,TIME,SRC,PACKET_SIZE,CUMULATIVE_PACKET_SIZE,PAGE_NUMBER,TOTAL_PACKET_SIZE
0,0.0,74.125.24.0-255,148,148,73,258815
1,1.6e-05,172.31.40.0-255,66,214,73,258815
2,2.2e-05,74.125.24.0-255,1484,1698,73,258815
3,2.8e-05,172.31.40.0-255,66,1764,73,258815
4,3.4e-05,74.125.24.0-255,2902,4666,73,258815
5,3.8e-05,172.31.40.0-255,66,4732,73,258815
6,4.3e-05,74.125.24.0-255,4320,9052,73,258815
7,4.6e-05,172.31.40.0-255,66,9118,73,258815
8,6.8e-05,74.125.24.0-255,2902,12020,73,258815
9,7.1e-05,172.31.40.0-255,66,12086,73,258815
10,9.6e-05,172.31.40.0-255,66,12152,73,258815
11,0.00012,74.125.24.0-255,6393,18545,73,258815
12,0.000122,172.31.40.0-255,66,18611,73,258815
13,0.000126,74.125.24.0-255,2543,21154,73,258815
14,0.000128,172.31.40.0-255,66,21220,73,258815
15,0.000209,74.125.24.0-255,1484,22704,73,258815
16,0.000212,172.31.40.0-255,66,22770,73,258815
17,0.000218,74.125.24.0-255,2902,25672,73,258815
18,0.00022,172.31.40.0-255,66,25738,73,258815
19,0.000223,74.125.24.0-255,1484,27222,73,258815
20,0.000225,172.31.40.0-255,66,27288,73,258815
21,0.000242,74.125.24.0-255,4320,31608,73,258815
22,0.000244,172.31.40.0-255,66,31674,73,258815
23,0.000275,172.31.40.0-255,66,31740,73,258815
24,0.000282,74.125.24.0-255,7156,38896,73,258815
25,0.000285,172.31.40.0-255,66,38962,73,258815
26,0.00033,74.125.24.0-255,2869,41831,73,258815
27,0.000332,172.31.40.0-255,66,41897,73,258815
28,0.000398,74.125.24.0-255,352,42249,73,258815
29,0.000401,172.31.40.0-255,66,42315,73,258815
30,0.000794,74.125.24.0-255,1484,43799,73,258815
31,0.000801,74.125.24.0-255,2902,46701,73,258815
32,0.000805,172.31.40.0-255,66,46767,73,258815
33,0.000812,74.125.24.0-255,4320,51087,73,258815
34,0.000815,172.31.40.0-255,66,51153,73,258815
35,0.00083,74.125.24.0-255,1484,52637,73,258815
36,0.000843,172.31.40.0-255,66,52703,73,258815
37,0.000882,74.125.24.0-255,2902,55605,73,258815
38,0.000887,172.31.40.0-255,66,55671,73,258815
39,0.000905,172.31.40.0-255,66,55737,73,258815
40,0.001251,74.125.24.0-255,1484,57221,73,258815
41,0.001258,74.125.24.0-255,2902,60123,73,258815
42,0.001261,172.31.40.0-255,66,60189,73,258815
43,0.001268,74.125.24.0-255,5738,65927,73,258815
44,0.00127,172.31.40.0-255,66,65993,73,258815
45,0.001286,74.125.24.0-255,5738,71731,73,258815
46,0.001288,172.31.40.0-255,66,71797,73,258815
47,0.001305,74.125.24.0-255,4320,76117,73,258815
48,0.001307,172.31.40.0-255,66,76183,73,258815
49,0.001355,172.31.40.0-255,66,76249,73,258815
50,0.001453,74.125.24.0-255,1484,77733,73,258815
51,0.001459,74.125.24.0-255,2902,80635,73,258815
52,0.001462,172.31.40.0-255,66,80701,73,258815
53,0.001479,74.125.24.0-255,1484,82185,73,258815
54,0.001496,74.125.24.0-255,4320,86505,73,258815
55,0.001499,172.31.40.0-255,66,86571,73,258815
56,0.001511,172.31.40.0-255,66,86637,73,258815
57,0.001549,172.31.40.0-255,66,86703,73,258815
58,0.001562,172.31.40.0-255,66,86769,73,258815
59,0.001609,172.31.40.0-255,66,86835,73,258815
60,0.001636,172.31.40.0-255,66,86901,73,258815
61,0.001695,74.125.24.0-255,1484,88385,73,258815
62,0.001716,74.125.24.0-255,2902,91287,73,258815
63,0.001719,172.31.40.0-255,66,91353,73,258815
64,0.001726,74.125.24.0-255,5738,97091,73,258815
65,0.001729,172.31.40.0-255,66,97157,73,258815
66,0.001731,74.125.24.0-255,1484,98641,73,258815
67,0.001768,172.31.40.0-255,66,98707,73,258815
68,0.001787,74.125.24.0-255,2902,101609,73,258815
69,0.00179,172.31.40.0-255,66,101675,73,258815
70,0.00182,172.31.40.0-255,66,101741,73,258815
71,0.001888,74.125.24.0-255,1484,103225,73,258815
72,0.001892,74.125.24.0-255,1484,104709,73,258815
73,0.001894,172.31.40.0-255,66,104775,73,258815
74,0.001906,74.125.24.0-255,1484,106259,73,258815
75,0.001913,74.125.24.0-255,5738,111997,73,258815
76,0.001916,172.31.40.0-255,66,112063,73,258815
77,0.001978,172.31.40.0-255,66,112129,73,258815
78,0.001985,74.125.24.0-255,7156,119285,73,258815
79,0.001988,172.31.40.0-255,66,119351,73,258815
80,0.001992,74.125.24.0-255,3602,122953,73,258815
81,0.001995,172.31.40.0-255,66,123019,73,258815
82,0.002435,74.125.24.0-255,1484,124503,73,258815
83,0.00244,74.125.24.0-255,1484,125987,73,258815
84,0.002444,172.31.40.0-255,66,126053,73,258815
85,0.002458,74.125.24.0-255,1484,127537,73,258815
86,0.002465,74.125.24.0-255,5738,133275,73,258815
87,0.002467,172.31.40.0-255,66,133341,73,258815
88,0.002506,74.125.24.0-255,7156,140497,73,258815
89,0.00251,172.31.40.0-255,66,140563,73,258815
90,0.002522,74.125.24.0-255,2902,143465,73,258815
91,0.002525,172.31.40.0-255,66,143531,73,258815
92,0.00253,74.125.24.0-255,4320,147851,73,258815
93,0.002532,172.31.40.0-255,66,147917,73,258815
94,0.005042,74.125.24.0-255,5738,153655,73,258815
95,0.00505,172.31.40.0-255,66,153721,73,258815
96,0.007577,74.125.24.0-255,5738,159459,73,258815
97,0.007584,172.31.40.0-255,66,159525,73,258815
98,0.010121,74.125.24.0-255,5738,165263,73,258815
99,0.01013,172.31.40.0-255,66,165329,73,258815
100,0.012664,74.125.24.0-255,5738,171067,73,258815
101,0.01267,172.31.40.0-255,66,171133,73,258815
102,0.015188,74.125.24.0-255,5738,176871,73,258815
103,0.0152,172.31.40.0-255,66,176937,73,258815
104,0.017762,74.125.24.0-255,5738,182675,73,258815
105,0.017781,172.31.40.0-255,66,182741,73,258815
106,0.020324,74.125.24.0-255,5738,188479,73,258815
107,0.020337,172.31.40.0-255,66,188545,73,258815
108,0.022891,74.125.24.0-255,5738,194283,73,258815
109,0.022902,172.31.40.0-255,66,194349,73,258815
110,0.025433,74.125.24.0-255,5738,200087,73,258815
111,0.025452,172.31.40.0-255,66,200153,73,258815
112,0.027975,74.125.24.0-255,5738,205891,73,258815
113,0.027982,172.31.40.0-255,66,205957,73,258815
114,0.030494,74.125.24.0-255,5738,211695,73,258815
115,0.030504,172.31.40.0-255,66,211761,73,258815
116,0.03303,74.125.24.0-255,5738,217499,73,258815
117,0.033037,172.31.40.0-255,66,217565,73,258815
118,0.03558,74.125.24.0-255,5738,223303,73,258815
119,0.035596,172.31.40.0-255,66,223369,73,258815
120,0.038125,74.125.24.0-255,5738,229107,73,258815
121,0.038133,172.31.40.0-255,66,229173,73,258815
122,0.040656,74.125.24.0-255,5738,234911,73,258815
123,0.040669,172.31.40.0-255,66,234977,73,258815
124,0.043207,74.125.24.0-255,5738,240715,73,258815
125,0.043222,172.31.40.0-255,66,240781,73,258815
126,0.045769,74.125.24.0-255,5738,246519,73,258815
127,0.045785,172.31.40.0-255,66,246585,73,258815
128,0.047159,172.31.40.0-255,172,246757,73,258815
129,0.047186,172.31.40.0-255,1116,247873,73,258815
130,0.047242,172.31.40.0-255,1514,249387,73,258815
131,0.047243,172.31.40.0-255,1514,250901,73,258815
132,0.047244,172.31.40.0-255,1514,252415,73,258815
133,0.047245,172.31.40.0-255,158,252573,73,258815
134,0.048344,74.125.24.0-255,5738,258311,73,258815
135,0.048351,172.31.40.0-255,66,258377,73,258815
136,0.048676,104.244.42.0-255,66,258443,73,258815
137,0.048738,104.244.42.0-255,66,258509,73,258815
138,0.048786,104.244.42.0-255,66,258575,73,258815
139,0.04879,104.244.42.0-255,66,258641,73,258815
140,0.049414,104.244.42.0-255,108,258749,73,258815
141,0.04942,172.31.40.0-255,66,258815,73,258815
142,0.0,172.217.194.0-255,152,152,73,279907
143,2.2e-05,172.31.40.0-255,66,218,73,279907
144,2.9e-05,172.217.194.0-255,1484,1702,73,279907
145,3.4e-05,172.31.40.0-255,66,1768,73,279907
146,4e-05,172.217.194.0-255,2902,4670,73,279907
147,4.3e-05,172.31.40.0-255,66,4736,73,279907
148,5.7e-05,172.217.194.0-255,2902,7638,73,279907
149,6e-05,172.31.40.0-255,66,7704,73,279907
150,8.1e-05,172.217.194.0-255,1484,9188,73,279907
151,8.4e-05,172.31.40.0-255,66,9254,73,279907
152,8.9e-05,172.217.194.0-255,4828,14082,73,279907
153,9.2e-05,172.31.40.0-255,66,14148,73,279907
154,0.000101,172.31.40.0-255,66,14214,73,279907
155,0.000129,172.217.194.0-255,1484,15698,73,279907
156,0.000131,172.31.40.0-255,66,15764,73,279907
157,0.000137,172.217.194.0-255,5379,21143,73,279907
158,0.00014,172.31.40.0-255,66,21209,73,279907
159,0.000167,172.217.194.0-255,1484,22693,73,279907
160,0.000168,172.31.40.0-255,66,22759,73,279907
161,0.000171,172.217.194.0-255,1484,24243,73,279907
162,0.000173,172.31.40.0-255,66,24309,73,279907
163,0.000191,172.217.194.0-255,1484,25793,73,279907
164,0.000193,172.31.40.0-255,66,25859,73,279907
165,0.000199,172.217.194.0-255,5738,31597,73,279907
166,0.000201,172.31.40.0-255,66,31663,73,279907
167,0.000207,172.217.194.0-255,6797,38460,73,279907
168,0.000209,172.31.40.0-255,66,38526,73,279907
169,0.000229,172.217.194.0-255,2902,41428,73,279907
170,0.000231,172.31.40.0-255,66,41494,73,279907
171,0.000258,172.31.40.0-255,66,41560,73,279907
172,0.000262,172.217.194.0-255,2866,44426,73,279907
173,0.000264,172.31.40.0-255,66,44492,73,279907
174,0.000304,172.217.194.0-255,1484,45976,73,279907
175,0.00031,172.217.194.0-255,2902,48878,73,279907
176,0.000313,172.31.40.0-255,66,48944,73,279907
177,0.000337,172.217.194.0-255,5738,54682,73,279907
178,0.000339,172.31.40.0-255,66,54748,73,279907
179,0.000341,172.217.194.0-255,1484,56232,73,279907
180,0.000367,172.31.40.0-255,66,56298,73,279907
181,0.000374,172.217.194.0-255,7156,63454,73,279907
182,0.000376,172.31.40.0-255,66,63520,73,279907
183,0.000395,172.217.194.0-255,2260,65780,73,279907
184,0.000397,172.31.40.0-255,66,65846,73,279907
185,0.000573,172.217.194.0-255,1484,67330,73,279907
186,0.000578,172.217.194.0-255,1484,68814,73,279907
187,0.000581,172.31.40.0-255,66,68880,73,279907
188,0.000603,172.217.194.0-255,1484,70364,73,279907
189,0.000609,172.217.194.0-255,5738,76102,73,279907
190,0.000612,172.31.40.0-255,66,76168,73,279907
191,0.000617,172.217.194.0-255,4320,80488,73,279907
192,0.000619,172.31.40.0-255,66,80554,73,279907
193,0.000643,172.31.40.0-255,66,80620,73,279907
194,0.000653,172.31.40.0-255,66,80686,73,279907
195,0.000655,172.217.194.0-255,766,81452,73,279907
196,0.001158,172.217.194.0-255,1484,82936,73,279907
197,0.001163,172.31.40.0-255,66,83002,73,279907
198,0.001169,172.217.194.0-255,2902,85904,73,279907
199,0.001171,172.31.40.0-255,66,85970,73,279907
200,0.001177,172.217.194.0-255,5738,91708,73,279907
201,0.001179,172.31.40.0-255,66,91774,73,279907
202,0.00121,172.31.40.0-255,66,91840,73,279907
203,0.001229,172.217.194.0-255,4320,96160,73,279907
204,0.001231,172.31.40.0-255,66,96226,73,279907
205,0.001251,172.31.40.0-255,66,96292,73,279907
206,0.001642,172.217.194.0-255,1484,97776,73,279907
207,0.001649,172.217.194.0-255,2902,100678,73,279907
208,0.001652,172.31.40.0-255,66,100744,73,279907
209,0.00166,172.217.194.0-255,5738,106482,73,279907
210,0.001662,172.31.40.0-255,66,106548,73,279907
211,0.001706,172.31.40.0-255,66,106614,73,279907
212,0.001709,172.217.194.0-255,1484,108098,73,279907
213,0.001774,172.31.40.0-255,66,108164,73,279907
214,0.00178,172.217.194.0-255,4320,112484,73,279907
215,0.001782,172.31.40.0-255,66,112550,73,279907
216,0.001793,172.217.194.0-255,1484,114034,73,279907
217,0.001815,172.217.194.0-255,4320,118354,73,279907
218,0.001818,172.31.40.0-255,66,118420,73,279907
219,0.001829,172.31.40.0-255,66,118486,73,279907
220,0.00185,172.217.194.0-255,1484,119970,73,279907
221,0.00186,172.31.40.0-255,66,120036,73,279907
222,0.001882,172.217.194.0-255,3602,123638,73,279907
223,0.001884,172.31.40.0-255,66,123704,73,279907
224,0.001905,172.217.194.0-255,4320,128024,73,279907
225,0.001907,172.31.40.0-255,66,128090,73,279907
226,0.001926,172.217.194.0-255,5738,133828,73,279907
227,0.001928,172.31.40.0-255,66,133894,73,279907
228,0.001949,172.217.194.0-255,4320,138214,73,279907
229,0.001951,172.31.40.0-255,66,138280,73,279907
230,0.001961,172.217.194.0-255,5738,144018,73,279907
231,0.001963,172.31.40.0-255,66,144084,73,279907
232,0.002011,172.31.40.0-255,66,144150,73,279907
233,0.002068,172.217.194.0-255,1484,145634,73,279907
234,0.002072,172.217.194.0-255,1484,147118,73,279907
235,0.002074,172.31.40.0-255,66,147184,73,279907
236,0.002091,172.217.194.0-255,1484,148668,73,279907
237,0.002098,172.217.194.0-255,5738,154406,73,279907
238,0.0021,172.31.40.0-255,66,154472,73,279907
239,0.002121,172.217.194.0-255,4320,158792,73,279907
240,0.002124,172.31.40.0-255,66,158858,73,279907
241,0.002151,172.31.40.0-255,66,158924,73,279907
242,0.002164,172.31.40.0-255,66,158990,73,279907
243,0.002205,172.217.194.0-255,1484,160474,73,279907
244,0.00221,172.217.194.0-255,2902,163376,73,279907
245,0.002212,172.31.40.0-255,66,163442,73,279907
246,0.004351,172.217.194.0-255,1484,164926,73,279907
247,0.004381,172.217.194.0-255,4320,169246,73,279907
248,0.004384,172.31.40.0-255,66,169312,73,279907
249,0.006608,172.217.194.0-255,5738,175050,73,279907
250,0.006617,172.31.40.0-255,66,175116,73,279907
251,0.00882,172.217.194.0-255,5738,180854,73,279907
252,0.008825,172.31.40.0-255,66,180920,73,279907
253,0.011031,172.217.194.0-255,5738,186658,73,279907
254,0.011039,172.31.40.0-255,66,186724,73,279907
255,0.013248,172.217.194.0-255,5738,192462,73,279907
256,0.013255,172.31.40.0-255,66,192528,73,279907
257,0.015453,172.217.194.0-255,5738,198266,73,279907
258,0.01546,172.31.40.0-255,66,198332,73,279907
259,0.017666,172.217.194.0-255,5738,204070,73,279907
260,0.017675,172.31.40.0-255,66,204136,73,279907
261,0.019889,172.217.194.0-255,5738,209874,73,279907
262,0.019899,172.31.40.0-255,66,209940,73,279907
263,0.022108,172.217.194.0-255,5738,215678,73,279907
264,0.022118,172.31.40.0-255,66,215744,73,279907
265,0.024325,172.217.194.0-255,5738,221482,73,279907
266,0.024332,172.31.40.0-255,66,221548,73,279907
267,0.026548,172.217.194.0-255,5738,227286,73,279907
268,0.026558,172.31.40.0-255,66,227352,73,279907
269,0.028824,172.217.194.0-255,5738,233090,73,279907
270,0.02883,172.31.40.0-255,66,233156,73,279907
271,0.031023,172.217.194.0-255,5738,238894,73,279907
272,0.03103,172.31.40.0-255,66,238960,73,279907
273,0.033238,172.217.194.0-255,5738,244698,73,279907
274,0.033246,172.31.40.0-255,66,244764,73,279907
275,0.035427,172.217.194.0-255,5738,250502,73,279907
276,0.035435,172.31.40.0-255,66,250568,73,279907
277,0.03764,172.217.194.0-255,5738,256306,73,279907
278,0.037649,172.31.40.0-255,66,256372,73,279907
279,0.039867,172.217.194.0-255,5738,262110,73,279907
280,0.039874,172.31.40.0-255,66,262176,73,279907
281,0.04028,172.31.40.0-255,172,262348,73,279907
282,0.040307,172.31.40.0-255,1115,263463,73,279907
283,0.040369,172.31.40.0-255,1463,264926,73,279907
284,0.041868,104.244.42.0-255,66,264992,73,279907
285,0.041875,104.244.42.0-255,66,265058,73,279907
286,0.041953,104.244.42.0-255,66,265124,73,279907
287,0.042079,172.217.194.0-255,5738,270862,73,279907
288,0.042088,172.31.40.0-255,66,270928,73,279907
289,0.04431,172.217.194.0-255,5738,276666,73,279907
290,0.044318,172.31.40.0-255,66,276732,73,279907
291,0.046532,172.217.194.0-255,2938,279670,73,279907
292,0.046538,172.31.40.0-255,66,279736,73,279907
293,0.046689,172.31.40.0-255,105,279841,73,279907
294,0.048901,172.217.194.0-255,66,279907,73,279907
295,0.0,172.217.26.0-255,153,153,73,276459
296,2.4e-05,172.31.40.0-255,66,219,73,276459
297,3.2e-05,172.217.26.0-255,1484,1703,73,276459
298,3.8e-05,172.31.40.0-255,66,1769,73,276459
299,5.3e-05,172.217.26.0-255,2902,4671,73,276459
300,5.6e-05,172.31.40.0-255,66,4737,73,276459
301,6.3e-05,172.217.26.0-255,7156,11893,73,276459
302,6.6e-05,172.31.40.0-255,66,11959,73,276459
303,7e-05,172.217.26.0-255,2030,13989,73,276459
304,7.3e-05,172.31.40.0-255,66,14055,73,276459
305,0.000118,172.217.26.0-255,1484,15539,73,276459
306,0.000121,172.31.40.0-255,66,15605,73,276459
307,0.000126,172.217.26.0-255,2902,18507,73,276459
308,0.000129,172.31.40.0-255,66,18573,73,276459
309,0.000135,172.217.26.0-255,5738,24311,73,276459
310,0.000138,172.31.40.0-255,66,24377,73,276459
311,0.000175,172.217.26.0-255,6797,31174,73,276459
312,0.000178,172.31.40.0-255,66,31240,73,276459
313,0.000413,172.217.26.0-255,1484,32724,73,276459
314,0.000419,172.31.40.0-255,66,32790,73,276459
315,0.000425,172.217.26.0-255,2902,35692,73,276459
316,0.000427,172.31.40.0-255,66,35758,73,276459
317,0.000439,172.217.26.0-255,5738,41496,73,276459
318,0.000442,172.31.40.0-255,66,41562,73,276459
319,0.000445,172.217.26.0-255,1484,43046,73,276459
320,0.000447,172.31.40.0-255,66,43112,73,276459
321,0.000493,172.31.40.0-255,66,43178,73,276459
322,0.000524,172.31.40.0-255,66,43244,73,276459
323,0.000584,172.217.26.0-255,396,43640,73,276459
324,0.000587,172.31.40.0-255,66,43706,73,276459
325,0.000999,172.217.26.0-255,346,44052,73,276459
326,0.001098,172.31.40.0-255,66,44118,73,276459
327,0.001113,172.217.26.0-255,1484,45602,73,276459
328,0.001123,172.217.26.0-255,2902,48504,73,276459
329,0.001125,172.31.40.0-255,66,48570,73,276459
330,0.001132,172.217.26.0-255,5738,54308,73,276459
331,0.001134,172.31.40.0-255,66,54374,73,276459
332,0.001164,172.217.26.0-255,6797,61171,73,276459
333,0.001169,172.31.40.0-255,66,61237,73,276459
334,0.001207,172.217.26.0-255,7156,68393,73,276459
335,0.00121,172.31.40.0-255,66,68459,73,276459
336,0.001216,172.217.26.0-255,4320,72779,73,276459
337,0.001218,172.31.40.0-255,66,72845,73,276459
338,0.001259,172.217.26.0-255,2902,75747,73,276459
339,0.001262,172.31.40.0-255,66,75813,73,276459
340,0.001292,172.217.26.0-255,2543,78356,73,276459
341,0.001295,172.31.40.0-255,66,78422,73,276459
342,0.001347,172.217.26.0-255,1484,79906,73,276459
343,0.001351,172.217.26.0-255,1484,81390,73,276459
344,0.001353,172.31.40.0-255,66,81456,73,276459
345,0.001381,172.217.26.0-255,1484,82940,73,276459
346,0.001387,172.217.26.0-255,4320,87260,73,276459
347,0.00139,172.31.40.0-255,66,87326,73,276459
348,0.001423,172.31.40.0-255,66,87392,73,276459
349,0.001426,172.217.26.0-255,1484,88876,73,276459
350,0.001432,172.217.26.0-255,4320,93196,73,276459
351,0.001434,172.31.40.0-255,66,93262,73,276459
352,0.001466,172.217.26.0-255,7156,100418,73,276459
353,0.001468,172.31.40.0-255,66,100484,73,276459
354,0.001474,172.217.26.0-255,3602,104086,73,276459
355,0.001477,172.31.40.0-255,66,104152,73,276459
356,0.001504,172.217.26.0-255,1484,105636,73,276459
357,0.001508,172.217.26.0-255,1484,107120,73,276459
358,0.001511,172.31.40.0-255,66,107186,73,276459
359,0.001544,172.217.26.0-255,1484,108670,73,276459
360,0.001551,172.217.26.0-255,5738,114408,73,276459
361,0.001554,172.31.40.0-255,66,114474,73,276459
362,0.001567,172.31.40.0-255,66,114540,73,276459
363,0.001583,172.31.40.0-255,66,114606,73,276459
364,0.001605,172.217.26.0-255,766,115372,73,276459
365,0.00188,172.217.26.0-255,1484,116856,73,276459
366,0.001885,172.31.40.0-255,66,116922,73,276459
367,0.00189,172.217.26.0-255,2902,119824,73,276459
368,0.001892,172.31.40.0-255,66,119890,73,276459
369,0.001931,172.217.26.0-255,1484,121374,73,276459
370,0.00196,172.217.26.0-255,4320,125694,73,276459
371,0.001963,172.31.40.0-255,66,125760,73,276459
372,0.001974,172.31.40.0-255,66,125826,73,276459
373,0.001985,172.31.40.0-255,66,125892,73,276459
374,0.001991,172.217.26.0-255,5020,130912,73,276459
375,0.001994,172.31.40.0-255,66,130978,73,276459
376,0.003973,172.217.26.0-255,5738,136716,73,276459
377,0.00398,172.31.40.0-255,66,136782,73,276459
378,0.00595,172.217.26.0-255,5738,142520,73,276459
379,0.005954,172.31.40.0-255,66,142586,73,276459
380,0.007924,172.217.26.0-255,5738,148324,73,276459
381,0.007931,172.31.40.0-255,66,148390,73,276459
382,0.009902,172.217.26.0-255,5738,154128,73,276459
383,0.009909,172.31.40.0-255,66,154194,73,276459
384,0.011884,172.217.26.0-255,5738,159932,73,276459
385,0.011892,172.31.40.0-255,66,159998,73,276459
386,0.013863,172.217.26.0-255,5738,165736,73,276459
387,0.013871,172.31.40.0-255,66,165802,73,276459
388,0.015846,172.217.26.0-255,5738,171540,73,276459
389,0.015855,172.31.40.0-255,66,171606,73,276459
390,0.017828,172.217.26.0-255,5738,177344,73,276459
391,0.017837,172.31.40.0-255,66,177410,73,276459
392,0.019814,172.217.26.0-255,5738,183148,73,276459
393,0.019821,172.31.40.0-255,66,183214,73,276459
394,0.021815,172.217.26.0-255,5738,188952,73,276459
395,0.021831,172.31.40.0-255,66,189018,73,276459
396,0.023809,172.217.26.0-255,5738,194756,73,276459
397,0.023822,172.31.40.0-255,66,194822,73,276459
398,0.025813,172.217.26.0-255,5738,200560,73,276459
399,0.025828,172.31.40.0-255,66,200626,73,276459
400,0.027812,172.217.26.0-255,5738,206364,73,276459
401,0.027824,172.31.40.0-255,66,206430,73,276459
402,0.029803,172.217.26.0-255,5738,212168,73,276459
403,0.029812,172.31.40.0-255,66,212234,73,276459
404,0.031784,172.217.26.0-255,5738,217972,73,276459
405,0.031792,172.31.40.0-255,66,218038,73,276459
406,0.033784,172.217.26.0-255,5738,223776,73,276459
407,0.033799,172.31.40.0-255,66,223842,73,276459
408,0.035777,172.217.26.0-255,5738,229580,73,276459
409,0.035784,172.31.40.0-255,66,229646,73,276459
410,0.037781,172.217.26.0-255,5738,235384,73,276459
411,0.037798,172.31.40.0-255,66,235450,73,276459
412,0.039773,172.217.26.0-255,5738,241188,73,276459
413,0.039787,172.31.40.0-255,66,241254,73,276459
414,0.041775,172.217.26.0-255,5738,246992,73,276459
415,0.041784,172.31.40.0-255,66,247058,73,276459
416,0.043755,172.217.26.0-255,5738,252796,73,276459
417,0.043762,172.31.40.0-255,66,252862,73,276459
418,0.045758,172.217.26.0-255,5738,258600,73,276459
419,0.045774,172.31.40.0-255,66,258666,73,276459
420,0.047759,172.217.26.0-255,5738,264404,73,276459
421,0.047766,172.31.40.0-255,66,264470,73,276459
422,0.049313,172.31.40.0-255,172,264642,73,276459
423,0.04934,172.31.40.0-255,1115,265757,73,276459
424,0.049393,172.31.40.0-255,1514,267271,73,276459
425,0.049394,172.31.40.0-255,1514,268785,73,276459
426,0.049395,172.31.40.0-255,1514,270299,73,276459
427,0.049396,172.31.40.0-255,356,270655,73,276459
428,0.049742,172.217.26.0-255,5738,276393,73,276459
429,0.049748,172.31.40.0-255,66,276459,73,276459
430,0.0,74.125.24.0-255,289,289,73,215334
431,3.4e-05,172.31.40.0-255,66,355,73,215334
432,4.1e-05,74.125.24.0-255,1484,1839,73,215334
433,4.5e-05,172.31.40.0-255,66,1905,73,215334
434,5e-05,74.125.24.0-255,4320,6225,73,215334
435,5.3e-05,172.31.40.0-255,66,6291,73,215334
436,6.7e-05,74.125.24.0-255,1484,7775,73,215334
437,6.9e-05,172.31.40.0-255,66,7841,73,215334
438,9e-05,74.125.24.0-255,6192,14033,73,215334
439,9.5e-05,172.31.40.0-255,66,14099,73,215334
440,0.000125,74.125.24.0-255,1484,15583,73,215334
441,0.000127,172.31.40.0-255,66,15649,73,215334
442,0.000142,74.125.24.0-255,2902,18551,73,215334
443,0.000144,172.31.40.0-255,66,18617,73,215334
444,0.000175,74.125.24.0-255,5738,24355,73,215334
445,0.000178,172.31.40.0-255,66,24421,73,215334
446,0.000188,74.125.24.0-255,6797,31218,73,215334
447,0.00019,172.31.40.0-255,66,31284,73,215334
448,0.000211,74.125.24.0-255,1484,32768,73,215334
449,0.000214,172.31.40.0-255,66,32834,73,215334
450,0.000259,74.125.24.0-255,2902,35736,73,215334
451,0.000262,172.31.40.0-255,66,35802,73,215334
452,0.000268,74.125.24.0-255,5738,41540,73,215334
453,0.00027,172.31.40.0-255,66,41606,73,215334
454,0.000277,74.125.24.0-255,5738,47344,73,215334
455,0.00028,172.31.40.0-255,66,47410,73,215334
456,0.000297,74.125.24.0-255,1125,48535,73,215334
457,0.0003,172.31.40.0-255,66,48601,73,215334
458,0.001662,74.125.24.0-255,1484,50085,73,215334
459,0.001668,172.31.40.0-255,66,50151,73,215334
460,0.001678,74.125.24.0-255,2902,53053,73,215334
461,0.001681,172.31.40.0-255,66,53119,73,215334
462,0.001687,74.125.24.0-255,5738,58857,73,215334
463,0.001689,172.31.40.0-255,66,58923,73,215334
464,0.001742,74.125.24.0-255,4320,63243,73,215334
465,0.001745,172.31.40.0-255,66,63309,73,215334
466,0.001761,74.125.24.0-255,2543,65852,73,215334
467,0.001764,172.31.40.0-255,66,65918,73,215334
468,0.002035,74.125.24.0-255,1484,67402,73,215334
469,0.002045,74.125.24.0-255,2902,70304,73,215334
470,0.002048,172.31.40.0-255,66,70370,73,215334
471,0.002055,74.125.24.0-255,5738,76108,73,215334
472,0.002057,172.31.40.0-255,66,76174,73,215334
473,0.002096,172.31.40.0-255,66,76240,73,215334
474,0.002107,172.31.40.0-255,66,76306,73,215334
475,0.002178,74.125.24.0-255,1484,77790,73,215334
476,0.002183,74.125.24.0-255,2902,80692,73,215334
477,0.002186,172.31.40.0-255,66,80758,73,215334
478,0.002189,74.125.24.0-255,1484,82242,73,215334
479,0.002209,74.125.24.0-255,4320,86562,73,215334
480,0.002212,172.31.40.0-255,66,86628,73,215334
481,0.002221,74.125.24.0-255,2902,89530,73,215334
482,0.002222,172.31.40.0-255,66,89596,73,215334
483,0.00226,172.31.40.0-255,66,89662,73,215334
484,0.002272,172.31.40.0-255,66,89728,73,215334
485,0.002296,74.125.24.0-255,2902,92630,73,215334
486,0.002298,172.31.40.0-255,66,92696,73,215334
487,0.004536,74.125.24.0-255,2902,95598,73,215334
488,0.004541,172.31.40.0-255,66,95664,73,215334
489,0.004563,74.125.24.0-255,2902,98566,73,215334
490,0.004566,172.31.40.0-255,66,98632,73,215334
491,0.006822,74.125.24.0-255,5738,104370,73,215334
492,0.006828,172.31.40.0-255,66,104436,73,215334
493,0.009115,74.125.24.0-255,5738,110174,73,215334
494,0.009123,172.31.40.0-255,66,110240,73,215334
495,0.011402,74.125.24.0-255,5738,115978,73,215334
496,0.011411,172.31.40.0-255,66,116044,73,215334
497,0.013682,74.125.24.0-255,5738,121782,73,215334
498,0.013693,172.31.40.0-255,66,121848,73,215334
499,0.015995,74.125.24.0-255,5738,127586,73,215334
500,0.016003,172.31.40.0-255,66,127652,73,215334
501,0.01827,74.125.24.0-255,5738,133390,73,215334
502,0.018282,172.31.40.0-255,66,133456,73,215334
503,0.020566,74.125.24.0-255,5738,139194,73,215334
504,0.020573,172.31.40.0-255,66,139260,73,215334
505,0.022843,74.125.24.0-255,5738,144998,73,215334
506,0.02285,172.31.40.0-255,66,145064,73,215334
507,0.024364,172.31.40.0-255,172,145236,73,215334
508,0.024411,172.31.40.0-255,1116,146352,73,215334
509,0.024487,172.31.40.0-255,1514,147866,73,215334
510,0.024489,172.31.40.0-255,1514,149380,73,215334
511,0.024491,172.31.40.0-255,1514,150894,73,215334
512,0.024491,172.31.40.0-255,158,151052,73,215334
513,0.02513,74.125.24.0-255,5738,156790,73,215334
514,0.025136,172.31.40.0-255,66,156856,73,215334
515,0.025929,104.244.42.0-255,66,156922,73,215334
516,0.025936,104.244.42.0-255,66,156988,73,215334
517,0.026051,104.244.42.0-255,66,157054,73,215334
518,0.026056,104.244.42.0-255,66,157120,73,215334
519,0.026697,104.244.42.0-255,108,157228,73,215334
520,0.026701,172.31.40.0-255,66,157294,73,215334
521,0.027395,74.125.24.0-255,5738,163032,73,215334
522,0.027399,172.31.40.0-255,66,163098,73,215334
523,0.029656,74.125.24.0-255,5738,168836,73,215334
524,0.029661,172.31.40.0-255,66,168902,73,215334
525,0.031961,74.125.24.0-255,5738,174640,73,215334
526,0.031967,172.31.40.0-255,66,174706,73,215334
527,0.034269,74.125.24.0-255,5738,180444,73,215334
528,0.034274,172.31.40.0-255,66,180510,73,215334
529,0.036557,74.125.24.0-255,5738,186248,73,215334
530,0.036563,172.31.40.0-255,66,186314,73,215334
531,0.038812,74.125.24.0-255,5738,192052,73,215334
532,0.038817,172.31.40.0-255,66,192118,73,215334
533,0.041096,74.125.24.0-255,5738,197856,73,215334
534,0.041102,172.31.40.0-255,66,197922,73,215334
535,0.043388,74.125.24.0-255,5738,203660,73,215334
536,0.043408,172.31.40.0-255,66,203726,73,215334
537,0.045694,74.125.24.0-255,5738,209464,73,215334
538,0.045699,172.31.40.0-255,66,209530,73,215334
539,0.04801,74.125.24.0-255,5738,215268,73,215334
540,0.048035,172.31.40.0-255,66,215334,73,215334
541,0.0,74.125.200.0-255,146,146,73,324882
542,1.1e-05,172.31.40.0-255,66,212,73,324882
543,3.5e-05,74.125.200.0-255,1484,1696,73,324882
544,3.8e-05,172.31.40.0-255,66,1762,73,324882
545,6.9e-05,74.125.200.0-255,2902,4664,73,324882
546,7.1e-05,172.31.40.0-255,66,4730,73,324882
547,8.4e-05,74.125.200.0-255,2902,7632,73,324882
548,8.7e-05,172.31.40.0-255,66,7698,73,324882
549,9.8e-05,74.125.200.0-255,1484,9182,73,324882
550,0.000101,172.31.40.0-255,66,9248,73,324882
551,0.000118,74.125.200.0-255,2902,12150,73,324882
552,0.00012,172.31.40.0-255,66,12216,73,324882
553,0.000134,74.125.200.0-255,2023,14239,73,324882
554,0.000136,172.31.40.0-255,66,14305,73,324882
555,0.000293,74.125.200.0-255,1484,15789,73,324882
556,0.000299,172.31.40.0-255,66,15855,73,324882
557,0.000315,74.125.200.0-255,1484,17339,73,324882
558,0.000318,172.31.40.0-255,66,17405,73,324882
559,0.000338,74.125.200.0-255,2902,20307,73,324882
560,0.00034,172.31.40.0-255,66,20373,73,324882
561,0.000344,74.125.200.0-255,2902,23275,73,324882
562,0.000346,172.31.40.0-255,66,23341,73,324882
563,0.000364,74.125.200.0-255,2902,26243,73,324882
564,0.000366,172.31.40.0-255,66,26309,73,324882
565,0.000384,74.125.200.0-255,1484,27793,73,324882
566,0.000386,172.31.40.0-255,66,27859,73,324882
567,0.000406,74.125.200.0-255,3961,31820,73,324882
568,0.000409,172.31.40.0-255,66,31886,73,324882
569,0.000517,74.125.200.0-255,1484,33370,73,324882
570,0.000521,172.31.40.0-255,66,33436,73,324882
571,0.000525,74.125.200.0-255,2902,36338,73,324882
572,0.000527,172.31.40.0-255,66,36404,73,324882
573,0.000547,74.125.200.0-255,1484,37888,73,324882
574,0.000561,74.125.200.0-255,4320,42208,73,324882
575,0.000564,172.31.40.0-255,66,42274,73,324882
576,0.000566,74.125.200.0-255,1484,43758,73,324882
577,0.000585,74.125.200.0-255,1484,45242,73,324882
578,0.000587,172.31.40.0-255,66,45308,73,324882
579,0.000592,74.125.200.0-255,3961,49269,73,324882
580,0.000594,172.31.40.0-255,66,49335,73,324882
581,0.000606,74.125.200.0-255,2902,52237,73,324882
582,0.000609,172.31.40.0-255,66,52303,73,324882
583,0.000632,74.125.200.0-255,5738,58041,73,324882
584,0.000635,172.31.40.0-255,66,58107,73,324882
585,0.000638,74.125.200.0-255,2902,61009,73,324882
586,0.00064,172.31.40.0-255,66,61075,73,324882
587,0.000669,74.125.200.0-255,1484,62559,73,324882
588,0.000683,74.125.200.0-255,4233,66792,73,324882
589,0.000686,172.31.40.0-255,66,66858,73,324882
590,0.000707,74.125.200.0-255,134,66992,73,324882
591,0.000754,74.125.200.0-255,1484,68476,73,324882
592,0.000758,172.31.40.0-255,66,68542,73,324882
593,0.00077,74.125.200.0-255,1484,70026,73,324882
594,0.000774,74.125.200.0-255,2902,72928,73,324882
595,0.000776,172.31.40.0-255,66,72994,73,324882
596,0.000801,74.125.200.0-255,5738,78732,73,324882
597,0.000804,172.31.40.0-255,66,78798,73,324882
598,0.000832,74.125.200.0-255,2902,81700,73,324882
599,0.000835,172.31.40.0-255,66,81766,73,324882
600,0.000856,74.125.200.0-255,4320,86086,73,324882
601,0.000858,172.31.40.0-255,66,86152,73,324882
602,0.000868,172.31.40.0-255,66,86218,73,324882
603,0.000888,74.125.200.0-255,6438,92656,73,324882
604,0.00089,172.31.40.0-255,66,92722,73,324882
605,0.000929,74.125.200.0-255,347,93069,73,324882
606,0.000953,74.125.200.0-255,1484,94553,73,324882
607,0.000957,172.31.40.0-255,66,94619,73,324882
608,0.000972,74.125.200.0-255,2902,97521,73,324882
609,0.000974,172.31.40.0-255,66,97587,73,324882
610,0.000977,74.125.200.0-255,1484,99071,73,324882
611,0.000995,74.125.200.0-255,2902,101973,73,324882
612,0.000997,172.31.40.0-255,66,102039,73,324882
613,0.001014,74.125.200.0-255,2902,104941,73,324882
614,0.001016,172.31.40.0-255,66,105007,73,324882
615,0.001044,74.125.200.0-255,5738,110745,73,324882
616,0.001046,172.31.40.0-255,66,110811,73,324882
617,0.001061,74.125.200.0-255,4320,115131,73,324882
618,0.001064,172.31.40.0-255,66,115197,73,324882
619,0.001077,74.125.200.0-255,5738,120935,73,324882
620,0.001079,172.31.40.0-255,66,121001,73,324882
621,0.001085,74.125.200.0-255,5738,126739,73,324882
622,0.001087,172.31.40.0-255,66,126805,73,324882
623,0.001102,74.125.200.0-255,766,127571,73,324882
624,0.00123,74.125.200.0-255,1484,129055,73,324882
625,0.001234,172.31.40.0-255,66,129121,73,324882
626,0.001255,74.125.200.0-255,2902,132023,73,324882
627,0.001257,172.31.40.0-255,66,132089,73,324882
628,0.00126,74.125.200.0-255,1484,133573,73,324882
629,0.001278,74.125.200.0-255,4320,137893,73,324882
630,0.00128,172.31.40.0-255,66,137959,73,324882
631,0.001285,74.125.200.0-255,2902,140861,73,324882
632,0.001286,172.31.40.0-255,66,140927,73,324882
633,0.001309,74.125.200.0-255,5738,146665,73,324882
634,0.001312,172.31.40.0-255,66,146731,73,324882
635,0.001322,172.31.40.0-255,66,146797,73,324882
636,0.001338,74.125.200.0-255,1484,148281,73,324882
637,0.001341,74.125.200.0-255,1484,149765,73,324882
638,0.001343,172.31.40.0-255,66,149831,73,324882
639,0.001366,74.125.200.0-255,3602,153433,73,324882
640,0.001369,172.31.40.0-255,66,153499,73,324882
641,0.00154,74.125.200.0-255,1484,154983,73,324882
642,0.001554,74.125.200.0-255,1484,156467,73,324882
643,0.001557,172.31.40.0-255,66,156533,73,324882
644,0.001571,74.125.200.0-255,1484,158017,73,324882
645,0.001584,74.125.200.0-255,1484,159501,73,324882
646,0.001587,172.31.40.0-255,66,159567,73,324882
647,0.001592,74.125.200.0-255,2902,162469,73,324882
648,0.001594,172.31.40.0-255,66,162535,73,324882
649,0.001609,74.125.200.0-255,2902,165437,73,324882
650,0.001612,172.31.40.0-255,66,165503,73,324882
651,0.001624,74.125.200.0-255,2902,168405,73,324882
652,0.001626,172.31.40.0-255,66,168471,73,324882
653,0.001651,74.125.200.0-255,4320,172791,73,324882
654,0.001654,172.31.40.0-255,66,172857,73,324882
655,0.00166,74.125.200.0-255,4320,177177,73,324882
656,0.001661,172.31.40.0-255,66,177243,73,324882
657,0.001668,74.125.200.0-255,5738,182981,73,324882
658,0.00167,172.31.40.0-255,66,183047,73,324882
659,0.001698,74.125.200.0-255,5020,188067,73,324882
660,0.001701,172.31.40.0-255,66,188133,73,324882
661,0.001832,74.125.200.0-255,1484,189617,73,324882
662,0.001848,74.125.200.0-255,1484,191101,73,324882
663,0.001856,172.31.40.0-255,66,191167,73,324882
664,0.00186,74.125.200.0-255,1484,192651,73,324882
665,0.001865,74.125.200.0-255,4320,196971,73,324882
666,0.001867,172.31.40.0-255,66,197037,73,324882
667,0.001886,74.125.200.0-255,1484,198521,73,324882
668,0.001914,74.125.200.0-255,4320,202841,73,324882
669,0.001917,172.31.40.0-255,66,202907,73,324882
670,0.001942,172.31.40.0-255,66,202973,73,324882
671,0.001948,74.125.200.0-255,4320,207293,73,324882
672,0.00195,172.31.40.0-255,66,207359,73,324882
673,0.001979,172.31.40.0-255,66,207425,73,324882
674,0.001984,74.125.200.0-255,4320,211745,73,324882
675,0.001986,172.31.40.0-255,66,211811,73,324882
676,0.002009,74.125.200.0-255,1484,213295,73,324882
677,0.002058,172.31.40.0-255,66,213361,73,324882
678,0.002062,74.125.200.0-255,1484,214845,73,324882
679,0.002098,172.31.40.0-255,66,214911,73,324882
680,0.002105,74.125.200.0-255,1484,216395,73,324882
681,0.002125,74.125.200.0-255,7156,223551,73,324882
682,0.002128,172.31.40.0-255,66,223617,73,324882
683,0.002156,172.31.40.0-255,66,223683,73,324882
684,0.002198,172.31.40.0-255,66,223749,73,324882
685,0.00221,74.125.200.0-255,2902,226651,73,324882
686,0.002212,172.31.40.0-255,66,226717,73,324882
687,0.002226,74.125.200.0-255,3602,230319,73,324882
688,0.002228,172.31.40.0-255,66,230385,73,324882
689,0.002233,74.125.200.0-255,2902,233287,73,324882
690,0.002235,172.31.40.0-255,66,233353,73,324882
691,0.002255,74.125.200.0-255,1484,234837,73,324882
692,0.00226,74.125.200.0-255,2902,237739,73,324882
693,0.002263,172.31.40.0-255,66,237805,73,324882
694,0.002294,74.125.200.0-255,7156,244961,73,324882
695,0.002297,172.31.40.0-255,66,245027,73,324882
696,0.002309,172.31.40.0-255,66,245093,73,324882
697,0.002314,74.125.200.0-255,5738,250831,73,324882
698,0.002331,74.125.200.0-255,1484,252315,73,324882
699,0.002337,172.31.40.0-255,66,252381,73,324882
700,0.002348,74.125.200.0-255,1484,253865,73,324882
701,0.002368,74.125.200.0-255,6438,260303,73,324882
702,0.002374,172.31.40.0-255,66,260369,73,324882
703,0.00239,74.125.200.0-255,4320,264689,73,324882
704,0.0024,172.31.40.0-255,66,264755,73,324882
705,0.002409,74.125.200.0-255,2902,267657,73,324882
706,0.002423,74.125.200.0-255,4320,271977,73,324882
707,0.002447,74.125.200.0-255,6438,278415,73,324882
708,0.002455,172.31.40.0-255,66,278481,73,324882
709,0.002466,74.125.200.0-255,5738,284219,73,324882
710,0.002471,172.31.40.0-255,66,284285,73,324882
711,0.002482,74.125.200.0-255,5738,290023,73,324882
712,0.002486,74.125.200.0-255,2902,292925,73,324882
713,0.002508,74.125.200.0-255,2902,295827,73,324882
714,0.002515,74.125.200.0-255,7156,302983,73,324882
715,0.002524,172.31.40.0-255,66,303049,73,324882
716,0.002554,74.125.200.0-255,2902,305951,73,324882
717,0.002579,74.125.200.0-255,5738,311689,73,324882
718,0.002584,74.125.200.0-255,5738,317427,73,324882
719,0.002587,74.125.200.0-255,992,318419,73,324882
720,0.00259,172.31.40.0-255,66,318485,73,324882
721,0.002595,172.31.40.0-255,66,318551,73,324882
722,0.00265,74.125.200.0-255,105,318656,73,324882
723,0.01066,172.31.40.0-255,66,318722,73,324882
724,0.010696,172.31.40.0-255,105,318827,73,324882
725,0.013199,74.125.200.0-255,66,318893,73,324882
726,0.030144,172.31.40.0-255,172,319065,73,324882
727,0.03017,172.31.40.0-255,1115,320180,73,324882
728,0.030225,172.31.40.0-255,1514,321694,73,324882
729,0.030227,172.31.40.0-255,1514,323208,73,324882
730,0.03023,172.31.40.0-255,1410,324618,73,324882
731,0.031701,104.244.42.0-255,66,324684,73,324882
732,0.031739,104.244.42.0-255,66,324750,73,324882
733,0.031774,104.244.42.0-255,66,324816,73,324882
734,0.031787,104.244.42.0-255,66,324882,73,324882
735,0.0,172.217.194.0-255,152,152,73,215557
736,2.2e-05,172.31.40.0-255,66,218,73,215557
737,2.9e-05,172.217.194.0-255,1484,1702,73,215557
738,3.3e-05,172.31.40.0-255,66,1768,73,215557
739,4.1e-05,172.217.194.0-255,2902,4670,73,215557
740,5.4e-05,172.31.40.0-255,66,4736,73,215557
741,5.9e-05,172.217.194.0-255,2902,7638,73,215557
742,6.2e-05,172.31.40.0-255,66,7704,73,215557
743,9.3e-05,172.217.194.0-255,6283,13987,73,215557
744,9.7e-05,172.31.40.0-255,66,14053,73,215557
745,0.000453,172.217.194.0-255,1484,15537,73,215557
746,0.000458,172.31.40.0-255,66,15603,73,215557
747,0.000463,172.217.194.0-255,2902,18505,73,215557
748,0.000465,172.31.40.0-255,66,18571,73,215557
749,0.000472,172.217.194.0-255,5738,24309,73,215557
750,0.000473,172.31.40.0-255,66,24375,73,215557
751,0.000484,172.217.194.0-255,5738,30113,73,215557
752,0.000486,172.31.40.0-255,66,30179,73,215557
753,0.000526,172.217.194.0-255,1125,31304,73,215557
754,0.00053,172.31.40.0-255,66,31370,73,215557
755,0.000729,172.217.194.0-255,1484,32854,73,215557
756,0.000733,172.31.40.0-255,66,32920,73,215557
757,0.000741,172.217.194.0-255,2902,35822,73,215557
758,0.000743,172.31.40.0-255,66,35888,73,215557
759,0.000773,172.217.194.0-255,5738,41626,73,215557
760,0.000779,172.31.40.0-255,66,41692,73,215557
761,0.000808,172.31.40.0-255,66,41758,73,215557
762,0.000841,172.217.194.0-255,4320,46078,73,215557
763,0.000844,172.31.40.0-255,66,46144,73,215557
764,0.000869,172.217.194.0-255,5379,51523,73,215557
765,0.000872,172.31.40.0-255,66,51589,73,215557
766,0.001336,172.217.194.0-255,645,52234,73,215557
767,0.001502,172.217.194.0-255,1484,53718,73,215557
768,0.001506,172.31.40.0-255,66,53784,73,215557
769,0.001512,172.217.194.0-255,2902,56686,73,215557
770,0.001514,172.31.40.0-255,66,56752,73,215557
771,0.001548,172.217.194.0-255,5738,62490,73,215557
772,0.001551,172.31.40.0-255,66,62556,73,215557
773,0.001581,172.31.40.0-255,66,62622,73,215557
774,0.001625,172.217.194.0-255,7156,69778,73,215557
775,0.001628,172.31.40.0-255,66,69844,73,215557
776,0.001657,172.217.194.0-255,6438,76282,73,215557
777,0.001659,172.31.40.0-255,66,76348,73,215557
778,0.002078,172.217.194.0-255,1484,77832,73,215557
779,0.00209,172.217.194.0-255,2902,80734,73,215557
780,0.002092,172.31.40.0-255,66,80800,73,215557
781,0.002095,172.217.194.0-255,1484,82284,73,215557
782,0.002122,172.217.194.0-255,4320,86604,73,215557
783,0.002125,172.31.40.0-255,66,86670,73,215557
784,0.002131,172.217.194.0-255,7156,93826,73,215557
785,0.002133,172.31.40.0-255,66,93892,73,215557
786,0.002157,172.31.40.0-255,66,93958,73,215557
787,0.002188,172.217.194.0-255,5738,99696,73,215557
788,0.00219,172.31.40.0-255,66,99762,73,215557
789,0.002193,172.217.194.0-255,2184,101946,73,215557
790,0.002195,172.31.40.0-255,66,102012,73,215557
791,0.004805,172.217.194.0-255,5738,107750,73,215557
792,0.00481,172.31.40.0-255,66,107816,73,215557
793,0.005276,172.31.40.0-255,101,107917,73,215557
794,0.007441,172.217.194.0-255,5738,113655,73,215557
795,0.007447,172.31.40.0-255,66,113721,73,215557
796,0.00786,172.217.194.0-255,66,113787,73,215557
797,0.010066,172.217.194.0-255,5738,119525,73,215557
798,0.010074,172.31.40.0-255,66,119591,73,215557
799,0.012735,172.217.194.0-255,5738,125329,73,215557
800,0.012745,172.31.40.0-255,66,125395,73,215557
801,0.015378,172.217.194.0-255,5738,131133,73,215557
802,0.015386,172.31.40.0-255,66,131199,73,215557
803,0.018045,172.217.194.0-255,5738,136937,73,215557
804,0.018053,172.31.40.0-255,66,137003,73,215557
805,0.020666,172.217.194.0-255,5738,142741,73,215557
806,0.020675,172.31.40.0-255,66,142807,73,215557
807,0.023345,172.217.194.0-255,5738,148545,73,215557
808,0.023353,172.31.40.0-255,66,148611,73,215557
809,0.02355,172.31.40.0-255,172,148783,73,215557
810,0.02358,172.31.40.0-255,1115,149898,73,215557
811,0.02372,172.31.40.0-255,1514,151412,73,215557
812,0.023722,172.31.40.0-255,1514,152926,73,215557
813,0.023728,172.31.40.0-255,1514,154440,73,215557
814,0.023729,172.31.40.0-255,1514,155954,73,215557
815,0.023753,172.31.40.0-255,1299,157253,73,215557
816,0.025116,104.244.42.0-255,66,157319,73,215557
817,0.025125,104.244.42.0-255,66,157385,73,215557
818,0.025304,104.244.42.0-255,66,157451,73,215557
819,0.025312,104.244.42.0-255,66,157517,73,215557
820,0.025968,172.217.194.0-255,5738,163255,73,215557
821,0.025975,172.31.40.0-255,66,163321,73,215557
822,0.028601,172.217.194.0-255,5738,169059,73,215557
823,0.028608,172.31.40.0-255,66,169125,73,215557
824,0.031222,172.217.194.0-255,5738,174863,73,215557
825,0.031229,172.31.40.0-255,66,174929,73,215557
826,0.033858,172.217.194.0-255,5738,180667,73,215557
827,0.033866,172.31.40.0-255,66,180733,73,215557
828,0.036487,172.217.194.0-255,5738,186471,73,215557
829,0.036493,172.31.40.0-255,66,186537,73,215557
830,0.039123,172.217.194.0-255,5738,192275,73,215557
831,0.039128,172.31.40.0-255,66,192341,73,215557
832,0.041781,172.217.194.0-255,5738,198079,73,215557
833,0.041795,172.31.40.0-255,66,198145,73,215557
834,0.044404,172.217.194.0-255,5738,203883,73,215557
835,0.04441,172.31.40.0-255,66,203949,73,215557
836,0.047063,172.217.194.0-255,5738,209687,73,215557
837,0.04707,172.31.40.0-255,66,209753,73,215557
838,0.049703,172.217.194.0-255,5738,215491,73,215557
839,0.049711,172.31.40.0-255,66,215557,73,215557
840,0.0,172.217.194.0-255,146,146,73,264555
841,1.6e-05,172.31.40.0-255,66,212,73,264555
842,2.2e-05,172.217.194.0-255,1484,1696,73,264555
843,2.6e-05,172.31.40.0-255,66,1762,73,264555
844,3.1e-05,172.217.194.0-255,2902,4664,73,264555
845,3.4e-05,172.31.40.0-255,66,4730,73,264555
846,6.2e-05,172.217.194.0-255,5738,10468,73,264555
847,6.4e-05,172.31.40.0-255,66,10534,73,264555
848,9.1e-05,172.217.194.0-255,3484,14018,73,264555
849,9.3e-05,172.31.40.0-255,66,14084,73,264555
850,0.000141,172.217.194.0-255,2902,16986,73,264555
851,0.000143,172.31.40.0-255,66,17052,73,264555
852,0.000165,172.217.194.0-255,4320,21372,73,264555
853,0.000168,172.31.40.0-255,66,21438,73,264555
854,0.000172,172.217.194.0-255,2902,24340,73,264555
855,0.000173,172.31.40.0-255,66,24406,73,264555
856,0.000193,172.217.194.0-255,5738,30144,73,264555
857,0.000195,172.31.40.0-255,66,30210,73,264555
858,0.000198,172.217.194.0-255,1125,31335,73,264555
859,0.000201,172.31.40.0-255,66,31401,73,264555
860,0.000248,172.217.194.0-255,1484,32885,73,264555
861,0.000251,172.31.40.0-255,66,32951,73,264555
862,0.000264,172.217.194.0-255,2902,35853,73,264555
863,0.000267,172.31.40.0-255,66,35919,73,264555
864,0.000292,172.217.194.0-255,5738,41657,73,264555
865,0.000294,172.31.40.0-255,66,41723,73,264555
866,0.000301,172.217.194.0-255,6797,48520,73,264555
867,0.000303,172.31.40.0-255,66,48586,73,264555
868,0.00087,172.217.194.0-255,1484,50070,73,264555
869,0.000875,172.31.40.0-255,66,50136,73,264555
870,0.000882,172.217.194.0-255,2902,53038,73,264555
871,0.000884,172.31.40.0-255,66,53104,73,264555
872,0.000891,172.217.194.0-255,5738,58842,73,264555
873,0.000894,172.217.194.0-255,1484,60326,73,264555
874,0.000911,172.217.194.0-255,4320,64646,73,264555
875,0.000958,172.217.194.0-255,7156,71802,73,264555
876,0.000978,172.217.194.0-255,6797,78599,73,264555
877,0.001,172.217.194.0-255,5738,84337,73,264555
878,0.001011,172.217.194.0-255,2543,86880,73,264555
879,0.001017,172.217.194.0-255,5738,92618,73,264555
880,0.001035,172.217.194.0-255,2902,95520,73,264555
881,0.001052,172.217.194.0-255,2902,98422,73,264555
882,0.001069,172.217.194.0-255,1707,100129,73,264555
883,0.001449,172.217.194.0-255,1484,101613,73,264555
884,0.001458,172.217.194.0-255,2902,104515,73,264555
885,0.001477,172.217.194.0-255,4320,108835,73,264555
886,0.001491,172.217.194.0-255,1484,110319,73,264555
887,0.001544,172.217.194.0-255,2902,113221,73,264555
888,0.001576,172.217.194.0-255,1484,114705,73,264555
889,0.001606,172.217.194.0-255,4320,119025,73,264555
890,0.001786,172.217.194.0-255,1484,120509,73,264555
891,0.001797,172.217.194.0-255,2902,123411,73,264555
892,0.001814,172.217.194.0-255,5738,129149,73,264555
893,0.00182,172.217.194.0-255,5738,134887,73,264555
894,0.001843,172.217.194.0-255,5738,140625,73,264555
895,0.001863,172.217.194.0-255,7156,147781,73,264555
896,0.001876,172.217.194.0-255,2902,150683,73,264555
897,0.001887,172.217.194.0-255,2184,152867,73,264555
898,0.002259,172.217.194.0-255,1484,154351,73,264555
899,0.002274,172.217.194.0-255,2902,157253,73,264555
900,0.002277,172.217.194.0-255,1484,158737,73,264555
901,0.002289,172.217.194.0-255,4320,163057,73,264555
902,0.002334,172.217.194.0-255,2902,165959,73,264555
903,0.002362,172.217.194.0-255,766,166725,73,264555
904,0.002473,172.217.194.0-255,1484,168209,73,264555
905,0.002478,172.217.194.0-255,2902,171111,73,264555
906,0.00249,172.217.194.0-255,1484,172595,73,264555
907,0.002506,172.217.194.0-255,4320,176915,73,264555
908,0.002519,172.217.194.0-255,2902,179817,73,264555
909,0.002533,172.217.194.0-255,5738,185555,73,264555
910,0.002555,172.217.194.0-255,4320,189875,73,264555
911,0.002561,172.217.194.0-255,4320,194195,73,264555
912,0.002575,172.217.194.0-255,2902,197097,73,264555
913,0.002604,172.217.194.0-255,4320,201417,73,264555
914,0.002619,172.217.194.0-255,7156,208573,73,264555
915,0.00264,172.217.194.0-255,1484,210057,73,264555
916,0.002643,172.217.194.0-255,1484,211541,73,264555
917,0.00268,172.217.194.0-255,5738,217279,73,264555
918,0.002693,172.217.194.0-255,1484,218763,73,264555
919,0.002711,172.217.194.0-255,7156,225919,73,264555
920,0.002743,172.217.194.0-255,4320,230239,73,264555
921,0.002784,172.217.194.0-255,2902,233141,73,264555
922,0.00279,172.217.194.0-255,7156,240297,73,264555
923,0.002792,172.217.194.0-255,1484,241781,73,264555
924,0.002828,172.217.194.0-255,1484,243265,73,264555
925,0.002847,172.217.194.0-255,2902,246167,73,264555
926,0.002849,172.217.194.0-255,1484,247651,73,264555
927,0.002863,172.217.194.0-255,1484,249135,73,264555
928,0.002879,172.217.194.0-255,5738,254873,73,264555
929,0.002909,172.217.194.0-255,4320,259193,73,264555
930,0.002914,172.217.194.0-255,5020,264213,73,264555
931,0.003015,172.217.194.0-255,105,264318,73,264555
932,0.008834,172.31.40.0-255,66,264384,73,264555
933,0.011697,172.31.40.0-255,105,264489,73,264555
934,0.01424,172.217.194.0-255,66,264555,73,264555
935,0.0,172.217.194.0-255,152,152,73,205876
936,2.1e-05,172.31.40.0-255,66,218,73,205876
937,2.9e-05,172.217.194.0-255,1484,1702,73,205876
938,3.3e-05,172.31.40.0-255,66,1768,73,205876
939,3.9e-05,172.217.194.0-255,2902,4670,73,205876
940,5e-05,172.31.40.0-255,66,4736,73,205876
941,5.8e-05,172.217.194.0-255,7156,11892,73,205876
942,6.1e-05,172.31.40.0-255,66,11958,73,205876
943,6.5e-05,172.217.194.0-255,1949,13907,73,205876
944,6.7e-05,172.31.40.0-255,66,13973,73,205876
945,0.00034,172.217.194.0-255,1484,15457,73,205876
946,0.000345,172.31.40.0-255,66,15523,73,205876
947,0.000352,172.217.194.0-255,2902,18425,73,205876
948,0.000355,172.31.40.0-255,66,18491,73,205876
949,0.000392,172.217.194.0-255,5738,24229,73,205876
950,0.000395,172.31.40.0-255,66,24295,73,205876
951,0.000402,172.217.194.0-255,6797,31092,73,205876
952,0.000405,172.31.40.0-255,66,31158,73,205876
953,0.000458,172.31.40.0-255,66,31224,73,205876
954,0.000497,172.31.40.0-255,66,31290,73,205876
955,0.000502,172.217.194.0-255,3602,34892,73,205876
956,0.000504,172.31.40.0-255,66,34958,73,205876
957,0.000521,172.217.194.0-255,679,35637,73,205876
958,0.000523,172.31.40.0-255,66,35703,73,205876
959,0.001175,172.217.194.0-255,1484,37187,73,205876
960,0.001179,172.31.40.0-255,66,37253,73,205876
961,0.001187,172.217.194.0-255,2902,40155,73,205876
962,0.00119,172.31.40.0-255,66,40221,73,205876
963,0.001217,172.217.194.0-255,5738,45959,73,205876
964,0.00122,172.31.40.0-255,66,46025,73,205876
965,0.001243,172.31.40.0-255,66,46091,73,205876
966,0.001277,172.31.40.0-255,66,46157,73,205876
967,0.001314,172.217.194.0-255,2184,48341,73,205876
968,0.001317,172.31.40.0-255,66,48407,73,205876
969,0.001863,172.217.194.0-255,1484,49891,73,205876
970,0.001878,172.217.194.0-255,2902,52793,73,205876
971,0.001882,172.31.40.0-255,66,52859,73,205876
972,0.001888,172.217.194.0-255,4320,57179,73,205876
973,0.00189,172.31.40.0-255,66,57245,73,205876
974,0.001916,172.217.194.0-255,5738,62983,73,205876
975,0.001918,172.31.40.0-255,66,63049,73,205876
976,0.001935,172.217.194.0-255,2902,65951,73,205876
977,0.001937,172.31.40.0-255,66,66017,73,205876
978,0.001942,172.217.194.0-255,2902,68919,73,205876
979,0.001943,172.31.40.0-255,66,68985,73,205876
980,0.001981,172.31.40.0-255,66,69051,73,205876
981,0.002002,172.217.194.0-255,2902,71953,73,205876
982,0.002004,172.31.40.0-255,66,72019,73,205876
983,0.002037,172.31.40.0-255,66,72085,73,205876
984,0.002047,172.31.40.0-255,66,72151,73,205876
985,0.002067,172.217.194.0-255,1484,73635,73,205876
986,0.004042,172.217.194.0-255,4320,77955,73,205876
987,0.004046,172.31.40.0-255,66,78021,73,205876
988,0.006054,172.217.194.0-255,5738,83759,73,205876
989,0.006061,172.31.40.0-255,66,83825,73,205876
990,0.006435,172.31.40.0-255,101,83926,73,205876
991,0.008075,172.217.194.0-255,5738,89664,73,205876
992,0.008081,172.31.40.0-255,66,89730,73,205876
993,0.008394,172.217.194.0-255,66,89796,73,205876
994,0.010114,172.217.194.0-255,5738,95534,73,205876
995,0.010122,172.31.40.0-255,66,95600,73,205876
996,0.012151,172.217.194.0-255,5738,101338,73,205876
997,0.012159,172.31.40.0-255,66,101404,73,205876
998,0.014198,172.217.194.0-255,5738,107142,73,205876
999,0.014208,172.31.40.0-255,66,107208,73,205876
1000,0.016229,172.217.194.0-255,5738,112946,73,205876
1001,0.016237,172.31.40.0-255,66,113012,73,205876
1002,0.018255,172.217.194.0-255,5738,118750,73,205876
1003,0.018269,172.31.40.0-255,66,118816,73,205876
1004,0.02028,172.217.194.0-255,5738,124554,73,205876
1005,0.02029,172.31.40.0-255,66,124620,73,205876
1006,0.022341,172.217.194.0-255,5738,130358,73,205876
1007,0.022353,172.31.40.0-255,66,130424,73,205876
1008,0.02437,172.217.194.0-255,5738,136162,73,205876
1009,0.024379,172.31.40.0-255,66,136228,73,205876
1010,0.026385,172.217.194.0-255,5738,141966,73,205876
1011,0.026399,172.31.40.0-255,66,142032,73,205876
1012,0.028392,172.217.194.0-255,5738,147770,73,205876
1013,0.028401,172.31.40.0-255,66,147836,73,205876
1014,0.030398,172.217.194.0-255,5738,153574,73,205876
1015,0.030406,172.31.40.0-255,66,153640,73,205876
1016,0.032414,172.217.194.0-255,5738,159378,73,205876
1017,0.032426,172.31.40.0-255,66,159444,73,205876
1018,0.034433,172.217.194.0-255,5738,165182,73,205876
1019,0.034445,172.31.40.0-255,66,165248,73,205876
1020,0.036507,172.217.194.0-255,5738,170986,73,205876
1021,0.036526,172.31.40.0-255,66,171052,73,205876
1022,0.038613,172.217.194.0-255,5738,176790,73,205876
1023,0.038634,172.31.40.0-255,66,176856,73,205876
1024,0.040654,172.217.194.0-255,5738,182594,73,205876
1025,0.040672,172.31.40.0-255,66,182660,73,205876
1026,0.042736,172.217.194.0-255,5738,188398,73,205876
1027,0.042751,172.31.40.0-255,66,188464,73,205876
1028,0.044762,172.217.194.0-255,5738,194202,73,205876
1029,0.044775,172.31.40.0-255,66,194268,73,205876
1030,0.046842,172.217.194.0-255,5738,200006,73,205876
1031,0.046855,172.31.40.0-255,66,200072,73,205876
1032,0.048897,172.217.194.0-255,5738,205810,73,205876
1033,0.048915,172.31.40.0-255,66,205876,73,205876
1034,0.0,74.125.130.0-255,153,153,73,334380
1035,1.5e-05,172.31.40.0-255,66,219,73,334380
1036,2.1e-05,74.125.130.0-255,1484,1703,73,334380
1037,2.5e-05,172.31.40.0-255,66,1769,73,334380
1038,5.4e-05,74.125.130.0-255,2902,4671,73,334380
1039,5.7e-05,172.31.40.0-255,66,4737,73,334380
1040,8.5e-05,74.125.130.0-255,5738,10475,73,334380
1041,8.8e-05,172.31.40.0-255,66,10541,73,334380
1042,0.000122,74.125.130.0-255,1484,12025,73,334380
1043,0.000125,172.31.40.0-255,66,12091,73,334380
1044,0.000153,74.125.130.0-255,4871,16962,73,334380
1045,0.000156,172.31.40.0-255,66,17028,73,334380
1046,0.000163,74.125.130.0-255,7156,24184,73,334380
1047,0.000166,172.31.40.0-255,66,24250,73,334380
1048,0.000176,74.125.130.0-255,1484,25734,73,334380
1049,0.000178,172.31.40.0-255,66,25800,73,334380
1050,0.000202,74.125.130.0-255,5379,31179,73,334380
1051,0.000206,172.31.40.0-255,66,31245,73,334380
1052,0.000347,74.125.130.0-255,1484,32729,73,334380
1053,0.000353,172.31.40.0-255,66,32795,73,334380
1054,0.000359,74.125.130.0-255,2902,35697,73,334380
1055,0.000362,172.31.40.0-255,66,35763,73,334380
1056,0.000383,74.125.130.0-255,2902,38665,73,334380
1057,0.000387,172.31.40.0-255,66,38731,73,334380
1058,0.000418,74.125.130.0-255,2902,41633,73,334380
1059,0.000421,172.31.40.0-255,66,41699,73,334380
1060,0.000424,74.125.130.0-255,1484,43183,73,334380
1061,0.000426,172.31.40.0-255,66,43249,73,334380
1062,0.00043,74.125.130.0-255,2902,46151,73,334380
1063,0.000432,172.31.40.0-255,66,46217,73,334380
1064,0.000434,74.125.130.0-255,1484,47701,73,334380
1065,0.000436,172.31.40.0-255,66,47767,73,334380
1066,0.000468,74.125.130.0-255,1125,48892,73,334380
1067,0.000472,74.125.130.0-255,2902,51794,73,334380
1068,0.000475,172.31.40.0-255,66,51860,73,334380
1069,0.00048,74.125.130.0-255,4320,56180,73,334380
1070,0.000482,172.31.40.0-255,66,56246,73,334380
1071,0.000503,74.125.130.0-255,2902,59148,73,334380
1072,0.000505,172.31.40.0-255,66,59214,73,334380
1073,0.000548,74.125.130.0-255,7056,66270,73,334380
1074,0.000561,74.125.130.0-255,429,66699,73,334380
1075,0.00062,172.31.40.0-255,66,66765,73,334380
1076,0.000768,74.125.130.0-255,1484,68249,73,334380
1077,0.000783,74.125.130.0-255,2902,71151,73,334380
1078,0.000786,74.125.130.0-255,1484,72635,73,334380
1079,0.000808,74.125.130.0-255,5738,78373,73,334380
1080,0.00084,74.125.130.0-255,4320,82693,73,334380
1081,0.000846,172.31.40.0-255,66,82759,73,334380
1082,0.000876,172.31.40.0-255,66,82825,73,334380
1083,0.000889,74.125.130.0-255,2902,85727,73,334380
1084,0.000906,74.125.130.0-255,2902,88629,73,334380
1085,0.000937,172.31.40.0-255,66,88695,73,334380
1086,0.000957,74.125.130.0-255,3602,92297,73,334380
1087,0.001018,172.31.40.0-255,66,92363,73,334380
1088,0.001084,74.125.130.0-255,1484,93847,73,334380
1089,0.001112,74.125.130.0-255,1484,95331,73,334380
1090,0.001135,74.125.130.0-255,2902,98233,73,334380
1091,0.001138,74.125.130.0-255,1484,99717,73,334380
1092,0.001143,172.31.40.0-255,66,99783,73,334380
1093,0.001155,74.125.130.0-255,1484,101267,73,334380
1094,0.001158,74.125.130.0-255,1484,102751,73,334380
1095,0.001178,74.125.130.0-255,2902,105653,73,334380
1096,0.001181,172.31.40.0-255,66,105719,73,334380
1097,0.001225,74.125.130.0-255,2902,108621,73,334380
1098,0.001246,172.31.40.0-255,66,108687,73,334380
1099,0.001275,74.125.130.0-255,5738,114425,73,334380
1100,0.001301,74.125.130.0-255,3602,118027,73,334380
1101,0.001321,172.31.40.0-255,66,118093,73,334380
1102,0.001447,74.125.130.0-255,1484,119577,73,334380
1103,0.001451,74.125.130.0-255,1484,121061,73,334380
1104,0.001463,74.125.130.0-255,2902,123963,73,334380
1105,0.001472,172.31.40.0-255,66,124029,73,334380
1106,0.001496,74.125.130.0-255,1484,125513,73,334380
1107,0.001523,74.125.130.0-255,2902,128415,73,334380
1108,0.001533,172.31.40.0-255,66,128481,73,334380
1109,0.001544,74.125.130.0-255,5738,134219,73,334380
1110,0.001558,74.125.130.0-255,1484,135703,73,334380
1111,0.00157,74.125.130.0-255,1484,137187,73,334380
1112,0.001583,74.125.130.0-255,1484,138671,73,334380
1113,0.001588,172.31.40.0-255,66,138737,73,334380
1114,0.001599,74.125.130.0-255,2902,141639,73,334380
1115,0.001608,74.125.130.0-255,2902,144541,73,334380
1116,0.001624,74.125.130.0-255,2902,147443,73,334380
1117,0.001636,172.31.40.0-255,66,147509,73,334380
1118,0.001662,74.125.130.0-255,2902,150411,73,334380
1119,0.001667,172.31.40.0-255,66,150477,73,334380
1120,0.001675,74.125.130.0-255,2184,152661,73,334380
1121,0.00168,172.31.40.0-255,66,152727,73,334380
1122,0.0022,74.125.130.0-255,1484,154211,73,334380
1123,0.002204,74.125.130.0-255,1484,155695,73,334380
1124,0.002209,172.31.40.0-255,66,155761,73,334380
1125,0.002223,74.125.130.0-255,1484,157245,73,334380
1126,0.002232,74.125.130.0-255,2902,160147,73,334380
1127,0.002235,172.31.40.0-255,66,160213,73,334380
1128,0.002252,74.125.130.0-255,2902,163115,73,334380
1129,0.002263,172.31.40.0-255,66,163181,73,334380
1130,0.002273,74.125.130.0-255,7156,170337,73,334380
1131,0.002277,172.31.40.0-255,66,170403,73,334380
1132,0.002301,74.125.130.0-255,2902,173305,73,334380
1133,0.002331,172.31.40.0-255,66,173371,73,334380
1134,0.00234,74.125.130.0-255,2184,175555,73,334380
1135,0.002369,172.31.40.0-255,66,175621,73,334380
1136,0.002379,74.125.130.0-255,4320,179941,73,334380
1137,0.002384,74.125.130.0-255,4320,184261,73,334380
1138,0.002389,172.31.40.0-255,66,184327,73,334380
1139,0.002398,74.125.130.0-255,1484,185811,73,334380
1140,0.002431,74.125.130.0-255,2902,188713,73,334380
1141,0.002444,74.125.130.0-255,1484,190197,73,334380
1142,0.002448,172.31.40.0-255,66,190263,73,334380
1143,0.00246,74.125.130.0-255,4320,194583,73,334380
1144,0.002473,74.125.130.0-255,1484,196067,73,334380
1145,0.002491,172.31.40.0-255,66,196133,73,334380
1146,0.002497,74.125.130.0-255,5020,201153,73,334380
1147,0.002502,172.31.40.0-255,66,201219,73,334380
1148,0.002542,74.125.130.0-255,1484,202703,73,334380
1149,0.002557,74.125.130.0-255,1484,204187,73,334380
1150,0.002561,172.31.40.0-255,66,204253,73,334380
1151,0.002569,74.125.130.0-255,2902,207155,73,334380
1152,0.002573,172.31.40.0-255,66,207221,73,334380
1153,0.002603,74.125.130.0-255,5738,212959,73,334380
1154,0.002611,172.31.40.0-255,66,213025,73,334380
1155,0.002645,74.125.130.0-255,4320,217345,73,334380
1156,0.002647,74.125.130.0-255,1484,218829,73,334380
1157,0.002674,74.125.130.0-255,2902,221731,73,334380
1158,0.002677,74.125.130.0-255,1484,223215,73,334380
1159,0.002698,74.125.130.0-255,2902,226117,73,334380
1160,0.002701,74.125.130.0-255,766,226883,73,334380
1161,0.002731,74.125.130.0-255,1484,228367,73,334380
1162,0.002746,74.125.130.0-255,2902,231269,73,334380
1163,0.002763,74.125.130.0-255,1484,232753,73,334380
1164,0.002767,74.125.130.0-255,2902,235655,73,334380
1165,0.002825,74.125.130.0-255,4320,239975,73,334380
1166,0.002837,74.125.130.0-255,1484,241459,73,334380
1167,0.002842,74.125.130.0-255,5738,247197,73,334380
1168,0.002848,74.125.130.0-255,7156,254353,73,334380
1169,0.002877,74.125.130.0-255,6438,260791,73,334380
1170,0.002881,74.125.130.0-255,1484,262275,73,334380
1171,0.0029,74.125.130.0-255,5738,268013,73,334380
1172,0.002905,74.125.130.0-255,4320,272333,73,334380
1173,0.002933,74.125.130.0-255,4320,276653,73,334380
1174,0.002949,74.125.130.0-255,1484,278137,73,334380
1175,0.002977,74.125.130.0-255,2902,281039,73,334380
1176,0.002981,74.125.130.0-255,4320,285359,73,334380
1177,0.003026,74.125.130.0-255,2902,288261,73,334380
1178,0.00307,74.125.130.0-255,7156,295417,73,334380
1179,0.003104,74.125.130.0-255,3602,299019,73,334380
1180,0.00314,74.125.130.0-255,5738,304757,73,334380
1181,0.003164,74.125.130.0-255,7156,311913,73,334380
1182,0.003171,74.125.130.0-255,7156,319069,73,334380
1183,0.003175,74.125.130.0-255,2902,321971,73,334380
1184,0.003259,74.125.130.0-255,1484,323455,73,334380
1185,0.003299,74.125.130.0-255,4331,327786,73,334380
1186,0.003355,74.125.130.0-255,105,327891,73,334380
1187,0.003413,172.31.40.0-255,66,327957,73,334380
1188,0.011719,172.31.40.0-255,105,328062,73,334380
1189,0.013991,74.125.130.0-255,66,328128,73,334380
1190,0.023798,172.31.40.0-255,172,328300,73,334380
1191,0.023845,172.31.40.0-255,1114,329414,73,334380
1192,0.023939,172.31.40.0-255,1514,330928,73,334380
1193,0.023941,172.31.40.0-255,1514,332442,73,334380
1194,0.023946,172.31.40.0-255,1514,333956,73,334380
1195,0.023947,172.31.40.0-255,160,334116,73,334380
1196,0.025335,104.244.42.0-255,66,334182,73,334380
1197,0.02536,104.244.42.0-255,66,334248,73,334380
1198,0.025453,104.244.42.0-255,66,334314,73,334380
1199,0.025456,104.244.42.0-255,66,334380,73,334380
1200,0.0,74.125.68.0-255,143,143,73,228065
1201,2.7e-05,172.31.40.0-255,66,209,73,228065
1202,3.6e-05,74.125.68.0-255,1484,1693,73,228065
1203,4.2e-05,172.31.40.0-255,66,1759,73,228065
1204,4.9e-05,74.125.68.0-255,2902,4661,73,228065
1205,6e-05,172.31.40.0-255,66,4727,73,228065
1206,6.9e-05,74.125.68.0-255,7156,11883,73,228065
1207,7.3e-05,172.31.40.0-255,66,11949,73,228065
1208,0.000104,74.125.68.0-255,1903,13852,73,228065
1209,0.000108,172.31.40.0-255,66,13918,73,228065
1210,0.000219,74.125.68.0-255,1484,15402,73,228065
1211,0.000222,172.31.40.0-255,66,15468,73,228065
1212,0.000243,74.125.68.0-255,2902,18370,73,228065
1213,0.000246,172.31.40.0-255,66,18436,73,228065
1214,0.000252,74.125.68.0-255,4320,22756,73,228065
1215,0.000255,172.31.40.0-255,66,22822,73,228065
1216,0.000286,74.125.68.0-255,1484,24306,73,228065
1217,0.000288,172.31.40.0-255,66,24372,73,228065
1218,0.000293,74.125.68.0-255,2902,27274,73,228065
1219,0.000296,172.31.40.0-255,66,27340,73,228065
1220,0.0003,74.125.68.0-255,2902,30242,73,228065
1221,0.000305,172.31.40.0-255,66,30308,73,228065
1222,0.000334,74.125.68.0-255,1125,31433,73,228065
1223,0.000337,172.31.40.0-255,66,31499,73,228065
1224,0.000343,74.125.68.0-255,4320,35819,73,228065
1225,0.000347,172.31.40.0-255,66,35885,73,228065
1226,0.000383,172.31.40.0-255,66,35951,73,228065
1227,0.000439,74.125.68.0-255,2543,38494,73,228065
1228,0.000442,172.31.40.0-255,66,38560,73,228065
1229,0.000712,74.125.68.0-255,1484,40044,73,228065
1230,0.000717,172.31.40.0-255,66,40110,73,228065
1231,0.000723,74.125.68.0-255,2902,43012,73,228065
1232,0.000726,172.31.40.0-255,66,43078,73,228065
1233,0.000731,74.125.68.0-255,2902,45980,73,228065
1234,0.000734,172.31.40.0-255,66,46046,73,228065
1235,0.000751,74.125.68.0-255,2902,48948,73,228065
1236,0.000753,172.31.40.0-255,66,49014,73,228065
1237,0.000784,172.31.40.0-255,66,49080,73,228065
1238,0.000842,74.125.68.0-255,1484,50564,73,228065
1239,0.000874,172.31.40.0-255,66,50630,73,228065
1240,0.000934,74.125.68.0-255,3961,54591,73,228065
1241,0.000938,172.31.40.0-255,66,54657,73,228065
1242,0.000969,74.125.68.0-255,5738,60395,73,228065
1243,0.000973,172.31.40.0-255,66,60461,73,228065
1244,0.001009,172.31.40.0-255,66,60527,73,228065
1245,0.001028,74.125.68.0-255,2543,63070,73,228065
1246,0.001032,172.31.40.0-255,66,63136,73,228065
1247,0.001093,74.125.68.0-255,5738,68874,73,228065
1248,0.001098,172.31.40.0-255,66,68940,73,228065
1249,0.001125,74.125.68.0-255,4320,73260,73,228065
1250,0.001128,172.31.40.0-255,66,73326,73,228065
1251,0.001163,74.125.68.0-255,2902,76228,73,228065
1252,0.001166,172.31.40.0-255,66,76294,73,228065
1253,0.001197,74.125.68.0-255,3843,80137,73,228065
1254,0.001201,172.31.40.0-255,66,80203,73,228065
1255,0.001423,74.125.68.0-255,1484,81687,73,228065
1256,0.001427,74.125.68.0-255,1484,83171,73,228065
1257,0.00143,172.31.40.0-255,66,83237,73,228065
1258,0.001455,74.125.68.0-255,1484,84721,73,228065
1259,0.001462,74.125.68.0-255,5738,90459,73,228065
1260,0.001465,172.31.40.0-255,66,90525,73,228065
1261,0.001491,74.125.68.0-255,2902,93427,73,228065
1262,0.001493,172.31.40.0-255,66,93493,73,228065
1263,0.001538,74.125.68.0-255,5738,99231,73,228065
1264,0.001541,172.31.40.0-255,66,99297,73,228065
1265,0.001604,172.31.40.0-255,66,99363,73,228065
1266,0.001633,74.125.68.0-255,1484,100847,73,228065
1267,0.001641,74.125.68.0-255,5020,105867,73,228065
1268,0.001643,172.31.40.0-255,66,105933,73,228065
1269,0.003947,74.125.68.0-255,5738,111671,73,228065
1270,0.003958,172.31.40.0-255,66,111737,73,228065
1271,0.006256,74.125.68.0-255,5738,117475,73,228065
1272,0.006265,172.31.40.0-255,66,117541,73,228065
1273,0.008562,74.125.68.0-255,5738,123279,73,228065
1274,0.00857,172.31.40.0-255,66,123345,73,228065
1275,0.010876,74.125.68.0-255,5738,129083,73,228065
1276,0.010889,172.31.40.0-255,66,129149,73,228065
1277,0.013191,74.125.68.0-255,5738,134887,73,228065
1278,0.013206,172.31.40.0-255,66,134953,73,228065
1279,0.015544,74.125.68.0-255,5738,140691,73,228065
1280,0.015564,172.31.40.0-255,66,140757,73,228065
1281,0.017865,74.125.68.0-255,5738,146495,73,228065
1282,0.017883,172.31.40.0-255,66,146561,73,228065
1283,0.020191,74.125.68.0-255,5738,152299,73,228065
1284,0.020206,172.31.40.0-255,66,152365,73,228065
1285,0.022504,74.125.68.0-255,5738,158103,73,228065
1286,0.02252,172.31.40.0-255,66,158169,73,228065
1287,0.024837,74.125.68.0-255,5738,163907,73,228065
1288,0.024854,172.31.40.0-255,66,163973,73,228065
1289,0.027172,74.125.68.0-255,5738,169711,73,228065
1290,0.027189,172.31.40.0-255,66,169777,73,228065
1291,0.029504,74.125.68.0-255,5738,175515,73,228065
1292,0.029538,172.31.40.0-255,66,175581,73,228065
1293,0.031281,172.31.40.0-255,172,175753,73,228065
1294,0.031315,172.31.40.0-255,1114,176867,73,228065
1295,0.031385,172.31.40.0-255,1514,178381,73,228065
1296,0.031407,172.31.40.0-255,1514,179895,73,228065
1297,0.03141,172.31.40.0-255,1438,181333,73,228065
1298,0.031836,74.125.68.0-255,5738,187071,73,228065
1299,0.031845,172.31.40.0-255,66,187137,73,228065
1300,0.03275,104.244.42.0-255,60,187197,73,228065
1301,0.032783,104.244.42.0-255,60,187257,73,228065
1302,0.032831,104.244.42.0-255,60,187317,73,228065
1303,0.032876,104.244.42.0-255,60,187377,73,228065
1304,0.032878,104.244.42.0-255,60,187437,73,228065
1305,0.034145,74.125.68.0-255,5738,193175,73,228065
1306,0.034156,172.31.40.0-255,66,193241,73,228065
1307,0.036463,74.125.68.0-255,5738,198979,73,228065
1308,0.036478,172.31.40.0-255,66,199045,73,228065
1309,0.038785,74.125.68.0-255,5738,204783,73,228065
1310,0.0388,172.31.40.0-255,66,204849,73,228065
1311,0.041113,74.125.68.0-255,5738,210587,73,228065
1312,0.041126,172.31.40.0-255,66,210653,73,228065
1313,0.043461,74.125.68.0-255,5738,216391,73,228065
1314,0.043492,172.31.40.0-255,66,216457,73,228065
1315,0.045797,74.125.68.0-255,5738,222195,73,228065
1316,0.045817,172.31.40.0-255,66,222261,73,228065
1317,0.048136,74.125.68.0-255,5738,227999,73,228065
1318,0.048158,172.31.40.0-255,66,228065,73,228065
1319,0.0,74.125.24.0-255,157,157,73,282294
1320,2.3e-05,172.31.40.0-255,66,223,73,282294
1321,3e-05,74.125.24.0-255,1484,1707,73,282294
1322,3.4e-05,172.31.40.0-255,66,1773,73,282294
1323,4.1e-05,74.125.24.0-255,2902,4675,73,282294
1324,4.4e-05,172.31.40.0-255,66,4741,73,282294
1325,5.2e-05,74.125.24.0-255,7156,11897,73,282294
1326,5.5e-05,172.31.40.0-255,66,11963,73,282294
1327,6.3e-05,74.125.24.0-255,7156,19119,73,282294
1328,6.6e-05,172.31.40.0-255,66,19185,73,282294
1329,9.6e-05,74.125.24.0-255,4871,24056,73,282294
1330,9.9e-05,172.31.40.0-255,66,24122,73,282294
1331,0.000107,74.125.24.0-255,6797,30919,73,282294
1332,0.000109,172.31.40.0-255,66,30985,73,282294
1333,0.000204,74.125.24.0-255,1484,32469,73,282294
1334,0.000207,172.31.40.0-255,66,32535,73,282294
1335,0.000229,74.125.24.0-255,2902,35437,73,282294
1336,0.000232,172.31.40.0-255,66,35503,73,282294
1337,0.000235,74.125.24.0-255,1484,36987,73,282294
1338,0.000237,172.31.40.0-255,66,37053,73,282294
1339,0.000271,74.125.24.0-255,4320,41373,73,282294
1340,0.000274,172.31.40.0-255,66,41439,73,282294
1341,0.000282,74.125.24.0-255,6797,48236,73,282294
1342,0.000285,172.31.40.0-255,66,48302,73,282294
1343,0.000292,74.125.24.0-255,7156,55458,73,282294
1344,0.000294,172.31.40.0-255,66,55524,73,282294
1345,0.000318,74.125.24.0-255,4320,59844,73,282294
1346,0.00032,172.31.40.0-255,66,59910,73,282294
1347,0.000364,74.125.24.0-255,5656,65566,73,282294
1348,0.000367,172.31.40.0-255,66,65632,73,282294
1349,0.000384,74.125.24.0-255,378,66010,73,282294
1350,0.000386,172.31.40.0-255,66,66076,73,282294
1351,0.000421,74.125.24.0-255,1484,67560,73,282294
1352,0.000434,74.125.24.0-255,1484,69044,73,282294
1353,0.000436,172.31.40.0-255,66,69110,73,282294
1354,0.00044,74.125.24.0-255,1484,70594,73,282294
1355,0.000459,74.125.24.0-255,2902,73496,73,282294
1356,0.000461,172.31.40.0-255,66,73562,73,282294
1357,0.000495,74.125.24.0-255,4320,77882,73,282294
1358,0.000498,172.31.40.0-255,66,77948,73,282294
1359,0.00052,74.125.24.0-255,5379,83327,73,282294
1360,0.000523,172.31.40.0-255,66,83393,73,282294
1361,0.000551,172.31.40.0-255,66,83459,73,282294
1362,0.000558,74.125.24.0-255,5738,89197,73,282294
1363,0.000561,172.31.40.0-255,66,89263,73,282294
1364,0.000582,74.125.24.0-255,1125,90388,73,282294
1365,0.000927,74.125.24.0-255,1484,91872,73,282294
1366,0.000933,172.31.40.0-255,66,91938,73,282294
1367,0.00094,74.125.24.0-255,2902,94840,73,282294
1368,0.000942,172.31.40.0-255,66,94906,73,282294
1369,0.000949,74.125.24.0-255,5738,100644,73,282294
1370,0.000952,172.31.40.0-255,66,100710,73,282294
1371,0.000957,74.125.24.0-255,4320,105030,73,282294
1372,0.000959,172.31.40.0-255,66,105096,73,282294
1373,0.001013,172.31.40.0-255,66,105162,73,282294
1374,0.001043,172.31.40.0-255,66,105228,73,282294
1375,0.001101,74.125.24.0-255,1484,106712,73,282294
1376,0.001106,74.125.24.0-255,1484,108196,73,282294
1377,0.001109,172.31.40.0-255,66,108262,73,282294
1378,0.001127,74.125.24.0-255,1484,109746,73,282294
1379,0.00113,74.125.24.0-255,1484,111230,73,282294
1380,0.001135,172.31.40.0-255,66,111296,73,282294
1381,0.001157,74.125.24.0-255,4320,115616,73,282294
1382,0.00116,172.31.40.0-255,66,115682,73,282294
1383,0.001173,172.31.40.0-255,66,115748,73,282294
1384,0.001184,172.31.40.0-255,66,115814,73,282294
1385,0.001212,74.125.24.0-255,2184,117998,73,282294
1386,0.001215,172.31.40.0-255,66,118064,73,282294
1387,0.001961,74.125.24.0-255,1484,119548,73,282294
1388,0.001967,74.125.24.0-255,2902,122450,73,282294
1389,0.001973,172.31.40.0-255,66,122516,73,282294
1390,0.001988,74.125.24.0-255,5738,128254,73,282294
1391,0.00199,172.31.40.0-255,66,128320,73,282294
1392,0.002008,74.125.24.0-255,4320,132640,73,282294
1393,0.002011,172.31.40.0-255,66,132706,73,282294
1394,0.002045,172.31.40.0-255,66,132772,73,282294
1395,0.002064,74.125.24.0-255,4320,137092,73,282294
1396,0.002067,172.31.40.0-255,66,137158,73,282294
1397,0.002093,74.125.24.0-255,6438,143596,73,282294
1398,0.002096,172.31.40.0-255,66,143662,73,282294
1399,0.004158,74.125.24.0-255,5738,149400,73,282294
1400,0.004165,172.31.40.0-255,66,149466,73,282294
1401,0.006221,74.125.24.0-255,5738,155204,73,282294
1402,0.006226,172.31.40.0-255,66,155270,73,282294
1403,0.008261,74.125.24.0-255,5738,161008,73,282294
1404,0.008269,172.31.40.0-255,66,161074,73,282294
1405,0.01031,74.125.24.0-255,5738,166812,73,282294
1406,0.010317,172.31.40.0-255,66,166878,73,282294
1407,0.012372,74.125.24.0-255,5738,172616,73,282294
1408,0.01238,172.31.40.0-255,66,172682,73,282294
1409,0.014435,74.125.24.0-255,1484,174166,73,282294
1410,0.014461,74.125.24.0-255,4320,178486,73,282294
1411,0.014466,172.31.40.0-255,66,178552,73,282294
1412,0.016531,74.125.24.0-255,5738,184290,73,282294
1413,0.016539,172.31.40.0-255,66,184356,73,282294
1414,0.018615,74.125.24.0-255,5738,190094,73,282294
1415,0.018622,172.31.40.0-255,66,190160,73,282294
1416,0.020692,74.125.24.0-255,4320,194480,73,282294
1417,0.020698,172.31.40.0-255,66,194546,73,282294
1418,0.020741,74.125.24.0-255,1484,196030,73,282294
1419,0.022738,74.125.24.0-255,4320,200350,73,282294
1420,0.022746,172.31.40.0-255,66,200416,73,282294
1421,0.024804,74.125.24.0-255,5738,206154,73,282294
1422,0.02481,172.31.40.0-255,66,206220,73,282294
1423,0.025746,172.31.40.0-255,172,206392,73,282294
1424,0.025773,172.31.40.0-255,1114,207506,73,282294
1425,0.025826,172.31.40.0-255,1514,209020,73,282294
1426,0.025828,172.31.40.0-255,1514,210534,73,282294
1427,0.025832,172.31.40.0-255,1514,212048,73,282294
1428,0.025833,172.31.40.0-255,160,212208,73,282294
1429,0.026868,74.125.24.0-255,5738,217946,73,282294
1430,0.026873,172.31.40.0-255,66,218012,73,282294
1431,0.027347,104.244.42.0-255,66,218078,73,282294
1432,0.027374,104.244.42.0-255,66,218144,73,282294
1433,0.027433,104.244.42.0-255,66,218210,73,282294
1434,0.027446,104.244.42.0-255,66,218276,73,282294
1435,0.02814,104.244.42.0-255,108,218384,73,282294
1436,0.028147,172.31.40.0-255,66,218450,73,282294
1437,0.02892,74.125.24.0-255,5738,224188,73,282294
1438,0.028926,172.31.40.0-255,66,224254,73,282294
1439,0.031018,74.125.24.0-255,5738,229992,73,282294
1440,0.031024,172.31.40.0-255,66,230058,73,282294
1441,0.033056,74.125.24.0-255,5738,235796,73,282294
1442,0.033063,172.31.40.0-255,66,235862,73,282294
1443,0.035136,74.125.24.0-255,5738,241600,73,282294
1444,0.035141,172.31.40.0-255,66,241666,73,282294
1445,0.037218,74.125.24.0-255,5738,247404,73,282294
1446,0.037225,172.31.40.0-255,66,247470,73,282294
1447,0.039271,74.125.24.0-255,5738,253208,73,282294
1448,0.039277,172.31.40.0-255,66,253274,73,282294
1449,0.041334,74.125.24.0-255,5738,259012,73,282294
1450,0.041341,172.31.40.0-255,66,259078,73,282294
1451,0.043387,74.125.24.0-255,5738,264816,73,282294
1452,0.043394,172.31.40.0-255,66,264882,73,282294
1453,0.045453,74.125.24.0-255,5738,270620,73,282294
1454,0.045462,172.31.40.0-255,66,270686,73,282294
1455,0.047545,74.125.24.0-255,5738,276424,73,282294
1456,0.047552,172.31.40.0-255,66,276490,73,282294
1457,0.049631,74.125.24.0-255,5738,282228,73,282294
1458,0.049638,172.31.40.0-255,66,282294,73,282294
1459,0.0,74.125.200.0-255,153,153,73,374177
1460,1.8e-05,172.31.40.0-255,66,219,73,374177
1461,2.5e-05,74.125.200.0-255,1484,1703,73,374177
1462,2.9e-05,172.31.40.0-255,66,1769,73,374177
1463,3.5e-05,74.125.200.0-255,2902,4671,73,374177
1464,3.9e-05,172.31.40.0-255,66,4737,73,374177
1465,4.6e-05,74.125.200.0-255,5738,10475,73,374177
1466,4.9e-05,172.31.40.0-255,66,10541,73,374177
1467,5.2e-05,74.125.200.0-255,1484,12025,73,374177
1468,5.4e-05,172.31.40.0-255,66,12091,73,374177
1469,0.000109,172.31.40.0-255,66,12157,73,374177
1470,0.000114,74.125.200.0-255,4320,16477,73,374177
1471,0.000116,172.31.40.0-255,66,16543,73,374177
1472,0.000151,74.125.200.0-255,5379,21922,73,374177
1473,0.000154,172.31.40.0-255,66,21988,73,374177
1474,0.00022,74.125.200.0-255,1484,23472,73,374177
1475,0.000224,172.31.40.0-255,66,23538,73,374177
1476,0.000246,74.125.200.0-255,2902,26440,73,374177
1477,0.000248,172.31.40.0-255,66,26506,73,374177
1478,0.000252,74.125.200.0-255,1484,27990,73,374177
1479,0.000254,172.31.40.0-255,66,28056,73,374177
1480,0.00026,74.125.200.0-255,2902,30958,73,374177
1481,0.000262,172.31.40.0-255,66,31024,73,374177
1482,0.000265,74.125.200.0-255,1484,32508,73,374177
1483,0.000267,172.31.40.0-255,66,32574,73,374177
1484,0.000293,74.125.200.0-255,4320,36894,73,374177
1485,0.000296,172.31.40.0-255,66,36960,73,374177
1486,0.000302,74.125.200.0-255,5738,42698,73,374177
1487,0.000304,172.31.40.0-255,66,42764,73,374177
1488,0.000309,74.125.200.0-255,2902,45666,73,374177
1489,0.000311,172.31.40.0-255,66,45732,73,374177
1490,0.000338,74.125.200.0-255,4320,50052,73,374177
1491,0.000341,172.31.40.0-255,66,50118,73,374177
1492,0.000345,74.125.200.0-255,2902,53020,73,374177
1493,0.000347,172.31.40.0-255,66,53086,73,374177
1494,0.000364,74.125.200.0-255,3602,56688,73,374177
1495,0.000367,172.31.40.0-255,66,56754,73,374177
1496,0.000369,74.125.200.0-255,427,57181,73,374177
1497,0.0005,74.125.200.0-255,1484,58665,73,374177
1498,0.000504,172.31.40.0-255,66,58731,73,374177
1499,0.000509,74.125.200.0-255,2902,61633,73,374177
1500,0.000512,172.31.40.0-255,66,61699,73,374177
1501,0.000539,74.125.200.0-255,5738,67437,73,374177
1502,0.000542,172.31.40.0-255,66,67503,73,374177
1503,0.000546,74.125.200.0-255,2902,70405,73,374177
1504,0.000548,172.31.40.0-255,66,70471,73,374177
1505,0.000563,74.125.200.0-255,4320,74791,73,374177
1506,0.000565,172.31.40.0-255,66,74857,73,374177
1507,0.000583,74.125.200.0-255,4320,79177,73,374177
1508,0.000587,172.31.40.0-255,66,79243,73,374177
1509,0.000614,74.125.200.0-255,4320,83563,73,374177
1510,0.000619,74.125.200.0-255,4320,87883,73,374177
1511,0.000623,172.31.40.0-255,66,87949,73,374177
1512,0.000626,172.31.40.0-255,66,88015,73,374177
1513,0.00065,74.125.200.0-255,3883,91898,73,374177
1514,0.000653,172.31.40.0-255,66,91964,73,374177
1515,0.000977,74.125.200.0-255,1484,93448,73,374177
1516,0.001025,74.125.200.0-255,1484,94932,73,374177
1517,0.001028,172.31.40.0-255,66,94998,73,374177
1518,0.001041,74.125.200.0-255,2902,97900,73,374177
1519,0.001044,172.31.40.0-255,66,97966,73,374177
1520,0.001066,74.125.200.0-255,2902,100868,73,374177
1521,0.001068,172.31.40.0-255,66,100934,73,374177
1522,0.001081,74.125.200.0-255,2902,103836,73,374177
1523,0.001084,172.31.40.0-255,66,103902,73,374177
1524,0.001095,74.125.200.0-255,1484,105386,73,374177
1525,0.001105,74.125.200.0-255,1484,106870,73,374177
1526,0.001107,172.31.40.0-255,66,106936,73,374177
1527,0.001119,74.125.200.0-255,2902,109838,73,374177
1528,0.001123,172.31.40.0-255,66,109904,73,374177
1529,0.001164,74.125.200.0-255,1484,111388,73,374177
1530,0.001167,74.125.200.0-255,1484,112872,73,374177
1531,0.001169,172.31.40.0-255,66,112938,73,374177
1532,0.001183,74.125.200.0-255,1484,114422,73,374177
1533,0.001187,74.125.200.0-255,2902,117324,73,374177
1534,0.001189,172.31.40.0-255,66,117390,73,374177
1535,0.00121,74.125.200.0-255,2902,120292,73,374177
1536,0.001212,74.125.200.0-255,1484,121776,73,374177
1537,0.001215,172.31.40.0-255,66,121842,73,374177
1538,0.001236,74.125.200.0-255,5020,126862,73,374177
1539,0.001238,172.31.40.0-255,66,126928,73,374177
1540,0.001516,74.125.200.0-255,1484,128412,73,374177
1541,0.001521,74.125.200.0-255,1484,129896,73,374177
1542,0.001523,172.31.40.0-255,66,129962,73,374177
1543,0.001542,74.125.200.0-255,1484,131446,73,374177
1544,0.001549,74.125.200.0-255,5738,137184,73,374177
1545,0.001552,172.31.40.0-255,66,137250,73,374177
1546,0.001573,74.125.200.0-255,7156,144406,73,374177
1547,0.001577,172.31.40.0-255,66,144472,73,374177
1548,0.001606,172.31.40.0-255,66,144538,73,374177
1549,0.00161,74.125.200.0-255,2902,147440,73,374177
1550,0.001612,172.31.40.0-255,66,147506,73,374177
1551,0.00164,74.125.200.0-255,5020,152526,73,374177
1552,0.001643,172.31.40.0-255,66,152592,73,374177
1553,0.001653,172.31.40.0-255,66,152658,73,374177
1554,0.001669,74.125.200.0-255,5738,158396,73,374177
1555,0.001672,172.31.40.0-255,66,158462,73,374177
1556,0.001688,74.125.200.0-255,4320,162782,73,374177
1557,0.001691,172.31.40.0-255,66,162848,73,374177
1558,0.001733,172.31.40.0-255,66,162914,73,374177
1559,0.001746,74.125.200.0-255,1484,164398,73,374177
1560,0.001752,74.125.200.0-255,3602,168000,73,374177
1561,0.001754,172.31.40.0-255,66,168066,73,374177
1562,0.001759,74.125.200.0-255,4320,172386,73,374177
1563,0.001762,172.31.40.0-255,66,172452,73,374177
1564,0.001766,74.125.200.0-255,2902,175354,73,374177
1565,0.001768,172.31.40.0-255,66,175420,73,374177
1566,0.001791,74.125.200.0-255,4320,179740,73,374177
1567,0.001796,172.31.40.0-255,66,179806,73,374177
1568,0.001811,74.125.200.0-255,4320,184126,73,374177
1569,0.001813,172.31.40.0-255,66,184192,73,374177
1570,0.001828,74.125.200.0-255,4320,188512,73,374177
1571,0.00183,172.31.40.0-255,66,188578,73,374177
1572,0.001835,74.125.200.0-255,2902,191480,73,374177
1573,0.001837,172.31.40.0-255,66,191546,73,374177
1574,0.001841,74.125.200.0-255,4320,195866,73,374177
1575,0.001844,172.31.40.0-255,66,195932,73,374177
1576,0.001885,74.125.200.0-255,6438,202370,73,374177
1577,0.001889,172.31.40.0-255,66,202436,73,374177
1578,0.001892,74.125.200.0-255,1484,203920,73,374177
1579,0.001909,74.125.200.0-255,5738,209658,73,374177
1580,0.001912,172.31.40.0-255,66,209724,73,374177
1581,0.001939,74.125.200.0-255,7156,216880,73,374177
1582,0.001942,172.31.40.0-255,66,216946,73,374177
1583,0.001947,74.125.200.0-255,4320,221266,73,374177
1584,0.00195,172.31.40.0-255,66,221332,73,374177
1585,0.001978,74.125.200.0-255,4320,225652,73,374177
1586,0.00199,172.31.40.0-255,66,225718,73,374177
1587,0.001998,172.31.40.0-255,66,225784,73,374177
1588,0.002002,74.125.200.0-255,2184,227968,73,374177
1589,0.002005,172.31.40.0-255,66,228034,73,374177
1590,0.003966,74.125.200.0-255,5738,233772,73,374177
1591,0.003972,172.31.40.0-255,66,233838,73,374177
1592,0.005945,74.125.200.0-255,5738,239576,73,374177
1593,0.005948,172.31.40.0-255,66,239642,73,374177
1594,0.007919,74.125.200.0-255,5738,245380,73,374177
1595,0.007925,172.31.40.0-255,66,245446,73,374177
1596,0.009933,74.125.200.0-255,5738,251184,73,374177
1597,0.009948,172.31.40.0-255,66,251250,73,374177
1598,0.011935,74.125.200.0-255,5738,256988,73,374177
1599,0.011948,172.31.40.0-255,66,257054,73,374177
1600,0.013973,74.125.200.0-255,5738,262792,73,374177
1601,0.013985,172.31.40.0-255,66,262858,73,374177
1602,0.015963,74.125.200.0-255,5738,268596,73,374177
1603,0.015971,172.31.40.0-255,66,268662,73,374177
1604,0.01796,74.125.200.0-255,5738,274400,73,374177
1605,0.017967,172.31.40.0-255,66,274466,73,374177
1606,0.019949,74.125.200.0-255,5738,280204,73,374177
1607,0.019957,172.31.40.0-255,66,280270,73,374177
1608,0.021952,74.125.200.0-255,5738,286008,73,374177
1609,0.021964,172.31.40.0-255,66,286074,73,374177
1610,0.023942,74.125.200.0-255,5738,291812,73,374177
1611,0.023952,172.31.40.0-255,66,291878,73,374177
1612,0.025925,74.125.200.0-255,5738,297616,73,374177
1613,0.025932,172.31.40.0-255,66,297682,73,374177
1614,0.027914,74.125.200.0-255,5738,303420,73,374177
1615,0.027921,172.31.40.0-255,66,303486,73,374177
1616,0.029911,74.125.200.0-255,2902,306388,73,374177
1617,0.029924,172.31.40.0-255,66,306454,73,374177
1618,0.029949,74.125.200.0-255,2902,309356,73,374177
1619,0.029952,172.31.40.0-255,66,309422,73,374177
1620,0.031893,74.125.200.0-255,2902,312324,73,374177
1621,0.031902,172.31.40.0-255,66,312390,73,374177
1622,0.031923,74.125.200.0-255,2902,315292,73,374177
1623,0.031925,172.31.40.0-255,66,315358,73,374177
1624,0.033863,74.125.200.0-255,2902,318260,73,374177
1625,0.033871,172.31.40.0-255,66,318326,73,374177
1626,0.033895,74.125.200.0-255,2902,321228,73,374177
1627,0.033898,172.31.40.0-255,66,321294,73,374177
1628,0.035853,74.125.200.0-255,5738,327032,73,374177
1629,0.035863,172.31.40.0-255,66,327098,73,374177
1630,0.037896,74.125.200.0-255,5738,332836,73,374177
1631,0.037909,172.31.40.0-255,66,332902,73,374177
1632,0.039879,74.125.200.0-255,5738,338640,73,374177
1633,0.03989,172.31.40.0-255,66,338706,73,374177
1634,0.041908,74.125.200.0-255,5738,344444,73,374177
1635,0.041917,172.31.40.0-255,66,344510,73,374177
1636,0.042516,172.31.40.0-255,172,344682,73,374177
1637,0.04255,172.31.40.0-255,1115,345797,73,374177
1638,0.042629,172.31.40.0-255,1514,347311,73,374177
1639,0.042631,172.31.40.0-255,1514,348825,73,374177
1640,0.042636,172.31.40.0-255,1514,350339,73,374177
1641,0.042637,172.31.40.0-255,358,350697,73,374177
1642,0.043895,74.125.200.0-255,5738,356435,73,374177
1643,0.0439,172.31.40.0-255,66,356501,73,374177
1644,0.043998,104.244.42.0-255,66,356567,73,374177
1645,0.044026,104.244.42.0-255,66,356633,73,374177
1646,0.044128,104.244.42.0-255,66,356699,73,374177
1647,0.044133,104.244.42.0-255,66,356765,73,374177
1648,0.045901,74.125.200.0-255,5738,362503,73,374177
1649,0.045917,172.31.40.0-255,66,362569,73,374177
1650,0.047901,74.125.200.0-255,5738,368307,73,374177
1651,0.047912,172.31.40.0-255,66,368373,73,374177
1652,0.049892,74.125.200.0-255,5738,374111,73,374177
1653,0.049906,172.31.40.0-255,66,374177,73,374177
1654,0.0,172.31.40.0-255,176,176,73,242
1655,0.005822,74.125.24.0-255,66,242,73,242
1656,0.0,172.217.194.0-255,153,153,73,219836
1657,2.5e-05,172.31.40.0-255,66,219,73,219836
1658,3.2e-05,172.217.194.0-255,1484,1703,73,219836
1659,3.7e-05,172.31.40.0-255,66,1769,73,219836
1660,4.3e-05,172.217.194.0-255,2902,4671,73,219836
1661,4.7e-05,172.31.40.0-255,66,4737,73,219836
1662,5.4e-05,172.217.194.0-255,5738,10475,73,219836
1663,5.8e-05,172.31.40.0-255,66,10541,73,219836
1664,7.1e-05,172.31.40.0-255,66,10607,73,219836
1665,9.8e-05,172.217.194.0-255,2125,12732,73,219836
1666,0.000101,172.31.40.0-255,66,12798,73,219836
1667,0.000109,172.217.194.0-255,6797,19595,73,219836
1668,0.000111,172.31.40.0-255,66,19661,73,219836
1669,0.000185,172.217.194.0-255,1484,21145,73,219836
1670,0.000188,172.31.40.0-255,66,21211,73,219836
1671,0.000193,172.217.194.0-255,2902,24113,73,219836
1672,0.000195,172.31.40.0-255,66,24179,73,219836
1673,0.000209,172.217.194.0-255,2902,27081,73,219836
1674,0.000212,172.31.40.0-255,66,27147,73,219836
1675,0.000227,172.217.194.0-255,2902,30049,73,219836
1676,0.00023,172.31.40.0-255,66,30115,73,219836
1677,0.000237,172.217.194.0-255,6797,36912,73,219836
1678,0.000239,172.31.40.0-255,66,36978,73,219836
1679,0.000245,172.217.194.0-255,4320,41298,73,219836
1680,0.000247,172.31.40.0-255,66,41364,73,219836
1681,0.000286,172.31.40.0-255,66,41430,73,219836
1682,0.00029,172.217.194.0-255,2834,44264,73,219836
1683,0.000293,172.31.40.0-255,66,44330,73,219836
1684,0.000296,172.217.194.0-255,365,44695,73,219836
1685,0.000298,172.31.40.0-255,66,44761,73,219836
1686,0.00077,172.217.194.0-255,1484,46245,73,219836
1687,0.000777,172.217.194.0-255,2902,49147,73,219836
1688,0.000782,172.31.40.0-255,66,49213,73,219836
1689,0.00079,172.217.194.0-255,5738,54951,73,219836
1690,0.000792,172.31.40.0-255,66,55017,73,219836
1691,0.000842,172.31.40.0-255,66,55083,73,219836
1692,0.00085,172.217.194.0-255,7156,62239,73,219836
1693,0.000852,172.31.40.0-255,66,62305,73,219836
1694,0.000876,172.217.194.0-255,3602,65907,73,219836
1695,0.00088,172.31.40.0-255,66,65973,73,219836
1696,0.000916,172.217.194.0-255,1484,67457,73,219836
1697,0.00093,172.217.194.0-255,2902,70359,73,219836
1698,0.000933,172.31.40.0-255,66,70425,73,219836
1699,0.000936,172.217.194.0-255,1484,71909,73,219836
1700,0.000956,172.217.194.0-255,4320,76229,73,219836
1701,0.000959,172.31.40.0-255,66,76295,73,219836
1702,0.000987,172.31.40.0-255,66,76361,73,219836
1703,0.001009,172.217.194.0-255,2902,79263,73,219836
1704,0.001013,172.31.40.0-255,66,79329,73,219836
1705,0.001025,172.31.40.0-255,66,79395,73,219836
1706,0.001051,172.217.194.0-255,7156,86551,73,219836
1707,0.001054,172.31.40.0-255,66,86617,73,219836
1708,0.001102,172.217.194.0-255,4320,90937,73,219836
1709,0.001138,172.217.194.0-255,4320,95257,73,219836
1710,0.001147,172.31.40.0-255,66,95323,73,219836
1711,0.001181,172.31.40.0-255,66,95389,73,219836
1712,0.001202,172.217.194.0-255,6438,101827,73,219836
1713,0.001214,172.31.40.0-255,66,101893,73,219836
1714,0.001232,172.217.194.0-255,5738,107631,73,219836
1715,0.001252,172.31.40.0-255,66,107697,73,219836
1716,0.001257,172.217.194.0-255,1484,109181,73,219836
1717,0.001259,172.217.194.0-255,1484,110665,73,219836
1718,0.001273,172.31.40.0-255,66,110731,73,219836
1719,0.00128,172.217.194.0-255,1484,112215,73,219836
1720,0.001284,172.217.194.0-255,2902,115117,73,219836
1721,0.001323,172.31.40.0-255,66,115183,73,219836
1722,0.001458,172.217.194.0-255,1484,116667,73,219836
1723,0.001464,172.217.194.0-255,2902,119569,73,219836
1724,0.001477,172.217.194.0-255,1484,121053,73,219836
1725,0.00148,172.31.40.0-255,66,121119,73,219836
1726,0.001493,172.217.194.0-255,4320,125439,73,219836
1727,0.001501,172.217.194.0-255,7156,132595,73,219836
1728,0.001522,172.217.194.0-255,2902,135497,73,219836
1729,0.001534,172.31.40.0-255,66,135563,73,219836
1730,0.001557,172.217.194.0-255,2184,137747,73,219836
1731,0.001609,172.217.194.0-255,1484,139231,73,219836
1732,0.001613,172.217.194.0-255,2902,142133,73,219836
1733,0.001619,172.217.194.0-255,5738,147871,73,219836
1734,0.001628,172.31.40.0-255,66,147937,73,219836
1735,0.001636,172.217.194.0-255,1484,149421,73,219836
1736,0.001686,172.31.40.0-255,66,149487,73,219836
1737,0.001729,172.217.194.0-255,6438,155925,73,219836
1738,0.001738,172.217.194.0-255,7156,163081,73,219836
1739,0.001743,172.31.40.0-255,66,163147,73,219836
1740,0.001794,172.31.40.0-255,66,163213,73,219836
1741,0.001797,172.217.194.0-255,1484,164697,73,219836
1742,0.001851,172.217.194.0-255,4320,169017,73,219836
1743,0.001867,172.217.194.0-255,6438,175455,73,219836
1744,0.001874,172.217.194.0-255,7156,182611,73,219836
1745,0.001881,172.31.40.0-255,66,182677,73,219836
1746,0.001891,172.217.194.0-255,4320,186997,73,219836
1747,0.001893,172.217.194.0-255,1484,188481,73,219836
1748,0.001906,172.217.194.0-255,5738,194219,73,219836
1749,0.001922,172.217.194.0-255,7156,201375,73,219836
1750,0.001927,172.31.40.0-255,66,201441,73,219836
1751,0.001948,172.217.194.0-255,5738,207179,73,219836
1752,0.001952,172.217.194.0-255,2902,210081,73,219836
1753,0.001976,172.31.40.0-255,66,210147,73,219836
1754,0.001981,172.31.40.0-255,66,210213,73,219836
1755,0.002007,172.217.194.0-255,2863,213076,73,219836
1756,0.002011,172.217.194.0-255,105,213181,73,219836
1757,0.002016,172.31.40.0-255,66,213247,73,219836
1758,0.011027,172.31.40.0-255,105,213352,73,219836
1759,0.013097,172.217.194.0-255,66,213418,73,219836
1760,0.032409,172.31.40.0-255,172,213590,73,219836
1761,0.032452,172.31.40.0-255,1110,214700,73,219836
1762,0.032522,172.31.40.0-255,1514,216214,73,219836
1763,0.032524,172.31.40.0-255,1514,217728,73,219836
1764,0.032525,172.31.40.0-255,1514,219242,73,219836
1765,0.032526,172.31.40.0-255,330,219572,73,219836
1766,0.033949,104.244.42.0-255,66,219638,73,219836
1767,0.033989,104.244.42.0-255,66,219704,73,219836
1768,0.034085,104.244.42.0-255,66,219770,73,219836
1769,0.034108,104.244.42.0-255,66,219836,73,219836
1770,0.0,172.217.194.0-255,153,153,73,277592
1771,1.4e-05,172.31.40.0-255,66,219,73,277592
1772,2e-05,172.217.194.0-255,1484,1703,73,277592
1773,2.5e-05,172.31.40.0-255,66,1769,73,277592
1774,3.6e-05,172.217.194.0-255,2902,4671,73,277592
1775,4e-05,172.31.40.0-255,66,4737,73,277592
1776,4.8e-05,172.217.194.0-255,7156,11893,73,277592
1777,5.1e-05,172.31.40.0-255,66,11959,73,277592
1778,5.5e-05,172.217.194.0-255,2022,13981,73,277592
1779,5.7e-05,172.31.40.0-255,66,14047,73,277592
1780,0.000105,172.217.194.0-255,1484,15531,73,277592
1781,0.000108,172.31.40.0-255,66,15597,73,277592
1782,0.000122,172.217.194.0-255,2902,18499,73,277592
1783,0.000129,172.31.40.0-255,66,18565,73,277592
1784,0.000135,172.217.194.0-255,5738,24303,73,277592
1785,0.000137,172.31.40.0-255,66,24369,73,277592
1786,0.000173,172.217.194.0-255,5738,30107,73,277592
1787,0.000176,172.31.40.0-255,66,30173,73,277592
1788,0.000193,172.217.194.0-255,4320,34493,73,277592
1789,0.000199,172.31.40.0-255,66,34559,73,277592
1790,0.000241,172.31.40.0-255,66,34625,73,277592
1791,0.000246,172.217.194.0-255,3961,38586,73,277592
1792,0.000249,172.31.40.0-255,66,38652,73,277592
1793,0.000252,172.217.194.0-255,1484,40136,73,277592
1794,0.000253,172.31.40.0-255,66,40202,73,277592
1795,0.000287,172.31.40.0-255,66,40268,73,277592
1796,0.00029,172.217.194.0-255,677,40945,73,277592
1797,0.000292,172.31.40.0-255,66,41011,73,277592
1798,0.0008,172.217.194.0-255,1484,42495,73,277592
1799,0.000806,172.31.40.0-255,66,42561,73,277592
1800,0.000812,172.217.194.0-255,2902,45463,73,277592
1801,0.000817,172.217.194.0-255,5738,51201,73,277592
1802,0.000846,172.217.194.0-255,7156,58357,73,277592
1803,0.000859,172.217.194.0-255,5738,64095,73,277592
1804,0.000863,172.217.194.0-255,2902,66997,73,277592
1805,0.001039,172.217.194.0-255,1484,68481,73,277592
1806,0.001044,172.217.194.0-255,1484,69965,73,277592
1807,0.00106,172.217.194.0-255,1484,71449,73,277592
1808,0.001066,172.217.194.0-255,5738,77187,73,277592
1809,0.001079,172.217.194.0-255,2902,80089,73,277592
1810,0.001113,172.217.194.0-255,1484,81573,73,277592
1811,0.001117,172.217.194.0-255,2902,84475,73,277592
1812,0.001307,172.217.194.0-255,1484,85959,73,277592
1813,0.001313,172.217.194.0-255,2902,88861,73,277592
1814,0.001336,172.217.194.0-255,5738,94599,73,277592
1815,0.001352,172.217.194.0-255,4320,98919,73,277592
1816,0.001366,172.217.194.0-255,7156,106075,73,277592
1817,0.001375,172.217.194.0-255,1484,107559,73,277592
1818,0.001378,172.217.194.0-255,1484,109043,73,277592
1819,0.001391,172.217.194.0-255,7156,116199,73,277592
1820,0.001401,172.217.194.0-255,2184,118383,73,277592
1821,0.001421,172.217.194.0-255,2902,121285,73,277592
1822,0.001437,172.217.194.0-255,4320,125605,73,277592
1823,0.001488,172.217.194.0-255,2902,128507,73,277592
1824,0.00156,172.217.194.0-255,5020,133527,73,277592
1825,0.001723,172.217.194.0-255,1484,135011,73,277592
1826,0.001729,172.217.194.0-255,2902,137913,73,277592
1827,0.001736,172.217.194.0-255,5738,143651,73,277592
1828,0.001749,172.217.194.0-255,1484,145135,73,277592
1829,0.001816,172.217.194.0-255,2184,147319,73,277592
1830,0.001829,172.217.194.0-255,2902,150221,73,277592
1831,0.00184,172.217.194.0-255,1484,151705,73,277592
1832,0.001851,172.217.194.0-255,2902,154607,73,277592
1833,0.001854,172.217.194.0-255,1484,156091,73,277592
1834,0.001876,172.217.194.0-255,7156,163247,73,277592
1835,0.001899,172.217.194.0-255,4320,167567,73,277592
1836,0.002026,172.217.194.0-255,1484,169051,73,277592
1837,0.002042,172.217.194.0-255,2902,171953,73,277592
1838,0.002047,172.217.194.0-255,5738,177691,73,277592
1839,0.002071,172.217.194.0-255,2902,180593,73,277592
1840,0.002088,172.217.194.0-255,5738,186331,73,277592
1841,0.002112,172.217.194.0-255,4320,190651,73,277592
1842,0.002118,172.217.194.0-255,7156,197807,73,277592
1843,0.002141,172.217.194.0-255,3602,201409,73,277592
1844,0.002174,172.217.194.0-255,4320,205729,73,277592
1845,0.00219,172.217.194.0-255,5738,211467,73,277592
1846,0.002204,172.217.194.0-255,4320,215787,73,277592
1847,0.002206,172.217.194.0-255,1484,217271,73,277592
1848,0.002246,172.217.194.0-255,2902,220173,73,277592
1849,0.002298,172.217.194.0-255,1484,221657,73,277592
1850,0.002302,172.217.194.0-255,2902,224559,73,277592
1851,0.002308,172.217.194.0-255,5738,230297,73,277592
1852,0.002321,172.217.194.0-255,1484,231781,73,277592
1853,0.002345,172.217.194.0-255,7156,238937,73,277592
1854,0.002369,172.217.194.0-255,4320,243257,73,277592
1855,0.002509,172.217.194.0-255,4320,247577,73,277592
1856,0.004757,172.31.40.0-255,66,247643,73,277592
1857,0.007157,172.217.194.0-255,5738,253381,73,277592
1858,0.007164,172.31.40.0-255,66,253447,73,277592
1859,0.009557,172.217.194.0-255,5738,259185,73,277592
1860,0.009565,172.31.40.0-255,66,259251,73,277592
1861,0.011963,172.217.194.0-255,5738,264989,73,277592
1862,0.012802,172.31.40.0-255,66,265055,73,277592
1863,0.015199,172.217.194.0-255,4352,269407,73,277592
1864,0.015208,172.31.40.0-255,66,269473,73,277592
1865,0.015441,172.31.40.0-255,105,269578,73,277592
1866,0.017758,172.217.194.0-255,66,269644,73,277592
1867,0.025783,172.31.40.0-255,172,269816,73,277592
1868,0.02581,172.31.40.0-255,1115,270931,73,277592
1869,0.025869,172.31.40.0-255,1514,272445,73,277592
1870,0.025871,172.31.40.0-255,1514,273959,73,277592
1871,0.025875,172.31.40.0-255,1514,275473,73,277592
1872,0.025876,172.31.40.0-255,1514,276987,73,277592
1873,0.0259,172.31.40.0-255,341,277328,73,277592
1874,0.027352,104.244.42.0-255,66,277394,73,277592
1875,0.027404,104.244.42.0-255,66,277460,73,277592
1876,0.02749,104.244.42.0-255,66,277526,73,277592
1877,0.027503,104.244.42.0-255,66,277592,73,277592
1878,0.0,74.125.68.0-255,153,153,73,312128
1879,1.2e-05,172.31.40.0-255,66,219,73,312128
1880,3.9e-05,74.125.68.0-255,1484,1703,73,312128
1881,4.4e-05,172.31.40.0-255,66,1769,73,312128
1882,4.7e-05,74.125.68.0-255,1484,3253,73,312128
1883,4.9e-05,172.31.40.0-255,66,3319,73,312128
1884,6.5e-05,74.125.68.0-255,2902,6221,73,312128
1885,6.8e-05,172.31.40.0-255,66,6287,73,312128
1886,7e-05,74.125.68.0-255,1484,7771,73,312128
1887,7.2e-05,172.31.40.0-255,66,7837,73,312128
1888,0.0001,74.125.68.0-255,4320,12157,73,312128
1889,0.000102,172.31.40.0-255,66,12223,73,312128
1890,0.000107,74.125.68.0-255,3439,15662,73,312128
1891,0.000109,172.31.40.0-255,66,15728,73,312128
1892,0.00013,74.125.68.0-255,4320,20048,73,312128
1893,0.000133,172.31.40.0-255,66,20114,73,312128
1894,0.00015,74.125.68.0-255,1484,21598,73,312128
1895,0.000152,172.31.40.0-255,66,21664,73,312128
1896,0.000178,74.125.68.0-255,5738,27402,73,312128
1897,0.00018,172.31.40.0-255,66,27468,73,312128
1898,0.000191,172.31.40.0-255,66,27534,73,312128
1899,0.000207,74.125.68.0-255,2902,30436,73,312128
1900,0.000209,172.31.40.0-255,66,30502,73,312128
1901,0.000235,172.31.40.0-255,66,30568,73,312128
1902,0.000257,74.125.68.0-255,1484,32052,73,312128
1903,0.000259,172.31.40.0-255,66,32118,73,312128
1904,0.00028,74.125.68.0-255,2902,35020,73,312128
1905,0.000282,172.31.40.0-255,66,35086,73,312128
1906,0.000286,74.125.68.0-255,2902,37988,73,312128
1907,0.000288,172.31.40.0-255,66,38054,73,312128
1908,0.00032,74.125.68.0-255,2902,40956,73,312128
1909,0.000322,172.31.40.0-255,66,41022,73,312128
1910,0.000328,74.125.68.0-255,5738,46760,73,312128
1911,0.00033,172.31.40.0-255,66,46826,73,312128
1912,0.00035,74.125.68.0-255,1465,48291,73,312128
1913,0.00047,74.125.68.0-255,1484,49775,73,312128
1914,0.000474,172.31.40.0-255,66,49841,73,312128
1915,0.000478,74.125.68.0-255,1484,51325,73,312128
1916,0.000495,74.125.68.0-255,1484,52809,73,312128
1917,0.000497,172.31.40.0-255,66,52875,73,312128
1918,0.000504,74.125.68.0-255,5738,58613,73,312128
1919,0.000507,172.31.40.0-255,66,58679,73,312128
1920,0.000509,74.125.68.0-255,1484,60163,73,312128
1921,0.000548,172.31.40.0-255,66,60229,73,312128
1922,0.000575,172.31.40.0-255,66,60295,73,312128
1923,0.000594,74.125.68.0-255,2902,63197,73,312128
1924,0.000597,172.31.40.0-255,66,63263,73,312128
1925,0.0006,74.125.68.0-255,766,64029,73,312128
1926,0.001043,74.125.68.0-255,1484,65513,73,312128
1927,0.001049,172.31.40.0-255,66,65579,73,312128
1928,0.001064,74.125.68.0-255,2902,68481,73,312128
1929,0.001067,172.31.40.0-255,66,68547,73,312128
1930,0.001069,74.125.68.0-255,1484,70031,73,312128
1931,0.001096,74.125.68.0-255,2902,72933,73,312128
1932,0.001099,172.31.40.0-255,66,72999,73,312128
1933,0.001123,74.125.68.0-255,5738,78737,73,312128
1934,0.001126,172.31.40.0-255,66,78803,73,312128
1935,0.001129,74.125.68.0-255,1484,80287,73,312128
1936,0.001134,74.125.68.0-255,2902,83189,73,312128
1937,0.001135,172.31.40.0-255,66,83255,73,312128
1938,0.001164,74.125.68.0-255,5738,88993,73,312128
1939,0.001166,172.31.40.0-255,66,89059,73,312128
1940,0.001171,74.125.68.0-255,2902,91961,73,312128
1941,0.001173,172.31.40.0-255,66,92027,73,312128
1942,0.001188,74.125.68.0-255,2902,94929,73,312128
1943,0.00119,172.31.40.0-255,66,94995,73,312128
1944,0.001231,74.125.68.0-255,3602,98597,73,312128
1945,0.001234,172.31.40.0-255,66,98663,73,312128
1946,0.001439,74.125.68.0-255,1484,100147,73,312128
1947,0.001468,74.125.68.0-255,1484,101631,73,312128
1948,0.001472,172.31.40.0-255,66,101697,73,312128
1949,0.001483,74.125.68.0-255,1484,103181,73,312128
1950,0.001503,74.125.68.0-255,5738,108919,73,312128
1951,0.001506,172.31.40.0-255,66,108985,73,312128
1952,0.001513,74.125.68.0-255,7156,116141,73,312128
1953,0.001516,172.31.40.0-255,66,116207,73,312128
1954,0.001536,74.125.68.0-255,5738,121945,73,312128
1955,0.001539,172.31.40.0-255,66,122011,73,312128
1956,0.001561,172.31.40.0-255,66,122077,73,312128
1957,0.001577,74.125.68.0-255,2184,124261,73,312128
1958,0.00158,172.31.40.0-255,66,124327,73,312128
1959,0.001719,74.125.68.0-255,1484,125811,73,312128
1960,0.001724,74.125.68.0-255,1484,127295,73,312128
1961,0.001728,172.31.40.0-255,66,127361,73,312128
1962,0.001732,74.125.68.0-255,1484,128845,73,312128
1963,0.001749,74.125.68.0-255,1484,130329,73,312128
1964,0.001752,172.31.40.0-255,66,130395,73,312128
1965,0.001759,74.125.68.0-255,5738,136133,73,312128
1966,0.001762,172.31.40.0-255,66,136199,73,312128
1967,0.001778,74.125.68.0-255,2902,139101,73,312128
1968,0.00178,172.31.40.0-255,66,139167,73,312128
1969,0.00181,74.125.68.0-255,5738,144905,73,312128
1970,0.001814,172.31.40.0-255,66,144971,73,312128
1971,0.001825,172.31.40.0-255,66,145037,73,312128
1972,0.00183,74.125.68.0-255,3602,148639,73,312128
1973,0.001832,172.31.40.0-255,66,148705,73,312128
1974,0.001836,74.125.68.0-255,1484,150189,73,312128
1975,0.001858,74.125.68.0-255,2902,153091,73,312128
1976,0.001861,172.31.40.0-255,66,153157,73,312128
1977,0.001866,74.125.68.0-255,2902,156059,73,312128
1978,0.001868,172.31.40.0-255,66,156125,73,312128
1979,0.001886,74.125.68.0-255,7156,163281,73,312128
1980,0.001889,172.31.40.0-255,66,163347,73,312128
1981,0.001894,74.125.68.0-255,4320,167667,73,312128
1982,0.001896,172.31.40.0-255,66,167733,73,312128
1983,0.001939,74.125.68.0-255,4320,172053,73,312128
1984,0.001944,172.31.40.0-255,66,172119,73,312128
1985,0.001977,172.31.40.0-255,66,172185,73,312128
1986,0.002134,74.125.68.0-255,1484,173669,73,312128
1987,0.002155,74.125.68.0-255,2902,176571,73,312128
1988,0.00216,172.31.40.0-255,66,176637,73,312128
1989,0.002184,74.125.68.0-255,5738,182375,73,312128
1990,0.002186,172.31.40.0-255,66,182441,73,312128
1991,0.002189,74.125.68.0-255,1484,183925,73,312128
1992,0.00221,74.125.68.0-255,1484,185409,73,312128
1993,0.002212,172.31.40.0-255,66,185475,73,312128
1994,0.004394,74.125.68.0-255,2902,188377,73,312128
1995,0.004403,172.31.40.0-255,66,188443,73,312128
1996,0.004425,74.125.68.0-255,2902,191345,73,312128
1997,0.004428,172.31.40.0-255,66,191411,73,312128
1998,0.00661,74.125.68.0-255,4320,195731,73,312128
1999,0.006617,172.31.40.0-255,66,195797,73,312128
2000,0.006637,74.125.68.0-255,1484,197281,73,312128
2001,0.008817,74.125.68.0-255,4320,201601,73,312128
2002,0.00882,172.31.40.0-255,66,201667,73,312128
2003,0.011027,74.125.68.0-255,5738,207405,73,312128
2004,0.011036,172.31.40.0-255,66,207471,73,312128
2005,0.013262,74.125.68.0-255,5738,213209,73,312128
2006,0.013276,172.31.40.0-255,66,213275,73,312128
2007,0.015493,74.125.68.0-255,5738,219013,73,312128
2008,0.015506,172.31.40.0-255,66,219079,73,312128
2009,0.017733,74.125.68.0-255,5738,224817,73,312128
2010,0.017745,172.31.40.0-255,66,224883,73,312128
2011,0.019986,74.125.68.0-255,5738,230621,73,312128
2012,0.02,172.31.40.0-255,66,230687,73,312128
2013,0.02221,74.125.68.0-255,5738,236425,73,312128
2014,0.022217,172.31.40.0-255,66,236491,73,312128
2015,0.024415,74.125.68.0-255,5738,242229,73,312128
2016,0.024423,172.31.40.0-255,66,242295,73,312128
2017,0.026627,74.125.68.0-255,5738,248033,73,312128
2018,0.026634,172.31.40.0-255,66,248099,73,312128
2019,0.028845,74.125.68.0-255,5738,253837,73,312128
2020,0.028859,172.31.40.0-255,66,253903,73,312128
2021,0.030547,172.31.40.0-255,172,254075,73,312128
2022,0.030578,172.31.40.0-255,1115,255190,73,312128
2023,0.030648,172.31.40.0-255,1514,256704,73,312128
2024,0.030649,172.31.40.0-255,1514,258218,73,312128
2025,0.030653,172.31.40.0-255,1410,259628,73,312128
2026,0.03111,74.125.68.0-255,5738,265366,73,312128
2027,0.031118,172.31.40.0-255,66,265432,73,312128
2028,0.032094,104.244.42.0-255,66,265498,73,312128
2029,0.032151,104.244.42.0-255,66,265564,73,312128
2030,0.032172,104.244.42.0-255,66,265630,73,312128
2031,0.032175,104.244.42.0-255,66,265696,73,312128
2032,0.033324,74.125.68.0-255,5738,271434,73,312128
2033,0.033334,172.31.40.0-255,66,271500,73,312128
2034,0.035555,74.125.68.0-255,5738,277238,73,312128
2035,0.035563,172.31.40.0-255,66,277304,73,312128
2036,0.037773,74.125.68.0-255,5738,283042,73,312128
2037,0.03778,172.31.40.0-255,66,283108,73,312128
2038,0.039993,74.125.68.0-255,5738,288846,73,312128
2039,0.04,172.31.40.0-255,66,288912,73,312128
2040,0.042211,74.125.68.0-255,5738,294650,73,312128
2041,0.042218,172.31.40.0-255,66,294716,73,312128
2042,0.044435,74.125.68.0-255,5738,300454,73,312128
2043,0.044442,172.31.40.0-255,66,300520,73,312128
2044,0.046653,74.125.68.0-255,5738,306258,73,312128
2045,0.046663,172.31.40.0-255,66,306324,73,312128
2046,0.048874,74.125.68.0-255,5738,312062,73,312128
2047,0.048881,172.31.40.0-255,66,312128,73,312128
2048,0.0,74.125.200.0-255,153,153,73,170671
2049,2.3e-05,172.31.40.0-255,66,219,73,170671
2050,3.1e-05,74.125.200.0-255,1484,1703,73,170671
2051,3.6e-05,172.31.40.0-255,66,1769,73,170671
2052,4.2e-05,74.125.200.0-255,2902,4671,73,170671
2053,4.5e-05,172.31.40.0-255,66,4737,73,170671
2054,5.1e-05,74.125.200.0-255,4320,9057,73,170671
2055,5.4e-05,172.31.40.0-255,66,9123,73,170671
2056,7.3e-05,74.125.200.0-255,1484,10607,73,170671
2057,7.6e-05,172.31.40.0-255,66,10673,73,170671
2058,8.1e-05,74.125.200.0-255,3544,14217,73,170671
2059,8.4e-05,172.31.40.0-255,66,14283,73,170671
2060,0.000421,74.125.200.0-255,1484,15767,73,170671
2061,0.000427,172.31.40.0-255,66,15833,73,170671
2062,0.000434,74.125.200.0-255,2902,18735,73,170671
2063,0.000436,172.31.40.0-255,66,18801,73,170671
2064,0.000464,74.125.200.0-255,5738,24539,73,170671
2065,0.000467,172.31.40.0-255,66,24605,73,170671
2066,0.00049,74.125.200.0-255,4320,28925,73,170671
2067,0.000492,172.31.40.0-255,66,28991,73,170671
2068,0.00052,74.125.200.0-255,2543,31534,73,170671
2069,0.000522,172.31.40.0-255,66,31600,73,170671
2070,0.000555,74.125.200.0-255,2902,34502,73,170671
2071,0.000558,172.31.40.0-255,66,34568,73,170671
2072,0.000575,74.125.200.0-255,2902,37470,73,170671
2073,0.000578,172.31.40.0-255,66,37536,73,170671
2074,0.000603,74.125.200.0-255,4320,41856,73,170671
2075,0.000605,172.31.40.0-255,66,41922,73,170671
2076,0.000625,74.125.200.0-255,4320,46242,73,170671
2077,0.000627,172.31.40.0-255,66,46308,73,170671
2078,0.000643,74.125.200.0-255,2543,48851,73,170671
2079,0.000645,172.31.40.0-255,66,48917,73,170671
2080,0.002981,74.125.200.0-255,5738,54655,73,170671
2081,0.002988,172.31.40.0-255,66,54721,73,170671
2082,0.005303,74.125.200.0-255,5738,60459,73,170671
2083,0.006629,172.31.40.0-255,66,60525,73,170671
2084,0.008956,74.125.200.0-255,5738,66263,73,170671
2085,0.008964,172.31.40.0-255,66,66329,73,170671
2086,0.011291,74.125.200.0-255,5738,72067,73,170671
2087,0.012498,172.31.40.0-255,66,72133,73,170671
2088,0.014818,74.125.200.0-255,5738,77871,73,170671
2089,0.014826,172.31.40.0-255,66,77937,73,170671
2090,0.017146,74.125.200.0-255,5738,83675,73,170671
2091,0.017153,172.31.40.0-255,66,83741,73,170671
2092,0.019474,74.125.200.0-255,5738,89479,73,170671
2093,0.019482,172.31.40.0-255,66,89545,73,170671
2094,0.021537,172.31.40.0-255,172,89717,73,170671
2095,0.021566,172.31.40.0-255,1110,90827,73,170671
2096,0.02163,172.31.40.0-255,1514,92341,73,170671
2097,0.021632,172.31.40.0-255,1514,93855,73,170671
2098,0.021633,172.31.40.0-255,926,94781,73,170671
2099,0.021794,74.125.200.0-255,5738,100519,73,170671
2100,0.0218,172.31.40.0-255,66,100585,73,170671
2101,0.023028,104.244.42.0-255,66,100651,73,170671
2102,0.02305,104.244.42.0-255,66,100717,73,170671
2103,0.02312,104.244.42.0-255,66,100783,73,170671
2104,0.023132,104.244.42.0-255,66,100849,73,170671
2105,0.023868,104.244.42.0-255,108,100957,73,170671
2106,0.023876,172.31.40.0-255,66,101023,73,170671
2107,0.024124,74.125.200.0-255,5738,106761,73,170671
2108,0.024129,172.31.40.0-255,66,106827,73,170671
2109,0.026464,74.125.200.0-255,5738,112565,73,170671
2110,0.026475,172.31.40.0-255,66,112631,73,170671
2111,0.028797,74.125.200.0-255,5738,118369,73,170671
2112,0.028803,172.31.40.0-255,66,118435,73,170671
2113,0.031124,74.125.200.0-255,5738,124173,73,170671
2114,0.03113,172.31.40.0-255,66,124239,73,170671
2115,0.033452,74.125.200.0-255,5738,129977,73,170671
2116,0.033459,172.31.40.0-255,66,130043,73,170671
2117,0.035777,74.125.200.0-255,5738,135781,73,170671
2118,0.035784,172.31.40.0-255,66,135847,73,170671
2119,0.038104,74.125.200.0-255,5738,141585,73,170671
2120,0.038111,172.31.40.0-255,66,141651,73,170671
2121,0.040437,74.125.200.0-255,5738,147389,73,170671
2122,0.040445,172.31.40.0-255,66,147455,73,170671
2123,0.04278,74.125.200.0-255,5738,153193,73,170671
2124,0.04279,172.31.40.0-255,66,153259,73,170671
2125,0.045122,74.125.200.0-255,5738,158997,73,170671
2126,0.045128,172.31.40.0-255,66,159063,73,170671
2127,0.047461,74.125.200.0-255,5738,164801,73,170671
2128,0.047467,172.31.40.0-255,66,164867,73,170671
2129,0.049799,74.125.200.0-255,5738,170605,73,170671
2130,0.049808,172.31.40.0-255,66,170671,73,170671
2131,0.0,74.125.68.0-255,150,150,73,283979
2132,2.5e-05,172.31.40.0-255,66,216,73,283979
2133,5e-05,74.125.68.0-255,1484,1700,73,283979
2134,5.6e-05,172.31.40.0-255,66,1766,73,283979
2135,6.2e-05,74.125.68.0-255,2902,4668,73,283979
2136,6.5e-05,172.31.40.0-255,66,4734,73,283979
2137,0.000105,74.125.68.0-255,1484,6218,73,283979
2138,0.000108,172.31.40.0-255,66,6284,73,283979
2139,0.000129,74.125.68.0-255,4320,10604,73,283979
2140,0.000132,172.31.40.0-255,66,10670,73,283979
2141,0.000136,74.125.68.0-255,2902,13572,73,283979
2142,0.000138,172.31.40.0-255,66,13638,73,283979
2143,0.000152,172.31.40.0-255,66,13704,73,283979
2144,0.000156,74.125.68.0-255,4320,18024,73,283979
2145,0.000159,172.31.40.0-255,66,18090,73,283979
2146,0.000177,74.125.68.0-255,2543,20633,73,283979
2147,0.00018,172.31.40.0-255,66,20699,73,283979
2148,0.000274,74.125.68.0-255,1484,22183,73,283979
2149,0.000278,172.31.40.0-255,66,22249,73,283979
2150,0.000293,74.125.68.0-255,2902,25151,73,283979
2151,0.000296,172.31.40.0-255,66,25217,73,283979
2152,0.000321,74.125.68.0-255,5738,30955,73,283979
2153,0.000324,172.31.40.0-255,66,31021,73,283979
2154,0.000347,74.125.68.0-255,5738,36759,73,283979
2155,0.000349,172.31.40.0-255,66,36825,73,283979
2156,0.00037,74.125.68.0-255,1125,37950,73,283979
2157,0.000373,172.31.40.0-255,66,38016,73,283979
2158,0.000517,74.125.68.0-255,1484,39500,73,283979
2159,0.000522,172.31.40.0-255,66,39566,73,283979
2160,0.000527,74.125.68.0-255,2902,42468,73,283979
2161,0.000529,172.31.40.0-255,66,42534,73,283979
2162,0.000532,74.125.68.0-255,1484,44018,73,283979
2163,0.000549,74.125.68.0-255,1484,45502,73,283979
2164,0.000551,172.31.40.0-255,66,45568,73,283979
2165,0.000556,74.125.68.0-255,4320,49888,73,283979
2166,0.000558,172.31.40.0-255,66,49954,73,283979
2167,0.000593,74.125.68.0-255,1484,51438,73,283979
2168,0.000609,74.125.68.0-255,3961,55399,73,283979
2169,0.000611,172.31.40.0-255,66,55465,73,283979
2170,0.000687,74.125.68.0-255,1484,56949,73,283979
2171,0.000694,74.125.68.0-255,2902,59851,73,283979
2172,0.000698,172.31.40.0-255,66,59917,73,283979
2173,0.000716,74.125.68.0-255,5738,65655,73,283979
2174,0.000719,172.31.40.0-255,66,65721,73,283979
2175,0.000726,74.125.68.0-255,6797,72518,73,283979
2176,0.000729,172.31.40.0-255,66,72584,73,283979
2177,0.000731,74.125.68.0-255,646,73230,73,283979
2178,0.000776,74.125.68.0-255,1484,74714,73,283979
2179,0.000779,172.31.40.0-255,66,74780,73,283979
2180,0.000824,74.125.68.0-255,4320,79100,73,283979
2181,0.000828,172.31.40.0-255,66,79166,73,283979
2182,0.000834,74.125.68.0-255,5738,84904,73,283979
2183,0.000837,172.31.40.0-255,66,84970,73,283979
2184,0.00085,74.125.68.0-255,2902,87872,73,283979
2185,0.000853,172.31.40.0-255,66,87938,73,283979
2186,0.000875,74.125.68.0-255,2543,90481,73,283979
2187,0.000877,172.31.40.0-255,66,90547,73,283979
2188,0.000922,74.125.68.0-255,1484,92031,73,283979
2189,0.000926,74.125.68.0-255,1484,93515,73,283979
2190,0.000929,172.31.40.0-255,66,93581,73,283979
2191,0.000947,74.125.68.0-255,1484,95065,73,283979
2192,0.00097,74.125.68.0-255,4320,99385,73,283979
2193,0.000973,172.31.40.0-255,66,99451,73,283979
2194,0.000978,74.125.68.0-255,2902,102353,73,283979
2195,0.00098,172.31.40.0-255,66,102419,73,283979
2196,0.000993,74.125.68.0-255,2902,105321,73,283979
2197,0.000995,172.31.40.0-255,66,105387,73,283979
2198,0.001019,74.125.68.0-255,1994,107381,73,283979
2199,0.001022,172.31.40.0-255,66,107447,73,283979
2200,0.001064,74.125.68.0-255,1484,108931,73,283979
2201,0.001083,74.125.68.0-255,2902,111833,73,283979
2202,0.001087,172.31.40.0-255,66,111899,73,283979
2203,0.001091,74.125.68.0-255,2902,114801,73,283979
2204,0.001093,172.31.40.0-255,66,114867,73,283979
2205,0.001111,74.125.68.0-255,2902,117769,73,283979
2206,0.001113,172.31.40.0-255,66,117835,73,283979
2207,0.001117,74.125.68.0-255,2902,120737,73,283979
2208,0.00112,172.31.40.0-255,66,120803,73,283979
2209,0.001135,74.125.68.0-255,1484,122287,73,283979
2210,0.001163,172.31.40.0-255,66,122353,73,283979
2211,0.001171,74.125.68.0-255,7156,129509,73,283979
2212,0.001173,172.31.40.0-255,66,129575,73,283979
2213,0.001205,74.125.68.0-255,2902,132477,73,283979
2214,0.001208,172.31.40.0-255,66,132543,73,283979
2215,0.001224,74.125.68.0-255,766,133309,73,283979
2216,0.001425,74.125.68.0-255,1484,134793,73,283979
2217,0.00143,172.31.40.0-255,66,134859,73,283979
2218,0.001446,74.125.68.0-255,2902,137761,73,283979
2219,0.001449,172.31.40.0-255,66,137827,73,283979
2220,0.001452,74.125.68.0-255,1484,139311,73,283979
2221,0.001483,74.125.68.0-255,2902,142213,73,283979
2222,0.001485,172.31.40.0-255,66,142279,73,283979
2223,0.001501,74.125.68.0-255,1484,143763,73,283979
2224,0.001517,74.125.68.0-255,4320,148083,73,283979
2225,0.001519,172.31.40.0-255,66,148149,73,283979
2226,0.001524,74.125.68.0-255,2902,151051,73,283979
2227,0.001526,172.31.40.0-255,66,151117,73,283979
2228,0.001562,172.31.40.0-255,66,151183,73,283979
2229,0.001566,74.125.68.0-255,1484,152667,73,283979
2230,0.001585,74.125.68.0-255,5020,157687,73,283979
2231,0.00159,172.31.40.0-255,66,157753,73,283979
2232,0.0017,74.125.68.0-255,1484,159237,73,283979
2233,0.00172,74.125.68.0-255,2902,162139,73,283979
2234,0.001724,172.31.40.0-255,66,162205,73,283979
2235,0.00173,74.125.68.0-255,4320,166525,73,283979
2236,0.00181,172.31.40.0-255,66,166591,73,283979
2237,0.001817,74.125.68.0-255,1484,168075,73,283979
2238,0.001821,74.125.68.0-255,2902,170977,73,283979
2239,0.001834,74.125.68.0-255,3602,174579,73,283979
2240,0.001837,172.31.40.0-255,66,174645,73,283979
2241,0.001873,172.31.40.0-255,66,174711,73,283979
2242,0.002601,74.125.68.0-255,1484,176195,73,283979
2243,0.002618,74.125.68.0-255,2902,179097,73,283979
2244,0.002622,172.31.40.0-255,66,179163,73,283979
2245,0.002626,74.125.68.0-255,1484,180647,73,283979
2246,0.005253,74.125.68.0-255,4320,184967,73,283979
2247,0.00527,172.31.40.0-255,66,185033,73,283979
2248,0.007886,74.125.68.0-255,2902,187935,73,283979
2249,0.007892,172.31.40.0-255,66,188001,73,283979
2250,0.00791,74.125.68.0-255,2902,190903,73,283979
2251,0.007912,172.31.40.0-255,66,190969,73,283979
2252,0.010515,74.125.68.0-255,5738,196707,73,283979
2253,0.010525,172.31.40.0-255,66,196773,73,283979
2254,0.013157,74.125.68.0-255,5738,202511,73,283979
2255,0.013173,172.31.40.0-255,66,202577,73,283979
2256,0.015819,74.125.68.0-255,5738,208315,73,283979
2257,0.015836,172.31.40.0-255,66,208381,73,283979
2258,0.018492,74.125.68.0-255,5738,214119,73,283979
2259,0.018512,172.31.40.0-255,66,214185,73,283979
2260,0.021157,74.125.68.0-255,5738,219923,73,283979
2261,0.021177,172.31.40.0-255,66,219989,73,283979
2262,0.023831,74.125.68.0-255,5738,225727,73,283979
2263,0.023853,172.31.40.0-255,66,225793,73,283979
2264,0.026498,74.125.68.0-255,5738,231531,73,283979
2265,0.026518,172.31.40.0-255,66,231597,73,283979
2266,0.029162,74.125.68.0-255,5738,237335,73,283979
2267,0.029182,172.31.40.0-255,66,237401,73,283979
2268,0.031831,74.125.68.0-255,5738,243139,73,283979
2269,0.031852,172.31.40.0-255,66,243205,73,283979
2270,0.0345,74.125.68.0-255,5738,248943,73,283979
2271,0.03452,172.31.40.0-255,66,249009,73,283979
2272,0.037171,74.125.68.0-255,5738,254747,73,283979
2273,0.037195,172.31.40.0-255,66,254813,73,283979
2274,0.039833,74.125.68.0-255,5738,260551,73,283979
2275,0.039852,172.31.40.0-255,66,260617,73,283979
2276,0.042484,74.125.68.0-255,5738,266355,73,283979
2277,0.042503,172.31.40.0-255,66,266421,73,283979
2278,0.045008,172.31.40.0-255,172,266593,73,283979
2279,0.045053,172.31.40.0-255,1116,267709,73,283979
2280,0.045118,74.125.68.0-255,5738,273447,73,283979
2281,0.045129,172.31.40.0-255,66,273513,73,283979
2282,0.045157,172.31.40.0-255,1514,275027,73,283979
2283,0.045158,172.31.40.0-255,1514,276541,73,283979
2284,0.045159,172.31.40.0-255,1436,277977,73,283979
2285,0.046589,104.244.42.0-255,66,278043,73,283979
2286,0.046619,104.244.42.0-255,66,278109,73,283979
2287,0.046714,104.244.42.0-255,66,278175,73,283979
2288,0.047767,74.125.68.0-255,5738,283913,73,283979
2289,0.047787,172.31.40.0-255,66,283979,73,283979
2290,0.0,216.58.221.0-255,146,146,73,283304
2291,1.4e-05,172.31.40.0-255,66,212,73,283304
2292,2e-05,216.58.221.0-255,1484,1696,73,283304
2293,2.3e-05,172.31.40.0-255,66,1762,73,283304
2294,2.8e-05,216.58.221.0-255,2902,4664,73,283304
2295,3.1e-05,172.31.40.0-255,66,4730,73,283304
2296,3.4e-05,216.58.221.0-255,1484,6214,73,283304
2297,3.6e-05,172.31.40.0-255,66,6280,73,283304
2298,6.6e-05,216.58.221.0-255,5738,12018,73,283304
2299,6.9e-05,172.31.40.0-255,66,12084,73,283304
2300,7.3e-05,216.58.221.0-255,2037,14121,73,283304
2301,7.4e-05,172.31.40.0-255,66,14187,73,283304
2302,0.000483,216.58.221.0-255,1484,15671,73,283304
2303,0.000489,172.31.40.0-255,66,15737,73,283304
2304,0.000496,216.58.221.0-255,2902,18639,73,283304
2305,0.000498,172.31.40.0-255,66,18705,73,283304
2306,0.000503,216.58.221.0-255,4320,23025,73,283304
2307,0.000505,172.31.40.0-255,66,23091,73,283304
2308,0.000534,216.58.221.0-255,5738,28829,73,283304
2309,0.000536,172.31.40.0-255,66,28895,73,283304
2310,0.000569,216.58.221.0-255,5738,34633,73,283304
2311,0.000572,172.31.40.0-255,66,34699,73,283304
2312,0.000592,216.58.221.0-255,2543,37242,73,283304
2313,0.000595,172.31.40.0-255,66,37308,73,283304
2314,0.000604,172.31.40.0-255,66,37374,73,283304
2315,0.000608,216.58.221.0-255,2543,39917,73,283304
2316,0.00061,172.31.40.0-255,66,39983,73,283304
2317,0.000636,216.58.221.0-255,2902,42885,73,283304
2318,0.000639,172.31.40.0-255,66,42951,73,283304
2319,0.00066,216.58.221.0-255,7156,50107,73,283304
2320,0.000662,172.31.40.0-255,66,50173,73,283304
2321,0.000667,216.58.221.0-255,4320,54493,73,283304
2322,0.000669,172.31.40.0-255,66,54559,73,283304
2323,0.000715,216.58.221.0-255,2830,57389,73,283304
2324,0.000718,172.31.40.0-255,66,57455,73,283304
2325,0.001232,216.58.221.0-255,389,57844,73,283304
2326,0.00132,216.58.221.0-255,1484,59328,73,283304
2327,0.001325,172.31.40.0-255,66,59394,73,283304
2328,0.00133,216.58.221.0-255,2902,62296,73,283304
2329,0.001332,172.31.40.0-255,66,62362,73,283304
2330,0.001356,216.58.221.0-255,5738,68100,73,283304
2331,0.001358,172.31.40.0-255,66,68166,73,283304
2332,0.001361,216.58.221.0-255,1484,69650,73,283304
2333,0.001378,216.58.221.0-255,5379,75029,73,283304
2334,0.00138,172.31.40.0-255,66,75095,73,283304
2335,0.001483,216.58.221.0-255,1484,76579,73,283304
2336,0.001494,216.58.221.0-255,2902,79481,73,283304
2337,0.001496,172.31.40.0-255,66,79547,73,283304
2338,0.001513,216.58.221.0-255,2902,82449,73,283304
2339,0.001515,172.31.40.0-255,66,82515,73,283304
2340,0.001531,216.58.221.0-255,2902,85417,73,283304
2341,0.001533,172.31.40.0-255,66,85483,73,283304
2342,0.001538,216.58.221.0-255,4320,89803,73,283304
2343,0.00154,172.31.40.0-255,66,89869,73,283304
2344,0.001545,216.58.221.0-255,5379,95248,73,283304
2345,0.001547,172.31.40.0-255,66,95314,73,283304
2346,0.00155,216.58.221.0-255,1484,96798,73,283304
2347,0.001578,172.31.40.0-255,66,96864,73,283304
2348,0.001584,216.58.221.0-255,7156,104020,73,283304
2349,0.001586,172.31.40.0-255,66,104086,73,283304
2350,0.001657,216.58.221.0-255,4320,108406,73,283304
2351,0.001659,172.31.40.0-255,66,108472,73,283304
2352,0.001678,172.31.40.0-255,66,108538,73,283304
2353,0.002062,216.58.221.0-255,1484,110022,73,283304
2354,0.002069,216.58.221.0-255,2902,112924,73,283304
2355,0.002073,172.31.40.0-255,66,112990,73,283304
2356,0.00208,216.58.221.0-255,5738,118728,73,283304
2357,0.002082,172.31.40.0-255,66,118794,73,283304
2358,0.002086,216.58.221.0-255,2902,121696,73,283304
2359,0.002089,172.31.40.0-255,66,121762,73,283304
2360,0.002122,216.58.221.0-255,4320,126082,73,283304
2361,0.002125,172.31.40.0-255,66,126148,73,283304
2362,0.00214,172.31.40.0-255,66,126214,73,283304
2363,0.002144,216.58.221.0-255,2184,128398,73,283304
2364,0.002146,172.31.40.0-255,66,128464,73,283304
2365,0.00215,216.58.221.0-255,2902,131366,73,283304
2366,0.002152,172.31.40.0-255,66,131432,73,283304
2367,0.00219,216.58.221.0-255,7156,138588,73,283304
2368,0.002194,172.31.40.0-255,66,138654,73,283304
2369,0.002199,216.58.221.0-255,4320,142974,73,283304
2370,0.002201,172.31.40.0-255,66,143040,73,283304
2371,0.002207,216.58.221.0-255,5738,148778,73,283304
2372,0.002209,172.31.40.0-255,66,148844,73,283304
2373,0.002232,216.58.221.0-255,4320,153164,73,283304
2374,0.002235,172.31.40.0-255,66,153230,73,283304
2375,0.002261,216.58.221.0-255,7156,160386,73,283304
2376,0.002264,172.31.40.0-255,66,160452,73,283304
2377,0.002268,216.58.221.0-255,2184,162636,73,283304
2378,0.00227,172.31.40.0-255,66,162702,73,283304
2379,0.002348,216.58.221.0-255,1484,164186,73,283304
2380,0.002355,216.58.221.0-255,2902,167088,73,283304
2381,0.002359,172.31.40.0-255,66,167154,73,283304
2382,0.002363,216.58.221.0-255,2902,170056,73,283304
2383,0.002366,172.31.40.0-255,66,170122,73,283304
2384,0.00238,216.58.221.0-255,2902,173024,73,283304
2385,0.002382,172.31.40.0-255,66,173090,73,283304
2386,0.002385,216.58.221.0-255,1484,174574,73,283304
2387,0.002388,216.58.221.0-255,1484,176058,73,283304
2388,0.00239,172.31.40.0-255,66,176124,73,283304
2389,0.002408,216.58.221.0-255,1484,177608,73,283304
2390,0.002411,216.58.221.0-255,1484,179092,73,283304
2391,0.002413,172.31.40.0-255,66,179158,73,283304
2392,0.002419,216.58.221.0-255,4320,183478,73,283304
2393,0.002421,172.31.40.0-255,66,183544,73,283304
2394,0.002458,172.31.40.0-255,66,183610,73,283304
2395,0.002471,216.58.221.0-255,1484,185094,73,283304
2396,0.002476,216.58.221.0-255,3602,188696,73,283304
2397,0.002479,172.31.40.0-255,66,188762,73,283304
2398,0.002584,216.58.221.0-255,1484,190246,73,283304
2399,0.002589,216.58.221.0-255,2902,193148,73,283304
2400,0.002592,172.31.40.0-255,66,193214,73,283304
2401,0.002596,216.58.221.0-255,2902,196116,73,283304
2402,0.002598,172.31.40.0-255,66,196182,73,283304
2403,0.002609,216.58.221.0-255,1484,197666,73,283304
2404,0.002628,216.58.221.0-255,5738,203404,73,283304
2405,0.00263,172.31.40.0-255,66,203470,73,283304
2406,0.002649,216.58.221.0-255,2902,206372,73,283304
2407,0.002652,172.31.40.0-255,66,206438,73,283304
2408,0.002663,172.31.40.0-255,66,206504,73,283304
2409,0.002682,216.58.221.0-255,5020,211524,73,283304
2410,0.0027,216.58.221.0-255,7156,218680,73,283304
2411,0.002706,172.31.40.0-255,66,218746,73,283304
2412,0.002716,216.58.221.0-255,5738,224484,73,283304
2413,0.002725,172.31.40.0-255,66,224550,73,283304
2414,0.002747,216.58.221.0-255,7156,231706,73,283304
2415,0.002755,172.31.40.0-255,66,231772,73,283304
2416,0.002772,216.58.221.0-255,6438,238210,73,283304
2417,0.002825,172.31.40.0-255,66,238276,73,283304
2418,0.002828,216.58.221.0-255,1484,239760,73,283304
2419,0.002839,172.31.40.0-255,66,239826,73,283304
2420,0.002859,216.58.221.0-255,1484,241310,73,283304
2421,0.002862,216.58.221.0-255,1484,242794,73,283304
2422,0.002869,172.31.40.0-255,66,242860,73,283304
2423,0.00288,216.58.221.0-255,1484,244344,73,283304
2424,0.002886,216.58.221.0-255,5738,250082,73,283304
2425,0.002894,172.31.40.0-255,66,250148,73,283304
2426,0.002903,216.58.221.0-255,2902,253050,73,283304
2427,0.002906,172.31.40.0-255,66,253116,73,283304
2428,0.002935,172.31.40.0-255,66,253182,73,283304
2429,0.002953,216.58.221.0-255,4320,257502,73,283304
2430,0.002965,216.58.221.0-255,2902,260404,73,283304
2431,0.002978,216.58.221.0-255,3602,264006,73,283304
2432,0.002982,172.31.40.0-255,66,264072,73,283304
2433,0.003022,216.58.221.0-255,4320,268392,73,283304
2434,0.003027,172.31.40.0-255,66,268458,73,283304
2435,0.003051,216.58.221.0-255,2902,271360,73,283304
2436,0.00308,172.31.40.0-255,66,271426,73,283304
2437,0.003087,216.58.221.0-255,1484,272910,73,283304
2438,0.003089,216.58.221.0-255,766,273676,73,283304
2439,0.003094,172.31.40.0-255,66,273742,73,283304
2440,0.003112,216.58.221.0-255,2902,276644,73,283304
2441,0.003121,172.31.40.0-255,66,276710,73,283304
2442,0.003147,216.58.221.0-255,105,276815,73,283304
2443,0.003165,172.31.40.0-255,66,276881,73,283304
2444,0.007381,172.31.40.0-255,105,276986,73,283304
2445,0.009247,216.58.221.0-255,66,277052,73,283304
2446,0.024832,172.31.40.0-255,172,277224,73,283304
2447,0.02486,172.31.40.0-255,1114,278338,73,283304
2448,0.024934,172.31.40.0-255,1514,279852,73,283304
2449,0.024936,172.31.40.0-255,1514,281366,73,283304
2450,0.02494,172.31.40.0-255,1514,282880,73,283304
2451,0.024941,172.31.40.0-255,160,283040,73,283304
2452,0.026386,104.244.42.0-255,66,283106,73,283304
2453,0.026412,104.244.42.0-255,66,283172,73,283304
2454,0.026488,104.244.42.0-255,66,283238,73,283304
2455,0.0265,104.244.42.0-255,66,283304,73,283304
2456,0.0,172.217.194.0-255,150,150,73,278835
2457,1.3e-05,172.31.40.0-255,66,216,73,278835
2458,1.9e-05,172.217.194.0-255,1484,1700,73,278835
2459,2.4e-05,172.31.40.0-255,66,1766,73,278835
2460,2.8e-05,172.217.194.0-255,2902,4668,73,278835
2461,3.1e-05,172.31.40.0-255,66,4734,73,278835
2462,3.5e-05,172.217.194.0-255,4320,9054,73,278835
2463,3.7e-05,172.31.40.0-255,66,9120,73,278835
2464,0.000102,172.217.194.0-255,4974,14094,73,278835
2465,0.000106,172.31.40.0-255,66,14160,73,278835
2466,0.000129,172.217.194.0-255,5738,19898,73,278835
2467,0.000131,172.31.40.0-255,66,19964,73,278835
2468,0.000135,172.217.194.0-255,2902,22866,73,278835
2469,0.000137,172.31.40.0-255,66,22932,73,278835
2470,0.000152,172.217.194.0-255,4320,27252,73,278835
2471,0.000154,172.31.40.0-255,66,27318,73,278835
2472,0.000202,172.31.40.0-255,66,27384,73,278835
2473,0.000243,172.217.194.0-255,1484,28868,73,278835
2474,0.000245,172.31.40.0-255,66,28934,73,278835
2475,0.000267,172.217.194.0-255,3961,32895,73,278835
2476,0.000269,172.31.40.0-255,66,32961,73,278835
2477,0.000292,172.217.194.0-255,1484,34445,73,278835
2478,0.000294,172.31.40.0-255,66,34511,73,278835
2479,0.000314,172.217.194.0-255,2902,37413,73,278835
2480,0.000316,172.31.40.0-255,66,37479,73,278835
2481,0.000321,172.217.194.0-255,5738,43217,73,278835
2482,0.000323,172.31.40.0-255,66,43283,73,278835
2483,0.000329,172.217.194.0-255,5738,49021,73,278835
2484,0.000332,172.31.40.0-255,66,49087,73,278835
2485,0.000371,172.217.194.0-255,1422,50509,73,278835
2486,0.000373,172.31.40.0-255,66,50575,73,278835
2487,0.000436,172.217.194.0-255,381,50956,73,278835
2488,0.000508,172.217.194.0-255,1484,52440,73,278835
2489,0.000514,172.31.40.0-255,66,52506,73,278835
2490,0.000537,172.217.194.0-255,4320,56826,73,278835
2491,0.000541,172.217.194.0-255,2902,59728,73,278835
2492,0.000545,172.31.40.0-255,66,59794,73,278835
2493,0.000573,172.217.194.0-255,4320,64114,73,278835
2494,0.000577,172.31.40.0-255,66,64180,73,278835
2495,0.000597,172.217.194.0-255,3961,68141,73,278835
2496,0.000608,172.31.40.0-255,66,68207,73,278835
2497,0.000617,172.217.194.0-255,2902,71109,73,278835
2498,0.000636,172.217.194.0-255,5379,76488,73,278835
2499,0.000638,172.31.40.0-255,66,76554,73,278835
2500,0.000642,172.31.40.0-255,66,76620,73,278835
2501,0.001149,172.217.194.0-255,1484,78104,73,278835
2502,0.001164,172.217.194.0-255,2902,81006,73,278835
2503,0.001168,172.31.40.0-255,66,81072,73,278835
2504,0.001179,172.217.194.0-255,5738,86810,73,278835
2505,0.001185,172.217.194.0-255,5738,92548,73,278835
2506,0.001233,172.217.194.0-255,766,93314,73,278835
2507,0.001235,172.31.40.0-255,66,93380,73,278835
2508,0.001244,172.31.40.0-255,66,93446,73,278835
2509,0.00134,172.217.194.0-255,1484,94930,73,278835
2510,0.001345,172.217.194.0-255,2902,97832,73,278835
2511,0.001347,172.31.40.0-255,66,97898,73,278835
2512,0.001369,172.217.194.0-255,5738,103636,73,278835
2513,0.001391,172.217.194.0-255,5738,109374,73,278835
2514,0.001398,172.31.40.0-255,66,109440,73,278835
2515,0.00141,172.217.194.0-255,7156,116596,73,278835
2516,0.001424,172.217.194.0-255,4320,120916,73,278835
2517,0.00143,172.31.40.0-255,66,120982,73,278835
2518,0.001439,172.217.194.0-255,1484,122466,73,278835
2519,0.001454,172.217.194.0-255,5020,127486,73,278835
2520,0.001466,172.31.40.0-255,66,127552,73,278835
2521,0.001497,172.217.194.0-255,5738,133290,73,278835
2522,0.001507,172.217.194.0-255,1484,134774,73,278835
2523,0.001511,172.31.40.0-255,66,134840,73,278835
2524,0.001527,172.217.194.0-255,7156,141996,73,278835
2525,0.00153,172.217.194.0-255,1484,143480,73,278835
2526,0.001537,172.31.40.0-255,66,143546,73,278835
2527,0.001568,172.217.194.0-255,3602,147148,73,278835
2528,0.001586,172.31.40.0-255,66,147214,73,278835
2529,0.001781,172.217.194.0-255,1484,148698,73,278835
2530,0.001795,172.217.194.0-255,2902,151600,73,278835
2531,0.001798,172.31.40.0-255,66,151666,73,278835
2532,0.001802,172.217.194.0-255,2902,154568,73,278835
2533,0.001808,172.31.40.0-255,66,154634,73,278835
2534,0.001816,172.217.194.0-255,2902,157536,73,278835
2535,0.00182,172.31.40.0-255,66,157602,73,278835
2536,0.001839,172.217.194.0-255,4320,161922,73,278835
2537,0.001852,172.31.40.0-255,66,161988,73,278835
2538,0.001856,172.217.194.0-255,2902,164890,73,278835
2539,0.001861,172.217.194.0-255,4320,169210,73,278835
2540,0.001865,172.31.40.0-255,66,169276,73,278835
2541,0.001882,172.217.194.0-255,2184,171460,73,278835
2542,0.001894,172.31.40.0-255,66,171526,73,278835
2543,0.002059,172.217.194.0-255,1484,173010,73,278835
2544,0.002065,172.217.194.0-255,2902,175912,73,278835
2545,0.002068,172.31.40.0-255,66,175978,73,278835
2546,0.002074,172.217.194.0-255,4320,180298,73,278835
2547,0.00209,172.217.194.0-255,1484,181782,73,278835
2548,0.002098,172.31.40.0-255,66,181848,73,278835
2549,0.002149,172.217.194.0-255,1484,183332,73,278835
2550,0.002216,172.217.194.0-255,6438,189770,73,278835
2551,0.012018,172.217.194.0-255,1484,191254,73,278835
2552,0.012094,172.31.40.0-255,66,191320,73,278835
2553,0.01432,172.217.194.0-255,5738,197058,73,278835
2554,0.014328,172.31.40.0-255,66,197124,73,278835
2555,0.016527,172.217.194.0-255,5738,202862,73,278835
2556,0.016533,172.31.40.0-255,66,202928,73,278835
2557,0.018779,172.217.194.0-255,5738,208666,73,278835
2558,0.018796,172.31.40.0-255,66,208732,73,278835
2559,0.021037,172.217.194.0-255,5738,214470,73,278835
2560,0.021044,172.31.40.0-255,66,214536,73,278835
2561,0.02328,172.217.194.0-255,5738,220274,73,278835
2562,0.023292,172.31.40.0-255,66,220340,73,278835
2563,0.025515,172.217.194.0-255,5738,226078,73,278835
2564,0.025524,172.31.40.0-255,66,226144,73,278835
2565,0.027739,172.217.194.0-255,5738,231882,73,278835
2566,0.027751,172.31.40.0-255,66,231948,73,278835
2567,0.029965,172.217.194.0-255,5738,237686,73,278835
2568,0.029972,172.31.40.0-255,66,237752,73,278835
2569,0.0322,172.217.194.0-255,5738,243490,73,278835
2570,0.032215,172.31.40.0-255,66,243556,73,278835
2571,0.034434,172.217.194.0-255,5738,249294,73,278835
2572,0.034447,172.31.40.0-255,66,249360,73,278835
2573,0.036646,172.217.194.0-255,5738,255098,73,278835
2574,0.036654,172.31.40.0-255,66,255164,73,278835
2575,0.038875,172.217.194.0-255,5738,260902,73,278835
2576,0.038887,172.31.40.0-255,66,260968,73,278835
2577,0.041088,172.217.194.0-255,5738,266706,73,278835
2578,0.041101,172.31.40.0-255,66,266772,73,278835
2579,0.043322,172.217.194.0-255,5738,272510,73,278835
2580,0.043337,172.31.40.0-255,66,272576,73,278835
2581,0.045561,172.217.194.0-255,5738,278314,73,278835
2582,0.045569,172.31.40.0-255,66,278380,73,278835
2583,0.047753,172.217.194.0-255,284,278664,73,278835
2584,0.048007,172.31.40.0-255,66,278730,73,278835
2585,0.048073,172.31.40.0-255,105,278835,73,278835
2586,0.0,172.217.194.0-255,297,297,73,239972
2587,2.1e-05,172.31.40.0-255,66,363,73,239972
2588,2.8e-05,172.217.194.0-255,1484,1847,73,239972
2589,3.2e-05,172.31.40.0-255,66,1913,73,239972
2590,3.9e-05,172.217.194.0-255,4320,6233,73,239972
2591,4.2e-05,172.31.40.0-255,66,6299,73,239972
2592,4.5e-05,172.217.194.0-255,1484,7783,73,239972
2593,4.7e-05,172.31.40.0-255,66,7849,73,239972
2594,8e-05,172.217.194.0-255,4320,12169,73,239972
2595,8.4e-05,172.31.40.0-255,66,12235,73,239972
2596,9.7e-05,172.217.194.0-255,1929,14164,73,239972
2597,9.9e-05,172.31.40.0-255,66,14230,73,239972
2598,0.000198,172.217.194.0-255,1484,15714,73,239972
2599,0.000201,172.31.40.0-255,66,15780,73,239972
2600,0.000206,172.217.194.0-255,2902,18682,73,239972
2601,0.000208,172.31.40.0-255,66,18748,73,239972
2602,0.000224,172.217.194.0-255,5738,24486,73,239972
2603,0.000227,172.31.40.0-255,66,24552,73,239972
2604,0.000229,172.217.194.0-255,1484,26036,73,239972
2605,0.000231,172.31.40.0-255,66,26102,73,239972
2606,0.000272,172.217.194.0-255,2902,29004,73,239972
2607,0.000275,172.31.40.0-255,66,29070,73,239972
2608,0.00029,172.217.194.0-255,2543,31613,73,239972
2609,0.000293,172.31.40.0-255,66,31679,73,239972
2610,0.000357,172.217.194.0-255,1484,33163,73,239972
2611,0.00036,172.31.40.0-255,66,33229,73,239972
2612,0.000364,172.217.194.0-255,1484,34713,73,239972
2613,0.000366,172.31.40.0-255,66,34779,73,239972
2614,0.000378,172.217.194.0-255,1484,36263,73,239972
2615,0.00038,172.31.40.0-255,66,36329,73,239972
2616,0.000386,172.217.194.0-255,5738,42067,73,239972
2617,0.000388,172.31.40.0-255,66,42133,73,239972
2618,0.000416,172.217.194.0-255,5738,47871,73,239972
2619,0.000419,172.31.40.0-255,66,47937,73,239972
2620,0.00044,172.31.40.0-255,66,48003,73,239972
2621,0.000452,172.31.40.0-255,66,48069,73,239972
2622,0.000671,172.217.194.0-255,366,48435,73,239972
2623,0.000821,172.217.194.0-255,1484,49919,73,239972
2624,0.000825,172.31.40.0-255,66,49985,73,239972
2625,0.000831,172.217.194.0-255,2902,52887,73,239972
2626,0.000832,172.31.40.0-255,66,52953,73,239972
2627,0.000859,172.217.194.0-255,5738,58691,73,239972
2628,0.000861,172.31.40.0-255,66,58757,73,239972
2629,0.000865,172.217.194.0-255,1484,60241,73,239972
2630,0.000891,172.31.40.0-255,66,60307,73,239972
2631,0.000894,172.217.194.0-255,1484,61791,73,239972
2632,0.000912,172.217.194.0-255,7156,68947,73,239972
2633,0.000915,172.31.40.0-255,66,69013,73,239972
2634,0.00093,172.217.194.0-255,5020,74033,73,239972
2635,0.000933,172.31.40.0-255,66,74099,73,239972
2636,0.001764,172.217.194.0-255,1484,75583,73,239972
2637,0.001774,172.217.194.0-255,2902,78485,73,239972
2638,0.001779,172.31.40.0-255,66,78551,73,239972
2639,0.001802,172.217.194.0-255,2902,81453,73,239972
2640,0.001805,172.31.40.0-255,66,81519,73,239972
2641,0.001811,172.217.194.0-255,4320,85839,73,239972
2642,0.001812,172.31.40.0-255,66,85905,73,239972
2643,0.00184,172.31.40.0-255,66,85971,73,239972
2644,0.001846,172.217.194.0-255,4320,90291,73,239972
2645,0.001848,172.31.40.0-255,66,90357,73,239972
2646,0.001873,172.217.194.0-255,7156,97513,73,239972
2647,0.001876,172.31.40.0-255,66,97579,73,239972
2648,0.001899,172.217.194.0-255,2184,99763,73,239972
2649,0.001901,172.31.40.0-255,66,99829,73,239972
2650,0.003888,172.217.194.0-255,2902,102731,73,239972
2651,0.003896,172.31.40.0-255,66,102797,73,239972
2652,0.003926,172.217.194.0-255,2902,105699,73,239972
2653,0.003929,172.31.40.0-255,66,105765,73,239972
2654,0.005876,172.217.194.0-255,2902,108667,73,239972
2655,0.005879,172.31.40.0-255,66,108733,73,239972
2656,0.005917,172.217.194.0-255,1484,110217,73,239972
2657,0.00593,172.217.194.0-255,1484,111701,73,239972
2658,0.005932,172.31.40.0-255,66,111767,73,239972
2659,0.007877,172.217.194.0-255,2902,114669,73,239972
2660,0.007883,172.31.40.0-255,66,114735,73,239972
2661,0.00793,172.217.194.0-255,2902,117637,73,239972
2662,0.007933,172.31.40.0-255,66,117703,73,239972
2663,0.009872,172.217.194.0-255,2902,120605,73,239972
2664,0.00988,172.31.40.0-255,66,120671,73,239972
2665,0.009923,172.217.194.0-255,1484,122155,73,239972
2666,0.009937,172.217.194.0-255,1484,123639,73,239972
2667,0.009939,172.31.40.0-255,66,123705,73,239972
2668,0.011884,172.217.194.0-255,2902,126607,73,239972
2669,0.011891,172.31.40.0-255,66,126673,73,239972
2670,0.011923,172.217.194.0-255,2902,129575,73,239972
2671,0.011926,172.31.40.0-255,66,129641,73,239972
2672,0.013908,172.217.194.0-255,2902,132543,73,239972
2673,0.013916,172.31.40.0-255,66,132609,73,239972
2674,0.013963,172.217.194.0-255,2902,135511,73,239972
2675,0.013967,172.31.40.0-255,66,135577,73,239972
2676,0.015922,172.217.194.0-255,2902,138479,73,239972
2677,0.01593,172.31.40.0-255,66,138545,73,239972
2678,0.015952,172.217.194.0-255,2902,141447,73,239972
2679,0.015955,172.31.40.0-255,66,141513,73,239972
2680,0.017927,172.217.194.0-255,2902,144415,73,239972
2681,0.017934,172.31.40.0-255,66,144481,73,239972
2682,0.017962,172.217.194.0-255,2902,147383,73,239972
2683,0.017965,172.31.40.0-255,66,147449,73,239972
2684,0.019928,172.217.194.0-255,2902,150351,73,239972
2685,0.019935,172.31.40.0-255,66,150417,73,239972
2686,0.019957,172.217.194.0-255,2902,153319,73,239972
2687,0.01996,172.31.40.0-255,66,153385,73,239972
2688,0.021936,172.217.194.0-255,2902,156287,73,239972
2689,0.021943,172.31.40.0-255,66,156353,73,239972
2690,0.021966,172.217.194.0-255,2902,159255,73,239972
2691,0.021969,172.31.40.0-255,66,159321,73,239972
2692,0.023947,172.217.194.0-255,2902,162223,73,239972
2693,0.023955,172.31.40.0-255,66,162289,73,239972
2694,0.02398,172.217.194.0-255,2902,165191,73,239972
2695,0.023982,172.31.40.0-255,66,165257,73,239972
2696,0.02597,172.217.194.0-255,4320,169577,73,239972
2697,0.025976,172.31.40.0-255,66,169643,73,239972
2698,0.025996,172.217.194.0-255,1484,171127,73,239972
2699,0.02695,172.31.40.0-255,172,171299,73,239972
2700,0.026982,172.31.40.0-255,1110,172409,73,239972
2701,0.027043,172.31.40.0-255,1514,173923,73,239972
2702,0.027045,172.31.40.0-255,1514,175437,73,239972
2703,0.027046,172.31.40.0-255,1514,176951,73,239972
2704,0.027047,172.31.40.0-255,331,177282,73,239972
2705,0.02797,172.217.194.0-255,4320,181602,73,239972
2706,0.027977,172.31.40.0-255,66,181668,73,239972
2707,0.028517,104.244.42.0-255,66,181734,73,239972
2708,0.028556,104.244.42.0-255,66,181800,73,239972
2709,0.028616,104.244.42.0-255,66,181866,73,239972
2710,0.02862,104.244.42.0-255,66,181932,73,239972
2711,0.029989,172.217.194.0-255,5738,187670,73,239972
2712,0.029995,172.31.40.0-255,66,187736,73,239972
2713,0.032009,172.217.194.0-255,5738,193474,73,239972
2714,0.032016,172.31.40.0-255,66,193540,73,239972
2715,0.034028,172.217.194.0-255,5738,199278,73,239972
2716,0.034035,172.31.40.0-255,66,199344,73,239972
2717,0.03603,172.217.194.0-255,5738,205082,73,239972
2718,0.036037,172.31.40.0-255,66,205148,73,239972
2719,0.038043,172.217.194.0-255,5738,210886,73,239972
2720,0.038049,172.31.40.0-255,66,210952,73,239972
2721,0.040072,172.217.194.0-255,5738,216690,73,239972
2722,0.040079,172.31.40.0-255,66,216756,73,239972
2723,0.042104,172.217.194.0-255,5738,222494,73,239972
2724,0.042112,172.31.40.0-255,66,222560,73,239972
2725,0.044186,172.217.194.0-255,5738,228298,73,239972
2726,0.044193,172.31.40.0-255,66,228364,73,239972
2727,0.046213,172.217.194.0-255,5738,234102,73,239972
2728,0.046219,172.31.40.0-255,66,234168,73,239972
2729,0.048208,172.217.194.0-255,5738,239906,73,239972
2730,0.048215,172.31.40.0-255,66,239972,73,239972
2731,0.0,172.217.194.0-255,150,150,73,273110
2732,2e-05,172.31.40.0-255,66,216,73,273110
2733,2.6e-05,172.217.194.0-255,1484,1700,73,273110
2734,3.1e-05,172.31.40.0-255,66,1766,73,273110
2735,3.7e-05,172.217.194.0-255,2902,4668,73,273110
2736,4.6e-05,172.31.40.0-255,66,4734,73,273110
2737,5.1e-05,172.217.194.0-255,2902,7636,73,273110
2738,5.4e-05,172.31.40.0-255,66,7702,73,273110
2739,9e-05,172.217.194.0-255,2902,10604,73,273110
2740,9.4e-05,172.31.40.0-255,66,10670,73,273110
2741,9.9e-05,172.217.194.0-255,3447,14117,73,273110
2742,0.000101,172.31.40.0-255,66,14183,73,273110
2743,0.000277,172.217.194.0-255,1484,15667,73,273110
2744,0.000282,172.31.40.0-255,66,15733,73,273110
2745,0.000288,172.217.194.0-255,1484,17217,73,273110
2746,0.00029,172.31.40.0-255,66,17283,73,273110
2747,0.000313,172.217.194.0-255,1484,18767,73,273110
2748,0.000319,172.31.40.0-255,66,18833,73,273110
2749,0.000326,172.217.194.0-255,5738,24571,73,273110
2750,0.000329,172.31.40.0-255,66,24637,73,273110
2751,0.000334,172.217.194.0-255,4320,28957,73,273110
2752,0.000337,172.31.40.0-255,66,29023,73,273110
2753,0.000357,172.217.194.0-255,2543,31566,73,273110
2754,0.00036,172.31.40.0-255,66,31632,73,273110
2755,0.000415,172.217.194.0-255,1484,33116,73,273110
2756,0.000418,172.31.40.0-255,66,33182,73,273110
2757,0.000446,172.217.194.0-255,2902,36084,73,273110
2758,0.000449,172.31.40.0-255,66,36150,73,273110
2759,0.000455,172.217.194.0-255,5738,41888,73,273110
2760,0.000458,172.31.40.0-255,66,41954,73,273110
2761,0.000491,172.217.194.0-255,4320,46274,73,273110
2762,0.000494,172.31.40.0-255,66,46340,73,273110
2763,0.000518,172.217.194.0-255,2543,48883,73,273110
2764,0.00052,172.31.40.0-255,66,48949,73,273110
2765,0.000524,172.217.194.0-255,1484,50433,73,273110
2766,0.000549,172.217.194.0-255,5738,56171,73,273110
2767,0.000553,172.31.40.0-255,66,56237,73,273110
2768,0.00056,172.217.194.0-255,7156,63393,73,273110
2769,0.000562,172.31.40.0-255,66,63459,73,273110
2770,0.000591,172.217.194.0-255,3184,66643,73,273110
2771,0.000593,172.31.40.0-255,66,66709,73,273110
2772,0.000797,172.217.194.0-255,1484,68193,73,273110
2773,0.000802,172.217.194.0-255,1484,69677,73,273110
2774,0.000805,172.31.40.0-255,66,69743,73,273110
2775,0.000835,172.217.194.0-255,1484,71227,73,273110
2776,0.000843,172.217.194.0-255,5738,76965,73,273110
2777,0.000846,172.31.40.0-255,66,77031,73,273110
2778,0.00086,172.31.40.0-255,66,77097,73,273110
2779,0.000909,172.31.40.0-255,66,77163,73,273110
2780,0.001325,172.217.194.0-255,1484,78647,73,273110
2781,0.001331,172.217.194.0-255,2902,81549,73,273110
2782,0.001334,172.31.40.0-255,66,81615,73,273110
2783,0.001341,172.217.194.0-255,5738,87353,73,273110
2784,0.001343,172.31.40.0-255,66,87419,73,273110
2785,0.001347,172.217.194.0-255,1484,88903,73,273110
2786,0.001381,172.31.40.0-255,66,88969,73,273110
2787,0.001422,172.31.40.0-255,66,89035,73,273110
2788,0.001448,172.217.194.0-255,3602,92637,73,273110
2789,0.001451,172.31.40.0-255,66,92703,73,273110
2790,0.001502,172.217.194.0-255,1484,94187,73,273110
2791,0.001507,172.217.194.0-255,2902,97089,73,273110
2792,0.00151,172.31.40.0-255,66,97155,73,273110
2793,0.001513,172.217.194.0-255,1484,98639,73,273110
2794,0.001544,172.217.194.0-255,4320,102959,73,273110
2795,0.001547,172.31.40.0-255,66,103025,73,273110
2796,0.001555,172.217.194.0-255,7156,110181,73,273110
2797,0.001557,172.31.40.0-255,66,110247,73,273110
2798,0.001583,172.217.194.0-255,5738,115985,73,273110
2799,0.001585,172.31.40.0-255,66,116051,73,273110
2800,0.001596,172.31.40.0-255,66,116117,73,273110
2801,0.0016,172.217.194.0-255,2184,118301,73,273110
2802,0.001602,172.31.40.0-255,66,118367,73,273110
2803,0.001661,172.217.194.0-255,1484,119851,73,273110
2804,0.001666,172.217.194.0-255,2902,122753,73,273110
2805,0.001669,172.31.40.0-255,66,122819,73,273110
2806,0.001702,172.217.194.0-255,5738,128557,73,273110
2807,0.001706,172.31.40.0-255,66,128623,73,273110
2808,0.001717,172.31.40.0-255,66,128689,73,273110
2809,0.001738,172.217.194.0-255,4320,133009,73,273110
2810,0.00174,172.31.40.0-255,66,133075,73,273110
2811,0.001773,172.31.40.0-255,66,133141,73,273110
2812,0.003842,172.217.194.0-255,5738,138879,73,273110
2813,0.003848,172.31.40.0-255,66,138945,73,273110
2814,0.005937,172.217.194.0-255,5738,144683,73,273110
2815,0.005941,172.31.40.0-255,66,144749,73,273110
2816,0.008036,172.217.194.0-255,5738,150487,73,273110
2817,0.008042,172.31.40.0-255,66,150553,73,273110
2818,0.010093,172.217.194.0-255,5738,156291,73,273110
2819,0.010101,172.31.40.0-255,66,156357,73,273110
2820,0.012173,172.217.194.0-255,5738,162095,73,273110
2821,0.012181,172.31.40.0-255,66,162161,73,273110
2822,0.014235,172.217.194.0-255,5738,167899,73,273110
2823,0.014243,172.31.40.0-255,66,167965,73,273110
2824,0.016326,172.217.194.0-255,5738,173703,73,273110
2825,0.016334,172.31.40.0-255,66,173769,73,273110
2826,0.018407,172.217.194.0-255,5738,179507,73,273110
2827,0.018415,172.31.40.0-255,66,179573,73,273110
2828,0.02049,172.217.194.0-255,5738,185311,73,273110
2829,0.020498,172.31.40.0-255,66,185377,73,273110
2830,0.022563,172.217.194.0-255,5738,191115,73,273110
2831,0.022579,172.31.40.0-255,66,191181,73,273110
2832,0.024665,172.217.194.0-255,5738,196919,73,273110
2833,0.02468,172.31.40.0-255,66,196985,73,273110
2834,0.026774,172.217.194.0-255,5738,202723,73,273110
2835,0.026788,172.31.40.0-255,66,202789,73,273110
2836,0.028871,172.217.194.0-255,5738,208527,73,273110
2837,0.028888,172.31.40.0-255,66,208593,73,273110
2838,0.03095,172.217.194.0-255,5738,214331,73,273110
2839,0.030958,172.31.40.0-255,66,214397,73,273110
2840,0.033097,172.217.194.0-255,5738,220135,73,273110
2841,0.033112,172.31.40.0-255,66,220201,73,273110
2842,0.035187,172.217.194.0-255,5738,225939,73,273110
2843,0.035195,172.31.40.0-255,66,226005,73,273110
2844,0.037289,172.217.194.0-255,5738,231743,73,273110
2845,0.037307,172.31.40.0-255,66,231809,73,273110
2846,0.039385,172.217.194.0-255,5738,237547,73,273110
2847,0.039394,172.31.40.0-255,66,237613,73,273110
2848,0.040767,172.31.40.0-255,200,237813,73,273110
2849,0.040797,172.31.40.0-255,1115,238928,73,273110
2850,0.040858,172.31.40.0-255,1514,240442,73,273110
2851,0.04086,172.31.40.0-255,1514,241956,73,273110
2852,0.040866,172.31.40.0-255,1514,243470,73,273110
2853,0.040867,172.31.40.0-255,356,243826,73,273110
2854,0.041476,172.217.194.0-255,5738,249564,73,273110
2855,0.041483,172.31.40.0-255,66,249630,73,273110
2856,0.042332,104.244.42.0-255,66,249696,73,273110
2857,0.042371,104.244.42.0-255,66,249762,73,273110
2858,0.042479,104.244.42.0-255,66,249828,73,273110
2859,0.042487,104.244.42.0-255,66,249894,73,273110
2860,0.043545,172.217.194.0-255,5738,255632,73,273110
2861,0.043554,172.31.40.0-255,66,255698,73,273110
2862,0.045629,172.217.194.0-255,5738,261436,73,273110
2863,0.045646,172.31.40.0-255,66,261502,73,273110
2864,0.047743,172.217.194.0-255,5738,267240,73,273110
2865,0.047759,172.31.40.0-255,66,267306,73,273110
2866,0.049883,172.217.194.0-255,5738,273044,73,273110
2867,0.049898,172.31.40.0-255,66,273110,73,273110
2868,0.0,172.217.160.0-255,148,148,73,199671
2869,2.2e-05,172.31.40.0-255,66,214,73,199671
2870,2.9e-05,172.217.160.0-255,1484,1698,73,199671
2871,3.4e-05,172.31.40.0-255,66,1764,73,199671
2872,4e-05,172.217.160.0-255,2902,4666,73,199671
2873,4.4e-05,172.31.40.0-255,66,4732,73,199671
2874,5e-05,172.217.160.0-255,4320,9052,73,199671
2875,5.3e-05,172.31.40.0-255,66,9118,73,199671
2876,5.9e-05,172.217.160.0-255,4871,13989,73,199671
2877,6.2e-05,172.31.40.0-255,66,14055,73,199671
2878,7.3e-05,172.31.40.0-255,66,14121,73,199671
2879,0.000102,172.217.160.0-255,2902,17023,73,199671
2880,0.000105,172.31.40.0-255,66,17089,73,199671
2881,0.000113,172.217.160.0-255,5379,22468,73,199671
2882,0.000115,172.31.40.0-255,66,22534,73,199671
2883,0.000267,172.217.160.0-255,1484,24018,73,199671
2884,0.000271,172.31.40.0-255,66,24084,73,199671
2885,0.000277,172.217.160.0-255,2902,26986,73,199671
2886,0.000279,172.31.40.0-255,66,27052,73,199671
2887,0.000286,172.217.160.0-255,5738,32790,73,199671
2888,0.000289,172.31.40.0-255,66,32856,73,199671
2889,0.000336,172.217.160.0-255,7156,40012,73,199671
2890,0.000339,172.31.40.0-255,66,40078,73,199671
2891,0.000355,172.217.160.0-255,6797,46875,73,199671
2892,0.000358,172.31.40.0-255,66,46941,73,199671
2893,0.000369,172.31.40.0-255,66,47007,73,199671
2894,0.000638,172.217.160.0-255,118,47125,73,199671
2895,0.000643,172.31.40.0-255,66,47191,73,199671
2896,0.000815,172.217.160.0-255,1484,48675,73,199671
2897,0.00082,172.217.160.0-255,2902,51577,73,199671
2898,0.000825,172.31.40.0-255,66,51643,73,199671
2899,0.000829,172.31.40.0-255,66,51709,73,199671
2900,0.000847,172.217.160.0-255,5738,57447,73,199671
2901,0.00085,172.31.40.0-255,66,57513,73,199671
2902,0.000853,172.217.160.0-255,1484,58997,73,199671
2903,0.000892,172.31.40.0-255,66,59063,73,199671
2904,0.000904,172.31.40.0-255,66,59129,73,199671
2905,0.001126,172.217.160.0-255,1484,60613,73,199671
2906,0.001133,172.217.160.0-255,2902,63515,73,199671
2907,0.001136,172.31.40.0-255,66,63581,73,199671
2908,0.001143,172.217.160.0-255,5738,69319,73,199671
2909,0.001145,172.31.40.0-255,66,69385,73,199671
2910,0.001169,172.31.40.0-255,66,69451,73,199671
2911,0.001193,172.217.160.0-255,4320,73771,73,199671
2912,0.001196,172.31.40.0-255,66,73837,73,199671
2913,0.001199,172.217.160.0-255,1484,75321,73,199671
2914,0.001201,172.217.160.0-255,1484,76805,73,199671
2915,0.001203,172.31.40.0-255,66,76871,73,199671
2916,0.001246,172.217.160.0-255,2902,79773,73,199671
2917,0.001249,172.31.40.0-255,66,79839,73,199671
2918,0.001268,172.217.160.0-255,6438,86277,73,199671
2919,0.00127,172.31.40.0-255,66,86343,73,199671
2920,0.001277,172.217.160.0-255,7156,93499,73,199671
2921,0.00128,172.31.40.0-255,66,93565,73,199671
2922,0.001311,172.31.40.0-255,66,93631,73,199671
2923,0.001336,172.217.160.0-255,2902,96533,73,199671
2924,0.00134,172.31.40.0-255,66,96599,73,199671
2925,0.001352,172.31.40.0-255,66,96665,73,199671
2926,0.00149,172.217.160.0-255,1484,98149,73,199671
2927,0.001493,172.217.160.0-255,1484,99633,73,199671
2928,0.001505,172.31.40.0-255,66,99699,73,199671
2929,0.00151,172.217.160.0-255,1484,101183,73,199671
2930,0.001516,172.217.160.0-255,5738,106921,73,199671
2931,0.001518,172.31.40.0-255,66,106987,73,199671
2932,0.001555,172.217.160.0-255,2902,109889,73,199671
2933,0.001558,172.31.40.0-255,66,109955,73,199671
2934,0.001564,172.217.160.0-255,4320,114275,73,199671
2935,0.001566,172.31.40.0-255,66,114341,73,199671
2936,0.001594,172.217.160.0-255,7156,121497,73,199671
2937,0.001597,172.31.40.0-255,66,121563,73,199671
2938,0.001617,172.217.160.0-255,4320,125883,73,199671
2939,0.00162,172.31.40.0-255,66,125949,73,199671
2940,0.001642,172.217.160.0-255,1484,127433,73,199671
2941,0.001648,172.217.160.0-255,3602,131035,73,199671
2942,0.001651,172.31.40.0-255,66,131101,73,199671
2943,0.00176,172.217.160.0-255,1484,132585,73,199671
2944,0.001767,172.217.160.0-255,2902,135487,73,199671
2945,0.00177,172.31.40.0-255,66,135553,73,199671
2946,0.001775,172.217.160.0-255,2902,138455,73,199671
2947,0.001778,172.31.40.0-255,66,138521,73,199671
2948,0.001781,172.217.160.0-255,1484,140005,73,199671
2949,0.001811,172.217.160.0-255,5738,145743,73,199671
2950,0.001814,172.31.40.0-255,66,145809,73,199671
2951,0.001827,172.31.40.0-255,66,145875,73,199671
2952,0.001847,172.217.160.0-255,5738,151613,73,199671
2953,0.001852,172.217.160.0-255,3602,155215,73,199671
2954,0.001861,172.31.40.0-255,66,155281,73,199671
2955,0.001864,172.31.40.0-255,66,155347,73,199671
2956,0.001943,172.217.160.0-255,1484,156831,73,199671
2957,0.00195,172.217.160.0-255,2902,159733,73,199671
2958,0.001953,172.31.40.0-255,66,159799,73,199671
2959,0.00196,172.217.160.0-255,5738,165537,73,199671
2960,0.001962,172.31.40.0-255,66,165603,73,199671
2961,0.00198,172.217.160.0-255,4320,169923,73,199671
2962,0.001983,172.31.40.0-255,66,169989,73,199671
2963,0.002011,172.31.40.0-255,66,170055,73,199671
2964,0.002035,172.217.160.0-255,4320,174375,73,199671
2965,0.002038,172.31.40.0-255,66,174441,73,199671
2966,0.002055,172.217.160.0-255,6438,180879,73,199671
2967,0.002058,172.31.40.0-255,66,180945,73,199671
2968,0.002074,172.217.160.0-255,5738,186683,73,199671
2969,0.002078,172.31.40.0-255,66,186749,73,199671
2970,0.002096,172.217.160.0-255,5738,192487,73,199671
2971,0.002099,172.31.40.0-255,66,192553,73,199671
2972,0.002111,172.31.40.0-255,66,192619,73,199671
2973,0.002154,172.31.40.0-255,66,192685,73,199671
2974,0.002169,172.31.40.0-255,66,192751,73,199671
2975,0.00226,172.31.40.0-255,66,192817,73,199671
2976,0.002278,172.31.40.0-255,66,192883,73,199671
2977,0.002314,172.31.40.0-255,66,192949,73,199671
2978,0.002333,172.31.40.0-255,66,193015,73,199671
2979,0.002362,172.31.40.0-255,66,193081,73,199671
2980,0.002364,172.217.160.0-255,105,193186,73,199671
2981,0.004657,172.31.40.0-255,66,193252,73,199671
2982,0.004696,172.31.40.0-255,105,193357,73,199671
2983,0.006338,172.217.160.0-255,66,193423,73,199671
2984,0.0468,172.31.40.0-255,172,193595,73,199671
2985,0.046836,172.31.40.0-255,1111,194706,73,199671
2986,0.046905,172.31.40.0-255,1514,196220,73,199671
2987,0.046907,172.31.40.0-255,1514,197734,73,199671
2988,0.046908,172.31.40.0-255,1514,199248,73,199671
2989,0.046909,172.31.40.0-255,159,199407,73,199671
2990,0.048371,104.244.42.0-255,66,199473,73,199671
2991,0.048403,104.244.42.0-255,66,199539,73,199671
2992,0.0485,104.244.42.0-255,66,199605,73,199671
2993,0.048514,104.244.42.0-255,66,199671,73,199671
2994,0.0,74.125.200.0-255,296,296,73,302768
2995,1.1e-05,172.31.40.0-255,66,362,73,302768
2996,1.6e-05,74.125.200.0-255,1484,1846,73,302768
2997,1.9e-05,172.31.40.0-255,66,1912,73,302768
2998,2.3e-05,74.125.200.0-255,1484,3396,73,302768
2999,2.5e-05,172.31.40.0-255,66,3462,73,302768
3000,5.3e-05,74.125.200.0-255,2902,6364,73,302768
3001,5.7e-05,172.31.40.0-255,66,6430,73,302768
3002,8.8e-05,172.31.40.0-255,66,6496,73,302768
3003,0.000126,172.31.40.0-255,66,6562,73,302768
3004,0.000136,172.31.40.0-255,66,6628,73,302768
3005,0.000173,74.125.200.0-255,1484,8112,73,302768
3006,0.000176,172.31.40.0-255,66,8178,73,302768
3007,0.000179,74.125.200.0-255,1484,9662,73,302768
3008,0.000181,172.31.40.0-255,66,9728,73,302768
3009,0.000204,74.125.200.0-255,1484,11212,73,302768
3010,0.000206,172.31.40.0-255,66,11278,73,302768
3011,0.000213,74.125.200.0-255,5738,17016,73,302768
3012,0.000216,172.31.40.0-255,66,17082,73,302768
3013,0.000218,74.125.200.0-255,1484,18566,73,302768
3014,0.000221,172.31.40.0-255,66,18632,73,302768
3015,0.000247,172.31.40.0-255,66,18698,73,302768
3016,0.000273,74.125.200.0-255,7156,25854,73,302768
3017,0.000276,172.31.40.0-255,66,25920,73,302768
3018,0.000303,74.125.200.0-255,1484,27404,73,302768
3019,0.000306,172.31.40.0-255,66,27470,73,302768
3020,0.000309,74.125.200.0-255,1484,28954,73,302768
3021,0.000311,172.31.40.0-255,66,29020,73,302768
3022,0.000335,74.125.200.0-255,3602,32622,73,302768
3023,0.000341,172.31.40.0-255,66,32688,73,302768
3024,0.000344,74.125.200.0-255,446,33134,73,302768
3025,0.000518,74.125.200.0-255,1484,34618,73,302768
3026,0.000523,172.31.40.0-255,66,34684,73,302768
3027,0.000529,74.125.200.0-255,2902,37586,73,302768
3028,0.000532,172.31.40.0-255,66,37652,73,302768
3029,0.000562,74.125.200.0-255,5738,43390,73,302768
3030,0.000565,172.31.40.0-255,66,43456,73,302768
3031,0.000596,74.125.200.0-255,2902,46358,73,302768
3032,0.000599,172.31.40.0-255,66,46424,73,302768
3033,0.000604,74.125.200.0-255,4320,50744,73,302768
3034,0.000606,172.31.40.0-255,66,50810,73,302768
3035,0.000623,74.125.200.0-255,5738,56548,73,302768
3036,0.000631,172.31.40.0-255,66,56614,73,302768
3037,0.000656,74.125.200.0-255,1484,58098,73,302768
3038,0.000668,172.31.40.0-255,66,58164,73,302768
3039,0.000671,74.125.200.0-255,766,58930,73,302768
3040,0.000719,74.125.200.0-255,1484,60414,73,302768
3041,0.000722,172.31.40.0-255,66,60480,73,302768
3042,0.000726,74.125.200.0-255,2902,63382,73,302768
3043,0.000728,172.31.40.0-255,66,63448,73,302768
3044,0.000749,74.125.200.0-255,5738,69186,73,302768
3045,0.000752,172.31.40.0-255,66,69252,73,302768
3046,0.000779,74.125.200.0-255,5738,74990,73,302768
3047,0.000782,172.31.40.0-255,66,75056,73,302768
3048,0.000805,74.125.200.0-255,4320,79376,73,302768
3049,0.000808,172.31.40.0-255,66,79442,73,302768
3050,0.000821,172.31.40.0-255,66,79508,73,302768
3051,0.000826,74.125.200.0-255,3602,83110,73,302768
3052,0.000829,172.31.40.0-255,66,83176,73,302768
3053,0.000835,74.125.200.0-255,4320,87496,73,302768
3054,0.000837,172.31.40.0-255,66,87562,73,302768
3055,0.00088,172.31.40.0-255,66,87628,73,302768
3056,0.000887,74.125.200.0-255,5738,93366,73,302768
3057,0.000889,172.31.40.0-255,66,93432,73,302768
3058,0.000936,74.125.200.0-255,7156,100588,73,302768
3059,0.000939,172.31.40.0-255,66,100654,73,302768
3060,0.000983,74.125.200.0-255,5020,105674,73,302768
3061,0.000986,172.31.40.0-255,66,105740,73,302768
3062,0.000989,74.125.200.0-255,329,106069,73,302768
3063,0.001085,74.125.200.0-255,1484,107553,73,302768
3064,0.001091,74.125.200.0-255,2902,110455,73,302768
3065,0.001114,74.125.200.0-255,5738,116193,73,302768
3066,0.001119,74.125.200.0-255,2902,119095,73,302768
3067,0.001124,172.31.40.0-255,66,119161,73,302768
3068,0.001189,74.125.200.0-255,7156,126317,73,302768
3069,0.001259,74.125.200.0-255,5020,131337,73,302768
3070,0.001267,172.31.40.0-255,66,131403,73,302768
3071,0.001298,74.125.200.0-255,1484,132887,73,302768
3072,0.001337,74.125.200.0-255,1484,134371,73,302768
3073,0.00134,172.31.40.0-255,66,134437,73,302768
3074,0.001346,74.125.200.0-255,2902,137339,73,302768
3075,0.001351,172.31.40.0-255,66,137405,73,302768
3076,0.001373,74.125.200.0-255,5738,143143,73,302768
3077,0.001376,74.125.200.0-255,1484,144627,73,302768
3078,0.001378,74.125.200.0-255,1484,146111,73,302768
3079,0.0014,74.125.200.0-255,1484,147595,73,302768
3080,0.001407,74.125.200.0-255,5738,153333,73,302768
3081,0.001423,172.31.40.0-255,66,153399,73,302768
3082,0.001529,74.125.200.0-255,1484,154883,73,302768
3083,0.001544,74.125.200.0-255,2902,157785,73,302768
3084,0.001563,74.125.200.0-255,2902,160687,73,302768
3085,0.00158,74.125.200.0-255,2902,163589,73,302768
3086,0.001584,74.125.200.0-255,2902,166491,73,302768
3087,0.001616,74.125.200.0-255,4320,170811,73,302768
3088,0.001647,74.125.200.0-255,1484,172295,73,302768
3089,0.001652,74.125.200.0-255,2902,175197,73,302768
3090,0.001665,74.125.200.0-255,1484,176681,73,302768
3091,0.001678,74.125.200.0-255,4320,181001,73,302768
3092,0.001681,74.125.200.0-255,1484,182485,73,302768
3093,0.001702,74.125.200.0-255,2902,185387,73,302768
3094,0.001733,74.125.200.0-255,2184,187571,73,302768
3095,0.001776,74.125.200.0-255,1484,189055,73,302768
3096,0.001797,74.125.200.0-255,2902,191957,73,302768
3097,0.001819,74.125.200.0-255,5738,197695,73,302768
3098,0.001898,74.125.200.0-255,2902,200597,73,302768
3099,0.001903,74.125.200.0-255,2184,202781,73,302768
3100,0.001927,74.125.200.0-255,2902,205683,73,302768
3101,0.001943,74.125.200.0-255,5738,211421,73,302768
3102,0.001959,74.125.200.0-255,7156,218577,73,302768
3103,0.001966,74.125.200.0-255,5738,224315,73,302768
3104,0.002003,74.125.200.0-255,1484,225799,73,302768
3105,0.002058,74.125.200.0-255,4320,230119,73,302768
3106,0.002069,74.125.200.0-255,1484,231603,73,302768
3107,0.002095,74.125.200.0-255,2902,234505,73,302768
3108,0.002118,74.125.200.0-255,5738,240243,73,302768
3109,0.00212,74.125.200.0-255,1484,241727,73,302768
3110,0.002124,172.31.40.0-255,78,241805,73,302768
3111,0.002128,74.125.200.0-255,766,242571,73,302768
3112,0.004211,74.125.200.0-255,4320,246891,73,302768
3113,0.007956,74.125.200.0-255,766,247657,73,302768
3114,0.007969,172.31.40.0-255,78,247735,73,302768
3115,0.010054,74.125.200.0-255,5738,253473,73,302768
3116,0.010064,172.31.40.0-255,66,253539,73,302768
3117,0.012146,74.125.200.0-255,5738,259277,73,302768
3118,0.012154,172.31.40.0-255,66,259343,73,302768
3119,0.014249,74.125.200.0-255,5738,265081,73,302768
3120,0.014257,172.31.40.0-255,66,265147,73,302768
3121,0.016343,74.125.200.0-255,5738,270885,73,302768
3122,0.016351,172.31.40.0-255,66,270951,73,302768
3123,0.018496,74.125.200.0-255,5738,276689,73,302768
3124,0.018504,172.31.40.0-255,66,276755,73,302768
3125,0.020583,74.125.200.0-255,5738,282493,73,302768
3126,0.02059,172.31.40.0-255,66,282559,73,302768
3127,0.022667,74.125.200.0-255,5738,288297,73,302768
3128,0.022673,172.31.40.0-255,66,288363,73,302768
3129,0.024754,74.125.200.0-255,4134,292497,73,302768
3130,0.02476,172.31.40.0-255,66,292563,73,302768
3131,0.024927,172.31.40.0-255,105,292668,73,302768
3132,0.026969,74.125.200.0-255,66,292734,73,302768
3133,0.034,172.31.40.0-255,172,292906,73,302768
3134,0.03403,172.31.40.0-255,1115,294021,73,302768
3135,0.034088,172.31.40.0-255,1514,295535,73,302768
3136,0.034089,172.31.40.0-255,1514,297049,73,302768
3137,0.034091,172.31.40.0-255,1514,298563,73,302768
3138,0.034096,172.31.40.0-255,1514,300077,73,302768
3139,0.034097,172.31.40.0-255,1514,301591,73,302768
3140,0.034098,172.31.40.0-255,739,302330,73,302768
3141,0.035548,104.244.42.0-255,66,302396,73,302768
3142,0.035578,104.244.42.0-255,66,302462,73,302768
3143,0.035664,104.244.42.0-255,66,302528,73,302768
3144,0.035705,104.244.42.0-255,66,302594,73,302768
3145,0.036323,104.244.42.0-255,108,302702,73,302768
3146,0.036331,172.31.40.0-255,66,302768,73,302768
3147,0.0,172.217.194.0-255,150,150,73,284490
3148,2.3e-05,172.31.40.0-255,66,216,73,284490
3149,3e-05,172.217.194.0-255,1484,1700,73,284490
3150,3.5e-05,172.31.40.0-255,66,1766,73,284490
3151,4.1e-05,172.217.194.0-255,2902,4668,73,284490
3152,4.3e-05,172.31.40.0-255,66,4734,73,284490
3153,5.1e-05,172.217.194.0-255,7156,11890,73,284490
3154,5.4e-05,172.31.40.0-255,66,11956,73,284490
3155,9.4e-05,172.31.40.0-255,66,12022,73,284490
3156,0.000106,172.217.194.0-255,2012,14034,73,284490
3157,0.000109,172.31.40.0-255,66,14100,73,284490
3158,0.000113,172.217.194.0-255,2543,16643,73,284490
3159,0.000115,172.31.40.0-255,66,16709,73,284490
3160,0.00025,172.217.194.0-255,1484,18193,73,284490
3161,0.000255,172.31.40.0-255,66,18259,73,284490
3162,0.00026,172.217.194.0-255,2902,21161,73,284490
3163,0.000262,172.31.40.0-255,66,21227,73,284490
3164,0.000265,172.217.194.0-255,1484,22711,73,284490
3165,0.000267,172.31.40.0-255,66,22777,73,284490
3166,0.000291,172.217.194.0-255,4320,27097,73,284490
3167,0.000294,172.31.40.0-255,66,27163,73,284490
3168,0.000299,172.217.194.0-255,4320,31483,73,284490
3169,0.000301,172.31.40.0-255,66,31549,73,284490
3170,0.000304,172.217.194.0-255,1484,33033,73,284490
3171,0.000306,172.31.40.0-255,66,33099,73,284490
3172,0.000346,172.31.40.0-255,66,33165,73,284490
3173,0.000353,172.217.194.0-255,7086,40251,73,284490
3174,0.000355,172.31.40.0-255,66,40317,73,284490
3175,0.000443,172.217.194.0-255,98,40415,73,284490
3176,0.000446,172.31.40.0-255,66,40481,73,284490
3177,0.000538,172.217.194.0-255,1484,41965,73,284490
3178,0.000545,172.217.194.0-255,2902,44867,73,284490
3179,0.000549,172.217.194.0-255,2902,47769,73,284490
3180,0.000563,172.217.194.0-255,2902,50671,73,284490
3181,0.000578,172.217.194.0-255,1484,52155,73,284490
3182,0.000581,172.31.40.0-255,66,52221,73,284490
3183,0.000594,172.217.194.0-255,7156,59377,73,284490
3184,0.0006,172.31.40.0-255,66,59443,73,284490
3185,0.00061,172.217.194.0-255,4320,63763,73,284490
3186,0.000643,172.31.40.0-255,66,63829,73,284490
3187,0.000654,172.217.194.0-255,1066,64895,73,284490
3188,0.001059,172.217.194.0-255,1484,66379,73,284490
3189,0.001063,172.31.40.0-255,66,66445,73,284490
3190,0.001078,172.217.194.0-255,2902,69347,73,284490
3191,0.001083,172.31.40.0-255,66,69413,73,284490
3192,0.001104,172.217.194.0-255,5738,75151,73,284490
3193,0.001112,172.217.194.0-255,7156,82307,73,284490
3194,0.001117,172.31.40.0-255,66,82373,73,284490
3195,0.001136,172.217.194.0-255,4320,86693,73,284490
3196,0.001158,172.31.40.0-255,66,86759,73,284490
3197,0.001206,172.217.194.0-255,4320,91079,73,284490
3198,0.001217,172.31.40.0-255,66,91145,73,284490
3199,0.001263,172.217.194.0-255,4320,95465,73,284490
3200,0.001271,172.217.194.0-255,6438,101903,73,284490
3201,0.001274,172.31.40.0-255,66,101969,73,284490
3202,0.001289,172.31.40.0-255,66,102035,73,284490
3203,0.001431,172.217.194.0-255,1484,103519,73,284490
3204,0.001451,172.217.194.0-255,2902,106421,73,284490
3205,0.001457,172.217.194.0-255,5738,112159,73,284490
3206,0.001483,172.217.194.0-255,7156,119315,73,284490
3207,0.001486,172.31.40.0-255,66,119381,73,284490
3208,0.001492,172.31.40.0-255,66,119447,73,284490
3209,0.001502,172.217.194.0-255,5738,125185,73,284490
3210,0.001506,172.217.194.0-255,2902,128087,73,284490
3211,0.001544,172.31.40.0-255,66,128153,73,284490
3212,0.001682,172.217.194.0-255,1484,129637,73,284490
3213,0.001688,172.217.194.0-255,2902,132539,73,284490
3214,0.001691,172.31.40.0-255,66,132605,73,284490
3215,0.00171,172.217.194.0-255,5738,138343,73,284490
3216,0.00174,172.31.40.0-255,66,138409,73,284490
3217,0.001745,172.31.40.0-255,66,138475,73,284490
3218,0.001765,172.217.194.0-255,2902,141377,73,284490
3219,0.001773,172.31.40.0-255,66,141443,73,284490
3220,0.001802,172.31.40.0-255,66,141509,73,284490
3221,0.00182,172.217.194.0-255,5738,147247,73,284490
3222,0.001825,172.217.194.0-255,4320,151567,73,284490
3223,0.001844,172.217.194.0-255,2902,154469,73,284490
3224,0.001892,172.31.40.0-255,66,154535,73,284490
3225,0.001909,172.217.194.0-255,5738,160273,73,284490
3226,0.001916,172.217.194.0-255,6438,166711,73,284490
3227,0.001933,172.31.40.0-255,66,166777,73,284490
3228,0.00233,172.217.194.0-255,1484,168261,73,284490
3229,0.00235,172.217.194.0-255,2902,171163,73,284490
3230,0.002355,172.31.40.0-255,66,171229,73,284490
3231,0.002374,172.217.194.0-255,5738,176967,73,284490
3232,0.002377,172.217.194.0-255,1484,178451,73,284490
3233,0.00238,172.217.194.0-255,1484,179935,73,284490
3234,0.002399,172.217.194.0-255,7156,187091,73,284490
3235,0.002404,172.31.40.0-255,66,187157,73,284490
3236,0.002424,172.217.194.0-255,5738,192895,73,284490
3237,0.002464,172.31.40.0-255,66,192961,73,284490
3238,0.004896,172.217.194.0-255,5738,198699,73,284490
3239,0.004909,172.31.40.0-255,66,198765,73,284490
3240,0.007296,172.217.194.0-255,5738,204503,73,284490
3241,0.014099,172.217.194.0-255,1484,205987,73,284490
3242,0.015793,172.31.40.0-255,66,206053,73,284490
3243,0.018207,172.217.194.0-255,5738,211791,73,284490
3244,0.018217,172.31.40.0-255,66,211857,73,284490
3245,0.020648,172.217.194.0-255,5738,217595,73,284490
3246,0.023099,172.31.40.0-255,66,217661,73,284490
3247,0.025526,172.217.194.0-255,5738,223399,73,284490
3248,0.025544,172.31.40.0-255,66,223465,73,284490
3249,0.027896,172.217.194.0-255,5738,229203,73,284490
3250,0.027902,172.31.40.0-255,66,229269,73,284490
3251,0.030306,172.217.194.0-255,5738,235007,73,284490
3252,0.030314,172.31.40.0-255,66,235073,73,284490
3253,0.032705,172.217.194.0-255,5738,240811,73,284490
3254,0.032714,172.31.40.0-255,66,240877,73,284490
3255,0.035092,172.217.194.0-255,5738,246615,73,284490
3256,0.035108,172.31.40.0-255,66,246681,73,284490
3257,0.037604,172.217.194.0-255,5738,252419,73,284490
3258,0.037612,172.31.40.0-255,66,252485,73,284490
3259,0.039992,172.217.194.0-255,5738,258223,73,284490
3260,0.040009,172.31.40.0-255,66,258289,73,284490
3261,0.042379,172.217.194.0-255,2902,261191,73,284490
3262,0.042386,172.31.40.0-255,66,261257,73,284490
3263,0.042408,172.217.194.0-255,2902,264159,73,284490
3264,0.043325,172.31.40.0-255,66,264225,73,284490
3265,0.044739,172.217.194.0-255,2902,267127,73,284490
3266,0.044746,172.31.40.0-255,66,267193,73,284490
3267,0.045677,172.217.194.0-255,2902,270095,73,284490
3268,0.045683,172.31.40.0-255,66,270161,73,284490
3269,0.04605,172.31.40.0-255,172,270333,73,284490
3270,0.046079,172.31.40.0-255,1111,271444,73,284490
3271,0.046136,172.31.40.0-255,1514,272958,73,284490
3272,0.046138,172.31.40.0-255,1514,274472,73,284490
3273,0.04616,172.31.40.0-255,850,275322,73,284490
3274,0.047123,172.217.194.0-255,2902,278224,73,284490
3275,0.04713,172.31.40.0-255,66,278290,73,284490
3276,0.047649,104.244.42.0-255,66,278356,73,284490
3277,0.047657,104.244.42.0-255,66,278422,73,284490
3278,0.047702,104.244.42.0-255,66,278488,73,284490
3279,0.047706,104.244.42.0-255,66,278554,73,284490
3280,0.048019,172.217.194.0-255,2902,281456,73,284490
3281,0.048024,172.31.40.0-255,66,281522,73,284490
3282,0.04951,172.217.194.0-255,2902,284424,73,284490
3283,0.049517,172.31.40.0-255,66,284490,73,284490
3284,0.0,172.217.194.0-255,147,147,73,173266
3285,1.8e-05,172.31.40.0-255,66,213,73,173266
3286,2.5e-05,172.217.194.0-255,1484,1697,73,173266
3287,2.9e-05,172.31.40.0-255,66,1763,73,173266
3288,3.4e-05,172.217.194.0-255,2902,4665,73,173266
3289,4.4e-05,172.31.40.0-255,66,4731,73,173266
3290,5.1e-05,172.217.194.0-255,7156,11887,73,173266
3291,5.4e-05,172.31.40.0-255,66,11953,73,173266
3292,5.8e-05,172.217.194.0-255,1999,13952,73,173266
3293,6.1e-05,172.31.40.0-255,66,14018,73,173266
3294,0.000117,172.217.194.0-255,1484,15502,73,173266
3295,0.000121,172.31.40.0-255,66,15568,73,173266
3296,0.000126,172.217.194.0-255,2902,18470,73,173266
3297,0.000129,172.31.40.0-255,66,18536,73,173266
3298,0.00014,172.217.194.0-255,5738,24274,73,173266
3299,0.000143,172.31.40.0-255,66,24340,73,173266
3300,0.000201,172.31.40.0-255,66,24406,73,173266
3301,0.000219,172.31.40.0-255,66,24472,73,173266
3302,0.00026,172.31.40.0-255,66,24538,73,173266
3303,0.000285,172.217.194.0-255,1078,25616,73,173266
3304,0.000288,172.31.40.0-255,66,25682,73,173266
3305,0.000291,172.217.194.0-255,365,26047,73,173266
3306,0.000293,172.31.40.0-255,66,26113,73,173266
3307,0.000496,172.217.194.0-255,1484,27597,73,173266
3308,0.000501,172.31.40.0-255,66,27663,73,173266
3309,0.000507,172.217.194.0-255,2902,30565,73,173266
3310,0.00051,172.31.40.0-255,66,30631,73,173266
3311,0.000541,172.217.194.0-255,5738,36369,73,173266
3312,0.000544,172.31.40.0-255,66,36435,73,173266
3313,0.000556,172.31.40.0-255,66,36501,73,173266
3314,0.000584,172.217.194.0-255,2902,39403,73,173266
3315,0.000586,172.31.40.0-255,66,39469,73,173266
3316,0.000589,172.217.194.0-255,1484,40953,73,173266
3317,0.000595,172.217.194.0-255,4320,45273,73,173266
3318,0.000598,172.31.40.0-255,66,45339,73,173266
3319,0.000619,172.217.194.0-255,4471,49810,73,173266
3320,0.000629,172.31.40.0-255,66,49876,73,173266
3321,0.000814,172.217.194.0-255,1484,51360,73,173266
3322,0.000827,172.217.194.0-255,2902,54262,73,173266
3323,0.00083,172.31.40.0-255,66,54328,73,173266
3324,0.000836,172.217.194.0-255,5738,60066,73,173266
3325,0.000838,172.31.40.0-255,66,60132,73,173266
3326,0.00086,172.217.194.0-255,7156,67288,73,173266
3327,0.000866,172.31.40.0-255,66,67354,73,173266
3328,0.000872,172.217.194.0-255,5738,73092,73,173266
3329,0.000874,172.31.40.0-255,66,73158,73,173266
3330,0.000902,172.31.40.0-255,66,73224,73,173266
3331,0.000905,172.217.194.0-255,2184,75408,73,173266
3332,0.000908,172.31.40.0-255,66,75474,73,173266
3333,0.001156,172.217.194.0-255,1484,76958,73,173266
3334,0.001161,172.217.194.0-255,2902,79860,73,173266
3335,0.001164,172.31.40.0-255,66,79926,73,173266
3336,0.001194,172.217.194.0-255,5738,85664,73,173266
3337,0.001196,172.31.40.0-255,66,85730,73,173266
3338,0.001205,172.31.40.0-255,66,85796,73,173266
3339,0.001235,172.217.194.0-255,2902,88698,73,173266
3340,0.001237,172.31.40.0-255,66,88764,73,173266
3341,0.001247,172.31.40.0-255,66,88830,73,173266
3342,0.001277,172.31.40.0-255,66,88896,73,173266
3343,0.001284,172.217.194.0-255,5738,94634,73,173266
3344,0.001285,172.31.40.0-255,66,94700,73,173266
3345,0.001319,172.217.194.0-255,7156,101856,73,173266
3346,0.001322,172.31.40.0-255,66,101922,73,173266
3347,0.001331,172.31.40.0-255,66,101988,73,173266
3348,0.001381,172.217.194.0-255,1484,103472,73,173266
3349,0.001387,172.217.194.0-255,2902,106374,73,173266
3350,0.001389,172.31.40.0-255,66,106440,73,173266
3351,0.001457,172.217.194.0-255,5738,112178,73,173266
3352,0.00146,172.31.40.0-255,66,112244,73,173266
3353,0.001466,172.217.194.0-255,7156,119400,73,173266
3354,0.001468,172.31.40.0-255,66,119466,73,173266
3355,0.001485,172.31.40.0-255,66,119532,73,173266
3356,0.001489,172.217.194.0-255,2184,121716,73,173266
3357,0.001492,172.31.40.0-255,66,121782,73,173266
3358,0.001524,172.217.194.0-255,1484,123266,73,173266
3359,0.001528,172.217.194.0-255,2902,126168,73,173266
3360,0.001531,172.31.40.0-255,66,126234,73,173266
3361,0.001561,172.217.194.0-255,5738,131972,73,173266
3362,0.00158,172.31.40.0-255,66,132038,73,173266
3363,0.001605,172.217.194.0-255,1484,133522,73,173266
3364,0.001619,172.31.40.0-255,66,133588,73,173266
3365,0.001643,172.217.194.0-255,1484,135072,73,173266
3366,0.001646,172.217.194.0-255,1484,136556,73,173266
3367,0.001651,172.31.40.0-255,66,136622,73,173266
3368,0.001657,172.217.194.0-255,1484,138106,73,173266
3369,0.001661,172.217.194.0-255,2902,141008,73,173266
3370,0.001674,172.217.194.0-255,2902,143910,73,173266
3371,0.001678,172.217.194.0-255,4320,148230,73,173266
3372,0.001681,172.31.40.0-255,66,148296,73,173266
3373,0.001718,172.31.40.0-255,66,148362,73,173266
3374,0.001753,172.31.40.0-255,66,148428,73,173266
3375,0.001783,172.217.194.0-255,5020,153448,73,173266
3376,0.001823,172.217.194.0-255,2902,156350,73,173266
3377,0.001827,172.217.194.0-255,2902,159252,73,173266
3378,0.001843,172.217.194.0-255,2902,162154,73,173266
3379,0.001845,172.31.40.0-255,66,162220,73,173266
3380,0.00185,172.31.40.0-255,66,162286,73,173266
3381,0.00188,172.217.194.0-255,4320,166606,73,173266
3382,0.001955,172.31.40.0-255,66,166672,73,173266
3383,0.002009,172.217.194.0-255,105,166777,73,173266
3384,0.002025,172.31.40.0-255,66,166843,73,173266
3385,0.011213,172.31.40.0-255,105,166948,73,173266
3386,0.013202,172.217.194.0-255,66,167014,73,173266
3387,0.031254,172.31.40.0-255,172,167186,73,173266
3388,0.03128,172.31.40.0-255,1114,168300,73,173266
3389,0.031338,172.31.40.0-255,1514,169814,73,173266
3390,0.031339,172.31.40.0-255,1514,171328,73,173266
3391,0.031344,172.31.40.0-255,1514,172842,73,173266
3392,0.031345,172.31.40.0-255,160,173002,73,173266
3393,0.032736,104.244.42.0-255,66,173068,73,173266
3394,0.032774,104.244.42.0-255,66,173134,73,173266
3395,0.032835,104.244.42.0-255,66,173200,73,173266
3396,0.032848,104.244.42.0-255,66,173266,73,173266
3397,0.0,74.125.24.0-255,299,299,73,177220
3398,2.3e-05,172.31.40.0-255,66,365,73,177220
3399,3e-05,74.125.24.0-255,1484,1849,73,177220
3400,3.4e-05,172.31.40.0-255,66,1915,73,177220
3401,4.1e-05,74.125.24.0-255,4320,6235,73,177220
3402,5e-05,172.31.40.0-255,66,6301,73,177220
3403,5.8e-05,74.125.24.0-255,5738,12039,73,177220
3404,6e-05,172.31.40.0-255,66,12105,73,177220
3405,0.000109,172.31.40.0-255,66,12171,73,177220
3406,0.000116,74.125.24.0-255,5738,17909,73,177220
3407,0.000118,172.31.40.0-255,66,17975,73,177220
3408,0.000126,74.125.24.0-255,1125,19100,73,177220
3409,0.000129,172.31.40.0-255,66,19166,73,177220
3410,0.000201,74.125.24.0-255,1484,20650,73,177220
3411,0.000205,172.31.40.0-255,66,20716,73,177220
3412,0.00023,74.125.24.0-255,2902,23618,73,177220
3413,0.000234,172.31.40.0-255,66,23684,73,177220
3414,0.00024,74.125.24.0-255,5738,29422,73,177220
3415,0.000242,172.31.40.0-255,66,29488,73,177220
3416,0.000252,74.125.24.0-255,4320,33808,73,177220
3417,0.000255,172.31.40.0-255,66,33874,73,177220
3418,0.000305,172.31.40.0-255,66,33940,73,177220
3419,0.00031,74.125.24.0-255,2902,36842,73,177220
3420,0.000312,172.31.40.0-255,66,36908,73,177220
3421,0.000346,74.125.24.0-255,4231,41139,73,177220
3422,0.000349,172.31.40.0-255,66,41205,73,177220
3423,0.000353,74.125.24.0-255,129,41334,73,177220
3424,0.000355,172.31.40.0-255,66,41400,73,177220
3425,0.000449,74.125.24.0-255,1484,42884,73,177220
3426,0.000453,172.31.40.0-255,66,42950,73,177220
3427,0.000458,74.125.24.0-255,2902,45852,73,177220
3428,0.000461,172.31.40.0-255,66,45918,73,177220
3429,0.000473,74.125.24.0-255,5738,51656,73,177220
3430,0.000475,172.31.40.0-255,66,51722,73,177220
3431,0.000504,74.125.24.0-255,6797,58519,73,177220
3432,0.000511,172.31.40.0-255,66,58585,73,177220
3433,0.000558,172.31.40.0-255,66,58651,73,177220
3434,0.000563,74.125.24.0-255,2250,60901,73,177220
3435,0.000565,172.31.40.0-255,66,60967,73,177220
3436,0.000601,74.125.24.0-255,1484,62451,73,177220
3437,0.000618,74.125.24.0-255,2902,65353,73,177220
3438,0.000621,172.31.40.0-255,66,65419,73,177220
3439,0.000655,74.125.24.0-255,5738,71157,73,177220
3440,0.000658,172.31.40.0-255,66,71223,73,177220
3441,0.000662,74.125.24.0-255,2902,74125,73,177220
3442,0.000664,172.31.40.0-255,66,74191,73,177220
3443,0.000668,74.125.24.0-255,2902,77093,73,177220
3444,0.000671,172.31.40.0-255,66,77159,73,177220
3445,0.000704,74.125.24.0-255,7156,84315,73,177220
3446,0.000707,172.31.40.0-255,66,84381,73,177220
3447,0.00072,172.31.40.0-255,66,84447,73,177220
3448,0.000752,74.125.24.0-255,1484,85931,73,177220
3449,0.000785,172.31.40.0-255,66,85997,73,177220
3450,0.000791,74.125.24.0-255,5379,91376,73,177220
3451,0.000793,172.31.40.0-255,66,91442,73,177220
3452,0.00082,74.125.24.0-255,1484,92926,73,177220
3453,0.000824,74.125.24.0-255,2902,95828,73,177220
3454,0.000826,172.31.40.0-255,66,95894,73,177220
3455,0.000831,74.125.24.0-255,2902,98796,73,177220
3456,0.000833,172.31.40.0-255,66,98862,73,177220
3457,0.000864,74.125.24.0-255,2902,101764,73,177220
3458,0.000867,172.31.40.0-255,66,101830,73,177220
3459,0.000884,172.31.40.0-255,66,101896,73,177220
3460,0.000918,172.31.40.0-255,66,101962,73,177220
3461,0.00151,74.125.24.0-255,1484,103446,73,177220
3462,0.001517,74.125.24.0-255,2902,106348,73,177220
3463,0.001521,172.31.40.0-255,66,106414,73,177220
3464,0.001528,74.125.24.0-255,5738,112152,73,177220
3465,0.00153,172.31.40.0-255,66,112218,73,177220
3466,0.001582,172.31.40.0-255,66,112284,73,177220
3467,0.001601,172.31.40.0-255,66,112350,73,177220
3468,0.001828,74.125.24.0-255,1484,113834,73,177220
3469,0.001834,74.125.24.0-255,1484,115318,73,177220
3470,0.001838,172.31.40.0-255,66,115384,73,177220
3471,0.001871,74.125.24.0-255,1484,116868,73,177220
3472,0.001878,74.125.24.0-255,5738,122606,73,177220
3473,0.00188,172.31.40.0-255,66,122672,73,177220
3474,0.001884,74.125.24.0-255,2902,125574,73,177220
3475,0.001886,172.31.40.0-255,66,125640,73,177220
3476,0.001903,172.31.40.0-255,66,125706,73,177220
3477,0.001976,172.31.40.0-255,66,125772,73,177220
3478,0.002305,74.125.24.0-255,1484,127256,73,177220
3479,0.002312,74.125.24.0-255,2902,130158,73,177220
3480,0.002316,172.31.40.0-255,66,130224,73,177220
3481,0.002324,74.125.24.0-255,5738,135962,73,177220
3482,0.002326,172.31.40.0-255,66,136028,73,177220
3483,0.002337,74.125.24.0-255,4320,140348,73,177220
3484,0.00234,172.31.40.0-255,66,140414,73,177220
3485,0.002381,172.31.40.0-255,66,140480,73,177220
3486,0.002393,172.31.40.0-255,66,140546,73,177220
3487,0.002421,74.125.24.0-255,1484,142030,73,177220
3488,0.002424,74.125.24.0-255,1484,143514,73,177220
3489,0.002426,172.31.40.0-255,66,143580,73,177220
3490,0.002451,74.125.24.0-255,1484,145064,73,177220
3491,0.002458,74.125.24.0-255,5738,150802,73,177220
3492,0.002461,172.31.40.0-255,66,150868,73,177220
3493,0.002473,172.31.40.0-255,66,150934,73,177220
3494,0.0025,74.125.24.0-255,2902,153836,73,177220
3495,0.002503,172.31.40.0-255,66,153902,73,177220
3496,0.00251,74.125.24.0-255,7156,161058,73,177220
3497,0.002512,172.31.40.0-255,66,161124,73,177220
3498,0.002569,172.31.40.0-255,66,161190,73,177220
3499,0.002587,172.31.40.0-255,66,161256,73,177220
3500,0.002591,74.125.24.0-255,4320,165576,73,177220
3501,0.002594,172.31.40.0-255,66,165642,73,177220
3502,0.002652,172.31.40.0-255,66,165708,73,177220
3503,0.002669,74.125.24.0-255,2902,168610,73,177220
3504,0.002675,172.31.40.0-255,66,168676,73,177220
3505,0.002709,172.31.40.0-255,66,168742,73,177220
3506,0.002712,74.125.24.0-255,1484,170226,73,177220
3507,0.002723,172.31.40.0-255,66,170292,73,177220
3508,0.002726,74.125.24.0-255,105,170397,73,177220
3509,0.009731,172.31.40.0-255,101,170498,73,177220
3510,0.011715,172.31.40.0-255,105,170603,73,177220
3511,0.012348,74.125.24.0-255,66,170669,73,177220
3512,0.014354,74.125.24.0-255,66,170735,73,177220
3513,0.043658,172.31.40.0-255,172,170907,73,177220
3514,0.043701,172.31.40.0-255,1110,172017,73,177220
3515,0.043774,172.31.40.0-255,1514,173531,73,177220
3516,0.043797,172.31.40.0-255,1514,175045,73,177220
3517,0.0438,172.31.40.0-255,1514,176559,73,177220
3518,0.043815,172.31.40.0-255,331,176890,73,177220
3519,0.045242,104.244.42.0-255,66,176956,73,177220
3520,0.045279,104.244.42.0-255,66,177022,73,177220
3521,0.045396,104.244.42.0-255,66,177088,73,177220
3522,0.045402,104.244.42.0-255,66,177154,73,177220
3523,0.045405,104.244.42.0-255,66,177220,73,177220
3524,0.0,74.125.200.0-255,152,152,73,197014
3525,2.1e-05,172.31.40.0-255,66,218,73,197014
3526,2.9e-05,74.125.200.0-255,1484,1702,73,197014
3527,3.3e-05,172.31.40.0-255,66,1768,73,197014
3528,3.8e-05,74.125.200.0-255,2902,4670,73,197014
3529,4.1e-05,172.31.40.0-255,66,4736,73,197014
3530,4.6e-05,74.125.200.0-255,4320,9056,73,197014
3531,4.9e-05,172.31.40.0-255,66,9122,73,197014
3532,7.2e-05,74.125.200.0-255,4320,13442,73,197014
3533,7.4e-05,172.31.40.0-255,66,13508,73,197014
3534,0.000102,74.125.200.0-255,4943,18451,73,197014
3535,0.000105,172.31.40.0-255,66,18517,73,197014
3536,0.00011,74.125.200.0-255,4320,22837,73,197014
3537,0.000113,172.31.40.0-255,66,22903,73,197014
3538,0.000167,172.31.40.0-255,66,22969,73,197014
3539,0.000652,74.125.200.0-255,1484,24453,73,197014
3540,0.000658,172.31.40.0-255,66,24519,73,197014
3541,0.000666,74.125.200.0-255,2902,27421,73,197014
3542,0.000668,172.31.40.0-255,66,27487,73,197014
3543,0.000687,74.125.200.0-255,1484,28971,73,197014
3544,0.00069,172.31.40.0-255,66,29037,73,197014
3545,0.000707,74.125.200.0-255,2902,31939,73,197014
3546,0.00071,172.31.40.0-255,66,32005,73,197014
3547,0.000714,74.125.200.0-255,2902,34907,73,197014
3548,0.000716,172.31.40.0-255,66,34973,73,197014
3549,0.000744,74.125.200.0-255,2902,37875,73,197014
3550,0.000746,172.31.40.0-255,66,37941,73,197014
3551,0.000751,74.125.200.0-255,2543,40484,73,197014
3552,0.000753,172.31.40.0-255,66,40550,73,197014
3553,0.000757,74.125.200.0-255,2902,43452,73,197014
3554,0.000759,172.31.40.0-255,66,43518,73,197014
3555,0.00079,74.125.200.0-255,2902,46420,73,197014
3556,0.000806,74.125.200.0-255,4320,50740,73,197014
3557,0.000869,74.125.200.0-255,5738,56478,73,197014
3558,0.000903,74.125.200.0-255,1435,57913,73,197014
3559,0.000907,74.125.200.0-255,1484,59397,73,197014
3560,0.000924,74.125.200.0-255,2902,62299,73,197014
3561,0.000954,74.125.200.0-255,4320,66619,73,197014
3562,0.000992,74.125.200.0-255,2902,69521,73,197014
3563,0.001011,74.125.200.0-255,2902,72423,73,197014
3564,0.001016,74.125.200.0-255,2902,75325,73,197014
3565,0.001045,74.125.200.0-255,4320,79645,73,197014
3566,0.001068,74.125.200.0-255,5738,85383,73,197014
3567,0.001071,74.125.200.0-255,1484,86867,73,197014
3568,0.001092,74.125.200.0-255,1484,88351,73,197014
3569,0.001105,74.125.200.0-255,1484,89835,73,197014
3570,0.001117,74.125.200.0-255,1484,91319,73,197014
3571,0.001135,74.125.200.0-255,766,92085,73,197014
3572,0.004919,172.31.40.0-255,66,92151,73,197014
3573,0.007508,74.125.200.0-255,5738,97889,73,197014
3574,0.007516,172.31.40.0-255,66,97955,73,197014
3575,0.010079,74.125.200.0-255,5738,103693,73,197014
3576,0.011245,172.31.40.0-255,66,103759,73,197014
3577,0.01381,74.125.200.0-255,5738,109497,73,197014
3578,0.013823,172.31.40.0-255,66,109563,73,197014
3579,0.016384,74.125.200.0-255,5738,115301,73,197014
3580,0.016391,172.31.40.0-255,66,115367,73,197014
3581,0.018958,74.125.200.0-255,5738,121105,73,197014
3582,0.018967,172.31.40.0-255,66,121171,73,197014
3583,0.021527,74.125.200.0-255,5738,126909,73,197014
3584,0.021538,172.31.40.0-255,66,126975,73,197014
3585,0.023662,172.31.40.0-255,172,127147,73,197014
3586,0.023693,172.31.40.0-255,1115,128262,73,197014
3587,0.023762,172.31.40.0-255,1514,129776,73,197014
3588,0.023763,172.31.40.0-255,1514,131290,73,197014
3589,0.023768,172.31.40.0-255,1514,132804,73,197014
3590,0.02377,172.31.40.0-255,1113,133917,73,197014
3591,0.024092,74.125.200.0-255,5738,139655,73,197014
3592,0.024099,172.31.40.0-255,66,139721,73,197014
3593,0.025197,104.244.42.0-255,66,139787,73,197014
3594,0.02522,104.244.42.0-255,66,139853,73,197014
3595,0.025305,104.244.42.0-255,66,139919,73,197014
3596,0.025353,104.244.42.0-255,66,139985,73,197014
3597,0.026596,104.244.42.0-255,108,140093,73,197014
3598,0.026606,172.31.40.0-255,66,140159,73,197014
3599,0.026658,74.125.200.0-255,4320,144479,73,197014
3600,0.026662,172.31.40.0-255,66,144545,73,197014
3601,0.026673,74.125.200.0-255,1484,146029,73,197014
3602,0.029224,74.125.200.0-255,4320,150349,73,197014
3603,0.029231,172.31.40.0-255,66,150415,73,197014
3604,0.031796,74.125.200.0-255,5738,156153,73,197014
3605,0.031847,172.31.40.0-255,66,156219,73,197014
3606,0.031902,172.31.40.0-255,101,156320,73,197014
3607,0.034416,74.125.200.0-255,5738,162058,73,197014
3608,0.034423,172.31.40.0-255,66,162124,73,197014
3609,0.034429,74.125.200.0-255,66,162190,73,197014
3610,0.036993,74.125.200.0-255,5738,167928,73,197014
3611,0.037,172.31.40.0-255,66,167994,73,197014
3612,0.039583,74.125.200.0-255,5738,173732,73,197014
3613,0.03959,172.31.40.0-255,66,173798,73,197014
3614,0.042221,74.125.200.0-255,5738,179536,73,197014
3615,0.042228,172.31.40.0-255,66,179602,73,197014
3616,0.044785,74.125.200.0-255,5738,185340,73,197014
3617,0.044792,172.31.40.0-255,66,185406,73,197014
3618,0.047348,74.125.200.0-255,5738,191144,73,197014
3619,0.047355,172.31.40.0-255,66,191210,73,197014
3620,0.049949,74.125.200.0-255,5738,196948,73,197014
3621,0.049956,172.31.40.0-255,66,197014,73,197014
3622,0.0,172.217.194.0-255,150,150,73,237261
3623,2.2e-05,172.31.40.0-255,66,216,73,237261
3624,2.9e-05,172.217.194.0-255,1484,1700,73,237261
3625,3.4e-05,172.31.40.0-255,66,1766,73,237261
3626,4e-05,172.217.194.0-255,2902,4668,73,237261
3627,4.4e-05,172.31.40.0-255,66,4734,73,237261
3628,5.2e-05,172.217.194.0-255,7156,11890,73,237261
3629,5.4e-05,172.31.40.0-255,66,11956,73,237261
3630,5.8e-05,172.217.194.0-255,2029,13985,73,237261
3631,6e-05,172.31.40.0-255,66,14051,73,237261
3632,6.3e-05,172.217.194.0-255,1484,15535,73,237261
3633,6.5e-05,172.31.40.0-255,66,15601,73,237261
3634,8.1e-05,172.217.194.0-255,1484,17085,73,237261
3635,8.4e-05,172.31.40.0-255,66,17151,73,237261
3636,0.000115,172.217.194.0-255,7156,24307,73,237261
3637,0.000117,172.31.40.0-255,66,24373,73,237261
3638,0.000133,172.217.194.0-255,5738,30111,73,237261
3639,0.000135,172.31.40.0-255,66,30177,73,237261
3640,0.000145,172.217.194.0-255,1125,31302,73,237261
3641,0.000147,172.31.40.0-255,66,31368,73,237261
3642,0.000276,172.217.194.0-255,1484,32852,73,237261
3643,0.00028,172.31.40.0-255,66,32918,73,237261
3644,0.000285,172.217.194.0-255,2902,35820,73,237261
3645,0.000287,172.31.40.0-255,66,35886,73,237261
3646,0.000318,172.217.194.0-255,5738,41624,73,237261
3647,0.000321,172.31.40.0-255,66,41690,73,237261
3648,0.000328,172.217.194.0-255,6797,48487,73,237261
3649,0.00033,172.31.40.0-255,66,48553,73,237261
3650,0.000849,172.217.194.0-255,1484,50037,73,237261
3651,0.000854,172.31.40.0-255,66,50103,73,237261
3652,0.000863,172.217.194.0-255,2902,53005,73,237261
3653,0.000865,172.31.40.0-255,66,53071,73,237261
3654,0.000872,172.217.194.0-255,5738,58809,73,237261
3655,0.000874,172.31.40.0-255,66,58875,73,237261
3656,0.00088,172.217.194.0-255,2902,61777,73,237261
3657,0.000881,172.31.40.0-255,66,61843,73,237261
3658,0.000901,172.217.194.0-255,2902,64745,73,237261
3659,0.000903,172.31.40.0-255,66,64811,73,237261
3660,0.000922,172.217.194.0-255,1125,65936,73,237261
3661,0.001272,172.217.194.0-255,1484,67420,73,237261
3662,0.001278,172.31.40.0-255,66,67486,73,237261
3663,0.001285,172.217.194.0-255,2902,70388,73,237261
3664,0.001288,172.31.40.0-255,66,70454,73,237261
3665,0.001294,172.217.194.0-255,5738,76192,73,237261
3666,0.001296,172.31.40.0-255,66,76258,73,237261
3667,0.001329,172.31.40.0-255,66,76324,73,237261
3668,0.001375,172.217.194.0-255,7156,83480,73,237261
3669,0.001378,172.31.40.0-255,66,83546,73,237261
3670,0.001403,172.217.194.0-255,6438,89984,73,237261
3671,0.001405,172.31.40.0-255,66,90050,73,237261
3672,0.001628,172.217.194.0-255,1484,91534,73,237261
3673,0.001637,172.217.194.0-255,2902,94436,73,237261
3674,0.001642,172.31.40.0-255,66,94502,73,237261
3675,0.001649,172.217.194.0-255,5738,100240,73,237261
3676,0.001651,172.31.40.0-255,66,100306,73,237261
3677,0.001659,172.217.194.0-255,4320,104626,73,237261
3678,0.001661,172.31.40.0-255,66,104692,73,237261
3679,0.001683,172.217.194.0-255,1484,106176,73,237261
3680,0.00172,172.217.194.0-255,7156,113332,73,237261
3681,0.001723,172.31.40.0-255,66,113398,73,237261
3682,0.001749,172.31.40.0-255,66,113464,73,237261
3683,0.001752,172.217.194.0-255,766,114230,73,237261
3684,0.001765,172.217.194.0-255,1484,115714,73,237261
3685,0.001768,172.31.40.0-255,66,115780,73,237261
3686,0.001772,172.217.194.0-255,2902,118682,73,237261
3687,0.001775,172.31.40.0-255,66,118748,73,237261
3688,0.001779,172.217.194.0-255,2902,121650,73,237261
3689,0.001782,172.31.40.0-255,66,121716,73,237261
3690,0.0018,172.217.194.0-255,2902,124618,73,237261
3691,0.001803,172.31.40.0-255,66,124684,73,237261
3692,0.001808,172.217.194.0-255,4320,129004,73,237261
3693,0.001811,172.31.40.0-255,66,129070,73,237261
3694,0.001848,172.31.40.0-255,66,129136,73,237261
3695,0.001851,172.217.194.0-255,1484,130620,73,237261
3696,0.001864,172.217.194.0-255,2902,133522,73,237261
3697,0.001867,172.31.40.0-255,66,133588,73,237261
3698,0.001884,172.217.194.0-255,6438,140026,73,237261
3699,0.001886,172.31.40.0-255,66,140092,73,237261
3700,0.00193,172.217.194.0-255,1484,141576,73,237261
3701,0.001933,172.217.194.0-255,1484,143060,73,237261
3702,0.001935,172.31.40.0-255,66,143126,73,237261
3703,0.001954,172.217.194.0-255,1484,144610,73,237261
3704,0.001959,172.217.194.0-255,4320,148930,73,237261
3705,0.001962,172.31.40.0-255,66,148996,73,237261
3706,0.001984,172.217.194.0-255,1484,150480,73,237261
3707,0.001992,172.217.194.0-255,7156,157636,73,237261
3708,0.001994,172.31.40.0-255,66,157702,73,237261
3709,0.002002,172.217.194.0-255,7156,164858,73,237261
3710,0.002004,172.31.40.0-255,66,164924,73,237261
3711,0.002026,172.217.194.0-255,7156,172080,73,237261
3712,0.002029,172.31.40.0-255,66,172146,73,237261
3713,0.002033,172.217.194.0-255,2184,174330,73,237261
3714,0.002035,172.31.40.0-255,66,174396,73,237261
3715,0.002073,172.217.194.0-255,2902,177298,73,237261
3716,0.002076,172.31.40.0-255,66,177364,73,237261
3717,0.00211,172.31.40.0-255,66,177430,73,237261
3718,0.002112,172.217.194.0-255,1484,178914,73,237261
3719,0.002146,172.31.40.0-255,66,178980,73,237261
3720,0.002159,172.31.40.0-255,66,179046,73,237261
3721,0.002239,172.217.194.0-255,1484,180530,73,237261
3722,0.002242,172.217.194.0-255,1484,182014,73,237261
3723,0.002254,172.217.194.0-255,1484,183498,73,237261
3724,0.00226,172.217.194.0-255,5738,189236,73,237261
3725,0.002284,172.217.194.0-255,5738,194974,73,237261
3726,0.002291,172.217.194.0-255,7156,202130,73,237261
3727,0.002309,172.217.194.0-255,5738,207868,73,237261
3728,0.002323,172.217.194.0-255,5020,212888,73,237261
3729,0.00237,172.217.194.0-255,1484,214372,73,237261
3730,0.002437,172.217.194.0-255,2902,217274,73,237261
3731,0.002444,172.217.194.0-255,5738,223012,73,237261
3732,0.00249,172.217.194.0-255,7156,230168,73,237261
3733,0.002501,172.217.194.0-255,2902,233070,73,237261
3734,0.002592,172.217.194.0-255,1484,234554,73,237261
3735,0.002636,172.217.194.0-255,2299,236853,73,237261
3736,0.010778,172.31.40.0-255,66,236919,73,237261
3737,0.013172,172.217.194.0-255,105,237024,73,237261
3738,0.013395,172.31.40.0-255,66,237090,73,237261
3739,0.013426,172.31.40.0-255,105,237195,73,237261
3740,0.015925,172.217.194.0-255,66,237261,73,237261
3741,0.0,172.217.194.0-255,143,143,73,280836
3742,2.2e-05,172.31.40.0-255,66,209,73,280836
3743,2.9e-05,172.217.194.0-255,1484,1693,73,280836
3744,3.4e-05,172.31.40.0-255,66,1759,73,280836
3745,4e-05,172.217.194.0-255,2902,4661,73,280836
3746,4.3e-05,172.31.40.0-255,66,4727,73,280836
3747,5e-05,172.217.194.0-255,7156,11883,73,280836
3748,5.4e-05,172.31.40.0-255,66,11949,73,280836
3749,8.9e-05,172.31.40.0-255,66,12015,73,280836
3750,0.000103,172.217.194.0-255,2137,14152,73,280836
3751,0.000106,172.31.40.0-255,66,14218,73,280836
3752,0.000109,172.217.194.0-255,1484,15702,73,280836
3753,0.000111,172.31.40.0-255,66,15768,73,280836
3754,0.000133,172.217.194.0-255,1125,16893,73,280836
3755,0.000135,172.31.40.0-255,66,16959,73,280836
3756,0.000147,172.217.194.0-255,1484,18443,73,280836
3757,0.00015,172.31.40.0-255,66,18509,73,280836
3758,0.000175,172.217.194.0-255,1484,19993,73,280836
3759,0.000177,172.31.40.0-255,66,20059,73,280836
3760,0.000185,172.217.194.0-255,7156,27215,73,280836
3761,0.000187,172.31.40.0-255,66,27281,73,280836
3762,0.000192,172.217.194.0-255,4320,31601,73,280836
3763,0.000195,172.31.40.0-255,66,31667,73,280836
3764,0.000214,172.217.194.0-255,3961,35628,73,280836
3765,0.000218,172.31.40.0-255,66,35694,73,280836
3766,0.000237,172.31.40.0-255,66,35760,73,280836
3767,0.000255,172.217.194.0-255,5632,41392,73,280836
3768,0.000258,172.31.40.0-255,66,41458,73,280836
3769,0.00026,172.217.194.0-255,434,41892,73,280836
3770,0.000262,172.31.40.0-255,66,41958,73,280836
3771,0.0006,172.217.194.0-255,1484,43442,73,280836
3772,0.000606,172.217.194.0-255,2902,46344,73,280836
3773,0.000608,172.217.194.0-255,1484,47828,73,280836
3774,0.000615,172.31.40.0-255,66,47894,73,280836
3775,0.000635,172.217.194.0-255,4320,52214,73,280836
3776,0.000638,172.31.40.0-255,66,52280,73,280836
3777,0.000645,172.217.194.0-255,7156,59436,73,280836
3778,0.000648,172.31.40.0-255,66,59502,73,280836
3779,0.00067,172.217.194.0-255,5738,65240,73,280836
3780,0.000673,172.31.40.0-255,66,65306,73,280836
3781,0.00068,172.217.194.0-255,5738,71044,73,280836
3782,0.000682,172.31.40.0-255,66,71110,73,280836
3783,0.0007,172.217.194.0-255,2902,74012,73,280836
3784,0.000703,172.31.40.0-255,66,74078,73,280836
3785,0.000732,172.217.194.0-255,2184,76262,73,280836
3786,0.000736,172.31.40.0-255,66,76328,73,280836
3787,0.001732,172.217.194.0-255,1484,77812,73,280836
3788,0.001743,172.217.194.0-255,2902,80714,73,280836
3789,0.001748,172.31.40.0-255,66,80780,73,280836
3790,0.001756,172.217.194.0-255,5738,86518,73,280836
3791,0.001758,172.31.40.0-255,66,86584,73,280836
3792,0.0018,172.31.40.0-255,66,86650,73,280836
3793,0.00182,172.217.194.0-255,4320,90970,73,280836
3794,0.001822,172.31.40.0-255,66,91036,73,280836
3795,0.001856,172.217.194.0-255,7156,98192,73,280836
3796,0.001858,172.31.40.0-255,66,98258,73,280836
3797,0.00189,172.217.194.0-255,1484,99742,73,280836
3798,0.001897,172.217.194.0-255,2184,101926,73,280836
3799,0.001899,172.31.40.0-255,66,101992,73,280836
3800,0.002147,172.217.194.0-255,1484,103476,73,280836
3801,0.002155,172.217.194.0-255,2902,106378,73,280836
3802,0.002159,172.31.40.0-255,66,106444,73,280836
3803,0.002167,172.217.194.0-255,5738,112182,73,280836
3804,0.002169,172.31.40.0-255,66,112248,73,280836
3805,0.00221,172.31.40.0-255,66,112314,73,280836
3806,0.00223,172.217.194.0-255,1484,113798,73,280836
3807,0.002238,172.217.194.0-255,7156,120954,73,280836
3808,0.00224,172.31.40.0-255,66,121020,73,280836
3809,0.002268,172.217.194.0-255,4320,125340,73,280836
3810,0.00227,172.31.40.0-255,66,125406,73,280836
3811,0.002301,172.31.40.0-255,66,125472,73,280836
3812,0.002314,172.217.194.0-255,1484,126956,73,280836
3813,0.002328,172.217.194.0-255,4320,131276,73,280836
3814,0.00233,172.31.40.0-255,66,131342,73,280836
3815,0.002359,172.31.40.0-255,66,131408,73,280836
3816,0.002375,172.217.194.0-255,1484,132892,73,280836
3817,0.002379,172.217.194.0-255,2902,135794,73,280836
3818,0.002382,172.31.40.0-255,66,135860,73,280836
3819,0.002405,172.217.194.0-255,5738,141598,73,280836
3820,0.002408,172.31.40.0-255,66,141664,73,280836
3821,0.002422,172.31.40.0-255,66,141730,73,280836
3822,0.002429,172.217.194.0-255,7156,148886,73,280836
3823,0.002432,172.31.40.0-255,66,148952,73,280836
3824,0.002456,172.217.194.0-255,3602,152554,73,280836
3825,0.002458,172.31.40.0-255,66,152620,73,280836
3826,0.002461,172.217.194.0-255,1484,154104,73,280836
3827,0.002475,172.217.194.0-255,1484,155588,73,280836
3828,0.002477,172.31.40.0-255,66,155654,73,280836
3829,0.002482,172.217.194.0-255,4320,159974,73,280836
3830,0.002485,172.31.40.0-255,66,160040,73,280836
3831,0.002488,172.217.194.0-255,1484,161524,73,280836
3832,0.002512,172.217.194.0-255,7156,168680,73,280836
3833,0.002515,172.31.40.0-255,66,168746,73,280836
3834,0.002544,172.217.194.0-255,2902,171648,73,280836
3835,0.002547,172.31.40.0-255,66,171714,73,280836
3836,0.002582,172.31.40.0-255,66,171780,73,280836
3837,0.002599,172.217.194.0-255,4320,176100,73,280836
3838,0.002602,172.31.40.0-255,66,176166,73,280836
3839,0.002632,172.31.40.0-255,66,176232,73,280836
3840,0.005199,172.217.194.0-255,5738,181970,73,280836
3841,0.005202,172.31.40.0-255,66,182036,73,280836
3842,0.0078,172.217.194.0-255,5738,187774,73,280836
3843,0.007818,172.31.40.0-255,66,187840,73,280836
3844,0.01034,172.217.194.0-255,5738,193578,73,280836
3845,0.010352,172.31.40.0-255,66,193644,73,280836
3846,0.012957,172.217.194.0-255,5738,199382,73,280836
3847,0.012973,172.31.40.0-255,66,199448,73,280836
3848,0.015574,172.217.194.0-255,5738,205186,73,280836
3849,0.015593,172.31.40.0-255,66,205252,73,280836
3850,0.018161,172.217.194.0-255,5738,210990,73,280836
3851,0.018169,172.31.40.0-255,66,211056,73,280836
3852,0.020712,172.217.194.0-255,5738,216794,73,280836
3853,0.02072,172.31.40.0-255,66,216860,73,280836
3854,0.02331,172.217.194.0-255,5738,222598,73,280836
3855,0.023321,172.31.40.0-255,66,222664,73,280836
3856,0.025898,172.217.194.0-255,5738,228402,73,280836
3857,0.02591,172.31.40.0-255,66,228468,73,280836
3858,0.02848,172.217.194.0-255,5738,234206,73,280836
3859,0.028498,172.31.40.0-255,66,234272,73,280836
3860,0.031063,172.217.194.0-255,5738,240010,73,280836
3861,0.031073,172.31.40.0-255,66,240076,73,280836
3862,0.033625,172.217.194.0-255,5738,245814,73,280836
3863,0.033635,172.31.40.0-255,66,245880,73,280836
3864,0.036234,172.217.194.0-255,5738,251618,73,280836
3865,0.036253,172.31.40.0-255,66,251684,73,280836
3866,0.038808,172.217.194.0-255,5738,257422,73,280836
3867,0.038816,172.31.40.0-255,66,257488,73,280836
3868,0.041432,172.217.194.0-255,1484,258972,73,280836
3869,0.041456,172.217.194.0-255,4320,263292,73,280836
3870,0.041462,172.31.40.0-255,66,263358,73,280836
3871,0.043997,172.217.194.0-255,5738,269096,73,280836
3872,0.044015,172.31.40.0-255,66,269162,73,280836
3873,0.046561,172.217.194.0-255,5738,274900,73,280836
3874,0.046569,172.31.40.0-255,66,274966,73,280836
3875,0.049183,172.217.194.0-255,4320,279286,73,280836
3876,0.049191,172.31.40.0-255,66,279352,73,280836
3877,0.04921,172.217.194.0-255,1484,280836,73,280836
3878,0.0,35.155.241.0-255,74,74,73,723
3879,3.2e-05,172.31.40.0-255,66,140,73,723
3880,0.002219,172.31.40.0-255,583,723,73,723
3881,0.0,74.125.24.0-255,146,146,73,221857
3882,1.9e-05,172.31.40.0-255,66,212,73,221857
3883,2.6e-05,74.125.24.0-255,1484,1696,73,221857
3884,3e-05,172.31.40.0-255,66,1762,73,221857
3885,3.6e-05,74.125.24.0-255,2902,4664,73,221857
3886,3.9e-05,172.31.40.0-255,66,4730,73,221857
3887,4.7e-05,74.125.24.0-255,7156,11886,73,221857
3888,4.9e-05,172.31.40.0-255,66,11952,73,221857
3889,7.3e-05,74.125.24.0-255,2101,14053,73,221857
3890,7.6e-05,172.31.40.0-255,66,14119,73,221857
3891,0.000363,74.125.24.0-255,1484,15603,73,221857
3892,0.000368,172.31.40.0-255,66,15669,73,221857
3893,0.000376,74.125.24.0-255,2902,18571,73,221857
3894,0.000379,172.31.40.0-255,66,18637,73,221857
3895,0.000385,74.125.24.0-255,5738,24375,73,221857
3896,0.000387,172.31.40.0-255,66,24441,73,221857
3897,0.000414,74.125.24.0-255,1484,25925,73,221857
3898,0.000416,172.31.40.0-255,66,25991,73,221857
3899,0.000437,74.125.24.0-255,5379,31370,73,221857
3900,0.00044,172.31.40.0-255,66,31436,73,221857
3901,0.00058,74.125.24.0-255,1484,32920,73,221857
3902,0.000584,172.31.40.0-255,66,32986,73,221857
3903,0.000589,74.125.24.0-255,2902,35888,73,221857
3904,0.000592,172.31.40.0-255,66,35954,73,221857
3905,0.000606,74.125.24.0-255,2902,38856,73,221857
3906,0.000608,172.31.40.0-255,66,38922,73,221857
3907,0.000638,74.125.24.0-255,2902,41824,73,221857
3908,0.000641,172.31.40.0-255,66,41890,73,221857
3909,0.000649,74.125.24.0-255,7156,49046,73,221857
3910,0.000651,172.31.40.0-255,66,49112,73,221857
3911,0.000665,74.125.24.0-255,2543,51655,73,221857
3912,0.000678,74.125.24.0-255,3961,55616,73,221857
3913,0.000684,172.31.40.0-255,66,55682,73,221857
3914,0.000692,172.31.40.0-255,66,55748,73,221857
3915,0.000695,172.31.40.0-255,66,55814,73,221857
3916,0.000713,74.125.24.0-255,411,56225,73,221857
3917,0.000831,74.125.24.0-255,332,56557,73,221857
3918,0.001114,172.31.40.0-255,66,56623,73,221857
3919,0.001201,74.125.24.0-255,1484,58107,73,221857
3920,0.001209,74.125.24.0-255,2902,61009,73,221857
3921,0.001212,172.31.40.0-255,66,61075,73,221857
3922,0.001238,74.125.24.0-255,5738,66813,73,221857
3923,0.001241,172.31.40.0-255,66,66879,73,221857
3924,0.001248,74.125.24.0-255,5738,72617,73,221857
3925,0.001249,172.31.40.0-255,66,72683,73,221857
3926,0.00128,172.31.40.0-255,66,72749,73,221857
3927,0.001286,74.125.24.0-255,5020,77769,73,221857
3928,0.001289,172.31.40.0-255,66,77835,73,221857
3929,0.001716,74.125.24.0-255,1484,79319,73,221857
3930,0.001724,74.125.24.0-255,2902,82221,73,221857
3931,0.001729,172.31.40.0-255,66,82287,73,221857
3932,0.001734,74.125.24.0-255,1484,83771,73,221857
3933,0.00176,74.125.24.0-255,4320,88091,73,221857
3934,0.001762,172.31.40.0-255,66,88157,73,221857
3935,0.001768,74.125.24.0-255,5738,93895,73,221857
3936,0.001771,172.31.40.0-255,66,93961,73,221857
3937,0.001785,172.31.40.0-255,66,94027,73,221857
3938,0.001789,74.125.24.0-255,2902,96929,73,221857
3939,0.001791,172.31.40.0-255,66,96995,73,221857
3940,0.001813,74.125.24.0-255,2184,99179,73,221857
3941,0.001817,172.31.40.0-255,66,99245,73,221857
3942,0.004155,74.125.24.0-255,2902,102147,73,221857
3943,0.004161,172.31.40.0-255,66,102213,73,221857
3944,0.004189,74.125.24.0-255,1484,103697,73,221857
3945,0.004207,74.125.24.0-255,1484,105181,73,221857
3946,0.004209,172.31.40.0-255,66,105247,73,221857
3947,0.006561,74.125.24.0-255,4320,109567,73,221857
3948,0.006567,172.31.40.0-255,66,109633,73,221857
3949,0.006585,74.125.24.0-255,1484,111117,73,221857
3950,0.008951,74.125.24.0-255,4320,115437,73,221857
3951,0.008958,172.31.40.0-255,66,115503,73,221857
3952,0.011336,74.125.24.0-255,5738,121241,73,221857
3953,0.011346,172.31.40.0-255,66,121307,73,221857
3954,0.013738,74.125.24.0-255,5738,127045,73,221857
3955,0.013752,172.31.40.0-255,66,127111,73,221857
3956,0.016165,74.125.24.0-255,5738,132849,73,221857
3957,0.016177,172.31.40.0-255,66,132915,73,221857
3958,0.0186,74.125.24.0-255,5738,138653,73,221857
3959,0.018609,172.31.40.0-255,66,138719,73,221857
3960,0.02101,74.125.24.0-255,5738,144457,73,221857
3961,0.021019,172.31.40.0-255,66,144523,73,221857
3962,0.023389,74.125.24.0-255,4320,148843,73,221857
3963,0.023396,172.31.40.0-255,66,148909,73,221857
3964,0.023422,74.125.24.0-255,1484,150393,73,221857
3965,0.025809,74.125.24.0-255,4320,154713,73,221857
3966,0.025816,172.31.40.0-255,66,154779,73,221857
3967,0.027438,172.31.40.0-255,172,154951,73,221857
3968,0.027471,172.31.40.0-255,1116,156067,73,221857
3969,0.027537,172.31.40.0-255,1514,157581,73,221857
3970,0.027539,172.31.40.0-255,1514,159095,73,221857
3971,0.02754,172.31.40.0-255,1514,160609,73,221857
3972,0.027541,172.31.40.0-255,1514,162123,73,221857
3973,0.027568,172.31.40.0-255,1496,163619,73,221857
3974,0.028227,74.125.24.0-255,5738,169357,73,221857
3975,0.028234,172.31.40.0-255,66,169423,73,221857
3976,0.028993,104.244.42.0-255,66,169489,73,221857
3977,0.029097,104.244.42.0-255,66,169555,73,221857
3978,0.029185,104.244.42.0-255,66,169621,73,221857
3979,0.030593,74.125.24.0-255,5738,175359,73,221857
3980,0.030598,172.31.40.0-255,66,175425,73,221857
3981,0.03301,74.125.24.0-255,5738,181163,73,221857
3982,0.033016,172.31.40.0-255,66,181229,73,221857
3983,0.035414,74.125.24.0-255,5738,186967,73,221857
3984,0.035421,172.31.40.0-255,66,187033,73,221857
3985,0.037809,74.125.24.0-255,5738,192771,73,221857
3986,0.037815,172.31.40.0-255,66,192837,73,221857
3987,0.040214,74.125.24.0-255,5738,198575,73,221857
3988,0.04022,172.31.40.0-255,66,198641,73,221857
3989,0.042588,74.125.24.0-255,5738,204379,73,221857
3990,0.042594,172.31.40.0-255,66,204445,73,221857
3991,0.044977,74.125.24.0-255,5738,210183,73,221857
3992,0.044984,172.31.40.0-255,66,210249,73,221857
3993,0.047396,74.125.24.0-255,5738,215987,73,221857
3994,0.047403,172.31.40.0-255,66,216053,73,221857
3995,0.049838,74.125.24.0-255,5738,221791,73,221857
3996,0.049844,172.31.40.0-255,66,221857,73,221857
3997,0.0,74.125.68.0-255,150,150,73,291926
3998,3.2e-05,172.31.40.0-255,66,216,73,291926
3999,3.9e-05,74.125.68.0-255,1484,1700,73,291926
4000,4.3e-05,172.31.40.0-255,66,1766,73,291926
4001,4.9e-05,74.125.68.0-255,2902,4668,73,291926
4002,5.2e-05,172.31.40.0-255,66,4734,73,291926
4003,5.9e-05,74.125.68.0-255,5738,10472,73,291926
4004,6.2e-05,172.31.40.0-255,66,10538,73,291926
4005,8.6e-05,74.125.68.0-255,3517,14055,73,291926
4006,8.9e-05,172.31.40.0-255,66,14121,73,291926
4007,0.000166,74.125.68.0-255,1484,15605,73,291926
4008,0.000169,172.31.40.0-255,66,15671,73,291926
4009,0.000174,74.125.68.0-255,2902,18573,73,291926
4010,0.000176,172.31.40.0-255,66,18639,73,291926
4011,0.000199,74.125.68.0-255,5738,24377,73,291926
4012,0.000202,172.31.40.0-255,66,24443,73,291926
4013,0.000227,74.125.68.0-255,1484,25927,73,291926
4014,0.000229,172.31.40.0-255,66,25993,73,291926
4015,0.000251,74.125.68.0-255,5379,31372,73,291926
4016,0.000253,172.31.40.0-255,66,31438,73,291926
4017,0.000339,74.125.68.0-255,1484,32922,73,291926
4018,0.000342,172.31.40.0-255,66,32988,73,291926
4019,0.000347,74.125.68.0-255,2902,35890,73,291926
4020,0.000349,172.31.40.0-255,66,35956,73,291926
4021,0.000374,74.125.68.0-255,5738,41694,73,291926
4022,0.000377,172.31.40.0-255,66,41760,73,291926
4023,0.000383,74.125.68.0-255,5738,47498,73,291926
4024,0.000385,172.31.40.0-255,66,47564,73,291926
4025,0.000417,74.125.68.0-255,1125,48689,73,291926
4026,0.00042,172.31.40.0-255,66,48755,73,291926
4027,0.000597,74.125.68.0-255,1484,50239,73,291926
4028,0.000601,172.31.40.0-255,66,50305,73,291926
4029,0.000605,74.125.68.0-255,1484,51789,73,291926
4030,0.000622,74.125.68.0-255,1484,53273,73,291926
4031,0.000628,74.125.68.0-255,5738,59011,73,291926
4032,0.000632,172.31.40.0-255,66,59077,73,291926
4033,0.000635,172.31.40.0-255,66,59143,73,291926
4034,0.000659,74.125.68.0-255,6797,65940,73,291926
4035,0.000662,172.31.40.0-255,66,66006,73,291926
4036,0.000665,74.125.68.0-255,413,66419,73,291926
4037,0.000774,74.125.68.0-255,1484,67903,73,291926
4038,0.000778,172.31.40.0-255,66,67969,73,291926
4039,0.000782,74.125.68.0-255,1484,69453,73,291926
4040,0.000786,74.125.68.0-255,2902,72355,73,291926
4041,0.000789,172.31.40.0-255,66,72421,73,291926
4042,0.000815,74.125.68.0-255,5738,78159,73,291926
4043,0.000817,172.31.40.0-255,66,78225,73,291926
4044,0.000844,74.125.68.0-255,6797,85022,73,291926
4045,0.000847,172.31.40.0-255,66,85088,73,291926
4046,0.000855,74.125.68.0-255,7156,92244,73,291926
4047,0.000857,172.31.40.0-255,66,92310,73,291926
4048,0.00091,172.31.40.0-255,66,92376,73,291926
4049,0.001219,74.125.68.0-255,1484,93860,73,291926
4050,0.001225,74.125.68.0-255,2902,96762,73,291926
4051,0.001228,172.31.40.0-255,66,96828,73,291926
4052,0.001232,74.125.68.0-255,1484,98312,73,291926
4053,0.00125,74.125.68.0-255,2902,101214,73,291926
4054,0.001254,172.31.40.0-255,66,101280,73,291926
4055,0.001276,74.125.68.0-255,5738,107018,73,291926
4056,0.00128,172.31.40.0-255,66,107084,73,291926
4057,0.001295,74.125.68.0-255,4320,111404,73,291926
4058,0.001297,172.31.40.0-255,66,111470,73,291926
4059,0.001333,172.31.40.0-255,66,111536,73,291926
4060,0.001344,74.125.68.0-255,1484,113020,73,291926
4061,0.001365,74.125.68.0-255,5020,118040,73,291926
4062,0.001367,172.31.40.0-255,66,118106,73,291926
4063,0.001391,74.125.68.0-255,2902,121008,73,291926
4064,0.001393,172.31.40.0-255,66,121074,73,291926
4065,0.001415,74.125.68.0-255,4320,125394,73,291926
4066,0.001418,172.31.40.0-255,66,125460,73,291926
4067,0.001422,74.125.68.0-255,2902,128362,73,291926
4068,0.001424,172.31.40.0-255,66,128428,73,291926
4069,0.00143,74.125.68.0-255,4320,132748,73,291926
4070,0.001432,172.31.40.0-255,66,132814,73,291926
4071,0.001444,172.31.40.0-255,66,132880,73,291926
4072,0.001447,74.125.68.0-255,1484,134364,73,291926
4073,0.001481,74.125.68.0-255,7156,141520,73,291926
4074,0.001484,172.31.40.0-255,66,141586,73,291926
4075,0.001502,74.125.68.0-255,2184,143770,73,291926
4076,0.001506,172.31.40.0-255,66,143836,73,291926
4077,0.001987,74.125.68.0-255,1484,145320,73,291926
4078,0.001993,74.125.68.0-255,2902,148222,73,291926
4079,0.001997,172.31.40.0-255,66,148288,73,291926
4080,0.002002,74.125.68.0-255,2902,151190,73,291926
4081,0.002004,172.31.40.0-255,66,151256,73,291926
4082,0.002008,74.125.68.0-255,1484,152740,73,291926
4083,0.002032,74.125.68.0-255,2902,155642,73,291926
4084,0.002035,172.31.40.0-255,66,155708,73,291926
4085,0.002045,172.31.40.0-255,66,155774,73,291926
4086,0.002051,74.125.68.0-255,4320,160094,73,291926
4087,0.002052,172.31.40.0-255,66,160160,73,291926
4088,0.002066,74.125.68.0-255,2902,163062,73,291926
4089,0.002068,172.31.40.0-255,66,163128,73,291926
4090,0.002101,74.125.68.0-255,2902,166030,73,291926
4091,0.002103,172.31.40.0-255,66,166096,73,291926
4092,0.002121,74.125.68.0-255,3602,169698,73,291926
4093,0.002123,172.31.40.0-255,66,169764,73,291926
4094,0.004374,74.125.68.0-255,1484,171248,73,291926
4095,0.004396,74.125.68.0-255,4320,175568,73,291926
4096,0.004402,172.31.40.0-255,66,175634,73,291926
4097,0.006701,74.125.68.0-255,5738,181372,73,291926
4098,0.006705,172.31.40.0-255,66,181438,73,291926
4099,0.008993,74.125.68.0-255,5738,187176,73,291926
4100,0.009006,172.31.40.0-255,66,187242,73,291926
4101,0.0113,74.125.68.0-255,5738,192980,73,291926
4102,0.01132,172.31.40.0-255,66,193046,73,291926
4103,0.013611,74.125.68.0-255,5738,198784,73,291926
4104,0.013627,172.31.40.0-255,66,198850,73,291926
4105,0.015919,74.125.68.0-255,5738,204588,73,291926
4106,0.015935,172.31.40.0-255,66,204654,73,291926
4107,0.01823,74.125.68.0-255,5738,210392,73,291926
4108,0.018247,172.31.40.0-255,66,210458,73,291926
4109,0.02054,74.125.68.0-255,5738,216196,73,291926
4110,0.020558,172.31.40.0-255,66,216262,73,291926
4111,0.02285,74.125.68.0-255,5738,222000,73,291926
4112,0.022866,172.31.40.0-255,66,222066,73,291926
4113,0.025158,74.125.68.0-255,5738,227804,73,291926
4114,0.025173,172.31.40.0-255,66,227870,73,291926
4115,0.027465,74.125.68.0-255,5738,233608,73,291926
4116,0.027483,172.31.40.0-255,66,233674,73,291926
4117,0.029797,74.125.68.0-255,5738,239412,73,291926
4118,0.029814,172.31.40.0-255,66,239478,73,291926
4119,0.032136,74.125.68.0-255,5738,245216,73,291926
4120,0.032144,172.31.40.0-255,66,245282,73,291926
4121,0.03442,74.125.68.0-255,5738,251020,73,291926
4122,0.034428,172.31.40.0-255,66,251086,73,291926
4123,0.036725,74.125.68.0-255,5738,256824,73,291926
4124,0.036742,172.31.40.0-255,66,256890,73,291926
4125,0.039018,74.125.68.0-255,5738,262628,73,291926
4126,0.039025,172.31.40.0-255,66,262694,73,291926
4127,0.040721,172.31.40.0-255,172,262866,73,291926
4128,0.040753,172.31.40.0-255,1116,263982,73,291926
4129,0.040811,172.31.40.0-255,1514,265496,73,291926
4130,0.040813,172.31.40.0-255,1514,267010,73,291926
4131,0.040814,172.31.40.0-255,1436,268446,73,291926
4132,0.041301,74.125.68.0-255,5738,274184,73,291926
4133,0.041308,172.31.40.0-255,66,274250,73,291926
4134,0.042252,104.244.42.0-255,66,274316,73,291926
4135,0.042261,104.244.42.0-255,66,274382,73,291926
4136,0.042352,104.244.42.0-255,66,274448,73,291926
4137,0.04358,74.125.68.0-255,1484,275932,73,291926
4138,0.043606,74.125.68.0-255,4320,280252,73,291926
4139,0.043615,172.31.40.0-255,66,280318,73,291926
4140,0.045904,74.125.68.0-255,5738,286056,73,291926
4141,0.045921,172.31.40.0-255,66,286122,73,291926
4142,0.048216,74.125.68.0-255,5738,291860,73,291926
4143,0.048234,172.31.40.0-255,66,291926,73,291926
4144,0.0,74.125.24.0-255,143,143,73,229302
4145,2.3e-05,172.31.40.0-255,66,209,73,229302
4146,3e-05,74.125.24.0-255,1484,1693,73,229302
4147,3.4e-05,172.31.40.0-255,66,1759,73,229302
4148,4e-05,74.125.24.0-255,2902,4661,73,229302
4149,5.4e-05,172.31.40.0-255,66,4727,73,229302
4150,6.1e-05,74.125.24.0-255,7156,11883,73,229302
4151,6.5e-05,172.31.40.0-255,66,11949,73,229302
4152,6.8e-05,74.125.24.0-255,2129,14078,73,229302
4153,7.1e-05,172.31.40.0-255,66,14144,73,229302
4154,0.000156,74.125.24.0-255,1484,15628,73,229302
4155,0.00016,172.31.40.0-255,66,15694,73,229302
4156,0.000166,74.125.24.0-255,2902,18596,73,229302
4157,0.000169,172.31.40.0-255,66,18662,73,229302
4158,0.000172,74.125.24.0-255,1484,20146,73,229302
4159,0.000174,172.31.40.0-255,66,20212,73,229302
4160,0.000195,74.125.24.0-255,4320,24532,73,229302
4161,0.000197,172.31.40.0-255,66,24598,73,229302
4162,0.000228,74.125.24.0-255,4320,28918,73,229302
4163,0.000231,172.31.40.0-255,66,28984,73,229302
4164,0.000258,74.125.24.0-255,2543,31527,73,229302
4165,0.00026,172.31.40.0-255,66,31593,73,229302
4166,0.00049,74.125.24.0-255,1484,33077,73,229302
4167,0.000497,172.31.40.0-255,66,33143,73,229302
4168,0.000502,74.125.24.0-255,2902,36045,73,229302
4169,0.000505,172.31.40.0-255,66,36111,73,229302
4170,0.000516,74.125.24.0-255,5738,41849,73,229302
4171,0.000518,172.31.40.0-255,66,41915,73,229302
4172,0.000523,74.125.24.0-255,2902,44817,73,229302
4173,0.000525,172.31.40.0-255,66,44883,73,229302
4174,0.000556,74.125.24.0-255,3961,48844,73,229302
4175,0.000559,172.31.40.0-255,66,48910,73,229302
4176,0.000581,74.125.24.0-255,2839,51749,73,229302
4177,0.0006,74.125.24.0-255,129,51878,73,229302
4178,0.000608,172.31.40.0-255,66,51944,73,229302
4179,0.000808,74.125.24.0-255,351,52295,73,229302
4180,0.001122,172.31.40.0-255,66,52361,73,229302
4181,0.001196,74.125.24.0-255,1484,53845,73,229302
4182,0.001205,74.125.24.0-255,2902,56747,73,229302
4183,0.001235,74.125.24.0-255,5738,62485,73,229302
4184,0.001241,74.125.24.0-255,5738,68223,73,229302
4185,0.001246,74.125.24.0-255,2902,71125,73,229302
4186,0.001284,74.125.24.0-255,5020,76145,73,229302
4187,0.00157,74.125.24.0-255,1484,77629,73,229302
4188,0.001578,74.125.24.0-255,2902,80531,73,229302
4189,0.001581,74.125.24.0-255,1484,82015,73,229302
4190,0.001596,74.125.24.0-255,4320,86335,73,229302
4191,0.001626,74.125.24.0-255,5738,92073,73,229302
4192,0.001646,74.125.24.0-255,7156,99229,73,229302
4193,0.001705,74.125.24.0-255,2184,101413,73,229302
4194,0.002411,74.125.24.0-255,1484,102897,73,229302
4195,0.00243,74.125.24.0-255,2902,105799,73,229302
4196,0.002434,74.125.24.0-255,1484,107283,73,229302
4197,0.002449,74.125.24.0-255,4320,111603,73,229302
4198,0.002464,74.125.24.0-255,4320,115923,73,229302
4199,0.002516,74.125.24.0-255,4320,120243,73,229302
4200,0.002533,74.125.24.0-255,6438,126681,73,229302
4201,0.00449,172.31.40.0-255,66,126747,73,229302
4202,0.007063,74.125.24.0-255,5738,132485,73,229302
4203,0.00707,172.31.40.0-255,66,132551,73,229302
4204,0.009664,74.125.24.0-255,5738,138289,73,229302
4205,0.009671,172.31.40.0-255,66,138355,73,229302
4206,0.012281,74.125.24.0-255,5738,144093,73,229302
4207,0.01229,172.31.40.0-255,66,144159,73,229302
4208,0.01486,74.125.24.0-255,5738,149897,73,229302
4209,0.01488,172.31.40.0-255,66,149963,73,229302
4210,0.01747,74.125.24.0-255,5738,155701,73,229302
4211,0.017484,172.31.40.0-255,66,155767,73,229302
4212,0.020061,74.125.24.0-255,5738,161505,73,229302
4213,0.020073,172.31.40.0-255,66,161571,73,229302
4214,0.02264,74.125.24.0-255,5738,167309,73,229302
4215,0.022648,172.31.40.0-255,66,167375,73,229302
4216,0.025266,74.125.24.0-255,5738,173113,73,229302
4217,0.025274,172.31.40.0-255,66,173179,73,229302
4218,0.027884,74.125.24.0-255,5738,178917,73,229302
4219,0.027893,172.31.40.0-255,66,178983,73,229302
4220,0.030478,74.125.24.0-255,5738,184721,73,229302
4221,0.030488,172.31.40.0-255,66,184787,73,229302
4222,0.033084,74.125.24.0-255,5738,190525,73,229302
4223,0.033092,172.31.40.0-255,66,190591,73,229302
4224,0.03567,74.125.24.0-255,5738,196329,73,229302
4225,0.035678,172.31.40.0-255,66,196395,73,229302
4226,0.036535,172.31.40.0-255,176,196571,73,229302
4227,0.036581,172.31.40.0-255,1115,197686,73,229302
4228,0.036632,172.31.40.0-255,1514,199200,73,229302
4229,0.036634,172.31.40.0-255,884,200084,73,229302
4230,0.038064,104.244.42.0-255,66,200150,73,229302
4231,0.038153,104.244.42.0-255,66,200216,73,229302
4232,0.038197,104.244.42.0-255,66,200282,73,229302
4233,0.038235,74.125.24.0-255,5738,206020,73,229302
4234,0.03824,172.31.40.0-255,66,206086,73,229302
4235,0.040799,74.125.24.0-255,5738,211824,73,229302
4236,0.040812,172.31.40.0-255,66,211890,73,229302
4237,0.043421,74.125.24.0-255,5738,217628,73,229302
4238,0.043437,172.31.40.0-255,66,217694,73,229302
4239,0.046039,74.125.24.0-255,5738,223432,73,229302
4240,0.046059,172.31.40.0-255,66,223498,73,229302
4241,0.048639,74.125.24.0-255,5738,229236,73,229302
4242,0.048656,172.31.40.0-255,66,229302,73,229302
4243,0.0,74.125.24.0-255,146,146,73,246700
4244,2.2e-05,172.31.40.0-255,66,212,73,246700
4245,3e-05,74.125.24.0-255,1484,1696,73,246700
4246,3.4e-05,172.31.40.0-255,66,1762,73,246700
4247,4e-05,74.125.24.0-255,2902,4664,73,246700
4248,5e-05,172.31.40.0-255,66,4730,73,246700
4249,5.8e-05,74.125.24.0-255,7156,11886,73,246700
4250,6.2e-05,172.31.40.0-255,66,11952,73,246700
4251,9.8e-05,74.125.24.0-255,2041,13993,73,246700
4252,0.0001,172.31.40.0-255,66,14059,73,246700
4253,0.000239,74.125.24.0-255,1484,15543,73,246700
4254,0.000244,172.31.40.0-255,66,15609,73,246700
4255,0.00025,74.125.24.0-255,2902,18511,73,246700
4256,0.000252,172.31.40.0-255,66,18577,73,246700
4257,0.000269,74.125.24.0-255,2902,21479,73,246700
4258,0.000272,172.31.40.0-255,66,21545,73,246700
4259,0.000302,74.125.24.0-255,2902,24447,73,246700
4260,0.000304,172.31.40.0-255,66,24513,73,246700
4261,0.000338,74.125.24.0-255,6797,31310,73,246700
4262,0.00034,172.31.40.0-255,66,31376,73,246700
4263,0.000444,74.125.24.0-255,1484,32860,73,246700
4264,0.000448,172.31.40.0-255,66,32926,73,246700
4265,0.000452,74.125.24.0-255,1484,34410,73,246700
4266,0.000454,172.31.40.0-255,66,34476,73,246700
4267,0.000473,74.125.24.0-255,1484,35960,73,246700
4268,0.000475,172.31.40.0-255,66,36026,73,246700
4269,0.000478,74.125.24.0-255,1484,37510,73,246700
4270,0.00048,172.31.40.0-255,66,37576,73,246700
4271,0.000507,74.125.24.0-255,4320,41896,73,246700
4272,0.000513,172.31.40.0-255,66,41962,73,246700
4273,0.000521,74.125.24.0-255,6797,48759,73,246700
4274,0.000523,172.31.40.0-255,66,48825,73,246700
4275,0.000563,74.125.24.0-255,1484,50309,73,246700
4276,0.0006,74.125.24.0-255,2902,53211,73,246700
4277,0.000616,74.125.24.0-255,1484,54695,73,246700
4278,0.000625,172.31.40.0-255,66,54761,73,246700
4279,0.000636,74.125.24.0-255,5738,60499,73,246700
4280,0.000641,172.31.40.0-255,66,60565,73,246700
4281,0.000676,74.125.24.0-255,5686,66251,73,246700
4282,0.00069,74.125.24.0-255,112,66363,73,246700
4283,0.000696,172.31.40.0-255,66,66429,73,246700
4284,0.000731,74.125.24.0-255,333,66762,73,246700
4285,0.001141,74.125.24.0-255,1484,68246,73,246700
4286,0.001145,172.31.40.0-255,66,68312,73,246700
4287,0.001151,74.125.24.0-255,2902,71214,73,246700
4288,0.001158,172.31.40.0-255,66,71280,73,246700
4289,0.001179,74.125.24.0-255,5738,77018,73,246700
4290,0.001187,74.125.24.0-255,2902,79920,73,246700
4291,0.001197,172.31.40.0-255,66,79986,73,246700
4292,0.001201,74.125.24.0-255,2902,82888,73,246700
4293,0.001228,74.125.24.0-255,7156,90044,73,246700
4294,0.001242,172.31.40.0-255,66,90110,73,246700
4295,0.001253,74.125.24.0-255,5738,95848,73,246700
4296,0.001287,74.125.24.0-255,2902,98750,73,246700
4297,0.001299,74.125.24.0-255,2184,100934,73,246700
4298,0.001313,172.31.40.0-255,66,101000,73,246700
4299,0.001836,74.125.24.0-255,1484,102484,73,246700
4300,0.001844,74.125.24.0-255,2902,105386,73,246700
4301,0.001849,172.31.40.0-255,66,105452,73,246700
4302,0.001878,74.125.24.0-255,5738,111190,73,246700
4303,0.001881,74.125.24.0-255,1484,112674,73,246700
4304,0.001902,74.125.24.0-255,7156,119830,73,246700
4305,0.001959,74.125.24.0-255,7156,126986,73,246700
4306,0.00746,172.31.40.0-255,66,127052,73,246700
4307,0.009509,74.125.24.0-255,5738,132790,73,246700
4308,0.009519,172.31.40.0-255,66,132856,73,246700
4309,0.011539,74.125.24.0-255,5738,138594,73,246700
4310,0.012425,172.31.40.0-255,66,138660,73,246700
4311,0.014499,74.125.24.0-255,5738,144398,73,246700
4312,0.014507,172.31.40.0-255,66,144464,73,246700
4313,0.016564,74.125.24.0-255,5738,150202,73,246700
4314,0.016571,172.31.40.0-255,66,150268,73,246700
4315,0.018601,74.125.24.0-255,5738,156006,73,246700
4316,0.018611,172.31.40.0-255,66,156072,73,246700
4317,0.020684,74.125.24.0-255,4320,160392,73,246700
4318,0.020693,172.31.40.0-255,66,160458,73,246700
4319,0.020722,74.125.24.0-255,1484,161942,73,246700
4320,0.022731,74.125.24.0-255,4320,166262,73,246700
4321,0.022739,172.31.40.0-255,66,166328,73,246700
4322,0.024773,74.125.24.0-255,5738,172066,73,246700
4323,0.024814,172.31.40.0-255,66,172132,73,246700
4324,0.026852,74.125.24.0-255,5738,177870,73,246700
4325,0.02686,172.31.40.0-255,66,177936,73,246700
4326,0.02888,74.125.24.0-255,5738,183674,73,246700
4327,0.028888,172.31.40.0-255,66,183740,73,246700
4328,0.030268,172.31.40.0-255,192,183932,73,246700
4329,0.030297,172.31.40.0-255,1115,185047,73,246700
4330,0.03036,172.31.40.0-255,1514,186561,73,246700
4331,0.030362,172.31.40.0-255,1514,188075,73,246700
4332,0.030364,172.31.40.0-255,1514,189589,73,246700
4333,0.030365,172.31.40.0-255,159,189748,73,246700
4334,0.030955,74.125.24.0-255,5738,195486,73,246700
4335,0.030963,172.31.40.0-255,66,195552,73,246700
4336,0.031806,104.244.42.0-255,66,195618,73,246700
4337,0.031843,104.244.42.0-255,66,195684,73,246700
4338,0.03196,104.244.42.0-255,66,195750,73,246700
4339,0.031982,104.244.42.0-255,66,195816,73,246700
4340,0.032991,74.125.24.0-255,5738,201554,73,246700
4341,0.032996,172.31.40.0-255,66,201620,73,246700
4342,0.035036,74.125.24.0-255,5738,207358,73,246700
4343,0.035042,172.31.40.0-255,66,207424,73,246700
4344,0.03709,74.125.24.0-255,5738,213162,73,246700
4345,0.037096,172.31.40.0-255,66,213228,73,246700
4346,0.039118,74.125.24.0-255,5738,218966,73,246700
4347,0.039125,172.31.40.0-255,66,219032,73,246700
4348,0.041168,74.125.24.0-255,4320,223352,73,246700
4349,0.041174,172.31.40.0-255,66,223418,73,246700
4350,0.041201,74.125.24.0-255,1484,224902,73,246700
4351,0.043183,74.125.24.0-255,4320,229222,73,246700
4352,0.043189,172.31.40.0-255,66,229288,73,246700
4353,0.045211,74.125.24.0-255,5738,235026,73,246700
4354,0.04525,172.31.40.0-255,66,235092,73,246700
4355,0.047317,74.125.24.0-255,5738,240830,73,246700
4356,0.047327,172.31.40.0-255,66,240896,73,246700
4357,0.049391,74.125.24.0-255,5738,246634,73,246700
4358,0.049398,172.31.40.0-255,66,246700,73,246700
4359,0.0,172.31.40.0-255,66,66,73,66
4360,0.0,74.125.130.0-255,143,143,73,340626
4361,1.8e-05,172.31.40.0-255,66,209,73,340626
4362,2.5e-05,74.125.130.0-255,1484,1693,73,340626
4363,2.9e-05,172.31.40.0-255,66,1759,73,340626
4364,3.5e-05,74.125.130.0-255,2902,4661,73,340626
4365,4.5e-05,172.31.40.0-255,66,4727,73,340626
4366,5.2e-05,74.125.130.0-255,5738,10465,73,340626
4367,5.5e-05,172.31.40.0-255,66,10531,73,340626
4368,9.4e-05,74.125.130.0-255,3448,13979,73,340626
4369,9.7e-05,172.31.40.0-255,66,14045,73,340626
4370,0.000221,74.125.130.0-255,1484,15529,73,340626
4371,0.000226,172.31.40.0-255,66,15595,73,340626
4372,0.000257,74.125.130.0-255,2902,18497,73,340626
4373,0.00026,172.31.40.0-255,66,18563,73,340626
4374,0.000265,74.125.130.0-255,4320,22883,73,340626
4375,0.000267,172.31.40.0-255,66,22949,73,340626
4376,0.000291,74.125.130.0-255,1484,24433,73,340626
4377,0.000293,172.31.40.0-255,66,24499,73,340626
4378,0.000325,172.31.40.0-255,66,24565,73,340626
4379,0.000335,172.31.40.0-255,66,24631,73,340626
4380,0.000364,74.125.130.0-255,1484,26115,73,340626
4381,0.000366,172.31.40.0-255,66,26181,73,340626
4382,0.000373,74.125.130.0-255,7156,33337,73,340626
4383,0.000375,172.31.40.0-255,66,33403,73,340626
4384,0.000388,172.31.40.0-255,66,33469,73,340626
4385,0.000393,74.125.130.0-255,2902,36371,73,340626
4386,0.000398,172.31.40.0-255,66,36437,73,340626
4387,0.000421,74.125.130.0-255,3602,40039,73,340626
4388,0.000423,172.31.40.0-255,66,40105,73,340626
4389,0.000426,74.125.130.0-255,377,40482,73,340626
4390,0.000562,74.125.130.0-255,365,40847,73,340626
4391,0.000763,74.125.130.0-255,1484,42331,73,340626
4392,0.000768,172.31.40.0-255,66,42397,73,340626
4393,0.000772,74.125.130.0-255,2902,45299,73,340626
4394,0.000774,172.31.40.0-255,66,45365,73,340626
4395,0.000791,74.125.130.0-255,1484,46849,73,340626
4396,0.000813,74.125.130.0-255,4320,51169,73,340626
4397,0.000815,172.31.40.0-255,66,51235,73,340626
4398,0.000869,74.125.130.0-255,7156,58391,73,340626
4399,0.000871,172.31.40.0-255,66,58457,73,340626
4400,0.000884,172.31.40.0-255,66,58523,73,340626
4401,0.000923,74.125.130.0-255,3602,62125,73,340626
4402,0.000925,172.31.40.0-255,66,62191,73,340626
4403,0.001268,74.125.130.0-255,1484,63675,73,340626
4404,0.001282,74.125.130.0-255,1484,65159,73,340626
4405,0.001285,172.31.40.0-255,66,65225,73,340626
4406,0.001315,74.125.130.0-255,1484,66709,73,340626
4407,0.001321,74.125.130.0-255,5738,72447,73,340626
4408,0.001323,172.31.40.0-255,66,72513,73,340626
4409,0.001329,74.125.130.0-255,7156,79669,73,340626
4410,0.001331,172.31.40.0-255,66,79735,73,340626
4411,0.001369,172.31.40.0-255,66,79801,73,340626
4412,0.001378,74.125.130.0-255,4320,84121,73,340626
4413,0.00138,172.31.40.0-255,66,84187,73,340626
4414,0.001413,74.125.130.0-255,3602,87789,73,340626
4415,0.001416,172.31.40.0-255,66,87855,73,340626
4416,0.001451,74.125.130.0-255,1484,89339,73,340626
4417,0.001466,74.125.130.0-255,2902,92241,73,340626
4418,0.001469,172.31.40.0-255,66,92307,73,340626
4419,0.00148,74.125.130.0-255,2902,95209,73,340626
4420,0.001482,172.31.40.0-255,66,95275,73,340626
4421,0.001501,74.125.130.0-255,2902,98177,73,340626
4422,0.001503,172.31.40.0-255,66,98243,73,340626
4423,0.001509,74.125.130.0-255,5738,103981,73,340626
4424,0.00151,172.31.40.0-255,66,104047,73,340626
4425,0.001537,74.125.130.0-255,4320,108367,73,340626
4426,0.00154,172.31.40.0-255,66,108433,73,340626
4427,0.001551,172.31.40.0-255,66,108499,73,340626
4428,0.001555,74.125.130.0-255,2184,110683,73,340626
4429,0.001557,172.31.40.0-255,66,110749,73,340626
4430,0.001636,74.125.130.0-255,1484,112233,73,340626
4431,0.00165,74.125.130.0-255,2902,115135,73,340626
4432,0.001652,172.31.40.0-255,66,115201,73,340626
4433,0.001685,74.125.130.0-255,5738,120939,73,340626
4434,0.001687,172.31.40.0-255,66,121005,73,340626
4435,0.001714,74.125.130.0-255,7156,128161,73,340626
4436,0.001716,172.31.40.0-255,66,128227,73,340626
4437,0.001747,74.125.130.0-255,5738,133965,73,340626
4438,0.001749,172.31.40.0-255,66,134031,73,340626
4439,0.001756,74.125.130.0-255,5738,139769,73,340626
4440,0.001757,172.31.40.0-255,66,139835,73,340626
4441,0.001774,74.125.130.0-255,5020,144855,73,340626
4442,0.001781,172.31.40.0-255,66,144921,73,340626
4443,0.001872,74.125.130.0-255,1484,146405,73,340626
4444,0.001885,74.125.130.0-255,1484,147889,73,340626
4445,0.001887,172.31.40.0-255,66,147955,73,340626
4446,0.001909,74.125.130.0-255,1484,149439,73,340626
4447,0.001915,74.125.130.0-255,4320,153759,73,340626
4448,0.001917,172.31.40.0-255,66,153825,73,340626
4449,0.001945,74.125.130.0-255,1484,155309,73,340626
4450,0.00195,74.125.130.0-255,5738,161047,73,340626
4451,0.001956,74.125.130.0-255,7156,168203,73,340626
4452,0.00196,172.31.40.0-255,66,168269,73,340626
4453,0.001963,172.31.40.0-255,66,168335,73,340626
4454,0.002,172.31.40.0-255,66,168401,73,340626
4455,0.002228,74.125.130.0-255,1484,169885,73,340626
4456,0.002246,74.125.130.0-255,2902,172787,73,340626
4457,0.002249,172.31.40.0-255,66,172853,73,340626
4458,0.002266,74.125.130.0-255,5738,178591,73,340626
4459,0.002272,172.31.40.0-255,66,178657,73,340626
4460,0.002276,74.125.130.0-255,2902,181559,73,340626
4461,0.002278,172.31.40.0-255,66,181625,73,340626
4462,0.002287,74.125.130.0-255,2902,184527,73,340626
4463,0.00229,172.31.40.0-255,66,184593,73,340626
4464,0.002321,74.125.130.0-255,1484,186077,73,340626
4465,0.002332,172.31.40.0-255,66,186143,73,340626
4466,0.002338,74.125.130.0-255,4320,190463,73,340626
4467,0.00234,172.31.40.0-255,66,190529,73,340626
4468,0.002409,74.125.130.0-255,5020,195549,73,340626
4469,0.002412,172.31.40.0-255,66,195615,73,340626
4470,0.002418,74.125.130.0-255,5738,201353,73,340626
4471,0.002421,172.31.40.0-255,66,201419,73,340626
4472,0.002428,74.125.130.0-255,7156,208575,73,340626
4473,0.00243,172.31.40.0-255,66,208641,73,340626
4474,0.002443,172.31.40.0-255,66,208707,73,340626
4475,0.00249,74.125.130.0-255,6438,215145,73,340626
4476,0.002493,172.31.40.0-255,66,215211,73,340626
4477,0.002498,74.125.130.0-255,4320,219531,73,340626
4478,0.002501,172.31.40.0-255,66,219597,73,340626
4479,0.002522,74.125.130.0-255,2902,222499,73,340626
4480,0.002524,172.31.40.0-255,66,222565,73,340626
4481,0.002529,74.125.130.0-255,2902,225467,73,340626
4482,0.002532,172.31.40.0-255,66,225533,73,340626
4483,0.00256,74.125.130.0-255,4320,229853,73,340626
4484,0.002563,172.31.40.0-255,66,229919,73,340626
4485,0.005028,74.125.130.0-255,1484,231403,73,340626
4486,0.005078,74.125.130.0-255,4320,235723,73,340626
4487,0.005083,172.31.40.0-255,66,235789,73,340626
4488,0.007609,74.125.130.0-255,5738,241527,73,340626
4489,0.007631,172.31.40.0-255,66,241593,73,340626
4490,0.010145,74.125.130.0-255,5738,247331,73,340626
4491,0.010162,172.31.40.0-255,66,247397,73,340626
4492,0.012679,74.125.130.0-255,5738,253135,73,340626
4493,0.012697,172.31.40.0-255,66,253201,73,340626
4494,0.015197,74.125.130.0-255,5738,258939,73,340626
4495,0.015204,172.31.40.0-255,66,259005,73,340626
4496,0.017728,74.125.130.0-255,5738,264743,73,340626
4497,0.017734,172.31.40.0-255,66,264809,73,340626
4498,0.020243,74.125.130.0-255,5738,270547,73,340626
4499,0.020251,172.31.40.0-255,66,270613,73,340626
4500,0.022756,74.125.130.0-255,5738,276351,73,340626
4501,0.022764,172.31.40.0-255,66,276417,73,340626
4502,0.025275,74.125.130.0-255,5738,282155,73,340626
4503,0.025285,172.31.40.0-255,66,282221,73,340626
4504,0.027794,74.125.130.0-255,5738,287959,73,340626
4505,0.027802,172.31.40.0-255,66,288025,73,340626
4506,0.030314,74.125.130.0-255,5738,293763,73,340626
4507,0.030323,172.31.40.0-255,66,293829,73,340626
4508,0.032828,74.125.130.0-255,5738,299567,73,340626
4509,0.032836,172.31.40.0-255,66,299633,73,340626
4510,0.035365,74.125.130.0-255,5738,305371,73,340626
4511,0.035382,172.31.40.0-255,66,305437,73,340626
4512,0.037891,74.125.130.0-255,5738,311175,73,340626
4513,0.037898,172.31.40.0-255,66,311241,73,340626
4514,0.040419,74.125.130.0-255,5738,316979,73,340626
4515,0.04043,172.31.40.0-255,66,317045,73,340626
4516,0.04294,74.125.130.0-255,5738,322783,73,340626
4517,0.04295,172.31.40.0-255,66,322849,73,340626
4518,0.045454,74.125.130.0-255,5738,328587,73,340626
4519,0.045463,172.31.40.0-255,66,328653,73,340626
4520,0.047981,74.125.130.0-255,5617,334270,73,340626
4521,0.047995,172.31.40.0-255,66,334336,73,340626
4522,0.04827,172.31.40.0-255,105,334441,73,340626
4523,0.048881,172.31.40.0-255,172,334613,73,340626
4524,0.04891,172.31.40.0-255,1115,335728,73,340626
4525,0.048964,172.31.40.0-255,1514,337242,73,340626
4526,0.048965,172.31.40.0-255,1514,338756,73,340626
4527,0.048966,172.31.40.0-255,1514,340270,73,340626
4528,0.048967,172.31.40.0-255,356,340626,73,340626
4529,0.0,74.125.24.0-255,150,150,73,200990
4530,2.4e-05,172.31.40.0-255,66,216,73,200990
4531,3.1e-05,74.125.24.0-255,1484,1700,73,200990
4532,3.6e-05,172.31.40.0-255,66,1766,73,200990
4533,4.1e-05,74.125.24.0-255,2902,4668,73,200990
4534,4.5e-05,172.31.40.0-255,66,4734,73,200990
4535,5.3e-05,74.125.24.0-255,7156,11890,73,200990
4536,5.6e-05,172.31.40.0-255,66,11956,73,200990
4537,6e-05,74.125.24.0-255,1902,13858,73,200990
4538,6.3e-05,172.31.40.0-255,66,13924,73,200990
4539,0.000141,74.125.24.0-255,1484,15408,73,200990
4540,0.000144,172.31.40.0-255,66,15474,73,200990
4541,0.000148,74.125.24.0-255,1484,16958,73,200990
4542,0.00015,172.31.40.0-255,66,17024,73,200990
4543,0.000164,74.125.24.0-255,1484,18508,73,200990
4544,0.000166,172.31.40.0-255,66,18574,73,200990
4545,0.000182,74.125.24.0-255,5738,24312,73,200990
4546,0.000184,172.31.40.0-255,66,24378,73,200990
4547,0.000187,74.125.24.0-255,1484,25862,73,200990
4548,0.000189,172.31.40.0-255,66,25928,73,200990
4549,0.000214,74.125.24.0-255,2902,28830,73,200990
4550,0.000218,172.31.40.0-255,66,28896,73,200990
4551,0.000252,74.125.24.0-255,2543,31439,73,200990
4552,0.000255,172.31.40.0-255,66,31505,73,200990
4553,0.000329,74.125.24.0-255,1484,32989,73,200990
4554,0.000332,172.31.40.0-255,66,33055,73,200990
4555,0.000351,74.125.24.0-255,2902,35957,73,200990
4556,0.000354,172.31.40.0-255,66,36023,73,200990
4557,0.000362,74.125.24.0-255,5738,41761,73,200990
4558,0.000364,172.31.40.0-255,66,41827,73,200990
4559,0.000401,74.125.24.0-255,4320,46147,73,200990
4560,0.000404,172.31.40.0-255,66,46213,73,200990
4561,0.000423,74.125.24.0-255,2543,48756,73,200990
4562,0.000448,74.125.24.0-255,2902,51658,73,200990
4563,0.000452,74.125.24.0-255,2902,54560,73,200990
4564,0.00047,74.125.24.0-255,1484,56044,73,200990
4565,0.00049,74.125.24.0-255,1458,57502,73,200990
4566,0.000537,74.125.24.0-255,111,57613,73,200990
4567,0.00055,172.31.40.0-255,66,57679,73,200990
4568,0.00068,74.125.24.0-255,331,58010,73,200990
4569,0.00108,172.31.40.0-255,66,58076,73,200990
4570,0.001187,74.125.24.0-255,1484,59560,73,200990
4571,0.001196,74.125.24.0-255,2902,62462,73,200990
4572,0.0012,172.31.40.0-255,66,62528,73,200990
4573,0.001204,74.125.24.0-255,1484,64012,73,200990
4574,0.001231,74.125.24.0-255,4320,68332,73,200990
4575,0.001234,172.31.40.0-255,66,68398,73,200990
4576,0.001237,74.125.24.0-255,1484,69882,73,200990
4577,0.001268,172.31.40.0-255,66,69948,73,200990
4578,0.001272,74.125.24.0-255,2902,72850,73,200990
4579,0.001275,172.31.40.0-255,66,72916,73,200990
4580,0.006475,172.31.40.0-255,66,72982,73,200990
4581,0.008491,74.125.24.0-255,5738,78720,73,200990
4582,0.0085,172.31.40.0-255,66,78786,73,200990
4583,0.0105,74.125.24.0-255,5738,84524,73,200990
4584,0.010507,172.31.40.0-255,66,84590,73,200990
4585,0.012506,74.125.24.0-255,5738,90328,73,200990
4586,0.012514,172.31.40.0-255,66,90394,73,200990
4587,0.014539,74.125.24.0-255,5738,96132,73,200990
4588,0.014548,172.31.40.0-255,66,96198,73,200990
4589,0.016563,74.125.24.0-255,5738,101936,73,200990
4590,0.016571,172.31.40.0-255,66,102002,73,200990
4591,0.018595,74.125.24.0-255,5738,107740,73,200990
4592,0.018603,172.31.40.0-255,66,107806,73,200990
4593,0.020622,74.125.24.0-255,5738,113544,73,200990
4594,0.02063,172.31.40.0-255,66,113610,73,200990
4595,0.022634,74.125.24.0-255,5738,119348,73,200990
4596,0.022641,172.31.40.0-255,66,119414,73,200990
4597,0.024663,74.125.24.0-255,5738,125152,73,200990
4598,0.024671,172.31.40.0-255,66,125218,73,200990
4599,0.02599,172.31.40.0-255,172,125390,73,200990
4600,0.026024,172.31.40.0-255,1114,126504,73,200990
4601,0.02609,172.31.40.0-255,1514,128018,73,200990
4602,0.026093,172.31.40.0-255,1514,129532,73,200990
4603,0.026094,172.31.40.0-255,1438,130970,73,200990
4604,0.02668,74.125.24.0-255,5738,136708,73,200990
4605,0.026688,172.31.40.0-255,66,136774,73,200990
4606,0.027535,104.244.42.0-255,66,136840,73,200990
4607,0.027592,104.244.42.0-255,66,136906,73,200990
4608,0.027754,104.244.42.0-255,66,136972,73,200990
4609,0.028288,104.244.42.0-255,108,137080,73,200990
4610,0.028297,172.31.40.0-255,66,137146,73,200990
4611,0.028727,74.125.24.0-255,5738,142884,73,200990
4612,0.028734,172.31.40.0-255,66,142950,73,200990
4613,0.030759,74.125.24.0-255,5738,148688,73,200990
4614,0.030765,172.31.40.0-255,66,148754,73,200990
4615,0.032803,74.125.24.0-255,5738,154492,73,200990
4616,0.03281,172.31.40.0-255,66,154558,73,200990
4617,0.034853,74.125.24.0-255,5738,160296,73,200990
4618,0.03486,172.31.40.0-255,66,160362,73,200990
4619,0.036878,74.125.24.0-255,5738,166100,73,200990
4620,0.036885,172.31.40.0-255,66,166166,73,200990
4621,0.038915,74.125.24.0-255,5738,171904,73,200990
4622,0.038924,172.31.40.0-255,66,171970,73,200990
4623,0.04102,74.125.24.0-255,5738,177708,73,200990
4624,0.041026,172.31.40.0-255,66,177774,73,200990
4625,0.043058,74.125.24.0-255,5738,183512,73,200990
4626,0.043064,172.31.40.0-255,66,183578,73,200990
4627,0.045082,74.125.24.0-255,5738,189316,73,200990
4628,0.045089,172.31.40.0-255,66,189382,73,200990
4629,0.047109,74.125.24.0-255,5738,195120,73,200990
4630,0.047116,172.31.40.0-255,66,195186,73,200990
4631,0.049148,74.125.24.0-255,5738,200924,73,200990
4632,0.049155,172.31.40.0-255,66,200990,73,200990
4633,0.0,216.58.221.0-255,152,152,73,214459
4634,1.9e-05,172.31.40.0-255,66,218,73,214459
4635,2.6e-05,216.58.221.0-255,1484,1702,73,214459
4636,3e-05,172.31.40.0-255,66,1768,73,214459
4637,3.6e-05,216.58.221.0-255,2902,4670,73,214459
4638,4e-05,172.31.40.0-255,66,4736,73,214459
4639,7.5e-05,216.58.221.0-255,7156,11892,73,214459
4640,7.9e-05,172.31.40.0-255,66,11958,73,214459
4641,0.000175,216.58.221.0-255,2017,13975,73,214459
4642,0.000179,172.31.40.0-255,66,14041,73,214459
4643,0.000205,216.58.221.0-255,1484,15525,73,214459
4644,0.000208,172.31.40.0-255,66,15591,73,214459
4645,0.000225,216.58.221.0-255,1484,17075,73,214459
4646,0.000228,172.31.40.0-255,66,17141,73,214459
4647,0.000263,216.58.221.0-255,5738,22879,73,214459
4648,0.000267,172.31.40.0-255,66,22945,73,214459
4649,0.000284,216.58.221.0-255,1484,24429,73,214459
4650,0.000286,172.31.40.0-255,66,24495,73,214459
4651,0.000389,216.58.221.0-255,6797,31292,73,214459
4652,0.000394,172.31.40.0-255,66,31358,73,214459
4653,0.000495,216.58.221.0-255,1484,32842,73,214459
4654,0.000499,172.31.40.0-255,66,32908,73,214459
4655,0.000519,216.58.221.0-255,2902,35810,73,214459
4656,0.000523,172.31.40.0-255,66,35876,73,214459
4657,0.000572,216.58.221.0-255,2902,38778,73,214459
4658,0.000575,172.31.40.0-255,66,38844,73,214459
4659,0.000596,216.58.221.0-255,2902,41746,73,214459
4660,0.000599,172.31.40.0-255,66,41812,73,214459
4661,0.000668,216.58.221.0-255,4320,46132,73,214459
4662,0.000672,172.31.40.0-255,66,46198,73,214459
4663,0.000691,216.58.221.0-255,2543,48741,73,214459
4664,0.000693,172.31.40.0-255,66,48807,73,214459
4665,0.000785,216.58.221.0-255,4320,53127,73,214459
4666,0.000791,172.31.40.0-255,66,53193,73,214459
4667,0.000803,216.58.221.0-255,5738,58931,73,214459
4668,0.000826,172.31.40.0-255,66,58997,73,214459
4669,0.000957,216.58.221.0-255,5738,64735,73,214459
4670,0.000976,216.58.221.0-255,1125,65860,73,214459
4671,0.000982,172.31.40.0-255,66,65926,73,214459
4672,0.00155,216.58.221.0-255,646,66572,73,214459
4673,0.002867,216.58.221.0-255,4320,70892,73,214459
4674,0.002874,172.31.40.0-255,66,70958,73,214459
4675,0.004772,216.58.221.0-255,5738,76696,73,214459
4676,0.004775,172.31.40.0-255,66,76762,73,214459
4677,0.006677,216.58.221.0-255,5738,82500,73,214459
4678,0.006682,172.31.40.0-255,66,82566,73,214459
4679,0.008584,216.58.221.0-255,5738,88304,73,214459
4680,0.008593,172.31.40.0-255,66,88370,73,214459
4681,0.010494,216.58.221.0-255,5738,94108,73,214459
4682,0.010503,172.31.40.0-255,66,94174,73,214459
4683,0.012408,216.58.221.0-255,5738,99912,73,214459
4684,0.012419,172.31.40.0-255,66,99978,73,214459
4685,0.014318,216.58.221.0-255,5738,105716,73,214459
4686,0.014326,172.31.40.0-255,66,105782,73,214459
4687,0.016243,216.58.221.0-255,5738,111520,73,214459
4688,0.016257,172.31.40.0-255,66,111586,73,214459
4689,0.01821,216.58.221.0-255,5738,117324,73,214459
4690,0.01822,172.31.40.0-255,66,117390,73,214459
4691,0.020157,216.58.221.0-255,5738,123128,73,214459
4692,0.020167,172.31.40.0-255,66,123194,73,214459
4693,0.022059,216.58.221.0-255,4320,127514,73,214459
4694,0.022066,172.31.40.0-255,66,127580,73,214459
4695,0.022087,216.58.221.0-255,1484,129064,73,214459
4696,0.023084,172.31.40.0-255,172,129236,73,214459
4697,0.023118,172.31.40.0-255,1111,130347,73,214459
4698,0.023186,172.31.40.0-255,1514,131861,73,214459
4699,0.023189,172.31.40.0-255,1514,133375,73,214459
4700,0.023213,172.31.40.0-255,850,134225,73,214459
4701,0.02396,216.58.221.0-255,4320,138545,73,214459
4702,0.023967,172.31.40.0-255,66,138611,73,214459
4703,0.024619,104.244.42.0-255,66,138677,73,214459
4704,0.024662,104.244.42.0-255,66,138743,73,214459
4705,0.024761,104.244.42.0-255,66,138809,73,214459
4706,0.024765,104.244.42.0-255,66,138875,73,214459
4707,0.025876,216.58.221.0-255,5738,144613,73,214459
4708,0.025883,172.31.40.0-255,66,144679,73,214459
4709,0.027784,216.58.221.0-255,5738,150417,73,214459
4710,0.027792,172.31.40.0-255,66,150483,73,214459
4711,0.02969,216.58.221.0-255,5738,156221,73,214459
4712,0.029697,172.31.40.0-255,66,156287,73,214459
4713,0.031592,216.58.221.0-255,5738,162025,73,214459
4714,0.0316,172.31.40.0-255,66,162091,73,214459
4715,0.033517,216.58.221.0-255,5738,167829,73,214459
4716,0.033528,172.31.40.0-255,66,167895,73,214459
4717,0.035431,216.58.221.0-255,5738,173633,73,214459
4718,0.035439,172.31.40.0-255,66,173699,73,214459
4719,0.037336,216.58.221.0-255,2902,176601,73,214459
4720,0.037345,172.31.40.0-255,66,176667,73,214459
4721,0.037365,216.58.221.0-255,2902,179569,73,214459
4722,0.037369,172.31.40.0-255,66,179635,73,214459
4723,0.039256,216.58.221.0-255,5738,185373,73,214459
4724,0.039264,172.31.40.0-255,66,185439,73,214459
4725,0.041164,216.58.221.0-255,5738,191177,73,214459
4726,0.041171,172.31.40.0-255,66,191243,73,214459
4727,0.043076,216.58.221.0-255,5738,196981,73,214459
4728,0.043083,172.31.40.0-255,66,197047,73,214459
4729,0.045023,216.58.221.0-255,5738,202785,73,214459
4730,0.04503,172.31.40.0-255,66,202851,73,214459
4731,0.046922,216.58.221.0-255,5738,208589,73,214459
4732,0.046928,172.31.40.0-255,66,208655,73,214459
4733,0.048823,216.58.221.0-255,5738,214393,73,214459
4734,0.04883,172.31.40.0-255,66,214459,73,214459
4735,0.0,172.217.194.0-255,220,220,73,225669
4736,2.2e-05,172.31.40.0-255,66,286,73,225669
4737,3e-05,172.217.194.0-255,1484,1770,73,225669
4738,3.4e-05,172.31.40.0-255,66,1836,73,225669
4739,4.1e-05,172.217.194.0-255,4320,6156,73,225669
4740,4.4e-05,172.31.40.0-255,66,6222,73,225669
4741,7.6e-05,172.217.194.0-255,1484,7706,73,225669
4742,7.9e-05,172.31.40.0-255,66,7772,73,225669
4743,0.000108,172.217.194.0-255,6089,13861,73,225669
4744,0.000111,172.31.40.0-255,66,13927,73,225669
4745,0.000239,172.217.194.0-255,1484,15411,73,225669
4746,0.000244,172.31.40.0-255,66,15477,73,225669
4747,0.000248,172.217.194.0-255,1484,16961,73,225669
4748,0.00025,172.31.40.0-255,66,17027,73,225669
4749,0.000265,172.217.194.0-255,1484,18511,73,225669
4750,0.000267,172.31.40.0-255,66,18577,73,225669
4751,0.000274,172.217.194.0-255,5738,24315,73,225669
4752,0.000277,172.31.40.0-255,66,24381,73,225669
4753,0.000311,172.31.40.0-255,66,24447,73,225669
4754,0.000329,172.217.194.0-255,1125,25572,73,225669
4755,0.000332,172.31.40.0-255,66,25638,73,225669
4756,0.000349,172.31.40.0-255,66,25704,73,225669
4757,0.000376,172.217.194.0-255,7156,32860,73,225669
4758,0.000378,172.31.40.0-255,66,32926,73,225669
4759,0.000397,172.217.194.0-255,2463,35389,73,225669
4760,0.0004,172.31.40.0-255,66,35455,73,225669
4761,0.000403,172.217.194.0-255,114,35569,73,225669
4762,0.000405,172.31.40.0-255,66,35635,73,225669
4763,0.000442,172.217.194.0-255,380,36015,73,225669
4764,0.000445,172.31.40.0-255,66,36081,73,225669
4765,0.000687,172.217.194.0-255,1484,37565,73,225669
4766,0.000693,172.217.194.0-255,1484,39049,73,225669
4767,0.000696,172.31.40.0-255,66,39115,73,225669
4768,0.000712,172.217.194.0-255,1484,40599,73,225669
4769,0.000719,172.217.194.0-255,5738,46337,73,225669
4770,0.000723,172.217.194.0-255,2902,49239,73,225669
4771,0.000729,172.31.40.0-255,66,49305,73,225669
4772,0.000732,172.31.40.0-255,66,49371,73,225669
4773,0.000756,172.217.194.0-255,4320,53691,73,225669
4774,0.000758,172.31.40.0-255,66,53757,73,225669
4775,0.000772,172.31.40.0-255,66,53823,73,225669
4776,0.000789,172.217.194.0-255,1484,55307,73,225669
4777,0.000793,172.217.194.0-255,2184,57491,73,225669
4778,0.000796,172.31.40.0-255,66,57557,73,225669
4779,0.00099,172.217.194.0-255,1484,59041,73,225669
4780,0.001008,172.217.194.0-255,2902,61943,73,225669
4781,0.001011,172.31.40.0-255,66,62009,73,225669
4782,0.001054,172.217.194.0-255,1484,63493,73,225669
4783,0.001069,172.217.194.0-255,4320,67813,73,225669
4784,0.001071,172.31.40.0-255,66,67879,73,225669
4785,0.001076,172.217.194.0-255,4320,72199,73,225669
4786,0.001078,172.31.40.0-255,66,72265,73,225669
4787,0.001084,172.217.194.0-255,5738,78003,73,225669
4788,0.001086,172.31.40.0-255,66,78069,73,225669
4789,0.001097,172.31.40.0-255,66,78135,73,225669
4790,0.001101,172.217.194.0-255,2184,80319,73,225669
4791,0.001103,172.31.40.0-255,66,80385,73,225669
4792,0.001125,172.217.194.0-255,1484,81869,73,225669
4793,0.001146,172.31.40.0-255,66,81935,73,225669
4794,0.001158,172.217.194.0-255,4320,86255,73,225669
4795,0.001161,172.31.40.0-255,66,86321,73,225669
4796,0.001163,172.217.194.0-255,1484,87805,73,225669
4797,0.001192,172.217.194.0-255,4320,92125,73,225669
4798,0.001195,172.31.40.0-255,66,92191,73,225669
4799,0.001226,172.31.40.0-255,66,92257,73,225669
4800,0.001251,172.217.194.0-255,1484,93741,73,225669
4801,0.001264,172.217.194.0-255,2902,96643,73,225669
4802,0.001266,172.31.40.0-255,66,96709,73,225669
4803,0.00127,172.217.194.0-255,2902,99611,73,225669
4804,0.001272,172.31.40.0-255,66,99677,73,225669
4805,0.001287,172.217.194.0-255,2902,102579,73,225669
4806,0.001289,172.31.40.0-255,66,102645,73,225669
4807,0.00133,172.31.40.0-255,66,102711,73,225669
4808,0.001346,172.217.194.0-255,5738,108449,73,225669
4809,0.001348,172.31.40.0-255,66,108515,73,225669
4810,0.001381,172.31.40.0-255,66,108581,73,225669
4811,0.001384,172.217.194.0-255,1484,110065,73,225669
4812,0.001404,172.217.194.0-255,2902,112967,73,225669
4813,0.001406,172.31.40.0-255,66,113033,73,225669
4814,0.001419,172.217.194.0-255,4320,117353,73,225669
4815,0.001421,172.31.40.0-255,66,117419,73,225669
4816,0.001435,172.217.194.0-255,1484,118903,73,225669
4817,0.001438,172.217.194.0-255,1484,120387,73,225669
4818,0.00144,172.31.40.0-255,66,120453,73,225669
4819,0.001477,172.31.40.0-255,66,120519,73,225669
4820,0.001494,172.217.194.0-255,1484,122003,73,225669
4821,0.001522,172.31.40.0-255,66,122069,73,225669
4822,0.001533,172.31.40.0-255,66,122135,73,225669
4823,0.001559,172.31.40.0-255,66,122201,73,225669
4824,0.001594,172.31.40.0-255,66,122267,73,225669
4825,0.001605,172.31.40.0-255,66,122333,73,225669
4826,0.001646,172.31.40.0-255,66,122399,73,225669
4827,0.001656,172.31.40.0-255,66,122465,73,225669
4828,0.001658,172.217.194.0-255,766,123231,73,225669
4829,0.001818,172.217.194.0-255,1484,124715,73,225669
4830,0.001822,172.31.40.0-255,66,124781,73,225669
4831,0.001835,172.217.194.0-255,2902,127683,73,225669
4832,0.001837,172.31.40.0-255,66,127749,73,225669
4833,0.00184,172.217.194.0-255,1484,129233,73,225669
4834,0.001863,172.217.194.0-255,4320,133553,73,225669
4835,0.001868,172.217.194.0-255,4320,137873,73,225669
4836,0.001871,172.31.40.0-255,66,137939,73,225669
4837,0.001874,172.31.40.0-255,66,138005,73,225669
4838,0.001889,172.217.194.0-255,7156,145161,73,225669
4839,0.001892,172.31.40.0-255,66,145227,73,225669
4840,0.001905,172.217.194.0-255,1484,146711,73,225669
4841,0.00191,172.217.194.0-255,4320,151031,73,225669
4842,0.001912,172.31.40.0-255,66,151097,73,225669
4843,0.00193,172.217.194.0-255,6438,157535,73,225669
4844,0.001935,172.31.40.0-255,66,157601,73,225669
4845,0.001995,172.217.194.0-255,1484,159085,73,225669
4846,0.00201,172.217.194.0-255,2902,161987,73,225669
4847,0.002017,172.217.194.0-255,5738,167725,73,225669
4848,0.002027,172.217.194.0-255,1484,169209,73,225669
4849,0.002036,172.31.40.0-255,66,169275,73,225669
4850,0.00206,172.31.40.0-255,66,169341,73,225669
4851,0.002082,172.31.40.0-255,66,169407,73,225669
4852,0.004377,172.217.194.0-255,5738,175145,73,225669
4853,0.004384,172.31.40.0-255,66,175211,73,225669
4854,0.006656,172.217.194.0-255,5738,180949,73,225669
4855,0.006662,172.31.40.0-255,66,181015,73,225669
4856,0.008956,172.217.194.0-255,5738,186753,73,225669
4857,0.008963,172.31.40.0-255,66,186819,73,225669
4858,0.011237,172.217.194.0-255,5738,192557,73,225669
4859,0.011244,172.31.40.0-255,66,192623,73,225669
4860,0.013529,172.217.194.0-255,5738,198361,73,225669
4861,0.013538,172.31.40.0-255,66,198427,73,225669
4862,0.015838,172.217.194.0-255,5738,204165,73,225669
4863,0.015846,172.31.40.0-255,66,204231,73,225669
4864,0.018129,172.217.194.0-255,5738,209969,73,225669
4865,0.018138,172.31.40.0-255,66,210035,73,225669
4866,0.020413,172.217.194.0-255,5738,215773,73,225669
4867,0.020422,172.31.40.0-255,66,215839,73,225669
4868,0.022705,172.217.194.0-255,3167,219006,73,225669
4869,0.022713,172.31.40.0-255,66,219072,73,225669
4870,0.022882,172.31.40.0-255,105,219177,73,225669
4871,0.02513,172.217.194.0-255,66,219243,73,225669
4872,0.03287,172.31.40.0-255,172,219415,73,225669
4873,0.032903,172.31.40.0-255,1114,220529,73,225669
4874,0.032965,172.31.40.0-255,1514,222043,73,225669
4875,0.032967,172.31.40.0-255,1514,223557,73,225669
4876,0.032972,172.31.40.0-255,1514,225071,73,225669
4877,0.032973,172.31.40.0-255,160,225231,73,225669
4878,0.034458,104.244.42.0-255,66,225297,73,225669
4879,0.034617,104.244.42.0-255,66,225363,73,225669
4880,0.034639,104.244.42.0-255,66,225429,73,225669
4881,0.03465,104.244.42.0-255,66,225495,73,225669
4882,0.035137,104.244.42.0-255,108,225603,73,225669
4883,0.035149,172.31.40.0-255,66,225669,73,225669
4884,0.0,172.31.40.0-255,105,105,73,459
4885,0.000165,172.31.40.0-255,90,195,73,459
4886,0.000176,172.31.40.0-255,66,261,73,459
4887,0.002763,74.125.68.0-255,66,327,73,459
4888,0.002783,74.125.68.0-255,66,393,73,459
4889,0.002798,172.31.40.0-255,66,459,73,459
4890,0.0,74.125.24.0-255,150,150,73,312389
4891,2e-05,172.31.40.0-255,66,216,73,312389
4892,2.7e-05,74.125.24.0-255,1484,1700,73,312389
4893,3e-05,172.31.40.0-255,66,1766,73,312389
4894,3.7e-05,74.125.24.0-255,2902,4668,73,312389
4895,3.9e-05,172.31.40.0-255,66,4734,73,312389
4896,4.7e-05,74.125.24.0-255,7156,11890,73,312389
4897,4.9e-05,172.31.40.0-255,66,11956,73,312389
4898,5.2e-05,74.125.24.0-255,1484,13440,73,312389
4899,5.4e-05,172.31.40.0-255,66,13506,73,312389
4900,8.9e-05,74.125.24.0-255,557,14063,73,312389
4901,9.3e-05,172.31.40.0-255,66,14129,73,312389
4902,0.000295,74.125.24.0-255,1484,15613,73,312389
4903,0.000301,172.31.40.0-255,66,15679,73,312389
4904,0.000307,74.125.24.0-255,2902,18581,73,312389
4905,0.00031,172.31.40.0-255,66,18647,73,312389
4906,0.000316,74.125.24.0-255,5738,24385,73,312389
4907,0.000319,172.31.40.0-255,66,24451,73,312389
4908,0.000337,74.125.24.0-255,2902,27353,73,312389
4909,0.000339,172.31.40.0-255,66,27419,73,312389
4910,0.000353,74.125.24.0-255,3961,31380,73,312389
4911,0.000356,172.31.40.0-255,66,31446,73,312389
4912,0.000454,74.125.24.0-255,1484,32930,73,312389
4913,0.000459,172.31.40.0-255,66,32996,73,312389
4914,0.000463,74.125.24.0-255,1484,34480,73,312389
4915,0.000465,172.31.40.0-255,66,34546,73,312389
4916,0.000482,74.125.24.0-255,1484,36030,73,312389
4917,0.000484,172.31.40.0-255,66,36096,73,312389
4918,0.000491,74.125.24.0-255,5738,41834,73,312389
4919,0.000493,172.31.40.0-255,66,41900,73,312389
4920,0.0005,74.125.24.0-255,5738,47638,73,312389
4921,0.000502,172.31.40.0-255,66,47704,73,312389
4922,0.000523,74.125.24.0-255,7156,54860,73,312389
4923,0.000526,172.31.40.0-255,66,54926,73,312389
4924,0.000545,74.125.24.0-255,6797,61723,73,312389
4925,0.000548,172.31.40.0-255,66,61789,73,312389
4926,0.000591,74.125.24.0-255,2902,64691,73,312389
4927,0.000593,172.31.40.0-255,66,64757,73,312389
4928,0.000616,74.125.24.0-255,1439,66196,73,312389
4929,0.00062,74.125.24.0-255,374,66570,73,312389
4930,0.000622,172.31.40.0-255,66,66636,73,312389
4931,0.000894,74.125.24.0-255,1484,68120,73,312389
4932,0.000901,74.125.24.0-255,2902,71022,73,312389
4933,0.000904,172.31.40.0-255,66,71088,73,312389
4934,0.00093,74.125.24.0-255,5738,76826,73,312389
4935,0.000933,172.31.40.0-255,66,76892,73,312389
4936,0.000945,74.125.24.0-255,1484,78376,73,312389
4937,0.000964,74.125.24.0-255,1484,79860,73,312389
4938,0.000966,172.31.40.0-255,66,79926,73,312389
4939,0.000972,74.125.24.0-255,4320,84246,73,312389
4940,0.000974,172.31.40.0-255,66,84312,73,312389
4941,0.001007,172.31.40.0-255,66,84378,73,312389
4942,0.001019,172.31.40.0-255,66,84444,73,312389
4943,0.001327,74.125.24.0-255,1484,85928,73,312389
4944,0.001332,74.125.24.0-255,1484,87412,73,312389
4945,0.001335,172.31.40.0-255,66,87478,73,312389
4946,0.001357,74.125.24.0-255,1484,88962,73,312389
4947,0.001364,74.125.24.0-255,5738,94700,73,312389
4948,0.001367,172.31.40.0-255,66,94766,73,312389
4949,0.001371,74.125.24.0-255,1484,96250,73,312389
4950,0.0014,172.31.40.0-255,66,96316,73,312389
4951,0.001406,74.125.24.0-255,4320,100636,73,312389
4952,0.001408,172.31.40.0-255,66,100702,73,312389
4953,0.001412,74.125.24.0-255,2902,103604,73,312389
4954,0.001414,172.31.40.0-255,66,103670,73,312389
4955,0.001434,74.125.24.0-255,2902,106572,73,312389
4956,0.001436,172.31.40.0-255,66,106638,73,312389
4957,0.001439,74.125.24.0-255,766,107404,73,312389
4958,0.001478,74.125.24.0-255,1484,108888,73,312389
4959,0.001481,172.31.40.0-255,66,108954,73,312389
4960,0.001485,74.125.24.0-255,1484,110438,73,312389
4961,0.001503,74.125.24.0-255,2902,113340,73,312389
4962,0.001506,172.31.40.0-255,66,113406,73,312389
4963,0.001511,74.125.24.0-255,2902,116308,73,312389
4964,0.001513,172.31.40.0-255,66,116374,73,312389
4965,0.001535,172.31.40.0-255,66,116440,73,312389
4966,0.00156,74.125.24.0-255,2902,119342,73,312389
4967,0.001564,172.31.40.0-255,66,119408,73,312389
4968,0.001578,172.31.40.0-255,66,119474,73,312389
4969,0.001797,74.125.24.0-255,1484,120958,73,312389
4970,0.001822,74.125.24.0-255,2902,123860,73,312389
4971,0.001825,74.125.24.0-255,1484,125344,73,312389
4972,0.00183,172.31.40.0-255,66,125410,73,312389
4973,0.00184,74.125.24.0-255,2902,128312,73,312389
4974,0.001842,172.31.40.0-255,66,128378,73,312389
4975,0.001845,74.125.24.0-255,1484,129862,73,312389
4976,0.001876,74.125.24.0-255,7156,137018,73,312389
4977,0.001879,172.31.40.0-255,66,137084,73,312389
4978,0.001891,172.31.40.0-255,66,137150,73,312389
4979,0.00191,74.125.24.0-255,4320,141470,73,312389
4980,0.001914,172.31.40.0-255,66,141536,73,312389
4981,0.001922,74.125.24.0-255,2184,143720,73,312389
4982,0.001925,172.31.40.0-255,66,143786,73,312389
4983,0.002036,74.125.24.0-255,1484,145270,73,312389
4984,0.002069,74.125.24.0-255,2902,148172,73,312389
4985,0.002073,172.31.40.0-255,66,148238,73,312389
4986,0.00208,74.125.24.0-255,5738,153976,73,312389
4987,0.002082,172.31.40.0-255,66,154042,73,312389
4988,0.002089,74.125.24.0-255,5738,159780,73,312389
4989,0.002091,172.31.40.0-255,66,159846,73,312389
4990,0.002108,74.125.24.0-255,7156,167002,73,312389
4991,0.002111,172.31.40.0-255,66,167068,73,312389
4992,0.002119,74.125.24.0-255,7156,174224,73,312389
4993,0.002121,172.31.40.0-255,66,174290,73,312389
4994,0.002158,74.125.24.0-255,3602,177892,73,312389
4995,0.002162,172.31.40.0-255,66,177958,73,312389
4996,0.002194,74.125.24.0-255,4320,182278,73,312389
4997,0.002198,172.31.40.0-255,66,182344,73,312389
4998,0.002201,74.125.24.0-255,1484,183828,73,312389
4999,0.002221,74.125.24.0-255,4320,188148,73,312389
5000,0.002223,172.31.40.0-255,66,188214,73,312389
5001,0.002271,172.31.40.0-255,66,188280,73,312389
5002,0.002294,74.125.24.0-255,2902,191182,73,312389
5003,0.002296,172.31.40.0-255,66,191248,73,312389
5004,0.002311,172.31.40.0-255,66,191314,73,312389
5005,0.004583,74.125.24.0-255,5738,197052,73,312389
5006,0.004599,172.31.40.0-255,66,197118,73,312389
5007,0.006873,74.125.24.0-255,5738,202856,73,312389
5008,0.00688,172.31.40.0-255,66,202922,73,312389
5009,0.009193,74.125.24.0-255,5738,208660,73,312389
5010,0.009202,172.31.40.0-255,66,208726,73,312389
5011,0.011506,74.125.24.0-255,5738,214464,73,312389
5012,0.012153,172.31.40.0-255,66,214530,73,312389
5013,0.014434,74.125.24.0-255,5738,220268,73,312389
5014,0.014442,172.31.40.0-255,66,220334,73,312389
5015,0.016766,74.125.24.0-255,5738,226072,73,312389
5016,0.016779,172.31.40.0-255,66,226138,73,312389
5017,0.019057,74.125.24.0-255,5738,231876,73,312389
5018,0.019064,172.31.40.0-255,66,231942,73,312389
5019,0.021348,74.125.24.0-255,5738,237680,73,312389
5020,0.021356,172.31.40.0-255,66,237746,73,312389
5021,0.023641,74.125.24.0-255,5738,243484,73,312389
5022,0.023648,172.31.40.0-255,66,243550,73,312389
5023,0.025938,74.125.24.0-255,5738,249288,73,312389
5024,0.025945,172.31.40.0-255,66,249354,73,312389
5025,0.028213,74.125.24.0-255,5738,255092,73,312389
5026,0.028222,172.31.40.0-255,66,255158,73,312389
5027,0.030508,74.125.24.0-255,5738,260896,73,312389
5028,0.030516,172.31.40.0-255,66,260962,73,312389
5029,0.032784,74.125.24.0-255,5738,266700,73,312389
5030,0.03279,172.31.40.0-255,66,266766,73,312389
5031,0.035103,74.125.24.0-255,5738,272504,73,312389
5032,0.035119,172.31.40.0-255,66,272570,73,312389
5033,0.037385,74.125.24.0-255,5738,278308,73,312389
5034,0.037392,172.31.40.0-255,66,278374,73,312389
5035,0.039658,74.125.24.0-255,5738,284112,73,312389
5036,0.039667,172.31.40.0-255,66,284178,73,312389
5037,0.041971,74.125.24.0-255,5738,289916,73,312389
5038,0.041989,172.31.40.0-255,66,289982,73,312389
5039,0.044272,74.125.24.0-255,5738,295720,73,312389
5040,0.044279,172.31.40.0-255,66,295786,73,312389
5041,0.046552,74.125.24.0-255,5738,301524,73,312389
5042,0.046558,172.31.40.0-255,66,301590,73,312389
5043,0.048524,172.31.40.0-255,172,301762,73,312389
5044,0.048556,172.31.40.0-255,1114,302876,73,312389
5045,0.048619,172.31.40.0-255,1514,304390,73,312389
5046,0.048621,172.31.40.0-255,1514,305904,73,312389
5047,0.048647,172.31.40.0-255,681,306585,73,312389
5048,0.048866,74.125.24.0-255,5738,312323,73,312389
5049,0.048877,172.31.40.0-255,66,312389,73,312389
5050,0.0,74.125.200.0-255,143,143,73,205568
5051,1.5e-05,172.31.40.0-255,66,209,73,205568
5052,2.2e-05,74.125.200.0-255,1484,1693,73,205568
5053,2.7e-05,172.31.40.0-255,66,1759,73,205568
5054,4.1e-05,74.125.200.0-255,2902,4661,73,205568
5055,4.5e-05,172.31.40.0-255,66,4727,73,205568
5056,5.3e-05,74.125.200.0-255,7156,11883,73,205568
5057,5.7e-05,172.31.40.0-255,66,11949,73,205568
5058,6.1e-05,74.125.200.0-255,2036,13985,73,205568
5059,6.4e-05,172.31.40.0-255,66,14051,73,205568
5060,0.000137,74.125.200.0-255,1484,15535,73,205568
5061,0.000139,172.31.40.0-255,66,15601,73,205568
5062,0.000145,74.125.200.0-255,2902,18503,73,205568
5063,0.000149,172.31.40.0-255,66,18569,73,205568
5064,0.00018,74.125.200.0-255,4320,22889,73,205568
5065,0.000182,172.31.40.0-255,66,22955,73,205568
5066,0.000219,172.31.40.0-255,66,23021,73,205568
5067,0.000344,74.125.200.0-255,1484,24505,73,205568
5068,0.000348,172.31.40.0-255,66,24571,73,205568
5069,0.000352,74.125.200.0-255,1484,26055,73,205568
5070,0.000354,172.31.40.0-255,66,26121,73,205568
5071,0.00036,74.125.200.0-255,2902,29023,73,205568
5072,0.000368,172.31.40.0-255,66,29089,73,205568
5073,0.000401,74.125.200.0-255,5738,34827,73,205568
5074,0.000404,172.31.40.0-255,66,34893,73,205568
5075,0.000409,74.125.200.0-255,2902,37795,73,205568
5076,0.000411,172.31.40.0-255,66,37861,73,205568
5077,0.000459,74.125.200.0-255,2543,40404,73,205568
5078,0.000462,172.31.40.0-255,66,40470,73,205568
5079,0.000522,74.125.200.0-255,2902,43372,73,205568
5080,0.000525,172.31.40.0-255,66,43438,73,205568
5081,0.000531,74.125.200.0-255,4320,47758,73,205568
5082,0.000534,172.31.40.0-255,66,47824,73,205568
5083,0.000568,172.31.40.0-255,66,47890,73,205568
5084,0.000571,74.125.200.0-255,1125,49015,73,205568
5085,0.001333,74.125.200.0-255,646,49661,73,205568
5086,0.001343,172.31.40.0-255,66,49727,73,205568
5087,0.001731,74.125.200.0-255,1484,51211,73,205568
5088,0.001741,74.125.200.0-255,1484,52695,73,205568
5089,0.001746,172.31.40.0-255,66,52761,73,205568
5090,0.001754,74.125.200.0-255,2902,55663,73,205568
5091,0.001757,172.31.40.0-255,66,55729,73,205568
5092,0.001788,74.125.200.0-255,5738,61467,73,205568
5093,0.00179,172.31.40.0-255,66,61533,73,205568
5094,0.001797,74.125.200.0-255,5738,67271,73,205568
5095,0.001799,172.31.40.0-255,66,67337,73,205568
5096,0.001804,74.125.200.0-255,2902,70239,73,205568
5097,0.001806,172.31.40.0-255,66,70305,73,205568
5098,0.00184,74.125.200.0-255,4320,74625,73,205568
5099,0.001842,172.31.40.0-255,66,74691,73,205568
5100,0.001849,74.125.200.0-255,5738,80429,73,205568
5101,0.001851,172.31.40.0-255,66,80495,73,205568
5102,0.001872,74.125.200.0-255,3602,84097,73,205568
5103,0.001879,172.31.40.0-255,66,84163,73,205568
5104,0.004164,74.125.200.0-255,1484,85647,73,205568
5105,0.004197,74.125.200.0-255,4320,89967,73,205568
5106,0.004205,172.31.40.0-255,66,90033,73,205568
5107,0.006535,74.125.200.0-255,5738,95771,73,205568
5108,0.006552,172.31.40.0-255,66,95837,73,205568
5109,0.008888,74.125.200.0-255,5738,101575,73,205568
5110,0.008903,172.31.40.0-255,66,101641,73,205568
5111,0.011225,74.125.200.0-255,5738,107379,73,205568
5112,0.011244,172.31.40.0-255,66,107445,73,205568
5113,0.01357,74.125.200.0-255,5738,113183,73,205568
5114,0.013586,172.31.40.0-255,66,113249,73,205568
5115,0.015958,74.125.200.0-255,5738,118987,73,205568
5116,0.015979,172.31.40.0-255,66,119053,73,205568
5117,0.018302,74.125.200.0-255,5738,124791,73,205568
5118,0.01832,172.31.40.0-255,66,124857,73,205568
5119,0.020658,74.125.200.0-255,5738,130595,73,205568
5120,0.020691,172.31.40.0-255,66,130661,73,205568
5121,0.02301,74.125.200.0-255,5738,136399,73,205568
5122,0.023014,172.31.40.0-255,66,136465,73,205568
5123,0.025328,74.125.200.0-255,5738,142203,73,205568
5124,0.025337,172.31.40.0-255,66,142269,73,205568
5125,0.02766,74.125.200.0-255,5738,148007,73,205568
5126,0.027673,172.31.40.0-255,66,148073,73,205568
5127,0.029992,74.125.200.0-255,5738,153811,73,205568
5128,0.03001,172.31.40.0-255,66,153877,73,205568
5129,0.03232,74.125.200.0-255,5738,159615,73,205568
5130,0.032329,172.31.40.0-255,66,159681,73,205568
5131,0.033431,172.31.40.0-255,172,159853,73,205568
5132,0.033465,172.31.40.0-255,1115,160968,73,205568
5133,0.033527,172.31.40.0-255,1514,162482,73,205568
5134,0.033529,172.31.40.0-255,1514,163996,73,205568
5135,0.033554,172.31.40.0-255,680,164676,73,205568
5136,0.034653,74.125.200.0-255,5738,170414,73,205568
5137,0.034663,172.31.40.0-255,66,170480,73,205568
5138,0.034974,104.244.42.0-255,66,170546,73,205568
5139,0.034993,104.244.42.0-255,66,170612,73,205568
5140,0.035094,104.244.42.0-255,66,170678,73,205568
5141,0.035099,104.244.42.0-255,66,170744,73,205568
5142,0.036974,74.125.200.0-255,5738,176482,73,205568
5143,0.036988,172.31.40.0-255,66,176548,73,205568
5144,0.039295,74.125.200.0-255,5738,182286,73,205568
5145,0.039303,172.31.40.0-255,66,182352,73,205568
5146,0.041621,74.125.200.0-255,5738,188090,73,205568
5147,0.041637,172.31.40.0-255,66,188156,73,205568
5148,0.043956,74.125.200.0-255,5738,193894,73,205568
5149,0.043968,172.31.40.0-255,66,193960,73,205568
5150,0.046287,74.125.200.0-255,5738,199698,73,205568
5151,0.046301,172.31.40.0-255,66,199764,73,205568
5152,0.048642,74.125.200.0-255,5738,205502,73,205568
5153,0.048656,172.31.40.0-255,66,205568,73,205568
5154,0.0,74.125.24.0-255,208,208,73,252173
5155,2.1e-05,172.31.40.0-255,66,274,73,252173
5156,2.8e-05,74.125.24.0-255,1484,1758,73,252173
5157,3.2e-05,172.31.40.0-255,66,1824,73,252173
5158,3.8e-05,74.125.24.0-255,4320,6144,73,252173
5159,4.7e-05,172.31.40.0-255,66,6210,73,252173
5160,5.7e-05,172.31.40.0-255,66,6276,73,252173
5161,0.000107,172.31.40.0-255,66,6342,73,252173
5162,0.00011,74.125.24.0-255,2543,8885,73,252173
5163,0.000112,172.31.40.0-255,66,8951,73,252173
5164,0.000544,74.125.24.0-255,1484,10435,73,252173
5165,0.00055,172.31.40.0-255,66,10501,73,252173
5166,0.000578,74.125.24.0-255,2902,13403,73,252173
5167,0.000581,172.31.40.0-255,66,13469,73,252173
5168,0.000588,74.125.24.0-255,5738,19207,73,252173
5169,0.00059,172.31.40.0-255,66,19273,73,252173
5170,0.000644,172.31.40.0-255,66,19339,73,252173
5171,0.000649,74.125.24.0-255,4320,23659,73,252173
5172,0.000651,172.31.40.0-255,66,23725,73,252173
5173,0.00068,74.125.24.0-255,5379,29104,73,252173
5174,0.000683,172.31.40.0-255,66,29170,73,252173
5175,0.000702,74.125.24.0-255,4320,33490,73,252173
5176,0.000706,172.31.40.0-255,66,33556,73,252173
5177,0.00071,74.125.24.0-255,2902,36458,73,252173
5178,0.000713,172.31.40.0-255,66,36524,73,252173
5179,0.000737,74.125.24.0-255,2902,39426,73,252173
5180,0.000744,172.31.40.0-255,66,39492,73,252173
5181,0.00075,74.125.24.0-255,4320,43812,73,252173
5182,0.000752,172.31.40.0-255,66,43878,73,252173
5183,0.000763,74.125.24.0-255,2816,46694,73,252173
5184,0.000766,172.31.40.0-255,66,46760,73,252173
5185,0.001068,74.125.24.0-255,1484,48244,73,252173
5186,0.001075,74.125.24.0-255,1484,49728,73,252173
5187,0.001078,172.31.40.0-255,66,49794,73,252173
5188,0.001106,74.125.24.0-255,1484,51278,73,252173
5189,0.001113,74.125.24.0-255,5738,57016,73,252173
5190,0.001116,172.31.40.0-255,66,57082,73,252173
5191,0.001127,172.31.40.0-255,66,57148,73,252173
5192,0.001165,74.125.24.0-255,7156,64304,73,252173
5193,0.001168,172.31.40.0-255,66,64370,73,252173
5194,0.001188,74.125.24.0-255,6438,70808,73,252173
5195,0.00119,172.31.40.0-255,66,70874,73,252173
5196,0.001241,74.125.24.0-255,1484,72358,73,252173
5197,0.001254,74.125.24.0-255,2902,75260,73,252173
5198,0.001289,172.31.40.0-255,66,75326,73,252173
5199,0.001326,74.125.24.0-255,5738,81064,73,252173
5200,0.001329,172.31.40.0-255,66,81130,73,252173
5201,0.001348,172.31.40.0-255,66,81196,73,252173
5202,0.00136,172.31.40.0-255,66,81262,73,252173
5203,0.001381,172.31.40.0-255,66,81328,73,252173
5204,0.001409,74.125.24.0-255,1484,82812,73,252173
5205,0.001425,172.31.40.0-255,66,82878,73,252173
5206,0.001428,74.125.24.0-255,1484,84362,73,252173
5207,0.001432,74.125.24.0-255,2902,87264,73,252173
5208,0.001434,172.31.40.0-255,66,87330,73,252173
5209,0.00144,74.125.24.0-255,5738,93068,73,252173
5210,0.001442,172.31.40.0-255,66,93134,73,252173
5211,0.001488,172.31.40.0-255,66,93200,73,252173
5212,0.001505,172.31.40.0-255,66,93266,73,252173
5213,0.001547,74.125.24.0-255,1484,94750,73,252173
5214,0.001552,74.125.24.0-255,2902,97652,73,252173
5215,0.001554,172.31.40.0-255,66,97718,73,252173
5216,0.001561,74.125.24.0-255,5738,103456,73,252173
5217,0.001564,172.31.40.0-255,66,103522,73,252173
5218,0.001573,74.125.24.0-255,4320,107842,73,252173
5219,0.001575,172.31.40.0-255,66,107908,73,252173
5220,0.001595,172.31.40.0-255,66,107974,73,252173
5221,0.001613,172.31.40.0-255,66,108040,73,252173
5222,0.001648,74.125.24.0-255,1484,109524,73,252173
5223,0.001673,172.31.40.0-255,66,109590,73,252173
5224,0.001699,74.125.24.0-255,5020,114610,73,252173
5225,0.001702,172.31.40.0-255,66,114676,73,252173
5226,0.001713,172.31.40.0-255,66,114742,73,252173
5227,0.001893,74.125.24.0-255,1484,116226,73,252173
5228,0.001909,74.125.24.0-255,2902,119128,73,252173
5229,0.001912,172.31.40.0-255,66,119194,73,252173
5230,0.001919,74.125.24.0-255,5738,124932,73,252173
5231,0.001921,172.31.40.0-255,66,124998,73,252173
5232,0.001925,74.125.24.0-255,2902,127900,73,252173
5233,0.001928,172.31.40.0-255,66,127966,73,252173
5234,0.001961,74.125.24.0-255,2902,130868,73,252173
5235,0.001965,172.31.40.0-255,66,130934,73,252173
5236,0.001968,74.125.24.0-255,861,131795,73,252173
5237,0.002068,74.125.24.0-255,1484,133279,73,252173
5238,0.002073,74.125.24.0-255,2902,136181,73,252173
5239,0.002076,74.125.24.0-255,1484,137665,73,252173
5240,0.00208,172.31.40.0-255,66,137731,73,252173
5241,0.002083,172.31.40.0-255,66,137797,73,252173
5242,0.002092,74.125.24.0-255,1484,139281,73,252173
5243,0.002094,172.31.40.0-255,66,139347,73,252173
5244,0.004166,74.125.24.0-255,5738,145085,73,252173
5245,0.004172,172.31.40.0-255,66,145151,73,252173
5246,0.006272,74.125.24.0-255,5738,150889,73,252173
5247,0.006288,172.31.40.0-255,66,150955,73,252173
5248,0.008334,74.125.24.0-255,5738,156693,73,252173
5249,0.008342,172.31.40.0-255,66,156759,73,252173
5250,0.01041,74.125.24.0-255,5738,162497,73,252173
5251,0.010422,172.31.40.0-255,66,162563,73,252173
5252,0.012471,74.125.24.0-255,5738,168301,73,252173
5253,0.012483,172.31.40.0-255,66,168367,73,252173
5254,0.014589,74.125.24.0-255,5738,174105,73,252173
5255,0.014602,172.31.40.0-255,66,174171,73,252173
5256,0.016677,74.125.24.0-255,5738,179909,73,252173
5257,0.016686,172.31.40.0-255,66,179975,73,252173
5258,0.018709,74.125.24.0-255,5738,185713,73,252173
5259,0.018714,172.31.40.0-255,66,185779,73,252173
5260,0.020746,74.125.24.0-255,5738,191517,73,252173
5261,0.020753,172.31.40.0-255,66,191583,73,252173
5262,0.02286,74.125.24.0-255,5738,197321,73,252173
5263,0.022868,172.31.40.0-255,66,197387,73,252173
5264,0.024914,74.125.24.0-255,5738,203125,73,252173
5265,0.024922,172.31.40.0-255,66,203191,73,252173
5266,0.026984,74.125.24.0-255,5738,208929,73,252173
5267,0.026995,172.31.40.0-255,66,208995,73,252173
5268,0.029047,74.125.24.0-255,5738,214733,73,252173
5269,0.029057,172.31.40.0-255,66,214799,73,252173
5270,0.031108,74.125.24.0-255,5738,220537,73,252173
5271,0.031116,172.31.40.0-255,66,220603,73,252173
5272,0.03327,74.125.24.0-255,5738,226341,73,252173
5273,0.033277,172.31.40.0-255,66,226407,73,252173
5274,0.035377,74.125.24.0-255,5738,232145,73,252173
5275,0.035392,172.31.40.0-255,66,232211,73,252173
5276,0.037439,74.125.24.0-255,5738,237949,73,252173
5277,0.037447,172.31.40.0-255,66,238015,73,252173
5278,0.039518,74.125.24.0-255,5738,243753,73,252173
5279,0.039527,172.31.40.0-255,66,243819,73,252173
5280,0.041567,74.125.24.0-255,5738,249557,73,252173
5281,0.041591,172.31.40.0-255,66,249623,73,252173
5282,0.043618,74.125.24.0-255,2313,251936,73,252173
5283,0.043627,172.31.40.0-255,66,252002,73,252173
5284,0.043824,172.31.40.0-255,105,252107,73,252173
5285,0.045829,74.125.24.0-255,66,252173,73,252173
5286,0.0,172.217.194.0-255,153,153,73,225929
5287,2e-05,172.31.40.0-255,66,219,73,225929
5288,2.8e-05,172.217.194.0-255,1484,1703,73,225929
5289,3.3e-05,172.31.40.0-255,66,1769,73,225929
5290,3.8e-05,172.217.194.0-255,2902,4671,73,225929
5291,4.1e-05,172.31.40.0-255,66,4737,73,225929
5292,5.6e-05,172.217.194.0-255,5738,10475,73,225929
5293,5.9e-05,172.31.40.0-255,66,10541,73,225929
5294,8.3e-05,172.217.194.0-255,3356,13897,73,225929
5295,8.6e-05,172.31.40.0-255,66,13963,73,225929
5296,0.000599,172.217.194.0-255,1484,15447,73,225929
5297,0.000606,172.31.40.0-255,66,15513,73,225929
5298,0.000615,172.217.194.0-255,2902,18415,73,225929
5299,0.000618,172.31.40.0-255,66,18481,73,225929
5300,0.000622,172.217.194.0-255,1484,19965,73,225929
5301,0.000629,172.31.40.0-255,66,20031,73,225929
5302,0.000666,172.217.194.0-255,4320,24351,73,225929
5303,0.000669,172.31.40.0-255,66,24417,73,225929
5304,0.000676,172.217.194.0-255,5738,30155,73,225929
5305,0.000679,172.31.40.0-255,66,30221,73,225929
5306,0.000686,172.217.194.0-255,1125,31346,73,225929
5307,0.000688,172.31.40.0-255,66,31412,73,225929
5308,0.000804,172.217.194.0-255,1484,32896,73,225929
5309,0.000809,172.31.40.0-255,66,32962,73,225929
5310,0.000815,172.217.194.0-255,2902,35864,73,225929
5311,0.000817,172.31.40.0-255,66,35930,73,225929
5312,0.000851,172.217.194.0-255,5738,41668,73,225929
5313,0.000854,172.31.40.0-255,66,41734,73,225929
5314,0.000875,172.217.194.0-255,6797,48531,73,225929
5315,0.000878,172.31.40.0-255,66,48597,73,225929
5316,0.001415,172.217.194.0-255,1484,50081,73,225929
5317,0.001422,172.31.40.0-255,66,50147,73,225929
5318,0.001429,172.217.194.0-255,2902,53049,73,225929
5319,0.001431,172.31.40.0-255,66,53115,73,225929
5320,0.001439,172.217.194.0-255,5738,58853,73,225929
5321,0.001446,172.31.40.0-255,66,58919,73,225929
5322,0.001452,172.217.194.0-255,4320,63239,73,225929
5323,0.001455,172.31.40.0-255,66,63305,73,225929
5324,0.001488,172.217.194.0-255,3124,66429,73,225929
5325,0.001491,172.31.40.0-255,66,66495,73,225929
5326,0.001604,172.217.194.0-255,1484,67979,73,225929
5327,0.001608,172.217.194.0-255,1484,69463,73,225929
5328,0.001611,172.31.40.0-255,66,69529,73,225929
5329,0.001623,172.217.194.0-255,1484,71013,73,225929
5330,0.001634,172.217.194.0-255,5738,76751,73,225929
5331,0.001637,172.31.40.0-255,66,76817,73,225929
5332,0.00164,172.217.194.0-255,1484,78301,73,225929
5333,0.001668,172.217.194.0-255,5738,84039,73,225929
5334,0.001671,172.31.40.0-255,66,84105,73,225929
5335,0.001682,172.31.40.0-255,66,84171,73,225929
5336,0.001709,172.217.194.0-255,5738,89909,73,225929
5337,0.001711,172.31.40.0-255,66,89975,73,225929
5338,0.001722,172.217.194.0-255,2184,92159,73,225929
5339,0.001724,172.31.40.0-255,66,92225,73,225929
5340,0.002124,172.217.194.0-255,1484,93709,73,225929
5341,0.003796,172.217.194.0-255,4320,98029,73,225929
5342,0.003803,172.31.40.0-255,66,98095,73,225929
5343,0.005912,172.217.194.0-255,5738,103833,73,225929
5344,0.005919,172.31.40.0-255,66,103899,73,225929
5345,0.008005,172.217.194.0-255,5738,109637,73,225929
5346,0.008012,172.31.40.0-255,66,109703,73,225929
5347,0.010112,172.217.194.0-255,5738,115441,73,225929
5348,0.010122,172.31.40.0-255,66,115507,73,225929
5349,0.012201,172.217.194.0-255,5738,121245,73,225929
5350,0.01221,172.31.40.0-255,66,121311,73,225929
5351,0.014311,172.217.194.0-255,5738,127049,73,225929
5352,0.014319,172.31.40.0-255,66,127115,73,225929
5353,0.016428,172.217.194.0-255,5738,132853,73,225929
5354,0.016436,172.31.40.0-255,66,132919,73,225929
5355,0.018523,172.217.194.0-255,5738,138657,73,225929
5356,0.018531,172.31.40.0-255,66,138723,73,225929
5357,0.020614,172.31.40.0-255,172,138895,73,225929
5358,0.020626,172.217.194.0-255,5738,144633,73,225929
5359,0.02063,172.31.40.0-255,66,144699,73,225929
5360,0.02067,172.31.40.0-255,1114,145813,73,225929
5361,0.020734,172.31.40.0-255,1514,147327,73,225929
5362,0.020736,172.31.40.0-255,1514,148841,73,225929
5363,0.020739,172.31.40.0-255,1438,150279,73,225929
5364,0.02216,104.244.42.0-255,66,150345,73,225929
5365,0.022261,104.244.42.0-255,66,150411,73,225929
5366,0.022347,104.244.42.0-255,66,150477,73,225929
5367,0.022719,172.217.194.0-255,5738,156215,73,225929
5368,0.022725,172.31.40.0-255,66,156281,73,225929
5369,0.024824,172.217.194.0-255,5738,162019,73,225929
5370,0.02483,172.31.40.0-255,66,162085,73,225929
5371,0.026933,172.217.194.0-255,5738,167823,73,225929
5372,0.026939,172.31.40.0-255,66,167889,73,225929
5373,0.029056,172.217.194.0-255,5738,173627,73,225929
5374,0.029061,172.31.40.0-255,66,173693,73,225929
5375,0.031156,172.217.194.0-255,5738,179431,73,225929
5376,0.031163,172.31.40.0-255,66,179497,73,225929
5377,0.033254,172.217.194.0-255,5738,185235,73,225929
5378,0.033261,172.31.40.0-255,66,185301,73,225929
5379,0.035357,172.217.194.0-255,5738,191039,73,225929
5380,0.035363,172.31.40.0-255,66,191105,73,225929
5381,0.03745,172.217.194.0-255,5738,196843,73,225929
5382,0.037457,172.31.40.0-255,66,196909,73,225929
5383,0.03953,172.217.194.0-255,5738,202647,73,225929
5384,0.039536,172.31.40.0-255,66,202713,73,225929
5385,0.041649,172.217.194.0-255,5738,208451,73,225929
5386,0.041656,172.31.40.0-255,66,208517,73,225929
5387,0.043764,172.217.194.0-255,5738,214255,73,225929
5388,0.04377,172.31.40.0-255,66,214321,73,225929
5389,0.045895,172.217.194.0-255,5738,220059,73,225929
5390,0.045901,172.31.40.0-255,66,220125,73,225929
5391,0.048013,172.217.194.0-255,5738,225863,73,225929
5392,0.04802,172.31.40.0-255,66,225929,73,225929
5393,0.0,172.31.40.0-255,105,105,73,459
5394,0.000191,172.31.40.0-255,90,195,73,459
5395,0.000211,172.31.40.0-255,66,261,73,459
5396,0.002425,74.125.200.0-255,66,327,73,459
5397,0.002454,74.125.200.0-255,66,393,73,459
5398,0.002473,172.31.40.0-255,66,459,73,459
5399,0.0,74.125.24.0-255,143,143,73,229260
5400,1.5e-05,172.31.40.0-255,66,209,73,229260
5401,2.3e-05,74.125.24.0-255,1484,1693,73,229260
5402,2.7e-05,172.31.40.0-255,66,1759,73,229260
5403,3.3e-05,74.125.24.0-255,2902,4661,73,229260
5404,4.6e-05,172.31.40.0-255,66,4727,73,229260
5405,5.4e-05,74.125.24.0-255,7156,11883,73,229260
5406,5.8e-05,172.31.40.0-255,66,11949,73,229260
5407,6.2e-05,74.125.24.0-255,2137,14086,73,229260
5408,6.5e-05,172.31.40.0-255,66,14152,73,229260
5409,8.2e-05,172.31.40.0-255,66,14218,73,229260
5410,0.000112,74.125.24.0-255,1484,15702,73,229260
5411,0.000114,172.31.40.0-255,66,15768,73,229260
5412,0.000121,74.125.24.0-255,5379,21147,73,229260
5413,0.000124,172.31.40.0-255,66,21213,73,229260
5414,0.000342,74.125.24.0-255,1484,22697,73,229260
5415,0.000347,172.31.40.0-255,66,22763,73,229260
5416,0.000353,74.125.24.0-255,2902,25665,73,229260
5417,0.000356,172.31.40.0-255,66,25731,73,229260
5418,0.000366,74.125.24.0-255,4320,30051,73,229260
5419,0.000369,172.31.40.0-255,66,30117,73,229260
5420,0.000398,74.125.24.0-255,1484,31601,73,229260
5421,0.000401,172.31.40.0-255,66,31667,73,229260
5422,0.000409,74.125.24.0-255,6797,38464,73,229260
5423,0.000411,172.31.40.0-255,66,38530,73,229260
5424,0.000985,74.125.24.0-255,1484,40014,73,229260
5425,0.000991,172.31.40.0-255,66,40080,73,229260
5426,0.001,74.125.24.0-255,2902,42982,73,229260
5427,0.001003,172.31.40.0-255,66,43048,73,229260
5428,0.001014,74.125.24.0-255,5738,48786,73,229260
5429,0.001016,172.31.40.0-255,66,48852,73,229260
5430,0.001053,74.125.24.0-255,6797,55649,73,229260
5431,0.001056,172.31.40.0-255,66,55715,73,229260
5432,0.001649,74.125.24.0-255,646,56361,73,229260
5433,0.001677,74.125.24.0-255,1484,57845,73,229260
5434,0.001681,172.31.40.0-255,66,57911,73,229260
5435,0.001687,74.125.24.0-255,4320,62231,73,229260
5436,0.001689,172.31.40.0-255,66,62297,73,229260
5437,0.001705,74.125.24.0-255,2902,65199,73,229260
5438,0.001707,172.31.40.0-255,66,65265,73,229260
5439,0.001728,74.125.24.0-255,2902,68167,73,229260
5440,0.00173,172.31.40.0-255,66,68233,73,229260
5441,0.001737,74.125.24.0-255,7156,75389,73,229260
5442,0.001739,172.31.40.0-255,66,75455,73,229260
5443,0.001769,172.31.40.0-255,66,75521,73,229260
5444,0.001797,74.125.24.0-255,5738,81259,73,229260
5445,0.001799,172.31.40.0-255,66,81325,73,229260
5446,0.001802,74.125.24.0-255,217,81542,73,229260
5447,0.001961,74.125.24.0-255,1484,83026,73,229260
5448,0.001963,172.31.40.0-255,66,83092,73,229260
5449,0.001967,74.125.24.0-255,1484,84576,73,229260
5450,0.001986,74.125.24.0-255,1484,86060,73,229260
5451,0.001988,172.31.40.0-255,66,86126,73,229260
5452,0.002006,74.125.24.0-255,4320,90446,73,229260
5453,0.002008,172.31.40.0-255,66,90512,73,229260
5454,0.00203,74.125.24.0-255,1484,91996,73,229260
5455,0.002036,74.125.24.0-255,5738,97734,73,229260
5456,0.002038,172.31.40.0-255,66,97800,73,229260
5457,0.002048,172.31.40.0-255,66,97866,73,229260
5458,0.002086,172.31.40.0-255,66,97932,73,229260
5459,0.003139,74.125.24.0-255,1484,99416,73,229260
5460,0.003154,74.125.24.0-255,2902,102318,73,229260
5461,0.003157,172.31.40.0-255,66,102384,73,229260
5462,0.003162,74.125.24.0-255,4320,106704,73,229260
5463,0.003164,172.31.40.0-255,66,106770,73,229260
5464,0.003191,74.125.24.0-255,1484,108254,73,229260
5465,0.003198,74.125.24.0-255,7156,115410,73,229260
5466,0.0032,172.31.40.0-255,66,115476,73,229260
5467,0.003211,172.31.40.0-255,66,115542,73,229260
5468,0.003236,74.125.24.0-255,4320,119862,73,229260
5469,0.003238,172.31.40.0-255,66,119928,73,229260
5470,0.003242,74.125.24.0-255,2184,122112,73,229260
5471,0.003244,172.31.40.0-255,66,122178,73,229260
5472,0.004528,74.125.24.0-255,1484,123662,73,229260
5473,0.004535,74.125.24.0-255,2902,126564,73,229260
5474,0.004539,172.31.40.0-255,66,126630,73,229260
5475,0.004543,74.125.24.0-255,1484,128114,73,229260
5476,0.004571,74.125.24.0-255,4320,132434,73,229260
5477,0.004575,74.125.24.0-255,2902,135336,73,229260
5478,0.004581,172.31.40.0-255,66,135402,73,229260
5479,0.004583,172.31.40.0-255,66,135468,73,229260
5480,0.004618,172.31.40.0-255,66,135534,73,229260
5481,0.004644,172.31.40.0-255,66,135600,73,229260
5482,0.004645,172.31.40.0-255,66,135666,73,229260
5483,0.004693,172.31.40.0-255,66,135732,73,229260
5484,0.004705,74.125.24.0-255,2184,137916,73,229260
5485,0.004711,172.31.40.0-255,66,137982,73,229260
5486,0.00555,74.125.24.0-255,1484,139466,73,229260
5487,0.005559,74.125.24.0-255,2902,142368,73,229260
5488,0.005563,172.31.40.0-255,66,142434,73,229260
5489,0.005567,74.125.24.0-255,1484,143918,73,229260
5490,0.0056,74.125.24.0-255,4320,148238,73,229260
5491,0.005603,172.31.40.0-255,66,148304,73,229260
5492,0.00562,172.31.40.0-255,66,148370,73,229260
5493,0.005633,172.31.40.0-255,66,148436,73,229260
5494,0.006219,74.125.24.0-255,1484,149920,73,229260
5495,0.006227,74.125.24.0-255,2902,152822,73,229260
5496,0.006231,172.31.40.0-255,66,152888,73,229260
5497,0.006265,74.125.24.0-255,1484,154372,73,229260
5498,0.006279,74.125.24.0-255,4320,158692,73,229260
5499,0.006282,172.31.40.0-255,66,158758,73,229260
5500,0.0063,172.31.40.0-255,66,158824,73,229260
5501,0.006303,74.125.24.0-255,1484,160308,73,229260
5502,0.006335,172.31.40.0-255,66,160374,73,229260
5503,0.006341,74.125.24.0-255,4320,164694,73,229260
5504,0.006343,172.31.40.0-255,66,164760,73,229260
5505,0.006367,74.125.24.0-255,5738,170498,73,229260
5506,0.00637,172.31.40.0-255,66,170564,73,229260
5507,0.006373,74.125.24.0-255,1484,172048,73,229260
5508,0.006423,172.31.40.0-255,66,172114,73,229260
5509,0.006429,74.125.24.0-255,3602,175716,73,229260
5510,0.006431,172.31.40.0-255,66,175782,73,229260
5511,0.00656,74.125.24.0-255,1484,177266,73,229260
5512,0.006565,74.125.24.0-255,1484,178750,73,229260
5513,0.006568,172.31.40.0-255,66,178816,73,229260
5514,0.00658,74.125.24.0-255,1484,180300,73,229260
5515,0.006591,74.125.24.0-255,5738,186038,73,229260
5516,0.006594,172.31.40.0-255,66,186104,73,229260
5517,0.006597,74.125.24.0-255,1484,187588,73,229260
5518,0.0066,74.125.24.0-255,1484,189072,73,229260
5519,0.006602,172.31.40.0-255,66,189138,73,229260
5520,0.006648,172.31.40.0-255,66,189204,73,229260
5521,0.006677,74.125.24.0-255,5738,194942,73,229260
5522,0.00668,172.31.40.0-255,66,195008,73,229260
5523,0.006687,74.125.24.0-255,6438,201446,73,229260
5524,0.00669,172.31.40.0-255,66,201512,73,229260
5525,0.006739,74.125.24.0-255,1484,202996,73,229260
5526,0.006772,74.125.24.0-255,1484,204480,73,229260
5527,0.006775,172.31.40.0-255,66,204546,73,229260
5528,0.00678,74.125.24.0-255,2902,207448,73,229260
5529,0.006782,172.31.40.0-255,66,207514,73,229260
5530,0.006812,74.125.24.0-255,5738,213252,73,229260
5531,0.006814,172.31.40.0-255,66,213318,73,229260
5532,0.006819,74.125.24.0-255,2902,216220,73,229260
5533,0.006821,172.31.40.0-255,66,216286,73,229260
5534,0.006862,172.31.40.0-255,66,216352,73,229260
5535,0.006867,74.125.24.0-255,4320,220672,73,229260
5536,0.006869,172.31.40.0-255,66,220738,73,229260
5537,0.006906,172.31.40.0-255,66,220804,73,229260
5538,0.006935,74.125.24.0-255,2902,223706,73,229260
5539,0.006937,172.31.40.0-255,66,223772,73,229260
5540,0.006956,74.125.24.0-255,5080,228852,73,229260
5541,0.006959,172.31.40.0-255,66,228918,73,229260
5542,0.006962,74.125.24.0-255,105,229023,73,229260
5543,0.01349,172.31.40.0-255,66,229089,73,229260
5544,0.013537,172.31.40.0-255,105,229194,73,229260
5545,0.01556,74.125.24.0-255,66,229260,73,229260
5546,0.0,74.125.68.0-255,146,146,73,319535
5547,1.9e-05,172.31.40.0-255,66,212,73,319535
5548,2.4e-05,74.125.68.0-255,1484,1696,73,319535
5549,2.9e-05,172.31.40.0-255,66,1762,73,319535
5550,3.4e-05,74.125.68.0-255,2902,4664,73,319535
5551,3.7e-05,172.31.40.0-255,66,4730,73,319535
5552,6e-05,74.125.68.0-255,5738,10468,73,319535
5553,6.2e-05,172.31.40.0-255,66,10534,73,319535
5554,6.5e-05,74.125.68.0-255,1484,12018,73,319535
5555,6.7e-05,172.31.40.0-255,66,12084,73,319535
5556,8.9e-05,74.125.68.0-255,1993,14077,73,319535
5557,9.1e-05,172.31.40.0-255,66,14143,73,319535
5558,0.000187,74.125.68.0-255,1484,15627,73,319535
5559,0.000191,172.31.40.0-255,66,15693,73,319535
5560,0.000194,74.125.68.0-255,1484,17177,73,319535
5561,0.000196,172.31.40.0-255,66,17243,73,319535
5562,0.000212,74.125.68.0-255,1484,18727,73,319535
5563,0.000214,172.31.40.0-255,66,18793,73,319535
5564,0.000221,74.125.68.0-255,5738,24531,73,319535
5565,0.000223,172.31.40.0-255,66,24597,73,319535
5566,0.000226,74.125.68.0-255,1484,26081,73,319535
5567,0.000227,172.31.40.0-255,66,26147,73,319535
5568,0.000242,74.125.68.0-255,1484,27631,73,319535
5569,0.000244,172.31.40.0-255,66,27697,73,319535
5570,0.000249,74.125.68.0-255,3961,31658,73,319535
5571,0.000251,172.31.40.0-255,66,31724,73,319535
5572,0.000274,74.125.68.0-255,7156,38880,73,319535
5573,0.000276,172.31.40.0-255,66,38946,73,319535
5574,0.000289,74.125.68.0-255,1484,40430,73,319535
5575,0.000291,172.31.40.0-255,66,40496,73,319535
5576,0.000295,74.125.68.0-255,2902,43398,73,319535
5577,0.000297,172.31.40.0-255,66,43464,73,319535
5578,0.000313,74.125.68.0-255,1484,44948,73,319535
5579,0.000343,172.31.40.0-255,66,45014,73,319535
5580,0.000353,172.31.40.0-255,66,45080,73,319535
5581,0.000385,74.125.68.0-255,1143,46223,73,319535
5582,0.000409,74.125.68.0-255,331,46554,73,319535
5583,0.00048,74.125.68.0-255,1484,48038,73,319535
5584,0.000483,172.31.40.0-255,66,48104,73,319535
5585,0.0005,74.125.68.0-255,2902,51006,73,319535
5586,0.000503,172.31.40.0-255,66,51072,73,319535
5587,0.000522,74.125.68.0-255,5738,56810,73,319535
5588,0.000525,172.31.40.0-255,66,56876,73,319535
5589,0.000561,172.31.40.0-255,66,56942,73,319535
5590,0.00057,172.31.40.0-255,66,57008,73,319535
5591,0.000581,74.125.68.0-255,1484,58492,73,319535
5592,0.000586,74.125.68.0-255,5020,63512,73,319535
5593,0.000589,172.31.40.0-255,66,63578,73,319535
5594,0.000848,74.125.68.0-255,1484,65062,73,319535
5595,0.000864,74.125.68.0-255,2902,67964,73,319535
5596,0.000867,172.31.40.0-255,66,68030,73,319535
5597,0.00089,74.125.68.0-255,5738,73768,73,319535
5598,0.000892,172.31.40.0-255,66,73834,73,319535
5599,0.000896,74.125.68.0-255,2902,76736,73,319535
5600,0.000897,172.31.40.0-255,66,76802,73,319535
5601,0.0009,74.125.68.0-255,1484,78286,73,319535
5602,0.00092,74.125.68.0-255,2902,81188,73,319535
5603,0.000922,172.31.40.0-255,66,81254,73,319535
5604,0.000926,74.125.68.0-255,2902,84156,73,319535
5605,0.000928,172.31.40.0-255,66,84222,73,319535
5606,0.000951,74.125.68.0-255,5738,89960,73,319535
5607,0.000953,172.31.40.0-255,66,90026,73,319535
5608,0.000958,74.125.68.0-255,4320,94346,73,319535
5609,0.00096,172.31.40.0-255,66,94412,73,319535
5610,0.00099,74.125.68.0-255,3602,98014,73,319535
5611,0.000992,172.31.40.0-255,66,98080,73,319535
5612,0.001016,74.125.68.0-255,1484,99564,73,319535
5613,0.001028,74.125.68.0-255,2902,102466,73,319535
5614,0.00103,172.31.40.0-255,66,102532,73,319535
5615,0.001033,74.125.68.0-255,1484,104016,73,319535
5616,0.001059,74.125.68.0-255,4320,108336,73,319535
5617,0.001061,172.31.40.0-255,66,108402,73,319535
5618,0.001068,74.125.68.0-255,7156,115558,73,319535
5619,0.00107,172.31.40.0-255,66,115624,73,319535
5620,0.001092,74.125.68.0-255,4320,119944,73,319535
5621,0.001094,172.31.40.0-255,66,120010,73,319535
5622,0.001116,172.31.40.0-255,66,120076,73,319535
5623,0.001135,74.125.68.0-255,2184,122260,73,319535
5624,0.001137,172.31.40.0-255,66,122326,73,319535
5625,0.001666,74.125.68.0-255,1484,123810,73,319535
5626,0.001672,74.125.68.0-255,2902,126712,73,319535
5627,0.001675,172.31.40.0-255,66,126778,73,319535
5628,0.001678,74.125.68.0-255,1484,128262,73,319535
5629,0.001709,74.125.68.0-255,4320,132582,73,319535
5630,0.001712,172.31.40.0-255,66,132648,73,319535
5631,0.001716,74.125.68.0-255,2902,135550,73,319535
5632,0.001718,172.31.40.0-255,66,135616,73,319535
5633,0.001722,74.125.68.0-255,4320,139936,73,319535
5634,0.001724,172.31.40.0-255,66,140002,73,319535
5635,0.001727,74.125.68.0-255,1484,141486,73,319535
5636,0.001754,74.125.68.0-255,7156,148642,73,319535
5637,0.001756,172.31.40.0-255,66,148708,73,319535
5638,0.001762,74.125.68.0-255,5738,154446,73,319535
5639,0.001764,172.31.40.0-255,66,154512,73,319535
5640,0.001799,74.125.68.0-255,2184,156696,73,319535
5641,0.001802,172.31.40.0-255,66,156762,73,319535
5642,0.001988,74.125.68.0-255,1484,158246,73,319535
5643,0.002004,74.125.68.0-255,2902,161148,73,319535
5644,0.002008,172.31.40.0-255,66,161214,73,319535
5645,0.002025,74.125.68.0-255,1484,162698,73,319535
5646,0.002051,74.125.68.0-255,2902,165600,73,319535
5647,0.002053,172.31.40.0-255,66,165666,73,319535
5648,0.002063,172.31.40.0-255,66,165732,73,319535
5649,0.002069,74.125.68.0-255,5738,171470,73,319535
5650,0.002071,172.31.40.0-255,66,171536,73,319535
5651,0.002073,74.125.68.0-255,1484,173020,73,319535
5652,0.002092,74.125.68.0-255,5738,178758,73,319535
5653,0.002094,172.31.40.0-255,66,178824,73,319535
5654,0.002125,74.125.68.0-255,6438,185262,73,319535
5655,0.002128,172.31.40.0-255,66,185328,73,319535
5656,0.002135,74.125.68.0-255,7156,192484,73,319535
5657,0.002136,172.31.40.0-255,66,192550,73,319535
5658,0.002194,172.31.40.0-255,66,192616,73,319535
5659,0.002205,172.31.40.0-255,66,192682,73,319535
5660,0.002225,74.125.68.0-255,1484,194166,73,319535
5661,0.002229,74.125.68.0-255,2902,197068,73,319535
5662,0.002231,172.31.40.0-255,66,197134,73,319535
5663,0.002253,74.125.68.0-255,5738,202872,73,319535
5664,0.002256,172.31.40.0-255,66,202938,73,319535
5665,0.00226,74.125.68.0-255,2902,205840,73,319535
5666,0.002261,172.31.40.0-255,66,205906,73,319535
5667,0.002264,74.125.68.0-255,1484,207390,73,319535
5668,0.002286,74.125.68.0-255,2902,210292,73,319535
5669,0.002288,172.31.40.0-255,66,210358,73,319535
5670,0.002291,74.125.68.0-255,1484,211842,73,319535
5671,0.002314,74.125.68.0-255,7156,218998,73,319535
5672,0.002316,172.31.40.0-255,66,219064,73,319535
5673,0.002318,74.125.68.0-255,1484,220548,73,319535
5674,0.00234,74.125.68.0-255,2902,223450,73,319535
5675,0.002342,172.31.40.0-255,66,223516,73,319535
5676,0.002347,74.125.68.0-255,5020,228536,73,319535
5677,0.002349,172.31.40.0-255,66,228602,73,319535
5678,0.002367,74.125.68.0-255,5738,234340,73,319535
5679,0.002369,172.31.40.0-255,66,234406,73,319535
5680,0.002396,74.125.68.0-255,7156,241562,73,319535
5681,0.002399,172.31.40.0-255,66,241628,73,319535
5682,0.002414,74.125.68.0-255,1484,243112,73,319535
5683,0.002454,172.31.40.0-255,66,243178,73,319535
5684,0.002459,74.125.68.0-255,5738,248916,73,319535
5685,0.002461,172.31.40.0-255,66,248982,73,319535
5686,0.002492,172.31.40.0-255,66,249048,73,319535
5687,0.002498,74.125.68.0-255,5738,254786,73,319535
5688,0.0025,172.31.40.0-255,66,254852,73,319535
5689,0.002524,74.125.68.0-255,2902,257754,73,319535
5690,0.002527,172.31.40.0-255,66,257820,73,319535
5691,0.00256,172.31.40.0-255,66,257886,73,319535
5692,0.002565,74.125.68.0-255,5020,262906,73,319535
5693,0.002567,172.31.40.0-255,66,262972,73,319535
5694,0.005104,74.125.68.0-255,5738,268710,73,319535
5695,0.005114,172.31.40.0-255,66,268776,73,319535
5696,0.007668,74.125.68.0-255,5738,274514,73,319535
5697,0.007674,172.31.40.0-255,66,274580,73,319535
5698,0.010217,74.125.68.0-255,5738,280318,73,319535
5699,0.010224,172.31.40.0-255,66,280384,73,319535
5700,0.012766,74.125.68.0-255,5738,286122,73,319535
5701,0.012775,172.31.40.0-255,66,286188,73,319535
5702,0.015327,74.125.68.0-255,2902,289090,73,319535
5703,0.015336,172.31.40.0-255,66,289156,73,319535
5704,0.015359,74.125.68.0-255,2902,292058,73,319535
5705,0.015361,172.31.40.0-255,66,292124,73,319535
5706,0.017869,74.125.68.0-255,2902,295026,73,319535
5707,0.01788,172.31.40.0-255,66,295092,73,319535
5708,0.017898,74.125.68.0-255,2902,297994,73,319535
5709,0.017901,172.31.40.0-255,66,298060,73,319535
5710,0.020424,74.125.68.0-255,2902,300962,73,319535
5711,0.020431,172.31.40.0-255,66,301028,73,319535
5712,0.020453,74.125.68.0-255,2902,303930,73,319535
5713,0.020455,172.31.40.0-255,66,303996,73,319535
5714,0.022966,74.125.68.0-255,2902,306898,73,319535
5715,0.022972,172.31.40.0-255,66,306964,73,319535
5716,0.022996,74.125.68.0-255,2902,309866,73,319535
5717,0.022998,172.31.40.0-255,66,309932,73,319535
5718,0.025508,74.125.68.0-255,3377,313309,73,319535
5719,0.025514,172.31.40.0-255,66,313375,73,319535
5720,0.025659,172.31.40.0-255,105,313480,73,319535
5721,0.028156,74.125.68.0-255,66,313546,73,319535
5722,0.030987,172.31.40.0-255,172,313718,73,319535
5723,0.031016,172.31.40.0-255,1115,314833,73,319535
5724,0.031068,172.31.40.0-255,1514,316347,73,319535
5725,0.03107,172.31.40.0-255,1514,317861,73,319535
5726,0.031072,172.31.40.0-255,1410,319271,73,319535
5727,0.032582,104.244.42.0-255,66,319337,73,319535
5728,0.03261,104.244.42.0-255,66,319403,73,319535
5729,0.032692,104.244.42.0-255,66,319469,73,319535
5730,0.032712,104.244.42.0-255,66,319535,73,319535
5731,0.0,74.125.24.0-255,146,146,73,225858
5732,2.3e-05,172.31.40.0-255,66,212,73,225858
5733,3e-05,74.125.24.0-255,1484,1696,73,225858
5734,3.5e-05,172.31.40.0-255,66,1762,73,225858
5735,4.9e-05,74.125.24.0-255,2902,4664,73,225858
5736,5.3e-05,172.31.40.0-255,66,4730,73,225858
5737,6.1e-05,74.125.24.0-255,7156,11886,73,225858
5738,6.5e-05,172.31.40.0-255,66,11952,73,225858
5739,6.9e-05,74.125.24.0-255,2127,14079,73,225858
5740,7.2e-05,172.31.40.0-255,66,14145,73,225858
5741,0.00013,74.125.24.0-255,1484,15629,73,225858
5742,0.000133,172.31.40.0-255,66,15695,73,225858
5743,0.000138,74.125.24.0-255,2902,18597,73,225858
5744,0.000141,172.31.40.0-255,66,18663,73,225858
5745,0.000152,74.125.24.0-255,5738,24401,73,225858
5746,0.000155,172.31.40.0-255,66,24467,73,225858
5747,0.000162,74.125.24.0-255,6797,31264,73,225858
5748,0.000165,172.31.40.0-255,66,31330,73,225858
5749,0.000408,74.125.24.0-255,1484,32814,73,225858
5750,0.000413,172.31.40.0-255,66,32880,73,225858
5751,0.00042,74.125.24.0-255,2902,35782,73,225858
5752,0.000422,172.31.40.0-255,66,35848,73,225858
5753,0.000429,74.125.24.0-255,1484,37332,73,225858
5754,0.000432,172.31.40.0-255,66,37398,73,225858
5755,0.00046,74.125.24.0-255,4320,41718,73,225858
5756,0.000462,172.31.40.0-255,66,41784,73,225858
5757,0.000473,74.125.24.0-255,6797,48581,73,225858
5758,0.000476,172.31.40.0-255,66,48647,73,225858
5759,0.000504,74.125.24.0-255,7156,55803,73,225858
5760,0.000507,172.31.40.0-255,66,55869,73,225858
5761,0.000512,74.125.24.0-255,4320,60189,73,225858
5762,0.000518,172.31.40.0-255,66,60255,73,225858
5763,0.000565,74.125.24.0-255,5711,65966,73,225858
5764,0.000569,172.31.40.0-255,66,66032,73,225858
5765,0.000596,74.125.24.0-255,112,66144,73,225858
5766,0.001094,172.31.40.0-255,66,66210,73,225858
5767,0.001135,74.125.24.0-255,330,66540,73,225858
5768,0.001181,172.31.40.0-255,66,66606,73,225858
5769,0.001612,74.125.24.0-255,1484,68090,73,225858
5770,0.001623,74.125.24.0-255,2902,70992,73,225858
5771,0.001628,172.31.40.0-255,66,71058,73,225858
5772,0.001634,74.125.24.0-255,4320,75378,73,225858
5773,0.001636,172.31.40.0-255,66,75444,73,225858
5774,0.001668,172.31.40.0-255,66,75510,73,225858
5775,0.001673,74.125.24.0-255,2902,78412,73,225858
5776,0.001675,172.31.40.0-255,66,78478,73,225858
5777,0.001704,74.125.24.0-255,7156,85634,73,225858
5778,0.001706,172.31.40.0-255,66,85700,73,225858
5779,0.00175,74.125.24.0-255,6438,92138,73,225858
5780,0.001752,172.31.40.0-255,66,92204,73,225858
5781,0.002227,74.125.24.0-255,1484,93688,73,225858
5782,0.002247,74.125.24.0-255,2902,96590,73,225858
5783,0.002251,172.31.40.0-255,66,96656,73,225858
5784,0.002259,74.125.24.0-255,5738,102394,73,225858
5785,0.002261,172.31.40.0-255,66,102460,73,225858
5786,0.002287,74.125.24.0-255,7156,109616,73,225858
5787,0.00229,172.31.40.0-255,66,109682,73,225858
5788,0.002311,74.125.24.0-255,1484,111166,73,225858
5789,0.002323,172.31.40.0-255,66,111232,73,225858
5790,0.002329,74.125.24.0-255,5020,116252,73,225858
5791,0.002332,172.31.40.0-255,66,116318,73,225858
5792,0.004938,74.125.24.0-255,4320,120638,73,225858
5793,0.004943,172.31.40.0-255,66,120704,73,225858
5794,0.004966,74.125.24.0-255,1484,122188,73,225858
5795,0.007543,74.125.24.0-255,4320,126508,73,225858
5796,0.007558,172.31.40.0-255,66,126574,73,225858
5797,0.010147,74.125.24.0-255,5738,132312,73,225858
5798,0.010155,172.31.40.0-255,66,132378,73,225858
5799,0.012764,74.125.24.0-255,5738,138116,73,225858
5800,0.012772,172.31.40.0-255,66,138182,73,225858
5801,0.015343,74.125.24.0-255,5738,143920,73,225858
5802,0.015348,172.31.40.0-255,66,143986,73,225858
5803,0.017957,74.125.24.0-255,5738,149724,73,225858
5804,0.017965,172.31.40.0-255,66,149790,73,225858
5805,0.02058,74.125.24.0-255,5738,155528,73,225858
5806,0.020587,172.31.40.0-255,66,155594,73,225858
5807,0.023178,74.125.24.0-255,5738,161332,73,225858
5808,0.023186,172.31.40.0-255,66,161398,73,225858
5809,0.025191,172.31.40.0-255,172,161570,73,225858
5810,0.025224,172.31.40.0-255,1110,162680,73,225858
5811,0.025297,172.31.40.0-255,1514,164194,73,225858
5812,0.025299,172.31.40.0-255,1514,165708,73,225858
5813,0.025304,172.31.40.0-255,1514,167222,73,225858
5814,0.025305,172.31.40.0-255,332,167554,73,225858
5815,0.025789,74.125.24.0-255,5738,173292,73,225858
5816,0.025796,172.31.40.0-255,66,173358,73,225858
5817,0.026777,104.244.42.0-255,66,173424,73,225858
5818,0.026801,104.244.42.0-255,66,173490,73,225858
5819,0.026848,104.244.42.0-255,66,173556,73,225858
5820,0.026859,104.244.42.0-255,66,173622,73,225858
5821,0.028375,74.125.24.0-255,5738,179360,73,225858
5822,0.02838,172.31.40.0-255,66,179426,73,225858
5823,0.030966,74.125.24.0-255,5738,185164,73,225858
5824,0.030973,172.31.40.0-255,66,185230,73,225858
5825,0.033581,74.125.24.0-255,5738,190968,73,225858
5826,0.033588,172.31.40.0-255,66,191034,73,225858
5827,0.036176,74.125.24.0-255,5738,196772,73,225858
5828,0.036182,172.31.40.0-255,66,196838,73,225858
5829,0.038778,74.125.24.0-255,5738,202576,73,225858
5830,0.038784,172.31.40.0-255,66,202642,73,225858
5831,0.041361,74.125.24.0-255,5738,208380,73,225858
5832,0.041369,172.31.40.0-255,66,208446,73,225858
5833,0.043975,74.125.24.0-255,5738,214184,73,225858
5834,0.043981,172.31.40.0-255,66,214250,73,225858
5835,0.0466,74.125.24.0-255,5738,219988,73,225858
5836,0.046608,172.31.40.0-255,66,220054,73,225858
5837,0.049257,74.125.24.0-255,5738,225792,73,225858
5838,0.049265,172.31.40.0-255,66,225858,73,225858
5839,0.0,74.125.24.0-255,143,143,73,172010
5840,1.5e-05,172.31.40.0-255,66,209,73,172010
5841,2.3e-05,74.125.24.0-255,1484,1693,73,172010
5842,2.7e-05,172.31.40.0-255,66,1759,73,172010
5843,3.3e-05,74.125.24.0-255,2902,4661,73,172010
5844,3.6e-05,172.31.40.0-255,66,4727,73,172010
5845,5.8e-05,74.125.24.0-255,1484,6211,73,172010
5846,6e-05,172.31.40.0-255,66,6277,73,172010
5847,0.000101,172.31.40.0-255,66,6343,73,172010
5848,0.000367,74.125.24.0-255,1484,7827,73,172010
5849,0.000372,172.31.40.0-255,66,7893,73,172010
5850,0.000379,74.125.24.0-255,2902,10795,73,172010
5851,0.000382,172.31.40.0-255,66,10861,73,172010
5852,0.000412,74.125.24.0-255,5738,16599,73,172010
5853,0.000415,172.31.40.0-255,66,16665,73,172010
5854,0.000497,74.125.24.0-255,2902,19567,73,172010
5855,0.000501,172.31.40.0-255,66,19633,73,172010
5856,0.000538,172.31.40.0-255,66,19699,73,172010
5857,0.00069,74.125.24.0-255,7156,26855,73,172010
5858,0.000693,172.31.40.0-255,66,26921,73,172010
5859,0.000721,172.31.40.0-255,66,26987,73,172010
5860,0.000918,74.125.24.0-255,2902,29889,73,172010
5861,0.000923,172.31.40.0-255,66,29955,73,172010
5862,0.00095,172.31.40.0-255,66,30021,73,172010
5863,0.001083,172.31.40.0-255,66,30087,73,172010
5864,0.001124,172.31.40.0-255,66,30153,73,172010
5865,0.001498,172.31.40.0-255,66,30219,73,172010
5866,0.001548,172.31.40.0-255,66,30285,73,172010
5867,0.001798,74.125.24.0-255,7156,37441,73,172010
5868,0.001804,172.31.40.0-255,66,37507,73,172010
5869,0.001826,172.31.40.0-255,66,37573,73,172010
5870,0.001865,172.31.40.0-255,66,37639,73,172010
5871,0.002273,74.125.24.0-255,4320,41959,73,172010
5872,0.00228,172.31.40.0-255,66,42025,73,172010
5873,0.002332,172.31.40.0-255,66,42091,73,172010
5874,0.002736,74.125.24.0-255,4320,46411,73,172010
5875,0.002739,172.31.40.0-255,66,46477,73,172010
5876,0.002779,172.31.40.0-255,66,46543,73,172010
5877,0.002808,172.31.40.0-255,66,46609,73,172010
5878,0.003267,74.125.24.0-255,5738,52347,73,172010
5879,0.00327,172.31.40.0-255,66,52413,73,172010
5880,0.003306,172.31.40.0-255,66,52479,73,172010
5881,0.005665,74.125.24.0-255,5738,58217,73,172010
5882,0.005669,172.31.40.0-255,66,58283,73,172010
5883,0.008008,74.125.24.0-255,5738,64021,73,172010
5884,0.008015,172.31.40.0-255,66,64087,73,172010
5885,0.01054,74.125.24.0-255,5738,69825,73,172010
5886,0.010556,172.31.40.0-255,66,69891,73,172010
5887,0.012943,74.125.24.0-255,5738,75629,73,172010
5888,0.012951,172.31.40.0-255,66,75695,73,172010
5889,0.015302,74.125.24.0-255,5738,81433,73,172010
5890,0.015311,172.31.40.0-255,66,81499,73,172010
5891,0.017666,74.125.24.0-255,5738,87237,73,172010
5892,0.017675,172.31.40.0-255,66,87303,73,172010
5893,0.020004,74.125.24.0-255,5738,93041,73,172010
5894,0.020013,172.31.40.0-255,66,93107,73,172010
5895,0.022376,74.125.24.0-255,5738,98845,73,172010
5896,0.022395,172.31.40.0-255,66,98911,73,172010
5897,0.024761,74.125.24.0-255,5738,104649,73,172010
5898,0.02477,172.31.40.0-255,66,104715,73,172010
5899,0.027109,74.125.24.0-255,5738,110453,73,172010
5900,0.027118,172.31.40.0-255,66,110519,73,172010
5901,0.029597,74.125.24.0-255,5738,116257,73,172010
5902,0.029612,172.31.40.0-255,66,116323,73,172010
5903,0.032059,74.125.24.0-255,5738,122061,73,172010
5904,0.032067,172.31.40.0-255,66,122127,73,172010
5905,0.034458,74.125.24.0-255,5738,127865,73,172010
5906,0.034474,172.31.40.0-255,66,127931,73,172010
5907,0.036935,74.125.24.0-255,5738,133669,73,172010
5908,0.036944,172.31.40.0-255,66,133735,73,172010
5909,0.039363,74.125.24.0-255,5738,139473,73,172010
5910,0.039379,172.31.40.0-255,66,139539,73,172010
5911,0.041729,74.125.24.0-255,5738,145277,73,172010
5912,0.041736,172.31.40.0-255,66,145343,73,172010
5913,0.042595,172.31.40.0-255,172,145515,73,172010
5914,0.042627,172.31.40.0-255,1115,146630,73,172010
5915,0.042691,172.31.40.0-255,1514,148144,73,172010
5916,0.042693,172.31.40.0-255,1514,149658,73,172010
5917,0.042698,172.31.40.0-255,1514,151172,73,172010
5918,0.042699,172.31.40.0-255,1514,152686,73,172010
5919,0.042724,172.31.40.0-255,1514,154200,73,172010
5920,0.042725,172.31.40.0-255,134,154334,73,172010
5921,0.044061,74.125.24.0-255,5738,160072,73,172010
5922,0.044068,172.31.40.0-255,66,160138,73,172010
5923,0.044129,104.244.42.0-255,66,160204,73,172010
5924,0.044204,104.244.42.0-255,66,160270,73,172010
5925,0.044286,104.244.42.0-255,66,160336,73,172010
5926,0.044292,104.244.42.0-255,66,160402,73,172010
5927,0.046428,74.125.24.0-255,5738,166140,73,172010
5928,0.046446,172.31.40.0-255,66,166206,73,172010
5929,0.048811,74.125.24.0-255,5738,171944,73,172010
5930,0.048828,172.31.40.0-255,66,172010,73,172010
5931,0.0,172.217.160.0-255,143,143,73,298939
5932,1.7e-05,172.31.40.0-255,66,209,73,298939
5933,2.4e-05,172.217.160.0-255,1484,1693,73,298939
5934,2.8e-05,172.31.40.0-255,66,1759,73,298939
5935,3.4e-05,172.217.160.0-255,2902,4661,73,298939
5936,3.7e-05,172.31.40.0-255,66,4727,73,298939
5937,4.4e-05,172.217.160.0-255,7156,11883,73,298939
5938,4.7e-05,172.31.40.0-255,66,11949,73,298939
5939,7.3e-05,172.217.160.0-255,2156,14105,73,298939
5940,7.6e-05,172.31.40.0-255,66,14171,73,298939
5941,9.7e-05,172.217.160.0-255,2902,17073,73,298939
5942,9.9e-05,172.31.40.0-255,66,17139,73,298939
5943,0.000126,172.217.160.0-255,7156,24295,73,298939
5944,0.000129,172.31.40.0-255,66,24361,73,298939
5945,0.000136,172.217.160.0-255,6797,31158,73,298939
5946,0.000138,172.31.40.0-255,66,31224,73,298939
5947,0.000187,172.217.160.0-255,1484,32708,73,298939
5948,0.00019,172.31.40.0-255,66,32774,73,298939
5949,0.00021,172.217.160.0-255,2902,35676,73,298939
5950,0.000212,172.31.40.0-255,66,35742,73,298939
5951,0.000232,172.217.160.0-255,4320,40062,73,298939
5952,0.000234,172.31.40.0-255,66,40128,73,298939
5953,0.000278,172.217.160.0-255,5738,45866,73,298939
5954,0.000282,172.31.40.0-255,66,45932,73,298939
5955,0.0003,172.217.160.0-255,2543,48475,73,298939
5956,0.000303,172.31.40.0-255,66,48541,73,298939
5957,0.000314,172.31.40.0-255,66,48607,73,298939
5958,0.000343,172.217.160.0-255,4320,52927,73,298939
5959,0.000345,172.31.40.0-255,66,52993,73,298939
5960,0.000364,172.217.160.0-255,4230,57223,73,298939
5961,0.000366,172.31.40.0-255,66,57289,73,298939
5962,0.000654,172.217.160.0-255,124,57413,73,298939
5963,0.000766,172.217.160.0-255,1484,58897,73,298939
5964,0.00077,172.31.40.0-255,66,58963,73,298939
5965,0.000775,172.217.160.0-255,2902,61865,73,298939
5966,0.000777,172.31.40.0-255,66,61931,73,298939
5967,0.000798,172.217.160.0-255,1484,63415,73,298939
5968,0.000822,172.217.160.0-255,4320,67735,73,298939
5969,0.000825,172.31.40.0-255,66,67801,73,298939
5970,0.000838,172.31.40.0-255,66,67867,73,298939
5971,0.000843,172.217.160.0-255,2902,70769,73,298939
5972,0.000844,172.31.40.0-255,66,70835,73,298939
5973,0.000852,172.217.160.0-255,6797,77632,73,298939
5974,0.000855,172.31.40.0-255,66,77698,73,298939
5975,0.001466,172.217.160.0-255,1484,79182,73,298939
5976,0.001474,172.217.160.0-255,2902,82084,73,298939
5977,0.001479,172.31.40.0-255,66,82150,73,298939
5978,0.0015,172.217.160.0-255,2902,85052,73,298939
5979,0.001502,172.31.40.0-255,66,85118,73,298939
5980,0.001521,172.217.160.0-255,2902,88020,73,298939
5981,0.001523,172.31.40.0-255,66,88086,73,298939
5982,0.001529,172.217.160.0-255,4320,92406,73,298939
5983,0.001531,172.31.40.0-255,66,92472,73,298939
5984,0.001545,172.217.160.0-255,2902,95374,73,298939
5985,0.001548,172.31.40.0-255,66,95440,73,298939
5986,0.001551,172.217.160.0-255,1484,96924,73,298939
5987,0.001565,172.217.160.0-255,2902,99826,73,298939
5988,0.001568,172.31.40.0-255,66,99892,73,298939
5989,0.001604,172.31.40.0-255,66,99958,73,298939
5990,0.001608,172.217.160.0-255,2184,102142,73,298939
5991,0.00161,172.31.40.0-255,66,102208,73,298939
5992,0.001708,172.217.160.0-255,1484,103692,73,298939
5993,0.001715,172.217.160.0-255,2902,106594,73,298939
5994,0.001718,172.31.40.0-255,66,106660,73,298939
5995,0.001744,172.217.160.0-255,4320,110980,73,298939
5996,0.001746,172.31.40.0-255,66,111046,73,298939
5997,0.00176,172.217.160.0-255,1484,112530,73,298939
5998,0.001766,172.217.160.0-255,5738,118268,73,298939
5999,0.001769,172.31.40.0-255,66,118334,73,298939
6000,0.00179,172.217.160.0-255,7156,125490,73,298939
6001,0.001793,172.31.40.0-255,66,125556,73,298939
6002,0.003435,172.217.160.0-255,5738,131294,73,298939
6003,0.003443,172.31.40.0-255,66,131360,73,298939
6004,0.005083,172.217.160.0-255,4320,135680,73,298939
6005,0.005086,172.31.40.0-255,66,135746,73,298939
6006,0.005103,172.217.160.0-255,1484,137230,73,298939
6007,0.006733,172.217.160.0-255,4320,141550,73,298939
6008,0.006739,172.31.40.0-255,66,141616,73,298939
6009,0.008383,172.217.160.0-255,5738,147354,73,298939
6010,0.00839,172.31.40.0-255,66,147420,73,298939
6011,0.010044,172.217.160.0-255,5738,153158,73,298939
6012,0.010051,172.31.40.0-255,66,153224,73,298939
6013,0.011698,172.217.160.0-255,5738,158962,73,298939
6014,0.011706,172.31.40.0-255,66,159028,73,298939
6015,0.013351,172.217.160.0-255,5738,164766,73,298939
6016,0.013358,172.31.40.0-255,66,164832,73,298939
6017,0.015002,172.217.160.0-255,5738,170570,73,298939
6018,0.015009,172.31.40.0-255,66,170636,73,298939
6019,0.016657,172.217.160.0-255,5738,176374,73,298939
6020,0.016664,172.31.40.0-255,66,176440,73,298939
6021,0.018316,172.217.160.0-255,5738,182178,73,298939
6022,0.018323,172.31.40.0-255,66,182244,73,298939
6023,0.019975,172.217.160.0-255,5738,187982,73,298939
6024,0.019981,172.31.40.0-255,66,188048,73,298939
6025,0.021643,172.217.160.0-255,5738,193786,73,298939
6026,0.021651,172.31.40.0-255,66,193852,73,298939
6027,0.023296,172.217.160.0-255,5738,199590,73,298939
6028,0.023303,172.31.40.0-255,66,199656,73,298939
6029,0.024957,172.217.160.0-255,5738,205394,73,298939
6030,0.024964,172.31.40.0-255,66,205460,73,298939
6031,0.025183,172.31.40.0-255,172,205632,73,298939
6032,0.025212,172.31.40.0-255,1110,206742,73,298939
6033,0.02544,172.31.40.0-255,1514,208256,73,298939
6034,0.025442,172.31.40.0-255,1514,209770,73,298939
6035,0.025448,172.31.40.0-255,1514,211284,73,298939
6036,0.025449,172.31.40.0-255,331,211615,73,298939
6037,0.026617,172.217.160.0-255,5738,217353,73,298939
6038,0.026623,172.31.40.0-255,66,217419,73,298939
6039,0.026748,104.244.42.0-255,66,217485,73,298939
6040,0.026756,104.244.42.0-255,66,217551,73,298939
6041,0.026984,104.244.42.0-255,66,217617,73,298939
6042,0.026991,104.244.42.0-255,66,217683,73,298939
6043,0.028287,172.217.160.0-255,5738,223421,73,298939
6044,0.028293,172.31.40.0-255,66,223487,73,298939
6045,0.029982,172.217.160.0-255,5738,229225,73,298939
6046,0.029994,172.31.40.0-255,66,229291,73,298939
6047,0.031664,172.217.160.0-255,5738,235029,73,298939
6048,0.031678,172.31.40.0-255,66,235095,73,298939
6049,0.033345,172.217.160.0-255,5738,240833,73,298939
6050,0.033357,172.31.40.0-255,66,240899,73,298939
6051,0.035019,172.217.160.0-255,5738,246637,73,298939
6052,0.035026,172.31.40.0-255,66,246703,73,298939
6053,0.036681,172.217.160.0-255,5738,252441,73,298939
6054,0.036688,172.31.40.0-255,66,252507,73,298939
6055,0.038348,172.217.160.0-255,5738,258245,73,298939
6056,0.038354,172.31.40.0-255,66,258311,73,298939
6057,0.040007,172.217.160.0-255,5738,264049,73,298939
6058,0.040013,172.31.40.0-255,66,264115,73,298939
6059,0.041662,172.217.160.0-255,5738,269853,73,298939
6060,0.041673,172.31.40.0-255,66,269919,73,298939
6061,0.043338,172.217.160.0-255,5738,275657,73,298939
6062,0.043344,172.31.40.0-255,66,275723,73,298939
6063,0.045006,172.217.160.0-255,5738,281461,73,298939
6064,0.045013,172.31.40.0-255,66,281527,73,298939
6065,0.046671,172.217.160.0-255,5738,287265,73,298939
6066,0.046677,172.31.40.0-255,66,287331,73,298939
6067,0.048325,172.217.160.0-255,5738,293069,73,298939
6068,0.048332,172.31.40.0-255,66,293135,73,298939
6069,0.049983,172.217.160.0-255,5738,298873,73,298939
6070,0.04999,172.31.40.0-255,66,298939,73,298939
6071,0.0,172.31.40.0-255,160,160,73,226
6072,0.006894,74.125.24.0-255,66,226,73,226
6073,0.0,172.217.194.0-255,150,150,73,269366
6074,2.3e-05,172.31.40.0-255,66,216,73,269366
6075,3.1e-05,172.217.194.0-255,1484,1700,73,269366
6076,3.5e-05,172.31.40.0-255,66,1766,73,269366
6077,4.1e-05,172.217.194.0-255,2902,4668,73,269366
6078,5.1e-05,172.31.40.0-255,66,4734,73,269366
6079,5.9e-05,172.217.194.0-255,5738,10472,73,269366
6080,6.2e-05,172.31.40.0-255,66,10538,73,269366
6081,0.0001,172.217.194.0-255,3381,13919,73,269366
6082,0.000103,172.31.40.0-255,66,13985,73,269366
6083,0.000167,172.217.194.0-255,1484,15469,73,269366
6084,0.00017,172.31.40.0-255,66,15535,73,269366
6085,0.000174,172.217.194.0-255,1484,17019,73,269366
6086,0.000176,172.31.40.0-255,66,17085,73,269366
6087,0.000197,172.217.194.0-255,1484,18569,73,269366
6088,0.0002,172.31.40.0-255,66,18635,73,269366
6089,0.000211,172.217.194.0-255,5738,24373,73,269366
6090,0.000214,172.31.40.0-255,66,24439,73,269366
6091,0.000243,172.217.194.0-255,2902,27341,73,269366
6092,0.000245,172.31.40.0-255,66,27407,73,269366
6093,0.000272,172.31.40.0-255,66,27473,73,269366
6094,0.000308,172.31.40.0-255,66,27539,73,269366
6095,0.000641,172.217.194.0-255,1484,29023,73,269366
6096,0.000646,172.31.40.0-255,66,29089,73,269366
6097,0.000652,172.217.194.0-255,2902,31991,73,269366
6098,0.000655,172.31.40.0-255,66,32057,73,269366
6099,0.000686,172.217.194.0-255,5738,37795,73,269366
6100,0.000689,172.31.40.0-255,66,37861,73,269366
6101,0.000696,172.217.194.0-255,5738,43599,73,269366
6102,0.000699,172.31.40.0-255,66,43665,73,269366
6103,0.000725,172.217.194.0-255,1125,44790,73,269366
6104,0.000746,172.217.194.0-255,7156,51946,73,269366
6105,0.000761,172.31.40.0-255,66,52012,73,269366
6106,0.000784,172.31.40.0-255,66,52078,73,269366
6107,0.000841,172.217.194.0-255,1348,53426,73,269366
6108,0.000853,172.31.40.0-255,66,53492,73,269366
6109,0.000939,172.217.194.0-255,1484,54976,73,269366
6110,0.00096,172.217.194.0-255,2902,57878,73,269366
6111,0.000977,172.217.194.0-255,5738,63616,73,269366
6112,0.001007,172.217.194.0-255,7156,70772,73,269366
6113,0.001015,172.31.40.0-255,66,70838,73,269366
6114,0.001026,172.217.194.0-255,4320,75158,73,269366
6115,0.001079,172.217.194.0-255,766,75924,73,269366
6116,0.001094,172.31.40.0-255,66,75990,73,269366
6117,0.001197,172.217.194.0-255,1484,77474,73,269366
6118,0.001201,172.217.194.0-255,1484,78958,73,269366
6119,0.001203,172.31.40.0-255,66,79024,73,269366
6120,0.001238,172.217.194.0-255,1484,80508,73,269366
6121,0.001244,172.217.194.0-255,5738,86246,73,269366
6122,0.001265,172.217.194.0-255,2902,89148,73,269366
6123,0.00127,172.217.194.0-255,5738,94886,73,269366
6124,0.001282,172.31.40.0-255,66,94952,73,269366
6125,0.001293,172.217.194.0-255,5020,99972,73,269366
6126,0.001304,172.31.40.0-255,66,100038,73,269366
6127,0.001385,172.217.194.0-255,1484,101522,73,269366
6128,0.001391,172.217.194.0-255,2902,104424,73,269366
6129,0.001398,172.31.40.0-255,66,104490,73,269366
6130,0.00141,172.217.194.0-255,5738,110228,73,269366
6131,0.00142,172.31.40.0-255,66,110294,73,269366
6132,0.001463,172.217.194.0-255,2902,113196,73,269366
6133,0.001468,172.31.40.0-255,66,113262,73,269366
6134,0.001509,172.31.40.0-255,66,113328,73,269366
6135,0.002111,172.217.194.0-255,1484,114812,73,269366
6136,0.002119,172.217.194.0-255,2902,117714,73,269366
6137,0.002123,172.31.40.0-255,66,117780,73,269366
6138,0.002131,172.217.194.0-255,5738,123518,73,269366
6139,0.002148,172.31.40.0-255,66,123584,73,269366
6140,0.002182,172.217.194.0-255,4320,127904,73,269366
6141,0.002207,172.217.194.0-255,2184,130088,73,269366
6142,0.002213,172.31.40.0-255,66,130154,73,269366
6143,0.002241,172.217.194.0-255,1484,131638,73,269366
6144,0.002246,172.217.194.0-255,2902,134540,73,269366
6145,0.002248,172.217.194.0-255,1484,136024,73,269366
6146,0.002264,172.217.194.0-255,4320,140344,73,269366
6147,0.00228,172.31.40.0-255,66,140410,73,269366
6148,0.002287,172.217.194.0-255,7156,147566,73,269366
6149,0.002296,172.217.194.0-255,4320,151886,73,269366
6150,0.002328,172.217.194.0-255,2184,154070,73,269366
6151,0.002412,172.217.194.0-255,1484,155554,73,269366
6152,0.002443,172.217.194.0-255,2902,158456,73,269366
6153,0.002463,172.217.194.0-255,5738,164194,73,269366
6154,0.002482,172.217.194.0-255,5738,169932,73,269366
6155,0.002505,172.217.194.0-255,7156,177088,73,269366
6156,0.00251,172.217.194.0-255,2902,179990,73,269366
6157,0.00254,172.217.194.0-255,5738,185728,73,269366
6158,0.002555,172.217.194.0-255,2184,187912,73,269366
6159,0.009707,172.31.40.0-255,66,187978,73,269366
6160,0.012275,172.217.194.0-255,5738,193716,73,269366
6161,0.012289,172.31.40.0-255,66,193782,73,269366
6162,0.014827,172.217.194.0-255,5738,199520,73,269366
6163,0.014835,172.31.40.0-255,66,199586,73,269366
6164,0.017381,172.217.194.0-255,5738,205324,73,269366
6165,0.0174,172.31.40.0-255,66,205390,73,269366
6166,0.019945,172.217.194.0-255,5738,211128,73,269366
6167,0.019954,172.31.40.0-255,66,211194,73,269366
6168,0.022502,172.217.194.0-255,5738,216932,73,269366
6169,0.024583,172.31.40.0-255,66,216998,73,269366
6170,0.027119,172.217.194.0-255,5738,222736,73,269366
6171,0.027132,172.31.40.0-255,66,222802,73,269366
6172,0.029678,172.217.194.0-255,5738,228540,73,269366
6173,0.029746,172.31.40.0-255,66,228606,73,269366
6174,0.032281,172.217.194.0-255,5738,234344,73,269366
6175,0.032288,172.31.40.0-255,66,234410,73,269366
6176,0.034847,172.217.194.0-255,5738,240148,73,269366
6177,0.034854,172.31.40.0-255,66,240214,73,269366
6178,0.037404,172.217.194.0-255,5738,245952,73,269366
6179,0.037414,172.31.40.0-255,66,246018,73,269366
6180,0.039996,172.217.194.0-255,5738,251756,73,269366
6181,0.040013,172.31.40.0-255,66,251822,73,269366
6182,0.04255,172.217.194.0-255,2902,254724,73,269366
6183,0.042557,172.31.40.0-255,66,254790,73,269366
6184,0.042583,172.217.194.0-255,2902,257692,73,269366
6185,0.042607,172.31.40.0-255,66,257758,73,269366
6186,0.045148,172.217.194.0-255,5738,263496,73,269366
6187,0.045191,172.31.40.0-255,66,263562,73,269366
6188,0.047752,172.217.194.0-255,5738,269300,73,269366
6189,0.047771,172.31.40.0-255,66,269366,73,269366
6190,0.0,172.217.194.0-255,216,216,73,217524
6191,2.1e-05,172.31.40.0-255,66,282,73,217524
6192,2.9e-05,172.217.194.0-255,1484,1766,73,217524
6193,3.3e-05,172.31.40.0-255,66,1832,73,217524
6194,3.9e-05,172.217.194.0-255,4320,6152,73,217524
6195,4.2e-05,172.31.40.0-255,66,6218,73,217524
6196,5.7e-05,172.217.194.0-255,7156,13374,73,217524
6197,6e-05,172.31.40.0-255,66,13440,73,217524
6198,0.000106,172.31.40.0-255,66,13506,73,217524
6199,0.000108,172.217.194.0-255,1125,14631,73,217524
6200,0.000111,172.31.40.0-255,66,14697,73,217524
6201,0.000208,172.217.194.0-255,1484,16181,73,217524
6202,0.000211,172.31.40.0-255,66,16247,73,217524
6203,0.000216,172.217.194.0-255,2902,19149,73,217524
6204,0.000218,172.31.40.0-255,66,19215,73,217524
6205,0.000238,172.217.194.0-255,5738,24953,73,217524
6206,0.00024,172.31.40.0-255,66,25019,73,217524
6207,0.000249,172.217.194.0-255,4320,29339,73,217524
6208,0.000253,172.31.40.0-255,66,29405,73,217524
6209,0.000299,172.31.40.0-255,66,29471,73,217524
6210,0.000307,172.217.194.0-255,7059,36530,73,217524
6211,0.00031,172.31.40.0-255,66,36596,73,217524
6212,0.000335,172.217.194.0-255,114,36710,73,217524
6213,0.000338,172.31.40.0-255,66,36776,73,217524
6214,0.000414,172.217.194.0-255,1484,38260,73,217524
6215,0.000417,172.31.40.0-255,66,38326,73,217524
6216,0.000422,172.217.194.0-255,2902,41228,73,217524
6217,0.000425,172.31.40.0-255,66,41294,73,217524
6218,0.000456,172.217.194.0-255,5738,47032,73,217524
6219,0.000459,172.31.40.0-255,66,47098,73,217524
6220,0.000465,172.217.194.0-255,5738,52836,73,217524
6221,0.000468,172.31.40.0-255,66,52902,73,217524
6222,0.000485,172.31.40.0-255,66,52968,73,217524
6223,0.000517,172.217.194.0-255,2902,55870,73,217524
6224,0.00052,172.31.40.0-255,66,55936,73,217524
6225,0.000526,172.217.194.0-255,5334,61270,73,217524
6226,0.000528,172.31.40.0-255,66,61336,73,217524
6227,0.000884,172.217.194.0-255,1484,62820,73,217524
6228,0.000893,172.217.194.0-255,2902,65722,73,217524
6229,0.000897,172.31.40.0-255,66,65788,73,217524
6230,0.000904,172.217.194.0-255,5738,71526,73,217524
6231,0.000907,172.31.40.0-255,66,71592,73,217524
6232,0.000958,172.217.194.0-255,4320,75912,73,217524
6233,0.00096,172.31.40.0-255,66,75978,73,217524
6234,0.000994,172.31.40.0-255,66,76044,73,217524
6235,0.001012,172.31.40.0-255,66,76110,73,217524
6236,0.001671,172.217.194.0-255,1484,77594,73,217524
6237,0.001676,172.217.194.0-255,2902,80496,73,217524
6238,0.001679,172.217.194.0-255,2902,83398,73,217524
6239,0.00169,172.31.40.0-255,66,83464,73,217524
6240,0.001693,172.31.40.0-255,66,83530,73,217524
6241,0.001698,172.217.194.0-255,2902,86432,73,217524
6242,0.0017,172.31.40.0-255,66,86498,73,217524
6243,0.001705,172.217.194.0-255,4320,90818,73,217524
6244,0.001707,172.31.40.0-255,66,90884,73,217524
6245,0.001745,172.31.40.0-255,66,90950,73,217524
6246,0.001776,172.217.194.0-255,7156,98106,73,217524
6247,0.001779,172.31.40.0-255,66,98172,73,217524
6248,0.001803,172.217.194.0-255,3602,101774,73,217524
6249,0.001805,172.31.40.0-255,66,101840,73,217524
6250,0.001926,172.217.194.0-255,1484,103324,73,217524
6251,0.00193,172.217.194.0-255,1484,104808,73,217524
6252,0.001932,172.31.40.0-255,66,104874,73,217524
6253,0.001958,172.217.194.0-255,1484,106358,73,217524
6254,0.001964,172.217.194.0-255,5738,112096,73,217524
6255,0.001967,172.31.40.0-255,66,112162,73,217524
6256,0.001973,172.217.194.0-255,7156,119318,73,217524
6257,0.001975,172.31.40.0-255,66,119384,73,217524
6258,0.002,172.217.194.0-255,5738,125122,73,217524
6259,0.002002,172.31.40.0-255,66,125188,73,217524
6260,0.002028,172.217.194.0-255,5738,130926,73,217524
6261,0.00203,172.31.40.0-255,66,130992,73,217524
6262,0.002055,172.217.194.0-255,5020,136012,73,217524
6263,0.002057,172.31.40.0-255,66,136078,73,217524
6264,0.002061,172.217.194.0-255,2902,138980,73,217524
6265,0.002063,172.31.40.0-255,66,139046,73,217524
6266,0.002101,172.217.194.0-255,7156,146202,73,217524
6267,0.002103,172.217.194.0-255,1484,147686,73,217524
6268,0.002106,172.31.40.0-255,66,147752,73,217524
6269,0.002108,172.31.40.0-255,66,147818,73,217524
6270,0.002157,172.31.40.0-255,66,147884,73,217524
6271,0.002161,172.217.194.0-255,2184,150068,73,217524
6272,0.002163,172.31.40.0-255,66,150134,73,217524
6273,0.002207,172.217.194.0-255,1484,151618,73,217524
6274,0.00222,172.217.194.0-255,2902,154520,73,217524
6275,0.002222,172.31.40.0-255,66,154586,73,217524
6276,0.00225,172.217.194.0-255,5738,160324,73,217524
6277,0.002254,172.31.40.0-255,66,160390,73,217524
6278,0.002272,172.31.40.0-255,66,160456,73,217524
6279,0.002295,172.217.194.0-255,2902,163358,73,217524
6280,0.002297,172.31.40.0-255,66,163424,73,217524
6281,0.002302,172.217.194.0-255,4320,167744,73,217524
6282,0.002304,172.31.40.0-255,66,167810,73,217524
6283,0.002306,172.217.194.0-255,1484,169294,73,217524
6284,0.002315,172.217.194.0-255,5020,174314,73,217524
6285,0.002317,172.31.40.0-255,66,174380,73,217524
6286,0.00239,172.217.194.0-255,1484,175864,73,217524
6287,0.002395,172.217.194.0-255,2902,178766,73,217524
6288,0.002398,172.31.40.0-255,66,178832,73,217524
6289,0.002424,172.217.194.0-255,5738,184570,73,217524
6290,0.002427,172.31.40.0-255,66,184636,73,217524
6291,0.00243,172.217.194.0-255,1484,186120,73,217524
6292,0.002432,172.217.194.0-255,1484,187604,73,217524
6293,0.002434,172.31.40.0-255,66,187670,73,217524
6294,0.002466,172.31.40.0-255,66,187736,73,217524
6295,0.002501,172.31.40.0-255,66,187802,73,217524
6296,0.002511,172.31.40.0-255,66,187868,73,217524
6297,0.002521,172.217.194.0-255,7156,195024,73,217524
6298,0.002523,172.31.40.0-255,66,195090,73,217524
6299,0.002526,172.217.194.0-255,1484,196574,73,217524
6300,0.002528,172.217.194.0-255,1484,198058,73,217524
6301,0.00253,172.31.40.0-255,66,198124,73,217524
6302,0.002611,172.31.40.0-255,66,198190,73,217524
6303,0.002654,172.31.40.0-255,66,198256,73,217524
6304,0.002658,172.217.194.0-255,2902,201158,73,217524
6305,0.002659,172.217.194.0-255,766,201924,73,217524
6306,0.002669,172.31.40.0-255,66,201990,73,217524
6307,0.002703,172.217.194.0-255,4320,206310,73,217524
6308,0.002712,172.31.40.0-255,66,206376,73,217524
6309,0.002736,172.31.40.0-255,66,206442,73,217524
6310,0.00278,172.217.194.0-255,4487,210929,73,217524
6311,0.002782,172.217.194.0-255,105,211034,73,217524
6312,0.002784,172.31.40.0-255,66,211100,73,217524
6313,0.002789,172.31.40.0-255,66,211166,73,217524
6314,0.004673,172.31.40.0-255,105,211271,73,217524
6315,0.006662,172.217.194.0-255,66,211337,73,217524
6316,0.049259,172.31.40.0-255,172,211509,73,217524
6317,0.049298,172.31.40.0-255,1114,212623,73,217524
6318,0.04936,172.31.40.0-255,1514,214137,73,217524
6319,0.049362,172.31.40.0-255,1514,215651,73,217524
6320,0.049367,172.31.40.0-255,1514,217165,73,217524
6321,0.049368,172.31.40.0-255,359,217524,73,217524
6322,0.0,74.125.24.0-255,66,66,73,66
6323,0.0,172.217.194.0-255,146,146,73,248049
6324,2.2e-05,172.31.40.0-255,66,212,73,248049
6325,3e-05,172.217.194.0-255,1484,1696,73,248049
6326,3.5e-05,172.31.40.0-255,66,1762,73,248049
6327,4.2e-05,172.217.194.0-255,2902,4664,73,248049
6328,4.7e-05,172.31.40.0-255,66,4730,73,248049
6329,5.1e-05,172.217.194.0-255,1484,6214,73,248049
6330,5.3e-05,172.31.40.0-255,66,6280,73,248049
6331,8e-05,172.217.194.0-255,4320,10600,73,248049
6332,8.3e-05,172.31.40.0-255,66,10666,73,248049
6333,8.9e-05,172.217.194.0-255,4320,14986,73,248049
6334,9.2e-05,172.31.40.0-255,66,15052,73,248049
6335,0.00011,172.217.194.0-255,722,15774,73,248049
6336,0.000112,172.31.40.0-255,66,15840,73,248049
6337,0.000119,172.217.194.0-255,5738,21578,73,248049
6338,0.000122,172.31.40.0-255,66,21644,73,248049
6339,0.000126,172.217.194.0-255,2902,24546,73,248049
6340,0.000128,172.31.40.0-255,66,24612,73,248049
6341,0.000168,172.31.40.0-255,66,24678,73,248049
6342,0.000179,172.31.40.0-255,66,24744,73,248049
6343,0.000182,172.217.194.0-255,1484,26228,73,248049
6344,0.000184,172.31.40.0-255,66,26294,73,248049
6345,0.00022,172.31.40.0-255,66,26360,73,248049
6346,0.000232,172.31.40.0-255,66,26426,73,248049
6347,0.000235,172.217.194.0-255,1484,27910,73,248049
6348,0.000237,172.31.40.0-255,66,27976,73,248049
6349,0.000259,172.217.194.0-255,1715,29691,73,248049
6350,0.000261,172.31.40.0-255,66,29757,73,248049
6351,0.000352,172.217.194.0-255,1484,31241,73,248049
6352,0.00036,172.217.194.0-255,2902,34143,73,248049
6353,0.000363,172.31.40.0-255,66,34209,73,248049
6354,0.000385,172.217.194.0-255,5738,39947,73,248049
6355,0.000388,172.31.40.0-255,66,40013,73,248049
6356,0.000406,172.217.194.0-255,1484,41497,73,248049
6357,0.000437,172.31.40.0-255,66,41563,73,248049
6358,0.000508,172.31.40.0-255,66,41629,73,248049
6359,0.000562,172.217.194.0-255,1484,43113,73,248049
6360,0.000568,172.217.194.0-255,2902,46015,73,248049
6361,0.00059,172.217.194.0-255,5738,51753,73,248049
6362,0.000595,172.217.194.0-255,2902,54655,73,248049
6363,0.000604,172.31.40.0-255,66,54721,73,248049
6364,0.000624,172.31.40.0-255,66,54787,73,248049
6365,0.000681,172.217.194.0-255,2902,57689,73,248049
6366,0.000695,172.31.40.0-255,66,57755,73,248049
6367,0.000718,172.217.194.0-255,5738,63493,73,248049
6368,0.000729,172.31.40.0-255,66,63559,73,248049
6369,0.000755,172.217.194.0-255,5020,68579,73,248049
6370,0.00077,172.31.40.0-255,66,68645,73,248049
6371,0.000791,172.217.194.0-255,1484,70129,73,248049
6372,0.000809,172.217.194.0-255,2902,73031,73,248049
6373,0.000815,172.217.194.0-255,4320,77351,73,248049
6374,0.00082,172.31.40.0-255,66,77417,73,248049
6375,0.000827,172.217.194.0-255,1484,78901,73,248049
6376,0.000838,172.217.194.0-255,1484,80385,73,248049
6377,0.000852,172.217.194.0-255,4320,84705,73,248049
6378,0.000868,172.217.194.0-255,7156,91861,73,248049
6379,0.000875,172.217.194.0-255,5738,97599,73,248049
6380,0.000882,172.31.40.0-255,66,97665,73,248049
6381,0.000892,172.217.194.0-255,4320,101985,73,248049
6382,0.000904,172.217.194.0-255,2902,104887,73,248049
6383,0.000906,172.31.40.0-255,66,104953,73,248049
6384,0.000928,172.217.194.0-255,3602,108555,73,248049
6385,0.000935,172.217.194.0-255,7156,115711,73,248049
6386,0.000943,172.31.40.0-255,66,115777,73,248049
6387,0.001001,172.217.194.0-255,5020,120797,73,248049
6388,0.001007,172.31.40.0-255,66,120863,73,248049
6389,0.001157,172.217.194.0-255,1484,122347,73,248049
6390,0.001164,172.217.194.0-255,2902,125249,73,248049
6391,0.001168,172.217.194.0-255,2902,128151,73,248049
6392,0.00118,172.217.194.0-255,2902,131053,73,248049
6393,0.001196,172.31.40.0-255,66,131119,73,248049
6394,0.0012,172.217.194.0-255,2902,134021,73,248049
6395,0.001205,172.31.40.0-255,66,134087,73,248049
6396,0.001259,172.31.40.0-255,66,134153,73,248049
6397,0.001282,172.217.194.0-255,1484,135637,73,248049
6398,0.001287,172.217.194.0-255,2902,138539,73,248049
6399,0.001298,172.217.194.0-255,1484,140023,73,248049
6400,0.001311,172.31.40.0-255,66,140089,73,248049
6401,0.001317,172.217.194.0-255,4320,144409,73,248049
6402,0.001319,172.217.194.0-255,1484,145893,73,248049
6403,0.001325,172.31.40.0-255,66,145959,73,248049
6404,0.001346,172.217.194.0-255,4320,150279,73,248049
6405,0.001369,172.217.194.0-255,4320,154599,73,248049
6406,0.001373,172.31.40.0-255,66,154665,73,248049
6407,0.001377,172.31.40.0-255,66,154731,73,248049
6408,0.001396,172.217.194.0-255,5020,159751,73,248049
6409,0.001411,172.31.40.0-255,66,159817,73,248049
6410,0.001428,172.217.194.0-255,1484,161301,73,248049
6411,0.001432,172.217.194.0-255,2902,164203,73,248049
6412,0.00147,172.217.194.0-255,2902,167105,73,248049
6413,0.001492,172.217.194.0-255,2902,170007,73,248049
6414,0.001523,172.217.194.0-255,1484,171491,73,248049
6415,0.001528,172.31.40.0-255,66,171557,73,248049
6416,0.001535,172.217.194.0-255,1484,173041,73,248049
6417,0.001553,172.217.194.0-255,2902,175943,73,248049
6418,0.001561,172.217.194.0-255,7156,183099,73,248049
6419,0.001566,172.217.194.0-255,4320,187419,73,248049
6420,0.001581,172.31.40.0-255,66,187485,73,248049
6421,0.001597,172.217.194.0-255,6438,193923,73,248049
6422,0.001604,172.31.40.0-255,66,193989,73,248049
6423,0.001638,172.217.194.0-255,4320,198309,73,248049
6424,0.001643,172.31.40.0-255,66,198375,73,248049
6425,0.001654,172.217.194.0-255,5738,204113,73,248049
6426,0.001659,172.31.40.0-255,66,204179,73,248049
6427,0.00167,172.217.194.0-255,5738,209917,73,248049
6428,0.001689,172.217.194.0-255,7156,217073,73,248049
6429,0.001696,172.217.194.0-255,7156,224229,73,248049
6430,0.001707,172.31.40.0-255,66,224295,73,248049
6431,0.001719,172.217.194.0-255,3602,227897,73,248049
6432,0.001725,172.217.194.0-255,7156,235053,73,248049
6433,0.001751,172.217.194.0-255,2902,237955,73,248049
6434,0.001755,172.31.40.0-255,66,238021,73,248049
6435,0.001766,172.217.194.0-255,3632,241653,73,248049
6436,0.001768,172.217.194.0-255,105,241758,73,248049
6437,0.001771,172.31.40.0-255,66,241824,73,248049
6438,0.001798,172.31.40.0-255,66,241890,73,248049
6439,0.004587,172.31.40.0-255,105,241995,73,248049
6440,0.007167,172.217.194.0-255,66,242061,73,248049
6441,0.049108,172.31.40.0-255,172,242233,73,248049
6442,0.049145,172.31.40.0-255,1116,243349,73,248049
6443,0.049209,172.31.40.0-255,1514,244863,73,248049
6444,0.049212,172.31.40.0-255,1514,246377,73,248049
6445,0.049217,172.31.40.0-255,1514,247891,73,248049
6446,0.049218,172.31.40.0-255,158,248049,73,248049
6447,0.0,172.217.194.0-255,148,148,73,220619
6448,2.5e-05,172.31.40.0-255,66,214,73,220619
6449,5.1e-05,172.217.194.0-255,1484,1698,73,220619
6450,5.5e-05,172.31.40.0-255,66,1764,73,220619
6451,6e-05,172.217.194.0-255,2902,4666,73,220619
6452,6.3e-05,172.31.40.0-255,66,4732,73,220619
6453,6.8e-05,172.217.194.0-255,2902,7634,73,220619
6454,7e-05,172.31.40.0-255,66,7700,73,220619
6455,9.2e-05,172.217.194.0-255,4320,12020,73,220619
6456,9.5e-05,172.31.40.0-255,66,12086,73,220619
6457,0.000111,172.31.40.0-255,66,12152,73,220619
6458,0.000169,172.31.40.0-255,66,12218,73,220619
6459,0.000194,172.217.194.0-255,1484,13702,73,220619
6460,0.000197,172.31.40.0-255,66,13768,73,220619
6461,0.000201,172.217.194.0-255,2902,16670,73,220619
6462,0.000203,172.31.40.0-255,66,16736,73,220619
6463,0.000215,172.217.194.0-255,5738,22474,73,220619
6464,0.000217,172.31.40.0-255,66,22540,73,220619
6465,0.00022,172.217.194.0-255,1484,24024,73,220619
6466,0.000222,172.31.40.0-255,66,24090,73,220619
6467,0.000255,172.217.194.0-255,5379,29469,73,220619
6468,0.00026,172.31.40.0-255,66,29535,73,220619
6469,0.000267,172.217.194.0-255,7156,36691,73,220619
6470,0.000269,172.31.40.0-255,66,36757,73,220619
6471,0.000315,172.31.40.0-255,66,36823,73,220619
6472,0.000486,172.217.194.0-255,1484,38307,73,220619
6473,0.00049,172.31.40.0-255,66,38373,73,220619
6474,0.000504,172.217.194.0-255,2902,41275,73,220619
6475,0.000511,172.31.40.0-255,66,41341,73,220619
6476,0.000519,172.217.194.0-255,5738,47079,73,220619
6477,0.000533,172.31.40.0-255,66,47145,73,220619
6478,0.000575,172.31.40.0-255,66,47211,73,220619
6479,0.000637,172.31.40.0-255,66,47277,73,220619
6480,0.001195,172.217.194.0-255,1484,48761,73,220619
6481,0.001206,172.217.194.0-255,2902,51663,73,220619
6482,0.00121,172.31.40.0-255,66,51729,73,220619
6483,0.001216,172.217.194.0-255,2902,54631,73,220619
6484,0.001245,172.217.194.0-255,2902,57533,73,220619
6485,0.001289,172.217.194.0-255,2184,59717,73,220619
6486,0.001305,172.31.40.0-255,66,59783,73,220619
6487,0.00213,172.217.194.0-255,1484,61267,73,220619
6488,0.002139,172.217.194.0-255,2902,64169,73,220619
6489,0.002142,172.31.40.0-255,66,64235,73,220619
6490,0.002149,172.217.194.0-255,5738,69973,73,220619
6491,0.0022,172.217.194.0-255,5738,75711,73,220619
6492,0.002203,172.31.40.0-255,66,75777,73,220619
6493,0.002207,172.31.40.0-255,66,75843,73,220619
6494,0.002219,172.217.194.0-255,1484,77327,73,220619
6495,0.002247,172.217.194.0-255,3602,80929,73,220619
6496,0.002262,172.31.40.0-255,66,80995,73,220619
6497,0.002371,172.217.194.0-255,1484,82479,73,220619
6498,0.002375,172.217.194.0-255,2902,85381,73,220619
6499,0.002405,172.217.194.0-255,1484,86865,73,220619
6500,0.002408,172.31.40.0-255,66,86931,73,220619
6501,0.00242,172.217.194.0-255,4320,91251,73,220619
6502,0.002424,172.217.194.0-255,2902,94153,73,220619
6503,0.002442,172.31.40.0-255,66,94219,73,220619
6504,0.002482,172.217.194.0-255,2902,97121,73,220619
6505,0.002496,172.31.40.0-255,66,97187,73,220619
6506,0.00252,172.217.194.0-255,2902,100089,73,220619
6507,0.002537,172.217.194.0-255,7156,107245,73,220619
6508,0.002549,172.31.40.0-255,66,107311,73,220619
6509,0.002565,172.217.194.0-255,3602,110913,73,220619
6510,0.002578,172.31.40.0-255,66,110979,73,220619
6511,0.005172,172.217.194.0-255,5738,116717,73,220619
6512,0.005177,172.31.40.0-255,66,116783,73,220619
6513,0.007768,172.217.194.0-255,5738,122521,73,220619
6514,0.007774,172.31.40.0-255,66,122587,73,220619
6515,0.010375,172.217.194.0-255,5738,128325,73,220619
6516,0.010383,172.31.40.0-255,66,128391,73,220619
6517,0.013003,172.217.194.0-255,5738,134129,73,220619
6518,0.013012,172.31.40.0-255,66,134195,73,220619
6519,0.015628,172.217.194.0-255,5738,139933,73,220619
6520,0.015639,172.31.40.0-255,66,139999,73,220619
6521,0.018277,172.217.194.0-255,5738,145737,73,220619
6522,0.018287,172.31.40.0-255,66,145803,73,220619
6523,0.020895,172.217.194.0-255,5738,151541,73,220619
6524,0.020904,172.31.40.0-255,66,151607,73,220619
6525,0.023534,172.217.194.0-255,5738,157345,73,220619
6526,0.023542,172.31.40.0-255,66,157411,73,220619
6527,0.024266,172.31.40.0-255,176,157587,73,220619
6528,0.024353,172.31.40.0-255,1115,158702,73,220619
6529,0.024433,172.31.40.0-255,1514,160216,73,220619
6530,0.024435,172.31.40.0-255,1514,161730,73,220619
6531,0.02444,172.31.40.0-255,1514,163244,73,220619
6532,0.024441,172.31.40.0-255,159,163403,73,220619
6533,0.025796,104.244.42.0-255,66,163469,73,220619
6534,0.025893,104.244.42.0-255,66,163535,73,220619
6535,0.025991,104.244.42.0-255,66,163601,73,220619
6536,0.025994,104.244.42.0-255,66,163667,73,220619
6537,0.026145,172.217.194.0-255,5738,169405,73,220619
6538,0.026151,172.31.40.0-255,66,169471,73,220619
6539,0.02878,172.217.194.0-255,5738,175209,73,220619
6540,0.028785,172.31.40.0-255,66,175275,73,220619
6541,0.031391,172.217.194.0-255,5738,181013,73,220619
6542,0.031397,172.31.40.0-255,66,181079,73,220619
6543,0.034007,172.217.194.0-255,5738,186817,73,220619
6544,0.034013,172.31.40.0-255,66,186883,73,220619
6545,0.036618,172.217.194.0-255,4320,191203,73,220619
6546,0.036623,172.31.40.0-255,66,191269,73,220619
6547,0.036656,172.217.194.0-255,1484,192753,73,220619
6548,0.039215,172.217.194.0-255,4320,197073,73,220619
6549,0.039221,172.31.40.0-255,66,197139,73,220619
6550,0.041841,172.217.194.0-255,5738,202877,73,220619
6551,0.041889,172.31.40.0-255,66,202943,73,220619
6552,0.044497,172.217.194.0-255,5738,208681,73,220619
6553,0.044502,172.31.40.0-255,66,208747,73,220619
6554,0.047097,172.217.194.0-255,2902,211649,73,220619
6555,0.047102,172.31.40.0-255,66,211715,73,220619
6556,0.047138,172.217.194.0-255,2902,214617,73,220619
6557,0.047155,172.31.40.0-255,66,214683,73,220619
6558,0.049715,172.217.194.0-255,2902,217585,73,220619
6559,0.049721,172.31.40.0-255,66,217651,73,220619
6560,0.049764,172.217.194.0-255,2902,220553,73,220619
6561,0.049778,172.31.40.0-255,66,220619,73,220619
6562,0.0,216.58.203.0-255,146,146,73,226923
6563,2.8e-05,172.31.40.0-255,66,212,73,226923
6564,3.5e-05,216.58.203.0-255,1484,1696,73,226923
6565,4e-05,172.31.40.0-255,66,1762,73,226923
6566,4.5e-05,216.58.203.0-255,2902,4664,73,226923
6567,4.8e-05,172.31.40.0-255,66,4730,73,226923
6568,5.4e-05,216.58.203.0-255,5738,10468,73,226923
6569,5.8e-05,172.31.40.0-255,66,10534,73,226923
6570,8.7e-05,216.58.203.0-255,1484,12018,73,226923
6571,8.9e-05,172.31.40.0-255,66,12084,73,226923
6572,0.0001,172.31.40.0-255,66,12150,73,226923
6573,0.000112,172.31.40.0-255,66,12216,73,226923
6574,0.000539,216.58.203.0-255,1484,13700,73,226923
6575,0.000544,172.31.40.0-255,66,13766,73,226923
6576,0.000553,216.58.203.0-255,2902,16668,73,226923
6577,0.000555,172.31.40.0-255,66,16734,73,226923
6578,0.00058,216.58.203.0-255,5738,22472,73,226923
6579,0.000582,172.31.40.0-255,66,22538,73,226923
6580,0.000589,216.58.203.0-255,6797,29335,73,226923
6581,0.000591,172.31.40.0-255,66,29401,73,226923
6582,0.000636,172.31.40.0-255,66,29467,73,226923
6583,0.000641,216.58.203.0-255,2543,32010,73,226923
6584,0.000643,172.31.40.0-255,66,32076,73,226923
6585,0.000697,216.58.203.0-255,394,32470,73,226923
6586,0.000702,172.31.40.0-255,66,32536,73,226923
6587,0.001187,216.58.203.0-255,348,32884,73,226923
6588,0.001193,172.31.40.0-255,66,32950,73,226923
6589,0.001215,216.58.203.0-255,1484,34434,73,226923
6590,0.001218,172.31.40.0-255,66,34500,73,226923
6591,0.001225,216.58.203.0-255,2902,37402,73,226923
6592,0.001242,216.58.203.0-255,1484,38886,73,226923
6593,0.001248,216.58.203.0-255,4320,43206,73,226923
6594,0.001252,216.58.203.0-255,4320,47526,73,226923
6595,0.001268,216.58.203.0-255,1484,49010,73,226923
6596,0.001282,216.58.203.0-255,1125,50135,73,226923
6597,0.001288,172.31.40.0-255,66,50201,73,226923
6598,0.001574,216.58.203.0-255,1484,51685,73,226923
6599,0.001581,216.58.203.0-255,1484,53169,73,226923
6600,0.001585,172.31.40.0-255,66,53235,73,226923
6601,0.001608,216.58.203.0-255,2902,56137,73,226923
6602,0.001614,216.58.203.0-255,5738,61875,73,226923
6603,0.001626,216.58.203.0-255,2902,64777,73,226923
6604,0.001629,172.31.40.0-255,66,64843,73,226923
6605,0.001638,172.31.40.0-255,66,64909,73,226923
6606,0.00166,216.58.203.0-255,1484,66393,73,226923
6607,0.001689,172.31.40.0-255,66,66459,73,226923
6608,0.003356,216.58.203.0-255,5738,72197,73,226923
6609,0.003361,172.31.40.0-255,66,72263,73,226923
6610,0.005027,216.58.203.0-255,1484,73747,73,226923
6611,0.005045,216.58.203.0-255,4320,78067,73,226923
6612,0.005049,172.31.40.0-255,66,78133,73,226923
6613,0.006721,216.58.203.0-255,5738,83871,73,226923
6614,0.00673,172.31.40.0-255,66,83937,73,226923
6615,0.008406,216.58.203.0-255,5738,89675,73,226923
6616,0.008418,172.31.40.0-255,66,89741,73,226923
6617,0.010157,216.58.203.0-255,5738,95479,73,226923
6618,0.010169,172.31.40.0-255,66,95545,73,226923
6619,0.011946,216.58.203.0-255,5738,101283,73,226923
6620,0.011956,172.31.40.0-255,66,101349,73,226923
6621,0.013639,216.58.203.0-255,5738,107087,73,226923
6622,0.013658,172.31.40.0-255,66,107153,73,226923
6623,0.015348,216.58.203.0-255,5738,112891,73,226923
6624,0.01536,172.31.40.0-255,66,112957,73,226923
6625,0.01704,216.58.203.0-255,4320,117277,73,226923
6626,0.017048,172.31.40.0-255,66,117343,73,226923
6627,0.017082,216.58.203.0-255,1484,118827,73,226923
6628,0.018708,216.58.203.0-255,4320,123147,73,226923
6629,0.018716,172.31.40.0-255,66,123213,73,226923
6630,0.020389,216.58.203.0-255,5738,128951,73,226923
6631,0.020446,172.31.40.0-255,66,129017,73,226923
6632,0.022109,216.58.203.0-255,5738,134755,73,226923
6633,0.022116,172.31.40.0-255,66,134821,73,226923
6634,0.023734,172.31.40.0-255,172,134993,73,226923
6635,0.023764,172.31.40.0-255,1115,136108,73,226923
6636,0.023795,216.58.203.0-255,5738,141846,73,226923
6637,0.023799,172.31.40.0-255,66,141912,73,226923
6638,0.023801,172.31.40.0-255,1514,143426,73,226923
6639,0.023802,172.31.40.0-255,1514,144940,73,226923
6640,0.023806,172.31.40.0-255,1514,146454,73,226923
6641,0.023807,172.31.40.0-255,159,146613,73,226923
6642,0.025301,104.244.42.0-255,66,146679,73,226923
6643,0.025309,104.244.42.0-255,66,146745,73,226923
6644,0.025368,104.244.42.0-255,66,146811,73,226923
6645,0.025373,104.244.42.0-255,66,146877,73,226923
6646,0.025465,216.58.203.0-255,2902,149779,73,226923
6647,0.025471,172.31.40.0-255,66,149845,73,226923
6648,0.025504,216.58.203.0-255,2902,152747,73,226923
6649,0.025942,172.31.40.0-255,66,152813,73,226923
6650,0.026113,104.244.42.0-255,108,152921,73,226923
6651,0.02612,172.31.40.0-255,66,152987,73,226923
6652,0.027139,216.58.203.0-255,2902,155889,73,226923
6653,0.027145,172.31.40.0-255,66,155955,73,226923
6654,0.027606,216.58.203.0-255,2902,158857,73,226923
6655,0.027611,172.31.40.0-255,66,158923,73,226923
6656,0.028825,216.58.203.0-255,2902,161825,73,226923
6657,0.02883,172.31.40.0-255,66,161891,73,226923
6658,0.029274,216.58.203.0-255,2902,164793,73,226923
6659,0.02928,172.31.40.0-255,66,164859,73,226923
6660,0.030492,216.58.203.0-255,2902,167761,73,226923
6661,0.030498,172.31.40.0-255,66,167827,73,226923
6662,0.030949,216.58.203.0-255,2902,170729,73,226923
6663,0.030954,172.31.40.0-255,66,170795,73,226923
6664,0.03217,216.58.203.0-255,2902,173697,73,226923
6665,0.032175,172.31.40.0-255,66,173763,73,226923
6666,0.032651,216.58.203.0-255,2902,176665,73,226923
6667,0.032657,172.31.40.0-255,66,176731,73,226923
6668,0.033842,216.58.203.0-255,2902,179633,73,226923
6669,0.033848,172.31.40.0-255,66,179699,73,226923
6670,0.034327,216.58.203.0-255,1484,181183,73,226923
6671,0.034357,216.58.203.0-255,1484,182667,73,226923
6672,0.034361,172.31.40.0-255,66,182733,73,226923
6673,0.03552,216.58.203.0-255,2902,185635,73,226923
6674,0.035526,172.31.40.0-255,66,185701,73,226923
6675,0.036047,216.58.203.0-255,2902,188603,73,226923
6676,0.036052,172.31.40.0-255,66,188669,73,226923
6677,0.037229,216.58.203.0-255,2902,191571,73,226923
6678,0.037234,172.31.40.0-255,66,191637,73,226923
6679,0.037774,216.58.203.0-255,2902,194539,73,226923
6680,0.03778,172.31.40.0-255,66,194605,73,226923
6681,0.038902,216.58.203.0-255,2902,197507,73,226923
6682,0.038907,172.31.40.0-255,66,197573,73,226923
6683,0.039464,216.58.203.0-255,2902,200475,73,226923
6684,0.039469,172.31.40.0-255,66,200541,73,226923
6685,0.04057,216.58.203.0-255,1484,202025,73,226923
6686,0.041134,216.58.203.0-255,2902,204927,73,226923
6687,0.041139,172.31.40.0-255,66,204993,73,226923
6688,0.041169,216.58.203.0-255,1484,206477,73,226923
6689,0.042805,216.58.203.0-255,4320,210797,73,226923
6690,0.042853,172.31.40.0-255,66,210863,73,226923
6691,0.044522,216.58.203.0-255,4320,215183,73,226923
6692,0.044528,172.31.40.0-255,66,215249,73,226923
6693,0.044555,216.58.203.0-255,1484,216733,73,226923
6694,0.046198,216.58.203.0-255,4320,221053,73,226923
6695,0.046204,172.31.40.0-255,66,221119,73,226923
6696,0.04788,216.58.203.0-255,5738,226857,73,226923
6697,0.048834,172.31.40.0-255,66,226923,73,226923
6698,0.0,172.253.118.0-255,150,150,73,256097
6699,2.2e-05,172.31.40.0-255,66,216,73,256097
6700,2.9e-05,172.253.118.0-255,1484,1700,73,256097
6701,3.4e-05,172.31.40.0-255,66,1766,73,256097
6702,3.9e-05,172.253.118.0-255,2902,4668,73,256097
6703,4.2e-05,172.31.40.0-255,66,4734,73,256097
6704,4.9e-05,172.253.118.0-255,7156,11890,73,256097
6705,5.1e-05,172.31.40.0-255,66,11956,73,256097
6706,5.5e-05,172.253.118.0-255,2021,13977,73,256097
6707,5.8e-05,172.31.40.0-255,66,14043,73,256097
6708,0.00012,172.253.118.0-255,1484,15527,73,256097
6709,0.000123,172.31.40.0-255,66,15593,73,256097
6710,0.000126,172.253.118.0-255,1484,17077,73,256097
6711,0.000129,172.31.40.0-255,66,17143,73,256097
6712,0.000143,172.253.118.0-255,1484,18627,73,256097
6713,0.000145,172.31.40.0-255,66,18693,73,256097
6714,0.000158,172.253.118.0-255,1484,20177,73,256097
6715,0.00016,172.31.40.0-255,66,20243,73,256097
6716,0.000174,172.253.118.0-255,2902,23145,73,256097
6717,0.000176,172.31.40.0-255,66,23211,73,256097
6718,0.000205,172.253.118.0-255,5738,28949,73,256097
6719,0.000208,172.31.40.0-255,66,29015,73,256097
6720,0.000212,172.253.118.0-255,2543,31558,73,256097
6721,0.000214,172.31.40.0-255,66,31624,73,256097
6722,0.000261,172.253.118.0-255,5738,37362,73,256097
6723,0.000264,172.31.40.0-255,66,37428,73,256097
6724,0.000267,172.253.118.0-255,1484,38912,73,256097
6725,0.000269,172.31.40.0-255,66,38978,73,256097
6726,0.000289,172.253.118.0-255,5738,44716,73,256097
6727,0.000291,172.31.40.0-255,66,44782,73,256097
6728,0.000319,172.253.118.0-255,3961,48743,73,256097
6729,0.000322,172.31.40.0-255,66,48809,73,256097
6730,0.001036,172.253.118.0-255,1484,50293,73,256097
6731,0.001046,172.253.118.0-255,2902,53195,73,256097
6732,0.001051,172.31.40.0-255,66,53261,73,256097
6733,0.00106,172.253.118.0-255,5738,58999,73,256097
6734,0.001062,172.31.40.0-255,66,59065,73,256097
6735,0.001069,172.253.118.0-255,6797,65862,73,256097
6736,0.001071,172.31.40.0-255,66,65928,73,256097
6737,0.001101,172.253.118.0-255,7156,73084,73,256097
6738,0.001104,172.31.40.0-255,66,73150,73,256097
6739,0.001128,172.253.118.0-255,7156,80306,73,256097
6740,0.001131,172.31.40.0-255,66,80372,73,256097
6741,0.001136,172.253.118.0-255,2543,82915,73,256097
6742,0.001138,172.31.40.0-255,66,82981,73,256097
6743,0.001173,172.253.118.0-255,1484,84465,73,256097
6744,0.001177,172.253.118.0-255,1484,85949,73,256097
6745,0.00118,172.31.40.0-255,66,86015,73,256097
6746,0.001202,172.253.118.0-255,1484,87499,73,256097
6747,0.001209,172.253.118.0-255,5738,93237,73,256097
6748,0.001212,172.31.40.0-255,66,93303,73,256097
6749,0.001215,172.253.118.0-255,1484,94787,73,256097
6750,0.001236,172.253.118.0-255,4320,99107,73,256097
6751,0.001239,172.31.40.0-255,66,99173,73,256097
6752,0.001283,172.253.118.0-255,1705,100878,73,256097
6753,0.001287,172.31.40.0-255,66,100944,73,256097
6754,0.001746,172.253.118.0-255,1484,102428,73,256097
6755,0.001755,172.253.118.0-255,2902,105330,73,256097
6756,0.00176,172.31.40.0-255,66,105396,73,256097
6757,0.001785,172.253.118.0-255,5738,111134,73,256097
6758,0.001788,172.31.40.0-255,66,111200,73,256097
6759,0.001793,172.253.118.0-255,4320,115520,73,256097
6760,0.001795,172.31.40.0-255,66,115586,73,256097
6761,0.001813,172.253.118.0-255,2902,118488,73,256097
6762,0.001815,172.31.40.0-255,66,118554,73,256097
6763,0.001834,172.253.118.0-255,7156,125710,73,256097
6764,0.001837,172.31.40.0-255,66,125776,73,256097
6765,0.001863,172.253.118.0-255,7156,132932,73,256097
6766,0.001865,172.31.40.0-255,66,132998,73,256097
6767,0.001882,172.253.118.0-255,2184,135182,73,256097
6768,0.001884,172.31.40.0-255,66,135248,73,256097
6769,0.002344,172.253.118.0-255,1484,136732,73,256097
6770,0.002363,172.253.118.0-255,2902,139634,73,256097
6771,0.002366,172.31.40.0-255,66,139700,73,256097
6772,0.002384,172.253.118.0-255,5738,145438,73,256097
6773,0.002387,172.31.40.0-255,66,145504,73,256097
6774,0.002426,172.31.40.0-255,66,145570,73,256097
6775,0.002459,172.31.40.0-255,66,145636,73,256097
6776,0.004955,172.253.118.0-255,5738,151374,73,256097
6777,0.004958,172.31.40.0-255,66,151440,73,256097
6778,0.007487,172.253.118.0-255,5738,157178,73,256097
6779,0.007493,172.31.40.0-255,66,157244,73,256097
6780,0.010066,172.253.118.0-255,5738,162982,73,256097
6781,0.010073,172.31.40.0-255,66,163048,73,256097
6782,0.012609,172.253.118.0-255,5738,168786,73,256097
6783,0.012615,172.31.40.0-255,66,168852,73,256097
6784,0.015149,172.253.118.0-255,5738,174590,73,256097
6785,0.01516,172.31.40.0-255,66,174656,73,256097
6786,0.017696,172.253.118.0-255,5738,180394,73,256097
6787,0.017704,172.31.40.0-255,66,180460,73,256097
6788,0.020256,172.253.118.0-255,5738,186198,73,256097
6789,0.020263,172.31.40.0-255,66,186264,73,256097
6790,0.02281,172.253.118.0-255,5738,192002,73,256097
6791,0.022816,172.31.40.0-255,66,192068,73,256097
6792,0.025354,172.253.118.0-255,5738,197806,73,256097
6793,0.025362,172.31.40.0-255,66,197872,73,256097
6794,0.027884,172.253.118.0-255,5738,203610,73,256097
6795,0.027892,172.31.40.0-255,66,203676,73,256097
6796,0.028865,172.31.40.0-255,172,203848,73,256097
6797,0.028898,172.31.40.0-255,1115,204963,73,256097
6798,0.028977,172.31.40.0-255,1514,206477,73,256097
6799,0.028979,172.31.40.0-255,1514,207991,73,256097
6800,0.028982,172.31.40.0-255,1410,209401,73,256097
6801,0.030449,104.244.42.0-255,66,209467,73,256097
6802,0.030465,172.253.118.0-255,5738,215205,73,256097
6803,0.03047,172.31.40.0-255,66,215271,73,256097
6804,0.030564,104.244.42.0-255,66,215337,73,256097
6805,0.030722,104.244.42.0-255,66,215403,73,256097
6806,0.030729,104.244.42.0-255,66,215469,73,256097
6807,0.033023,172.253.118.0-255,5738,221207,73,256097
6808,0.033029,172.31.40.0-255,66,221273,73,256097
6809,0.035626,172.253.118.0-255,5738,227011,73,256097
6810,0.035632,172.31.40.0-255,66,227077,73,256097
6811,0.03818,172.253.118.0-255,5738,232815,73,256097
6812,0.038187,172.31.40.0-255,66,232881,73,256097
6813,0.040763,172.253.118.0-255,5738,238619,73,256097
6814,0.040768,172.31.40.0-255,66,238685,73,256097
6815,0.043314,172.253.118.0-255,5738,244423,73,256097
6816,0.043323,172.31.40.0-255,66,244489,73,256097
6817,0.045871,172.253.118.0-255,5738,250227,73,256097
6818,0.045878,172.31.40.0-255,66,250293,73,256097
6819,0.048417,172.253.118.0-255,5738,256031,73,256097
6820,0.048424,172.31.40.0-255,66,256097,73,256097
6821,0.0,172.217.194.0-255,150,150,73,166876
6822,1.9e-05,172.31.40.0-255,66,216,73,166876
6823,2.7e-05,172.217.194.0-255,1484,1700,73,166876
6824,3.1e-05,172.31.40.0-255,66,1766,73,166876
6825,3.7e-05,172.217.194.0-255,2902,4668,73,166876
6826,3.9e-05,172.31.40.0-255,66,4734,73,166876
6827,4.7e-05,172.217.194.0-255,7156,11890,73,166876
6828,4.9e-05,172.31.40.0-255,66,11956,73,166876
6829,8.4e-05,172.217.194.0-255,1913,13869,73,166876
6830,8.6e-05,172.31.40.0-255,66,13935,73,166876
6831,9.1e-05,172.217.194.0-255,2902,16837,73,166876
6832,9.4e-05,172.31.40.0-255,66,16903,73,166876
6833,9.9e-05,172.217.194.0-255,4320,21223,73,166876
6834,0.000101,172.31.40.0-255,66,21289,73,166876
6835,0.000129,172.217.194.0-255,2902,24191,73,166876
6836,0.000131,172.31.40.0-255,66,24257,73,166876
6837,0.000139,172.217.194.0-255,6797,31054,73,166876
6838,0.000141,172.31.40.0-255,66,31120,73,166876
6839,0.000166,172.217.194.0-255,1484,32604,73,166876
6840,0.000168,172.31.40.0-255,66,32670,73,166876
6841,0.000174,172.217.194.0-255,2902,35572,73,166876
6842,0.000176,172.31.40.0-255,66,35638,73,166876
6843,0.000201,172.217.194.0-255,5738,41376,73,166876
6844,0.000204,172.31.40.0-255,66,41442,73,166876
6845,0.000207,172.217.194.0-255,1484,42926,73,166876
6846,0.000209,172.31.40.0-255,66,42992,73,166876
6847,0.000244,172.31.40.0-255,66,43058,73,166876
6848,0.000255,172.31.40.0-255,66,43124,73,166876
6849,0.000258,172.217.194.0-255,378,43502,73,166876
6850,0.00026,172.31.40.0-255,66,43568,73,166876
6851,0.00028,172.217.194.0-255,398,43966,73,166876
6852,0.000528,172.217.194.0-255,1484,45450,73,166876
6853,0.000533,172.31.40.0-255,66,45516,73,166876
6854,0.000538,172.217.194.0-255,2902,48418,73,166876
6855,0.000541,172.31.40.0-255,66,48484,73,166876
6856,0.000547,172.217.194.0-255,5738,54222,73,166876
6857,0.00055,172.31.40.0-255,66,54288,73,166876
6858,0.000593,172.31.40.0-255,66,54354,73,166876
6859,0.000607,172.31.40.0-255,66,54420,73,166876
6860,0.000653,172.31.40.0-255,66,54486,73,166876
6861,0.000667,172.31.40.0-255,66,54552,73,166876
6862,0.000699,172.217.194.0-255,1484,56036,73,166876
6863,0.000712,172.31.40.0-255,66,56102,73,166876
6864,0.000781,172.217.194.0-255,1484,57586,73,166876
6865,0.000799,172.217.194.0-255,2902,60488,73,166876
6866,0.000803,172.31.40.0-255,66,60554,73,166876
6867,0.00081,172.217.194.0-255,5738,66292,73,166876
6868,0.000813,172.31.40.0-255,66,66358,73,166876
6869,0.000816,172.217.194.0-255,1484,67842,73,166876
6870,0.000859,172.31.40.0-255,66,67908,73,166876
6871,0.000873,172.31.40.0-255,66,67974,73,166876
6872,0.001055,172.217.194.0-255,1484,69458,73,166876
6873,0.001071,172.217.194.0-255,2902,72360,73,166876
6874,0.001075,172.31.40.0-255,66,72426,73,166876
6875,0.00108,172.217.194.0-255,2902,75328,73,166876
6876,0.001082,172.31.40.0-255,66,75394,73,166876
6877,0.001096,172.217.194.0-255,2902,78296,73,166876
6878,0.001099,172.31.40.0-255,66,78362,73,166876
6879,0.001106,172.217.194.0-255,5738,84100,73,166876
6880,0.001108,172.31.40.0-255,66,84166,73,166876
6881,0.001139,172.217.194.0-255,4320,88486,73,166876
6882,0.001152,172.217.194.0-255,2184,90670,73,166876
6883,0.001194,172.31.40.0-255,66,90736,73,166876
6884,0.001198,172.31.40.0-255,66,90802,73,166876
6885,0.0012,172.31.40.0-255,66,90868,73,166876
6886,0.001305,172.217.194.0-255,1484,92352,73,166876
6887,0.001309,172.217.194.0-255,2902,95254,73,166876
6888,0.001315,172.31.40.0-255,66,95320,73,166876
6889,0.001332,172.217.194.0-255,5738,101058,73,166876
6890,0.001335,172.31.40.0-255,66,101124,73,166876
6891,0.00134,172.217.194.0-255,2902,104026,73,166876
6892,0.001342,172.31.40.0-255,66,104092,73,166876
6893,0.001373,172.31.40.0-255,66,104158,73,166876
6894,0.001419,172.31.40.0-255,66,104224,73,166876
6895,0.001689,172.217.194.0-255,1484,105708,73,166876
6896,0.001696,172.217.194.0-255,2902,108610,73,166876
6897,0.001699,172.31.40.0-255,66,108676,73,166876
6898,0.001704,172.217.194.0-255,2902,111578,73,166876
6899,0.001706,172.31.40.0-255,66,111644,73,166876
6900,0.00172,172.217.194.0-255,2902,114546,73,166876
6901,0.001723,172.31.40.0-255,66,114612,73,166876
6902,0.001727,172.217.194.0-255,2902,117514,73,166876
6903,0.001729,172.31.40.0-255,66,117580,73,166876
6904,0.001773,172.31.40.0-255,66,117646,73,166876
6905,0.001779,172.217.194.0-255,5738,123384,73,166876
6906,0.001781,172.31.40.0-255,66,123450,73,166876
6907,0.001814,172.217.194.0-255,5020,128470,73,166876
6908,0.001817,172.31.40.0-255,66,128536,73,166876
6909,0.001823,172.217.194.0-255,5738,134274,73,166876
6910,0.001826,172.31.40.0-255,66,134340,73,166876
6911,0.001838,172.31.40.0-255,66,134406,73,166876
6912,0.001862,172.217.194.0-255,4320,138726,73,166876
6913,0.001865,172.31.40.0-255,66,138792,73,166876
6914,0.00188,172.31.40.0-255,66,138858,73,166876
6915,0.001902,172.217.194.0-255,2902,141760,73,166876
6916,0.001905,172.31.40.0-255,66,141826,73,166876
6917,0.001943,172.31.40.0-255,66,141892,73,166876
6918,0.001956,172.31.40.0-255,66,141958,73,166876
6919,0.00197,172.217.194.0-255,4320,146278,73,166876
6920,0.001973,172.31.40.0-255,66,146344,73,166876
6921,0.001976,172.217.194.0-255,766,147110,73,166876
6922,0.002012,172.31.40.0-255,66,147176,73,166876
6923,0.00205,172.31.40.0-255,66,147242,73,166876
6924,0.002053,172.31.40.0-255,66,147308,73,166876
6925,0.002069,172.217.194.0-255,1484,148792,73,166876
6926,0.002073,172.217.194.0-255,2902,151694,73,166876
6927,0.002075,172.31.40.0-255,66,151760,73,166876
6928,0.00208,172.217.194.0-255,4320,156080,73,166876
6929,0.002083,172.31.40.0-255,66,156146,73,166876
6930,0.002105,172.217.194.0-255,1484,157630,73,166876
6931,0.00212,172.31.40.0-255,66,157696,73,166876
6932,0.002156,172.217.194.0-255,2902,160598,73,166876
6933,0.002159,172.31.40.0-255,66,160664,73,166876
6934,0.002184,172.217.194.0-255,5738,166402,73,166876
6935,0.002187,172.31.40.0-255,66,166468,73,166876
6936,0.002202,172.31.40.0-255,66,166534,73,166876
6937,0.002205,172.217.194.0-255,105,166639,73,166876
6938,0.00448,172.31.40.0-255,66,166705,73,166876
6939,0.004516,172.31.40.0-255,105,166810,73,166876
6940,0.006794,172.217.194.0-255,66,166876,73,166876
6941,0.0,172.217.194.0-255,155,155,73,187910
6942,2.3e-05,172.31.40.0-255,66,221,73,187910
6943,3e-05,172.217.194.0-255,1484,1705,73,187910
6944,3.5e-05,172.31.40.0-255,66,1771,73,187910
6945,4.1e-05,172.217.194.0-255,2902,4673,73,187910
6946,5.2e-05,172.31.40.0-255,66,4739,73,187910
6947,6e-05,172.217.194.0-255,7156,11895,73,187910
6948,6.3e-05,172.31.40.0-255,66,11961,73,187910
6949,7.7e-05,172.31.40.0-255,66,12027,73,187910
6950,9.3e-05,172.217.194.0-255,2902,14929,73,187910
6951,9.6e-05,172.31.40.0-255,66,14995,73,187910
6952,0.000124,172.217.194.0-255,3961,18956,73,187910
6953,0.000127,172.31.40.0-255,66,19022,73,187910
6954,0.000156,172.217.194.0-255,1484,20506,73,187910
6955,0.000158,172.31.40.0-255,66,20572,73,187910
6956,0.000163,172.217.194.0-255,2902,23474,73,187910
6957,0.000165,172.31.40.0-255,66,23540,73,187910
6958,0.000174,172.217.194.0-255,2902,26442,73,187910
6959,0.000177,172.31.40.0-255,66,26508,73,187910
6960,0.000205,172.217.194.0-255,2902,29410,73,187910
6961,0.000208,172.31.40.0-255,66,29476,73,187910
6962,0.000219,172.217.194.0-255,6797,36273,73,187910
6963,0.000222,172.31.40.0-255,66,36339,73,187910
6964,0.000275,172.31.40.0-255,66,36405,73,187910
6965,0.000279,172.217.194.0-255,2833,39238,73,187910
6966,0.000281,172.31.40.0-255,66,39304,73,187910
6967,0.00031,172.217.194.0-255,365,39669,73,187910
6968,0.000312,172.31.40.0-255,66,39735,73,187910
6969,0.000376,172.217.194.0-255,1484,41219,73,187910
6970,0.000379,172.31.40.0-255,66,41285,73,187910
6971,0.000386,172.217.194.0-255,2902,44187,73,187910
6972,0.000411,172.217.194.0-255,5738,49925,73,187910
6973,0.000454,172.217.194.0-255,7156,57081,73,187910
6974,0.000483,172.217.194.0-255,6797,63878,73,187910
6975,0.000633,172.31.40.0-255,66,63944,73,187910
6976,0.000764,172.217.194.0-255,1484,65428,73,187910
6977,0.00077,172.217.194.0-255,2902,68330,73,187910
6978,0.000776,172.217.194.0-255,4320,72650,73,187910
6979,0.000788,172.217.194.0-255,1484,74134,73,187910
6980,0.0008,172.31.40.0-255,66,74200,73,187910
6981,0.000875,172.31.40.0-255,66,74266,73,187910
6982,0.000888,172.217.194.0-255,766,75032,73,187910
6983,0.001178,172.217.194.0-255,1484,76516,73,187910
6984,0.001182,172.31.40.0-255,66,76582,73,187910
6985,0.001187,172.217.194.0-255,2902,79484,73,187910
6986,0.001192,172.217.194.0-255,2902,82386,73,187910
6987,0.001214,172.217.194.0-255,7156,89542,73,187910
6988,0.001217,172.31.40.0-255,66,89608,73,187910
6989,0.001222,172.31.40.0-255,66,89674,73,187910
6990,0.00123,172.217.194.0-255,1484,91158,73,187910
6991,0.00128,172.217.194.0-255,3602,94760,73,187910
6992,0.001287,172.31.40.0-255,66,94826,73,187910
6993,0.001534,172.217.194.0-255,1484,96310,73,187910
6994,0.001541,172.217.194.0-255,2902,99212,73,187910
6995,0.001545,172.31.40.0-255,66,99278,73,187910
6996,0.001549,172.217.194.0-255,2902,102180,73,187910
6997,0.001556,172.31.40.0-255,66,102246,73,187910
6998,0.001574,172.217.194.0-255,2902,105148,73,187910
6999,0.001578,172.217.194.0-255,2902,108050,73,187910
7000,0.001587,172.31.40.0-255,66,108116,73,187910
7001,0.001642,172.31.40.0-255,66,108182,73,187910
7002,0.001659,172.217.194.0-255,1484,109666,73,187910
7003,0.001664,172.217.194.0-255,2902,112568,73,187910
7004,0.001683,172.31.40.0-255,66,112634,73,187910
7005,0.001689,172.217.194.0-255,5738,118372,73,187910
7006,0.001721,172.217.194.0-255,7156,125528,73,187910
7007,0.001724,172.31.40.0-255,66,125594,73,187910
7008,0.001733,172.217.194.0-255,1484,127078,73,187910
7009,0.001759,172.217.194.0-255,2184,129262,73,187910
7010,0.001774,172.31.40.0-255,66,129328,73,187910
7011,0.00186,172.217.194.0-255,1484,130812,73,187910
7012,0.001864,172.217.194.0-255,2902,133714,73,187910
7013,0.00187,172.31.40.0-255,66,133780,73,187910
7014,0.00188,172.217.194.0-255,2902,136682,73,187910
7015,0.001895,172.217.194.0-255,2902,139584,73,187910
7016,0.001898,172.217.194.0-255,1484,141068,73,187910
7017,0.001909,172.31.40.0-255,66,141134,73,187910
7018,0.001974,172.217.194.0-255,2184,143318,73,187910
7019,0.002064,172.217.194.0-255,1484,144802,73,187910
7020,0.002069,172.217.194.0-255,2902,147704,73,187910
7021,0.002086,172.217.194.0-255,5738,153442,73,187910
7022,0.002129,172.217.194.0-255,7156,160598,73,187910
7023,0.002144,172.217.194.0-255,2902,163500,73,187910
7024,0.002186,172.217.194.0-255,5738,169238,73,187910
7025,0.002382,172.217.194.0-255,4320,173558,73,187910
7026,0.002435,172.217.194.0-255,5738,179296,73,187910
7027,0.002448,172.217.194.0-255,2116,181412,73,187910
7028,0.002451,172.217.194.0-255,105,181517,73,187910
7029,0.006312,172.31.40.0-255,66,181583,73,187910
7030,0.007439,172.31.40.0-255,101,181684,73,187910
7031,0.00992,172.217.194.0-255,66,181750,73,187910
7032,0.018881,172.31.40.0-255,105,181855,73,187910
7033,0.021363,172.217.194.0-255,66,181921,73,187910
7034,0.041007,172.31.40.0-255,172,182093,73,187910
7035,0.04104,172.31.40.0-255,1115,183208,73,187910
7036,0.041105,172.31.40.0-255,1514,184722,73,187910
7037,0.041107,172.31.40.0-255,1514,186236,73,187910
7038,0.04111,172.31.40.0-255,1410,187646,73,187910
7039,0.042535,104.244.42.0-255,66,187712,73,187910
7040,0.042686,104.244.42.0-255,66,187778,73,187910
7041,0.04272,104.244.42.0-255,66,187844,73,187910
7042,0.042732,104.244.42.0-255,66,187910,73,187910
7043,0.0,74.125.68.0-255,143,143,73,224555
7044,2.7e-05,172.31.40.0-255,66,209,73,224555
7045,3.5e-05,74.125.68.0-255,1484,1693,73,224555
7046,4e-05,172.31.40.0-255,66,1759,73,224555
7047,4.5e-05,74.125.68.0-255,2902,4661,73,224555
7048,4.8e-05,172.31.40.0-255,66,4727,73,224555
7049,7.8e-05,74.125.68.0-255,2902,7629,73,224555
7050,8e-05,172.31.40.0-255,66,7695,73,224555
7051,9.8e-05,74.125.68.0-255,1484,9179,73,224555
7052,0.0001,172.31.40.0-255,66,9245,73,224555
7053,0.000112,74.125.68.0-255,1484,10729,73,224555
7054,0.000114,172.31.40.0-255,66,10795,73,224555
7055,0.000119,74.125.68.0-255,2902,13697,73,224555
7056,0.000122,172.31.40.0-255,66,13763,73,224555
7057,0.000151,74.125.68.0-255,6203,19966,73,224555
7058,0.000154,172.31.40.0-255,66,20032,73,224555
7059,0.000157,74.125.68.0-255,1484,21516,73,224555
7060,0.000159,172.31.40.0-255,66,21582,73,224555
7061,0.000179,74.125.68.0-255,5738,27320,73,224555
7062,0.000181,172.31.40.0-255,66,27386,73,224555
7063,0.000201,74.125.68.0-255,3961,31347,73,224555
7064,0.000204,172.31.40.0-255,66,31413,73,224555
7065,0.000366,74.125.68.0-255,1484,32897,73,224555
7066,0.00037,172.31.40.0-255,66,32963,73,224555
7067,0.000392,74.125.68.0-255,2902,35865,73,224555
7068,0.000394,172.31.40.0-255,66,35931,73,224555
7069,0.000401,74.125.68.0-255,4320,40251,73,224555
7070,0.000403,172.31.40.0-255,66,40317,73,224555
7071,0.000451,74.125.68.0-255,7156,47473,73,224555
7072,0.000454,172.31.40.0-255,66,47539,73,224555
7073,0.000475,74.125.68.0-255,2543,50082,73,224555
7074,0.000478,172.31.40.0-255,66,50148,73,224555
7075,0.00049,172.31.40.0-255,66,50214,73,224555
7076,0.00053,74.125.68.0-255,2902,53116,73,224555
7077,0.000533,172.31.40.0-255,66,53182,73,224555
7078,0.000551,74.125.68.0-255,2811,55993,73,224555
7079,0.000553,172.31.40.0-255,66,56059,73,224555
7080,0.000556,74.125.68.0-255,387,56446,73,224555
7081,0.000941,74.125.68.0-255,1484,57930,73,224555
7082,0.000947,172.31.40.0-255,66,57996,73,224555
7083,0.000951,74.125.68.0-255,1484,59480,73,224555
7084,0.000968,74.125.68.0-255,1484,60964,73,224555
7085,0.00097,172.31.40.0-255,66,61030,73,224555
7086,0.000977,74.125.68.0-255,5738,66768,73,224555
7087,0.000979,172.31.40.0-255,66,66834,73,224555
7088,0.001007,74.125.68.0-255,5738,72572,73,224555
7089,0.00101,172.31.40.0-255,66,72638,73,224555
7090,0.00103,74.125.68.0-255,1484,74122,73,224555
7091,0.001041,172.31.40.0-255,66,74188,73,224555
7092,0.001067,172.31.40.0-255,66,74254,73,224555
7093,0.001212,74.125.68.0-255,1484,75738,73,224555
7094,0.001228,74.125.68.0-255,2902,78640,73,224555
7095,0.001231,172.31.40.0-255,66,78706,73,224555
7096,0.001261,74.125.68.0-255,1484,80190,73,224555
7097,0.001285,74.125.68.0-255,4320,84510,73,224555
7098,0.001289,172.31.40.0-255,66,84576,73,224555
7099,0.001294,74.125.68.0-255,2902,87478,73,224555
7100,0.001296,172.31.40.0-255,66,87544,73,224555
7101,0.001307,172.31.40.0-255,66,87610,73,224555
7102,0.001311,74.125.68.0-255,2902,90512,73,224555
7103,0.001314,172.31.40.0-255,66,90578,73,224555
7104,0.00134,74.125.68.0-255,7156,97734,73,224555
7105,0.001344,172.31.40.0-255,66,97800,73,224555
7106,0.001347,74.125.68.0-255,766,98566,73,224555
7107,0.001812,172.31.40.0-255,66,98632,73,224555
7108,0.003538,74.125.68.0-255,4320,102952,73,224555
7109,0.003544,172.31.40.0-255,66,103018,73,224555
7110,0.003992,74.125.68.0-255,1484,104502,73,224555
7111,0.005735,74.125.68.0-255,1484,105986,73,224555
7112,0.005738,172.31.40.0-255,66,106052,73,224555
7113,0.005757,74.125.68.0-255,2902,108954,73,224555
7114,0.005759,172.31.40.0-255,66,109020,73,224555
7115,0.007938,74.125.68.0-255,5738,114758,73,224555
7116,0.007945,172.31.40.0-255,66,114824,73,224555
7117,0.010143,74.125.68.0-255,5738,120562,73,224555
7118,0.010171,172.31.40.0-255,66,120628,73,224555
7119,0.012373,74.125.68.0-255,5738,126366,73,224555
7120,0.012382,172.31.40.0-255,66,126432,73,224555
7121,0.014597,74.125.68.0-255,5738,132170,73,224555
7122,0.014607,172.31.40.0-255,66,132236,73,224555
7123,0.016813,74.125.68.0-255,5738,137974,73,224555
7124,0.016826,172.31.40.0-255,66,138040,73,224555
7125,0.019032,74.125.68.0-255,5738,143778,73,224555
7126,0.019043,172.31.40.0-255,66,143844,73,224555
7127,0.021266,74.125.68.0-255,5738,149582,73,224555
7128,0.021283,172.31.40.0-255,66,149648,73,224555
7129,0.023513,74.125.68.0-255,5738,155386,73,224555
7130,0.023524,172.31.40.0-255,66,155452,73,224555
7131,0.025731,74.125.68.0-255,5738,161190,73,224555
7132,0.02574,172.31.40.0-255,66,161256,73,224555
7133,0.027951,74.125.68.0-255,5738,166994,73,224555
7134,0.027966,172.31.40.0-255,66,167060,73,224555
7135,0.030195,74.125.68.0-255,5738,172798,73,224555
7136,0.030206,172.31.40.0-255,66,172864,73,224555
7137,0.031426,172.31.40.0-255,172,173036,73,224555
7138,0.031454,172.31.40.0-255,1114,174150,73,224555
7139,0.03152,172.31.40.0-255,1514,175664,73,224555
7140,0.031522,172.31.40.0-255,1514,177178,73,224555
7141,0.031544,172.31.40.0-255,681,177859,73,224555
7142,0.032411,74.125.68.0-255,5738,183597,73,224555
7143,0.032419,172.31.40.0-255,66,183663,73,224555
7144,0.033022,104.244.42.0-255,66,183729,73,224555
7145,0.033107,104.244.42.0-255,66,183795,73,224555
7146,0.033113,104.244.42.0-255,66,183861,73,224555
7147,0.033116,104.244.42.0-255,66,183927,73,224555
7148,0.034636,74.125.68.0-255,5738,189665,73,224555
7149,0.034649,172.31.40.0-255,66,189731,73,224555
7150,0.036884,74.125.68.0-255,5738,195469,73,224555
7151,0.036902,172.31.40.0-255,66,195535,73,224555
7152,0.039117,74.125.68.0-255,5738,201273,73,224555
7153,0.039134,172.31.40.0-255,66,201339,73,224555
7154,0.041346,74.125.68.0-255,5738,207077,73,224555
7155,0.041362,172.31.40.0-255,66,207143,73,224555
7156,0.043588,74.125.68.0-255,5738,212881,73,224555
7157,0.043609,172.31.40.0-255,66,212947,73,224555
7158,0.045846,74.125.68.0-255,5738,218685,73,224555
7159,0.045862,172.31.40.0-255,66,218751,73,224555
7160,0.048078,74.125.68.0-255,5738,224489,73,224555
7161,0.048092,172.31.40.0-255,66,224555,73,224555
7162,0.0,74.125.200.0-255,152,152,73,310432
7163,2.1e-05,172.31.40.0-255,66,218,73,310432
7164,2.9e-05,74.125.200.0-255,1484,1702,73,310432
7165,3.4e-05,172.31.40.0-255,66,1768,73,310432
7166,4.7e-05,74.125.200.0-255,2902,4670,73,310432
7167,5e-05,172.31.40.0-255,66,4736,73,310432
7168,5.7e-05,74.125.200.0-255,5738,10474,73,310432
7169,6e-05,172.31.40.0-255,66,10540,73,310432
7170,6.6e-05,74.125.200.0-255,4764,15304,73,310432
7171,6.9e-05,172.31.40.0-255,66,15370,73,310432
7172,7.5e-05,74.125.200.0-255,4320,19690,73,310432
7173,7.7e-05,172.31.40.0-255,66,19756,73,310432
7174,0.000106,74.125.200.0-255,1484,21240,73,310432
7175,0.000108,172.31.40.0-255,66,21306,73,310432
7176,0.00012,172.31.40.0-255,66,21372,73,310432
7177,0.000185,74.125.200.0-255,1484,22856,73,310432
7178,0.000189,172.31.40.0-255,66,22922,73,310432
7179,0.0002,74.125.200.0-255,1484,24406,73,310432
7180,0.000207,172.31.40.0-255,66,24472,73,310432
7181,0.00021,74.125.200.0-255,1484,25956,73,310432
7182,0.000212,172.31.40.0-255,66,26022,73,310432
7183,0.000243,74.125.200.0-255,1484,27506,73,310432
7184,0.000246,172.31.40.0-255,66,27572,73,310432
7185,0.000257,74.125.200.0-255,5738,33310,73,310432
7186,0.000259,172.31.40.0-255,66,33376,73,310432
7187,0.000292,74.125.200.0-255,5738,39114,73,310432
7188,0.000295,172.31.40.0-255,66,39180,73,310432
7189,0.000319,74.125.200.0-255,2543,41723,73,310432
7190,0.000321,172.31.40.0-255,66,41789,73,310432
7191,0.000337,172.31.40.0-255,66,41855,73,310432
7192,0.000343,74.125.200.0-255,5379,47234,73,310432
7193,0.000345,172.31.40.0-255,66,47300,73,310432
7194,0.000348,74.125.200.0-255,647,47947,73,310432
7195,0.000361,74.125.200.0-255,1484,49431,73,310432
7196,0.000363,172.31.40.0-255,66,49497,73,310432
7197,0.000388,74.125.200.0-255,4320,53817,73,310432
7198,0.00039,172.31.40.0-255,66,53883,73,310432
7199,0.000425,172.31.40.0-255,66,53949,73,310432
7200,0.000428,74.125.200.0-255,575,54524,73,310432
7201,0.000465,74.125.200.0-255,1484,56008,73,310432
7202,0.000467,172.31.40.0-255,66,56074,73,310432
7203,0.000473,74.125.200.0-255,4320,60394,73,310432
7204,0.000475,172.31.40.0-255,66,60460,73,310432
7205,0.000538,172.31.40.0-255,66,60526,73,310432
7206,0.000541,74.125.200.0-255,1125,61651,73,310432
7207,0.000636,74.125.200.0-255,1484,63135,73,310432
7208,0.000639,172.31.40.0-255,66,63201,73,310432
7209,0.000644,74.125.200.0-255,2902,66103,73,310432
7210,0.000647,172.31.40.0-255,66,66169,73,310432
7211,0.000677,74.125.200.0-255,5738,71907,73,310432
7212,0.00068,172.31.40.0-255,66,71973,73,310432
7213,0.000685,74.125.200.0-255,2902,74875,73,310432
7214,0.000687,172.31.40.0-255,66,74941,73,310432
7215,0.000697,74.125.200.0-255,4320,79261,73,310432
7216,0.0007,172.31.40.0-255,66,79327,73,310432
7217,0.000724,74.125.200.0-255,7156,86483,73,310432
7218,0.000727,172.31.40.0-255,66,86549,73,310432
7219,0.000748,74.125.200.0-255,1484,88033,73,310432
7220,0.00076,74.125.200.0-255,7156,95189,73,310432
7221,0.000763,172.31.40.0-255,66,95255,73,310432
7222,0.000786,74.125.200.0-255,766,96021,73,310432
7223,0.00104,74.125.200.0-255,1484,97505,73,310432
7224,0.001045,172.31.40.0-255,66,97571,73,310432
7225,0.001051,74.125.200.0-255,2902,100473,73,310432
7226,0.001053,172.31.40.0-255,66,100539,73,310432
7227,0.001075,74.125.200.0-255,2902,103441,73,310432
7228,0.001077,172.31.40.0-255,66,103507,73,310432
7229,0.001101,74.125.200.0-255,2902,106409,73,310432
7230,0.001103,172.31.40.0-255,66,106475,73,310432
7231,0.001106,74.125.200.0-255,1484,107959,73,310432
7232,0.001111,74.125.200.0-255,2902,110861,73,310432
7233,0.001113,172.31.40.0-255,66,110927,73,310432
7234,0.001143,74.125.200.0-255,2902,113829,73,310432
7235,0.001146,172.31.40.0-255,66,113895,73,310432
7236,0.001161,74.125.200.0-255,2902,116797,73,310432
7237,0.001164,74.125.200.0-255,1484,118281,73,310432
7238,0.001167,172.31.40.0-255,66,118347,73,310432
7239,0.001201,74.125.200.0-255,2902,121249,73,310432
7240,0.00121,172.31.40.0-255,66,121315,73,310432
7241,0.001213,74.125.200.0-255,1484,122799,73,310432
7242,0.001244,74.125.200.0-255,4320,127119,73,310432
7243,0.001247,172.31.40.0-255,66,127185,73,310432
7244,0.001251,74.125.200.0-255,1484,128669,73,310432
7245,0.001255,74.125.200.0-255,2184,130853,73,310432
7246,0.001257,172.31.40.0-255,66,130919,73,310432
7247,0.001308,74.125.200.0-255,1484,132403,73,310432
7248,0.001329,74.125.200.0-255,2902,135305,73,310432
7249,0.001332,172.31.40.0-255,66,135371,73,310432
7250,0.001351,74.125.200.0-255,2902,138273,73,310432
7251,0.001355,172.31.40.0-255,66,138339,73,310432
7252,0.001387,74.125.200.0-255,4320,142659,73,310432
7253,0.001391,172.31.40.0-255,66,142725,73,310432
7254,0.001398,74.125.200.0-255,7156,149881,73,310432
7255,0.001401,172.31.40.0-255,66,149947,73,310432
7256,0.00143,74.125.200.0-255,1484,151431,73,310432
7257,0.001458,74.125.200.0-255,7156,158587,73,310432
7258,0.001462,172.31.40.0-255,66,158653,73,310432
7259,0.001466,74.125.200.0-255,2902,161555,73,310432
7260,0.001468,172.31.40.0-255,66,161621,73,310432
7261,0.001473,74.125.200.0-255,3602,165223,73,310432
7262,0.001475,172.31.40.0-255,66,165289,73,310432
7263,0.002174,74.125.200.0-255,1484,166773,73,310432
7264,0.00219,74.125.200.0-255,2902,169675,73,310432
7265,0.002194,172.31.40.0-255,66,169741,73,310432
7266,0.002197,74.125.200.0-255,1484,171225,73,310432
7267,0.002222,74.125.200.0-255,2902,174127,73,310432
7268,0.002224,172.31.40.0-255,66,174193,73,310432
7269,0.002231,74.125.200.0-255,5738,179931,73,310432
7270,0.002233,172.31.40.0-255,66,179997,73,310432
7271,0.002253,74.125.200.0-255,4320,184317,73,310432
7272,0.002255,172.31.40.0-255,66,184383,73,310432
7273,0.002285,74.125.200.0-255,5738,190121,73,310432
7274,0.002287,172.31.40.0-255,66,190187,73,310432
7275,0.002359,74.125.200.0-255,7156,197343,73,310432
7276,0.002362,172.31.40.0-255,66,197409,73,310432
7277,0.002391,74.125.200.0-255,2184,199593,73,310432
7278,0.002393,172.31.40.0-255,66,199659,73,310432
7279,0.004862,74.125.200.0-255,2902,202561,73,310432
7280,0.00487,172.31.40.0-255,66,202627,73,310432
7281,0.004902,74.125.200.0-255,2902,205529,73,310432
7282,0.004904,172.31.40.0-255,66,205595,73,310432
7283,0.00736,74.125.200.0-255,2902,208497,73,310432
7284,0.007364,172.31.40.0-255,66,208563,73,310432
7285,0.007388,74.125.200.0-255,2902,211465,73,310432
7286,0.007391,172.31.40.0-255,66,211531,73,310432
7287,0.009874,74.125.200.0-255,2902,214433,73,310432
7288,0.009881,172.31.40.0-255,66,214499,73,310432
7289,0.009912,74.125.200.0-255,2902,217401,73,310432
7290,0.009916,172.31.40.0-255,66,217467,73,310432
7291,0.012418,74.125.200.0-255,2902,220369,73,310432
7292,0.012438,172.31.40.0-255,66,220435,73,310432
7293,0.012465,74.125.200.0-255,2902,223337,73,310432
7294,0.012469,172.31.40.0-255,66,223403,73,310432
7295,0.014956,74.125.200.0-255,5738,229141,73,310432
7296,0.014969,172.31.40.0-255,66,229207,73,310432
7297,0.017489,74.125.200.0-255,5738,234945,73,310432
7298,0.017499,172.31.40.0-255,66,235011,73,310432
7299,0.020009,74.125.200.0-255,5738,240749,73,310432
7300,0.020017,172.31.40.0-255,66,240815,73,310432
7301,0.022521,74.125.200.0-255,5738,246553,73,310432
7302,0.022531,172.31.40.0-255,66,246619,73,310432
7303,0.025039,74.125.200.0-255,5738,252357,73,310432
7304,0.025051,172.31.40.0-255,66,252423,73,310432
7305,0.027568,74.125.200.0-255,5738,258161,73,310432
7306,0.027575,172.31.40.0-255,66,258227,73,310432
7307,0.030102,74.125.200.0-255,5738,263965,73,310432
7308,0.03012,172.31.40.0-255,66,264031,73,310432
7309,0.032633,74.125.200.0-255,5738,269769,73,310432
7310,0.032642,172.31.40.0-255,66,269835,73,310432
7311,0.035149,74.125.200.0-255,5738,275573,73,310432
7312,0.035158,172.31.40.0-255,66,275639,73,310432
7313,0.037686,74.125.200.0-255,5738,281377,73,310432
7314,0.037704,172.31.40.0-255,66,281443,73,310432
7315,0.040223,74.125.200.0-255,5738,287181,73,310432
7316,0.040244,172.31.40.0-255,66,287247,73,310432
7317,0.042776,74.125.200.0-255,5738,292985,73,310432
7318,0.042784,172.31.40.0-255,66,293051,73,310432
7319,0.045311,74.125.200.0-255,5738,298789,73,310432
7320,0.045331,172.31.40.0-255,66,298855,73,310432
7321,0.047839,74.125.200.0-255,5738,304593,73,310432
7322,0.047846,172.31.40.0-255,66,304659,73,310432
7323,0.049257,172.31.40.0-255,193,304852,73,310432
7324,0.04929,172.31.40.0-255,1114,305966,73,310432
7325,0.04935,172.31.40.0-255,1514,307480,73,310432
7326,0.049352,172.31.40.0-255,1514,308994,73,310432
7327,0.049353,172.31.40.0-255,1438,310432,73,310432
7328,0.0,74.125.68.0-255,148,148,73,320937
7329,1.8e-05,172.31.40.0-255,66,214,73,320937
7330,2.5e-05,74.125.68.0-255,1484,1698,73,320937
7331,3.1e-05,172.31.40.0-255,66,1764,73,320937
7332,3.7e-05,74.125.68.0-255,2902,4666,73,320937
7333,4.1e-05,172.31.40.0-255,66,4732,73,320937
7334,4.4e-05,74.125.68.0-255,1484,6216,73,320937
7335,4.8e-05,172.31.40.0-255,66,6282,73,320937
7336,8.1e-05,74.125.68.0-255,2902,9184,73,320937
7337,8.4e-05,172.31.40.0-255,66,9250,73,320937
7338,8.7e-05,74.125.68.0-255,1484,10734,73,320937
7339,8.9e-05,172.31.40.0-255,66,10800,73,320937
7340,9.4e-05,74.125.68.0-255,2902,13702,73,320937
7341,9.7e-05,172.31.40.0-255,66,13768,73,320937
7342,0.000121,74.125.68.0-255,1484,15252,73,320937
7343,0.000123,172.31.40.0-255,66,15318,73,320937
7344,0.000151,74.125.68.0-255,4862,20180,73,320937
7345,0.000154,172.31.40.0-255,66,20246,73,320937
7346,0.000159,74.125.68.0-255,4320,24566,73,320937
7347,0.000162,172.31.40.0-255,66,24632,73,320937
7348,0.000168,74.125.68.0-255,5738,30370,73,320937
7349,0.000171,172.31.40.0-255,66,30436,73,320937
7350,0.000174,74.125.68.0-255,1125,31561,73,320937
7351,0.000176,172.31.40.0-255,66,31627,73,320937
7352,0.000288,74.125.68.0-255,1484,33111,73,320937
7353,0.000292,172.31.40.0-255,66,33177,73,320937
7354,0.000314,74.125.68.0-255,2902,36079,73,320937
7355,0.000317,172.31.40.0-255,66,36145,73,320937
7356,0.000324,74.125.68.0-255,5738,41883,73,320937
7357,0.000327,172.31.40.0-255,66,41949,73,320937
7358,0.000377,172.31.40.0-255,66,42015,73,320937
7359,0.000384,74.125.68.0-255,5738,47753,73,320937
7360,0.000386,172.31.40.0-255,66,47819,73,320937
7361,0.000411,74.125.68.0-255,5738,53557,73,320937
7362,0.000414,172.31.40.0-255,66,53623,73,320937
7363,0.000418,74.125.68.0-255,2184,55807,73,320937
7364,0.00042,172.31.40.0-255,66,55873,73,320937
7365,0.000423,74.125.68.0-255,677,56550,73,320937
7366,0.00054,74.125.68.0-255,1484,58034,73,320937
7367,0.000544,172.31.40.0-255,66,58100,73,320937
7368,0.00055,74.125.68.0-255,2902,61002,73,320937
7369,0.000553,172.31.40.0-255,66,61068,73,320937
7370,0.000604,74.125.68.0-255,1484,62552,73,320937
7371,0.000622,74.125.68.0-255,2902,65454,73,320937
7372,0.000625,172.31.40.0-255,66,65520,73,320937
7373,0.00064,74.125.68.0-255,1484,67004,73,320937
7374,0.000676,74.125.68.0-255,2902,69906,73,320937
7375,0.00068,172.31.40.0-255,66,69972,73,320937
7376,0.000683,74.125.68.0-255,1484,71456,73,320937
7377,0.000705,74.125.68.0-255,4320,75776,73,320937
7378,0.000708,172.31.40.0-255,66,75842,73,320937
7379,0.000714,74.125.68.0-255,4320,80162,73,320937
7380,0.000716,172.31.40.0-255,66,80228,73,320937
7381,0.00073,74.125.68.0-255,2902,83130,73,320937
7382,0.000732,172.31.40.0-255,66,83196,73,320937
7383,0.000757,74.125.68.0-255,4320,87516,73,320937
7384,0.00076,172.31.40.0-255,66,87582,73,320937
7385,0.000781,74.125.68.0-255,3602,91184,73,320937
7386,0.000785,172.31.40.0-255,66,91250,73,320937
7387,0.00098,74.125.68.0-255,1484,92734,73,320937
7388,0.001009,74.125.68.0-255,1484,94218,73,320937
7389,0.001013,172.31.40.0-255,66,94284,73,320937
7390,0.001043,74.125.68.0-255,1484,95768,73,320937
7391,0.001057,74.125.68.0-255,2902,98670,73,320937
7392,0.00106,172.31.40.0-255,66,98736,73,320937
7393,0.00108,74.125.68.0-255,5738,104474,73,320937
7394,0.001083,172.31.40.0-255,66,104540,73,320937
7395,0.001108,74.125.68.0-255,2902,107442,73,320937
7396,0.00111,172.31.40.0-255,66,107508,73,320937
7397,0.001116,74.125.68.0-255,4320,111828,73,320937
7398,0.001118,172.31.40.0-255,66,111894,73,320937
7399,0.001136,74.125.68.0-255,7156,119050,73,320937
7400,0.001138,172.31.40.0-255,66,119116,73,320937
7401,0.001167,74.125.68.0-255,1484,120600,73,320937
7402,0.001174,74.125.68.0-255,5020,125620,73,320937
7403,0.001177,172.31.40.0-255,66,125686,73,320937
7404,0.001403,74.125.68.0-255,1484,127170,73,320937
7405,0.001409,74.125.68.0-255,2902,130072,73,320937
7406,0.001412,172.31.40.0-255,66,130138,73,320937
7407,0.001442,74.125.68.0-255,5738,135876,73,320937
7408,0.001445,172.31.40.0-255,66,135942,73,320937
7409,0.001448,74.125.68.0-255,1484,137426,73,320937
7410,0.001466,74.125.68.0-255,7156,144582,73,320937
7411,0.001468,172.31.40.0-255,66,144648,73,320937
7412,0.001506,172.31.40.0-255,66,144714,73,320937
7413,0.001512,74.125.68.0-255,5020,149734,73,320937
7414,0.001515,172.31.40.0-255,66,149800,73,320937
7415,0.001706,74.125.68.0-255,1484,151284,73,320937
7416,0.001712,74.125.68.0-255,2902,154186,73,320937
7417,0.001715,172.31.40.0-255,66,154252,73,320937
7418,0.001735,74.125.68.0-255,5738,159990,73,320937
7419,0.001737,172.31.40.0-255,66,160056,73,320937
7420,0.001767,172.31.40.0-255,66,160122,73,320937
7421,0.001806,172.31.40.0-255,66,160188,73,320937
7422,0.001812,74.125.68.0-255,5020,165208,73,320937
7423,0.001814,172.31.40.0-255,66,165274,73,320937
7424,0.001842,74.125.68.0-255,5738,171012,73,320937
7425,0.001845,172.31.40.0-255,66,171078,73,320937
7426,0.001882,172.31.40.0-255,66,171144,73,320937
7427,0.00191,74.125.68.0-255,2902,174046,73,320937
7428,0.001914,172.31.40.0-255,66,174112,73,320937
7429,0.001945,172.31.40.0-255,66,174178,73,320937
7430,0.00195,74.125.68.0-255,4320,178498,73,320937
7431,0.001952,172.31.40.0-255,66,178564,73,320937
7432,0.002001,74.125.68.0-255,3602,182166,73,320937
7433,0.002003,172.31.40.0-255,66,182232,73,320937
7434,0.002009,74.125.68.0-255,4320,186552,73,320937
7435,0.002011,172.31.40.0-255,66,186618,73,320937
7436,0.002027,172.31.40.0-255,66,186684,73,320937
7437,0.002031,74.125.68.0-255,2902,189586,73,320937
7438,0.002035,172.31.40.0-255,66,189652,73,320937
7439,0.002076,172.31.40.0-255,66,189718,73,320937
7440,0.002079,74.125.68.0-255,766,190484,73,320937
7441,0.002082,74.125.68.0-255,1484,191968,73,320937
7442,0.002084,172.31.40.0-255,66,192034,73,320937
7443,0.002087,74.125.68.0-255,1484,193518,73,320937
7444,0.002105,74.125.68.0-255,2902,196420,73,320937
7445,0.002107,172.31.40.0-255,66,196486,73,320937
7446,0.00211,74.125.68.0-255,1484,197970,73,320937
7447,0.002136,74.125.68.0-255,5738,203708,73,320937
7448,0.002139,172.31.40.0-255,66,203774,73,320937
7449,0.002161,74.125.68.0-255,5738,209512,73,320937
7450,0.002164,172.31.40.0-255,66,209578,73,320937
7451,0.002185,74.125.68.0-255,2902,212480,73,320937
7452,0.002188,172.31.40.0-255,66,212546,73,320937
7453,0.002192,74.125.68.0-255,2902,215448,73,320937
7454,0.002194,172.31.40.0-255,66,215514,73,320937
7455,0.002244,172.31.40.0-255,66,215580,73,320937
7456,0.002255,172.31.40.0-255,66,215646,73,320937
7457,0.002268,74.125.68.0-255,2902,218548,73,320937
7458,0.00227,172.31.40.0-255,66,218614,73,320937
7459,0.00229,74.125.68.0-255,1484,220098,73,320937
7460,0.002308,74.125.68.0-255,4320,224418,73,320937
7461,0.002335,74.125.68.0-255,4320,228738,73,320937
7462,0.002339,74.125.68.0-255,2184,230922,73,320937
7463,0.007201,172.31.40.0-255,66,230988,73,320937
7464,0.009531,74.125.68.0-255,5738,236726,73,320937
7465,0.009538,172.31.40.0-255,66,236792,73,320937
7466,0.011867,74.125.68.0-255,5738,242530,73,320937
7467,0.011876,172.31.40.0-255,66,242596,73,320937
7468,0.014206,74.125.68.0-255,5738,248334,73,320937
7469,0.014214,172.31.40.0-255,66,248400,73,320937
7470,0.01655,74.125.68.0-255,5738,254138,73,320937
7471,0.01656,172.31.40.0-255,66,254204,73,320937
7472,0.018887,74.125.68.0-255,5738,259942,73,320937
7473,0.018893,172.31.40.0-255,66,260008,73,320937
7474,0.021227,74.125.68.0-255,5738,265746,73,320937
7475,0.021237,172.31.40.0-255,66,265812,73,320937
7476,0.02356,74.125.68.0-255,5738,271550,73,320937
7477,0.023566,172.31.40.0-255,66,271616,73,320937
7478,0.025955,74.125.68.0-255,5738,277354,73,320937
7479,0.025964,172.31.40.0-255,66,277420,73,320937
7480,0.028298,74.125.68.0-255,5738,283158,73,320937
7481,0.028306,172.31.40.0-255,66,283224,73,320937
7482,0.029821,172.31.40.0-255,172,283396,73,320937
7483,0.029855,172.31.40.0-255,1115,284511,73,320937
7484,0.029928,172.31.40.0-255,1514,286025,73,320937
7485,0.02993,172.31.40.0-255,1514,287539,73,320937
7486,0.029933,172.31.40.0-255,1410,288949,73,320937
7487,0.030642,74.125.68.0-255,5738,294687,73,320937
7488,0.030649,172.31.40.0-255,66,294753,73,320937
7489,0.0314,104.244.42.0-255,66,294819,73,320937
7490,0.031444,104.244.42.0-255,66,294885,73,320937
7491,0.031495,104.244.42.0-255,66,294951,73,320937
7492,0.031542,104.244.42.0-255,66,295017,73,320937
7493,0.032978,74.125.68.0-255,5738,300755,73,320937
7494,0.032984,172.31.40.0-255,66,300821,73,320937
7495,0.035312,74.125.68.0-255,5738,306559,73,320937
7496,0.035319,172.31.40.0-255,66,306625,73,320937
7497,0.03768,74.125.68.0-255,5738,312363,73,320937
7498,0.037688,172.31.40.0-255,66,312429,73,320937
7499,0.040024,74.125.68.0-255,5738,318167,73,320937
7500,0.040032,172.31.40.0-255,66,318233,73,320937
7501,0.042361,74.125.68.0-255,2467,320700,73,320937
7502,0.042366,172.31.40.0-255,66,320766,73,320937
7503,0.042498,172.31.40.0-255,105,320871,73,320937
7504,0.044781,74.125.68.0-255,66,320937,73,320937
7505,0.0,172.217.26.0-255,153,153,73,228594
7506,2.3e-05,172.31.40.0-255,66,219,73,228594
7507,3e-05,172.217.26.0-255,1484,1703,73,228594
7508,3.6e-05,172.31.40.0-255,66,1769,73,228594
7509,4.2e-05,172.217.26.0-255,2902,4671,73,228594
7510,4.7e-05,172.31.40.0-255,66,4737,73,228594
7511,5.2e-05,172.217.26.0-255,2902,7639,73,228594
7512,5.5e-05,172.31.40.0-255,66,7705,73,228594
7513,6.1e-05,172.217.26.0-255,4320,12025,73,228594
7514,6.4e-05,172.31.40.0-255,66,12091,73,228594
7515,9e-05,172.217.26.0-255,1986,14077,73,228594
7516,9.2e-05,172.31.40.0-255,66,14143,73,228594
7517,0.000242,172.217.26.0-255,1484,15627,73,228594
7518,0.000247,172.31.40.0-255,66,15693,73,228594
7519,0.000253,172.217.26.0-255,2902,18595,73,228594
7520,0.000255,172.31.40.0-255,66,18661,73,228594
7521,0.000279,172.217.26.0-255,1484,20145,73,228594
7522,0.000282,172.31.40.0-255,66,20211,73,228594
7523,0.000285,172.217.26.0-255,1484,21695,73,228594
7524,0.000287,172.31.40.0-255,66,21761,73,228594
7525,0.000292,172.217.26.0-255,2902,24663,73,228594
7526,0.000294,172.31.40.0-255,66,24729,73,228594
7527,0.000323,172.217.26.0-255,5738,30467,73,228594
7528,0.000326,172.31.40.0-255,66,30533,73,228594
7529,0.000331,172.217.26.0-255,2902,33435,73,228594
7530,0.000333,172.31.40.0-255,66,33501,73,228594
7531,0.000368,172.31.40.0-255,66,33567,73,228594
7532,0.000383,172.31.40.0-255,66,33633,73,228594
7533,0.000422,172.217.26.0-255,6438,40071,73,228594
7534,0.000425,172.31.40.0-255,66,40137,73,228594
7535,0.000427,172.217.26.0-255,391,40528,73,228594
7536,0.001024,172.31.40.0-255,66,40594,73,228594
7537,0.001469,172.217.26.0-255,118,40712,73,228594
7538,0.001667,172.217.26.0-255,1484,42196,73,228594
7539,0.001674,172.31.40.0-255,66,42262,73,228594
7540,0.001681,172.217.26.0-255,2902,45164,73,228594
7541,0.001697,172.217.26.0-255,1484,46648,73,228594
7542,0.0017,172.217.26.0-255,1484,48132,73,228594
7543,0.00171,172.217.26.0-255,1484,49616,73,228594
7544,0.001727,172.217.26.0-255,2902,52518,73,228594
7545,0.001738,172.217.26.0-255,2902,55420,73,228594
7546,0.001744,172.217.26.0-255,4320,59740,73,228594
7547,0.001795,172.217.26.0-255,6438,66178,73,228594
7548,0.001839,172.217.26.0-255,1484,67662,73,228594
7549,0.00186,172.217.26.0-255,2902,70564,73,228594
7550,0.001865,172.217.26.0-255,4320,74884,73,228594
7551,0.00188,172.217.26.0-255,1484,76368,73,228594
7552,0.001886,172.217.26.0-255,4320,80688,73,228594
7553,0.001891,172.217.26.0-255,2902,83590,73,228594
7554,0.0019,172.217.26.0-255,1484,85074,73,228594
7555,0.001914,172.217.26.0-255,2902,87976,73,228594
7556,0.001931,172.217.26.0-255,4320,92296,73,228594
7557,0.001951,172.217.26.0-255,4320,96616,73,228594
7558,0.001986,172.217.26.0-255,3602,100218,73,228594
7559,0.007928,172.31.40.0-255,66,100284,73,228594
7560,0.009888,172.217.26.0-255,5738,106022,73,228594
7561,0.009896,172.31.40.0-255,66,106088,73,228594
7562,0.011847,172.217.26.0-255,5738,111826,73,228594
7563,0.011853,172.31.40.0-255,66,111892,73,228594
7564,0.013806,172.217.26.0-255,5738,117630,73,228594
7565,0.013813,172.31.40.0-255,66,117696,73,228594
7566,0.015767,172.217.26.0-255,5738,123434,73,228594
7567,0.015775,172.31.40.0-255,66,123500,73,228594
7568,0.017725,172.217.26.0-255,5738,129238,73,228594
7569,0.017733,172.31.40.0-255,66,129304,73,228594
7570,0.019689,172.217.26.0-255,5738,135042,73,228594
7571,0.019698,172.31.40.0-255,66,135108,73,228594
7572,0.02166,172.217.26.0-255,5738,140846,73,228594
7573,0.021669,172.31.40.0-255,66,140912,73,228594
7574,0.023627,172.217.26.0-255,5738,146650,73,228594
7575,0.023636,172.31.40.0-255,66,146716,73,228594
7576,0.025588,172.217.26.0-255,5738,152454,73,228594
7577,0.025595,172.31.40.0-255,66,152520,73,228594
7578,0.027543,172.217.26.0-255,5738,158258,73,228594
7579,0.027551,172.31.40.0-255,66,158324,73,228594
7580,0.029504,172.217.26.0-255,5738,164062,73,228594
7581,0.029512,172.31.40.0-255,66,164128,73,228594
7582,0.031495,172.217.26.0-255,5738,169866,73,228594
7583,0.031506,172.31.40.0-255,66,169932,73,228594
7584,0.032838,172.31.40.0-255,172,170104,73,228594
7585,0.032871,172.31.40.0-255,1114,171218,73,228594
7586,0.032936,172.31.40.0-255,1514,172732,73,228594
7587,0.032937,172.31.40.0-255,1514,174246,73,228594
7588,0.032942,172.31.40.0-255,1514,175760,73,228594
7589,0.032943,172.31.40.0-255,160,175920,73,228594
7590,0.03349,172.217.26.0-255,5738,181658,73,228594
7591,0.033498,172.31.40.0-255,66,181724,73,228594
7592,0.03438,104.244.42.0-255,66,181790,73,228594
7593,0.034388,104.244.42.0-255,66,181856,73,228594
7594,0.034495,104.244.42.0-255,66,181922,73,228594
7595,0.034502,104.244.42.0-255,66,181988,73,228594
7596,0.035461,172.217.26.0-255,5738,187726,73,228594
7597,0.035468,172.31.40.0-255,66,187792,73,228594
7598,0.03714,104.244.42.0-255,108,187900,73,228594
7599,0.03715,172.31.40.0-255,66,187966,73,228594
7600,0.037419,172.217.26.0-255,5738,193704,73,228594
7601,0.037423,172.31.40.0-255,66,193770,73,228594
7602,0.039381,172.217.26.0-255,5738,199508,73,228594
7603,0.03939,172.31.40.0-255,66,199574,73,228594
7604,0.041337,172.217.26.0-255,5738,205312,73,228594
7605,0.041343,172.31.40.0-255,66,205378,73,228594
7606,0.043291,172.217.26.0-255,5738,211116,73,228594
7607,0.043296,172.31.40.0-255,66,211182,73,228594
7608,0.045287,172.217.26.0-255,5738,216920,73,228594
7609,0.045292,172.31.40.0-255,66,216986,73,228594
7610,0.04725,172.217.26.0-255,5738,222724,73,228594
7611,0.047258,172.31.40.0-255,66,222790,73,228594
7612,0.049211,172.217.26.0-255,5738,228528,73,228594
7613,0.049216,172.31.40.0-255,66,228594,73,228594
7614,0.0,74.125.24.0-255,150,150,73,179894
7615,2.3e-05,172.31.40.0-255,66,216,73,179894
7616,3.1e-05,74.125.24.0-255,1484,1700,73,179894
7617,3.5e-05,172.31.40.0-255,66,1766,73,179894
7618,4e-05,74.125.24.0-255,2902,4668,73,179894
7619,4.3e-05,172.31.40.0-255,66,4734,73,179894
7620,6.2e-05,74.125.24.0-255,4320,9054,73,179894
7621,6.6e-05,172.31.40.0-255,66,9120,73,179894
7622,0.000101,74.125.24.0-255,2902,12022,73,179894
7623,0.000105,172.31.40.0-255,66,12088,73,179894
7624,0.000108,74.125.24.0-255,1484,13572,73,179894
7625,0.00011,172.31.40.0-255,66,13638,73,179894
7626,0.000126,172.31.40.0-255,66,13704,73,179894
7627,0.00013,74.125.24.0-255,2543,16247,73,179894
7628,0.000132,172.31.40.0-255,66,16313,73,179894
7629,0.000549,74.125.24.0-255,1484,17797,73,179894
7630,0.000555,172.31.40.0-255,66,17863,73,179894
7631,0.000562,74.125.24.0-255,2902,20765,73,179894
7632,0.000564,172.31.40.0-255,66,20831,73,179894
7633,0.00057,74.125.24.0-255,5738,26569,73,179894
7634,0.000572,172.31.40.0-255,66,26635,73,179894
7635,0.000592,74.125.24.0-255,4320,30955,73,179894
7636,0.000595,172.31.40.0-255,66,31021,73,179894
7637,0.000641,172.31.40.0-255,66,31087,73,179894
7638,0.000652,172.31.40.0-255,66,31153,73,179894
7639,0.000655,74.125.24.0-255,131,31284,73,179894
7640,0.000658,172.31.40.0-255,66,31350,73,179894
7641,0.001051,74.125.24.0-255,1484,32834,73,179894
7642,0.001056,172.31.40.0-255,66,32900,73,179894
7643,0.001064,74.125.24.0-255,2902,35802,73,179894
7644,0.001067,172.31.40.0-255,66,35868,73,179894
7645,0.001071,74.125.24.0-255,1484,37352,73,179894
7646,0.00109,74.125.24.0-255,4320,41672,73,179894
7647,0.001092,172.31.40.0-255,66,41738,73,179894
7648,0.001098,74.125.24.0-255,4320,46058,73,179894
7649,0.0011,172.31.40.0-255,66,46124,73,179894
7650,0.00114,172.31.40.0-255,66,46190,73,179894
7651,0.001152,172.31.40.0-255,66,46256,73,179894
7652,0.002197,74.125.24.0-255,1484,47740,73,179894
7653,0.002207,74.125.24.0-255,2902,50642,73,179894
7654,0.002211,172.31.40.0-255,66,50708,73,179894
7655,0.002219,74.125.24.0-255,5738,56446,73,179894
7656,0.00222,172.31.40.0-255,66,56512,73,179894
7657,0.002223,74.125.24.0-255,1484,57996,73,179894
7658,0.002241,74.125.24.0-255,2902,60898,73,179894
7659,0.002243,172.31.40.0-255,66,60964,73,179894
7660,0.002275,172.31.40.0-255,66,61030,73,179894
7661,0.00228,74.125.24.0-255,4320,65350,73,179894
7662,0.002282,172.31.40.0-255,66,65416,73,179894
7663,0.002306,74.125.24.0-255,5020,70436,73,179894
7664,0.002308,172.31.40.0-255,66,70502,73,179894
7665,0.004855,74.125.24.0-255,5738,76240,73,179894
7666,0.004859,172.31.40.0-255,66,76306,73,179894
7667,0.007437,74.125.24.0-255,5738,82044,73,179894
7668,0.007443,172.31.40.0-255,66,82110,73,179894
7669,0.010033,74.125.24.0-255,5738,87848,73,179894
7670,0.010042,172.31.40.0-255,66,87914,73,179894
7671,0.012598,74.125.24.0-255,5738,93652,73,179894
7672,0.012609,172.31.40.0-255,66,93718,73,179894
7673,0.015178,74.125.24.0-255,5738,99456,73,179894
7674,0.015191,172.31.40.0-255,66,99522,73,179894
7675,0.017765,74.125.24.0-255,5738,105260,73,179894
7676,0.017774,172.31.40.0-255,66,105326,73,179894
7677,0.0203,74.125.24.0-255,5738,111064,73,179894
7678,0.020307,172.31.40.0-255,66,111130,73,179894
7679,0.022868,74.125.24.0-255,5738,116868,73,179894
7680,0.022878,172.31.40.0-255,66,116934,73,179894
7681,0.025648,74.125.24.0-255,5738,122672,73,179894
7682,0.025656,172.31.40.0-255,66,122738,73,179894
7683,0.028221,74.125.24.0-255,4320,127058,73,179894
7684,0.028228,172.31.40.0-255,66,127124,73,179894
7685,0.028287,74.125.24.0-255,1484,128608,73,179894
7686,0.03074,74.125.24.0-255,4320,132928,73,179894
7687,0.03075,172.31.40.0-255,66,132994,73,179894
7688,0.03333,74.125.24.0-255,5738,138732,73,179894
7689,0.033339,172.31.40.0-255,66,138798,73,179894
7690,0.033798,172.31.40.0-255,192,138990,73,179894
7691,0.033832,172.31.40.0-255,1116,140106,73,179894
7692,0.033896,172.31.40.0-255,1514,141620,73,179894
7693,0.033899,172.31.40.0-255,1514,143134,73,179894
7694,0.033903,172.31.40.0-255,1514,144648,73,179894
7695,0.033904,172.31.40.0-255,158,144806,73,179894
7696,0.035329,104.244.42.0-255,66,144872,73,179894
7697,0.035396,104.244.42.0-255,66,144938,73,179894
7698,0.035479,104.244.42.0-255,66,145004,73,179894
7699,0.035485,104.244.42.0-255,66,145070,73,179894
7700,0.035861,74.125.24.0-255,5738,150808,73,179894
7701,0.035872,172.31.40.0-255,66,150874,73,179894
7702,0.038438,74.125.24.0-255,5738,156612,73,179894
7703,0.038446,172.31.40.0-255,66,156678,73,179894
7704,0.041012,74.125.24.0-255,5738,162416,73,179894
7705,0.041018,172.31.40.0-255,66,162482,73,179894
7706,0.043567,74.125.24.0-255,5738,168220,73,179894
7707,0.043574,172.31.40.0-255,66,168286,73,179894
7708,0.046115,74.125.24.0-255,5738,174024,73,179894
7709,0.046121,172.31.40.0-255,66,174090,73,179894
7710,0.048689,74.125.24.0-255,5738,179828,73,179894
7711,0.048694,172.31.40.0-255,66,179894,73,179894
7712,0.0,74.125.24.0-255,66,66,73,66
7713,0.0,172.217.194.0-255,146,146,73,201182
7714,1.7e-05,172.31.40.0-255,66,212,73,201182
7715,2.4e-05,172.217.194.0-255,1484,1696,73,201182
7716,2.9e-05,172.31.40.0-255,66,1762,73,201182
7717,5.9e-05,172.217.194.0-255,2902,4664,73,201182
7718,6.2e-05,172.31.40.0-255,66,4730,73,201182
7719,6.9e-05,172.217.194.0-255,4320,9050,73,201182
7720,7.1e-05,172.31.40.0-255,66,9116,73,201182
7721,8.3e-05,172.217.194.0-255,1484,10600,73,201182
7722,8.6e-05,172.31.40.0-255,66,10666,73,201182
7723,9.1e-05,172.217.194.0-255,2902,13568,73,201182
7724,9.4e-05,172.31.40.0-255,66,13634,73,201182
7725,0.000133,172.31.40.0-255,66,13700,73,201182
7726,0.00016,172.217.194.0-255,1484,15184,73,201182
7727,0.000162,172.31.40.0-255,66,15250,73,201182
7728,0.000184,172.217.194.0-255,5379,20629,73,201182
7729,0.000187,172.31.40.0-255,66,20695,73,201182
7730,0.000254,172.217.194.0-255,1484,22179,73,201182
7731,0.000257,172.31.40.0-255,66,22245,73,201182
7732,0.000261,172.217.194.0-255,1484,23729,73,201182
7733,0.000263,172.31.40.0-255,66,23795,73,201182
7734,0.000281,172.217.194.0-255,1484,25279,73,201182
7735,0.000283,172.31.40.0-255,66,25345,73,201182
7736,0.00029,172.217.194.0-255,5738,31083,73,201182
7737,0.000292,172.31.40.0-255,66,31149,73,201182
7738,0.000298,172.217.194.0-255,4320,35469,73,201182
7739,0.0003,172.31.40.0-255,66,35535,73,201182
7740,0.000343,172.217.194.0-255,2902,38437,73,201182
7741,0.000345,172.31.40.0-255,66,38503,73,201182
7742,0.000377,172.31.40.0-255,66,38569,73,201182
7743,0.000383,172.217.194.0-255,5738,44307,73,201182
7744,0.000408,172.217.194.0-255,1418,45725,73,201182
7745,0.000611,172.31.40.0-255,66,45791,73,201182
7746,0.000813,172.217.194.0-255,363,46154,73,201182
7747,0.000934,172.217.194.0-255,1484,47638,73,201182
7748,0.000938,172.31.40.0-255,66,47704,73,201182
7749,0.000943,172.217.194.0-255,2902,50606,73,201182
7750,0.000948,172.217.194.0-255,4320,54926,73,201182
7751,0.000963,172.217.194.0-255,1484,56410,73,201182
7752,0.000968,172.217.194.0-255,5738,62148,73,201182
7753,0.000979,172.31.40.0-255,66,62214,73,201182
7754,0.001008,172.31.40.0-255,66,62280,73,201182
7755,0.001029,172.217.194.0-255,5379,67659,73,201182
7756,0.001034,172.217.194.0-255,3411,71070,73,201182
7757,0.001038,172.31.40.0-255,66,71136,73,201182
7758,0.001368,172.217.194.0-255,1484,72620,73,201182
7759,0.001382,172.217.194.0-255,2902,75522,73,201182
7760,0.001385,172.31.40.0-255,66,75588,73,201182
7761,0.001391,172.217.194.0-255,5738,81326,73,201182
7762,0.001393,172.31.40.0-255,66,81392,73,201182
7763,0.001414,172.217.194.0-255,5738,87130,73,201182
7764,0.001416,172.31.40.0-255,66,87196,73,201182
7765,0.001442,172.217.194.0-255,7156,94352,73,201182
7766,0.001444,172.31.40.0-255,66,94418,73,201182
7767,0.001454,172.31.40.0-255,66,94484,73,201182
7768,0.001469,172.217.194.0-255,1484,95968,73,201182
7769,0.001481,172.217.194.0-255,766,96734,73,201182
7770,0.001495,172.31.40.0-255,66,96800,73,201182
7771,0.001998,172.217.194.0-255,1484,98284,73,201182
7772,0.002008,172.217.194.0-255,2902,101186,73,201182
7773,0.002012,172.31.40.0-255,66,101252,73,201182
7774,0.002016,172.217.194.0-255,1484,102736,73,201182
7775,0.002057,172.217.194.0-255,7156,109892,73,201182
7776,0.00206,172.31.40.0-255,66,109958,73,201182
7777,0.002064,172.217.194.0-255,2902,112860,73,201182
7778,0.002066,172.31.40.0-255,66,112926,73,201182
7779,0.002069,172.217.194.0-255,1484,114410,73,201182
7780,0.002095,172.217.194.0-255,5738,120148,73,201182
7781,0.002098,172.31.40.0-255,66,120214,73,201182
7782,0.002123,172.217.194.0-255,5738,125952,73,201182
7783,0.002126,172.31.40.0-255,66,126018,73,201182
7784,0.002133,172.217.194.0-255,5020,131038,73,201182
7785,0.002135,172.31.40.0-255,66,131104,73,201182
7786,0.002383,172.217.194.0-255,1484,132588,73,201182
7787,0.002392,172.217.194.0-255,2902,135490,73,201182
7788,0.002396,172.31.40.0-255,66,135556,73,201182
7789,0.002404,172.217.194.0-255,5738,141294,73,201182
7790,0.002416,172.217.194.0-255,1484,142778,73,201182
7791,0.00245,172.217.194.0-255,7156,149934,73,201182
7792,0.00247,172.217.194.0-255,3602,153536,73,201182
7793,0.002499,172.217.194.0-255,4320,157856,73,201182
7794,0.002555,172.217.194.0-255,2902,160758,73,201182
7795,0.002571,172.217.194.0-255,5738,166496,73,201182
7796,0.002607,172.217.194.0-255,1484,167980,73,201182
7797,0.002648,172.217.194.0-255,1484,169464,73,201182
7798,0.002693,172.217.194.0-255,6438,175902,73,201182
7799,0.002731,172.217.194.0-255,4320,180222,73,201182
7800,0.002865,172.217.194.0-255,5020,185242,73,201182
7801,0.00291,172.217.194.0-255,5738,190980,73,201182
7802,0.00293,172.217.194.0-255,105,191085,73,201182
7803,0.005281,172.31.40.0-255,66,191151,73,201182
7804,0.007431,172.31.40.0-255,105,191256,73,201182
7805,0.009399,172.217.194.0-255,66,191322,73,201182
7806,0.037341,172.31.40.0-255,172,191494,73,201182
7807,0.037375,172.31.40.0-255,1115,192609,73,201182
7808,0.037444,172.31.40.0-255,1514,194123,73,201182
7809,0.037446,172.31.40.0-255,1514,195637,73,201182
7810,0.037452,172.31.40.0-255,1514,197151,73,201182
7811,0.037453,172.31.40.0-255,1514,198665,73,201182
7812,0.037473,172.31.40.0-255,1514,200179,73,201182
7813,0.037475,172.31.40.0-255,739,200918,73,201182
7814,0.038864,104.244.42.0-255,66,200984,73,201182
7815,0.038953,104.244.42.0-255,66,201050,73,201182
7816,0.039095,104.244.42.0-255,66,201116,73,201182
7817,0.039109,104.244.42.0-255,66,201182,73,201182
7818,0.0,74.125.24.0-255,161,161,73,211060
7819,2.5e-05,172.31.40.0-255,66,227,73,211060
7820,3.2e-05,74.125.24.0-255,1484,1711,73,211060
7821,3.7e-05,172.31.40.0-255,66,1777,73,211060
7822,4.3e-05,74.125.24.0-255,2902,4679,73,211060
7823,4.6e-05,172.31.40.0-255,66,4745,73,211060
7824,6.2e-05,74.125.24.0-255,7156,11901,73,211060
7825,6.5e-05,172.31.40.0-255,66,11967,73,211060
7826,6.9e-05,74.125.24.0-255,2035,14002,73,211060
7827,7.2e-05,172.31.40.0-255,66,14068,73,211060
7828,0.000126,74.125.24.0-255,1484,15552,73,211060
7829,0.00013,172.31.40.0-255,66,15618,73,211060
7830,0.000134,74.125.24.0-255,2902,18520,73,211060
7831,0.000137,172.31.40.0-255,66,18586,73,211060
7832,0.000176,74.125.24.0-255,5738,24324,73,211060
7833,0.000179,172.31.40.0-255,66,24390,73,211060
7834,0.000203,74.125.24.0-255,4320,28710,73,211060
7835,0.000205,172.31.40.0-255,66,28776,73,211060
7836,0.00023,74.125.24.0-255,2543,31319,73,211060
7837,0.000232,172.31.40.0-255,66,31385,73,211060
7838,0.000406,74.125.24.0-255,1484,32869,73,211060
7839,0.000411,172.31.40.0-255,66,32935,73,211060
7840,0.000416,74.125.24.0-255,2902,35837,73,211060
7841,0.000419,172.31.40.0-255,66,35903,73,211060
7842,0.000454,74.125.24.0-255,5738,41641,73,211060
7843,0.000458,172.31.40.0-255,66,41707,73,211060
7844,0.000465,74.125.24.0-255,6797,48504,73,211060
7845,0.000467,172.31.40.0-255,66,48570,73,211060
7846,0.000502,74.125.24.0-255,7156,55726,73,211060
7847,0.000505,172.31.40.0-255,66,55792,73,211060
7848,0.00051,74.125.24.0-255,2902,58694,73,211060
7849,0.000512,172.31.40.0-255,66,58760,73,211060
7850,0.000517,74.125.24.0-255,4320,63080,73,211060
7851,0.00052,172.31.40.0-255,66,63146,73,211060
7852,0.000553,74.125.24.0-255,2543,65689,73,211060
7853,0.000555,172.31.40.0-255,66,65755,73,211060
7854,0.001015,74.125.24.0-255,401,66156,73,211060
7855,0.001091,172.31.40.0-255,66,66222,73,211060
7856,0.00118,74.125.24.0-255,345,66567,73,211060
7857,0.002037,74.125.24.0-255,1484,68051,73,211060
7858,0.002044,172.31.40.0-255,66,68117,73,211060
7859,0.002051,74.125.24.0-255,2902,71019,73,211060
7860,0.002053,172.31.40.0-255,66,71085,73,211060
7861,0.002065,74.125.24.0-255,5738,76823,73,211060
7862,0.002067,172.31.40.0-255,66,76889,73,211060
7863,0.002074,74.125.24.0-255,5738,82627,73,211060
7864,0.002076,172.31.40.0-255,66,82693,73,211060
7865,0.002083,74.125.24.0-255,4320,87013,73,211060
7866,0.002085,172.31.40.0-255,66,87079,73,211060
7867,0.002125,172.31.40.0-255,66,87145,73,211060
7868,0.002131,74.125.24.0-255,5020,92165,73,211060
7869,0.002133,172.31.40.0-255,66,92231,73,211060
7870,0.004432,74.125.24.0-255,4320,96551,73,211060
7871,0.004436,172.31.40.0-255,66,96617,73,211060
7872,0.004454,74.125.24.0-255,1484,98101,73,211060
7873,0.006741,74.125.24.0-255,4320,102421,73,211060
7874,0.006747,172.31.40.0-255,66,102487,73,211060
7875,0.009052,74.125.24.0-255,5738,108225,73,211060
7876,0.009061,172.31.40.0-255,66,108291,73,211060
7877,0.011394,74.125.24.0-255,5738,114029,73,211060
7878,0.011403,172.31.40.0-255,66,114095,73,211060
7879,0.013727,74.125.24.0-255,5738,119833,73,211060
7880,0.013735,172.31.40.0-255,66,119899,73,211060
7881,0.016044,74.125.24.0-255,5738,125637,73,211060
7882,0.016053,172.31.40.0-255,66,125703,73,211060
7883,0.01836,74.125.24.0-255,5738,131441,73,211060
7884,0.018369,172.31.40.0-255,66,131507,73,211060
7885,0.020687,74.125.24.0-255,5738,137245,73,211060
7886,0.020695,172.31.40.0-255,66,137311,73,211060
7887,0.022967,74.125.24.0-255,5738,143049,73,211060
7888,0.022975,172.31.40.0-255,66,143115,73,211060
7889,0.024198,172.31.40.0-255,200,143315,73,211060
7890,0.024232,172.31.40.0-255,1111,144426,73,211060
7891,0.024297,172.31.40.0-255,1514,145940,73,211060
7892,0.024299,172.31.40.0-255,1514,147454,73,211060
7893,0.024324,172.31.40.0-255,850,148304,73,211060
7894,0.02526,74.125.24.0-255,5738,154042,73,211060
7895,0.025266,172.31.40.0-255,66,154108,73,211060
7896,0.025768,104.244.42.0-255,66,154174,73,211060
7897,0.025813,104.244.42.0-255,66,154240,73,211060
7898,0.025876,104.244.42.0-255,66,154306,73,211060
7899,0.02588,104.244.42.0-255,66,154372,73,211060
7900,0.027573,74.125.24.0-255,4320,158692,73,211060
7901,0.027581,172.31.40.0-255,66,158758,73,211060
7902,0.027612,74.125.24.0-255,1484,160242,73,211060
7903,0.029862,74.125.24.0-255,4320,164562,73,211060
7904,0.029869,172.31.40.0-255,66,164628,73,211060
7905,0.032163,74.125.24.0-255,5738,170366,73,211060
7906,0.03217,172.31.40.0-255,66,170432,73,211060
7907,0.034472,74.125.24.0-255,5738,176170,73,211060
7908,0.034479,172.31.40.0-255,66,176236,73,211060
7909,0.03677,74.125.24.0-255,5738,181974,73,211060
7910,0.036778,172.31.40.0-255,66,182040,73,211060
7911,0.039053,74.125.24.0-255,5738,187778,73,211060
7912,0.039059,172.31.40.0-255,66,187844,73,211060
7913,0.041355,74.125.24.0-255,5738,193582,73,211060
7914,0.041361,172.31.40.0-255,66,193648,73,211060
7915,0.043665,74.125.24.0-255,5738,199386,73,211060
7916,0.043672,172.31.40.0-255,66,199452,73,211060
7917,0.045956,74.125.24.0-255,5738,205190,73,211060
7918,0.045963,172.31.40.0-255,66,205256,73,211060
7919,0.048265,74.125.24.0-255,5738,210994,73,211060
7920,0.048271,172.31.40.0-255,66,211060,73,211060
7921,0.0,172.217.194.0-255,153,153,73,237428
7922,2.2e-05,172.31.40.0-255,66,219,73,237428
7923,2.8e-05,172.217.194.0-255,1484,1703,73,237428
7924,3.3e-05,172.31.40.0-255,66,1769,73,237428
7925,3.9e-05,172.217.194.0-255,2902,4671,73,237428
7926,4.2e-05,172.31.40.0-255,66,4737,73,237428
7927,5.1e-05,172.217.194.0-255,7156,11893,73,237428
7928,5.4e-05,172.31.40.0-255,66,11959,73,237428
7929,0.00011,172.217.194.0-255,2021,13980,73,237428
7930,0.000113,172.31.40.0-255,66,14046,73,237428
7931,0.000152,172.217.194.0-255,5738,19784,73,237428
7932,0.000154,172.31.40.0-255,66,19850,73,237428
7933,0.000218,172.217.194.0-255,4320,24170,73,237428
7934,0.000221,172.31.40.0-255,66,24236,73,237428
7935,0.000245,172.217.194.0-255,5738,29974,73,237428
7936,0.000247,172.31.40.0-255,66,30040,73,237428
7937,0.000347,172.217.194.0-255,2543,32583,73,237428
7938,0.000351,172.31.40.0-255,66,32649,73,237428
7939,0.000388,172.217.194.0-255,2902,35551,73,237428
7940,0.000391,172.31.40.0-255,66,35617,73,237428
7941,0.000422,172.31.40.0-255,66,35683,73,237428
7942,0.000639,172.217.194.0-255,2902,38585,73,237428
7943,0.000645,172.31.40.0-255,66,38651,73,237428
7944,0.000661,172.217.194.0-255,7156,45807,73,237428
7945,0.000664,172.31.40.0-255,66,45873,73,237428
7946,0.000697,172.217.194.0-255,7072,52945,73,237428
7947,0.000701,172.31.40.0-255,66,53011,73,237428
7948,0.000815,172.217.194.0-255,433,53444,73,237428
7949,0.000819,172.31.40.0-255,66,53510,73,237428
7950,0.000838,172.217.194.0-255,1484,54994,73,237428
7951,0.000841,172.31.40.0-255,66,55060,73,237428
7952,0.000863,172.217.194.0-255,4320,59380,73,237428
7953,0.000899,172.217.194.0-255,4320,63700,73,237428
7954,0.000903,172.31.40.0-255,66,63766,73,237428
7955,0.000908,172.31.40.0-255,66,63832,73,237428
7956,0.000931,172.217.194.0-255,5738,69570,73,237428
7957,0.000959,172.31.40.0-255,66,69636,73,237428
7958,0.001007,172.217.194.0-255,4320,73956,73,237428
7959,0.001021,172.31.40.0-255,66,74022,73,237428
7960,0.001044,172.31.40.0-255,66,74088,73,237428
7961,0.001208,172.217.194.0-255,1484,75572,73,237428
7962,0.001213,172.217.194.0-255,1484,77056,73,237428
7963,0.001217,172.31.40.0-255,66,77122,73,237428
7964,0.001237,172.217.194.0-255,1484,78606,73,237428
7965,0.001244,172.217.194.0-255,5738,84344,73,237428
7966,0.001251,172.31.40.0-255,66,84410,73,237428
7967,0.001289,172.217.194.0-255,2902,87312,73,237428
7968,0.001298,172.31.40.0-255,66,87378,73,237428
7969,0.00133,172.31.40.0-255,66,87444,73,237428
7970,0.001436,172.217.194.0-255,4320,91764,73,237428
7971,0.00144,172.31.40.0-255,66,91830,73,237428
7972,0.001467,172.217.194.0-255,6438,98268,73,237428
7973,0.001473,172.31.40.0-255,66,98334,73,237428
7974,0.003414,172.217.194.0-255,5738,104072,73,237428
7975,0.003421,172.31.40.0-255,66,104138,73,237428
7976,0.005383,172.217.194.0-255,5738,109876,73,237428
7977,0.00756,172.31.40.0-255,66,109942,73,237428
7978,0.009533,172.217.194.0-255,5738,115680,73,237428
7979,0.009541,172.31.40.0-255,66,115746,73,237428
7980,0.011509,172.217.194.0-255,5738,121484,73,237428
7981,0.011613,172.31.40.0-255,66,121550,73,237428
7982,0.013612,172.217.194.0-255,5738,127288,73,237428
7983,0.013618,172.31.40.0-255,66,127354,73,237428
7984,0.015595,172.217.194.0-255,5738,133092,73,237428
7985,0.015605,172.31.40.0-255,66,133158,73,237428
7986,0.017659,172.217.194.0-255,5738,138896,73,237428
7987,0.017666,172.31.40.0-255,66,138962,73,237428
7988,0.019631,172.217.194.0-255,5738,144700,73,237428
7989,0.019639,172.31.40.0-255,66,144766,73,237428
7990,0.021612,172.217.194.0-255,4320,149086,73,237428
7991,0.021619,172.31.40.0-255,66,149152,73,237428
7992,0.021645,172.217.194.0-255,1484,150636,73,237428
7993,0.023581,172.217.194.0-255,4320,154956,73,237428
7994,0.023587,172.31.40.0-255,66,155022,73,237428
7995,0.025095,172.31.40.0-255,172,155194,73,237428
7996,0.025121,172.31.40.0-255,1114,156308,73,237428
7997,0.025175,172.31.40.0-255,1514,157822,73,237428
7998,0.025177,172.31.40.0-255,1514,159336,73,237428
7999,0.025178,172.31.40.0-255,1514,160850,73,237428
8000,0.025178,172.31.40.0-255,160,161010,73,237428
8001,0.025559,172.217.194.0-255,5738,166748,73,237428
8002,0.025597,172.31.40.0-255,66,166814,73,237428
8003,0.026658,104.244.42.0-255,66,166880,73,237428
8004,0.026686,104.244.42.0-255,66,166946,73,237428
8005,0.026749,104.244.42.0-255,66,167012,73,237428
8006,0.026763,104.244.42.0-255,66,167078,73,237428
8007,0.027563,172.217.194.0-255,5738,172816,73,237428
8008,0.02757,172.31.40.0-255,66,172882,73,237428
8009,0.029529,172.217.194.0-255,5738,178620,73,237428
8010,0.029536,172.31.40.0-255,66,178686,73,237428
8011,0.031504,172.217.194.0-255,5738,184424,73,237428
8012,0.031511,172.31.40.0-255,66,184490,73,237428
8013,0.032512,104.244.42.0-255,108,184598,73,237428
8014,0.032521,172.31.40.0-255,66,184664,73,237428
8015,0.033468,172.217.194.0-255,5738,190402,73,237428
8016,0.033473,172.31.40.0-255,66,190468,73,237428
8017,0.035442,172.217.194.0-255,5738,196206,73,237428
8018,0.035448,172.31.40.0-255,66,196272,73,237428
8019,0.037411,172.217.194.0-255,5738,202010,73,237428
8020,0.037418,172.31.40.0-255,66,202076,73,237428
8021,0.039548,172.217.194.0-255,5738,207814,73,237428
8022,0.039555,172.31.40.0-255,66,207880,73,237428
8023,0.041511,172.217.194.0-255,5738,213618,73,237428
8024,0.041517,172.31.40.0-255,66,213684,73,237428
8025,0.043472,172.217.194.0-255,2902,216586,73,237428
8026,0.043483,172.31.40.0-255,66,216652,73,237428
8027,0.043506,172.217.194.0-255,2902,219554,73,237428
8028,0.043869,172.31.40.0-255,66,219620,73,237428
8029,0.045462,172.217.194.0-255,2902,222522,73,237428
8030,0.045469,172.31.40.0-255,66,222588,73,237428
8031,0.045834,172.217.194.0-255,2902,225490,73,237428
8032,0.04584,172.31.40.0-255,66,225556,73,237428
8033,0.047416,172.217.194.0-255,2902,228458,73,237428
8034,0.047422,172.31.40.0-255,66,228524,73,237428
8035,0.047836,172.217.194.0-255,2902,231426,73,237428
8036,0.047842,172.31.40.0-255,66,231492,73,237428
8037,0.049389,172.217.194.0-255,2902,234394,73,237428
8038,0.049395,172.31.40.0-255,66,234460,73,237428
8039,0.049805,172.217.194.0-255,2902,237362,73,237428
8040,0.049811,172.31.40.0-255,66,237428,73,237428
8041,0.0,172.31.40.0-255,105,105,73,459
8042,0.000148,172.31.40.0-255,90,195,73,459
8043,0.000158,172.31.40.0-255,66,261,73,459
8044,0.002477,172.217.194.0-255,66,327,73,459
8045,0.002508,172.217.194.0-255,66,393,73,459
8046,0.002532,172.31.40.0-255,66,459,73,459
8047,0.0,172.217.27.0-255,150,150,73,307733
8048,2.9e-05,172.31.40.0-255,66,216,73,307733
8049,3.7e-05,172.217.27.0-255,1484,1700,73,307733
8050,4.2e-05,172.31.40.0-255,66,1766,73,307733
8051,5.5e-05,172.217.27.0-255,2902,4668,73,307733
8052,5.9e-05,172.31.40.0-255,66,4734,73,307733
8053,6.7e-05,172.217.27.0-255,2902,7636,73,307733
8054,7e-05,172.31.40.0-255,66,7702,73,307733
8055,7.7e-05,172.217.27.0-255,4320,12022,73,307733
8056,7.9e-05,172.31.40.0-255,66,12088,73,307733
8057,9.2e-05,172.31.40.0-255,66,12154,73,307733
8058,0.000112,172.217.27.0-255,2902,15056,73,307733
8059,0.000114,172.31.40.0-255,66,15122,73,307733
8060,0.000137,172.217.27.0-255,6797,21919,73,307733
8061,0.000147,172.31.40.0-255,66,21985,73,307733
8062,0.000216,172.217.27.0-255,1484,23469,73,307733
8063,0.000219,172.31.40.0-255,66,23535,73,307733
8064,0.000237,172.217.27.0-255,2902,26437,73,307733
8065,0.00024,172.31.40.0-255,66,26503,73,307733
8066,0.000246,172.217.27.0-255,5738,32241,73,307733
8067,0.000248,172.31.40.0-255,66,32307,73,307733
8068,0.000252,172.217.27.0-255,2902,35209,73,307733
8069,0.000254,172.31.40.0-255,66,35275,73,307733
8070,0.000258,172.217.27.0-255,1484,36759,73,307733
8071,0.00026,172.31.40.0-255,66,36825,73,307733
8072,0.000292,172.217.27.0-255,2543,39368,73,307733
8073,0.000295,172.31.40.0-255,66,39434,73,307733
8074,0.000299,172.217.27.0-255,2902,42336,73,307733
8075,0.000301,172.31.40.0-255,66,42402,73,307733
8076,0.000305,172.217.27.0-255,2902,45304,73,307733
8077,0.000307,172.31.40.0-255,66,45370,73,307733
8078,0.000315,172.217.27.0-255,1484,46854,73,307733
8079,0.00034,172.217.27.0-255,2902,49756,73,307733
8080,0.000343,172.31.40.0-255,66,49822,73,307733
8081,0.000348,172.217.27.0-255,4320,54142,73,307733
8082,0.00035,172.31.40.0-255,66,54208,73,307733
8083,0.000358,172.217.27.0-255,2806,57014,73,307733
8084,0.00036,172.31.40.0-255,66,57080,73,307733
8085,0.000644,172.217.27.0-255,391,57471,73,307733
8086,0.001027,172.217.27.0-255,1484,58955,73,307733
8087,0.001032,172.31.40.0-255,66,59021,73,307733
8088,0.001061,172.217.27.0-255,1484,60505,73,307733
8089,0.001066,172.217.27.0-255,2902,63407,73,307733
8090,0.001068,172.31.40.0-255,66,63473,73,307733
8091,0.001073,172.217.27.0-255,2902,66375,73,307733
8092,0.001075,172.31.40.0-255,66,66441,73,307733
8093,0.001097,172.217.27.0-255,2902,69343,73,307733
8094,0.001099,172.31.40.0-255,66,69409,73,307733
8095,0.001103,172.217.27.0-255,2902,72311,73,307733
8096,0.001109,172.31.40.0-255,66,72377,73,307733
8097,0.001136,172.217.27.0-255,3961,76338,73,307733
8098,0.001139,172.31.40.0-255,66,76404,73,307733
8099,0.001162,172.217.27.0-255,1484,77888,73,307733
8100,0.001166,172.217.27.0-255,1484,79372,73,307733
8101,0.001171,172.31.40.0-255,66,79438,73,307733
8102,0.001187,172.217.27.0-255,1484,80922,73,307733
8103,0.001194,172.217.27.0-255,5738,86660,73,307733
8104,0.001196,172.31.40.0-255,66,86726,73,307733
8105,0.0012,172.217.27.0-255,2902,89628,73,307733
8106,0.001202,172.31.40.0-255,66,89694,73,307733
8107,0.00123,172.217.27.0-255,4320,94014,73,307733
8108,0.001233,172.31.40.0-255,66,94080,73,307733
8109,0.001248,172.31.40.0-255,66,94146,73,307733
8110,0.001251,172.217.27.0-255,766,94912,73,307733
8111,0.001334,172.217.27.0-255,1484,96396,73,307733
8112,0.001337,172.31.40.0-255,66,96462,73,307733
8113,0.001342,172.217.27.0-255,2902,99364,73,307733
8114,0.001345,172.31.40.0-255,66,99430,73,307733
8115,0.001347,172.217.27.0-255,1484,100914,73,307733
8116,0.001369,172.217.27.0-255,1484,102398,73,307733
8117,0.001371,172.31.40.0-255,66,102464,73,307733
8118,0.001377,172.217.27.0-255,4320,106784,73,307733
8119,0.001379,172.31.40.0-255,66,106850,73,307733
8120,0.001397,172.217.27.0-255,1484,108334,73,307733
8121,0.00142,172.217.27.0-255,3961,112295,73,307733
8122,0.001423,172.31.40.0-255,66,112361,73,307733
8123,0.001474,172.217.27.0-255,5738,118099,73,307733
8124,0.001478,172.31.40.0-255,66,118165,73,307733
8125,0.001489,172.217.27.0-255,1484,119649,73,307733
8126,0.001517,172.31.40.0-255,66,119715,73,307733
8127,0.001525,172.217.27.0-255,7156,126871,73,307733
8128,0.001527,172.31.40.0-255,66,126937,73,307733
8129,0.001536,172.217.27.0-255,4320,131257,73,307733
8130,0.001538,172.31.40.0-255,66,131323,73,307733
8131,0.001567,172.217.27.0-255,3602,134925,73,307733
8132,0.00157,172.31.40.0-255,66,134991,73,307733
8133,0.00317,172.217.27.0-255,1484,136475,73,307733
8134,0.003211,172.217.27.0-255,4320,140795,73,307733
8135,0.003216,172.31.40.0-255,66,140861,73,307733
8136,0.004851,172.217.27.0-255,4320,145181,73,307733
8137,0.004854,172.31.40.0-255,66,145247,73,307733
8138,0.004881,172.217.27.0-255,1484,146731,73,307733
8139,0.006484,172.217.27.0-255,4320,151051,73,307733
8140,0.006487,172.31.40.0-255,66,151117,73,307733
8141,0.008116,172.217.27.0-255,5738,156855,73,307733
8142,0.008123,172.31.40.0-255,66,156921,73,307733
8143,0.009778,172.217.27.0-255,5738,162659,73,307733
8144,0.009785,172.31.40.0-255,66,162725,73,307733
8145,0.011415,172.217.27.0-255,5738,168463,73,307733
8146,0.011422,172.31.40.0-255,66,168529,73,307733
8147,0.01309,172.217.27.0-255,5738,174267,73,307733
8148,0.013099,172.31.40.0-255,66,174333,73,307733
8149,0.014737,172.217.27.0-255,5738,180071,73,307733
8150,0.014745,172.31.40.0-255,66,180137,73,307733
8151,0.016379,172.217.27.0-255,5738,185875,73,307733
8152,0.016389,172.31.40.0-255,66,185941,73,307733
8153,0.018027,172.217.27.0-255,4320,190261,73,307733
8154,0.018034,172.31.40.0-255,66,190327,73,307733
8155,0.018064,172.217.27.0-255,1484,191811,73,307733
8156,0.019659,172.217.27.0-255,4320,196131,73,307733
8157,0.019666,172.31.40.0-255,66,196197,73,307733
8158,0.021286,172.217.27.0-255,2902,199099,73,307733
8159,0.021292,172.31.40.0-255,66,199165,73,307733
8160,0.021324,172.217.27.0-255,2902,202067,73,307733
8161,0.021326,172.31.40.0-255,66,202133,73,307733
8162,0.022928,172.217.27.0-255,2902,205035,73,307733
8163,0.022936,172.31.40.0-255,66,205101,73,307733
8164,0.022966,172.217.27.0-255,2902,208003,73,307733
8165,0.022969,172.31.40.0-255,66,208069,73,307733
8166,0.024561,172.217.27.0-255,2902,210971,73,307733
8167,0.024569,172.31.40.0-255,66,211037,73,307733
8168,0.024605,172.217.27.0-255,2902,213939,73,307733
8169,0.024608,172.31.40.0-255,66,214005,73,307733
8170,0.026211,172.217.27.0-255,2902,216907,73,307733
8171,0.026219,172.31.40.0-255,66,216973,73,307733
8172,0.026254,172.217.27.0-255,2902,219875,73,307733
8173,0.026257,172.31.40.0-255,66,219941,73,307733
8174,0.027858,172.217.27.0-255,2902,222843,73,307733
8175,0.027868,172.31.40.0-255,66,222909,73,307733
8176,0.027899,172.217.27.0-255,2902,225811,73,307733
8177,0.027902,172.31.40.0-255,66,225877,73,307733
8178,0.029493,172.217.27.0-255,2902,228779,73,307733
8179,0.029502,172.31.40.0-255,66,228845,73,307733
8180,0.029533,172.217.27.0-255,2902,231747,73,307733
8181,0.029536,172.31.40.0-255,66,231813,73,307733
8182,0.031271,172.217.27.0-255,5738,237551,73,307733
8183,0.031285,172.31.40.0-255,66,237617,73,307733
8184,0.032926,172.217.27.0-255,5738,243355,73,307733
8185,0.032933,172.31.40.0-255,66,243421,73,307733
8186,0.034573,172.217.27.0-255,5738,249159,73,307733
8187,0.03458,172.31.40.0-255,66,249225,73,307733
8188,0.035099,172.31.40.0-255,192,249417,73,307733
8189,0.035129,172.31.40.0-255,1116,250533,73,307733
8190,0.035197,172.31.40.0-255,1514,252047,73,307733
8191,0.035199,172.31.40.0-255,1514,253561,73,307733
8192,0.035203,172.31.40.0-255,1514,255075,73,307733
8193,0.035204,172.31.40.0-255,158,255233,73,307733
8194,0.036228,172.217.27.0-255,5738,260971,73,307733
8195,0.036237,172.31.40.0-255,66,261037,73,307733
8196,0.036689,104.244.42.0-255,66,261103,73,307733
8197,0.036699,104.244.42.0-255,66,261169,73,307733
8198,0.036771,104.244.42.0-255,66,261235,73,307733
8199,0.036777,104.244.42.0-255,66,261301,73,307733
8200,0.037869,172.217.27.0-255,5738,267039,73,307733
8201,0.037877,172.31.40.0-255,66,267105,73,307733
8202,0.039527,172.217.27.0-255,5738,272843,73,307733
8203,0.039536,172.31.40.0-255,66,272909,73,307733
8204,0.041169,172.217.27.0-255,5738,278647,73,307733
8205,0.041178,172.31.40.0-255,66,278713,73,307733
8206,0.042828,172.217.27.0-255,5738,284451,73,307733
8207,0.042841,172.31.40.0-255,66,284517,73,307733
8208,0.044479,172.217.27.0-255,5738,290255,73,307733
8209,0.044492,172.31.40.0-255,66,290321,73,307733
8210,0.046167,172.217.27.0-255,5738,296059,73,307733
8211,0.046177,172.31.40.0-255,66,296125,73,307733
8212,0.047812,172.217.27.0-255,5738,301863,73,307733
8213,0.047823,172.31.40.0-255,66,301929,73,307733
8214,0.049483,172.217.27.0-255,5738,307667,73,307733
8215,0.049496,172.31.40.0-255,66,307733,73,307733
8216,0.0,172.217.194.0-255,156,156,73,195448
8217,2.5e-05,172.31.40.0-255,66,222,73,195448
8218,3.3e-05,172.217.194.0-255,1484,1706,73,195448
8219,3.8e-05,172.31.40.0-255,66,1772,73,195448
8220,4.4e-05,172.217.194.0-255,2902,4674,73,195448
8221,4.7e-05,172.31.40.0-255,66,4740,73,195448
8222,5.5e-05,172.217.194.0-255,7156,11896,73,195448
8223,5.9e-05,172.31.40.0-255,66,11962,73,195448
8224,6.4e-05,172.217.194.0-255,3430,15392,73,195448
8225,6.6e-05,172.31.40.0-255,66,15458,73,195448
8226,0.000118,172.31.40.0-255,66,15524,73,195448
8227,0.000122,172.217.194.0-255,2543,18067,73,195448
8228,0.000124,172.31.40.0-255,66,18133,73,195448
8229,0.000174,172.217.194.0-255,1484,19617,73,195448
8230,0.000177,172.31.40.0-255,66,19683,73,195448
8231,0.000182,172.217.194.0-255,2902,22585,73,195448
8232,0.000185,172.31.40.0-255,66,22651,73,195448
8233,0.000192,172.217.194.0-255,5738,28389,73,195448
8234,0.000194,172.31.40.0-255,66,28455,73,195448
8235,0.000209,172.31.40.0-255,66,28521,73,195448
8236,0.000221,172.31.40.0-255,66,28587,73,195448
8237,0.000244,172.217.194.0-255,364,28951,73,195448
8238,0.000247,172.31.40.0-255,66,29017,73,195448
8239,0.000313,172.217.194.0-255,1484,30501,73,195448
8240,0.000316,172.31.40.0-255,66,30567,73,195448
8241,0.000338,172.217.194.0-255,2902,33469,73,195448
8242,0.000341,172.31.40.0-255,66,33535,73,195448
8243,0.000348,172.217.194.0-255,5738,39273,73,195448
8244,0.000351,172.31.40.0-255,66,39339,73,195448
8245,0.000355,172.217.194.0-255,2902,42241,73,195448
8246,0.000371,172.217.194.0-255,3961,46202,73,195448
8247,0.000377,172.217.194.0-255,4320,50522,73,195448
8248,0.000413,172.217.194.0-255,2543,53065,73,195448
8249,0.000559,172.217.194.0-255,1484,54549,73,195448
8250,0.000566,172.217.194.0-255,2902,57451,73,195448
8251,0.00058,172.217.194.0-255,2902,60353,73,195448
8252,0.000592,172.217.194.0-255,2902,63255,73,195448
8253,0.000609,172.217.194.0-255,2902,66157,73,195448
8254,0.000617,172.31.40.0-255,66,66223,73,195448
8255,0.000659,172.217.194.0-255,4320,70543,73,195448
8256,0.000676,172.217.194.0-255,6438,76981,73,195448
8257,0.000683,172.31.40.0-255,66,77047,73,195448
8258,0.000788,172.217.194.0-255,1484,78531,73,195448
8259,0.000794,172.217.194.0-255,2902,81433,73,195448
8260,0.000811,172.31.40.0-255,66,81499,73,195448
8261,0.000823,172.217.194.0-255,5738,87237,73,195448
8262,0.000829,172.31.40.0-255,66,87303,73,195448
8263,0.000842,172.217.194.0-255,7156,94459,73,195448
8264,0.000862,172.217.194.0-255,5738,100197,73,195448
8265,0.000867,172.217.194.0-255,2902,103099,73,195448
8266,0.000881,172.31.40.0-255,66,103165,73,195448
8267,0.000924,172.31.40.0-255,66,103231,73,195448
8268,0.001191,172.217.194.0-255,1484,104715,73,195448
8269,0.001207,172.217.194.0-255,2902,107617,73,195448
8270,0.001213,172.217.194.0-255,5738,113355,73,195448
8271,0.001224,172.31.40.0-255,66,113421,73,195448
8272,0.00123,172.217.194.0-255,4320,117741,73,195448
8273,0.001236,172.31.40.0-255,66,117807,73,195448
8274,0.001247,172.217.194.0-255,2902,120709,73,195448
8275,0.001277,172.217.194.0-255,2902,123611,73,195448
8276,0.001288,172.31.40.0-255,66,123677,73,195448
8277,0.001321,172.31.40.0-255,66,123743,73,195448
8278,0.001331,172.217.194.0-255,2184,125927,73,195448
8279,0.001394,172.217.194.0-255,1484,127411,73,195448
8280,0.001503,172.217.194.0-255,5020,132431,73,195448
8281,0.001537,172.217.194.0-255,1484,133915,73,195448
8282,0.001542,172.217.194.0-255,2902,136817,73,195448
8283,0.001566,172.217.194.0-255,2902,139719,73,195448
8284,0.00158,172.217.194.0-255,2902,142621,73,195448
8285,0.001586,172.217.194.0-255,5738,148359,73,195448
8286,0.00161,172.217.194.0-255,7156,155515,73,195448
8287,0.001615,172.217.194.0-255,4320,159835,73,195448
8288,0.001651,172.217.194.0-255,6438,166273,73,195448
8289,0.001658,172.217.194.0-255,7156,173429,73,195448
8290,0.001745,172.217.194.0-255,7156,180585,73,195448
8291,0.001768,172.217.194.0-255,4320,184905,73,195448
8292,0.001788,172.217.194.0-255,5738,190643,73,195448
8293,0.001871,172.217.194.0-255,3602,194245,73,195448
8294,0.001881,172.217.194.0-255,105,194350,73,195448
8295,0.001883,172.217.194.0-255,129,194479,73,195448
8296,0.01017,172.31.40.0-255,66,194545,73,195448
8297,0.010829,172.217.194.0-255,129,194674,73,195448
8298,0.010841,172.31.40.0-255,78,194752,73,195448
8299,0.013267,172.31.40.0-255,105,194857,73,195448
8300,0.013298,172.31.40.0-255,105,194962,73,195448
8301,0.013526,172.31.40.0-255,90,195052,73,195448
8302,0.013536,172.31.40.0-255,66,195118,73,195448
8303,0.015552,172.217.194.0-255,66,195184,73,195448
8304,0.01557,172.217.194.0-255,66,195250,73,195448
8305,0.015793,172.217.194.0-255,66,195316,73,195448
8306,0.015822,172.217.194.0-255,66,195382,73,195448
8307,0.015834,172.31.40.0-255,66,195448,73,195448
8308,0.0,172.217.194.0-255,150,150,73,173309
8309,3.2e-05,172.31.40.0-255,66,216,73,173309
8310,3.8e-05,172.217.194.0-255,1484,1700,73,173309
8311,4.2e-05,172.31.40.0-255,66,1766,73,173309
8312,4.7e-05,172.217.194.0-255,2902,4668,73,173309
8313,5.1e-05,172.31.40.0-255,66,4734,73,173309
8314,5.8e-05,172.217.194.0-255,7156,11890,73,173309
8315,6.1e-05,172.31.40.0-255,66,11956,73,173309
8316,6.4e-05,172.217.194.0-255,2014,13970,73,173309
8317,6.6e-05,172.31.40.0-255,66,14036,73,173309
8318,9.2e-05,172.217.194.0-255,2902,16938,73,173309
8319,9.5e-05,172.31.40.0-255,66,17004,73,173309
8320,0.000101,172.217.194.0-255,5738,22742,73,173309
8321,0.000104,172.31.40.0-255,66,22808,73,173309
8322,0.000117,172.217.194.0-255,1484,24292,73,173309
8323,0.000119,172.31.40.0-255,66,24358,73,173309
8324,0.000127,172.217.194.0-255,6797,31155,73,173309
8325,0.000128,172.31.40.0-255,66,31221,73,173309
8326,0.000168,172.217.194.0-255,1484,32705,73,173309
8327,0.00017,172.31.40.0-255,66,32771,73,173309
8328,0.000174,172.217.194.0-255,2902,35673,73,173309
8329,0.000175,172.31.40.0-255,66,35739,73,173309
8330,0.000194,172.217.194.0-255,5738,41477,73,173309
8331,0.000197,172.31.40.0-255,66,41543,73,173309
8332,0.000217,172.217.194.0-255,2902,44445,73,173309
8333,0.000219,172.31.40.0-255,66,44511,73,173309
8334,0.000243,172.217.194.0-255,3961,48472,73,173309
8335,0.000245,172.31.40.0-255,66,48538,73,173309
8336,0.000285,172.217.194.0-255,2902,51440,73,173309
8337,0.000288,172.31.40.0-255,66,51506,73,173309
8338,0.000293,172.217.194.0-255,4320,55826,73,173309
8339,0.000295,172.31.40.0-255,66,55892,73,173309
8340,0.000301,172.217.194.0-255,7156,63048,73,173309
8341,0.000303,172.31.40.0-255,66,63114,73,173309
8342,0.000316,172.217.194.0-255,1484,64598,73,173309
8343,0.000319,172.217.194.0-255,1452,66050,73,173309
8344,0.000321,172.31.40.0-255,66,66116,73,173309
8345,0.000349,172.217.194.0-255,383,66499,73,173309
8346,0.000645,172.217.194.0-255,1484,67983,73,173309
8347,0.00065,172.217.194.0-255,2902,70885,73,173309
8348,0.000655,172.217.194.0-255,5738,76623,73,173309
8349,0.000661,172.31.40.0-255,66,76689,73,173309
8350,0.000669,172.31.40.0-255,66,76755,73,173309
8351,0.000672,172.31.40.0-255,66,76821,73,173309
8352,0.00068,172.217.194.0-255,7156,83977,73,173309
8353,0.000682,172.31.40.0-255,66,84043,73,173309
8354,0.000702,172.217.194.0-255,5738,89781,73,173309
8355,0.000704,172.31.40.0-255,66,89847,73,173309
8356,0.000716,172.31.40.0-255,66,89913,73,173309
8357,0.000718,172.217.194.0-255,766,90679,73,173309
8358,0.000918,172.217.194.0-255,1484,92163,73,173309
8359,0.000922,172.31.40.0-255,66,92229,73,173309
8360,0.000928,172.217.194.0-255,2902,95131,73,173309
8361,0.00093,172.31.40.0-255,66,95197,73,173309
8362,0.000937,172.217.194.0-255,5738,100935,73,173309
8363,0.000938,172.31.40.0-255,66,101001,73,173309
8364,0.000975,172.31.40.0-255,66,101067,73,173309
8365,0.001011,172.31.40.0-255,66,101133,73,173309
8366,0.001128,172.217.194.0-255,1484,102617,73,173309
8367,0.001134,172.217.194.0-255,2902,105519,73,173309
8368,0.001137,172.31.40.0-255,66,105585,73,173309
8369,0.001163,172.217.194.0-255,5738,111323,73,173309
8370,0.001167,172.31.40.0-255,66,111389,73,173309
8371,0.001179,172.31.40.0-255,66,111455,73,173309
8372,0.001209,172.217.194.0-255,2902,114357,73,173309
8373,0.001212,172.31.40.0-255,66,114423,73,173309
8374,0.001224,172.31.40.0-255,66,114489,73,173309
8375,0.001278,172.31.40.0-255,66,114555,73,173309
8376,0.001291,172.31.40.0-255,66,114621,73,173309
8377,0.001334,172.217.194.0-255,7156,121777,73,173309
8378,0.001337,172.31.40.0-255,66,121843,73,173309
8379,0.001369,172.31.40.0-255,66,121909,73,173309
8380,0.001386,172.31.40.0-255,66,121975,73,173309
8381,0.001397,172.31.40.0-255,66,122041,73,173309
8382,0.001413,172.31.40.0-255,66,122107,73,173309
8383,0.00142,172.217.194.0-255,4320,126427,73,173309
8384,0.001422,172.31.40.0-255,66,126493,73,173309
8385,0.001457,172.31.40.0-255,66,126559,73,173309
8386,0.001729,172.217.194.0-255,1484,128043,73,173309
8387,0.001736,172.217.194.0-255,2902,130945,73,173309
8388,0.00174,172.31.40.0-255,66,131011,73,173309
8389,0.001766,172.217.194.0-255,5738,136749,73,173309
8390,0.001769,172.31.40.0-255,66,136815,73,173309
8391,0.001775,172.217.194.0-255,5738,142553,73,173309
8392,0.001777,172.31.40.0-255,66,142619,73,173309
8393,0.001788,172.217.194.0-255,1484,144103,73,173309
8394,0.001811,172.31.40.0-255,66,144169,73,173309
8395,0.001818,172.217.194.0-255,5020,149189,73,173309
8396,0.00182,172.31.40.0-255,66,149255,73,173309
8397,0.00212,172.217.194.0-255,1484,150739,73,173309
8398,0.002126,172.217.194.0-255,2902,153641,73,173309
8399,0.002129,172.31.40.0-255,66,153707,73,173309
8400,0.002136,172.217.194.0-255,5738,159445,73,173309
8401,0.002138,172.31.40.0-255,66,159511,73,173309
8402,0.002189,172.31.40.0-255,66,159577,73,173309
8403,0.002201,172.31.40.0-255,66,159643,73,173309
8404,0.002235,172.217.194.0-255,7156,166799,73,173309
8405,0.002238,172.31.40.0-255,66,166865,73,173309
8406,0.00228,172.31.40.0-255,66,166931,73,173309
8407,0.002291,172.31.40.0-255,66,166997,73,173309
8408,0.002351,172.31.40.0-255,66,167063,73,173309
8409,0.002376,172.31.40.0-255,66,167129,73,173309
8410,0.002405,172.31.40.0-255,66,167195,73,173309
8411,0.004672,172.217.194.0-255,105,167300,73,173309
8412,0.009621,172.31.40.0-255,66,167366,73,173309
8413,0.009671,172.31.40.0-255,105,167471,73,173309
8414,0.011943,172.217.194.0-255,66,167537,73,173309
8415,0.034651,172.31.40.0-255,200,167737,73,173309
8416,0.034681,172.31.40.0-255,1114,168851,73,173309
8417,0.034738,172.31.40.0-255,1514,170365,73,173309
8418,0.03474,172.31.40.0-255,1514,171879,73,173309
8419,0.034741,172.31.40.0-255,1166,173045,73,173309
8420,0.036198,104.244.42.0-255,66,173111,73,173309
8421,0.03621,104.244.42.0-255,66,173177,73,173309
8422,0.036245,104.244.42.0-255,66,173243,73,173309
8423,0.036297,104.244.42.0-255,66,173309,73,173309
8424,0.0,74.125.200.0-255,143,143,73,307374
8425,2.3e-05,172.31.40.0-255,66,209,73,307374
8426,3.1e-05,74.125.200.0-255,1484,1693,73,307374
8427,3.5e-05,172.31.40.0-255,66,1759,73,307374
8428,4e-05,74.125.200.0-255,2902,4661,73,307374
8429,5.2e-05,172.31.40.0-255,66,4727,73,307374
8430,5.9e-05,74.125.200.0-255,5738,10465,73,307374
8431,6.3e-05,172.31.40.0-255,66,10531,73,307374
8432,6.8e-05,74.125.200.0-255,3529,14060,73,307374
8433,7.1e-05,172.31.40.0-255,66,14126,73,307374
8434,7.8e-05,74.125.200.0-255,4320,18446,73,307374
8435,8.1e-05,172.31.40.0-255,66,18512,73,307374
8436,9.3e-05,172.31.40.0-255,66,18578,73,307374
8437,9.7e-05,74.125.200.0-255,2543,21121,73,307374
8438,9.9e-05,172.31.40.0-255,66,21187,73,307374
8439,0.000203,74.125.200.0-255,1484,22671,73,307374
8440,0.000208,172.31.40.0-255,66,22737,73,307374
8441,0.000212,74.125.200.0-255,2902,25639,73,307374
8442,0.000214,172.31.40.0-255,66,25705,73,307374
8443,0.000217,74.125.200.0-255,1484,27189,73,307374
8444,0.000225,172.31.40.0-255,66,27255,73,307374
8445,0.000259,74.125.200.0-255,4320,31575,73,307374
8446,0.000262,172.31.40.0-255,66,31641,73,307374
8447,0.00027,74.125.200.0-255,6797,38438,73,307374
8448,0.000272,172.31.40.0-255,66,38504,73,307374
8449,0.000315,74.125.200.0-255,7156,45660,73,307374
8450,0.000319,172.31.40.0-255,66,45726,73,307374
8451,0.00033,172.31.40.0-255,66,45792,73,307374
8452,0.000629,74.125.200.0-255,112,45904,73,307374
8453,0.000636,172.31.40.0-255,66,45970,73,307374
8454,0.000764,74.125.200.0-255,1484,47454,73,307374
8455,0.000785,74.125.200.0-255,2902,50356,73,307374
8456,0.000789,172.31.40.0-255,66,50422,73,307374
8457,0.000792,74.125.200.0-255,1484,51906,73,307374
8458,0.000818,74.125.200.0-255,4320,56226,73,307374
8459,0.000821,172.31.40.0-255,66,56292,73,307374
8460,0.000826,74.125.200.0-255,2902,59194,73,307374
8461,0.000828,172.31.40.0-255,66,59260,73,307374
8462,0.000835,74.125.200.0-255,5738,64998,73,307374
8463,0.000837,172.31.40.0-255,66,65064,73,307374
8464,0.000861,74.125.200.0-255,4320,69384,73,307374
8465,0.000863,172.31.40.0-255,66,69450,73,307374
8466,0.000868,74.125.200.0-255,2902,72352,73,307374
8467,0.00087,172.31.40.0-255,66,72418,73,307374
8468,0.000909,172.31.40.0-255,66,72484,73,307374
8469,0.000912,74.125.200.0-255,332,72816,73,307374
8470,0.001138,74.125.200.0-255,1484,74300,73,307374
8471,0.001142,172.31.40.0-255,66,74366,73,307374
8472,0.001146,74.125.200.0-255,1484,75850,73,307374
8473,0.001171,74.125.200.0-255,2902,78752,73,307374
8474,0.001173,172.31.40.0-255,66,78818,73,307374
8475,0.00118,74.125.200.0-255,5738,84556,73,307374
8476,0.001182,172.31.40.0-255,66,84622,73,307374
8477,0.001237,172.31.40.0-255,66,84688,73,307374
8478,0.001259,74.125.200.0-255,1484,86172,73,307374
8479,0.001286,172.31.40.0-255,66,86238,73,307374
8480,0.001311,74.125.200.0-255,1484,87722,73,307374
8481,0.001317,74.125.200.0-255,2902,90624,73,307374
8482,0.00132,172.31.40.0-255,66,90690,73,307374
8483,0.001344,74.125.200.0-255,5738,96428,73,307374
8484,0.001346,172.31.40.0-255,66,96494,73,307374
8485,0.001364,74.125.200.0-255,2902,99396,73,307374
8486,0.001366,172.31.40.0-255,66,99462,73,307374
8487,0.001372,74.125.200.0-255,4320,103782,73,307374
8488,0.001374,172.31.40.0-255,66,103848,73,307374
8489,0.001402,74.125.200.0-255,4320,108168,73,307374
8490,0.001405,172.31.40.0-255,66,108234,73,307374
8491,0.001424,74.125.200.0-255,4320,112554,73,307374
8492,0.001427,172.31.40.0-255,66,112620,73,307374
8493,0.00143,74.125.200.0-255,1484,114104,73,307374
8494,0.001462,74.125.200.0-255,2902,117006,73,307374
8495,0.001465,172.31.40.0-255,66,117072,73,307374
8496,0.001494,74.125.200.0-255,3602,120674,73,307374
8497,0.001496,172.31.40.0-255,66,120740,73,307374
8498,0.001592,74.125.200.0-255,1484,122224,73,307374
8499,0.001596,74.125.200.0-255,1484,123708,73,307374
8500,0.001599,172.31.40.0-255,66,123774,73,307374
8501,0.001626,74.125.200.0-255,1484,125258,73,307374
8502,0.001633,74.125.200.0-255,4320,129578,73,307374
8503,0.001635,172.31.40.0-255,66,129644,73,307374
8504,0.001642,74.125.200.0-255,5738,135382,73,307374
8505,0.001644,172.31.40.0-255,66,135448,73,307374
8506,0.001661,172.31.40.0-255,66,135514,73,307374
8507,0.001687,74.125.200.0-255,1484,136998,73,307374
8508,0.001693,74.125.200.0-255,4320,141318,73,307374
8509,0.001695,172.31.40.0-255,66,141384,73,307374
8510,0.001724,74.125.200.0-255,3602,144986,73,307374
8511,0.001727,172.31.40.0-255,66,145052,73,307374
8512,0.001959,74.125.200.0-255,1484,146536,73,307374
8513,0.001977,74.125.200.0-255,2902,149438,73,307374
8514,0.001981,172.31.40.0-255,66,149504,73,307374
8515,0.001988,74.125.200.0-255,5738,155242,73,307374
8516,0.00199,172.31.40.0-255,66,155308,73,307374
8517,0.00203,74.125.200.0-255,5738,161046,73,307374
8518,0.002032,172.31.40.0-255,66,161112,73,307374
8519,0.002055,74.125.200.0-255,7156,168268,73,307374
8520,0.002058,172.31.40.0-255,66,168334,73,307374
8521,0.00209,172.31.40.0-255,66,168400,73,307374
8522,0.002119,74.125.200.0-255,2184,170584,73,307374
8523,0.002121,172.31.40.0-255,66,170650,73,307374
8524,0.002289,74.125.200.0-255,1484,172134,73,307374
8525,0.002293,74.125.200.0-255,1484,173618,73,307374
8526,0.002297,172.31.40.0-255,66,173684,73,307374
8527,0.002319,74.125.200.0-255,1484,175168,73,307374
8528,0.002326,74.125.200.0-255,5738,180906,73,307374
8529,0.002329,172.31.40.0-255,66,180972,73,307374
8530,0.002373,74.125.200.0-255,5738,186710,73,307374
8531,0.002375,172.31.40.0-255,66,186776,73,307374
8532,0.002401,74.125.200.0-255,1484,188260,73,307374
8533,0.002406,74.125.200.0-255,4320,192580,73,307374
8534,0.002408,172.31.40.0-255,66,192646,73,307374
8535,0.004728,74.125.200.0-255,5738,198384,73,307374
8536,0.004738,172.31.40.0-255,66,198450,73,307374
8537,0.007069,74.125.200.0-255,5738,204188,73,307374
8538,0.007076,172.31.40.0-255,66,204254,73,307374
8539,0.009422,74.125.200.0-255,5738,209992,73,307374
8540,0.009438,172.31.40.0-255,66,210058,73,307374
8541,0.011785,74.125.200.0-255,5738,215796,73,307374
8542,0.011807,172.31.40.0-255,66,215862,73,307374
8543,0.014149,74.125.200.0-255,5738,221600,73,307374
8544,0.014155,172.31.40.0-255,66,221666,73,307374
8545,0.016518,74.125.200.0-255,5738,227404,73,307374
8546,0.016526,172.31.40.0-255,66,227470,73,307374
8547,0.018857,74.125.200.0-255,5738,233208,73,307374
8548,0.018867,172.31.40.0-255,66,233274,73,307374
8549,0.021224,74.125.200.0-255,4320,237594,73,307374
8550,0.021234,172.31.40.0-255,66,237660,73,307374
8551,0.021264,74.125.200.0-255,1484,239144,73,307374
8552,0.023581,74.125.200.0-255,4320,243464,73,307374
8553,0.023593,172.31.40.0-255,66,243530,73,307374
8554,0.025928,74.125.200.0-255,5738,249268,73,307374
8555,0.025938,172.31.40.0-255,66,249334,73,307374
8556,0.028282,74.125.200.0-255,5738,255072,73,307374
8557,0.028291,172.31.40.0-255,66,255138,73,307374
8558,0.030648,74.125.200.0-255,5738,260876,73,307374
8559,0.030664,172.31.40.0-255,66,260942,73,307374
8560,0.033007,74.125.200.0-255,5738,266680,73,307374
8561,0.033015,172.31.40.0-255,66,266746,73,307374
8562,0.035366,74.125.200.0-255,5738,272484,73,307374
8563,0.035373,172.31.40.0-255,66,272550,73,307374
8564,0.037734,74.125.200.0-255,5738,278288,73,307374
8565,0.037753,172.31.40.0-255,66,278354,73,307374
8566,0.040096,74.125.200.0-255,5738,284092,73,307374
8567,0.040104,172.31.40.0-255,66,284158,73,307374
8568,0.042454,74.125.200.0-255,5738,289896,73,307374
8569,0.04247,172.31.40.0-255,66,289962,73,307374
8570,0.04484,74.125.200.0-255,5738,295700,73,307374
8571,0.04486,172.31.40.0-255,66,295766,73,307374
8572,0.047213,74.125.200.0-255,5738,301504,73,307374
8573,0.047231,172.31.40.0-255,66,301570,73,307374
8574,0.049594,74.125.200.0-255,5738,307308,73,307374
8575,0.049614,172.31.40.0-255,66,307374,73,307374
8576,0.0,172.217.194.0-255,150,150,73,300566
8577,2.6e-05,172.31.40.0-255,66,216,73,300566
8578,3.3e-05,172.217.194.0-255,1484,1700,73,300566
8579,5.3e-05,172.31.40.0-255,66,1766,73,300566
8580,6e-05,172.217.194.0-255,2902,4668,73,300566
8581,6.3e-05,172.31.40.0-255,66,4734,73,300566
8582,7.3e-05,172.217.194.0-255,7156,11890,73,300566
8583,7.7e-05,172.31.40.0-255,66,11956,73,300566
8584,0.000114,172.217.194.0-255,2038,13994,73,300566
8585,0.000117,172.31.40.0-255,66,14060,73,300566
8586,0.000122,172.217.194.0-255,2902,16962,73,300566
8587,0.000125,172.31.40.0-255,66,17028,73,300566
8588,0.00014,172.217.194.0-255,1484,18512,73,300566
8589,0.000142,172.31.40.0-255,66,18578,73,300566
8590,0.000166,172.217.194.0-255,5738,24316,73,300566
8591,0.000168,172.31.40.0-255,66,24382,73,300566
8592,0.000176,172.217.194.0-255,6797,31179,73,300566
8593,0.000178,172.31.40.0-255,66,31245,73,300566
8594,0.000182,172.217.194.0-255,1484,32729,73,300566
8595,0.000184,172.31.40.0-255,66,32795,73,300566
8596,0.000211,172.217.194.0-255,2902,35697,73,300566
8597,0.000213,172.31.40.0-255,66,35763,73,300566
8598,0.000219,172.217.194.0-255,5738,41501,73,300566
8599,0.000222,172.31.40.0-255,66,41567,73,300566
8600,0.000259,172.217.194.0-255,6797,48364,73,300566
8601,0.000262,172.31.40.0-255,66,48430,73,300566
8602,0.000405,172.217.194.0-255,1484,49914,73,300566
8603,0.00041,172.31.40.0-255,66,49980,73,300566
8604,0.000416,172.217.194.0-255,2902,52882,73,300566
8605,0.000419,172.31.40.0-255,66,52948,73,300566
8606,0.000444,172.217.194.0-255,5738,58686,73,300566
8607,0.000447,172.31.40.0-255,66,58752,73,300566
8608,0.000452,172.217.194.0-255,4320,63072,73,300566
8609,0.000455,172.31.40.0-255,66,63138,73,300566
8610,0.0005,172.217.194.0-255,3122,66260,73,300566
8611,0.000503,172.31.40.0-255,66,66326,73,300566
8612,0.000688,172.217.194.0-255,1484,67810,73,300566
8613,0.000694,172.217.194.0-255,2902,70712,73,300566
8614,0.000698,172.31.40.0-255,66,70778,73,300566
8615,0.000704,172.217.194.0-255,5738,76516,73,300566
8616,0.000706,172.31.40.0-255,66,76582,73,300566
8617,0.000744,172.31.40.0-255,66,76648,73,300566
8618,0.000765,172.217.194.0-255,7156,83804,73,300566
8619,0.000768,172.31.40.0-255,66,83870,73,300566
8620,0.000789,172.217.194.0-255,3602,87472,73,300566
8621,0.000791,172.31.40.0-255,66,87538,73,300566
8622,0.001083,172.217.194.0-255,1484,89022,73,300566
8623,0.001102,172.217.194.0-255,2902,91924,73,300566
8624,0.001105,172.31.40.0-255,66,91990,73,300566
8625,0.001111,172.217.194.0-255,4320,96310,73,300566
8626,0.001113,172.31.40.0-255,66,96376,73,300566
8627,0.00114,172.217.194.0-255,1484,97860,73,300566
8628,0.001148,172.217.194.0-255,7156,105016,73,300566
8629,0.00115,172.31.40.0-255,66,105082,73,300566
8630,0.001169,172.217.194.0-255,5738,110820,73,300566
8631,0.001171,172.31.40.0-255,66,110886,73,300566
8632,0.001182,172.31.40.0-255,66,110952,73,300566
8633,0.001565,172.217.194.0-255,1484,112436,73,300566
8634,0.001594,172.217.194.0-255,2902,115338,73,300566
8635,0.001598,172.31.40.0-255,66,115404,73,300566
8636,0.001604,172.217.194.0-255,5738,121142,73,300566
8637,0.001606,172.31.40.0-255,66,121208,73,300566
8638,0.001622,172.217.194.0-255,2902,124110,73,300566
8639,0.001625,172.31.40.0-255,66,124176,73,300566
8640,0.001654,172.31.40.0-255,66,124242,73,300566
8641,0.001693,172.31.40.0-255,66,124308,73,300566
8642,0.001888,172.217.194.0-255,1484,125792,73,300566
8643,0.001894,172.217.194.0-255,2902,128694,73,300566
8644,0.001899,172.31.40.0-255,66,128760,73,300566
8645,0.001909,172.217.194.0-255,2902,131662,73,300566
8646,0.001912,172.31.40.0-255,66,131728,73,300566
8647,0.001929,172.217.194.0-255,2902,134630,73,300566
8648,0.001931,172.31.40.0-255,66,134696,73,300566
8649,0.001938,172.217.194.0-255,7156,141852,73,300566
8650,0.00194,172.31.40.0-255,66,141918,73,300566
8651,0.001956,172.217.194.0-255,4320,146238,73,300566
8652,0.001959,172.31.40.0-255,66,146304,73,300566
8653,0.001999,172.31.40.0-255,66,146370,73,300566
8654,0.002004,172.217.194.0-255,2184,148554,73,300566
8655,0.002006,172.31.40.0-255,66,148620,73,300566
8656,0.002056,172.217.194.0-255,1484,150104,73,300566
8657,0.00206,172.217.194.0-255,2902,153006,73,300566
8658,0.002063,172.31.40.0-255,66,153072,73,300566
8659,0.00209,172.217.194.0-255,5738,158810,73,300566
8660,0.002093,172.31.40.0-255,66,158876,73,300566
8661,0.002097,172.217.194.0-255,2902,161778,73,300566
8662,0.002099,172.31.40.0-255,66,161844,73,300566
8663,0.002129,172.31.40.0-255,66,161910,73,300566
8664,0.002141,172.31.40.0-255,66,161976,73,300566
8665,0.00225,172.217.194.0-255,1484,163460,73,300566
8666,0.002256,172.217.194.0-255,2902,166362,73,300566
8667,0.002259,172.31.40.0-255,66,166428,73,300566
8668,0.002283,172.217.194.0-255,5738,172166,73,300566
8669,0.002285,172.31.40.0-255,66,172232,73,300566
8670,0.002291,172.217.194.0-255,4320,176552,73,300566
8671,0.002293,172.31.40.0-255,66,176618,73,300566
8672,0.002322,172.217.194.0-255,1484,178102,73,300566
8673,0.002353,172.31.40.0-255,66,178168,73,300566
8674,0.002364,172.31.40.0-255,66,178234,73,300566
8675,0.004696,172.217.194.0-255,5738,183972,73,300566
8676,0.004702,172.31.40.0-255,66,184038,73,300566
8677,0.00705,172.217.194.0-255,5738,189776,73,300566
8678,0.007056,172.31.40.0-255,66,189842,73,300566
8679,0.009405,172.217.194.0-255,5738,195580,73,300566
8680,0.009412,172.31.40.0-255,66,195646,73,300566
8681,0.011767,172.217.194.0-255,5738,201384,73,300566
8682,0.011776,172.31.40.0-255,66,201450,73,300566
8683,0.014102,172.217.194.0-255,5738,207188,73,300566
8684,0.014112,172.31.40.0-255,66,207254,73,300566
8685,0.016476,172.217.194.0-255,5738,212992,73,300566
8686,0.016487,172.31.40.0-255,66,213058,73,300566
8687,0.018833,172.217.194.0-255,5738,218796,73,300566
8688,0.018842,172.31.40.0-255,66,218862,73,300566
8689,0.021205,172.217.194.0-255,5738,224600,73,300566
8690,0.021214,172.31.40.0-255,66,224666,73,300566
8691,0.023574,172.217.194.0-255,5738,230404,73,300566
8692,0.023581,172.31.40.0-255,66,230470,73,300566
8693,0.02596,172.217.194.0-255,5738,236208,73,300566
8694,0.025967,172.31.40.0-255,66,236274,73,300566
8695,0.028318,172.217.194.0-255,5738,242012,73,300566
8696,0.028325,172.31.40.0-255,66,242078,73,300566
8697,0.030659,172.217.194.0-255,5738,247816,73,300566
8698,0.030667,172.31.40.0-255,66,247882,73,300566
8699,0.032821,172.31.40.0-255,172,248054,73,300566
8700,0.032855,172.31.40.0-255,1114,249168,73,300566
8701,0.032919,172.31.40.0-255,1514,250682,73,300566
8702,0.032921,172.31.40.0-255,1514,252196,73,300566
8703,0.032927,172.31.40.0-255,1514,253710,73,300566
8704,0.032928,172.31.40.0-255,160,253870,73,300566
8705,0.033015,172.217.194.0-255,5738,259608,73,300566
8706,0.033021,172.31.40.0-255,66,259674,73,300566
8707,0.034382,104.244.42.0-255,66,259740,73,300566
8708,0.034421,104.244.42.0-255,66,259806,73,300566
8709,0.034512,104.244.42.0-255,66,259872,73,300566
8710,0.034517,104.244.42.0-255,66,259938,73,300566
8711,0.035377,172.217.194.0-255,5738,265676,73,300566
8712,0.035385,172.31.40.0-255,66,265742,73,300566
8713,0.037732,172.217.194.0-255,5738,271480,73,300566
8714,0.037739,172.31.40.0-255,66,271546,73,300566
8715,0.040075,172.217.194.0-255,5738,277284,73,300566
8716,0.040082,172.31.40.0-255,66,277350,73,300566
8717,0.042407,172.217.194.0-255,5738,283088,73,300566
8718,0.042416,172.31.40.0-255,66,283154,73,300566
8719,0.044772,172.217.194.0-255,5738,288892,73,300566
8720,0.044779,172.31.40.0-255,66,288958,73,300566
8721,0.047162,172.217.194.0-255,5738,294696,73,300566
8722,0.04717,172.31.40.0-255,66,294762,73,300566
8723,0.049518,172.217.194.0-255,5738,300500,73,300566
8724,0.049526,172.31.40.0-255,66,300566,73,300566
8725,0.0,74.125.24.0-255,153,153,73,207777
8726,2.3e-05,172.31.40.0-255,66,219,73,207777
8727,3.1e-05,74.125.24.0-255,1484,1703,73,207777
8728,3.6e-05,172.31.40.0-255,66,1769,73,207777
8729,4.2e-05,74.125.24.0-255,2902,4671,73,207777
8730,4.6e-05,172.31.40.0-255,66,4737,73,207777
8731,5.2e-05,74.125.24.0-255,4320,9057,73,207777
8732,5.6e-05,172.31.40.0-255,66,9123,73,207777
8733,7.8e-05,74.125.24.0-255,1484,10607,73,207777
8734,8.1e-05,172.31.40.0-255,66,10673,73,207777
8735,8.9e-05,74.125.24.0-255,4876,15549,73,207777
8736,9.4e-05,172.31.40.0-255,66,15615,73,207777
8737,0.000124,74.125.24.0-255,5738,21353,73,207777
8738,0.000127,172.31.40.0-255,66,21419,73,207777
8739,0.000134,74.125.24.0-255,5738,27157,73,207777
8740,0.000135,172.31.40.0-255,66,27223,73,207777
8741,0.000151,74.125.24.0-255,2902,30125,73,207777
8742,0.000154,172.31.40.0-255,66,30191,73,207777
8743,0.000167,74.125.24.0-255,1125,31316,73,207777
8744,0.000169,172.31.40.0-255,66,31382,73,207777
8745,0.000345,74.125.24.0-255,1484,32866,73,207777
8746,0.000364,172.31.40.0-255,66,32932,73,207777
8747,0.000371,74.125.24.0-255,2902,35834,73,207777
8748,0.000374,172.31.40.0-255,66,35900,73,207777
8749,0.00038,74.125.24.0-255,5738,41638,73,207777
8750,0.000382,172.31.40.0-255,66,41704,73,207777
8751,0.000386,74.125.24.0-255,2902,44606,73,207777
8752,0.000389,172.31.40.0-255,66,44672,73,207777
8753,0.000455,74.125.24.0-255,2902,47574,73,207777
8754,0.000458,172.31.40.0-255,66,47640,73,207777
8755,0.000489,172.31.40.0-255,66,47706,73,207777
8756,0.0005,172.31.40.0-255,66,47772,73,207777
8757,0.000527,74.125.24.0-255,1125,48897,73,207777
8758,0.000992,74.125.24.0-255,645,49542,73,207777
8759,0.000997,172.31.40.0-255,66,49608,73,207777
8760,0.001163,74.125.24.0-255,1484,51092,73,207777
8761,0.001171,74.125.24.0-255,2902,53994,73,207777
8762,0.001175,172.31.40.0-255,66,54060,73,207777
8763,0.001179,74.125.24.0-255,1484,55544,73,207777
8764,0.0012,74.125.24.0-255,4320,59864,73,207777
8765,0.001202,172.31.40.0-255,66,59930,73,207777
8766,0.001206,74.125.24.0-255,2902,62832,73,207777
8767,0.001208,172.31.40.0-255,66,62898,73,207777
8768,0.001216,74.125.24.0-255,7156,70054,73,207777
8769,0.001218,172.31.40.0-255,66,70120,73,207777
8770,0.001242,74.125.24.0-255,2902,73022,73,207777
8771,0.001244,172.31.40.0-255,66,73088,73,207777
8772,0.001296,172.31.40.0-255,66,73154,73,207777
8773,0.002447,74.125.24.0-255,1484,74638,73,207777
8774,0.002464,74.125.24.0-255,1484,76122,73,207777
8775,0.002468,172.31.40.0-255,66,76188,73,207777
8776,0.002491,74.125.24.0-255,1484,77672,73,207777
8777,0.002497,74.125.24.0-255,5738,83410,73,207777
8778,0.002499,172.31.40.0-255,66,83476,73,207777
8779,0.002513,74.125.24.0-255,7156,90632,73,207777
8780,0.002515,172.31.40.0-255,66,90698,73,207777
8781,0.00253,74.125.24.0-255,5738,96436,73,207777
8782,0.002532,172.31.40.0-255,66,96502,73,207777
8783,0.002567,172.31.40.0-255,66,96568,73,207777
8784,0.00505,74.125.24.0-255,5738,102306,73,207777
8785,0.005055,172.31.40.0-255,66,102372,73,207777
8786,0.007546,74.125.24.0-255,5738,108110,73,207777
8787,0.007551,172.31.40.0-255,66,108176,73,207777
8788,0.010058,74.125.24.0-255,5738,113914,73,207777
8789,0.010066,172.31.40.0-255,66,113980,73,207777
8790,0.01255,74.125.24.0-255,5738,119718,73,207777
8791,0.01256,172.31.40.0-255,66,119784,73,207777
8792,0.015101,74.125.24.0-255,5738,125522,73,207777
8793,0.01511,172.31.40.0-255,66,125588,73,207777
8794,0.017598,74.125.24.0-255,5738,131326,73,207777
8795,0.017609,172.31.40.0-255,66,131392,73,207777
8796,0.020095,74.125.24.0-255,5738,137130,73,207777
8797,0.020103,172.31.40.0-255,66,137196,73,207777
8798,0.022638,74.125.24.0-255,5738,142934,73,207777
8799,0.022645,172.31.40.0-255,66,143000,73,207777
8800,0.023699,172.31.40.0-255,172,143172,73,207777
8801,0.02373,172.31.40.0-255,1114,144286,73,207777
8802,0.023795,172.31.40.0-255,1514,145800,73,207777
8803,0.023797,172.31.40.0-255,1514,147314,73,207777
8804,0.023802,172.31.40.0-255,1514,148828,73,207777
8805,0.023803,172.31.40.0-255,645,149473,73,207777
8806,0.025132,74.125.24.0-255,5738,155211,73,207777
8807,0.02514,172.31.40.0-255,66,155277,73,207777
8808,0.025222,104.244.42.0-255,66,155343,73,207777
8809,0.02528,104.244.42.0-255,66,155409,73,207777
8810,0.02539,104.244.42.0-255,66,155475,73,207777
8811,0.025396,104.244.42.0-255,66,155541,73,207777
8812,0.027661,74.125.24.0-255,5738,161279,73,207777
8813,0.027668,172.31.40.0-255,66,161345,73,207777
8814,0.030177,74.125.24.0-255,5738,167083,73,207777
8815,0.030185,172.31.40.0-255,66,167149,73,207777
8816,0.032668,74.125.24.0-255,5738,172887,73,207777
8817,0.032675,172.31.40.0-255,66,172953,73,207777
8818,0.035229,74.125.24.0-255,5738,178691,73,207777
8819,0.035235,172.31.40.0-255,66,178757,73,207777
8820,0.037744,74.125.24.0-255,5738,184495,73,207777
8821,0.037752,172.31.40.0-255,66,184561,73,207777
8822,0.040298,74.125.24.0-255,5738,190299,73,207777
8823,0.040309,172.31.40.0-255,66,190365,73,207777
8824,0.042811,74.125.24.0-255,5738,196103,73,207777
8825,0.042816,172.31.40.0-255,66,196169,73,207777
8826,0.045337,74.125.24.0-255,5738,201907,73,207777
8827,0.045342,172.31.40.0-255,66,201973,73,207777
8828,0.047848,74.125.24.0-255,5738,207711,73,207777
8829,0.047855,172.31.40.0-255,66,207777,73,207777
8830,0.0,74.125.24.0-255,153,153,73,144345
8831,2.5e-05,172.31.40.0-255,66,219,73,144345
8832,3.3e-05,74.125.24.0-255,1484,1703,73,144345
8833,3.7e-05,172.31.40.0-255,66,1769,73,144345
8834,4.4e-05,74.125.24.0-255,2902,4671,73,144345
8835,4.7e-05,172.31.40.0-255,66,4737,73,144345
8836,5.6e-05,74.125.24.0-255,7156,11893,73,144345
8837,5.8e-05,172.31.40.0-255,66,11959,73,144345
8838,6.3e-05,74.125.24.0-255,2066,14025,73,144345
8839,6.6e-05,172.31.40.0-255,66,14091,73,144345
8840,0.000583,74.125.24.0-255,1484,15575,73,144345
8841,0.000589,172.31.40.0-255,66,15641,73,144345
8842,0.000598,74.125.24.0-255,2902,18543,73,144345
8843,0.000601,172.31.40.0-255,66,18609,73,144345
8844,0.000638,74.125.24.0-255,5738,24347,73,144345
8845,0.000641,172.31.40.0-255,66,24413,73,144345
8846,0.000652,172.31.40.0-255,66,24479,73,144345
8847,0.000659,74.125.24.0-255,5738,30217,73,144345
8848,0.000661,172.31.40.0-255,66,30283,73,144345
8849,0.000705,74.125.24.0-255,2902,33185,73,144345
8850,0.00071,172.31.40.0-255,66,33251,73,144345
8851,0.000727,172.31.40.0-255,66,33317,73,144345
8852,0.000734,74.125.24.0-255,5738,39055,73,144345
8853,0.000736,172.31.40.0-255,66,39121,73,144345
8854,0.000755,74.125.24.0-255,2184,41305,73,144345
8855,0.000757,172.31.40.0-255,66,41371,73,144345
8856,0.000991,74.125.24.0-255,648,42019,73,144345
8857,0.000996,172.31.40.0-255,66,42085,73,144345
8858,0.001186,74.125.24.0-255,1484,43569,73,144345
8859,0.001192,172.31.40.0-255,66,43635,73,144345
8860,0.001199,74.125.24.0-255,2902,46537,73,144345
8861,0.001202,172.31.40.0-255,66,46603,73,144345
8862,0.001209,74.125.24.0-255,5738,52341,73,144345
8863,0.001211,172.31.40.0-255,66,52407,73,144345
8864,0.001243,74.125.24.0-255,1484,53891,73,144345
8865,0.00126,74.125.24.0-255,7156,61047,73,144345
8866,0.001263,172.31.40.0-255,66,61113,73,144345
8867,0.001284,74.125.24.0-255,2902,64015,73,144345
8868,0.001287,172.31.40.0-255,66,64081,73,144345
8869,0.001302,172.31.40.0-255,66,64147,73,144345
8870,0.001338,74.125.24.0-255,5738,69885,73,144345
8871,0.001341,172.31.40.0-255,66,69951,73,144345
8872,0.001361,74.125.24.0-255,7156,77107,73,144345
8873,0.001364,172.31.40.0-255,66,77173,73,144345
8874,0.001393,172.31.40.0-255,66,77239,73,144345
8875,0.001407,74.125.24.0-255,1484,78723,73,144345
8876,0.001415,74.125.24.0-255,6438,85161,73,144345
8877,0.001418,172.31.40.0-255,66,85227,73,144345
8878,0.001446,74.125.24.0-255,4320,89547,73,144345
8879,0.001449,172.31.40.0-255,66,89613,73,144345
8880,0.001474,172.31.40.0-255,66,89679,73,144345
8881,0.001499,74.125.24.0-255,2902,92581,73,144345
8882,0.001502,172.31.40.0-255,66,92647,73,144345
8883,0.001505,74.125.24.0-255,1484,94131,73,144345
8884,0.001516,172.31.40.0-255,66,94197,73,144345
8885,0.001626,74.125.24.0-255,1484,95681,73,144345
8886,0.001633,74.125.24.0-255,2902,98583,73,144345
8887,0.001638,172.31.40.0-255,66,98649,73,144345
8888,0.001642,74.125.24.0-255,2902,101551,73,144345
8889,0.001645,172.31.40.0-255,66,101617,73,144345
8890,0.00166,74.125.24.0-255,2902,104519,73,144345
8891,0.001662,172.31.40.0-255,66,104585,73,144345
8892,0.001666,74.125.24.0-255,1484,106069,73,144345
8893,0.001703,172.31.40.0-255,66,106135,73,144345
8894,0.001717,172.31.40.0-255,66,106201,73,144345
8895,0.001784,74.125.24.0-255,1484,107685,73,144345
8896,0.001794,74.125.24.0-255,1484,109169,73,144345
8897,0.001797,172.31.40.0-255,66,109235,73,144345
8898,0.001812,74.125.24.0-255,1484,110719,73,144345
8899,0.001818,74.125.24.0-255,5738,116457,73,144345
8900,0.001821,172.31.40.0-255,66,116523,73,144345
8901,0.001869,172.31.40.0-255,66,116589,73,144345
8902,0.001879,172.31.40.0-255,66,116655,73,144345
8903,0.001921,172.31.40.0-255,66,116721,73,144345
8904,0.001957,172.31.40.0-255,66,116787,73,144345
8905,0.001971,172.31.40.0-255,66,116853,73,144345
8906,0.002012,172.31.40.0-255,66,116919,73,144345
8907,0.002039,74.125.24.0-255,7156,124075,73,144345
8908,0.002042,172.31.40.0-255,66,124141,73,144345
8909,0.002063,172.31.40.0-255,66,124207,73,144345
8910,0.00207,74.125.24.0-255,5738,129945,73,144345
8911,0.002072,172.31.40.0-255,66,130011,73,144345
8912,0.002127,172.31.40.0-255,66,130077,73,144345
8913,0.002142,172.31.40.0-255,66,130143,73,144345
8914,0.00215,74.125.24.0-255,7156,137299,73,144345
8915,0.002152,172.31.40.0-255,66,137365,73,144345
8916,0.002198,172.31.40.0-255,66,137431,73,144345
8917,0.002218,172.31.40.0-255,66,137497,73,144345
8918,0.002221,74.125.24.0-255,105,137602,73,144345
8919,0.014467,172.31.40.0-255,66,137668,73,144345
8920,0.014518,172.31.40.0-255,105,137773,73,144345
8921,0.016756,74.125.24.0-255,66,137839,73,144345
8922,0.047219,172.31.40.0-255,229,138068,73,144345
8923,0.04725,172.31.40.0-255,1115,139183,73,144345
8924,0.047308,172.31.40.0-255,1514,140697,73,144345
8925,0.047309,172.31.40.0-255,1514,142211,73,144345
8926,0.047313,172.31.40.0-255,1514,143725,73,144345
8927,0.047314,172.31.40.0-255,356,144081,73,144345
8928,0.048767,104.244.42.0-255,66,144147,73,144345
8929,0.048781,104.244.42.0-255,66,144213,73,144345
8930,0.048822,104.244.42.0-255,66,144279,73,144345
8931,0.048888,104.244.42.0-255,66,144345,73,144345
8932,0.0,74.125.24.0-255,213,213,73,248558
8933,2.7e-05,172.31.40.0-255,66,279,73,248558
8934,3.5e-05,74.125.24.0-255,1484,1763,73,248558
8935,3.9e-05,172.31.40.0-255,66,1829,73,248558
8936,4.5e-05,74.125.24.0-255,2902,4731,73,248558
8937,4.8e-05,172.31.40.0-255,66,4797,73,248558
8938,8e-05,74.125.24.0-255,5738,10535,73,248558
8939,8.5e-05,172.31.40.0-255,66,10601,73,248558
8940,8.8e-05,74.125.24.0-255,1484,12085,73,248558
8941,9.1e-05,172.31.40.0-255,66,12151,73,248558
8942,0.00012,172.31.40.0-255,66,12217,73,248558
8943,0.000152,172.31.40.0-255,66,12283,73,248558
8944,0.000202,74.125.24.0-255,1484,13767,73,248558
8945,0.000204,172.31.40.0-255,66,13833,73,248558
8946,0.000208,74.125.24.0-255,1484,15317,73,248558
8947,0.000209,172.31.40.0-255,66,15383,73,248558
8948,0.000226,74.125.24.0-255,1484,16867,73,248558
8949,0.000228,172.31.40.0-255,66,16933,73,248558
8950,0.000235,74.125.24.0-255,5738,22671,73,248558
8951,0.000238,172.31.40.0-255,66,22737,73,248558
8952,0.000244,74.125.24.0-255,5738,28475,73,248558
8953,0.000246,172.31.40.0-255,66,28541,73,248558
8954,0.000262,74.125.24.0-255,2902,31443,73,248558
8955,0.000265,172.31.40.0-255,66,31509,73,248558
8956,0.000312,172.31.40.0-255,66,31575,73,248558
8957,0.000317,74.125.24.0-255,3961,35536,73,248558
8958,0.000319,172.31.40.0-255,66,35602,73,248558
8959,0.00048,74.125.24.0-255,646,36248,73,248558
8960,0.000486,172.31.40.0-255,66,36314,73,248558
8961,0.000701,74.125.24.0-255,1484,37798,73,248558
8962,0.000709,74.125.24.0-255,2902,40700,73,248558
8963,0.000713,172.31.40.0-255,66,40766,73,248558
8964,0.000743,74.125.24.0-255,5738,46504,73,248558
8965,0.000747,172.31.40.0-255,66,46570,73,248558
8966,0.000754,74.125.24.0-255,7156,53726,73,248558
8967,0.000757,172.31.40.0-255,66,53792,73,248558
8968,0.000772,74.125.24.0-255,2902,56694,73,248558
8969,0.000774,172.31.40.0-255,66,56760,73,248558
8970,0.000792,74.125.24.0-255,2902,59662,73,248558
8971,0.000795,172.31.40.0-255,66,59728,73,248558
8972,0.000825,172.31.40.0-255,66,59794,73,248558
8973,0.001579,74.125.24.0-255,1484,61278,73,248558
8974,0.00159,74.125.24.0-255,2902,64180,73,248558
8975,0.001594,172.31.40.0-255,66,64246,73,248558
8976,0.001601,74.125.24.0-255,4320,68566,73,248558
8977,0.001603,172.31.40.0-255,66,68632,73,248558
8978,0.001622,74.125.24.0-255,1484,70116,73,248558
8979,0.00163,74.125.24.0-255,5738,75854,73,248558
8980,0.001632,172.31.40.0-255,66,75920,73,248558
8981,0.001661,74.125.24.0-255,7156,83076,73,248558
8982,0.001664,172.31.40.0-255,66,83142,73,248558
8983,0.001671,74.125.24.0-255,7156,90298,73,248558
8984,0.001673,172.31.40.0-255,66,90364,73,248558
8985,0.0017,74.125.24.0-255,3602,93966,73,248558
8986,0.001704,172.31.40.0-255,66,94032,73,248558
8987,0.001749,74.125.24.0-255,4320,98352,73,248558
8988,0.001752,172.31.40.0-255,66,98418,73,248558
8989,0.001763,172.31.40.0-255,66,98484,73,248558
8990,0.001793,172.31.40.0-255,66,98550,73,248558
8991,0.001817,74.125.24.0-255,5738,104288,73,248558
8992,0.00182,172.31.40.0-255,66,104354,73,248558
8993,0.001825,74.125.24.0-255,3602,107956,73,248558
8994,0.001827,172.31.40.0-255,66,108022,73,248558
8995,0.003868,74.125.24.0-255,2902,110924,73,248558
8996,0.003877,172.31.40.0-255,66,110990,73,248558
8997,0.0039,74.125.24.0-255,2902,113892,73,248558
8998,0.003903,172.31.40.0-255,66,113958,73,248558
8999,0.005908,74.125.24.0-255,2902,116860,73,248558
9000,0.005917,172.31.40.0-255,66,116926,73,248558
9001,0.005952,74.125.24.0-255,2902,119828,73,248558
9002,0.005955,172.31.40.0-255,66,119894,73,248558
9003,0.007951,74.125.24.0-255,2902,122796,73,248558
9004,0.00796,172.31.40.0-255,66,122862,73,248558
9005,0.007982,74.125.24.0-255,2902,125764,73,248558
9006,0.007985,172.31.40.0-255,66,125830,73,248558
9007,0.010012,74.125.24.0-255,2902,128732,73,248558
9008,0.010022,172.31.40.0-255,66,128798,73,248558
9009,0.010045,74.125.24.0-255,2902,131700,73,248558
9010,0.010049,172.31.40.0-255,66,131766,73,248558
9011,0.012099,74.125.24.0-255,2902,134668,73,248558
9012,0.012108,172.31.40.0-255,66,134734,73,248558
9013,0.012135,74.125.24.0-255,2902,137636,73,248558
9014,0.012138,172.31.40.0-255,66,137702,73,248558
9015,0.01417,74.125.24.0-255,2902,140604,73,248558
9016,0.01418,172.31.40.0-255,66,140670,73,248558
9017,0.014202,74.125.24.0-255,2902,143572,73,248558
9018,0.014204,172.31.40.0-255,66,143638,73,248558
9019,0.016233,74.125.24.0-255,5738,149376,73,248558
9020,0.016246,172.31.40.0-255,66,149442,73,248558
9021,0.018302,74.125.24.0-255,5738,155180,73,248558
9022,0.018315,172.31.40.0-255,66,155246,73,248558
9023,0.020389,74.125.24.0-255,5738,160984,73,248558
9024,0.0204,172.31.40.0-255,66,161050,73,248558
9025,0.022456,74.125.24.0-255,5738,166788,73,248558
9026,0.022468,172.31.40.0-255,66,166854,73,248558
9027,0.024502,74.125.24.0-255,5738,172592,73,248558
9028,0.02451,172.31.40.0-255,66,172658,73,248558
9029,0.026603,74.125.24.0-255,5738,178396,73,248558
9030,0.026617,172.31.40.0-255,66,178462,73,248558
9031,0.028721,74.125.24.0-255,5738,184200,73,248558
9032,0.028732,172.31.40.0-255,66,184266,73,248558
9033,0.030488,172.31.40.0-255,172,184438,73,248558
9034,0.030525,172.31.40.0-255,1116,185554,73,248558
9035,0.030592,172.31.40.0-255,1514,187068,73,248558
9036,0.030594,172.31.40.0-255,1514,188582,73,248558
9037,0.030595,172.31.40.0-255,1514,190096,73,248558
9038,0.030596,172.31.40.0-255,158,190254,73,248558
9039,0.030815,74.125.24.0-255,5738,195992,73,248558
9040,0.030822,172.31.40.0-255,66,196058,73,248558
9041,0.032039,104.244.42.0-255,66,196124,73,248558
9042,0.03208,104.244.42.0-255,66,196190,73,248558
9043,0.032166,104.244.42.0-255,66,196256,73,248558
9044,0.032171,104.244.42.0-255,66,196322,73,248558
9045,0.032877,74.125.24.0-255,5738,202060,73,248558
9046,0.032891,172.31.40.0-255,66,202126,73,248558
9047,0.03495,74.125.24.0-255,5738,207864,73,248558
9048,0.034962,172.31.40.0-255,66,207930,73,248558
9049,0.037014,74.125.24.0-255,5738,213668,73,248558
9050,0.037032,172.31.40.0-255,66,213734,73,248558
9051,0.039104,74.125.24.0-255,5738,219472,73,248558
9052,0.03912,172.31.40.0-255,66,219538,73,248558
9053,0.041177,74.125.24.0-255,5738,225276,73,248558
9054,0.041195,172.31.40.0-255,66,225342,73,248558
9055,0.04323,74.125.24.0-255,5738,231080,73,248558
9056,0.043239,172.31.40.0-255,66,231146,73,248558
9057,0.045295,74.125.24.0-255,5738,236884,73,248558
9058,0.045313,172.31.40.0-255,66,236950,73,248558
9059,0.047381,74.125.24.0-255,5738,242688,73,248558
9060,0.047398,172.31.40.0-255,66,242754,73,248558
9061,0.049454,74.125.24.0-255,5738,248492,73,248558
9062,0.049472,172.31.40.0-255,66,248558,73,248558
9063,0.0,172.217.194.0-255,150,150,73,78335
9064,1.7e-05,172.31.40.0-255,66,216,73,78335
9065,2.4e-05,172.217.194.0-255,1484,1700,73,78335
9066,2.9e-05,172.31.40.0-255,66,1766,73,78335
9067,6.2e-05,172.217.194.0-255,2902,4668,73,78335
9068,6.7e-05,172.31.40.0-255,66,4734,73,78335
9069,8.9e-05,172.217.194.0-255,7156,11890,73,78335
9070,9.2e-05,172.31.40.0-255,66,11956,73,78335
9071,0.000212,172.217.194.0-255,7156,19112,73,78335
9072,0.000217,172.31.40.0-255,66,19178,73,78335
9073,0.000247,172.217.194.0-255,4934,24112,73,78335
9074,0.000249,172.31.40.0-255,66,24178,73,78335
9075,0.000416,172.217.194.0-255,6797,30975,73,78335
9076,0.000421,172.31.40.0-255,66,31041,73,78335
9077,0.000532,172.217.194.0-255,7156,38197,73,78335
9078,0.000537,172.31.40.0-255,66,38263,73,78335
9079,0.000579,172.31.40.0-255,66,38329,73,78335
9080,0.000886,172.217.194.0-255,5738,44067,73,78335
9081,0.000891,172.31.40.0-255,66,44133,73,78335
9082,0.000923,172.217.194.0-255,6797,50930,73,78335
9083,0.000925,172.31.40.0-255,66,50996,73,78335
9084,0.001083,172.217.194.0-255,647,51643,73,78335
9085,0.001087,172.31.40.0-255,66,51709,73,78335
9086,0.001114,172.217.194.0-255,4320,56029,73,78335
9087,0.001117,172.31.40.0-255,66,56095,73,78335
9088,0.001162,172.31.40.0-255,66,56161,73,78335
9089,0.001579,172.31.40.0-255,66,56227,73,78335
9090,0.001639,172.31.40.0-255,66,56293,73,78335
9091,0.002281,172.31.40.0-255,66,56359,73,78335
9092,0.002343,172.31.40.0-255,66,56425,73,78335
9093,0.002997,172.217.194.0-255,5738,62163,73,78335
9094,0.004713,172.217.194.0-255,2902,65065,73,78335
9095,0.004754,172.217.194.0-255,4320,69385,73,78335
9096,0.005887,172.217.194.0-255,4320,73705,73,78335
9097,0.007013,172.217.194.0-255,4320,78025,73,78335
9098,0.007026,172.217.194.0-255,73,78098,73,78335
9099,0.009575,172.31.40.0-255,66,78164,73,78335
9100,0.01215,172.31.40.0-255,105,78269,73,78335
9101,0.014447,172.217.194.0-255,66,78335,73,78335
9102,0.0,172.217.194.0-255,150,150,73,204472
9103,2.5e-05,172.31.40.0-255,66,216,73,204472
9104,3.3e-05,172.217.194.0-255,1484,1700,73,204472
9105,3.8e-05,172.31.40.0-255,66,1766,73,204472
9106,5.1e-05,172.217.194.0-255,2902,4668,73,204472
9107,5.5e-05,172.31.40.0-255,66,4734,73,204472
9108,6.4e-05,172.217.194.0-255,7156,11890,73,204472
9109,6.7e-05,172.31.40.0-255,66,11956,73,204472
9110,7.1e-05,172.217.194.0-255,2160,14116,73,204472
9111,7.3e-05,172.31.40.0-255,66,14182,73,204472
9112,7.8e-05,172.217.194.0-255,2902,17084,73,204472
9113,8e-05,172.31.40.0-255,66,17150,73,204472
9114,8.7e-05,172.217.194.0-255,7156,24306,73,204472
9115,9e-05,172.31.40.0-255,66,24372,73,204472
9116,9.8e-05,172.217.194.0-255,6797,31169,73,204472
9117,0.0001,172.31.40.0-255,66,31235,73,204472
9118,0.000108,172.217.194.0-255,7156,38391,73,204472
9119,0.00011,172.31.40.0-255,66,38457,73,204472
9120,0.000122,172.31.40.0-255,66,38523,73,204472
9121,0.000189,172.217.194.0-255,1484,40007,73,204472
9122,0.000192,172.31.40.0-255,66,40073,73,204472
9123,0.000196,172.217.194.0-255,1484,41557,73,204472
9124,0.000198,172.31.40.0-255,66,41623,73,204472
9125,0.000222,172.217.194.0-255,1484,43107,73,204472
9126,0.000224,172.31.40.0-255,66,43173,73,204472
9127,0.000231,172.217.194.0-255,5738,48911,73,204472
9128,0.000234,172.31.40.0-255,66,48977,73,204472
9129,0.000241,172.217.194.0-255,7073,56050,73,204472
9130,0.000244,172.31.40.0-255,66,56116,73,204472
9131,0.000292,172.217.194.0-255,116,56232,73,204472
9132,0.000295,172.31.40.0-255,66,56298,73,204472
9133,0.000297,172.217.194.0-255,381,56679,73,204472
9134,0.000622,172.217.194.0-255,1484,58163,73,204472
9135,0.000629,172.31.40.0-255,66,58229,73,204472
9136,0.000635,172.217.194.0-255,2902,61131,73,204472
9137,0.000637,172.31.40.0-255,66,61197,73,204472
9138,0.000643,172.217.194.0-255,5738,66935,73,204472
9139,0.000651,172.31.40.0-255,66,67001,73,204472
9140,0.000694,172.31.40.0-255,66,67067,73,204472
9141,0.000697,172.217.194.0-255,1484,68551,73,204472
9142,0.000743,172.31.40.0-255,66,68617,73,204472
9143,0.00163,172.217.194.0-255,1484,70101,73,204472
9144,0.001638,172.217.194.0-255,2902,73003,73,204472
9145,0.001642,172.31.40.0-255,66,73069,73,204472
9146,0.001648,172.217.194.0-255,2902,75971,73,204472
9147,0.001649,172.31.40.0-255,66,76037,73,204472
9148,0.001673,172.217.194.0-255,2902,78939,73,204472
9149,0.001676,172.31.40.0-255,66,79005,73,204472
9150,0.001679,172.217.194.0-255,1484,80489,73,204472
9151,0.001686,172.217.194.0-255,7156,87645,73,204472
9152,0.001688,172.31.40.0-255,66,87711,73,204472
9153,0.001725,172.217.194.0-255,5738,93449,73,204472
9154,0.001727,172.31.40.0-255,66,93515,73,204472
9155,0.001743,172.31.40.0-255,66,93581,73,204472
9156,0.004285,172.217.194.0-255,5738,99319,73,204472
9157,0.004292,172.31.40.0-255,66,99385,73,204472
9158,0.006829,172.217.194.0-255,5738,105123,73,204472
9159,0.006835,172.31.40.0-255,66,105189,73,204472
9160,0.009366,172.217.194.0-255,5738,110927,73,204472
9161,0.009376,172.31.40.0-255,66,110993,73,204472
9162,0.011929,172.217.194.0-255,5738,116731,73,204472
9163,0.011938,172.31.40.0-255,66,116797,73,204472
9164,0.014476,172.217.194.0-255,5738,122535,73,204472
9165,0.014483,172.31.40.0-255,66,122601,73,204472
9166,0.017031,172.217.194.0-255,5738,128339,73,204472
9167,0.017038,172.31.40.0-255,66,128405,73,204472
9168,0.019604,172.217.194.0-255,5738,134143,73,204472
9169,0.019613,172.31.40.0-255,66,134209,73,204472
9170,0.022145,172.217.194.0-255,5738,139947,73,204472
9171,0.022154,172.31.40.0-255,66,140013,73,204472
9172,0.02467,172.31.40.0-255,172,140185,73,204472
9173,0.024701,172.31.40.0-255,1110,141295,73,204472
9174,0.024727,172.217.194.0-255,5738,147033,73,204472
9175,0.024731,172.31.40.0-255,66,147099,73,204472
9176,0.024866,172.31.40.0-255,1514,148613,73,204472
9177,0.024868,172.31.40.0-255,1514,150127,73,204472
9178,0.024869,172.31.40.0-255,1514,151641,73,204472
9179,0.02487,172.31.40.0-255,331,151972,73,204472
9180,0.026227,104.244.42.0-255,66,152038,73,204472
9181,0.026263,104.244.42.0-255,66,152104,73,204472
9182,0.026452,104.244.42.0-255,66,152170,73,204472
9183,0.026457,104.244.42.0-255,66,152236,73,204472
9184,0.027254,172.217.194.0-255,5738,157974,73,204472
9185,0.027261,172.31.40.0-255,66,158040,73,204472
9186,0.029828,172.217.194.0-255,5738,163778,73,204472
9187,0.02984,172.31.40.0-255,66,163844,73,204472
9188,0.032383,172.217.194.0-255,5738,169582,73,204472
9189,0.03239,172.31.40.0-255,66,169648,73,204472
9190,0.034939,172.217.194.0-255,5738,175386,73,204472
9191,0.034946,172.31.40.0-255,66,175452,73,204472
9192,0.037486,172.217.194.0-255,5738,181190,73,204472
9193,0.037492,172.31.40.0-255,66,181256,73,204472
9194,0.040035,172.217.194.0-255,5738,186994,73,204472
9195,0.040041,172.31.40.0-255,66,187060,73,204472
9196,0.042599,172.217.194.0-255,5738,192798,73,204472
9197,0.042609,172.31.40.0-255,66,192864,73,204472
9198,0.045151,172.217.194.0-255,5738,198602,73,204472
9199,0.045158,172.31.40.0-255,66,198668,73,204472
9200,0.047728,172.217.194.0-255,5738,204406,73,204472
9201,0.047738,172.31.40.0-255,66,204472,73,204472
9202,0.0,74.125.200.0-255,150,150,73,291819
9203,1.6e-05,172.31.40.0-255,66,216,73,291819
9204,2.2e-05,74.125.200.0-255,1484,1700,73,291819
9205,2.7e-05,172.31.40.0-255,66,1766,73,291819
9206,3.3e-05,74.125.200.0-255,2902,4668,73,291819
9207,4.4e-05,172.31.40.0-255,66,4734,73,291819
9208,5.2e-05,74.125.200.0-255,7156,11890,73,291819
9209,5.4e-05,172.31.40.0-255,66,11956,73,291819
9210,5.8e-05,74.125.200.0-255,1976,13932,73,291819
9211,6.1e-05,172.31.40.0-255,66,13998,73,291819
9212,0.000231,74.125.200.0-255,1484,15482,73,291819
9213,0.000236,172.31.40.0-255,66,15548,73,291819
9214,0.000242,74.125.200.0-255,2902,18450,73,291819
9215,0.000245,172.31.40.0-255,66,18516,73,291819
9216,0.000251,74.125.200.0-255,4320,22836,73,291819
9217,0.000257,172.31.40.0-255,66,22902,73,291819
9218,0.000269,74.125.200.0-255,1484,24386,73,291819
9219,0.000271,172.31.40.0-255,66,24452,73,291819
9220,0.0003,74.125.200.0-255,6797,31249,73,291819
9221,0.000303,172.31.40.0-255,66,31315,73,291819
9222,0.000349,74.125.200.0-255,1484,32799,73,291819
9223,0.000352,172.31.40.0-255,66,32865,73,291819
9224,0.00038,74.125.200.0-255,2902,35767,73,291819
9225,0.000383,172.31.40.0-255,66,35833,73,291819
9226,0.000387,74.125.200.0-255,2902,38735,73,291819
9227,0.000389,172.31.40.0-255,66,38801,73,291819
9228,0.000394,74.125.200.0-255,4320,43121,73,291819
9229,0.000396,172.31.40.0-255,66,43187,73,291819
9230,0.000434,74.125.200.0-255,5379,48566,73,291819
9231,0.000442,172.31.40.0-255,66,48632,73,291819
9232,0.000683,74.125.200.0-255,1484,50116,73,291819
9233,0.000688,172.31.40.0-255,66,50182,73,291819
9234,0.000693,74.125.200.0-255,2902,53084,73,291819
9235,0.000696,172.31.40.0-255,66,53150,73,291819
9236,0.000737,74.125.200.0-255,5738,58888,73,291819
9237,0.00074,172.31.40.0-255,66,58954,73,291819
9238,0.000744,74.125.200.0-255,2902,61856,73,291819
9239,0.000746,172.31.40.0-255,66,61922,73,291819
9240,0.000773,74.125.200.0-255,4573,66495,73,291819
9241,0.000776,172.31.40.0-255,66,66561,73,291819
9242,0.001258,74.125.200.0-255,1484,68045,73,291819
9243,0.001267,74.125.200.0-255,2902,70947,73,291819
9244,0.001272,172.31.40.0-255,66,71013,73,291819
9245,0.001279,74.125.200.0-255,5738,76751,73,291819
9246,0.001281,172.31.40.0-255,66,76817,73,291819
9247,0.001285,74.125.200.0-255,2902,79719,73,291819
9248,0.001287,172.31.40.0-255,66,79785,73,291819
9249,0.001298,74.125.200.0-255,4320,84105,73,291819
9250,0.0013,172.31.40.0-255,66,84171,73,291819
9251,0.001308,74.125.200.0-255,5738,89909,73,291819
9252,0.00131,172.31.40.0-255,66,89975,73,291819
9253,0.00134,74.125.200.0-255,2902,92877,73,291819
9254,0.001342,172.31.40.0-255,66,92943,73,291819
9255,0.001352,172.31.40.0-255,66,93009,73,291819
9256,0.001626,74.125.200.0-255,1484,94493,73,291819
9257,0.001651,74.125.200.0-255,2902,97395,73,291819
9258,0.001656,172.31.40.0-255,66,97461,73,291819
9259,0.001691,74.125.200.0-255,5738,103199,73,291819
9260,0.001693,172.31.40.0-255,66,103265,73,291819
9261,0.001702,74.125.200.0-255,7156,110421,73,291819
9262,0.001704,172.31.40.0-255,66,110487,73,291819
9263,0.001752,74.125.200.0-255,5738,116225,73,291819
9264,0.001755,172.31.40.0-255,66,116291,73,291819
9265,0.001762,74.125.200.0-255,5738,122029,73,291819
9266,0.001764,172.31.40.0-255,66,122095,73,291819
9267,0.00177,74.125.200.0-255,5020,127115,73,291819
9268,0.001773,172.31.40.0-255,66,127181,73,291819
9269,0.001841,74.125.200.0-255,1484,128665,73,291819
9270,0.001845,74.125.200.0-255,1484,130149,73,291819
9271,0.001849,172.31.40.0-255,66,130215,73,291819
9272,0.001878,74.125.200.0-255,1484,131699,73,291819
9273,0.001885,74.125.200.0-255,5738,137437,73,291819
9274,0.001887,172.31.40.0-255,66,137503,73,291819
9275,0.001891,74.125.200.0-255,1484,138987,73,291819
9276,0.001929,172.31.40.0-255,66,139053,73,291819
9277,0.001957,74.125.200.0-255,7156,146209,73,291819
9278,0.00196,172.31.40.0-255,66,146275,73,291819
9279,0.001988,74.125.200.0-255,5020,151295,73,291819
9280,0.001991,172.31.40.0-255,66,151361,73,291819
9281,0.002078,74.125.200.0-255,1484,152845,73,291819
9282,0.002108,74.125.200.0-255,2902,155747,73,291819
9283,0.002112,172.31.40.0-255,66,155813,73,291819
9284,0.002115,74.125.200.0-255,1484,157297,73,291819
9285,0.00214,74.125.200.0-255,2902,160199,73,291819
9286,0.002144,172.31.40.0-255,66,160265,73,291819
9287,0.002151,74.125.200.0-255,7156,167421,73,291819
9288,0.002155,172.31.40.0-255,66,167487,73,291819
9289,0.002191,172.31.40.0-255,66,167553,73,291819
9290,0.002194,74.125.200.0-255,1484,169037,73,291819
9291,0.002224,74.125.200.0-255,2902,171939,73,291819
9292,0.002227,172.31.40.0-255,66,172005,73,291819
9293,0.002233,74.125.200.0-255,5020,177025,73,291819
9294,0.002236,172.31.40.0-255,66,177091,73,291819
9295,0.004531,74.125.200.0-255,5738,182829,73,291819
9296,0.004537,172.31.40.0-255,66,182895,73,291819
9297,0.006821,74.125.200.0-255,4320,187215,73,291819
9298,0.006825,172.31.40.0-255,66,187281,73,291819
9299,0.006851,74.125.200.0-255,1484,188765,73,291819
9300,0.00912,74.125.200.0-255,4320,193085,73,291819
9301,0.009127,172.31.40.0-255,66,193151,73,291819
9302,0.011425,74.125.200.0-255,5738,198889,73,291819
9303,0.011432,172.31.40.0-255,66,198955,73,291819
9304,0.013737,74.125.200.0-255,5738,204693,73,291819
9305,0.013745,172.31.40.0-255,66,204759,73,291819
9306,0.016044,74.125.200.0-255,5738,210497,73,291819
9307,0.016051,172.31.40.0-255,66,210563,73,291819
9308,0.018344,74.125.200.0-255,5738,216301,73,291819
9309,0.018351,172.31.40.0-255,66,216367,73,291819
9310,0.020646,74.125.200.0-255,5738,222105,73,291819
9311,0.020653,172.31.40.0-255,66,222171,73,291819
9312,0.022967,74.125.200.0-255,5738,227909,73,291819
9313,0.022974,172.31.40.0-255,66,227975,73,291819
9314,0.025272,74.125.200.0-255,5738,233713,73,291819
9315,0.02529,172.31.40.0-255,66,233779,73,291819
9316,0.027599,74.125.200.0-255,5738,239517,73,291819
9317,0.027614,172.31.40.0-255,66,239583,73,291819
9318,0.029899,74.125.200.0-255,5738,245321,73,291819
9319,0.029907,172.31.40.0-255,66,245387,73,291819
9320,0.032195,74.125.200.0-255,5738,251125,73,291819
9321,0.032203,172.31.40.0-255,66,251191,73,291819
9322,0.034496,74.125.200.0-255,5738,256929,73,291819
9323,0.034503,172.31.40.0-255,66,256995,73,291819
9324,0.036802,74.125.200.0-255,5738,262733,73,291819
9325,0.036816,172.31.40.0-255,66,262799,73,291819
9326,0.039131,74.125.200.0-255,5738,268537,73,291819
9327,0.039148,172.31.40.0-255,66,268603,73,291819
9328,0.04145,74.125.200.0-255,5738,274341,73,291819
9329,0.04146,172.31.40.0-255,66,274407,73,291819
9330,0.043769,74.125.200.0-255,5738,280145,73,291819
9331,0.043787,172.31.40.0-255,66,280211,73,291819
9332,0.046097,74.125.200.0-255,5738,285949,73,291819
9333,0.046108,172.31.40.0-255,66,286015,73,291819
9334,0.048413,74.125.200.0-255,5738,291753,73,291819
9335,0.04843,172.31.40.0-255,66,291819,73,291819
9336,0.0,74.125.130.0-255,161,161,73,303606
9337,2.1e-05,172.31.40.0-255,66,227,73,303606
9338,2.9e-05,74.125.130.0-255,1484,1711,73,303606
9339,3.3e-05,172.31.40.0-255,66,1777,73,303606
9340,7.3e-05,74.125.130.0-255,2902,4679,73,303606
9341,7.6e-05,172.31.40.0-255,66,4745,73,303606
9342,9.6e-05,74.125.130.0-255,4320,9065,73,303606
9343,9.9e-05,172.31.40.0-255,66,9131,73,303606
9344,0.000102,74.125.130.0-255,1484,10615,73,303606
9345,0.000104,172.31.40.0-255,66,10681,73,303606
9346,0.000119,74.125.130.0-255,1484,12165,73,303606
9347,0.000122,172.31.40.0-255,66,12231,73,303606
9348,0.00014,74.125.130.0-255,3509,15740,73,303606
9349,0.000142,172.31.40.0-255,66,15806,73,303606
9350,0.000166,74.125.130.0-255,5738,21544,73,303606
9351,0.000169,172.31.40.0-255,66,21610,73,303606
9352,0.000187,74.125.130.0-255,7156,28766,73,303606
9353,0.000189,172.31.40.0-255,66,28832,73,303606
9354,0.000222,74.125.130.0-255,2543,31375,73,303606
9355,0.000224,172.31.40.0-255,66,31441,73,303606
9356,0.000389,74.125.130.0-255,1484,32925,73,303606
9357,0.000394,172.31.40.0-255,66,32991,73,303606
9358,0.0004,74.125.130.0-255,2902,35893,73,303606
9359,0.000403,172.31.40.0-255,66,35959,73,303606
9360,0.000422,74.125.130.0-255,1484,37443,73,303606
9361,0.000424,172.31.40.0-255,66,37509,73,303606
9362,0.000429,74.125.130.0-255,2902,40411,73,303606
9363,0.000431,172.31.40.0-255,66,40477,73,303606
9364,0.000474,74.125.130.0-255,5738,46215,73,303606
9365,0.000477,172.31.40.0-255,66,46281,73,303606
9366,0.000482,74.125.130.0-255,3961,50242,73,303606
9367,0.000485,172.31.40.0-255,66,50308,73,303606
9368,0.000491,74.125.130.0-255,4320,54628,73,303606
9369,0.000494,172.31.40.0-255,66,54694,73,303606
9370,0.000523,172.31.40.0-255,66,54760,73,303606
9371,0.000568,74.125.130.0-255,2834,57594,73,303606
9372,0.000571,172.31.40.0-255,66,57660,73,303606
9373,0.000649,74.125.130.0-255,366,58026,73,303606
9374,0.000895,74.125.130.0-255,1484,59510,73,303606
9375,0.0009,172.31.40.0-255,66,59576,73,303606
9376,0.000906,74.125.130.0-255,2902,62478,73,303606
9377,0.000908,172.31.40.0-255,66,62544,73,303606
9378,0.000911,74.125.130.0-255,1484,64028,73,303606
9379,0.000915,74.125.130.0-255,2902,66930,73,303606
9380,0.000918,172.31.40.0-255,66,66996,73,303606
9381,0.000943,74.125.130.0-255,5738,72734,73,303606
9382,0.000947,172.31.40.0-255,66,72800,73,303606
9383,0.000968,74.125.130.0-255,4320,77120,73,303606
9384,0.000971,172.31.40.0-255,66,77186,73,303606
9385,0.000987,74.125.130.0-255,2543,79729,73,303606
9386,0.000989,172.31.40.0-255,66,79795,73,303606
9387,0.000996,74.125.130.0-255,7156,86951,73,303606
9388,0.000999,172.31.40.0-255,66,87017,73,303606
9389,0.001019,74.125.130.0-255,5379,92396,73,303606
9390,0.001022,172.31.40.0-255,66,92462,73,303606
9391,0.001346,74.125.130.0-255,1484,93946,73,303606
9392,0.001351,74.125.130.0-255,1484,95430,73,303606
9393,0.001354,172.31.40.0-255,66,95496,73,303606
9394,0.001375,74.125.130.0-255,1484,96980,73,303606
9395,0.001379,74.125.130.0-255,2902,99882,73,303606
9396,0.001381,172.31.40.0-255,66,99948,73,303606
9397,0.001387,74.125.130.0-255,4320,104268,73,303606
9398,0.001389,172.31.40.0-255,66,104334,73,303606
9399,0.001418,172.31.40.0-255,66,104400,73,303606
9400,0.001425,74.125.130.0-255,7156,111556,73,303606
9401,0.001427,172.31.40.0-255,66,111622,73,303606
9402,0.001472,74.125.130.0-255,2902,114524,73,303606
9403,0.001475,172.31.40.0-255,66,114590,73,303606
9404,0.001495,74.125.130.0-255,3602,118192,73,303606
9405,0.001498,172.31.40.0-255,66,118258,73,303606
9406,0.001612,74.125.130.0-255,1484,119742,73,303606
9407,0.001635,74.125.130.0-255,1484,121226,73,303606
9408,0.00164,172.31.40.0-255,66,121292,73,303606
9409,0.00165,74.125.130.0-255,1484,122776,73,303606
9410,0.001671,74.125.130.0-255,5738,128514,73,303606
9411,0.001674,172.31.40.0-255,66,128580,73,303606
9412,0.001706,74.125.130.0-255,5738,134318,73,303606
9413,0.00171,172.31.40.0-255,66,134384,73,303606
9414,0.001724,74.125.130.0-255,1484,135868,73,303606
9415,0.001731,74.125.130.0-255,5738,141606,73,303606
9416,0.001733,172.31.40.0-255,66,141672,73,303606
9417,0.001779,74.125.130.0-255,5738,147410,73,303606
9418,0.001782,172.31.40.0-255,66,147476,73,303606
9419,0.001801,74.125.130.0-255,1484,148960,73,303606
9420,0.00183,74.125.130.0-255,3602,152562,73,303606
9421,0.001833,172.31.40.0-255,66,152628,73,303606
9422,0.002088,74.125.130.0-255,1484,154112,73,303606
9423,0.002094,74.125.130.0-255,2902,157014,73,303606
9424,0.002097,172.31.40.0-255,66,157080,73,303606
9425,0.002119,74.125.130.0-255,5738,162818,73,303606
9426,0.002122,172.31.40.0-255,66,162884,73,303606
9427,0.002125,74.125.130.0-255,1484,164368,73,303606
9428,0.002173,74.125.130.0-255,2902,167270,73,303606
9429,0.002176,172.31.40.0-255,66,167336,73,303606
9430,0.002213,74.125.130.0-255,4320,171656,73,303606
9431,0.002216,172.31.40.0-255,66,171722,73,303606
9432,0.00223,74.125.130.0-255,4320,176042,73,303606
9433,0.002234,172.31.40.0-255,66,176108,73,303606
9434,0.002256,74.125.130.0-255,5738,181846,73,303606
9435,0.002259,172.31.40.0-255,66,181912,73,303606
9436,0.002285,74.125.130.0-255,5020,186932,73,303606
9437,0.002287,172.31.40.0-255,66,186998,73,303606
9438,0.004594,74.125.130.0-255,5738,192736,73,303606
9439,0.004601,172.31.40.0-255,66,192802,73,303606
9440,0.006897,74.125.130.0-255,2902,195704,73,303606
9441,0.006901,172.31.40.0-255,66,195770,73,303606
9442,0.006921,74.125.130.0-255,2902,198672,73,303606
9443,0.006924,172.31.40.0-255,66,198738,73,303606
9444,0.0092,74.125.130.0-255,2902,201640,73,303606
9445,0.009208,172.31.40.0-255,66,201706,73,303606
9446,0.009227,74.125.130.0-255,2902,204608,73,303606
9447,0.009229,172.31.40.0-255,66,204674,73,303606
9448,0.011542,74.125.130.0-255,2902,207576,73,303606
9449,0.01155,172.31.40.0-255,66,207642,73,303606
9450,0.011571,74.125.130.0-255,2902,210544,73,303606
9451,0.011574,172.31.40.0-255,66,210610,73,303606
9452,0.013857,74.125.130.0-255,2902,213512,73,303606
9453,0.013865,172.31.40.0-255,66,213578,73,303606
9454,0.013887,74.125.130.0-255,2902,216480,73,303606
9455,0.013889,172.31.40.0-255,66,216546,73,303606
9456,0.016181,74.125.130.0-255,5738,222284,73,303606
9457,0.016192,172.31.40.0-255,66,222350,73,303606
9458,0.018503,74.125.130.0-255,5738,228088,73,303606
9459,0.01851,172.31.40.0-255,66,228154,73,303606
9460,0.020838,74.125.130.0-255,5738,233892,73,303606
9461,0.020847,172.31.40.0-255,66,233958,73,303606
9462,0.023166,74.125.130.0-255,5738,239696,73,303606
9463,0.023183,172.31.40.0-255,66,239762,73,303606
9464,0.025511,74.125.130.0-255,5738,245500,73,303606
9465,0.025526,172.31.40.0-255,66,245566,73,303606
9466,0.027851,74.125.130.0-255,5738,251304,73,303606
9467,0.027866,172.31.40.0-255,66,251370,73,303606
9468,0.030206,74.125.130.0-255,5738,257108,73,303606
9469,0.030224,172.31.40.0-255,66,257174,73,303606
9470,0.032532,74.125.130.0-255,5738,262912,73,303606
9471,0.032539,172.31.40.0-255,66,262978,73,303606
9472,0.034859,74.125.130.0-255,5738,268716,73,303606
9473,0.034871,172.31.40.0-255,66,268782,73,303606
9474,0.037196,74.125.130.0-255,5738,274520,73,303606
9475,0.037214,172.31.40.0-255,66,274586,73,303606
9476,0.039526,74.125.130.0-255,5738,280324,73,303606
9477,0.03954,172.31.40.0-255,66,280390,73,303606
9478,0.04186,74.125.130.0-255,5738,286128,73,303606
9479,0.041875,172.31.40.0-255,66,286194,73,303606
9480,0.044202,74.125.130.0-255,5738,291932,73,303606
9481,0.04422,172.31.40.0-255,66,291998,73,303606
9482,0.046559,74.125.130.0-255,5738,297736,73,303606
9483,0.046573,172.31.40.0-255,66,297802,73,303606
9484,0.048883,74.125.130.0-255,5738,303540,73,303606
9485,0.048891,172.31.40.0-255,66,303606,73,303606
9486,0.0,172.253.118.0-255,151,151,73,295473
9487,2.9e-05,172.31.40.0-255,66,217,73,295473
9488,3.4e-05,172.253.118.0-255,1484,1701,73,295473
9489,3.8e-05,172.31.40.0-255,66,1767,73,295473
9490,4.4e-05,172.253.118.0-255,2902,4669,73,295473
9491,4.7e-05,172.31.40.0-255,66,4735,73,295473
9492,5.2e-05,172.253.118.0-255,4320,9055,73,295473
9493,5.4e-05,172.31.40.0-255,66,9121,73,295473
9494,7e-05,172.253.118.0-255,2902,12023,73,295473
9495,7.2e-05,172.31.40.0-255,66,12089,73,295473
9496,7.6e-05,172.253.118.0-255,1985,14074,73,295473
9497,7.8e-05,172.31.40.0-255,66,14140,73,295473
9498,0.000182,172.253.118.0-255,1484,15624,73,295473
9499,0.000185,172.31.40.0-255,66,15690,73,295473
9500,0.000191,172.253.118.0-255,2902,18592,73,295473
9501,0.000193,172.31.40.0-255,66,18658,73,295473
9502,0.000217,172.253.118.0-255,5738,24396,73,295473
9503,0.00022,172.31.40.0-255,66,24462,73,295473
9504,0.000262,172.253.118.0-255,4320,28782,73,295473
9505,0.000264,172.31.40.0-255,66,28848,73,295473
9506,0.000287,172.253.118.0-255,3961,32809,73,295473
9507,0.00029,172.31.40.0-255,66,32875,73,295473
9508,0.000299,172.31.40.0-255,66,32941,73,295473
9509,0.000327,172.253.118.0-255,6797,39738,73,295473
9510,0.00033,172.31.40.0-255,66,39804,73,295473
9511,0.000362,172.253.118.0-255,1484,41288,73,295473
9512,0.000365,172.31.40.0-255,66,41354,73,295473
9513,0.000383,172.253.118.0-255,1484,42838,73,295473
9514,0.000385,172.31.40.0-255,66,42904,73,295473
9515,0.00039,172.253.118.0-255,4320,47224,73,295473
9516,0.000392,172.31.40.0-255,66,47290,73,295473
9517,0.000402,172.31.40.0-255,66,47356,73,295473
9518,0.000423,172.253.118.0-255,1125,48481,73,295473
9519,0.000462,172.253.118.0-255,413,48894,73,295473
9520,0.000488,172.253.118.0-255,332,49226,73,295473
9521,0.000491,172.31.40.0-255,66,49292,73,295473
9522,0.000788,172.253.118.0-255,1484,50776,73,295473
9523,0.000795,172.253.118.0-255,2902,53678,73,295473
9524,0.000798,172.31.40.0-255,66,53744,73,295473
9525,0.00082,172.253.118.0-255,5738,59482,73,295473
9526,0.000822,172.31.40.0-255,66,59548,73,295473
9527,0.000825,172.253.118.0-255,1484,61032,73,295473
9528,0.000867,172.31.40.0-255,66,61098,73,295473
9529,0.000888,172.31.40.0-255,66,61164,73,295473
9530,0.000911,172.253.118.0-255,2902,64066,73,295473
9531,0.000914,172.31.40.0-255,66,64132,73,295473
9532,0.000931,172.253.118.0-255,2184,66316,73,295473
9533,0.000933,172.31.40.0-255,66,66382,73,295473
9534,0.001087,172.253.118.0-255,1484,67866,73,295473
9535,0.001092,172.253.118.0-255,1484,69350,73,295473
9536,0.001094,172.31.40.0-255,66,69416,73,295473
9537,0.001105,172.253.118.0-255,1484,70900,73,295473
9538,0.001109,172.253.118.0-255,2902,73802,73,295473
9539,0.001111,172.31.40.0-255,66,73868,73,295473
9540,0.001124,172.253.118.0-255,2902,76770,73,295473
9541,0.001125,172.31.40.0-255,66,76836,73,295473
9542,0.001129,172.253.118.0-255,2902,79738,73,295473
9543,0.00113,172.31.40.0-255,66,79804,73,295473
9544,0.001158,172.253.118.0-255,5738,85542,73,295473
9545,0.001161,172.31.40.0-255,66,85608,73,295473
9546,0.001191,172.253.118.0-255,5738,91346,73,295473
9547,0.001193,172.31.40.0-255,66,91412,73,295473
9548,0.001214,172.31.40.0-255,66,91478,73,295473
9549,0.00142,172.253.118.0-255,1484,92962,73,295473
9550,0.001426,172.253.118.0-255,2902,95864,73,295473
9551,0.001429,172.31.40.0-255,66,95930,73,295473
9552,0.001433,172.253.118.0-255,1484,97414,73,295473
9553,0.001446,172.253.118.0-255,2902,100316,73,295473
9554,0.001448,172.31.40.0-255,66,100382,73,295473
9555,0.001461,172.253.118.0-255,1484,101866,73,295473
9556,0.001466,172.253.118.0-255,4320,106186,73,295473
9557,0.001467,172.31.40.0-255,66,106252,73,295473
9558,0.001499,172.31.40.0-255,66,106318,73,295473
9559,0.001503,172.253.118.0-255,4320,110638,73,295473
9560,0.001505,172.31.40.0-255,66,110704,73,295473
9561,0.00151,172.253.118.0-255,5738,116442,73,295473
9562,0.001511,172.31.40.0-255,66,116508,73,295473
9563,0.00153,172.253.118.0-255,766,117274,73,295473
9564,0.001618,172.253.118.0-255,1484,118758,73,295473
9565,0.00162,172.31.40.0-255,66,118824,73,295473
9566,0.001625,172.253.118.0-255,2902,121726,73,295473
9567,0.001627,172.31.40.0-255,66,121792,73,295473
9568,0.001654,172.253.118.0-255,5738,127530,73,295473
9569,0.001656,172.31.40.0-255,66,127596,73,295473
9570,0.001661,172.253.118.0-255,4320,131916,73,295473
9571,0.001663,172.31.40.0-255,66,131982,73,295473
9572,0.001684,172.31.40.0-255,66,132048,73,295473
9573,0.001699,172.253.118.0-255,1484,133532,73,295473
9574,0.001723,172.31.40.0-255,66,133598,73,295473
9575,0.001921,172.253.118.0-255,1484,135082,73,295473
9576,0.001937,172.253.118.0-255,2902,137984,73,295473
9577,0.001939,172.31.40.0-255,66,138050,73,295473
9578,0.001981,172.253.118.0-255,4320,142370,73,295473
9579,0.001994,172.253.118.0-255,1484,143854,73,295473
9580,0.00205,172.253.118.0-255,1484,145338,73,295473
9581,0.002062,172.253.118.0-255,2902,148240,73,295473
9582,0.002087,172.253.118.0-255,5738,153978,73,295473
9583,0.002091,172.253.118.0-255,2902,156880,73,295473
9584,0.00215,172.253.118.0-255,5738,162618,73,295473
9585,0.002163,172.253.118.0-255,5020,167638,73,295473
9586,0.002198,172.253.118.0-255,1484,169122,73,295473
9587,0.002214,172.253.118.0-255,2902,172024,73,295473
9588,0.002237,172.253.118.0-255,5738,177762,73,295473
9589,0.002255,172.253.118.0-255,5738,183500,73,295473
9590,0.002279,172.253.118.0-255,5738,189238,73,295473
9591,0.0023,172.253.118.0-255,2902,192140,73,295473
9592,0.002392,172.253.118.0-255,1484,193624,73,295473
9593,0.002397,172.253.118.0-255,1484,195108,73,295473
9594,0.002411,172.253.118.0-255,1484,196592,73,295473
9595,0.002418,172.253.118.0-255,5738,202330,73,295473
9596,0.002432,172.253.118.0-255,1484,203814,73,295473
9597,0.0025,172.253.118.0-255,2184,205998,73,295473
9598,0.002534,172.253.118.0-255,1484,207482,73,295473
9599,0.002547,172.253.118.0-255,1484,208966,73,295473
9600,0.002551,172.253.118.0-255,2902,211868,73,295473
9601,0.006749,172.31.40.0-255,66,211934,73,295473
9602,0.009301,172.253.118.0-255,5738,217672,73,295473
9603,0.009307,172.31.40.0-255,66,217738,73,295473
9604,0.011856,172.253.118.0-255,5738,223476,73,295473
9605,0.011862,172.31.40.0-255,66,223542,73,295473
9606,0.014415,172.253.118.0-255,5738,229280,73,295473
9607,0.014426,172.31.40.0-255,66,229346,73,295473
9608,0.016977,172.253.118.0-255,5738,235084,73,295473
9609,0.016984,172.31.40.0-255,66,235150,73,295473
9610,0.019555,172.253.118.0-255,5738,240888,73,295473
9611,0.019563,172.31.40.0-255,66,240954,73,295473
9612,0.02211,172.253.118.0-255,5738,246692,73,295473
9613,0.022114,172.31.40.0-255,66,246758,73,295473
9614,0.024685,172.253.118.0-255,5738,252496,73,295473
9615,0.024692,172.31.40.0-255,66,252562,73,295473
9616,0.027245,172.253.118.0-255,5738,258300,73,295473
9617,0.027252,172.31.40.0-255,66,258366,73,295473
9618,0.029844,172.253.118.0-255,5738,264104,73,295473
9619,0.02985,172.31.40.0-255,66,264170,73,295473
9620,0.031164,172.31.40.0-255,172,264342,73,295473
9621,0.031276,172.31.40.0-255,1115,265457,73,295473
9622,0.031336,172.31.40.0-255,1514,266971,73,295473
9623,0.031338,172.31.40.0-255,1514,268485,73,295473
9624,0.031341,172.31.40.0-255,1410,269895,73,295473
9625,0.032409,172.253.118.0-255,5738,275633,73,295473
9626,0.032415,172.31.40.0-255,66,275699,73,295473
9627,0.032737,104.244.42.0-255,66,275765,73,295473
9628,0.032826,104.244.42.0-255,66,275831,73,295473
9629,0.032875,104.244.42.0-255,66,275897,73,295473
9630,0.03288,104.244.42.0-255,66,275963,73,295473
9631,0.034987,172.253.118.0-255,5738,281701,73,295473
9632,0.034995,172.31.40.0-255,66,281767,73,295473
9633,0.037533,172.253.118.0-255,5738,287505,73,295473
9634,0.037537,172.31.40.0-255,66,287571,73,295473
9635,0.040086,172.253.118.0-255,5738,293309,73,295473
9636,0.040107,172.31.40.0-255,66,293375,73,295473
9637,0.042659,172.253.118.0-255,1861,295236,73,295473
9638,0.042665,172.31.40.0-255,66,295302,73,295473
9639,0.042838,172.31.40.0-255,105,295407,73,295473
9640,0.04535,172.253.118.0-255,66,295473,73,295473
9641,0.0,172.217.194.0-255,153,153,73,325249
9642,1.8e-05,172.31.40.0-255,66,219,73,325249
9643,2.6e-05,172.217.194.0-255,1484,1703,73,325249
9644,3.1e-05,172.31.40.0-255,66,1769,73,325249
9645,3.7e-05,172.217.194.0-255,2902,4671,73,325249
9646,4.1e-05,172.31.40.0-255,66,4737,73,325249
9647,4.7e-05,172.217.194.0-255,4320,9057,73,325249
9648,5e-05,172.31.40.0-255,66,9123,73,325249
9649,7.3e-05,172.217.194.0-255,2902,12025,73,325249
9650,7.6e-05,172.31.40.0-255,66,12091,73,325249
9651,8.1e-05,172.217.194.0-255,2902,14993,73,325249
9652,8.4e-05,172.31.40.0-255,66,15059,73,325249
9653,0.000122,172.31.40.0-255,66,15125,73,325249
9654,0.000127,172.217.194.0-255,2543,17668,73,325249
9655,0.000129,172.31.40.0-255,66,17734,73,325249
9656,0.000149,172.217.194.0-255,1484,19218,73,325249
9657,0.000152,172.31.40.0-255,66,19284,73,325249
9658,0.00017,172.217.194.0-255,1484,20768,73,325249
9659,0.000173,172.31.40.0-255,66,20834,73,325249
9660,0.000181,172.217.194.0-255,7156,27990,73,325249
9661,0.000183,172.31.40.0-255,66,28056,73,325249
9662,0.000187,172.217.194.0-255,2902,30958,73,325249
9663,0.000189,172.31.40.0-255,66,31024,73,325249
9664,0.000237,172.217.194.0-255,3961,34985,73,325249
9665,0.00024,172.31.40.0-255,66,35051,73,325249
9666,0.000261,172.217.194.0-255,4320,39371,73,325249
9667,0.000264,172.31.40.0-255,66,39437,73,325249
9668,0.000267,172.217.194.0-255,1484,40921,73,325249
9669,0.000269,172.31.40.0-255,66,40987,73,325249
9670,0.000294,172.31.40.0-255,66,41053,73,325249
9671,0.000298,172.217.194.0-255,2856,43909,73,325249
9672,0.000314,172.217.194.0-255,98,44007,73,325249
9673,0.000471,172.217.194.0-255,363,44370,73,325249
9674,0.000483,172.31.40.0-255,66,44436,73,325249
9675,0.000607,172.217.194.0-255,1484,45920,73,325249
9676,0.000622,172.217.194.0-255,2902,48822,73,325249
9677,0.000632,172.31.40.0-255,66,48888,73,325249
9678,0.000643,172.217.194.0-255,5738,54626,73,325249
9679,0.000648,172.217.194.0-255,4320,58946,73,325249
9680,0.000661,172.31.40.0-255,66,59012,73,325249
9681,0.000711,172.217.194.0-255,5738,64750,73,325249
9682,0.000728,172.31.40.0-255,66,64816,73,325249
9683,0.00076,172.217.194.0-255,1125,65941,73,325249
9684,0.001019,172.217.194.0-255,1484,67425,73,325249
9685,0.001024,172.217.194.0-255,2902,70327,73,325249
9686,0.00103,172.217.194.0-255,4320,74647,73,325249
9687,0.001035,172.31.40.0-255,66,74713,73,325249
9688,0.001046,172.217.194.0-255,1484,76197,73,325249
9689,0.001063,172.217.194.0-255,5738,81935,73,325249
9690,0.001083,172.31.40.0-255,66,82001,73,325249
9691,0.00109,172.217.194.0-255,7156,89157,73,325249
9692,0.001126,172.31.40.0-255,66,89223,73,325249
9693,0.001163,172.31.40.0-255,66,89289,73,325249
9694,0.001242,172.217.194.0-255,1484,90773,73,325249
9695,0.001246,172.217.194.0-255,2902,93675,73,325249
9696,0.001248,172.217.194.0-255,1484,95159,73,325249
9697,0.001255,172.31.40.0-255,66,95225,73,325249
9698,0.001279,172.217.194.0-255,4320,99545,73,325249
9699,0.001319,172.217.194.0-255,4320,103865,73,325249
9700,0.001343,172.217.194.0-255,6438,110303,73,325249
9701,0.001626,172.217.194.0-255,1484,111787,73,325249
9702,0.001633,172.217.194.0-255,2902,114689,73,325249
9703,0.00164,172.217.194.0-255,5738,120427,73,325249
9704,0.001659,172.217.194.0-255,4320,124747,73,325249
9705,0.001724,172.217.194.0-255,2184,126931,73,325249
9706,0.001729,172.217.194.0-255,2902,129833,73,325249
9707,0.001752,172.217.194.0-255,7156,136989,73,325249
9708,0.001765,172.217.194.0-255,1484,138473,73,325249
9709,0.001852,172.217.194.0-255,7156,145629,73,325249
9710,0.001863,172.217.194.0-255,1484,147113,73,325249
9711,0.001867,172.217.194.0-255,2902,150015,73,325249
9712,0.00189,172.217.194.0-255,7156,157171,73,325249
9713,0.001903,172.217.194.0-255,7156,164327,73,325249
9714,0.001933,172.217.194.0-255,7156,171483,73,325249
9715,0.001936,172.217.194.0-255,766,172249,73,325249
9716,0.001952,172.217.194.0-255,1484,173733,73,325249
9717,0.001958,172.217.194.0-255,4320,178053,73,325249
9718,0.00197,172.217.194.0-255,1484,179537,73,325249
9719,0.001994,172.217.194.0-255,7156,186693,73,325249
9720,0.002036,172.217.194.0-255,4320,191013,73,325249
9721,0.002052,172.217.194.0-255,6438,197451,73,325249
9722,0.004525,172.31.40.0-255,66,197517,73,325249
9723,0.004735,172.31.40.0-255,101,197618,73,325249
9724,0.006586,172.217.194.0-255,5738,203356,73,325249
9725,0.006592,172.31.40.0-255,66,203422,73,325249
9726,0.00671,172.217.194.0-255,66,203488,73,325249
9727,0.008588,172.217.194.0-255,5738,209226,73,325249
9728,0.009834,172.31.40.0-255,66,209292,73,325249
9729,0.011864,172.217.194.0-255,5738,215030,73,325249
9730,0.011871,172.31.40.0-255,66,215096,73,325249
9731,0.013899,172.217.194.0-255,5738,220834,73,325249
9732,0.014382,172.31.40.0-255,66,220900,73,325249
9733,0.016388,172.217.194.0-255,5738,226638,73,325249
9734,0.016395,172.31.40.0-255,66,226704,73,325249
9735,0.018421,172.217.194.0-255,5738,232442,73,325249
9736,0.018428,172.31.40.0-255,66,232508,73,325249
9737,0.020458,172.217.194.0-255,5738,238246,73,325249
9738,0.020472,172.31.40.0-255,66,238312,73,325249
9739,0.022486,172.217.194.0-255,5738,244050,73,325249
9740,0.022491,172.31.40.0-255,66,244116,73,325249
9741,0.024532,172.217.194.0-255,5738,249854,73,325249
9742,0.024539,172.31.40.0-255,66,249920,73,325249
9743,0.026541,172.217.194.0-255,5738,255658,73,325249
9744,0.026548,172.31.40.0-255,66,255724,73,325249
9745,0.028578,172.217.194.0-255,5738,261462,73,325249
9746,0.028585,172.31.40.0-255,66,261528,73,325249
9747,0.030591,172.217.194.0-255,5738,267266,73,325249
9748,0.030601,172.31.40.0-255,66,267332,73,325249
9749,0.032629,172.217.194.0-255,5738,273070,73,325249
9750,0.032635,172.31.40.0-255,66,273136,73,325249
9751,0.034669,172.217.194.0-255,5738,278874,73,325249
9752,0.034677,172.31.40.0-255,66,278940,73,325249
9753,0.036707,172.217.194.0-255,5738,284678,73,325249
9754,0.036713,172.31.40.0-255,66,284744,73,325249
9755,0.037775,172.31.40.0-255,208,284952,73,325249
9756,0.037807,172.31.40.0-255,1114,286066,73,325249
9757,0.037872,172.31.40.0-255,1514,287580,73,325249
9758,0.037874,172.31.40.0-255,1514,289094,73,325249
9759,0.037875,172.31.40.0-255,1514,290608,73,325249
9760,0.037877,172.31.40.0-255,1514,292122,73,325249
9761,0.037906,172.31.40.0-255,1514,293636,73,325249
9762,0.037907,172.31.40.0-255,951,294587,73,325249
9763,0.038733,172.217.194.0-255,5738,300325,73,325249
9764,0.038739,172.31.40.0-255,66,300391,73,325249
9765,0.039282,104.244.42.0-255,66,300457,73,325249
9766,0.039304,104.244.42.0-255,66,300523,73,325249
9767,0.039429,104.244.42.0-255,66,300589,73,325249
9768,0.039435,104.244.42.0-255,66,300655,73,325249
9769,0.04011,104.244.42.0-255,108,300763,73,325249
9770,0.040122,172.31.40.0-255,66,300829,73,325249
9771,0.040762,172.217.194.0-255,5738,306567,73,325249
9772,0.040769,172.31.40.0-255,66,306633,73,325249
9773,0.042799,172.217.194.0-255,5738,312371,73,325249
9774,0.042806,172.31.40.0-255,66,312437,73,325249
9775,0.044824,172.217.194.0-255,5738,318175,73,325249
9776,0.044831,172.31.40.0-255,66,318241,73,325249
9777,0.046875,172.217.194.0-255,5738,323979,73,325249
9778,0.046886,172.31.40.0-255,66,324045,73,325249
9779,0.048915,172.217.194.0-255,1099,325144,73,325249
9780,0.049062,172.31.40.0-255,105,325249,73,325249
9781,0.0,172.217.194.0-255,211,211,73,238915
9782,1.7e-05,172.31.40.0-255,66,277,73,238915
9783,2.3e-05,172.217.194.0-255,1484,1761,73,238915
9784,2.8e-05,172.31.40.0-255,66,1827,73,238915
9785,3.6e-05,172.217.194.0-255,4320,6147,73,238915
9786,4e-05,172.31.40.0-255,66,6213,73,238915
9787,4.7e-05,172.217.194.0-255,5738,11951,73,238915
9788,5.1e-05,172.31.40.0-255,66,12017,73,238915
9789,7.2e-05,172.217.194.0-255,3220,15237,73,238915
9790,7.6e-05,172.31.40.0-255,66,15303,73,238915
9791,8.2e-05,172.217.194.0-255,4320,19623,73,238915
9792,8.4e-05,172.31.40.0-255,66,19689,73,238915
9793,0.00011,172.217.194.0-255,5738,25427,73,238915
9794,0.000114,172.31.40.0-255,66,25493,73,238915
9795,0.000138,172.217.194.0-255,5379,30872,73,238915
9796,0.000141,172.31.40.0-255,66,30938,73,238915
9797,0.000171,172.217.194.0-255,1484,32422,73,238915
9798,0.000173,172.31.40.0-255,66,32488,73,238915
9799,0.000178,172.217.194.0-255,2902,35390,73,238915
9800,0.00018,172.31.40.0-255,66,35456,73,238915
9801,0.000186,172.217.194.0-255,4320,39776,73,238915
9802,0.000188,172.31.40.0-255,66,39842,73,238915
9803,0.000203,172.217.194.0-255,1484,41326,73,238915
9804,0.000205,172.31.40.0-255,66,41392,73,238915
9805,0.00021,172.217.194.0-255,2902,44294,73,238915
9806,0.000212,172.31.40.0-255,66,44360,73,238915
9807,0.000236,172.217.194.0-255,5379,49739,73,238915
9808,0.000239,172.31.40.0-255,66,49805,73,238915
9809,0.00025,172.31.40.0-255,66,49871,73,238915
9810,0.000269,172.217.194.0-255,7087,56958,73,238915
9811,0.000272,172.31.40.0-255,66,57024,73,238915
9812,0.000429,172.217.194.0-255,365,57389,73,238915
9813,0.000626,172.217.194.0-255,1484,58873,73,238915
9814,0.000631,172.31.40.0-255,66,58939,73,238915
9815,0.000637,172.217.194.0-255,2902,61841,73,238915
9816,0.000639,172.31.40.0-255,66,61907,73,238915
9817,0.000646,172.217.194.0-255,5738,67645,73,238915
9818,0.000649,172.31.40.0-255,66,67711,73,238915
9819,0.000656,172.217.194.0-255,6797,74508,73,238915
9820,0.000658,172.31.40.0-255,66,74574,73,238915
9821,0.000673,172.31.40.0-255,66,74640,73,238915
9822,0.000677,172.217.194.0-255,2543,77183,73,238915
9823,0.00068,172.31.40.0-255,66,77249,73,238915
9824,0.000979,172.217.194.0-255,1484,78733,73,238915
9825,0.000985,172.217.194.0-255,2902,81635,73,238915
9826,0.000996,172.31.40.0-255,66,81701,73,238915
9827,0.001001,172.217.194.0-255,2902,84603,73,238915
9828,0.001003,172.31.40.0-255,66,84669,73,238915
9829,0.00102,172.217.194.0-255,2902,87571,73,238915
9830,0.001022,172.31.40.0-255,66,87637,73,238915
9831,0.00103,172.217.194.0-255,7156,94793,73,238915
9832,0.001033,172.31.40.0-255,66,94859,73,238915
9833,0.001071,172.217.194.0-255,1484,96343,73,238915
9834,0.001111,172.31.40.0-255,66,96409,73,238915
9835,0.001115,172.217.194.0-255,1484,97893,73,238915
9836,0.001148,172.217.194.0-255,766,98659,73,238915
9837,0.001151,172.31.40.0-255,66,98725,73,238915
9838,0.00208,172.217.194.0-255,1484,100209,73,238915
9839,0.00209,172.217.194.0-255,2902,103111,73,238915
9840,0.002095,172.31.40.0-255,66,103177,73,238915
9841,0.002101,172.217.194.0-255,2902,106079,73,238915
9842,0.002103,172.31.40.0-255,66,106145,73,238915
9843,0.002121,172.217.194.0-255,1484,107629,73,238915
9844,0.002132,172.31.40.0-255,66,107695,73,238915
9845,0.002169,172.217.194.0-255,5738,113433,73,238915
9846,0.002171,172.31.40.0-255,66,113499,73,238915
9847,0.002204,172.31.40.0-255,66,113565,73,238915
9848,0.002207,172.217.194.0-255,766,114331,73,238915
9849,0.002299,172.217.194.0-255,1484,115815,73,238915
9850,0.002303,172.31.40.0-255,66,115881,73,238915
9851,0.004489,172.217.194.0-255,2902,118783,73,238915
9852,0.004498,172.31.40.0-255,66,118849,73,238915
9853,0.004556,172.217.194.0-255,2902,121751,73,238915
9854,0.004559,172.31.40.0-255,66,121817,73,238915
9855,0.00679,172.217.194.0-255,2902,124719,73,238915
9856,0.006799,172.31.40.0-255,66,124785,73,238915
9857,0.006822,172.217.194.0-255,2902,127687,73,238915
9858,0.006824,172.31.40.0-255,66,127753,73,238915
9859,0.009054,172.217.194.0-255,2902,130655,73,238915
9860,0.00906,172.31.40.0-255,66,130721,73,238915
9861,0.009095,172.217.194.0-255,2902,133623,73,238915
9862,0.009099,172.31.40.0-255,66,133689,73,238915
9863,0.011348,172.217.194.0-255,2902,136591,73,238915
9864,0.011356,172.31.40.0-255,66,136657,73,238915
9865,0.011381,172.217.194.0-255,2902,139559,73,238915
9866,0.011383,172.31.40.0-255,66,139625,73,238915
9867,0.01365,172.217.194.0-255,5738,145363,73,238915
9868,0.013662,172.31.40.0-255,66,145429,73,238915
9869,0.015924,172.217.194.0-255,5738,151167,73,238915
9870,0.015933,172.31.40.0-255,66,151233,73,238915
9871,0.018215,172.217.194.0-255,5738,156971,73,238915
9872,0.018224,172.31.40.0-255,66,157037,73,238915
9873,0.02051,172.217.194.0-255,5738,162775,73,238915
9874,0.020518,172.31.40.0-255,66,162841,73,238915
9875,0.022796,172.217.194.0-255,5738,168579,73,238915
9876,0.022804,172.31.40.0-255,66,168645,73,238915
9877,0.025118,172.217.194.0-255,5738,174383,73,238915
9878,0.025126,172.31.40.0-255,66,174449,73,238915
9879,0.027448,172.217.194.0-255,5738,180187,73,238915
9880,0.027461,172.31.40.0-255,66,180253,73,238915
9881,0.029731,172.217.194.0-255,5738,185991,73,238915
9882,0.02974,172.31.40.0-255,66,186057,73,238915
9883,0.031003,172.31.40.0-255,172,186229,73,238915
9884,0.031038,172.31.40.0-255,1114,187343,73,238915
9885,0.031103,172.31.40.0-255,1514,188857,73,238915
9886,0.031105,172.31.40.0-255,1514,190371,73,238915
9887,0.03111,172.31.40.0-255,1514,191885,73,238915
9888,0.031111,172.31.40.0-255,160,192045,73,238915
9889,0.032037,172.217.194.0-255,5738,197783,73,238915
9890,0.032044,172.31.40.0-255,66,197849,73,238915
9891,0.032532,104.244.42.0-255,66,197915,73,238915
9892,0.032638,104.244.42.0-255,66,197981,73,238915
9893,0.032677,104.244.42.0-255,66,198047,73,238915
9894,0.032682,104.244.42.0-255,66,198113,73,238915
9895,0.033349,104.244.42.0-255,108,198221,73,238915
9896,0.033357,172.31.40.0-255,66,198287,73,238915
9897,0.034316,172.217.194.0-255,5738,204025,73,238915
9898,0.034322,172.31.40.0-255,66,204091,73,238915
9899,0.036635,172.217.194.0-255,5738,209829,73,238915
9900,0.036642,172.31.40.0-255,66,209895,73,238915
9901,0.038907,172.217.194.0-255,5738,215633,73,238915
9902,0.038915,172.31.40.0-255,66,215699,73,238915
9903,0.041202,172.217.194.0-255,5738,221437,73,238915
9904,0.041211,172.31.40.0-255,66,221503,73,238915
9905,0.043501,172.217.194.0-255,5738,227241,73,238915
9906,0.043509,172.31.40.0-255,66,227307,73,238915
9907,0.045805,172.217.194.0-255,5738,233045,73,238915
9908,0.045812,172.31.40.0-255,66,233111,73,238915
9909,0.04809,172.217.194.0-255,5738,238849,73,238915
9910,0.048096,172.31.40.0-255,66,238915,73,238915
9911,0.0,172.217.194.0-255,150,150,73,225706
9912,2.3e-05,172.31.40.0-255,66,216,73,225706
9913,2.9e-05,172.217.194.0-255,1484,1700,73,225706
9914,3.4e-05,172.31.40.0-255,66,1766,73,225706
9915,4e-05,172.217.194.0-255,2902,4668,73,225706
9916,4.3e-05,172.31.40.0-255,66,4734,73,225706
9917,5e-05,172.217.194.0-255,5738,10472,73,225706
9918,5.3e-05,172.31.40.0-255,66,10538,73,225706
9919,8.5e-05,172.217.194.0-255,3528,14066,73,225706
9920,8.9e-05,172.31.40.0-255,66,14132,73,225706
9921,0.000136,172.217.194.0-255,1484,15616,73,225706
9922,0.000139,172.31.40.0-255,66,15682,73,225706
9923,0.000144,172.217.194.0-255,2902,18584,73,225706
9924,0.000147,172.31.40.0-255,66,18650,73,225706
9925,0.000183,172.217.194.0-255,5738,24388,73,225706
9926,0.000186,172.31.40.0-255,66,24454,73,225706
9927,0.000191,172.217.194.0-255,2902,27356,73,225706
9928,0.000193,172.31.40.0-255,66,27422,73,225706
9929,0.000219,172.31.40.0-255,66,27488,73,225706
9930,0.000257,172.217.194.0-255,7156,34644,73,225706
9931,0.00026,172.31.40.0-255,66,34710,73,225706
9932,0.000295,172.31.40.0-255,66,34776,73,225706
9933,0.000301,172.217.194.0-255,5329,40105,73,225706
9934,0.000303,172.31.40.0-255,66,40171,73,225706
9935,0.000306,172.217.194.0-255,98,40269,73,225706
9936,0.000308,172.31.40.0-255,66,40335,73,225706
9937,0.000896,172.217.194.0-255,367,40702,73,225706
9938,0.000903,172.31.40.0-255,66,40768,73,225706
9939,0.001134,172.217.194.0-255,1484,42252,73,225706
9940,0.001139,172.31.40.0-255,66,42318,73,225706
9941,0.001147,172.217.194.0-255,2902,45220,73,225706
9942,0.00115,172.31.40.0-255,66,45286,73,225706
9943,0.001157,172.217.194.0-255,5738,51024,73,225706
9944,0.001159,172.31.40.0-255,66,51090,73,225706
9945,0.001175,172.217.194.0-255,2902,53992,73,225706
9946,0.001177,172.31.40.0-255,66,54058,73,225706
9947,0.001201,172.31.40.0-255,66,54124,73,225706
9948,0.001398,172.217.194.0-255,1484,55608,73,225706
9949,0.001404,172.217.194.0-255,2902,58510,73,225706
9950,0.001407,172.217.194.0-255,1484,59994,73,225706
9951,0.001429,172.217.194.0-255,4320,64314,73,225706
9952,0.001434,172.217.194.0-255,4320,68634,73,225706
9953,0.00145,172.217.194.0-255,4320,72954,73,225706
9954,0.001515,172.217.194.0-255,5020,77974,73,225706
9955,0.001836,172.217.194.0-255,1484,79458,73,225706
9956,0.001844,172.217.194.0-255,2902,82360,73,225706
9957,0.001851,172.217.194.0-255,5738,88098,73,225706
9958,0.001858,172.217.194.0-255,5738,93836,73,225706
9959,0.001863,172.217.194.0-255,2902,96738,73,225706
9960,0.0019,172.217.194.0-255,766,97504,73,225706
9961,0.00423,172.31.40.0-255,66,97570,73,225706
9962,0.00632,172.217.194.0-255,5738,103308,73,225706
9963,0.006326,172.31.40.0-255,66,103374,73,225706
9964,0.008412,172.217.194.0-255,5738,109112,73,225706
9965,0.00842,172.31.40.0-255,66,109178,73,225706
9966,0.010528,172.217.194.0-255,5738,114916,73,225706
9967,0.010537,172.31.40.0-255,66,114982,73,225706
9968,0.012626,172.217.194.0-255,5738,120720,73,225706
9969,0.012635,172.31.40.0-255,66,120786,73,225706
9970,0.014758,172.217.194.0-255,5738,126524,73,225706
9971,0.01477,172.31.40.0-255,66,126590,73,225706
9972,0.016889,172.217.194.0-255,5738,132328,73,225706
9973,0.016896,172.31.40.0-255,66,132394,73,225706
9974,0.018992,172.217.194.0-255,5738,138132,73,225706
9975,0.019,172.31.40.0-255,66,138198,73,225706
9976,0.021133,172.217.194.0-255,5738,143936,73,225706
9977,0.02114,172.31.40.0-255,66,144002,73,225706
9978,0.023219,172.217.194.0-255,5738,149740,73,225706
9979,0.023226,172.31.40.0-255,66,149806,73,225706
9980,0.025343,172.217.194.0-255,5738,155544,73,225706
9981,0.025351,172.31.40.0-255,66,155610,73,225706
9982,0.027219,172.31.40.0-255,172,155782,73,225706
9983,0.027251,172.31.40.0-255,1115,156897,73,225706
9984,0.027311,172.31.40.0-255,1514,158411,73,225706
9985,0.027313,172.31.40.0-255,1514,159925,73,225706
9986,0.027314,172.31.40.0-255,1514,161439,73,225706
9987,0.027316,172.31.40.0-255,159,161598,73,225706
9988,0.027517,172.217.194.0-255,5738,167336,73,225706
9989,0.027524,172.31.40.0-255,66,167402,73,225706
9990,0.028743,104.244.42.0-255,66,167468,73,225706
9991,0.028791,104.244.42.0-255,66,167534,73,225706
9992,0.02889,104.244.42.0-255,66,167600,73,225706
9993,0.028897,104.244.42.0-255,66,167666,73,225706
9994,0.029607,172.217.194.0-255,5738,173404,73,225706
9995,0.029614,172.31.40.0-255,66,173470,73,225706
9996,0.031711,172.217.194.0-255,5738,179208,73,225706
9997,0.031718,172.31.40.0-255,66,179274,73,225706
9998,0.03382,172.217.194.0-255,5738,185012,73,225706
9999,0.033827,172.31.40.0-255,66,185078,73,225706
10000,0.03594,172.217.194.0-255,5738,190816,73,225706
10001,0.035957,172.31.40.0-255,66,190882,73,225706
10002,0.038083,172.217.194.0-255,5738,196620,73,225706
10003,0.038098,172.31.40.0-255,66,196686,73,225706
10004,0.040198,172.217.194.0-255,5738,202424,73,225706
10005,0.040213,172.31.40.0-255,66,202490,73,225706
10006,0.042302,172.217.194.0-255,5738,208228,73,225706
10007,0.042319,172.31.40.0-255,66,208294,73,225706
10008,0.044401,172.217.194.0-255,5738,214032,73,225706
10009,0.04442,172.31.40.0-255,66,214098,73,225706
10010,0.046552,172.217.194.0-255,5738,219836,73,225706
10011,0.046571,172.31.40.0-255,66,219902,73,225706
10012,0.048664,172.217.194.0-255,5738,225640,73,225706
10013,0.048675,172.31.40.0-255,66,225706,73,225706
10014,0.0,172.253.118.0-255,150,150,73,340362
10015,1.2e-05,172.31.40.0-255,66,216,73,340362
10016,1.8e-05,172.253.118.0-255,1484,1700,73,340362
10017,2.3e-05,172.31.40.0-255,66,1766,73,340362
10018,2.8e-05,172.253.118.0-255,2902,4668,73,340362
10019,3e-05,172.31.40.0-255,66,4734,73,340362
10020,3.7e-05,172.253.118.0-255,7156,11890,73,340362
10021,3.9e-05,172.31.40.0-255,66,11956,73,340362
10022,8.1e-05,172.253.118.0-255,2073,14029,73,340362
10023,8.3e-05,172.31.40.0-255,66,14095,73,340362
10024,0.000111,172.253.118.0-255,2902,16997,73,340362
10025,0.000113,172.31.40.0-255,66,17063,73,340362
10026,0.000119,172.253.118.0-255,7156,24219,73,340362
10027,0.000121,172.31.40.0-255,66,24285,73,340362
10028,0.000148,172.253.118.0-255,6797,31082,73,340362
10029,0.00015,172.31.40.0-255,66,31148,73,340362
10030,0.000234,172.253.118.0-255,1484,32632,73,340362
10031,0.000237,172.31.40.0-255,66,32698,73,340362
10032,0.000242,172.253.118.0-255,2902,35600,73,340362
10033,0.000243,172.31.40.0-255,66,35666,73,340362
10034,0.00026,172.253.118.0-255,5738,41404,73,340362
10035,0.000262,172.31.40.0-255,66,41470,73,340362
10036,0.000266,172.253.118.0-255,4320,45790,73,340362
10037,0.000268,172.31.40.0-255,66,45856,73,340362
10038,0.000317,172.253.118.0-255,2543,48399,73,340362
10039,0.000319,172.31.40.0-255,66,48465,73,340362
10040,0.000343,172.253.118.0-255,1484,49949,73,340362
10041,0.000345,172.31.40.0-255,66,50015,73,340362
10042,0.000363,172.253.118.0-255,1484,51499,73,340362
10043,0.000365,172.31.40.0-255,66,51565,73,340362
10044,0.000372,172.253.118.0-255,7156,58721,73,340362
10045,0.000374,172.31.40.0-255,66,58787,73,340362
10046,0.00038,172.253.118.0-255,4320,63107,73,340362
10047,0.000382,172.31.40.0-255,66,63173,73,340362
10048,0.000419,172.253.118.0-255,2543,65716,73,340362
10049,0.000421,172.31.40.0-255,66,65782,73,340362
10050,0.00045,172.253.118.0-255,366,66148,73,340362
10051,0.000472,172.253.118.0-255,376,66524,73,340362
10052,0.000655,172.253.118.0-255,1484,68008,73,340362
10053,0.000658,172.31.40.0-255,66,68074,73,340362
10054,0.000661,172.253.118.0-255,1484,69558,73,340362
10055,0.000676,172.253.118.0-255,1484,71042,73,340362
10056,0.000678,172.31.40.0-255,66,71108,73,340362
10057,0.000682,172.253.118.0-255,4320,75428,73,340362
10058,0.000684,172.31.40.0-255,66,75494,73,340362
10059,0.000759,172.31.40.0-255,66,75560,73,340362
10060,0.000781,172.253.118.0-255,5738,81298,73,340362
10061,0.000784,172.31.40.0-255,66,81364,73,340362
10062,0.000806,172.253.118.0-255,2902,84266,73,340362
10063,0.000809,172.31.40.0-255,66,84332,73,340362
10064,0.000813,172.253.118.0-255,2902,87234,73,340362
10065,0.000816,172.31.40.0-255,66,87300,73,340362
10066,0.000838,172.253.118.0-255,4831,92131,73,340362
10067,0.00084,172.31.40.0-255,66,92197,73,340362
10068,0.000888,172.253.118.0-255,4320,96517,73,340362
10069,0.000891,172.31.40.0-255,66,96583,73,340362
10070,0.000896,172.253.118.0-255,4320,100903,73,340362
10071,0.000898,172.31.40.0-255,66,100969,73,340362
10072,0.000911,172.253.118.0-255,1484,102453,73,340362
10073,0.000942,172.253.118.0-255,1484,103937,73,340362
10074,0.000945,172.31.40.0-255,66,104003,73,340362
10075,0.000966,172.253.118.0-255,5365,109368,73,340362
10076,0.000968,172.31.40.0-255,66,109434,73,340362
10077,0.001209,172.253.118.0-255,1484,110918,73,340362
10078,0.001216,172.253.118.0-255,2902,113820,73,340362
10079,0.001221,172.31.40.0-255,66,113886,73,340362
10080,0.001242,172.253.118.0-255,5738,119624,73,340362
10081,0.001244,172.31.40.0-255,66,119690,73,340362
10082,0.001249,172.253.118.0-255,4320,124010,73,340362
10083,0.001251,172.31.40.0-255,66,124076,73,340362
10084,0.001284,172.31.40.0-255,66,124142,73,340362
10085,0.001299,172.253.118.0-255,1484,125626,73,340362
10086,0.00131,172.253.118.0-255,1484,127110,73,340362
10087,0.001313,172.31.40.0-255,66,127176,73,340362
10088,0.001333,172.253.118.0-255,5020,132196,73,340362
10089,0.001336,172.31.40.0-255,66,132262,73,340362
10090,0.001717,172.253.118.0-255,1484,133746,73,340362
10091,0.001724,172.253.118.0-255,2902,136648,73,340362
10092,0.001729,172.31.40.0-255,66,136714,73,340362
10093,0.001735,172.253.118.0-255,2902,139616,73,340362
10094,0.001737,172.31.40.0-255,66,139682,73,340362
10095,0.001751,172.253.118.0-255,2902,142584,73,340362
10096,0.001754,172.31.40.0-255,66,142650,73,340362
10097,0.001773,172.253.118.0-255,5738,148388,73,340362
10098,0.001775,172.31.40.0-255,66,148454,73,340362
10099,0.001792,172.253.118.0-255,7156,155610,73,340362
10100,0.001794,172.31.40.0-255,66,155676,73,340362
10101,0.001801,172.253.118.0-255,5738,161414,73,340362
10102,0.001803,172.31.40.0-255,66,161480,73,340362
10103,0.00182,172.253.118.0-255,1484,162964,73,340362
10104,0.001867,172.31.40.0-255,66,163030,73,340362
10105,0.001889,172.31.40.0-255,66,163096,73,340362
10106,0.0019,172.31.40.0-255,66,163162,73,340362
10107,0.001905,172.253.118.0-255,3602,166764,73,340362
10108,0.001907,172.31.40.0-255,66,166830,73,340362
10109,0.00193,172.253.118.0-255,1484,168314,73,340362
10110,0.001946,172.253.118.0-255,2902,171216,73,340362
10111,0.001968,172.253.118.0-255,5738,176954,73,340362
10112,0.001972,172.253.118.0-255,2902,179856,73,340362
10113,0.002019,172.253.118.0-255,3961,183817,73,340362
10114,0.002079,172.253.118.0-255,1484,185301,73,340362
10115,0.002097,172.253.118.0-255,2902,188203,73,340362
10116,0.002109,172.253.118.0-255,1484,189687,73,340362
10117,0.002123,172.253.118.0-255,4320,194007,73,340362
10118,0.002127,172.253.118.0-255,2902,196909,73,340362
10119,0.002163,172.253.118.0-255,7156,204065,73,340362
10120,0.002178,172.253.118.0-255,2902,206967,73,340362
10121,0.002183,172.253.118.0-255,4320,211287,73,340362
10122,0.002201,172.253.118.0-255,4320,215607,73,340362
10123,0.002236,172.253.118.0-255,2184,217791,73,340362
10124,0.003674,172.31.40.0-255,66,217857,73,340362
10125,0.005952,172.253.118.0-255,5738,223595,73,340362
10126,0.005958,172.31.40.0-255,66,223661,73,340362
10127,0.008203,172.253.118.0-255,5738,229399,73,340362
10128,0.00821,172.31.40.0-255,66,229465,73,340362
10129,0.010483,172.253.118.0-255,5738,235203,73,340362
10130,0.010491,172.31.40.0-255,66,235269,73,340362
10131,0.012748,172.253.118.0-255,5738,241007,73,340362
10132,0.012756,172.31.40.0-255,66,241073,73,340362
10133,0.015007,172.253.118.0-255,5738,246811,73,340362
10134,0.015024,172.31.40.0-255,66,246877,73,340362
10135,0.017296,172.253.118.0-255,5738,252615,73,340362
10136,0.017305,172.31.40.0-255,66,252681,73,340362
10137,0.019545,172.253.118.0-255,5738,258419,73,340362
10138,0.019553,172.31.40.0-255,66,258485,73,340362
10139,0.02182,172.253.118.0-255,5738,264223,73,340362
10140,0.021827,172.31.40.0-255,66,264289,73,340362
10141,0.024084,172.253.118.0-255,5738,270027,73,340362
10142,0.024091,172.31.40.0-255,66,270093,73,340362
10143,0.026371,172.253.118.0-255,5738,275831,73,340362
10144,0.026377,172.31.40.0-255,66,275897,73,340362
10145,0.027444,172.31.40.0-255,171,276068,73,340362
10146,0.027473,172.31.40.0-255,1139,277207,73,340362
10147,0.027532,172.31.40.0-255,1514,278721,73,340362
10148,0.027534,172.31.40.0-255,1514,280235,73,340362
10149,0.027538,172.31.40.0-255,1514,281749,73,340362
10150,0.027539,172.31.40.0-255,135,281884,73,340362
10151,0.028612,172.253.118.0-255,5738,287622,73,340362
10152,0.028618,172.31.40.0-255,66,287688,73,340362
10153,0.028985,104.244.42.0-255,66,287754,73,340362
10154,0.029029,104.244.42.0-255,66,287820,73,340362
10155,0.029065,104.244.42.0-255,66,287886,73,340362
10156,0.029069,104.244.42.0-255,66,287952,73,340362
10157,0.02968,104.244.42.0-255,108,288060,73,340362
10158,0.029684,172.31.40.0-255,66,288126,73,340362
10159,0.030854,172.253.118.0-255,5738,293864,73,340362
10160,0.030858,172.31.40.0-255,66,293930,73,340362
10161,0.033109,172.253.118.0-255,5738,299668,73,340362
10162,0.033115,172.31.40.0-255,66,299734,73,340362
10163,0.03538,172.253.118.0-255,5738,305472,73,340362
10164,0.035387,172.31.40.0-255,66,305538,73,340362
10165,0.03764,172.253.118.0-255,5738,311276,73,340362
10166,0.037647,172.31.40.0-255,66,311342,73,340362
10167,0.039919,172.253.118.0-255,5738,317080,73,340362
10168,0.039926,172.31.40.0-255,66,317146,73,340362
10169,0.042178,172.253.118.0-255,5738,322884,73,340362
10170,0.042184,172.31.40.0-255,66,322950,73,340362
10171,0.04445,172.253.118.0-255,5738,328688,73,340362
10172,0.044455,172.31.40.0-255,66,328754,73,340362
10173,0.04668,172.253.118.0-255,5738,334492,73,340362
10174,0.046686,172.31.40.0-255,66,334558,73,340362
10175,0.048964,172.253.118.0-255,5738,340296,73,340362
10176,0.04897,172.31.40.0-255,66,340362,73,340362
10177,0.0,74.125.24.0-255,294,294,73,318967
10178,2.2e-05,172.31.40.0-255,66,360,73,318967
10179,2.8e-05,74.125.24.0-255,1484,1844,73,318967
10180,3.2e-05,172.31.40.0-255,66,1910,73,318967
10181,3.9e-05,74.125.24.0-255,4320,6230,73,318967
10182,4.8e-05,172.31.40.0-255,66,6296,73,318967
10183,5.3e-05,74.125.24.0-255,4320,10616,73,318967
10184,5.6e-05,172.31.40.0-255,66,10682,73,318967
10185,6.6e-05,172.31.40.0-255,66,10748,73,318967
10186,9.8e-05,74.125.24.0-255,1931,12679,73,318967
10187,0.000104,172.31.40.0-255,66,12745,73,318967
10188,0.000115,172.31.40.0-255,66,12811,73,318967
10189,0.000205,74.125.24.0-255,1484,14295,73,318967
10190,0.000208,172.31.40.0-255,66,14361,73,318967
10191,0.000238,74.125.24.0-255,1484,15845,73,318967
10192,0.000241,172.31.40.0-255,66,15911,73,318967
10193,0.000245,74.125.24.0-255,2902,18813,73,318967
10194,0.000247,172.31.40.0-255,66,18879,73,318967
10195,0.00025,74.125.24.0-255,1484,20363,73,318967
10196,0.000252,172.31.40.0-255,66,20429,73,318967
10197,0.000292,74.125.24.0-255,4320,24749,73,318967
10198,0.000295,172.31.40.0-255,66,24815,73,318967
10199,0.000312,172.31.40.0-255,66,24881,73,318967
10200,0.000346,172.31.40.0-255,66,24947,73,318967
10201,0.000385,74.125.24.0-255,362,25309,73,318967
10202,0.000387,172.31.40.0-255,66,25375,73,318967
10203,0.00046,74.125.24.0-255,131,25506,73,318967
10204,0.000463,172.31.40.0-255,66,25572,73,318967
10205,0.000549,74.125.24.0-255,1484,27056,73,318967
10206,0.000555,74.125.24.0-255,2902,29958,73,318967
10207,0.000558,172.31.40.0-255,66,30024,73,318967
10208,0.000587,74.125.24.0-255,5738,35762,73,318967
10209,0.000593,74.125.24.0-255,5738,41500,73,318967
10210,0.000596,172.31.40.0-255,66,41566,73,318967
10211,0.000599,172.31.40.0-255,66,41632,73,318967
10212,0.000623,74.125.24.0-255,826,42458,73,318967
10213,0.000691,74.125.24.0-255,1484,43942,73,318967
10214,0.000694,172.31.40.0-255,66,44008,73,318967
10215,0.000699,74.125.24.0-255,2902,46910,73,318967
10216,0.000701,172.31.40.0-255,66,46976,73,318967
10217,0.000706,74.125.24.0-255,5738,52714,73,318967
10218,0.000712,172.31.40.0-255,66,52780,73,318967
10219,0.000742,74.125.24.0-255,1484,54264,73,318967
10220,0.000766,74.125.24.0-255,4320,58584,73,318967
10221,0.000769,172.31.40.0-255,66,58650,73,318967
10222,0.000771,74.125.24.0-255,1125,59775,73,318967
10223,0.001077,74.125.24.0-255,1484,61259,73,318967
10224,0.001081,172.31.40.0-255,66,61325,73,318967
10225,0.001086,74.125.24.0-255,2902,64227,73,318967
10226,0.001087,172.31.40.0-255,66,64293,73,318967
10227,0.00109,74.125.24.0-255,1484,65777,73,318967
10228,0.001114,74.125.24.0-255,4320,70097,73,318967
10229,0.001117,172.31.40.0-255,66,70163,73,318967
10230,0.001133,74.125.24.0-255,7156,77319,73,318967
10231,0.001135,172.31.40.0-255,66,77385,73,318967
10232,0.001162,74.125.24.0-255,5738,83123,73,318967
10233,0.001164,172.31.40.0-255,66,83189,73,318967
10234,0.001193,172.31.40.0-255,66,83255,73,318967
10235,0.001426,74.125.24.0-255,1484,84739,73,318967
10236,0.001431,74.125.24.0-255,2902,87641,73,318967
10237,0.001434,172.31.40.0-255,66,87707,73,318967
10238,0.001441,74.125.24.0-255,4320,92027,73,318967
10239,0.001444,172.31.40.0-255,66,92093,73,318967
10240,0.001465,74.125.24.0-255,1484,93577,73,318967
10241,0.001488,74.125.24.0-255,4320,97897,73,318967
10242,0.001491,172.31.40.0-255,66,97963,73,318967
10243,0.001519,74.125.24.0-255,5738,103701,73,318967
10244,0.001522,172.31.40.0-255,66,103767,73,318967
10245,0.001547,74.125.24.0-255,2902,106669,73,318967
10246,0.00155,172.31.40.0-255,66,106735,73,318967
10247,0.001587,74.125.24.0-255,5738,112473,73,318967
10248,0.00159,172.31.40.0-255,66,112539,73,318967
10249,0.001616,74.125.24.0-255,4320,116859,73,318967
10250,0.001619,172.31.40.0-255,66,116925,73,318967
10251,0.001622,74.125.24.0-255,766,117691,73,318967
10252,0.001642,74.125.24.0-255,1484,119175,73,318967
10253,0.001645,172.31.40.0-255,66,119241,73,318967
10254,0.001675,74.125.24.0-255,4320,123561,73,318967
10255,0.001677,172.31.40.0-255,66,123627,73,318967
10256,0.001698,172.31.40.0-255,66,123693,73,318967
10257,0.001711,172.31.40.0-255,66,123759,73,318967
10258,0.001751,74.125.24.0-255,6438,130197,73,318967
10259,0.001754,172.31.40.0-255,66,130263,73,318967
10260,0.001848,74.125.24.0-255,1484,131747,73,318967
10261,0.001866,74.125.24.0-255,2902,134649,73,318967
10262,0.00187,172.31.40.0-255,66,134715,73,318967
10263,0.001916,74.125.24.0-255,5738,140453,73,318967
10264,0.00192,172.31.40.0-255,66,140519,73,318967
10265,0.001924,74.125.24.0-255,1484,142003,73,318967
10266,0.001951,74.125.24.0-255,4320,146323,73,318967
10267,0.001954,172.31.40.0-255,66,146389,73,318967
10268,0.001978,74.125.24.0-255,4320,150709,73,318967
10269,0.001981,172.31.40.0-255,66,150775,73,318967
10270,0.001989,74.125.24.0-255,7156,157931,73,318967
10271,0.001992,172.31.40.0-255,66,157997,73,318967
10272,0.002021,74.125.24.0-255,5738,163735,73,318967
10273,0.002023,172.31.40.0-255,66,163801,73,318967
10274,0.002026,74.125.24.0-255,766,164567,73,318967
10275,0.002064,74.125.24.0-255,1484,166051,73,318967
10276,0.002067,172.31.40.0-255,66,166117,73,318967
10277,0.002102,74.125.24.0-255,1484,167601,73,318967
10278,0.002122,74.125.24.0-255,2902,170503,73,318967
10279,0.002125,172.31.40.0-255,66,170569,73,318967
10280,0.002131,74.125.24.0-255,4320,174889,73,318967
10281,0.002133,172.31.40.0-255,66,174955,73,318967
10282,0.002164,74.125.24.0-255,5738,180693,73,318967
10283,0.002167,172.31.40.0-255,66,180759,73,318967
10284,0.002184,74.125.24.0-255,2902,183661,73,318967
10285,0.002187,172.31.40.0-255,66,183727,73,318967
10286,0.002195,74.125.24.0-255,7156,190883,73,318967
10287,0.002198,172.31.40.0-255,66,190949,73,318967
10288,0.002234,172.31.40.0-255,66,191015,73,318967
10289,0.002376,74.125.24.0-255,1484,192499,73,318967
10290,0.002398,74.125.24.0-255,2902,195401,73,318967
10291,0.002402,172.31.40.0-255,66,195467,73,318967
10292,0.002441,74.125.24.0-255,2902,198369,73,318967
10293,0.002444,172.31.40.0-255,66,198435,73,318967
10294,0.002473,74.125.24.0-255,2902,201337,73,318967
10295,0.002476,172.31.40.0-255,66,201403,73,318967
10296,0.002482,74.125.24.0-255,5738,207141,73,318967
10297,0.002484,172.31.40.0-255,66,207207,73,318967
10298,0.002496,74.125.24.0-255,7156,214363,73,318967
10299,0.002499,172.31.40.0-255,66,214429,73,318967
10300,0.002511,172.31.40.0-255,66,214495,73,318967
10301,0.005121,74.125.24.0-255,5738,220233,73,318967
10302,0.005137,172.31.40.0-255,66,220299,73,318967
10303,0.007739,74.125.24.0-255,5738,226037,73,318967
10304,0.007749,172.31.40.0-255,66,226103,73,318967
10305,0.010368,74.125.24.0-255,5738,231841,73,318967
10306,0.01039,172.31.40.0-255,66,231907,73,318967
10307,0.012991,74.125.24.0-255,5738,237645,73,318967
10308,0.013008,172.31.40.0-255,66,237711,73,318967
10309,0.01563,74.125.24.0-255,5738,243449,73,318967
10310,0.015636,172.31.40.0-255,66,243515,73,318967
10311,0.018232,74.125.24.0-255,5738,249253,73,318967
10312,0.018249,172.31.40.0-255,66,249319,73,318967
10313,0.020848,74.125.24.0-255,5738,255057,73,318967
10314,0.020864,172.31.40.0-255,66,255123,73,318967
10315,0.023455,74.125.24.0-255,5738,260861,73,318967
10316,0.023463,172.31.40.0-255,66,260927,73,318967
10317,0.026041,74.125.24.0-255,5738,266665,73,318967
10318,0.026052,172.31.40.0-255,66,266731,73,318967
10319,0.028654,74.125.24.0-255,5738,272469,73,318967
10320,0.028663,172.31.40.0-255,66,272535,73,318967
10321,0.031258,74.125.24.0-255,5738,278273,73,318967
10322,0.031269,172.31.40.0-255,66,278339,73,318967
10323,0.03385,74.125.24.0-255,5738,284077,73,318967
10324,0.033859,172.31.40.0-255,66,284143,73,318967
10325,0.036465,74.125.24.0-255,5738,289881,73,318967
10326,0.036473,172.31.40.0-255,66,289947,73,318967
10327,0.039094,74.125.24.0-255,5738,295685,73,318967
10328,0.039112,172.31.40.0-255,66,295751,73,318967
10329,0.041709,74.125.24.0-255,5738,301489,73,318967
10330,0.041721,172.31.40.0-255,66,301555,73,318967
10331,0.044317,74.125.24.0-255,5738,307293,73,318967
10332,0.044326,172.31.40.0-255,66,307359,73,318967
10333,0.04693,74.125.24.0-255,5738,313097,73,318967
10334,0.046941,172.31.40.0-255,66,313163,73,318967
10335,0.049528,74.125.24.0-255,5738,318901,73,318967
10336,0.049544,172.31.40.0-255,66,318967,73,318967
10337,0.0,172.217.194.0-255,153,153,73,178311
10338,2.3e-05,172.31.40.0-255,66,219,73,178311
10339,2.9e-05,172.217.194.0-255,1484,1703,73,178311
10340,3.4e-05,172.31.40.0-255,66,1769,73,178311
10341,4e-05,172.217.194.0-255,2902,4671,73,178311
10342,5e-05,172.31.40.0-255,66,4737,73,178311
10343,5.8e-05,172.217.194.0-255,7156,11893,73,178311
10344,6.2e-05,172.31.40.0-255,66,11959,73,178311
10345,6.6e-05,172.217.194.0-255,2031,13990,73,178311
10346,6.8e-05,172.31.40.0-255,66,14056,73,178311
10347,0.000113,172.31.40.0-255,66,14122,73,178311
10348,0.00012,172.217.194.0-255,5379,19501,73,178311
10349,0.000123,172.31.40.0-255,66,19567,73,178311
10350,0.000172,172.31.40.0-255,66,19633,73,178311
10351,0.000197,172.217.194.0-255,1484,21117,73,178311
10352,0.000199,172.31.40.0-255,66,21183,73,178311
10353,0.000227,172.31.40.0-255,66,21249,73,178311
10354,0.000257,172.217.194.0-255,4320,25569,73,178311
10355,0.00026,172.31.40.0-255,66,25635,73,178311
10356,0.000292,172.217.194.0-255,4271,29906,73,178311
10357,0.000295,172.31.40.0-255,66,29972,73,178311
10358,0.000297,172.217.194.0-255,99,30071,73,178311
10359,0.000299,172.31.40.0-255,66,30137,73,178311
10360,0.000337,172.217.194.0-255,365,30502,73,178311
10361,0.000339,172.31.40.0-255,66,30568,73,178311
10362,0.000434,172.217.194.0-255,1484,32052,73,178311
10363,0.000439,172.31.40.0-255,66,32118,73,178311
10364,0.000444,172.217.194.0-255,2902,35020,73,178311
10365,0.000446,172.31.40.0-255,66,35086,73,178311
10366,0.000451,172.217.194.0-255,2902,37988,73,178311
10367,0.000458,172.31.40.0-255,66,38054,73,178311
10368,0.000486,172.217.194.0-255,2902,40956,73,178311
10369,0.000489,172.31.40.0-255,66,41022,73,178311
10370,0.0005,172.217.194.0-255,6248,47270,73,178311
10371,0.000503,172.31.40.0-255,66,47336,73,178311
10372,0.000713,172.217.194.0-255,1484,48820,73,178311
10373,0.000721,172.217.194.0-255,2902,51722,73,178311
10374,0.000725,172.31.40.0-255,66,51788,73,178311
10375,0.000732,172.217.194.0-255,5738,57526,73,178311
10376,0.000735,172.31.40.0-255,66,57592,73,178311
10377,0.000764,172.217.194.0-255,4320,61912,73,178311
10378,0.000766,172.31.40.0-255,66,61978,73,178311
10379,0.000805,172.31.40.0-255,66,62044,73,178311
10380,0.000823,172.31.40.0-255,66,62110,73,178311
10381,0.000915,172.217.194.0-255,1484,63594,73,178311
10382,0.00092,172.217.194.0-255,2902,66496,73,178311
10383,0.000923,172.31.40.0-255,66,66562,73,178311
10384,0.000951,172.217.194.0-255,5738,72300,73,178311
10385,0.000953,172.31.40.0-255,66,72366,73,178311
10386,0.000971,172.31.40.0-255,66,72432,73,178311
10387,0.000982,172.217.194.0-255,1484,73916,73,178311
10388,0.001,172.31.40.0-255,66,73982,73,178311
10389,0.001202,172.217.194.0-255,1484,75466,73,178311
10390,0.001207,172.217.194.0-255,2902,78368,73,178311
10391,0.001211,172.31.40.0-255,66,78434,73,178311
10392,0.001215,172.217.194.0-255,1484,79918,73,178311
10393,0.001239,172.217.194.0-255,4320,84238,73,178311
10394,0.001241,172.31.40.0-255,66,84304,73,178311
10395,0.001261,172.31.40.0-255,66,84370,73,178311
10396,0.001332,172.31.40.0-255,66,84436,73,178311
10397,0.00135,172.217.194.0-255,1484,85920,73,178311
10398,0.001354,172.217.194.0-255,2902,88822,73,178311
10399,0.001357,172.31.40.0-255,66,88888,73,178311
10400,0.001363,172.217.194.0-255,4320,93208,73,178311
10401,0.001365,172.31.40.0-255,66,93274,73,178311
10402,0.001409,172.217.194.0-255,1484,94758,73,178311
10403,0.001415,172.217.194.0-255,7156,101914,73,178311
10404,0.001426,172.217.194.0-255,4320,106234,73,178311
10405,0.001432,172.31.40.0-255,66,106300,73,178311
10406,0.001435,172.31.40.0-255,66,106366,73,178311
10407,0.001442,172.31.40.0-255,66,106432,73,178311
10408,0.001452,172.217.194.0-255,3602,110034,73,178311
10409,0.001457,172.31.40.0-255,66,110100,73,178311
10410,0.001534,172.217.194.0-255,1484,111584,73,178311
10411,0.001547,172.217.194.0-255,2902,114486,73,178311
10412,0.00155,172.31.40.0-255,66,114552,73,178311
10413,0.001556,172.217.194.0-255,4320,118872,73,178311
10414,0.001559,172.31.40.0-255,66,118938,73,178311
10415,0.001589,172.217.194.0-255,1484,120422,73,178311
10416,0.001603,172.31.40.0-255,66,120488,73,178311
10417,0.001628,172.31.40.0-255,66,120554,73,178311
10418,0.001682,172.217.194.0-255,1484,122038,73,178311
10419,0.001688,172.217.194.0-255,2902,124940,73,178311
10420,0.001691,172.31.40.0-255,66,125006,73,178311
10421,0.001724,172.217.194.0-255,5738,130744,73,178311
10422,0.001728,172.31.40.0-255,66,130810,73,178311
10423,0.00174,172.31.40.0-255,66,130876,73,178311
10424,0.001767,172.217.194.0-255,2902,133778,73,178311
10425,0.00177,172.31.40.0-255,66,133844,73,178311
10426,0.001812,172.31.40.0-255,66,133910,73,178311
10427,0.001838,172.217.194.0-255,1484,135394,73,178311
10428,0.001843,172.217.194.0-255,2902,138296,73,178311
10429,0.001845,172.31.40.0-255,66,138362,73,178311
10430,0.00185,172.217.194.0-255,4320,142682,73,178311
10431,0.001853,172.31.40.0-255,66,142748,73,178311
10432,0.001877,172.217.194.0-255,1484,144232,73,178311
10433,0.001901,172.31.40.0-255,66,144298,73,178311
10434,0.001908,172.31.40.0-255,66,144364,73,178311
10435,0.001941,172.217.194.0-255,5738,150102,73,178311
10436,0.001944,172.31.40.0-255,66,150168,73,178311
10437,0.001982,172.31.40.0-255,66,150234,73,178311
10438,0.002003,172.31.40.0-255,66,150300,73,178311
10439,0.00202,172.31.40.0-255,66,150366,73,178311
10440,0.002101,172.31.40.0-255,66,150432,73,178311
10441,0.002325,172.31.40.0-255,101,150533,73,178311
10442,0.004096,172.217.194.0-255,5738,156271,73,178311
10443,0.004102,172.31.40.0-255,66,156337,73,178311
10444,0.004305,172.217.194.0-255,66,156403,73,178311
10445,0.006096,172.217.194.0-255,5738,162141,73,178311
10446,0.006103,172.31.40.0-255,66,162207,73,178311
10447,0.008087,172.217.194.0-255,5738,167945,73,178311
10448,0.008091,172.31.40.0-255,66,168011,73,178311
10449,0.01008,172.217.194.0-255,5738,173749,73,178311
10450,0.010086,172.31.40.0-255,66,173815,73,178311
10451,0.012106,172.217.194.0-255,4259,178074,73,178311
10452,0.012122,172.31.40.0-255,66,178140,73,178311
10453,0.018642,172.31.40.0-255,105,178245,73,178311
10454,0.024609,172.217.194.0-255,66,178311,73,178311
10455,0.0,172.217.194.0-255,153,153,73,282977
10456,2.1e-05,172.31.40.0-255,66,219,73,282977
10457,2.8e-05,172.217.194.0-255,1484,1703,73,282977
10458,3.2e-05,172.31.40.0-255,66,1769,73,282977
10459,3.8e-05,172.217.194.0-255,2902,4671,73,282977
10460,4.1e-05,172.31.40.0-255,66,4737,73,282977
10461,4.7e-05,172.217.194.0-255,4320,9057,73,282977
10462,5.1e-05,172.31.40.0-255,66,9123,73,282977
10463,6.9e-05,172.217.194.0-255,1484,10607,73,282977
10464,7.2e-05,172.31.40.0-255,66,10673,73,282977
10465,8.5e-05,172.217.194.0-255,3534,14207,73,282977
10466,8.8e-05,172.31.40.0-255,66,14273,73,282977
10467,0.00014,172.217.194.0-255,4320,18593,73,282977
10468,0.000143,172.31.40.0-255,66,18659,73,282977
10469,0.000148,172.217.194.0-255,2902,21561,73,282977
10470,0.00015,172.31.40.0-255,66,21627,73,282977
10471,0.000153,172.217.194.0-255,1484,23111,73,282977
10472,0.000155,172.31.40.0-255,66,23177,73,282977
10473,0.000188,172.217.194.0-255,7156,30333,73,282977
10474,0.000191,172.31.40.0-255,66,30399,73,282977
10475,0.000196,172.217.194.0-255,3961,34360,73,282977
10476,0.000198,172.31.40.0-255,66,34426,73,282977
10477,0.000203,172.217.194.0-255,2902,37328,73,282977
10478,0.000205,172.31.40.0-255,66,37394,73,282977
10479,0.000222,172.217.194.0-255,1484,38878,73,282977
10480,0.000224,172.31.40.0-255,66,38944,73,282977
10481,0.000229,172.217.194.0-255,2902,41846,73,282977
10482,0.000231,172.31.40.0-255,66,41912,73,282977
10483,0.000255,172.217.194.0-255,6797,48709,73,282977
10484,0.000258,172.31.40.0-255,66,48775,73,282977
10485,0.000296,172.217.194.0-255,1484,50259,73,282977
10486,0.000299,172.31.40.0-255,66,50325,73,282977
10487,0.000304,172.217.194.0-255,2902,53227,73,282977
10488,0.000308,172.217.194.0-255,1484,54711,73,282977
10489,0.000327,172.217.194.0-255,4320,59031,73,282977
10490,0.00035,172.217.194.0-255,6797,65828,73,282977
10491,0.000478,172.31.40.0-255,66,65894,73,282977
10492,0.000521,172.217.194.0-255,645,66539,73,282977
10493,0.00061,172.217.194.0-255,1484,68023,73,282977
10494,0.000615,172.217.194.0-255,2902,70925,73,282977
10495,0.000621,172.31.40.0-255,66,70991,73,282977
10496,0.000638,172.217.194.0-255,5738,76729,73,282977
10497,0.00066,172.217.194.0-255,6249,82978,73,282977
10498,0.000665,172.31.40.0-255,66,83044,73,282977
10499,0.001185,172.217.194.0-255,1484,84528,73,282977
10500,0.001206,172.217.194.0-255,2902,87430,73,282977
10501,0.001209,172.31.40.0-255,66,87496,73,282977
10502,0.001217,172.217.194.0-255,5738,93234,73,282977
10503,0.00124,172.31.40.0-255,66,93300,73,282977
10504,0.001262,172.217.194.0-255,6797,100097,73,282977
10505,0.001269,172.31.40.0-255,66,100163,73,282977
10506,0.001301,172.217.194.0-255,1484,101647,73,282977
10507,0.001312,172.217.194.0-255,2902,104549,73,282977
10508,0.001333,172.217.194.0-255,4320,108869,73,282977
10509,0.001342,172.31.40.0-255,66,108935,73,282977
10510,0.00135,172.217.194.0-255,1484,110419,73,282977
10511,0.001361,172.217.194.0-255,2902,113321,73,282977
10512,0.001366,172.31.40.0-255,66,113387,73,282977
10513,0.001374,172.217.194.0-255,1484,114871,73,282977
10514,0.001403,172.217.194.0-255,5738,120609,73,282977
10515,0.001413,172.31.40.0-255,66,120675,73,282977
10516,0.001421,172.217.194.0-255,1484,122159,73,282977
10517,0.001426,172.217.194.0-255,3602,125761,73,282977
10518,0.001456,172.31.40.0-255,66,125827,73,282977
10519,0.001803,172.217.194.0-255,1484,127311,73,282977
10520,0.001821,172.217.194.0-255,2902,130213,73,282977
10521,0.001825,172.31.40.0-255,66,130279,73,282977
10522,0.001831,172.217.194.0-255,2902,133181,73,282977
10523,0.001845,172.217.194.0-255,2902,136083,73,282977
10524,0.001853,172.31.40.0-255,66,136149,73,282977
10525,0.001871,172.31.40.0-255,66,136215,73,282977
10526,0.001883,172.217.194.0-255,4320,140535,73,282977
10527,0.001888,172.217.194.0-255,2902,143437,73,282977
10528,0.001917,172.31.40.0-255,66,143503,73,282977
10529,0.001922,172.31.40.0-255,66,143569,73,282977
10530,0.002164,172.217.194.0-255,1484,145053,73,282977
10531,0.002169,172.217.194.0-255,2902,147955,73,282977
10532,0.002172,172.31.40.0-255,66,148021,73,282977
10533,0.002191,172.217.194.0-255,5738,153759,73,282977
10534,0.002196,172.31.40.0-255,66,153825,73,282977
10535,0.002207,172.217.194.0-255,1484,155309,73,282977
10536,0.002265,172.31.40.0-255,66,155375,73,282977
10537,0.002436,172.217.194.0-255,1484,156859,73,282977
10538,0.002442,172.217.194.0-255,2902,159761,73,282977
10539,0.002445,172.31.40.0-255,66,159827,73,282977
10540,0.002451,172.217.194.0-255,4320,164147,73,282977
10541,0.002465,172.217.194.0-255,1484,165631,73,282977
10542,0.00247,172.31.40.0-255,66,165697,73,282977
10543,0.002481,172.217.194.0-255,4320,170017,73,282977
10544,0.002511,172.217.194.0-255,7156,177173,73,282977
10545,0.002516,172.217.194.0-255,3602,180775,73,282977
10546,0.002521,172.31.40.0-255,66,180841,73,282977
10547,0.005002,172.217.194.0-255,5738,186579,73,282977
10548,0.005009,172.31.40.0-255,66,186645,73,282977
10549,0.00749,172.217.194.0-255,5738,192383,73,282977
10550,0.007496,172.31.40.0-255,66,192449,73,282977
10551,0.009974,172.217.194.0-255,5738,198187,73,282977
10552,0.009981,172.31.40.0-255,66,198253,73,282977
10553,0.012484,172.217.194.0-255,5738,203991,73,282977
10554,0.018068,172.31.40.0-255,66,204057,73,282977
10555,0.020565,172.217.194.0-255,5738,209795,73,282977
10556,0.020578,172.31.40.0-255,66,209861,73,282977
10557,0.023071,172.217.194.0-255,5738,215599,73,282977
10558,0.023081,172.31.40.0-255,66,215665,73,282977
10559,0.02557,172.217.194.0-255,5738,221403,73,282977
10560,0.025577,172.31.40.0-255,66,221469,73,282977
10561,0.028085,172.217.194.0-255,5738,227207,73,282977
10562,0.028094,172.31.40.0-255,66,227273,73,282977
10563,0.030593,172.217.194.0-255,5738,233011,73,282977
10564,0.0306,172.31.40.0-255,66,233077,73,282977
10565,0.030705,172.31.40.0-255,172,233249,73,282977
10566,0.030734,172.31.40.0-255,1110,234359,73,282977
10567,0.030805,172.31.40.0-255,1514,235873,73,282977
10568,0.030807,172.31.40.0-255,1514,237387,73,282977
10569,0.030808,172.31.40.0-255,1514,238901,73,282977
10570,0.030809,172.31.40.0-255,1514,240415,73,282977
10571,0.03081,172.31.40.0-255,1514,241929,73,282977
10572,0.030839,172.31.40.0-255,222,242151,73,282977
10573,0.032243,104.244.42.0-255,66,242217,73,282977
10574,0.032342,104.244.42.0-255,66,242283,73,282977
10575,0.032376,104.244.42.0-255,66,242349,73,282977
10576,0.033102,172.217.194.0-255,5738,248087,73,282977
10577,0.033106,172.31.40.0-255,66,248153,73,282977
10578,0.035581,172.217.194.0-255,5738,253891,73,282977
10579,0.035589,172.31.40.0-255,66,253957,73,282977
10580,0.03808,172.217.194.0-255,5738,259695,73,282977
10581,0.038087,172.31.40.0-255,66,259761,73,282977
10582,0.040571,172.217.194.0-255,5738,265499,73,282977
10583,0.040578,172.31.40.0-255,66,265565,73,282977
10584,0.043137,172.217.194.0-255,5738,271303,73,282977
10585,0.043143,172.31.40.0-255,66,271369,73,282977
10586,0.045647,172.217.194.0-255,5738,277107,73,282977
10587,0.045654,172.31.40.0-255,66,277173,73,282977
10588,0.048151,172.217.194.0-255,5738,282911,73,282977
10589,0.048157,172.31.40.0-255,66,282977,73,282977
10590,0.0,74.125.130.0-255,150,150,73,222417
10591,1.7e-05,172.31.40.0-255,66,216,73,222417
10592,3.8e-05,74.125.130.0-255,1484,1700,73,222417
10593,4.3e-05,172.31.40.0-255,66,1766,73,222417
10594,4.9e-05,74.125.130.0-255,2902,4668,73,222417
10595,5.3e-05,172.31.40.0-255,66,4734,73,222417
10596,8.5e-05,74.125.130.0-255,2902,7636,73,222417
10597,8.8e-05,172.31.40.0-255,66,7702,73,222417
10598,0.000115,74.125.130.0-255,2902,10604,73,222417
10599,0.000117,172.31.40.0-255,66,10670,73,222417
10600,0.000123,74.125.130.0-255,3397,14067,73,222417
10601,0.000125,172.31.40.0-255,66,14133,73,222417
10602,0.0002,74.125.130.0-255,1484,15617,73,222417
10603,0.000204,172.31.40.0-255,66,15683,73,222417
10604,0.000227,74.125.130.0-255,2902,18585,73,222417
10605,0.00023,172.31.40.0-255,66,18651,73,222417
10606,0.000235,74.125.130.0-255,4320,22971,73,222417
10607,0.000237,172.31.40.0-255,66,23037,73,222417
10608,0.000267,74.125.130.0-255,5738,28775,73,222417
10609,0.00027,172.31.40.0-255,66,28841,73,222417
10610,0.000293,74.125.130.0-255,2543,31384,73,222417
10611,0.000296,172.31.40.0-255,66,31450,73,222417
10612,0.0003,74.125.130.0-255,2902,34352,73,222417
10613,0.000302,172.31.40.0-255,66,34418,73,222417
10614,0.000315,74.125.130.0-255,2902,37320,73,222417
10615,0.000317,172.31.40.0-255,66,37386,73,222417
10616,0.000338,74.125.130.0-255,4320,41706,73,222417
10617,0.00034,172.31.40.0-255,66,41772,73,222417
10618,0.000347,74.125.130.0-255,6797,48569,73,222417
10619,0.000349,172.31.40.0-255,66,48635,73,222417
10620,0.000392,74.125.130.0-255,1484,50119,73,222417
10621,0.000394,172.31.40.0-255,66,50185,73,222417
10622,0.000398,74.125.130.0-255,1484,51669,73,222417
10623,0.000409,74.125.130.0-255,1484,53153,73,222417
10624,0.000428,74.125.130.0-255,5738,58891,73,222417
10625,0.000456,74.125.130.0-255,6797,65688,73,222417
10626,0.000458,74.125.130.0-255,362,66050,73,222417
10627,0.000514,74.125.130.0-255,382,66432,73,222417
10628,0.000599,172.31.40.0-255,66,66498,73,222417
10629,0.001233,74.125.130.0-255,1484,67982,73,222417
10630,0.001243,74.125.130.0-255,2902,70884,73,222417
10631,0.001247,172.31.40.0-255,66,70950,73,222417
10632,0.001255,74.125.130.0-255,4320,75270,73,222417
10633,0.001268,74.125.130.0-255,2902,78172,73,222417
10634,0.001284,74.125.130.0-255,5738,83910,73,222417
10635,0.001295,74.125.130.0-255,1484,85394,73,222417
10636,0.001312,74.125.130.0-255,4320,89714,73,222417
10637,0.001351,74.125.130.0-255,2184,91898,73,222417
10638,0.004191,172.31.40.0-255,66,91964,73,222417
10639,0.006197,74.125.130.0-255,5738,97702,73,222417
10640,0.006203,172.31.40.0-255,66,97768,73,222417
10641,0.008214,74.125.130.0-255,5738,103506,73,222417
10642,0.008221,172.31.40.0-255,66,103572,73,222417
10643,0.010235,74.125.130.0-255,5738,109310,73,222417
10644,0.010242,172.31.40.0-255,66,109376,73,222417
10645,0.012257,74.125.130.0-255,5738,115114,73,222417
10646,0.012308,172.31.40.0-255,66,115180,73,222417
10647,0.014323,74.125.130.0-255,5738,120918,73,222417
10648,0.014332,172.31.40.0-255,66,120984,73,222417
10649,0.016341,74.125.130.0-255,5738,126722,73,222417
10650,0.016348,172.31.40.0-255,66,126788,73,222417
10651,0.018386,74.125.130.0-255,5738,132526,73,222417
10652,0.018394,172.31.40.0-255,66,132592,73,222417
10653,0.020412,74.125.130.0-255,5738,138330,73,222417
10654,0.020418,172.31.40.0-255,66,138396,73,222417
10655,0.022438,74.125.130.0-255,5738,144134,73,222417
10656,0.022445,172.31.40.0-255,66,144200,73,222417
10657,0.024452,74.125.130.0-255,5738,149938,73,222417
10658,0.024458,172.31.40.0-255,66,150004,73,222417
10659,0.026478,74.125.130.0-255,5738,155742,73,222417
10660,0.026486,172.31.40.0-255,66,155808,73,222417
10661,0.02823,172.31.40.0-255,172,155980,73,222417
10662,0.028261,172.31.40.0-255,1114,157094,73,222417
10663,0.028324,172.31.40.0-255,1514,158608,73,222417
10664,0.028326,172.31.40.0-255,1514,160122,73,222417
10665,0.028327,172.31.40.0-255,585,160707,73,222417
10666,0.028497,74.125.130.0-255,5738,166445,73,222417
10667,0.028503,172.31.40.0-255,66,166511,73,222417
10668,0.029765,104.244.42.0-255,66,166577,73,222417
10669,0.029825,104.244.42.0-255,66,166643,73,222417
10670,0.029914,104.244.42.0-255,66,166709,73,222417
10671,0.029918,104.244.42.0-255,66,166775,73,222417
10672,0.030516,74.125.130.0-255,5738,172513,73,222417
10673,0.030524,172.31.40.0-255,66,172579,73,222417
10674,0.03252,104.244.42.0-255,108,172687,73,222417
10675,0.032529,172.31.40.0-255,66,172753,73,222417
10676,0.032536,74.125.130.0-255,2902,175655,73,222417
10677,0.032539,172.31.40.0-255,66,175721,73,222417
10678,0.032558,74.125.130.0-255,2902,178623,73,222417
10679,0.032585,172.31.40.0-255,66,178689,73,222417
10680,0.034626,74.125.130.0-255,5738,184427,73,222417
10681,0.034667,172.31.40.0-255,66,184493,73,222417
10682,0.036693,74.125.130.0-255,5738,190231,73,222417
10683,0.036699,172.31.40.0-255,66,190297,73,222417
10684,0.038731,74.125.130.0-255,5738,196035,73,222417
10685,0.038738,172.31.40.0-255,66,196101,73,222417
10686,0.040746,74.125.130.0-255,5738,201839,73,222417
10687,0.040753,172.31.40.0-255,66,201905,73,222417
10688,0.042768,74.125.130.0-255,4320,206225,73,222417
10689,0.042775,172.31.40.0-255,66,206291,73,222417
10690,0.042796,74.125.130.0-255,1484,207775,73,222417
10691,0.044793,74.125.130.0-255,2902,210677,73,222417
10692,0.044799,172.31.40.0-255,66,210743,73,222417
10693,0.044817,74.125.130.0-255,1484,212227,73,222417
10694,0.046829,74.125.130.0-255,4320,216547,73,222417
10695,0.046899,172.31.40.0-255,66,216613,73,222417
10696,0.048924,74.125.130.0-255,5738,222351,73,222417
10697,0.048985,172.31.40.0-255,66,222417,73,222417
10698,0.0,172.217.194.0-255,143,143,73,160988
10699,2.1e-05,172.31.40.0-255,66,209,73,160988
10700,2.7e-05,172.217.194.0-255,1484,1693,73,160988
10701,3.2e-05,172.31.40.0-255,66,1759,73,160988
10702,3.8e-05,172.217.194.0-255,2902,4661,73,160988
10703,4.1e-05,172.31.40.0-255,66,4727,73,160988
10704,0.00014,172.217.194.0-255,7156,11883,73,160988
10705,0.000144,172.31.40.0-255,66,11949,73,160988
10706,0.000367,172.217.194.0-255,3447,15396,73,160988
10707,0.000373,172.31.40.0-255,66,15462,73,160988
10708,0.000481,172.217.194.0-255,5738,21200,73,160988
10709,0.000486,172.31.40.0-255,66,21266,73,160988
10710,0.000515,172.31.40.0-255,66,21332,73,160988
10711,0.001009,172.31.40.0-255,66,21398,73,160988
10712,0.001044,172.31.40.0-255,66,21464,73,160988
10713,0.001965,172.31.40.0-255,66,21530,73,160988
10714,0.002001,172.31.40.0-255,66,21596,73,160988
10715,0.002904,172.217.194.0-255,2902,24498,73,160988
10716,0.002908,172.31.40.0-255,66,24564,73,160988
10717,0.002926,172.217.194.0-255,6438,31002,73,160988
10718,0.002929,172.31.40.0-255,66,31068,73,160988
10719,0.003206,172.217.194.0-255,5738,36806,73,160988
10720,0.003209,172.31.40.0-255,66,36872,73,160988
10721,0.003225,172.217.194.0-255,1484,38356,73,160988
10722,0.003228,172.31.40.0-255,66,38422,73,160988
10723,0.005463,172.217.194.0-255,4320,42742,73,160988
10724,0.005469,172.31.40.0-255,66,42808,73,160988
10725,0.005506,172.217.194.0-255,1484,44292,73,160988
10726,0.007739,172.217.194.0-255,4320,48612,73,160988
10727,0.007747,172.31.40.0-255,66,48678,73,160988
10728,0.009997,172.217.194.0-255,5738,54416,73,160988
10729,0.010662,172.31.40.0-255,66,54482,73,160988
10730,0.012957,172.217.194.0-255,5738,60220,73,160988
10731,0.012966,172.31.40.0-255,66,60286,73,160988
10732,0.0152,172.217.194.0-255,5738,66024,73,160988
10733,0.015209,172.31.40.0-255,66,66090,73,160988
10734,0.017475,172.217.194.0-255,5738,71828,73,160988
10735,0.017481,172.31.40.0-255,66,71894,73,160988
10736,0.019741,172.217.194.0-255,5738,77632,73,160988
10737,0.019749,172.31.40.0-255,66,77698,73,160988
10738,0.021988,172.217.194.0-255,5738,83436,73,160988
10739,0.021996,172.31.40.0-255,66,83502,73,160988
10740,0.024237,172.217.194.0-255,5738,89240,73,160988
10741,0.024244,172.31.40.0-255,66,89306,73,160988
10742,0.026494,172.217.194.0-255,5738,95044,73,160988
10743,0.0265,172.31.40.0-255,66,95110,73,160988
10744,0.028759,172.217.194.0-255,5738,100848,73,160988
10745,0.028767,172.31.40.0-255,66,100914,73,160988
10746,0.031013,172.217.194.0-255,4320,105234,73,160988
10747,0.03102,172.31.40.0-255,66,105300,73,160988
10748,0.03106,172.217.194.0-255,1484,106784,73,160988
10749,0.033147,172.31.40.0-255,172,106956,73,160988
10750,0.033187,172.31.40.0-255,1115,108071,73,160988
10751,0.033256,172.31.40.0-255,1514,109585,73,160988
10752,0.033257,172.31.40.0-255,1514,111099,73,160988
10753,0.033258,172.31.40.0-255,1514,112613,73,160988
10754,0.03326,172.31.40.0-255,1514,114127,73,160988
10755,0.033278,172.217.194.0-255,4320,118447,73,160988
10756,0.033284,172.31.40.0-255,66,118513,73,160988
10757,0.033297,172.31.40.0-255,1475,119988,73,160988
10758,0.0347,104.244.42.0-255,66,120054,73,160988
10759,0.034738,104.244.42.0-255,66,120120,73,160988
10760,0.034848,104.244.42.0-255,66,120186,73,160988
10761,0.035525,172.217.194.0-255,5738,125924,73,160988
10762,0.035566,172.31.40.0-255,66,125990,73,160988
10763,0.035776,104.244.42.0-255,108,126098,73,160988
10764,0.035783,172.31.40.0-255,66,126164,73,160988
10765,0.037814,172.217.194.0-255,5738,131902,73,160988
10766,0.03782,172.31.40.0-255,66,131968,73,160988
10767,0.040068,172.217.194.0-255,5738,137706,73,160988
10768,0.040074,172.31.40.0-255,66,137772,73,160988
10769,0.04234,172.217.194.0-255,5738,143510,73,160988
10770,0.042347,172.31.40.0-255,66,143576,73,160988
10771,0.044601,172.217.194.0-255,5738,149314,73,160988
10772,0.044608,172.31.40.0-255,66,149380,73,160988
10773,0.046854,172.217.194.0-255,5738,155118,73,160988
10774,0.046862,172.31.40.0-255,66,155184,73,160988
10775,0.049131,172.217.194.0-255,5738,160922,73,160988
10776,0.049138,172.31.40.0-255,66,160988,73,160988
10777,0.0,172.217.194.0-255,150,150,73,220766
10778,1.5e-05,172.31.40.0-255,66,216,73,220766
10779,2.2e-05,172.217.194.0-255,1484,1700,73,220766
10780,2.7e-05,172.31.40.0-255,66,1766,73,220766
10781,3.3e-05,172.217.194.0-255,2902,4668,73,220766
10782,4.4e-05,172.31.40.0-255,66,4734,73,220766
10783,7.2e-05,172.217.194.0-255,7156,11890,73,220766
10784,7.6e-05,172.31.40.0-255,66,11956,73,220766
10785,8e-05,172.217.194.0-255,2042,13998,73,220766
10786,8.2e-05,172.31.40.0-255,66,14064,73,220766
10787,0.000113,172.217.194.0-255,7156,21220,73,220766
10788,0.000116,172.31.40.0-255,66,21286,73,220766
10789,0.000135,172.217.194.0-255,4320,25606,73,220766
10790,0.000142,172.31.40.0-255,66,25672,73,220766
10791,0.000149,172.217.194.0-255,5738,31410,73,220766
10792,0.000152,172.31.40.0-255,66,31476,73,220766
10793,0.000207,172.31.40.0-255,66,31542,73,220766
10794,0.000238,172.217.194.0-255,5020,36562,73,220766
10795,0.000241,172.31.40.0-255,66,36628,73,220766
10796,0.000244,172.217.194.0-255,1484,38112,73,220766
10797,0.000246,172.31.40.0-255,66,38178,73,220766
10798,0.000251,172.217.194.0-255,2902,41080,73,220766
10799,0.000254,172.31.40.0-255,66,41146,73,220766
10800,0.000289,172.217.194.0-255,5738,46884,73,220766
10801,0.000296,172.217.194.0-255,5738,52622,73,220766
10802,0.0003,172.31.40.0-255,66,52688,73,220766
10803,0.000303,172.31.40.0-255,66,52754,73,220766
10804,0.000311,172.217.194.0-255,1427,54181,73,220766
10805,0.000313,172.31.40.0-255,66,54247,73,220766
10806,0.000347,172.217.194.0-255,1484,55731,73,220766
10807,0.00035,172.31.40.0-255,66,55797,73,220766
10808,0.000356,172.217.194.0-255,4320,60117,73,220766
10809,0.000361,172.217.194.0-255,2902,63019,73,220766
10810,0.00038,172.217.194.0-255,7156,70175,73,220766
10811,0.000385,172.217.194.0-255,4320,74495,73,220766
10812,0.000402,172.217.194.0-255,2902,77397,73,220766
10813,0.000431,172.217.194.0-255,2902,80299,73,220766
10814,0.000482,172.217.194.0-255,384,80683,73,220766
10815,0.000515,172.217.194.0-255,1484,82167,73,220766
10816,0.000527,172.217.194.0-255,2902,85069,73,220766
10817,0.000569,172.217.194.0-255,4320,89389,73,220766
10818,0.000588,172.217.194.0-255,1484,90873,73,220766
10819,0.000645,172.217.194.0-255,4320,95193,73,220766
10820,0.000663,172.217.194.0-255,6438,101631,73,220766
10821,0.000707,172.31.40.0-255,66,101697,73,220766
10822,0.000735,172.217.194.0-255,1484,103181,73,220766
10823,0.000752,172.217.194.0-255,2902,106083,73,220766
10824,0.000755,172.217.194.0-255,1484,107567,73,220766
10825,0.000767,172.31.40.0-255,66,107633,73,220766
10826,0.000779,172.217.194.0-255,4320,111953,73,220766
10827,0.000789,172.217.194.0-255,5738,117691,73,220766
10828,0.000809,172.31.40.0-255,66,117757,73,220766
10829,0.000844,172.217.194.0-255,4320,122077,73,220766
10830,0.00086,172.217.194.0-255,2184,124261,73,220766
10831,0.000865,172.31.40.0-255,66,124327,73,220766
10832,0.000942,172.217.194.0-255,1484,125811,73,220766
10833,0.000961,172.217.194.0-255,2902,128713,73,220766
10834,0.000966,172.217.194.0-255,2902,131615,73,220766
10835,0.000984,172.217.194.0-255,2902,134517,73,220766
10836,0.00099,172.217.194.0-255,4320,138837,73,220766
10837,0.000993,172.31.40.0-255,66,138903,73,220766
10838,0.000999,172.31.40.0-255,66,138969,73,220766
10839,0.001018,172.217.194.0-255,2902,141871,73,220766
10840,0.001023,172.217.194.0-255,2902,144773,73,220766
10841,0.001049,172.31.40.0-255,66,144839,73,220766
10842,0.001081,172.217.194.0-255,1484,146323,73,220766
10843,0.001089,172.31.40.0-255,66,146389,73,220766
10844,0.001141,172.217.194.0-255,5020,151409,73,220766
10845,0.001149,172.31.40.0-255,66,151475,73,220766
10846,0.001208,172.217.194.0-255,1484,152959,73,220766
10847,0.001225,172.217.194.0-255,2902,155861,73,220766
10848,0.001231,172.31.40.0-255,66,155927,73,220766
10849,0.001252,172.217.194.0-255,5738,161665,73,220766
10850,0.001256,172.217.194.0-255,2902,164567,73,220766
10851,0.001262,172.217.194.0-255,5738,170305,73,220766
10852,0.001281,172.217.194.0-255,4320,174625,73,220766
10853,0.001294,172.31.40.0-255,66,174691,73,220766
10854,0.001326,172.31.40.0-255,66,174757,73,220766
10855,0.001386,172.217.194.0-255,1484,176241,73,220766
10856,0.001408,172.217.194.0-255,2902,179143,73,220766
10857,0.001415,172.217.194.0-255,5738,184881,73,220766
10858,0.001423,172.31.40.0-255,66,184947,73,220766
10859,0.001467,172.217.194.0-255,7156,192103,73,220766
10860,0.001584,172.31.40.0-255,66,192169,73,220766
10861,0.001639,172.217.194.0-255,1484,193653,73,220766
10862,0.001645,172.217.194.0-255,5020,198673,73,220766
10863,0.001657,172.217.194.0-255,2902,201575,73,220766
10864,0.001674,172.217.194.0-255,5738,207313,73,220766
10865,0.001735,172.217.194.0-255,1484,208797,73,220766
10866,0.001766,172.217.194.0-255,6251,215048,73,220766
10867,0.001769,172.217.194.0-255,105,215153,73,220766
10868,0.010489,172.217.194.0-255,105,215258,73,220766
10869,0.011193,172.31.40.0-255,78,215336,73,220766
10870,0.014327,172.31.40.0-255,105,215441,73,220766
10871,0.016584,172.217.194.0-255,66,215507,73,220766
10872,0.048214,172.31.40.0-255,172,215679,73,220766
10873,0.048249,172.31.40.0-255,1115,216794,73,220766
10874,0.048311,172.31.40.0-255,1514,218308,73,220766
10875,0.048313,172.31.40.0-255,1514,219822,73,220766
10876,0.048339,172.31.40.0-255,680,220502,73,220766
10877,0.049805,104.244.42.0-255,66,220568,73,220766
10878,0.049819,104.244.42.0-255,66,220634,73,220766
10879,0.049877,104.244.42.0-255,66,220700,73,220766
10880,0.049882,104.244.42.0-255,66,220766,73,220766
10881,0.0,172.217.194.0-255,150,150,73,298016
10882,2e-05,172.31.40.0-255,66,216,73,298016
10883,2.8e-05,172.217.194.0-255,1484,1700,73,298016
10884,3.2e-05,172.31.40.0-255,66,1766,73,298016
10885,3.8e-05,172.217.194.0-255,2902,4668,73,298016
10886,4.2e-05,172.31.40.0-255,66,4734,73,298016
10887,4.9e-05,172.217.194.0-255,5738,10472,73,298016
10888,5.2e-05,172.31.40.0-255,66,10538,73,298016
10889,8.5e-05,172.217.194.0-255,4320,14858,73,298016
10890,8.7e-05,172.31.40.0-255,66,14924,73,298016
10891,0.000118,172.31.40.0-255,66,14990,73,298016
10892,0.000125,172.217.194.0-255,6797,21787,73,298016
10893,0.000127,172.31.40.0-255,66,21853,73,298016
10894,0.000149,172.217.194.0-255,1484,23337,73,298016
10895,0.000152,172.31.40.0-255,66,23403,73,298016
10896,0.000171,172.217.194.0-255,2902,26305,73,298016
10897,0.000174,172.31.40.0-255,66,26371,73,298016
10898,0.00018,172.217.194.0-255,5738,32109,73,298016
10899,0.000183,172.31.40.0-255,66,32175,73,298016
10900,0.000188,172.217.194.0-255,5738,37913,73,298016
10901,0.00019,172.31.40.0-255,66,37979,73,298016
10902,0.000233,172.31.40.0-255,66,38045,73,298016
10903,0.00024,172.217.194.0-255,5020,43065,73,298016
10904,0.000242,172.31.40.0-255,66,43131,73,298016
10905,0.000275,172.217.194.0-255,411,43542,73,298016
10906,0.000278,172.31.40.0-255,66,43608,73,298016
10907,0.000399,172.217.194.0-255,1484,45092,73,298016
10908,0.000404,172.31.40.0-255,66,45158,73,298016
10909,0.000409,172.217.194.0-255,2902,48060,73,298016
10910,0.000411,172.31.40.0-255,66,48126,73,298016
10911,0.000417,172.217.194.0-255,4320,52446,73,298016
10912,0.00042,172.31.40.0-255,66,52512,73,298016
10913,0.000436,172.217.194.0-255,1484,53996,73,298016
10914,0.000483,172.217.194.0-255,5738,59734,73,298016
10915,0.000486,172.31.40.0-255,66,59800,73,298016
10916,0.00051,172.217.194.0-255,7156,66956,73,298016
10917,0.000513,172.31.40.0-255,66,67022,73,298016
10918,0.000525,172.31.40.0-255,66,67088,73,298016
10919,0.000604,172.217.194.0-255,1484,68572,73,298016
10920,0.00061,172.217.194.0-255,2902,71474,73,298016
10921,0.000613,172.31.40.0-255,66,71540,73,298016
10922,0.000637,172.217.194.0-255,5738,77278,73,298016
10923,0.00064,172.31.40.0-255,66,77344,73,298016
10924,0.000669,172.31.40.0-255,66,77410,73,298016
10925,0.000672,172.217.194.0-255,1484,78894,73,298016
10926,0.000691,172.217.194.0-255,7156,86050,73,298016
10927,0.000694,172.31.40.0-255,66,86116,73,298016
10928,0.00072,172.217.194.0-255,2184,88300,73,298016
10929,0.000723,172.31.40.0-255,66,88366,73,298016
10930,0.000728,172.217.194.0-255,2902,91268,73,298016
10931,0.00073,172.31.40.0-255,66,91334,73,298016
10932,0.000734,172.217.194.0-255,2902,94236,73,298016
10933,0.000737,172.31.40.0-255,66,94302,73,298016
10934,0.000761,172.217.194.0-255,4320,98622,73,298016
10935,0.000764,172.31.40.0-255,66,98688,73,298016
10936,0.000767,172.217.194.0-255,1484,100172,73,298016
10937,0.000794,172.31.40.0-255,66,100238,73,298016
10938,0.00081,172.217.194.0-255,4320,104558,73,298016
10939,0.000813,172.31.40.0-255,66,104624,73,298016
10940,0.000816,172.217.194.0-255,1484,106108,73,298016
10941,0.000851,172.217.194.0-255,6438,112546,73,298016
10942,0.000854,172.31.40.0-255,66,112612,73,298016
10943,0.001606,172.217.194.0-255,1484,114096,73,298016
10944,0.001625,172.217.194.0-255,2902,116998,73,298016
10945,0.00163,172.31.40.0-255,66,117064,73,298016
10946,0.001654,172.217.194.0-255,5738,122802,73,298016
10947,0.001657,172.31.40.0-255,66,122868,73,298016
10948,0.001679,172.217.194.0-255,4320,127188,73,298016
10949,0.001682,172.31.40.0-255,66,127254,73,298016
10950,0.001686,172.217.194.0-255,2902,130156,73,298016
10951,0.001688,172.31.40.0-255,66,130222,73,298016
10952,0.001703,172.217.194.0-255,2902,133124,73,298016
10953,0.001706,172.31.40.0-255,66,133190,73,298016
10954,0.001726,172.217.194.0-255,1484,134674,73,298016
10955,0.00175,172.31.40.0-255,66,134740,73,298016
10956,0.001766,172.217.194.0-255,2184,136924,73,298016
10957,0.001769,172.31.40.0-255,66,136990,73,298016
10958,0.001885,172.217.194.0-255,1484,138474,73,298016
10959,0.001898,172.217.194.0-255,2902,141376,73,298016
10960,0.001901,172.31.40.0-255,66,141442,73,298016
10961,0.001923,172.217.194.0-255,5738,147180,73,298016
10962,0.001925,172.31.40.0-255,66,147246,73,298016
10963,0.001944,172.217.194.0-255,2902,150148,73,298016
10964,0.001947,172.31.40.0-255,66,150214,73,298016
10965,0.00197,172.217.194.0-255,4320,154534,73,298016
10966,0.001972,172.31.40.0-255,66,154600,73,298016
10967,0.001978,172.217.194.0-255,4320,158920,73,298016
10968,0.00198,172.31.40.0-255,66,158986,73,298016
10969,0.002002,172.31.40.0-255,66,159052,73,298016
10970,0.002005,172.217.194.0-255,1484,160536,73,298016
10971,0.002032,172.217.194.0-255,5738,166274,73,298016
10972,0.002034,172.31.40.0-255,66,166340,73,298016
10973,0.002054,172.217.194.0-255,2184,168524,73,298016
10974,0.002057,172.31.40.0-255,66,168590,73,298016
10975,0.002067,172.31.40.0-255,66,168656,73,298016
10976,0.002075,172.217.194.0-255,1484,170140,73,298016
10977,0.002114,172.31.40.0-255,66,170206,73,298016
10978,0.002146,172.217.194.0-255,1484,171690,73,298016
10979,0.002171,172.31.40.0-255,66,171756,73,298016
10980,0.002187,172.31.40.0-255,66,171822,73,298016
10981,0.002191,172.217.194.0-255,2902,174724,73,298016
10982,0.002194,172.31.40.0-255,66,174790,73,298016
10983,0.002218,172.217.194.0-255,2902,177692,73,298016
10984,0.00222,172.31.40.0-255,66,177758,73,298016
10985,0.002253,172.217.194.0-255,5020,182778,73,298016
10986,0.002256,172.31.40.0-255,66,182844,73,298016
10987,0.004654,172.217.194.0-255,5738,188582,73,298016
10988,0.004664,172.31.40.0-255,66,188648,73,298016
10989,0.007054,172.217.194.0-255,5738,194386,73,298016
10990,0.007062,172.31.40.0-255,66,194452,73,298016
10991,0.009459,172.217.194.0-255,5738,200190,73,298016
10992,0.009476,172.31.40.0-255,66,200256,73,298016
10993,0.011896,172.217.194.0-255,5738,205994,73,298016
10994,0.011914,172.31.40.0-255,66,206060,73,298016
10995,0.01427,172.217.194.0-255,5738,211798,73,298016
10996,0.014276,172.31.40.0-255,66,211864,73,298016
10997,0.016687,172.217.194.0-255,5738,217602,73,298016
10998,0.0167,172.31.40.0-255,66,217668,73,298016
10999,0.019085,172.217.194.0-255,5738,223406,73,298016
11000,0.0191,172.31.40.0-255,66,223472,73,298016
11001,0.02151,172.217.194.0-255,5738,229210,73,298016
11002,0.021524,172.31.40.0-255,66,229276,73,298016
11003,0.023906,172.217.194.0-255,5738,235014,73,298016
11004,0.023915,172.31.40.0-255,66,235080,73,298016
11005,0.026313,172.217.194.0-255,5738,240818,73,298016
11006,0.026321,172.31.40.0-255,66,240884,73,298016
11007,0.028721,172.217.194.0-255,5738,246622,73,298016
11008,0.02873,172.31.40.0-255,66,246688,73,298016
11009,0.031083,172.217.194.0-255,5738,252426,73,298016
11010,0.031091,172.31.40.0-255,66,252492,73,298016
11011,0.03347,172.217.194.0-255,5738,258230,73,298016
11012,0.033488,172.31.40.0-255,66,258296,73,298016
11013,0.035893,172.217.194.0-255,4320,262616,73,298016
11014,0.035901,172.31.40.0-255,66,262682,73,298016
11015,0.035921,172.217.194.0-255,1484,264166,73,298016
11016,0.0383,172.217.194.0-255,4320,268486,73,298016
11017,0.038316,172.31.40.0-255,66,268552,73,298016
11018,0.040698,172.217.194.0-255,5738,274290,73,298016
11019,0.040706,172.31.40.0-255,66,274356,73,298016
11020,0.043129,172.217.194.0-255,5738,280094,73,298016
11021,0.043148,172.31.40.0-255,66,280160,73,298016
11022,0.045549,172.217.194.0-255,5738,285898,73,298016
11023,0.045558,172.31.40.0-255,66,285964,73,298016
11024,0.046383,172.31.40.0-255,172,286136,73,298016
11025,0.046417,172.31.40.0-255,1111,287247,73,298016
11026,0.046484,172.31.40.0-255,1514,288761,73,298016
11027,0.046486,172.31.40.0-255,1514,290275,73,298016
11028,0.046491,172.31.40.0-255,1514,291789,73,298016
11029,0.046492,172.31.40.0-255,159,291948,73,298016
11030,0.047952,172.217.194.0-255,5738,297686,73,298016
11031,0.047966,172.31.40.0-255,66,297752,73,298016
11032,0.047975,104.244.42.0-255,66,297818,73,298016
11033,0.048008,104.244.42.0-255,66,297884,73,298016
11034,0.048078,104.244.42.0-255,66,297950,73,298016
11035,0.048084,104.244.42.0-255,66,298016,73,298016
11036,0.0,74.125.24.0-255,208,208,73,240979
11037,2.5e-05,172.31.40.0-255,66,274,73,240979
11038,3.1e-05,74.125.24.0-255,1484,1758,73,240979
11039,3.6e-05,172.31.40.0-255,66,1824,73,240979
11040,4.3e-05,74.125.24.0-255,4320,6144,73,240979
11041,4.6e-05,172.31.40.0-255,66,6210,73,240979
11042,7.2e-05,172.31.40.0-255,66,6276,73,240979
11043,7.9e-05,74.125.24.0-255,5738,12014,73,240979
11044,8.1e-05,172.31.40.0-255,66,12080,73,240979
11045,0.000134,172.31.40.0-255,66,12146,73,240979
11046,0.000352,74.125.24.0-255,1484,13630,73,240979
11047,0.000357,172.31.40.0-255,66,13696,73,240979
11048,0.000364,74.125.24.0-255,2902,16598,73,240979
11049,0.000366,172.31.40.0-255,66,16664,73,240979
11050,0.000369,74.125.24.0-255,1484,18148,73,240979
11051,0.000371,172.31.40.0-255,66,18214,73,240979
11052,0.000395,74.125.24.0-255,4320,22534,73,240979
11053,0.000398,172.31.40.0-255,66,22600,73,240979
11054,0.000406,74.125.24.0-255,7156,29756,73,240979
11055,0.000408,172.31.40.0-255,66,29822,73,240979
11056,0.000437,74.125.24.0-255,4320,34142,73,240979
11057,0.00044,172.31.40.0-255,66,34208,73,240979
11058,0.000471,172.31.40.0-255,66,34274,73,240979
11059,0.000503,74.125.24.0-255,3898,38172,73,240979
11060,0.000506,172.31.40.0-255,66,38238,73,240979
11061,0.000651,74.125.24.0-255,131,38369,73,240979
11062,0.000655,172.31.40.0-255,66,38435,73,240979
11063,0.000843,74.125.24.0-255,1484,39919,73,240979
11064,0.000847,172.31.40.0-255,66,39985,73,240979
11065,0.000853,74.125.24.0-255,2902,42887,73,240979
11066,0.000855,172.31.40.0-255,66,42953,73,240979
11067,0.000859,74.125.24.0-255,1484,44437,73,240979
11068,0.000882,74.125.24.0-255,4320,48757,73,240979
11069,0.000884,172.31.40.0-255,66,48823,73,240979
11070,0.000892,74.125.24.0-255,5738,54561,73,240979
11071,0.000894,172.31.40.0-255,66,54627,73,240979
11072,0.000915,74.125.24.0-255,7156,61783,73,240979
11073,0.000917,172.31.40.0-255,66,61849,73,240979
11074,0.000921,74.125.24.0-255,1484,63333,73,240979
11075,0.000962,172.31.40.0-255,66,63399,73,240979
11076,0.001145,74.125.24.0-255,1484,64883,73,240979
11077,0.001151,74.125.24.0-255,2902,67785,73,240979
11078,0.001154,172.31.40.0-255,66,67851,73,240979
11079,0.001158,74.125.24.0-255,1484,69335,73,240979
11080,0.001179,74.125.24.0-255,4320,73655,73,240979
11081,0.001182,172.31.40.0-255,66,73721,73,240979
11082,0.001199,172.31.40.0-255,66,73787,73,240979
11083,0.001206,74.125.24.0-255,7156,80943,73,240979
11084,0.001209,172.31.40.0-255,66,81009,73,240979
11085,0.001236,74.125.24.0-255,3602,84611,73,240979
11086,0.001238,172.31.40.0-255,66,84677,73,240979
11087,0.001673,74.125.24.0-255,1484,86161,73,240979
11088,0.001689,74.125.24.0-255,2902,89063,73,240979
11089,0.001692,172.31.40.0-255,66,89129,73,240979
11090,0.001715,74.125.24.0-255,5738,94867,73,240979
11091,0.001717,172.31.40.0-255,66,94933,73,240979
11092,0.001723,74.125.24.0-255,5738,100671,73,240979
11093,0.001724,172.31.40.0-255,66,100737,73,240979
11094,0.001738,74.125.24.0-255,4320,105057,73,240979
11095,0.00174,172.31.40.0-255,66,105123,73,240979
11096,0.001754,74.125.24.0-255,1484,106607,73,240979
11097,0.001765,74.125.24.0-255,2902,109509,73,240979
11098,0.001767,172.31.40.0-255,66,109575,73,240979
11099,0.001793,172.31.40.0-255,66,109641,73,240979
11100,0.001839,74.125.24.0-255,1484,111125,73,240979
11101,0.001856,74.125.24.0-255,2902,114027,73,240979
11102,0.001858,172.31.40.0-255,66,114093,73,240979
11103,0.001914,74.125.24.0-255,5738,119831,73,240979
11104,0.001917,172.31.40.0-255,66,119897,73,240979
11105,0.001929,172.31.40.0-255,66,119963,73,240979
11106,0.001939,172.31.40.0-255,66,120029,73,240979
11107,0.001953,74.125.24.0-255,1484,121513,73,240979
11108,0.001974,172.31.40.0-255,66,121579,73,240979
11109,0.002002,172.31.40.0-255,66,121645,73,240979
11110,0.002012,172.31.40.0-255,66,121711,73,240979
11111,0.002015,74.125.24.0-255,1484,123195,73,240979
11112,0.002039,74.125.24.0-255,2902,126097,73,240979
11113,0.002042,172.31.40.0-255,66,126163,73,240979
11114,0.002045,74.125.24.0-255,1484,127647,73,240979
11115,0.002078,74.125.24.0-255,4320,131967,73,240979
11116,0.002081,172.31.40.0-255,66,132033,73,240979
11117,0.002087,74.125.24.0-255,4320,136353,73,240979
11118,0.002089,172.31.40.0-255,66,136419,73,240979
11119,0.00212,74.125.24.0-255,5738,142157,73,240979
11120,0.002123,172.31.40.0-255,66,142223,73,240979
11121,0.002126,74.125.24.0-255,1484,143707,73,240979
11122,0.002136,172.31.40.0-255,66,143773,73,240979
11123,0.002139,74.125.24.0-255,1484,145257,73,240979
11124,0.002142,74.125.24.0-255,766,146023,73,240979
11125,0.002143,172.31.40.0-255,66,146089,73,240979
11126,0.003481,74.125.24.0-255,1484,147573,73,240979
11127,0.003489,74.125.24.0-255,2902,150475,73,240979
11128,0.003496,172.31.40.0-255,66,150541,73,240979
11129,0.003503,74.125.24.0-255,4320,154861,73,240979
11130,0.003505,172.31.40.0-255,66,154927,73,240979
11131,0.003518,74.125.24.0-255,1484,156411,73,240979
11132,0.003526,74.125.24.0-255,5738,162149,73,240979
11133,0.003528,172.31.40.0-255,66,162215,73,240979
11134,0.003557,74.125.24.0-255,7156,169371,73,240979
11135,0.00356,172.31.40.0-255,66,169437,73,240979
11136,0.003572,172.31.40.0-255,66,169503,73,240979
11137,0.003618,172.31.40.0-255,66,169569,73,240979
11138,0.003635,172.31.40.0-255,66,169635,73,240979
11139,0.003661,74.125.24.0-255,6438,176073,73,240979
11140,0.003663,172.31.40.0-255,66,176139,73,240979
11141,0.004006,74.125.24.0-255,1484,177623,73,240979
11142,0.004022,74.125.24.0-255,2902,180525,73,240979
11143,0.004025,172.31.40.0-255,66,180591,73,240979
11144,0.004028,74.125.24.0-255,1484,182075,73,240979
11145,0.004051,74.125.24.0-255,4320,186395,73,240979
11146,0.004053,172.31.40.0-255,66,186461,73,240979
11147,0.004057,74.125.24.0-255,2902,189363,73,240979
11148,0.004059,172.31.40.0-255,66,189429,73,240979
11149,0.004073,74.125.24.0-255,1484,190913,73,240979
11150,0.004076,172.31.40.0-255,78,190991,73,240979
11151,0.004117,74.125.24.0-255,5738,196729,73,240979
11152,0.00412,172.31.40.0-255,78,196807,73,240979
11153,0.00414,74.125.24.0-255,7156,203963,73,240979
11154,0.004143,172.31.40.0-255,66,204029,73,240979
11155,0.004149,74.125.24.0-255,6438,210467,73,240979
11156,0.004152,172.31.40.0-255,66,210533,73,240979
11157,0.005114,74.125.24.0-255,1484,212017,73,240979
11158,0.005119,74.125.24.0-255,2902,214919,73,240979
11159,0.005122,172.31.40.0-255,66,214985,73,240979
11160,0.005144,74.125.24.0-255,5738,220723,73,240979
11161,0.005147,172.31.40.0-255,66,220789,73,240979
11162,0.00515,74.125.24.0-255,1484,222273,73,240979
11163,0.005173,74.125.24.0-255,7156,229429,73,240979
11164,0.005176,172.31.40.0-255,66,229495,73,240979
11165,0.005189,74.125.24.0-255,1484,230979,73,240979
11166,0.005225,172.31.40.0-255,66,231045,73,240979
11167,0.005238,172.31.40.0-255,66,231111,73,240979
11168,0.00524,74.125.24.0-255,97,231208,73,240979
11169,0.00526,74.125.24.0-255,105,231313,73,240979
11170,0.009257,172.31.40.0-255,66,231379,73,240979
11171,0.009295,172.31.40.0-255,105,231484,73,240979
11172,0.011371,74.125.24.0-255,66,231550,73,240979
11173,0.041702,172.31.40.0-255,172,231722,73,240979
11174,0.041735,172.31.40.0-255,1115,232837,73,240979
11175,0.041801,172.31.40.0-255,1514,234351,73,240979
11176,0.041803,172.31.40.0-255,1514,235865,73,240979
11177,0.041809,172.31.40.0-255,1514,237379,73,240979
11178,0.04181,172.31.40.0-255,1514,238893,73,240979
11179,0.041834,172.31.40.0-255,1514,240407,73,240979
11180,0.041836,172.31.40.0-255,134,240541,73,240979
11181,0.043281,104.244.42.0-255,66,240607,73,240979
11182,0.043313,104.244.42.0-255,66,240673,73,240979
11183,0.043359,104.244.42.0-255,66,240739,73,240979
11184,0.043412,104.244.42.0-255,66,240805,73,240979
11185,0.044141,104.244.42.0-255,108,240913,73,240979
11186,0.044162,172.31.40.0-255,66,240979,73,240979
11187,0.0,172.217.194.0-255,143,143,73,196116
11188,1.9e-05,172.31.40.0-255,66,209,73,196116
11189,2.6e-05,172.217.194.0-255,1484,1693,73,196116
11190,3e-05,172.31.40.0-255,66,1759,73,196116
11191,3.6e-05,172.217.194.0-255,2902,4661,73,196116
11192,4.5e-05,172.31.40.0-255,66,4727,73,196116
11193,5.3e-05,172.217.194.0-255,7156,11883,73,196116
11194,5.7e-05,172.31.40.0-255,66,11949,73,196116
11195,6.4e-05,172.217.194.0-255,6361,18310,73,196116
11196,6.7e-05,172.31.40.0-255,66,18376,73,196116
11197,0.000113,172.31.40.0-255,66,18442,73,196116
11198,0.00014,172.217.194.0-255,1484,19926,73,196116
11199,0.000143,172.31.40.0-255,66,19992,73,196116
11200,0.000147,172.217.194.0-255,2902,22894,73,196116
11201,0.000149,172.31.40.0-255,66,22960,73,196116
11202,0.000156,172.217.194.0-255,5738,28698,73,196116
11203,0.000163,172.31.40.0-255,66,28764,73,196116
11204,0.000182,172.217.194.0-255,1484,30248,73,196116
11205,0.000184,172.31.40.0-255,66,30314,73,196116
11206,0.000223,172.31.40.0-255,66,30380,73,196116
11207,0.000235,172.31.40.0-255,66,30446,73,196116
11208,0.000238,172.217.194.0-255,100,30546,73,196116
11209,0.00024,172.31.40.0-255,66,30612,73,196116
11210,0.000243,172.217.194.0-255,363,30975,73,196116
11211,0.000245,172.31.40.0-255,66,31041,73,196116
11212,0.000424,172.217.194.0-255,1484,32525,73,196116
11213,0.000428,172.31.40.0-255,66,32591,73,196116
11214,0.000434,172.217.194.0-255,2902,35493,73,196116
11215,0.000437,172.31.40.0-255,66,35559,73,196116
11216,0.000475,172.217.194.0-255,1484,37043,73,196116
11217,0.000484,172.217.194.0-255,5738,42781,73,196116
11218,0.000487,172.31.40.0-255,66,42847,73,196116
11219,0.000491,172.217.194.0-255,2902,45749,73,196116
11220,0.000493,172.31.40.0-255,66,45815,73,196116
11221,0.000538,172.31.40.0-255,66,45881,73,196116
11222,0.000543,172.217.194.0-255,4320,50201,73,196116
11223,0.000546,172.31.40.0-255,66,50267,73,196116
11224,0.000573,172.217.194.0-255,2902,53169,73,196116
11225,0.000576,172.31.40.0-255,66,53235,73,196116
11226,0.000594,172.217.194.0-255,2184,55419,73,196116
11227,0.000597,172.31.40.0-255,66,55485,73,196116
11228,0.000622,172.217.194.0-255,1484,56969,73,196116
11229,0.000627,172.217.194.0-255,2902,59871,73,196116
11230,0.000629,172.31.40.0-255,66,59937,73,196116
11231,0.000632,172.217.194.0-255,1484,61421,73,196116
11232,0.000657,172.217.194.0-255,4320,65741,73,196116
11233,0.000659,172.31.40.0-255,66,65807,73,196116
11234,0.000665,172.217.194.0-255,4320,70127,73,196116
11235,0.000668,172.31.40.0-255,66,70193,73,196116
11236,0.00067,172.217.194.0-255,1484,71677,73,196116
11237,0.000697,172.217.194.0-255,4320,75997,73,196116
11238,0.0007,172.31.40.0-255,66,76063,73,196116
11239,0.000718,172.31.40.0-255,66,76129,73,196116
11240,0.000722,172.217.194.0-255,1635,77764,73,196116
11241,0.000725,172.31.40.0-255,66,77830,73,196116
11242,0.000779,172.217.194.0-255,1484,79314,73,196116
11243,0.000812,172.31.40.0-255,66,79380,73,196116
11244,0.000825,172.31.40.0-255,66,79446,73,196116
11245,0.000857,172.217.194.0-255,5738,85184,73,196116
11246,0.00086,172.217.194.0-255,766,85950,73,196116
11247,0.000864,172.31.40.0-255,66,86016,73,196116
11248,0.000893,172.217.194.0-255,7156,93172,73,196116
11249,0.000896,172.31.40.0-255,66,93238,73,196116
11250,0.00094,172.217.194.0-255,4320,97558,73,196116
11251,0.000943,172.31.40.0-255,66,97624,73,196116
11252,0.000962,172.31.40.0-255,66,97690,73,196116
11253,0.000974,172.31.40.0-255,66,97756,73,196116
11254,0.000977,172.217.194.0-255,1484,99240,73,196116
11255,0.000981,172.217.194.0-255,2902,102142,73,196116
11256,0.000984,172.31.40.0-255,66,102208,73,196116
11257,0.000986,172.217.194.0-255,1484,103692,73,196116
11258,0.001015,172.217.194.0-255,4320,108012,73,196116
11259,0.001017,172.31.40.0-255,66,108078,73,196116
11260,0.001035,172.31.40.0-255,66,108144,73,196116
11261,0.001066,172.217.194.0-255,1484,109628,73,196116
11262,0.001071,172.217.194.0-255,5738,115366,73,196116
11263,0.00108,172.31.40.0-255,66,115432,73,196116
11264,0.001137,172.217.194.0-255,5020,120452,73,196116
11265,0.001141,172.31.40.0-255,66,120518,73,196116
11266,0.001147,172.217.194.0-255,5738,126256,73,196116
11267,0.001149,172.31.40.0-255,66,126322,73,196116
11268,0.001233,172.217.194.0-255,7156,133478,73,196116
11269,0.001238,172.31.40.0-255,66,133544,73,196116
11270,0.001262,172.217.194.0-255,5738,139282,73,196116
11271,0.001264,172.31.40.0-255,66,139348,73,196116
11272,0.001279,172.31.40.0-255,66,139414,73,196116
11273,0.001282,172.217.194.0-255,766,140180,73,196116
11274,0.001286,172.217.194.0-255,2902,143082,73,196116
11275,0.001289,172.31.40.0-255,66,143148,73,196116
11276,0.001329,172.217.194.0-255,2902,146050,73,196116
11277,0.001331,172.31.40.0-255,66,146116,73,196116
11278,0.001343,172.217.194.0-255,7156,153272,73,196116
11279,0.001346,172.31.40.0-255,66,153338,73,196116
11280,0.001393,172.31.40.0-255,66,153404,73,196116
11281,0.001399,172.217.194.0-255,5738,159142,73,196116
11282,0.001401,172.31.40.0-255,66,159208,73,196116
11283,0.00142,172.217.194.0-255,2184,161392,73,196116
11284,0.001423,172.31.40.0-255,66,161458,73,196116
11285,0.00156,172.217.194.0-255,1484,162942,73,196116
11286,0.001575,172.217.194.0-255,2902,165844,73,196116
11287,0.001579,172.31.40.0-255,66,165910,73,196116
11288,0.001585,172.217.194.0-255,5738,171648,73,196116
11289,0.001588,172.31.40.0-255,66,171714,73,196116
11290,0.001618,172.31.40.0-255,66,171780,73,196116
11291,0.001645,172.217.194.0-255,2902,174682,73,196116
11292,0.001648,172.31.40.0-255,66,174748,73,196116
11293,0.001688,172.31.40.0-255,66,174814,73,196116
11294,0.001695,172.217.194.0-255,7156,181970,73,196116
11295,0.001697,172.31.40.0-255,66,182036,73,196116
11296,0.001731,172.217.194.0-255,7156,189192,73,196116
11297,0.001734,172.31.40.0-255,66,189258,73,196116
11298,0.001779,172.31.40.0-255,66,189324,73,196116
11299,0.001805,172.31.40.0-255,66,189390,73,196116
11300,0.001816,172.31.40.0-255,66,189456,73,196116
11301,0.001864,172.31.40.0-255,66,189522,73,196116
11302,0.001867,172.217.194.0-255,105,189627,73,196116
11303,0.013522,172.31.40.0-255,66,189693,73,196116
11304,0.013572,172.31.40.0-255,105,189798,73,196116
11305,0.016051,172.217.194.0-255,66,189864,73,196116
11306,0.046686,172.31.40.0-255,172,190036,73,196116
11307,0.04672,172.31.40.0-255,1115,191151,73,196116
11308,0.046784,172.31.40.0-255,1514,192665,73,196116
11309,0.046786,172.31.40.0-255,1514,194179,73,196116
11310,0.046792,172.31.40.0-255,1514,195693,73,196116
11311,0.046793,172.31.40.0-255,159,195852,73,196116
11312,0.048243,104.244.42.0-255,66,195918,73,196116
11313,0.048278,104.244.42.0-255,66,195984,73,196116
11314,0.048329,104.244.42.0-255,66,196050,73,196116
11315,0.048334,104.244.42.0-255,66,196116,73,196116
11316,0.0,74.125.68.0-255,150,150,73,227358
11317,3.4e-05,172.31.40.0-255,66,216,73,227358
11318,4.1e-05,74.125.68.0-255,1484,1700,73,227358
11319,4.6e-05,172.31.40.0-255,66,1766,73,227358
11320,5.1e-05,74.125.68.0-255,2902,4668,73,227358
11321,5.4e-05,172.31.40.0-255,66,4734,73,227358
11322,6e-05,74.125.68.0-255,5738,10472,73,227358
11323,6.3e-05,172.31.40.0-255,66,10538,73,227358
11324,8.3e-05,74.125.68.0-255,3557,14095,73,227358
11325,8.5e-05,172.31.40.0-255,66,14161,73,227358
11326,0.000126,74.125.68.0-255,1484,15645,73,227358
11327,0.000129,172.31.40.0-255,66,15711,73,227358
11328,0.000132,74.125.68.0-255,1484,17195,73,227358
11329,0.000134,172.31.40.0-255,66,17261,73,227358
11330,0.000149,74.125.68.0-255,1484,18745,73,227358
11331,0.000151,172.31.40.0-255,66,18811,73,227358
11332,0.000159,74.125.68.0-255,5738,24549,73,227358
11333,0.000161,172.31.40.0-255,66,24615,73,227358
11334,0.000179,74.125.68.0-255,1484,26099,73,227358
11335,0.00018,172.31.40.0-255,66,26165,73,227358
11336,0.000209,74.125.68.0-255,5379,31544,73,227358
11337,0.000212,172.31.40.0-255,66,31610,73,227358
11338,0.000242,74.125.68.0-255,1484,33094,73,227358
11339,0.000245,172.31.40.0-255,66,33160,73,227358
11340,0.000258,74.125.68.0-255,2902,36062,73,227358
11341,0.000261,172.31.40.0-255,66,36128,73,227358
11342,0.000293,74.125.68.0-255,5738,41866,73,227358
11343,0.000295,172.31.40.0-255,66,41932,73,227358
11344,0.000299,74.125.68.0-255,2902,44834,73,227358
11345,0.000301,172.31.40.0-255,66,44900,73,227358
11346,0.000306,74.125.68.0-255,3961,48861,73,227358
11347,0.000309,172.31.40.0-255,66,48927,73,227358
11348,0.000386,74.125.68.0-255,1484,50411,73,227358
11349,0.000408,74.125.68.0-255,2902,53313,73,227358
11350,0.000414,74.125.68.0-255,2902,56215,73,227358
11351,0.000422,172.31.40.0-255,66,56281,73,227358
11352,0.000444,74.125.68.0-255,2902,59183,73,227358
11353,0.000452,74.125.68.0-255,5738,64921,73,227358
11354,0.000455,172.31.40.0-255,66,64987,73,227358
11355,0.000461,172.31.40.0-255,66,65053,73,227358
11356,0.000482,74.125.68.0-255,1471,66524,73,227358
11357,0.000532,74.125.68.0-255,332,66856,73,227358
11358,0.000545,172.31.40.0-255,66,66922,73,227358
11359,0.000862,74.125.68.0-255,1484,68406,73,227358
11360,0.000887,74.125.68.0-255,2902,71308,73,227358
11361,0.000891,172.31.40.0-255,66,71374,73,227358
11362,0.000896,74.125.68.0-255,2902,74276,73,227358
11363,0.000908,172.31.40.0-255,66,74342,73,227358
11364,0.00091,74.125.68.0-255,1484,75826,73,227358
11365,0.000928,74.125.68.0-255,5738,81564,73,227358
11366,0.000946,172.31.40.0-255,66,81630,73,227358
11367,0.000951,74.125.68.0-255,2902,84532,73,227358
11368,0.000953,172.31.40.0-255,66,84598,73,227358
11369,0.00096,74.125.68.0-255,5738,90336,73,227358
11370,0.000964,172.31.40.0-255,66,90402,73,227358
11371,0.000967,74.125.68.0-255,7156,97558,73,227358
11372,0.000977,172.31.40.0-255,66,97624,73,227358
11373,0.001001,74.125.68.0-255,3602,101226,73,227358
11374,0.001005,172.31.40.0-255,66,101292,73,227358
11375,0.002048,74.125.68.0-255,1484,102776,73,227358
11376,0.002059,74.125.68.0-255,2902,105678,73,227358
11377,0.002064,172.31.40.0-255,66,105744,73,227358
11378,0.002069,74.125.68.0-255,2902,108646,73,227358
11379,0.002089,74.125.68.0-255,1484,110130,73,227358
11380,0.004111,74.125.68.0-255,1484,111614,73,227358
11381,0.006669,172.31.40.0-255,66,111680,73,227358
11382,0.008728,74.125.68.0-255,5738,117418,73,227358
11383,0.008736,172.31.40.0-255,66,117484,73,227358
11384,0.010801,74.125.68.0-255,5738,123222,73,227358
11385,0.014545,172.31.40.0-255,66,123288,73,227358
11386,0.016619,74.125.68.0-255,5738,129026,73,227358
11387,0.016631,172.31.40.0-255,66,129092,73,227358
11388,0.018716,74.125.68.0-255,5738,134830,73,227358
11389,0.018727,172.31.40.0-255,66,134896,73,227358
11390,0.020787,74.125.68.0-255,5738,140634,73,227358
11391,0.020794,172.31.40.0-255,66,140700,73,227358
11392,0.02286,74.125.68.0-255,5738,146438,73,227358
11393,0.022868,172.31.40.0-255,66,146504,73,227358
11394,0.023452,172.31.40.0-255,172,146676,73,227358
11395,0.023481,172.31.40.0-255,1116,147792,73,227358
11396,0.023522,172.31.40.0-255,1514,149306,73,227358
11397,0.023524,172.31.40.0-255,1514,150820,73,227358
11398,0.023525,172.31.40.0-255,648,151468,73,227358
11399,0.02492,74.125.68.0-255,5738,157206,73,227358
11400,0.024926,172.31.40.0-255,66,157272,73,227358
11401,0.024985,104.244.42.0-255,66,157338,73,227358
11402,0.025039,104.244.42.0-255,66,157404,73,227358
11403,0.025095,104.244.42.0-255,66,157470,73,227358
11404,0.0251,104.244.42.0-255,66,157536,73,227358
11405,0.026061,104.244.42.0-255,108,157644,73,227358
11406,0.02608,172.31.40.0-255,66,157710,73,227358
11407,0.026986,74.125.68.0-255,5738,163448,73,227358
11408,0.026991,172.31.40.0-255,66,163514,73,227358
11409,0.02905,74.125.68.0-255,5738,169252,73,227358
11410,0.029056,172.31.40.0-255,66,169318,73,227358
11411,0.031105,74.125.68.0-255,5738,175056,73,227358
11412,0.031111,172.31.40.0-255,66,175122,73,227358
11413,0.033162,74.125.68.0-255,5738,180860,73,227358
11414,0.033167,172.31.40.0-255,66,180926,73,227358
11415,0.035212,74.125.68.0-255,5738,186664,73,227358
11416,0.035217,172.31.40.0-255,66,186730,73,227358
11417,0.03727,74.125.68.0-255,5738,192468,73,227358
11418,0.037276,172.31.40.0-255,66,192534,73,227358
11419,0.039325,74.125.68.0-255,5738,198272,73,227358
11420,0.039331,172.31.40.0-255,66,198338,73,227358
11421,0.041397,74.125.68.0-255,5738,204076,73,227358
11422,0.041404,172.31.40.0-255,66,204142,73,227358
11423,0.043462,74.125.68.0-255,5738,209880,73,227358
11424,0.043469,172.31.40.0-255,66,209946,73,227358
11425,0.045554,74.125.68.0-255,5738,215684,73,227358
11426,0.045563,172.31.40.0-255,66,215750,73,227358
11427,0.047636,74.125.68.0-255,5738,221488,73,227358
11428,0.047643,172.31.40.0-255,66,221554,73,227358
11429,0.049696,74.125.68.0-255,5738,227292,73,227358
11430,0.049702,172.31.40.0-255,66,227358,73,227358
11431,0.0,74.125.24.0-255,152,152,73,213676
11432,1.4e-05,172.31.40.0-255,66,218,73,213676
11433,2.1e-05,74.125.24.0-255,1484,1702,73,213676
11434,2.7e-05,172.31.40.0-255,66,1768,73,213676
11435,4.1e-05,74.125.24.0-255,2902,4670,73,213676
11436,4.4e-05,172.31.40.0-255,66,4736,73,213676
11437,5.1e-05,74.125.24.0-255,5738,10474,73,213676
11438,5.4e-05,172.31.40.0-255,66,10540,73,213676
11439,5.9e-05,74.125.24.0-255,3420,13960,73,213676
11440,6.2e-05,172.31.40.0-255,66,14026,73,213676
11441,0.000117,74.125.24.0-255,1484,15510,73,213676
11442,0.000121,172.31.40.0-255,66,15576,73,213676
11443,0.000126,74.125.24.0-255,2902,18478,73,213676
11444,0.000128,172.31.40.0-255,66,18544,73,213676
11445,0.00016,74.125.24.0-255,5738,24282,73,213676
11446,0.000163,172.31.40.0-255,66,24348,73,213676
11447,0.000169,74.125.24.0-255,4320,28668,73,213676
11448,0.000171,172.31.40.0-255,66,28734,73,213676
11449,0.000202,74.125.24.0-255,2543,31277,73,213676
11450,0.000205,172.31.40.0-255,66,31343,73,213676
11451,0.00023,74.125.24.0-255,1484,32827,73,213676
11452,0.000232,172.31.40.0-255,66,32893,73,213676
11453,0.000237,74.125.24.0-255,2902,35795,73,213676
11454,0.000239,172.31.40.0-255,66,35861,73,213676
11455,0.000245,74.125.24.0-255,5738,41599,73,213676
11456,0.000248,172.31.40.0-255,66,41665,73,213676
11457,0.000267,74.125.24.0-255,1484,43149,73,213676
11458,0.000269,172.31.40.0-255,66,43215,73,213676
11459,0.000303,74.125.24.0-255,5379,48594,73,213676
11460,0.000307,172.31.40.0-255,66,48660,73,213676
11461,0.000331,74.125.24.0-255,1484,50144,73,213676
11462,0.000334,172.31.40.0-255,66,50210,73,213676
11463,0.000338,74.125.24.0-255,2902,53112,73,213676
11464,0.000341,172.31.40.0-255,66,53178,73,213676
11465,0.000347,74.125.24.0-255,5738,58916,73,213676
11466,0.000354,172.31.40.0-255,66,58982,73,213676
11467,0.000362,74.125.24.0-255,7131,66113,73,213676
11468,0.000365,172.31.40.0-255,66,66179,73,213676
11469,0.000392,74.125.24.0-255,109,66288,73,213676
11470,0.000833,74.125.24.0-255,331,66619,73,213676
11471,0.001066,74.125.24.0-255,1484,68103,73,213676
11472,0.001071,172.31.40.0-255,66,68169,73,213676
11473,0.001077,74.125.24.0-255,2902,71071,73,213676
11474,0.00108,172.31.40.0-255,66,71137,73,213676
11475,0.001113,74.125.24.0-255,5738,76875,73,213676
11476,0.001115,172.31.40.0-255,66,76941,73,213676
11477,0.001128,172.31.40.0-255,66,77007,73,213676
11478,0.001143,172.31.40.0-255,66,77073,73,213676
11479,0.001171,74.125.24.0-255,2184,79257,73,213676
11480,0.001174,172.31.40.0-255,66,79323,73,213676
11481,0.001626,74.125.24.0-255,1484,80807,73,213676
11482,0.001648,74.125.24.0-255,2902,83709,73,213676
11483,0.001652,172.31.40.0-255,66,83775,73,213676
11484,0.001659,74.125.24.0-255,5738,89513,73,213676
11485,0.001661,172.31.40.0-255,66,89579,73,213676
11486,0.001703,172.31.40.0-255,66,89645,73,213676
11487,0.001708,74.125.24.0-255,2902,92547,73,213676
11488,0.00171,172.31.40.0-255,66,92613,73,213676
11489,0.001748,172.31.40.0-255,66,92679,73,213676
11490,0.004097,74.125.24.0-255,5738,98417,73,213676
11491,0.004111,172.31.40.0-255,66,98483,73,213676
11492,0.00653,74.125.24.0-255,5738,104221,73,213676
11493,0.006544,172.31.40.0-255,66,104287,73,213676
11494,0.008928,74.125.24.0-255,5738,110025,73,213676
11495,0.008936,172.31.40.0-255,66,110091,73,213676
11496,0.011275,74.125.24.0-255,5738,115829,73,213676
11497,0.011282,172.31.40.0-255,66,115895,73,213676
11498,0.013603,74.125.24.0-255,5738,121633,73,213676
11499,0.01362,172.31.40.0-255,66,121699,73,213676
11500,0.015998,74.125.24.0-255,5738,127437,73,213676
11501,0.016006,172.31.40.0-255,66,127503,73,213676
11502,0.018322,74.125.24.0-255,5738,133241,73,213676
11503,0.018331,172.31.40.0-255,66,133307,73,213676
11504,0.020667,74.125.24.0-255,5738,139045,73,213676
11505,0.020677,172.31.40.0-255,66,139111,73,213676
11506,0.023054,74.125.24.0-255,5738,144849,73,213676
11507,0.023062,172.31.40.0-255,66,144915,73,213676
11508,0.02544,74.125.24.0-255,5738,150653,73,213676
11509,0.025458,172.31.40.0-255,66,150719,73,213676
11510,0.027809,74.125.24.0-255,5738,156457,73,213676
11511,0.027817,172.31.40.0-255,66,156523,73,213676
11512,0.03019,74.125.24.0-255,5738,162261,73,213676
11513,0.030197,172.31.40.0-255,66,162327,73,213676
11514,0.032564,74.125.24.0-255,5738,168065,73,213676
11515,0.032577,172.31.40.0-255,66,168131,73,213676
11516,0.034971,74.125.24.0-255,5738,173869,73,213676
11517,0.034979,172.31.40.0-255,66,173935,73,213676
11518,0.037344,74.125.24.0-255,5738,179673,73,213676
11519,0.037361,172.31.40.0-255,66,179739,73,213676
11520,0.039684,74.125.24.0-255,5738,185477,73,213676
11521,0.039696,172.31.40.0-255,66,185543,73,213676
11522,0.041997,172.31.40.0-255,193,185736,73,213676
11523,0.042032,172.31.40.0-255,1111,186847,73,213676
11524,0.04207,74.125.24.0-255,4320,191167,73,213676
11525,0.042077,172.31.40.0-255,66,191233,73,213676
11526,0.042101,74.125.24.0-255,1484,192717,73,213676
11527,0.04219,172.31.40.0-255,1514,194231,73,213676
11528,0.042193,172.31.40.0-255,1514,195745,73,213676
11529,0.042197,172.31.40.0-255,1514,197259,73,213676
11530,0.042198,172.31.40.0-255,159,197418,73,213676
11531,0.043505,104.244.42.0-255,66,197484,73,213676
11532,0.043599,104.244.42.0-255,66,197550,73,213676
11533,0.043745,104.244.42.0-255,66,197616,73,213676
11534,0.04375,104.244.42.0-255,66,197682,73,213676
11535,0.044461,74.125.24.0-255,4320,202002,73,213676
11536,0.044471,172.31.40.0-255,66,202068,73,213676
11537,0.046865,74.125.24.0-255,5738,207806,73,213676
11538,0.046882,172.31.40.0-255,66,207872,73,213676
11539,0.049232,74.125.24.0-255,5738,213610,73,213676
11540,0.049243,172.31.40.0-255,66,213676,73,213676
11541,0.0,172.217.194.0-255,155,155,73,227631
11542,2.8e-05,172.31.40.0-255,66,221,73,227631
11543,3.6e-05,172.217.194.0-255,1484,1705,73,227631
11544,4.1e-05,172.31.40.0-255,66,1771,73,227631
11545,5.5e-05,172.217.194.0-255,2902,4673,73,227631
11546,5.9e-05,172.31.40.0-255,66,4739,73,227631
11547,6.6e-05,172.217.194.0-255,5738,10477,73,227631
11548,6.9e-05,172.31.40.0-255,66,10543,73,227631
11549,0.000101,172.217.194.0-255,1484,12027,73,227631
11550,0.000104,172.31.40.0-255,66,12093,73,227631
11551,0.000167,172.217.194.0-255,2037,14130,73,227631
11552,0.00017,172.31.40.0-255,66,14196,73,227631
11553,0.000219,172.217.194.0-255,1484,15680,73,227631
11554,0.000222,172.31.40.0-255,66,15746,73,227631
11555,0.00024,172.217.194.0-255,2902,18648,73,227631
11556,0.000243,172.31.40.0-255,66,18714,73,227631
11557,0.000282,172.217.194.0-255,2902,21616,73,227631
11558,0.000285,172.31.40.0-255,66,21682,73,227631
11559,0.000302,172.217.194.0-255,2902,24584,73,227631
11560,0.000305,172.31.40.0-255,66,24650,73,227631
11561,0.000372,172.217.194.0-255,6797,31447,73,227631
11562,0.000376,172.31.40.0-255,66,31513,73,227631
11563,0.000478,172.217.194.0-255,2902,34415,73,227631
11564,0.000481,172.31.40.0-255,66,34481,73,227631
11565,0.00051,172.217.194.0-255,2902,37383,73,227631
11566,0.000513,172.31.40.0-255,66,37449,73,227631
11567,0.000553,172.31.40.0-255,66,37515,73,227631
11568,0.000718,172.31.40.0-255,66,37581,73,227631
11569,0.000751,172.217.194.0-255,6797,44378,73,227631
11570,0.000754,172.31.40.0-255,66,44444,73,227631
11571,0.000945,172.217.194.0-255,3961,48405,73,227631
11572,0.00095,172.31.40.0-255,66,48471,73,227631
11573,0.001,172.217.194.0-255,1484,49955,73,227631
11574,0.001015,172.217.194.0-255,3482,53437,73,227631
11575,0.001018,172.31.40.0-255,66,53503,73,227631
11576,0.001078,172.217.194.0-255,4320,57823,73,227631
11577,0.001082,172.31.40.0-255,66,57889,73,227631
11578,0.001151,172.217.194.0-255,4320,62209,73,227631
11579,0.001154,172.31.40.0-255,66,62275,73,227631
11580,0.001188,172.217.194.0-255,7156,69431,73,227631
11581,0.001192,172.31.40.0-255,66,69497,73,227631
11582,0.001345,172.217.194.0-255,7156,76653,73,227631
11583,0.00135,172.31.40.0-255,66,76719,73,227631
11584,0.001376,172.217.194.0-255,2902,79621,73,227631
11585,0.001378,172.31.40.0-255,66,79687,73,227631
11586,0.001496,172.217.194.0-255,3602,83289,73,227631
11587,0.0015,172.31.40.0-255,66,83355,73,227631
11588,0.001571,172.217.194.0-255,5738,89093,73,227631
11589,0.001575,172.31.40.0-255,66,89159,73,227631
11590,0.001612,172.31.40.0-255,66,89225,73,227631
11591,0.001804,172.217.194.0-255,4320,93545,73,227631
11592,0.001808,172.31.40.0-255,66,93611,73,227631
11593,0.001842,172.31.40.0-255,66,93677,73,227631
11594,0.002106,172.217.194.0-255,7156,100833,73,227631
11595,0.002111,172.31.40.0-255,66,100899,73,227631
11596,0.002163,172.31.40.0-255,66,100965,73,227631
11597,0.002636,172.31.40.0-255,66,101031,73,227631
11598,0.002717,172.31.40.0-255,66,101097,73,227631
11599,0.003171,172.31.40.0-255,66,101163,73,227631
11600,0.003231,172.31.40.0-255,66,101229,73,227631
11601,0.003277,172.31.40.0-255,66,101295,73,227631
11602,0.005325,172.217.194.0-255,5738,107033,73,227631
11603,0.005329,172.31.40.0-255,66,107099,73,227631
11604,0.007392,172.217.194.0-255,5738,112837,73,227631
11605,0.0074,172.31.40.0-255,66,112903,73,227631
11606,0.009529,172.217.194.0-255,5738,118641,73,227631
11607,0.009547,172.31.40.0-255,66,118707,73,227631
11608,0.011577,172.217.194.0-255,5738,124445,73,227631
11609,0.011589,172.31.40.0-255,66,124511,73,227631
11610,0.013661,172.217.194.0-255,5738,130249,73,227631
11611,0.013676,172.31.40.0-255,66,130315,73,227631
11612,0.01573,172.217.194.0-255,5738,136053,73,227631
11613,0.015737,172.31.40.0-255,66,136119,73,227631
11614,0.017815,172.217.194.0-255,5738,141857,73,227631
11615,0.01783,172.31.40.0-255,66,141923,73,227631
11616,0.019858,172.217.194.0-255,5738,147661,73,227631
11617,0.019866,172.31.40.0-255,66,147727,73,227631
11618,0.021891,172.217.194.0-255,5738,153465,73,227631
11619,0.0219,172.31.40.0-255,66,153531,73,227631
11620,0.023987,172.217.194.0-255,5738,159269,73,227631
11621,0.023995,172.31.40.0-255,66,159335,73,227631
11622,0.026067,172.217.194.0-255,5738,165073,73,227631
11623,0.026076,172.31.40.0-255,66,165139,73,227631
11624,0.028133,172.217.194.0-255,4320,169459,73,227631
11625,0.028142,172.31.40.0-255,66,169525,73,227631
11626,0.028177,172.217.194.0-255,1484,171009,73,227631
11627,0.030237,172.217.194.0-255,4320,175329,73,227631
11628,0.030246,172.31.40.0-255,66,175395,73,227631
11629,0.032355,172.217.194.0-255,5738,181133,73,227631
11630,0.032371,172.31.40.0-255,66,181199,73,227631
11631,0.034417,172.217.194.0-255,5738,186937,73,227631
11632,0.034424,172.31.40.0-255,66,187003,73,227631
11633,0.036492,172.217.194.0-255,5738,192741,73,227631
11634,0.036501,172.31.40.0-255,66,192807,73,227631
11635,0.038566,172.217.194.0-255,5738,198545,73,227631
11636,0.038583,172.31.40.0-255,66,198611,73,227631
11637,0.040646,172.217.194.0-255,5738,204349,73,227631
11638,0.040655,172.31.40.0-255,66,204415,73,227631
11639,0.042701,172.217.194.0-255,5738,210153,73,227631
11640,0.042709,172.31.40.0-255,66,210219,73,227631
11641,0.044748,172.217.194.0-255,5738,215957,73,227631
11642,0.044757,172.31.40.0-255,66,216023,73,227631
11643,0.046885,172.217.194.0-255,5738,221761,73,227631
11644,0.0469,172.31.40.0-255,66,221827,73,227631
11645,0.048943,172.217.194.0-255,5738,227565,73,227631
11646,0.048955,172.31.40.0-255,66,227631,73,227631
11647,0.0,74.125.68.0-255,351,351,73,299624
11648,2.6e-05,172.31.40.0-255,66,417,73,299624
11649,3.4e-05,74.125.68.0-255,1484,1901,73,299624
11650,4e-05,172.31.40.0-255,66,1967,73,299624
11651,5.1e-05,74.125.68.0-255,1484,3451,73,299624
11652,5.5e-05,172.31.40.0-255,66,3517,73,299624
11653,6.2e-05,74.125.68.0-255,2902,6419,73,299624
11654,6.6e-05,172.31.40.0-255,66,6485,73,299624
11655,7.3e-05,74.125.68.0-255,5738,12223,73,299624
11656,7.6e-05,172.31.40.0-255,66,12289,73,299624
11657,9.8e-05,74.125.68.0-255,1982,14271,73,299624
11658,0.000104,172.31.40.0-255,66,14337,73,299624
11659,0.000164,74.125.68.0-255,1484,15821,73,299624
11660,0.000168,172.31.40.0-255,66,15887,73,299624
11661,0.000197,74.125.68.0-255,2902,18789,73,299624
11662,0.0002,172.31.40.0-255,66,18855,73,299624
11663,0.000207,74.125.68.0-255,5738,24593,73,299624
11664,0.00021,172.31.40.0-255,66,24659,73,299624
11665,0.000214,74.125.68.0-255,2902,27561,73,299624
11666,0.000221,172.31.40.0-255,66,27627,73,299624
11667,0.000227,74.125.68.0-255,3961,31588,73,299624
11668,0.000229,172.31.40.0-255,66,31654,73,299624
11669,0.000258,74.125.68.0-255,2902,34556,73,299624
11670,0.00026,172.31.40.0-255,66,34622,73,299624
11671,0.000287,74.125.68.0-255,2902,37524,73,299624
11672,0.00029,172.31.40.0-255,66,37590,73,299624
11673,0.00032,74.125.68.0-255,4320,41910,73,299624
11674,0.000326,74.125.68.0-255,5738,47648,73,299624
11675,0.000329,172.31.40.0-255,66,47714,73,299624
11676,0.00036,172.31.40.0-255,66,47780,73,299624
11677,0.000364,74.125.68.0-255,1125,48905,73,299624
11678,0.000367,172.31.40.0-255,66,48971,73,299624
11679,0.000533,74.125.68.0-255,1484,50455,73,299624
11680,0.00054,74.125.68.0-255,1484,51939,73,299624
11681,0.000543,172.31.40.0-255,66,52005,73,299624
11682,0.000551,74.125.68.0-255,2902,54907,73,299624
11683,0.000554,172.31.40.0-255,66,54973,73,299624
11684,0.000601,74.125.68.0-255,2902,57875,73,299624
11685,0.000604,172.31.40.0-255,66,57941,73,299624
11686,0.000631,74.125.68.0-255,2902,60843,73,299624
11687,0.000633,172.31.40.0-255,66,60909,73,299624
11688,0.00064,74.125.68.0-255,5379,66288,73,299624
11689,0.000642,172.31.40.0-255,66,66354,73,299624
11690,0.000676,74.125.68.0-255,1484,67838,73,299624
11691,0.00068,74.125.68.0-255,2902,70740,73,299624
11692,0.000683,172.31.40.0-255,66,70806,73,299624
11693,0.000711,74.125.68.0-255,4320,75126,73,299624
11694,0.000714,172.31.40.0-255,66,75192,73,299624
11695,0.00072,74.125.68.0-255,5738,80930,73,299624
11696,0.000724,172.31.40.0-255,66,80996,73,299624
11697,0.000767,172.31.40.0-255,66,81062,73,299624
11698,0.000775,74.125.68.0-255,7156,88218,73,299624
11699,0.000779,172.31.40.0-255,66,88284,73,299624
11700,0.000814,74.125.68.0-255,766,89050,73,299624
11701,0.000834,74.125.68.0-255,646,89696,73,299624
11702,0.001076,74.125.68.0-255,1484,91180,73,299624
11703,0.001082,172.31.40.0-255,66,91246,73,299624
11704,0.001119,74.125.68.0-255,2902,94148,73,299624
11705,0.001123,172.31.40.0-255,66,94214,73,299624
11706,0.001151,74.125.68.0-255,4320,98534,73,299624
11707,0.001154,172.31.40.0-255,66,98600,73,299624
11708,0.001161,74.125.68.0-255,5738,104338,73,299624
11709,0.001163,172.31.40.0-255,66,104404,73,299624
11710,0.001198,74.125.68.0-255,7156,111560,73,299624
11711,0.001201,172.31.40.0-255,66,111626,73,299624
11712,0.001238,172.31.40.0-255,66,111692,73,299624
11713,0.001662,74.125.68.0-255,1484,113176,73,299624
11714,0.001669,74.125.68.0-255,2902,116078,73,299624
11715,0.001673,172.31.40.0-255,66,116144,73,299624
11716,0.001702,74.125.68.0-255,2902,119046,73,299624
11717,0.001705,172.31.40.0-255,66,119112,73,299624
11718,0.001732,74.125.68.0-255,2902,122014,73,299624
11719,0.001734,172.31.40.0-255,66,122080,73,299624
11720,0.00174,74.125.68.0-255,4320,126400,73,299624
11721,0.001742,172.31.40.0-255,66,126466,73,299624
11722,0.001748,74.125.68.0-255,4320,130786,73,299624
11723,0.00175,172.31.40.0-255,66,130852,73,299624
11724,0.001777,74.125.68.0-255,1484,132336,73,299624
11725,0.001789,172.31.40.0-255,66,132402,73,299624
11726,0.001813,74.125.68.0-255,1484,133886,73,299624
11727,0.001844,172.31.40.0-255,66,133952,73,299624
11728,0.001852,74.125.68.0-255,7156,141108,73,299624
11729,0.001854,172.31.40.0-255,66,141174,73,299624
11730,0.00189,74.125.68.0-255,4320,145494,73,299624
11731,0.001893,172.31.40.0-255,66,145560,73,299624
11732,0.001898,74.125.68.0-255,2902,148462,73,299624
11733,0.0019,172.31.40.0-255,66,148528,73,299624
11734,0.00191,74.125.68.0-255,4320,152848,73,299624
11735,0.001912,172.31.40.0-255,66,152914,73,299624
11736,0.001915,74.125.68.0-255,1484,154398,73,299624
11737,0.001918,74.125.68.0-255,1484,155882,73,299624
11738,0.001921,172.31.40.0-255,66,155948,73,299624
11739,0.001954,74.125.68.0-255,1484,157432,73,299624
11740,0.001973,74.125.68.0-255,2902,160334,73,299624
11741,0.001977,172.31.40.0-255,66,160400,73,299624
11742,0.002,74.125.68.0-255,766,161166,73,299624
11743,0.002857,172.31.40.0-255,66,161232,73,299624
11744,0.003968,74.125.68.0-255,4320,165552,73,299624
11745,0.003976,172.31.40.0-255,66,165618,73,299624
11746,0.004839,74.125.68.0-255,1484,167102,73,299624
11747,0.005972,74.125.68.0-255,4320,171422,73,299624
11748,0.005979,172.31.40.0-255,66,171488,73,299624
11749,0.007976,74.125.68.0-255,5738,177226,73,299624
11750,0.007982,172.31.40.0-255,66,177292,73,299624
11751,0.00999,74.125.68.0-255,5738,183030,73,299624
11752,0.009997,172.31.40.0-255,66,183096,73,299624
11753,0.012024,74.125.68.0-255,5738,188834,73,299624
11754,0.012032,172.31.40.0-255,66,188900,73,299624
11755,0.014047,74.125.68.0-255,5738,194638,73,299624
11756,0.014056,172.31.40.0-255,66,194704,73,299624
11757,0.016107,74.125.68.0-255,5738,200442,73,299624
11758,0.016118,172.31.40.0-255,66,200508,73,299624
11759,0.018234,74.125.68.0-255,5738,206246,73,299624
11760,0.018243,172.31.40.0-255,66,206312,73,299624
11761,0.02025,74.125.68.0-255,5738,212050,73,299624
11762,0.020258,172.31.40.0-255,66,212116,73,299624
11763,0.022272,74.125.68.0-255,5738,217854,73,299624
11764,0.022279,172.31.40.0-255,66,217920,73,299624
11765,0.024282,74.125.68.0-255,5738,223658,73,299624
11766,0.024291,172.31.40.0-255,66,223724,73,299624
11767,0.026295,74.125.68.0-255,5738,229462,73,299624
11768,0.026303,172.31.40.0-255,66,229528,73,299624
11769,0.028307,74.125.68.0-255,5738,235266,73,299624
11770,0.028315,172.31.40.0-255,66,235332,73,299624
11771,0.03032,74.125.68.0-255,5738,241070,73,299624
11772,0.030328,172.31.40.0-255,66,241136,73,299624
11773,0.030894,172.31.40.0-255,172,241308,73,299624
11774,0.030927,172.31.40.0-255,1114,242422,73,299624
11775,0.03099,172.31.40.0-255,1514,243936,73,299624
11776,0.030992,172.31.40.0-255,1514,245450,73,299624
11777,0.030996,172.31.40.0-255,1514,246964,73,299624
11778,0.030997,172.31.40.0-255,160,247124,73,299624
11779,0.03233,74.125.68.0-255,5738,252862,73,299624
11780,0.032337,172.31.40.0-255,66,252928,73,299624
11781,0.032419,104.244.42.0-255,66,252994,73,299624
11782,0.032468,104.244.42.0-255,66,253060,73,299624
11783,0.032581,104.244.42.0-255,66,253126,73,299624
11784,0.032588,104.244.42.0-255,66,253192,73,299624
11785,0.034342,74.125.68.0-255,5738,258930,73,299624
11786,0.034348,172.31.40.0-255,66,258996,73,299624
11787,0.03636,74.125.68.0-255,5738,264734,73,299624
11788,0.036367,172.31.40.0-255,66,264800,73,299624
11789,0.038392,74.125.68.0-255,5738,270538,73,299624
11790,0.038397,172.31.40.0-255,66,270604,73,299624
11791,0.040404,74.125.68.0-255,5738,276342,73,299624
11792,0.040411,172.31.40.0-255,66,276408,73,299624
11793,0.042418,74.125.68.0-255,5738,282146,73,299624
11794,0.042423,172.31.40.0-255,66,282212,73,299624
11795,0.044425,74.125.68.0-255,5738,287950,73,299624
11796,0.044432,172.31.40.0-255,66,288016,73,299624
11797,0.046472,74.125.68.0-255,5738,293754,73,299624
11798,0.046478,172.31.40.0-255,66,293820,73,299624
11799,0.048475,74.125.68.0-255,5738,299558,73,299624
11800,0.048482,172.31.40.0-255,66,299624,73,299624
11801,0.0,172.217.194.0-255,153,153,73,205592
11802,1.6e-05,172.31.40.0-255,66,219,73,205592
11803,2.3e-05,172.217.194.0-255,1484,1703,73,205592
11804,2.7e-05,172.31.40.0-255,66,1769,73,205592
11805,3.3e-05,172.217.194.0-255,2902,4671,73,205592
11806,4.4e-05,172.31.40.0-255,66,4737,73,205592
11807,5.1e-05,172.217.194.0-255,5738,10475,73,205592
11808,5.4e-05,172.31.40.0-255,66,10541,73,205592
11809,8.2e-05,172.217.194.0-255,1484,12025,73,205592
11810,8.4e-05,172.31.40.0-255,66,12091,73,205592
11811,0.000114,172.217.194.0-255,2037,14128,73,205592
11812,0.000117,172.31.40.0-255,66,14194,73,205592
11813,0.000133,172.217.194.0-255,2902,17096,73,205592
11814,0.00014,172.31.40.0-255,66,17162,73,205592
11815,0.000145,172.217.194.0-255,4320,21482,73,205592
11816,0.000148,172.31.40.0-255,66,21548,73,205592
11817,0.00018,172.31.40.0-255,66,21614,73,205592
11818,0.000184,172.217.194.0-255,1125,22739,73,205592
11819,0.000186,172.31.40.0-255,66,22805,73,205592
11820,0.000253,172.217.194.0-255,1484,24289,73,205592
11821,0.000257,172.31.40.0-255,66,24355,73,205592
11822,0.000287,172.217.194.0-255,2902,27257,73,205592
11823,0.00029,172.31.40.0-255,66,27323,73,205592
11824,0.000297,172.217.194.0-255,5738,33061,73,205592
11825,0.000299,172.31.40.0-255,66,33127,73,205592
11826,0.000305,172.217.194.0-255,5738,38865,73,205592
11827,0.000308,172.31.40.0-255,66,38931,73,205592
11828,0.00031,172.217.194.0-255,1484,40415,73,205592
11829,0.000312,172.31.40.0-255,66,40481,73,205592
11830,0.000348,172.31.40.0-255,66,40547,73,205592
11831,0.000354,172.217.194.0-255,3961,44508,73,205592
11832,0.000356,172.31.40.0-255,66,44574,73,205592
11833,0.001027,172.217.194.0-255,645,45219,73,205592
11834,0.001048,172.31.40.0-255,66,45285,73,205592
11835,0.001439,172.217.194.0-255,1484,46769,73,205592
11836,0.001449,172.217.194.0-255,2902,49671,73,205592
11837,0.001453,172.31.40.0-255,66,49737,73,205592
11838,0.001458,172.217.194.0-255,2902,52639,73,205592
11839,0.00146,172.31.40.0-255,66,52705,73,205592
11840,0.001481,172.217.194.0-255,2902,55607,73,205592
11841,0.001483,172.31.40.0-255,66,55673,73,205592
11842,0.001515,172.31.40.0-255,66,55739,73,205592
11843,0.001538,172.217.194.0-255,1484,57223,73,205592
11844,0.001544,172.217.194.0-255,5738,62961,73,205592
11845,0.001546,172.31.40.0-255,66,63027,73,205592
11846,0.001574,172.217.194.0-255,5020,68047,73,205592
11847,0.001577,172.31.40.0-255,66,68113,73,205592
11848,0.001829,172.217.194.0-255,1484,69597,73,205592
11849,0.001837,172.217.194.0-255,2902,72499,73,205592
11850,0.00184,172.31.40.0-255,66,72565,73,205592
11851,0.001845,172.217.194.0-255,2902,75467,73,205592
11852,0.001847,172.31.40.0-255,66,75533,73,205592
11853,0.001867,172.217.194.0-255,2902,78435,73,205592
11854,0.001869,172.31.40.0-255,66,78501,73,205592
11855,0.001875,172.217.194.0-255,5738,84239,73,205592
11856,0.001877,172.31.40.0-255,66,84305,73,205592
11857,0.00188,172.217.194.0-255,1484,85789,73,205592
11858,0.001923,172.31.40.0-255,66,85855,73,205592
11859,0.00193,172.217.194.0-255,5020,90875,73,205592
11860,0.001932,172.31.40.0-255,66,90941,73,205592
11861,0.002381,172.31.40.0-255,101,91042,73,205592
11862,0.002511,172.217.194.0-255,1484,92526,73,205592
11863,0.002517,172.217.194.0-255,2902,95428,73,205592
11864,0.00252,172.31.40.0-255,66,95494,73,205592
11865,0.002553,172.217.194.0-255,2902,98396,73,205592
11866,0.002557,172.31.40.0-255,66,98462,73,205592
11867,0.002575,172.217.194.0-255,2902,101364,73,205592
11868,0.002579,172.31.40.0-255,66,101430,73,205592
11869,0.002595,172.31.40.0-255,66,101496,73,205592
11870,0.002605,172.31.40.0-255,66,101562,73,205592
11871,0.004959,172.217.194.0-255,66,101628,73,205592
11872,0.005205,172.217.194.0-255,2902,104530,73,205592
11873,0.005209,172.31.40.0-255,66,104596,73,205592
11874,0.005236,172.217.194.0-255,2902,107498,73,205592
11875,0.005239,172.31.40.0-255,66,107564,73,205592
11876,0.007825,172.217.194.0-255,2902,110466,73,205592
11877,0.00783,172.31.40.0-255,66,110532,73,205592
11878,0.007858,172.217.194.0-255,2902,113434,73,205592
11879,0.007861,172.31.40.0-255,66,113500,73,205592
11880,0.01046,172.217.194.0-255,5738,119238,73,205592
11881,0.010469,172.31.40.0-255,66,119304,73,205592
11882,0.013102,172.217.194.0-255,5738,125042,73,205592
11883,0.01311,172.31.40.0-255,66,125108,73,205592
11884,0.01578,172.217.194.0-255,5738,130846,73,205592
11885,0.015796,172.31.40.0-255,66,130912,73,205592
11886,0.018406,172.217.194.0-255,5738,136650,73,205592
11887,0.018416,172.31.40.0-255,66,136716,73,205592
11888,0.021043,172.217.194.0-255,5738,142454,73,205592
11889,0.021052,172.31.40.0-255,66,142520,73,205592
11890,0.02369,172.217.194.0-255,5738,148258,73,205592
11891,0.023696,172.31.40.0-255,66,148324,73,205592
11892,0.026294,172.31.40.0-255,172,148496,73,205592
11893,0.026307,172.217.194.0-255,2902,151398,73,205592
11894,0.026311,172.31.40.0-255,66,151464,73,205592
11895,0.02633,172.217.194.0-255,2902,154366,73,205592
11896,0.026333,172.31.40.0-255,66,154432,73,205592
11897,0.026355,172.31.40.0-255,1114,155546,73,205592
11898,0.02647,172.31.40.0-255,1514,157060,73,205592
11899,0.026472,172.31.40.0-255,1514,158574,73,205592
11900,0.026476,172.31.40.0-255,1514,160088,73,205592
11901,0.026477,172.31.40.0-255,160,160248,73,205592
11902,0.027869,104.244.42.0-255,66,160314,73,205592
11903,0.027912,104.244.42.0-255,66,160380,73,205592
11904,0.028067,104.244.42.0-255,66,160446,73,205592
11905,0.028079,104.244.42.0-255,66,160512,73,205592
11906,0.028951,172.217.194.0-255,5738,166250,73,205592
11907,0.028956,172.31.40.0-255,66,166316,73,205592
11908,0.031574,172.217.194.0-255,5738,172054,73,205592
11909,0.03158,172.31.40.0-255,66,172120,73,205592
11910,0.034206,172.217.194.0-255,4320,176440,73,205592
11911,0.034212,172.31.40.0-255,66,176506,73,205592
11912,0.034235,172.217.194.0-255,1484,177990,73,205592
11913,0.03685,172.217.194.0-255,4320,182310,73,205592
11914,0.036856,172.31.40.0-255,66,182376,73,205592
11915,0.039507,172.217.194.0-255,5738,188114,73,205592
11916,0.039513,172.31.40.0-255,66,188180,73,205592
11917,0.042134,172.217.194.0-255,5738,193918,73,205592
11918,0.042142,172.31.40.0-255,66,193984,73,205592
11919,0.0448,172.217.194.0-255,5738,199722,73,205592
11920,0.044806,172.31.40.0-255,66,199788,73,205592
11921,0.047426,172.217.194.0-255,5738,205526,73,205592
11922,0.047433,172.31.40.0-255,66,205592,73,205592
11923,0.0,172.31.40.0-255,66,66,73,66
11924,0.0,172.31.40.0-255,105,105,73,459
11925,0.000133,172.31.40.0-255,90,195,73,459
11926,0.000141,172.31.40.0-255,66,261,73,459
11927,0.002437,74.125.24.0-255,66,327,73,459
11928,0.002463,74.125.24.0-255,66,393,73,459
11929,0.002484,172.31.40.0-255,66,459,73,459
11930,0.0,74.125.24.0-255,150,150,73,242627
11931,2.4e-05,172.31.40.0-255,66,216,73,242627
11932,3.1e-05,74.125.24.0-255,1484,1700,73,242627
11933,3.5e-05,172.31.40.0-255,66,1766,73,242627
11934,4.1e-05,74.125.24.0-255,2902,4668,73,242627
11935,4.5e-05,172.31.40.0-255,66,4734,73,242627
11936,5.1e-05,74.125.24.0-255,4320,9054,73,242627
11937,5.4e-05,172.31.40.0-255,66,9120,73,242627
11938,6.6e-05,172.31.40.0-255,66,9186,73,242627
11939,0.000112,172.31.40.0-255,66,9252,73,242627
11940,0.000128,74.125.24.0-255,3961,13213,73,242627
11941,0.00013,172.31.40.0-255,66,13279,73,242627
11942,0.00015,74.125.24.0-255,2902,16181,73,242627
11943,0.000152,172.31.40.0-255,66,16247,73,242627
11944,0.000169,74.125.24.0-255,1484,17731,73,242627
11945,0.000171,172.31.40.0-255,66,17797,73,242627
11946,0.000178,74.125.24.0-255,7156,24953,73,242627
11947,0.00018,172.31.40.0-255,66,25019,73,242627
11948,0.000225,74.125.24.0-255,5379,30398,73,242627
11949,0.000227,172.31.40.0-255,66,30464,73,242627
11950,0.000394,74.125.24.0-255,1484,31948,73,242627
11951,0.000398,172.31.40.0-255,66,32014,73,242627
11952,0.000403,74.125.24.0-255,2902,34916,73,242627
11953,0.000405,172.31.40.0-255,66,34982,73,242627
11954,0.000409,74.125.24.0-255,2902,37884,73,242627
11955,0.000411,172.31.40.0-255,66,37950,73,242627
11956,0.000432,74.125.24.0-255,2902,40852,73,242627
11957,0.000434,172.31.40.0-255,66,40918,73,242627
11958,0.000438,74.125.24.0-255,2902,43820,73,242627
11959,0.00044,172.31.40.0-255,66,43886,73,242627
11960,0.000478,74.125.24.0-255,4309,48195,73,242627
11961,0.000481,172.31.40.0-255,66,48261,73,242627
11962,0.000579,74.125.24.0-255,330,48591,73,242627
11963,0.000918,74.125.24.0-255,1484,50075,73,242627
11964,0.000939,74.125.24.0-255,1484,51559,73,242627
11965,0.000949,172.31.40.0-255,66,51625,73,242627
11966,0.000954,74.125.24.0-255,1484,53109,73,242627
11967,0.000957,172.31.40.0-255,66,53175,73,242627
11968,0.000964,74.125.24.0-255,5738,58913,73,242627
11969,0.000966,172.31.40.0-255,66,58979,73,242627
11970,0.000973,74.125.24.0-255,7156,66135,73,242627
11971,0.000976,172.31.40.0-255,66,66201,73,242627
11972,0.001006,74.125.24.0-255,6797,72998,73,242627
11973,0.001009,172.31.40.0-255,66,73064,73,242627
11974,0.00102,172.31.40.0-255,66,73130,73,242627
11975,0.001039,74.125.24.0-255,1125,74255,73,242627
11976,0.001297,172.31.40.0-255,66,74321,73,242627
11977,0.001552,74.125.24.0-255,1484,75805,73,242627
11978,0.001561,74.125.24.0-255,2902,78707,73,242627
11979,0.001565,172.31.40.0-255,66,78773,73,242627
11980,0.001572,74.125.24.0-255,5738,84511,73,242627
11981,0.001575,172.31.40.0-255,66,84577,73,242627
11982,0.001588,74.125.24.0-255,1484,86061,73,242627
11983,0.001612,172.31.40.0-255,66,86127,73,242627
11984,0.001616,74.125.24.0-255,1484,87611,73,242627
11985,0.001668,74.125.24.0-255,5738,93349,73,242627
11986,0.001672,172.31.40.0-255,66,93415,73,242627
11987,0.001692,74.125.24.0-255,3602,97017,73,242627
11988,0.001695,172.31.40.0-255,66,97083,73,242627
11989,0.001707,172.31.40.0-255,66,97149,73,242627
11990,0.001713,74.125.24.0-255,5738,102887,73,242627
11991,0.001715,172.31.40.0-255,66,102953,73,242627
11992,0.00175,172.31.40.0-255,66,103019,73,242627
11993,0.001769,74.125.24.0-255,4320,107339,73,242627
11994,0.001771,172.31.40.0-255,66,107405,73,242627
11995,0.001775,74.125.24.0-255,766,108171,73,242627
11996,0.001795,74.125.24.0-255,2902,111073,73,242627
11997,0.001797,172.31.40.0-255,66,111139,73,242627
11998,0.001818,74.125.24.0-255,1484,112623,73,242627
11999,0.001825,74.125.24.0-255,5738,118361,73,242627
12000,0.001828,172.31.40.0-255,66,118427,73,242627
12001,0.001841,172.31.40.0-255,66,118493,73,242627
12002,0.001895,74.125.24.0-255,2184,120677,73,242627
12003,0.004347,172.31.40.0-255,66,120743,73,242627
12004,0.006425,74.125.24.0-255,5738,126481,73,242627
12005,0.006432,172.31.40.0-255,66,126547,73,242627
12006,0.008526,74.125.24.0-255,5738,132285,73,242627
12007,0.008532,172.31.40.0-255,66,132351,73,242627
12008,0.010626,74.125.24.0-255,5738,138089,73,242627
12009,0.010634,172.31.40.0-255,66,138155,73,242627
12010,0.012703,74.125.24.0-255,5738,143893,73,242627
12011,0.01271,172.31.40.0-255,66,143959,73,242627
12012,0.014817,74.125.24.0-255,5738,149697,73,242627
12013,0.014826,172.31.40.0-255,66,149763,73,242627
12014,0.016942,74.125.24.0-255,5738,155501,73,242627
12015,0.016953,172.31.40.0-255,66,155567,73,242627
12016,0.019063,74.125.24.0-255,5738,161305,73,242627
12017,0.019071,172.31.40.0-255,66,161371,73,242627
12018,0.021143,74.125.24.0-255,5738,167109,73,242627
12019,0.02115,172.31.40.0-255,66,167175,73,242627
12020,0.023266,74.125.24.0-255,5738,172913,73,242627
12021,0.023273,172.31.40.0-255,66,172979,73,242627
12022,0.025365,74.125.24.0-255,5738,178717,73,242627
12023,0.025382,172.31.40.0-255,66,178783,73,242627
12024,0.027495,74.125.24.0-255,5738,184521,73,242627
12025,0.02751,172.31.40.0-255,66,184587,73,242627
12026,0.029599,74.125.24.0-255,5738,190325,73,242627
12027,0.029612,172.31.40.0-255,66,190391,73,242627
12028,0.031707,74.125.24.0-255,5738,196129,73,242627
12029,0.031716,172.31.40.0-255,66,196195,73,242627
12030,0.033805,74.125.24.0-255,5738,201933,73,242627
12031,0.033812,172.31.40.0-255,66,201999,73,242627
12032,0.035901,74.125.24.0-255,5738,207737,73,242627
12033,0.035917,172.31.40.0-255,66,207803,73,242627
12034,0.038015,74.125.24.0-255,5738,213541,73,242627
12035,0.038023,172.31.40.0-255,66,213607,73,242627
12036,0.040136,74.125.24.0-255,5738,219345,73,242627
12037,0.04015,172.31.40.0-255,66,219411,73,242627
12038,0.042239,74.125.24.0-255,5738,225149,73,242627
12039,0.042258,172.31.40.0-255,66,225215,73,242627
12040,0.04434,74.125.24.0-255,5738,230953,73,242627
12041,0.044347,172.31.40.0-255,66,231019,73,242627
12042,0.046423,74.125.24.0-255,5738,236757,73,242627
12043,0.04643,172.31.40.0-255,66,236823,73,242627
12044,0.048594,74.125.24.0-255,5738,242561,73,242627
12045,0.04861,172.31.40.0-255,66,242627,73,242627
12046,0.0,216.58.221.0-255,152,152,73,188313
12047,2.3e-05,172.31.40.0-255,66,218,73,188313
12048,3e-05,216.58.221.0-255,1484,1702,73,188313
12049,3.7e-05,172.31.40.0-255,66,1768,73,188313
12050,4.2e-05,216.58.221.0-255,2902,4670,73,188313
12051,4.6e-05,172.31.40.0-255,66,4736,73,188313
12052,5.4e-05,216.58.221.0-255,7156,11892,73,188313
12053,5.7e-05,172.31.40.0-255,66,11958,73,188313
12054,6.2e-05,216.58.221.0-255,2121,14079,73,188313
12055,6.5e-05,172.31.40.0-255,66,14145,73,188313
12056,0.000469,216.58.221.0-255,1484,15629,73,188313
12057,0.000475,216.58.221.0-255,2902,18531,73,188313
12058,0.000481,216.58.221.0-255,5738,24269,73,188313
12059,0.000484,216.58.221.0-255,2902,27171,73,188313
12060,0.00049,172.31.40.0-255,66,27237,73,188313
12061,0.000501,172.31.40.0-255,66,27303,73,188313
12062,0.000504,172.31.40.0-255,66,27369,73,188313
12063,0.000506,172.31.40.0-255,66,27435,73,188313
12064,0.000513,216.58.221.0-255,3961,31396,73,188313
12065,0.000516,172.31.40.0-255,66,31462,73,188313
12066,0.000657,216.58.221.0-255,1484,32946,73,188313
12067,0.000661,172.31.40.0-255,66,33012,73,188313
12068,0.000682,216.58.221.0-255,2902,35914,73,188313
12069,0.000684,172.31.40.0-255,66,35980,73,188313
12070,0.000691,216.58.221.0-255,5738,41718,73,188313
12071,0.000693,172.31.40.0-255,66,41784,73,188313
12072,0.0007,216.58.221.0-255,4320,46104,73,188313
12073,0.000702,172.31.40.0-255,66,46170,73,188313
12074,0.000719,216.58.221.0-255,2902,49072,73,188313
12075,0.000721,172.31.40.0-255,66,49138,73,188313
12076,0.000744,216.58.221.0-255,2543,51681,73,188313
12077,0.000757,216.58.221.0-255,2850,54531,73,188313
12078,0.000761,172.31.40.0-255,66,54597,73,188313
12079,0.000768,172.31.40.0-255,66,54663,73,188313
12080,0.001861,216.58.221.0-255,1484,56147,73,188313
12081,0.001874,216.58.221.0-255,2902,59049,73,188313
12082,0.00188,172.31.40.0-255,66,59115,73,188313
12083,0.001888,216.58.221.0-255,5738,64853,73,188313
12084,0.001906,216.58.221.0-255,5738,70591,73,188313
12085,0.001922,216.58.221.0-255,1409,72000,73,188313
12086,0.006777,172.31.40.0-255,66,72066,73,188313
12087,0.008743,216.58.221.0-255,5738,77804,73,188313
12088,0.008759,172.31.40.0-255,66,77870,73,188313
12089,0.010702,216.58.221.0-255,5738,83608,73,188313
12090,0.011726,172.31.40.0-255,66,83674,73,188313
12091,0.013676,216.58.221.0-255,5738,89412,73,188313
12092,0.013686,172.31.40.0-255,66,89478,73,188313
12093,0.01563,216.58.221.0-255,5738,95216,73,188313
12094,0.015641,172.31.40.0-255,66,95282,73,188313
12095,0.017594,216.58.221.0-255,5738,101020,73,188313
12096,0.017601,172.31.40.0-255,66,101086,73,188313
12097,0.019547,216.58.221.0-255,5738,106824,73,188313
12098,0.019555,172.31.40.0-255,66,106890,73,188313
12099,0.021493,216.58.221.0-255,5738,112628,73,188313
12100,0.021502,172.31.40.0-255,66,112694,73,188313
12101,0.023437,216.58.221.0-255,5738,118432,73,188313
12102,0.023445,172.31.40.0-255,66,118498,73,188313
12103,0.02538,216.58.221.0-255,5738,124236,73,188313
12104,0.025387,172.31.40.0-255,66,124302,73,188313
12105,0.027319,216.58.221.0-255,5738,130040,73,188313
12106,0.027327,172.31.40.0-255,66,130106,73,188313
12107,0.029272,216.58.221.0-255,5738,135844,73,188313
12108,0.029279,172.31.40.0-255,66,135910,73,188313
12109,0.031218,216.58.221.0-255,5738,141648,73,188313
12110,0.031225,172.31.40.0-255,66,141714,73,188313
12111,0.03317,216.58.221.0-255,5738,147452,73,188313
12112,0.033179,172.31.40.0-255,66,147518,73,188313
12113,0.035117,216.58.221.0-255,5738,153256,73,188313
12114,0.035125,172.31.40.0-255,66,153322,73,188313
12115,0.037053,216.58.221.0-255,5738,159060,73,188313
12116,0.039111,172.31.40.0-255,66,159126,73,188313
12117,0.03927,172.31.40.0-255,101,159227,73,188313
12118,0.04106,216.58.221.0-255,5738,164965,73,188313
12119,0.041068,172.31.40.0-255,66,165031,73,188313
12120,0.041161,216.58.221.0-255,66,165097,73,188313
12121,0.042999,216.58.221.0-255,5738,170835,73,188313
12122,0.043006,172.31.40.0-255,66,170901,73,188313
12123,0.044965,216.58.221.0-255,5738,176639,73,188313
12124,0.044972,172.31.40.0-255,66,176705,73,188313
12125,0.046912,216.58.221.0-255,5738,182443,73,188313
12126,0.04692,172.31.40.0-255,66,182509,73,188313
12127,0.048857,216.58.221.0-255,5738,188247,73,188313
12128,0.048865,172.31.40.0-255,66,188313,73,188313
12129,0.0,74.125.24.0-255,212,212,73,246641
12130,1.6e-05,172.31.40.0-255,66,278,73,246641
12131,2.3e-05,74.125.24.0-255,1484,1762,73,246641
12132,2.7e-05,172.31.40.0-255,66,1828,73,246641
12133,3.4e-05,74.125.24.0-255,4320,6148,73,246641
12134,3.7e-05,172.31.40.0-255,66,6214,73,246641
12135,6e-05,74.125.24.0-255,4320,10534,73,246641
12136,6.3e-05,172.31.40.0-255,66,10600,73,246641
12137,8.5e-05,74.125.24.0-255,2902,13502,73,246641
12138,8.7e-05,172.31.40.0-255,66,13568,73,246641
12139,9e-05,74.125.24.0-255,426,13994,73,246641
12140,9.2e-05,172.31.40.0-255,66,14060,73,246641
12141,0.000143,74.125.24.0-255,1484,15544,73,246641
12142,0.000146,172.31.40.0-255,66,15610,73,246641
12143,0.000151,74.125.24.0-255,2902,18512,73,246641
12144,0.000153,172.31.40.0-255,66,18578,73,246641
12145,0.000168,74.125.24.0-255,5738,24316,73,246641
12146,0.00017,172.31.40.0-255,66,24382,73,246641
12147,0.000206,74.125.24.0-255,4320,28702,73,246641
12148,0.000209,172.31.40.0-255,66,28768,73,246641
12149,0.000231,74.125.24.0-255,2543,31311,73,246641
12150,0.000233,172.31.40.0-255,66,31377,73,246641
12151,0.000241,74.125.24.0-255,7156,38533,73,246641
12152,0.000243,172.31.40.0-255,66,38599,73,246641
12153,0.000257,74.125.24.0-255,4320,42919,73,246641
12154,0.00026,172.31.40.0-255,66,42985,73,246641
12155,0.000285,74.125.24.0-255,5379,48364,73,246641
12156,0.000288,172.31.40.0-255,66,48430,73,246641
12157,0.000976,74.125.24.0-255,1484,49914,73,246641
12158,0.000982,172.31.40.0-255,66,49980,73,246641
12159,0.000992,74.125.24.0-255,2902,52882,73,246641
12160,0.000994,172.31.40.0-255,66,52948,73,246641
12161,0.001001,74.125.24.0-255,5738,58686,73,246641
12162,0.001003,172.31.40.0-255,66,58752,73,246641
12163,0.00103,74.125.24.0-255,5738,64490,73,246641
12164,0.001033,172.31.40.0-255,66,64556,73,246641
12165,0.001062,74.125.24.0-255,6797,71353,73,246641
12166,0.001065,172.31.40.0-255,66,71419,73,246641
12167,0.00107,74.125.24.0-255,2902,74321,73,246641
12168,0.001072,172.31.40.0-255,66,74387,73,246641
12169,0.001097,172.31.40.0-255,66,74453,73,246641
12170,0.00111,172.31.40.0-255,66,74519,73,246641
12171,0.001119,74.125.24.0-255,5959,80478,73,246641
12172,0.001122,172.31.40.0-255,66,80544,73,246641
12173,0.001785,74.125.24.0-255,1484,82028,73,246641
12174,0.001796,74.125.24.0-255,2902,84930,73,246641
12175,0.0018,172.31.40.0-255,66,84996,73,246641
12176,0.001809,74.125.24.0-255,5738,90734,73,246641
12177,0.001811,172.31.40.0-255,66,90800,73,246641
12178,0.001849,172.31.40.0-255,66,90866,73,246641
12179,0.001866,74.125.24.0-255,1484,92350,73,246641
12180,0.00188,74.125.24.0-255,4320,96670,73,246641
12181,0.001883,172.31.40.0-255,66,96736,73,246641
12182,0.001899,74.125.24.0-255,5020,101756,73,246641
12183,0.001901,172.31.40.0-255,66,101822,73,246641
12184,0.002197,74.125.24.0-255,1484,103306,73,246641
12185,0.002205,74.125.24.0-255,2902,106208,73,246641
12186,0.002209,172.31.40.0-255,66,106274,73,246641
12187,0.002234,74.125.24.0-255,5738,112012,73,246641
12188,0.002236,172.31.40.0-255,66,112078,73,246641
12189,0.002241,74.125.24.0-255,2902,114980,73,246641
12190,0.002243,172.31.40.0-255,66,115046,73,246641
12191,0.00226,74.125.24.0-255,7156,122202,73,246641
12192,0.002262,172.31.40.0-255,66,122268,73,246641
12193,0.002279,74.125.24.0-255,2902,125170,73,246641
12194,0.002283,172.31.40.0-255,66,125236,73,246641
12195,0.002296,172.31.40.0-255,66,125302,73,246641
12196,0.004697,74.125.24.0-255,5738,131040,73,246641
12197,0.004704,172.31.40.0-255,66,131106,73,246641
12198,0.007072,74.125.24.0-255,5738,136844,73,246641
12199,0.007079,172.31.40.0-255,66,136910,73,246641
12200,0.009437,74.125.24.0-255,5738,142648,73,246641
12201,0.009444,172.31.40.0-255,66,142714,73,246641
12202,0.011776,74.125.24.0-255,5738,148452,73,246641
12203,0.011784,172.31.40.0-255,66,148518,73,246641
12204,0.014123,74.125.24.0-255,5738,154256,73,246641
12205,0.014132,172.31.40.0-255,66,154322,73,246641
12206,0.016525,74.125.24.0-255,5738,160060,73,246641
12207,0.016533,172.31.40.0-255,66,160126,73,246641
12208,0.018965,74.125.24.0-255,5738,165864,73,246641
12209,0.018975,172.31.40.0-255,66,165930,73,246641
12210,0.021315,74.125.24.0-255,5738,171668,73,246641
12211,0.021324,172.31.40.0-255,66,171734,73,246641
12212,0.023648,74.125.24.0-255,5738,177472,73,246641
12213,0.023655,172.31.40.0-255,66,177538,73,246641
12214,0.026033,74.125.24.0-255,5738,183276,73,246641
12215,0.02604,172.31.40.0-255,66,183342,73,246641
12216,0.0284,74.125.24.0-255,5738,189080,73,246641
12217,0.028408,172.31.40.0-255,66,189146,73,246641
12218,0.030752,74.125.24.0-255,5738,194884,73,246641
12219,0.03076,172.31.40.0-255,66,194950,73,246641
12220,0.030854,172.31.40.0-255,172,195122,73,246641
12221,0.03088,172.31.40.0-255,1115,196237,73,246641
12222,0.031008,172.31.40.0-255,1514,197751,73,246641
12223,0.03101,172.31.40.0-255,1514,199265,73,246641
12224,0.031011,172.31.40.0-255,680,199945,73,246641
12225,0.032431,104.244.42.0-255,66,200011,73,246641
12226,0.032501,104.244.42.0-255,66,200077,73,246641
12227,0.032583,104.244.42.0-255,66,200143,73,246641
12228,0.032595,104.244.42.0-255,66,200209,73,246641
12229,0.03311,74.125.24.0-255,5738,205947,73,246641
12230,0.033115,172.31.40.0-255,66,206013,73,246641
12231,0.035483,74.125.24.0-255,5738,211751,73,246641
12232,0.03549,172.31.40.0-255,66,211817,73,246641
12233,0.037861,74.125.24.0-255,5738,217555,73,246641
12234,0.037877,172.31.40.0-255,66,217621,73,246641
12235,0.040233,74.125.24.0-255,5738,223359,73,246641
12236,0.040248,172.31.40.0-255,66,223425,73,246641
12237,0.042597,74.125.24.0-255,5738,229163,73,246641
12238,0.042613,172.31.40.0-255,66,229229,73,246641
12239,0.044951,74.125.24.0-255,5738,234967,73,246641
12240,0.044963,172.31.40.0-255,66,235033,73,246641
12241,0.047369,74.125.24.0-255,5738,240771,73,246641
12242,0.047386,172.31.40.0-255,66,240837,73,246641
12243,0.049739,74.125.24.0-255,5738,246575,73,246641
12244,0.049757,172.31.40.0-255,66,246641,73,246641
12245,0.0,172.217.27.0-255,152,152,73,308823
12246,1.8e-05,172.31.40.0-255,66,218,73,308823
12247,2.5e-05,172.217.27.0-255,1484,1702,73,308823
12248,2.9e-05,172.31.40.0-255,66,1768,73,308823
12249,3.5e-05,172.217.27.0-255,2902,4670,73,308823
12250,3.8e-05,172.31.40.0-255,66,4736,73,308823
12251,4.1e-05,172.217.27.0-255,1484,6220,73,308823
12252,4.4e-05,172.31.40.0-255,66,6286,73,308823
12253,4.9e-05,172.217.27.0-255,2902,9188,73,308823
12254,5.2e-05,172.31.40.0-255,66,9254,73,308823
12255,7.8e-05,172.217.27.0-255,6381,15635,73,308823
12256,8.2e-05,172.31.40.0-255,66,15701,73,308823
12257,8.6e-05,172.217.27.0-255,2902,18603,73,308823
12258,8.8e-05,172.31.40.0-255,66,18669,73,308823
12259,9.3e-05,172.217.27.0-255,4320,22989,73,308823
12260,9.6e-05,172.31.40.0-255,66,23055,73,308823
12261,0.000136,172.217.27.0-255,5738,28793,73,308823
12262,0.00014,172.31.40.0-255,66,28859,73,308823
12263,0.000157,172.217.27.0-255,2543,31402,73,308823
12264,0.00016,172.31.40.0-255,66,31468,73,308823
12265,0.00022,172.217.27.0-255,1484,32952,73,308823
12266,0.000223,172.31.40.0-255,66,33018,73,308823
12267,0.000226,172.217.27.0-255,1484,34502,73,308823
12268,0.000228,172.31.40.0-255,66,34568,73,308823
12269,0.000231,172.217.27.0-255,1484,36052,73,308823
12270,0.000233,172.31.40.0-255,66,36118,73,308823
12271,0.000254,172.217.27.0-255,1484,37602,73,308823
12272,0.000257,172.31.40.0-255,66,37668,73,308823
12273,0.000263,172.217.27.0-255,5738,43406,73,308823
12274,0.000265,172.31.40.0-255,66,43472,73,308823
12275,0.000302,172.31.40.0-255,66,43538,73,308823
12276,0.000313,172.31.40.0-255,66,43604,73,308823
12277,0.000677,172.217.27.0-255,116,43720,73,308823
12278,0.000809,172.217.27.0-255,1484,45204,73,308823
12279,0.000814,172.31.40.0-255,66,45270,73,308823
12280,0.000819,172.217.27.0-255,2902,48172,73,308823
12281,0.000821,172.31.40.0-255,66,48238,73,308823
12282,0.000825,172.217.27.0-255,1484,49722,73,308823
12283,0.000846,172.217.27.0-255,4320,54042,73,308823
12284,0.000848,172.31.40.0-255,66,54108,73,308823
12285,0.000878,172.217.27.0-255,4320,58428,73,308823
12286,0.000881,172.31.40.0-255,66,58494,73,308823
12287,0.000899,172.217.27.0-255,2543,61037,73,308823
12288,0.000902,172.31.40.0-255,66,61103,73,308823
12289,0.000908,172.217.27.0-255,7156,68259,73,308823
12290,0.000911,172.31.40.0-255,66,68325,73,308823
12291,0.000923,172.31.40.0-255,66,68391,73,308823
12292,0.001178,172.217.27.0-255,1484,69875,73,308823
12293,0.001185,172.217.27.0-255,2902,72777,73,308823
12294,0.001188,172.31.40.0-255,66,72843,73,308823
12295,0.001194,172.217.27.0-255,2902,75745,73,308823
12296,0.001196,172.31.40.0-255,66,75811,73,308823
12297,0.001201,172.217.27.0-255,2902,78713,73,308823
12298,0.001203,172.31.40.0-255,66,78779,73,308823
12299,0.001223,172.217.27.0-255,1484,80263,73,308823
12300,0.001235,172.31.40.0-255,66,80329,73,308823
12301,0.00126,172.31.40.0-255,66,80395,73,308823
12302,0.001274,172.217.27.0-255,5020,85415,73,308823
12303,0.001278,172.31.40.0-255,66,85481,73,308823
12304,0.001313,172.217.27.0-255,1484,86965,73,308823
12305,0.001334,172.217.27.0-255,2902,89867,73,308823
12306,0.001337,172.31.40.0-255,66,89933,73,308823
12307,0.001344,172.217.27.0-255,5738,95671,73,308823
12308,0.001346,172.31.40.0-255,66,95737,73,308823
12309,0.001349,172.217.27.0-255,1484,97221,73,308823
12310,0.001374,172.217.27.0-255,1484,98705,73,308823
12311,0.001376,172.31.40.0-255,66,98771,73,308823
12312,0.001383,172.217.27.0-255,4320,103091,73,308823
12313,0.001385,172.31.40.0-255,66,103157,73,308823
12314,0.001396,172.31.40.0-255,66,103223,73,308823
12315,0.0014,172.217.27.0-255,2902,106125,73,308823
12316,0.001402,172.31.40.0-255,66,106191,73,308823
12317,0.001423,172.217.27.0-255,5020,111211,73,308823
12318,0.001426,172.31.40.0-255,66,111277,73,308823
12319,0.001542,172.217.27.0-255,1484,112761,73,308823
12320,0.001547,172.217.27.0-255,2902,115663,73,308823
12321,0.00155,172.31.40.0-255,66,115729,73,308823
12322,0.001575,172.217.27.0-255,5738,121467,73,308823
12323,0.001578,172.31.40.0-255,66,121533,73,308823
12324,0.001585,172.217.27.0-255,5738,127271,73,308823
12325,0.001587,172.31.40.0-255,66,127337,73,308823
12326,0.001607,172.217.27.0-255,7156,134493,73,308823
12327,0.001609,172.31.40.0-255,66,134559,73,308823
12328,0.001621,172.31.40.0-255,66,134625,73,308823
12329,0.002037,172.31.40.0-255,101,134726,73,308823
12330,0.00326,172.217.27.0-255,5738,140464,73,308823
12331,0.003268,172.31.40.0-255,66,140530,73,308823
12332,0.003623,172.217.27.0-255,66,140596,73,308823
12333,0.0049,172.217.27.0-255,4320,144916,73,308823
12334,0.004904,172.31.40.0-255,66,144982,73,308823
12335,0.004921,172.217.27.0-255,1484,146466,73,308823
12336,0.006527,172.217.27.0-255,4320,150786,73,308823
12337,0.006531,172.31.40.0-255,66,150852,73,308823
12338,0.008155,172.217.27.0-255,5738,156590,73,308823
12339,0.00816,172.31.40.0-255,66,156656,73,308823
12340,0.009813,172.217.27.0-255,5738,162394,73,308823
12341,0.00982,172.31.40.0-255,66,162460,73,308823
12342,0.011446,172.217.27.0-255,4320,166780,73,308823
12343,0.011455,172.31.40.0-255,66,166846,73,308823
12344,0.011469,172.217.27.0-255,1484,168330,73,308823
12345,0.013084,172.217.27.0-255,4320,172650,73,308823
12346,0.013091,172.31.40.0-255,66,172716,73,308823
12347,0.014725,172.217.27.0-255,5738,178454,73,308823
12348,0.014733,172.31.40.0-255,66,178520,73,308823
12349,0.016382,172.217.27.0-255,5738,184258,73,308823
12350,0.016389,172.31.40.0-255,66,184324,73,308823
12351,0.018039,172.217.27.0-255,5738,190062,73,308823
12352,0.018046,172.31.40.0-255,66,190128,73,308823
12353,0.019675,172.217.27.0-255,5738,195866,73,308823
12354,0.019681,172.31.40.0-255,66,195932,73,308823
12355,0.021306,172.217.27.0-255,5738,201670,73,308823
12356,0.021313,172.31.40.0-255,66,201736,73,308823
12357,0.022948,172.217.27.0-255,5738,207474,73,308823
12358,0.022955,172.31.40.0-255,66,207540,73,308823
12359,0.024591,172.217.27.0-255,5738,213278,73,308823
12360,0.024598,172.31.40.0-255,66,213344,73,308823
12361,0.026259,172.217.27.0-255,5738,219082,73,308823
12362,0.026265,172.31.40.0-255,66,219148,73,308823
12363,0.027895,172.217.27.0-255,5738,224886,73,308823
12364,0.027903,172.31.40.0-255,66,224952,73,308823
12365,0.029535,172.217.27.0-255,5738,230690,73,308823
12366,0.02954,172.31.40.0-255,66,230756,73,308823
12367,0.030606,172.31.40.0-255,172,230928,73,308823
12368,0.030637,172.31.40.0-255,1110,232038,73,308823
12369,0.0307,172.31.40.0-255,1514,233552,73,308823
12370,0.030702,172.31.40.0-255,1514,235066,73,308823
12371,0.030703,172.31.40.0-255,1514,236580,73,308823
12372,0.030705,172.31.40.0-255,1514,238094,73,308823
12373,0.030731,172.31.40.0-255,817,238911,73,308823
12374,0.031175,172.217.27.0-255,5738,244649,73,308823
12375,0.031182,172.31.40.0-255,66,244715,73,308823
12376,0.032176,104.244.42.0-255,66,244781,73,308823
12377,0.032206,104.244.42.0-255,66,244847,73,308823
12378,0.032265,104.244.42.0-255,66,244913,73,308823
12379,0.032279,104.244.42.0-255,66,244979,73,308823
12380,0.032809,172.217.27.0-255,5738,250717,73,308823
12381,0.032814,172.31.40.0-255,66,250783,73,308823
12382,0.03446,172.217.27.0-255,5738,256521,73,308823
12383,0.034467,172.31.40.0-255,66,256587,73,308823
12384,0.0361,172.217.27.0-255,5738,262325,73,308823
12385,0.036106,172.31.40.0-255,66,262391,73,308823
12386,0.037745,172.217.27.0-255,5738,268129,73,308823
12387,0.037752,172.31.40.0-255,66,268195,73,308823
12388,0.039387,172.217.27.0-255,5738,273933,73,308823
12389,0.039393,172.31.40.0-255,66,273999,73,308823
12390,0.041025,172.217.27.0-255,5738,279737,73,308823
12391,0.041031,172.31.40.0-255,66,279803,73,308823
12392,0.042667,172.217.27.0-255,5738,285541,73,308823
12393,0.042674,172.31.40.0-255,66,285607,73,308823
12394,0.044314,172.217.27.0-255,5738,291345,73,308823
12395,0.04432,172.31.40.0-255,66,291411,73,308823
12396,0.045955,172.217.27.0-255,5738,297149,73,308823
12397,0.045962,172.31.40.0-255,66,297215,73,308823
12398,0.047594,172.217.27.0-255,5738,302953,73,308823
12399,0.0476,172.31.40.0-255,66,303019,73,308823
12400,0.049232,172.217.27.0-255,5738,308757,73,308823
12401,0.049237,172.31.40.0-255,66,308823,73,308823
12402,0.0,172.31.40.0-255,105,105,73,459
12403,0.00026,172.31.40.0-255,90,195,73,459
12404,0.000271,172.31.40.0-255,66,261,73,459
12405,0.001899,172.217.27.0-255,66,327,73,459
12406,0.001932,172.217.27.0-255,66,393,73,459
12407,0.001954,172.31.40.0-255,66,459,73,459
12408,0.0,74.125.130.0-255,150,150,73,213720
12409,2.4e-05,172.31.40.0-255,66,216,73,213720
12410,3.2e-05,74.125.130.0-255,1484,1700,73,213720
12411,3.7e-05,172.31.40.0-255,66,1766,73,213720
12412,4.3e-05,74.125.130.0-255,2902,4668,73,213720
12413,4.7e-05,172.31.40.0-255,66,4734,73,213720
12414,7e-05,74.125.130.0-255,5738,10472,73,213720
12415,7.3e-05,172.31.40.0-255,66,10538,73,213720
12416,9.5e-05,74.125.130.0-255,1484,12022,73,213720
12417,9.8e-05,172.31.40.0-255,66,12088,73,213720
12418,0.000192,74.125.130.0-255,2119,14207,73,213720
12419,0.000195,172.31.40.0-255,66,14273,73,213720
12420,0.000437,74.125.130.0-255,1484,15757,73,213720
12421,0.000444,172.31.40.0-255,66,15823,73,213720
12422,0.000449,74.125.130.0-255,2902,18725,73,213720
12423,0.000451,172.31.40.0-255,66,18791,73,213720
12424,0.000483,74.125.130.0-255,1484,20275,73,213720
12425,0.000485,172.31.40.0-255,66,20341,73,213720
12426,0.000515,74.125.130.0-255,2902,23243,73,213720
12427,0.000518,172.31.40.0-255,66,23309,73,213720
12428,0.000556,74.125.130.0-255,1484,24793,73,213720
12429,0.00056,172.31.40.0-255,66,24859,73,213720
12430,0.000575,74.125.130.0-255,4320,29179,73,213720
12431,0.000578,172.31.40.0-255,66,29245,73,213720
12432,0.000661,74.125.130.0-255,2543,31788,73,213720
12433,0.000665,172.31.40.0-255,66,31854,73,213720
12434,0.000749,74.125.130.0-255,1484,33338,73,213720
12435,0.000753,172.31.40.0-255,66,33404,73,213720
12436,0.000757,74.125.130.0-255,2902,36306,73,213720
12437,0.00076,172.31.40.0-255,66,36372,73,213720
12438,0.0008,74.125.130.0-255,4320,40692,73,213720
12439,0.000803,172.31.40.0-255,66,40758,73,213720
12440,0.000878,74.125.130.0-255,7156,47914,73,213720
12441,0.000888,172.31.40.0-255,66,47980,73,213720
12442,0.000897,74.125.130.0-255,2543,50523,73,213720
12443,0.000901,172.31.40.0-255,66,50589,73,213720
12444,0.00105,74.125.130.0-255,2902,53491,73,213720
12445,0.001054,172.31.40.0-255,66,53557,73,213720
12446,0.001096,74.125.130.0-255,7156,60713,73,213720
12447,0.001117,74.125.130.0-255,5690,66403,73,213720
12448,0.001122,172.31.40.0-255,66,66469,73,213720
12449,0.001296,74.125.130.0-255,366,66835,73,213720
12450,0.001322,74.125.130.0-255,7156,73991,73,213720
12451,0.001326,172.31.40.0-255,66,74057,73,213720
12452,0.001577,74.125.130.0-255,1125,75182,73,213720
12453,0.001611,74.125.130.0-255,7156,82338,73,213720
12454,0.001928,74.125.130.0-255,4320,86658,73,213720
12455,0.002239,74.125.130.0-255,5738,92396,73,213720
12456,0.00248,74.125.130.0-255,5738,98134,73,213720
12457,0.002519,74.125.130.0-255,1484,99618,73,213720
12458,0.002753,74.125.130.0-255,4320,103938,73,213720
12459,0.005587,172.31.40.0-255,66,104004,73,213720
12460,0.007694,74.125.130.0-255,5738,109742,73,213720
12461,0.0077,172.31.40.0-255,66,109808,73,213720
12462,0.009838,74.125.130.0-255,1484,111292,73,213720
12463,0.009863,74.125.130.0-255,4320,115612,73,213720
12464,0.009868,172.31.40.0-255,66,115678,73,213720
12465,0.011973,74.125.130.0-255,5738,121416,73,213720
12466,0.013133,172.31.40.0-255,66,121482,73,213720
12467,0.015251,74.125.130.0-255,5738,127220,73,213720
12468,0.015258,172.31.40.0-255,66,127286,73,213720
12469,0.017362,74.125.130.0-255,5738,133024,73,213720
12470,0.017368,172.31.40.0-255,66,133090,73,213720
12471,0.019478,74.125.130.0-255,5738,138828,73,213720
12472,0.019485,172.31.40.0-255,66,138894,73,213720
12473,0.021594,74.125.130.0-255,4320,143214,73,213720
12474,0.021602,172.31.40.0-255,66,143280,73,213720
12475,0.02162,74.125.130.0-255,1484,144764,73,213720
12476,0.023711,74.125.130.0-255,1484,146248,73,213720
12477,0.023718,172.31.40.0-255,66,146314,73,213720
12478,0.023735,74.125.130.0-255,2902,149216,73,213720
12479,0.023762,172.31.40.0-255,66,149282,73,213720
12480,0.02582,74.125.130.0-255,2902,152184,73,213720
12481,0.025828,172.31.40.0-255,66,152250,73,213720
12482,0.025853,74.125.130.0-255,1484,153734,73,213720
12483,0.025872,74.125.130.0-255,1484,155218,73,213720
12484,0.025885,172.31.40.0-255,66,155284,73,213720
12485,0.027942,74.125.130.0-255,2902,158186,73,213720
12486,0.027949,172.31.40.0-255,66,158252,73,213720
12487,0.02797,74.125.130.0-255,2902,161154,73,213720
12488,0.028013,172.31.40.0-255,66,161220,73,213720
12489,0.03005,74.125.130.0-255,2902,164122,73,213720
12490,0.030056,172.31.40.0-255,66,164188,73,213720
12491,0.030098,74.125.130.0-255,2902,167090,73,213720
12492,0.030126,172.31.40.0-255,66,167156,73,213720
12493,0.032165,74.125.130.0-255,1484,168640,73,213720
12494,0.032222,74.125.130.0-255,4320,172960,73,213720
12495,0.032253,172.31.40.0-255,66,173026,73,213720
12496,0.034357,74.125.130.0-255,5738,178764,73,213720
12497,0.034364,172.31.40.0-255,66,178830,73,213720
12498,0.036467,74.125.130.0-255,4320,183150,73,213720
12499,0.036485,74.125.130.0-255,1484,184634,73,213720
12500,0.036933,172.31.40.0-255,66,184700,73,213720
12501,0.039084,74.125.130.0-255,5738,190438,73,213720
12502,0.040548,172.31.40.0-255,66,190504,73,213720
12503,0.042659,74.125.130.0-255,5738,196242,73,213720
12504,0.042671,172.31.40.0-255,66,196308,73,213720
12505,0.044788,74.125.130.0-255,5738,202046,73,213720
12506,0.044795,172.31.40.0-255,66,202112,73,213720
12507,0.046897,74.125.130.0-255,5738,207850,73,213720
12508,0.046905,172.31.40.0-255,66,207916,73,213720
12509,0.049069,74.125.130.0-255,5738,213654,73,213720
12510,0.049077,172.31.40.0-255,66,213720,73,213720
12511,0.0,172.217.194.0-255,143,143,73,240797
12512,1.7e-05,172.31.40.0-255,66,209,73,240797
12513,2.3e-05,172.217.194.0-255,1484,1693,73,240797
12514,2.7e-05,172.31.40.0-255,66,1759,73,240797
12515,3.2e-05,172.217.194.0-255,2902,4661,73,240797
12516,3.5e-05,172.31.40.0-255,66,4727,73,240797
12517,4.7e-05,172.217.194.0-255,4320,9047,73,240797
12518,5e-05,172.31.40.0-255,66,9113,73,240797
12519,6.8e-05,172.217.194.0-255,2902,12015,73,240797
12520,7.1e-05,172.31.40.0-255,66,12081,73,240797
12521,8e-05,172.217.194.0-255,3486,15567,73,240797
12522,8.2e-05,172.31.40.0-255,66,15633,73,240797
12523,0.000106,172.31.40.0-255,66,15699,73,240797
12524,0.000133,172.217.194.0-255,2902,18601,73,240797
12525,0.000135,172.31.40.0-255,66,18667,73,240797
12526,0.000139,172.217.194.0-255,2543,21210,73,240797
12527,0.000141,172.31.40.0-255,66,21276,73,240797
12528,0.000301,172.217.194.0-255,1484,22760,73,240797
12529,0.000306,172.31.40.0-255,66,22826,73,240797
12530,0.000311,172.217.194.0-255,1484,24310,73,240797
12531,0.000313,172.31.40.0-255,66,24376,73,240797
12532,0.000339,172.217.194.0-255,2902,27278,73,240797
12533,0.000342,172.31.40.0-255,66,27344,73,240797
12534,0.000349,172.217.194.0-255,5738,33082,73,240797
12535,0.000352,172.31.40.0-255,66,33148,73,240797
12536,0.000383,172.31.40.0-255,66,33214,73,240797
12537,0.000388,172.217.194.0-255,4320,37534,73,240797
12538,0.00039,172.31.40.0-255,66,37600,73,240797
12539,0.000423,172.217.194.0-255,5738,43338,73,240797
12540,0.000427,172.31.40.0-255,66,43404,73,240797
12541,0.000431,172.217.194.0-255,3602,47006,73,240797
12542,0.000434,172.31.40.0-255,66,47072,73,240797
12543,0.00046,172.217.194.0-255,342,47414,73,240797
12544,0.00082,172.217.194.0-255,402,47816,73,240797
12545,0.000972,172.217.194.0-255,1484,49300,73,240797
12546,0.00098,172.31.40.0-255,66,49366,73,240797
12547,0.000994,172.217.194.0-255,2902,52268,73,240797
12548,0.001001,172.31.40.0-255,66,52334,73,240797
12549,0.001008,172.217.194.0-255,5738,58072,73,240797
12550,0.00101,172.31.40.0-255,66,58138,73,240797
12551,0.001014,172.217.194.0-255,1484,59622,73,240797
12552,0.001059,172.31.40.0-255,66,59688,73,240797
12553,0.001065,172.217.194.0-255,5738,65426,73,240797
12554,0.001067,172.31.40.0-255,66,65492,73,240797
12555,0.001118,172.217.194.0-255,5020,70512,73,240797
12556,0.001122,172.31.40.0-255,66,70578,73,240797
12557,0.001702,172.217.194.0-255,1484,72062,73,240797
12558,0.001713,172.217.194.0-255,2902,74964,73,240797
12559,0.001719,172.31.40.0-255,66,75030,73,240797
12560,0.001726,172.217.194.0-255,5738,80768,73,240797
12561,0.001729,172.31.40.0-255,66,80834,73,240797
12562,0.001765,172.31.40.0-255,66,80900,73,240797
12563,0.001769,172.217.194.0-255,1484,82384,73,240797
12564,0.001804,172.217.194.0-255,5738,88122,73,240797
12565,0.001806,172.31.40.0-255,66,88188,73,240797
12566,0.001833,172.217.194.0-255,3602,91790,73,240797
12567,0.001836,172.31.40.0-255,66,91856,73,240797
12568,0.00184,172.217.194.0-255,1484,93340,73,240797
12569,0.001844,172.217.194.0-255,2902,96242,73,240797
12570,0.001847,172.31.40.0-255,66,96308,73,240797
12571,0.001878,172.217.194.0-255,5738,102046,73,240797
12572,0.00188,172.31.40.0-255,66,102112,73,240797
12573,0.001885,172.217.194.0-255,2902,105014,73,240797
12574,0.001887,172.31.40.0-255,66,105080,73,240797
12575,0.001915,172.31.40.0-255,66,105146,73,240797
12576,0.001926,172.31.40.0-255,66,105212,73,240797
12577,0.001958,172.217.194.0-255,2184,107396,73,240797
12578,0.001961,172.31.40.0-255,66,107462,73,240797
12579,0.002002,172.217.194.0-255,1484,108946,73,240797
12580,0.002022,172.217.194.0-255,2902,111848,73,240797
12581,0.002025,172.31.40.0-255,66,111914,73,240797
12582,0.002032,172.217.194.0-255,5738,117652,73,240797
12583,0.002034,172.31.40.0-255,66,117718,73,240797
12584,0.002082,172.31.40.0-255,66,117784,73,240797
12585,0.002085,172.217.194.0-255,1484,119268,73,240797
12586,0.002116,172.31.40.0-255,66,119334,73,240797
12587,0.004404,172.217.194.0-255,5738,125072,73,240797
12588,0.004413,172.31.40.0-255,66,125138,73,240797
12589,0.006709,172.217.194.0-255,5738,130876,73,240797
12590,0.006712,172.31.40.0-255,66,130942,73,240797
12591,0.009017,172.217.194.0-255,5738,136680,73,240797
12592,0.009023,172.31.40.0-255,66,136746,73,240797
12593,0.011282,172.217.194.0-255,5738,142484,73,240797
12594,0.011289,172.31.40.0-255,66,142550,73,240797
12595,0.01359,172.217.194.0-255,5738,148288,73,240797
12596,0.0136,172.31.40.0-255,66,148354,73,240797
12597,0.015911,172.217.194.0-255,5738,154092,73,240797
12598,0.015919,172.31.40.0-255,66,154158,73,240797
12599,0.018223,172.217.194.0-255,5738,159896,73,240797
12600,0.018231,172.31.40.0-255,66,159962,73,240797
12601,0.020494,172.217.194.0-255,5738,165700,73,240797
12602,0.020502,172.31.40.0-255,66,165766,73,240797
12603,0.022813,172.217.194.0-255,5738,171504,73,240797
12604,0.02282,172.31.40.0-255,66,171570,73,240797
12605,0.025143,172.217.194.0-255,5738,177308,73,240797
12606,0.025162,172.31.40.0-255,66,177374,73,240797
12607,0.027481,172.217.194.0-255,5738,183112,73,240797
12608,0.027497,172.31.40.0-255,66,183178,73,240797
12609,0.029798,172.217.194.0-255,5738,188916,73,240797
12610,0.029813,172.31.40.0-255,66,188982,73,240797
12611,0.032146,172.217.194.0-255,5738,194720,73,240797
12612,0.032162,172.31.40.0-255,66,194786,73,240797
12613,0.034498,172.217.194.0-255,5738,200524,73,240797
12614,0.034506,172.31.40.0-255,66,200590,73,240797
12615,0.036805,172.217.194.0-255,5738,206328,73,240797
12616,0.03682,172.31.40.0-255,66,206394,73,240797
12617,0.0391,172.217.194.0-255,5738,212132,73,240797
12618,0.039108,172.31.40.0-255,66,212198,73,240797
12619,0.041493,172.217.194.0-255,5738,217936,73,240797
12620,0.041518,172.31.40.0-255,66,218002,73,240797
12621,0.043045,172.31.40.0-255,294,218296,73,240797
12622,0.043076,172.31.40.0-255,1115,219411,73,240797
12623,0.043141,172.31.40.0-255,1514,220925,73,240797
12624,0.043143,172.31.40.0-255,1514,222439,73,240797
12625,0.043145,172.31.40.0-255,682,223121,73,240797
12626,0.043826,172.217.194.0-255,5738,228859,73,240797
12627,0.043833,172.31.40.0-255,66,228925,73,240797
12628,0.044596,104.244.42.0-255,66,228991,73,240797
12629,0.044614,104.244.42.0-255,66,229057,73,240797
12630,0.044717,104.244.42.0-255,66,229123,73,240797
12631,0.044723,104.244.42.0-255,66,229189,73,240797
12632,0.046132,172.217.194.0-255,5738,234927,73,240797
12633,0.046145,172.31.40.0-255,66,234993,73,240797
12634,0.048457,172.217.194.0-255,5738,240731,73,240797
12635,0.048473,172.31.40.0-255,66,240797,73,240797
12636,0.0,172.217.194.0-255,152,152,73,223450
12637,2.2e-05,172.31.40.0-255,66,218,73,223450
12638,2.9e-05,172.217.194.0-255,1484,1702,73,223450
12639,3.3e-05,172.31.40.0-255,66,1768,73,223450
12640,4.7e-05,172.217.194.0-255,2902,4670,73,223450
12641,5.1e-05,172.31.40.0-255,66,4736,73,223450
12642,5.5e-05,172.217.194.0-255,2902,7638,73,223450
12643,5.9e-05,172.31.40.0-255,66,7704,73,223450
12644,8.4e-05,172.217.194.0-255,2902,10606,73,223450
12645,8.8e-05,172.31.40.0-255,66,10672,73,223450
12646,0.000117,172.217.194.0-255,3386,14058,73,223450
12647,0.00012,172.31.40.0-255,66,14124,73,223450
12648,0.000163,172.217.194.0-255,1484,15608,73,223450
12649,0.000166,172.31.40.0-255,66,15674,73,223450
12650,0.00019,172.217.194.0-255,2902,18576,73,223450
12651,0.000193,172.31.40.0-255,66,18642,73,223450
12652,0.000209,172.217.194.0-255,5738,24380,73,223450
12653,0.000211,172.31.40.0-255,66,24446,73,223450
12654,0.000224,172.217.194.0-255,2902,27348,73,223450
12655,0.000226,172.31.40.0-255,66,27414,73,223450
12656,0.000271,172.31.40.0-255,66,27480,73,223450
12657,0.000279,172.217.194.0-255,7156,34636,73,223450
12658,0.000281,172.31.40.0-255,66,34702,73,223450
12659,0.000318,172.31.40.0-255,66,34768,73,223450
12660,0.00035,172.31.40.0-255,66,34834,73,223450
12661,0.000622,172.217.194.0-255,340,35174,73,223450
12662,0.000628,172.31.40.0-255,66,35240,73,223450
12663,0.000838,172.217.194.0-255,115,35355,73,223450
12664,0.000844,172.31.40.0-255,66,35421,73,223450
12665,0.000874,172.217.194.0-255,1484,36905,73,223450
12666,0.000907,172.217.194.0-255,2902,39807,73,223450
12667,0.000911,172.31.40.0-255,66,39873,73,223450
12668,0.000943,172.217.194.0-255,4320,44193,73,223450
12669,0.000945,172.31.40.0-255,66,44259,73,223450
12670,0.000949,172.217.194.0-255,1484,45743,73,223450
12671,0.000976,172.217.194.0-255,7156,52899,73,223450
12672,0.000978,172.31.40.0-255,66,52965,73,223450
12673,0.000982,172.217.194.0-255,1484,54449,73,223450
12674,0.001015,172.31.40.0-255,66,54515,73,223450
12675,0.001023,172.217.194.0-255,6438,60953,73,223450
12676,0.001025,172.31.40.0-255,66,61019,73,223450
12677,0.001137,172.217.194.0-255,1484,62503,73,223450
12678,0.001153,172.217.194.0-255,2902,65405,73,223450
12679,0.001157,172.31.40.0-255,66,65471,73,223450
12680,0.001164,172.217.194.0-255,5738,71209,73,223450
12681,0.001166,172.31.40.0-255,66,71275,73,223450
12682,0.00122,172.217.194.0-255,5738,77013,73,223450
12683,0.001224,172.31.40.0-255,66,77079,73,223450
12684,0.001253,172.217.194.0-255,7156,84235,73,223450
12685,0.001256,172.31.40.0-255,66,84301,73,223450
12686,0.001268,172.31.40.0-255,66,84367,73,223450
12687,0.001289,172.31.40.0-255,66,84433,73,223450
12688,0.001331,172.31.40.0-255,66,84499,73,223450
12689,0.001342,172.31.40.0-255,66,84565,73,223450
12690,0.001387,172.31.40.0-255,66,84631,73,223450
12691,0.001398,172.31.40.0-255,66,84697,73,223450
12692,0.001428,172.217.194.0-255,7156,91853,73,223450
12693,0.00143,172.31.40.0-255,66,91919,73,223450
12694,0.001433,172.217.194.0-255,1484,93403,73,223450
12695,0.00146,172.217.194.0-255,3602,97005,73,223450
12696,0.001463,172.31.40.0-255,66,97071,73,223450
12697,0.001469,172.217.194.0-255,5738,102809,73,223450
12698,0.001471,172.31.40.0-255,66,102875,73,223450
12699,0.001483,172.217.194.0-255,7156,110031,73,223450
12700,0.001486,172.31.40.0-255,66,110097,73,223450
12701,0.001496,172.31.40.0-255,66,110163,73,223450
12702,0.001546,172.31.40.0-255,66,110229,73,223450
12703,0.001634,172.217.194.0-255,1484,111713,73,223450
12704,0.001664,172.217.194.0-255,2902,114615,73,223450
12705,0.001667,172.31.40.0-255,66,114681,73,223450
12706,0.001672,172.217.194.0-255,2902,117583,73,223450
12707,0.001674,172.31.40.0-255,66,117649,73,223450
12708,0.001698,172.217.194.0-255,2902,120551,73,223450
12709,0.001701,172.31.40.0-255,66,120617,73,223450
12710,0.001708,172.217.194.0-255,7156,127773,73,223450
12711,0.00171,172.31.40.0-255,66,127839,73,223450
12712,0.001754,172.217.194.0-255,5738,133577,73,223450
12713,0.001758,172.31.40.0-255,66,133643,73,223450
12714,0.001769,172.31.40.0-255,66,133709,73,223450
12715,0.00178,172.217.194.0-255,5020,138729,73,223450
12716,0.001782,172.31.40.0-255,66,138795,73,223450
12717,0.001788,172.217.194.0-255,5738,144533,73,223450
12718,0.00179,172.31.40.0-255,66,144599,73,223450
12719,0.001824,172.217.194.0-255,7156,151755,73,223450
12720,0.001828,172.31.40.0-255,66,151821,73,223450
12721,0.00186,172.217.194.0-255,5738,157559,73,223450
12722,0.001863,172.31.40.0-255,66,157625,73,223450
12723,0.001865,172.217.194.0-255,1484,159109,73,223450
12724,0.001906,172.217.194.0-255,7156,166265,73,223450
12725,0.001908,172.31.40.0-255,66,166331,73,223450
12726,0.001932,172.217.194.0-255,2184,168515,73,223450
12727,0.001934,172.31.40.0-255,66,168581,73,223450
12728,0.001945,172.31.40.0-255,66,168647,73,223450
12729,0.001956,172.31.40.0-255,66,168713,73,223450
12730,0.001992,172.31.40.0-255,66,168779,73,223450
12731,0.001999,172.217.194.0-255,5738,174517,73,223450
12732,0.002001,172.31.40.0-255,66,174583,73,223450
12733,0.00203,172.217.194.0-255,7156,181739,73,223450
12734,0.002033,172.31.40.0-255,66,181805,73,223450
12735,0.002039,172.217.194.0-255,7156,188961,73,223450
12736,0.002057,172.31.40.0-255,66,189027,73,223450
12737,0.002081,172.217.194.0-255,2902,191929,73,223450
12738,0.002084,172.31.40.0-255,66,191995,73,223450
12739,0.002094,172.31.40.0-255,66,192061,73,223450
12740,0.002132,172.31.40.0-255,66,192127,73,223450
12741,0.002145,172.217.194.0-255,1484,193611,73,223450
12742,0.002158,172.31.40.0-255,66,193677,73,223450
12743,0.002185,172.217.194.0-255,4320,197997,73,223450
12744,0.002188,172.31.40.0-255,66,198063,73,223450
12745,0.002198,172.31.40.0-255,66,198129,73,223450
12746,0.002242,172.217.194.0-255,5738,203867,73,223450
12747,0.002246,172.31.40.0-255,66,203933,73,223450
12748,0.002252,172.217.194.0-255,7156,211089,73,223450
12749,0.002254,172.31.40.0-255,66,211155,73,223450
12750,0.00227,172.217.194.0-255,2902,214057,73,223450
12751,0.002272,172.31.40.0-255,66,214123,73,223450
12752,0.00229,172.217.194.0-255,2771,216894,73,223450
12753,0.002292,172.217.194.0-255,97,216991,73,223450
12754,0.002295,172.31.40.0-255,66,217057,73,223450
12755,0.002354,172.217.194.0-255,105,217162,73,223450
12756,0.002502,172.31.40.0-255,101,217263,73,223450
12757,0.005145,172.217.194.0-255,66,217329,73,223450
12758,0.020064,172.31.40.0-255,105,217434,73,223450
12759,0.022725,172.217.194.0-255,66,217500,73,223450
12760,0.04741,172.31.40.0-255,172,217672,73,223450
12761,0.047448,172.31.40.0-255,1114,218786,73,223450
12762,0.047547,172.31.40.0-255,1514,220300,73,223450
12763,0.047549,172.31.40.0-255,1514,221814,73,223450
12764,0.047553,172.31.40.0-255,1438,223252,73,223450
12765,0.048964,104.244.42.0-255,66,223318,73,223450
12766,0.049019,104.244.42.0-255,66,223384,73,223450
12767,0.049116,104.244.42.0-255,66,223450,73,223450
12768,0.0,74.125.68.0-255,153,153,73,355956
12769,1.6e-05,172.31.40.0-255,66,219,73,355956
12770,2.2e-05,74.125.68.0-255,1484,1703,73,355956
12771,2.8e-05,172.31.40.0-255,66,1769,73,355956
12772,3.3e-05,74.125.68.0-255,2902,4671,73,355956
12773,3.7e-05,172.31.40.0-255,66,4737,73,355956
12774,4e-05,74.125.68.0-255,1484,6221,73,355956
12775,4.2e-05,172.31.40.0-255,66,6287,73,355956
12776,6.5e-05,74.125.68.0-255,2902,9189,73,355956
12777,6.8e-05,172.31.40.0-255,66,9255,73,355956
12778,7.5e-05,74.125.68.0-255,4938,14193,73,355956
12779,7.7e-05,172.31.40.0-255,66,14259,73,355956
12780,0.000148,74.125.68.0-255,1484,15743,73,355956
12781,0.000151,172.31.40.0-255,66,15809,73,355956
12782,0.000156,74.125.68.0-255,2902,18711,73,355956
12783,0.000158,172.31.40.0-255,66,18777,73,355956
12784,0.000162,74.125.68.0-255,1484,20261,73,355956
12785,0.000164,172.31.40.0-255,66,20327,73,355956
12786,0.000188,74.125.68.0-255,4320,24647,73,355956
12787,0.00019,172.31.40.0-255,66,24713,73,355956
12788,0.000206,74.125.68.0-255,2902,27615,73,355956
12789,0.000208,172.31.40.0-255,66,27681,73,355956
12790,0.000231,74.125.68.0-255,3961,31642,73,355956
12791,0.000234,172.31.40.0-255,66,31708,73,355956
12792,0.000239,74.125.68.0-255,4320,36028,73,355956
12793,0.000242,172.31.40.0-255,66,36094,73,355956
12794,0.000257,74.125.68.0-255,2902,38996,73,355956
12795,0.000259,172.31.40.0-255,66,39062,73,355956
12796,0.000264,74.125.68.0-255,2902,41964,73,355956
12797,0.000266,172.31.40.0-255,66,42030,73,355956
12798,0.000304,74.125.68.0-255,5738,47768,73,355956
12799,0.000308,172.31.40.0-255,66,47834,73,355956
12800,0.000321,74.125.68.0-255,1125,48959,73,355956
12801,0.000348,74.125.68.0-255,5738,54697,73,355956
12802,0.000351,172.31.40.0-255,66,54763,73,355956
12803,0.000363,74.125.68.0-255,1484,56247,73,355956
12804,0.000368,74.125.68.0-255,2902,59149,73,355956
12805,0.00037,172.31.40.0-255,66,59215,73,355956
12806,0.000418,74.125.68.0-255,2902,62117,73,355956
12807,0.000421,172.31.40.0-255,66,62183,73,355956
12808,0.000439,74.125.68.0-255,3961,66144,73,355956
12809,0.000442,172.31.40.0-255,66,66210,73,355956
12810,0.000445,74.125.68.0-255,678,66888,73,355956
12811,0.000707,74.125.68.0-255,1484,68372,73,355956
12812,0.000715,172.31.40.0-255,66,68438,73,355956
12813,0.000718,74.125.68.0-255,1484,69922,73,355956
12814,0.000721,74.125.68.0-255,1484,71406,73,355956
12815,0.000724,172.31.40.0-255,66,71472,73,355956
12816,0.000736,74.125.68.0-255,1484,72956,73,355956
12817,0.000743,74.125.68.0-255,5738,78694,73,355956
12818,0.000746,172.31.40.0-255,66,78760,73,355956
12819,0.000768,74.125.68.0-255,2902,81662,73,355956
12820,0.000771,172.31.40.0-255,66,81728,73,355956
12821,0.000792,74.125.68.0-255,5738,87466,73,355956
12822,0.000795,172.31.40.0-255,66,87532,73,355956
12823,0.000807,172.31.40.0-255,66,87598,73,355956
12824,0.00081,74.125.68.0-255,1484,89082,73,355956
12825,0.000833,74.125.68.0-255,2184,91266,73,355956
12826,0.000931,172.31.40.0-255,66,91332,73,355956
12827,0.000942,74.125.68.0-255,1484,92816,73,355956
12828,0.000973,74.125.68.0-255,2902,95718,73,355956
12829,0.000985,172.31.40.0-255,66,95784,73,355956
12830,0.000995,74.125.68.0-255,4320,100104,73,355956
12831,0.001005,172.31.40.0-255,66,100170,73,355956
12832,0.001014,74.125.68.0-255,7156,107326,73,355956
12833,0.001025,74.125.68.0-255,1484,108810,73,355956
12834,0.001029,74.125.68.0-255,2902,111712,73,355956
12835,0.001049,172.31.40.0-255,66,111778,73,355956
12836,0.001065,74.125.68.0-255,2902,114680,73,355956
12837,0.001074,172.31.40.0-255,66,114746,73,355956
12838,0.001097,74.125.68.0-255,766,115512,73,355956
12839,0.001114,172.31.40.0-255,66,115578,73,355956
12840,0.001172,74.125.68.0-255,1484,117062,73,355956
12841,0.00119,74.125.68.0-255,2902,119964,73,355956
12842,0.001198,74.125.68.0-255,5738,125702,73,355956
12843,0.001243,172.31.40.0-255,66,125768,73,355956
12844,0.001266,172.31.40.0-255,66,125834,73,355956
12845,0.001322,74.125.68.0-255,766,126600,73,355956
12846,0.00133,172.31.40.0-255,66,126666,73,355956
12847,0.001383,74.125.68.0-255,1484,128150,73,355956
12848,0.001386,74.125.68.0-255,1484,129634,73,355956
12849,0.001404,74.125.68.0-255,1484,131118,73,355956
12850,0.001408,74.125.68.0-255,1484,132602,73,355956
12851,0.001414,172.31.40.0-255,66,132668,73,355956
12852,0.001439,74.125.68.0-255,4320,136988,73,355956
12853,0.001446,74.125.68.0-255,5738,142726,73,355956
12854,0.001453,74.125.68.0-255,7156,149882,73,355956
12855,0.001458,172.31.40.0-255,66,149948,73,355956
12856,0.001484,74.125.68.0-255,2902,152850,73,355956
12857,0.001491,172.31.40.0-255,66,152916,73,355956
12858,0.001512,172.31.40.0-255,66,152982,73,355956
12859,0.001596,74.125.68.0-255,1484,154466,73,355956
12860,0.00161,74.125.68.0-255,2902,157368,73,355956
12861,0.001632,74.125.68.0-255,2902,160270,73,355956
12862,0.001635,74.125.68.0-255,1484,161754,73,355956
12863,0.001648,74.125.68.0-255,2902,164656,73,355956
12864,0.001653,172.31.40.0-255,66,164722,73,355956
12865,0.001661,74.125.68.0-255,1484,166206,73,355956
12866,0.001679,74.125.68.0-255,7156,173362,73,355956
12867,0.001685,74.125.68.0-255,5738,179100,73,355956
12868,0.001717,74.125.68.0-255,1484,180584,73,355956
12869,0.001724,172.31.40.0-255,66,180650,73,355956
12870,0.001734,74.125.68.0-255,4320,184970,73,355956
12871,0.001746,74.125.68.0-255,2184,187154,73,355956
12872,0.001749,172.31.40.0-255,66,187220,73,355956
12873,0.001778,172.31.40.0-255,66,187286,73,355956
12874,0.001836,74.125.68.0-255,1484,188770,73,355956
12875,0.001853,74.125.68.0-255,2902,191672,73,355956
12876,0.001863,172.31.40.0-255,66,191738,73,355956
12877,0.001875,74.125.68.0-255,5738,197476,73,355956
12878,0.001879,74.125.68.0-255,1484,198960,73,355956
12879,0.001903,74.125.68.0-255,2902,201862,73,355956
12880,0.001909,172.31.40.0-255,66,201928,73,355956
12881,0.001932,74.125.68.0-255,5738,207666,73,355956
12882,0.00195,172.31.40.0-255,66,207732,73,355956
12883,0.001989,74.125.68.0-255,5020,212752,73,355956
12884,0.001996,172.31.40.0-255,66,212818,73,355956
12885,0.002124,74.125.68.0-255,1484,214302,73,355956
12886,0.002144,74.125.68.0-255,2902,217204,73,355956
12887,0.002147,74.125.68.0-255,1484,218688,73,355956
12888,0.002156,172.31.40.0-255,66,218754,73,355956
12889,0.002167,74.125.68.0-255,4320,223074,73,355956
12890,0.002172,74.125.68.0-255,2902,225976,73,355956
12891,0.002176,172.31.40.0-255,66,226042,73,355956
12892,0.002193,74.125.68.0-255,1484,227526,73,355956
12893,0.002196,74.125.68.0-255,1484,229010,73,355956
12894,0.0022,74.125.68.0-255,1484,230494,73,355956
12895,0.002208,172.31.40.0-255,66,230560,73,355956
12896,0.002218,74.125.68.0-255,1484,232044,73,355956
12897,0.002253,74.125.68.0-255,2902,234946,73,355956
12898,0.002256,74.125.68.0-255,1484,236430,73,355956
12899,0.002259,74.125.68.0-255,1484,237914,73,355956
12900,0.002261,74.125.68.0-255,766,238680,73,355956
12901,0.002282,172.31.40.0-255,66,238746,73,355956
12902,0.002289,74.125.68.0-255,1484,240230,73,355956
12903,0.002291,74.125.68.0-255,1484,241714,73,355956
12904,0.002296,172.31.40.0-255,66,241780,73,355956
12905,0.002303,74.125.68.0-255,1484,243264,73,355956
12906,0.002318,74.125.68.0-255,2902,246166,73,355956
12907,0.002324,172.31.40.0-255,66,246232,73,355956
12908,0.002341,74.125.68.0-255,4320,250552,73,355956
12909,0.002344,74.125.68.0-255,1484,252036,73,355956
12910,0.002354,172.31.40.0-255,66,252102,73,355956
12911,0.002361,74.125.68.0-255,7156,259258,73,355956
12912,0.002364,172.31.40.0-255,66,259324,73,355956
12913,0.002405,74.125.68.0-255,2902,262226,73,355956
12914,0.002418,172.31.40.0-255,66,262292,73,355956
12915,0.002425,74.125.68.0-255,5738,268030,73,355956
12916,0.002427,74.125.68.0-255,1484,269514,73,355956
12917,0.002431,74.125.68.0-255,3602,273116,73,355956
12918,0.002436,172.31.40.0-255,66,273182,73,355956
12919,0.002619,74.125.68.0-255,1484,274666,73,355956
12920,0.002624,74.125.68.0-255,2902,277568,73,355956
12921,0.002627,172.31.40.0-255,66,277634,73,355956
12922,0.002645,74.125.68.0-255,1484,279118,73,355956
12923,0.002649,74.125.68.0-255,2902,282020,73,355956
12924,0.002659,172.31.40.0-255,66,282086,73,355956
12925,0.002677,74.125.68.0-255,5738,287824,73,355956
12926,0.002682,172.31.40.0-255,66,287890,73,355956
12927,0.002701,74.125.68.0-255,5738,293628,73,355956
12928,0.002706,172.31.40.0-255,66,293694,73,355956
12929,0.002725,74.125.68.0-255,5738,299432,73,355956
12930,0.002739,74.125.68.0-255,4320,303752,73,355956
12931,0.002742,172.31.40.0-255,66,303818,73,355956
12932,0.002746,172.31.40.0-255,66,303884,73,355956
12933,0.00276,74.125.68.0-255,3602,307486,73,355956
12934,0.002767,172.31.40.0-255,66,307552,73,355956
12935,0.002892,74.125.68.0-255,1484,309036,73,355956
12936,0.002915,74.125.68.0-255,2902,311938,73,355956
12937,0.002918,172.31.40.0-255,66,312004,73,355956
12938,0.002924,74.125.68.0-255,5738,317742,73,355956
12939,0.002937,172.31.40.0-255,66,317808,73,355956
12940,0.00296,74.125.68.0-255,5738,323546,73,355956
12941,0.002963,74.125.68.0-255,1484,325030,73,355956
12942,0.002966,74.125.68.0-255,1484,326514,73,355956
12943,0.002986,74.125.68.0-255,5738,332252,73,355956
12944,0.00299,172.31.40.0-255,66,332318,73,355956
12945,0.002997,74.125.68.0-255,1484,333802,73,355956
12946,0.00301,172.31.40.0-255,66,333868,73,355956
12947,0.003025,74.125.68.0-255,4320,338188,73,355956
12948,0.003045,172.31.40.0-255,66,338254,73,355956
12949,0.003051,74.125.68.0-255,5738,343992,73,355956
12950,0.003066,172.31.40.0-255,66,344058,73,355956
12951,0.00307,74.125.68.0-255,2902,346960,73,355956
12952,0.003086,74.125.68.0-255,2239,349199,73,355956
12953,0.003089,74.125.68.0-255,97,349296,73,355956
12954,0.003119,172.31.40.0-255,66,349362,73,355956
12955,0.003141,74.125.68.0-255,105,349467,73,355956
12956,0.009326,172.31.40.0-255,66,349533,73,355956
12957,0.009366,172.31.40.0-255,105,349638,73,355956
12958,0.011353,74.125.68.0-255,66,349704,73,355956
12959,0.042845,172.31.40.0-255,172,349876,73,355956
12960,0.042878,172.31.40.0-255,1116,350992,73,355956
12961,0.042944,172.31.40.0-255,1514,352506,73,355956
12962,0.042946,172.31.40.0-255,1514,354020,73,355956
12963,0.04295,172.31.40.0-255,1514,355534,73,355956
12964,0.042951,172.31.40.0-255,158,355692,73,355956
12965,0.044367,104.244.42.0-255,66,355758,73,355956
12966,0.044429,104.244.42.0-255,66,355824,73,355956
12967,0.044486,104.244.42.0-255,66,355890,73,355956
12968,0.04449,104.244.42.0-255,66,355956,73,355956
12969,0.0,172.217.27.0-255,153,153,73,290023
12970,3.6e-05,172.31.40.0-255,66,219,73,290023
12971,4.2e-05,172.217.27.0-255,1484,1703,73,290023
12972,4.6e-05,172.31.40.0-255,66,1769,73,290023
12973,5.1e-05,172.217.27.0-255,2902,4671,73,290023
12974,5.4e-05,172.31.40.0-255,66,4737,73,290023
12975,7.1e-05,172.217.27.0-255,4320,9057,73,290023
12976,7.4e-05,172.31.40.0-255,66,9123,73,290023
12977,0.000114,172.217.27.0-255,6254,15377,73,290023
12978,0.000117,172.31.40.0-255,66,15443,73,290023
12979,0.000125,172.217.27.0-255,7156,22599,73,290023
12980,0.000127,172.31.40.0-255,66,22665,73,290023
12981,0.000171,172.31.40.0-255,66,22731,73,290023
12982,0.000494,172.217.27.0-255,1484,24215,73,290023
12983,0.0005,172.31.40.0-255,66,24281,73,290023
12984,0.000506,172.217.27.0-255,2902,27183,73,290023
12985,0.000508,172.31.40.0-255,66,27249,73,290023
12986,0.000515,172.217.27.0-255,5738,32987,73,290023
12987,0.000517,172.31.40.0-255,66,33053,73,290023
12988,0.00055,172.217.27.0-255,4320,37373,73,290023
12989,0.000553,172.31.40.0-255,66,37439,73,290023
12990,0.000584,172.31.40.0-255,66,37505,73,290023
12991,0.000604,172.217.27.0-255,4320,41825,73,290023
12992,0.000607,172.31.40.0-255,66,41891,73,290023
12993,0.000637,172.217.27.0-255,5687,47578,73,290023
12994,0.00064,172.31.40.0-255,66,47644,73,290023
12995,0.000902,172.217.27.0-255,114,47758,73,290023
12996,0.000906,172.31.40.0-255,66,47824,73,290023
12997,0.001054,172.217.27.0-255,1484,49308,73,290023
12998,0.001058,172.31.40.0-255,66,49374,73,290023
12999,0.001063,172.217.27.0-255,2902,52276,73,290023
13000,0.001065,172.31.40.0-255,66,52342,73,290023
13001,0.001069,172.217.27.0-255,2902,55244,73,290023
13002,0.001071,172.31.40.0-255,66,55310,73,290023
13003,0.001091,172.217.27.0-255,2902,58212,73,290023
13004,0.001093,172.31.40.0-255,66,58278,73,290023
13005,0.001106,172.217.27.0-255,1484,59762,73,290023
13006,0.001125,172.217.27.0-255,5738,65500,73,290023
13007,0.001127,172.31.40.0-255,66,65566,73,290023
13008,0.00115,172.217.27.0-255,6797,72363,73,290023
13009,0.001153,172.31.40.0-255,66,72429,73,290023
13010,0.00119,172.217.27.0-255,4320,76749,73,290023
13011,0.001194,172.31.40.0-255,66,76815,73,290023
13012,0.001215,172.217.27.0-255,5622,82437,73,290023
13013,0.001218,172.31.40.0-255,66,82503,73,290023
13014,0.001324,172.217.27.0-255,1484,83987,73,290023
13015,0.001341,172.217.27.0-255,2902,86889,73,290023
13016,0.001344,172.31.40.0-255,66,86955,73,290023
13017,0.001371,172.217.27.0-255,5738,92693,73,290023
13018,0.001374,172.31.40.0-255,66,92759,73,290023
13019,0.00138,172.217.27.0-255,4320,97079,73,290023
13020,0.001382,172.31.40.0-255,66,97145,73,290023
13021,0.001388,172.217.27.0-255,5738,102883,73,290023
13022,0.001392,172.31.40.0-255,66,102949,73,290023
13023,0.001398,172.217.27.0-255,7156,110105,73,290023
13024,0.001401,172.31.40.0-255,66,110171,73,290023
13025,0.001426,172.217.27.0-255,4320,114491,73,290023
13026,0.001429,172.31.40.0-255,66,114557,73,290023
13027,0.001434,172.217.27.0-255,2184,116741,73,290023
13028,0.001435,172.31.40.0-255,66,116807,73,290023
13029,0.003059,172.217.27.0-255,5738,122545,73,290023
13030,0.003067,172.31.40.0-255,66,122611,73,290023
13031,0.004702,172.217.27.0-255,5738,128349,73,290023
13032,0.004708,172.31.40.0-255,66,128415,73,290023
13033,0.006342,172.217.27.0-255,4320,132735,73,290023
13034,0.006346,172.31.40.0-255,66,132801,73,290023
13035,0.00636,172.217.27.0-255,1484,134285,73,290023
13036,0.007983,172.217.27.0-255,4320,138605,73,290023
13037,0.00799,172.31.40.0-255,66,138671,73,290023
13038,0.009622,172.217.27.0-255,5738,144409,73,290023
13039,0.009629,172.31.40.0-255,66,144475,73,290023
13040,0.011264,172.217.27.0-255,5738,150213,73,290023
13041,0.011272,172.31.40.0-255,66,150279,73,290023
13042,0.012911,172.217.27.0-255,5738,156017,73,290023
13043,0.012917,172.31.40.0-255,66,156083,73,290023
13044,0.014554,172.217.27.0-255,5738,161821,73,290023
13045,0.014561,172.31.40.0-255,66,161887,73,290023
13046,0.016196,172.217.27.0-255,5738,167625,73,290023
13047,0.016203,172.31.40.0-255,66,167691,73,290023
13048,0.017842,172.217.27.0-255,5738,173429,73,290023
13049,0.017849,172.31.40.0-255,66,173495,73,290023
13050,0.019482,172.217.27.0-255,5738,179233,73,290023
13051,0.01949,172.31.40.0-255,66,179299,73,290023
13052,0.021127,172.217.27.0-255,5738,185037,73,290023
13053,0.021134,172.31.40.0-255,66,185103,73,290023
13054,0.022802,172.217.27.0-255,5738,190841,73,290023
13055,0.022808,172.31.40.0-255,66,190907,73,290023
13056,0.024438,172.217.27.0-255,5738,196645,73,290023
13057,0.024445,172.31.40.0-255,66,196711,73,290023
13058,0.026072,172.217.27.0-255,5738,202449,73,290023
13059,0.026082,172.31.40.0-255,66,202515,73,290023
13060,0.027196,172.31.40.0-255,172,202687,73,290023
13061,0.027229,172.31.40.0-255,1114,203801,73,290023
13062,0.027291,172.31.40.0-255,1514,205315,73,290023
13063,0.027292,172.31.40.0-255,1514,206829,73,290023
13064,0.027297,172.31.40.0-255,1514,208343,73,290023
13065,0.027298,172.31.40.0-255,160,208503,73,290023
13066,0.027723,172.217.27.0-255,5738,214241,73,290023
13067,0.02773,172.31.40.0-255,66,214307,73,290023
13068,0.028721,104.244.42.0-255,66,214373,73,290023
13069,0.028841,104.244.42.0-255,66,214439,73,290023
13070,0.028888,104.244.42.0-255,66,214505,73,290023
13071,0.028909,104.244.42.0-255,66,214571,73,290023
13072,0.02937,172.217.27.0-255,5738,220309,73,290023
13073,0.029375,172.31.40.0-255,66,220375,73,290023
13074,0.031011,172.217.27.0-255,5738,226113,73,290023
13075,0.031016,172.31.40.0-255,66,226179,73,290023
13076,0.032648,172.217.27.0-255,5738,231917,73,290023
13077,0.032655,172.31.40.0-255,66,231983,73,290023
13078,0.034298,172.217.27.0-255,5738,237721,73,290023
13079,0.034307,172.31.40.0-255,66,237787,73,290023
13080,0.035939,172.217.27.0-255,5738,243525,73,290023
13081,0.035946,172.31.40.0-255,66,243591,73,290023
13082,0.037597,172.217.27.0-255,5738,249329,73,290023
13083,0.037604,172.31.40.0-255,66,249395,73,290023
13084,0.039245,172.217.27.0-255,5738,255133,73,290023
13085,0.039252,172.31.40.0-255,66,255199,73,290023
13086,0.040885,172.217.27.0-255,5738,260937,73,290023
13087,0.040891,172.31.40.0-255,66,261003,73,290023
13088,0.042546,172.217.27.0-255,5738,266741,73,290023
13089,0.042553,172.31.40.0-255,66,266807,73,290023
13090,0.044189,172.217.27.0-255,5738,272545,73,290023
13091,0.044197,172.31.40.0-255,66,272611,73,290023
13092,0.045839,172.217.27.0-255,5738,278349,73,290023
13093,0.045845,172.31.40.0-255,66,278415,73,290023
13094,0.047485,172.217.27.0-255,5738,284153,73,290023
13095,0.047491,172.31.40.0-255,66,284219,73,290023
13096,0.049121,172.217.27.0-255,5738,289957,73,290023
13097,0.049127,172.31.40.0-255,66,290023,73,290023
13098,0.0,74.125.24.0-255,146,146,73,252218
13099,1.1e-05,172.31.40.0-255,66,212,73,252218
13100,1.6e-05,74.125.24.0-255,1484,1696,73,252218
13101,2e-05,172.31.40.0-255,66,1762,73,252218
13102,2.5e-05,74.125.24.0-255,2902,4664,73,252218
13103,2.8e-05,172.31.40.0-255,66,4730,73,252218
13104,3.9e-05,74.125.24.0-255,7156,11886,73,252218
13105,4.2e-05,172.31.40.0-255,66,11952,73,252218
13106,8.1e-05,172.31.40.0-255,66,12018,73,252218
13107,0.00011,172.31.40.0-255,66,12084,73,252218
13108,0.000114,74.125.24.0-255,2543,14627,73,252218
13109,0.000116,172.31.40.0-255,66,14693,73,252218
13110,0.000613,74.125.24.0-255,1484,16177,73,252218
13111,0.000618,172.31.40.0-255,66,16243,73,252218
13112,0.000625,74.125.24.0-255,2902,19145,73,252218
13113,0.000627,172.31.40.0-255,66,19211,73,252218
13114,0.00063,74.125.24.0-255,1484,20695,73,252218
13115,0.000632,172.31.40.0-255,66,20761,73,252218
13116,0.000648,74.125.24.0-255,4320,25081,73,252218
13117,0.00065,172.31.40.0-255,66,25147,73,252218
13118,0.000657,74.125.24.0-255,5738,30885,73,252218
13119,0.000659,172.31.40.0-255,66,30951,73,252218
13120,0.0007,74.125.24.0-255,6797,37748,73,252218
13121,0.000703,172.31.40.0-255,66,37814,73,252218
13122,0.000717,172.31.40.0-255,66,37880,73,252218
13123,0.001206,74.125.24.0-255,645,38525,73,252218
13124,0.001212,172.31.40.0-255,66,38591,73,252218
13125,0.001326,74.125.24.0-255,1484,40075,73,252218
13126,0.00133,172.31.40.0-255,66,40141,73,252218
13127,0.001356,74.125.24.0-255,2902,43043,73,252218
13128,0.001364,74.125.24.0-255,5738,48781,73,252218
13129,0.001369,74.125.24.0-255,4320,53101,73,252218
13130,0.00139,74.125.24.0-255,5738,58839,73,252218
13131,0.001419,74.125.24.0-255,4320,63159,73,252218
13132,0.001707,74.125.24.0-255,1484,64643,73,252218
13133,0.00172,74.125.24.0-255,2902,67545,73,252218
13134,0.00174,74.125.24.0-255,1484,69029,73,252218
13135,0.001756,74.125.24.0-255,4320,73349,73,252218
13136,0.001761,74.125.24.0-255,5738,79087,73,252218
13137,0.001817,74.125.24.0-255,2902,81989,73,252218
13138,0.001829,74.125.24.0-255,2184,84173,73,252218
13139,0.001969,74.125.24.0-255,1484,85657,73,252218
13140,0.00198,74.125.24.0-255,1484,87141,73,252218
13141,0.001993,74.125.24.0-255,1484,88625,73,252218
13142,0.001997,74.125.24.0-255,4320,92945,73,252218
13143,0.002007,74.125.24.0-255,1484,94429,73,252218
13144,0.002013,74.125.24.0-255,5738,100167,73,252218
13145,0.002035,74.125.24.0-255,5738,105905,73,252218
13146,0.002053,74.125.24.0-255,7156,113061,73,252218
13147,0.002056,74.125.24.0-255,1484,114545,73,252218
13148,0.002072,74.125.24.0-255,3602,118147,73,252218
13149,0.002309,74.125.24.0-255,1484,119631,73,252218
13150,0.002321,74.125.24.0-255,2902,122533,73,252218
13151,0.002347,74.125.24.0-255,5738,128271,73,252218
13152,0.002362,74.125.24.0-255,2902,131173,73,252218
13153,0.002389,74.125.24.0-255,7156,138329,73,252218
13154,0.002415,74.125.24.0-255,2902,141231,73,252218
13155,0.003199,172.31.40.0-255,66,141297,73,252218
13156,0.0057,74.125.24.0-255,5738,147035,73,252218
13157,0.005706,172.31.40.0-255,66,147101,73,252218
13158,0.008199,74.125.24.0-255,5738,152839,73,252218
13159,0.008205,172.31.40.0-255,66,152905,73,252218
13160,0.010705,74.125.24.0-255,5738,158643,73,252218
13161,0.010715,172.31.40.0-255,66,158709,73,252218
13162,0.013226,74.125.24.0-255,5738,164447,73,252218
13163,0.013673,172.31.40.0-255,66,164513,73,252218
13164,0.016172,74.125.24.0-255,5738,170251,73,252218
13165,0.016183,172.31.40.0-255,66,170317,73,252218
13166,0.018677,74.125.24.0-255,5738,176055,73,252218
13167,0.018689,172.31.40.0-255,66,176121,73,252218
13168,0.021193,74.125.24.0-255,5738,181859,73,252218
13169,0.0212,172.31.40.0-255,66,181925,73,252218
13170,0.023702,74.125.24.0-255,5738,187663,73,252218
13171,0.02371,172.31.40.0-255,66,187729,73,252218
13172,0.026221,74.125.24.0-255,5738,193467,73,252218
13173,0.026226,172.31.40.0-255,66,193533,73,252218
13174,0.027057,172.31.40.0-255,172,193705,73,252218
13175,0.027094,172.31.40.0-255,1115,194820,73,252218
13176,0.027158,172.31.40.0-255,1514,196334,73,252218
13177,0.02716,172.31.40.0-255,1514,197848,73,252218
13178,0.027164,172.31.40.0-255,1514,199362,73,252218
13179,0.027166,172.31.40.0-255,356,199718,73,252218
13180,0.028633,104.244.42.0-255,66,199784,73,252218
13181,0.028667,104.244.42.0-255,66,199850,73,252218
13182,0.028714,74.125.24.0-255,5738,205588,73,252218
13183,0.028722,172.31.40.0-255,66,205654,73,252218
13184,0.028753,104.244.42.0-255,66,205720,73,252218
13185,0.028758,104.244.42.0-255,66,205786,73,252218
13186,0.031221,74.125.24.0-255,5738,211524,73,252218
13187,0.031238,172.31.40.0-255,66,211590,73,252218
13188,0.033744,74.125.24.0-255,5738,217328,73,252218
13189,0.033762,172.31.40.0-255,66,217394,73,252218
13190,0.036293,74.125.24.0-255,5738,223132,73,252218
13191,0.036311,172.31.40.0-255,66,223198,73,252218
13192,0.03883,74.125.24.0-255,5738,228936,73,252218
13193,0.038838,172.31.40.0-255,66,229002,73,252218
13194,0.041357,74.125.24.0-255,5738,234740,73,252218
13195,0.04138,172.31.40.0-255,66,234806,73,252218
13196,0.04394,74.125.24.0-255,5738,240544,73,252218
13197,0.043958,172.31.40.0-255,66,240610,73,252218
13198,0.046479,74.125.24.0-255,5738,246348,73,252218
13199,0.046496,172.31.40.0-255,66,246414,73,252218
13200,0.049044,74.125.24.0-255,5738,252152,73,252218
13201,0.049062,172.31.40.0-255,66,252218,73,252218
13202,0.0,172.217.194.0-255,153,153,73,214031
13203,1.5e-05,172.31.40.0-255,66,219,73,214031
13204,2.2e-05,172.217.194.0-255,1484,1703,73,214031
13205,2.7e-05,172.31.40.0-255,66,1769,73,214031
13206,5.8e-05,172.217.194.0-255,2902,4671,73,214031
13207,6.1e-05,172.31.40.0-255,66,4737,73,214031
13208,7.3e-05,172.217.194.0-255,7156,11893,73,214031
13209,7.6e-05,172.31.40.0-255,66,11959,73,214031
13210,8e-05,172.217.194.0-255,2126,14085,73,214031
13211,8.3e-05,172.31.40.0-255,66,14151,73,214031
13212,0.000372,172.217.194.0-255,1484,15635,73,214031
13213,0.000378,172.31.40.0-255,66,15701,73,214031
13214,0.000385,172.217.194.0-255,2902,18603,73,214031
13215,0.000387,172.31.40.0-255,66,18669,73,214031
13216,0.000412,172.217.194.0-255,5738,24407,73,214031
13217,0.000415,172.31.40.0-255,66,24473,73,214031
13218,0.000438,172.217.194.0-255,1484,25957,73,214031
13219,0.00044,172.31.40.0-255,66,26023,73,214031
13220,0.00048,172.217.194.0-255,5379,31402,73,214031
13221,0.000483,172.31.40.0-255,66,31468,73,214031
13222,0.00049,172.217.194.0-255,7156,38624,73,214031
13223,0.000493,172.31.40.0-255,66,38690,73,214031
13224,0.000511,172.31.40.0-255,66,38756,73,214031
13225,0.00054,172.217.194.0-255,4320,43076,73,214031
13226,0.000543,172.31.40.0-255,66,43142,73,214031
13227,0.000583,172.31.40.0-255,66,43208,73,214031
13228,0.000998,172.217.194.0-255,646,43854,73,214031
13229,0.001002,172.31.40.0-255,66,43920,73,214031
13230,0.001754,172.217.194.0-255,1484,45404,73,214031
13231,0.001762,172.31.40.0-255,66,45470,73,214031
13232,0.001772,172.217.194.0-255,2902,48372,73,214031
13233,0.001774,172.31.40.0-255,66,48438,73,214031
13234,0.001786,172.217.194.0-255,5738,54176,73,214031
13235,0.001789,172.31.40.0-255,66,54242,73,214031
13236,0.001795,172.217.194.0-255,5738,59980,73,214031
13237,0.001798,172.31.40.0-255,66,60046,73,214031
13238,0.001836,172.217.194.0-255,7156,67202,73,214031
13239,0.001839,172.31.40.0-255,66,67268,73,214031
13240,0.001849,172.31.40.0-255,66,67334,73,214031
13241,0.001855,172.217.194.0-255,1635,68969,73,214031
13242,0.001856,172.31.40.0-255,66,69035,73,214031
13243,0.002255,172.217.194.0-255,1484,70519,73,214031
13244,0.002275,172.217.194.0-255,1484,72003,73,214031
13245,0.002277,172.31.40.0-255,66,72069,73,214031
13246,0.002304,172.217.194.0-255,1484,73553,73,214031
13247,0.00231,172.217.194.0-255,5738,79291,73,214031
13248,0.002312,172.31.40.0-255,66,79357,73,214031
13249,0.002319,172.217.194.0-255,5738,85095,73,214031
13250,0.002321,172.31.40.0-255,66,85161,73,214031
13251,0.002346,172.217.194.0-255,5738,90899,73,214031
13252,0.002352,172.31.40.0-255,66,90965,73,214031
13253,0.002394,172.31.40.0-255,66,91031,73,214031
13254,0.004695,172.217.194.0-255,1484,92515,73,214031
13255,0.00471,172.217.194.0-255,4320,96835,73,214031
13256,0.004713,172.31.40.0-255,66,96901,73,214031
13257,0.007018,172.217.194.0-255,5738,102639,73,214031
13258,0.007024,172.31.40.0-255,66,102705,73,214031
13259,0.009316,172.217.194.0-255,5738,108443,73,214031
13260,0.009329,172.31.40.0-255,66,108509,73,214031
13261,0.01162,172.217.194.0-255,5738,114247,73,214031
13262,0.011635,172.31.40.0-255,66,114313,73,214031
13263,0.013933,172.217.194.0-255,5738,120051,73,214031
13264,0.013949,172.31.40.0-255,66,120117,73,214031
13265,0.016258,172.217.194.0-255,5738,125855,73,214031
13266,0.016273,172.31.40.0-255,66,125921,73,214031
13267,0.018629,172.217.194.0-255,5738,131659,73,214031
13268,0.018642,172.31.40.0-255,66,131725,73,214031
13269,0.020935,172.217.194.0-255,5738,137463,73,214031
13270,0.020944,172.31.40.0-255,66,137529,73,214031
13271,0.023253,172.217.194.0-255,5738,143267,73,214031
13272,0.023263,172.31.40.0-255,66,143333,73,214031
13273,0.025561,172.217.194.0-255,5738,149071,73,214031
13274,0.025569,172.31.40.0-255,66,149137,73,214031
13275,0.027675,172.31.40.0-255,172,149309,73,214031
13276,0.027705,172.31.40.0-255,1110,150419,73,214031
13277,0.027766,172.31.40.0-255,1514,151933,73,214031
13278,0.027767,172.31.40.0-255,1514,153447,73,214031
13279,0.027772,172.31.40.0-255,1514,154961,73,214031
13280,0.027773,172.31.40.0-255,436,155397,73,214031
13281,0.027878,172.217.194.0-255,5738,161135,73,214031
13282,0.027884,172.31.40.0-255,66,161201,73,214031
13283,0.029222,104.244.42.0-255,66,161267,73,214031
13284,0.02926,104.244.42.0-255,66,161333,73,214031
13285,0.029304,104.244.42.0-255,66,161399,73,214031
13286,0.029317,104.244.42.0-255,66,161465,73,214031
13287,0.030198,172.217.194.0-255,1484,162949,73,214031
13288,0.030222,172.217.194.0-255,4320,167269,73,214031
13289,0.030227,172.31.40.0-255,66,167335,73,214031
13290,0.032514,172.217.194.0-255,5738,173073,73,214031
13291,0.032521,172.31.40.0-255,66,173139,73,214031
13292,0.03514,172.217.194.0-255,2902,176041,73,214031
13293,0.035145,172.31.40.0-255,66,176107,73,214031
13294,0.035175,172.217.194.0-255,2902,179009,73,214031
13295,0.035178,172.31.40.0-255,66,179075,73,214031
13296,0.037447,172.217.194.0-255,2902,181977,73,214031
13297,0.037454,172.31.40.0-255,66,182043,73,214031
13298,0.037474,172.217.194.0-255,2902,184945,73,214031
13299,0.037477,172.31.40.0-255,66,185011,73,214031
13300,0.039762,172.217.194.0-255,5738,190749,73,214031
13301,0.039768,172.31.40.0-255,66,190815,73,214031
13302,0.042045,172.217.194.0-255,5738,196553,73,214031
13303,0.042051,172.31.40.0-255,66,196619,73,214031
13304,0.044344,172.217.194.0-255,5738,202357,73,214031
13305,0.04435,172.31.40.0-255,66,202423,73,214031
13306,0.046658,172.217.194.0-255,5738,208161,73,214031
13307,0.046664,172.31.40.0-255,66,208227,73,214031
13308,0.048956,172.217.194.0-255,5738,213965,73,214031
13309,0.048963,172.31.40.0-255,66,214031,73,214031
13310,0.0,172.217.160.0-255,153,153,73,273574
13311,2e-05,172.31.40.0-255,66,219,73,273574
13312,2.7e-05,172.217.160.0-255,1484,1703,73,273574
13313,3.3e-05,172.31.40.0-255,66,1769,73,273574
13314,3.9e-05,172.217.160.0-255,2902,4671,73,273574
13315,4.4e-05,172.31.40.0-255,66,4737,73,273574
13316,5.2e-05,172.217.160.0-255,7156,11893,73,273574
13317,5.5e-05,172.31.40.0-255,66,11959,73,273574
13318,9.1e-05,172.31.40.0-255,66,12025,73,273574
13319,9.8e-05,172.217.160.0-255,7156,19181,73,273574
13320,0.000101,172.31.40.0-255,66,19247,73,273574
13321,0.000141,172.217.160.0-255,3961,23208,73,273574
13322,0.000144,172.31.40.0-255,66,23274,73,273574
13323,0.000159,172.217.160.0-255,4320,27594,73,273574
13324,0.000162,172.31.40.0-255,66,27660,73,273574
13325,0.000187,172.217.160.0-255,1484,29144,73,273574
13326,0.000189,172.31.40.0-255,66,29210,73,273574
13327,0.000213,172.31.40.0-255,66,29276,73,273574
13328,0.000217,172.217.160.0-255,2543,31819,73,273574
13329,0.00022,172.31.40.0-255,66,31885,73,273574
13330,0.000371,172.217.160.0-255,1484,33369,73,273574
13331,0.000377,172.31.40.0-255,66,33435,73,273574
13332,0.000383,172.217.160.0-255,2902,36337,73,273574
13333,0.000385,172.31.40.0-255,66,36403,73,273574
13334,0.00039,172.217.160.0-255,2902,39305,73,273574
13335,0.000392,172.31.40.0-255,66,39371,73,273574
13336,0.00042,172.217.160.0-255,2902,42273,73,273574
13337,0.000422,172.31.40.0-255,66,42339,73,273574
13338,0.000428,172.217.160.0-255,4320,46659,73,273574
13339,0.00043,172.31.40.0-255,66,46725,73,273574
13340,0.000434,172.217.160.0-255,2543,49268,73,273574
13341,0.000438,172.217.160.0-255,336,49604,73,273574
13342,0.000487,172.31.40.0-255,66,49670,73,273574
13343,0.000871,172.217.160.0-255,119,49789,73,273574
13344,0.001068,172.217.160.0-255,1484,51273,73,273574
13345,0.001073,172.31.40.0-255,66,51339,73,273574
13346,0.001079,172.217.160.0-255,2902,54241,73,273574
13347,0.001084,172.31.40.0-255,66,54307,73,273574
13348,0.001105,172.217.160.0-255,5738,60045,73,273574
13349,0.001126,172.217.160.0-255,5738,65783,73,273574
13350,0.001135,172.31.40.0-255,66,65849,73,273574
13351,0.001139,172.217.160.0-255,1125,66974,73,273574
13352,0.001165,172.217.160.0-255,1484,68458,73,273574
13353,0.00117,172.31.40.0-255,66,68524,73,273574
13354,0.001191,172.217.160.0-255,5738,74262,73,273574
13355,0.001208,172.31.40.0-255,66,74328,73,273574
13356,0.001226,172.217.160.0-255,1125,75453,73,273574
13357,0.001276,172.217.160.0-255,1484,76937,73,273574
13358,0.001281,172.217.160.0-255,2902,79839,73,273574
13359,0.001288,172.31.40.0-255,66,79905,73,273574
13360,0.001303,172.217.160.0-255,5738,85643,73,273574
13361,0.00132,172.217.160.0-255,7156,92799,73,273574
13362,0.001329,172.31.40.0-255,66,92865,73,273574
13363,0.001348,172.217.160.0-255,5738,98603,73,273574
13364,0.001398,172.31.40.0-255,66,98669,73,273574
13365,0.001427,172.217.160.0-255,1484,100153,73,273574
13366,0.001439,172.217.160.0-255,2902,103055,73,273574
13367,0.001444,172.217.160.0-255,2902,105957,73,273574
13368,0.00146,172.217.160.0-255,2902,108859,73,273574
13369,0.001463,172.217.160.0-255,1484,110343,73,273574
13370,0.001469,172.31.40.0-255,66,110409,73,273574
13371,0.001519,172.217.160.0-255,5738,116147,73,273574
13372,0.001537,172.217.160.0-255,5738,121885,73,273574
13373,0.00155,172.217.160.0-255,1484,123369,73,273574
13374,0.001563,172.217.160.0-255,2902,126271,73,273574
13375,0.001566,172.31.40.0-255,66,126337,73,273574
13376,0.00157,172.31.40.0-255,66,126403,73,273574
13377,0.001586,172.217.160.0-255,5738,132141,73,273574
13378,0.001592,172.217.160.0-255,4320,136461,73,273574
13379,0.00162,172.31.40.0-255,66,136527,73,273574
13380,0.001639,172.217.160.0-255,1484,138011,73,273574
13381,0.001666,172.31.40.0-255,66,138077,73,273574
13382,0.001773,172.217.160.0-255,1484,139561,73,273574
13383,0.001777,172.217.160.0-255,1484,141045,73,273574
13384,0.001784,172.31.40.0-255,66,141111,73,273574
13385,0.001794,172.217.160.0-255,1484,142595,73,273574
13386,0.001801,172.217.160.0-255,5738,148333,73,273574
13387,0.001818,172.217.160.0-255,2902,151235,73,273574
13388,0.001839,172.217.160.0-255,1484,152719,73,273574
13389,0.001846,172.31.40.0-255,66,152785,73,273574
13390,0.00188,172.31.40.0-255,66,152851,73,273574
13391,0.001934,172.217.160.0-255,766,153617,73,273574
13392,0.002893,172.31.40.0-255,66,153683,73,273574
13393,0.003803,172.217.160.0-255,4320,158003,73,273574
13394,0.004807,172.217.160.0-255,1484,159487,73,273574
13395,0.009227,172.31.40.0-255,66,159553,73,273574
13396,0.010853,172.217.160.0-255,1484,161037,73,273574
13397,0.011159,172.217.160.0-255,4320,165357,73,273574
13398,0.014158,172.31.40.0-255,66,165423,73,273574
13399,0.016098,172.217.160.0-255,5738,171161,73,273574
13400,0.016119,172.31.40.0-255,66,171227,73,273574
13401,0.018047,172.217.160.0-255,5738,176965,73,273574
13402,0.018054,172.31.40.0-255,66,177031,73,273574
13403,0.019986,172.217.160.0-255,5738,182769,73,273574
13404,0.019994,172.31.40.0-255,66,182835,73,273574
13405,0.02192,172.217.160.0-255,5738,188573,73,273574
13406,0.021928,172.31.40.0-255,66,188639,73,273574
13407,0.023873,172.217.160.0-255,5738,194377,73,273574
13408,0.02388,172.31.40.0-255,66,194443,73,273574
13409,0.025818,172.217.160.0-255,4320,198763,73,273574
13410,0.025825,172.31.40.0-255,66,198829,73,273574
13411,0.025843,172.217.160.0-255,1484,200313,73,273574
13412,0.027757,172.217.160.0-255,4320,204633,73,273574
13413,0.027763,172.31.40.0-255,66,204699,73,273574
13414,0.029704,172.217.160.0-255,5738,210437,73,273574
13415,0.029735,172.31.40.0-255,66,210503,73,273574
13416,0.0304,172.31.40.0-255,172,210675,73,273574
13417,0.030431,172.31.40.0-255,1115,211790,73,273574
13418,0.030492,172.31.40.0-255,1514,213304,73,273574
13419,0.030494,172.31.40.0-255,1514,214818,73,273574
13420,0.030518,172.31.40.0-255,452,215270,73,273574
13421,0.031676,172.217.160.0-255,5738,221008,73,273574
13422,0.031684,172.31.40.0-255,66,221074,73,273574
13423,0.031971,104.244.42.0-255,66,221140,73,273574
13424,0.031979,104.244.42.0-255,66,221206,73,273574
13425,0.032076,104.244.42.0-255,66,221272,73,273574
13426,0.032083,104.244.42.0-255,66,221338,73,273574
13427,0.033613,172.217.160.0-255,5738,227076,73,273574
13428,0.033619,172.31.40.0-255,66,227142,73,273574
13429,0.035559,172.217.160.0-255,5738,232880,73,273574
13430,0.035566,172.31.40.0-255,66,232946,73,273574
13431,0.037508,172.217.160.0-255,5738,238684,73,273574
13432,0.037515,172.31.40.0-255,66,238750,73,273574
13433,0.039448,172.217.160.0-255,5738,244488,73,273574
13434,0.039456,172.31.40.0-255,66,244554,73,273574
13435,0.041396,172.217.160.0-255,5738,250292,73,273574
13436,0.041404,172.31.40.0-255,66,250358,73,273574
13437,0.043406,172.217.160.0-255,5738,256096,73,273574
13438,0.043413,172.31.40.0-255,66,256162,73,273574
13439,0.045345,172.217.160.0-255,5738,261900,73,273574
13440,0.045351,172.31.40.0-255,66,261966,73,273574
13441,0.047292,172.217.160.0-255,5738,267704,73,273574
13442,0.047297,172.31.40.0-255,66,267770,73,273574
13443,0.049234,172.217.160.0-255,5738,273508,73,273574
13444,0.04924,172.31.40.0-255,66,273574,73,273574
13445,0.0,172.217.194.0-255,150,150,73,166876
13446,1.7e-05,172.31.40.0-255,66,216,73,166876
13447,2.4e-05,172.217.194.0-255,1484,1700,73,166876
13448,2.8e-05,172.31.40.0-255,66,1766,73,166876
13449,4.1e-05,172.217.194.0-255,2902,4668,73,166876
13450,4.4e-05,172.31.40.0-255,66,4734,73,166876
13451,7.8e-05,172.217.194.0-255,7156,11890,73,166876
13452,8.1e-05,172.31.40.0-255,66,11956,73,166876
13453,0.000184,172.217.194.0-255,5738,17694,73,166876
13454,0.000188,172.31.40.0-255,66,17760,73,166876
13455,0.000207,172.217.194.0-255,3486,21246,73,166876
13456,0.000209,172.31.40.0-255,66,21312,73,166876
13457,0.00035,172.217.194.0-255,7156,28468,73,166876
13458,0.000355,172.31.40.0-255,66,28534,73,166876
13459,0.000383,172.217.194.0-255,2543,31077,73,166876
13460,0.000385,172.31.40.0-255,66,31143,73,166876
13461,0.000502,172.217.194.0-255,4320,35463,73,166876
13462,0.000506,172.31.40.0-255,66,35529,73,166876
13463,0.000549,172.31.40.0-255,66,35595,73,166876
13464,0.000862,172.217.194.0-255,5738,41333,73,166876
13465,0.000867,172.31.40.0-255,66,41399,73,166876
13466,0.000899,172.217.194.0-255,6797,48196,73,166876
13467,0.000902,172.31.40.0-255,66,48262,73,166876
13468,0.001068,172.217.194.0-255,646,48908,73,166876
13469,0.001072,172.31.40.0-255,66,48974,73,166876
13470,0.001113,172.31.40.0-255,66,49040,73,166876
13471,0.00114,172.217.194.0-255,2902,51942,73,166876
13472,0.001143,172.31.40.0-255,66,52008,73,166876
13473,0.001382,172.31.40.0-255,66,52074,73,166876
13474,0.001413,172.217.194.0-255,5020,57094,73,166876
13475,0.001416,172.31.40.0-255,66,57160,73,166876
13476,0.001707,172.217.194.0-255,5738,62898,73,166876
13477,0.001713,172.31.40.0-255,66,62964,73,166876
13478,0.001754,172.31.40.0-255,66,63030,73,166876
13479,0.002271,172.31.40.0-255,66,63096,73,166876
13480,0.002323,172.31.40.0-255,66,63162,73,166876
13481,0.002869,172.31.40.0-255,66,63228,73,166876
13482,0.002923,172.31.40.0-255,66,63294,73,166876
13483,0.003405,172.217.194.0-255,4320,67614,73,166876
13484,0.003408,172.31.40.0-255,66,67680,73,166876
13485,0.003443,172.31.40.0-255,66,67746,73,166876
13486,0.007635,172.31.40.0-255,66,67812,73,166876
13487,0.009984,172.217.194.0-255,5738,73550,73,166876
13488,0.009991,172.31.40.0-255,66,73616,73,166876
13489,0.012356,172.217.194.0-255,5738,79354,73,166876
13490,0.012365,172.31.40.0-255,66,79420,73,166876
13491,0.014711,172.217.194.0-255,5738,85158,73,166876
13492,0.01473,172.31.40.0-255,66,85224,73,166876
13493,0.017074,172.217.194.0-255,5738,90962,73,166876
13494,0.01709,172.31.40.0-255,66,91028,73,166876
13495,0.019491,172.217.194.0-255,5738,96766,73,166876
13496,0.019506,172.31.40.0-255,66,96832,73,166876
13497,0.021914,172.217.194.0-255,5738,102570,73,166876
13498,0.021924,172.31.40.0-255,66,102636,73,166876
13499,0.024287,172.217.194.0-255,5738,108374,73,166876
13500,0.024305,172.31.40.0-255,66,108440,73,166876
13501,0.026681,172.217.194.0-255,5738,114178,73,166876
13502,0.02669,172.31.40.0-255,66,114244,73,166876
13503,0.029029,172.217.194.0-255,5738,119982,73,166876
13504,0.029036,172.31.40.0-255,66,120048,73,166876
13505,0.031391,172.217.194.0-255,5738,125786,73,166876
13506,0.031408,172.31.40.0-255,66,125852,73,166876
13507,0.033728,172.217.194.0-255,5738,131590,73,166876
13508,0.033736,172.31.40.0-255,66,131656,73,166876
13509,0.036054,172.217.194.0-255,5738,137394,73,166876
13510,0.036061,172.31.40.0-255,66,137460,73,166876
13511,0.038387,172.217.194.0-255,5738,143198,73,166876
13512,0.038402,172.31.40.0-255,66,143264,73,166876
13513,0.040759,172.217.194.0-255,5738,149002,73,166876
13514,0.040778,172.31.40.0-255,66,149068,73,166876
13515,0.043095,172.217.194.0-255,2902,151970,73,166876
13516,0.04311,172.31.40.0-255,66,152036,73,166876
13517,0.043138,172.217.194.0-255,2902,154938,73,166876
13518,0.043142,172.31.40.0-255,66,155004,73,166876
13519,0.045447,172.217.194.0-255,2902,157906,73,166876
13520,0.04546,172.31.40.0-255,66,157972,73,166876
13521,0.045484,172.217.194.0-255,2902,160874,73,166876
13522,0.045487,172.31.40.0-255,66,160940,73,166876
13523,0.0478,172.217.194.0-255,2902,163842,73,166876
13524,0.047807,172.31.40.0-255,66,163908,73,166876
13525,0.047828,172.217.194.0-255,2902,166810,73,166876
13526,0.047831,172.31.40.0-255,66,166876,73,166876
13527,0.0,74.125.130.0-255,149,149,73,297018
13528,1.7e-05,172.31.40.0-255,66,215,73,297018
13529,2.4e-05,74.125.130.0-255,1484,1699,73,297018
13530,2.8e-05,172.31.40.0-255,66,1765,73,297018
13531,3.1e-05,74.125.130.0-255,1484,3249,73,297018
13532,3.3e-05,172.31.40.0-255,66,3315,73,297018
13533,4.5e-05,74.125.130.0-255,2902,6217,73,297018
13534,4.9e-05,172.31.40.0-255,66,6283,73,297018
13535,5.5e-05,74.125.130.0-255,5738,12021,73,297018
13536,5.7e-05,172.31.40.0-255,66,12087,73,297018
13537,7.7e-05,74.125.130.0-255,2027,14114,73,297018
13538,8.4e-05,172.31.40.0-255,66,14180,73,297018
13539,0.000338,74.125.130.0-255,1484,15664,73,297018
13540,0.000344,172.31.40.0-255,66,15730,73,297018
13541,0.000364,74.125.130.0-255,2902,18632,73,297018
13542,0.000366,172.31.40.0-255,66,18698,73,297018
13543,0.000398,74.125.130.0-255,5738,24436,73,297018
13544,0.000401,172.31.40.0-255,66,24502,73,297018
13545,0.000408,74.125.130.0-255,6797,31299,73,297018
13546,0.00041,172.31.40.0-255,66,31365,73,297018
13547,0.000468,172.31.40.0-255,66,31431,73,297018
13548,0.000477,172.31.40.0-255,66,31497,73,297018
13549,0.000486,74.125.130.0-255,5738,37235,73,297018
13550,0.000488,172.31.40.0-255,66,37301,73,297018
13551,0.000508,74.125.130.0-255,2902,40203,73,297018
13552,0.000513,172.31.40.0-255,66,40269,73,297018
13553,0.000537,74.125.130.0-255,4320,44589,73,297018
13554,0.000539,172.31.40.0-255,66,44655,73,297018
13555,0.000542,74.125.130.0-255,2184,46839,73,297018
13556,0.000544,172.31.40.0-255,66,46905,73,297018
13557,0.000563,74.125.130.0-255,378,47283,73,297018
13558,0.000598,74.125.130.0-255,100,47383,73,297018
13559,0.000668,74.125.130.0-255,1484,48867,73,297018
13560,0.000672,74.125.130.0-255,1484,50351,73,297018
13561,0.00068,172.31.40.0-255,66,50417,73,297018
13562,0.00069,74.125.130.0-255,2902,53319,73,297018
13563,0.000707,74.125.130.0-255,2902,56221,73,297018
13564,0.000714,172.31.40.0-255,66,56287,73,297018
13565,0.000722,74.125.130.0-255,2902,59189,73,297018
13566,0.000725,172.31.40.0-255,66,59255,73,297018
13567,0.00074,74.125.130.0-255,4320,63575,73,297018
13568,0.00076,74.125.130.0-255,4320,67895,73,297018
13569,0.000763,74.125.130.0-255,1484,69379,73,297018
13570,0.000769,172.31.40.0-255,66,69445,73,297018
13571,0.000805,74.125.130.0-255,3602,73047,73,297018
13572,0.000807,74.125.130.0-255,362,73409,73,297018
13573,0.000819,172.31.40.0-255,66,73475,73,297018
13574,0.000953,74.125.130.0-255,1484,74959,73,297018
13575,0.00097,74.125.130.0-255,2902,77861,73,297018
13576,0.000972,172.31.40.0-255,66,77927,73,297018
13577,0.000977,74.125.130.0-255,2902,80829,73,297018
13578,0.000999,74.125.130.0-255,2902,83731,73,297018
13579,0.001004,172.31.40.0-255,66,83797,73,297018
13580,0.001012,74.125.130.0-255,5738,89535,73,297018
13581,0.001016,172.31.40.0-255,66,89601,73,297018
13582,0.001027,74.125.130.0-255,1484,91085,73,297018
13583,0.001048,74.125.130.0-255,7156,98241,73,297018
13584,0.00107,74.125.130.0-255,766,99007,73,297018
13585,0.001072,172.31.40.0-255,66,99073,73,297018
13586,0.001081,172.31.40.0-255,66,99139,73,297018
13587,0.001168,74.125.130.0-255,1484,100623,73,297018
13588,0.001172,74.125.130.0-255,1484,102107,73,297018
13589,0.001182,74.125.130.0-255,1484,103591,73,297018
13590,0.001188,172.31.40.0-255,66,103657,73,297018
13591,0.001211,74.125.130.0-255,1484,105141,73,297018
13592,0.001215,74.125.130.0-255,2902,108043,73,297018
13593,0.001218,74.125.130.0-255,2902,110945,73,297018
13594,0.001234,74.125.130.0-255,2902,113847,73,297018
13595,0.001237,74.125.130.0-255,1484,115331,73,297018
13596,0.001245,172.31.40.0-255,66,115397,73,297018
13597,0.001279,172.31.40.0-255,66,115463,73,297018
13598,0.001292,74.125.130.0-255,4320,119783,73,297018
13599,0.001298,172.31.40.0-255,66,119849,73,297018
13600,0.001315,74.125.130.0-255,5020,124869,73,297018
13601,0.001324,172.31.40.0-255,66,124935,73,297018
13602,0.001669,74.125.130.0-255,1484,126419,73,297018
13603,0.00169,74.125.130.0-255,2902,129321,73,297018
13604,0.001693,172.31.40.0-255,66,129387,73,297018
13605,0.001699,74.125.130.0-255,4320,133707,73,297018
13606,0.001721,74.125.130.0-255,5738,139445,73,297018
13607,0.001729,172.31.40.0-255,66,139511,73,297018
13608,0.001767,172.31.40.0-255,66,139577,73,297018
13609,0.001787,74.125.130.0-255,1484,141061,73,297018
13610,0.001826,172.31.40.0-255,66,141127,73,297018
13611,0.001869,74.125.130.0-255,1484,142611,73,297018
13612,0.001896,74.125.130.0-255,2902,145513,73,297018
13613,0.001907,172.31.40.0-255,66,145579,73,297018
13614,0.001917,74.125.130.0-255,4320,149899,73,297018
13615,0.001975,74.125.130.0-255,7156,157055,73,297018
13616,0.001978,172.31.40.0-255,66,157121,73,297018
13617,0.001988,74.125.130.0-255,2902,160023,73,297018
13618,0.001989,172.31.40.0-255,66,160089,73,297018
13619,0.002006,74.125.130.0-255,6438,166527,73,297018
13620,0.00203,172.31.40.0-255,66,166593,73,297018
13621,0.002172,74.125.130.0-255,1484,168077,73,297018
13622,0.002176,74.125.130.0-255,1484,169561,73,297018
13623,0.002178,172.31.40.0-255,66,169627,73,297018
13624,0.002202,74.125.130.0-255,1484,171111,73,297018
13625,0.002206,74.125.130.0-255,4320,175431,73,297018
13626,0.002209,74.125.130.0-255,2902,178333,73,297018
13627,0.002222,74.125.130.0-255,2902,181235,73,297018
13628,0.002231,172.31.40.0-255,66,181301,73,297018
13629,0.002275,74.125.130.0-255,2902,184203,73,297018
13630,0.002308,74.125.130.0-255,2902,187105,73,297018
13631,0.002322,74.125.130.0-255,2184,189289,73,297018
13632,0.007857,172.31.40.0-255,66,189355,73,297018
13633,0.010196,74.125.130.0-255,5738,195093,73,297018
13634,0.010207,172.31.40.0-255,66,195159,73,297018
13635,0.012526,74.125.130.0-255,5738,200897,73,297018
13636,0.014111,172.31.40.0-255,66,200963,73,297018
13637,0.016489,74.125.130.0-255,5738,206701,73,297018
13638,0.016507,172.31.40.0-255,66,206767,73,297018
13639,0.018851,74.125.130.0-255,5738,212505,73,297018
13640,0.018868,172.31.40.0-255,66,212571,73,297018
13641,0.0212,74.125.130.0-255,5738,218309,73,297018
13642,0.021208,172.31.40.0-255,66,218375,73,297018
13643,0.023534,74.125.130.0-255,5738,224113,73,297018
13644,0.023543,172.31.40.0-255,66,224179,73,297018
13645,0.025868,74.125.130.0-255,5738,229917,73,297018
13646,0.025877,172.31.40.0-255,66,229983,73,297018
13647,0.028209,74.125.130.0-255,5738,235721,73,297018
13648,0.028219,172.31.40.0-255,66,235787,73,297018
13649,0.030555,74.125.130.0-255,5738,241525,73,297018
13650,0.030569,172.31.40.0-255,66,241591,73,297018
13651,0.032906,74.125.130.0-255,5738,247329,73,297018
13652,0.032915,172.31.40.0-255,66,247395,73,297018
13653,0.035242,74.125.130.0-255,5738,253133,73,297018
13654,0.035251,172.31.40.0-255,66,253199,73,297018
13655,0.03759,74.125.130.0-255,5738,258937,73,297018
13656,0.037609,172.31.40.0-255,66,259003,73,297018
13657,0.039946,74.125.130.0-255,5738,264741,73,297018
13658,0.039962,172.31.40.0-255,66,264807,73,297018
13659,0.042301,74.125.130.0-255,5738,270545,73,297018
13660,0.04231,172.31.40.0-255,66,270611,73,297018
13661,0.044649,74.125.130.0-255,5738,276349,73,297018
13662,0.044664,172.31.40.0-255,66,276415,73,297018
13663,0.047001,74.125.130.0-255,5738,282153,73,297018
13664,0.047008,172.31.40.0-255,66,282219,73,297018
13665,0.049018,172.31.40.0-255,172,282391,73,297018
13666,0.049051,172.31.40.0-255,1115,283506,73,297018
13667,0.049113,172.31.40.0-255,1514,285020,73,297018
13668,0.049115,172.31.40.0-255,1514,286534,73,297018
13669,0.049119,172.31.40.0-255,1514,288048,73,297018
13670,0.04912,172.31.40.0-255,1514,289562,73,297018
13671,0.049144,172.31.40.0-255,1514,291076,73,297018
13672,0.049145,172.31.40.0-255,138,291214,73,297018
13673,0.049337,74.125.130.0-255,5738,296952,73,297018
13674,0.049343,172.31.40.0-255,66,297018,73,297018
13675,0.0,172.217.194.0-255,152,152,73,239050
13676,2.6e-05,172.31.40.0-255,66,218,73,239050
13677,5e-05,172.217.194.0-255,1484,1702,73,239050
13678,5.5e-05,172.31.40.0-255,66,1768,73,239050
13679,6.1e-05,172.217.194.0-255,2902,4670,73,239050
13680,6.5e-05,172.31.40.0-255,66,4736,73,239050
13681,7.3e-05,172.217.194.0-255,7156,11892,73,239050
13682,7.6e-05,172.31.40.0-255,66,11958,73,239050
13683,8e-05,172.217.194.0-255,2000,13958,73,239050
13684,8.3e-05,172.31.40.0-255,66,14024,73,239050
13685,0.000198,172.217.194.0-255,1484,15508,73,239050
13686,0.000201,172.31.40.0-255,66,15574,73,239050
13687,0.000207,172.217.194.0-255,2902,18476,73,239050
13688,0.000209,172.31.40.0-255,66,18542,73,239050
13689,0.000225,172.217.194.0-255,4320,22862,73,239050
13690,0.000227,172.31.40.0-255,66,22928,73,239050
13691,0.000244,172.217.194.0-255,1484,24412,73,239050
13692,0.000246,172.31.40.0-255,66,24478,73,239050
13693,0.000278,172.31.40.0-255,66,24544,73,239050
13694,0.000298,172.217.194.0-255,2543,27087,73,239050
13695,0.0003,172.31.40.0-255,66,27153,73,239050
13696,0.000307,172.217.194.0-255,5738,32891,73,239050
13697,0.000309,172.31.40.0-255,66,32957,73,239050
13698,0.000325,172.217.194.0-255,4320,37277,73,239050
13699,0.000327,172.31.40.0-255,66,37343,73,239050
13700,0.000358,172.31.40.0-255,66,37409,73,239050
13701,0.000382,172.31.40.0-255,66,37475,73,239050
13702,0.000436,172.217.194.0-255,646,38121,73,239050
13703,0.000439,172.31.40.0-255,66,38187,73,239050
13704,0.000577,172.217.194.0-255,1484,39671,73,239050
13705,0.000584,172.217.194.0-255,2902,42573,73,239050
13706,0.000587,172.31.40.0-255,66,42639,73,239050
13707,0.000591,172.217.194.0-255,1484,44123,73,239050
13708,0.000609,172.217.194.0-255,4320,48443,73,239050
13709,0.000612,172.31.40.0-255,66,48509,73,239050
13710,0.000626,172.217.194.0-255,4320,52829,73,239050
13711,0.000628,172.31.40.0-255,66,52895,73,239050
13712,0.000643,172.217.194.0-255,1994,54889,73,239050
13713,0.000645,172.31.40.0-255,66,54955,73,239050
13714,0.000686,172.217.194.0-255,7156,62111,73,239050
13715,0.000692,172.217.194.0-255,5738,67849,73,239050
13716,0.000696,172.31.40.0-255,66,67915,73,239050
13717,0.000703,172.31.40.0-255,66,67981,73,239050
13718,0.000709,172.217.194.0-255,4320,72301,73,239050
13719,0.000711,172.31.40.0-255,66,72367,73,239050
13720,0.000734,172.31.40.0-255,66,72433,73,239050
13721,0.000741,172.217.194.0-255,6438,78871,73,239050
13722,0.000744,172.31.40.0-255,66,78937,73,239050
13723,0.001235,172.217.194.0-255,1484,80421,73,239050
13724,0.001241,172.217.194.0-255,2902,83323,73,239050
13725,0.001245,172.31.40.0-255,66,83389,73,239050
13726,0.00125,172.217.194.0-255,2902,86291,73,239050
13727,0.001252,172.31.40.0-255,66,86357,73,239050
13728,0.001266,172.217.194.0-255,2902,89259,73,239050
13729,0.001268,172.31.40.0-255,66,89325,73,239050
13730,0.001272,172.217.194.0-255,2902,92227,73,239050
13731,0.001274,172.31.40.0-255,66,92293,73,239050
13732,0.001298,172.31.40.0-255,66,92359,73,239050
13733,0.00131,172.31.40.0-255,66,92425,73,239050
13734,0.001487,172.31.40.0-255,101,92526,73,239050
13735,0.001523,172.217.194.0-255,1484,94010,73,239050
13736,0.001542,172.217.194.0-255,2902,96912,73,239050
13737,0.001545,172.31.40.0-255,66,96978,73,239050
13738,0.00155,172.217.194.0-255,2902,99880,73,239050
13739,0.001552,172.31.40.0-255,66,99946,73,239050
13740,0.001569,172.217.194.0-255,2902,102848,73,239050
13741,0.001571,172.31.40.0-255,66,102914,73,239050
13742,0.001574,172.217.194.0-255,1484,104398,73,239050
13743,0.001611,172.31.40.0-255,66,104464,73,239050
13744,0.001623,172.31.40.0-255,66,104530,73,239050
13745,0.001648,172.217.194.0-255,4320,108850,73,239050
13746,0.001651,172.31.40.0-255,66,108916,73,239050
13747,0.001654,172.217.194.0-255,1484,110400,73,239050
13748,0.001674,172.217.194.0-255,4320,114720,73,239050
13749,0.001676,172.31.40.0-255,66,114786,73,239050
13750,0.001705,172.31.40.0-255,66,114852,73,239050
13751,0.001726,172.217.194.0-255,2902,117754,73,239050
13752,0.001729,172.31.40.0-255,66,117820,73,239050
13753,0.00174,172.31.40.0-255,66,117886,73,239050
13754,0.001758,172.217.194.0-255,3602,121488,73,239050
13755,0.00176,172.31.40.0-255,66,121554,73,239050
13756,0.001773,172.217.194.0-255,1484,123038,73,239050
13757,0.001786,172.217.194.0-255,2902,125940,73,239050
13758,0.00179,172.31.40.0-255,66,126006,73,239050
13759,0.001812,172.217.194.0-255,5738,131744,73,239050
13760,0.001814,172.31.40.0-255,66,131810,73,239050
13761,0.001819,172.217.194.0-255,2902,134712,73,239050
13762,0.001821,172.31.40.0-255,66,134778,73,239050
13763,0.001849,172.31.40.0-255,66,134844,73,239050
13764,0.001855,172.217.194.0-255,5738,140582,73,239050
13765,0.001857,172.31.40.0-255,66,140648,73,239050
13766,0.001883,172.217.194.0-255,5020,145668,73,239050
13767,0.001887,172.31.40.0-255,66,145734,73,239050
13768,0.00193,172.217.194.0-255,1484,147218,73,239050
13769,0.001934,172.217.194.0-255,1484,148702,73,239050
13770,0.001937,172.31.40.0-255,66,148768,73,239050
13771,0.001958,172.217.194.0-255,1484,150252,73,239050
13772,0.001964,172.217.194.0-255,5738,155990,73,239050
13773,0.001968,172.31.40.0-255,66,156056,73,239050
13774,0.001971,172.217.194.0-255,1484,157540,73,239050
13775,0.002005,172.31.40.0-255,66,157606,73,239050
13776,0.002066,172.31.40.0-255,66,157672,73,239050
13777,0.002068,172.217.194.0-255,1484,159156,73,239050
13778,0.002073,172.217.194.0-255,2902,162058,73,239050
13779,0.002075,172.31.40.0-255,66,162124,73,239050
13780,0.00208,172.217.194.0-255,4320,166444,73,239050
13781,0.002083,172.31.40.0-255,66,166510,73,239050
13782,0.002108,172.217.194.0-255,1484,167994,73,239050
13783,0.002111,172.217.194.0-255,1484,169478,73,239050
13784,0.002113,172.31.40.0-255,66,169544,73,239050
13785,0.002119,172.217.194.0-255,4320,173864,73,239050
13786,0.002121,172.31.40.0-255,66,173930,73,239050
13787,0.002128,172.217.194.0-255,7156,181086,73,239050
13788,0.002131,172.31.40.0-255,66,181152,73,239050
13789,0.002169,172.217.194.0-255,7156,188308,73,239050
13790,0.002172,172.31.40.0-255,66,188374,73,239050
13791,0.002197,172.217.194.0-255,6438,194812,73,239050
13792,0.0022,172.31.40.0-255,66,194878,73,239050
13793,0.002211,172.31.40.0-255,66,194944,73,239050
13794,0.002245,172.217.194.0-255,5738,200682,73,239050
13795,0.002247,172.31.40.0-255,66,200748,73,239050
13796,0.002263,172.31.40.0-255,66,200814,73,239050
13797,0.002274,172.31.40.0-255,66,200880,73,239050
13798,0.002277,172.217.194.0-255,1484,202364,73,239050
13799,0.002282,172.217.194.0-255,4320,206684,73,239050
13800,0.002285,172.31.40.0-255,66,206750,73,239050
13801,0.002305,172.217.194.0-255,1484,208234,73,239050
13802,0.002312,172.31.40.0-255,66,208300,73,239050
13803,0.002337,172.217.194.0-255,3602,211902,73,239050
13804,0.00234,172.217.194.0-255,1484,213386,73,239050
13805,0.002343,172.217.194.0-255,1484,214870,73,239050
13806,0.002358,172.217.194.0-255,4320,219190,73,239050
13807,0.002364,172.217.194.0-255,4320,223510,73,239050
13808,0.002369,172.217.194.0-255,4320,227830,73,239050
13809,0.00239,172.217.194.0-255,4289,232119,73,239050
13810,0.002393,172.217.194.0-255,97,232216,73,239050
13811,0.0024,172.31.40.0-255,66,232282,73,239050
13812,0.002417,172.217.194.0-255,105,232387,73,239050
13813,0.003456,172.217.194.0-255,66,232453,73,239050
13814,0.011639,172.31.40.0-255,105,232558,73,239050
13815,0.013617,172.217.194.0-255,66,232624,73,239050
13816,0.033918,172.31.40.0-255,172,232796,73,239050
13817,0.033957,172.31.40.0-255,1114,233910,73,239050
13818,0.034024,172.31.40.0-255,1514,235424,73,239050
13819,0.034026,172.31.40.0-255,1514,236938,73,239050
13820,0.034027,172.31.40.0-255,1514,238452,73,239050
13821,0.034028,172.31.40.0-255,160,238612,73,239050
13822,0.035452,104.244.42.0-255,66,238678,73,239050
13823,0.035554,104.244.42.0-255,66,238744,73,239050
13824,0.035584,104.244.42.0-255,66,238810,73,239050
13825,0.035587,104.244.42.0-255,66,238876,73,239050
13826,0.036231,104.244.42.0-255,108,238984,73,239050
13827,0.036242,172.31.40.0-255,66,239050,73,239050
13828,0.0,172.217.194.0-255,152,152,73,224253
13829,1.8e-05,172.31.40.0-255,66,218,73,224253
13830,2.5e-05,172.217.194.0-255,1484,1702,73,224253
13831,2.9e-05,172.31.40.0-255,66,1768,73,224253
13832,3.5e-05,172.217.194.0-255,2902,4670,73,224253
13833,3.8e-05,172.31.40.0-255,66,4736,73,224253
13834,5.1e-05,172.217.194.0-255,4320,9056,73,224253
13835,5.4e-05,172.31.40.0-255,66,9122,73,224253
13836,9.3e-05,172.31.40.0-255,66,9188,73,224253
13837,9.9e-05,172.217.194.0-255,5738,14926,73,224253
13838,0.000101,172.31.40.0-255,66,14992,73,224253
13839,0.000144,172.217.194.0-255,6797,21789,73,224253
13840,0.000147,172.31.40.0-255,66,21855,73,224253
13841,0.000258,172.217.194.0-255,1484,23339,73,224253
13842,0.000263,172.31.40.0-255,66,23405,73,224253
13843,0.000268,172.217.194.0-255,2902,26307,73,224253
13844,0.000271,172.31.40.0-255,66,26373,73,224253
13845,0.000275,172.217.194.0-255,2902,29275,73,224253
13846,0.000277,172.31.40.0-255,66,29341,73,224253
13847,0.000315,172.217.194.0-255,2902,32243,73,224253
13848,0.000318,172.31.40.0-255,66,32309,73,224253
13849,0.000324,172.217.194.0-255,5738,38047,73,224253
13850,0.000326,172.31.40.0-255,66,38113,73,224253
13851,0.000342,172.31.40.0-255,66,38179,73,224253
13852,0.000347,172.217.194.0-255,4250,42429,73,224253
13853,0.00035,172.31.40.0-255,66,42495,73,224253
13854,0.000391,172.217.194.0-255,365,42860,73,224253
13855,0.000394,172.31.40.0-255,66,42926,73,224253
13856,0.000528,172.217.194.0-255,1484,44410,73,224253
13857,0.000533,172.31.40.0-255,66,44476,73,224253
13858,0.000538,172.217.194.0-255,2902,47378,73,224253
13859,0.000541,172.31.40.0-255,66,47444,73,224253
13860,0.000547,172.217.194.0-255,5738,53182,73,224253
13861,0.000554,172.31.40.0-255,66,53248,73,224253
13862,0.000591,172.31.40.0-255,66,53314,73,224253
13863,0.00062,172.217.194.0-255,2902,56216,73,224253
13864,0.000623,172.31.40.0-255,66,56282,73,224253
13865,0.000653,172.31.40.0-255,66,56348,73,224253
13866,0.000776,172.217.194.0-255,1484,57832,73,224253
13867,0.00079,172.217.194.0-255,1484,59316,73,224253
13868,0.000794,172.31.40.0-255,66,59382,73,224253
13869,0.000824,172.217.194.0-255,2902,62284,73,224253
13870,0.000827,172.31.40.0-255,66,62350,73,224253
13871,0.000833,172.217.194.0-255,5738,68088,73,224253
13872,0.000836,172.31.40.0-255,66,68154,73,224253
13873,0.000863,172.217.194.0-255,7156,75310,73,224253
13874,0.000867,172.31.40.0-255,66,75376,73,224253
13875,0.000896,172.217.194.0-255,5738,81114,73,224253
13876,0.000899,172.31.40.0-255,66,81180,73,224253
13877,0.000904,172.217.194.0-255,2902,84082,73,224253
13878,0.000906,172.31.40.0-255,66,84148,73,224253
13879,0.000934,172.217.194.0-255,6438,90586,73,224253
13880,0.000938,172.31.40.0-255,66,90652,73,224253
13881,0.00099,172.217.194.0-255,1484,92136,73,224253
13882,0.000994,172.217.194.0-255,1484,93620,73,224253
13883,0.000997,172.31.40.0-255,66,93686,73,224253
13884,0.001016,172.217.194.0-255,1484,95170,73,224253
13885,0.001022,172.217.194.0-255,4320,99490,73,224253
13886,0.001024,172.31.40.0-255,66,99556,73,224253
13887,0.001049,172.217.194.0-255,1484,101040,73,224253
13888,0.001053,172.217.194.0-255,1484,102524,73,224253
13889,0.001056,172.31.40.0-255,66,102590,73,224253
13890,0.001082,172.31.40.0-255,66,102656,73,224253
13891,0.00111,172.217.194.0-255,7156,109812,73,224253
13892,0.001113,172.31.40.0-255,66,109878,73,224253
13893,0.00114,172.217.194.0-255,3602,113480,73,224253
13894,0.001142,172.31.40.0-255,66,113546,73,224253
13895,0.001213,172.217.194.0-255,1484,115030,73,224253
13896,0.001219,172.217.194.0-255,2902,117932,73,224253
13897,0.001222,172.31.40.0-255,66,117998,73,224253
13898,0.001226,172.217.194.0-255,1484,119482,73,224253
13899,0.001252,172.217.194.0-255,4320,123802,73,224253
13900,0.001255,172.31.40.0-255,66,123868,73,224253
13901,0.001261,172.217.194.0-255,5738,129606,73,224253
13902,0.001263,172.31.40.0-255,66,129672,73,224253
13903,0.001269,172.217.194.0-255,5738,135410,73,224253
13904,0.001272,172.31.40.0-255,66,135476,73,224253
13905,0.001299,172.217.194.0-255,1484,136960,73,224253
13906,0.001342,172.31.40.0-255,66,137026,73,224253
13907,0.001506,172.217.194.0-255,1484,138510,73,224253
13908,0.001512,172.217.194.0-255,2902,141412,73,224253
13909,0.001515,172.31.40.0-255,66,141478,73,224253
13910,0.001522,172.217.194.0-255,5738,147216,73,224253
13911,0.001524,172.31.40.0-255,66,147282,73,224253
13912,0.001568,172.31.40.0-255,66,147348,73,224253
13913,0.001579,172.31.40.0-255,66,147414,73,224253
13914,0.001603,172.217.194.0-255,2184,149598,73,224253
13915,0.001605,172.31.40.0-255,66,149664,73,224253
13916,0.001632,172.217.194.0-255,1484,151148,73,224253
13917,0.001637,172.217.194.0-255,2902,154050,73,224253
13918,0.00164,172.31.40.0-255,66,154116,73,224253
13919,0.001662,172.217.194.0-255,5738,159854,73,224253
13920,0.00167,172.31.40.0-255,66,159920,73,224253
13921,0.001676,172.217.194.0-255,5738,165658,73,224253
13922,0.001678,172.31.40.0-255,66,165724,73,224253
13923,0.001687,172.217.194.0-255,2902,168626,73,224253
13924,0.00169,172.31.40.0-255,66,168692,73,224253
13925,0.00172,172.31.40.0-255,66,168758,73,224253
13926,0.001765,172.31.40.0-255,66,168824,73,224253
13927,0.001794,172.217.194.0-255,2184,171008,73,224253
13928,0.001797,172.31.40.0-255,66,171074,73,224253
13929,0.001813,172.31.40.0-255,66,171140,73,224253
13930,0.001823,172.31.40.0-255,66,171206,73,224253
13931,0.001826,172.217.194.0-255,1484,172690,73,224253
13932,0.00183,172.217.194.0-255,2902,175592,73,224253
13933,0.001833,172.31.40.0-255,66,175658,73,224253
13934,0.001839,172.217.194.0-255,5738,181396,73,224253
13935,0.001841,172.31.40.0-255,66,181462,73,224253
13936,0.001878,172.31.40.0-255,66,181528,73,224253
13937,0.001907,172.217.194.0-255,4320,185848,73,224253
13938,0.00191,172.31.40.0-255,66,185914,73,224253
13939,0.001917,172.217.194.0-255,7156,193070,73,224253
13940,0.001919,172.31.40.0-255,66,193136,73,224253
13941,0.00195,172.217.194.0-255,5020,198156,73,224253
13942,0.001953,172.31.40.0-255,66,198222,73,224253
13943,0.001985,172.217.194.0-255,5738,203960,73,224253
13944,0.001988,172.31.40.0-255,66,204026,73,224253
13945,0.001999,172.31.40.0-255,66,204092,73,224253
13946,0.002028,172.217.194.0-255,2902,206994,73,224253
13947,0.002031,172.31.40.0-255,66,207060,73,224253
13948,0.002061,172.31.40.0-255,66,207126,73,224253
13949,0.002079,172.31.40.0-255,66,207192,73,224253
13950,0.002115,172.217.194.0-255,3602,210794,73,224253
13951,0.002118,172.31.40.0-255,66,210860,73,224253
13952,0.002133,172.31.40.0-255,66,210926,73,224253
13953,0.002136,172.217.194.0-255,1484,212410,73,224253
13954,0.002164,172.217.194.0-255,5738,218148,73,224253
13955,0.002167,172.31.40.0-255,66,218214,73,224253
13956,0.002205,172.31.40.0-255,66,218280,73,224253
13957,0.002208,172.217.194.0-255,105,218385,73,224253
13958,0.013966,172.31.40.0-255,101,218486,73,224253
13959,0.014831,172.31.40.0-255,105,218591,73,224253
13960,0.016215,172.217.194.0-255,66,218657,73,224253
13961,0.017046,172.217.194.0-255,66,218723,73,224253
13962,0.046873,172.31.40.0-255,172,218895,73,224253
13963,0.046906,172.31.40.0-255,1115,220010,73,224253
13964,0.046957,172.31.40.0-255,1514,221524,73,224253
13965,0.046958,172.31.40.0-255,1514,223038,73,224253
13966,0.046959,172.31.40.0-255,951,223989,73,224253
13967,0.048415,104.244.42.0-255,66,224055,73,224253
13968,0.048426,104.244.42.0-255,66,224121,73,224253
13969,0.04851,104.244.42.0-255,66,224187,73,224253
13970,0.048515,104.244.42.0-255,66,224253,73,224253
13971,0.0,74.125.24.0-255,146,146,73,182786
13972,2e-05,172.31.40.0-255,66,212,73,182786
13973,2.7e-05,74.125.24.0-255,1484,1696,73,182786
13974,3.2e-05,172.31.40.0-255,66,1762,73,182786
13975,3.8e-05,74.125.24.0-255,2902,4664,73,182786
13976,4.1e-05,172.31.40.0-255,66,4730,73,182786
13977,4.9e-05,74.125.24.0-255,7156,11886,73,182786
13978,5.2e-05,172.31.40.0-255,66,11952,73,182786
13979,5.9e-05,74.125.24.0-255,5738,17690,73,182786
13980,7.1e-05,172.31.40.0-255,66,17756,73,182786
13981,8.8e-05,74.125.24.0-255,2167,19923,73,182786
13982,9.6e-05,172.31.40.0-255,66,19989,73,182786
13983,0.000106,172.31.40.0-255,66,20055,73,182786
13984,0.000134,74.125.24.0-255,2543,22598,73,182786
13985,0.000136,172.31.40.0-255,66,22664,73,182786
13986,0.000208,74.125.24.0-255,1484,24148,73,182786
13987,0.000224,172.31.40.0-255,66,24214,73,182786
13988,0.000229,74.125.24.0-255,2902,27116,73,182786
13989,0.000232,172.31.40.0-255,66,27182,73,182786
13990,0.000243,74.125.24.0-255,5738,32920,73,182786
13991,0.000245,172.31.40.0-255,66,32986,73,182786
13992,0.000252,74.125.24.0-255,6797,39783,73,182786
13993,0.000254,172.31.40.0-255,66,39849,73,182786
13994,0.000297,74.125.24.0-255,2902,42751,73,182786
13995,0.0003,172.31.40.0-255,66,42817,73,182786
13996,0.000327,172.31.40.0-255,66,42883,73,182786
13997,0.000373,74.125.24.0-255,5714,48597,73,182786
13998,0.000376,172.31.40.0-255,66,48663,73,182786
13999,0.000406,74.125.24.0-255,1484,50147,73,182786
14000,0.000409,172.31.40.0-255,66,50213,73,182786
14001,0.000413,74.125.24.0-255,2902,53115,73,182786
14002,0.000416,172.31.40.0-255,66,53181,73,182786
14003,0.000419,74.125.24.0-255,1484,54665,73,182786
14004,0.000454,74.125.24.0-255,4320,58985,73,182786
14005,0.000457,172.31.40.0-255,66,59051,73,182786
14006,0.000463,74.125.24.0-255,6797,65848,73,182786
14007,0.000466,172.31.40.0-255,66,65914,73,182786
14008,0.000477,74.125.24.0-255,7156,73070,73,182786
14009,0.000479,172.31.40.0-255,66,73136,73,182786
14010,0.000515,172.31.40.0-255,66,73202,73,182786
14011,0.000673,74.125.24.0-255,1484,74686,73,182786
14012,0.000679,74.125.24.0-255,2902,77588,73,182786
14013,0.000683,172.31.40.0-255,66,77654,73,182786
14014,0.00069,74.125.24.0-255,5738,83392,73,182786
14015,0.000693,172.31.40.0-255,66,83458,73,182786
14016,0.000702,74.125.24.0-255,4320,87778,73,182786
14017,0.000705,172.31.40.0-255,66,87844,73,182786
14018,0.00071,74.125.24.0-255,2902,90746,73,182786
14019,0.000712,172.31.40.0-255,66,90812,73,182786
14020,0.00076,172.31.40.0-255,66,90878,73,182786
14021,0.000771,172.31.40.0-255,66,90944,73,182786
14022,0.001172,74.125.24.0-255,1484,92428,73,182786
14023,0.001179,74.125.24.0-255,2902,95330,73,182786
14024,0.001182,172.31.40.0-255,66,95396,73,182786
14025,0.001217,74.125.24.0-255,5738,101134,73,182786
14026,0.00122,172.31.40.0-255,66,101200,73,182786
14027,0.001231,172.31.40.0-255,66,101266,73,182786
14028,0.001257,74.125.24.0-255,2902,104168,73,182786
14029,0.001259,172.31.40.0-255,66,104234,73,182786
14030,0.001299,172.31.40.0-255,66,104300,73,182786
14031,0.00189,74.125.24.0-255,1484,105784,73,182786
14032,0.001897,74.125.24.0-255,2902,108686,73,182786
14033,0.001901,172.31.40.0-255,66,108752,73,182786
14034,0.001905,74.125.24.0-255,1484,110236,73,182786
14035,0.001931,74.125.24.0-255,4320,114556,73,182786
14036,0.001934,172.31.40.0-255,66,114622,73,182786
14037,0.001951,172.31.40.0-255,66,114688,73,182786
14038,0.001987,172.31.40.0-255,66,114754,73,182786
14039,0.002035,74.125.24.0-255,1484,116238,73,182786
14040,0.002039,74.125.24.0-255,2902,119140,73,182786
14041,0.002042,172.31.40.0-255,66,119206,73,182786
14042,0.002047,74.125.24.0-255,2902,122108,73,182786
14043,0.002048,172.31.40.0-255,66,122174,73,182786
14044,0.002072,74.125.24.0-255,2902,125076,73,182786
14045,0.002074,172.31.40.0-255,66,125142,73,182786
14046,0.00208,74.125.24.0-255,5738,130880,73,182786
14047,0.002082,172.31.40.0-255,66,130946,73,182786
14048,0.0021,172.31.40.0-255,66,131012,73,182786
14049,0.002143,172.31.40.0-255,66,131078,73,182786
14050,0.002185,74.125.24.0-255,5738,136816,73,182786
14051,0.002187,172.31.40.0-255,66,136882,73,182786
14052,0.002227,172.31.40.0-255,66,136948,73,182786
14053,0.002248,172.31.40.0-255,66,137014,73,182786
14054,0.002251,74.125.24.0-255,766,137780,73,182786
14055,0.002254,74.125.24.0-255,1484,139264,73,182786
14056,0.002256,172.31.40.0-255,66,139330,73,182786
14057,0.00226,74.125.24.0-255,2902,142232,73,182786
14058,0.002262,172.31.40.0-255,66,142298,73,182786
14059,0.002299,74.125.24.0-255,5738,148036,73,182786
14060,0.002301,172.31.40.0-255,66,148102,73,182786
14061,0.002313,172.31.40.0-255,66,148168,73,182786
14062,0.002331,74.125.24.0-255,2902,151070,73,182786
14063,0.002338,172.31.40.0-255,66,151136,73,182786
14064,0.002351,172.31.40.0-255,66,151202,73,182786
14065,0.002425,74.125.24.0-255,1484,152686,73,182786
14066,0.002432,74.125.24.0-255,2902,155588,73,182786
14067,0.002436,172.31.40.0-255,66,155654,73,182786
14068,0.002467,74.125.24.0-255,5738,161392,73,182786
14069,0.002471,172.31.40.0-255,66,161458,73,182786
14070,0.002481,172.31.40.0-255,66,161524,73,182786
14071,0.002522,172.31.40.0-255,66,161590,73,182786
14072,0.002529,74.125.24.0-255,5020,166610,73,182786
14073,0.002531,172.31.40.0-255,66,166676,73,182786
14074,0.002541,74.125.24.0-255,4320,170996,73,182786
14075,0.002543,172.31.40.0-255,66,171062,73,182786
14076,0.002567,74.125.24.0-255,1484,172546,73,182786
14077,0.002585,172.31.40.0-255,66,172612,73,182786
14078,0.002596,172.31.40.0-255,66,172678,73,182786
14079,0.002625,74.125.24.0-255,2902,175580,73,182786
14080,0.002627,172.31.40.0-255,66,175646,73,182786
14081,0.00265,172.31.40.0-255,66,175712,73,182786
14082,0.002684,172.31.40.0-255,66,175778,73,182786
14083,0.002701,172.31.40.0-255,66,175844,73,182786
14084,0.002712,172.31.40.0-255,66,175910,73,182786
14085,0.00275,172.31.40.0-255,66,175976,73,182786
14086,0.005355,74.125.24.0-255,136,176112,73,182786
14087,0.012339,172.31.40.0-255,66,176178,73,182786
14088,0.012388,172.31.40.0-255,105,176283,73,182786
14089,0.014992,74.125.24.0-255,66,176349,73,182786
14090,0.034259,172.31.40.0-255,190,176539,73,182786
14091,0.034301,172.31.40.0-255,1110,177649,73,182786
14092,0.034368,172.31.40.0-255,1514,179163,73,182786
14093,0.03437,172.31.40.0-255,1514,180677,73,182786
14094,0.034374,172.31.40.0-255,1514,182191,73,182786
14095,0.034375,172.31.40.0-255,331,182522,73,182786
14096,0.035806,104.244.42.0-255,66,182588,73,182786
14097,0.035857,104.244.42.0-255,66,182654,73,182786
14098,0.035909,104.244.42.0-255,66,182720,73,182786
14099,0.035915,104.244.42.0-255,66,182786,73,182786
14100,0.0,172.217.194.0-255,218,218,73,172242
14101,2.5e-05,172.31.40.0-255,66,284,73,172242
14102,3.2e-05,172.217.194.0-255,1484,1768,73,172242
14103,3.7e-05,172.31.40.0-255,66,1834,73,172242
14104,4.4e-05,172.217.194.0-255,4320,6154,73,172242
14105,5.7e-05,172.31.40.0-255,66,6220,73,172242
14106,6.9e-05,172.31.40.0-255,66,6286,73,172242
14107,0.000118,172.31.40.0-255,66,6352,73,172242
14108,0.00014,172.217.194.0-255,1484,7836,73,172242
14109,0.000143,172.31.40.0-255,66,7902,73,172242
14110,0.000149,172.217.194.0-255,2543,10445,73,172242
14111,0.000151,172.31.40.0-255,66,10511,73,172242
14112,0.000154,172.217.194.0-255,1484,11995,73,172242
14113,0.000156,172.31.40.0-255,66,12061,73,172242
14114,0.000165,172.217.194.0-255,2902,14963,73,172242
14115,0.000168,172.31.40.0-255,66,15029,73,172242
14116,0.000185,172.217.194.0-255,5738,20767,73,172242
14117,0.000187,172.31.40.0-255,66,20833,73,172242
14118,0.000215,172.217.194.0-255,7156,27989,73,172242
14119,0.000218,172.31.40.0-255,66,28055,73,172242
14120,0.000231,172.31.40.0-255,66,28121,73,172242
14121,0.000256,172.217.194.0-255,4320,32441,73,172242
14122,0.000259,172.31.40.0-255,66,32507,73,172242
14123,0.000263,172.217.194.0-255,2794,35301,73,172242
14124,0.000265,172.31.40.0-255,66,35367,73,172242
14125,0.000412,172.217.194.0-255,1484,36851,73,172242
14126,0.000416,172.31.40.0-255,66,36917,73,172242
14127,0.000422,172.217.194.0-255,2902,39819,73,172242
14128,0.000424,172.31.40.0-255,66,39885,73,172242
14129,0.000472,172.217.194.0-255,5738,45623,73,172242
14130,0.000476,172.31.40.0-255,66,45689,73,172242
14131,0.00049,172.31.40.0-255,66,45755,73,172242
14132,0.000516,172.217.194.0-255,7156,52911,73,172242
14133,0.000518,172.31.40.0-255,66,52977,73,172242
14134,0.000544,172.217.194.0-255,3602,56579,73,172242
14135,0.000547,172.31.40.0-255,66,56645,73,172242
14136,0.001369,172.217.194.0-255,1484,58129,73,172242
14137,0.001379,172.217.194.0-255,2902,61031,73,172242
14138,0.001384,172.31.40.0-255,66,61097,73,172242
14139,0.001392,172.217.194.0-255,5738,66835,73,172242
14140,0.001394,172.31.40.0-255,66,66901,73,172242
14141,0.001433,172.31.40.0-255,66,66967,73,172242
14142,0.001461,172.217.194.0-255,2902,69869,73,172242
14143,0.001463,172.31.40.0-255,66,69935,73,172242
14144,0.001467,172.217.194.0-255,1484,71419,73,172242
14145,0.0015,172.31.40.0-255,66,71485,73,172242
14146,0.001631,172.217.194.0-255,1484,72969,73,172242
14147,0.001637,172.217.194.0-255,2902,75871,73,172242
14148,0.00164,172.31.40.0-255,66,75937,73,172242
14149,0.001644,172.217.194.0-255,1484,77421,73,172242
14150,0.00168,172.217.194.0-255,4320,81741,73,172242
14151,0.001683,172.31.40.0-255,66,81807,73,172242
14152,0.001697,172.31.40.0-255,66,81873,73,172242
14153,0.001711,172.31.40.0-255,66,81939,73,172242
14154,0.001817,172.217.194.0-255,1484,83423,73,172242
14155,0.001822,172.217.194.0-255,2902,86325,73,172242
14156,0.001826,172.31.40.0-255,66,86391,73,172242
14157,0.001833,172.217.194.0-255,5738,92129,73,172242
14158,0.001835,172.31.40.0-255,66,92195,73,172242
14159,0.001873,172.31.40.0-255,66,92261,73,172242
14160,0.00192,172.31.40.0-255,66,92327,73,172242
14161,0.001943,172.217.194.0-255,1484,93811,73,172242
14162,0.001949,172.217.194.0-255,2902,96713,73,172242
14163,0.001951,172.31.40.0-255,66,96779,73,172242
14164,0.001957,172.217.194.0-255,5738,102517,73,172242
14165,0.00196,172.31.40.0-255,66,102583,73,172242
14166,0.002022,172.31.40.0-255,66,102649,73,172242
14167,0.002041,172.31.40.0-255,66,102715,73,172242
14168,0.002058,172.31.40.0-255,66,102781,73,172242
14169,0.002094,172.217.194.0-255,7156,109937,73,172242
14170,0.002097,172.31.40.0-255,66,110003,73,172242
14171,0.002118,172.217.194.0-255,6438,116441,73,172242
14172,0.002121,172.31.40.0-255,66,116507,73,172242
14173,0.002125,172.217.194.0-255,2902,119409,73,172242
14174,0.002129,172.31.40.0-255,66,119475,73,172242
14175,0.002155,172.217.194.0-255,4320,123795,73,172242
14176,0.002158,172.31.40.0-255,66,123861,73,172242
14177,0.002164,172.217.194.0-255,5738,129599,73,172242
14178,0.002166,172.31.40.0-255,66,129665,73,172242
14179,0.002195,172.217.194.0-255,2902,132567,73,172242
14180,0.002198,172.31.40.0-255,66,132633,73,172242
14181,0.002209,172.31.40.0-255,66,132699,73,172242
14182,0.002238,172.217.194.0-255,4320,137019,73,172242
14183,0.002241,172.31.40.0-255,66,137085,73,172242
14184,0.002268,172.217.194.0-255,3602,140687,73,172242
14185,0.00227,172.31.40.0-255,66,140753,73,172242
14186,0.002281,172.31.40.0-255,66,140819,73,172242
14187,0.002334,172.31.40.0-255,66,140885,73,172242
14188,0.002358,172.31.40.0-255,66,140951,73,172242
14189,0.002385,172.31.40.0-255,66,141017,73,172242
14190,0.002395,172.31.40.0-255,66,141083,73,172242
14191,0.002428,172.217.194.0-255,7156,148239,73,172242
14192,0.002431,172.31.40.0-255,66,148305,73,172242
14193,0.002526,172.31.40.0-255,66,148371,73,172242
14194,0.004907,172.217.194.0-255,5738,154109,73,172242
14195,0.004915,172.31.40.0-255,66,154175,73,172242
14196,0.007311,172.217.194.0-255,5738,159913,73,172242
14197,0.00732,172.31.40.0-255,66,159979,73,172242
14198,0.009676,172.217.194.0-255,5738,165717,73,172242
14199,0.009684,172.31.40.0-255,66,165783,73,172242
14200,0.012014,172.217.194.0-255,233,166016,73,172242
14201,0.012389,172.31.40.0-255,66,166082,73,172242
14202,0.012422,172.31.40.0-255,105,166187,73,172242
14203,0.014783,172.217.194.0-255,66,166253,73,172242
14204,0.034655,172.31.40.0-255,172,166425,73,172242
14205,0.034692,172.31.40.0-255,1115,167540,73,172242
14206,0.034758,172.31.40.0-255,1514,169054,73,172242
14207,0.034761,172.31.40.0-255,1514,170568,73,172242
14208,0.034764,172.31.40.0-255,1410,171978,73,172242
14209,0.036246,104.244.42.0-255,66,172044,73,172242
14210,0.036426,104.244.42.0-255,66,172110,73,172242
14211,0.036454,104.244.42.0-255,66,172176,73,172242
14212,0.036486,104.244.42.0-255,66,172242,73,172242
14213,0.0,172.217.194.0-255,143,143,73,255968
14214,2e-05,172.31.40.0-255,66,209,73,255968
14215,2.7e-05,172.217.194.0-255,1484,1693,73,255968
14216,3e-05,172.31.40.0-255,66,1759,73,255968
14217,3.6e-05,172.217.194.0-255,2902,4661,73,255968
14218,3.9e-05,172.31.40.0-255,66,4727,73,255968
14219,4.3e-05,172.217.194.0-255,1484,6211,73,255968
14220,4.5e-05,172.31.40.0-255,66,6277,73,255968
14221,7.2e-05,172.217.194.0-255,2902,9179,73,255968
14222,7.4e-05,172.31.40.0-255,66,9245,73,255968
14223,9.8e-05,172.217.194.0-255,4877,14122,73,255968
14224,0.0001,172.31.40.0-255,66,14188,73,255968
14225,0.000118,172.31.40.0-255,66,14254,73,255968
14226,0.000139,172.31.40.0-255,66,14320,73,255968
14227,0.000192,172.217.194.0-255,1484,15804,73,255968
14228,0.000194,172.31.40.0-255,66,15870,73,255968
14229,0.000199,172.217.194.0-255,2902,18772,73,255968
14230,0.000201,172.31.40.0-255,66,18838,73,255968
14231,0.000203,172.217.194.0-255,1484,20322,73,255968
14232,0.000205,172.31.40.0-255,66,20388,73,255968
14233,0.000219,172.217.194.0-255,4320,24708,73,255968
14234,0.000221,172.31.40.0-255,66,24774,73,255968
14235,0.000228,172.217.194.0-255,6797,31571,73,255968
14236,0.00023,172.31.40.0-255,66,31637,73,255968
14237,0.000265,172.217.194.0-255,4320,35957,73,255968
14238,0.000267,172.31.40.0-255,66,36023,73,255968
14239,0.000291,172.217.194.0-255,2902,38925,73,255968
14240,0.000294,172.31.40.0-255,66,38991,73,255968
14241,0.000301,172.217.194.0-255,7156,46147,73,255968
14242,0.000303,172.31.40.0-255,66,46213,73,255968
14243,0.000325,172.217.194.0-255,2818,49031,73,255968
14244,0.000327,172.31.40.0-255,66,49097,73,255968
14245,0.000486,172.217.194.0-255,119,49216,73,255968
14246,0.000823,172.217.194.0-255,382,49598,73,255968
14247,0.001016,172.217.194.0-255,1484,51082,73,255968
14248,0.001021,172.31.40.0-255,66,51148,73,255968
14249,0.001026,172.217.194.0-255,2902,54050,73,255968
14250,0.001029,172.31.40.0-255,66,54116,73,255968
14251,0.001034,172.217.194.0-255,2902,57018,73,255968
14252,0.001036,172.31.40.0-255,66,57084,73,255968
14253,0.001058,172.217.194.0-255,2902,59986,73,255968
14254,0.001061,172.31.40.0-255,66,60052,73,255968
14255,0.001074,172.31.40.0-255,66,60118,73,255968
14256,0.001112,172.217.194.0-255,5738,65856,73,255968
14257,0.001115,172.31.40.0-255,66,65922,73,255968
14258,0.001131,172.217.194.0-255,6438,72360,73,255968
14259,0.001134,172.31.40.0-255,66,72426,73,255968
14260,0.001261,172.217.194.0-255,1484,73910,73,255968
14261,0.001267,172.217.194.0-255,2902,76812,73,255968
14262,0.00127,172.31.40.0-255,66,76878,73,255968
14263,0.001292,172.217.194.0-255,5738,82616,73,255968
14264,0.001294,172.31.40.0-255,66,82682,73,255968
14265,0.001324,172.31.40.0-255,66,82748,73,255968
14266,0.001341,172.217.194.0-255,1484,84232,73,255968
14267,0.001375,172.31.40.0-255,66,84298,73,255968
14268,0.001391,172.217.194.0-255,766,85064,73,255968
14269,0.00149,172.217.194.0-255,1484,86548,73,255968
14270,0.001493,172.31.40.0-255,66,86614,73,255968
14271,0.001498,172.217.194.0-255,2902,89516,73,255968
14272,0.001501,172.31.40.0-255,66,89582,73,255968
14273,0.001507,172.217.194.0-255,4320,93902,73,255968
14274,0.001509,172.31.40.0-255,66,93968,73,255968
14275,0.001527,172.217.194.0-255,1484,95452,73,255968
14276,0.001561,172.31.40.0-255,66,95518,73,255968
14277,0.0016,172.217.194.0-255,7156,102674,73,255968
14278,0.001602,172.31.40.0-255,66,102740,73,255968
14279,0.001625,172.217.194.0-255,3602,106342,73,255968
14280,0.001628,172.31.40.0-255,66,106408,73,255968
14281,0.001641,172.31.40.0-255,66,106474,73,255968
14282,0.001654,172.31.40.0-255,66,106540,73,255968
14283,0.001699,172.31.40.0-255,66,106606,73,255968
14284,0.001837,172.217.194.0-255,1484,108090,73,255968
14285,0.001843,172.217.194.0-255,2902,110992,73,255968
14286,0.001846,172.31.40.0-255,66,111058,73,255968
14287,0.001853,172.217.194.0-255,5738,116796,73,255968
14288,0.001855,172.31.40.0-255,66,116862,73,255968
14289,0.001883,172.217.194.0-255,7156,124018,73,255968
14290,0.001887,172.31.40.0-255,66,124084,73,255968
14291,0.001896,172.217.194.0-255,4320,128404,73,255968
14292,0.001898,172.31.40.0-255,66,128470,73,255968
14293,0.001924,172.31.40.0-255,66,128536,73,255968
14294,0.001928,172.217.194.0-255,2184,130720,73,255968
14295,0.001929,172.31.40.0-255,66,130786,73,255968
14296,0.002058,172.217.194.0-255,1484,132270,73,255968
14297,0.002062,172.217.194.0-255,2902,135172,73,255968
14298,0.002066,172.31.40.0-255,66,135238,73,255968
14299,0.002073,172.217.194.0-255,1484,136722,73,255968
14300,0.002088,172.217.194.0-255,4320,141042,73,255968
14301,0.00209,172.31.40.0-255,66,141108,73,255968
14302,0.002095,172.217.194.0-255,4320,145428,73,255968
14303,0.002096,172.31.40.0-255,66,145494,73,255968
14304,0.002129,172.31.40.0-255,66,145560,73,255968
14305,0.00214,172.31.40.0-255,66,145626,73,255968
14306,0.002168,172.217.194.0-255,1484,147110,73,255968
14307,0.002184,172.217.194.0-255,2902,150012,73,255968
14308,0.002187,172.31.40.0-255,66,150078,73,255968
14309,0.002194,172.217.194.0-255,5738,155816,73,255968
14310,0.002196,172.31.40.0-255,66,155882,73,255968
14311,0.002224,172.31.40.0-255,66,155948,73,255968
14312,0.002242,172.217.194.0-255,1484,157432,73,255968
14313,0.002245,172.217.194.0-255,1484,158916,73,255968
14314,0.002247,172.31.40.0-255,66,158982,73,255968
14315,0.002279,172.217.194.0-255,1484,160466,73,255968
14316,0.002301,172.31.40.0-255,66,160532,73,255968
14317,0.002379,172.217.194.0-255,1484,162016,73,255968
14318,0.0024,172.217.194.0-255,2902,164918,73,255968
14319,0.002404,172.31.40.0-255,66,164984,73,255968
14320,0.002425,172.217.194.0-255,2902,167886,73,255968
14321,0.002428,172.31.40.0-255,66,167952,73,255968
14322,0.002459,172.217.194.0-255,2902,170854,73,255968
14323,0.002462,172.31.40.0-255,66,170920,73,255968
14324,0.002475,172.31.40.0-255,66,170986,73,255968
14325,0.002486,172.31.40.0-255,66,171052,73,255968
14326,0.002488,172.217.194.0-255,766,171818,73,255968
14327,0.00251,172.217.194.0-255,1484,173302,73,255968
14328,0.002512,172.31.40.0-255,66,173368,73,255968
14329,0.002517,172.217.194.0-255,4320,177688,73,255968
14330,0.002519,172.31.40.0-255,66,177754,73,255968
14331,0.002522,172.217.194.0-255,1484,179238,73,255968
14332,0.002535,172.217.194.0-255,1484,180722,73,255968
14333,0.002537,172.31.40.0-255,66,180788,73,255968
14334,0.005025,172.217.194.0-255,2902,183690,73,255968
14335,0.005034,172.31.40.0-255,66,183756,73,255968
14336,0.005056,172.217.194.0-255,2902,186658,73,255968
14337,0.005058,172.31.40.0-255,66,186724,73,255968
14338,0.007533,172.217.194.0-255,2902,189626,73,255968
14339,0.007542,172.31.40.0-255,66,189692,73,255968
14340,0.007564,172.217.194.0-255,2902,192594,73,255968
14341,0.007567,172.31.40.0-255,66,192660,73,255968
14342,0.010061,172.217.194.0-255,5738,198398,73,255968
14343,0.010078,172.31.40.0-255,66,198464,73,255968
14344,0.012594,172.217.194.0-255,5738,204202,73,255968
14345,0.012599,172.31.40.0-255,66,204268,73,255968
14346,0.015118,172.217.194.0-255,5738,210006,73,255968
14347,0.015129,172.31.40.0-255,66,210072,73,255968
14348,0.01764,172.217.194.0-255,5738,215810,73,255968
14349,0.01765,172.31.40.0-255,66,215876,73,255968
14350,0.020163,172.217.194.0-255,5738,221614,73,255968
14351,0.020172,172.31.40.0-255,66,221680,73,255968
14352,0.022688,172.217.194.0-255,5738,227418,73,255968
14353,0.022697,172.31.40.0-255,66,227484,73,255968
14354,0.025232,172.217.194.0-255,5738,233222,73,255968
14355,0.025241,172.31.40.0-255,66,233288,73,255968
14356,0.027809,172.217.194.0-255,5738,239026,73,255968
14357,0.027828,172.31.40.0-255,66,239092,73,255968
14358,0.03033,172.217.194.0-255,5738,244830,73,255968
14359,0.030337,172.31.40.0-255,66,244896,73,255968
14360,0.032853,172.217.194.0-255,5738,250634,73,255968
14361,0.03286,172.31.40.0-255,66,250700,73,255968
14362,0.035372,172.217.194.0-255,5031,255731,73,255968
14363,0.035387,172.31.40.0-255,66,255797,73,255968
14364,0.035996,172.31.40.0-255,105,255902,73,255968
14365,0.038468,172.217.194.0-255,66,255968,73,255968
14366,0.0,172.217.194.0-255,152,152,73,85155
14367,2.1e-05,172.31.40.0-255,66,218,73,85155
14368,4.8e-05,172.217.194.0-255,1484,1702,73,85155
14369,5.4e-05,172.31.40.0-255,66,1768,73,85155
14370,6e-05,172.217.194.0-255,2902,4670,73,85155
14371,6.4e-05,172.31.40.0-255,66,4736,73,85155
14372,0.000102,172.217.194.0-255,7156,11892,73,85155
14373,0.000106,172.31.40.0-255,66,11958,73,85155
14374,0.000209,172.217.194.0-255,2110,14068,73,85155
14375,0.000213,172.31.40.0-255,66,14134,73,85155
14376,0.000237,172.217.194.0-255,1484,15618,73,85155
14377,0.000239,172.31.40.0-255,66,15684,73,85155
14378,0.000282,172.31.40.0-255,66,15750,73,85155
14379,0.000445,172.217.194.0-255,5379,21129,73,85155
14380,0.000451,172.31.40.0-255,66,21195,73,85155
14381,0.000532,172.217.194.0-255,5738,26933,73,85155
14382,0.000538,172.31.40.0-255,66,26999,73,85155
14383,0.000671,172.217.194.0-255,5738,32737,73,85155
14384,0.000676,172.31.40.0-255,66,32803,73,85155
14385,0.000723,172.31.40.0-255,66,32869,73,85155
14386,0.00109,172.217.194.0-255,1484,34353,73,85155
14387,0.001095,172.31.40.0-255,66,34419,73,85155
14388,0.001125,172.217.194.0-255,1705,36124,73,85155
14389,0.001128,172.31.40.0-255,66,36190,73,85155
14390,0.001155,172.217.194.0-255,4320,40510,73,85155
14391,0.001158,172.31.40.0-255,66,40576,73,85155
14392,0.001198,172.31.40.0-255,66,40642,73,85155
14393,0.001225,172.217.194.0-255,7156,47798,73,85155
14394,0.001227,172.31.40.0-255,66,47864,73,85155
14395,0.001259,172.217.194.0-255,4320,52184,73,85155
14396,0.001264,172.31.40.0-255,66,52250,73,85155
14397,0.001773,172.31.40.0-255,66,52316,73,85155
14398,0.001817,172.31.40.0-255,66,52382,73,85155
14399,0.002153,172.217.194.0-255,5738,58120,73,85155
14400,0.00216,172.31.40.0-255,66,58186,73,85155
14401,0.00412,172.217.194.0-255,1484,59670,73,85155
14402,0.00414,172.217.194.0-255,1484,61154,73,85155
14403,0.0042,172.217.194.0-255,2902,64056,73,85155
14404,0.00431,172.217.194.0-255,1484,65540,73,85155
14405,0.005178,172.217.194.0-255,7156,72696,73,85155
14406,0.005265,172.217.194.0-255,5738,78434,73,85155
14407,0.008171,172.31.40.0-255,66,78500,73,85155
14408,0.008665,172.31.40.0-255,101,78601,73,85155
14409,0.010258,172.31.40.0-255,66,78667,73,85155
14410,0.010328,172.31.40.0-255,66,78733,73,85155
14411,0.010696,172.31.40.0-255,66,78799,73,85155
14412,0.010895,172.217.194.0-255,66,78865,73,85155
14413,0.011101,172.31.40.0-255,105,78970,73,85155
14414,0.0131,172.217.194.0-255,66,79036,73,85155
14415,0.048363,172.31.40.0-255,171,79207,73,85155
14416,0.048398,172.31.40.0-255,1139,80346,73,85155
14417,0.048462,172.31.40.0-255,1514,81860,73,85155
14418,0.048464,172.31.40.0-255,1514,83374,73,85155
14419,0.04847,172.31.40.0-255,1514,84888,73,85155
14420,0.048471,172.31.40.0-255,135,85023,73,85155
14421,0.049914,104.244.42.0-255,66,85089,73,85155
14422,0.049961,104.244.42.0-255,66,85155,73,85155
14423,0.0,74.125.24.0-255,153,153,73,173643
14424,2.3e-05,172.31.40.0-255,66,219,73,173643
14425,3e-05,74.125.24.0-255,1484,1703,73,173643
14426,3.5e-05,172.31.40.0-255,66,1769,73,173643
14427,4e-05,74.125.24.0-255,2902,4671,73,173643
14428,4.4e-05,172.31.40.0-255,66,4737,73,173643
14429,4.9e-05,74.125.24.0-255,2902,7639,73,173643
14430,5.1e-05,172.31.40.0-255,66,7705,73,173643
14431,7.7e-05,74.125.24.0-255,4320,12025,73,173643
14432,8e-05,172.31.40.0-255,66,12091,73,173643
14433,0.000168,74.125.24.0-255,1484,13575,73,173643
14434,0.00017,172.31.40.0-255,66,13641,73,173643
14435,0.0002,172.31.40.0-255,66,13707,73,173643
14436,0.00038,74.125.24.0-255,6797,20504,73,173643
14437,0.000386,172.31.40.0-255,66,20570,73,173643
14438,0.000475,74.125.24.0-255,4320,24890,73,173643
14439,0.000481,172.31.40.0-255,66,24956,73,173643
14440,0.000503,74.125.24.0-255,5738,30694,73,173643
14441,0.000506,172.31.40.0-255,66,30760,73,173643
14442,0.000629,74.125.24.0-255,1484,32244,73,173643
14443,0.000632,172.31.40.0-255,66,32310,73,173643
14444,0.000671,172.31.40.0-255,66,32376,73,173643
14445,0.000923,74.125.24.0-255,5379,37755,73,173643
14446,0.000927,172.31.40.0-255,66,37821,73,173643
14447,0.000983,74.125.24.0-255,360,38181,73,173643
14448,0.000986,172.31.40.0-255,66,38247,73,173643
14449,0.000989,74.125.24.0-255,383,38630,73,173643
14450,0.000991,172.31.40.0-255,66,38696,73,173643
14451,0.001039,74.125.24.0-255,2902,41598,73,173643
14452,0.001042,172.31.40.0-255,66,41664,73,173643
14453,0.001067,74.125.24.0-255,5738,47402,73,173643
14454,0.001083,172.31.40.0-255,66,47468,73,173643
14455,0.001086,74.125.24.0-255,1484,48952,73,173643
14456,0.001182,172.31.40.0-255,66,49018,73,173643
14457,0.001327,172.31.40.0-255,66,49084,73,173643
14458,0.001456,74.125.24.0-255,6797,55881,73,173643
14459,0.00146,172.31.40.0-255,66,55947,73,173643
14460,0.001549,74.125.24.0-255,2902,58849,73,173643
14461,0.001562,172.31.40.0-255,66,58915,73,173643
14462,0.001577,172.31.40.0-255,66,58981,73,173643
14463,0.001592,74.125.24.0-255,1484,60465,73,173643
14464,0.001821,74.125.24.0-255,5738,66203,73,173643
14465,0.001826,172.31.40.0-255,66,66269,73,173643
14466,0.002218,74.125.24.0-255,5738,72007,73,173643
14467,0.003494,74.125.24.0-255,4320,76327,73,173643
14468,0.006834,172.31.40.0-255,66,76393,73,173643
14469,0.00919,74.125.24.0-255,5738,82131,73,173643
14470,0.009201,172.31.40.0-255,66,82197,73,173643
14471,0.011561,74.125.24.0-255,5738,87935,73,173643
14472,0.011581,172.31.40.0-255,66,88001,73,173643
14473,0.013978,74.125.24.0-255,5738,93739,73,173643
14474,0.015481,172.31.40.0-255,66,93805,73,173643
14475,0.0178,74.125.24.0-255,5738,99543,73,173643
14476,0.017813,172.31.40.0-255,66,99609,73,173643
14477,0.020146,74.125.24.0-255,5738,105347,73,173643
14478,0.021907,172.31.40.0-255,66,105413,73,173643
14479,0.024231,74.125.24.0-255,5738,111151,73,173643
14480,0.024248,172.31.40.0-255,66,111217,73,173643
14481,0.026554,74.125.24.0-255,5738,116955,73,173643
14482,0.026566,172.31.40.0-255,66,117021,73,173643
14483,0.028886,74.125.24.0-255,5738,122759,73,173643
14484,0.0289,172.31.40.0-255,66,122825,73,173643
14485,0.031218,74.125.24.0-255,5738,128563,73,173643
14486,0.031229,172.31.40.0-255,66,128629,73,173643
14487,0.033567,74.125.24.0-255,5738,134367,73,173643
14488,0.033578,172.31.40.0-255,66,134433,73,173643
14489,0.035911,74.125.24.0-255,5738,140171,73,173643
14490,0.035929,172.31.40.0-255,66,140237,73,173643
14491,0.038229,74.125.24.0-255,5738,145975,73,173643
14492,0.038241,172.31.40.0-255,66,146041,73,173643
14493,0.040588,74.125.24.0-255,5738,151779,73,173643
14494,0.040611,172.31.40.0-255,66,151845,73,173643
14495,0.042942,74.125.24.0-255,5738,157583,73,173643
14496,0.04296,172.31.40.0-255,66,157649,73,173643
14497,0.045289,74.125.24.0-255,5738,163387,73,173643
14498,0.045308,172.31.40.0-255,66,163453,73,173643
14499,0.047648,74.125.24.0-255,4320,167773,73,173643
14500,0.047661,172.31.40.0-255,66,167839,73,173643
14501,0.047682,74.125.24.0-255,1484,169323,73,173643
14502,0.049992,74.125.24.0-255,4320,173643,73,173643
14503,0.0,74.125.24.0-255,146,146,73,167291
14504,2.5e-05,172.31.40.0-255,66,212,73,167291
14505,3.3e-05,74.125.24.0-255,1484,1696,73,167291
14506,3.9e-05,172.31.40.0-255,66,1762,73,167291
14507,4.5e-05,74.125.24.0-255,2902,4664,73,167291
14508,4.8e-05,172.31.40.0-255,66,4730,73,167291
14509,5.5e-05,74.125.24.0-255,5738,10468,73,167291
14510,5.9e-05,172.31.40.0-255,66,10534,73,167291
14511,6.2e-05,74.125.24.0-255,1484,12018,73,167291
14512,6.5e-05,172.31.40.0-255,66,12084,73,167291
14513,9.1e-05,74.125.24.0-255,2031,14115,73,167291
14514,9.3e-05,172.31.40.0-255,66,14181,73,167291
14515,0.000287,74.125.24.0-255,1484,15665,73,167291
14516,0.000293,172.31.40.0-255,66,15731,73,167291
14517,0.000299,74.125.24.0-255,2902,18633,73,167291
14518,0.000301,172.31.40.0-255,66,18699,73,167291
14519,0.000308,74.125.24.0-255,5738,24437,73,167291
14520,0.000311,172.31.40.0-255,66,24503,73,167291
14521,0.000367,74.125.24.0-255,5738,30241,73,167291
14522,0.00037,172.31.40.0-255,66,30307,73,167291
14523,0.000372,74.125.24.0-255,1125,31432,73,167291
14524,0.000374,172.31.40.0-255,66,31498,73,167291
14525,0.000445,74.125.24.0-255,1484,32982,73,167291
14526,0.000448,172.31.40.0-255,66,33048,73,167291
14527,0.000453,74.125.24.0-255,2902,35950,73,167291
14528,0.000454,172.31.40.0-255,66,36016,73,167291
14529,0.000459,74.125.24.0-255,2902,38918,73,167291
14530,0.000461,172.31.40.0-255,66,38984,73,167291
14531,0.000482,74.125.24.0-255,2902,41886,73,167291
14532,0.000484,172.31.40.0-255,66,41952,73,167291
14533,0.00049,74.125.24.0-255,5738,47690,73,167291
14534,0.000493,172.31.40.0-255,66,47756,73,167291
14535,0.000516,74.125.24.0-255,4320,52076,73,167291
14536,0.000562,74.125.24.0-255,5020,57096,73,167291
14537,0.000584,74.125.24.0-255,398,57494,73,167291
14538,0.000598,172.31.40.0-255,66,57560,73,167291
14539,0.003172,74.125.24.0-255,5738,63298,73,167291
14540,0.00319,172.31.40.0-255,66,63364,73,167291
14541,0.005765,74.125.24.0-255,5738,69102,73,167291
14542,0.005783,172.31.40.0-255,66,69168,73,167291
14543,0.008367,74.125.24.0-255,5738,74906,73,167291
14544,0.008387,172.31.40.0-255,66,74972,73,167291
14545,0.010991,74.125.24.0-255,5738,80710,73,167291
14546,0.011011,172.31.40.0-255,66,80776,73,167291
14547,0.013584,74.125.24.0-255,5738,86514,73,167291
14548,0.013808,172.31.40.0-255,66,86580,73,167291
14549,0.016395,74.125.24.0-255,5738,92318,73,167291
14550,0.016415,172.31.40.0-255,66,92384,73,167291
14551,0.018984,74.125.24.0-255,5738,98122,73,167291
14552,0.018999,172.31.40.0-255,66,98188,73,167291
14553,0.021558,74.125.24.0-255,5738,103926,73,167291
14554,0.021578,172.31.40.0-255,66,103992,73,167291
14555,0.024191,74.125.24.0-255,5738,109730,73,167291
14556,0.024211,172.31.40.0-255,66,109796,73,167291
14557,0.02681,74.125.24.0-255,5738,115534,73,167291
14558,0.026827,172.31.40.0-255,66,115600,73,167291
14559,0.027885,172.31.40.0-255,172,115772,73,167291
14560,0.027923,172.31.40.0-255,1115,116887,73,167291
14561,0.027988,172.31.40.0-255,1514,118401,73,167291
14562,0.02799,172.31.40.0-255,1514,119915,73,167291
14563,0.028019,172.31.40.0-255,680,120595,73,167291
14564,0.029392,74.125.24.0-255,5738,126333,73,167291
14565,0.029406,172.31.40.0-255,66,126399,73,167291
14566,0.029428,104.244.42.0-255,66,126465,73,167291
14567,0.029539,104.244.42.0-255,66,126531,73,167291
14568,0.029575,104.244.42.0-255,66,126597,73,167291
14569,0.02958,104.244.42.0-255,66,126663,73,167291
14570,0.032,74.125.24.0-255,5738,132401,73,167291
14571,0.032016,172.31.40.0-255,66,132467,73,167291
14572,0.034606,74.125.24.0-255,5738,138205,73,167291
14573,0.034621,172.31.40.0-255,66,138271,73,167291
14574,0.037188,74.125.24.0-255,5738,144009,73,167291
14575,0.037205,172.31.40.0-255,66,144075,73,167291
14576,0.039804,74.125.24.0-255,5738,149813,73,167291
14577,0.039821,172.31.40.0-255,66,149879,73,167291
14578,0.042391,74.125.24.0-255,5738,155617,73,167291
14579,0.042409,172.31.40.0-255,66,155683,73,167291
14580,0.044999,74.125.24.0-255,5738,161421,73,167291
14581,0.045017,172.31.40.0-255,66,161487,73,167291
14582,0.047583,74.125.24.0-255,5738,167225,73,167291
14583,0.047599,172.31.40.0-255,66,167291,73,167291
14584,0.0,172.217.194.0-255,148,148,73,207302
14585,1.8e-05,172.31.40.0-255,66,214,73,207302
14586,2.4e-05,172.217.194.0-255,1484,1698,73,207302
14587,2.9e-05,172.31.40.0-255,66,1764,73,207302
14588,3.5e-05,172.217.194.0-255,2902,4666,73,207302
14589,3.8e-05,172.31.40.0-255,66,4732,73,207302
14590,6.1e-05,172.217.194.0-255,4320,9052,73,207302
14591,6.3e-05,172.31.40.0-255,66,9118,73,207302
14592,7.8e-05,172.217.194.0-255,1484,10602,73,207302
14593,8e-05,172.31.40.0-255,66,10668,73,207302
14594,8.4e-05,172.217.194.0-255,1484,12152,73,207302
14595,8.6e-05,172.31.40.0-255,66,12218,73,207302
14596,0.000121,172.31.40.0-255,66,12284,73,207302
14597,0.000128,172.217.194.0-255,6797,19081,73,207302
14598,0.00013,172.31.40.0-255,66,19147,73,207302
14599,0.000155,172.217.194.0-255,1484,20631,73,207302
14600,0.000157,172.31.40.0-255,66,20697,73,207302
14601,0.000175,172.217.194.0-255,1484,22181,73,207302
14602,0.000177,172.31.40.0-255,66,22247,73,207302
14603,0.000195,172.217.194.0-255,1484,23731,73,207302
14604,0.000197,172.31.40.0-255,66,23797,73,207302
14605,0.000203,172.217.194.0-255,5738,29535,73,207302
14606,0.000206,172.31.40.0-255,66,29601,73,207302
14607,0.000213,172.217.194.0-255,7156,36757,73,207302
14608,0.000216,172.31.40.0-255,66,36823,73,207302
14609,0.000233,172.217.194.0-255,2543,39366,73,207302
14610,0.000235,172.31.40.0-255,66,39432,73,207302
14611,0.000266,172.217.194.0-255,7156,46588,73,207302
14612,0.000268,172.31.40.0-255,66,46654,73,207302
14613,0.000293,172.217.194.0-255,6797,53451,73,207302
14614,0.000296,172.31.40.0-255,66,53517,73,207302
14615,0.000437,172.217.194.0-255,378,53895,73,207302
14616,0.000746,172.217.194.0-255,364,54259,73,207302
14617,0.000827,172.217.194.0-255,1484,55743,73,207302
14618,0.000832,172.31.40.0-255,66,55809,73,207302
14619,0.000838,172.217.194.0-255,2902,58711,73,207302
14620,0.000841,172.31.40.0-255,66,58777,73,207302
14621,0.000846,172.217.194.0-255,2902,61679,73,207302
14622,0.000847,172.31.40.0-255,66,61745,73,207302
14623,0.000877,172.217.194.0-255,2902,64647,73,207302
14624,0.00088,172.31.40.0-255,66,64713,73,207302
14625,0.000887,172.217.194.0-255,7156,71869,73,207302
14626,0.000889,172.31.40.0-255,66,71935,73,207302
14627,0.000901,172.31.40.0-255,66,72001,73,207302
14628,0.000926,172.217.194.0-255,4320,76321,73,207302
14629,0.000929,172.31.40.0-255,66,76387,73,207302
14630,0.000933,172.217.194.0-255,2184,78571,73,207302
14631,0.000935,172.31.40.0-255,66,78637,73,207302
14632,0.001046,172.217.194.0-255,1484,80121,73,207302
14633,0.001051,172.217.194.0-255,2902,83023,73,207302
14634,0.001053,172.31.40.0-255,66,83089,73,207302
14635,0.001077,172.217.194.0-255,5738,88827,73,207302
14636,0.001079,172.31.40.0-255,66,88893,73,207302
14637,0.001084,172.217.194.0-255,2902,91795,73,207302
14638,0.001085,172.31.40.0-255,66,91861,73,207302
14639,0.001109,172.31.40.0-255,66,91927,73,207302
14640,0.001113,172.217.194.0-255,2902,94829,73,207302
14641,0.001115,172.31.40.0-255,66,94895,73,207302
14642,0.001149,172.31.40.0-255,66,94961,73,207302
14643,0.001163,172.217.194.0-255,1484,96445,73,207302
14644,0.001167,172.217.194.0-255,2902,99347,73,207302
14645,0.001175,172.31.40.0-255,66,99413,73,207302
14646,0.001179,172.217.194.0-255,1484,100897,73,207302
14647,0.001195,172.217.194.0-255,4320,105217,73,207302
14648,0.001198,172.31.40.0-255,66,105283,73,207302
14649,0.001202,172.217.194.0-255,2902,108185,73,207302
14650,0.001205,172.31.40.0-255,66,108251,73,207302
14651,0.001235,172.31.40.0-255,66,108317,73,207302
14652,0.001241,172.217.194.0-255,5738,114055,73,207302
14653,0.001243,172.31.40.0-255,66,114121,73,207302
14654,0.001271,172.217.194.0-255,4320,118441,73,207302
14655,0.001274,172.31.40.0-255,66,118507,73,207302
14656,0.001291,172.217.194.0-255,766,119273,73,207302
14657,0.001316,172.217.194.0-255,5738,125011,73,207302
14658,0.00132,172.31.40.0-255,66,125077,73,207302
14659,0.001324,172.217.194.0-255,2902,127979,73,207302
14660,0.001327,172.31.40.0-255,66,128045,73,207302
14661,0.001383,172.31.40.0-255,66,128111,73,207302
14662,0.001388,172.217.194.0-255,4320,132431,73,207302
14663,0.001391,172.31.40.0-255,66,132497,73,207302
14664,0.001404,172.31.40.0-255,66,132563,73,207302
14665,0.001745,172.217.194.0-255,1484,134047,73,207302
14666,0.001754,172.217.194.0-255,2902,136949,73,207302
14667,0.001758,172.31.40.0-255,66,137015,73,207302
14668,0.001764,172.217.194.0-255,4320,141335,73,207302
14669,0.001767,172.31.40.0-255,66,141401,73,207302
14670,0.00178,172.217.194.0-255,1484,142885,73,207302
14671,0.001816,172.217.194.0-255,2902,145787,73,207302
14672,0.001818,172.31.40.0-255,66,145853,73,207302
14673,0.001841,172.217.194.0-255,7156,153009,73,207302
14674,0.001844,172.31.40.0-255,66,153075,73,207302
14675,0.001847,172.217.194.0-255,1484,154559,73,207302
14676,0.001865,172.217.194.0-255,5738,160297,73,207302
14677,0.001868,172.31.40.0-255,66,160363,73,207302
14678,0.001885,172.217.194.0-255,6438,166801,73,207302
14679,0.001888,172.31.40.0-255,66,166867,73,207302
14680,0.001903,172.217.194.0-255,1484,168351,73,207302
14681,0.001925,172.217.194.0-255,2902,171253,73,207302
14682,0.001927,172.31.40.0-255,66,171319,73,207302
14683,0.001934,172.217.194.0-255,5738,177057,73,207302
14684,0.001936,172.31.40.0-255,66,177123,73,207302
14685,0.001962,172.217.194.0-255,4320,181443,73,207302
14686,0.001965,172.31.40.0-255,66,181509,73,207302
14687,0.001999,172.31.40.0-255,66,181575,73,207302
14688,0.00201,172.31.40.0-255,66,181641,73,207302
14689,0.002033,172.217.194.0-255,2184,183825,73,207302
14690,0.002036,172.31.40.0-255,66,183891,73,207302
14691,0.002049,172.31.40.0-255,66,183957,73,207302
14692,0.002052,172.217.194.0-255,1484,185441,73,207302
14693,0.002079,172.31.40.0-255,66,185507,73,207302
14694,0.002106,172.217.194.0-255,7156,192663,73,207302
14695,0.002108,172.31.40.0-255,66,192729,73,207302
14696,0.002141,172.31.40.0-255,66,192795,73,207302
14697,0.002189,172.217.194.0-255,1484,194279,73,207302
14698,0.002231,172.217.194.0-255,2902,197181,73,207302
14699,0.002268,172.217.194.0-255,2184,199365,73,207302
14700,0.002341,172.217.194.0-255,689,200054,73,207302
14701,0.002344,172.217.194.0-255,105,200159,73,207302
14702,0.002346,172.217.194.0-255,129,200288,73,207302
14703,0.00571,172.31.40.0-255,66,200354,73,207302
14704,0.008182,172.31.40.0-255,105,200459,73,207302
14705,0.008212,172.31.40.0-255,105,200564,73,207302
14706,0.008413,172.31.40.0-255,90,200654,73,207302
14707,0.008422,172.31.40.0-255,66,200720,73,207302
14708,0.010476,172.217.194.0-255,66,200786,73,207302
14709,0.010486,172.217.194.0-255,66,200852,73,207302
14710,0.010665,172.217.194.0-255,66,200918,73,207302
14711,0.010872,172.217.194.0-255,66,200984,73,207302
14712,0.010878,172.31.40.0-255,66,201050,73,207302
14713,0.030939,172.31.40.0-255,172,201222,73,207302
14714,0.030972,172.31.40.0-255,1114,202336,73,207302
14715,0.031034,172.31.40.0-255,1514,203850,73,207302
14716,0.031035,172.31.40.0-255,1514,205364,73,207302
14717,0.03104,172.31.40.0-255,1514,206878,73,207302
14718,0.031041,172.31.40.0-255,160,207038,73,207302
14719,0.032474,104.244.42.0-255,66,207104,73,207302
14720,0.032527,104.244.42.0-255,66,207170,73,207302
14721,0.032642,104.244.42.0-255,66,207236,73,207302
14722,0.032655,104.244.42.0-255,66,207302,73,207302
14723,0.0,172.217.194.0-255,150,150,73,135202
14724,2.3e-05,172.31.40.0-255,66,216,73,135202
14725,3e-05,172.217.194.0-255,1484,1700,73,135202
14726,3.5e-05,172.31.40.0-255,66,1766,73,135202
14727,4e-05,172.217.194.0-255,2902,4668,73,135202
14728,5e-05,172.31.40.0-255,66,4734,73,135202
14729,5.9e-05,172.217.194.0-255,7156,11890,73,135202
14730,6.3e-05,172.31.40.0-255,66,11956,73,135202
14731,6.7e-05,172.217.194.0-255,2099,14055,73,135202
14732,6.9e-05,172.31.40.0-255,66,14121,73,135202
14733,7.3e-05,172.217.194.0-255,1484,15605,73,135202
14734,7.6e-05,172.31.40.0-255,66,15671,73,135202
14735,0.000123,172.31.40.0-255,66,15737,73,135202
14736,0.000138,172.31.40.0-255,66,15803,73,135202
14737,0.000165,172.217.194.0-255,5738,21541,73,135202
14738,0.000168,172.31.40.0-255,66,21607,73,135202
14739,0.000172,172.217.194.0-255,2184,23791,73,135202
14740,0.000175,172.31.40.0-255,66,23857,73,135202
14741,0.00021,172.217.194.0-255,1484,25341,73,135202
14742,0.000212,172.31.40.0-255,66,25407,73,135202
14743,0.000217,172.217.194.0-255,2902,28309,73,135202
14744,0.000219,172.31.40.0-255,66,28375,73,135202
14745,0.000225,172.217.194.0-255,5738,34113,73,135202
14746,0.000228,172.31.40.0-255,66,34179,73,135202
14747,0.000271,172.217.194.0-255,7118,41297,73,135202
14748,0.000273,172.31.40.0-255,66,41363,73,135202
14749,0.000315,172.217.194.0-255,1484,42847,73,135202
14750,0.000317,172.31.40.0-255,66,42913,73,135202
14751,0.000322,172.217.194.0-255,2902,45815,73,135202
14752,0.000325,172.31.40.0-255,66,45881,73,135202
14753,0.00033,172.217.194.0-255,2902,48783,73,135202
14754,0.000337,172.31.40.0-255,66,48849,73,135202
14755,0.000367,172.217.194.0-255,2902,51751,73,135202
14756,0.00037,172.31.40.0-255,66,51817,73,135202
14757,0.000383,172.31.40.0-255,66,51883,73,135202
14758,0.000431,172.31.40.0-255,66,51949,73,135202
14759,0.000465,172.217.194.0-255,1484,53433,73,135202
14760,0.000489,172.31.40.0-255,66,53499,73,135202
14761,0.000505,172.31.40.0-255,66,53565,73,135202
14762,0.000524,172.31.40.0-255,66,53631,73,135202
14763,0.000559,172.31.40.0-255,66,53697,73,135202
14764,0.000564,172.217.194.0-255,3201,56898,73,135202
14765,0.000566,172.31.40.0-255,66,56964,73,135202
14766,0.000572,172.217.194.0-255,4320,61284,73,135202
14767,0.000575,172.31.40.0-255,66,61350,73,135202
14768,0.000794,172.217.194.0-255,1484,62834,73,135202
14769,0.0008,172.217.194.0-255,2902,65736,73,135202
14770,0.000814,172.31.40.0-255,66,65802,73,135202
14771,0.000826,172.217.194.0-255,5738,71540,73,135202
14772,0.000829,172.217.194.0-255,2902,74442,73,135202
14773,0.00084,172.31.40.0-255,66,74508,73,135202
14774,0.000901,172.31.40.0-255,66,74574,73,135202
14775,0.001028,172.217.194.0-255,1484,76058,73,135202
14776,0.001034,172.217.194.0-255,2902,78960,73,135202
14777,0.001047,172.31.40.0-255,66,79026,73,135202
14778,0.001058,172.217.194.0-255,4320,83346,73,135202
14779,0.001074,172.217.194.0-255,5738,89084,73,135202
14780,0.001086,172.217.194.0-255,2902,91986,73,135202
14781,0.001098,172.31.40.0-255,66,92052,73,135202
14782,0.001114,172.217.194.0-255,4320,96372,73,135202
14783,0.001141,172.31.40.0-255,66,96438,73,135202
14784,0.00152,172.217.194.0-255,1484,97922,73,135202
14785,0.001525,172.217.194.0-255,2902,100824,73,135202
14786,0.001528,172.31.40.0-255,66,100890,73,135202
14787,0.001533,172.217.194.0-255,2902,103792,73,135202
14788,0.001539,172.31.40.0-255,66,103858,73,135202
14789,0.001555,172.217.194.0-255,2902,106760,73,135202
14790,0.001583,172.217.194.0-255,1484,108244,73,135202
14791,0.001589,172.31.40.0-255,66,108310,73,135202
14792,0.001647,172.31.40.0-255,66,108376,73,135202
14793,0.001656,172.217.194.0-255,4320,112696,73,135202
14794,0.001661,172.31.40.0-255,66,112762,73,135202
14795,0.001674,172.217.194.0-255,2902,115664,73,135202
14796,0.001702,172.217.194.0-255,5738,121402,73,135202
14797,0.001707,172.31.40.0-255,66,121468,73,135202
14798,0.001733,172.217.194.0-255,3602,125070,73,135202
14799,0.001746,172.31.40.0-255,66,125136,73,135202
14800,0.001756,172.217.194.0-255,5738,130874,73,135202
14801,0.00176,172.31.40.0-255,66,130940,73,135202
14802,0.001809,172.31.40.0-255,66,131006,73,135202
14803,0.001854,172.31.40.0-255,66,131072,73,135202
14804,0.001906,172.31.40.0-255,66,131138,73,135202
14805,0.001915,172.217.194.0-255,3722,134860,73,135202
14806,0.001921,172.217.194.0-255,105,134965,73,135202
14807,0.001926,172.31.40.0-255,66,135031,73,135202
14808,0.00445,172.31.40.0-255,105,135136,73,135202
14809,0.00705,172.217.194.0-255,66,135202,73,135202
14810,0.0,172.217.194.0-255,431,431,73,161788
14811,1.7e-05,172.217.194.0-255,1484,1915,73,161788
14812,2.8e-05,172.31.40.0-255,66,1981,73,161788
14813,3.8e-05,172.217.194.0-255,4320,6301,73,161788
14814,4.2e-05,172.31.40.0-255,66,6367,73,161788
14815,5.4e-05,172.31.40.0-255,66,6433,73,161788
14816,0.000331,172.31.40.0-255,66,6499,73,161788
14817,0.000669,172.217.194.0-255,1484,7983,73,161788
14818,0.000693,172.217.194.0-255,5582,13565,73,161788
14819,0.000697,172.31.40.0-255,66,13631,73,161788
14820,0.002682,172.217.194.0-255,5738,19369,73,161788
14821,0.002692,172.31.40.0-255,66,19435,73,161788
14822,0.002767,172.217.194.0-255,4320,23755,73,161788
14823,0.00277,172.31.40.0-255,66,23821,73,161788
14824,0.002792,172.217.194.0-255,4320,28141,73,161788
14825,0.00312,172.217.194.0-255,4320,32461,73,161788
14826,0.003706,172.217.194.0-255,4320,36781,73,161788
14827,0.004296,172.217.194.0-255,7156,43937,73,161788
14828,0.004318,172.217.194.0-255,7156,51093,73,161788
14829,0.004826,172.217.194.0-255,5738,56831,73,161788
14830,0.005259,172.31.40.0-255,66,56897,73,161788
14831,0.005313,172.217.194.0-255,5738,62635,73,161788
14832,0.005329,172.217.194.0-255,2902,65537,73,161788
14833,0.005334,172.31.40.0-255,66,65603,73,161788
14834,0.005847,172.31.40.0-255,66,65669,73,161788
14835,0.008065,172.217.194.0-255,7156,72825,73,161788
14836,0.008086,172.217.194.0-255,7156,79981,73,161788
14837,0.008144,172.31.40.0-255,66,80047,73,161788
14838,0.008428,172.217.194.0-255,7156,87203,73,161788
14839,0.008433,172.31.40.0-255,66,87269,73,161788
14840,0.008461,172.217.194.0-255,6984,94253,73,161788
14841,0.008464,172.31.40.0-255,66,94319,73,161788
14842,0.008613,172.217.194.0-255,238,94557,73,161788
14843,0.008637,172.217.194.0-255,4320,98877,73,161788
14844,0.008642,172.31.40.0-255,66,98943,73,161788
14845,0.008659,172.31.40.0-255,66,99009,73,161788
14846,0.008835,172.217.194.0-255,7156,106165,73,161788
14847,0.00884,172.31.40.0-255,66,106231,73,161788
14848,0.008863,172.217.194.0-255,7156,113387,73,161788
14849,0.008866,172.31.40.0-255,66,113453,73,161788
14850,0.00903,172.217.194.0-255,7156,120609,73,161788
14851,0.009034,172.31.40.0-255,66,120675,73,161788
14852,0.009057,172.217.194.0-255,7156,127831,73,161788
14853,0.00906,172.31.40.0-255,66,127897,73,161788
14854,0.009243,172.31.40.0-255,66,127963,73,161788
14855,0.009264,172.217.194.0-255,5738,133701,73,161788
14856,0.009267,172.31.40.0-255,66,133767,73,161788
14857,0.00943,172.217.194.0-255,3974,137741,73,161788
14858,0.009434,172.31.40.0-255,66,137807,73,161788
14859,0.010814,172.31.40.0-255,66,137873,73,161788
14860,0.010842,172.31.40.0-255,66,137939,73,161788
14861,0.010864,172.217.194.0-255,5738,143677,73,161788
14862,0.010867,172.31.40.0-255,66,143743,73,161788
14863,0.011111,172.217.194.0-255,2902,146645,73,161788
14864,0.011118,172.31.40.0-255,66,146711,73,161788
14865,0.01121,172.31.40.0-255,66,146777,73,161788
14866,0.01145,172.217.194.0-255,4320,151097,73,161788
14867,0.011457,172.31.40.0-255,66,151163,73,161788
14868,0.011502,172.31.40.0-255,66,151229,73,161788
14869,0.011519,172.217.194.0-255,2902,154131,73,161788
14870,0.011522,172.31.40.0-255,66,154197,73,161788
14871,0.011861,172.31.40.0-255,66,154263,73,161788
14872,0.011906,172.31.40.0-255,66,154329,73,161788
14873,0.012262,172.31.40.0-255,66,154395,73,161788
14874,0.013446,172.217.194.0-255,7156,161551,73,161788
14875,0.018026,172.31.40.0-255,66,161617,73,161788
14876,0.019867,172.31.40.0-255,105,161722,73,161788
14877,0.026203,172.217.194.0-255,66,161788,73,161788
14878,0.0,172.217.160.0-255,150,150,73,232173
14879,2.2e-05,172.31.40.0-255,66,216,73,232173
14880,3e-05,172.217.160.0-255,1484,1700,73,232173
14881,3.4e-05,172.31.40.0-255,66,1766,73,232173
14882,4.1e-05,172.217.160.0-255,2902,4668,73,232173
14883,4.5e-05,172.31.40.0-255,66,4734,73,232173
14884,5.3e-05,172.217.160.0-255,7156,11890,73,232173
14885,5.6e-05,172.31.40.0-255,66,11956,73,232173
14886,5.9e-05,172.217.160.0-255,1484,13440,73,232173
14887,6.1e-05,172.31.40.0-255,66,13506,73,232173
14888,8.4e-05,172.217.160.0-255,603,14109,73,232173
14889,8.6e-05,172.31.40.0-255,66,14175,73,232173
14890,0.000282,172.217.160.0-255,1484,15659,73,232173
14891,0.000287,172.31.40.0-255,66,15725,73,232173
14892,0.000294,172.217.160.0-255,2902,18627,73,232173
14893,0.000297,172.31.40.0-255,66,18693,73,232173
14894,0.000332,172.217.160.0-255,5738,24431,73,232173
14895,0.000334,172.31.40.0-255,66,24497,73,232173
14896,0.000341,172.217.160.0-255,6797,31294,73,232173
14897,0.000343,172.31.40.0-255,66,31360,73,232173
14898,0.000583,172.217.160.0-255,1484,32844,73,232173
14899,0.000588,172.31.40.0-255,66,32910,73,232173
14900,0.000592,172.217.160.0-255,1484,34394,73,232173
14901,0.000593,172.31.40.0-255,66,34460,73,232173
14902,0.000611,172.217.160.0-255,1484,35944,73,232173
14903,0.000613,172.31.40.0-255,66,36010,73,232173
14904,0.00062,172.217.160.0-255,5738,41748,73,232173
14905,0.000621,172.31.40.0-255,66,41814,73,232173
14906,0.000654,172.31.40.0-255,66,41880,73,232173
14907,0.000667,172.217.160.0-255,3961,45841,73,232173
14908,0.000669,172.31.40.0-255,66,45907,73,232173
14909,0.0007,172.31.40.0-255,66,45973,73,232173
14910,0.000718,172.217.160.0-255,335,46308,73,232173
14911,0.000918,172.31.40.0-255,66,46374,73,232173
14912,0.001089,172.217.160.0-255,124,46498,73,232173
14913,0.001122,172.217.160.0-255,1484,47982,73,232173
14914,0.001126,172.31.40.0-255,66,48048,73,232173
14915,0.001133,172.217.160.0-255,2902,50950,73,232173
14916,0.001136,172.217.160.0-255,1484,52434,73,232173
14917,0.001152,172.217.160.0-255,5738,58172,73,232173
14918,0.001191,172.217.160.0-255,7156,65328,73,232173
14919,0.001215,172.217.160.0-255,5379,70707,73,232173
14920,0.001242,172.217.160.0-255,2902,73609,73,232173
14921,0.001261,172.217.160.0-255,7111,80720,73,232173
14922,0.005029,172.31.40.0-255,66,80786,73,232173
14923,0.006714,172.217.160.0-255,5738,86524,73,232173
14924,0.00672,172.31.40.0-255,66,86590,73,232173
14925,0.008386,172.217.160.0-255,5738,92328,73,232173
14926,0.008393,172.31.40.0-255,66,92394,73,232173
14927,0.010111,172.217.160.0-255,5738,98132,73,232173
14928,0.010396,172.31.40.0-255,66,98198,73,232173
14929,0.012077,172.217.160.0-255,5738,103936,73,232173
14930,0.012086,172.31.40.0-255,66,104002,73,232173
14931,0.013749,172.217.160.0-255,5738,109740,73,232173
14932,0.013756,172.31.40.0-255,66,109806,73,232173
14933,0.015417,172.217.160.0-255,5738,115544,73,232173
14934,0.015424,172.31.40.0-255,66,115610,73,232173
14935,0.017089,172.217.160.0-255,5738,121348,73,232173
14936,0.017097,172.31.40.0-255,66,121414,73,232173
14937,0.018776,172.217.160.0-255,5738,127152,73,232173
14938,0.018783,172.31.40.0-255,66,127218,73,232173
14939,0.020445,172.217.160.0-255,4320,131538,73,232173
14940,0.020451,172.31.40.0-255,66,131604,73,232173
14941,0.020471,172.217.160.0-255,1484,133088,73,232173
14942,0.022119,172.217.160.0-255,4320,137408,73,232173
14943,0.022127,172.31.40.0-255,66,137474,73,232173
14944,0.023789,172.217.160.0-255,5738,143212,73,232173
14945,0.023916,172.31.40.0-255,172,143384,73,232173
14946,0.02394,172.31.40.0-255,1115,144499,73,232173
14947,0.023979,172.31.40.0-255,66,144565,73,232173
14948,0.024042,172.31.40.0-255,1514,146079,73,232173
14949,0.024044,172.31.40.0-255,1514,147593,73,232173
14950,0.024047,172.31.40.0-255,1410,149003,73,232173
14951,0.025466,104.244.42.0-255,66,149069,73,232173
14952,0.025474,104.244.42.0-255,66,149135,73,232173
14953,0.025635,172.217.160.0-255,2902,152037,73,232173
14954,0.025639,172.31.40.0-255,66,152103,73,232173
14955,0.025663,104.244.42.0-255,66,152169,73,232173
14956,0.025667,104.244.42.0-255,66,152235,73,232173
14957,0.025669,172.217.160.0-255,2902,155137,73,232173
14958,0.025691,172.31.40.0-255,66,155203,73,232173
14959,0.027304,172.217.160.0-255,2902,158105,73,232173
14960,0.027312,172.31.40.0-255,66,158171,73,232173
14961,0.027355,172.217.160.0-255,2902,161073,73,232173
14962,0.027666,172.31.40.0-255,66,161139,73,232173
14963,0.028997,172.217.160.0-255,2902,164041,73,232173
14964,0.029006,172.31.40.0-255,66,164107,73,232173
14965,0.02932,172.217.160.0-255,2902,167009,73,232173
14966,0.029326,172.31.40.0-255,66,167075,73,232173
14967,0.030687,172.217.160.0-255,2902,169977,73,232173
14968,0.030694,172.31.40.0-255,66,170043,73,232173
14969,0.030987,172.217.160.0-255,2902,172945,73,232173
14970,0.030993,172.31.40.0-255,66,173011,73,232173
14971,0.032379,172.217.160.0-255,2902,175913,73,232173
14972,0.032385,172.31.40.0-255,66,175979,73,232173
14973,0.032646,172.217.160.0-255,2902,178881,73,232173
14974,0.032652,172.31.40.0-255,66,178947,73,232173
14975,0.0341,172.217.160.0-255,2902,181849,73,232173
14976,0.034107,172.31.40.0-255,66,181915,73,232173
14977,0.034307,172.217.160.0-255,2902,184817,73,232173
14978,0.034313,172.31.40.0-255,66,184883,73,232173
14979,0.035776,172.217.160.0-255,2902,187785,73,232173
14980,0.035782,172.31.40.0-255,66,187851,73,232173
14981,0.035972,172.217.160.0-255,2902,190753,73,232173
14982,0.035977,172.31.40.0-255,66,190819,73,232173
14983,0.037444,172.217.160.0-255,2902,193721,73,232173
14984,0.037449,172.31.40.0-255,66,193787,73,232173
14985,0.037634,172.217.160.0-255,2902,196689,73,232173
14986,0.03764,172.31.40.0-255,66,196755,73,232173
14987,0.039135,172.217.160.0-255,2902,199657,73,232173
14988,0.039142,172.31.40.0-255,66,199723,73,232173
14989,0.039293,172.217.160.0-255,2902,202625,73,232173
14990,0.039298,172.31.40.0-255,66,202691,73,232173
14991,0.040803,172.217.160.0-255,2902,205593,73,232173
14992,0.040808,172.31.40.0-255,66,205659,73,232173
14993,0.04095,172.217.160.0-255,2902,208561,73,232173
14994,0.040954,172.31.40.0-255,66,208627,73,232173
14995,0.042475,172.217.160.0-255,2902,211529,73,232173
14996,0.042482,172.31.40.0-255,66,211595,73,232173
14997,0.042612,172.217.160.0-255,2902,214497,73,232173
14998,0.042617,172.31.40.0-255,66,214563,73,232173
14999,0.044145,172.217.160.0-255,2902,217465,73,232173
15000,0.044152,172.31.40.0-255,66,217531,73,232173
15001,0.044285,172.217.160.0-255,2902,220433,73,232173
15002,0.044915,172.31.40.0-255,66,220499,73,232173
15003,0.04583,172.217.160.0-255,1484,221983,73,232173
15004,0.046583,172.217.160.0-255,4320,226303,73,232173
15005,0.04659,172.31.40.0-255,66,226369,73,232173
15006,0.048279,172.217.160.0-255,5738,232107,73,232173
15007,0.048724,172.31.40.0-255,66,232173,73,232173
15008,0.0,172.31.40.0-255,105,105,73,459
15009,0.000324,172.31.40.0-255,90,195,73,459
15010,0.000344,172.31.40.0-255,66,261,73,459
15011,0.00234,74.125.24.0-255,66,327,73,459
15012,0.002371,74.125.24.0-255,66,393,73,459
15013,0.002395,172.31.40.0-255,66,459,73,459
15014,0.0,74.125.130.0-255,289,289,73,308603
15015,2.4e-05,172.31.40.0-255,66,355,73,308603
15016,3.1e-05,74.125.130.0-255,1484,1839,73,308603
15017,3.6e-05,172.31.40.0-255,66,1905,73,308603
15018,4.3e-05,74.125.130.0-255,4320,6225,73,308603
15019,5.3e-05,172.31.40.0-255,66,6291,73,308603
15020,5.6e-05,74.125.130.0-255,1484,7775,73,308603
15021,5.8e-05,172.31.40.0-255,66,7841,73,308603
15022,6.3e-05,74.125.130.0-255,2902,10743,73,308603
15023,6.5e-05,172.31.40.0-255,66,10809,73,308603
15024,0.000106,74.125.130.0-255,6086,16895,73,308603
15025,0.00011,172.31.40.0-255,66,16961,73,308603
15026,0.000122,172.31.40.0-255,66,17027,73,308603
15027,0.000152,74.125.130.0-255,2902,19929,73,308603
15028,0.000154,172.31.40.0-255,66,19995,73,308603
15029,0.000158,74.125.130.0-255,1125,21120,73,308603
15030,0.00016,172.31.40.0-255,66,21186,73,308603
15031,0.000232,74.125.130.0-255,1484,22670,73,308603
15032,0.000235,172.31.40.0-255,66,22736,73,308603
15033,0.000238,74.125.130.0-255,1484,24220,73,308603
15034,0.000241,172.31.40.0-255,66,24286,73,308603
15035,0.000261,74.125.130.0-255,1484,25770,73,308603
15036,0.000263,172.31.40.0-255,66,25836,73,308603
15037,0.000272,74.125.130.0-255,2902,28738,73,308603
15038,0.000274,172.31.40.0-255,66,28804,73,308603
15039,0.000296,74.125.130.0-255,2902,31706,73,308603
15040,0.000299,172.31.40.0-255,66,31772,73,308603
15041,0.000302,74.125.130.0-255,1484,33256,73,308603
15042,0.000303,172.31.40.0-255,66,33322,73,308603
15043,0.000308,74.125.130.0-255,2902,36224,73,308603
15044,0.000312,172.31.40.0-255,66,36290,73,308603
15045,0.000318,74.125.130.0-255,5738,42028,73,308603
15046,0.000321,172.31.40.0-255,66,42094,73,308603
15047,0.000353,74.125.130.0-255,1125,43219,73,308603
15048,0.000363,74.125.130.0-255,7156,50375,73,308603
15049,0.000366,172.31.40.0-255,66,50441,73,308603
15050,0.000372,74.125.130.0-255,5701,56142,73,308603
15051,0.000374,172.31.40.0-255,66,56208,73,308603
15052,0.000411,74.125.130.0-255,364,56572,73,308603
15053,0.00059,74.125.130.0-255,1484,58056,73,308603
15054,0.000594,172.31.40.0-255,66,58122,73,308603
15055,0.0006,74.125.130.0-255,2902,61024,73,308603
15056,0.000603,172.31.40.0-255,66,61090,73,308603
15057,0.000645,74.125.130.0-255,5738,66828,73,308603
15058,0.000648,172.31.40.0-255,66,66894,73,308603
15059,0.000654,74.125.130.0-255,5738,72632,73,308603
15060,0.000662,74.125.130.0-255,7156,79788,73,308603
15061,0.000699,74.125.130.0-255,5738,85526,73,308603
15062,0.000723,74.125.130.0-255,5020,90546,73,308603
15063,0.000735,172.31.40.0-255,66,90612,73,308603
15064,0.000909,74.125.130.0-255,1484,92096,73,308603
15065,0.000933,74.125.130.0-255,2902,94998,73,308603
15066,0.000937,172.31.40.0-255,66,95064,73,308603
15067,0.00094,74.125.130.0-255,1484,96548,73,308603
15068,0.000971,74.125.130.0-255,4320,100868,73,308603
15069,0.000976,172.31.40.0-255,66,100934,73,308603
15070,0.000983,74.125.130.0-255,1484,102418,73,308603
15071,0.001035,74.125.130.0-255,2902,105320,73,308603
15072,0.001043,172.31.40.0-255,66,105386,73,308603
15073,0.001059,74.125.130.0-255,2184,107570,73,308603
15074,0.001075,172.31.40.0-255,66,107636,73,308603
15075,0.001121,74.125.130.0-255,1484,109120,73,308603
15076,0.001142,74.125.130.0-255,2902,112022,73,308603
15077,0.001148,74.125.130.0-255,4320,116342,73,308603
15078,0.001158,172.31.40.0-255,66,116408,73,308603
15079,0.001165,74.125.130.0-255,1484,117892,73,308603
15080,0.001205,74.125.130.0-255,4320,122212,73,308603
15081,0.001221,74.125.130.0-255,4320,126532,73,308603
15082,0.001229,172.31.40.0-255,66,126598,73,308603
15083,0.001245,74.125.130.0-255,2184,128782,73,308603
15084,0.001264,172.31.40.0-255,66,128848,73,308603
15085,0.001278,74.125.130.0-255,2902,131750,73,308603
15086,0.001288,74.125.130.0-255,1484,133234,73,308603
15087,0.001306,74.125.130.0-255,5738,138972,73,308603
15088,0.001321,74.125.130.0-255,4320,143292,73,308603
15089,0.001329,172.31.40.0-255,66,143358,73,308603
15090,0.00134,74.125.130.0-255,4320,147678,73,308603
15091,0.001351,74.125.130.0-255,5738,153416,73,308603
15092,0.001356,172.31.40.0-255,66,153482,73,308603
15093,0.001406,172.31.40.0-255,66,153548,73,308603
15094,0.001738,74.125.130.0-255,1484,155032,73,308603
15095,0.001749,74.125.130.0-255,1484,156516,73,308603
15096,0.001751,172.31.40.0-255,66,156582,73,308603
15097,0.001764,74.125.130.0-255,1484,158066,73,308603
15098,0.00178,74.125.130.0-255,1484,159550,73,308603
15099,0.001784,172.31.40.0-255,66,159616,73,308603
15100,0.001812,74.125.130.0-255,1484,161100,73,308603
15101,0.001816,74.125.130.0-255,2902,164002,73,308603
15102,0.001818,74.125.130.0-255,1484,165486,73,308603
15103,0.001829,74.125.130.0-255,2902,168388,73,308603
15104,0.001834,172.31.40.0-255,66,168454,73,308603
15105,0.001841,74.125.130.0-255,1484,169938,73,308603
15106,0.001846,74.125.130.0-255,5738,175676,73,308603
15107,0.00185,172.31.40.0-255,66,175742,73,308603
15108,0.001874,74.125.130.0-255,7156,182898,73,308603
15109,0.001879,74.125.130.0-255,5020,187918,73,308603
15110,0.001897,172.31.40.0-255,66,187984,73,308603
15111,0.002275,74.125.130.0-255,1484,189468,73,308603
15112,0.002281,74.125.130.0-255,2902,192370,73,308603
15113,0.002283,172.31.40.0-255,66,192436,73,308603
15114,0.002311,74.125.130.0-255,5738,198174,73,308603
15115,0.002316,74.125.130.0-255,2902,201076,73,308603
15116,0.002351,74.125.130.0-255,1484,202560,73,308603
15117,0.00239,74.125.130.0-255,5020,207580,73,308603
15118,0.002436,74.125.130.0-255,1484,209064,73,308603
15119,0.002463,74.125.130.0-255,7156,216220,73,308603
15120,0.002477,74.125.130.0-255,4320,220540,73,308603
15121,0.002511,74.125.130.0-255,1484,222024,73,308603
15122,0.002577,74.125.130.0-255,5738,227762,73,308603
15123,0.002587,74.125.130.0-255,2902,230664,73,308603
15124,0.002599,74.125.130.0-255,1484,232148,73,308603
15125,0.002617,74.125.130.0-255,4320,236468,73,308603
15126,0.002633,74.125.130.0-255,2902,239370,73,308603
15127,0.002643,74.125.130.0-255,2902,242272,73,308603
15128,0.002657,74.125.130.0-255,3602,245874,73,308603
15129,0.002666,74.125.130.0-255,1484,247358,73,308603
15130,0.00268,74.125.130.0-255,4320,251678,73,308603
15131,0.002704,74.125.130.0-255,7156,258834,73,308603
15132,0.002719,74.125.130.0-255,5738,264572,73,308603
15133,0.002742,74.125.130.0-255,6438,271010,73,308603
15134,0.002765,74.125.130.0-255,2902,273912,73,308603
15135,0.002771,74.125.130.0-255,5738,279650,73,308603
15136,0.002787,74.125.130.0-255,4320,283970,73,308603
15137,0.008955,172.31.40.0-255,66,284036,73,308603
15138,0.011547,74.125.130.0-255,5738,289774,73,308603
15139,0.011556,172.31.40.0-255,66,289840,73,308603
15140,0.014129,74.125.130.0-255,5738,295578,73,308603
15141,0.014138,172.31.40.0-255,66,295644,73,308603
15142,0.016718,74.125.130.0-255,5738,301382,73,308603
15143,0.016727,172.31.40.0-255,66,301448,73,308603
15144,0.019285,74.125.130.0-255,469,301917,73,308603
15145,0.019664,172.31.40.0-255,66,301983,73,308603
15146,0.019705,172.31.40.0-255,105,302088,73,308603
15147,0.022243,74.125.130.0-255,66,302154,73,308603
15148,0.044697,172.31.40.0-255,172,302326,73,308603
15149,0.04473,172.31.40.0-255,1115,303441,73,308603
15150,0.04479,172.31.40.0-255,1514,304955,73,308603
15151,0.044792,172.31.40.0-255,1514,306469,73,308603
15152,0.044797,172.31.40.0-255,1514,307983,73,308603
15153,0.044798,172.31.40.0-255,356,308339,73,308603
15154,0.04629,104.244.42.0-255,66,308405,73,308603
15155,0.046319,104.244.42.0-255,66,308471,73,308603
15156,0.046368,104.244.42.0-255,66,308537,73,308603
15157,0.046373,104.244.42.0-255,66,308603,73,308603
15158,0.0,74.125.24.0-255,143,143,73,238586
15159,2.8e-05,172.31.40.0-255,66,209,73,238586
15160,3.6e-05,74.125.24.0-255,1484,1693,73,238586
15161,4.2e-05,172.31.40.0-255,66,1759,73,238586
15162,4.8e-05,74.125.24.0-255,2902,4661,73,238586
15163,5.1e-05,172.31.40.0-255,66,4727,73,238586
15164,6e-05,74.125.24.0-255,7156,11883,73,238586
15165,6.2e-05,172.31.40.0-255,66,11949,73,238586
15166,6.7e-05,74.125.24.0-255,1901,13850,73,238586
15167,7.1e-05,172.31.40.0-255,66,13916,73,238586
15168,8.7e-05,172.31.40.0-255,66,13982,73,238586
15169,9.4e-05,74.125.24.0-255,5379,19361,73,238586
15170,9.7e-05,172.31.40.0-255,66,19427,73,238586
15171,0.000232,74.125.24.0-255,1484,20911,73,238586
15172,0.000235,172.31.40.0-255,66,20977,73,238586
15173,0.000241,74.125.24.0-255,2902,23879,73,238586
15174,0.000244,172.31.40.0-255,66,23945,73,238586
15175,0.000261,74.125.24.0-255,5738,29683,73,238586
15176,0.000264,172.31.40.0-255,66,29749,73,238586
15177,0.000293,74.125.24.0-255,6797,36546,73,238586
15178,0.000296,172.31.40.0-255,66,36612,73,238586
15179,0.000506,74.125.24.0-255,1484,38096,73,238586
15180,0.000512,172.31.40.0-255,66,38162,73,238586
15181,0.000519,74.125.24.0-255,2902,41064,73,238586
15182,0.000522,172.31.40.0-255,66,41130,73,238586
15183,0.000528,74.125.24.0-255,5738,46868,73,238586
15184,0.000531,172.31.40.0-255,66,46934,73,238586
15185,0.00059,74.125.24.0-255,6797,53731,73,238586
15186,0.000593,172.31.40.0-255,66,53797,73,238586
15187,0.000623,74.125.24.0-255,7156,60953,73,238586
15188,0.000625,172.31.40.0-255,66,61019,73,238586
15189,0.000647,74.125.24.0-255,287,61306,73,238586
15190,0.000692,74.125.24.0-255,1484,62790,73,238586
15191,0.000709,74.125.24.0-255,1484,64274,73,238586
15192,0.000727,74.125.24.0-255,1484,65758,73,238586
15193,0.000734,74.125.24.0-255,5738,71496,73,238586
15194,0.000742,74.125.24.0-255,6797,78293,73,238586
15195,0.000839,172.31.40.0-255,66,78359,73,238586
15196,0.001282,74.125.24.0-255,1484,79843,73,238586
15197,0.00129,74.125.24.0-255,2902,82745,73,238586
15198,0.001298,172.31.40.0-255,66,82811,73,238586
15199,0.001313,74.125.24.0-255,5738,88549,73,238586
15200,0.001324,74.125.24.0-255,1484,90033,73,238586
15201,0.001342,74.125.24.0-255,7156,97189,73,238586
15202,0.001347,172.31.40.0-255,66,97255,73,238586
15203,0.001352,172.31.40.0-255,66,97321,73,238586
15204,0.00138,74.125.24.0-255,1484,98805,73,238586
15205,0.001393,172.31.40.0-255,66,98871,73,238586
15206,0.001406,74.125.24.0-255,5020,103891,73,238586
15207,0.00141,172.31.40.0-255,66,103957,73,238586
15208,0.001631,74.125.24.0-255,1484,105441,73,238586
15209,0.001651,74.125.24.0-255,2902,108343,73,238586
15210,0.001654,172.31.40.0-255,66,108409,73,238586
15211,0.001664,74.125.24.0-255,5738,114147,73,238586
15212,0.001682,74.125.24.0-255,2902,117049,73,238586
15213,0.001695,172.31.40.0-255,66,117115,73,238586
15214,0.00173,172.31.40.0-255,66,117181,73,238586
15215,0.001808,172.31.40.0-255,66,117247,73,238586
15216,0.003856,74.125.24.0-255,5738,122985,73,238586
15217,0.003876,172.31.40.0-255,66,123051,73,238586
15218,0.005912,74.125.24.0-255,5738,128789,73,238586
15219,0.009584,172.31.40.0-255,66,128855,73,238586
15220,0.011632,74.125.24.0-255,5738,134593,73,238586
15221,0.011652,172.31.40.0-255,66,134659,73,238586
15222,0.013675,74.125.24.0-255,5738,140397,73,238586
15223,0.015047,172.31.40.0-255,66,140463,73,238586
15224,0.017086,74.125.24.0-255,5738,146201,73,238586
15225,0.017109,172.31.40.0-255,66,146267,73,238586
15226,0.019157,74.125.24.0-255,5738,152005,73,238586
15227,0.019182,172.31.40.0-255,66,152071,73,238586
15228,0.021223,74.125.24.0-255,5738,157809,73,238586
15229,0.021242,172.31.40.0-255,66,157875,73,238586
15230,0.023271,74.125.24.0-255,5738,163613,73,238586
15231,0.023291,172.31.40.0-255,66,163679,73,238586
15232,0.025321,74.125.24.0-255,5738,169417,73,238586
15233,0.025334,172.31.40.0-255,66,169483,73,238586
15234,0.027371,74.125.24.0-255,5738,175221,73,238586
15235,0.027388,172.31.40.0-255,66,175287,73,238586
15236,0.029422,74.125.24.0-255,5738,181025,73,238586
15237,0.029436,172.31.40.0-255,66,181091,73,238586
15238,0.031466,74.125.24.0-255,5738,186829,73,238586
15239,0.031481,172.31.40.0-255,66,186895,73,238586
15240,0.033536,74.125.24.0-255,5738,192633,73,238586
15241,0.033549,172.31.40.0-255,66,192699,73,238586
15242,0.033714,172.31.40.0-255,172,192871,73,238586
15243,0.033745,172.31.40.0-255,1114,193985,73,238586
15244,0.033814,172.31.40.0-255,1514,195499,73,238586
15245,0.033816,172.31.40.0-255,1514,197013,73,238586
15246,0.033846,172.31.40.0-255,681,197694,73,238586
15247,0.035286,104.244.42.0-255,66,197760,73,238586
15248,0.035334,104.244.42.0-255,66,197826,73,238586
15249,0.035377,104.244.42.0-255,66,197892,73,238586
15250,0.035381,104.244.42.0-255,66,197958,73,238586
15251,0.035552,74.125.24.0-255,5738,203696,73,238586
15252,0.035563,172.31.40.0-255,66,203762,73,238586
15253,0.037617,74.125.24.0-255,5738,209500,73,238586
15254,0.037637,172.31.40.0-255,66,209566,73,238586
15255,0.039684,74.125.24.0-255,5738,215304,73,238586
15256,0.040706,172.31.40.0-255,66,215370,73,238586
15257,0.042736,74.125.24.0-255,5738,221108,73,238586
15258,0.042758,172.31.40.0-255,66,221174,73,238586
15259,0.044794,74.125.24.0-255,5738,226912,73,238586
15260,0.044815,172.31.40.0-255,66,226978,73,238586
15261,0.046858,74.125.24.0-255,5738,232716,73,238586
15262,0.046879,172.31.40.0-255,66,232782,73,238586
15263,0.048911,74.125.24.0-255,5738,238520,73,238586
15264,0.048931,172.31.40.0-255,66,238586,73,238586
15265,0.0,172.217.194.0-255,209,209,73,230238
15266,1.7e-05,172.31.40.0-255,66,275,73,230238
15267,2.4e-05,172.217.194.0-255,1484,1759,73,230238
15268,2.8e-05,172.31.40.0-255,66,1825,73,230238
15269,3.5e-05,172.217.194.0-255,4320,6145,73,230238
15270,3.8e-05,172.31.40.0-255,66,6211,73,230238
15271,4.1e-05,172.217.194.0-255,1484,7695,73,230238
15272,4.4e-05,172.31.40.0-255,66,7761,73,230238
15273,8.4e-05,172.217.194.0-255,5738,13499,73,230238
15274,8.7e-05,172.31.40.0-255,66,13565,73,230238
15275,0.000113,172.217.194.0-255,4578,18143,73,230238
15276,0.000116,172.31.40.0-255,66,18209,73,230238
15277,0.000129,172.31.40.0-255,66,18275,73,230238
15278,0.000132,172.217.194.0-255,1125,19400,73,230238
15279,0.000134,172.31.40.0-255,66,19466,73,230238
15280,0.000192,172.217.194.0-255,1484,20950,73,230238
15281,0.000194,172.31.40.0-255,66,21016,73,230238
15282,0.000199,172.217.194.0-255,2902,23918,73,230238
15283,0.000201,172.31.40.0-255,66,23984,73,230238
15284,0.000223,172.217.194.0-255,4320,28304,73,230238
15285,0.000226,172.31.40.0-255,66,28370,73,230238
15286,0.000239,172.217.194.0-255,1484,29854,73,230238
15287,0.000241,172.31.40.0-255,66,29920,73,230238
15288,0.000266,172.217.194.0-255,2902,32822,73,230238
15289,0.000268,172.31.40.0-255,66,32888,73,230238
15290,0.000293,172.31.40.0-255,66,32954,73,230238
15291,0.0003,172.217.194.0-255,5738,38692,73,230238
15292,0.000302,172.31.40.0-255,66,38758,73,230238
15293,0.000331,172.217.194.0-255,5668,44426,73,230238
15294,0.000334,172.31.40.0-255,66,44492,73,230238
15295,0.00036,172.217.194.0-255,366,44858,73,230238
15296,0.000393,172.217.194.0-255,1484,46342,73,230238
15297,0.000396,172.31.40.0-255,66,46408,73,230238
15298,0.000419,172.217.194.0-255,4320,50728,73,230238
15299,0.000422,172.31.40.0-255,66,50794,73,230238
15300,0.000427,172.217.194.0-255,4320,55114,73,230238
15301,0.000429,172.31.40.0-255,66,55180,73,230238
15302,0.000446,172.217.194.0-255,5738,60918,73,230238
15303,0.000449,172.31.40.0-255,66,60984,73,230238
15304,0.000456,172.217.194.0-255,7156,68140,73,230238
15305,0.000459,172.31.40.0-255,66,68206,73,230238
15306,0.000514,172.31.40.0-255,66,68272,73,230238
15307,0.000544,172.217.194.0-255,1484,69756,73,230238
15308,0.000561,172.217.194.0-255,2902,72658,73,230238
15309,0.000563,172.31.40.0-255,66,72724,73,230238
15310,0.000581,172.217.194.0-255,5738,78462,73,230238
15311,0.000584,172.31.40.0-255,66,78528,73,230238
15312,0.000618,172.31.40.0-255,66,78594,73,230238
15313,0.000659,172.31.40.0-255,66,78660,73,230238
15314,0.000681,172.217.194.0-255,5020,83680,73,230238
15315,0.000683,172.31.40.0-255,66,83746,73,230238
15316,0.000686,172.217.194.0-255,1484,85230,73,230238
15317,0.000713,172.31.40.0-255,66,85296,73,230238
15318,0.00072,172.217.194.0-255,7156,92452,73,230238
15319,0.000723,172.31.40.0-255,66,92518,73,230238
15320,0.000736,172.217.194.0-255,4320,96838,73,230238
15321,0.000738,172.31.40.0-255,66,96904,73,230238
15322,0.000746,172.217.194.0-255,5738,102642,73,230238
15323,0.000749,172.31.40.0-255,66,102708,73,230238
15324,0.000775,172.217.194.0-255,6438,109146,73,230238
15325,0.000777,172.31.40.0-255,66,109212,73,230238
15326,0.000805,172.217.194.0-255,1484,110696,73,230238
15327,0.00081,172.217.194.0-255,2902,113598,73,230238
15328,0.000813,172.31.40.0-255,66,113664,73,230238
15329,0.000817,172.217.194.0-255,2902,116566,73,230238
15330,0.000819,172.31.40.0-255,66,116632,73,230238
15331,0.000833,172.217.194.0-255,2902,119534,73,230238
15332,0.000835,172.31.40.0-255,66,119600,73,230238
15333,0.000838,172.217.194.0-255,1484,121084,73,230238
15334,0.00088,172.31.40.0-255,66,121150,73,230238
15335,0.000897,172.217.194.0-255,4320,125470,73,230238
15336,0.0009,172.31.40.0-255,66,125536,73,230238
15337,0.000947,172.31.40.0-255,66,125602,73,230238
15338,0.000965,172.31.40.0-255,66,125668,73,230238
15339,0.000972,172.217.194.0-255,6438,132106,73,230238
15340,0.000974,172.31.40.0-255,66,132172,73,230238
15341,0.001203,172.217.194.0-255,1484,133656,73,230238
15342,0.001209,172.217.194.0-255,2902,136558,73,230238
15343,0.001212,172.31.40.0-255,66,136624,73,230238
15344,0.001236,172.217.194.0-255,5738,142362,73,230238
15345,0.001239,172.31.40.0-255,66,142428,73,230238
15346,0.001253,172.217.194.0-255,4320,146748,73,230238
15347,0.001256,172.31.40.0-255,66,146814,73,230238
15348,0.001281,172.31.40.0-255,66,146880,73,230238
15349,0.001314,172.217.194.0-255,5738,152618,73,230238
15350,0.001318,172.31.40.0-255,66,152684,73,230238
15351,0.001335,172.217.194.0-255,5020,157704,73,230238
15352,0.001338,172.31.40.0-255,66,157770,73,230238
15353,0.001386,172.217.194.0-255,1484,159254,73,230238
15354,0.001401,172.217.194.0-255,2902,162156,73,230238
15355,0.001404,172.31.40.0-255,66,162222,73,230238
15356,0.001411,172.217.194.0-255,5738,167960,73,230238
15357,0.001414,172.31.40.0-255,66,168026,73,230238
15358,0.001446,172.31.40.0-255,66,168092,73,230238
15359,0.00147,172.217.194.0-255,2902,170994,73,230238
15360,0.001473,172.31.40.0-255,66,171060,73,230238
15361,0.001486,172.31.40.0-255,66,171126,73,230238
15362,0.001512,172.217.194.0-255,4320,175446,73,230238
15363,0.001515,172.31.40.0-255,66,175512,73,230238
15364,0.001521,172.217.194.0-255,5738,181250,73,230238
15365,0.001523,172.31.40.0-255,66,181316,73,230238
15366,0.001526,172.217.194.0-255,1484,182800,73,230238
15367,0.00156,172.31.40.0-255,66,182866,73,230238
15368,0.001575,172.31.40.0-255,66,182932,73,230238
15369,0.001598,172.217.194.0-255,766,183698,73,230238
15370,0.001611,172.217.194.0-255,4320,188018,73,230238
15371,0.001614,172.31.40.0-255,66,188084,73,230238
15372,0.001638,172.217.194.0-255,5738,193822,73,230238
15373,0.00164,172.31.40.0-255,66,193888,73,230238
15374,0.001666,172.217.194.0-255,2902,196790,73,230238
15375,0.001669,172.31.40.0-255,66,196856,73,230238
15376,0.001699,172.31.40.0-255,66,196922,73,230238
15377,0.001706,172.217.194.0-255,5738,202660,73,230238
15378,0.001708,172.31.40.0-255,66,202726,73,230238
15379,0.001727,172.217.194.0-255,6438,209164,73,230238
15380,0.00173,172.31.40.0-255,66,209230,73,230238
15381,0.001735,172.217.194.0-255,2902,212132,73,230238
15382,0.001737,172.31.40.0-255,66,212198,73,230238
15383,0.001742,172.217.194.0-255,4320,216518,73,230238
15384,0.001744,172.31.40.0-255,66,216584,73,230238
15385,0.00175,172.217.194.0-255,5738,222322,73,230238
15386,0.001754,172.31.40.0-255,66,222388,73,230238
15387,0.001777,172.217.194.0-255,2902,225290,73,230238
15388,0.001779,172.31.40.0-255,66,225356,73,230238
15389,0.001797,172.31.40.0-255,66,225422,73,230238
15390,0.001849,172.31.40.0-255,66,225488,73,230238
15391,0.001873,172.217.194.0-255,4342,229830,73,230238
15392,0.001876,172.31.40.0-255,66,229896,73,230238
15393,0.001928,172.217.194.0-255,105,230001,73,230238
15394,0.004617,172.31.40.0-255,66,230067,73,230238
15395,0.004655,172.31.40.0-255,105,230172,73,230238
15396,0.006946,172.217.194.0-255,66,230238,73,230238
15397,0.0,74.125.24.0-255,146,146,73,192650
15398,1.6e-05,172.31.40.0-255,66,212,73,192650
15399,2.3e-05,74.125.24.0-255,1484,1696,73,192650
15400,2.7e-05,172.31.40.0-255,66,1762,73,192650
15401,3.3e-05,74.125.24.0-255,2902,4664,73,192650
15402,4.8e-05,172.31.40.0-255,66,4730,73,192650
15403,5.6e-05,74.125.24.0-255,7156,11886,73,192650
15404,6e-05,172.31.40.0-255,66,11952,73,192650
15405,6.4e-05,74.125.24.0-255,1975,13927,73,192650
15406,6.7e-05,172.31.40.0-255,66,13993,73,192650
15407,0.000603,74.125.24.0-255,1484,15477,73,192650
15408,0.00061,172.31.40.0-255,66,15543,73,192650
15409,0.000619,74.125.24.0-255,2902,18445,73,192650
15410,0.000622,172.31.40.0-255,66,18511,73,192650
15411,0.000635,74.125.24.0-255,5738,24249,73,192650
15412,0.000637,172.31.40.0-255,66,24315,73,192650
15413,0.000687,172.31.40.0-255,66,24381,73,192650
15414,0.000699,172.31.40.0-255,66,24447,73,192650
15415,0.00079,74.125.24.0-255,1484,25931,73,192650
15416,0.000794,172.31.40.0-255,66,25997,73,192650
15417,0.00081,74.125.24.0-255,2902,28899,73,192650
15418,0.000813,172.31.40.0-255,66,28965,73,192650
15419,0.000823,74.125.24.0-255,5738,34703,73,192650
15420,0.000826,172.31.40.0-255,66,34769,73,192650
15421,0.000875,74.125.24.0-255,5738,40507,73,192650
15422,0.000879,172.31.40.0-255,66,40573,73,192650
15423,0.000903,74.125.24.0-255,1748,42321,73,192650
15424,0.000906,172.31.40.0-255,66,42387,73,192650
15425,0.001185,74.125.24.0-255,1484,43871,73,192650
15426,0.001191,172.31.40.0-255,66,43937,73,192650
15427,0.001199,74.125.24.0-255,2902,46839,73,192650
15428,0.001202,172.31.40.0-255,66,46905,73,192650
15429,0.001214,74.125.24.0-255,5738,52643,73,192650
15430,0.001216,172.31.40.0-255,66,52709,73,192650
15431,0.00122,74.125.24.0-255,1484,54193,73,192650
15432,0.001263,172.31.40.0-255,66,54259,73,192650
15433,0.001299,172.31.40.0-255,66,54325,73,192650
15434,0.002216,74.125.24.0-255,1484,55809,73,192650
15435,0.002239,74.125.24.0-255,2902,58711,73,192650
15436,0.002244,172.31.40.0-255,66,58777,73,192650
15437,0.002248,74.125.24.0-255,1484,60261,73,192650
15438,0.002254,74.125.24.0-255,5738,65999,73,192650
15439,0.002261,172.31.40.0-255,66,66065,73,192650
15440,0.002267,74.125.24.0-255,4320,70385,73,192650
15441,0.002269,172.31.40.0-255,66,70451,73,192650
15442,0.002311,172.31.40.0-255,66,70517,73,192650
15443,0.002328,172.31.40.0-255,66,70583,73,192650
15444,0.004622,74.125.24.0-255,5738,76321,73,192650
15445,0.004629,172.31.40.0-255,66,76387,73,192650
15446,0.006912,74.125.24.0-255,5738,82125,73,192650
15447,0.006919,172.31.40.0-255,66,82191,73,192650
15448,0.009193,74.125.24.0-255,5738,87929,73,192650
15449,0.009202,172.31.40.0-255,66,87995,73,192650
15450,0.01147,74.125.24.0-255,5738,93733,73,192650
15451,0.011479,172.31.40.0-255,66,93799,73,192650
15452,0.013765,74.125.24.0-255,5738,99537,73,192650
15453,0.013772,172.31.40.0-255,66,99603,73,192650
15454,0.016135,74.125.24.0-255,5738,105341,73,192650
15455,0.016147,172.31.40.0-255,66,105407,73,192650
15456,0.018451,74.125.24.0-255,5738,111145,73,192650
15457,0.018459,172.31.40.0-255,66,111211,73,192650
15458,0.020741,74.125.24.0-255,5738,116949,73,192650
15459,0.020749,172.31.40.0-255,66,117015,73,192650
15460,0.023061,74.125.24.0-255,5738,122753,73,192650
15461,0.023069,172.31.40.0-255,66,122819,73,192650
15462,0.025372,74.125.24.0-255,5738,128557,73,192650
15463,0.025378,172.31.40.0-255,66,128623,73,192650
15464,0.027681,74.125.24.0-255,5738,134361,73,192650
15465,0.027691,172.31.40.0-255,66,134427,73,192650
15466,0.029981,74.125.24.0-255,5738,140165,73,192650
15467,0.029989,172.31.40.0-255,66,140231,73,192650
15468,0.030848,172.31.40.0-255,172,140403,73,192650
15469,0.03088,172.31.40.0-255,1114,141517,73,192650
15470,0.030945,172.31.40.0-255,1514,143031,73,192650
15471,0.030966,172.31.40.0-255,1514,144545,73,192650
15472,0.03097,172.31.40.0-255,683,145228,73,192650
15473,0.032263,74.125.24.0-255,5738,150966,73,192650
15474,0.03227,172.31.40.0-255,66,151032,73,192650
15475,0.032407,104.244.42.0-255,66,151098,73,192650
15476,0.032414,104.244.42.0-255,66,151164,73,192650
15477,0.032504,104.244.42.0-255,66,151230,73,192650
15478,0.03454,74.125.24.0-255,5738,156968,73,192650
15479,0.034546,172.31.40.0-255,66,157034,73,192650
15480,0.036835,74.125.24.0-255,2902,159936,73,192650
15481,0.036841,172.31.40.0-255,66,160002,73,192650
15482,0.036874,74.125.24.0-255,2902,162904,73,192650
15483,0.036877,172.31.40.0-255,66,162970,73,192650
15484,0.039156,74.125.24.0-255,2902,165872,73,192650
15485,0.039166,172.31.40.0-255,66,165938,73,192650
15486,0.039196,74.125.24.0-255,2902,168840,73,192650
15487,0.0392,172.31.40.0-255,66,168906,73,192650
15488,0.041454,74.125.24.0-255,2902,171808,73,192650
15489,0.041461,172.31.40.0-255,66,171874,73,192650
15490,0.041492,74.125.24.0-255,2902,174776,73,192650
15491,0.041494,172.31.40.0-255,66,174842,73,192650
15492,0.043754,74.125.24.0-255,2902,177744,73,192650
15493,0.043763,172.31.40.0-255,66,177810,73,192650
15494,0.043794,74.125.24.0-255,2902,180712,73,192650
15495,0.043797,172.31.40.0-255,66,180778,73,192650
15496,0.046049,74.125.24.0-255,2902,183680,73,192650
15497,0.046055,172.31.40.0-255,66,183746,73,192650
15498,0.046077,74.125.24.0-255,2902,186648,73,192650
15499,0.04608,172.31.40.0-255,66,186714,73,192650
15500,0.048358,74.125.24.0-255,2902,189616,73,192650
15501,0.048365,172.31.40.0-255,66,189682,73,192650
15502,0.048397,74.125.24.0-255,2902,192584,73,192650
15503,0.0484,172.31.40.0-255,66,192650,73,192650
15504,0.0,74.125.24.0-255,147,147,73,186350
15505,2.4e-05,172.31.40.0-255,66,213,73,186350
15506,3e-05,74.125.24.0-255,1484,1697,73,186350
15507,3.5e-05,172.31.40.0-255,66,1763,73,186350
15508,4.1e-05,74.125.24.0-255,2902,4665,73,186350
15509,5.3e-05,172.31.40.0-255,66,4731,73,186350
15510,6e-05,74.125.24.0-255,7156,11887,73,186350
15511,6.3e-05,172.31.40.0-255,66,11953,73,186350
15512,6.6e-05,74.125.24.0-255,1484,13437,73,186350
15513,6.8e-05,172.31.40.0-255,66,13503,73,186350
15514,7.2e-05,74.125.24.0-255,1484,14987,73,186350
15515,7.4e-05,172.31.40.0-255,66,15053,73,186350
15516,0.000124,172.31.40.0-255,66,15119,73,186350
15517,0.000128,74.125.24.0-255,2543,17662,73,186350
15518,0.00013,172.31.40.0-255,66,17728,73,186350
15519,0.000183,74.125.24.0-255,1484,19212,73,186350
15520,0.000186,172.31.40.0-255,66,19278,73,186350
15521,0.000192,74.125.24.0-255,2902,22180,73,186350
15522,0.000194,172.31.40.0-255,66,22246,73,186350
15523,0.0002,74.125.24.0-255,5738,27984,73,186350
15524,0.000208,172.31.40.0-255,66,28050,73,186350
15525,0.000221,172.31.40.0-255,66,28116,73,186350
15526,0.000228,74.125.24.0-255,5738,33854,73,186350
15527,0.00023,172.31.40.0-255,66,33920,73,186350
15528,0.000277,74.125.24.0-255,5354,39274,73,186350
15529,0.000279,172.31.40.0-255,66,39340,73,186350
15530,0.000282,74.125.24.0-255,110,39450,73,186350
15531,0.000284,172.31.40.0-255,66,39516,73,186350
15532,0.000313,74.125.24.0-255,330,39846,73,186350
15533,0.000315,172.31.40.0-255,66,39912,73,186350
15534,0.000442,74.125.24.0-255,1484,41396,73,186350
15535,0.000461,74.125.24.0-255,2902,44298,73,186350
15536,0.000465,172.31.40.0-255,66,44364,73,186350
15537,0.00047,74.125.24.0-255,2902,47266,73,186350
15538,0.000472,172.31.40.0-255,66,47332,73,186350
15539,0.000495,74.125.24.0-255,2902,50234,73,186350
15540,0.000498,172.31.40.0-255,66,50300,73,186350
15541,0.000501,74.125.24.0-255,1484,51784,73,186350
15542,0.000528,74.125.24.0-255,5379,57163,73,186350
15543,0.00053,172.31.40.0-255,66,57229,73,186350
15544,0.000541,74.125.24.0-255,7156,64385,73,186350
15545,0.000544,172.31.40.0-255,66,64451,73,186350
15546,0.000588,172.31.40.0-255,66,64517,73,186350
15547,0.000815,74.125.24.0-255,1484,66001,73,186350
15548,0.000821,74.125.24.0-255,2902,68903,73,186350
15549,0.000825,172.31.40.0-255,66,68969,73,186350
15550,0.000857,74.125.24.0-255,5738,74707,73,186350
15551,0.000859,172.31.40.0-255,66,74773,73,186350
15552,0.000883,74.125.24.0-255,5738,80511,73,186350
15553,0.000886,172.31.40.0-255,66,80577,73,186350
15554,0.0009,172.31.40.0-255,66,80643,73,186350
15555,0.000935,74.125.24.0-255,5020,85663,73,186350
15556,0.000938,172.31.40.0-255,66,85729,73,186350
15557,0.000967,74.125.24.0-255,1484,87213,73,186350
15558,0.000972,74.125.24.0-255,2902,90115,73,186350
15559,0.000974,172.31.40.0-255,66,90181,73,186350
15560,0.001008,74.125.24.0-255,5738,95919,73,186350
15561,0.001012,172.31.40.0-255,66,95985,73,186350
15562,0.001018,74.125.24.0-255,5738,101723,73,186350
15563,0.001021,172.31.40.0-255,66,101789,73,186350
15564,0.001053,74.125.24.0-255,5738,107527,73,186350
15565,0.001056,172.31.40.0-255,66,107593,73,186350
15566,0.001087,172.31.40.0-255,66,107659,73,186350
15567,0.001119,74.125.24.0-255,7156,114815,73,186350
15568,0.001122,172.31.40.0-255,66,114881,73,186350
15569,0.001153,74.125.24.0-255,5738,120619,73,186350
15570,0.001156,172.31.40.0-255,66,120685,73,186350
15571,0.001159,74.125.24.0-255,1484,122169,73,186350
15572,0.001181,172.31.40.0-255,66,122235,73,186350
15573,0.001186,74.125.24.0-255,3602,125837,73,186350
15574,0.001188,172.31.40.0-255,66,125903,73,186350
15575,0.001244,172.31.40.0-255,66,125969,73,186350
15576,0.001302,172.31.40.0-255,66,126035,73,186350
15577,0.001338,74.125.24.0-255,5738,131773,73,186350
15578,0.001341,172.31.40.0-255,66,131839,73,186350
15579,0.001344,74.125.24.0-255,766,132605,73,186350
15580,0.001347,74.125.24.0-255,1484,134089,73,186350
15581,0.001349,172.31.40.0-255,66,134155,73,186350
15582,0.00136,74.125.24.0-255,4320,138475,73,186350
15583,0.001362,172.31.40.0-255,66,138541,73,186350
15584,0.001368,74.125.24.0-255,5738,144279,73,186350
15585,0.00137,172.31.40.0-255,66,144345,73,186350
15586,0.00139,172.31.40.0-255,66,144411,73,186350
15587,0.001434,172.31.40.0-255,66,144477,73,186350
15588,0.00148,74.125.24.0-255,1484,145961,73,186350
15589,0.001484,74.125.24.0-255,2902,148863,73,186350
15590,0.001488,172.31.40.0-255,66,148929,73,186350
15591,0.00155,74.125.24.0-255,5738,154667,73,186350
15592,0.001574,172.31.40.0-255,66,154733,73,186350
15593,0.001577,172.31.40.0-255,66,154799,73,186350
15594,0.00158,172.31.40.0-255,66,154865,73,186350
15595,0.001602,172.31.40.0-255,66,154931,73,186350
15596,0.001615,172.31.40.0-255,66,154997,73,186350
15597,0.001697,172.31.40.0-255,66,155063,73,186350
15598,0.001726,74.125.24.0-255,7156,162219,73,186350
15599,0.001729,172.31.40.0-255,66,162285,73,186350
15600,0.001763,172.31.40.0-255,66,162351,73,186350
15601,0.001768,74.125.24.0-255,2902,165253,73,186350
15602,0.00177,172.31.40.0-255,66,165319,73,186350
15603,0.00181,172.31.40.0-255,66,165385,73,186350
15604,0.00184,74.125.24.0-255,2902,168287,73,186350
15605,0.001842,172.31.40.0-255,66,168353,73,186350
15606,0.001888,172.31.40.0-255,66,168419,73,186350
15607,0.001901,172.31.40.0-255,66,168485,73,186350
15608,0.001917,172.31.40.0-255,66,168551,73,186350
15609,0.001937,172.31.40.0-255,66,168617,73,186350
15610,0.001949,172.31.40.0-255,66,168683,73,186350
15611,0.002029,74.125.24.0-255,7013,175696,73,186350
15612,0.002032,172.31.40.0-255,66,175762,73,186350
15613,0.002035,74.125.24.0-255,105,175867,73,186350
15614,0.004935,172.31.40.0-255,66,175933,73,186350
15615,0.004975,172.31.40.0-255,105,176038,73,186350
15616,0.007501,74.125.24.0-255,66,176104,73,186350
15617,0.039479,172.31.40.0-255,172,176276,73,186350
15618,0.03951,172.31.40.0-255,1114,177390,73,186350
15619,0.039583,172.31.40.0-255,1514,178904,73,186350
15620,0.039584,172.31.40.0-255,1514,180418,73,186350
15621,0.039586,172.31.40.0-255,1514,181932,73,186350
15622,0.039587,172.31.40.0-255,1514,183446,73,186350
15623,0.039617,172.31.40.0-255,1514,184960,73,186350
15624,0.039619,172.31.40.0-255,952,185912,73,186350
15625,0.040986,104.244.42.0-255,66,185978,73,186350
15626,0.041011,104.244.42.0-255,66,186044,73,186350
15627,0.041134,104.244.42.0-255,66,186110,73,186350
15628,0.041182,104.244.42.0-255,66,186176,73,186350
15629,0.044164,104.244.42.0-255,108,186284,73,186350
15630,0.044182,172.31.40.0-255,66,186350,73,186350
15631,0.0,172.31.40.0-255,105,105,73,459
15632,0.000169,172.31.40.0-255,90,195,73,459
15633,0.00018,172.31.40.0-255,66,261,73,459
15634,0.002718,74.125.24.0-255,66,327,73,459
15635,0.002739,74.125.24.0-255,66,393,73,459
15636,0.002754,172.31.40.0-255,66,459,73,459
15637,0.0,74.125.24.0-255,153,153,73,220974
15638,2.4e-05,172.31.40.0-255,66,219,73,220974
15639,3.1e-05,74.125.24.0-255,1484,1703,73,220974
15640,3.6e-05,172.31.40.0-255,66,1769,73,220974
15641,4.2e-05,74.125.24.0-255,2902,4671,73,220974
15642,5.2e-05,172.31.40.0-255,66,4737,73,220974
15643,6.1e-05,74.125.24.0-255,7156,11893,73,220974
15644,6.4e-05,172.31.40.0-255,66,11959,73,220974
15645,7.9e-05,172.31.40.0-255,66,12025,73,220974
15646,8.7e-05,74.125.24.0-255,6797,18822,73,220974
15647,9.1e-05,172.31.40.0-255,66,18888,73,220974
15648,0.000273,74.125.24.0-255,1484,20372,73,220974
15649,0.000278,172.31.40.0-255,66,20438,73,220974
15650,0.000284,74.125.24.0-255,2902,23340,73,220974
15651,0.000287,172.31.40.0-255,66,23406,73,220974
15652,0.000291,74.125.24.0-255,2902,26308,73,220974
15653,0.000293,172.31.40.0-255,66,26374,73,220974
15654,0.00031,74.125.24.0-255,2902,29276,73,220974
15655,0.000314,172.31.40.0-255,66,29342,73,220974
15656,0.000317,74.125.24.0-255,1484,30826,73,220974
15657,0.000324,172.31.40.0-255,66,30892,73,220974
15658,0.000359,74.125.24.0-255,6797,37689,73,220974
15659,0.000363,172.31.40.0-255,66,37755,73,220974
15660,0.000378,172.31.40.0-255,66,37821,73,220974
15661,0.000385,74.125.24.0-255,7105,44926,73,220974
15662,0.000388,172.31.40.0-255,66,44992,73,220974
15663,0.000412,74.125.24.0-255,111,45103,73,220974
15664,0.000414,172.31.40.0-255,66,45169,73,220974
15665,0.000434,74.125.24.0-255,332,45501,73,220974
15666,0.000437,172.31.40.0-255,66,45567,73,220974
15667,0.001053,74.125.24.0-255,1484,47051,73,220974
15668,0.001061,74.125.24.0-255,2902,49953,73,220974
15669,0.001065,172.31.40.0-255,66,50019,73,220974
15670,0.001073,74.125.24.0-255,5738,55757,73,220974
15671,0.001075,172.31.40.0-255,66,55823,73,220974
15672,0.001095,74.125.24.0-255,5738,61561,73,220974
15673,0.001098,172.31.40.0-255,66,61627,73,220974
15674,0.001126,74.125.24.0-255,7156,68783,73,220974
15675,0.001128,172.31.40.0-255,66,68849,73,220974
15676,0.001143,172.31.40.0-255,66,68915,73,220974
15677,0.001146,74.125.24.0-255,766,69681,73,220974
15678,0.001471,172.31.40.0-255,66,69747,73,220974
15679,0.001696,74.125.24.0-255,1484,71231,73,220974
15680,0.001706,74.125.24.0-255,2902,74133,73,220974
15681,0.001711,172.31.40.0-255,66,74199,73,220974
15682,0.001719,74.125.24.0-255,5738,79937,73,220974
15683,0.001721,172.31.40.0-255,66,80003,73,220974
15684,0.001772,172.31.40.0-255,66,80069,73,220974
15685,0.00179,172.31.40.0-255,66,80135,73,220974
15686,0.001793,74.125.24.0-255,1484,81619,73,220974
15687,0.001821,74.125.24.0-255,4320,85939,73,220974
15688,0.001823,172.31.40.0-255,66,86005,73,220974
15689,0.00183,74.125.24.0-255,7156,93161,73,220974
15690,0.001832,172.31.40.0-255,66,93227,73,220974
15691,0.001876,172.31.40.0-255,66,93293,73,220974
15692,0.001883,74.125.24.0-255,6438,99731,73,220974
15693,0.001885,172.31.40.0-255,66,99797,73,220974
15694,0.004195,74.125.24.0-255,5738,105535,73,220974
15695,0.004202,172.31.40.0-255,66,105601,73,220974
15696,0.006515,74.125.24.0-255,5738,111339,73,220974
15697,0.006522,172.31.40.0-255,66,111405,73,220974
15698,0.008832,74.125.24.0-255,5738,117143,73,220974
15699,0.00884,172.31.40.0-255,66,117209,73,220974
15700,0.011175,74.125.24.0-255,4320,121529,73,220974
15701,0.011183,172.31.40.0-255,66,121595,73,220974
15702,0.011207,74.125.24.0-255,1484,123079,73,220974
15703,0.01351,74.125.24.0-255,4320,127399,73,220974
15704,0.013519,172.31.40.0-255,66,127465,73,220974
15705,0.015853,74.125.24.0-255,5738,133203,73,220974
15706,0.015864,172.31.40.0-255,66,133269,73,220974
15707,0.018214,74.125.24.0-255,5738,139007,73,220974
15708,0.018221,172.31.40.0-255,66,139073,73,220974
15709,0.020546,74.125.24.0-255,5738,144811,73,220974
15710,0.020554,172.31.40.0-255,66,144877,73,220974
15711,0.02288,74.125.24.0-255,5738,150615,73,220974
15712,0.022892,172.31.40.0-255,66,150681,73,220974
15713,0.025204,74.125.24.0-255,5738,156419,73,220974
15714,0.02521,172.31.40.0-255,66,156485,73,220974
15715,0.027527,74.125.24.0-255,5738,162223,73,220974
15716,0.027535,172.31.40.0-255,66,162289,73,220974
15717,0.028317,172.31.40.0-255,172,162461,73,220974
15718,0.02835,172.31.40.0-255,1115,163576,73,220974
15719,0.028412,172.31.40.0-255,1514,165090,73,220974
15720,0.028413,172.31.40.0-255,1514,166604,73,220974
15721,0.028418,172.31.40.0-255,1514,168118,73,220974
15722,0.028419,172.31.40.0-255,356,168474,73,220974
15723,0.029845,74.125.24.0-255,5738,174212,73,220974
15724,0.029854,172.31.40.0-255,66,174278,73,220974
15725,0.02988,104.244.42.0-255,66,174344,73,220974
15726,0.029933,104.244.42.0-255,66,174410,73,220974
15727,0.029982,104.244.42.0-255,66,174476,73,220974
15728,0.029988,104.244.42.0-255,66,174542,73,220974
15729,0.03218,74.125.24.0-255,5738,180280,73,220974
15730,0.032189,172.31.40.0-255,66,180346,73,220974
15731,0.034508,74.125.24.0-255,5738,186084,73,220974
15732,0.034515,172.31.40.0-255,66,186150,73,220974
15733,0.036852,74.125.24.0-255,5738,191888,73,220974
15734,0.036868,172.31.40.0-255,66,191954,73,220974
15735,0.039212,74.125.24.0-255,5738,197692,73,220974
15736,0.039229,172.31.40.0-255,66,197758,73,220974
15737,0.041567,74.125.24.0-255,5738,203496,73,220974
15738,0.041585,172.31.40.0-255,66,203562,73,220974
15739,0.043923,74.125.24.0-255,5738,209300,73,220974
15740,0.043942,172.31.40.0-255,66,209366,73,220974
15741,0.046281,74.125.24.0-255,5738,215104,73,220974
15742,0.046289,172.31.40.0-255,66,215170,73,220974
15743,0.048695,74.125.24.0-255,5738,220908,73,220974
15744,0.048714,172.31.40.0-255,66,220974,73,220974
15745,0.0,74.125.24.0-255,146,146,73,207849
15746,2.3e-05,172.31.40.0-255,66,212,73,207849
15747,3.1e-05,74.125.24.0-255,1484,1696,73,207849
15748,3.5e-05,172.31.40.0-255,66,1762,73,207849
15749,5.2e-05,74.125.24.0-255,1484,3246,73,207849
15750,5.5e-05,172.31.40.0-255,66,3312,73,207849
15751,7.7e-05,74.125.24.0-255,2902,6214,73,207849
15752,8e-05,172.31.40.0-255,66,6280,73,207849
15753,8.3e-05,74.125.24.0-255,1484,7764,73,207849
15754,8.5e-05,172.31.40.0-255,66,7830,73,207849
15755,0.000111,74.125.24.0-255,2902,10732,73,207849
15756,0.000113,172.31.40.0-255,66,10798,73,207849
15757,0.000128,74.125.24.0-255,3487,14285,73,207849
15758,0.000131,172.31.40.0-255,66,14351,73,207849
15759,0.000244,74.125.24.0-255,1484,15835,73,207849
15760,0.000248,172.31.40.0-255,66,15901,73,207849
15761,0.000272,74.125.24.0-255,2902,18803,73,207849
15762,0.000275,172.31.40.0-255,66,18869,73,207849
15763,0.000282,74.125.24.0-255,5738,24607,73,207849
15764,0.000284,172.31.40.0-255,66,24673,73,207849
15765,0.000297,74.125.24.0-255,1484,26157,73,207849
15766,0.000299,172.31.40.0-255,66,26223,73,207849
15767,0.000329,172.31.40.0-255,66,26289,73,207849
15768,0.000381,172.31.40.0-255,66,26355,73,207849
15769,0.000425,74.125.24.0-255,1484,27839,73,207849
15770,0.000428,172.31.40.0-255,66,27905,73,207849
15771,0.000462,172.31.40.0-255,66,27971,73,207849
15772,0.000561,74.125.24.0-255,1484,29455,73,207849
15773,0.000565,172.31.40.0-255,66,29521,73,207849
15774,0.00057,74.125.24.0-255,2902,32423,73,207849
15775,0.000573,172.31.40.0-255,66,32489,73,207849
15776,0.000578,74.125.24.0-255,2902,35391,73,207849
15777,0.00058,172.31.40.0-255,66,35457,73,207849
15778,0.0006,74.125.24.0-255,2902,38359,73,207849
15779,0.000602,172.31.40.0-255,66,38425,73,207849
15780,0.000608,74.125.24.0-255,5738,44163,73,207849
15781,0.00061,172.31.40.0-255,66,44229,73,207849
15782,0.000634,74.125.24.0-255,7156,51385,73,207849
15783,0.000637,172.31.40.0-255,66,51451,73,207849
15784,0.000647,172.31.40.0-255,66,51517,73,207849
15785,0.000662,74.125.24.0-255,2184,53701,73,207849
15786,0.000664,172.31.40.0-255,66,53767,73,207849
15787,0.000772,74.125.24.0-255,1484,55251,73,207849
15788,0.000779,74.125.24.0-255,2902,58153,73,207849
15789,0.000782,172.31.40.0-255,66,58219,73,207849
15790,0.000803,74.125.24.0-255,2902,61121,73,207849
15791,0.000806,172.31.40.0-255,66,61187,73,207849
15792,0.000824,74.125.24.0-255,2902,64089,73,207849
15793,0.000827,172.31.40.0-255,66,64155,73,207849
15794,0.000835,74.125.24.0-255,7156,71311,73,207849
15795,0.000837,172.31.40.0-255,66,71377,73,207849
15796,0.000863,74.125.24.0-255,5738,77115,73,207849
15797,0.00087,74.125.24.0-255,7156,84271,73,207849
15798,0.000877,172.31.40.0-255,66,84337,73,207849
15799,0.000884,172.31.40.0-255,66,84403,73,207849
15800,0.00089,74.125.24.0-255,3602,88005,73,207849
15801,0.000892,172.31.40.0-255,66,88071,73,207849
15802,0.001187,74.125.24.0-255,1484,89555,73,207849
15803,0.001193,74.125.24.0-255,2902,92457,73,207849
15804,0.001197,172.31.40.0-255,66,92523,73,207849
15805,0.001219,74.125.24.0-255,1484,94007,73,207849
15806,0.00124,74.125.24.0-255,5738,99745,73,207849
15807,0.001243,172.31.40.0-255,66,99811,73,207849
15808,0.001272,172.31.40.0-255,66,99877,73,207849
15809,0.001301,74.125.24.0-255,2902,102779,73,207849
15810,0.001304,172.31.40.0-255,66,102845,73,207849
15811,0.001329,172.31.40.0-255,66,102911,73,207849
15812,0.001359,74.125.24.0-255,2902,105813,73,207849
15813,0.001361,172.31.40.0-255,66,105879,73,207849
15814,0.001393,172.31.40.0-255,66,105945,73,207849
15815,0.001409,172.31.40.0-255,66,106011,73,207849
15816,0.001426,74.125.24.0-255,3602,109613,73,207849
15817,0.001429,172.31.40.0-255,66,109679,73,207849
15818,0.001435,74.125.24.0-255,5738,115417,73,207849
15819,0.001437,172.31.40.0-255,66,115483,73,207849
15820,0.001462,74.125.24.0-255,4320,119803,73,207849
15821,0.001464,172.31.40.0-255,66,119869,73,207849
15822,0.001478,172.31.40.0-255,66,119935,73,207849
15823,0.001492,172.31.40.0-255,66,120001,73,207849
15824,0.001603,74.125.24.0-255,1484,121485,73,207849
15825,0.001609,74.125.24.0-255,2902,124387,73,207849
15826,0.001612,172.31.40.0-255,66,124453,73,207849
15827,0.001637,74.125.24.0-255,4320,128773,73,207849
15828,0.00164,172.31.40.0-255,66,128839,73,207849
15829,0.001647,74.125.24.0-255,5738,134577,73,207849
15830,0.001649,172.31.40.0-255,66,134643,73,207849
15831,0.001652,74.125.24.0-255,1484,136127,73,207849
15832,0.001686,172.31.40.0-255,66,136193,73,207849
15833,0.001691,74.125.24.0-255,4320,140513,73,207849
15834,0.001693,172.31.40.0-255,66,140579,73,207849
15835,0.001708,74.125.24.0-255,3602,144181,73,207849
15836,0.00171,172.31.40.0-255,66,144247,73,207849
15837,0.001716,74.125.24.0-255,4320,148567,73,207849
15838,0.001718,172.31.40.0-255,66,148633,73,207849
15839,0.001765,172.31.40.0-255,66,148699,73,207849
15840,0.001778,172.31.40.0-255,66,148765,73,207849
15841,0.001818,172.31.40.0-255,66,148831,73,207849
15842,0.001853,172.31.40.0-255,66,148897,73,207849
15843,0.00186,74.125.24.0-255,6438,155335,73,207849
15844,0.001862,172.31.40.0-255,66,155401,73,207849
15845,0.001927,74.125.24.0-255,1484,156885,73,207849
15846,0.001931,74.125.24.0-255,1484,158369,73,207849
15847,0.001935,172.31.40.0-255,66,158435,73,207849
15848,0.001958,74.125.24.0-255,1484,159919,73,207849
15849,0.001965,74.125.24.0-255,5738,165657,73,207849
15850,0.001968,172.31.40.0-255,66,165723,73,207849
15851,0.001973,74.125.24.0-255,2902,168625,73,207849
15852,0.001976,172.31.40.0-255,66,168691,73,207849
15853,0.002003,172.31.40.0-255,66,168757,73,207849
15854,0.002014,172.31.40.0-255,66,168823,73,207849
15855,0.002042,74.125.24.0-255,2902,171725,73,207849
15856,0.002044,172.31.40.0-255,66,171791,73,207849
15857,0.002067,172.31.40.0-255,66,171857,73,207849
15858,0.00208,172.31.40.0-255,66,171923,73,207849
15859,0.004145,74.125.24.0-255,5738,177661,73,207849
15860,0.009311,172.31.40.0-255,66,177727,73,207849
15861,0.011378,74.125.24.0-255,5738,183465,73,207849
15862,0.011389,172.31.40.0-255,66,183531,73,207849
15863,0.013486,74.125.24.0-255,5738,189269,73,207849
15864,0.013494,172.31.40.0-255,66,189335,73,207849
15865,0.015578,74.125.24.0-255,5738,195073,73,207849
15866,0.015586,172.31.40.0-255,66,195139,73,207849
15867,0.017697,74.125.24.0-255,5738,200877,73,207849
15868,0.017711,172.31.40.0-255,66,200943,73,207849
15869,0.019763,74.125.24.0-255,484,201427,73,207849
15870,0.022509,172.31.40.0-255,66,201493,73,207849
15871,0.022548,172.31.40.0-255,105,201598,73,207849
15872,0.024559,74.125.24.0-255,66,201664,73,207849
15873,0.049634,172.31.40.0-255,172,201836,73,207849
15874,0.049672,172.31.40.0-255,1115,202951,73,207849
15875,0.049739,172.31.40.0-255,1514,204465,73,207849
15876,0.049741,172.31.40.0-255,1514,205979,73,207849
15877,0.049745,172.31.40.0-255,1514,207493,73,207849
15878,0.049747,172.31.40.0-255,356,207849,73,207849
15879,0.0,74.125.200.0-255,150,150,73,335268
15880,1.5e-05,172.31.40.0-255,66,216,73,335268
15881,2.2e-05,74.125.200.0-255,1484,1700,73,335268
15882,2.8e-05,172.31.40.0-255,66,1766,73,335268
15883,3.4e-05,74.125.200.0-255,2902,4668,73,335268
15884,4.5e-05,172.31.40.0-255,66,4734,73,335268
15885,5.3e-05,74.125.200.0-255,7156,11890,73,335268
15886,5.6e-05,172.31.40.0-255,66,11956,73,335268
15887,8.9e-05,74.125.200.0-255,2072,14028,73,335268
15888,9.2e-05,172.31.40.0-255,66,14094,73,335268
15889,9.7e-05,74.125.200.0-255,2902,16996,73,335268
15890,9.9e-05,172.31.40.0-255,66,17062,73,335268
15891,0.000107,74.125.200.0-255,7156,24218,73,335268
15892,0.000109,172.31.40.0-255,66,24284,73,335268
15893,0.000148,74.125.200.0-255,6797,31081,73,335268
15894,0.000151,172.31.40.0-255,66,31147,73,335268
15895,0.000345,74.125.200.0-255,1484,32631,73,335268
15896,0.00035,172.31.40.0-255,66,32697,73,335268
15897,0.000356,74.125.200.0-255,2902,35599,73,335268
15898,0.000357,172.31.40.0-255,66,35665,73,335268
15899,0.000377,74.125.200.0-255,1484,37149,73,335268
15900,0.00038,172.31.40.0-255,66,37215,73,335268
15901,0.00041,74.125.200.0-255,4320,41535,73,335268
15902,0.000413,172.31.40.0-255,66,41601,73,335268
15903,0.000417,74.125.200.0-255,2902,44503,73,335268
15904,0.000419,172.31.40.0-255,66,44569,73,335268
15905,0.000442,74.125.200.0-255,3961,48530,73,335268
15906,0.000445,172.31.40.0-255,66,48596,73,335268
15907,0.000448,74.125.200.0-255,1484,50080,73,335268
15908,0.00045,172.31.40.0-255,66,50146,73,335268
15909,0.000482,74.125.200.0-255,2902,53048,73,335268
15910,0.000485,172.31.40.0-255,66,53114,73,335268
15911,0.00049,74.125.200.0-255,2902,56016,73,335268
15912,0.000511,74.125.200.0-255,2902,58918,73,335268
15913,0.000514,74.125.200.0-255,1484,60402,73,335268
15914,0.000517,74.125.200.0-255,1484,61886,73,335268
15915,0.00053,74.125.200.0-255,1484,63370,73,335268
15916,0.00054,172.31.40.0-255,66,63436,73,335268
15917,0.000569,74.125.200.0-255,2543,65979,73,335268
15918,0.00059,172.31.40.0-255,66,66045,73,335268
15919,0.000709,74.125.200.0-255,647,66692,73,335268
15920,0.00082,74.125.200.0-255,1484,68176,73,335268
15921,0.000825,74.125.200.0-255,2902,71078,73,335268
15922,0.000831,172.31.40.0-255,66,71144,73,335268
15923,0.000858,74.125.200.0-255,2902,74046,73,335268
15924,0.000871,74.125.200.0-255,1484,75530,73,335268
15925,0.000878,172.31.40.0-255,66,75596,73,335268
15926,0.000906,74.125.200.0-255,5738,81334,73,335268
15927,0.000912,74.125.200.0-255,4320,85654,73,335268
15928,0.00092,172.31.40.0-255,66,85720,73,335268
15929,0.000931,74.125.200.0-255,5738,91458,73,335268
15930,0.000936,172.31.40.0-255,66,91524,73,335268
15931,0.00097,74.125.200.0-255,7156,98680,73,335268
15932,0.000987,74.125.200.0-255,2184,100864,73,335268
15933,0.000992,172.31.40.0-255,66,100930,73,335268
15934,0.001231,74.125.200.0-255,1484,102414,73,335268
15935,0.001237,74.125.200.0-255,2902,105316,73,335268
15936,0.001241,172.31.40.0-255,66,105382,73,335268
15937,0.001269,74.125.200.0-255,5738,111120,73,335268
15938,0.001316,74.125.200.0-255,7156,118276,73,335268
15939,0.001333,74.125.200.0-255,2902,121178,73,335268
15940,0.001345,74.125.200.0-255,4320,125498,73,335268
15941,0.001355,74.125.200.0-255,1484,126982,73,335268
15942,0.001369,74.125.200.0-255,2902,129884,73,335268
15943,0.00139,74.125.200.0-255,5020,134904,73,335268
15944,0.001462,74.125.200.0-255,1484,136388,73,335268
15945,0.00148,74.125.200.0-255,2902,139290,73,335268
15946,0.001527,74.125.200.0-255,5738,145028,73,335268
15947,0.001533,74.125.200.0-255,4320,149348,73,335268
15948,0.001557,74.125.200.0-255,1484,150832,73,335268
15949,0.001575,74.125.200.0-255,2902,153734,73,335268
15950,0.00159,74.125.200.0-255,1484,155218,73,335268
15951,0.001605,74.125.200.0-255,1484,156702,73,335268
15952,0.001643,74.125.200.0-255,2902,159604,73,335268
15953,0.001671,74.125.200.0-255,1484,161088,73,335268
15954,0.001685,74.125.200.0-255,2902,163990,73,335268
15955,0.001728,74.125.200.0-255,2902,166892,73,335268
15956,0.00175,74.125.200.0-255,2184,169076,73,335268
15957,0.001815,74.125.200.0-255,1484,170560,73,335268
15958,0.001837,74.125.200.0-255,1484,172044,73,335268
15959,0.001851,74.125.200.0-255,2902,174946,73,335268
15960,0.001864,74.125.200.0-255,1484,176430,73,335268
15961,0.001883,74.125.200.0-255,2902,179332,73,335268
15962,0.001906,74.125.200.0-255,1484,180816,73,335268
15963,0.001921,74.125.200.0-255,4320,185136,73,335268
15964,0.001937,74.125.200.0-255,1484,186620,73,335268
15965,0.001941,74.125.200.0-255,2902,189522,73,335268
15966,0.001959,74.125.200.0-255,4320,193842,73,335268
15967,0.001978,74.125.200.0-255,1484,195326,73,335268
15968,0.002022,74.125.200.0-255,1484,196810,73,335268
15969,0.002042,74.125.200.0-255,2902,199712,73,335268
15970,0.002058,74.125.200.0-255,1484,201196,73,335268
15971,0.002071,74.125.200.0-255,4320,205516,73,335268
15972,0.002074,74.125.200.0-255,1484,207000,73,335268
15973,0.0047,172.31.40.0-255,66,207066,73,335268
15974,0.006789,74.125.200.0-255,5738,212804,73,335268
15975,0.006796,172.31.40.0-255,66,212870,73,335268
15976,0.008858,74.125.200.0-255,2902,215772,73,335268
15977,0.008875,74.125.200.0-255,2902,218674,73,335268
15978,0.009252,172.31.40.0-255,66,218740,73,335268
15979,0.011317,74.125.200.0-255,5738,224478,73,335268
15980,0.011325,172.31.40.0-255,66,224544,73,335268
15981,0.013382,74.125.200.0-255,5738,230282,73,335268
15982,0.013405,172.31.40.0-255,66,230348,73,335268
15983,0.015493,74.125.200.0-255,5738,236086,73,335268
15984,0.015502,172.31.40.0-255,66,236152,73,335268
15985,0.01757,74.125.200.0-255,5738,241890,73,335268
15986,0.017578,172.31.40.0-255,66,241956,73,335268
15987,0.019639,74.125.200.0-255,5738,247694,73,335268
15988,0.019645,172.31.40.0-255,66,247760,73,335268
15989,0.021712,74.125.200.0-255,5738,253498,73,335268
15990,0.021724,172.31.40.0-255,66,253564,73,335268
15991,0.023797,74.125.200.0-255,5738,259302,73,335268
15992,0.023805,172.31.40.0-255,66,259368,73,335268
15993,0.025876,74.125.200.0-255,5738,265106,73,335268
15994,0.025882,172.31.40.0-255,66,265172,73,335268
15995,0.027943,74.125.200.0-255,5738,270910,73,335268
15996,0.027951,172.31.40.0-255,66,270976,73,335268
15997,0.029789,172.31.40.0-255,172,271148,73,335268
15998,0.029815,172.31.40.0-255,1115,272263,73,335268
15999,0.029868,172.31.40.0-255,1514,273777,73,335268
16000,0.029875,172.31.40.0-255,1514,275291,73,335268
16001,0.029889,172.31.40.0-255,1514,276805,73,335268
16002,0.029895,172.31.40.0-255,159,276964,73,335268
16003,0.030028,74.125.200.0-255,5738,282702,73,335268
16004,0.030033,172.31.40.0-255,66,282768,73,335268
16005,0.031347,104.244.42.0-255,66,282834,73,335268
16006,0.031376,104.244.42.0-255,66,282900,73,335268
16007,0.03145,104.244.42.0-255,66,282966,73,335268
16008,0.031464,104.244.42.0-255,66,283032,73,335268
16009,0.032093,74.125.200.0-255,5738,288770,73,335268
16010,0.032098,172.31.40.0-255,66,288836,73,335268
16011,0.034165,74.125.200.0-255,5738,294574,73,335268
16012,0.034171,172.31.40.0-255,66,294640,73,335268
16013,0.036257,74.125.200.0-255,5738,300378,73,335268
16014,0.036263,172.31.40.0-255,66,300444,73,335268
16015,0.038344,74.125.200.0-255,5738,306182,73,335268
16016,0.03835,172.31.40.0-255,66,306248,73,335268
16017,0.040437,74.125.200.0-255,5738,311986,73,335268
16018,0.040444,172.31.40.0-255,66,312052,73,335268
16019,0.042522,74.125.200.0-255,5738,317790,73,335268
16020,0.042529,172.31.40.0-255,66,317856,73,335268
16021,0.044645,74.125.200.0-255,5738,323594,73,335268
16022,0.044652,172.31.40.0-255,66,323660,73,335268
16023,0.046716,74.125.200.0-255,5738,329398,73,335268
16024,0.046722,172.31.40.0-255,66,329464,73,335268
16025,0.048799,74.125.200.0-255,5738,335202,73,335268
16026,0.048805,172.31.40.0-255,66,335268,73,335268
16027,0.0,172.217.194.0-255,142,142,73,238799
16028,2.3e-05,172.31.40.0-255,66,208,73,238799
16029,3e-05,172.217.194.0-255,1484,1692,73,238799
16030,3.5e-05,172.31.40.0-255,66,1758,73,238799
16031,4e-05,172.217.194.0-255,2902,4660,73,238799
16032,4.2e-05,172.31.40.0-255,66,4726,73,238799
16033,4.7e-05,172.217.194.0-255,2902,7628,73,238799
16034,5e-05,172.31.40.0-255,66,7694,73,238799
16035,0.00012,172.31.40.0-255,66,7760,73,238799
16036,0.000133,172.31.40.0-255,66,7826,73,238799
16037,0.000138,172.217.194.0-255,4320,12146,73,238799
16038,0.00014,172.31.40.0-255,66,12212,73,238799
16039,0.000172,172.31.40.0-255,66,12278,73,238799
16040,0.000276,172.217.194.0-255,1484,13762,73,238799
16041,0.00028,172.31.40.0-255,66,13828,73,238799
16042,0.000286,172.217.194.0-255,2902,16730,73,238799
16043,0.000288,172.31.40.0-255,66,16796,73,238799
16044,0.000314,172.217.194.0-255,5738,22534,73,238799
16045,0.000316,172.31.40.0-255,66,22600,73,238799
16046,0.000335,172.217.194.0-255,2902,25502,73,238799
16047,0.000337,172.31.40.0-255,66,25568,73,238799
16048,0.000351,172.217.194.0-255,4285,29853,73,238799
16049,0.000353,172.31.40.0-255,66,29919,73,238799
16050,0.000406,172.217.194.0-255,1484,31403,73,238799
16051,0.00041,172.31.40.0-255,66,31469,73,238799
16052,0.000414,172.217.194.0-255,2902,34371,73,238799
16053,0.000417,172.31.40.0-255,66,34437,73,238799
16054,0.000427,172.217.194.0-255,1484,35921,73,238799
16055,0.000429,172.31.40.0-255,66,35987,73,238799
16056,0.000453,172.217.194.0-255,4320,40307,73,238799
16057,0.000456,172.31.40.0-255,66,40373,73,238799
16058,0.000461,172.217.194.0-255,5738,46111,73,238799
16059,0.000463,172.31.40.0-255,66,46177,73,238799
16060,0.000475,172.217.194.0-255,1484,47661,73,238799
16061,0.000502,172.31.40.0-255,66,47727,73,238799
16062,0.000513,172.31.40.0-255,66,47793,73,238799
16063,0.000528,172.217.194.0-255,2184,49977,73,238799
16064,0.00053,172.31.40.0-255,66,50043,73,238799
16065,0.000543,172.31.40.0-255,66,50109,73,238799
16066,0.000557,172.31.40.0-255,66,50175,73,238799
16067,0.000582,172.217.194.0-255,2184,52359,73,238799
16068,0.000584,172.31.40.0-255,66,52425,73,238799
16069,0.000603,172.217.194.0-255,4320,56745,73,238799
16070,0.00062,172.217.194.0-255,4320,61065,73,238799
16071,0.000644,172.31.40.0-255,66,61131,73,238799
16072,0.000657,172.217.194.0-255,2902,64033,73,238799
16073,0.000678,172.217.194.0-255,5317,69350,73,238799
16074,0.000694,172.31.40.0-255,66,69416,73,238799
16075,0.000913,172.217.194.0-255,1484,70900,73,238799
16076,0.000918,172.217.194.0-255,2902,73802,73,238799
16077,0.000923,172.217.194.0-255,4320,78122,73,238799
16078,0.000934,172.31.40.0-255,66,78188,73,238799
16079,0.000938,172.217.194.0-255,1484,79672,73,238799
16080,0.000941,172.217.194.0-255,1484,81156,73,238799
16081,0.000945,172.217.194.0-255,2902,84058,73,238799
16082,0.001002,172.217.194.0-255,1484,85542,73,238799
16083,0.001028,172.31.40.0-255,66,85608,73,238799
16084,0.002017,172.217.194.0-255,1484,87092,73,238799
16085,0.002022,172.217.194.0-255,1484,88576,73,238799
16086,0.002025,172.31.40.0-255,66,88642,73,238799
16087,0.002043,172.217.194.0-255,1484,90126,73,238799
16088,0.002047,172.217.194.0-255,2902,93028,73,238799
16089,0.002049,172.31.40.0-255,66,93094,73,238799
16090,0.002067,172.217.194.0-255,2902,95996,73,238799
16091,0.00207,172.31.40.0-255,66,96062,73,238799
16092,0.002081,172.217.194.0-255,5738,101800,73,238799
16093,0.002083,172.31.40.0-255,66,101866,73,238799
16094,0.002108,172.217.194.0-255,4320,106186,73,238799
16095,0.002112,172.31.40.0-255,66,106252,73,238799
16096,0.002126,172.217.194.0-255,7156,113408,73,238799
16097,0.002128,172.31.40.0-255,66,113474,73,238799
16098,0.002138,172.217.194.0-255,1484,114958,73,238799
16099,0.002145,172.217.194.0-255,5020,119978,73,238799
16100,0.002147,172.31.40.0-255,66,120044,73,238799
16101,0.002386,172.217.194.0-255,1484,121528,73,238799
16102,0.002392,172.217.194.0-255,2902,124430,73,238799
16103,0.002395,172.31.40.0-255,66,124496,73,238799
16104,0.002419,172.217.194.0-255,5738,130234,73,238799
16105,0.002423,172.31.40.0-255,66,130300,73,238799
16106,0.002454,172.31.40.0-255,66,130366,73,238799
16107,0.002458,172.217.194.0-255,1484,131850,73,238799
16108,0.002486,172.31.40.0-255,66,131916,73,238799
16109,0.002513,172.217.194.0-255,5738,137654,73,238799
16110,0.002515,172.31.40.0-255,66,137720,73,238799
16111,0.002551,172.31.40.0-255,66,137786,73,238799
16112,0.002557,172.217.194.0-255,5738,143524,73,238799
16113,0.002559,172.31.40.0-255,66,143590,73,238799
16114,0.002562,172.217.194.0-255,2184,145774,73,238799
16115,0.002565,172.31.40.0-255,66,145840,73,238799
16116,0.002615,172.217.194.0-255,4320,150160,73,238799
16117,0.002618,172.217.194.0-255,1484,151644,73,238799
16118,0.002622,172.217.194.0-255,2902,154546,73,238799
16119,0.002626,172.217.194.0-255,2902,157448,73,238799
16120,0.002636,172.217.194.0-255,1484,158932,73,238799
16121,0.002661,172.217.194.0-255,3602,162534,73,238799
16122,0.002665,172.217.194.0-255,1484,164018,73,238799
16123,0.002678,172.217.194.0-255,1484,165502,73,238799
16124,0.002681,172.217.194.0-255,1484,166986,73,238799
16125,0.002697,172.217.194.0-255,2902,169888,73,238799
16126,0.002711,172.217.194.0-255,4320,174208,73,238799
16127,0.002731,172.217.194.0-255,7156,181364,73,238799
16128,0.002757,172.217.194.0-255,7156,188520,73,238799
16129,0.002765,172.217.194.0-255,7156,195676,73,238799
16130,0.002768,172.217.194.0-255,766,196442,73,238799
16131,0.002771,172.217.194.0-255,1484,197926,73,238799
16132,0.002811,172.217.194.0-255,7156,205082,73,238799
16133,0.002814,172.217.194.0-255,1484,206566,73,238799
16134,0.002851,172.217.194.0-255,7156,213722,73,238799
16135,0.002867,172.217.194.0-255,766,214488,73,238799
16136,0.002875,172.217.194.0-255,7156,221644,73,238799
16137,0.002918,172.217.194.0-255,7156,228800,73,238799
16138,0.002931,172.217.194.0-255,1484,230284,73,238799
16139,0.002933,172.217.194.0-255,1484,231768,73,238799
16140,0.002936,172.217.194.0-255,1150,232918,73,238799
16141,0.002947,172.217.194.0-255,97,233015,73,238799
16142,0.003041,172.217.194.0-255,105,233120,73,238799
16143,0.012122,172.31.40.0-255,66,233186,73,238799
16144,0.012775,172.217.194.0-255,105,233291,73,238799
16145,0.012787,172.31.40.0-255,78,233369,73,238799
16146,0.016875,172.31.40.0-255,105,233474,73,238799
16147,0.019122,172.217.194.0-255,66,233540,73,238799
16148,0.046159,172.31.40.0-255,172,233712,73,238799
16149,0.046189,172.31.40.0-255,1115,234827,73,238799
16150,0.046253,172.31.40.0-255,1514,236341,73,238799
16151,0.046254,172.31.40.0-255,1514,237855,73,238799
16152,0.046281,172.31.40.0-255,680,238535,73,238799
16153,0.047702,104.244.42.0-255,66,238601,73,238799
16154,0.047733,104.244.42.0-255,66,238667,73,238799
16155,0.047822,104.244.42.0-255,66,238733,73,238799
16156,0.047827,104.244.42.0-255,66,238799,73,238799
16157,0.0,172.217.194.0-255,147,147,73,265788
16158,1.7e-05,172.31.40.0-255,66,213,73,265788
16159,2.4e-05,172.217.194.0-255,1484,1697,73,265788
16160,2.8e-05,172.31.40.0-255,66,1763,73,265788
16161,3.3e-05,172.217.194.0-255,2902,4665,73,265788
16162,3.6e-05,172.31.40.0-255,66,4731,73,265788
16163,4.3e-05,172.217.194.0-255,7156,11887,73,265788
16164,4.6e-05,172.31.40.0-255,66,11953,73,265788
16165,5.1e-05,172.217.194.0-255,2077,14030,73,265788
16166,5.3e-05,172.31.40.0-255,66,14096,73,265788
16167,8.8e-05,172.217.194.0-255,1484,15580,73,265788
16168,9.1e-05,172.31.40.0-255,66,15646,73,265788
16169,0.000113,172.217.194.0-255,2902,18548,73,265788
16170,0.000116,172.31.40.0-255,66,18614,73,265788
16171,0.000122,172.217.194.0-255,5738,24352,73,265788
16172,0.000125,172.31.40.0-255,66,24418,73,265788
16173,0.00014,172.217.194.0-255,4320,28738,73,265788
16174,0.000143,172.31.40.0-255,66,28804,73,265788
16175,0.000158,172.217.194.0-255,2543,31347,73,265788
16176,0.00016,172.31.40.0-255,66,31413,73,265788
16177,0.000195,172.217.194.0-255,1484,32897,73,265788
16178,0.000199,172.31.40.0-255,66,32963,73,265788
16179,0.000214,172.217.194.0-255,2902,35865,73,265788
16180,0.000216,172.31.40.0-255,66,35931,73,265788
16181,0.000222,172.217.194.0-255,5738,41669,73,265788
16182,0.000224,172.31.40.0-255,66,41735,73,265788
16183,0.000263,172.31.40.0-255,66,41801,73,265788
16184,0.000274,172.31.40.0-255,66,41867,73,265788
16185,0.000296,172.217.194.0-255,2902,44769,73,265788
16186,0.000299,172.31.40.0-255,66,44835,73,265788
16187,0.00031,172.217.194.0-255,1399,46234,73,265788
16188,0.000329,172.217.194.0-255,117,46351,73,265788
16189,0.000371,172.217.194.0-255,383,46734,73,265788
16190,0.000375,172.31.40.0-255,66,46800,73,265788
16191,0.001121,172.217.194.0-255,1484,48284,73,265788
16192,0.001129,172.217.194.0-255,2902,51186,73,265788
16193,0.001134,172.31.40.0-255,66,51252,73,265788
16194,0.001141,172.217.194.0-255,5738,56990,73,265788
16195,0.001143,172.31.40.0-255,66,57056,73,265788
16196,0.001178,172.31.40.0-255,66,57122,73,265788
16197,0.001185,172.217.194.0-255,5738,62860,73,265788
16198,0.001187,172.31.40.0-255,66,62926,73,265788
16199,0.001202,172.217.194.0-255,5738,68664,73,265788
16200,0.001204,172.31.40.0-255,66,68730,73,265788
16201,0.001209,172.217.194.0-255,2184,70914,73,265788
16202,0.001211,172.31.40.0-255,66,70980,73,265788
16203,0.00174,172.217.194.0-255,1484,72464,73,265788
16204,0.001747,172.217.194.0-255,2902,75366,73,265788
16205,0.00175,172.31.40.0-255,66,75432,73,265788
16206,0.001757,172.217.194.0-255,5738,81170,73,265788
16207,0.001759,172.31.40.0-255,66,81236,73,265788
16208,0.001795,172.217.194.0-255,2902,84138,73,265788
16209,0.001796,172.31.40.0-255,66,84204,73,265788
16210,0.00182,172.31.40.0-255,66,84270,73,265788
16211,0.001825,172.217.194.0-255,5738,90008,73,265788
16212,0.001827,172.31.40.0-255,66,90074,73,265788
16213,0.001846,172.217.194.0-255,5020,95094,73,265788
16214,0.001848,172.31.40.0-255,66,95160,73,265788
16215,0.001877,172.217.194.0-255,7156,102316,73,265788
16216,0.00188,172.31.40.0-255,66,102382,73,265788
16217,0.001909,172.217.194.0-255,4320,106702,73,265788
16218,0.001912,172.31.40.0-255,66,106768,73,265788
16219,0.001924,172.31.40.0-255,66,106834,73,265788
16220,0.001929,172.217.194.0-255,5738,112572,73,265788
16221,0.00193,172.31.40.0-255,66,112638,73,265788
16222,0.001954,172.217.194.0-255,3602,116240,73,265788
16223,0.001956,172.31.40.0-255,66,116306,73,265788
16224,0.002046,172.217.194.0-255,1484,117790,73,265788
16225,0.00205,172.217.194.0-255,1484,119274,73,265788
16226,0.002052,172.31.40.0-255,66,119340,73,265788
16227,0.002067,172.217.194.0-255,1484,120824,73,265788
16228,0.002073,172.217.194.0-255,4320,125144,73,265788
16229,0.002076,172.31.40.0-255,66,125210,73,265788
16230,0.002087,172.217.194.0-255,1484,126694,73,265788
16231,0.002112,172.31.40.0-255,66,126760,73,265788
16232,0.002126,172.217.194.0-255,2902,129662,73,265788
16233,0.002128,172.31.40.0-255,66,129728,73,265788
16234,0.002152,172.31.40.0-255,66,129794,73,265788
16235,0.002252,172.217.194.0-255,1484,131278,73,265788
16236,0.002256,172.217.194.0-255,2902,134180,73,265788
16237,0.002258,172.31.40.0-255,66,134246,73,265788
16238,0.002275,172.217.194.0-255,5738,139984,73,265788
16239,0.002277,172.31.40.0-255,66,140050,73,265788
16240,0.002305,172.217.194.0-255,2902,142952,73,265788
16241,0.002308,172.31.40.0-255,66,143018,73,265788
16242,0.004529,172.217.194.0-255,2902,145920,73,265788
16243,0.004532,172.31.40.0-255,66,145986,73,265788
16244,0.004552,172.217.194.0-255,2902,148888,73,265788
16245,0.004555,172.31.40.0-255,66,148954,73,265788
16246,0.006798,172.217.194.0-255,2902,151856,73,265788
16247,0.006805,172.31.40.0-255,66,151922,73,265788
16248,0.006823,172.217.194.0-255,2902,154824,73,265788
16249,0.006825,172.31.40.0-255,66,154890,73,265788
16250,0.009071,172.217.194.0-255,5738,160628,73,265788
16251,0.009078,172.31.40.0-255,66,160694,73,265788
16252,0.011352,172.217.194.0-255,5738,166432,73,265788
16253,0.011358,172.31.40.0-255,66,166498,73,265788
16254,0.013642,172.217.194.0-255,5738,172236,73,265788
16255,0.013653,172.31.40.0-255,66,172302,73,265788
16256,0.015921,172.217.194.0-255,5738,178040,73,265788
16257,0.015931,172.31.40.0-255,66,178106,73,265788
16258,0.018226,172.217.194.0-255,5738,183844,73,265788
16259,0.018235,172.31.40.0-255,66,183910,73,265788
16260,0.020513,172.217.194.0-255,5738,189648,73,265788
16261,0.02052,172.31.40.0-255,66,189714,73,265788
16262,0.022793,172.217.194.0-255,5738,195452,73,265788
16263,0.0228,172.31.40.0-255,66,195518,73,265788
16264,0.025074,172.217.194.0-255,5738,201256,73,265788
16265,0.025083,172.31.40.0-255,66,201322,73,265788
16266,0.027377,172.217.194.0-255,5738,207060,73,265788
16267,0.027384,172.31.40.0-255,66,207126,73,265788
16268,0.02851,172.31.40.0-255,172,207298,73,265788
16269,0.028544,172.31.40.0-255,1115,208413,73,265788
16270,0.028606,172.31.40.0-255,1514,209927,73,265788
16271,0.028607,172.31.40.0-255,1514,211441,73,265788
16272,0.028612,172.31.40.0-255,1514,212955,73,265788
16273,0.028613,172.31.40.0-255,159,213114,73,265788
16274,0.02966,172.217.194.0-255,5738,218852,73,265788
16275,0.029667,172.31.40.0-255,66,218918,73,265788
16276,0.030044,104.244.42.0-255,66,218984,73,265788
16277,0.030101,104.244.42.0-255,66,219050,73,265788
16278,0.030143,104.244.42.0-255,66,219116,73,265788
16279,0.030147,104.244.42.0-255,66,219182,73,265788
16280,0.031296,104.244.42.0-255,108,219290,73,265788
16281,0.031305,172.31.40.0-255,66,219356,73,265788
16282,0.031989,172.217.194.0-255,5738,225094,73,265788
16283,0.031994,172.31.40.0-255,66,225160,73,265788
16284,0.034245,172.217.194.0-255,5738,230898,73,265788
16285,0.034251,172.31.40.0-255,66,230964,73,265788
16286,0.036521,172.217.194.0-255,5738,236702,73,265788
16287,0.036527,172.31.40.0-255,66,236768,73,265788
16288,0.03879,172.217.194.0-255,5738,242506,73,265788
16289,0.038799,172.31.40.0-255,66,242572,73,265788
16290,0.041075,172.217.194.0-255,5738,248310,73,265788
16291,0.041081,172.31.40.0-255,66,248376,73,265788
16292,0.043363,172.217.194.0-255,5738,254114,73,265788
16293,0.043369,172.31.40.0-255,66,254180,73,265788
16294,0.045644,172.217.194.0-255,5738,259918,73,265788
16295,0.045651,172.31.40.0-255,66,259984,73,265788
16296,0.047914,172.217.194.0-255,5738,265722,73,265788
16297,0.04792,172.31.40.0-255,66,265788,73,265788
16298,0.0,74.125.68.0-255,147,147,73,303556
16299,1.7e-05,172.31.40.0-255,66,213,73,303556
16300,2.4e-05,74.125.68.0-255,1484,1697,73,303556
16301,2.8e-05,172.31.40.0-255,66,1763,73,303556
16302,3.5e-05,74.125.68.0-255,2902,4665,73,303556
16303,3.7e-05,172.31.40.0-255,66,4731,73,303556
16304,4.1e-05,74.125.68.0-255,2902,7633,73,303556
16305,4.4e-05,172.31.40.0-255,66,7699,73,303556
16306,4.7e-05,74.125.68.0-255,1484,9183,73,303556
16307,5e-05,172.31.40.0-255,66,9249,73,303556
16308,7.8e-05,74.125.68.0-255,2902,12151,73,303556
16309,8e-05,172.31.40.0-255,66,12217,73,303556
16310,8.6e-05,74.125.68.0-255,4320,16537,73,303556
16311,8.9e-05,172.31.40.0-255,66,16603,73,303556
16312,0.000106,74.125.68.0-255,4910,21513,73,303556
16313,0.000108,172.31.40.0-255,66,21579,73,303556
16314,0.000114,74.125.68.0-255,5738,27317,73,303556
16315,0.000117,172.31.40.0-255,66,27383,73,303556
16316,0.000141,74.125.68.0-255,3961,31344,73,303556
16317,0.000144,172.31.40.0-255,66,31410,73,303556
16318,0.000326,74.125.68.0-255,1484,32894,73,303556
16319,0.000331,172.31.40.0-255,66,32960,73,303556
16320,0.000337,74.125.68.0-255,2902,35862,73,303556
16321,0.000339,172.31.40.0-255,66,35928,73,303556
16322,0.000361,74.125.68.0-255,4320,40248,73,303556
16323,0.000364,172.31.40.0-255,66,40314,73,303556
16324,0.000408,74.125.68.0-255,4320,44634,73,303556
16325,0.00041,172.31.40.0-255,66,44700,73,303556
16326,0.000431,74.125.68.0-255,3961,48661,73,303556
16327,0.000433,172.31.40.0-255,66,48727,73,303556
16328,0.000439,74.125.68.0-255,4320,53047,73,303556
16329,0.000441,172.31.40.0-255,66,53113,73,303556
16330,0.00046,74.125.68.0-255,4320,57433,73,303556
16331,0.000462,74.125.68.0-255,1484,58917,73,303556
16332,0.000466,172.31.40.0-255,66,58983,73,303556
16333,0.0005,74.125.68.0-255,1484,60467,73,303556
16334,0.000503,172.31.40.0-255,66,60533,73,303556
16335,0.000525,74.125.68.0-255,5687,66220,73,303556
16336,0.000528,172.31.40.0-255,66,66286,73,303556
16337,0.000531,74.125.68.0-255,112,66398,73,303556
16338,0.00097,74.125.68.0-255,332,66730,73,303556
16339,0.00106,172.31.40.0-255,66,66796,73,303556
16340,0.001079,74.125.68.0-255,1484,68280,73,303556
16341,0.001083,74.125.68.0-255,1484,69764,73,303556
16342,0.001085,172.31.40.0-255,66,69830,73,303556
16343,0.001107,74.125.68.0-255,1484,71314,73,303556
16344,0.001113,74.125.68.0-255,4320,75634,73,303556
16345,0.001115,172.31.40.0-255,66,75700,73,303556
16346,0.00114,74.125.68.0-255,5738,81438,73,303556
16347,0.001143,172.31.40.0-255,66,81504,73,303556
16348,0.001165,74.125.68.0-255,1484,82988,73,303556
16349,0.001186,172.31.40.0-255,66,83054,73,303556
16350,0.001209,74.125.68.0-255,1484,84538,73,303556
16351,0.001228,74.125.68.0-255,6438,90976,73,303556
16352,0.001231,172.31.40.0-255,66,91042,73,303556
16353,0.001436,74.125.68.0-255,1484,92526,73,303556
16354,0.00144,74.125.68.0-255,1484,94010,73,303556
16355,0.001443,172.31.40.0-255,66,94076,73,303556
16356,0.001461,74.125.68.0-255,1484,95560,73,303556
16357,0.001464,74.125.68.0-255,1484,97044,73,303556
16358,0.001466,172.31.40.0-255,66,97110,73,303556
16359,0.001481,74.125.68.0-255,2902,100012,73,303556
16360,0.001484,172.31.40.0-255,66,100078,73,303556
16361,0.0015,74.125.68.0-255,2902,102980,73,303556
16362,0.001503,172.31.40.0-255,66,103046,73,303556
16363,0.001516,74.125.68.0-255,2902,105948,73,303556
16364,0.001518,172.31.40.0-255,66,106014,73,303556
16365,0.001553,74.125.68.0-255,7156,113170,73,303556
16366,0.001556,172.31.40.0-255,66,113236,73,303556
16367,0.001589,172.31.40.0-255,66,113302,73,303556
16368,0.001618,74.125.68.0-255,3602,116904,73,303556
16369,0.001621,172.31.40.0-255,66,116970,73,303556
16370,0.001662,74.125.68.0-255,1484,118454,73,303556
16371,0.001678,74.125.68.0-255,1484,119938,73,303556
16372,0.00168,172.31.40.0-255,66,120004,73,303556
16373,0.001701,74.125.68.0-255,1484,121488,73,303556
16374,0.001707,74.125.68.0-255,5738,127226,73,303556
16375,0.00171,172.31.40.0-255,66,127292,73,303556
16376,0.001716,74.125.68.0-255,4320,131612,73,303556
16377,0.001718,172.31.40.0-255,66,131678,73,303556
16378,0.001732,74.125.68.0-255,1484,133162,73,303556
16379,0.00174,74.125.68.0-255,7156,140318,73,303556
16380,0.001743,172.31.40.0-255,66,140384,73,303556
16381,0.001762,74.125.68.0-255,2902,143286,73,303556
16382,0.001764,172.31.40.0-255,66,143352,73,303556
16383,0.001783,172.31.40.0-255,66,143418,73,303556
16384,0.001865,74.125.68.0-255,1484,144902,73,303556
16385,0.001878,74.125.68.0-255,2902,147804,73,303556
16386,0.001881,172.31.40.0-255,66,147870,73,303556
16387,0.001885,74.125.68.0-255,1484,149354,73,303556
16388,0.001902,74.125.68.0-255,4320,153674,73,303556
16389,0.001905,172.31.40.0-255,66,153740,73,303556
16390,0.001925,74.125.68.0-255,5738,159478,73,303556
16391,0.001927,172.31.40.0-255,66,159544,73,303556
16392,0.001933,74.125.68.0-255,4320,163864,73,303556
16393,0.001935,172.31.40.0-255,66,163930,73,303556
16394,0.001952,74.125.68.0-255,2902,166832,73,303556
16395,0.001954,172.31.40.0-255,66,166898,73,303556
16396,0.001967,74.125.68.0-255,2902,169800,73,303556
16397,0.00197,172.31.40.0-255,66,169866,73,303556
16398,0.002002,172.31.40.0-255,66,169932,73,303556
16399,0.004055,74.125.68.0-255,5738,175670,73,303556
16400,0.004061,172.31.40.0-255,66,175736,73,303556
16401,0.006119,74.125.68.0-255,2902,178638,73,303556
16402,0.006122,172.31.40.0-255,66,178704,73,303556
16403,0.006135,74.125.68.0-255,2902,181606,73,303556
16404,0.006137,172.31.40.0-255,66,181672,73,303556
16405,0.00819,74.125.68.0-255,5738,187410,73,303556
16406,0.008196,172.31.40.0-255,66,187476,73,303556
16407,0.010289,74.125.68.0-255,5738,193214,73,303556
16408,0.010297,172.31.40.0-255,66,193280,73,303556
16409,0.012371,74.125.68.0-255,5738,199018,73,303556
16410,0.012378,172.31.40.0-255,66,199084,73,303556
16411,0.014451,74.125.68.0-255,5738,204822,73,303556
16412,0.014459,172.31.40.0-255,66,204888,73,303556
16413,0.016537,74.125.68.0-255,5738,210626,73,303556
16414,0.01655,172.31.40.0-255,66,210692,73,303556
16415,0.018609,74.125.68.0-255,5738,216430,73,303556
16416,0.018618,172.31.40.0-255,66,216496,73,303556
16417,0.020696,74.125.68.0-255,5738,222234,73,303556
16418,0.020703,172.31.40.0-255,66,222300,73,303556
16419,0.022784,74.125.68.0-255,5738,228038,73,303556
16420,0.022799,172.31.40.0-255,66,228104,73,303556
16421,0.024881,74.125.68.0-255,5738,233842,73,303556
16422,0.024895,172.31.40.0-255,66,233908,73,303556
16423,0.026981,74.125.68.0-255,5738,239646,73,303556
16424,0.026995,172.31.40.0-255,66,239712,73,303556
16425,0.029062,74.125.68.0-255,5738,245450,73,303556
16426,0.029069,172.31.40.0-255,66,245516,73,303556
16427,0.031137,74.125.68.0-255,5738,251254,73,303556
16428,0.031148,172.31.40.0-255,66,251320,73,303556
16429,0.033203,74.125.68.0-255,5738,257058,73,303556
16430,0.03321,172.31.40.0-255,66,257124,73,303556
16431,0.03529,74.125.68.0-255,5738,262862,73,303556
16432,0.035304,172.31.40.0-255,66,262928,73,303556
16433,0.037374,74.125.68.0-255,5738,268666,73,303556
16434,0.037384,172.31.40.0-255,66,268732,73,303556
16435,0.039448,74.125.68.0-255,5738,274470,73,303556
16436,0.039459,172.31.40.0-255,66,274536,73,303556
16437,0.041556,74.125.68.0-255,5738,280274,73,303556
16438,0.041576,172.31.40.0-255,66,280340,73,303556
16439,0.043645,74.125.68.0-255,5738,286078,73,303556
16440,0.043654,172.31.40.0-255,66,286144,73,303556
16441,0.045721,74.125.68.0-255,5738,291882,73,303556
16442,0.045733,172.31.40.0-255,66,291948,73,303556
16443,0.047806,74.125.68.0-255,5738,297686,73,303556
16444,0.047822,172.31.40.0-255,66,297752,73,303556
16445,0.049905,74.125.68.0-255,5738,303490,73,303556
16446,0.049914,172.31.40.0-255,66,303556,73,303556
16447,0.0,74.125.68.0-255,295,295,73,249048
16448,2.1e-05,172.31.40.0-255,66,361,73,249048
16449,2.8e-05,74.125.68.0-255,1484,1845,73,249048
16450,3.3e-05,172.31.40.0-255,66,1911,73,249048
16451,4.7e-05,74.125.68.0-255,4320,6231,73,249048
16452,5.1e-05,172.31.40.0-255,66,6297,73,249048
16453,5.9e-05,74.125.68.0-255,7156,13453,73,249048
16454,6.2e-05,172.31.40.0-255,66,13519,73,249048
16455,0.000102,172.31.40.0-255,66,13585,73,249048
16456,0.000109,74.125.68.0-255,7156,20741,73,249048
16457,0.000112,172.31.40.0-255,66,20807,73,249048
16458,0.000151,74.125.68.0-255,2543,23350,73,249048
16459,0.000154,172.31.40.0-255,66,23416,73,249048
16460,0.000197,74.125.68.0-255,1484,24900,73,249048
16461,0.0002,172.31.40.0-255,66,24966,73,249048
16462,0.000221,74.125.68.0-255,2902,27868,73,249048
16463,0.000224,172.31.40.0-255,66,27934,73,249048
16464,0.00023,74.125.68.0-255,4320,32254,73,249048
16465,0.000232,172.31.40.0-255,66,32320,73,249048
16466,0.000261,74.125.68.0-255,1484,33804,73,249048
16467,0.000263,172.31.40.0-255,66,33870,73,249048
16468,0.000271,74.125.68.0-255,6797,40667,73,249048
16469,0.000273,172.31.40.0-255,66,40733,73,249048
16470,0.000285,74.125.68.0-255,7156,47889,73,249048
16471,0.000288,172.31.40.0-255,66,47955,73,249048
16472,0.000324,172.31.40.0-255,66,48021,73,249048
16473,0.00035,74.125.68.0-255,1402,49423,73,249048
16474,0.000352,172.31.40.0-255,66,49489,73,249048
16475,0.000453,74.125.68.0-255,380,49869,73,249048
16476,0.000456,172.31.40.0-255,66,49935,73,249048
16477,0.000664,74.125.68.0-255,1484,51419,73,249048
16478,0.000672,74.125.68.0-255,2902,54321,73,249048
16479,0.000675,172.31.40.0-255,66,54387,73,249048
16480,0.000679,74.125.68.0-255,1484,55871,73,249048
16481,0.000702,74.125.68.0-255,4320,60191,73,249048
16482,0.000705,172.31.40.0-255,66,60257,73,249048
16483,0.000709,74.125.68.0-255,2902,63159,73,249048
16484,0.000711,172.31.40.0-255,66,63225,73,249048
16485,0.000722,74.125.68.0-255,3961,67186,73,249048
16486,0.000754,74.125.68.0-255,1484,68670,73,249048
16487,0.00076,172.31.40.0-255,66,68736,73,249048
16488,0.000768,74.125.68.0-255,1484,70220,73,249048
16489,0.00082,74.125.68.0-255,5379,75599,73,249048
16490,0.000842,172.31.40.0-255,66,75665,73,249048
16491,0.001635,74.125.68.0-255,1484,77149,73,249048
16492,0.001645,74.125.68.0-255,2902,80051,73,249048
16493,0.00165,172.31.40.0-255,66,80117,73,249048
16494,0.001674,74.125.68.0-255,1484,81601,73,249048
16495,0.001715,74.125.68.0-255,2902,84503,73,249048
16496,0.001718,172.31.40.0-255,66,84569,73,249048
16497,0.001722,74.125.68.0-255,1484,86053,73,249048
16498,0.001766,74.125.68.0-255,1484,87537,73,249048
16499,0.00177,172.31.40.0-255,66,87603,73,249048
16500,0.001799,74.125.68.0-255,2902,90505,73,249048
16501,0.001802,172.31.40.0-255,66,90571,73,249048
16502,0.001825,74.125.68.0-255,1484,92055,73,249048
16503,0.00184,74.125.68.0-255,2902,94957,73,249048
16504,0.001843,172.31.40.0-255,66,95023,73,249048
16505,0.001848,74.125.68.0-255,2902,97925,73,249048
16506,0.00185,172.31.40.0-255,66,97991,73,249048
16507,0.001875,74.125.68.0-255,2902,100893,73,249048
16508,0.001877,172.31.40.0-255,66,100959,73,249048
16509,0.001885,74.125.68.0-255,1484,102443,73,249048
16510,0.001889,74.125.68.0-255,2902,105345,73,249048
16511,0.001891,172.31.40.0-255,66,105411,73,249048
16512,0.001918,74.125.68.0-255,2902,108313,73,249048
16513,0.001921,172.31.40.0-255,66,108379,73,249048
16514,0.001945,74.125.68.0-255,2184,110563,73,249048
16515,0.001948,172.31.40.0-255,66,110629,73,249048
16516,0.003928,74.125.68.0-255,2902,113531,73,249048
16517,0.003935,172.31.40.0-255,66,113597,73,249048
16518,0.00397,74.125.68.0-255,2902,116499,73,249048
16519,0.003972,172.31.40.0-255,66,116565,73,249048
16520,0.005945,74.125.68.0-255,2902,119467,73,249048
16521,0.005953,172.31.40.0-255,66,119533,73,249048
16522,0.005981,74.125.68.0-255,2902,122435,73,249048
16523,0.005984,172.31.40.0-255,66,122501,73,249048
16524,0.007956,74.125.68.0-255,2902,125403,73,249048
16525,0.00796,172.31.40.0-255,66,125469,73,249048
16526,0.007987,74.125.68.0-255,2902,128371,73,249048
16527,0.007989,172.31.40.0-255,66,128437,73,249048
16528,0.009971,74.125.68.0-255,2902,131339,73,249048
16529,0.009978,172.31.40.0-255,66,131405,73,249048
16530,0.010011,74.125.68.0-255,2902,134307,73,249048
16531,0.010014,172.31.40.0-255,66,134373,73,249048
16532,0.01199,74.125.68.0-255,2902,137275,73,249048
16533,0.011998,172.31.40.0-255,66,137341,73,249048
16534,0.012029,74.125.68.0-255,2902,140243,73,249048
16535,0.012032,172.31.40.0-255,66,140309,73,249048
16536,0.014015,74.125.68.0-255,2902,143211,73,249048
16537,0.014021,172.31.40.0-255,66,143277,73,249048
16538,0.014049,74.125.68.0-255,2902,146179,73,249048
16539,0.014052,172.31.40.0-255,66,146245,73,249048
16540,0.016037,74.125.68.0-255,2902,149147,73,249048
16541,0.016066,172.31.40.0-255,66,149213,73,249048
16542,0.016132,74.125.68.0-255,2902,152115,73,249048
16543,0.016136,172.31.40.0-255,66,152181,73,249048
16544,0.018079,74.125.68.0-255,2902,155083,73,249048
16545,0.01809,172.31.40.0-255,66,155149,73,249048
16546,0.018125,74.125.68.0-255,1484,156633,73,249048
16547,0.018144,74.125.68.0-255,1484,158117,73,249048
16548,0.018147,172.31.40.0-255,66,158183,73,249048
16549,0.020097,74.125.68.0-255,2902,161085,73,249048
16550,0.020105,172.31.40.0-255,66,161151,73,249048
16551,0.020151,74.125.68.0-255,2902,164053,73,249048
16552,0.020155,172.31.40.0-255,66,164119,73,249048
16553,0.022106,74.125.68.0-255,2902,167021,73,249048
16554,0.022113,172.31.40.0-255,66,167087,73,249048
16555,0.022153,74.125.68.0-255,2902,169989,73,249048
16556,0.022156,172.31.40.0-255,66,170055,73,249048
16557,0.02412,74.125.68.0-255,2902,172957,73,249048
16558,0.024128,172.31.40.0-255,66,173023,73,249048
16559,0.024157,74.125.68.0-255,2902,175925,73,249048
16560,0.02416,172.31.40.0-255,66,175991,73,249048
16561,0.026152,74.125.68.0-255,5738,181729,73,249048
16562,0.02616,172.31.40.0-255,66,181795,73,249048
16563,0.02817,74.125.68.0-255,5738,187533,73,249048
16564,0.028179,172.31.40.0-255,66,187599,73,249048
16565,0.03021,74.125.68.0-255,5738,193337,73,249048
16566,0.030218,172.31.40.0-255,66,193403,73,249048
16567,0.032251,74.125.68.0-255,5738,199141,73,249048
16568,0.032261,172.31.40.0-255,66,199207,73,249048
16569,0.03427,74.125.68.0-255,5738,204945,73,249048
16570,0.034278,172.31.40.0-255,66,205011,73,249048
16571,0.035307,172.31.40.0-255,176,205187,73,249048
16572,0.035344,172.31.40.0-255,1116,206303,73,249048
16573,0.035401,172.31.40.0-255,1514,207817,73,249048
16574,0.035402,172.31.40.0-255,405,208222,73,249048
16575,0.03629,74.125.68.0-255,5738,213960,73,249048
16576,0.036297,172.31.40.0-255,66,214026,73,249048
16577,0.036807,104.244.42.0-255,66,214092,73,249048
16578,0.036829,104.244.42.0-255,66,214158,73,249048
16579,0.036904,104.244.42.0-255,66,214224,73,249048
16580,0.038318,74.125.68.0-255,5738,219962,73,249048
16581,0.038326,172.31.40.0-255,66,220028,73,249048
16582,0.04035,74.125.68.0-255,5738,225766,73,249048
16583,0.040356,172.31.40.0-255,66,225832,73,249048
16584,0.042406,74.125.68.0-255,5738,231570,73,249048
16585,0.042425,172.31.40.0-255,66,231636,73,249048
16586,0.044454,74.125.68.0-255,5738,237374,73,249048
16587,0.044471,172.31.40.0-255,66,237440,73,249048
16588,0.046514,74.125.68.0-255,5738,243178,73,249048
16589,0.046532,172.31.40.0-255,66,243244,73,249048
16590,0.048585,74.125.68.0-255,5738,248982,73,249048
16591,0.048603,172.31.40.0-255,66,249048,73,249048
16592,0.0,172.31.40.0-255,105,105,73,459
16593,0.000215,172.31.40.0-255,90,195,73,459
16594,0.000225,172.31.40.0-255,66,261,73,459
16595,0.002433,74.125.68.0-255,66,327,73,459
16596,0.002447,74.125.68.0-255,66,393,73,459
16597,0.002453,172.31.40.0-255,66,459,73,459
16598,0.0,172.217.160.0-255,146,146,73,190925
16599,2.3e-05,172.31.40.0-255,66,212,73,190925
16600,3e-05,172.217.160.0-255,1484,1696,73,190925
16601,3.4e-05,172.31.40.0-255,66,1762,73,190925
16602,6.1e-05,172.217.160.0-255,2902,4664,73,190925
16603,6.5e-05,172.31.40.0-255,66,4730,73,190925
16604,7.2e-05,172.217.160.0-255,5738,10468,73,190925
16605,7.6e-05,172.31.40.0-255,66,10534,73,190925
16606,8e-05,172.217.160.0-255,2902,13436,73,190925
16607,8.2e-05,172.31.40.0-255,66,13502,73,190925
16608,0.000119,172.31.40.0-255,66,13568,73,190925
16609,0.000122,172.217.160.0-255,1484,15052,73,190925
16610,0.000124,172.31.40.0-255,66,15118,73,190925
16611,0.000131,172.217.160.0-255,5379,20497,73,190925
16612,0.000134,172.31.40.0-255,66,20563,73,190925
16613,0.000179,172.217.160.0-255,5738,26301,73,190925
16614,0.000182,172.31.40.0-255,66,26367,73,190925
16615,0.000186,172.217.160.0-255,1484,27851,73,190925
16616,0.000188,172.31.40.0-255,66,27917,73,190925
16617,0.000235,172.31.40.0-255,66,27983,73,190925
16618,0.000252,172.31.40.0-255,66,28049,73,190925
16619,0.000257,172.217.160.0-255,3908,31957,73,190925
16620,0.000259,172.31.40.0-255,66,32023,73,190925
16621,0.001015,172.217.160.0-255,102,32125,73,190925
16622,0.001021,172.31.40.0-255,66,32191,73,190925
16623,0.001196,172.217.160.0-255,1484,33675,73,190925
16624,0.001201,172.31.40.0-255,66,33741,73,190925
16625,0.00121,172.217.160.0-255,2902,36643,73,190925
16626,0.001212,172.31.40.0-255,66,36709,73,190925
16627,0.001224,172.217.160.0-255,5738,42447,73,190925
16628,0.001227,172.31.40.0-255,66,42513,73,190925
16629,0.001231,172.217.160.0-255,2902,45415,73,190925
16630,0.001233,172.31.40.0-255,66,45481,73,190925
16631,0.001278,172.31.40.0-255,66,45547,73,190925
16632,0.001289,172.31.40.0-255,66,45613,73,190925
16633,0.003261,172.217.160.0-255,5738,51351,73,190925
16634,0.003268,172.31.40.0-255,66,51417,73,190925
16635,0.005232,172.217.160.0-255,1484,52901,73,190925
16636,0.005251,172.217.160.0-255,4320,57221,73,190925
16637,0.005253,172.31.40.0-255,66,57287,73,190925
16638,0.007226,172.217.160.0-255,5738,63025,73,190925
16639,0.007232,172.31.40.0-255,66,63091,73,190925
16640,0.009206,172.217.160.0-255,5738,68829,73,190925
16641,0.009213,172.31.40.0-255,66,68895,73,190925
16642,0.011193,172.217.160.0-255,5738,74633,73,190925
16643,0.011201,172.31.40.0-255,66,74699,73,190925
16644,0.0132,172.217.160.0-255,5738,80437,73,190925
16645,0.013207,172.31.40.0-255,66,80503,73,190925
16646,0.015186,172.217.160.0-255,5738,86241,73,190925
16647,0.015194,172.31.40.0-255,66,86307,73,190925
16648,0.017172,172.217.160.0-255,5738,92045,73,190925
16649,0.01718,172.31.40.0-255,66,92111,73,190925
16650,0.019163,172.217.160.0-255,5738,97849,73,190925
16651,0.01917,172.31.40.0-255,66,97915,73,190925
16652,0.021239,172.217.160.0-255,5738,103653,73,190925
16653,0.021247,172.31.40.0-255,66,103719,73,190925
16654,0.02322,172.217.160.0-255,5738,109457,73,190925
16655,0.023226,172.31.40.0-255,66,109523,73,190925
16656,0.025208,172.217.160.0-255,5738,115261,73,190925
16657,0.025217,172.31.40.0-255,66,115327,73,190925
16658,0.026927,172.31.40.0-255,172,115499,73,190925
16659,0.026957,172.31.40.0-255,1114,116613,73,190925
16660,0.027012,172.31.40.0-255,1514,118127,73,190925
16661,0.027013,172.31.40.0-255,1514,119641,73,190925
16662,0.027016,172.31.40.0-255,1438,121079,73,190925
16663,0.027186,172.217.160.0-255,5738,126817,73,190925
16664,0.027192,172.31.40.0-255,66,126883,73,190925
16665,0.028528,104.244.42.0-255,66,126949,73,190925
16666,0.028552,104.244.42.0-255,66,127015,73,190925
16667,0.028608,104.244.42.0-255,66,127081,73,190925
16668,0.029208,172.217.160.0-255,5738,132819,73,190925
16669,0.029213,172.31.40.0-255,66,132885,73,190925
16670,0.031193,172.217.160.0-255,5738,138623,73,190925
16671,0.031199,172.31.40.0-255,66,138689,73,190925
16672,0.0332,172.217.160.0-255,5738,144427,73,190925
16673,0.033205,172.31.40.0-255,66,144493,73,190925
16674,0.035181,172.217.160.0-255,5738,150231,73,190925
16675,0.035186,172.31.40.0-255,66,150297,73,190925
16676,0.037182,172.217.160.0-255,5738,156035,73,190925
16677,0.037189,172.31.40.0-255,66,156101,73,190925
16678,0.039186,172.217.160.0-255,5738,161839,73,190925
16679,0.039192,172.31.40.0-255,66,161905,73,190925
16680,0.041178,172.217.160.0-255,5738,167643,73,190925
16681,0.041185,172.31.40.0-255,66,167709,73,190925
16682,0.043178,172.217.160.0-255,5738,173447,73,190925
16683,0.043188,172.31.40.0-255,66,173513,73,190925
16684,0.045178,172.217.160.0-255,5738,179251,73,190925
16685,0.045186,172.31.40.0-255,66,179317,73,190925
16686,0.047182,172.217.160.0-255,5738,185055,73,190925
16687,0.047187,172.31.40.0-255,66,185121,73,190925
16688,0.04917,172.217.160.0-255,5738,190859,73,190925
16689,0.049176,172.31.40.0-255,66,190925,73,190925
16690,0.0,74.125.24.0-255,173,173,73,251870
16691,1.4e-05,172.31.40.0-255,66,239,73,251870
16692,2e-05,74.125.24.0-255,1484,1723,73,251870
16693,2.4e-05,172.31.40.0-255,66,1789,73,251870
16694,2.9e-05,74.125.24.0-255,2902,4691,73,251870
16695,4e-05,172.31.40.0-255,66,4757,73,251870
16696,4.7e-05,74.125.24.0-255,7156,11913,73,251870
16697,5e-05,172.31.40.0-255,66,11979,73,251870
16698,7.8e-05,74.125.24.0-255,2099,14078,73,251870
16699,8.1e-05,172.31.40.0-255,66,14144,73,251870
16700,0.000108,74.125.24.0-255,2902,17046,73,251870
16701,0.00011,172.31.40.0-255,66,17112,73,251870
16702,0.000135,74.125.24.0-255,4320,21432,73,251870
16703,0.000138,172.31.40.0-255,66,21498,73,251870
16704,0.000172,172.31.40.0-255,66,21564,73,251870
16705,0.000175,74.125.24.0-255,1125,22689,73,251870
16706,0.000177,172.31.40.0-255,66,22755,73,251870
16707,0.000502,74.125.24.0-255,1484,24239,73,251870
16708,0.000508,172.31.40.0-255,66,24305,73,251870
16709,0.000514,74.125.24.0-255,2902,27207,73,251870
16710,0.000516,172.31.40.0-255,66,27273,73,251870
16711,0.000529,74.125.24.0-255,5738,33011,73,251870
16712,0.000532,172.31.40.0-255,66,33077,73,251870
16713,0.00059,172.31.40.0-255,66,33143,73,251870
16714,0.000602,172.31.40.0-255,66,33209,73,251870
16715,0.000605,74.125.24.0-255,410,33619,73,251870
16716,0.000607,172.31.40.0-255,66,33685,73,251870
16717,0.000648,74.125.24.0-255,332,34017,73,251870
16718,0.000651,172.31.40.0-255,66,34083,73,251870
16719,0.001035,74.125.24.0-255,1484,35567,73,251870
16720,0.00104,74.125.24.0-255,1484,37051,73,251870
16721,0.001043,172.31.40.0-255,66,37117,73,251870
16722,0.001062,74.125.24.0-255,1484,38601,73,251870
16723,0.001073,74.125.24.0-255,5738,44339,73,251870
16724,0.001077,74.125.24.0-255,2902,47241,73,251870
16725,0.001105,74.125.24.0-255,5738,52979,73,251870
16726,0.001123,74.125.24.0-255,4320,57299,73,251870
16727,0.00113,74.125.24.0-255,7156,64455,73,251870
16728,0.001148,74.125.24.0-255,3602,68057,73,251870
16729,0.001161,172.31.40.0-255,66,68123,73,251870
16730,0.001876,74.125.24.0-255,1484,69607,73,251870
16731,0.001888,74.125.24.0-255,2902,72509,73,251870
16732,0.001893,172.31.40.0-255,66,72575,73,251870
16733,0.001901,74.125.24.0-255,5738,78313,73,251870
16734,0.001955,74.125.24.0-255,4320,82633,73,251870
16735,0.002032,74.125.24.0-255,4320,86953,73,251870
16736,0.002048,74.125.24.0-255,5738,92691,73,251870
16737,0.002053,74.125.24.0-255,4320,97011,73,251870
16738,0.002077,74.125.24.0-255,7156,104167,73,251870
16739,0.002084,74.125.24.0-255,5738,109905,73,251870
16740,0.002193,74.125.24.0-255,4320,114225,73,251870
16741,0.002204,74.125.24.0-255,1484,115709,73,251870
16742,0.002209,74.125.24.0-255,2902,118611,73,251870
16743,0.002233,74.125.24.0-255,5738,124349,73,251870
16744,0.00224,74.125.24.0-255,4320,128669,73,251870
16745,0.002252,74.125.24.0-255,4320,132989,73,251870
16746,0.002284,74.125.24.0-255,4320,137309,73,251870
16747,0.002292,74.125.24.0-255,7156,144465,73,251870
16748,0.002314,74.125.24.0-255,3602,148067,73,251870
16749,0.005553,172.31.40.0-255,66,148133,73,251870
16750,0.007865,74.125.24.0-255,5738,153871,73,251870
16751,0.007871,172.31.40.0-255,66,153937,73,251870
16752,0.010213,74.125.24.0-255,5738,159675,73,251870
16753,0.010222,172.31.40.0-255,66,159741,73,251870
16754,0.012564,74.125.24.0-255,5738,165479,73,251870
16755,0.012749,172.31.40.0-255,66,165545,73,251870
16756,0.015113,74.125.24.0-255,5738,171283,73,251870
16757,0.015121,172.31.40.0-255,66,171349,73,251870
16758,0.01752,74.125.24.0-255,5738,177087,73,251870
16759,0.021583,172.31.40.0-255,66,177153,73,251870
16760,0.023914,74.125.24.0-255,5738,182891,73,251870
16761,0.023927,172.31.40.0-255,66,182957,73,251870
16762,0.026274,74.125.24.0-255,5738,188695,73,251870
16763,0.026286,172.31.40.0-255,66,188761,73,251870
16764,0.028642,74.125.24.0-255,5738,194499,73,251870
16765,0.028662,172.31.40.0-255,66,194565,73,251870
16766,0.030965,74.125.24.0-255,5738,200303,73,251870
16767,0.030974,172.31.40.0-255,66,200369,73,251870
16768,0.0333,74.125.24.0-255,5738,206107,73,251870
16769,0.033308,172.31.40.0-255,66,206173,73,251870
16770,0.035617,74.125.24.0-255,5738,211911,73,251870
16771,0.035624,172.31.40.0-255,66,211977,73,251870
16772,0.037923,74.125.24.0-255,5738,217715,73,251870
16773,0.037931,172.31.40.0-255,66,217781,73,251870
16774,0.040289,74.125.24.0-255,5738,223519,73,251870
16775,0.040307,172.31.40.0-255,66,223585,73,251870
16776,0.042666,74.125.24.0-255,5738,229323,73,251870
16777,0.042674,172.31.40.0-255,66,229389,73,251870
16778,0.045008,74.125.24.0-255,5738,235127,73,251870
16779,0.045027,172.31.40.0-255,66,235193,73,251870
16780,0.047311,74.125.24.0-255,5738,240931,73,251870
16781,0.047323,172.31.40.0-255,66,240997,73,251870
16782,0.048928,172.31.40.0-255,172,241169,73,251870
16783,0.048959,172.31.40.0-255,1116,242285,73,251870
16784,0.049021,172.31.40.0-255,1514,243799,73,251870
16785,0.049023,172.31.40.0-255,1514,245313,73,251870
16786,0.049024,172.31.40.0-255,753,246066,73,251870
16787,0.049615,74.125.24.0-255,5738,251804,73,251870
16788,0.049622,172.31.40.0-255,66,251870,73,251870
16789,0.0,74.125.24.0-255,143,143,73,267854
16790,2.3e-05,172.31.40.0-255,66,209,73,267854
16791,3e-05,74.125.24.0-255,1484,1693,73,267854
16792,3.5e-05,172.31.40.0-255,66,1759,73,267854
16793,4.1e-05,74.125.24.0-255,2902,4661,73,267854
16794,4.4e-05,172.31.40.0-255,66,4727,73,267854
16795,5.2e-05,74.125.24.0-255,7156,11883,73,267854
16796,5.5e-05,172.31.40.0-255,66,11949,73,267854
16797,9.7e-05,74.125.24.0-255,1902,13851,73,267854
16798,9.9e-05,172.31.40.0-255,66,13917,73,267854
16799,0.000147,74.125.24.0-255,1484,15401,73,267854
16800,0.000149,172.31.40.0-255,66,15467,73,267854
16801,0.000154,74.125.24.0-255,2902,18369,73,267854
16802,0.000157,172.31.40.0-255,66,18435,73,267854
16803,0.000177,74.125.24.0-255,5738,24173,73,267854
16804,0.00018,172.31.40.0-255,66,24239,73,267854
16805,0.000206,172.31.40.0-255,66,24305,73,267854
16806,0.000211,74.125.24.0-255,2902,27207,73,267854
16807,0.000214,172.31.40.0-255,66,27273,73,267854
16808,0.000237,74.125.24.0-255,5738,33011,73,267854
16809,0.00024,172.31.40.0-255,66,33077,73,267854
16810,0.000253,74.125.24.0-255,2902,35979,73,267854
16811,0.000255,172.31.40.0-255,66,36045,73,267854
16812,0.000283,74.125.24.0-255,3961,40006,73,267854
16813,0.000286,172.31.40.0-255,66,40072,73,267854
16814,0.002439,74.125.24.0-255,1484,41556,73,267854
16815,0.002449,172.31.40.0-255,66,41622,73,267854
16816,0.002461,74.125.24.0-255,2902,44524,73,267854
16817,0.002463,172.31.40.0-255,66,44590,73,267854
16818,0.002471,74.125.24.0-255,5738,50328,73,267854
16819,0.002473,172.31.40.0-255,66,50394,73,267854
16820,0.0025,74.125.24.0-255,2902,53296,73,267854
16821,0.002547,74.125.24.0-255,7156,60452,73,267854
16822,0.002571,74.125.24.0-255,4320,64772,73,267854
16823,0.002574,74.125.24.0-255,1484,66256,73,267854
16824,0.002577,74.125.24.0-255,1484,67740,73,267854
16825,0.002581,74.125.24.0-255,2902,70642,73,267854
16826,0.002708,74.125.24.0-255,1484,72126,73,267854
16827,0.002726,74.125.24.0-255,2902,75028,73,267854
16828,0.002729,74.125.24.0-255,1484,76512,73,267854
16829,0.002749,74.125.24.0-255,4320,80832,73,267854
16830,0.002771,74.125.24.0-255,2902,83734,73,267854
16831,0.002799,74.125.24.0-255,7156,90890,73,267854
16832,0.002805,74.125.24.0-255,4661,95551,73,267854
16833,0.003024,74.125.24.0-255,1484,97035,73,267854
16834,0.003041,74.125.24.0-255,2902,99937,73,267854
16835,0.003046,74.125.24.0-255,4320,104257,73,267854
16836,0.003063,74.125.24.0-255,1484,105741,73,267854
16837,0.003109,74.125.24.0-255,1484,107225,73,267854
16838,0.003121,74.125.24.0-255,1484,108709,73,267854
16839,0.003164,74.125.24.0-255,3602,112311,73,267854
16840,0.003235,74.125.24.0-255,1484,113795,73,267854
16841,0.003254,74.125.24.0-255,2902,116697,73,267854
16842,0.003259,74.125.24.0-255,4320,121017,73,267854
16843,0.003271,74.125.24.0-255,1484,122501,73,267854
16844,0.003274,74.125.24.0-255,1484,123985,73,267854
16845,0.003323,74.125.24.0-255,2902,126887,73,267854
16846,0.003337,74.125.24.0-255,7156,134043,73,267854
16847,0.003351,74.125.24.0-255,3602,137645,73,267854
16848,0.003386,74.125.24.0-255,5738,143383,73,267854
16849,0.003424,74.125.24.0-255,4320,147703,73,267854
16850,0.003441,74.125.24.0-255,3602,151305,73,267854
16851,0.003444,74.125.24.0-255,1484,152789,73,267854
16852,0.00346,74.125.24.0-255,5738,158527,73,267854
16853,0.003479,74.125.24.0-255,1484,160011,73,267854
16854,0.003484,74.125.24.0-255,2902,162913,73,267854
16855,0.003511,74.125.24.0-255,7156,170069,73,267854
16856,0.003529,74.125.24.0-255,1484,171553,73,267854
16857,0.003548,74.125.24.0-255,7156,178709,73,267854
16858,0.003571,74.125.24.0-255,6438,185147,73,267854
16859,0.003593,74.125.24.0-255,6438,191585,73,267854
16860,0.0036,74.125.24.0-255,7156,198741,73,267854
16861,0.003689,74.125.24.0-255,5738,204479,73,267854
16862,0.003716,74.125.24.0-255,5020,209499,73,267854
16863,0.003738,74.125.24.0-255,1484,210983,73,267854
16864,0.003743,74.125.24.0-255,2902,213885,73,267854
16865,0.003759,74.125.24.0-255,5738,219623,73,267854
16866,0.003799,74.125.24.0-255,2902,222525,73,267854
16867,0.003829,74.125.24.0-255,4320,226845,73,267854
16868,0.00385,74.125.24.0-255,6438,233283,73,267854
16869,0.003906,74.125.24.0-255,1484,234767,73,267854
16870,0.003911,74.125.24.0-255,2902,237669,73,267854
16871,0.003934,74.125.24.0-255,2902,240571,73,267854
16872,0.003939,74.125.24.0-255,2902,243473,73,267854
16873,0.003959,74.125.24.0-255,4320,247793,73,267854
16874,0.003964,74.125.24.0-255,2902,250695,73,267854
16875,0.003996,74.125.24.0-255,2902,253597,73,267854
16876,0.004011,74.125.24.0-255,2184,255781,73,267854
16877,0.004032,74.125.24.0-255,4320,260101,73,267854
16878,0.004054,74.125.24.0-255,7156,267257,73,267854
16879,0.004067,74.125.24.0-255,255,267512,73,267854
16880,0.00407,74.125.24.0-255,105,267617,73,267854
16881,0.006616,172.31.40.0-255,66,267683,73,267854
16882,0.009612,172.31.40.0-255,105,267788,73,267854
16883,0.01193,74.125.24.0-255,66,267854,73,267854
16884,0.0,172.217.194.0-255,150,150,73,245186
16885,1.4e-05,172.31.40.0-255,66,216,73,245186
16886,2.1e-05,172.217.194.0-255,1484,1700,73,245186
16887,2.6e-05,172.31.40.0-255,66,1766,73,245186
16888,2.9e-05,172.217.194.0-255,1484,3250,73,245186
16889,3.7e-05,172.31.40.0-255,66,3316,73,245186
16890,5.6e-05,172.217.194.0-255,1484,4800,73,245186
16891,5.9e-05,172.31.40.0-255,66,4866,73,245186
16892,7.2e-05,172.217.194.0-255,7156,12022,73,245186
16893,7.5e-05,172.31.40.0-255,66,12088,73,245186
16894,8e-05,172.217.194.0-255,1983,14071,73,245186
16895,8.3e-05,172.31.40.0-255,66,14137,73,245186
16896,8.8e-05,172.217.194.0-255,2902,17039,73,245186
16897,9.1e-05,172.31.40.0-255,66,17105,73,245186
16898,0.000132,172.31.40.0-255,66,17171,73,245186
16899,0.000138,172.217.194.0-255,5379,22550,73,245186
16900,0.00014,172.31.40.0-255,66,22616,73,245186
16901,0.000168,172.217.194.0-255,1484,24100,73,245186
16902,0.00017,172.31.40.0-255,66,24166,73,245186
16903,0.000195,172.217.194.0-255,2902,27068,73,245186
16904,0.000197,172.31.40.0-255,66,27134,73,245186
16905,0.000204,172.217.194.0-255,5738,32872,73,245186
16906,0.000206,172.31.40.0-255,66,32938,73,245186
16907,0.000209,172.217.194.0-255,1484,34422,73,245186
16908,0.000211,172.31.40.0-255,66,34488,73,245186
16909,0.000241,172.217.194.0-255,5379,39867,73,245186
16910,0.000244,172.31.40.0-255,66,39933,73,245186
16911,0.000256,172.31.40.0-255,66,39999,73,245186
16912,0.000285,172.217.194.0-255,5738,45737,73,245186
16913,0.000288,172.31.40.0-255,66,45803,73,245186
16914,0.000292,172.217.194.0-255,2835,48638,73,245186
16915,0.000294,172.31.40.0-255,66,48704,73,245186
16916,0.000998,172.217.194.0-255,363,49067,73,245186
16917,0.001036,172.31.40.0-255,66,49133,73,245186
16918,0.001222,172.217.194.0-255,1484,50617,73,245186
16919,0.001232,172.217.194.0-255,2902,53519,73,245186
16920,0.001236,172.31.40.0-255,66,53585,73,245186
16921,0.001242,172.217.194.0-255,2902,56487,73,245186
16922,0.001244,172.31.40.0-255,66,56553,73,245186
16923,0.001277,172.217.194.0-255,2902,59455,73,245186
16924,0.00128,172.31.40.0-255,66,59521,73,245186
16925,0.001294,172.31.40.0-255,66,59587,73,245186
16926,0.001301,172.217.194.0-255,7156,66743,73,245186
16927,0.001303,172.31.40.0-255,66,66809,73,245186
16928,0.001325,172.217.194.0-255,1484,68293,73,245186
16929,0.001347,172.217.194.0-255,2184,70477,73,245186
16930,0.00135,172.31.40.0-255,66,70543,73,245186
16931,0.001778,172.217.194.0-255,1484,72027,73,245186
16932,0.001786,172.217.194.0-255,2902,74929,73,245186
16933,0.001791,172.31.40.0-255,66,74995,73,245186
16934,0.001799,172.217.194.0-255,5738,80733,73,245186
16935,0.001801,172.31.40.0-255,66,80799,73,245186
16936,0.001834,172.31.40.0-255,66,80865,73,245186
16937,0.001892,172.31.40.0-255,66,80931,73,245186
16938,0.001897,172.217.194.0-255,2184,83115,73,245186
16939,0.0019,172.31.40.0-255,66,83181,73,245186
16940,0.001923,172.217.194.0-255,2902,86083,73,245186
16941,0.001925,172.31.40.0-255,66,86149,73,245186
16942,0.001933,172.217.194.0-255,7156,93305,73,245186
16943,0.001935,172.31.40.0-255,66,93371,73,245186
16944,0.001941,172.217.194.0-255,5738,99109,73,245186
16945,0.001944,172.31.40.0-255,66,99175,73,245186
16946,0.001991,172.31.40.0-255,66,99241,73,245186
16947,0.001996,172.217.194.0-255,3602,102843,73,245186
16948,0.001998,172.31.40.0-255,66,102909,73,245186
16949,0.004038,172.217.194.0-255,4320,107229,73,245186
16950,0.004044,172.31.40.0-255,66,107295,73,245186
16951,0.00407,172.217.194.0-255,1484,108779,73,245186
16952,0.006065,172.217.194.0-255,4320,113099,73,245186
16953,0.006068,172.31.40.0-255,66,113165,73,245186
16954,0.008105,172.217.194.0-255,5738,118903,73,245186
16955,0.008111,172.31.40.0-255,66,118969,73,245186
16956,0.010157,172.217.194.0-255,5738,124707,73,245186
16957,0.010168,172.31.40.0-255,66,124773,73,245186
16958,0.012196,172.217.194.0-255,5738,130511,73,245186
16959,0.012205,172.31.40.0-255,66,130577,73,245186
16960,0.014246,172.217.194.0-255,5738,136315,73,245186
16961,0.014255,172.31.40.0-255,66,136381,73,245186
16962,0.016304,172.217.194.0-255,5738,142119,73,245186
16963,0.016313,172.31.40.0-255,66,142185,73,245186
16964,0.018329,172.217.194.0-255,5738,147923,73,245186
16965,0.018336,172.31.40.0-255,66,147989,73,245186
16966,0.020376,172.217.194.0-255,5738,153727,73,245186
16967,0.020388,172.31.40.0-255,66,153793,73,245186
16968,0.022431,172.217.194.0-255,5738,159531,73,245186
16969,0.022438,172.31.40.0-255,66,159597,73,245186
16970,0.024475,172.217.194.0-255,5738,165335,73,245186
16971,0.024483,172.31.40.0-255,66,165401,73,245186
16972,0.026515,172.217.194.0-255,5738,171139,73,245186
16973,0.026524,172.31.40.0-255,66,171205,73,245186
16974,0.028563,172.217.194.0-255,5738,176943,73,245186
16975,0.028576,172.31.40.0-255,66,177009,73,245186
16976,0.030611,172.217.194.0-255,5738,182747,73,245186
16977,0.030621,172.31.40.0-255,66,182813,73,245186
16978,0.031332,172.31.40.0-255,172,182985,73,245186
16979,0.031366,172.31.40.0-255,1114,184099,73,245186
16980,0.031433,172.31.40.0-255,1514,185613,73,245186
16981,0.031435,172.31.40.0-255,1514,187127,73,245186
16982,0.031444,172.31.40.0-255,1514,188641,73,245186
16983,0.031445,172.31.40.0-255,1514,190155,73,245186
16984,0.031465,172.31.40.0-255,1514,191669,73,245186
16985,0.031467,172.31.40.0-255,951,192620,73,245186
16986,0.032655,172.217.194.0-255,5738,198358,73,245186
16987,0.032662,172.31.40.0-255,66,198424,73,245186
16988,0.032851,104.244.42.0-255,66,198490,73,245186
16989,0.032889,104.244.42.0-255,66,198556,73,245186
16990,0.032954,104.244.42.0-255,66,198622,73,245186
16991,0.032979,104.244.42.0-255,66,198688,73,245186
16992,0.032982,104.244.42.0-255,66,198754,73,245186
16993,0.034667,172.217.194.0-255,5738,204492,73,245186
16994,0.034673,172.31.40.0-255,66,204558,73,245186
16995,0.036697,172.217.194.0-255,5738,210296,73,245186
16996,0.036703,172.31.40.0-255,66,210362,73,245186
16997,0.038731,172.217.194.0-255,5738,216100,73,245186
16998,0.038739,172.31.40.0-255,66,216166,73,245186
16999,0.040766,172.217.194.0-255,5738,221904,73,245186
17000,0.040773,172.31.40.0-255,66,221970,73,245186
17001,0.042795,172.217.194.0-255,5738,227708,73,245186
17002,0.042802,172.31.40.0-255,66,227774,73,245186
17003,0.044813,172.217.194.0-255,5738,233512,73,245186
17004,0.044824,172.31.40.0-255,66,233578,73,245186
17005,0.046845,172.217.194.0-255,5738,239316,73,245186
17006,0.046853,172.31.40.0-255,66,239382,73,245186
17007,0.048884,172.217.194.0-255,5738,245120,73,245186
17008,0.048894,172.31.40.0-255,66,245186,73,245186
17009,0.0,74.125.200.0-255,431,431,73,142506
17010,1.7e-05,74.125.200.0-255,1484,1915,73,142506
17011,2.8e-05,172.31.40.0-255,66,1981,73,142506
17012,3.6e-05,74.125.200.0-255,2902,4883,73,142506
17013,4e-05,172.31.40.0-255,66,4949,73,142506
17014,6.4e-05,74.125.200.0-255,2902,7851,73,142506
17015,6.8e-05,172.31.40.0-255,66,7917,73,142506
17016,0.000119,74.125.200.0-255,4320,12237,73,142506
17017,0.000127,172.31.40.0-255,66,12303,73,142506
17018,0.000274,74.125.200.0-255,2076,14379,73,142506
17019,0.000279,172.31.40.0-255,66,14445,73,142506
17020,0.000384,74.125.200.0-255,1484,15929,73,142506
17021,0.000398,74.125.200.0-255,2902,18831,73,142506
17022,0.000402,172.31.40.0-255,66,18897,73,142506
17023,0.0005,74.125.200.0-255,1484,20381,73,142506
17024,0.000556,74.125.200.0-255,2902,23283,73,142506
17025,0.000561,172.31.40.0-255,66,23349,73,142506
17026,0.000665,74.125.200.0-255,4320,27669,73,142506
17027,0.000674,172.31.40.0-255,66,27735,73,142506
17028,0.000698,74.125.200.0-255,1484,29219,73,142506
17029,0.000865,74.125.200.0-255,1484,30703,73,142506
17030,0.00087,172.31.40.0-255,66,30769,73,142506
17031,0.002404,74.125.200.0-255,5738,36507,73,142506
17032,0.00241,172.31.40.0-255,66,36573,73,142506
17033,0.002516,74.125.200.0-255,1484,38057,73,142506
17034,0.00254,74.125.200.0-255,7156,45213,73,142506
17035,0.002562,74.125.200.0-255,4320,49533,73,142506
17036,0.002947,74.125.200.0-255,4320,53853,73,142506
17037,0.003604,74.125.200.0-255,5738,59591,73,142506
17038,0.004267,74.125.200.0-255,2902,62493,73,142506
17039,0.004295,74.125.200.0-255,4320,66813,73,142506
17040,0.005482,172.31.40.0-255,66,66879,73,142506
17041,0.005851,172.31.40.0-255,66,66945,73,142506
17042,0.007831,74.125.200.0-255,2902,69847,73,142506
17043,0.007838,172.31.40.0-255,66,69913,73,142506
17044,0.00793,74.125.200.0-255,1484,71397,73,142506
17045,0.007949,74.125.200.0-255,5738,77135,73,142506
17046,0.007971,74.125.200.0-255,3470,80605,73,142506
17047,0.008172,74.125.200.0-255,4320,84925,73,142506
17048,0.008189,74.125.200.0-255,3752,88677,73,142506
17049,0.008263,74.125.200.0-255,7156,95833,73,142506
17050,0.008574,74.125.200.0-255,6774,102607,73,142506
17051,0.009845,172.31.40.0-255,66,102673,73,142506
17052,0.010184,74.125.200.0-255,1866,104539,73,142506
17053,0.010189,172.31.40.0-255,66,104605,73,142506
17054,0.012213,172.31.40.0-255,66,104671,73,142506
17055,0.012271,172.31.40.0-255,66,104737,73,142506
17056,0.0123,74.125.200.0-255,1484,106221,73,142506
17057,0.012501,74.125.200.0-255,2902,109123,73,142506
17058,0.012506,172.31.40.0-255,66,109189,73,142506
17059,0.012595,172.31.40.0-255,66,109255,73,142506
17060,0.013173,74.125.200.0-255,5738,114993,73,142506
17061,0.013179,172.31.40.0-255,66,115059,73,142506
17062,0.013194,74.125.200.0-255,5738,120797,73,142506
17063,0.013201,172.31.40.0-255,66,120863,73,142506
17064,0.013228,172.31.40.0-255,66,120929,73,142506
17065,0.014558,74.125.200.0-255,2902,123831,73,142506
17066,0.014566,172.31.40.0-255,66,123897,73,142506
17067,0.014616,172.31.40.0-255,66,123963,73,142506
17068,0.01466,172.31.40.0-255,66,124029,73,142506
17069,0.014676,74.125.200.0-255,2902,126931,73,142506
17070,0.014678,172.31.40.0-255,66,126997,73,142506
17071,0.014694,74.125.200.0-255,2902,129899,73,142506
17072,0.014697,172.31.40.0-255,66,129965,73,142506
17073,0.014806,172.31.40.0-255,66,130031,73,142506
17074,0.015239,172.31.40.0-255,66,130097,73,142506
17075,0.015291,172.31.40.0-255,66,130163,73,142506
17076,0.01578,74.125.200.0-255,4320,134483,73,142506
17077,0.015816,74.125.200.0-255,1534,136017,73,142506
17078,0.016607,172.31.40.0-255,66,136083,73,142506
17079,0.017683,172.31.40.0-255,105,136188,73,142506
17080,0.019959,74.125.200.0-255,66,136254,73,142506
17081,0.030875,172.31.40.0-255,172,136426,73,142506
17082,0.030905,172.31.40.0-255,1115,137541,73,142506
17083,0.03097,172.31.40.0-255,1514,139055,73,142506
17084,0.030972,172.31.40.0-255,1514,140569,73,142506
17085,0.030977,172.31.40.0-255,1514,142083,73,142506
17086,0.030978,172.31.40.0-255,159,142242,73,142506
17087,0.032498,104.244.42.0-255,66,142308,73,142506
17088,0.032528,104.244.42.0-255,66,142374,73,142506
17089,0.032568,104.244.42.0-255,66,142440,73,142506
17090,0.032588,104.244.42.0-255,66,142506,73,142506
17091,0.0,172.31.40.0-255,105,105,73,459
17092,0.000152,172.31.40.0-255,90,195,73,459
17093,0.00017,172.31.40.0-255,66,261,73,459
17094,0.002298,74.125.68.0-255,66,327,73,459
17095,0.002314,74.125.68.0-255,66,393,73,459
17096,0.002327,172.31.40.0-255,66,459,73,459
17097,0.0,172.217.194.0-255,147,147,73,204144
17098,1.6e-05,172.31.40.0-255,66,213,73,204144
17099,2.3e-05,172.217.194.0-255,1484,1697,73,204144
17100,2.6e-05,172.31.40.0-255,66,1763,73,204144
17101,3.1e-05,172.217.194.0-255,2902,4665,73,204144
17102,3.5e-05,172.31.40.0-255,66,4731,73,204144
17103,4.8e-05,172.217.194.0-255,7156,11887,73,204144
17104,5.1e-05,172.31.40.0-255,66,11953,73,204144
17105,5.5e-05,172.217.194.0-255,2023,13976,73,204144
17106,5.7e-05,172.31.40.0-255,66,14042,73,204144
17107,0.000108,172.217.194.0-255,1484,15526,73,204144
17108,0.000111,172.31.40.0-255,66,15592,73,204144
17109,0.000116,172.217.194.0-255,2902,18494,73,204144
17110,0.000118,172.31.40.0-255,66,18560,73,204144
17111,0.000164,172.217.194.0-255,5738,24298,73,204144
17112,0.000167,172.31.40.0-255,66,24364,73,204144
17113,0.000174,172.217.194.0-255,6797,31161,73,204144
17114,0.000177,172.31.40.0-255,66,31227,73,204144
17115,0.000559,172.217.194.0-255,1484,32711,73,204144
17116,0.000564,172.217.194.0-255,2902,35613,73,204144
17117,0.000574,172.31.40.0-255,66,35679,73,204144
17118,0.000578,172.31.40.0-255,66,35745,73,204144
17119,0.000585,172.217.194.0-255,5738,41483,73,204144
17120,0.000592,172.31.40.0-255,66,41549,73,204144
17121,0.000631,172.31.40.0-255,66,41615,73,204144
17122,0.000656,172.217.194.0-255,1125,42740,73,204144
17123,0.000658,172.31.40.0-255,66,42806,73,204144
17124,0.000665,172.217.194.0-255,5738,48544,73,204144
17125,0.000667,172.31.40.0-255,66,48610,73,204144
17126,0.000696,172.217.194.0-255,5629,54239,73,204144
17127,0.000703,172.31.40.0-255,66,54305,73,204144
17128,0.000706,172.217.194.0-255,120,54425,73,204144
17129,0.00085,172.217.194.0-255,1484,55909,73,204144
17130,0.000854,172.31.40.0-255,66,55975,73,204144
17131,0.00086,172.217.194.0-255,2902,58877,73,204144
17132,0.000862,172.31.40.0-255,66,58943,73,204144
17133,0.000868,172.217.194.0-255,5738,64681,73,204144
17134,0.000875,172.31.40.0-255,66,64747,73,204144
17135,0.000913,172.31.40.0-255,66,64813,73,204144
17136,0.000942,172.217.194.0-255,2543,67356,73,204144
17137,0.000944,172.31.40.0-255,66,67422,73,204144
17138,0.00096,172.31.40.0-255,66,67488,73,204144
17139,0.000963,172.217.194.0-255,382,67870,73,204144
17140,0.001025,172.217.194.0-255,1484,69354,73,204144
17141,0.001028,172.31.40.0-255,66,69420,73,204144
17142,0.001034,172.217.194.0-255,2902,72322,73,204144
17143,0.001036,172.31.40.0-255,66,72388,73,204144
17144,0.001073,172.217.194.0-255,5738,78126,73,204144
17145,0.001076,172.31.40.0-255,66,78192,73,204144
17146,0.001084,172.217.194.0-255,7156,85348,73,204144
17147,0.001086,172.31.40.0-255,66,85414,73,204144
17148,0.001097,172.31.40.0-255,66,85480,73,204144
17149,0.001119,172.217.194.0-255,4320,89800,73,204144
17150,0.001121,172.31.40.0-255,66,89866,73,204144
17151,0.001129,172.217.194.0-255,2184,92050,73,204144
17152,0.001131,172.31.40.0-255,66,92116,73,204144
17153,0.001237,172.217.194.0-255,1484,93600,73,204144
17154,0.001242,172.217.194.0-255,2902,96502,73,204144
17155,0.001245,172.31.40.0-255,66,96568,73,204144
17156,0.001267,172.217.194.0-255,5738,102306,73,204144
17157,0.001271,172.31.40.0-255,66,102372,73,204144
17158,0.001311,172.31.40.0-255,66,102438,73,204144
17159,0.001314,172.217.194.0-255,1484,103922,73,204144
17160,0.001361,172.31.40.0-255,66,103988,73,204144
17161,0.001394,172.217.194.0-255,1484,105472,73,204144
17162,0.001397,172.217.194.0-255,1484,106956,73,204144
17163,0.0014,172.31.40.0-255,66,107022,73,204144
17164,0.00143,172.217.194.0-255,1484,108506,73,204144
17165,0.001437,172.217.194.0-255,5738,114244,73,204144
17166,0.00144,172.31.40.0-255,66,114310,73,204144
17167,0.001454,172.31.40.0-255,66,114376,73,204144
17168,0.001552,172.31.40.0-255,66,114442,73,204144
17169,0.001766,172.217.194.0-255,1484,115926,73,204144
17170,0.001773,172.217.194.0-255,2902,118828,73,204144
17171,0.001777,172.31.40.0-255,66,118894,73,204144
17172,0.001784,172.217.194.0-255,4320,123214,73,204144
17173,0.001787,172.31.40.0-255,66,123280,73,204144
17174,0.00181,172.217.194.0-255,1484,124764,73,204144
17175,0.001829,172.31.40.0-255,66,124830,73,204144
17176,0.001839,172.31.40.0-255,66,124896,73,204144
17177,0.001868,172.217.194.0-255,2184,127080,73,204144
17178,0.001876,172.31.40.0-255,66,127146,73,204144
17179,0.001879,172.217.194.0-255,1484,128630,73,204144
17180,0.001912,172.217.194.0-255,1484,130114,73,204144
17181,0.001915,172.31.40.0-255,66,130180,73,204144
17182,0.001922,172.217.194.0-255,7156,137336,73,204144
17183,0.001925,172.31.40.0-255,66,137402,73,204144
17184,0.00195,172.31.40.0-255,66,137468,73,204144
17185,0.001976,172.217.194.0-255,4320,141788,73,204144
17186,0.001979,172.31.40.0-255,66,141854,73,204144
17187,0.002008,172.217.194.0-255,3602,145456,73,204144
17188,0.00201,172.31.40.0-255,66,145522,73,204144
17189,0.002046,172.217.194.0-255,2902,148424,73,204144
17190,0.00205,172.31.40.0-255,66,148490,73,204144
17191,0.002055,172.217.194.0-255,4320,152810,73,204144
17192,0.002058,172.31.40.0-255,66,152876,73,204144
17193,0.002072,172.31.40.0-255,66,152942,73,204144
17194,0.002084,172.31.40.0-255,66,153008,73,204144
17195,0.002133,172.31.40.0-255,66,153074,73,204144
17196,0.002226,172.217.194.0-255,1484,154558,73,204144
17197,0.002244,172.217.194.0-255,2902,157460,73,204144
17198,0.002247,172.31.40.0-255,66,157526,73,204144
17199,0.002251,172.217.194.0-255,1484,159010,73,204144
17200,0.002278,172.217.194.0-255,4320,163330,73,204144
17201,0.002282,172.31.40.0-255,66,163396,73,204144
17202,0.002284,172.217.194.0-255,1484,164880,73,204144
17203,0.002288,172.217.194.0-255,2902,167782,73,204144
17204,0.00229,172.31.40.0-255,66,167848,73,204144
17205,0.002306,172.217.194.0-255,1484,169332,73,204144
17206,0.002334,172.217.194.0-255,4320,173652,73,204144
17207,0.002336,172.31.40.0-255,66,173718,73,204144
17208,0.002347,172.31.40.0-255,66,173784,73,204144
17209,0.002381,172.217.194.0-255,3602,177386,73,204144
17210,0.002384,172.31.40.0-255,66,177452,73,204144
17211,0.002458,172.217.194.0-255,1484,178936,73,204144
17212,0.002472,172.217.194.0-255,2902,181838,73,204144
17213,0.002475,172.31.40.0-255,66,181904,73,204144
17214,0.00248,172.217.194.0-255,2902,184806,73,204144
17215,0.002483,172.31.40.0-255,66,184872,73,204144
17216,0.002511,172.217.194.0-255,1484,186356,73,204144
17217,0.002522,172.31.40.0-255,66,186422,73,204144
17218,0.002558,172.31.40.0-255,66,186488,73,204144
17219,0.002575,172.217.194.0-255,2184,188672,73,204144
17220,0.002579,172.31.40.0-255,66,188738,73,204144
17221,0.002618,172.31.40.0-255,66,188804,73,204144
17222,0.002634,172.31.40.0-255,66,188870,73,204144
17223,0.002637,172.217.194.0-255,1484,190354,73,204144
17224,0.002641,172.217.194.0-255,2184,192538,73,204144
17225,0.002643,172.31.40.0-255,66,192604,73,204144
17226,0.002722,172.31.40.0-255,66,192670,73,204144
17227,0.002725,172.217.194.0-255,935,193605,73,204144
17228,0.002772,172.217.194.0-255,105,193710,73,204144
17229,0.011482,172.31.40.0-255,66,193776,73,204144
17230,0.011526,172.31.40.0-255,105,193881,73,204144
17231,0.014119,172.217.194.0-255,66,193947,73,204144
17232,0.038384,172.31.40.0-255,190,194137,73,204144
17233,0.038413,172.31.40.0-255,1114,195251,73,204144
17234,0.038479,172.31.40.0-255,1514,196765,73,204144
17235,0.038481,172.31.40.0-255,1514,198279,73,204144
17236,0.038482,172.31.40.0-255,1514,199793,73,204144
17237,0.038487,172.31.40.0-255,1514,201307,73,204144
17238,0.038488,172.31.40.0-255,1514,202821,73,204144
17239,0.038489,172.31.40.0-255,951,203772,73,204144
17240,0.039866,104.244.42.0-255,66,203838,73,204144
17241,0.0399,104.244.42.0-255,66,203904,73,204144
17242,0.039979,104.244.42.0-255,66,203970,73,204144
17243,0.039991,104.244.42.0-255,66,204036,73,204144
17244,0.048752,172.31.40.0-255,108,204144,73,204144
17245,0.0,172.217.194.0-255,146,146,73,230777
17246,2.2e-05,172.31.40.0-255,66,212,73,230777
17247,2.9e-05,172.217.194.0-255,1484,1696,73,230777
17248,3.4e-05,172.31.40.0-255,66,1762,73,230777
17249,4e-05,172.217.194.0-255,2902,4664,73,230777
17250,5.3e-05,172.31.40.0-255,66,4730,73,230777
17251,6.2e-05,172.217.194.0-255,7156,11886,73,230777
17252,6.5e-05,172.31.40.0-255,66,11952,73,230777
17253,7e-05,172.217.194.0-255,3456,15408,73,230777
17254,7.3e-05,172.31.40.0-255,66,15474,73,230777
17255,8.4e-05,172.31.40.0-255,66,15540,73,230777
17256,0.000126,172.217.194.0-255,4320,19860,73,230777
17257,0.000129,172.31.40.0-255,66,19926,73,230777
17258,0.000133,172.217.194.0-255,2543,22469,73,230777
17259,0.000135,172.31.40.0-255,66,22535,73,230777
17260,0.00016,172.217.194.0-255,1484,24019,73,230777
17261,0.000163,172.31.40.0-255,66,24085,73,230777
17262,0.000183,172.217.194.0-255,1484,25569,73,230777
17263,0.000185,172.31.40.0-255,66,25635,73,230777
17264,0.00019,172.217.194.0-255,2902,28537,73,230777
17265,0.000193,172.31.40.0-255,66,28603,73,230777
17266,0.000198,172.217.194.0-255,4320,32923,73,230777
17267,0.0002,172.31.40.0-255,66,32989,73,230777
17268,0.000212,172.31.40.0-255,66,33055,73,230777
17269,0.000215,172.217.194.0-255,1484,34539,73,230777
17270,0.000217,172.31.40.0-255,66,34605,73,230777
17271,0.000253,172.31.40.0-255,66,34671,73,230777
17272,0.000256,172.217.194.0-255,366,35037,73,230777
17273,0.000258,172.31.40.0-255,66,35103,73,230777
17274,0.000406,172.217.194.0-255,377,35480,73,230777
17275,0.000687,172.217.194.0-255,1484,36964,73,230777
17276,0.000694,172.31.40.0-255,66,37030,73,230777
17277,0.000698,172.217.194.0-255,1484,38514,73,230777
17278,0.000735,172.217.194.0-255,1484,39998,73,230777
17279,0.000741,172.217.194.0-255,5738,45736,73,230777
17280,0.000748,172.217.194.0-255,7156,52892,73,230777
17281,0.000755,172.31.40.0-255,66,52958,73,230777
17282,0.000764,172.31.40.0-255,66,53024,73,230777
17283,0.000766,172.31.40.0-255,66,53090,73,230777
17284,0.000773,172.217.194.0-255,5738,58828,73,230777
17285,0.000775,172.31.40.0-255,66,58894,73,230777
17286,0.000793,172.31.40.0-255,66,58960,73,230777
17287,0.000796,172.217.194.0-255,217,59177,73,230777
17288,0.001031,172.217.194.0-255,1484,60661,73,230777
17289,0.001036,172.31.40.0-255,66,60727,73,230777
17290,0.001041,172.217.194.0-255,2902,63629,73,230777
17291,0.001044,172.31.40.0-255,66,63695,73,230777
17292,0.001093,172.217.194.0-255,5738,69433,73,230777
17293,0.001096,172.31.40.0-255,66,69499,73,230777
17294,0.001101,172.217.194.0-255,4320,73819,73,230777
17295,0.001103,172.31.40.0-255,66,73885,73,230777
17296,0.001108,172.217.194.0-255,4320,78205,73,230777
17297,0.00111,172.31.40.0-255,66,78271,73,230777
17298,0.00115,172.217.194.0-255,7156,85427,73,230777
17299,0.001154,172.31.40.0-255,66,85493,73,230777
17300,0.001192,172.31.40.0-255,66,85559,73,230777
17301,0.00167,172.217.194.0-255,1484,87043,73,230777
17302,0.001677,172.217.194.0-255,2902,89945,73,230777
17303,0.00168,172.31.40.0-255,66,90011,73,230777
17304,0.001712,172.217.194.0-255,5738,95749,73,230777
17305,0.001715,172.31.40.0-255,66,95815,73,230777
17306,0.001723,172.217.194.0-255,5738,101553,73,230777
17307,0.001725,172.31.40.0-255,66,101619,73,230777
17308,0.001754,172.217.194.0-255,5738,107357,73,230777
17309,0.001757,172.31.40.0-255,66,107423,73,230777
17310,0.00176,172.217.194.0-255,1484,108907,73,230777
17311,0.001806,172.31.40.0-255,66,108973,73,230777
17312,0.001851,172.217.194.0-255,1484,110457,73,230777
17313,0.001864,172.217.194.0-255,2902,113359,73,230777
17314,0.001866,172.31.40.0-255,66,113425,73,230777
17315,0.001887,172.217.194.0-255,5738,119163,73,230777
17316,0.00189,172.31.40.0-255,66,119229,73,230777
17317,0.001893,172.217.194.0-255,1484,120713,73,230777
17318,0.001927,172.31.40.0-255,66,120779,73,230777
17319,0.001938,172.31.40.0-255,66,120845,73,230777
17320,0.001942,172.217.194.0-255,766,121611,73,230777
17321,0.002033,172.217.194.0-255,1484,123095,73,230777
17322,0.002037,172.31.40.0-255,66,123161,73,230777
17323,0.002041,172.217.194.0-255,1484,124645,73,230777
17324,0.002068,172.217.194.0-255,1484,126129,73,230777
17325,0.00207,172.31.40.0-255,66,126195,73,230777
17326,0.002077,172.217.194.0-255,5738,131933,73,230777
17327,0.002079,172.31.40.0-255,66,131999,73,230777
17328,0.00209,172.217.194.0-255,7156,139155,73,230777
17329,0.002093,172.31.40.0-255,66,139221,73,230777
17330,0.002138,172.31.40.0-255,66,139287,73,230777
17331,0.002166,172.217.194.0-255,1484,140771,73,230777
17332,0.002185,172.31.40.0-255,66,140837,73,230777
17333,0.002207,172.31.40.0-255,66,140903,73,230777
17334,0.002211,172.217.194.0-255,2184,143087,73,230777
17335,0.002213,172.31.40.0-255,66,143153,73,230777
17336,0.002218,172.217.194.0-255,2902,146055,73,230777
17337,0.00222,172.31.40.0-255,66,146121,73,230777
17338,0.002282,172.217.194.0-255,2902,149023,73,230777
17339,0.002413,172.217.194.0-255,1484,150507,73,230777
17340,0.002418,172.217.194.0-255,2902,153409,73,230777
17341,0.002421,172.217.194.0-255,1484,154893,73,230777
17342,0.00244,172.217.194.0-255,4320,159213,73,230777
17343,0.002461,172.217.194.0-255,7156,166369,73,230777
17344,0.002482,172.217.194.0-255,5738,172107,73,230777
17345,0.002487,172.217.194.0-255,2902,175009,73,230777
17346,0.002809,172.217.194.0-255,1484,176493,73,230777
17347,0.002817,172.217.194.0-255,2902,179395,73,230777
17348,0.002842,172.217.194.0-255,5738,185133,73,230777
17349,0.002845,172.217.194.0-255,1484,186617,73,230777
17350,0.002878,172.217.194.0-255,1484,188101,73,230777
17351,0.002884,172.217.194.0-255,4320,192421,73,230777
17352,0.002886,172.217.194.0-255,1484,193905,73,230777
17353,0.00289,172.217.194.0-255,2902,196807,73,230777
17354,0.002926,172.217.194.0-255,2184,198991,73,230777
17355,0.002945,172.217.194.0-255,2902,201893,73,230777
17356,0.00297,172.217.194.0-255,7156,209049,73,230777
17357,0.00298,172.217.194.0-255,1484,210533,73,230777
17358,0.003032,172.217.194.0-255,1484,212017,73,230777
17359,0.003039,172.217.194.0-255,6438,218455,73,230777
17360,0.003102,172.217.194.0-255,6803,225258,73,230777
17361,0.003106,172.217.194.0-255,105,225363,73,230777
17362,0.012284,172.31.40.0-255,66,225429,73,230777
17363,0.013327,172.217.194.0-255,105,225534,73,230777
17364,0.013338,172.31.40.0-255,78,225612,73,230777
17365,0.014592,172.31.40.0-255,105,225717,73,230777
17366,0.017263,172.217.194.0-255,66,225783,73,230777
17367,0.048757,172.31.40.0-255,171,225954,73,230777
17368,0.048789,172.31.40.0-255,1139,227093,73,230777
17369,0.048852,172.31.40.0-255,1514,228607,73,230777
17370,0.048854,172.31.40.0-255,1514,230121,73,230777
17371,0.048881,172.31.40.0-255,656,230777,73,230777
17372,0.0,172.217.194.0-255,153,153,73,88274
17373,2.3e-05,172.31.40.0-255,66,219,73,88274
17374,3e-05,172.217.194.0-255,1484,1703,73,88274
17375,3.4e-05,172.31.40.0-255,66,1769,73,88274
17376,4.9e-05,172.217.194.0-255,2902,4671,73,88274
17377,5.3e-05,172.31.40.0-255,66,4737,73,88274
17378,6.1e-05,172.217.194.0-255,7156,11893,73,88274
17379,6.4e-05,172.31.40.0-255,66,11959,73,88274
17380,8.1e-05,172.31.40.0-255,66,12025,73,88274
17381,0.000104,172.217.194.0-255,3961,15986,73,88274
17382,0.000107,172.31.40.0-255,66,16052,73,88274
17383,0.000143,172.217.194.0-255,4320,20372,73,88274
17384,0.000146,172.31.40.0-255,66,20438,73,88274
17385,0.000151,172.217.194.0-255,2902,23340,73,88274
17386,0.000153,172.31.40.0-255,66,23406,73,88274
17387,0.000179,172.217.194.0-255,2902,26308,73,88274
17388,0.000182,172.31.40.0-255,66,26374,73,88274
17389,0.000219,172.31.40.0-255,66,26440,73,88274
17390,0.000258,172.217.194.0-255,3961,30401,73,88274
17391,0.000261,172.31.40.0-255,66,30467,73,88274
17392,0.000279,172.31.40.0-255,66,30533,73,88274
17393,0.000282,172.217.194.0-255,366,30899,73,88274
17394,0.000284,172.31.40.0-255,66,30965,73,88274
17395,0.000534,172.217.194.0-255,1484,32449,73,88274
17396,0.000539,172.31.40.0-255,66,32515,73,88274
17397,0.000545,172.217.194.0-255,2902,35417,73,88274
17398,0.000548,172.31.40.0-255,66,35483,73,88274
17399,0.000553,172.217.194.0-255,4320,39803,73,88274
17400,0.000561,172.31.40.0-255,66,39869,73,88274
17401,0.000588,172.217.194.0-255,1484,41353,73,88274
17402,0.000607,172.31.40.0-255,66,41419,73,88274
17403,0.00062,172.31.40.0-255,66,41485,73,88274
17404,0.000623,172.217.194.0-255,1484,42969,73,88274
17405,0.000658,172.31.40.0-255,66,43035,73,88274
17406,0.000677,172.31.40.0-255,66,43101,73,88274
17407,0.000727,172.31.40.0-255,66,43167,73,88274
17408,0.000764,172.31.40.0-255,66,43233,73,88274
17409,0.000778,172.31.40.0-255,66,43299,73,88274
17410,0.000825,172.31.40.0-255,66,43365,73,88274
17411,0.000841,172.31.40.0-255,66,43431,73,88274
17412,0.000851,172.31.40.0-255,66,43497,73,88274
17413,0.0009,172.31.40.0-255,66,43563,73,88274
17414,0.00093,172.217.194.0-255,2902,46465,73,88274
17415,0.000932,172.31.40.0-255,66,46531,73,88274
17416,0.000938,172.217.194.0-255,4320,50851,73,88274
17417,0.000941,172.31.40.0-255,66,50917,73,88274
17418,0.000943,172.217.194.0-255,1484,52401,73,88274
17419,0.000968,172.217.194.0-255,7156,59557,73,88274
17420,0.000976,172.31.40.0-255,66,59623,73,88274
17421,0.001053,172.31.40.0-255,66,59689,73,88274
17422,0.001056,172.217.194.0-255,1484,61173,73,88274
17423,0.001084,172.217.194.0-255,2902,64075,73,88274
17424,0.001087,172.31.40.0-255,66,64141,73,88274
17425,0.001099,172.217.194.0-255,5738,69879,73,88274
17426,0.001101,172.31.40.0-255,66,69945,73,88274
17427,0.001104,172.217.194.0-255,1484,71429,73,88274
17428,0.001124,172.31.40.0-255,66,71495,73,88274
17429,0.001164,172.31.40.0-255,66,71561,73,88274
17430,0.001167,172.217.194.0-255,1484,73045,73,88274
17431,0.0012,172.31.40.0-255,66,73111,73,88274
17432,0.00121,172.31.40.0-255,66,73177,73,88274
17433,0.001246,172.31.40.0-255,66,73243,73,88274
17434,0.001284,172.31.40.0-255,66,73309,73,88274
17435,0.001299,172.31.40.0-255,66,73375,73,88274
17436,0.001304,172.217.194.0-255,2902,76277,73,88274
17437,0.001306,172.31.40.0-255,66,76343,73,88274
17438,0.001383,172.31.40.0-255,66,76409,73,88274
17439,0.001397,172.31.40.0-255,66,76475,73,88274
17440,0.0014,172.31.40.0-255,66,76541,73,88274
17441,0.001449,172.31.40.0-255,66,76607,73,88274
17442,0.001496,172.31.40.0-255,66,76673,73,88274
17443,0.001502,172.217.194.0-255,5204,81877,73,88274
17444,0.001504,172.31.40.0-255,66,81943,73,88274
17445,0.001513,172.217.194.0-255,105,82048,73,88274
17446,0.010894,172.31.40.0-255,66,82114,73,88274
17447,0.010937,172.31.40.0-255,105,82219,73,88274
17448,0.013501,172.217.194.0-255,66,82285,73,88274
17449,0.035513,172.31.40.0-255,172,82457,73,88274
17450,0.035544,172.31.40.0-255,1115,83572,73,88274
17451,0.035611,172.31.40.0-255,1514,85086,73,88274
17452,0.035613,172.31.40.0-255,1514,86600,73,88274
17453,0.035616,172.31.40.0-255,1410,88010,73,88274
17454,0.037052,104.244.42.0-255,66,88076,73,88274
17455,0.037084,104.244.42.0-255,66,88142,73,88274
17456,0.037175,104.244.42.0-255,66,88208,73,88274
17457,0.037225,104.244.42.0-255,66,88274,73,88274
17458,0.0,74.125.68.0-255,153,153,73,283726
17459,2.1e-05,172.31.40.0-255,66,219,73,283726
17460,2.8e-05,74.125.68.0-255,1484,1703,73,283726
17461,3.3e-05,172.31.40.0-255,66,1769,73,283726
17462,3.9e-05,74.125.68.0-255,2902,4671,73,283726
17463,5e-05,172.31.40.0-255,66,4737,73,283726
17464,5.6e-05,74.125.68.0-255,4320,9057,73,283726
17465,5.9e-05,172.31.40.0-255,66,9123,73,283726
17466,0.000101,74.125.68.0-255,4838,13961,73,283726
17467,0.000104,172.31.40.0-255,66,14027,73,283726
17468,0.000111,74.125.68.0-255,5738,19765,73,283726
17469,0.000113,172.31.40.0-255,66,19831,73,283726
17470,0.000152,172.31.40.0-255,66,19897,73,283726
17471,0.000178,74.125.68.0-255,2543,22440,73,283726
17472,0.000181,172.31.40.0-255,66,22506,73,283726
17473,0.000305,74.125.68.0-255,1484,23990,73,283726
17474,0.000309,172.31.40.0-255,66,24056,73,283726
17475,0.000336,74.125.68.0-255,1484,25540,73,283726
17476,0.000338,172.31.40.0-255,66,25606,73,283726
17477,0.000343,74.125.68.0-255,2902,28508,73,283726
17478,0.000346,172.31.40.0-255,66,28574,73,283726
17479,0.000399,74.125.68.0-255,5738,34312,73,283726
17480,0.000402,172.31.40.0-255,66,34378,73,283726
17481,0.000406,74.125.68.0-255,2902,37280,73,283726
17482,0.000408,172.31.40.0-255,66,37346,73,283726
17483,0.000413,74.125.68.0-255,4320,41666,73,283726
17484,0.000416,172.31.40.0-255,66,41732,73,283726
17485,0.000454,74.125.68.0-255,7156,48888,73,283726
17486,0.000458,172.31.40.0-255,66,48954,73,283726
17487,0.000469,172.31.40.0-255,66,49020,73,283726
17488,0.000509,74.125.68.0-255,398,49418,73,283726
17489,0.00054,74.125.68.0-255,111,49529,73,283726
17490,0.000647,74.125.68.0-255,1484,51013,73,283726
17491,0.000651,172.31.40.0-255,66,51079,73,283726
17492,0.000658,74.125.68.0-255,2902,53981,73,283726
17493,0.000661,172.31.40.0-255,66,54047,73,283726
17494,0.00069,74.125.68.0-255,2902,56949,73,283726
17495,0.000693,172.31.40.0-255,66,57015,73,283726
17496,0.000698,74.125.68.0-255,4320,61335,73,283726
17497,0.0007,172.31.40.0-255,66,61401,73,283726
17498,0.00073,172.31.40.0-255,66,61467,73,283726
17499,0.000736,74.125.68.0-255,5738,67205,73,283726
17500,0.00074,172.31.40.0-255,66,67271,73,283726
17501,0.000767,74.125.68.0-255,5738,73009,73,283726
17502,0.00077,172.31.40.0-255,66,73075,73,283726
17503,0.000788,74.125.68.0-255,1484,74559,73,283726
17504,0.000792,74.125.68.0-255,766,75325,73,283726
17505,0.000794,172.31.40.0-255,66,75391,73,283726
17506,0.000816,74.125.68.0-255,331,75722,73,283726
17507,0.001289,74.125.68.0-255,1484,77206,73,283726
17508,0.001294,172.31.40.0-255,66,77272,73,283726
17509,0.001322,74.125.68.0-255,2902,80174,73,283726
17510,0.001325,172.31.40.0-255,66,80240,73,283726
17511,0.001328,74.125.68.0-255,1484,81724,73,283726
17512,0.001334,74.125.68.0-255,2902,84626,73,283726
17513,0.001336,172.31.40.0-255,66,84692,73,283726
17514,0.001368,74.125.68.0-255,5738,90430,73,283726
17515,0.001371,172.31.40.0-255,66,90496,73,283726
17516,0.001377,74.125.68.0-255,5738,96234,73,283726
17517,0.00138,172.31.40.0-255,66,96300,73,283726
17518,0.001406,74.125.68.0-255,2902,99202,73,283726
17519,0.001409,172.31.40.0-255,66,99268,73,283726
17520,0.001422,172.31.40.0-255,66,99334,73,283726
17521,0.001425,74.125.68.0-255,766,100100,73,283726
17522,0.001523,74.125.68.0-255,1484,101584,73,283726
17523,0.001527,172.31.40.0-255,66,101650,73,283726
17524,0.001533,74.125.68.0-255,2902,104552,73,283726
17525,0.001535,172.31.40.0-255,66,104618,73,283726
17526,0.001562,74.125.68.0-255,5738,110356,73,283726
17527,0.001564,172.31.40.0-255,66,110422,73,283726
17528,0.001569,74.125.68.0-255,2902,113324,73,283726
17529,0.001571,172.31.40.0-255,66,113390,73,283726
17530,0.001596,74.125.68.0-255,4320,117710,73,283726
17531,0.00161,172.31.40.0-255,66,117776,73,283726
17532,0.001624,172.31.40.0-255,66,117842,73,283726
17533,0.001628,74.125.68.0-255,1484,119326,73,283726
17534,0.001661,74.125.68.0-255,6438,125764,73,283726
17535,0.001664,172.31.40.0-255,66,125830,73,283726
17536,0.001984,74.125.68.0-255,1484,127314,73,283726
17537,0.002007,74.125.68.0-255,2902,130216,73,283726
17538,0.002011,172.31.40.0-255,66,130282,73,283726
17539,0.002015,74.125.68.0-255,1484,131766,73,283726
17540,0.002047,74.125.68.0-255,4320,136086,73,283726
17541,0.00205,172.31.40.0-255,66,136152,73,283726
17542,0.002058,74.125.68.0-255,7156,143308,73,283726
17543,0.00206,172.31.40.0-255,66,143374,73,283726
17544,0.00209,172.31.40.0-255,66,143440,73,283726
17545,0.002119,74.125.68.0-255,4320,147760,73,283726
17546,0.002124,74.125.68.0-255,3602,151362,73,283726
17547,0.002129,172.31.40.0-255,66,151428,73,283726
17548,0.002132,172.31.40.0-255,66,151494,73,283726
17549,0.004197,74.125.68.0-255,2902,154396,73,283726
17550,0.004203,172.31.40.0-255,66,154462,73,283726
17551,0.004231,74.125.68.0-255,2902,157364,73,283726
17552,0.004234,172.31.40.0-255,66,157430,73,283726
17553,0.006283,74.125.68.0-255,4320,161750,73,283726
17554,0.006287,172.31.40.0-255,66,161816,73,283726
17555,0.006299,74.125.68.0-255,1484,163300,73,283726
17556,0.008401,74.125.68.0-255,4320,167620,73,283726
17557,0.008409,172.31.40.0-255,66,167686,73,283726
17558,0.010489,74.125.68.0-255,5738,173424,73,283726
17559,0.010497,172.31.40.0-255,66,173490,73,283726
17560,0.012607,74.125.68.0-255,5738,179228,73,283726
17561,0.012616,172.31.40.0-255,66,179294,73,283726
17562,0.014697,74.125.68.0-255,5738,185032,73,283726
17563,0.014706,172.31.40.0-255,66,185098,73,283726
17564,0.016791,74.125.68.0-255,5738,190836,73,283726
17565,0.016799,172.31.40.0-255,66,190902,73,283726
17566,0.018888,74.125.68.0-255,5738,196640,73,283726
17567,0.018895,172.31.40.0-255,66,196706,73,283726
17568,0.021004,74.125.68.0-255,5738,202444,73,283726
17569,0.021012,172.31.40.0-255,66,202510,73,283726
17570,0.023091,74.125.68.0-255,5738,208248,73,283726
17571,0.023108,172.31.40.0-255,66,208314,73,283726
17572,0.025194,74.125.68.0-255,5738,214052,73,283726
17573,0.025207,172.31.40.0-255,66,214118,73,283726
17574,0.027304,74.125.68.0-255,5738,219856,73,283726
17575,0.027317,172.31.40.0-255,66,219922,73,283726
17576,0.029421,74.125.68.0-255,5738,225660,73,283726
17577,0.029436,172.31.40.0-255,66,225726,73,283726
17578,0.031519,74.125.68.0-255,5738,231464,73,283726
17579,0.031528,172.31.40.0-255,66,231530,73,283726
17580,0.033625,74.125.68.0-255,5738,237268,73,283726
17581,0.033643,172.31.40.0-255,66,237334,73,283726
17582,0.035722,74.125.68.0-255,5738,243072,73,283726
17583,0.03573,172.31.40.0-255,66,243138,73,283726
17584,0.037813,74.125.68.0-255,5738,248876,73,283726
17585,0.037823,172.31.40.0-255,66,248942,73,283726
17586,0.039922,74.125.68.0-255,5738,254680,73,283726
17587,0.039939,172.31.40.0-255,66,254746,73,283726
17588,0.042017,74.125.68.0-255,5738,260484,73,283726
17589,0.042025,172.31.40.0-255,66,260550,73,283726
17590,0.04268,172.31.40.0-255,192,260742,73,283726
17591,0.042714,172.31.40.0-255,1115,261857,73,283726
17592,0.04277,172.31.40.0-255,1514,263371,73,283726
17593,0.042772,172.31.40.0-255,1514,264885,73,283726
17594,0.042799,172.31.40.0-255,1165,266050,73,283726
17595,0.044107,74.125.68.0-255,5738,271788,73,283726
17596,0.044115,172.31.40.0-255,66,271854,73,283726
17597,0.044231,104.244.42.0-255,66,271920,73,283726
17598,0.044283,104.244.42.0-255,66,271986,73,283726
17599,0.044325,104.244.42.0-255,66,272052,73,283726
17600,0.044372,104.244.42.0-255,66,272118,73,283726
17601,0.046208,74.125.68.0-255,5738,277856,73,283726
17602,0.046228,172.31.40.0-255,66,277922,73,283726
17603,0.04832,74.125.68.0-255,5738,283660,73,283726
17604,0.048336,172.31.40.0-255,66,283726,73,283726
17605,0.0,74.125.130.0-255,150,150,73,256483
17606,1.8e-05,172.31.40.0-255,66,216,73,256483
17607,2.5e-05,74.125.130.0-255,1484,1700,73,256483
17608,3e-05,172.31.40.0-255,66,1766,73,256483
17609,3.6e-05,74.125.130.0-255,2902,4668,73,256483
17610,4.8e-05,172.31.40.0-255,66,4734,73,256483
17611,9.2e-05,74.125.130.0-255,2902,7636,73,256483
17612,9.6e-05,172.31.40.0-255,66,7702,73,256483
17613,0.000125,74.125.130.0-255,4320,12022,73,256483
17614,0.000129,172.31.40.0-255,66,12088,73,256483
17615,0.000139,172.31.40.0-255,66,12154,73,256483
17616,0.000144,74.125.130.0-255,2902,15056,73,256483
17617,0.000146,172.31.40.0-255,66,15122,73,256483
17618,0.000189,172.31.40.0-255,66,15188,73,256483
17619,0.000298,74.125.130.0-255,1484,16672,73,256483
17620,0.000302,172.31.40.0-255,66,16738,73,256483
17621,0.000322,74.125.130.0-255,2902,19640,73,256483
17622,0.000325,172.31.40.0-255,66,19706,73,256483
17623,0.000345,74.125.130.0-255,5738,25444,73,256483
17624,0.000348,172.31.40.0-255,66,25510,73,256483
17625,0.000353,74.125.130.0-255,4320,29830,73,256483
17626,0.000355,172.31.40.0-255,66,29896,73,256483
17627,0.000379,74.125.130.0-255,1484,31380,73,256483
17628,0.000381,172.31.40.0-255,66,31446,73,256483
17629,0.000402,74.125.130.0-255,3961,35407,73,256483
17630,0.000404,172.31.40.0-255,66,35473,73,256483
17631,0.000415,172.31.40.0-255,66,35539,73,256483
17632,0.000455,74.125.130.0-255,4320,39859,73,256483
17633,0.000457,172.31.40.0-255,66,39925,73,256483
17634,0.000485,74.125.130.0-255,1379,41304,73,256483
17635,0.000488,74.125.130.0-255,112,41416,73,256483
17636,0.000599,74.125.130.0-255,1484,42900,73,256483
17637,0.000603,74.125.130.0-255,1484,44384,73,256483
17638,0.000614,74.125.130.0-255,1484,45868,73,256483
17639,0.000617,74.125.130.0-255,1484,47352,73,256483
17640,0.00063,172.31.40.0-255,66,47418,73,256483
17641,0.000658,74.125.130.0-255,4320,51738,73,256483
17642,0.000686,74.125.130.0-255,2902,54640,73,256483
17643,0.000693,172.31.40.0-255,66,54706,73,256483
17644,0.000733,172.31.40.0-255,66,54772,73,256483
17645,0.000742,74.125.130.0-255,3602,58374,73,256483
17646,0.000749,172.31.40.0-255,66,58440,73,256483
17647,0.000785,74.125.130.0-255,387,58827,73,256483
17648,0.000817,74.125.130.0-255,1484,60311,73,256483
17649,0.000828,74.125.130.0-255,1484,61795,73,256483
17650,0.000832,172.31.40.0-255,66,61861,73,256483
17651,0.000843,74.125.130.0-255,2902,64763,73,256483
17652,0.000859,74.125.130.0-255,1484,66247,73,256483
17653,0.000889,74.125.130.0-255,2902,69149,73,256483
17654,0.000894,172.31.40.0-255,66,69215,73,256483
17655,0.000933,74.125.130.0-255,4320,73535,73,256483
17656,0.000947,172.31.40.0-255,66,73601,73,256483
17657,0.000972,74.125.130.0-255,2184,75785,73,256483
17658,0.000987,172.31.40.0-255,66,75851,73,256483
17659,0.001082,74.125.130.0-255,1484,77335,73,256483
17660,0.00111,74.125.130.0-255,2902,80237,73,256483
17661,0.001113,74.125.130.0-255,1484,81721,73,256483
17662,0.001119,172.31.40.0-255,66,81787,73,256483
17663,0.00113,74.125.130.0-255,2902,84689,73,256483
17664,0.00114,74.125.130.0-255,5738,90427,73,256483
17665,0.00118,172.31.40.0-255,66,90493,73,256483
17666,0.001189,74.125.130.0-255,2902,93395,73,256483
17667,0.001199,74.125.130.0-255,4320,97715,73,256483
17668,0.001204,172.31.40.0-255,66,97781,73,256483
17669,0.00123,74.125.130.0-255,3602,101383,73,256483
17670,0.001236,172.31.40.0-255,66,101449,73,256483
17671,0.001374,74.125.130.0-255,1484,102933,73,256483
17672,0.001392,74.125.130.0-255,2902,105835,73,256483
17673,0.001408,74.125.130.0-255,4320,110155,73,256483
17674,0.00142,172.31.40.0-255,66,110221,73,256483
17675,0.001423,74.125.130.0-255,1484,111705,73,256483
17676,0.001429,74.125.130.0-255,4320,116025,73,256483
17677,0.00144,172.31.40.0-255,66,116091,73,256483
17678,0.001454,74.125.130.0-255,4320,120411,73,256483
17679,0.001512,74.125.130.0-255,2902,123313,73,256483
17680,0.001525,74.125.130.0-255,2184,125497,73,256483
17681,0.001541,172.31.40.0-255,66,125563,73,256483
17682,0.001798,74.125.130.0-255,1484,127047,73,256483
17683,0.001813,74.125.130.0-255,2902,129949,73,256483
17684,0.00184,74.125.130.0-255,5738,135687,73,256483
17685,0.001843,74.125.130.0-255,1484,137171,73,256483
17686,0.001848,172.31.40.0-255,66,137237,73,256483
17687,0.00186,74.125.130.0-255,5738,142975,73,256483
17688,0.00187,172.31.40.0-255,66,143041,73,256483
17689,0.001927,172.31.40.0-255,66,143107,73,256483
17690,0.001976,172.31.40.0-255,66,143173,73,256483
17691,0.001983,74.125.130.0-255,5738,148911,73,256483
17692,0.001987,172.31.40.0-255,66,148977,73,256483
17693,0.002009,74.125.130.0-255,5738,154715,73,256483
17694,0.002014,74.125.130.0-255,4320,159035,73,256483
17695,0.002051,74.125.130.0-255,2902,161937,73,256483
17696,0.00206,172.31.40.0-255,66,162003,73,256483
17697,0.002108,172.31.40.0-255,66,162069,73,256483
17698,0.004131,74.125.130.0-255,5738,167807,73,256483
17699,0.004138,172.31.40.0-255,66,167873,73,256483
17700,0.00616,74.125.130.0-255,4320,172193,73,256483
17701,0.006176,74.125.130.0-255,1484,173677,73,256483
17702,0.013118,74.125.130.0-255,1484,175161,73,256483
17703,0.019947,172.31.40.0-255,66,175227,73,256483
17704,0.022002,74.125.130.0-255,5738,180965,73,256483
17705,0.022015,172.31.40.0-255,66,181031,73,256483
17706,0.024051,74.125.130.0-255,5738,186769,73,256483
17707,0.025218,172.31.40.0-255,66,186835,73,256483
17708,0.027254,74.125.130.0-255,5738,192573,73,256483
17709,0.027262,172.31.40.0-255,66,192639,73,256483
17710,0.029293,74.125.130.0-255,5738,198377,73,256483
17711,0.029302,172.31.40.0-255,66,198443,73,256483
17712,0.031337,74.125.130.0-255,5738,204181,73,256483
17713,0.031345,172.31.40.0-255,66,204247,73,256483
17714,0.033385,74.125.130.0-255,5738,209985,73,256483
17715,0.033392,172.31.40.0-255,66,210051,73,256483
17716,0.03547,74.125.130.0-255,5738,215789,73,256483
17717,0.035477,172.31.40.0-255,66,215855,73,256483
17718,0.037511,74.125.130.0-255,5738,221593,73,256483
17719,0.037519,172.31.40.0-255,66,221659,73,256483
17720,0.039553,74.125.130.0-255,5738,227397,73,256483
17721,0.03956,172.31.40.0-255,66,227463,73,256483
17722,0.041606,74.125.130.0-255,5738,233201,73,256483
17723,0.041622,172.31.40.0-255,66,233267,73,256483
17724,0.043659,74.125.130.0-255,5738,239005,73,256483
17725,0.043666,172.31.40.0-255,66,239071,73,256483
17726,0.045709,74.125.130.0-255,5738,244809,73,256483
17727,0.045723,172.31.40.0-255,66,244875,73,256483
17728,0.047759,74.125.130.0-255,5738,250613,73,256483
17729,0.047767,172.31.40.0-255,66,250679,73,256483
17730,0.049804,74.125.130.0-255,5738,256417,73,256483
17731,0.049814,172.31.40.0-255,66,256483,73,256483
17732,0.0,74.125.24.0-255,66,66,73,132
17733,0.033865,172.31.40.0-255,66,132,73,132
17734,0.0,74.125.24.0-255,150,150,73,166072
17735,2.4e-05,172.31.40.0-255,66,216,73,166072
17736,3.1e-05,74.125.24.0-255,1484,1700,73,166072
17737,3.5e-05,172.31.40.0-255,66,1766,73,166072
17738,4.1e-05,74.125.24.0-255,2902,4668,73,166072
17739,4.4e-05,172.31.40.0-255,66,4734,73,166072
17740,5.2e-05,74.125.24.0-255,7156,11890,73,166072
17741,5.6e-05,172.31.40.0-255,66,11956,73,166072
17742,6e-05,74.125.24.0-255,2127,14083,73,166072
17743,6.2e-05,172.31.40.0-255,66,14149,73,166072
17744,0.000143,74.125.24.0-255,1484,15633,73,166072
17745,0.000146,172.31.40.0-255,66,15699,73,166072
17746,0.000152,74.125.24.0-255,2902,18601,73,166072
17747,0.000154,172.31.40.0-255,66,18667,73,166072
17748,0.000174,74.125.24.0-255,5738,24405,73,166072
17749,0.000177,172.31.40.0-255,66,24471,73,166072
17750,0.000211,74.125.24.0-255,4320,28791,73,166072
17751,0.000214,172.31.40.0-255,66,28857,73,166072
17752,0.000227,74.125.24.0-255,2543,31400,73,166072
17753,0.000229,172.31.40.0-255,66,31466,73,166072
17754,0.000252,74.125.24.0-255,7156,38622,73,166072
17755,0.000255,172.31.40.0-255,66,38688,73,166072
17756,0.00026,74.125.24.0-255,4320,43008,73,166072
17757,0.000262,172.31.40.0-255,66,43074,73,166072
17758,0.000328,74.125.24.0-255,5379,48453,73,166072
17759,0.000332,172.31.40.0-255,66,48519,73,166072
17760,0.002891,74.125.24.0-255,5738,54257,73,166072
17761,0.002898,172.31.40.0-255,66,54323,73,166072
17762,0.00547,74.125.24.0-255,5738,60061,73,166072
17763,0.005475,172.31.40.0-255,66,60127,73,166072
17764,0.008065,74.125.24.0-255,2902,63029,73,166072
17765,0.008072,172.31.40.0-255,66,63095,73,166072
17766,0.008091,74.125.24.0-255,2902,65997,73,166072
17767,0.008094,172.31.40.0-255,66,66063,73,166072
17768,0.010625,74.125.24.0-255,2902,68965,73,166072
17769,0.010633,172.31.40.0-255,66,69031,73,166072
17770,0.010668,74.125.24.0-255,2902,71933,73,166072
17771,0.01067,172.31.40.0-255,66,71999,73,166072
17772,0.013167,74.125.24.0-255,2902,74901,73,166072
17773,0.013174,172.31.40.0-255,66,74967,73,166072
17774,0.013211,74.125.24.0-255,2902,77869,73,166072
17775,0.013215,172.31.40.0-255,66,77935,73,166072
17776,0.015746,74.125.24.0-255,2902,80837,73,166072
17777,0.015754,172.31.40.0-255,66,80903,73,166072
17778,0.015794,74.125.24.0-255,1484,82387,73,166072
17779,0.01581,74.125.24.0-255,1484,83871,73,166072
17780,0.015812,172.31.40.0-255,66,83937,73,166072
17781,0.018305,74.125.24.0-255,2902,86839,73,166072
17782,0.018312,172.31.40.0-255,66,86905,73,166072
17783,0.01836,74.125.24.0-255,2902,89807,73,166072
17784,0.018363,172.31.40.0-255,66,89873,73,166072
17785,0.020887,74.125.24.0-255,2902,92775,73,166072
17786,0.020896,172.31.40.0-255,66,92841,73,166072
17787,0.020923,74.125.24.0-255,2902,95743,73,166072
17788,0.020926,172.31.40.0-255,66,95809,73,166072
17789,0.022703,172.31.40.0-255,172,95981,73,166072
17790,0.022735,172.31.40.0-255,1110,97091,73,166072
17791,0.022796,172.31.40.0-255,1514,98605,73,166072
17792,0.022798,172.31.40.0-255,1514,100119,73,166072
17793,0.022799,172.31.40.0-255,1514,101633,73,166072
17794,0.0228,172.31.40.0-255,331,101964,73,166072
17795,0.023467,74.125.24.0-255,5738,107702,73,166072
17796,0.023474,172.31.40.0-255,66,107768,73,166072
17797,0.024243,104.244.42.0-255,66,107834,73,166072
17798,0.024291,104.244.42.0-255,66,107900,73,166072
17799,0.024391,104.244.42.0-255,66,107966,73,166072
17800,0.024395,104.244.42.0-255,66,108032,73,166072
17801,0.026073,74.125.24.0-255,5738,113770,73,166072
17802,0.02608,172.31.40.0-255,66,113836,73,166072
17803,0.028622,74.125.24.0-255,5738,119574,73,166072
17804,0.028629,172.31.40.0-255,66,119640,73,166072
17805,0.031199,74.125.24.0-255,5738,125378,73,166072
17806,0.031207,172.31.40.0-255,66,125444,73,166072
17807,0.033762,74.125.24.0-255,5738,131182,73,166072
17808,0.033769,172.31.40.0-255,66,131248,73,166072
17809,0.036355,74.125.24.0-255,5738,136986,73,166072
17810,0.036371,172.31.40.0-255,66,137052,73,166072
17811,0.038969,74.125.24.0-255,5738,142790,73,166072
17812,0.038976,172.31.40.0-255,66,142856,73,166072
17813,0.041566,74.125.24.0-255,5738,148594,73,166072
17814,0.041573,172.31.40.0-255,66,148660,73,166072
17815,0.044197,74.125.24.0-255,5738,154398,73,166072
17816,0.044204,172.31.40.0-255,66,154464,73,166072
17817,0.04678,74.125.24.0-255,5738,160202,73,166072
17818,0.046786,172.31.40.0-255,66,160268,73,166072
17819,0.049361,74.125.24.0-255,5738,166006,73,166072
17820,0.049368,172.31.40.0-255,66,166072,73,166072
17821,0.0,74.125.24.0-255,150,150,73,252864
17822,2.3e-05,172.31.40.0-255,66,216,73,252864
17823,3.1e-05,74.125.24.0-255,1484,1700,73,252864
17824,3.7e-05,172.31.40.0-255,66,1766,73,252864
17825,5e-05,74.125.24.0-255,2902,4668,73,252864
17826,5.5e-05,172.31.40.0-255,66,4734,73,252864
17827,6.2e-05,74.125.24.0-255,4320,9054,73,252864
17828,6.4e-05,172.31.40.0-255,66,9120,73,252864
17829,7e-05,74.125.24.0-255,4839,13959,73,252864
17830,7.3e-05,172.31.40.0-255,66,14025,73,252864
17831,0.000195,74.125.24.0-255,1484,15509,73,252864
17832,0.000199,172.31.40.0-255,66,15575,73,252864
17833,0.000204,74.125.24.0-255,2902,18477,73,252864
17834,0.000208,172.31.40.0-255,66,18543,73,252864
17835,0.000219,74.125.24.0-255,5738,24281,73,252864
17836,0.000222,172.31.40.0-255,66,24347,73,252864
17837,0.000263,74.125.24.0-255,6797,31144,73,252864
17838,0.000266,172.31.40.0-255,66,31210,73,252864
17839,0.000477,74.125.24.0-255,1484,32694,73,252864
17840,0.000482,172.31.40.0-255,66,32760,73,252864
17841,0.000488,74.125.24.0-255,2902,35662,73,252864
17842,0.000491,172.31.40.0-255,66,35728,73,252864
17843,0.000496,74.125.24.0-255,4320,40048,73,252864
17844,0.000504,172.31.40.0-255,66,40114,73,252864
17845,0.000534,74.125.24.0-255,1484,41598,73,252864
17846,0.000537,172.31.40.0-255,66,41664,73,252864
17847,0.000541,74.125.24.0-255,1484,43148,73,252864
17848,0.000543,172.31.40.0-255,66,43214,73,252864
17849,0.000556,172.31.40.0-255,66,43280,73,252864
17850,0.000562,74.125.24.0-255,7156,50436,73,252864
17851,0.000565,172.31.40.0-255,66,50502,73,252864
17852,0.000596,74.125.24.0-255,5379,55881,73,252864
17853,0.00061,172.31.40.0-255,66,55947,73,252864
17854,0.000864,74.125.24.0-255,647,56594,73,252864
17855,0.001064,172.31.40.0-255,66,56660,73,252864
17856,0.001131,74.125.24.0-255,1484,58144,73,252864
17857,0.001147,74.125.24.0-255,2902,61046,73,252864
17858,0.001154,74.125.24.0-255,5738,66784,73,252864
17859,0.00118,172.31.40.0-255,66,66850,73,252864
17860,0.001193,74.125.24.0-255,5738,72588,73,252864
17861,0.001211,74.125.24.0-255,1125,73713,73,252864
17862,0.001216,74.125.24.0-255,2902,76615,73,252864
17863,0.001236,74.125.24.0-255,4320,80935,73,252864
17864,0.001241,74.125.24.0-255,4320,85255,73,252864
17865,0.001254,74.125.24.0-255,5379,90634,73,252864
17866,0.001259,172.31.40.0-255,66,90700,73,252864
17867,0.001638,74.125.24.0-255,1484,92184,73,252864
17868,0.001648,74.125.24.0-255,2902,95086,73,252864
17869,0.001652,172.31.40.0-255,66,95152,73,252864
17870,0.001661,74.125.24.0-255,5738,100890,73,252864
17871,0.001725,74.125.24.0-255,4320,105210,73,252864
17872,0.001742,74.125.24.0-255,6438,111648,73,252864
17873,0.001918,74.125.24.0-255,1484,113132,73,252864
17874,0.001925,74.125.24.0-255,2902,116034,73,252864
17875,0.001948,74.125.24.0-255,5738,121772,73,252864
17876,0.001966,74.125.24.0-255,5738,127510,73,252864
17877,0.001979,74.125.24.0-255,1484,128994,73,252864
17878,0.001989,74.125.24.0-255,7156,136150,73,252864
17879,0.002015,74.125.24.0-255,7156,143306,73,252864
17880,0.00202,74.125.24.0-255,2184,145490,73,252864
17881,0.002056,74.125.24.0-255,1484,146974,73,252864
17882,0.002072,74.125.24.0-255,2902,149876,73,252864
17883,0.0021,74.125.24.0-255,5738,155614,73,252864
17884,0.002152,74.125.24.0-255,4320,159934,73,252864
17885,0.00592,172.31.40.0-255,66,160000,73,252864
17886,0.008535,74.125.24.0-255,5738,165738,73,252864
17887,0.008546,172.31.40.0-255,66,165804,73,252864
17888,0.011127,74.125.24.0-255,5738,171542,73,252864
17889,0.011134,172.31.40.0-255,66,171608,73,252864
17890,0.01371,74.125.24.0-255,5738,177346,73,252864
17891,0.013719,172.31.40.0-255,66,177412,73,252864
17892,0.01633,74.125.24.0-255,5738,183150,73,252864
17893,0.016338,172.31.40.0-255,66,183216,73,252864
17894,0.01895,74.125.24.0-255,5738,188954,73,252864
17895,0.018963,172.31.40.0-255,66,189020,73,252864
17896,0.02154,74.125.24.0-255,5738,194758,73,252864
17897,0.021557,172.31.40.0-255,66,194824,73,252864
17898,0.024159,74.125.24.0-255,5738,200562,73,252864
17899,0.024175,172.31.40.0-255,66,200628,73,252864
17900,0.026752,74.125.24.0-255,5738,206366,73,252864
17901,0.02676,172.31.40.0-255,66,206432,73,252864
17902,0.02936,74.125.24.0-255,5738,212170,73,252864
17903,0.02937,172.31.40.0-255,66,212236,73,252864
17904,0.031943,74.125.24.0-255,5738,217974,73,252864
17905,0.03196,172.31.40.0-255,66,218040,73,252864
17906,0.034598,74.125.24.0-255,5738,223778,73,252864
17907,0.034618,172.31.40.0-255,66,223844,73,252864
17908,0.037227,74.125.24.0-255,5738,229582,73,252864
17909,0.037248,172.31.40.0-255,66,229648,73,252864
17910,0.039903,74.125.24.0-255,5738,235386,73,252864
17911,0.039933,172.31.40.0-255,66,235452,73,252864
17912,0.042575,74.125.24.0-255,5738,241190,73,252864
17913,0.042594,172.31.40.0-255,66,241256,73,252864
17914,0.045262,74.125.24.0-255,5738,246994,73,252864
17915,0.045282,172.31.40.0-255,66,247060,73,252864
17916,0.0479,74.125.24.0-255,5738,252798,73,252864
17917,0.04792,172.31.40.0-255,66,252864,73,252864
17918,0.0,172.217.194.0-255,150,150,73,271166
17919,2.4e-05,172.31.40.0-255,66,216,73,271166
17920,3.2e-05,172.217.194.0-255,1484,1700,73,271166
17921,3.6e-05,172.31.40.0-255,66,1766,73,271166
17922,4.2e-05,172.217.194.0-255,2902,4668,73,271166
17923,4.6e-05,172.31.40.0-255,66,4734,73,271166
17924,5.4e-05,172.217.194.0-255,7156,11890,73,271166
17925,5.7e-05,172.31.40.0-255,66,11956,73,271166
17926,6.1e-05,172.217.194.0-255,2062,14018,73,271166
17927,6.3e-05,172.31.40.0-255,66,14084,73,271166
17928,9e-05,172.217.194.0-255,1484,15568,73,271166
17929,9.2e-05,172.31.40.0-255,66,15634,73,271166
17930,9.6e-05,172.217.194.0-255,1484,17118,73,271166
17931,9.9e-05,172.31.40.0-255,66,17184,73,271166
17932,0.000116,172.217.194.0-255,1484,18668,73,271166
17933,0.000119,172.31.40.0-255,66,18734,73,271166
17934,0.000127,172.217.194.0-255,5738,24472,73,271166
17935,0.000139,172.31.40.0-255,66,24538,73,271166
17936,0.000142,172.217.194.0-255,1484,26022,73,271166
17937,0.000144,172.31.40.0-255,66,26088,73,271166
17938,0.000172,172.31.40.0-255,66,26154,73,271166
17939,0.000183,172.31.40.0-255,66,26220,73,271166
17940,0.000203,172.217.194.0-255,2902,29122,73,271166
17941,0.000205,172.31.40.0-255,66,29188,73,271166
17942,0.000209,172.217.194.0-255,1125,30313,73,271166
17943,0.000211,172.31.40.0-255,66,30379,73,271166
17944,0.00024,172.217.194.0-255,1484,31863,73,271166
17945,0.000242,172.31.40.0-255,66,31929,73,271166
17946,0.000247,172.217.194.0-255,2902,34831,73,271166
17947,0.000249,172.31.40.0-255,66,34897,73,271166
17948,0.000264,172.217.194.0-255,5738,40635,73,271166
17949,0.000286,172.31.40.0-255,66,40701,73,271166
17950,0.000292,172.217.194.0-255,4320,45021,73,271166
17951,0.000297,172.31.40.0-255,66,45087,73,271166
17952,0.000308,172.217.194.0-255,2839,47926,73,271166
17953,0.000503,172.31.40.0-255,66,47992,73,271166
17954,0.000757,172.217.194.0-255,380,48372,73,271166
17955,0.000889,172.217.194.0-255,1484,49856,73,271166
17956,0.000894,172.31.40.0-255,66,49922,73,271166
17957,0.0009,172.217.194.0-255,2902,52824,73,271166
17958,0.000902,172.31.40.0-255,66,52890,73,271166
17959,0.000917,172.217.194.0-255,2902,55792,73,271166
17960,0.00092,172.31.40.0-255,66,55858,73,271166
17961,0.000938,172.217.194.0-255,2902,58760,73,271166
17962,0.000962,172.217.194.0-255,7156,65916,73,271166
17963,0.000982,172.217.194.0-255,3602,69518,73,271166
17964,0.000985,172.31.40.0-255,66,69584,73,271166
17965,0.00099,172.31.40.0-255,66,69650,73,271166
17966,0.001338,172.217.194.0-255,1484,71134,73,271166
17967,0.001343,172.217.194.0-255,2902,74036,73,271166
17968,0.001349,172.217.194.0-255,5738,79774,73,271166
17969,0.00136,172.31.40.0-255,66,79840,73,271166
17970,0.001363,172.31.40.0-255,66,79906,73,271166
17971,0.001366,172.217.194.0-255,1484,81390,73,271166
17972,0.001394,172.31.40.0-255,66,81456,73,271166
17973,0.001434,172.31.40.0-255,66,81522,73,271166
17974,0.001451,172.217.194.0-255,4320,85842,73,271166
17975,0.001454,172.31.40.0-255,66,85908,73,271166
17976,0.00146,172.217.194.0-255,5738,91646,73,271166
17977,0.001467,172.31.40.0-255,66,91712,73,271166
17978,0.001527,172.31.40.0-255,66,91778,73,271166
17979,0.00154,172.217.194.0-255,2902,94680,73,271166
17980,0.001557,172.217.194.0-255,4320,99000,73,271166
17981,0.001576,172.31.40.0-255,66,99066,73,271166
17982,0.001646,172.217.194.0-255,2902,101968,73,271166
17983,0.001649,172.217.194.0-255,766,102734,73,271166
17984,0.001657,172.217.194.0-255,7156,109890,73,271166
17985,0.00166,172.31.40.0-255,66,109956,73,271166
17986,0.001686,172.217.194.0-255,7156,117112,73,271166
17987,0.00169,172.31.40.0-255,66,117178,73,271166
17988,0.001716,172.217.194.0-255,6438,123616,73,271166
17989,0.001731,172.31.40.0-255,66,123682,73,271166
17990,0.00175,172.217.194.0-255,1484,125166,73,271166
17991,0.001772,172.217.194.0-255,2902,128068,73,271166
17992,0.001777,172.217.194.0-255,4320,132388,73,271166
17993,0.001782,172.31.40.0-255,66,132454,73,271166
17994,0.001797,172.217.194.0-255,1484,133938,73,271166
17995,0.001816,172.217.194.0-255,7156,141094,73,271166
17996,0.00183,172.31.40.0-255,66,141160,73,271166
17997,0.001847,172.217.194.0-255,5738,146898,73,271166
17998,0.00186,172.31.40.0-255,66,146964,73,271166
17999,0.00187,172.217.194.0-255,2184,149148,73,271166
18000,0.001891,172.31.40.0-255,66,149214,73,271166
18001,0.002383,172.217.194.0-255,1484,150698,73,271166
18002,0.002387,172.217.194.0-255,1484,152182,73,271166
18003,0.00239,172.31.40.0-255,66,152248,73,271166
18004,0.0024,172.217.194.0-255,1484,153732,73,271166
18005,0.004268,172.217.194.0-255,1484,155216,73,271166
18006,0.004276,172.31.40.0-255,66,155282,73,271166
18007,0.004774,172.217.194.0-255,2902,158184,73,271166
18008,0.00478,172.31.40.0-255,66,158250,73,271166
18009,0.006686,172.217.194.0-255,2902,161152,73,271166
18010,0.006694,172.31.40.0-255,66,161218,73,271166
18011,0.007142,172.217.194.0-255,2902,164120,73,271166
18012,0.00715,172.31.40.0-255,66,164186,73,271166
18013,0.009061,172.217.194.0-255,2902,167088,73,271166
18014,0.009068,172.31.40.0-255,66,167154,73,271166
18015,0.009484,172.217.194.0-255,1484,168638,73,271166
18016,0.009499,172.217.194.0-255,1484,170122,73,271166
18017,0.009501,172.31.40.0-255,66,170188,73,271166
18018,0.011439,172.217.194.0-255,2902,173090,73,271166
18019,0.011447,172.31.40.0-255,66,173156,73,271166
18020,0.01187,172.217.194.0-255,2902,176058,73,271166
18021,0.011875,172.31.40.0-255,66,176124,73,271166
18022,0.013822,172.217.194.0-255,2902,179026,73,271166
18023,0.013833,172.31.40.0-255,66,179092,73,271166
18024,0.01425,172.217.194.0-255,2902,181994,73,271166
18025,0.014255,172.31.40.0-255,66,182060,73,271166
18026,0.016188,172.217.194.0-255,2902,184962,73,271166
18027,0.016194,172.31.40.0-255,66,185028,73,271166
18028,0.016626,172.217.194.0-255,2902,187930,73,271166
18029,0.016631,172.31.40.0-255,66,187996,73,271166
18030,0.01858,172.217.194.0-255,2902,190898,73,271166
18031,0.018594,172.31.40.0-255,66,190964,73,271166
18032,0.019002,172.217.194.0-255,2902,193866,73,271166
18033,0.019009,172.31.40.0-255,66,193932,73,271166
18034,0.020966,172.217.194.0-255,2902,196834,73,271166
18035,0.020974,172.31.40.0-255,66,196900,73,271166
18036,0.021365,172.217.194.0-255,2902,199802,73,271166
18037,0.021373,172.31.40.0-255,66,199868,73,271166
18038,0.023348,172.217.194.0-255,2902,202770,73,271166
18039,0.023356,172.31.40.0-255,66,202836,73,271166
18040,0.023739,172.217.194.0-255,2902,205738,73,271166
18041,0.023747,172.31.40.0-255,66,205804,73,271166
18042,0.02574,172.217.194.0-255,2902,208706,73,271166
18043,0.025748,172.31.40.0-255,66,208772,73,271166
18044,0.026124,172.217.194.0-255,2902,211674,73,271166
18045,0.026131,172.31.40.0-255,66,211740,73,271166
18046,0.02813,172.217.194.0-255,2902,214642,73,271166
18047,0.028139,172.31.40.0-255,66,214708,73,271166
18048,0.028495,172.217.194.0-255,2902,217610,73,271166
18049,0.028501,172.31.40.0-255,66,217676,73,271166
18050,0.030513,172.217.194.0-255,2902,220578,73,271166
18051,0.030521,172.31.40.0-255,66,220644,73,271166
18052,0.030858,172.217.194.0-255,1484,222128,73,271166
18053,0.03088,172.217.194.0-255,1484,223612,73,271166
18054,0.030885,172.31.40.0-255,66,223678,73,271166
18055,0.032915,172.217.194.0-255,2902,226580,73,271166
18056,0.032922,172.31.40.0-255,66,226646,73,271166
18057,0.033266,172.217.194.0-255,2902,229548,73,271166
18058,0.033271,172.31.40.0-255,66,229614,73,271166
18059,0.035316,172.217.194.0-255,2902,232516,73,271166
18060,0.035325,172.31.40.0-255,66,232582,73,271166
18061,0.035652,172.217.194.0-255,2902,235484,73,271166
18062,0.035658,172.31.40.0-255,66,235550,73,271166
18063,0.037699,172.217.194.0-255,2902,238452,73,271166
18064,0.037706,172.31.40.0-255,66,238518,73,271166
18065,0.038028,172.217.194.0-255,2902,241420,73,271166
18066,0.038034,172.31.40.0-255,66,241486,73,271166
18067,0.040125,172.217.194.0-255,2902,244388,73,271166
18068,0.040154,172.31.40.0-255,66,244454,73,271166
18069,0.040404,172.217.194.0-255,2902,247356,73,271166
18070,0.040409,172.31.40.0-255,66,247422,73,271166
18071,0.042515,172.217.194.0-255,2902,250324,73,271166
18072,0.042522,172.31.40.0-255,66,250390,73,271166
18073,0.042785,172.217.194.0-255,2902,253292,73,271166
18074,0.042791,172.31.40.0-255,66,253358,73,271166
18075,0.044903,172.217.194.0-255,2902,256260,73,271166
18076,0.04491,172.31.40.0-255,66,256326,73,271166
18077,0.045155,172.217.194.0-255,2902,259228,73,271166
18078,0.045159,172.31.40.0-255,66,259294,73,271166
18079,0.04731,172.217.194.0-255,2902,262196,73,271166
18080,0.04732,172.31.40.0-255,66,262262,73,271166
18081,0.047554,172.217.194.0-255,2902,265164,73,271166
18082,0.047558,172.31.40.0-255,66,265230,73,271166
18083,0.049694,172.217.194.0-255,2902,268132,73,271166
18084,0.049709,172.31.40.0-255,66,268198,73,271166
18085,0.049932,172.217.194.0-255,2902,271100,73,271166
18086,0.049936,172.31.40.0-255,66,271166,73,271166
18087,0.0,74.125.24.0-255,146,146,73,223570
18088,2.3e-05,172.31.40.0-255,66,212,73,223570
18089,3.1e-05,74.125.24.0-255,1484,1696,73,223570
18090,3.6e-05,172.31.40.0-255,66,1762,73,223570
18091,3.9e-05,74.125.24.0-255,1484,3246,73,223570
18092,4.9e-05,172.31.40.0-255,66,3312,73,223570
18093,5.7e-05,74.125.24.0-255,4320,7632,73,223570
18094,6e-05,172.31.40.0-255,66,7698,73,223570
18095,0.000116,172.31.40.0-255,66,7764,73,223570
18096,0.000124,74.125.24.0-255,7156,14920,73,223570
18097,0.000127,172.31.40.0-255,66,14986,73,223570
18098,0.000134,74.125.24.0-255,1484,16470,73,223570
18099,0.000136,172.31.40.0-255,66,16536,73,223570
18100,0.000164,74.125.24.0-255,3961,20497,73,223570
18101,0.000171,172.31.40.0-255,66,20563,73,223570
18102,0.000236,74.125.24.0-255,1484,22047,73,223570
18103,0.000239,172.31.40.0-255,66,22113,73,223570
18104,0.000243,74.125.24.0-255,2902,25015,73,223570
18105,0.000245,172.31.40.0-255,66,25081,73,223570
18106,0.000277,74.125.24.0-255,5738,30819,73,223570
18107,0.00028,172.31.40.0-255,66,30885,73,223570
18108,0.000314,172.31.40.0-255,66,30951,73,223570
18109,0.000332,172.31.40.0-255,66,31017,73,223570
18110,0.000335,74.125.24.0-255,1484,32501,73,223570
18111,0.000336,172.31.40.0-255,66,32567,73,223570
18112,0.000372,74.125.24.0-255,2823,35390,73,223570
18113,0.000374,172.31.40.0-255,66,35456,73,223570
18114,0.000419,74.125.24.0-255,127,35583,73,223570
18115,0.000422,172.31.40.0-255,66,35649,73,223570
18116,0.000743,74.125.24.0-255,1484,37133,73,223570
18117,0.000767,74.125.24.0-255,2902,40035,73,223570
18118,0.000771,172.31.40.0-255,66,40101,73,223570
18119,0.000775,74.125.24.0-255,1484,41585,73,223570
18120,0.000808,74.125.24.0-255,4320,45905,73,223570
18121,0.00081,172.31.40.0-255,66,45971,73,223570
18122,0.000827,172.31.40.0-255,66,46037,73,223570
18123,0.000867,172.31.40.0-255,66,46103,73,223570
18124,0.000887,74.125.24.0-255,5020,51123,73,223570
18125,0.00089,172.31.40.0-255,66,51189,73,223570
18126,0.000892,74.125.24.0-255,346,51535,73,223570
18127,0.000915,74.125.24.0-255,1484,53019,73,223570
18128,0.000918,172.31.40.0-255,66,53085,73,223570
18129,0.000921,74.125.24.0-255,1484,54569,73,223570
18130,0.000946,74.125.24.0-255,2902,57471,73,223570
18131,0.000949,172.31.40.0-255,66,57537,73,223570
18132,0.000959,172.31.40.0-255,66,57603,73,223570
18133,0.000994,74.125.24.0-255,1484,59087,73,223570
18134,0.001012,172.31.40.0-255,66,59153,73,223570
18135,0.001016,74.125.24.0-255,2184,61337,73,223570
18136,0.001019,172.31.40.0-255,66,61403,73,223570
18137,0.001054,74.125.24.0-255,2902,64305,73,223570
18138,0.001057,172.31.40.0-255,66,64371,73,223570
18139,0.00106,74.125.24.0-255,1484,65855,73,223570
18140,0.001065,74.125.24.0-255,2902,68757,73,223570
18141,0.001067,172.31.40.0-255,66,68823,73,223570
18142,0.001078,74.125.24.0-255,5738,74561,73,223570
18143,0.001081,172.31.40.0-255,66,74627,73,223570
18144,0.001119,74.125.24.0-255,2902,77529,73,223570
18145,0.001121,172.31.40.0-255,66,77595,73,223570
18146,0.001158,172.31.40.0-255,66,77661,73,223570
18147,0.001168,172.31.40.0-255,66,77727,73,223570
18148,0.001171,74.125.24.0-255,1484,79211,73,223570
18149,0.001175,74.125.24.0-255,2902,82113,73,223570
18150,0.001177,172.31.40.0-255,66,82179,73,223570
18151,0.001192,74.125.24.0-255,5738,87917,73,223570
18152,0.001195,172.31.40.0-255,66,87983,73,223570
18153,0.001203,74.125.24.0-255,2902,90885,73,223570
18154,0.001205,172.31.40.0-255,66,90951,73,223570
18155,0.001247,172.31.40.0-255,66,91017,73,223570
18156,0.001271,74.125.24.0-255,2902,93919,73,223570
18157,0.001274,172.31.40.0-255,66,93985,73,223570
18158,0.0013,172.31.40.0-255,66,94051,73,223570
18159,0.001325,74.125.24.0-255,1484,95535,73,223570
18160,0.001331,74.125.24.0-255,2902,98437,73,223570
18161,0.001333,172.31.40.0-255,66,98503,73,223570
18162,0.00134,74.125.24.0-255,5738,104241,73,223570
18163,0.001342,172.31.40.0-255,66,104307,73,223570
18164,0.001371,74.125.24.0-255,5738,110045,73,223570
18165,0.001374,172.31.40.0-255,66,110111,73,223570
18166,0.001381,74.125.24.0-255,7156,117267,73,223570
18167,0.001383,172.31.40.0-255,66,117333,73,223570
18168,0.001435,172.31.40.0-255,66,117399,73,223570
18169,0.001458,74.125.24.0-255,1484,118883,73,223570
18170,0.001478,74.125.24.0-255,2902,121785,73,223570
18171,0.001481,172.31.40.0-255,66,121851,73,223570
18172,0.001514,74.125.24.0-255,5738,127589,73,223570
18173,0.001517,172.31.40.0-255,66,127655,73,223570
18174,0.00152,74.125.24.0-255,1484,129139,73,223570
18175,0.001554,74.125.24.0-255,5738,134877,73,223570
18176,0.001558,172.31.40.0-255,66,134943,73,223570
18177,0.001561,74.125.24.0-255,1484,136427,73,223570
18178,0.001611,172.31.40.0-255,66,136493,73,223570
18179,0.001634,74.125.24.0-255,1484,137977,73,223570
18180,0.001639,74.125.24.0-255,2184,140161,73,223570
18181,0.001642,172.31.40.0-255,66,140227,73,223570
18182,0.001985,74.125.24.0-255,1484,141711,73,223570
18183,0.001991,74.125.24.0-255,2902,144613,73,223570
18184,0.001994,172.31.40.0-255,66,144679,73,223570
18185,0.001997,74.125.24.0-255,1484,146163,73,223570
18186,0.002026,74.125.24.0-255,4320,150483,73,223570
18187,0.002034,74.125.24.0-255,7156,157639,73,223570
18188,0.002038,172.31.40.0-255,66,157705,73,223570
18189,0.00204,172.31.40.0-255,66,157771,73,223570
18190,0.002076,74.125.24.0-255,5738,163509,73,223570
18191,0.002079,172.31.40.0-255,66,163575,73,223570
18192,0.00209,172.31.40.0-255,66,163641,73,223570
18193,0.002094,74.125.24.0-255,2184,165825,73,223570
18194,0.002096,172.31.40.0-255,66,165891,73,223570
18195,0.002169,74.125.24.0-255,1484,167375,73,223570
18196,0.002176,74.125.24.0-255,2902,170277,73,223570
18197,0.002179,172.31.40.0-255,66,170343,73,223570
18198,0.002182,74.125.24.0-255,1484,171827,73,223570
18199,0.002213,74.125.24.0-255,4320,176147,73,223570
18200,0.002216,172.31.40.0-255,66,176213,73,223570
18201,0.002234,172.31.40.0-255,66,176279,73,223570
18202,0.002237,74.125.24.0-255,1484,177763,73,223570
18203,0.002273,172.31.40.0-255,66,177829,73,223570
18204,0.002291,172.31.40.0-255,66,177895,73,223570
18205,0.002331,74.125.24.0-255,2902,180797,73,223570
18206,0.002334,172.31.40.0-255,66,180863,73,223570
18207,0.002384,172.31.40.0-255,66,180929,73,223570
18208,0.002398,172.31.40.0-255,66,180995,73,223570
18209,0.004703,74.125.24.0-255,5738,186733,73,223570
18210,0.00471,172.31.40.0-255,66,186799,73,223570
18211,0.007015,74.125.24.0-255,5738,192537,73,223570
18212,0.007019,172.31.40.0-255,66,192603,73,223570
18213,0.009381,74.125.24.0-255,5738,198341,73,223570
18214,0.009398,172.31.40.0-255,66,198407,73,223570
18215,0.011753,74.125.24.0-255,5738,204145,73,223570
18216,0.011768,172.31.40.0-255,66,204211,73,223570
18217,0.014101,74.125.24.0-255,5738,209949,73,223570
18218,0.014109,172.31.40.0-255,66,210015,73,223570
18219,0.016405,74.125.24.0-255,5738,215753,73,223570
18220,0.016415,172.31.40.0-255,66,215819,73,223570
18221,0.018716,74.125.24.0-255,1061,216880,73,223570
18222,0.020026,172.31.40.0-255,66,216946,73,223570
18223,0.020071,172.31.40.0-255,105,217051,73,223570
18224,0.022335,74.125.24.0-255,66,217117,73,223570
18225,0.047177,172.31.40.0-255,176,217293,73,223570
18226,0.047216,172.31.40.0-255,1115,218408,73,223570
18227,0.047287,172.31.40.0-255,1514,219922,73,223570
18228,0.047289,172.31.40.0-255,1514,221436,73,223570
18229,0.047293,172.31.40.0-255,1514,222950,73,223570
18230,0.047294,172.31.40.0-255,356,223306,73,223570
18231,0.048725,104.244.42.0-255,66,223372,73,223570
18232,0.048772,104.244.42.0-255,66,223438,73,223570
18233,0.048872,104.244.42.0-255,66,223504,73,223570
18234,0.048877,104.244.42.0-255,66,223570,73,223570
18235,0.0,172.217.194.0-255,150,150,73,215512
18236,2.8e-05,172.31.40.0-255,66,216,73,215512
18237,3.6e-05,172.217.194.0-255,1484,1700,73,215512
18238,4.1e-05,172.31.40.0-255,66,1766,73,215512
18239,4.6e-05,172.217.194.0-255,2902,4668,73,215512
18240,4.9e-05,172.31.40.0-255,66,4734,73,215512
18241,5.7e-05,172.217.194.0-255,7156,11890,73,215512
18242,7e-05,172.31.40.0-255,66,11956,73,215512
18243,8.2e-05,172.31.40.0-255,66,12022,73,215512
18244,0.000105,172.217.194.0-255,1941,13963,73,215512
18245,0.000107,172.31.40.0-255,66,14029,73,215512
18246,0.000144,172.31.40.0-255,66,14095,73,215512
18247,0.000371,172.217.194.0-255,1484,15579,73,215512
18248,0.000376,172.31.40.0-255,66,15645,73,215512
18249,0.000382,172.217.194.0-255,2902,18547,73,215512
18250,0.000384,172.31.40.0-255,66,18613,73,215512
18251,0.000411,172.217.194.0-255,5738,24351,73,215512
18252,0.000415,172.31.40.0-255,66,24417,73,215512
18253,0.000434,172.217.194.0-255,2902,27319,73,215512
18254,0.000437,172.31.40.0-255,66,27385,73,215512
18255,0.000461,172.217.194.0-255,5379,32764,73,215512
18256,0.000464,172.31.40.0-255,66,32830,73,215512
18257,0.000474,172.31.40.0-255,66,32896,73,215512
18258,0.000504,172.217.194.0-255,7086,39982,73,215512
18259,0.000508,172.31.40.0-255,66,40048,73,215512
18260,0.000699,172.217.194.0-255,98,40146,73,215512
18261,0.000703,172.31.40.0-255,66,40212,73,215512
18262,0.000891,172.217.194.0-255,1484,41696,73,215512
18263,0.000895,172.31.40.0-255,66,41762,73,215512
18264,0.0009,172.217.194.0-255,2902,44664,73,215512
18265,0.000902,172.31.40.0-255,66,44730,73,215512
18266,0.000926,172.217.194.0-255,5738,50468,73,215512
18267,0.000929,172.31.40.0-255,66,50534,73,215512
18268,0.000958,172.217.194.0-255,7156,57690,73,215512
18269,0.00096,172.31.40.0-255,66,57756,73,215512
18270,0.000972,172.217.194.0-255,1484,59240,73,215512
18271,0.000981,172.217.194.0-255,7156,66396,73,215512
18272,0.000983,172.31.40.0-255,66,66462,73,215512
18273,0.001023,172.31.40.0-255,66,66528,73,215512
18274,0.001034,172.31.40.0-255,66,66594,73,215512
18275,0.001041,172.217.194.0-255,4320,70914,73,215512
18276,0.001043,172.31.40.0-255,66,70980,73,215512
18277,0.001086,172.31.40.0-255,66,71046,73,215512
18278,0.00109,172.217.194.0-255,2902,73948,73,215512
18279,0.001093,172.31.40.0-255,66,74014,73,215512
18280,0.001129,172.217.194.0-255,1484,75498,73,215512
18281,0.001133,172.31.40.0-255,66,75564,73,215512
18282,0.001136,172.31.40.0-255,66,75630,73,215512
18283,0.001158,172.217.194.0-255,5020,80650,73,215512
18284,0.001161,172.31.40.0-255,66,80716,73,215512
18285,0.00124,172.217.194.0-255,1484,82200,73,215512
18286,0.001245,172.217.194.0-255,1484,83684,73,215512
18287,0.001247,172.31.40.0-255,66,83750,73,215512
18288,0.001268,172.217.194.0-255,1484,85234,73,215512
18289,0.001275,172.217.194.0-255,5738,90972,73,215512
18290,0.001278,172.31.40.0-255,66,91038,73,215512
18291,0.001307,172.31.40.0-255,66,91104,73,215512
18292,0.001331,172.217.194.0-255,4320,95424,73,215512
18293,0.001334,172.31.40.0-255,66,95490,73,215512
18294,0.001341,172.217.194.0-255,7156,102646,73,215512
18295,0.001344,172.31.40.0-255,66,102712,73,215512
18296,0.001349,172.217.194.0-255,3602,106314,73,215512
18297,0.001352,172.31.40.0-255,66,106380,73,215512
18298,0.001355,172.217.194.0-255,1484,107864,73,215512
18299,0.00138,172.217.194.0-255,2902,110766,73,215512
18300,0.001383,172.31.40.0-255,66,110832,73,215512
18301,0.001394,172.31.40.0-255,66,110898,73,215512
18302,0.001399,172.217.194.0-255,4320,115218,73,215512
18303,0.001402,172.31.40.0-255,66,115284,73,215512
18304,0.001421,172.217.194.0-255,1484,116768,73,215512
18305,0.001457,172.217.194.0-255,5738,122506,73,215512
18306,0.001462,172.31.40.0-255,66,122572,73,215512
18307,0.001488,172.31.40.0-255,66,122638,73,215512
18308,0.001517,172.217.194.0-255,1484,124122,73,215512
18309,0.00153,172.217.194.0-255,2902,127024,73,215512
18310,0.001532,172.31.40.0-255,66,127090,73,215512
18311,0.001538,172.217.194.0-255,5738,132828,73,215512
18312,0.00154,172.31.40.0-255,66,132894,73,215512
18313,0.001563,172.217.194.0-255,1484,134378,73,215512
18314,0.001589,172.217.194.0-255,7156,141534,73,215512
18315,0.001594,172.31.40.0-255,66,141600,73,215512
18316,0.001605,172.217.194.0-255,4320,145920,73,215512
18317,0.001607,172.31.40.0-255,66,145986,73,215512
18318,0.001656,172.31.40.0-255,66,146052,73,215512
18319,0.001674,172.217.194.0-255,2184,148236,73,215512
18320,0.001676,172.31.40.0-255,66,148302,73,215512
18321,0.00169,172.31.40.0-255,66,148368,73,215512
18322,0.001705,172.31.40.0-255,66,148434,73,215512
18323,0.00171,172.217.194.0-255,3602,152036,73,215512
18324,0.001713,172.31.40.0-255,66,152102,73,215512
18325,0.001751,172.217.194.0-255,2902,155004,73,215512
18326,0.001754,172.31.40.0-255,66,155070,73,215512
18327,0.001778,172.31.40.0-255,66,155136,73,215512
18328,0.001805,172.217.194.0-255,5738,160874,73,215512
18329,0.001808,172.31.40.0-255,66,160940,73,215512
18330,0.001821,172.31.40.0-255,66,161006,73,215512
18331,0.001828,172.217.194.0-255,7156,168162,73,215512
18332,0.00183,172.31.40.0-255,66,168228,73,215512
18333,0.001859,172.31.40.0-255,66,168294,73,215512
18334,0.00187,172.31.40.0-255,66,168360,73,215512
18335,0.001884,172.217.194.0-255,6438,174798,73,215512
18336,0.001887,172.31.40.0-255,66,174864,73,215512
18337,0.001939,172.217.194.0-255,1484,176348,73,215512
18338,0.001944,172.217.194.0-255,2902,179250,73,215512
18339,0.001947,172.31.40.0-255,66,179316,73,215512
18340,0.001963,172.217.194.0-255,2902,182218,73,215512
18341,0.001965,172.31.40.0-255,66,182284,73,215512
18342,0.001977,172.217.194.0-255,2902,185186,73,215512
18343,0.001979,172.31.40.0-255,66,185252,73,215512
18344,0.001982,172.217.194.0-255,1484,186736,73,215512
18345,0.002006,172.217.194.0-255,5738,192474,73,215512
18346,0.002008,172.31.40.0-255,66,192540,73,215512
18347,0.002031,172.217.194.0-255,5738,198278,73,215512
18348,0.002034,172.31.40.0-255,66,198344,73,215512
18349,0.002045,172.31.40.0-255,66,198410,73,215512
18350,0.002067,172.217.194.0-255,1484,199894,73,215512
18351,0.002085,172.217.194.0-255,1484,201378,73,215512
18352,0.002087,172.31.40.0-255,66,201444,73,215512
18353,0.002103,172.217.194.0-255,1484,202928,73,215512
18354,0.002107,172.217.194.0-255,5738,208666,73,215512
18355,0.002112,172.31.40.0-255,66,208732,73,215512
18356,0.00214,172.217.194.0-255,2902,211634,73,215512
18357,0.002143,172.31.40.0-255,66,211700,73,215512
18358,0.002178,172.217.194.0-255,3190,214890,73,215512
18359,0.002181,172.31.40.0-255,66,214956,73,215512
18360,0.002184,172.217.194.0-255,97,215053,73,215512
18361,0.004249,172.217.194.0-255,105,215158,73,215512
18362,0.010931,172.217.194.0-255,105,215263,73,215512
18363,0.01095,172.31.40.0-255,78,215341,73,215512
18364,0.018199,172.31.40.0-255,105,215446,73,215512
18365,0.020309,172.217.194.0-255,66,215512,73,215512
18366,0.0,74.125.24.0-255,153,153,73,212054
18367,2e-05,172.31.40.0-255,66,219,73,212054
18368,2.8e-05,74.125.24.0-255,1484,1703,73,212054
18369,3.2e-05,172.31.40.0-255,66,1769,73,212054
18370,3.8e-05,74.125.24.0-255,2902,4671,73,212054
18371,4.2e-05,172.31.40.0-255,66,4737,73,212054
18372,6.8e-05,74.125.24.0-255,5738,10475,73,212054
18373,7.1e-05,172.31.40.0-255,66,10541,73,212054
18374,0.00013,172.31.40.0-255,66,10607,73,212054
18375,0.00015,74.125.24.0-255,2162,12769,73,212054
18376,0.000152,172.31.40.0-255,66,12835,73,212054
18377,0.000179,74.125.24.0-255,2902,15737,73,212054
18378,0.000181,172.31.40.0-255,66,15803,73,212054
18379,0.000202,74.125.24.0-255,5379,21182,73,212054
18380,0.000206,172.31.40.0-255,66,21248,73,212054
18381,0.000233,74.125.24.0-255,4320,25568,73,212054
18382,0.000236,172.31.40.0-255,66,25634,73,212054
18383,0.000252,74.125.24.0-255,4320,29954,73,212054
18384,0.000255,172.31.40.0-255,66,30020,73,212054
18385,0.000267,172.31.40.0-255,66,30086,73,212054
18386,0.000292,74.125.24.0-255,7156,37242,73,212054
18387,0.000295,172.31.40.0-255,66,37308,73,212054
18388,0.000327,172.31.40.0-255,66,37374,73,212054
18389,0.00033,74.125.24.0-255,366,37740,73,212054
18390,0.000331,172.31.40.0-255,66,37806,73,212054
18391,0.000372,74.125.24.0-255,133,37939,73,212054
18392,0.000374,172.31.40.0-255,66,38005,73,212054
18393,0.000829,74.125.24.0-255,1484,39489,73,212054
18394,0.000835,172.31.40.0-255,66,39555,73,212054
18395,0.00084,74.125.24.0-255,2902,42457,73,212054
18396,0.000842,172.31.40.0-255,66,42523,73,212054
18397,0.000849,74.125.24.0-255,5738,48261,73,212054
18398,0.000851,172.31.40.0-255,66,48327,73,212054
18399,0.000896,172.31.40.0-255,66,48393,73,212054
18400,0.000907,172.31.40.0-255,66,48459,73,212054
18401,0.000932,74.125.24.0-255,1042,49501,73,212054
18402,0.001161,74.125.24.0-255,1484,50985,73,212054
18403,0.001166,172.31.40.0-255,66,51051,73,212054
18404,0.001171,74.125.24.0-255,2902,53953,73,212054
18405,0.001174,172.31.40.0-255,66,54019,73,212054
18406,0.001177,74.125.24.0-255,1484,55503,73,212054
18407,0.001194,74.125.24.0-255,4320,59823,73,212054
18408,0.001196,172.31.40.0-255,66,59889,73,212054
18409,0.0012,74.125.24.0-255,1484,61373,73,212054
18410,0.001202,74.125.24.0-255,1484,62857,73,212054
18411,0.001204,172.31.40.0-255,66,62923,73,212054
18412,0.001235,74.125.24.0-255,7156,70079,73,212054
18413,0.001239,172.31.40.0-255,66,70145,73,212054
18414,0.00128,172.31.40.0-255,66,70211,73,212054
18415,0.001546,74.125.24.0-255,1484,71695,73,212054
18416,0.001561,74.125.24.0-255,2902,74597,73,212054
18417,0.001564,172.31.40.0-255,66,74663,73,212054
18418,0.001617,74.125.24.0-255,5738,80401,73,212054
18419,0.00162,172.31.40.0-255,66,80467,73,212054
18420,0.00163,172.31.40.0-255,66,80533,73,212054
18421,0.001655,74.125.24.0-255,5738,86271,73,212054
18422,0.001658,172.31.40.0-255,66,86337,73,212054
18423,0.001688,172.31.40.0-255,66,86403,73,212054
18424,0.002598,74.125.24.0-255,1484,87887,73,212054
18425,0.002609,74.125.24.0-255,2902,90789,73,212054
18426,0.002614,172.31.40.0-255,66,90855,73,212054
18427,0.002622,74.125.24.0-255,5738,96593,73,212054
18428,0.002624,172.31.40.0-255,66,96659,73,212054
18429,0.002657,74.125.24.0-255,7156,103815,73,212054
18430,0.00266,172.31.40.0-255,66,103881,73,212054
18431,0.005273,74.125.24.0-255,5738,109619,73,212054
18432,0.005279,172.31.40.0-255,66,109685,73,212054
18433,0.007904,74.125.24.0-255,5738,115423,73,212054
18434,0.007911,172.31.40.0-255,66,115489,73,212054
18435,0.010506,74.125.24.0-255,5738,121227,73,212054
18436,0.010514,172.31.40.0-255,66,121293,73,212054
18437,0.013128,74.125.24.0-255,5738,127031,73,212054
18438,0.013137,172.31.40.0-255,66,127097,73,212054
18439,0.015752,74.125.24.0-255,5738,132835,73,212054
18440,0.015759,172.31.40.0-255,66,132901,73,212054
18441,0.018418,74.125.24.0-255,5738,138639,73,212054
18442,0.018426,172.31.40.0-255,66,138705,73,212054
18443,0.021054,74.125.24.0-255,5738,144443,73,212054
18444,0.021061,172.31.40.0-255,66,144509,73,212054
18445,0.023676,74.125.24.0-255,5738,150247,73,212054
18446,0.023684,172.31.40.0-255,66,150313,73,212054
18447,0.026253,172.31.40.0-255,172,150485,73,212054
18448,0.026295,74.125.24.0-255,5738,156223,73,212054
18449,0.0263,172.31.40.0-255,66,156289,73,212054
18450,0.026311,172.31.40.0-255,1110,157399,73,212054
18451,0.026386,172.31.40.0-255,1514,158913,73,212054
18452,0.026388,172.31.40.0-255,1514,160427,73,212054
18453,0.026393,172.31.40.0-255,1514,161941,73,212054
18454,0.026394,172.31.40.0-255,1514,163455,73,212054
18455,0.026416,172.31.40.0-255,1514,164969,73,212054
18456,0.026417,172.31.40.0-255,222,165191,73,212054
18457,0.026506,172.31.40.0-255,101,165292,73,212054
18458,0.027781,104.244.42.0-255,66,165358,73,212054
18459,0.02785,104.244.42.0-255,66,165424,73,212054
18460,0.027993,104.244.42.0-255,66,165490,73,212054
18461,0.027999,104.244.42.0-255,66,165556,73,212054
18462,0.028934,74.125.24.0-255,5738,171294,73,212054
18463,0.028941,172.31.40.0-255,66,171360,73,212054
18464,0.029093,74.125.24.0-255,66,171426,73,212054
18465,0.03159,74.125.24.0-255,5738,177164,73,212054
18466,0.0316,172.31.40.0-255,66,177230,73,212054
18467,0.034211,74.125.24.0-255,5738,182968,73,212054
18468,0.034217,172.31.40.0-255,66,183034,73,212054
18469,0.03684,74.125.24.0-255,5738,188772,73,212054
18470,0.036846,172.31.40.0-255,66,188838,73,212054
18471,0.039465,74.125.24.0-255,5738,194576,73,212054
18472,0.039475,172.31.40.0-255,66,194642,73,212054
18473,0.042107,74.125.24.0-255,5738,200380,73,212054
18474,0.042113,172.31.40.0-255,66,200446,73,212054
18475,0.044732,74.125.24.0-255,5738,206184,73,212054
18476,0.044738,172.31.40.0-255,66,206250,73,212054
18477,0.04737,74.125.24.0-255,5738,211988,73,212054
18478,0.047376,172.31.40.0-255,66,212054,73,212054
18479,0.0,216.58.221.0-255,150,150,73,261624
18480,2.3e-05,172.31.40.0-255,66,216,73,261624
18481,3e-05,216.58.221.0-255,1484,1700,73,261624
18482,3.5e-05,172.31.40.0-255,66,1766,73,261624
18483,4e-05,216.58.221.0-255,2902,4668,73,261624
18484,4.9e-05,172.31.40.0-255,66,4734,73,261624
18485,5.7e-05,216.58.221.0-255,5738,10472,73,261624
18486,6e-05,172.31.40.0-255,66,10538,73,261624
18487,7.1e-05,172.31.40.0-255,66,10604,73,261624
18488,7.8e-05,216.58.221.0-255,5738,16342,73,261624
18489,8.2e-05,172.31.40.0-255,66,16408,73,261624
18490,0.000104,216.58.221.0-255,2902,19310,73,261624
18491,0.000107,172.31.40.0-255,66,19376,73,261624
18492,0.000117,216.58.221.0-255,3961,23337,73,261624
18493,0.00012,172.31.40.0-255,66,23403,73,261624
18494,0.000317,216.58.221.0-255,1484,24887,73,261624
18495,0.000322,172.31.40.0-255,66,24953,73,261624
18496,0.000328,216.58.221.0-255,2902,27855,73,261624
18497,0.000331,172.31.40.0-255,66,27921,73,261624
18498,0.00034,216.58.221.0-255,2902,30823,73,261624
18499,0.000342,172.31.40.0-255,66,30889,73,261624
18500,0.000347,216.58.221.0-255,4320,35209,73,261624
18501,0.00035,172.31.40.0-255,66,35275,73,261624
18502,0.000353,216.58.221.0-255,1484,36759,73,261624
18503,0.000355,172.31.40.0-255,66,36825,73,261624
18504,0.000369,216.58.221.0-255,3961,40786,73,261624
18505,0.000372,172.31.40.0-255,66,40852,73,261624
18506,0.000378,216.58.221.0-255,5738,46590,73,261624
18507,0.000385,172.31.40.0-255,66,46656,73,261624
18508,0.00044,172.31.40.0-255,66,46722,73,261624
18509,0.00102,216.58.221.0-255,116,46838,73,261624
18510,0.001039,172.31.40.0-255,66,46904,73,261624
18511,0.00124,216.58.221.0-255,1484,48388,73,261624
18512,0.001249,216.58.221.0-255,2902,51290,73,261624
18513,0.001253,172.31.40.0-255,66,51356,73,261624
18514,0.001261,216.58.221.0-255,5738,57094,73,261624
18515,0.001263,172.31.40.0-255,66,57160,73,261624
18516,0.001293,216.58.221.0-255,6797,63957,73,261624
18517,0.001296,172.31.40.0-255,66,64023,73,261624
18518,0.001303,216.58.221.0-255,7156,71179,73,261624
18519,0.001305,172.31.40.0-255,66,71245,73,261624
18520,0.001338,216.58.221.0-255,7156,78401,73,261624
18521,0.001341,172.31.40.0-255,66,78467,73,261624
18522,0.001366,216.58.221.0-255,2808,81275,73,261624
18523,0.001369,172.31.40.0-255,66,81341,73,261624
18524,0.001802,216.58.221.0-255,1484,82825,73,261624
18525,0.001811,216.58.221.0-255,2902,85727,73,261624
18526,0.001815,172.31.40.0-255,66,85793,73,261624
18527,0.001823,216.58.221.0-255,5738,91531,73,261624
18528,0.001825,172.31.40.0-255,66,91597,73,261624
18529,0.00186,216.58.221.0-255,7156,98753,73,261624
18530,0.001863,172.31.40.0-255,66,98819,73,261624
18531,0.001887,216.58.221.0-255,1484,100303,73,261624
18532,0.001901,216.58.221.0-255,2902,103205,73,261624
18533,0.001904,172.31.40.0-255,66,103271,73,261624
18534,0.001945,216.58.221.0-255,2902,106173,73,261624
18535,0.001947,172.31.40.0-255,66,106239,73,261624
18536,0.001966,216.58.221.0-255,2902,109141,73,261624
18537,0.001968,172.31.40.0-255,66,109207,73,261624
18538,0.001971,216.58.221.0-255,1484,110691,73,261624
18539,0.001975,216.58.221.0-255,2902,113593,73,261624
18540,0.001977,172.31.40.0-255,66,113659,73,261624
18541,0.001981,216.58.221.0-255,2184,115843,73,261624
18542,0.001983,172.31.40.0-255,66,115909,73,261624
18543,0.003916,216.58.221.0-255,5738,121647,73,261624
18544,0.003923,172.31.40.0-255,66,121713,73,261624
18545,0.005868,216.58.221.0-255,5738,127451,73,261624
18546,0.005874,172.31.40.0-255,66,127517,73,261624
18547,0.007823,216.58.221.0-255,5738,133255,73,261624
18548,0.007829,172.31.40.0-255,66,133321,73,261624
18549,0.009786,216.58.221.0-255,5738,139059,73,261624
18550,0.009794,172.31.40.0-255,66,139125,73,261624
18551,0.011753,216.58.221.0-255,5738,144863,73,261624
18552,0.011761,172.31.40.0-255,66,144929,73,261624
18553,0.013715,216.58.221.0-255,5738,150667,73,261624
18554,0.013721,172.31.40.0-255,66,150733,73,261624
18555,0.0157,216.58.221.0-255,5738,156471,73,261624
18556,0.015707,172.31.40.0-255,66,156537,73,261624
18557,0.017647,216.58.221.0-255,5738,162275,73,261624
18558,0.017655,172.31.40.0-255,66,162341,73,261624
18559,0.019626,216.58.221.0-255,5738,168079,73,261624
18560,0.019633,172.31.40.0-255,66,168145,73,261624
18561,0.021591,216.58.221.0-255,5738,173883,73,261624
18562,0.021599,172.31.40.0-255,66,173949,73,261624
18563,0.023545,216.58.221.0-255,5738,179687,73,261624
18564,0.023552,172.31.40.0-255,66,179753,73,261624
18565,0.024948,172.31.40.0-255,172,179925,73,261624
18566,0.024977,172.31.40.0-255,1110,181035,73,261624
18567,0.025039,172.31.40.0-255,1514,182549,73,261624
18568,0.025041,172.31.40.0-255,1514,184063,73,261624
18569,0.025046,172.31.40.0-255,1514,185577,73,261624
18570,0.025047,172.31.40.0-255,331,185908,73,261624
18571,0.025523,216.58.221.0-255,5738,191646,73,261624
18572,0.025529,172.31.40.0-255,66,191712,73,261624
18573,0.026534,104.244.42.0-255,66,191778,73,261624
18574,0.026543,104.244.42.0-255,66,191844,73,261624
18575,0.026616,104.244.42.0-255,66,191910,73,261624
18576,0.026621,104.244.42.0-255,66,191976,73,261624
18577,0.027496,216.58.221.0-255,5738,197714,73,261624
18578,0.027502,172.31.40.0-255,66,197780,73,261624
18579,0.029457,216.58.221.0-255,5738,203518,73,261624
18580,0.029463,172.31.40.0-255,66,203584,73,261624
18581,0.031411,216.58.221.0-255,5738,209322,73,261624
18582,0.031417,172.31.40.0-255,66,209388,73,261624
18583,0.033373,216.58.221.0-255,5738,215126,73,261624
18584,0.033381,172.31.40.0-255,66,215192,73,261624
18585,0.035337,216.58.221.0-255,5738,220930,73,261624
18586,0.035344,172.31.40.0-255,66,220996,73,261624
18587,0.037302,216.58.221.0-255,5738,226734,73,261624
18588,0.037309,172.31.40.0-255,66,226800,73,261624
18589,0.039274,216.58.221.0-255,5738,232538,73,261624
18590,0.039281,172.31.40.0-255,66,232604,73,261624
18591,0.041284,216.58.221.0-255,5738,238342,73,261624
18592,0.04129,172.31.40.0-255,66,238408,73,261624
18593,0.043253,216.58.221.0-255,5738,244146,73,261624
18594,0.043273,172.31.40.0-255,66,244212,73,261624
18595,0.04524,216.58.221.0-255,5738,249950,73,261624
18596,0.045255,172.31.40.0-255,66,250016,73,261624
18597,0.047217,216.58.221.0-255,5738,255754,73,261624
18598,0.047229,172.31.40.0-255,66,255820,73,261624
18599,0.0492,216.58.221.0-255,5738,261558,73,261624
18600,0.049216,172.31.40.0-255,66,261624,73,261624
18601,0.0,74.125.24.0-255,146,146,73,176521
18602,1.4e-05,172.31.40.0-255,66,212,73,176521
18603,2.1e-05,74.125.24.0-255,1484,1696,73,176521
18604,2.5e-05,172.31.40.0-255,66,1762,73,176521
18605,3e-05,74.125.24.0-255,2902,4664,73,176521
18606,4e-05,172.31.40.0-255,66,4730,73,176521
18607,4.7e-05,74.125.24.0-255,5738,10468,73,176521
18608,4.9e-05,172.31.40.0-255,66,10534,73,176521
18609,8.4e-05,74.125.24.0-255,6388,16922,73,176521
18610,8.7e-05,172.31.40.0-255,66,16988,73,176521
18611,0.000115,172.31.40.0-255,66,17054,73,176521
18612,0.000339,74.125.24.0-255,1484,18538,73,176521
18613,0.000344,172.31.40.0-255,66,18604,73,176521
18614,0.00035,74.125.24.0-255,2902,21506,73,176521
18615,0.000352,172.31.40.0-255,66,21572,73,176521
18616,0.000383,74.125.24.0-255,5738,27310,73,176521
18617,0.000386,172.31.40.0-255,66,27376,73,176521
18618,0.000431,172.31.40.0-255,66,27442,73,176521
18619,0.000442,172.31.40.0-255,66,27508,73,176521
18620,0.000451,74.125.24.0-255,3961,31469,73,176521
18621,0.000453,172.31.40.0-255,66,31535,73,176521
18622,0.001331,74.125.24.0-255,396,31931,73,176521
18623,0.001337,172.31.40.0-255,66,31997,73,176521
18624,0.001911,74.125.24.0-255,347,32344,73,176521
18625,0.001916,172.31.40.0-255,66,32410,73,176521
18626,0.001943,74.125.24.0-255,1484,33894,73,176521
18627,0.001946,172.31.40.0-255,66,33960,73,176521
18628,0.001951,74.125.24.0-255,2902,36862,73,176521
18629,0.001953,172.31.40.0-255,66,36928,73,176521
18630,0.001976,74.125.24.0-255,1484,38412,73,176521
18631,0.001983,74.125.24.0-255,4320,42732,73,176521
18632,0.001985,172.31.40.0-255,66,42798,73,176521
18633,0.001992,74.125.24.0-255,5738,48536,73,176521
18634,0.001994,172.31.40.0-255,66,48602,73,176521
18635,0.00203,172.31.40.0-255,66,48668,73,176521
18636,0.002037,74.125.24.0-255,6438,55106,73,176521
18637,0.00204,172.31.40.0-255,66,55172,73,176521
18638,0.004428,74.125.24.0-255,1484,56656,73,176521
18639,0.004442,74.125.24.0-255,2902,59558,73,176521
18640,0.004445,172.31.40.0-255,66,59624,73,176521
18641,0.004448,74.125.24.0-255,1484,61108,73,176521
18642,0.006719,74.125.24.0-255,4320,65428,73,176521
18643,0.006726,172.31.40.0-255,66,65494,73,176521
18644,0.009027,74.125.24.0-255,5738,71232,73,176521
18645,0.009035,172.31.40.0-255,66,71298,73,176521
18646,0.011323,74.125.24.0-255,5738,77036,73,176521
18647,0.011331,172.31.40.0-255,66,77102,73,176521
18648,0.013623,74.125.24.0-255,5738,82840,73,176521
18649,0.013648,172.31.40.0-255,66,82906,73,176521
18650,0.015918,74.125.24.0-255,5738,88644,73,176521
18651,0.015926,172.31.40.0-255,66,88710,73,176521
18652,0.018189,74.125.24.0-255,5738,94448,73,176521
18653,0.018196,172.31.40.0-255,66,94514,73,176521
18654,0.02046,74.125.24.0-255,5738,100252,73,176521
18655,0.020469,172.31.40.0-255,66,100318,73,176521
18656,0.022733,74.125.24.0-255,5738,106056,73,176521
18657,0.022741,172.31.40.0-255,66,106122,73,176521
18658,0.022975,172.31.40.0-255,172,106294,73,176521
18659,0.023007,172.31.40.0-255,1110,107404,73,176521
18660,0.023217,172.31.40.0-255,1514,108918,73,176521
18661,0.023219,172.31.40.0-255,1514,110432,73,176521
18662,0.023221,172.31.40.0-255,1514,111946,73,176521
18663,0.023222,172.31.40.0-255,161,112107,73,176521
18664,0.02452,104.244.42.0-255,66,112173,73,176521
18665,0.024556,104.244.42.0-255,66,112239,73,176521
18666,0.024793,104.244.42.0-255,66,112305,73,176521
18667,0.024798,104.244.42.0-255,66,112371,73,176521
18668,0.024983,74.125.24.0-255,2902,115273,73,176521
18669,0.024989,172.31.40.0-255,66,115339,73,176521
18670,0.025016,74.125.24.0-255,2902,118241,73,176521
18671,0.025019,172.31.40.0-255,66,118307,73,176521
18672,0.025874,104.244.42.0-255,108,118415,73,176521
18673,0.025883,172.31.40.0-255,66,118481,73,176521
18674,0.027262,74.125.24.0-255,5738,124219,73,176521
18675,0.027267,172.31.40.0-255,66,124285,73,176521
18676,0.029522,74.125.24.0-255,5738,130023,73,176521
18677,0.02953,172.31.40.0-255,66,130089,73,176521
18678,0.031791,74.125.24.0-255,5738,135827,73,176521
18679,0.031798,172.31.40.0-255,66,135893,73,176521
18680,0.034086,74.125.24.0-255,5738,141631,73,176521
18681,0.034093,172.31.40.0-255,66,141697,73,176521
18682,0.03639,74.125.24.0-255,5738,147435,73,176521
18683,0.036397,172.31.40.0-255,66,147501,73,176521
18684,0.038672,74.125.24.0-255,5738,153239,73,176521
18685,0.03868,172.31.40.0-255,66,153305,73,176521
18686,0.040964,74.125.24.0-255,5738,159043,73,176521
18687,0.04097,172.31.40.0-255,66,159109,73,176521
18688,0.043257,74.125.24.0-255,5738,164847,73,176521
18689,0.043267,172.31.40.0-255,66,164913,73,176521
18690,0.045567,74.125.24.0-255,5738,170651,73,176521
18691,0.045573,172.31.40.0-255,66,170717,73,176521
18692,0.047851,74.125.24.0-255,5738,176455,73,176521
18693,0.047858,172.31.40.0-255,66,176521,73,176521
18694,0.0,172.217.194.0-255,156,156,73,139396
18695,2.3e-05,172.31.40.0-255,66,222,73,139396
18696,3.1e-05,172.217.194.0-255,1484,1706,73,139396
18697,3.6e-05,172.31.40.0-255,66,1772,73,139396
18698,4.2e-05,172.217.194.0-255,2902,4674,73,139396
18699,4.5e-05,172.31.40.0-255,66,4740,73,139396
18700,5.4e-05,172.217.194.0-255,7156,11896,73,139396
18701,5.6e-05,172.31.40.0-255,66,11962,73,139396
18702,7.1e-05,172.31.40.0-255,66,12028,73,139396
18703,0.000102,172.217.194.0-255,6797,18825,73,139396
18704,0.000106,172.31.40.0-255,66,18891,73,139396
18705,0.000151,172.217.194.0-255,7156,26047,73,139396
18706,0.000154,172.31.40.0-255,66,26113,73,139396
18707,0.000166,172.31.40.0-255,66,26179,73,139396
18708,0.000221,172.31.40.0-255,66,26245,73,139396
18709,0.000246,172.31.40.0-255,66,26311,73,139396
18710,0.000296,172.217.194.0-255,365,26676,73,139396
18711,0.000298,172.31.40.0-255,66,26742,73,139396
18712,0.000382,172.217.194.0-255,1484,28226,73,139396
18713,0.000386,172.31.40.0-255,66,28292,73,139396
18714,0.0004,172.217.194.0-255,2902,31194,73,139396
18715,0.000403,172.31.40.0-255,66,31260,73,139396
18716,0.000406,172.217.194.0-255,1484,32744,73,139396
18717,0.000408,172.31.40.0-255,66,32810,73,139396
18718,0.000433,172.217.194.0-255,4320,37130,73,139396
18719,0.000436,172.31.40.0-255,66,37196,73,139396
18720,0.00045,172.31.40.0-255,66,37262,73,139396
18721,0.000482,172.217.194.0-255,1125,38387,73,139396
18722,0.000496,172.31.40.0-255,66,38453,73,139396
18723,0.000895,172.217.194.0-255,1484,39937,73,139396
18724,0.000901,172.217.194.0-255,2902,42839,73,139396
18725,0.000905,172.31.40.0-255,66,42905,73,139396
18726,0.000909,172.217.194.0-255,1484,44389,73,139396
18727,0.000928,172.217.194.0-255,4320,48709,73,139396
18728,0.000931,172.31.40.0-255,66,48775,73,139396
18729,0.000934,172.217.194.0-255,1484,50259,73,139396
18730,0.000966,172.31.40.0-255,66,50325,73,139396
18731,0.000979,172.31.40.0-255,66,50391,73,139396
18732,0.000999,172.217.194.0-255,1484,51875,73,139396
18733,0.001029,172.217.194.0-255,2902,54777,73,139396
18734,0.001032,172.31.40.0-255,66,54843,73,139396
18735,0.001039,172.217.194.0-255,5738,60581,73,139396
18736,0.001041,172.31.40.0-255,66,60647,73,139396
18737,0.001048,172.217.194.0-255,5738,66385,73,139396
18738,0.00105,172.31.40.0-255,66,66451,73,139396
18739,0.001085,172.217.194.0-255,7156,73607,73,139396
18740,0.001088,172.31.40.0-255,66,73673,73,139396
18741,0.0011,172.31.40.0-255,66,73739,73,139396
18742,0.001183,172.217.194.0-255,1484,75223,73,139396
18743,0.001187,172.217.194.0-255,2902,78125,73,139396
18744,0.001192,172.31.40.0-255,66,78191,73,139396
18745,0.001211,172.217.194.0-255,5738,83929,73,139396
18746,0.001213,172.31.40.0-255,66,83995,73,139396
18747,0.00122,172.217.194.0-255,7156,91151,73,139396
18748,0.001223,172.31.40.0-255,66,91217,73,139396
18749,0.001253,172.31.40.0-255,66,91283,73,139396
18750,0.001258,172.217.194.0-255,2184,93467,73,139396
18751,0.00126,172.31.40.0-255,66,93533,73,139396
18752,0.001337,172.217.194.0-255,1484,95017,73,139396
18753,0.001342,172.217.194.0-255,2902,97919,73,139396
18754,0.001346,172.31.40.0-255,66,97985,73,139396
18755,0.001369,172.217.194.0-255,5738,103723,73,139396
18756,0.001372,172.31.40.0-255,66,103789,73,139396
18757,0.001378,172.217.194.0-255,5738,109527,73,139396
18758,0.001381,172.31.40.0-255,66,109593,73,139396
18759,0.001422,172.217.194.0-255,4320,113913,73,139396
18760,0.001424,172.31.40.0-255,66,113979,73,139396
18761,0.001464,172.31.40.0-255,66,114045,73,139396
18762,0.001476,172.31.40.0-255,66,114111,73,139396
18763,0.001488,172.31.40.0-255,66,114177,73,139396
18764,0.001514,172.31.40.0-255,66,114243,73,139396
18765,0.001545,172.31.40.0-255,66,114309,73,139396
18766,0.001573,172.217.194.0-255,7156,121465,73,139396
18767,0.001575,172.31.40.0-255,66,121531,73,139396
18768,0.001582,172.217.194.0-255,5020,126551,73,139396
18769,0.001584,172.31.40.0-255,66,126617,73,139396
18770,0.001598,172.31.40.0-255,66,126683,73,139396
18771,0.001642,172.31.40.0-255,66,126749,73,139396
18772,0.001656,172.31.40.0-255,66,126815,73,139396
18773,0.001659,172.217.194.0-255,1484,128299,73,139396
18774,0.001708,172.31.40.0-255,66,128365,73,139396
18775,0.001747,172.31.40.0-255,66,128431,73,139396
18776,0.001779,172.217.194.0-255,2388,130819,73,139396
18777,0.001782,172.217.194.0-255,105,130924,73,139396
18778,0.001855,172.31.40.0-255,66,130990,73,139396
18779,0.004513,172.31.40.0-255,105,131095,73,139396
18780,0.006971,172.217.194.0-255,66,131161,73,139396
18781,0.043749,172.31.40.0-255,172,131333,73,139396
18782,0.043783,172.31.40.0-255,1111,132444,73,139396
18783,0.04385,172.31.40.0-255,1514,133958,73,139396
18784,0.043852,172.31.40.0-255,1514,135472,73,139396
18785,0.043853,172.31.40.0-255,1514,136986,73,139396
18786,0.043854,172.31.40.0-255,1514,138500,73,139396
18787,0.043881,172.31.40.0-255,632,139132,73,139396
18788,0.045314,104.244.42.0-255,66,139198,73,139396
18789,0.045352,104.244.42.0-255,66,139264,73,139396
18790,0.045384,104.244.42.0-255,66,139330,73,139396
18791,0.045388,104.244.42.0-255,66,139396,73,139396
18792,0.0,74.125.24.0-255,148,148,73,279768
18793,1.5e-05,172.31.40.0-255,66,214,73,279768
18794,2.3e-05,74.125.24.0-255,1484,1698,73,279768
18795,2.6e-05,172.31.40.0-255,66,1764,73,279768
18796,3.2e-05,74.125.24.0-255,2902,4666,73,279768
18797,3.6e-05,172.31.40.0-255,66,4732,73,279768
18798,5.2e-05,74.125.24.0-255,7156,11888,73,279768
18799,5.6e-05,172.31.40.0-255,66,11954,73,279768
18800,9.4e-05,74.125.24.0-255,2022,13976,73,279768
18801,0.0001,172.31.40.0-255,66,14042,73,279768
18802,0.000105,74.125.24.0-255,2902,16944,73,279768
18803,0.000108,172.31.40.0-255,66,17010,73,279768
18804,0.000112,74.125.24.0-255,2902,19912,73,279768
18805,0.000114,172.31.40.0-255,66,19978,73,279768
18806,0.000138,74.125.24.0-255,1484,21462,73,279768
18807,0.000141,172.31.40.0-255,66,21528,73,279768
18808,0.000156,172.31.40.0-255,66,21594,73,279768
18809,0.000195,74.125.24.0-255,1125,22719,73,279768
18810,0.000198,172.31.40.0-255,66,22785,73,279768
18811,0.000201,74.125.24.0-255,1484,24269,73,279768
18812,0.000203,172.31.40.0-255,66,24335,73,279768
18813,0.000208,74.125.24.0-255,2902,27237,73,279768
18814,0.000211,172.31.40.0-255,66,27303,73,279768
18815,0.00022,74.125.24.0-255,2902,30205,73,279768
18816,0.000223,172.31.40.0-255,66,30271,73,279768
18817,0.000254,74.125.24.0-255,2902,33173,73,279768
18818,0.000256,172.31.40.0-255,66,33239,73,279768
18819,0.000268,74.125.24.0-255,2902,36141,73,279768
18820,0.000275,172.31.40.0-255,66,36207,73,279768
18821,0.000301,74.125.24.0-255,3961,40168,73,279768
18822,0.000304,172.31.40.0-255,66,40234,73,279768
18823,0.000424,74.125.24.0-255,1484,41718,73,279768
18824,0.000429,74.125.24.0-255,1484,43202,73,279768
18825,0.000432,172.31.40.0-255,66,43268,73,279768
18826,0.000462,74.125.24.0-255,1484,44752,73,279768
18827,0.000469,74.125.24.0-255,5738,50490,73,279768
18828,0.000472,172.31.40.0-255,66,50556,73,279768
18829,0.000479,74.125.24.0-255,6797,57353,73,279768
18830,0.000482,172.31.40.0-255,66,57419,73,279768
18831,0.000505,74.125.24.0-255,647,58066,73,279768
18832,0.000639,74.125.24.0-255,1484,59550,73,279768
18833,0.000643,172.31.40.0-255,66,59616,73,279768
18834,0.000649,74.125.24.0-255,2902,62518,73,279768
18835,0.000652,172.31.40.0-255,66,62584,73,279768
18836,0.000655,74.125.24.0-255,1484,64068,73,279768
18837,0.000673,74.125.24.0-255,2902,66970,73,279768
18838,0.000676,172.31.40.0-255,66,67036,73,279768
18839,0.000686,74.125.24.0-255,5738,72774,73,279768
18840,0.000689,172.31.40.0-255,66,72840,73,279768
18841,0.000737,172.31.40.0-255,66,72906,73,279768
18842,0.000743,74.125.24.0-255,5738,78644,73,279768
18843,0.000746,172.31.40.0-255,66,78710,73,279768
18844,0.000781,74.125.24.0-255,1125,79835,73,279768
18845,0.001249,74.125.24.0-255,1484,81319,73,279768
18846,0.001254,172.31.40.0-255,66,81385,73,279768
18847,0.001259,74.125.24.0-255,2902,84287,73,279768
18848,0.001262,172.31.40.0-255,66,84353,73,279768
18849,0.001274,74.125.24.0-255,5738,90091,73,279768
18850,0.001276,172.31.40.0-255,66,90157,73,279768
18851,0.001281,74.125.24.0-255,4320,94477,73,279768
18852,0.001283,172.31.40.0-255,66,94543,73,279768
18853,0.001313,74.125.24.0-255,5738,100281,73,279768
18854,0.001316,172.31.40.0-255,66,100347,73,279768
18855,0.001344,74.125.24.0-255,5738,106085,73,279768
18856,0.001347,172.31.40.0-255,66,106151,73,279768
18857,0.001357,172.31.40.0-255,66,106217,73,279768
18858,0.00148,74.125.24.0-255,1484,107701,73,279768
18859,0.001486,74.125.24.0-255,2902,110603,73,279768
18860,0.00149,172.31.40.0-255,66,110669,73,279768
18861,0.001497,74.125.24.0-255,5738,116407,73,279768
18862,0.001499,172.31.40.0-255,66,116473,73,279768
18863,0.001535,172.31.40.0-255,66,116539,73,279768
18864,0.001541,74.125.24.0-255,5738,122277,73,279768
18865,0.001543,172.31.40.0-255,66,122343,73,279768
18866,0.001576,74.125.24.0-255,5020,127363,73,279768
18867,0.001579,172.31.40.0-255,66,127429,73,279768
18868,0.001968,74.125.24.0-255,1484,128913,73,279768
18869,0.001975,74.125.24.0-255,2902,131815,73,279768
18870,0.001979,172.31.40.0-255,66,131881,73,279768
18871,0.001986,74.125.24.0-255,5738,137619,73,279768
18872,0.001988,172.31.40.0-255,66,137685,73,279768
18873,0.002014,74.125.24.0-255,4320,142005,73,279768
18874,0.002016,172.31.40.0-255,66,142071,73,279768
18875,0.00204,172.31.40.0-255,66,142137,73,279768
18876,0.002043,74.125.24.0-255,1484,143621,73,279768
18877,0.004055,74.125.24.0-255,4320,147941,73,279768
18878,0.004063,172.31.40.0-255,66,148007,73,279768
18879,0.006057,74.125.24.0-255,5738,153745,73,279768
18880,0.006063,172.31.40.0-255,66,153811,73,279768
18881,0.008045,74.125.24.0-255,5738,159549,73,279768
18882,0.008051,172.31.40.0-255,66,159615,73,279768
18883,0.010072,74.125.24.0-255,5738,165353,73,279768
18884,0.010079,172.31.40.0-255,66,165419,73,279768
18885,0.01209,74.125.24.0-255,5738,171157,73,279768
18886,0.0121,172.31.40.0-255,66,171223,73,279768
18887,0.01412,74.125.24.0-255,5738,176961,73,279768
18888,0.014128,172.31.40.0-255,66,177027,73,279768
18889,0.016148,74.125.24.0-255,5738,182765,73,279768
18890,0.016156,172.31.40.0-255,66,182831,73,279768
18891,0.018171,74.125.24.0-255,5738,188569,73,279768
18892,0.01818,172.31.40.0-255,66,188635,73,279768
18893,0.020186,74.125.24.0-255,5738,194373,73,279768
18894,0.020193,172.31.40.0-255,66,194439,73,279768
18895,0.022201,74.125.24.0-255,5738,200177,73,279768
18896,0.022208,172.31.40.0-255,66,200243,73,279768
18897,0.024214,74.125.24.0-255,5738,205981,73,279768
18898,0.024223,172.31.40.0-255,66,206047,73,279768
18899,0.026217,74.125.24.0-255,5738,211785,73,279768
18900,0.026233,172.31.40.0-255,66,211851,73,279768
18901,0.028237,74.125.24.0-255,5738,217589,73,279768
18902,0.028249,172.31.40.0-255,66,217655,73,279768
18903,0.030242,74.125.24.0-255,5738,223393,73,279768
18904,0.030257,172.31.40.0-255,66,223459,73,279768
18905,0.032249,74.125.24.0-255,5738,229197,73,279768
18906,0.032265,172.31.40.0-255,66,229263,73,279768
18907,0.034272,74.125.24.0-255,5738,235001,73,279768
18908,0.034279,172.31.40.0-255,66,235067,73,279768
18909,0.036289,74.125.24.0-255,5738,240805,73,279768
18910,0.036302,172.31.40.0-255,66,240871,73,279768
18911,0.038304,74.125.24.0-255,5738,246609,73,279768
18912,0.038311,172.31.40.0-255,66,246675,73,279768
18913,0.040301,74.125.24.0-255,5738,252413,73,279768
18914,0.04031,172.31.40.0-255,66,252479,73,279768
18915,0.042308,74.125.24.0-255,5738,258217,73,279768
18916,0.042321,172.31.40.0-255,66,258283,73,279768
18917,0.044322,74.125.24.0-255,4320,262603,73,279768
18918,0.04433,172.31.40.0-255,66,262669,73,279768
18919,0.044358,74.125.24.0-255,1484,264153,73,279768
18920,0.046343,74.125.24.0-255,4320,268473,73,279768
18921,0.046351,172.31.40.0-255,66,268539,73,279768
18922,0.047049,172.31.40.0-255,172,268711,73,279768
18923,0.047082,172.31.40.0-255,1111,269822,73,279768
18924,0.047138,172.31.40.0-255,1514,271336,73,279768
18925,0.04714,172.31.40.0-255,1514,272850,73,279768
18926,0.047162,172.31.40.0-255,850,273700,73,279768
18927,0.04838,74.125.24.0-255,5738,279438,73,279768
18928,0.048391,172.31.40.0-255,66,279504,73,279768
18929,0.048608,104.244.42.0-255,66,279570,73,279768
18930,0.048645,104.244.42.0-255,66,279636,73,279768
18931,0.048697,104.244.42.0-255,66,279702,73,279768
18932,0.048701,104.244.42.0-255,66,279768,73,279768
18933,0.0,74.125.24.0-255,150,150,73,260325
18934,2.4e-05,172.31.40.0-255,66,216,73,260325
18935,3.2e-05,74.125.24.0-255,1484,1700,73,260325
18936,3.7e-05,172.31.40.0-255,66,1766,73,260325
18937,4.2e-05,74.125.24.0-255,2902,4668,73,260325
18938,5.4e-05,172.31.40.0-255,66,4734,73,260325
18939,6.2e-05,74.125.24.0-255,7156,11890,73,260325
18940,6.4e-05,172.31.40.0-255,66,11956,73,260325
18941,6.8e-05,74.125.24.0-255,1911,13867,73,260325
18942,7.1e-05,172.31.40.0-255,66,13933,73,260325
18943,7.5e-05,74.125.24.0-255,2902,16835,73,260325
18944,7.8e-05,172.31.40.0-255,66,16901,73,260325
18945,8.5e-05,74.125.24.0-255,4320,21221,73,260325
18946,8.7e-05,172.31.40.0-255,66,21287,73,260325
18947,0.000126,74.125.24.0-255,2902,24189,73,260325
18948,0.000129,172.31.40.0-255,66,24255,73,260325
18949,0.000148,74.125.24.0-255,6797,31052,73,260325
18950,0.000151,172.31.40.0-255,66,31118,73,260325
18951,0.000181,74.125.24.0-255,1484,32602,73,260325
18952,0.000184,172.31.40.0-255,66,32668,73,260325
18953,0.000188,74.125.24.0-255,2902,35570,73,260325
18954,0.000191,172.31.40.0-255,66,35636,73,260325
18955,0.000198,74.125.24.0-255,5738,41374,73,260325
18956,0.0002,172.31.40.0-255,66,41440,73,260325
18957,0.000203,74.125.24.0-255,1484,42924,73,260325
18958,0.000205,172.31.40.0-255,66,42990,73,260325
18959,0.000242,74.125.24.0-255,5379,48369,73,260325
18960,0.000245,172.31.40.0-255,66,48435,73,260325
18961,0.00026,172.31.40.0-255,66,48501,73,260325
18962,0.000265,74.125.24.0-255,2543,51044,73,260325
18963,0.000268,172.31.40.0-255,66,51110,73,260325
18964,0.000298,74.125.24.0-255,443,51553,73,260325
18965,0.000338,74.125.24.0-255,332,51885,73,260325
18966,0.000613,74.125.24.0-255,1484,53369,73,260325
18967,0.000621,172.31.40.0-255,66,53435,73,260325
18968,0.000627,74.125.24.0-255,2902,56337,73,260325
18969,0.000629,172.31.40.0-255,66,56403,73,260325
18970,0.000641,74.125.24.0-255,5738,62141,73,260325
18971,0.000643,172.31.40.0-255,66,62207,73,260325
18972,0.000646,74.125.24.0-255,1484,63691,73,260325
18973,0.000679,172.31.40.0-255,66,63757,73,260325
18974,0.000691,172.31.40.0-255,66,63823,73,260325
18975,0.000694,74.125.24.0-255,766,64589,73,260325
18976,0.000886,74.125.24.0-255,1484,66073,73,260325
18977,0.000891,172.31.40.0-255,66,66139,73,260325
18978,0.000898,74.125.24.0-255,2902,69041,73,260325
18979,0.000901,172.31.40.0-255,66,69107,73,260325
18980,0.000912,74.125.24.0-255,5738,74845,73,260325
18981,0.000915,172.31.40.0-255,66,74911,73,260325
18982,0.000917,74.125.24.0-255,1484,76395,73,260325
18983,0.000989,172.31.40.0-255,66,76461,73,260325
18984,0.001005,172.31.40.0-255,66,76527,73,260325
18985,0.001063,74.125.24.0-255,1484,78011,73,260325
18986,0.001084,74.125.24.0-255,2902,80913,73,260325
18987,0.001087,172.31.40.0-255,66,80979,73,260325
18988,0.001094,74.125.24.0-255,5738,86717,73,260325
18989,0.001097,172.31.40.0-255,66,86783,73,260325
18990,0.001135,172.31.40.0-255,66,86849,73,260325
18991,0.001196,172.31.40.0-255,66,86915,73,260325
18992,0.001301,74.125.24.0-255,1484,88399,73,260325
18993,0.001308,74.125.24.0-255,2902,91301,73,260325
18994,0.001311,172.31.40.0-255,66,91367,73,260325
18995,0.001319,74.125.24.0-255,5738,97105,73,260325
18996,0.001322,172.31.40.0-255,66,97171,73,260325
18997,0.00136,172.31.40.0-255,66,97237,73,260325
18998,0.001377,74.125.24.0-255,2902,100139,73,260325
18999,0.00138,172.31.40.0-255,66,100205,73,260325
19000,0.001416,172.31.40.0-255,66,100271,73,260325
19001,0.001476,74.125.24.0-255,1484,101755,73,260325
19002,0.001481,74.125.24.0-255,2902,104657,73,260325
19003,0.001483,172.31.40.0-255,66,104723,73,260325
19004,0.001515,74.125.24.0-255,5738,110461,73,260325
19005,0.001519,172.31.40.0-255,66,110527,73,260325
19006,0.001526,74.125.24.0-255,7156,117683,73,260325
19007,0.001529,172.31.40.0-255,66,117749,73,260325
19008,0.001555,74.125.24.0-255,5738,123487,73,260325
19009,0.001558,74.125.24.0-255,1484,124971,73,260325
19010,0.001577,74.125.24.0-255,7156,132127,73,260325
19011,0.001595,74.125.24.0-255,2184,134311,73,260325
19012,0.001705,172.31.40.0-255,66,134377,73,260325
19013,0.002222,74.125.24.0-255,1484,135861,73,260325
19014,0.002229,74.125.24.0-255,2902,138763,73,260325
19015,0.002233,172.31.40.0-255,66,138829,73,260325
19016,0.00224,74.125.24.0-255,5738,144567,73,260325
19017,0.002242,172.31.40.0-255,66,144633,73,260325
19018,0.002308,172.31.40.0-255,66,144699,73,260325
19019,0.002315,172.31.40.0-255,66,144765,73,260325
19020,0.002319,74.125.24.0-255,766,145531,73,260325
19021,0.003815,172.31.40.0-255,66,145597,73,260325
19022,0.004574,74.125.24.0-255,4320,149917,73,260325
19023,0.004581,172.31.40.0-255,66,149983,73,260325
19024,0.006105,74.125.24.0-255,1484,151467,73,260325
19025,0.006871,74.125.24.0-255,4320,155787,73,260325
19026,0.006882,172.31.40.0-255,66,155853,73,260325
19027,0.009162,74.125.24.0-255,5738,161591,73,260325
19028,0.009179,172.31.40.0-255,66,161657,73,260325
19029,0.011456,74.125.24.0-255,5738,167395,73,260325
19030,0.01146,172.31.40.0-255,66,167461,73,260325
19031,0.01377,74.125.24.0-255,5738,173199,73,260325
19032,0.013786,172.31.40.0-255,66,173265,73,260325
19033,0.016036,74.125.24.0-255,5738,179003,73,260325
19034,0.016043,172.31.40.0-255,66,179069,73,260325
19035,0.018328,74.125.24.0-255,5738,184807,73,260325
19036,0.018348,172.31.40.0-255,66,184873,73,260325
19037,0.020605,74.125.24.0-255,5738,190611,73,260325
19038,0.020617,172.31.40.0-255,66,190677,73,260325
19039,0.022911,74.125.24.0-255,5738,196415,73,260325
19040,0.022926,172.31.40.0-255,66,196481,73,260325
19041,0.025194,74.125.24.0-255,5738,202219,73,260325
19042,0.025212,172.31.40.0-255,66,202285,73,260325
19043,0.027495,74.125.24.0-255,5738,208023,73,260325
19044,0.027515,172.31.40.0-255,66,208089,73,260325
19045,0.0298,74.125.24.0-255,5738,213827,73,260325
19046,0.02982,172.31.40.0-255,66,213893,73,260325
19047,0.032121,74.125.24.0-255,5738,219631,73,260325
19048,0.03216,172.31.40.0-255,66,219697,73,260325
19049,0.034455,74.125.24.0-255,5738,225435,73,260325
19050,0.034472,172.31.40.0-255,66,225501,73,260325
19051,0.036776,74.125.24.0-255,5738,231239,73,260325
19052,0.036797,172.31.40.0-255,66,231305,73,260325
19053,0.039081,74.125.24.0-255,5738,237043,73,260325
19054,0.039099,172.31.40.0-255,66,237109,73,260325
19055,0.041392,74.125.24.0-255,5738,242847,73,260325
19056,0.041412,172.31.40.0-255,66,242913,73,260325
19057,0.043713,74.125.24.0-255,5738,248651,73,260325
19058,0.043731,172.31.40.0-255,66,248717,73,260325
19059,0.045998,74.125.24.0-255,5738,254455,73,260325
19060,0.04602,172.31.40.0-255,66,254521,73,260325
19061,0.048291,74.125.24.0-255,5738,260259,73,260325
19062,0.048302,172.31.40.0-255,66,260325,73,260325
19063,0.0,172.217.194.0-255,66,66,73,66
19064,0.0,172.217.194.0-255,153,153,73,176669
19065,2.2e-05,172.31.40.0-255,66,219,73,176669
19066,2.9e-05,172.217.194.0-255,1484,1703,73,176669
19067,3.3e-05,172.31.40.0-255,66,1769,73,176669
19068,3.8e-05,172.217.194.0-255,2902,4671,73,176669
19069,4.1e-05,172.31.40.0-255,66,4737,73,176669
19070,5.4e-05,172.217.194.0-255,2902,7639,73,176669
19071,6.6e-05,172.31.40.0-255,66,7705,73,176669
19072,0.000108,172.217.194.0-255,1484,9189,73,176669
19073,0.000112,172.31.40.0-255,66,9255,73,176669
19074,0.000119,172.217.194.0-255,4819,14074,73,176669
19075,0.000122,172.31.40.0-255,66,14140,73,176669
19076,0.00014,172.31.40.0-255,66,14206,73,176669
19077,0.000146,172.217.194.0-255,5379,19585,73,176669
19078,0.000149,172.31.40.0-255,66,19651,73,176669
19079,0.000186,172.217.194.0-255,1484,21135,73,176669
19080,0.000188,172.31.40.0-255,66,21201,73,176669
19081,0.000193,172.217.194.0-255,2902,24103,73,176669
19082,0.000195,172.31.40.0-255,66,24169,73,176669
19083,0.000225,172.217.194.0-255,5738,29907,73,176669
19084,0.000228,172.31.40.0-255,66,29973,73,176669
19085,0.000246,172.217.194.0-255,7156,37129,73,176669
19086,0.000249,172.31.40.0-255,66,37195,73,176669
19087,0.00029,172.217.194.0-255,6797,43992,73,176669
19088,0.000293,172.31.40.0-255,66,44058,73,176669
19089,0.00031,172.31.40.0-255,66,44124,73,176669
19090,0.000313,172.217.194.0-255,98,44222,73,176669
19091,0.000315,172.31.40.0-255,66,44288,73,176669
19092,0.000399,172.217.194.0-255,364,44652,73,176669
19093,0.000403,172.31.40.0-255,66,44718,73,176669
19094,0.000843,172.217.194.0-255,1484,46202,73,176669
19095,0.000851,172.217.194.0-255,2902,49104,73,176669
19096,0.000855,172.31.40.0-255,66,49170,73,176669
19097,0.000863,172.217.194.0-255,5738,54908,73,176669
19098,0.000865,172.31.40.0-255,66,54974,73,176669
19099,0.000901,172.31.40.0-255,66,55040,73,176669
19100,0.000927,172.31.40.0-255,66,55106,73,176669
19101,0.000931,172.217.194.0-255,218,55324,73,176669
19102,0.004258,172.31.40.0-255,66,55390,73,176669
19103,0.006506,172.217.194.0-255,1484,56874,73,176669
19104,0.006519,172.217.194.0-255,2902,59776,73,176669
19105,0.006523,172.31.40.0-255,66,59842,73,176669
19106,0.006529,172.217.194.0-255,1484,61326,73,176669
19107,0.008798,172.217.194.0-255,4320,65646,73,176669
19108,0.008805,172.31.40.0-255,66,65712,73,176669
19109,0.009112,172.31.40.0-255,101,65813,73,176669
19110,0.011095,172.217.194.0-255,5738,71551,73,176669
19111,0.011102,172.31.40.0-255,66,71617,73,176669
19112,0.011313,172.217.194.0-255,66,71683,73,176669
19113,0.013391,172.217.194.0-255,5738,77421,73,176669
19114,0.013399,172.31.40.0-255,66,77487,73,176669
19115,0.015676,172.217.194.0-255,5738,83225,73,176669
19116,0.015686,172.31.40.0-255,66,83291,73,176669
19117,0.017957,172.217.194.0-255,5738,89029,73,176669
19118,0.017967,172.31.40.0-255,66,89095,73,176669
19119,0.020236,172.217.194.0-255,5738,94833,73,176669
19120,0.020245,172.31.40.0-255,66,94899,73,176669
19121,0.022511,172.217.194.0-255,5738,100637,73,176669
19122,0.022528,172.31.40.0-255,66,100703,73,176669
19123,0.02481,172.217.194.0-255,5738,106441,73,176669
19124,0.024818,172.31.40.0-255,66,106507,73,176669
19125,0.025782,172.31.40.0-255,172,106679,73,176669
19126,0.025815,172.31.40.0-255,1114,107793,73,176669
19127,0.025879,172.31.40.0-255,1514,109307,73,176669
19128,0.025881,172.31.40.0-255,1514,110821,73,176669
19129,0.025882,172.31.40.0-255,1514,112335,73,176669
19130,0.025882,172.31.40.0-255,160,112495,73,176669
19131,0.027072,172.217.194.0-255,5738,118233,73,176669
19132,0.02708,172.31.40.0-255,66,118299,73,176669
19133,0.027336,104.244.42.0-255,66,118365,73,176669
19134,0.027388,104.244.42.0-255,66,118431,73,176669
19135,0.027412,104.244.42.0-255,66,118497,73,176669
19136,0.027439,104.244.42.0-255,66,118563,73,176669
19137,0.029387,172.217.194.0-255,5738,124301,73,176669
19138,0.029395,172.31.40.0-255,66,124367,73,176669
19139,0.031643,172.217.194.0-255,5738,130105,73,176669
19140,0.031649,172.31.40.0-255,66,130171,73,176669
19141,0.03391,172.217.194.0-255,5738,135909,73,176669
19142,0.033917,172.31.40.0-255,66,135975,73,176669
19143,0.036234,172.217.194.0-255,5738,141713,73,176669
19144,0.036242,172.31.40.0-255,66,141779,73,176669
19145,0.038517,172.217.194.0-255,5738,147517,73,176669
19146,0.038526,172.31.40.0-255,66,147583,73,176669
19147,0.040774,172.217.194.0-255,5738,153321,73,176669
19148,0.040781,172.31.40.0-255,66,153387,73,176669
19149,0.04307,172.217.194.0-255,5738,159125,73,176669
19150,0.043076,172.31.40.0-255,66,159191,73,176669
19151,0.045356,172.217.194.0-255,5738,164929,73,176669
19152,0.045366,172.31.40.0-255,66,164995,73,176669
19153,0.047668,172.217.194.0-255,5738,170733,73,176669
19154,0.047675,172.31.40.0-255,66,170799,73,176669
19155,0.049924,172.217.194.0-255,4320,175119,73,176669
19156,0.04993,172.31.40.0-255,66,175185,73,176669
19157,0.049959,172.217.194.0-255,1484,176669,73,176669
19158,0.0,74.125.130.0-255,153,153,73,254321
19159,1.5e-05,172.31.40.0-255,66,219,73,254321
19160,5.4e-05,74.125.130.0-255,1484,1703,73,254321
19161,5.9e-05,172.31.40.0-255,66,1769,73,254321
19162,6.5e-05,74.125.130.0-255,2902,4671,73,254321
19163,6.8e-05,172.31.40.0-255,66,4737,73,254321
19164,7.1e-05,74.125.130.0-255,1484,6221,73,254321
19165,7.3e-05,172.31.40.0-255,66,6287,73,254321
19166,7.7e-05,74.125.130.0-255,2902,9189,73,254321
19167,8e-05,172.31.40.0-255,66,9255,73,254321
19168,9.8e-05,74.125.130.0-255,6293,15548,73,254321
19169,0.0001,172.31.40.0-255,66,15614,73,254321
19170,0.000107,74.125.130.0-255,5738,21352,73,254321
19171,0.000109,172.31.40.0-255,66,21418,73,254321
19172,0.000121,74.125.130.0-255,7156,28574,73,254321
19173,0.000124,172.31.40.0-255,66,28640,73,254321
19174,0.000166,172.31.40.0-255,66,28706,73,254321
19175,0.000172,74.125.130.0-255,4320,33026,73,254321
19176,0.000174,172.31.40.0-255,66,33092,73,254321
19177,0.000196,74.125.130.0-255,766,33858,73,254321
19178,0.000198,172.31.40.0-255,66,33924,73,254321
19179,0.000236,172.31.40.0-255,66,33990,73,254321
19180,0.000239,74.125.130.0-255,402,34392,73,254321
19181,0.000241,172.31.40.0-255,66,34458,73,254321
19182,0.000365,74.125.130.0-255,1484,35942,73,254321
19183,0.000369,172.31.40.0-255,66,36008,73,254321
19184,0.000374,74.125.130.0-255,2902,38910,73,254321
19185,0.000377,172.31.40.0-255,66,38976,73,254321
19186,0.00038,74.125.130.0-255,1484,40460,73,254321
19187,0.000387,172.31.40.0-255,66,40526,73,254321
19188,0.000409,74.125.130.0-255,4320,44846,73,254321
19189,0.000411,172.31.40.0-255,66,44912,73,254321
19190,0.000428,172.31.40.0-255,66,44978,73,254321
19191,0.000455,74.125.130.0-255,1484,46462,73,254321
19192,0.000472,74.125.130.0-255,7156,53618,73,254321
19193,0.000475,172.31.40.0-255,66,53684,73,254321
19194,0.000501,74.125.130.0-255,3602,57286,73,254321
19195,0.000503,172.31.40.0-255,66,57352,73,254321
19196,0.00075,74.125.130.0-255,1484,58836,73,254321
19197,0.000768,74.125.130.0-255,2902,61738,73,254321
19198,0.000772,172.31.40.0-255,66,61804,73,254321
19199,0.000779,74.125.130.0-255,5738,67542,73,254321
19200,0.000782,172.31.40.0-255,66,67608,73,254321
19201,0.000812,172.31.40.0-255,66,67674,73,254321
19202,0.000815,74.125.130.0-255,1484,69158,73,254321
19203,0.000858,172.31.40.0-255,66,69224,73,254321
19204,0.000861,74.125.130.0-255,766,69990,73,254321
19205,0.001031,74.125.130.0-255,1484,71474,73,254321
19206,0.001035,172.31.40.0-255,66,71540,73,254321
19207,0.001041,74.125.130.0-255,2902,74442,73,254321
19208,0.001043,172.31.40.0-255,66,74508,73,254321
19209,0.001073,74.125.130.0-255,5738,80246,73,254321
19210,0.001075,172.31.40.0-255,66,80312,73,254321
19211,0.001082,74.125.130.0-255,7156,87468,73,254321
19212,0.001085,172.31.40.0-255,66,87534,73,254321
19213,0.001092,74.125.130.0-255,4320,91854,73,254321
19214,0.001094,172.31.40.0-255,66,91920,73,254321
19215,0.001117,74.125.130.0-255,4320,96240,73,254321
19216,0.00112,172.31.40.0-255,66,96306,73,254321
19217,0.001124,74.125.130.0-255,2902,99208,73,254321
19218,0.001126,172.31.40.0-255,66,99274,73,254321
19219,0.001159,74.125.130.0-255,5020,104294,73,254321
19220,0.001163,172.31.40.0-255,66,104360,73,254321
19221,0.001395,74.125.130.0-255,1484,105844,73,254321
19222,0.001401,74.125.130.0-255,1484,107328,73,254321
19223,0.001404,172.31.40.0-255,66,107394,73,254321
19224,0.001434,74.125.130.0-255,1484,108878,73,254321
19225,0.001441,74.125.130.0-255,5738,114616,73,254321
19226,0.001443,172.31.40.0-255,66,114682,73,254321
19227,0.001449,74.125.130.0-255,4320,119002,73,254321
19228,0.001451,172.31.40.0-255,66,119068,73,254321
19229,0.001457,74.125.130.0-255,5738,124806,73,254321
19230,0.001459,172.31.40.0-255,66,124872,73,254321
19231,0.001492,172.31.40.0-255,66,124938,73,254321
19232,0.00152,74.125.130.0-255,1484,126422,73,254321
19233,0.001525,74.125.130.0-255,2184,128606,73,254321
19234,0.001527,172.31.40.0-255,66,128672,73,254321
19235,0.001611,74.125.130.0-255,1484,130156,73,254321
19236,0.001625,74.125.130.0-255,2902,133058,73,254321
19237,0.001629,172.31.40.0-255,66,133124,73,254321
19238,0.001638,74.125.130.0-255,1484,134608,73,254321
19239,0.001657,74.125.130.0-255,2902,137510,73,254321
19240,0.00166,172.31.40.0-255,66,137576,73,254321
19241,0.001666,74.125.130.0-255,5738,143314,73,254321
19242,0.001668,172.31.40.0-255,66,143380,73,254321
19243,0.00169,74.125.130.0-255,5738,149118,73,254321
19244,0.001692,172.31.40.0-255,66,149184,73,254321
19245,0.001702,74.125.130.0-255,7156,156340,73,254321
19246,0.001705,172.31.40.0-255,66,156406,73,254321
19247,0.001735,74.125.130.0-255,1484,157890,73,254321
19248,0.001776,172.31.40.0-255,66,157956,73,254321
19249,0.001796,172.31.40.0-255,66,158022,73,254321
19250,0.001808,172.31.40.0-255,66,158088,73,254321
19251,0.001836,74.125.130.0-255,1484,159572,73,254321
19252,0.001863,74.125.130.0-255,2902,162474,73,254321
19253,0.001866,172.31.40.0-255,66,162540,73,254321
19254,0.00187,74.125.130.0-255,1484,164024,73,254321
19255,0.001886,74.125.130.0-255,4320,168344,73,254321
19256,0.001889,172.31.40.0-255,66,168410,73,254321
19257,0.00192,74.125.130.0-255,7156,175566,73,254321
19258,0.001924,172.31.40.0-255,66,175632,73,254321
19259,0.001936,172.31.40.0-255,66,175698,73,254321
19260,0.001963,74.125.130.0-255,5738,181436,73,254321
19261,0.001966,172.31.40.0-255,66,181502,73,254321
19262,0.001971,74.125.130.0-255,2184,183686,73,254321
19263,0.001973,172.31.40.0-255,66,183752,73,254321
19264,0.002081,74.125.130.0-255,1484,185236,73,254321
19265,0.002086,74.125.130.0-255,2902,188138,73,254321
19266,0.002089,172.31.40.0-255,66,188204,73,254321
19267,0.002122,74.125.130.0-255,5738,193942,73,254321
19268,0.002125,172.31.40.0-255,66,194008,73,254321
19269,0.002163,74.125.130.0-255,7156,201164,73,254321
19270,0.002166,172.31.40.0-255,66,201230,73,254321
19271,0.002194,74.125.130.0-255,5738,206968,73,254321
19272,0.002197,172.31.40.0-255,66,207034,73,254321
19273,0.002208,172.31.40.0-255,66,207100,73,254321
19274,0.002213,74.125.130.0-255,4320,211420,73,254321
19275,0.002216,172.31.40.0-255,66,211486,73,254321
19276,0.002258,172.31.40.0-255,66,211552,73,254321
19277,0.002265,74.125.130.0-255,7156,218708,73,254321
19278,0.002268,172.31.40.0-255,66,218774,73,254321
19279,0.002313,74.125.130.0-255,5020,223794,73,254321
19280,0.002316,172.31.40.0-255,66,223860,73,254321
19281,0.00233,172.31.40.0-255,66,223926,73,254321
19282,0.002343,172.31.40.0-255,66,223992,73,254321
19283,0.00235,74.125.130.0-255,7156,231148,73,254321
19284,0.002352,172.31.40.0-255,66,231214,73,254321
19285,0.002356,74.125.130.0-255,2184,233398,73,254321
19286,0.002358,172.31.40.0-255,66,233464,73,254321
19287,0.004666,74.125.130.0-255,5738,239202,73,254321
19288,0.004673,172.31.40.0-255,66,239268,73,254321
19289,0.006985,74.125.130.0-255,4320,243588,73,254321
19290,0.006992,172.31.40.0-255,66,243654,73,254321
19291,0.007019,74.125.130.0-255,1484,245138,73,254321
19292,0.009299,74.125.130.0-255,2694,247832,73,254321
19293,0.009304,172.31.40.0-255,66,247898,73,254321
19294,0.012032,172.31.40.0-255,105,248003,73,254321
19295,0.014311,74.125.130.0-255,66,248069,73,254321
19296,0.032524,172.31.40.0-255,172,248241,73,254321
19297,0.032553,172.31.40.0-255,1114,249355,73,254321
19298,0.032607,172.31.40.0-255,1514,250869,73,254321
19299,0.032609,172.31.40.0-255,1514,252383,73,254321
19300,0.032613,172.31.40.0-255,1514,253897,73,254321
19301,0.032614,172.31.40.0-255,160,254057,73,254321
19302,0.034083,104.244.42.0-255,66,254123,73,254321
19303,0.034094,104.244.42.0-255,66,254189,73,254321
19304,0.034179,104.244.42.0-255,66,254255,73,254321
19305,0.034183,104.244.42.0-255,66,254321,73,254321
19306,0.0,74.125.24.0-255,153,153,73,257931
19307,2.4e-05,172.31.40.0-255,66,219,73,257931
19308,3.1e-05,74.125.24.0-255,1484,1703,73,257931
19309,3.6e-05,172.31.40.0-255,66,1769,73,257931
19310,5.2e-05,74.125.24.0-255,2902,4671,73,257931
19311,5.6e-05,172.31.40.0-255,66,4737,73,257931
19312,6.4e-05,74.125.24.0-255,7156,11893,73,257931
19313,6.6e-05,172.31.40.0-255,66,11959,73,257931
19314,7e-05,74.125.24.0-255,2101,14060,73,257931
19315,7.4e-05,172.31.40.0-255,66,14126,73,257931
19316,0.000109,74.125.24.0-255,1484,15610,73,257931
19317,0.000112,172.31.40.0-255,66,15676,73,257931
19318,0.000117,74.125.24.0-255,2902,18578,73,257931
19319,0.000119,172.31.40.0-255,66,18644,73,257931
19320,0.000131,74.125.24.0-255,5738,24382,73,257931
19321,0.000134,172.31.40.0-255,66,24448,73,257931
19322,0.000141,74.125.24.0-255,6797,31245,73,257931
19323,0.000144,172.31.40.0-255,66,31311,73,257931
19324,0.00025,74.125.24.0-255,1484,32795,73,257931
19325,0.000253,172.31.40.0-255,66,32861,73,257931
19326,0.000258,74.125.24.0-255,1484,34345,73,257931
19327,0.000261,172.31.40.0-255,66,34411,73,257931
19328,0.000292,74.125.24.0-255,1484,35895,73,257931
19329,0.000294,172.31.40.0-255,66,35961,73,257931
19330,0.000302,74.125.24.0-255,5738,41699,73,257931
19331,0.000304,172.31.40.0-255,66,41765,73,257931
19332,0.000317,74.125.24.0-255,6797,48562,73,257931
19333,0.000319,172.31.40.0-255,66,48628,73,257931
19334,0.000326,74.125.24.0-255,7156,55784,73,257931
19335,0.000328,172.31.40.0-255,66,55850,73,257931
19336,0.000363,172.31.40.0-255,66,55916,73,257931
19337,0.000366,74.125.24.0-255,110,56026,73,257931
19338,0.000432,74.125.24.0-255,333,56359,73,257931
19339,0.000788,74.125.24.0-255,1484,57843,73,257931
19340,0.000795,74.125.24.0-255,2902,60745,73,257931
19341,0.000833,74.125.24.0-255,5738,66483,73,257931
19342,0.000849,74.125.24.0-255,4320,70803,73,257931
19343,0.000871,74.125.24.0-255,6438,77241,73,257931
19344,0.000879,172.31.40.0-255,66,77307,73,257931
19345,0.001002,74.125.24.0-255,1484,78791,73,257931
19346,0.001007,74.125.24.0-255,2902,81693,73,257931
19347,0.001009,74.125.24.0-255,1484,83177,73,257931
19348,0.001022,74.125.24.0-255,4320,87497,73,257931
19349,0.001028,172.31.40.0-255,66,87563,73,257931
19350,0.001057,74.125.24.0-255,5738,93301,73,257931
19351,0.001072,74.125.24.0-255,1484,94785,73,257931
19352,0.001079,172.31.40.0-255,66,94851,73,257931
19353,0.001096,74.125.24.0-255,3602,98453,73,257931
19354,0.001102,172.31.40.0-255,66,98519,73,257931
19355,0.001419,74.125.24.0-255,1484,100003,73,257931
19356,0.001427,74.125.24.0-255,2902,102905,73,257931
19357,0.001431,172.31.40.0-255,66,102971,73,257931
19358,0.001438,74.125.24.0-255,5738,108709,73,257931
19359,0.001484,74.125.24.0-255,5738,114447,73,257931
19360,0.001499,74.125.24.0-255,1484,115931,73,257931
19361,0.001517,74.125.24.0-255,3602,119533,73,257931
19362,0.001528,172.31.40.0-255,66,119599,73,257931
19363,0.001762,74.125.24.0-255,1484,121083,73,257931
19364,0.001769,74.125.24.0-255,2902,123985,73,257931
19365,0.001772,172.31.40.0-255,66,124051,73,257931
19366,0.001779,74.125.24.0-255,5738,129789,73,257931
19367,0.001802,172.31.40.0-255,66,129855,73,257931
19368,0.001812,74.125.24.0-255,4320,134175,73,257931
19369,0.001824,172.31.40.0-255,66,134241,73,257931
19370,0.00186,74.125.24.0-255,5738,139979,73,257931
19371,0.001867,74.125.24.0-255,5020,144999,73,257931
19372,0.001882,172.31.40.0-255,66,145065,73,257931
19373,0.002154,74.125.24.0-255,1484,146549,73,257931
19374,0.002159,74.125.24.0-255,1484,148033,73,257931
19375,0.002162,172.31.40.0-255,66,148099,73,257931
19376,0.002192,74.125.24.0-255,1484,149583,73,257931
19377,0.0022,74.125.24.0-255,5738,155321,73,257931
19378,0.00222,172.31.40.0-255,66,155387,73,257931
19379,0.00225,74.125.24.0-255,5738,161125,73,257931
19380,0.002258,172.31.40.0-255,66,161191,73,257931
19381,0.002321,172.31.40.0-255,66,161257,73,257931
19382,0.00235,74.125.24.0-255,4320,165577,73,257931
19383,0.009428,172.31.40.0-255,66,165643,73,257931
19384,0.011815,74.125.24.0-255,5738,171381,73,257931
19385,0.011831,172.31.40.0-255,66,171447,73,257931
19386,0.014205,74.125.24.0-255,5738,177185,73,257931
19387,0.016501,172.31.40.0-255,66,177251,73,257931
19388,0.018881,74.125.24.0-255,5738,182989,73,257931
19389,0.018891,172.31.40.0-255,66,183055,73,257931
19390,0.021292,74.125.24.0-255,5738,188793,73,257931
19391,0.021301,172.31.40.0-255,66,188859,73,257931
19392,0.023642,74.125.24.0-255,5738,194597,73,257931
19393,0.025455,172.31.40.0-255,66,194663,73,257931
19394,0.027805,74.125.24.0-255,5738,200401,73,257931
19395,0.027816,172.31.40.0-255,66,200467,73,257931
19396,0.030202,74.125.24.0-255,5738,206205,73,257931
19397,0.03021,172.31.40.0-255,66,206271,73,257931
19398,0.032605,74.125.24.0-255,5738,212009,73,257931
19399,0.03262,172.31.40.0-255,66,212075,73,257931
19400,0.03501,74.125.24.0-255,5738,217813,73,257931
19401,0.035018,172.31.40.0-255,66,217879,73,257931
19402,0.037456,74.125.24.0-255,5738,223617,73,257931
19403,0.037474,172.31.40.0-255,66,223683,73,257931
19404,0.039854,74.125.24.0-255,5738,229421,73,257931
19405,0.039863,172.31.40.0-255,66,229487,73,257931
19406,0.042251,74.125.24.0-255,5738,235225,73,257931
19407,0.04227,172.31.40.0-255,66,235291,73,257931
19408,0.044398,172.31.40.0-255,172,235463,73,257931
19409,0.04443,172.31.40.0-255,1116,236579,73,257931
19410,0.044499,172.31.40.0-255,1514,238093,73,257931
19411,0.044501,172.31.40.0-255,1514,239607,73,257931
19412,0.044526,172.31.40.0-255,648,240255,73,257931
19413,0.044645,74.125.24.0-255,5738,245993,73,257931
19414,0.044651,172.31.40.0-255,66,246059,73,257931
19415,0.04595,104.244.42.0-255,66,246125,73,257931
19416,0.045959,104.244.42.0-255,66,246191,73,257931
19417,0.046065,104.244.42.0-255,66,246257,73,257931
19418,0.04607,104.244.42.0-255,66,246323,73,257931
19419,0.047,74.125.24.0-255,5738,252061,73,257931
19420,0.047011,172.31.40.0-255,66,252127,73,257931
19421,0.049422,74.125.24.0-255,5738,257865,73,257931
19422,0.049441,172.31.40.0-255,66,257931,73,257931
19423,0.0,172.217.194.0-255,153,153,73,171649
19424,2e-05,172.31.40.0-255,66,219,73,171649
19425,2.7e-05,172.217.194.0-255,1484,1703,73,171649
19426,3.2e-05,172.31.40.0-255,66,1769,73,171649
19427,3.8e-05,172.217.194.0-255,2902,4671,73,171649
19428,4.3e-05,172.31.40.0-255,66,4737,73,171649
19429,5.8e-05,172.217.194.0-255,7156,11893,73,171649
19430,6.1e-05,172.31.40.0-255,66,11959,73,171649
19431,6.5e-05,172.217.194.0-255,2040,13999,73,171649
19432,6.9e-05,172.31.40.0-255,66,14065,73,171649
19433,7.3e-05,172.217.194.0-255,1484,15549,73,171649
19434,7.5e-05,172.31.40.0-255,66,15615,73,171649
19435,0.000169,172.217.194.0-255,1484,17099,73,171649
19436,0.000173,172.31.40.0-255,66,17165,73,171649
19437,0.000182,172.217.194.0-255,7156,24321,73,171649
19438,0.000185,172.31.40.0-255,66,24387,73,171649
19439,0.000192,172.217.194.0-255,6797,31184,73,171649
19440,0.000195,172.31.40.0-255,66,31250,73,171649
19441,0.000198,172.217.194.0-255,1484,32734,73,171649
19442,0.0002,172.31.40.0-255,66,32800,73,171649
19443,0.000206,172.217.194.0-255,2902,35702,73,171649
19444,0.000209,172.31.40.0-255,66,35768,73,171649
19445,0.000299,172.217.194.0-255,5738,41506,73,171649
19446,0.000304,172.31.40.0-255,66,41572,73,171649
19447,0.000313,172.217.194.0-255,6797,48369,73,171649
19448,0.000315,172.31.40.0-255,66,48435,73,171649
19449,0.000322,172.217.194.0-255,7156,55591,73,171649
19450,0.000325,172.31.40.0-255,66,55657,73,171649
19451,0.000338,172.31.40.0-255,66,55723,73,171649
19452,0.00034,172.217.194.0-255,98,55821,73,171649
19453,0.000343,172.31.40.0-255,66,55887,73,171649
19454,0.0006,172.217.194.0-255,368,56255,73,171649
19455,0.000824,172.217.194.0-255,1484,57739,73,171649
19456,0.00083,172.31.40.0-255,66,57805,73,171649
19457,0.00085,172.217.194.0-255,2902,60707,73,171649
19458,0.000852,172.31.40.0-255,66,60773,73,171649
19459,0.000857,172.217.194.0-255,2902,63675,73,171649
19460,0.000859,172.31.40.0-255,66,63741,73,171649
19461,0.000881,172.217.194.0-255,2902,66643,73,171649
19462,0.000883,172.31.40.0-255,66,66709,73,171649
19463,0.000891,172.217.194.0-255,7156,73865,73,171649
19464,0.000897,172.31.40.0-255,66,73931,73,171649
19465,0.000921,172.217.194.0-255,2902,76833,73,171649
19466,0.000923,172.31.40.0-255,66,76899,73,171649
19467,0.000936,172.31.40.0-255,66,76965,73,171649
19468,0.000966,172.217.194.0-255,3602,80567,73,171649
19469,0.000968,172.31.40.0-255,66,80633,73,171649
19470,0.001186,172.217.194.0-255,1484,82117,73,171649
19471,0.001193,172.217.194.0-255,2902,85019,73,171649
19472,0.001197,172.31.40.0-255,66,85085,73,171649
19473,0.001204,172.217.194.0-255,5738,90823,73,171649
19474,0.001206,172.31.40.0-255,66,90889,73,171649
19475,0.001231,172.31.40.0-255,66,90955,73,171649
19476,0.001277,172.217.194.0-255,2902,93857,73,171649
19477,0.00128,172.31.40.0-255,66,93923,73,171649
19478,0.00132,172.31.40.0-255,66,93989,73,171649
19479,0.001624,172.217.194.0-255,1484,95473,73,171649
19480,0.001631,172.217.194.0-255,2902,98375,73,171649
19481,0.001637,172.31.40.0-255,66,98441,73,171649
19482,0.001643,172.217.194.0-255,2902,101343,73,171649
19483,0.001645,172.31.40.0-255,66,101409,73,171649
19484,0.001674,172.217.194.0-255,2902,104311,73,171649
19485,0.001676,172.31.40.0-255,66,104377,73,171649
19486,0.00169,172.31.40.0-255,66,104443,73,171649
19487,0.001702,172.217.194.0-255,7156,111599,73,171649
19488,0.001705,172.31.40.0-255,66,111665,73,171649
19489,0.00175,172.217.194.0-255,3602,115267,73,171649
19490,0.001753,172.31.40.0-255,66,115333,73,171649
19491,0.001792,172.217.194.0-255,1484,116817,73,171649
19492,0.001825,172.217.194.0-255,2902,119719,73,171649
19493,0.001829,172.31.40.0-255,66,119785,73,171649
19494,0.001856,172.217.194.0-255,5738,125523,73,171649
19495,0.001859,172.31.40.0-255,66,125589,73,171649
19496,0.00187,172.31.40.0-255,66,125655,73,171649
19497,0.001903,172.217.194.0-255,1484,127139,73,171649
19498,0.001916,172.31.40.0-255,66,127205,73,171649
19499,0.001921,172.217.194.0-255,2184,129389,73,171649
19500,0.001923,172.31.40.0-255,66,129455,73,171649
19501,0.001961,172.217.194.0-255,1484,130939,73,171649
19502,0.001966,172.217.194.0-255,2902,133841,73,171649
19503,0.001968,172.31.40.0-255,66,133907,73,171649
19504,0.001972,172.217.194.0-255,1484,135391,73,171649
19505,0.002001,172.217.194.0-255,4320,139711,73,171649
19506,0.002004,172.31.40.0-255,66,139777,73,171649
19507,0.002015,172.31.40.0-255,66,139843,73,171649
19508,0.002046,172.217.194.0-255,2902,142745,73,171649
19509,0.002049,172.31.40.0-255,66,142811,73,171649
19510,0.002065,172.31.40.0-255,66,142877,73,171649
19511,0.002104,172.217.194.0-255,6438,149315,73,171649
19512,0.002107,172.31.40.0-255,66,149381,73,171649
19513,0.00211,172.217.194.0-255,1484,150865,73,171649
19514,0.002138,172.31.40.0-255,66,150931,73,171649
19515,0.002154,172.31.40.0-255,66,150997,73,171649
19516,0.002192,172.217.194.0-255,1484,152481,73,171649
19517,0.00223,172.31.40.0-255,66,152547,73,171649
19518,0.002243,172.31.40.0-255,66,152613,73,171649
19519,0.002257,172.31.40.0-255,66,152679,73,171649
19520,0.002269,172.31.40.0-255,66,152745,73,171649
19521,0.002318,172.217.194.0-255,1484,154229,73,171649
19522,0.002322,172.217.194.0-255,1484,155713,73,171649
19523,0.002324,172.31.40.0-255,66,155779,73,171649
19524,0.002364,172.217.194.0-255,1484,157263,73,171649
19525,0.00237,172.217.194.0-255,5738,163001,73,171649
19526,0.002373,172.31.40.0-255,66,163067,73,171649
19527,0.002386,172.31.40.0-255,66,163133,73,171649
19528,0.002444,172.31.40.0-255,66,163199,73,171649
19529,0.002458,172.31.40.0-255,66,163265,73,171649
19530,0.002485,172.217.194.0-255,1484,164749,73,171649
19531,0.002505,172.31.40.0-255,66,164815,73,171649
19532,0.002544,172.31.40.0-255,66,164881,73,171649
19533,0.002547,172.217.194.0-255,105,164986,73,171649
19534,0.008575,172.31.40.0-255,66,165052,73,171649
19535,0.00861,172.31.40.0-255,105,165157,73,171649
19536,0.01113,172.217.194.0-255,66,165223,73,171649
19537,0.033469,172.31.40.0-255,172,165395,73,171649
19538,0.033508,172.31.40.0-255,1115,166510,73,171649
19539,0.033573,172.31.40.0-255,1514,168024,73,171649
19540,0.033576,172.31.40.0-255,1514,169538,73,171649
19541,0.033577,172.31.40.0-255,1514,171052,73,171649
19542,0.033604,172.31.40.0-255,159,171211,73,171649
19543,0.035002,104.244.42.0-255,66,171277,73,171649
19544,0.035014,104.244.42.0-255,66,171343,73,171649
19545,0.035113,104.244.42.0-255,66,171409,73,171649
19546,0.035116,104.244.42.0-255,66,171475,73,171649
19547,0.03575,104.244.42.0-255,108,171583,73,171649
19548,0.035759,172.31.40.0-255,66,171649,73,171649
19549,0.0,74.125.200.0-255,152,152,73,246968
19550,2.5e-05,172.31.40.0-255,66,218,73,246968
19551,3.2e-05,74.125.200.0-255,1484,1702,73,246968
19552,3.6e-05,172.31.40.0-255,66,1768,73,246968
19553,5.3e-05,74.125.200.0-255,2902,4670,73,246968
19554,5.6e-05,172.31.40.0-255,66,4736,73,246968
19555,6.2e-05,74.125.200.0-255,4320,9056,73,246968
19556,6.5e-05,172.31.40.0-255,66,9122,73,246968
19557,0.000101,74.125.200.0-255,4908,14030,73,246968
19558,0.000104,172.31.40.0-255,66,14096,73,246968
19559,0.000372,74.125.200.0-255,1484,15580,73,246968
19560,0.000378,172.31.40.0-255,66,15646,73,246968
19561,0.000385,74.125.200.0-255,2902,18548,73,246968
19562,0.000387,172.31.40.0-255,66,18614,73,246968
19563,0.000391,74.125.200.0-255,1484,20098,73,246968
19564,0.000398,172.31.40.0-255,66,20164,73,246968
19565,0.00041,74.125.200.0-255,1484,21648,73,246968
19566,0.000413,172.31.40.0-255,66,21714,73,246968
19567,0.000419,74.125.200.0-255,4320,26034,73,246968
19568,0.000427,172.31.40.0-255,66,26100,73,246968
19569,0.000456,74.125.200.0-255,5379,31479,73,246968
19570,0.000459,172.31.40.0-255,66,31545,73,246968
19571,0.000678,74.125.200.0-255,1484,33029,73,246968
19572,0.000684,172.31.40.0-255,66,33095,73,246968
19573,0.000691,74.125.200.0-255,2902,35997,73,246968
19574,0.000693,172.31.40.0-255,66,36063,73,246968
19575,0.000704,74.125.200.0-255,5738,41801,73,246968
19576,0.000708,172.31.40.0-255,66,41867,73,246968
19577,0.000739,74.125.200.0-255,6797,48664,73,246968
19578,0.000746,172.31.40.0-255,66,48730,73,246968
19579,0.000752,74.125.200.0-255,4320,53050,73,246968
19580,0.000755,172.31.40.0-255,66,53116,73,246968
19581,0.000759,74.125.200.0-255,2902,56018,73,246968
19582,0.000761,172.31.40.0-255,66,56084,73,246968
19583,0.000785,74.125.200.0-255,2902,58986,73,246968
19584,0.000792,172.31.40.0-255,66,59052,73,246968
19585,0.000823,74.125.200.0-255,6797,65849,73,246968
19586,0.000827,172.31.40.0-255,66,65915,73,246968
19587,0.000889,74.125.200.0-255,412,66327,73,246968
19588,0.001011,74.125.200.0-255,331,66658,73,246968
19589,0.001196,74.125.200.0-255,1484,68142,73,246968
19590,0.001202,172.31.40.0-255,66,68208,73,246968
19591,0.001208,74.125.200.0-255,2902,71110,73,246968
19592,0.001211,172.31.40.0-255,66,71176,73,246968
19593,0.00124,74.125.200.0-255,5738,76914,73,246968
19594,0.001244,172.31.40.0-255,66,76980,73,246968
19595,0.001284,172.31.40.0-255,66,77046,73,246968
19596,0.001313,74.125.200.0-255,7156,84202,73,246968
19597,0.001316,172.31.40.0-255,66,84268,73,246968
19598,0.001344,74.125.200.0-255,3602,87870,73,246968
19599,0.001346,172.31.40.0-255,66,87936,73,246968
19600,0.001718,74.125.200.0-255,1484,89420,73,246968
19601,0.001724,74.125.200.0-255,1484,90904,73,246968
19602,0.001728,172.31.40.0-255,66,90970,73,246968
19603,0.001734,74.125.200.0-255,2902,93872,73,246968
19604,0.001737,172.31.40.0-255,66,93938,73,246968
19605,0.001791,74.125.200.0-255,5738,99676,73,246968
19606,0.001795,172.31.40.0-255,66,99742,73,246968
19607,0.001798,74.125.200.0-255,1484,101226,73,246968
19608,0.001809,172.31.40.0-255,66,101292,73,246968
19609,0.001812,74.125.200.0-255,1484,102776,73,246968
19610,0.001852,172.31.40.0-255,66,102842,73,246968
19611,0.001877,74.125.200.0-255,2184,105026,73,246968
19612,0.00188,172.31.40.0-255,66,105092,73,246968
19613,0.002148,74.125.200.0-255,1484,106576,73,246968
19614,0.002163,74.125.200.0-255,1484,108060,73,246968
19615,0.002166,172.31.40.0-255,66,108126,73,246968
19616,0.002196,74.125.200.0-255,2902,111028,73,246968
19617,0.002199,172.31.40.0-255,66,111094,73,246968
19618,0.002205,74.125.200.0-255,5738,116832,73,246968
19619,0.002208,172.31.40.0-255,66,116898,73,246968
19620,0.002211,74.125.200.0-255,1484,118382,73,246968
19621,0.002234,74.125.200.0-255,1484,119866,73,246968
19622,0.002237,172.31.40.0-255,66,119932,73,246968
19623,0.002242,74.125.200.0-255,4320,124252,73,246968
19624,0.002245,172.31.40.0-255,66,124318,73,246968
19625,0.002273,172.31.40.0-255,66,124384,73,246968
19626,0.00228,74.125.200.0-255,6438,130822,73,246968
19627,0.002281,172.31.40.0-255,66,130888,73,246968
19628,0.004583,74.125.200.0-255,5738,136626,73,246968
19629,0.00459,172.31.40.0-255,66,136692,73,246968
19630,0.006897,74.125.200.0-255,5738,142430,73,246968
19631,0.006903,172.31.40.0-255,66,142496,73,246968
19632,0.009205,74.125.200.0-255,5738,148234,73,246968
19633,0.009212,172.31.40.0-255,66,148300,73,246968
19634,0.011522,74.125.200.0-255,5738,154038,73,246968
19635,0.011529,172.31.40.0-255,66,154104,73,246968
19636,0.013838,74.125.200.0-255,5738,159842,73,246968
19637,0.013848,172.31.40.0-255,66,159908,73,246968
19638,0.016155,74.125.200.0-255,5738,165646,73,246968
19639,0.016165,172.31.40.0-255,66,165712,73,246968
19640,0.018485,74.125.200.0-255,5738,171450,73,246968
19641,0.018499,172.31.40.0-255,66,171516,73,246968
19642,0.020814,74.125.200.0-255,5738,177254,73,246968
19643,0.020825,172.31.40.0-255,66,177320,73,246968
19644,0.023126,74.125.200.0-255,5738,183058,73,246968
19645,0.023133,172.31.40.0-255,66,183124,73,246968
19646,0.025442,74.125.200.0-255,5738,188862,73,246968
19647,0.025452,172.31.40.0-255,66,188928,73,246968
19648,0.027782,74.125.200.0-255,5738,194666,73,246968
19649,0.027797,172.31.40.0-255,66,194732,73,246968
19650,0.030106,74.125.200.0-255,5738,200470,73,246968
19651,0.030117,172.31.40.0-255,66,200536,73,246968
19652,0.032436,74.125.200.0-255,5738,206274,73,246968
19653,0.032446,172.31.40.0-255,66,206340,73,246968
19654,0.034749,74.125.200.0-255,5738,212078,73,246968
19655,0.034758,172.31.40.0-255,66,212144,73,246968
19656,0.037059,74.125.200.0-255,5738,217882,73,246968
19657,0.037068,172.31.40.0-255,66,217948,73,246968
19658,0.039386,74.125.200.0-255,5738,223686,73,246968
19659,0.039405,172.31.40.0-255,66,223752,73,246968
19660,0.041727,74.125.200.0-255,5738,229490,73,246968
19661,0.041769,172.31.40.0-255,66,229556,73,246968
19662,0.044102,74.125.200.0-255,5738,235294,73,246968
19663,0.04412,172.31.40.0-255,66,235360,73,246968
19664,0.046436,74.125.200.0-255,5738,241098,73,246968
19665,0.046453,172.31.40.0-255,66,241164,73,246968
19666,0.048763,74.125.200.0-255,5738,246902,73,246968
19667,0.048773,172.31.40.0-255,66,246968,73,246968
19668,0.0,172.217.194.0-255,148,148,73,236175
19669,2.2e-05,172.31.40.0-255,66,214,73,236175
19670,3e-05,172.217.194.0-255,1484,1698,73,236175
19671,3.5e-05,172.31.40.0-255,66,1764,73,236175
19672,4.1e-05,172.217.194.0-255,2902,4666,73,236175
19673,4.5e-05,172.31.40.0-255,66,4732,73,236175
19674,5.3e-05,172.217.194.0-255,7156,11888,73,236175
19675,5.6e-05,172.31.40.0-255,66,11954,73,236175
19676,6e-05,172.217.194.0-255,2017,13971,73,236175
19677,6.3e-05,172.31.40.0-255,66,14037,73,236175
19678,7.6e-05,172.31.40.0-255,66,14103,73,236175
19679,0.000101,172.217.194.0-255,2902,17005,73,236175
19680,0.000103,172.31.40.0-255,66,17071,73,236175
19681,0.000109,172.217.194.0-255,5379,22450,73,236175
19682,0.000112,172.31.40.0-255,66,22516,73,236175
19683,0.000152,172.217.194.0-255,2902,25418,73,236175
19684,0.000156,172.31.40.0-255,66,25484,73,236175
19685,0.000161,172.217.194.0-255,4320,29804,73,236175
19686,0.000163,172.31.40.0-255,66,29870,73,236175
19687,0.000195,172.31.40.0-255,66,29936,73,236175
19688,0.000222,172.31.40.0-255,66,30002,73,236175
19689,0.000251,172.31.40.0-255,66,30068,73,236175
19690,0.000253,172.217.194.0-255,113,30181,73,236175
19691,0.000256,172.31.40.0-255,66,30247,73,236175
19692,0.000259,172.217.194.0-255,381,30628,73,236175
19693,0.000261,172.31.40.0-255,66,30694,73,236175
19694,0.000396,172.217.194.0-255,1484,32178,73,236175
19695,0.0004,172.31.40.0-255,66,32244,73,236175
19696,0.000405,172.217.194.0-255,1484,33728,73,236175
19697,0.000423,172.217.194.0-255,1484,35212,73,236175
19698,0.000425,172.31.40.0-255,66,35278,73,236175
19699,0.000433,172.217.194.0-255,5738,41016,73,236175
19700,0.000436,172.31.40.0-255,66,41082,73,236175
19701,0.000479,172.31.40.0-255,66,41148,73,236175
19702,0.000484,172.217.194.0-255,4320,45468,73,236175
19703,0.000486,172.31.40.0-255,66,45534,73,236175
19704,0.000502,172.217.194.0-255,5738,51272,73,236175
19705,0.000505,172.31.40.0-255,66,51338,73,236175
19706,0.00051,172.217.194.0-255,3961,55299,73,236175
19707,0.000512,172.31.40.0-255,66,55365,73,236175
19708,0.000824,172.217.194.0-255,1484,56849,73,236175
19709,0.000833,172.217.194.0-255,2902,59751,73,236175
19710,0.000838,172.31.40.0-255,66,59817,73,236175
19711,0.000846,172.217.194.0-255,5738,65555,73,236175
19712,0.000848,172.31.40.0-255,66,65621,73,236175
19713,0.000853,172.217.194.0-255,2902,68523,73,236175
19714,0.000856,172.31.40.0-255,66,68589,73,236175
19715,0.000893,172.31.40.0-255,66,68655,73,236175
19716,0.000907,172.31.40.0-255,66,68721,73,236175
19717,0.000964,172.217.194.0-255,1484,70205,73,236175
19718,0.000977,172.217.194.0-255,2902,73107,73,236175
19719,0.00098,172.31.40.0-255,66,73173,73,236175
19720,0.000985,172.217.194.0-255,2902,76075,73,236175
19721,0.000987,172.31.40.0-255,66,76141,73,236175
19722,0.001007,172.217.194.0-255,2902,79043,73,236175
19723,0.00101,172.31.40.0-255,66,79109,73,236175
19724,0.001024,172.31.40.0-255,66,79175,73,236175
19725,0.001031,172.217.194.0-255,5738,84913,73,236175
19726,0.001033,172.31.40.0-255,66,84979,73,236175
19727,0.00105,172.217.194.0-255,5020,89999,73,236175
19728,0.001052,172.31.40.0-255,66,90065,73,236175
19729,0.001222,172.217.194.0-255,1484,91549,73,236175
19730,0.001229,172.217.194.0-255,2902,94451,73,236175
19731,0.001233,172.31.40.0-255,66,94517,73,236175
19732,0.00124,172.217.194.0-255,5738,100255,73,236175
19733,0.001243,172.31.40.0-255,66,100321,73,236175
19734,0.001282,172.31.40.0-255,66,100387,73,236175
19735,0.001294,172.31.40.0-255,66,100453,73,236175
19736,0.001312,172.217.194.0-255,766,101219,73,236175
19737,0.001328,172.217.194.0-255,4320,105539,73,236175
19738,0.00133,172.31.40.0-255,66,105605,73,236175
19739,0.001351,172.31.40.0-255,66,105671,73,236175
19740,0.001364,172.31.40.0-255,66,105737,73,236175
19741,0.001383,172.217.194.0-255,4320,110057,73,236175
19742,0.001385,172.31.40.0-255,66,110123,73,236175
19743,0.001393,172.217.194.0-255,6438,116561,73,236175
19744,0.001396,172.31.40.0-255,66,116627,73,236175
19745,0.001422,172.217.194.0-255,2902,119529,73,236175
19746,0.001424,172.31.40.0-255,66,119595,73,236175
19747,0.001443,172.217.194.0-255,1484,121079,73,236175
19748,0.00145,172.217.194.0-255,5738,126817,73,236175
19749,0.001452,172.31.40.0-255,66,126883,73,236175
19750,0.001494,172.217.194.0-255,2902,129785,73,236175
19751,0.001496,172.31.40.0-255,66,129851,73,236175
19752,0.001529,172.31.40.0-255,66,129917,73,236175
19753,0.001543,172.31.40.0-255,66,129983,73,236175
19754,0.001577,172.217.194.0-255,1484,131467,73,236175
19755,0.001583,172.217.194.0-255,2902,134369,73,236175
19756,0.001585,172.31.40.0-255,66,134435,73,236175
19757,0.001608,172.217.194.0-255,5738,140173,73,236175
19758,0.001611,172.31.40.0-255,66,140239,73,236175
19759,0.001642,172.31.40.0-255,66,140305,73,236175
19760,0.001648,172.217.194.0-255,4320,144625,73,236175
19761,0.001651,172.31.40.0-255,66,144691,73,236175
19762,0.001669,172.217.194.0-255,4320,149011,73,236175
19763,0.001672,172.31.40.0-255,66,149077,73,236175
19764,0.001682,172.217.194.0-255,1484,150561,73,236175
19765,0.001696,172.217.194.0-255,766,151327,73,236175
19766,0.001699,172.31.40.0-255,66,151393,73,236175
19767,0.001718,172.217.194.0-255,2902,154295,73,236175
19768,0.001722,172.31.40.0-255,66,154361,73,236175
19769,0.001729,172.217.194.0-255,5738,160099,73,236175
19770,0.001731,172.31.40.0-255,66,160165,73,236175
19771,0.001747,172.217.194.0-255,1484,161649,73,236175
19772,0.001756,172.217.194.0-255,7156,168805,73,236175
19773,0.001759,172.31.40.0-255,66,168871,73,236175
19774,0.001762,172.217.194.0-255,1484,170355,73,236175
19775,0.001794,172.31.40.0-255,66,170421,73,236175
19776,0.001797,172.217.194.0-255,766,171187,73,236175
19777,0.0018,172.217.194.0-255,1484,172671,73,236175
19778,0.001802,172.31.40.0-255,66,172737,73,236175
19779,0.001805,172.217.194.0-255,1484,174221,73,236175
19780,0.001828,172.217.194.0-255,2902,177123,73,236175
19781,0.001831,172.31.40.0-255,66,177189,73,236175
19782,0.001843,172.31.40.0-255,66,177255,73,236175
19783,0.001849,172.217.194.0-255,4320,181575,73,236175
19784,0.001851,172.31.40.0-255,66,181641,73,236175
19785,0.001883,172.217.194.0-255,7156,188797,73,236175
19786,0.001886,172.31.40.0-255,66,188863,73,236175
19787,0.001906,172.217.194.0-255,4320,193183,73,236175
19788,0.001909,172.31.40.0-255,66,193249,73,236175
19789,0.001931,172.217.194.0-255,2184,195433,73,236175
19790,0.001934,172.31.40.0-255,66,195499,73,236175
19791,0.00194,172.217.194.0-255,7156,202655,73,236175
19792,0.001943,172.31.40.0-255,66,202721,73,236175
19793,0.001952,172.31.40.0-255,66,202787,73,236175
19794,0.00197,172.217.194.0-255,7156,209943,73,236175
19795,0.001972,172.31.40.0-255,66,210009,73,236175
19796,0.001984,172.31.40.0-255,66,210075,73,236175
19797,0.002014,172.217.194.0-255,3602,213677,73,236175
19798,0.002016,172.31.40.0-255,66,213743,73,236175
19799,0.002022,172.217.194.0-255,4320,218063,73,236175
19800,0.002024,172.31.40.0-255,66,218129,73,236175
19801,0.002062,172.217.194.0-255,7156,225285,73,236175
19802,0.002065,172.31.40.0-255,66,225351,73,236175
19803,0.00208,172.217.194.0-255,237,225588,73,236175
19804,0.004071,172.217.194.0-255,105,225693,73,236175
19805,0.006043,172.31.40.0-255,66,225759,73,236175
19806,0.006081,172.31.40.0-255,105,225864,73,236175
19807,0.008089,172.217.194.0-255,66,225930,73,236175
19808,0.037967,172.31.40.0-255,172,226102,73,236175
19809,0.038002,172.31.40.0-255,1114,227216,73,236175
19810,0.03807,172.31.40.0-255,1514,228730,73,236175
19811,0.038072,172.31.40.0-255,1514,230244,73,236175
19812,0.038078,172.31.40.0-255,1514,231758,73,236175
19813,0.038079,172.31.40.0-255,1514,233272,73,236175
19814,0.038103,172.31.40.0-255,1514,234786,73,236175
19815,0.038104,172.31.40.0-255,951,235737,73,236175
19816,0.039527,104.244.42.0-255,66,235803,73,236175
19817,0.039539,104.244.42.0-255,66,235869,73,236175
19818,0.039627,104.244.42.0-255,66,235935,73,236175
19819,0.039675,104.244.42.0-255,66,236001,73,236175
19820,0.047591,172.31.40.0-255,108,236109,73,236175
19821,0.049122,104.244.42.0-255,66,236175,73,236175
19822,0.0,172.217.194.0-255,149,149,73,207098
19823,2.2e-05,172.31.40.0-255,66,215,73,207098
19824,2.9e-05,172.217.194.0-255,1484,1699,73,207098
19825,3.4e-05,172.31.40.0-255,66,1765,73,207098
19826,4e-05,172.217.194.0-255,2902,4667,73,207098
19827,5.1e-05,172.31.40.0-255,66,4733,73,207098
19828,5.8e-05,172.217.194.0-255,7156,11889,73,207098
19829,6.2e-05,172.31.40.0-255,66,11955,73,207098
19830,6.6e-05,172.217.194.0-255,2149,14104,73,207098
19831,6.9e-05,172.31.40.0-255,66,14170,73,207098
19832,0.00013,172.217.194.0-255,1484,15654,73,207098
19833,0.000133,172.31.40.0-255,66,15720,73,207098
19834,0.000138,172.217.194.0-255,2902,18622,73,207098
19835,0.00014,172.31.40.0-255,66,18688,73,207098
19836,0.000145,172.217.194.0-255,2902,21590,73,207098
19837,0.000152,172.31.40.0-255,66,21656,73,207098
19838,0.000177,172.217.194.0-255,2902,24558,73,207098
19839,0.000179,172.31.40.0-255,66,24624,73,207098
19840,0.000186,172.217.194.0-255,1484,26108,73,207098
19841,0.000188,172.31.40.0-255,66,26174,73,207098
19842,0.0002,172.31.40.0-255,66,26240,73,207098
19843,0.000204,172.217.194.0-255,2902,29142,73,207098
19844,0.000206,172.31.40.0-255,66,29208,73,207098
19845,0.000239,172.217.194.0-255,4320,33528,73,207098
19846,0.000241,172.31.40.0-255,66,33594,73,207098
19847,0.000248,172.217.194.0-255,5738,39332,73,207098
19848,0.00025,172.31.40.0-255,66,39398,73,207098
19849,0.000288,172.31.40.0-255,66,39464,73,207098
19850,0.000293,172.217.194.0-255,3602,43066,73,207098
19851,0.000295,172.31.40.0-255,66,43132,73,207098
19852,0.000298,172.217.194.0-255,339,43471,73,207098
19853,0.000425,172.217.194.0-255,118,43589,73,207098
19854,0.000488,172.217.194.0-255,383,43972,73,207098
19855,0.000653,172.217.194.0-255,1484,45456,73,207098
19856,0.000664,172.31.40.0-255,66,45522,73,207098
19857,0.000671,172.217.194.0-255,2902,48424,73,207098
19858,0.000674,172.31.40.0-255,66,48490,73,207098
19859,0.000685,172.217.194.0-255,5738,54228,73,207098
19860,0.000688,172.31.40.0-255,66,54294,73,207098
19861,0.000728,172.31.40.0-255,66,54360,73,207098
19862,0.000741,172.31.40.0-255,66,54426,73,207098
19863,0.001215,172.217.194.0-255,1484,55910,73,207098
19864,0.001224,172.217.194.0-255,2902,58812,73,207098
19865,0.001229,172.31.40.0-255,66,58878,73,207098
19866,0.001236,172.217.194.0-255,5738,64616,73,207098
19867,0.001239,172.31.40.0-255,66,64682,73,207098
19868,0.001288,172.31.40.0-255,66,64748,73,207098
19869,0.001307,172.31.40.0-255,66,64814,73,207098
19870,0.001366,172.217.194.0-255,1484,66298,73,207098
19871,0.001378,172.217.194.0-255,2902,69200,73,207098
19872,0.001382,172.31.40.0-255,66,69266,73,207098
19873,0.001413,172.217.194.0-255,5738,75004,73,207098
19874,0.001416,172.31.40.0-255,66,75070,73,207098
19875,0.00142,172.217.194.0-255,2902,77972,73,207098
19876,0.001423,172.31.40.0-255,66,78038,73,207098
19877,0.001443,172.217.194.0-255,1484,79522,73,207098
19878,0.001453,172.217.194.0-255,4320,83842,73,207098
19879,0.001456,172.31.40.0-255,66,83908,73,207098
19880,0.001481,172.217.194.0-255,1484,85392,73,207098
19881,0.001494,172.31.40.0-255,66,85458,73,207098
19882,0.001499,172.217.194.0-255,2184,87642,73,207098
19883,0.001501,172.31.40.0-255,66,87708,73,207098
19884,0.001541,172.217.194.0-255,1484,89192,73,207098
19885,0.001561,172.217.194.0-255,2902,92094,73,207098
19886,0.001564,172.31.40.0-255,66,92160,73,207098
19887,0.001572,172.217.194.0-255,5738,97898,73,207098
19888,0.001574,172.31.40.0-255,66,97964,73,207098
19889,0.001602,172.217.194.0-255,7156,105120,73,207098
19890,0.001605,172.31.40.0-255,66,105186,73,207098
19891,0.001631,172.217.194.0-255,5738,110924,73,207098
19892,0.001633,172.31.40.0-255,66,110990,73,207098
19893,0.001646,172.31.40.0-255,66,111056,73,207098
19894,0.001676,172.217.194.0-255,4320,115376,73,207098
19895,0.001679,172.31.40.0-255,66,115442,73,207098
19896,0.00171,172.217.194.0-255,7156,122598,73,207098
19897,0.001714,172.31.40.0-255,66,122664,73,207098
19898,0.001732,172.31.40.0-255,66,122730,73,207098
19899,0.001776,172.217.194.0-255,5738,128468,73,207098
19900,0.001966,172.217.194.0-255,1484,129952,73,207098
19901,0.001973,172.217.194.0-255,2902,132854,73,207098
19902,0.001976,172.217.194.0-255,1484,134338,73,207098
19903,0.002001,172.217.194.0-255,4320,138658,73,207098
19904,0.002047,172.217.194.0-255,5738,144396,73,207098
19905,0.002066,172.217.194.0-255,7156,151552,73,207098
19906,0.002181,172.217.194.0-255,1484,153036,73,207098
19907,0.002188,172.217.194.0-255,2902,155938,73,207098
19908,0.002194,172.217.194.0-255,4320,160258,73,207098
19909,0.002209,172.217.194.0-255,1484,161742,73,207098
19910,0.002214,172.217.194.0-255,2902,164644,73,207098
19911,0.002248,172.217.194.0-255,1484,166128,73,207098
19912,0.002254,172.217.194.0-255,4320,170448,73,207098
19913,0.002283,172.217.194.0-255,4320,174768,73,207098
19914,0.002351,172.217.194.0-255,6438,181206,73,207098
19915,0.002376,172.217.194.0-255,7156,188362,73,207098
19916,0.002388,172.217.194.0-255,2902,191264,73,207098
19917,0.002444,172.217.194.0-255,2902,194166,73,207098
19918,0.0025,172.217.194.0-255,4320,198486,73,207098
19919,0.002518,172.217.194.0-255,1952,200438,73,207098
19920,0.009204,172.31.40.0-255,66,200504,73,207098
19921,0.011655,172.217.194.0-255,105,200609,73,207098
19922,0.01236,172.31.40.0-255,66,200675,73,207098
19923,0.012399,172.31.40.0-255,105,200780,73,207098
19924,0.01484,172.217.194.0-255,66,200846,73,207098
19925,0.044507,172.31.40.0-255,172,201018,73,207098
19926,0.044542,172.31.40.0-255,1115,202133,73,207098
19927,0.044609,172.31.40.0-255,1514,203647,73,207098
19928,0.044611,172.31.40.0-255,1514,205161,73,207098
19929,0.044616,172.31.40.0-255,1514,206675,73,207098
19930,0.044617,172.31.40.0-255,159,206834,73,207098
19931,0.04608,104.244.42.0-255,66,206900,73,207098
19932,0.046106,104.244.42.0-255,66,206966,73,207098
19933,0.046156,104.244.42.0-255,66,207032,73,207098
19934,0.046161,104.244.42.0-255,66,207098,73,207098
19935,0.0,172.217.194.0-255,150,150,73,256166
19936,2.3e-05,172.31.40.0-255,66,216,73,256166
19937,3e-05,172.217.194.0-255,1484,1700,73,256166
19938,3.5e-05,172.31.40.0-255,66,1766,73,256166
19939,4e-05,172.217.194.0-255,2902,4668,73,256166
19940,4.4e-05,172.31.40.0-255,66,4734,73,256166
19941,5e-05,172.217.194.0-255,5738,10472,73,256166
19942,5.2e-05,172.31.40.0-255,66,10538,73,256166
19943,5.5e-05,172.217.194.0-255,1484,12022,73,256166
19944,5.7e-05,172.31.40.0-255,66,12088,73,256166
19945,8.4e-05,172.217.194.0-255,4818,16906,73,256166
19946,8.7e-05,172.31.40.0-255,66,16972,73,256166
19947,9.2e-05,172.217.194.0-255,2902,19874,73,256166
19948,9.3e-05,172.31.40.0-255,66,19940,73,256166
19949,0.000122,172.31.40.0-255,66,20006,73,256166
19950,0.000149,172.217.194.0-255,1484,21490,73,256166
19951,0.000152,172.31.40.0-255,66,21556,73,256166
19952,0.000156,172.217.194.0-255,2902,24458,73,256166
19953,0.000158,172.31.40.0-255,66,24524,73,256166
19954,0.000163,172.217.194.0-255,4320,28844,73,256166
19955,0.000165,172.31.40.0-255,66,28910,73,256166
19956,0.000182,172.217.194.0-255,1484,30394,73,256166
19957,0.000185,172.31.40.0-255,66,30460,73,256166
19958,0.000188,172.217.194.0-255,1484,31944,73,256166
19959,0.00019,172.31.40.0-255,66,32010,73,256166
19960,0.000223,172.31.40.0-255,66,32076,73,256166
19961,0.000246,172.217.194.0-255,7156,39232,73,256166
19962,0.000249,172.31.40.0-255,66,39298,73,256166
19963,0.000265,172.217.194.0-255,3913,43211,73,256166
19964,0.000267,172.31.40.0-255,66,43277,73,256166
19965,0.000711,172.217.194.0-255,366,43643,73,256166
19966,0.000748,172.217.194.0-255,1484,45127,73,256166
19967,0.000752,172.31.40.0-255,66,45193,73,256166
19968,0.000759,172.217.194.0-255,4320,49513,73,256166
19969,0.000761,172.31.40.0-255,66,49579,73,256166
19970,0.000784,172.31.40.0-255,66,49645,73,256166
19971,0.000802,172.217.194.0-255,1484,51129,73,256166
19972,0.000814,172.31.40.0-255,66,51195,73,256166
19973,0.000839,172.217.194.0-255,4320,55515,73,256166
19974,0.000842,172.31.40.0-255,66,55581,73,256166
19975,0.000846,172.217.194.0-255,1484,57065,73,256166
19976,0.000862,172.217.194.0-255,3602,60667,73,256166
19977,0.000864,172.31.40.0-255,66,60733,73,256166
19978,0.000887,172.217.194.0-255,5738,66471,73,256166
19979,0.00089,172.31.40.0-255,66,66537,73,256166
19980,0.000893,172.217.194.0-255,1484,68021,73,256166
19981,0.000923,172.217.194.0-255,5738,73759,73,256166
19982,0.000927,172.31.40.0-255,66,73825,73,256166
19983,0.000938,172.31.40.0-255,66,73891,73,256166
19984,0.000999,172.31.40.0-255,66,73957,73,256166
19985,0.001227,172.217.194.0-255,1484,75441,73,256166
19986,0.001233,172.217.194.0-255,2902,78343,73,256166
19987,0.001236,172.31.40.0-255,66,78409,73,256166
19988,0.001255,172.217.194.0-255,5738,84147,73,256166
19989,0.001257,172.31.40.0-255,66,84213,73,256166
19990,0.001284,172.217.194.0-255,5738,89951,73,256166
19991,0.001286,172.31.40.0-255,66,90017,73,256166
19992,0.001301,172.217.194.0-255,4320,94337,73,256166
19993,0.001303,172.31.40.0-255,66,94403,73,256166
19994,0.001311,172.217.194.0-255,7156,101559,73,256166
19995,0.001313,172.31.40.0-255,66,101625,73,256166
19996,0.001369,172.217.194.0-255,2902,104527,73,256166
19997,0.001372,172.31.40.0-255,66,104593,73,256166
19998,0.001386,172.217.194.0-255,3602,108195,73,256166
19999,0.00139,172.31.40.0-255,66,108261,73,256166
20000,0.001825,172.217.194.0-255,1484,109745,73,256166
20001,0.001847,172.217.194.0-255,2902,112647,73,256166
20002,0.00185,172.31.40.0-255,66,112713,73,256166
20003,0.001858,172.217.194.0-255,5738,118451,73,256166
20004,0.001859,172.31.40.0-255,66,118517,73,256166
20005,0.001864,172.217.194.0-255,2902,121419,73,256166
20006,0.001867,172.31.40.0-255,66,121485,73,256166
20007,0.001884,172.217.194.0-255,1484,122969,73,256166
20008,0.001903,172.217.194.0-255,5738,128707,73,256166
20009,0.001906,172.31.40.0-255,66,128773,73,256166
20010,0.001923,172.217.194.0-255,5738,134511,73,256166
20011,0.001925,172.31.40.0-255,66,134577,73,256166
20012,0.001935,172.31.40.0-255,66,134643,73,256166
20013,0.004232,172.217.194.0-255,5738,140381,73,256166
20014,0.00424,172.31.40.0-255,66,140447,73,256166
20015,0.00651,172.217.194.0-255,5738,146185,73,256166
20016,0.006516,172.31.40.0-255,66,146251,73,256166
20017,0.008824,172.217.194.0-255,5738,151989,73,256166
20018,0.008831,172.31.40.0-255,66,152055,73,256166
20019,0.011147,172.217.194.0-255,5738,157793,73,256166
20020,0.011156,172.31.40.0-255,66,157859,73,256166
20021,0.01342,172.217.194.0-255,5738,163597,73,256166
20022,0.013429,172.31.40.0-255,66,163663,73,256166
20023,0.015731,172.217.194.0-255,5738,169401,73,256166
20024,0.015738,172.31.40.0-255,66,169467,73,256166
20025,0.01802,172.217.194.0-255,5738,175205,73,256166
20026,0.018029,172.31.40.0-255,66,175271,73,256166
20027,0.020321,172.217.194.0-255,5738,181009,73,256166
20028,0.020328,172.31.40.0-255,66,181075,73,256166
20029,0.022638,172.217.194.0-255,5738,186813,73,256166
20030,0.022647,172.31.40.0-255,66,186879,73,256166
20031,0.024965,172.217.194.0-255,5738,192617,73,256166
20032,0.024983,172.31.40.0-255,66,192683,73,256166
20033,0.027312,172.217.194.0-255,5738,198421,73,256166
20034,0.027326,172.31.40.0-255,66,198487,73,256166
20035,0.029626,172.217.194.0-255,5738,204225,73,256166
20036,0.029642,172.31.40.0-255,66,204291,73,256166
20037,0.031921,172.217.194.0-255,5738,210029,73,256166
20038,0.031931,172.31.40.0-255,66,210095,73,256166
20039,0.033163,172.31.40.0-255,190,210285,73,256166
20040,0.033197,172.31.40.0-255,1111,211396,73,256166
20041,0.033262,172.31.40.0-255,1514,212910,73,256166
20042,0.033264,172.31.40.0-255,1514,214424,73,256166
20043,0.033265,172.31.40.0-255,850,215274,73,256166
20044,0.034227,172.217.194.0-255,5738,221012,73,256166
20045,0.034236,172.31.40.0-255,66,221078,73,256166
20046,0.034682,104.244.42.0-255,66,221144,73,256166
20047,0.034826,104.244.42.0-255,66,221210,73,256166
20048,0.034831,104.244.42.0-255,66,221276,73,256166
20049,0.034834,104.244.42.0-255,66,221342,73,256166
20050,0.036521,172.217.194.0-255,5738,227080,73,256166
20051,0.036537,172.31.40.0-255,66,227146,73,256166
20052,0.038835,172.217.194.0-255,5738,232884,73,256166
20053,0.038851,172.31.40.0-255,66,232950,73,256166
20054,0.041196,172.217.194.0-255,5738,238688,73,256166
20055,0.041207,172.31.40.0-255,66,238754,73,256166
20056,0.04351,172.217.194.0-255,5738,244492,73,256166
20057,0.043527,172.31.40.0-255,66,244558,73,256166
20058,0.045828,172.217.194.0-255,5738,250296,73,256166
20059,0.045845,172.31.40.0-255,66,250362,73,256166
20060,0.04814,172.217.194.0-255,5738,256100,73,256166
20061,0.048157,172.31.40.0-255,66,256166,73,256166
20062,0.0,172.217.194.0-255,209,209,73,131555
20063,2.3e-05,172.31.40.0-255,66,275,73,131555
20064,3.1e-05,172.217.194.0-255,1484,1759,73,131555
20065,3.6e-05,172.31.40.0-255,66,1825,73,131555
20066,4.3e-05,172.217.194.0-255,4320,6145,73,131555
20067,4.7e-05,172.31.40.0-255,66,6211,73,131555
20068,6.6e-05,172.31.40.0-255,66,6277,73,131555
20069,7.4e-05,172.217.194.0-255,7156,13433,73,131555
20070,7.7e-05,172.31.40.0-255,66,13499,73,131555
20071,0.000115,172.31.40.0-255,66,13565,73,131555
20072,0.000154,172.217.194.0-255,7156,20721,73,131555
20073,0.000157,172.31.40.0-255,66,20787,73,131555
20074,0.00016,172.217.194.0-255,1484,22271,73,131555
20075,0.000163,172.31.40.0-255,66,22337,73,131555
20076,0.000192,172.217.194.0-255,7156,29493,73,131555
20077,0.000199,172.31.40.0-255,66,29559,73,131555
20078,0.000249,172.31.40.0-255,66,29625,73,131555
20079,0.000252,172.217.194.0-255,435,30060,73,131555
20080,0.000254,172.31.40.0-255,66,30126,73,131555
20081,0.000431,172.217.194.0-255,1484,31610,73,131555
20082,0.000436,172.31.40.0-255,66,31676,73,131555
20083,0.000442,172.217.194.0-255,2902,34578,73,131555
20084,0.000445,172.31.40.0-255,66,34644,73,131555
20085,0.000455,172.217.194.0-255,5738,40382,73,131555
20086,0.000458,172.31.40.0-255,66,40448,73,131555
20087,0.000462,172.217.194.0-255,4320,44768,73,131555
20088,0.000465,172.31.40.0-255,66,44834,73,131555
20089,0.000504,172.31.40.0-255,66,44900,73,131555
20090,0.00051,172.217.194.0-255,4320,49220,73,131555
20091,0.000539,172.217.194.0-255,3602,52822,73,131555
20092,0.000582,172.31.40.0-255,66,52888,73,131555
20093,0.000825,172.217.194.0-255,1484,54372,73,131555
20094,0.000831,172.217.194.0-255,2902,57274,73,131555
20095,0.000845,172.31.40.0-255,66,57340,73,131555
20096,0.000852,172.217.194.0-255,5738,63078,73,131555
20097,0.000863,172.31.40.0-255,66,63144,73,131555
20098,0.000924,172.217.194.0-255,5738,68882,73,131555
20099,0.00094,172.31.40.0-255,66,68948,73,131555
20100,0.000947,172.217.194.0-255,5020,73968,73,131555
20101,0.000958,172.31.40.0-255,66,74034,73,131555
20102,0.000967,172.217.194.0-255,2902,76936,73,131555
20103,0.000977,172.217.194.0-255,4320,81256,73,131555
20104,0.001003,172.31.40.0-255,66,81322,73,131555
20105,0.001031,172.217.194.0-255,5738,87060,73,131555
20106,0.001063,172.217.194.0-255,4320,91380,73,131555
20107,0.001068,172.31.40.0-255,66,91446,73,131555
20108,0.001179,172.217.194.0-255,1484,92930,73,131555
20109,0.001224,172.31.40.0-255,66,92996,73,131555
20110,0.001335,172.217.194.0-255,1484,94480,73,131555
20111,0.001342,172.217.194.0-255,2902,97382,73,131555
20112,0.001357,172.31.40.0-255,66,97448,73,131555
20113,0.001373,172.217.194.0-255,5738,103186,73,131555
20114,0.001379,172.217.194.0-255,4320,107506,73,131555
20115,0.001384,172.31.40.0-255,66,107572,73,131555
20116,0.001423,172.217.194.0-255,1484,109056,73,131555
20117,0.001445,172.31.40.0-255,66,109122,73,131555
20118,0.001497,172.217.194.0-255,7156,116278,73,131555
20119,0.001526,172.31.40.0-255,66,116344,73,131555
20120,0.001553,172.217.194.0-255,5020,121364,73,131555
20121,0.001575,172.217.194.0-255,2902,124266,73,131555
20122,0.001588,172.31.40.0-255,66,124332,73,131555
20123,0.001633,172.217.194.0-255,1484,125816,73,131555
20124,0.001638,172.31.40.0-255,66,125882,73,131555
20125,0.001747,172.217.194.0-255,105,125987,73,131555
20126,0.001751,172.31.40.0-255,66,126053,73,131555
20127,0.001758,172.31.40.0-255,66,126119,73,131555
20128,0.01082,172.31.40.0-255,105,126224,73,131555
20129,0.013482,172.217.194.0-255,66,126290,73,131555
20130,0.039894,172.31.40.0-255,176,126466,73,131555
20131,0.039923,172.31.40.0-255,1115,127581,73,131555
20132,0.040095,172.31.40.0-255,1514,129095,73,131555
20133,0.040098,172.31.40.0-255,1514,130609,73,131555
20134,0.040124,172.31.40.0-255,682,131291,73,131555
20135,0.041528,104.244.42.0-255,66,131357,73,131555
20136,0.04155,104.244.42.0-255,66,131423,73,131555
20137,0.041741,104.244.42.0-255,66,131489,73,131555
20138,0.041746,104.244.42.0-255,66,131555,73,131555
20139,0.0,172.217.194.0-255,143,143,73,173680
20140,2.1e-05,172.31.40.0-255,66,209,73,173680
20141,2.8e-05,172.217.194.0-255,1484,1693,73,173680
20142,3.2e-05,172.31.40.0-255,66,1759,73,173680
20143,3.7e-05,172.217.194.0-255,2902,4661,73,173680
20144,3.9e-05,172.31.40.0-255,66,4727,73,173680
20145,5.4e-05,172.217.194.0-255,7156,11883,73,173680
20146,5.7e-05,172.31.40.0-255,66,11949,73,173680
20147,7.9e-05,172.217.194.0-255,1929,13878,73,173680
20148,8.5e-05,172.31.40.0-255,66,13944,73,173680
20149,0.000115,172.217.194.0-255,1484,15428,73,173680
20150,0.000117,172.31.40.0-255,66,15494,73,173680
20151,0.000122,172.217.194.0-255,2902,18396,73,173680
20152,0.000124,172.31.40.0-255,66,18462,73,173680
20153,0.000154,172.217.194.0-255,4320,22782,73,173680
20154,0.000157,172.31.40.0-255,66,22848,73,173680
20155,0.000172,172.217.194.0-255,1484,24332,73,173680
20156,0.000173,172.31.40.0-255,66,24398,73,173680
20157,0.00018,172.217.194.0-255,6797,31195,73,173680
20158,0.000182,172.31.40.0-255,66,31261,73,173680
20159,0.000229,172.217.194.0-255,1484,32745,73,173680
20160,0.000231,172.31.40.0-255,66,32811,73,173680
20161,0.000256,172.217.194.0-255,2902,35713,73,173680
20162,0.000258,172.31.40.0-255,66,35779,73,173680
20163,0.000264,172.217.194.0-255,5738,41517,73,173680
20164,0.000265,172.31.40.0-255,66,41583,73,173680
20165,0.000269,172.217.194.0-255,2902,44485,73,173680
20166,0.000271,172.31.40.0-255,66,44551,73,173680
20167,0.000291,172.217.194.0-255,1484,46035,73,173680
20168,0.000293,172.31.40.0-255,66,46101,73,173680
20169,0.000327,172.31.40.0-255,66,46167,73,173680
20170,0.000338,172.31.40.0-255,66,46233,73,173680
20171,0.00036,172.217.194.0-255,364,46597,73,173680
20172,0.000417,172.217.194.0-255,1484,48081,73,173680
20173,0.000419,172.31.40.0-255,66,48147,73,173680
20174,0.000424,172.217.194.0-255,2902,51049,73,173680
20175,0.000426,172.31.40.0-255,66,51115,73,173680
20176,0.000451,172.217.194.0-255,4320,55435,73,173680
20177,0.000454,172.31.40.0-255,66,55501,73,173680
20178,0.000477,172.217.194.0-255,1484,56985,73,173680
20179,0.000483,172.217.194.0-255,6797,63782,73,173680
20180,0.000485,172.31.40.0-255,66,63848,73,173680
20181,0.000517,172.217.194.0-255,4320,68168,73,173680
20182,0.000519,172.31.40.0-255,66,68234,73,173680
20183,0.000555,172.31.40.0-255,66,68300,73,173680
20184,0.000558,172.217.194.0-255,2543,70843,73,173680
20185,0.00056,172.31.40.0-255,66,70909,73,173680
20186,0.001157,172.217.194.0-255,1484,72393,73,173680
20187,0.001163,172.217.194.0-255,2902,75295,73,173680
20188,0.001166,172.31.40.0-255,66,75361,73,173680
20189,0.00117,172.217.194.0-255,1484,76845,73,173680
20190,0.001197,172.217.194.0-255,4320,81165,73,173680
20191,0.001199,172.31.40.0-255,66,81231,73,173680
20192,0.001209,172.31.40.0-255,66,81297,73,173680
20193,0.001246,172.217.194.0-255,2902,84199,73,173680
20194,0.001248,172.31.40.0-255,66,84265,73,173680
20195,0.001283,172.31.40.0-255,66,84331,73,173680
20196,0.001302,172.217.194.0-255,1484,85815,73,173680
20197,0.001306,172.217.194.0-255,1484,87299,73,173680
20198,0.001307,172.31.40.0-255,66,87365,73,173680
20199,0.001331,172.217.194.0-255,1484,88849,73,173680
20200,0.001336,172.217.194.0-255,5738,94587,73,173680
20201,0.00134,172.31.40.0-255,66,94653,73,173680
20202,0.001377,172.31.40.0-255,66,94719,73,173680
20203,0.001388,172.31.40.0-255,66,94785,73,173680
20204,0.001456,172.31.40.0-255,66,94851,73,173680
20205,0.001488,172.31.40.0-255,66,94917,73,173680
20206,0.001504,172.31.40.0-255,66,94983,73,173680
20207,0.001519,172.31.40.0-255,66,95049,73,173680
20208,0.001549,172.217.194.0-255,2902,97951,73,173680
20209,0.001552,172.31.40.0-255,66,98017,73,173680
20210,0.001564,172.31.40.0-255,66,98083,73,173680
20211,0.001571,172.217.194.0-255,7156,105239,73,173680
20212,0.001573,172.31.40.0-255,66,105305,73,173680
20213,0.001634,172.31.40.0-255,66,105371,73,173680
20214,0.001637,172.217.194.0-255,1484,106855,73,173680
20215,0.001641,172.217.194.0-255,2902,109757,73,173680
20216,0.001642,172.31.40.0-255,66,109823,73,173680
20217,0.001648,172.217.194.0-255,5738,115561,73,173680
20218,0.00165,172.31.40.0-255,66,115627,73,173680
20219,0.001672,172.217.194.0-255,7156,122783,73,173680
20220,0.001687,172.31.40.0-255,66,122849,73,173680
20221,0.001706,172.217.194.0-255,4320,127169,73,173680
20222,0.00171,172.217.194.0-255,4320,131489,73,173680
20223,0.001719,172.31.40.0-255,66,131555,73,173680
20224,0.001753,172.217.194.0-255,5738,137293,73,173680
20225,0.00176,172.31.40.0-255,66,137359,73,173680
20226,0.001768,172.217.194.0-255,4320,141679,73,173680
20227,0.001772,172.31.40.0-255,66,141745,73,173680
20228,0.001795,172.217.194.0-255,2902,144647,73,173680
20229,0.001799,172.217.194.0-255,2902,147549,73,173680
20230,0.001826,172.217.194.0-255,766,148315,73,173680
20231,0.001831,172.31.40.0-255,66,148381,73,173680
20232,0.001855,172.217.194.0-255,2902,151283,73,173680
20233,0.001863,172.31.40.0-255,66,151349,73,173680
20234,0.001946,172.217.194.0-255,5020,156369,73,173680
20235,0.001955,172.217.194.0-255,1484,157853,73,173680
20236,0.001966,172.217.194.0-255,1484,159337,73,173680
20237,0.001985,172.217.194.0-255,7156,166493,73,173680
20238,0.001994,172.31.40.0-255,66,166559,73,173680
20239,0.002026,172.217.194.0-255,1484,168043,73,173680
20240,0.002033,172.31.40.0-255,66,168109,73,173680
20241,0.00207,172.31.40.0-255,66,168175,73,173680
20242,0.00208,172.217.194.0-255,105,168280,73,173680
20243,0.015069,172.31.40.0-255,66,168346,73,173680
20244,0.015118,172.31.40.0-255,105,168451,73,173680
20245,0.017661,172.217.194.0-255,66,168517,73,173680
20246,0.047018,172.31.40.0-255,172,168689,73,173680
20247,0.047048,172.31.40.0-255,1114,169803,73,173680
20248,0.047115,172.31.40.0-255,1514,171317,73,173680
20249,0.047117,172.31.40.0-255,1514,172831,73,173680
20250,0.047143,172.31.40.0-255,585,173416,73,173680
20251,0.048611,104.244.42.0-255,66,173482,73,173680
20252,0.048625,104.244.42.0-255,66,173548,73,173680
20253,0.048692,104.244.42.0-255,66,173614,73,173680
20254,0.048697,104.244.42.0-255,66,173680,73,173680
20255,0.0,172.217.194.0-255,149,149,73,308698
20256,1.3e-05,172.31.40.0-255,66,215,73,308698
20257,2e-05,172.217.194.0-255,1484,1699,73,308698
20258,2.6e-05,172.31.40.0-255,66,1765,73,308698
20259,3.2e-05,172.217.194.0-255,2902,4667,73,308698
20260,3.6e-05,172.31.40.0-255,66,4733,73,308698
20261,4.4e-05,172.217.194.0-255,7156,11889,73,308698
20262,4.7e-05,172.31.40.0-255,66,11955,73,308698
20263,8.6e-05,172.217.194.0-255,5738,17693,73,308698
20264,8.9e-05,172.31.40.0-255,66,17759,73,308698
20265,0.000105,172.217.194.0-255,2034,19793,73,308698
20266,0.000108,172.31.40.0-255,66,19859,73,308698
20267,0.000118,172.31.40.0-255,66,19925,73,308698
20268,0.000141,172.217.194.0-255,2543,22468,73,308698
20269,0.000143,172.31.40.0-255,66,22534,73,308698
20270,0.000175,172.217.194.0-255,1484,24018,73,308698
20271,0.000178,172.31.40.0-255,66,24084,73,308698
20272,0.000182,172.217.194.0-255,2902,26986,73,308698
20273,0.000185,172.31.40.0-255,66,27052,73,308698
20274,0.000187,172.217.194.0-255,1484,28536,73,308698
20275,0.000189,172.31.40.0-255,66,28602,73,308698
20276,0.000214,172.217.194.0-255,4320,32922,73,308698
20277,0.000217,172.31.40.0-255,66,32988,73,308698
20278,0.000237,172.217.194.0-255,6797,39785,73,308698
20279,0.000239,172.31.40.0-255,66,39851,73,308698
20280,0.000256,172.217.194.0-255,7156,47007,73,308698
20281,0.000259,172.31.40.0-255,66,47073,73,308698
20282,0.000275,172.217.194.0-255,1484,48557,73,308698
20283,0.000277,172.31.40.0-255,66,48623,73,308698
20284,0.000315,172.31.40.0-255,66,48689,73,308698
20285,0.000327,172.217.194.0-255,367,49056,73,308698
20286,0.00041,172.217.194.0-255,375,49431,73,308698
20287,0.000765,172.217.194.0-255,1484,50915,73,308698
20288,0.000771,172.31.40.0-255,66,50981,73,308698
20289,0.000777,172.217.194.0-255,2902,53883,73,308698
20290,0.000779,172.31.40.0-255,66,53949,73,308698
20291,0.000785,172.217.194.0-255,5738,59687,73,308698
20292,0.000787,172.31.40.0-255,66,59753,73,308698
20293,0.000793,172.217.194.0-255,4320,64073,73,308698
20294,0.000795,172.31.40.0-255,66,64139,73,308698
20295,0.000814,172.217.194.0-255,1484,65623,73,308698
20296,0.000829,172.31.40.0-255,66,65689,73,308698
20297,0.000871,172.217.194.0-255,5020,70709,73,308698
20298,0.000874,172.31.40.0-255,66,70775,73,308698
20299,0.000922,172.217.194.0-255,1484,72259,73,308698
20300,0.000928,172.217.194.0-255,2902,75161,73,308698
20301,0.000931,172.31.40.0-255,66,75227,73,308698
20302,0.000934,172.217.194.0-255,1484,76711,73,308698
20303,0.000956,172.217.194.0-255,4320,81031,73,308698
20304,0.000959,172.31.40.0-255,66,81097,73,308698
20305,0.000965,172.217.194.0-255,4320,85417,73,308698
20306,0.000967,172.31.40.0-255,66,85483,73,308698
20307,0.00099,172.217.194.0-255,1484,86967,73,308698
20308,0.000994,172.31.40.0-255,66,87033,73,308698
20309,0.001012,172.31.40.0-255,66,87099,73,308698
20310,0.001072,172.217.194.0-255,1484,88583,73,308698
20311,0.001077,172.217.194.0-255,2902,91485,73,308698
20312,0.00108,172.31.40.0-255,66,91551,73,308698
20313,0.001106,172.217.194.0-255,5738,97289,73,308698
20314,0.001108,172.31.40.0-255,66,97355,73,308698
20315,0.001115,172.217.194.0-255,7156,104511,73,308698
20316,0.001117,172.31.40.0-255,66,104577,73,308698
20317,0.001136,172.217.194.0-255,5738,110315,73,308698
20318,0.001138,172.31.40.0-255,66,110381,73,308698
20319,0.001159,172.31.40.0-255,66,110447,73,308698
20320,0.001163,172.217.194.0-255,2184,112631,73,308698
20321,0.001165,172.31.40.0-255,66,112697,73,308698
20322,0.001376,172.217.194.0-255,1484,114181,73,308698
20323,0.001381,172.217.194.0-255,2902,117083,73,308698
20324,0.001385,172.31.40.0-255,66,117149,73,308698
20325,0.001403,172.217.194.0-255,1484,118633,73,308698
20326,0.001419,172.217.194.0-255,4320,122953,73,308698
20327,0.001422,172.31.40.0-255,66,123019,73,308698
20328,0.001432,172.31.40.0-255,66,123085,73,308698
20329,0.001465,172.217.194.0-255,5738,128823,73,308698
20330,0.001469,172.31.40.0-255,66,128889,73,308698
20331,0.00148,172.217.194.0-255,5738,134627,73,308698
20332,0.001483,172.31.40.0-255,66,134693,73,308698
20333,0.001501,172.217.194.0-255,3602,138295,73,308698
20334,0.001503,172.31.40.0-255,66,138361,73,308698
20335,0.001518,172.31.40.0-255,66,138427,73,308698
20336,0.001535,172.217.194.0-255,1484,139911,73,308698
20337,0.00155,172.31.40.0-255,66,139977,73,308698
20338,0.001573,172.217.194.0-255,3602,143579,73,308698
20339,0.001576,172.31.40.0-255,66,143645,73,308698
20340,0.00167,172.217.194.0-255,1484,145129,73,308698
20341,0.001676,172.217.194.0-255,2902,148031,73,308698
20342,0.001679,172.31.40.0-255,66,148097,73,308698
20343,0.001695,172.217.194.0-255,5738,153835,73,308698
20344,0.001704,172.31.40.0-255,66,153901,73,308698
20345,0.001707,172.217.194.0-255,1484,155385,73,308698
20346,0.001737,172.31.40.0-255,66,155451,73,308698
20347,0.001761,172.217.194.0-255,1484,156935,73,308698
20348,0.001782,172.31.40.0-255,66,157001,73,308698
20349,0.001938,172.217.194.0-255,1484,158485,73,308698
20350,0.001944,172.217.194.0-255,2902,161387,73,308698
20351,0.001947,172.31.40.0-255,66,161453,73,308698
20352,0.001985,172.217.194.0-255,4320,165773,73,308698
20353,0.001988,172.31.40.0-255,66,165839,73,308698
20354,0.002002,172.217.194.0-255,1484,167323,73,308698
20355,0.002007,172.217.194.0-255,4320,171643,73,308698
20356,0.002009,172.31.40.0-255,66,171709,73,308698
20357,0.002021,172.31.40.0-255,66,171775,73,308698
20358,0.002027,172.217.194.0-255,5738,177513,73,308698
20359,0.002029,172.31.40.0-255,66,177579,73,308698
20360,0.002052,172.217.194.0-255,2184,179763,73,308698
20361,0.002054,172.31.40.0-255,66,179829,73,308698
20362,0.004082,172.217.194.0-255,2902,182731,73,308698
20363,0.004091,172.31.40.0-255,66,182797,73,308698
20364,0.004108,172.217.194.0-255,2902,185699,73,308698
20365,0.00411,172.31.40.0-255,66,185765,73,308698
20366,0.006132,172.217.194.0-255,2902,188667,73,308698
20367,0.006137,172.31.40.0-255,66,188733,73,308698
20368,0.006155,172.217.194.0-255,2902,191635,73,308698
20369,0.006158,172.31.40.0-255,66,191701,73,308698
20370,0.008163,172.217.194.0-255,2902,194603,73,308698
20371,0.008168,172.31.40.0-255,66,194669,73,308698
20372,0.008208,172.217.194.0-255,2902,197571,73,308698
20373,0.008212,172.31.40.0-255,66,197637,73,308698
20374,0.010206,172.217.194.0-255,2902,200539,73,308698
20375,0.010212,172.31.40.0-255,66,200605,73,308698
20376,0.010267,172.217.194.0-255,2902,203507,73,308698
20377,0.010271,172.31.40.0-255,66,203573,73,308698
20378,0.012296,172.217.194.0-255,2902,206475,73,308698
20379,0.012302,172.31.40.0-255,66,206541,73,308698
20380,0.012325,172.217.194.0-255,2902,209443,73,308698
20381,0.012328,172.31.40.0-255,66,209509,73,308698
20382,0.014351,172.217.194.0-255,2902,212411,73,308698
20383,0.014359,172.31.40.0-255,66,212477,73,308698
20384,0.014382,172.217.194.0-255,2902,215379,73,308698
20385,0.014385,172.31.40.0-255,66,215445,73,308698
20386,0.016399,172.217.194.0-255,2902,218347,73,308698
20387,0.016409,172.31.40.0-255,66,218413,73,308698
20388,0.016434,172.217.194.0-255,2902,221315,73,308698
20389,0.016437,172.31.40.0-255,66,221381,73,308698
20390,0.018476,172.217.194.0-255,2902,224283,73,308698
20391,0.018483,172.31.40.0-255,66,224349,73,308698
20392,0.018504,172.217.194.0-255,2902,227251,73,308698
20393,0.018507,172.31.40.0-255,66,227317,73,308698
20394,0.020557,172.217.194.0-255,5738,233055,73,308698
20395,0.020565,172.31.40.0-255,66,233121,73,308698
20396,0.022624,172.217.194.0-255,5738,238859,73,308698
20397,0.022632,172.31.40.0-255,66,238925,73,308698
20398,0.024696,172.217.194.0-255,5738,244663,73,308698
20399,0.024703,172.31.40.0-255,66,244729,73,308698
20400,0.026772,172.217.194.0-255,5738,250467,73,308698
20401,0.026778,172.31.40.0-255,66,250533,73,308698
20402,0.028836,172.217.194.0-255,5738,256271,73,308698
20403,0.028842,172.31.40.0-255,66,256337,73,308698
20404,0.030898,172.217.194.0-255,5738,262075,73,308698
20405,0.030905,172.31.40.0-255,66,262141,73,308698
20406,0.032324,172.31.40.0-255,172,262313,73,308698
20407,0.032354,172.31.40.0-255,1114,263427,73,308698
20408,0.032425,172.31.40.0-255,1514,264941,73,308698
20409,0.032427,172.31.40.0-255,1514,266455,73,308698
20410,0.032433,172.31.40.0-255,1514,267969,73,308698
20411,0.032435,172.31.40.0-255,1514,269483,73,308698
20412,0.032466,172.31.40.0-255,1498,270981,73,308698
20413,0.032957,172.217.194.0-255,5738,276719,73,308698
20414,0.032964,172.31.40.0-255,66,276785,73,308698
20415,0.033885,104.244.42.0-255,66,276851,73,308698
20416,0.033893,104.244.42.0-255,66,276917,73,308698
20417,0.033978,104.244.42.0-255,66,276983,73,308698
20418,0.034039,104.244.42.0-255,66,277049,73,308698
20419,0.035012,172.217.194.0-255,5738,282787,73,308698
20420,0.035016,172.31.40.0-255,66,282853,73,308698
20421,0.037085,172.217.194.0-255,5738,288591,73,308698
20422,0.037092,172.31.40.0-255,66,288657,73,308698
20423,0.039152,172.217.194.0-255,5738,294395,73,308698
20424,0.039159,172.31.40.0-255,66,294461,73,308698
20425,0.041204,172.217.194.0-255,5738,300199,73,308698
20426,0.041209,172.31.40.0-255,66,300265,73,308698
20427,0.043263,172.217.194.0-255,5738,306003,73,308698
20428,0.043268,172.31.40.0-255,66,306069,73,308698
20429,0.045327,172.217.194.0-255,2392,308461,73,308698
20430,0.045334,172.31.40.0-255,66,308527,73,308698
20431,0.045508,172.31.40.0-255,105,308632,73,308698
20432,0.04755,172.217.194.0-255,66,308698,73,308698
20433,0.0,172.217.194.0-255,146,146,73,199854
20434,2.4e-05,172.31.40.0-255,66,212,73,199854
20435,3.2e-05,172.217.194.0-255,1484,1696,73,199854
20436,3.6e-05,172.31.40.0-255,66,1762,73,199854
20437,5e-05,172.217.194.0-255,2902,4664,73,199854
20438,5.4e-05,172.31.40.0-255,66,4730,73,199854
20439,6.1e-05,172.217.194.0-255,7156,11886,73,199854
20440,6.4e-05,172.31.40.0-255,66,11952,73,199854
20441,6.8e-05,172.217.194.0-255,2029,13981,73,199854
20442,7.1e-05,172.31.40.0-255,66,14047,73,199854
20443,0.00011,172.217.194.0-255,1484,15531,73,199854
20444,0.000113,172.31.40.0-255,66,15597,73,199854
20445,0.000118,172.217.194.0-255,2902,18499,73,199854
20446,0.00012,172.31.40.0-255,66,18565,73,199854
20447,0.000127,172.217.194.0-255,5738,24303,73,199854
20448,0.00013,172.31.40.0-255,66,24369,73,199854
20449,0.000135,172.217.194.0-255,4320,28689,73,199854
20450,0.000137,172.31.40.0-255,66,28755,73,199854
20451,0.00016,172.217.194.0-255,2543,31298,73,199854
20452,0.000163,172.31.40.0-255,66,31364,73,199854
20453,0.000194,172.217.194.0-255,1484,32848,73,199854
20454,0.000196,172.31.40.0-255,66,32914,73,199854
20455,0.000217,172.217.194.0-255,2902,35816,73,199854
20456,0.000219,172.31.40.0-255,66,35882,73,199854
20457,0.000226,172.217.194.0-255,5738,41620,73,199854
20458,0.000228,172.31.40.0-255,66,41686,73,199854
20459,0.000232,172.217.194.0-255,2902,44588,73,199854
20460,0.000234,172.31.40.0-255,66,44654,73,199854
20461,0.000261,172.217.194.0-255,5379,50033,73,199854
20462,0.000263,172.31.40.0-255,66,50099,73,199854
20463,0.000276,172.31.40.0-255,66,50165,73,199854
20464,0.000305,172.217.194.0-255,2833,52998,73,199854
20465,0.000307,172.31.40.0-255,66,53064,73,199854
20466,0.000338,172.217.194.0-255,100,53164,73,199854
20467,0.00035,172.217.194.0-255,364,53528,73,199854
20468,0.000483,172.217.194.0-255,1484,55012,73,199854
20469,0.000489,172.31.40.0-255,66,55078,73,199854
20470,0.000494,172.217.194.0-255,2902,57980,73,199854
20471,0.000497,172.31.40.0-255,66,58046,73,199854
20472,0.000501,172.217.194.0-255,2902,60948,73,199854
20473,0.000509,172.31.40.0-255,66,61014,73,199854
20474,0.00054,172.217.194.0-255,2902,63916,73,199854
20475,0.000543,172.31.40.0-255,66,63982,73,199854
20476,0.000554,172.31.40.0-255,66,64048,73,199854
20477,0.000594,172.217.194.0-255,4320,68368,73,199854
20478,0.000597,172.31.40.0-255,66,68434,73,199854
20479,0.000614,172.31.40.0-255,66,68500,73,199854
20480,0.000642,172.217.194.0-255,1484,69984,73,199854
20481,0.000668,172.217.194.0-255,2902,72886,73,199854
20482,0.00067,172.31.40.0-255,66,72952,73,199854
20483,0.000677,172.217.194.0-255,5738,78690,73,199854
20484,0.000679,172.31.40.0-255,66,78756,73,199854
20485,0.000682,172.217.194.0-255,1484,80240,73,199854
20486,0.000718,172.31.40.0-255,66,80306,73,199854
20487,0.000729,172.31.40.0-255,66,80372,73,199854
20488,0.000799,172.217.194.0-255,5020,85392,73,199854
20489,0.000802,172.31.40.0-255,66,85458,73,199854
20490,0.000808,172.217.194.0-255,5738,91196,73,199854
20491,0.00081,172.31.40.0-255,66,91262,73,199854
20492,0.000823,172.31.40.0-255,66,91328,73,199854
20493,0.000837,172.31.40.0-255,66,91394,73,199854
20494,0.000875,172.217.194.0-255,1484,92878,73,199854
20495,0.000879,172.217.194.0-255,2902,95780,73,199854
20496,0.000882,172.31.40.0-255,66,95846,73,199854
20497,0.000888,172.217.194.0-255,5738,101584,73,199854
20498,0.00089,172.31.40.0-255,66,101650,73,199854
20499,0.000896,172.217.194.0-255,4320,105970,73,199854
20500,0.000898,172.31.40.0-255,66,106036,73,199854
20501,0.000929,172.217.194.0-255,5738,111774,73,199854
20502,0.000932,172.31.40.0-255,66,111840,73,199854
20503,0.000971,172.31.40.0-255,66,111906,73,199854
20504,0.001071,172.217.194.0-255,1484,113390,73,199854
20505,0.001077,172.217.194.0-255,2902,116292,73,199854
20506,0.001079,172.31.40.0-255,66,116358,73,199854
20507,0.00111,172.217.194.0-255,5738,122096,73,199854
20508,0.001113,172.31.40.0-255,66,122162,73,199854
20509,0.001118,172.217.194.0-255,4320,126482,73,199854
20510,0.001121,172.31.40.0-255,66,126548,73,199854
20511,0.001138,172.31.40.0-255,66,126614,73,199854
20512,0.001172,172.217.194.0-255,2902,129516,73,199854
20513,0.001176,172.31.40.0-255,66,129582,73,199854
20514,0.001187,172.31.40.0-255,66,129648,73,199854
20515,0.001216,172.217.194.0-255,1484,131132,73,199854
20516,0.001221,172.217.194.0-255,2902,134034,73,199854
20517,0.001224,172.31.40.0-255,66,134100,73,199854
20518,0.001227,172.217.194.0-255,1484,135584,73,199854
20519,0.001254,172.217.194.0-255,4320,139904,73,199854
20520,0.001258,172.31.40.0-255,66,139970,73,199854
20521,0.001277,172.31.40.0-255,66,140036,73,199854
20522,0.001289,172.31.40.0-255,66,140102,73,199854
20523,0.001318,172.217.194.0-255,766,140868,73,199854
20524,0.00134,172.217.194.0-255,1484,142352,73,199854
20525,0.001343,172.31.40.0-255,66,142418,73,199854
20526,0.001349,172.217.194.0-255,2902,145320,73,199854
20527,0.001351,172.31.40.0-255,66,145386,73,199854
20528,0.001379,172.217.194.0-255,1484,146870,73,199854
20529,0.001387,172.217.194.0-255,7156,154026,73,199854
20530,0.00139,172.31.40.0-255,66,154092,73,199854
20531,0.001403,172.31.40.0-255,66,154158,73,199854
20532,0.001435,172.217.194.0-255,4320,158478,73,199854
20533,0.001438,172.31.40.0-255,66,158544,73,199854
20534,0.001444,172.217.194.0-255,5020,163564,73,199854
20535,0.001447,172.31.40.0-255,66,163630,73,199854
20536,0.001515,172.217.194.0-255,1484,165114,73,199854
20537,0.00152,172.217.194.0-255,2902,168016,73,199854
20538,0.001523,172.31.40.0-255,66,168082,73,199854
20539,0.001527,172.217.194.0-255,1484,169566,73,199854
20540,0.001555,172.217.194.0-255,4320,173886,73,199854
20541,0.001611,172.31.40.0-255,66,173952,73,199854
20542,0.001614,172.31.40.0-255,66,174018,73,199854
20543,0.001647,172.31.40.0-255,66,174084,73,199854
20544,0.001653,172.217.194.0-255,4320,178404,73,199854
20545,0.001655,172.31.40.0-255,66,178470,73,199854
20546,0.001663,172.217.194.0-255,5738,184208,73,199854
20547,0.001665,172.31.40.0-255,66,184274,73,199854
20548,0.001682,172.217.194.0-255,4320,188594,73,199854
20549,0.001688,172.31.40.0-255,66,188660,73,199854
20550,0.001695,172.31.40.0-255,66,188726,73,199854
20551,0.00171,172.31.40.0-255,66,188792,73,199854
20552,0.00175,172.31.40.0-255,66,188858,73,199854
20553,0.001796,172.217.194.0-255,2902,191760,73,199854
20554,0.001801,172.31.40.0-255,66,191826,73,199854
20555,0.001808,172.31.40.0-255,66,191892,73,199854
20556,0.00181,172.31.40.0-255,66,191958,73,199854
20557,0.00183,172.31.40.0-255,66,192024,73,199854
20558,0.001832,172.217.194.0-255,105,192129,73,199854
20559,0.009049,172.31.40.0-255,66,192195,73,199854
20560,0.009094,172.31.40.0-255,105,192300,73,199854
20561,0.011332,172.217.194.0-255,66,192366,73,199854
20562,0.048764,172.31.40.0-255,172,192538,73,199854
20563,0.048818,172.31.40.0-255,1111,193649,73,199854
20564,0.048892,172.31.40.0-255,1514,195163,73,199854
20565,0.048894,172.31.40.0-255,1514,196677,73,199854
20566,0.048895,172.31.40.0-255,1514,198191,73,199854
20567,0.048896,172.31.40.0-255,1514,199705,73,199854
20568,0.048898,172.31.40.0-255,149,199854,73,199854
20569,0.0,74.125.24.0-255,151,151,73,275812
20570,2.5e-05,172.31.40.0-255,66,217,73,275812
20571,3.2e-05,74.125.24.0-255,1484,1701,73,275812
20572,3.8e-05,172.31.40.0-255,66,1767,73,275812
20573,4.4e-05,74.125.24.0-255,2902,4669,73,275812
20574,4.7e-05,172.31.40.0-255,66,4735,73,275812
20575,5.1e-05,74.125.24.0-255,1484,6219,73,275812
20576,5.3e-05,172.31.40.0-255,66,6285,73,275812
20577,8.5e-05,74.125.24.0-255,5738,12023,73,275812
20578,8.8e-05,172.31.40.0-255,66,12089,73,275812
20579,0.000112,74.125.24.0-255,2048,14137,73,275812
20580,0.000115,172.31.40.0-255,66,14203,73,275812
20581,0.000119,74.125.24.0-255,2902,17105,73,275812
20582,0.000122,172.31.40.0-255,66,17171,73,275812
20583,0.000153,74.125.24.0-255,7156,24327,73,275812
20584,0.000156,172.31.40.0-255,66,24393,73,275812
20585,0.000162,74.125.24.0-255,5738,30131,73,275812
20586,0.000165,172.31.40.0-255,66,30197,73,275812
20587,0.000199,74.125.24.0-255,7156,37353,73,275812
20588,0.000202,172.31.40.0-255,66,37419,73,275812
20589,0.000235,172.31.40.0-255,66,37485,73,275812
20590,0.000283,74.125.24.0-255,1484,38969,73,275812
20591,0.000286,172.31.40.0-255,66,39035,73,275812
20592,0.000301,74.125.24.0-255,2902,41937,73,275812
20593,0.000303,172.31.40.0-255,66,42003,73,275812
20594,0.000308,74.125.24.0-255,2902,44905,73,275812
20595,0.00031,172.31.40.0-255,66,44971,73,275812
20596,0.000356,74.125.24.0-255,4320,49291,73,275812
20597,0.00036,172.31.40.0-255,66,49357,73,275812
20598,0.000367,74.125.24.0-255,5648,55005,73,275812
20599,0.000369,172.31.40.0-255,66,55071,73,275812
20600,0.000494,74.125.24.0-255,1484,56555,73,275812
20601,0.000501,74.125.24.0-255,2902,59457,73,275812
20602,0.000504,172.31.40.0-255,66,59523,73,275812
20603,0.000524,74.125.24.0-255,2902,62425,73,275812
20604,0.000526,172.31.40.0-255,66,62491,73,275812
20605,0.000541,74.125.24.0-255,2902,65393,73,275812
20606,0.000544,172.31.40.0-255,66,65459,73,275812
20607,0.000562,74.125.24.0-255,2902,68361,73,275812
20608,0.000565,172.31.40.0-255,66,68427,73,275812
20609,0.000596,172.31.40.0-255,66,68493,73,275812
20610,0.000629,172.31.40.0-255,66,68559,73,275812
20611,0.000664,74.125.24.0-255,1484,70043,73,275812
20612,0.000682,74.125.24.0-255,2902,72945,73,275812
20613,0.000684,172.31.40.0-255,66,73011,73,275812
20614,0.000716,74.125.24.0-255,2902,75913,73,275812
20615,0.000718,172.31.40.0-255,66,75979,73,275812
20616,0.000742,74.125.24.0-255,2902,78881,73,275812
20617,0.000745,172.31.40.0-255,66,78947,73,275812
20618,0.000759,172.31.40.0-255,66,79013,73,275812
20619,0.000762,74.125.24.0-255,1484,80497,73,275812
20620,0.000797,172.31.40.0-255,66,80563,73,275812
20621,0.000812,74.125.24.0-255,2902,83465,73,275812
20622,0.000814,172.31.40.0-255,66,83531,73,275812
20623,0.000819,74.125.24.0-255,2902,86433,73,275812
20624,0.000829,172.31.40.0-255,66,86499,73,275812
20625,0.000837,74.125.24.0-255,1484,87983,73,275812
20626,0.000852,172.31.40.0-255,66,88049,73,275812
20627,0.000859,74.125.24.0-255,1484,89533,73,275812
20628,0.000905,172.31.40.0-255,66,89599,73,275812
20629,0.000922,74.125.24.0-255,5738,95337,73,275812
20630,0.000942,74.125.24.0-255,5020,100357,73,275812
20631,0.000964,172.31.40.0-255,66,100423,73,275812
20632,0.000968,74.125.24.0-255,2902,103325,73,275812
20633,0.00097,74.125.24.0-255,831,104156,73,275812
20634,0.000981,172.31.40.0-255,66,104222,73,275812
20635,0.001107,74.125.24.0-255,1484,105706,73,275812
20636,0.001113,74.125.24.0-255,2902,108608,73,275812
20637,0.001115,172.31.40.0-255,66,108674,73,275812
20638,0.001137,74.125.24.0-255,5738,114412,73,275812
20639,0.001143,172.31.40.0-255,66,114478,73,275812
20640,0.001163,74.125.24.0-255,5738,120216,73,275812
20641,0.001175,172.31.40.0-255,66,120282,73,275812
20642,0.001188,74.125.24.0-255,7156,127438,73,275812
20643,0.001201,172.31.40.0-255,66,127504,73,275812
20644,0.001222,74.125.24.0-255,2184,129688,73,275812
20645,0.001238,172.31.40.0-255,66,129754,73,275812
20646,0.00131,74.125.24.0-255,1484,131238,73,275812
20647,0.001315,74.125.24.0-255,2902,134140,73,275812
20648,0.001319,74.125.24.0-255,1484,135624,73,275812
20649,0.001327,172.31.40.0-255,66,135690,73,275812
20650,0.001348,74.125.24.0-255,4320,140010,73,275812
20651,0.001364,74.125.24.0-255,2902,142912,73,275812
20652,0.001386,74.125.24.0-255,2902,145814,73,275812
20653,0.001395,172.31.40.0-255,66,145880,73,275812
20654,0.001432,74.125.24.0-255,5020,150900,73,275812
20655,0.001445,172.31.40.0-255,66,150966,73,275812
20656,0.001597,74.125.24.0-255,1484,152450,73,275812
20657,0.001603,74.125.24.0-255,2902,155352,73,275812
20658,0.001611,172.31.40.0-255,66,155418,73,275812
20659,0.001634,74.125.24.0-255,5738,161156,73,275812
20660,0.001638,74.125.24.0-255,1484,162640,73,275812
20661,0.001641,74.125.24.0-255,1484,164124,73,275812
20662,0.001649,172.31.40.0-255,66,164190,73,275812
20663,0.001658,74.125.24.0-255,2902,167092,73,275812
20664,0.001664,172.31.40.0-255,66,167158,73,275812
20665,0.001674,74.125.24.0-255,4320,171478,73,275812
20666,0.001695,172.31.40.0-255,66,171544,73,275812
20667,0.001705,74.125.24.0-255,5738,177282,73,275812
20668,0.00171,172.31.40.0-255,66,177348,73,275812
20669,0.001721,74.125.24.0-255,5738,183086,73,275812
20670,0.001739,74.125.24.0-255,2184,185270,73,275812
20671,0.001748,172.31.40.0-255,66,185336,73,275812
20672,0.001756,74.125.24.0-255,2902,188238,73,275812
20673,0.001793,172.31.40.0-255,66,188304,73,275812
20674,0.001824,74.125.24.0-255,7156,195460,73,275812
20675,0.001864,172.31.40.0-255,66,195526,73,275812
20676,0.001914,74.125.24.0-255,1484,197010,73,275812
20677,0.00194,74.125.24.0-255,2902,199912,73,275812
20678,0.001946,74.125.24.0-255,5738,205650,73,275812
20679,0.001953,172.31.40.0-255,66,205716,73,275812
20680,0.001962,74.125.24.0-255,2902,208618,73,275812
20681,0.001966,172.31.40.0-255,66,208684,73,275812
20682,0.001998,74.125.24.0-255,1484,210168,73,275812
20683,0.002012,172.31.40.0-255,66,210234,73,275812
20684,0.002025,74.125.24.0-255,1484,211718,73,275812
20685,0.002029,74.125.24.0-255,2184,213902,73,275812
20686,0.002034,74.125.24.0-255,2902,216804,73,275812
20687,0.002044,74.125.24.0-255,1484,218288,73,275812
20688,0.002071,74.125.24.0-255,5738,224026,73,275812
20689,0.002075,74.125.24.0-255,2902,226928,73,275812
20690,0.002078,172.31.40.0-255,66,226994,73,275812
20691,0.002084,172.31.40.0-255,66,227060,73,275812
20692,0.002118,74.125.24.0-255,6438,233498,73,275812
20693,0.002124,172.31.40.0-255,66,233564,73,275812
20694,0.004211,74.125.24.0-255,5738,239302,73,275812
20695,0.004218,172.31.40.0-255,66,239368,73,275812
20696,0.006257,74.125.24.0-255,2902,242270,73,275812
20697,0.006278,74.125.24.0-255,2902,245172,73,275812
20698,0.006626,172.31.40.0-255,66,245238,73,275812
20699,0.008706,74.125.24.0-255,5738,250976,73,275812
20700,0.008712,172.31.40.0-255,66,251042,73,275812
20701,0.010765,74.125.24.0-255,5738,256780,73,275812
20702,0.01077,172.31.40.0-255,66,256846,73,275812
20703,0.012811,74.125.24.0-255,5738,262584,73,275812
20704,0.01282,172.31.40.0-255,66,262650,73,275812
20705,0.014928,74.125.24.0-255,3827,266477,73,275812
20706,0.014943,172.31.40.0-255,66,266543,73,275812
20707,0.016533,172.31.40.0-255,105,266648,73,275812
20708,0.018747,74.125.24.0-255,66,266714,73,275812
20709,0.044478,172.31.40.0-255,172,266886,73,275812
20710,0.044512,172.31.40.0-255,1111,267997,73,275812
20711,0.044579,172.31.40.0-255,1514,269511,73,275812
20712,0.044581,172.31.40.0-255,1514,271025,73,275812
20713,0.044583,172.31.40.0-255,1514,272539,73,275812
20714,0.044584,172.31.40.0-255,1514,274053,73,275812
20715,0.044585,172.31.40.0-255,1514,275567,73,275812
20716,0.044613,172.31.40.0-255,179,275746,73,275812
20717,0.046257,104.244.42.0-255,66,275812,73,275812
20718,0.0,172.217.194.0-255,153,153,73,309932
20719,2.2e-05,172.31.40.0-255,66,219,73,309932
20720,2.9e-05,172.217.194.0-255,1484,1703,73,309932
20721,3.4e-05,172.31.40.0-255,66,1769,73,309932
20722,5e-05,172.217.194.0-255,2902,4671,73,309932
20723,5.4e-05,172.31.40.0-255,66,4737,73,309932
20724,6.2e-05,172.217.194.0-255,7156,11893,73,309932
20725,6.5e-05,172.31.40.0-255,66,11959,73,309932
20726,9.2e-05,172.217.194.0-255,1984,13943,73,309932
20727,0.0001,172.31.40.0-255,66,14009,73,309932
20728,0.000127,172.217.194.0-255,1484,15493,73,309932
20729,0.000129,172.31.40.0-255,66,15559,73,309932
20730,0.000134,172.217.194.0-255,2902,18461,73,309932
20731,0.000137,172.31.40.0-255,66,18527,73,309932
20732,0.000163,172.217.194.0-255,5738,24265,73,309932
20733,0.000166,172.31.40.0-255,66,24331,73,309932
20734,0.000215,172.217.194.0-255,6797,31128,73,309932
20735,0.000218,172.31.40.0-255,66,31194,73,309932
20736,0.000225,172.217.194.0-255,7156,38350,73,309932
20737,0.000228,172.31.40.0-255,66,38416,73,309932
20738,0.000245,172.31.40.0-255,66,38482,73,309932
20739,0.000284,172.217.194.0-255,1484,39966,73,309932
20740,0.000287,172.31.40.0-255,66,40032,73,309932
20741,0.000293,172.217.194.0-255,2902,42934,73,309932
20742,0.000295,172.31.40.0-255,66,43000,73,309932
20743,0.000316,172.217.194.0-255,5738,48738,73,309932
20744,0.000323,172.31.40.0-255,66,48804,73,309932
20745,0.00035,172.217.194.0-255,6797,55601,73,309932
20746,0.000353,172.31.40.0-255,66,55667,73,309932
20747,0.000381,172.217.194.0-255,5738,61405,73,309932
20748,0.000383,172.31.40.0-255,66,61471,73,309932
20749,0.000413,172.217.194.0-255,2064,63535,73,309932
20750,0.000416,172.31.40.0-255,66,63601,73,309932
20751,0.000427,172.31.40.0-255,66,63667,73,309932
20752,0.000434,172.217.194.0-255,576,64243,73,309932
20753,0.000438,172.217.194.0-255,1484,65727,73,309932
20754,0.00044,172.31.40.0-255,66,65793,73,309932
20755,0.000443,172.217.194.0-255,1484,67277,73,309932
20756,0.000466,172.217.194.0-255,2902,70179,73,309932
20757,0.000468,172.31.40.0-255,66,70245,73,309932
20758,0.000474,172.217.194.0-255,4320,74565,73,309932
20759,0.000499,172.217.194.0-255,5738,80303,73,309932
20760,0.000502,172.217.194.0-255,1125,81428,73,309932
20761,0.000518,172.31.40.0-255,66,81494,73,309932
20762,0.000638,172.217.194.0-255,1484,82978,73,309932
20763,0.000642,172.217.194.0-255,1484,84462,73,309932
20764,0.000657,172.217.194.0-255,1484,85946,73,309932
20765,0.000664,172.217.194.0-255,5738,91684,73,309932
20766,0.000687,172.217.194.0-255,2902,94586,73,309932
20767,0.000741,172.217.194.0-255,7156,101742,73,309932
20768,0.000764,172.217.194.0-255,5020,106762,73,309932
20769,0.000796,172.31.40.0-255,66,106828,73,309932
20770,0.00173,172.217.194.0-255,1484,108312,73,309932
20771,0.001738,172.217.194.0-255,1484,109796,73,309932
20772,0.001742,172.31.40.0-255,66,109862,73,309932
20773,0.001775,172.217.194.0-255,1484,111346,73,309932
20774,0.001782,172.217.194.0-255,5738,117084,73,309932
20775,0.001785,172.31.40.0-255,66,117150,73,309932
20776,0.001804,172.31.40.0-255,66,117216,73,309932
20777,0.00181,172.217.194.0-255,5738,122954,73,309932
20778,0.001833,172.217.194.0-255,5020,127974,73,309932
20779,0.001951,172.217.194.0-255,1484,129458,73,309932
20780,0.001956,172.217.194.0-255,1484,130942,73,309932
20781,0.001972,172.217.194.0-255,1484,132426,73,309932
20782,0.001975,172.217.194.0-255,1484,133910,73,309932
20783,0.001999,172.217.194.0-255,4320,138230,73,309932
20784,0.002004,172.217.194.0-255,4320,142550,73,309932
20785,0.00202,172.217.194.0-255,7156,149706,73,309932
20786,0.002035,172.217.194.0-255,1484,151190,73,309932
20787,0.00205,172.217.194.0-255,4320,155510,73,309932
20788,0.002069,172.217.194.0-255,6438,161948,73,309932
20789,0.002109,172.217.194.0-255,1484,163432,73,309932
20790,0.002112,172.217.194.0-255,1484,164916,73,309932
20791,0.00213,172.217.194.0-255,1484,166400,73,309932
20792,0.002167,172.217.194.0-255,2902,169302,73,309932
20793,0.00218,172.217.194.0-255,2902,172204,73,309932
20794,0.002188,172.217.194.0-255,7156,179360,73,309932
20795,0.002218,172.217.194.0-255,5738,185098,73,309932
20796,0.002222,172.217.194.0-255,2184,187282,73,309932
20797,0.002275,172.217.194.0-255,1484,188766,73,309932
20798,0.002279,172.217.194.0-255,1484,190250,73,309932
20799,0.002293,172.217.194.0-255,1484,191734,73,309932
20800,0.002299,172.217.194.0-255,5738,197472,73,309932
20801,0.00233,172.217.194.0-255,2902,200374,73,309932
20802,0.002361,172.217.194.0-255,4320,204694,73,309932
20803,0.002376,172.217.194.0-255,6438,211132,73,309932
20804,0.009469,172.31.40.0-255,66,211198,73,309932
20805,0.011774,172.217.194.0-255,5738,216936,73,309932
20806,0.011786,172.31.40.0-255,66,217002,73,309932
20807,0.014283,172.217.194.0-255,5738,222740,73,309932
20808,0.014294,172.31.40.0-255,66,222806,73,309932
20809,0.016683,172.217.194.0-255,5738,228544,73,309932
20810,0.016697,172.31.40.0-255,66,228610,73,309932
20811,0.01901,172.217.194.0-255,5738,234348,73,309932
20812,0.019019,172.31.40.0-255,66,234414,73,309932
20813,0.021336,172.217.194.0-255,5738,240152,73,309932
20814,0.021344,172.31.40.0-255,66,240218,73,309932
20815,0.023665,172.217.194.0-255,5738,245956,73,309932
20816,0.023673,172.31.40.0-255,66,246022,73,309932
20817,0.026041,172.217.194.0-255,5738,251760,73,309932
20818,0.026059,172.31.40.0-255,66,251826,73,309932
20819,0.028343,172.217.194.0-255,5738,257564,73,309932
20820,0.028351,172.31.40.0-255,66,257630,73,309932
20821,0.030699,172.217.194.0-255,5738,263368,73,309932
20822,0.030707,172.31.40.0-255,66,263434,73,309932
20823,0.032999,172.217.194.0-255,5738,269172,73,309932
20824,0.033016,172.31.40.0-255,66,269238,73,309932
20825,0.035343,172.217.194.0-255,5738,274976,73,309932
20826,0.03535,172.31.40.0-255,66,275042,73,309932
20827,0.037662,172.217.194.0-255,5738,280780,73,309932
20828,0.03767,172.31.40.0-255,66,280846,73,309932
20829,0.040019,172.217.194.0-255,5738,286584,73,309932
20830,0.040026,172.31.40.0-255,66,286650,73,309932
20831,0.042314,172.217.194.0-255,5738,292388,73,309932
20832,0.042327,172.31.40.0-255,66,292454,73,309932
20833,0.044665,172.217.194.0-255,5738,298192,73,309932
20834,0.04468,172.31.40.0-255,66,298258,73,309932
20835,0.047152,172.217.194.0-255,5738,303996,73,309932
20836,0.047168,172.31.40.0-255,66,304062,73,309932
20837,0.049688,172.217.194.0-255,1484,305546,73,309932
20838,0.049715,172.217.194.0-255,4320,309866,73,309932
20839,0.049721,172.31.40.0-255,66,309932,73,309932
20840,0.0,74.125.24.0-255,219,219,73,158234
20841,2.5e-05,172.31.40.0-255,66,285,73,158234
20842,3.2e-05,74.125.24.0-255,1484,1769,73,158234
20843,3.7e-05,172.31.40.0-255,66,1835,73,158234
20844,4.5e-05,74.125.24.0-255,4320,6155,73,158234
20845,4.9e-05,172.31.40.0-255,66,6221,73,158234
20846,7e-05,172.31.40.0-255,66,6287,73,158234
20847,8.2e-05,172.31.40.0-255,66,6353,73,158234
20848,0.000147,172.31.40.0-255,66,6419,73,158234
20849,0.000149,74.125.24.0-255,766,7185,73,158234
20850,0.000152,172.31.40.0-255,66,7251,73,158234
20851,0.000428,74.125.24.0-255,1484,8735,73,158234
20852,0.000433,172.31.40.0-255,66,8801,73,158234
20853,0.000438,74.125.24.0-255,1484,10285,73,158234
20854,0.000439,172.31.40.0-255,66,10351,73,158234
20855,0.000461,74.125.24.0-255,1484,11835,73,158234
20856,0.000463,172.31.40.0-255,66,11901,73,158234
20857,0.000471,74.125.24.0-255,5738,17639,73,158234
20858,0.000474,172.31.40.0-255,66,17705,73,158234
20859,0.000479,74.125.24.0-255,4320,22025,73,158234
20860,0.000481,172.31.40.0-255,66,22091,73,158234
20861,0.00051,74.125.24.0-255,1484,23575,73,158234
20862,0.000512,172.31.40.0-255,66,23641,73,158234
20863,0.000523,74.125.24.0-255,1465,25106,73,158234
20864,0.000526,172.31.40.0-255,66,25172,73,158234
20865,0.000622,74.125.24.0-255,1484,26656,73,158234
20866,0.000627,74.125.24.0-255,2902,29558,73,158234
20867,0.000637,172.31.40.0-255,66,29624,73,158234
20868,0.00064,172.31.40.0-255,66,29690,73,158234
20869,0.000644,74.125.24.0-255,1484,31174,73,158234
20870,0.000677,74.125.24.0-255,4320,35494,73,158234
20871,0.000681,172.31.40.0-255,66,35560,73,158234
20872,0.000693,172.31.40.0-255,66,35626,73,158234
20873,0.00072,74.125.24.0-255,2902,38528,73,158234
20874,0.000722,172.31.40.0-255,66,38594,73,158234
20875,0.000729,74.125.24.0-255,5738,44332,73,158234
20876,0.000732,172.31.40.0-255,66,44398,73,158234
20877,0.000763,74.125.24.0-255,6438,50836,73,158234
20878,0.000766,172.31.40.0-255,66,50902,73,158234
20879,0.000944,74.125.24.0-255,1484,52386,73,158234
20880,0.000949,74.125.24.0-255,1484,53870,73,158234
20881,0.000952,172.31.40.0-255,66,53936,73,158234
20882,0.000974,74.125.24.0-255,1484,55420,73,158234
20883,0.000981,74.125.24.0-255,5738,61158,73,158234
20884,0.000983,172.31.40.0-255,66,61224,73,158234
20885,0.001005,74.125.24.0-255,4320,65544,73,158234
20886,0.001008,172.31.40.0-255,66,65610,73,158234
20887,0.001056,172.31.40.0-255,66,65676,73,158234
20888,0.001069,172.31.40.0-255,66,65742,73,158234
20889,0.001088,74.125.24.0-255,1484,67226,73,158234
20890,0.00111,74.125.24.0-255,2902,70128,73,158234
20891,0.001113,172.31.40.0-255,66,70194,73,158234
20892,0.00112,74.125.24.0-255,5738,75932,73,158234
20893,0.001122,172.31.40.0-255,66,75998,73,158234
20894,0.001125,74.125.24.0-255,1484,77482,73,158234
20895,0.001162,172.31.40.0-255,66,77548,73,158234
20896,0.001201,74.125.24.0-255,2902,80450,73,158234
20897,0.001204,172.31.40.0-255,66,80516,73,158234
20898,0.001219,74.125.24.0-255,5738,86254,73,158234
20899,0.001225,172.31.40.0-255,66,86320,73,158234
20900,0.001243,74.125.24.0-255,2184,88504,73,158234
20901,0.001248,172.31.40.0-255,66,88570,73,158234
20902,0.001345,74.125.24.0-255,1484,90054,73,158234
20903,0.001352,74.125.24.0-255,2902,92956,73,158234
20904,0.001355,172.31.40.0-255,66,93022,73,158234
20905,0.001378,74.125.24.0-255,5738,98760,73,158234
20906,0.001381,172.31.40.0-255,66,98826,73,158234
20907,0.001385,74.125.24.0-255,2902,101728,73,158234
20908,0.001387,172.31.40.0-255,66,101794,73,158234
20909,0.001432,172.31.40.0-255,66,101860,73,158234
20910,0.001443,172.31.40.0-255,66,101926,73,158234
20911,0.00161,74.125.24.0-255,1484,103410,73,158234
20912,0.001626,74.125.24.0-255,2902,106312,73,158234
20913,0.001629,172.31.40.0-255,66,106378,73,158234
20914,0.001636,74.125.24.0-255,5738,112116,73,158234
20915,0.001638,172.31.40.0-255,66,112182,73,158234
20916,0.001714,172.31.40.0-255,66,112248,73,158234
20917,0.001728,172.31.40.0-255,66,112314,73,158234
20918,0.001731,74.125.24.0-255,1484,113798,73,158234
20919,0.00179,172.31.40.0-255,66,113864,73,158234
20920,0.001801,172.31.40.0-255,66,113930,73,158234
20921,0.00184,74.125.24.0-255,4320,118250,73,158234
20922,0.001843,172.31.40.0-255,66,118316,73,158234
20923,0.001872,74.125.24.0-255,1484,119800,73,158234
20924,0.001878,74.125.24.0-255,7156,126956,73,158234
20925,0.001897,74.125.24.0-255,6438,133394,73,158234
20926,0.001903,172.31.40.0-255,66,133460,73,158234
20927,0.001905,172.31.40.0-255,66,133526,73,158234
20928,0.001913,172.31.40.0-255,66,133592,73,158234
20929,0.00193,74.125.24.0-255,5738,139330,73,158234
20930,0.001933,172.31.40.0-255,66,139396,73,158234
20931,0.001975,172.31.40.0-255,66,139462,73,158234
20932,0.001986,172.31.40.0-255,66,139528,73,158234
20933,0.002032,172.31.40.0-255,66,139594,73,158234
20934,0.002057,74.125.24.0-255,5738,145332,73,158234
20935,0.00206,172.31.40.0-255,66,145398,73,158234
20936,0.002075,172.31.40.0-255,66,145464,73,158234
20937,0.002081,74.125.24.0-255,5738,151202,73,158234
20938,0.002084,172.31.40.0-255,66,151268,73,158234
20939,0.002121,172.31.40.0-255,66,151334,73,158234
20940,0.002134,172.31.40.0-255,66,151400,73,158234
20941,0.002215,172.31.40.0-255,66,151466,73,158234
20942,0.002218,74.125.24.0-255,105,151571,73,158234
20943,0.004847,172.31.40.0-255,66,151637,73,158234
20944,0.004883,172.31.40.0-255,105,151742,73,158234
20945,0.0072,74.125.24.0-255,66,151808,73,158234
20946,0.044585,172.31.40.0-255,172,151980,73,158234
20947,0.044616,172.31.40.0-255,1114,153094,73,158234
20948,0.044683,172.31.40.0-255,1514,154608,73,158234
20949,0.044685,172.31.40.0-255,1514,156122,73,158234
20950,0.04469,172.31.40.0-255,1514,157636,73,158234
20951,0.044691,172.31.40.0-255,160,157796,73,158234
20952,0.04612,104.244.42.0-255,66,157862,73,158234
20953,0.046158,104.244.42.0-255,66,157928,73,158234
20954,0.046248,104.244.42.0-255,66,157994,73,158234
20955,0.046262,104.244.42.0-255,66,158060,73,158234
20956,0.047643,104.244.42.0-255,108,158168,73,158234
20957,0.047652,172.31.40.0-255,66,158234,73,158234
20958,0.0,172.217.26.0-255,219,219,73,263588
20959,1.6e-05,172.31.40.0-255,66,285,73,263588
20960,4.7e-05,172.217.26.0-255,1484,1769,73,263588
20961,5.2e-05,172.31.40.0-255,66,1835,73,263588
20962,5.7e-05,172.217.26.0-255,2902,4737,73,263588
20963,5.9e-05,172.31.40.0-255,66,4803,73,263588
20964,0.000101,172.217.26.0-255,5738,10541,73,263588
20965,0.000104,172.31.40.0-255,66,10607,73,263588
20966,0.000107,172.217.26.0-255,1484,12091,73,263588
20967,0.000109,172.31.40.0-255,66,12157,73,263588
20968,0.000113,172.217.26.0-255,1830,13987,73,263588
20969,0.000121,172.217.26.0-255,5738,19725,73,263588
20970,0.000136,172.31.40.0-255,66,19791,73,263588
20971,0.000138,172.31.40.0-255,66,19857,73,263588
20972,0.000139,172.31.40.0-255,66,19923,73,263588
20973,0.000176,172.217.26.0-255,2543,22466,73,263588
20974,0.000179,172.31.40.0-255,66,22532,73,263588
20975,0.000204,172.217.26.0-255,1484,24016,73,263588
20976,0.000207,172.31.40.0-255,66,24082,73,263588
20977,0.000237,172.217.26.0-255,1484,25566,73,263588
20978,0.000239,172.31.40.0-255,66,25632,73,263588
20979,0.000246,172.217.26.0-255,7156,32788,73,263588
20980,0.000248,172.31.40.0-255,66,32854,73,263588
20981,0.000259,172.217.26.0-255,5738,38592,73,263588
20982,0.000262,172.31.40.0-255,66,38658,73,263588
20983,0.000301,172.217.26.0-255,1125,39783,73,263588
20984,0.000303,172.31.40.0-255,66,39849,73,263588
20985,0.001132,172.217.26.0-255,1484,41333,73,263588
20986,0.001138,172.31.40.0-255,66,41399,73,263588
20987,0.001148,172.217.26.0-255,2902,44301,73,263588
20988,0.00115,172.31.40.0-255,66,44367,73,263588
20989,0.00116,172.217.26.0-255,2902,47269,73,263588
20990,0.001162,172.31.40.0-255,66,47335,73,263588
20991,0.001167,172.217.26.0-255,4320,51655,73,263588
20992,0.001169,172.31.40.0-255,66,51721,73,263588
20993,0.001211,172.217.26.0-255,2902,54623,73,263588
20994,0.001215,172.31.40.0-255,66,54689,73,263588
20995,0.001244,172.217.26.0-255,2543,57232,73,263588
20996,0.001246,172.31.40.0-255,66,57298,73,263588
20997,0.001315,172.217.26.0-255,1484,58782,73,263588
20998,0.00132,172.217.26.0-255,1484,60266,73,263588
20999,0.001323,172.31.40.0-255,66,60332,73,263588
21000,0.001353,172.217.26.0-255,1484,61816,73,263588
21001,0.00136,172.217.26.0-255,5738,67554,73,263588
21002,0.001363,172.31.40.0-255,66,67620,73,263588
21003,0.001368,172.217.26.0-255,4320,71940,73,263588
21004,0.00137,172.31.40.0-255,66,72006,73,263588
21005,0.001383,172.217.26.0-255,5379,77385,73,263588
21006,0.001385,172.31.40.0-255,66,77451,73,263588
21007,0.001391,172.217.26.0-255,5738,83189,73,263588
21008,0.001394,172.31.40.0-255,66,83255,73,263588
21009,0.001425,172.217.26.0-255,5738,88993,73,263588
21010,0.001427,172.31.40.0-255,66,89059,73,263588
21011,0.001432,172.217.26.0-255,2543,91602,73,263588
21012,0.001435,172.31.40.0-255,66,91668,73,263588
21013,0.00144,172.217.26.0-255,2902,94570,73,263588
21014,0.001442,172.31.40.0-255,66,94636,73,263588
21015,0.001494,172.217.26.0-255,5738,100374,73,263588
21016,0.001497,172.31.40.0-255,66,100440,73,263588
21017,0.001505,172.217.26.0-255,7156,107596,73,263588
21018,0.001507,172.31.40.0-255,66,107662,73,263588
21019,0.00151,172.217.26.0-255,1013,108675,73,263588
21020,0.001876,172.217.26.0-255,195,108870,73,263588
21021,0.002254,172.31.40.0-255,66,108936,73,263588
21022,0.003396,172.217.26.0-255,2902,111838,73,263588
21023,0.003403,172.31.40.0-255,66,111904,73,263588
21024,0.004147,172.217.26.0-255,2902,114806,73,263588
21025,0.004151,172.31.40.0-255,66,114872,73,263588
21026,0.005281,172.217.26.0-255,2902,117774,73,263588
21027,0.005283,172.31.40.0-255,66,117840,73,263588
21028,0.006048,172.217.26.0-255,2902,120742,73,263588
21029,0.006054,172.31.40.0-255,66,120808,73,263588
21030,0.007254,172.217.26.0-255,2902,123710,73,263588
21031,0.00726,172.31.40.0-255,66,123776,73,263588
21032,0.00794,172.217.26.0-255,2902,126678,73,263588
21033,0.007946,172.31.40.0-255,66,126744,73,263588
21034,0.009158,172.217.26.0-255,2902,129646,73,263588
21035,0.009163,172.31.40.0-255,66,129712,73,263588
21036,0.009839,172.217.26.0-255,2902,132614,73,263588
21037,0.009861,172.31.40.0-255,66,132680,73,263588
21038,0.01105,172.217.26.0-255,2902,135582,73,263588
21039,0.011057,172.31.40.0-255,66,135648,73,263588
21040,0.011743,172.217.26.0-255,2902,138550,73,263588
21041,0.01175,172.31.40.0-255,66,138616,73,263588
21042,0.012956,172.217.26.0-255,2902,141518,73,263588
21043,0.012963,172.31.40.0-255,66,141584,73,263588
21044,0.013642,172.217.26.0-255,2902,144486,73,263588
21045,0.013647,172.31.40.0-255,66,144552,73,263588
21046,0.014857,172.217.26.0-255,2902,147454,73,263588
21047,0.014864,172.31.40.0-255,66,147520,73,263588
21048,0.015541,172.217.26.0-255,2902,150422,73,263588
21049,0.015547,172.31.40.0-255,66,150488,73,263588
21050,0.016757,172.217.26.0-255,2902,153390,73,263588
21051,0.016764,172.31.40.0-255,66,153456,73,263588
21052,0.017434,172.217.26.0-255,2902,156358,73,263588
21053,0.01744,172.31.40.0-255,66,156424,73,263588
21054,0.018658,172.217.26.0-255,2902,159326,73,263588
21055,0.018666,172.31.40.0-255,66,159392,73,263588
21056,0.019326,172.217.26.0-255,2902,162294,73,263588
21057,0.019332,172.31.40.0-255,66,162360,73,263588
21058,0.020558,172.217.26.0-255,2902,165262,73,263588
21059,0.020565,172.31.40.0-255,66,165328,73,263588
21060,0.021222,172.217.26.0-255,2902,168230,73,263588
21061,0.021229,172.31.40.0-255,66,168296,73,263588
21062,0.022466,172.217.26.0-255,2902,171198,73,263588
21063,0.022473,172.31.40.0-255,66,171264,73,263588
21064,0.023113,172.217.26.0-255,2902,174166,73,263588
21065,0.023119,172.31.40.0-255,66,174232,73,263588
21066,0.024379,172.217.26.0-255,2902,177134,73,263588
21067,0.024386,172.31.40.0-255,66,177200,73,263588
21068,0.025008,172.217.26.0-255,2902,180102,73,263588
21069,0.025015,172.31.40.0-255,66,180168,73,263588
21070,0.026288,172.217.26.0-255,2902,183070,73,263588
21071,0.026294,172.31.40.0-255,66,183136,73,263588
21072,0.026911,172.217.26.0-255,2902,186038,73,263588
21073,0.026917,172.31.40.0-255,66,186104,73,263588
21074,0.028181,172.217.26.0-255,2902,189006,73,263588
21075,0.028189,172.31.40.0-255,66,189072,73,263588
21076,0.028811,172.217.26.0-255,2902,191974,73,263588
21077,0.028817,172.31.40.0-255,66,192040,73,263588
21078,0.030084,172.217.26.0-255,2902,194942,73,263588
21079,0.030091,172.31.40.0-255,66,195008,73,263588
21080,0.030715,172.217.26.0-255,2902,197910,73,263588
21081,0.030721,172.31.40.0-255,66,197976,73,263588
21082,0.031916,172.31.40.0-255,172,198148,73,263588
21083,0.031949,172.31.40.0-255,1115,199263,73,263588
21084,0.031986,172.217.26.0-255,2902,202165,73,263588
21085,0.031992,172.31.40.0-255,66,202231,73,263588
21086,0.032045,172.31.40.0-255,1514,203745,73,263588
21087,0.032048,172.31.40.0-255,1514,205259,73,263588
21088,0.032054,172.31.40.0-255,1514,206773,73,263588
21089,0.032055,172.31.40.0-255,159,206932,73,263588
21090,0.032624,172.217.26.0-255,2902,209834,73,263588
21091,0.032631,172.31.40.0-255,66,209900,73,263588
21092,0.033456,104.244.42.0-255,66,209966,73,263588
21093,0.033505,104.244.42.0-255,66,210032,73,263588
21094,0.033659,104.244.42.0-255,66,210098,73,263588
21095,0.033712,104.244.42.0-255,66,210164,73,263588
21096,0.033887,172.217.26.0-255,2902,213066,73,263588
21097,0.033895,172.31.40.0-255,66,213132,73,263588
21098,0.034553,172.217.26.0-255,2902,216034,73,263588
21099,0.03456,172.31.40.0-255,66,216100,73,263588
21100,0.035794,172.217.26.0-255,2902,219002,73,263588
21101,0.035801,172.31.40.0-255,66,219068,73,263588
21102,0.036469,172.217.26.0-255,2902,221970,73,263588
21103,0.036476,172.31.40.0-255,66,222036,73,263588
21104,0.037713,172.217.26.0-255,2902,224938,73,263588
21105,0.03772,172.31.40.0-255,66,225004,73,263588
21106,0.038427,172.217.26.0-255,2902,227906,73,263588
21107,0.038436,172.31.40.0-255,66,227972,73,263588
21108,0.039621,172.217.26.0-255,2902,230874,73,263588
21109,0.039628,172.31.40.0-255,66,230940,73,263588
21110,0.040339,172.217.26.0-255,2902,233842,73,263588
21111,0.040346,172.31.40.0-255,66,233908,73,263588
21112,0.041531,172.217.26.0-255,2902,236810,73,263588
21113,0.041538,172.31.40.0-255,66,236876,73,263588
21114,0.042242,172.217.26.0-255,2902,239778,73,263588
21115,0.042249,172.31.40.0-255,66,239844,73,263588
21116,0.043435,172.217.26.0-255,2902,242746,73,263588
21117,0.043442,172.31.40.0-255,66,242812,73,263588
21118,0.044151,172.217.26.0-255,2902,245714,73,263588
21119,0.044157,172.31.40.0-255,66,245780,73,263588
21120,0.04533,172.217.26.0-255,2902,248682,73,263588
21121,0.045337,172.31.40.0-255,66,248748,73,263588
21122,0.046056,172.217.26.0-255,2902,251650,73,263588
21123,0.046063,172.31.40.0-255,66,251716,73,263588
21124,0.047243,172.217.26.0-255,2902,254618,73,263588
21125,0.04725,172.31.40.0-255,66,254684,73,263588
21126,0.047953,172.217.26.0-255,2902,257586,73,263588
21127,0.047959,172.31.40.0-255,66,257652,73,263588
21128,0.04914,172.217.26.0-255,2902,260554,73,263588
21129,0.049147,172.31.40.0-255,66,260620,73,263588
21130,0.049883,172.217.26.0-255,2902,263522,73,263588
21131,0.049891,172.31.40.0-255,66,263588,73,263588
21132,0.0,74.125.24.0-255,146,146,73,273866
21133,1.7e-05,172.31.40.0-255,66,212,73,273866
21134,2.3e-05,74.125.24.0-255,1484,1696,73,273866
21135,2.7e-05,172.31.40.0-255,66,1762,73,273866
21136,3.2e-05,74.125.24.0-255,2902,4664,73,273866
21137,3.5e-05,172.31.40.0-255,66,4730,73,273866
21138,5.1e-05,74.125.24.0-255,7156,11886,73,273866
21139,5.4e-05,172.31.40.0-255,66,11952,73,273866
21140,8.7e-05,74.125.24.0-255,5738,17690,73,273866
21141,9e-05,172.31.40.0-255,66,17756,73,273866
21142,0.000113,74.125.24.0-255,4853,22609,73,273866
21143,0.000121,172.31.40.0-255,66,22675,73,273866
21144,0.000133,172.31.40.0-255,66,22741,73,273866
21145,0.000183,172.31.40.0-255,66,22807,73,273866
21146,0.000342,74.125.24.0-255,1484,24291,73,273866
21147,0.000347,172.31.40.0-255,66,24357,73,273866
21148,0.000365,74.125.24.0-255,2902,27259,73,273866
21149,0.000369,172.31.40.0-255,66,27325,73,273866
21150,0.000374,74.125.24.0-255,4320,31645,73,273866
21151,0.000379,172.31.40.0-255,66,31711,73,273866
21152,0.000397,74.125.24.0-255,1484,33195,73,273866
21153,0.0004,172.31.40.0-255,66,33261,73,273866
21154,0.00043,74.125.24.0-255,4320,37581,73,273866
21155,0.000435,172.31.40.0-255,66,37647,73,273866
21156,0.00046,74.125.24.0-255,3122,40769,73,273866
21157,0.000464,172.31.40.0-255,66,40835,73,273866
21158,0.000534,74.125.24.0-255,1484,42319,73,273866
21159,0.000538,172.31.40.0-255,66,42385,73,273866
21160,0.000552,74.125.24.0-255,2902,45287,73,273866
21161,0.000561,172.31.40.0-255,66,45353,73,273866
21162,0.000565,74.125.24.0-255,1484,46837,73,273866
21163,0.000596,74.125.24.0-255,4320,51157,73,273866
21164,0.000603,74.125.24.0-255,6249,57406,73,273866
21165,0.000608,172.31.40.0-255,66,57472,73,273866
21166,0.0007,74.125.24.0-255,1484,58956,73,273866
21167,0.000706,74.125.24.0-255,2902,61858,73,273866
21168,0.00071,172.31.40.0-255,66,61924,73,273866
21169,0.000736,74.125.24.0-255,5738,67662,73,273866
21170,0.000748,172.31.40.0-255,66,67728,73,273866
21171,0.00077,74.125.24.0-255,5738,73466,73,273866
21172,0.000774,172.31.40.0-255,66,73532,73,273866
21173,0.000799,74.125.24.0-255,1484,75016,73,273866
21174,0.000816,172.31.40.0-255,66,75082,73,273866
21175,0.000841,74.125.24.0-255,1484,76566,73,273866
21176,0.000866,74.125.24.0-255,6438,83004,73,273866
21177,0.000874,172.31.40.0-255,66,83070,73,273866
21178,0.000892,74.125.24.0-255,1484,84554,73,273866
21179,0.000901,74.125.24.0-255,2902,87456,73,273866
21180,0.000905,172.31.40.0-255,66,87522,73,273866
21181,0.000927,74.125.24.0-255,5738,93260,73,273866
21182,0.00093,172.31.40.0-255,66,93326,73,273866
21183,0.000933,74.125.24.0-255,1484,94810,73,273866
21184,0.000965,74.125.24.0-255,1484,96294,73,273866
21185,0.000966,172.31.40.0-255,66,96360,73,273866
21186,0.000995,74.125.24.0-255,5738,102098,73,273866
21187,0.001004,172.31.40.0-255,66,102164,73,273866
21188,0.00101,74.125.24.0-255,3602,105766,73,273866
21189,0.001019,172.31.40.0-255,66,105832,73,273866
21190,0.001394,74.125.24.0-255,1484,107316,73,273866
21191,0.001416,74.125.24.0-255,1484,108800,73,273866
21192,0.001419,172.31.40.0-255,66,108866,73,273866
21193,0.001442,74.125.24.0-255,1484,110350,73,273866
21194,0.001448,74.125.24.0-255,5738,116088,73,273866
21195,0.001451,172.31.40.0-255,66,116154,73,273866
21196,0.001507,74.125.24.0-255,5738,121892,73,273866
21197,0.001514,74.125.24.0-255,7156,129048,73,273866
21198,0.001514,172.31.40.0-255,66,129114,73,273866
21199,0.001519,172.31.40.0-255,66,129180,73,273866
21200,0.00153,172.31.40.0-255,66,129246,73,273866
21201,0.001892,74.125.24.0-255,1484,130730,73,273866
21202,0.001901,74.125.24.0-255,2902,133632,73,273866
21203,0.001904,172.31.40.0-255,66,133698,73,273866
21204,0.001908,74.125.24.0-255,1484,135182,73,273866
21205,0.001938,74.125.24.0-255,4320,139502,73,273866
21206,0.00194,172.31.40.0-255,66,139568,73,273866
21207,0.001947,74.125.24.0-255,7156,146724,73,273866
21208,0.001948,172.31.40.0-255,66,146790,73,273866
21209,0.001965,74.125.24.0-255,5738,152528,73,273866
21210,0.001989,74.125.24.0-255,1484,154012,73,273866
21211,0.002002,74.125.24.0-255,7156,161168,73,273866
21212,0.002016,74.125.24.0-255,2184,163352,73,273866
21213,0.002054,74.125.24.0-255,1484,164836,73,273866
21214,0.002066,74.125.24.0-255,2902,167738,73,273866
21215,0.002088,74.125.24.0-255,5738,173476,73,273866
21216,0.002109,74.125.24.0-255,5738,179214,73,273866
21217,0.002156,74.125.24.0-255,1484,180698,73,273866
21218,0.002161,74.125.24.0-255,5020,185718,73,273866
21219,0.002249,74.125.24.0-255,1484,187202,73,273866
21220,0.002254,74.125.24.0-255,2902,190104,73,273866
21221,0.002263,74.125.24.0-255,1484,191588,73,273866
21222,0.002277,74.125.24.0-255,4320,195908,73,273866
21223,0.002288,74.125.24.0-255,1484,197392,73,273866
21224,0.002308,74.125.24.0-255,7156,204548,73,273866
21225,0.002315,74.125.24.0-255,7156,211704,73,273866
21226,0.002329,74.125.24.0-255,2902,214606,73,273866
21227,0.002338,74.125.24.0-255,2902,217508,73,273866
21228,0.00235,74.125.24.0-255,2184,219692,73,273866
21229,0.002386,74.125.24.0-255,4320,224012,73,273866
21230,0.002397,74.125.24.0-255,1484,225496,73,273866
21231,0.0024,74.125.24.0-255,1484,226980,73,273866
21232,0.002413,74.125.24.0-255,5738,232718,73,273866
21233,0.002441,74.125.24.0-255,2902,235620,73,273866
21234,0.002463,74.125.24.0-255,1484,237104,73,273866
21235,0.002488,74.125.24.0-255,4320,241424,73,273866
21236,0.002575,74.125.24.0-255,2902,244326,73,273866
21237,0.002586,74.125.24.0-255,4320,248646,73,273866
21238,0.002625,74.125.24.0-255,5020,253666,73,273866
21239,0.002646,74.125.24.0-255,5020,258686,73,273866
21240,0.002681,74.125.24.0-255,5738,264424,73,273866
21241,0.004511,172.31.40.0-255,66,264490,73,273866
21242,0.007117,74.125.24.0-255,2713,267203,73,273866
21243,0.007121,172.31.40.0-255,66,267269,73,273866
21244,0.008534,172.31.40.0-255,105,267374,73,273866
21245,0.011131,74.125.24.0-255,66,267440,73,273866
21246,0.027492,172.31.40.0-255,172,267612,73,273866
21247,0.027523,172.31.40.0-255,1114,268726,73,273866
21248,0.027564,172.31.40.0-255,1514,270240,73,273866
21249,0.027566,172.31.40.0-255,1514,271754,73,273866
21250,0.02757,172.31.40.0-255,1514,273268,73,273866
21251,0.027571,172.31.40.0-255,160,273428,73,273866
21252,0.029028,104.244.42.0-255,66,273494,73,273866
21253,0.029225,104.244.42.0-255,66,273560,73,273866
21254,0.029227,104.244.42.0-255,66,273626,73,273866
21255,0.02923,104.244.42.0-255,66,273692,73,273866
21256,0.02983,104.244.42.0-255,108,273800,73,273866
21257,0.029851,172.31.40.0-255,66,273866,73,273866
21258,0.0,172.217.194.0-255,154,154,73,235613
21259,2.5e-05,172.31.40.0-255,66,220,73,235613
21260,3.2e-05,172.217.194.0-255,1484,1704,73,235613
21261,3.7e-05,172.31.40.0-255,66,1770,73,235613
21262,5.1e-05,172.217.194.0-255,2902,4672,73,235613
21263,5.5e-05,172.31.40.0-255,66,4738,73,235613
21264,6.2e-05,172.217.194.0-255,4320,9058,73,235613
21265,6.5e-05,172.31.40.0-255,66,9124,73,235613
21266,0.000104,172.217.194.0-255,2902,12026,73,235613
21267,0.000107,172.31.40.0-255,66,12092,73,235613
21268,0.000124,172.31.40.0-255,66,12158,73,235613
21269,0.000127,172.217.194.0-255,1484,13642,73,235613
21270,0.000129,172.31.40.0-255,66,13708,73,235613
21271,0.000176,172.31.40.0-255,66,13774,73,235613
21272,0.000183,172.217.194.0-255,5738,19512,73,235613
21273,0.000186,172.31.40.0-255,66,19578,73,235613
21274,0.000219,172.217.194.0-255,5738,25316,73,235613
21275,0.000221,172.31.40.0-255,66,25382,73,235613
21276,0.000242,172.217.194.0-255,5379,30761,73,235613
21277,0.000244,172.31.40.0-255,66,30827,73,235613
21278,0.000278,172.217.194.0-255,1484,32311,73,235613
21279,0.000281,172.31.40.0-255,66,32377,73,235613
21280,0.000284,172.217.194.0-255,1484,33861,73,235613
21281,0.000286,172.31.40.0-255,66,33927,73,235613
21282,0.000304,172.217.194.0-255,1484,35411,73,235613
21283,0.000307,172.31.40.0-255,66,35477,73,235613
21284,0.000313,172.217.194.0-255,5738,41215,73,235613
21285,0.000321,172.31.40.0-255,66,41281,73,235613
21286,0.000359,172.217.194.0-255,7091,48372,73,235613
21287,0.000362,172.31.40.0-255,66,48438,73,235613
21288,0.000373,172.217.194.0-255,383,48821,73,235613
21289,0.000569,172.217.194.0-255,1484,50305,73,235613
21290,0.000575,172.217.194.0-255,2902,53207,73,235613
21291,0.000598,172.217.194.0-255,5738,58945,73,235613
21292,0.000634,172.217.194.0-255,5738,64683,73,235613
21293,0.000642,172.31.40.0-255,66,64749,73,235613
21294,0.000667,172.31.40.0-255,66,64815,73,235613
21295,0.000727,172.31.40.0-255,66,64881,73,235613
21296,0.001383,172.217.194.0-255,1484,66365,73,235613
21297,0.00139,172.217.194.0-255,2902,69267,73,235613
21298,0.001393,172.31.40.0-255,66,69333,73,235613
21299,0.001429,172.217.194.0-255,5738,75071,73,235613
21300,0.001436,172.217.194.0-255,5738,80809,73,235613
21301,0.001446,172.31.40.0-255,66,80875,73,235613
21302,0.001462,172.217.194.0-255,7156,88031,73,235613
21303,0.001513,172.217.194.0-255,2184,90215,73,235613
21304,0.001518,172.31.40.0-255,66,90281,73,235613
21305,0.00207,172.217.194.0-255,1484,91765,73,235613
21306,0.002079,172.217.194.0-255,2902,94667,73,235613
21307,0.002083,172.31.40.0-255,66,94733,73,235613
21308,0.002091,172.217.194.0-255,5738,100471,73,235613
21309,0.002176,172.217.194.0-255,5738,106209,73,235613
21310,0.002184,172.217.194.0-255,5738,111947,73,235613
21311,0.002195,172.217.194.0-255,1484,113431,73,235613
21312,0.002233,172.217.194.0-255,6438,119869,73,235613
21313,0.004529,172.31.40.0-255,66,119935,73,235613
21314,0.006797,172.217.194.0-255,5738,125673,73,235613
21315,0.006804,172.31.40.0-255,66,125739,73,235613
21316,0.009107,172.217.194.0-255,5738,131477,73,235613
21317,0.00912,172.31.40.0-255,66,131543,73,235613
21318,0.011392,172.217.194.0-255,5738,137281,73,235613
21319,0.011411,172.31.40.0-255,66,137347,73,235613
21320,0.013679,172.217.194.0-255,5738,143085,73,235613
21321,0.014344,172.31.40.0-255,66,143151,73,235613
21322,0.016603,172.217.194.0-255,5738,148889,73,235613
21323,0.016611,172.31.40.0-255,66,148955,73,235613
21324,0.018881,172.217.194.0-255,5738,154693,73,235613
21325,0.018891,172.31.40.0-255,66,154759,73,235613
21326,0.021131,172.217.194.0-255,5738,160497,73,235613
21327,0.021138,172.31.40.0-255,66,160563,73,235613
21328,0.023412,172.217.194.0-255,5738,166301,73,235613
21329,0.02343,172.31.40.0-255,66,166367,73,235613
21330,0.02573,172.217.194.0-255,5738,172105,73,235613
21331,0.025747,172.31.40.0-255,66,172171,73,235613
21332,0.028022,172.217.194.0-255,5738,177909,73,235613
21333,0.028038,172.31.40.0-255,66,177975,73,235613
21334,0.030335,172.217.194.0-255,5738,183713,73,235613
21335,0.030355,172.31.40.0-255,66,183779,73,235613
21336,0.032615,172.217.194.0-255,5738,189517,73,235613
21337,0.032631,172.31.40.0-255,66,189583,73,235613
21338,0.034909,172.217.194.0-255,5738,195321,73,235613
21339,0.034925,172.31.40.0-255,66,195387,73,235613
21340,0.037202,172.217.194.0-255,5738,201125,73,235613
21341,0.037219,172.31.40.0-255,66,201191,73,235613
21342,0.039485,172.217.194.0-255,5738,206929,73,235613
21343,0.039492,172.31.40.0-255,66,206995,73,235613
21344,0.040388,172.31.40.0-255,172,207167,73,235613
21345,0.040421,172.31.40.0-255,1116,208283,73,235613
21346,0.040487,172.31.40.0-255,1514,209797,73,235613
21347,0.040488,172.31.40.0-255,1514,211311,73,235613
21348,0.04049,172.31.40.0-255,648,211959,73,235613
21349,0.041774,172.217.194.0-255,5738,217697,73,235613
21350,0.041783,172.31.40.0-255,66,217763,73,235613
21351,0.041881,104.244.42.0-255,66,217829,73,235613
21352,0.041982,104.244.42.0-255,66,217895,73,235613
21353,0.042032,104.244.42.0-255,66,217961,73,235613
21354,0.042036,104.244.42.0-255,66,218027,73,235613
21355,0.042767,104.244.42.0-255,108,218135,73,235613
21356,0.042777,172.31.40.0-255,66,218201,73,235613
21357,0.044052,172.217.194.0-255,5738,223939,73,235613
21358,0.044065,172.31.40.0-255,66,224005,73,235613
21359,0.046359,172.217.194.0-255,5738,229743,73,235613
21360,0.046379,172.31.40.0-255,66,229809,73,235613
21361,0.048699,172.217.194.0-255,5738,235547,73,235613
21362,0.048714,172.31.40.0-255,66,235613,73,235613
21363,0.0,74.125.68.0-255,143,143,73,222123
21364,2.4e-05,172.31.40.0-255,66,209,73,222123
21365,3.1e-05,74.125.68.0-255,1484,1693,73,222123
21366,3.6e-05,172.31.40.0-255,66,1759,73,222123
21367,3.9e-05,74.125.68.0-255,1484,3243,73,222123
21368,4.1e-05,172.31.40.0-255,66,3309,73,222123
21369,7.2e-05,74.125.68.0-255,2902,6211,73,222123
21370,7.6e-05,172.31.40.0-255,66,6277,73,222123
21371,8e-05,74.125.68.0-255,1484,7761,73,222123
21372,8.3e-05,172.31.40.0-255,66,7827,73,222123
21373,0.000101,74.125.68.0-255,4320,12147,73,222123
21374,0.000104,172.31.40.0-255,66,12213,73,222123
21375,0.000109,74.125.68.0-255,2129,14342,73,222123
21376,0.000112,172.31.40.0-255,66,14408,73,222123
21377,0.000117,74.125.68.0-255,2902,17310,73,222123
21378,0.000119,172.31.40.0-255,66,17376,73,222123
21379,0.000152,74.125.68.0-255,1484,18860,73,222123
21380,0.000154,172.31.40.0-255,66,18926,73,222123
21381,0.000183,74.125.68.0-255,5738,24664,73,222123
21382,0.000186,172.31.40.0-255,66,24730,73,222123
21383,0.00019,74.125.68.0-255,2902,27632,73,222123
21384,0.000192,172.31.40.0-255,66,27698,73,222123
21385,0.000197,74.125.68.0-255,3961,31659,73,222123
21386,0.000199,172.31.40.0-255,66,31725,73,222123
21387,0.000242,74.125.68.0-255,1484,33209,73,222123
21388,0.000245,172.31.40.0-255,66,33275,73,222123
21389,0.00025,74.125.68.0-255,2902,36177,73,222123
21390,0.000253,172.31.40.0-255,66,36243,73,222123
21391,0.000274,74.125.68.0-255,5738,41981,73,222123
21392,0.000278,172.31.40.0-255,66,42047,73,222123
21393,0.000292,74.125.68.0-255,1484,43531,73,222123
21394,0.000294,172.31.40.0-255,66,43597,73,222123
21395,0.00032,74.125.68.0-255,7156,50753,73,222123
21396,0.000322,172.31.40.0-255,66,50819,73,222123
21397,0.000339,74.125.68.0-255,4320,55139,73,222123
21398,0.000341,172.31.40.0-255,66,55205,73,222123
21399,0.000373,74.125.68.0-255,5738,60943,73,222123
21400,0.000376,172.31.40.0-255,66,61009,73,222123
21401,0.000381,74.125.68.0-255,4320,65329,73,222123
21402,0.000383,172.31.40.0-255,66,65395,73,222123
21403,0.000386,74.125.68.0-255,1126,66521,73,222123
21404,0.000423,74.125.68.0-255,349,66870,73,222123
21405,0.000594,74.125.68.0-255,1484,68354,73,222123
21406,0.000599,172.31.40.0-255,66,68420,73,222123
21407,0.000604,74.125.68.0-255,2902,71322,73,222123
21408,0.000607,172.31.40.0-255,66,71388,73,222123
21409,0.00061,74.125.68.0-255,1484,72872,73,222123
21410,0.000638,74.125.68.0-255,4320,77192,73,222123
21411,0.000641,172.31.40.0-255,66,77258,73,222123
21412,0.000656,74.125.68.0-255,5738,82996,73,222123
21413,0.000659,172.31.40.0-255,66,83062,73,222123
21414,0.000685,74.125.68.0-255,5379,88441,73,222123
21415,0.000688,172.31.40.0-255,66,88507,73,222123
21416,0.000701,172.31.40.0-255,66,88573,73,222123
21417,0.000704,74.125.68.0-255,1125,89698,73,222123
21418,0.001491,172.31.40.0-255,66,89764,73,222123
21419,0.0023,74.125.68.0-255,1484,91248,73,222123
21420,0.002312,74.125.68.0-255,2902,94150,73,222123
21421,0.002317,172.31.40.0-255,66,94216,73,222123
21422,0.002325,74.125.68.0-255,4320,98536,73,222123
21423,0.002327,172.31.40.0-255,66,98602,73,222123
21424,0.002341,74.125.68.0-255,1484,100086,73,222123
21425,0.002355,74.125.68.0-255,4320,104406,73,222123
21426,0.002358,172.31.40.0-255,66,104472,73,222123
21427,0.002377,74.125.68.0-255,2902,107374,73,222123
21428,0.002379,172.31.40.0-255,66,107440,73,222123
21429,0.002385,74.125.68.0-255,5738,113178,73,222123
21430,0.002387,172.31.40.0-255,66,113244,73,222123
21431,0.0024,74.125.68.0-255,2902,116146,73,222123
21432,0.002403,172.31.40.0-255,66,116212,73,222123
21433,0.002424,172.31.40.0-255,66,116278,73,222123
21434,0.004993,74.125.68.0-255,5738,122016,73,222123
21435,0.005,172.31.40.0-255,66,122082,73,222123
21436,0.007536,74.125.68.0-255,5738,127820,73,222123
21437,0.007542,172.31.40.0-255,66,127886,73,222123
21438,0.010074,74.125.68.0-255,5738,133624,73,222123
21439,0.010082,172.31.40.0-255,66,133690,73,222123
21440,0.01264,74.125.68.0-255,5738,139428,73,222123
21441,0.012657,172.31.40.0-255,66,139494,73,222123
21442,0.015203,74.125.68.0-255,5738,145232,73,222123
21443,0.015216,172.31.40.0-255,66,145298,73,222123
21444,0.01776,74.125.68.0-255,5738,151036,73,222123
21445,0.017775,172.31.40.0-255,66,151102,73,222123
21446,0.020331,74.125.68.0-255,5738,156840,73,222123
21447,0.020344,172.31.40.0-255,66,156906,73,222123
21448,0.022898,74.125.68.0-255,5738,162644,73,222123
21449,0.02291,172.31.40.0-255,66,162710,73,222123
21450,0.025468,74.125.68.0-255,5738,168448,73,222123
21451,0.025477,172.31.40.0-255,66,168514,73,222123
21452,0.028023,74.125.68.0-255,5738,174252,73,222123
21453,0.028032,172.31.40.0-255,66,174318,73,222123
21454,0.030583,74.125.68.0-255,5738,180056,73,222123
21455,0.030593,172.31.40.0-255,66,180122,73,222123
21456,0.033179,74.125.68.0-255,5738,185860,73,222123
21457,0.033187,172.31.40.0-255,66,185926,73,222123
21458,0.03385,172.31.40.0-255,172,186098,73,222123
21459,0.033888,172.31.40.0-255,1069,187167,73,222123
21460,0.035418,104.244.42.0-255,66,187233,73,222123
21461,0.035467,104.244.42.0-255,66,187299,73,222123
21462,0.035727,74.125.68.0-255,5738,193037,73,222123
21463,0.035734,172.31.40.0-255,66,193103,73,222123
21464,0.038282,74.125.68.0-255,5738,198841,73,222123
21465,0.038288,172.31.40.0-255,66,198907,73,222123
21466,0.040836,74.125.68.0-255,5738,204645,73,222123
21467,0.040843,172.31.40.0-255,66,204711,73,222123
21468,0.043384,74.125.68.0-255,5738,210449,73,222123
21469,0.043394,172.31.40.0-255,66,210515,73,222123
21470,0.04594,74.125.68.0-255,5738,216253,73,222123
21471,0.04595,172.31.40.0-255,66,216319,73,222123
21472,0.048498,74.125.68.0-255,5738,222057,73,222123
21473,0.048506,172.31.40.0-255,66,222123,73,222123
21474,0.0,74.125.24.0-255,147,147,73,181758
21475,1.5e-05,172.31.40.0-255,66,213,73,181758
21476,2.1e-05,74.125.24.0-255,1484,1697,73,181758
21477,2.7e-05,172.31.40.0-255,66,1763,73,181758
21478,5.4e-05,74.125.24.0-255,2902,4665,73,181758
21479,5.8e-05,172.31.40.0-255,66,4731,73,181758
21480,6.7e-05,74.125.24.0-255,2902,7633,73,181758
21481,7e-05,172.31.40.0-255,66,7699,73,181758
21482,0.000113,172.31.40.0-255,66,7765,73,181758
21483,0.000128,172.31.40.0-255,66,7831,73,181758
21484,0.000178,74.125.24.0-255,2543,10374,73,181758
21485,0.00018,172.31.40.0-255,66,10440,73,181758
21486,0.000486,74.125.24.0-255,1484,11924,73,181758
21487,0.000492,172.31.40.0-255,66,11990,73,181758
21488,0.000498,74.125.24.0-255,2902,14892,73,181758
21489,0.000501,172.31.40.0-255,66,14958,73,181758
21490,0.000507,74.125.24.0-255,5738,20696,73,181758
21491,0.00051,172.31.40.0-255,66,20762,73,181758
21492,0.000522,74.125.24.0-255,7156,27918,73,181758
21493,0.000525,172.31.40.0-255,66,27984,73,181758
21494,0.000567,172.31.40.0-255,66,28050,73,181758
21495,0.000586,74.125.24.0-255,4320,32370,73,181758
21496,0.000589,172.31.40.0-255,66,32436,73,181758
21497,0.00062,74.125.24.0-255,3602,36038,73,181758
21498,0.000623,172.31.40.0-255,66,36104,73,181758
21499,0.000813,74.125.24.0-255,645,36749,73,181758
21500,0.000818,172.31.40.0-255,66,36815,73,181758
21501,0.00086,74.125.24.0-255,1484,38299,73,181758
21502,0.000864,172.31.40.0-255,66,38365,73,181758
21503,0.000869,74.125.24.0-255,1484,39849,73,181758
21504,0.000894,74.125.24.0-255,2902,42751,73,181758
21505,0.000901,74.125.24.0-255,5738,48489,73,181758
21506,0.000916,74.125.24.0-255,5738,54227,73,181758
21507,0.00093,74.125.24.0-255,5738,59965,73,181758
21508,0.000943,74.125.24.0-255,1484,61449,73,181758
21509,0.000975,172.31.40.0-255,66,61515,73,181758
21510,0.001145,74.125.24.0-255,1484,62999,73,181758
21511,0.001152,74.125.24.0-255,2902,65901,73,181758
21512,0.001155,74.125.24.0-255,1484,67385,73,181758
21513,0.001176,74.125.24.0-255,4320,71705,73,181758
21514,0.001179,172.31.40.0-255,66,71771,73,181758
21515,0.001184,172.31.40.0-255,66,71837,73,181758
21516,0.001234,74.125.24.0-255,4831,76668,73,181758
21517,0.001241,74.125.24.0-255,5738,82406,73,181758
21518,0.001261,172.31.40.0-255,66,82472,73,181758
21519,0.001277,74.125.24.0-255,5020,87492,73,181758
21520,0.001283,172.31.40.0-255,66,87558,73,181758
21521,0.001373,74.125.24.0-255,1484,89042,73,181758
21522,0.001378,74.125.24.0-255,2902,91944,73,181758
21523,0.001395,172.31.40.0-255,66,92010,73,181758
21524,0.001402,74.125.24.0-255,5738,97748,73,181758
21525,0.001407,74.125.24.0-255,4320,102068,73,181758
21526,0.001429,74.125.24.0-255,5738,107806,73,181758
21527,0.001436,74.125.24.0-255,7156,114962,73,181758
21528,0.001439,172.31.40.0-255,66,115028,73,181758
21529,0.001459,74.125.24.0-255,4320,119348,73,181758
21530,0.001464,74.125.24.0-255,4320,123668,73,181758
21531,0.001481,74.125.24.0-255,5020,128688,73,181758
21532,0.001489,74.125.24.0-255,5738,134426,73,181758
21533,0.001506,74.125.24.0-255,4320,138746,73,181758
21534,0.001509,74.125.24.0-255,1484,140230,73,181758
21535,0.001574,172.31.40.0-255,66,140296,73,181758
21536,0.001585,74.125.24.0-255,6438,146734,73,181758
21537,0.001621,172.31.40.0-255,66,146800,73,181758
21538,0.001651,74.125.24.0-255,2902,149702,73,181758
21539,0.001656,74.125.24.0-255,3602,153304,73,181758
21540,0.001663,172.31.40.0-255,66,153370,73,181758
21541,0.001778,74.125.24.0-255,1484,154854,73,181758
21542,0.001802,74.125.24.0-255,2902,157756,73,181758
21543,0.001812,74.125.24.0-255,1484,159240,73,181758
21544,0.001828,74.125.24.0-255,4320,163560,73,181758
21545,0.001832,172.31.40.0-255,66,163626,73,181758
21546,0.001842,74.125.24.0-255,1484,165110,73,181758
21547,0.001846,172.31.40.0-255,66,165176,73,181758
21548,0.001913,172.31.40.0-255,66,165242,73,181758
21549,0.001932,172.31.40.0-255,66,165308,73,181758
21550,0.00197,74.125.24.0-255,1484,166792,73,181758
21551,0.001995,74.125.24.0-255,766,167558,73,181758
21552,0.001999,74.125.24.0-255,2902,170460,73,181758
21553,0.002026,172.31.40.0-255,66,170526,73,181758
21554,0.002058,172.31.40.0-255,66,170592,73,181758
21555,0.002113,74.125.24.0-255,6438,177030,73,181758
21556,0.002175,74.125.24.0-255,4320,181350,73,181758
21557,0.002189,172.31.40.0-255,66,181416,73,181758
21558,0.002223,74.125.24.0-255,105,181521,73,181758
21559,0.002237,172.31.40.0-255,66,181587,73,181758
21560,0.015438,172.31.40.0-255,105,181692,73,181758
21561,0.018096,74.125.24.0-255,66,181758,73,181758
21562,0.0,74.125.24.0-255,218,218,73,243357
21563,2.5e-05,172.31.40.0-255,66,284,73,243357
21564,3.3e-05,74.125.24.0-255,1484,1768,73,243357
21565,3.7e-05,172.31.40.0-255,66,1834,73,243357
21566,5.1e-05,74.125.24.0-255,4320,6154,73,243357
21567,5.5e-05,172.31.40.0-255,66,6220,73,243357
21568,7.8e-05,74.125.24.0-255,4320,10540,73,243357
21569,8.1e-05,172.31.40.0-255,66,10606,73,243357
21570,0.000108,74.125.24.0-255,3122,13728,73,243357
21571,0.000115,172.31.40.0-255,66,13794,73,243357
21572,0.000119,74.125.24.0-255,1484,15278,73,243357
21573,0.000122,172.31.40.0-255,66,15344,73,243357
21574,0.000125,74.125.24.0-255,2902,18246,73,243357
21575,0.000128,172.31.40.0-255,66,18312,73,243357
21576,0.000134,74.125.24.0-255,5738,24050,73,243357
21577,0.000137,172.31.40.0-255,66,24116,73,243357
21578,0.00014,74.125.24.0-255,1484,25600,73,243357
21579,0.000143,172.31.40.0-255,66,25666,73,243357
21580,0.000176,74.125.24.0-255,4320,29986,73,243357
21581,0.000179,172.31.40.0-255,66,30052,73,243357
21582,0.000182,74.125.24.0-255,1125,31177,73,243357
21583,0.000184,172.31.40.0-255,66,31243,73,243357
21584,0.000644,74.125.24.0-255,1484,32727,73,243357
21585,0.00065,172.31.40.0-255,66,32793,73,243357
21586,0.000657,74.125.24.0-255,2902,35695,73,243357
21587,0.00066,172.31.40.0-255,66,35761,73,243357
21588,0.000672,74.125.24.0-255,5738,41499,73,243357
21589,0.000674,172.31.40.0-255,66,41565,73,243357
21590,0.000677,74.125.24.0-255,1484,43049,73,243357
21591,0.000679,172.31.40.0-255,66,43115,73,243357
21592,0.000716,74.125.24.0-255,5379,48494,73,243357
21593,0.000723,74.125.24.0-255,7156,55650,73,243357
21594,0.000729,172.31.40.0-255,66,55716,73,243357
21595,0.000736,172.31.40.0-255,66,55782,73,243357
21596,0.000743,74.125.24.0-255,5738,61520,73,243357
21597,0.000749,172.31.40.0-255,66,61586,73,243357
21598,0.000782,74.125.24.0-255,3961,65547,73,243357
21599,0.000784,172.31.40.0-255,66,65613,73,243357
21600,0.000788,74.125.24.0-255,413,66026,73,243357
21601,0.001126,172.31.40.0-255,66,66092,73,243357
21602,0.001475,74.125.24.0-255,1484,67576,73,243357
21603,0.001511,74.125.24.0-255,2902,70478,73,243357
21604,0.001515,172.31.40.0-255,66,70544,73,243357
21605,0.001522,74.125.24.0-255,4320,74864,73,243357
21606,0.001525,172.31.40.0-255,66,74930,73,243357
21607,0.001572,172.31.40.0-255,66,74996,73,243357
21608,0.001613,74.125.24.0-255,1484,76480,73,243357
21609,0.001618,74.125.24.0-255,2902,79382,73,243357
21610,0.001621,172.31.40.0-255,66,79448,73,243357
21611,0.001628,74.125.24.0-255,5738,85186,73,243357
21612,0.00163,172.31.40.0-255,66,85252,73,243357
21613,0.001692,74.125.24.0-255,6797,92049,73,243357
21614,0.001695,172.31.40.0-255,66,92115,73,243357
21615,0.002031,74.125.24.0-255,1484,93599,73,243357
21616,0.00205,74.125.24.0-255,2902,96501,73,243357
21617,0.002054,172.31.40.0-255,66,96567,73,243357
21618,0.002062,74.125.24.0-255,5738,102305,73,243357
21619,0.002065,172.31.40.0-255,66,102371,73,243357
21620,0.002085,172.31.40.0-255,66,102437,73,243357
21621,0.002105,172.31.40.0-255,66,102503,73,243357
21622,0.002119,172.31.40.0-255,66,102569,73,243357
21623,0.002133,172.31.40.0-255,66,102635,73,243357
21624,0.00221,74.125.24.0-255,1484,104119,73,243357
21625,0.002234,74.125.24.0-255,2902,107021,73,243357
21626,0.002237,172.31.40.0-255,66,107087,73,243357
21627,0.002244,74.125.24.0-255,4320,111407,73,243357
21628,0.002247,172.31.40.0-255,66,111473,73,243357
21629,0.002281,74.125.24.0-255,1484,112957,73,243357
21630,0.002293,172.31.40.0-255,66,113023,73,243357
21631,0.002305,172.31.40.0-255,66,113089,73,243357
21632,0.002336,74.125.24.0-255,1484,114573,73,243357
21633,0.002343,74.125.24.0-255,5020,119593,73,243357
21634,0.002345,172.31.40.0-255,66,119659,73,243357
21635,0.002511,74.125.24.0-255,1484,121143,73,243357
21636,0.002517,74.125.24.0-255,1484,122627,73,243357
21637,0.00252,172.31.40.0-255,66,122693,73,243357
21638,0.002558,74.125.24.0-255,1484,124177,73,243357
21639,0.002566,74.125.24.0-255,5738,129915,73,243357
21640,0.00257,172.31.40.0-255,66,129981,73,243357
21641,0.002576,74.125.24.0-255,5738,135719,73,243357
21642,0.002579,172.31.40.0-255,66,135785,73,243357
21643,0.00259,74.125.24.0-255,7156,142941,73,243357
21644,0.002593,172.31.40.0-255,66,143007,73,243357
21645,0.002597,74.125.24.0-255,2902,145909,73,243357
21646,0.0026,172.31.40.0-255,66,145975,73,243357
21647,0.002641,172.31.40.0-255,66,146041,73,243357
21648,0.005305,74.125.24.0-255,5738,151779,73,243357
21649,0.005313,172.31.40.0-255,66,151845,73,243357
21650,0.007977,74.125.24.0-255,5738,157583,73,243357
21651,0.007992,172.31.40.0-255,66,157649,73,243357
21652,0.010653,74.125.24.0-255,5738,163387,73,243357
21653,0.010662,172.31.40.0-255,66,163453,73,243357
21654,0.01336,74.125.24.0-255,5738,169191,73,243357
21655,0.013381,172.31.40.0-255,66,169257,73,243357
21656,0.016064,74.125.24.0-255,5738,174995,73,243357
21657,0.01608,172.31.40.0-255,66,175061,73,243357
21658,0.018732,74.125.24.0-255,5738,180799,73,243357
21659,0.018752,172.31.40.0-255,66,180865,73,243357
21660,0.021455,74.125.24.0-255,5738,186603,73,243357
21661,0.021474,172.31.40.0-255,66,186669,73,243357
21662,0.024127,74.125.24.0-255,5738,192407,73,243357
21663,0.024141,172.31.40.0-255,66,192473,73,243357
21664,0.026815,74.125.24.0-255,5738,198211,73,243357
21665,0.026831,172.31.40.0-255,66,198277,73,243357
21666,0.029494,74.125.24.0-255,5738,204015,73,243357
21667,0.029509,172.31.40.0-255,66,204081,73,243357
21668,0.032196,74.125.24.0-255,5738,209819,73,243357
21669,0.032212,172.31.40.0-255,66,209885,73,243357
21670,0.034916,74.125.24.0-255,4320,214205,73,243357
21671,0.034935,172.31.40.0-255,66,214271,73,243357
21672,0.034972,74.125.24.0-255,1484,215755,73,243357
21673,0.037577,74.125.24.0-255,4320,220075,73,243357
21674,0.037591,172.31.40.0-255,66,220141,73,243357
21675,0.040291,74.125.24.0-255,5738,225879,73,243357
21676,0.040312,172.31.40.0-255,66,225945,73,243357
21677,0.042993,74.125.24.0-255,5738,231683,73,243357
21678,0.04301,172.31.40.0-255,66,231749,73,243357
21679,0.045687,74.125.24.0-255,5738,237487,73,243357
21680,0.045706,172.31.40.0-255,66,237553,73,243357
21681,0.0484,74.125.24.0-255,5738,243291,73,243357
21682,0.048421,172.31.40.0-255,66,243357,73,243357
21683,0.0,172.31.40.0-255,105,105,73,459
21684,0.000179,172.31.40.0-255,90,195,73,459
21685,0.00019,172.31.40.0-255,66,261,73,459
21686,0.002431,74.125.68.0-255,66,327,73,459
21687,0.002463,74.125.68.0-255,66,393,73,459
21688,0.002479,172.31.40.0-255,66,459,73,459
21689,0.0,74.125.24.0-255,143,143,73,249724
21690,2.3e-05,172.31.40.0-255,66,209,73,249724
21691,2.9e-05,74.125.24.0-255,1484,1693,73,249724
21692,3.3e-05,172.31.40.0-255,66,1759,73,249724
21693,3.6e-05,74.125.24.0-255,1484,3243,73,249724
21694,3.9e-05,172.31.40.0-255,66,3309,73,249724
21695,6.9e-05,74.125.24.0-255,1484,4793,73,249724
21696,7.2e-05,172.31.40.0-255,66,4859,73,249724
21697,7.9e-05,74.125.24.0-255,5738,10597,73,249724
21698,8.1e-05,172.31.40.0-255,66,10663,73,249724
21699,9e-05,74.125.24.0-255,3346,14009,73,249724
21700,9.2e-05,172.31.40.0-255,66,14075,73,249724
21701,0.000183,74.125.24.0-255,1484,15559,73,249724
21702,0.000186,172.31.40.0-255,66,15625,73,249724
21703,0.000191,74.125.24.0-255,2902,18527,73,249724
21704,0.000193,172.31.40.0-255,66,18593,73,249724
21705,0.000221,74.125.24.0-255,5738,24331,73,249724
21706,0.000224,172.31.40.0-255,66,24397,73,249724
21707,0.000249,74.125.24.0-255,4320,28717,73,249724
21708,0.000252,172.31.40.0-255,66,28783,73,249724
21709,0.000279,74.125.24.0-255,2543,31326,73,249724
21710,0.000281,172.31.40.0-255,66,31392,73,249724
21711,0.000287,74.125.24.0-255,7156,38548,73,249724
21712,0.000289,172.31.40.0-255,66,38614,73,249724
21713,0.000295,74.125.24.0-255,5738,44352,73,249724
21714,0.000301,172.31.40.0-255,66,44418,73,249724
21715,0.000326,74.125.24.0-255,3961,48379,73,249724
21716,0.000332,172.31.40.0-255,66,48445,73,249724
21717,0.000836,74.125.24.0-255,1484,49929,73,249724
21718,0.000843,172.31.40.0-255,66,49995,73,249724
21719,0.000848,74.125.24.0-255,1484,51479,73,249724
21720,0.00085,172.31.40.0-255,66,51545,73,249724
21721,0.000873,74.125.24.0-255,1484,53029,73,249724
21722,0.000881,74.125.24.0-255,5738,58767,73,249724
21723,0.000889,172.31.40.0-255,66,58833,73,249724
21724,0.000893,74.125.24.0-255,2902,61735,73,249724
21725,0.000895,172.31.40.0-255,66,61801,73,249724
21726,0.000944,74.125.24.0-255,4542,66343,73,249724
21727,0.000947,172.31.40.0-255,66,66409,73,249724
21728,0.001064,74.125.24.0-255,1484,67893,73,249724
21729,0.001107,74.125.24.0-255,2902,70795,73,249724
21730,0.001111,172.31.40.0-255,66,70861,73,249724
21731,0.001117,74.125.24.0-255,4320,75181,73,249724
21732,0.001119,172.31.40.0-255,66,75247,73,249724
21733,0.001156,172.31.40.0-255,66,75313,73,249724
21734,0.001159,74.125.24.0-255,1484,76797,73,249724
21735,0.001189,172.31.40.0-255,66,76863,73,249724
21736,0.001193,74.125.24.0-255,2184,79047,73,249724
21737,0.001195,172.31.40.0-255,66,79113,73,249724
21738,0.001239,74.125.24.0-255,1484,80597,73,249724
21739,0.001245,74.125.24.0-255,2902,83499,73,249724
21740,0.001248,172.31.40.0-255,66,83565,73,249724
21741,0.001286,74.125.24.0-255,2902,86467,73,249724
21742,0.001288,172.31.40.0-255,66,86533,73,249724
21743,0.001315,74.125.24.0-255,2902,89435,73,249724
21744,0.001318,172.31.40.0-255,66,89501,73,249724
21745,0.001325,74.125.24.0-255,7156,96657,73,249724
21746,0.001328,172.31.40.0-255,66,96723,73,249724
21747,0.001349,172.31.40.0-255,66,96789,73,249724
21748,0.001353,74.125.24.0-255,2184,98973,73,249724
21749,0.001355,172.31.40.0-255,66,99039,73,249724
21750,0.001408,74.125.24.0-255,1484,100523,73,249724
21751,0.001421,74.125.24.0-255,2902,103425,73,249724
21752,0.001423,172.31.40.0-255,66,103491,73,249724
21753,0.001429,74.125.24.0-255,4320,107811,73,249724
21754,0.001431,172.31.40.0-255,66,107877,73,249724
21755,0.001458,74.125.24.0-255,1484,109361,73,249724
21756,0.001465,74.125.24.0-255,5738,115099,73,249724
21757,0.001468,172.31.40.0-255,66,115165,73,249724
21758,0.00148,172.31.40.0-255,66,115231,73,249724
21759,0.001506,74.125.24.0-255,2902,118133,73,249724
21760,0.001508,172.31.40.0-255,66,118199,73,249724
21761,0.001515,74.125.24.0-255,5020,123219,73,249724
21762,0.001518,172.31.40.0-255,66,123285,73,249724
21763,0.001725,74.125.24.0-255,1484,124769,73,249724
21764,0.001745,74.125.24.0-255,2902,127671,73,249724
21765,0.001749,172.31.40.0-255,66,127737,73,249724
21766,0.001757,74.125.24.0-255,5738,133475,73,249724
21767,0.00176,172.31.40.0-255,66,133541,73,249724
21768,0.001784,74.125.24.0-255,4320,137861,73,249724
21769,0.001786,172.31.40.0-255,66,137927,73,249724
21770,0.001828,172.31.40.0-255,66,137993,73,249724
21771,0.001832,74.125.24.0-255,2902,140895,73,249724
21772,0.001834,172.31.40.0-255,66,140961,73,249724
21773,0.00187,172.31.40.0-255,66,141027,73,249724
21774,0.002055,74.125.24.0-255,1484,142511,73,249724
21775,0.002062,74.125.24.0-255,2902,145413,73,249724
21776,0.002066,172.31.40.0-255,66,145479,73,249724
21777,0.002072,74.125.24.0-255,4320,149799,73,249724
21778,0.002074,172.31.40.0-255,66,149865,73,249724
21779,0.002092,74.125.24.0-255,1484,151349,73,249724
21780,0.002099,74.125.24.0-255,5738,157087,73,249724
21781,0.002101,172.31.40.0-255,66,157153,73,249724
21782,0.002131,74.125.24.0-255,7156,164309,73,249724
21783,0.002133,172.31.40.0-255,66,164375,73,249724
21784,0.00214,74.125.24.0-255,7156,171531,73,249724
21785,0.002142,172.31.40.0-255,66,171597,73,249724
21786,0.00222,74.125.24.0-255,1484,173081,73,249724
21787,0.002273,74.125.24.0-255,4320,177401,73,249724
21788,0.002321,74.125.24.0-255,4320,181721,73,249724
21789,0.002335,74.125.24.0-255,2902,184623,73,249724
21790,0.002374,74.125.24.0-255,5738,190361,73,249724
21791,0.002396,74.125.24.0-255,2902,193263,73,249724
21792,0.00242,74.125.24.0-255,1484,194747,73,249724
21793,0.002433,74.125.24.0-255,5020,199767,73,249724
21794,0.002438,74.125.24.0-255,2902,202669,73,249724
21795,0.002457,74.125.24.0-255,4320,206989,73,249724
21796,0.002473,74.125.24.0-255,2902,209891,73,249724
21797,0.002562,74.125.24.0-255,1484,211375,73,249724
21798,0.002582,74.125.24.0-255,2902,214277,73,249724
21799,0.002585,74.125.24.0-255,1484,215761,73,249724
21800,0.002601,74.125.24.0-255,2902,218663,73,249724
21801,0.002618,74.125.24.0-255,1484,220147,73,249724
21802,0.002623,74.125.24.0-255,4320,224467,73,249724
21803,0.002641,74.125.24.0-255,1484,225951,73,249724
21804,0.002665,74.125.24.0-255,5738,231689,73,249724
21805,0.00267,74.125.24.0-255,3602,235291,73,249724
21806,0.011271,172.31.40.0-255,66,235357,73,249724
21807,0.012658,74.125.24.0-255,1484,236841,73,249724
21808,0.013876,74.125.24.0-255,4320,241161,73,249724
21809,0.013883,172.31.40.0-255,66,241227,73,249724
21810,0.016544,74.125.24.0-255,5738,246965,73,249724
21811,0.01656,172.31.40.0-255,66,247031,73,249724
21812,0.019183,74.125.24.0-255,2456,249487,73,249724
21813,0.019191,172.31.40.0-255,66,249553,73,249724
21814,0.01948,172.31.40.0-255,105,249658,73,249724
21815,0.02207,74.125.24.0-255,66,249724,73,249724
21816,0.0,74.125.68.0-255,148,148,73,249518
21817,1.6e-05,172.31.40.0-255,66,214,73,249518
21818,3.4e-05,74.125.68.0-255,1484,1698,73,249518
21819,3.9e-05,172.31.40.0-255,66,1764,73,249518
21820,5.6e-05,74.125.68.0-255,2902,4666,73,249518
21821,5.8e-05,172.31.40.0-255,66,4732,73,249518
21822,7.2e-05,74.125.68.0-255,2902,7634,73,249518
21823,7.4e-05,172.31.40.0-255,66,7700,73,249518
21824,0.000435,74.125.68.0-255,2902,10602,73,249518
21825,0.000441,172.31.40.0-255,66,10668,73,249518
21826,0.000449,74.125.68.0-255,3518,14186,73,249518
21827,0.000451,172.31.40.0-255,66,14252,73,249518
21828,0.000473,74.125.68.0-255,1484,15736,73,249518
21829,0.000476,172.31.40.0-255,66,15802,73,249518
21830,0.000495,74.125.68.0-255,2902,18704,73,249518
21831,0.000497,172.31.40.0-255,66,18770,73,249518
21832,0.000526,74.125.68.0-255,5738,24508,73,249518
21833,0.000529,172.31.40.0-255,66,24574,73,249518
21834,0.000536,74.125.68.0-255,6797,31371,73,249518
21835,0.000538,172.31.40.0-255,66,31437,73,249518
21836,0.000796,74.125.68.0-255,1484,32921,73,249518
21837,0.000802,172.31.40.0-255,66,32987,73,249518
21838,0.000808,74.125.68.0-255,2902,35889,73,249518
21839,0.00081,172.31.40.0-255,66,35955,73,249518
21840,0.000832,74.125.68.0-255,2902,38857,73,249518
21841,0.000834,172.31.40.0-255,66,38923,73,249518
21842,0.00086,74.125.68.0-255,4320,43243,73,249518
21843,0.000863,172.31.40.0-255,66,43309,73,249518
21844,0.000896,74.125.68.0-255,4320,47629,73,249518
21845,0.000899,172.31.40.0-255,66,47695,73,249518
21846,0.000911,74.125.68.0-255,1125,48820,73,249518
21847,0.000914,172.31.40.0-255,66,48886,73,249518
21848,0.000936,74.125.68.0-255,2902,51788,73,249518
21849,0.000939,172.31.40.0-255,66,51854,73,249518
21850,0.000956,74.125.68.0-255,1484,53338,73,249518
21851,0.000982,74.125.68.0-255,4320,57658,73,249518
21852,0.000985,172.31.40.0-255,66,57724,73,249518
21853,0.001018,74.125.68.0-255,5738,63462,73,249518
21854,0.001022,172.31.40.0-255,66,63528,73,249518
21855,0.001025,74.125.68.0-255,1484,65012,73,249518
21856,0.001042,74.125.68.0-255,1433,66445,73,249518
21857,0.001044,172.31.40.0-255,66,66511,73,249518
21858,0.001077,74.125.68.0-255,113,66624,73,249518
21859,0.001195,74.125.68.0-255,1484,68108,73,249518
21860,0.001202,172.31.40.0-255,66,68174,73,249518
21861,0.001217,74.125.68.0-255,2902,71076,73,249518
21862,0.00122,172.31.40.0-255,66,71142,73,249518
21863,0.001223,74.125.68.0-255,1484,72626,73,249518
21864,0.001248,74.125.68.0-255,4320,76946,73,249518
21865,0.00125,172.31.40.0-255,66,77012,73,249518
21866,0.001258,74.125.68.0-255,7156,84168,73,249518
21867,0.00126,172.31.40.0-255,66,84234,73,249518
21868,0.001281,74.125.68.0-255,2902,87136,73,249518
21869,0.001283,172.31.40.0-255,66,87202,73,249518
21870,0.001303,172.31.40.0-255,66,87268,73,249518
21871,0.001324,74.125.68.0-255,2902,90170,73,249518
21872,0.001326,172.31.40.0-255,66,90236,73,249518
21873,0.001331,74.125.68.0-255,2184,92420,73,249518
21874,0.001333,172.31.40.0-255,66,92486,73,249518
21875,0.001693,74.125.68.0-255,1484,93970,73,249518
21876,0.001713,74.125.68.0-255,2902,96872,73,249518
21877,0.001717,172.31.40.0-255,66,96938,73,249518
21878,0.001763,74.125.68.0-255,1484,98422,73,249518
21879,0.001781,74.125.68.0-255,1484,99906,73,249518
21880,0.001785,172.31.40.0-255,66,99972,73,249518
21881,0.001802,74.125.68.0-255,2902,102874,73,249518
21882,0.001805,172.31.40.0-255,66,102940,73,249518
21883,0.001829,74.125.68.0-255,4320,107260,73,249518
21884,0.001831,172.31.40.0-255,66,107326,73,249518
21885,0.001848,74.125.68.0-255,1484,108810,73,249518
21886,0.001863,74.125.68.0-255,7156,115966,73,249518
21887,0.001866,172.31.40.0-255,66,116032,73,249518
21888,0.001893,74.125.68.0-255,4320,120352,73,249518
21889,0.001896,172.31.40.0-255,66,120418,73,249518
21890,0.001917,74.125.68.0-255,2902,123320,73,249518
21891,0.001919,172.31.40.0-255,66,123386,73,249518
21892,0.001938,74.125.68.0-255,1484,124870,73,249518
21893,0.001954,74.125.68.0-255,2184,127054,73,249518
21894,0.001958,172.31.40.0-255,66,127120,73,249518
21895,0.004231,74.125.68.0-255,1484,128604,73,249518
21896,0.004267,74.125.68.0-255,4320,132924,73,249518
21897,0.004271,172.31.40.0-255,66,132990,73,249518
21898,0.006597,74.125.68.0-255,5738,138728,73,249518
21899,0.006605,172.31.40.0-255,66,138794,73,249518
21900,0.00894,74.125.68.0-255,5738,144532,73,249518
21901,0.008949,172.31.40.0-255,66,144598,73,249518
21902,0.011273,74.125.68.0-255,5738,150336,73,249518
21903,0.011281,172.31.40.0-255,66,150402,73,249518
21904,0.013603,74.125.68.0-255,5738,156140,73,249518
21905,0.013611,172.31.40.0-255,66,156206,73,249518
21906,0.015984,74.125.68.0-255,5738,161944,73,249518
21907,0.015997,172.31.40.0-255,66,162010,73,249518
21908,0.018322,74.125.68.0-255,5738,167748,73,249518
21909,0.018331,172.31.40.0-255,66,167814,73,249518
21910,0.020666,74.125.68.0-255,5738,173552,73,249518
21911,0.020676,172.31.40.0-255,66,173618,73,249518
21912,0.023,74.125.68.0-255,5738,179356,73,249518
21913,0.023008,172.31.40.0-255,66,179422,73,249518
21914,0.025381,74.125.68.0-255,5738,185160,73,249518
21915,0.025391,172.31.40.0-255,66,185226,73,249518
21916,0.027505,172.31.40.0-255,172,185398,73,249518
21917,0.027539,172.31.40.0-255,1116,186514,73,249518
21918,0.027603,172.31.40.0-255,1514,188028,73,249518
21919,0.027605,172.31.40.0-255,1514,189542,73,249518
21920,0.027609,172.31.40.0-255,1514,191056,73,249518
21921,0.02761,172.31.40.0-255,158,191214,73,249518
21922,0.027704,74.125.68.0-255,5738,196952,73,249518
21923,0.02771,172.31.40.0-255,66,197018,73,249518
21924,0.029033,104.244.42.0-255,66,197084,73,249518
21925,0.029095,104.244.42.0-255,66,197150,73,249518
21926,0.029193,104.244.42.0-255,66,197216,73,249518
21927,0.029198,104.244.42.0-255,66,197282,73,249518
21928,0.030054,74.125.68.0-255,5738,203020,73,249518
21929,0.03006,172.31.40.0-255,66,203086,73,249518
21930,0.032405,74.125.68.0-255,5738,208824,73,249518
21931,0.032412,172.31.40.0-255,66,208890,73,249518
21932,0.034738,74.125.68.0-255,5738,214628,73,249518
21933,0.034744,172.31.40.0-255,66,214694,73,249518
21934,0.037082,74.125.68.0-255,5738,220432,73,249518
21935,0.037088,172.31.40.0-255,66,220498,73,249518
21936,0.039433,74.125.68.0-255,5738,226236,73,249518
21937,0.03944,172.31.40.0-255,66,226302,73,249518
21938,0.041772,74.125.68.0-255,5738,232040,73,249518
21939,0.041781,172.31.40.0-255,66,232106,73,249518
21940,0.044127,74.125.68.0-255,5738,237844,73,249518
21941,0.044133,172.31.40.0-255,66,237910,73,249518
21942,0.046468,74.125.68.0-255,5738,243648,73,249518
21943,0.046474,172.31.40.0-255,66,243714,73,249518
21944,0.048827,74.125.68.0-255,5738,249452,73,249518
21945,0.04885,172.31.40.0-255,66,249518,73,249518
21946,0.0,74.125.130.0-255,152,152,73,229656
21947,1.9e-05,172.31.40.0-255,66,218,73,229656
21948,2.5e-05,74.125.130.0-255,1484,1702,73,229656
21949,2.9e-05,172.31.40.0-255,66,1768,73,229656
21950,3.5e-05,74.125.130.0-255,2902,4670,73,229656
21951,4.5e-05,172.31.40.0-255,66,4736,73,229656
21952,5.1e-05,74.125.130.0-255,4320,9056,73,229656
21953,5.5e-05,172.31.40.0-255,66,9122,73,229656
21954,7.8e-05,74.125.130.0-255,1484,10606,73,229656
21955,8.1e-05,172.31.40.0-255,66,10672,73,229656
21956,0.000108,74.125.130.0-255,3444,14116,73,229656
21957,0.000111,172.31.40.0-255,66,14182,73,229656
21958,0.000164,74.125.130.0-255,1484,15666,73,229656
21959,0.000167,172.31.40.0-255,66,15732,73,229656
21960,0.000172,74.125.130.0-255,2902,18634,73,229656
21961,0.000174,172.31.40.0-255,66,18700,73,229656
21962,0.00018,74.125.130.0-255,5738,24438,73,229656
21963,0.000183,172.31.40.0-255,66,24504,73,229656
21964,0.000199,74.125.130.0-255,2902,27406,73,229656
21965,0.000202,172.31.40.0-255,66,27472,73,229656
21966,0.000207,74.125.130.0-255,3961,31433,73,229656
21967,0.000211,172.31.40.0-255,66,31499,73,229656
21968,0.000353,74.125.130.0-255,1484,32983,73,229656
21969,0.000357,172.31.40.0-255,66,33049,73,229656
21970,0.000363,74.125.130.0-255,2902,35951,73,229656
21971,0.000365,172.31.40.0-255,66,36017,73,229656
21972,0.000384,74.125.130.0-255,5738,41755,73,229656
21973,0.000391,172.31.40.0-255,66,41821,73,229656
21974,0.000396,74.125.130.0-255,2902,44723,73,229656
21975,0.000398,172.31.40.0-255,66,44789,73,229656
21976,0.000416,74.125.130.0-255,1484,46273,73,229656
21977,0.000418,172.31.40.0-255,66,46339,73,229656
21978,0.000442,74.125.130.0-255,2543,48882,73,229656
21979,0.000445,172.31.40.0-255,66,48948,73,229656
21980,0.000456,172.31.40.0-255,66,49014,73,229656
21981,0.000461,74.125.130.0-255,2902,51916,73,229656
21982,0.000463,172.31.40.0-255,66,51982,73,229656
21983,0.0005,74.125.130.0-255,2902,54884,73,229656
21984,0.000503,172.31.40.0-255,66,54950,73,229656
21985,0.000522,74.125.130.0-255,2851,57801,73,229656
21986,0.000525,172.31.40.0-255,66,57867,73,229656
21987,0.000528,74.125.130.0-255,378,58245,73,229656
21988,0.001034,74.125.130.0-255,1484,59729,73,229656
21989,0.00104,172.31.40.0-255,66,59795,73,229656
21990,0.001047,74.125.130.0-255,2902,62697,73,229656
21991,0.001049,172.31.40.0-255,66,62763,73,229656
21992,0.001053,74.125.130.0-255,2902,65665,73,229656
21993,0.001055,172.31.40.0-255,66,65731,73,229656
21994,0.001062,74.125.130.0-255,1484,67215,73,229656
21995,0.001084,74.125.130.0-255,2902,70117,73,229656
21996,0.001087,172.31.40.0-255,66,70183,73,229656
21997,0.001091,74.125.130.0-255,2902,73085,73,229656
21998,0.001093,172.31.40.0-255,66,73151,73,229656
21999,0.001126,74.125.130.0-255,5738,78889,73,229656
22000,0.001129,172.31.40.0-255,66,78955,73,229656
22001,0.001134,74.125.130.0-255,4320,83275,73,229656
22002,0.001136,172.31.40.0-255,66,83341,73,229656
22003,0.001143,74.125.130.0-255,5738,89079,73,229656
22004,0.001145,172.31.40.0-255,66,89145,73,229656
22005,0.001174,74.125.130.0-255,3602,92747,73,229656
22006,0.001177,172.31.40.0-255,66,92813,73,229656
22007,0.003198,74.125.130.0-255,1484,94297,73,229656
22008,0.003222,74.125.130.0-255,4320,98617,73,229656
22009,0.003227,172.31.40.0-255,66,98683,73,229656
22010,0.005276,74.125.130.0-255,4320,103003,73,229656
22011,0.00528,172.31.40.0-255,66,103069,73,229656
22012,0.005302,74.125.130.0-255,1484,104553,73,229656
22013,0.007327,74.125.130.0-255,4320,108873,73,229656
22014,0.007331,172.31.40.0-255,66,108939,73,229656
22015,0.009393,74.125.130.0-255,5738,114677,73,229656
22016,0.009401,172.31.40.0-255,66,114743,73,229656
22017,0.011464,74.125.130.0-255,5738,120481,73,229656
22018,0.011473,172.31.40.0-255,66,120547,73,229656
22019,0.013544,74.125.130.0-255,5738,126285,73,229656
22020,0.013553,172.31.40.0-255,66,126351,73,229656
22021,0.015616,74.125.130.0-255,5738,132089,73,229656
22022,0.015625,172.31.40.0-255,66,132155,73,229656
22023,0.017679,74.125.130.0-255,5738,137893,73,229656
22024,0.017687,172.31.40.0-255,66,137959,73,229656
22025,0.019747,74.125.130.0-255,5738,143697,73,229656
22026,0.019754,172.31.40.0-255,66,143763,73,229656
22027,0.021809,74.125.130.0-255,5738,149501,73,229656
22028,0.021817,172.31.40.0-255,66,149567,73,229656
22029,0.023876,74.125.130.0-255,5738,155305,73,229656
22030,0.023881,172.31.40.0-255,66,155371,73,229656
22031,0.024048,172.31.40.0-255,172,155543,73,229656
22032,0.024087,172.31.40.0-255,1115,156658,73,229656
22033,0.024181,172.31.40.0-255,1514,158172,73,229656
22034,0.024183,172.31.40.0-255,1514,159686,73,229656
22035,0.024186,172.31.40.0-255,1410,161096,73,229656
22036,0.025585,104.244.42.0-255,66,161162,73,229656
22037,0.025636,104.244.42.0-255,66,161228,73,229656
22038,0.025728,104.244.42.0-255,66,161294,73,229656
22039,0.025746,104.244.42.0-255,66,161360,73,229656
22040,0.025939,74.125.130.0-255,5738,167098,73,229656
22041,0.025943,172.31.40.0-255,66,167164,73,229656
22042,0.028007,74.125.130.0-255,5738,172902,73,229656
22043,0.028013,172.31.40.0-255,66,172968,73,229656
22044,0.030078,74.125.130.0-255,4320,177288,73,229656
22045,0.030085,172.31.40.0-255,66,177354,73,229656
22046,0.030111,74.125.130.0-255,1484,178838,73,229656
22047,0.032149,74.125.130.0-255,4320,183158,73,229656
22048,0.032155,172.31.40.0-255,66,183224,73,229656
22049,0.034221,74.125.130.0-255,5738,188962,73,229656
22050,0.034228,172.31.40.0-255,66,189028,73,229656
22051,0.036286,74.125.130.0-255,5738,194766,73,229656
22052,0.036291,172.31.40.0-255,66,194832,73,229656
22053,0.038356,74.125.130.0-255,5738,200570,73,229656
22054,0.038363,172.31.40.0-255,66,200636,73,229656
22055,0.040422,74.125.130.0-255,5738,206374,73,229656
22056,0.040429,172.31.40.0-255,66,206440,73,229656
22057,0.042498,74.125.130.0-255,5738,212178,73,229656
22058,0.042504,172.31.40.0-255,66,212244,73,229656
22059,0.04456,74.125.130.0-255,5738,217982,73,229656
22060,0.044566,172.31.40.0-255,66,218048,73,229656
22061,0.04664,74.125.130.0-255,5738,223786,73,229656
22062,0.046646,172.31.40.0-255,66,223852,73,229656
22063,0.048749,74.125.130.0-255,5738,229590,73,229656
22064,0.048756,172.31.40.0-255,66,229656,73,229656
22065,0.0,172.217.194.0-255,150,150,73,205181
22066,2.1e-05,172.31.40.0-255,66,216,73,205181
22067,2.8e-05,172.217.194.0-255,1484,1700,73,205181
22068,3.3e-05,172.31.40.0-255,66,1766,73,205181
22069,3.9e-05,172.217.194.0-255,2902,4668,73,205181
22070,4.3e-05,172.31.40.0-255,66,4734,73,205181
22071,5.1e-05,172.217.194.0-255,7156,11890,73,205181
22072,5.4e-05,172.31.40.0-255,66,11956,73,205181
22073,6.1e-05,172.217.194.0-255,6317,18273,73,205181
22074,6.3e-05,172.31.40.0-255,66,18339,73,205181
22075,0.000106,172.217.194.0-255,4320,22659,73,205181
22076,0.000109,172.31.40.0-255,66,22725,73,205181
22077,0.00014,172.31.40.0-255,66,22791,73,205181
22078,0.000143,172.217.194.0-255,1484,24275,73,205181
22079,0.000146,172.31.40.0-255,66,24341,73,205181
22080,0.00018,172.31.40.0-255,66,24407,73,205181
22081,0.000185,172.217.194.0-255,3961,28368,73,205181
22082,0.000187,172.31.40.0-255,66,28434,73,205181
22083,0.000208,172.217.194.0-255,5738,34172,73,205181
22084,0.000211,172.31.40.0-255,66,34238,73,205181
22085,0.000232,172.31.40.0-255,66,34304,73,205181
22086,0.000249,172.217.194.0-255,1459,35763,73,205181
22087,0.000251,172.31.40.0-255,66,35829,73,205181
22088,0.000511,172.217.194.0-255,374,36203,73,205181
22089,0.000517,172.31.40.0-255,66,36269,73,205181
22090,0.000752,172.217.194.0-255,1484,37753,73,205181
22091,0.000756,172.31.40.0-255,66,37819,73,205181
22092,0.000762,172.217.194.0-255,2902,40721,73,205181
22093,0.000765,172.31.40.0-255,66,40787,73,205181
22094,0.000772,172.217.194.0-255,5738,46525,73,205181
22095,0.000774,172.31.40.0-255,66,46591,73,205181
22096,0.000788,172.217.194.0-255,1484,48075,73,205181
22097,0.000815,172.31.40.0-255,66,48141,73,205181
22098,0.000827,172.31.40.0-255,66,48207,73,205181
22099,0.000839,172.217.194.0-255,2184,50391,73,205181
22100,0.000841,172.31.40.0-255,66,50457,73,205181
22101,0.001242,172.217.194.0-255,1484,51941,73,205181
22102,0.001248,172.217.194.0-255,2902,54843,73,205181
22103,0.001251,172.31.40.0-255,66,54909,73,205181
22104,0.001256,172.217.194.0-255,1484,56393,73,205181
22105,0.001271,172.217.194.0-255,4320,60713,73,205181
22106,0.001274,172.31.40.0-255,66,60779,73,205181
22107,0.001281,172.217.194.0-255,4320,65099,73,205181
22108,0.001283,172.31.40.0-255,66,65165,73,205181
22109,0.001312,172.31.40.0-255,66,65231,73,205181
22110,0.001316,172.31.40.0-255,66,65297,73,205181
22111,0.001331,172.217.194.0-255,1484,66781,73,205181
22112,0.001343,172.31.40.0-255,66,66847,73,205181
22113,0.001349,172.217.194.0-255,4320,71167,73,205181
22114,0.001351,172.31.40.0-255,66,71233,73,205181
22115,0.00137,172.217.194.0-255,4320,75553,73,205181
22116,0.001372,172.31.40.0-255,66,75619,73,205181
22117,0.001384,172.31.40.0-255,66,75685,73,205181
22118,0.001402,172.217.194.0-255,6438,82123,73,205181
22119,0.001404,172.31.40.0-255,66,82189,73,205181
22120,0.001427,172.217.194.0-255,1484,83673,73,205181
22121,0.001489,172.31.40.0-255,66,83739,73,205181
22122,0.001517,172.217.194.0-255,2902,86641,73,205181
22123,0.00152,172.31.40.0-255,66,86707,73,205181
22124,0.001535,172.31.40.0-255,66,86773,73,205181
22125,0.001542,172.217.194.0-255,7156,93929,73,205181
22126,0.001544,172.31.40.0-255,66,93995,73,205181
22127,0.001555,172.31.40.0-255,66,94061,73,205181
22128,0.001571,172.31.40.0-255,66,94127,73,205181
22129,0.001573,172.217.194.0-255,766,94893,73,205181
22130,0.001602,172.217.194.0-255,1484,96377,73,205181
22131,0.001605,172.31.40.0-255,66,96443,73,205181
22132,0.001652,172.31.40.0-255,66,96509,73,205181
22133,0.00166,172.217.194.0-255,7156,103665,73,205181
22134,0.001662,172.31.40.0-255,66,103731,73,205181
22135,0.001694,172.217.194.0-255,6438,110169,73,205181
22136,0.001698,172.31.40.0-255,66,110235,73,205181
22137,0.001713,172.31.40.0-255,66,110301,73,205181
22138,0.00174,172.31.40.0-255,66,110367,73,205181
22139,0.001764,172.31.40.0-255,66,110433,73,205181
22140,0.001799,172.217.194.0-255,1484,111917,73,205181
22141,0.001803,172.217.194.0-255,1484,113401,73,205181
22142,0.001806,172.31.40.0-255,66,113467,73,205181
22143,0.001817,172.217.194.0-255,1484,114951,73,205181
22144,0.001823,172.217.194.0-255,5738,120689,73,205181
22145,0.001827,172.31.40.0-255,66,120755,73,205181
22146,0.001852,172.31.40.0-255,66,120821,73,205181
22147,0.001885,172.217.194.0-255,4320,125141,73,205181
22148,0.001888,172.31.40.0-255,66,125207,73,205181
22149,0.001899,172.31.40.0-255,66,125273,73,205181
22150,0.001902,172.217.194.0-255,766,126039,73,205181
22151,0.002175,172.217.194.0-255,1484,127523,73,205181
22152,0.00218,172.31.40.0-255,66,127589,73,205181
22153,0.002185,172.217.194.0-255,2902,130491,73,205181
22154,0.002187,172.31.40.0-255,66,130557,73,205181
22155,0.002192,172.217.194.0-255,4320,134877,73,205181
22156,0.002194,172.31.40.0-255,66,134943,73,205181
22157,0.00221,172.217.194.0-255,1484,136427,73,205181
22158,0.002217,172.217.194.0-255,7156,143583,73,205181
22159,0.002221,172.31.40.0-255,66,143649,73,205181
22160,0.002233,172.217.194.0-255,5738,149387,73,205181
22161,0.002235,172.31.40.0-255,66,149453,73,205181
22162,0.002261,172.217.194.0-255,2902,152355,73,205181
22163,0.002264,172.31.40.0-255,66,152421,73,205181
22164,0.002291,172.31.40.0-255,66,152487,73,205181
22165,0.004591,172.217.194.0-255,5738,158225,73,205181
22166,0.004598,172.31.40.0-255,66,158291,73,205181
22167,0.006888,172.217.194.0-255,5738,164029,73,205181
22168,0.006892,172.31.40.0-255,66,164095,73,205181
22169,0.009154,172.217.194.0-255,4320,168415,73,205181
22170,0.009157,172.31.40.0-255,66,168481,73,205181
22171,0.009172,172.217.194.0-255,1484,169965,73,205181
22172,0.011475,172.217.194.0-255,4320,174285,73,205181
22173,0.011488,172.31.40.0-255,66,174351,73,205181
22174,0.013782,172.217.194.0-255,5738,180089,73,205181
22175,0.013797,172.31.40.0-255,66,180155,73,205181
22176,0.016102,172.217.194.0-255,5738,185893,73,205181
22177,0.016117,172.31.40.0-255,66,185959,73,205181
22178,0.018436,172.217.194.0-255,5738,191697,73,205181
22179,0.018449,172.31.40.0-255,66,191763,73,205181
22180,0.020751,172.217.194.0-255,5738,197501,73,205181
22181,0.02076,172.31.40.0-255,66,197567,73,205181
22182,0.023062,172.217.194.0-255,5738,203305,73,205181
22183,0.023069,172.31.40.0-255,66,203371,73,205181
22184,0.025365,172.217.194.0-255,1573,204944,73,205181
22185,0.025372,172.31.40.0-255,66,205010,73,205181
22186,0.030854,172.31.40.0-255,105,205115,73,205181
22187,0.033125,172.217.194.0-255,66,205181,73,205181
22188,0.0,172.217.24.0-255,148,148,73,269513
22189,2.3e-05,172.31.40.0-255,66,214,73,269513
22190,3e-05,172.217.24.0-255,1484,1698,73,269513
22191,3.5e-05,172.31.40.0-255,66,1764,73,269513
22192,4.1e-05,172.217.24.0-255,2902,4666,73,269513
22193,5.3e-05,172.31.40.0-255,66,4732,73,269513
22194,6e-05,172.217.24.0-255,7156,11888,73,269513
22195,6.4e-05,172.31.40.0-255,66,11954,73,269513
22196,7.5e-05,172.31.40.0-255,66,12020,73,269513
22197,0.000121,172.31.40.0-255,66,12086,73,269513
22198,0.000152,172.217.24.0-255,1484,13570,73,269513
22199,0.000155,172.31.40.0-255,66,13636,73,269513
22200,0.00016,172.217.24.0-255,2902,16538,73,269513
22201,0.000162,172.31.40.0-255,66,16604,73,269513
22202,0.000169,172.217.24.0-255,5738,22342,73,269513
22203,0.000175,172.31.40.0-255,66,22408,73,269513
22204,0.000178,172.217.24.0-255,1484,23892,73,269513
22205,0.00018,172.31.40.0-255,66,23958,73,269513
22206,0.000216,172.217.24.0-255,5379,29337,73,269513
22207,0.00022,172.31.40.0-255,66,29403,73,269513
22208,0.000307,172.217.24.0-255,1484,30887,73,269513
22209,0.000311,172.31.40.0-255,66,30953,73,269513
22210,0.000338,172.217.24.0-255,2902,33855,73,269513
22211,0.000341,172.31.40.0-255,66,33921,73,269513
22212,0.000347,172.217.24.0-255,4320,38241,73,269513
22213,0.000349,172.31.40.0-255,66,38307,73,269513
22214,0.000399,172.217.24.0-255,5738,44045,73,269513
22215,0.000402,172.31.40.0-255,66,44111,73,269513
22216,0.000429,172.217.24.0-255,2543,46654,73,269513
22217,0.000432,172.31.40.0-255,66,46720,73,269513
22218,0.000435,172.217.24.0-255,356,47076,73,269513
22219,0.000697,172.31.40.0-255,101,47177,73,269513
22220,0.000878,172.217.24.0-255,387,47564,73,269513
22221,0.000936,172.217.24.0-255,1484,49048,73,269513
22222,0.00094,172.31.40.0-255,66,49114,73,269513
22223,0.000945,172.217.24.0-255,1484,50598,73,269513
22224,0.000972,172.217.24.0-255,2902,53500,73,269513
22225,0.000974,172.31.40.0-255,66,53566,73,269513
22226,0.000981,172.217.24.0-255,5738,59304,73,269513
22227,0.000983,172.31.40.0-255,66,59370,73,269513
22228,0.001012,172.217.24.0-255,4830,64200,73,269513
22229,0.001014,172.31.40.0-255,66,64266,73,269513
22230,0.001197,172.217.24.0-255,1484,65750,73,269513
22231,0.001204,172.217.24.0-255,2902,68652,73,269513
22232,0.001207,172.31.40.0-255,66,68718,73,269513
22233,0.001241,172.217.24.0-255,5738,74456,73,269513
22234,0.001245,172.31.40.0-255,66,74522,73,269513
22235,0.001252,172.217.24.0-255,7156,81678,73,269513
22236,0.001254,172.31.40.0-255,66,81744,73,269513
22237,0.001286,172.217.24.0-255,5738,87482,73,269513
22238,0.001288,172.31.40.0-255,66,87548,73,269513
22239,0.001328,172.31.40.0-255,66,87614,73,269513
22240,0.001729,172.217.24.0-255,1484,89098,73,269513
22241,0.001748,172.217.24.0-255,1484,90582,73,269513
22242,0.001751,172.31.40.0-255,66,90648,73,269513
22243,0.001757,172.217.24.0-255,2902,93550,73,269513
22244,0.001759,172.31.40.0-255,66,93616,73,269513
22245,0.001798,172.217.24.0-255,5738,99354,73,269513
22246,0.001801,172.31.40.0-255,66,99420,73,269513
22247,0.001808,172.217.24.0-255,7156,106576,73,269513
22248,0.00181,172.31.40.0-255,66,106642,73,269513
22249,0.001821,172.217.24.0-255,5738,112380,73,269513
22250,0.001823,172.31.40.0-255,66,112446,73,269513
22251,0.001877,172.217.24.0-255,2902,115348,73,269513
22252,0.00188,172.31.40.0-255,66,115414,73,269513
22253,0.00192,172.217.24.0-255,6438,121852,73,269513
22254,0.001923,172.31.40.0-255,66,121918,73,269513
22255,0.001934,172.31.40.0-255,66,121984,73,269513
22256,0.001951,172.31.40.0-255,66,122050,73,269513
22257,0.002,172.31.40.0-255,66,122116,73,269513
22258,0.002602,172.217.24.0-255,66,122182,73,269513
22259,0.003947,172.217.24.0-255,2902,125084,73,269513
22260,0.003954,172.31.40.0-255,66,125150,73,269513
22261,0.003973,172.217.24.0-255,2902,128052,73,269513
22262,0.003976,172.31.40.0-255,66,128118,73,269513
22263,0.005901,172.217.24.0-255,2902,131020,73,269513
22264,0.005904,172.31.40.0-255,66,131086,73,269513
22265,0.00594,172.217.24.0-255,2902,133988,73,269513
22266,0.005942,172.31.40.0-255,66,134054,73,269513
22267,0.00784,172.217.24.0-255,2902,136956,73,269513
22268,0.007846,172.31.40.0-255,66,137022,73,269513
22269,0.00788,172.217.24.0-255,2902,139924,73,269513
22270,0.007883,172.31.40.0-255,66,139990,73,269513
22271,0.009792,172.217.24.0-255,2902,142892,73,269513
22272,0.0098,172.31.40.0-255,66,142958,73,269513
22273,0.009831,172.217.24.0-255,2902,145860,73,269513
22274,0.009834,172.31.40.0-255,66,145926,73,269513
22275,0.01174,172.217.24.0-255,2902,148828,73,269513
22276,0.011748,172.31.40.0-255,66,148894,73,269513
22277,0.011784,172.217.24.0-255,2902,151796,73,269513
22278,0.011787,172.31.40.0-255,66,151862,73,269513
22279,0.013683,172.217.24.0-255,2902,154764,73,269513
22280,0.013691,172.31.40.0-255,66,154830,73,269513
22281,0.013732,172.217.24.0-255,2902,157732,73,269513
22282,0.013734,172.31.40.0-255,66,157798,73,269513
22283,0.015645,172.217.24.0-255,2902,160700,73,269513
22284,0.015654,172.31.40.0-255,66,160766,73,269513
22285,0.015688,172.217.24.0-255,2902,163668,73,269513
22286,0.015691,172.31.40.0-255,66,163734,73,269513
22287,0.017586,172.217.24.0-255,2902,166636,73,269513
22288,0.017593,172.31.40.0-255,66,166702,73,269513
22289,0.017626,172.217.24.0-255,2902,169604,73,269513
22290,0.017629,172.31.40.0-255,66,169670,73,269513
22291,0.019531,172.217.24.0-255,2902,172572,73,269513
22292,0.019538,172.31.40.0-255,66,172638,73,269513
22293,0.019571,172.217.24.0-255,2902,175540,73,269513
22294,0.019574,172.31.40.0-255,66,175606,73,269513
22295,0.021476,172.217.24.0-255,2902,178508,73,269513
22296,0.021488,172.31.40.0-255,66,178574,73,269513
22297,0.021534,172.217.24.0-255,2902,181476,73,269513
22298,0.021537,172.31.40.0-255,66,181542,73,269513
22299,0.023442,172.217.24.0-255,2902,184444,73,269513
22300,0.023448,172.31.40.0-255,66,184510,73,269513
22301,0.023486,172.217.24.0-255,2902,187412,73,269513
22302,0.023489,172.31.40.0-255,66,187478,73,269513
22303,0.025388,172.217.24.0-255,2902,190380,73,269513
22304,0.025396,172.31.40.0-255,66,190446,73,269513
22305,0.025428,172.217.24.0-255,2902,193348,73,269513
22306,0.025431,172.31.40.0-255,66,193414,73,269513
22307,0.027335,172.217.24.0-255,2902,196316,73,269513
22308,0.027342,172.31.40.0-255,66,196382,73,269513
22309,0.027379,172.217.24.0-255,2902,199284,73,269513
22310,0.027383,172.31.40.0-255,66,199350,73,269513
22311,0.029278,172.217.24.0-255,2902,202252,73,269513
22312,0.029285,172.31.40.0-255,66,202318,73,269513
22313,0.029325,172.217.24.0-255,2902,205220,73,269513
22314,0.029328,172.31.40.0-255,66,205286,73,269513
22315,0.03124,172.217.24.0-255,2902,208188,73,269513
22316,0.031247,172.31.40.0-255,66,208254,73,269513
22317,0.031279,172.217.24.0-255,2902,211156,73,269513
22318,0.031283,172.31.40.0-255,66,211222,73,269513
22319,0.033136,172.31.40.0-255,172,211394,73,269513
22320,0.03317,172.31.40.0-255,1115,212509,73,269513
22321,0.033207,172.217.24.0-255,1484,213993,73,269513
22322,0.033237,172.217.24.0-255,4320,218313,73,269513
22323,0.033241,172.31.40.0-255,66,218379,73,269513
22324,0.033315,172.31.40.0-255,1514,219893,73,269513
22325,0.033317,172.31.40.0-255,1514,221407,73,269513
22326,0.03332,172.31.40.0-255,1410,222817,73,269513
22327,0.034669,104.244.42.0-255,66,222883,73,269513
22328,0.034749,104.244.42.0-255,66,222949,73,269513
22329,0.034894,104.244.42.0-255,66,223015,73,269513
22330,0.034899,104.244.42.0-255,66,223081,73,269513
22331,0.035174,172.217.24.0-255,5738,228819,73,269513
22332,0.03518,172.31.40.0-255,66,228885,73,269513
22333,0.037131,172.217.24.0-255,5738,234623,73,269513
22334,0.037138,172.31.40.0-255,66,234689,73,269513
22335,0.039127,172.217.24.0-255,5738,240427,73,269513
22336,0.039134,172.31.40.0-255,66,240493,73,269513
22337,0.041088,172.217.24.0-255,5738,246231,73,269513
22338,0.041095,172.31.40.0-255,66,246297,73,269513
22339,0.043042,172.217.24.0-255,5738,252035,73,269513
22340,0.043049,172.31.40.0-255,66,252101,73,269513
22341,0.044983,172.217.24.0-255,5738,257839,73,269513
22342,0.04499,172.31.40.0-255,66,257905,73,269513
22343,0.046924,172.217.24.0-255,5738,263643,73,269513
22344,0.046931,172.31.40.0-255,66,263709,73,269513
22345,0.048886,172.217.24.0-255,5738,269447,73,269513
22346,0.048892,172.31.40.0-255,66,269513,73,269513
22347,0.0,74.125.130.0-255,152,152,73,216575
22348,1.2e-05,172.31.40.0-255,66,218,73,216575
22349,3.5e-05,74.125.130.0-255,1484,1702,73,216575
22350,3.9e-05,172.31.40.0-255,66,1768,73,216575
22351,4.5e-05,74.125.130.0-255,2902,4670,73,216575
22352,4.8e-05,172.31.40.0-255,66,4736,73,216575
22353,9.8e-05,74.125.130.0-255,7156,11892,73,216575
22354,0.000101,172.31.40.0-255,66,11958,73,216575
22355,0.000106,74.125.130.0-255,2068,14026,73,216575
22356,0.000108,172.31.40.0-255,66,14092,73,216575
22357,0.000264,74.125.130.0-255,1484,15576,73,216575
22358,0.000268,172.31.40.0-255,66,15642,73,216575
22359,0.000274,74.125.130.0-255,2902,18544,73,216575
22360,0.000276,172.31.40.0-255,66,18610,73,216575
22361,0.000305,74.125.130.0-255,5738,24348,73,216575
22362,0.000308,172.31.40.0-255,66,24414,73,216575
22363,0.000333,74.125.130.0-255,6797,31211,73,216575
22364,0.000336,172.31.40.0-255,66,31277,73,216575
22365,0.000351,74.125.130.0-255,1484,32761,73,216575
22366,0.000353,172.31.40.0-255,66,32827,73,216575
22367,0.000372,74.125.130.0-255,5738,38565,73,216575
22368,0.000375,172.31.40.0-255,66,38631,73,216575
22369,0.000382,74.125.130.0-255,7156,45787,73,216575
22370,0.000386,172.31.40.0-255,66,45853,73,216575
22371,0.000407,74.125.130.0-255,2543,48396,73,216575
22372,0.000409,172.31.40.0-255,66,48462,73,216575
22373,0.000449,74.125.130.0-255,2902,51364,73,216575
22374,0.000451,172.31.40.0-255,66,51430,73,216575
22375,0.000472,74.125.130.0-255,2902,54332,73,216575
22376,0.000475,172.31.40.0-255,66,54398,73,216575
22377,0.00048,74.125.130.0-255,4320,58718,73,216575
22378,0.000482,172.31.40.0-255,66,58784,73,216575
22379,0.000525,74.125.130.0-255,7049,65833,73,216575
22380,0.000529,172.31.40.0-255,66,65899,73,216575
22381,0.000532,74.125.130.0-255,120,66019,73,216575
22382,0.001058,172.31.40.0-255,66,66085,73,216575
22383,0.001821,74.125.130.0-255,381,66466,73,216575
22384,0.001938,74.125.130.0-255,1484,67950,73,216575
22385,0.001943,172.31.40.0-255,66,68016,73,216575
22386,0.00195,74.125.130.0-255,2902,70918,73,216575
22387,0.001952,172.31.40.0-255,66,70984,73,216575
22388,0.003893,74.125.130.0-255,5738,76722,73,216575
22389,0.0039,172.31.40.0-255,66,76788,73,216575
22390,0.005834,74.125.130.0-255,4320,81108,73,216575
22391,0.005838,172.31.40.0-255,66,81174,73,216575
22392,0.005855,74.125.130.0-255,1484,82658,73,216575
22393,0.007768,74.125.130.0-255,2902,85560,73,216575
22394,0.007776,172.31.40.0-255,66,85626,73,216575
22395,0.007796,74.125.130.0-255,1484,87110,73,216575
22396,0.009721,74.125.130.0-255,4320,91430,73,216575
22397,0.009728,172.31.40.0-255,66,91496,73,216575
22398,0.011663,74.125.130.0-255,5738,97234,73,216575
22399,0.01167,172.31.40.0-255,66,97300,73,216575
22400,0.013608,74.125.130.0-255,5738,103038,73,216575
22401,0.013615,172.31.40.0-255,66,103104,73,216575
22402,0.015566,74.125.130.0-255,5738,108842,73,216575
22403,0.015574,172.31.40.0-255,66,108908,73,216575
22404,0.017567,74.125.130.0-255,5738,114646,73,216575
22405,0.017576,172.31.40.0-255,66,114712,73,216575
22406,0.019516,74.125.130.0-255,5738,120450,73,216575
22407,0.019525,172.31.40.0-255,66,120516,73,216575
22408,0.021471,74.125.130.0-255,5738,126254,73,216575
22409,0.021478,172.31.40.0-255,66,126320,73,216575
22410,0.023418,74.125.130.0-255,5738,132058,73,216575
22411,0.023425,172.31.40.0-255,66,132124,73,216575
22412,0.025372,74.125.130.0-255,5738,137862,73,216575
22413,0.02538,172.31.40.0-255,66,137928,73,216575
22414,0.027319,74.125.130.0-255,5738,143666,73,216575
22415,0.027329,172.31.40.0-255,66,143732,73,216575
22416,0.029267,74.125.130.0-255,5738,149470,73,216575
22417,0.029275,172.31.40.0-255,66,149536,73,216575
22418,0.031217,74.125.130.0-255,5738,155274,73,216575
22419,0.031223,172.31.40.0-255,66,155340,73,216575
22420,0.031675,172.31.40.0-255,172,155512,73,216575
22421,0.031706,172.31.40.0-255,1115,156627,73,216575
22422,0.031774,172.31.40.0-255,1514,158141,73,216575
22423,0.031776,172.31.40.0-255,1514,159655,73,216575
22424,0.031781,172.31.40.0-255,1514,161169,73,216575
22425,0.031782,172.31.40.0-255,1514,162683,73,216575
22426,0.031801,172.31.40.0-255,1458,164141,73,216575
22427,0.033166,74.125.130.0-255,5738,169879,73,216575
22428,0.033173,172.31.40.0-255,66,169945,73,216575
22429,0.033207,104.244.42.0-255,66,170011,73,216575
22430,0.033271,104.244.42.0-255,66,170077,73,216575
22431,0.033363,104.244.42.0-255,66,170143,73,216575
22432,0.035114,74.125.130.0-255,5738,175881,73,216575
22433,0.035122,172.31.40.0-255,66,175947,73,216575
22434,0.037077,74.125.130.0-255,5738,181685,73,216575
22435,0.037082,172.31.40.0-255,66,181751,73,216575
22436,0.039024,74.125.130.0-255,5738,187489,73,216575
22437,0.039031,172.31.40.0-255,66,187555,73,216575
22438,0.041009,74.125.130.0-255,5738,193293,73,216575
22439,0.041016,172.31.40.0-255,66,193359,73,216575
22440,0.042955,74.125.130.0-255,5738,199097,73,216575
22441,0.042961,172.31.40.0-255,66,199163,73,216575
22442,0.044915,74.125.130.0-255,5738,204901,73,216575
22443,0.044922,172.31.40.0-255,66,204967,73,216575
22444,0.046865,74.125.130.0-255,5738,210705,73,216575
22445,0.046873,172.31.40.0-255,66,210771,73,216575
22446,0.048825,74.125.130.0-255,5738,216509,73,216575
22447,0.048831,172.31.40.0-255,66,216575,73,216575
22448,0.0,74.125.68.0-255,146,146,73,281756
22449,1.5e-05,172.31.40.0-255,66,212,73,281756
22450,2.2e-05,74.125.68.0-255,1484,1696,73,281756
22451,2.5e-05,172.31.40.0-255,66,1762,73,281756
22452,5.2e-05,74.125.68.0-255,1484,3246,73,281756
22453,5.5e-05,172.31.40.0-255,66,3312,73,281756
22454,6.1e-05,74.125.68.0-255,2902,6214,73,281756
22455,6.4e-05,172.31.40.0-255,66,6280,73,281756
22456,0.000101,74.125.68.0-255,5738,12018,73,281756
22457,0.000103,172.31.40.0-255,66,12084,73,281756
22458,0.000107,74.125.68.0-255,2030,14114,73,281756
22459,0.000108,172.31.40.0-255,66,14180,73,281756
22460,0.000213,74.125.68.0-255,1484,15664,73,281756
22461,0.000218,172.31.40.0-255,66,15730,73,281756
22462,0.000222,74.125.68.0-255,2902,18632,73,281756
22463,0.000224,172.31.40.0-255,66,18698,73,281756
22464,0.000251,74.125.68.0-255,2902,21600,73,281756
22465,0.000253,172.31.40.0-255,66,21666,73,281756
22466,0.000283,74.125.68.0-255,4320,25986,73,281756
22467,0.000285,172.31.40.0-255,66,26052,73,281756
22468,0.000318,74.125.68.0-255,2902,28954,73,281756
22469,0.000321,172.31.40.0-255,66,29020,73,281756
22470,0.000352,74.125.68.0-255,2543,31563,73,281756
22471,0.000354,172.31.40.0-255,66,31629,73,281756
22472,0.00036,74.125.68.0-255,5738,37367,73,281756
22473,0.000362,172.31.40.0-255,66,37433,73,281756
22474,0.000365,74.125.68.0-255,2902,40335,73,281756
22475,0.000371,172.31.40.0-255,66,40401,73,281756
22476,0.000375,74.125.68.0-255,4320,44721,73,281756
22477,0.000377,172.31.40.0-255,66,44787,73,281756
22478,0.000415,74.125.68.0-255,2902,47689,73,281756
22479,0.000417,172.31.40.0-255,66,47755,73,281756
22480,0.000439,74.125.68.0-255,2902,50657,73,281756
22481,0.000441,172.31.40.0-255,66,50723,73,281756
22482,0.000468,74.125.68.0-255,5738,56461,73,281756
22483,0.000471,172.31.40.0-255,66,56527,73,281756
22484,0.0005,74.125.68.0-255,1484,58011,73,281756
22485,0.00052,74.125.68.0-255,5738,63749,73,281756
22486,0.000523,172.31.40.0-255,66,63815,73,281756
22487,0.000552,74.125.68.0-255,2184,65999,73,281756
22488,0.000555,172.31.40.0-255,66,66065,73,281756
22489,0.000575,74.125.68.0-255,443,66508,73,281756
22490,0.000624,74.125.68.0-255,331,66839,73,281756
22491,0.000884,74.125.68.0-255,1484,68323,73,281756
22492,0.000888,172.31.40.0-255,66,68389,73,281756
22493,0.000893,74.125.68.0-255,2902,71291,73,281756
22494,0.000895,172.31.40.0-255,66,71357,73,281756
22495,0.000917,74.125.68.0-255,2902,74259,73,281756
22496,0.000919,172.31.40.0-255,66,74325,73,281756
22497,0.000928,74.125.68.0-255,4320,78645,73,281756
22498,0.000929,172.31.40.0-255,66,78711,73,281756
22499,0.000951,74.125.68.0-255,4320,83031,73,281756
22500,0.000952,172.31.40.0-255,66,83097,73,281756
22501,0.000977,74.125.68.0-255,4320,87417,73,281756
22502,0.000979,172.31.40.0-255,66,87483,73,281756
22503,0.000986,74.125.68.0-255,7156,94639,73,281756
22504,0.000988,172.31.40.0-255,66,94705,73,281756
22505,0.001008,74.125.68.0-255,2902,97607,73,281756
22506,0.001009,172.31.40.0-255,66,97673,73,281756
22507,0.001012,74.125.68.0-255,1484,99157,73,281756
22508,0.001031,74.125.68.0-255,2184,101341,73,281756
22509,0.001034,172.31.40.0-255,66,101407,73,281756
22510,0.001527,74.125.68.0-255,1484,102891,73,281756
22511,0.001559,74.125.68.0-255,1484,104375,73,281756
22512,0.001563,172.31.40.0-255,66,104441,73,281756
22513,0.001605,74.125.68.0-255,2902,107343,73,281756
22514,0.001608,172.31.40.0-255,66,107409,73,281756
22515,0.001664,74.125.68.0-255,2902,110311,73,281756
22516,0.001668,172.31.40.0-255,66,110377,73,281756
22517,0.001713,74.125.68.0-255,2902,113279,73,281756
22518,0.001716,172.31.40.0-255,66,113345,73,281756
22519,0.001739,74.125.68.0-255,1484,114829,73,281756
22520,0.001765,74.125.68.0-255,5738,120567,73,281756
22521,0.001767,172.31.40.0-255,66,120633,73,281756
22522,0.001779,74.125.68.0-255,1484,122117,73,281756
22523,0.0018,74.125.68.0-255,5738,127855,73,281756
22524,0.001802,172.31.40.0-255,66,127921,73,281756
22525,0.001818,74.125.68.0-255,4320,132241,73,281756
22526,0.00182,172.31.40.0-255,66,132307,73,281756
22527,0.001848,74.125.68.0-255,3602,135909,73,281756
22528,0.00185,172.31.40.0-255,66,135975,73,281756
22529,0.00222,74.125.68.0-255,1484,137459,73,281756
22530,0.002238,74.125.68.0-255,2902,140361,73,281756
22531,0.002241,172.31.40.0-255,66,140427,73,281756
22532,0.002267,74.125.68.0-255,5738,146165,73,281756
22533,0.002269,172.31.40.0-255,66,146231,73,281756
22534,0.00229,74.125.68.0-255,7156,153387,73,281756
22535,0.002292,172.31.40.0-255,66,153453,73,281756
22536,0.002301,74.125.68.0-255,5738,159191,73,281756
22537,0.002304,172.31.40.0-255,66,159257,73,281756
22538,0.004624,74.125.68.0-255,5738,164995,73,281756
22539,0.004628,172.31.40.0-255,66,165061,73,281756
22540,0.005359,172.31.40.0-255,101,165162,73,281756
22541,0.006913,74.125.68.0-255,5738,170900,73,281756
22542,0.00692,172.31.40.0-255,66,170966,73,281756
22543,0.007592,74.125.68.0-255,66,171032,73,281756
22544,0.009207,74.125.68.0-255,5738,176770,73,281756
22545,0.009214,172.31.40.0-255,66,176836,73,281756
22546,0.011509,74.125.68.0-255,5738,182574,73,281756
22547,0.011517,172.31.40.0-255,66,182640,73,281756
22548,0.013801,74.125.68.0-255,5738,188378,73,281756
22549,0.013809,172.31.40.0-255,66,188444,73,281756
22550,0.016108,74.125.68.0-255,5738,194182,73,281756
22551,0.016119,172.31.40.0-255,66,194248,73,281756
22552,0.018397,74.125.68.0-255,5738,199986,73,281756
22553,0.018407,172.31.40.0-255,66,200052,73,281756
22554,0.020692,74.125.68.0-255,5738,205790,73,281756
22555,0.020701,172.31.40.0-255,66,205856,73,281756
22556,0.022984,74.125.68.0-255,5738,211594,73,281756
22557,0.022991,172.31.40.0-255,66,211660,73,281756
22558,0.025278,74.125.68.0-255,5738,217398,73,281756
22559,0.025284,172.31.40.0-255,66,217464,73,281756
22560,0.027571,74.125.68.0-255,5738,223202,73,281756
22561,0.027578,172.31.40.0-255,66,223268,73,281756
22562,0.029873,74.125.68.0-255,5738,229006,73,281756
22563,0.029881,172.31.40.0-255,66,229072,73,281756
22564,0.031299,172.31.40.0-255,172,229244,73,281756
22565,0.031332,172.31.40.0-255,1115,230359,73,281756
22566,0.031391,172.31.40.0-255,1514,231873,73,281756
22567,0.031393,172.31.40.0-255,1514,233387,73,281756
22568,0.031397,172.31.40.0-255,1514,234901,73,281756
22569,0.031398,172.31.40.0-255,159,235060,73,281756
22570,0.032169,74.125.68.0-255,5738,240798,73,281756
22571,0.032176,172.31.40.0-255,66,240864,73,281756
22572,0.032884,104.244.42.0-255,66,240930,73,281756
22573,0.032901,104.244.42.0-255,66,240996,73,281756
22574,0.032955,104.244.42.0-255,66,241062,73,281756
22575,0.032975,104.244.42.0-255,66,241128,73,281756
22576,0.034457,74.125.68.0-255,5738,246866,73,281756
22577,0.034462,172.31.40.0-255,66,246932,73,281756
22578,0.036764,74.125.68.0-255,5738,252670,73,281756
22579,0.03677,172.31.40.0-255,66,252736,73,281756
22580,0.039061,74.125.68.0-255,5738,258474,73,281756
22581,0.039067,172.31.40.0-255,66,258540,73,281756
22582,0.041365,74.125.68.0-255,5738,264278,73,281756
22583,0.041372,172.31.40.0-255,66,264344,73,281756
22584,0.04367,74.125.68.0-255,5738,270082,73,281756
22585,0.043676,172.31.40.0-255,66,270148,73,281756
22586,0.045983,74.125.68.0-255,5738,275886,73,281756
22587,0.04599,172.31.40.0-255,66,275952,73,281756
22588,0.048286,74.125.68.0-255,5738,281690,73,281756
22589,0.048292,172.31.40.0-255,66,281756,73,281756
22590,0.0,172.217.26.0-255,150,150,73,227257
22591,2.4e-05,172.31.40.0-255,66,216,73,227257
22592,3.2e-05,172.217.26.0-255,1484,1700,73,227257
22593,3.6e-05,172.31.40.0-255,66,1766,73,227257
22594,5e-05,172.217.26.0-255,2902,4668,73,227257
22595,5.3e-05,172.31.40.0-255,66,4734,73,227257
22596,6e-05,172.217.26.0-255,5738,10472,73,227257
22597,6.3e-05,172.31.40.0-255,66,10538,73,227257
22598,6.8e-05,172.217.26.0-255,3456,13994,73,227257
22599,7e-05,172.31.40.0-255,66,14060,73,227257
22600,0.000157,172.217.26.0-255,1484,15544,73,227257
22601,0.00016,172.31.40.0-255,66,15610,73,227257
22602,0.000165,172.217.26.0-255,2902,18512,73,227257
22603,0.000167,172.31.40.0-255,66,18578,73,227257
22604,0.000171,172.217.26.0-255,2902,21480,73,227257
22605,0.000173,172.31.40.0-255,66,21546,73,227257
22606,0.000209,172.217.26.0-255,2902,24448,73,227257
22607,0.000212,172.31.40.0-255,66,24514,73,227257
22608,0.000219,172.217.26.0-255,6797,31311,73,227257
22609,0.000221,172.31.40.0-255,66,31377,73,227257
22610,0.00063,172.217.26.0-255,1484,32861,73,227257
22611,0.000635,172.217.26.0-255,2902,35763,73,227257
22612,0.00064,172.217.26.0-255,4320,40083,73,227257
22613,0.000645,172.31.40.0-255,66,40149,73,227257
22614,0.000649,172.31.40.0-255,66,40215,73,227257
22615,0.000657,172.31.40.0-255,66,40281,73,227257
22616,0.000665,172.217.26.0-255,1484,41765,73,227257
22617,0.000667,172.31.40.0-255,66,41831,73,227257
22618,0.000674,172.217.26.0-255,5738,47569,73,227257
22619,0.000676,172.31.40.0-255,66,47635,73,227257
22620,0.000705,172.217.26.0-255,1125,48760,73,227257
22621,0.000707,172.31.40.0-255,66,48826,73,227257
22622,0.000742,172.217.26.0-255,7156,55982,73,227257
22623,0.000745,172.31.40.0-255,66,56048,73,227257
22624,0.000756,172.31.40.0-255,66,56114,73,227257
22625,0.000763,172.217.26.0-255,1125,57239,73,227257
22626,0.000856,172.217.26.0-255,359,57598,73,227257
22627,0.001161,172.31.40.0-255,66,57664,73,227257
22628,0.00153,172.217.26.0-255,135,57799,73,227257
22629,0.001692,172.217.26.0-255,1484,59283,73,227257
22630,0.001698,172.31.40.0-255,66,59349,73,227257
22631,0.001703,172.217.26.0-255,1484,60833,73,227257
22632,0.001707,172.217.26.0-255,2902,63735,73,227257
22633,0.001709,172.31.40.0-255,66,63801,73,227257
22634,0.00172,172.217.26.0-255,2902,66703,73,227257
22635,0.001722,172.31.40.0-255,66,66769,73,227257
22636,0.001754,172.217.26.0-255,2902,69671,73,227257
22637,0.001757,172.31.40.0-255,66,69737,73,227257
22638,0.001765,172.217.26.0-255,7156,76893,73,227257
22639,0.001768,172.31.40.0-255,66,76959,73,227257
22640,0.001796,172.217.26.0-255,3961,80920,73,227257
22641,0.001798,172.31.40.0-255,66,80986,73,227257
22642,0.001802,172.217.26.0-255,1484,82470,73,227257
22643,0.001837,172.31.40.0-255,66,82536,73,227257
22644,0.003769,172.217.26.0-255,5738,88274,73,227257
22645,0.003774,172.31.40.0-255,66,88340,73,227257
22646,0.005723,172.217.26.0-255,5738,94078,73,227257
22647,0.00573,172.31.40.0-255,66,94144,73,227257
22648,0.007675,172.217.26.0-255,5738,99882,73,227257
22649,0.007682,172.31.40.0-255,66,99948,73,227257
22650,0.009627,172.217.26.0-255,5738,105686,73,227257
22651,0.009636,172.31.40.0-255,66,105752,73,227257
22652,0.011589,172.217.26.0-255,5738,111490,73,227257
22653,0.011597,172.31.40.0-255,66,111556,73,227257
22654,0.013546,172.217.26.0-255,5738,117294,73,227257
22655,0.013554,172.31.40.0-255,66,117360,73,227257
22656,0.015497,172.217.26.0-255,5738,123098,73,227257
22657,0.015504,172.31.40.0-255,66,123164,73,227257
22658,0.017443,172.217.26.0-255,5738,128902,73,227257
22659,0.017451,172.31.40.0-255,66,128968,73,227257
22660,0.019399,172.217.26.0-255,5738,134706,73,227257
22661,0.019407,172.31.40.0-255,66,134772,73,227257
22662,0.021346,172.217.26.0-255,5738,140510,73,227257
22663,0.021352,172.31.40.0-255,66,140576,73,227257
22664,0.022038,172.31.40.0-255,172,140748,73,227257
22665,0.022071,172.31.40.0-255,1111,141859,73,227257
22666,0.022138,172.31.40.0-255,1514,143373,73,227257
22667,0.022139,172.31.40.0-255,1514,144887,73,227257
22668,0.022163,172.31.40.0-255,850,145737,73,227257
22669,0.023423,172.217.26.0-255,5738,151475,73,227257
22670,0.023431,172.31.40.0-255,66,151541,73,227257
22671,0.023524,104.244.42.0-255,66,151607,73,227257
22672,0.023607,104.244.42.0-255,66,151673,73,227257
22673,0.023702,104.244.42.0-255,66,151739,73,227257
22674,0.023708,104.244.42.0-255,66,151805,73,227257
22675,0.025374,172.217.26.0-255,5738,157543,73,227257
22676,0.025382,172.31.40.0-255,66,157609,73,227257
22677,0.027329,172.217.26.0-255,5738,163347,73,227257
22678,0.027336,172.31.40.0-255,66,163413,73,227257
22679,0.029277,172.217.26.0-255,5738,169151,73,227257
22680,0.029283,172.31.40.0-255,66,169217,73,227257
22681,0.031228,172.217.26.0-255,5738,174955,73,227257
22682,0.031235,172.31.40.0-255,66,175021,73,227257
22683,0.033211,172.217.26.0-255,5738,180759,73,227257
22684,0.033223,172.31.40.0-255,66,180825,73,227257
22685,0.035167,172.217.26.0-255,5738,186563,73,227257
22686,0.035176,172.31.40.0-255,66,186629,73,227257
22687,0.03713,172.217.26.0-255,5738,192367,73,227257
22688,0.037137,172.31.40.0-255,66,192433,73,227257
22689,0.03909,172.217.26.0-255,5738,198171,73,227257
22690,0.039097,172.31.40.0-255,66,198237,73,227257
22691,0.041057,172.217.26.0-255,5738,203975,73,227257
22692,0.041064,172.31.40.0-255,66,204041,73,227257
22693,0.043021,172.217.26.0-255,5738,209779,73,227257
22694,0.043031,172.31.40.0-255,66,209845,73,227257
22695,0.045005,172.217.26.0-255,5738,215583,73,227257
22696,0.045012,172.31.40.0-255,66,215649,73,227257
22697,0.046989,172.217.26.0-255,5738,221387,73,227257
22698,0.046996,172.31.40.0-255,66,221453,73,227257
22699,0.048946,172.217.26.0-255,5738,227191,73,227257
22700,0.048952,172.31.40.0-255,66,227257,73,227257
22701,0.0,172.31.40.0-255,66,66,73,66
22702,0.0,74.125.130.0-255,150,150,73,260653
22703,2.2e-05,172.31.40.0-255,66,216,73,260653
22704,2.9e-05,74.125.130.0-255,1484,1700,73,260653
22705,3.4e-05,172.31.40.0-255,66,1766,73,260653
22706,3.7e-05,74.125.130.0-255,1484,3250,73,260653
22707,4.8e-05,172.31.40.0-255,66,3316,73,260653
22708,5.4e-05,74.125.130.0-255,2902,6218,73,260653
22709,5.7e-05,172.31.40.0-255,66,6284,73,260653
22710,6e-05,74.125.130.0-255,1484,7768,73,260653
22711,6.2e-05,172.31.40.0-255,66,7834,73,260653
22712,0.000103,74.125.130.0-255,4320,12154,73,260653
22713,0.000106,172.31.40.0-255,66,12220,73,260653
22714,0.000111,74.125.130.0-255,1985,14205,73,260653
22715,0.000113,172.31.40.0-255,66,14271,73,260653
22716,0.000117,74.125.130.0-255,2902,17173,73,260653
22717,0.000119,172.31.40.0-255,66,17239,73,260653
22718,0.000132,74.125.130.0-255,7156,24395,73,260653
22719,0.000134,172.31.40.0-255,66,24461,73,260653
22720,0.000139,74.125.130.0-255,4320,28781,73,260653
22721,0.000142,172.31.40.0-255,66,28847,73,260653
22722,0.000171,74.125.130.0-255,1484,30331,73,260653
22723,0.000173,172.31.40.0-255,66,30397,73,260653
22724,0.0002,74.125.130.0-255,1125,31522,73,260653
22725,0.000203,172.31.40.0-255,66,31588,73,260653
22726,0.000305,74.125.130.0-255,1484,33072,73,260653
22727,0.00031,172.31.40.0-255,66,33138,73,260653
22728,0.000315,74.125.130.0-255,2902,36040,73,260653
22729,0.000318,172.31.40.0-255,66,36106,73,260653
22730,0.00032,74.125.130.0-255,1484,37590,73,260653
22731,0.000328,172.31.40.0-255,66,37656,73,260653
22732,0.000331,74.125.130.0-255,1484,39140,73,260653
22733,0.000333,172.31.40.0-255,66,39206,73,260653
22734,0.000361,74.125.130.0-255,1484,40690,73,260653
22735,0.000373,74.125.130.0-255,5738,46428,73,260653
22736,0.000394,74.125.130.0-255,5379,51807,73,260653
22737,0.000399,74.125.130.0-255,4320,56127,73,260653
22738,0.000411,74.125.130.0-255,1484,57611,73,260653
22739,0.00043,74.125.130.0-255,2902,60513,73,260653
22740,0.000451,74.125.130.0-255,5669,66182,73,260653
22741,0.000454,74.125.130.0-255,364,66546,73,260653
22742,0.000551,172.31.40.0-255,66,66612,73,260653
22743,0.000804,74.125.130.0-255,1484,68096,73,260653
22744,0.000826,74.125.130.0-255,2902,70998,73,260653
22745,0.000829,74.125.130.0-255,1484,72482,73,260653
22746,0.000834,172.31.40.0-255,66,72548,73,260653
22747,0.000848,74.125.130.0-255,2902,75450,73,260653
22748,0.000874,172.31.40.0-255,66,75516,73,260653
22749,0.000888,74.125.130.0-255,5738,81254,73,260653
22750,0.000891,74.125.130.0-255,1484,82738,73,260653
22751,0.000912,74.125.130.0-255,2902,85640,73,260653
22752,0.000927,74.125.130.0-255,1484,87124,73,260653
22753,0.000941,74.125.130.0-255,4320,91444,73,260653
22754,0.000944,74.125.130.0-255,1484,92928,73,260653
22755,0.000948,172.31.40.0-255,66,92994,73,260653
22756,0.000977,74.125.130.0-255,2902,95896,73,260653
22757,0.00099,172.31.40.0-255,66,95962,73,260653
22758,0.001003,74.125.130.0-255,5020,100982,73,260653
22759,0.001032,172.31.40.0-255,66,101048,73,260653
22760,0.001488,74.125.130.0-255,1484,102532,73,260653
22761,0.001503,74.125.130.0-255,2902,105434,73,260653
22762,0.001507,172.31.40.0-255,66,105500,73,260653
22763,0.001537,74.125.130.0-255,5738,111238,73,260653
22764,0.00155,74.125.130.0-255,1484,112722,73,260653
22765,0.001553,172.31.40.0-255,66,112788,73,260653
22766,0.001592,74.125.130.0-255,4320,117108,73,260653
22767,0.001598,172.31.40.0-255,66,117174,73,260653
22768,0.001612,74.125.130.0-255,7156,124330,73,260653
22769,0.001622,74.125.130.0-255,2184,126514,73,260653
22770,0.001633,172.31.40.0-255,66,126580,73,260653
22771,0.003662,74.125.130.0-255,5738,132318,73,260653
22772,0.003669,172.31.40.0-255,66,132384,73,260653
22773,0.005706,74.125.130.0-255,5738,138122,73,260653
22774,0.007389,172.31.40.0-255,66,138188,73,260653
22775,0.009412,74.125.130.0-255,5738,143926,73,260653
22776,0.00942,172.31.40.0-255,66,143992,73,260653
22777,0.011437,74.125.130.0-255,5738,149730,73,260653
22778,0.012118,172.31.40.0-255,66,149796,73,260653
22779,0.014138,74.125.130.0-255,5738,155534,73,260653
22780,0.014149,172.31.40.0-255,66,155600,73,260653
22781,0.016184,74.125.130.0-255,5738,161338,73,260653
22782,0.016193,172.31.40.0-255,66,161404,73,260653
22783,0.018225,74.125.130.0-255,5738,167142,73,260653
22784,0.018233,172.31.40.0-255,66,167208,73,260653
22785,0.020252,74.125.130.0-255,5738,172946,73,260653
22786,0.020259,172.31.40.0-255,66,173012,73,260653
22787,0.022278,74.125.130.0-255,5738,178750,73,260653
22788,0.022285,172.31.40.0-255,66,178816,73,260653
22789,0.024326,74.125.130.0-255,1484,180300,73,260653
22790,0.024355,74.125.130.0-255,4320,184620,73,260653
22791,0.02436,172.31.40.0-255,66,184686,73,260653
22792,0.025086,172.31.40.0-255,172,184858,73,260653
22793,0.025136,172.31.40.0-255,1115,185973,73,260653
22794,0.025177,172.31.40.0-255,1514,187487,73,260653
22795,0.025179,172.31.40.0-255,1514,189001,73,260653
22796,0.025182,172.31.40.0-255,1410,190411,73,260653
22797,0.02642,74.125.130.0-255,5738,196149,73,260653
22798,0.026427,172.31.40.0-255,66,196215,73,260653
22799,0.026638,104.244.42.0-255,66,196281,73,260653
22800,0.026704,104.244.42.0-255,66,196347,73,260653
22801,0.026762,104.244.42.0-255,66,196413,73,260653
22802,0.026767,104.244.42.0-255,66,196479,73,260653
22803,0.02847,74.125.130.0-255,5738,202217,73,260653
22804,0.028476,172.31.40.0-255,66,202283,73,260653
22805,0.030523,74.125.130.0-255,5738,208021,73,260653
22806,0.03053,172.31.40.0-255,66,208087,73,260653
22807,0.032565,74.125.130.0-255,1484,209571,73,260653
22808,0.032641,74.125.130.0-255,4320,213891,73,260653
22809,0.032646,172.31.40.0-255,66,213957,73,260653
22810,0.034673,74.125.130.0-255,5738,219695,73,260653
22811,0.034679,172.31.40.0-255,66,219761,73,260653
22812,0.036711,74.125.130.0-255,5738,225499,73,260653
22813,0.036718,172.31.40.0-255,66,225565,73,260653
22814,0.038752,74.125.130.0-255,5738,231303,73,260653
22815,0.038759,172.31.40.0-255,66,231369,73,260653
22816,0.040792,74.125.130.0-255,5738,237107,73,260653
22817,0.040799,172.31.40.0-255,66,237173,73,260653
22818,0.042841,74.125.130.0-255,5738,242911,73,260653
22819,0.042847,172.31.40.0-255,66,242977,73,260653
22820,0.044883,74.125.130.0-255,5738,248715,73,260653
22821,0.044888,172.31.40.0-255,66,248781,73,260653
22822,0.046902,74.125.130.0-255,2902,251683,73,260653
22823,0.046907,172.31.40.0-255,66,251749,73,260653
22824,0.046932,74.125.130.0-255,2902,254651,73,260653
22825,0.046957,172.31.40.0-255,66,254717,73,260653
22826,0.048938,74.125.130.0-255,2902,257619,73,260653
22827,0.048945,172.31.40.0-255,66,257685,73,260653
22828,0.048977,74.125.130.0-255,2902,260587,73,260653
22829,0.049002,172.31.40.0-255,66,260653,73,260653
22830,0.0,172.217.194.0-255,145,145,73,252067
22831,2.6e-05,172.31.40.0-255,66,211,73,252067
22832,3.3e-05,172.217.194.0-255,1484,1695,73,252067
22833,3.9e-05,172.31.40.0-255,66,1761,73,252067
22834,4.6e-05,172.217.194.0-255,2902,4663,73,252067
22835,4.9e-05,172.31.40.0-255,66,4729,73,252067
22836,5.7e-05,172.217.194.0-255,7156,11885,73,252067
22837,6e-05,172.31.40.0-255,66,11951,73,252067
22838,6.5e-05,172.217.194.0-255,2125,14076,73,252067
22839,6.7e-05,172.31.40.0-255,66,14142,73,252067
22840,0.000222,172.217.194.0-255,1484,15626,73,252067
22841,0.000225,172.31.40.0-255,66,15692,73,252067
22842,0.00023,172.217.194.0-255,2902,18594,73,252067
22843,0.000233,172.31.40.0-255,66,18660,73,252067
22844,0.000247,172.217.194.0-255,4320,22980,73,252067
22845,0.00025,172.31.40.0-255,66,23046,73,252067
22846,0.000271,172.217.194.0-255,1484,24530,73,252067
22847,0.000274,172.31.40.0-255,66,24596,73,252067
22848,0.000281,172.217.194.0-255,5738,30334,73,252067
22849,0.000284,172.31.40.0-255,66,30400,73,252067
22850,0.0003,172.217.194.0-255,1125,31525,73,252067
22851,0.000302,172.31.40.0-255,66,31591,73,252067
22852,0.000355,172.217.194.0-255,1484,33075,73,252067
22853,0.000357,172.31.40.0-255,66,33141,73,252067
22854,0.000362,172.217.194.0-255,2902,36043,73,252067
22855,0.000365,172.31.40.0-255,66,36109,73,252067
22856,0.000395,172.217.194.0-255,5738,41847,73,252067
22857,0.000398,172.31.40.0-255,66,41913,73,252067
22858,0.000413,172.217.194.0-255,5738,47651,73,252067
22859,0.000415,172.31.40.0-255,66,47717,73,252067
22860,0.000432,172.217.194.0-255,1125,48842,73,252067
22861,0.000434,172.31.40.0-255,66,48908,73,252067
22862,0.000845,172.217.194.0-255,1484,50392,73,252067
22863,0.000853,172.217.194.0-255,2902,53294,73,252067
22864,0.000857,172.31.40.0-255,66,53360,73,252067
22865,0.000862,172.217.194.0-255,1484,54844,73,252067
22866,0.000879,172.217.194.0-255,1484,56328,73,252067
22867,0.000881,172.31.40.0-255,66,56394,73,252067
22868,0.000889,172.217.194.0-255,7156,63550,73,252067
22869,0.000891,172.31.40.0-255,66,63616,73,252067
22870,0.000913,172.217.194.0-255,2543,66159,73,252067
22871,0.000916,172.31.40.0-255,66,66225,73,252067
22872,0.001039,172.217.194.0-255,1484,67709,73,252067
22873,0.001043,172.217.194.0-255,1484,69193,73,252067
22874,0.001047,172.31.40.0-255,66,69259,73,252067
22875,0.001068,172.217.194.0-255,1484,70743,73,252067
22876,0.001074,172.217.194.0-255,5738,76481,73,252067
22877,0.001077,172.31.40.0-255,66,76547,73,252067
22878,0.00108,172.217.194.0-255,1484,78031,73,252067
22879,0.001095,172.217.194.0-255,2902,80933,73,252067
22880,0.001098,172.31.40.0-255,66,80999,73,252067
22881,0.001123,172.217.194.0-255,7156,88155,73,252067
22882,0.001126,172.31.40.0-255,66,88221,73,252067
22883,0.001151,172.217.194.0-255,5379,93600,73,252067
22884,0.001154,172.31.40.0-255,66,93666,73,252067
22885,0.001171,172.31.40.0-255,66,93732,73,252067
22886,0.001181,172.31.40.0-255,66,93798,73,252067
22887,0.001767,172.217.194.0-255,1484,95282,73,252067
22888,0.001775,172.217.194.0-255,2902,98184,73,252067
22889,0.001779,172.31.40.0-255,66,98250,73,252067
22890,0.001786,172.217.194.0-255,5738,103988,73,252067
22891,0.001788,172.31.40.0-255,66,104054,73,252067
22892,0.001841,172.217.194.0-255,6921,110975,73,252067
22893,0.001845,172.31.40.0-255,66,111041,73,252067
22894,0.002058,172.217.194.0-255,1484,112525,73,252067
22895,0.002083,172.217.194.0-255,2902,115427,73,252067
22896,0.002087,172.31.40.0-255,66,115493,73,252067
22897,0.002095,172.217.194.0-255,5738,121231,73,252067
22898,0.002097,172.31.40.0-255,66,121297,73,252067
22899,0.002115,172.217.194.0-255,7156,128453,73,252067
22900,0.002117,172.31.40.0-255,66,128519,73,252067
22901,0.002178,172.31.40.0-255,66,128585,73,252067
22902,0.002182,172.217.194.0-255,2184,130769,73,252067
22903,0.002184,172.31.40.0-255,66,130835,73,252067
22904,0.004475,172.217.194.0-255,5738,136573,73,252067
22905,0.004482,172.31.40.0-255,66,136639,73,252067
22906,0.006774,172.217.194.0-255,5738,142377,73,252067
22907,0.006781,172.31.40.0-255,66,142443,73,252067
22908,0.009088,172.217.194.0-255,5738,148181,73,252067
22909,0.009095,172.31.40.0-255,66,148247,73,252067
22910,0.011409,172.217.194.0-255,5738,153985,73,252067
22911,0.011418,172.31.40.0-255,66,154051,73,252067
22912,0.013755,172.217.194.0-255,5738,159789,73,252067
22913,0.013764,172.31.40.0-255,66,159855,73,252067
22914,0.016059,172.217.194.0-255,5738,165593,73,252067
22915,0.016071,172.31.40.0-255,66,165659,73,252067
22916,0.018391,172.217.194.0-255,5738,171397,73,252067
22917,0.018399,172.31.40.0-255,66,171463,73,252067
22918,0.020684,172.217.194.0-255,5738,177201,73,252067
22919,0.020692,172.31.40.0-255,66,177267,73,252067
22920,0.022994,172.217.194.0-255,5738,183005,73,252067
22921,0.023001,172.31.40.0-255,66,183071,73,252067
22922,0.025291,172.217.194.0-255,5738,188809,73,252067
22923,0.0253,172.31.40.0-255,66,188875,73,252067
22924,0.027609,172.217.194.0-255,5738,194613,73,252067
22925,0.027616,172.31.40.0-255,66,194679,73,252067
22926,0.029904,172.217.194.0-255,4320,198999,73,252067
22927,0.02991,172.31.40.0-255,66,199065,73,252067
22928,0.029929,172.217.194.0-255,1484,200549,73,252067
22929,0.032186,172.217.194.0-255,4320,204869,73,252067
22930,0.032193,172.31.40.0-255,66,204935,73,252067
22931,0.034512,172.217.194.0-255,5738,210673,73,252067
22932,0.034522,172.31.40.0-255,66,210739,73,252067
22933,0.036845,172.217.194.0-255,5738,216477,73,252067
22934,0.036854,172.31.40.0-255,66,216543,73,252067
22935,0.039182,172.217.194.0-255,5738,222281,73,252067
22936,0.0392,172.31.40.0-255,66,222347,73,252067
22937,0.041526,172.217.194.0-255,5738,228085,73,252067
22938,0.041539,172.31.40.0-255,66,228151,73,252067
22939,0.043901,172.217.194.0-255,5738,233889,73,252067
22940,0.043918,172.31.40.0-255,66,233955,73,252067
22941,0.046238,172.217.194.0-255,5738,239693,73,252067
22942,0.046246,172.31.40.0-255,66,239759,73,252067
22943,0.046322,172.31.40.0-255,202,239961,73,252067
22944,0.046353,172.31.40.0-255,915,240876,73,252067
22945,0.046479,172.31.40.0-255,1514,242390,73,252067
22946,0.046481,172.31.40.0-255,1514,243904,73,252067
22947,0.046482,172.31.40.0-255,1514,245418,73,252067
22948,0.046483,172.31.40.0-255,581,245999,73,252067
22949,0.047874,104.244.42.0-255,66,246065,73,252067
22950,0.047909,104.244.42.0-255,66,246131,73,252067
22951,0.048058,104.244.42.0-255,66,246197,73,252067
22952,0.048063,104.244.42.0-255,66,246263,73,252067
22953,0.048514,172.217.194.0-255,5738,252001,73,252067
22954,0.048524,172.31.40.0-255,66,252067,73,252067
22955,0.0,74.125.24.0-255,150,150,73,281429
22956,2.2e-05,172.31.40.0-255,66,216,73,281429
22957,3e-05,74.125.24.0-255,1484,1700,73,281429
22958,3.4e-05,172.31.40.0-255,66,1766,73,281429
22959,3.9e-05,74.125.24.0-255,2902,4668,73,281429
22960,4.9e-05,172.31.40.0-255,66,4734,73,281429
22961,5.7e-05,74.125.24.0-255,7156,11890,73,281429
22962,6e-05,172.31.40.0-255,66,11956,73,281429
22963,8.2e-05,74.125.24.0-255,3449,15405,73,281429
22964,8.9e-05,172.31.40.0-255,66,15471,73,281429
22965,9.3e-05,74.125.24.0-255,1484,16955,73,281429
22966,9.6e-05,172.31.40.0-255,66,17021,73,281429
22967,0.000125,74.125.24.0-255,2902,19923,73,281429
22968,0.000128,172.31.40.0-255,66,19989,73,281429
22969,0.000141,172.31.40.0-255,66,20055,73,281429
22970,0.000144,74.125.24.0-255,1125,21180,73,281429
22971,0.000147,172.31.40.0-255,66,21246,73,281429
22972,0.000254,74.125.24.0-255,1484,22730,73,281429
22973,0.000258,172.31.40.0-255,66,22796,73,281429
22974,0.000263,74.125.24.0-255,2902,25698,73,281429
22975,0.000266,172.31.40.0-255,66,25764,73,281429
22976,0.000268,74.125.24.0-255,1484,27248,73,281429
22977,0.000275,172.31.40.0-255,66,27314,73,281429
22978,0.000288,74.125.24.0-255,4320,31634,73,281429
22979,0.00029,172.31.40.0-255,66,31700,73,281429
22980,0.000296,74.125.24.0-255,5738,37438,73,281429
22981,0.000303,172.31.40.0-255,66,37504,73,281429
22982,0.000339,172.31.40.0-255,66,37570,73,281429
22983,0.000344,74.125.24.0-255,3961,41531,73,281429
22984,0.000347,172.31.40.0-255,66,41597,73,281429
22985,0.000375,74.125.24.0-255,708,42305,73,281429
22986,0.000634,74.125.24.0-255,1484,43789,73,281429
22987,0.00064,172.31.40.0-255,66,43855,73,281429
22988,0.000646,74.125.24.0-255,2902,46757,73,281429
22989,0.000648,172.31.40.0-255,66,46823,73,281429
22990,0.000683,74.125.24.0-255,5738,52561,73,281429
22991,0.000687,172.31.40.0-255,66,52627,73,281429
22992,0.000694,74.125.24.0-255,5738,58365,73,281429
22993,0.000697,172.31.40.0-255,66,58431,73,281429
22994,0.000728,74.125.24.0-255,7156,65587,73,281429
22995,0.000731,172.31.40.0-255,66,65653,73,281429
22996,0.000748,74.125.24.0-255,5738,71391,73,281429
22997,0.000755,172.31.40.0-255,66,71457,73,281429
22998,0.00078,74.125.24.0-255,5020,76477,73,281429
22999,0.000786,172.31.40.0-255,66,76543,73,281429
23000,0.000875,74.125.24.0-255,1484,78027,73,281429
23001,0.000879,74.125.24.0-255,1484,79511,73,281429
23002,0.000882,172.31.40.0-255,66,79577,73,281429
23003,0.000914,74.125.24.0-255,1484,81061,73,281429
23004,0.000921,74.125.24.0-255,5738,86799,73,281429
23005,0.000923,172.31.40.0-255,66,86865,73,281429
23006,0.000942,172.31.40.0-255,66,86931,73,281429
23007,0.000997,172.31.40.0-255,66,86997,73,281429
23008,0.001002,74.125.24.0-255,2902,89899,73,281429
23009,0.001004,172.31.40.0-255,66,89965,73,281429
23010,0.001009,74.125.24.0-255,4320,94285,73,281429
23011,0.001017,172.31.40.0-255,66,94351,73,281429
23012,0.001021,74.125.24.0-255,2902,97253,73,281429
23013,0.001024,172.31.40.0-255,66,97319,73,281429
23014,0.001057,74.125.24.0-255,5738,103057,73,281429
23015,0.001074,172.31.40.0-255,66,103123,73,281429
23016,0.001077,172.31.40.0-255,66,103189,73,281429
23017,0.001109,74.125.24.0-255,5020,108209,73,281429
23018,0.001112,172.31.40.0-255,66,108275,73,281429
23019,0.001445,74.125.24.0-255,1484,109759,73,281429
23020,0.001452,74.125.24.0-255,2902,112661,73,281429
23021,0.001456,172.31.40.0-255,66,112727,73,281429
23022,0.001489,74.125.24.0-255,5738,118465,73,281429
23023,0.001492,172.31.40.0-255,66,118531,73,281429
23024,0.001509,172.31.40.0-255,66,118597,73,281429
23025,0.00152,172.31.40.0-255,66,118663,73,281429
23026,0.001548,74.125.24.0-255,2184,120847,73,281429
23027,0.001551,172.31.40.0-255,66,120913,73,281429
23028,0.001662,74.125.24.0-255,1484,122397,73,281429
23029,0.001668,74.125.24.0-255,2902,125299,73,281429
23030,0.001672,172.31.40.0-255,66,125365,73,281429
23031,0.001678,74.125.24.0-255,4320,129685,73,281429
23032,0.00168,172.31.40.0-255,66,129751,73,281429
23033,0.001707,74.125.24.0-255,1484,131235,73,281429
23034,0.001733,172.31.40.0-255,66,131301,73,281429
23035,0.001746,172.31.40.0-255,66,131367,73,281429
23036,0.001767,74.125.24.0-255,2184,133551,73,281429
23037,0.00177,172.31.40.0-255,66,133617,73,281429
23038,0.001791,74.125.24.0-255,2902,136519,73,281429
23039,0.001794,172.31.40.0-255,66,136585,73,281429
23040,0.001797,74.125.24.0-255,1484,138069,73,281429
23041,0.001838,74.125.24.0-255,5738,143807,73,281429
23042,0.001842,172.31.40.0-255,66,143873,73,281429
23043,0.001854,74.125.24.0-255,7156,151029,73,281429
23044,0.001856,172.31.40.0-255,66,151095,73,281429
23045,0.001872,172.31.40.0-255,66,151161,73,281429
23046,0.001875,74.125.24.0-255,766,151927,73,281429
23047,0.002086,74.125.24.0-255,1484,153411,73,281429
23048,0.002091,172.31.40.0-255,66,153477,73,281429
23049,0.002119,74.125.24.0-255,2902,156379,73,281429
23050,0.002122,172.31.40.0-255,66,156445,73,281429
23051,0.002128,74.125.24.0-255,5738,162183,73,281429
23052,0.00213,172.31.40.0-255,66,162249,73,281429
23053,0.002133,74.125.24.0-255,1484,163733,73,281429
23054,0.00217,172.31.40.0-255,66,163799,73,281429
23055,0.002173,74.125.24.0-255,1484,165283,73,281429
23056,0.00221,172.31.40.0-255,66,165349,73,281429
23057,0.004486,74.125.24.0-255,5738,171087,73,281429
23058,0.004492,172.31.40.0-255,66,171153,73,281429
23059,0.00676,74.125.24.0-255,5738,176891,73,281429
23060,0.006766,172.31.40.0-255,66,176957,73,281429
23061,0.009069,74.125.24.0-255,5738,182695,73,281429
23062,0.009087,172.31.40.0-255,66,182761,73,281429
23063,0.011352,74.125.24.0-255,5738,188499,73,281429
23064,0.011369,172.31.40.0-255,66,188565,73,281429
23065,0.013652,74.125.24.0-255,5738,194303,73,281429
23066,0.01366,172.31.40.0-255,66,194369,73,281429
23067,0.01593,74.125.24.0-255,5738,200107,73,281429
23068,0.015944,172.31.40.0-255,66,200173,73,281429
23069,0.018233,74.125.24.0-255,5738,205911,73,281429
23070,0.018244,172.31.40.0-255,66,205977,73,281429
23071,0.020535,74.125.24.0-255,5738,211715,73,281429
23072,0.020543,172.31.40.0-255,66,211781,73,281429
23073,0.022836,74.125.24.0-255,5738,217519,73,281429
23074,0.022844,172.31.40.0-255,66,217585,73,281429
23075,0.025134,74.125.24.0-255,5738,223323,73,281429
23076,0.025142,172.31.40.0-255,66,223389,73,281429
23077,0.027451,74.125.24.0-255,5738,229127,73,281429
23078,0.027458,172.31.40.0-255,66,229193,73,281429
23079,0.029733,74.125.24.0-255,5738,234931,73,281429
23080,0.029744,172.31.40.0-255,66,234997,73,281429
23081,0.03204,74.125.24.0-255,5738,240735,73,281429
23082,0.03205,172.31.40.0-255,66,240801,73,281429
23083,0.034383,74.125.24.0-255,5738,246539,73,281429
23084,0.034392,172.31.40.0-255,66,246605,73,281429
23085,0.036661,74.125.24.0-255,5738,252343,73,281429
23086,0.036668,172.31.40.0-255,66,252409,73,281429
23087,0.038967,74.125.24.0-255,5738,258147,73,281429
23088,0.038984,172.31.40.0-255,66,258213,73,281429
23089,0.041255,74.125.24.0-255,5738,263951,73,281429
23090,0.041263,172.31.40.0-255,66,264017,73,281429
23091,0.043543,74.125.24.0-255,5738,269755,73,281429
23092,0.04356,172.31.40.0-255,66,269821,73,281429
23093,0.045827,74.125.24.0-255,5738,275559,73,281429
23094,0.045834,172.31.40.0-255,66,275625,73,281429
23095,0.048109,74.125.24.0-255,5738,281363,73,281429
23096,0.048118,172.31.40.0-255,66,281429,73,281429
23097,0.0,74.125.24.0-255,155,155,73,177345
23098,2.3e-05,172.31.40.0-255,66,221,73,177345
23099,3e-05,74.125.24.0-255,1484,1705,73,177345
23100,3.6e-05,172.31.40.0-255,66,1771,73,177345
23101,4.2e-05,74.125.24.0-255,2902,4673,73,177345
23102,5.2e-05,172.31.40.0-255,66,4739,73,177345
23103,6e-05,74.125.24.0-255,7156,11895,73,177345
23104,6.3e-05,172.31.40.0-255,66,11961,73,177345
23105,6.7e-05,74.125.24.0-255,2090,14051,73,177345
23106,6.9e-05,172.31.40.0-255,66,14117,73,177345
23107,0.000103,74.125.24.0-255,2902,17019,73,177345
23108,0.000106,172.31.40.0-255,66,17085,73,177345
23109,0.000114,74.125.24.0-255,7156,24241,73,177345
23110,0.000116,172.31.40.0-255,66,24307,73,177345
23111,0.000128,74.125.24.0-255,5738,30045,73,177345
23112,0.00013,172.31.40.0-255,66,30111,73,177345
23113,0.00015,74.125.24.0-255,1125,31236,73,177345
23114,0.000153,172.31.40.0-255,66,31302,73,177345
23115,0.000718,74.125.24.0-255,1484,32786,73,177345
23116,0.000722,172.31.40.0-255,66,32852,73,177345
23117,0.000726,74.125.24.0-255,1484,34336,73,177345
23118,0.000728,172.31.40.0-255,66,34402,73,177345
23119,0.000753,74.125.24.0-255,1484,35886,73,177345
23120,0.000756,172.31.40.0-255,66,35952,73,177345
23121,0.000762,74.125.24.0-255,5738,41690,73,177345
23122,0.000765,172.31.40.0-255,66,41756,73,177345
23123,0.000768,74.125.24.0-255,1484,43240,73,177345
23124,0.00077,172.31.40.0-255,66,43306,73,177345
23125,0.000817,172.31.40.0-255,66,43372,73,177345
23126,0.000854,172.31.40.0-255,66,43438,73,177345
23127,0.001166,74.125.24.0-255,109,43547,73,177345
23128,0.001292,74.125.24.0-255,1484,45031,73,177345
23129,0.001298,74.125.24.0-255,2902,47933,73,177345
23130,0.001327,74.125.24.0-255,5738,53671,73,177345
23131,0.001332,74.125.24.0-255,4320,57991,73,177345
23132,0.001348,74.125.24.0-255,1484,59475,73,177345
23133,0.001377,74.125.24.0-255,4320,63795,73,177345
23134,0.001395,74.125.24.0-255,2543,66338,73,177345
23135,0.002291,172.31.40.0-255,66,66404,73,177345
23136,0.00488,74.125.24.0-255,5738,72142,73,177345
23137,0.004889,172.31.40.0-255,66,72208,73,177345
23138,0.007453,74.125.24.0-255,5738,77946,73,177345
23139,0.007457,172.31.40.0-255,66,78012,73,177345
23140,0.010055,74.125.24.0-255,5738,83750,73,177345
23141,0.010063,172.31.40.0-255,66,83816,73,177345
23142,0.01264,74.125.24.0-255,5738,89554,73,177345
23143,0.012649,172.31.40.0-255,66,89620,73,177345
23144,0.015223,74.125.24.0-255,5738,95358,73,177345
23145,0.01523,172.31.40.0-255,66,95424,73,177345
23146,0.017797,74.125.24.0-255,5738,101162,73,177345
23147,0.017805,172.31.40.0-255,66,101228,73,177345
23148,0.020404,74.125.24.0-255,5738,106966,73,177345
23149,0.020417,172.31.40.0-255,66,107032,73,177345
23150,0.023005,74.125.24.0-255,5738,112770,73,177345
23151,0.023017,172.31.40.0-255,66,112836,73,177345
23152,0.02558,74.125.24.0-255,5738,118574,73,177345
23153,0.025589,172.31.40.0-255,66,118640,73,177345
23154,0.028179,74.125.24.0-255,5738,124378,73,177345
23155,0.028189,172.31.40.0-255,66,124444,73,177345
23156,0.02985,172.31.40.0-255,215,124659,73,177345
23157,0.029882,172.31.40.0-255,958,125617,73,177345
23158,0.029947,172.31.40.0-255,1514,127131,73,177345
23159,0.029949,172.31.40.0-255,1514,128645,73,177345
23160,0.029954,172.31.40.0-255,1514,130159,73,177345
23161,0.029955,172.31.40.0-255,316,130475,73,177345
23162,0.03079,74.125.24.0-255,5738,136213,73,177345
23163,0.030797,172.31.40.0-255,66,136279,73,177345
23164,0.031413,104.244.42.0-255,66,136345,73,177345
23165,0.031422,104.244.42.0-255,66,136411,73,177345
23166,0.031537,104.244.42.0-255,66,136477,73,177345
23167,0.031543,104.244.42.0-255,66,136543,73,177345
23168,0.032176,104.244.42.0-255,108,136651,73,177345
23169,0.032183,172.31.40.0-255,66,136717,73,177345
23170,0.033363,74.125.24.0-255,5738,142455,73,177345
23171,0.033369,172.31.40.0-255,66,142521,73,177345
23172,0.035956,74.125.24.0-255,5738,148259,73,177345
23173,0.035963,172.31.40.0-255,66,148325,73,177345
23174,0.03854,74.125.24.0-255,5738,154063,73,177345
23175,0.038547,172.31.40.0-255,66,154129,73,177345
23176,0.041122,74.125.24.0-255,5738,159867,73,177345
23177,0.041131,172.31.40.0-255,66,159933,73,177345
23178,0.04369,74.125.24.0-255,5738,165671,73,177345
23179,0.043696,172.31.40.0-255,66,165737,73,177345
23180,0.046278,74.125.24.0-255,5738,171475,73,177345
23181,0.046284,172.31.40.0-255,66,171541,73,177345
23182,0.048852,74.125.24.0-255,5738,177279,73,177345
23183,0.048859,172.31.40.0-255,66,177345,73,177345
23184,0.0,74.125.24.0-255,150,150,73,252373
23185,2.5e-05,172.31.40.0-255,66,216,73,252373
23186,3.1e-05,74.125.24.0-255,1484,1700,73,252373
23187,3.6e-05,172.31.40.0-255,66,1766,73,252373
23188,4.2e-05,74.125.24.0-255,2902,4668,73,252373
23189,5.3e-05,172.31.40.0-255,66,4734,73,252373
23190,6.2e-05,74.125.24.0-255,7156,11890,73,252373
23191,6.5e-05,172.31.40.0-255,66,11956,73,252373
23192,6.9e-05,74.125.24.0-255,2002,13958,73,252373
23193,7.2e-05,172.31.40.0-255,66,14024,73,252373
23194,7.7e-05,74.125.24.0-255,2902,16926,73,252373
23195,8e-05,172.31.40.0-255,66,16992,73,252373
23196,0.000103,74.125.24.0-255,1484,18476,73,252373
23197,0.000105,172.31.40.0-255,66,18542,73,252373
23198,0.000118,74.125.24.0-255,5738,24280,73,252373
23199,0.00012,172.31.40.0-255,66,24346,73,252373
23200,0.000157,74.125.24.0-255,6797,31143,73,252373
23201,0.00016,172.31.40.0-255,66,31209,73,252373
23202,0.000202,74.125.24.0-255,1484,32693,73,252373
23203,0.000205,172.31.40.0-255,66,32759,73,252373
23204,0.00021,74.125.24.0-255,2902,35661,73,252373
23205,0.000212,172.31.40.0-255,66,35727,73,252373
23206,0.000219,74.125.24.0-255,5738,41465,73,252373
23207,0.000221,172.31.40.0-255,66,41531,73,252373
23208,0.000257,74.125.24.0-255,6797,48328,73,252373
23209,0.00026,172.31.40.0-255,66,48394,73,252373
23210,0.000345,74.125.24.0-255,1484,49878,73,252373
23211,0.000348,172.31.40.0-255,66,49944,73,252373
23212,0.000353,74.125.24.0-255,2902,52846,73,252373
23213,0.000356,172.31.40.0-255,66,52912,73,252373
23214,0.000359,74.125.24.0-255,1484,54396,73,252373
23215,0.00036,172.31.40.0-255,66,54462,73,252373
23216,0.000402,74.125.24.0-255,4320,58782,73,252373
23217,0.000405,172.31.40.0-255,66,58848,73,252373
23218,0.00041,74.125.24.0-255,2902,61750,73,252373
23219,0.000412,172.31.40.0-255,66,61816,73,252373
23220,0.000418,74.125.24.0-255,3961,65777,73,252373
23221,0.000421,172.31.40.0-255,66,65843,73,252373
23222,0.000423,74.125.24.0-255,411,66254,73,252373
23223,0.000523,74.125.24.0-255,332,66586,73,252373
23224,0.000715,74.125.24.0-255,1484,68070,73,252373
23225,0.000721,172.31.40.0-255,66,68136,73,252373
23226,0.000727,74.125.24.0-255,2902,71038,73,252373
23227,0.000729,172.31.40.0-255,66,71104,73,252373
23228,0.000736,74.125.24.0-255,5738,76842,73,252373
23229,0.000743,172.31.40.0-255,66,76908,73,252373
23230,0.000748,74.125.24.0-255,2902,79810,73,252373
23231,0.00075,172.31.40.0-255,66,79876,73,252373
23232,0.000805,74.125.24.0-255,7156,87032,73,252373
23233,0.000809,172.31.40.0-255,66,87098,73,252373
23234,0.000845,74.125.24.0-255,2543,89641,73,252373
23235,0.000848,172.31.40.0-255,66,89707,73,252373
23236,0.000861,172.31.40.0-255,66,89773,73,252373
23237,0.000864,74.125.24.0-255,1125,90898,73,252373
23238,0.001428,74.125.24.0-255,1484,92382,73,252373
23239,0.001434,172.31.40.0-255,66,92448,73,252373
23240,0.00144,74.125.24.0-255,2902,95350,73,252373
23241,0.001442,172.31.40.0-255,66,95416,73,252373
23242,0.001477,74.125.24.0-255,5738,101154,73,252373
23243,0.00148,172.31.40.0-255,66,101220,73,252373
23244,0.001487,74.125.24.0-255,5738,106958,73,252373
23245,0.001489,172.31.40.0-255,66,107024,73,252373
23246,0.001512,74.125.24.0-255,4320,111344,73,252373
23247,0.001515,172.31.40.0-255,66,111410,73,252373
23248,0.00153,172.31.40.0-255,66,111476,73,252373
23249,0.001554,74.125.24.0-255,5020,116496,73,252373
23250,0.001556,172.31.40.0-255,66,116562,73,252373
23251,0.003683,74.125.24.0-255,1484,118046,73,252373
23252,0.003704,74.125.24.0-255,2902,120948,73,252373
23253,0.003709,172.31.40.0-255,66,121014,73,252373
23254,0.003734,74.125.24.0-255,1484,122498,73,252373
23255,0.005756,74.125.24.0-255,4320,126818,73,252373
23256,0.00576,172.31.40.0-255,66,126884,73,252373
23257,0.007789,74.125.24.0-255,5738,132622,73,252373
23258,0.007794,172.31.40.0-255,66,132688,73,252373
23259,0.009862,74.125.24.0-255,5738,138426,73,252373
23260,0.00987,172.31.40.0-255,66,138492,73,252373
23261,0.011952,74.125.24.0-255,5738,144230,73,252373
23262,0.01196,172.31.40.0-255,66,144296,73,252373
23263,0.014014,74.125.24.0-255,5738,150034,73,252373
23264,0.014022,172.31.40.0-255,66,150100,73,252373
23265,0.016116,74.125.24.0-255,5738,155838,73,252373
23266,0.016127,172.31.40.0-255,66,155904,73,252373
23267,0.0182,74.125.24.0-255,4320,160224,73,252373
23268,0.018205,172.31.40.0-255,66,160290,73,252373
23269,0.018238,74.125.24.0-255,1484,161774,73,252373
23270,0.020262,74.125.24.0-255,4320,166094,73,252373
23271,0.020271,172.31.40.0-255,66,166160,73,252373
23272,0.022297,74.125.24.0-255,5738,171898,73,252373
23273,0.022304,172.31.40.0-255,66,171964,73,252373
23274,0.024389,74.125.24.0-255,5738,177702,73,252373
23275,0.024398,172.31.40.0-255,66,177768,73,252373
23276,0.026437,74.125.24.0-255,5738,183506,73,252373
23277,0.026444,172.31.40.0-255,66,183572,73,252373
23278,0.028409,172.31.40.0-255,229,183801,73,252373
23279,0.028437,172.31.40.0-255,1114,184915,73,252373
23280,0.028492,172.31.40.0-255,1514,186429,73,252373
23281,0.028494,172.31.40.0-255,1514,187943,73,252373
23282,0.02852,172.31.40.0-255,1514,189457,73,252373
23283,0.028521,172.31.40.0-255,160,189617,73,252373
23284,0.028528,74.125.24.0-255,5738,195355,73,252373
23285,0.028536,172.31.40.0-255,66,195421,73,252373
23286,0.029925,104.244.42.0-255,66,195487,73,252373
23287,0.029975,104.244.42.0-255,66,195553,73,252373
23288,0.030015,104.244.42.0-255,66,195619,73,252373
23289,0.030083,104.244.42.0-255,66,195685,73,252373
23290,0.030594,74.125.24.0-255,5738,201423,73,252373
23291,0.0306,172.31.40.0-255,66,201489,73,252373
23292,0.03267,74.125.24.0-255,5738,207227,73,252373
23293,0.032676,172.31.40.0-255,66,207293,73,252373
23294,0.034723,74.125.24.0-255,5738,213031,73,252373
23295,0.034731,172.31.40.0-255,66,213097,73,252373
23296,0.036765,74.125.24.0-255,5738,218835,73,252373
23297,0.036771,172.31.40.0-255,66,218901,73,252373
23298,0.038819,74.125.24.0-255,5738,224639,73,252373
23299,0.038825,172.31.40.0-255,66,224705,73,252373
23300,0.040882,74.125.24.0-255,5738,230443,73,252373
23301,0.040889,172.31.40.0-255,66,230509,73,252373
23302,0.042928,74.125.24.0-255,5738,236247,73,252373
23303,0.042935,172.31.40.0-255,66,236313,73,252373
23304,0.04498,74.125.24.0-255,5738,242051,73,252373
23305,0.044986,172.31.40.0-255,66,242117,73,252373
23306,0.047046,74.125.24.0-255,4320,246437,73,252373
23307,0.047054,172.31.40.0-255,66,246503,73,252373
23308,0.047083,74.125.24.0-255,1484,247987,73,252373
23309,0.04926,74.125.24.0-255,4320,252307,73,252373
23310,0.049265,172.31.40.0-255,66,252373,73,252373
23311,0.0,74.125.24.0-255,143,143,73,180422
23312,2.2e-05,172.31.40.0-255,66,209,73,180422
23313,3e-05,74.125.24.0-255,1484,1693,73,180422
23314,3.4e-05,172.31.40.0-255,66,1759,73,180422
23315,4e-05,74.125.24.0-255,2902,4661,73,180422
23316,4.3e-05,172.31.40.0-255,66,4727,73,180422
23317,6e-05,74.125.24.0-255,7156,11883,73,180422
23318,6.4e-05,172.31.40.0-255,66,11949,73,180422
23319,6.8e-05,74.125.24.0-255,1993,13942,73,180422
23320,7.2e-05,172.31.40.0-255,66,14008,73,180422
23321,0.000143,74.125.24.0-255,1484,15492,73,180422
23322,0.000146,172.31.40.0-255,66,15558,73,180422
23323,0.000151,74.125.24.0-255,2902,18460,73,180422
23324,0.000154,172.31.40.0-255,66,18526,73,180422
23325,0.000189,74.125.24.0-255,5738,24264,73,180422
23326,0.000192,172.31.40.0-255,66,24330,73,180422
23327,0.00021,74.125.24.0-255,2902,27232,73,180422
23328,0.000215,172.31.40.0-255,66,27298,73,180422
23329,0.000252,172.31.40.0-255,66,27364,73,180422
23330,0.000267,172.31.40.0-255,66,27430,73,180422
23331,0.000895,74.125.24.0-255,1484,28914,73,180422
23332,0.000901,172.31.40.0-255,66,28980,73,180422
23333,0.00091,74.125.24.0-255,2902,31882,73,180422
23334,0.000912,172.31.40.0-255,66,31948,73,180422
23335,0.000923,74.125.24.0-255,5738,37686,73,180422
23336,0.000925,172.31.40.0-255,66,37752,73,180422
23337,0.000962,172.31.40.0-255,66,37818,73,180422
23338,0.001568,74.125.24.0-255,1484,39302,73,180422
23339,0.001575,172.31.40.0-255,66,39368,73,180422
23340,0.001581,74.125.24.0-255,2902,42270,73,180422
23341,0.001584,172.31.40.0-255,66,42336,73,180422
23342,0.00159,74.125.24.0-255,4320,46656,73,180422
23343,0.001597,172.31.40.0-255,66,46722,73,180422
23344,0.001633,74.125.24.0-255,1484,48206,73,180422
23345,0.001649,172.31.40.0-255,66,48272,73,180422
23346,0.001662,172.31.40.0-255,66,48338,73,180422
23347,0.002193,74.125.24.0-255,1484,49822,73,180422
23348,0.002206,74.125.24.0-255,1484,51306,73,180422
23349,0.002209,172.31.40.0-255,66,51372,73,180422
23350,0.002235,74.125.24.0-255,1484,52856,73,180422
23351,0.002242,74.125.24.0-255,5738,58594,73,180422
23352,0.002244,172.31.40.0-255,66,58660,73,180422
23353,0.002251,74.125.24.0-255,7156,65816,73,180422
23354,0.002254,172.31.40.0-255,66,65882,73,180422
23355,0.002302,172.31.40.0-255,66,65948,73,180422
23356,0.002306,74.125.24.0-255,2184,68132,73,180422
23357,0.002308,172.31.40.0-255,66,68198,73,180422
23358,0.004895,74.125.24.0-255,5738,73936,73,180422
23359,0.0049,172.31.40.0-255,66,74002,73,180422
23360,0.007536,74.125.24.0-255,5738,79740,73,180422
23361,0.007542,172.31.40.0-255,66,79806,73,180422
23362,0.010135,74.125.24.0-255,5738,85544,73,180422
23363,0.010141,172.31.40.0-255,66,85610,73,180422
23364,0.012738,74.125.24.0-255,5738,91348,73,180422
23365,0.012746,172.31.40.0-255,66,91414,73,180422
23366,0.015365,74.125.24.0-255,5738,97152,73,180422
23367,0.015375,172.31.40.0-255,66,97218,73,180422
23368,0.018025,74.125.24.0-255,5738,102956,73,180422
23369,0.018032,172.31.40.0-255,66,103022,73,180422
23370,0.020666,74.125.24.0-255,5738,108760,73,180422
23371,0.020673,172.31.40.0-255,66,108826,73,180422
23372,0.023189,172.31.40.0-255,172,108998,73,180422
23373,0.023218,172.31.40.0-255,1115,110113,73,180422
23374,0.023246,74.125.24.0-255,5738,115851,73,180422
23375,0.023251,172.31.40.0-255,66,115917,73,180422
23376,0.023364,172.31.40.0-255,1514,117431,73,180422
23377,0.023366,172.31.40.0-255,1514,118945,73,180422
23378,0.023372,172.31.40.0-255,1514,120459,73,180422
23379,0.023373,172.31.40.0-255,1514,121973,73,180422
23380,0.023393,172.31.40.0-255,1497,123470,73,180422
23381,0.02475,104.244.42.0-255,66,123536,73,180422
23382,0.024772,104.244.42.0-255,66,123602,73,180422
23383,0.02491,104.244.42.0-255,66,123668,73,180422
23384,0.024991,104.244.42.0-255,66,123734,73,180422
23385,0.025871,74.125.24.0-255,5738,129472,73,180422
23386,0.025877,172.31.40.0-255,66,129538,73,180422
23387,0.028453,74.125.24.0-255,4320,133858,73,180422
23388,0.028458,172.31.40.0-255,66,133924,73,180422
23389,0.02848,74.125.24.0-255,1484,135408,73,180422
23390,0.031094,74.125.24.0-255,4320,139728,73,180422
23391,0.031101,172.31.40.0-255,66,139794,73,180422
23392,0.033726,74.125.24.0-255,5738,145532,73,180422
23393,0.033736,172.31.40.0-255,66,145598,73,180422
23394,0.036359,74.125.24.0-255,5738,151336,73,180422
23395,0.036366,172.31.40.0-255,66,151402,73,180422
23396,0.038963,74.125.24.0-255,5738,157140,73,180422
23397,0.038969,172.31.40.0-255,66,157206,73,180422
23398,0.041559,74.125.24.0-255,5738,162944,73,180422
23399,0.041565,172.31.40.0-255,66,163010,73,180422
23400,0.044142,74.125.24.0-255,5738,168748,73,180422
23401,0.044148,172.31.40.0-255,66,168814,73,180422
23402,0.046781,74.125.24.0-255,5738,174552,73,180422
23403,0.046789,172.31.40.0-255,66,174618,73,180422
23404,0.0494,74.125.24.0-255,5738,180356,73,180422
23405,0.049408,172.31.40.0-255,66,180422,73,180422
23406,0.0,74.125.200.0-255,152,152,73,301488
23407,1.8e-05,172.31.40.0-255,66,218,73,301488
23408,2.5e-05,74.125.200.0-255,1484,1702,73,301488
23409,2.9e-05,172.31.40.0-255,66,1768,73,301488
23410,3.5e-05,74.125.200.0-255,2902,4670,73,301488
23411,3.8e-05,172.31.40.0-255,66,4736,73,301488
23412,4.4e-05,74.125.200.0-255,4320,9056,73,301488
23413,4.7e-05,172.31.40.0-255,66,9122,73,301488
23414,6.7e-05,74.125.200.0-255,2902,12024,73,301488
23415,7e-05,172.31.40.0-255,66,12090,73,301488
23416,9e-05,74.125.200.0-255,2119,14209,73,301488
23417,9.3e-05,172.31.40.0-255,66,14275,73,301488
23418,0.000111,74.125.200.0-255,1484,15759,73,301488
23419,0.000113,172.31.40.0-255,66,15825,73,301488
23420,0.00013,74.125.200.0-255,1484,17309,73,301488
23421,0.000133,172.31.40.0-255,66,17375,73,301488
23422,0.000139,74.125.200.0-255,5738,23113,73,301488
23423,0.000142,172.31.40.0-255,66,23179,73,301488
23424,0.000155,74.125.200.0-255,1484,24663,73,301488
23425,0.000157,172.31.40.0-255,66,24729,73,301488
23426,0.000162,74.125.200.0-255,4320,29049,73,301488
23427,0.000165,172.31.40.0-255,66,29115,73,301488
23428,0.000199,74.125.200.0-255,2543,31658,73,301488
23429,0.000202,172.31.40.0-255,66,31724,73,301488
23430,0.000221,74.125.200.0-255,2902,34626,73,301488
23431,0.000223,172.31.40.0-255,66,34692,73,301488
23432,0.000256,74.125.200.0-255,4320,39012,73,301488
23433,0.000259,172.31.40.0-255,66,39078,73,301488
23434,0.000276,74.125.200.0-255,2902,41980,73,301488
23435,0.000279,172.31.40.0-255,66,42046,73,301488
23436,0.000298,74.125.200.0-255,5738,47784,73,301488
23437,0.000302,172.31.40.0-255,66,47850,73,301488
23438,0.000313,74.125.200.0-255,1125,48975,73,301488
23439,0.000649,74.125.200.0-255,1484,50459,73,301488
23440,0.00066,172.31.40.0-255,66,50525,73,301488
23441,0.000666,74.125.200.0-255,2902,53427,73,301488
23442,0.000669,172.31.40.0-255,66,53493,73,301488
23443,0.000674,74.125.200.0-255,2902,56395,73,301488
23444,0.000676,172.31.40.0-255,66,56461,73,301488
23445,0.000691,74.125.200.0-255,2902,59363,73,301488
23446,0.000694,172.31.40.0-255,66,59429,73,301488
23447,0.000707,74.125.200.0-255,2902,62331,73,301488
23448,0.000709,172.31.40.0-255,66,62397,73,301488
23449,0.000734,74.125.200.0-255,3961,66358,73,301488
23450,0.000737,172.31.40.0-255,66,66424,73,301488
23451,0.000739,74.125.200.0-255,646,67070,73,301488
23452,0.001018,172.31.40.0-255,66,67136,73,301488
23453,0.001254,74.125.200.0-255,1484,68620,73,301488
23454,0.001265,74.125.200.0-255,2902,71522,73,301488
23455,0.001269,172.31.40.0-255,66,71588,73,301488
23456,0.001295,74.125.200.0-255,5738,77326,73,301488
23457,0.001297,172.31.40.0-255,66,77392,73,301488
23458,0.001344,74.125.200.0-255,2902,80294,73,301488
23459,0.001347,172.31.40.0-255,66,80360,73,301488
23460,0.001392,172.31.40.0-255,66,80426,73,301488
23461,0.001407,74.125.200.0-255,1484,81910,73,301488
23462,0.001414,74.125.200.0-255,5738,87648,73,301488
23463,0.001417,172.31.40.0-255,66,87714,73,301488
23464,0.001437,74.125.200.0-255,5020,92734,73,301488
23465,0.001439,172.31.40.0-255,66,92800,73,301488
23466,0.00146,74.125.200.0-255,2902,95702,73,301488
23467,0.001462,172.31.40.0-255,66,95768,73,301488
23468,0.001481,74.125.200.0-255,5738,101506,73,301488
23469,0.001483,172.31.40.0-255,66,101572,73,301488
23470,0.001489,74.125.200.0-255,4320,105892,73,301488
23471,0.001491,172.31.40.0-255,66,105958,73,301488
23472,0.001513,74.125.200.0-255,4816,110774,73,301488
23473,0.001516,172.31.40.0-255,66,110840,73,301488
23474,0.001522,74.125.200.0-255,4320,115160,73,301488
23475,0.001524,172.31.40.0-255,66,115226,73,301488
23476,0.001538,74.125.200.0-255,4320,119546,73,301488
23477,0.001541,172.31.40.0-255,66,119612,73,301488
23478,0.001547,74.125.200.0-255,4320,123932,73,301488
23479,0.001564,172.31.40.0-255,66,123998,73,301488
23480,0.001592,74.125.200.0-255,5738,129736,73,301488
23481,0.001595,172.31.40.0-255,66,129802,73,301488
23482,0.0016,74.125.200.0-255,2902,132704,73,301488
23483,0.001602,172.31.40.0-255,66,132770,73,301488
23484,0.001613,74.125.200.0-255,1484,134254,73,301488
23485,0.001642,74.125.200.0-255,2902,137156,73,301488
23486,0.001645,172.31.40.0-255,66,137222,73,301488
23487,0.001652,74.125.200.0-255,6438,143660,73,301488
23488,0.001654,172.31.40.0-255,66,143726,73,301488
23489,0.002171,74.125.200.0-255,1484,145210,73,301488
23490,0.00218,74.125.200.0-255,2902,148112,73,301488
23491,0.002186,172.31.40.0-255,66,148178,73,301488
23492,0.002192,74.125.200.0-255,4320,152498,73,301488
23493,0.002194,172.31.40.0-255,66,152564,73,301488
23494,0.002228,74.125.200.0-255,5738,158302,73,301488
23495,0.002232,172.31.40.0-255,66,158368,73,301488
23496,0.002254,74.125.200.0-255,2902,161270,73,301488
23497,0.002257,172.31.40.0-255,66,161336,73,301488
23498,0.002268,172.31.40.0-255,66,161402,73,301488
23499,0.002275,74.125.200.0-255,5738,167140,73,301488
23500,0.002277,172.31.40.0-255,66,167206,73,301488
23501,0.002299,74.125.200.0-255,766,167972,73,301488
23502,0.00232,74.125.200.0-255,1484,169456,73,301488
23503,0.002323,172.31.40.0-255,66,169522,73,301488
23504,0.002343,74.125.200.0-255,2902,172424,73,301488
23505,0.002346,172.31.40.0-255,66,172490,73,301488
23506,0.002351,74.125.200.0-255,4320,176810,73,301488
23507,0.002354,172.31.40.0-255,66,176876,73,301488
23508,0.002369,74.125.200.0-255,1484,178360,73,301488
23509,0.002381,74.125.200.0-255,1484,179844,73,301488
23510,0.002385,172.31.40.0-255,66,179910,73,301488
23511,0.004697,74.125.200.0-255,2902,182812,73,301488
23512,0.004702,172.31.40.0-255,66,182878,73,301488
23513,0.004723,74.125.200.0-255,2902,185780,73,301488
23514,0.004725,172.31.40.0-255,66,185846,73,301488
23515,0.007039,74.125.200.0-255,2902,188748,73,301488
23516,0.007047,172.31.40.0-255,66,188814,73,301488
23517,0.007071,74.125.200.0-255,2902,191716,73,301488
23518,0.007074,172.31.40.0-255,66,191782,73,301488
23519,0.00812,172.31.40.0-255,101,191883,73,301488
23520,0.009399,74.125.200.0-255,4320,196203,73,301488
23521,0.009406,172.31.40.0-255,66,196269,73,301488
23522,0.009424,74.125.200.0-255,1484,197753,73,301488
23523,0.010417,74.125.200.0-255,66,197819,73,301488
23524,0.011761,74.125.200.0-255,4320,202139,73,301488
23525,0.011769,172.31.40.0-255,66,202205,73,301488
23526,0.014142,74.125.200.0-255,5738,207943,73,301488
23527,0.01415,172.31.40.0-255,66,208009,73,301488
23528,0.0165,74.125.200.0-255,5738,213747,73,301488
23529,0.016507,172.31.40.0-255,66,213813,73,301488
23530,0.018852,74.125.200.0-255,5738,219551,73,301488
23531,0.01886,172.31.40.0-255,66,219617,73,301488
23532,0.021201,74.125.200.0-255,5738,225355,73,301488
23533,0.021209,172.31.40.0-255,66,225421,73,301488
23534,0.023558,74.125.200.0-255,5738,231159,73,301488
23535,0.023565,172.31.40.0-255,66,231225,73,301488
23536,0.025867,172.31.40.0-255,172,231397,73,301488
23537,0.025916,74.125.200.0-255,5738,237135,73,301488
23538,0.025921,172.31.40.0-255,66,237201,73,301488
23539,0.025929,172.31.40.0-255,1110,238311,73,301488
23540,0.026009,172.31.40.0-255,1514,239825,73,301488
23541,0.026011,172.31.40.0-255,1514,241339,73,301488
23542,0.026012,172.31.40.0-255,1514,242853,73,301488
23543,0.026013,172.31.40.0-255,331,243184,73,301488
23544,0.027393,104.244.42.0-255,66,243250,73,301488
23545,0.027455,104.244.42.0-255,66,243316,73,301488
23546,0.027589,104.244.42.0-255,66,243382,73,301488
23547,0.027593,104.244.42.0-255,66,243448,73,301488
23548,0.028264,74.125.200.0-255,5738,249186,73,301488
23549,0.028275,172.31.40.0-255,66,249252,73,301488
23550,0.030645,74.125.200.0-255,5738,254990,73,301488
23551,0.030657,172.31.40.0-255,66,255056,73,301488
23552,0.033066,74.125.200.0-255,5738,260794,73,301488
23553,0.033077,172.31.40.0-255,66,260860,73,301488
23554,0.035429,74.125.200.0-255,5738,266598,73,301488
23555,0.035436,172.31.40.0-255,66,266664,73,301488
23556,0.037793,74.125.200.0-255,5738,272402,73,301488
23557,0.037799,172.31.40.0-255,66,272468,73,301488
23558,0.040148,74.125.200.0-255,5738,278206,73,301488
23559,0.040154,172.31.40.0-255,66,278272,73,301488
23560,0.042519,74.125.200.0-255,5738,284010,73,301488
23561,0.042526,172.31.40.0-255,66,284076,73,301488
23562,0.044918,74.125.200.0-255,5738,289814,73,301488
23563,0.044925,172.31.40.0-255,66,289880,73,301488
23564,0.047283,74.125.200.0-255,5738,295618,73,301488
23565,0.047293,172.31.40.0-255,66,295684,73,301488
23566,0.049652,74.125.200.0-255,5738,301422,73,301488
23567,0.049658,172.31.40.0-255,66,301488,73,301488
23568,0.0,74.125.130.0-255,151,151,73,271044
23569,2.3e-05,172.31.40.0-255,66,217,73,271044
23570,3.1e-05,74.125.130.0-255,1484,1701,73,271044
23571,3.5e-05,172.31.40.0-255,66,1767,73,271044
23572,4.2e-05,74.125.130.0-255,2902,4669,73,271044
23573,4.6e-05,172.31.40.0-255,66,4735,73,271044
23574,5.4e-05,74.125.130.0-255,7156,11891,73,271044
23575,5.7e-05,172.31.40.0-255,66,11957,73,271044
23576,6.1e-05,74.125.130.0-255,2101,14058,73,271044
23577,6.5e-05,172.31.40.0-255,66,14124,73,271044
23578,0.000182,74.125.130.0-255,1484,15608,73,271044
23579,0.000187,172.31.40.0-255,66,15674,73,271044
23580,0.000202,74.125.130.0-255,2902,18576,73,271044
23581,0.000205,172.31.40.0-255,66,18642,73,271044
23582,0.00023,74.125.130.0-255,4320,22962,73,271044
23583,0.000234,172.31.40.0-255,66,23028,73,271044
23584,0.000275,74.125.130.0-255,7156,30184,73,271044
23585,0.000278,172.31.40.0-255,66,30250,73,271044
23586,0.000323,74.125.130.0-255,6797,37047,73,271044
23587,0.000326,172.31.40.0-255,66,37113,73,271044
23588,0.00034,74.125.130.0-255,4320,41433,73,271044
23589,0.000342,172.31.40.0-255,66,41499,73,271044
23590,0.000361,74.125.130.0-255,2902,44401,73,271044
23591,0.000364,172.31.40.0-255,66,44467,73,271044
23592,0.00037,74.125.130.0-255,3961,48428,73,271044
23593,0.000372,172.31.40.0-255,66,48494,73,271044
23594,0.000444,74.125.130.0-255,1484,49978,73,271044
23595,0.000447,172.31.40.0-255,66,50044,73,271044
23596,0.000452,74.125.130.0-255,1484,51528,73,271044
23597,0.000454,172.31.40.0-255,66,51594,73,271044
23598,0.000459,74.125.130.0-255,2902,54496,73,271044
23599,0.000461,172.31.40.0-255,66,54562,73,271044
23600,0.000504,74.125.130.0-255,5738,60300,73,271044
23601,0.000507,172.31.40.0-255,66,60366,73,271044
23602,0.000513,74.125.130.0-255,4320,64686,73,271044
23603,0.000515,172.31.40.0-255,66,64752,73,271044
23604,0.000526,74.125.130.0-255,1125,65877,73,271044
23605,0.000865,74.125.130.0-255,377,66254,73,271044
23606,0.000938,74.125.130.0-255,367,66621,73,271044
23607,0.000943,172.31.40.0-255,66,66687,73,271044
23608,0.001095,74.125.130.0-255,1484,68171,73,271044
23609,0.001109,74.125.130.0-255,2902,71073,73,271044
23610,0.001113,172.31.40.0-255,66,71139,73,271044
23611,0.001117,74.125.130.0-255,1484,72623,73,271044
23612,0.001134,74.125.130.0-255,2902,75525,73,271044
23613,0.001137,172.31.40.0-255,66,75591,73,271044
23614,0.001168,74.125.130.0-255,5738,81329,73,271044
23615,0.001171,172.31.40.0-255,66,81395,73,271044
23616,0.001191,74.125.130.0-255,3961,85356,73,271044
23617,0.001193,172.31.40.0-255,66,85422,73,271044
23618,0.001198,74.125.130.0-255,4320,89742,73,271044
23619,0.001201,172.31.40.0-255,66,89808,73,271044
23620,0.001235,172.31.40.0-255,66,89874,73,271044
23621,0.001251,74.125.130.0-255,1125,90999,73,271044
23622,0.001468,172.31.40.0-255,66,91065,73,271044
23623,0.00185,74.125.130.0-255,1484,92549,73,271044
23624,0.001861,74.125.130.0-255,2902,95451,73,271044
23625,0.001866,172.31.40.0-255,66,95517,73,271044
23626,0.001873,74.125.130.0-255,4320,99837,73,271044
23627,0.001875,172.31.40.0-255,66,99903,73,271044
23628,0.001889,74.125.130.0-255,1484,101387,73,271044
23629,0.001904,74.125.130.0-255,4320,105707,73,271044
23630,0.001907,172.31.40.0-255,66,105773,73,271044
23631,0.001929,74.125.130.0-255,7156,112929,73,271044
23632,0.001931,172.31.40.0-255,66,112995,73,271044
23633,0.001948,74.125.130.0-255,4320,117315,73,271044
23634,0.00195,172.31.40.0-255,66,117381,73,271044
23635,0.001969,74.125.130.0-255,2902,120283,73,271044
23636,0.001971,172.31.40.0-255,66,120349,73,271044
23637,0.001999,74.125.130.0-255,5020,125369,73,271044
23638,0.002002,172.31.40.0-255,66,125435,73,271044
23639,0.002393,74.125.130.0-255,1484,126919,73,271044
23640,0.002399,74.125.130.0-255,1484,128403,73,271044
23641,0.002403,172.31.40.0-255,66,128469,73,271044
23642,0.002422,74.125.130.0-255,1484,129953,73,271044
23643,0.002425,74.125.130.0-255,1484,131437,73,271044
23644,0.002427,172.31.40.0-255,66,131503,73,271044
23645,0.002447,74.125.130.0-255,4320,135823,73,271044
23646,0.002449,172.31.40.0-255,66,135889,73,271044
23647,0.002473,74.125.130.0-255,7156,143045,73,271044
23648,0.002475,172.31.40.0-255,66,143111,73,271044
23649,0.002479,74.125.130.0-255,2902,146013,73,271044
23650,0.002481,172.31.40.0-255,66,146079,73,271044
23651,0.002502,74.125.130.0-255,4320,150399,73,271044
23652,0.002504,172.31.40.0-255,66,150465,73,271044
23653,0.002523,74.125.130.0-255,1484,151949,73,271044
23654,0.00254,74.125.130.0-255,7156,159105,73,271044
23655,0.002542,172.31.40.0-255,66,159171,73,271044
23656,0.002585,74.125.130.0-255,2184,161355,73,271044
23657,0.002589,172.31.40.0-255,66,161421,73,271044
23658,0.005071,74.125.130.0-255,2902,164323,73,271044
23659,0.005075,172.31.40.0-255,66,164389,73,271044
23660,0.005123,74.125.130.0-255,2902,167291,73,271044
23661,0.005126,172.31.40.0-255,66,167357,73,271044
23662,0.007615,74.125.130.0-255,2902,170259,73,271044
23663,0.007623,172.31.40.0-255,66,170325,73,271044
23664,0.007672,74.125.130.0-255,2902,173227,73,271044
23665,0.007675,172.31.40.0-255,66,173293,73,271044
23666,0.010166,74.125.130.0-255,2902,176195,73,271044
23667,0.010176,172.31.40.0-255,66,176261,73,271044
23668,0.010213,74.125.130.0-255,2902,179163,73,271044
23669,0.010216,172.31.40.0-255,66,179229,73,271044
23670,0.012735,74.125.130.0-255,2902,182131,73,271044
23671,0.012745,172.31.40.0-255,66,182197,73,271044
23672,0.012769,74.125.130.0-255,2902,185099,73,271044
23673,0.012772,172.31.40.0-255,66,185165,73,271044
23674,0.015291,74.125.130.0-255,2902,188067,73,271044
23675,0.015304,172.31.40.0-255,66,188133,73,271044
23676,0.015325,74.125.130.0-255,2902,191035,73,271044
23677,0.015328,172.31.40.0-255,66,191101,73,271044
23678,0.017874,74.125.130.0-255,5738,196839,73,271044
23679,0.017884,172.31.40.0-255,66,196905,73,271044
23680,0.020439,74.125.130.0-255,5738,202643,73,271044
23681,0.020447,172.31.40.0-255,66,202709,73,271044
23682,0.022988,74.125.130.0-255,5738,208447,73,271044
23683,0.022996,172.31.40.0-255,66,208513,73,271044
23684,0.02559,74.125.130.0-255,4320,212833,73,271044
23685,0.025597,172.31.40.0-255,66,212899,73,271044
23686,0.025616,74.125.130.0-255,1484,214383,73,271044
23687,0.025631,172.31.40.0-255,193,214576,73,271044
23688,0.025658,172.31.40.0-255,1116,215692,73,271044
23689,0.025716,172.31.40.0-255,1514,217206,73,271044
23690,0.025718,172.31.40.0-255,1514,218720,73,271044
23691,0.025719,172.31.40.0-255,1068,219788,73,271044
23692,0.027183,104.244.42.0-255,66,219854,73,271044
23693,0.027214,104.244.42.0-255,66,219920,73,271044
23694,0.027247,104.244.42.0-255,66,219986,73,271044
23695,0.027251,104.244.42.0-255,66,220052,73,271044
23696,0.027957,104.244.42.0-255,108,220160,73,271044
23697,0.027964,172.31.40.0-255,66,220226,73,271044
23698,0.028148,74.125.130.0-255,4320,224546,73,271044
23699,0.028153,172.31.40.0-255,66,224612,73,271044
23700,0.030927,74.125.130.0-255,5738,230350,73,271044
23701,0.030933,172.31.40.0-255,66,230416,73,271044
23702,0.033474,74.125.130.0-255,5738,236154,73,271044
23703,0.033481,172.31.40.0-255,66,236220,73,271044
23704,0.036049,74.125.130.0-255,5738,241958,73,271044
23705,0.036056,172.31.40.0-255,66,242024,73,271044
23706,0.038621,74.125.130.0-255,5738,247762,73,271044
23707,0.038641,172.31.40.0-255,66,247828,73,271044
23708,0.04121,74.125.130.0-255,5738,253566,73,271044
23709,0.041227,172.31.40.0-255,66,253632,73,271044
23710,0.043811,74.125.130.0-255,5738,259370,73,271044
23711,0.043831,172.31.40.0-255,66,259436,73,271044
23712,0.046392,74.125.130.0-255,5738,265174,73,271044
23713,0.046409,172.31.40.0-255,66,265240,73,271044
23714,0.048955,74.125.130.0-255,5738,270978,73,271044
23715,0.048963,172.31.40.0-255,66,271044,73,271044
23716,0.0,172.217.194.0-255,153,153,73,189170
23717,2.3e-05,172.31.40.0-255,66,219,73,189170
23718,3.1e-05,172.217.194.0-255,1484,1703,73,189170
23719,3.5e-05,172.31.40.0-255,66,1769,73,189170
23720,4.8e-05,172.217.194.0-255,2902,4671,73,189170
23721,5.2e-05,172.31.40.0-255,66,4737,73,189170
23722,6e-05,172.217.194.0-255,7156,11893,73,189170
23723,6.3e-05,172.31.40.0-255,66,11959,73,189170
23724,9.6e-05,172.217.194.0-255,3574,15533,73,189170
23725,9.9e-05,172.31.40.0-255,66,15599,73,189170
23726,0.000105,172.217.194.0-255,4320,19919,73,189170
23727,0.000108,172.31.40.0-255,66,19985,73,189170
23728,0.00012,172.31.40.0-255,66,20051,73,189170
23729,0.000124,172.217.194.0-255,1125,21176,73,189170
23730,0.000126,172.31.40.0-255,66,21242,73,189170
23731,0.000171,172.217.194.0-255,1484,22726,73,189170
23732,0.000174,172.31.40.0-255,66,22792,73,189170
23733,0.000178,172.217.194.0-255,1484,24276,73,189170
23734,0.00018,172.31.40.0-255,66,24342,73,189170
23735,0.0002,172.217.194.0-255,4320,28662,73,189170
23736,0.000203,172.31.40.0-255,66,28728,73,189170
23737,0.000245,172.31.40.0-255,66,28794,73,189170
23738,0.001031,172.217.194.0-255,1484,30278,73,189170
23739,0.001037,172.31.40.0-255,66,30344,73,189170
23740,0.001046,172.217.194.0-255,2902,33246,73,189170
23741,0.001048,172.31.40.0-255,66,33312,73,189170
23742,0.001062,172.217.194.0-255,5738,39050,73,189170
23743,0.001064,172.31.40.0-255,66,39116,73,189170
23744,0.001098,172.217.194.0-255,5738,44854,73,189170
23745,0.0011,172.31.40.0-255,66,44920,73,189170
23746,0.001132,172.217.194.0-255,6797,51717,73,189170
23747,0.001134,172.31.40.0-255,66,51783,73,189170
23748,0.00114,172.217.194.0-255,4320,56103,73,189170
23749,0.001142,172.31.40.0-255,66,56169,73,189170
23750,0.001168,172.217.194.0-255,6797,62966,73,189170
23751,0.001171,172.31.40.0-255,66,63032,73,189170
23752,0.001184,172.31.40.0-255,66,63098,73,189170
23753,0.001221,172.217.194.0-255,5379,68477,73,189170
23754,0.001224,172.31.40.0-255,66,68543,73,189170
23755,0.001951,172.217.194.0-255,1484,70027,73,189170
23756,0.00196,172.217.194.0-255,2902,72929,73,189170
23757,0.001966,172.31.40.0-255,66,72995,73,189170
23758,0.001973,172.217.194.0-255,5738,78733,73,189170
23759,0.001975,172.31.40.0-255,66,78799,73,189170
23760,0.002014,172.31.40.0-255,66,78865,73,189170
23761,0.002025,172.31.40.0-255,66,78931,73,189170
23762,0.002033,172.217.194.0-255,766,79697,73,189170
23763,0.004558,172.217.194.0-255,4320,84017,73,189170
23764,0.004563,172.31.40.0-255,66,84083,73,189170
23765,0.007105,172.217.194.0-255,5738,89821,73,189170
23766,0.007113,172.31.40.0-255,66,89887,73,189170
23767,0.009625,172.217.194.0-255,5738,95625,73,189170
23768,0.009633,172.31.40.0-255,66,95691,73,189170
23769,0.012151,172.217.194.0-255,5738,101429,73,189170
23770,0.012166,172.31.40.0-255,66,101495,73,189170
23771,0.014701,172.217.194.0-255,5738,107233,73,189170
23772,0.014712,172.31.40.0-255,66,107299,73,189170
23773,0.017248,172.217.194.0-255,5738,113037,73,189170
23774,0.017264,172.31.40.0-255,66,113103,73,189170
23775,0.019796,172.217.194.0-255,5738,118841,73,189170
23776,0.019811,172.31.40.0-255,66,118907,73,189170
23777,0.022351,172.217.194.0-255,5738,124645,73,189170
23778,0.022364,172.31.40.0-255,66,124711,73,189170
23779,0.024884,172.217.194.0-255,5738,130449,73,189170
23780,0.024896,172.31.40.0-255,66,130515,73,189170
23781,0.027438,172.217.194.0-255,5738,136253,73,189170
23782,0.02745,172.31.40.0-255,66,136319,73,189170
23783,0.027504,172.31.40.0-255,172,136491,73,189170
23784,0.027532,172.31.40.0-255,1110,137601,73,189170
23785,0.027592,172.31.40.0-255,1514,139115,73,189170
23786,0.027594,172.31.40.0-255,1514,140629,73,189170
23787,0.027599,172.31.40.0-255,1514,142143,73,189170
23788,0.0276,172.31.40.0-255,331,142474,73,189170
23789,0.029023,104.244.42.0-255,66,142540,73,189170
23790,0.029051,104.244.42.0-255,66,142606,73,189170
23791,0.029139,104.244.42.0-255,66,142672,73,189170
23792,0.029155,104.244.42.0-255,66,142738,73,189170
23793,0.030033,172.217.194.0-255,5738,148476,73,189170
23794,0.030043,172.31.40.0-255,66,148542,73,189170
23795,0.032606,172.217.194.0-255,5738,154280,73,189170
23796,0.032618,172.31.40.0-255,66,154346,73,189170
23797,0.035174,172.217.194.0-255,5738,160084,73,189170
23798,0.035189,172.31.40.0-255,66,160150,73,189170
23799,0.037789,172.217.194.0-255,5738,165888,73,189170
23800,0.0378,172.31.40.0-255,66,165954,73,189170
23801,0.040354,172.217.194.0-255,5738,171692,73,189170
23802,0.040363,172.31.40.0-255,66,171758,73,189170
23803,0.042934,172.217.194.0-255,5738,177496,73,189170
23804,0.04295,172.31.40.0-255,66,177562,73,189170
23805,0.045466,172.217.194.0-255,5738,183300,73,189170
23806,0.045476,172.31.40.0-255,66,183366,73,189170
23807,0.048059,172.217.194.0-255,5738,189104,73,189170
23808,0.048068,172.31.40.0-255,66,189170,73,189170
23809,0.0,74.125.130.0-255,153,153,73,273504
23810,2.1e-05,172.31.40.0-255,66,219,73,273504
23811,2.9e-05,74.125.130.0-255,1484,1703,73,273504
23812,3.3e-05,172.31.40.0-255,66,1769,73,273504
23813,3.9e-05,74.125.130.0-255,2902,4671,73,273504
23814,4.3e-05,172.31.40.0-255,66,4737,73,273504
23815,4.8e-05,74.125.130.0-255,4320,9057,73,273504
23816,5.2e-05,172.31.40.0-255,66,9123,73,273504
23817,9e-05,74.125.130.0-255,4320,13443,73,273504
23818,9.3e-05,172.31.40.0-255,66,13509,73,273504
23819,0.000117,74.125.130.0-255,4905,18414,73,273504
23820,0.00012,172.31.40.0-255,66,18480,73,273504
23821,0.000127,74.125.130.0-255,5738,24218,73,273504
23822,0.000129,172.31.40.0-255,66,24284,73,273504
23823,0.000144,74.125.130.0-255,4320,28604,73,273504
23824,0.000146,172.31.40.0-255,66,28670,73,273504
23825,0.00015,74.125.130.0-255,2543,31213,73,273504
23826,0.000152,172.31.40.0-255,66,31279,73,273504
23827,0.000275,74.125.130.0-255,1484,32763,73,273504
23828,0.000279,172.31.40.0-255,66,32829,73,273504
23829,0.000285,74.125.130.0-255,2902,35731,73,273504
23830,0.000288,172.31.40.0-255,66,35797,73,273504
23831,0.000311,74.125.130.0-255,5738,41535,73,273504
23832,0.000314,172.31.40.0-255,66,41601,73,273504
23833,0.000344,74.125.130.0-255,6797,48398,73,273504
23834,0.000347,172.31.40.0-255,66,48464,73,273504
23835,0.000369,74.125.130.0-255,2902,51366,73,273504
23836,0.000372,172.31.40.0-255,66,51432,73,273504
23837,0.000389,74.125.130.0-255,4320,55752,73,273504
23838,0.000391,172.31.40.0-255,66,55818,73,273504
23839,0.000394,74.125.130.0-255,1484,57302,73,273504
23840,0.000396,172.31.40.0-255,66,57368,73,273504
23841,0.0004,74.125.130.0-255,2902,60270,73,273504
23842,0.000402,172.31.40.0-255,66,60336,73,273504
23843,0.00042,74.125.130.0-255,5630,65966,73,273504
23844,0.000423,172.31.40.0-255,66,66032,73,273504
23845,0.001405,74.125.130.0-255,120,66152,73,273504
23846,0.001449,74.125.130.0-255,1484,67636,73,273504
23847,0.001455,172.31.40.0-255,66,67702,73,273504
23848,0.001461,74.125.130.0-255,2902,70604,73,273504
23849,0.001463,172.31.40.0-255,66,70670,73,273504
23850,0.001479,74.125.130.0-255,4320,74990,73,273504
23851,0.001482,172.31.40.0-255,66,75056,73,273504
23852,0.001501,74.125.130.0-255,2902,77958,73,273504
23853,0.001503,172.31.40.0-255,66,78024,73,273504
23854,0.001508,74.125.130.0-255,2902,80926,73,273504
23855,0.00151,172.31.40.0-255,66,80992,73,273504
23856,0.001516,74.125.130.0-255,4320,85312,73,273504
23857,0.001517,172.31.40.0-255,66,85378,73,273504
23858,0.001522,74.125.130.0-255,2902,88280,73,273504
23859,0.001524,172.31.40.0-255,66,88346,73,273504
23860,0.001556,74.125.130.0-255,5738,94084,73,273504
23861,0.001558,172.31.40.0-255,66,94150,73,273504
23862,0.001565,74.125.130.0-255,5738,99888,73,273504
23863,0.001567,172.31.40.0-255,66,99954,73,273504
23864,0.001588,74.125.130.0-255,1081,101035,73,273504
23865,0.001919,74.125.130.0-255,1484,102519,73,273504
23866,0.001925,172.31.40.0-255,66,102585,73,273504
23867,0.001932,74.125.130.0-255,2902,105487,73,273504
23868,0.001934,172.31.40.0-255,66,105553,73,273504
23869,0.001956,74.125.130.0-255,2902,108455,73,273504
23870,0.001959,172.31.40.0-255,66,108521,73,273504
23871,0.001964,74.125.130.0-255,2902,111423,73,273504
23872,0.001966,172.31.40.0-255,66,111489,73,273504
23873,0.001978,74.125.130.0-255,1484,112973,73,273504
23874,0.001981,74.125.130.0-255,1484,114457,73,273504
23875,0.001983,172.31.40.0-255,66,114523,73,273504
23876,0.002014,74.125.130.0-255,7156,121679,73,273504
23877,0.002016,172.31.40.0-255,66,121745,73,273504
23878,0.002021,74.125.130.0-255,2902,124647,73,273504
23879,0.002022,172.31.40.0-255,66,124713,73,273504
23880,0.00203,74.125.130.0-255,7156,131869,73,273504
23881,0.002031,172.31.40.0-255,66,131935,73,273504
23882,0.004028,74.125.130.0-255,5738,137673,73,273504
23883,0.004035,172.31.40.0-255,66,137739,73,273504
23884,0.006096,74.125.130.0-255,5738,143477,73,273504
23885,0.006105,172.31.40.0-255,66,143543,73,273504
23886,0.008104,74.125.130.0-255,5738,149281,73,273504
23887,0.008109,172.31.40.0-255,66,149347,73,273504
23888,0.010119,74.125.130.0-255,5738,155085,73,273504
23889,0.010126,172.31.40.0-255,66,155151,73,273504
23890,0.012143,74.125.130.0-255,5738,160889,73,273504
23891,0.012151,172.31.40.0-255,66,160955,73,273504
23892,0.014162,74.125.130.0-255,5738,166693,73,273504
23893,0.01417,172.31.40.0-255,66,166759,73,273504
23894,0.016183,74.125.130.0-255,5738,172497,73,273504
23895,0.016192,172.31.40.0-255,66,172563,73,273504
23896,0.018202,74.125.130.0-255,5738,178301,73,273504
23897,0.018209,172.31.40.0-255,66,178367,73,273504
23898,0.020221,74.125.130.0-255,5738,184105,73,273504
23899,0.020236,172.31.40.0-255,66,184171,73,273504
23900,0.022263,74.125.130.0-255,5738,189909,73,273504
23901,0.022277,172.31.40.0-255,66,189975,73,273504
23902,0.024285,74.125.130.0-255,5738,195713,73,273504
23903,0.024296,172.31.40.0-255,66,195779,73,273504
23904,0.026315,74.125.130.0-255,5738,201517,73,273504
23905,0.026326,172.31.40.0-255,66,201583,73,273504
23906,0.028336,74.125.130.0-255,5738,207321,73,273504
23907,0.028343,172.31.40.0-255,66,207387,73,273504
23908,0.030358,74.125.130.0-255,5738,213125,73,273504
23909,0.030366,172.31.40.0-255,66,213191,73,273504
23910,0.032406,74.125.130.0-255,5738,218929,73,273504
23911,0.032422,172.31.40.0-255,66,218995,73,273504
23912,0.034433,74.125.130.0-255,5738,224733,73,273504
23913,0.034441,172.31.40.0-255,66,224799,73,273504
23914,0.03645,74.125.130.0-255,5738,230537,73,273504
23915,0.036457,172.31.40.0-255,66,230603,73,273504
23916,0.038477,74.125.130.0-255,5738,236341,73,273504
23917,0.038487,172.31.40.0-255,66,236407,73,273504
23918,0.040511,74.125.130.0-255,5738,242145,73,273504
23919,0.040531,172.31.40.0-255,66,242211,73,273504
23920,0.042537,74.125.130.0-255,5738,247949,73,273504
23921,0.042544,172.31.40.0-255,66,248015,73,273504
23922,0.044165,172.31.40.0-255,172,248187,73,273504
23923,0.044198,172.31.40.0-255,1115,249302,73,273504
23924,0.044264,172.31.40.0-255,1514,250816,73,273504
23925,0.044265,172.31.40.0-255,1514,252330,73,273504
23926,0.04427,172.31.40.0-255,1514,253844,73,273504
23927,0.044271,172.31.40.0-255,1514,255358,73,273504
23928,0.044293,172.31.40.0-255,1514,256872,73,273504
23929,0.044294,172.31.40.0-255,134,257006,73,273504
23930,0.044561,74.125.130.0-255,5738,262744,73,273504
23931,0.044567,172.31.40.0-255,66,262810,73,273504
23932,0.045742,104.244.42.0-255,66,262876,73,273504
23933,0.045783,104.244.42.0-255,66,262942,73,273504
23934,0.045829,104.244.42.0-255,66,263008,73,273504
23935,0.045879,104.244.42.0-255,66,263074,73,273504
23936,0.04657,74.125.130.0-255,4320,267394,73,273504
23937,0.046581,172.31.40.0-255,66,267460,73,273504
23938,0.046607,74.125.130.0-255,1484,268944,73,273504
23939,0.048137,104.244.42.0-255,108,269052,73,273504
23940,0.048148,172.31.40.0-255,66,269118,73,273504
23941,0.048594,74.125.130.0-255,4320,273438,73,273504
23942,0.0486,172.31.40.0-255,66,273504,73,273504
23943,0.0,74.125.24.0-255,153,153,73,308057
23944,2.2e-05,172.31.40.0-255,66,219,73,308057
23945,2.9e-05,74.125.24.0-255,1484,1703,73,308057
23946,3.4e-05,172.31.40.0-255,66,1769,73,308057
23947,3.7e-05,74.125.24.0-255,1484,3253,73,308057
23948,4.1e-05,172.31.40.0-255,66,3319,73,308057
23949,4.8e-05,74.125.24.0-255,2902,6221,73,308057
23950,5.1e-05,172.31.40.0-255,66,6287,73,308057
23951,5.7e-05,74.125.24.0-255,5738,12025,73,308057
23952,6e-05,172.31.40.0-255,66,12091,73,308057
23953,6.4e-05,74.125.24.0-255,2120,14211,73,308057
23954,6.8e-05,172.31.40.0-255,66,14277,73,308057
23955,0.000112,172.31.40.0-255,66,14343,73,308057
23956,0.000115,74.125.24.0-255,1484,15827,73,308057
23957,0.000118,172.31.40.0-255,66,15893,73,308057
23958,0.00014,74.125.24.0-255,5379,21272,73,308057
23959,0.000142,172.31.40.0-255,66,21338,73,308057
23960,0.000282,74.125.24.0-255,1484,22822,73,308057
23961,0.000286,172.31.40.0-255,66,22888,73,308057
23962,0.00029,74.125.24.0-255,1484,24372,73,308057
23963,0.000293,172.31.40.0-255,66,24438,73,308057
23964,0.000309,74.125.24.0-255,1484,25922,73,308057
23965,0.000311,172.31.40.0-255,66,25988,73,308057
23966,0.000314,74.125.24.0-255,1484,27472,73,308057
23967,0.000316,172.31.40.0-255,66,27538,73,308057
23968,0.000339,74.125.24.0-255,4320,31858,73,308057
23969,0.000342,172.31.40.0-255,66,31924,73,308057
23970,0.000347,74.125.24.0-255,4320,36244,73,308057
23971,0.00035,172.31.40.0-255,66,36310,73,308057
23972,0.000357,74.125.24.0-255,5738,42048,73,308057
23973,0.000359,172.31.40.0-255,66,42114,73,308057
23974,0.000387,74.125.24.0-255,6797,48911,73,308057
23975,0.000389,172.31.40.0-255,66,48977,73,308057
23976,0.000398,74.125.24.0-255,7107,56084,73,308057
23977,0.000399,172.31.40.0-255,66,56150,73,308057
23978,0.000402,74.125.24.0-255,112,56262,73,308057
23979,0.000499,74.125.24.0-255,1484,57746,73,308057
23980,0.000503,74.125.24.0-255,2902,60648,73,308057
23981,0.000538,172.31.40.0-255,66,60714,73,308057
23982,0.000542,172.31.40.0-255,66,60780,73,308057
23983,0.000563,74.125.24.0-255,4320,65100,73,308057
23984,0.000566,172.31.40.0-255,66,65166,73,308057
23985,0.000577,172.31.40.0-255,66,65232,73,308057
23986,0.000582,74.125.24.0-255,4320,69552,73,308057
23987,0.000584,172.31.40.0-255,66,69618,73,308057
23988,0.000628,172.31.40.0-255,66,69684,73,308057
23989,0.00063,74.125.24.0-255,331,70015,73,308057
23990,0.000725,74.125.24.0-255,1484,71499,73,308057
23991,0.00073,172.31.40.0-255,66,71565,73,308057
23992,0.000735,74.125.24.0-255,2902,74467,73,308057
23993,0.000737,172.31.40.0-255,66,74533,73,308057
23994,0.000757,74.125.24.0-255,5738,80271,73,308057
23995,0.00076,172.31.40.0-255,66,80337,73,308057
23996,0.000806,172.31.40.0-255,66,80403,73,308057
23997,0.000845,172.31.40.0-255,66,80469,73,308057
23998,0.000867,74.125.24.0-255,5738,86207,73,308057
23999,0.000891,74.125.24.0-255,5738,91945,73,308057
24000,0.000899,74.125.24.0-255,7156,99101,73,308057
24001,0.000938,74.125.24.0-255,4320,103421,73,308057
24002,0.001302,172.31.40.0-255,66,103487,73,308057
24003,0.001386,74.125.24.0-255,1484,104971,73,308057
24004,0.001394,74.125.24.0-255,2902,107873,73,308057
24005,0.001407,172.31.40.0-255,66,107939,73,308057
24006,0.00142,74.125.24.0-255,5738,113677,73,308057
24007,0.001436,172.31.40.0-255,66,113743,73,308057
24008,0.001468,74.125.24.0-255,4320,118063,73,308057
24009,0.001486,172.31.40.0-255,66,118129,73,308057
24010,0.0015,74.125.24.0-255,1484,119613,73,308057
24011,0.001516,74.125.24.0-255,5020,124633,73,308057
24012,0.001522,172.31.40.0-255,66,124699,73,308057
24013,0.001629,74.125.24.0-255,1484,126183,73,308057
24014,0.001642,74.125.24.0-255,2902,129085,73,308057
24015,0.001653,172.31.40.0-255,66,129151,73,308057
24016,0.001659,74.125.24.0-255,5738,134889,73,308057
24017,0.00167,172.31.40.0-255,66,134955,73,308057
24018,0.001685,74.125.24.0-255,5738,140693,73,308057
24019,0.0017,172.31.40.0-255,66,140759,73,308057
24020,0.001713,74.125.24.0-255,7156,147915,73,308057
24021,0.001718,74.125.24.0-255,4320,152235,73,308057
24022,0.001723,172.31.40.0-255,66,152301,73,308057
24023,0.001758,74.125.24.0-255,2902,155203,73,308057
24024,0.001775,74.125.24.0-255,3602,158805,73,308057
24025,0.001785,172.31.40.0-255,66,158871,73,308057
24026,0.002158,74.125.24.0-255,1484,160355,73,308057
24027,0.002171,74.125.24.0-255,2902,163257,73,308057
24028,0.002174,172.31.40.0-255,66,163323,73,308057
24029,0.002199,74.125.24.0-255,5738,169061,73,308057
24030,0.002204,172.31.40.0-255,66,169127,73,308057
24031,0.002221,74.125.24.0-255,2902,172029,73,308057
24032,0.002233,74.125.24.0-255,1484,173513,73,308057
24033,0.002267,74.125.24.0-255,1484,174997,73,308057
24034,0.00227,172.31.40.0-255,66,175063,73,308057
24035,0.002275,172.31.40.0-255,66,175129,73,308057
24036,0.002329,172.31.40.0-255,66,175195,73,308057
24037,0.00243,74.125.24.0-255,1484,176679,73,308057
24038,0.002451,74.125.24.0-255,1484,178163,73,308057
24039,0.002462,74.125.24.0-255,1484,179647,73,308057
24040,0.002464,74.125.24.0-255,1484,181131,73,308057
24041,0.002467,74.125.24.0-255,1484,182615,73,308057
24042,0.002493,74.125.24.0-255,4320,186935,73,308057
24043,0.002497,172.31.40.0-255,66,187001,73,308057
24044,0.002507,74.125.24.0-255,4320,191321,73,308057
24045,0.002513,172.31.40.0-255,66,191387,73,308057
24046,0.002542,74.125.24.0-255,4320,195707,73,308057
24047,0.002548,172.31.40.0-255,66,195773,73,308057
24048,0.002577,74.125.24.0-255,7156,202929,73,308057
24049,0.002587,172.31.40.0-255,66,202995,73,308057
24050,0.002599,74.125.24.0-255,6438,209433,73,308057
24051,0.002608,172.31.40.0-255,66,209499,73,308057
24052,0.002648,74.125.24.0-255,5738,215237,73,308057
24053,0.002655,74.125.24.0-255,5738,220975,73,308057
24054,0.002668,172.31.40.0-255,66,221041,73,308057
24055,0.005268,74.125.24.0-255,5738,226779,73,308057
24056,0.005277,172.31.40.0-255,66,226845,73,308057
24057,0.007906,74.125.24.0-255,5738,232583,73,308057
24058,0.007925,172.31.40.0-255,66,232649,73,308057
24059,0.010529,74.125.24.0-255,5738,238387,73,308057
24060,0.010537,172.31.40.0-255,66,238453,73,308057
24061,0.013137,74.125.24.0-255,5738,244191,73,308057
24062,0.013142,172.31.40.0-255,66,244257,73,308057
24063,0.015765,74.125.24.0-255,5738,249995,73,308057
24064,0.015781,172.31.40.0-255,66,250061,73,308057
24065,0.018394,74.125.24.0-255,5738,255799,73,308057
24066,0.018402,172.31.40.0-255,66,255865,73,308057
24067,0.021024,74.125.24.0-255,5738,261603,73,308057
24068,0.021032,172.31.40.0-255,66,261669,73,308057
24069,0.023659,74.125.24.0-255,5738,267407,73,308057
24070,0.023667,172.31.40.0-255,66,267473,73,308057
24071,0.026262,74.125.24.0-255,5738,273211,73,308057
24072,0.02627,172.31.40.0-255,66,273277,73,308057
24073,0.028858,74.125.24.0-255,4320,277597,73,308057
24074,0.028868,172.31.40.0-255,66,277663,73,308057
24075,0.028886,74.125.24.0-255,1484,279147,73,308057
24076,0.03149,74.125.24.0-255,4320,283467,73,308057
24077,0.031504,172.31.40.0-255,66,283533,73,308057
24078,0.034091,74.125.24.0-255,5738,289271,73,308057
24079,0.034099,172.31.40.0-255,66,289337,73,308057
24080,0.036694,74.125.24.0-255,5738,295075,73,308057
24081,0.036709,172.31.40.0-255,66,295141,73,308057
24082,0.039316,74.125.24.0-255,5738,300879,73,308057
24083,0.039334,172.31.40.0-255,66,300945,73,308057
24084,0.041944,74.125.24.0-255,5738,306683,73,308057
24085,0.041959,172.31.40.0-255,66,306749,73,308057
24086,0.044575,74.125.24.0-255,1071,307820,73,308057
24087,0.044823,172.31.40.0-255,66,307886,73,308057
24088,0.044867,172.31.40.0-255,105,307991,73,308057
24089,0.047451,74.125.24.0-255,66,308057,73,308057
24090,0.0,74.125.24.0-255,153,153,73,218757
24091,2.3e-05,172.31.40.0-255,66,219,73,218757
24092,3.1e-05,74.125.24.0-255,1484,1703,73,218757
24093,3.5e-05,172.31.40.0-255,66,1769,73,218757
24094,4.1e-05,74.125.24.0-255,2902,4671,73,218757
24095,4.5e-05,172.31.40.0-255,66,4737,73,218757
24096,6e-05,74.125.24.0-255,7156,11893,73,218757
24097,6.3e-05,172.31.40.0-255,66,11959,73,218757
24098,6.8e-05,74.125.24.0-255,2089,14048,73,218757
24099,7.1e-05,172.31.40.0-255,66,14114,73,218757
24100,0.000289,74.125.24.0-255,1484,15598,73,218757
24101,0.000294,172.31.40.0-255,66,15664,73,218757
24102,0.0003,74.125.24.0-255,2902,18566,73,218757
24103,0.000304,172.31.40.0-255,66,18632,73,218757
24104,0.000308,74.125.24.0-255,2902,21534,73,218757
24105,0.000316,172.31.40.0-255,66,21600,73,218757
24106,0.000338,74.125.24.0-255,2902,24502,73,218757
24107,0.000341,172.31.40.0-255,66,24568,73,218757
24108,0.000355,74.125.24.0-255,2902,27470,73,218757
24109,0.000358,172.31.40.0-255,66,27536,73,218757
24110,0.000381,74.125.24.0-255,3961,31497,73,218757
24111,0.000384,172.31.40.0-255,66,31563,73,218757
24112,0.000498,74.125.24.0-255,1484,33047,73,218757
24113,0.000503,172.31.40.0-255,66,33113,73,218757
24114,0.00051,74.125.24.0-255,2902,36015,73,218757
24115,0.000512,172.31.40.0-255,66,36081,73,218757
24116,0.000556,74.125.24.0-255,5738,41819,73,218757
24117,0.00056,172.31.40.0-255,66,41885,73,218757
24118,0.000567,74.125.24.0-255,6797,48682,73,218757
24119,0.00057,172.31.40.0-255,66,48748,73,218757
24120,0.000663,74.125.24.0-255,1484,50232,73,218757
24121,0.000668,172.31.40.0-255,66,50298,73,218757
24122,0.000694,74.125.24.0-255,2902,53200,73,218757
24123,0.000697,172.31.40.0-255,66,53266,73,218757
24124,0.000704,74.125.24.0-255,5738,59004,73,218757
24125,0.000707,172.31.40.0-255,66,59070,73,218757
24126,0.000712,74.125.24.0-255,4320,63390,73,218757
24127,0.000715,172.31.40.0-255,66,63456,73,218757
24128,0.000756,74.125.24.0-255,2877,66333,73,218757
24129,0.000759,172.31.40.0-255,66,66399,73,218757
24130,0.000782,74.125.24.0-255,110,66509,73,218757
24131,0.001157,74.125.24.0-255,330,66839,73,218757
24132,0.001254,172.31.40.0-255,66,66905,73,218757
24133,0.001645,74.125.24.0-255,1484,68389,73,218757
24134,0.001656,74.125.24.0-255,2902,71291,73,218757
24135,0.00166,172.31.40.0-255,66,71357,73,218757
24136,0.001668,74.125.24.0-255,5738,77095,73,218757
24137,0.00167,172.31.40.0-255,66,77161,73,218757
24138,0.001673,74.125.24.0-255,1484,78645,73,218757
24139,0.00171,172.31.40.0-255,66,78711,73,218757
24140,0.001743,172.31.40.0-255,66,78777,73,218757
24141,0.001772,74.125.24.0-255,5020,83797,73,218757
24142,0.001775,172.31.40.0-255,66,83863,73,218757
24143,0.003904,74.125.24.0-255,5738,89601,73,218757
24144,0.003912,172.31.40.0-255,66,89667,73,218757
24145,0.006064,74.125.24.0-255,5738,95405,73,218757
24146,0.006071,172.31.40.0-255,66,95471,73,218757
24147,0.00818,74.125.24.0-255,5738,101209,73,218757
24148,0.008187,172.31.40.0-255,66,101275,73,218757
24149,0.010313,74.125.24.0-255,5738,107013,73,218757
24150,0.010321,172.31.40.0-255,66,107079,73,218757
24151,0.012408,74.125.24.0-255,5738,112817,73,218757
24152,0.012415,172.31.40.0-255,66,112883,73,218757
24153,0.014535,74.125.24.0-255,5738,118621,73,218757
24154,0.014544,172.31.40.0-255,66,118687,73,218757
24155,0.016631,74.125.24.0-255,5738,124425,73,218757
24156,0.01664,172.31.40.0-255,66,124491,73,218757
24157,0.018723,74.125.24.0-255,5738,130229,73,218757
24158,0.018731,172.31.40.0-255,66,130295,73,218757
24159,0.020854,74.125.24.0-255,5738,136033,73,218757
24160,0.020861,172.31.40.0-255,66,136099,73,218757
24161,0.023003,74.125.24.0-255,5738,141837,73,218757
24162,0.02301,172.31.40.0-255,66,141903,73,218757
24163,0.025129,74.125.24.0-255,5738,147641,73,218757
24164,0.025143,172.31.40.0-255,66,147707,73,218757
24165,0.027237,74.125.24.0-255,5738,153445,73,218757
24166,0.027245,172.31.40.0-255,66,153511,73,218757
24167,0.029374,74.125.24.0-255,5738,159249,73,218757
24168,0.029381,172.31.40.0-255,66,159315,73,218757
24169,0.031521,74.125.24.0-255,5738,165053,73,218757
24170,0.031545,172.31.40.0-255,66,165119,73,218757
24171,0.032225,172.31.40.0-255,172,165291,73,218757
24172,0.03226,172.31.40.0-255,1115,166406,73,218757
24173,0.032328,172.31.40.0-255,1514,167920,73,218757
24174,0.03233,172.31.40.0-255,1514,169434,73,218757
24175,0.032334,172.31.40.0-255,1514,170948,73,218757
24176,0.032335,172.31.40.0-255,1113,172061,73,218757
24177,0.033661,74.125.24.0-255,5738,177799,73,218757
24178,0.03367,172.31.40.0-255,66,177865,73,218757
24179,0.033784,104.244.42.0-255,66,177931,73,218757
24180,0.033841,104.244.42.0-255,66,177997,73,218757
24181,0.033894,104.244.42.0-255,66,178063,73,218757
24182,0.033899,104.244.42.0-255,66,178129,73,218757
24183,0.035779,74.125.24.0-255,5738,183867,73,218757
24184,0.035785,172.31.40.0-255,66,183933,73,218757
24185,0.037943,74.125.24.0-255,5738,189671,73,218757
24186,0.037961,172.31.40.0-255,66,189737,73,218757
24187,0.04011,74.125.24.0-255,5738,195475,73,218757
24188,0.040132,172.31.40.0-255,66,195541,73,218757
24189,0.042267,74.125.24.0-255,5738,201279,73,218757
24190,0.042283,172.31.40.0-255,66,201345,73,218757
24191,0.044436,74.125.24.0-255,5738,207083,73,218757
24192,0.04445,172.31.40.0-255,66,207149,73,218757
24193,0.046562,74.125.24.0-255,5738,212887,73,218757
24194,0.046572,172.31.40.0-255,66,212953,73,218757
24195,0.048735,74.125.24.0-255,5738,218691,73,218757
24196,0.048745,172.31.40.0-255,66,218757,73,218757
24197,0.0,172.217.194.0-255,153,153,73,297710
24198,1.2e-05,172.31.40.0-255,66,219,73,297710
24199,1.7e-05,172.217.194.0-255,1484,1703,73,297710
24200,2.2e-05,172.31.40.0-255,66,1769,73,297710
24201,2.7e-05,172.217.194.0-255,2902,4671,73,297710
24202,3.1e-05,172.31.40.0-255,66,4737,73,297710
24203,3.4e-05,172.217.194.0-255,1484,6221,73,297710
24204,3.7e-05,172.31.40.0-255,66,6287,73,297710
24205,6.5e-05,172.217.194.0-255,5738,12025,73,297710
24206,6.8e-05,172.31.40.0-255,66,12091,73,297710
24207,7.3e-05,172.217.194.0-255,3528,15619,73,297710
24208,7.6e-05,172.31.40.0-255,66,15685,73,297710
24209,8.8e-05,172.31.40.0-255,66,15751,73,297710
24210,0.000119,172.217.194.0-255,2902,18653,73,297710
24211,0.000121,172.31.40.0-255,66,18719,73,297710
24212,0.000126,172.217.194.0-255,2543,21262,73,297710
24213,0.000128,172.31.40.0-255,66,21328,73,297710
24214,0.000152,172.217.194.0-255,1484,22812,73,297710
24215,0.000154,172.31.40.0-255,66,22878,73,297710
24216,0.000171,172.217.194.0-255,2902,25780,73,297710
24217,0.000173,172.31.40.0-255,66,25846,73,297710
24218,0.000176,172.217.194.0-255,1484,27330,73,297710
24219,0.000178,172.31.40.0-255,66,27396,73,297710
24220,0.000199,172.217.194.0-255,4320,31716,73,297710
24221,0.000201,172.31.40.0-255,66,31782,73,297710
24222,0.000204,172.217.194.0-255,1484,33266,73,297710
24223,0.000206,172.31.40.0-255,66,33332,73,297710
24224,0.000234,172.31.40.0-255,66,33398,73,297710
24225,0.000246,172.31.40.0-255,66,33464,73,297710
24226,0.000264,172.217.194.0-255,1484,34948,73,297710
24227,0.000268,172.217.194.0-255,1415,36363,73,297710
24228,0.00027,172.31.40.0-255,66,36429,73,297710
24229,0.000454,172.217.194.0-255,99,36528,73,297710
24230,0.000467,172.217.194.0-255,364,36892,73,297710
24231,0.000753,172.217.194.0-255,1484,38376,73,297710
24232,0.000758,172.31.40.0-255,66,38442,73,297710
24233,0.000765,172.217.194.0-255,2902,41344,73,297710
24234,0.000766,172.31.40.0-255,66,41410,73,297710
24235,0.000773,172.217.194.0-255,5738,47148,73,297710
24236,0.000775,172.31.40.0-255,66,47214,73,297710
24237,0.000816,172.31.40.0-255,66,47280,73,297710
24238,0.000822,172.217.194.0-255,4320,51600,73,297710
24239,0.000824,172.31.40.0-255,66,51666,73,297710
24240,0.000846,172.217.194.0-255,6438,58104,73,297710
24241,0.000849,172.31.40.0-255,66,58170,73,297710
24242,0.0009,172.217.194.0-255,1484,59654,73,297710
24243,0.000904,172.217.194.0-255,1484,61138,73,297710
24244,0.000907,172.31.40.0-255,66,61204,73,297710
24245,0.000927,172.217.194.0-255,1484,62688,73,297710
24246,0.000934,172.217.194.0-255,5738,68426,73,297710
24247,0.000936,172.31.40.0-255,66,68492,73,297710
24248,0.000939,172.217.194.0-255,1484,69976,73,297710
24249,0.000973,172.31.40.0-255,66,70042,73,297710
24250,0.000986,172.31.40.0-255,66,70108,73,297710
24251,0.001062,172.217.194.0-255,1484,71592,73,297710
24252,0.001065,172.217.194.0-255,1484,73076,73,297710
24253,0.001075,172.31.40.0-255,66,73142,73,297710
24254,0.001079,172.217.194.0-255,1484,74626,73,297710
24255,0.001082,172.217.194.0-255,1484,76110,73,297710
24256,0.001084,172.31.40.0-255,66,76176,73,297710
24257,0.001113,172.217.194.0-255,4320,80496,73,297710
24258,0.001116,172.31.40.0-255,66,80562,73,297710
24259,0.001124,172.217.194.0-255,7156,87718,73,297710
24260,0.001126,172.31.40.0-255,66,87784,73,297710
24261,0.001144,172.217.194.0-255,5738,93522,73,297710
24262,0.001146,172.31.40.0-255,66,93588,73,297710
24263,0.00122,172.217.194.0-255,2902,96490,73,297710
24264,0.001223,172.31.40.0-255,66,96556,73,297710
24265,0.001244,172.31.40.0-255,66,96622,73,297710
24266,0.001514,172.217.194.0-255,1484,98106,73,297710
24267,0.001528,172.217.194.0-255,1484,99590,73,297710
24268,0.001532,172.31.40.0-255,66,99656,73,297710
24269,0.001551,172.217.194.0-255,1484,101140,73,297710
24270,0.001558,172.217.194.0-255,5738,106878,73,297710
24271,0.00156,172.31.40.0-255,66,106944,73,297710
24272,0.001564,172.217.194.0-255,1484,108428,73,297710
24273,0.001603,172.31.40.0-255,66,108494,73,297710
24274,0.00161,172.217.194.0-255,4320,112814,73,297710
24275,0.001612,172.31.40.0-255,66,112880,73,297710
24276,0.001642,172.217.194.0-255,6438,119318,73,297710
24277,0.001646,172.31.40.0-255,66,119384,73,297710
24278,0.001682,172.217.194.0-255,1484,120868,73,297710
24279,0.001698,172.217.194.0-255,2902,123770,73,297710
24280,0.001701,172.31.40.0-255,66,123836,73,297710
24281,0.001707,172.217.194.0-255,5738,129574,73,297710
24282,0.001709,172.31.40.0-255,66,129640,73,297710
24283,0.001729,172.217.194.0-255,4320,133960,73,297710
24284,0.001731,172.31.40.0-255,66,134026,73,297710
24285,0.001759,172.217.194.0-255,7156,141182,73,297710
24286,0.001763,172.31.40.0-255,66,141248,73,297710
24287,0.001776,172.217.194.0-255,4320,145568,73,297710
24288,0.001779,172.31.40.0-255,66,145634,73,297710
24289,0.001816,172.31.40.0-255,66,145700,73,297710
24290,0.001834,172.31.40.0-255,66,145766,73,297710
24291,0.001861,172.217.194.0-255,7156,152922,73,297710
24292,0.001864,172.31.40.0-255,66,152988,73,297710
24293,0.001875,172.31.40.0-255,66,153054,73,297710
24294,0.001878,172.217.194.0-255,1484,154538,73,297710
24295,0.001893,172.217.194.0-255,2902,157440,73,297710
24296,0.001895,172.31.40.0-255,66,157506,73,297710
24297,0.001926,172.217.194.0-255,5738,163244,73,297710
24298,0.001929,172.31.40.0-255,66,163310,73,297710
24299,0.001937,172.217.194.0-255,7156,170466,73,297710
24300,0.00194,172.31.40.0-255,66,170532,73,297710
24301,0.001979,172.31.40.0-255,66,170598,73,297710
24302,0.001985,172.217.194.0-255,5738,176336,73,297710
24303,0.001988,172.31.40.0-255,66,176402,73,297710
24304,0.002001,172.217.194.0-255,2184,178586,73,297710
24305,0.002003,172.31.40.0-255,66,178652,73,297710
24306,0.004022,172.217.194.0-255,5738,184390,73,297710
24307,0.004029,172.31.40.0-255,66,184456,73,297710
24308,0.00605,172.217.194.0-255,2902,187358,73,297710
24309,0.006054,172.31.40.0-255,66,187424,73,297710
24310,0.006067,172.217.194.0-255,2902,190326,73,297710
24311,0.006069,172.31.40.0-255,66,190392,73,297710
24312,0.008061,172.217.194.0-255,2902,193294,73,297710
24313,0.008064,172.31.40.0-255,66,193360,73,297710
24314,0.008086,172.217.194.0-255,2902,196262,73,297710
24315,0.008088,172.31.40.0-255,66,196328,73,297710
24316,0.010074,172.217.194.0-255,2902,199230,73,297710
24317,0.010084,172.31.40.0-255,66,199296,73,297710
24318,0.010108,172.217.194.0-255,2902,202198,73,297710
24319,0.01011,172.31.40.0-255,66,202264,73,297710
24320,0.012115,172.217.194.0-255,5738,208002,73,297710
24321,0.012129,172.31.40.0-255,66,208068,73,297710
24322,0.014162,172.217.194.0-255,5738,213806,73,297710
24323,0.014175,172.31.40.0-255,66,213872,73,297710
24324,0.016261,172.217.194.0-255,5738,219610,73,297710
24325,0.016279,172.31.40.0-255,66,219676,73,297710
24326,0.01833,172.217.194.0-255,5738,225414,73,297710
24327,0.018341,172.31.40.0-255,66,225480,73,297710
24328,0.020362,172.217.194.0-255,5738,231218,73,297710
24329,0.020377,172.31.40.0-255,66,231284,73,297710
24330,0.022421,172.217.194.0-255,5738,237022,73,297710
24331,0.022437,172.31.40.0-255,66,237088,73,297710
24332,0.024448,172.217.194.0-255,5738,242826,73,297710
24333,0.02446,172.31.40.0-255,66,242892,73,297710
24334,0.026477,172.217.194.0-255,5738,248630,73,297710
24335,0.026486,172.31.40.0-255,66,248696,73,297710
24336,0.028566,172.217.194.0-255,5738,254434,73,297710
24337,0.028583,172.31.40.0-255,66,254500,73,297710
24338,0.0306,172.217.194.0-255,5738,260238,73,297710
24339,0.030608,172.31.40.0-255,66,260304,73,297710
24340,0.032621,172.217.194.0-255,5738,266042,73,297710
24341,0.032629,172.31.40.0-255,66,266108,73,297710
24342,0.034684,172.217.194.0-255,5738,271846,73,297710
24343,0.034701,172.31.40.0-255,66,271912,73,297710
24344,0.036743,172.217.194.0-255,5738,277650,73,297710
24345,0.036752,172.31.40.0-255,66,277716,73,297710
24346,0.038772,172.217.194.0-255,4320,282036,73,297710
24347,0.038782,172.31.40.0-255,66,282102,73,297710
24348,0.038802,172.217.194.0-255,1484,283586,73,297710
24349,0.040821,172.217.194.0-255,4320,287906,73,297710
24350,0.040837,172.31.40.0-255,66,287972,73,297710
24351,0.042877,172.217.194.0-255,5738,293710,73,297710
24352,0.042887,172.31.40.0-255,66,293776,73,297710
24353,0.044916,172.217.194.0-255,3697,297473,73,297710
24354,0.044926,172.31.40.0-255,66,297539,73,297710
24355,0.045122,172.31.40.0-255,105,297644,73,297710
24356,0.047092,172.217.194.0-255,66,297710,73,297710
24357,0.0,74.125.24.0-255,153,153,73,214165
24358,2.2e-05,172.31.40.0-255,66,219,73,214165
24359,2.9e-05,74.125.24.0-255,1484,1703,73,214165
24360,3.4e-05,172.31.40.0-255,66,1769,73,214165
24361,5.5e-05,74.125.24.0-255,2902,4671,73,214165
24362,6e-05,172.31.40.0-255,66,4737,73,214165
24363,6.8e-05,74.125.24.0-255,7156,11893,73,214165
24364,7.1e-05,172.31.40.0-255,66,11959,73,214165
24365,8.3e-05,172.31.40.0-255,66,12025,73,214165
24366,8.8e-05,74.125.24.0-255,2902,14927,73,214165
24367,9.1e-05,172.31.40.0-255,66,14993,73,214165
24368,0.000122,74.125.24.0-255,5738,20731,73,214165
24369,0.000124,172.31.40.0-255,66,20797,73,214165
24370,0.000159,74.125.24.0-255,2543,23340,73,214165
24371,0.000161,172.31.40.0-255,66,23406,73,214165
24372,0.000284,74.125.24.0-255,1484,24890,73,214165
24373,0.000288,172.31.40.0-255,66,24956,73,214165
24374,0.000295,74.125.24.0-255,2902,27858,73,214165
24375,0.000298,172.31.40.0-255,66,27924,73,214165
24376,0.000325,74.125.24.0-255,5738,33662,73,214165
24377,0.000327,172.31.40.0-255,66,33728,73,214165
24378,0.000345,74.125.24.0-255,1484,35212,73,214165
24379,0.000347,172.31.40.0-255,66,35278,73,214165
24380,0.000378,172.31.40.0-255,66,35344,73,214165
24381,0.000382,74.125.24.0-255,1484,36828,73,214165
24382,0.000384,172.31.40.0-255,66,36894,73,214165
24383,0.000417,172.31.40.0-255,66,36960,73,214165
24384,0.000419,74.125.24.0-255,1399,38359,73,214165
24385,0.000422,172.31.40.0-255,66,38425,73,214165
24386,0.000461,74.125.24.0-255,381,38806,73,214165
24387,0.000585,74.125.24.0-255,1484,40290,73,214165
24388,0.000591,74.125.24.0-255,2902,43192,73,214165
24389,0.000617,74.125.24.0-255,5738,48930,73,214165
24390,0.000634,172.31.40.0-255,66,48996,73,214165
24391,0.000655,74.125.24.0-255,4320,53316,73,214165
24392,0.000661,172.31.40.0-255,66,53382,73,214165
24393,0.000692,172.31.40.0-255,66,53448,73,214165
24394,0.000739,74.125.24.0-255,7156,60604,73,214165
24395,0.000751,74.125.24.0-255,3961,64565,73,214165
24396,0.000763,172.31.40.0-255,66,64631,73,214165
24397,0.001526,74.125.24.0-255,1484,66115,73,214165
24398,0.001536,74.125.24.0-255,2902,69017,73,214165
24399,0.00154,172.31.40.0-255,66,69083,73,214165
24400,0.001548,74.125.24.0-255,5738,74821,73,214165
24401,0.001561,74.125.24.0-255,1484,76305,73,214165
24402,0.001583,74.125.24.0-255,5738,82043,73,214165
24403,0.001588,74.125.24.0-255,2902,84945,73,214165
24404,0.001611,74.125.24.0-255,2184,87129,73,214165
24405,0.001911,74.125.24.0-255,1484,88613,73,214165
24406,0.001919,74.125.24.0-255,2902,91515,73,214165
24407,0.001925,74.125.24.0-255,5738,97253,73,214165
24408,0.001929,74.125.24.0-255,2902,100155,73,214165
24409,0.001952,74.125.24.0-255,2902,103057,73,214165
24410,0.001985,74.125.24.0-255,4320,107377,73,214165
24411,0.00204,74.125.24.0-255,1484,108861,73,214165
24412,0.002132,74.125.24.0-255,1484,110345,73,214165
24413,0.002152,74.125.24.0-255,6438,116783,73,214165
24414,0.002275,74.125.24.0-255,5738,122521,73,214165
24415,0.002291,74.125.24.0-255,4320,126841,73,214165
24416,0.002294,74.125.24.0-255,1484,128325,73,214165
24417,0.012135,172.31.40.0-255,66,128391,73,214165
24418,0.012407,74.125.24.0-255,1484,129875,73,214165
24419,0.014438,74.125.24.0-255,4320,134195,73,214165
24420,0.014444,172.31.40.0-255,66,134261,73,214165
24421,0.016701,74.125.24.0-255,5738,139999,73,214165
24422,0.017719,172.31.40.0-255,66,140065,73,214165
24423,0.02001,74.125.24.0-255,5738,145803,73,214165
24424,0.020018,172.31.40.0-255,66,145869,73,214165
24425,0.022298,74.125.24.0-255,5738,151607,73,214165
24426,0.024228,172.31.40.0-255,66,151673,73,214165
24427,0.026509,74.125.24.0-255,5738,157411,73,214165
24428,0.02652,172.31.40.0-255,66,157477,73,214165
24429,0.028846,74.125.24.0-255,5738,163215,73,214165
24430,0.028866,172.31.40.0-255,66,163281,73,214165
24431,0.031137,74.125.24.0-255,5738,169019,73,214165
24432,0.031145,172.31.40.0-255,66,169085,73,214165
24433,0.033436,74.125.24.0-255,5738,174823,73,214165
24434,0.033445,172.31.40.0-255,66,174889,73,214165
24435,0.035736,74.125.24.0-255,5738,180627,73,214165
24436,0.035756,172.31.40.0-255,66,180693,73,214165
24437,0.03806,74.125.24.0-255,5738,186431,73,214165
24438,0.038067,172.31.40.0-255,66,186497,73,214165
24439,0.040337,74.125.24.0-255,5738,192235,73,214165
24440,0.040351,172.31.40.0-255,66,192301,73,214165
24441,0.042652,74.125.24.0-255,5738,198039,73,214165
24442,0.042668,172.31.40.0-255,66,198105,73,214165
24443,0.044957,74.125.24.0-255,4320,202425,73,214165
24444,0.044965,172.31.40.0-255,66,202491,73,214165
24445,0.044985,74.125.24.0-255,1484,203975,73,214165
24446,0.047239,74.125.24.0-255,4320,208295,73,214165
24447,0.047243,172.31.40.0-255,66,208361,73,214165
24448,0.049518,74.125.24.0-255,5738,214099,73,214165
24449,0.049576,172.31.40.0-255,66,214165,73,214165
24450,0.0,216.58.203.0-255,143,143,73,273248
24451,1.4e-05,172.31.40.0-255,66,209,73,273248
24452,2.1e-05,216.58.203.0-255,1484,1693,73,273248
24453,2.5e-05,172.31.40.0-255,66,1759,73,273248
24454,3.1e-05,216.58.203.0-255,2902,4661,73,273248
24455,3.4e-05,172.31.40.0-255,66,4727,73,273248
24456,4e-05,216.58.203.0-255,4320,9047,73,273248
24457,4.2e-05,172.31.40.0-255,66,9113,73,273248
24458,4.9e-05,216.58.203.0-255,4866,13979,73,273248
24459,5.3e-05,172.31.40.0-255,66,14045,73,273248
24460,0.000117,216.58.203.0-255,1484,15529,73,273248
24461,0.000121,172.31.40.0-255,66,15595,73,273248
24462,0.000126,216.58.203.0-255,2902,18497,73,273248
24463,0.000128,172.31.40.0-255,66,18563,73,273248
24464,0.000131,216.58.203.0-255,1484,20047,73,273248
24465,0.000133,172.31.40.0-255,66,20113,73,273248
24466,0.000148,216.58.203.0-255,4320,24433,73,273248
24467,0.00015,172.31.40.0-255,66,24499,73,273248
24468,0.000211,216.58.203.0-255,7156,31655,73,273248
24469,0.000216,172.31.40.0-255,66,31721,73,273248
24470,0.000234,216.58.203.0-255,3961,35682,73,273248
24471,0.000236,172.31.40.0-255,66,35748,73,273248
24472,0.000249,172.31.40.0-255,66,35814,73,273248
24473,0.000252,216.58.203.0-255,1125,36939,73,273248
24474,0.000254,172.31.40.0-255,66,37005,73,273248
24475,0.000461,216.58.203.0-255,1484,38489,73,273248
24476,0.000465,172.31.40.0-255,66,38555,73,273248
24477,0.000471,216.58.203.0-255,2902,41457,73,273248
24478,0.000473,172.31.40.0-255,66,41523,73,273248
24479,0.00048,216.58.203.0-255,4320,45843,73,273248
24480,0.000483,172.31.40.0-255,66,45909,73,273248
24481,0.000503,216.58.203.0-255,1484,47393,73,273248
24482,0.000511,216.58.203.0-255,6797,54190,73,273248
24483,0.000514,172.31.40.0-255,66,54256,73,273248
24484,0.000517,216.58.203.0-255,396,54652,73,273248
24485,0.000968,216.58.203.0-255,348,55000,73,273248
24486,0.001121,216.58.203.0-255,1484,56484,73,273248
24487,0.001126,172.31.40.0-255,66,56550,73,273248
24488,0.001132,216.58.203.0-255,2902,59452,73,273248
24489,0.001134,172.31.40.0-255,66,59518,73,273248
24490,0.001139,216.58.203.0-255,2902,62420,73,273248
24491,0.001142,172.31.40.0-255,66,62486,73,273248
24492,0.001169,216.58.203.0-255,1484,63970,73,273248
24493,0.001176,216.58.203.0-255,5738,69708,73,273248
24494,0.001178,172.31.40.0-255,66,69774,73,273248
24495,0.001193,172.31.40.0-255,66,69840,73,273248
24496,0.0012,216.58.203.0-255,6797,76637,73,273248
24497,0.001202,172.31.40.0-255,66,76703,73,273248
24498,0.001508,216.58.203.0-255,1484,78187,73,273248
24499,0.001516,216.58.203.0-255,2902,81089,73,273248
24500,0.001522,172.31.40.0-255,66,81155,73,273248
24501,0.001529,216.58.203.0-255,5738,86893,73,273248
24502,0.001532,172.31.40.0-255,66,86959,73,273248
24503,0.001565,172.31.40.0-255,66,87025,73,273248
24504,0.001578,172.31.40.0-255,66,87091,73,273248
24505,0.001593,216.58.203.0-255,2184,89275,73,273248
24506,0.001595,172.31.40.0-255,66,89341,73,273248
24507,0.001642,216.58.203.0-255,1484,90825,73,273248
24508,0.001647,216.58.203.0-255,2902,93727,73,273248
24509,0.00165,172.31.40.0-255,66,93793,73,273248
24510,0.001674,216.58.203.0-255,2902,96695,73,273248
24511,0.001676,172.31.40.0-255,66,96761,73,273248
24512,0.003263,216.58.203.0-255,2902,99663,73,273248
24513,0.003267,172.31.40.0-255,66,99729,73,273248
24514,0.003287,216.58.203.0-255,2902,102631,73,273248
24515,0.003289,172.31.40.0-255,66,102697,73,273248
24516,0.004886,216.58.203.0-255,2902,105599,73,273248
24517,0.004891,172.31.40.0-255,66,105665,73,273248
24518,0.004911,216.58.203.0-255,2902,108567,73,273248
24519,0.004914,172.31.40.0-255,66,108633,73,273248
24520,0.006516,216.58.203.0-255,5738,114371,73,273248
24521,0.006524,172.31.40.0-255,66,114437,73,273248
24522,0.008153,216.58.203.0-255,5738,120175,73,273248
24523,0.008159,172.31.40.0-255,66,120241,73,273248
24524,0.0098,216.58.203.0-255,5738,125979,73,273248
24525,0.009809,172.31.40.0-255,66,126045,73,273248
24526,0.011443,216.58.203.0-255,5738,131783,73,273248
24527,0.011452,172.31.40.0-255,66,131849,73,273248
24528,0.013081,216.58.203.0-255,5738,137587,73,273248
24529,0.01309,172.31.40.0-255,66,137653,73,273248
24530,0.014724,216.58.203.0-255,5738,143391,73,273248
24531,0.014735,172.31.40.0-255,66,143457,73,273248
24532,0.016368,216.58.203.0-255,5738,149195,73,273248
24533,0.016378,172.31.40.0-255,66,149261,73,273248
24534,0.018014,216.58.203.0-255,5738,154999,73,273248
24535,0.018023,172.31.40.0-255,66,155065,73,273248
24536,0.01967,216.58.203.0-255,5738,160803,73,273248
24537,0.019677,172.31.40.0-255,66,160869,73,273248
24538,0.021308,216.58.203.0-255,5738,166607,73,273248
24539,0.021315,172.31.40.0-255,66,166673,73,273248
24540,0.023008,216.58.203.0-255,5738,172411,73,273248
24541,0.023015,172.31.40.0-255,66,172477,73,273248
24542,0.024644,216.58.203.0-255,5738,178215,73,273248
24543,0.024652,172.31.40.0-255,66,178281,73,273248
24544,0.026271,216.58.203.0-255,4320,182601,73,273248
24545,0.026276,172.31.40.0-255,66,182667,73,273248
24546,0.026302,216.58.203.0-255,1484,184151,73,273248
24547,0.027905,216.58.203.0-255,4320,188471,73,273248
24548,0.027913,172.31.40.0-255,66,188537,73,273248
24549,0.029537,216.58.203.0-255,5738,194275,73,273248
24550,0.029545,172.31.40.0-255,66,194341,73,273248
24551,0.031125,172.31.40.0-255,172,194513,73,273248
24552,0.031155,172.31.40.0-255,1115,195628,73,273248
24553,0.031172,216.58.203.0-255,5738,201366,73,273248
24554,0.031181,172.31.40.0-255,66,201432,73,273248
24555,0.031304,172.31.40.0-255,1514,202946,73,273248
24556,0.031307,172.31.40.0-255,1514,204460,73,273248
24557,0.031312,172.31.40.0-255,1514,205974,73,273248
24558,0.031318,172.31.40.0-255,1514,207488,73,273248
24559,0.03134,172.31.40.0-255,1514,209002,73,273248
24560,0.031342,172.31.40.0-255,138,209140,73,273248
24561,0.032639,104.244.42.0-255,66,209206,73,273248
24562,0.032652,104.244.42.0-255,66,209272,73,273248
24563,0.032835,216.58.203.0-255,5738,215010,73,273248
24564,0.032845,172.31.40.0-255,66,215076,73,273248
24565,0.032863,104.244.42.0-255,66,215142,73,273248
24566,0.03287,104.244.42.0-255,66,215208,73,273248
24567,0.034473,216.58.203.0-255,5738,220946,73,273248
24568,0.034484,172.31.40.0-255,66,221012,73,273248
24569,0.036133,216.58.203.0-255,5738,226750,73,273248
24570,0.036142,172.31.40.0-255,66,226816,73,273248
24571,0.037784,216.58.203.0-255,5738,232554,73,273248
24572,0.037795,172.31.40.0-255,66,232620,73,273248
24573,0.039426,216.58.203.0-255,5738,238358,73,273248
24574,0.039436,172.31.40.0-255,66,238424,73,273248
24575,0.041066,216.58.203.0-255,5738,244162,73,273248
24576,0.041075,172.31.40.0-255,66,244228,73,273248
24577,0.042716,216.58.203.0-255,5738,249966,73,273248
24578,0.042723,172.31.40.0-255,66,250032,73,273248
24579,0.044359,216.58.203.0-255,5738,255770,73,273248
24580,0.044372,172.31.40.0-255,66,255836,73,273248
24581,0.046021,216.58.203.0-255,5738,261574,73,273248
24582,0.046037,172.31.40.0-255,66,261640,73,273248
24583,0.047687,216.58.203.0-255,5738,267378,73,273248
24584,0.0477,172.31.40.0-255,66,267444,73,273248
24585,0.049338,216.58.203.0-255,5738,273182,73,273248
24586,0.049349,172.31.40.0-255,66,273248,73,273248
24587,0.0,172.217.194.0-255,150,150,73,204212
24588,1.6e-05,172.31.40.0-255,66,216,73,204212
24589,2.3e-05,172.217.194.0-255,1484,1700,73,204212
24590,2.8e-05,172.31.40.0-255,66,1766,73,204212
24591,3.1e-05,172.217.194.0-255,1484,3250,73,204212
24592,3.4e-05,172.31.40.0-255,66,3316,73,204212
24593,6.3e-05,172.217.194.0-255,1484,4800,73,204212
24594,6.6e-05,172.31.40.0-255,66,4866,73,204212
24595,7.2e-05,172.217.194.0-255,4320,9186,73,204212
24596,7.5e-05,172.31.40.0-255,66,9252,73,204212
24597,8.1e-05,172.217.194.0-255,4847,14099,73,204212
24598,8.4e-05,172.31.40.0-255,66,14165,73,204212
24599,0.000114,172.217.194.0-255,5738,19903,73,204212
24600,0.000117,172.31.40.0-255,66,19969,73,204212
24601,0.000125,172.217.194.0-255,7156,27125,73,204212
24602,0.000127,172.31.40.0-255,66,27191,73,204212
24603,0.000149,172.217.194.0-255,1484,28675,73,204212
24604,0.000151,172.31.40.0-255,66,28741,73,204212
24605,0.000176,172.31.40.0-255,66,28807,73,204212
24606,0.000227,172.217.194.0-255,5738,34545,73,204212
24607,0.000229,172.31.40.0-255,66,34611,73,204212
24608,0.000249,172.217.194.0-255,3602,38213,73,204212
24609,0.000252,172.31.40.0-255,66,38279,73,204212
24610,0.000265,172.217.194.0-255,1484,39763,73,204212
24611,0.000268,172.31.40.0-255,66,39829,73,204212
24612,0.000285,172.217.194.0-255,2902,42731,73,204212
24613,0.000288,172.31.40.0-255,66,42797,73,204212
24614,0.0003,172.217.194.0-255,1484,44281,73,204212
24615,0.000302,172.31.40.0-255,66,44347,73,204212
24616,0.000325,172.217.194.0-255,4320,48667,73,204212
24617,0.000327,172.31.40.0-255,66,48733,73,204212
24618,0.00033,172.217.194.0-255,1484,50217,73,204212
24619,0.00035,172.217.194.0-255,1484,51701,73,204212
24620,0.000353,172.31.40.0-255,66,51767,73,204212
24621,0.000379,172.217.194.0-255,4274,56041,73,204212
24622,0.000381,172.31.40.0-255,66,56107,73,204212
24623,0.000442,172.217.194.0-255,1484,57591,73,204212
24624,0.000462,172.217.194.0-255,2902,60493,73,204212
24625,0.000465,172.31.40.0-255,66,60559,73,204212
24626,0.000472,172.217.194.0-255,5738,66297,73,204212
24627,0.000474,172.31.40.0-255,66,66363,73,204212
24628,0.000492,172.217.194.0-255,4320,70683,73,204212
24629,0.000494,172.31.40.0-255,66,70749,73,204212
24630,0.000523,172.31.40.0-255,66,70815,73,204212
24631,0.000535,172.31.40.0-255,66,70881,73,204212
24632,0.000537,172.217.194.0-255,766,71647,73,204212
24633,0.001266,172.217.194.0-255,376,72023,73,204212
24634,0.001306,172.217.194.0-255,1484,73507,73,204212
24635,0.00131,172.31.40.0-255,66,73573,73,204212
24636,0.00133,172.217.194.0-255,2902,76475,73,204212
24637,0.001333,172.31.40.0-255,66,76541,73,204212
24638,0.001339,172.217.194.0-255,5738,82279,73,204212
24639,0.001341,172.31.40.0-255,66,82345,73,204212
24640,0.001376,172.31.40.0-255,66,82411,73,204212
24641,0.00139,172.217.194.0-255,1484,83895,73,204212
24642,0.001422,172.31.40.0-255,66,83961,73,204212
24643,0.001661,172.217.194.0-255,1484,85445,73,204212
24644,0.001667,172.217.194.0-255,2902,88347,73,204212
24645,0.001671,172.31.40.0-255,66,88413,73,204212
24646,0.001694,172.217.194.0-255,5738,94151,73,204212
24647,0.001696,172.31.40.0-255,66,94217,73,204212
24648,0.001709,172.217.194.0-255,1484,95701,73,204212
24649,0.00174,172.31.40.0-255,66,95767,73,204212
24650,0.001752,172.31.40.0-255,66,95833,73,204212
24651,0.004395,172.217.194.0-255,5738,101571,73,204212
24652,0.004402,172.31.40.0-255,66,101637,73,204212
24653,0.007026,172.217.194.0-255,4320,105957,73,204212
24654,0.007032,172.31.40.0-255,66,106023,73,204212
24655,0.007041,172.217.194.0-255,1484,107507,73,204212
24656,0.009706,172.217.194.0-255,4320,111827,73,204212
24657,0.009714,172.31.40.0-255,66,111893,73,204212
24658,0.012348,172.217.194.0-255,5738,117631,73,204212
24659,0.012356,172.31.40.0-255,66,117697,73,204212
24660,0.015009,172.217.194.0-255,5738,123435,73,204212
24661,0.015018,172.31.40.0-255,66,123501,73,204212
24662,0.017678,172.217.194.0-255,5738,129239,73,204212
24663,0.017703,172.31.40.0-255,66,129305,73,204212
24664,0.02038,172.217.194.0-255,5738,135043,73,204212
24665,0.020387,172.31.40.0-255,66,135109,73,204212
24666,0.023037,172.217.194.0-255,5738,140847,73,204212
24667,0.023046,172.31.40.0-255,66,140913,73,204212
24668,0.025693,172.217.194.0-255,5738,146651,73,204212
24669,0.025701,172.31.40.0-255,66,146717,73,204212
24670,0.028072,172.31.40.0-255,172,146889,73,204212
24671,0.028102,172.31.40.0-255,1114,148003,73,204212
24672,0.028164,172.31.40.0-255,1514,149517,73,204212
24673,0.028165,172.31.40.0-255,1514,151031,73,204212
24674,0.028167,172.31.40.0-255,681,151712,73,204212
24675,0.028412,172.217.194.0-255,5738,157450,73,204212
24676,0.028419,172.31.40.0-255,66,157516,73,204212
24677,0.029652,104.244.42.0-255,66,157582,73,204212
24678,0.02966,104.244.42.0-255,66,157648,73,204212
24679,0.029709,104.244.42.0-255,66,157714,73,204212
24680,0.029743,104.244.42.0-255,66,157780,73,204212
24681,0.031072,172.217.194.0-255,5738,163518,73,204212
24682,0.03108,172.31.40.0-255,66,163584,73,204212
24683,0.033734,172.217.194.0-255,5738,169322,73,204212
24684,0.033742,172.31.40.0-255,66,169388,73,204212
24685,0.036412,172.217.194.0-255,5738,175126,73,204212
24686,0.03642,172.31.40.0-255,66,175192,73,204212
24687,0.039102,172.217.194.0-255,5738,180930,73,204212
24688,0.039109,172.31.40.0-255,66,180996,73,204212
24689,0.041762,172.217.194.0-255,5738,186734,73,204212
24690,0.041781,172.31.40.0-255,66,186800,73,204212
24691,0.044445,172.217.194.0-255,5738,192538,73,204212
24692,0.04446,172.31.40.0-255,66,192604,73,204212
24693,0.047138,172.217.194.0-255,5738,198342,73,204212
24694,0.047163,172.31.40.0-255,66,198408,73,204212
24695,0.049834,172.217.194.0-255,5738,204146,73,204212
24696,0.049846,172.31.40.0-255,66,204212,73,204212
24697,0.0,172.217.194.0-255,153,153,73,240627
24698,4e-05,172.31.40.0-255,66,219,73,240627
24699,4.7e-05,172.217.194.0-255,1484,1703,73,240627
24700,5.2e-05,172.31.40.0-255,66,1769,73,240627
24701,5.7e-05,172.217.194.0-255,2902,4671,73,240627
24702,6.8e-05,172.31.40.0-255,66,4737,73,240627
24703,7.5e-05,172.217.194.0-255,7156,11893,73,240627
24704,7.8e-05,172.31.40.0-255,66,11959,73,240627
24705,8.2e-05,172.217.194.0-255,2000,13959,73,240627
24706,8.5e-05,172.31.40.0-255,66,14025,73,240627
24707,9.8e-05,172.31.40.0-255,66,14091,73,240627
24708,0.000104,172.217.194.0-255,5379,19470,73,240627
24709,0.000107,172.31.40.0-255,66,19536,73,240627
24710,0.000175,172.217.194.0-255,1484,21020,73,240627
24711,0.000178,172.31.40.0-255,66,21086,73,240627
24712,0.000183,172.217.194.0-255,2902,23988,73,240627
24713,0.000186,172.31.40.0-255,66,24054,73,240627
24714,0.00019,172.217.194.0-255,2902,26956,73,240627
24715,0.000197,172.31.40.0-255,66,27022,73,240627
24716,0.00022,172.217.194.0-255,2902,29924,73,240627
24717,0.000226,172.31.40.0-255,66,29990,73,240627
24718,0.000265,172.31.40.0-255,66,30056,73,240627
24719,0.000277,172.31.40.0-255,66,30122,73,240627
24720,0.00028,172.217.194.0-255,1415,31537,73,240627
24721,0.000282,172.31.40.0-255,66,31603,73,240627
24722,0.00033,172.217.194.0-255,364,31967,73,240627
24723,0.000332,172.31.40.0-255,66,32033,73,240627
24724,0.00036,172.217.194.0-255,1484,33517,73,240627
24725,0.000362,172.31.40.0-255,66,33583,73,240627
24726,0.000368,172.217.194.0-255,4320,37903,73,240627
24727,0.000371,172.31.40.0-255,66,37969,73,240627
24728,0.000416,172.31.40.0-255,66,38035,73,240627
24729,0.000423,172.217.194.0-255,5738,43773,73,240627
24730,0.000425,172.31.40.0-255,66,43839,73,240627
24731,0.000449,172.217.194.0-255,4320,48159,73,240627
24732,0.000452,172.31.40.0-255,66,48225,73,240627
24733,0.000478,172.31.40.0-255,66,48291,73,240627
24734,0.000506,172.217.194.0-255,1484,49775,73,240627
24735,0.000516,172.217.194.0-255,2902,52677,73,240627
24736,0.000519,172.31.40.0-255,66,52743,73,240627
24737,0.000543,172.217.194.0-255,5738,58481,73,240627
24738,0.000546,172.31.40.0-255,66,58547,73,240627
24739,0.000551,172.217.194.0-255,4320,62867,73,240627
24740,0.000553,172.31.40.0-255,66,62933,73,240627
24741,0.000586,172.217.194.0-255,1484,64417,73,240627
24742,0.000625,172.31.40.0-255,66,64483,73,240627
24743,0.000636,172.31.40.0-255,66,64549,73,240627
24744,0.000645,172.217.194.0-255,2902,67451,73,240627
24745,0.000647,172.31.40.0-255,66,67517,73,240627
24746,0.000684,172.217.194.0-255,5738,73255,73,240627
24747,0.000687,172.31.40.0-255,66,73321,73,240627
24748,0.000698,172.31.40.0-255,66,73387,73,240627
24749,0.000719,172.31.40.0-255,66,73453,73,240627
24750,0.000826,172.217.194.0-255,1484,74937,73,240627
24751,0.000832,172.217.194.0-255,2902,77839,73,240627
24752,0.000835,172.31.40.0-255,66,77905,73,240627
24753,0.000839,172.217.194.0-255,1484,79389,73,240627
24754,0.00087,172.217.194.0-255,4320,83709,73,240627
24755,0.000873,172.31.40.0-255,66,83775,73,240627
24756,0.000876,172.217.194.0-255,1484,85259,73,240627
24757,0.000884,172.217.194.0-255,7156,92415,73,240627
24758,0.000886,172.31.40.0-255,66,92481,73,240627
24759,0.00092,172.217.194.0-255,5738,98219,73,240627
24760,0.000923,172.31.40.0-255,66,98285,73,240627
24761,0.000934,172.31.40.0-255,66,98351,73,240627
24762,0.001468,172.217.194.0-255,1484,99835,73,240627
24763,0.001475,172.217.194.0-255,2902,102737,73,240627
24764,0.001478,172.31.40.0-255,66,102803,73,240627
24765,0.001483,172.217.194.0-255,1484,104287,73,240627
24766,0.001516,172.217.194.0-255,4320,108607,73,240627
24767,0.001519,172.31.40.0-255,66,108673,73,240627
24768,0.001537,172.31.40.0-255,66,108739,73,240627
24769,0.001562,172.217.194.0-255,4320,113059,73,240627
24770,0.001565,172.31.40.0-255,66,113125,73,240627
24771,0.001602,172.217.194.0-255,6438,119563,73,240627
24772,0.001605,172.31.40.0-255,66,119629,73,240627
24773,0.003929,172.217.194.0-255,5738,125367,73,240627
24774,0.003937,172.31.40.0-255,66,125433,73,240627
24775,0.006296,172.217.194.0-255,5738,131171,73,240627
24776,0.006299,172.31.40.0-255,66,131237,73,240627
24777,0.008626,172.217.194.0-255,5738,136975,73,240627
24778,0.008631,172.31.40.0-255,66,137041,73,240627
24779,0.010951,172.217.194.0-255,5738,142779,73,240627
24780,0.010958,172.31.40.0-255,66,142845,73,240627
24781,0.013255,172.217.194.0-255,5738,148583,73,240627
24782,0.013262,172.31.40.0-255,66,148649,73,240627
24783,0.015545,172.217.194.0-255,5738,154387,73,240627
24784,0.015554,172.31.40.0-255,66,154453,73,240627
24785,0.01785,172.217.194.0-255,5738,160191,73,240627
24786,0.017858,172.31.40.0-255,66,160257,73,240627
24787,0.020144,172.217.194.0-255,4320,164577,73,240627
24788,0.02015,172.31.40.0-255,66,164643,73,240627
24789,0.020174,172.217.194.0-255,1484,166127,73,240627
24790,0.022411,172.217.194.0-255,4320,170447,73,240627
24791,0.022416,172.31.40.0-255,66,170513,73,240627
24792,0.024686,172.217.194.0-255,5738,176251,73,240627
24793,0.024693,172.31.40.0-255,66,176317,73,240627
24794,0.02696,172.217.194.0-255,5738,182055,73,240627
24795,0.026966,172.31.40.0-255,66,182121,73,240627
24796,0.029287,172.217.194.0-255,5738,187859,73,240627
24797,0.029294,172.31.40.0-255,66,187925,73,240627
24798,0.030798,172.31.40.0-255,190,188115,73,240627
24799,0.030828,172.31.40.0-255,1114,189229,73,240627
24800,0.030892,172.31.40.0-255,1514,190743,73,240627
24801,0.030894,172.31.40.0-255,1514,192257,73,240627
24802,0.0309,172.31.40.0-255,1514,193771,73,240627
24803,0.030901,172.31.40.0-255,160,193931,73,240627
24804,0.031583,172.217.194.0-255,5738,199669,73,240627
24805,0.03159,172.31.40.0-255,66,199735,73,240627
24806,0.032301,104.244.42.0-255,66,199801,73,240627
24807,0.032403,104.244.42.0-255,66,199867,73,240627
24808,0.032455,104.244.42.0-255,66,199933,73,240627
24809,0.032459,104.244.42.0-255,66,199999,73,240627
24810,0.033904,172.217.194.0-255,5738,205737,73,240627
24811,0.033911,172.31.40.0-255,66,205803,73,240627
24812,0.036198,172.217.194.0-255,5738,211541,73,240627
24813,0.036204,172.31.40.0-255,66,211607,73,240627
24814,0.038489,172.217.194.0-255,5738,217345,73,240627
24815,0.038495,172.31.40.0-255,66,217411,73,240627
24816,0.040768,172.217.194.0-255,5738,223149,73,240627
24817,0.040774,172.31.40.0-255,66,223215,73,240627
24818,0.043104,172.217.194.0-255,5738,228953,73,240627
24819,0.043111,172.31.40.0-255,66,229019,73,240627
24820,0.045395,172.217.194.0-255,5738,234757,73,240627
24821,0.045402,172.31.40.0-255,66,234823,73,240627
24822,0.047698,172.217.194.0-255,5738,240561,73,240627
24823,0.047704,172.31.40.0-255,66,240627,73,240627
24824,0.0,172.217.194.0-255,146,146,73,284803
24825,2.2e-05,172.31.40.0-255,66,212,73,284803
24826,2.9e-05,172.217.194.0-255,1484,1696,73,284803
24827,3.4e-05,172.31.40.0-255,66,1762,73,284803
24828,4.7e-05,172.217.194.0-255,2902,4664,73,284803
24829,5.1e-05,172.31.40.0-255,66,4730,73,284803
24830,5.9e-05,172.217.194.0-255,7156,11886,73,284803
24831,6.3e-05,172.31.40.0-255,66,11952,73,284803
24832,7e-05,172.217.194.0-255,5738,17690,73,284803
24833,7.3e-05,172.31.40.0-255,66,17756,73,284803
24834,9.6e-05,172.217.194.0-255,2138,19894,73,284803
24835,0.000104,172.31.40.0-255,66,19960,73,284803
24836,0.000116,172.31.40.0-255,66,20026,73,284803
24837,0.000119,172.217.194.0-255,2543,22569,73,284803
24838,0.000121,172.31.40.0-255,66,22635,73,284803
24839,0.000152,172.217.194.0-255,2902,25537,73,284803
24840,0.000155,172.31.40.0-255,66,25603,73,284803
24841,0.00018,172.217.194.0-255,2902,28505,73,284803
24842,0.000182,172.31.40.0-255,66,28571,73,284803
24843,0.000187,172.217.194.0-255,2902,31473,73,284803
24844,0.000189,172.31.40.0-255,66,31539,73,284803
24845,0.000219,172.217.194.0-255,4320,35859,73,284803
24846,0.000221,172.31.40.0-255,66,35925,73,284803
24847,0.000227,172.217.194.0-255,3961,39886,73,284803
24848,0.000229,172.31.40.0-255,66,39952,73,284803
24849,0.000265,172.217.194.0-255,1484,41436,73,284803
24850,0.000268,172.31.40.0-255,66,41502,73,284803
24851,0.000286,172.217.194.0-255,2902,44404,73,284803
24852,0.000288,172.31.40.0-255,66,44470,73,284803
24853,0.000295,172.217.194.0-255,5738,50208,73,284803
24854,0.000298,172.31.40.0-255,66,50274,73,284803
24855,0.000339,172.217.194.0-255,7071,57345,73,284803
24856,0.000371,172.217.194.0-255,433,57778,73,284803
24857,0.000377,172.31.40.0-255,66,57844,73,284803
24858,0.000416,172.217.194.0-255,1484,59328,73,284803
24859,0.000447,172.217.194.0-255,2902,62230,73,284803
24860,0.000454,172.217.194.0-255,5738,67968,73,284803
24861,0.000478,172.217.194.0-255,4320,72288,73,284803
24862,0.000553,172.217.194.0-255,3961,76249,73,284803
24863,0.000555,172.217.194.0-255,1484,77733,73,284803
24864,0.000581,172.217.194.0-255,5379,83112,73,284803
24865,0.00067,172.217.194.0-255,1484,84596,73,284803
24866,0.000674,172.217.194.0-255,1484,86080,73,284803
24867,0.000683,172.31.40.0-255,66,86146,73,284803
24868,0.000687,172.217.194.0-255,1484,87630,73,284803
24869,0.000693,172.31.40.0-255,66,87696,73,284803
24870,0.000728,172.217.194.0-255,5738,93434,73,284803
24871,0.000771,172.31.40.0-255,66,93500,73,284803
24872,0.000782,172.217.194.0-255,1636,95136,73,284803
24873,0.000809,172.31.40.0-255,66,95202,73,284803
24874,0.000853,172.217.194.0-255,1484,96686,73,284803
24875,0.000857,172.217.194.0-255,1484,98170,73,284803
24876,0.000871,172.217.194.0-255,1484,99654,73,284803
24877,0.000877,172.217.194.0-255,4320,103974,73,284803
24878,0.000885,172.31.40.0-255,66,104040,73,284803
24879,0.000907,172.217.194.0-255,1484,105524,73,284803
24880,0.00091,172.217.194.0-255,1484,107008,73,284803
24881,0.000936,172.31.40.0-255,66,107074,73,284803
24882,0.000941,172.217.194.0-255,4320,111394,73,284803
24883,0.000947,172.31.40.0-255,66,111460,73,284803
24884,0.000998,172.217.194.0-255,5738,117198,73,284803
24885,0.001007,172.31.40.0-255,66,117264,73,284803
24886,0.001046,172.31.40.0-255,66,117330,73,284803
24887,0.001312,172.217.194.0-255,1484,118814,73,284803
24888,0.001318,172.217.194.0-255,2902,121716,73,284803
24889,0.001332,172.31.40.0-255,66,121782,73,284803
24890,0.001339,172.217.194.0-255,5738,127520,73,284803
24891,0.001343,172.31.40.0-255,66,127586,73,284803
24892,0.001367,172.217.194.0-255,5738,133324,73,284803
24893,0.00139,172.217.194.0-255,4320,137644,73,284803
24894,0.001396,172.217.194.0-255,5020,142664,73,284803
24895,0.00141,172.31.40.0-255,66,142730,73,284803
24896,0.001547,172.217.194.0-255,1484,144214,73,284803
24897,0.001554,172.217.194.0-255,2902,147116,73,284803
24898,0.001572,172.31.40.0-255,66,147182,73,284803
24899,0.001577,172.217.194.0-255,2902,150084,73,284803
24900,0.001582,172.31.40.0-255,66,150150,73,284803
24901,0.001612,172.217.194.0-255,2902,153052,73,284803
24902,0.00162,172.217.194.0-255,7156,160208,73,284803
24903,0.001627,172.217.194.0-255,7156,167364,73,284803
24904,0.001645,172.217.194.0-255,7156,174520,73,284803
24905,0.001649,172.217.194.0-255,2184,176704,73,284803
24906,0.001698,172.31.40.0-255,66,176770,73,284803
24907,0.001707,172.217.194.0-255,2902,179672,73,284803
24908,0.001712,172.217.194.0-255,4320,183992,73,284803
24909,0.001722,172.217.194.0-255,5738,189730,73,284803
24910,0.001761,172.217.194.0-255,2902,192632,73,284803
24911,0.001811,172.217.194.0-255,2902,195534,73,284803
24912,0.001832,172.217.194.0-255,5738,201272,73,284803
24913,0.001892,172.217.194.0-255,2902,204174,73,284803
24914,0.001904,172.217.194.0-255,2184,206358,73,284803
24915,0.001922,172.217.194.0-255,5738,212096,73,284803
24916,0.001935,172.217.194.0-255,4320,216416,73,284803
24917,0.002002,172.217.194.0-255,4320,220736,73,284803
24918,0.002018,172.217.194.0-255,2184,222920,73,284803
24919,0.002146,172.217.194.0-255,1484,224404,73,284803
24920,0.00215,172.217.194.0-255,2902,227306,73,284803
24921,0.002173,172.217.194.0-255,5738,233044,73,284803
24922,0.002175,172.217.194.0-255,1484,234528,73,284803
24923,0.002212,172.217.194.0-255,7156,241684,73,284803
24924,0.002227,172.217.194.0-255,3602,245286,73,284803
24925,0.012612,172.217.194.0-255,1484,246770,73,284803
24926,0.0137,172.31.40.0-255,66,246836,73,284803
24927,0.016295,172.217.194.0-255,5738,252574,73,284803
24928,0.016311,172.31.40.0-255,66,252640,73,284803
24929,0.018888,172.217.194.0-255,5738,258378,73,284803
24930,0.018907,172.31.40.0-255,66,258444,73,284803
24931,0.021509,172.217.194.0-255,5738,264182,73,284803
24932,0.021842,172.31.40.0-255,66,264248,73,284803
24933,0.024406,172.217.194.0-255,5738,269986,73,284803
24934,0.024416,172.31.40.0-255,66,270052,73,284803
24935,0.026981,172.217.194.0-255,5738,275790,73,284803
24936,0.029505,172.31.40.0-255,66,275856,73,284803
24937,0.032058,172.217.194.0-255,3482,279338,73,284803
24938,0.032069,172.31.40.0-255,66,279404,73,284803
24939,0.032487,172.31.40.0-255,105,279509,73,284803
24940,0.034999,172.217.194.0-255,66,279575,73,284803
24941,0.0468,172.31.40.0-255,172,279747,73,284803
24942,0.046833,172.31.40.0-255,1116,280863,73,284803
24943,0.046905,172.31.40.0-255,1514,282377,73,284803
24944,0.046906,172.31.40.0-255,1514,283891,73,284803
24945,0.04693,172.31.40.0-255,648,284539,73,284803
24946,0.048361,104.244.42.0-255,66,284605,73,284803
24947,0.048512,104.244.42.0-255,66,284671,73,284803
24948,0.048517,104.244.42.0-255,66,284737,73,284803
24949,0.04852,104.244.42.0-255,66,284803,73,284803
24950,0.0,74.125.24.0-255,143,143,73,110918
24951,3.2e-05,172.31.40.0-255,66,209,73,110918
24952,4.1e-05,74.125.24.0-255,1484,1693,73,110918
24953,4.7e-05,172.31.40.0-255,66,1759,73,110918
24954,5.2e-05,74.125.24.0-255,1484,3243,73,110918
24955,6.5e-05,172.31.40.0-255,66,3309,73,110918
24956,7.5e-05,74.125.24.0-255,4320,7629,73,110918
24957,7.8e-05,172.31.40.0-255,66,7695,73,110918
24958,0.000159,74.125.24.0-255,5738,13433,73,110918
24959,0.000164,172.31.40.0-255,66,13499,73,110918
24960,0.000204,74.125.24.0-255,4865,18364,73,110918
24961,0.000208,172.31.40.0-255,66,18430,73,110918
24962,0.000344,74.125.24.0-255,4320,22750,73,110918
24963,0.000348,172.31.40.0-255,66,22816,73,110918
24964,0.000379,74.125.24.0-255,5738,28554,73,110918
24965,0.000383,172.31.40.0-255,66,28620,73,110918
24966,0.000551,172.31.40.0-255,66,28686,73,110918
24967,0.000602,172.31.40.0-255,66,28752,73,110918
24968,0.000969,172.31.40.0-255,66,28818,73,110918
24969,0.000989,74.125.24.0-255,4266,33084,73,110918
24970,0.000992,172.31.40.0-255,66,33150,73,110918
24971,0.001249,172.31.40.0-255,66,33216,73,110918
24972,0.001298,172.31.40.0-255,66,33282,73,110918
24973,0.001973,74.125.24.0-255,2902,36184,73,110918
24974,0.001977,172.31.40.0-255,66,36250,73,110918
24975,0.002028,172.31.40.0-255,66,36316,73,110918
24976,0.002824,74.125.24.0-255,7156,43472,73,110918
24977,0.003477,74.125.24.0-255,7156,50628,73,110918
24978,0.003544,74.125.24.0-255,2184,52812,73,110918
24979,0.004034,172.31.40.0-255,66,52878,73,110918
24980,0.006357,74.125.24.0-255,5738,58616,73,110918
24981,0.006363,172.31.40.0-255,66,58682,73,110918
24982,0.008688,74.125.24.0-255,5738,64420,73,110918
24983,0.008695,172.31.40.0-255,66,64486,73,110918
24984,0.011029,74.125.24.0-255,5738,70224,73,110918
24985,0.011039,172.31.40.0-255,66,70290,73,110918
24986,0.013414,74.125.24.0-255,5738,76028,73,110918
24987,0.018445,172.31.40.0-255,66,76094,73,110918
24988,0.020808,74.125.24.0-255,5738,81832,73,110918
24989,0.020826,172.31.40.0-255,66,81898,73,110918
24990,0.023206,74.125.24.0-255,5738,87636,73,110918
24991,0.030437,172.31.40.0-255,66,87702,73,110918
24992,0.032795,74.125.24.0-255,5738,93440,73,110918
24993,0.032817,172.31.40.0-255,66,93506,73,110918
24994,0.035205,74.125.24.0-255,5738,99244,73,110918
24995,0.035223,172.31.40.0-255,66,99310,73,110918
24996,0.037548,74.125.24.0-255,5738,105048,73,110918
24997,0.046427,172.31.40.0-255,66,105114,73,110918
24998,0.048829,74.125.24.0-255,5738,110852,73,110918
24999,0.04885,172.31.40.0-255,66,110918,73,110918
25000,0.0,74.125.68.0-255,157,157,73,323106
25001,2.1e-05,172.31.40.0-255,66,223,73,323106
25002,2.8e-05,74.125.68.0-255,1484,1707,73,323106
25003,3.2e-05,172.31.40.0-255,66,1773,73,323106
25004,3.7e-05,74.125.68.0-255,2902,4675,73,323106
25005,4.6e-05,172.31.40.0-255,66,4741,73,323106
25006,5e-05,74.125.68.0-255,2902,7643,73,323106
25007,5.4e-05,172.31.40.0-255,66,7709,73,323106
25008,7.8e-05,74.125.68.0-255,4320,12029,73,323106
25009,8.1e-05,172.31.40.0-255,66,12095,73,323106
25010,8.4e-05,74.125.68.0-255,1484,13579,73,323106
25011,8.5e-05,172.31.40.0-255,66,13645,73,323106
25012,8.8e-05,74.125.68.0-255,581,14226,73,323106
25013,9e-05,172.31.40.0-255,66,14292,73,323106
25014,0.000174,74.125.68.0-255,1484,15776,73,323106
25015,0.000176,172.31.40.0-255,66,15842,73,323106
25016,0.0002,74.125.68.0-255,2902,18744,73,323106
25017,0.000203,172.31.40.0-255,66,18810,73,323106
25018,0.000208,74.125.68.0-255,4320,23130,73,323106
25019,0.00021,172.31.40.0-255,66,23196,73,323106
25020,0.000237,74.125.68.0-255,5738,28934,73,323106
25021,0.000239,172.31.40.0-255,66,29000,73,323106
25022,0.000274,74.125.68.0-255,2543,31543,73,323106
25023,0.000277,172.31.40.0-255,66,31609,73,323106
25024,0.00028,74.125.68.0-255,2902,34511,73,323106
25025,0.000282,172.31.40.0-255,66,34577,73,323106
25026,0.000285,74.125.68.0-255,1484,36061,73,323106
25027,0.000287,172.31.40.0-255,66,36127,73,323106
25028,0.000318,74.125.68.0-255,5738,41865,73,323106
25029,0.000324,74.125.68.0-255,4320,46185,73,323106
25030,0.000329,172.31.40.0-255,66,46251,73,323106
25031,0.00033,172.31.40.0-255,66,46317,73,323106
25032,0.000367,74.125.68.0-255,2543,48860,73,323106
25033,0.000369,172.31.40.0-255,66,48926,73,323106
25034,0.000946,74.125.68.0-255,1484,50410,73,323106
25035,0.000958,74.125.68.0-255,2902,53312,73,323106
25036,0.000963,172.31.40.0-255,66,53378,73,323106
25037,0.000967,74.125.68.0-255,1484,54862,73,323106
25038,0.000997,74.125.68.0-255,2902,57764,73,323106
25039,0.000999,172.31.40.0-255,66,57830,73,323106
25040,0.001006,74.125.68.0-255,5738,63568,73,323106
25041,0.001008,172.31.40.0-255,66,63634,73,323106
25042,0.001017,74.125.68.0-255,1484,65118,73,323106
25043,0.001043,74.125.68.0-255,5379,70497,73,323106
25044,0.001045,172.31.40.0-255,66,70563,73,323106
25045,0.001053,74.125.68.0-255,7156,77719,73,323106
25046,0.001055,172.31.40.0-255,66,77785,73,323106
25047,0.001082,74.125.68.0-255,5379,83164,73,323106
25048,0.001084,172.31.40.0-255,66,83230,73,323106
25049,0.001122,74.125.68.0-255,4320,87550,73,323106
25050,0.001125,172.31.40.0-255,66,87616,73,323106
25051,0.001148,74.125.68.0-255,1484,89100,73,323106
25052,0.001155,74.125.68.0-255,7156,96256,73,323106
25053,0.001158,172.31.40.0-255,66,96322,73,323106
25054,0.001186,74.125.68.0-255,4320,100642,73,323106
25055,0.00119,172.31.40.0-255,66,100708,73,323106
25056,0.001193,74.125.68.0-255,286,100994,73,323106
25057,0.001364,74.125.68.0-255,1484,102478,73,323106
25058,0.001368,172.31.40.0-255,66,102544,73,323106
25059,0.001374,74.125.68.0-255,2902,105446,73,323106
25060,0.001377,172.31.40.0-255,66,105512,73,323106
25061,0.001401,74.125.68.0-255,4320,109832,73,323106
25062,0.001404,172.31.40.0-255,66,109898,73,323106
25063,0.001438,74.125.68.0-255,1484,111382,73,323106
25064,0.001446,74.125.68.0-255,7156,118538,73,323106
25065,0.001449,172.31.40.0-255,66,118604,73,323106
25066,0.001461,172.31.40.0-255,66,118670,73,323106
25067,0.001486,74.125.68.0-255,4320,122990,73,323106
25068,0.001488,172.31.40.0-255,66,123056,73,323106
25069,0.001492,74.125.68.0-255,1484,124540,73,323106
25070,0.001515,74.125.68.0-255,2184,126724,73,323106
25071,0.001517,172.31.40.0-255,66,126790,73,323106
25072,0.001737,74.125.68.0-255,1484,128274,73,323106
25073,0.001753,74.125.68.0-255,2902,131176,73,323106
25074,0.001758,172.31.40.0-255,66,131242,73,323106
25075,0.001763,74.125.68.0-255,4320,135562,73,323106
25076,0.001766,172.31.40.0-255,66,135628,73,323106
25077,0.001787,74.125.68.0-255,1484,137112,73,323106
25078,0.001791,74.125.68.0-255,1484,138596,73,323106
25079,0.001793,172.31.40.0-255,66,138662,73,323106
25080,0.001827,172.31.40.0-255,66,138728,73,323106
25081,0.001864,172.31.40.0-255,66,138794,73,323106
25082,0.001889,74.125.68.0-255,766,139560,73,323106
25083,0.0019,74.125.68.0-255,2902,142462,73,323106
25084,0.001902,172.31.40.0-255,66,142528,73,323106
25085,0.00193,74.125.68.0-255,4320,146848,73,323106
25086,0.001933,172.31.40.0-255,66,146914,73,323106
25087,0.001938,74.125.68.0-255,5738,152652,73,323106
25088,0.00194,172.31.40.0-255,66,152718,73,323106
25089,0.001951,74.125.68.0-255,2902,155620,73,323106
25090,0.001953,172.31.40.0-255,66,155686,73,323106
25091,0.001957,74.125.68.0-255,2902,158588,73,323106
25092,0.001959,172.31.40.0-255,66,158654,73,323106
25093,0.001988,74.125.68.0-255,7156,165810,73,323106
25094,0.00199,172.31.40.0-255,66,165876,73,323106
25095,0.002017,74.125.68.0-255,5738,171614,73,323106
25096,0.00202,172.31.40.0-255,66,171680,73,323106
25097,0.002024,74.125.68.0-255,2184,173864,73,323106
25098,0.002025,172.31.40.0-255,66,173930,73,323106
25099,0.002053,74.125.68.0-255,1484,175414,73,323106
25100,0.002068,74.125.68.0-255,2902,178316,73,323106
25101,0.002071,172.31.40.0-255,66,178382,73,323106
25102,0.002089,74.125.68.0-255,4320,182702,73,323106
25103,0.002092,172.31.40.0-255,66,182768,73,323106
25104,0.004114,74.125.68.0-255,1484,184252,73,323106
25105,0.004132,74.125.68.0-255,4320,188572,73,323106
25106,0.004136,172.31.40.0-255,66,188638,73,323106
25107,0.006205,74.125.68.0-255,5738,194376,73,323106
25108,0.006211,172.31.40.0-255,66,194442,73,323106
25109,0.00828,74.125.68.0-255,5738,200180,73,323106
25110,0.008286,172.31.40.0-255,66,200246,73,323106
25111,0.010352,74.125.68.0-255,5738,205984,73,323106
25112,0.010358,172.31.40.0-255,66,206050,73,323106
25113,0.01243,74.125.68.0-255,5738,211788,73,323106
25114,0.012437,172.31.40.0-255,66,211854,73,323106
25115,0.014495,74.125.68.0-255,5738,217592,73,323106
25116,0.014506,172.31.40.0-255,66,217658,73,323106
25117,0.016572,74.125.68.0-255,2902,220560,73,323106
25118,0.016579,172.31.40.0-255,66,220626,73,323106
25119,0.016612,74.125.68.0-255,2902,223528,73,323106
25120,0.016615,172.31.40.0-255,66,223594,73,323106
25121,0.018643,74.125.68.0-255,2902,226496,73,323106
25122,0.018657,172.31.40.0-255,66,226562,73,323106
25123,0.01869,74.125.68.0-255,2902,229464,73,323106
25124,0.018693,172.31.40.0-255,66,229530,73,323106
25125,0.02073,74.125.68.0-255,2902,232432,73,323106
25126,0.020737,172.31.40.0-255,66,232498,73,323106
25127,0.020765,74.125.68.0-255,2902,235400,73,323106
25128,0.020767,172.31.40.0-255,66,235466,73,323106
25129,0.022797,74.125.68.0-255,2902,238368,73,323106
25130,0.022803,172.31.40.0-255,66,238434,73,323106
25131,0.022832,74.125.68.0-255,2902,241336,73,323106
25132,0.022834,172.31.40.0-255,66,241402,73,323106
25133,0.024891,74.125.68.0-255,5738,247140,73,323106
25134,0.024898,172.31.40.0-255,66,247206,73,323106
25135,0.026972,74.125.68.0-255,5738,252944,73,323106
25136,0.026978,172.31.40.0-255,66,253010,73,323106
25137,0.028128,172.31.40.0-255,172,253182,73,323106
25138,0.028157,172.31.40.0-255,1114,254296,73,323106
25139,0.028222,172.31.40.0-255,1514,255810,73,323106
25140,0.028245,172.31.40.0-255,1514,257324,73,323106
25141,0.028249,172.31.40.0-255,1514,258838,73,323106
25142,0.028266,172.31.40.0-255,160,258998,73,323106
25143,0.029048,74.125.68.0-255,5738,264736,73,323106
25144,0.029055,172.31.40.0-255,66,264802,73,323106
25145,0.02969,104.244.42.0-255,66,264868,73,323106
25146,0.029726,104.244.42.0-255,66,264934,73,323106
25147,0.029786,104.244.42.0-255,66,265000,73,323106
25148,0.029808,104.244.42.0-255,66,265066,73,323106
25149,0.031154,74.125.68.0-255,5738,270804,73,323106
25150,0.031159,172.31.40.0-255,66,270870,73,323106
25151,0.033226,74.125.68.0-255,5738,276608,73,323106
25152,0.033232,172.31.40.0-255,66,276674,73,323106
25153,0.035316,74.125.68.0-255,5738,282412,73,323106
25154,0.035323,172.31.40.0-255,66,282478,73,323106
25155,0.037408,74.125.68.0-255,5738,288216,73,323106
25156,0.037414,172.31.40.0-255,66,288282,73,323106
25157,0.039482,74.125.68.0-255,5738,294020,73,323106
25158,0.039489,172.31.40.0-255,66,294086,73,323106
25159,0.041562,74.125.68.0-255,5738,299824,73,323106
25160,0.04157,172.31.40.0-255,66,299890,73,323106
25161,0.043641,74.125.68.0-255,5738,305628,73,323106
25162,0.043647,172.31.40.0-255,66,305694,73,323106
25163,0.045732,74.125.68.0-255,5738,311432,73,323106
25164,0.045737,172.31.40.0-255,66,311498,73,323106
25165,0.0478,74.125.68.0-255,5738,317236,73,323106
25166,0.047807,172.31.40.0-255,66,317302,73,323106
25167,0.049905,74.125.68.0-255,5738,323040,73,323106
25168,0.049919,172.31.40.0-255,66,323106,73,323106
25169,0.0,74.125.200.0-255,147,147,73,370378
25170,2.3e-05,172.31.40.0-255,66,213,73,370378
25171,3.1e-05,74.125.200.0-255,1484,1697,73,370378
25172,3.5e-05,172.31.40.0-255,66,1763,73,370378
25173,3.8e-05,74.125.200.0-255,1484,3247,73,370378
25174,4.1e-05,172.31.40.0-255,66,3313,73,370378
25175,5.6e-05,74.125.200.0-255,2902,6215,73,370378
25176,5.9e-05,172.31.40.0-255,66,6281,73,370378
25177,6.5e-05,74.125.200.0-255,5738,12019,73,370378
25178,6.8e-05,172.31.40.0-255,66,12085,73,370378
25179,0.000103,74.125.200.0-255,4969,17054,73,370378
25180,0.000106,172.31.40.0-255,66,17120,73,370378
25181,0.000114,74.125.200.0-255,5738,22858,73,370378
25182,0.000116,172.31.40.0-255,66,22924,73,370378
25183,0.000145,74.125.200.0-255,2902,25826,73,370378
25184,0.000147,172.31.40.0-255,66,25892,73,370378
25185,0.000179,74.125.200.0-255,5379,31271,73,370378
25186,0.000182,172.31.40.0-255,66,31337,73,370378
25187,0.000209,74.125.200.0-255,1484,32821,73,370378
25188,0.000211,172.31.40.0-255,66,32887,73,370378
25189,0.000216,74.125.200.0-255,2902,35789,73,370378
25190,0.000218,172.31.40.0-255,66,35855,73,370378
25191,0.000222,74.125.200.0-255,2902,38757,73,370378
25192,0.000224,172.31.40.0-255,66,38823,73,370378
25193,0.000231,74.125.200.0-255,4320,43143,73,370378
25194,0.000233,172.31.40.0-255,66,43209,73,370378
25195,0.000259,74.125.200.0-255,7156,50365,73,370378
25196,0.000261,172.31.40.0-255,66,50431,73,370378
25197,0.000288,74.125.200.0-255,2543,52974,73,370378
25198,0.00029,172.31.40.0-255,66,53040,73,370378
25199,0.000296,74.125.200.0-255,4320,57360,73,370378
25200,0.000298,172.31.40.0-255,66,57426,73,370378
25201,0.00034,172.31.40.0-255,66,57492,73,370378
25202,0.000378,74.125.200.0-255,402,57894,73,370378
25203,0.000418,74.125.200.0-255,342,58236,73,370378
25204,0.000639,74.125.200.0-255,1484,59720,73,370378
25205,0.000645,172.31.40.0-255,66,59786,73,370378
25206,0.00065,74.125.200.0-255,2902,62688,73,370378
25207,0.000653,172.31.40.0-255,66,62754,73,370378
25208,0.000657,74.125.200.0-255,2902,65656,73,370378
25209,0.000659,172.31.40.0-255,66,65722,73,370378
25210,0.000694,74.125.200.0-255,2902,68624,73,370378
25211,0.000697,172.31.40.0-255,66,68690,73,370378
25212,0.000702,74.125.200.0-255,4320,73010,73,370378
25213,0.000704,172.31.40.0-255,66,73076,73,370378
25214,0.00071,74.125.200.0-255,5738,78814,73,370378
25215,0.000713,172.31.40.0-255,66,78880,73,370378
25216,0.00072,74.125.200.0-255,5738,84618,73,370378
25217,0.000723,172.31.40.0-255,66,84684,73,370378
25218,0.000754,74.125.200.0-255,5738,90422,73,370378
25219,0.000757,172.31.40.0-255,66,90488,73,370378
25220,0.000762,74.125.200.0-255,2184,92672,73,370378
25221,0.000764,172.31.40.0-255,66,92738,73,370378
25222,0.001078,74.125.200.0-255,1484,94222,73,370378
25223,0.001099,74.125.200.0-255,2902,97124,73,370378
25224,0.001103,172.31.40.0-255,66,97190,73,370378
25225,0.001129,74.125.200.0-255,5738,102928,73,370378
25226,0.001132,172.31.40.0-255,66,102994,73,370378
25227,0.001168,74.125.200.0-255,7156,110150,73,370378
25228,0.00117,172.31.40.0-255,66,110216,73,370378
25229,0.001199,74.125.200.0-255,5738,115954,73,370378
25230,0.001202,172.31.40.0-255,66,116020,73,370378
25231,0.001239,172.31.40.0-255,66,116086,73,370378
25232,0.001243,74.125.200.0-255,2184,118270,73,370378
25233,0.001245,172.31.40.0-255,66,118336,73,370378
25234,0.0013,74.125.200.0-255,1484,119820,73,370378
25235,0.001319,74.125.200.0-255,2902,122722,73,370378
25236,0.001322,172.31.40.0-255,66,122788,73,370378
25237,0.001347,74.125.200.0-255,1484,124272,73,370378
25238,0.001368,74.125.200.0-255,4320,128592,73,370378
25239,0.001371,172.31.40.0-255,66,128658,73,370378
25240,0.001396,74.125.200.0-255,5738,134396,73,370378
25241,0.001405,74.125.200.0-255,7156,141552,73,370378
25242,0.00144,74.125.200.0-255,2902,144454,73,370378
25243,0.001612,74.125.200.0-255,1484,145938,73,370378
25244,0.001668,74.125.200.0-255,2902,148840,73,370378
25245,0.001675,74.125.200.0-255,5738,154578,73,370378
25246,0.001699,74.125.200.0-255,5738,160316,73,370378
25247,0.001704,74.125.200.0-255,2902,163218,73,370378
25248,0.001717,74.125.200.0-255,4320,167538,73,370378
25249,0.001723,74.125.200.0-255,4320,171858,73,370378
25250,0.001745,74.125.200.0-255,6438,178296,73,370378
25251,0.001779,74.125.200.0-255,1484,179780,73,370378
25252,0.001794,74.125.200.0-255,2902,182682,73,370378
25253,0.001797,74.125.200.0-255,1484,184166,73,370378
25254,0.001818,74.125.200.0-255,2902,187068,73,370378
25255,0.001836,74.125.200.0-255,2902,189970,73,370378
25256,0.001847,74.125.200.0-255,2902,192872,73,370378
25257,0.001865,74.125.200.0-255,7156,200028,73,370378
25258,0.001869,74.125.200.0-255,2902,202930,73,370378
25259,0.001899,74.125.200.0-255,5738,208668,73,370378
25260,0.001904,74.125.200.0-255,3602,212270,73,370378
25261,0.001944,74.125.200.0-255,1484,213754,73,370378
25262,0.001949,74.125.200.0-255,2902,216656,73,370378
25263,0.001952,74.125.200.0-255,1484,218140,73,370378
25264,0.001956,74.125.200.0-255,2902,221042,73,370378
25265,0.001976,74.125.200.0-255,5738,226780,73,370378
25266,0.002026,74.125.200.0-255,1484,228264,73,370378
25267,0.002045,74.125.200.0-255,4320,232584,73,370378
25268,0.002069,74.125.200.0-255,5020,237604,73,370378
25269,0.002227,74.125.200.0-255,1484,239088,73,370378
25270,0.002253,74.125.200.0-255,2902,241990,73,370378
25271,0.00227,74.125.200.0-255,4320,246310,73,370378
25272,0.00232,74.125.200.0-255,5738,252048,73,370378
25273,0.002337,74.125.200.0-255,2902,254950,73,370378
25274,0.002372,74.125.200.0-255,4320,259270,73,370378
25275,0.002392,74.125.200.0-255,5020,264290,73,370378
25276,0.002408,74.125.200.0-255,4320,268610,73,370378
25277,0.002427,74.125.200.0-255,4320,272930,73,370378
25278,0.008827,172.31.40.0-255,66,272996,73,370378
25279,0.010704,74.125.200.0-255,1484,274480,73,370378
25280,0.011158,74.125.200.0-255,4320,278800,73,370378
25281,0.011164,172.31.40.0-255,66,278866,73,370378
25282,0.013457,74.125.200.0-255,4320,283186,73,370378
25283,0.013462,172.31.40.0-255,66,283252,73,370378
25284,0.01348,74.125.200.0-255,1484,284736,73,370378
25285,0.015787,74.125.200.0-255,4320,289056,73,370378
25286,0.015805,172.31.40.0-255,66,289122,73,370378
25287,0.018119,74.125.200.0-255,5738,294860,73,370378
25288,0.018137,172.31.40.0-255,66,294926,73,370378
25289,0.020445,74.125.200.0-255,5738,300664,73,370378
25290,0.020453,172.31.40.0-255,66,300730,73,370378
25291,0.022767,74.125.200.0-255,5738,306468,73,370378
25292,0.022776,172.31.40.0-255,66,306534,73,370378
25293,0.025111,74.125.200.0-255,5738,312272,73,370378
25294,0.025122,172.31.40.0-255,66,312338,73,370378
25295,0.027429,74.125.200.0-255,5738,318076,73,370378
25296,0.027439,172.31.40.0-255,66,318142,73,370378
25297,0.029748,74.125.200.0-255,5738,323880,73,370378
25298,0.029758,172.31.40.0-255,66,323946,73,370378
25299,0.032058,74.125.200.0-255,5738,329684,73,370378
25300,0.032067,172.31.40.0-255,66,329750,73,370378
25301,0.034367,74.125.200.0-255,5738,335488,73,370378
25302,0.034377,172.31.40.0-255,66,335554,73,370378
25303,0.036671,74.125.200.0-255,5738,341292,73,370378
25304,0.036678,172.31.40.0-255,66,341358,73,370378
25305,0.038995,74.125.200.0-255,5738,347096,73,370378
25306,0.039012,172.31.40.0-255,66,347162,73,370378
25307,0.041329,74.125.200.0-255,5738,352900,73,370378
25308,0.041337,172.31.40.0-255,66,352966,73,370378
25309,0.043656,74.125.200.0-255,5738,358704,73,370378
25310,0.04367,172.31.40.0-255,66,358770,73,370378
25311,0.04597,74.125.200.0-255,5738,364508,73,370378
25312,0.045978,172.31.40.0-255,66,364574,73,370378
25313,0.048284,74.125.200.0-255,5738,370312,73,370378
25314,0.048298,172.31.40.0-255,66,370378,73,370378
25315,0.0,74.125.68.0-255,146,146,73,303855
25316,1.6e-05,172.31.40.0-255,66,212,73,303855
25317,5e-05,74.125.68.0-255,1484,1696,73,303855
25318,5.5e-05,172.31.40.0-255,66,1762,73,303855
25319,7.5e-05,74.125.68.0-255,2902,4664,73,303855
25320,7.8e-05,172.31.40.0-255,66,4730,73,303855
25321,0.000102,74.125.68.0-255,4320,9050,73,303855
25322,0.000105,172.31.40.0-255,66,9116,73,303855
25323,0.000124,74.125.68.0-255,1484,10600,73,303855
25324,0.000126,172.31.40.0-255,66,10666,73,303855
25325,0.000129,74.125.68.0-255,1484,12150,73,303855
25326,0.000131,172.31.40.0-255,66,12216,73,303855
25327,0.00015,74.125.68.0-255,4837,17053,73,303855
25328,0.000153,172.31.40.0-255,66,17119,73,303855
25329,0.000189,74.125.68.0-255,7156,24275,73,303855
25330,0.000192,172.31.40.0-255,66,24341,73,303855
25331,0.000196,74.125.68.0-255,2902,27243,73,303855
25332,0.000198,172.31.40.0-255,66,27309,73,303855
25333,0.000212,74.125.68.0-255,1484,28793,73,303855
25334,0.000214,172.31.40.0-255,66,28859,73,303855
25335,0.000266,74.125.68.0-255,2543,31402,73,303855
25336,0.00027,172.31.40.0-255,66,31468,73,303855
25337,0.000361,74.125.68.0-255,1484,32952,73,303855
25338,0.000365,172.31.40.0-255,66,33018,73,303855
25339,0.000371,74.125.68.0-255,2902,35920,73,303855
25340,0.000373,172.31.40.0-255,66,35986,73,303855
25341,0.000387,74.125.68.0-255,1484,37470,73,303855
25342,0.000389,172.31.40.0-255,66,37536,73,303855
25343,0.00041,74.125.68.0-255,1484,39020,73,303855
25344,0.000412,172.31.40.0-255,66,39086,73,303855
25345,0.000429,74.125.68.0-255,4320,43406,73,303855
25346,0.000431,172.31.40.0-255,66,43472,73,303855
25347,0.000436,74.125.68.0-255,2902,46374,73,303855
25348,0.000466,74.125.68.0-255,6797,53171,73,303855
25349,0.000494,74.125.68.0-255,2851,56022,73,303855
25350,0.000529,74.125.68.0-255,347,56369,73,303855
25351,0.000537,172.31.40.0-255,66,56435,73,303855
25352,0.000651,74.125.68.0-255,1484,57919,73,303855
25353,0.000657,74.125.68.0-255,2902,60821,73,303855
25354,0.000666,172.31.40.0-255,66,60887,73,303855
25355,0.000673,74.125.68.0-255,1484,62371,73,303855
25356,0.000683,74.125.68.0-255,1484,63855,73,303855
25357,0.000703,74.125.68.0-255,2902,66757,73,303855
25358,0.00071,74.125.68.0-255,5738,72495,73,303855
25359,0.000722,74.125.68.0-255,1484,73979,73,303855
25360,0.000727,172.31.40.0-255,66,74045,73,303855
25361,0.000743,74.125.68.0-255,7156,81201,73,303855
25362,0.000764,74.125.68.0-255,5738,86939,73,303855
25363,0.000774,172.31.40.0-255,66,87005,73,303855
25364,0.000794,74.125.68.0-255,3602,90607,73,303855
25365,0.000809,172.31.40.0-255,66,90673,73,303855
25366,0.000827,74.125.68.0-255,1484,92157,73,303855
25367,0.000866,74.125.68.0-255,2902,95059,73,303855
25368,0.000873,74.125.68.0-255,5738,100797,73,303855
25369,0.000881,172.31.40.0-255,66,100863,73,303855
25370,0.000915,74.125.68.0-255,1484,102347,73,303855
25371,0.00092,172.31.40.0-255,66,102413,73,303855
25372,0.000965,74.125.68.0-255,2184,104597,73,303855
25373,0.000984,172.31.40.0-255,66,104663,73,303855
25374,0.001018,74.125.68.0-255,1484,106147,73,303855
25375,0.001023,74.125.68.0-255,2902,109049,73,303855
25376,0.001033,172.31.40.0-255,66,109115,73,303855
25377,0.00105,74.125.68.0-255,5738,114853,73,303855
25378,0.001066,74.125.68.0-255,7156,122009,73,303855
25379,0.001078,172.31.40.0-255,66,122075,73,303855
25380,0.001129,74.125.68.0-255,4320,126395,73,303855
25381,0.001135,172.31.40.0-255,66,126461,73,303855
25382,0.001164,74.125.68.0-255,2184,128645,73,303855
25383,0.001181,172.31.40.0-255,66,128711,73,303855
25384,0.001724,74.125.68.0-255,1484,130195,73,303855
25385,0.001731,74.125.68.0-255,2902,133097,73,303855
25386,0.001734,172.31.40.0-255,66,133163,73,303855
25387,0.001757,74.125.68.0-255,5738,138901,73,303855
25388,0.001773,74.125.68.0-255,1484,140385,73,303855
25389,0.001777,172.31.40.0-255,66,140451,73,303855
25390,0.001799,74.125.68.0-255,5738,146189,73,303855
25391,0.001803,74.125.68.0-255,2902,149091,73,303855
25392,0.001809,172.31.40.0-255,66,149157,73,303855
25393,0.001846,172.31.40.0-255,66,149223,73,303855
25394,0.001864,74.125.68.0-255,2902,152125,73,303855
25395,0.00187,172.31.40.0-255,66,152191,73,303855
25396,0.00188,74.125.68.0-255,2184,154375,73,303855
25397,0.001886,172.31.40.0-255,66,154441,73,303855
25398,0.002083,74.125.68.0-255,1484,155925,73,303855
25399,0.002089,74.125.68.0-255,2902,158827,73,303855
25400,0.002094,172.31.40.0-255,66,158893,73,303855
25401,0.002102,74.125.68.0-255,1484,160377,73,303855
25402,0.002118,74.125.68.0-255,4320,164697,73,303855
25403,0.002122,74.125.68.0-255,2902,167599,73,303855
25404,0.002145,74.125.68.0-255,4320,171919,73,303855
25405,0.002152,172.31.40.0-255,66,171985,73,303855
25406,0.002172,74.125.68.0-255,5738,177723,73,303855
25407,0.002185,74.125.68.0-255,4320,182043,73,303855
25408,0.002188,172.31.40.0-255,66,182109,73,303855
25409,0.002198,74.125.68.0-255,4320,186429,73,303855
25410,0.002202,172.31.40.0-255,66,186495,73,303855
25411,0.002212,74.125.68.0-255,1484,187979,73,303855
25412,0.002219,74.125.68.0-255,5738,193717,73,303855
25413,0.002234,74.125.68.0-255,3602,197319,73,303855
25414,0.002249,172.31.40.0-255,66,197385,73,303855
25415,0.0023,74.125.68.0-255,1484,198869,73,303855
25416,0.008195,172.31.40.0-255,66,198935,73,303855
25417,0.010489,74.125.68.0-255,5738,204673,73,303855
25418,0.010499,172.31.40.0-255,66,204739,73,303855
25419,0.012787,74.125.68.0-255,5738,210477,73,303855
25420,0.012797,172.31.40.0-255,66,210543,73,303855
25421,0.015072,74.125.68.0-255,5738,216281,73,303855
25422,0.015873,172.31.40.0-255,66,216347,73,303855
25423,0.01816,74.125.68.0-255,5738,222085,73,303855
25424,0.01817,172.31.40.0-255,66,222151,73,303855
25425,0.020456,74.125.68.0-255,5738,227889,73,303855
25426,0.020466,172.31.40.0-255,66,227955,73,303855
25427,0.022778,74.125.68.0-255,5738,233693,73,303855
25428,0.022786,172.31.40.0-255,66,233759,73,303855
25429,0.025063,74.125.68.0-255,5738,239497,73,303855
25430,0.025071,172.31.40.0-255,66,239563,73,303855
25431,0.027425,74.125.68.0-255,5738,245301,73,303855
25432,0.027432,172.31.40.0-255,66,245367,73,303855
25433,0.029717,74.125.68.0-255,5738,251105,73,303855
25434,0.029724,172.31.40.0-255,66,251171,73,303855
25435,0.031989,74.125.68.0-255,5738,256909,73,303855
25436,0.031995,172.31.40.0-255,66,256975,73,303855
25437,0.033017,172.31.40.0-255,172,257147,73,303855
25438,0.033046,172.31.40.0-255,1114,258261,73,303855
25439,0.033109,172.31.40.0-255,1514,259775,73,303855
25440,0.033111,172.31.40.0-255,1514,261289,73,303855
25441,0.033113,172.31.40.0-255,1514,262803,73,303855
25442,0.033113,172.31.40.0-255,160,262963,73,303855
25443,0.034285,74.125.68.0-255,5738,268701,73,303855
25444,0.034292,172.31.40.0-255,66,268767,73,303855
25445,0.03455,104.244.42.0-255,66,268833,73,303855
25446,0.034619,104.244.42.0-255,66,268899,73,303855
25447,0.034689,104.244.42.0-255,66,268965,73,303855
25448,0.034694,104.244.42.0-255,66,269031,73,303855
25449,0.036616,74.125.68.0-255,5738,274769,73,303855
25450,0.036621,172.31.40.0-255,66,274835,73,303855
25451,0.038911,74.125.68.0-255,5738,280573,73,303855
25452,0.038918,172.31.40.0-255,66,280639,73,303855
25453,0.041216,74.125.68.0-255,5738,286377,73,303855
25454,0.041224,172.31.40.0-255,66,286443,73,303855
25455,0.043507,74.125.68.0-255,5738,292181,73,303855
25456,0.043512,172.31.40.0-255,66,292247,73,303855
25457,0.045797,74.125.68.0-255,5738,297985,73,303855
25458,0.045802,172.31.40.0-255,66,298051,73,303855
25459,0.048082,74.125.68.0-255,5738,303789,73,303855
25460,0.048088,172.31.40.0-255,66,303855,73,303855
25461,0.0,74.125.68.0-255,151,151,73,217115
25462,3.7e-05,172.31.40.0-255,66,217,73,217115
25463,7.1e-05,74.125.68.0-255,1484,1701,73,217115
25464,7.6e-05,172.31.40.0-255,66,1767,73,217115
25465,9.3e-05,74.125.68.0-255,2902,4669,73,217115
25466,9.7e-05,172.31.40.0-255,66,4735,73,217115
25467,0.0001,74.125.68.0-255,1484,6219,73,217115
25468,0.000103,172.31.40.0-255,66,6285,73,217115
25469,0.000107,74.125.68.0-255,2902,9187,73,217115
25470,0.000109,172.31.40.0-255,66,9253,73,217115
25471,0.000127,74.125.68.0-255,1484,10737,73,217115
25472,0.00013,172.31.40.0-255,66,10803,73,217115
25473,0.00015,74.125.68.0-255,2902,13705,73,217115
25474,0.000152,172.31.40.0-255,66,13771,73,217115
25475,0.000187,74.125.68.0-255,708,14479,73,217115
25476,0.00019,172.31.40.0-255,66,14545,73,217115
25477,0.000205,74.125.68.0-255,1484,16029,73,217115
25478,0.000207,172.31.40.0-255,66,16095,73,217115
25479,0.000223,74.125.68.0-255,4320,20415,73,217115
25480,0.000226,172.31.40.0-255,66,20481,73,217115
25481,0.000229,74.125.68.0-255,1484,21965,73,217115
25482,0.000231,172.31.40.0-255,66,22031,73,217115
25483,0.000257,74.125.68.0-255,1484,23515,73,217115
25484,0.00026,172.31.40.0-255,66,23581,73,217115
25485,0.000265,74.125.68.0-255,4320,27901,73,217115
25486,0.000268,172.31.40.0-255,66,27967,73,217115
25487,0.000282,74.125.68.0-255,1484,29451,73,217115
25488,0.000285,172.31.40.0-255,66,29517,73,217115
25489,0.000304,74.125.68.0-255,7156,36673,73,217115
25490,0.000308,172.31.40.0-255,66,36739,73,217115
25491,0.00033,74.125.68.0-255,2902,39641,73,217115
25492,0.000333,172.31.40.0-255,66,39707,73,217115
25493,0.000356,74.125.68.0-255,7156,46863,73,217115
25494,0.000359,172.31.40.0-255,66,46929,73,217115
25495,0.000363,74.125.68.0-255,2184,49113,73,217115
25496,0.000366,172.31.40.0-255,66,49179,73,217115
25497,0.000587,74.125.68.0-255,1484,50663,73,217115
25498,0.0006,74.125.68.0-255,1484,52147,73,217115
25499,0.000604,172.31.40.0-255,66,52213,73,217115
25500,0.000609,74.125.68.0-255,1484,53697,73,217115
25501,0.000622,74.125.68.0-255,1484,55181,73,217115
25502,0.000624,172.31.40.0-255,66,55247,73,217115
25503,0.000648,74.125.68.0-255,5738,60985,73,217115
25504,0.000651,172.31.40.0-255,66,61051,73,217115
25505,0.000689,74.125.68.0-255,1484,62535,73,217115
25506,0.000707,74.125.68.0-255,3961,66496,73,217115
25507,0.00071,172.31.40.0-255,66,66562,73,217115
25508,0.001898,74.125.68.0-255,1484,68046,73,217115
25509,0.001908,74.125.68.0-255,2902,70948,73,217115
25510,0.001913,172.31.40.0-255,66,71014,73,217115
25511,0.001919,74.125.68.0-255,4320,75334,73,217115
25512,0.001921,172.31.40.0-255,66,75400,73,217115
25513,0.001936,74.125.68.0-255,1484,76884,73,217115
25514,0.001943,74.125.68.0-255,6797,83681,73,217115
25515,0.001945,172.31.40.0-255,66,83747,73,217115
25516,0.00196,74.125.68.0-255,4320,88067,73,217115
25517,0.001962,172.31.40.0-255,66,88133,73,217115
25518,0.001976,74.125.68.0-255,2902,91035,73,217115
25519,0.001978,172.31.40.0-255,66,91101,73,217115
25520,0.002017,172.31.40.0-255,66,91167,73,217115
25521,0.002025,74.125.68.0-255,7156,98323,73,217115
25522,0.002027,172.31.40.0-255,66,98389,73,217115
25523,0.002048,74.125.68.0-255,4320,102709,73,217115
25524,0.002051,172.31.40.0-255,66,102775,73,217115
25525,0.002055,74.125.68.0-255,4320,107095,73,217115
25526,0.002057,172.31.40.0-255,66,107161,73,217115
25527,0.00206,74.125.68.0-255,766,107927,73,217115
25528,0.002406,172.31.40.0-255,66,107993,73,217115
25529,0.002573,74.125.68.0-255,1484,109477,73,217115
25530,0.00259,74.125.68.0-255,1484,110961,73,217115
25531,0.002593,172.31.40.0-255,66,111027,73,217115
25532,0.002597,74.125.68.0-255,2902,113929,73,217115
25533,0.002599,172.31.40.0-255,66,113995,73,217115
25534,0.005127,74.125.68.0-255,4320,118315,73,217115
25535,0.005132,172.31.40.0-255,66,118381,73,217115
25536,0.005148,74.125.68.0-255,1484,119865,73,217115
25537,0.007665,74.125.68.0-255,4320,124185,73,217115
25538,0.007671,172.31.40.0-255,66,124251,73,217115
25539,0.010214,74.125.68.0-255,5738,129989,73,217115
25540,0.010222,172.31.40.0-255,66,130055,73,217115
25541,0.012769,74.125.68.0-255,5738,135793,73,217115
25542,0.012777,172.31.40.0-255,66,135859,73,217115
25543,0.01532,74.125.68.0-255,5738,141597,73,217115
25544,0.015329,172.31.40.0-255,66,141663,73,217115
25545,0.017889,74.125.68.0-255,5738,147401,73,217115
25546,0.017895,172.31.40.0-255,66,147467,73,217115
25547,0.020439,74.125.68.0-255,5738,153205,73,217115
25548,0.02045,172.31.40.0-255,66,153271,73,217115
25549,0.023054,74.125.68.0-255,5738,159009,73,217115
25550,0.023064,172.31.40.0-255,66,159075,73,217115
25551,0.025613,74.125.68.0-255,5738,164813,73,217115
25552,0.025623,172.31.40.0-255,66,164879,73,217115
25553,0.028159,74.125.68.0-255,5738,170617,73,217115
25554,0.028166,172.31.40.0-255,66,170683,73,217115
25555,0.030787,74.125.68.0-255,5738,176421,73,217115
25556,0.030798,172.31.40.0-255,66,176487,73,217115
25557,0.033438,74.125.68.0-255,5738,182225,73,217115
25558,0.033451,172.31.40.0-255,66,182291,73,217115
25559,0.036007,74.125.68.0-255,5738,188029,73,217115
25560,0.03602,172.31.40.0-255,66,188095,73,217115
25561,0.038585,74.125.68.0-255,5738,193833,73,217115
25562,0.038597,172.31.40.0-255,66,193899,73,217115
25563,0.041147,74.125.68.0-255,5738,199637,73,217115
25564,0.041156,172.31.40.0-255,66,199703,73,217115
25565,0.043707,74.125.68.0-255,5738,205441,73,217115
25566,0.043724,172.31.40.0-255,66,205507,73,217115
25567,0.046275,74.125.68.0-255,5738,211245,73,217115
25568,0.04629,172.31.40.0-255,66,211311,73,217115
25569,0.048836,74.125.68.0-255,5738,217049,73,217115
25570,0.048848,172.31.40.0-255,66,217115,73,217115
25571,0.0,172.217.194.0-255,153,153,73,233107
25572,1.4e-05,172.31.40.0-255,66,219,73,233107
25573,1.9e-05,172.217.194.0-255,1484,1703,73,233107
25574,2.4e-05,172.31.40.0-255,66,1769,73,233107
25575,3e-05,172.217.194.0-255,2902,4671,73,233107
25576,3.4e-05,172.31.40.0-255,66,4737,73,233107
25577,4.7e-05,172.217.194.0-255,7156,11893,73,233107
25578,5e-05,172.31.40.0-255,66,11959,73,233107
25579,6.9e-05,172.217.194.0-255,2902,14861,73,233107
25580,7.2e-05,172.31.40.0-255,66,14927,73,233107
25581,0.000113,172.31.40.0-255,66,14993,73,233107
25582,0.000116,172.217.194.0-255,1484,16477,73,233107
25583,0.000118,172.31.40.0-255,66,16543,73,233107
25584,0.000146,172.217.194.0-255,5379,21922,73,233107
25585,0.000153,172.31.40.0-255,66,21988,73,233107
25586,0.000162,172.217.194.0-255,5738,27726,73,233107
25587,0.000165,172.31.40.0-255,66,27792,73,233107
25588,0.000194,172.217.194.0-255,1484,29276,73,233107
25589,0.000196,172.31.40.0-255,66,29342,73,233107
25590,0.000213,172.31.40.0-255,66,29408,73,233107
25591,0.000237,172.217.194.0-255,1484,30892,73,233107
25592,0.00024,172.31.40.0-255,66,30958,73,233107
25593,0.000279,172.31.40.0-255,66,31024,73,233107
25594,0.000677,172.217.194.0-255,99,31123,73,233107
25595,0.000683,172.31.40.0-255,66,31189,73,233107
25596,0.00075,172.217.194.0-255,1484,32673,73,233107
25597,0.000754,172.31.40.0-255,66,32739,73,233107
25598,0.00076,172.217.194.0-255,2902,35641,73,233107
25599,0.000762,172.31.40.0-255,66,35707,73,233107
25600,0.000765,172.217.194.0-255,1484,37191,73,233107
25601,0.000797,172.217.194.0-255,4320,41511,73,233107
25602,0.000801,172.217.194.0-255,2902,44413,73,233107
25603,0.000815,172.217.194.0-255,3961,48374,73,233107
25604,0.000824,172.31.40.0-255,66,48440,73,233107
25605,0.000846,172.217.194.0-255,1484,49924,73,233107
25606,0.000849,172.217.194.0-255,1484,51408,73,233107
25607,0.000858,172.31.40.0-255,66,51474,73,233107
25608,0.00087,172.217.194.0-255,1484,52958,73,233107
25609,0.000881,172.217.194.0-255,5738,58696,73,233107
25610,0.000894,172.31.40.0-255,66,58762,73,233107
25611,0.000912,172.217.194.0-255,6797,65559,73,233107
25612,0.000937,172.31.40.0-255,66,65625,73,233107
25613,0.001489,172.217.194.0-255,1484,67109,73,233107
25614,0.001497,172.217.194.0-255,2902,70011,73,233107
25615,0.001501,172.31.40.0-255,66,70077,73,233107
25616,0.001508,172.217.194.0-255,5738,75815,73,233107
25617,0.001511,172.31.40.0-255,66,75881,73,233107
25618,0.001583,172.31.40.0-255,66,75947,73,233107
25619,0.0016,172.217.194.0-255,1484,77431,73,233107
25620,0.001605,172.217.194.0-255,2902,80333,73,233107
25621,0.001622,172.217.194.0-255,5738,86071,73,233107
25622,0.001642,172.217.194.0-255,2902,88973,73,233107
25623,0.001714,172.217.194.0-255,2902,91875,73,233107
25624,0.001822,172.217.194.0-255,5738,97613,73,233107
25625,0.002048,172.217.194.0-255,1484,99097,73,233107
25626,0.002054,172.217.194.0-255,2902,101999,73,233107
25627,0.002073,172.217.194.0-255,4320,106319,73,233107
25628,0.002085,172.217.194.0-255,1484,107803,73,233107
25629,0.002089,172.217.194.0-255,2902,110705,73,233107
25630,0.006199,172.31.40.0-255,66,110771,73,233107
25631,0.008348,172.217.194.0-255,5738,116509,73,233107
25632,0.008354,172.31.40.0-255,66,116575,73,233107
25633,0.010481,172.217.194.0-255,5738,122313,73,233107
25634,0.010488,172.31.40.0-255,66,122379,73,233107
25635,0.012576,172.217.194.0-255,5738,128117,73,233107
25636,0.012584,172.31.40.0-255,66,128183,73,233107
25637,0.014655,172.217.194.0-255,5738,133921,73,233107
25638,0.014665,172.31.40.0-255,66,133987,73,233107
25639,0.016791,172.217.194.0-255,5738,139725,73,233107
25640,0.016799,172.31.40.0-255,66,139791,73,233107
25641,0.01893,172.217.194.0-255,5738,145529,73,233107
25642,0.018941,172.31.40.0-255,66,145595,73,233107
25643,0.021039,172.217.194.0-255,5738,151333,73,233107
25644,0.021046,172.31.40.0-255,66,151399,73,233107
25645,0.023138,172.217.194.0-255,5738,157137,73,233107
25646,0.023146,172.31.40.0-255,66,157203,73,233107
25647,0.025238,172.217.194.0-255,5738,162941,73,233107
25648,0.025245,172.31.40.0-255,66,163007,73,233107
25649,0.027309,172.217.194.0-255,5738,168745,73,233107
25650,0.027317,172.31.40.0-255,66,168811,73,233107
25651,0.029385,172.217.194.0-255,5738,174549,73,233107
25652,0.029392,172.31.40.0-255,66,174615,73,233107
25653,0.031443,172.217.194.0-255,5738,180353,73,233107
25654,0.031451,172.31.40.0-255,66,180419,73,233107
25655,0.031871,172.31.40.0-255,176,180595,73,233107
25656,0.031902,172.31.40.0-255,1115,181710,73,233107
25657,0.031961,172.31.40.0-255,1514,183224,73,233107
25658,0.031963,172.31.40.0-255,1514,184738,73,233107
25659,0.031968,172.31.40.0-255,1514,186252,73,233107
25660,0.031969,172.31.40.0-255,159,186411,73,233107
25661,0.033442,104.244.42.0-255,66,186477,73,233107
25662,0.03345,104.244.42.0-255,66,186543,73,233107
25663,0.033516,172.217.194.0-255,5738,192281,73,233107
25664,0.03352,172.31.40.0-255,66,192347,73,233107
25665,0.033549,104.244.42.0-255,66,192413,73,233107
25666,0.033553,104.244.42.0-255,66,192479,73,233107
25667,0.035622,172.217.194.0-255,5738,198217,73,233107
25668,0.035629,172.31.40.0-255,66,198283,73,233107
25669,0.037717,172.217.194.0-255,5738,204021,73,233107
25670,0.037724,172.31.40.0-255,66,204087,73,233107
25671,0.039799,172.217.194.0-255,5738,209825,73,233107
25672,0.039808,172.31.40.0-255,66,209891,73,233107
25673,0.041932,172.217.194.0-255,5738,215629,73,233107
25674,0.041939,172.31.40.0-255,66,215695,73,233107
25675,0.044018,172.217.194.0-255,5738,221433,73,233107
25676,0.044024,172.31.40.0-255,66,221499,73,233107
25677,0.046124,172.217.194.0-255,5738,227237,73,233107
25678,0.04613,172.31.40.0-255,66,227303,73,233107
25679,0.048232,172.217.194.0-255,5738,233041,73,233107
25680,0.04824,172.31.40.0-255,66,233107,73,233107
25681,0.0,172.31.40.0-255,105,105,73,459
25682,0.000134,172.31.40.0-255,90,195,73,459
25683,0.000144,172.31.40.0-255,66,261,73,459
25684,0.002362,74.125.68.0-255,66,327,73,459
25685,0.002394,74.125.68.0-255,66,393,73,459
25686,0.002417,172.31.40.0-255,66,459,73,459
25687,0.0,74.125.200.0-255,159,159,73,293113
25688,1.9e-05,172.31.40.0-255,66,225,73,293113
25689,2.6e-05,74.125.200.0-255,1484,1709,73,293113
25690,3.1e-05,172.31.40.0-255,66,1775,73,293113
25691,4.5e-05,74.125.200.0-255,2902,4677,73,293113
25692,4.8e-05,172.31.40.0-255,66,4743,73,293113
25693,5.9e-05,74.125.200.0-255,1484,6227,73,293113
25694,6.1e-05,172.31.40.0-255,66,6293,73,293113
25695,9.2e-05,74.125.200.0-255,2902,9195,73,293113
25696,9.5e-05,172.31.40.0-255,66,9261,73,293113
25697,9.7e-05,74.125.200.0-255,1484,10745,73,293113
25698,9.9e-05,172.31.40.0-255,66,10811,73,293113
25699,0.000104,74.125.200.0-255,2902,13713,73,293113
25700,0.000107,172.31.40.0-255,66,13779,73,293113
25701,0.000109,74.125.200.0-255,714,14493,73,293113
25702,0.000112,172.31.40.0-255,66,14559,73,293113
25703,0.000172,74.125.200.0-255,1484,16043,73,293113
25704,0.000175,172.31.40.0-255,66,16109,73,293113
25705,0.00018,74.125.200.0-255,2902,19011,73,293113
25706,0.000182,172.31.40.0-255,66,19077,73,293113
25707,0.00021,74.125.200.0-255,5738,24815,73,293113
25708,0.000213,172.31.40.0-255,66,24881,73,293113
25709,0.00022,74.125.200.0-255,5738,30619,73,293113
25710,0.000226,172.31.40.0-255,66,30685,73,293113
25711,0.00025,74.125.200.0-255,1125,31810,73,293113
25712,0.000253,172.31.40.0-255,66,31876,73,293113
25713,0.000756,74.125.200.0-255,1484,33360,73,293113
25714,0.00076,172.31.40.0-255,66,33426,73,293113
25715,0.000782,74.125.200.0-255,2902,36328,73,293113
25716,0.000785,172.31.40.0-255,66,36394,73,293113
25717,0.000792,74.125.200.0-255,5738,42132,73,293113
25718,0.000794,172.31.40.0-255,66,42198,73,293113
25719,0.000798,74.125.200.0-255,2902,45100,73,293113
25720,0.0008,172.31.40.0-255,66,45166,73,293113
25721,0.000803,74.125.200.0-255,1484,46650,73,293113
25722,0.000834,74.125.200.0-255,2543,49193,73,293113
25723,0.000838,172.31.40.0-255,66,49259,73,293113
25724,0.000845,74.125.200.0-255,7156,56415,73,293113
25725,0.000847,172.31.40.0-255,66,56481,73,293113
25726,0.000871,74.125.200.0-255,1484,57965,73,293113
25727,0.000882,74.125.200.0-255,5738,63703,73,293113
25728,0.000885,172.31.40.0-255,66,63769,73,293113
25729,0.000889,74.125.200.0-255,2843,66612,73,293113
25730,0.000891,172.31.40.0-255,66,66678,73,293113
25731,0.001212,74.125.200.0-255,377,67055,73,293113
25732,0.001344,74.125.200.0-255,1484,68539,73,293113
25733,0.00135,172.31.40.0-255,66,68605,73,293113
25734,0.001355,74.125.200.0-255,1484,70089,73,293113
25735,0.001379,74.125.200.0-255,1484,71573,73,293113
25736,0.001381,172.31.40.0-255,66,71639,73,293113
25737,0.001389,74.125.200.0-255,5738,77377,73,293113
25738,0.001391,172.31.40.0-255,66,77443,73,293113
25739,0.001398,74.125.200.0-255,1484,78927,73,293113
25740,0.001431,74.125.200.0-255,4320,83247,73,293113
25741,0.001434,172.31.40.0-255,66,83313,73,293113
25742,0.001474,74.125.200.0-255,1125,84438,73,293113
25743,0.001746,74.125.200.0-255,1484,85922,73,293113
25744,0.001751,172.31.40.0-255,66,85988,73,293113
25745,0.001756,74.125.200.0-255,2902,88890,73,293113
25746,0.001758,172.31.40.0-255,66,88956,73,293113
25747,0.001761,74.125.200.0-255,1484,90440,73,293113
25748,0.001789,74.125.200.0-255,4320,94760,73,293113
25749,0.001791,172.31.40.0-255,66,94826,73,293113
25750,0.001799,74.125.200.0-255,6797,101623,73,293113
25751,0.001801,172.31.40.0-255,66,101689,73,293113
25752,0.002012,74.125.200.0-255,1484,103173,73,293113
25753,0.002019,74.125.200.0-255,2902,106075,73,293113
25754,0.002022,172.31.40.0-255,66,106141,73,293113
25755,0.002025,74.125.200.0-255,1484,107625,73,293113
25756,0.00205,74.125.200.0-255,4320,111945,73,293113
25757,0.002052,172.31.40.0-255,66,112011,73,293113
25758,0.002059,74.125.200.0-255,5738,117749,73,293113
25759,0.00206,172.31.40.0-255,66,117815,73,293113
25760,0.002082,74.125.200.0-255,1484,119299,73,293113
25761,0.002097,172.31.40.0-255,66,119365,73,293113
25762,0.002121,74.125.200.0-255,2902,122267,73,293113
25763,0.002127,172.31.40.0-255,66,122333,73,293113
25764,0.002132,74.125.200.0-255,2184,124517,73,293113
25765,0.002135,172.31.40.0-255,66,124583,73,293113
25766,0.002176,74.125.200.0-255,1484,126067,73,293113
25767,0.0022,74.125.200.0-255,2902,128969,73,293113
25768,0.002203,172.31.40.0-255,66,129035,73,293113
25769,0.002206,74.125.200.0-255,1484,130519,73,293113
25770,0.00221,74.125.200.0-255,2902,133421,73,293113
25771,0.002213,172.31.40.0-255,66,133487,73,293113
25772,0.002243,74.125.200.0-255,5738,139225,73,293113
25773,0.002246,172.31.40.0-255,66,139291,73,293113
25774,0.002252,74.125.200.0-255,4320,143611,73,293113
25775,0.002255,172.31.40.0-255,66,143677,73,293113
25776,0.002286,172.31.40.0-255,66,143743,73,293113
25777,0.002289,74.125.200.0-255,1484,145227,73,293113
25778,0.002317,74.125.200.0-255,5020,150247,73,293113
25779,0.00232,172.31.40.0-255,66,150313,73,293113
25780,0.002373,74.125.200.0-255,1484,151797,73,293113
25781,0.002387,74.125.200.0-255,2902,154699,73,293113
25782,0.002392,172.31.40.0-255,66,154765,73,293113
25783,0.002415,74.125.200.0-255,5738,160503,73,293113
25784,0.002417,172.31.40.0-255,66,160569,73,293113
25785,0.002452,74.125.200.0-255,7156,167725,73,293113
25786,0.002456,172.31.40.0-255,66,167791,73,293113
25787,0.00246,74.125.200.0-255,2902,170693,73,293113
25788,0.002462,172.31.40.0-255,66,170759,73,293113
25789,0.002489,74.125.200.0-255,7156,177915,73,293113
25790,0.002515,172.31.40.0-255,66,177981,73,293113
25791,0.002523,74.125.200.0-255,6438,184419,73,293113
25792,0.00253,172.31.40.0-255,66,184485,73,293113
25793,0.002561,74.125.200.0-255,1484,185969,73,293113
25794,0.002564,74.125.200.0-255,1484,187453,73,293113
25795,0.002567,172.31.40.0-255,66,187519,73,293113
25796,0.005099,74.125.200.0-255,2902,190421,73,293113
25797,0.005118,172.31.40.0-255,66,190487,73,293113
25798,0.005146,74.125.200.0-255,2902,193389,73,293113
25799,0.005149,172.31.40.0-255,66,193455,73,293113
25800,0.007698,74.125.200.0-255,2902,196357,73,293113
25801,0.007704,172.31.40.0-255,66,196423,73,293113
25802,0.00773,74.125.200.0-255,1484,197907,73,293113
25803,0.007753,74.125.200.0-255,1484,199391,73,293113
25804,0.007755,172.31.40.0-255,66,199457,73,293113
25805,0.010264,74.125.200.0-255,2902,202359,73,293113
25806,0.01027,172.31.40.0-255,66,202425,73,293113
25807,0.010297,74.125.200.0-255,1484,203909,73,293113
25808,0.010312,74.125.200.0-255,1484,205393,73,293113
25809,0.010314,172.31.40.0-255,66,205459,73,293113
25810,0.012852,74.125.200.0-255,2902,208361,73,293113
25811,0.012863,172.31.40.0-255,66,208427,73,293113
25812,0.012916,74.125.200.0-255,2902,211329,73,293113
25813,0.01292,172.31.40.0-255,66,211395,73,293113
25814,0.015425,74.125.200.0-255,2902,214297,73,293113
25815,0.015434,172.31.40.0-255,66,214363,73,293113
25816,0.015463,74.125.200.0-255,1484,215847,73,293113
25817,0.015477,74.125.200.0-255,1484,217331,73,293113
25818,0.01548,172.31.40.0-255,66,217397,73,293113
25819,0.018003,74.125.200.0-255,2902,220299,73,293113
25820,0.018013,172.31.40.0-255,66,220365,73,293113
25821,0.018043,74.125.200.0-255,2902,223267,73,293113
25822,0.018047,172.31.40.0-255,66,223333,73,293113
25823,0.020583,74.125.200.0-255,2902,226235,73,293113
25824,0.020595,172.31.40.0-255,66,226301,73,293113
25825,0.020626,74.125.200.0-255,2902,229203,73,293113
25826,0.02063,172.31.40.0-255,66,229269,73,293113
25827,0.023187,74.125.200.0-255,5738,235007,73,293113
25828,0.023195,172.31.40.0-255,66,235073,73,293113
25829,0.025791,74.125.200.0-255,5738,240811,73,293113
25830,0.025812,172.31.40.0-255,66,240877,73,293113
25831,0.028421,74.125.200.0-255,5738,246615,73,293113
25832,0.028438,172.31.40.0-255,66,246681,73,293113
25833,0.03107,74.125.200.0-255,5738,252419,73,293113
25834,0.031086,172.31.40.0-255,66,252485,73,293113
25835,0.033653,74.125.200.0-255,5738,258223,73,293113
25836,0.033661,172.31.40.0-255,66,258289,73,293113
25837,0.036228,74.125.200.0-255,5738,264027,73,293113
25838,0.036237,172.31.40.0-255,66,264093,73,293113
25839,0.038837,74.125.200.0-255,5738,269831,73,293113
25840,0.038854,172.31.40.0-255,66,269897,73,293113
25841,0.041424,74.125.200.0-255,5738,275635,73,293113
25842,0.041438,172.31.40.0-255,66,275701,73,293113
25843,0.044019,74.125.200.0-255,5738,281439,73,293113
25844,0.044038,172.31.40.0-255,66,281505,73,293113
25845,0.046618,74.125.200.0-255,5738,287243,73,293113
25846,0.046626,172.31.40.0-255,66,287309,73,293113
25847,0.049282,74.125.200.0-255,5738,293047,73,293113
25848,0.049303,172.31.40.0-255,66,293113,73,293113
25849,0.0,74.125.130.0-255,151,151,73,206749
25850,2.4e-05,172.31.40.0-255,66,217,73,206749
25851,3.2e-05,74.125.130.0-255,1484,1701,73,206749
25852,3.6e-05,172.31.40.0-255,66,1767,73,206749
25853,4.2e-05,74.125.130.0-255,2902,4669,73,206749
25854,5.3e-05,172.31.40.0-255,66,4735,73,206749
25855,5.6e-05,74.125.130.0-255,1484,6219,73,206749
25856,5.9e-05,172.31.40.0-255,66,6285,73,206749
25857,6.4e-05,74.125.130.0-255,2902,9187,73,206749
25858,6.6e-05,172.31.40.0-255,66,9253,73,206749
25859,0.000104,74.125.130.0-255,5002,14255,73,206749
25860,0.000107,172.31.40.0-255,66,14321,73,206749
25861,0.000131,74.125.130.0-255,1484,15805,73,206749
25862,0.000133,172.31.40.0-255,66,15871,73,206749
25863,0.000164,74.125.130.0-255,4320,20191,73,206749
25864,0.000167,172.31.40.0-255,66,20257,73,206749
25865,0.000237,74.125.130.0-255,1484,21741,73,206749
25866,0.00024,172.31.40.0-255,66,21807,73,206749
25867,0.000264,74.125.130.0-255,1484,23291,73,206749
25868,0.000266,172.31.40.0-255,66,23357,73,206749
25869,0.000291,74.125.130.0-255,2902,26259,73,206749
25870,0.000294,172.31.40.0-255,66,26325,73,206749
25871,0.000334,74.125.130.0-255,1484,27809,73,206749
25872,0.000336,172.31.40.0-255,66,27875,73,206749
25873,0.000376,74.125.130.0-255,2902,30777,73,206749
25874,0.000379,172.31.40.0-255,66,30843,73,206749
25875,0.000382,74.125.130.0-255,1125,31968,73,206749
25876,0.000384,172.31.40.0-255,66,32034,73,206749
25877,0.00072,74.125.130.0-255,1484,33518,73,206749
25878,0.000726,172.31.40.0-255,66,33584,73,206749
25879,0.000731,74.125.130.0-255,1484,35068,73,206749
25880,0.000733,172.31.40.0-255,66,35134,73,206749
25881,0.000738,74.125.130.0-255,2902,38036,73,206749
25882,0.00074,172.31.40.0-255,66,38102,73,206749
25883,0.000782,74.125.130.0-255,5738,43840,73,206749
25884,0.000786,172.31.40.0-255,66,43906,73,206749
25885,0.000793,74.125.130.0-255,7156,51062,73,206749
25886,0.000795,172.31.40.0-255,66,51128,73,206749
25887,0.000831,172.31.40.0-255,66,51194,73,206749
25888,0.000839,74.125.130.0-255,6438,57632,73,206749
25889,0.000841,172.31.40.0-255,66,57698,73,206749
25890,0.000859,74.125.130.0-255,337,58035,73,206749
25891,0.001217,172.31.40.0-255,66,58101,73,206749
25892,0.001711,74.125.130.0-255,120,58221,73,206749
25893,0.001992,74.125.130.0-255,1484,59705,73,206749
25894,0.001999,172.31.40.0-255,66,59771,73,206749
25895,0.002007,74.125.130.0-255,2902,62673,73,206749
25896,0.002009,172.31.40.0-255,66,62739,73,206749
25897,0.002021,74.125.130.0-255,5738,68477,73,206749
25898,0.002023,172.31.40.0-255,66,68543,73,206749
25899,0.002047,74.125.130.0-255,4320,72863,73,206749
25900,0.002049,172.31.40.0-255,66,72929,73,206749
25901,0.002071,74.125.130.0-255,2902,75831,73,206749
25902,0.002073,172.31.40.0-255,66,75897,73,206749
25903,0.002085,172.31.40.0-255,66,75963,73,206749
25904,0.002124,74.125.130.0-255,4320,80283,73,206749
25905,0.002127,172.31.40.0-255,66,80349,73,206749
25906,0.00215,74.125.130.0-255,3602,83951,73,206749
25907,0.002153,172.31.40.0-255,66,84017,73,206749
25908,0.004403,74.125.130.0-255,1484,85501,73,206749
25909,0.004426,74.125.130.0-255,4320,89821,73,206749
25910,0.004431,172.31.40.0-255,66,89887,73,206749
25911,0.006719,74.125.130.0-255,5738,95625,73,206749
25912,0.006725,172.31.40.0-255,66,95691,73,206749
25913,0.007498,172.31.40.0-255,101,95792,73,206749
25914,0.009032,74.125.130.0-255,5738,101530,73,206749
25915,0.00904,172.31.40.0-255,66,101596,73,206749
25916,0.00975,74.125.130.0-255,66,101662,73,206749
25917,0.011349,74.125.130.0-255,5738,107400,73,206749
25918,0.01136,172.31.40.0-255,66,107466,73,206749
25919,0.013658,74.125.130.0-255,5738,113204,73,206749
25920,0.013669,172.31.40.0-255,66,113270,73,206749
25921,0.015969,74.125.130.0-255,5738,119008,73,206749
25922,0.01598,172.31.40.0-255,66,119074,73,206749
25923,0.018273,74.125.130.0-255,5738,124812,73,206749
25924,0.018285,172.31.40.0-255,66,124878,73,206749
25925,0.02058,74.125.130.0-255,5738,130616,73,206749
25926,0.020591,172.31.40.0-255,66,130682,73,206749
25927,0.022907,74.125.130.0-255,5738,136420,73,206749
25928,0.022916,172.31.40.0-255,66,136486,73,206749
25929,0.025212,74.125.130.0-255,5738,142224,73,206749
25930,0.025219,172.31.40.0-255,66,142290,73,206749
25931,0.027539,74.125.130.0-255,5738,148028,73,206749
25932,0.027547,172.31.40.0-255,66,148094,73,206749
25933,0.028378,172.31.40.0-255,172,148266,73,206749
25934,0.028411,172.31.40.0-255,1110,149376,73,206749
25935,0.028473,172.31.40.0-255,1514,150890,73,206749
25936,0.028475,172.31.40.0-255,1514,152404,73,206749
25937,0.02848,172.31.40.0-255,1514,153918,73,206749
25938,0.028481,172.31.40.0-255,331,154249,73,206749
25939,0.029844,74.125.130.0-255,5738,159987,73,206749
25940,0.029852,172.31.40.0-255,66,160053,73,206749
25941,0.029926,104.244.42.0-255,66,160119,73,206749
25942,0.030059,104.244.42.0-255,66,160185,73,206749
25943,0.030064,104.244.42.0-255,66,160251,73,206749
25944,0.030068,104.244.42.0-255,66,160317,73,206749
25945,0.032145,74.125.130.0-255,5738,166055,73,206749
25946,0.032152,172.31.40.0-255,66,166121,73,206749
25947,0.034452,74.125.130.0-255,5738,171859,73,206749
25948,0.034459,172.31.40.0-255,66,171925,73,206749
25949,0.036757,74.125.130.0-255,5738,177663,73,206749
25950,0.036764,172.31.40.0-255,66,177729,73,206749
25951,0.039061,74.125.130.0-255,5738,183467,73,206749
25952,0.039067,172.31.40.0-255,66,183533,73,206749
25953,0.041367,74.125.130.0-255,5738,189271,73,206749
25954,0.041374,172.31.40.0-255,66,189337,73,206749
25955,0.043713,74.125.130.0-255,5738,195075,73,206749
25956,0.043722,172.31.40.0-255,66,195141,73,206749
25957,0.046034,74.125.130.0-255,5738,200879,73,206749
25958,0.046041,172.31.40.0-255,66,200945,73,206749
25959,0.04834,74.125.130.0-255,5738,206683,73,206749
25960,0.048346,172.31.40.0-255,66,206749,73,206749
25961,0.0,172.253.118.0-255,152,152,73,171657
25962,2.2e-05,172.31.40.0-255,66,218,73,171657
25963,2.9e-05,172.253.118.0-255,1484,1702,73,171657
25964,3.3e-05,172.31.40.0-255,66,1768,73,171657
25965,3.9e-05,172.253.118.0-255,2902,4670,73,171657
25966,4.8e-05,172.31.40.0-255,66,4736,73,171657
25967,5.5e-05,172.253.118.0-255,5738,10474,73,171657
25968,5.8e-05,172.31.40.0-255,66,10540,73,171657
25969,9.3e-05,172.253.118.0-255,3439,13979,73,171657
25970,9.6e-05,172.31.40.0-255,66,14045,73,171657
25971,0.000187,172.253.118.0-255,1484,15529,73,171657
25972,0.000191,172.31.40.0-255,66,15595,73,171657
25973,0.000197,172.253.118.0-255,2902,18497,73,171657
25974,0.000199,172.31.40.0-255,66,18563,73,171657
25975,0.000205,172.253.118.0-255,4320,22883,73,171657
25976,0.000213,172.31.40.0-255,66,22949,73,171657
25977,0.000241,172.253.118.0-255,1484,24433,73,171657
25978,0.000244,172.31.40.0-255,66,24499,73,171657
25979,0.000255,172.253.118.0-255,5738,30237,73,171657
25980,0.000257,172.31.40.0-255,66,30303,73,171657
25981,0.0003,172.31.40.0-255,66,30369,73,171657
25982,0.000315,172.31.40.0-255,66,30435,73,171657
25983,0.000372,172.31.40.0-255,66,30501,73,171657
25984,0.000409,172.253.118.0-255,380,30881,73,171657
25985,0.000412,172.31.40.0-255,66,30947,73,171657
25986,0.000638,172.253.118.0-255,1484,32431,73,171657
25987,0.000643,172.31.40.0-255,66,32497,73,171657
25988,0.000649,172.253.118.0-255,2902,35399,73,171657
25989,0.000652,172.31.40.0-255,66,35465,73,171657
25990,0.000691,172.253.118.0-255,5738,41203,73,171657
25991,0.000694,172.31.40.0-255,66,41269,73,171657
25992,0.000702,172.253.118.0-255,7156,48425,73,171657
25993,0.000704,172.31.40.0-255,66,48491,73,171657
25994,0.000707,172.253.118.0-255,1484,49975,73,171657
25995,0.000753,172.31.40.0-255,66,50041,73,171657
25996,0.000757,172.253.118.0-255,2184,52225,73,171657
25997,0.00076,172.31.40.0-255,66,52291,73,171657
25998,0.000805,172.253.118.0-255,1484,53775,73,171657
25999,0.000811,172.253.118.0-255,2902,56677,73,171657
26000,0.000814,172.31.40.0-255,66,56743,73,171657
26001,0.000844,172.253.118.0-255,5738,62481,73,171657
26002,0.000847,172.31.40.0-255,66,62547,73,171657
26003,0.000853,172.253.118.0-255,4320,66867,73,171657
26004,0.000855,172.31.40.0-255,66,66933,73,171657
26005,0.000895,172.253.118.0-255,1484,68417,73,171657
26006,0.00091,172.31.40.0-255,66,68483,73,171657
26007,0.000916,172.253.118.0-255,5020,73503,73,171657
26008,0.000918,172.31.40.0-255,66,73569,73,171657
26009,0.001056,172.253.118.0-255,1484,75053,73,171657
26010,0.001063,172.253.118.0-255,2902,77955,73,171657
26011,0.001067,172.31.40.0-255,66,78021,73,171657
26012,0.001072,172.253.118.0-255,2902,80923,73,171657
26013,0.001074,172.31.40.0-255,66,80989,73,171657
26014,0.001096,172.253.118.0-255,2902,83891,73,171657
26015,0.001098,172.31.40.0-255,66,83957,73,171657
26016,0.001113,172.31.40.0-255,66,84023,73,171657
26017,0.001118,172.253.118.0-255,2902,86925,73,171657
26018,0.00112,172.31.40.0-255,66,86991,73,171657
26019,0.00116,172.31.40.0-255,66,87057,73,171657
26020,0.001164,172.253.118.0-255,2184,89241,73,171657
26021,0.001165,172.31.40.0-255,66,89307,73,171657
26022,0.001446,172.253.118.0-255,1484,90791,73,171657
26023,0.001453,172.253.118.0-255,2902,93693,73,171657
26024,0.001456,172.31.40.0-255,66,93759,73,171657
26025,0.00148,172.253.118.0-255,5738,99497,73,171657
26026,0.001483,172.31.40.0-255,66,99563,73,171657
26027,0.001486,172.253.118.0-255,1484,101047,73,171657
26028,0.001534,172.31.40.0-255,66,101113,73,171657
26029,0.001541,172.253.118.0-255,7156,108269,73,171657
26030,0.001544,172.31.40.0-255,66,108335,73,171657
26031,0.001583,172.31.40.0-255,66,108401,73,171657
26032,0.001601,172.253.118.0-255,3602,112003,73,171657
26033,0.001604,172.31.40.0-255,66,112069,73,171657
26034,0.001623,172.31.40.0-255,66,112135,73,171657
26035,0.00163,172.253.118.0-255,6438,118573,73,171657
26036,0.001632,172.31.40.0-255,66,118639,73,171657
26037,0.001697,172.253.118.0-255,7156,125795,73,171657
26038,0.0017,172.31.40.0-255,66,125861,73,171657
26039,0.001709,172.31.40.0-255,66,125927,73,171657
26040,0.001735,172.31.40.0-255,66,125993,73,171657
26041,0.001737,172.253.118.0-255,766,126759,73,171657
26042,0.001776,172.31.40.0-255,66,126825,73,171657
26043,0.001812,172.31.40.0-255,66,126891,73,171657
26044,0.001822,172.31.40.0-255,66,126957,73,171657
26045,0.00188,172.31.40.0-255,66,127023,73,171657
26046,0.001883,172.31.40.0-255,66,127089,73,171657
26047,0.001924,172.31.40.0-255,66,127155,73,171657
26048,0.001941,172.31.40.0-255,66,127221,73,171657
26049,0.001947,172.253.118.0-255,6438,133659,73,171657
26050,0.001949,172.31.40.0-255,66,133725,73,171657
26051,0.001989,172.253.118.0-255,4320,138045,73,171657
26052,0.001992,172.31.40.0-255,66,138111,73,171657
26053,0.002029,172.31.40.0-255,66,138177,73,171657
26054,0.002036,172.253.118.0-255,7156,145333,73,171657
26055,0.002038,172.31.40.0-255,66,145399,73,171657
26056,0.002062,172.253.118.0-255,766,146165,73,171657
26057,0.002621,172.31.40.0-255,101,146266,73,171657
26058,0.003998,172.253.118.0-255,4320,150586,73,171657
26059,0.004005,172.31.40.0-255,66,150652,73,171657
26060,0.004583,172.253.118.0-255,1484,152136,73,171657
26061,0.005986,172.253.118.0-255,4320,156456,73,171657
26062,0.005994,172.31.40.0-255,66,156522,73,171657
26063,0.007967,172.253.118.0-255,5686,162208,73,171657
26064,0.007973,172.31.40.0-255,66,162274,73,171657
26065,0.009697,172.31.40.0-255,105,162379,73,171657
26066,0.01692,172.253.118.0-255,66,162445,73,171657
26067,0.035575,172.31.40.0-255,172,162617,73,171657
26068,0.035605,172.31.40.0-255,1114,163731,73,171657
26069,0.035792,172.31.40.0-255,1514,165245,73,171657
26070,0.035794,172.31.40.0-255,1514,166759,73,171657
26071,0.035799,172.31.40.0-255,1514,168273,73,171657
26072,0.0358,172.31.40.0-255,1514,169787,73,171657
26073,0.035821,172.31.40.0-255,1498,171285,73,171657
26074,0.037159,104.244.42.0-255,66,171351,73,171657
26075,0.037196,104.244.42.0-255,66,171417,73,171657
26076,0.037394,104.244.42.0-255,66,171483,73,171657
26077,0.038525,104.244.42.0-255,108,171591,73,171657
26078,0.038532,172.31.40.0-255,66,171657,73,171657
26079,0.0,172.217.194.0-255,216,216,73,183763
26080,2.3e-05,172.31.40.0-255,66,282,73,183763
26081,3e-05,172.217.194.0-255,1484,1766,73,183763
26082,3.4e-05,172.31.40.0-255,66,1832,73,183763
26083,4.7e-05,172.217.194.0-255,4320,6152,73,183763
26084,5.1e-05,172.31.40.0-255,66,6218,73,183763
26085,8.1e-05,172.31.40.0-255,66,6284,73,183763
26086,0.000107,172.217.194.0-255,1484,7768,73,183763
26087,0.00011,172.31.40.0-255,66,7834,73,183763
26088,0.000139,172.217.194.0-255,2902,10736,73,183763
26089,0.000141,172.31.40.0-255,66,10802,73,183763
26090,0.000148,172.217.194.0-255,5738,16540,73,183763
26091,0.00015,172.31.40.0-255,66,16606,73,183763
26092,0.00019,172.217.194.0-255,4320,20926,73,183763
26093,0.000193,172.31.40.0-255,66,20992,73,183763
26094,0.000218,172.217.194.0-255,2543,23535,73,183763
26095,0.000221,172.31.40.0-255,66,23601,73,183763
26096,0.000255,172.217.194.0-255,7156,30757,73,183763
26097,0.000258,172.31.40.0-255,66,30823,73,183763
26098,0.000263,172.217.194.0-255,4320,35143,73,183763
26099,0.000265,172.31.40.0-255,66,35209,73,183763
26100,0.000294,172.217.194.0-255,4320,39529,73,183763
26101,0.000296,172.217.194.0-255,1125,40654,73,183763
26102,0.000302,172.31.40.0-255,66,40720,73,183763
26103,0.000305,172.31.40.0-255,66,40786,73,183763
26104,0.000935,172.217.194.0-255,1484,42270,73,183763
26105,0.000941,172.31.40.0-255,66,42336,73,183763
26106,0.00097,172.217.194.0-255,2902,45238,73,183763
26107,0.000973,172.31.40.0-255,66,45304,73,183763
26108,0.00098,172.217.194.0-255,5738,51042,73,183763
26109,0.000982,172.31.40.0-255,66,51108,73,183763
26110,0.001032,172.217.194.0-255,6797,57905,73,183763
26111,0.001035,172.31.40.0-255,66,57971,73,183763
26112,0.001072,172.217.194.0-255,1484,59455,73,183763
26113,0.001103,172.217.194.0-255,2902,62357,73,183763
26114,0.001106,172.31.40.0-255,66,62423,73,183763
26115,0.001114,172.217.194.0-255,5738,68161,73,183763
26116,0.001116,172.31.40.0-255,66,68227,73,183763
26117,0.001126,172.217.194.0-255,4320,72547,73,183763
26118,0.001128,172.31.40.0-255,66,72613,73,183763
26119,0.001166,172.31.40.0-255,66,72679,73,183763
26120,0.001178,172.31.40.0-255,66,72745,73,183763
26121,0.001181,172.217.194.0-255,646,73391,73,183763
26122,0.001542,172.31.40.0-255,66,73457,73,183763
26123,0.001804,172.217.194.0-255,1484,74941,73,183763
26124,0.001812,172.217.194.0-255,2902,77843,73,183763
26125,0.001816,172.31.40.0-255,66,77909,73,183763
26126,0.001823,172.217.194.0-255,5738,83647,73,183763
26127,0.001824,172.31.40.0-255,66,83713,73,183763
26128,0.001854,172.31.40.0-255,66,83779,73,183763
26129,0.001863,172.31.40.0-255,66,83845,73,183763
26130,0.001896,172.217.194.0-255,2184,86029,73,183763
26131,0.001899,172.31.40.0-255,66,86095,73,183763
26132,0.003595,172.217.194.0-255,1484,87579,73,183763
26133,0.003611,172.217.194.0-255,2902,90481,73,183763
26134,0.003615,172.31.40.0-255,66,90547,73,183763
26135,0.003621,172.217.194.0-255,4320,94867,73,183763
26136,0.003623,172.31.40.0-255,66,94933,73,183763
26137,0.00365,172.217.194.0-255,1484,96417,73,183763
26138,0.003656,172.217.194.0-255,4320,100737,73,183763
26139,0.003658,172.31.40.0-255,66,100803,73,183763
26140,0.003663,172.217.194.0-255,5738,106541,73,183763
26141,0.003665,172.31.40.0-255,66,106607,73,183763
26142,0.003687,172.217.194.0-255,5738,112345,73,183763
26143,0.003693,172.31.40.0-255,66,112411,73,183763
26144,0.003703,172.31.40.0-255,66,112477,73,183763
26145,0.003942,172.217.194.0-255,1484,113961,73,183763
26146,0.003958,172.217.194.0-255,2902,116863,73,183763
26147,0.003961,172.31.40.0-255,66,116929,73,183763
26148,0.003968,172.217.194.0-255,5738,122667,73,183763
26149,0.00397,172.31.40.0-255,66,122733,73,183763
26150,0.004008,172.31.40.0-255,66,122799,73,183763
26151,0.004033,172.217.194.0-255,1484,124283,73,183763
26152,0.004048,172.31.40.0-255,66,124349,73,183763
26153,0.004077,172.31.40.0-255,66,124415,73,183763
26154,0.004092,172.31.40.0-255,66,124481,73,183763
26155,0.0041,172.217.194.0-255,7156,131637,73,183763
26156,0.004102,172.31.40.0-255,66,131703,73,183763
26157,0.004135,172.31.40.0-255,66,131769,73,183763
26158,0.004147,172.31.40.0-255,66,131835,73,183763
26159,0.004185,172.217.194.0-255,5738,137573,73,183763
26160,0.004188,172.31.40.0-255,66,137639,73,183763
26161,0.004196,172.217.194.0-255,7156,144795,73,183763
26162,0.004199,172.31.40.0-255,66,144861,73,183763
26163,0.004201,172.217.194.0-255,1484,146345,73,183763
26164,0.004213,172.31.40.0-255,66,146411,73,183763
26165,0.004219,172.217.194.0-255,4320,150731,73,183763
26166,0.004221,172.31.40.0-255,66,150797,73,183763
26167,0.004224,172.217.194.0-255,1484,152281,73,183763
26168,0.004265,172.31.40.0-255,66,152347,73,183763
26169,0.004277,172.31.40.0-255,66,152413,73,183763
26170,0.004317,172.217.194.0-255,7156,159569,73,183763
26171,0.00432,172.31.40.0-255,66,159635,73,183763
26172,0.004359,172.31.40.0-255,66,159701,73,183763
26173,0.004365,172.217.194.0-255,5738,165439,73,183763
26174,0.004368,172.31.40.0-255,66,165505,73,183763
26175,0.004411,172.31.40.0-255,66,165571,73,183763
26176,0.004429,172.31.40.0-255,66,165637,73,183763
26177,0.004482,172.31.40.0-255,66,165703,73,183763
26178,0.004515,172.217.194.0-255,2902,168605,73,183763
26179,0.004518,172.31.40.0-255,66,168671,73,183763
26180,0.004539,172.31.40.0-255,66,168737,73,183763
26181,0.00456,172.31.40.0-255,66,168803,73,183763
26182,0.004566,172.217.194.0-255,5340,174143,73,183763
26183,0.00457,172.31.40.0-255,66,174209,73,183763
26184,0.004573,172.217.194.0-255,105,174314,73,183763
26185,0.008807,172.31.40.0-255,66,174380,73,183763
26186,0.008849,172.31.40.0-255,105,174485,73,183763
26187,0.011127,172.217.194.0-255,66,174551,73,183763
26188,0.036328,172.31.40.0-255,172,174723,73,183763
26189,0.036357,172.31.40.0-255,1114,175837,73,183763
26190,0.036413,172.31.40.0-255,1514,177351,73,183763
26191,0.036415,172.31.40.0-255,1514,178865,73,183763
26192,0.03642,172.31.40.0-255,1514,180379,73,183763
26193,0.036421,172.31.40.0-255,1514,181893,73,183763
26194,0.036439,172.31.40.0-255,1498,183391,73,183763
26195,0.037886,104.244.42.0-255,66,183457,73,183763
26196,0.037898,104.244.42.0-255,66,183523,73,183763
26197,0.038016,104.244.42.0-255,66,183589,73,183763
26198,0.03907,104.244.42.0-255,108,183697,73,183763
26199,0.039079,172.31.40.0-255,66,183763,73,183763
26200,0.0,172.217.194.0-255,150,150,73,222674
26201,1.8e-05,172.31.40.0-255,66,216,73,222674
26202,2.5e-05,172.217.194.0-255,1484,1700,73,222674
26203,3e-05,172.31.40.0-255,66,1766,73,222674
26204,3.6e-05,172.217.194.0-255,2902,4668,73,222674
26205,4e-05,172.31.40.0-255,66,4734,73,222674
26206,4.7e-05,172.217.194.0-255,7156,11890,73,222674
26207,5e-05,172.31.40.0-255,66,11956,73,222674
26208,5.3e-05,172.217.194.0-255,1484,13440,73,222674
26209,5.6e-05,172.31.40.0-255,66,13506,73,222674
26210,9.1e-05,172.31.40.0-255,66,13572,73,222674
26211,9.5e-05,172.217.194.0-255,2543,16115,73,222674
26212,9.8e-05,172.31.40.0-255,66,16181,73,222674
26213,0.000141,172.217.194.0-255,1484,17665,73,222674
26214,0.000144,172.31.40.0-255,66,17731,73,222674
26215,0.000158,172.217.194.0-255,2902,20633,73,222674
26216,0.000161,172.31.40.0-255,66,20699,73,222674
26217,0.000165,172.217.194.0-255,2902,23601,73,222674
26218,0.000168,172.31.40.0-255,66,23667,73,222674
26219,0.000189,172.217.194.0-255,2902,26569,73,222674
26220,0.000192,172.31.40.0-255,66,26635,73,222674
26221,0.000205,172.31.40.0-255,66,26701,73,222674
26222,0.000229,172.217.194.0-255,1125,27826,73,222674
26223,0.000232,172.31.40.0-255,66,27892,73,222674
26224,0.000244,172.31.40.0-255,66,27958,73,222674
26225,0.000246,172.217.194.0-255,1430,29388,73,222674
26226,0.000249,172.31.40.0-255,66,29454,73,222674
26227,0.000285,172.217.194.0-255,381,29835,73,222674
26228,0.000288,172.31.40.0-255,66,29901,73,222674
26229,0.000537,172.217.194.0-255,1484,31385,73,222674
26230,0.000543,172.217.194.0-255,2902,34287,73,222674
26231,0.000546,172.31.40.0-255,66,34353,73,222674
26232,0.00055,172.217.194.0-255,1484,35837,73,222674
26233,0.000572,172.217.194.0-255,4320,40157,73,222674
26234,0.000576,172.31.40.0-255,66,40223,73,222674
26235,0.000589,172.31.40.0-255,66,40289,73,222674
26236,0.000635,172.31.40.0-255,66,40355,73,222674
26237,0.000851,172.217.194.0-255,1484,41839,73,222674
26238,0.000857,172.217.194.0-255,2902,44741,73,222674
26239,0.000861,172.31.40.0-255,66,44807,73,222674
26240,0.00087,172.217.194.0-255,5738,50545,73,222674
26241,0.000873,172.31.40.0-255,66,50611,73,222674
26242,0.000904,172.31.40.0-255,66,50677,73,222674
26243,0.000935,172.31.40.0-255,66,50743,73,222674
26244,0.000991,172.217.194.0-255,1484,52227,73,222674
26245,0.001012,172.217.194.0-255,2902,55129,73,222674
26246,0.001015,172.31.40.0-255,66,55195,73,222674
26247,0.001022,172.217.194.0-255,5738,60933,73,222674
26248,0.001025,172.31.40.0-255,66,60999,73,222674
26249,0.001081,172.31.40.0-255,66,61065,73,222674
26250,0.001098,172.31.40.0-255,66,61131,73,222674
26251,0.001154,172.217.194.0-255,1484,62615,73,222674
26252,0.001159,172.217.194.0-255,2902,65517,73,222674
26253,0.001161,172.31.40.0-255,66,65583,73,222674
26254,0.001168,172.217.194.0-255,5738,71321,73,222674
26255,0.00117,172.31.40.0-255,66,71387,73,222674
26256,0.001181,172.217.194.0-255,1484,72871,73,222674
26257,0.001214,172.31.40.0-255,66,72937,73,222674
26258,0.00122,172.217.194.0-255,5738,78675,73,222674
26259,0.001223,172.31.40.0-255,66,78741,73,222674
26260,0.00124,172.217.194.0-255,5020,83761,73,222674
26261,0.001243,172.31.40.0-255,66,83827,73,222674
26262,0.00186,172.217.194.0-255,1484,85311,73,222674
26263,0.001867,172.217.194.0-255,2902,88213,73,222674
26264,0.001871,172.31.40.0-255,66,88279,73,222674
26265,0.001878,172.217.194.0-255,4320,92599,73,222674
26266,0.00188,172.31.40.0-255,66,92665,73,222674
26267,0.001893,172.217.194.0-255,1484,94149,73,222674
26268,0.001906,172.217.194.0-255,2902,97051,73,222674
26269,0.001909,172.31.40.0-255,66,97117,73,222674
26270,0.00194,172.31.40.0-255,66,97183,73,222674
26271,0.001957,172.217.194.0-255,1484,98667,73,222674
26272,0.001971,172.31.40.0-255,66,98733,73,222674
26273,0.002116,172.217.194.0-255,1484,100217,73,222674
26274,0.002133,172.217.194.0-255,2902,103119,73,222674
26275,0.002138,172.217.194.0-255,5738,108857,73,222674
26276,0.002143,172.31.40.0-255,66,108923,73,222674
26277,0.002146,172.31.40.0-255,66,108989,73,222674
26278,0.002158,172.217.194.0-255,4320,113309,73,222674
26279,0.002161,172.31.40.0-255,66,113375,73,222674
26280,0.002188,172.31.40.0-255,66,113441,73,222674
26281,0.002203,172.31.40.0-255,66,113507,73,222674
26282,0.002208,172.217.194.0-255,4320,117827,73,222674
26283,0.00221,172.31.40.0-255,66,117893,73,222674
26284,0.002243,172.31.40.0-255,66,117959,73,222674
26285,0.00225,172.217.194.0-255,7156,125115,73,222674
26286,0.002252,172.31.40.0-255,66,125181,73,222674
26287,0.002291,172.31.40.0-255,66,125247,73,222674
26288,0.00231,172.31.40.0-255,66,125313,73,222674
26289,0.002331,172.217.194.0-255,2902,128215,73,222674
26290,0.002335,172.217.194.0-255,2184,130399,73,222674
26291,0.00235,172.31.40.0-255,66,130465,73,222674
26292,0.004627,172.217.194.0-255,5738,136203,73,222674
26293,0.004634,172.31.40.0-255,66,136269,73,222674
26294,0.006904,172.217.194.0-255,5738,142007,73,222674
26295,0.006911,172.31.40.0-255,66,142073,73,222674
26296,0.009216,172.217.194.0-255,5738,147811,73,222674
26297,0.009222,172.31.40.0-255,66,147877,73,222674
26298,0.011521,172.217.194.0-255,5738,153615,73,222674
26299,0.011528,172.31.40.0-255,66,153681,73,222674
26300,0.013814,172.217.194.0-255,5738,159419,73,222674
26301,0.013822,172.31.40.0-255,66,159485,73,222674
26302,0.016107,172.217.194.0-255,5738,165223,73,222674
26303,0.016114,172.31.40.0-255,66,165289,73,222674
26304,0.018416,172.217.194.0-255,5738,171027,73,222674
26305,0.018426,172.31.40.0-255,66,171093,73,222674
26306,0.020712,172.217.194.0-255,5738,176831,73,222674
26307,0.02072,172.31.40.0-255,66,176897,73,222674
26308,0.023009,172.217.194.0-255,5738,182635,73,222674
26309,0.023018,172.31.40.0-255,66,182701,73,222674
26310,0.02531,172.217.194.0-255,5738,188439,73,222674
26311,0.025316,172.31.40.0-255,66,188505,73,222674
26312,0.027608,172.217.194.0-255,5738,194243,73,222674
26313,0.027616,172.31.40.0-255,66,194309,73,222674
26314,0.029879,172.217.194.0-255,5738,200047,73,222674
26315,0.029887,172.31.40.0-255,66,200113,73,222674
26316,0.032172,172.217.194.0-255,5738,205851,73,222674
26317,0.03218,172.31.40.0-255,66,205917,73,222674
26318,0.032228,172.31.40.0-255,172,206089,73,222674
26319,0.032254,172.31.40.0-255,1115,207204,73,222674
26320,0.032313,172.31.40.0-255,1514,208718,73,222674
26321,0.032315,172.31.40.0-255,1514,210232,73,222674
26322,0.03232,172.31.40.0-255,1514,211746,73,222674
26323,0.032321,172.31.40.0-255,159,211905,73,222674
26324,0.033711,104.244.42.0-255,66,211971,73,222674
26325,0.033748,104.244.42.0-255,66,212037,73,222674
26326,0.033813,104.244.42.0-255,66,212103,73,222674
26327,0.033834,104.244.42.0-255,66,212169,73,222674
26328,0.034474,172.217.194.0-255,5738,217907,73,222674
26329,0.034479,172.31.40.0-255,66,217973,73,222674
26330,0.036752,172.217.194.0-255,4464,222437,73,222674
26331,0.036759,172.31.40.0-255,66,222503,73,222674
26332,0.03694,172.31.40.0-255,105,222608,73,222674
26333,0.039177,172.217.194.0-255,66,222674,73,222674
26334,0.0,172.217.194.0-255,150,150,73,300485
26335,2.2e-05,172.31.40.0-255,66,216,73,300485
26336,2.8e-05,172.217.194.0-255,1484,1700,73,300485
26337,3.2e-05,172.31.40.0-255,66,1766,73,300485
26338,3.7e-05,172.217.194.0-255,2902,4668,73,300485
26339,4.1e-05,172.31.40.0-255,66,4734,73,300485
26340,7.2e-05,172.217.194.0-255,7156,11890,73,300485
26341,7.4e-05,172.31.40.0-255,66,11956,73,300485
26342,7.7e-05,172.217.194.0-255,2030,13986,73,300485
26343,7.9e-05,172.31.40.0-255,66,14052,73,300485
26344,0.00031,172.217.194.0-255,1484,15536,73,300485
26345,0.000314,172.31.40.0-255,66,15602,73,300485
26346,0.00032,172.217.194.0-255,2902,18504,73,300485
26347,0.000322,172.31.40.0-255,66,18570,73,300485
26348,0.000327,172.217.194.0-255,4320,22890,73,300485
26349,0.000329,172.31.40.0-255,66,22956,73,300485
26350,0.000351,172.217.194.0-255,1484,24440,73,300485
26351,0.000354,172.31.40.0-255,66,24506,73,300485
26352,0.00038,172.217.194.0-255,6797,31303,73,300485
26353,0.000383,172.31.40.0-255,66,31369,73,300485
26354,0.000455,172.217.194.0-255,1484,32853,73,300485
26355,0.000458,172.31.40.0-255,66,32919,73,300485
26356,0.000463,172.217.194.0-255,2902,35821,73,300485
26357,0.000465,172.31.40.0-255,66,35887,73,300485
26358,0.000498,172.217.194.0-255,5738,41625,73,300485
26359,0.000501,172.31.40.0-255,66,41691,73,300485
26360,0.000505,172.217.194.0-255,1484,43175,73,300485
26361,0.000506,172.31.40.0-255,66,43241,73,300485
26362,0.00053,172.31.40.0-255,66,43307,73,300485
26363,0.000558,172.217.194.0-255,2543,45850,73,300485
26364,0.000561,172.31.40.0-255,66,45916,73,300485
26365,0.000571,172.31.40.0-255,66,45982,73,300485
26366,0.000573,172.217.194.0-255,1438,47420,73,300485
26367,0.000591,172.217.194.0-255,99,47519,73,300485
26368,0.000735,172.217.194.0-255,362,47881,73,300485
26369,0.000739,172.31.40.0-255,66,47947,73,300485
26370,0.001,172.217.194.0-255,1484,49431,73,300485
26371,0.001008,172.217.194.0-255,2902,52333,73,300485
26372,0.001012,172.31.40.0-255,66,52399,73,300485
26373,0.001019,172.217.194.0-255,4320,56719,73,300485
26374,0.001021,172.31.40.0-255,66,56785,73,300485
26375,0.001036,172.217.194.0-255,1484,58269,73,300485
26376,0.001043,172.217.194.0-255,5738,64007,73,300485
26377,0.001046,172.31.40.0-255,66,64073,73,300485
26378,0.00105,172.217.194.0-255,2902,66975,73,300485
26379,0.001052,172.31.40.0-255,66,67041,73,300485
26380,0.001083,172.31.40.0-255,66,67107,73,300485
26381,0.00109,172.217.194.0-255,5020,72127,73,300485
26382,0.001092,172.31.40.0-255,66,72193,73,300485
26383,0.001279,172.217.194.0-255,1484,73677,73,300485
26384,0.001303,172.217.194.0-255,2902,76579,73,300485
26385,0.001307,172.31.40.0-255,66,76645,73,300485
26386,0.001314,172.217.194.0-255,5738,82383,73,300485
26387,0.001316,172.31.40.0-255,66,82449,73,300485
26388,0.001322,172.217.194.0-255,4320,86769,73,300485
26389,0.001324,172.31.40.0-255,66,86835,73,300485
26390,0.001364,172.31.40.0-255,66,86901,73,300485
26391,0.001371,172.217.194.0-255,4320,91221,73,300485
26392,0.001373,172.31.40.0-255,66,91287,73,300485
26393,0.001415,172.217.194.0-255,6438,97725,73,300485
26394,0.001419,172.31.40.0-255,66,97791,73,300485
26395,0.00149,172.217.194.0-255,1484,99275,73,300485
26396,0.001496,172.217.194.0-255,2902,102177,73,300485
26397,0.001499,172.31.40.0-255,66,102243,73,300485
26398,0.001504,172.217.194.0-255,2902,105145,73,300485
26399,0.001506,172.31.40.0-255,66,105211,73,300485
26400,0.001523,172.217.194.0-255,2902,108113,73,300485
26401,0.001525,172.31.40.0-255,66,108179,73,300485
26402,0.00154,172.217.194.0-255,4320,112499,73,300485
26403,0.001543,172.31.40.0-255,66,112565,73,300485
26404,0.001548,172.217.194.0-255,2902,115467,73,300485
26405,0.00155,172.31.40.0-255,66,115533,73,300485
26406,0.00157,172.217.194.0-255,2902,118435,73,300485
26407,0.001573,172.31.40.0-255,66,118501,73,300485
26408,0.001586,172.217.194.0-255,2902,121403,73,300485
26409,0.001589,172.31.40.0-255,66,121469,73,300485
26410,0.001608,172.217.194.0-255,2902,124371,73,300485
26411,0.001611,172.31.40.0-255,66,124437,73,300485
26412,0.001618,172.217.194.0-255,7156,131593,73,300485
26413,0.00162,172.31.40.0-255,66,131659,73,300485
26414,0.001623,172.217.194.0-255,766,132425,73,300485
26415,0.001674,172.217.194.0-255,1484,133909,73,300485
26416,0.001677,172.31.40.0-255,66,133975,73,300485
26417,0.001681,172.217.194.0-255,1484,135459,73,300485
26418,0.0017,172.217.194.0-255,2902,138361,73,300485
26419,0.001703,172.31.40.0-255,66,138427,73,300485
26420,0.00171,172.217.194.0-255,7156,145583,73,300485
26421,0.001713,172.31.40.0-255,66,145649,73,300485
26422,0.001739,172.217.194.0-255,7156,152805,73,300485
26423,0.001742,172.31.40.0-255,66,152871,73,300485
26424,0.001773,172.31.40.0-255,66,152937,73,300485
26425,0.001779,172.217.194.0-255,5020,157957,73,300485
26426,0.001781,172.31.40.0-255,66,158023,73,300485
26427,0.001984,172.217.194.0-255,1484,159507,73,300485
26428,0.002011,172.217.194.0-255,2902,162409,73,300485
26429,0.002016,172.31.40.0-255,66,162475,73,300485
26430,0.002023,172.217.194.0-255,4320,166795,73,300485
26431,0.002025,172.31.40.0-255,66,166861,73,300485
26432,0.002037,172.31.40.0-255,66,166927,73,300485
26433,0.002082,172.31.40.0-255,66,166993,73,300485
26434,0.004096,172.217.194.0-255,5738,172731,73,300485
26435,0.004102,172.31.40.0-255,66,172797,73,300485
26436,0.006111,172.217.194.0-255,5738,178535,73,300485
26437,0.006115,172.31.40.0-255,66,178601,73,300485
26438,0.008103,172.217.194.0-255,5738,184339,73,300485
26439,0.00811,172.31.40.0-255,66,184405,73,300485
26440,0.010146,172.217.194.0-255,5738,190143,73,300485
26441,0.010162,172.31.40.0-255,66,190209,73,300485
26442,0.012189,172.217.194.0-255,5738,195947,73,300485
26443,0.012202,172.31.40.0-255,66,196013,73,300485
26444,0.014232,172.217.194.0-255,5738,201751,73,300485
26445,0.014245,172.31.40.0-255,66,201817,73,300485
26446,0.01627,172.217.194.0-255,5738,207555,73,300485
26447,0.016287,172.31.40.0-255,66,207621,73,300485
26448,0.018305,172.217.194.0-255,5738,213359,73,300485
26449,0.018313,172.31.40.0-255,66,213425,73,300485
26450,0.020325,172.217.194.0-255,5738,219163,73,300485
26451,0.020333,172.31.40.0-255,66,219229,73,300485
26452,0.022335,172.217.194.0-255,5738,224967,73,300485
26453,0.022343,172.31.40.0-255,66,225033,73,300485
26454,0.024353,172.217.194.0-255,5738,230771,73,300485
26455,0.024361,172.31.40.0-255,66,230837,73,300485
26456,0.02637,172.217.194.0-255,5738,236575,73,300485
26457,0.026377,172.31.40.0-255,66,236641,73,300485
26458,0.0284,172.217.194.0-255,5738,242379,73,300485
26459,0.028408,172.31.40.0-255,66,242445,73,300485
26460,0.030465,172.217.194.0-255,5738,248183,73,300485
26461,0.030471,172.31.40.0-255,66,248249,73,300485
26462,0.032479,172.217.194.0-255,5738,253987,73,300485
26463,0.032485,172.31.40.0-255,66,254053,73,300485
26464,0.034516,172.217.194.0-255,5738,259791,73,300485
26465,0.034525,172.31.40.0-255,66,259857,73,300485
26466,0.036575,172.217.194.0-255,5738,265595,73,300485
26467,0.036591,172.31.40.0-255,66,265661,73,300485
26468,0.038601,172.217.194.0-255,5738,271399,73,300485
26469,0.038613,172.31.40.0-255,66,271465,73,300485
26470,0.040636,172.217.194.0-255,5738,277203,73,300485
26471,0.040648,172.31.40.0-255,66,277269,73,300485
26472,0.042678,172.217.194.0-255,5738,283007,73,300485
26473,0.042694,172.31.40.0-255,66,283073,73,300485
26474,0.044715,172.217.194.0-255,5738,288811,73,300485
26475,0.04473,172.31.40.0-255,66,288877,73,300485
26476,0.046755,172.217.194.0-255,5738,294615,73,300485
26477,0.046764,172.31.40.0-255,66,294681,73,300485
26478,0.048782,172.217.194.0-255,5738,300419,73,300485
26479,0.048799,172.31.40.0-255,66,300485,73,300485
26480,0.0,172.217.194.0-255,217,217,73,245243
26481,1.4e-05,172.31.40.0-255,66,283,73,245243
26482,3.6e-05,172.217.194.0-255,1484,1767,73,245243
26483,4e-05,172.31.40.0-255,66,1833,73,245243
26484,4.6e-05,172.217.194.0-255,4320,6153,73,245243
26485,4.9e-05,172.31.40.0-255,66,6219,73,245243
26486,6.5e-05,172.217.194.0-255,2902,9121,73,245243
26487,6.9e-05,172.31.40.0-255,66,9187,73,245243
26488,8.4e-05,172.217.194.0-255,6082,15269,73,245243
26489,8.6e-05,172.31.40.0-255,66,15335,73,245243
26490,0.000116,172.31.40.0-255,66,15401,73,245243
26491,0.000136,172.217.194.0-255,1484,16885,73,245243
26492,0.000138,172.31.40.0-255,66,16951,73,245243
26493,0.000144,172.217.194.0-255,5379,22330,73,245243
26494,0.000147,172.31.40.0-255,66,22396,73,245243
26495,0.000194,172.217.194.0-255,1484,23880,73,245243
26496,0.000196,172.31.40.0-255,66,23946,73,245243
26497,0.000201,172.217.194.0-255,2902,26848,73,245243
26498,0.000203,172.31.40.0-255,66,26914,73,245243
26499,0.000214,172.217.194.0-255,1484,28398,73,245243
26500,0.000216,172.31.40.0-255,66,28464,73,245243
26501,0.000236,172.217.194.0-255,4320,32784,73,245243
26502,0.000238,172.31.40.0-255,66,32850,73,245243
26503,0.000263,172.217.194.0-255,6797,39647,73,245243
26504,0.000265,172.31.40.0-255,66,39713,73,245243
26505,0.000268,172.217.194.0-255,1484,41197,73,245243
26506,0.000269,172.31.40.0-255,66,41263,73,245243
26507,0.000296,172.31.40.0-255,66,41329,73,245243
26508,0.000299,172.217.194.0-255,1484,42813,73,245243
26509,0.0003,172.31.40.0-255,66,42879,73,245243
26510,0.000321,172.217.194.0-255,1437,44316,73,245243
26511,0.000347,172.217.194.0-255,374,44690,73,245243
26512,0.000349,172.31.40.0-255,66,44756,73,245243
26513,0.000774,172.217.194.0-255,1484,46240,73,245243
26514,0.000796,172.217.194.0-255,2902,49142,73,245243
26515,0.0008,172.31.40.0-255,66,49208,73,245243
26516,0.000806,172.217.194.0-255,4320,53528,73,245243
26517,0.000808,172.31.40.0-255,66,53594,73,245243
26518,0.00082,172.217.194.0-255,1484,55078,73,245243
26519,0.000823,172.217.194.0-255,1484,56562,73,245243
26520,0.000825,172.31.40.0-255,66,56628,73,245243
26521,0.000866,172.31.40.0-255,66,56694,73,245243
26522,0.000872,172.217.194.0-255,4320,61014,73,245243
26523,0.000875,172.31.40.0-255,66,61080,73,245243
26524,0.00089,172.217.194.0-255,5738,66818,73,245243
26525,0.000892,172.31.40.0-255,66,66884,73,245243
26526,0.000908,172.217.194.0-255,766,67650,73,245243
26527,0.001119,172.217.194.0-255,1484,69134,73,245243
26528,0.001123,172.31.40.0-255,66,69200,73,245243
26529,0.001129,172.217.194.0-255,2902,72102,73,245243
26530,0.001131,172.31.40.0-255,66,72168,73,245243
26531,0.001147,172.217.194.0-255,2902,75070,73,245243
26532,0.00115,172.31.40.0-255,66,75136,73,245243
26533,0.001178,172.217.194.0-255,7156,82292,73,245243
26534,0.001185,172.31.40.0-255,66,82358,73,245243
26535,0.001192,172.217.194.0-255,1484,83842,73,245243
26536,0.001208,172.217.194.0-255,2902,86744,73,245243
26537,0.00121,172.31.40.0-255,66,86810,73,245243
26538,0.001247,172.31.40.0-255,66,86876,73,245243
26539,0.001253,172.217.194.0-255,3602,90478,73,245243
26540,0.001255,172.31.40.0-255,66,90544,73,245243
26541,0.001297,172.217.194.0-255,1484,92028,73,245243
26542,0.001302,172.217.194.0-255,2902,94930,73,245243
26543,0.001305,172.31.40.0-255,66,94996,73,245243
26544,0.001311,172.217.194.0-255,4320,99316,73,245243
26545,0.001313,172.31.40.0-255,66,99382,73,245243
26546,0.001327,172.217.194.0-255,1484,100866,73,245243
26547,0.001335,172.217.194.0-255,5738,106604,73,245243
26548,0.001338,172.31.40.0-255,66,106670,73,245243
26549,0.001343,172.217.194.0-255,4320,110990,73,245243
26550,0.001345,172.31.40.0-255,66,111056,73,245243
26551,0.001386,172.31.40.0-255,66,111122,73,245243
26552,0.001392,172.217.194.0-255,5020,116142,73,245243
26553,0.001395,172.31.40.0-255,66,116208,73,245243
26554,0.001401,172.217.194.0-255,5738,121946,73,245243
26555,0.001403,172.31.40.0-255,66,122012,73,245243
26556,0.001407,172.217.194.0-255,2902,124914,73,245243
26557,0.00141,172.31.40.0-255,66,124980,73,245243
26558,0.001443,172.217.194.0-255,7156,132136,73,245243
26559,0.001447,172.31.40.0-255,66,132202,73,245243
26560,0.001463,172.31.40.0-255,66,132268,73,245243
26561,0.001466,172.217.194.0-255,766,133034,73,245243
26562,0.001468,172.217.194.0-255,1484,134518,73,245243
26563,0.001471,172.31.40.0-255,66,134584,73,245243
26564,0.001496,172.217.194.0-255,4320,138904,73,245243
26565,0.001499,172.31.40.0-255,66,138970,73,245243
26566,0.001524,172.217.194.0-255,7156,146126,73,245243
26567,0.001527,172.31.40.0-255,66,146192,73,245243
26568,0.00157,172.217.194.0-255,5738,151930,73,245243
26569,0.001572,172.31.40.0-255,66,151996,73,245243
26570,0.001597,172.217.194.0-255,7156,159152,73,245243
26571,0.0016,172.31.40.0-255,66,159218,73,245243
26572,0.00161,172.31.40.0-255,66,159284,73,245243
26573,0.001613,172.217.194.0-255,1484,160768,73,245243
26574,0.001617,172.217.194.0-255,2902,163670,73,245243
26575,0.00162,172.31.40.0-255,66,163736,73,245243
26576,0.001626,172.217.194.0-255,5738,169474,73,245243
26577,0.001629,172.31.40.0-255,66,169540,73,245243
26578,0.001667,172.31.40.0-255,66,169606,73,245243
26579,0.001679,172.217.194.0-255,1484,171090,73,245243
26580,0.00169,172.217.194.0-255,766,171856,73,245243
26581,0.001695,172.31.40.0-255,66,171922,73,245243
26582,0.001733,172.217.194.0-255,1484,173406,73,245243
26583,0.001737,172.31.40.0-255,66,173472,73,245243
26584,0.00174,172.217.194.0-255,1484,174956,73,245243
26585,0.001756,172.217.194.0-255,2902,177858,73,245243
26586,0.001759,172.31.40.0-255,66,177924,73,245243
26587,0.001765,172.217.194.0-255,4320,182244,73,245243
26588,0.001767,172.31.40.0-255,66,182310,73,245243
26589,0.00177,172.217.194.0-255,1484,183794,73,245243
26590,0.001802,172.31.40.0-255,66,183860,73,245243
26591,0.001828,172.217.194.0-255,5738,189598,73,245243
26592,0.001831,172.31.40.0-255,66,189664,73,245243
26593,0.00186,172.31.40.0-255,66,189730,73,245243
26594,0.001879,172.217.194.0-255,1484,191214,73,245243
26595,0.001883,172.217.194.0-255,2902,194116,73,245243
26596,0.001887,172.31.40.0-255,66,194182,73,245243
26597,0.001903,172.217.194.0-255,5738,199920,73,245243
26598,0.001906,172.31.40.0-255,66,199986,73,245243
26599,0.001913,172.217.194.0-255,7156,207142,73,245243
26600,0.001915,172.31.40.0-255,66,207208,73,245243
26601,0.001959,172.31.40.0-255,66,207274,73,245243
26602,0.001964,172.217.194.0-255,2902,210176,73,245243
26603,0.001966,172.31.40.0-255,66,210242,73,245243
26604,0.001993,172.217.194.0-255,5020,215262,73,245243
26605,0.001996,172.31.40.0-255,66,215328,73,245243
26606,0.002019,172.217.194.0-255,5738,221066,73,245243
26607,0.002027,172.31.40.0-255,66,221132,73,245243
26608,0.002052,172.217.194.0-255,4320,225452,73,245243
26609,0.002081,172.31.40.0-255,66,225518,73,245243
26610,0.002098,172.217.194.0-255,5020,230538,73,245243
26611,0.002171,172.217.194.0-255,7156,237694,73,245243
26612,0.002179,172.31.40.0-255,66,237760,73,245243
26613,0.002199,172.217.194.0-255,1152,238912,73,245243
26614,0.002202,172.217.194.0-255,105,239017,73,245243
26615,0.002223,172.31.40.0-255,66,239083,73,245243
26616,0.010058,172.31.40.0-255,105,239188,73,245243
26617,0.012637,172.217.194.0-255,66,239254,73,245243
26618,0.039165,172.31.40.0-255,172,239426,73,245243
26619,0.039193,172.31.40.0-255,1115,240541,73,245243
26620,0.039248,172.31.40.0-255,1514,242055,73,245243
26621,0.03925,172.31.40.0-255,1514,243569,73,245243
26622,0.039253,172.31.40.0-255,1410,244979,73,245243
26623,0.040741,104.244.42.0-255,66,245045,73,245243
26624,0.040772,104.244.42.0-255,66,245111,73,245243
26625,0.040817,104.244.42.0-255,66,245177,73,245243
26626,0.040821,104.244.42.0-255,66,245243,73,245243
26627,0.0,74.125.130.0-255,150,150,73,300491
26628,2.4e-05,172.31.40.0-255,66,216,73,300491
26629,3.2e-05,74.125.130.0-255,1484,1700,73,300491
26630,3.6e-05,172.31.40.0-255,66,1766,73,300491
26631,4.2e-05,74.125.130.0-255,2902,4668,73,300491
26632,4.6e-05,172.31.40.0-255,66,4734,73,300491
26633,5e-05,74.125.130.0-255,2902,7636,73,300491
26634,5.3e-05,172.31.40.0-255,66,7702,73,300491
26635,8.3e-05,74.125.130.0-255,4320,12022,73,300491
26636,8.6e-05,172.31.40.0-255,66,12088,73,300491
26637,0.0001,74.125.130.0-255,1999,14087,73,300491
26638,0.000103,172.31.40.0-255,66,14153,73,300491
26639,0.000302,74.125.130.0-255,1484,15637,73,300491
26640,0.000306,172.31.40.0-255,66,15703,73,300491
26641,0.000313,74.125.130.0-255,2902,18605,73,300491
26642,0.000315,172.31.40.0-255,66,18671,73,300491
26643,0.000337,74.125.130.0-255,1484,20155,73,300491
26644,0.000339,172.31.40.0-255,66,20221,73,300491
26645,0.00036,74.125.130.0-255,2902,23123,73,300491
26646,0.000363,172.31.40.0-255,66,23189,73,300491
26647,0.000387,74.125.130.0-255,4320,27509,73,300491
26648,0.00039,172.31.40.0-255,66,27575,73,300491
26649,0.000408,74.125.130.0-255,1484,29059,73,300491
26650,0.00041,172.31.40.0-255,66,29125,73,300491
26651,0.000439,74.125.130.0-255,2543,31668,73,300491
26652,0.000441,172.31.40.0-255,66,31734,73,300491
26653,0.000614,74.125.130.0-255,1484,33218,73,300491
26654,0.00062,172.31.40.0-255,66,33284,73,300491
26655,0.000637,74.125.130.0-255,2902,36186,73,300491
26656,0.00064,172.31.40.0-255,66,36252,73,300491
26657,0.000667,74.125.130.0-255,4320,40572,73,300491
26658,0.00067,172.31.40.0-255,66,40638,73,300491
26659,0.000704,74.125.130.0-255,2902,43540,73,300491
26660,0.000707,172.31.40.0-255,66,43606,73,300491
26661,0.000732,74.125.130.0-255,5379,48985,73,300491
26662,0.000737,172.31.40.0-255,66,49051,73,300491
26663,0.000752,74.125.130.0-255,4320,53371,73,300491
26664,0.000755,172.31.40.0-255,66,53437,73,300491
26665,0.000778,74.125.130.0-255,4320,57757,73,300491
26666,0.000781,172.31.40.0-255,66,57823,73,300491
26667,0.000786,74.125.130.0-255,2902,60725,73,300491
26668,0.000788,172.31.40.0-255,66,60791,73,300491
26669,0.000793,74.125.130.0-255,4320,65111,73,300491
26670,0.000796,172.31.40.0-255,66,65177,73,300491
26671,0.000822,74.125.130.0-255,1415,66592,73,300491
26672,0.000833,74.125.130.0-255,364,66956,73,300491
26673,0.000835,172.31.40.0-255,66,67022,73,300491
26674,0.000927,74.125.130.0-255,1484,68506,73,300491
26675,0.000938,74.125.130.0-255,1484,69990,73,300491
26676,0.000941,172.31.40.0-255,66,70056,73,300491
26677,0.000946,74.125.130.0-255,2902,72958,73,300491
26678,0.000948,172.31.40.0-255,66,73024,73,300491
26679,0.000975,74.125.130.0-255,5738,78762,73,300491
26680,0.000978,172.31.40.0-255,66,78828,73,300491
26681,0.001002,74.125.130.0-255,7156,85984,73,300491
26682,0.001005,172.31.40.0-255,66,86050,73,300491
26683,0.001024,74.125.130.0-255,1484,87534,73,300491
26684,0.001036,172.31.40.0-255,66,87600,73,300491
26685,0.00105,74.125.130.0-255,1484,89084,73,300491
26686,0.001055,74.125.130.0-255,3602,92686,73,300491
26687,0.001058,172.31.40.0-255,66,92752,73,300491
26688,0.001451,74.125.130.0-255,1484,94236,73,300491
26689,0.001455,74.125.130.0-255,1484,95720,73,300491
26690,0.001477,172.31.40.0-255,66,95786,73,300491
26691,0.001496,74.125.130.0-255,1484,97270,73,300491
26692,0.001503,74.125.130.0-255,5738,103008,73,300491
26693,0.001505,172.31.40.0-255,66,103074,73,300491
26694,0.001508,74.125.130.0-255,1484,104558,73,300491
26695,0.001528,74.125.130.0-255,2902,107460,73,300491
26696,0.001531,172.31.40.0-255,66,107526,73,300491
26697,0.001557,74.125.130.0-255,5738,113264,73,300491
26698,0.00156,172.31.40.0-255,66,113330,73,300491
26699,0.001584,74.125.130.0-255,7156,120486,73,300491
26700,0.001587,172.31.40.0-255,66,120552,73,300491
26701,0.001632,74.125.130.0-255,6438,126990,73,300491
26702,0.001635,172.31.40.0-255,66,127056,73,300491
26703,0.001913,74.125.130.0-255,1484,128540,73,300491
26704,0.001917,74.125.130.0-255,1484,130024,73,300491
26705,0.00192,172.31.40.0-255,66,130090,73,300491
26706,0.001925,74.125.130.0-255,2902,132992,73,300491
26707,0.001927,172.31.40.0-255,66,133058,73,300491
26708,0.001934,74.125.130.0-255,5738,138796,73,300491
26709,0.001937,172.31.40.0-255,66,138862,73,300491
26710,0.001941,74.125.130.0-255,2902,141764,73,300491
26711,0.001943,172.31.40.0-255,66,141830,73,300491
26712,0.001949,74.125.130.0-255,4320,146150,73,300491
26713,0.001951,172.31.40.0-255,66,146216,73,300491
26714,0.001954,74.125.130.0-255,1484,147700,73,300491
26715,0.001983,74.125.130.0-255,7156,154856,73,300491
26716,0.001985,172.31.40.0-255,66,154922,73,300491
26717,0.002003,74.125.130.0-255,1484,156406,73,300491
26718,0.002027,74.125.130.0-255,5020,161426,73,300491
26719,0.00203,172.31.40.0-255,66,161492,73,300491
26720,0.004098,74.125.130.0-255,5738,167230,73,300491
26721,0.004111,172.31.40.0-255,66,167296,73,300491
26722,0.006139,74.125.130.0-255,5738,173034,73,300491
26723,0.006146,172.31.40.0-255,66,173100,73,300491
26724,0.008173,74.125.130.0-255,5738,178838,73,300491
26725,0.008178,172.31.40.0-255,66,178904,73,300491
26726,0.010221,74.125.130.0-255,5738,184642,73,300491
26727,0.010232,172.31.40.0-255,66,184708,73,300491
26728,0.012251,74.125.130.0-255,5738,190446,73,300491
26729,0.012259,172.31.40.0-255,66,190512,73,300491
26730,0.014293,74.125.130.0-255,5738,196250,73,300491
26731,0.014306,172.31.40.0-255,66,196316,73,300491
26732,0.016352,74.125.130.0-255,5738,202054,73,300491
26733,0.016367,172.31.40.0-255,66,202120,73,300491
26734,0.018414,74.125.130.0-255,5738,207858,73,300491
26735,0.018433,172.31.40.0-255,66,207924,73,300491
26736,0.02047,74.125.130.0-255,5738,213662,73,300491
26737,0.020484,172.31.40.0-255,66,213728,73,300491
26738,0.02251,74.125.130.0-255,5738,219466,73,300491
26739,0.022519,172.31.40.0-255,66,219532,73,300491
26740,0.024553,74.125.130.0-255,5738,225270,73,300491
26741,0.024563,172.31.40.0-255,66,225336,73,300491
26742,0.026587,74.125.130.0-255,5738,231074,73,300491
26743,0.026594,172.31.40.0-255,66,231140,73,300491
26744,0.028625,74.125.130.0-255,5738,236878,73,300491
26745,0.028637,172.31.40.0-255,66,236944,73,300491
26746,0.030686,74.125.130.0-255,5738,242682,73,300491
26747,0.030697,172.31.40.0-255,66,242748,73,300491
26748,0.032737,74.125.130.0-255,5738,248486,73,300491
26749,0.032752,172.31.40.0-255,66,248552,73,300491
26750,0.03478,74.125.130.0-255,5738,254290,73,300491
26751,0.03479,172.31.40.0-255,66,254356,73,300491
26752,0.036816,74.125.130.0-255,5738,260094,73,300491
26753,0.03683,172.31.40.0-255,66,260160,73,300491
26754,0.037073,172.31.40.0-255,172,260332,73,300491
26755,0.037107,172.31.40.0-255,1114,261446,73,300491
26756,0.037229,172.31.40.0-255,1514,262960,73,300491
26757,0.037232,172.31.40.0-255,1514,264474,73,300491
26758,0.037233,172.31.40.0-255,755,265229,73,300491
26759,0.038637,104.244.42.0-255,66,265295,73,300491
26760,0.038684,104.244.42.0-255,66,265361,73,300491
26761,0.038857,104.244.42.0-255,66,265427,73,300491
26762,0.038871,104.244.42.0-255,66,265493,73,300491
26763,0.038874,74.125.130.0-255,5738,271231,73,300491
26764,0.038879,172.31.40.0-255,66,271297,73,300491
26765,0.040783,104.244.42.0-255,108,271405,73,300491
26766,0.040793,172.31.40.0-255,66,271471,73,300491
26767,0.040906,74.125.130.0-255,5738,277209,73,300491
26768,0.040913,172.31.40.0-255,66,277275,73,300491
26769,0.042936,74.125.130.0-255,5738,283013,73,300491
26770,0.042943,172.31.40.0-255,66,283079,73,300491
26771,0.044982,74.125.130.0-255,5738,288817,73,300491
26772,0.044989,172.31.40.0-255,66,288883,73,300491
26773,0.047036,74.125.130.0-255,5738,294621,73,300491
26774,0.047046,172.31.40.0-255,66,294687,73,300491
26775,0.049101,74.125.130.0-255,5738,300425,73,300491
26776,0.049114,172.31.40.0-255,66,300491,73,300491
26777,0.0,172.217.194.0-255,66,66,73,66
26778,0.0,74.125.24.0-255,147,147,73,236635
26779,2.2e-05,172.31.40.0-255,66,213,73,236635
26780,2.9e-05,74.125.24.0-255,1484,1697,73,236635
26781,3.3e-05,172.31.40.0-255,66,1763,73,236635
26782,4.7e-05,74.125.24.0-255,2902,4665,73,236635
26783,5.2e-05,172.31.40.0-255,66,4731,73,236635
26784,5.9e-05,74.125.24.0-255,5738,10469,73,236635
26785,6.2e-05,172.31.40.0-255,66,10535,73,236635
26786,6.6e-05,74.125.24.0-255,2902,13437,73,236635
26787,6.9e-05,172.31.40.0-255,66,13503,73,236635
26788,8.6e-05,74.125.24.0-255,565,14068,73,236635
26789,9.3e-05,172.31.40.0-255,66,14134,73,236635
26790,0.000171,74.125.24.0-255,1484,15618,73,236635
26791,0.000174,172.31.40.0-255,66,15684,73,236635
26792,0.000179,74.125.24.0-255,2902,18586,73,236635
26793,0.000182,172.31.40.0-255,66,18652,73,236635
26794,0.000214,74.125.24.0-255,5738,24390,73,236635
26795,0.000217,172.31.40.0-255,66,24456,73,236635
26796,0.00022,74.125.24.0-255,1484,25940,73,236635
26797,0.000222,172.31.40.0-255,66,26006,73,236635
26798,0.000259,74.125.24.0-255,5379,31385,73,236635
26799,0.000262,172.31.40.0-255,66,31451,73,236635
26800,0.000412,74.125.24.0-255,1484,32935,73,236635
26801,0.000416,172.31.40.0-255,66,33001,73,236635
26802,0.000423,74.125.24.0-255,2902,35903,73,236635
26803,0.000425,172.31.40.0-255,66,35969,73,236635
26804,0.000464,74.125.24.0-255,5738,41707,73,236635
26805,0.000467,172.31.40.0-255,66,41773,73,236635
26806,0.000473,74.125.24.0-255,5738,47511,73,236635
26807,0.000476,172.31.40.0-255,66,47577,73,236635
26808,0.000516,172.31.40.0-255,66,47643,73,236635
26809,0.000545,172.31.40.0-255,66,47709,73,236635
26810,0.000881,74.125.24.0-255,646,48355,73,236635
26811,0.001008,74.125.24.0-255,1484,49839,73,236635
26812,0.001013,172.31.40.0-255,66,49905,73,236635
26813,0.001019,74.125.24.0-255,2902,52807,73,236635
26814,0.001021,172.31.40.0-255,66,52873,73,236635
26815,0.001026,74.125.24.0-255,2902,55775,73,236635
26816,0.001033,172.31.40.0-255,66,55841,73,236635
26817,0.00107,74.125.24.0-255,2902,58743,73,236635
26818,0.001073,172.31.40.0-255,66,58809,73,236635
26819,0.00109,172.31.40.0-255,66,58875,73,236635
26820,0.001098,74.125.24.0-255,7156,66031,73,236635
26821,0.0011,172.31.40.0-255,66,66097,73,236635
26822,0.001132,74.125.24.0-255,3602,69699,73,236635
26823,0.001135,172.31.40.0-255,66,69765,73,236635
26824,0.001415,74.125.24.0-255,1484,71249,73,236635
26825,0.001418,74.125.24.0-255,1484,72733,73,236635
26826,0.001424,172.31.40.0-255,66,72799,73,236635
26827,0.001452,74.125.24.0-255,1484,74283,73,236635
26828,0.001459,74.125.24.0-255,5738,80021,73,236635
26829,0.001462,172.31.40.0-255,66,80087,73,236635
26830,0.001475,172.31.40.0-255,66,80153,73,236635
26831,0.001501,74.125.24.0-255,2902,83055,73,236635
26832,0.001504,172.31.40.0-255,66,83121,73,236635
26833,0.001538,172.31.40.0-255,66,83187,73,236635
26834,0.001874,74.125.24.0-255,1484,84671,73,236635
26835,0.001879,74.125.24.0-255,1484,86155,73,236635
26836,0.001882,172.31.40.0-255,66,86221,73,236635
26837,0.001909,74.125.24.0-255,1484,87705,73,236635
26838,0.001916,74.125.24.0-255,5738,93443,73,236635
26839,0.001918,172.31.40.0-255,66,93509,73,236635
26840,0.001923,74.125.24.0-255,2902,96411,73,236635
26841,0.001925,172.31.40.0-255,66,96477,73,236635
26842,0.001963,74.125.24.0-255,4320,100797,73,236635
26843,0.001965,172.31.40.0-255,66,100863,73,236635
26844,0.001975,172.31.40.0-255,66,100929,73,236635
26845,0.002013,172.31.40.0-255,66,100995,73,236635
26846,0.002171,74.125.24.0-255,1484,102479,73,236635
26847,0.002187,74.125.24.0-255,2902,105381,73,236635
26848,0.002191,172.31.40.0-255,66,105447,73,236635
26849,0.002198,74.125.24.0-255,5738,111185,73,236635
26850,0.0022,172.31.40.0-255,66,111251,73,236635
26851,0.002239,172.31.40.0-255,66,111317,73,236635
26852,0.002274,172.31.40.0-255,66,111383,73,236635
26853,0.002312,74.125.24.0-255,1484,112867,73,236635
26854,0.004544,74.125.24.0-255,4320,117187,73,236635
26855,0.00455,172.31.40.0-255,66,117253,73,236635
26856,0.006802,74.125.24.0-255,5738,122991,73,236635
26857,0.006807,172.31.40.0-255,66,123057,73,236635
26858,0.0091,74.125.24.0-255,5738,128795,73,236635
26859,0.009107,172.31.40.0-255,66,128861,73,236635
26860,0.011395,74.125.24.0-255,5738,134599,73,236635
26861,0.011404,172.31.40.0-255,66,134665,73,236635
26862,0.013697,74.125.24.0-255,5738,140403,73,236635
26863,0.013705,172.31.40.0-255,66,140469,73,236635
26864,0.016004,74.125.24.0-255,5738,146207,73,236635
26865,0.01601,172.31.40.0-255,66,146273,73,236635
26866,0.018275,74.125.24.0-255,5738,152011,73,236635
26867,0.018284,172.31.40.0-255,66,152077,73,236635
26868,0.020566,74.125.24.0-255,5738,157815,73,236635
26869,0.020578,172.31.40.0-255,66,157881,73,236635
26870,0.022851,74.125.24.0-255,5738,163619,73,236635
26871,0.022859,172.31.40.0-255,66,163685,73,236635
26872,0.025168,74.125.24.0-255,5738,169423,73,236635
26873,0.025177,172.31.40.0-255,66,169489,73,236635
26874,0.027444,74.125.24.0-255,5738,175227,73,236635
26875,0.027452,172.31.40.0-255,66,175293,73,236635
26876,0.028905,172.31.40.0-255,172,175465,73,236635
26877,0.028937,172.31.40.0-255,1114,176579,73,236635
26878,0.029015,172.31.40.0-255,1514,178093,73,236635
26879,0.029037,172.31.40.0-255,1514,179607,73,236635
26880,0.029041,172.31.40.0-255,1514,181121,73,236635
26881,0.029056,172.31.40.0-255,1514,182635,73,236635
26882,0.029059,172.31.40.0-255,1500,184135,73,236635
26883,0.02969,74.125.24.0-255,5738,189873,73,236635
26884,0.029698,172.31.40.0-255,66,189939,73,236635
26885,0.03046,104.244.42.0-255,66,190005,73,236635
26886,0.030468,104.244.42.0-255,66,190071,73,236635
26887,0.030641,104.244.42.0-255,66,190137,73,236635
26888,0.030647,104.244.42.0-255,66,190203,73,236635
26889,0.03202,74.125.24.0-255,5738,195941,73,236635
26890,0.032027,172.31.40.0-255,66,196007,73,236635
26891,0.03432,74.125.24.0-255,5738,201745,73,236635
26892,0.034326,172.31.40.0-255,66,201811,73,236635
26893,0.036597,74.125.24.0-255,5738,207549,73,236635
26894,0.036602,172.31.40.0-255,66,207615,73,236635
26895,0.038855,74.125.24.0-255,5738,213353,73,236635
26896,0.038862,172.31.40.0-255,66,213419,73,236635
26897,0.041134,74.125.24.0-255,5738,219157,73,236635
26898,0.041142,172.31.40.0-255,66,219223,73,236635
26899,0.043464,74.125.24.0-255,5738,224961,73,236635
26900,0.04347,172.31.40.0-255,66,225027,73,236635
26901,0.045761,74.125.24.0-255,5738,230765,73,236635
26902,0.045767,172.31.40.0-255,66,230831,73,236635
26903,0.048099,74.125.24.0-255,5738,236569,73,236635
26904,0.048105,172.31.40.0-255,66,236635,73,236635
26905,0.0,74.125.130.0-255,149,149,73,270039
26906,1.5e-05,172.31.40.0-255,66,215,73,270039
26907,5.1e-05,74.125.130.0-255,1484,1699,73,270039
26908,5.6e-05,172.31.40.0-255,66,1765,73,270039
26909,6.1e-05,74.125.130.0-255,2902,4667,73,270039
26910,6.4e-05,172.31.40.0-255,66,4733,73,270039
26911,7.6e-05,74.125.130.0-255,5738,10471,73,270039
26912,7.9e-05,172.31.40.0-255,66,10537,73,270039
26913,8.5e-05,74.125.130.0-255,3518,14055,73,270039
26914,8.8e-05,172.31.40.0-255,66,14121,73,270039
26915,0.000249,74.125.130.0-255,1484,15605,73,270039
26916,0.000254,172.31.40.0-255,66,15671,73,270039
26917,0.000259,74.125.130.0-255,2902,18573,73,270039
26918,0.000262,172.31.40.0-255,66,18639,73,270039
26919,0.000291,74.125.130.0-255,5738,24377,73,270039
26920,0.000294,172.31.40.0-255,66,24443,73,270039
26921,0.000298,74.125.130.0-255,2902,27345,73,270039
26922,0.0003,172.31.40.0-255,66,27411,73,270039
26923,0.000305,74.125.130.0-255,3961,31372,73,270039
26924,0.000308,172.31.40.0-255,66,31438,73,270039
26925,0.000339,74.125.130.0-255,1484,32922,73,270039
26926,0.000341,172.31.40.0-255,66,32988,73,270039
26927,0.000346,74.125.130.0-255,2902,35890,73,270039
26928,0.000348,172.31.40.0-255,66,35956,73,270039
26929,0.000384,74.125.130.0-255,5738,41694,73,270039
26930,0.000391,172.31.40.0-255,66,41760,73,270039
26931,0.000399,74.125.130.0-255,6797,48557,73,270039
26932,0.000401,172.31.40.0-255,66,48623,73,270039
26933,0.000459,74.125.130.0-255,1484,50107,73,270039
26934,0.000461,172.31.40.0-255,66,50173,73,270039
26935,0.000482,74.125.130.0-255,2902,53075,73,270039
26936,0.000484,172.31.40.0-255,66,53141,73,270039
26937,0.000487,74.125.130.0-255,1484,54625,73,270039
26938,0.000511,74.125.130.0-255,1484,56109,73,270039
26939,0.000514,172.31.40.0-255,66,56175,73,270039
26940,0.000538,74.125.130.0-255,1484,57659,73,270039
26941,0.000544,74.125.130.0-255,5738,63397,73,270039
26942,0.000547,172.31.40.0-255,66,63463,73,270039
26943,0.000592,74.125.130.0-255,3133,66596,73,270039
26944,0.000595,172.31.40.0-255,66,66662,73,270039
26945,0.00078,74.125.130.0-255,1484,68146,73,270039
26946,0.000795,74.125.130.0-255,2902,71048,73,270039
26947,0.000799,172.31.40.0-255,66,71114,73,270039
26948,0.000819,74.125.130.0-255,5738,76852,73,270039
26949,0.000822,172.31.40.0-255,66,76918,73,270039
26950,0.000857,172.31.40.0-255,66,76984,73,270039
26951,0.000915,172.31.40.0-255,66,77050,73,270039
26952,0.000919,74.125.130.0-255,2902,79952,73,270039
26953,0.000922,172.31.40.0-255,66,80018,73,270039
26954,0.00094,74.125.130.0-255,1125,81143,73,270039
26955,0.001067,74.125.130.0-255,1484,82627,73,270039
26956,0.001071,172.31.40.0-255,66,82693,73,270039
26957,0.001101,74.125.130.0-255,2902,85595,73,270039
26958,0.001104,172.31.40.0-255,66,85661,73,270039
26959,0.001108,74.125.130.0-255,2902,88563,73,270039
26960,0.00111,172.31.40.0-255,66,88629,73,270039
26961,0.001144,74.125.130.0-255,4320,92949,73,270039
26962,0.001147,172.31.40.0-255,66,93015,73,270039
26963,0.001157,172.31.40.0-255,66,93081,73,270039
26964,0.00116,74.125.130.0-255,1484,94565,73,270039
26965,0.001168,74.125.130.0-255,1484,96049,73,270039
26966,0.00117,172.31.40.0-255,66,96115,73,270039
26967,0.001194,74.125.130.0-255,1484,97599,73,270039
26968,0.001211,74.125.130.0-255,1484,99083,73,270039
26969,0.001215,172.31.40.0-255,66,99149,73,270039
26970,0.001241,74.125.130.0-255,2902,102051,73,270039
26971,0.001244,172.31.40.0-255,66,102117,73,270039
26972,0.00125,74.125.130.0-255,5020,107137,73,270039
26973,0.001252,172.31.40.0-255,66,107203,73,270039
26974,0.001388,74.125.130.0-255,1484,108687,73,270039
26975,0.001407,74.125.130.0-255,2902,111589,73,270039
26976,0.00141,172.31.40.0-255,66,111655,73,270039
26977,0.001446,74.125.130.0-255,5738,117393,73,270039
26978,0.001448,172.31.40.0-255,66,117459,73,270039
26979,0.00148,74.125.130.0-255,1484,118943,73,270039
26980,0.001502,74.125.130.0-255,1484,120427,73,270039
26981,0.001505,172.31.40.0-255,66,120493,73,270039
26982,0.001523,74.125.130.0-255,2902,123395,73,270039
26983,0.001525,172.31.40.0-255,66,123461,73,270039
26984,0.001556,74.125.130.0-255,5738,129199,73,270039
26985,0.001559,172.31.40.0-255,66,129265,73,270039
26986,0.001562,74.125.130.0-255,1484,130749,73,270039
26987,0.001582,74.125.130.0-255,2902,133651,73,270039
26988,0.001585,172.31.40.0-255,66,133717,73,270039
26989,0.001616,74.125.130.0-255,1484,135201,73,270039
26990,0.001639,74.125.130.0-255,2902,138103,73,270039
26991,0.001643,172.31.40.0-255,66,138169,73,270039
26992,0.001648,74.125.130.0-255,3602,141771,73,270039
26993,0.001651,172.31.40.0-255,66,141837,73,270039
26994,0.003883,74.125.130.0-255,1484,143321,73,270039
26995,0.003906,74.125.130.0-255,4320,147641,73,270039
26996,0.00391,172.31.40.0-255,66,147707,73,270039
26997,0.006149,74.125.130.0-255,5738,153445,73,270039
26998,0.006152,172.31.40.0-255,66,153511,73,270039
26999,0.008405,74.125.130.0-255,5738,159249,73,270039
27000,0.008411,172.31.40.0-255,66,159315,73,270039
27001,0.010656,74.125.130.0-255,5738,165053,73,270039
27002,0.010664,172.31.40.0-255,66,165119,73,270039
27003,0.012915,74.125.130.0-255,5738,170857,73,270039
27004,0.012923,172.31.40.0-255,66,170923,73,270039
27005,0.01518,74.125.130.0-255,5738,176661,73,270039
27006,0.015189,172.31.40.0-255,66,176727,73,270039
27007,0.017451,74.125.130.0-255,5738,182465,73,270039
27008,0.017465,172.31.40.0-255,66,182531,73,270039
27009,0.019716,74.125.130.0-255,5738,188269,73,270039
27010,0.01973,172.31.40.0-255,66,188335,73,270039
27011,0.02199,74.125.130.0-255,5738,194073,73,270039
27012,0.022004,172.31.40.0-255,66,194139,73,270039
27013,0.024262,74.125.130.0-255,5738,199877,73,270039
27014,0.02428,172.31.40.0-255,66,199943,73,270039
27015,0.02653,74.125.130.0-255,5738,205681,73,270039
27016,0.026544,172.31.40.0-255,66,205747,73,270039
27017,0.0288,74.125.130.0-255,5738,211485,73,270039
27018,0.028813,172.31.40.0-255,66,211551,73,270039
27019,0.031071,74.125.130.0-255,5738,217289,73,270039
27020,0.031079,172.31.40.0-255,66,217355,73,270039
27021,0.033351,74.125.130.0-255,5738,223093,73,270039
27022,0.033368,172.31.40.0-255,66,223159,73,270039
27023,0.03563,74.125.130.0-255,5738,228897,73,270039
27024,0.03564,172.31.40.0-255,66,228963,73,270039
27025,0.037902,74.125.130.0-255,5738,234701,73,270039
27026,0.037913,172.31.40.0-255,66,234767,73,270039
27027,0.040193,74.125.130.0-255,5738,240505,73,270039
27028,0.040207,172.31.40.0-255,66,240571,73,270039
27029,0.042494,74.125.130.0-255,5738,246309,73,270039
27030,0.042501,172.31.40.0-255,66,246375,73,270039
27031,0.044775,74.125.130.0-255,5738,252113,73,270039
27032,0.044803,172.31.40.0-255,66,252179,73,270039
27033,0.047054,74.125.130.0-255,5738,257917,73,270039
27034,0.04706,172.31.40.0-255,66,257983,73,270039
27035,0.048071,172.31.40.0-255,172,258155,73,270039
27036,0.048102,172.31.40.0-255,1116,259271,73,270039
27037,0.048167,172.31.40.0-255,1514,260785,73,270039
27038,0.048169,172.31.40.0-255,1514,262299,73,270039
27039,0.048174,172.31.40.0-255,1514,263813,73,270039
27040,0.048175,172.31.40.0-255,158,263971,73,270039
27041,0.04931,74.125.130.0-255,5738,269709,73,270039
27042,0.049318,172.31.40.0-255,66,269775,73,270039
27043,0.049611,104.244.42.0-255,66,269841,73,270039
27044,0.049676,104.244.42.0-255,66,269907,73,270039
27045,0.049726,104.244.42.0-255,66,269973,73,270039
27046,0.049731,104.244.42.0-255,66,270039,73,270039
27047,0.0,172.217.194.0-255,153,153,73,175260
27048,1.7e-05,172.31.40.0-255,66,219,73,175260
27049,2.4e-05,172.217.194.0-255,1484,1703,73,175260
27050,2.8e-05,172.31.40.0-255,66,1769,73,175260
27051,3.5e-05,172.217.194.0-255,2902,4671,73,175260
27052,3.8e-05,172.31.40.0-255,66,4737,73,175260
27053,4.1e-05,172.217.194.0-255,1484,6221,73,175260
27054,4.4e-05,172.31.40.0-255,66,6287,73,175260
27055,6.4e-05,172.217.194.0-255,4320,10607,73,175260
27056,6.7e-05,172.31.40.0-255,66,10673,73,175260
27057,7e-05,172.217.194.0-255,1484,12157,73,175260
27058,7.2e-05,172.31.40.0-255,66,12223,73,175260
27059,0.000117,172.31.40.0-255,66,12289,73,175260
27060,0.000124,172.217.194.0-255,6797,19086,73,175260
27061,0.000126,172.31.40.0-255,66,19152,73,175260
27062,0.000144,172.217.194.0-255,1484,20636,73,175260
27063,0.000146,172.31.40.0-255,66,20702,73,175260
27064,0.000153,172.217.194.0-255,2902,23604,73,175260
27065,0.000156,172.31.40.0-255,66,23670,73,175260
27066,0.000176,172.217.194.0-255,5738,29408,73,175260
27067,0.000179,172.31.40.0-255,66,29474,73,175260
27068,0.000182,172.217.194.0-255,1484,30958,73,175260
27069,0.000184,172.31.40.0-255,66,31024,73,175260
27070,0.000211,172.31.40.0-255,66,31090,73,175260
27071,0.000214,172.217.194.0-255,1484,32574,73,175260
27072,0.000216,172.31.40.0-255,66,32640,73,175260
27073,0.00025,172.217.194.0-255,4320,36960,73,175260
27074,0.000254,172.31.40.0-255,66,37026,73,175260
27075,0.000275,172.217.194.0-255,5332,42358,73,175260
27076,0.000278,172.31.40.0-255,66,42424,73,175260
27077,0.00042,172.217.194.0-255,98,42522,73,175260
27078,0.000598,172.217.194.0-255,1484,44006,73,175260
27079,0.000603,172.31.40.0-255,66,44072,73,175260
27080,0.000608,172.217.194.0-255,2902,46974,73,175260
27081,0.000611,172.31.40.0-255,66,47040,73,175260
27082,0.00064,172.217.194.0-255,5738,52778,73,175260
27083,0.000643,172.31.40.0-255,66,52844,73,175260
27084,0.000665,172.217.194.0-255,5738,58582,73,175260
27085,0.000668,172.31.40.0-255,66,58648,73,175260
27086,0.000691,172.217.194.0-255,7156,65804,73,175260
27087,0.000694,172.31.40.0-255,66,65870,73,175260
27088,0.000706,172.31.40.0-255,66,65936,73,175260
27089,0.000709,172.217.194.0-255,766,66702,73,175260
27090,0.001301,172.217.194.0-255,1484,68186,73,175260
27091,0.001307,172.31.40.0-255,66,68252,73,175260
27092,0.001313,172.217.194.0-255,2902,71154,73,175260
27093,0.001315,172.31.40.0-255,66,71220,73,175260
27094,0.001321,172.217.194.0-255,4320,75540,73,175260
27095,0.001323,172.31.40.0-255,66,75606,73,175260
27096,0.001345,172.217.194.0-255,1484,77090,73,175260
27097,0.001351,172.217.194.0-255,2902,79992,73,175260
27098,0.001353,172.31.40.0-255,66,80058,73,175260
27099,0.00136,172.217.194.0-255,7156,87214,73,175260
27100,0.001362,172.31.40.0-255,66,87280,73,175260
27101,0.001377,172.217.194.0-255,2902,90182,73,175260
27102,0.001381,172.31.40.0-255,66,90248,73,175260
27103,0.001394,172.217.194.0-255,5738,95986,73,175260
27104,0.001397,172.31.40.0-255,66,96052,73,175260
27105,0.001417,172.217.194.0-255,5020,101072,73,175260
27106,0.001419,172.31.40.0-255,66,101138,73,175260
27107,0.001537,172.217.194.0-255,1484,102622,73,175260
27108,0.001552,172.217.194.0-255,2902,105524,73,175260
27109,0.001555,172.31.40.0-255,66,105590,73,175260
27110,0.001574,172.217.194.0-255,5738,111328,73,175260
27111,0.001576,172.31.40.0-255,66,111394,73,175260
27112,0.001607,172.31.40.0-255,66,111460,73,175260
27113,0.001625,172.217.194.0-255,2902,114362,73,175260
27114,0.001628,172.31.40.0-255,66,114428,73,175260
27115,0.001631,172.217.194.0-255,1484,115912,73,175260
27116,0.001651,172.217.194.0-255,7156,123068,73,175260
27117,0.001654,172.31.40.0-255,66,123134,73,175260
27118,0.001674,172.217.194.0-255,2184,125318,73,175260
27119,0.001676,172.31.40.0-255,66,125384,73,175260
27120,0.002095,172.217.194.0-255,1484,126868,73,175260
27121,0.002103,172.217.194.0-255,2902,129770,73,175260
27122,0.002108,172.31.40.0-255,66,129836,73,175260
27123,0.002116,172.217.194.0-255,5738,135574,73,175260
27124,0.002118,172.31.40.0-255,66,135640,73,175260
27125,0.002147,172.31.40.0-255,66,135706,73,175260
27126,0.002171,172.217.194.0-255,1484,137190,73,175260
27127,0.002182,172.31.40.0-255,66,137256,73,175260
27128,0.0022,172.217.194.0-255,4320,141576,73,175260
27129,0.002203,172.31.40.0-255,66,141642,73,175260
27130,0.002241,172.31.40.0-255,66,141708,73,175260
27131,0.002253,172.31.40.0-255,66,141774,73,175260
27132,0.002275,172.217.194.0-255,2184,143958,73,175260
27133,0.002278,172.31.40.0-255,66,144024,73,175260
27134,0.002292,172.217.194.0-255,4320,148344,73,175260
27135,0.002295,172.31.40.0-255,66,148410,73,175260
27136,0.002342,172.31.40.0-255,66,148476,73,175260
27137,0.002364,172.31.40.0-255,66,148542,73,175260
27138,0.002416,172.31.40.0-255,66,148608,73,175260
27139,0.002435,172.217.194.0-255,1484,150092,73,175260
27140,0.002459,172.31.40.0-255,66,150158,73,175260
27141,0.002475,172.31.40.0-255,66,150224,73,175260
27142,0.002505,172.217.194.0-255,6438,156662,73,175260
27143,0.002507,172.31.40.0-255,66,156728,73,175260
27144,0.002515,172.217.194.0-255,5738,162466,73,175260
27145,0.002517,172.31.40.0-255,66,162532,73,175260
27146,0.002544,172.31.40.0-255,66,162598,73,175260
27147,0.002575,172.31.40.0-255,66,162664,73,175260
27148,0.002582,172.217.194.0-255,5738,168402,73,175260
27149,0.002584,172.31.40.0-255,66,168468,73,175260
27150,0.002605,172.31.40.0-255,66,168534,73,175260
27151,0.002635,172.31.40.0-255,66,168600,73,175260
27152,0.002673,172.31.40.0-255,66,168666,73,175260
27153,0.005228,172.217.194.0-255,105,168771,73,175260
27154,0.008027,172.31.40.0-255,66,168837,73,175260
27155,0.008068,172.31.40.0-255,105,168942,73,175260
27156,0.010623,172.217.194.0-255,66,169008,73,175260
27157,0.032538,172.31.40.0-255,172,169180,73,175260
27158,0.032573,172.31.40.0-255,1114,170294,73,175260
27159,0.032638,172.31.40.0-255,1514,171808,73,175260
27160,0.03264,172.31.40.0-255,1514,173322,73,175260
27161,0.032645,172.31.40.0-255,1514,174836,73,175260
27162,0.032646,172.31.40.0-255,160,174996,73,175260
27163,0.034056,104.244.42.0-255,66,175062,73,175260
27164,0.034078,104.244.42.0-255,66,175128,73,175260
27165,0.034155,104.244.42.0-255,66,175194,73,175260
27166,0.03416,104.244.42.0-255,66,175260,73,175260
27167,0.0,172.217.194.0-255,153,153,73,118178
27168,2.3e-05,172.31.40.0-255,66,219,73,118178
27169,3e-05,172.217.194.0-255,1484,1703,73,118178
27170,3.4e-05,172.31.40.0-255,66,1769,73,118178
27171,4.7e-05,172.217.194.0-255,2902,4671,73,118178
27172,5e-05,172.31.40.0-255,66,4737,73,118178
27173,5.6e-05,172.217.194.0-255,5738,10475,73,118178
27174,6e-05,172.31.40.0-255,66,10541,73,118178
27175,0.00013,172.31.40.0-255,66,10607,73,118178
27176,0.000199,172.217.194.0-255,4320,14927,73,118178
27177,0.000202,172.31.40.0-255,66,14993,73,118178
27178,0.000219,172.217.194.0-255,2902,17895,73,118178
27179,0.000223,172.31.40.0-255,66,17961,73,118178
27180,0.000268,172.217.194.0-255,4320,22281,73,118178
27181,0.000271,172.31.40.0-255,66,22347,73,118178
27182,0.000315,172.31.40.0-255,66,22413,73,118178
27183,0.000481,172.31.40.0-255,66,22479,73,118178
27184,0.000509,172.217.194.0-255,4552,27031,73,118178
27185,0.000512,172.31.40.0-255,66,27097,73,118178
27186,0.000646,172.217.194.0-255,1484,28581,73,118178
27187,0.000651,172.31.40.0-255,66,28647,73,118178
27188,0.000656,172.217.194.0-255,2902,31549,73,118178
27189,0.000658,172.31.40.0-255,66,31615,73,118178
27190,0.000688,172.217.194.0-255,5738,37353,73,118178
27191,0.000694,172.31.40.0-255,66,37419,73,118178
27192,0.000765,172.31.40.0-255,66,37485,73,118178
27193,0.00077,172.217.194.0-255,2902,40387,73,118178
27194,0.000773,172.31.40.0-255,66,40453,73,118178
27195,0.000882,172.217.194.0-255,4320,44773,73,118178
27196,0.000886,172.31.40.0-255,66,44839,73,118178
27197,0.000916,172.217.194.0-255,6438,51277,73,118178
27198,0.000919,172.31.40.0-255,66,51343,73,118178
27199,0.001006,172.217.194.0-255,1484,52827,73,118178
27200,0.001013,172.217.194.0-255,2902,55729,73,118178
27201,0.001016,172.31.40.0-255,66,55795,73,118178
27202,0.00104,172.217.194.0-255,5738,61533,73,118178
27203,0.001043,172.31.40.0-255,66,61599,73,118178
27204,0.001099,172.217.194.0-255,7156,68755,73,118178
27205,0.001102,172.31.40.0-255,66,68821,73,118178
27206,0.00113,172.217.194.0-255,5738,74559,73,118178
27207,0.001133,172.31.40.0-255,66,74625,73,118178
27208,0.001234,172.31.40.0-255,66,74691,73,118178
27209,0.001334,172.217.194.0-255,1484,76175,73,118178
27210,0.001346,172.217.194.0-255,2902,79077,73,118178
27211,0.001349,172.31.40.0-255,66,79143,73,118178
27212,0.001379,172.217.194.0-255,5738,84881,73,118178
27213,0.001383,172.31.40.0-255,66,84947,73,118178
27214,0.001446,172.31.40.0-255,66,85013,73,118178
27215,0.001573,172.31.40.0-255,66,85079,73,118178
27216,0.001613,172.217.194.0-255,766,85845,73,118178
27217,0.001689,172.31.40.0-255,66,85911,73,118178
27218,0.001715,172.217.194.0-255,4320,90231,73,118178
27219,0.001718,172.31.40.0-255,66,90297,73,118178
27220,0.001881,172.31.40.0-255,66,90363,73,118178
27221,0.001913,172.31.40.0-255,66,90429,73,118178
27222,0.002038,172.31.40.0-255,66,90495,73,118178
27223,0.002085,172.31.40.0-255,66,90561,73,118178
27224,0.002373,172.217.194.0-255,7156,97717,73,118178
27225,0.002377,172.31.40.0-255,66,97783,73,118178
27226,0.002434,172.31.40.0-255,66,97849,73,118178
27227,0.002743,172.31.40.0-255,66,97915,73,118178
27228,0.002784,172.31.40.0-255,66,97981,73,118178
27229,0.003061,172.217.194.0-255,7156,105137,73,118178
27230,0.003065,172.31.40.0-255,66,105203,73,118178
27231,0.003112,172.31.40.0-255,66,105269,73,118178
27232,0.003534,172.31.40.0-255,66,105335,73,118178
27233,0.004215,172.217.194.0-255,4185,109520,73,118178
27234,0.010403,172.31.40.0-255,66,109586,73,118178
27235,0.013088,172.31.40.0-255,105,109691,73,118178
27236,0.01528,172.217.194.0-255,66,109757,73,118178
27237,0.032752,172.31.40.0-255,172,109929,73,118178
27238,0.032782,172.31.40.0-255,1110,111039,73,118178
27239,0.032847,172.31.40.0-255,1514,112553,73,118178
27240,0.032849,172.31.40.0-255,1514,114067,73,118178
27241,0.032854,172.31.40.0-255,1514,115581,73,118178
27242,0.032855,172.31.40.0-255,1514,117095,73,118178
27243,0.032883,172.31.40.0-255,819,117914,73,118178
27244,0.034223,104.244.42.0-255,66,117980,73,118178
27245,0.034336,104.244.42.0-255,66,118046,73,118178
27246,0.034352,104.244.42.0-255,66,118112,73,118178
27247,0.034356,104.244.42.0-255,66,118178,73,118178
27248,0.0,172.217.160.0-255,145,145,73,186952
27249,2.2e-05,172.31.40.0-255,66,211,73,186952
27250,3e-05,172.217.160.0-255,1484,1695,73,186952
27251,3.4e-05,172.31.40.0-255,66,1761,73,186952
27252,4.8e-05,172.217.160.0-255,2902,4663,73,186952
27253,5.1e-05,172.31.40.0-255,66,4729,73,186952
27254,9.4e-05,172.217.160.0-255,4320,9049,73,186952
27255,9.8e-05,172.31.40.0-255,66,9115,73,186952
27256,0.000116,172.217.160.0-255,2902,12017,73,186952
27257,0.000119,172.31.40.0-255,66,12083,73,186952
27258,0.000251,172.217.160.0-255,2134,14217,73,186952
27259,0.000255,172.31.40.0-255,66,14283,73,186952
27260,0.000286,172.217.160.0-255,5738,20021,73,186952
27261,0.000288,172.31.40.0-255,66,20087,73,186952
27262,0.000321,172.217.160.0-255,5738,25825,73,186952
27263,0.000325,172.31.40.0-255,66,25891,73,186952
27264,0.000543,172.217.160.0-255,5379,31270,73,186952
27265,0.000548,172.31.40.0-255,66,31336,73,186952
27266,0.000678,172.31.40.0-255,66,31402,73,186952
27267,0.000917,172.217.160.0-255,5379,36781,73,186952
27268,0.000922,172.31.40.0-255,66,36847,73,186952
27269,0.00104,172.31.40.0-255,66,36913,73,186952
27270,0.001075,172.31.40.0-255,66,36979,73,186952
27271,0.001392,172.217.160.0-255,340,37319,73,186952
27272,0.001398,172.31.40.0-255,66,37385,73,186952
27273,0.001405,172.217.160.0-255,120,37505,73,186952
27274,0.001407,172.31.40.0-255,66,37571,73,186952
27275,0.001417,172.217.160.0-255,2902,40473,73,186952
27276,0.001419,172.31.40.0-255,66,40539,73,186952
27277,0.001481,172.217.160.0-255,7156,47695,73,186952
27278,0.001641,172.217.160.0-255,5738,53433,73,186952
27279,0.002054,172.217.160.0-255,1125,54558,73,186952
27280,0.002686,172.217.160.0-255,4320,58878,73,186952
27281,0.002703,172.217.160.0-255,7156,66034,73,186952
27282,0.006612,172.31.40.0-255,66,66100,73,186952
27283,0.00856,172.217.160.0-255,5738,71838,73,186952
27284,0.008569,172.31.40.0-255,66,71904,73,186952
27285,0.010517,172.217.160.0-255,4320,76224,73,186952
27286,0.010529,172.31.40.0-255,66,76290,73,186952
27287,0.010558,172.217.160.0-255,1484,77774,73,186952
27288,0.012474,172.217.160.0-255,4320,82094,73,186952
27289,0.012482,172.31.40.0-255,66,82160,73,186952
27290,0.014423,172.217.160.0-255,5738,87898,73,186952
27291,0.014868,172.31.40.0-255,66,87964,73,186952
27292,0.016813,172.217.160.0-255,5738,93702,73,186952
27293,0.016821,172.31.40.0-255,66,93768,73,186952
27294,0.018767,172.217.160.0-255,5738,99506,73,186952
27295,0.018776,172.31.40.0-255,66,99572,73,186952
27296,0.020716,172.217.160.0-255,5738,105310,73,186952
27297,0.020723,172.31.40.0-255,66,105376,73,186952
27298,0.022661,172.217.160.0-255,5738,111114,73,186952
27299,0.022667,172.31.40.0-255,66,111180,73,186952
27300,0.024608,172.217.160.0-255,5738,116918,73,186952
27301,0.024617,172.31.40.0-255,66,116984,73,186952
27302,0.0266,172.217.160.0-255,5738,122722,73,186952
27303,0.026607,172.31.40.0-255,66,122788,73,186952
27304,0.02761,172.31.40.0-255,172,122960,73,186952
27305,0.027642,172.31.40.0-255,1116,124076,73,186952
27306,0.027698,172.31.40.0-255,1514,125590,73,186952
27307,0.0277,172.31.40.0-255,1514,127104,73,186952
27308,0.027703,172.31.40.0-255,1436,128540,73,186952
27309,0.028549,172.217.160.0-255,5738,134278,73,186952
27310,0.028556,172.31.40.0-255,66,134344,73,186952
27311,0.02918,104.244.42.0-255,66,134410,73,186952
27312,0.029189,104.244.42.0-255,66,134476,73,186952
27313,0.029283,104.244.42.0-255,66,134542,73,186952
27314,0.030144,104.244.42.0-255,108,134650,73,186952
27315,0.030153,172.31.40.0-255,66,134716,73,186952
27316,0.030498,172.217.160.0-255,5738,140454,73,186952
27317,0.030503,172.31.40.0-255,66,140520,73,186952
27318,0.032442,172.217.160.0-255,5738,146258,73,186952
27319,0.032449,172.31.40.0-255,66,146324,73,186952
27320,0.034388,172.217.160.0-255,5738,152062,73,186952
27321,0.034394,172.31.40.0-255,66,152128,73,186952
27322,0.036346,172.217.160.0-255,5738,157866,73,186952
27323,0.036352,172.31.40.0-255,66,157932,73,186952
27324,0.038311,172.217.160.0-255,5738,163670,73,186952
27325,0.040211,172.31.40.0-255,66,163736,73,186952
27326,0.042167,172.217.160.0-255,5738,169474,73,186952
27327,0.042183,172.31.40.0-255,66,169540,73,186952
27328,0.044126,172.217.160.0-255,5738,175278,73,186952
27329,0.044138,172.31.40.0-255,66,175344,73,186952
27330,0.046109,172.217.160.0-255,5738,181082,73,186952
27331,0.046121,172.31.40.0-255,66,181148,73,186952
27332,0.048094,172.217.160.0-255,5738,186886,73,186952
27333,0.048108,172.31.40.0-255,66,186952,73,186952
27334,0.0,172.217.160.0-255,146,146,73,265779
27335,2.7e-05,172.31.40.0-255,66,212,73,265779
27336,3.5e-05,172.217.160.0-255,1484,1696,73,265779
27337,3.9e-05,172.31.40.0-255,66,1762,73,265779
27338,5.2e-05,172.217.160.0-255,2902,4664,73,265779
27339,5.6e-05,172.31.40.0-255,66,4730,73,265779
27340,6.5e-05,172.217.160.0-255,7156,11886,73,265779
27341,6.8e-05,172.31.40.0-255,66,11952,73,265779
27342,0.000113,172.217.160.0-255,2050,14002,73,265779
27343,0.000117,172.31.40.0-255,66,14068,73,265779
27344,0.000156,172.217.160.0-255,2902,16970,73,265779
27345,0.000158,172.31.40.0-255,66,17036,73,265779
27346,0.000203,172.217.160.0-255,7156,24192,73,265779
27347,0.000206,172.31.40.0-255,66,24258,73,265779
27348,0.000244,172.217.160.0-255,2902,27160,73,265779
27349,0.000247,172.31.40.0-255,66,27226,73,265779
27350,0.000295,172.31.40.0-255,66,27292,73,265779
27351,0.000416,172.217.160.0-255,1484,28776,73,265779
27352,0.00042,172.31.40.0-255,66,28842,73,265779
27353,0.00045,172.217.160.0-255,6797,35639,73,265779
27354,0.000453,172.31.40.0-255,66,35705,73,265779
27355,0.000523,172.217.160.0-255,5738,41443,73,265779
27356,0.000527,172.31.40.0-255,66,41509,73,265779
27357,0.000558,172.217.160.0-255,7156,48665,73,265779
27358,0.000561,172.31.40.0-255,66,48731,73,265779
27359,0.000661,172.217.160.0-255,4236,52967,73,265779
27360,0.000665,172.31.40.0-255,66,53033,73,265779
27361,0.000888,172.217.160.0-255,123,53156,73,265779
27362,0.000893,172.31.40.0-255,66,53222,73,265779
27363,0.001001,172.217.160.0-255,1484,54706,73,265779
27364,0.001005,172.31.40.0-255,66,54772,73,265779
27365,0.001011,172.217.160.0-255,2902,57674,73,265779
27366,0.001013,172.31.40.0-255,66,57740,73,265779
27367,0.00104,172.217.160.0-255,5738,63478,73,265779
27368,0.001043,172.31.40.0-255,66,63544,73,265779
27369,0.001098,172.217.160.0-255,4320,67864,73,265779
27370,0.001101,172.31.40.0-255,66,67930,73,265779
27371,0.001142,172.217.160.0-255,2857,70787,73,265779
27372,0.001146,172.31.40.0-255,66,70853,73,265779
27373,0.001178,172.217.160.0-255,1484,72337,73,265779
27374,0.001184,172.217.160.0-255,2902,75239,73,265779
27375,0.001186,172.31.40.0-255,66,75305,73,265779
27376,0.001239,172.217.160.0-255,2902,78207,73,265779
27377,0.001242,172.31.40.0-255,66,78273,73,265779
27378,0.001269,172.217.160.0-255,2902,81175,73,265779
27379,0.001272,172.31.40.0-255,66,81241,73,265779
27380,0.0013,172.217.160.0-255,6797,88038,73,265779
27381,0.001303,172.31.40.0-255,66,88104,73,265779
27382,0.001556,172.217.160.0-255,1484,89588,73,265779
27383,0.001564,172.217.160.0-255,2902,92490,73,265779
27384,0.001568,172.31.40.0-255,66,92556,73,265779
27385,0.001605,172.217.160.0-255,5738,98294,73,265779
27386,0.001609,172.31.40.0-255,66,98360,73,265779
27387,0.00165,172.31.40.0-255,66,98426,73,265779
27388,0.001785,172.31.40.0-255,66,98492,73,265779
27389,0.001876,172.217.160.0-255,766,99258,73,265779
27390,0.003425,172.217.160.0-255,4320,103578,73,265779
27391,0.003435,172.31.40.0-255,66,103644,73,265779
27392,0.005079,172.217.160.0-255,5738,109382,73,265779
27393,0.005088,172.31.40.0-255,66,109448,73,265779
27394,0.006732,172.217.160.0-255,5738,115186,73,265779
27395,0.006737,172.31.40.0-255,66,115252,73,265779
27396,0.008387,172.217.160.0-255,5738,120990,73,265779
27397,0.008393,172.31.40.0-255,66,121056,73,265779
27398,0.010041,172.217.160.0-255,5738,126794,73,265779
27399,0.010049,172.31.40.0-255,66,126860,73,265779
27400,0.011709,172.217.160.0-255,5738,132598,73,265779
27401,0.011718,172.31.40.0-255,66,132664,73,265779
27402,0.013375,172.217.160.0-255,5738,138402,73,265779
27403,0.013392,172.31.40.0-255,66,138468,73,265779
27404,0.015034,172.217.160.0-255,5738,144206,73,265779
27405,0.015043,172.31.40.0-255,66,144272,73,265779
27406,0.016703,172.217.160.0-255,5738,150010,73,265779
27407,0.016715,172.31.40.0-255,66,150076,73,265779
27408,0.018364,172.217.160.0-255,5738,155814,73,265779
27409,0.018373,172.31.40.0-255,66,155880,73,265779
27410,0.020032,172.217.160.0-255,5738,161618,73,265779
27411,0.020042,172.31.40.0-255,66,161684,73,265779
27412,0.021697,172.217.160.0-255,5738,167422,73,265779
27413,0.021709,172.31.40.0-255,66,167488,73,265779
27414,0.023368,172.217.160.0-255,5738,173226,73,265779
27415,0.023377,172.31.40.0-255,66,173292,73,265779
27416,0.025032,172.217.160.0-255,5738,179030,73,265779
27417,0.02504,172.31.40.0-255,66,179096,73,265779
27418,0.025372,172.31.40.0-255,172,179268,73,265779
27419,0.025403,172.31.40.0-255,1111,180379,73,265779
27420,0.025468,172.31.40.0-255,1514,181893,73,265779
27421,0.02547,172.31.40.0-255,1514,183407,73,265779
27422,0.025494,172.31.40.0-255,852,184259,73,265779
27423,0.026697,172.217.160.0-255,5738,189997,73,265779
27424,0.026704,172.31.40.0-255,66,190063,73,265779
27425,0.026882,104.244.42.0-255,66,190129,73,265779
27426,0.026938,104.244.42.0-255,66,190195,73,265779
27427,0.026995,104.244.42.0-255,66,190261,73,265779
27428,0.027,104.244.42.0-255,66,190327,73,265779
27429,0.028366,172.217.160.0-255,5738,196065,73,265779
27430,0.028372,172.31.40.0-255,66,196131,73,265779
27431,0.03003,172.217.160.0-255,5738,201869,73,265779
27432,0.030037,172.31.40.0-255,66,201935,73,265779
27433,0.031691,172.217.160.0-255,5738,207673,73,265779
27434,0.031697,172.31.40.0-255,66,207739,73,265779
27435,0.033346,172.217.160.0-255,5738,213477,73,265779
27436,0.033353,172.31.40.0-255,66,213543,73,265779
27437,0.035026,172.217.160.0-255,5738,219281,73,265779
27438,0.035035,172.31.40.0-255,66,219347,73,265779
27439,0.036696,172.217.160.0-255,5738,225085,73,265779
27440,0.036713,172.31.40.0-255,66,225151,73,265779
27441,0.038391,172.217.160.0-255,5738,230889,73,265779
27442,0.038405,172.31.40.0-255,66,230955,73,265779
27443,0.040076,172.217.160.0-255,5738,236693,73,265779
27444,0.04009,172.31.40.0-255,66,236759,73,265779
27445,0.041744,172.217.160.0-255,5738,242497,73,265779
27446,0.041765,172.31.40.0-255,66,242563,73,265779
27447,0.043427,172.217.160.0-255,5738,248301,73,265779
27448,0.043445,172.31.40.0-255,66,248367,73,265779
27449,0.045099,172.217.160.0-255,5738,254105,73,265779
27450,0.045112,172.31.40.0-255,66,254171,73,265779
27451,0.046766,172.217.160.0-255,5738,259909,73,265779
27452,0.04678,172.31.40.0-255,66,259975,73,265779
27453,0.048443,172.217.160.0-255,5738,265713,73,265779
27454,0.048457,172.31.40.0-255,66,265779,73,265779
27455,0.0,74.125.68.0-255,150,150,73,266378
27456,2.4e-05,172.31.40.0-255,66,216,73,266378
27457,3.1e-05,74.125.68.0-255,1484,1700,73,266378
27458,3.5e-05,172.31.40.0-255,66,1766,73,266378
27459,5.4e-05,74.125.68.0-255,2902,4668,73,266378
27460,5.7e-05,172.31.40.0-255,66,4734,73,266378
27461,7.3e-05,74.125.68.0-255,1484,6218,73,266378
27462,7.6e-05,172.31.40.0-255,66,6284,73,266378
27463,0.000102,74.125.68.0-255,2902,9186,73,266378
27464,0.000105,172.31.40.0-255,66,9252,73,266378
27465,0.00013,74.125.68.0-255,6265,15517,73,266378
27466,0.000133,172.31.40.0-255,66,15583,73,266378
27467,0.000137,74.125.68.0-255,2902,18485,73,266378
27468,0.000139,172.31.40.0-255,66,18551,73,266378
27469,0.000175,172.31.40.0-255,66,18617,73,266378
27470,0.000178,74.125.68.0-255,1125,19742,73,266378
27471,0.00018,172.31.40.0-255,66,19808,73,266378
27472,0.000293,74.125.68.0-255,1484,21292,73,266378
27473,0.000297,172.31.40.0-255,66,21358,73,266378
27474,0.000332,74.125.68.0-255,2902,24260,73,266378
27475,0.000336,172.31.40.0-255,66,24326,73,266378
27476,0.000353,74.125.68.0-255,1484,25810,73,266378
27477,0.000356,172.31.40.0-255,66,25876,73,266378
27478,0.00036,74.125.68.0-255,2902,28778,73,266378
27479,0.000362,172.31.40.0-255,66,28844,73,266378
27480,0.000387,74.125.68.0-255,5738,34582,73,266378
27481,0.000389,172.31.40.0-255,66,34648,73,266378
27482,0.000407,74.125.68.0-255,1484,36132,73,266378
27483,0.000409,172.31.40.0-255,66,36198,73,266378
27484,0.000432,74.125.68.0-255,5379,41577,73,266378
27485,0.000434,172.31.40.0-255,66,41643,73,266378
27486,0.00044,74.125.68.0-255,5738,47381,73,266378
27487,0.000443,172.31.40.0-255,66,47447,73,266378
27488,0.000475,74.125.68.0-255,7111,54558,73,266378
27489,0.000478,172.31.40.0-255,66,54624,73,266378
27490,0.00048,74.125.68.0-255,108,54732,73,266378
27491,0.000626,74.125.68.0-255,1484,56216,73,266378
27492,0.000631,172.31.40.0-255,66,56282,73,266378
27493,0.000657,74.125.68.0-255,2902,59184,73,266378
27494,0.00066,172.31.40.0-255,66,59250,73,266378
27495,0.000666,74.125.68.0-255,5738,64988,73,266378
27496,0.000669,172.31.40.0-255,66,65054,73,266378
27497,0.000701,74.125.68.0-255,6797,71851,73,266378
27498,0.000705,172.31.40.0-255,66,71917,73,266378
27499,0.000712,74.125.68.0-255,7156,79073,73,266378
27500,0.000714,172.31.40.0-255,66,79139,73,266378
27501,0.000776,172.31.40.0-255,66,79205,73,266378
27502,0.001822,74.125.68.0-255,1484,80689,73,266378
27503,0.001832,74.125.68.0-255,2902,83591,73,266378
27504,0.001836,172.31.40.0-255,66,83657,73,266378
27505,0.001844,74.125.68.0-255,5738,89395,73,266378
27506,0.001846,172.31.40.0-255,66,89461,73,266378
27507,0.001883,74.125.68.0-255,7156,96617,73,266378
27508,0.001886,172.31.40.0-255,66,96683,73,266378
27509,0.001911,74.125.68.0-255,7156,103839,73,266378
27510,0.001913,172.31.40.0-255,66,103905,73,266378
27511,0.00192,74.125.68.0-255,4320,108225,73,266378
27512,0.001921,172.31.40.0-255,66,108291,73,266378
27513,0.001947,74.125.68.0-255,4320,112611,73,266378
27514,0.00195,172.31.40.0-255,66,112677,73,266378
27515,0.001953,74.125.68.0-255,766,113443,73,266378
27516,0.002027,74.125.68.0-255,1484,114927,73,266378
27517,0.00203,172.31.40.0-255,66,114993,73,266378
27518,0.002054,74.125.68.0-255,2902,117895,73,266378
27519,0.002057,172.31.40.0-255,66,117961,73,266378
27520,0.002079,74.125.68.0-255,1484,119445,73,266378
27521,0.002082,74.125.68.0-255,1484,120929,73,266378
27522,0.002084,172.31.40.0-255,66,120995,73,266378
27523,0.002096,74.125.68.0-255,1484,122479,73,266378
27524,0.002101,74.125.68.0-255,4320,126799,73,266378
27525,0.002104,172.31.40.0-255,66,126865,73,266378
27526,0.002126,74.125.68.0-255,1484,128349,73,266378
27527,0.002137,172.31.40.0-255,66,128415,73,266378
27528,0.002142,74.125.68.0-255,2902,131317,73,266378
27529,0.002144,172.31.40.0-255,66,131383,73,266378
27530,0.00218,172.31.40.0-255,66,131449,73,266378
27531,0.002185,74.125.68.0-255,4320,135769,73,266378
27532,0.002187,172.31.40.0-255,66,135835,73,266378
27533,0.002201,74.125.68.0-255,4320,140155,73,266378
27534,0.002204,172.31.40.0-255,66,140221,73,266378
27535,0.002236,172.31.40.0-255,66,140287,73,266378
27536,0.002243,74.125.68.0-255,5738,146025,73,266378
27537,0.002245,172.31.40.0-255,66,146091,73,266378
27538,0.002317,172.31.40.0-255,66,146157,73,266378
27539,0.002332,172.31.40.0-255,66,146223,73,266378
27540,0.00462,74.125.68.0-255,5738,151961,73,266378
27541,0.004627,172.31.40.0-255,66,152027,73,266378
27542,0.006926,74.125.68.0-255,5738,157765,73,266378
27543,0.006931,172.31.40.0-255,66,157831,73,266378
27544,0.009275,74.125.68.0-255,5738,163569,73,266378
27545,0.009282,172.31.40.0-255,66,163635,73,266378
27546,0.011569,74.125.68.0-255,5738,169373,73,266378
27547,0.011577,172.31.40.0-255,66,169439,73,266378
27548,0.013876,74.125.68.0-255,5738,175177,73,266378
27549,0.013883,172.31.40.0-255,66,175243,73,266378
27550,0.016169,74.125.68.0-255,5738,180981,73,266378
27551,0.016176,172.31.40.0-255,66,181047,73,266378
27552,0.018468,74.125.68.0-255,5738,186785,73,266378
27553,0.018475,172.31.40.0-255,66,186851,73,266378
27554,0.020772,74.125.68.0-255,5738,192589,73,266378
27555,0.020779,172.31.40.0-255,66,192655,73,266378
27556,0.02313,74.125.68.0-255,5738,198393,73,266378
27557,0.023137,172.31.40.0-255,66,198459,73,266378
27558,0.025423,74.125.68.0-255,5738,204197,73,266378
27559,0.025432,172.31.40.0-255,66,204263,73,266378
27560,0.027726,74.125.68.0-255,5738,210001,73,266378
27561,0.027734,172.31.40.0-255,66,210067,73,266378
27562,0.030025,74.125.68.0-255,5738,215805,73,266378
27563,0.030033,172.31.40.0-255,66,215871,73,266378
27564,0.032322,74.125.68.0-255,5738,221609,73,266378
27565,0.032329,172.31.40.0-255,66,221675,73,266378
27566,0.03462,74.125.68.0-255,5738,227413,73,266378
27567,0.034627,172.31.40.0-255,66,227479,73,266378
27568,0.036914,74.125.68.0-255,5738,233217,73,266378
27569,0.036921,172.31.40.0-255,66,233283,73,266378
27570,0.039212,74.125.68.0-255,5738,239021,73,266378
27571,0.03922,172.31.40.0-255,66,239087,73,266378
27572,0.039788,172.31.40.0-255,172,239259,73,266378
27573,0.039823,172.31.40.0-255,1111,240370,73,266378
27574,0.039896,172.31.40.0-255,1514,241884,73,266378
27575,0.039898,172.31.40.0-255,1514,243398,73,266378
27576,0.039922,172.31.40.0-255,852,244250,73,266378
27577,0.041339,104.244.42.0-255,66,244316,73,266378
27578,0.041372,104.244.42.0-255,66,244382,73,266378
27579,0.041437,104.244.42.0-255,66,244448,73,266378
27580,0.041442,104.244.42.0-255,66,244514,73,266378
27581,0.041498,74.125.68.0-255,4320,248834,73,266378
27582,0.041508,172.31.40.0-255,66,248900,73,266378
27583,0.04152,74.125.68.0-255,1484,250384,73,266378
27584,0.043806,74.125.68.0-255,4320,254704,73,266378
27585,0.043822,172.31.40.0-255,66,254770,73,266378
27586,0.046127,74.125.68.0-255,5738,260508,73,266378
27587,0.046144,172.31.40.0-255,66,260574,73,266378
27588,0.048456,74.125.68.0-255,5738,266312,73,266378
27589,0.048471,172.31.40.0-255,66,266378,73,266378
27590,0.0,172.253.118.0-255,150,150,73,238845
27591,3e-05,172.31.40.0-255,66,216,73,238845
27592,3.8e-05,172.253.118.0-255,1484,1700,73,238845
27593,4.2e-05,172.31.40.0-255,66,1766,73,238845
27594,4.8e-05,172.253.118.0-255,2902,4668,73,238845
27595,5.1e-05,172.31.40.0-255,66,4734,73,238845
27596,5.8e-05,172.253.118.0-255,5738,10472,73,238845
27597,6e-05,172.31.40.0-255,66,10538,73,238845
27598,6.5e-05,172.253.118.0-255,3560,14098,73,238845
27599,6.8e-05,172.31.40.0-255,66,14164,73,238845
27600,0.000125,172.253.118.0-255,1484,15648,73,238845
27601,0.000128,172.31.40.0-255,66,15714,73,238845
27602,0.000132,172.253.118.0-255,2902,18616,73,238845
27603,0.000134,172.31.40.0-255,66,18682,73,238845
27604,0.00015,172.253.118.0-255,5738,24420,73,238845
27605,0.000153,172.31.40.0-255,66,24486,73,238845
27606,0.000185,172.253.118.0-255,1484,25970,73,238845
27607,0.000187,172.31.40.0-255,66,26036,73,238845
27608,0.000217,172.253.118.0-255,1484,27520,73,238845
27609,0.000219,172.31.40.0-255,66,27586,73,238845
27610,0.000238,172.253.118.0-255,3961,31547,73,238845
27611,0.00024,172.31.40.0-255,66,31613,73,238845
27612,0.000374,172.253.118.0-255,1484,33097,73,238845
27613,0.000378,172.31.40.0-255,66,33163,73,238845
27614,0.000382,172.253.118.0-255,1484,34647,73,238845
27615,0.000384,172.31.40.0-255,66,34713,73,238845
27616,0.000398,172.253.118.0-255,1484,36197,73,238845
27617,0.000401,172.31.40.0-255,66,36263,73,238845
27618,0.000407,172.253.118.0-255,5738,42001,73,238845
27619,0.000409,172.31.40.0-255,66,42067,73,238845
27620,0.000446,172.253.118.0-255,4320,46387,73,238845
27621,0.000449,172.31.40.0-255,66,46453,73,238845
27622,0.000466,172.253.118.0-255,2543,48996,73,238845
27623,0.000468,172.31.40.0-255,66,49062,73,238845
27624,0.000492,172.253.118.0-255,1484,50546,73,238845
27625,0.000516,172.31.40.0-255,66,50612,73,238845
27626,0.000532,172.253.118.0-255,1484,52096,73,238845
27627,0.000609,172.253.118.0-255,2543,54639,73,238845
27628,0.000613,172.31.40.0-255,66,54705,73,238845
27629,0.000657,172.253.118.0-255,678,55383,73,238845
27630,0.001077,172.31.40.0-255,66,55449,73,238845
27631,0.001094,172.253.118.0-255,1484,56933,73,238845
27632,0.001097,172.253.118.0-255,1484,58417,73,238845
27633,0.0011,172.31.40.0-255,66,58483,73,238845
27634,0.001118,172.253.118.0-255,1484,59967,73,238845
27635,0.001124,172.253.118.0-255,5738,65705,73,238845
27636,0.001126,172.31.40.0-255,66,65771,73,238845
27637,0.001172,172.253.118.0-255,4320,70091,73,238845
27638,0.001175,172.31.40.0-255,66,70157,73,238845
27639,0.001207,172.253.118.0-255,7156,77313,73,238845
27640,0.00121,172.31.40.0-255,66,77379,73,238845
27641,0.001231,172.253.118.0-255,4320,81699,73,238845
27642,0.001233,172.31.40.0-255,66,81765,73,238845
27643,0.00128,172.253.118.0-255,4320,86085,73,238845
27644,0.001284,172.31.40.0-255,66,86151,73,238845
27645,0.0013,172.253.118.0-255,3602,89753,73,238845
27646,0.001302,172.31.40.0-255,66,89819,73,238845
27647,0.002349,172.253.118.0-255,1484,91303,73,238845
27648,0.00236,172.253.118.0-255,2902,94205,73,238845
27649,0.002364,172.31.40.0-255,66,94271,73,238845
27650,0.002373,172.253.118.0-255,5738,100009,73,238845
27651,0.002376,172.31.40.0-255,66,100075,73,238845
27652,0.0024,172.253.118.0-255,2902,102977,73,238845
27653,0.002402,172.31.40.0-255,66,103043,73,238845
27654,0.002432,172.31.40.0-255,66,103109,73,238845
27655,0.002499,172.253.118.0-255,1484,104593,73,238845
27656,0.00252,172.253.118.0-255,4320,108913,73,238845
27657,0.002522,172.31.40.0-255,66,108979,73,238845
27658,0.002546,172.253.118.0-255,5020,113999,73,238845
27659,0.002548,172.31.40.0-255,66,114065,73,238845
27660,0.002585,172.253.118.0-255,1484,115549,73,238845
27661,0.002631,172.31.40.0-255,66,115615,73,238845
27662,0.00265,172.253.118.0-255,2902,118517,73,238845
27663,0.002652,172.31.40.0-255,66,118583,73,238845
27664,0.002698,172.253.118.0-255,4320,122903,73,238845
27665,0.0027,172.31.40.0-255,66,122969,73,238845
27666,0.002733,172.31.40.0-255,66,123035,73,238845
27667,0.002757,172.253.118.0-255,6438,129473,73,238845
27668,0.002761,172.31.40.0-255,66,129539,73,238845
27669,0.005314,172.253.118.0-255,5738,135277,73,238845
27670,0.005319,172.31.40.0-255,66,135343,73,238845
27671,0.007894,172.253.118.0-255,5738,141081,73,238845
27672,0.007906,172.31.40.0-255,66,141147,73,238845
27673,0.010498,172.253.118.0-255,5738,146885,73,238845
27674,0.010509,172.31.40.0-255,66,146951,73,238845
27675,0.013082,172.253.118.0-255,5738,152689,73,238845
27676,0.013097,172.31.40.0-255,66,152755,73,238845
27677,0.01569,172.253.118.0-255,5738,158493,73,238845
27678,0.015704,172.31.40.0-255,66,158559,73,238845
27679,0.018453,172.253.118.0-255,5738,164297,73,238845
27680,0.018465,172.31.40.0-255,66,164363,73,238845
27681,0.021047,172.253.118.0-255,5738,170101,73,238845
27682,0.021058,172.31.40.0-255,66,170167,73,238845
27683,0.02364,172.253.118.0-255,4320,174487,73,238845
27684,0.02365,172.31.40.0-255,66,174553,73,238845
27685,0.023671,172.253.118.0-255,1484,176037,73,238845
27686,0.026234,172.253.118.0-255,4320,180357,73,238845
27687,0.026244,172.31.40.0-255,66,180423,73,238845
27688,0.028816,172.253.118.0-255,5738,186161,73,238845
27689,0.028823,172.31.40.0-255,66,186227,73,238845
27690,0.02991,172.31.40.0-255,172,186399,73,238845
27691,0.029947,172.31.40.0-255,1115,187514,73,238845
27692,0.030009,172.31.40.0-255,1514,189028,73,238845
27693,0.030011,172.31.40.0-255,1514,190542,73,238845
27694,0.030016,172.31.40.0-255,1514,192056,73,238845
27695,0.030017,172.31.40.0-255,159,192215,73,238845
27696,0.031401,172.253.118.0-255,5738,197953,73,238845
27697,0.03141,172.31.40.0-255,66,198019,73,238845
27698,0.031449,104.244.42.0-255,66,198085,73,238845
27699,0.031507,104.244.42.0-255,66,198151,73,238845
27700,0.031616,104.244.42.0-255,66,198217,73,238845
27701,0.033986,172.253.118.0-255,5738,203955,73,238845
27702,0.033993,172.31.40.0-255,66,204021,73,238845
27703,0.036571,172.253.118.0-255,5738,209759,73,238845
27704,0.036578,172.31.40.0-255,66,209825,73,238845
27705,0.039165,172.253.118.0-255,5738,215563,73,238845
27706,0.039175,172.31.40.0-255,66,215629,73,238845
27707,0.041772,172.253.118.0-255,5738,221367,73,238845
27708,0.041791,172.31.40.0-255,66,221433,73,238845
27709,0.044379,172.253.118.0-255,5738,227171,73,238845
27710,0.044389,172.31.40.0-255,66,227237,73,238845
27711,0.046974,172.253.118.0-255,5738,232975,73,238845
27712,0.046993,172.31.40.0-255,66,233041,73,238845
27713,0.049592,172.253.118.0-255,5738,238779,73,238845
27714,0.049611,172.31.40.0-255,66,238845,73,238845
27715,0.0,74.125.68.0-255,146,146,73,266510
27716,2.3e-05,172.31.40.0-255,66,212,73,266510
27717,3e-05,74.125.68.0-255,1484,1696,73,266510
27718,3.4e-05,172.31.40.0-255,66,1762,73,266510
27719,3.9e-05,74.125.68.0-255,2902,4664,73,266510
27720,4.2e-05,172.31.40.0-255,66,4730,73,266510
27721,5.9e-05,74.125.68.0-255,1484,6214,73,266510
27722,6.1e-05,172.31.40.0-255,66,6280,73,266510
27723,8.8e-05,74.125.68.0-255,5738,12018,73,266510
27724,9.1e-05,172.31.40.0-255,66,12084,73,266510
27725,0.000107,74.125.68.0-255,2076,14160,73,266510
27726,0.000109,172.31.40.0-255,66,14226,73,266510
27727,0.000212,74.125.68.0-255,1484,15710,73,266510
27728,0.000217,172.31.40.0-255,66,15776,73,266510
27729,0.000222,74.125.68.0-255,2902,18678,73,266510
27730,0.000224,172.31.40.0-255,66,18744,73,266510
27731,0.000269,74.125.68.0-255,4320,23064,73,266510
27732,0.000272,172.31.40.0-255,66,23130,73,266510
27733,0.000282,74.125.68.0-255,1484,24614,73,266510
27734,0.000284,172.31.40.0-255,66,24680,73,266510
27735,0.000307,74.125.68.0-255,5738,30418,73,266510
27736,0.000309,172.31.40.0-255,66,30484,73,266510
27737,0.000323,74.125.68.0-255,1125,31609,73,266510
27738,0.000325,172.31.40.0-255,66,31675,73,266510
27739,0.000484,74.125.68.0-255,1484,33159,73,266510
27740,0.000489,172.31.40.0-255,66,33225,73,266510
27741,0.000507,74.125.68.0-255,1484,34709,73,266510
27742,0.000509,172.31.40.0-255,66,34775,73,266510
27743,0.000534,74.125.68.0-255,2902,37677,73,266510
27744,0.000537,172.31.40.0-255,66,37743,73,266510
27745,0.000564,74.125.68.0-255,5738,43481,73,266510
27746,0.000567,172.31.40.0-255,66,43547,73,266510
27747,0.000571,74.125.68.0-255,2902,46449,73,266510
27748,0.000574,172.31.40.0-255,66,46515,73,266510
27749,0.000617,74.125.68.0-255,3961,50476,73,266510
27750,0.00062,172.31.40.0-255,66,50542,73,266510
27751,0.000632,74.125.68.0-255,1484,52026,73,266510
27752,0.000652,74.125.68.0-255,1484,53510,73,266510
27753,0.000656,172.31.40.0-255,66,53576,73,266510
27754,0.000676,74.125.68.0-255,1484,55060,73,266510
27755,0.000683,74.125.68.0-255,5738,60798,73,266510
27756,0.000686,172.31.40.0-255,66,60864,73,266510
27757,0.000716,74.125.68.0-255,5379,66243,73,266510
27758,0.000719,172.31.40.0-255,66,66309,73,266510
27759,0.000898,74.125.68.0-255,360,66669,73,266510
27760,0.000981,74.125.68.0-255,1484,68153,73,266510
27761,0.000986,172.31.40.0-255,66,68219,73,266510
27762,0.000991,74.125.68.0-255,2902,71121,73,266510
27763,0.000994,172.31.40.0-255,66,71187,73,266510
27764,0.001036,74.125.68.0-255,2902,74089,73,266510
27765,0.00104,172.31.40.0-255,66,74155,73,266510
27766,0.001045,74.125.68.0-255,4320,78475,73,266510
27767,0.001048,172.31.40.0-255,66,78541,73,266510
27768,0.001081,172.31.40.0-255,66,78607,73,266510
27769,0.001088,74.125.68.0-255,5738,84345,73,266510
27770,0.00109,172.31.40.0-255,66,84411,73,266510
27771,0.001097,74.125.68.0-255,7156,91567,73,266510
27772,0.0011,172.31.40.0-255,66,91633,73,266510
27773,0.00113,74.125.68.0-255,1083,92716,73,266510
27774,0.001499,172.31.40.0-255,66,92782,73,266510
27775,0.001714,74.125.68.0-255,1484,94266,73,266510
27776,0.001723,74.125.68.0-255,1484,95750,73,266510
27777,0.001727,172.31.40.0-255,66,95816,73,266510
27778,0.001745,74.125.68.0-255,1484,97300,73,266510
27779,0.001757,74.125.68.0-255,1484,98784,73,266510
27780,0.00176,172.31.40.0-255,66,98850,73,266510
27781,0.001768,74.125.68.0-255,5738,104588,73,266510
27782,0.00177,172.31.40.0-255,66,104654,73,266510
27783,0.001797,74.125.68.0-255,5738,110392,73,266510
27784,0.0018,172.31.40.0-255,66,110458,73,266510
27785,0.001807,74.125.68.0-255,7156,117614,73,266510
27786,0.001809,172.31.40.0-255,66,117680,73,266510
27787,0.001858,172.31.40.0-255,66,117746,73,266510
27788,0.001896,74.125.68.0-255,1484,119230,73,266510
27789,0.001919,74.125.68.0-255,2902,122132,73,266510
27790,0.001922,172.31.40.0-255,66,122198,73,266510
27791,0.001927,74.125.68.0-255,2902,125100,73,266510
27792,0.001929,172.31.40.0-255,66,125166,73,266510
27793,0.001942,74.125.68.0-255,1484,126650,73,266510
27794,0.00196,74.125.68.0-255,2902,129552,73,266510
27795,0.001963,172.31.40.0-255,66,129618,73,266510
27796,0.00197,74.125.68.0-255,5738,135356,73,266510
27797,0.001972,172.31.40.0-255,66,135422,73,266510
27798,0.001986,74.125.68.0-255,2902,138324,73,266510
27799,0.001989,172.31.40.0-255,66,138390,73,266510
27800,0.001994,74.125.68.0-255,4320,142710,73,266510
27801,0.001997,172.31.40.0-255,66,142776,73,266510
27802,0.002002,74.125.68.0-255,2902,145678,73,266510
27803,0.002004,172.31.40.0-255,66,145744,73,266510
27804,0.002028,74.125.68.0-255,2902,148646,73,266510
27805,0.002031,172.31.40.0-255,66,148712,73,266510
27806,0.002034,74.125.68.0-255,1484,150196,73,266510
27807,0.00205,74.125.68.0-255,2184,152380,73,266510
27808,0.002052,172.31.40.0-255,66,152446,73,266510
27809,0.004406,74.125.68.0-255,1484,153930,73,266510
27810,0.004426,74.125.68.0-255,4320,158250,73,266510
27811,0.004432,172.31.40.0-255,66,158316,73,266510
27812,0.006818,74.125.68.0-255,5738,164054,73,266510
27813,0.006824,172.31.40.0-255,66,164120,73,266510
27814,0.009203,74.125.68.0-255,4320,168440,73,266510
27815,0.009209,172.31.40.0-255,66,168506,73,266510
27816,0.009232,74.125.68.0-255,1484,169990,73,266510
27817,0.011605,74.125.68.0-255,4320,174310,73,266510
27818,0.011613,172.31.40.0-255,66,174376,73,266510
27819,0.014002,74.125.68.0-255,5738,180114,73,266510
27820,0.014012,172.31.40.0-255,66,180180,73,266510
27821,0.016418,74.125.68.0-255,5738,185918,73,266510
27822,0.016427,172.31.40.0-255,66,185984,73,266510
27823,0.018817,74.125.68.0-255,5738,191722,73,266510
27824,0.018824,172.31.40.0-255,66,191788,73,266510
27825,0.021212,74.125.68.0-255,5738,197526,73,266510
27826,0.021219,172.31.40.0-255,66,197592,73,266510
27827,0.023617,74.125.68.0-255,5738,203330,73,266510
27828,0.023624,172.31.40.0-255,66,203396,73,266510
27829,0.026019,74.125.68.0-255,5738,209134,73,266510
27830,0.026026,172.31.40.0-255,66,209200,73,266510
27831,0.028421,74.125.68.0-255,5738,214938,73,266510
27832,0.028432,172.31.40.0-255,66,215004,73,266510
27833,0.030173,172.31.40.0-255,172,215176,73,266510
27834,0.030202,172.31.40.0-255,1115,216291,73,266510
27835,0.030265,172.31.40.0-255,1514,217805,73,266510
27836,0.030267,172.31.40.0-255,1514,219319,73,266510
27837,0.030271,172.31.40.0-255,1514,220833,73,266510
27838,0.030272,172.31.40.0-255,159,220992,73,266510
27839,0.030817,74.125.68.0-255,4320,225312,73,266510
27840,0.030824,172.31.40.0-255,66,225378,73,266510
27841,0.030844,74.125.68.0-255,1484,226862,73,266510
27842,0.031711,104.244.42.0-255,66,226928,73,266510
27843,0.031757,104.244.42.0-255,66,226994,73,266510
27844,0.031892,104.244.42.0-255,66,227060,73,266510
27845,0.031898,104.244.42.0-255,66,227126,73,266510
27846,0.032977,104.244.42.0-255,108,227234,73,266510
27847,0.032986,172.31.40.0-255,66,227300,73,266510
27848,0.033217,74.125.68.0-255,4320,231620,73,266510
27849,0.033222,172.31.40.0-255,66,231686,73,266510
27850,0.035628,74.125.68.0-255,5738,237424,73,266510
27851,0.035635,172.31.40.0-255,66,237490,73,266510
27852,0.038041,74.125.68.0-255,5738,243228,73,266510
27853,0.038046,172.31.40.0-255,66,243294,73,266510
27854,0.040434,74.125.68.0-255,5738,249032,73,266510
27855,0.04044,172.31.40.0-255,66,249098,73,266510
27856,0.042836,74.125.68.0-255,5738,254836,73,266510
27857,0.042843,172.31.40.0-255,66,254902,73,266510
27858,0.045251,74.125.68.0-255,5738,260640,73,266510
27859,0.045261,172.31.40.0-255,66,260706,73,266510
27860,0.047653,74.125.68.0-255,5738,266444,73,266510
27861,0.047659,172.31.40.0-255,66,266510,73,266510
27862,0.0,74.125.130.0-255,153,153,73,273380
27863,2.7e-05,172.31.40.0-255,66,219,73,273380
27864,3.5e-05,74.125.130.0-255,1484,1703,73,273380
27865,4e-05,172.31.40.0-255,66,1769,73,273380
27866,4.6e-05,74.125.130.0-255,2902,4671,73,273380
27867,5.6e-05,172.31.40.0-255,66,4737,73,273380
27868,6.6e-05,74.125.130.0-255,5738,10475,73,273380
27869,7.1e-05,172.31.40.0-255,66,10541,73,273380
27870,7.7e-05,74.125.130.0-255,4320,14861,73,273380
27871,8.1e-05,172.31.40.0-255,66,14927,73,273380
27872,0.000127,172.31.40.0-255,66,14993,73,273380
27873,0.000135,74.125.130.0-255,6797,21790,73,273380
27874,0.000137,172.31.40.0-255,66,21856,73,273380
27875,0.000278,74.125.130.0-255,1484,23340,73,273380
27876,0.000282,172.31.40.0-255,66,23406,73,273380
27877,0.000288,74.125.130.0-255,2902,26308,73,273380
27878,0.000291,172.31.40.0-255,66,26374,73,273380
27879,0.000329,74.125.130.0-255,5738,32112,73,273380
27880,0.000332,172.31.40.0-255,66,32178,73,273380
27881,0.000344,172.31.40.0-255,66,32244,73,273380
27882,0.000373,74.125.130.0-255,3961,36205,73,273380
27883,0.000375,172.31.40.0-255,66,36271,73,273380
27884,0.000381,74.125.130.0-255,4320,40591,73,273380
27885,0.000384,172.31.40.0-255,66,40657,73,273380
27886,0.000407,74.125.130.0-255,5634,46291,73,273380
27887,0.000414,172.31.40.0-255,66,46357,73,273380
27888,0.000435,74.125.130.0-255,4376,50733,73,273380
27889,0.000438,172.31.40.0-255,66,50799,73,273380
27890,0.000445,74.125.130.0-255,5738,56537,73,273380
27891,0.000447,172.31.40.0-255,66,56603,73,273380
27892,0.000477,74.125.130.0-255,1484,58087,73,273380
27893,0.000501,74.125.130.0-255,5108,63195,73,273380
27894,0.000504,172.31.40.0-255,66,63261,73,273380
27895,0.001006,74.125.130.0-255,1484,64745,73,273380
27896,0.001013,74.125.130.0-255,2902,67647,73,273380
27897,0.001017,172.31.40.0-255,66,67713,73,273380
27898,0.001024,74.125.130.0-255,5738,73451,73,273380
27899,0.001026,172.31.40.0-255,66,73517,73,273380
27900,0.00103,74.125.130.0-255,2902,76419,73,273380
27901,0.001038,172.31.40.0-255,66,76485,73,273380
27902,0.00108,74.125.130.0-255,2902,79387,73,273380
27903,0.001084,172.31.40.0-255,66,79453,73,273380
27904,0.001093,74.125.130.0-255,7156,86609,73,273380
27905,0.001095,172.31.40.0-255,66,86675,73,273380
27906,0.00111,172.31.40.0-255,66,86741,73,273380
27907,0.001137,74.125.130.0-255,2184,88925,73,273380
27908,0.001146,172.31.40.0-255,66,88991,73,273380
27909,0.001304,74.125.130.0-255,1484,90475,73,273380
27910,0.001309,74.125.130.0-255,2902,93377,73,273380
27911,0.001322,172.31.40.0-255,66,93443,73,273380
27912,0.001328,74.125.130.0-255,2902,96345,73,273380
27913,0.00133,172.31.40.0-255,66,96411,73,273380
27914,0.001364,74.125.130.0-255,2902,99313,73,273380
27915,0.001367,172.31.40.0-255,66,99379,73,273380
27916,0.001373,74.125.130.0-255,4320,103699,73,273380
27917,0.001375,172.31.40.0-255,66,103765,73,273380
27918,0.001381,74.125.130.0-255,5738,109503,73,273380
27919,0.001384,172.31.40.0-255,66,109569,73,273380
27920,0.001402,172.31.40.0-255,66,109635,73,273380
27921,0.001406,74.125.130.0-255,2184,111819,73,273380
27922,0.001409,172.31.40.0-255,66,111885,73,273380
27923,0.001438,74.125.130.0-255,5738,117623,73,273380
27924,0.001445,172.31.40.0-255,66,117689,73,273380
27925,0.001518,74.125.130.0-255,7156,124845,73,273380
27926,0.001538,74.125.130.0-255,6438,131283,73,273380
27927,0.001543,172.31.40.0-255,66,131349,73,273380
27928,0.001551,172.31.40.0-255,66,131415,73,273380
27929,0.001553,172.31.40.0-255,66,131481,73,273380
27930,0.001562,74.125.130.0-255,2902,134383,73,273380
27931,0.001565,172.31.40.0-255,66,134449,73,273380
27932,0.001613,172.31.40.0-255,66,134515,73,273380
27933,0.001626,172.31.40.0-255,66,134581,73,273380
27934,0.001628,74.125.130.0-255,1484,136065,73,273380
27935,0.001633,74.125.130.0-255,2902,138967,73,273380
27936,0.001636,172.31.40.0-255,66,139033,73,273380
27937,0.001642,74.125.130.0-255,4320,143353,73,273380
27938,0.001645,172.31.40.0-255,66,143419,73,273380
27939,0.001674,74.125.130.0-255,1484,144903,73,273380
27940,0.001694,172.31.40.0-255,66,144969,73,273380
27941,0.001697,74.125.130.0-255,1484,146453,73,273380
27942,0.001738,172.31.40.0-255,66,146519,73,273380
27943,0.001763,74.125.130.0-255,5020,151539,73,273380
27944,0.001781,172.31.40.0-255,66,151605,73,273380
27945,0.001789,172.31.40.0-255,66,151671,73,273380
27946,0.001809,172.31.40.0-255,66,151737,73,273380
27947,0.001851,74.125.130.0-255,6438,158175,73,273380
27948,0.001854,172.31.40.0-255,66,158241,73,273380
27949,0.001919,74.125.130.0-255,1484,159725,73,273380
27950,0.001926,74.125.130.0-255,2902,162627,73,273380
27951,0.001929,172.31.40.0-255,66,162693,73,273380
27952,0.001933,74.125.130.0-255,1484,164177,73,273380
27953,0.001964,74.125.130.0-255,4320,168497,73,273380
27954,0.001967,172.31.40.0-255,66,168563,73,273380
27955,0.001982,172.31.40.0-255,66,168629,73,273380
27956,0.001998,172.31.40.0-255,66,168695,73,273380
27957,0.002027,74.125.130.0-255,2184,170879,73,273380
27958,0.00203,172.31.40.0-255,66,170945,73,273380
27959,0.002607,74.125.130.0-255,1484,172429,73,273380
27960,0.004553,74.125.130.0-255,1484,173913,73,273380
27961,0.004568,172.31.40.0-255,66,173979,73,273380
27962,0.004608,74.125.130.0-255,2902,176881,73,273380
27963,0.004611,172.31.40.0-255,66,176947,73,273380
27964,0.007136,74.125.130.0-255,2902,179849,73,273380
27965,0.007145,172.31.40.0-255,66,179915,73,273380
27966,0.007177,74.125.130.0-255,2902,182817,73,273380
27967,0.007179,172.31.40.0-255,66,182883,73,273380
27968,0.009727,74.125.130.0-255,2902,185785,73,273380
27969,0.009747,172.31.40.0-255,66,185851,73,273380
27970,0.009756,74.125.130.0-255,2902,188753,73,273380
27971,0.009758,172.31.40.0-255,66,188819,73,273380
27972,0.012367,74.125.130.0-255,5738,194557,73,273380
27973,0.012381,172.31.40.0-255,66,194623,73,273380
27974,0.01496,74.125.130.0-255,5738,200361,73,273380
27975,0.014979,172.31.40.0-255,66,200427,73,273380
27976,0.017564,74.125.130.0-255,5738,206165,73,273380
27977,0.017581,172.31.40.0-255,66,206231,73,273380
27978,0.020161,74.125.130.0-255,5738,211969,73,273380
27979,0.020179,172.31.40.0-255,66,212035,73,273380
27980,0.022755,74.125.130.0-255,5738,217773,73,273380
27981,0.022773,172.31.40.0-255,66,217839,73,273380
27982,0.025354,74.125.130.0-255,5738,223577,73,273380
27983,0.025375,172.31.40.0-255,66,223643,73,273380
27984,0.027958,74.125.130.0-255,5738,229381,73,273380
27985,0.027977,172.31.40.0-255,66,229447,73,273380
27986,0.030546,74.125.130.0-255,5738,235185,73,273380
27987,0.030559,172.31.40.0-255,66,235251,73,273380
27988,0.03314,74.125.130.0-255,5738,240989,73,273380
27989,0.033157,172.31.40.0-255,66,241055,73,273380
27990,0.03573,74.125.130.0-255,5738,246793,73,273380
27991,0.035749,172.31.40.0-255,66,246859,73,273380
27992,0.038365,74.125.130.0-255,5738,252597,73,273380
27993,0.038385,172.31.40.0-255,66,252663,73,273380
27994,0.040976,74.125.130.0-255,5738,258401,73,273380
27995,0.040995,172.31.40.0-255,66,258467,73,273380
27996,0.043586,74.125.130.0-255,5738,264205,73,273380
27997,0.043614,172.31.40.0-255,66,264271,73,273380
27998,0.046192,74.125.130.0-255,5738,270009,73,273380
27999,0.04621,172.31.40.0-255,66,270075,73,273380
28000,0.048779,74.125.130.0-255,3134,273209,73,273380
28001,0.048787,172.31.40.0-255,66,273275,73,273380
28002,0.049048,172.31.40.0-255,105,273380,73,273380
28003,0.0,74.125.24.0-255,150,150,73,226879
28004,2.3e-05,172.31.40.0-255,66,216,73,226879
28005,3e-05,74.125.24.0-255,1484,1700,73,226879
28006,3.5e-05,172.31.40.0-255,66,1766,73,226879
28007,4.1e-05,74.125.24.0-255,2902,4668,73,226879
28008,4.4e-05,172.31.40.0-255,66,4734,73,226879
28009,5.1e-05,74.125.24.0-255,7156,11890,73,226879
28010,5.4e-05,172.31.40.0-255,66,11956,73,226879
28011,5.9e-05,74.125.24.0-255,2156,14112,73,226879
28012,6.2e-05,172.31.40.0-255,66,14178,73,226879
28013,0.000146,74.125.24.0-255,1484,15662,73,226879
28014,0.000149,172.31.40.0-255,66,15728,73,226879
28015,0.000155,74.125.24.0-255,2902,18630,73,226879
28016,0.000157,172.31.40.0-255,66,18696,73,226879
28017,0.00016,74.125.24.0-255,1484,20180,73,226879
28018,0.000162,172.31.40.0-255,66,20246,73,226879
28019,0.000183,74.125.24.0-255,4320,24566,73,226879
28020,0.000186,172.31.40.0-255,66,24632,73,226879
28021,0.000206,74.125.24.0-255,6797,31429,73,226879
28022,0.000208,172.31.40.0-255,66,31495,73,226879
28023,0.000404,74.125.24.0-255,1484,32979,73,226879
28024,0.000409,172.31.40.0-255,66,33045,73,226879
28025,0.000414,74.125.24.0-255,1484,34529,73,226879
28026,0.000416,172.31.40.0-255,66,34595,73,226879
28027,0.000431,74.125.24.0-255,1484,36079,73,226879
28028,0.000434,172.31.40.0-255,66,36145,73,226879
28029,0.000442,74.125.24.0-255,5738,41883,73,226879
28030,0.000444,172.31.40.0-255,66,41949,73,226879
28031,0.000451,74.125.24.0-255,6797,48746,73,226879
28032,0.000454,172.31.40.0-255,66,48812,73,226879
28033,0.000491,172.31.40.0-255,66,48878,73,226879
28034,0.000495,74.125.24.0-255,2543,51421,73,226879
28035,0.000497,172.31.40.0-255,66,51487,73,226879
28036,0.001116,74.125.24.0-255,646,52133,73,226879
28037,0.001356,74.125.24.0-255,1484,53617,73,226879
28038,0.001362,172.31.40.0-255,66,53683,73,226879
28039,0.00138,74.125.24.0-255,2902,56585,73,226879
28040,0.001383,172.31.40.0-255,66,56651,73,226879
28041,0.001387,74.125.24.0-255,1484,58135,73,226879
28042,0.001405,74.125.24.0-255,4320,62455,73,226879
28043,0.001407,172.31.40.0-255,66,62521,73,226879
28044,0.001412,74.125.24.0-255,2902,65423,73,226879
28045,0.001414,172.31.40.0-255,66,65489,73,226879
28046,0.001421,74.125.24.0-255,7156,72645,73,226879
28047,0.001423,172.31.40.0-255,66,72711,73,226879
28048,0.001439,74.125.24.0-255,2902,75613,73,226879
28049,0.001442,172.31.40.0-255,66,75679,73,226879
28050,0.00147,74.125.24.0-255,2902,78581,73,226879
28051,0.001472,172.31.40.0-255,66,78647,73,226879
28052,0.001492,172.31.40.0-255,66,78713,73,226879
28053,0.002147,74.125.24.0-255,1484,80197,73,226879
28054,0.002165,74.125.24.0-255,2902,83099,73,226879
28055,0.002169,172.31.40.0-255,66,83165,73,226879
28056,0.002176,74.125.24.0-255,4320,87485,73,226879
28057,0.002178,172.31.40.0-255,66,87551,73,226879
28058,0.002211,172.31.40.0-255,66,87617,73,226879
28059,0.002217,74.125.24.0-255,4320,91937,73,226879
28060,0.002219,172.31.40.0-255,66,92003,73,226879
28061,0.002258,74.125.24.0-255,1484,93487,73,226879
28062,0.00227,74.125.24.0-255,4320,97807,73,226879
28063,0.002272,172.31.40.0-255,66,97873,73,226879
28064,0.002292,74.125.24.0-255,6438,104311,73,226879
28065,0.002295,172.31.40.0-255,66,104377,73,226879
28066,0.00458,74.125.24.0-255,5738,110115,73,226879
28067,0.004584,172.31.40.0-255,66,110181,73,226879
28068,0.00689,74.125.24.0-255,5738,115919,73,226879
28069,0.0069,172.31.40.0-255,66,115985,73,226879
28070,0.009193,74.125.24.0-255,5738,121723,73,226879
28071,0.009202,172.31.40.0-255,66,121789,73,226879
28072,0.011474,74.125.24.0-255,5738,127527,73,226879
28073,0.011483,172.31.40.0-255,66,127593,73,226879
28074,0.013796,74.125.24.0-255,5738,133331,73,226879
28075,0.013803,172.31.40.0-255,66,133397,73,226879
28076,0.016083,74.125.24.0-255,5738,139135,73,226879
28077,0.01609,172.31.40.0-255,66,139201,73,226879
28078,0.018382,74.125.24.0-255,5738,144939,73,226879
28079,0.018389,172.31.40.0-255,66,145005,73,226879
28080,0.020686,74.125.24.0-255,5738,150743,73,226879
28081,0.020694,172.31.40.0-255,66,150809,73,226879
28082,0.023019,74.125.24.0-255,5738,156547,73,226879
28083,0.023024,172.31.40.0-255,66,156613,73,226879
28084,0.024096,172.31.40.0-255,172,156785,73,226879
28085,0.024131,172.31.40.0-255,1110,157895,73,226879
28086,0.024194,172.31.40.0-255,1514,159409,73,226879
28087,0.024196,172.31.40.0-255,1514,160923,73,226879
28088,0.024197,172.31.40.0-255,1514,162437,73,226879
28089,0.024198,172.31.40.0-255,334,162771,73,226879
28090,0.025315,74.125.24.0-255,5738,168509,73,226879
28091,0.025322,172.31.40.0-255,66,168575,73,226879
28092,0.025638,104.244.42.0-255,66,168641,73,226879
28093,0.025697,104.244.42.0-255,66,168707,73,226879
28094,0.025784,104.244.42.0-255,66,168773,73,226879
28095,0.025789,104.244.42.0-255,66,168839,73,226879
28096,0.027638,74.125.24.0-255,5738,174577,73,226879
28097,0.027645,172.31.40.0-255,66,174643,73,226879
28098,0.029913,74.125.24.0-255,5738,180381,73,226879
28099,0.029919,172.31.40.0-255,66,180447,73,226879
28100,0.032204,74.125.24.0-255,5738,186185,73,226879
28101,0.032211,172.31.40.0-255,66,186251,73,226879
28102,0.034518,74.125.24.0-255,5738,191989,73,226879
28103,0.034525,172.31.40.0-255,66,192055,73,226879
28104,0.03683,74.125.24.0-255,5738,197793,73,226879
28105,0.036838,172.31.40.0-255,66,197859,73,226879
28106,0.039134,74.125.24.0-255,5738,203597,73,226879
28107,0.039148,172.31.40.0-255,66,203663,73,226879
28108,0.041448,74.125.24.0-255,5738,209401,73,226879
28109,0.041454,172.31.40.0-255,66,209467,73,226879
28110,0.043767,74.125.24.0-255,5738,215205,73,226879
28111,0.043774,172.31.40.0-255,66,215271,73,226879
28112,0.04609,74.125.24.0-255,5738,221009,73,226879
28113,0.046097,172.31.40.0-255,66,221075,73,226879
28114,0.048392,74.125.24.0-255,5738,226813,73,226879
28115,0.048398,172.31.40.0-255,66,226879,73,226879
28116,0.0,74.125.68.0-255,220,220,73,317328
28117,1.7e-05,172.31.40.0-255,66,286,73,317328
28118,5.4e-05,74.125.68.0-255,1484,1770,73,317328
28119,5.9e-05,172.31.40.0-255,66,1836,73,317328
28120,6.5e-05,74.125.68.0-255,2902,4738,73,317328
28121,6.8e-05,172.31.40.0-255,66,4804,73,317328
28122,7.1e-05,74.125.68.0-255,1484,6288,73,317328
28123,7.4e-05,172.31.40.0-255,66,6354,73,317328
28124,0.000106,74.125.68.0-255,4320,10674,73,317328
28125,0.00011,172.31.40.0-255,66,10740,73,317328
28126,0.000117,74.125.68.0-255,3358,14098,73,317328
28127,0.000121,172.31.40.0-255,66,14164,73,317328
28128,0.000535,74.125.68.0-255,1484,15648,73,317328
28129,0.000541,172.31.40.0-255,66,15714,73,317328
28130,0.000547,74.125.68.0-255,2902,18616,73,317328
28131,0.00055,172.31.40.0-255,66,18682,73,317328
28132,0.000608,74.125.68.0-255,5738,24420,73,317328
28133,0.000611,172.31.40.0-255,66,24486,73,317328
28134,0.000618,74.125.68.0-255,6797,31283,73,317328
28135,0.00062,172.31.40.0-255,66,31349,73,317328
28136,0.000649,74.125.68.0-255,7156,38505,73,317328
28137,0.000652,172.31.40.0-255,66,38571,73,317328
28138,0.000657,74.125.68.0-255,4320,42891,73,317328
28139,0.000659,172.31.40.0-255,66,42957,73,317328
28140,0.000666,74.125.68.0-255,5379,48336,73,317328
28141,0.000668,172.31.40.0-255,66,48402,73,317328
28142,0.000796,74.125.68.0-255,1484,49886,73,317328
28143,0.0008,172.31.40.0-255,66,49952,73,317328
28144,0.000805,74.125.68.0-255,2902,52854,73,317328
28145,0.000806,172.31.40.0-255,66,52920,73,317328
28146,0.000825,74.125.68.0-255,1484,54404,73,317328
28147,0.000827,172.31.40.0-255,66,54470,73,317328
28148,0.000856,74.125.68.0-255,4320,58790,73,317328
28149,0.000861,74.125.68.0-255,2902,61692,73,317328
28150,0.000882,74.125.68.0-255,4320,66012,73,317328
28151,0.000884,74.125.68.0-255,288,66300,73,317328
28152,0.000891,172.31.40.0-255,66,66366,73,317328
28153,0.001018,74.125.68.0-255,1484,67850,73,317328
28154,0.001024,74.125.68.0-255,2902,70752,73,317328
28155,0.001027,172.31.40.0-255,66,70818,73,317328
28156,0.001059,74.125.68.0-255,5738,76556,73,317328
28157,0.001066,172.31.40.0-255,66,76622,73,317328
28158,0.001075,74.125.68.0-255,1484,78106,73,317328
28159,0.001096,74.125.68.0-255,5379,83485,73,317328
28160,0.001112,74.125.68.0-255,4320,87805,73,317328
28161,0.001119,172.31.40.0-255,66,87871,73,317328
28162,0.001141,74.125.68.0-255,5738,93609,73,317328
28163,0.001162,74.125.68.0-255,1484,95093,73,317328
28164,0.001167,172.31.40.0-255,66,95159,73,317328
28165,0.001174,74.125.68.0-255,1484,96643,73,317328
28166,0.001204,74.125.68.0-255,1484,98127,73,317328
28167,0.001209,74.125.68.0-255,2543,100670,73,317328
28168,0.001221,172.31.40.0-255,66,100736,73,317328
28169,0.001337,74.125.68.0-255,1484,102220,73,317328
28170,0.001358,74.125.68.0-255,1484,103704,73,317328
28171,0.001361,172.31.40.0-255,66,103770,73,317328
28172,0.001367,74.125.68.0-255,2902,106672,73,317328
28173,0.00137,74.125.68.0-255,1484,108156,73,317328
28174,0.001391,74.125.68.0-255,4320,112476,73,317328
28175,0.001396,172.31.40.0-255,66,112542,73,317328
28176,0.001408,74.125.68.0-255,2902,115444,73,317328
28177,0.001436,74.125.68.0-255,5738,121182,73,317328
28178,0.001439,172.31.40.0-255,66,121248,73,317328
28179,0.001443,172.31.40.0-255,66,121314,73,317328
28180,0.001491,74.125.68.0-255,1484,122798,73,317328
28181,0.001503,172.31.40.0-255,66,122864,73,317328
28182,0.001509,74.125.68.0-255,3602,126466,73,317328
28183,0.001513,172.31.40.0-255,66,126532,73,317328
28184,0.001687,74.125.68.0-255,1484,128016,73,317328
28185,0.001695,74.125.68.0-255,2902,130918,73,317328
28186,0.001724,74.125.68.0-255,1484,132402,73,317328
28187,0.001758,74.125.68.0-255,1484,133886,73,317328
28188,0.001787,74.125.68.0-255,2902,136788,73,317328
28189,0.001791,74.125.68.0-255,1484,138272,73,317328
28190,0.001812,74.125.68.0-255,4320,142592,73,317328
28191,0.001817,74.125.68.0-255,2902,145494,73,317328
28192,0.001822,74.125.68.0-255,4320,149814,73,317328
28193,0.001854,74.125.68.0-255,7156,156970,73,317328
28194,0.001873,74.125.68.0-255,1484,158454,73,317328
28195,0.001878,74.125.68.0-255,2184,160638,73,317328
28196,0.002075,74.125.68.0-255,1484,162122,73,317328
28197,0.002082,74.125.68.0-255,2902,165024,73,317328
28198,0.002097,74.125.68.0-255,2902,167926,73,317328
28199,0.002108,74.125.68.0-255,2902,170828,73,317328
28200,0.002111,74.125.68.0-255,1484,172312,73,317328
28201,0.002137,74.125.68.0-255,1484,173796,73,317328
28202,0.002143,74.125.68.0-255,4320,178116,73,317328
28203,0.002171,74.125.68.0-255,4320,182436,73,317328
28204,0.002193,74.125.68.0-255,4320,186756,73,317328
28205,0.002198,74.125.68.0-255,4320,191076,73,317328
28206,0.002231,74.125.68.0-255,3602,194678,73,317328
28207,0.002318,74.125.68.0-255,1484,196162,73,317328
28208,0.002332,74.125.68.0-255,1484,197646,73,317328
28209,0.002336,74.125.68.0-255,1484,199130,73,317328
28210,0.002348,74.125.68.0-255,1484,200614,73,317328
28211,0.002374,74.125.68.0-255,5738,206352,73,317328
28212,0.002379,74.125.68.0-255,2902,209254,73,317328
28213,0.002398,74.125.68.0-255,2902,212156,73,317328
28214,0.002404,74.125.68.0-255,5738,217894,73,317328
28215,0.002418,74.125.68.0-255,1484,219378,73,317328
28216,0.002436,74.125.68.0-255,4320,223698,73,317328
28217,0.002457,74.125.68.0-255,5020,228718,73,317328
28218,0.0025,74.125.68.0-255,1484,230202,73,317328
28219,0.006397,172.31.40.0-255,66,230268,73,317328
28220,0.008901,74.125.68.0-255,5738,236006,73,317328
28221,0.008911,172.31.40.0-255,66,236072,73,317328
28222,0.011396,74.125.68.0-255,5738,241810,73,317328
28223,0.011404,172.31.40.0-255,66,241876,73,317328
28224,0.013899,74.125.68.0-255,5738,247614,73,317328
28225,0.013907,172.31.40.0-255,66,247680,73,317328
28226,0.016394,74.125.68.0-255,5738,253418,73,317328
28227,0.020102,172.31.40.0-255,66,253484,73,317328
28228,0.022604,74.125.68.0-255,5738,259222,73,317328
28229,0.022621,172.31.40.0-255,66,259288,73,317328
28230,0.025111,74.125.68.0-255,5738,265026,73,317328
28231,0.02512,172.31.40.0-255,66,265092,73,317328
28232,0.027617,74.125.68.0-255,5738,270830,73,317328
28233,0.027633,172.31.40.0-255,66,270896,73,317328
28234,0.030114,74.125.68.0-255,5738,276634,73,317328
28235,0.030127,172.31.40.0-255,66,276700,73,317328
28236,0.032613,74.125.68.0-255,5738,282438,73,317328
28237,0.032621,172.31.40.0-255,66,282504,73,317328
28238,0.035116,74.125.68.0-255,5738,288242,73,317328
28239,0.035135,172.31.40.0-255,66,288308,73,317328
28240,0.037618,74.125.68.0-255,5738,294046,73,317328
28241,0.037625,172.31.40.0-255,66,294112,73,317328
28242,0.040105,74.125.68.0-255,5738,299850,73,317328
28243,0.040114,172.31.40.0-255,66,299916,73,317328
28244,0.042612,74.125.68.0-255,5738,305654,73,317328
28245,0.042628,172.31.40.0-255,66,305720,73,317328
28246,0.045163,74.125.68.0-255,5738,311458,73,317328
28247,0.045178,172.31.40.0-255,66,311524,73,317328
28248,0.047695,74.125.68.0-255,5738,317262,73,317328
28249,0.047719,172.31.40.0-255,66,317328,73,317328
28250,0.0,172.217.194.0-255,148,148,73,335415
28251,2.1e-05,172.31.40.0-255,66,214,73,335415
28252,2.7e-05,172.217.194.0-255,1484,1698,73,335415
28253,3.2e-05,172.31.40.0-255,66,1764,73,335415
28254,3.7e-05,172.217.194.0-255,2902,4666,73,335415
28255,3.9e-05,172.31.40.0-255,66,4732,73,335415
28256,4.5e-05,172.217.194.0-255,4320,9052,73,335415
28257,4.7e-05,172.31.40.0-255,66,9118,73,335415
28258,6.2e-05,172.217.194.0-255,2902,12020,73,335415
28259,6.5e-05,172.31.40.0-255,66,12086,73,335415
28260,7e-05,172.217.194.0-255,4320,16406,73,335415
28261,7.2e-05,172.31.40.0-255,66,16472,73,335415
28262,0.000102,172.217.194.0-255,3451,19923,73,335415
28263,0.000104,172.31.40.0-255,66,19989,73,335415
28264,0.000114,172.31.40.0-255,66,20055,73,335415
28265,0.000117,172.217.194.0-255,2543,22598,73,335415
28266,0.000119,172.31.40.0-255,66,22664,73,335415
28267,0.000155,172.217.194.0-255,1484,24148,73,335415
28268,0.000157,172.31.40.0-255,66,24214,73,335415
28269,0.000169,172.217.194.0-255,1484,25698,73,335415
28270,0.000171,172.217.194.0-255,1484,27182,73,335415
28271,0.000174,172.31.40.0-255,66,27248,73,335415
28272,0.000177,172.31.40.0-255,66,27314,73,335415
28273,0.000197,172.217.194.0-255,4320,31634,73,335415
28274,0.0002,172.31.40.0-255,66,31700,73,335415
28275,0.000254,172.217.194.0-255,5738,37438,73,335415
28276,0.000256,172.31.40.0-255,66,37504,73,335415
28277,0.000275,172.217.194.0-255,2543,40047,73,335415
28278,0.000276,172.31.40.0-255,66,40113,73,335415
28279,0.000283,172.217.194.0-255,7156,47269,73,335415
28280,0.000285,172.31.40.0-255,66,47335,73,335415
28281,0.000294,172.217.194.0-255,1484,48819,73,335415
28282,0.000298,172.217.194.0-255,1484,50303,73,335415
28283,0.0003,172.31.40.0-255,66,50369,73,335415
28284,0.000331,172.217.194.0-255,6797,57166,73,335415
28285,0.000333,172.31.40.0-255,66,57232,73,335415
28286,0.000351,172.217.194.0-255,646,57878,73,335415
28287,0.000457,172.217.194.0-255,1484,59362,73,335415
28288,0.000461,172.31.40.0-255,66,59428,73,335415
28289,0.000466,172.217.194.0-255,2902,62330,73,335415
28290,0.000468,172.31.40.0-255,66,62396,73,335415
28291,0.00047,172.217.194.0-255,1484,63880,73,335415
28292,0.00049,172.217.194.0-255,4320,68200,73,335415
28293,0.000492,172.31.40.0-255,66,68266,73,335415
28294,0.000512,172.217.194.0-255,6797,75063,73,335415
28295,0.000514,172.31.40.0-255,66,75129,73,335415
28296,0.000521,172.217.194.0-255,7156,82285,73,335415
28297,0.000523,172.31.40.0-255,66,82351,73,335415
28298,0.000528,172.217.194.0-255,5738,88089,73,335415
28299,0.00053,172.31.40.0-255,66,88155,73,335415
28300,0.000552,172.217.194.0-255,3961,92116,73,335415
28301,0.000555,172.31.40.0-255,66,92182,73,335415
28302,0.000885,172.217.194.0-255,1484,93666,73,335415
28303,0.000898,172.217.194.0-255,1484,95150,73,335415
28304,0.000901,172.31.40.0-255,66,95216,73,335415
28305,0.000917,172.217.194.0-255,1484,96700,73,335415
28306,0.000923,172.217.194.0-255,5738,102438,73,335415
28307,0.000925,172.31.40.0-255,66,102504,73,335415
28308,0.000931,172.217.194.0-255,5738,108242,73,335415
28309,0.000932,172.31.40.0-255,66,108308,73,335415
28310,0.000955,172.217.194.0-255,7156,115464,73,335415
28311,0.000957,172.31.40.0-255,66,115530,73,335415
28312,0.001002,172.217.194.0-255,1484,117014,73,335415
28313,0.001027,172.31.40.0-255,66,117080,73,335415
28314,0.001069,172.217.194.0-255,1484,118564,73,335415
28315,0.001074,172.217.194.0-255,2902,121466,73,335415
28316,0.001077,172.31.40.0-255,66,121532,73,335415
28317,0.00108,172.217.194.0-255,1484,123016,73,335415
28318,0.001098,172.217.194.0-255,4320,127336,73,335415
28319,0.0011,172.31.40.0-255,66,127402,73,335415
28320,0.001116,172.217.194.0-255,5738,133140,73,335415
28321,0.001118,172.31.40.0-255,66,133206,73,335415
28322,0.00115,172.217.194.0-255,7156,140362,73,335415
28323,0.001153,172.31.40.0-255,66,140428,73,335415
28324,0.001165,172.31.40.0-255,66,140494,73,335415
28325,0.001192,172.217.194.0-255,1484,141978,73,335415
28326,0.001196,172.217.194.0-255,2902,144880,73,335415
28327,0.001198,172.31.40.0-255,66,144946,73,335415
28328,0.001201,172.217.194.0-255,1484,146430,73,335415
28329,0.001221,172.217.194.0-255,4320,150750,73,335415
28330,0.001223,172.31.40.0-255,66,150816,73,335415
28331,0.001226,172.217.194.0-255,1484,152300,73,335415
28332,0.00125,172.31.40.0-255,66,152366,73,335415
28333,0.001282,172.217.194.0-255,4320,156686,73,335415
28334,0.001285,172.31.40.0-255,66,156752,73,335415
28335,0.001315,172.31.40.0-255,66,156818,73,335415
28336,0.00137,172.217.194.0-255,1484,158302,73,335415
28337,0.001375,172.217.194.0-255,2902,161204,73,335415
28338,0.001377,172.31.40.0-255,66,161270,73,335415
28339,0.001398,172.217.194.0-255,5738,167008,73,335415
28340,0.001401,172.31.40.0-255,66,167074,73,335415
28341,0.001419,172.217.194.0-255,2902,169976,73,335415
28342,0.001424,172.31.40.0-255,66,170042,73,335415
28343,0.001435,172.217.194.0-255,7156,177198,73,335415
28344,0.001437,172.31.40.0-255,66,177264,73,335415
28345,0.001453,172.217.194.0-255,2902,180166,73,335415
28346,0.001455,172.31.40.0-255,66,180232,73,335415
28347,0.001459,172.217.194.0-255,4320,184552,73,335415
28348,0.001461,172.31.40.0-255,66,184618,73,335415
28349,0.001487,172.217.194.0-255,6438,191056,73,335415
28350,0.00149,172.31.40.0-255,66,191122,73,335415
28351,0.001874,172.217.194.0-255,1484,192606,73,335415
28352,0.001887,172.217.194.0-255,2902,195508,73,335415
28353,0.001889,172.31.40.0-255,66,195574,73,335415
28354,0.001903,172.217.194.0-255,1484,197058,73,335415
28355,0.001915,172.217.194.0-255,2902,199960,73,335415
28356,0.001917,172.31.40.0-255,66,200026,73,335415
28357,0.001935,172.217.194.0-255,1484,201510,73,335415
28358,0.001945,172.217.194.0-255,4320,205830,73,335415
28359,0.001946,172.31.40.0-255,66,205896,73,335415
28360,0.001957,172.217.194.0-255,1484,207380,73,335415
28361,0.001971,172.217.194.0-255,2902,210282,73,335415
28362,0.001973,172.31.40.0-255,66,210348,73,335415
28363,0.001995,172.217.194.0-255,5738,216086,73,335415
28364,0.001997,172.31.40.0-255,66,216152,73,335415
28365,0.002022,172.217.194.0-255,1484,217636,73,335415
28366,0.002039,172.217.194.0-255,1484,219120,73,335415
28367,0.002041,172.31.40.0-255,66,219186,73,335415
28368,0.002058,172.217.194.0-255,1484,220670,73,335415
28369,0.002075,172.217.194.0-255,2902,223572,73,335415
28370,0.002078,172.31.40.0-255,66,223638,73,335415
28371,0.002097,172.217.194.0-255,2184,225822,73,335415
28372,0.002099,172.31.40.0-255,66,225888,73,335415
28373,0.002211,172.217.194.0-255,1484,227372,73,335415
28374,0.002215,172.217.194.0-255,2902,230274,73,335415
28375,0.002218,172.31.40.0-255,66,230340,73,335415
28376,0.002224,172.217.194.0-255,5738,236078,73,335415
28377,0.002225,172.31.40.0-255,66,236144,73,335415
28378,0.002228,172.217.194.0-255,1484,237628,73,335415
28379,0.002258,172.31.40.0-255,66,237694,73,335415
28380,0.00226,172.217.194.0-255,1484,239178,73,335415
28381,0.002276,172.217.194.0-255,7156,246334,73,335415
28382,0.002278,172.31.40.0-255,66,246400,73,335415
28383,0.00229,172.217.194.0-255,2184,248584,73,335415
28384,0.002292,172.31.40.0-255,66,248650,73,335415
28385,0.00236,172.217.194.0-255,5738,254388,73,335415
28386,0.002363,172.31.40.0-255,66,254454,73,335415
28387,0.002396,172.31.40.0-255,66,254520,73,335415
28388,0.00241,172.31.40.0-255,66,254586,73,335415
28389,0.002412,172.217.194.0-255,1484,256070,73,335415
28390,0.004712,172.217.194.0-255,4320,260390,73,335415
28391,0.004721,172.31.40.0-255,66,260456,73,335415
28392,0.007068,172.217.194.0-255,5738,266194,73,335415
28393,0.007073,172.31.40.0-255,66,266260,73,335415
28394,0.009427,172.217.194.0-255,5738,271998,73,335415
28395,0.009433,172.31.40.0-255,66,272064,73,335415
28396,0.011765,172.217.194.0-255,5738,277802,73,335415
28397,0.011771,172.31.40.0-255,66,277868,73,335415
28398,0.014105,172.217.194.0-255,5738,283606,73,335415
28399,0.014115,172.31.40.0-255,66,283672,73,335415
28400,0.016466,172.217.194.0-255,5738,289410,73,335415
28401,0.016474,172.31.40.0-255,66,289476,73,335415
28402,0.018812,172.217.194.0-255,2902,292378,73,335415
28403,0.018818,172.31.40.0-255,66,292444,73,335415
28404,0.018835,172.217.194.0-255,2902,295346,73,335415
28405,0.018837,172.31.40.0-255,66,295412,73,335415
28406,0.021159,172.217.194.0-255,2902,298314,73,335415
28407,0.021169,172.31.40.0-255,66,298380,73,335415
28408,0.021191,172.217.194.0-255,2902,301282,73,335415
28409,0.021193,172.31.40.0-255,66,301348,73,335415
28410,0.023509,172.217.194.0-255,2902,304250,73,335415
28411,0.023517,172.31.40.0-255,66,304316,73,335415
28412,0.023538,172.217.194.0-255,2902,307218,73,335415
28413,0.023541,172.31.40.0-255,66,307284,73,335415
28414,0.025848,172.217.194.0-255,2902,310186,73,335415
28415,0.025856,172.31.40.0-255,66,310252,73,335415
28416,0.025881,172.217.194.0-255,2902,313154,73,335415
28417,0.025883,172.31.40.0-255,66,313220,73,335415
28418,0.028199,172.217.194.0-255,2902,316122,73,335415
28419,0.028205,172.31.40.0-255,66,316188,73,335415
28420,0.028226,172.217.194.0-255,2902,319090,73,335415
28421,0.028228,172.31.40.0-255,66,319156,73,335415
28422,0.030528,172.217.194.0-255,2902,322058,73,335415
28423,0.030534,172.31.40.0-255,66,322124,73,335415
28424,0.030555,172.217.194.0-255,2902,325026,73,335415
28425,0.030558,172.31.40.0-255,66,325092,73,335415
28426,0.032928,172.217.194.0-255,3834,328926,73,335415
28427,0.032936,172.31.40.0-255,66,328992,73,335415
28428,0.033188,172.31.40.0-255,105,329097,73,335415
28429,0.035495,172.217.194.0-255,66,329163,73,335415
28430,0.037552,172.31.40.0-255,172,329335,73,335415
28431,0.037581,172.31.40.0-255,1114,330449,73,335415
28432,0.037636,172.31.40.0-255,1514,331963,73,335415
28433,0.037638,172.31.40.0-255,1514,333477,73,335415
28434,0.037642,172.31.40.0-255,1514,334991,73,335415
28435,0.037643,172.31.40.0-255,160,335151,73,335415
28436,0.039109,104.244.42.0-255,66,335217,73,335415
28437,0.039115,104.244.42.0-255,66,335283,73,335415
28438,0.039192,104.244.42.0-255,66,335349,73,335415
28439,0.039196,104.244.42.0-255,66,335415,73,335415
28440,0.0,172.217.194.0-255,143,143,73,189026
28441,1.5e-05,172.31.40.0-255,66,209,73,189026
28442,2e-05,172.217.194.0-255,1484,1693,73,189026
28443,2.5e-05,172.31.40.0-255,66,1759,73,189026
28444,3e-05,172.217.194.0-255,2902,4661,73,189026
28445,3.3e-05,172.31.40.0-255,66,4727,73,189026
28446,8.8e-05,172.217.194.0-255,4320,9047,73,189026
28447,9.1e-05,172.31.40.0-255,66,9113,73,189026
28448,0.000109,172.217.194.0-255,2902,12015,73,189026
28449,0.000111,172.31.40.0-255,66,12081,73,189026
28450,0.000251,172.217.194.0-255,1963,14044,73,189026
28451,0.000256,172.31.40.0-255,66,14110,73,189026
28452,0.000287,172.217.194.0-255,2902,17012,73,189026
28453,0.000289,172.31.40.0-255,66,17078,73,189026
28454,0.000307,172.31.40.0-255,66,17144,73,189026
28455,0.000555,172.217.194.0-255,5379,22523,73,189026
28456,0.00056,172.31.40.0-255,66,22589,73,189026
28457,0.000666,172.217.194.0-255,5738,28327,73,189026
28458,0.00067,172.31.40.0-255,66,28393,73,189026
28459,0.0007,172.31.40.0-255,66,28459,73,189026
28460,0.001063,172.31.40.0-255,66,28525,73,189026
28461,0.001411,172.217.194.0-255,679,29204,73,189026
28462,0.001418,172.31.40.0-255,66,29270,73,189026
28463,0.001439,172.217.194.0-255,7156,36426,73,189026
28464,0.001441,172.31.40.0-255,66,36492,73,189026
28465,0.001482,172.31.40.0-255,66,36558,73,189026
28466,0.001921,172.217.194.0-255,7156,43714,73,189026
28467,0.001926,172.31.40.0-255,66,43780,73,189026
28468,0.001941,172.217.194.0-255,5738,49518,73,189026
28469,0.001945,172.31.40.0-255,66,49584,73,189026
28470,0.001966,172.31.40.0-255,66,49650,73,189026
28471,0.002349,172.217.194.0-255,2902,52552,73,189026
28472,0.002352,172.31.40.0-255,66,52618,73,189026
28473,0.002371,172.217.194.0-255,5738,58356,73,189026
28474,0.002373,172.31.40.0-255,66,58422,73,189026
28475,0.002413,172.31.40.0-255,66,58488,73,189026
28476,0.003344,172.217.194.0-255,5738,64226,73,189026
28477,0.003439,172.217.194.0-255,7156,71382,73,189026
28478,0.00609,172.31.40.0-255,66,71448,73,189026
28479,0.008426,172.217.194.0-255,5738,77186,73,189026
28480,0.008432,172.31.40.0-255,66,77252,73,189026
28481,0.010701,172.217.194.0-255,5738,82990,73,189026
28482,0.010712,172.31.40.0-255,66,83056,73,189026
28483,0.01299,172.217.194.0-255,5738,88794,73,189026
28484,0.012998,172.31.40.0-255,66,88860,73,189026
28485,0.015309,172.217.194.0-255,5738,94598,73,189026
28486,0.015319,172.31.40.0-255,66,94664,73,189026
28487,0.017603,172.217.194.0-255,5738,100402,73,189026
28488,0.017611,172.31.40.0-255,66,100468,73,189026
28489,0.019914,172.217.194.0-255,5738,106206,73,189026
28490,0.019921,172.31.40.0-255,66,106272,73,189026
28491,0.022196,172.217.194.0-255,5738,112010,73,189026
28492,0.022204,172.31.40.0-255,66,112076,73,189026
28493,0.024512,172.217.194.0-255,5738,117814,73,189026
28494,0.024518,172.31.40.0-255,66,117880,73,189026
28495,0.026034,172.31.40.0-255,231,118111,73,189026
28496,0.026074,172.31.40.0-255,1114,119225,73,189026
28497,0.026137,172.31.40.0-255,1514,120739,73,189026
28498,0.026139,172.31.40.0-255,1514,122253,73,189026
28499,0.026144,172.31.40.0-255,1514,123767,73,189026
28500,0.026145,172.31.40.0-255,359,124126,73,189026
28501,0.026784,172.217.194.0-255,5738,129864,73,189026
28502,0.026792,172.31.40.0-255,66,129930,73,189026
28503,0.027576,104.244.42.0-255,66,129996,73,189026
28504,0.027633,104.244.42.0-255,66,130062,73,189026
28505,0.027677,104.244.42.0-255,66,130128,73,189026
28506,0.02769,104.244.42.0-255,66,130194,73,189026
28507,0.029076,172.217.194.0-255,5738,135932,73,189026
28508,0.029083,172.31.40.0-255,66,135998,73,189026
28509,0.031401,172.217.194.0-255,5738,141736,73,189026
28510,0.031419,172.31.40.0-255,66,141802,73,189026
28511,0.033759,172.217.194.0-255,5738,147540,73,189026
28512,0.033774,172.31.40.0-255,66,147606,73,189026
28513,0.036087,172.217.194.0-255,5738,153344,73,189026
28514,0.036103,172.31.40.0-255,66,153410,73,189026
28515,0.038399,172.217.194.0-255,2902,156312,73,189026
28516,0.038414,172.31.40.0-255,66,156378,73,189026
28517,0.038437,172.217.194.0-255,2902,159280,73,189026
28518,0.038441,172.31.40.0-255,66,159346,73,189026
28519,0.040693,172.217.194.0-255,2902,162248,73,189026
28520,0.040725,172.31.40.0-255,66,162314,73,189026
28521,0.040749,172.217.194.0-255,2902,165216,73,189026
28522,0.040753,172.31.40.0-255,66,165282,73,189026
28523,0.043007,172.217.194.0-255,2902,168184,73,189026
28524,0.043028,172.31.40.0-255,66,168250,73,189026
28525,0.043051,172.217.194.0-255,2902,171152,73,189026
28526,0.043055,172.31.40.0-255,66,171218,73,189026
28527,0.045304,172.217.194.0-255,2902,174120,73,189026
28528,0.045321,172.31.40.0-255,66,174186,73,189026
28529,0.045345,172.217.194.0-255,2902,177088,73,189026
28530,0.045349,172.31.40.0-255,66,177154,73,189026
28531,0.047603,172.217.194.0-255,2902,180056,73,189026
28532,0.047619,172.31.40.0-255,66,180122,73,189026
28533,0.047644,172.217.194.0-255,2902,183024,73,189026
28534,0.047648,172.31.40.0-255,66,183090,73,189026
28535,0.04993,172.217.194.0-255,2902,185992,73,189026
28536,0.049945,172.31.40.0-255,66,186058,73,189026
28537,0.049965,172.217.194.0-255,2902,188960,73,189026
28538,0.049967,172.31.40.0-255,66,189026,73,189026
28539,0.0,74.125.24.0-255,146,146,73,190710
28540,2.4e-05,172.31.40.0-255,66,212,73,190710
28541,3e-05,74.125.24.0-255,1484,1696,73,190710
28542,3.5e-05,172.31.40.0-255,66,1762,73,190710
28543,3.9e-05,74.125.24.0-255,2902,4664,73,190710
28544,4.2e-05,172.31.40.0-255,66,4730,73,190710
28545,5.4e-05,74.125.24.0-255,2902,7632,73,190710
28546,5.8e-05,172.31.40.0-255,66,7698,73,190710
28547,0.000111,172.31.40.0-255,66,7764,73,190710
28548,0.000118,74.125.24.0-255,5738,13502,73,190710
28549,0.000121,172.31.40.0-255,66,13568,73,190710
28550,0.000147,74.125.24.0-255,5738,19306,73,190710
28551,0.000156,172.31.40.0-255,66,19372,73,190710
28552,0.000159,74.125.24.0-255,1125,20497,73,190710
28553,0.000161,172.31.40.0-255,66,20563,73,190710
28554,0.000219,74.125.24.0-255,1484,22047,73,190710
28555,0.000223,74.125.24.0-255,2902,24949,73,190710
28556,0.000226,172.31.40.0-255,66,25015,73,190710
28557,0.000234,172.31.40.0-255,66,25081,73,190710
28558,0.000239,74.125.24.0-255,2902,27983,73,190710
28559,0.000246,172.31.40.0-255,66,28049,73,190710
28560,0.000281,74.125.24.0-255,7156,35205,73,190710
28561,0.000284,172.31.40.0-255,66,35271,73,190710
28562,0.000289,74.125.24.0-255,2543,37814,73,190710
28563,0.000291,172.31.40.0-255,66,37880,73,190710
28564,0.000321,74.125.24.0-255,2902,40782,73,190710
28565,0.000323,172.31.40.0-255,66,40848,73,190710
28566,0.000331,74.125.24.0-255,7156,48004,73,190710
28567,0.000333,172.31.40.0-255,66,48070,73,190710
28568,0.00034,74.125.24.0-255,1484,49554,73,190710
28569,0.000342,172.31.40.0-255,66,49620,73,190710
28570,0.000369,74.125.24.0-255,5691,55311,73,190710
28571,0.000372,172.31.40.0-255,66,55377,73,190710
28572,0.00038,74.125.24.0-255,108,55485,73,190710
28573,0.000384,74.125.24.0-255,332,55817,73,190710
28574,0.000622,74.125.24.0-255,1484,57301,73,190710
28575,0.000627,172.31.40.0-255,66,57367,73,190710
28576,0.000632,74.125.24.0-255,1484,58851,73,190710
28577,0.000655,74.125.24.0-255,1484,60335,73,190710
28578,0.000657,172.31.40.0-255,66,60401,73,190710
28579,0.000664,74.125.24.0-255,4320,64721,73,190710
28580,0.000667,172.31.40.0-255,66,64787,73,190710
28581,0.000674,74.125.24.0-255,5738,70525,73,190710
28582,0.00068,172.31.40.0-255,66,70591,73,190710
28583,0.000719,74.125.24.0-255,2902,73493,73,190710
28584,0.000722,172.31.40.0-255,66,73559,73,190710
28585,0.000741,172.31.40.0-255,66,73625,73,190710
28586,0.000792,74.125.24.0-255,2184,75809,73,190710
28587,0.000795,172.31.40.0-255,66,75875,73,190710
28588,0.001342,74.125.24.0-255,1484,77359,73,190710
28589,0.00135,74.125.24.0-255,2902,80261,73,190710
28590,0.001354,172.31.40.0-255,66,80327,73,190710
28591,0.001361,74.125.24.0-255,4320,84647,73,190710
28592,0.001363,172.31.40.0-255,66,84713,73,190710
28593,0.001396,74.125.24.0-255,1484,86197,73,190710
28594,0.001412,172.31.40.0-255,66,86263,73,190710
28595,0.001424,172.31.40.0-255,66,86329,73,190710
28596,0.001451,74.125.24.0-255,2184,88513,73,190710
28597,0.001454,172.31.40.0-255,66,88579,73,190710
28598,0.002023,74.125.24.0-255,1484,90063,73,190710
28599,0.002032,74.125.24.0-255,2902,92965,73,190710
28600,0.002038,172.31.40.0-255,66,93031,73,190710
28601,0.002045,74.125.24.0-255,5738,98769,73,190710
28602,0.002047,172.31.40.0-255,66,98835,73,190710
28603,0.00208,172.31.40.0-255,66,98901,73,190710
28604,0.002092,74.125.24.0-255,7156,106057,73,190710
28605,0.002094,172.31.40.0-255,66,106123,73,190710
28606,0.00212,74.125.24.0-255,1484,107607,73,190710
28607,0.002143,74.125.24.0-255,2184,109791,73,190710
28608,0.002145,172.31.40.0-255,66,109857,73,190710
28609,0.002328,74.125.24.0-255,1484,111341,73,190710
28610,0.002346,74.125.24.0-255,1484,112825,73,190710
28611,0.002349,172.31.40.0-255,66,112891,73,190710
28612,0.002373,74.125.24.0-255,1484,114375,73,190710
28613,0.002377,74.125.24.0-255,1484,115859,73,190710
28614,0.002379,172.31.40.0-255,66,115925,73,190710
28615,0.002391,74.125.24.0-255,2902,118827,73,190710
28616,0.002398,172.31.40.0-255,66,118893,73,190710
28617,0.00241,172.31.40.0-255,66,118959,73,190710
28618,0.002417,74.125.24.0-255,5738,124697,73,190710
28619,0.002419,172.31.40.0-255,66,124763,73,190710
28620,0.002424,74.125.24.0-255,2902,127665,73,190710
28621,0.002426,172.31.40.0-255,66,127731,73,190710
28622,0.002473,74.125.24.0-255,2902,130633,73,190710
28623,0.002475,172.31.40.0-255,66,130699,73,190710
28624,0.002481,74.125.24.0-255,3602,134301,73,190710
28625,0.002483,172.31.40.0-255,66,134367,73,190710
28626,0.002949,74.125.24.0-255,1484,135851,73,190710
28627,0.002963,74.125.24.0-255,2902,138753,73,190710
28628,0.002966,172.31.40.0-255,66,138819,73,190710
28629,0.002972,74.125.24.0-255,4320,143139,73,190710
28630,0.002974,172.31.40.0-255,66,143205,73,190710
28631,0.003006,172.31.40.0-255,66,143271,73,190710
28632,0.003013,74.125.24.0-255,5738,149009,73,190710
28633,0.003015,172.31.40.0-255,66,149075,73,190710
28634,0.00304,74.125.24.0-255,4320,153395,73,190710
28635,0.003042,172.31.40.0-255,66,153461,73,190710
28636,0.003045,74.125.24.0-255,1484,154945,73,190710
28637,0.003049,74.125.24.0-255,4320,159265,73,190710
28638,0.003051,172.31.40.0-255,66,159331,73,190710
28639,0.003054,74.125.24.0-255,766,160097,73,190710
28640,0.00309,74.125.24.0-255,1484,161581,73,190710
28641,0.003093,172.31.40.0-255,66,161647,73,190710
28642,0.003107,74.125.24.0-255,1484,163131,73,190710
28643,0.003131,74.125.24.0-255,1484,164615,73,190710
28644,0.003134,172.31.40.0-255,66,164681,73,190710
28645,0.003145,74.125.24.0-255,5738,170419,73,190710
28646,0.003147,172.31.40.0-255,66,170485,73,190710
28647,0.003165,172.31.40.0-255,66,170551,73,190710
28648,0.003197,74.125.24.0-255,2902,173453,73,190710
28649,0.003199,172.31.40.0-255,66,173519,73,190710
28650,0.003217,172.31.40.0-255,66,173585,73,190710
28651,0.003222,74.125.24.0-255,2902,176487,73,190710
28652,0.003224,172.31.40.0-255,66,176553,73,190710
28653,0.003269,172.31.40.0-255,66,176619,73,190710
28654,0.003289,172.31.40.0-255,66,176685,73,190710
28655,0.003307,172.31.40.0-255,66,176751,73,190710
28656,0.003314,74.125.24.0-255,7156,183907,73,190710
28657,0.003378,172.31.40.0-255,66,183973,73,190710
28658,0.003458,74.125.24.0-255,766,184739,73,190710
28659,0.003486,74.125.24.0-255,2184,186923,73,190710
28660,0.00353,74.125.24.0-255,3445,190368,73,190710
28661,0.003548,74.125.24.0-255,105,190473,73,190710
28662,0.009455,172.31.40.0-255,66,190539,73,190710
28663,0.012507,172.31.40.0-255,105,190644,73,190710
28664,0.014815,74.125.24.0-255,66,190710,73,190710
28665,0.0,74.125.200.0-255,150,150,73,309529
28666,2.2e-05,172.31.40.0-255,66,216,73,309529
28667,2.9e-05,74.125.200.0-255,1484,1700,73,309529
28668,3.3e-05,172.31.40.0-255,66,1766,73,309529
28669,3.7e-05,74.125.200.0-255,1484,3250,73,309529
28670,3.9e-05,172.31.40.0-255,66,3316,73,309529
28671,4.6e-05,74.125.200.0-255,2902,6218,73,309529
28672,5e-05,172.31.40.0-255,66,6284,73,309529
28673,5.6e-05,74.125.200.0-255,4320,10604,73,309529
28674,5.9e-05,172.31.40.0-255,66,10670,73,309529
28675,8e-05,74.125.200.0-255,1484,12154,73,309529
28676,8.2e-05,172.31.40.0-255,66,12220,73,309529
28677,8.7e-05,74.125.200.0-255,2005,14225,73,309529
28678,8.9e-05,172.31.40.0-255,66,14291,73,309529
28679,0.000113,74.125.200.0-255,2902,17193,73,309529
28680,0.000115,172.31.40.0-255,66,17259,73,309529
28681,0.000121,74.125.200.0-255,4320,21579,73,309529
28682,0.000123,172.31.40.0-255,66,21645,73,309529
28683,0.000147,74.125.200.0-255,2902,24547,73,309529
28684,0.00015,172.31.40.0-255,66,24613,73,309529
28685,0.00017,74.125.200.0-255,2902,27515,73,309529
28686,0.000172,172.31.40.0-255,66,27581,73,309529
28687,0.000191,74.125.200.0-255,3961,31542,73,309529
28688,0.000193,172.31.40.0-255,66,31608,73,309529
28689,0.000542,74.125.200.0-255,1484,33092,73,309529
28690,0.000547,172.31.40.0-255,66,33158,73,309529
28691,0.000572,74.125.200.0-255,2902,36060,73,309529
28692,0.000575,172.31.40.0-255,66,36126,73,309529
28693,0.000598,74.125.200.0-255,2902,39028,73,309529
28694,0.000601,172.31.40.0-255,66,39094,73,309529
28695,0.000643,74.125.200.0-255,4320,43414,73,309529
28696,0.000648,172.31.40.0-255,66,43480,73,309529
28697,0.000656,74.125.200.0-255,1484,44964,73,309529
28698,0.000682,74.125.200.0-255,3961,48925,73,309529
28699,0.000685,172.31.40.0-255,66,48991,73,309529
28700,0.000689,74.125.200.0-255,1484,50475,73,309529
28701,0.000705,74.125.200.0-255,2902,53377,73,309529
28702,0.000708,172.31.40.0-255,66,53443,73,309529
28703,0.000727,74.125.200.0-255,1484,54927,73,309529
28704,0.000747,74.125.200.0-255,4320,59247,73,309529
28705,0.00075,172.31.40.0-255,66,59313,73,309529
28706,0.000772,74.125.200.0-255,6797,66110,73,309529
28707,0.000775,172.31.40.0-255,66,66176,73,309529
28708,0.000827,74.125.200.0-255,411,66587,73,309529
28709,0.000984,74.125.200.0-255,1484,68071,73,309529
28710,0.000988,172.31.40.0-255,66,68137,73,309529
28711,0.000994,74.125.200.0-255,2902,71039,73,309529
28712,0.000996,172.31.40.0-255,66,71105,73,309529
28713,0.001002,74.125.200.0-255,4320,75425,73,309529
28714,0.001005,172.31.40.0-255,66,75491,73,309529
28715,0.001028,74.125.200.0-255,1484,76975,73,309529
28716,0.001056,172.31.40.0-255,66,77041,73,309529
28717,0.001096,74.125.200.0-255,1484,78525,73,309529
28718,0.001109,74.125.200.0-255,2902,81427,73,309529
28719,0.001112,172.31.40.0-255,66,81493,73,309529
28720,0.001135,74.125.200.0-255,5738,87231,73,309529
28721,0.001138,172.31.40.0-255,66,87297,73,309529
28722,0.001166,172.31.40.0-255,66,87363,73,309529
28723,0.001264,74.125.200.0-255,5738,93101,73,309529
28724,0.001268,172.31.40.0-255,66,93167,73,309529
28725,0.001291,74.125.200.0-255,6438,99605,73,309529
28726,0.001294,172.31.40.0-255,66,99671,73,309529
28727,0.001374,74.125.200.0-255,1484,101155,73,309529
28728,0.001406,74.125.200.0-255,2902,104057,73,309529
28729,0.00141,172.31.40.0-255,66,104123,73,309529
28730,0.001431,74.125.200.0-255,1484,105607,73,309529
28731,0.00145,74.125.200.0-255,2902,108509,73,309529
28732,0.001453,172.31.40.0-255,66,108575,73,309529
28733,0.001473,74.125.200.0-255,2902,111477,73,309529
28734,0.001476,172.31.40.0-255,66,111543,73,309529
28735,0.001491,74.125.200.0-255,4320,115863,73,309529
28736,0.001495,172.31.40.0-255,66,115929,73,309529
28737,0.001533,74.125.200.0-255,2902,118831,73,309529
28738,0.001536,172.31.40.0-255,66,118897,73,309529
28739,0.00156,74.125.200.0-255,5738,124635,73,309529
28740,0.001563,172.31.40.0-255,66,124701,73,309529
28741,0.001569,74.125.200.0-255,4320,129021,73,309529
28742,0.00157,172.31.40.0-255,66,129087,73,309529
28743,0.001586,74.125.200.0-255,1484,130571,73,309529
28744,0.001622,74.125.200.0-255,3602,134173,73,309529
28745,0.001625,172.31.40.0-255,66,134239,73,309529
28746,0.001686,74.125.200.0-255,1484,135723,73,309529
28747,0.001702,74.125.200.0-255,2902,138625,73,309529
28748,0.001705,172.31.40.0-255,66,138691,73,309529
28749,0.001729,74.125.200.0-255,1484,140175,73,309529
28750,0.001745,74.125.200.0-255,4320,144495,73,309529
28751,0.001749,74.125.200.0-255,2902,147397,73,309529
28752,0.001753,172.31.40.0-255,66,147463,73,309529
28753,0.00176,172.31.40.0-255,66,147529,73,309529
28754,0.001774,74.125.200.0-255,1484,149013,73,309529
28755,0.00179,74.125.200.0-255,2902,151915,73,309529
28756,0.001793,172.31.40.0-255,66,151981,73,309529
28757,0.001809,74.125.200.0-255,5738,157719,73,309529
28758,0.001812,172.31.40.0-255,66,157785,73,309529
28759,0.001838,74.125.200.0-255,2902,160687,73,309529
28760,0.001841,172.31.40.0-255,66,160753,73,309529
28761,0.001875,74.125.200.0-255,2902,163655,73,309529
28762,0.001878,172.31.40.0-255,66,163721,73,309529
28763,0.001898,74.125.200.0-255,2902,166623,73,309529
28764,0.0019,172.31.40.0-255,66,166689,73,309529
28765,0.001913,74.125.200.0-255,2184,168873,73,309529
28766,0.001916,172.31.40.0-255,66,168939,73,309529
28767,0.002128,74.125.200.0-255,1484,170423,73,309529
28768,0.002143,74.125.200.0-255,2902,173325,73,309529
28769,0.002146,172.31.40.0-255,66,173391,73,309529
28770,0.002177,74.125.200.0-255,4320,177711,73,309529
28771,0.00218,172.31.40.0-255,66,177777,73,309529
28772,0.002196,74.125.200.0-255,5738,183515,73,309529
28773,0.002198,172.31.40.0-255,66,183581,73,309529
28774,0.002244,172.31.40.0-255,66,183647,73,309529
28775,0.002264,74.125.200.0-255,2902,186549,73,309529
28776,0.002268,172.31.40.0-255,66,186615,73,309529
28777,0.002343,74.125.200.0-255,5738,192353,73,309529
28778,0.002346,172.31.40.0-255,66,192419,73,309529
28779,0.002362,74.125.200.0-255,2184,194603,73,309529
28780,0.002369,172.31.40.0-255,66,194669,73,309529
28781,0.004681,74.125.200.0-255,2902,197571,73,309529
28782,0.004689,172.31.40.0-255,66,197637,73,309529
28783,0.004713,74.125.200.0-255,2902,200539,73,309529
28784,0.004716,172.31.40.0-255,66,200605,73,309529
28785,0.006969,74.125.200.0-255,4320,204925,73,309529
28786,0.006976,172.31.40.0-255,66,204991,73,309529
28787,0.006996,74.125.200.0-255,1484,206475,73,309529
28788,0.009243,74.125.200.0-255,4320,210795,73,309529
28789,0.00925,172.31.40.0-255,66,210861,73,309529
28790,0.011512,74.125.200.0-255,5738,216599,73,309529
28791,0.011515,172.31.40.0-255,66,216665,73,309529
28792,0.013794,74.125.200.0-255,5738,222403,73,309529
28793,0.013801,172.31.40.0-255,66,222469,73,309529
28794,0.01607,74.125.200.0-255,5738,228207,73,309529
28795,0.016077,172.31.40.0-255,66,228273,73,309529
28796,0.01836,74.125.200.0-255,5738,234011,73,309529
28797,0.018377,172.31.40.0-255,66,234077,73,309529
28798,0.020657,74.125.200.0-255,5738,239815,73,309529
28799,0.020671,172.31.40.0-255,66,239881,73,309529
28800,0.022962,74.125.200.0-255,5738,245619,73,309529
28801,0.022979,172.31.40.0-255,66,245685,73,309529
28802,0.025259,74.125.200.0-255,5738,251423,73,309529
28803,0.025273,172.31.40.0-255,66,251489,73,309529
28804,0.027564,74.125.200.0-255,5738,257227,73,309529
28805,0.027578,172.31.40.0-255,66,257293,73,309529
28806,0.029859,74.125.200.0-255,5738,263031,73,309529
28807,0.029868,172.31.40.0-255,66,263097,73,309529
28808,0.032157,74.125.200.0-255,5738,268835,73,309529
28809,0.032163,172.31.40.0-255,66,268901,73,309529
28810,0.034437,74.125.200.0-255,5738,274639,73,309529
28811,0.034443,172.31.40.0-255,66,274705,73,309529
28812,0.036712,74.125.200.0-255,5738,280443,73,309529
28813,0.036719,172.31.40.0-255,66,280509,73,309529
28814,0.038998,74.125.200.0-255,5738,286247,73,309529
28815,0.039006,172.31.40.0-255,66,286313,73,309529
28816,0.041268,74.125.200.0-255,5738,292051,73,309529
28817,0.041277,172.31.40.0-255,66,292117,73,309529
28818,0.043588,74.125.200.0-255,5738,297855,73,309529
28819,0.043598,172.31.40.0-255,66,297921,73,309529
28820,0.045867,74.125.200.0-255,5738,303659,73,309529
28821,0.045875,172.31.40.0-255,66,303725,73,309529
28822,0.048146,74.125.200.0-255,5738,309463,73,309529
28823,0.048153,172.31.40.0-255,66,309529,73,309529
28824,0.0,74.125.68.0-255,220,220,73,341011
28825,2.4e-05,172.31.40.0-255,66,286,73,341011
28826,3.1e-05,74.125.68.0-255,1484,1770,73,341011
28827,3.7e-05,172.31.40.0-255,66,1836,73,341011
28828,6e-05,74.125.68.0-255,4320,6156,73,341011
28829,6.4e-05,172.31.40.0-255,66,6222,73,341011
28830,6.8e-05,74.125.68.0-255,1484,7706,73,341011
28831,7e-05,172.31.40.0-255,66,7772,73,341011
28832,9.7e-05,74.125.68.0-255,2902,10674,73,341011
28833,0.000101,172.31.40.0-255,66,10740,73,341011
28834,0.000104,74.125.68.0-255,1484,12224,73,341011
28835,0.000106,172.31.40.0-255,66,12290,73,341011
28836,0.000123,74.125.68.0-255,1831,14121,73,341011
28837,0.000126,172.31.40.0-255,66,14187,73,341011
28838,0.000129,74.125.68.0-255,1484,15671,73,341011
28839,0.000132,172.31.40.0-255,66,15737,73,341011
28840,0.000151,74.125.68.0-255,2902,18639,73,341011
28841,0.000154,172.31.40.0-255,66,18705,73,341011
28842,0.000157,74.125.68.0-255,1484,20189,73,341011
28843,0.000159,172.31.40.0-255,66,20255,73,341011
28844,0.000183,172.31.40.0-255,66,20321,73,341011
28845,0.000187,74.125.68.0-255,2543,22864,73,341011
28846,0.00019,172.31.40.0-255,66,22930,73,341011
28847,0.000281,74.125.68.0-255,1484,24414,73,341011
28848,0.000286,172.31.40.0-255,66,24480,73,341011
28849,0.000308,74.125.68.0-255,2902,27382,73,341011
28850,0.00031,172.31.40.0-255,66,27448,73,341011
28851,0.00033,74.125.68.0-255,4320,31768,73,341011
28852,0.000332,172.31.40.0-255,66,31834,73,341011
28853,0.000374,74.125.68.0-255,4320,36154,73,341011
28854,0.000377,172.31.40.0-255,66,36220,73,341011
28855,0.0004,74.125.68.0-255,3961,40181,73,341011
28856,0.000403,172.31.40.0-255,66,40247,73,341011
28857,0.000414,172.31.40.0-255,66,40313,73,341011
28858,0.000419,74.125.68.0-255,4320,44633,73,341011
28859,0.000421,172.31.40.0-255,66,44699,73,341011
28860,0.000469,74.125.68.0-255,4320,49019,73,341011
28861,0.000471,172.31.40.0-255,66,49085,73,341011
28862,0.000518,74.125.68.0-255,327,49412,73,341011
28863,0.000668,74.125.68.0-255,1484,50896,73,341011
28864,0.000672,172.31.40.0-255,66,50962,73,341011
28865,0.000676,74.125.68.0-255,1484,52446,73,341011
28866,0.000691,74.125.68.0-255,1484,53930,73,341011
28867,0.000694,172.31.40.0-255,66,53996,73,341011
28868,0.000699,74.125.68.0-255,4320,58316,73,341011
28869,0.0007,172.31.40.0-255,66,58382,73,341011
28870,0.000711,74.125.68.0-255,1484,59866,73,341011
28871,0.000718,74.125.68.0-255,5738,65604,73,341011
28872,0.00072,172.31.40.0-255,66,65670,73,341011
28873,0.00075,74.125.68.0-255,7156,72826,73,341011
28874,0.000753,172.31.40.0-255,66,72892,73,341011
28875,0.00077,74.125.68.0-255,1484,74376,73,341011
28876,0.000784,74.125.68.0-255,7156,81532,73,341011
28877,0.000785,172.31.40.0-255,66,81598,73,341011
28878,0.000799,74.125.68.0-255,2184,83782,73,341011
28879,0.000801,172.31.40.0-255,66,83848,73,341011
28880,0.001131,74.125.68.0-255,1484,85332,73,341011
28881,0.001135,74.125.68.0-255,1484,86816,73,341011
28882,0.001138,172.31.40.0-255,66,86882,73,341011
28883,0.001157,74.125.68.0-255,1484,88366,73,341011
28884,0.001177,74.125.68.0-255,4320,92686,73,341011
28885,0.001179,172.31.40.0-255,66,92752,73,341011
28886,0.001213,74.125.68.0-255,5738,98490,73,341011
28887,0.001215,172.31.40.0-255,66,98556,73,341011
28888,0.001232,74.125.68.0-255,2902,101458,73,341011
28889,0.001234,172.31.40.0-255,66,101524,73,341011
28890,0.001251,74.125.68.0-255,2902,104426,73,341011
28891,0.001253,172.31.40.0-255,66,104492,73,341011
28892,0.001285,74.125.68.0-255,5738,110230,73,341011
28893,0.001288,172.31.40.0-255,66,110296,73,341011
28894,0.001324,74.125.68.0-255,2902,113198,73,341011
28895,0.001327,172.31.40.0-255,66,113264,73,341011
28896,0.001348,74.125.68.0-255,4320,117584,73,341011
28897,0.00135,172.31.40.0-255,66,117650,73,341011
28898,0.001352,74.125.68.0-255,766,118416,73,341011
28899,0.001432,74.125.68.0-255,1484,119900,73,341011
28900,0.001436,172.31.40.0-255,66,119966,73,341011
28901,0.001478,74.125.68.0-255,1484,121450,73,341011
28902,0.001497,74.125.68.0-255,2902,124352,73,341011
28903,0.001501,172.31.40.0-255,66,124418,73,341011
28904,0.001506,74.125.68.0-255,2902,127320,73,341011
28905,0.001507,172.31.40.0-255,66,127386,73,341011
28906,0.001522,74.125.68.0-255,2902,130288,73,341011
28907,0.001525,172.31.40.0-255,66,130354,73,341011
28908,0.001552,74.125.68.0-255,5738,136092,73,341011
28909,0.001554,172.31.40.0-255,66,136158,73,341011
28910,0.001586,74.125.68.0-255,5738,141896,73,341011
28911,0.001588,172.31.40.0-255,66,141962,73,341011
28912,0.001605,74.125.68.0-255,1484,143446,73,341011
28913,0.001612,74.125.68.0-255,5738,149184,73,341011
28914,0.001614,172.31.40.0-255,66,149250,73,341011
28915,0.001627,74.125.68.0-255,2902,152152,73,341011
28916,0.001629,172.31.40.0-255,66,152218,73,341011
28917,0.001632,74.125.68.0-255,766,152984,73,341011
28918,0.001744,74.125.68.0-255,1484,154468,73,341011
28919,0.001748,172.31.40.0-255,66,154534,73,341011
28920,0.001754,74.125.68.0-255,2902,157436,73,341011
28921,0.001756,172.31.40.0-255,66,157502,73,341011
28922,0.001763,74.125.68.0-255,5738,163240,73,341011
28923,0.001766,172.31.40.0-255,66,163306,73,341011
28924,0.001794,74.125.68.0-255,7156,170462,73,341011
28925,0.001815,172.31.40.0-255,66,170528,73,341011
28926,0.001833,74.125.68.0-255,1484,172012,73,341011
28927,0.001853,74.125.68.0-255,7156,179168,73,341011
28928,0.001855,172.31.40.0-255,66,179234,73,341011
28929,0.001885,74.125.68.0-255,1484,180718,73,341011
28930,0.001913,74.125.68.0-255,6438,187156,73,341011
28931,0.001917,172.31.40.0-255,66,187222,73,341011
28932,0.002132,74.125.68.0-255,1484,188706,73,341011
28933,0.002136,74.125.68.0-255,1484,190190,73,341011
28934,0.002139,172.31.40.0-255,66,190256,73,341011
28935,0.002158,74.125.68.0-255,1484,191740,73,341011
28936,0.002172,74.125.68.0-255,4320,196060,73,341011
28937,0.002174,172.31.40.0-255,66,196126,73,341011
28938,0.002196,74.125.68.0-255,1484,197610,73,341011
28939,0.002202,74.125.68.0-255,4320,201930,73,341011
28940,0.002204,172.31.40.0-255,66,201996,73,341011
28941,0.00221,74.125.68.0-255,5738,207734,73,341011
28942,0.002212,172.31.40.0-255,66,207800,73,341011
28943,0.002243,172.31.40.0-255,66,207866,73,341011
28944,0.002261,74.125.68.0-255,1484,209350,73,341011
28945,0.002265,74.125.68.0-255,2184,211534,73,341011
28946,0.002267,172.31.40.0-255,66,211600,73,341011
28947,0.00231,74.125.68.0-255,7156,218756,73,341011
28948,0.002314,172.31.40.0-255,66,218822,73,341011
28949,0.002326,74.125.68.0-255,4320,223142,73,341011
28950,0.002329,172.31.40.0-255,66,223208,73,341011
28951,0.002338,74.125.68.0-255,1484,224692,73,341011
28952,0.002377,172.31.40.0-255,66,224758,73,341011
28953,0.002382,74.125.68.0-255,4320,229078,73,341011
28954,0.002385,172.31.40.0-255,66,229144,73,341011
28955,0.002411,74.125.68.0-255,5738,234882,73,341011
28956,0.002413,172.31.40.0-255,66,234948,73,341011
28957,0.002433,74.125.68.0-255,2184,237132,73,341011
28958,0.002436,172.31.40.0-255,66,237198,73,341011
28959,0.002445,172.31.40.0-255,66,237264,73,341011
28960,0.00248,172.31.40.0-255,66,237330,73,341011
28961,0.002512,74.125.68.0-255,1484,238814,73,341011
28962,0.002535,172.31.40.0-255,66,238880,73,341011
28963,0.002537,74.125.68.0-255,766,239646,73,341011
28964,0.002554,74.125.68.0-255,1484,241130,73,341011
28965,0.002557,172.31.40.0-255,66,241196,73,341011
28966,0.002592,172.31.40.0-255,66,241262,73,341011
28967,0.002603,172.31.40.0-255,66,241328,73,341011
28968,0.002618,74.125.68.0-255,5738,247066,73,341011
28969,0.00262,172.31.40.0-255,66,247132,73,341011
28970,0.002624,74.125.68.0-255,3602,250734,73,341011
28971,0.002627,172.31.40.0-255,66,250800,73,341011
28972,0.005219,74.125.68.0-255,5738,256538,73,341011
28973,0.005245,172.31.40.0-255,66,256604,73,341011
28974,0.007855,74.125.68.0-255,5738,262342,73,341011
28975,0.007876,172.31.40.0-255,66,262408,73,341011
28976,0.010457,74.125.68.0-255,5738,268146,73,341011
28977,0.010465,172.31.40.0-255,66,268212,73,341011
28978,0.013059,74.125.68.0-255,5738,273950,73,341011
28979,0.013068,172.31.40.0-255,66,274016,73,341011
28980,0.01565,74.125.68.0-255,5738,279754,73,341011
28981,0.015662,172.31.40.0-255,66,279820,73,341011
28982,0.018274,74.125.68.0-255,5738,285558,73,341011
28983,0.018292,172.31.40.0-255,66,285624,73,341011
28984,0.020912,74.125.68.0-255,5738,291362,73,341011
28985,0.020932,172.31.40.0-255,66,291428,73,341011
28986,0.023515,74.125.68.0-255,5738,297166,73,341011
28987,0.023524,172.31.40.0-255,66,297232,73,341011
28988,0.026109,74.125.68.0-255,5738,302970,73,341011
28989,0.02612,172.31.40.0-255,66,303036,73,341011
28990,0.028705,74.125.68.0-255,5738,308774,73,341011
28991,0.028714,172.31.40.0-255,66,308840,73,341011
28992,0.031305,74.125.68.0-255,5738,314578,73,341011
28993,0.031316,172.31.40.0-255,66,314644,73,341011
28994,0.033922,74.125.68.0-255,5738,320382,73,341011
28995,0.033941,172.31.40.0-255,66,320448,73,341011
28996,0.036528,74.125.68.0-255,5738,326186,73,341011
28997,0.036537,172.31.40.0-255,66,326252,73,341011
28998,0.039115,74.125.68.0-255,5738,331990,73,341011
28999,0.039121,172.31.40.0-255,66,332056,73,341011
29000,0.041726,74.125.68.0-255,2703,334759,73,341011
29001,0.041755,172.31.40.0-255,66,334825,73,341011
29002,0.042006,172.31.40.0-255,105,334930,73,341011
29003,0.04455,74.125.68.0-255,66,334996,73,341011
29004,0.046822,172.31.40.0-255,171,335167,73,341011
29005,0.046848,172.31.40.0-255,1139,336306,73,341011
29006,0.046898,172.31.40.0-255,1514,337820,73,341011
29007,0.046899,172.31.40.0-255,1514,339334,73,341011
29008,0.046902,172.31.40.0-255,1413,340747,73,341011
29009,0.048337,104.244.42.0-255,66,340813,73,341011
29010,0.04839,104.244.42.0-255,66,340879,73,341011
29011,0.048434,104.244.42.0-255,66,340945,73,341011
29012,0.048437,104.244.42.0-255,66,341011,73,341011
29013,0.0,74.125.24.0-255,143,143,73,201397
29014,2.2e-05,172.31.40.0-255,66,209,73,201397
29015,2.8e-05,74.125.24.0-255,1484,1693,73,201397
29016,3.3e-05,172.31.40.0-255,66,1759,73,201397
29017,3.8e-05,74.125.24.0-255,2902,4661,73,201397
29018,4.7e-05,172.31.40.0-255,66,4727,73,201397
29019,7.9e-05,74.125.24.0-255,7156,11883,73,201397
29020,8.2e-05,172.31.40.0-255,66,11949,73,201397
29021,0.000213,74.125.24.0-255,2030,13979,73,201397
29022,0.000218,172.31.40.0-255,66,14045,73,201397
29023,0.000274,74.125.24.0-255,5738,19783,73,201397
29024,0.000278,172.31.40.0-255,66,19849,73,201397
29025,0.000353,74.125.24.0-255,4320,24169,73,201397
29026,0.000357,172.31.40.0-255,66,24235,73,201397
29027,0.000391,74.125.24.0-255,5738,29973,73,201397
29028,0.000393,172.31.40.0-255,66,30039,73,201397
29029,0.000553,74.125.24.0-255,5738,35777,73,201397
29030,0.000558,172.31.40.0-255,66,35843,73,201397
29031,0.000604,172.31.40.0-255,66,35909,73,201397
29032,0.000966,74.125.24.0-255,7156,43065,73,201397
29033,0.000971,172.31.40.0-255,66,43131,73,201397
29034,0.000999,74.125.24.0-255,4320,47451,73,201397
29035,0.001001,172.31.40.0-255,66,47517,73,201397
29036,0.00118,74.125.24.0-255,2877,50394,73,201397
29037,0.001184,172.31.40.0-255,66,50460,73,201397
29038,0.001203,74.125.24.0-255,374,50834,73,201397
29039,0.001205,172.31.40.0-255,66,50900,73,201397
29040,0.001244,172.31.40.0-255,66,50966,73,201397
29041,0.001283,172.31.40.0-255,66,51032,73,201397
29042,0.00162,172.31.40.0-255,66,51098,73,201397
29043,0.001661,172.31.40.0-255,66,51164,73,201397
29044,0.002342,74.125.24.0-255,7156,58320,73,201397
29045,0.00235,172.31.40.0-255,66,58386,73,201397
29046,0.002426,172.31.40.0-255,66,58452,73,201397
29047,0.003327,74.125.24.0-255,7156,65608,73,201397
29048,0.00333,172.31.40.0-255,66,65674,73,201397
29049,0.003425,172.31.40.0-255,66,65740,73,201397
29050,0.005455,74.125.24.0-255,2902,68642,73,201397
29051,0.005459,172.31.40.0-255,66,68708,73,201397
29052,0.005487,74.125.24.0-255,2902,71610,73,201397
29053,0.005489,172.31.40.0-255,66,71676,73,201397
29054,0.007512,74.125.24.0-255,2902,74578,73,201397
29055,0.007518,172.31.40.0-255,66,74644,73,201397
29056,0.007548,74.125.24.0-255,2902,77546,73,201397
29057,0.007551,172.31.40.0-255,66,77612,73,201397
29058,0.00956,74.125.24.0-255,2902,80514,73,201397
29059,0.009565,172.31.40.0-255,66,80580,73,201397
29060,0.009592,74.125.24.0-255,1484,82064,73,201397
29061,0.009602,74.125.24.0-255,1484,83548,73,201397
29062,0.009604,172.31.40.0-255,66,83614,73,201397
29063,0.011588,74.125.24.0-255,2902,86516,73,201397
29064,0.011597,172.31.40.0-255,66,86582,73,201397
29065,0.011628,74.125.24.0-255,2902,89484,73,201397
29066,0.011631,172.31.40.0-255,66,89550,73,201397
29067,0.013652,74.125.24.0-255,2902,92452,73,201397
29068,0.01366,172.31.40.0-255,66,92518,73,201397
29069,0.013694,74.125.24.0-255,2902,95420,73,201397
29070,0.013697,172.31.40.0-255,66,95486,73,201397
29071,0.01568,74.125.24.0-255,2902,98388,73,201397
29072,0.015688,172.31.40.0-255,66,98454,73,201397
29073,0.015719,74.125.24.0-255,2902,101356,73,201397
29074,0.015722,172.31.40.0-255,66,101422,73,201397
29075,0.017745,74.125.24.0-255,2902,104324,73,201397
29076,0.017752,172.31.40.0-255,66,104390,73,201397
29077,0.017782,74.125.24.0-255,2902,107292,73,201397
29078,0.017799,172.31.40.0-255,66,107358,73,201397
29079,0.01981,74.125.24.0-255,2902,110260,73,201397
29080,0.019828,172.31.40.0-255,66,110326,73,201397
29081,0.019865,74.125.24.0-255,2902,113228,73,201397
29082,0.019867,172.31.40.0-255,66,113294,73,201397
29083,0.02188,74.125.24.0-255,2902,116196,73,201397
29084,0.021894,172.31.40.0-255,66,116262,73,201397
29085,0.021928,74.125.24.0-255,2902,119164,73,201397
29086,0.02193,172.31.40.0-255,66,119230,73,201397
29087,0.02394,74.125.24.0-255,2902,122132,73,201397
29088,0.023954,172.31.40.0-255,66,122198,73,201397
29089,0.023993,74.125.24.0-255,2902,125100,73,201397
29090,0.023997,172.31.40.0-255,66,125166,73,201397
29091,0.026013,74.125.24.0-255,2902,128068,73,201397
29092,0.026026,172.31.40.0-255,66,128134,73,201397
29093,0.026062,74.125.24.0-255,2902,131036,73,201397
29094,0.026066,172.31.40.0-255,66,131102,73,201397
29095,0.028068,74.125.24.0-255,2902,134004,73,201397
29096,0.028076,172.31.40.0-255,66,134070,73,201397
29097,0.02811,74.125.24.0-255,2902,136972,73,201397
29098,0.028114,172.31.40.0-255,66,137038,73,201397
29099,0.030104,74.125.24.0-255,2902,139940,73,201397
29100,0.030112,172.31.40.0-255,66,140006,73,201397
29101,0.030142,74.125.24.0-255,2902,142908,73,201397
29102,0.030145,172.31.40.0-255,66,142974,73,201397
29103,0.032185,74.125.24.0-255,5738,148712,73,201397
29104,0.032199,172.31.40.0-255,66,148778,73,201397
29105,0.034252,74.125.24.0-255,5738,154516,73,201397
29106,0.03426,172.31.40.0-255,66,154582,73,201397
29107,0.036334,74.125.24.0-255,5738,160320,73,201397
29108,0.036342,172.31.40.0-255,66,160386,73,201397
29109,0.038402,74.125.24.0-255,5738,166124,73,201397
29110,0.038411,172.31.40.0-255,66,166190,73,201397
29111,0.040478,74.125.24.0-255,5738,171928,73,201397
29112,0.040494,172.31.40.0-255,66,171994,73,201397
29113,0.042517,74.125.24.0-255,5738,177732,73,201397
29114,0.042524,172.31.40.0-255,66,177798,73,201397
29115,0.044566,74.125.24.0-255,5738,183536,73,201397
29116,0.044576,172.31.40.0-255,66,183602,73,201397
29117,0.046639,74.125.24.0-255,5738,189340,73,201397
29118,0.046651,172.31.40.0-255,66,189406,73,201397
29119,0.048617,172.31.40.0-255,172,189578,73,201397
29120,0.048645,172.31.40.0-255,1115,190693,73,201397
29121,0.048686,74.125.24.0-255,5738,196431,73,201397
29122,0.04869,172.31.40.0-255,66,196497,73,201397
29123,0.048793,172.31.40.0-255,1514,198011,73,201397
29124,0.048795,172.31.40.0-255,1514,199525,73,201397
29125,0.048799,172.31.40.0-255,1514,201039,73,201397
29126,0.0488,172.31.40.0-255,358,201397,73,201397
29127,0.0,74.125.24.0-255,298,298,73,238871
29128,2.1e-05,172.31.40.0-255,66,364,73,238871
29129,2.8e-05,74.125.24.0-255,1484,1848,73,238871
29130,3.3e-05,172.31.40.0-255,66,1914,73,238871
29131,3.9e-05,74.125.24.0-255,4320,6234,73,238871
29132,4.2e-05,172.31.40.0-255,66,6300,73,238871
29133,6.9e-05,172.31.40.0-255,66,6366,73,238871
29134,9.5e-05,74.125.24.0-255,424,6790,73,238871
29135,9.8e-05,172.31.40.0-255,66,6856,73,238871
29136,0.000104,74.125.24.0-255,5738,12594,73,238871
29137,0.000107,172.31.40.0-255,66,12660,73,238871
29138,0.000131,172.31.40.0-255,66,12726,73,238871
29139,0.00019,74.125.24.0-255,1484,14210,73,238871
29140,0.000194,172.31.40.0-255,66,14276,73,238871
29141,0.0002,74.125.24.0-255,2902,17178,73,238871
29142,0.000202,172.31.40.0-255,66,17244,73,238871
29143,0.000221,74.125.24.0-255,5738,22982,73,238871
29144,0.000224,172.31.40.0-255,66,23048,73,238871
29145,0.000251,74.125.24.0-255,7156,30204,73,238871
29146,0.000254,172.31.40.0-255,66,30270,73,238871
29147,0.00028,74.125.24.0-255,6797,37067,73,238871
29148,0.000283,172.31.40.0-255,66,37133,73,238871
29149,0.000288,74.125.24.0-255,4320,41453,73,238871
29150,0.00029,172.31.40.0-255,66,41519,73,238871
29151,0.000309,74.125.24.0-255,1484,43003,73,238871
29152,0.000312,172.31.40.0-255,66,43069,73,238871
29153,0.00033,74.125.24.0-255,4255,47324,73,238871
29154,0.000333,172.31.40.0-255,66,47390,73,238871
29155,0.000336,74.125.24.0-255,384,47774,73,238871
29156,0.000338,172.31.40.0-255,66,47840,73,238871
29157,0.000419,74.125.24.0-255,1484,49324,73,238871
29158,0.000425,74.125.24.0-255,2902,52226,73,238871
29159,0.000439,74.125.24.0-255,1484,53710,73,238871
29160,0.000456,74.125.24.0-255,4320,58030,73,238871
29161,0.000463,74.125.24.0-255,5738,63768,73,238871
29162,0.000468,172.31.40.0-255,66,63834,73,238871
29163,0.000475,74.125.24.0-255,1125,64959,73,238871
29164,0.000482,172.31.40.0-255,66,65025,73,238871
29165,0.000534,74.125.24.0-255,1484,66509,73,238871
29166,0.00059,74.125.24.0-255,1125,67634,73,238871
29167,0.00068,74.125.24.0-255,1484,69118,73,238871
29168,0.000686,74.125.24.0-255,2902,72020,73,238871
29169,0.000709,74.125.24.0-255,5738,77758,73,238871
29170,0.000712,74.125.24.0-255,1484,79242,73,238871
29171,0.000732,74.125.24.0-255,5738,84980,73,238871
29172,0.00074,74.125.24.0-255,7156,92136,73,238871
29173,0.000758,74.125.24.0-255,7156,99292,73,238871
29174,0.000762,74.125.24.0-255,2184,101476,73,238871
29175,0.000782,74.125.24.0-255,2902,104378,73,238871
29176,0.000789,74.125.24.0-255,7156,111534,73,238871
29177,0.000815,74.125.24.0-255,5738,117272,73,238871
29178,0.000902,172.31.40.0-255,66,117338,73,238871
29179,0.000998,74.125.24.0-255,1484,118822,73,238871
29180,0.001004,74.125.24.0-255,2902,121724,73,238871
29181,0.001023,74.125.24.0-255,5738,127462,73,238871
29182,0.001032,172.31.40.0-255,66,127528,73,238871
29183,0.001053,172.31.40.0-255,66,127594,73,238871
29184,0.001068,74.125.24.0-255,1484,129078,73,238871
29185,0.001076,74.125.24.0-255,7156,136234,73,238871
29186,0.001083,172.31.40.0-255,66,136300,73,238871
29187,0.001097,74.125.24.0-255,3602,139902,73,238871
29188,0.001113,172.31.40.0-255,66,139968,73,238871
29189,0.001169,172.31.40.0-255,66,140034,73,238871
29190,0.001177,74.125.24.0-255,7156,147190,73,238871
29191,0.00119,74.125.24.0-255,3602,150792,73,238871
29192,0.001193,172.31.40.0-255,66,150858,73,238871
29193,0.001218,172.31.40.0-255,66,150924,73,238871
29194,0.001263,74.125.24.0-255,1484,152408,73,238871
29195,0.001267,74.125.24.0-255,1484,153892,73,238871
29196,0.001279,74.125.24.0-255,1484,155376,73,238871
29197,0.001284,74.125.24.0-255,2902,158278,73,238871
29198,0.001289,172.31.40.0-255,66,158344,73,238871
29199,0.001301,74.125.24.0-255,2902,161246,73,238871
29200,0.001305,74.125.24.0-255,2902,164148,73,238871
29201,0.001356,172.31.40.0-255,66,164214,73,238871
29202,0.001372,74.125.24.0-255,4320,168534,73,238871
29203,0.00139,172.31.40.0-255,66,168600,73,238871
29204,0.001472,172.31.40.0-255,66,168666,73,238871
29205,0.001492,74.125.24.0-255,4320,172986,73,238871
29206,0.001516,74.125.24.0-255,5738,178724,73,238871
29207,0.001519,74.125.24.0-255,1484,180208,73,238871
29208,0.001521,74.125.24.0-255,1484,181692,73,238871
29209,0.001529,172.31.40.0-255,66,181758,73,238871
29210,0.001543,74.125.24.0-255,1484,183242,73,238871
29211,0.001552,74.125.24.0-255,5738,188980,73,238871
29212,0.001572,74.125.24.0-255,5020,194000,73,238871
29213,0.00158,172.31.40.0-255,66,194066,73,238871
29214,0.001646,74.125.24.0-255,1484,195550,73,238871
29215,0.001652,74.125.24.0-255,2902,198452,73,238871
29216,0.001657,74.125.24.0-255,2902,201354,73,238871
29217,0.001672,74.125.24.0-255,2902,204256,73,238871
29218,0.001677,74.125.24.0-255,4320,208576,73,238871
29219,0.001684,172.31.40.0-255,66,208642,73,238871
29220,0.001695,74.125.24.0-255,4320,212962,73,238871
29221,0.00171,172.31.40.0-255,66,213028,73,238871
29222,0.001721,74.125.24.0-255,2902,215930,73,238871
29223,0.001735,74.125.24.0-255,2184,218114,73,238871
29224,0.001742,74.125.24.0-255,5738,223852,73,238871
29225,0.001754,74.125.24.0-255,1484,225336,73,238871
29226,0.001783,74.125.24.0-255,5738,231074,73,238871
29227,0.001799,172.31.40.0-255,66,231140,73,238871
29228,0.001806,74.125.24.0-255,7156,238296,73,238871
29229,0.001811,172.31.40.0-255,66,238362,73,238871
29230,0.001862,172.31.40.0-255,66,238428,73,238871
29231,0.001874,74.125.24.0-255,105,238533,73,238871
29232,0.002658,172.31.40.0-255,101,238634,73,238871
29233,0.004939,74.125.24.0-255,66,238700,73,238871
29234,0.014566,172.31.40.0-255,105,238805,73,238871
29235,0.016862,74.125.24.0-255,66,238871,73,238871
29236,0.0,74.125.130.0-255,151,151,73,280162
29237,2.5e-05,172.31.40.0-255,66,217,73,280162
29238,3.2e-05,74.125.130.0-255,1484,1701,73,280162
29239,3.6e-05,172.31.40.0-255,66,1767,73,280162
29240,4.2e-05,74.125.130.0-255,2902,4669,73,280162
29241,4.7e-05,172.31.40.0-255,66,4735,73,280162
29242,5e-05,74.125.130.0-255,1484,6219,73,280162
29243,5.2e-05,172.31.40.0-255,66,6285,73,280162
29244,5.7e-05,74.125.130.0-255,2902,9187,73,280162
29245,6e-05,172.31.40.0-255,66,9253,73,280162
29246,8.1e-05,74.125.130.0-255,2902,12155,73,280162
29247,8.3e-05,172.31.40.0-255,66,12221,73,280162
29248,0.000105,74.125.130.0-255,2029,14250,73,280162
29249,0.000108,172.31.40.0-255,66,14316,73,280162
29250,0.000163,74.125.130.0-255,1484,15800,73,280162
29251,0.000166,172.31.40.0-255,66,15866,73,280162
29252,0.000171,74.125.130.0-255,2902,18768,73,280162
29253,0.000174,172.31.40.0-255,66,18834,73,280162
29254,0.000177,74.125.130.0-255,1484,20318,73,280162
29255,0.000179,172.31.40.0-255,66,20384,73,280162
29256,0.000199,74.125.130.0-255,2902,23286,73,280162
29257,0.000202,172.31.40.0-255,66,23352,73,280162
29258,0.000208,74.125.130.0-255,5738,29090,73,280162
29259,0.000211,172.31.40.0-255,66,29156,73,280162
29260,0.000244,74.125.130.0-255,2543,31699,73,280162
29261,0.000246,172.31.40.0-255,66,31765,73,280162
29262,0.000265,74.125.130.0-255,2902,34667,73,280162
29263,0.000268,172.31.40.0-255,66,34733,73,280162
29264,0.000305,74.125.130.0-255,2902,37635,73,280162
29265,0.000308,172.31.40.0-255,66,37701,73,280162
29266,0.000313,74.125.130.0-255,4320,42021,73,280162
29267,0.000315,172.31.40.0-255,66,42087,73,280162
29268,0.000359,74.125.130.0-255,5738,47825,73,280162
29269,0.000362,172.31.40.0-255,66,47891,73,280162
29270,0.000379,74.125.130.0-255,1125,49016,73,280162
29271,0.000895,74.125.130.0-255,1484,50500,73,280162
29272,0.000901,172.31.40.0-255,66,50566,73,280162
29273,0.000907,74.125.130.0-255,2902,53468,73,280162
29274,0.00091,172.31.40.0-255,66,53534,73,280162
29275,0.000939,74.125.130.0-255,5738,59272,73,280162
29276,0.000943,172.31.40.0-255,66,59338,73,280162
29277,0.000946,74.125.130.0-255,1484,60822,73,280162
29278,0.000952,74.125.130.0-255,2902,63724,73,280162
29279,0.000954,172.31.40.0-255,66,63790,73,280162
29280,0.00099,74.125.130.0-255,2859,66649,73,280162
29281,0.000993,172.31.40.0-255,66,66715,73,280162
29282,0.001075,74.125.130.0-255,1484,68199,73,280162
29283,0.001081,74.125.130.0-255,2902,71101,73,280162
29284,0.001084,172.31.40.0-255,66,71167,73,280162
29285,0.001121,74.125.130.0-255,1484,72651,73,280162
29286,0.001135,74.125.130.0-255,2902,75553,73,280162
29287,0.001139,172.31.40.0-255,66,75619,73,280162
29288,0.001176,74.125.130.0-255,1484,77103,73,280162
29289,0.001206,74.125.130.0-255,1484,78587,73,280162
29290,0.00121,172.31.40.0-255,66,78653,73,280162
29291,0.001229,74.125.130.0-255,1484,80137,73,280162
29292,0.001243,74.125.130.0-255,1484,81621,73,280162
29293,0.001247,172.31.40.0-255,66,81687,73,280162
29294,0.001257,74.125.130.0-255,2902,84589,73,280162
29295,0.00126,172.31.40.0-255,66,84655,73,280162
29296,0.001289,74.125.130.0-255,4320,88975,73,280162
29297,0.001292,172.31.40.0-255,66,89041,73,280162
29298,0.001295,74.125.130.0-255,1484,90525,73,280162
29299,0.001324,74.125.130.0-255,2902,93427,73,280162
29300,0.001328,172.31.40.0-255,66,93493,73,280162
29301,0.001345,74.125.130.0-255,1484,94977,73,280162
29302,0.001366,74.125.130.0-255,4320,99297,73,280162
29303,0.001373,172.31.40.0-255,66,99363,73,280162
29304,0.001402,74.125.130.0-255,2184,101547,73,280162
29305,0.001405,172.31.40.0-255,66,101613,73,280162
29306,0.00153,74.125.130.0-255,1484,103097,73,280162
29307,0.001547,74.125.130.0-255,2902,105999,73,280162
29308,0.00155,172.31.40.0-255,66,106065,73,280162
29309,0.001574,74.125.130.0-255,4320,110385,73,280162
29310,0.001577,172.31.40.0-255,66,110451,73,280162
29311,0.001617,172.31.40.0-255,66,110517,73,280162
29312,0.00165,74.125.130.0-255,7156,117673,73,280162
29313,0.001653,172.31.40.0-255,66,117739,73,280162
29314,0.001674,74.125.130.0-255,2902,120641,73,280162
29315,0.001677,172.31.40.0-255,66,120707,73,280162
29316,0.001679,74.125.130.0-255,1484,122191,73,280162
29317,0.001712,74.125.130.0-255,5020,127211,73,280162
29318,0.001714,172.31.40.0-255,66,127277,73,280162
29319,0.001778,74.125.130.0-255,1484,128761,73,280162
29320,0.001801,74.125.130.0-255,2902,131663,73,280162
29321,0.001803,172.31.40.0-255,66,131729,73,280162
29322,0.001807,74.125.130.0-255,1484,133213,73,280162
29323,0.001824,74.125.130.0-255,2902,136115,73,280162
29324,0.001826,172.31.40.0-255,66,136181,73,280162
29325,0.001858,74.125.130.0-255,5738,141919,73,280162
29326,0.001861,172.31.40.0-255,66,141985,73,280162
29327,0.001868,74.125.130.0-255,5738,147723,73,280162
29328,0.00187,172.31.40.0-255,66,147789,73,280162
29329,0.001893,74.125.130.0-255,7156,154945,73,280162
29330,0.001896,172.31.40.0-255,66,155011,73,280162
29331,0.001918,74.125.130.0-255,1484,156495,73,280162
29332,0.001933,74.125.130.0-255,5020,161515,73,280162
29333,0.001936,172.31.40.0-255,66,161581,73,280162
29334,0.00443,74.125.130.0-255,5738,167319,73,280162
29335,0.004437,172.31.40.0-255,66,167385,73,280162
29336,0.006909,74.125.130.0-255,1484,168869,73,280162
29337,0.006927,74.125.130.0-255,4320,173189,73,280162
29338,0.00693,172.31.40.0-255,66,173255,73,280162
29339,0.009419,74.125.130.0-255,5738,178993,73,280162
29340,0.009428,172.31.40.0-255,66,179059,73,280162
29341,0.011923,74.125.130.0-255,5738,184797,73,280162
29342,0.011931,172.31.40.0-255,66,184863,73,280162
29343,0.014467,74.125.130.0-255,5738,190601,73,280162
29344,0.014475,172.31.40.0-255,66,190667,73,280162
29345,0.016971,74.125.130.0-255,5738,196405,73,280162
29346,0.016981,172.31.40.0-255,66,196471,73,280162
29347,0.019465,74.125.130.0-255,5738,202209,73,280162
29348,0.019475,172.31.40.0-255,66,202275,73,280162
29349,0.022113,74.125.130.0-255,5738,208013,73,280162
29350,0.022123,172.31.40.0-255,66,208079,73,280162
29351,0.024604,74.125.130.0-255,5738,213817,73,280162
29352,0.024611,172.31.40.0-255,66,213883,73,280162
29353,0.02714,74.125.130.0-255,5738,219621,73,280162
29354,0.027148,172.31.40.0-255,66,219687,73,280162
29355,0.027249,172.31.40.0-255,172,219859,73,280162
29356,0.027278,172.31.40.0-255,1115,220974,73,280162
29357,0.027394,172.31.40.0-255,1514,222488,73,280162
29358,0.027397,172.31.40.0-255,1514,224002,73,280162
29359,0.027398,172.31.40.0-255,1514,225516,73,280162
29360,0.027399,172.31.40.0-255,1514,227030,73,280162
29361,0.0274,172.31.40.0-255,458,227488,73,280162
29362,0.028761,104.244.42.0-255,66,227554,73,280162
29363,0.028818,104.244.42.0-255,66,227620,73,280162
29364,0.028989,104.244.42.0-255,66,227686,73,280162
29365,0.028994,104.244.42.0-255,66,227752,73,280162
29366,0.029623,74.125.130.0-255,5738,233490,73,280162
29367,0.02963,172.31.40.0-255,66,233556,73,280162
29368,0.030481,104.244.42.0-255,108,233664,73,280162
29369,0.03049,172.31.40.0-255,66,233730,73,280162
29370,0.032126,74.125.130.0-255,5738,239468,73,280162
29371,0.032133,172.31.40.0-255,66,239534,73,280162
29372,0.034626,74.125.130.0-255,5738,245272,73,280162
29373,0.034633,172.31.40.0-255,66,245338,73,280162
29374,0.037149,74.125.130.0-255,5738,251076,73,280162
29375,0.037167,172.31.40.0-255,66,251142,73,280162
29376,0.039668,74.125.130.0-255,5738,256880,73,280162
29377,0.039684,172.31.40.0-255,66,256946,73,280162
29378,0.04218,74.125.130.0-255,5738,262684,73,280162
29379,0.042198,172.31.40.0-255,66,262750,73,280162
29380,0.044715,74.125.130.0-255,5738,268488,73,280162
29381,0.044735,172.31.40.0-255,66,268554,73,280162
29382,0.047235,74.125.130.0-255,5738,274292,73,280162
29383,0.047258,172.31.40.0-255,66,274358,73,280162
29384,0.049763,74.125.130.0-255,5738,280096,73,280162
29385,0.04978,172.31.40.0-255,66,280162,73,280162
29386,0.0,172.217.194.0-255,150,150,73,253495
29387,2.4e-05,172.31.40.0-255,66,216,73,253495
29388,3.2e-05,172.217.194.0-255,1484,1700,73,253495
29389,3.6e-05,172.31.40.0-255,66,1766,73,253495
29390,4.2e-05,172.217.194.0-255,2902,4668,73,253495
29391,4.5e-05,172.31.40.0-255,66,4734,73,253495
29392,6e-05,172.217.194.0-255,7156,11890,73,253495
29393,6.3e-05,172.31.40.0-255,66,11956,73,253495
29394,6.9e-05,172.217.194.0-255,3366,15322,73,253495
29395,7.3e-05,172.31.40.0-255,66,15388,73,253495
29396,8.7e-05,172.31.40.0-255,66,15454,73,253495
29397,0.000139,172.217.194.0-255,2543,17997,73,253495
29398,0.000142,172.31.40.0-255,66,18063,73,253495
29399,0.000227,172.217.194.0-255,1484,19547,73,253495
29400,0.00023,172.31.40.0-255,66,19613,73,253495
29401,0.000236,172.217.194.0-255,2902,22515,73,253495
29402,0.000238,172.31.40.0-255,66,22581,73,253495
29403,0.000264,172.217.194.0-255,5738,28319,73,253495
29404,0.00027,172.31.40.0-255,66,28385,73,253495
29405,0.000291,172.217.194.0-255,7156,35541,73,253495
29406,0.000294,172.31.40.0-255,66,35607,73,253495
29407,0.000319,172.217.194.0-255,6797,42404,73,253495
29408,0.000322,172.31.40.0-255,66,42470,73,253495
29409,0.000333,172.31.40.0-255,66,42536,73,253495
29410,0.000336,172.217.194.0-255,364,42900,73,253495
29411,0.000338,172.31.40.0-255,66,42966,73,253495
29412,0.000394,172.217.194.0-255,1484,44450,73,253495
29413,0.000397,172.31.40.0-255,66,44516,73,253495
29414,0.000402,172.217.194.0-255,2902,47418,73,253495
29415,0.000404,172.31.40.0-255,66,47484,73,253495
29416,0.000408,172.217.194.0-255,2902,50386,73,253495
29417,0.000415,172.31.40.0-255,66,50452,73,253495
29418,0.000446,172.217.194.0-255,2902,53354,73,253495
29419,0.000449,172.31.40.0-255,66,53420,73,253495
29420,0.000463,172.31.40.0-255,66,53486,73,253495
29421,0.000477,172.31.40.0-255,66,53552,73,253495
29422,0.000506,172.217.194.0-255,1484,55036,73,253495
29423,0.000511,172.217.194.0-255,1484,56520,73,253495
29424,0.000513,172.31.40.0-255,66,56586,73,253495
29425,0.000538,172.217.194.0-255,1484,58070,73,253495
29426,0.000545,172.217.194.0-255,5738,63808,73,253495
29427,0.000548,172.31.40.0-255,66,63874,73,253495
29428,0.000553,172.217.194.0-255,4320,68194,73,253495
29429,0.000555,172.31.40.0-255,66,68260,73,253495
29430,0.000587,172.31.40.0-255,66,68326,73,253495
29431,0.000598,172.31.40.0-255,66,68392,73,253495
29432,0.000628,172.217.194.0-255,2184,70576,73,253495
29433,0.00063,172.31.40.0-255,66,70642,73,253495
29434,0.0007,172.217.194.0-255,1484,72126,73,253495
29435,0.000704,172.217.194.0-255,1484,73610,73,253495
29436,0.000706,172.31.40.0-255,66,73676,73,253495
29437,0.000732,172.217.194.0-255,1484,75160,73,253495
29438,0.000741,172.217.194.0-255,5738,80898,73,253495
29439,0.000744,172.31.40.0-255,66,80964,73,253495
29440,0.00075,172.217.194.0-255,4320,85284,73,253495
29441,0.000766,172.31.40.0-255,66,85350,73,253495
29442,0.000808,172.31.40.0-255,66,85416,73,253495
29443,0.000823,172.217.194.0-255,2902,88318,73,253495
29444,0.000828,172.217.194.0-255,4320,92638,73,253495
29445,0.000872,172.217.194.0-255,7156,99794,73,253495
29446,0.000923,172.217.194.0-255,2184,101978,73,253495
29447,0.001091,172.31.40.0-255,66,102044,73,253495
29448,0.001257,172.217.194.0-255,1484,103528,73,253495
29449,0.001264,172.217.194.0-255,2902,106430,73,253495
29450,0.001267,172.31.40.0-255,66,106496,73,253495
29451,0.001272,172.217.194.0-255,1484,107980,73,253495
29452,0.001301,172.217.194.0-255,4320,112300,73,253495
29453,0.001386,172.31.40.0-255,66,112366,73,253495
29454,0.001501,172.217.194.0-255,1484,113850,73,253495
29455,0.001507,172.217.194.0-255,2902,116752,73,253495
29456,0.001514,172.31.40.0-255,66,116818,73,253495
29457,0.001542,172.217.194.0-255,5738,122556,73,253495
29458,0.00156,172.217.194.0-255,1484,124040,73,253495
29459,0.00159,172.217.194.0-255,5020,129060,73,253495
29460,0.001593,172.31.40.0-255,66,129126,73,253495
29461,0.001598,172.31.40.0-255,66,129192,73,253495
29462,0.001854,172.217.194.0-255,1484,130676,73,253495
29463,0.001859,172.217.194.0-255,1484,132160,73,253495
29464,0.001862,172.31.40.0-255,66,132226,73,253495
29465,0.001885,172.217.194.0-255,1484,133710,73,253495
29466,0.001892,172.217.194.0-255,5738,139448,73,253495
29467,0.001901,172.31.40.0-255,66,139514,73,253495
29468,0.001912,172.217.194.0-255,4320,143834,73,253495
29469,0.001968,172.31.40.0-255,66,143900,73,253495
29470,0.002001,172.217.194.0-255,4320,148220,73,253495
29471,0.00202,172.217.194.0-255,5738,153958,73,253495
29472,0.002059,172.31.40.0-255,66,154024,73,253495
29473,0.004065,172.217.194.0-255,5738,159762,73,253495
29474,0.004071,172.31.40.0-255,66,159828,73,253495
29475,0.006119,172.217.194.0-255,5738,165566,73,253495
29476,0.006134,172.31.40.0-255,66,165632,73,253495
29477,0.00817,172.217.194.0-255,5738,171370,73,253495
29478,0.008183,172.31.40.0-255,66,171436,73,253495
29479,0.010189,172.217.194.0-255,5738,177174,73,253495
29480,0.010198,172.31.40.0-255,66,177240,73,253495
29481,0.012193,172.217.194.0-255,5738,182978,73,253495
29482,0.012199,172.31.40.0-255,66,183044,73,253495
29483,0.014184,172.217.194.0-255,1484,184528,73,253495
29484,0.014205,172.217.194.0-255,4320,188848,73,253495
29485,0.014207,172.31.40.0-255,66,188914,73,253495
29486,0.016208,172.217.194.0-255,5738,194652,73,253495
29487,0.016216,172.31.40.0-255,66,194718,73,253495
29488,0.018263,172.217.194.0-255,5738,200456,73,253495
29489,0.018276,172.31.40.0-255,66,200522,73,253495
29490,0.020284,172.217.194.0-255,5738,206260,73,253495
29491,0.020297,172.31.40.0-255,66,206326,73,253495
29492,0.022325,172.217.194.0-255,5738,212064,73,253495
29493,0.022333,172.31.40.0-255,66,212130,73,253495
29494,0.024337,172.217.194.0-255,5738,217868,73,253495
29495,0.024344,172.31.40.0-255,66,217934,73,253495
29496,0.026362,172.217.194.0-255,5738,223672,73,253495
29497,0.02637,172.31.40.0-255,66,223738,73,253495
29498,0.028359,172.217.194.0-255,5738,229476,73,253495
29499,0.028368,172.31.40.0-255,66,229542,73,253495
29500,0.030357,172.217.194.0-255,5738,235280,73,253495
29501,0.030366,172.31.40.0-255,66,235346,73,253495
29502,0.032414,172.217.194.0-255,5738,241084,73,253495
29503,0.032422,172.31.40.0-255,66,241150,73,253495
29504,0.034404,172.217.194.0-255,4320,245470,73,253495
29505,0.03441,172.31.40.0-255,66,245536,73,253495
29506,0.03444,172.217.194.0-255,1484,247020,73,253495
29507,0.036427,172.217.194.0-255,4320,251340,73,253495
29508,0.036435,172.31.40.0-255,66,251406,73,253495
29509,0.038416,172.217.194.0-255,1852,253258,73,253495
29510,0.03842,172.31.40.0-255,66,253324,73,253495
29511,0.038612,172.31.40.0-255,105,253429,73,253495
29512,0.040575,172.217.194.0-255,66,253495,73,253495
29513,0.0,172.217.27.0-255,150,150,73,274897
29514,2.4e-05,172.31.40.0-255,66,216,73,274897
29515,3.1e-05,172.217.27.0-255,1484,1700,73,274897
29516,3.5e-05,172.31.40.0-255,66,1766,73,274897
29517,4e-05,172.217.27.0-255,2902,4668,73,274897
29518,4.3e-05,172.31.40.0-255,66,4734,73,274897
29519,5.9e-05,172.217.27.0-255,5738,10472,73,274897
29520,6.3e-05,172.31.40.0-255,66,10538,73,274897
29521,6.6e-05,172.217.27.0-255,1484,12022,73,274897
29522,6.8e-05,172.31.40.0-255,66,12088,73,274897
29523,9.7e-05,172.217.27.0-255,2003,14091,73,274897
29524,0.0001,172.31.40.0-255,66,14157,73,274897
29525,0.000177,172.217.27.0-255,1484,15641,73,274897
29526,0.00018,172.31.40.0-255,66,15707,73,274897
29527,0.000185,172.217.27.0-255,2902,18609,73,274897
29528,0.000188,172.31.40.0-255,66,18675,73,274897
29529,0.00019,172.217.27.0-255,1484,20159,73,274897
29530,0.000197,172.31.40.0-255,66,20225,73,274897
29531,0.000223,172.217.27.0-255,4320,24545,73,274897
29532,0.000225,172.31.40.0-255,66,24611,73,274897
29533,0.000228,172.217.27.0-255,1484,26095,73,274897
29534,0.00023,172.31.40.0-255,66,26161,73,274897
29535,0.000235,172.217.27.0-255,2902,29063,73,274897
29536,0.000238,172.31.40.0-255,66,29129,73,274897
29537,0.000279,172.217.27.0-255,2543,31672,73,274897
29538,0.000282,172.31.40.0-255,66,31738,73,274897
29539,0.000311,172.217.27.0-255,2902,34640,73,274897
29540,0.000313,172.31.40.0-255,66,34706,73,274897
29541,0.000329,172.217.27.0-255,4320,39026,73,274897
29542,0.000335,172.31.40.0-255,66,39092,73,274897
29543,0.000361,172.217.27.0-255,2902,41994,73,274897
29544,0.000363,172.31.40.0-255,66,42060,73,274897
29545,0.000396,172.217.27.0-255,6797,48857,73,274897
29546,0.000399,172.31.40.0-255,66,48923,73,274897
29547,0.000962,172.217.27.0-255,1484,50407,73,274897
29548,0.000971,172.217.27.0-255,2902,53309,73,274897
29549,0.000975,172.31.40.0-255,66,53375,73,274897
29550,0.000982,172.217.27.0-255,4320,57695,73,274897
29551,0.000984,172.31.40.0-255,66,57761,73,274897
29552,0.001014,172.217.27.0-255,1484,59245,73,274897
29553,0.001022,172.217.27.0-255,6797,66042,73,274897
29554,0.001025,172.31.40.0-255,66,66108,73,274897
29555,0.001102,172.217.27.0-255,1484,67592,73,274897
29556,0.001106,172.217.27.0-255,1484,69076,73,274897
29557,0.001108,172.31.40.0-255,66,69142,73,274897
29558,0.001139,172.217.27.0-255,1484,70626,73,274897
29559,0.001146,172.217.27.0-255,5738,76364,73,274897
29560,0.001149,172.31.40.0-255,66,76430,73,274897
29561,0.001151,172.217.27.0-255,1484,77914,73,274897
29562,0.001156,172.217.27.0-255,2902,80816,73,274897
29563,0.001158,172.31.40.0-255,66,80882,73,274897
29564,0.001188,172.217.27.0-255,2543,83425,73,274897
29565,0.001191,172.31.40.0-255,66,83491,73,274897
29566,0.001195,172.217.27.0-255,2902,86393,73,274897
29567,0.001197,172.31.40.0-255,66,86459,73,274897
29568,0.001203,172.217.27.0-255,4320,90779,73,274897
29569,0.001205,172.31.40.0-255,66,90845,73,274897
29570,0.001216,172.217.27.0-255,5738,96583,73,274897
29571,0.001219,172.31.40.0-255,66,96649,73,274897
29572,0.001241,172.217.27.0-255,1484,98133,73,274897
29573,0.001265,172.217.27.0-255,3123,101256,73,274897
29574,0.001268,172.31.40.0-255,66,101322,73,274897
29575,0.002902,172.217.27.0-255,5738,107060,73,274897
29576,0.00291,172.31.40.0-255,66,107126,73,274897
29577,0.004562,172.217.27.0-255,5738,112864,73,274897
29578,0.004568,172.31.40.0-255,66,112930,73,274897
29579,0.006207,172.217.27.0-255,5738,118668,73,274897
29580,0.006211,172.31.40.0-255,66,118734,73,274897
29581,0.007835,172.217.27.0-255,5738,124472,73,274897
29582,0.007838,172.31.40.0-255,66,124538,73,274897
29583,0.009472,172.217.27.0-255,5738,130276,73,274897
29584,0.009479,172.31.40.0-255,66,130342,73,274897
29585,0.011112,172.217.27.0-255,5738,136080,73,274897
29586,0.01112,172.31.40.0-255,66,136146,73,274897
29587,0.012805,172.217.27.0-255,5738,141884,73,274897
29588,0.012812,172.31.40.0-255,66,141950,73,274897
29589,0.014451,172.217.27.0-255,5738,147688,73,274897
29590,0.01446,172.31.40.0-255,66,147754,73,274897
29591,0.016113,172.217.27.0-255,5738,153492,73,274897
29592,0.01612,172.31.40.0-255,66,153558,73,274897
29593,0.017764,172.217.27.0-255,5738,159296,73,274897
29594,0.017772,172.31.40.0-255,66,159362,73,274897
29595,0.019428,172.217.27.0-255,5738,165100,73,274897
29596,0.019435,172.31.40.0-255,66,165166,73,274897
29597,0.02108,172.217.27.0-255,5738,170904,73,274897
29598,0.021088,172.31.40.0-255,66,170970,73,274897
29599,0.02273,172.217.27.0-255,5738,176708,73,274897
29600,0.022737,172.31.40.0-255,66,176774,73,274897
29601,0.024376,172.217.27.0-255,5738,182512,73,274897
29602,0.024382,172.31.40.0-255,66,182578,73,274897
29603,0.026033,172.217.27.0-255,5738,188316,73,274897
29604,0.026043,172.31.40.0-255,66,188382,73,274897
29605,0.027679,172.217.27.0-255,5738,194120,73,274897
29606,0.027686,172.31.40.0-255,66,194186,73,274897
29607,0.029324,172.217.27.0-255,5738,199924,73,274897
29608,0.029332,172.31.40.0-255,66,199990,73,274897
29609,0.029395,172.31.40.0-255,172,200162,73,274897
29610,0.029421,172.31.40.0-255,1115,201277,73,274897
29611,0.029481,172.31.40.0-255,1514,202791,73,274897
29612,0.029484,172.31.40.0-255,1514,204305,73,274897
29613,0.029485,172.31.40.0-255,680,204985,73,274897
29614,0.030935,104.244.42.0-255,66,205051,73,274897
29615,0.030964,104.244.42.0-255,66,205117,73,274897
29616,0.030998,172.217.27.0-255,5738,210855,73,274897
29617,0.031003,172.31.40.0-255,66,210921,73,274897
29618,0.03102,104.244.42.0-255,66,210987,73,274897
29619,0.031024,104.244.42.0-255,66,211053,73,274897
29620,0.032663,172.217.27.0-255,5738,216791,73,274897
29621,0.03267,172.31.40.0-255,66,216857,73,274897
29622,0.034329,172.217.27.0-255,5738,222595,73,274897
29623,0.034337,172.31.40.0-255,66,222661,73,274897
29624,0.035992,172.217.27.0-255,5738,228399,73,274897
29625,0.035998,172.31.40.0-255,66,228465,73,274897
29626,0.037654,172.217.27.0-255,5738,234203,73,274897
29627,0.037661,172.31.40.0-255,66,234269,73,274897
29628,0.039334,172.217.27.0-255,5738,240007,73,274897
29629,0.039342,172.31.40.0-255,66,240073,73,274897
29630,0.040984,172.217.27.0-255,5738,245811,73,274897
29631,0.040993,172.31.40.0-255,66,245877,73,274897
29632,0.042679,172.217.27.0-255,5738,251615,73,274897
29633,0.042689,172.31.40.0-255,66,251681,73,274897
29634,0.044336,172.217.27.0-255,5738,257419,73,274897
29635,0.044346,172.31.40.0-255,66,257485,73,274897
29636,0.045997,172.217.27.0-255,5738,263223,73,274897
29637,0.046007,172.31.40.0-255,66,263289,73,274897
29638,0.047663,172.217.27.0-255,5738,269027,73,274897
29639,0.047676,172.31.40.0-255,66,269093,73,274897
29640,0.049334,172.217.27.0-255,5738,274831,73,274897
29641,0.049343,172.31.40.0-255,66,274897,73,274897
29642,0.0,172.217.194.0-255,153,153,73,272105
29643,2.2e-05,172.31.40.0-255,66,219,73,272105
29644,3e-05,172.217.194.0-255,1484,1703,73,272105
29645,3.5e-05,172.31.40.0-255,66,1769,73,272105
29646,4e-05,172.217.194.0-255,2902,4671,73,272105
29647,5e-05,172.31.40.0-255,66,4737,73,272105
29648,5.5e-05,172.217.194.0-255,4320,9057,73,272105
29649,5.8e-05,172.31.40.0-255,66,9123,73,272105
29650,0.000104,172.31.40.0-255,66,9189,73,272105
29651,0.000114,172.31.40.0-255,66,9255,73,272105
29652,0.000147,172.217.194.0-255,5379,14634,73,272105
29653,0.000149,172.31.40.0-255,66,14700,73,272105
29654,0.000204,172.217.194.0-255,1484,16184,73,272105
29655,0.000207,172.31.40.0-255,66,16250,73,272105
29656,0.000228,172.217.194.0-255,2902,19152,73,272105
29657,0.000231,172.31.40.0-255,66,19218,73,272105
29658,0.000238,172.217.194.0-255,5738,24956,73,272105
29659,0.00024,172.31.40.0-255,66,25022,73,272105
29660,0.000301,172.217.194.0-255,7156,32178,73,272105
29661,0.000304,172.31.40.0-255,66,32244,73,272105
29662,0.000327,172.217.194.0-255,6797,39041,73,272105
29663,0.000329,172.31.40.0-255,66,39107,73,272105
29664,0.000336,172.217.194.0-255,7156,46263,73,272105
29665,0.000339,172.31.40.0-255,66,46329,73,272105
29666,0.000343,172.217.194.0-255,2543,48872,73,272105
29667,0.000345,172.31.40.0-255,66,48938,73,272105
29668,0.000592,172.217.194.0-255,357,49295,73,272105
29669,0.000597,172.31.40.0-255,66,49361,73,272105
29670,0.0007,172.217.194.0-255,1484,50845,73,272105
29671,0.000704,172.31.40.0-255,66,50911,73,272105
29672,0.000709,172.217.194.0-255,2902,53813,73,272105
29673,0.000712,172.31.40.0-255,66,53879,73,272105
29674,0.000717,172.217.194.0-255,2902,56781,73,272105
29675,0.000724,172.31.40.0-255,66,56847,73,272105
29676,0.000749,172.217.194.0-255,2902,59749,73,272105
29677,0.000751,172.31.40.0-255,66,59815,73,272105
29678,0.000758,172.217.194.0-255,7156,66971,73,272105
29679,0.00076,172.31.40.0-255,66,67037,73,272105
29680,0.000764,172.217.194.0-255,2902,69939,73,272105
29681,0.000767,172.31.40.0-255,66,70005,73,272105
29682,0.000811,172.31.40.0-255,66,70071,73,272105
29683,0.000816,172.217.194.0-255,2504,72575,73,272105
29684,0.000818,172.31.40.0-255,66,72641,73,272105
29685,0.001115,172.217.194.0-255,1484,74125,73,272105
29686,0.001121,172.217.194.0-255,2902,77027,73,272105
29687,0.001126,172.31.40.0-255,66,77093,73,272105
29688,0.001133,172.217.194.0-255,5738,82831,73,272105
29689,0.001135,172.31.40.0-255,66,82897,73,272105
29690,0.001171,172.217.194.0-255,7156,90053,73,272105
29691,0.001174,172.31.40.0-255,66,90119,73,272105
29692,0.001185,172.31.40.0-255,66,90185,73,272105
29693,0.001194,172.217.194.0-255,4320,94505,73,272105
29694,0.001196,172.31.40.0-255,66,94571,73,272105
29695,0.001221,172.217.194.0-255,3053,97624,73,272105
29696,0.001223,172.31.40.0-255,66,97690,73,272105
29697,0.001244,172.217.194.0-255,5738,103428,73,272105
29698,0.001246,172.31.40.0-255,66,103494,73,272105
29699,0.001274,172.217.194.0-255,2902,106396,73,272105
29700,0.001287,172.31.40.0-255,66,106462,73,272105
29701,0.001291,172.31.40.0-255,66,106528,73,272105
29702,0.001325,172.31.40.0-255,66,106594,73,272105
29703,0.001461,172.217.194.0-255,1484,108078,73,272105
29704,0.001468,172.217.194.0-255,2902,110980,73,272105
29705,0.001472,172.31.40.0-255,66,111046,73,272105
29706,0.001478,172.217.194.0-255,5738,116784,73,272105
29707,0.001481,172.31.40.0-255,66,116850,73,272105
29708,0.001516,172.31.40.0-255,66,116916,73,272105
29709,0.001557,172.217.194.0-255,2902,119818,73,272105
29710,0.001562,172.31.40.0-255,66,119884,73,272105
29711,0.001565,172.217.194.0-255,1484,121368,73,272105
29712,0.001577,172.31.40.0-255,66,121434,73,272105
29713,0.001588,172.31.40.0-255,66,121500,73,272105
29714,0.001628,172.217.194.0-255,1484,122984,73,272105
29715,0.001643,172.31.40.0-255,66,123050,73,272105
29716,0.001695,172.217.194.0-255,7156,130206,73,272105
29717,0.001698,172.31.40.0-255,66,130272,73,272105
29718,0.001723,172.217.194.0-255,5020,135292,73,272105
29719,0.001725,172.31.40.0-255,66,135358,73,272105
29720,0.001816,172.217.194.0-255,1484,136842,73,272105
29721,0.001822,172.217.194.0-255,2902,139744,73,272105
29722,0.001825,172.31.40.0-255,66,139810,73,272105
29723,0.001829,172.217.194.0-255,1484,141294,73,272105
29724,0.001856,172.217.194.0-255,4320,145614,73,272105
29725,0.001858,172.31.40.0-255,66,145680,73,272105
29726,0.001874,172.31.40.0-255,66,145746,73,272105
29727,0.001904,172.217.194.0-255,5738,151484,73,272105
29728,0.001907,172.31.40.0-255,66,151550,73,272105
29729,0.001952,172.31.40.0-255,66,151616,73,272105
29730,0.001965,172.31.40.0-255,66,151682,73,272105
29731,0.001977,172.217.194.0-255,5738,157420,73,272105
29732,0.001979,172.31.40.0-255,66,157486,73,272105
29733,0.002018,172.31.40.0-255,66,157552,73,272105
29734,0.002188,172.217.194.0-255,1484,159036,73,272105
29735,0.002193,172.217.194.0-255,2902,161938,73,272105
29736,0.002195,172.217.194.0-255,1484,163422,73,272105
29737,0.002201,172.31.40.0-255,66,163488,73,272105
29738,0.002213,172.217.194.0-255,4320,167808,73,272105
29739,0.002215,172.31.40.0-255,66,167874,73,272105
29740,0.002225,172.217.194.0-255,5738,173612,73,272105
29741,0.002228,172.31.40.0-255,66,173678,73,272105
29742,0.002273,172.31.40.0-255,66,173744,73,272105
29743,0.002279,172.217.194.0-255,5020,178764,73,272105
29744,0.002281,172.31.40.0-255,66,178830,73,272105
29745,0.004504,172.217.194.0-255,5738,184568,73,272105
29746,0.004511,172.31.40.0-255,66,184634,73,272105
29747,0.006709,172.217.194.0-255,5738,190372,73,272105
29748,0.006716,172.31.40.0-255,66,190438,73,272105
29749,0.008973,172.217.194.0-255,5738,196176,73,272105
29750,0.008979,172.31.40.0-255,66,196242,73,272105
29751,0.011225,172.217.194.0-255,5738,201980,73,272105
29752,0.011231,172.31.40.0-255,66,202046,73,272105
29753,0.013481,172.217.194.0-255,5738,207784,73,272105
29754,0.013488,172.31.40.0-255,66,207850,73,272105
29755,0.015748,172.217.194.0-255,5738,213588,73,272105
29756,0.015757,172.31.40.0-255,66,213654,73,272105
29757,0.018006,172.217.194.0-255,5738,219392,73,272105
29758,0.018015,172.31.40.0-255,66,219458,73,272105
29759,0.020246,172.217.194.0-255,5738,225196,73,272105
29760,0.020255,172.31.40.0-255,66,225262,73,272105
29761,0.022552,172.217.194.0-255,5738,231000,73,272105
29762,0.022559,172.31.40.0-255,66,231066,73,272105
29763,0.024797,172.217.194.0-255,5738,236804,73,272105
29764,0.024804,172.31.40.0-255,66,236870,73,272105
29765,0.027034,172.217.194.0-255,5738,242608,73,272105
29766,0.027041,172.31.40.0-255,66,242674,73,272105
29767,0.029306,172.217.194.0-255,5738,248412,73,272105
29768,0.029312,172.31.40.0-255,66,248478,73,272105
29769,0.031555,172.217.194.0-255,5738,254216,73,272105
29770,0.031563,172.31.40.0-255,66,254282,73,272105
29771,0.033871,172.217.194.0-255,5738,260020,73,272105
29772,0.033877,172.31.40.0-255,66,260086,73,272105
29773,0.034393,172.31.40.0-255,172,260258,73,272105
29774,0.034425,172.31.40.0-255,1115,261373,73,272105
29775,0.034487,172.31.40.0-255,1514,262887,73,272105
29776,0.034489,172.31.40.0-255,1514,264401,73,272105
29777,0.034493,172.31.40.0-255,1514,265915,73,272105
29778,0.034494,172.31.40.0-255,159,266074,73,272105
29779,0.035945,104.244.42.0-255,66,266140,73,272105
29780,0.035988,104.244.42.0-255,66,266206,73,272105
29781,0.03604,104.244.42.0-255,66,266272,73,272105
29782,0.036044,104.244.42.0-255,66,266338,73,272105
29783,0.036133,172.217.194.0-255,5005,271343,73,272105
29784,0.036138,172.31.40.0-255,66,271409,73,272105
29785,0.036329,172.31.40.0-255,105,271514,73,272105
29786,0.036365,172.31.40.0-255,105,271619,73,272105
29787,0.036578,172.31.40.0-255,90,271709,73,272105
29788,0.036587,172.31.40.0-255,66,271775,73,272105
29789,0.03854,172.217.194.0-255,66,271841,73,272105
29790,0.038549,172.217.194.0-255,66,271907,73,272105
29791,0.038795,172.217.194.0-255,66,271973,73,272105
29792,0.038826,172.217.194.0-255,66,272039,73,272105
29793,0.038833,172.31.40.0-255,66,272105,73,272105
29794,0.0,172.217.194.0-255,146,146,73,269295
29795,2.2e-05,172.31.40.0-255,66,212,73,269295
29796,2.9e-05,172.217.194.0-255,1484,1696,73,269295
29797,3.4e-05,172.31.40.0-255,66,1762,73,269295
29798,4e-05,172.217.194.0-255,2902,4664,73,269295
29799,4.4e-05,172.31.40.0-255,66,4730,73,269295
29800,5.2e-05,172.217.194.0-255,7156,11886,73,269295
29801,5.5e-05,172.31.40.0-255,66,11952,73,269295
29802,6e-05,172.217.194.0-255,2155,14107,73,269295
29803,6.3e-05,172.31.40.0-255,66,14173,73,269295
29804,0.000119,172.217.194.0-255,1484,15657,73,269295
29805,0.000122,172.31.40.0-255,66,15723,73,269295
29806,0.000143,172.217.194.0-255,2902,18625,73,269295
29807,0.000146,172.31.40.0-255,66,18691,73,269295
29808,0.000153,172.217.194.0-255,5738,24429,73,269295
29809,0.000155,172.31.40.0-255,66,24495,73,269295
29810,0.000158,172.217.194.0-255,1484,25979,73,269295
29811,0.00016,172.31.40.0-255,66,26045,73,269295
29812,0.000189,172.217.194.0-255,5379,31424,73,269295
29813,0.000191,172.31.40.0-255,66,31490,73,269295
29814,0.000345,172.217.194.0-255,1484,32974,73,269295
29815,0.00035,172.31.40.0-255,66,33040,73,269295
29816,0.000355,172.217.194.0-255,2902,35942,73,269295
29817,0.000358,172.31.40.0-255,66,36008,73,269295
29818,0.000365,172.217.194.0-255,5738,41746,73,269295
29819,0.000367,172.31.40.0-255,66,41812,73,269295
29820,0.00037,172.217.194.0-255,1484,43296,73,269295
29821,0.000372,172.31.40.0-255,66,43362,73,269295
29822,0.000402,172.217.194.0-255,4320,47682,73,269295
29823,0.000404,172.31.40.0-255,66,47748,73,269295
29824,0.000417,172.217.194.0-255,2543,50291,73,269295
29825,0.000419,172.31.40.0-255,66,50357,73,269295
29826,0.000422,172.217.194.0-255,1484,51841,73,269295
29827,0.000441,172.217.194.0-255,1484,53325,73,269295
29828,0.000444,172.31.40.0-255,66,53391,73,269295
29829,0.000451,172.217.194.0-255,7156,60547,73,269295
29830,0.000454,172.31.40.0-255,66,60613,73,269295
29831,0.000496,172.217.194.0-255,5379,65992,73,269295
29832,0.000499,172.31.40.0-255,66,66058,73,269295
29833,0.000562,172.217.194.0-255,646,66704,73,269295
29834,0.000737,172.217.194.0-255,1484,68188,73,269295
29835,0.000742,172.31.40.0-255,66,68254,73,269295
29836,0.000746,172.217.194.0-255,1484,69738,73,269295
29837,0.000763,172.217.194.0-255,1484,71222,73,269295
29838,0.000766,172.31.40.0-255,66,71288,73,269295
29839,0.000772,172.217.194.0-255,5738,77026,73,269295
29840,0.000775,172.31.40.0-255,66,77092,73,269295
29841,0.000802,172.217.194.0-255,5738,82830,73,269295
29842,0.000806,172.31.40.0-255,66,82896,73,269295
29843,0.000822,172.217.194.0-255,2543,85439,73,269295
29844,0.000824,172.31.40.0-255,66,85505,73,269295
29845,0.000851,172.217.194.0-255,2902,88407,73,269295
29846,0.000853,172.31.40.0-255,66,88473,73,269295
29847,0.00086,172.217.194.0-255,7156,95629,73,269295
29848,0.000863,172.31.40.0-255,66,95695,73,269295
29849,0.000891,172.217.194.0-255,5379,101074,73,269295
29850,0.000893,172.31.40.0-255,66,101140,73,269295
29851,0.00119,172.217.194.0-255,1484,102624,73,269295
29852,0.001197,172.217.194.0-255,2902,105526,73,269295
29853,0.001201,172.31.40.0-255,66,105592,73,269295
29854,0.001233,172.217.194.0-255,1484,107076,73,269295
29855,0.001259,172.217.194.0-255,4320,111396,73,269295
29856,0.001274,172.217.194.0-255,4320,115716,73,269295
29857,0.001277,172.31.40.0-255,66,115782,73,269295
29858,0.001285,172.31.40.0-255,66,115848,73,269295
29859,0.001288,172.31.40.0-255,66,115914,73,269295
29860,0.001294,172.217.194.0-255,5738,121652,73,269295
29861,0.001296,172.31.40.0-255,66,121718,73,269295
29862,0.001318,172.217.194.0-255,2184,123902,73,269295
29863,0.001321,172.31.40.0-255,66,123968,73,269295
29864,0.002217,172.217.194.0-255,1484,125452,73,269295
29865,0.002226,172.217.194.0-255,2902,128354,73,269295
29866,0.002231,172.31.40.0-255,66,128420,73,269295
29867,0.002237,172.217.194.0-255,4320,132740,73,269295
29868,0.002239,172.31.40.0-255,66,132806,73,269295
29869,0.00226,172.217.194.0-255,1484,134290,73,269295
29870,0.002267,172.217.194.0-255,7156,141446,73,269295
29871,0.00227,172.31.40.0-255,66,141512,73,269295
29872,0.002275,172.217.194.0-255,2902,144414,73,269295
29873,0.002276,172.31.40.0-255,66,144480,73,269295
29874,0.002313,172.31.40.0-255,66,144546,73,269295
29875,0.002317,172.217.194.0-255,2184,146730,73,269295
29876,0.00232,172.31.40.0-255,66,146796,73,269295
29877,0.004576,172.217.194.0-255,5738,152534,73,269295
29878,0.004583,172.31.40.0-255,66,152600,73,269295
29879,0.006841,172.217.194.0-255,5738,158338,73,269295
29880,0.006847,172.31.40.0-255,66,158404,73,269295
29881,0.009126,172.217.194.0-255,5738,164142,73,269295
29882,0.009133,172.31.40.0-255,66,164208,73,269295
29883,0.011397,172.217.194.0-255,5738,169946,73,269295
29884,0.011408,172.31.40.0-255,66,170012,73,269295
29885,0.013691,172.217.194.0-255,5738,175750,73,269295
29886,0.013705,172.31.40.0-255,66,175816,73,269295
29887,0.015976,172.217.194.0-255,5738,181554,73,269295
29888,0.015988,172.31.40.0-255,66,181620,73,269295
29889,0.01826,172.217.194.0-255,5738,187358,73,269295
29890,0.018275,172.31.40.0-255,66,187424,73,269295
29891,0.020578,172.217.194.0-255,5738,193162,73,269295
29892,0.020593,172.31.40.0-255,66,193228,73,269295
29893,0.022854,172.217.194.0-255,5738,198966,73,269295
29894,0.022864,172.31.40.0-255,66,199032,73,269295
29895,0.025174,172.217.194.0-255,5738,204770,73,269295
29896,0.025188,172.31.40.0-255,66,204836,73,269295
29897,0.027453,172.217.194.0-255,5738,210574,73,269295
29898,0.027466,172.31.40.0-255,66,210640,73,269295
29899,0.029767,172.217.194.0-255,5738,216378,73,269295
29900,0.029778,172.31.40.0-255,66,216444,73,269295
29901,0.032062,172.217.194.0-255,5738,222182,73,269295
29902,0.032072,172.31.40.0-255,66,222248,73,269295
29903,0.033058,172.31.40.0-255,172,222420,73,269295
29904,0.033092,172.31.40.0-255,1110,223530,73,269295
29905,0.033151,172.31.40.0-255,1514,225044,73,269295
29906,0.033153,172.31.40.0-255,1514,226558,73,269295
29907,0.033154,172.31.40.0-255,1514,228072,73,269295
29908,0.033156,172.31.40.0-255,331,228403,73,269295
29909,0.034366,172.217.194.0-255,5738,234141,73,269295
29910,0.034375,172.31.40.0-255,66,234207,73,269295
29911,0.034602,104.244.42.0-255,66,234273,73,269295
29912,0.034673,104.244.42.0-255,66,234339,73,269295
29913,0.034774,104.244.42.0-255,66,234405,73,269295
29914,0.034779,104.244.42.0-255,66,234471,73,269295
29915,0.036703,172.217.194.0-255,5738,240209,73,269295
29916,0.036721,172.31.40.0-255,66,240275,73,269295
29917,0.038985,172.217.194.0-255,5738,246013,73,269295
29918,0.039004,172.31.40.0-255,66,246079,73,269295
29919,0.04129,172.217.194.0-255,5738,251817,73,269295
29920,0.041308,172.31.40.0-255,66,251883,73,269295
29921,0.043585,172.217.194.0-255,5738,257621,73,269295
29922,0.043597,172.31.40.0-255,66,257687,73,269295
29923,0.045896,172.217.194.0-255,5738,263425,73,269295
29924,0.045906,172.31.40.0-255,66,263491,73,269295
29925,0.048228,172.217.194.0-255,5738,269229,73,269295
29926,0.048243,172.31.40.0-255,66,269295,73,269295
29927,0.0,172.217.194.0-255,150,150,73,256215
29928,2.3e-05,172.31.40.0-255,66,216,73,256215
29929,3e-05,172.217.194.0-255,1484,1700,73,256215
29930,3.5e-05,172.31.40.0-255,66,1766,73,256215
29931,4.1e-05,172.217.194.0-255,2902,4668,73,256215
29932,4.5e-05,172.31.40.0-255,66,4734,73,256215
29933,5.3e-05,172.217.194.0-255,7156,11890,73,256215
29934,5.6e-05,172.31.40.0-255,66,11956,73,256215
29935,8.2e-05,172.31.40.0-255,66,12022,73,256215
29936,8.6e-05,172.217.194.0-255,2543,14565,73,256215
29937,8.9e-05,172.31.40.0-255,66,14631,73,256215
29938,0.000134,172.217.194.0-255,7156,21787,73,256215
29939,0.000137,172.31.40.0-255,66,21853,73,256215
29940,0.000148,172.31.40.0-255,66,21919,73,256215
29941,0.000153,172.217.194.0-255,4320,26239,73,256215
29942,0.000155,172.31.40.0-255,66,26305,73,256215
29943,0.000203,172.31.40.0-255,66,26371,73,256215
29944,0.000205,172.217.194.0-255,342,26713,73,256215
29945,0.000207,172.31.40.0-255,66,26779,73,256215
29946,0.000256,172.217.194.0-255,120,26899,73,256215
29947,0.000259,172.31.40.0-255,66,26965,73,256215
29948,0.000516,172.217.194.0-255,377,27342,73,256215
29949,0.00052,172.31.40.0-255,66,27408,73,256215
29950,0.001086,172.217.194.0-255,1484,28892,73,256215
29951,0.001091,172.31.40.0-255,66,28958,73,256215
29952,0.001099,172.217.194.0-255,2902,31860,73,256215
29953,0.001101,172.31.40.0-255,66,31926,73,256215
29954,0.001111,172.217.194.0-255,5738,37664,73,256215
29955,0.001113,172.31.40.0-255,66,37730,73,256215
29956,0.001116,172.217.194.0-255,1484,39214,73,256215
29957,0.001162,172.31.40.0-255,66,39280,73,256215
29958,0.001175,172.31.40.0-255,66,39346,73,256215
29959,0.001365,172.217.194.0-255,1484,40830,73,256215
29960,0.001383,172.217.194.0-255,2902,43732,73,256215
29961,0.001386,172.31.40.0-255,66,43798,73,256215
29962,0.001394,172.217.194.0-255,5738,49536,73,256215
29963,0.001396,172.31.40.0-255,66,49602,73,256215
29964,0.001417,172.217.194.0-255,5738,55340,73,256215
29965,0.001419,172.31.40.0-255,66,55406,73,256215
29966,0.001455,172.217.194.0-255,7156,62562,73,256215
29967,0.001457,172.31.40.0-255,66,62628,73,256215
29968,0.001468,172.31.40.0-255,66,62694,73,256215
29969,0.001555,172.217.194.0-255,1484,64178,73,256215
29970,0.001562,172.217.194.0-255,2902,67080,73,256215
29971,0.001565,172.31.40.0-255,66,67146,73,256215
29972,0.001601,172.217.194.0-255,5738,72884,73,256215
29973,0.001604,172.31.40.0-255,66,72950,73,256215
29974,0.001646,172.31.40.0-255,66,73016,73,256215
29975,0.001665,172.217.194.0-255,2902,75918,73,256215
29976,0.001666,172.31.40.0-255,66,75984,73,256215
29977,0.001678,172.31.40.0-255,66,76050,73,256215
29978,0.001739,172.217.194.0-255,1484,77534,73,256215
29979,0.001745,172.217.194.0-255,2902,80436,73,256215
29980,0.001748,172.31.40.0-255,66,80502,73,256215
29981,0.001772,172.217.194.0-255,5738,86240,73,256215
29982,0.001774,172.31.40.0-255,66,86306,73,256215
29983,0.001778,172.217.194.0-255,2902,89208,73,256215
29984,0.00178,172.31.40.0-255,66,89274,73,256215
29985,0.001823,172.31.40.0-255,66,89340,73,256215
29986,0.001828,172.217.194.0-255,5738,95078,73,256215
29987,0.00183,172.31.40.0-255,66,95144,73,256215
29988,0.001862,172.217.194.0-255,5020,100164,73,256215
29989,0.001864,172.31.40.0-255,66,100230,73,256215
29990,0.00187,172.217.194.0-255,5738,105968,73,256215
29991,0.001872,172.31.40.0-255,66,106034,73,256215
29992,0.001906,172.31.40.0-255,66,106100,73,256215
29993,0.001913,172.217.194.0-255,7156,113256,73,256215
29994,0.001917,172.31.40.0-255,66,113322,73,256215
29995,0.001933,172.217.194.0-255,2902,116224,73,256215
29996,0.001939,172.31.40.0-255,66,116290,73,256215
29997,0.001962,172.217.194.0-255,2902,119192,73,256215
29998,0.001964,172.31.40.0-255,66,119258,73,256215
29999,0.00202,172.31.40.0-255,66,119324,73,256215
30000,0.002033,172.31.40.0-255,66,119390,73,256215
30001,0.002177,172.217.194.0-255,1484,120874,73,256215
30002,0.002183,172.217.194.0-255,2902,123776,73,256215
30003,0.002187,172.31.40.0-255,66,123842,73,256215
30004,0.002191,172.217.194.0-255,2902,126744,73,256215
30005,0.002193,172.31.40.0-255,66,126810,73,256215
30006,0.002218,172.217.194.0-255,2902,129712,73,256215
30007,0.002221,172.31.40.0-255,66,129778,73,256215
30008,0.002227,172.217.194.0-255,7156,136934,73,256215
30009,0.002229,172.31.40.0-255,66,137000,73,256215
30010,0.002235,172.217.194.0-255,5738,142738,73,256215
30011,0.002239,172.31.40.0-255,66,142804,73,256215
30012,0.002273,172.31.40.0-255,66,142870,73,256215
30013,0.002286,172.217.194.0-255,2184,145054,73,256215
30014,0.002287,172.31.40.0-255,66,145120,73,256215
30015,0.002291,172.217.194.0-255,2902,148022,73,256215
30016,0.002293,172.31.40.0-255,66,148088,73,256215
30017,0.002331,172.217.194.0-255,7156,155244,73,256215
30018,0.002333,172.31.40.0-255,66,155310,73,256215
30019,0.00234,172.217.194.0-255,7156,162466,73,256215
30020,0.002342,172.31.40.0-255,66,162532,73,256215
30021,0.002351,172.31.40.0-255,66,162598,73,256215
30022,0.002377,172.217.194.0-255,7156,169754,73,256215
30023,0.002379,172.31.40.0-255,66,169820,73,256215
30024,0.002382,172.217.194.0-255,766,170586,73,256215
30025,0.002603,172.217.194.0-255,1484,172070,73,256215
30026,0.002606,172.31.40.0-255,66,172136,73,256215
30027,0.002634,172.217.194.0-255,2902,175038,73,256215
30028,0.002637,172.31.40.0-255,66,175104,73,256215
30029,0.002642,172.217.194.0-255,4320,179424,73,256215
30030,0.002645,172.31.40.0-255,66,179490,73,256215
30031,0.005202,172.217.194.0-255,4320,183810,73,256215
30032,0.005206,172.31.40.0-255,66,183876,73,256215
30033,0.005222,172.217.194.0-255,1484,185360,73,256215
30034,0.007751,172.217.194.0-255,4320,189680,73,256215
30035,0.00776,172.31.40.0-255,66,189746,73,256215
30036,0.01036,172.217.194.0-255,5738,195484,73,256215
30037,0.010377,172.31.40.0-255,66,195550,73,256215
30038,0.012968,172.217.194.0-255,5738,201288,73,256215
30039,0.012985,172.31.40.0-255,66,201354,73,256215
30040,0.015559,172.217.194.0-255,5738,207092,73,256215
30041,0.015572,172.31.40.0-255,66,207158,73,256215
30042,0.018167,172.217.194.0-255,5738,212896,73,256215
30043,0.018174,172.31.40.0-255,66,212962,73,256215
30044,0.020748,172.217.194.0-255,5738,218700,73,256215
30045,0.020757,172.31.40.0-255,66,218766,73,256215
30046,0.023313,172.217.194.0-255,5738,224504,73,256215
30047,0.023328,172.31.40.0-255,66,224570,73,256215
30048,0.025892,172.217.194.0-255,5738,230308,73,256215
30049,0.025909,172.31.40.0-255,66,230374,73,256215
30050,0.028492,172.217.194.0-255,5738,236112,73,256215
30051,0.028508,172.31.40.0-255,66,236178,73,256215
30052,0.031086,172.217.194.0-255,5738,241916,73,256215
30053,0.031097,172.31.40.0-255,66,241982,73,256215
30054,0.033676,172.217.194.0-255,5738,247720,73,256215
30055,0.033684,172.31.40.0-255,66,247786,73,256215
30056,0.036257,172.217.194.0-255,5738,253524,73,256215
30057,0.036275,172.31.40.0-255,66,253590,73,256215
30058,0.038866,172.217.194.0-255,2388,255978,73,256215
30059,0.038874,172.31.40.0-255,66,256044,73,256215
30060,0.039058,172.31.40.0-255,105,256149,73,256215
30061,0.041585,172.217.194.0-255,66,256215,73,256215
30062,0.0,74.125.24.0-255,146,146,73,264027
30063,1.9e-05,172.31.40.0-255,66,212,73,264027
30064,2.5e-05,74.125.24.0-255,1484,1696,73,264027
30065,2.9e-05,172.31.40.0-255,66,1762,73,264027
30066,3.5e-05,74.125.24.0-255,2902,4664,73,264027
30067,3.8e-05,172.31.40.0-255,66,4730,73,264027
30068,4.5e-05,74.125.24.0-255,7156,11886,73,264027
30069,4.7e-05,172.31.40.0-255,66,11952,73,264027
30070,4.9e-05,74.125.24.0-255,1484,13436,73,264027
30071,5.1e-05,172.31.40.0-255,66,13502,73,264027
30072,6.9e-05,74.125.24.0-255,510,14012,73,264027
30073,7.1e-05,172.31.40.0-255,66,14078,73,264027
30074,0.000335,74.125.24.0-255,1484,15562,73,264027
30075,0.000341,172.31.40.0-255,66,15628,73,264027
30076,0.000347,74.125.24.0-255,2902,18530,73,264027
30077,0.00035,172.31.40.0-255,66,18596,73,264027
30078,0.000356,74.125.24.0-255,5738,24334,73,264027
30079,0.000359,172.31.40.0-255,66,24400,73,264027
30080,0.000399,74.125.24.0-255,6797,31197,73,264027
30081,0.000402,172.31.40.0-255,66,31263,73,264027
30082,0.000596,74.125.24.0-255,1484,32747,73,264027
30083,0.0006,172.31.40.0-255,66,32813,73,264027
30084,0.000606,74.125.24.0-255,2902,35715,73,264027
30085,0.000608,172.31.40.0-255,66,35781,73,264027
30086,0.000612,74.125.24.0-255,2902,38683,73,264027
30087,0.000614,172.31.40.0-255,66,38749,73,264027
30088,0.000643,74.125.24.0-255,2902,41651,73,264027
30089,0.000646,172.31.40.0-255,66,41717,73,264027
30090,0.000653,74.125.24.0-255,7156,48873,73,264027
30091,0.000655,172.31.40.0-255,66,48939,73,264027
30092,0.000679,74.125.24.0-255,6797,55736,73,264027
30093,0.000682,172.31.40.0-255,66,55802,73,264027
30094,0.000694,74.125.24.0-255,1125,56927,73,264027
30095,0.000719,172.31.40.0-255,66,56993,73,264027
30096,0.000726,74.125.24.0-255,679,57672,73,264027
30097,0.000982,74.125.24.0-255,1484,59156,73,264027
30098,0.000986,172.31.40.0-255,66,59222,73,264027
30099,0.00099,74.125.24.0-255,1484,60706,73,264027
30100,0.001007,74.125.24.0-255,1484,62190,73,264027
30101,0.001011,74.125.24.0-255,1484,63674,73,264027
30102,0.001026,172.31.40.0-255,66,63740,73,264027
30103,0.001032,74.125.24.0-255,4320,68060,73,264027
30104,0.001034,74.125.24.0-255,1484,69544,73,264027
30105,0.001055,172.31.40.0-255,66,69610,73,264027
30106,0.001072,172.31.40.0-255,66,69676,73,264027
30107,0.001093,172.31.40.0-255,66,69742,73,264027
30108,0.001162,74.125.24.0-255,1484,71226,73,264027
30109,0.001166,74.125.24.0-255,1484,72710,73,264027
30110,0.001169,172.31.40.0-255,66,72776,73,264027
30111,0.001192,74.125.24.0-255,1484,74260,73,264027
30112,0.001201,74.125.24.0-255,5738,79998,73,264027
30113,0.001206,74.125.24.0-255,5738,85736,73,264027
30114,0.001212,172.31.40.0-255,66,85802,73,264027
30115,0.001224,74.125.24.0-255,5738,91540,73,264027
30116,0.00125,172.31.40.0-255,66,91606,73,264027
30117,0.00129,172.31.40.0-255,66,91672,73,264027
30118,0.001328,74.125.24.0-255,7156,98828,73,264027
30119,0.001346,172.31.40.0-255,66,98894,73,264027
30120,0.001378,74.125.24.0-255,4320,103214,73,264027
30121,0.0014,74.125.24.0-255,1484,104698,73,264027
30122,0.001403,172.31.40.0-255,66,104764,73,264027
30123,0.001408,172.31.40.0-255,66,104830,73,264027
30124,0.001462,172.31.40.0-255,66,104896,73,264027
30125,0.001475,74.125.24.0-255,2902,107798,73,264027
30126,0.001494,74.125.24.0-255,3602,111400,73,264027
30127,0.001503,172.31.40.0-255,66,111466,73,264027
30128,0.001609,74.125.24.0-255,1484,112950,73,264027
30129,0.001615,74.125.24.0-255,2902,115852,73,264027
30130,0.001631,172.31.40.0-255,66,115918,73,264027
30131,0.001638,74.125.24.0-255,5738,121656,73,264027
30132,0.001643,172.31.40.0-255,66,121722,73,264027
30133,0.001689,74.125.24.0-255,5738,127460,73,264027
30134,0.001705,172.31.40.0-255,66,127526,73,264027
30135,0.001728,74.125.24.0-255,5020,132546,73,264027
30136,0.001735,172.31.40.0-255,66,132612,73,264027
30137,0.001769,74.125.24.0-255,5738,138350,73,264027
30138,0.001789,74.125.24.0-255,1484,139834,73,264027
30139,0.001798,74.125.24.0-255,4320,144154,73,264027
30140,0.001807,172.31.40.0-255,66,144220,73,264027
30141,0.001835,74.125.24.0-255,3602,147822,73,264027
30142,0.001859,74.125.24.0-255,4320,152142,73,264027
30143,0.001866,172.31.40.0-255,66,152208,73,264027
30144,0.001892,74.125.24.0-255,1484,153692,73,264027
30145,0.00191,172.31.40.0-255,66,153758,73,264027
30146,0.001923,74.125.24.0-255,4320,158078,73,264027
30147,0.001947,172.31.40.0-255,66,158144,73,264027
30148,0.001956,74.125.24.0-255,2184,160328,73,264027
30149,0.002005,172.31.40.0-255,66,160394,73,264027
30150,0.004229,74.125.24.0-255,2902,163296,73,264027
30151,0.004235,172.31.40.0-255,66,163362,73,264027
30152,0.004273,74.125.24.0-255,2902,166264,73,264027
30153,0.006501,74.125.24.0-255,2902,169166,73,264027
30154,0.013705,74.125.24.0-255,1484,170650,73,264027
30155,0.015025,172.31.40.0-255,66,170716,73,264027
30156,0.017312,74.125.24.0-255,5738,176454,73,264027
30157,0.017322,172.31.40.0-255,66,176520,73,264027
30158,0.019596,74.125.24.0-255,5738,182258,73,264027
30159,0.019608,172.31.40.0-255,66,182324,73,264027
30160,0.021902,74.125.24.0-255,5738,188062,73,264027
30161,0.021909,172.31.40.0-255,66,188128,73,264027
30162,0.024212,74.125.24.0-255,5738,193866,73,264027
30163,0.024225,172.31.40.0-255,66,193932,73,264027
30164,0.026496,74.125.24.0-255,5738,199670,73,264027
30165,0.026502,172.31.40.0-255,66,199736,73,264027
30166,0.028763,74.125.24.0-255,5738,205474,73,264027
30167,0.028776,172.31.40.0-255,66,205540,73,264027
30168,0.031059,74.125.24.0-255,5738,211278,73,264027
30169,0.031076,172.31.40.0-255,66,211344,73,264027
30170,0.03339,74.125.24.0-255,5738,217082,73,264027
30171,0.033397,172.31.40.0-255,66,217148,73,264027
30172,0.035686,74.125.24.0-255,5738,222886,73,264027
30173,0.035697,172.31.40.0-255,66,222952,73,264027
30174,0.038008,74.125.24.0-255,5738,228690,73,264027
30175,0.038025,172.31.40.0-255,66,228756,73,264027
30176,0.040325,74.125.24.0-255,5738,234494,73,264027
30177,0.040334,172.31.40.0-255,66,234560,73,264027
30178,0.042603,74.125.24.0-255,5738,240298,73,264027
30179,0.042612,172.31.40.0-255,66,240364,73,264027
30180,0.044926,74.125.24.0-255,5738,246102,73,264027
30181,0.044955,172.31.40.0-255,66,246168,73,264027
30182,0.047233,74.125.24.0-255,5738,251906,73,264027
30183,0.047241,172.31.40.0-255,66,251972,73,264027
30184,0.048406,172.31.40.0-255,172,252144,73,264027
30185,0.048439,172.31.40.0-255,1114,253258,73,264027
30186,0.048499,172.31.40.0-255,1514,254772,73,264027
30187,0.048501,172.31.40.0-255,1514,256286,73,264027
30188,0.048506,172.31.40.0-255,1514,257800,73,264027
30189,0.048507,172.31.40.0-255,357,258157,73,264027
30190,0.049534,74.125.24.0-255,5738,263895,73,264027
30191,0.049544,172.31.40.0-255,66,263961,73,264027
30192,0.0499,104.244.42.0-255,66,264027,73,264027
30193,0.0,74.125.68.0-255,146,146,73,253057
30194,2.3e-05,172.31.40.0-255,66,212,73,253057
30195,3e-05,74.125.68.0-255,1484,1696,73,253057
30196,3.4e-05,172.31.40.0-255,66,1762,73,253057
30197,4.7e-05,74.125.68.0-255,2902,4664,73,253057
30198,5.1e-05,172.31.40.0-255,66,4730,73,253057
30199,5.4e-05,74.125.68.0-255,1484,6214,73,253057
30200,5.7e-05,172.31.40.0-255,66,6280,73,253057
30201,6.3e-05,74.125.68.0-255,2902,9182,73,253057
30202,6.6e-05,172.31.40.0-255,66,9248,73,253057
30203,8.8e-05,74.125.68.0-255,1484,10732,73,253057
30204,9e-05,172.31.40.0-255,66,10798,73,253057
30205,0.000118,74.125.68.0-255,3448,14246,73,253057
30206,0.000121,172.31.40.0-255,66,14312,73,253057
30207,0.000148,74.125.68.0-255,4320,18632,73,253057
30208,0.000151,172.31.40.0-255,66,18698,73,253057
30209,0.000159,74.125.68.0-255,5738,24436,73,253057
30210,0.000161,172.31.40.0-255,66,24502,73,253057
30211,0.000208,74.125.68.0-255,6797,31299,73,253057
30212,0.000211,172.31.40.0-255,66,31365,73,253057
30213,0.000307,74.125.68.0-255,1484,32849,73,253057
30214,0.000311,172.31.40.0-255,66,32915,73,253057
30215,0.000315,74.125.68.0-255,1484,34399,73,253057
30216,0.000316,172.31.40.0-255,66,34465,73,253057
30217,0.000341,74.125.68.0-255,1484,35949,73,253057
30218,0.000347,172.31.40.0-255,66,36015,73,253057
30219,0.000355,74.125.68.0-255,5738,41753,73,253057
30220,0.000357,172.31.40.0-255,66,41819,73,253057
30221,0.000363,74.125.68.0-255,4320,46139,73,253057
30222,0.000365,172.31.40.0-255,66,46205,73,253057
30223,0.000405,74.125.68.0-255,5379,51584,73,253057
30224,0.000408,172.31.40.0-255,66,51650,73,253057
30225,0.000419,172.31.40.0-255,66,51716,73,253057
30226,0.000458,74.125.68.0-255,5379,57095,73,253057
30227,0.000462,172.31.40.0-255,66,57161,73,253057
30228,0.000484,74.125.68.0-255,410,57571,73,253057
30229,0.000931,74.125.68.0-255,332,57903,73,253057
30230,0.001123,172.31.40.0-255,66,57969,73,253057
30231,0.001395,74.125.68.0-255,1484,59453,73,253057
30232,0.001405,74.125.68.0-255,2902,62355,73,253057
30233,0.00141,172.31.40.0-255,66,62421,73,253057
30234,0.001446,74.125.68.0-255,4320,66741,73,253057
30235,0.001449,172.31.40.0-255,66,66807,73,253057
30236,0.001452,74.125.68.0-255,1484,68291,73,253057
30237,0.001473,74.125.68.0-255,7156,75447,73,253057
30238,0.001475,172.31.40.0-255,66,75513,73,253057
30239,0.00148,74.125.68.0-255,4320,79833,73,253057
30240,0.001482,172.31.40.0-255,66,79899,73,253057
30241,0.001526,74.125.68.0-255,7156,87055,73,253057
30242,0.001529,172.31.40.0-255,66,87121,73,253057
30243,0.001557,74.125.68.0-255,5020,92141,73,253057
30244,0.00156,172.31.40.0-255,66,92207,73,253057
30245,0.001935,74.125.68.0-255,1484,93691,73,253057
30246,0.001943,74.125.68.0-255,2902,96593,73,253057
30247,0.001947,172.31.40.0-255,66,96659,73,253057
30248,0.001953,74.125.68.0-255,2902,99561,73,253057
30249,0.001956,172.31.40.0-255,66,99627,73,253057
30250,0.001976,74.125.68.0-255,1484,101111,73,253057
30251,0.001984,74.125.68.0-255,7156,108267,73,253057
30252,0.001987,172.31.40.0-255,66,108333,73,253057
30253,0.002006,74.125.68.0-255,1484,109817,73,253057
30254,0.002014,74.125.68.0-255,4320,114137,73,253057
30255,0.002016,172.31.40.0-255,66,114203,73,253057
30256,0.00202,74.125.68.0-255,1484,115687,73,253057
30257,0.003997,74.125.68.0-255,4320,120007,73,253057
30258,0.004003,172.31.40.0-255,66,120073,73,253057
30259,0.005991,74.125.68.0-255,2902,122975,73,253057
30260,0.005994,172.31.40.0-255,66,123041,73,253057
30261,0.006021,74.125.68.0-255,2902,125943,73,253057
30262,0.006023,172.31.40.0-255,66,126009,73,253057
30263,0.007992,74.125.68.0-255,2902,128911,73,253057
30264,0.007999,172.31.40.0-255,66,128977,73,253057
30265,0.008054,74.125.68.0-255,2902,131879,73,253057
30266,0.008057,172.31.40.0-255,66,131945,73,253057
30267,0.009987,74.125.68.0-255,2902,134847,73,253057
30268,0.009994,172.31.40.0-255,66,134913,73,253057
30269,0.010039,74.125.68.0-255,2902,137815,73,253057
30270,0.010043,172.31.40.0-255,66,137881,73,253057
30271,0.012024,74.125.68.0-255,4320,142201,73,253057
30272,0.012033,172.31.40.0-255,66,142267,73,253057
30273,0.012063,74.125.68.0-255,1484,143751,73,253057
30274,0.014024,74.125.68.0-255,4320,148071,73,253057
30275,0.014033,172.31.40.0-255,66,148137,73,253057
30276,0.016026,74.125.68.0-255,5738,153875,73,253057
30277,0.016034,172.31.40.0-255,66,153941,73,253057
30278,0.018031,74.125.68.0-255,5738,159679,73,253057
30279,0.018038,172.31.40.0-255,66,159745,73,253057
30280,0.02004,74.125.68.0-255,5738,165483,73,253057
30281,0.020048,172.31.40.0-255,66,165549,73,253057
30282,0.022046,74.125.68.0-255,5738,171287,73,253057
30283,0.022054,172.31.40.0-255,66,171353,73,253057
30284,0.024056,74.125.68.0-255,5738,177091,73,253057
30285,0.024064,172.31.40.0-255,66,177157,73,253057
30286,0.026064,74.125.68.0-255,5738,182895,73,253057
30287,0.026072,172.31.40.0-255,66,182961,73,253057
30288,0.028064,74.125.68.0-255,5738,188699,73,253057
30289,0.028071,172.31.40.0-255,66,188765,73,253057
30290,0.030068,74.125.68.0-255,5738,194503,73,253057
30291,0.030074,172.31.40.0-255,66,194569,73,253057
30292,0.031106,172.31.40.0-255,172,194741,73,253057
30293,0.031137,172.31.40.0-255,1115,195856,73,253057
30294,0.031199,172.31.40.0-255,1514,197370,73,253057
30295,0.031201,172.31.40.0-255,1514,198884,73,253057
30296,0.031205,172.31.40.0-255,1514,200398,73,253057
30297,0.031206,172.31.40.0-255,159,200557,73,253057
30298,0.032066,74.125.68.0-255,5738,206295,73,253057
30299,0.032073,172.31.40.0-255,66,206361,73,253057
30300,0.032675,104.244.42.0-255,66,206427,73,253057
30301,0.032703,104.244.42.0-255,66,206493,73,253057
30302,0.032756,104.244.42.0-255,66,206559,73,253057
30303,0.03277,104.244.42.0-255,66,206625,73,253057
30304,0.034076,74.125.68.0-255,5738,212363,73,253057
30305,0.034081,172.31.40.0-255,66,212429,73,253057
30306,0.036083,74.125.68.0-255,5738,218167,73,253057
30307,0.03609,172.31.40.0-255,66,218233,73,253057
30308,0.038095,74.125.68.0-255,5738,223971,73,253057
30309,0.038102,172.31.40.0-255,66,224037,73,253057
30310,0.040097,74.125.68.0-255,5738,229775,73,253057
30311,0.040103,172.31.40.0-255,66,229841,73,253057
30312,0.042108,74.125.68.0-255,5738,235579,73,253057
30313,0.042114,172.31.40.0-255,66,235645,73,253057
30314,0.044111,74.125.68.0-255,5738,241383,73,253057
30315,0.044118,172.31.40.0-255,66,241449,73,253057
30316,0.046144,74.125.68.0-255,5738,247187,73,253057
30317,0.046151,172.31.40.0-255,66,247253,73,253057
30318,0.048151,74.125.68.0-255,5738,252991,73,253057
30319,0.048156,172.31.40.0-255,66,253057,73,253057
30320,0.0,74.125.200.0-255,153,153,73,218732
30321,1.4e-05,172.31.40.0-255,66,219,73,218732
30322,2.1e-05,74.125.200.0-255,1484,1703,73,218732
30323,2.6e-05,172.31.40.0-255,66,1769,73,218732
30324,5.1e-05,74.125.200.0-255,2902,4671,73,218732
30325,5.8e-05,172.31.40.0-255,66,4737,73,218732
30326,6.4e-05,74.125.200.0-255,4320,9057,73,218732
30327,6.7e-05,172.31.40.0-255,66,9123,73,218732
30328,9.9e-05,74.125.200.0-255,4935,14058,73,218732
30329,0.000102,172.31.40.0-255,66,14124,73,218732
30330,0.000107,74.125.200.0-255,2902,17026,73,218732
30331,0.00011,172.31.40.0-255,66,17092,73,218732
30332,0.000113,74.125.200.0-255,1484,18576,73,218732
30333,0.000115,172.31.40.0-255,66,18642,73,218732
30334,0.000146,74.125.200.0-255,2902,21544,73,218732
30335,0.00015,172.31.40.0-255,66,21610,73,218732
30336,0.000161,172.31.40.0-255,66,21676,73,218732
30337,0.000164,74.125.200.0-255,1125,22801,73,218732
30338,0.000167,172.31.40.0-255,66,22867,73,218732
30339,0.000241,74.125.200.0-255,1484,24351,73,218732
30340,0.000244,172.31.40.0-255,66,24417,73,218732
30341,0.000249,74.125.200.0-255,2902,27319,73,218732
30342,0.000269,172.31.40.0-255,66,27385,73,218732
30343,0.000272,74.125.200.0-255,1484,28869,73,218732
30344,0.000274,172.31.40.0-255,66,28935,73,218732
30345,0.000279,74.125.200.0-255,2902,31837,73,218732
30346,0.000282,172.31.40.0-255,66,31903,73,218732
30347,0.000286,74.125.200.0-255,2902,34805,73,218732
30348,0.000288,172.31.40.0-255,66,34871,73,218732
30349,0.000315,74.125.200.0-255,2902,37773,73,218732
30350,0.000318,172.31.40.0-255,66,37839,73,218732
30351,0.000322,74.125.200.0-255,2902,40741,73,218732
30352,0.000324,172.31.40.0-255,66,40807,73,218732
30353,0.000372,74.125.200.0-255,6797,47604,73,218732
30354,0.000376,172.31.40.0-255,66,47670,73,218732
30355,0.000387,172.31.40.0-255,66,47736,73,218732
30356,0.000498,74.125.200.0-255,109,47845,73,218732
30357,0.00063,74.125.200.0-255,1484,49329,73,218732
30358,0.000635,172.31.40.0-255,66,49395,73,218732
30359,0.000641,74.125.200.0-255,2902,52297,73,218732
30360,0.000644,172.31.40.0-255,66,52363,73,218732
30361,0.000646,74.125.200.0-255,1484,53847,73,218732
30362,0.000682,74.125.200.0-255,4320,58167,73,218732
30363,0.000685,172.31.40.0-255,66,58233,73,218732
30364,0.000691,74.125.200.0-255,4320,62553,73,218732
30365,0.000693,172.31.40.0-255,66,62619,73,218732
30366,0.000699,74.125.200.0-255,5379,67998,73,218732
30367,0.000702,172.31.40.0-255,66,68064,73,218732
30368,0.000752,172.31.40.0-255,66,68130,73,218732
30369,0.000756,74.125.200.0-255,2543,70673,73,218732
30370,0.000758,172.31.40.0-255,66,70739,73,218732
30371,0.001965,74.125.200.0-255,1484,72223,73,218732
30372,0.001977,74.125.200.0-255,2902,75125,73,218732
30373,0.001982,172.31.40.0-255,66,75191,73,218732
30374,0.00199,74.125.200.0-255,5738,80929,73,218732
30375,0.001992,172.31.40.0-255,66,80995,73,218732
30376,0.002046,74.125.200.0-255,7156,88151,73,218732
30377,0.002048,172.31.40.0-255,66,88217,73,218732
30378,0.002061,172.31.40.0-255,66,88283,73,218732
30379,0.002107,74.125.200.0-255,5020,93303,73,218732
30380,0.00211,172.31.40.0-255,66,93369,73,218732
30381,0.004318,74.125.200.0-255,5738,99107,73,218732
30382,0.004324,172.31.40.0-255,66,99173,73,218732
30383,0.004497,172.31.40.0-255,101,99274,73,218732
30384,0.00652,74.125.200.0-255,4320,103594,73,218732
30385,0.006525,172.31.40.0-255,66,103660,73,218732
30386,0.00655,74.125.200.0-255,1484,105144,73,218732
30387,0.006665,74.125.200.0-255,66,105210,73,218732
30388,0.008726,74.125.200.0-255,4320,109530,73,218732
30389,0.008734,172.31.40.0-255,66,109596,73,218732
30390,0.010954,74.125.200.0-255,5738,115334,73,218732
30391,0.010969,172.31.40.0-255,66,115400,73,218732
30392,0.013184,74.125.200.0-255,5738,121138,73,218732
30393,0.013198,172.31.40.0-255,66,121204,73,218732
30394,0.015494,74.125.200.0-255,5738,126942,73,218732
30395,0.01551,172.31.40.0-255,66,127008,73,218732
30396,0.01773,74.125.200.0-255,5738,132746,73,218732
30397,0.017748,172.31.40.0-255,66,132812,73,218732
30398,0.019968,74.125.200.0-255,5738,138550,73,218732
30399,0.019976,172.31.40.0-255,66,138616,73,218732
30400,0.022202,74.125.200.0-255,5738,144354,73,218732
30401,0.022212,172.31.40.0-255,66,144420,73,218732
30402,0.024428,74.125.200.0-255,5738,150158,73,218732
30403,0.02444,172.31.40.0-255,66,150224,73,218732
30404,0.026646,74.125.200.0-255,5738,155962,73,218732
30405,0.026655,172.31.40.0-255,66,156028,73,218732
30406,0.028866,74.125.200.0-255,5738,161766,73,218732
30407,0.02888,172.31.40.0-255,66,161832,73,218732
30408,0.0311,74.125.200.0-255,5738,167570,73,218732
30409,0.03111,172.31.40.0-255,66,167636,73,218732
30410,0.033318,74.125.200.0-255,5738,173374,73,218732
30411,0.033327,172.31.40.0-255,66,173440,73,218732
30412,0.035552,74.125.200.0-255,5738,179178,73,218732
30413,0.035565,172.31.40.0-255,66,179244,73,218732
30414,0.03779,74.125.200.0-255,5738,184982,73,218732
30415,0.037803,172.31.40.0-255,66,185048,73,218732
30416,0.040018,74.125.200.0-255,5738,190786,73,218732
30417,0.040026,172.31.40.0-255,66,190852,73,218732
30418,0.042264,74.125.200.0-255,5738,196590,73,218732
30419,0.042283,172.31.40.0-255,66,196656,73,218732
30420,0.044492,74.125.200.0-255,4320,200976,73,218732
30421,0.044503,172.31.40.0-255,66,201042,73,218732
30422,0.044529,74.125.200.0-255,1484,202526,73,218732
30423,0.046047,172.31.40.0-255,172,202698,73,218732
30424,0.046075,172.31.40.0-255,1116,203814,73,218732
30425,0.046137,172.31.40.0-255,1514,205328,73,218732
30426,0.046157,172.31.40.0-255,1514,206842,73,218732
30427,0.046159,172.31.40.0-255,1436,208278,73,218732
30428,0.046709,74.125.200.0-255,4320,212598,73,218732
30429,0.046717,172.31.40.0-255,66,212664,73,218732
30430,0.047579,104.244.42.0-255,66,212730,73,218732
30431,0.047634,104.244.42.0-255,66,212796,73,218732
30432,0.047682,104.244.42.0-255,66,212862,73,218732
30433,0.047732,104.244.42.0-255,66,212928,73,218732
30434,0.048922,74.125.200.0-255,5738,218666,73,218732
30435,0.048932,172.31.40.0-255,66,218732,73,218732
30436,0.0,74.125.24.0-255,153,153,73,287560
30437,2e-05,172.31.40.0-255,66,219,73,287560
30438,2.6e-05,74.125.24.0-255,1484,1703,73,287560
30439,3e-05,172.31.40.0-255,66,1769,73,287560
30440,4.8e-05,74.125.24.0-255,2902,4671,73,287560
30441,5e-05,172.31.40.0-255,66,4737,73,287560
30442,5.7e-05,74.125.24.0-255,7156,11893,73,287560
30443,6e-05,172.31.40.0-255,66,11959,73,287560
30444,6.4e-05,74.125.24.0-255,1983,13942,73,287560
30445,6.6e-05,172.31.40.0-255,66,14008,73,287560
30446,0.000111,74.125.24.0-255,2902,16910,73,287560
30447,0.000114,172.31.40.0-255,66,16976,73,287560
30448,0.000119,74.125.24.0-255,4320,21296,73,287560
30449,0.000121,172.31.40.0-255,66,21362,73,287560
30450,0.000171,74.125.24.0-255,4320,25682,73,287560
30451,0.000173,172.31.40.0-255,66,25748,73,287560
30452,0.000191,74.125.24.0-255,2902,28650,73,287560
30453,0.000194,172.31.40.0-255,66,28716,73,287560
30454,0.000207,74.125.24.0-255,2543,31259,73,287560
30455,0.000209,172.31.40.0-255,66,31325,73,287560
30456,0.000286,74.125.24.0-255,1484,32809,73,287560
30457,0.000288,172.31.40.0-255,66,32875,73,287560
30458,0.000292,74.125.24.0-255,2902,35777,73,287560
30459,0.000294,172.31.40.0-255,66,35843,73,287560
30460,0.000297,74.125.24.0-255,1484,37327,73,287560
30461,0.000299,172.31.40.0-255,66,37393,73,287560
30462,0.000314,74.125.24.0-255,4320,41713,73,287560
30463,0.000317,172.31.40.0-255,66,41779,73,287560
30464,0.000322,74.125.24.0-255,5738,47517,73,287560
30465,0.000325,172.31.40.0-255,66,47583,73,287560
30466,0.000345,74.125.24.0-255,1125,48708,73,287560
30467,0.000347,172.31.40.0-255,66,48774,73,287560
30468,0.00036,74.125.24.0-255,4320,53094,73,287560
30469,0.000362,172.31.40.0-255,66,53160,73,287560
30470,0.000395,172.31.40.0-255,66,53226,73,287560
30471,0.000398,74.125.24.0-255,2543,55769,73,287560
30472,0.0004,172.31.40.0-255,66,55835,73,287560
30473,0.000695,74.125.24.0-255,646,56481,73,287560
30474,0.000848,74.125.24.0-255,1484,57965,73,287560
30475,0.000852,172.31.40.0-255,66,58031,73,287560
30476,0.000857,74.125.24.0-255,2902,60933,73,287560
30477,0.00086,172.31.40.0-255,66,60999,73,287560
30478,0.000863,74.125.24.0-255,1484,62483,73,287560
30479,0.000879,74.125.24.0-255,4320,66803,73,287560
30480,0.000882,172.31.40.0-255,66,66869,73,287560
30481,0.000915,172.31.40.0-255,66,66935,73,287560
30482,0.000931,74.125.24.0-255,1484,68419,73,287560
30483,0.000952,74.125.24.0-255,4320,72739,73,287560
30484,0.000955,172.31.40.0-255,66,72805,73,287560
30485,0.000981,172.31.40.0-255,66,72871,73,287560
30486,0.001248,74.125.24.0-255,1484,74355,73,287560
30487,0.001253,74.125.24.0-255,2902,77257,73,287560
30488,0.001255,172.31.40.0-255,66,77323,73,287560
30489,0.001271,74.125.24.0-255,1484,78807,73,287560
30490,0.001287,74.125.24.0-255,4320,83127,73,287560
30491,0.001289,172.31.40.0-255,66,83193,73,287560
30492,0.001296,74.125.24.0-255,7156,90349,73,287560
30493,0.001298,172.31.40.0-255,66,90415,73,287560
30494,0.001312,74.125.24.0-255,5738,96153,73,287560
30495,0.001314,172.31.40.0-255,66,96219,73,287560
30496,0.001327,172.31.40.0-255,66,96285,73,287560
30497,0.001365,74.125.24.0-255,2184,98469,73,287560
30498,0.001367,172.31.40.0-255,66,98535,73,287560
30499,0.001516,74.125.24.0-255,1484,100019,73,287560
30500,0.001531,74.125.24.0-255,2902,102921,73,287560
30501,0.001535,172.31.40.0-255,66,102987,73,287560
30502,0.001537,74.125.24.0-255,1484,104471,73,287560
30503,0.00156,74.125.24.0-255,4320,108791,73,287560
30504,0.001563,172.31.40.0-255,66,108857,73,287560
30505,0.001569,74.125.24.0-255,5738,114595,73,287560
30506,0.001571,172.31.40.0-255,66,114661,73,287560
30507,0.0016,74.125.24.0-255,2902,117563,73,287560
30508,0.001602,172.31.40.0-255,66,117629,73,287560
30509,0.001629,172.31.40.0-255,66,117695,73,287560
30510,0.001634,74.125.24.0-255,5020,122715,73,287560
30511,0.001637,172.31.40.0-255,66,122781,73,287560
30512,0.001849,74.125.24.0-255,1484,124265,73,287560
30513,0.001863,74.125.24.0-255,2902,127167,73,287560
30514,0.001866,172.31.40.0-255,66,127233,73,287560
30515,0.001872,74.125.24.0-255,5738,132971,73,287560
30516,0.001874,172.31.40.0-255,66,133037,73,287560
30517,0.001911,74.125.24.0-255,7156,140193,73,287560
30518,0.001914,172.31.40.0-255,66,140259,73,287560
30519,0.00194,74.125.24.0-255,5738,145997,73,287560
30520,0.001942,172.31.40.0-255,66,146063,73,287560
30521,0.001951,172.31.40.0-255,66,146129,73,287560
30522,0.00199,172.31.40.0-255,66,146195,73,287560
30523,0.002017,74.125.24.0-255,2902,149097,73,287560
30524,0.002023,172.31.40.0-255,66,149163,73,287560
30525,0.002027,172.31.40.0-255,66,149229,73,287560
30526,0.002053,172.31.40.0-255,66,149295,73,287560
30527,0.002067,172.31.40.0-255,66,149361,73,287560
30528,0.004118,74.125.24.0-255,5738,155099,73,287560
30529,0.004125,172.31.40.0-255,66,155165,73,287560
30530,0.006171,74.125.24.0-255,5738,160903,73,287560
30531,0.006175,172.31.40.0-255,66,160969,73,287560
30532,0.008216,74.125.24.0-255,5738,166707,73,287560
30533,0.008221,172.31.40.0-255,66,166773,73,287560
30534,0.010277,74.125.24.0-255,5738,172511,73,287560
30535,0.010284,172.31.40.0-255,66,172577,73,287560
30536,0.012329,74.125.24.0-255,5738,178315,73,287560
30537,0.012336,172.31.40.0-255,66,178381,73,287560
30538,0.014386,74.125.24.0-255,5738,184119,73,287560
30539,0.014396,172.31.40.0-255,66,184185,73,287560
30540,0.016422,74.125.24.0-255,5738,189923,73,287560
30541,0.016431,172.31.40.0-255,66,189989,73,287560
30542,0.018489,74.125.24.0-255,5738,195727,73,287560
30543,0.018496,172.31.40.0-255,66,195793,73,287560
30544,0.020548,74.125.24.0-255,5738,201531,73,287560
30545,0.020554,172.31.40.0-255,66,201597,73,287560
30546,0.022584,74.125.24.0-255,5738,207335,73,287560
30547,0.02259,172.31.40.0-255,66,207401,73,287560
30548,0.024617,74.125.24.0-255,5738,213139,73,287560
30549,0.024624,172.31.40.0-255,66,213205,73,287560
30550,0.025393,172.31.40.0-255,176,213381,73,287560
30551,0.025421,172.31.40.0-255,1115,214496,73,287560
30552,0.025467,172.31.40.0-255,1514,216010,73,287560
30553,0.025469,172.31.40.0-255,1514,217524,73,287560
30554,0.025472,172.31.40.0-255,1410,218934,73,287560
30555,0.026683,74.125.24.0-255,5738,224672,73,287560
30556,0.026688,172.31.40.0-255,66,224738,73,287560
30557,0.026957,104.244.42.0-255,66,224804,73,287560
30558,0.026965,104.244.42.0-255,66,224870,73,287560
30559,0.027103,104.244.42.0-255,66,224936,73,287560
30560,0.027108,104.244.42.0-255,66,225002,73,287560
30561,0.028728,74.125.24.0-255,5738,230740,73,287560
30562,0.028734,172.31.40.0-255,66,230806,73,287560
30563,0.030775,74.125.24.0-255,5738,236544,73,287560
30564,0.03078,172.31.40.0-255,66,236610,73,287560
30565,0.032819,74.125.24.0-255,4320,240930,73,287560
30566,0.032823,172.31.40.0-255,66,240996,73,287560
30567,0.032847,74.125.24.0-255,1484,242480,73,287560
30568,0.034856,74.125.24.0-255,4320,246800,73,287560
30569,0.034861,172.31.40.0-255,66,246866,73,287560
30570,0.036913,74.125.24.0-255,5738,252604,73,287560
30571,0.036918,172.31.40.0-255,66,252670,73,287560
30572,0.038957,74.125.24.0-255,5738,258408,73,287560
30573,0.038962,172.31.40.0-255,66,258474,73,287560
30574,0.040999,74.125.24.0-255,5738,264212,73,287560
30575,0.041004,172.31.40.0-255,66,264278,73,287560
30576,0.043062,74.125.24.0-255,5738,270016,73,287560
30577,0.043066,172.31.40.0-255,66,270082,73,287560
30578,0.04511,74.125.24.0-255,5738,275820,73,287560
30579,0.045116,172.31.40.0-255,66,275886,73,287560
30580,0.047156,74.125.24.0-255,5738,281624,73,287560
30581,0.047162,172.31.40.0-255,66,281690,73,287560
30582,0.049197,74.125.24.0-255,4320,286010,73,287560
30583,0.049202,172.31.40.0-255,66,286076,73,287560
30584,0.049232,74.125.24.0-255,1484,287560,73,287560
30585,0.0,172.217.194.0-255,152,152,73,250116
30586,2.2e-05,172.31.40.0-255,66,218,73,250116
30587,2.9e-05,172.217.194.0-255,1484,1702,73,250116
30588,3.4e-05,172.31.40.0-255,66,1768,73,250116
30589,4.8e-05,172.217.194.0-255,2902,4670,73,250116
30590,5.2e-05,172.31.40.0-255,66,4736,73,250116
30591,6e-05,172.217.194.0-255,7156,11892,73,250116
30592,6.4e-05,172.31.40.0-255,66,11958,73,250116
30593,6.9e-05,172.217.194.0-255,2117,14075,73,250116
30594,7.1e-05,172.31.40.0-255,66,14141,73,250116
30595,0.000108,172.217.194.0-255,1484,15625,73,250116
30596,0.000111,172.31.40.0-255,66,15691,73,250116
30597,0.000116,172.217.194.0-255,2902,18593,73,250116
30598,0.000119,172.31.40.0-255,66,18659,73,250116
30599,0.000144,172.217.194.0-255,5738,24397,73,250116
30600,0.000148,172.31.40.0-255,66,24463,73,250116
30601,0.000151,172.217.194.0-255,1484,25947,73,250116
30602,0.000153,172.31.40.0-255,66,26013,73,250116
30603,0.00018,172.217.194.0-255,5379,31392,73,250116
30604,0.000187,172.31.40.0-255,66,31458,73,250116
30605,0.000227,172.31.40.0-255,66,31524,73,250116
30606,0.000251,172.217.194.0-255,2902,34426,73,250116
30607,0.000254,172.31.40.0-255,66,34492,73,250116
30608,0.000258,172.217.194.0-255,2543,37035,73,250116
30609,0.00026,172.31.40.0-255,66,37101,73,250116
30610,0.000264,172.217.194.0-255,2902,40003,73,250116
30611,0.000266,172.31.40.0-255,66,40069,73,250116
30612,0.000313,172.31.40.0-255,66,40135,73,250116
30613,0.000317,172.217.194.0-255,2543,42678,73,250116
30614,0.000319,172.31.40.0-255,66,42744,73,250116
30615,0.000352,172.217.194.0-255,3218,45962,73,250116
30616,0.000354,172.31.40.0-255,66,46028,73,250116
30617,0.000361,172.217.194.0-255,5738,51766,73,250116
30618,0.000364,172.31.40.0-255,66,51832,73,250116
30619,0.000388,172.217.194.0-255,1484,53316,73,250116
30620,0.000412,172.217.194.0-255,2902,56218,73,250116
30621,0.000414,172.31.40.0-255,66,56284,73,250116
30622,0.000438,172.31.40.0-255,66,56350,73,250116
30623,0.000467,172.217.194.0-255,5738,62088,73,250116
30624,0.00047,172.31.40.0-255,66,62154,73,250116
30625,0.000497,172.217.194.0-255,5379,67533,73,250116
30626,0.0005,172.31.40.0-255,66,67599,73,250116
30627,0.000747,172.217.194.0-255,1484,69083,73,250116
30628,0.000754,172.217.194.0-255,2902,71985,73,250116
30629,0.000758,172.31.40.0-255,66,72051,73,250116
30630,0.000791,172.217.194.0-255,5738,77789,73,250116
30631,0.000794,172.31.40.0-255,66,77855,73,250116
30632,0.000797,172.217.194.0-255,1484,79339,73,250116
30633,0.000828,172.31.40.0-255,66,79405,73,250116
30634,0.000834,172.217.194.0-255,4320,83725,73,250116
30635,0.000837,172.31.40.0-255,66,83791,73,250116
30636,0.000868,172.217.194.0-255,6438,90229,73,250116
30637,0.00087,172.31.40.0-255,66,90295,73,250116
30638,0.00108,172.217.194.0-255,1484,91779,73,250116
30639,0.001086,172.217.194.0-255,2902,94681,73,250116
30640,0.001089,172.31.40.0-255,66,94747,73,250116
30641,0.001093,172.217.194.0-255,1484,96231,73,250116
30642,0.001118,172.217.194.0-255,4320,100551,73,250116
30643,0.00112,172.31.40.0-255,66,100617,73,250116
30644,0.001134,172.31.40.0-255,66,100683,73,250116
30645,0.001168,172.217.194.0-255,2902,103585,73,250116
30646,0.001171,172.31.40.0-255,66,103651,73,250116
30647,0.001182,172.31.40.0-255,66,103717,73,250116
30648,0.001187,172.217.194.0-255,2184,105901,73,250116
30649,0.001191,172.31.40.0-255,66,105967,73,250116
30650,0.002046,172.217.194.0-255,1484,107451,73,250116
30651,0.002069,172.217.194.0-255,2902,110353,73,250116
30652,0.002072,172.31.40.0-255,66,110419,73,250116
30653,0.002077,172.217.194.0-255,1484,111903,73,250116
30654,0.0021,172.217.194.0-255,4320,116223,73,250116
30655,0.002103,172.31.40.0-255,66,116289,73,250116
30656,0.00211,172.217.194.0-255,5738,122027,73,250116
30657,0.002112,172.31.40.0-255,66,122093,73,250116
30658,0.002154,172.31.40.0-255,66,122159,73,250116
30659,0.002185,172.217.194.0-255,5020,127179,73,250116
30660,0.002187,172.31.40.0-255,66,127245,73,250116
30661,0.00447,172.217.194.0-255,5738,132983,73,250116
30662,0.00448,172.31.40.0-255,66,133049,73,250116
30663,0.006762,172.217.194.0-255,5738,138787,73,250116
30664,0.006767,172.31.40.0-255,66,138853,73,250116
30665,0.009048,172.217.194.0-255,5738,144591,73,250116
30666,0.009055,172.31.40.0-255,66,144657,73,250116
30667,0.011366,172.217.194.0-255,5738,150395,73,250116
30668,0.011378,172.31.40.0-255,66,150461,73,250116
30669,0.013681,172.217.194.0-255,5738,156199,73,250116
30670,0.013689,172.31.40.0-255,66,156265,73,250116
30671,0.015962,172.217.194.0-255,2902,159167,73,250116
30672,0.015969,172.31.40.0-255,66,159233,73,250116
30673,0.015996,172.217.194.0-255,2902,162135,73,250116
30674,0.015999,172.31.40.0-255,66,162201,73,250116
30675,0.018256,172.217.194.0-255,5738,167939,73,250116
30676,0.018264,172.31.40.0-255,66,168005,73,250116
30677,0.020528,172.217.194.0-255,5738,173743,73,250116
30678,0.020535,172.31.40.0-255,66,173809,73,250116
30679,0.022809,172.217.194.0-255,5738,179547,73,250116
30680,0.022814,172.31.40.0-255,66,179613,73,250116
30681,0.025135,172.217.194.0-255,5738,185351,73,250116
30682,0.025151,172.31.40.0-255,66,185417,73,250116
30683,0.027445,172.217.194.0-255,5738,191155,73,250116
30684,0.027461,172.31.40.0-255,66,191221,73,250116
30685,0.029731,172.217.194.0-255,5738,196959,73,250116
30686,0.02974,172.31.40.0-255,66,197025,73,250116
30687,0.031869,172.31.40.0-255,172,197197,73,250116
30688,0.031902,172.31.40.0-255,1110,198307,73,250116
30689,0.031964,172.31.40.0-255,1514,199821,73,250116
30690,0.031986,172.31.40.0-255,1514,201335,73,250116
30691,0.031987,172.31.40.0-255,1514,202849,73,250116
30692,0.032012,172.217.194.0-255,5738,208587,73,250116
30693,0.032021,172.31.40.0-255,331,208918,73,250116
30694,0.032022,172.31.40.0-255,66,208984,73,250116
30695,0.03344,104.244.42.0-255,66,209050,73,250116
30696,0.033468,104.244.42.0-255,66,209116,73,250116
30697,0.033564,104.244.42.0-255,66,209182,73,250116
30698,0.033585,104.244.42.0-255,66,209248,73,250116
30699,0.033595,104.244.42.0-255,66,209314,73,250116
30700,0.034277,172.217.194.0-255,5738,215052,73,250116
30701,0.034283,172.31.40.0-255,66,215118,73,250116
30702,0.034815,104.244.42.0-255,108,215226,73,250116
30703,0.034824,172.31.40.0-255,66,215292,73,250116
30704,0.036586,172.217.194.0-255,5738,221030,73,250116
30705,0.03659,172.31.40.0-255,66,221096,73,250116
30706,0.03885,172.217.194.0-255,5738,226834,73,250116
30707,0.038858,172.31.40.0-255,66,226900,73,250116
30708,0.041173,172.217.194.0-255,5738,232638,73,250116
30709,0.041179,172.31.40.0-255,66,232704,73,250116
30710,0.043434,172.217.194.0-255,5738,238442,73,250116
30711,0.043444,172.31.40.0-255,66,238508,73,250116
30712,0.045712,172.217.194.0-255,5738,244246,73,250116
30713,0.045719,172.31.40.0-255,66,244312,73,250116
30714,0.047996,172.217.194.0-255,5738,250050,73,250116
30715,0.048002,172.31.40.0-255,66,250116,73,250116
30716,0.0,74.125.24.0-255,296,296,73,184377
30717,2.3e-05,172.31.40.0-255,66,362,73,184377
30718,3e-05,74.125.24.0-255,1484,1846,73,184377
30719,3.4e-05,172.31.40.0-255,66,1912,73,184377
30720,4.9e-05,74.125.24.0-255,4320,6232,73,184377
30721,5.3e-05,172.31.40.0-255,66,6298,73,184377
30722,6.5e-05,172.31.40.0-255,66,6364,73,184377
30723,7.6e-05,172.31.40.0-255,66,6430,73,184377
30724,8.3e-05,74.125.24.0-255,5738,12168,73,184377
30725,8.5e-05,172.31.40.0-255,66,12234,73,184377
30726,8.9e-05,74.125.24.0-255,2543,14777,73,184377
30727,9.2e-05,172.31.40.0-255,66,14843,73,184377
30728,0.000231,74.125.24.0-255,1484,16327,73,184377
30729,0.000236,172.31.40.0-255,66,16393,73,184377
30730,0.000241,74.125.24.0-255,2902,19295,73,184377
30731,0.000244,172.31.40.0-255,66,19361,73,184377
30732,0.00025,74.125.24.0-255,5738,25099,73,184377
30733,0.000258,172.31.40.0-255,66,25165,73,184377
30734,0.000264,74.125.24.0-255,4320,29485,73,184377
30735,0.000266,172.31.40.0-255,66,29551,73,184377
30736,0.000306,74.125.24.0-255,2543,32094,73,184377
30737,0.000313,172.31.40.0-255,66,32160,73,184377
30738,0.000317,74.125.24.0-255,1484,33644,73,184377
30739,0.000319,172.31.40.0-255,66,33710,73,184377
30740,0.000355,74.125.24.0-255,1484,35194,73,184377
30741,0.000358,172.31.40.0-255,66,35260,73,184377
30742,0.000367,74.125.24.0-255,7156,42416,73,184377
30743,0.00037,172.31.40.0-255,66,42482,73,184377
30744,0.000377,74.125.24.0-255,6797,49279,73,184377
30745,0.00038,172.31.40.0-255,66,49345,73,184377
30746,0.000512,74.125.24.0-255,409,49754,73,184377
30747,0.000546,74.125.24.0-255,334,50088,73,184377
30748,0.001039,172.31.40.0-255,66,50154,73,184377
30749,0.00171,74.125.24.0-255,1484,51638,73,184377
30750,0.001719,74.125.24.0-255,2902,54540,73,184377
30751,0.001723,172.31.40.0-255,66,54606,73,184377
30752,0.001733,74.125.24.0-255,5738,60344,73,184377
30753,0.001735,172.31.40.0-255,66,60410,73,184377
30754,0.001772,172.31.40.0-255,66,60476,73,184377
30755,0.001831,172.31.40.0-255,66,60542,73,184377
30756,0.00417,74.125.24.0-255,5738,66280,73,184377
30757,0.004177,172.31.40.0-255,66,66346,73,184377
30758,0.006465,74.125.24.0-255,4320,70666,73,184377
30759,0.006469,172.31.40.0-255,66,70732,73,184377
30760,0.006491,74.125.24.0-255,1484,72216,73,184377
30761,0.008771,74.125.24.0-255,4320,76536,73,184377
30762,0.008779,172.31.40.0-255,66,76602,73,184377
30763,0.011097,74.125.24.0-255,5738,82340,73,184377
30764,0.011105,172.31.40.0-255,66,82406,73,184377
30765,0.013394,74.125.24.0-255,5738,88144,73,184377
30766,0.013403,172.31.40.0-255,66,88210,73,184377
30767,0.015693,74.125.24.0-255,5738,93948,73,184377
30768,0.015702,172.31.40.0-255,66,94014,73,184377
30769,0.01799,74.125.24.0-255,5738,99752,73,184377
30770,0.017998,172.31.40.0-255,66,99818,73,184377
30771,0.020314,74.125.24.0-255,5738,105556,73,184377
30772,0.020324,172.31.40.0-255,66,105622,73,184377
30773,0.022667,74.125.24.0-255,5738,111360,73,184377
30774,0.022676,172.31.40.0-255,66,111426,73,184377
30775,0.025008,74.125.24.0-255,5738,117164,73,184377
30776,0.025016,172.31.40.0-255,66,117230,73,184377
30777,0.026906,172.31.40.0-255,172,117402,73,184377
30778,0.026934,172.31.40.0-255,1111,118513,73,184377
30779,0.026994,172.31.40.0-255,1514,120027,73,184377
30780,0.026995,172.31.40.0-255,1514,121541,73,184377
30781,0.026997,172.31.40.0-255,1514,123055,73,184377
30782,0.026998,172.31.40.0-255,1514,124569,73,184377
30783,0.026998,172.31.40.0-255,1514,126083,73,184377
30784,0.027027,172.31.40.0-255,188,126271,73,184377
30785,0.027328,74.125.24.0-255,5738,132009,73,184377
30786,0.027334,172.31.40.0-255,66,132075,73,184377
30787,0.029086,104.244.42.0-255,66,132141,73,184377
30788,0.029644,74.125.24.0-255,5738,137879,73,184377
30789,0.02965,172.31.40.0-255,66,137945,73,184377
30790,0.031997,74.125.24.0-255,5738,143683,73,184377
30791,0.032004,172.31.40.0-255,66,143749,73,184377
30792,0.034336,74.125.24.0-255,5738,149487,73,184377
30793,0.034344,172.31.40.0-255,66,149553,73,184377
30794,0.036684,74.125.24.0-255,5738,155291,73,184377
30795,0.036691,172.31.40.0-255,66,155357,73,184377
30796,0.039007,74.125.24.0-255,5738,161095,73,184377
30797,0.039013,172.31.40.0-255,66,161161,73,184377
30798,0.041304,74.125.24.0-255,5738,166899,73,184377
30799,0.041311,172.31.40.0-255,66,166965,73,184377
30800,0.04367,74.125.24.0-255,5738,172703,73,184377
30801,0.04368,172.31.40.0-255,66,172769,73,184377
30802,0.045975,74.125.24.0-255,5738,178507,73,184377
30803,0.045982,172.31.40.0-255,66,178573,73,184377
30804,0.048302,74.125.24.0-255,5738,184311,73,184377
30805,0.048309,172.31.40.0-255,66,184377,73,184377
30806,0.0,172.31.40.0-255,105,105,73,525
30807,0.000203,172.31.40.0-255,90,195,73,525
30808,0.000214,172.31.40.0-255,66,261,73,525
30809,0.002213,74.125.24.0-255,66,327,73,525
30810,0.002244,74.125.24.0-255,66,393,73,525
30811,0.002259,172.31.40.0-255,66,459,73,525
30812,0.002263,74.125.24.0-255,66,525,73,525
30813,0.0,74.125.24.0-255,150,150,73,247388
30814,2.3e-05,172.31.40.0-255,66,216,73,247388
30815,3.4e-05,74.125.24.0-255,1484,1700,73,247388
30816,3.9e-05,172.31.40.0-255,66,1766,73,247388
30817,4.4e-05,74.125.24.0-255,2902,4668,73,247388
30818,4.8e-05,172.31.40.0-255,66,4734,73,247388
30819,5.4e-05,74.125.24.0-255,4320,9054,73,247388
30820,5.7e-05,172.31.40.0-255,66,9120,73,247388
30821,6.4e-05,74.125.24.0-255,4990,14110,73,247388
30822,6.6e-05,172.31.40.0-255,66,14176,73,247388
30823,0.000256,74.125.24.0-255,1484,15660,73,247388
30824,0.000262,172.31.40.0-255,66,15726,73,247388
30825,0.000267,74.125.24.0-255,2902,18628,73,247388
30826,0.00027,172.31.40.0-255,66,18694,73,247388
30827,0.000275,74.125.24.0-255,4320,23014,73,247388
30828,0.000278,172.31.40.0-255,66,23080,73,247388
30829,0.000312,172.31.40.0-255,66,23146,73,247388
30830,0.000316,74.125.24.0-255,1484,24630,73,247388
30831,0.000318,172.31.40.0-255,66,24696,73,247388
30832,0.000346,172.31.40.0-255,66,24762,73,247388
30833,0.000381,74.125.24.0-255,5738,30500,73,247388
30834,0.000383,172.31.40.0-255,66,30566,73,247388
30835,0.000424,172.31.40.0-255,66,30632,73,247388
30836,0.000426,74.125.24.0-255,362,30994,73,247388
30837,0.000429,172.31.40.0-255,66,31060,73,247388
30838,0.000475,74.125.24.0-255,381,31441,73,247388
30839,0.000478,172.31.40.0-255,66,31507,73,247388
30840,0.000566,74.125.24.0-255,1484,32991,73,247388
30841,0.00057,172.31.40.0-255,66,33057,73,247388
30842,0.000575,74.125.24.0-255,2902,35959,73,247388
30843,0.000578,172.31.40.0-255,66,36025,73,247388
30844,0.000584,74.125.24.0-255,4320,40345,73,247388
30845,0.000587,172.31.40.0-255,66,40411,73,247388
30846,0.000605,74.125.24.0-255,1484,41895,73,247388
30847,0.000613,74.125.24.0-255,5738,47633,73,247388
30848,0.000616,172.31.40.0-255,66,47699,73,247388
30849,0.000645,74.125.24.0-255,7156,54855,73,247388
30850,0.000648,172.31.40.0-255,66,54921,73,247388
30851,0.000653,74.125.24.0-255,4320,59241,73,247388
30852,0.000655,172.31.40.0-255,66,59307,73,247388
30853,0.00068,74.125.24.0-255,1484,60791,73,247388
30854,0.000698,74.125.24.0-255,5020,65811,73,247388
30855,0.000702,172.31.40.0-255,66,65877,73,247388
30856,0.00077,74.125.24.0-255,1484,67361,73,247388
30857,0.000786,74.125.24.0-255,2902,70263,73,247388
30858,0.00079,172.31.40.0-255,66,70329,73,247388
30859,0.000814,74.125.24.0-255,5738,76067,73,247388
30860,0.000817,172.31.40.0-255,66,76133,73,247388
30861,0.000835,74.125.24.0-255,1484,77617,73,247388
30862,0.00086,74.125.24.0-255,4320,81937,73,247388
30863,0.000863,172.31.40.0-255,66,82003,73,247388
30864,0.000871,74.125.24.0-255,7156,89159,73,247388
30865,0.000873,172.31.40.0-255,66,89225,73,247388
30866,0.000877,74.125.24.0-255,2902,92127,73,247388
30867,0.000881,172.31.40.0-255,66,92193,73,247388
30868,0.000908,172.31.40.0-255,66,92259,73,247388
30869,0.001064,74.125.24.0-255,1484,93743,73,247388
30870,0.00107,74.125.24.0-255,2902,96645,73,247388
30871,0.001074,172.31.40.0-255,66,96711,73,247388
30872,0.00108,74.125.24.0-255,4320,101031,73,247388
30873,0.001082,172.31.40.0-255,66,101097,73,247388
30874,0.001093,74.125.24.0-255,1484,102581,73,247388
30875,0.001127,172.31.40.0-255,66,102647,73,247388
30876,0.001134,74.125.24.0-255,5738,108385,73,247388
30877,0.001136,172.31.40.0-255,66,108451,73,247388
30878,0.001152,74.125.24.0-255,5020,113471,73,247388
30879,0.001155,172.31.40.0-255,66,113537,73,247388
30880,0.001728,74.125.24.0-255,1484,115021,73,247388
30881,0.001752,74.125.24.0-255,2902,117923,73,247388
30882,0.001756,172.31.40.0-255,66,117989,73,247388
30883,0.001763,74.125.24.0-255,5738,123727,73,247388
30884,0.001766,172.31.40.0-255,66,123793,73,247388
30885,0.001815,172.31.40.0-255,66,123859,73,247388
30886,0.001844,74.125.24.0-255,4320,128179,73,247388
30887,0.001847,172.31.40.0-255,66,128245,73,247388
30888,0.001876,74.125.24.0-255,6438,134683,73,247388
30889,0.001878,172.31.40.0-255,66,134749,73,247388
30890,0.001974,74.125.24.0-255,1484,136233,73,247388
30891,0.001978,74.125.24.0-255,1484,137717,73,247388
30892,0.00198,172.31.40.0-255,66,137783,73,247388
30893,0.002016,74.125.24.0-255,1484,139267,73,247388
30894,0.002024,74.125.24.0-255,5738,145005,73,247388
30895,0.002026,172.31.40.0-255,66,145071,73,247388
30896,0.00204,172.31.40.0-255,66,145137,73,247388
30897,0.002046,74.125.24.0-255,5738,150875,73,247388
30898,0.002048,172.31.40.0-255,66,150941,73,247388
30899,0.002129,74.125.24.0-255,5738,156679,73,247388
30900,0.002132,172.31.40.0-255,66,156745,73,247388
30901,0.002152,74.125.24.0-255,2184,158929,73,247388
30902,0.002155,172.31.40.0-255,66,158995,73,247388
30903,0.002169,74.125.24.0-255,2902,161897,73,247388
30904,0.002172,172.31.40.0-255,66,161963,73,247388
30905,0.002193,74.125.24.0-255,5738,167701,73,247388
30906,0.002195,172.31.40.0-255,66,167767,73,247388
30907,0.002212,172.31.40.0-255,66,167833,73,247388
30908,0.002277,172.31.40.0-255,66,167899,73,247388
30909,0.002301,74.125.24.0-255,1484,169383,73,247388
30910,0.002305,74.125.24.0-255,2902,172285,73,247388
30911,0.002308,172.31.40.0-255,66,172351,73,247388
30912,0.002327,74.125.24.0-255,5738,178089,73,247388
30913,0.00233,172.31.40.0-255,66,178155,73,247388
30914,0.002346,74.125.24.0-255,1484,179639,73,247388
30915,0.002359,74.125.24.0-255,2902,182541,73,247388
30916,0.002361,172.31.40.0-255,66,182607,73,247388
30917,0.002409,172.31.40.0-255,66,182673,73,247388
30918,0.002413,74.125.24.0-255,2902,185575,73,247388
30919,0.002415,172.31.40.0-255,66,185641,73,247388
30920,0.002453,74.125.24.0-255,5020,190661,73,247388
30921,0.002456,172.31.40.0-255,66,190727,73,247388
30922,0.002545,74.125.24.0-255,1484,192211,73,247388
30923,0.002561,74.125.24.0-255,2902,195113,73,247388
30924,0.002565,172.31.40.0-255,66,195179,73,247388
30925,0.002589,74.125.24.0-255,5738,200917,73,247388
30926,0.002592,172.31.40.0-255,66,200983,73,247388
30927,0.002599,74.125.24.0-255,7156,208139,73,247388
30928,0.002602,172.31.40.0-255,66,208205,73,247388
30929,0.002615,74.125.24.0-255,1484,209689,73,247388
30930,0.002628,172.31.40.0-255,66,209755,73,247388
30931,0.002653,74.125.24.0-255,4320,214075,73,247388
30932,0.002656,172.31.40.0-255,66,214141,73,247388
30933,0.002679,172.31.40.0-255,66,214207,73,247388
30934,0.002694,172.31.40.0-255,66,214273,73,247388
30935,0.002708,74.125.24.0-255,2902,217175,73,247388
30936,0.00271,172.31.40.0-255,66,217241,73,247388
30937,0.00274,172.31.40.0-255,66,217307,73,247388
30938,0.002862,74.125.24.0-255,1484,218791,73,247388
30939,0.002888,74.125.24.0-255,2902,221693,73,247388
30940,0.002892,172.31.40.0-255,66,221759,73,247388
30941,0.002898,74.125.24.0-255,5738,227497,73,247388
30942,0.0029,172.31.40.0-255,66,227563,73,247388
30943,0.002905,74.125.24.0-255,4320,231883,73,247388
30944,0.002907,172.31.40.0-255,66,231949,73,247388
30945,0.00291,74.125.24.0-255,1484,233433,73,247388
30946,0.002941,172.31.40.0-255,66,233499,73,247388
30947,0.002944,74.125.24.0-255,1484,234983,73,247388
30948,0.002947,74.125.24.0-255,1484,236467,73,247388
30949,0.002949,172.31.40.0-255,66,236533,73,247388
30950,0.002955,74.125.24.0-255,5020,241553,73,247388
30951,0.002957,172.31.40.0-255,66,241619,73,247388
30952,0.002985,172.31.40.0-255,66,241685,73,247388
30953,0.003002,74.125.24.0-255,5198,246883,73,247388
30954,0.003004,172.31.40.0-255,66,246949,73,247388
30955,0.003024,74.125.24.0-255,97,247046,73,247388
30956,0.003059,74.125.24.0-255,105,247151,73,247388
30957,0.008504,172.31.40.0-255,66,247217,73,247388
30958,0.008558,172.31.40.0-255,105,247322,73,247388
30959,0.011065,74.125.24.0-255,66,247388,73,247388
30960,0.0,216.58.203.0-255,213,213,73,232559
30961,2.3e-05,172.31.40.0-255,66,279,73,232559
30962,3e-05,216.58.203.0-255,1484,1763,73,232559
30963,3.4e-05,172.31.40.0-255,66,1829,73,232559
30964,4.2e-05,216.58.203.0-255,4320,6149,73,232559
30965,4.4e-05,172.31.40.0-255,66,6215,73,232559
30966,5e-05,216.58.203.0-255,4320,10535,73,232559
30967,5.3e-05,172.31.40.0-255,66,10601,73,232559
30968,5.9e-05,216.58.203.0-255,4320,14921,73,232559
30969,6.2e-05,172.31.40.0-255,66,14987,73,232559
30970,9.2e-05,216.58.203.0-255,422,15409,73,232559
30971,9.5e-05,172.31.40.0-255,66,15475,73,232559
30972,0.000109,172.31.40.0-255,66,15541,73,232559
30973,0.000114,216.58.203.0-255,3961,19502,73,232559
30974,0.000117,172.31.40.0-255,66,19568,73,232559
30975,0.000184,216.58.203.0-255,1484,21052,73,232559
30976,0.000187,172.31.40.0-255,66,21118,73,232559
30977,0.000206,216.58.203.0-255,2902,24020,73,232559
30978,0.000208,172.31.40.0-255,66,24086,73,232559
30979,0.000214,216.58.203.0-255,5738,29824,73,232559
30980,0.000216,172.31.40.0-255,66,29890,73,232559
30981,0.000251,216.58.203.0-255,6797,36687,73,232559
30982,0.000254,172.31.40.0-255,66,36753,73,232559
30983,0.000262,216.58.203.0-255,7156,43909,73,232559
30984,0.000264,172.31.40.0-255,66,43975,73,232559
30985,0.000287,172.31.40.0-255,66,44041,73,232559
30986,0.000322,216.58.203.0-255,1451,45492,73,232559
30987,0.000325,172.31.40.0-255,66,45558,73,232559
30988,0.000894,216.58.203.0-255,350,45908,73,232559
30989,0.000901,172.31.40.0-255,66,45974,73,232559
30990,0.001032,216.58.203.0-255,1484,47458,73,232559
30991,0.001037,216.58.203.0-255,2902,50360,73,232559
30992,0.001044,172.31.40.0-255,66,50426,73,232559
30993,0.001064,216.58.203.0-255,5738,56164,73,232559
30994,0.001067,172.31.40.0-255,66,56230,73,232559
30995,0.001081,216.58.203.0-255,2902,59132,73,232559
30996,0.001083,172.31.40.0-255,66,59198,73,232559
30997,0.001115,172.31.40.0-255,66,59264,73,232559
30998,0.001127,172.31.40.0-255,66,59330,73,232559
30999,0.001152,216.58.203.0-255,1125,60455,73,232559
31000,0.001425,172.31.40.0-255,66,60521,73,232559
31001,0.00276,216.58.203.0-255,4320,64841,73,232559
31002,0.002768,172.31.40.0-255,66,64907,73,232559
31003,0.003053,216.58.203.0-255,1484,66391,73,232559
31004,0.004412,216.58.203.0-255,4320,70711,73,232559
31005,0.004416,172.31.40.0-255,66,70777,73,232559
31006,0.006052,216.58.203.0-255,5738,76515,73,232559
31007,0.006059,172.31.40.0-255,66,76581,73,232559
31008,0.007705,216.58.203.0-255,5738,82319,73,232559
31009,0.007712,172.31.40.0-255,66,82385,73,232559
31010,0.009351,216.58.203.0-255,5738,88123,73,232559
31011,0.009357,172.31.40.0-255,66,88189,73,232559
31012,0.010996,216.58.203.0-255,5738,93927,73,232559
31013,0.011004,172.31.40.0-255,66,93993,73,232559
31014,0.01264,216.58.203.0-255,5738,99731,73,232559
31015,0.012648,172.31.40.0-255,66,99797,73,232559
31016,0.01431,216.58.203.0-255,5738,105535,73,232559
31017,0.014317,172.31.40.0-255,66,105601,73,232559
31018,0.015964,216.58.203.0-255,5738,111339,73,232559
31019,0.015971,172.31.40.0-255,66,111405,73,232559
31020,0.017612,216.58.203.0-255,5738,117143,73,232559
31021,0.01762,172.31.40.0-255,66,117209,73,232559
31022,0.019261,216.58.203.0-255,5738,122947,73,232559
31023,0.019268,172.31.40.0-255,66,123013,73,232559
31024,0.020902,216.58.203.0-255,5738,128751,73,232559
31025,0.020909,172.31.40.0-255,66,128817,73,232559
31026,0.022544,216.58.203.0-255,5738,134555,73,232559
31027,0.022551,172.31.40.0-255,66,134621,73,232559
31028,0.02419,216.58.203.0-255,5738,140359,73,232559
31029,0.024197,172.31.40.0-255,66,140425,73,232559
31030,0.025831,216.58.203.0-255,5738,146163,73,232559
31031,0.025838,172.31.40.0-255,66,146229,73,232559
31032,0.027496,216.58.203.0-255,5738,151967,73,232559
31033,0.027504,172.31.40.0-255,66,152033,73,232559
31034,0.029203,216.58.203.0-255,5738,157771,73,232559
31035,0.02921,172.31.40.0-255,66,157837,73,232559
31036,0.02969,172.31.40.0-255,172,158009,73,232559
31037,0.029725,172.31.40.0-255,1115,159124,73,232559
31038,0.029789,172.31.40.0-255,1514,160638,73,232559
31039,0.029791,172.31.40.0-255,1514,162152,73,232559
31040,0.029794,172.31.40.0-255,1514,163666,73,232559
31041,0.029796,172.31.40.0-255,159,163825,73,232559
31042,0.03086,216.58.203.0-255,5738,169563,73,232559
31043,0.030867,172.31.40.0-255,66,169629,73,232559
31044,0.03122,104.244.42.0-255,66,169695,73,232559
31045,0.031393,104.244.42.0-255,66,169761,73,232559
31046,0.031418,104.244.42.0-255,66,169827,73,232559
31047,0.03143,104.244.42.0-255,66,169893,73,232559
31048,0.032394,104.244.42.0-255,108,170001,73,232559
31049,0.032402,172.31.40.0-255,66,170067,73,232559
31050,0.032543,216.58.203.0-255,5738,175805,73,232559
31051,0.032548,172.31.40.0-255,66,175871,73,232559
31052,0.034191,216.58.203.0-255,5738,181609,73,232559
31053,0.034198,172.31.40.0-255,66,181675,73,232559
31054,0.035829,216.58.203.0-255,5738,187413,73,232559
31055,0.035836,172.31.40.0-255,66,187479,73,232559
31056,0.037487,216.58.203.0-255,5738,193217,73,232559
31057,0.037494,172.31.40.0-255,66,193283,73,232559
31058,0.039124,216.58.203.0-255,4320,197603,73,232559
31059,0.03913,172.31.40.0-255,66,197669,73,232559
31060,0.039152,216.58.203.0-255,1484,199153,73,232559
31061,0.04078,216.58.203.0-255,4320,203473,73,232559
31062,0.040787,172.31.40.0-255,66,203539,73,232559
31063,0.042434,216.58.203.0-255,5738,209277,73,232559
31064,0.042441,172.31.40.0-255,66,209343,73,232559
31065,0.044085,216.58.203.0-255,5738,215081,73,232559
31066,0.044091,172.31.40.0-255,66,215147,73,232559
31067,0.045737,216.58.203.0-255,5738,220885,73,232559
31068,0.045744,172.31.40.0-255,66,220951,73,232559
31069,0.047385,216.58.203.0-255,5738,226689,73,232559
31070,0.047391,172.31.40.0-255,66,226755,73,232559
31071,0.049032,216.58.203.0-255,5738,232493,73,232559
31072,0.049038,172.31.40.0-255,66,232559,73,232559
31073,0.0,172.253.118.0-255,152,152,73,273389
31074,1.6e-05,172.31.40.0-255,66,218,73,273389
31075,2.3e-05,172.253.118.0-255,1484,1702,73,273389
31076,2.7e-05,172.31.40.0-255,66,1768,73,273389
31077,3.3e-05,172.253.118.0-255,2902,4670,73,273389
31078,4.5e-05,172.31.40.0-255,66,4736,73,273389
31079,5.3e-05,172.253.118.0-255,5738,10474,73,273389
31080,5.6e-05,172.31.40.0-255,66,10540,73,273389
31081,8.9e-05,172.253.118.0-255,3458,13998,73,273389
31082,9.2e-05,172.31.40.0-255,66,14064,73,273389
31083,0.000303,172.253.118.0-255,1484,15548,73,273389
31084,0.00031,172.31.40.0-255,66,15614,73,273389
31085,0.000314,172.253.118.0-255,1484,17098,73,273389
31086,0.000316,172.31.40.0-255,66,17164,73,273389
31087,0.00034,172.253.118.0-255,1484,18648,73,273389
31088,0.000343,172.31.40.0-255,66,18714,73,273389
31089,0.000355,172.253.118.0-255,4320,23034,73,273389
31090,0.000357,172.31.40.0-255,66,23100,73,273389
31091,0.000387,172.253.118.0-255,4320,27420,73,273389
31092,0.000389,172.31.40.0-255,66,27486,73,273389
31093,0.000407,172.253.118.0-255,3961,31447,73,273389
31094,0.000409,172.31.40.0-255,66,31513,73,273389
31095,0.000435,172.253.118.0-255,2902,34415,73,273389
31096,0.000438,172.31.40.0-255,66,34481,73,273389
31097,0.000468,172.253.118.0-255,5738,40219,73,273389
31098,0.00047,172.31.40.0-255,66,40285,73,273389
31099,0.000476,172.253.118.0-255,4320,44605,73,273389
31100,0.000478,172.31.40.0-255,66,44671,73,273389
31101,0.000534,172.253.118.0-255,3961,48632,73,273389
31102,0.000537,172.31.40.0-255,66,48698,73,273389
31103,0.003077,172.253.118.0-255,1484,50182,73,273389
31104,0.003084,172.31.40.0-255,66,50248,73,273389
31105,0.003119,172.253.118.0-255,2902,53150,73,273389
31106,0.003122,172.31.40.0-255,66,53216,73,273389
31107,0.003128,172.253.118.0-255,4320,57536,73,273389
31108,0.003129,172.31.40.0-255,66,57602,73,273389
31109,0.003134,172.253.118.0-255,2902,60504,73,273389
31110,0.003136,172.31.40.0-255,66,60570,73,273389
31111,0.003172,172.253.118.0-255,6797,67367,73,273389
31112,0.003175,172.31.40.0-255,66,67433,73,273389
31113,0.003181,172.253.118.0-255,5738,73171,73,273389
31114,0.003183,172.31.40.0-255,66,73237,73,273389
31115,0.003225,172.31.40.0-255,66,73303,73,273389
31116,0.003237,172.253.118.0-255,1484,74787,73,273389
31117,0.003247,172.253.118.0-255,4320,79107,73,273389
31118,0.003249,172.31.40.0-255,66,79173,73,273389
31119,0.003282,172.253.118.0-255,7156,86329,73,273389
31120,0.003284,172.31.40.0-255,66,86395,73,273389
31121,0.00329,172.253.118.0-255,5020,91415,73,273389
31122,0.003293,172.31.40.0-255,66,91481,73,273389
31123,0.003844,172.253.118.0-255,1484,92965,73,273389
31124,0.003849,172.253.118.0-255,2902,95867,73,273389
31125,0.003852,172.31.40.0-255,66,95933,73,273389
31126,0.003857,172.253.118.0-255,2902,98835,73,273389
31127,0.003859,172.31.40.0-255,66,98901,73,273389
31128,0.003896,172.253.118.0-255,7156,106057,73,273389
31129,0.003899,172.31.40.0-255,66,106123,73,273389
31130,0.003903,172.253.118.0-255,2902,109025,73,273389
31131,0.003906,172.31.40.0-255,66,109091,73,273389
31132,0.00394,172.31.40.0-255,66,109157,73,273389
31133,0.003945,172.253.118.0-255,3602,112759,73,273389
31134,0.003948,172.31.40.0-255,66,112825,73,273389
31135,0.003971,172.253.118.0-255,5738,118563,73,273389
31136,0.003974,172.31.40.0-255,66,118629,73,273389
31137,0.004013,172.31.40.0-255,66,118695,73,273389
31138,0.004025,172.31.40.0-255,66,118761,73,273389
31139,0.004028,172.253.118.0-255,2184,120945,73,273389
31140,0.004031,172.31.40.0-255,66,121011,73,273389
31141,0.004035,172.253.118.0-255,2902,123913,73,273389
31142,0.004037,172.31.40.0-255,66,123979,73,273389
31143,0.004063,172.253.118.0-255,7156,131135,73,273389
31144,0.004066,172.31.40.0-255,66,131201,73,273389
31145,0.004073,172.253.118.0-255,5738,136939,73,273389
31146,0.004075,172.31.40.0-255,66,137005,73,273389
31147,0.004106,172.253.118.0-255,4320,141325,73,273389
31148,0.004109,172.31.40.0-255,66,141391,73,273389
31149,0.004144,172.31.40.0-255,66,141457,73,273389
31150,0.00417,172.253.118.0-255,3602,145059,73,273389
31151,0.004172,172.31.40.0-255,66,145125,73,273389
31152,0.004175,172.253.118.0-255,1484,146609,73,273389
31153,0.004192,172.253.118.0-255,2902,149511,73,273389
31154,0.004195,172.31.40.0-255,66,149577,73,273389
31155,0.00422,172.253.118.0-255,5738,155315,73,273389
31156,0.004223,172.31.40.0-255,66,155381,73,273389
31157,0.004225,172.253.118.0-255,1484,156865,73,273389
31158,0.00426,172.31.40.0-255,66,156931,73,273389
31159,0.00432,172.253.118.0-255,5738,162669,73,273389
31160,0.004323,172.31.40.0-255,66,162735,73,273389
31161,0.004352,172.253.118.0-255,7156,169891,73,273389
31162,0.004355,172.31.40.0-255,66,169957,73,273389
31163,0.004369,172.31.40.0-255,66,170023,73,273389
31164,0.004378,172.253.118.0-255,4320,174343,73,273389
31165,0.004381,172.31.40.0-255,66,174409,73,273389
31166,0.004423,172.31.40.0-255,66,174475,73,273389
31167,0.004439,172.253.118.0-255,2902,177377,73,273389
31168,0.004445,172.31.40.0-255,66,177443,73,273389
31169,0.004486,172.31.40.0-255,66,177509,73,273389
31170,0.004497,172.31.40.0-255,66,177575,73,273389
31171,0.004533,172.253.118.0-255,5738,183313,73,273389
31172,0.004536,172.31.40.0-255,66,183379,73,273389
31173,0.004566,172.253.118.0-255,5738,189117,73,273389
31174,0.004569,172.31.40.0-255,66,189183,73,273389
31175,0.004591,172.253.118.0-255,6438,195621,73,273389
31176,0.004594,172.31.40.0-255,66,195687,73,273389
31177,0.004599,172.253.118.0-255,4320,200007,73,273389
31178,0.004602,172.31.40.0-255,66,200073,73,273389
31179,0.004608,172.253.118.0-255,4320,204393,73,273389
31180,0.00461,172.31.40.0-255,66,204459,73,273389
31181,0.004637,172.253.118.0-255,1484,205943,73,273389
31182,0.004642,172.253.118.0-255,2902,208845,73,273389
31183,0.004645,172.31.40.0-255,66,208911,73,273389
31184,0.004692,172.253.118.0-255,5738,214649,73,273389
31185,0.00471,172.253.118.0-255,6438,221087,73,273389
31186,0.004716,172.253.118.0-255,4320,225407,73,273389
31187,0.004731,172.253.118.0-255,4320,229727,73,273389
31188,0.004747,172.253.118.0-255,1484,231211,73,273389
31189,0.004781,172.253.118.0-255,2902,234113,73,273389
31190,0.004806,172.253.118.0-255,7156,241269,73,273389
31191,0.004834,172.253.118.0-255,2184,243453,73,273389
31192,0.004847,172.253.118.0-255,1484,244937,73,273389
31193,0.004865,172.253.118.0-255,7156,252093,73,273389
31194,0.004901,172.253.118.0-255,4320,256413,73,273389
31195,0.004985,172.253.118.0-255,7156,263569,73,273389
31196,0.004987,172.253.118.0-255,444,264013,73,273389
31197,0.005012,172.253.118.0-255,105,264118,73,273389
31198,0.009124,172.31.40.0-255,66,264184,73,273389
31199,0.012462,172.31.40.0-255,105,264289,73,273389
31200,0.014574,172.253.118.0-255,66,264355,73,273389
31201,0.043954,172.31.40.0-255,172,264527,73,273389
31202,0.043991,172.31.40.0-255,1111,265638,73,273389
31203,0.044061,172.31.40.0-255,1514,267152,73,273389
31204,0.044063,172.31.40.0-255,1514,268666,73,273389
31205,0.044068,172.31.40.0-255,1514,270180,73,273389
31206,0.044069,172.31.40.0-255,1514,271694,73,273389
31207,0.044088,172.31.40.0-255,1497,273191,73,273389
31208,0.045536,104.244.42.0-255,66,273257,73,273389
31209,0.045549,104.244.42.0-255,66,273323,73,273389
31210,0.045666,104.244.42.0-255,66,273389,73,273389
31211,0.0,172.217.194.0-255,149,149,73,184644
31212,2.1e-05,172.31.40.0-255,66,215,73,184644
31213,2.8e-05,172.217.194.0-255,1484,1699,73,184644
31214,3.2e-05,172.31.40.0-255,66,1765,73,184644
31215,3.8e-05,172.217.194.0-255,2902,4667,73,184644
31216,4.8e-05,172.31.40.0-255,66,4733,73,184644
31217,5.6e-05,172.217.194.0-255,7156,11889,73,184644
31218,6e-05,172.31.40.0-255,66,11955,73,184644
31219,6.4e-05,172.217.194.0-255,2118,14073,73,184644
31220,6.7e-05,172.31.40.0-255,66,14139,73,184644
31221,0.000116,172.31.40.0-255,66,14205,73,184644
31222,0.000122,172.217.194.0-255,5379,19584,73,184644
31223,0.000124,172.31.40.0-255,66,19650,73,184644
31224,0.000176,172.217.194.0-255,1484,21134,73,184644
31225,0.000179,172.31.40.0-255,66,21200,73,184644
31226,0.000182,172.217.194.0-255,1484,22684,73,184644
31227,0.000184,172.31.40.0-255,66,22750,73,184644
31228,0.000204,172.217.194.0-255,1484,24234,73,184644
31229,0.000206,172.31.40.0-255,66,24300,73,184644
31230,0.000212,172.217.194.0-255,5738,30038,73,184644
31231,0.000215,172.31.40.0-255,66,30104,73,184644
31232,0.000222,172.217.194.0-255,6797,36901,73,184644
31233,0.000224,172.31.40.0-255,66,36967,73,184644
31234,0.000272,172.217.194.0-255,4320,41287,73,184644
31235,0.000275,172.31.40.0-255,66,41353,73,184644
31236,0.000304,172.31.40.0-255,66,41419,73,184644
31237,0.000307,172.217.194.0-255,677,42096,73,184644
31238,0.000309,172.31.40.0-255,66,42162,73,184644
31239,0.000462,172.217.194.0-255,1484,43646,73,184644
31240,0.000467,172.31.40.0-255,66,43712,73,184644
31241,0.000472,172.217.194.0-255,2902,46614,73,184644
31242,0.000475,172.31.40.0-255,66,46680,73,184644
31243,0.000478,172.217.194.0-255,1484,48164,73,184644
31244,0.000505,172.217.194.0-255,4320,52484,73,184644
31245,0.000507,172.31.40.0-255,66,52550,73,184644
31246,0.000515,172.217.194.0-255,7156,59706,73,184644
31247,0.000517,172.31.40.0-255,66,59772,73,184644
31248,0.000545,172.217.194.0-255,5738,65510,73,184644
31249,0.000548,172.31.40.0-255,66,65576,73,184644
31250,0.000561,172.31.40.0-255,66,65642,73,184644
31251,0.000876,172.217.194.0-255,1484,67126,73,184644
31252,0.00089,172.217.194.0-255,2902,70028,73,184644
31253,0.000894,172.31.40.0-255,66,70094,73,184644
31254,0.0009,172.217.194.0-255,4320,74414,73,184644
31255,0.000902,172.31.40.0-255,66,74480,73,184644
31256,0.000918,172.217.194.0-255,1484,75964,73,184644
31257,0.000936,172.31.40.0-255,66,76030,73,184644
31258,0.000944,172.217.194.0-255,7156,83186,73,184644
31259,0.000946,172.31.40.0-255,66,83252,73,184644
31260,0.000978,172.217.194.0-255,3602,86854,73,184644
31261,0.000985,172.31.40.0-255,66,86920,73,184644
31262,0.001061,172.217.194.0-255,1484,88404,73,184644
31263,0.001067,172.217.194.0-255,2902,91306,73,184644
31264,0.00107,172.31.40.0-255,66,91372,73,184644
31265,0.001075,172.217.194.0-255,2902,94274,73,184644
31266,0.001077,172.31.40.0-255,66,94340,73,184644
31267,0.001098,172.217.194.0-255,2902,97242,73,184644
31268,0.001105,172.31.40.0-255,66,97308,73,184644
31269,0.001119,172.31.40.0-255,66,97374,73,184644
31270,0.001156,172.31.40.0-255,66,97440,73,184644
31271,0.001311,172.217.194.0-255,1484,98924,73,184644
31272,0.001315,172.217.194.0-255,1484,100408,73,184644
31273,0.001318,172.31.40.0-255,66,100474,73,184644
31274,0.001343,172.217.194.0-255,1484,101958,73,184644
31275,0.001349,172.217.194.0-255,4320,106278,73,184644
31276,0.001351,172.31.40.0-255,66,106344,73,184644
31277,0.001377,172.217.194.0-255,5738,112082,73,184644
31278,0.00138,172.31.40.0-255,66,112148,73,184644
31279,0.001412,172.217.194.0-255,7156,119304,73,184644
31280,0.001416,172.31.40.0-255,66,119370,73,184644
31281,0.001453,172.31.40.0-255,66,119436,73,184644
31282,0.00148,172.217.194.0-255,3602,123038,73,184644
31283,0.001484,172.31.40.0-255,66,123104,73,184644
31284,0.001797,172.217.194.0-255,1484,124588,73,184644
31285,0.001803,172.217.194.0-255,2902,127490,73,184644
31286,0.001806,172.31.40.0-255,66,127556,73,184644
31287,0.001813,172.217.194.0-255,5738,133294,73,184644
31288,0.001815,172.31.40.0-255,66,133360,73,184644
31289,0.001831,172.31.40.0-255,66,133426,73,184644
31290,0.001868,172.217.194.0-255,4320,137746,73,184644
31291,0.001883,172.31.40.0-255,66,137812,73,184644
31292,0.001886,172.31.40.0-255,66,137878,73,184644
31293,0.002035,172.217.194.0-255,1484,139362,73,184644
31294,0.002039,172.217.194.0-255,2902,142264,73,184644
31295,0.002046,172.31.40.0-255,66,142330,73,184644
31296,0.002065,172.217.194.0-255,5738,148068,73,184644
31297,0.002068,172.31.40.0-255,66,148134,73,184644
31298,0.002074,172.217.194.0-255,5738,153872,73,184644
31299,0.002076,172.31.40.0-255,66,153938,73,184644
31300,0.002113,172.217.194.0-255,7156,161094,73,184644
31301,0.002115,172.31.40.0-255,66,161160,73,184644
31302,0.002128,172.31.40.0-255,66,161226,73,184644
31303,0.002162,172.31.40.0-255,66,161292,73,184644
31304,0.002192,172.31.40.0-255,66,161358,73,184644
31305,0.002237,172.31.40.0-255,66,161424,73,184644
31306,0.002264,172.217.194.0-255,6438,167862,73,184644
31307,0.002267,172.31.40.0-255,66,167928,73,184644
31308,0.00228,172.31.40.0-255,66,167994,73,184644
31309,0.002296,172.31.40.0-255,66,168060,73,184644
31310,0.002411,172.217.194.0-255,4320,172380,73,184644
31311,0.002438,172.217.194.0-255,5406,177786,73,184644
31312,0.007826,172.31.40.0-255,66,177852,73,184644
31313,0.010133,172.217.194.0-255,136,177988,73,184644
31314,0.011066,172.31.40.0-255,66,178054,73,184644
31315,0.011106,172.31.40.0-255,105,178159,73,184644
31316,0.013424,172.217.194.0-255,66,178225,73,184644
31317,0.035378,172.31.40.0-255,172,178397,73,184644
31318,0.035422,172.31.40.0-255,1110,179507,73,184644
31319,0.035493,172.31.40.0-255,1514,181021,73,184644
31320,0.035495,172.31.40.0-255,1514,182535,73,184644
31321,0.0355,172.31.40.0-255,1514,184049,73,184644
31322,0.035501,172.31.40.0-255,331,184380,73,184644
31323,0.036939,104.244.42.0-255,66,184446,73,184644
31324,0.036991,104.244.42.0-255,66,184512,73,184644
31325,0.037044,104.244.42.0-255,66,184578,73,184644
31326,0.03709,104.244.42.0-255,66,184644,73,184644
31327,0.0,74.125.24.0-255,147,147,73,200702
31328,2.1e-05,172.31.40.0-255,66,213,73,200702
31329,2.8e-05,74.125.24.0-255,1484,1697,73,200702
31330,3.2e-05,172.31.40.0-255,66,1763,73,200702
31331,3.8e-05,74.125.24.0-255,2902,4665,73,200702
31332,4.2e-05,172.31.40.0-255,66,4731,73,200702
31333,4.9e-05,74.125.24.0-255,7156,11887,73,200702
31334,5.2e-05,172.31.40.0-255,66,11953,73,200702
31335,5.6e-05,74.125.24.0-255,2040,13993,73,200702
31336,6e-05,172.31.40.0-255,66,14059,73,200702
31337,7.3e-05,172.31.40.0-255,66,14125,73,200702
31338,7.7e-05,74.125.24.0-255,1484,15609,73,200702
31339,7.9e-05,172.31.40.0-255,66,15675,73,200702
31340,0.000105,74.125.24.0-255,3961,19636,73,200702
31341,0.000108,172.31.40.0-255,66,19702,73,200702
31342,0.000137,74.125.24.0-255,1484,21186,73,200702
31343,0.000139,172.31.40.0-255,66,21252,73,200702
31344,0.000144,74.125.24.0-255,2902,24154,73,200702
31345,0.000146,172.31.40.0-255,66,24220,73,200702
31346,0.000167,74.125.24.0-255,5738,29958,73,200702
31347,0.00017,172.31.40.0-255,66,30024,73,200702
31348,0.000189,74.125.24.0-255,5738,35762,73,200702
31349,0.000192,172.31.40.0-255,66,35828,73,200702
31350,0.00021,172.31.40.0-255,66,35894,73,200702
31351,0.000213,74.125.24.0-255,1484,37378,73,200702
31352,0.000215,172.31.40.0-255,66,37444,73,200702
31353,0.00027,74.125.24.0-255,5738,43182,73,200702
31354,0.000273,172.31.40.0-255,66,43248,73,200702
31355,0.00029,74.125.24.0-255,2854,46102,73,200702
31356,0.000292,172.31.40.0-255,66,46168,73,200702
31357,0.000295,74.125.24.0-255,376,46544,73,200702
31358,0.000519,74.125.24.0-255,1484,48028,73,200702
31359,0.000536,172.31.40.0-255,66,48094,73,200702
31360,0.000542,74.125.24.0-255,2902,50996,73,200702
31361,0.000545,172.31.40.0-255,66,51062,73,200702
31362,0.000551,74.125.24.0-255,5738,56800,73,200702
31363,0.000554,172.31.40.0-255,66,56866,73,200702
31364,0.000585,172.31.40.0-255,66,56932,73,200702
31365,0.000598,172.31.40.0-255,66,56998,73,200702
31366,0.001076,74.125.24.0-255,1484,58482,73,200702
31367,0.001097,74.125.24.0-255,2902,61384,73,200702
31368,0.001101,172.31.40.0-255,66,61450,73,200702
31369,0.001107,74.125.24.0-255,5738,67188,73,200702
31370,0.001109,172.31.40.0-255,66,67254,73,200702
31371,0.001126,74.125.24.0-255,2902,70156,73,200702
31372,0.001128,172.31.40.0-255,66,70222,73,200702
31373,0.001163,172.31.40.0-255,66,70288,73,200702
31374,0.001169,172.31.40.0-255,66,70354,73,200702
31375,0.001206,74.125.24.0-255,2184,72538,73,200702
31376,0.001208,172.31.40.0-255,66,72604,73,200702
31377,0.001328,74.125.24.0-255,1484,74088,73,200702
31378,0.001347,74.125.24.0-255,2902,76990,73,200702
31379,0.001349,172.31.40.0-255,66,77056,73,200702
31380,0.001355,74.125.24.0-255,5738,82794,73,200702
31381,0.001357,172.31.40.0-255,66,82860,73,200702
31382,0.00138,74.125.24.0-255,5738,88598,73,200702
31383,0.001382,172.31.40.0-255,66,88664,73,200702
31384,0.00141,74.125.24.0-255,7156,95820,73,200702
31385,0.001413,172.31.40.0-255,66,95886,73,200702
31386,0.001423,172.31.40.0-255,66,95952,73,200702
31387,0.001441,74.125.24.0-255,766,96718,73,200702
31388,0.001521,74.125.24.0-255,1484,98202,73,200702
31389,0.001525,172.31.40.0-255,66,98268,73,200702
31390,0.001529,74.125.24.0-255,2902,101170,73,200702
31391,0.00153,172.31.40.0-255,66,101236,73,200702
31392,0.001543,74.125.24.0-255,1484,102720,73,200702
31393,0.001556,74.125.24.0-255,4320,107040,73,200702
31394,0.001559,172.31.40.0-255,66,107106,73,200702
31395,0.00157,74.125.24.0-255,2902,110008,73,200702
31396,0.001572,172.31.40.0-255,66,110074,73,200702
31397,0.001608,172.31.40.0-255,66,110140,73,200702
31398,0.00164,172.31.40.0-255,66,110206,73,200702
31399,0.001657,74.125.24.0-255,1484,111690,73,200702
31400,0.00166,74.125.24.0-255,1484,113174,73,200702
31401,0.001662,172.31.40.0-255,66,113240,73,200702
31402,0.001687,74.125.24.0-255,1484,114724,73,200702
31403,0.001693,74.125.24.0-255,5738,120462,73,200702
31404,0.001695,172.31.40.0-255,66,120528,73,200702
31405,0.0017,74.125.24.0-255,2902,123430,73,200702
31406,0.001701,172.31.40.0-255,66,123496,73,200702
31407,0.001725,172.31.40.0-255,66,123562,73,200702
31408,0.001736,74.125.24.0-255,1484,125046,73,200702
31409,0.001742,74.125.24.0-255,5738,130784,73,200702
31410,0.001744,172.31.40.0-255,66,130850,73,200702
31411,0.001768,74.125.24.0-255,2902,133752,73,200702
31412,0.00177,172.31.40.0-255,66,133818,73,200702
31413,0.001812,172.31.40.0-255,66,133884,73,200702
31414,0.001837,74.125.24.0-255,5020,138904,73,200702
31415,0.001864,172.31.40.0-255,66,138970,73,200702
31416,0.001866,172.31.40.0-255,66,139036,73,200702
31417,0.001868,172.31.40.0-255,66,139102,73,200702
31418,0.001894,172.31.40.0-255,66,139168,73,200702
31419,0.001913,172.31.40.0-255,66,139234,73,200702
31420,0.001939,172.31.40.0-255,66,139300,73,200702
31421,0.001946,74.125.24.0-255,6438,145738,73,200702
31422,0.001948,172.31.40.0-255,66,145804,73,200702
31423,0.001983,74.125.24.0-255,2902,148706,73,200702
31424,0.001987,172.31.40.0-255,66,148772,73,200702
31425,0.001991,74.125.24.0-255,2902,151674,73,200702
31426,0.001993,172.31.40.0-255,66,151740,73,200702
31427,0.002007,74.125.24.0-255,1484,153224,73,200702
31428,0.002018,172.31.40.0-255,66,153290,73,200702
31429,0.002055,172.31.40.0-255,66,153356,73,200702
31430,0.002065,74.125.24.0-255,766,154122,73,200702
31431,0.002087,74.125.24.0-255,1484,155606,73,200702
31432,0.00209,172.31.40.0-255,66,155672,73,200702
31433,0.002093,74.125.24.0-255,1484,157156,73,200702
31434,0.002105,74.125.24.0-255,1484,158640,73,200702
31435,0.002108,172.31.40.0-255,66,158706,73,200702
31436,0.002113,74.125.24.0-255,5738,164444,73,200702
31437,0.002116,172.31.40.0-255,66,164510,73,200702
31438,0.002147,74.125.24.0-255,7156,171666,73,200702
31439,0.002152,74.125.24.0-255,4320,175986,73,200702
31440,0.002157,172.31.40.0-255,66,176052,73,200702
31441,0.002159,172.31.40.0-255,66,176118,73,200702
31442,0.002189,172.31.40.0-255,66,176184,73,200702
31443,0.002193,74.125.24.0-255,2184,178368,73,200702
31444,0.002194,172.31.40.0-255,66,178434,73,200702
31445,0.002198,74.125.24.0-255,2902,181336,73,200702
31446,0.0022,172.31.40.0-255,66,181402,73,200702
31447,0.002236,74.125.24.0-255,7156,188558,73,200702
31448,0.002238,172.31.40.0-255,66,188624,73,200702
31449,0.002244,74.125.24.0-255,5143,193767,73,200702
31450,0.002246,172.31.40.0-255,66,193833,73,200702
31451,0.002249,74.125.24.0-255,97,193930,73,200702
31452,0.002271,74.125.24.0-255,105,194035,73,200702
31453,0.009463,172.31.40.0-255,66,194101,73,200702
31454,0.009504,172.31.40.0-255,105,194206,73,200702
31455,0.012047,74.125.24.0-255,66,194272,73,200702
31456,0.030082,172.31.40.0-255,176,194448,73,200702
31457,0.030114,172.31.40.0-255,1115,195563,73,200702
31458,0.030173,172.31.40.0-255,1514,197077,73,200702
31459,0.030175,172.31.40.0-255,1514,198591,73,200702
31460,0.030198,172.31.40.0-255,1514,200105,73,200702
31461,0.030199,172.31.40.0-255,159,200264,73,200702
31462,0.031668,104.244.42.0-255,66,200330,73,200702
31463,0.031698,104.244.42.0-255,66,200396,73,200702
31464,0.03175,104.244.42.0-255,66,200462,73,200702
31465,0.031763,104.244.42.0-255,66,200528,73,200702
31466,0.032457,104.244.42.0-255,108,200636,73,200702
31467,0.032469,172.31.40.0-255,66,200702,73,200702
31468,0.0,74.125.24.0-255,150,150,73,224598
31469,1.9e-05,172.31.40.0-255,66,216,73,224598
31470,2.5e-05,74.125.24.0-255,1484,1700,73,224598
31471,2.9e-05,172.31.40.0-255,66,1766,73,224598
31472,3.6e-05,74.125.24.0-255,2902,4668,73,224598
31473,5.6e-05,172.31.40.0-255,66,4734,73,224598
31474,6.4e-05,74.125.24.0-255,7156,11890,73,224598
31475,6.8e-05,172.31.40.0-255,66,11956,73,224598
31476,7.1e-05,74.125.24.0-255,1484,13440,73,224598
31477,7.4e-05,172.31.40.0-255,66,13506,73,224598
31478,0.00011,172.31.40.0-255,66,13572,73,224598
31479,0.000117,74.125.24.0-255,5379,18951,73,224598
31480,0.00012,172.31.40.0-255,66,19017,73,224598
31481,0.000309,74.125.24.0-255,1484,20501,73,224598
31482,0.000314,172.31.40.0-255,66,20567,73,224598
31483,0.00032,74.125.24.0-255,2902,23469,73,224598
31484,0.000322,172.31.40.0-255,66,23535,73,224598
31485,0.000328,74.125.24.0-255,4320,27855,73,224598
31486,0.000336,172.31.40.0-255,66,27921,73,224598
31487,0.000371,74.125.24.0-255,1484,29405,73,224598
31488,0.000374,172.31.40.0-255,66,29471,73,224598
31489,0.000389,172.31.40.0-255,66,29537,73,224598
31490,0.0004,172.31.40.0-255,66,29603,73,224598
31491,0.000421,74.125.24.0-255,1132,30735,73,224598
31492,0.000423,172.31.40.0-255,66,30801,73,224598
31493,0.000537,74.125.24.0-255,1484,32285,73,224598
31494,0.000541,172.31.40.0-255,66,32351,73,224598
31495,0.000547,74.125.24.0-255,2902,35253,73,224598
31496,0.00055,172.31.40.0-255,66,35319,73,224598
31497,0.000568,74.125.24.0-255,2902,38221,73,224598
31498,0.000591,74.125.24.0-255,2902,41123,73,224598
31499,0.000597,74.125.24.0-255,4320,45443,73,224598
31500,0.000603,172.31.40.0-255,66,45509,73,224598
31501,0.000638,74.125.24.0-255,1484,46993,73,224598
31502,0.000646,172.31.40.0-255,66,47059,73,224598
31503,0.000659,74.125.24.0-255,7156,54215,73,224598
31504,0.000668,172.31.40.0-255,66,54281,73,224598
31505,0.000679,74.125.24.0-255,2460,56741,73,224598
31506,0.000699,172.31.40.0-255,66,56807,73,224598
31507,0.000955,74.125.24.0-255,1484,58291,73,224598
31508,0.000961,74.125.24.0-255,2902,61193,73,224598
31509,0.000964,172.31.40.0-255,66,61259,73,224598
31510,0.000997,74.125.24.0-255,5738,66997,73,224598
31511,0.001003,74.125.24.0-255,4320,71317,73,224598
31512,0.001008,172.31.40.0-255,66,71383,73,224598
31513,0.001041,172.31.40.0-255,66,71449,73,224598
31514,0.001081,172.31.40.0-255,66,71515,73,224598
31515,0.001892,74.125.24.0-255,1484,72999,73,224598
31516,0.001902,74.125.24.0-255,2902,75901,73,224598
31517,0.001906,172.31.40.0-255,66,75967,73,224598
31518,0.001934,74.125.24.0-255,1484,77451,73,224598
31519,0.00195,74.125.24.0-255,4320,81771,73,224598
31520,0.001953,172.31.40.0-255,66,81837,73,224598
31521,0.001961,74.125.24.0-255,7156,88993,73,224598
31522,0.001963,172.31.40.0-255,66,89059,73,224598
31523,0.002012,74.125.24.0-255,2902,91961,73,224598
31524,0.002015,172.31.40.0-255,66,92027,73,224598
31525,0.002021,74.125.24.0-255,4320,96347,73,224598
31526,0.002022,172.31.40.0-255,66,96413,73,224598
31527,0.002032,172.31.40.0-255,66,96479,73,224598
31528,0.002035,74.125.24.0-255,766,97245,73,224598
31529,0.002297,74.125.24.0-255,1484,98729,73,224598
31530,0.002303,172.31.40.0-255,66,98795,73,224598
31531,0.002309,74.125.24.0-255,2902,101697,73,224598
31532,0.002311,172.31.40.0-255,66,101763,73,224598
31533,0.002321,74.125.24.0-255,2902,104665,73,224598
31534,0.002323,172.31.40.0-255,66,104731,73,224598
31535,0.002348,74.125.24.0-255,2902,107633,73,224598
31536,0.00235,172.31.40.0-255,66,107699,73,224598
31537,0.002368,74.125.24.0-255,7156,114855,73,224598
31538,0.002392,74.125.24.0-255,5020,119875,73,224598
31539,0.007584,172.31.40.0-255,66,119941,73,224598
31540,0.009967,74.125.24.0-255,5738,125679,73,224598
31541,0.009977,172.31.40.0-255,66,125745,73,224598
31542,0.012341,74.125.24.0-255,5738,131483,73,224598
31543,0.012349,172.31.40.0-255,66,131549,73,224598
31544,0.014718,74.125.24.0-255,5738,137287,73,224598
31545,0.014729,172.31.40.0-255,66,137353,73,224598
31546,0.017085,74.125.24.0-255,5738,143091,73,224598
31547,0.017095,172.31.40.0-255,66,143157,73,224598
31548,0.019452,74.125.24.0-255,5738,148895,73,224598
31549,0.019461,172.31.40.0-255,66,148961,73,224598
31550,0.021821,74.125.24.0-255,5738,154699,73,224598
31551,0.021827,172.31.40.0-255,66,154765,73,224598
31552,0.02418,74.125.24.0-255,5738,160503,73,224598
31553,0.024187,172.31.40.0-255,66,160569,73,224598
31554,0.026547,74.125.24.0-255,5738,166307,73,224598
31555,0.026553,172.31.40.0-255,66,166373,73,224598
31556,0.027605,172.31.40.0-255,172,166545,73,224598
31557,0.027635,172.31.40.0-255,1115,167660,73,224598
31558,0.027698,172.31.40.0-255,1514,169174,73,224598
31559,0.0277,172.31.40.0-255,1514,170688,73,224598
31560,0.027707,172.31.40.0-255,1410,172098,73,224598
31561,0.028902,74.125.24.0-255,5738,177836,73,224598
31562,0.028908,172.31.40.0-255,66,177902,73,224598
31563,0.029151,104.244.42.0-255,66,177968,73,224598
31564,0.029217,104.244.42.0-255,66,178034,73,224598
31565,0.029258,104.244.42.0-255,66,178100,73,224598
31566,0.029262,104.244.42.0-255,66,178166,73,224598
31567,0.031276,74.125.24.0-255,5738,183904,73,224598
31568,0.031281,172.31.40.0-255,66,183970,73,224598
31569,0.03363,74.125.24.0-255,5738,189708,73,224598
31570,0.033636,172.31.40.0-255,66,189774,73,224598
31571,0.036022,74.125.24.0-255,5738,195512,73,224598
31572,0.036029,172.31.40.0-255,66,195578,73,224598
31573,0.0384,74.125.24.0-255,5738,201316,73,224598
31574,0.038406,172.31.40.0-255,66,201382,73,224598
31575,0.040771,74.125.24.0-255,5738,207120,73,224598
31576,0.040779,172.31.40.0-255,66,207186,73,224598
31577,0.043145,74.125.24.0-255,5738,212924,73,224598
31578,0.043151,172.31.40.0-255,66,212990,73,224598
31579,0.045523,74.125.24.0-255,5738,218728,73,224598
31580,0.04553,172.31.40.0-255,66,218794,73,224598
31581,0.047892,74.125.24.0-255,5738,224532,73,224598
31582,0.047897,172.31.40.0-255,66,224598,73,224598
31583,0.0,172.217.194.0-255,146,146,73,205181
31584,1.8e-05,172.31.40.0-255,66,212,73,205181
31585,2.5e-05,172.217.194.0-255,1484,1696,73,205181
31586,3e-05,172.31.40.0-255,66,1762,73,205181
31587,4.7e-05,172.217.194.0-255,2902,4664,73,205181
31588,5e-05,172.31.40.0-255,66,4730,73,205181
31589,5.4e-05,172.217.194.0-255,1484,6214,73,205181
31590,5.7e-05,172.31.40.0-255,66,6280,73,205181
31591,8e-05,172.217.194.0-255,5738,12018,73,205181
31592,8.3e-05,172.31.40.0-255,66,12084,73,205181
31593,8.7e-05,172.217.194.0-255,2108,14192,73,205181
31594,8.9e-05,172.31.40.0-255,66,14258,73,205181
31595,0.000125,172.217.194.0-255,4320,18578,73,205181
31596,0.000128,172.31.40.0-255,66,18644,73,205181
31597,0.000151,172.217.194.0-255,7156,25800,73,205181
31598,0.000154,172.31.40.0-255,66,25866,73,205181
31599,0.000174,172.217.194.0-255,5379,31245,73,205181
31600,0.000177,172.31.40.0-255,66,31311,73,205181
31601,0.000412,172.217.194.0-255,1484,32795,73,205181
31602,0.000417,172.31.40.0-255,66,32861,73,205181
31603,0.000424,172.217.194.0-255,2902,35763,73,205181
31604,0.000427,172.31.40.0-255,66,35829,73,205181
31605,0.000463,172.217.194.0-255,2902,38731,73,205181
31606,0.000466,172.31.40.0-255,66,38797,73,205181
31607,0.000491,172.217.194.0-255,1484,40281,73,205181
31608,0.000494,172.31.40.0-255,66,40347,73,205181
31609,0.000506,172.31.40.0-255,66,40413,73,205181
31610,0.000521,172.31.40.0-255,66,40479,73,205181
31611,0.001735,172.217.194.0-255,646,41125,73,205181
31612,0.001742,172.31.40.0-255,66,41191,73,205181
31613,0.001838,172.217.194.0-255,1484,42675,73,205181
31614,0.001845,172.217.194.0-255,2902,45577,73,205181
31615,0.001848,172.31.40.0-255,66,45643,73,205181
31616,0.001852,172.217.194.0-255,1484,47127,73,205181
31617,0.001871,172.217.194.0-255,4320,51447,73,205181
31618,0.001874,172.31.40.0-255,66,51513,73,205181
31619,0.001878,172.217.194.0-255,2902,54415,73,205181
31620,0.00188,172.31.40.0-255,66,54481,73,205181
31621,0.001908,172.31.40.0-255,66,54547,73,205181
31622,0.001915,172.217.194.0-255,5738,60285,73,205181
31623,0.001917,172.31.40.0-255,66,60351,73,205181
31624,0.001943,172.217.194.0-255,5020,65371,73,205181
31625,0.001945,172.31.40.0-255,66,65437,73,205181
31626,0.003956,172.217.194.0-255,5738,71175,73,205181
31627,0.003968,172.31.40.0-255,66,71241,73,205181
31628,0.006014,172.217.194.0-255,5738,76979,73,205181
31629,0.006027,172.31.40.0-255,66,77045,73,205181
31630,0.008031,172.217.194.0-255,5738,82783,73,205181
31631,0.008041,172.31.40.0-255,66,82849,73,205181
31632,0.010022,172.217.194.0-255,5738,88587,73,205181
31633,0.010027,172.31.40.0-255,66,88653,73,205181
31634,0.012033,172.217.194.0-255,5738,94391,73,205181
31635,0.012039,172.31.40.0-255,66,94457,73,205181
31636,0.014043,172.217.194.0-255,5738,100195,73,205181
31637,0.014058,172.31.40.0-255,66,100261,73,205181
31638,0.01606,172.217.194.0-255,5738,105999,73,205181
31639,0.016076,172.31.40.0-255,66,106065,73,205181
31640,0.018092,172.217.194.0-255,5738,111803,73,205181
31641,0.0181,172.31.40.0-255,66,111869,73,205181
31642,0.020112,172.217.194.0-255,5738,117607,73,205181
31643,0.020121,172.31.40.0-255,66,117673,73,205181
31644,0.022121,172.217.194.0-255,5738,123411,73,205181
31645,0.022127,172.31.40.0-255,66,123477,73,205181
31646,0.024124,172.217.194.0-255,5738,129215,73,205181
31647,0.024131,172.31.40.0-255,66,129281,73,205181
31648,0.026125,172.217.194.0-255,5738,135019,73,205181
31649,0.026136,172.31.40.0-255,66,135085,73,205181
31650,0.028119,172.217.194.0-255,5738,140823,73,205181
31651,0.028127,172.31.40.0-255,66,140889,73,205181
31652,0.030118,172.217.194.0-255,5738,146627,73,205181
31653,0.030125,172.31.40.0-255,66,146693,73,205181
31654,0.032134,172.217.194.0-255,5738,152431,73,205181
31655,0.032149,172.31.40.0-255,66,152497,73,205181
31656,0.034142,172.217.194.0-255,5738,158235,73,205181
31657,0.034149,172.31.40.0-255,66,158301,73,205181
31658,0.036136,172.217.194.0-255,5738,164039,73,205181
31659,0.036144,172.31.40.0-255,66,164105,73,205181
31660,0.038155,172.217.194.0-255,5738,169843,73,205181
31661,0.038172,172.31.40.0-255,66,169909,73,205181
31662,0.040158,172.217.194.0-255,5738,175647,73,205181
31663,0.040172,172.31.40.0-255,66,175713,73,205181
31664,0.042159,172.217.194.0-255,5738,181451,73,205181
31665,0.042167,172.31.40.0-255,66,181517,73,205181
31666,0.044192,172.217.194.0-255,5738,187255,73,205181
31667,0.04421,172.31.40.0-255,66,187321,73,205181
31668,0.046243,172.217.194.0-255,5738,193059,73,205181
31669,0.046251,172.31.40.0-255,66,193125,73,205181
31670,0.047735,172.31.40.0-255,172,193297,73,205181
31671,0.047764,172.31.40.0-255,1115,194412,73,205181
31672,0.047826,172.31.40.0-255,1514,195926,73,205181
31673,0.047828,172.31.40.0-255,1514,197440,73,205181
31674,0.047834,172.31.40.0-255,1514,198954,73,205181
31675,0.047835,172.31.40.0-255,159,199113,73,205181
31676,0.048233,172.217.194.0-255,5738,204851,73,205181
31677,0.04824,172.31.40.0-255,66,204917,73,205181
31678,0.04932,104.244.42.0-255,66,204983,73,205181
31679,0.04933,104.244.42.0-255,66,205049,73,205181
31680,0.049404,104.244.42.0-255,66,205115,73,205181
31681,0.049408,104.244.42.0-255,66,205181,73,205181
31682,0.0,172.253.118.0-255,150,150,73,284134
31683,2e-05,172.31.40.0-255,66,216,73,284134
31684,2.7e-05,172.253.118.0-255,1484,1700,73,284134
31685,3.2e-05,172.31.40.0-255,66,1766,73,284134
31686,4.8e-05,172.253.118.0-255,2902,4668,73,284134
31687,5.2e-05,172.31.40.0-255,66,4734,73,284134
31688,6e-05,172.253.118.0-255,7156,11890,73,284134
31689,6.3e-05,172.31.40.0-255,66,11956,73,284134
31690,7e-05,172.253.118.0-255,3491,15447,73,284134
31691,7.3e-05,172.31.40.0-255,66,15513,73,284134
31692,0.000127,172.31.40.0-255,66,15579,73,284134
31693,0.000132,172.253.118.0-255,2543,18122,73,284134
31694,0.000135,172.31.40.0-255,66,18188,73,284134
31695,0.000233,172.253.118.0-255,1484,19672,73,284134
31696,0.000236,172.31.40.0-255,66,19738,73,284134
31697,0.000241,172.253.118.0-255,2902,22640,73,284134
31698,0.000243,172.31.40.0-255,66,22706,73,284134
31699,0.00026,172.253.118.0-255,1484,24190,73,284134
31700,0.000262,172.31.40.0-255,66,24256,73,284134
31701,0.000284,172.253.118.0-255,4320,28576,73,284134
31702,0.000287,172.31.40.0-255,66,28642,73,284134
31703,0.000291,172.253.118.0-255,2902,31544,73,284134
31704,0.000293,172.31.40.0-255,66,31610,73,284134
31705,0.00032,172.253.118.0-255,1484,33094,73,284134
31706,0.000323,172.31.40.0-255,66,33160,73,284134
31707,0.000341,172.253.118.0-255,2543,35703,73,284134
31708,0.000344,172.31.40.0-255,66,35769,73,284134
31709,0.000632,172.253.118.0-255,1484,37253,73,284134
31710,0.000636,172.31.40.0-255,66,37319,73,284134
31711,0.000641,172.253.118.0-255,2902,40221,73,284134
31712,0.000643,172.31.40.0-255,66,40287,73,284134
31713,0.000648,172.253.118.0-255,2902,43189,73,284134
31714,0.00065,172.31.40.0-255,66,43255,73,284134
31715,0.000677,172.253.118.0-255,2902,46157,73,284134
31716,0.00068,172.31.40.0-255,66,46223,73,284134
31717,0.000687,172.253.118.0-255,6797,53020,73,284134
31718,0.000689,172.31.40.0-255,66,53086,73,284134
31719,0.000821,172.253.118.0-255,1484,54570,73,284134
31720,0.000826,172.253.118.0-255,1484,56054,73,284134
31721,0.000829,172.31.40.0-255,66,56120,73,284134
31722,0.000855,172.253.118.0-255,1484,57604,73,284134
31723,0.000862,172.253.118.0-255,5738,63342,73,284134
31724,0.000865,172.31.40.0-255,66,63408,73,284134
31725,0.000893,172.253.118.0-255,6797,70205,73,284134
31726,0.000896,172.31.40.0-255,66,70271,73,284134
31727,0.000961,172.253.118.0-255,7156,77427,73,284134
31728,0.000964,172.31.40.0-255,66,77493,73,284134
31729,0.000969,172.253.118.0-255,4320,81813,73,284134
31730,0.000971,172.31.40.0-255,66,81879,73,284134
31731,0.000975,172.253.118.0-255,1484,83363,73,284134
31732,0.00099,172.253.118.0-255,3961,87324,73,284134
31733,0.000997,172.31.40.0-255,66,87390,73,284134
31734,0.001572,172.253.118.0-255,1484,88874,73,284134
31735,0.00158,172.253.118.0-255,2902,91776,73,284134
31736,0.001585,172.31.40.0-255,66,91842,73,284134
31737,0.001591,172.253.118.0-255,4320,96162,73,284134
31738,0.001593,172.31.40.0-255,66,96228,73,284134
31739,0.001621,172.253.118.0-255,1484,97712,73,284134
31740,0.001629,172.253.118.0-255,7156,104868,73,284134
31741,0.001632,172.31.40.0-255,66,104934,73,284134
31742,0.001664,172.253.118.0-255,5738,110672,73,284134
31743,0.001667,172.31.40.0-255,66,110738,73,284134
31744,0.001683,172.31.40.0-255,66,110804,73,284134
31745,0.001768,172.253.118.0-255,1484,112288,73,284134
31746,0.001773,172.253.118.0-255,1484,113772,73,284134
31747,0.001776,172.31.40.0-255,66,113838,73,284134
31748,0.001801,172.253.118.0-255,1484,115322,73,284134
31749,0.001807,172.253.118.0-255,5738,121060,73,284134
31750,0.00181,172.31.40.0-255,66,121126,73,284134
31751,0.001814,172.253.118.0-255,1484,122610,73,284134
31752,0.001848,172.31.40.0-255,66,122676,73,284134
31753,0.001864,172.31.40.0-255,66,122742,73,284134
31754,0.002413,172.253.118.0-255,1484,124226,73,284134
31755,0.002418,172.253.118.0-255,1484,125710,73,284134
31756,0.002422,172.31.40.0-255,66,125776,73,284134
31757,0.002451,172.253.118.0-255,1484,127260,73,284134
31758,0.002458,172.253.118.0-255,5738,132998,73,284134
31759,0.00246,172.31.40.0-255,66,133064,73,284134
31760,0.002465,172.253.118.0-255,2902,135966,73,284134
31761,0.002467,172.31.40.0-255,66,136032,73,284134
31762,0.002469,172.253.118.0-255,1484,137516,73,284134
31763,0.002472,172.253.118.0-255,1484,139000,73,284134
31764,0.002474,172.31.40.0-255,66,139066,73,284134
31765,0.002509,172.253.118.0-255,7156,146222,73,284134
31766,0.002512,172.31.40.0-255,66,146288,73,284134
31767,0.002547,172.253.118.0-255,5738,152026,73,284134
31768,0.00255,172.31.40.0-255,66,152092,73,284134
31769,0.002556,172.253.118.0-255,5020,157112,73,284134
31770,0.002559,172.31.40.0-255,66,157178,73,284134
31771,0.003057,172.253.118.0-255,1484,158662,73,284134
31772,0.003064,172.253.118.0-255,2902,161564,73,284134
31773,0.003067,172.31.40.0-255,66,161630,73,284134
31774,0.003071,172.253.118.0-255,1484,163114,73,284134
31775,0.003106,172.31.40.0-255,66,163180,73,284134
31776,0.003112,172.253.118.0-255,5738,168918,73,284134
31777,0.003114,172.31.40.0-255,66,168984,73,284134
31778,0.003119,172.253.118.0-255,4320,173304,73,284134
31779,0.003125,172.31.40.0-255,66,173370,73,284134
31780,0.003128,172.253.118.0-255,1484,174854,73,284134
31781,0.003148,172.253.118.0-255,1484,176338,73,284134
31782,0.003151,172.31.40.0-255,66,176404,73,284134
31783,0.003187,172.253.118.0-255,6438,182842,73,284134
31784,0.003191,172.31.40.0-255,66,182908,73,284134
31785,0.003261,172.253.118.0-255,1484,184392,73,284134
31786,0.003281,172.253.118.0-255,2902,187294,73,284134
31787,0.003284,172.31.40.0-255,66,187360,73,284134
31788,0.003291,172.253.118.0-255,5738,193098,73,284134
31789,0.003293,172.31.40.0-255,66,193164,73,284134
31790,0.00333,172.253.118.0-255,7156,200320,73,284134
31791,0.003334,172.31.40.0-255,66,200386,73,284134
31792,0.003364,172.253.118.0-255,4320,204706,73,284134
31793,0.003366,172.31.40.0-255,66,204772,73,284134
31794,0.003384,172.31.40.0-255,66,204838,73,284134
31795,0.00357,172.253.118.0-255,1484,206322,73,284134
31796,0.003575,172.253.118.0-255,2902,209224,73,284134
31797,0.003578,172.31.40.0-255,66,209290,73,284134
31798,0.003605,172.253.118.0-255,5738,215028,73,284134
31799,0.003608,172.31.40.0-255,66,215094,73,284134
31800,0.003611,172.253.118.0-255,1484,216578,73,284134
31801,0.003647,172.31.40.0-255,66,216644,73,284134
31802,0.003655,172.253.118.0-255,7156,223800,73,284134
31803,0.003657,172.31.40.0-255,66,223866,73,284134
31804,0.003685,172.253.118.0-255,3602,227468,73,284134
31805,0.003688,172.31.40.0-255,66,227534,73,284134
31806,0.004019,172.253.118.0-255,1484,229018,73,284134
31807,0.004026,172.253.118.0-255,2902,231920,73,284134
31808,0.004029,172.31.40.0-255,66,231986,73,284134
31809,0.004033,172.253.118.0-255,1484,233470,73,284134
31810,0.004065,172.253.118.0-255,4320,237790,73,284134
31811,0.004067,172.31.40.0-255,66,237856,73,284134
31812,0.004075,172.253.118.0-255,7156,245012,73,284134
31813,0.004077,172.31.40.0-255,66,245078,73,284134
31814,0.004085,172.253.118.0-255,1484,246562,73,284134
31815,0.004115,172.31.40.0-255,66,246628,73,284134
31816,0.004119,172.253.118.0-255,2184,248812,73,284134
31817,0.004121,172.31.40.0-255,66,248878,73,284134
31818,0.004538,172.253.118.0-255,1484,250362,73,284134
31819,0.004555,172.253.118.0-255,2902,253264,73,284134
31820,0.004558,172.31.40.0-255,66,253330,73,284134
31821,0.004562,172.253.118.0-255,1484,254814,73,284134
31822,0.00459,172.253.118.0-255,1484,256298,73,284134
31823,0.004593,172.31.40.0-255,66,256364,73,284134
31824,0.004601,172.253.118.0-255,7156,263520,73,284134
31825,0.004603,172.31.40.0-255,66,263586,73,284134
31826,0.004645,172.31.40.0-255,66,263652,73,284134
31827,0.004653,172.253.118.0-255,6438,270090,73,284134
31828,0.004655,172.31.40.0-255,66,270156,73,284134
31829,0.005026,172.253.118.0-255,1484,271640,73,284134
31830,0.005046,172.253.118.0-255,2902,274542,73,284134
31831,0.005048,172.31.40.0-255,66,274608,73,284134
31832,0.005056,172.253.118.0-255,5738,280346,73,284134
31833,0.005058,172.31.40.0-255,66,280412,73,284134
31834,0.005098,172.31.40.0-255,66,280478,73,284134
31835,0.005178,172.253.118.0-255,2902,283380,73,284134
31836,0.00518,172.31.40.0-255,66,283446,73,284134
31837,0.005218,172.31.40.0-255,66,283512,73,284134
31838,0.005241,172.31.40.0-255,66,283578,73,284134
31839,0.005244,172.253.118.0-255,97,283675,73,284134
31840,0.005265,172.253.118.0-255,105,283780,73,284134
31841,0.014948,172.253.118.0-255,105,283885,73,284134
31842,0.014967,172.31.40.0-255,78,283963,73,284134
31843,0.016056,172.31.40.0-255,105,284068,73,284134
31844,0.018264,172.253.118.0-255,66,284134,73,284134
31845,0.0,172.217.194.0-255,150,150,73,154585
31846,2.1e-05,172.31.40.0-255,66,216,73,154585
31847,2.8e-05,172.217.194.0-255,1484,1700,73,154585
31848,3.2e-05,172.31.40.0-255,66,1766,73,154585
31849,3.8e-05,172.217.194.0-255,2902,4668,73,154585
31850,4.2e-05,172.31.40.0-255,66,4734,73,154585
31851,5.7e-05,172.217.194.0-255,7156,11890,73,154585
31852,6.1e-05,172.31.40.0-255,66,11956,73,154585
31853,6.5e-05,172.217.194.0-255,2141,14097,73,154585
31854,6.8e-05,172.31.40.0-255,66,14163,73,154585
31855,0.000103,172.217.194.0-255,2902,17065,73,154585
31856,0.000106,172.31.40.0-255,66,17131,73,154585
31857,0.000109,172.217.194.0-255,1484,18615,73,154585
31858,0.000111,172.31.40.0-255,66,18681,73,154585
31859,0.000118,172.217.194.0-255,5738,24419,73,154585
31860,0.000125,172.31.40.0-255,66,24485,73,154585
31861,0.000158,172.217.194.0-255,5738,30223,73,154585
31862,0.000161,172.31.40.0-255,66,30289,73,154585
31863,0.000195,172.31.40.0-255,66,30355,73,154585
31864,0.000211,172.31.40.0-255,66,30421,73,154585
31865,0.000256,172.31.40.0-255,66,30487,73,154585
31866,0.000258,172.217.194.0-255,392,30879,73,154585
31867,0.000261,172.31.40.0-255,66,30945,73,154585
31868,0.000313,172.217.194.0-255,383,31328,73,154585
31869,0.000315,172.31.40.0-255,66,31394,73,154585
31870,0.000434,172.217.194.0-255,1484,32878,73,154585
31871,0.000438,172.31.40.0-255,66,32944,73,154585
31872,0.000443,172.217.194.0-255,2902,35846,73,154585
31873,0.000446,172.31.40.0-255,66,35912,73,154585
31874,0.000481,172.217.194.0-255,5738,41650,73,154585
31875,0.000484,172.31.40.0-255,66,41716,73,154585
31876,0.000499,172.31.40.0-255,66,41782,73,154585
31877,0.000551,172.31.40.0-255,66,41848,73,154585
31878,0.000695,172.217.194.0-255,1484,43332,73,154585
31879,0.000702,172.217.194.0-255,2902,46234,73,154585
31880,0.000705,172.31.40.0-255,66,46300,73,154585
31881,0.000736,172.217.194.0-255,5738,52038,73,154585
31882,0.000739,172.31.40.0-255,66,52104,73,154585
31883,0.000743,172.217.194.0-255,2902,55006,73,154585
31884,0.000746,172.31.40.0-255,66,55072,73,154585
31885,0.000778,172.217.194.0-255,2902,57974,73,154585
31886,0.00078,172.31.40.0-255,66,58040,73,154585
31887,0.000788,172.217.194.0-255,7156,65196,73,154585
31888,0.00079,172.31.40.0-255,66,65262,73,154585
31889,0.000808,172.31.40.0-255,66,65328,73,154585
31890,0.000835,172.217.194.0-255,5738,71066,73,154585
31891,0.000838,172.31.40.0-255,66,71132,73,154585
31892,0.000868,172.31.40.0-255,66,71198,73,154585
31893,0.000889,172.31.40.0-255,66,71264,73,154585
31894,0.000894,172.217.194.0-255,3602,74866,73,154585
31895,0.000897,172.31.40.0-255,66,74932,73,154585
31896,0.000996,172.217.194.0-255,1484,76416,73,154585
31897,0.001002,172.217.194.0-255,2902,79318,73,154585
31898,0.001006,172.31.40.0-255,66,79384,73,154585
31899,0.001034,172.217.194.0-255,5738,85122,73,154585
31900,0.001038,172.31.40.0-255,66,85188,73,154585
31901,0.001055,172.31.40.0-255,66,85254,73,154585
31902,0.001105,172.31.40.0-255,66,85320,73,154585
31903,0.001515,172.217.194.0-255,1484,86804,73,154585
31904,0.001521,172.217.194.0-255,2902,89706,73,154585
31905,0.001525,172.31.40.0-255,66,89772,73,154585
31906,0.001548,172.217.194.0-255,2902,92674,73,154585
31907,0.00155,172.31.40.0-255,66,92740,73,154585
31908,0.001579,172.217.194.0-255,2902,95642,73,154585
31909,0.001581,172.31.40.0-255,66,95708,73,154585
31910,0.001593,172.31.40.0-255,66,95774,73,154585
31911,0.001609,172.31.40.0-255,66,95840,73,154585
31912,0.001702,172.217.194.0-255,1484,97324,73,154585
31913,0.001719,172.217.194.0-255,2902,100226,73,154585
31914,0.001722,172.31.40.0-255,66,100292,73,154585
31915,0.001727,172.217.194.0-255,2902,103194,73,154585
31916,0.001729,172.31.40.0-255,66,103260,73,154585
31917,0.001757,172.217.194.0-255,2902,106162,73,154585
31918,0.001759,172.31.40.0-255,66,106228,73,154585
31919,0.001781,172.31.40.0-255,66,106294,73,154585
31920,0.00182,172.217.194.0-255,1484,107778,73,154585
31921,0.001856,172.31.40.0-255,66,107844,73,154585
31922,0.001867,172.31.40.0-255,66,107910,73,154585
31923,0.001886,172.31.40.0-255,66,107976,73,154585
31924,0.001925,172.217.194.0-255,6438,114414,73,154585
31925,0.001928,172.31.40.0-255,66,114480,73,154585
31926,0.001956,172.217.194.0-255,7156,121636,73,154585
31927,0.001969,172.217.194.0-255,4320,125956,73,154585
31928,0.001972,172.217.194.0-255,1484,127440,73,154585
31929,0.002035,172.217.194.0-255,4320,131760,73,154585
31930,0.002039,172.217.194.0-255,2184,133944,73,154585
31931,0.00207,172.217.194.0-255,5738,139682,73,154585
31932,0.002103,172.217.194.0-255,5738,145420,73,154585
31933,0.002117,172.217.194.0-255,4320,149740,73,154585
31934,0.002136,172.217.194.0-255,4320,154060,73,154585
31935,0.002196,172.217.194.0-255,105,154165,73,154585
31936,0.010541,172.31.40.0-255,66,154231,73,154585
31937,0.011658,172.217.194.0-255,105,154336,73,154585
31938,0.01167,172.31.40.0-255,78,154414,73,154585
31939,0.013402,172.31.40.0-255,105,154519,73,154585
31940,0.015678,172.217.194.0-255,66,154585,73,154585
31941,0.0,172.217.194.0-255,153,153,73,231797
31942,2.3e-05,172.31.40.0-255,66,219,73,231797
31943,3.1e-05,172.217.194.0-255,1484,1703,73,231797
31944,3.6e-05,172.31.40.0-255,66,1769,73,231797
31945,4.2e-05,172.217.194.0-255,2902,4671,73,231797
31946,4.7e-05,172.31.40.0-255,66,4737,73,231797
31947,5.5e-05,172.217.194.0-255,7156,11893,73,231797
31948,5.8e-05,172.31.40.0-255,66,11959,73,231797
31949,6.2e-05,172.217.194.0-255,1949,13908,73,231797
31950,6.6e-05,172.31.40.0-255,66,13974,73,231797
31951,8.5e-05,172.217.194.0-255,7156,21130,73,231797
31952,8.9e-05,172.31.40.0-255,66,21196,73,231797
31953,0.000116,172.217.194.0-255,4320,25516,73,231797
31954,0.000119,172.31.40.0-255,66,25582,73,231797
31955,0.000125,172.217.194.0-255,5379,30961,73,231797
31956,0.000128,172.31.40.0-255,66,31027,73,231797
31957,0.000141,172.217.194.0-255,1484,32511,73,231797
31958,0.000143,172.31.40.0-255,66,32577,73,231797
31959,0.000158,172.217.194.0-255,1484,34061,73,231797
31960,0.00016,172.31.40.0-255,66,34127,73,231797
31961,0.000167,172.217.194.0-255,4320,38447,73,231797
31962,0.000169,172.31.40.0-255,66,38513,73,231797
31963,0.000173,172.217.194.0-255,2902,41415,73,231797
31964,0.000176,172.31.40.0-255,66,41481,73,231797
31965,0.000191,172.217.194.0-255,5738,47219,73,231797
31966,0.000194,172.31.40.0-255,66,47285,73,231797
31967,0.000196,172.217.194.0-255,1125,48410,73,231797
31968,0.000198,172.31.40.0-255,66,48476,73,231797
31969,0.000223,172.217.194.0-255,1484,49960,73,231797
31970,0.000225,172.31.40.0-255,66,50026,73,231797
31971,0.000231,172.217.194.0-255,4320,54346,73,231797
31972,0.000234,172.31.40.0-255,66,54412,73,231797
31973,0.000246,172.31.40.0-255,66,54478,73,231797
31974,0.000249,172.217.194.0-255,1398,55876,73,231797
31975,0.000304,172.217.194.0-255,121,55997,73,231797
31976,0.000317,172.217.194.0-255,381,56378,73,231797
31977,0.00032,172.31.40.0-255,66,56444,73,231797
31978,0.000536,172.217.194.0-255,1484,57928,73,231797
31979,0.000543,172.217.194.0-255,2902,60830,73,231797
31980,0.000548,172.31.40.0-255,66,60896,73,231797
31981,0.000555,172.217.194.0-255,5738,66634,73,231797
31982,0.000558,172.31.40.0-255,66,66700,73,231797
31983,0.000585,172.31.40.0-255,66,66766,73,231797
31984,0.000607,172.217.194.0-255,4320,71086,73,231797
31985,0.000622,172.31.40.0-255,66,71152,73,231797
31986,0.00063,172.31.40.0-255,66,71218,73,231797
31987,0.000838,172.217.194.0-255,1484,72702,73,231797
31988,0.000844,172.217.194.0-255,2902,75604,73,231797
31989,0.000848,172.31.40.0-255,66,75670,73,231797
31990,0.000852,172.217.194.0-255,1484,77154,73,231797
31991,0.00087,172.217.194.0-255,4320,81474,73,231797
31992,0.000874,172.31.40.0-255,66,81540,73,231797
31993,0.000881,172.217.194.0-255,7156,88696,73,231797
31994,0.000883,172.31.40.0-255,66,88762,73,231797
31995,0.000896,172.217.194.0-255,2902,91664,73,231797
31996,0.000898,172.31.40.0-255,66,91730,73,231797
31997,0.000918,172.217.194.0-255,5738,97468,73,231797
31998,0.00092,172.31.40.0-255,66,97534,73,231797
31999,0.000943,172.31.40.0-255,66,97600,73,231797
32000,0.001149,172.217.194.0-255,1484,99084,73,231797
32001,0.001155,172.217.194.0-255,2902,101986,73,231797
32002,0.001159,172.31.40.0-255,66,102052,73,231797
32003,0.001163,172.217.194.0-255,1484,103536,73,231797
32004,0.001181,172.217.194.0-255,4320,107856,73,231797
32005,0.001183,172.31.40.0-255,66,107922,73,231797
32006,0.001227,172.31.40.0-255,66,107988,73,231797
32007,0.001248,172.217.194.0-255,4320,112308,73,231797
32008,0.00125,172.31.40.0-255,66,112374,73,231797
32009,0.001263,172.31.40.0-255,66,112440,73,231797
32010,0.001269,172.217.194.0-255,4320,116760,73,231797
32011,0.001271,172.31.40.0-255,66,116826,73,231797
32012,0.001274,172.217.194.0-255,1484,118310,73,231797
32013,0.001299,172.217.194.0-255,4320,122630,73,231797
32014,0.001302,172.31.40.0-255,66,122696,73,231797
32015,0.001315,172.31.40.0-255,66,122762,73,231797
32016,0.001322,172.217.194.0-255,5738,128500,73,231797
32017,0.001324,172.31.40.0-255,66,128566,73,231797
32018,0.00134,172.217.194.0-255,5738,134304,73,231797
32019,0.001343,172.31.40.0-255,66,134370,73,231797
32020,0.001346,172.217.194.0-255,766,135136,73,231797
32021,0.001556,172.217.194.0-255,1484,136620,73,231797
32022,0.001561,172.217.194.0-255,2902,139522,73,231797
32023,0.001566,172.31.40.0-255,66,139588,73,231797
32024,0.001569,172.31.40.0-255,66,139654,73,231797
32025,0.00159,172.217.194.0-255,5738,145392,73,231797
32026,0.001592,172.31.40.0-255,66,145458,73,231797
32027,0.001605,172.31.40.0-255,66,145524,73,231797
32028,0.001618,172.217.194.0-255,1484,147008,73,231797
32029,0.001626,172.217.194.0-255,7156,154164,73,231797
32030,0.001628,172.31.40.0-255,66,154230,73,231797
32031,0.00165,172.217.194.0-255,3602,157832,73,231797
32032,0.001653,172.31.40.0-255,66,157898,73,231797
32033,0.001671,172.217.194.0-255,2902,160800,73,231797
32034,0.001673,172.31.40.0-255,66,160866,73,231797
32035,0.001697,172.217.194.0-255,2902,163768,73,231797
32036,0.0017,172.31.40.0-255,66,163834,73,231797
32037,0.001707,172.217.194.0-255,7156,170990,73,231797
32038,0.00171,172.31.40.0-255,66,171056,73,231797
32039,0.001727,172.31.40.0-255,66,171122,73,231797
32040,0.001753,172.217.194.0-255,2902,174024,73,231797
32041,0.001756,172.31.40.0-255,66,174090,73,231797
32042,0.001763,172.217.194.0-255,6438,180528,73,231797
32043,0.001765,172.31.40.0-255,66,180594,73,231797
32044,0.001828,172.217.194.0-255,1484,182078,73,231797
32045,0.001834,172.217.194.0-255,2902,184980,73,231797
32046,0.001837,172.31.40.0-255,66,185046,73,231797
32047,0.001844,172.217.194.0-255,5738,190784,73,231797
32048,0.001846,172.31.40.0-255,66,190850,73,231797
32049,0.001873,172.217.194.0-255,7156,198006,73,231797
32050,0.001876,172.31.40.0-255,66,198072,73,231797
32051,0.001897,172.217.194.0-255,5738,203810,73,231797
32052,0.0019,172.31.40.0-255,66,203876,73,231797
32053,0.00191,172.31.40.0-255,66,203942,73,231797
32054,0.001938,172.217.194.0-255,2184,206126,73,231797
32055,0.00194,172.31.40.0-255,66,206192,73,231797
32056,0.001945,172.217.194.0-255,2902,209094,73,231797
32057,0.001947,172.31.40.0-255,66,209160,73,231797
32058,0.001955,172.217.194.0-255,7156,216316,73,231797
32059,0.001957,172.31.40.0-255,66,216382,73,231797
32060,0.001994,172.31.40.0-255,66,216448,73,231797
32061,0.002015,172.217.194.0-255,1484,217932,73,231797
32062,0.002027,172.31.40.0-255,66,217998,73,231797
32063,0.002065,172.217.194.0-255,5738,223736,73,231797
32064,0.002068,172.31.40.0-255,66,223802,73,231797
32065,0.002103,172.31.40.0-255,66,223868,73,231797
32066,0.002114,172.31.40.0-255,66,223934,73,231797
32067,0.002127,172.31.40.0-255,66,224000,73,231797
32068,0.002168,172.31.40.0-255,66,224066,73,231797
32069,0.002176,172.217.194.0-255,7156,231222,73,231797
32070,0.002178,172.31.40.0-255,66,231288,73,231797
32071,0.002202,172.31.40.0-255,66,231354,73,231797
32072,0.002205,172.217.194.0-255,105,231459,73,231797
32073,0.002409,172.31.40.0-255,101,231560,73,231797
32074,0.004745,172.217.194.0-255,66,231626,73,231797
32075,0.016751,172.31.40.0-255,105,231731,73,231797
32076,0.019082,172.217.194.0-255,66,231797,73,231797
32077,0.0,74.125.24.0-255,148,148,73,282034
32078,2.1e-05,172.31.40.0-255,66,214,73,282034
32079,2.9e-05,74.125.24.0-255,1484,1698,73,282034
32080,3.3e-05,172.31.40.0-255,66,1764,73,282034
32081,3.9e-05,74.125.24.0-255,2902,4666,73,282034
32082,4.3e-05,172.31.40.0-255,66,4732,73,282034
32083,5.1e-05,74.125.24.0-255,7156,11888,73,282034
32084,5.4e-05,172.31.40.0-255,66,11954,73,282034
32085,5.9e-05,74.125.24.0-255,2100,14054,73,282034
32086,6.2e-05,172.31.40.0-255,66,14120,73,282034
32087,0.000244,74.125.24.0-255,1484,15604,73,282034
32088,0.000249,172.31.40.0-255,66,15670,73,282034
32089,0.000255,74.125.24.0-255,2902,18572,73,282034
32090,0.000258,172.31.40.0-255,66,18638,73,282034
32091,0.000288,74.125.24.0-255,5738,24376,73,282034
32092,0.000291,172.31.40.0-255,66,24442,73,282034
32093,0.000308,74.125.24.0-255,1484,25926,73,282034
32094,0.00031,172.31.40.0-255,66,25992,73,282034
32095,0.000335,74.125.24.0-255,5379,31371,73,282034
32096,0.000337,172.31.40.0-255,66,31437,73,282034
32097,0.000419,74.125.24.0-255,1484,32921,73,282034
32098,0.000422,172.31.40.0-255,66,32987,73,282034
32099,0.000427,74.125.24.0-255,2902,35889,73,282034
32100,0.00043,172.31.40.0-255,66,35955,73,282034
32101,0.000484,74.125.24.0-255,5738,41693,73,282034
32102,0.000487,172.31.40.0-255,66,41759,73,282034
32103,0.000494,74.125.24.0-255,6797,48556,73,282034
32104,0.000496,172.31.40.0-255,66,48622,73,282034
32105,0.000514,74.125.24.0-255,1484,50106,73,282034
32106,0.000516,172.31.40.0-255,66,50172,73,282034
32107,0.000538,74.125.24.0-255,2902,53074,73,282034
32108,0.000541,172.31.40.0-255,66,53140,73,282034
32109,0.000548,74.125.24.0-255,5738,58878,73,282034
32110,0.000551,172.31.40.0-255,66,58944,73,282034
32111,0.00058,74.125.24.0-255,7133,66077,73,282034
32112,0.000583,172.31.40.0-255,66,66143,73,282034
32113,0.000586,74.125.24.0-255,109,66252,73,282034
32114,0.00076,74.125.24.0-255,331,66583,73,282034
32115,0.001048,172.31.40.0-255,66,66649,73,282034
32116,0.001228,74.125.24.0-255,1484,68133,73,282034
32117,0.001238,74.125.24.0-255,2902,71035,73,282034
32118,0.001242,172.31.40.0-255,66,71101,73,282034
32119,0.00125,74.125.24.0-255,5738,76839,73,282034
32120,0.001252,172.31.40.0-255,66,76905,73,282034
32121,0.001258,74.125.24.0-255,4320,81225,73,282034
32122,0.00126,172.31.40.0-255,66,81291,73,282034
32123,0.001297,172.31.40.0-255,66,81357,73,282034
32124,0.001327,172.31.40.0-255,66,81423,73,282034
32125,0.001575,74.125.24.0-255,1484,82907,73,282034
32126,0.001583,74.125.24.0-255,2902,85809,73,282034
32127,0.001586,172.31.40.0-255,66,85875,73,282034
32128,0.001594,74.125.24.0-255,5738,91613,73,282034
32129,0.001596,172.31.40.0-255,66,91679,73,282034
32130,0.001642,172.31.40.0-255,66,91745,73,282034
32131,0.001649,74.125.24.0-255,5738,97483,73,282034
32132,0.001651,172.31.40.0-255,66,97549,73,282034
32133,0.001669,74.125.24.0-255,6438,103987,73,282034
32134,0.001671,172.31.40.0-255,66,104053,73,282034
32135,0.001806,74.125.24.0-255,1484,105537,73,282034
32136,0.001813,74.125.24.0-255,2902,108439,73,282034
32137,0.001817,172.31.40.0-255,66,108505,73,282034
32138,0.001824,74.125.24.0-255,5738,114243,73,282034
32139,0.001826,172.31.40.0-255,66,114309,73,282034
32140,0.001866,172.31.40.0-255,66,114375,73,282034
32141,0.001886,74.125.24.0-255,1484,115859,73,282034
32142,0.001895,74.125.24.0-255,7156,123015,73,282034
32143,0.001917,74.125.24.0-255,3602,126617,73,282034
32144,0.002251,74.125.24.0-255,1484,128101,73,282034
32145,0.002257,74.125.24.0-255,2902,131003,73,282034
32146,0.002276,74.125.24.0-255,5738,136741,73,282034
32147,0.002316,74.125.24.0-255,2902,139643,73,282034
32148,0.002329,74.125.24.0-255,2902,142545,73,282034
32149,0.002636,74.125.24.0-255,1484,144029,73,282034
32150,0.002641,74.125.24.0-255,2902,146931,73,282034
32151,0.002661,74.125.24.0-255,5738,152669,73,282034
32152,0.002683,74.125.24.0-255,7156,159825,73,282034
32153,0.002743,74.125.24.0-255,2184,162009,73,282034
32154,0.002761,74.125.24.0-255,2902,164911,73,282034
32155,0.002764,74.125.24.0-255,1484,166395,73,282034
32156,0.002783,74.125.24.0-255,5738,172133,73,282034
32157,0.002839,74.125.24.0-255,7156,179289,73,282034
32158,0.002853,74.125.24.0-255,5020,184309,73,282034
32159,0.002928,74.125.24.0-255,4320,188629,73,282034
32160,0.002934,74.125.24.0-255,5738,194367,73,282034
32161,0.002952,74.125.24.0-255,1484,195851,73,282034
32162,0.003003,74.125.24.0-255,4320,200171,73,282034
32163,0.003019,74.125.24.0-255,1484,201655,73,282034
32164,0.003046,74.125.24.0-255,7156,208811,73,282034
32165,0.003074,74.125.24.0-255,5738,214549,73,282034
32166,0.003109,74.125.24.0-255,6438,220987,73,282034
32167,0.003157,74.125.24.0-255,1484,222471,73,282034
32168,0.003167,74.125.24.0-255,1484,223955,73,282034
32169,0.003177,74.125.24.0-255,1484,225439,73,282034
32170,0.003182,74.125.24.0-255,2902,228341,73,282034
32171,0.003185,74.125.24.0-255,1484,229825,73,282034
32172,0.003204,74.125.24.0-255,5738,235563,73,282034
32173,0.003247,74.125.24.0-255,3602,239165,73,282034
32174,0.00332,74.125.24.0-255,1484,240649,73,282034
32175,0.003331,74.125.24.0-255,2902,243551,73,282034
32176,0.003346,74.125.24.0-255,5738,249289,73,282034
32177,0.003374,74.125.24.0-255,2902,252191,73,282034
32178,0.003411,74.125.24.0-255,5738,257929,73,282034
32179,0.003443,74.125.24.0-255,5020,262949,73,282034
32180,0.003491,74.125.24.0-255,5738,268687,73,282034
32181,0.003499,74.125.24.0-255,6958,275645,73,282034
32182,0.003517,74.125.24.0-255,97,275742,73,282034
32183,0.003564,74.125.24.0-255,105,275847,73,282034
32184,0.009265,172.31.40.0-255,66,275913,73,282034
32185,0.011967,172.31.40.0-255,105,276018,73,282034
32186,0.014556,74.125.24.0-255,66,276084,73,282034
32187,0.046019,172.31.40.0-255,172,276256,73,282034
32188,0.046053,172.31.40.0-255,1116,277372,73,282034
32189,0.046116,172.31.40.0-255,1514,278886,73,282034
32190,0.046117,172.31.40.0-255,1514,280400,73,282034
32191,0.046119,172.31.40.0-255,1436,281836,73,282034
32192,0.047613,104.244.42.0-255,66,281902,73,282034
32193,0.047628,104.244.42.0-255,66,281968,73,282034
32194,0.047692,104.244.42.0-255,66,282034,73,282034
32195,0.0,74.125.24.0-255,146,146,73,243671
32196,2.5e-05,172.31.40.0-255,66,212,73,243671
32197,3.2e-05,74.125.24.0-255,1484,1696,73,243671
32198,3.7e-05,172.31.40.0-255,66,1762,73,243671
32199,4.3e-05,74.125.24.0-255,2902,4664,73,243671
32200,4.7e-05,172.31.40.0-255,66,4730,73,243671
32201,5.5e-05,74.125.24.0-255,7156,11886,73,243671
32202,5.9e-05,172.31.40.0-255,66,11952,73,243671
32203,6.4e-05,74.125.24.0-255,2039,13991,73,243671
32204,6.7e-05,172.31.40.0-255,66,14057,73,243671
32205,0.000137,74.125.24.0-255,1484,15541,73,243671
32206,0.00014,172.31.40.0-255,66,15607,73,243671
32207,0.000145,74.125.24.0-255,2902,18509,73,243671
32208,0.000148,172.31.40.0-255,66,18575,73,243671
32209,0.000152,74.125.24.0-255,2902,21477,73,243671
32210,0.000155,172.31.40.0-255,66,21543,73,243671
32211,0.000173,74.125.24.0-255,2902,24445,73,243671
32212,0.000175,172.31.40.0-255,66,24511,73,243671
32213,0.000214,74.125.24.0-255,6797,31308,73,243671
32214,0.000217,172.31.40.0-255,66,31374,73,243671
32215,0.000371,74.125.24.0-255,1484,32858,73,243671
32216,0.000377,172.31.40.0-255,66,32924,73,243671
32217,0.000383,74.125.24.0-255,2902,35826,73,243671
32218,0.000386,172.31.40.0-255,66,35892,73,243671
32219,0.000393,74.125.24.0-255,5738,41630,73,243671
32220,0.000396,172.31.40.0-255,66,41696,73,243671
32221,0.000399,74.125.24.0-255,1484,43180,73,243671
32222,0.000401,172.31.40.0-255,66,43246,73,243671
32223,0.000434,74.125.24.0-255,5379,48625,73,243671
32224,0.000437,172.31.40.0-255,66,48691,73,243671
32225,0.000452,172.31.40.0-255,66,48757,73,243671
32226,0.000456,74.125.24.0-255,2543,51300,73,243671
32227,0.000459,172.31.40.0-255,66,51366,73,243671
32228,0.000822,74.125.24.0-255,408,51774,73,243671
32229,0.001205,74.125.24.0-255,1484,53258,73,243671
32230,0.001211,172.31.40.0-255,66,53324,73,243671
32231,0.001218,74.125.24.0-255,2902,56226,73,243671
32232,0.00122,172.31.40.0-255,66,56292,73,243671
32233,0.001225,74.125.24.0-255,2902,59194,73,243671
32234,0.001227,172.31.40.0-255,66,59260,73,243671
32235,0.001254,74.125.24.0-255,1484,60744,73,243671
32236,0.001266,172.31.40.0-255,66,60810,73,243671
32237,0.001288,172.31.40.0-255,66,60876,73,243671
32238,0.001309,172.31.40.0-255,66,60942,73,243671
32239,0.001389,74.125.24.0-255,335,61277,73,243671
32240,0.001421,74.125.24.0-255,1484,62761,73,243671
32241,0.001424,172.31.40.0-255,66,62827,73,243671
32242,0.001431,74.125.24.0-255,4320,67147,73,243671
32243,0.001433,172.31.40.0-255,66,67213,73,243671
32244,0.001473,172.31.40.0-255,66,67279,73,243671
32245,0.001509,172.31.40.0-255,66,67345,73,243671
32246,0.001558,74.125.24.0-255,2184,69529,73,243671
32247,0.001562,172.31.40.0-255,66,69595,73,243671
32248,0.001633,74.125.24.0-255,1484,71079,73,243671
32249,0.001641,74.125.24.0-255,2902,73981,73,243671
32250,0.001644,172.31.40.0-255,66,74047,73,243671
32251,0.001666,74.125.24.0-255,5738,79785,73,243671
32252,0.001669,172.31.40.0-255,66,79851,73,243671
32253,0.001698,172.31.40.0-255,66,79917,73,243671
32254,0.00174,172.31.40.0-255,66,79983,73,243671
32255,0.001761,74.125.24.0-255,3602,83585,73,243671
32256,0.001765,172.31.40.0-255,66,83651,73,243671
32257,0.0018,74.125.24.0-255,1484,85135,73,243671
32258,0.001822,74.125.24.0-255,2902,88037,73,243671
32259,0.001825,172.31.40.0-255,66,88103,73,243671
32260,0.001831,74.125.24.0-255,5738,93841,73,243671
32261,0.001834,172.31.40.0-255,66,93907,73,243671
32262,0.001875,172.31.40.0-255,66,93973,73,243671
32263,0.001916,172.31.40.0-255,66,94039,73,243671
32264,0.002204,74.125.24.0-255,1484,95523,73,243671
32265,0.00221,74.125.24.0-255,2902,98425,73,243671
32266,0.002213,172.31.40.0-255,66,98491,73,243671
32267,0.002242,74.125.24.0-255,5738,104229,73,243671
32268,0.002245,172.31.40.0-255,66,104295,73,243671
32269,0.002251,74.125.24.0-255,5738,110033,73,243671
32270,0.002253,172.31.40.0-255,66,110099,73,243671
32271,0.002258,74.125.24.0-255,2902,113001,73,243671
32272,0.00226,172.31.40.0-255,66,113067,73,243671
32273,0.002294,74.125.24.0-255,5020,118087,73,243671
32274,0.002298,172.31.40.0-255,66,118153,73,243671
32275,0.0023,172.31.40.0-255,66,118219,73,243671
32276,0.004543,74.125.24.0-255,5738,123957,73,243671
32277,0.00455,172.31.40.0-255,66,124023,73,243671
32278,0.006794,74.125.24.0-255,4320,128343,73,243671
32279,0.006798,172.31.40.0-255,66,128409,73,243671
32280,0.006814,74.125.24.0-255,1484,129893,73,243671
32281,0.009053,74.125.24.0-255,4320,134213,73,243671
32282,0.00906,172.31.40.0-255,66,134279,73,243671
32283,0.011315,74.125.24.0-255,5738,140017,73,243671
32284,0.011323,172.31.40.0-255,66,140083,73,243671
32285,0.013577,74.125.24.0-255,5738,145821,73,243671
32286,0.013585,172.31.40.0-255,66,145887,73,243671
32287,0.015853,74.125.24.0-255,5738,151625,73,243671
32288,0.015861,172.31.40.0-255,66,151691,73,243671
32289,0.018117,74.125.24.0-255,5738,157429,73,243671
32290,0.018126,172.31.40.0-255,66,157495,73,243671
32291,0.020381,74.125.24.0-255,5738,163233,73,243671
32292,0.020388,172.31.40.0-255,66,163299,73,243671
32293,0.022623,74.125.24.0-255,5738,169037,73,243671
32294,0.022631,172.31.40.0-255,66,169103,73,243671
32295,0.024896,74.125.24.0-255,5738,174841,73,243671
32296,0.024905,172.31.40.0-255,66,174907,73,243671
32297,0.027158,74.125.24.0-255,5738,180645,73,243671
32298,0.027164,172.31.40.0-255,66,180711,73,243671
32299,0.028219,172.31.40.0-255,192,180903,73,243671
32300,0.028248,172.31.40.0-255,1115,182018,73,243671
32301,0.028299,172.31.40.0-255,1514,183532,73,243671
32302,0.028301,172.31.40.0-255,1514,185046,73,243671
32303,0.028305,172.31.40.0-255,1514,186560,73,243671
32304,0.028306,172.31.40.0-255,159,186719,73,243671
32305,0.029414,74.125.24.0-255,5738,192457,73,243671
32306,0.029421,172.31.40.0-255,66,192523,73,243671
32307,0.029744,104.244.42.0-255,66,192589,73,243671
32308,0.029777,104.244.42.0-255,66,192655,73,243671
32309,0.029802,104.244.42.0-255,66,192721,73,243671
32310,0.029862,104.244.42.0-255,66,192787,73,243671
32311,0.031674,74.125.24.0-255,5738,198525,73,243671
32312,0.031679,172.31.40.0-255,66,198591,73,243671
32313,0.033993,74.125.24.0-255,5738,204329,73,243671
32314,0.034,172.31.40.0-255,66,204395,73,243671
32315,0.036261,74.125.24.0-255,5738,210133,73,243671
32316,0.036267,172.31.40.0-255,66,210199,73,243671
32317,0.038523,74.125.24.0-255,5738,215937,73,243671
32318,0.038529,172.31.40.0-255,66,216003,73,243671
32319,0.040787,74.125.24.0-255,5738,221741,73,243671
32320,0.040793,172.31.40.0-255,66,221807,73,243671
32321,0.043054,74.125.24.0-255,5738,227545,73,243671
32322,0.04306,172.31.40.0-255,66,227611,73,243671
32323,0.045332,74.125.24.0-255,4320,231931,73,243671
32324,0.045341,172.31.40.0-255,66,231997,73,243671
32325,0.045361,74.125.24.0-255,1484,233481,73,243671
32326,0.047611,74.125.24.0-255,4320,237801,73,243671
32327,0.047621,172.31.40.0-255,66,237867,73,243671
32328,0.049885,74.125.24.0-255,5738,243605,73,243671
32329,0.049891,172.31.40.0-255,66,243671,73,243671
32330,0.0,172.217.194.0-255,153,153,73,226593
32331,2.2e-05,172.31.40.0-255,66,219,73,226593
32332,2.9e-05,172.217.194.0-255,1484,1703,73,226593
32333,3.4e-05,172.31.40.0-255,66,1769,73,226593
32334,4e-05,172.217.194.0-255,2902,4671,73,226593
32335,5.1e-05,172.31.40.0-255,66,4737,73,226593
32336,5.9e-05,172.217.194.0-255,7156,11893,73,226593
32337,6.2e-05,172.31.40.0-255,66,11959,73,226593
32338,6.6e-05,172.217.194.0-255,2020,13979,73,226593
32339,6.8e-05,172.31.40.0-255,66,14045,73,226593
32340,0.000113,172.217.194.0-255,1484,15529,73,226593
32341,0.000116,172.31.40.0-255,66,15595,73,226593
32342,0.000122,172.217.194.0-255,2902,18497,73,226593
32343,0.000124,172.31.40.0-255,66,18563,73,226593
32344,0.000127,172.217.194.0-255,1484,20047,73,226593
32345,0.000134,172.31.40.0-255,66,20113,73,226593
32346,0.000162,172.217.194.0-255,4320,24433,73,226593
32347,0.000164,172.31.40.0-255,66,24499,73,226593
32348,0.000177,172.31.40.0-255,66,24565,73,226593
32349,0.000198,172.217.194.0-255,4320,28885,73,226593
32350,0.000201,172.31.40.0-255,66,28951,73,226593
32351,0.00023,172.217.194.0-255,7156,36107,73,226593
32352,0.000232,172.31.40.0-255,66,36173,73,226593
32353,0.000246,172.31.40.0-255,66,36239,73,226593
32354,0.000277,172.217.194.0-255,6711,42950,73,226593
32355,0.000279,172.31.40.0-255,66,43016,73,226593
32356,0.000282,172.217.194.0-255,120,43136,73,226593
32357,0.000285,172.31.40.0-255,66,43202,73,226593
32358,0.000308,172.217.194.0-255,380,43582,73,226593
32359,0.000311,172.31.40.0-255,66,43648,73,226593
32360,0.000461,172.217.194.0-255,1484,45132,73,226593
32361,0.000469,172.217.194.0-255,2902,48034,73,226593
32362,0.000472,172.31.40.0-255,66,48100,73,226593
32363,0.000496,172.217.194.0-255,5738,53838,73,226593
32364,0.000499,172.31.40.0-255,66,53904,73,226593
32365,0.000528,172.217.194.0-255,6797,60701,73,226593
32366,0.000531,172.31.40.0-255,66,60767,73,226593
32367,0.000558,172.217.194.0-255,7156,67923,73,226593
32368,0.000561,172.31.40.0-255,66,67989,73,226593
32369,0.000566,172.217.194.0-255,2902,70891,73,226593
32370,0.000568,172.31.40.0-255,66,70957,73,226593
32371,0.000583,172.217.194.0-255,5738,76695,73,226593
32372,0.000586,172.31.40.0-255,66,76761,73,226593
32373,0.000611,172.217.194.0-255,1125,77886,73,226593
32374,0.001243,172.217.194.0-255,1484,79370,73,226593
32375,0.001248,172.31.40.0-255,66,79436,73,226593
32376,0.001254,172.217.194.0-255,2902,82338,73,226593
32377,0.001256,172.31.40.0-255,66,82404,73,226593
32378,0.001289,172.217.194.0-255,5738,88142,73,226593
32379,0.001292,172.31.40.0-255,66,88208,73,226593
32380,0.001298,172.217.194.0-255,4320,92528,73,226593
32381,0.0013,172.31.40.0-255,66,92594,73,226593
32382,0.001305,172.217.194.0-255,4320,96914,73,226593
32383,0.001308,172.31.40.0-255,66,96980,73,226593
32384,0.001346,172.217.194.0-255,7156,104136,73,226593
32385,0.001349,172.31.40.0-255,66,104202,73,226593
32386,0.00136,172.31.40.0-255,66,104268,73,226593
32387,0.001384,172.217.194.0-255,1484,105752,73,226593
32388,0.001411,172.217.194.0-255,2902,108654,73,226593
32389,0.001414,172.31.40.0-255,66,108720,73,226593
32390,0.001421,172.217.194.0-255,5738,114458,73,226593
32391,0.001423,172.31.40.0-255,66,114524,73,226593
32392,0.001451,172.217.194.0-255,1484,116008,73,226593
32393,0.001467,172.217.194.0-255,5738,121746,73,226593
32394,0.00147,172.31.40.0-255,66,121812,73,226593
32395,0.001501,172.217.194.0-255,5738,127550,73,226593
32396,0.001504,172.31.40.0-255,66,127616,73,226593
32397,0.001516,172.31.40.0-255,66,127682,73,226593
32398,0.001537,172.217.194.0-255,1484,129166,73,226593
32399,0.001543,172.217.194.0-255,2902,132068,73,226593
32400,0.001545,172.31.40.0-255,66,132134,73,226593
32401,0.001575,172.217.194.0-255,5738,137872,73,226593
32402,0.001578,172.31.40.0-255,66,137938,73,226593
32403,0.00162,172.31.40.0-255,66,138004,73,226593
32404,0.001633,172.31.40.0-255,66,138070,73,226593
32405,0.001671,172.217.194.0-255,1484,139554,73,226593
32406,0.001708,172.217.194.0-255,1484,141038,73,226593
32407,0.001713,172.31.40.0-255,66,141104,73,226593
32408,0.001724,172.217.194.0-255,2902,144006,73,226593
32409,0.001727,172.31.40.0-255,66,144072,73,226593
32410,0.001737,172.217.194.0-255,5738,149810,73,226593
32411,0.00174,172.31.40.0-255,66,149876,73,226593
32412,0.001762,172.217.194.0-255,4320,154196,73,226593
32413,0.001765,172.31.40.0-255,66,154262,73,226593
32414,0.001794,172.217.194.0-255,7156,161418,73,226593
32415,0.001831,172.31.40.0-255,66,161484,73,226593
32416,0.001866,172.31.40.0-255,66,161550,73,226593
32417,0.001879,172.31.40.0-255,66,161616,73,226593
32418,0.001881,172.217.194.0-255,1484,163100,73,226593
32419,0.001914,172.217.194.0-255,4320,167420,73,226593
32420,0.001917,172.31.40.0-255,66,167486,73,226593
32421,0.001946,172.31.40.0-255,66,167552,73,226593
32422,0.001953,172.217.194.0-255,6438,173990,73,226593
32423,0.001956,172.31.40.0-255,66,174056,73,226593
32424,0.002,172.31.40.0-255,66,174122,73,226593
32425,0.002026,172.217.194.0-255,7156,181278,73,226593
32426,0.00203,172.31.40.0-255,66,181344,73,226593
32427,0.002042,172.31.40.0-255,66,181410,73,226593
32428,0.002084,172.217.194.0-255,1484,182894,73,226593
32429,0.00209,172.217.194.0-255,2902,185796,73,226593
32430,0.002092,172.31.40.0-255,66,185862,73,226593
32431,0.002096,172.217.194.0-255,1484,187346,73,226593
32432,0.002119,172.217.194.0-255,4320,191666,73,226593
32433,0.002122,172.31.40.0-255,66,191732,73,226593
32434,0.002133,172.31.40.0-255,66,191798,73,226593
32435,0.002165,172.217.194.0-255,1484,193282,73,226593
32436,0.002181,172.31.40.0-255,66,193348,73,226593
32437,0.002205,172.217.194.0-255,1484,194832,73,226593
32438,0.002209,172.217.194.0-255,2902,197734,73,226593
32439,0.002212,172.31.40.0-255,66,197800,73,226593
32440,0.002215,172.217.194.0-255,1484,199284,73,226593
32441,0.002244,172.217.194.0-255,4320,203604,73,226593
32442,0.002247,172.31.40.0-255,66,203670,73,226593
32443,0.00225,172.217.194.0-255,1484,205154,73,226593
32444,0.002268,172.31.40.0-255,66,205220,73,226593
32445,0.002293,172.217.194.0-255,5738,210958,73,226593
32446,0.002296,172.31.40.0-255,66,211024,73,226593
32447,0.002333,172.31.40.0-255,66,211090,73,226593
32448,0.002344,172.31.40.0-255,66,211156,73,226593
32449,0.002388,172.217.194.0-255,7156,218312,73,226593
32450,0.002391,172.31.40.0-255,66,218378,73,226593
32451,0.002404,172.31.40.0-255,66,218444,73,226593
32452,0.002417,172.31.40.0-255,66,218510,73,226593
32453,0.002419,172.217.194.0-255,1388,219898,73,226593
32454,0.004655,172.31.40.0-255,66,219964,73,226593
32455,0.004731,172.217.194.0-255,136,220100,73,226593
32456,0.004802,172.31.40.0-255,66,220166,73,226593
32457,0.004836,172.31.40.0-255,105,220271,73,226593
32458,0.007131,172.217.194.0-255,66,220337,73,226593
32459,0.031719,172.31.40.0-255,176,220513,73,226593
32460,0.031754,172.31.40.0-255,1114,221627,73,226593
32461,0.031818,172.31.40.0-255,1514,223141,73,226593
32462,0.03182,172.31.40.0-255,1514,224655,73,226593
32463,0.031825,172.31.40.0-255,1514,226169,73,226593
32464,0.031826,172.31.40.0-255,160,226329,73,226593
32465,0.033274,104.244.42.0-255,66,226395,73,226593
32466,0.033311,104.244.42.0-255,66,226461,73,226593
32467,0.033348,104.244.42.0-255,66,226527,73,226593
32468,0.033362,104.244.42.0-255,66,226593,73,226593
32469,0.0,74.125.68.0-255,143,143,73,237474
32470,2.2e-05,172.31.40.0-255,66,209,73,237474
32471,2.9e-05,74.125.68.0-255,1484,1693,73,237474
32472,3.4e-05,172.31.40.0-255,66,1759,73,237474
32473,4.8e-05,74.125.68.0-255,2902,4661,73,237474
32474,5.3e-05,172.31.40.0-255,66,4727,73,237474
32475,6.1e-05,74.125.68.0-255,7156,11883,73,237474
32476,6.5e-05,172.31.40.0-255,66,11949,73,237474
32477,6.9e-05,74.125.68.0-255,2091,14040,73,237474
32478,7.2e-05,172.31.40.0-255,66,14106,73,237474
32479,9.4e-05,74.125.68.0-255,5738,19844,73,237474
32480,9.7e-05,172.31.40.0-255,66,19910,73,237474
32481,0.000124,74.125.68.0-255,5738,25648,73,237474
32482,0.000127,172.31.40.0-255,66,25714,73,237474
32483,0.000132,74.125.68.0-255,4320,30034,73,237474
32484,0.000135,172.31.40.0-255,66,30100,73,237474
32485,0.000139,74.125.68.0-255,1125,31225,73,237474
32486,0.000142,172.31.40.0-255,66,31291,73,237474
32487,0.000367,74.125.68.0-255,1484,32775,73,237474
32488,0.000372,172.31.40.0-255,66,32841,73,237474
32489,0.000376,74.125.68.0-255,1484,34325,73,237474
32490,0.000379,172.31.40.0-255,66,34391,73,237474
32491,0.000399,74.125.68.0-255,1484,35875,73,237474
32492,0.000402,172.31.40.0-255,66,35941,73,237474
32493,0.00041,74.125.68.0-255,5738,41679,73,237474
32494,0.000412,172.31.40.0-255,66,41745,73,237474
32495,0.000416,74.125.68.0-255,2902,44647,73,237474
32496,0.000419,172.31.40.0-255,66,44713,73,237474
32497,0.000424,74.125.68.0-255,3961,48674,73,237474
32498,0.000427,172.31.40.0-255,66,48740,73,237474
32499,0.000458,74.125.68.0-255,2902,51642,73,237474
32500,0.000461,172.31.40.0-255,66,51708,73,237474
32501,0.000488,74.125.68.0-255,5738,57446,73,237474
32502,0.000492,172.31.40.0-255,66,57512,73,237474
32503,0.000553,172.31.40.0-255,66,57578,73,237474
32504,0.000555,74.125.68.0-255,646,58224,73,237474
32505,0.000845,74.125.68.0-255,1484,59708,73,237474
32506,0.00085,172.31.40.0-255,66,59774,73,237474
32507,0.000881,74.125.68.0-255,2902,62676,73,237474
32508,0.000884,172.31.40.0-255,66,62742,73,237474
32509,0.00089,74.125.68.0-255,5738,68480,73,237474
32510,0.000893,172.31.40.0-255,66,68546,73,237474
32511,0.000897,74.125.68.0-255,2902,71448,73,237474
32512,0.000899,172.31.40.0-255,66,71514,73,237474
32513,0.000905,74.125.68.0-255,4320,75834,73,237474
32514,0.000907,172.31.40.0-255,66,75900,73,237474
32515,0.00093,74.125.68.0-255,2902,78802,73,237474
32516,0.000933,172.31.40.0-255,66,78868,73,237474
32517,0.000967,74.125.68.0-255,5738,84606,73,237474
32518,0.000971,172.31.40.0-255,66,84672,73,237474
32519,0.000976,74.125.68.0-255,4320,88992,73,237474
32520,0.000978,172.31.40.0-255,66,89058,73,237474
32521,0.001005,74.125.68.0-255,3602,92660,73,237474
32522,0.001008,172.31.40.0-255,66,92726,73,237474
32523,0.002102,74.125.68.0-255,1484,94210,73,237474
32524,0.002128,74.125.68.0-255,1484,95694,73,237474
32525,0.002133,172.31.40.0-255,66,95760,73,237474
32526,0.002137,74.125.68.0-255,1484,97244,73,237474
32527,0.002162,74.125.68.0-255,1484,98728,73,237474
32528,0.002164,172.31.40.0-255,66,98794,73,237474
32529,0.00219,74.125.68.0-255,1484,100278,73,237474
32530,0.002213,74.125.68.0-255,2902,103180,73,237474
32531,0.002216,172.31.40.0-255,66,103246,73,237474
32532,0.002238,74.125.68.0-255,1484,104730,73,237474
32533,0.002252,74.125.68.0-255,2902,107632,73,237474
32534,0.002254,172.31.40.0-255,66,107698,73,237474
32535,0.002282,74.125.68.0-255,1484,109182,73,237474
32536,0.002293,74.125.68.0-255,1484,110666,73,237474
32537,0.002295,172.31.40.0-255,66,110732,73,237474
32538,0.002325,74.125.68.0-255,4320,115052,73,237474
32539,0.002327,172.31.40.0-255,66,115118,73,237474
32540,0.002351,74.125.68.0-255,1484,116602,73,237474
32541,0.002355,74.125.68.0-255,2902,119504,73,237474
32542,0.002358,172.31.40.0-255,66,119570,73,237474
32543,0.002387,74.125.68.0-255,5738,125308,73,237474
32544,0.002389,172.31.40.0-255,66,125374,73,237474
32545,0.002393,74.125.68.0-255,2184,127558,73,237474
32546,0.002395,172.31.40.0-255,66,127624,73,237474
32547,0.004967,74.125.68.0-255,4320,131944,73,237474
32548,0.00497,172.31.40.0-255,66,132010,73,237474
32549,0.004999,74.125.68.0-255,1484,133494,73,237474
32550,0.007572,74.125.68.0-255,4320,137814,73,237474
32551,0.007579,172.31.40.0-255,66,137880,73,237474
32552,0.010173,74.125.68.0-255,5738,143618,73,237474
32553,0.010182,172.31.40.0-255,66,143684,73,237474
32554,0.012772,74.125.68.0-255,5738,149422,73,237474
32555,0.012782,172.31.40.0-255,66,149488,73,237474
32556,0.015379,74.125.68.0-255,5738,155226,73,237474
32557,0.01539,172.31.40.0-255,66,155292,73,237474
32558,0.017985,74.125.68.0-255,5738,161030,73,237474
32559,0.017993,172.31.40.0-255,66,161096,73,237474
32560,0.020598,74.125.68.0-255,5738,166834,73,237474
32561,0.020606,172.31.40.0-255,66,166900,73,237474
32562,0.023213,74.125.68.0-255,5738,172638,73,237474
32563,0.023222,172.31.40.0-255,66,172704,73,237474
32564,0.025798,74.125.68.0-255,2902,175606,73,237474
32565,0.025805,172.31.40.0-255,66,175672,73,237474
32566,0.025837,74.125.68.0-255,2902,178574,73,237474
32567,0.025841,172.31.40.0-255,66,178640,73,237474
32568,0.026596,172.31.40.0-255,188,178828,73,237474
32569,0.026625,172.31.40.0-255,958,179786,73,237474
32570,0.026677,172.31.40.0-255,1514,181300,73,237474
32571,0.026678,172.31.40.0-255,1514,182814,73,237474
32572,0.026682,172.31.40.0-255,1514,184328,73,237474
32573,0.026683,172.31.40.0-255,316,184644,73,237474
32574,0.028196,104.244.42.0-255,66,184710,73,237474
32575,0.028224,104.244.42.0-255,66,184776,73,237474
32576,0.028242,104.244.42.0-255,66,184842,73,237474
32577,0.02829,104.244.42.0-255,66,184908,73,237474
32578,0.0284,74.125.68.0-255,2902,187810,73,237474
32579,0.028406,172.31.40.0-255,66,187876,73,237474
32580,0.02844,74.125.68.0-255,2902,190778,73,237474
32581,0.028443,172.31.40.0-255,66,190844,73,237474
32582,0.030999,74.125.68.0-255,2902,193746,73,237474
32583,0.031006,172.31.40.0-255,66,193812,73,237474
32584,0.031037,74.125.68.0-255,2902,196714,73,237474
32585,0.03104,172.31.40.0-255,66,196780,73,237474
32586,0.033603,74.125.68.0-255,1484,198264,73,237474
32587,0.03363,74.125.68.0-255,4320,202584,73,237474
32588,0.033635,172.31.40.0-255,66,202650,73,237474
32589,0.036244,74.125.68.0-255,5738,208388,73,237474
32590,0.03625,172.31.40.0-255,66,208454,73,237474
32591,0.038858,74.125.68.0-255,5738,214192,73,237474
32592,0.038864,172.31.40.0-255,66,214258,73,237474
32593,0.041476,74.125.68.0-255,5738,219996,73,237474
32594,0.041483,172.31.40.0-255,66,220062,73,237474
32595,0.044072,74.125.68.0-255,5738,225800,73,237474
32596,0.044078,172.31.40.0-255,66,225866,73,237474
32597,0.04668,74.125.68.0-255,5738,231604,73,237474
32598,0.046686,172.31.40.0-255,66,231670,73,237474
32599,0.049294,74.125.68.0-255,5738,237408,73,237474
32600,0.049301,172.31.40.0-255,66,237474,73,237474
32601,0.0,172.217.194.0-255,144,144,73,232410
32602,2.4e-05,172.31.40.0-255,66,210,73,232410
32603,3e-05,172.217.194.0-255,1484,1694,73,232410
32604,3.5e-05,172.31.40.0-255,66,1760,73,232410
32605,4.1e-05,172.217.194.0-255,2902,4662,73,232410
32606,4.5e-05,172.31.40.0-255,66,4728,73,232410
32607,6.1e-05,172.217.194.0-255,7156,11884,73,232410
32608,6.3e-05,172.31.40.0-255,66,11950,73,232410
32609,6.8e-05,172.217.194.0-255,1912,13862,73,232410
32610,7.1e-05,172.31.40.0-255,66,13928,73,232410
32611,7.5e-05,172.217.194.0-255,1484,15412,73,232410
32612,7.7e-05,172.31.40.0-255,66,15478,73,232410
32613,0.000116,172.217.194.0-255,1484,16962,73,232410
32614,0.00012,172.31.40.0-255,66,17028,73,232410
32615,0.000129,172.217.194.0-255,7156,24184,73,232410
32616,0.000132,172.31.40.0-255,66,24250,73,232410
32617,0.000139,172.217.194.0-255,6797,31047,73,232410
32618,0.000142,172.31.40.0-255,66,31113,73,232410
32619,0.000337,172.217.194.0-255,1484,32597,73,232410
32620,0.000342,172.31.40.0-255,66,32663,73,232410
32621,0.000348,172.217.194.0-255,2902,35565,73,232410
32622,0.00035,172.31.40.0-255,66,35631,73,232410
32623,0.000353,172.217.194.0-255,1484,37115,73,232410
32624,0.000356,172.31.40.0-255,66,37181,73,232410
32625,0.000385,172.217.194.0-255,4320,41501,73,232410
32626,0.000388,172.31.40.0-255,66,41567,73,232410
32627,0.000397,172.217.194.0-255,6797,48364,73,232410
32628,0.0004,172.31.40.0-255,66,48430,73,232410
32629,0.000432,172.217.194.0-255,5738,54168,73,232410
32630,0.000435,172.31.40.0-255,66,54234,73,232410
32631,0.000472,172.31.40.0-255,66,54300,73,232410
32632,0.000486,172.217.194.0-255,2543,56843,73,232410
32633,0.000491,172.31.40.0-255,66,56909,73,232410
32634,0.000592,172.217.194.0-255,647,57556,73,232410
32635,0.000717,172.217.194.0-255,1484,59040,73,232410
32636,0.000722,172.31.40.0-255,66,59106,73,232410
32637,0.000726,172.217.194.0-255,1484,60590,73,232410
32638,0.00077,172.217.194.0-255,1484,62074,73,232410
32639,0.000774,172.31.40.0-255,66,62140,73,232410
32640,0.000781,172.217.194.0-255,5738,67878,73,232410
32641,0.000784,172.31.40.0-255,66,67944,73,232410
32642,0.000798,172.31.40.0-255,66,68010,73,232410
32643,0.00081,172.31.40.0-255,66,68076,73,232410
32644,0.000894,172.217.194.0-255,1484,69560,73,232410
32645,0.0009,172.217.194.0-255,2902,72462,73,232410
32646,0.000903,172.31.40.0-255,66,72528,73,232410
32647,0.000909,172.217.194.0-255,5738,78266,73,232410
32648,0.000937,172.217.194.0-255,4320,82586,73,232410
32649,0.000971,172.31.40.0-255,66,82652,73,232410
32650,0.00102,172.217.194.0-255,766,83418,73,232410
32651,0.00103,172.31.40.0-255,66,83484,73,232410
32652,0.001065,172.217.194.0-255,1484,84968,73,232410
32653,0.001069,172.217.194.0-255,1484,86452,73,232410
32654,0.001081,172.217.194.0-255,1484,87936,73,232410
32655,0.001087,172.217.194.0-255,5738,93674,73,232410
32656,0.001102,172.217.194.0-255,1484,95158,73,232410
32657,0.001128,172.31.40.0-255,66,95224,73,232410
32658,0.001134,172.31.40.0-255,66,95290,73,232410
32659,0.001178,172.31.40.0-255,66,95356,73,232410
32660,0.001927,172.217.194.0-255,1484,96840,73,232410
32661,0.001935,172.217.194.0-255,2902,99742,73,232410
32662,0.001939,172.31.40.0-255,66,99808,73,232410
32663,0.001974,172.217.194.0-255,2902,102710,73,232410
32664,0.001977,172.31.40.0-255,66,102776,73,232410
32665,0.001983,172.217.194.0-255,4320,107096,73,232410
32666,0.001986,172.31.40.0-255,66,107162,73,232410
32667,0.001997,172.31.40.0-255,66,107228,73,232410
32668,0.002054,172.217.194.0-255,1484,108712,73,232410
32669,0.002077,172.217.194.0-255,2902,111614,73,232410
32670,0.002083,172.217.194.0-255,4320,115934,73,232410
32671,0.002093,172.31.40.0-255,66,116000,73,232410
32672,0.002097,172.217.194.0-255,1484,117484,73,232410
32673,0.002136,172.217.194.0-255,4320,121804,73,232410
32674,0.002139,172.217.194.0-255,1484,123288,73,232410
32675,0.002147,172.31.40.0-255,66,123354,73,232410
32676,0.002186,172.31.40.0-255,66,123420,73,232410
32677,0.002264,172.217.194.0-255,1484,124904,73,232410
32678,0.002268,172.217.194.0-255,1484,126388,73,232410
32679,0.00228,172.217.194.0-255,1484,127872,73,232410
32680,0.002287,172.31.40.0-255,66,127938,73,232410
32681,0.002315,172.217.194.0-255,5738,133676,73,232410
32682,0.008536,172.31.40.0-255,66,133742,73,232410
32683,0.010852,172.217.194.0-255,5738,139480,73,232410
32684,0.010869,172.31.40.0-255,66,139546,73,232410
32685,0.013172,172.217.194.0-255,5738,145284,73,232410
32686,0.013183,172.31.40.0-255,66,145350,73,232410
32687,0.015519,172.217.194.0-255,5738,151088,73,232410
32688,0.015532,172.31.40.0-255,66,151154,73,232410
32689,0.017849,172.217.194.0-255,5738,156892,73,232410
32690,0.017866,172.31.40.0-255,66,156958,73,232410
32691,0.020178,172.217.194.0-255,5738,162696,73,232410
32692,0.020197,172.31.40.0-255,66,162762,73,232410
32693,0.022515,172.217.194.0-255,5738,168500,73,232410
32694,0.022535,172.31.40.0-255,66,168566,73,232410
32695,0.024842,172.217.194.0-255,5738,174304,73,232410
32696,0.024861,172.31.40.0-255,66,174370,73,232410
32697,0.02716,172.217.194.0-255,5738,180108,73,232410
32698,0.027203,172.31.40.0-255,66,180174,73,232410
32699,0.029512,172.217.194.0-255,5738,185912,73,232410
32700,0.029529,172.31.40.0-255,66,185978,73,232410
32701,0.03186,172.217.194.0-255,5738,191716,73,232410
32702,0.031876,172.31.40.0-255,66,191782,73,232410
32703,0.034161,172.217.194.0-255,5738,197520,73,232410
32704,0.034179,172.31.40.0-255,66,197586,73,232410
32705,0.036494,172.217.194.0-255,5738,203324,73,232410
32706,0.036513,172.31.40.0-255,66,203390,73,232410
32707,0.038805,172.217.194.0-255,5738,209128,73,232410
32708,0.038815,172.31.40.0-255,66,209194,73,232410
32709,0.041132,172.217.194.0-255,5738,214932,73,232410
32710,0.041156,172.31.40.0-255,66,214998,73,232410
32711,0.043487,172.217.194.0-255,5738,220736,73,232410
32712,0.043509,172.31.40.0-255,66,220802,73,232410
32713,0.045817,172.217.194.0-255,5738,226540,73,232410
32714,0.045835,172.31.40.0-255,66,226606,73,232410
32715,0.048156,172.217.194.0-255,5738,232344,73,232410
32716,0.048177,172.31.40.0-255,66,232410,73,232410
32717,0.0,172.217.194.0-255,150,150,73,245252
32718,2.4e-05,172.31.40.0-255,66,216,73,245252
32719,3.1e-05,172.217.194.0-255,1484,1700,73,245252
32720,3.6e-05,172.31.40.0-255,66,1766,73,245252
32721,5e-05,172.217.194.0-255,2902,4668,73,245252
32722,5.4e-05,172.31.40.0-255,66,4734,73,245252
32723,6.2e-05,172.217.194.0-255,7156,11890,73,245252
32724,6.6e-05,172.31.40.0-255,66,11956,73,245252
32725,0.000101,172.217.194.0-255,5738,17694,73,245252
32726,0.000104,172.31.40.0-255,66,17760,73,245252
32727,0.000135,172.217.194.0-255,2029,19789,73,245252
32728,0.000138,172.31.40.0-255,66,19855,73,245252
32729,0.000144,172.217.194.0-255,5738,25593,73,245252
32730,0.000147,172.31.40.0-255,66,25659,73,245252
32731,0.000168,172.31.40.0-255,66,25725,73,245252
32732,0.000175,172.217.194.0-255,6438,32163,73,245252
32733,0.000177,172.31.40.0-255,66,32229,73,245252
32734,0.000235,172.31.40.0-255,66,32295,73,245252
32735,0.000263,172.217.194.0-255,1484,33779,73,245252
32736,0.000266,172.31.40.0-255,66,33845,73,245252
32737,0.000272,172.217.194.0-255,1125,34970,73,245252
32738,0.000274,172.31.40.0-255,66,35036,73,245252
32739,0.000297,172.217.194.0-255,1484,36520,73,245252
32740,0.000299,172.31.40.0-255,66,36586,73,245252
32741,0.000303,172.217.194.0-255,1484,38070,73,245252
32742,0.000304,172.31.40.0-255,66,38136,73,245252
32743,0.000326,172.217.194.0-255,1484,39620,73,245252
32744,0.000328,172.31.40.0-255,66,39686,73,245252
32745,0.000338,172.217.194.0-255,5738,45424,73,245252
32746,0.000341,172.31.40.0-255,66,45490,73,245252
32747,0.000369,172.217.194.0-255,1484,46974,73,245252
32748,0.000412,172.31.40.0-255,66,47040,73,245252
32749,0.000424,172.31.40.0-255,66,47106,73,245252
32750,0.00043,172.217.194.0-255,5738,52844,73,245252
32751,0.000432,172.31.40.0-255,66,52910,73,245252
32752,0.000439,172.217.194.0-255,5738,58648,73,245252
32753,0.000441,172.31.40.0-255,66,58714,73,245252
32754,0.000466,172.217.194.0-255,1484,60198,73,245252
32755,0.000472,172.217.194.0-255,3847,64045,73,245252
32756,0.000474,172.31.40.0-255,66,64111,73,245252
32757,0.000498,172.217.194.0-255,197,64308,73,245252
32758,0.000688,172.217.194.0-255,1484,65792,73,245252
32759,0.000695,172.31.40.0-255,66,65858,73,245252
32760,0.000701,172.217.194.0-255,2902,68760,73,245252
32761,0.000703,172.31.40.0-255,66,68826,73,245252
32762,0.000709,172.217.194.0-255,4320,73146,73,245252
32763,0.000741,172.217.194.0-255,1484,74630,73,245252
32764,0.000746,172.217.194.0-255,2902,77532,73,245252
32765,0.000756,172.31.40.0-255,66,77598,73,245252
32766,0.00079,172.217.194.0-255,4320,81918,73,245252
32767,0.000807,172.217.194.0-255,2184,84102,73,245252
32768,0.000823,172.31.40.0-255,66,84168,73,245252
32769,0.001053,172.217.194.0-255,1484,85652,73,245252
32770,0.001061,172.217.194.0-255,2902,88554,73,245252
32771,0.001065,172.31.40.0-255,66,88620,73,245252
32772,0.001094,172.217.194.0-255,5738,94358,73,245252
32773,0.001097,172.217.194.0-255,1484,95842,73,245252
32774,0.001106,172.31.40.0-255,66,95908,73,245252
32775,0.001132,172.217.194.0-255,7156,103064,73,245252
32776,0.00115,172.31.40.0-255,66,103130,73,245252
32777,0.001172,172.217.194.0-255,5738,108868,73,245252
32778,0.001184,172.217.194.0-255,766,109634,73,245252
32779,0.001201,172.31.40.0-255,66,109700,73,245252
32780,0.001832,172.217.194.0-255,1484,111184,73,245252
32781,0.001839,172.217.194.0-255,2902,114086,73,245252
32782,0.001842,172.31.40.0-255,66,114152,73,245252
32783,0.001871,172.217.194.0-255,5738,119890,73,245252
32784,0.001875,172.31.40.0-255,66,119956,73,245252
32785,0.0019,172.31.40.0-255,66,120022,73,245252
32786,0.001927,172.217.194.0-255,4320,124342,73,245252
32787,0.00193,172.31.40.0-255,66,124408,73,245252
32788,0.001941,172.31.40.0-255,66,124474,73,245252
32789,0.001972,172.217.194.0-255,2184,126658,73,245252
32790,0.001975,172.217.194.0-255,1484,128142,73,245252
32791,0.001979,172.31.40.0-255,66,128208,73,245252
32792,0.002,172.217.194.0-255,1484,129692,73,245252
32793,0.002003,172.31.40.0-255,66,129758,73,245252
32794,0.002011,172.217.194.0-255,7156,136914,73,245252
32795,0.002014,172.31.40.0-255,66,136980,73,245252
32796,0.002078,172.31.40.0-255,66,137046,73,245252
32797,0.002104,172.217.194.0-255,766,137812,73,245252
32798,0.002163,172.217.194.0-255,1484,139296,73,245252
32799,0.002168,172.217.194.0-255,2902,142198,73,245252
32800,0.002198,172.217.194.0-255,5738,147936,73,245252
32801,0.002233,172.217.194.0-255,4320,152256,73,245252
32802,0.002335,172.217.194.0-255,1484,153740,73,245252
32803,0.002349,172.217.194.0-255,2902,156642,73,245252
32804,0.011028,172.217.194.0-255,1484,158126,73,245252
32805,0.012977,172.31.40.0-255,66,158192,73,245252
32806,0.015357,172.217.194.0-255,5738,163930,73,245252
32807,0.015371,172.31.40.0-255,66,163996,73,245252
32808,0.017692,172.217.194.0-255,5738,169734,73,245252
32809,0.017711,172.31.40.0-255,66,169800,73,245252
32810,0.02013,172.217.194.0-255,5738,175538,73,245252
32811,0.020151,172.31.40.0-255,66,175604,73,245252
32812,0.022539,172.217.194.0-255,5738,181342,73,245252
32813,0.022558,172.31.40.0-255,66,181408,73,245252
32814,0.024988,172.217.194.0-255,5738,187146,73,245252
32815,0.025006,172.31.40.0-255,66,187212,73,245252
32816,0.027379,172.217.194.0-255,5738,192950,73,245252
32817,0.027399,172.31.40.0-255,66,193016,73,245252
32818,0.029801,172.217.194.0-255,5738,198754,73,245252
32819,0.029818,172.31.40.0-255,66,198820,73,245252
32820,0.032164,172.217.194.0-255,5738,204558,73,245252
32821,0.032182,172.31.40.0-255,66,204624,73,245252
32822,0.034558,172.217.194.0-255,5738,210362,73,245252
32823,0.034577,172.31.40.0-255,66,210428,73,245252
32824,0.036904,172.217.194.0-255,5738,216166,73,245252
32825,0.03692,172.31.40.0-255,66,216232,73,245252
32826,0.039305,172.217.194.0-255,5738,221970,73,245252
32827,0.039321,172.31.40.0-255,66,222036,73,245252
32828,0.041691,172.217.194.0-255,5738,227774,73,245252
32829,0.041719,172.31.40.0-255,66,227840,73,245252
32830,0.044117,172.217.194.0-255,5738,233578,73,245252
32831,0.044135,172.31.40.0-255,66,233644,73,245252
32832,0.046447,172.217.194.0-255,5738,239382,73,245252
32833,0.046465,172.31.40.0-255,66,239448,73,245252
32834,0.048908,172.217.194.0-255,5738,245186,73,245252
32835,0.048929,172.31.40.0-255,66,245252,73,245252
32836,0.0,172.217.194.0-255,97,97,73,392
32837,1.3e-05,172.31.40.0-255,66,163,73,392
32838,0.004446,172.217.194.0-255,66,229,73,392
32839,0.007984,172.31.40.0-255,97,326,73,392
32840,0.009929,172.217.194.0-255,66,392,73,392
32841,0.0,74.125.24.0-255,146,146,73,221146
32842,2e-05,172.31.40.0-255,66,212,73,221146
32843,2.7e-05,74.125.24.0-255,1484,1696,73,221146
32844,3.2e-05,172.31.40.0-255,66,1762,73,221146
32845,3.7e-05,74.125.24.0-255,2902,4664,73,221146
32846,4e-05,172.31.40.0-255,66,4730,73,221146
32847,4.7e-05,74.125.24.0-255,7156,11886,73,221146
32848,5e-05,172.31.40.0-255,66,11952,73,221146
32849,5.4e-05,74.125.24.0-255,1983,13935,73,221146
32850,5.7e-05,172.31.40.0-255,66,14001,73,221146
32851,6e-05,74.125.24.0-255,1484,15485,73,221146
32852,6.3e-05,172.31.40.0-255,66,15551,73,221146
32853,0.000104,172.31.40.0-255,66,15617,73,221146
32854,0.000108,74.125.24.0-255,2902,18519,73,221146
32855,0.000111,172.31.40.0-255,66,18585,73,221146
32856,0.000123,74.125.24.0-255,2543,21128,73,221146
32857,0.000126,172.31.40.0-255,66,21194,73,221146
32858,0.000262,74.125.24.0-255,1484,22678,73,221146
32859,0.000267,172.31.40.0-255,66,22744,73,221146
32860,0.000288,74.125.24.0-255,2902,25646,73,221146
32861,0.000291,172.31.40.0-255,66,25712,73,221146
32862,0.000295,74.125.24.0-255,2902,28614,73,221146
32863,0.000297,172.31.40.0-255,66,28680,73,221146
32864,0.000314,74.125.24.0-255,2902,31582,73,221146
32865,0.000317,172.31.40.0-255,66,31648,73,221146
32866,0.000322,74.125.24.0-255,4320,35968,73,221146
32867,0.000324,172.31.40.0-255,66,36034,73,221146
32868,0.000343,74.125.24.0-255,2543,38577,73,221146
32869,0.000345,172.31.40.0-255,66,38643,73,221146
32870,0.000371,172.31.40.0-255,66,38709,73,221146
32871,0.000403,74.125.24.0-255,5738,44447,73,221146
32872,0.000406,172.31.40.0-255,66,44513,73,221146
32873,0.00041,74.125.24.0-255,2543,47056,73,221146
32874,0.000412,172.31.40.0-255,66,47122,73,221146
32875,0.000913,74.125.24.0-255,410,47532,73,221146
32876,0.001003,172.31.40.0-255,66,47598,73,221146
32877,0.001028,74.125.24.0-255,332,47930,73,221146
32878,0.001082,172.31.40.0-255,66,47996,73,221146
32879,0.001702,74.125.24.0-255,1484,49480,73,221146
32880,0.001713,74.125.24.0-255,2902,52382,73,221146
32881,0.001718,172.31.40.0-255,66,52448,73,221146
32882,0.001726,74.125.24.0-255,5738,58186,73,221146
32883,0.001729,172.31.40.0-255,66,58252,73,221146
32884,0.001742,172.31.40.0-255,66,58318,73,221146
32885,0.001764,74.125.24.0-255,5738,64056,73,221146
32886,0.001766,172.31.40.0-255,66,64122,73,221146
32887,0.001788,74.125.24.0-255,5020,69142,73,221146
32888,0.00179,172.31.40.0-255,66,69208,73,221146
32889,0.001923,74.125.24.0-255,1484,70692,73,221146
32890,0.001939,74.125.24.0-255,2902,73594,73,221146
32891,0.001941,172.31.40.0-255,66,73660,73,221146
32892,0.00196,74.125.24.0-255,5738,79398,73,221146
32893,0.001962,172.31.40.0-255,66,79464,73,221146
32894,0.001973,172.31.40.0-255,66,79530,73,221146
32895,0.002024,172.31.40.0-255,66,79596,73,221146
32896,0.002039,74.125.24.0-255,6438,86034,73,221146
32897,0.002042,172.31.40.0-255,66,86100,73,221146
32898,0.004136,74.125.24.0-255,4320,90420,73,221146
32899,0.004139,172.31.40.0-255,66,90486,73,221146
32900,0.004172,74.125.24.0-255,1484,91970,73,221146
32901,0.00623,74.125.24.0-255,4320,96290,73,221146
32902,0.006236,172.31.40.0-255,66,96356,73,221146
32903,0.008294,74.125.24.0-255,5738,102094,73,221146
32904,0.008301,172.31.40.0-255,66,102160,73,221146
32905,0.010389,74.125.24.0-255,5738,107898,73,221146
32906,0.010397,172.31.40.0-255,66,107964,73,221146
32907,0.01247,74.125.24.0-255,5738,113702,73,221146
32908,0.012477,172.31.40.0-255,66,113768,73,221146
32909,0.014557,74.125.24.0-255,5738,119506,73,221146
32910,0.014563,172.31.40.0-255,66,119572,73,221146
32911,0.016675,74.125.24.0-255,5738,125310,73,221146
32912,0.016682,172.31.40.0-255,66,125376,73,221146
32913,0.018735,74.125.24.0-255,5738,131114,73,221146
32914,0.018743,172.31.40.0-255,66,131180,73,221146
32915,0.020819,74.125.24.0-255,5738,136918,73,221146
32916,0.020826,172.31.40.0-255,66,136984,73,221146
32917,0.022904,74.125.24.0-255,5738,142722,73,221146
32918,0.022911,172.31.40.0-255,66,142788,73,221146
32919,0.024976,74.125.24.0-255,5738,148526,73,221146
32920,0.024983,172.31.40.0-255,66,148592,73,221146
32921,0.027093,74.125.24.0-255,5738,154330,73,221146
32922,0.027099,172.31.40.0-255,66,154396,73,221146
32923,0.029227,74.125.24.0-255,4320,158716,73,221146
32924,0.029234,172.31.40.0-255,66,158782,73,221146
32925,0.029254,74.125.24.0-255,1484,160266,73,221146
32926,0.031289,74.125.24.0-255,4320,164586,73,221146
32927,0.031295,172.31.40.0-255,66,164652,73,221146
32928,0.03337,74.125.24.0-255,5738,170390,73,221146
32929,0.033377,172.31.40.0-255,66,170456,73,221146
32930,0.033525,172.31.40.0-255,176,170632,73,221146
32931,0.033558,172.31.40.0-255,1114,171746,73,221146
32932,0.033695,172.31.40.0-255,1514,173260,73,221146
32933,0.033697,172.31.40.0-255,1514,174774,73,221146
32934,0.033703,172.31.40.0-255,1514,176288,73,221146
32935,0.033704,172.31.40.0-255,1514,177802,73,221146
32936,0.033724,172.31.40.0-255,1514,179316,73,221146
32937,0.03373,172.31.40.0-255,938,180254,73,221146
32938,0.035097,104.244.42.0-255,66,180320,73,221146
32939,0.035106,104.244.42.0-255,66,180386,73,221146
32940,0.035264,104.244.42.0-255,66,180452,73,221146
32941,0.035319,104.244.42.0-255,66,180518,73,221146
32942,0.035447,74.125.24.0-255,5738,186256,73,221146
32943,0.035452,172.31.40.0-255,66,186322,73,221146
32944,0.037603,74.125.24.0-255,5738,192060,73,221146
32945,0.03761,172.31.40.0-255,66,192126,73,221146
32946,0.03971,74.125.24.0-255,5738,197864,73,221146
32947,0.039716,172.31.40.0-255,66,197930,73,221146
32948,0.041782,74.125.24.0-255,5738,203668,73,221146
32949,0.041792,172.31.40.0-255,66,203734,73,221146
32950,0.043855,74.125.24.0-255,5738,209472,73,221146
32951,0.043862,172.31.40.0-255,66,209538,73,221146
32952,0.045932,74.125.24.0-255,5738,215276,73,221146
32953,0.045937,172.31.40.0-255,66,215342,73,221146
32954,0.047996,74.125.24.0-255,5738,221080,73,221146
32955,0.048001,172.31.40.0-255,66,221146,73,221146
32956,0.0,74.125.200.0-255,153,153,73,306794
32957,2.3e-05,172.31.40.0-255,66,219,73,306794
32958,3e-05,74.125.200.0-255,1484,1703,73,306794
32959,3.5e-05,172.31.40.0-255,66,1769,73,306794
32960,5.3e-05,74.125.200.0-255,1484,3253,73,306794
32961,5.6e-05,172.31.40.0-255,66,3319,73,306794
32962,8.1e-05,74.125.200.0-255,2902,6221,73,306794
32963,8.5e-05,172.31.40.0-255,66,6287,73,306794
32964,8.8e-05,74.125.200.0-255,1484,7771,73,306794
32965,9.1e-05,172.31.40.0-255,66,7837,73,306794
32966,0.000108,74.125.200.0-255,2902,10739,73,306794
32967,0.000111,172.31.40.0-255,66,10805,73,306794
32968,0.000155,74.125.200.0-255,3398,14203,73,306794
32969,0.000158,172.31.40.0-255,66,14269,73,306794
32970,0.000186,74.125.200.0-255,4320,18589,73,306794
32971,0.00019,172.31.40.0-255,66,18655,73,306794
32972,0.000199,74.125.200.0-255,1484,20139,73,306794
32973,0.000202,172.31.40.0-255,66,20205,73,306794
32974,0.000212,74.125.200.0-255,1484,21689,73,306794
32975,0.000214,172.31.40.0-255,66,21755,73,306794
32976,0.000257,74.125.200.0-255,4320,26075,73,306794
32977,0.00026,172.31.40.0-255,66,26141,73,306794
32978,0.000274,74.125.200.0-255,1484,27625,73,306794
32979,0.000277,172.31.40.0-255,66,27691,73,306794
32980,0.000307,74.125.200.0-255,3961,31652,73,306794
32981,0.00031,172.31.40.0-255,66,31718,73,306794
32982,0.000414,74.125.200.0-255,1484,33202,73,306794
32983,0.000418,172.31.40.0-255,66,33268,73,306794
32984,0.000437,74.125.200.0-255,2902,36170,73,306794
32985,0.00044,172.31.40.0-255,66,36236,73,306794
32986,0.000463,74.125.200.0-255,2902,39138,73,306794
32987,0.000465,172.31.40.0-255,66,39204,73,306794
32988,0.00047,74.125.200.0-255,2902,42106,73,306794
32989,0.000472,172.31.40.0-255,66,42172,73,306794
32990,0.000483,74.125.200.0-255,1484,43656,73,306794
32991,0.000511,74.125.200.0-255,5379,49035,73,306794
32992,0.000514,172.31.40.0-255,66,49101,73,306794
32993,0.000584,74.125.200.0-255,4320,53421,73,306794
32994,0.000587,172.31.40.0-255,66,53487,73,306794
32995,0.000607,74.125.200.0-255,1484,54971,73,306794
32996,0.00061,74.125.200.0-255,1484,56455,73,306794
32997,0.000612,172.31.40.0-255,66,56521,73,306794
32998,0.000617,74.125.200.0-255,2902,59423,73,306794
32999,0.000619,172.31.40.0-255,66,59489,73,306794
33000,0.000625,74.125.200.0-255,5738,65227,73,306794
33001,0.000627,172.31.40.0-255,66,65293,73,306794
33002,0.00063,74.125.200.0-255,1125,66418,73,306794
33003,0.000866,74.125.200.0-255,647,67065,73,306794
33004,0.000871,172.31.40.0-255,66,67131,73,306794
33005,0.000891,74.125.200.0-255,1484,68615,73,306794
33006,0.000897,74.125.200.0-255,4320,72935,73,306794
33007,0.000899,172.31.40.0-255,66,73001,73,306794
33008,0.000903,74.125.200.0-255,2902,75903,73,306794
33009,0.000905,172.31.40.0-255,66,75969,73,306794
33010,0.000934,74.125.200.0-255,4320,80289,73,306794
33011,0.000937,172.31.40.0-255,66,80355,73,306794
33012,0.00094,74.125.200.0-255,1484,81839,73,306794
33013,0.000962,74.125.200.0-255,2902,84741,73,306794
33014,0.000965,172.31.40.0-255,66,84807,73,306794
33015,0.000992,74.125.200.0-255,2902,87709,73,306794
33016,0.000995,172.31.40.0-255,66,87775,73,306794
33017,0.001018,74.125.200.0-255,2902,90677,73,306794
33018,0.00102,74.125.200.0-255,1484,92161,73,306794
33019,0.001024,74.125.200.0-255,2902,95063,73,306794
33020,0.001029,172.31.40.0-255,66,95129,73,306794
33021,0.001033,172.31.40.0-255,66,95195,73,306794
33022,0.001044,74.125.200.0-255,5738,100933,73,306794
33023,0.001047,172.31.40.0-255,66,100999,73,306794
33024,0.001049,74.125.200.0-255,766,101765,73,306794
33025,0.001359,74.125.200.0-255,1484,103249,73,306794
33026,0.001364,172.31.40.0-255,66,103315,73,306794
33027,0.001406,74.125.200.0-255,2902,106217,73,306794
33028,0.00141,172.31.40.0-255,66,106283,73,306794
33029,0.001417,74.125.200.0-255,5738,112021,73,306794
33030,0.001419,172.31.40.0-255,66,112087,73,306794
33031,0.001425,74.125.200.0-255,5738,117825,73,306794
33032,0.001427,172.31.40.0-255,66,117891,73,306794
33033,0.001446,74.125.200.0-255,1484,119375,73,306794
33034,0.00146,74.125.200.0-255,4320,123695,73,306794
33035,0.001463,172.31.40.0-255,66,123761,73,306794
33036,0.001488,74.125.200.0-255,5738,129499,73,306794
33037,0.001491,172.31.40.0-255,66,129565,73,306794
33038,0.00151,74.125.200.0-255,1484,131049,73,306794
33039,0.001532,74.125.200.0-255,5020,136069,73,306794
33040,0.001534,172.31.40.0-255,66,136135,73,306794
33041,0.001784,74.125.200.0-255,1484,137619,73,306794
33042,0.001807,74.125.200.0-255,1484,139103,73,306794
33043,0.00181,172.31.40.0-255,66,139169,73,306794
33044,0.001827,74.125.200.0-255,2902,142071,73,306794
33045,0.00183,172.31.40.0-255,66,142137,73,306794
33046,0.001849,74.125.200.0-255,4320,146457,73,306794
33047,0.001852,172.31.40.0-255,66,146523,73,306794
33048,0.001873,74.125.200.0-255,1484,148007,73,306794
33049,0.001877,74.125.200.0-255,1484,149491,73,306794
33050,0.001879,172.31.40.0-255,66,149557,73,306794
33051,0.001908,74.125.200.0-255,2902,152459,73,306794
33052,0.001911,74.125.200.0-255,1484,153943,73,306794
33053,0.001915,172.31.40.0-255,66,154009,73,306794
33054,0.001927,74.125.200.0-255,2902,156911,73,306794
33055,0.001929,172.31.40.0-255,66,156977,73,306794
33056,0.001961,74.125.200.0-255,5738,162715,73,306794
33057,0.001965,74.125.200.0-255,2902,165617,73,306794
33058,0.001969,172.31.40.0-255,66,165683,73,306794
33059,0.001972,172.31.40.0-255,66,165749,73,306794
33060,0.001991,74.125.200.0-255,4320,170069,73,306794
33061,0.001994,172.31.40.0-255,66,170135,73,306794
33062,0.001997,74.125.200.0-255,766,170901,73,306794
33063,0.00202,74.125.200.0-255,1484,172385,73,306794
33064,0.002022,172.31.40.0-255,66,172451,73,306794
33065,0.002038,74.125.200.0-255,4320,176771,73,306794
33066,0.002041,172.31.40.0-255,66,176837,73,306794
33067,0.002075,172.31.40.0-255,66,176903,73,306794
33068,0.002098,74.125.200.0-255,1484,178387,73,306794
33069,0.002109,74.125.200.0-255,1484,179871,73,306794
33070,0.002111,172.31.40.0-255,66,179937,73,306794
33071,0.00214,172.31.40.0-255,66,180003,73,306794
33072,0.002142,74.125.200.0-255,1484,181487,73,306794
33073,0.002167,74.125.200.0-255,1484,182971,73,306794
33074,0.002169,172.31.40.0-255,66,183037,73,306794
33075,0.002186,74.125.200.0-255,2902,185939,73,306794
33076,0.002188,172.31.40.0-255,66,186005,73,306794
33077,0.002211,74.125.200.0-255,766,186771,73,306794
33078,0.002758,172.31.40.0-255,66,186837,73,306794
33079,0.00448,74.125.200.0-255,4320,191157,73,306794
33080,0.004487,172.31.40.0-255,66,191223,73,306794
33081,0.005077,74.125.200.0-255,1484,192707,73,306794
33082,0.006784,74.125.200.0-255,4320,197027,73,306794
33083,0.006788,172.31.40.0-255,66,197093,73,306794
33084,0.009102,74.125.200.0-255,5738,202831,73,306794
33085,0.009109,172.31.40.0-255,66,202897,73,306794
33086,0.011423,74.125.200.0-255,5738,208635,73,306794
33087,0.011432,172.31.40.0-255,66,208701,73,306794
33088,0.013761,74.125.200.0-255,5738,214439,73,306794
33089,0.01377,172.31.40.0-255,66,214505,73,306794
33090,0.016146,74.125.200.0-255,5738,220243,73,306794
33091,0.01616,172.31.40.0-255,66,220309,73,306794
33092,0.018512,74.125.200.0-255,5738,226047,73,306794
33093,0.018521,172.31.40.0-255,66,226113,73,306794
33094,0.020843,74.125.200.0-255,5738,231851,73,306794
33095,0.02085,172.31.40.0-255,66,231917,73,306794
33096,0.023225,74.125.200.0-255,5738,237655,73,306794
33097,0.023243,172.31.40.0-255,66,237721,73,306794
33098,0.025566,74.125.200.0-255,5738,243459,73,306794
33099,0.02558,172.31.40.0-255,66,243525,73,306794
33100,0.027904,74.125.200.0-255,5738,249263,73,306794
33101,0.027915,172.31.40.0-255,66,249329,73,306794
33102,0.030245,74.125.200.0-255,5738,255067,73,306794
33103,0.030265,172.31.40.0-255,66,255133,73,306794
33104,0.032616,74.125.200.0-255,5738,260871,73,306794
33105,0.032633,172.31.40.0-255,66,260937,73,306794
33106,0.034966,74.125.200.0-255,5738,266675,73,306794
33107,0.034983,172.31.40.0-255,66,266741,73,306794
33108,0.037289,74.125.200.0-255,5738,272479,73,306794
33109,0.037297,172.31.40.0-255,66,272545,73,306794
33110,0.039633,74.125.200.0-255,5738,278283,73,306794
33111,0.039645,172.31.40.0-255,66,278349,73,306794
33112,0.041981,74.125.200.0-255,5738,284087,73,306794
33113,0.042,172.31.40.0-255,66,284153,73,306794
33114,0.044338,74.125.200.0-255,1484,285637,73,306794
33115,0.044366,74.125.200.0-255,4320,289957,73,306794
33116,0.044372,172.31.40.0-255,66,290023,73,306794
33117,0.045547,172.31.40.0-255,172,290195,73,306794
33118,0.045582,172.31.40.0-255,1114,291309,73,306794
33119,0.045647,172.31.40.0-255,1514,292823,73,306794
33120,0.04565,172.31.40.0-255,1514,294337,73,306794
33121,0.045674,172.31.40.0-255,585,294922,73,306794
33122,0.046677,74.125.200.0-255,5738,300660,73,306794
33123,0.046683,172.31.40.0-255,66,300726,73,306794
33124,0.047114,104.244.42.0-255,66,300792,73,306794
33125,0.047122,104.244.42.0-255,66,300858,73,306794
33126,0.047199,104.244.42.0-255,66,300924,73,306794
33127,0.047204,104.244.42.0-255,66,300990,73,306794
33128,0.049008,74.125.200.0-255,5738,306728,73,306794
33129,0.049026,172.31.40.0-255,66,306794,73,306794
33130,0.0,172.217.194.0-255,147,147,73,197697
33131,1.6e-05,172.31.40.0-255,66,213,73,197697
33132,2.3e-05,172.217.194.0-255,1484,1697,73,197697
33133,2.7e-05,172.31.40.0-255,66,1763,73,197697
33134,3.3e-05,172.217.194.0-255,2902,4665,73,197697
33135,3.6e-05,172.31.40.0-255,66,4731,73,197697
33136,3.9e-05,172.217.194.0-255,1484,6215,73,197697
33137,4.2e-05,172.31.40.0-255,66,6281,73,197697
33138,6.3e-05,172.217.194.0-255,5738,12019,73,197697
33139,6.6e-05,172.31.40.0-255,66,12085,73,197697
33140,7e-05,172.217.194.0-255,2064,14149,73,197697
33141,7.2e-05,172.31.40.0-255,66,14215,73,197697
33142,0.000238,172.217.194.0-255,1484,15699,73,197697
33143,0.000243,172.31.40.0-255,66,15765,73,197697
33144,0.000249,172.217.194.0-255,2902,18667,73,197697
33145,0.000251,172.31.40.0-255,66,18733,73,197697
33146,0.00029,172.217.194.0-255,4320,23053,73,197697
33147,0.000293,172.31.40.0-255,66,23119,73,197697
33148,0.000297,172.217.194.0-255,2902,26021,73,197697
33149,0.000299,172.31.40.0-255,66,26087,73,197697
33150,0.000319,172.217.194.0-255,6797,32884,73,197697
33151,0.000321,172.31.40.0-255,66,32950,73,197697
33152,0.000333,172.31.40.0-255,66,33016,73,197697
33153,0.000393,172.31.40.0-255,66,33082,73,197697
33154,0.000399,172.217.194.0-255,3602,36684,73,197697
33155,0.000401,172.31.40.0-255,66,36750,73,197697
33156,0.000505,172.217.194.0-255,344,37094,73,197697
33157,0.000509,172.31.40.0-255,66,37160,73,197697
33158,0.000527,172.217.194.0-255,429,37589,73,197697
33159,0.00053,172.31.40.0-255,66,37655,73,197697
33160,0.000715,172.217.194.0-255,1484,39139,73,197697
33161,0.000722,172.217.194.0-255,2902,42041,73,197697
33162,0.000725,172.31.40.0-255,66,42107,73,197697
33163,0.000746,172.217.194.0-255,5738,47845,73,197697
33164,0.000749,172.31.40.0-255,66,47911,73,197697
33165,0.000754,172.217.194.0-255,2902,50813,73,197697
33166,0.000756,172.31.40.0-255,66,50879,73,197697
33167,0.000776,172.31.40.0-255,66,50945,73,197697
33168,0.000779,172.217.194.0-255,1484,52429,73,197697
33169,0.000815,172.31.40.0-255,66,52495,73,197697
33170,0.0023,172.217.194.0-255,1484,53979,73,197697
33171,0.002307,172.217.194.0-255,2902,56881,73,197697
33172,0.002311,172.31.40.0-255,66,56947,73,197697
33173,0.00234,172.217.194.0-255,5738,62685,73,197697
33174,0.002342,172.31.40.0-255,66,62751,73,197697
33175,0.002346,172.217.194.0-255,2902,65653,73,197697
33176,0.002348,172.31.40.0-255,66,65719,73,197697
33177,0.002363,172.217.194.0-255,2902,68621,73,197697
33178,0.002365,172.31.40.0-255,66,68687,73,197697
33179,0.002383,172.217.194.0-255,7156,75843,73,197697
33180,0.002385,172.31.40.0-255,66,75909,73,197697
33181,0.002401,172.217.194.0-255,5738,81647,73,197697
33182,0.002403,172.31.40.0-255,66,81713,73,197697
33183,0.002409,172.217.194.0-255,5020,86733,73,197697
33184,0.002411,172.31.40.0-255,66,86799,73,197697
33185,0.00497,172.217.194.0-255,5738,92537,73,197697
33186,0.004975,172.31.40.0-255,66,92603,73,197697
33187,0.007511,172.217.194.0-255,5738,98341,73,197697
33188,0.007518,172.31.40.0-255,66,98407,73,197697
33189,0.010069,172.217.194.0-255,5738,104145,73,197697
33190,0.010077,172.31.40.0-255,66,104211,73,197697
33191,0.01264,172.217.194.0-255,5738,109949,73,197697
33192,0.012651,172.31.40.0-255,66,110015,73,197697
33193,0.015179,172.217.194.0-255,5738,115753,73,197697
33194,0.015185,172.31.40.0-255,66,115819,73,197697
33195,0.017743,172.217.194.0-255,5738,121557,73,197697
33196,0.017751,172.31.40.0-255,66,121623,73,197697
33197,0.020314,172.217.194.0-255,5738,127361,73,197697
33198,0.020323,172.31.40.0-255,66,127427,73,197697
33199,0.022867,172.217.194.0-255,5738,133165,73,197697
33200,0.022874,172.31.40.0-255,66,133231,73,197697
33201,0.023803,172.31.40.0-255,172,133403,73,197697
33202,0.023836,172.31.40.0-255,1115,134518,73,197697
33203,0.023895,172.31.40.0-255,1514,136032,73,197697
33204,0.023896,172.31.40.0-255,1514,137546,73,197697
33205,0.023901,172.31.40.0-255,1514,139060,73,197697
33206,0.023902,172.31.40.0-255,159,139219,73,197697
33207,0.02533,104.244.42.0-255,66,139285,73,197697
33208,0.025383,104.244.42.0-255,66,139351,73,197697
33209,0.025421,172.217.194.0-255,5738,145089,73,197697
33210,0.025426,172.31.40.0-255,66,145155,73,197697
33211,0.025484,104.244.42.0-255,66,145221,73,197697
33212,0.025489,104.244.42.0-255,66,145287,73,197697
33213,0.026161,104.244.42.0-255,108,145395,73,197697
33214,0.02617,172.31.40.0-255,66,145461,73,197697
33215,0.027987,172.217.194.0-255,5738,151199,73,197697
33216,0.027994,172.31.40.0-255,66,151265,73,197697
33217,0.030579,172.217.194.0-255,5738,157003,73,197697
33218,0.030586,172.31.40.0-255,66,157069,73,197697
33219,0.033187,172.217.194.0-255,5738,162807,73,197697
33220,0.033194,172.31.40.0-255,66,162873,73,197697
33221,0.035741,172.217.194.0-255,5738,168611,73,197697
33222,0.035748,172.31.40.0-255,66,168677,73,197697
33223,0.038294,172.217.194.0-255,5738,174415,73,197697
33224,0.038315,172.31.40.0-255,66,174481,73,197697
33225,0.040862,172.217.194.0-255,5738,180219,73,197697
33226,0.040868,172.31.40.0-255,66,180285,73,197697
33227,0.043415,172.217.194.0-255,5738,186023,73,197697
33228,0.043424,172.31.40.0-255,66,186089,73,197697
33229,0.045987,172.217.194.0-255,5738,191827,73,197697
33230,0.045993,172.31.40.0-255,66,191893,73,197697
33231,0.048519,172.217.194.0-255,5738,197631,73,197697
33232,0.048524,172.31.40.0-255,66,197697,73,197697
33233,0.0,172.217.194.0-255,153,153,73,99680
33234,1.5e-05,172.31.40.0-255,66,219,73,99680
33235,2.2e-05,172.217.194.0-255,1484,1703,73,99680
33236,2.6e-05,172.31.40.0-255,66,1769,73,99680
33237,3.2e-05,172.217.194.0-255,2902,4671,73,99680
33238,3.5e-05,172.31.40.0-255,66,4737,73,99680
33239,6.3e-05,172.217.194.0-255,2902,7639,73,99680
33240,6.5e-05,172.31.40.0-255,66,7705,73,99680
33241,8.5e-05,172.217.194.0-255,4320,12025,73,99680
33242,8.7e-05,172.31.40.0-255,66,12091,73,99680
33243,0.000197,172.217.194.0-255,2141,14232,73,99680
33244,0.000201,172.31.40.0-255,66,14298,73,99680
33245,0.000242,172.217.194.0-255,2902,17200,73,99680
33246,0.000245,172.31.40.0-255,66,17266,73,99680
33247,0.000285,172.217.194.0-255,7156,24422,73,99680
33248,0.000288,172.31.40.0-255,66,24488,73,99680
33249,0.000417,172.217.194.0-255,1484,25972,73,99680
33250,0.000422,172.31.40.0-255,66,26038,73,99680
33251,0.000437,172.217.194.0-255,5379,31417,73,99680
33252,0.00044,172.31.40.0-255,66,31483,73,99680
33253,0.000544,172.217.194.0-255,7156,38639,73,99680
33254,0.000548,172.31.40.0-255,66,38705,73,99680
33255,0.000678,172.31.40.0-255,66,38771,73,99680
33256,0.000698,172.217.194.0-255,5379,44150,73,99680
33257,0.0007,172.31.40.0-255,66,44216,73,99680
33258,0.000955,172.217.194.0-255,7156,51372,73,99680
33259,0.00096,172.31.40.0-255,66,51438,73,99680
33260,0.000979,172.217.194.0-255,3961,55399,73,99680
33261,0.000982,172.31.40.0-255,66,55465,73,99680
33262,0.001142,172.217.194.0-255,646,56111,73,99680
33263,0.001147,172.31.40.0-255,66,56177,73,99680
33264,0.001154,172.217.194.0-255,1484,57661,73,99680
33265,0.00178,172.217.194.0-255,7156,64817,73,99680
33266,0.002115,172.217.194.0-255,7156,71973,73,99680
33267,0.002373,172.217.194.0-255,2902,74875,73,99680
33268,0.003611,172.217.194.0-255,7156,82031,73,99680
33269,0.004434,172.217.194.0-255,2902,84933,73,99680
33270,0.005412,172.217.194.0-255,5738,90671,73,99680
33271,0.006265,172.217.194.0-255,4320,94991,73,99680
33272,0.008812,172.31.40.0-255,66,95057,73,99680
33273,0.011458,172.31.40.0-255,66,95123,73,99680
33274,0.011884,172.217.194.0-255,4320,99443,73,99680
33275,0.014223,172.31.40.0-255,66,99509,73,99680
33276,0.014786,172.31.40.0-255,105,99614,73,99680
33277,0.017344,172.217.194.0-255,66,99680,73,99680
33278,0.0,74.125.68.0-255,209,209,73,257998
33279,1.5e-05,172.31.40.0-255,66,275,73,257998
33280,2.1e-05,74.125.68.0-255,1484,1759,73,257998
33281,2.6e-05,172.31.40.0-255,66,1825,73,257998
33282,3.1e-05,74.125.68.0-255,2902,4727,73,257998
33283,3.4e-05,172.31.40.0-255,66,4793,73,257998
33284,4.8e-05,74.125.68.0-255,1484,6277,73,257998
33285,5e-05,172.31.40.0-255,66,6343,73,257998
33286,5.7e-05,74.125.68.0-255,5738,12081,73,257998
33287,5.9e-05,172.31.40.0-255,66,12147,73,257998
33288,8.9e-05,74.125.68.0-255,4320,16467,73,257998
33289,9.2e-05,172.31.40.0-255,66,16533,73,257998
33290,0.000118,172.31.40.0-255,66,16599,73,257998
33291,0.000134,74.125.68.0-255,4320,20919,73,257998
33292,0.000137,172.31.40.0-255,66,20985,73,257998
33293,0.000154,74.125.68.0-255,2543,23528,73,257998
33294,0.000157,172.31.40.0-255,66,23594,73,257998
33295,0.000189,74.125.68.0-255,1484,25078,73,257998
33296,0.000191,172.31.40.0-255,66,25144,73,257998
33297,0.000196,74.125.68.0-255,2902,28046,73,257998
33298,0.000198,172.31.40.0-255,66,28112,73,257998
33299,0.000223,74.125.68.0-255,5738,33850,73,257998
33300,0.000226,172.31.40.0-255,66,33916,73,257998
33301,0.000267,74.125.68.0-255,5738,39654,73,257998
33302,0.00027,172.31.40.0-255,66,39720,73,257998
33303,0.000273,74.125.68.0-255,1125,40845,73,257998
33304,0.000275,172.31.40.0-255,66,40911,73,257998
33305,0.000518,74.125.68.0-255,1484,42395,73,257998
33306,0.000525,172.31.40.0-255,66,42461,73,257998
33307,0.00053,74.125.68.0-255,2902,45363,73,257998
33308,0.000532,172.31.40.0-255,66,45429,73,257998
33309,0.000535,74.125.68.0-255,1484,46913,73,257998
33310,0.00054,74.125.68.0-255,1484,48397,73,257998
33311,0.000541,172.31.40.0-255,66,48463,73,257998
33312,0.000558,74.125.68.0-255,1484,49947,73,257998
33313,0.000564,74.125.68.0-255,5738,55685,73,257998
33314,0.000567,172.31.40.0-255,66,55751,73,257998
33315,0.000582,74.125.68.0-255,1484,57235,73,257998
33316,0.000594,74.125.68.0-255,1456,58691,73,257998
33317,0.000597,172.31.40.0-255,66,58757,73,257998
33318,0.001185,74.125.68.0-255,110,58867,73,257998
33319,0.001211,74.125.68.0-255,1484,60351,73,257998
33320,0.001216,172.31.40.0-255,66,60417,73,257998
33321,0.00122,74.125.68.0-255,1484,61901,73,257998
33322,0.00124,74.125.68.0-255,1484,63385,73,257998
33323,0.001243,172.31.40.0-255,66,63451,73,257998
33324,0.00125,74.125.68.0-255,5738,69189,73,257998
33325,0.001252,172.31.40.0-255,66,69255,73,257998
33326,0.001286,74.125.68.0-255,2902,72157,73,257998
33327,0.001288,172.31.40.0-255,66,72223,73,257998
33328,0.001325,74.125.68.0-255,4320,76543,73,257998
33329,0.001328,172.31.40.0-255,66,76609,73,257998
33330,0.001341,172.31.40.0-255,66,76675,73,257998
33331,0.001347,74.125.68.0-255,3602,80277,73,257998
33332,0.001349,172.31.40.0-255,66,80343,73,257998
33333,0.001734,74.125.68.0-255,1484,81827,73,257998
33334,0.001741,74.125.68.0-255,1484,83311,73,257998
33335,0.001745,172.31.40.0-255,66,83377,73,257998
33336,0.001764,74.125.68.0-255,1484,84861,73,257998
33337,0.00177,74.125.68.0-255,4320,89181,73,257998
33338,0.001772,172.31.40.0-255,66,89247,73,257998
33339,0.001799,172.31.40.0-255,66,89313,73,257998
33340,0.001802,74.125.68.0-255,1484,90797,73,257998
33341,0.001826,74.125.68.0-255,4320,95117,73,257998
33342,0.001829,172.31.40.0-255,66,95183,73,257998
33343,0.001837,74.125.68.0-255,7156,102339,73,257998
33344,0.001839,172.31.40.0-255,66,102405,73,257998
33345,0.001858,74.125.68.0-255,3602,106007,73,257998
33346,0.001861,172.31.40.0-255,66,106073,73,257998
33347,0.001977,74.125.68.0-255,1484,107557,73,257998
33348,0.001992,74.125.68.0-255,2902,110459,73,257998
33349,0.001996,172.31.40.0-255,66,110525,73,257998
33350,0.002001,74.125.68.0-255,2902,113427,73,257998
33351,0.002003,172.31.40.0-255,66,113493,73,257998
33352,0.002025,74.125.68.0-255,4320,117813,73,257998
33353,0.002028,172.31.40.0-255,66,117879,73,257998
33354,0.002062,172.31.40.0-255,66,117945,73,257998
33355,0.002067,74.125.68.0-255,4320,122265,73,257998
33356,0.00207,172.31.40.0-255,66,122331,73,257998
33357,0.002114,74.125.68.0-255,4320,126651,73,257998
33358,0.002118,172.31.40.0-255,66,126717,73,257998
33359,0.002142,74.125.68.0-255,5020,131737,73,257998
33360,0.002145,172.31.40.0-255,66,131803,73,257998
33361,0.00226,74.125.68.0-255,1484,133287,73,257998
33362,0.002266,74.125.68.0-255,2902,136189,73,257998
33363,0.00227,172.31.40.0-255,66,136255,73,257998
33364,0.002293,74.125.68.0-255,5738,141993,73,257998
33365,0.002296,172.31.40.0-255,66,142059,73,257998
33366,0.002312,74.125.68.0-255,4320,146379,73,257998
33367,0.002316,172.31.40.0-255,66,146445,73,257998
33368,0.002349,172.31.40.0-255,66,146511,73,257998
33369,0.002368,74.125.68.0-255,2902,149413,73,257998
33370,0.00237,172.31.40.0-255,66,149479,73,257998
33371,0.002401,172.31.40.0-255,66,149545,73,257998
33372,0.004874,74.125.68.0-255,5738,155283,73,257998
33373,0.004881,172.31.40.0-255,66,155349,73,257998
33374,0.007363,74.125.68.0-255,4320,159669,73,257998
33375,0.00737,172.31.40.0-255,66,159735,73,257998
33376,0.007388,74.125.68.0-255,1484,161219,73,257998
33377,0.009845,74.125.68.0-255,4320,165539,73,257998
33378,0.009851,172.31.40.0-255,66,165605,73,257998
33379,0.012348,74.125.68.0-255,5738,171343,73,257998
33380,0.012361,172.31.40.0-255,66,171409,73,257998
33381,0.014855,74.125.68.0-255,5738,177147,73,257998
33382,0.014865,172.31.40.0-255,66,177213,73,257998
33383,0.017361,74.125.68.0-255,5738,182951,73,257998
33384,0.017373,172.31.40.0-255,66,183017,73,257998
33385,0.019877,74.125.68.0-255,5738,188755,73,257998
33386,0.019889,172.31.40.0-255,66,188821,73,257998
33387,0.022397,74.125.68.0-255,5738,194559,73,257998
33388,0.02241,172.31.40.0-255,66,194625,73,257998
33389,0.02491,74.125.68.0-255,5738,200363,73,257998
33390,0.024918,172.31.40.0-255,66,200429,73,257998
33391,0.027417,74.125.68.0-255,5738,206167,73,257998
33392,0.027436,172.31.40.0-255,66,206233,73,257998
33393,0.029978,74.125.68.0-255,5738,211971,73,257998
33394,0.029992,172.31.40.0-255,66,212037,73,257998
33395,0.032482,74.125.68.0-255,5738,217775,73,257998
33396,0.032497,172.31.40.0-255,66,217841,73,257998
33397,0.034993,74.125.68.0-255,5738,223579,73,257998
33398,0.035001,172.31.40.0-255,66,223645,73,257998
33399,0.037509,74.125.68.0-255,5738,229383,73,257998
33400,0.037527,172.31.40.0-255,66,229449,73,257998
33401,0.040018,74.125.68.0-255,5738,235187,73,257998
33402,0.040029,172.31.40.0-255,66,235253,73,257998
33403,0.042545,74.125.68.0-255,5738,240991,73,257998
33404,0.042563,172.31.40.0-255,66,241057,73,257998
33405,0.045052,74.125.68.0-255,5738,246795,73,257998
33406,0.045058,172.31.40.0-255,66,246861,73,257998
33407,0.04596,172.31.40.0-255,172,247033,73,257998
33408,0.045993,172.31.40.0-255,1115,248148,73,257998
33409,0.046057,172.31.40.0-255,1514,249662,73,257998
33410,0.046059,172.31.40.0-255,1514,251176,73,257998
33411,0.046082,172.31.40.0-255,754,251930,73,257998
33412,0.047512,104.244.42.0-255,66,251996,73,257998
33413,0.047543,74.125.68.0-255,5738,257734,73,257998
33414,0.047553,172.31.40.0-255,66,257800,73,257998
33415,0.047573,104.244.42.0-255,66,257866,73,257998
33416,0.047665,104.244.42.0-255,66,257932,73,257998
33417,0.04767,104.244.42.0-255,66,257998,73,257998
33418,0.0,74.125.24.0-255,146,146,73,173556
33419,2.3e-05,172.31.40.0-255,66,212,73,173556
33420,3e-05,74.125.24.0-255,1484,1696,73,173556
33421,3.4e-05,172.31.40.0-255,66,1762,73,173556
33422,4e-05,74.125.24.0-255,2902,4664,73,173556
33423,5e-05,172.31.40.0-255,66,4730,73,173556
33424,5.8e-05,74.125.24.0-255,7156,11886,73,173556
33425,6.1e-05,172.31.40.0-255,66,11952,73,173556
33426,9e-05,172.31.40.0-255,66,12018,73,173556
33427,9.5e-05,74.125.24.0-255,2543,14561,73,173556
33428,9.8e-05,172.31.40.0-255,66,14627,73,173556
33429,0.000147,74.125.24.0-255,1484,16111,73,173556
33430,0.000151,172.31.40.0-255,66,16177,73,173556
33431,0.000156,74.125.24.0-255,2902,19079,73,173556
33432,0.000159,172.31.40.0-255,66,19145,73,173556
33433,0.000193,74.125.24.0-255,5738,24883,73,173556
33434,0.000196,172.31.40.0-255,66,24949,73,173556
33435,0.000199,74.125.24.0-255,1484,26433,73,173556
33436,0.000201,172.31.40.0-255,66,26499,73,173556
33437,0.000224,172.31.40.0-255,66,26565,73,173556
33438,0.000241,172.31.40.0-255,66,26631,73,173556
33439,0.000244,74.125.24.0-255,133,26764,73,173556
33440,0.000246,172.31.40.0-255,66,26830,73,173556
33441,0.000385,74.125.24.0-255,1484,28314,73,173556
33442,0.000389,172.31.40.0-255,66,28380,73,173556
33443,0.000395,74.125.24.0-255,2902,31282,73,173556
33444,0.000397,172.31.40.0-255,66,31348,73,173556
33445,0.000403,74.125.24.0-255,4320,35668,73,173556
33446,0.00041,172.31.40.0-255,66,35734,73,173556
33447,0.000439,74.125.24.0-255,1484,37218,73,173556
33448,0.000451,172.31.40.0-255,66,37284,73,173556
33449,0.000459,74.125.24.0-255,7156,44440,73,173556
33450,0.000461,172.31.40.0-255,66,44506,73,173556
33451,0.000496,172.31.40.0-255,66,44572,73,173556
33452,0.000499,74.125.24.0-255,340,44912,73,173556
33453,0.000889,74.125.24.0-255,1484,46396,73,173556
33454,0.000894,172.31.40.0-255,66,46462,73,173556
33455,0.0009,74.125.24.0-255,2902,49364,73,173556
33456,0.000902,172.31.40.0-255,66,49430,73,173556
33457,0.000909,74.125.24.0-255,5738,55168,73,173556
33458,0.000916,172.31.40.0-255,66,55234,73,173556
33459,0.000961,172.31.40.0-255,66,55300,73,173556
33460,0.000991,74.125.24.0-255,5738,61038,73,173556
33461,0.000994,172.31.40.0-255,66,61104,73,173556
33462,0.001025,172.31.40.0-255,66,61170,73,173556
33463,0.001073,74.125.24.0-255,1484,62654,73,173556
33464,0.001079,74.125.24.0-255,2902,65556,73,173556
33465,0.001081,172.31.40.0-255,66,65622,73,173556
33466,0.001088,74.125.24.0-255,5738,71360,73,173556
33467,0.001091,172.31.40.0-255,66,71426,73,173556
33468,0.001113,74.125.24.0-255,4320,75746,73,173556
33469,0.001116,172.31.40.0-255,66,75812,73,173556
33470,0.001148,172.31.40.0-255,66,75878,73,173556
33471,0.001163,172.31.40.0-255,66,75944,73,173556
33472,0.001169,74.125.24.0-255,5738,81682,73,173556
33473,0.001172,172.31.40.0-255,66,81748,73,173556
33474,0.001236,172.31.40.0-255,66,81814,73,173556
33475,0.001239,172.31.40.0-255,66,81880,73,173556
33476,0.001266,74.125.24.0-255,1484,83364,73,173556
33477,0.00127,74.125.24.0-255,2902,86266,73,173556
33478,0.001273,172.31.40.0-255,66,86332,73,173556
33479,0.001279,74.125.24.0-255,5738,92070,73,173556
33480,0.001282,172.31.40.0-255,66,92136,73,173556
33481,0.001287,74.125.24.0-255,4320,96456,73,173556
33482,0.00129,172.31.40.0-255,66,96522,73,173556
33483,0.001336,172.31.40.0-255,66,96588,73,173556
33484,0.001348,172.31.40.0-255,66,96654,73,173556
33485,0.001351,74.125.24.0-255,766,97420,73,173556
33486,0.001395,74.125.24.0-255,1484,98904,73,173556
33487,0.001397,172.31.40.0-255,66,98970,73,173556
33488,0.001402,74.125.24.0-255,2902,101872,73,173556
33489,0.001405,172.31.40.0-255,66,101938,73,173556
33490,0.001407,74.125.24.0-255,1484,103422,73,173556
33491,0.001432,74.125.24.0-255,4320,107742,73,173556
33492,0.00144,74.125.24.0-255,7156,114898,73,173556
33493,0.001446,172.31.40.0-255,66,114964,73,173556
33494,0.001452,172.31.40.0-255,66,115030,73,173556
33495,0.001472,74.125.24.0-255,5738,120768,73,173556
33496,0.001475,172.31.40.0-255,66,120834,73,173556
33497,0.001486,172.31.40.0-255,66,120900,73,173556
33498,0.001521,172.31.40.0-255,66,120966,73,173556
33499,0.001556,172.31.40.0-255,66,121032,73,173556
33500,0.001602,172.31.40.0-255,66,121098,73,173556
33501,0.001623,74.125.24.0-255,5020,126118,73,173556
33502,0.00164,74.125.24.0-255,7156,133274,73,173556
33503,0.001644,172.31.40.0-255,66,133340,73,173556
33504,0.00165,172.31.40.0-255,66,133406,73,173556
33505,0.001676,74.125.24.0-255,5738,139144,73,173556
33506,0.001696,74.125.24.0-255,1484,140628,73,173556
33507,0.001717,172.31.40.0-255,66,140694,73,173556
33508,0.001745,172.31.40.0-255,66,140760,73,173556
33509,0.001766,74.125.24.0-255,2902,143662,73,173556
33510,0.001782,74.125.24.0-255,5738,149400,73,173556
33511,0.001806,74.125.24.0-255,4320,153720,73,173556
33512,0.001812,74.125.24.0-255,5738,159458,73,173556
33513,0.001841,172.31.40.0-255,66,159524,73,173556
33514,0.001863,172.31.40.0-255,66,159590,73,173556
33515,0.00189,74.125.24.0-255,2184,161774,73,173556
33516,0.001896,74.125.24.0-255,4923,166697,73,173556
33517,0.001913,172.31.40.0-255,66,166763,73,173556
33518,0.001917,74.125.24.0-255,105,166868,73,173556
33519,0.016008,172.31.40.0-255,66,166934,73,173556
33520,0.016062,172.31.40.0-255,105,167039,73,173556
33521,0.018649,74.125.24.0-255,66,167105,73,173556
33522,0.044217,172.31.40.0-255,172,167277,73,173556
33523,0.04425,172.31.40.0-255,1115,168392,73,173556
33524,0.044315,172.31.40.0-255,1514,169906,73,173556
33525,0.044317,172.31.40.0-255,1514,171420,73,173556
33526,0.044318,172.31.40.0-255,1514,172934,73,173556
33527,0.044345,172.31.40.0-255,358,173292,73,173556
33528,0.045715,104.244.42.0-255,66,173358,73,173556
33529,0.04573,104.244.42.0-255,66,173424,73,173556
33530,0.045816,104.244.42.0-255,66,173490,73,173556
33531,0.04582,104.244.42.0-255,66,173556,73,173556
33532,0.0,74.125.68.0-255,153,153,73,252245
33533,2e-05,172.31.40.0-255,66,219,73,252245
33534,2.7e-05,74.125.68.0-255,1484,1703,73,252245
33535,3.2e-05,172.31.40.0-255,66,1769,73,252245
33536,3.8e-05,74.125.68.0-255,2902,4671,73,252245
33537,4.9e-05,172.31.40.0-255,66,4737,73,252245
33538,7.9e-05,74.125.68.0-255,5738,10475,73,252245
33539,8.7e-05,172.31.40.0-255,66,10541,73,252245
33540,9.3e-05,74.125.68.0-255,3449,13990,73,252245
33541,9.6e-05,172.31.40.0-255,66,14056,73,252245
33542,0.000147,74.125.68.0-255,1484,15540,73,252245
33543,0.00015,172.31.40.0-255,66,15606,73,252245
33544,0.000168,74.125.68.0-255,2902,18508,73,252245
33545,0.000171,172.31.40.0-255,66,18574,73,252245
33546,0.000174,74.125.68.0-255,1484,20058,73,252245
33547,0.000176,172.31.40.0-255,66,20124,73,252245
33548,0.000224,74.125.68.0-255,2902,23026,73,252245
33549,0.00023,74.125.68.0-255,5738,28764,73,252245
33550,0.000233,74.125.68.0-255,2543,31307,73,252245
33551,0.000239,172.31.40.0-255,66,31373,73,252245
33552,0.000242,172.31.40.0-255,66,31439,73,252245
33553,0.000249,172.31.40.0-255,66,31505,73,252245
33554,0.000442,74.125.68.0-255,1484,32989,73,252245
33555,0.000447,172.31.40.0-255,66,33055,73,252245
33556,0.000453,74.125.68.0-255,2902,35957,73,252245
33557,0.000456,172.31.40.0-255,66,36023,73,252245
33558,0.000488,74.125.68.0-255,5738,41761,73,252245
33559,0.000491,172.31.40.0-255,66,41827,73,252245
33560,0.000517,74.125.68.0-255,1484,43311,73,252245
33561,0.000519,172.31.40.0-255,66,43377,73,252245
33562,0.000524,74.125.68.0-255,2902,46279,73,252245
33563,0.000527,172.31.40.0-255,66,46345,73,252245
33564,0.00055,74.125.68.0-255,2543,48888,73,252245
33565,0.000578,74.125.68.0-255,2902,51790,73,252245
33566,0.000583,74.125.68.0-255,2902,54692,73,252245
33567,0.000588,172.31.40.0-255,66,54758,73,252245
33568,0.000618,74.125.68.0-255,1484,56242,73,252245
33569,0.000634,74.125.68.0-255,2902,59144,73,252245
33570,0.000637,74.125.68.0-255,1484,60628,73,252245
33571,0.000655,74.125.68.0-255,5379,66007,73,252245
33572,0.000675,74.125.68.0-255,412,66419,73,252245
33573,0.000681,172.31.40.0-255,66,66485,73,252245
33574,0.000714,74.125.68.0-255,332,66817,73,252245
33575,0.001041,74.125.68.0-255,1484,68301,73,252245
33576,0.001046,172.31.40.0-255,66,68367,73,252245
33577,0.001052,74.125.68.0-255,2902,71269,73,252245
33578,0.001075,74.125.68.0-255,5738,77007,73,252245
33579,0.001094,172.31.40.0-255,66,77073,73,252245
33580,0.001148,74.125.68.0-255,5020,82093,73,252245
33581,0.001177,172.31.40.0-255,66,82159,73,252245
33582,0.0015,74.125.68.0-255,1484,83643,73,252245
33583,0.001515,74.125.68.0-255,1484,85127,73,252245
33584,0.001519,74.125.68.0-255,2902,88029,73,252245
33585,0.001523,172.31.40.0-255,66,88095,73,252245
33586,0.001529,172.31.40.0-255,66,88161,73,252245
33587,0.001555,74.125.68.0-255,5738,93899,73,252245
33588,0.001563,74.125.68.0-255,7156,101055,73,252245
33589,0.001584,74.125.68.0-255,1484,102539,73,252245
33590,0.0016,172.31.40.0-255,66,102605,73,252245
33591,0.001631,74.125.68.0-255,3602,106207,73,252245
33592,0.001638,172.31.40.0-255,66,106273,73,252245
33593,0.001681,74.125.68.0-255,1484,107757,73,252245
33594,0.001688,74.125.68.0-255,2902,110659,73,252245
33595,0.001694,172.31.40.0-255,66,110725,73,252245
33596,0.001705,74.125.68.0-255,1484,112209,73,252245
33597,0.001726,74.125.68.0-255,1484,113693,73,252245
33598,0.001735,172.31.40.0-255,66,113759,73,252245
33599,0.001738,74.125.68.0-255,1484,115243,73,252245
33600,0.001759,74.125.68.0-255,5738,120981,73,252245
33601,0.001774,74.125.68.0-255,4320,125301,73,252245
33602,0.001788,172.31.40.0-255,66,125367,73,252245
33603,0.001791,74.125.68.0-255,1484,126851,73,252245
33604,0.001815,74.125.68.0-255,7156,134007,73,252245
33605,0.001829,172.31.40.0-255,66,134073,73,252245
33606,0.00185,74.125.68.0-255,6438,140511,73,252245
33607,0.001865,172.31.40.0-255,66,140577,73,252245
33608,0.004451,74.125.68.0-255,5738,146315,73,252245
33609,0.004458,172.31.40.0-255,66,146381,73,252245
33610,0.00705,74.125.68.0-255,5738,152119,73,252245
33611,0.007056,172.31.40.0-255,66,152185,73,252245
33612,0.00965,74.125.68.0-255,5738,157923,73,252245
33613,0.009659,172.31.40.0-255,66,157989,73,252245
33614,0.012256,74.125.68.0-255,5738,163727,73,252245
33615,0.012508,172.31.40.0-255,66,163793,73,252245
33616,0.015118,74.125.68.0-255,5738,169531,73,252245
33617,0.01513,172.31.40.0-255,66,169597,73,252245
33618,0.017752,74.125.68.0-255,5738,175335,73,252245
33619,0.017759,172.31.40.0-255,66,175401,73,252245
33620,0.020369,74.125.68.0-255,5738,181139,73,252245
33621,0.020382,172.31.40.0-255,66,181205,73,252245
33622,0.02298,74.125.68.0-255,5738,186943,73,252245
33623,0.022989,172.31.40.0-255,66,187009,73,252245
33624,0.025598,74.125.68.0-255,5738,192747,73,252245
33625,0.025607,172.31.40.0-255,66,192813,73,252245
33626,0.028218,74.125.68.0-255,5738,198551,73,252245
33627,0.028225,172.31.40.0-255,66,198617,73,252245
33628,0.030114,172.31.40.0-255,192,198809,73,252245
33629,0.030143,172.31.40.0-255,1115,199924,73,252245
33630,0.030195,172.31.40.0-255,1514,201438,73,252245
33631,0.030197,172.31.40.0-255,1514,202952,73,252245
33632,0.030201,172.31.40.0-255,1514,204466,73,252245
33633,0.030202,172.31.40.0-255,159,204625,73,252245
33634,0.030815,74.125.68.0-255,5738,210363,73,252245
33635,0.030822,172.31.40.0-255,66,210429,73,252245
33636,0.03166,104.244.42.0-255,66,210495,73,252245
33637,0.031712,104.244.42.0-255,66,210561,73,252245
33638,0.031759,104.244.42.0-255,66,210627,73,252245
33639,0.031762,104.244.42.0-255,66,210693,73,252245
33640,0.033408,74.125.68.0-255,2902,213595,73,252245
33641,0.033415,172.31.40.0-255,66,213661,73,252245
33642,0.033443,74.125.68.0-255,2902,216563,73,252245
33643,0.033567,172.31.40.0-255,66,216629,73,252245
33644,0.036013,74.125.68.0-255,2902,219531,73,252245
33645,0.036019,172.31.40.0-255,66,219597,73,252245
33646,0.036166,74.125.68.0-255,2902,222499,73,252245
33647,0.036172,172.31.40.0-255,66,222565,73,252245
33648,0.038626,74.125.68.0-255,2902,225467,73,252245
33649,0.038632,172.31.40.0-255,66,225533,73,252245
33650,0.038761,74.125.68.0-255,2902,228435,73,252245
33651,0.039048,172.31.40.0-255,66,228501,73,252245
33652,0.041235,74.125.68.0-255,2902,231403,73,252245
33653,0.041242,172.31.40.0-255,66,231469,73,252245
33654,0.041648,74.125.68.0-255,2902,234371,73,252245
33655,0.041654,172.31.40.0-255,66,234437,73,252245
33656,0.043851,74.125.68.0-255,2902,237339,73,252245
33657,0.043857,172.31.40.0-255,66,237405,73,252245
33658,0.044242,74.125.68.0-255,2902,240307,73,252245
33659,0.044248,172.31.40.0-255,66,240373,73,252245
33660,0.046455,74.125.68.0-255,2902,243275,73,252245
33661,0.046461,172.31.40.0-255,66,243341,73,252245
33662,0.046844,74.125.68.0-255,2902,246243,73,252245
33663,0.046851,172.31.40.0-255,66,246309,73,252245
33664,0.049058,74.125.68.0-255,2902,249211,73,252245
33665,0.049065,172.31.40.0-255,66,249277,73,252245
33666,0.049432,74.125.68.0-255,2902,252179,73,252245
33667,0.049438,172.31.40.0-255,66,252245,73,252245
33668,0.0,74.125.24.0-255,150,150,73,325994
33669,2.2e-05,172.31.40.0-255,66,216,73,325994
33670,2.9e-05,74.125.24.0-255,1484,1700,73,325994
33671,3.3e-05,172.31.40.0-255,66,1766,73,325994
33672,3.8e-05,74.125.24.0-255,2902,4668,73,325994
33673,4.1e-05,172.31.40.0-255,66,4734,73,325994
33674,4.4e-05,74.125.24.0-255,1484,6218,73,325994
33675,4.6e-05,172.31.40.0-255,66,6284,73,325994
33676,8.7e-05,74.125.24.0-255,4320,10604,73,325994
33677,9e-05,172.31.40.0-255,66,10670,73,325994
33678,0.000109,74.125.24.0-255,3482,14152,73,325994
33679,0.000112,172.31.40.0-255,66,14218,73,325994
33680,0.000117,74.125.24.0-255,4320,18538,73,325994
33681,0.000119,172.31.40.0-255,66,18604,73,325994
33682,0.000145,74.125.24.0-255,4320,22924,73,325994
33683,0.000147,172.31.40.0-255,66,22990,73,325994
33684,0.000157,172.31.40.0-255,66,23056,73,325994
33685,0.000246,74.125.24.0-255,1484,24540,73,325994
33686,0.000251,172.31.40.0-255,66,24606,73,325994
33687,0.000272,74.125.24.0-255,2902,27508,73,325994
33688,0.000275,172.31.40.0-255,66,27574,73,325994
33689,0.000278,74.125.24.0-255,1484,29058,73,325994
33690,0.00028,172.31.40.0-255,66,29124,73,325994
33691,0.000299,74.125.24.0-255,4320,33444,73,325994
33692,0.000301,172.31.40.0-255,66,33510,73,325994
33693,0.000304,74.125.24.0-255,1484,34994,73,325994
33694,0.000306,172.31.40.0-255,66,35060,73,325994
33695,0.000345,172.31.40.0-255,66,35126,73,325994
33696,0.000352,74.125.24.0-255,7156,42282,73,325994
33697,0.000354,172.31.40.0-255,66,42348,73,325994
33698,0.000372,74.125.24.0-255,1484,43832,73,325994
33699,0.000393,74.125.24.0-255,4236,48068,73,325994
33700,0.000397,172.31.40.0-255,66,48134,73,325994
33701,0.000458,74.125.24.0-255,381,48515,73,325994
33702,0.000598,74.125.24.0-255,1484,49999,73,325994
33703,0.000603,172.31.40.0-255,66,50065,73,325994
33704,0.000608,74.125.24.0-255,2902,52967,73,325994
33705,0.000611,172.31.40.0-255,66,53033,73,325994
33706,0.000626,74.125.24.0-255,4320,57353,73,325994
33707,0.000629,172.31.40.0-255,66,57419,73,325994
33708,0.000643,74.125.24.0-255,1484,58903,73,325994
33709,0.000648,74.125.24.0-255,2902,61805,73,325994
33710,0.00065,172.31.40.0-255,66,61871,73,325994
33711,0.000669,74.125.24.0-255,3961,65832,73,325994
33712,0.000672,172.31.40.0-255,66,65898,73,325994
33713,0.000679,74.125.24.0-255,7156,73054,73,325994
33714,0.000682,172.31.40.0-255,66,73120,73,325994
33715,0.000749,74.125.24.0-255,5738,78858,73,325994
33716,0.000752,172.31.40.0-255,66,78924,73,325994
33717,0.000774,74.125.24.0-255,3961,82885,73,325994
33718,0.000779,172.31.40.0-255,66,82951,73,325994
33719,0.00123,74.125.24.0-255,1484,84435,73,325994
33720,0.001237,74.125.24.0-255,2902,87337,73,325994
33721,0.00124,172.31.40.0-255,66,87403,73,325994
33722,0.001263,74.125.24.0-255,5738,93141,73,325994
33723,0.001265,172.31.40.0-255,66,93207,73,325994
33724,0.001271,74.125.24.0-255,4320,97527,73,325994
33725,0.001272,172.31.40.0-255,66,97593,73,325994
33726,0.001299,172.31.40.0-255,66,97659,73,325994
33727,0.001302,74.125.24.0-255,1484,99143,73,325994
33728,0.001334,172.31.40.0-255,66,99209,73,325994
33729,0.001513,74.125.24.0-255,1484,100693,73,325994
33730,0.001532,74.125.24.0-255,2902,103595,73,325994
33731,0.001535,172.31.40.0-255,66,103661,73,325994
33732,0.001541,74.125.24.0-255,5738,109399,73,325994
33733,0.001544,172.31.40.0-255,66,109465,73,325994
33734,0.001561,74.125.24.0-255,7156,116621,73,325994
33735,0.001563,172.31.40.0-255,66,116687,73,325994
33736,0.001582,74.125.24.0-255,2902,119589,73,325994
33737,0.001584,172.31.40.0-255,66,119655,73,325994
33738,0.001607,74.125.24.0-255,1484,121139,73,325994
33739,0.001633,172.31.40.0-255,66,121205,73,325994
33740,0.001721,74.125.24.0-255,1484,122689,73,325994
33741,0.001746,74.125.24.0-255,2902,125591,73,325994
33742,0.001749,172.31.40.0-255,66,125657,73,325994
33743,0.001754,74.125.24.0-255,2902,128559,73,325994
33744,0.001756,172.31.40.0-255,66,128625,73,325994
33745,0.001772,74.125.24.0-255,2902,131527,73,325994
33746,0.001774,172.31.40.0-255,66,131593,73,325994
33747,0.001782,74.125.24.0-255,7156,138749,73,325994
33748,0.001784,172.31.40.0-255,66,138815,73,325994
33749,0.001816,74.125.24.0-255,5738,144553,73,325994
33750,0.001819,172.31.40.0-255,66,144619,73,325994
33751,0.001831,172.31.40.0-255,66,144685,73,325994
33752,0.001865,74.125.24.0-255,1484,146169,73,325994
33753,0.001879,74.125.24.0-255,2902,149071,73,325994
33754,0.001882,172.31.40.0-255,66,149137,73,325994
33755,0.001887,74.125.24.0-255,2902,152039,73,325994
33756,0.001888,172.31.40.0-255,66,152105,73,325994
33757,0.001907,74.125.24.0-255,2902,155007,73,325994
33758,0.001909,172.31.40.0-255,66,155073,73,325994
33759,0.001915,74.125.24.0-255,5738,160811,73,325994
33760,0.001917,172.31.40.0-255,66,160877,73,325994
33761,0.001923,74.125.24.0-255,4320,165197,73,325994
33762,0.001925,172.31.40.0-255,66,165263,73,325994
33763,0.001961,172.31.40.0-255,66,165329,73,325994
33764,0.001967,74.125.24.0-255,5020,170349,73,325994
33765,0.001969,172.31.40.0-255,66,170415,73,325994
33766,0.002058,74.125.24.0-255,1484,171899,73,325994
33767,0.002062,74.125.24.0-255,1484,173383,73,325994
33768,0.002065,172.31.40.0-255,66,173449,73,325994
33769,0.002085,74.125.24.0-255,1484,174933,73,325994
33770,0.002092,74.125.24.0-255,5738,180671,73,325994
33771,0.002095,172.31.40.0-255,66,180737,73,325994
33772,0.002116,74.125.24.0-255,5738,186475,73,325994
33773,0.002119,172.31.40.0-255,66,186541,73,325994
33774,0.002147,74.125.24.0-255,7156,193697,73,325994
33775,0.00215,172.31.40.0-255,66,193763,73,325994
33776,0.002165,74.125.24.0-255,4320,198083,73,325994
33777,0.002167,172.31.40.0-255,66,198149,73,325994
33778,0.002193,74.125.24.0-255,6438,204587,73,325994
33779,0.002196,172.31.40.0-255,66,204653,73,325994
33780,0.004524,74.125.24.0-255,5738,210391,73,325994
33781,0.004555,172.31.40.0-255,66,210457,73,325994
33782,0.006901,74.125.24.0-255,5738,216195,73,325994
33783,0.006911,172.31.40.0-255,66,216261,73,325994
33784,0.009213,74.125.24.0-255,5738,221999,73,325994
33785,0.00922,172.31.40.0-255,66,222065,73,325994
33786,0.01152,74.125.24.0-255,5738,227803,73,325994
33787,0.011532,172.31.40.0-255,66,227869,73,325994
33788,0.013875,74.125.24.0-255,5738,233607,73,325994
33789,0.013884,172.31.40.0-255,66,233673,73,325994
33790,0.016183,74.125.24.0-255,5738,239411,73,325994
33791,0.016189,172.31.40.0-255,66,239477,73,325994
33792,0.018501,74.125.24.0-255,5738,245215,73,325994
33793,0.018509,172.31.40.0-255,66,245281,73,325994
33794,0.020807,74.125.24.0-255,5738,251019,73,325994
33795,0.020815,172.31.40.0-255,66,251085,73,325994
33796,0.023116,74.125.24.0-255,5738,256823,73,325994
33797,0.023124,172.31.40.0-255,66,256889,73,325994
33798,0.025434,74.125.24.0-255,5738,262627,73,325994
33799,0.025444,172.31.40.0-255,66,262693,73,325994
33800,0.027753,74.125.24.0-255,5738,268431,73,325994
33801,0.02776,172.31.40.0-255,66,268497,73,325994
33802,0.030076,74.125.24.0-255,5738,274235,73,325994
33803,0.030085,172.31.40.0-255,66,274301,73,325994
33804,0.032385,74.125.24.0-255,5738,280039,73,325994
33805,0.032391,172.31.40.0-255,66,280105,73,325994
33806,0.034804,74.125.24.0-255,5738,285843,73,325994
33807,0.034816,172.31.40.0-255,66,285909,73,325994
33808,0.037122,74.125.24.0-255,5738,291647,73,325994
33809,0.037131,172.31.40.0-255,66,291713,73,325994
33810,0.039435,74.125.24.0-255,5738,297451,73,325994
33811,0.039443,172.31.40.0-255,66,297517,73,325994
33812,0.041748,74.125.24.0-255,5738,303255,73,325994
33813,0.041767,172.31.40.0-255,66,303321,73,325994
33814,0.044166,74.125.24.0-255,5738,309059,73,325994
33815,0.044179,172.31.40.0-255,66,309125,73,325994
33816,0.046488,74.125.24.0-255,5738,314863,73,325994
33817,0.046502,172.31.40.0-255,66,314929,73,325994
33818,0.047801,172.31.40.0-255,172,315101,73,325994
33819,0.047835,172.31.40.0-255,1115,316216,73,325994
33820,0.047897,172.31.40.0-255,1514,317730,73,325994
33821,0.047898,172.31.40.0-255,1514,319244,73,325994
33822,0.047923,172.31.40.0-255,682,319926,73,325994
33823,0.048807,74.125.24.0-255,5738,325664,73,325994
33824,0.048816,172.31.40.0-255,66,325730,73,325994
33825,0.049338,104.244.42.0-255,66,325796,73,325994
33826,0.049346,104.244.42.0-255,66,325862,73,325994
33827,0.049438,104.244.42.0-255,66,325928,73,325994
33828,0.049444,104.244.42.0-255,66,325994,73,325994
33829,0.0,74.125.68.0-255,146,146,73,316611
33830,2e-05,172.31.40.0-255,66,212,73,316611
33831,2.6e-05,74.125.68.0-255,1484,1696,73,316611
33832,3.1e-05,172.31.40.0-255,66,1762,73,316611
33833,3.6e-05,74.125.68.0-255,2902,4664,73,316611
33834,4e-05,172.31.40.0-255,66,4730,73,316611
33835,4.7e-05,74.125.68.0-255,7156,11886,73,316611
33836,5.1e-05,172.31.40.0-255,66,11952,73,316611
33837,5.5e-05,74.125.68.0-255,2041,13993,73,316611
33838,5.8e-05,172.31.40.0-255,66,14059,73,316611
33839,0.000113,74.125.68.0-255,1484,15543,73,316611
33840,0.000116,172.31.40.0-255,66,15609,73,316611
33841,0.00012,74.125.68.0-255,1484,17093,73,316611
33842,0.000122,172.31.40.0-255,66,17159,73,316611
33843,0.000134,74.125.68.0-255,1484,18643,73,316611
33844,0.000136,172.31.40.0-255,66,18709,73,316611
33845,0.000154,74.125.68.0-255,5738,24447,73,316611
33846,0.000157,172.31.40.0-255,66,24513,73,316611
33847,0.00016,74.125.68.0-255,1484,25997,73,316611
33848,0.000162,172.31.40.0-255,66,26063,73,316611
33849,0.000181,74.125.68.0-255,2902,28965,73,316611
33850,0.000184,172.31.40.0-255,66,29031,73,316611
33851,0.000221,74.125.68.0-255,2543,31574,73,316611
33852,0.000224,172.31.40.0-255,66,31640,73,316611
33853,0.000299,74.125.68.0-255,1484,33124,73,316611
33854,0.000303,172.31.40.0-255,66,33190,73,316611
33855,0.000321,74.125.68.0-255,1484,34674,73,316611
33856,0.000323,172.31.40.0-255,66,34740,73,316611
33857,0.000328,74.125.68.0-255,2902,37642,73,316611
33858,0.00033,172.31.40.0-255,66,37708,73,316611
33859,0.000355,74.125.68.0-255,4320,42028,73,316611
33860,0.000358,172.31.40.0-255,66,42094,73,316611
33861,0.000371,74.125.68.0-255,1484,43578,73,316611
33862,0.000399,74.125.68.0-255,2902,46480,73,316611
33863,0.000401,172.31.40.0-255,66,46546,73,316611
33864,0.000427,74.125.68.0-255,2543,49089,73,316611
33865,0.00043,172.31.40.0-255,66,49155,73,316611
33866,0.000436,74.125.68.0-255,5738,54893,73,316611
33867,0.000439,172.31.40.0-255,66,54959,73,316611
33868,0.000453,172.31.40.0-255,66,55025,73,316611
33869,0.000456,74.125.68.0-255,127,55152,73,316611
33870,0.000518,74.125.68.0-255,1484,56636,73,316611
33871,0.000521,172.31.40.0-255,66,56702,73,316611
33872,0.000526,74.125.68.0-255,2902,59604,73,316611
33873,0.000529,172.31.40.0-255,66,59670,73,316611
33874,0.00054,74.125.68.0-255,1484,61154,73,316611
33875,0.000557,74.125.68.0-255,4320,65474,73,316611
33876,0.000559,172.31.40.0-255,66,65540,73,316611
33877,0.000564,74.125.68.0-255,4320,69860,73,316611
33878,0.000567,172.31.40.0-255,66,69926,73,316611
33879,0.000582,74.125.68.0-255,1484,71410,73,316611
33880,0.000589,74.125.68.0-255,7156,78566,73,316611
33881,0.000592,172.31.40.0-255,66,78632,73,316611
33882,0.000622,172.31.40.0-255,66,78698,73,316611
33883,0.00064,74.125.68.0-255,2184,80882,73,316611
33884,0.000642,172.31.40.0-255,66,80948,73,316611
33885,0.000645,74.125.68.0-255,353,81301,73,316611
33886,0.000745,74.125.68.0-255,1484,82785,73,316611
33887,0.000749,172.31.40.0-255,66,82851,73,316611
33888,0.000761,74.125.68.0-255,2902,85753,73,316611
33889,0.000763,172.31.40.0-255,66,85819,73,316611
33890,0.000797,74.125.68.0-255,5738,91557,73,316611
33891,0.0008,172.31.40.0-255,66,91623,73,316611
33892,0.000804,74.125.68.0-255,2902,94525,73,316611
33893,0.000806,172.31.40.0-255,66,94591,73,316611
33894,0.000835,172.31.40.0-255,66,94657,73,316611
33895,0.000841,74.125.68.0-255,5738,100395,73,316611
33896,0.000843,172.31.40.0-255,66,100461,73,316611
33897,0.000862,74.125.68.0-255,1484,101945,73,316611
33898,0.000876,74.125.68.0-255,5020,106965,73,316611
33899,0.000879,172.31.40.0-255,66,107031,73,316611
33900,0.000881,74.125.68.0-255,1484,108515,73,316611
33901,0.0009,74.125.68.0-255,5738,114253,73,316611
33902,0.000903,172.31.40.0-255,66,114319,73,316611
33903,0.000923,74.125.68.0-255,5738,120057,73,316611
33904,0.000926,172.31.40.0-255,66,120123,73,316611
33905,0.000952,172.31.40.0-255,66,120189,73,316611
33906,0.000959,74.125.68.0-255,7156,127345,73,316611
33907,0.000962,172.31.40.0-255,66,127411,73,316611
33908,0.000991,74.125.68.0-255,2184,129595,73,316611
33909,0.000994,172.31.40.0-255,66,129661,73,316611
33910,0.001054,74.125.68.0-255,1484,131145,73,316611
33911,0.001058,74.125.68.0-255,2902,134047,73,316611
33912,0.001061,172.31.40.0-255,66,134113,73,316611
33913,0.001082,74.125.68.0-255,4320,138433,73,316611
33914,0.001084,172.31.40.0-255,66,138499,73,316611
33915,0.001095,74.125.68.0-255,1484,139983,73,316611
33916,0.001098,74.125.68.0-255,1484,141467,73,316611
33917,0.001099,172.31.40.0-255,66,141533,73,316611
33918,0.001115,74.125.68.0-255,5738,147271,73,316611
33919,0.001117,172.31.40.0-255,66,147337,73,316611
33920,0.001134,74.125.68.0-255,2902,150239,73,316611
33921,0.001136,172.31.40.0-255,66,150305,73,316611
33922,0.001161,172.31.40.0-255,66,150371,73,316611
33923,0.001187,74.125.68.0-255,2184,152555,73,316611
33924,0.001189,172.31.40.0-255,66,152621,73,316611
33925,0.001921,74.125.68.0-255,1484,154105,73,316611
33926,0.001933,74.125.68.0-255,1484,155589,73,316611
33927,0.001936,172.31.40.0-255,66,155655,73,316611
33928,0.001951,74.125.68.0-255,2902,158557,73,316611
33929,0.001954,172.31.40.0-255,66,158623,73,316611
33930,0.001961,74.125.68.0-255,1484,160107,73,316611
33931,0.001974,74.125.68.0-255,4320,164427,73,316611
33932,0.001976,172.31.40.0-255,66,164493,73,316611
33933,0.00201,172.31.40.0-255,66,164559,73,316611
33934,0.002039,74.125.68.0-255,7156,171715,73,316611
33935,0.002041,172.31.40.0-255,66,171781,73,316611
33936,0.002065,74.125.68.0-255,2902,174683,73,316611
33937,0.002068,172.31.40.0-255,66,174749,73,316611
33938,0.002072,74.125.68.0-255,3602,178351,73,316611
33939,0.002074,172.31.40.0-255,66,178417,73,316611
33940,0.002079,74.125.68.0-255,4320,182737,73,316611
33941,0.002081,172.31.40.0-255,66,182803,73,316611
33942,0.00209,172.31.40.0-255,66,182869,73,316611
33943,0.002113,74.125.68.0-255,1484,184353,73,316611
33944,0.002117,74.125.68.0-255,2902,187255,73,316611
33945,0.002119,172.31.40.0-255,66,187321,73,316611
33946,0.002123,74.125.68.0-255,2902,190223,73,316611
33947,0.002125,172.31.40.0-255,66,190289,73,316611
33948,0.002153,172.31.40.0-255,66,190355,73,316611
33949,0.002157,74.125.68.0-255,2184,192539,73,316611
33950,0.002158,172.31.40.0-255,66,192605,73,316611
33951,0.004463,74.125.68.0-255,4320,196925,73,316611
33952,0.00447,172.31.40.0-255,66,196991,73,316611
33953,0.004489,74.125.68.0-255,1484,198475,73,316611
33954,0.006746,74.125.68.0-255,4320,202795,73,316611
33955,0.006749,172.31.40.0-255,66,202861,73,316611
33956,0.009023,74.125.68.0-255,5738,208599,73,316611
33957,0.00903,172.31.40.0-255,66,208665,73,316611
33958,0.011313,74.125.68.0-255,5738,214403,73,316611
33959,0.011321,172.31.40.0-255,66,214469,73,316611
33960,0.0136,74.125.68.0-255,5738,220207,73,316611
33961,0.013608,172.31.40.0-255,66,220273,73,316611
33962,0.015887,74.125.68.0-255,5738,226011,73,316611
33963,0.015894,172.31.40.0-255,66,226077,73,316611
33964,0.018161,74.125.68.0-255,5738,231815,73,316611
33965,0.018167,172.31.40.0-255,66,231881,73,316611
33966,0.020448,74.125.68.0-255,5738,237619,73,316611
33967,0.020458,172.31.40.0-255,66,237685,73,316611
33968,0.022755,74.125.68.0-255,5738,243423,73,316611
33969,0.022763,172.31.40.0-255,66,243489,73,316611
33970,0.025046,74.125.68.0-255,5738,249227,73,316611
33971,0.025054,172.31.40.0-255,66,249293,73,316611
33972,0.02732,74.125.68.0-255,5738,255031,73,316611
33973,0.027326,172.31.40.0-255,66,255097,73,316611
33974,0.028002,172.31.40.0-255,172,255269,73,316611
33975,0.028036,172.31.40.0-255,1114,256383,73,316611
33976,0.028098,172.31.40.0-255,1514,257897,73,316611
33977,0.028099,172.31.40.0-255,1514,259411,73,316611
33978,0.028104,172.31.40.0-255,1514,260925,73,316611
33979,0.028105,172.31.40.0-255,1514,262439,73,316611
33980,0.028136,172.31.40.0-255,1498,263937,73,316611
33981,0.029561,104.244.42.0-255,66,264003,73,316611
33982,0.029604,74.125.68.0-255,5738,269741,73,316611
33983,0.029609,172.31.40.0-255,66,269807,73,316611
33984,0.029632,104.244.42.0-255,66,269873,73,316611
33985,0.029709,104.244.42.0-255,66,269939,73,316611
33986,0.029713,104.244.42.0-255,66,270005,73,316611
33987,0.030355,104.244.42.0-255,108,270113,73,316611
33988,0.030364,172.31.40.0-255,66,270179,73,316611
33989,0.031895,74.125.68.0-255,5738,275917,73,316611
33990,0.031899,172.31.40.0-255,66,275983,73,316611
33991,0.034191,74.125.68.0-255,5738,281721,73,316611
33992,0.034198,172.31.40.0-255,66,281787,73,316611
33993,0.03648,74.125.68.0-255,5738,287525,73,316611
33994,0.036485,172.31.40.0-255,66,287591,73,316611
33995,0.038776,74.125.68.0-255,5738,293329,73,316611
33996,0.038783,172.31.40.0-255,66,293395,73,316611
33997,0.041062,74.125.68.0-255,5738,299133,73,316611
33998,0.041069,172.31.40.0-255,66,299199,73,316611
33999,0.043349,74.125.68.0-255,5738,304937,73,316611
34000,0.043356,172.31.40.0-255,66,305003,73,316611
34001,0.045698,74.125.68.0-255,5738,310741,73,316611
34002,0.045707,172.31.40.0-255,66,310807,73,316611
34003,0.048005,74.125.68.0-255,5738,316545,73,316611
34004,0.048011,172.31.40.0-255,66,316611,73,316611
34005,0.0,172.217.194.0-255,156,156,73,161629
34006,2.2e-05,172.31.40.0-255,66,222,73,161629
34007,2.9e-05,172.217.194.0-255,1484,1706,73,161629
34008,3.3e-05,172.31.40.0-255,66,1772,73,161629
34009,3.8e-05,172.217.194.0-255,2902,4674,73,161629
34010,5e-05,172.31.40.0-255,66,4740,73,161629
34011,5.8e-05,172.217.194.0-255,7156,11896,73,161629
34012,6.1e-05,172.31.40.0-255,66,11962,73,161629
34013,6.5e-05,172.217.194.0-255,2138,14100,73,161629
34014,6.8e-05,172.31.40.0-255,66,14166,73,161629
34015,0.000156,172.217.194.0-255,1484,15650,73,161629
34016,0.00016,172.31.40.0-255,66,15716,73,161629
34017,0.000178,172.217.194.0-255,2902,18618,73,161629
34018,0.000181,172.31.40.0-255,66,18684,73,161629
34019,0.000184,172.217.194.0-255,1484,20168,73,161629
34020,0.000186,172.31.40.0-255,66,20234,73,161629
34021,0.000221,172.217.194.0-255,4320,24554,73,161629
34022,0.000224,172.31.40.0-255,66,24620,73,161629
34023,0.000232,172.217.194.0-255,6797,31417,73,161629
34024,0.000234,172.31.40.0-255,66,31483,73,161629
34025,0.000242,172.217.194.0-255,7156,38639,73,161629
34026,0.000244,172.31.40.0-255,66,38705,73,161629
34027,0.000285,172.31.40.0-255,66,38771,73,161629
34028,0.000288,172.217.194.0-255,1125,39896,73,161629
34029,0.00029,172.31.40.0-255,66,39962,73,161629
34030,0.000561,172.217.194.0-255,1484,41446,73,161629
34031,0.000567,172.31.40.0-255,66,41512,73,161629
34032,0.000573,172.217.194.0-255,2902,44414,73,161629
34033,0.000575,172.31.40.0-255,66,44480,73,161629
34034,0.000587,172.217.194.0-255,5738,50218,73,161629
34035,0.00059,172.31.40.0-255,66,50284,73,161629
34036,0.000631,172.31.40.0-255,66,50350,73,161629
34037,0.000676,172.217.194.0-255,2543,52893,73,161629
34038,0.000705,172.31.40.0-255,66,52959,73,161629
34039,0.000708,172.31.40.0-255,66,53025,73,161629
34040,0.000716,172.31.40.0-255,66,53091,73,161629
34041,0.000842,172.217.194.0-255,1484,54575,73,161629
34042,0.000846,172.217.194.0-255,1484,56059,73,161629
34043,0.000852,172.31.40.0-255,66,56125,73,161629
34044,0.000861,172.217.194.0-255,1484,57609,73,161629
34045,0.000866,172.217.194.0-255,4320,61929,73,161629
34046,0.000873,172.31.40.0-255,66,61995,73,161629
34047,0.000885,172.217.194.0-255,1484,63479,73,161629
34048,0.000892,172.217.194.0-255,1484,64963,73,161629
34049,0.000894,172.31.40.0-255,66,65029,73,161629
34050,0.000932,172.31.40.0-255,66,65095,73,161629
34051,0.000939,172.217.194.0-255,7156,72251,73,161629
34052,0.000942,172.31.40.0-255,66,72317,73,161629
34053,0.001002,172.217.194.0-255,3602,75919,73,161629
34054,0.001005,172.31.40.0-255,66,75985,73,161629
34055,0.00101,172.217.194.0-255,4320,80305,73,161629
34056,0.001012,172.31.40.0-255,66,80371,73,161629
34057,0.001024,172.31.40.0-255,66,80437,73,161629
34058,0.001035,172.31.40.0-255,66,80503,73,161629
34059,0.001057,172.217.194.0-255,1484,81987,73,161629
34060,0.001086,172.31.40.0-255,66,82053,73,161629
34061,0.001128,172.31.40.0-255,66,82119,73,161629
34062,0.001138,172.31.40.0-255,66,82185,73,161629
34063,0.001183,172.31.40.0-255,66,82251,73,161629
34064,0.00121,172.217.194.0-255,6438,88689,73,161629
34065,0.001214,172.31.40.0-255,66,88755,73,161629
34066,0.001379,172.217.194.0-255,1484,90239,73,161629
34067,0.001385,172.217.194.0-255,2902,93141,73,161629
34068,0.001388,172.31.40.0-255,66,93207,73,161629
34069,0.001392,172.217.194.0-255,1484,94691,73,161629
34070,0.001418,172.217.194.0-255,4320,99011,73,161629
34071,0.001421,172.31.40.0-255,66,99077,73,161629
34072,0.001428,172.217.194.0-255,5738,104815,73,161629
34073,0.001431,172.31.40.0-255,66,104881,73,161629
34074,0.001454,172.217.194.0-255,7156,112037,73,161629
34075,0.001457,172.31.40.0-255,66,112103,73,161629
34076,0.001483,172.217.194.0-255,2902,115005,73,161629
34077,0.001486,172.31.40.0-255,66,115071,73,161629
34078,0.001526,172.31.40.0-255,66,115137,73,161629
34079,0.001638,172.217.194.0-255,1484,116621,73,161629
34080,0.001644,172.217.194.0-255,2902,119523,73,161629
34081,0.001647,172.31.40.0-255,66,119589,73,161629
34082,0.001682,172.217.194.0-255,5738,125327,73,161629
34083,0.001685,172.31.40.0-255,66,125393,73,161629
34084,0.001692,172.217.194.0-255,5738,131131,73,161629
34085,0.001695,172.31.40.0-255,66,131197,73,161629
34086,0.001704,172.217.194.0-255,2902,134099,73,161629
34087,0.001707,172.31.40.0-255,66,134165,73,161629
34088,0.001733,172.217.194.0-255,4320,138485,73,161629
34089,0.001736,172.217.194.0-255,2902,141387,73,161629
34090,0.001741,172.31.40.0-255,66,141453,73,161629
34091,0.001744,172.31.40.0-255,66,141519,73,161629
34092,0.001781,172.31.40.0-255,66,141585,73,161629
34093,0.002182,172.217.194.0-255,1484,143069,73,161629
34094,0.002189,172.217.194.0-255,2902,145971,73,161629
34095,0.002192,172.31.40.0-255,66,146037,73,161629
34096,0.002197,172.217.194.0-255,1484,147521,73,161629
34097,0.002223,172.217.194.0-255,4320,151841,73,161629
34098,0.00224,172.31.40.0-255,66,151907,73,161629
34099,0.002242,172.31.40.0-255,66,151973,73,161629
34100,0.002265,172.217.194.0-255,1484,153457,73,161629
34101,0.002278,172.31.40.0-255,66,153523,73,161629
34102,0.002319,172.31.40.0-255,66,153589,73,161629
34103,0.002358,172.217.194.0-255,1484,155073,73,161629
34104,0.002379,172.31.40.0-255,66,155139,73,161629
34105,0.002394,172.31.40.0-255,66,155205,73,161629
34106,0.002434,172.31.40.0-255,66,155271,73,161629
34107,0.002448,172.31.40.0-255,66,155337,73,161629
34108,0.002508,172.217.194.0-255,105,155442,73,161629
34109,0.002513,172.31.40.0-255,66,155508,73,161629
34110,0.020814,172.31.40.0-255,105,155613,73,161629
34111,0.023427,172.217.194.0-255,66,155679,73,161629
34112,0.047476,172.31.40.0-255,172,155851,73,161629
34113,0.047512,172.31.40.0-255,1116,156967,73,161629
34114,0.047574,172.31.40.0-255,1514,158481,73,161629
34115,0.047575,172.31.40.0-255,1514,159995,73,161629
34116,0.047577,172.31.40.0-255,1436,161431,73,161629
34117,0.049081,104.244.42.0-255,66,161497,73,161629
34118,0.049095,104.244.42.0-255,66,161563,73,161629
34119,0.049169,104.244.42.0-255,66,161629,73,161629
34120,0.0,172.31.40.0-255,105,105,73,459
34121,0.000147,172.31.40.0-255,90,195,73,459
34122,0.000157,172.31.40.0-255,66,261,73,459
34123,0.002427,74.125.68.0-255,66,327,73,459
34124,0.002457,74.125.68.0-255,66,393,73,459
34125,0.002481,172.31.40.0-255,66,459,73,459
34126,0.0,74.125.200.0-255,153,153,73,330263
34127,2.2e-05,172.31.40.0-255,66,219,73,330263
34128,3e-05,74.125.200.0-255,1484,1703,73,330263
34129,3.5e-05,172.31.40.0-255,66,1769,73,330263
34130,3.8e-05,74.125.200.0-255,1484,3253,73,330263
34131,4e-05,172.31.40.0-255,66,3319,73,330263
34132,5.4e-05,74.125.200.0-255,2902,6221,73,330263
34133,5.7e-05,172.31.40.0-255,66,6287,73,330263
34134,6.4e-05,74.125.200.0-255,5738,12025,73,330263
34135,6.8e-05,172.31.40.0-255,66,12091,73,330263
34136,7.2e-05,74.125.200.0-255,2009,14100,73,330263
34137,7.5e-05,172.31.40.0-255,66,14166,73,330263
34138,0.000108,74.125.200.0-255,2902,17068,73,330263
34139,0.000112,172.31.40.0-255,66,17134,73,330263
34140,0.00012,74.125.200.0-255,7156,24290,73,330263
34141,0.000123,172.31.40.0-255,66,24356,73,330263
34142,0.000127,74.125.200.0-255,2902,27258,73,330263
34143,0.000129,172.31.40.0-255,66,27324,73,330263
34144,0.000174,74.125.200.0-255,3961,31285,73,330263
34145,0.000177,172.31.40.0-255,66,31351,73,330263
34146,0.000241,74.125.200.0-255,1484,32835,73,330263
34147,0.000243,172.31.40.0-255,66,32901,73,330263
34148,0.000247,74.125.200.0-255,1484,34385,73,330263
34149,0.000249,172.31.40.0-255,66,34451,73,330263
34150,0.000267,74.125.200.0-255,1484,35935,73,330263
34151,0.000269,172.31.40.0-255,66,36001,73,330263
34152,0.000274,74.125.200.0-255,2902,38903,73,330263
34153,0.000281,172.31.40.0-255,66,38969,73,330263
34154,0.00031,74.125.200.0-255,2902,41871,73,330263
34155,0.000313,172.31.40.0-255,66,41937,73,330263
34156,0.000321,74.125.200.0-255,6797,48734,73,330263
34157,0.000323,172.31.40.0-255,66,48800,73,330263
34158,0.000326,74.125.200.0-255,1484,50284,73,330263
34159,0.000383,74.125.200.0-255,7156,57440,73,330263
34160,0.000387,172.31.40.0-255,66,57506,73,330263
34161,0.000403,74.125.200.0-255,2902,60408,73,330263
34162,0.000405,172.31.40.0-255,66,60474,73,330263
34163,0.000413,74.125.200.0-255,5968,66442,73,330263
34164,0.000415,172.31.40.0-255,66,66508,73,330263
34165,0.000495,74.125.200.0-255,1484,67992,73,330263
34166,0.000515,74.125.200.0-255,2902,70894,73,330263
34167,0.000519,172.31.40.0-255,66,70960,73,330263
34168,0.000523,74.125.200.0-255,2902,73862,73,330263
34169,0.000525,172.31.40.0-255,66,73928,73,330263
34170,0.000561,74.125.200.0-255,2902,76830,73,330263
34171,0.000564,172.31.40.0-255,66,76896,73,330263
34172,0.000572,74.125.200.0-255,7156,84052,73,330263
34173,0.000575,172.31.40.0-255,66,84118,73,330263
34174,0.000582,74.125.200.0-255,5738,89856,73,330263
34175,0.000585,172.31.40.0-255,66,89922,73,330263
34176,0.000625,172.31.40.0-255,66,89988,73,330263
34177,0.000629,74.125.200.0-255,2184,92172,73,330263
34178,0.000631,172.31.40.0-255,66,92238,73,330263
34179,0.00081,74.125.200.0-255,1484,93722,73,330263
34180,0.000816,74.125.200.0-255,2902,96624,73,330263
34181,0.00082,172.31.40.0-255,66,96690,73,330263
34182,0.000855,74.125.200.0-255,5738,102428,73,330263
34183,0.000857,172.31.40.0-255,66,102494,73,330263
34184,0.000862,74.125.200.0-255,2902,105396,73,330263
34185,0.000865,172.31.40.0-255,66,105462,73,330263
34186,0.000869,74.125.200.0-255,2902,108364,73,330263
34187,0.000876,172.31.40.0-255,66,108430,73,330263
34188,0.000909,74.125.200.0-255,7156,115586,73,330263
34189,0.000912,172.31.40.0-255,66,115652,73,330263
34190,0.000926,172.31.40.0-255,66,115718,73,330263
34191,0.00106,74.125.200.0-255,1484,117202,73,330263
34192,0.001064,74.125.200.0-255,1484,118686,73,330263
34193,0.001069,172.31.40.0-255,66,118752,73,330263
34194,0.001092,74.125.200.0-255,1484,120236,73,330263
34195,0.0011,74.125.200.0-255,5738,125974,73,330263
34196,0.001102,172.31.40.0-255,66,126040,73,330263
34197,0.001107,74.125.200.0-255,2902,128942,73,330263
34198,0.001108,172.31.40.0-255,66,129008,73,330263
34199,0.001162,74.125.200.0-255,7156,136164,73,330263
34200,0.001165,172.31.40.0-255,66,136230,73,330263
34201,0.001176,74.125.200.0-255,1484,137714,73,330263
34202,0.001212,172.31.40.0-255,66,137780,73,330263
34203,0.001217,74.125.200.0-255,2184,139964,73,330263
34204,0.001219,172.31.40.0-255,66,140030,73,330263
34205,0.001307,74.125.200.0-255,1484,141514,73,330263
34206,0.001327,74.125.200.0-255,2902,144416,73,330263
34207,0.00133,172.31.40.0-255,66,144482,73,330263
34208,0.001358,74.125.200.0-255,5738,150220,73,330263
34209,0.001375,172.31.40.0-255,66,150286,73,330263
34210,0.001387,172.31.40.0-255,66,150352,73,330263
34211,0.001398,74.125.200.0-255,1484,151836,73,330263
34212,0.001432,172.31.40.0-255,66,151902,73,330263
34213,0.001458,74.125.200.0-255,2902,154804,73,330263
34214,0.001461,172.31.40.0-255,66,154870,73,330263
34215,0.001483,74.125.200.0-255,2184,157054,73,330263
34216,0.001486,172.31.40.0-255,66,157120,73,330263
34217,0.001641,74.125.200.0-255,1484,158604,73,330263
34218,0.001659,74.125.200.0-255,2902,161506,73,330263
34219,0.001662,172.31.40.0-255,66,161572,73,330263
34220,0.001666,74.125.200.0-255,1484,163056,73,330263
34221,0.001692,74.125.200.0-255,2902,165958,73,330263
34222,0.001695,172.31.40.0-255,66,166024,73,330263
34223,0.001706,172.31.40.0-255,66,166090,73,330263
34224,0.001713,74.125.200.0-255,5738,171828,73,330263
34225,0.001715,172.31.40.0-255,66,171894,73,330263
34226,0.00172,74.125.200.0-255,2902,174796,73,330263
34227,0.001722,172.31.40.0-255,66,174862,73,330263
34228,0.001758,74.125.200.0-255,4320,179182,73,330263
34229,0.001762,172.31.40.0-255,66,179248,73,330263
34230,0.001766,74.125.200.0-255,3602,182850,73,330263
34231,0.001769,172.31.40.0-255,66,182916,73,330263
34232,0.001813,74.125.200.0-255,4320,187236,73,330263
34233,0.001817,172.31.40.0-255,66,187302,73,330263
34234,0.001876,74.125.200.0-255,5738,193040,73,330263
34235,0.00188,172.31.40.0-255,66,193106,73,330263
34236,0.001911,172.31.40.0-255,66,193172,73,330263
34237,0.001924,172.31.40.0-255,66,193238,73,330263
34238,0.001927,74.125.200.0-255,2184,195422,73,330263
34239,0.00193,172.31.40.0-255,66,195488,73,330263
34240,0.003903,74.125.200.0-255,5738,201226,73,330263
34241,0.003909,172.31.40.0-255,66,201292,73,330263
34242,0.005893,74.125.200.0-255,5738,207030,73,330263
34243,0.0059,172.31.40.0-255,66,207096,73,330263
34244,0.007891,74.125.200.0-255,5738,212834,73,330263
34245,0.007901,172.31.40.0-255,66,212900,73,330263
34246,0.009902,74.125.200.0-255,5738,218638,73,330263
34247,0.009915,172.31.40.0-255,66,218704,73,330263
34248,0.01192,74.125.200.0-255,5738,224442,73,330263
34249,0.011927,172.31.40.0-255,66,224508,73,330263
34250,0.013925,74.125.200.0-255,5738,230246,73,330263
34251,0.013935,172.31.40.0-255,66,230312,73,330263
34252,0.015938,74.125.200.0-255,5738,236050,73,330263
34253,0.015952,172.31.40.0-255,66,236116,73,330263
34254,0.017956,74.125.200.0-255,5738,241854,73,330263
34255,0.017972,172.31.40.0-255,66,241920,73,330263
34256,0.019968,74.125.200.0-255,5738,247658,73,330263
34257,0.019977,172.31.40.0-255,66,247724,73,330263
34258,0.021959,74.125.200.0-255,5738,253462,73,330263
34259,0.021972,172.31.40.0-255,66,253528,73,330263
34260,0.02397,74.125.200.0-255,5738,259266,73,330263
34261,0.023986,172.31.40.0-255,66,259332,73,330263
34262,0.025995,74.125.200.0-255,5738,265070,73,330263
34263,0.026011,172.31.40.0-255,66,265136,73,330263
34264,0.028021,74.125.200.0-255,5738,270874,73,330263
34265,0.028037,172.31.40.0-255,66,270940,73,330263
34266,0.030047,74.125.200.0-255,5738,276678,73,330263
34267,0.030063,172.31.40.0-255,66,276744,73,330263
34268,0.032069,74.125.200.0-255,5738,282482,73,330263
34269,0.032078,172.31.40.0-255,66,282548,73,330263
34270,0.034091,74.125.200.0-255,5738,288286,73,330263
34271,0.034107,172.31.40.0-255,66,288352,73,330263
34272,0.036119,74.125.200.0-255,5738,294090,73,330263
34273,0.036127,172.31.40.0-255,66,294156,73,330263
34274,0.038118,74.125.200.0-255,5738,299894,73,330263
34275,0.038126,172.31.40.0-255,66,299960,73,330263
34276,0.040135,74.125.200.0-255,5738,305698,73,330263
34277,0.040161,172.31.40.0-255,66,305764,73,330263
34278,0.042151,74.125.200.0-255,5738,311502,73,330263
34279,0.042159,172.31.40.0-255,66,311568,73,330263
34280,0.044151,74.125.200.0-255,5738,317306,73,330263
34281,0.044161,172.31.40.0-255,66,317372,73,330263
34282,0.046175,74.125.200.0-255,5738,323110,73,330263
34283,0.046191,172.31.40.0-255,66,323176,73,330263
34284,0.048192,74.125.200.0-255,5738,328914,73,330263
34285,0.048199,172.31.40.0-255,66,328980,73,330263
34286,0.049921,172.31.40.0-255,172,329152,73,330263
34287,0.049955,172.31.40.0-255,1111,330263,73,330263
34288,0.0,74.125.24.0-255,153,153,73,269936
34289,2.1e-05,172.31.40.0-255,66,219,73,269936
34290,2.7e-05,74.125.24.0-255,1484,1703,73,269936
34291,3.1e-05,172.31.40.0-255,66,1769,73,269936
34292,3.6e-05,74.125.24.0-255,2902,4671,73,269936
34293,3.9e-05,172.31.40.0-255,66,4737,73,269936
34294,5.5e-05,74.125.24.0-255,7156,11893,73,269936
34295,5.9e-05,172.31.40.0-255,66,11959,73,269936
34296,6.3e-05,74.125.24.0-255,1973,13932,73,269936
34297,6.5e-05,172.31.40.0-255,66,13998,73,269936
34298,0.000106,172.31.40.0-255,66,14064,73,269936
34299,0.00011,74.125.24.0-255,2902,16966,73,269936
34300,0.000112,172.31.40.0-255,66,17032,73,269936
34301,0.000133,74.125.24.0-255,1484,18516,73,269936
34302,0.000136,172.31.40.0-255,66,18582,73,269936
34303,0.000153,172.31.40.0-255,66,18648,73,269936
34304,0.000178,74.125.24.0-255,7156,25804,73,269936
34305,0.000186,172.31.40.0-255,66,25870,73,269936
34306,0.000188,74.125.24.0-255,766,26636,73,269936
34307,0.00019,172.31.40.0-255,66,26702,73,269936
34308,0.000214,74.125.24.0-255,1484,28186,73,269936
34309,0.000216,172.31.40.0-255,66,28252,73,269936
34310,0.000221,74.125.24.0-255,2902,31154,73,269936
34311,0.000223,172.31.40.0-255,66,31220,73,269936
34312,0.000226,74.125.24.0-255,1484,32704,73,269936
34313,0.000228,172.31.40.0-255,66,32770,73,269936
34314,0.000258,74.125.24.0-255,4320,37090,73,269936
34315,0.000261,172.31.40.0-255,66,37156,73,269936
34316,0.000269,74.125.24.0-255,6797,43953,73,269936
34317,0.000272,172.31.40.0-255,66,44019,73,269936
34318,0.000291,74.125.24.0-255,398,44417,73,269936
34319,0.000929,74.125.24.0-255,345,44762,73,269936
34320,0.001042,172.31.40.0-255,66,44828,73,269936
34321,0.001105,74.125.24.0-255,1484,46312,73,269936
34322,0.00111,74.125.24.0-255,1484,47796,73,269936
34323,0.001112,172.31.40.0-255,66,47862,73,269936
34324,0.001144,74.125.24.0-255,1484,49346,73,269936
34325,0.001151,74.125.24.0-255,5738,55084,73,269936
34326,0.001153,172.31.40.0-255,66,55150,73,269936
34327,0.001166,172.31.40.0-255,66,55216,73,269936
34328,0.001173,74.125.24.0-255,7156,62372,73,269936
34329,0.001175,172.31.40.0-255,66,62438,73,269936
34330,0.001217,74.125.24.0-255,3602,66040,73,269936
34331,0.00122,172.31.40.0-255,66,66106,73,269936
34332,0.001425,74.125.24.0-255,1484,67590,73,269936
34333,0.001431,74.125.24.0-255,2902,70492,73,269936
34334,0.001435,172.31.40.0-255,66,70558,73,269936
34335,0.001441,74.125.24.0-255,5738,76296,73,269936
34336,0.001443,172.31.40.0-255,66,76362,73,269936
34337,0.001486,172.31.40.0-255,66,76428,73,269936
34338,0.001493,74.125.24.0-255,7156,83584,73,269936
34339,0.001495,172.31.40.0-255,66,83650,73,269936
34340,0.001557,172.31.40.0-255,66,83716,73,269936
34341,0.001596,74.125.24.0-255,5020,88736,73,269936
34342,0.0016,172.31.40.0-255,66,88802,73,269936
34343,0.001612,172.31.40.0-255,66,88868,73,269936
34344,0.001617,74.125.24.0-255,4320,93188,73,269936
34345,0.001619,172.31.40.0-255,66,93254,73,269936
34346,0.001638,74.125.24.0-255,766,94020,73,269936
34347,0.001686,74.125.24.0-255,1484,95504,73,269936
34348,0.00169,172.31.40.0-255,66,95570,73,269936
34349,0.001694,74.125.24.0-255,1484,97054,73,269936
34350,0.001715,74.125.24.0-255,1484,98538,73,269936
34351,0.001718,172.31.40.0-255,66,98604,73,269936
34352,0.001725,74.125.24.0-255,5738,104342,73,269936
34353,0.001727,172.31.40.0-255,66,104408,73,269936
34354,0.001741,172.31.40.0-255,66,104474,73,269936
34355,0.001788,74.125.24.0-255,4320,108794,73,269936
34356,0.001791,172.31.40.0-255,66,108860,73,269936
34357,0.001819,74.125.24.0-255,6438,115298,73,269936
34358,0.001822,172.31.40.0-255,66,115364,73,269936
34359,0.001919,74.125.24.0-255,1484,116848,73,269936
34360,0.001926,74.125.24.0-255,2902,119750,73,269936
34361,0.001929,172.31.40.0-255,66,119816,73,269936
34362,0.001936,74.125.24.0-255,5738,125554,73,269936
34363,0.001938,172.31.40.0-255,66,125620,73,269936
34364,0.001976,74.125.24.0-255,7156,132776,73,269936
34365,0.001979,172.31.40.0-255,66,132842,73,269936
34366,0.001994,172.31.40.0-255,66,132908,73,269936
34367,0.001998,74.125.24.0-255,2184,135092,73,269936
34368,0.002001,172.31.40.0-255,66,135158,73,269936
34369,0.00404,74.125.24.0-255,5738,140896,73,269936
34370,0.004048,172.31.40.0-255,66,140962,73,269936
34371,0.006085,74.125.24.0-255,5738,146700,73,269936
34372,0.006092,172.31.40.0-255,66,146766,73,269936
34373,0.008117,74.125.24.0-255,5738,152504,73,269936
34374,0.008127,172.31.40.0-255,66,152570,73,269936
34375,0.010172,74.125.24.0-255,5738,158308,73,269936
34376,0.010189,172.31.40.0-255,66,158374,73,269936
34377,0.012249,74.125.24.0-255,5738,164112,73,269936
34378,0.012263,172.31.40.0-255,66,164178,73,269936
34379,0.014284,74.125.24.0-255,5738,169916,73,269936
34380,0.014295,172.31.40.0-255,66,169982,73,269936
34381,0.016344,74.125.24.0-255,5738,175720,73,269936
34382,0.016356,172.31.40.0-255,66,175786,73,269936
34383,0.01841,74.125.24.0-255,5738,181524,73,269936
34384,0.018419,172.31.40.0-255,66,181590,73,269936
34385,0.020464,74.125.24.0-255,5738,187328,73,269936
34386,0.020472,172.31.40.0-255,66,187394,73,269936
34387,0.022503,74.125.24.0-255,5738,193132,73,269936
34388,0.022511,172.31.40.0-255,66,193198,73,269936
34389,0.024563,74.125.24.0-255,5738,198936,73,269936
34390,0.024571,172.31.40.0-255,66,199002,73,269936
34391,0.026597,74.125.24.0-255,5738,204740,73,269936
34392,0.026608,172.31.40.0-255,66,204806,73,269936
34393,0.02862,74.125.24.0-255,5738,210544,73,269936
34394,0.02863,172.31.40.0-255,66,210610,73,269936
34395,0.030709,74.125.24.0-255,5738,216348,73,269936
34396,0.030716,172.31.40.0-255,66,216414,73,269936
34397,0.032756,74.125.24.0-255,5738,222152,73,269936
34398,0.032772,172.31.40.0-255,66,222218,73,269936
34399,0.034804,74.125.24.0-255,5738,227956,73,269936
34400,0.034812,172.31.40.0-255,66,228022,73,269936
34401,0.03686,74.125.24.0-255,5738,233760,73,269936
34402,0.036868,172.31.40.0-255,66,233826,73,269936
34403,0.038916,74.125.24.0-255,5738,239564,73,269936
34404,0.038931,172.31.40.0-255,66,239630,73,269936
34405,0.040936,74.125.24.0-255,5738,245368,73,269936
34406,0.040943,172.31.40.0-255,66,245434,73,269936
34407,0.04296,74.125.24.0-255,5738,251172,73,269936
34408,0.042973,172.31.40.0-255,66,251238,73,269936
34409,0.045031,74.125.24.0-255,5738,256976,73,269936
34410,0.045049,172.31.40.0-255,66,257042,73,269936
34411,0.047069,74.125.24.0-255,5738,262780,73,269936
34412,0.047076,172.31.40.0-255,66,262846,73,269936
34413,0.04913,74.125.24.0-255,5738,268584,73,269936
34414,0.04914,172.31.40.0-255,66,268650,73,269936
34415,0.049938,172.31.40.0-255,172,268822,73,269936
34416,0.049974,172.31.40.0-255,1114,269936,73,269936
34417,0.0,172.217.194.0-255,146,146,73,276054
34418,2.4e-05,172.31.40.0-255,66,212,73,276054
34419,3.1e-05,172.217.194.0-255,1484,1696,73,276054
34420,3.6e-05,172.31.40.0-255,66,1762,73,276054
34421,4.2e-05,172.217.194.0-255,2902,4664,73,276054
34422,4.6e-05,172.31.40.0-255,66,4730,73,276054
34423,5.2e-05,172.217.194.0-255,5738,10468,73,276054
34424,5.5e-05,172.31.40.0-255,66,10534,73,276054
34425,6.7e-05,172.31.40.0-255,66,10600,73,276054
34426,9.7e-05,172.217.194.0-255,4863,15463,73,276054
34427,0.000101,172.31.40.0-255,66,15529,73,276054
34428,0.000109,172.217.194.0-255,6797,22326,73,276054
34429,0.000111,172.31.40.0-255,66,22392,73,276054
34430,0.000165,172.217.194.0-255,4320,26712,73,276054
34431,0.000168,172.31.40.0-255,66,26778,73,276054
34432,0.000192,172.217.194.0-255,2902,29680,73,276054
34433,0.000194,172.31.40.0-255,66,29746,73,276054
34434,0.000206,172.31.40.0-255,66,29812,73,276054
34435,0.000223,172.217.194.0-255,2902,32714,73,276054
34436,0.000226,172.31.40.0-255,66,32780,73,276054
34437,0.000254,172.31.40.0-255,66,32846,73,276054
34438,0.000274,172.217.194.0-255,1484,34330,73,276054
34439,0.000276,172.31.40.0-255,66,34396,73,276054
34440,0.00028,172.217.194.0-255,2902,37298,73,276054
34441,0.000282,172.31.40.0-255,66,37364,73,276054
34442,0.000299,172.217.194.0-255,4320,41684,73,276054
34443,0.000301,172.31.40.0-255,66,41750,73,276054
34444,0.000316,172.217.194.0-255,1484,43234,73,276054
34445,0.000318,172.31.40.0-255,66,43300,73,276054
34446,0.000326,172.217.194.0-255,6249,49549,73,276054
34447,0.000346,172.217.194.0-255,2902,52451,73,276054
34448,0.000361,172.217.194.0-255,4320,56771,73,276054
34449,0.000377,172.217.194.0-255,2902,59673,73,276054
34450,0.000392,172.217.194.0-255,6797,66470,73,276054
34451,0.000422,172.217.194.0-255,2902,69372,73,276054
34452,0.000444,172.217.194.0-255,7156,76528,73,276054
34453,0.000468,172.217.194.0-255,6797,83325,73,276054
34454,0.000522,172.31.40.0-255,66,83391,73,276054
34455,0.000775,172.217.194.0-255,1484,84875,73,276054
34456,0.000793,172.217.194.0-255,2902,87777,73,276054
34457,0.000799,172.217.194.0-255,5738,93515,73,276054
34458,0.000819,172.31.40.0-255,66,93581,73,276054
34459,0.000831,172.217.194.0-255,4320,97901,73,276054
34460,0.000849,172.217.194.0-255,2543,100444,73,276054
34461,0.000851,172.31.40.0-255,66,100510,73,276054
34462,0.000857,172.31.40.0-255,66,100576,73,276054
34463,0.000883,172.217.194.0-255,1484,102060,73,276054
34464,0.000887,172.217.194.0-255,2902,104962,73,276054
34465,0.000898,172.217.194.0-255,2902,107864,73,276054
34466,0.000913,172.217.194.0-255,2902,110766,73,276054
34467,0.000917,172.31.40.0-255,66,110832,73,276054
34468,0.000933,172.217.194.0-255,4320,115152,73,276054
34469,0.000939,172.31.40.0-255,66,115218,73,276054
34470,0.00095,172.217.194.0-255,4320,119538,73,276054
34471,0.000955,172.217.194.0-255,5738,125276,73,276054
34472,0.000972,172.217.194.0-255,4320,129596,73,276054
34473,0.000978,172.31.40.0-255,66,129662,73,276054
34474,0.000997,172.217.194.0-255,2902,132564,73,276054
34475,0.001005,172.31.40.0-255,66,132630,73,276054
34476,0.001015,172.217.194.0-255,2184,134814,73,276054
34477,0.001019,172.31.40.0-255,66,134880,73,276054
34478,0.001035,172.217.194.0-255,1484,136364,73,276054
34479,0.001046,172.217.194.0-255,2902,139266,73,276054
34480,0.001058,172.31.40.0-255,66,139332,73,276054
34481,0.001074,172.217.194.0-255,5738,145070,73,276054
34482,0.0011,172.217.194.0-255,2902,147972,73,276054
34483,0.001103,172.31.40.0-255,66,148038,73,276054
34484,0.001107,172.31.40.0-255,66,148104,73,276054
34485,0.001125,172.217.194.0-255,3961,152065,73,276054
34486,0.00113,172.31.40.0-255,66,152131,73,276054
34487,0.001137,172.217.194.0-255,1484,153615,73,276054
34488,0.001141,172.217.194.0-255,2902,156517,73,276054
34489,0.001151,172.31.40.0-255,66,156583,73,276054
34490,0.001162,172.217.194.0-255,5738,162321,73,276054
34491,0.001173,172.217.194.0-255,2902,165223,73,276054
34492,0.001188,172.217.194.0-255,5738,170961,73,276054
34493,0.001217,172.217.194.0-255,4320,175281,73,276054
34494,0.00122,172.217.194.0-255,1484,176765,73,276054
34495,0.001254,172.217.194.0-255,766,177531,73,276054
34496,0.001298,172.217.194.0-255,1484,179015,73,276054
34497,0.0013,172.217.194.0-255,1484,180499,73,276054
34498,0.00131,172.217.194.0-255,1484,181983,73,276054
34499,0.001315,172.217.194.0-255,5738,187721,73,276054
34500,0.001343,172.217.194.0-255,4320,192041,73,276054
34501,0.001381,172.217.194.0-255,2902,194943,73,276054
34502,0.001405,172.217.194.0-255,7156,202099,73,276054
34503,0.001432,172.217.194.0-255,1484,203583,73,276054
34504,0.001453,172.217.194.0-255,6438,210021,73,276054
34505,0.001456,172.217.194.0-255,1484,211505,73,276054
34506,0.001549,172.217.194.0-255,6438,217943,73,276054
34507,0.001584,172.217.194.0-255,1484,219427,73,276054
34508,0.001598,172.217.194.0-255,5738,225165,73,276054
34509,0.001677,172.217.194.0-255,2902,228067,73,276054
34510,0.001861,172.217.194.0-255,1484,229551,73,276054
34511,0.001868,172.217.194.0-255,2902,232453,73,276054
34512,0.001886,172.217.194.0-255,5738,238191,73,276054
34513,0.001952,172.217.194.0-255,5738,243929,73,276054
34514,0.001972,172.217.194.0-255,5020,248949,73,276054
34515,0.002091,172.217.194.0-255,1484,250433,73,276054
34516,0.002098,172.217.194.0-255,2902,253335,73,276054
34517,0.002102,172.217.194.0-255,2902,256237,73,276054
34518,0.002126,172.217.194.0-255,2902,259139,73,276054
34519,0.002154,172.217.194.0-255,2902,262041,73,276054
34520,0.002165,172.217.194.0-255,2902,264943,73,276054
34521,0.002234,172.217.194.0-255,4320,269263,73,276054
34522,0.002349,172.217.194.0-255,105,269368,73,276054
34523,0.003693,172.31.40.0-255,66,269434,73,276054
34524,0.010304,172.31.40.0-255,105,269539,73,276054
34525,0.012872,172.217.194.0-255,66,269605,73,276054
34526,0.041886,172.31.40.0-255,172,269777,73,276054
34527,0.041932,172.31.40.0-255,1115,270892,73,276054
34528,0.042011,172.31.40.0-255,1514,272406,73,276054
34529,0.042013,172.31.40.0-255,1514,273920,73,276054
34530,0.042018,172.31.40.0-255,1514,275434,73,276054
34531,0.042019,172.31.40.0-255,356,275790,73,276054
34532,0.043445,104.244.42.0-255,66,275856,73,276054
34533,0.043565,104.244.42.0-255,66,275922,73,276054
34534,0.043568,104.244.42.0-255,66,275988,73,276054
34535,0.043572,104.244.42.0-255,66,276054,73,276054
34536,0.0,74.125.24.0-255,149,149,73,185830
34537,2.1e-05,172.31.40.0-255,66,215,73,185830
34538,2.8e-05,74.125.24.0-255,1484,1699,73,185830
34539,3.1e-05,172.31.40.0-255,66,1765,73,185830
34540,3.6e-05,74.125.24.0-255,2902,4667,73,185830
34541,3.9e-05,172.31.40.0-255,66,4733,73,185830
34542,5.2e-05,74.125.24.0-255,4320,9053,73,185830
34543,5.6e-05,172.31.40.0-255,66,9119,73,185830
34544,6.1e-05,74.125.24.0-255,4811,13930,73,185830
34545,6.3e-05,172.31.40.0-255,66,13996,73,185830
34546,8.9e-05,74.125.24.0-255,1484,15480,73,185830
34547,9.5e-05,172.31.40.0-255,66,15546,73,185830
34548,9.9e-05,74.125.24.0-255,2902,18448,73,185830
34549,0.000101,172.31.40.0-255,66,18514,73,185830
34550,0.000136,74.125.24.0-255,5738,24252,73,185830
34551,0.000139,172.31.40.0-255,66,24318,73,185830
34552,0.000145,74.125.24.0-255,2902,27220,73,185830
34553,0.000147,172.31.40.0-255,66,27286,73,185830
34554,0.000173,74.125.24.0-255,3961,31247,73,185830
34555,0.000176,172.31.40.0-255,66,31313,73,185830
34556,0.001941,74.125.24.0-255,1484,32797,73,185830
34557,0.001948,172.31.40.0-255,66,32863,73,185830
34558,0.001957,74.125.24.0-255,2902,35765,73,185830
34559,0.00196,172.31.40.0-255,66,35831,73,185830
34560,0.001965,74.125.24.0-255,2902,38733,73,185830
34561,0.001967,172.31.40.0-255,66,38799,73,185830
34562,0.002001,74.125.24.0-255,2902,41701,73,185830
34563,0.002003,172.31.40.0-255,66,41767,73,185830
34564,0.002015,172.31.40.0-255,66,41833,73,185830
34565,0.002021,74.125.24.0-255,5738,47571,73,185830
34566,0.002024,172.31.40.0-255,66,47637,73,185830
34567,0.00206,172.31.40.0-255,66,47703,73,185830
34568,0.00215,74.125.24.0-255,1484,49187,73,185830
34569,0.00217,74.125.24.0-255,2902,52089,73,185830
34570,0.002172,172.31.40.0-255,66,52155,73,185830
34571,0.002179,74.125.24.0-255,5738,57893,73,185830
34572,0.002181,172.31.40.0-255,66,57959,73,185830
34573,0.002186,74.125.24.0-255,2902,60861,73,185830
34574,0.002193,172.31.40.0-255,66,60927,73,185830
34575,0.00222,74.125.24.0-255,2902,63829,73,185830
34576,0.002223,172.31.40.0-255,66,63895,73,185830
34577,0.002226,74.125.24.0-255,1125,65020,73,185830
34578,0.004409,172.31.40.0-255,66,65086,73,185830
34579,0.004504,74.125.24.0-255,1484,66570,73,185830
34580,0.004529,74.125.24.0-255,2902,69472,73,185830
34581,0.004532,172.31.40.0-255,66,69538,73,185830
34582,0.006716,74.125.24.0-255,1484,71022,73,185830
34583,0.006818,74.125.24.0-255,4320,75342,73,185830
34584,0.006823,172.31.40.0-255,66,75408,73,185830
34585,0.009162,74.125.24.0-255,5738,81146,73,185830
34586,0.00917,172.31.40.0-255,66,81212,73,185830
34587,0.01148,74.125.24.0-255,5738,86950,73,185830
34588,0.011488,172.31.40.0-255,66,87016,73,185830
34589,0.013792,74.125.24.0-255,5738,92754,73,185830
34590,0.013803,172.31.40.0-255,66,92820,73,185830
34591,0.016116,74.125.24.0-255,5738,98558,73,185830
34592,0.016127,172.31.40.0-255,66,98624,73,185830
34593,0.018444,74.125.24.0-255,5738,104362,73,185830
34594,0.018452,172.31.40.0-255,66,104428,73,185830
34595,0.020767,74.125.24.0-255,5738,110166,73,185830
34596,0.020776,172.31.40.0-255,66,110232,73,185830
34597,0.023111,74.125.24.0-255,5738,115970,73,185830
34598,0.023117,172.31.40.0-255,66,116036,73,185830
34599,0.024718,172.31.40.0-255,172,116208,73,185830
34600,0.024754,172.31.40.0-255,1114,117322,73,185830
34601,0.024819,172.31.40.0-255,1514,118836,73,185830
34602,0.024821,172.31.40.0-255,1514,120350,73,185830
34603,0.024824,172.31.40.0-255,1438,121788,73,185830
34604,0.02542,74.125.24.0-255,5738,127526,73,185830
34605,0.025427,172.31.40.0-255,66,127592,73,185830
34606,0.026286,104.244.42.0-255,66,127658,73,185830
34607,0.026322,104.244.42.0-255,66,127724,73,185830
34608,0.026382,104.244.42.0-255,66,127790,73,185830
34609,0.02774,74.125.24.0-255,5738,133528,73,185830
34610,0.027745,172.31.40.0-255,66,133594,73,185830
34611,0.030064,74.125.24.0-255,5738,139332,73,185830
34612,0.030073,172.31.40.0-255,66,139398,73,185830
34613,0.032395,74.125.24.0-255,5738,145136,73,185830
34614,0.032402,172.31.40.0-255,66,145202,73,185830
34615,0.034705,74.125.24.0-255,5738,150940,73,185830
34616,0.034712,172.31.40.0-255,66,151006,73,185830
34617,0.037034,74.125.24.0-255,5738,156744,73,185830
34618,0.037041,172.31.40.0-255,66,156810,73,185830
34619,0.039351,74.125.24.0-255,5738,162548,73,185830
34620,0.039357,172.31.40.0-255,66,162614,73,185830
34621,0.041653,74.125.24.0-255,5738,168352,73,185830
34622,0.04166,172.31.40.0-255,66,168418,73,185830
34623,0.04396,74.125.24.0-255,5738,174156,73,185830
34624,0.043967,172.31.40.0-255,66,174222,73,185830
34625,0.046282,74.125.24.0-255,5738,179960,73,185830
34626,0.046291,172.31.40.0-255,66,180026,73,185830
34627,0.048586,74.125.24.0-255,5738,185764,73,185830
34628,0.048592,172.31.40.0-255,66,185830,73,185830
34629,0.0,74.125.130.0-255,151,151,73,271776
34630,2.5e-05,172.31.40.0-255,66,217,73,271776
34631,3.2e-05,74.125.130.0-255,1484,1701,73,271776
34632,3.8e-05,172.31.40.0-255,66,1767,73,271776
34633,5e-05,74.125.130.0-255,2902,4669,73,271776
34634,5.5e-05,172.31.40.0-255,66,4735,73,271776
34635,5.8e-05,74.125.130.0-255,1484,6219,73,271776
34636,6.1e-05,172.31.40.0-255,66,6285,73,271776
34637,6.6e-05,74.125.130.0-255,2902,9187,73,271776
34638,6.9e-05,172.31.40.0-255,66,9253,73,271776
34639,0.000105,74.125.130.0-255,6291,15544,73,271776
34640,0.000108,172.31.40.0-255,66,15610,73,271776
34641,0.000112,74.125.130.0-255,2902,18512,73,271776
34642,0.000114,172.31.40.0-255,66,18578,73,271776
34643,0.000145,74.125.130.0-255,1484,20062,73,271776
34644,0.000148,172.31.40.0-255,66,20128,73,271776
34645,0.000182,172.31.40.0-255,66,20194,73,271776
34646,0.000185,74.125.130.0-255,1125,21319,73,271776
34647,0.000187,172.31.40.0-255,66,21385,73,271776
34648,0.000217,74.125.130.0-255,1484,22869,73,271776
34649,0.00022,172.31.40.0-255,66,22935,73,271776
34650,0.000247,74.125.130.0-255,2902,25837,73,271776
34651,0.00025,172.31.40.0-255,66,25903,73,271776
34652,0.000276,74.125.130.0-255,5738,31641,73,271776
34653,0.000278,172.31.40.0-255,66,31707,73,271776
34654,0.000286,74.125.130.0-255,6797,38504,73,271776
34655,0.000288,172.31.40.0-255,66,38570,73,271776
34656,0.000825,74.125.130.0-255,1484,40054,73,271776
34657,0.000831,172.31.40.0-255,66,40120,73,271776
34658,0.000837,74.125.130.0-255,2902,43022,73,271776
34659,0.00084,172.31.40.0-255,66,43088,73,271776
34660,0.000852,74.125.130.0-255,5738,48826,73,271776
34661,0.000855,172.31.40.0-255,66,48892,73,271776
34662,0.000886,74.125.130.0-255,6797,55689,73,271776
34663,0.000893,172.31.40.0-255,66,55755,73,271776
34664,0.000896,74.125.130.0-255,648,56403,73,271776
34665,0.001414,74.125.130.0-255,1484,57887,73,271776
34666,0.001419,172.31.40.0-255,66,57953,73,271776
34667,0.001425,74.125.130.0-255,2902,60855,73,271776
34668,0.001427,172.31.40.0-255,66,60921,73,271776
34669,0.001431,74.125.130.0-255,1484,62405,73,271776
34670,0.001459,74.125.130.0-255,4320,66725,73,271776
34671,0.001463,74.125.130.0-255,2902,69627,73,271776
34672,0.001467,172.31.40.0-255,66,69693,73,271776
34673,0.00147,172.31.40.0-255,66,69759,73,271776
34674,0.001492,74.125.130.0-255,2902,72661,73,271776
34675,0.001494,172.31.40.0-255,66,72727,73,271776
34676,0.001502,74.125.130.0-255,7156,79883,73,271776
34677,0.001504,172.31.40.0-255,66,79949,73,271776
34678,0.001522,172.31.40.0-255,66,80015,73,271776
34679,0.001572,74.125.130.0-255,1484,81499,73,271776
34680,0.001577,74.125.130.0-255,1484,82983,73,271776
34681,0.001579,172.31.40.0-255,66,83049,73,271776
34682,0.001605,74.125.130.0-255,1484,84533,73,271776
34683,0.001612,74.125.130.0-255,5738,90271,73,271776
34684,0.001614,172.31.40.0-255,66,90337,73,271776
34685,0.001617,74.125.130.0-255,1484,91821,73,271776
34686,0.001643,74.125.130.0-255,5738,97559,73,271776
34687,0.001646,172.31.40.0-255,66,97625,73,271776
34688,0.001675,172.31.40.0-255,66,97691,73,271776
34689,0.001699,74.125.130.0-255,1484,99175,73,271776
34690,0.001705,74.125.130.0-255,2184,101359,73,271776
34691,0.001707,172.31.40.0-255,66,101425,73,271776
34692,0.001744,74.125.130.0-255,2902,104327,73,271776
34693,0.001748,172.31.40.0-255,66,104393,73,271776
34694,0.001751,74.125.130.0-255,1484,105877,73,271776
34695,0.001771,74.125.130.0-255,2902,108779,73,271776
34696,0.001774,172.31.40.0-255,66,108845,73,271776
34697,0.001779,74.125.130.0-255,2902,111747,73,271776
34698,0.001781,172.31.40.0-255,66,111813,73,271776
34699,0.001802,74.125.130.0-255,2902,114715,73,271776
34700,0.001804,172.31.40.0-255,66,114781,73,271776
34701,0.001819,172.31.40.0-255,66,114847,73,271776
34702,0.001842,74.125.130.0-255,2902,117749,73,271776
34703,0.001845,172.31.40.0-255,66,117815,73,271776
34704,0.001872,74.125.130.0-255,2902,120717,73,271776
34705,0.001875,172.31.40.0-255,66,120783,73,271776
34706,0.00191,74.125.130.0-255,6438,127221,73,271776
34707,0.001913,172.31.40.0-255,66,127287,73,271776
34708,0.00388,74.125.130.0-255,5738,133025,73,271776
34709,0.003886,172.31.40.0-255,66,133091,73,271776
34710,0.005846,74.125.130.0-255,5738,138829,73,271776
34711,0.005849,172.31.40.0-255,66,138895,73,271776
34712,0.007806,74.125.130.0-255,5738,144633,73,271776
34713,0.007814,172.31.40.0-255,66,144699,73,271776
34714,0.009765,74.125.130.0-255,5738,150437,73,271776
34715,0.009771,172.31.40.0-255,66,150503,73,271776
34716,0.011726,74.125.130.0-255,5738,156241,73,271776
34717,0.011733,172.31.40.0-255,66,156307,73,271776
34718,0.013738,74.125.130.0-255,5738,162045,73,271776
34719,0.013749,172.31.40.0-255,66,162111,73,271776
34720,0.015714,74.125.130.0-255,5738,167849,73,271776
34721,0.015722,172.31.40.0-255,66,167915,73,271776
34722,0.017694,74.125.130.0-255,5738,173653,73,271776
34723,0.017701,172.31.40.0-255,66,173719,73,271776
34724,0.019668,74.125.130.0-255,5738,179457,73,271776
34725,0.019675,172.31.40.0-255,66,179523,73,271776
34726,0.021639,74.125.130.0-255,5738,185261,73,271776
34727,0.021646,172.31.40.0-255,66,185327,73,271776
34728,0.023619,74.125.130.0-255,5738,191065,73,271776
34729,0.023626,172.31.40.0-255,66,191131,73,271776
34730,0.025592,74.125.130.0-255,5738,196869,73,271776
34731,0.025599,172.31.40.0-255,66,196935,73,271776
34732,0.027562,74.125.130.0-255,5738,202673,73,271776
34733,0.027569,172.31.40.0-255,66,202739,73,271776
34734,0.028074,172.31.40.0-255,172,202911,73,271776
34735,0.0281,172.31.40.0-255,1115,204026,73,271776
34736,0.028208,172.31.40.0-255,1514,205540,73,271776
34737,0.02821,172.31.40.0-255,1514,207054,73,271776
34738,0.028234,172.31.40.0-255,680,207734,73,271776
34739,0.029549,74.125.130.0-255,5738,213472,73,271776
34740,0.029557,172.31.40.0-255,66,213538,73,271776
34741,0.029595,104.244.42.0-255,66,213604,73,271776
34742,0.029628,104.244.42.0-255,66,213670,73,271776
34743,0.029788,104.244.42.0-255,66,213736,73,271776
34744,0.031534,74.125.130.0-255,5738,219474,73,271776
34745,0.031547,172.31.40.0-255,66,219540,73,271776
34746,0.033518,74.125.130.0-255,5738,225278,73,271776
34747,0.03353,172.31.40.0-255,66,225344,73,271776
34748,0.035518,74.125.130.0-255,5738,231082,73,271776
34749,0.035532,172.31.40.0-255,66,231148,73,271776
34750,0.037507,74.125.130.0-255,5738,236886,73,271776
34751,0.03752,172.31.40.0-255,66,236952,73,271776
34752,0.039488,74.125.130.0-255,5738,242690,73,271776
34753,0.039503,172.31.40.0-255,66,242756,73,271776
34754,0.041489,74.125.130.0-255,5738,248494,73,271776
34755,0.041512,172.31.40.0-255,66,248560,73,271776
34756,0.043491,74.125.130.0-255,5738,254298,73,271776
34757,0.043505,172.31.40.0-255,66,254364,73,271776
34758,0.045471,74.125.130.0-255,5738,260102,73,271776
34759,0.04548,172.31.40.0-255,66,260168,73,271776
34760,0.047475,74.125.130.0-255,5738,265906,73,271776
34761,0.047487,172.31.40.0-255,66,265972,73,271776
34762,0.049473,74.125.130.0-255,5738,271710,73,271776
34763,0.049487,172.31.40.0-255,66,271776,73,271776
34764,0.0,172.217.27.0-255,152,152,73,201550
34765,2e-05,172.31.40.0-255,66,218,73,201550
34766,2.7e-05,172.217.27.0-255,1484,1702,73,201550
34767,3.1e-05,172.31.40.0-255,66,1768,73,201550
34768,3.5e-05,172.217.27.0-255,1484,3252,73,201550
34769,3.8e-05,172.31.40.0-255,66,3318,73,201550
34770,6.2e-05,172.217.27.0-255,2902,6220,73,201550
34771,6.5e-05,172.31.40.0-255,66,6286,73,201550
34772,7.1e-05,172.217.27.0-255,2902,9188,73,201550
34773,7.3e-05,172.31.40.0-255,66,9254,73,201550
34774,9.9e-05,172.217.27.0-255,2902,12156,73,201550
34775,0.000101,172.31.40.0-255,66,12222,73,201550
34776,0.000129,172.217.27.0-255,3556,15778,73,201550
34777,0.000132,172.31.40.0-255,66,15844,73,201550
34778,0.000186,172.217.27.0-255,4320,20164,73,201550
34779,0.000188,172.31.40.0-255,66,20230,73,201550
34780,0.000234,172.217.27.0-255,2902,23132,73,201550
34781,0.000236,172.31.40.0-255,66,23198,73,201550
34782,0.000256,172.217.27.0-255,7156,30354,73,201550
34783,0.000258,172.31.40.0-255,66,30420,73,201550
34784,0.000322,172.217.27.0-255,1125,31545,73,201550
34785,0.000325,172.31.40.0-255,66,31611,73,201550
34786,0.000357,172.31.40.0-255,66,31677,73,201550
34787,0.000479,172.217.27.0-255,4320,35997,73,201550
34788,0.000483,172.31.40.0-255,66,36063,73,201550
34789,0.00051,172.31.40.0-255,66,36129,73,201550
34790,0.000621,172.217.27.0-255,5738,41867,73,201550
34791,0.000625,172.31.40.0-255,66,41933,73,201550
34792,0.000636,172.217.27.0-255,1484,43417,73,201550
34793,0.000639,172.31.40.0-255,66,43483,73,201550
34794,0.000654,172.217.27.0-255,1394,44877,73,201550
34795,0.000681,172.217.27.0-255,136,45013,73,201550
34796,0.00083,172.217.27.0-255,1484,46497,73,201550
34797,0.000834,172.31.40.0-255,66,46563,73,201550
34798,0.00084,172.217.27.0-255,2902,49465,73,201550
34799,0.000842,172.31.40.0-255,66,49531,73,201550
34800,0.000848,172.217.27.0-255,5738,55269,73,201550
34801,0.000851,172.31.40.0-255,66,55335,73,201550
34802,0.00091,172.217.27.0-255,1484,56819,73,201550
34803,0.000917,172.217.27.0-255,5379,62198,73,201550
34804,0.00092,172.31.40.0-255,66,62264,73,201550
34805,0.00097,172.217.27.0-255,7156,69420,73,201550
34806,0.000987,172.31.40.0-255,66,69486,73,201550
34807,0.001002,172.217.27.0-255,1484,70970,73,201550
34808,0.001072,172.31.40.0-255,66,71036,73,201550
34809,0.001149,172.217.27.0-255,2902,73938,73,201550
34810,0.001153,172.31.40.0-255,66,74004,73,201550
34811,0.001183,172.217.27.0-255,5738,79742,73,201550
34812,0.001186,172.31.40.0-255,66,79808,73,201550
34813,0.00121,172.217.27.0-255,7156,86964,73,201550
34814,0.001213,172.31.40.0-255,66,87030,73,201550
34815,0.001329,172.217.27.0-255,7156,94186,73,201550
34816,0.001334,172.31.40.0-255,66,94252,73,201550
34817,0.001811,172.217.27.0-255,1484,95736,73,201550
34818,0.00182,172.217.27.0-255,2902,98638,73,201550
34819,0.001841,172.217.27.0-255,5738,104376,73,201550
34820,0.001896,172.217.27.0-255,5738,110114,73,201550
34821,0.001916,172.217.27.0-255,7156,117270,73,201550
34822,0.002041,172.217.27.0-255,4320,121590,73,201550
34823,0.002056,172.217.27.0-255,2902,124492,73,201550
34824,0.002116,172.217.27.0-255,3602,128094,73,201550
34825,0.002165,172.217.27.0-255,4320,132414,73,201550
34826,0.002197,172.217.27.0-255,4320,136734,73,201550
34827,0.002207,172.217.27.0-255,2902,139636,73,201550
34828,0.002283,172.217.27.0-255,4320,143956,73,201550
34829,0.002421,172.217.27.0-255,2902,146858,73,201550
34830,0.002485,172.217.27.0-255,4320,151178,73,201550
34831,0.002504,172.217.27.0-255,2184,153362,73,201550
34832,0.002515,172.217.27.0-255,1484,154846,73,201550
34833,0.002686,172.217.27.0-255,1484,156330,73,201550
34834,0.002708,172.217.27.0-255,1484,157814,73,201550
34835,0.002883,172.217.27.0-255,1484,159298,73,201550
34836,0.002906,172.217.27.0-255,2902,162200,73,201550
34837,0.00295,172.217.27.0-255,7156,169356,73,201550
34838,0.002988,172.217.27.0-255,3602,172958,73,201550
34839,0.003255,172.217.27.0-255,7156,180114,73,201550
34840,0.003422,172.217.27.0-255,5738,185852,73,201550
34841,0.003504,172.217.27.0-255,6438,192290,73,201550
34842,0.003893,172.217.27.0-255,2902,195192,73,201550
34843,0.01091,172.31.40.0-255,66,195258,73,201550
34844,0.011778,172.31.40.0-255,101,195359,73,201550
34845,0.013392,172.217.27.0-255,66,195425,73,201550
34846,0.014078,172.31.40.0-255,105,195530,73,201550
34847,0.015698,172.217.27.0-255,66,195596,73,201550
34848,0.046189,172.31.40.0-255,176,195772,73,201550
34849,0.046222,172.31.40.0-255,1116,196888,73,201550
34850,0.046284,172.31.40.0-255,1514,198402,73,201550
34851,0.046286,172.31.40.0-255,1514,199916,73,201550
34852,0.046289,172.31.40.0-255,1436,201352,73,201550
34853,0.047755,104.244.42.0-255,66,201418,73,201550
34854,0.047769,104.244.42.0-255,66,201484,73,201550
34855,0.047834,104.244.42.0-255,66,201550,73,201550
34856,0.0,74.125.130.0-255,297,297,73,319100
34857,2.5e-05,172.31.40.0-255,66,363,73,319100
34858,3.1e-05,74.125.130.0-255,1484,1847,73,319100
34859,3.6e-05,172.31.40.0-255,66,1913,73,319100
34860,4.3e-05,74.125.130.0-255,4320,6233,73,319100
34861,4.6e-05,172.31.40.0-255,66,6299,73,319100
34862,7.6e-05,74.125.130.0-255,7156,13455,73,319100
34863,7.9e-05,172.31.40.0-255,66,13521,73,319100
34864,8.2e-05,74.125.130.0-255,407,13928,73,319100
34865,8.4e-05,172.31.40.0-255,66,13994,73,319100
34866,0.000177,74.125.130.0-255,1484,15478,73,319100
34867,0.00018,172.31.40.0-255,66,15544,73,319100
34868,0.000185,74.125.130.0-255,2902,18446,73,319100
34869,0.000187,172.31.40.0-255,66,18512,73,319100
34870,0.000217,74.125.130.0-255,5738,24250,73,319100
34871,0.00022,172.31.40.0-255,66,24316,73,319100
34872,0.000228,74.125.130.0-255,6797,31113,73,319100
34873,0.00023,172.31.40.0-255,66,31179,73,319100
34874,0.000264,74.125.130.0-255,2902,34081,73,319100
34875,0.000266,172.31.40.0-255,66,34147,73,319100
34876,0.000284,74.125.130.0-255,1484,35631,73,319100
34877,0.000286,172.31.40.0-255,66,35697,73,319100
34878,0.00029,74.125.130.0-255,1484,37181,73,319100
34879,0.000292,172.31.40.0-255,66,37247,73,319100
34880,0.00031,74.125.130.0-255,4320,41567,73,319100
34881,0.000313,172.31.40.0-255,66,41633,73,319100
34882,0.000316,74.125.130.0-255,1484,43117,73,319100
34883,0.000317,172.31.40.0-255,66,43183,73,319100
34884,0.000322,74.125.130.0-255,2902,46085,73,319100
34885,0.000324,172.31.40.0-255,66,46151,73,319100
34886,0.000361,74.125.130.0-255,2543,48694,73,319100
34887,0.000364,172.31.40.0-255,66,48760,73,319100
34888,0.00041,74.125.130.0-255,1484,50244,73,319100
34889,0.000417,74.125.130.0-255,2902,53146,73,319100
34890,0.000419,172.31.40.0-255,66,53212,73,319100
34891,0.000432,74.125.130.0-255,1484,54696,73,319100
34892,0.000452,74.125.130.0-255,4320,59016,73,319100
34893,0.000454,172.31.40.0-255,66,59082,73,319100
34894,0.000486,74.125.130.0-255,5738,64820,73,319100
34895,0.000488,172.31.40.0-255,66,64886,73,319100
34896,0.000515,74.125.130.0-255,1125,66011,73,319100
34897,0.000517,74.125.130.0-255,361,66372,73,319100
34898,0.000543,74.125.130.0-255,384,66756,73,319100
34899,0.000545,172.31.40.0-255,66,66822,73,319100
34900,0.00087,74.125.130.0-255,1484,68306,73,319100
34901,0.000876,74.125.130.0-255,2902,71208,73,319100
34902,0.000879,172.31.40.0-255,66,71274,73,319100
34903,0.000901,74.125.130.0-255,4320,75594,73,319100
34904,0.000903,172.31.40.0-255,66,75660,73,319100
34905,0.000925,74.125.130.0-255,1484,77144,73,319100
34906,0.000932,74.125.130.0-255,5738,82882,73,319100
34907,0.000934,172.31.40.0-255,66,82948,73,319100
34908,0.000942,74.125.130.0-255,7156,90104,73,319100
34909,0.000945,172.31.40.0-255,66,90170,73,319100
34910,0.00098,74.125.130.0-255,7156,97326,73,319100
34911,0.000983,172.31.40.0-255,66,97392,73,319100
34912,0.001015,74.125.130.0-255,3602,100994,73,319100
34913,0.001018,172.31.40.0-255,66,101060,73,319100
34914,0.001305,74.125.130.0-255,1484,102544,73,319100
34915,0.001321,74.125.130.0-255,2902,105446,73,319100
34916,0.001324,172.31.40.0-255,66,105512,73,319100
34917,0.001346,74.125.130.0-255,5738,111250,73,319100
34918,0.001349,172.31.40.0-255,66,111316,73,319100
34919,0.001378,74.125.130.0-255,4320,115636,73,319100
34920,0.001381,172.31.40.0-255,66,115702,73,319100
34921,0.00141,172.31.40.0-255,66,115768,73,319100
34922,0.001442,172.31.40.0-255,66,115834,73,319100
34923,0.001455,74.125.130.0-255,766,116600,73,319100
34924,0.001554,74.125.130.0-255,1484,118084,73,319100
34925,0.001558,172.31.40.0-255,66,118150,73,319100
34926,0.001571,74.125.130.0-255,2902,121052,73,319100
34927,0.001574,172.31.40.0-255,66,121118,73,319100
34928,0.001594,74.125.130.0-255,5738,126856,73,319100
34929,0.001596,172.31.40.0-255,66,126922,73,319100
34930,0.001631,74.125.130.0-255,4320,131242,73,319100
34931,0.001634,172.31.40.0-255,66,131308,73,319100
34932,0.001651,74.125.130.0-255,7156,138464,73,319100
34933,0.001653,172.31.40.0-255,66,138530,73,319100
34934,0.001657,74.125.130.0-255,1484,140014,73,319100
34935,0.001684,172.31.40.0-255,66,140080,73,319100
34936,0.00176,74.125.130.0-255,1484,141564,73,319100
34937,0.001774,74.125.130.0-255,2902,144466,73,319100
34938,0.001777,172.31.40.0-255,66,144532,73,319100
34939,0.001799,74.125.130.0-255,5738,150270,73,319100
34940,0.001802,172.31.40.0-255,66,150336,73,319100
34941,0.00183,74.125.130.0-255,4320,154656,73,319100
34942,0.001835,172.31.40.0-255,66,154722,73,319100
34943,0.001855,74.125.130.0-255,7156,161878,73,319100
34944,0.001858,172.31.40.0-255,66,161944,73,319100
34945,0.001863,74.125.130.0-255,4320,166264,73,319100
34946,0.001865,172.31.40.0-255,66,166330,73,319100
34947,0.001895,172.31.40.0-255,66,166396,73,319100
34948,0.001913,74.125.130.0-255,1484,167880,73,319100
34949,0.00193,74.125.130.0-255,2902,170782,73,319100
34950,0.001932,172.31.40.0-255,66,170848,73,319100
34951,0.001951,74.125.130.0-255,5738,176586,73,319100
34952,0.001954,172.31.40.0-255,66,176652,73,319100
34953,0.001972,74.125.130.0-255,2902,179554,73,319100
34954,0.001974,172.31.40.0-255,66,179620,73,319100
34955,0.002008,172.31.40.0-255,66,179686,73,319100
34956,0.002092,172.31.40.0-255,66,179752,73,319100
34957,0.002108,172.31.40.0-255,101,179853,73,319100
34958,0.00414,74.125.130.0-255,5738,185591,73,319100
34959,0.004148,172.31.40.0-255,66,185657,73,319100
34960,0.004155,74.125.130.0-255,66,185723,73,319100
34961,0.006205,74.125.130.0-255,2902,188625,73,319100
34962,0.006209,172.31.40.0-255,66,188691,73,319100
34963,0.006227,74.125.130.0-255,2902,191593,73,319100
34964,0.00623,172.31.40.0-255,66,191659,73,319100
34965,0.008274,74.125.130.0-255,2902,194561,73,319100
34966,0.008281,172.31.40.0-255,66,194627,73,319100
34967,0.008302,74.125.130.0-255,2902,197529,73,319100
34968,0.008305,172.31.40.0-255,66,197595,73,319100
34969,0.010337,74.125.130.0-255,5738,203333,73,319100
34970,0.010354,172.31.40.0-255,66,203399,73,319100
34971,0.012409,74.125.130.0-255,5738,209137,73,319100
34972,0.012424,172.31.40.0-255,66,209203,73,319100
34973,0.014487,74.125.130.0-255,5738,214941,73,319100
34974,0.0145,172.31.40.0-255,66,215007,73,319100
34975,0.016557,74.125.130.0-255,5738,220745,73,319100
34976,0.016573,172.31.40.0-255,66,220811,73,319100
34977,0.018618,74.125.130.0-255,5738,226549,73,319100
34978,0.018625,172.31.40.0-255,66,226615,73,319100
34979,0.020672,74.125.130.0-255,5738,232353,73,319100
34980,0.02068,172.31.40.0-255,66,232419,73,319100
34981,0.022726,74.125.130.0-255,5738,238157,73,319100
34982,0.022734,172.31.40.0-255,66,238223,73,319100
34983,0.024784,74.125.130.0-255,5738,243961,73,319100
34984,0.024793,172.31.40.0-255,66,244027,73,319100
34985,0.02684,74.125.130.0-255,5738,249765,73,319100
34986,0.02685,172.31.40.0-255,66,249831,73,319100
34987,0.028888,74.125.130.0-255,5738,255569,73,319100
34988,0.028896,172.31.40.0-255,66,255635,73,319100
34989,0.030934,74.125.130.0-255,5738,261373,73,319100
34990,0.03094,172.31.40.0-255,66,261439,73,319100
34991,0.032993,74.125.130.0-255,5738,267177,73,319100
34992,0.033008,172.31.40.0-255,66,267243,73,319100
34993,0.035048,74.125.130.0-255,5738,272981,73,319100
34994,0.035053,172.31.40.0-255,66,273047,73,319100
34995,0.037087,74.125.130.0-255,5738,278785,73,319100
34996,0.037093,172.31.40.0-255,66,278851,73,319100
34997,0.039132,74.125.130.0-255,5738,284589,73,319100
34998,0.039139,172.31.40.0-255,66,284655,73,319100
34999,0.041188,74.125.130.0-255,5738,290393,73,319100
35000,0.04121,172.31.40.0-255,66,290459,73,319100
35001,0.043261,74.125.130.0-255,5738,296197,73,319100
35002,0.043274,172.31.40.0-255,66,296263,73,319100
35003,0.045326,74.125.130.0-255,5738,302001,73,319100
35004,0.045337,172.31.40.0-255,66,302067,73,319100
35005,0.046673,172.31.40.0-255,172,302239,73,319100
35006,0.046701,172.31.40.0-255,1111,303350,73,319100
35007,0.046756,172.31.40.0-255,1514,304864,73,319100
35008,0.046757,172.31.40.0-255,1514,306378,73,319100
35009,0.046778,172.31.40.0-255,850,307228,73,319100
35010,0.047379,74.125.130.0-255,5738,312966,73,319100
35011,0.047385,172.31.40.0-255,66,313032,73,319100
35012,0.048222,104.244.42.0-255,66,313098,73,319100
35013,0.048243,104.244.42.0-255,66,313164,73,319100
35014,0.048319,104.244.42.0-255,66,313230,73,319100
35015,0.048323,104.244.42.0-255,66,313296,73,319100
35016,0.049437,74.125.130.0-255,5738,319034,73,319100
35017,0.049447,172.31.40.0-255,66,319100,73,319100
35018,0.0,172.217.194.0-255,143,143,73,123519
35019,1.6e-05,172.31.40.0-255,66,209,73,123519
35020,2.3e-05,172.217.194.0-255,1484,1693,73,123519
35021,2.8e-05,172.31.40.0-255,66,1759,73,123519
35022,3.4e-05,172.217.194.0-255,2902,4661,73,123519
35023,4.6e-05,172.31.40.0-255,66,4727,73,123519
35024,5.4e-05,172.217.194.0-255,7156,11883,73,123519
35025,5.7e-05,172.31.40.0-255,66,11949,73,123519
35026,0.0001,172.31.40.0-255,66,12015,73,123519
35027,0.000104,172.217.194.0-255,2543,14558,73,123519
35028,0.000106,172.31.40.0-255,66,14624,73,123519
35029,0.000234,172.217.194.0-255,1484,16108,73,123519
35030,0.000238,172.31.40.0-255,66,16174,73,123519
35031,0.000265,172.217.194.0-255,2902,19076,73,123519
35032,0.000269,172.31.40.0-255,66,19142,73,123519
35033,0.000275,172.217.194.0-255,5738,24880,73,123519
35034,0.000278,172.31.40.0-255,66,24946,73,123519
35035,0.000322,172.31.40.0-255,66,25012,73,123519
35036,0.000355,172.31.40.0-255,66,25078,73,123519
35037,0.000379,172.217.194.0-255,5020,30098,73,123519
35038,0.000382,172.31.40.0-255,66,30164,73,123519
35039,0.00041,172.217.194.0-255,377,30541,73,123519
35040,0.000413,172.31.40.0-255,66,30607,73,123519
35041,0.000461,172.217.194.0-255,367,30974,73,123519
35042,0.000464,172.31.40.0-255,66,31040,73,123519
35043,0.000576,172.217.194.0-255,1484,32524,73,123519
35044,0.000581,172.31.40.0-255,66,32590,73,123519
35045,0.000586,172.217.194.0-255,2902,35492,73,123519
35046,0.000588,172.31.40.0-255,66,35558,73,123519
35047,0.000626,172.217.194.0-255,5738,41296,73,123519
35048,0.000629,172.31.40.0-255,66,41362,73,123519
35049,0.000643,172.31.40.0-255,66,41428,73,123519
35050,0.00066,172.31.40.0-255,66,41494,73,123519
35051,0.000705,172.217.194.0-255,1484,42978,73,123519
35052,0.000729,172.217.194.0-255,2902,45880,73,123519
35053,0.000732,172.31.40.0-255,66,45946,73,123519
35054,0.000738,172.217.194.0-255,5738,51684,73,123519
35055,0.000741,172.31.40.0-255,66,51750,73,123519
35056,0.000755,172.31.40.0-255,66,51816,73,123519
35057,0.000821,172.31.40.0-255,66,51882,73,123519
35058,0.000836,172.31.40.0-255,66,51948,73,123519
35059,0.000871,172.31.40.0-255,66,52014,73,123519
35060,0.00091,172.31.40.0-255,66,52080,73,123519
35061,0.000914,172.217.194.0-255,2902,54982,73,123519
35062,0.000917,172.31.40.0-255,66,55048,73,123519
35063,0.000935,172.31.40.0-255,66,55114,73,123519
35064,0.000981,172.31.40.0-255,66,55180,73,123519
35065,0.001274,172.217.194.0-255,1484,56664,73,123519
35066,0.001279,172.217.194.0-255,1484,58148,73,123519
35067,0.001283,172.31.40.0-255,66,58214,73,123519
35068,0.001314,172.217.194.0-255,1484,59698,73,123519
35069,0.001321,172.217.194.0-255,5738,65436,73,123519
35070,0.001324,172.31.40.0-255,66,65502,73,123519
35071,0.00133,172.217.194.0-255,5738,71240,73,123519
35072,0.001332,172.31.40.0-255,66,71306,73,123519
35073,0.001367,172.217.194.0-255,7156,78462,73,123519
35074,0.00137,172.31.40.0-255,66,78528,73,123519
35075,0.001376,172.217.194.0-255,5738,84266,73,123519
35076,0.001378,172.31.40.0-255,66,84332,73,123519
35077,0.001408,172.217.194.0-255,5020,89352,73,123519
35078,0.001411,172.31.40.0-255,66,89418,73,123519
35079,0.001575,172.217.194.0-255,1484,90902,73,123519
35080,0.001585,172.217.194.0-255,2902,93804,73,123519
35081,0.001589,172.31.40.0-255,66,93870,73,123519
35082,0.001596,172.217.194.0-255,5738,99608,73,123519
35083,0.001599,172.31.40.0-255,66,99674,73,123519
35084,0.001617,172.31.40.0-255,66,99740,73,123519
35085,0.00163,172.31.40.0-255,66,99806,73,123519
35086,0.001714,172.217.194.0-255,1484,101290,73,123519
35087,0.001718,172.217.194.0-255,1484,102774,73,123519
35088,0.001721,172.31.40.0-255,66,102840,73,123519
35089,0.001746,172.217.194.0-255,1484,104324,73,123519
35090,0.001752,172.217.194.0-255,5738,110062,73,123519
35091,0.001756,172.31.40.0-255,66,110128,73,123519
35092,0.001796,172.31.40.0-255,66,110194,73,123519
35093,0.001814,172.31.40.0-255,66,110260,73,123519
35094,0.00191,172.31.40.0-255,66,110326,73,123519
35095,0.001913,172.31.40.0-255,66,110392,73,123519
35096,0.001929,172.31.40.0-255,66,110458,73,123519
35097,0.001935,172.217.194.0-255,5738,116196,73,123519
35098,0.001938,172.31.40.0-255,66,116262,73,123519
35099,0.001944,172.217.194.0-255,5738,122000,73,123519
35100,0.001946,172.31.40.0-255,66,122066,73,123519
35101,0.002012,172.31.40.0-255,66,122132,73,123519
35102,0.002033,172.31.40.0-255,66,122198,73,123519
35103,0.002036,172.217.194.0-255,878,123076,73,123519
35104,0.002039,172.217.194.0-255,105,123181,73,123519
35105,0.004069,172.31.40.0-255,101,123282,73,123519
35106,0.004431,172.31.40.0-255,105,123387,73,123519
35107,0.006288,172.217.194.0-255,66,123453,73,123519
35108,0.006661,172.217.194.0-255,66,123519,73,123519
35109,0.0,74.125.24.0-255,146,146,73,278784
35110,2.3e-05,172.31.40.0-255,66,212,73,278784
35111,3e-05,74.125.24.0-255,1484,1696,73,278784
35112,3.6e-05,172.31.40.0-255,66,1762,73,278784
35113,4.1e-05,74.125.24.0-255,2902,4664,73,278784
35114,4.5e-05,172.31.40.0-255,66,4730,73,278784
35115,5.1e-05,74.125.24.0-255,5738,10468,73,278784
35116,5.6e-05,172.31.40.0-255,66,10534,73,278784
35117,0.000107,172.31.40.0-255,66,10600,73,278784
35118,0.000122,74.125.24.0-255,567,11167,73,278784
35119,0.000124,172.31.40.0-255,66,11233,73,278784
35120,0.00014,74.125.24.0-255,2902,14135,73,278784
35121,0.000142,172.31.40.0-255,66,14201,73,278784
35122,0.000149,74.125.24.0-255,4320,18521,73,278784
35123,0.000151,172.31.40.0-255,66,18587,73,278784
35124,0.000174,74.125.24.0-255,2543,21130,73,278784
35125,0.000176,172.31.40.0-255,66,21196,73,278784
35126,0.000346,74.125.24.0-255,1484,22680,73,278784
35127,0.000351,172.31.40.0-255,66,22746,73,278784
35128,0.000357,74.125.24.0-255,2902,25648,73,278784
35129,0.000359,172.31.40.0-255,66,25714,73,278784
35130,0.000381,74.125.24.0-255,5738,31452,73,278784
35131,0.000384,172.31.40.0-255,66,31518,73,278784
35132,0.00039,74.125.24.0-255,5738,37256,73,278784
35133,0.000393,172.31.40.0-255,66,37322,73,278784
35134,0.000443,74.125.24.0-255,7156,44478,73,278784
35135,0.000447,172.31.40.0-255,66,44544,73,278784
35136,0.000472,74.125.24.0-255,6797,51341,73,278784
35137,0.000477,74.125.24.0-255,3961,55302,73,278784
35138,0.000482,172.31.40.0-255,66,55368,73,278784
35139,0.000486,172.31.40.0-255,66,55434,73,278784
35140,0.000566,74.125.24.0-255,645,56079,73,278784
35141,0.00101,172.31.40.0-255,66,56145,73,278784
35142,0.001111,74.125.24.0-255,1484,57629,73,278784
35143,0.00112,74.125.24.0-255,2902,60531,73,278784
35144,0.001124,172.31.40.0-255,66,60597,73,278784
35145,0.001151,74.125.24.0-255,5738,66335,73,278784
35146,0.001153,172.31.40.0-255,66,66401,73,278784
35147,0.001157,74.125.24.0-255,1484,67885,73,278784
35148,0.001179,172.31.40.0-255,66,67951,73,278784
35149,0.001206,74.125.24.0-255,2902,70853,73,278784
35150,0.001208,172.31.40.0-255,66,70919,73,278784
35151,0.001234,172.31.40.0-255,66,70985,73,278784
35152,0.001252,74.125.24.0-255,1484,72469,73,278784
35153,0.001255,74.125.24.0-255,766,73235,73,278784
35154,0.001257,172.31.40.0-255,66,73301,73,278784
35155,0.001533,74.125.24.0-255,1484,74785,73,278784
35156,0.001541,74.125.24.0-255,2902,77687,73,278784
35157,0.001545,172.31.40.0-255,66,77753,73,278784
35158,0.001563,74.125.24.0-255,2902,80655,73,278784
35159,0.001565,172.31.40.0-255,66,80721,73,278784
35160,0.001569,74.125.24.0-255,2902,83623,73,278784
35161,0.001572,172.31.40.0-255,66,83689,73,278784
35162,0.001589,74.125.24.0-255,1484,85173,73,278784
35163,0.001618,172.31.40.0-255,66,85239,73,278784
35164,0.00163,172.31.40.0-255,66,85305,73,278784
35165,0.00165,74.125.24.0-255,1484,86789,73,278784
35166,0.001672,74.125.24.0-255,3602,90391,73,278784
35167,0.001676,172.31.40.0-255,66,90457,73,278784
35168,0.001768,74.125.24.0-255,1484,91941,73,278784
35169,0.001789,74.125.24.0-255,2902,94843,73,278784
35170,0.001792,172.31.40.0-255,66,94909,73,278784
35171,0.0018,74.125.24.0-255,5738,100647,73,278784
35172,0.001803,172.31.40.0-255,66,100713,73,278784
35173,0.001826,74.125.24.0-255,1484,102197,73,278784
35174,0.00185,74.125.24.0-255,5738,107935,73,278784
35175,0.001853,172.31.40.0-255,66,108001,73,278784
35176,0.001873,74.125.24.0-255,5738,113739,73,278784
35177,0.001876,172.31.40.0-255,66,113805,73,278784
35178,0.001889,74.125.24.0-255,4320,118125,73,278784
35179,0.001892,172.31.40.0-255,66,118191,73,278784
35180,0.001908,74.125.24.0-255,6438,124629,73,278784
35181,0.001911,172.31.40.0-255,66,124695,73,278784
35182,0.001917,74.125.24.0-255,5738,130433,73,278784
35183,0.00192,172.31.40.0-255,66,130499,73,278784
35184,0.001942,74.125.24.0-255,5738,136237,73,278784
35185,0.001944,172.31.40.0-255,66,136303,73,278784
35186,0.001958,172.31.40.0-255,66,136369,73,278784
35187,0.002027,172.31.40.0-255,66,136435,73,278784
35188,0.002042,172.31.40.0-255,66,136501,73,278784
35189,0.002048,74.125.24.0-255,5738,142239,73,278784
35190,0.00205,172.31.40.0-255,66,142305,73,278784
35191,0.002085,172.31.40.0-255,66,142371,73,278784
35192,0.002163,74.125.24.0-255,1484,143855,73,278784
35193,0.002169,74.125.24.0-255,2902,146757,73,278784
35194,0.002173,172.31.40.0-255,66,146823,73,278784
35195,0.002201,74.125.24.0-255,5738,152561,73,278784
35196,0.002204,172.31.40.0-255,66,152627,73,278784
35197,0.002209,74.125.24.0-255,4320,156947,73,278784
35198,0.002211,172.31.40.0-255,66,157013,73,278784
35199,0.002264,172.31.40.0-255,66,157079,73,278784
35200,0.002276,172.31.40.0-255,66,157145,73,278784
35201,0.00461,74.125.24.0-255,5738,162883,73,278784
35202,0.004629,172.31.40.0-255,66,162949,73,278784
35203,0.006974,74.125.24.0-255,4320,167269,73,278784
35204,0.00698,172.31.40.0-255,66,167335,73,278784
35205,0.006997,74.125.24.0-255,1484,168819,73,278784
35206,0.009319,74.125.24.0-255,4320,173139,73,278784
35207,0.009326,172.31.40.0-255,66,173205,73,278784
35208,0.011691,74.125.24.0-255,5738,178943,73,278784
35209,0.011701,172.31.40.0-255,66,179009,73,278784
35210,0.014065,74.125.24.0-255,5738,184747,73,278784
35211,0.014084,172.31.40.0-255,66,184813,73,278784
35212,0.016424,74.125.24.0-255,5738,190551,73,278784
35213,0.016438,172.31.40.0-255,66,190617,73,278784
35214,0.018766,74.125.24.0-255,5738,196355,73,278784
35215,0.018776,172.31.40.0-255,66,196421,73,278784
35216,0.021108,74.125.24.0-255,5738,202159,73,278784
35217,0.021116,172.31.40.0-255,66,202225,73,278784
35218,0.022642,172.31.40.0-255,172,202397,73,278784
35219,0.022673,172.31.40.0-255,1114,203511,73,278784
35220,0.022737,172.31.40.0-255,1514,205025,73,278784
35221,0.022739,172.31.40.0-255,1514,206539,73,278784
35222,0.022745,172.31.40.0-255,1514,208053,73,278784
35223,0.022747,172.31.40.0-255,645,208698,73,278784
35224,0.023441,74.125.24.0-255,5738,214436,73,278784
35225,0.023449,172.31.40.0-255,66,214502,73,278784
35226,0.024204,104.244.42.0-255,66,214568,73,278784
35227,0.024241,104.244.42.0-255,66,214634,73,278784
35228,0.024282,104.244.42.0-255,66,214700,73,278784
35229,0.024302,104.244.42.0-255,66,214766,73,278784
35230,0.025781,74.125.24.0-255,5738,220504,73,278784
35231,0.025786,172.31.40.0-255,66,220570,73,278784
35232,0.027705,104.244.42.0-255,108,220678,73,278784
35233,0.027714,172.31.40.0-255,66,220744,73,278784
35234,0.028116,74.125.24.0-255,5738,226482,73,278784
35235,0.028121,172.31.40.0-255,66,226548,73,278784
35236,0.030461,74.125.24.0-255,5738,232286,73,278784
35237,0.030467,172.31.40.0-255,66,232352,73,278784
35238,0.03281,74.125.24.0-255,5738,238090,73,278784
35239,0.032819,172.31.40.0-255,66,238156,73,278784
35240,0.035156,74.125.24.0-255,5738,243894,73,278784
35241,0.035163,172.31.40.0-255,66,243960,73,278784
35242,0.037494,74.125.24.0-255,5738,249698,73,278784
35243,0.0375,172.31.40.0-255,66,249764,73,278784
35244,0.039846,74.125.24.0-255,5738,255502,73,278784
35245,0.039853,172.31.40.0-255,66,255568,73,278784
35246,0.042238,74.125.24.0-255,5738,261306,73,278784
35247,0.042245,172.31.40.0-255,66,261372,73,278784
35248,0.044568,74.125.24.0-255,5738,267110,73,278784
35249,0.044578,172.31.40.0-255,66,267176,73,278784
35250,0.046958,74.125.24.0-255,5738,272914,73,278784
35251,0.046964,172.31.40.0-255,66,272980,73,278784
35252,0.049304,74.125.24.0-255,5738,278718,73,278784
35253,0.049311,172.31.40.0-255,66,278784,73,278784
35254,0.0,74.125.24.0-255,153,153,73,221291
35255,1.5e-05,172.31.40.0-255,66,219,73,221291
35256,2.2e-05,74.125.24.0-255,1484,1703,73,221291
35257,2.5e-05,172.31.40.0-255,66,1769,73,221291
35258,3.1e-05,74.125.24.0-255,2902,4671,73,221291
35259,3.5e-05,172.31.40.0-255,66,4737,73,221291
35260,4.1e-05,74.125.24.0-255,4320,9057,73,221291
35261,4.4e-05,172.31.40.0-255,66,9123,73,221291
35262,7.3e-05,74.125.24.0-255,2902,12025,73,221291
35263,7.6e-05,172.31.40.0-255,66,12091,73,221291
35264,8.3e-05,74.125.24.0-255,6370,18461,73,221291
35265,8.6e-05,172.31.40.0-255,66,18527,73,221291
35266,0.000108,74.125.24.0-255,2902,21429,73,221291
35267,0.000111,172.31.40.0-255,66,21495,73,221291
35268,0.000141,172.31.40.0-255,66,21561,73,221291
35269,0.000224,74.125.24.0-255,1484,23045,73,221291
35270,0.000228,172.31.40.0-255,66,23111,73,221291
35271,0.000233,74.125.24.0-255,2902,26013,73,221291
35272,0.000235,172.31.40.0-255,66,26079,73,221291
35273,0.00024,74.125.24.0-255,2902,28981,73,221291
35274,0.000242,172.31.40.0-255,66,29047,73,221291
35275,0.000261,74.125.24.0-255,2902,31949,73,221291
35276,0.000263,172.31.40.0-255,66,32015,73,221291
35277,0.00027,74.125.24.0-255,6797,38812,73,221291
35278,0.000272,172.31.40.0-255,66,38878,73,221291
35279,0.000306,172.31.40.0-255,66,38944,73,221291
35280,0.000334,74.125.24.0-255,2856,41800,73,221291
35281,0.000336,172.31.40.0-255,66,41866,73,221291
35282,0.000367,74.125.24.0-255,109,41975,73,221291
35283,0.000369,172.31.40.0-255,66,42041,73,221291
35284,0.000488,74.125.24.0-255,1484,43525,73,221291
35285,0.000495,74.125.24.0-255,2902,46427,73,221291
35286,0.000499,172.31.40.0-255,66,46493,73,221291
35287,0.000506,74.125.24.0-255,5738,52231,73,221291
35288,0.000508,172.31.40.0-255,66,52297,73,221291
35289,0.000513,74.125.24.0-255,2902,55199,73,221291
35290,0.000514,172.31.40.0-255,66,55265,73,221291
35291,0.000533,74.125.24.0-255,2902,58167,73,221291
35292,0.000536,172.31.40.0-255,66,58233,73,221291
35293,0.000543,74.125.24.0-255,7156,65389,73,221291
35294,0.000545,172.31.40.0-255,66,65455,73,221291
35295,0.000568,74.125.24.0-255,6797,72252,73,221291
35296,0.00057,172.31.40.0-255,66,72318,73,221291
35297,0.000575,74.125.24.0-255,3961,76279,73,221291
35298,0.000577,172.31.40.0-255,66,76345,73,221291
35299,0.000868,74.125.24.0-255,1484,77829,73,221291
35300,0.000874,74.125.24.0-255,2902,80731,73,221291
35301,0.000877,172.31.40.0-255,66,80797,73,221291
35302,0.000898,74.125.24.0-255,5738,86535,73,221291
35303,0.000901,172.31.40.0-255,66,86601,73,221291
35304,0.000907,74.125.24.0-255,5738,92339,73,221291
35305,0.000909,172.31.40.0-255,66,92405,73,221291
35306,0.000933,74.125.24.0-255,2902,95307,73,221291
35307,0.000936,172.31.40.0-255,66,95373,73,221291
35308,0.000968,172.31.40.0-255,66,95439,73,221291
35309,0.000974,74.125.24.0-255,5020,100459,73,221291
35310,0.000976,172.31.40.0-255,66,100525,73,221291
35311,0.001014,74.125.24.0-255,5738,106263,73,221291
35312,0.001017,172.31.40.0-255,66,106329,73,221291
35313,0.001024,74.125.24.0-255,7156,113485,73,221291
35314,0.001026,172.31.40.0-255,66,113551,73,221291
35315,0.001038,74.125.24.0-255,1484,115035,73,221291
35316,0.00107,172.31.40.0-255,66,115101,73,221291
35317,0.001079,74.125.24.0-255,6438,121539,73,221291
35318,0.001081,172.31.40.0-255,66,121605,73,221291
35319,0.001386,74.125.24.0-255,1484,123089,73,221291
35320,0.00141,74.125.24.0-255,2902,125991,73,221291
35321,0.001414,172.31.40.0-255,66,126057,73,221291
35322,0.001418,74.125.24.0-255,1484,127541,73,221291
35323,0.001438,74.125.24.0-255,4320,131861,73,221291
35324,0.001441,172.31.40.0-255,66,131927,73,221291
35325,0.001453,172.31.40.0-255,66,131993,73,221291
35326,0.001492,172.31.40.0-255,66,132059,73,221291
35327,0.001496,74.125.24.0-255,2184,134243,73,221291
35328,0.001498,172.31.40.0-255,66,134309,73,221291
35329,0.001561,74.125.24.0-255,1484,135793,73,221291
35330,0.001564,74.125.24.0-255,1484,137277,73,221291
35331,0.001574,172.31.40.0-255,66,137343,73,221291
35332,0.001578,74.125.24.0-255,1484,138827,73,221291
35333,0.001583,74.125.24.0-255,4320,143147,73,221291
35334,0.001585,172.31.40.0-255,66,143213,73,221291
35335,0.001607,74.125.24.0-255,1484,144697,73,221291
35336,0.001613,74.125.24.0-255,4320,149017,73,221291
35337,0.001615,172.31.40.0-255,66,149083,73,221291
35338,0.001647,172.31.40.0-255,66,149149,73,221291
35339,0.001659,172.31.40.0-255,66,149215,73,221291
35340,0.001704,74.125.24.0-255,1484,150699,73,221291
35341,0.001708,74.125.24.0-255,1484,152183,73,221291
35342,0.00171,172.31.40.0-255,66,152249,73,221291
35343,0.001725,74.125.24.0-255,1484,153733,73,221291
35344,0.001742,74.125.24.0-255,2902,156635,73,221291
35345,0.001746,172.31.40.0-255,66,156701,73,221291
35346,0.001766,74.125.24.0-255,2902,159603,73,221291
35347,0.001769,172.31.40.0-255,66,159669,73,221291
35348,0.001773,74.125.24.0-255,2902,162571,73,221291
35349,0.001776,172.31.40.0-255,66,162637,73,221291
35350,0.001816,74.125.24.0-255,5738,168375,73,221291
35351,0.001819,172.31.40.0-255,66,168441,73,221291
35352,0.001842,74.125.24.0-255,4320,172761,73,221291
35353,0.001845,172.31.40.0-255,66,172827,73,221291
35354,0.001857,172.31.40.0-255,66,172893,73,221291
35355,0.001888,74.125.24.0-255,1484,174377,73,221291
35356,0.001893,74.125.24.0-255,2902,177279,73,221291
35357,0.001896,172.31.40.0-255,66,177345,73,221291
35358,0.0019,74.125.24.0-255,1484,178829,73,221291
35359,0.001918,74.125.24.0-255,4320,183149,73,221291
35360,0.001921,172.31.40.0-255,66,183215,73,221291
35361,0.001935,172.31.40.0-255,66,183281,73,221291
35362,0.001972,74.125.24.0-255,7156,190437,73,221291
35363,0.001975,172.31.40.0-255,66,190503,73,221291
35364,0.001995,74.125.24.0-255,3602,194105,73,221291
35365,0.001998,172.31.40.0-255,66,194171,73,221291
35366,0.002034,74.125.24.0-255,1484,195655,73,221291
35367,0.002039,74.125.24.0-255,2902,198557,73,221291
35368,0.002042,172.31.40.0-255,66,198623,73,221291
35369,0.002047,74.125.24.0-255,4320,202943,73,221291
35370,0.00205,172.31.40.0-255,66,203009,73,221291
35371,0.002062,74.125.24.0-255,1484,204493,73,221291
35372,0.002074,172.31.40.0-255,66,204559,73,221291
35373,0.002118,74.125.24.0-255,7156,211715,73,221291
35374,0.002121,172.31.40.0-255,66,211781,73,221291
35375,0.002148,172.31.40.0-255,66,211847,73,221291
35376,0.002164,172.31.40.0-255,66,211913,73,221291
35377,0.002176,172.31.40.0-255,66,211979,73,221291
35378,0.002198,74.125.24.0-255,2902,214881,73,221291
35379,0.002201,172.31.40.0-255,66,214947,73,221291
35380,0.002221,74.125.24.0-255,5738,220685,73,221291
35381,0.002223,172.31.40.0-255,66,220751,73,221291
35382,0.002268,172.31.40.0-255,66,220817,73,221291
35383,0.002279,172.31.40.0-255,66,220883,73,221291
35384,0.002317,172.31.40.0-255,66,220949,73,221291
35385,0.00232,74.125.24.0-255,105,221054,73,221291
35386,0.013091,172.31.40.0-255,66,221120,73,221291
35387,0.013128,172.31.40.0-255,105,221225,73,221291
35388,0.015561,74.125.24.0-255,66,221291,73,221291
35389,0.0,172.217.27.0-255,147,147,73,228613
35390,1.5e-05,172.31.40.0-255,66,213,73,228613
35391,2.1e-05,172.217.27.0-255,1484,1697,73,228613
35392,2.5e-05,172.31.40.0-255,66,1763,73,228613
35393,3.1e-05,172.217.27.0-255,2902,4665,73,228613
35394,4.1e-05,172.31.40.0-255,66,4731,73,228613
35395,4.9e-05,172.217.27.0-255,7156,11887,73,228613
35396,5.2e-05,172.31.40.0-255,66,11953,73,228613
35397,7.9e-05,172.217.27.0-255,2009,13962,73,228613
35398,8.7e-05,172.31.40.0-255,66,14028,73,228613
35399,0.000132,172.217.27.0-255,2902,16930,73,228613
35400,0.000137,172.31.40.0-255,66,16996,73,228613
35401,0.00014,172.217.27.0-255,1484,18480,73,228613
35402,0.000142,172.31.40.0-255,66,18546,73,228613
35403,0.000146,172.217.27.0-255,2902,21448,73,228613
35404,0.000149,172.31.40.0-255,66,21514,73,228613
35405,0.000184,172.217.27.0-255,5738,27252,73,228613
35406,0.000188,172.31.40.0-255,66,27318,73,228613
35407,0.000193,172.217.27.0-255,3961,31279,73,228613
35408,0.000195,172.31.40.0-255,66,31345,73,228613
35409,0.000201,172.217.27.0-255,4320,35665,73,228613
35410,0.000208,172.31.40.0-255,66,35731,73,228613
35411,0.000249,172.31.40.0-255,66,35797,73,228613
35412,0.000253,172.217.27.0-255,2543,38340,73,228613
35413,0.000255,172.31.40.0-255,66,38406,73,228613
35414,0.000281,172.217.27.0-255,2902,41308,73,228613
35415,0.000284,172.31.40.0-255,66,41374,73,228613
35416,0.000293,172.217.27.0-255,4320,45694,73,228613
35417,0.000296,172.31.40.0-255,66,45760,73,228613
35418,0.000299,172.217.27.0-255,1484,47244,73,228613
35419,0.000301,172.31.40.0-255,66,47310,73,228613
35420,0.000335,172.217.27.0-255,7156,54466,73,228613
35421,0.000341,172.31.40.0-255,66,54532,73,228613
35422,0.000345,172.217.27.0-255,1452,55984,73,228613
35423,0.00112,172.31.40.0-255,66,56050,73,228613
35424,0.001968,172.217.27.0-255,4320,60370,73,228613
35425,0.001975,172.31.40.0-255,66,60436,73,228613
35426,0.002734,172.217.27.0-255,1484,61920,73,228613
35427,0.003593,172.217.27.0-255,4320,66240,73,228613
35428,0.003596,172.31.40.0-255,66,66306,73,228613
35429,0.005248,172.217.27.0-255,5738,72044,73,228613
35430,0.005255,172.31.40.0-255,66,72110,73,228613
35431,0.006896,172.217.27.0-255,5738,77848,73,228613
35432,0.006901,172.31.40.0-255,66,77914,73,228613
35433,0.008529,172.217.27.0-255,5738,83652,73,228613
35434,0.008535,172.31.40.0-255,66,83718,73,228613
35435,0.010172,172.217.27.0-255,5738,89456,73,228613
35436,0.010178,172.31.40.0-255,66,89522,73,228613
35437,0.011834,172.217.27.0-255,5738,95260,73,228613
35438,0.011842,172.31.40.0-255,66,95326,73,228613
35439,0.013475,172.217.27.0-255,5738,101064,73,228613
35440,0.013481,172.31.40.0-255,66,101130,73,228613
35441,0.015123,172.217.27.0-255,5738,106868,73,228613
35442,0.015129,172.31.40.0-255,66,106934,73,228613
35443,0.01678,172.217.27.0-255,5738,112672,73,228613
35444,0.016787,172.31.40.0-255,66,112738,73,228613
35445,0.018413,172.217.27.0-255,5738,118476,73,228613
35446,0.01842,172.31.40.0-255,66,118542,73,228613
35447,0.020061,172.217.27.0-255,5738,124280,73,228613
35448,0.020065,172.31.40.0-255,66,124346,73,228613
35449,0.020744,172.31.40.0-255,172,124518,73,228613
35450,0.020795,172.31.40.0-255,1111,125629,73,228613
35451,0.020861,172.31.40.0-255,1514,127143,73,228613
35452,0.020863,172.31.40.0-255,1514,128657,73,228613
35453,0.020864,172.31.40.0-255,850,129507,73,228613
35454,0.021698,172.217.27.0-255,5738,135245,73,228613
35455,0.021705,172.31.40.0-255,66,135311,73,228613
35456,0.022329,104.244.42.0-255,66,135377,73,228613
35457,0.022365,104.244.42.0-255,66,135443,73,228613
35458,0.022423,104.244.42.0-255,66,135509,73,228613
35459,0.022436,104.244.42.0-255,66,135575,73,228613
35460,0.023054,104.244.42.0-255,108,135683,73,228613
35461,0.023062,172.31.40.0-255,66,135749,73,228613
35462,0.023339,172.217.27.0-255,5738,141487,73,228613
35463,0.023344,172.31.40.0-255,66,141553,73,228613
35464,0.024988,172.217.27.0-255,5738,147291,73,228613
35465,0.024994,172.31.40.0-255,66,147357,73,228613
35466,0.026651,172.217.27.0-255,5738,153095,73,228613
35467,0.026657,172.31.40.0-255,66,153161,73,228613
35468,0.028283,172.217.27.0-255,5738,158899,73,228613
35469,0.02829,172.31.40.0-255,66,158965,73,228613
35470,0.029933,172.217.27.0-255,5738,164703,73,228613
35471,0.029939,172.31.40.0-255,66,164769,73,228613
35472,0.031596,172.217.27.0-255,5738,170507,73,228613
35473,0.031602,172.31.40.0-255,66,170573,73,228613
35474,0.033235,172.217.27.0-255,5738,176311,73,228613
35475,0.033242,172.31.40.0-255,66,176377,73,228613
35476,0.034925,172.217.27.0-255,5738,182115,73,228613
35477,0.034932,172.31.40.0-255,66,182181,73,228613
35478,0.03679,172.217.27.0-255,5738,187919,73,228613
35479,0.036797,172.31.40.0-255,66,187985,73,228613
35480,0.038443,172.217.27.0-255,5738,193723,73,228613
35481,0.038449,172.31.40.0-255,66,193789,73,228613
35482,0.040092,172.217.27.0-255,5738,199527,73,228613
35483,0.040098,172.31.40.0-255,66,199593,73,228613
35484,0.041745,172.217.27.0-255,5738,205331,73,228613
35485,0.041753,172.31.40.0-255,66,205397,73,228613
35486,0.043404,172.217.27.0-255,5738,211135,73,228613
35487,0.04341,172.31.40.0-255,66,211201,73,228613
35488,0.045061,172.217.27.0-255,5738,216939,73,228613
35489,0.045067,172.31.40.0-255,66,217005,73,228613
35490,0.04673,172.217.27.0-255,5738,222743,73,228613
35491,0.046737,172.31.40.0-255,66,222809,73,228613
35492,0.048378,172.217.27.0-255,5738,228547,73,228613
35493,0.048384,172.31.40.0-255,66,228613,73,228613
35494,0.0,74.125.24.0-255,146,146,73,192117
35495,2.3e-05,172.31.40.0-255,66,212,73,192117
35496,3e-05,74.125.24.0-255,1484,1696,73,192117
35497,3.5e-05,172.31.40.0-255,66,1762,73,192117
35498,4.2e-05,74.125.24.0-255,2902,4664,73,192117
35499,5.4e-05,172.31.40.0-255,66,4730,73,192117
35500,6.2e-05,74.125.24.0-255,5738,10468,73,192117
35501,6.6e-05,172.31.40.0-255,66,10534,73,192117
35502,0.000113,74.125.24.0-255,3584,14118,73,192117
35503,0.000116,172.31.40.0-255,66,14184,73,192117
35504,0.000122,74.125.24.0-255,4320,18504,73,192117
35505,0.000125,172.31.40.0-255,66,18570,73,192117
35506,0.000145,74.125.24.0-255,4320,22890,73,192117
35507,0.000152,172.31.40.0-255,66,22956,73,192117
35508,0.000178,74.125.24.0-255,5738,28694,73,192117
35509,0.00018,172.31.40.0-255,66,28760,73,192117
35510,0.000184,74.125.24.0-255,2543,31303,73,192117
35511,0.000186,172.31.40.0-255,66,31369,73,192117
35512,0.000274,74.125.24.0-255,1484,32853,73,192117
35513,0.000277,172.31.40.0-255,66,32919,73,192117
35514,0.000301,74.125.24.0-255,1484,34403,73,192117
35515,0.000303,172.31.40.0-255,66,34469,73,192117
35516,0.000308,74.125.24.0-255,2902,37371,73,192117
35517,0.00031,172.31.40.0-255,66,37437,73,192117
35518,0.000338,74.125.24.0-255,5738,43175,73,192117
35519,0.000341,172.31.40.0-255,66,43241,73,192117
35520,0.000346,74.125.24.0-255,4320,47561,73,192117
35521,0.000348,172.31.40.0-255,66,47627,73,192117
35522,0.000388,172.31.40.0-255,66,47693,73,192117
35523,0.000423,74.125.24.0-255,2902,50595,73,192117
35524,0.000426,172.31.40.0-255,66,50661,73,192117
35525,0.000452,74.125.24.0-255,2810,53471,73,192117
35526,0.000455,172.31.40.0-255,66,53537,73,192117
35527,0.001948,74.125.24.0-255,388,53925,73,192117
35528,0.001957,172.31.40.0-255,66,53991,73,192117
35529,0.001988,74.125.24.0-255,1484,55475,73,192117
35530,0.001991,172.31.40.0-255,66,55541,73,192117
35531,0.001998,74.125.24.0-255,4320,59861,73,192117
35532,0.002,172.31.40.0-255,66,59927,73,192117
35533,0.002004,74.125.24.0-255,2902,62829,73,192117
35534,0.002006,172.31.40.0-255,66,62895,73,192117
35535,0.002031,74.125.24.0-255,2902,65797,73,192117
35536,0.002034,172.31.40.0-255,66,65863,73,192117
35537,0.002051,172.31.40.0-255,66,65929,73,192117
35538,0.002061,172.31.40.0-255,66,65995,73,192117
35539,0.002087,74.125.24.0-255,2184,68179,73,192117
35540,0.00209,172.31.40.0-255,66,68245,73,192117
35541,0.002409,74.125.24.0-255,1484,69729,73,192117
35542,0.002411,172.31.40.0-255,66,69795,73,192117
35543,0.002416,74.125.24.0-255,2902,72697,73,192117
35544,0.002418,172.31.40.0-255,66,72763,73,192117
35545,0.002449,74.125.24.0-255,5738,78501,73,192117
35546,0.002451,172.31.40.0-255,66,78567,73,192117
35547,0.002455,74.125.24.0-255,2902,81469,73,192117
35548,0.002457,172.31.40.0-255,66,81535,73,192117
35549,0.002497,172.31.40.0-255,66,81601,73,192117
35550,0.002533,172.31.40.0-255,66,81667,73,192117
35551,0.002553,74.125.24.0-255,6438,88105,73,192117
35552,0.002555,172.31.40.0-255,66,88171,73,192117
35553,0.002566,172.31.40.0-255,66,88237,73,192117
35554,0.002596,74.125.24.0-255,1484,89721,73,192117
35555,0.002612,172.31.40.0-255,66,89787,73,192117
35556,0.002638,74.125.24.0-255,2902,92689,73,192117
35557,0.002641,172.31.40.0-255,66,92755,73,192117
35558,0.002689,172.31.40.0-255,66,92821,73,192117
35559,0.002694,74.125.24.0-255,2902,95723,73,192117
35560,0.002696,172.31.40.0-255,66,95789,73,192117
35561,0.00273,172.31.40.0-255,66,95855,73,192117
35562,0.002758,74.125.24.0-255,7156,103011,73,192117
35563,0.002761,172.31.40.0-255,66,103077,73,192117
35564,0.0028,74.125.24.0-255,1484,104561,73,192117
35565,0.002817,74.125.24.0-255,4320,108881,73,192117
35566,0.002834,74.125.24.0-255,7156,116037,73,192117
35567,0.002855,74.125.24.0-255,1484,117521,73,192117
35568,0.002859,74.125.24.0-255,1484,119005,73,192117
35569,0.00299,74.125.24.0-255,3602,122607,73,192117
35570,0.003014,74.125.24.0-255,7156,129763,73,192117
35571,0.003032,74.125.24.0-255,4320,134083,73,192117
35572,0.003046,74.125.24.0-255,1484,135567,73,192117
35573,0.003051,74.125.24.0-255,4320,139887,73,192117
35574,0.003073,74.125.24.0-255,7156,147043,73,192117
35575,0.003152,74.125.24.0-255,5738,152781,73,192117
35576,0.003166,74.125.24.0-255,4320,157101,73,192117
35577,0.003182,74.125.24.0-255,2902,160003,73,192117
35578,0.003202,74.125.24.0-255,4320,164323,73,192117
35579,0.003206,74.125.24.0-255,1484,165807,73,192117
35580,0.003221,74.125.24.0-255,5738,171545,73,192117
35581,0.003237,74.125.24.0-255,2184,173729,73,192117
35582,0.003242,74.125.24.0-255,2902,176631,73,192117
35583,0.003254,74.125.24.0-255,2902,179533,73,192117
35584,0.003337,74.125.24.0-255,2902,182435,73,192117
35585,0.00347,74.125.24.0-255,105,182540,73,192117
35586,0.00574,172.31.40.0-255,66,182606,73,192117
35587,0.008647,172.31.40.0-255,105,182711,73,192117
35588,0.011265,74.125.24.0-255,66,182777,73,192117
35589,0.041242,172.31.40.0-255,172,182949,73,192117
35590,0.041276,172.31.40.0-255,1110,184059,73,192117
35591,0.041346,172.31.40.0-255,1514,185573,73,192117
35592,0.041348,172.31.40.0-255,1514,187087,73,192117
35593,0.041349,172.31.40.0-255,1514,188601,73,192117
35594,0.041351,172.31.40.0-255,1514,190115,73,192117
35595,0.041379,172.31.40.0-255,1514,191629,73,192117
35596,0.041384,172.31.40.0-255,224,191853,73,192117
35597,0.042782,104.244.42.0-255,66,191919,73,192117
35598,0.042869,104.244.42.0-255,66,191985,73,192117
35599,0.042915,104.244.42.0-255,66,192051,73,192117
35600,0.042919,104.244.42.0-255,66,192117,73,192117
35601,0.0,74.125.24.0-255,150,150,73,262153
35602,2.5e-05,172.31.40.0-255,66,216,73,262153
35603,3.2e-05,74.125.24.0-255,1484,1700,73,262153
35604,3.8e-05,172.31.40.0-255,66,1766,73,262153
35605,5e-05,74.125.24.0-255,2902,4668,73,262153
35606,5.4e-05,172.31.40.0-255,66,4734,73,262153
35607,6.2e-05,74.125.24.0-255,7156,11890,73,262153
35608,6.5e-05,172.31.40.0-255,66,11956,73,262153
35609,7e-05,74.125.24.0-255,2029,13985,73,262153
35610,7.3e-05,172.31.40.0-255,66,14051,73,262153
35611,0.000108,74.125.24.0-255,4320,18371,73,262153
35612,0.000111,172.31.40.0-255,66,18437,73,262153
35613,0.000119,74.125.24.0-255,5738,24175,73,262153
35614,0.000122,172.31.40.0-255,66,24241,73,262153
35615,0.000171,74.125.24.0-255,6797,31038,73,262153
35616,0.000174,172.31.40.0-255,66,31104,73,262153
35617,0.000226,74.125.24.0-255,1484,32588,73,262153
35618,0.000228,172.31.40.0-255,66,32654,73,262153
35619,0.000233,74.125.24.0-255,2902,35556,73,262153
35620,0.000235,172.31.40.0-255,66,35622,73,262153
35621,0.000268,74.125.24.0-255,5738,41360,73,262153
35622,0.000271,172.31.40.0-255,66,41426,73,262153
35623,0.000277,74.125.24.0-255,4320,45746,73,262153
35624,0.000279,172.31.40.0-255,66,45812,73,262153
35625,0.000289,74.125.24.0-255,4320,50132,73,262153
35626,0.000291,172.31.40.0-255,66,50198,73,262153
35627,0.000343,172.31.40.0-255,66,50264,73,262153
35628,0.000352,74.125.24.0-255,6797,57061,73,262153
35629,0.000354,172.31.40.0-255,66,57127,73,262153
35630,0.000357,74.125.24.0-255,399,57526,73,262153
35631,0.000359,172.31.40.0-255,66,57592,73,262153
35632,0.00039,74.125.24.0-255,111,57703,73,262153
35633,0.000393,74.125.24.0-255,330,58033,73,262153
35634,0.000695,74.125.24.0-255,1484,59517,73,262153
35635,0.0007,172.31.40.0-255,66,59583,73,262153
35636,0.000706,74.125.24.0-255,2902,62485,73,262153
35637,0.00071,172.31.40.0-255,66,62551,73,262153
35638,0.000722,74.125.24.0-255,5738,68289,73,262153
35639,0.000724,172.31.40.0-255,66,68355,73,262153
35640,0.000778,172.31.40.0-255,66,68421,73,262153
35641,0.000796,172.31.40.0-255,66,68487,73,262153
35642,0.000898,74.125.24.0-255,1484,69971,73,262153
35643,0.000929,74.125.24.0-255,2902,72873,73,262153
35644,0.000932,172.31.40.0-255,66,72939,73,262153
35645,0.000939,74.125.24.0-255,5738,78677,73,262153
35646,0.000942,172.31.40.0-255,66,78743,73,262153
35647,0.000961,172.31.40.0-255,66,78809,73,262153
35648,0.000997,172.31.40.0-255,66,78875,73,262153
35649,0.001033,74.125.24.0-255,1484,80359,73,262153
35650,0.001052,74.125.24.0-255,2902,83261,73,262153
35651,0.001055,172.31.40.0-255,66,83327,73,262153
35652,0.001061,74.125.24.0-255,5738,89065,73,262153
35653,0.001063,172.31.40.0-255,66,89131,73,262153
35654,0.001068,74.125.24.0-255,2902,92033,73,262153
35655,0.001074,172.31.40.0-255,66,92099,73,262153
35656,0.001105,74.125.24.0-255,2902,95001,73,262153
35657,0.001109,172.31.40.0-255,66,95067,73,262153
35658,0.001127,172.31.40.0-255,66,95133,73,262153
35659,0.001134,74.125.24.0-255,5020,100153,73,262153
35660,0.001136,172.31.40.0-255,66,100219,73,262153
35661,0.001406,74.125.24.0-255,1484,101703,73,262153
35662,0.00141,74.125.24.0-255,1484,103187,73,262153
35663,0.001421,172.31.40.0-255,66,103253,73,262153
35664,0.001425,74.125.24.0-255,1484,104737,73,262153
35665,0.001432,74.125.24.0-255,5738,110475,73,262153
35666,0.001434,172.31.40.0-255,66,110541,73,262153
35667,0.001477,172.31.40.0-255,66,110607,73,262153
35668,0.001484,74.125.24.0-255,7156,117763,73,262153
35669,0.001487,172.31.40.0-255,66,117829,73,262153
35670,0.001513,74.125.24.0-255,3602,121431,73,262153
35671,0.001515,172.31.40.0-255,66,121497,73,262153
35672,0.002049,74.125.24.0-255,1484,122981,73,262153
35673,0.002056,74.125.24.0-255,2902,125883,73,262153
35674,0.00206,172.31.40.0-255,66,125949,73,262153
35675,0.002101,74.125.24.0-255,4320,130269,73,262153
35676,0.002103,172.31.40.0-255,66,130335,73,262153
35677,0.002136,74.125.24.0-255,1484,131819,73,262153
35678,0.002141,74.125.24.0-255,4320,136139,73,262153
35679,0.002144,172.31.40.0-255,66,136205,73,262153
35680,0.002156,172.31.40.0-255,66,136271,73,262153
35681,0.002171,172.31.40.0-255,66,136337,73,262153
35682,0.002175,74.125.24.0-255,1484,137821,73,262153
35683,0.002204,74.125.24.0-255,2902,140723,73,262153
35684,0.002207,172.31.40.0-255,66,140789,73,262153
35685,0.002213,74.125.24.0-255,5738,146527,73,262153
35686,0.002216,172.31.40.0-255,66,146593,73,262153
35687,0.002257,172.31.40.0-255,66,146659,73,262153
35688,0.002268,172.31.40.0-255,66,146725,73,262153
35689,0.002271,74.125.24.0-255,766,147491,73,262153
35690,0.004525,74.125.24.0-255,4320,151811,73,262153
35691,0.004542,172.31.40.0-255,66,151877,73,262153
35692,0.006843,74.125.24.0-255,5738,157615,73,262153
35693,0.006869,172.31.40.0-255,66,157681,73,262153
35694,0.009149,74.125.24.0-255,5738,163419,73,262153
35695,0.009168,172.31.40.0-255,66,163485,73,262153
35696,0.011426,74.125.24.0-255,5738,169223,73,262153
35697,0.012666,172.31.40.0-255,66,169289,73,262153
35698,0.014951,74.125.24.0-255,5738,175027,73,262153
35699,0.014966,172.31.40.0-255,66,175093,73,262153
35700,0.017251,74.125.24.0-255,5738,180831,73,262153
35701,0.017264,172.31.40.0-255,66,180897,73,262153
35702,0.019565,74.125.24.0-255,5738,186635,73,262153
35703,0.019584,172.31.40.0-255,66,186701,73,262153
35704,0.021881,74.125.24.0-255,5738,192439,73,262153
35705,0.021901,172.31.40.0-255,66,192505,73,262153
35706,0.024217,74.125.24.0-255,5738,198243,73,262153
35707,0.024233,172.31.40.0-255,66,198309,73,262153
35708,0.026515,74.125.24.0-255,5738,204047,73,262153
35709,0.026534,172.31.40.0-255,66,204113,73,262153
35710,0.028822,74.125.24.0-255,5738,209851,73,262153
35711,0.028834,172.31.40.0-255,66,209917,73,262153
35712,0.031116,74.125.24.0-255,5738,215655,73,262153
35713,0.031135,172.31.40.0-255,66,215721,73,262153
35714,0.033413,74.125.24.0-255,5738,221459,73,262153
35715,0.033432,172.31.40.0-255,66,221525,73,262153
35716,0.035724,74.125.24.0-255,5738,227263,73,262153
35717,0.035744,172.31.40.0-255,66,227329,73,262153
35718,0.038028,74.125.24.0-255,5738,233067,73,262153
35719,0.038042,172.31.40.0-255,66,233133,73,262153
35720,0.040372,74.125.24.0-255,5738,238871,73,262153
35721,0.040391,172.31.40.0-255,66,238937,73,262153
35722,0.04269,74.125.24.0-255,5738,244675,73,262153
35723,0.042709,172.31.40.0-255,66,244741,73,262153
35724,0.045007,74.125.24.0-255,5738,250479,73,262153
35725,0.045023,172.31.40.0-255,66,250545,73,262153
35726,0.047286,74.125.24.0-255,5738,256283,73,262153
35727,0.047296,172.31.40.0-255,66,256349,73,262153
35728,0.049612,74.125.24.0-255,5738,262087,73,262153
35729,0.049635,172.31.40.0-255,66,262153,73,262153
35730,0.0,74.125.24.0-255,216,216,73,270839
35731,2.4e-05,172.31.40.0-255,66,282,73,270839
35732,3.1e-05,74.125.24.0-255,1484,1766,73,270839
35733,3.5e-05,172.31.40.0-255,66,1832,73,270839
35734,4.9e-05,74.125.24.0-255,4320,6152,73,270839
35735,5.4e-05,172.31.40.0-255,66,6218,73,270839
35736,6.2e-05,74.125.24.0-255,7156,13374,73,270839
35737,6.5e-05,172.31.40.0-255,66,13440,73,270839
35738,8.8e-05,74.125.24.0-255,1823,15263,73,270839
35739,9.1e-05,172.31.40.0-255,66,15329,73,270839
35740,0.000108,172.31.40.0-255,66,15395,73,270839
35741,0.000162,74.125.24.0-255,5379,20774,73,270839
35742,0.000165,172.31.40.0-255,66,20840,73,270839
35743,0.000251,74.125.24.0-255,1484,22324,73,270839
35744,0.000254,172.31.40.0-255,66,22390,73,270839
35745,0.000282,74.125.24.0-255,2902,25292,73,270839
35746,0.000284,172.31.40.0-255,66,25358,73,270839
35747,0.000291,74.125.24.0-255,5738,31096,73,270839
35748,0.000294,172.31.40.0-255,66,31162,73,270839
35749,0.000318,172.31.40.0-255,66,31228,73,270839
35750,0.00035,74.125.24.0-255,5379,36607,73,270839
35751,0.000353,172.31.40.0-255,66,36673,73,270839
35752,0.000368,172.31.40.0-255,66,36739,73,270839
35753,0.000417,74.125.24.0-255,378,37117,73,270839
35754,0.00042,172.31.40.0-255,66,37183,73,270839
35755,0.000847,74.125.24.0-255,1484,38667,73,270839
35756,0.000853,74.125.24.0-255,2902,41569,73,270839
35757,0.000859,172.31.40.0-255,66,41635,73,270839
35758,0.000868,172.31.40.0-255,66,41701,73,270839
35759,0.00088,74.125.24.0-255,5738,47439,73,270839
35760,0.000883,172.31.40.0-255,66,47505,73,270839
35761,0.000891,74.125.24.0-255,6797,54302,73,270839
35762,0.000893,172.31.40.0-255,66,54368,73,270839
35763,0.00094,172.31.40.0-255,66,54434,73,270839
35764,0.000951,172.31.40.0-255,66,54500,73,270839
35765,0.000987,74.125.24.0-255,4320,58820,73,270839
35766,0.00099,172.31.40.0-255,66,58886,73,270839
35767,0.001029,74.125.24.0-255,6438,65324,73,270839
35768,0.001032,172.31.40.0-255,66,65390,73,270839
35769,0.001044,172.31.40.0-255,66,65456,73,270839
35770,0.001056,74.125.24.0-255,5379,70835,73,270839
35771,0.001058,172.31.40.0-255,66,70901,73,270839
35772,0.001229,74.125.24.0-255,1484,72385,73,270839
35773,0.001249,74.125.24.0-255,2902,75287,73,270839
35774,0.001252,172.31.40.0-255,66,75353,73,270839
35775,0.001259,74.125.24.0-255,5738,81091,73,270839
35776,0.001261,172.31.40.0-255,66,81157,73,270839
35777,0.00128,74.125.24.0-255,1484,82641,73,270839
35778,0.001312,172.31.40.0-255,66,82707,73,270839
35779,0.001342,74.125.24.0-255,5738,88445,73,270839
35780,0.001346,172.31.40.0-255,66,88511,73,270839
35781,0.001372,74.125.24.0-255,5020,93531,73,270839
35782,0.001376,172.31.40.0-255,66,93597,73,270839
35783,0.001619,74.125.24.0-255,1484,95081,73,270839
35784,0.001626,74.125.24.0-255,2902,97983,73,270839
35785,0.00163,172.31.40.0-255,66,98049,73,270839
35786,0.001634,74.125.24.0-255,1484,99533,73,270839
35787,0.001659,74.125.24.0-255,4320,103853,73,270839
35788,0.001662,172.31.40.0-255,66,103919,73,270839
35789,0.001675,172.31.40.0-255,66,103985,73,270839
35790,0.001718,172.31.40.0-255,66,104051,73,270839
35791,0.001815,74.125.24.0-255,1484,105535,73,270839
35792,0.001821,74.125.24.0-255,2902,108437,73,270839
35793,0.001824,172.31.40.0-255,66,108503,73,270839
35794,0.001832,74.125.24.0-255,5738,114241,73,270839
35795,0.001834,172.31.40.0-255,66,114307,73,270839
35796,0.001891,74.125.24.0-255,2902,117209,73,270839
35797,0.001894,172.31.40.0-255,66,117275,73,270839
35798,0.001929,74.125.24.0-255,1484,118759,73,270839
35799,0.001944,172.31.40.0-255,66,118825,73,270839
35800,0.001954,172.31.40.0-255,66,118891,73,270839
35801,0.00197,172.31.40.0-255,66,118957,73,270839
35802,0.001975,74.125.24.0-255,4320,123277,73,270839
35803,0.001978,172.31.40.0-255,66,123343,73,270839
35804,0.001996,172.31.40.0-255,66,123409,73,270839
35805,0.002028,74.125.24.0-255,2902,126311,73,270839
35806,0.002031,172.31.40.0-255,66,126377,73,270839
35807,0.002038,74.125.24.0-255,6438,132815,73,270839
35808,0.002041,172.31.40.0-255,66,132881,73,270839
35809,0.002048,74.125.24.0-255,7156,140037,73,270839
35810,0.00205,172.31.40.0-255,66,140103,73,270839
35811,0.002056,74.125.24.0-255,5738,145841,73,270839
35812,0.002058,172.31.40.0-255,66,145907,73,270839
35813,0.002111,74.125.24.0-255,2902,148809,73,270839
35814,0.002115,172.31.40.0-255,66,148875,73,270839
35815,0.002122,172.31.40.0-255,66,148941,73,270839
35816,0.002128,74.125.24.0-255,3602,152543,73,270839
35817,0.00213,172.31.40.0-255,66,152609,73,270839
35818,0.00217,74.125.24.0-255,1484,154093,73,270839
35819,0.002187,74.125.24.0-255,2902,156995,73,270839
35820,0.002191,172.31.40.0-255,66,157061,73,270839
35821,0.002218,74.125.24.0-255,5738,162799,73,270839
35822,0.002221,172.31.40.0-255,66,162865,73,270839
35823,0.002259,172.31.40.0-255,66,162931,73,270839
35824,0.002262,74.125.24.0-255,1484,164415,73,270839
35825,0.002286,74.125.24.0-255,5738,170153,73,270839
35826,0.002289,172.31.40.0-255,66,170219,73,270839
35827,0.002312,74.125.24.0-255,1484,171703,73,270839
35828,0.002327,74.125.24.0-255,5020,176723,73,270839
35829,0.00233,172.31.40.0-255,66,176789,73,270839
35830,0.004593,74.125.24.0-255,5738,182527,73,270839
35831,0.004599,172.31.40.0-255,66,182593,73,270839
35832,0.006855,74.125.24.0-255,5738,188331,73,270839
35833,0.006862,172.31.40.0-255,66,188397,73,270839
35834,0.009173,74.125.24.0-255,5738,194135,73,270839
35835,0.009178,172.31.40.0-255,66,194201,73,270839
35836,0.011479,74.125.24.0-255,5738,199939,73,270839
35837,0.011487,172.31.40.0-255,66,200005,73,270839
35838,0.013753,74.125.24.0-255,5738,205743,73,270839
35839,0.013761,172.31.40.0-255,66,205809,73,270839
35840,0.016027,74.125.24.0-255,5738,211547,73,270839
35841,0.016036,172.31.40.0-255,66,211613,73,270839
35842,0.018318,74.125.24.0-255,5738,217351,73,270839
35843,0.018328,172.31.40.0-255,66,217417,73,270839
35844,0.020593,74.125.24.0-255,5738,223155,73,270839
35845,0.020605,172.31.40.0-255,66,223221,73,270839
35846,0.022891,74.125.24.0-255,5738,228959,73,270839
35847,0.022902,172.31.40.0-255,66,229025,73,270839
35848,0.025215,74.125.24.0-255,5738,234763,73,270839
35849,0.025222,172.31.40.0-255,66,234829,73,270839
35850,0.027507,74.125.24.0-255,2902,237731,73,270839
35851,0.027513,172.31.40.0-255,66,237797,73,270839
35852,0.027545,74.125.24.0-255,2902,240699,73,270839
35853,0.027547,172.31.40.0-255,66,240765,73,270839
35854,0.029777,74.125.24.0-255,2902,243667,73,270839
35855,0.029785,172.31.40.0-255,66,243733,73,270839
35856,0.029829,74.125.24.0-255,2902,246635,73,270839
35857,0.029832,172.31.40.0-255,66,246701,73,270839
35858,0.0321,74.125.24.0-255,5738,252439,73,270839
35859,0.032108,172.31.40.0-255,66,252505,73,270839
35860,0.034448,74.125.24.0-255,5738,258243,73,270839
35861,0.034455,172.31.40.0-255,66,258309,73,270839
35862,0.036737,74.125.24.0-255,2062,260371,73,270839
35863,0.036745,172.31.40.0-255,66,260437,73,270839
35864,0.036925,172.31.40.0-255,105,260542,73,270839
35865,0.039176,74.125.24.0-255,66,260608,73,270839
35866,0.045139,172.31.40.0-255,172,260780,73,270839
35867,0.04517,172.31.40.0-255,1114,261894,73,270839
35868,0.04524,172.31.40.0-255,1514,263408,73,270839
35869,0.045242,172.31.40.0-255,1514,264922,73,270839
35870,0.045247,172.31.40.0-255,1514,266436,73,270839
35871,0.045249,172.31.40.0-255,1514,267950,73,270839
35872,0.045268,172.31.40.0-255,1514,269464,73,270839
35873,0.04527,172.31.40.0-255,937,270401,73,270839
35874,0.046669,104.244.42.0-255,66,270467,73,270839
35875,0.046715,104.244.42.0-255,66,270533,73,270839
35876,0.046832,104.244.42.0-255,66,270599,73,270839
35877,0.046837,104.244.42.0-255,66,270665,73,270839
35878,0.047962,104.244.42.0-255,108,270773,73,270839
35879,0.04797,172.31.40.0-255,66,270839,73,270839
35880,0.0,172.217.194.0-255,153,153,73,182360
35881,2.2e-05,172.31.40.0-255,66,219,73,182360
35882,3e-05,172.217.194.0-255,1484,1703,73,182360
35883,3.4e-05,172.31.40.0-255,66,1769,73,182360
35884,4.8e-05,172.217.194.0-255,2902,4671,73,182360
35885,5.2e-05,172.31.40.0-255,66,4737,73,182360
35886,6e-05,172.217.194.0-255,7156,11893,73,182360
35887,6.3e-05,172.31.40.0-255,66,11959,73,182360
35888,0.000101,172.31.40.0-255,66,12025,73,182360
35889,0.000106,172.217.194.0-255,2902,14927,73,182360
35890,0.000108,172.31.40.0-255,66,14993,73,182360
35891,0.000142,172.31.40.0-255,66,15059,73,182360
35892,0.000166,172.217.194.0-255,1484,16543,73,182360
35893,0.000168,172.31.40.0-255,66,16609,73,182360
35894,0.000173,172.217.194.0-255,2902,19511,73,182360
35895,0.000176,172.31.40.0-255,66,19577,73,182360
35896,0.000186,172.217.194.0-255,5738,25315,73,182360
35897,0.000189,172.31.40.0-255,66,25381,73,182360
35898,0.000196,172.217.194.0-255,4320,29701,73,182360
35899,0.000199,172.31.40.0-255,66,29767,73,182360
35900,0.000223,172.217.194.0-255,2543,32310,73,182360
35901,0.000226,172.31.40.0-255,66,32376,73,182360
35902,0.00024,172.31.40.0-255,66,32442,73,182360
35903,0.000272,172.217.194.0-255,1484,33926,73,182360
35904,0.000274,172.31.40.0-255,66,33992,73,182360
35905,0.000279,172.217.194.0-255,2833,36825,73,182360
35906,0.000282,172.31.40.0-255,66,36891,73,182360
35907,0.00038,172.217.194.0-255,365,37256,73,182360
35908,0.000384,172.31.40.0-255,66,37322,73,182360
35909,0.000446,172.217.194.0-255,1484,38806,73,182360
35910,0.000467,172.217.194.0-255,2902,41708,73,182360
35911,0.000492,172.217.194.0-255,5738,47446,73,182360
35912,0.000499,172.217.194.0-255,5738,53184,73,182360
35913,0.000559,172.217.194.0-255,2902,56086,73,182360
35914,0.000579,172.217.194.0-255,2543,58629,73,182360
35915,0.000585,172.217.194.0-255,5738,64367,73,182360
35916,0.000588,172.217.194.0-255,1484,65851,73,182360
35917,0.000611,172.217.194.0-255,5379,71230,73,182360
35918,0.000652,172.217.194.0-255,1484,72714,73,182360
35919,0.000665,172.217.194.0-255,2902,75616,73,182360
35920,0.000681,172.217.194.0-255,5738,81354,73,182360
35921,0.000686,172.31.40.0-255,66,81420,73,182360
35922,0.00071,172.31.40.0-255,66,81486,73,182360
35923,0.000723,172.217.194.0-255,2902,84388,73,182360
35924,0.000754,172.217.194.0-255,7156,91544,73,182360
35925,0.000761,172.217.194.0-255,5020,96564,73,182360
35926,0.000787,172.31.40.0-255,66,96630,73,182360
35927,0.000839,172.217.194.0-255,1484,98114,73,182360
35928,0.000855,172.217.194.0-255,2902,101016,73,182360
35929,0.000877,172.31.40.0-255,66,101082,73,182360
35930,0.000886,172.217.194.0-255,2902,103984,73,182360
35931,0.000892,172.31.40.0-255,66,104050,73,182360
35932,0.000925,172.217.194.0-255,2902,106952,73,182360
35933,0.000953,172.31.40.0-255,66,107018,73,182360
35934,0.000964,172.217.194.0-255,2902,109920,73,182360
35935,0.001007,172.217.194.0-255,1484,111404,73,182360
35936,0.00101,172.217.194.0-255,1484,112888,73,182360
35937,0.00102,172.217.194.0-255,1484,114372,73,182360
35938,0.001027,172.31.40.0-255,66,114438,73,182360
35939,0.001037,172.217.194.0-255,5738,120176,73,182360
35940,0.001047,172.31.40.0-255,66,120242,73,182360
35941,0.001075,172.217.194.0-255,7156,127398,73,182360
35942,0.001093,172.31.40.0-255,66,127464,73,182360
35943,0.001138,172.31.40.0-255,66,127530,73,182360
35944,0.001544,172.217.194.0-255,1484,129014,73,182360
35945,0.001559,172.217.194.0-255,2902,131916,73,182360
35946,0.001561,172.217.194.0-255,1484,133400,73,182360
35947,0.001568,172.31.40.0-255,66,133466,73,182360
35948,0.00158,172.217.194.0-255,4320,137786,73,182360
35949,0.001635,172.31.40.0-255,66,137852,73,182360
35950,0.00164,172.31.40.0-255,66,137918,73,182360
35951,0.001692,172.31.40.0-255,66,137984,73,182360
35952,0.001837,172.31.40.0-255,66,138050,73,182360
35953,0.00185,172.217.194.0-255,5738,143788,73,182360
35954,0.001889,172.31.40.0-255,66,143854,73,182360
35955,0.001902,172.217.194.0-255,3602,147456,73,182360
35956,0.001942,172.217.194.0-255,4320,151776,73,182360
35957,0.001958,172.31.40.0-255,66,151842,73,182360
35958,0.00199,172.217.194.0-255,1484,153326,73,182360
35959,0.002006,172.31.40.0-255,66,153392,73,182360
35960,0.002033,172.31.40.0-255,66,153458,73,182360
35961,0.002044,172.217.194.0-255,7156,160614,73,182360
35962,0.002069,172.217.194.0-255,4320,164934,73,182360
35963,0.002085,172.217.194.0-255,3602,168536,73,182360
35964,0.002091,172.217.194.0-255,5738,174274,73,182360
35965,0.002099,172.217.194.0-255,1426,175700,73,182360
35966,0.00211,172.217.194.0-255,105,175805,73,182360
35967,0.002114,172.31.40.0-255,66,175871,73,182360
35968,0.004536,172.31.40.0-255,66,175937,73,182360
35969,0.004573,172.31.40.0-255,105,176042,73,182360
35970,0.007068,172.217.194.0-255,66,176108,73,182360
35971,0.029677,172.31.40.0-255,172,176280,73,182360
35972,0.029711,172.31.40.0-255,1114,177394,73,182360
35973,0.029775,172.31.40.0-255,1514,178908,73,182360
35974,0.029793,172.31.40.0-255,1514,180422,73,182360
35975,0.029798,172.31.40.0-255,1514,181936,73,182360
35976,0.029799,172.31.40.0-255,160,182096,73,182360
35977,0.031226,104.244.42.0-255,66,182162,73,182360
35978,0.031265,104.244.42.0-255,66,182228,73,182360
35979,0.031328,104.244.42.0-255,66,182294,73,182360
35980,0.03135,104.244.42.0-255,66,182360,73,182360
35981,0.0,74.125.24.0-255,150,150,73,232595
35982,2.2e-05,172.31.40.0-255,66,216,73,232595
35983,2.9e-05,74.125.24.0-255,1484,1700,73,232595
35984,3.3e-05,172.31.40.0-255,66,1766,73,232595
35985,3.9e-05,74.125.24.0-255,2902,4668,73,232595
35986,4.2e-05,172.31.40.0-255,66,4734,73,232595
35987,5.7e-05,74.125.24.0-255,5738,10472,73,232595
35988,6e-05,172.31.40.0-255,66,10538,73,232595
35989,9.3e-05,74.125.24.0-255,3492,14030,73,232595
35990,0.000101,172.31.40.0-255,66,14096,73,232595
35991,0.000215,74.125.24.0-255,1484,15580,73,232595
35992,0.000219,172.31.40.0-255,66,15646,73,232595
35993,0.000224,74.125.24.0-255,2902,18548,73,232595
35994,0.000226,172.31.40.0-255,66,18614,73,232595
35995,0.000271,74.125.24.0-255,5738,24352,73,232595
35996,0.000274,172.31.40.0-255,66,24418,73,232595
35997,0.000299,74.125.24.0-255,6797,31215,73,232595
35998,0.000303,172.31.40.0-255,66,31281,73,232595
35999,0.000345,74.125.24.0-255,1484,32765,73,232595
36000,0.000348,172.31.40.0-255,66,32831,73,232595
36001,0.000353,74.125.24.0-255,2902,35733,73,232595
36002,0.000355,172.31.40.0-255,66,35799,73,232595
36003,0.000362,74.125.24.0-255,5738,41537,73,232595
36004,0.000369,172.31.40.0-255,66,41603,73,232595
36005,0.000374,74.125.24.0-255,2902,44505,73,232595
36006,0.000377,172.31.40.0-255,66,44571,73,232595
36007,0.000419,74.125.24.0-255,3961,48532,73,232595
36008,0.000423,172.31.40.0-255,66,48598,73,232595
36009,0.000573,74.125.24.0-255,1484,50082,73,232595
36010,0.000578,172.31.40.0-255,66,50148,73,232595
36011,0.000583,74.125.24.0-255,2902,53050,73,232595
36012,0.000586,172.31.40.0-255,66,53116,73,232595
36013,0.000589,74.125.24.0-255,1484,54600,73,232595
36014,0.000608,74.125.24.0-255,4320,58920,73,232595
36015,0.000647,74.125.24.0-255,7127,66047,73,232595
36016,0.000689,74.125.24.0-255,347,66394,73,232595
36017,0.0007,172.31.40.0-255,66,66460,73,232595
36018,0.000728,74.125.24.0-255,1484,67944,73,232595
36019,0.000736,74.125.24.0-255,4320,72264,73,232595
36020,0.000777,172.31.40.0-255,66,72330,73,232595
36021,0.000834,74.125.24.0-255,5020,77350,73,232595
36022,0.000838,172.31.40.0-255,66,77416,73,232595
36023,0.000848,172.31.40.0-255,66,77482,73,232595
36024,0.00149,74.125.24.0-255,1484,78966,73,232595
36025,0.001495,74.125.24.0-255,1484,80450,73,232595
36026,0.001498,172.31.40.0-255,66,80516,73,232595
36027,0.001525,74.125.24.0-255,1484,82000,73,232595
36028,0.001531,74.125.24.0-255,5738,87738,73,232595
36029,0.001536,74.125.24.0-255,4320,92058,73,232595
36030,0.001542,172.31.40.0-255,66,92124,73,232595
36031,0.001554,74.125.24.0-255,7156,99280,73,232595
36032,0.001559,74.125.24.0-255,4320,103600,73,232595
36033,0.001588,172.31.40.0-255,66,103666,73,232595
36034,0.003622,74.125.24.0-255,5738,109404,73,232595
36035,0.003629,172.31.40.0-255,66,109470,73,232595
36036,0.005669,74.125.24.0-255,5738,115208,73,232595
36037,0.005676,172.31.40.0-255,66,115274,73,232595
36038,0.007734,74.125.24.0-255,5738,121012,73,232595
36039,0.008207,172.31.40.0-255,66,121078,73,232595
36040,0.010251,74.125.24.0-255,5738,126816,73,232595
36041,0.010259,172.31.40.0-255,66,126882,73,232595
36042,0.012325,74.125.24.0-255,5738,132620,73,232595
36043,0.012333,172.31.40.0-255,66,132686,73,232595
36044,0.01438,74.125.24.0-255,5738,138424,73,232595
36045,0.014392,172.31.40.0-255,66,138490,73,232595
36046,0.016449,74.125.24.0-255,5738,144228,73,232595
36047,0.01646,172.31.40.0-255,66,144294,73,232595
36048,0.018539,74.125.24.0-255,5738,150032,73,232595
36049,0.020144,172.31.40.0-255,66,150098,73,232595
36050,0.022231,74.125.24.0-255,5738,155836,73,232595
36051,0.022248,172.31.40.0-255,66,155902,73,232595
36052,0.024353,74.125.24.0-255,5738,161640,73,232595
36053,0.02445,172.31.40.0-255,66,161706,73,232595
36054,0.026533,74.125.24.0-255,5738,167444,73,232595
36055,0.026542,172.31.40.0-255,66,167510,73,232595
36056,0.028608,74.125.24.0-255,5738,173248,73,232595
36057,0.028625,172.31.40.0-255,66,173314,73,232595
36058,0.030674,74.125.24.0-255,5738,179052,73,232595
36059,0.030681,172.31.40.0-255,66,179118,73,232595
36060,0.032744,74.125.24.0-255,5738,184856,73,232595
36061,0.032751,172.31.40.0-255,66,184922,73,232595
36062,0.034841,74.125.24.0-255,5738,190660,73,232595
36063,0.034858,172.31.40.0-255,66,190726,73,232595
36064,0.03692,74.125.24.0-255,5738,196464,73,232595
36065,0.036928,172.31.40.0-255,66,196530,73,232595
36066,0.038968,74.125.24.0-255,5738,202268,73,232595
36067,0.038981,172.31.40.0-255,66,202334,73,232595
36068,0.041052,74.125.24.0-255,5738,208072,73,232595
36069,0.041068,172.31.40.0-255,66,208138,73,232595
36070,0.043148,74.125.24.0-255,5738,213876,73,232595
36071,0.043156,172.31.40.0-255,66,213942,73,232595
36072,0.045195,74.125.24.0-255,5738,219680,73,232595
36073,0.045205,172.31.40.0-255,66,219746,73,232595
36074,0.047283,74.125.24.0-255,5738,225484,73,232595
36075,0.047289,172.31.40.0-255,66,225550,73,232595
36076,0.048445,172.31.40.0-255,172,225722,73,232595
36077,0.048478,172.31.40.0-255,1069,226791,73,232595
36078,0.049355,74.125.24.0-255,5738,232529,73,232595
36079,0.049363,172.31.40.0-255,66,232595,73,232595
36080,0.0,74.125.24.0-255,152,152,73,244953
36081,2.2e-05,172.31.40.0-255,66,218,73,244953
36082,2.9e-05,74.125.24.0-255,1484,1702,73,244953
36083,3.4e-05,172.31.40.0-255,66,1768,73,244953
36084,4e-05,74.125.24.0-255,2902,4670,73,244953
36085,4.3e-05,172.31.40.0-255,66,4736,73,244953
36086,5e-05,74.125.24.0-255,5738,10474,73,244953
36087,5.3e-05,172.31.40.0-255,66,10540,73,244953
36088,8.9e-05,172.31.40.0-255,66,10606,73,244953
36089,0.000104,74.125.24.0-255,2076,12682,73,244953
36090,0.000107,172.31.40.0-255,66,12748,73,244953
36091,0.000126,74.125.24.0-255,1484,14232,73,244953
36092,0.000128,172.31.40.0-255,66,14298,73,244953
36093,0.000155,172.31.40.0-255,66,14364,73,244953
36094,0.000195,74.125.24.0-255,1484,15848,73,244953
36095,0.000198,172.31.40.0-255,66,15914,73,244953
36096,0.000211,74.125.24.0-255,2902,18816,73,244953
36097,0.000214,172.31.40.0-255,66,18882,73,244953
36098,0.000219,74.125.24.0-255,2902,21784,73,244953
36099,0.000221,172.31.40.0-255,66,21850,73,244953
36100,0.00025,74.125.24.0-255,2902,24752,73,244953
36101,0.000253,172.31.40.0-255,66,24818,73,244953
36102,0.000259,74.125.24.0-255,5738,30556,73,244953
36103,0.000262,172.31.40.0-255,66,30622,73,244953
36104,0.000294,74.125.24.0-255,7156,37778,73,244953
36105,0.000296,172.31.40.0-255,66,37844,73,244953
36106,0.000313,74.125.24.0-255,6797,44641,73,244953
36107,0.000316,172.31.40.0-255,66,44707,73,244953
36108,0.000321,74.125.24.0-255,4232,48939,73,244953
36109,0.000323,172.31.40.0-255,66,49005,73,244953
36110,0.000326,74.125.24.0-255,135,49140,73,244953
36111,0.000331,74.125.24.0-255,1484,50624,73,244953
36112,0.000333,172.31.40.0-255,66,50690,73,244953
36113,0.000363,74.125.24.0-255,2902,53592,73,244953
36114,0.000365,172.31.40.0-255,66,53658,73,244953
36115,0.000373,74.125.24.0-255,7156,60814,73,244953
36116,0.000375,172.31.40.0-255,66,60880,73,244953
36117,0.000379,74.125.24.0-255,2902,63782,73,244953
36118,0.000381,172.31.40.0-255,66,63848,73,244953
36119,0.000403,74.125.24.0-255,2543,66391,73,244953
36120,0.000405,172.31.40.0-255,66,66457,73,244953
36121,0.000424,74.125.24.0-255,1484,67941,73,244953
36122,0.000438,74.125.24.0-255,4320,72261,73,244953
36123,0.000441,172.31.40.0-255,66,72327,73,244953
36124,0.000448,74.125.24.0-255,7156,79483,73,244953
36125,0.00045,172.31.40.0-255,66,79549,73,244953
36126,0.000511,74.125.24.0-255,4241,83790,73,244953
36127,0.000514,172.31.40.0-255,66,83856,73,244953
36128,0.000589,74.125.24.0-255,1484,85340,73,244953
36129,0.000593,74.125.24.0-255,1484,86824,73,244953
36130,0.000596,172.31.40.0-255,66,86890,73,244953
36131,0.000616,74.125.24.0-255,1484,88374,73,244953
36132,0.000622,74.125.24.0-255,5738,94112,73,244953
36133,0.000625,172.31.40.0-255,66,94178,73,244953
36134,0.000627,74.125.24.0-255,1484,95662,73,244953
36135,0.000648,74.125.24.0-255,7156,102818,73,244953
36136,0.000651,172.31.40.0-255,66,102884,73,244953
36137,0.000674,172.31.40.0-255,66,102950,73,244953
36138,0.000691,74.125.24.0-255,2902,105852,73,244953
36139,0.000693,172.31.40.0-255,66,105918,73,244953
36140,0.000719,74.125.24.0-255,3602,109520,73,244953
36141,0.000721,172.31.40.0-255,66,109586,73,244953
36142,0.000728,74.125.24.0-255,7156,116742,73,244953
36143,0.000731,172.31.40.0-255,66,116808,73,244953
36144,0.000747,172.31.40.0-255,66,116874,73,244953
36145,0.000758,172.31.40.0-255,66,116940,73,244953
36146,0.000794,74.125.24.0-255,1484,118424,73,244953
36147,0.000799,74.125.24.0-255,2902,121326,73,244953
36148,0.000801,172.31.40.0-255,66,121392,73,244953
36149,0.000808,74.125.24.0-255,5738,127130,73,244953
36150,0.000811,172.31.40.0-255,66,127196,73,244953
36151,0.000838,74.125.24.0-255,7156,134352,73,244953
36152,0.00084,172.31.40.0-255,66,134418,73,244953
36153,0.000867,74.125.24.0-255,5738,140156,73,244953
36154,0.00087,172.31.40.0-255,66,140222,73,244953
36155,0.000876,74.125.24.0-255,5738,145960,73,244953
36156,0.000878,172.31.40.0-255,66,146026,73,244953
36157,0.000906,74.125.24.0-255,5020,151046,73,244953
36158,0.000909,172.31.40.0-255,66,151112,73,244953
36159,0.000951,74.125.24.0-255,5738,156850,73,244953
36160,0.000954,172.31.40.0-255,66,156916,73,244953
36161,0.000981,74.125.24.0-255,7156,164072,73,244953
36162,0.000984,172.31.40.0-255,66,164138,73,244953
36163,0.001019,172.31.40.0-255,66,164204,73,244953
36164,0.001025,74.125.24.0-255,5738,169942,73,244953
36165,0.001028,172.31.40.0-255,66,170008,73,244953
36166,0.001052,74.125.24.0-255,766,170774,73,244953
36167,0.00111,74.125.24.0-255,1484,172258,73,244953
36168,0.001113,172.31.40.0-255,66,172324,73,244953
36169,0.00112,74.125.24.0-255,4320,176644,73,244953
36170,0.001122,172.31.40.0-255,66,176710,73,244953
36171,0.001134,172.31.40.0-255,66,176776,73,244953
36172,0.001147,74.125.24.0-255,7156,183932,73,244953
36173,0.001149,172.31.40.0-255,66,183998,73,244953
36174,0.001196,172.31.40.0-255,66,184064,73,244953
36175,0.001414,74.125.24.0-255,1484,185548,73,244953
36176,0.001421,74.125.24.0-255,2902,188450,73,244953
36177,0.001424,172.31.40.0-255,66,188516,73,244953
36178,0.00143,74.125.24.0-255,2902,191418,73,244953
36179,0.001432,172.31.40.0-255,66,191484,73,244953
36180,0.001446,74.125.24.0-255,2902,194386,73,244953
36181,0.001448,172.31.40.0-255,66,194452,73,244953
36182,0.001474,172.31.40.0-255,66,194518,73,244953
36183,0.001512,74.125.24.0-255,1484,196002,73,244953
36184,0.00154,172.31.40.0-255,66,196068,73,244953
36185,0.001669,74.125.24.0-255,1484,197552,73,244953
36186,0.001679,74.125.24.0-255,1484,199036,73,244953
36187,0.001682,172.31.40.0-255,66,199102,73,244953
36188,0.001701,74.125.24.0-255,1484,200586,73,244953
36189,0.001707,74.125.24.0-255,5738,206324,73,244953
36190,0.001709,172.31.40.0-255,66,206390,73,244953
36191,0.001715,74.125.24.0-255,4320,210710,73,244953
36192,0.001717,172.31.40.0-255,66,210776,73,244953
36193,0.00173,74.125.24.0-255,2902,213678,73,244953
36194,0.001732,172.31.40.0-255,66,213744,73,244953
36195,0.00176,172.31.40.0-255,66,213810,73,244953
36196,0.001765,74.125.24.0-255,2902,216712,73,244953
36197,0.001767,172.31.40.0-255,66,216778,73,244953
36198,0.001791,74.125.24.0-255,5020,221798,73,244953
36199,0.001794,172.31.40.0-255,66,221864,73,244953
36200,0.001807,172.31.40.0-255,66,221930,73,244953
36201,0.00181,74.125.24.0-255,1484,223414,73,244953
36202,0.001838,74.125.24.0-255,7156,230570,73,244953
36203,0.001843,172.31.40.0-255,66,230636,73,244953
36204,0.001864,74.125.24.0-255,1484,232120,73,244953
36205,0.001901,172.31.40.0-255,66,232186,73,244953
36206,0.001908,74.125.24.0-255,4320,236506,73,244953
36207,0.00191,172.31.40.0-255,66,236572,73,244953
36208,0.001942,172.31.40.0-255,66,236638,73,244953
36209,0.001954,172.31.40.0-255,66,236704,73,244953
36210,0.00197,74.125.24.0-255,1484,238188,73,244953
36211,0.002004,172.31.40.0-255,66,238254,73,244953
36212,0.002051,74.125.24.0-255,105,238359,73,244953
36213,0.002273,172.31.40.0-255,101,238460,73,244953
36214,0.004534,74.125.24.0-255,66,238526,73,244953
36215,0.01224,172.31.40.0-255,105,238631,73,244953
36216,0.01452,74.125.24.0-255,66,238697,73,244953
36217,0.036001,172.31.40.0-255,176,238873,73,244953
36218,0.036031,172.31.40.0-255,1115,239988,73,244953
36219,0.036111,172.31.40.0-255,1514,241502,73,244953
36220,0.036112,172.31.40.0-255,1514,243016,73,244953
36221,0.036118,172.31.40.0-255,1514,244530,73,244953
36222,0.036118,172.31.40.0-255,159,244689,73,244953
36223,0.037522,104.244.42.0-255,66,244755,73,244953
36224,0.037541,104.244.42.0-255,66,244821,73,244953
36225,0.037654,104.244.42.0-255,66,244887,73,244953
36226,0.037659,104.244.42.0-255,66,244953,73,244953
36227,0.0,172.217.194.0-255,152,152,73,276180
36228,2.6e-05,172.31.40.0-255,66,218,73,276180
36229,3.3e-05,172.217.194.0-255,1484,1702,73,276180
36230,3.6e-05,172.31.40.0-255,66,1768,73,276180
36231,4.1e-05,172.217.194.0-255,2902,4670,73,276180
36232,5.2e-05,172.31.40.0-255,66,4736,73,276180
36233,5.5e-05,172.217.194.0-255,1484,6220,73,276180
36234,5.7e-05,172.31.40.0-255,66,6286,73,276180
36235,6.4e-05,172.217.194.0-255,5738,12024,73,276180
36236,6.6e-05,172.31.40.0-255,66,12090,73,276180
36237,0.000126,172.31.40.0-255,66,12156,73,276180
36238,0.000132,172.217.194.0-255,4320,16476,73,276180
36239,0.000134,172.31.40.0-255,66,16542,73,276180
36240,0.000162,172.217.194.0-255,1125,17667,73,276180
36241,0.000165,172.31.40.0-255,66,17733,73,276180
36242,0.000186,172.31.40.0-255,66,17799,73,276180
36243,0.000216,172.217.194.0-255,5379,23178,73,276180
36244,0.00022,172.31.40.0-255,66,23244,73,276180
36245,0.000924,172.217.194.0-255,1484,24728,73,276180
36246,0.00093,172.31.40.0-255,66,24794,73,276180
36247,0.000939,172.217.194.0-255,2902,27696,73,276180
36248,0.000941,172.31.40.0-255,66,27762,73,276180
36249,0.000955,172.217.194.0-255,5738,33500,73,276180
36250,0.000958,172.31.40.0-255,66,33566,73,276180
36251,0.000966,172.217.194.0-255,5738,39304,73,276180
36252,0.000968,172.31.40.0-255,66,39370,73,276180
36253,0.000996,172.217.194.0-255,1707,41077,73,276180
36254,0.001004,172.31.40.0-255,66,41143,73,276180
36255,0.001008,172.217.194.0-255,2902,44045,73,276180
36256,0.00101,172.31.40.0-255,66,44111,73,276180
36257,0.001015,172.217.194.0-255,4320,48431,73,276180
36258,0.001017,172.31.40.0-255,66,48497,73,276180
36259,0.001021,172.217.194.0-255,1484,49981,73,276180
36260,0.001062,172.217.194.0-255,7156,57137,73,276180
36261,0.001065,172.31.40.0-255,66,57203,73,276180
36262,0.001075,172.31.40.0-255,66,57269,73,276180
36263,0.001109,172.217.194.0-255,6797,64066,73,276180
36264,0.001113,172.31.40.0-255,66,64132,73,276180
36265,0.001118,172.217.194.0-255,2543,66675,73,276180
36266,0.00112,172.31.40.0-255,66,66741,73,276180
36267,0.001285,172.217.194.0-255,1484,68225,73,276180
36268,0.001294,172.217.194.0-255,2902,71127,73,276180
36269,0.001297,172.31.40.0-255,66,71193,73,276180
36270,0.001303,172.217.194.0-255,4320,75513,73,276180
36271,0.001305,172.31.40.0-255,66,75579,73,276180
36272,0.001328,172.217.194.0-255,1484,77063,73,276180
36273,0.001339,172.217.194.0-255,5738,82801,73,276180
36274,0.001342,172.31.40.0-255,66,82867,73,276180
36275,0.001377,172.31.40.0-255,66,82933,73,276180
36276,0.001383,172.217.194.0-255,5020,87953,73,276180
36277,0.001385,172.31.40.0-255,66,88019,73,276180
36278,0.001446,172.217.194.0-255,1484,89503,73,276180
36279,0.001451,172.217.194.0-255,2902,92405,73,276180
36280,0.001453,172.31.40.0-255,66,92471,73,276180
36281,0.001459,172.217.194.0-255,5738,98209,73,276180
36282,0.001461,172.31.40.0-255,66,98275,73,276180
36283,0.001495,172.217.194.0-255,4320,102595,73,276180
36284,0.001497,172.31.40.0-255,66,102661,73,276180
36285,0.001503,172.217.194.0-255,5738,108399,73,276180
36286,0.001505,172.31.40.0-255,66,108465,73,276180
36287,0.001508,172.217.194.0-255,1484,109949,73,276180
36288,0.001533,172.217.194.0-255,5738,115687,73,276180
36289,0.001535,172.31.40.0-255,66,115753,73,276180
36290,0.001562,172.217.194.0-255,4320,120073,73,276180
36291,0.001564,172.31.40.0-255,66,120139,73,276180
36292,0.001568,172.217.194.0-255,2184,122323,73,276180
36293,0.00157,172.31.40.0-255,66,122389,73,276180
36294,0.00159,172.217.194.0-255,1484,123873,73,276180
36295,0.001605,172.217.194.0-255,2902,126775,73,276180
36296,0.001608,172.31.40.0-255,66,126841,73,276180
36297,0.001657,172.217.194.0-255,4320,131161,73,276180
36298,0.001659,172.31.40.0-255,66,131227,73,276180
36299,0.001682,172.217.194.0-255,1484,132711,73,276180
36300,0.001697,172.217.194.0-255,1484,134195,73,276180
36301,0.001699,172.31.40.0-255,66,134261,73,276180
36302,0.001736,172.31.40.0-255,66,134327,73,276180
36303,0.001746,172.31.40.0-255,66,134393,73,276180
36304,0.001775,172.217.194.0-255,2184,136577,73,276180
36305,0.001777,172.31.40.0-255,66,136643,73,276180
36306,0.001786,172.31.40.0-255,66,136709,73,276180
36307,0.001801,172.31.40.0-255,66,136775,73,276180
36308,0.001841,172.31.40.0-255,66,136841,73,276180
36309,0.001863,172.217.194.0-255,6438,143279,73,276180
36310,0.001865,172.31.40.0-255,66,143345,73,276180
36311,0.002051,172.217.194.0-255,1484,144829,73,276180
36312,0.00206,172.217.194.0-255,1484,146313,73,276180
36313,0.002062,172.31.40.0-255,66,146379,73,276180
36314,0.002078,172.217.194.0-255,1484,147863,73,276180
36315,0.002083,172.217.194.0-255,2902,150765,73,276180
36316,0.002085,172.31.40.0-255,66,150831,73,276180
36317,0.002112,172.217.194.0-255,2902,153733,73,276180
36318,0.002114,172.31.40.0-255,66,153799,73,276180
36319,0.002134,172.31.40.0-255,66,153865,73,276180
36320,0.002159,172.217.194.0-255,1484,155349,73,276180
36321,0.002173,172.31.40.0-255,66,155415,73,276180
36322,0.004431,172.217.194.0-255,5738,161153,73,276180
36323,0.004451,172.31.40.0-255,66,161219,73,276180
36324,0.006738,172.217.194.0-255,5738,166957,73,276180
36325,0.006757,172.31.40.0-255,66,167023,73,276180
36326,0.009011,172.217.194.0-255,5738,172761,73,276180
36327,0.009019,172.31.40.0-255,66,172827,73,276180
36328,0.009158,172.31.40.0-255,101,172928,73,276180
36329,0.011271,172.217.194.0-255,1484,174412,73,276180
36330,0.01129,172.217.194.0-255,4320,178732,73,276180
36331,0.011294,172.31.40.0-255,66,178798,73,276180
36332,0.011388,172.217.194.0-255,66,178864,73,276180
36333,0.013556,172.217.194.0-255,5738,184602,73,276180
36334,0.013561,172.31.40.0-255,66,184668,73,276180
36335,0.015823,172.217.194.0-255,5738,190406,73,276180
36336,0.015841,172.31.40.0-255,66,190472,73,276180
36337,0.01812,172.217.194.0-255,5738,196210,73,276180
36338,0.018141,172.31.40.0-255,66,196276,73,276180
36339,0.020446,172.217.194.0-255,5738,202014,73,276180
36340,0.020454,172.31.40.0-255,66,202080,73,276180
36341,0.022686,172.217.194.0-255,5738,207818,73,276180
36342,0.022694,172.31.40.0-255,66,207884,73,276180
36343,0.024926,172.217.194.0-255,5738,213622,73,276180
36344,0.024934,172.31.40.0-255,66,213688,73,276180
36345,0.027184,172.217.194.0-255,5738,219426,73,276180
36346,0.027196,172.31.40.0-255,66,219492,73,276180
36347,0.029433,172.217.194.0-255,4320,223812,73,276180
36348,0.02944,172.31.40.0-255,66,223878,73,276180
36349,0.029472,172.217.194.0-255,1484,225362,73,276180
36350,0.031696,172.217.194.0-255,4320,229682,73,276180
36351,0.031702,172.31.40.0-255,66,229748,73,276180
36352,0.033962,172.217.194.0-255,5738,235486,73,276180
36353,0.033969,172.31.40.0-255,66,235552,73,276180
36354,0.036285,172.217.194.0-255,5738,241290,73,276180
36355,0.036305,172.31.40.0-255,66,241356,73,276180
36356,0.038561,172.217.194.0-255,5738,247094,73,276180
36357,0.038568,172.31.40.0-255,66,247160,73,276180
36358,0.040821,172.217.194.0-255,5738,252898,73,276180
36359,0.040829,172.31.40.0-255,66,252964,73,276180
36360,0.043097,172.217.194.0-255,5738,258702,73,276180
36361,0.043111,172.31.40.0-255,66,258768,73,276180
36362,0.045363,172.217.194.0-255,5738,264506,73,276180
36363,0.045378,172.31.40.0-255,66,264572,73,276180
36364,0.047609,172.217.194.0-255,5738,270310,73,276180
36365,0.047616,172.31.40.0-255,66,270376,73,276180
36366,0.04988,172.217.194.0-255,5738,276114,73,276180
36367,0.049886,172.31.40.0-255,66,276180,73,276180
36368,0.0,74.125.68.0-255,157,157,73,369295
36369,2.3e-05,172.31.40.0-255,66,223,73,369295
36370,3e-05,74.125.68.0-255,1484,1707,73,369295
36371,3.5e-05,172.31.40.0-255,66,1773,73,369295
36372,4.1e-05,74.125.68.0-255,2902,4675,73,369295
36373,4.5e-05,172.31.40.0-255,66,4741,73,369295
36374,6.1e-05,74.125.68.0-255,1484,6225,73,369295
36375,6.4e-05,172.31.40.0-255,66,6291,73,369295
36376,8.7e-05,74.125.68.0-255,5738,12029,73,369295
36377,9e-05,172.31.40.0-255,66,12095,73,369295
36378,9.4e-05,74.125.68.0-255,2001,14096,73,369295
36379,9.6e-05,172.31.40.0-255,66,14162,73,369295
36380,0.00011,74.125.68.0-255,1484,15646,73,369295
36381,0.000113,172.31.40.0-255,66,15712,73,369295
36382,0.000126,74.125.68.0-255,2902,18614,73,369295
36383,0.000129,172.31.40.0-255,66,18680,73,369295
36384,0.000159,74.125.68.0-255,5738,24418,73,369295
36385,0.000161,172.31.40.0-255,66,24484,73,369295
36386,0.000165,74.125.68.0-255,2902,27386,73,369295
36387,0.000167,172.31.40.0-255,66,27452,73,369295
36388,0.000183,74.125.68.0-255,3961,31413,73,369295
36389,0.000186,172.31.40.0-255,66,31479,73,369295
36390,0.000464,74.125.68.0-255,1484,32963,73,369295
36391,0.00047,172.31.40.0-255,66,33029,73,369295
36392,0.000476,74.125.68.0-255,2902,35931,73,369295
36393,0.000479,172.31.40.0-255,66,35997,73,369295
36394,0.000507,74.125.68.0-255,5738,41735,73,369295
36395,0.00051,172.31.40.0-255,66,41801,73,369295
36396,0.000513,74.125.68.0-255,1484,43285,73,369295
36397,0.000515,172.31.40.0-255,66,43351,73,369295
36398,0.000534,74.125.68.0-255,5379,48730,73,369295
36399,0.000537,172.31.40.0-255,66,48796,73,369295
36400,0.000622,74.125.68.0-255,1484,50280,73,369295
36401,0.00064,74.125.68.0-255,2902,53182,73,369295
36402,0.000657,74.125.68.0-255,5738,58920,73,369295
36403,0.000672,74.125.68.0-255,4320,63240,73,369295
36404,0.000677,172.31.40.0-255,66,63306,73,369295
36405,0.000723,74.125.68.0-255,3156,66462,73,369295
36406,0.000742,172.31.40.0-255,66,66528,73,369295
36407,0.00086,74.125.68.0-255,1484,68012,73,369295
36408,0.000875,74.125.68.0-255,2902,70914,73,369295
36409,0.000892,74.125.68.0-255,2902,73816,73,369295
36410,0.000904,74.125.68.0-255,2902,76718,73,369295
36411,0.000909,172.31.40.0-255,66,76784,73,369295
36412,0.00092,74.125.68.0-255,1484,78268,73,369295
36413,0.000947,172.31.40.0-255,66,78334,73,369295
36414,0.000965,74.125.68.0-255,2902,81236,73,369295
36415,0.000977,172.31.40.0-255,66,81302,73,369295
36416,0.000983,74.125.68.0-255,4320,85622,73,369295
36417,0.000988,172.31.40.0-255,66,85688,73,369295
36418,0.001002,74.125.68.0-255,6438,92126,73,369295
36419,0.001025,172.31.40.0-255,66,92192,73,369295
36420,0.001044,74.125.68.0-255,2902,95094,73,369295
36421,0.00105,74.125.68.0-255,2902,97996,73,369295
36422,0.001054,172.31.40.0-255,66,98062,73,369295
36423,0.001061,74.125.68.0-255,1484,99546,73,369295
36424,0.001105,74.125.68.0-255,5738,105284,73,369295
36425,0.001121,74.125.68.0-255,4320,109604,73,369295
36426,0.001124,74.125.68.0-255,1484,111088,73,369295
36427,0.001145,74.125.68.0-255,6438,117526,73,369295
36428,0.001148,172.31.40.0-255,66,117592,73,369295
36429,0.001154,172.31.40.0-255,66,117658,73,369295
36430,0.001196,74.125.68.0-255,1484,119142,73,369295
36431,0.001202,74.125.68.0-255,2902,122044,73,369295
36432,0.001207,172.31.40.0-255,66,122110,73,369295
36433,0.001217,74.125.68.0-255,1484,123594,73,369295
36434,0.001231,74.125.68.0-255,4320,127914,73,369295
36435,0.001234,74.125.68.0-255,1484,129398,73,369295
36436,0.001245,74.125.68.0-255,1484,130882,73,369295
36437,0.001262,74.125.68.0-255,5738,136620,73,369295
36438,0.001275,172.31.40.0-255,66,136686,73,369295
36439,0.001281,74.125.68.0-255,4320,141006,73,369295
36440,0.001285,74.125.68.0-255,4320,145326,73,369295
36441,0.001298,74.125.68.0-255,4320,149646,73,369295
36442,0.0013,172.31.40.0-255,66,149712,73,369295
36443,0.001325,172.31.40.0-255,66,149778,73,369295
36444,0.001355,74.125.68.0-255,2184,151962,73,369295
36445,0.001368,172.31.40.0-255,66,152028,73,369295
36446,0.001517,74.125.68.0-255,1484,153512,73,369295
36447,0.001549,74.125.68.0-255,1484,154996,73,369295
36448,0.001552,172.31.40.0-255,66,155062,73,369295
36449,0.00157,74.125.68.0-255,1484,156546,73,369295
36450,0.001575,74.125.68.0-255,4320,160866,73,369295
36451,0.001583,172.31.40.0-255,66,160932,73,369295
36452,0.001597,74.125.68.0-255,5738,166670,73,369295
36453,0.001609,172.31.40.0-255,66,166736,73,369295
36454,0.001626,74.125.68.0-255,4320,171056,73,369295
36455,0.001633,172.31.40.0-255,66,171122,73,369295
36456,0.001652,74.125.68.0-255,7156,178278,73,369295
36457,0.001657,74.125.68.0-255,4320,182598,73,369295
36458,0.0017,74.125.68.0-255,3602,186200,73,369295
36459,0.001703,172.31.40.0-255,66,186266,73,369295
36460,0.001708,172.31.40.0-255,66,186332,73,369295
36461,0.00172,74.125.68.0-255,2902,189234,73,369295
36462,0.001728,172.31.40.0-255,66,189300,73,369295
36463,0.001735,74.125.68.0-255,1484,190784,73,369295
36464,0.001739,74.125.68.0-255,4320,195104,73,369295
36465,0.001741,74.125.68.0-255,1484,196588,73,369295
36466,0.001752,74.125.68.0-255,4320,200908,73,369295
36467,0.001755,172.31.40.0-255,66,200974,73,369295
36468,0.001776,172.31.40.0-255,66,201040,73,369295
36469,0.001806,74.125.68.0-255,4320,205360,73,369295
36470,0.001822,172.31.40.0-255,66,205426,73,369295
36471,0.001844,74.125.68.0-255,3602,209028,73,369295
36472,0.00186,172.31.40.0-255,66,209094,73,369295
36473,0.001974,74.125.68.0-255,1484,210578,73,369295
36474,0.001981,74.125.68.0-255,2902,213480,73,369295
36475,0.002006,74.125.68.0-255,5738,219218,73,369295
36476,0.002025,74.125.68.0-255,4320,223538,73,369295
36477,0.002031,74.125.68.0-255,1484,225022,73,369295
36478,0.002051,74.125.68.0-255,4320,229342,73,369295
36479,0.002079,74.125.68.0-255,7156,236498,73,369295
36480,0.002094,74.125.68.0-255,2902,239400,73,369295
36481,0.002116,74.125.68.0-255,1484,240884,73,369295
36482,0.002133,74.125.68.0-255,2184,243068,73,369295
36483,0.002421,74.125.68.0-255,1484,244552,73,369295
36484,0.002436,74.125.68.0-255,2902,247454,73,369295
36485,0.002458,74.125.68.0-255,5738,253192,73,369295
36486,0.002468,74.125.68.0-255,2902,256094,73,369295
36487,0.002487,74.125.68.0-255,5738,261832,73,369295
36488,0.002503,74.125.68.0-255,5738,267570,73,369295
36489,0.002517,74.125.68.0-255,4320,271890,73,369295
36490,0.002523,74.125.68.0-255,5020,276910,73,369295
36491,0.010397,172.31.40.0-255,66,276976,73,369295
36492,0.012912,74.125.68.0-255,5738,282714,73,369295
36493,0.012923,172.31.40.0-255,66,282780,73,369295
36494,0.01543,74.125.68.0-255,5738,288518,73,369295
36495,0.015439,172.31.40.0-255,66,288584,73,369295
36496,0.017955,74.125.68.0-255,5738,294322,73,369295
36497,0.018086,172.31.40.0-255,66,294388,73,369295
36498,0.020577,74.125.68.0-255,5738,300126,73,369295
36499,0.020583,172.31.40.0-255,66,300192,73,369295
36500,0.02308,74.125.68.0-255,5738,305930,73,369295
36501,0.023106,172.31.40.0-255,66,305996,73,369295
36502,0.025603,74.125.68.0-255,5738,311734,73,369295
36503,0.025613,172.31.40.0-255,66,311800,73,369295
36504,0.028119,74.125.68.0-255,5738,317538,73,369295
36505,0.028129,172.31.40.0-255,66,317604,73,369295
36506,0.03064,74.125.68.0-255,5738,323342,73,369295
36507,0.030648,172.31.40.0-255,66,323408,73,369295
36508,0.033167,74.125.68.0-255,5738,329146,73,369295
36509,0.033185,172.31.40.0-255,66,329212,73,369295
36510,0.035684,74.125.68.0-255,5738,334950,73,369295
36511,0.035691,172.31.40.0-255,66,335016,73,369295
36512,0.038191,74.125.68.0-255,5738,340754,73,369295
36513,0.038203,172.31.40.0-255,66,340820,73,369295
36514,0.040716,74.125.68.0-255,5738,346558,73,369295
36515,0.040734,172.31.40.0-255,66,346624,73,369295
36516,0.043241,74.125.68.0-255,5738,352362,73,369295
36517,0.043251,172.31.40.0-255,66,352428,73,369295
36518,0.045803,74.125.68.0-255,5738,358166,73,369295
36519,0.045812,172.31.40.0-255,66,358232,73,369295
36520,0.045819,172.31.40.0-255,172,358404,73,369295
36521,0.045854,172.31.40.0-255,1115,359519,73,369295
36522,0.046018,172.31.40.0-255,1514,361033,73,369295
36523,0.046021,172.31.40.0-255,1514,362547,73,369295
36524,0.046047,172.31.40.0-255,680,363227,73,369295
36525,0.047362,104.244.42.0-255,66,363293,73,369295
36526,0.047373,104.244.42.0-255,66,363359,73,369295
36527,0.047563,104.244.42.0-255,66,363425,73,369295
36528,0.047567,104.244.42.0-255,66,363491,73,369295
36529,0.048319,74.125.68.0-255,5738,369229,73,369295
36530,0.04833,172.31.40.0-255,66,369295,73,369295
36531,0.0,172.217.194.0-255,150,150,73,214902
36532,2.3e-05,172.31.40.0-255,66,216,73,214902
36533,3e-05,172.217.194.0-255,1484,1700,73,214902
36534,3.5e-05,172.31.40.0-255,66,1766,73,214902
36535,4.1e-05,172.217.194.0-255,2902,4668,73,214902
36536,4.4e-05,172.31.40.0-255,66,4734,73,214902
36537,5.2e-05,172.217.194.0-255,7156,11890,73,214902
36538,5.5e-05,172.31.40.0-255,66,11956,73,214902
36539,0.000108,172.217.194.0-255,2067,14023,73,214902
36540,0.000111,172.31.40.0-255,66,14089,73,214902
36541,0.00017,172.217.194.0-255,1484,15573,73,214902
36542,0.000173,172.31.40.0-255,66,15639,73,214902
36543,0.000178,172.217.194.0-255,2902,18541,73,214902
36544,0.00018,172.31.40.0-255,66,18607,73,214902
36545,0.000197,172.217.194.0-255,4320,22927,73,214902
36546,0.0002,172.31.40.0-255,66,22993,73,214902
36547,0.00022,172.217.194.0-255,2902,25895,73,214902
36548,0.000223,172.31.40.0-255,66,25961,73,214902
36549,0.000249,172.217.194.0-255,6797,32758,73,214902
36550,0.000252,172.31.40.0-255,66,32824,73,214902
36551,0.000264,172.31.40.0-255,66,32890,73,214902
36552,0.000302,172.217.194.0-255,4320,37210,73,214902
36553,0.000304,172.31.40.0-255,66,37276,73,214902
36554,0.000343,172.31.40.0-255,66,37342,73,214902
36555,0.000345,172.217.194.0-255,707,38049,73,214902
36556,0.000347,172.31.40.0-255,66,38115,73,214902
36557,0.000421,172.217.194.0-255,1484,39599,73,214902
36558,0.000424,172.31.40.0-255,66,39665,73,214902
36559,0.000437,172.217.194.0-255,2902,42567,73,214902
36560,0.00044,172.31.40.0-255,66,42633,73,214902
36561,0.000457,172.217.194.0-255,4320,46953,73,214902
36562,0.00046,172.31.40.0-255,66,47019,73,214902
36563,0.000476,172.217.194.0-255,1484,48503,73,214902
36564,0.000495,172.217.194.0-255,7156,55659,73,214902
36565,0.000498,172.31.40.0-255,66,55725,73,214902
36566,0.000525,172.31.40.0-255,66,55791,73,214902
36567,0.000539,172.217.194.0-255,1484,57275,73,214902
36568,0.000556,172.217.194.0-255,3602,60877,73,214902
36569,0.000558,172.31.40.0-255,66,60943,73,214902
36570,0.000605,172.217.194.0-255,1484,62427,73,214902
36571,0.00061,172.217.194.0-255,2902,65329,73,214902
36572,0.000612,172.31.40.0-255,66,65395,73,214902
36573,0.000637,172.217.194.0-255,4320,69715,73,214902
36574,0.00064,172.31.40.0-255,66,69781,73,214902
36575,0.000668,172.217.194.0-255,1484,71265,73,214902
36576,0.000676,172.217.194.0-255,7156,78421,73,214902
36577,0.000679,172.31.40.0-255,66,78487,73,214902
36578,0.000686,172.217.194.0-255,7156,85643,73,214902
36579,0.000689,172.31.40.0-255,66,85709,73,214902
36580,0.00071,172.217.194.0-255,7156,92865,73,214902
36581,0.000713,172.31.40.0-255,66,92931,73,214902
36582,0.000717,172.217.194.0-255,2184,95115,73,214902
36583,0.000719,172.31.40.0-255,66,95181,73,214902
36584,0.000785,172.217.194.0-255,1484,96665,73,214902
36585,0.000791,172.217.194.0-255,2902,99567,73,214902
36586,0.000794,172.31.40.0-255,66,99633,73,214902
36587,0.000799,172.217.194.0-255,2902,102535,73,214902
36588,0.000801,172.31.40.0-255,66,102601,73,214902
36589,0.000814,172.217.194.0-255,2902,105503,73,214902
36590,0.000816,172.31.40.0-255,66,105569,73,214902
36591,0.000834,172.217.194.0-255,5738,111307,73,214902
36592,0.000837,172.31.40.0-255,66,111373,73,214902
36593,0.000874,172.217.194.0-255,7156,118529,73,214902
36594,0.000877,172.31.40.0-255,66,118595,73,214902
36595,0.000889,172.31.40.0-255,66,118661,73,214902
36596,0.000911,172.217.194.0-255,2902,121563,73,214902
36597,0.000913,172.31.40.0-255,66,121629,73,214902
36598,0.000935,172.217.194.0-255,2902,124531,73,214902
36599,0.000939,172.31.40.0-255,66,124597,73,214902
36600,0.000945,172.217.194.0-255,7156,131753,73,214902
36601,0.000948,172.31.40.0-255,66,131819,73,214902
36602,0.000962,172.31.40.0-255,66,131885,73,214902
36603,0.000969,172.217.194.0-255,6438,138323,73,214902
36604,0.000972,172.31.40.0-255,66,138389,73,214902
36605,0.001188,172.217.194.0-255,1484,139873,73,214902
36606,0.001194,172.217.194.0-255,2902,142775,73,214902
36607,0.001197,172.31.40.0-255,66,142841,73,214902
36608,0.001203,172.217.194.0-255,4320,147161,73,214902
36609,0.001205,172.31.40.0-255,66,147227,73,214902
36610,0.001228,172.217.194.0-255,1484,148711,73,214902
36611,0.001235,172.217.194.0-255,5738,154449,73,214902
36612,0.001237,172.31.40.0-255,66,154515,73,214902
36613,0.001243,172.217.194.0-255,4320,158835,73,214902
36614,0.001246,172.31.40.0-255,66,158901,73,214902
36615,0.001287,172.31.40.0-255,66,158967,73,214902
36616,0.001293,172.217.194.0-255,5020,163987,73,214902
36617,0.001296,172.31.40.0-255,66,164053,73,214902
36618,0.001875,172.217.194.0-255,1484,165537,73,214902
36619,0.00188,172.217.194.0-255,1484,167021,73,214902
36620,0.001883,172.31.40.0-255,66,167087,73,214902
36621,0.001903,172.217.194.0-255,1484,168571,73,214902
36622,0.001909,172.217.194.0-255,2902,171473,73,214902
36623,0.001911,172.31.40.0-255,66,171539,73,214902
36624,0.001936,172.217.194.0-255,2902,174441,73,214902
36625,0.001939,172.31.40.0-255,66,174507,73,214902
36626,0.001958,172.31.40.0-255,66,174573,73,214902
36627,0.001991,172.31.40.0-255,66,174639,73,214902
36628,0.002026,172.217.194.0-255,1484,176123,73,214902
36629,0.002039,172.217.194.0-255,2902,179025,73,214902
36630,0.002042,172.31.40.0-255,66,179091,73,214902
36631,0.00206,172.217.194.0-255,5738,184829,73,214902
36632,0.002062,172.31.40.0-255,66,184895,73,214902
36633,0.002076,172.217.194.0-255,1484,186379,73,214902
36634,0.002101,172.31.40.0-255,66,186445,73,214902
36635,0.002124,172.217.194.0-255,7156,193601,73,214902
36636,0.002127,172.31.40.0-255,66,193667,73,214902
36637,0.002162,172.31.40.0-255,66,193733,73,214902
36638,0.002176,172.31.40.0-255,66,193799,73,214902
36639,0.002218,172.31.40.0-255,66,193865,73,214902
36640,0.002239,172.217.194.0-255,766,194631,73,214902
36641,0.002251,172.31.40.0-255,66,194697,73,214902
36642,0.002276,172.31.40.0-255,66,194763,73,214902
36643,0.002296,172.217.194.0-255,766,195529,73,214902
36644,0.002317,172.31.40.0-255,66,195595,73,214902
36645,0.002358,172.31.40.0-255,66,195661,73,214902
36646,0.002387,172.217.194.0-255,6438,202099,73,214902
36647,0.002391,172.31.40.0-255,66,202165,73,214902
36648,0.004705,172.217.194.0-255,5738,207903,73,214902
36649,0.004711,172.31.40.0-255,66,207969,73,214902
36650,0.00698,172.217.194.0-255,507,208476,73,214902
36651,0.010112,172.31.40.0-255,66,208542,73,214902
36652,0.010167,172.31.40.0-255,105,208647,73,214902
36653,0.012478,172.217.194.0-255,66,208713,73,214902
36654,0.049231,172.31.40.0-255,176,208889,73,214902
36655,0.049258,172.31.40.0-255,1115,210004,73,214902
36656,0.049313,172.31.40.0-255,1514,211518,73,214902
36657,0.049315,172.31.40.0-255,1514,213032,73,214902
36658,0.049319,172.31.40.0-255,1514,214546,73,214902
36659,0.049319,172.31.40.0-255,356,214902,73,214902
36660,0.0,74.125.200.0-255,143,143,73,255226
36661,2.3e-05,172.31.40.0-255,66,209,73,255226
36662,2.9e-05,74.125.200.0-255,1484,1693,73,255226
36663,3.4e-05,172.31.40.0-255,66,1759,73,255226
36664,4e-05,74.125.200.0-255,2902,4661,73,255226
36665,4.3e-05,172.31.40.0-255,66,4727,73,255226
36666,4.9e-05,74.125.200.0-255,7156,11883,73,255226
36667,5.2e-05,172.31.40.0-255,66,11949,73,255226
36668,5.6e-05,74.125.200.0-255,2023,13972,73,255226
36669,5.8e-05,172.31.40.0-255,66,14038,73,255226
36670,0.000128,74.125.200.0-255,1484,15522,73,255226
36671,0.00013,172.31.40.0-255,66,15588,73,255226
36672,0.000134,74.125.200.0-255,1484,17072,73,255226
36673,0.000135,172.31.40.0-255,66,17138,73,255226
36674,0.000148,74.125.200.0-255,1484,18622,73,255226
36675,0.00015,172.31.40.0-255,66,18688,73,255226
36676,0.000154,74.125.200.0-255,2902,21590,73,255226
36677,0.000156,172.31.40.0-255,66,21656,73,255226
36678,0.00018,74.125.200.0-255,1484,23140,73,255226
36679,0.000182,172.31.40.0-255,66,23206,73,255226
36680,0.000188,74.125.200.0-255,5738,28944,73,255226
36681,0.00019,172.31.40.0-255,66,29010,73,255226
36682,0.000205,74.125.200.0-255,2543,31553,73,255226
36683,0.000207,172.31.40.0-255,66,31619,73,255226
36684,0.000316,74.125.200.0-255,1484,33103,73,255226
36685,0.00032,172.31.40.0-255,66,33169,73,255226
36686,0.000325,74.125.200.0-255,2902,36071,73,255226
36687,0.000327,172.31.40.0-255,66,36137,73,255226
36688,0.000338,74.125.200.0-255,1484,37621,73,255226
36689,0.000339,172.31.40.0-255,66,37687,73,255226
36690,0.000355,74.125.200.0-255,4320,42007,73,255226
36691,0.000357,172.31.40.0-255,66,42073,73,255226
36692,0.000363,74.125.200.0-255,5738,47811,73,255226
36693,0.000365,172.31.40.0-255,66,47877,73,255226
36694,0.000406,74.125.200.0-255,1125,49002,73,255226
36695,0.000428,74.125.200.0-255,1484,50486,73,255226
36696,0.000431,172.31.40.0-255,66,50552,73,255226
36697,0.000434,74.125.200.0-255,1484,52036,73,255226
36698,0.000452,74.125.200.0-255,2902,54938,73,255226
36699,0.000455,172.31.40.0-255,66,55004,73,255226
36700,0.000461,74.125.200.0-255,5738,60742,73,255226
36701,0.000463,172.31.40.0-255,66,60808,73,255226
36702,0.00056,74.125.200.0-255,4320,65128,73,255226
36703,0.000565,172.31.40.0-255,66,65194,73,255226
36704,0.000581,74.125.200.0-255,1125,66319,73,255226
36705,0.001044,74.125.200.0-255,648,66967,73,255226
36706,0.00105,172.31.40.0-255,66,67033,73,255226
36707,0.001266,74.125.200.0-255,1484,68517,73,255226
36708,0.001271,74.125.200.0-255,1484,70001,73,255226
36709,0.001274,172.31.40.0-255,66,70067,73,255226
36710,0.001299,74.125.200.0-255,1484,71551,73,255226
36711,0.001307,74.125.200.0-255,5738,77289,73,255226
36712,0.001309,172.31.40.0-255,66,77355,73,255226
36713,0.001312,74.125.200.0-255,1484,78839,73,255226
36714,0.001342,172.31.40.0-255,66,78905,73,255226
36715,0.001346,74.125.200.0-255,2902,81807,73,255226
36716,0.001348,172.31.40.0-255,66,81873,73,255226
36717,0.00138,172.31.40.0-255,66,81939,73,255226
36718,0.001384,74.125.200.0-255,2184,84123,73,255226
36719,0.001386,172.31.40.0-255,66,84189,73,255226
36720,0.001937,74.125.200.0-255,1484,85673,73,255226
36721,0.001948,74.125.200.0-255,2902,88575,73,255226
36722,0.001953,172.31.40.0-255,66,88641,73,255226
36723,0.001961,74.125.200.0-255,5738,94379,73,255226
36724,0.001963,172.31.40.0-255,66,94445,73,255226
36725,0.001983,74.125.200.0-255,5738,100183,73,255226
36726,0.001985,172.31.40.0-255,66,100249,73,255226
36727,0.002016,74.125.200.0-255,7156,107405,73,255226
36728,0.002018,172.31.40.0-255,66,107471,73,255226
36729,0.002022,74.125.200.0-255,1484,108955,73,255226
36730,0.002047,74.125.200.0-255,7156,116111,73,255226
36731,0.002049,172.31.40.0-255,66,116177,73,255226
36732,0.00405,74.125.200.0-255,5738,121915,73,255226
36733,0.004058,172.31.40.0-255,66,121981,73,255226
36734,0.006065,74.125.200.0-255,5738,127719,73,255226
36735,0.006072,172.31.40.0-255,66,127785,73,255226
36736,0.008082,74.125.200.0-255,5738,133523,73,255226
36737,0.008088,172.31.40.0-255,66,133589,73,255226
36738,0.010097,74.125.200.0-255,5738,139327,73,255226
36739,0.010104,172.31.40.0-255,66,139393,73,255226
36740,0.012138,74.125.200.0-255,2902,142295,73,255226
36741,0.012146,172.31.40.0-255,66,142361,73,255226
36742,0.012162,74.125.200.0-255,2902,145263,73,255226
36743,0.012165,172.31.40.0-255,66,145329,73,255226
36744,0.014145,74.125.200.0-255,5738,151067,73,255226
36745,0.014153,172.31.40.0-255,66,151133,73,255226
36746,0.01615,74.125.200.0-255,5738,156871,73,255226
36747,0.016157,172.31.40.0-255,66,156937,73,255226
36748,0.018151,74.125.200.0-255,5738,162675,73,255226
36749,0.018159,172.31.40.0-255,66,162741,73,255226
36750,0.020159,74.125.200.0-255,5738,168479,73,255226
36751,0.020166,172.31.40.0-255,66,168545,73,255226
36752,0.02216,74.125.200.0-255,5738,174283,73,255226
36753,0.022167,172.31.40.0-255,66,174349,73,255226
36754,0.022802,172.31.40.0-255,172,174521,73,255226
36755,0.022834,172.31.40.0-255,1111,175632,73,255226
36756,0.022897,172.31.40.0-255,1514,177146,73,255226
36757,0.022899,172.31.40.0-255,1514,178660,73,255226
36758,0.022923,172.31.40.0-255,850,179510,73,255226
36759,0.024179,74.125.200.0-255,5738,185248,73,255226
36760,0.024186,172.31.40.0-255,66,185314,73,255226
36761,0.024366,104.244.42.0-255,66,185380,73,255226
36762,0.024426,104.244.42.0-255,66,185446,73,255226
36763,0.024432,104.244.42.0-255,66,185512,73,255226
36764,0.024466,104.244.42.0-255,66,185578,73,255226
36765,0.026186,74.125.200.0-255,5738,191316,73,255226
36766,0.026192,172.31.40.0-255,66,191382,73,255226
36767,0.028204,74.125.200.0-255,5738,197120,73,255226
36768,0.02821,172.31.40.0-255,66,197186,73,255226
36769,0.030211,74.125.200.0-255,5738,202924,73,255226
36770,0.030218,172.31.40.0-255,66,202990,73,255226
36771,0.032222,74.125.200.0-255,5738,208728,73,255226
36772,0.032229,172.31.40.0-255,66,208794,73,255226
36773,0.034243,74.125.200.0-255,5738,214532,73,255226
36774,0.03425,172.31.40.0-255,66,214598,73,255226
36775,0.036301,74.125.200.0-255,5738,220336,73,255226
36776,0.036308,172.31.40.0-255,66,220402,73,255226
36777,0.038316,74.125.200.0-255,5738,226140,73,255226
36778,0.038323,172.31.40.0-255,66,226206,73,255226
36779,0.040331,74.125.200.0-255,5738,231944,73,255226
36780,0.040338,172.31.40.0-255,66,232010,73,255226
36781,0.042339,74.125.200.0-255,5738,237748,73,255226
36782,0.042349,172.31.40.0-255,66,237814,73,255226
36783,0.044402,74.125.200.0-255,5738,243552,73,255226
36784,0.044417,172.31.40.0-255,66,243618,73,255226
36785,0.046434,74.125.200.0-255,5738,249356,73,255226
36786,0.046451,172.31.40.0-255,66,249422,73,255226
36787,0.048545,74.125.200.0-255,5738,255160,73,255226
36788,0.048556,172.31.40.0-255,66,255226,73,255226
36789,0.0,74.125.24.0-255,155,155,73,247433
36790,1.6e-05,172.31.40.0-255,66,221,73,247433
36791,2.3e-05,74.125.24.0-255,1484,1705,73,247433
36792,2.8e-05,172.31.40.0-255,66,1771,73,247433
36793,3.4e-05,74.125.24.0-255,2902,4673,73,247433
36794,3.7e-05,172.31.40.0-255,66,4739,73,247433
36795,4.4e-05,74.125.24.0-255,5738,10477,73,247433
36796,5.5e-05,172.31.40.0-255,66,10543,73,247433
36797,7.3e-05,74.125.24.0-255,1484,12027,73,247433
36798,7.9e-05,172.31.40.0-255,66,12093,73,247433
36799,9.1e-05,172.31.40.0-255,66,12159,73,247433
36800,0.000136,172.31.40.0-255,66,12225,73,247433
36801,0.000242,74.125.24.0-255,1484,13709,73,247433
36802,0.000245,172.31.40.0-255,66,13775,73,247433
36803,0.000251,74.125.24.0-255,2902,16677,73,247433
36804,0.000254,172.31.40.0-255,66,16743,73,247433
36805,0.000289,74.125.24.0-255,5738,22481,73,247433
36806,0.000293,172.31.40.0-255,66,22547,73,247433
36807,0.000298,74.125.24.0-255,4320,26867,73,247433
36808,0.000301,172.31.40.0-255,66,26933,73,247433
36809,0.000343,172.31.40.0-255,66,26999,73,247433
36810,0.000379,172.31.40.0-255,66,27065,73,247433
36811,0.000381,74.125.24.0-255,349,27414,73,247433
36812,0.000383,172.31.40.0-255,66,27480,73,247433
36813,0.000667,74.125.24.0-255,1484,28964,73,247433
36814,0.000672,172.31.40.0-255,66,29030,73,247433
36815,0.000678,74.125.24.0-255,2902,31932,73,247433
36816,0.000681,172.31.40.0-255,66,31998,73,247433
36817,0.000687,74.125.24.0-255,5738,37736,73,247433
36818,0.000695,172.31.40.0-255,66,37802,73,247433
36819,0.00073,74.125.24.0-255,5738,43540,73,247433
36820,0.000734,74.125.24.0-255,1484,45024,73,247433
36821,0.000752,172.31.40.0-255,66,45090,73,247433
36822,0.000767,172.31.40.0-255,66,45156,73,247433
36823,0.000773,74.125.24.0-255,5020,50176,73,247433
36824,0.000776,172.31.40.0-255,66,50242,73,247433
36825,0.00118,74.125.24.0-255,1484,51726,73,247433
36826,0.001187,74.125.24.0-255,2902,54628,73,247433
36827,0.00119,172.31.40.0-255,66,54694,73,247433
36828,0.001196,74.125.24.0-255,4320,59014,73,247433
36829,0.001198,172.31.40.0-255,66,59080,73,247433
36830,0.001217,74.125.24.0-255,1484,60564,73,247433
36831,0.001225,74.125.24.0-255,7156,67720,73,247433
36832,0.001227,172.31.40.0-255,66,67786,73,247433
36833,0.001259,74.125.24.0-255,2902,70688,73,247433
36834,0.001261,172.31.40.0-255,66,70754,73,247433
36835,0.00129,74.125.24.0-255,5738,76492,73,247433
36836,0.001301,172.31.40.0-255,66,76558,73,247433
36837,0.001309,172.31.40.0-255,66,76624,73,247433
36838,0.001605,74.125.24.0-255,1484,78108,73,247433
36839,0.001609,74.125.24.0-255,1484,79592,73,247433
36840,0.001612,172.31.40.0-255,66,79658,73,247433
36841,0.001627,74.125.24.0-255,1484,81142,73,247433
36842,0.001637,74.125.24.0-255,5738,86880,73,247433
36843,0.00164,172.31.40.0-255,66,86946,73,247433
36844,0.001679,172.31.40.0-255,66,87012,73,247433
36845,0.001691,172.31.40.0-255,66,87078,73,247433
36846,0.001713,74.125.24.0-255,1484,88562,73,247433
36847,0.001733,74.125.24.0-255,2902,91464,73,247433
36848,0.001736,172.31.40.0-255,66,91530,73,247433
36849,0.001762,74.125.24.0-255,5738,97268,73,247433
36850,0.001765,172.31.40.0-255,66,97334,73,247433
36851,0.001767,74.125.24.0-255,1484,98818,73,247433
36852,0.001806,172.31.40.0-255,66,98884,73,247433
36853,0.001845,172.31.40.0-255,66,98950,73,247433
36854,0.00185,74.125.24.0-255,2184,101134,73,247433
36855,0.001852,172.31.40.0-255,66,101200,73,247433
36856,0.00194,74.125.24.0-255,1484,102684,73,247433
36857,0.001945,74.125.24.0-255,1484,104168,73,247433
36858,0.001947,172.31.40.0-255,66,104234,73,247433
36859,0.00197,74.125.24.0-255,1484,105718,73,247433
36860,0.001977,74.125.24.0-255,5738,111456,73,247433
36861,0.00198,172.31.40.0-255,66,111522,73,247433
36862,0.001998,74.125.24.0-255,5738,117260,73,247433
36863,0.002006,172.31.40.0-255,66,117326,73,247433
36864,0.002032,74.125.24.0-255,4320,121646,73,247433
36865,0.002035,172.31.40.0-255,66,121712,73,247433
36866,0.002048,172.31.40.0-255,66,121778,73,247433
36867,0.002075,74.125.24.0-255,2184,123962,73,247433
36868,0.002078,172.31.40.0-255,66,124028,73,247433
36869,0.002204,74.125.24.0-255,1484,125512,73,247433
36870,0.00221,74.125.24.0-255,2902,128414,73,247433
36871,0.002213,172.31.40.0-255,66,128480,73,247433
36872,0.002236,74.125.24.0-255,4320,132800,73,247433
36873,0.002239,172.31.40.0-255,66,132866,73,247433
36874,0.002251,74.125.24.0-255,1484,134350,73,247433
36875,0.002256,74.125.24.0-255,4320,138670,73,247433
36876,0.002258,172.31.40.0-255,66,138736,73,247433
36877,0.00229,172.31.40.0-255,66,138802,73,247433
36878,0.002303,172.31.40.0-255,66,138868,73,247433
36879,0.002453,74.125.24.0-255,1484,140352,73,247433
36880,0.002478,74.125.24.0-255,2902,143254,73,247433
36881,0.002482,172.31.40.0-255,66,143320,73,247433
36882,0.002489,74.125.24.0-255,5738,149058,73,247433
36883,0.002492,172.31.40.0-255,66,149124,73,247433
36884,0.002502,74.125.24.0-255,4320,153444,73,247433
36885,0.002504,172.31.40.0-255,66,153510,73,247433
36886,0.002562,172.31.40.0-255,66,153576,73,247433
36887,0.002571,172.31.40.0-255,66,153642,73,247433
36888,0.002647,172.31.40.0-255,66,153708,73,247433
36889,0.002653,74.125.24.0-255,3602,157310,73,247433
36890,0.002655,172.31.40.0-255,66,157376,73,247433
36891,0.005214,74.125.24.0-255,1484,158860,73,247433
36892,0.00525,74.125.24.0-255,4320,163180,73,247433
36893,0.005255,172.31.40.0-255,66,163246,73,247433
36894,0.00787,74.125.24.0-255,5738,168984,73,247433
36895,0.007876,172.31.40.0-255,66,169050,73,247433
36896,0.010478,74.125.24.0-255,5738,174788,73,247433
36897,0.010484,172.31.40.0-255,66,174854,73,247433
36898,0.013089,74.125.24.0-255,5738,180592,73,247433
36899,0.013099,172.31.40.0-255,66,180658,73,247433
36900,0.015697,74.125.24.0-255,5738,186396,73,247433
36901,0.015706,172.31.40.0-255,66,186462,73,247433
36902,0.01829,74.125.24.0-255,5738,192200,73,247433
36903,0.0183,172.31.40.0-255,66,192266,73,247433
36904,0.020896,74.125.24.0-255,5738,198004,73,247433
36905,0.020905,172.31.40.0-255,66,198070,73,247433
36906,0.023502,74.125.24.0-255,5738,203808,73,247433
36907,0.023511,172.31.40.0-255,66,203874,73,247433
36908,0.026103,74.125.24.0-255,5738,209612,73,247433
36909,0.026111,172.31.40.0-255,66,209678,73,247433
36910,0.028687,74.125.24.0-255,5738,215416,73,247433
36911,0.028693,172.31.40.0-255,66,215482,73,247433
36912,0.031308,74.125.24.0-255,5738,221220,73,247433
36913,0.031315,172.31.40.0-255,66,221286,73,247433
36914,0.03167,172.31.40.0-255,172,221458,73,247433
36915,0.031696,172.31.40.0-255,1114,222572,73,247433
36916,0.031749,172.31.40.0-255,1514,224086,73,247433
36917,0.03175,172.31.40.0-255,1514,225600,73,247433
36918,0.031754,172.31.40.0-255,1514,227114,73,247433
36919,0.031755,172.31.40.0-255,160,227274,73,247433
36920,0.033215,104.244.42.0-255,66,227340,73,247433
36921,0.033243,104.244.42.0-255,66,227406,73,247433
36922,0.03331,104.244.42.0-255,66,227472,73,247433
36923,0.033323,104.244.42.0-255,66,227538,73,247433
36924,0.033923,74.125.24.0-255,5738,233276,73,247433
36925,0.033928,172.31.40.0-255,66,233342,73,247433
36926,0.034014,104.244.42.0-255,108,233450,73,247433
36927,0.034019,172.31.40.0-255,66,233516,73,247433
36928,0.036489,74.125.24.0-255,5738,239254,73,247433
36929,0.036495,172.31.40.0-255,66,239320,73,247433
36930,0.039136,74.125.24.0-255,5738,245058,73,247433
36931,0.039143,172.31.40.0-255,66,245124,73,247433
36932,0.041723,74.125.24.0-255,2072,247196,73,247433
36933,0.04173,172.31.40.0-255,66,247262,73,247433
36934,0.042353,172.31.40.0-255,105,247367,73,247433
36935,0.044978,74.125.24.0-255,66,247433,73,247433
36936,0.0,172.217.194.0-255,150,150,73,243514
36937,1.8e-05,172.31.40.0-255,66,216,73,243514
36938,4.4e-05,172.217.194.0-255,1484,1700,73,243514
36939,4.9e-05,172.31.40.0-255,66,1766,73,243514
36940,5.5e-05,172.217.194.0-255,2902,4668,73,243514
36941,5.8e-05,172.31.40.0-255,66,4734,73,243514
36942,6.2e-05,172.217.194.0-255,1484,6218,73,243514
36943,6.5e-05,172.31.40.0-255,66,6284,73,243514
36944,9.6e-05,172.217.194.0-255,4320,10604,73,243514
36945,9.9e-05,172.31.40.0-255,66,10670,73,243514
36946,0.000107,172.217.194.0-255,6393,17063,73,243514
36947,0.000109,172.31.40.0-255,66,17129,73,243514
36948,0.000144,172.31.40.0-255,66,17195,73,243514
36949,0.000167,172.217.194.0-255,3961,21156,73,243514
36950,0.00017,172.31.40.0-255,66,21222,73,243514
36951,0.000235,172.217.194.0-255,1484,22706,73,243514
36952,0.000238,172.31.40.0-255,66,22772,73,243514
36953,0.000243,172.217.194.0-255,2902,25674,73,243514
36954,0.000246,172.31.40.0-255,66,25740,73,243514
36955,0.000248,172.217.194.0-255,1484,27224,73,243514
36956,0.000255,172.31.40.0-255,66,27290,73,243514
36957,0.000291,172.217.194.0-255,4320,31610,73,243514
36958,0.000293,172.31.40.0-255,66,31676,73,243514
36959,0.000301,172.217.194.0-255,6797,38473,73,243514
36960,0.000303,172.31.40.0-255,66,38539,73,243514
36961,0.000316,172.217.194.0-255,7156,45695,73,243514
36962,0.00032,172.31.40.0-255,66,45761,73,243514
36963,0.000336,172.217.194.0-255,7156,52917,73,243514
36964,0.000339,172.31.40.0-255,66,52983,73,243514
36965,0.000347,172.217.194.0-255,2795,55778,73,243514
36966,0.00035,172.31.40.0-255,66,55844,73,243514
36967,0.000412,172.217.194.0-255,117,55961,73,243514
36968,0.000454,172.217.194.0-255,383,56344,73,243514
36969,0.000675,172.217.194.0-255,1484,57828,73,243514
36970,0.000681,172.31.40.0-255,66,57894,73,243514
36971,0.000688,172.217.194.0-255,2902,60796,73,243514
36972,0.00069,172.31.40.0-255,66,60862,73,243514
36973,0.000693,172.217.194.0-255,1484,62346,73,243514
36974,0.000722,172.217.194.0-255,4320,66666,73,243514
36975,0.000725,172.31.40.0-255,66,66732,73,243514
36976,0.000743,172.31.40.0-255,66,66798,73,243514
36977,0.000753,172.31.40.0-255,66,66864,73,243514
36978,0.000775,172.217.194.0-255,2184,69048,73,243514
36979,0.000778,172.31.40.0-255,66,69114,73,243514
36980,0.001095,172.217.194.0-255,1484,70598,73,243514
36981,0.001102,172.217.194.0-255,2902,73500,73,243514
36982,0.001105,172.31.40.0-255,66,73566,73,243514
36983,0.001116,172.217.194.0-255,1484,75050,73,243514
36984,0.001138,172.217.194.0-255,4320,79370,73,243514
36985,0.00114,172.31.40.0-255,66,79436,73,243514
36986,0.001145,172.217.194.0-255,2902,82338,73,243514
36987,0.001147,172.31.40.0-255,66,82404,73,243514
36988,0.001182,172.31.40.0-255,66,82470,73,243514
36989,0.001195,172.217.194.0-255,2902,85372,73,243514
36990,0.001201,172.31.40.0-255,66,85438,73,243514
36991,0.001229,172.31.40.0-255,66,85504,73,243514
36992,0.00145,172.217.194.0-255,1484,86988,73,243514
36993,0.001456,172.217.194.0-255,2902,89890,73,243514
36994,0.001459,172.31.40.0-255,66,89956,73,243514
36995,0.001464,172.217.194.0-255,2902,92858,73,243514
36996,0.001466,172.31.40.0-255,66,92924,73,243514
36997,0.001486,172.217.194.0-255,2902,95826,73,243514
36998,0.001492,172.31.40.0-255,66,95892,73,243514
36999,0.001498,172.217.194.0-255,5738,101630,73,243514
37000,0.0015,172.31.40.0-255,66,101696,73,243514
37001,0.001547,172.31.40.0-255,66,101762,73,243514
37002,0.00155,172.217.194.0-255,766,102528,73,243514
37003,0.00191,172.217.194.0-255,1484,104012,73,243514
37004,0.001914,172.31.40.0-255,66,104078,73,243514
37005,0.00192,172.217.194.0-255,2902,106980,73,243514
37006,0.001922,172.31.40.0-255,66,107046,73,243514
37007,0.001925,172.217.194.0-255,1484,108530,73,243514
37008,0.001952,172.217.194.0-255,4320,112850,73,243514
37009,0.001955,172.31.40.0-255,66,112916,73,243514
37010,0.00197,172.31.40.0-255,66,112982,73,243514
37011,0.002003,172.217.194.0-255,1484,114466,73,243514
37012,0.002034,172.31.40.0-255,66,114532,73,243514
37013,0.002306,172.217.194.0-255,1484,116016,73,243514
37014,0.002312,172.217.194.0-255,2902,118918,73,243514
37015,0.002315,172.31.40.0-255,66,118984,73,243514
37016,0.002343,172.217.194.0-255,5738,124722,73,243514
37017,0.002345,172.31.40.0-255,66,124788,73,243514
37018,0.002382,172.31.40.0-255,66,124854,73,243514
37019,0.002418,172.31.40.0-255,66,124920,73,243514
37020,0.002491,172.217.194.0-255,1484,126404,73,243514
37021,0.002507,172.217.194.0-255,2902,129306,73,243514
37022,0.002511,172.31.40.0-255,66,129372,73,243514
37023,0.002538,172.217.194.0-255,5738,135110,73,243514
37024,0.002541,172.31.40.0-255,66,135176,73,243514
37025,0.002544,172.217.194.0-255,1484,136660,73,243514
37026,0.002591,172.31.40.0-255,66,136726,73,243514
37027,0.002607,172.31.40.0-255,66,136792,73,243514
37028,0.002611,172.217.194.0-255,2184,138976,73,243514
37029,0.002613,172.31.40.0-255,66,139042,73,243514
37030,0.005159,172.217.194.0-255,5738,144780,73,243514
37031,0.005181,172.31.40.0-255,66,144846,73,243514
37032,0.007729,172.217.194.0-255,5738,150584,73,243514
37033,0.007745,172.31.40.0-255,66,150650,73,243514
37034,0.010282,172.217.194.0-255,5738,156388,73,243514
37035,0.010298,172.31.40.0-255,66,156454,73,243514
37036,0.01282,172.217.194.0-255,5738,162192,73,243514
37037,0.012827,172.31.40.0-255,66,162258,73,243514
37038,0.015364,172.217.194.0-255,5738,167996,73,243514
37039,0.015371,172.31.40.0-255,66,168062,73,243514
37040,0.017921,172.217.194.0-255,5738,173800,73,243514
37041,0.017929,172.31.40.0-255,66,173866,73,243514
37042,0.020491,172.217.194.0-255,5738,179604,73,243514
37043,0.020499,172.31.40.0-255,66,179670,73,243514
37044,0.023103,172.217.194.0-255,5738,185408,73,243514
37045,0.023117,172.31.40.0-255,66,185474,73,243514
37046,0.025707,172.217.194.0-255,5738,191212,73,243514
37047,0.025729,172.31.40.0-255,66,191278,73,243514
37048,0.028303,172.217.194.0-255,5738,197016,73,243514
37049,0.028321,172.31.40.0-255,66,197082,73,243514
37050,0.030873,172.217.194.0-255,5738,202820,73,243514
37051,0.030881,172.31.40.0-255,66,202886,73,243514
37052,0.033425,172.217.194.0-255,5738,208624,73,243514
37053,0.033437,172.31.40.0-255,66,208690,73,243514
37054,0.036018,172.217.194.0-255,5738,214428,73,243514
37055,0.036036,172.31.40.0-255,66,214494,73,243514
37056,0.038595,172.217.194.0-255,5738,220232,73,243514
37057,0.038604,172.31.40.0-255,66,220298,73,243514
37058,0.04117,172.217.194.0-255,5738,226036,73,243514
37059,0.041181,172.31.40.0-255,66,226102,73,243514
37060,0.043744,172.217.194.0-255,5738,231840,73,243514
37061,0.043755,172.31.40.0-255,66,231906,73,243514
37062,0.046316,172.217.194.0-255,5738,237644,73,243514
37063,0.04634,172.31.40.0-255,66,237710,73,243514
37064,0.048944,172.217.194.0-255,5738,243448,73,243514
37065,0.048967,172.31.40.0-255,66,243514,73,243514
37066,0.0,74.125.68.0-255,150,150,73,216799
37067,1.4e-05,172.31.40.0-255,66,216,73,216799
37068,2.1e-05,74.125.68.0-255,1484,1700,73,216799
37069,2.5e-05,172.31.40.0-255,66,1766,73,216799
37070,2.9e-05,74.125.68.0-255,1484,3250,73,216799
37071,3.2e-05,172.31.40.0-255,66,3316,73,216799
37072,7.8e-05,74.125.68.0-255,1484,4800,73,216799
37073,8.2e-05,172.31.40.0-255,66,4866,73,216799
37074,8.5e-05,74.125.68.0-255,1484,6350,73,216799
37075,8.7e-05,172.31.40.0-255,66,6416,73,216799
37076,9.8e-05,74.125.68.0-255,2902,9318,73,216799
37077,0.000101,172.31.40.0-255,66,9384,73,216799
37078,0.000136,74.125.68.0-255,4884,14268,73,216799
37079,0.000139,172.31.40.0-255,66,14334,73,216799
37080,0.000175,74.125.68.0-255,1484,15818,73,216799
37081,0.000177,172.31.40.0-255,66,15884,73,216799
37082,0.000204,74.125.68.0-255,2902,18786,73,216799
37083,0.000207,172.31.40.0-255,66,18852,73,216799
37084,0.000213,74.125.68.0-255,4320,23172,73,216799
37085,0.000217,172.31.40.0-255,66,23238,73,216799
37086,0.000255,74.125.68.0-255,5738,28976,73,216799
37087,0.000258,172.31.40.0-255,66,29042,73,216799
37088,0.000284,74.125.68.0-255,2543,31585,73,216799
37089,0.000286,172.31.40.0-255,66,31651,73,216799
37090,0.000924,74.125.68.0-255,1484,33135,73,216799
37091,0.00093,172.31.40.0-255,66,33201,73,216799
37092,0.000939,74.125.68.0-255,2902,36103,73,216799
37093,0.000941,172.31.40.0-255,66,36169,73,216799
37094,0.000953,74.125.68.0-255,4320,40489,73,216799
37095,0.000956,172.31.40.0-255,66,40555,73,216799
37096,0.000989,172.31.40.0-255,66,40621,73,216799
37097,0.000998,74.125.68.0-255,4320,44941,73,216799
37098,0.001064,74.125.68.0-255,5738,50679,73,216799
37099,0.001084,74.125.68.0-255,5379,56058,73,216799
37100,0.001087,74.125.68.0-255,390,56448,73,216799
37101,0.001261,74.125.68.0-255,354,56802,73,216799
37102,0.001568,74.125.68.0-255,1484,58286,73,216799
37103,0.001576,74.125.68.0-255,2902,61188,73,216799
37104,0.001579,74.125.68.0-255,1484,62672,73,216799
37105,0.001599,74.125.68.0-255,4320,66992,73,216799
37106,0.001618,74.125.68.0-255,4320,71312,73,216799
37107,0.001664,74.125.68.0-255,1484,72796,73,216799
37108,0.002325,74.125.68.0-255,1484,74280,73,216799
37109,0.002349,74.125.68.0-255,2902,77182,73,216799
37110,0.002372,74.125.68.0-255,1484,78666,73,216799
37111,0.002376,74.125.68.0-255,1484,80150,73,216799
37112,0.002391,74.125.68.0-255,1484,81634,73,216799
37113,0.002397,74.125.68.0-255,4320,85954,73,216799
37114,0.002417,74.125.68.0-255,1484,87438,73,216799
37115,0.002431,74.125.68.0-255,7156,94594,73,216799
37116,0.002443,74.125.68.0-255,2902,97496,73,216799
37117,0.002495,74.125.68.0-255,2902,100398,73,216799
37118,0.002513,74.125.68.0-255,6438,106836,73,216799
37119,0.004694,172.31.40.0-255,66,106902,73,216799
37120,0.007232,74.125.68.0-255,5738,112640,73,216799
37121,0.007238,172.31.40.0-255,66,112706,73,216799
37122,0.00973,74.125.68.0-255,5738,118444,73,216799
37123,0.009738,172.31.40.0-255,66,118510,73,216799
37124,0.012214,74.125.68.0-255,5738,124248,73,216799
37125,0.012546,172.31.40.0-255,66,124314,73,216799
37126,0.015029,74.125.68.0-255,5738,130052,73,216799
37127,0.015038,172.31.40.0-255,66,130118,73,216799
37128,0.017523,74.125.68.0-255,5738,135856,73,216799
37129,0.017531,172.31.40.0-255,66,135922,73,216799
37130,0.020011,74.125.68.0-255,5738,141660,73,216799
37131,0.020019,172.31.40.0-255,66,141726,73,216799
37132,0.022501,74.125.68.0-255,5738,147464,73,216799
37133,0.022507,172.31.40.0-255,66,147530,73,216799
37134,0.023133,172.31.40.0-255,172,147702,73,216799
37135,0.023167,172.31.40.0-255,1111,148813,73,216799
37136,0.023228,172.31.40.0-255,1514,150327,73,216799
37137,0.02323,172.31.40.0-255,1514,151841,73,216799
37138,0.023255,172.31.40.0-255,850,152691,73,216799
37139,0.024725,104.244.42.0-255,66,152757,73,216799
37140,0.024768,104.244.42.0-255,66,152823,73,216799
37141,0.024818,104.244.42.0-255,66,152889,73,216799
37142,0.024822,104.244.42.0-255,66,152955,73,216799
37143,0.02499,74.125.68.0-255,5738,158693,73,216799
37144,0.024996,172.31.40.0-255,66,158759,73,216799
37145,0.027482,74.125.68.0-255,5738,164497,73,216799
37146,0.02749,172.31.40.0-255,66,164563,73,216799
37147,0.029976,74.125.68.0-255,5738,170301,73,216799
37148,0.029985,172.31.40.0-255,66,170367,73,216799
37149,0.032462,74.125.68.0-255,5738,176105,73,216799
37150,0.032468,172.31.40.0-255,66,176171,73,216799
37151,0.03497,74.125.68.0-255,5738,181909,73,216799
37152,0.034976,172.31.40.0-255,66,181975,73,216799
37153,0.03745,74.125.68.0-255,5738,187713,73,216799
37154,0.037457,172.31.40.0-255,66,187779,73,216799
37155,0.039937,74.125.68.0-255,5738,193517,73,216799
37156,0.039944,172.31.40.0-255,66,193583,73,216799
37157,0.042424,74.125.68.0-255,5738,199321,73,216799
37158,0.042432,172.31.40.0-255,66,199387,73,216799
37159,0.044915,74.125.68.0-255,5738,205125,73,216799
37160,0.044922,172.31.40.0-255,66,205191,73,216799
37161,0.04747,74.125.68.0-255,5738,210929,73,216799
37162,0.047478,172.31.40.0-255,66,210995,73,216799
37163,0.049971,74.125.68.0-255,5738,216733,73,216799
37164,0.04998,172.31.40.0-255,66,216799,73,216799
37165,0.0,74.125.24.0-255,150,150,73,286032
37166,2.2e-05,172.31.40.0-255,66,216,73,286032
37167,2.9e-05,74.125.24.0-255,1484,1700,73,286032
37168,3.4e-05,172.31.40.0-255,66,1766,73,286032
37169,4e-05,74.125.24.0-255,2902,4668,73,286032
37170,4.3e-05,172.31.40.0-255,66,4734,73,286032
37171,5.8e-05,74.125.24.0-255,7156,11890,73,286032
37172,6.1e-05,172.31.40.0-255,66,11956,73,286032
37173,6.6e-05,74.125.24.0-255,2075,14031,73,286032
37174,6.8e-05,172.31.40.0-255,66,14097,73,286032
37175,0.000139,74.125.24.0-255,1484,15581,73,286032
37176,0.000142,172.31.40.0-255,66,15647,73,286032
37177,0.000147,74.125.24.0-255,2902,18549,73,286032
37178,0.000149,172.31.40.0-255,66,18615,73,286032
37179,0.000177,74.125.24.0-255,5738,24353,73,286032
37180,0.00018,172.31.40.0-255,66,24419,73,286032
37181,0.00021,74.125.24.0-255,2902,27321,73,286032
37182,0.000213,172.31.40.0-255,66,27387,73,286032
37183,0.000238,74.125.24.0-255,3961,31348,73,286032
37184,0.000241,172.31.40.0-255,66,31414,73,286032
37185,0.000248,74.125.24.0-255,7156,38570,73,286032
37186,0.00025,172.31.40.0-255,66,38636,73,286032
37187,0.000254,74.125.24.0-255,2902,41538,73,286032
37188,0.000261,172.31.40.0-255,66,41604,73,286032
37189,0.000289,74.125.24.0-255,6797,48401,73,286032
37190,0.000292,172.31.40.0-255,66,48467,73,286032
37191,0.000507,74.125.24.0-255,1484,49951,73,286032
37192,0.000512,172.31.40.0-255,66,50017,73,286032
37193,0.000518,74.125.24.0-255,2902,52919,73,286032
37194,0.000521,172.31.40.0-255,66,52985,73,286032
37195,0.000548,74.125.24.0-255,5738,58723,73,286032
37196,0.000551,172.31.40.0-255,66,58789,73,286032
37197,0.000582,74.125.24.0-255,6797,65586,73,286032
37198,0.000585,172.31.40.0-255,66,65652,73,286032
37199,0.000686,74.125.24.0-255,1484,67136,73,286032
37200,0.000701,74.125.24.0-255,2902,70038,73,286032
37201,0.000704,172.31.40.0-255,66,70104,73,286032
37202,0.000711,74.125.24.0-255,4320,74424,73,286032
37203,0.000713,172.31.40.0-255,66,74490,73,286032
37204,0.000742,74.125.24.0-255,1484,75974,73,286032
37205,0.000754,172.31.40.0-255,66,76040,73,286032
37206,0.000795,74.125.24.0-255,4320,80360,73,286032
37207,0.000798,172.31.40.0-255,66,80426,73,286032
37208,0.000832,172.31.40.0-255,66,80492,73,286032
37209,0.000834,74.125.24.0-255,1125,81617,73,286032
37210,0.000977,74.125.24.0-255,1484,83101,73,286032
37211,0.000981,172.31.40.0-255,66,83167,73,286032
37212,0.000987,74.125.24.0-255,2902,86069,73,286032
37213,0.000989,172.31.40.0-255,66,86135,73,286032
37214,0.001,74.125.24.0-255,5738,91873,73,286032
37215,0.001003,172.31.40.0-255,66,91939,73,286032
37216,0.001037,74.125.24.0-255,6130,98069,73,286032
37217,0.00104,172.31.40.0-255,66,98135,73,286032
37218,0.001412,74.125.24.0-255,1484,99619,73,286032
37219,0.001418,74.125.24.0-255,2902,102521,73,286032
37220,0.001422,172.31.40.0-255,66,102587,73,286032
37221,0.001452,74.125.24.0-255,5738,108325,73,286032
37222,0.001454,172.31.40.0-255,66,108391,73,286032
37223,0.001484,74.125.24.0-255,4320,112711,73,286032
37224,0.001487,172.31.40.0-255,66,112777,73,286032
37225,0.001514,74.125.24.0-255,3241,116018,73,286032
37226,0.001516,172.31.40.0-255,66,116084,73,286032
37227,0.001527,172.31.40.0-255,66,116150,73,286032
37228,0.001536,74.125.24.0-255,2902,119052,73,286032
37229,0.001538,172.31.40.0-255,66,119118,73,286032
37230,0.00158,172.31.40.0-255,66,119184,73,286032
37231,0.001604,74.125.24.0-255,1484,120668,73,286032
37232,0.001626,172.31.40.0-255,66,120734,73,286032
37233,0.002035,74.125.24.0-255,1484,122218,73,286032
37234,0.002043,74.125.24.0-255,2902,125120,73,286032
37235,0.002046,172.31.40.0-255,66,125186,73,286032
37236,0.002052,74.125.24.0-255,2902,128088,73,286032
37237,0.002054,172.31.40.0-255,66,128154,73,286032
37238,0.002084,74.125.24.0-255,2902,131056,73,286032
37239,0.002087,172.31.40.0-255,66,131122,73,286032
37240,0.002101,172.31.40.0-255,66,131188,73,286032
37241,0.002108,74.125.24.0-255,5738,136926,73,286032
37242,0.002109,172.31.40.0-255,66,136992,73,286032
37243,0.002142,74.125.24.0-255,2902,139894,73,286032
37244,0.002144,172.31.40.0-255,66,139960,73,286032
37245,0.002176,74.125.24.0-255,2184,142144,73,286032
37246,0.002178,172.31.40.0-255,66,142210,73,286032
37247,0.002183,74.125.24.0-255,2902,145112,73,286032
37248,0.002186,172.31.40.0-255,66,145178,73,286032
37249,0.002189,74.125.24.0-255,1484,146662,73,286032
37250,0.002211,74.125.24.0-255,4320,150982,73,286032
37251,0.002214,172.31.40.0-255,66,151048,73,286032
37252,0.002231,172.31.40.0-255,66,151114,73,286032
37253,0.002275,172.31.40.0-255,66,151180,73,286032
37254,0.00232,172.31.40.0-255,66,151246,73,286032
37255,0.00235,172.31.40.0-255,66,151312,73,286032
37256,0.002355,74.125.24.0-255,3602,154914,73,286032
37257,0.002357,172.31.40.0-255,66,154980,73,286032
37258,0.002394,74.125.24.0-255,5738,160718,73,286032
37259,0.002397,172.31.40.0-255,66,160784,73,286032
37260,0.002429,74.125.24.0-255,4320,165104,73,286032
37261,0.002435,172.31.40.0-255,66,165170,73,286032
37262,0.002441,74.125.24.0-255,4320,169490,73,286032
37263,0.002443,172.31.40.0-255,66,169556,73,286032
37264,0.004771,74.125.24.0-255,2902,172458,73,286032
37265,0.004781,172.31.40.0-255,66,172524,73,286032
37266,0.004807,74.125.24.0-255,2902,175426,73,286032
37267,0.004809,172.31.40.0-255,66,175492,73,286032
37268,0.007083,74.125.24.0-255,2902,178394,73,286032
37269,0.007087,172.31.40.0-255,66,178460,73,286032
37270,0.007121,74.125.24.0-255,2902,181362,73,286032
37271,0.007124,172.31.40.0-255,66,181428,73,286032
37272,0.009417,74.125.24.0-255,2902,184330,73,286032
37273,0.009429,172.31.40.0-255,66,184396,73,286032
37274,0.009459,74.125.24.0-255,2902,187298,73,286032
37275,0.009463,172.31.40.0-255,66,187364,73,286032
37276,0.011797,74.125.24.0-255,5738,193102,73,286032
37277,0.011816,172.31.40.0-255,66,193168,73,286032
37278,0.014135,74.125.24.0-255,5738,198906,73,286032
37279,0.014144,172.31.40.0-255,66,198972,73,286032
37280,0.016536,74.125.24.0-255,5738,204710,73,286032
37281,0.016553,172.31.40.0-255,66,204776,73,286032
37282,0.018936,74.125.24.0-255,5738,210514,73,286032
37283,0.018947,172.31.40.0-255,66,210580,73,286032
37284,0.021267,74.125.24.0-255,5738,216318,73,286032
37285,0.021277,172.31.40.0-255,66,216384,73,286032
37286,0.023629,74.125.24.0-255,5738,222122,73,286032
37287,0.023637,172.31.40.0-255,66,222188,73,286032
37288,0.025952,74.125.24.0-255,5738,227926,73,286032
37289,0.025962,172.31.40.0-255,66,227992,73,286032
37290,0.028306,74.125.24.0-255,5738,233730,73,286032
37291,0.028323,172.31.40.0-255,66,233796,73,286032
37292,0.030687,74.125.24.0-255,5738,239534,73,286032
37293,0.030695,172.31.40.0-255,66,239600,73,286032
37294,0.033013,74.125.24.0-255,5738,245338,73,286032
37295,0.033022,172.31.40.0-255,66,245404,73,286032
37296,0.035351,74.125.24.0-255,5738,251142,73,286032
37297,0.03537,172.31.40.0-255,66,251208,73,286032
37298,0.037706,74.125.24.0-255,5738,256946,73,286032
37299,0.037715,172.31.40.0-255,66,257012,73,286032
37300,0.040051,74.125.24.0-255,5738,262750,73,286032
37301,0.040061,172.31.40.0-255,66,262816,73,286032
37302,0.042365,74.125.24.0-255,5738,268554,73,286032
37303,0.042376,172.31.40.0-255,66,268620,73,286032
37304,0.044702,74.125.24.0-255,5738,274358,73,286032
37305,0.044719,172.31.40.0-255,66,274424,73,286032
37306,0.047083,74.125.24.0-255,5738,280162,73,286032
37307,0.047101,172.31.40.0-255,66,280228,73,286032
37308,0.049453,74.125.24.0-255,5738,285966,73,286032
37309,0.049461,172.31.40.0-255,66,286032,73,286032
37310,0.0,74.125.200.0-255,153,153,73,363747
37311,2.3e-05,172.31.40.0-255,66,219,73,363747
37312,2.9e-05,74.125.200.0-255,1484,1703,73,363747
37313,3.3e-05,172.31.40.0-255,66,1769,73,363747
37314,3.8e-05,74.125.200.0-255,2902,4671,73,363747
37315,4.1e-05,172.31.40.0-255,66,4737,73,363747
37316,4.7e-05,74.125.200.0-255,5738,10475,73,363747
37317,5.1e-05,172.31.40.0-255,66,10541,73,363747
37318,8.8e-05,74.125.200.0-255,3419,13960,73,363747
37319,9.1e-05,172.31.40.0-255,66,14026,73,363747
37320,0.000112,74.125.200.0-255,4320,18346,73,363747
37321,0.000114,172.31.40.0-255,66,18412,73,363747
37322,0.000139,172.31.40.0-255,66,18478,73,363747
37323,0.000152,74.125.200.0-255,1484,19962,73,363747
37324,0.000154,172.31.40.0-255,66,20028,73,363747
37325,0.000158,74.125.200.0-255,2543,22571,73,363747
37326,0.000161,172.31.40.0-255,66,22637,73,363747
37327,0.000247,74.125.200.0-255,1484,24121,73,363747
37328,0.00025,172.31.40.0-255,66,24187,73,363747
37329,0.000269,74.125.200.0-255,2902,27089,73,363747
37330,0.000271,172.31.40.0-255,66,27155,73,363747
37331,0.000274,74.125.200.0-255,1484,28639,73,363747
37332,0.000276,172.31.40.0-255,66,28705,73,363747
37333,0.000293,74.125.200.0-255,4320,33025,73,363747
37334,0.000295,172.31.40.0-255,66,33091,73,363747
37335,0.000299,74.125.200.0-255,2902,35993,73,363747
37336,0.000301,172.31.40.0-255,66,36059,73,363747
37337,0.000327,74.125.200.0-255,3961,40020,73,363747
37338,0.00033,172.31.40.0-255,66,40086,73,363747
37339,0.000452,74.125.200.0-255,1484,41570,73,363747
37340,0.000456,172.31.40.0-255,66,41636,73,363747
37341,0.000471,74.125.200.0-255,2902,44538,73,363747
37342,0.000474,172.31.40.0-255,66,44604,73,363747
37343,0.000504,74.125.200.0-255,4320,48924,73,363747
37344,0.000507,172.31.40.0-255,66,48990,73,363747
37345,0.000511,74.125.200.0-255,2902,51892,73,363747
37346,0.000513,172.31.40.0-255,66,51958,73,363747
37347,0.00053,74.125.200.0-255,2902,54860,73,363747
37348,0.000533,172.31.40.0-255,66,54926,73,363747
37349,0.000548,74.125.200.0-255,2543,57469,73,363747
37350,0.000551,172.31.40.0-255,66,57535,73,363747
37351,0.00061,74.125.200.0-255,646,58181,73,363747
37352,0.000904,74.125.200.0-255,1484,59665,73,363747
37353,0.000908,172.31.40.0-255,66,59731,73,363747
37354,0.000938,74.125.200.0-255,2902,62633,73,363747
37355,0.000941,172.31.40.0-255,66,62699,73,363747
37356,0.000964,74.125.200.0-255,4320,67019,73,363747
37357,0.000967,172.31.40.0-255,66,67085,73,363747
37358,0.000972,74.125.200.0-255,5738,72823,73,363747
37359,0.000973,172.31.40.0-255,66,72889,73,363747
37360,0.000998,74.125.200.0-255,5738,78627,73,363747
37361,0.001001,172.31.40.0-255,66,78693,73,363747
37362,0.001011,74.125.200.0-255,5738,84431,73,363747
37363,0.001013,172.31.40.0-255,66,84497,73,363747
37364,0.001016,74.125.200.0-255,2902,87399,73,363747
37365,0.001018,172.31.40.0-255,66,87465,73,363747
37366,0.001054,74.125.200.0-255,1484,88949,73,363747
37367,0.001074,74.125.200.0-255,3602,92551,73,363747
37368,0.001076,172.31.40.0-255,66,92617,73,363747
37369,0.001118,74.125.200.0-255,1484,94101,73,363747
37370,0.00113,74.125.200.0-255,2902,97003,73,363747
37371,0.001133,172.31.40.0-255,66,97069,73,363747
37372,0.001151,74.125.200.0-255,2902,99971,73,363747
37373,0.001154,172.31.40.0-255,66,100037,73,363747
37374,0.001173,74.125.200.0-255,2902,102939,73,363747
37375,0.001175,172.31.40.0-255,66,103005,73,363747
37376,0.00118,74.125.200.0-255,2902,105907,73,363747
37377,0.001181,172.31.40.0-255,66,105973,73,363747
37378,0.001186,74.125.200.0-255,4320,110293,73,363747
37379,0.001188,172.31.40.0-255,66,110359,73,363747
37380,0.001191,74.125.200.0-255,2902,113261,73,363747
37381,0.001193,172.31.40.0-255,66,113327,73,363747
37382,0.001213,74.125.200.0-255,5738,119065,73,363747
37383,0.001215,172.31.40.0-255,66,119131,73,363747
37384,0.001222,74.125.200.0-255,7156,126287,73,363747
37385,0.001223,172.31.40.0-255,66,126353,73,363747
37386,0.001244,74.125.200.0-255,766,127119,73,363747
37387,0.001284,74.125.200.0-255,1484,128603,73,363747
37388,0.001287,172.31.40.0-255,66,128669,73,363747
37389,0.001309,74.125.200.0-255,4320,132989,73,363747
37390,0.001312,172.31.40.0-255,66,133055,73,363747
37391,0.001317,74.125.200.0-255,4320,137375,73,363747
37392,0.001319,172.31.40.0-255,66,137441,73,363747
37393,0.001333,74.125.200.0-255,5738,143179,73,363747
37394,0.001335,172.31.40.0-255,66,143245,73,363747
37395,0.001362,74.125.200.0-255,4320,147565,73,363747
37396,0.001365,172.31.40.0-255,66,147631,73,363747
37397,0.001386,74.125.200.0-255,4320,151951,73,363747
37398,0.001389,172.31.40.0-255,66,152017,73,363747
37399,0.001423,172.31.40.0-255,66,152083,73,363747
37400,0.001441,74.125.200.0-255,766,152849,73,363747
37401,0.001503,74.125.200.0-255,1484,154333,73,363747
37402,0.001506,172.31.40.0-255,66,154399,73,363747
37403,0.001509,74.125.200.0-255,1484,155883,73,363747
37404,0.001524,74.125.200.0-255,1484,157367,73,363747
37405,0.001526,172.31.40.0-255,66,157433,73,363747
37406,0.001529,74.125.200.0-255,1484,158917,73,363747
37407,0.001546,74.125.200.0-255,4320,163237,73,363747
37408,0.001549,172.31.40.0-255,66,163303,73,363747
37409,0.001576,74.125.200.0-255,4320,167623,73,363747
37410,0.001579,172.31.40.0-255,66,167689,73,363747
37411,0.001605,172.31.40.0-255,66,167755,73,363747
37412,0.001624,74.125.200.0-255,2902,170657,73,363747
37413,0.001626,172.31.40.0-255,66,170723,73,363747
37414,0.001653,172.31.40.0-255,66,170789,73,363747
37415,0.00169,74.125.200.0-255,1484,172273,73,363747
37416,0.001707,74.125.200.0-255,2902,175175,73,363747
37417,0.00171,172.31.40.0-255,66,175241,73,363747
37418,0.001712,74.125.200.0-255,1484,176725,73,363747
37419,0.00173,74.125.200.0-255,2902,179627,73,363747
37420,0.001732,172.31.40.0-255,66,179693,73,363747
37421,0.001738,74.125.200.0-255,5738,185431,73,363747
37422,0.00174,172.31.40.0-255,66,185497,73,363747
37423,0.001779,74.125.200.0-255,2902,188399,73,363747
37424,0.001782,172.31.40.0-255,66,188465,73,363747
37425,0.001804,172.31.40.0-255,66,188531,73,363747
37426,0.001842,172.31.40.0-255,66,188597,73,363747
37427,0.001847,74.125.200.0-255,4320,192917,73,363747
37428,0.001849,172.31.40.0-255,66,192983,73,363747
37429,0.001884,74.125.200.0-255,7156,200139,73,363747
37430,0.001887,172.31.40.0-255,66,200205,73,363747
37431,0.001893,74.125.200.0-255,7156,207361,73,363747
37432,0.001895,172.31.40.0-255,66,207427,73,363747
37433,0.001909,74.125.200.0-255,4320,211747,73,363747
37434,0.001911,172.31.40.0-255,66,211813,73,363747
37435,0.001934,74.125.200.0-255,4320,216133,73,363747
37436,0.001937,172.31.40.0-255,66,216199,73,363747
37437,0.001941,74.125.200.0-255,3602,219801,73,363747
37438,0.001943,172.31.40.0-255,66,219867,73,363747
37439,0.001963,74.125.200.0-255,1484,221351,73,363747
37440,0.001976,74.125.200.0-255,2902,224253,73,363747
37441,0.001979,172.31.40.0-255,66,224319,73,363747
37442,0.002019,172.31.40.0-255,66,224385,73,363747
37443,0.003971,74.125.200.0-255,5738,230123,73,363747
37444,0.003976,172.31.40.0-255,66,230189,73,363747
37445,0.005935,74.125.200.0-255,1484,231673,73,363747
37446,0.005954,74.125.200.0-255,4320,235993,73,363747
37447,0.005958,172.31.40.0-255,66,236059,73,363747
37448,0.007906,74.125.200.0-255,5738,241797,73,363747
37449,0.007913,172.31.40.0-255,66,241863,73,363747
37450,0.009906,74.125.200.0-255,5738,247601,73,363747
37451,0.009923,172.31.40.0-255,66,247667,73,363747
37452,0.011879,74.125.200.0-255,5738,253405,73,363747
37453,0.011893,172.31.40.0-255,66,253471,73,363747
37454,0.013845,74.125.200.0-255,5738,259209,73,363747
37455,0.013855,172.31.40.0-255,66,259275,73,363747
37456,0.015798,74.125.200.0-255,5738,265013,73,363747
37457,0.015811,172.31.40.0-255,66,265079,73,363747
37458,0.017761,74.125.200.0-255,5738,270817,73,363747
37459,0.017768,172.31.40.0-255,66,270883,73,363747
37460,0.019714,74.125.200.0-255,5738,276621,73,363747
37461,0.019722,172.31.40.0-255,66,276687,73,363747
37462,0.021671,74.125.200.0-255,5738,282425,73,363747
37463,0.021678,172.31.40.0-255,66,282491,73,363747
37464,0.023632,74.125.200.0-255,5738,288229,73,363747
37465,0.02364,172.31.40.0-255,66,288295,73,363747
37466,0.025632,74.125.200.0-255,5738,294033,73,363747
37467,0.025645,172.31.40.0-255,66,294099,73,363747
37468,0.027604,74.125.200.0-255,5738,299837,73,363747
37469,0.027614,172.31.40.0-255,66,299903,73,363747
37470,0.029566,74.125.200.0-255,5738,305641,73,363747
37471,0.029574,172.31.40.0-255,66,305707,73,363747
37472,0.03154,74.125.200.0-255,5738,311445,73,363747
37473,0.031555,172.31.40.0-255,66,311511,73,363747
37474,0.033502,74.125.200.0-255,5738,317249,73,363747
37475,0.03351,172.31.40.0-255,66,317315,73,363747
37476,0.035453,74.125.200.0-255,5738,323053,73,363747
37477,0.035459,172.31.40.0-255,66,323119,73,363747
37478,0.037416,74.125.200.0-255,5738,328857,73,363747
37479,0.037424,172.31.40.0-255,66,328923,73,363747
37480,0.039363,74.125.200.0-255,5738,334661,73,363747
37481,0.03937,172.31.40.0-255,66,334727,73,363747
37482,0.041314,74.125.200.0-255,5738,340465,73,363747
37483,0.041321,172.31.40.0-255,66,340531,73,363747
37484,0.043279,74.125.200.0-255,5738,346269,73,363747
37485,0.043296,172.31.40.0-255,66,346335,73,363747
37486,0.045244,74.125.200.0-255,5738,352073,73,363747
37487,0.045256,172.31.40.0-255,66,352139,73,363747
37488,0.047205,74.125.200.0-255,5738,357877,73,363747
37489,0.04721,172.31.40.0-255,66,357943,73,363747
37490,0.049167,74.125.200.0-255,5738,363681,73,363747
37491,0.049174,172.31.40.0-255,66,363747,73,363747
37492,0.0,74.125.200.0-255,153,153,73,262112
37493,2.5e-05,172.31.40.0-255,66,219,73,262112
37494,3.2e-05,74.125.200.0-255,1484,1703,73,262112
37495,3.7e-05,172.31.40.0-255,66,1769,73,262112
37496,4.2e-05,74.125.200.0-255,2902,4671,73,262112
37497,4.6e-05,172.31.40.0-255,66,4737,73,262112
37498,5.4e-05,74.125.200.0-255,7156,11893,73,262112
37499,5.7e-05,172.31.40.0-255,66,11959,73,262112
37500,8.6e-05,172.31.40.0-255,66,12025,73,262112
37501,0.000102,74.125.200.0-255,4320,16345,73,262112
37502,0.000104,172.31.40.0-255,66,16411,73,262112
37503,0.000124,74.125.200.0-255,5738,22149,73,262112
37504,0.000127,172.31.40.0-255,66,22215,73,262112
37505,0.000141,74.125.200.0-255,1125,23340,73,262112
37506,0.000143,172.31.40.0-255,66,23406,73,262112
37507,0.000201,74.125.200.0-255,1484,24890,73,262112
37508,0.000203,172.31.40.0-255,66,24956,73,262112
37509,0.000208,74.125.200.0-255,2902,27858,73,262112
37510,0.00021,172.31.40.0-255,66,27924,73,262112
37511,0.000236,74.125.200.0-255,5738,33662,73,262112
37512,0.000238,172.31.40.0-255,66,33728,73,262112
37513,0.000268,172.31.40.0-255,66,33794,73,262112
37514,0.00034,74.125.200.0-255,7156,40950,73,262112
37515,0.000343,172.31.40.0-255,66,41016,73,262112
37516,0.000362,74.125.200.0-255,3602,44618,73,262112
37517,0.000365,172.31.40.0-255,66,44684,73,262112
37518,0.000368,74.125.200.0-255,708,45392,73,262112
37519,0.00037,172.31.40.0-255,66,45458,73,262112
37520,0.000567,74.125.200.0-255,1484,46942,73,262112
37521,0.000573,172.31.40.0-255,66,47008,73,262112
37522,0.000579,74.125.200.0-255,2902,49910,73,262112
37523,0.000582,172.31.40.0-255,66,49976,73,262112
37524,0.000588,74.125.200.0-255,5738,55714,73,262112
37525,0.000591,172.31.40.0-255,66,55780,73,262112
37526,0.000631,172.31.40.0-255,66,55846,73,262112
37527,0.000634,74.125.200.0-255,1484,57330,73,262112
37528,0.000659,172.31.40.0-255,66,57396,73,262112
37529,0.000664,74.125.200.0-255,2184,59580,73,262112
37530,0.000667,172.31.40.0-255,66,59646,73,262112
37531,0.000847,74.125.200.0-255,1484,61130,73,262112
37532,0.000855,74.125.200.0-255,2902,64032,73,262112
37533,0.00086,172.31.40.0-255,66,64098,73,262112
37534,0.000863,74.125.200.0-255,1484,65582,73,262112
37535,0.000881,74.125.200.0-255,4320,69902,73,262112
37536,0.000884,172.31.40.0-255,66,69968,73,262112
37537,0.000906,74.125.200.0-255,1484,71452,73,262112
37538,0.000925,172.31.40.0-255,66,71518,73,262112
37539,0.000942,74.125.200.0-255,2902,74420,73,262112
37540,0.000945,172.31.40.0-255,66,74486,73,262112
37541,0.000951,74.125.200.0-255,5738,80224,73,262112
37542,0.000953,172.31.40.0-255,66,80290,73,262112
37543,0.000978,74.125.200.0-255,3602,83892,73,262112
37544,0.000985,172.31.40.0-255,66,83958,73,262112
37545,0.001028,74.125.200.0-255,1484,85442,73,262112
37546,0.001033,74.125.200.0-255,1484,86926,73,262112
37547,0.001037,172.31.40.0-255,66,86992,73,262112
37548,0.001057,74.125.200.0-255,1484,88476,73,262112
37549,0.001065,74.125.200.0-255,5738,94214,73,262112
37550,0.001068,172.31.40.0-255,66,94280,73,262112
37551,0.001074,74.125.200.0-255,4320,98600,73,262112
37552,0.001076,172.31.40.0-255,66,98666,73,262112
37553,0.001096,74.125.200.0-255,4320,102986,73,262112
37554,0.001099,172.31.40.0-255,66,103052,73,262112
37555,0.001111,172.31.40.0-255,66,103118,73,262112
37556,0.001139,74.125.200.0-255,5020,108138,73,262112
37557,0.001144,172.31.40.0-255,66,108204,73,262112
37558,0.001168,74.125.200.0-255,5738,113942,73,262112
37559,0.001172,172.31.40.0-255,66,114008,73,262112
37560,0.001179,74.125.200.0-255,7156,121164,73,262112
37561,0.001181,172.31.40.0-255,66,121230,73,262112
37562,0.001215,172.31.40.0-255,66,121296,73,262112
37563,0.001247,172.31.40.0-255,66,121362,73,262112
37564,0.001329,74.125.200.0-255,1484,122846,73,262112
37565,0.001352,74.125.200.0-255,2902,125748,73,262112
37566,0.001356,172.31.40.0-255,66,125814,73,262112
37567,0.001363,74.125.200.0-255,5738,131552,73,262112
37568,0.001367,172.31.40.0-255,66,131618,73,262112
37569,0.001399,74.125.200.0-255,7156,138774,73,262112
37570,0.001404,172.31.40.0-255,66,138840,73,262112
37571,0.001414,172.31.40.0-255,66,138906,73,262112
37572,0.001438,172.31.40.0-255,66,138972,73,262112
37573,0.001501,74.125.200.0-255,1484,140456,73,262112
37574,0.001506,74.125.200.0-255,2902,143358,73,262112
37575,0.001509,172.31.40.0-255,66,143424,73,262112
37576,0.001533,74.125.200.0-255,5738,149162,73,262112
37577,0.001536,172.31.40.0-255,66,149228,73,262112
37578,0.001541,74.125.200.0-255,2902,152130,73,262112
37579,0.001543,172.31.40.0-255,66,152196,73,262112
37580,0.001606,172.31.40.0-255,66,152262,73,262112
37581,0.001618,172.31.40.0-255,66,152328,73,262112
37582,0.00175,74.125.200.0-255,1484,153812,73,262112
37583,0.001757,74.125.200.0-255,2902,156714,73,262112
37584,0.00176,172.31.40.0-255,66,156780,73,262112
37585,0.001765,74.125.200.0-255,2902,159682,73,262112
37586,0.001767,172.31.40.0-255,66,159748,73,262112
37587,0.001781,74.125.200.0-255,2902,162650,73,262112
37588,0.001783,172.31.40.0-255,66,162716,73,262112
37589,0.001786,74.125.200.0-255,1484,164200,73,262112
37590,0.001811,74.125.200.0-255,7156,171356,73,262112
37591,0.001814,172.31.40.0-255,66,171422,73,262112
37592,0.001843,172.31.40.0-255,66,171488,73,262112
37593,0.001849,74.125.200.0-255,4320,175808,73,262112
37594,0.001851,172.31.40.0-255,66,175874,73,262112
37595,0.001899,74.125.200.0-255,2902,178776,73,262112
37596,0.001903,172.31.40.0-255,66,178842,73,262112
37597,0.001933,172.31.40.0-255,66,178908,73,262112
37598,0.001956,172.31.40.0-255,66,178974,73,262112
37599,0.001962,74.125.200.0-255,4320,183294,73,262112
37600,0.001965,172.31.40.0-255,66,183360,73,262112
37601,0.00201,74.125.200.0-255,5020,188380,73,262112
37602,0.002014,172.31.40.0-255,66,188446,73,262112
37603,0.002036,74.125.200.0-255,5738,194184,73,262112
37604,0.00204,172.31.40.0-255,66,194250,73,262112
37605,0.00205,74.125.200.0-255,2902,197152,73,262112
37606,0.002052,172.31.40.0-255,66,197218,73,262112
37607,0.002085,172.31.40.0-255,66,197284,73,262112
37608,0.00209,74.125.200.0-255,2902,200186,73,262112
37609,0.002092,172.31.40.0-255,66,200252,73,262112
37610,0.004135,74.125.200.0-255,5738,205990,73,262112
37611,0.004141,172.31.40.0-255,66,206056,73,262112
37612,0.006208,74.125.200.0-255,5738,211794,73,262112
37613,0.006224,172.31.40.0-255,66,211860,73,262112
37614,0.008297,74.125.200.0-255,5738,217598,73,262112
37615,0.008312,172.31.40.0-255,66,217664,73,262112
37616,0.010351,74.125.200.0-255,5738,223402,73,262112
37617,0.010366,172.31.40.0-255,66,223468,73,262112
37618,0.012432,74.125.200.0-255,5738,229206,73,262112
37619,0.012447,172.31.40.0-255,66,229272,73,262112
37620,0.01449,74.125.200.0-255,5738,235010,73,262112
37621,0.014498,172.31.40.0-255,66,235076,73,262112
37622,0.01654,74.125.200.0-255,5738,240814,73,262112
37623,0.016545,172.31.40.0-255,66,240880,73,262112
37624,0.018589,74.125.200.0-255,5738,246618,73,262112
37625,0.018595,172.31.40.0-255,66,246684,73,262112
37626,0.020645,74.125.200.0-255,5738,252422,73,262112
37627,0.020664,172.31.40.0-255,66,252488,73,262112
37628,0.022719,74.125.200.0-255,5738,258226,73,262112
37629,0.022733,172.31.40.0-255,66,258292,73,262112
37630,0.024782,74.125.200.0-255,3583,261875,73,262112
37631,0.024793,172.31.40.0-255,66,261941,73,262112
37632,0.025013,172.31.40.0-255,105,262046,73,262112
37633,0.027018,74.125.200.0-255,66,262112,73,262112
37634,0.0,172.217.194.0-255,143,143,73,262149
37635,2.2e-05,172.31.40.0-255,66,209,73,262149
37636,2.9e-05,172.217.194.0-255,1484,1693,73,262149
37637,3.4e-05,172.31.40.0-255,66,1759,73,262149
37638,4e-05,172.217.194.0-255,2902,4661,73,262149
37639,4.5e-05,172.31.40.0-255,66,4727,73,262149
37640,6.8e-05,172.217.194.0-255,2902,7629,73,262149
37641,7.2e-05,172.31.40.0-255,66,7695,73,262149
37642,9e-05,172.217.194.0-255,4320,12015,73,262149
37643,9.3e-05,172.31.40.0-255,66,12081,73,262149
37644,0.000118,172.217.194.0-255,2021,14102,73,262149
37645,0.00012,172.31.40.0-255,66,14168,73,262149
37646,0.000157,172.217.194.0-255,1484,15652,73,262149
37647,0.000159,172.31.40.0-255,66,15718,73,262149
37648,0.000164,172.217.194.0-255,2902,18620,73,262149
37649,0.000166,172.31.40.0-255,66,18686,73,262149
37650,0.000169,172.217.194.0-255,1484,20170,73,262149
37651,0.000171,172.31.40.0-255,66,20236,73,262149
37652,0.000189,172.217.194.0-255,4320,24556,73,262149
37653,0.000191,172.31.40.0-255,66,24622,73,262149
37654,0.000216,172.217.194.0-255,2902,27524,73,262149
37655,0.000218,172.31.40.0-255,66,27590,73,262149
37656,0.000238,172.217.194.0-255,3961,31551,73,262149
37657,0.000241,172.31.40.0-255,66,31617,73,262149
37658,0.000248,172.217.194.0-255,7156,38773,73,262149
37659,0.00025,172.31.40.0-255,66,38839,73,262149
37660,0.000292,172.31.40.0-255,66,38905,73,262149
37661,0.000355,172.217.194.0-255,1484,40389,73,262149
37662,0.000358,172.31.40.0-255,66,40455,73,262149
37663,0.000363,172.217.194.0-255,2902,43357,73,262149
37664,0.000365,172.31.40.0-255,66,43423,73,262149
37665,0.000369,172.217.194.0-255,1484,44907,73,262149
37666,0.000387,172.217.194.0-255,4320,49227,73,262149
37667,0.00039,172.31.40.0-255,66,49293,73,262149
37668,0.000396,172.217.194.0-255,5738,55031,73,262149
37669,0.000398,172.31.40.0-255,66,55097,73,262149
37670,0.000415,172.217.194.0-255,1125,56222,73,262149
37671,0.000441,172.217.194.0-255,676,56898,73,262149
37672,0.000443,172.31.40.0-255,66,56964,73,262149
37673,0.000605,172.217.194.0-255,1484,58448,73,262149
37674,0.000612,172.217.194.0-255,2902,61350,73,262149
37675,0.000615,172.31.40.0-255,66,61416,73,262149
37676,0.000619,172.217.194.0-255,1484,62900,73,262149
37677,0.00064,172.217.194.0-255,4320,67220,73,262149
37678,0.000643,172.31.40.0-255,66,67286,73,262149
37679,0.000664,172.217.194.0-255,5738,73024,73,262149
37680,0.000667,172.31.40.0-255,66,73090,73,262149
37681,0.000692,172.217.194.0-255,7156,80246,73,262149
37682,0.000695,172.31.40.0-255,66,80312,73,262149
37683,0.000702,172.217.194.0-255,5738,86050,73,262149
37684,0.000704,172.31.40.0-255,66,86116,73,262149
37685,0.000732,172.217.194.0-255,4472,90588,73,262149
37686,0.000735,172.31.40.0-255,66,90654,73,262149
37687,0.000832,172.217.194.0-255,1484,92138,73,262149
37688,0.000839,172.217.194.0-255,2902,95040,73,262149
37689,0.000842,172.31.40.0-255,66,95106,73,262149
37690,0.000869,172.217.194.0-255,5738,100844,73,262149
37691,0.000872,172.31.40.0-255,66,100910,73,262149
37692,0.000878,172.217.194.0-255,5738,106648,73,262149
37693,0.000881,172.31.40.0-255,66,106714,73,262149
37694,0.000901,172.217.194.0-255,7156,113870,73,262149
37695,0.000903,172.31.40.0-255,66,113936,73,262149
37696,0.000909,172.217.194.0-255,5738,119674,73,262149
37697,0.000912,172.31.40.0-255,66,119740,73,262149
37698,0.000937,172.217.194.0-255,5020,124760,73,262149
37699,0.00094,172.31.40.0-255,66,124826,73,262149
37700,0.001033,172.217.194.0-255,1484,126310,73,262149
37701,0.001051,172.217.194.0-255,2902,129212,73,262149
37702,0.001055,172.31.40.0-255,66,129278,73,262149
37703,0.001061,172.217.194.0-255,4320,133598,73,262149
37704,0.001064,172.31.40.0-255,66,133664,73,262149
37705,0.00108,172.217.194.0-255,1484,135148,73,262149
37706,0.001088,172.217.194.0-255,7156,142304,73,262149
37707,0.00109,172.31.40.0-255,66,142370,73,262149
37708,0.001117,172.31.40.0-255,66,142436,73,262149
37709,0.001143,172.217.194.0-255,4320,146756,73,262149
37710,0.001146,172.31.40.0-255,66,146822,73,262149
37711,0.00115,172.217.194.0-255,2184,149006,73,262149
37712,0.001153,172.31.40.0-255,66,149072,73,262149
37713,0.001197,172.217.194.0-255,2902,151974,73,262149
37714,0.001201,172.31.40.0-255,66,152040,73,262149
37715,0.001206,172.217.194.0-255,4320,156360,73,262149
37716,0.001209,172.31.40.0-255,66,156426,73,262149
37717,0.001222,172.217.194.0-255,2902,159328,73,262149
37718,0.001224,172.31.40.0-255,66,159394,73,262149
37719,0.001245,172.217.194.0-255,5738,165132,73,262149
37720,0.001249,172.31.40.0-255,66,165198,73,262149
37721,0.001252,172.217.194.0-255,1484,166682,73,262149
37722,0.001288,172.31.40.0-255,66,166748,73,262149
37723,0.001293,172.217.194.0-255,4320,171068,73,262149
37724,0.001295,172.31.40.0-255,66,171134,73,262149
37725,0.0013,172.217.194.0-255,5738,176872,73,262149
37726,0.001304,172.31.40.0-255,66,176938,73,262149
37727,0.001352,172.31.40.0-255,66,177004,73,262149
37728,0.001369,172.217.194.0-255,2902,179906,73,262149
37729,0.001372,172.31.40.0-255,66,179972,73,262149
37730,0.001384,172.31.40.0-255,66,180038,73,262149
37731,0.001471,172.217.194.0-255,1484,181522,73,262149
37732,0.001477,172.217.194.0-255,2902,184424,73,262149
37733,0.00148,172.31.40.0-255,66,184490,73,262149
37734,0.001509,172.217.194.0-255,5738,190228,73,262149
37735,0.001513,172.31.40.0-255,66,190294,73,262149
37736,0.001551,172.31.40.0-255,66,190360,73,262149
37737,0.001567,172.217.194.0-255,1484,191844,73,262149
37738,0.00157,172.217.194.0-255,1484,193328,73,262149
37739,0.001572,172.31.40.0-255,66,193394,73,262149
37740,0.001607,172.31.40.0-255,66,193460,73,262149
37741,0.00162,172.217.194.0-255,1484,194944,73,262149
37742,0.001646,172.31.40.0-255,66,195010,73,262149
37743,0.001691,172.31.40.0-255,66,195076,73,262149
37744,0.001702,172.31.40.0-255,66,195142,73,262149
37745,0.001704,172.217.194.0-255,1484,196626,73,262149
37746,0.001738,172.31.40.0-255,66,196692,73,262149
37747,0.001741,172.217.194.0-255,1484,198176,73,262149
37748,0.001773,172.31.40.0-255,66,198242,73,262149
37749,0.001788,172.217.194.0-255,2902,201144,73,262149
37750,0.00179,172.31.40.0-255,66,201210,73,262149
37751,0.001795,172.217.194.0-255,4320,205530,73,262149
37752,0.001797,172.31.40.0-255,66,205596,73,262149
37753,0.001818,172.217.194.0-255,2184,207780,73,262149
37754,0.00182,172.31.40.0-255,66,207846,73,262149
37755,0.001828,172.217.194.0-255,7156,215002,73,262149
37756,0.00183,172.31.40.0-255,66,215068,73,262149
37757,0.001836,172.217.194.0-255,5738,220806,73,262149
37758,0.001839,172.31.40.0-255,66,220872,73,262149
37759,0.00186,172.217.194.0-255,2902,223774,73,262149
37760,0.001862,172.31.40.0-255,66,223840,73,262149
37761,0.00187,172.217.194.0-255,7156,230996,73,262149
37762,0.001872,172.31.40.0-255,66,231062,73,262149
37763,0.001903,172.31.40.0-255,66,231128,73,262149
37764,0.001905,172.217.194.0-255,766,231894,73,262149
37765,0.001941,172.217.194.0-255,5738,237632,73,262149
37766,0.001944,172.31.40.0-255,66,237698,73,262149
37767,0.001965,172.217.194.0-255,5738,243436,73,262149
37768,0.001967,172.31.40.0-255,66,243502,73,262149
37769,0.001978,172.31.40.0-255,66,243568,73,262149
37770,0.002001,172.217.194.0-255,2902,246470,73,262149
37771,0.002003,172.31.40.0-255,66,246536,73,262149
37772,0.002014,172.31.40.0-255,66,246602,73,262149
37773,0.002069,172.31.40.0-255,66,246668,73,262149
37774,0.002075,172.217.194.0-255,4976,251644,73,262149
37775,0.002077,172.31.40.0-255,66,251710,73,262149
37776,0.002079,172.217.194.0-255,97,251807,73,262149
37777,0.002114,172.217.194.0-255,105,251912,73,262149
37778,0.002129,172.217.194.0-255,129,252041,73,262149
37779,0.011913,172.31.40.0-255,101,252142,73,262149
37780,0.012409,172.31.40.0-255,105,252247,73,262149
37781,0.012445,172.31.40.0-255,105,252352,73,262149
37782,0.012693,172.31.40.0-255,90,252442,73,262149
37783,0.012705,172.217.194.0-255,129,252571,73,262149
37784,0.012716,172.31.40.0-255,78,252649,73,262149
37785,0.012737,172.31.40.0-255,66,252715,73,262149
37786,0.014482,172.217.194.0-255,66,252781,73,262149
37787,0.014955,172.217.194.0-255,66,252847,73,262149
37788,0.015003,172.217.194.0-255,66,252913,73,262149
37789,0.015261,172.217.194.0-255,66,252979,73,262149
37790,0.015286,172.217.194.0-255,66,253045,73,262149
37791,0.015292,172.31.40.0-255,66,253111,73,262149
37792,0.03218,172.31.40.0-255,172,253283,73,262149
37793,0.032211,172.31.40.0-255,1114,254397,73,262149
37794,0.032276,172.31.40.0-255,1514,255911,73,262149
37795,0.032277,172.31.40.0-255,1514,257425,73,262149
37796,0.032284,172.31.40.0-255,1514,258939,73,262149
37797,0.032286,172.31.40.0-255,1514,260453,73,262149
37798,0.032304,172.31.40.0-255,1498,261951,73,262149
37799,0.033727,104.244.42.0-255,66,262017,73,262149
37800,0.033736,104.244.42.0-255,66,262083,73,262149
37801,0.033828,104.244.42.0-255,66,262149,73,262149
37802,0.0,74.125.24.0-255,150,150,73,165512
37803,1.4e-05,172.31.40.0-255,66,216,73,165512
37804,2.2e-05,74.125.24.0-255,1484,1700,73,165512
37805,2.7e-05,172.31.40.0-255,66,1766,73,165512
37806,3.2e-05,74.125.24.0-255,2902,4668,73,165512
37807,4.3e-05,172.31.40.0-255,66,4734,73,165512
37808,5.1e-05,74.125.24.0-255,7156,11890,73,165512
37809,5.5e-05,172.31.40.0-255,66,11956,73,165512
37810,5.9e-05,74.125.24.0-255,1951,13907,73,165512
37811,6.3e-05,172.31.40.0-255,66,13973,73,165512
37812,9.8e-05,74.125.24.0-255,2902,16875,73,165512
37813,0.000101,172.31.40.0-255,66,16941,73,165512
37814,0.000109,74.125.24.0-255,7156,24097,73,165512
37815,0.000112,172.31.40.0-255,66,24163,73,165512
37816,0.000119,74.125.24.0-255,6797,30960,73,165512
37817,0.000121,172.31.40.0-255,66,31026,73,165512
37818,0.000209,74.125.24.0-255,1484,32510,73,165512
37819,0.000212,172.31.40.0-255,66,32576,73,165512
37820,0.000218,74.125.24.0-255,2902,35478,73,165512
37821,0.00022,172.31.40.0-255,66,35544,73,165512
37822,0.000224,74.125.24.0-255,2902,38446,73,165512
37823,0.000226,172.31.40.0-255,66,38512,73,165512
37824,0.000256,74.125.24.0-255,2902,41414,73,165512
37825,0.000258,172.31.40.0-255,66,41480,73,165512
37826,0.000273,172.31.40.0-255,66,41546,73,165512
37827,0.000277,74.125.24.0-255,1484,43030,73,165512
37828,0.000278,172.31.40.0-255,66,43096,73,165512
37829,0.000314,172.31.40.0-255,66,43162,73,165512
37830,0.000346,74.125.24.0-255,112,43274,73,165512
37831,0.000349,172.31.40.0-255,66,43340,73,165512
37832,0.000376,74.125.24.0-255,331,43671,73,165512
37833,0.001017,74.125.24.0-255,1484,45155,73,165512
37834,0.001022,172.31.40.0-255,66,45221,73,165512
37835,0.001028,74.125.24.0-255,2902,48123,73,165512
37836,0.00103,172.31.40.0-255,66,48189,73,165512
37837,0.001033,74.125.24.0-255,1484,49673,73,165512
37838,0.001058,74.125.24.0-255,4320,53993,73,165512
37839,0.00106,172.31.40.0-255,66,54059,73,165512
37840,0.001096,74.125.24.0-255,1484,55543,73,165512
37841,0.001128,172.31.40.0-255,66,55609,73,165512
37842,0.001135,74.125.24.0-255,5738,61347,73,165512
37843,0.001137,172.31.40.0-255,66,61413,73,165512
37844,0.001143,74.125.24.0-255,5020,66433,73,165512
37845,0.001145,172.31.40.0-255,66,66499,73,165512
37846,0.002213,74.125.24.0-255,1484,67983,73,165512
37847,0.002223,74.125.24.0-255,2902,70885,73,165512
37848,0.002227,172.31.40.0-255,66,70951,73,165512
37849,0.002232,74.125.24.0-255,1484,72435,73,165512
37850,0.002257,74.125.24.0-255,2902,75337,73,165512
37851,0.002259,172.31.40.0-255,66,75403,73,165512
37852,0.00227,172.31.40.0-255,66,75469,73,165512
37853,0.002281,172.31.40.0-255,66,75535,73,165512
37854,0.002315,74.125.24.0-255,1484,77019,73,165512
37855,0.002322,74.125.24.0-255,6438,83457,73,165512
37856,0.002325,172.31.40.0-255,66,83523,73,165512
37857,0.002483,74.125.24.0-255,1484,85007,73,165512
37858,0.002499,74.125.24.0-255,2902,87909,73,165512
37859,0.002502,172.31.40.0-255,66,87975,73,165512
37860,0.002505,74.125.24.0-255,1484,89459,73,165512
37861,0.002531,74.125.24.0-255,4320,93779,73,165512
37862,0.002533,172.31.40.0-255,66,93845,73,165512
37863,0.002546,172.31.40.0-255,66,93911,73,165512
37864,0.002554,74.125.24.0-255,7156,101067,73,165512
37865,0.002561,172.31.40.0-255,66,101133,73,165512
37866,0.002565,74.125.24.0-255,2902,104035,73,165512
37867,0.002567,172.31.40.0-255,66,104101,73,165512
37868,0.002569,74.125.24.0-255,766,104867,73,165512
37869,0.002601,172.31.40.0-255,66,104933,73,165512
37870,0.002635,172.31.40.0-255,66,104999,73,165512
37871,0.002639,74.125.24.0-255,2902,107901,73,165512
37872,0.002641,172.31.40.0-255,66,107967,73,165512
37873,0.002656,172.31.40.0-255,66,108033,73,165512
37874,0.002681,74.125.24.0-255,1484,109517,73,165512
37875,0.002684,74.125.24.0-255,1484,111001,73,165512
37876,0.002687,172.31.40.0-255,66,111067,73,165512
37877,0.002711,74.125.24.0-255,1484,112551,73,165512
37878,0.002717,74.125.24.0-255,5738,118289,73,165512
37879,0.002719,172.31.40.0-255,66,118355,73,165512
37880,0.002731,172.31.40.0-255,66,118421,73,165512
37881,0.002763,74.125.24.0-255,2902,121323,73,165512
37882,0.002765,172.31.40.0-255,66,121389,73,165512
37883,0.002781,172.31.40.0-255,66,121455,73,165512
37884,0.002798,74.125.24.0-255,1484,122939,73,165512
37885,0.002802,74.125.24.0-255,2902,125841,73,165512
37886,0.002805,172.31.40.0-255,66,125907,73,165512
37887,0.002836,74.125.24.0-255,5738,131645,73,165512
37888,0.002839,172.31.40.0-255,66,131711,73,165512
37889,0.002841,74.125.24.0-255,1484,133195,73,165512
37890,0.002881,172.31.40.0-255,66,133261,73,165512
37891,0.002894,172.31.40.0-255,66,133327,73,165512
37892,0.002902,74.125.24.0-255,7156,140483,73,165512
37893,0.002904,172.31.40.0-255,66,140549,73,165512
37894,0.002945,74.125.24.0-255,4320,144869,73,165512
37895,0.002948,172.31.40.0-255,66,144935,73,165512
37896,0.002982,74.125.24.0-255,4320,149255,73,165512
37897,0.002985,172.31.40.0-255,66,149321,73,165512
37898,0.003001,172.31.40.0-255,66,149387,73,165512
37899,0.003007,74.125.24.0-255,5020,154407,73,165512
37900,0.00301,172.31.40.0-255,66,154473,73,165512
37901,0.003032,172.31.40.0-255,66,154539,73,165512
37902,0.003038,74.125.24.0-255,5020,159559,73,165512
37903,0.00304,172.31.40.0-255,66,159625,73,165512
37904,0.003102,172.31.40.0-255,66,159691,73,165512
37905,0.003112,172.31.40.0-255,66,159757,73,165512
37906,0.003183,172.31.40.0-255,66,159823,73,165512
37907,0.003199,172.31.40.0-255,66,159889,73,165512
37908,0.003202,74.125.24.0-255,105,159994,73,165512
37909,0.010007,172.31.40.0-255,66,160060,73,165512
37910,0.010051,172.31.40.0-255,105,160165,73,165512
37911,0.012272,74.125.24.0-255,66,160231,73,165512
37912,0.040326,172.31.40.0-255,192,160423,73,165512
37913,0.040357,172.31.40.0-255,1114,161537,73,165512
37914,0.040411,172.31.40.0-255,1514,163051,73,165512
37915,0.040412,172.31.40.0-255,1514,164565,73,165512
37916,0.040435,172.31.40.0-255,683,165248,73,165512
37917,0.04187,104.244.42.0-255,66,165314,73,165512
37918,0.0419,104.244.42.0-255,66,165380,73,165512
37919,0.041925,104.244.42.0-255,66,165446,73,165512
37920,0.041928,104.244.42.0-255,66,165512,73,165512
37921,0.0,172.217.194.0-255,218,218,73,202071
37922,1.6e-05,172.31.40.0-255,66,284,73,202071
37923,2.3e-05,172.217.194.0-255,1484,1768,73,202071
37924,2.7e-05,172.31.40.0-255,66,1834,73,202071
37925,3.4e-05,172.217.194.0-255,4320,6154,73,202071
37926,4.4e-05,172.31.40.0-255,66,6220,73,202071
37927,8.7e-05,172.31.40.0-255,66,6286,73,202071
37928,9.5e-05,172.217.194.0-255,7156,13442,73,202071
37929,9.7e-05,172.31.40.0-255,66,13508,73,202071
37930,0.000128,172.31.40.0-255,66,13574,73,202071
37931,0.000271,172.217.194.0-255,1484,15058,73,202071
37932,0.000275,172.31.40.0-255,66,15124,73,202071
37933,0.000281,172.217.194.0-255,2902,18026,73,202071
37934,0.000284,172.31.40.0-255,66,18092,73,202071
37935,0.00029,172.217.194.0-255,4320,22412,73,202071
37936,0.000297,172.31.40.0-255,66,22478,73,202071
37937,0.000324,172.217.194.0-255,1484,23962,73,202071
37938,0.000326,172.31.40.0-255,66,24028,73,202071
37939,0.000345,172.31.40.0-255,66,24094,73,202071
37940,0.000357,172.31.40.0-255,66,24160,73,202071
37941,0.000406,172.217.194.0-255,766,24926,73,202071
37942,0.000409,172.31.40.0-255,66,24992,73,202071
37943,0.000462,172.217.194.0-255,647,25639,73,202071
37944,0.000464,172.31.40.0-255,66,25705,73,202071
37945,0.000499,172.217.194.0-255,1484,27189,73,202071
37946,0.000501,172.31.40.0-255,66,27255,73,202071
37947,0.000506,172.217.194.0-255,4320,31575,73,202071
37948,0.000508,172.31.40.0-255,66,31641,73,202071
37949,0.000549,172.217.194.0-255,4320,35961,73,202071
37950,0.000552,172.31.40.0-255,66,36027,73,202071
37951,0.000555,172.217.194.0-255,1484,37511,73,202071
37952,0.000591,172.31.40.0-255,66,37577,73,202071
37953,0.000601,172.31.40.0-255,66,37643,73,202071
37954,0.00063,172.217.194.0-255,2902,40545,73,202071
37955,0.000633,172.31.40.0-255,66,40611,73,202071
37956,0.000653,172.217.194.0-255,766,41377,73,202071
37957,0.001092,172.217.194.0-255,1484,42861,73,202071
37958,0.001096,172.31.40.0-255,66,42927,73,202071
37959,0.001102,172.217.194.0-255,2902,45829,73,202071
37960,0.001104,172.31.40.0-255,66,45895,73,202071
37961,0.001138,172.217.194.0-255,5738,51633,73,202071
37962,0.001141,172.31.40.0-255,66,51699,73,202071
37963,0.001146,172.217.194.0-255,4320,56019,73,202071
37964,0.001147,172.31.40.0-255,66,56085,73,202071
37965,0.001174,172.217.194.0-255,7156,63241,73,202071
37966,0.001176,172.31.40.0-255,66,63307,73,202071
37967,0.001196,172.217.194.0-255,4320,67627,73,202071
37968,0.001202,172.31.40.0-255,66,67693,73,202071
37969,0.001212,172.31.40.0-255,66,67759,73,202071
37970,0.001375,172.31.40.0-255,101,67860,73,202071
37971,0.001539,172.217.194.0-255,1484,69344,73,202071
37972,0.001545,172.217.194.0-255,2902,72246,73,202071
37973,0.001548,172.31.40.0-255,66,72312,73,202071
37974,0.001551,172.217.194.0-255,1484,73796,73,202071
37975,0.001577,172.217.194.0-255,4320,78116,73,202071
37976,0.001579,172.31.40.0-255,66,78182,73,202071
37977,0.001591,172.31.40.0-255,66,78248,73,202071
37978,0.001629,172.31.40.0-255,66,78314,73,202071
37979,0.001656,172.217.194.0-255,2184,80498,73,202071
37980,0.001658,172.31.40.0-255,66,80564,73,202071
37981,0.002428,172.217.194.0-255,1484,82048,73,202071
37982,0.002438,172.217.194.0-255,2902,84950,73,202071
37983,0.002442,172.31.40.0-255,66,85016,73,202071
37984,0.002446,172.217.194.0-255,1484,86500,73,202071
37985,0.002473,172.217.194.0-255,4320,90820,73,202071
37986,0.002475,172.31.40.0-255,66,90886,73,202071
37987,0.002504,172.31.40.0-255,66,90952,73,202071
37988,0.002564,172.31.40.0-255,66,91018,73,202071
37989,0.002575,172.31.40.0-255,66,91084,73,202071
37990,0.00391,172.217.194.0-255,66,91150,73,202071
37991,0.005118,172.217.194.0-255,5738,96888,73,202071
37992,0.005125,172.31.40.0-255,66,96954,73,202071
37993,0.007675,172.217.194.0-255,5738,102692,73,202071
37994,0.007682,172.31.40.0-255,66,102758,73,202071
37995,0.010247,172.217.194.0-255,5738,108496,73,202071
37996,0.010254,172.31.40.0-255,66,108562,73,202071
37997,0.012797,172.217.194.0-255,5738,114300,73,202071
37998,0.012805,172.31.40.0-255,66,114366,73,202071
37999,0.015358,172.217.194.0-255,5738,120104,73,202071
38000,0.015365,172.31.40.0-255,66,120170,73,202071
38001,0.017935,172.217.194.0-255,5738,125908,73,202071
38002,0.017944,172.31.40.0-255,66,125974,73,202071
38003,0.020492,172.217.194.0-255,5738,131712,73,202071
38004,0.0205,172.31.40.0-255,66,131778,73,202071
38005,0.023071,172.217.194.0-255,5738,137516,73,202071
38006,0.023078,172.31.40.0-255,66,137582,73,202071
38007,0.025648,172.217.194.0-255,5738,143320,73,202071
38008,0.025666,172.31.40.0-255,66,143386,73,202071
38009,0.028232,172.217.194.0-255,5738,149124,73,202071
38010,0.028249,172.31.40.0-255,66,149190,73,202071
38011,0.030803,172.217.194.0-255,5738,154928,73,202071
38012,0.030819,172.31.40.0-255,66,154994,73,202071
38013,0.033397,172.217.194.0-255,5738,160732,73,202071
38014,0.033415,172.31.40.0-255,66,160798,73,202071
38015,0.035962,172.217.194.0-255,5738,166536,73,202071
38016,0.035968,172.31.40.0-255,66,166602,73,202071
38017,0.038535,172.217.194.0-255,5738,172340,73,202071
38018,0.038553,172.31.40.0-255,66,172406,73,202071
38019,0.041108,172.217.194.0-255,5738,178144,73,202071
38020,0.04112,172.31.40.0-255,66,178210,73,202071
38021,0.043702,172.217.194.0-255,5738,183948,73,202071
38022,0.043711,172.31.40.0-255,66,184014,73,202071
38023,0.043813,172.31.40.0-255,172,184186,73,202071
38024,0.043841,172.31.40.0-255,1115,185301,73,202071
38025,0.043967,172.31.40.0-255,1514,186815,73,202071
38026,0.043969,172.31.40.0-255,1514,188329,73,202071
38027,0.04397,172.31.40.0-255,1514,189843,73,202071
38028,0.043971,172.31.40.0-255,356,190199,73,202071
38029,0.045342,104.244.42.0-255,66,190265,73,202071
38030,0.045391,104.244.42.0-255,66,190331,73,202071
38031,0.045539,104.244.42.0-255,66,190397,73,202071
38032,0.045543,104.244.42.0-255,66,190463,73,202071
38033,0.046255,172.217.194.0-255,5738,196201,73,202071
38034,0.046265,172.31.40.0-255,66,196267,73,202071
38035,0.048862,172.217.194.0-255,5738,202005,73,202071
38036,0.048882,172.31.40.0-255,66,202071,73,202071
38037,0.0,172.217.27.0-255,152,152,73,280397
38038,1.6e-05,172.31.40.0-255,66,218,73,280397
38039,2.2e-05,172.217.27.0-255,1484,1702,73,280397
38040,2.6e-05,172.31.40.0-255,66,1768,73,280397
38041,3.2e-05,172.217.27.0-255,2902,4670,73,280397
38042,3.6e-05,172.31.40.0-255,66,4736,73,280397
38043,4.2e-05,172.217.27.0-255,4320,9056,73,280397
38044,4.5e-05,172.31.40.0-255,66,9122,73,280397
38045,5.1e-05,172.217.27.0-255,4878,14000,73,280397
38046,5.4e-05,172.31.40.0-255,66,14066,73,280397
38047,0.000103,172.31.40.0-255,66,14132,73,280397
38048,0.000109,172.217.27.0-255,5379,19511,73,280397
38049,0.000111,172.31.40.0-255,66,19577,73,280397
38050,0.000449,172.217.27.0-255,1484,21061,73,280397
38051,0.000455,172.31.40.0-255,66,21127,73,280397
38052,0.000462,172.217.27.0-255,2902,24029,73,280397
38053,0.000465,172.31.40.0-255,66,24095,73,280397
38054,0.000471,172.217.27.0-255,5738,29833,73,280397
38055,0.000474,172.31.40.0-255,66,29899,73,280397
38056,0.000506,172.31.40.0-255,66,29965,73,280397
38057,0.000516,172.31.40.0-255,66,30031,73,280397
38058,0.000547,172.217.27.0-255,7058,37089,73,280397
38059,0.000551,172.31.40.0-255,66,37155,73,280397
38060,0.000889,172.217.27.0-255,143,37298,73,280397
38061,0.000894,172.31.40.0-255,66,37364,73,280397
38062,0.001013,172.217.27.0-255,1484,38848,73,280397
38063,0.001017,172.31.40.0-255,66,38914,73,280397
38064,0.001023,172.217.27.0-255,2902,41816,73,280397
38065,0.001025,172.31.40.0-255,66,41882,73,280397
38066,0.001057,172.217.27.0-255,5738,47620,73,280397
38067,0.001059,172.31.40.0-255,66,47686,73,280397
38068,0.001066,172.217.27.0-255,5738,53424,73,280397
38069,0.001068,172.31.40.0-255,66,53490,73,280397
38070,0.001075,172.217.27.0-255,6797,60287,73,280397
38071,0.001077,172.31.40.0-255,66,60353,73,280397
38072,0.001109,172.217.27.0-255,4320,64673,73,280397
38073,0.001111,172.31.40.0-255,66,64739,73,280397
38074,0.001128,172.217.27.0-255,6797,71536,73,280397
38075,0.00113,172.31.40.0-255,66,71602,73,280397
38076,0.001293,172.31.40.0-255,101,71703,73,280397
38077,0.001381,172.217.27.0-255,1484,73187,73,280397
38078,0.001388,172.217.27.0-255,2902,76089,73,280397
38079,0.001392,172.31.40.0-255,66,76155,73,280397
38080,0.001398,172.217.27.0-255,4320,80475,73,280397
38081,0.0014,172.31.40.0-255,66,80541,73,280397
38082,0.001406,172.217.27.0-255,4320,84861,73,280397
38083,0.001408,172.31.40.0-255,66,84927,73,280397
38084,0.001426,172.217.27.0-255,1484,86411,73,280397
38085,0.001464,172.31.40.0-255,66,86477,73,280397
38086,0.001484,172.217.27.0-255,1484,87961,73,280397
38087,0.001494,172.31.40.0-255,66,88027,73,280397
38088,0.001576,172.217.27.0-255,1484,89511,73,280397
38089,0.001581,172.217.27.0-255,2902,92413,73,280397
38090,0.001584,172.31.40.0-255,66,92479,73,280397
38091,0.001608,172.217.27.0-255,5738,98217,73,280397
38092,0.001612,172.31.40.0-255,66,98283,73,280397
38093,0.001619,172.217.27.0-255,7156,105439,73,280397
38094,0.001622,172.31.40.0-255,66,105505,73,280397
38095,0.001667,172.31.40.0-255,66,105571,73,280397
38096,0.002888,172.217.27.0-255,66,105637,73,280397
38097,0.003276,172.217.27.0-255,5738,111375,73,280397
38098,0.00328,172.31.40.0-255,66,111441,73,280397
38099,0.004897,172.217.27.0-255,5738,117179,73,280397
38100,0.0049,172.31.40.0-255,66,117245,73,280397
38101,0.006511,172.217.27.0-255,5738,122983,73,280397
38102,0.006514,172.31.40.0-255,66,123049,73,280397
38103,0.008142,172.217.27.0-255,5738,128787,73,280397
38104,0.008149,172.31.40.0-255,66,128853,73,280397
38105,0.009764,172.217.27.0-255,5738,134591,73,280397
38106,0.009771,172.31.40.0-255,66,134657,73,280397
38107,0.011396,172.217.27.0-255,5738,140395,73,280397
38108,0.011402,172.31.40.0-255,66,140461,73,280397
38109,0.013045,172.217.27.0-255,5738,146199,73,280397
38110,0.013051,172.31.40.0-255,66,146265,73,280397
38111,0.014672,172.217.27.0-255,5738,152003,73,280397
38112,0.014678,172.31.40.0-255,66,152069,73,280397
38113,0.016293,172.217.27.0-255,5738,157807,73,280397
38114,0.0163,172.31.40.0-255,66,157873,73,280397
38115,0.017925,172.217.27.0-255,5738,163611,73,280397
38116,0.017933,172.31.40.0-255,66,163677,73,280397
38117,0.019549,172.217.27.0-255,5738,169415,73,280397
38118,0.019557,172.31.40.0-255,66,169481,73,280397
38119,0.021175,172.217.27.0-255,5738,175219,73,280397
38120,0.021183,172.31.40.0-255,66,175285,73,280397
38121,0.022803,172.217.27.0-255,5738,181023,73,280397
38122,0.022809,172.31.40.0-255,66,181089,73,280397
38123,0.024424,172.217.27.0-255,5738,186827,73,280397
38124,0.024431,172.31.40.0-255,66,186893,73,280397
38125,0.026048,172.217.27.0-255,5738,192631,73,280397
38126,0.026055,172.31.40.0-255,66,192697,73,280397
38127,0.027271,172.31.40.0-255,190,192887,73,280397
38128,0.027299,172.31.40.0-255,1114,194001,73,280397
38129,0.027358,172.31.40.0-255,1514,195515,73,280397
38130,0.027359,172.31.40.0-255,1514,197029,73,280397
38131,0.027363,172.31.40.0-255,1514,198543,73,280397
38132,0.027364,172.31.40.0-255,160,198703,73,280397
38133,0.027685,172.217.27.0-255,5738,204441,73,280397
38134,0.027689,172.31.40.0-255,66,204507,73,280397
38135,0.028788,104.244.42.0-255,66,204573,73,280397
38136,0.028888,104.244.42.0-255,66,204639,73,280397
38137,0.028953,104.244.42.0-255,66,204705,73,280397
38138,0.02896,104.244.42.0-255,66,204771,73,280397
38139,0.029308,172.217.27.0-255,5738,210509,73,280397
38140,0.029315,172.31.40.0-255,66,210575,73,280397
38141,0.029528,104.244.42.0-255,108,210683,73,280397
38142,0.029536,172.31.40.0-255,66,210749,73,280397
38143,0.030944,172.217.27.0-255,5738,216487,73,280397
38144,0.030951,172.31.40.0-255,66,216553,73,280397
38145,0.032576,172.217.27.0-255,5738,222291,73,280397
38146,0.032582,172.31.40.0-255,66,222357,73,280397
38147,0.034206,172.217.27.0-255,5738,228095,73,280397
38148,0.034213,172.31.40.0-255,66,228161,73,280397
38149,0.035845,172.217.27.0-255,5738,233899,73,280397
38150,0.035852,172.31.40.0-255,66,233965,73,280397
38151,0.037473,172.217.27.0-255,5738,239703,73,280397
38152,0.037479,172.31.40.0-255,66,239769,73,280397
38153,0.039106,172.217.27.0-255,5738,245507,73,280397
38154,0.039114,172.31.40.0-255,66,245573,73,280397
38155,0.040784,172.217.27.0-255,5738,251311,73,280397
38156,0.040791,172.31.40.0-255,66,251377,73,280397
38157,0.042416,172.217.27.0-255,5738,257115,73,280397
38158,0.042425,172.31.40.0-255,66,257181,73,280397
38159,0.044049,172.217.27.0-255,5738,262919,73,280397
38160,0.044055,172.31.40.0-255,66,262985,73,280397
38161,0.045677,172.217.27.0-255,5738,268723,73,280397
38162,0.045684,172.31.40.0-255,66,268789,73,280397
38163,0.047316,172.217.27.0-255,5738,274527,73,280397
38164,0.047321,172.31.40.0-255,66,274593,73,280397
38165,0.04894,172.217.27.0-255,5738,280331,73,280397
38166,0.048946,172.31.40.0-255,66,280397,73,280397
38167,0.0,74.125.24.0-255,153,153,73,248600
38168,2.3e-05,172.31.40.0-255,66,219,73,248600
38169,3e-05,74.125.24.0-255,1484,1703,73,248600
38170,3.5e-05,172.31.40.0-255,66,1769,73,248600
38171,4.1e-05,74.125.24.0-255,2902,4671,73,248600
38172,4.4e-05,172.31.40.0-255,66,4737,73,248600
38173,5.2e-05,74.125.24.0-255,7156,11893,73,248600
38174,5.4e-05,172.31.40.0-255,66,11959,73,248600
38175,6.2e-05,74.125.24.0-255,5738,17697,73,248600
38176,6.4e-05,172.31.40.0-255,66,17763,73,248600
38177,8.8e-05,74.125.24.0-255,3545,21308,73,248600
38178,9.1e-05,172.31.40.0-255,66,21374,73,248600
38179,0.000103,172.31.40.0-255,66,21440,73,248600
38180,0.000121,74.125.24.0-255,1125,22565,73,248600
38181,0.000124,172.31.40.0-255,66,22631,73,248600
38182,0.000151,74.125.24.0-255,1484,24115,73,248600
38183,0.000154,172.31.40.0-255,66,24181,73,248600
38184,0.000158,74.125.24.0-255,2902,27083,73,248600
38185,0.00016,172.31.40.0-255,66,27149,73,248600
38186,0.000172,74.125.24.0-255,1484,28633,73,248600
38187,0.000174,172.31.40.0-255,66,28699,73,248600
38188,0.00019,74.125.24.0-255,4320,33019,73,248600
38189,0.000192,172.31.40.0-255,66,33085,73,248600
38190,0.0002,74.125.24.0-255,7156,40241,73,248600
38191,0.000202,172.31.40.0-255,66,40307,73,248600
38192,0.000229,74.125.24.0-255,5738,46045,73,248600
38193,0.000232,172.31.40.0-255,66,46111,73,248600
38194,0.000239,74.125.24.0-255,7156,53267,73,248600
38195,0.000242,172.31.40.0-255,66,53333,73,248600
38196,0.000259,74.125.24.0-255,3930,57263,73,248600
38197,0.000261,172.31.40.0-255,66,57329,73,248600
38198,0.000276,74.125.24.0-255,116,57445,73,248600
38199,0.000318,74.125.24.0-255,1484,58929,73,248600
38200,0.000321,172.31.40.0-255,66,58995,73,248600
38201,0.000327,74.125.24.0-255,2902,61897,73,248600
38202,0.000329,172.31.40.0-255,66,61963,73,248600
38203,0.000359,74.125.24.0-255,7156,69119,73,248600
38204,0.000362,172.31.40.0-255,66,69185,73,248600
38205,0.000365,74.125.24.0-255,1484,70669,73,248600
38206,0.000384,74.125.24.0-255,3645,74314,73,248600
38207,0.000386,172.31.40.0-255,66,74380,73,248600
38208,0.000835,74.125.24.0-255,1484,75864,73,248600
38209,0.000842,74.125.24.0-255,2902,78766,73,248600
38210,0.000846,172.31.40.0-255,66,78832,73,248600
38211,0.000853,74.125.24.0-255,5738,84570,73,248600
38212,0.000855,172.31.40.0-255,66,84636,73,248600
38213,0.00086,74.125.24.0-255,2902,87538,73,248600
38214,0.000862,172.31.40.0-255,66,87604,73,248600
38215,0.000889,172.31.40.0-255,66,87670,73,248600
38216,0.000896,74.125.24.0-255,7156,94826,73,248600
38217,0.000899,172.31.40.0-255,66,94892,73,248600
38218,0.000923,74.125.24.0-255,1484,96376,73,248600
38219,0.000927,74.125.24.0-255,2184,98560,73,248600
38220,0.000929,172.31.40.0-255,66,98626,73,248600
38221,0.001826,74.125.24.0-255,1484,100110,73,248600
38222,0.001835,74.125.24.0-255,2902,103012,73,248600
38223,0.00184,172.31.40.0-255,66,103078,73,248600
38224,0.001845,74.125.24.0-255,1484,104562,73,248600
38225,0.001864,74.125.24.0-255,4320,108882,73,248600
38226,0.001867,172.31.40.0-255,66,108948,73,248600
38227,0.001872,74.125.24.0-255,4320,113268,73,248600
38228,0.001875,172.31.40.0-255,66,113334,73,248600
38229,0.001913,172.31.40.0-255,66,113400,73,248600
38230,0.001925,172.31.40.0-255,66,113466,73,248600
38231,0.002162,74.125.24.0-255,1484,114950,73,248600
38232,0.002167,74.125.24.0-255,1484,116434,73,248600
38233,0.002171,172.31.40.0-255,66,116500,73,248600
38234,0.00219,74.125.24.0-255,1484,117984,73,248600
38235,0.002197,74.125.24.0-255,5738,123722,73,248600
38236,0.002199,172.31.40.0-255,66,123788,73,248600
38237,0.002202,74.125.24.0-255,1484,125272,73,248600
38238,0.002225,172.31.40.0-255,66,125338,73,248600
38239,0.002244,74.125.24.0-255,2902,128240,73,248600
38240,0.002246,172.31.40.0-255,66,128306,73,248600
38241,0.002271,172.31.40.0-255,66,128372,73,248600
38242,0.004537,74.125.24.0-255,5738,134110,73,248600
38243,0.004545,172.31.40.0-255,66,134176,73,248600
38244,0.006822,74.125.24.0-255,5738,139914,73,248600
38245,0.00683,172.31.40.0-255,66,139980,73,248600
38246,0.009104,74.125.24.0-255,5738,145718,73,248600
38247,0.009111,172.31.40.0-255,66,145784,73,248600
38248,0.011368,74.125.24.0-255,5738,151522,73,248600
38249,0.011375,172.31.40.0-255,66,151588,73,248600
38250,0.013686,74.125.24.0-255,5738,157326,73,248600
38251,0.013693,172.31.40.0-255,66,157392,73,248600
38252,0.015998,74.125.24.0-255,5738,163130,73,248600
38253,0.016007,172.31.40.0-255,66,163196,73,248600
38254,0.018267,74.125.24.0-255,5738,168934,73,248600
38255,0.018274,172.31.40.0-255,66,169000,73,248600
38256,0.020524,74.125.24.0-255,5738,174738,73,248600
38257,0.020531,172.31.40.0-255,66,174804,73,248600
38258,0.022804,74.125.24.0-255,5738,180542,73,248600
38259,0.022812,172.31.40.0-255,66,180608,73,248600
38260,0.02508,74.125.24.0-255,5738,186346,73,248600
38261,0.025087,172.31.40.0-255,66,186412,73,248600
38262,0.027374,74.125.24.0-255,5738,192150,73,248600
38263,0.027381,172.31.40.0-255,66,192216,73,248600
38264,0.029632,74.125.24.0-255,4320,196536,73,248600
38265,0.029639,172.31.40.0-255,66,196602,73,248600
38266,0.029659,74.125.24.0-255,1484,198086,73,248600
38267,0.031917,74.125.24.0-255,4320,202406,73,248600
38268,0.031923,172.31.40.0-255,66,202472,73,248600
38269,0.032698,172.31.40.0-255,172,202644,73,248600
38270,0.032738,172.31.40.0-255,1110,203754,73,248600
38271,0.032801,172.31.40.0-255,1514,205268,73,248600
38272,0.032803,172.31.40.0-255,1514,206782,73,248600
38273,0.032825,172.31.40.0-255,926,207708,73,248600
38274,0.034196,74.125.24.0-255,5738,213446,73,248600
38275,0.034204,172.31.40.0-255,66,213512,73,248600
38276,0.034243,104.244.42.0-255,66,213578,73,248600
38277,0.03425,104.244.42.0-255,66,213644,73,248600
38278,0.034332,104.244.42.0-255,66,213710,73,248600
38279,0.03439,104.244.42.0-255,66,213776,73,248600
38280,0.036451,74.125.24.0-255,5738,219514,73,248600
38281,0.036458,172.31.40.0-255,66,219580,73,248600
38282,0.03874,74.125.24.0-255,5738,225318,73,248600
38283,0.038747,172.31.40.0-255,66,225384,73,248600
38284,0.041004,74.125.24.0-255,5738,231122,73,248600
38285,0.041011,172.31.40.0-255,66,231188,73,248600
38286,0.043302,74.125.24.0-255,5738,236926,73,248600
38287,0.043309,172.31.40.0-255,66,236992,73,248600
38288,0.045589,74.125.24.0-255,5738,242730,73,248600
38289,0.045597,172.31.40.0-255,66,242796,73,248600
38290,0.04785,74.125.24.0-255,5738,248534,73,248600
38291,0.047858,172.31.40.0-255,66,248600,73,248600
38292,0.0,172.217.27.0-255,295,295,73,250853
38293,2.4e-05,172.31.40.0-255,66,361,73,250853
38294,3e-05,172.217.27.0-255,1484,1845,73,250853
38295,3.4e-05,172.31.40.0-255,66,1911,73,250853
38296,4.2e-05,172.217.27.0-255,4320,6231,73,250853
38297,5.4e-05,172.31.40.0-255,66,6297,73,250853
38298,6.5e-05,172.31.40.0-255,66,6363,73,250853
38299,0.000161,172.217.27.0-255,1484,7847,73,250853
38300,0.000165,172.31.40.0-255,66,7913,73,250853
38301,0.000171,172.217.27.0-255,2902,10815,73,250853
38302,0.000173,172.31.40.0-255,66,10881,73,250853
38303,0.000214,172.217.27.0-255,2902,13783,73,250853
38304,0.000217,172.31.40.0-255,66,13849,73,250853
38305,0.000246,172.217.27.0-255,2902,16751,73,250853
38306,0.000249,172.31.40.0-255,66,16817,73,250853
38307,0.000254,172.217.27.0-255,4320,21137,73,250853
38308,0.000257,172.31.40.0-255,66,21203,73,250853
38309,0.000283,172.217.27.0-255,2543,23746,73,250853
38310,0.000286,172.31.40.0-255,66,23812,73,250853
38311,0.000422,172.217.27.0-255,1484,25296,73,250853
38312,0.000426,172.31.40.0-255,66,25362,73,250853
38313,0.000432,172.217.27.0-255,2902,28264,73,250853
38314,0.000434,172.31.40.0-255,66,28330,73,250853
38315,0.000446,172.217.27.0-255,5738,34068,73,250853
38316,0.000448,172.31.40.0-255,66,34134,73,250853
38317,0.000455,172.217.27.0-255,6797,40931,73,250853
38318,0.000457,172.31.40.0-255,66,40997,73,250853
38319,0.000509,172.31.40.0-255,66,41063,73,250853
38320,0.000534,172.217.27.0-255,2835,43898,73,250853
38321,0.000537,172.31.40.0-255,66,43964,73,250853
38322,0.001074,172.217.27.0-255,385,44349,73,250853
38323,0.001184,172.217.27.0-255,1484,45833,73,250853
38324,0.001189,172.31.40.0-255,66,45899,73,250853
38325,0.001195,172.217.27.0-255,2902,48801,73,250853
38326,0.001198,172.31.40.0-255,66,48867,73,250853
38327,0.001227,172.217.27.0-255,2902,51769,73,250853
38328,0.00123,172.31.40.0-255,66,51835,73,250853
38329,0.001236,172.217.27.0-255,4320,56155,73,250853
38330,0.001238,172.31.40.0-255,66,56221,73,250853
38331,0.001245,172.217.27.0-255,1484,57705,73,250853
38332,0.00128,172.31.40.0-255,66,57771,73,250853
38333,0.001298,172.31.40.0-255,66,57837,73,250853
38334,0.001302,172.217.27.0-255,1125,58962,73,250853
38335,0.001445,172.217.27.0-255,1484,60446,73,250853
38336,0.00145,172.31.40.0-255,66,60512,73,250853
38337,0.001456,172.217.27.0-255,2902,63414,73,250853
38338,0.001458,172.31.40.0-255,66,63480,73,250853
38339,0.001461,172.217.27.0-255,1484,64964,73,250853
38340,0.001485,172.217.27.0-255,2902,67866,73,250853
38341,0.001488,172.31.40.0-255,66,67932,73,250853
38342,0.001493,172.217.27.0-255,5738,73670,73,250853
38343,0.001497,172.217.27.0-255,2902,76572,73,250853
38344,0.001533,172.31.40.0-255,66,76638,73,250853
38345,0.00155,172.217.27.0-255,5738,82376,73,250853
38346,0.001561,172.217.27.0-255,766,83142,73,250853
38347,0.001575,172.31.40.0-255,66,83208,73,250853
38348,0.003235,172.217.27.0-255,5738,88946,73,250853
38349,0.003242,172.31.40.0-255,66,89012,73,250853
38350,0.004914,172.217.27.0-255,5738,94750,73,250853
38351,0.004922,172.31.40.0-255,66,94816,73,250853
38352,0.006591,172.217.27.0-255,5738,100554,73,250853
38353,0.006599,172.31.40.0-255,66,100620,73,250853
38354,0.008254,172.217.27.0-255,4320,104940,73,250853
38355,0.008258,172.31.40.0-255,66,105006,73,250853
38356,0.008285,172.217.27.0-255,1484,106490,73,250853
38357,0.009918,172.217.27.0-255,4320,110810,73,250853
38358,0.009925,172.31.40.0-255,66,110876,73,250853
38359,0.011585,172.217.27.0-255,5738,116614,73,250853
38360,0.011595,172.31.40.0-255,66,116680,73,250853
38361,0.013265,172.217.27.0-255,5738,122418,73,250853
38362,0.013274,172.31.40.0-255,66,122484,73,250853
38363,0.014931,172.217.27.0-255,5738,128222,73,250853
38364,0.01494,172.31.40.0-255,66,128288,73,250853
38365,0.016618,172.217.27.0-255,5738,134026,73,250853
38366,0.016631,172.31.40.0-255,66,134092,73,250853
38367,0.018318,172.217.27.0-255,5738,139830,73,250853
38368,0.01833,172.31.40.0-255,66,139896,73,250853
38369,0.019997,172.217.27.0-255,5738,145634,73,250853
38370,0.020005,172.31.40.0-255,66,145700,73,250853
38371,0.02168,172.217.27.0-255,1484,147184,73,250853
38372,0.021708,172.217.27.0-255,4320,151504,73,250853
38373,0.021713,172.31.40.0-255,66,151570,73,250853
38374,0.023417,172.217.27.0-255,5738,157308,73,250853
38375,0.023426,172.31.40.0-255,66,157374,73,250853
38376,0.025088,172.217.27.0-255,5738,163112,73,250853
38377,0.025098,172.31.40.0-255,66,163178,73,250853
38378,0.026762,172.217.27.0-255,5738,168916,73,250853
38379,0.026769,172.31.40.0-255,66,168982,73,250853
38380,0.028439,172.217.27.0-255,5738,174720,73,250853
38381,0.028445,172.31.40.0-255,66,174786,73,250853
38382,0.03011,172.217.27.0-255,5738,180524,73,250853
38383,0.030118,172.31.40.0-255,66,180590,73,250853
38384,0.031787,172.217.27.0-255,5738,186328,73,250853
38385,0.031793,172.31.40.0-255,66,186394,73,250853
38386,0.033455,172.217.27.0-255,5738,192132,73,250853
38387,0.033464,172.31.40.0-255,66,192198,73,250853
38388,0.034582,172.31.40.0-255,172,192370,73,250853
38389,0.034616,172.31.40.0-255,1110,193480,73,250853
38390,0.034691,172.31.40.0-255,1514,194994,73,250853
38391,0.034693,172.31.40.0-255,1514,196508,73,250853
38392,0.034698,172.31.40.0-255,1514,198022,73,250853
38393,0.034699,172.31.40.0-255,331,198353,73,250853
38394,0.035128,172.217.27.0-255,5738,204091,73,250853
38395,0.035136,172.31.40.0-255,66,204157,73,250853
38396,0.036151,104.244.42.0-255,66,204223,73,250853
38397,0.036183,104.244.42.0-255,66,204289,73,250853
38398,0.036276,104.244.42.0-255,66,204355,73,250853
38399,0.036282,104.244.42.0-255,66,204421,73,250853
38400,0.036797,172.217.27.0-255,5738,210159,73,250853
38401,0.036806,172.31.40.0-255,66,210225,73,250853
38402,0.038534,172.217.27.0-255,5738,215963,73,250853
38403,0.038549,172.31.40.0-255,66,216029,73,250853
38404,0.040216,172.217.27.0-255,5738,221767,73,250853
38405,0.040232,172.31.40.0-255,66,221833,73,250853
38406,0.041909,172.217.27.0-255,5738,227571,73,250853
38407,0.041946,172.31.40.0-255,66,227637,73,250853
38408,0.043605,172.217.27.0-255,5738,233375,73,250853
38409,0.043613,172.31.40.0-255,66,233441,73,250853
38410,0.045274,172.217.27.0-255,5738,239179,73,250853
38411,0.045283,172.31.40.0-255,66,239245,73,250853
38412,0.046942,172.217.27.0-255,5738,244983,73,250853
38413,0.046952,172.31.40.0-255,66,245049,73,250853
38414,0.048611,172.217.27.0-255,5738,250787,73,250853
38415,0.048621,172.31.40.0-255,66,250853,73,250853
38416,0.0,172.31.40.0-255,105,105,73,459
38417,0.00023,172.31.40.0-255,90,195,73,459
38418,0.00024,172.31.40.0-255,66,261,73,459
38419,0.002486,172.217.194.0-255,66,327,73,459
38420,0.002506,172.217.194.0-255,66,393,73,459
38421,0.002521,172.31.40.0-255,66,459,73,459
38422,0.0,172.217.194.0-255,150,150,73,179737
38423,2.2e-05,172.31.40.0-255,66,216,73,179737
38424,2.9e-05,172.217.194.0-255,1484,1700,73,179737
38425,3.4e-05,172.31.40.0-255,66,1766,73,179737
38426,4.1e-05,172.217.194.0-255,2902,4668,73,179737
38427,4.4e-05,172.31.40.0-255,66,4734,73,179737
38428,5.9e-05,172.217.194.0-255,7156,11890,73,179737
38429,6.3e-05,172.31.40.0-255,66,11956,73,179737
38430,6.7e-05,172.217.194.0-255,2029,13985,73,179737
38431,6.9e-05,172.31.40.0-255,66,14051,73,179737
38432,0.000153,172.217.194.0-255,1484,15535,73,179737
38433,0.000157,172.31.40.0-255,66,15601,73,179737
38434,0.000177,172.217.194.0-255,2902,18503,73,179737
38435,0.00018,172.31.40.0-255,66,18569,73,179737
38436,0.000185,172.217.194.0-255,4320,22889,73,179737
38437,0.000188,172.31.40.0-255,66,22955,73,179737
38438,0.000202,172.217.194.0-255,1484,24439,73,179737
38439,0.000208,172.31.40.0-255,66,24505,73,179737
38440,0.000216,172.217.194.0-255,6797,31302,73,179737
38441,0.000219,172.31.40.0-255,66,31368,73,179737
38442,0.000225,172.217.194.0-255,7156,38524,73,179737
38443,0.000228,172.31.40.0-255,66,38590,73,179737
38444,0.000268,172.31.40.0-255,66,38656,73,179737
38445,0.000297,172.217.194.0-255,1484,40140,73,179737
38446,0.0003,172.31.40.0-255,66,40206,73,179737
38447,0.000318,172.31.40.0-255,66,40272,73,179737
38448,0.000638,172.217.194.0-255,380,40652,73,179737
38449,0.000644,172.31.40.0-255,66,40718,73,179737
38450,0.00067,172.217.194.0-255,364,41082,73,179737
38451,0.000673,172.31.40.0-255,66,41148,73,179737
38452,0.00113,172.217.194.0-255,1484,42632,73,179737
38453,0.00115,172.217.194.0-255,2902,45534,73,179737
38454,0.001154,172.31.40.0-255,66,45600,73,179737
38455,0.001195,172.217.194.0-255,5738,51338,73,179737
38456,0.00487,172.31.40.0-255,66,51404,73,179737
38457,0.00681,172.217.194.0-255,5738,57142,73,179737
38458,0.00682,172.31.40.0-255,66,57208,73,179737
38459,0.008745,172.217.194.0-255,5738,62946,73,179737
38460,0.008753,172.31.40.0-255,66,63012,73,179737
38461,0.010683,172.217.194.0-255,5738,68750,73,179737
38462,0.013159,172.31.40.0-255,66,68816,73,179737
38463,0.015075,172.217.194.0-255,5738,74554,73,179737
38464,0.015086,172.31.40.0-255,66,74620,73,179737
38465,0.017059,172.217.194.0-255,5738,80358,73,179737
38466,0.017067,172.31.40.0-255,66,80424,73,179737
38467,0.019008,172.217.194.0-255,5738,86162,73,179737
38468,0.019015,172.31.40.0-255,66,86228,73,179737
38469,0.020931,172.217.194.0-255,5738,91966,73,179737
38470,0.020938,172.31.40.0-255,66,92032,73,179737
38471,0.022897,172.217.194.0-255,5738,97770,73,179737
38472,0.022904,172.31.40.0-255,66,97836,73,179737
38473,0.024645,172.31.40.0-255,172,98008,73,179737
38474,0.024682,172.31.40.0-255,1115,99123,73,179737
38475,0.024745,172.31.40.0-255,1514,100637,73,179737
38476,0.024747,172.31.40.0-255,1514,102151,73,179737
38477,0.024752,172.31.40.0-255,1514,103665,73,179737
38478,0.024753,172.31.40.0-255,356,104021,73,179737
38479,0.02486,172.217.194.0-255,5738,109759,73,179737
38480,0.024865,172.31.40.0-255,66,109825,73,179737
38481,0.026188,104.244.42.0-255,66,109891,73,179737
38482,0.026215,104.244.42.0-255,66,109957,73,179737
38483,0.026309,104.244.42.0-255,66,110023,73,179737
38484,0.026313,104.244.42.0-255,66,110089,73,179737
38485,0.026774,172.217.194.0-255,5738,115827,73,179737
38486,0.026779,172.31.40.0-255,66,115893,73,179737
38487,0.028718,172.217.194.0-255,5738,121631,73,179737
38488,0.028725,172.31.40.0-255,66,121697,73,179737
38489,0.030684,172.217.194.0-255,5738,127435,73,179737
38490,0.03069,172.31.40.0-255,66,127501,73,179737
38491,0.032624,172.217.194.0-255,5738,133239,73,179737
38492,0.03263,172.31.40.0-255,66,133305,73,179737
38493,0.034575,172.217.194.0-255,5738,139043,73,179737
38494,0.034581,172.31.40.0-255,66,139109,73,179737
38495,0.036522,172.217.194.0-255,5738,144847,73,179737
38496,0.036528,172.31.40.0-255,66,144913,73,179737
38497,0.038469,172.217.194.0-255,5738,150651,73,179737
38498,0.038476,172.31.40.0-255,66,150717,73,179737
38499,0.040408,172.217.194.0-255,5738,156455,73,179737
38500,0.040415,172.31.40.0-255,66,156521,73,179737
38501,0.04235,172.217.194.0-255,5738,162259,73,179737
38502,0.042357,172.31.40.0-255,66,162325,73,179737
38503,0.044294,172.217.194.0-255,5738,168063,73,179737
38504,0.0443,172.31.40.0-255,66,168129,73,179737
38505,0.046236,172.217.194.0-255,5738,173867,73,179737
38506,0.046242,172.31.40.0-255,66,173933,73,179737
38507,0.048187,172.217.194.0-255,5738,179671,73,179737
38508,0.048193,172.31.40.0-255,66,179737,73,179737
38509,0.0,172.253.118.0-255,149,149,73,184616
38510,1.3e-05,172.31.40.0-255,66,215,73,184616
38511,2.1e-05,172.253.118.0-255,1484,1699,73,184616
38512,2.6e-05,172.31.40.0-255,66,1765,73,184616
38513,3.2e-05,172.253.118.0-255,2902,4667,73,184616
38514,3.5e-05,172.31.40.0-255,66,4733,73,184616
38515,5.1e-05,172.253.118.0-255,7156,11889,73,184616
38516,5.5e-05,172.31.40.0-255,66,11955,73,184616
38517,6e-05,172.253.118.0-255,2137,14092,73,184616
38518,6.3e-05,172.31.40.0-255,66,14158,73,184616
38519,7e-05,172.253.118.0-255,5738,19896,73,184616
38520,7.3e-05,172.31.40.0-255,66,19962,73,184616
38521,0.000102,172.253.118.0-255,5738,25700,73,184616
38522,0.000105,172.31.40.0-255,66,25766,73,184616
38523,0.000111,172.253.118.0-255,5379,31145,73,184616
38524,0.000115,172.31.40.0-255,66,31211,73,184616
38525,0.000185,172.253.118.0-255,1484,32695,73,184616
38526,0.000188,172.31.40.0-255,66,32761,73,184616
38527,0.000191,172.253.118.0-255,1484,34245,73,184616
38528,0.000193,172.31.40.0-255,66,34311,73,184616
38529,0.000214,172.253.118.0-255,1484,35795,73,184616
38530,0.000216,172.31.40.0-255,66,35861,73,184616
38531,0.000227,172.253.118.0-255,5738,41599,73,184616
38532,0.000229,172.31.40.0-255,66,41665,73,184616
38533,0.000283,172.31.40.0-255,66,41731,73,184616
38534,0.000291,172.253.118.0-255,7156,48887,73,184616
38535,0.000294,172.31.40.0-255,66,48953,73,184616
38536,0.000301,172.253.118.0-255,1484,50437,73,184616
38537,0.000303,172.31.40.0-255,66,50503,73,184616
38538,0.000329,172.253.118.0-255,1715,52218,73,184616
38539,0.000331,172.31.40.0-255,66,52284,73,184616
38540,0.000484,172.253.118.0-255,1484,53768,73,184616
38541,0.000491,172.253.118.0-255,2902,56670,73,184616
38542,0.000495,172.31.40.0-255,66,56736,73,184616
38543,0.0005,172.253.118.0-255,2902,59638,73,184616
38544,0.000502,172.31.40.0-255,66,59704,73,184616
38545,0.000519,172.253.118.0-255,2902,62606,73,184616
38546,0.000526,172.31.40.0-255,66,62672,73,184616
38547,0.000531,172.253.118.0-255,2902,65574,73,184616
38548,0.000534,172.31.40.0-255,66,65640,73,184616
38549,0.000578,172.31.40.0-255,66,65706,73,184616
38550,0.000593,172.31.40.0-255,66,65772,73,184616
38551,0.001035,172.253.118.0-255,1484,67256,73,184616
38552,0.001042,172.253.118.0-255,2902,70158,73,184616
38553,0.001046,172.31.40.0-255,66,70224,73,184616
38554,0.001078,172.253.118.0-255,5738,75962,73,184616
38555,0.001084,172.253.118.0-255,4320,80282,73,184616
38556,0.001097,172.31.40.0-255,66,80348,73,184616
38557,0.0011,172.31.40.0-255,66,80414,73,184616
38558,0.001107,172.31.40.0-255,66,80480,73,184616
38559,0.001118,172.253.118.0-255,7156,87636,73,184616
38560,0.001121,172.31.40.0-255,66,87702,73,184616
38561,0.001156,172.253.118.0-255,3602,91304,73,184616
38562,0.001159,172.31.40.0-255,66,91370,73,184616
38563,0.001177,172.31.40.0-255,66,91436,73,184616
38564,0.001193,172.31.40.0-255,66,91502,73,184616
38565,0.001222,172.253.118.0-255,3602,95104,73,184616
38566,0.001225,172.31.40.0-255,66,95170,73,184616
38567,0.001228,172.253.118.0-255,1484,96654,73,184616
38568,0.001257,172.253.118.0-255,2902,99556,73,184616
38569,0.00126,172.31.40.0-255,66,99622,73,184616
38570,0.001264,172.253.118.0-255,2902,102524,73,184616
38571,0.001266,172.31.40.0-255,66,102590,73,184616
38572,0.001277,172.253.118.0-255,7156,109746,73,184616
38573,0.00128,172.31.40.0-255,66,109812,73,184616
38574,0.001367,172.31.40.0-255,66,109878,73,184616
38575,0.001372,172.253.118.0-255,3602,113480,73,184616
38576,0.001374,172.31.40.0-255,66,113546,73,184616
38577,0.001377,172.253.118.0-255,1484,115030,73,184616
38578,0.001386,172.253.118.0-255,2902,117932,73,184616
38579,0.001389,172.31.40.0-255,66,117998,73,184616
38580,0.001394,172.253.118.0-255,4320,122318,73,184616
38581,0.001396,172.31.40.0-255,66,122384,73,184616
38582,0.001432,172.253.118.0-255,1484,123868,73,184616
38583,0.001448,172.31.40.0-255,66,123934,73,184616
38584,0.001456,172.253.118.0-255,7156,131090,73,184616
38585,0.001458,172.31.40.0-255,66,131156,73,184616
38586,0.001479,172.253.118.0-255,3602,134758,73,184616
38587,0.001483,172.31.40.0-255,66,134824,73,184616
38588,0.001512,172.253.118.0-255,4320,139144,73,184616
38589,0.001515,172.31.40.0-255,66,139210,73,184616
38590,0.001519,172.253.118.0-255,2902,142112,73,184616
38591,0.001521,172.31.40.0-255,66,142178,73,184616
38592,0.001558,172.31.40.0-255,66,142244,73,184616
38593,0.001598,172.31.40.0-255,66,142310,73,184616
38594,0.001627,172.253.118.0-255,6438,148748,73,184616
38595,0.00163,172.31.40.0-255,66,148814,73,184616
38596,0.001695,172.253.118.0-255,1484,150298,73,184616
38597,0.001701,172.253.118.0-255,2902,153200,73,184616
38598,0.001704,172.31.40.0-255,66,153266,73,184616
38599,0.001707,172.253.118.0-255,1484,154750,73,184616
38600,0.001736,172.253.118.0-255,4320,159070,73,184616
38601,0.001739,172.31.40.0-255,66,159136,73,184616
38602,0.001744,172.253.118.0-255,2902,162038,73,184616
38603,0.001745,172.31.40.0-255,66,162104,73,184616
38604,0.001764,172.31.40.0-255,66,162170,73,184616
38605,0.00182,172.31.40.0-255,66,162236,73,184616
38606,0.001879,172.253.118.0-255,1484,163720,73,184616
38607,0.001883,172.253.118.0-255,1484,165204,73,184616
38608,0.001885,172.31.40.0-255,66,165270,73,184616
38609,0.001911,172.253.118.0-255,1484,166754,73,184616
38610,0.001918,172.253.118.0-255,5738,172492,73,184616
38611,0.001921,172.31.40.0-255,66,172558,73,184616
38612,0.001924,172.253.118.0-255,1484,174042,73,184616
38613,0.001967,172.31.40.0-255,66,174108,73,184616
38614,0.001972,172.253.118.0-255,2902,177010,73,184616
38615,0.001975,172.31.40.0-255,66,177076,73,184616
38616,0.002013,172.31.40.0-255,66,177142,73,184616
38617,0.002029,172.31.40.0-255,66,177208,73,184616
38618,0.0021,172.31.40.0-255,66,177274,73,184616
38619,0.002133,172.31.40.0-255,66,177340,73,184616
38620,0.002157,172.31.40.0-255,66,177406,73,184616
38621,0.002164,172.253.118.0-255,6802,184208,73,184616
38622,0.002166,172.31.40.0-255,66,184274,73,184616
38623,0.002169,172.253.118.0-255,105,184379,73,184616
38624,0.013229,172.31.40.0-255,66,184445,73,184616
38625,0.013279,172.31.40.0-255,105,184550,73,184616
38626,0.015466,172.253.118.0-255,66,184616,73,184616
38627,0.0,74.125.24.0-255,153,153,73,246585
38628,1.7e-05,172.31.40.0-255,66,219,73,246585
38629,2.3e-05,74.125.24.0-255,1484,1703,73,246585
38630,2.7e-05,172.31.40.0-255,66,1769,73,246585
38631,3e-05,74.125.24.0-255,1484,3253,73,246585
38632,3.3e-05,172.31.40.0-255,66,3319,73,246585
38633,6.1e-05,74.125.24.0-255,4320,7639,73,246585
38634,6.4e-05,172.31.40.0-255,66,7705,73,246585
38635,8.2e-05,74.125.24.0-255,6253,13958,73,246585
38636,8.4e-05,172.31.40.0-255,66,14024,73,246585
38637,0.000104,74.125.24.0-255,1484,15508,73,246585
38638,0.000106,172.31.40.0-255,66,15574,73,246585
38639,0.000122,74.125.24.0-255,5738,21312,73,246585
38640,0.000124,172.31.40.0-255,66,21378,73,246585
38641,0.000153,172.31.40.0-255,66,21444,73,246585
38642,0.000191,74.125.24.0-255,1484,22928,73,246585
38643,0.000193,172.31.40.0-255,66,22994,73,246585
38644,0.000198,74.125.24.0-255,2902,25896,73,246585
38645,0.000199,172.31.40.0-255,66,25962,73,246585
38646,0.000202,74.125.24.0-255,1484,27446,73,246585
38647,0.000204,172.31.40.0-255,66,27512,73,246585
38648,0.000226,74.125.24.0-255,4320,31832,73,246585
38649,0.000228,172.31.40.0-255,66,31898,73,246585
38650,0.000231,74.125.24.0-255,1484,33382,73,246585
38651,0.000232,172.31.40.0-255,66,33448,73,246585
38652,0.00026,172.31.40.0-255,66,33514,73,246585
38653,0.000289,74.125.24.0-255,4320,37834,73,246585
38654,0.000291,172.31.40.0-255,66,37900,73,246585
38655,0.000313,74.125.24.0-255,110,38010,73,246585
38656,0.000314,74.125.24.0-255,331,38341,73,246585
38657,0.000317,172.31.40.0-255,66,38407,73,246585
38658,0.000752,74.125.24.0-255,1484,39891,73,246585
38659,0.000757,172.31.40.0-255,66,39957,73,246585
38660,0.000763,74.125.24.0-255,2902,42859,73,246585
38661,0.000764,172.31.40.0-255,66,42925,73,246585
38662,0.000778,74.125.24.0-255,5738,48663,73,246585
38663,0.00078,172.31.40.0-255,66,48729,73,246585
38664,0.000784,74.125.24.0-255,2902,51631,73,246585
38665,0.000786,172.31.40.0-255,66,51697,73,246585
38666,0.000812,74.125.24.0-255,2902,54599,73,246585
38667,0.000815,172.31.40.0-255,66,54665,73,246585
38668,0.000821,74.125.24.0-255,7156,61821,73,246585
38669,0.000823,172.31.40.0-255,66,61887,73,246585
38670,0.000847,74.125.24.0-255,7156,69043,73,246585
38671,0.000851,172.31.40.0-255,66,69109,73,246585
38672,0.000875,74.125.24.0-255,3602,72711,73,246585
38673,0.000878,172.31.40.0-255,66,72777,73,246585
38674,0.000933,74.125.24.0-255,1484,74261,73,246585
38675,0.000948,74.125.24.0-255,2902,77163,73,246585
38676,0.000951,172.31.40.0-255,66,77229,73,246585
38677,0.000978,74.125.24.0-255,2902,80131,73,246585
38678,0.00098,172.31.40.0-255,66,80197,73,246585
38679,0.001021,74.125.24.0-255,2902,83099,73,246585
38680,0.001025,172.31.40.0-255,66,83165,73,246585
38681,0.001038,172.31.40.0-255,66,83231,73,246585
38682,0.00105,172.31.40.0-255,66,83297,73,246585
38683,0.001056,74.125.24.0-255,5020,88317,73,246585
38684,0.001058,172.31.40.0-255,66,88383,73,246585
38685,0.001065,74.125.24.0-255,5738,94121,73,246585
38686,0.001066,172.31.40.0-255,66,94187,73,246585
38687,0.001073,74.125.24.0-255,5738,99925,73,246585
38688,0.001075,172.31.40.0-255,66,99991,73,246585
38689,0.001108,74.125.24.0-255,7156,107147,73,246585
38690,0.001111,172.31.40.0-255,66,107213,73,246585
38691,0.001117,74.125.24.0-255,4320,111533,73,246585
38692,0.001119,172.31.40.0-255,66,111599,73,246585
38693,0.001139,74.125.24.0-255,6438,118037,73,246585
38694,0.001143,172.31.40.0-255,66,118103,73,246585
38695,0.001157,74.125.24.0-255,1484,119587,73,246585
38696,0.001162,74.125.24.0-255,2902,122489,73,246585
38697,0.001164,172.31.40.0-255,66,122555,73,246585
38698,0.001169,74.125.24.0-255,4320,126875,73,246585
38699,0.001172,172.31.40.0-255,66,126941,73,246585
38700,0.001186,74.125.24.0-255,1484,128425,73,246585
38701,0.001188,74.125.24.0-255,1484,129909,73,246585
38702,0.001192,172.31.40.0-255,66,129975,73,246585
38703,0.001232,172.31.40.0-255,66,130041,73,246585
38704,0.001242,172.31.40.0-255,66,130107,73,246585
38705,0.001269,74.125.24.0-255,6438,136545,73,246585
38706,0.001274,172.31.40.0-255,66,136611,73,246585
38707,0.001286,74.125.24.0-255,7156,143767,73,246585
38708,0.001288,172.31.40.0-255,66,143833,73,246585
38709,0.001326,172.31.40.0-255,66,143899,73,246585
38710,0.001356,74.125.24.0-255,4320,148219,73,246585
38711,0.001359,172.31.40.0-255,66,148285,73,246585
38712,0.001378,74.125.24.0-255,3602,151887,73,246585
38713,0.00138,172.31.40.0-255,66,151953,73,246585
38714,0.001425,74.125.24.0-255,1484,153437,73,246585
38715,0.001439,74.125.24.0-255,2902,156339,73,246585
38716,0.001448,172.31.40.0-255,66,156405,73,246585
38717,0.001453,74.125.24.0-255,4320,160725,73,246585
38718,0.001456,172.31.40.0-255,66,160791,73,246585
38719,0.001467,74.125.24.0-255,1484,162275,73,246585
38720,0.001497,172.31.40.0-255,66,162341,73,246585
38721,0.001516,74.125.24.0-255,1484,163825,73,246585
38722,0.001533,74.125.24.0-255,7156,170981,73,246585
38723,0.001535,172.31.40.0-255,66,171047,73,246585
38724,0.001547,74.125.24.0-255,3602,174649,73,246585
38725,0.00155,172.31.40.0-255,66,174715,73,246585
38726,0.001596,172.31.40.0-255,66,174781,73,246585
38727,0.001607,172.31.40.0-255,66,174847,73,246585
38728,0.001672,172.31.40.0-255,66,174913,73,246585
38729,0.0018,74.125.24.0-255,1484,176397,73,246585
38730,0.001806,74.125.24.0-255,2902,179299,73,246585
38731,0.001809,172.31.40.0-255,66,179365,73,246585
38732,0.001814,74.125.24.0-255,4320,183685,73,246585
38733,0.001816,172.31.40.0-255,66,183751,73,246585
38734,0.001831,74.125.24.0-255,1484,185235,73,246585
38735,0.001843,172.31.40.0-255,66,185301,73,246585
38736,0.001893,172.31.40.0-255,66,185367,73,246585
38737,0.001911,74.125.24.0-255,5020,190387,73,246585
38738,0.001914,172.31.40.0-255,66,190453,73,246585
38739,0.001937,74.125.24.0-255,1484,191937,73,246585
38740,0.001942,74.125.24.0-255,2902,194839,73,246585
38741,0.001945,172.31.40.0-255,66,194905,73,246585
38742,0.001952,74.125.24.0-255,5738,200643,73,246585
38743,0.001955,172.31.40.0-255,66,200709,73,246585
38744,0.001969,74.125.24.0-255,4320,205029,73,246585
38745,0.001971,172.31.40.0-255,66,205095,73,246585
38746,0.002002,172.31.40.0-255,66,205161,73,246585
38747,0.002012,172.31.40.0-255,66,205227,73,246585
38748,0.002016,74.125.24.0-255,2184,207411,73,246585
38749,0.002018,172.31.40.0-255,66,207477,73,246585
38750,0.002055,74.125.24.0-255,2902,210379,73,246585
38751,0.002058,172.31.40.0-255,66,210445,73,246585
38752,0.002063,74.125.24.0-255,2902,213347,73,246585
38753,0.002065,172.31.40.0-255,66,213413,73,246585
38754,0.002068,74.125.24.0-255,1484,214897,73,246585
38755,0.00209,74.125.24.0-255,1484,216381,73,246585
38756,0.002092,172.31.40.0-255,66,216447,73,246585
38757,0.0021,74.125.24.0-255,5738,222185,73,246585
38758,0.002103,172.31.40.0-255,66,222251,73,246585
38759,0.002144,172.31.40.0-255,66,222317,73,246585
38760,0.002149,74.125.24.0-255,4320,226637,73,246585
38761,0.002151,172.31.40.0-255,66,226703,73,246585
38762,0.002156,74.125.24.0-255,4320,231023,73,246585
38763,0.002158,172.31.40.0-255,66,231089,73,246585
38764,0.002183,74.125.24.0-255,2184,233273,73,246585
38765,0.002186,172.31.40.0-255,66,233339,73,246585
38766,0.002189,74.125.24.0-255,1484,234823,73,246585
38767,0.002192,74.125.24.0-255,1484,236307,73,246585
38768,0.002194,172.31.40.0-255,66,236373,73,246585
38769,0.002226,172.31.40.0-255,66,236439,73,246585
38770,0.002231,74.125.24.0-255,2902,239341,73,246585
38771,0.002233,172.31.40.0-255,66,239407,73,246585
38772,0.002236,74.125.24.0-255,584,239991,73,246585
38773,0.002313,74.125.24.0-255,105,240096,73,246585
38774,0.008958,172.31.40.0-255,66,240162,73,246585
38775,0.008998,172.31.40.0-255,105,240267,73,246585
38776,0.011008,74.125.24.0-255,66,240333,73,246585
38777,0.035423,172.31.40.0-255,172,240505,73,246585
38778,0.035456,172.31.40.0-255,1114,241619,73,246585
38779,0.035525,172.31.40.0-255,1514,243133,73,246585
38780,0.035527,172.31.40.0-255,1514,244647,73,246585
38781,0.035528,172.31.40.0-255,1514,246161,73,246585
38782,0.035554,172.31.40.0-255,160,246321,73,246585
38783,0.036938,104.244.42.0-255,66,246387,73,246585
38784,0.036968,104.244.42.0-255,66,246453,73,246585
38785,0.037075,104.244.42.0-255,66,246519,73,246585
38786,0.037095,104.244.42.0-255,66,246585,73,246585
38787,0.0,74.125.24.0-255,216,216,73,270756
38788,2.2e-05,172.31.40.0-255,66,282,73,270756
38789,2.9e-05,74.125.24.0-255,1484,1766,73,270756
38790,3.4e-05,172.31.40.0-255,66,1832,73,270756
38791,4.1e-05,74.125.24.0-255,4320,6152,73,270756
38792,4.5e-05,172.31.40.0-255,66,6218,73,270756
38793,7.6e-05,172.31.40.0-255,66,6284,73,270756
38794,8.8e-05,172.31.40.0-255,66,6350,73,270756
38795,0.000106,74.125.24.0-255,5738,12088,73,270756
38796,0.000109,172.31.40.0-255,66,12154,73,270756
38797,0.00013,74.125.24.0-255,2543,14697,73,270756
38798,0.000133,172.31.40.0-255,66,14763,73,270756
38799,0.000373,74.125.24.0-255,1484,16247,73,270756
38800,0.000378,172.31.40.0-255,66,16313,73,270756
38801,0.000401,74.125.24.0-255,2902,19215,73,270756
38802,0.000404,172.31.40.0-255,66,19281,73,270756
38803,0.00041,74.125.24.0-255,4320,23601,73,270756
38804,0.000412,172.31.40.0-255,66,23667,73,270756
38805,0.000418,74.125.24.0-255,5738,29405,73,270756
38806,0.000421,172.31.40.0-255,66,29471,73,270756
38807,0.000454,74.125.24.0-255,2543,32014,73,270756
38808,0.000457,172.31.40.0-255,66,32080,73,270756
38809,0.000461,74.125.24.0-255,2902,34982,73,270756
38810,0.000464,172.31.40.0-255,66,35048,73,270756
38811,0.000482,74.125.24.0-255,4320,39368,73,270756
38812,0.000485,172.31.40.0-255,66,39434,73,270756
38813,0.000503,74.125.24.0-255,2902,42336,73,270756
38814,0.000506,172.31.40.0-255,66,42402,73,270756
38815,0.000513,74.125.24.0-255,6797,49199,73,270756
38816,0.000515,172.31.40.0-255,66,49265,73,270756
38817,0.000618,74.125.24.0-255,1484,50749,73,270756
38818,0.000624,74.125.24.0-255,2902,53651,73,270756
38819,0.000639,172.31.40.0-255,66,53717,73,270756
38820,0.000652,74.125.24.0-255,5738,59455,73,270756
38821,0.000657,172.31.40.0-255,66,59521,73,270756
38822,0.000684,74.125.24.0-255,2902,62423,73,270756
38823,0.000694,172.31.40.0-255,66,62489,73,270756
38824,0.000709,74.125.24.0-255,3961,66450,73,270756
38825,0.000716,74.125.24.0-255,7156,73606,73,270756
38826,0.000734,74.125.24.0-255,4320,77926,73,270756
38827,0.000737,172.31.40.0-255,66,77992,73,270756
38828,0.000742,172.31.40.0-255,66,78058,73,270756
38829,0.000781,172.31.40.0-255,66,78124,73,270756
38830,0.000794,74.125.24.0-255,2184,80308,73,270756
38831,0.000812,172.31.40.0-255,66,80374,73,270756
38832,0.001112,74.125.24.0-255,1484,81858,73,270756
38833,0.001129,74.125.24.0-255,2902,84760,73,270756
38834,0.001133,172.31.40.0-255,66,84826,73,270756
38835,0.00114,74.125.24.0-255,5738,90564,73,270756
38836,0.001142,74.125.24.0-255,1484,92048,73,270756
38837,0.001158,74.125.24.0-255,2902,94950,73,270756
38838,0.001188,172.31.40.0-255,66,95016,73,270756
38839,0.001215,172.31.40.0-255,66,95082,73,270756
38840,0.001422,74.125.24.0-255,1484,96566,73,270756
38841,0.001428,74.125.24.0-255,2902,99468,73,270756
38842,0.001431,172.31.40.0-255,66,99534,73,270756
38843,0.001453,74.125.24.0-255,5738,105272,73,270756
38844,0.00146,74.125.24.0-255,7156,112428,73,270756
38845,0.001471,172.31.40.0-255,66,112494,73,270756
38846,0.001483,74.125.24.0-255,5738,118232,73,270756
38847,0.001487,172.31.40.0-255,66,118298,73,270756
38848,0.001507,74.125.24.0-255,2184,120482,73,270756
38849,0.001525,172.31.40.0-255,66,120548,73,270756
38850,0.001665,74.125.24.0-255,1484,122032,73,270756
38851,0.00167,74.125.24.0-255,2902,124934,73,270756
38852,0.001673,172.31.40.0-255,66,125000,73,270756
38853,0.001679,74.125.24.0-255,4320,129320,73,270756
38854,0.00169,74.125.24.0-255,1484,130804,73,270756
38855,0.001693,74.125.24.0-255,1484,132288,73,270756
38856,0.001702,172.31.40.0-255,66,132354,73,270756
38857,0.001743,172.31.40.0-255,66,132420,73,270756
38858,0.001759,74.125.24.0-255,2184,134604,73,270756
38859,0.001776,172.31.40.0-255,66,134670,73,270756
38860,0.00189,74.125.24.0-255,1484,136154,73,270756
38861,0.001895,74.125.24.0-255,2902,139056,73,270756
38862,0.001898,172.31.40.0-255,66,139122,73,270756
38863,0.001916,74.125.24.0-255,5738,144860,73,270756
38864,0.00192,74.125.24.0-255,1484,146344,73,270756
38865,0.001923,172.31.40.0-255,66,146410,73,270756
38866,0.001948,74.125.24.0-255,5738,152148,73,270756
38867,0.001962,172.31.40.0-255,66,152214,73,270756
38868,0.001986,74.125.24.0-255,4320,156534,73,270756
38869,0.001991,74.125.24.0-255,2184,158718,73,270756
38870,0.001995,172.31.40.0-255,66,158784,73,270756
38871,0.004017,74.125.24.0-255,5738,164522,73,270756
38872,0.004025,172.31.40.0-255,66,164588,73,270756
38873,0.006034,74.125.24.0-255,4320,168908,73,270756
38874,0.006047,74.125.24.0-255,1484,170392,73,270756
38875,0.012696,74.125.24.0-255,1484,171876,73,270756
38876,0.01546,172.31.40.0-255,66,171942,73,270756
38877,0.0175,74.125.24.0-255,5738,177680,73,270756
38878,0.017514,172.31.40.0-255,66,177746,73,270756
38879,0.019534,74.125.24.0-255,5738,183484,73,270756
38880,0.019541,172.31.40.0-255,66,183550,73,270756
38881,0.021548,74.125.24.0-255,5738,189288,73,270756
38882,0.022483,172.31.40.0-255,66,189354,73,270756
38883,0.024519,74.125.24.0-255,5738,195092,73,270756
38884,0.02453,172.31.40.0-255,66,195158,73,270756
38885,0.02655,74.125.24.0-255,5738,200896,73,270756
38886,0.027119,172.31.40.0-255,66,200962,73,270756
38887,0.02915,74.125.24.0-255,5738,206700,73,270756
38888,0.029164,172.31.40.0-255,66,206766,73,270756
38889,0.031154,74.125.24.0-255,5738,212504,73,270756
38890,0.031161,172.31.40.0-255,66,212570,73,270756
38891,0.033213,74.125.24.0-255,5738,218308,73,270756
38892,0.03323,172.31.40.0-255,66,218374,73,270756
38893,0.0353,74.125.24.0-255,5738,224112,73,270756
38894,0.035307,172.31.40.0-255,66,224178,73,270756
38895,0.037325,74.125.24.0-255,5738,229916,73,270756
38896,0.037338,172.31.40.0-255,66,229982,73,270756
38897,0.039339,74.125.24.0-255,5738,235720,73,270756
38898,0.039347,172.31.40.0-255,66,235786,73,270756
38899,0.041385,74.125.24.0-255,5738,241524,73,270756
38900,0.041401,172.31.40.0-255,66,241590,73,270756
38901,0.043418,74.125.24.0-255,5738,247328,73,270756
38902,0.043424,172.31.40.0-255,66,247394,73,270756
38903,0.045443,74.125.24.0-255,5738,253132,73,270756
38904,0.045457,172.31.40.0-255,66,253198,73,270756
38905,0.047446,74.125.24.0-255,5738,258936,73,270756
38906,0.047452,172.31.40.0-255,66,259002,73,270756
38907,0.048361,172.31.40.0-255,172,259174,73,270756
38908,0.048393,172.31.40.0-255,1116,260290,73,270756
38909,0.048449,172.31.40.0-255,1514,261804,73,270756
38910,0.048451,172.31.40.0-255,1514,263318,73,270756
38911,0.048454,172.31.40.0-255,1436,264754,73,270756
38912,0.049435,74.125.24.0-255,5738,270492,73,270756
38913,0.049441,172.31.40.0-255,66,270558,73,270756
38914,0.049894,104.244.42.0-255,66,270624,73,270756
38915,0.049943,104.244.42.0-255,66,270690,73,270756
38916,0.049996,104.244.42.0-255,66,270756,73,270756
38917,0.0,74.125.68.0-255,155,155,73,344210
38918,2.4e-05,172.31.40.0-255,66,221,73,344210
38919,3.2e-05,74.125.68.0-255,1484,1705,73,344210
38920,3.6e-05,172.31.40.0-255,66,1771,73,344210
38921,4.2e-05,74.125.68.0-255,2902,4673,73,344210
38922,4.5e-05,172.31.40.0-255,66,4739,73,344210
38923,5.3e-05,74.125.68.0-255,7156,11895,73,344210
38924,5.6e-05,172.31.40.0-255,66,11961,73,344210
38925,6e-05,74.125.68.0-255,1963,13924,73,344210
38926,6.4e-05,172.31.40.0-255,66,13990,73,344210
38927,6.9e-05,74.125.68.0-255,2902,16892,73,344210
38928,7.2e-05,172.31.40.0-255,66,16958,73,344210
38929,0.000119,74.125.68.0-255,7156,24114,73,344210
38930,0.000122,172.31.40.0-255,66,24180,73,344210
38931,0.000128,74.125.68.0-255,4320,28500,73,344210
38932,0.00013,172.31.40.0-255,66,28566,73,344210
38933,0.000145,74.125.68.0-255,1484,30050,73,344210
38934,0.000147,172.31.40.0-255,66,30116,73,344210
38935,0.000201,74.125.68.0-255,1125,31241,73,344210
38936,0.000203,172.31.40.0-255,66,31307,73,344210
38937,0.000267,74.125.68.0-255,1484,32791,73,344210
38938,0.00027,172.31.40.0-255,66,32857,73,344210
38939,0.000274,74.125.68.0-255,2902,35759,73,344210
38940,0.000276,172.31.40.0-255,66,35825,73,344210
38941,0.000281,74.125.68.0-255,2902,38727,73,344210
38942,0.000283,172.31.40.0-255,66,38793,73,344210
38943,0.000302,74.125.68.0-255,2902,41695,73,344210
38944,0.000304,172.31.40.0-255,66,41761,73,344210
38945,0.000309,74.125.68.0-255,4320,46081,73,344210
38946,0.000312,172.31.40.0-255,66,46147,73,344210
38947,0.000318,74.125.68.0-255,5379,51526,73,344210
38948,0.00032,172.31.40.0-255,66,51592,73,344210
38949,0.000349,172.31.40.0-255,66,51658,73,344210
38950,0.000379,74.125.68.0-255,4304,55962,73,344210
38951,0.000381,172.31.40.0-255,66,56028,73,344210
38952,0.000434,74.125.68.0-255,1484,57512,73,344210
38953,0.00045,74.125.68.0-255,1484,58996,73,344210
38954,0.000453,172.31.40.0-255,66,59062,73,344210
38955,0.000471,74.125.68.0-255,1484,60546,73,344210
38956,0.000476,74.125.68.0-255,2902,63448,73,344210
38957,0.000478,172.31.40.0-255,66,63514,73,344210
38958,0.000483,74.125.68.0-255,4320,67834,73,344210
38959,0.000486,172.31.40.0-255,66,67900,73,344210
38960,0.000516,172.31.40.0-255,66,67966,73,344210
38961,0.000519,74.125.68.0-255,1484,69450,73,344210
38962,0.000538,74.125.68.0-255,4320,73770,73,344210
38963,0.00054,172.31.40.0-255,66,73836,73,344210
38964,0.000557,74.125.68.0-255,1484,75320,73,344210
38965,0.000572,74.125.68.0-255,2902,78222,73,344210
38966,0.000575,172.31.40.0-255,66,78288,73,344210
38967,0.000596,74.125.68.0-255,2902,81190,73,344210
38968,0.000598,172.31.40.0-255,66,81256,73,344210
38969,0.000601,74.125.68.0-255,1044,82300,73,344210
38970,0.000824,74.125.68.0-255,1484,83784,73,344210
38971,0.000829,172.31.40.0-255,66,83850,73,344210
38972,0.000835,74.125.68.0-255,2902,86752,73,344210
38973,0.000837,172.31.40.0-255,66,86818,73,344210
38974,0.000862,74.125.68.0-255,5738,92556,73,344210
38975,0.000865,172.31.40.0-255,66,92622,73,344210
38976,0.000868,74.125.68.0-255,1484,94106,73,344210
38977,0.000889,74.125.68.0-255,5738,99844,73,344210
38978,0.000891,172.31.40.0-255,66,99910,73,344210
38979,0.000899,74.125.68.0-255,7156,107066,73,344210
38980,0.000901,172.31.40.0-255,66,107132,73,344210
38981,0.000922,74.125.68.0-255,1484,108616,73,344210
38982,0.000934,172.31.40.0-255,66,108682,73,344210
38983,0.000998,74.125.68.0-255,1484,110166,73,344210
38984,0.001019,74.125.68.0-255,2902,113068,73,344210
38985,0.001022,172.31.40.0-255,66,113134,73,344210
38986,0.001027,74.125.68.0-255,2902,116036,73,344210
38987,0.00103,172.31.40.0-255,66,116102,73,344210
38988,0.001035,74.125.68.0-255,2902,119004,73,344210
38989,0.001037,172.31.40.0-255,66,119070,73,344210
38990,0.001059,74.125.68.0-255,1484,120554,73,344210
38991,0.001066,74.125.68.0-255,4320,124874,73,344210
38992,0.001068,172.31.40.0-255,66,124940,73,344210
38993,0.001087,74.125.68.0-255,4320,129260,73,344210
38994,0.00109,172.31.40.0-255,66,129326,73,344210
38995,0.001098,74.125.68.0-255,7156,136482,73,344210
38996,0.0011,172.31.40.0-255,66,136548,73,344210
38997,0.001131,74.125.68.0-255,1484,138032,73,344210
38998,0.001151,74.125.68.0-255,5020,143052,73,344210
38999,0.001155,172.31.40.0-255,66,143118,73,344210
39000,0.001205,74.125.68.0-255,1484,144602,73,344210
39001,0.001211,74.125.68.0-255,2902,147504,73,344210
39002,0.001214,172.31.40.0-255,66,147570,73,344210
39003,0.001247,74.125.68.0-255,2902,150472,73,344210
39004,0.001256,172.31.40.0-255,66,150538,73,344210
39005,0.001261,74.125.68.0-255,2902,153440,73,344210
39006,0.001263,172.31.40.0-255,66,153506,73,344210
39007,0.001272,74.125.68.0-255,7156,160662,73,344210
39008,0.001274,172.31.40.0-255,66,160728,73,344210
39009,0.00129,74.125.68.0-255,1484,162212,73,344210
39010,0.001306,74.125.68.0-255,5738,167950,73,344210
39011,0.001308,172.31.40.0-255,66,168016,73,344210
39012,0.001331,74.125.68.0-255,5738,173754,73,344210
39013,0.001334,172.31.40.0-255,66,173820,73,344210
39014,0.001339,74.125.68.0-255,3602,177422,73,344210
39015,0.001341,172.31.40.0-255,66,177488,73,344210
39016,0.001399,74.125.68.0-255,4320,181808,73,344210
39017,0.001403,74.125.68.0-255,2902,184710,73,344210
39018,0.001407,172.31.40.0-255,66,184776,73,344210
39019,0.001414,172.31.40.0-255,66,184842,73,344210
39020,0.001419,74.125.68.0-255,2902,187744,73,344210
39021,0.001421,172.31.40.0-255,66,187810,73,344210
39022,0.00146,172.31.40.0-255,66,187876,73,344210
39023,0.001498,172.31.40.0-255,66,187942,73,344210
39024,0.001501,74.125.68.0-255,1484,189426,73,344210
39025,0.001506,74.125.68.0-255,2902,192328,73,344210
39026,0.001508,172.31.40.0-255,66,192394,73,344210
39027,0.001515,74.125.68.0-255,5738,198132,73,344210
39028,0.001517,172.31.40.0-255,66,198198,73,344210
39029,0.001542,74.125.68.0-255,5738,203936,73,344210
39030,0.001545,172.31.40.0-255,66,204002,73,344210
39031,0.001575,74.125.68.0-255,7156,211158,73,344210
39032,0.001578,172.31.40.0-255,66,211224,73,344210
39033,0.001602,172.31.40.0-255,66,211290,73,344210
39034,0.001621,74.125.68.0-255,2184,213474,73,344210
39035,0.001624,172.31.40.0-255,66,213540,73,344210
39036,0.001658,74.125.68.0-255,1484,215024,73,344210
39037,0.001671,74.125.68.0-255,2902,217926,73,344210
39038,0.001674,172.31.40.0-255,66,217992,73,344210
39039,0.00168,74.125.68.0-255,4320,222312,73,344210
39040,0.001682,172.31.40.0-255,66,222378,73,344210
39041,0.00171,74.125.68.0-255,5738,228116,73,344210
39042,0.001713,172.31.40.0-255,66,228182,73,344210
39043,0.001753,172.31.40.0-255,66,228248,73,344210
39044,0.001786,74.125.68.0-255,1484,229732,73,344210
39045,0.001794,74.125.68.0-255,5738,235470,73,344210
39046,0.001797,172.31.40.0-255,66,235536,73,344210
39047,0.001801,74.125.68.0-255,2184,237720,73,344210
39048,0.001803,172.31.40.0-255,66,237786,73,344210
39049,0.001908,74.125.68.0-255,1484,239270,73,344210
39050,0.001922,74.125.68.0-255,1484,240754,73,344210
39051,0.001926,172.31.40.0-255,66,240820,73,344210
39052,0.001946,74.125.68.0-255,1484,242304,73,344210
39053,0.001953,74.125.68.0-255,5738,248042,73,344210
39054,0.001956,172.31.40.0-255,66,248108,73,344210
39055,0.00196,74.125.68.0-255,2902,251010,73,344210
39056,0.001962,172.31.40.0-255,66,251076,73,344210
39057,0.001974,74.125.68.0-255,1484,252560,73,344210
39058,0.001979,74.125.68.0-255,4320,256880,73,344210
39059,0.001982,172.31.40.0-255,66,256946,73,344210
39060,0.002007,74.125.68.0-255,1484,258430,73,344210
39061,0.00202,172.31.40.0-255,66,258496,73,344210
39062,0.002023,74.125.68.0-255,1484,259980,73,344210
39063,0.002026,74.125.68.0-255,766,260746,73,344210
39064,0.002027,172.31.40.0-255,66,260812,73,344210
39065,0.004015,74.125.68.0-255,5738,266550,73,344210
39066,0.004033,172.31.40.0-255,66,266616,73,344210
39067,0.006017,74.125.68.0-255,5738,272354,73,344210
39068,0.00604,172.31.40.0-255,66,272420,73,344210
39069,0.008,74.125.68.0-255,1484,273904,73,344210
39070,0.008022,74.125.68.0-255,4320,278224,73,344210
39071,0.008029,172.31.40.0-255,66,278290,73,344210
39072,0.009999,74.125.68.0-255,5738,284028,73,344210
39073,0.010007,172.31.40.0-255,66,284094,73,344210
39074,0.01199,74.125.68.0-255,5738,289832,73,344210
39075,0.012004,172.31.40.0-255,66,289898,73,344210
39076,0.014,74.125.68.0-255,5738,295636,73,344210
39077,0.014017,172.31.40.0-255,66,295702,73,344210
39078,0.01601,74.125.68.0-255,5738,301440,73,344210
39079,0.016025,172.31.40.0-255,66,301506,73,344210
39080,0.018019,74.125.68.0-255,5738,307244,73,344210
39081,0.018036,172.31.40.0-255,66,307310,73,344210
39082,0.020056,74.125.68.0-255,5738,313048,73,344210
39083,0.020064,172.31.40.0-255,66,313114,73,344210
39084,0.022053,74.125.68.0-255,5738,318852,73,344210
39085,0.02206,172.31.40.0-255,66,318918,73,344210
39086,0.024039,74.125.68.0-255,5738,324656,73,344210
39087,0.024047,172.31.40.0-255,66,324722,73,344210
39088,0.026026,74.125.68.0-255,5738,330460,73,344210
39089,0.026039,172.31.40.0-255,66,330526,73,344210
39090,0.028024,74.125.68.0-255,5738,336264,73,344210
39091,0.028036,172.31.40.0-255,66,336330,73,344210
39092,0.03001,74.125.68.0-255,5738,342068,73,344210
39093,0.030019,172.31.40.0-255,66,342134,73,344210
39094,0.032002,74.125.68.0-255,1380,343514,73,344210
39095,0.03421,172.31.40.0-255,105,343619,73,344210
39096,0.034264,172.31.40.0-255,105,343724,73,344210
39097,0.034536,172.31.40.0-255,90,343814,73,344210
39098,0.034557,172.31.40.0-255,66,343880,73,344210
39099,0.036167,74.125.68.0-255,66,343946,73,344210
39100,0.036201,74.125.68.0-255,66,344012,73,344210
39101,0.036462,74.125.68.0-255,66,344078,73,344210
39102,0.036511,74.125.68.0-255,66,344144,73,344210
39103,0.036521,172.31.40.0-255,66,344210,73,344210
39104,0.0,172.217.194.0-255,150,150,73,160678
39105,1.6e-05,172.31.40.0-255,66,216,73,160678
39106,2.3e-05,172.217.194.0-255,1484,1700,73,160678
39107,2.7e-05,172.31.40.0-255,66,1766,73,160678
39108,4e-05,172.217.194.0-255,2902,4668,73,160678
39109,4.4e-05,172.31.40.0-255,66,4734,73,160678
39110,5.2e-05,172.217.194.0-255,7156,11890,73,160678
39111,5.5e-05,172.31.40.0-255,66,11956,73,160678
39112,5.9e-05,172.217.194.0-255,2135,14091,73,160678
39113,6.2e-05,172.31.40.0-255,66,14157,73,160678
39114,8.4e-05,172.217.194.0-255,2902,17059,73,160678
39115,8.7e-05,172.31.40.0-255,66,17125,73,160678
39116,0.000117,172.217.194.0-255,7156,24281,73,160678
39117,0.00012,172.31.40.0-255,66,24347,73,160678
39118,0.000127,172.217.194.0-255,6797,31144,73,160678
39119,0.000129,172.31.40.0-255,66,31210,73,160678
39120,0.000212,172.217.194.0-255,1484,32694,73,160678
39121,0.000215,172.31.40.0-255,66,32760,73,160678
39122,0.000219,172.217.194.0-255,2902,35662,73,160678
39123,0.000222,172.31.40.0-255,66,35728,73,160678
39124,0.000251,172.217.194.0-255,5738,41466,73,160678
39125,0.000254,172.31.40.0-255,66,41532,73,160678
39126,0.000258,172.217.194.0-255,2902,44434,73,160678
39127,0.00026,172.31.40.0-255,66,44500,73,160678
39128,0.000304,172.31.40.0-255,66,44566,73,160678
39129,0.000319,172.31.40.0-255,66,44632,73,160678
39130,0.000322,172.217.194.0-255,342,44974,73,160678
39131,0.000324,172.31.40.0-255,66,45040,73,160678
39132,0.000369,172.217.194.0-255,120,45160,73,160678
39133,0.000372,172.31.40.0-255,66,45226,73,160678
39134,0.000401,172.217.194.0-255,380,45606,73,160678
39135,0.000717,172.217.194.0-255,1484,47090,73,160678
39136,0.000723,172.217.194.0-255,2902,49992,73,160678
39137,0.000757,172.217.194.0-255,2902,52894,73,160678
39138,0.000764,172.31.40.0-255,66,52960,73,160678
39139,0.000773,172.31.40.0-255,66,53026,73,160678
39140,0.000776,172.31.40.0-255,66,53092,73,160678
39141,0.000784,172.217.194.0-255,2902,55994,73,160678
39142,0.000786,172.31.40.0-255,66,56060,73,160678
39143,0.0008,172.31.40.0-255,66,56126,73,160678
39144,0.000813,172.31.40.0-255,66,56192,73,160678
39145,0.00103,172.217.194.0-255,1484,57676,73,160678
39146,0.001036,172.217.194.0-255,2902,60578,73,160678
39147,0.001039,172.31.40.0-255,66,60644,73,160678
39148,0.001046,172.217.194.0-255,5738,66382,73,160678
39149,0.001048,172.31.40.0-255,66,66448,73,160678
39150,0.001064,172.31.40.0-255,66,66514,73,160678
39151,0.001093,172.217.194.0-255,4320,70834,73,160678
39152,0.001096,172.31.40.0-255,66,70900,73,160678
39153,0.001109,172.31.40.0-255,66,70966,73,160678
39154,0.001323,172.217.194.0-255,1484,72450,73,160678
39155,0.001328,172.217.194.0-255,2902,75352,73,160678
39156,0.001332,172.31.40.0-255,66,75418,73,160678
39157,0.001363,172.217.194.0-255,5738,81156,73,160678
39158,0.001367,172.31.40.0-255,66,81222,73,160678
39159,0.001398,172.31.40.0-255,66,81288,73,160678
39160,0.001425,172.217.194.0-255,4320,85608,73,160678
39161,0.001428,172.31.40.0-255,66,85674,73,160678
39162,0.00144,172.31.40.0-255,66,85740,73,160678
39163,0.001534,172.217.194.0-255,1484,87224,73,160678
39164,0.00154,172.217.194.0-255,2902,90126,73,160678
39165,0.001544,172.31.40.0-255,66,90192,73,160678
39166,0.001551,172.217.194.0-255,4320,94512,73,160678
39167,0.001553,172.31.40.0-255,66,94578,73,160678
39168,0.001577,172.217.194.0-255,1484,96062,73,160678
39169,0.001584,172.217.194.0-255,7156,103218,73,160678
39170,0.001587,172.31.40.0-255,66,103284,73,160678
39171,0.001621,172.31.40.0-255,66,103350,73,160678
39172,0.001645,172.217.194.0-255,4320,107670,73,160678
39173,0.001647,172.31.40.0-255,66,107736,73,160678
39174,0.001652,172.217.194.0-255,2184,109920,73,160678
39175,0.001655,172.31.40.0-255,66,109986,73,160678
39176,0.001777,172.217.194.0-255,1484,111470,73,160678
39177,0.001783,172.217.194.0-255,2902,114372,73,160678
39178,0.001786,172.31.40.0-255,66,114438,73,160678
39179,0.001789,172.217.194.0-255,1484,115922,73,160678
39180,0.001817,172.217.194.0-255,4320,120242,73,160678
39181,0.00182,172.31.40.0-255,66,120308,73,160678
39182,0.001834,172.31.40.0-255,66,120374,73,160678
39183,0.00184,172.217.194.0-255,5738,126112,73,160678
39184,0.001843,172.31.40.0-255,66,126178,73,160678
39185,0.001871,172.217.194.0-255,5020,131198,73,160678
39186,0.001882,172.31.40.0-255,66,131264,73,160678
39187,0.00191,172.217.194.0-255,1484,132748,73,160678
39188,0.001916,172.217.194.0-255,2902,135650,73,160678
39189,0.001922,172.217.194.0-255,5738,141388,73,160678
39190,0.001932,172.31.40.0-255,66,141454,73,160678
39191,0.002056,172.217.194.0-255,3602,145056,73,160678
39192,0.002106,172.217.194.0-255,1484,146540,73,160678
39193,0.002191,172.217.194.0-255,5020,151560,73,160678
39194,0.002284,172.217.194.0-255,5738,157298,73,160678
39195,0.002323,172.217.194.0-255,2855,160153,73,160678
39196,0.002325,172.217.194.0-255,105,160258,73,160678
39197,0.010323,172.31.40.0-255,66,160324,73,160678
39198,0.012671,172.217.194.0-255,105,160429,73,160678
39199,0.012683,172.31.40.0-255,78,160507,73,160678
39200,0.013773,172.31.40.0-255,105,160612,73,160678
39201,0.016289,172.217.194.0-255,66,160678,73,160678
39202,0.0,172.217.194.0-255,152,152,73,325535
39203,2.2e-05,172.31.40.0-255,66,218,73,325535
39204,2.9e-05,172.217.194.0-255,1484,1702,73,325535
39205,3.3e-05,172.31.40.0-255,66,1768,73,325535
39206,3.9e-05,172.217.194.0-255,2902,4670,73,325535
39207,4.2e-05,172.31.40.0-255,66,4736,73,325535
39208,5e-05,172.217.194.0-255,7156,11892,73,325535
39209,5.2e-05,172.31.40.0-255,66,11958,73,325535
39210,5.6e-05,172.217.194.0-255,2068,14026,73,325535
39211,5.9e-05,172.31.40.0-255,66,14092,73,325535
39212,0.000183,172.217.194.0-255,1484,15576,73,325535
39213,0.000187,172.31.40.0-255,66,15642,73,325535
39214,0.000191,172.217.194.0-255,1484,17126,73,325535
39215,0.000193,172.31.40.0-255,66,17192,73,325535
39216,0.000209,172.217.194.0-255,1484,18676,73,325535
39217,0.000211,172.31.40.0-255,66,18742,73,325535
39218,0.000218,172.217.194.0-255,5738,24480,73,325535
39219,0.00022,172.31.40.0-255,66,24546,73,325535
39220,0.000259,172.217.194.0-255,5738,30284,73,325535
39221,0.000262,172.31.40.0-255,66,30350,73,325535
39222,0.00028,172.217.194.0-255,1125,31475,73,325535
39223,0.000282,172.31.40.0-255,66,31541,73,325535
39224,0.000316,172.217.194.0-255,1484,33025,73,325535
39225,0.000319,172.31.40.0-255,66,33091,73,325535
39226,0.000324,172.217.194.0-255,2902,35993,73,325535
39227,0.000326,172.31.40.0-255,66,36059,73,325535
39228,0.000333,172.217.194.0-255,5738,41797,73,325535
39229,0.000335,172.31.40.0-255,66,41863,73,325535
39230,0.000355,172.217.194.0-255,1484,43347,73,325535
39231,0.000357,172.31.40.0-255,66,43413,73,325535
39232,0.000382,172.217.194.0-255,5379,48792,73,325535
39233,0.000384,172.31.40.0-255,66,48858,73,325535
39234,0.000408,172.217.194.0-255,7156,56014,73,325535
39235,0.000411,172.31.40.0-255,66,56080,73,325535
39236,0.000441,172.217.194.0-255,5738,61818,73,325535
39237,0.000443,172.31.40.0-255,66,61884,73,325535
39238,0.000464,172.217.194.0-255,3961,65845,73,325535
39239,0.000466,172.31.40.0-255,66,65911,73,325535
39240,0.000506,172.217.194.0-255,365,66276,73,325535
39241,0.000521,172.217.194.0-255,379,66655,73,325535
39242,0.00071,172.217.194.0-255,1484,68139,73,325535
39243,0.000715,172.217.194.0-255,2902,71041,73,325535
39244,0.000719,172.31.40.0-255,66,71107,73,325535
39245,0.000726,172.31.40.0-255,66,71173,73,325535
39246,0.000732,172.217.194.0-255,5738,76911,73,325535
39247,0.000734,172.31.40.0-255,66,76977,73,325535
39248,0.000748,172.217.194.0-255,2902,79879,73,325535
39249,0.000749,172.31.40.0-255,66,79945,73,325535
39250,0.000776,172.31.40.0-255,66,80011,73,325535
39251,0.000782,172.217.194.0-255,7156,87167,73,325535
39252,0.000784,172.31.40.0-255,66,87233,73,325535
39253,0.000808,172.217.194.0-255,3602,90835,73,325535
39254,0.000811,172.31.40.0-255,66,90901,73,325535
39255,0.000984,172.217.194.0-255,1484,92385,73,325535
39256,0.000989,172.217.194.0-255,1484,93869,73,325535
39257,0.000991,172.31.40.0-255,66,93935,73,325535
39258,0.001007,172.217.194.0-255,1484,95419,73,325535
39259,0.001014,172.217.194.0-255,5738,101157,73,325535
39260,0.001015,172.31.40.0-255,66,101223,73,325535
39261,0.001044,172.217.194.0-255,7156,108379,73,325535
39262,0.001048,172.31.40.0-255,66,108445,73,325535
39263,0.001062,172.217.194.0-255,5738,114183,73,325535
39264,0.001064,172.31.40.0-255,66,114249,73,325535
39265,0.00109,172.31.40.0-255,66,114315,73,325535
39266,0.001094,172.217.194.0-255,2184,116499,73,325535
39267,0.001096,172.31.40.0-255,66,116565,73,325535
39268,0.001146,172.31.40.0-255,66,116631,73,325535
39269,0.001161,172.31.40.0-255,66,116697,73,325535
39270,0.00118,172.217.194.0-255,1484,118181,73,325535
39271,0.001187,172.217.194.0-255,6438,124619,73,325535
39272,0.001189,172.31.40.0-255,66,124685,73,325535
39273,0.001261,172.217.194.0-255,1484,126169,73,325535
39274,0.00128,172.217.194.0-255,2902,129071,73,325535
39275,0.001283,172.31.40.0-255,66,129137,73,325535
39276,0.001289,172.217.194.0-255,5738,134875,73,325535
39277,0.001291,172.31.40.0-255,66,134941,73,325535
39278,0.001302,172.217.194.0-255,2902,137843,73,325535
39279,0.001304,172.31.40.0-255,66,137909,73,325535
39280,0.001342,172.31.40.0-255,66,137975,73,325535
39281,0.001348,172.217.194.0-255,5738,143713,73,325535
39282,0.00135,172.31.40.0-255,66,143779,73,325535
39283,0.001406,172.217.194.0-255,5020,148799,73,325535
39284,0.001409,172.31.40.0-255,66,148865,73,325535
39285,0.001808,172.217.194.0-255,1484,150349,73,325535
39286,0.001814,172.217.194.0-255,2902,153251,73,325535
39287,0.001817,172.31.40.0-255,66,153317,73,325535
39288,0.001842,172.217.194.0-255,5738,159055,73,325535
39289,0.001845,172.31.40.0-255,66,159121,73,325535
39290,0.001848,172.217.194.0-255,1484,160605,73,325535
39291,0.001856,172.31.40.0-255,66,160671,73,325535
39292,0.001896,172.31.40.0-255,66,160737,73,325535
39293,0.001913,172.217.194.0-255,5020,165757,73,325535
39294,0.001915,172.31.40.0-255,66,165823,73,325535
39295,0.001952,172.217.194.0-255,1484,167307,73,325535
39296,0.001967,172.217.194.0-255,7156,174463,73,325535
39297,0.001969,172.31.40.0-255,66,174529,73,325535
39298,0.00199,172.217.194.0-255,2902,177431,73,325535
39299,0.001992,172.31.40.0-255,66,177497,73,325535
39300,0.002001,172.217.194.0-255,4320,181817,73,325535
39301,0.002003,172.31.40.0-255,66,181883,73,325535
39302,0.002035,172.31.40.0-255,66,181949,73,325535
39303,0.002045,172.31.40.0-255,66,182015,73,325535
39304,0.00212,172.217.194.0-255,1484,183499,73,325535
39305,0.002134,172.217.194.0-255,2902,186401,73,325535
39306,0.002136,172.31.40.0-255,66,186467,73,325535
39307,0.002164,172.217.194.0-255,5738,192205,73,325535
39308,0.002174,172.31.40.0-255,66,192271,73,325535
39309,0.002177,172.31.40.0-255,66,192337,73,325535
39310,0.002189,172.217.194.0-255,4320,196657,73,325535
39311,0.002191,172.31.40.0-255,66,196723,73,325535
39312,0.002195,172.217.194.0-255,2902,199625,73,325535
39313,0.002197,172.31.40.0-255,66,199691,73,325535
39314,0.002212,172.217.194.0-255,4320,204011,73,325535
39315,0.002214,172.31.40.0-255,66,204077,73,325535
39316,0.002227,172.217.194.0-255,3602,207679,73,325535
39317,0.002229,172.31.40.0-255,66,207745,73,325535
39318,0.002232,172.217.194.0-255,1484,209229,73,325535
39319,0.002258,172.217.194.0-255,2902,212131,73,325535
39320,0.002262,172.31.40.0-255,66,212197,73,325535
39321,0.002265,172.217.194.0-255,2902,215099,73,325535
39322,0.002267,172.31.40.0-255,66,215165,73,325535
39323,0.004502,172.217.194.0-255,5738,220903,73,325535
39324,0.004512,172.31.40.0-255,66,220969,73,325535
39325,0.006749,172.217.194.0-255,5738,226707,73,325535
39326,0.006759,172.31.40.0-255,66,226773,73,325535
39327,0.008972,172.217.194.0-255,5738,232511,73,325535
39328,0.008979,172.31.40.0-255,66,232577,73,325535
39329,0.011205,172.217.194.0-255,5738,238315,73,325535
39330,0.011211,172.31.40.0-255,66,238381,73,325535
39331,0.01344,172.217.194.0-255,5738,244119,73,325535
39332,0.013453,172.31.40.0-255,66,244185,73,325535
39333,0.015685,172.217.194.0-255,5738,249923,73,325535
39334,0.015699,172.31.40.0-255,66,249989,73,325535
39335,0.017914,172.217.194.0-255,5738,255727,73,325535
39336,0.017926,172.31.40.0-255,66,255793,73,325535
39337,0.020185,172.217.194.0-255,5738,261531,73,325535
39338,0.020194,172.31.40.0-255,66,261597,73,325535
39339,0.022428,172.217.194.0-255,5738,267335,73,325535
39340,0.022437,172.31.40.0-255,66,267401,73,325535
39341,0.024649,172.217.194.0-255,5738,273139,73,325535
39342,0.024658,172.31.40.0-255,66,273205,73,325535
39343,0.026899,172.217.194.0-255,5738,278943,73,325535
39344,0.026908,172.31.40.0-255,66,279009,73,325535
39345,0.029168,172.217.194.0-255,5738,284747,73,325535
39346,0.029181,172.31.40.0-255,66,284813,73,325535
39347,0.031432,172.217.194.0-255,5738,290551,73,325535
39348,0.031438,172.31.40.0-255,66,290617,73,325535
39349,0.033667,172.217.194.0-255,5738,296355,73,325535
39350,0.033673,172.31.40.0-255,66,296421,73,325535
39351,0.035903,172.217.194.0-255,5738,302159,73,325535
39352,0.035912,172.31.40.0-255,66,302225,73,325535
39353,0.038175,172.217.194.0-255,5738,307963,73,325535
39354,0.038191,172.31.40.0-255,66,308029,73,325535
39355,0.040399,172.217.194.0-255,5738,313767,73,325535
39356,0.040413,172.31.40.0-255,66,313833,73,325535
39357,0.042645,172.217.194.0-255,5738,319571,73,325535
39358,0.042652,172.31.40.0-255,66,319637,73,325535
39359,0.044875,172.217.194.0-255,5661,325298,73,325535
39360,0.044881,172.31.40.0-255,66,325364,73,325535
39361,0.045035,172.31.40.0-255,105,325469,73,325535
39362,0.047238,172.217.194.0-255,66,325535,73,325535
39363,0.0,172.31.40.0-255,105,105,73,525
39364,0.000163,172.31.40.0-255,90,195,73,525
39365,0.000174,172.31.40.0-255,66,261,73,525
39366,0.002633,172.217.194.0-255,66,327,73,525
39367,0.002644,172.217.194.0-255,66,393,73,525
39368,0.00265,172.31.40.0-255,66,459,73,525
39369,0.002715,172.217.194.0-255,66,525,73,525
39370,0.0,74.125.24.0-255,222,222,73,217355
39371,2.6e-05,172.31.40.0-255,66,288,73,217355
39372,3.3e-05,74.125.24.0-255,1484,1772,73,217355
39373,3.8e-05,172.31.40.0-255,66,1838,73,217355
39374,4.5e-05,74.125.24.0-255,4320,6158,73,217355
39375,4.7e-05,172.31.40.0-255,66,6224,73,217355
39376,5.9e-05,172.31.40.0-255,66,6290,73,217355
39377,6.2e-05,74.125.24.0-255,1484,7774,73,217355
39378,6.5e-05,172.31.40.0-255,66,7840,73,217355
39379,9.5e-05,74.125.24.0-255,7156,14996,73,217355
39380,9.8e-05,172.31.40.0-255,66,15062,73,217355
39381,0.000109,172.31.40.0-255,66,15128,73,217355
39382,0.00031,74.125.24.0-255,1484,16612,73,217355
39383,0.000315,172.31.40.0-255,66,16678,73,217355
39384,0.00032,74.125.24.0-255,2902,19580,73,217355
39385,0.000322,172.31.40.0-255,66,19646,73,217355
39386,0.000328,74.125.24.0-255,5738,25384,73,217355
39387,0.000331,172.31.40.0-255,66,25450,73,217355
39388,0.000334,74.125.24.0-255,1484,26934,73,217355
39389,0.000336,172.31.40.0-255,66,27000,73,217355
39390,0.000366,74.125.24.0-255,5379,32379,73,217355
39391,0.000369,172.31.40.0-255,66,32445,73,217355
39392,0.000383,172.31.40.0-255,66,32511,73,217355
39393,0.000387,74.125.24.0-255,2858,35369,73,217355
39394,0.00039,172.31.40.0-255,66,35435,73,217355
39395,0.000565,74.125.24.0-255,108,35543,73,217355
39396,0.00057,172.31.40.0-255,66,35609,73,217355
39397,0.000686,74.125.24.0-255,1484,37093,73,217355
39398,0.000691,172.31.40.0-255,66,37159,73,217355
39399,0.000696,74.125.24.0-255,2902,40061,73,217355
39400,0.000734,74.125.24.0-255,2902,42963,73,217355
39401,0.000747,172.31.40.0-255,66,43029,73,217355
39402,0.000757,74.125.24.0-255,2902,45931,73,217355
39403,0.000803,172.31.40.0-255,66,45997,73,217355
39404,0.000834,172.31.40.0-255,66,46063,73,217355
39405,0.001159,74.125.24.0-255,1484,47547,73,217355
39406,0.001166,74.125.24.0-255,2902,50449,73,217355
39407,0.001169,172.31.40.0-255,66,50515,73,217355
39408,0.001175,74.125.24.0-255,4320,54835,73,217355
39409,0.001191,74.125.24.0-255,1484,56319,73,217355
39410,0.001196,74.125.24.0-255,4320,60639,73,217355
39411,0.001223,172.31.40.0-255,66,60705,73,217355
39412,0.001232,74.125.24.0-255,2902,63607,73,217355
39413,0.001237,74.125.24.0-255,4320,67927,73,217355
39414,0.001242,172.31.40.0-255,66,67993,73,217355
39415,0.001252,74.125.24.0-255,3602,71595,73,217355
39416,0.001273,172.31.40.0-255,66,71661,73,217355
39417,0.001467,74.125.24.0-255,1484,73145,73,217355
39418,0.001472,74.125.24.0-255,2902,76047,73,217355
39419,0.001483,172.31.40.0-255,66,76113,73,217355
39420,0.001489,74.125.24.0-255,4320,80433,73,217355
39421,0.001504,74.125.24.0-255,1484,81917,73,217355
39422,0.001527,172.31.40.0-255,66,81983,73,217355
39423,0.001531,74.125.24.0-255,2902,84885,73,217355
39424,0.001536,172.31.40.0-255,66,84951,73,217355
39425,0.001575,172.31.40.0-255,66,85017,73,217355
39426,0.001778,74.125.24.0-255,1484,86501,73,217355
39427,0.001783,74.125.24.0-255,1484,87985,73,217355
39428,0.001786,172.31.40.0-255,66,88051,73,217355
39429,0.001807,74.125.24.0-255,1484,89535,73,217355
39430,0.001814,74.125.24.0-255,5738,95273,73,217355
39431,0.001828,172.31.40.0-255,66,95339,73,217355
39432,0.001855,172.31.40.0-255,66,95405,73,217355
39433,0.001883,172.31.40.0-255,66,95471,73,217355
39434,0.004149,74.125.24.0-255,5738,101209,73,217355
39435,0.004166,172.31.40.0-255,66,101275,73,217355
39436,0.006435,74.125.24.0-255,5738,107013,73,217355
39437,0.006448,172.31.40.0-255,66,107079,73,217355
39438,0.008691,74.125.24.0-255,5738,112817,73,217355
39439,0.008695,172.31.40.0-255,66,112883,73,217355
39440,0.01093,74.125.24.0-255,5738,118621,73,217355
39441,0.010942,172.31.40.0-255,66,118687,73,217355
39442,0.013188,74.125.24.0-255,5738,124425,73,217355
39443,0.013207,172.31.40.0-255,66,124491,73,217355
39444,0.015483,74.125.24.0-255,5738,130229,73,217355
39445,0.015502,172.31.40.0-255,66,130295,73,217355
39446,0.01778,74.125.24.0-255,5738,136033,73,217355
39447,0.017797,172.31.40.0-255,66,136099,73,217355
39448,0.020062,74.125.24.0-255,5738,141837,73,217355
39449,0.020076,172.31.40.0-255,66,141903,73,217355
39450,0.022328,74.125.24.0-255,5738,147641,73,217355
39451,0.02235,172.31.40.0-255,66,147707,73,217355
39452,0.024671,74.125.24.0-255,5738,153445,73,217355
39453,0.02469,172.31.40.0-255,66,153511,73,217355
39454,0.026963,74.125.24.0-255,5738,159249,73,217355
39455,0.026977,172.31.40.0-255,66,159315,73,217355
39456,0.02925,74.125.24.0-255,5738,165053,73,217355
39457,0.02927,172.31.40.0-255,66,165119,73,217355
39458,0.03151,74.125.24.0-255,5738,170857,73,217355
39459,0.031526,172.31.40.0-255,66,170923,73,217355
39460,0.033763,74.125.24.0-255,5738,176661,73,217355
39461,0.033779,172.31.40.0-255,66,176727,73,217355
39462,0.036029,74.125.24.0-255,5738,182465,73,217355
39463,0.036048,172.31.40.0-255,66,182531,73,217355
39464,0.038386,74.125.24.0-255,5738,188269,73,217355
39465,0.038407,172.31.40.0-255,66,188335,73,217355
39466,0.040702,74.125.24.0-255,5738,194073,73,217355
39467,0.04072,172.31.40.0-255,66,194139,73,217355
39468,0.043064,74.125.24.0-255,5738,199877,73,217355
39469,0.043094,172.31.40.0-255,66,199943,73,217355
39470,0.045341,74.125.24.0-255,5738,205681,73,217355
39471,0.045352,172.31.40.0-255,66,205747,73,217355
39472,0.047597,74.125.24.0-255,5738,211485,73,217355
39473,0.047612,172.31.40.0-255,66,211551,73,217355
39474,0.049868,74.125.24.0-255,5738,217289,73,217355
39475,0.04988,172.31.40.0-255,66,217355,73,217355
39476,0.0,74.125.24.0-255,143,143,73,316190
39477,2.4e-05,172.31.40.0-255,66,209,73,316190
39478,3e-05,74.125.24.0-255,1484,1693,73,316190
39479,3.5e-05,172.31.40.0-255,66,1759,73,316190
39480,4.1e-05,74.125.24.0-255,2902,4661,73,316190
39481,4.4e-05,172.31.40.0-255,66,4727,73,316190
39482,5.2e-05,74.125.24.0-255,7156,11883,73,316190
39483,5.5e-05,172.31.40.0-255,66,11949,73,316190
39484,5.9e-05,74.125.24.0-255,2157,14106,73,316190
39485,6.2e-05,172.31.40.0-255,66,14172,73,316190
39486,6.6e-05,74.125.24.0-255,2902,17074,73,316190
39487,6.8e-05,172.31.40.0-255,66,17140,73,316190
39488,8.6e-05,74.125.24.0-255,2902,20042,73,316190
39489,8.8e-05,172.31.40.0-255,66,20108,73,316190
39490,0.000107,74.125.24.0-255,4320,24428,73,316190
39491,0.00011,172.31.40.0-255,66,24494,73,316190
39492,0.000117,74.125.24.0-255,5738,30232,73,316190
39493,0.000119,172.31.40.0-255,66,30298,73,316190
39494,0.000121,74.125.24.0-255,1125,31423,73,316190
39495,0.000123,172.31.40.0-255,66,31489,73,316190
39496,0.000135,74.125.24.0-255,1484,32973,73,316190
39497,0.000137,172.31.40.0-255,66,33039,73,316190
39498,0.000141,74.125.24.0-255,1484,34523,73,316190
39499,0.000144,172.31.40.0-255,66,34589,73,316190
39500,0.000168,74.125.24.0-255,2902,37491,73,316190
39501,0.00017,172.31.40.0-255,66,37557,73,316190
39502,0.000173,74.125.24.0-255,1484,39041,73,316190
39503,0.000175,172.31.40.0-255,66,39107,73,316190
39504,0.000183,74.125.24.0-255,7156,46263,73,316190
39505,0.000185,172.31.40.0-255,66,46329,73,316190
39506,0.000189,74.125.24.0-255,2902,49231,73,316190
39507,0.000191,172.31.40.0-255,66,49297,73,316190
39508,0.000231,172.31.40.0-255,66,49363,73,316190
39509,0.000235,74.125.24.0-255,2543,51906,73,316190
39510,0.000237,172.31.40.0-255,66,51972,73,316190
39511,0.000239,74.125.24.0-255,352,52324,73,316190
39512,0.000317,74.125.24.0-255,390,52714,73,316190
39513,0.00043,74.125.24.0-255,1484,54198,73,316190
39514,0.000435,172.31.40.0-255,66,54264,73,316190
39515,0.000439,74.125.24.0-255,1484,55748,73,316190
39516,0.000458,74.125.24.0-255,1484,57232,73,316190
39517,0.000461,172.31.40.0-255,66,57298,73,316190
39518,0.000468,74.125.24.0-255,5738,63036,73,316190
39519,0.00047,172.31.40.0-255,66,63102,73,316190
39520,0.000503,74.125.24.0-255,4320,67422,73,316190
39521,0.000506,172.31.40.0-255,66,67488,73,316190
39522,0.000522,74.125.24.0-255,2543,70031,73,316190
39523,0.000524,172.31.40.0-255,66,70097,73,316190
39524,0.000547,74.125.24.0-255,1484,71581,73,316190
39525,0.000552,74.125.24.0-255,2902,74483,73,316190
39526,0.000554,172.31.40.0-255,66,74549,73,316190
39527,0.000576,74.125.24.0-255,5738,80287,73,316190
39528,0.00058,172.31.40.0-255,66,80353,73,316190
39529,0.000601,74.125.24.0-255,1484,81837,73,316190
39530,0.000618,74.125.24.0-255,5379,87216,73,316190
39531,0.000621,172.31.40.0-255,66,87282,73,316190
39532,0.000821,74.125.24.0-255,1484,88766,73,316190
39533,0.000826,74.125.24.0-255,2902,91668,73,316190
39534,0.000829,172.31.40.0-255,66,91734,73,316190
39535,0.000837,74.125.24.0-255,5738,97472,73,316190
39536,0.000839,172.31.40.0-255,66,97538,73,316190
39537,0.000876,172.31.40.0-255,66,97604,73,316190
39538,0.000914,74.125.24.0-255,5738,103342,73,316190
39539,0.000917,172.31.40.0-255,66,103408,73,316190
39540,0.000954,172.31.40.0-255,66,103474,73,316190
39541,0.001468,74.125.24.0-255,1484,104958,73,316190
39542,0.001474,74.125.24.0-255,2902,107860,73,316190
39543,0.001478,172.31.40.0-255,66,107926,73,316190
39544,0.001494,74.125.24.0-255,1484,109410,73,316190
39545,0.001507,74.125.24.0-255,4320,113730,73,316190
39546,0.001509,172.31.40.0-255,66,113796,73,316190
39547,0.00152,74.125.24.0-255,1484,115280,73,316190
39548,0.001536,74.125.24.0-255,4320,119600,73,316190
39549,0.001539,172.31.40.0-255,66,119666,73,316190
39550,0.001563,74.125.24.0-255,7156,126822,73,316190
39551,0.001566,172.31.40.0-255,66,126888,73,316190
39552,0.00157,74.125.24.0-255,2902,129790,73,316190
39553,0.001572,172.31.40.0-255,66,129856,73,316190
39554,0.001593,74.125.24.0-255,5738,135594,73,316190
39555,0.001596,172.31.40.0-255,66,135660,73,316190
39556,0.001614,74.125.24.0-255,2184,137844,73,316190
39557,0.001616,172.31.40.0-255,66,137910,73,316190
39558,0.001955,74.125.24.0-255,1484,139394,73,316190
39559,0.00196,74.125.24.0-255,2902,142296,73,316190
39560,0.001964,172.31.40.0-255,66,142362,73,316190
39561,0.001971,74.125.24.0-255,5738,148100,73,316190
39562,0.001973,172.31.40.0-255,66,148166,73,316190
39563,0.002002,172.31.40.0-255,66,148232,73,316190
39564,0.002005,74.125.24.0-255,1484,149716,73,316190
39565,0.002029,172.31.40.0-255,66,149782,73,316190
39566,0.002046,74.125.24.0-255,2184,151966,73,316190
39567,0.002049,172.31.40.0-255,66,152032,73,316190
39568,0.00215,74.125.24.0-255,1484,153516,73,316190
39569,0.002168,74.125.24.0-255,2902,156418,73,316190
39570,0.002172,74.125.24.0-255,2902,159320,73,316190
39571,0.002178,172.31.40.0-255,66,159386,73,316190
39572,0.002185,172.31.40.0-255,66,159452,73,316190
39573,0.00219,74.125.24.0-255,2902,162354,73,316190
39574,0.002192,172.31.40.0-255,66,162420,73,316190
39575,0.002195,74.125.24.0-255,1484,163904,73,316190
39576,0.002235,172.31.40.0-255,66,163970,73,316190
39577,0.002242,74.125.24.0-255,5738,169708,73,316190
39578,0.002244,172.31.40.0-255,66,169774,73,316190
39579,0.002259,74.125.24.0-255,5020,174794,73,316190
39580,0.002261,172.31.40.0-255,66,174860,73,316190
39581,0.002354,74.125.24.0-255,1484,176344,73,316190
39582,0.002369,74.125.24.0-255,2902,179246,73,316190
39583,0.002372,172.31.40.0-255,66,179312,73,316190
39584,0.002396,74.125.24.0-255,5738,185050,73,316190
39585,0.002398,172.31.40.0-255,66,185116,73,316190
39586,0.002409,74.125.24.0-255,4320,189436,73,316190
39587,0.002411,172.31.40.0-255,66,189502,73,316190
39588,0.002432,74.125.24.0-255,2902,192404,73,316190
39589,0.002434,172.31.40.0-255,66,192470,73,316190
39590,0.002451,74.125.24.0-255,2902,195372,73,316190
39591,0.002454,172.31.40.0-255,66,195438,73,316190
39592,0.004748,74.125.24.0-255,5738,201176,73,316190
39593,0.004755,172.31.40.0-255,66,201242,73,316190
39594,0.007069,74.125.24.0-255,5738,206980,73,316190
39595,0.007075,172.31.40.0-255,66,207046,73,316190
39596,0.009477,74.125.24.0-255,5738,212784,73,316190
39597,0.009493,172.31.40.0-255,66,212850,73,316190
39598,0.012089,74.125.24.0-255,5738,218588,73,316190
39599,0.012097,172.31.40.0-255,66,218654,73,316190
39600,0.014735,74.125.24.0-255,5738,224392,73,316190
39601,0.014754,172.31.40.0-255,66,224458,73,316190
39602,0.01727,74.125.24.0-255,4320,228778,73,316190
39603,0.017278,172.31.40.0-255,66,228844,73,316190
39604,0.017298,74.125.24.0-255,1484,230328,73,316190
39605,0.019617,74.125.24.0-255,2902,233230,73,316190
39606,0.019625,172.31.40.0-255,66,233296,73,316190
39607,0.019645,74.125.24.0-255,1484,234780,73,316190
39608,0.021961,74.125.24.0-255,4320,239100,73,316190
39609,0.021972,172.31.40.0-255,66,239166,73,316190
39610,0.024323,74.125.24.0-255,5738,244904,73,316190
39611,0.024331,172.31.40.0-255,66,244970,73,316190
39612,0.026639,74.125.24.0-255,5738,250708,73,316190
39613,0.026647,172.31.40.0-255,66,250774,73,316190
39614,0.028967,74.125.24.0-255,5738,256512,73,316190
39615,0.028975,172.31.40.0-255,66,256578,73,316190
39616,0.031305,74.125.24.0-255,5738,262316,73,316190
39617,0.031313,172.31.40.0-255,66,262382,73,316190
39618,0.033611,74.125.24.0-255,5738,268120,73,316190
39619,0.033618,172.31.40.0-255,66,268186,73,316190
39620,0.035188,172.31.40.0-255,172,268358,73,316190
39621,0.035221,172.31.40.0-255,1110,269468,73,316190
39622,0.035282,172.31.40.0-255,1514,270982,73,316190
39623,0.035284,172.31.40.0-255,1514,272496,73,316190
39624,0.035289,172.31.40.0-255,1514,274010,73,316190
39625,0.03529,172.31.40.0-255,1288,275298,73,316190
39626,0.035914,74.125.24.0-255,5738,281036,73,316190
39627,0.035922,172.31.40.0-255,66,281102,73,316190
39628,0.036794,104.244.42.0-255,66,281168,73,316190
39629,0.036822,104.244.42.0-255,66,281234,73,316190
39630,0.036863,104.244.42.0-255,66,281300,73,316190
39631,0.036877,104.244.42.0-255,66,281366,73,316190
39632,0.038229,74.125.24.0-255,5738,287104,73,316190
39633,0.038235,172.31.40.0-255,66,287170,73,316190
39634,0.040536,74.125.24.0-255,5738,292908,73,316190
39635,0.040542,172.31.40.0-255,66,292974,73,316190
39636,0.042877,74.125.24.0-255,5738,298712,73,316190
39637,0.042885,172.31.40.0-255,66,298778,73,316190
39638,0.045269,74.125.24.0-255,5738,304516,73,316190
39639,0.045276,172.31.40.0-255,66,304582,73,316190
39640,0.047572,74.125.24.0-255,5738,310320,73,316190
39641,0.047579,172.31.40.0-255,66,310386,73,316190
39642,0.049914,74.125.24.0-255,5738,316124,73,316190
39643,0.049921,172.31.40.0-255,66,316190,73,316190
39644,0.0,74.125.24.0-255,150,150,73,177934
39645,2.2e-05,172.31.40.0-255,66,216,73,177934
39646,2.9e-05,74.125.24.0-255,1484,1700,73,177934
39647,3.4e-05,172.31.40.0-255,66,1766,73,177934
39648,3.8e-05,74.125.24.0-255,1484,3250,73,177934
39649,4e-05,172.31.40.0-255,66,3316,73,177934
39650,6.8e-05,74.125.24.0-255,1484,4800,73,177934
39651,7.1e-05,172.31.40.0-255,66,4866,73,177934
39652,7.7e-05,74.125.24.0-255,4320,9186,73,177934
39653,8e-05,172.31.40.0-255,66,9252,73,177934
39654,9.7e-05,74.125.24.0-255,4320,13572,73,177934
39655,9.9e-05,172.31.40.0-255,66,13638,73,177934
39656,0.000129,74.125.24.0-255,4860,18498,73,177934
39657,0.000132,172.31.40.0-255,66,18564,73,177934
39658,0.000144,172.31.40.0-255,66,18630,73,177934
39659,0.000175,172.31.40.0-255,66,18696,73,177934
39660,0.000207,172.31.40.0-255,66,18762,73,177934
39661,0.00022,172.31.40.0-255,66,18828,73,177934
39662,0.000241,74.125.24.0-255,1484,20312,73,177934
39663,0.000243,172.31.40.0-255,66,20378,73,177934
39664,0.000265,74.125.24.0-255,4320,24698,73,177934
39665,0.000268,172.31.40.0-255,66,24764,73,177934
39666,0.000283,74.125.24.0-255,296,25060,73,177934
39667,0.000285,172.31.40.0-255,66,25126,73,177934
39668,0.000333,74.125.24.0-255,1484,26610,73,177934
39669,0.000336,172.31.40.0-255,66,26676,73,177934
39670,0.000352,74.125.24.0-255,2902,29578,73,177934
39671,0.000355,172.31.40.0-255,66,29644,73,177934
39672,0.000358,74.125.24.0-255,1484,31128,73,177934
39673,0.000383,74.125.24.0-255,4320,35448,73,177934
39674,0.000397,74.125.24.0-255,1484,36932,73,177934
39675,0.00053,172.31.40.0-255,66,36998,73,177934
39676,0.000878,74.125.24.0-255,1484,38482,73,177934
39677,0.000885,74.125.24.0-255,2902,41384,73,177934
39678,0.000895,172.31.40.0-255,66,41450,73,177934
39679,0.000912,74.125.24.0-255,5738,47188,73,177934
39680,0.000918,74.125.24.0-255,5738,52926,73,177934
39681,0.000933,74.125.24.0-255,1484,54410,73,177934
39682,0.000959,74.125.24.0-255,5020,59430,73,177934
39683,0.000994,172.31.40.0-255,66,59496,73,177934
39684,0.000999,172.31.40.0-255,66,59562,73,177934
39685,0.001305,74.125.24.0-255,1484,61046,73,177934
39686,0.001312,74.125.24.0-255,2902,63948,73,177934
39687,0.001315,172.31.40.0-255,66,64014,73,177934
39688,0.001337,74.125.24.0-255,5738,69752,73,177934
39689,0.001344,172.31.40.0-255,66,69818,73,177934
39690,0.001395,74.125.24.0-255,766,70584,73,177934
39691,0.001405,172.31.40.0-255,66,70650,73,177934
39692,0.001433,74.125.24.0-255,2902,73552,73,177934
39693,0.001441,172.31.40.0-255,66,73618,73,177934
39694,0.001471,172.31.40.0-255,66,73684,73,177934
39695,0.001517,172.31.40.0-255,66,73750,73,177934
39696,0.00152,74.125.24.0-255,1484,75234,73,177934
39697,0.001524,74.125.24.0-255,2902,78136,73,177934
39698,0.00153,74.125.24.0-255,5738,83874,73,177934
39699,0.001538,172.31.40.0-255,66,83940,73,177934
39700,0.001547,74.125.24.0-255,2902,86842,73,177934
39701,0.001566,74.125.24.0-255,7156,93998,73,177934
39702,0.001575,172.31.40.0-255,66,94064,73,177934
39703,0.001594,74.125.24.0-255,2902,96966,73,177934
39704,0.0016,74.125.24.0-255,4320,101286,73,177934
39705,0.001605,172.31.40.0-255,66,101352,73,177934
39706,0.001635,74.125.24.0-255,7156,108508,73,177934
39707,0.001651,74.125.24.0-255,5738,114246,73,177934
39708,0.001656,172.31.40.0-255,66,114312,73,177934
39709,0.001712,172.31.40.0-255,66,114378,73,177934
39710,0.001727,74.125.24.0-255,766,115144,73,177934
39711,0.001736,74.125.24.0-255,7156,122300,73,177934
39712,0.00175,172.31.40.0-255,66,122366,73,177934
39713,0.00185,172.31.40.0-255,66,122432,73,177934
39714,0.001881,74.125.24.0-255,3602,126034,73,177934
39715,0.001928,74.125.24.0-255,6438,132472,73,177934
39716,0.001933,74.125.24.0-255,4320,136792,73,177934
39717,0.001936,172.31.40.0-255,66,136858,73,177934
39718,0.001941,172.31.40.0-255,66,136924,73,177934
39719,0.001956,74.125.24.0-255,4320,141244,73,177934
39720,0.00197,74.125.24.0-255,2902,144146,73,177934
39721,0.001976,74.125.24.0-255,4320,148466,73,177934
39722,0.001991,74.125.24.0-255,4320,152786,73,177934
39723,0.001999,172.31.40.0-255,66,152852,73,177934
39724,0.002037,172.31.40.0-255,66,152918,73,177934
39725,0.002142,74.125.24.0-255,1484,154402,73,177934
39726,0.002158,74.125.24.0-255,2902,157304,73,177934
39727,0.00216,74.125.24.0-255,1484,158788,73,177934
39728,0.002167,172.31.40.0-255,66,158854,73,177934
39729,0.002179,74.125.24.0-255,4320,163174,73,177934
39730,0.002183,74.125.24.0-255,2902,166076,73,177934
39731,0.002186,74.125.24.0-255,1484,167560,73,177934
39732,0.002188,74.125.24.0-255,963,168523,73,177934
39733,0.002191,74.125.24.0-255,97,168620,73,177934
39734,0.002211,172.31.40.0-255,66,168686,73,177934
39735,0.002269,74.125.24.0-255,105,168791,73,177934
39736,0.011043,172.31.40.0-255,66,168857,73,177934
39737,0.011085,172.31.40.0-255,105,168962,73,177934
39738,0.013073,74.125.24.0-255,66,169028,73,177934
39739,0.031118,172.31.40.0-255,172,169200,73,177934
39740,0.03115,172.31.40.0-255,1115,170315,73,177934
39741,0.031216,172.31.40.0-255,1514,171829,73,177934
39742,0.031218,172.31.40.0-255,1514,173343,73,177934
39743,0.031222,172.31.40.0-255,1514,174857,73,177934
39744,0.031223,172.31.40.0-255,1514,176371,73,177934
39745,0.031252,172.31.40.0-255,1299,177670,73,177934
39746,0.032717,104.244.42.0-255,66,177736,73,177934
39747,0.032773,104.244.42.0-255,66,177802,73,177934
39748,0.032816,104.244.42.0-255,66,177868,73,177934
39749,0.03283,104.244.42.0-255,66,177934,73,177934
39750,0.0,74.125.24.0-255,151,151,73,223299
39751,2.2e-05,172.31.40.0-255,66,217,73,223299
39752,3e-05,74.125.24.0-255,1484,1701,73,223299
39753,3.4e-05,172.31.40.0-255,66,1767,73,223299
39754,3.9e-05,74.125.24.0-255,2902,4669,73,223299
39755,4.2e-05,172.31.40.0-255,66,4735,73,223299
39756,4.8e-05,74.125.24.0-255,4320,9055,73,223299
39757,5.1e-05,172.31.40.0-255,66,9121,73,223299
39758,8e-05,74.125.24.0-255,4829,13950,73,223299
39759,8.3e-05,172.31.40.0-255,66,14016,73,223299
39760,0.000284,74.125.24.0-255,1484,15500,73,223299
39761,0.000289,172.31.40.0-255,66,15566,73,223299
39762,0.000295,74.125.24.0-255,2902,18468,73,223299
39763,0.000297,172.31.40.0-255,66,18534,73,223299
39764,0.000304,74.125.24.0-255,5738,24272,73,223299
39765,0.000306,172.31.40.0-255,66,24338,73,223299
39766,0.000338,74.125.24.0-255,5738,30076,73,223299
39767,0.000341,172.31.40.0-255,66,30142,73,223299
39768,0.000361,74.125.24.0-255,1125,31267,73,223299
39769,0.000363,172.31.40.0-255,66,31333,73,223299
39770,0.000371,74.125.24.0-255,7156,38489,73,223299
39771,0.000374,172.31.40.0-255,66,38555,73,223299
39772,0.000379,74.125.24.0-255,4320,42875,73,223299
39773,0.000382,172.31.40.0-255,66,42941,73,223299
39774,0.000407,74.125.24.0-255,5379,48320,73,223299
39775,0.00041,172.31.40.0-255,66,48386,73,223299
39776,0.000797,74.125.24.0-255,1484,49870,73,223299
39777,0.000804,74.125.24.0-255,2902,52772,73,223299
39778,0.00081,172.31.40.0-255,66,52838,73,223299
39779,0.000814,172.31.40.0-255,66,52904,73,223299
39780,0.000828,74.125.24.0-255,5738,58642,73,223299
39781,0.000831,172.31.40.0-255,66,58708,73,223299
39782,0.000854,74.125.24.0-255,4320,63028,73,223299
39783,0.000856,172.31.40.0-255,66,63094,73,223299
39784,0.000874,74.125.24.0-255,2543,65637,73,223299
39785,0.000877,172.31.40.0-255,66,65703,73,223299
39786,0.00088,74.125.24.0-255,646,66349,73,223299
39787,0.000909,74.125.24.0-255,1484,67833,73,223299
39788,0.000911,172.31.40.0-255,66,67899,73,223299
39789,0.000914,74.125.24.0-255,1484,69383,73,223299
39790,0.000934,74.125.24.0-255,2902,72285,73,223299
39791,0.000936,172.31.40.0-255,66,72351,73,223299
39792,0.000941,74.125.24.0-255,4320,76671,73,223299
39793,0.000943,172.31.40.0-255,66,76737,73,223299
39794,0.000969,74.125.24.0-255,5738,82475,73,223299
39795,0.000971,172.31.40.0-255,66,82541,73,223299
39796,0.000998,74.125.24.0-255,7156,89697,73,223299
39797,0.001001,172.31.40.0-255,66,89763,73,223299
39798,0.001014,172.31.40.0-255,66,89829,73,223299
39799,0.002093,74.125.24.0-255,1484,91313,73,223299
39800,0.002103,74.125.24.0-255,2902,94215,73,223299
39801,0.002108,172.31.40.0-255,66,94281,73,223299
39802,0.002127,74.125.24.0-255,1484,95765,73,223299
39803,0.002145,74.125.24.0-255,4320,100085,73,223299
39804,0.002147,172.31.40.0-255,66,100151,73,223299
39805,0.002161,74.125.24.0-255,1484,101635,73,223299
39806,0.002168,74.125.24.0-255,5738,107373,73,223299
39807,0.00217,172.31.40.0-255,66,107439,73,223299
39808,0.002189,74.125.24.0-255,7156,114595,73,223299
39809,0.002191,172.31.40.0-255,66,114661,73,223299
39810,0.002237,172.31.40.0-255,66,114727,73,223299
39811,0.002253,74.125.24.0-255,766,115493,73,223299
39812,0.002328,74.125.24.0-255,1484,116977,73,223299
39813,0.002331,172.31.40.0-255,66,117043,73,223299
39814,0.002335,74.125.24.0-255,2902,119945,73,223299
39815,0.002337,172.31.40.0-255,66,120011,73,223299
39816,0.002356,74.125.24.0-255,5738,125749,73,223299
39817,0.002358,172.31.40.0-255,66,125815,73,223299
39818,0.002393,172.31.40.0-255,66,125881,73,223299
39819,0.002427,74.125.24.0-255,5738,131619,73,223299
39820,0.002429,172.31.40.0-255,66,131685,73,223299
39821,0.002452,74.125.24.0-255,5020,136705,73,223299
39822,0.002455,172.31.40.0-255,66,136771,73,223299
39823,0.002475,74.125.24.0-255,4320,141091,73,223299
39824,0.002477,172.31.40.0-255,66,141157,73,223299
39825,0.002497,74.125.24.0-255,2902,144059,73,223299
39826,0.0025,172.31.40.0-255,66,144125,73,223299
39827,0.00251,172.31.40.0-255,66,144191,73,223299
39828,0.002515,74.125.24.0-255,4320,148511,73,223299
39829,0.002517,172.31.40.0-255,66,148577,73,223299
39830,0.002545,172.31.40.0-255,66,148643,73,223299
39831,0.002548,74.125.24.0-255,766,149409,73,223299
39832,0.00264,74.125.24.0-255,1484,150893,73,223299
39833,0.002643,172.31.40.0-255,66,150959,73,223299
39834,0.002667,74.125.24.0-255,2902,153861,73,223299
39835,0.00267,172.31.40.0-255,66,153927,73,223299
39836,0.002676,74.125.24.0-255,5738,159665,73,223299
39837,0.002678,172.31.40.0-255,66,159731,73,223299
39838,0.002689,172.31.40.0-255,66,159797,73,223299
39839,0.002709,74.125.24.0-255,4320,164117,73,223299
39840,0.002711,172.31.40.0-255,66,164183,73,223299
39841,0.002726,74.125.24.0-255,1484,165667,73,223299
39842,0.002757,172.31.40.0-255,66,165733,73,223299
39843,0.002841,74.125.24.0-255,1484,167217,73,223299
39844,0.002857,74.125.24.0-255,2902,170119,73,223299
39845,0.002859,172.31.40.0-255,66,170185,73,223299
39846,0.002898,74.125.24.0-255,4320,174505,73,223299
39847,0.0029,172.31.40.0-255,66,174571,73,223299
39848,0.002924,74.125.24.0-255,1484,176055,73,223299
39849,0.002927,74.125.24.0-255,1484,177539,73,223299
39850,0.002939,172.31.40.0-255,66,177605,73,223299
39851,0.002942,74.125.24.0-255,1484,179089,73,223299
39852,0.002952,74.125.24.0-255,4320,183409,73,223299
39853,0.002955,172.31.40.0-255,66,183475,73,223299
39854,0.002966,172.31.40.0-255,66,183541,73,223299
39855,0.002973,74.125.24.0-255,6438,189979,73,223299
39856,0.002976,172.31.40.0-255,66,190045,73,223299
39857,0.002979,74.125.24.0-255,1484,191529,73,223299
39858,0.002991,172.31.40.0-255,66,191595,73,223299
39859,0.003002,172.31.40.0-255,66,191661,73,223299
39860,0.003033,172.31.40.0-255,66,191727,73,223299
39861,0.003035,74.125.24.0-255,766,192493,73,223299
39862,0.003038,74.125.24.0-255,1484,193977,73,223299
39863,0.00304,172.31.40.0-255,66,194043,73,223299
39864,0.003044,74.125.24.0-255,2902,196945,73,223299
39865,0.003046,172.31.40.0-255,66,197011,73,223299
39866,0.003049,74.125.24.0-255,1484,198495,73,223299
39867,0.003074,74.125.24.0-255,4320,202815,73,223299
39868,0.003077,172.31.40.0-255,66,202881,73,223299
39869,0.003079,74.125.24.0-255,1484,204365,73,223299
39870,0.003101,172.31.40.0-255,66,204431,73,223299
39871,0.003129,74.125.24.0-255,2902,207333,73,223299
39872,0.003132,172.31.40.0-255,66,207399,73,223299
39873,0.003143,172.31.40.0-255,66,207465,73,223299
39874,0.003145,74.125.24.0-255,1484,208949,73,223299
39875,0.003229,74.125.24.0-255,6438,215387,73,223299
39876,0.003255,74.125.24.0-255,1484,216871,73,223299
39877,0.003311,74.125.24.0-255,97,216968,73,223299
39878,0.003314,74.125.24.0-255,105,217073,73,223299
39879,0.007503,172.31.40.0-255,66,217139,73,223299
39880,0.0099,172.31.40.0-255,105,217244,73,223299
39881,0.012415,74.125.24.0-255,66,217310,73,223299
39882,0.029407,172.31.40.0-255,172,217482,73,223299
39883,0.029437,172.31.40.0-255,1115,218597,73,223299
39884,0.029503,172.31.40.0-255,1514,220111,73,223299
39885,0.029505,172.31.40.0-255,1514,221625,73,223299
39886,0.029508,172.31.40.0-255,1410,223035,73,223299
39887,0.030896,104.244.42.0-255,66,223101,73,223299
39888,0.030928,104.244.42.0-255,66,223167,73,223299
39889,0.031024,104.244.42.0-255,66,223233,73,223299
39890,0.031041,104.244.42.0-255,66,223299,73,223299
39891,0.0,172.217.24.0-255,153,153,73,210636
39892,2.5e-05,172.31.40.0-255,66,219,73,210636
39893,3.3e-05,172.217.24.0-255,1484,1703,73,210636
39894,3.8e-05,172.31.40.0-255,66,1769,73,210636
39895,6.9e-05,172.217.24.0-255,2902,4671,73,210636
39896,7.2e-05,172.31.40.0-255,66,4737,73,210636
39897,7.9e-05,172.217.24.0-255,4320,9057,73,210636
39898,8.1e-05,172.31.40.0-255,66,9123,73,210636
39899,9.2e-05,172.217.24.0-255,4876,13999,73,210636
39900,9.6e-05,172.31.40.0-255,66,14065,73,210636
39901,0.000748,172.217.24.0-255,1484,15549,73,210636
39902,0.000754,172.31.40.0-255,66,15615,73,210636
39903,0.000763,172.217.24.0-255,2902,18517,73,210636
39904,0.000766,172.31.40.0-255,66,18583,73,210636
39905,0.000777,172.217.24.0-255,5738,24321,73,210636
39906,0.000779,172.31.40.0-255,66,24387,73,210636
39907,0.000783,172.217.24.0-255,1484,25871,73,210636
39908,0.000785,172.31.40.0-255,66,25937,73,210636
39909,0.000814,172.217.24.0-255,2902,28839,73,210636
39910,0.000821,172.31.40.0-255,66,28905,73,210636
39911,0.000867,172.217.24.0-255,2543,31448,73,210636
39912,0.000872,172.31.40.0-255,66,31514,73,210636
39913,0.000951,172.217.24.0-255,1484,32998,73,210636
39914,0.000955,172.31.40.0-255,66,33064,73,210636
39915,0.000961,172.217.24.0-255,2902,35966,73,210636
39916,0.000964,172.31.40.0-255,66,36032,73,210636
39917,0.00097,172.217.24.0-255,5738,41770,73,210636
39918,0.000977,172.31.40.0-255,66,41836,73,210636
39919,0.001021,172.217.24.0-255,6797,48633,73,210636
39920,0.001025,172.31.40.0-255,66,48699,73,210636
39921,0.001361,172.217.24.0-255,1484,50183,73,210636
39922,0.001365,172.31.40.0-255,66,50249,73,210636
39923,0.001374,172.217.24.0-255,2902,53151,73,210636
39924,0.001378,172.217.24.0-255,1484,54635,73,210636
39925,0.001399,172.217.24.0-255,1484,56119,73,210636
39926,0.001405,172.217.24.0-255,4320,60439,73,210636
39927,0.001417,172.31.40.0-255,66,60505,73,210636
39928,0.001429,172.217.24.0-255,5668,66173,73,210636
39929,0.001434,172.31.40.0-255,66,66239,73,210636
39930,0.001882,172.217.24.0-255,135,66374,73,210636
39931,0.001907,172.31.40.0-255,66,66440,73,210636
39932,0.00338,172.217.24.0-255,4320,70760,73,210636
39933,0.003411,172.31.40.0-255,66,70826,73,210636
39934,0.003846,172.217.24.0-255,1484,72310,73,210636
39935,0.005357,172.217.24.0-255,4320,76630,73,210636
39936,0.005362,172.31.40.0-255,66,76696,73,210636
39937,0.007309,172.217.24.0-255,5738,82434,73,210636
39938,0.007351,172.31.40.0-255,66,82500,73,210636
39939,0.009294,172.217.24.0-255,5738,88238,73,210636
39940,0.009299,172.31.40.0-255,66,88304,73,210636
39941,0.011236,172.217.24.0-255,5738,94042,73,210636
39942,0.011241,172.31.40.0-255,66,94108,73,210636
39943,0.013188,172.217.24.0-255,5738,99846,73,210636
39944,0.013195,172.31.40.0-255,66,99912,73,210636
39945,0.015157,172.217.24.0-255,5738,105650,73,210636
39946,0.015163,172.31.40.0-255,66,105716,73,210636
39947,0.017108,172.217.24.0-255,5738,111454,73,210636
39948,0.017115,172.31.40.0-255,66,111520,73,210636
39949,0.019062,172.217.24.0-255,5738,117258,73,210636
39950,0.020192,172.31.40.0-255,66,117324,73,210636
39951,0.022148,172.217.24.0-255,5738,123062,73,210636
39952,0.022158,172.31.40.0-255,66,123128,73,210636
39953,0.024108,172.217.24.0-255,5738,128866,73,210636
39954,0.024117,172.31.40.0-255,66,128932,73,210636
39955,0.026059,172.217.24.0-255,5738,134670,73,210636
39956,0.026066,172.31.40.0-255,66,134736,73,210636
39957,0.028007,172.217.24.0-255,5738,140474,73,210636
39958,0.028015,172.31.40.0-255,66,140540,73,210636
39959,0.02996,172.217.24.0-255,5738,146278,73,210636
39960,0.029967,172.31.40.0-255,66,146344,73,210636
39961,0.031945,172.217.24.0-255,5738,152082,73,210636
39962,0.031952,172.31.40.0-255,66,152148,73,210636
39963,0.033298,172.31.40.0-255,172,152320,73,210636
39964,0.033331,172.31.40.0-255,1114,153434,73,210636
39965,0.033409,172.31.40.0-255,1514,154948,73,210636
39966,0.033411,172.31.40.0-255,1514,156462,73,210636
39967,0.033416,172.31.40.0-255,1514,157976,73,210636
39968,0.033417,172.31.40.0-255,160,158136,73,210636
39969,0.033896,172.217.24.0-255,5738,163874,73,210636
39970,0.033903,172.31.40.0-255,66,163940,73,210636
39971,0.034852,104.244.42.0-255,66,164006,73,210636
39972,0.03488,104.244.42.0-255,66,164072,73,210636
39973,0.034965,104.244.42.0-255,66,164138,73,210636
39974,0.034979,104.244.42.0-255,66,164204,73,210636
39975,0.035841,172.217.24.0-255,5738,169942,73,210636
39976,0.035846,172.31.40.0-255,66,170008,73,210636
39977,0.037779,172.217.24.0-255,5738,175746,73,210636
39978,0.037785,172.31.40.0-255,66,175812,73,210636
39979,0.039726,172.217.24.0-255,5738,181550,73,210636
39980,0.039734,172.31.40.0-255,66,181616,73,210636
39981,0.041686,172.217.24.0-255,5738,187354,73,210636
39982,0.041693,172.31.40.0-255,66,187420,73,210636
39983,0.043816,172.217.24.0-255,5738,193158,73,210636
39984,0.043822,172.31.40.0-255,66,193224,73,210636
39985,0.045779,172.217.24.0-255,5738,198962,73,210636
39986,0.045786,172.31.40.0-255,66,199028,73,210636
39987,0.047732,172.217.24.0-255,5738,204766,73,210636
39988,0.047739,172.31.40.0-255,66,204832,73,210636
39989,0.049691,172.217.24.0-255,5738,210570,73,210636
39990,0.049697,172.31.40.0-255,66,210636,73,210636
39991,0.0,74.125.68.0-255,146,146,73,307302
39992,2.3e-05,172.31.40.0-255,66,212,73,307302
39993,3e-05,74.125.68.0-255,1484,1696,73,307302
39994,3.5e-05,172.31.40.0-255,66,1762,73,307302
39995,4.7e-05,74.125.68.0-255,2902,4664,73,307302
39996,5.1e-05,172.31.40.0-255,66,4730,73,307302
39997,5.6e-05,74.125.68.0-255,2902,7632,73,307302
39998,5.9e-05,172.31.40.0-255,66,7698,73,307302
39999,9.1e-05,74.125.68.0-255,4320,12018,73,307302
40000,9.4e-05,172.31.40.0-255,66,12084,73,307302
40001,9.7e-05,74.125.68.0-255,1484,13568,73,307302
40002,0.0001,172.31.40.0-255,66,13634,73,307302
40003,0.000124,74.125.68.0-255,2047,15681,73,307302
40004,0.000127,172.31.40.0-255,66,15747,73,307302
40005,0.000152,74.125.68.0-255,5738,21485,73,307302
40006,0.000155,172.31.40.0-255,66,21551,73,307302
40007,0.000189,74.125.68.0-255,7156,28707,73,307302
40008,0.000192,172.31.40.0-255,66,28773,73,307302
40009,0.000196,74.125.68.0-255,2543,31316,73,307302
40010,0.000199,172.31.40.0-255,66,31382,73,307302
40011,0.000688,74.125.68.0-255,1484,32866,73,307302
40012,0.000693,74.125.68.0-255,1484,34350,73,307302
40013,0.000699,172.31.40.0-255,66,34416,73,307302
40014,0.000709,172.31.40.0-255,66,34482,73,307302
40015,0.000712,74.125.68.0-255,1484,35966,73,307302
40016,0.000714,172.31.40.0-255,66,36032,73,307302
40017,0.000725,74.125.68.0-255,4320,40352,73,307302
40018,0.000728,172.31.40.0-255,66,40418,73,307302
40019,0.000772,74.125.68.0-255,5738,46156,73,307302
40020,0.000775,172.31.40.0-255,66,46222,73,307302
40021,0.000806,74.125.68.0-255,2543,48765,73,307302
40022,0.000809,172.31.40.0-255,66,48831,73,307302
40023,0.00082,172.31.40.0-255,66,48897,73,307302
40024,0.000829,74.125.68.0-255,4320,53217,73,307302
40025,0.000832,172.31.40.0-255,66,53283,73,307302
40026,0.000876,74.125.68.0-255,3961,57244,73,307302
40027,0.00088,172.31.40.0-255,66,57310,73,307302
40028,0.000883,74.125.68.0-255,400,57710,73,307302
40029,0.001021,74.125.68.0-255,1484,59194,73,307302
40030,0.001026,172.31.40.0-255,66,59260,73,307302
40031,0.001036,74.125.68.0-255,2902,62162,73,307302
40032,0.001043,172.31.40.0-255,66,62228,73,307302
40033,0.001056,74.125.68.0-255,1484,63712,73,307302
40034,0.001071,74.125.68.0-255,1484,65196,73,307302
40035,0.001074,172.31.40.0-255,66,65262,73,307302
40036,0.001098,74.125.68.0-255,1484,66746,73,307302
40037,0.001124,74.125.68.0-255,2902,69648,73,307302
40038,0.001127,172.31.40.0-255,66,69714,73,307302
40039,0.001153,74.125.68.0-255,2902,72616,73,307302
40040,0.001156,172.31.40.0-255,66,72682,73,307302
40041,0.001189,74.125.68.0-255,5379,78061,73,307302
40042,0.001192,172.31.40.0-255,66,78127,73,307302
40043,0.001198,74.125.68.0-255,5738,83865,73,307302
40044,0.0012,172.31.40.0-255,66,83931,73,307302
40045,0.00124,74.125.68.0-255,7156,91087,73,307302
40046,0.001243,172.31.40.0-255,66,91153,73,307302
40047,0.001269,74.125.68.0-255,1125,92278,73,307302
40048,0.001385,74.125.68.0-255,1484,93762,73,307302
40049,0.001389,172.31.40.0-255,66,93828,73,307302
40050,0.001395,74.125.68.0-255,2902,96730,73,307302
40051,0.001397,172.31.40.0-255,66,96796,73,307302
40052,0.001433,74.125.68.0-255,5738,102534,73,307302
40053,0.001436,172.31.40.0-255,66,102600,73,307302
40054,0.001443,74.125.68.0-255,7156,109756,73,307302
40055,0.001445,172.31.40.0-255,66,109822,73,307302
40056,0.001503,172.31.40.0-255,66,109888,73,307302
40057,0.00153,74.125.68.0-255,3602,113490,73,307302
40058,0.001532,172.31.40.0-255,66,113556,73,307302
40059,0.001563,74.125.68.0-255,4320,117876,73,307302
40060,0.001566,172.31.40.0-255,66,117942,73,307302
40061,0.001596,74.125.68.0-255,5738,123680,73,307302
40062,0.001599,172.31.40.0-255,66,123746,73,307302
40063,0.001637,172.31.40.0-255,66,123812,73,307302
40064,0.00164,74.125.68.0-255,1484,125296,73,307302
40065,0.001675,172.31.40.0-255,66,125362,73,307302
40066,0.001681,74.125.68.0-255,5020,130382,73,307302
40067,0.001684,172.31.40.0-255,66,130448,73,307302
40068,0.001713,74.125.68.0-255,1484,131932,73,307302
40069,0.001769,74.125.68.0-255,1484,133416,73,307302
40070,0.001773,172.31.40.0-255,66,133482,73,307302
40071,0.001805,74.125.68.0-255,2902,136384,73,307302
40072,0.001808,172.31.40.0-255,66,136450,73,307302
40073,0.001814,74.125.68.0-255,5738,142188,73,307302
40074,0.001817,172.31.40.0-255,66,142254,73,307302
40075,0.001855,74.125.68.0-255,2902,145156,73,307302
40076,0.001858,172.31.40.0-255,66,145222,73,307302
40077,0.001863,74.125.68.0-255,4320,149542,73,307302
40078,0.001866,172.31.40.0-255,66,149608,73,307302
40079,0.001876,172.31.40.0-255,66,149674,73,307302
40080,0.001879,74.125.68.0-255,1484,151158,73,307302
40081,0.001917,74.125.68.0-255,5020,156178,73,307302
40082,0.00192,172.31.40.0-255,66,156244,73,307302
40083,0.001924,74.125.68.0-255,344,156588,73,307302
40084,0.001964,74.125.68.0-255,1484,158072,73,307302
40085,0.001967,172.31.40.0-255,66,158138,73,307302
40086,0.001971,74.125.68.0-255,1484,159622,73,307302
40087,0.001975,74.125.68.0-255,2902,162524,73,307302
40088,0.001977,172.31.40.0-255,66,162590,73,307302
40089,0.001995,74.125.68.0-255,4320,166910,73,307302
40090,0.001998,172.31.40.0-255,66,166976,73,307302
40091,0.002023,74.125.68.0-255,1484,168460,73,307302
40092,0.002028,74.125.68.0-255,2902,171362,73,307302
40093,0.002031,172.31.40.0-255,66,171428,73,307302
40094,0.002059,74.125.68.0-255,5738,177166,73,307302
40095,0.002062,172.31.40.0-255,66,177232,73,307302
40096,0.002076,74.125.68.0-255,2902,180134,73,307302
40097,0.002082,172.31.40.0-255,66,180200,73,307302
40098,0.002106,74.125.68.0-255,4320,184520,73,307302
40099,0.002111,172.31.40.0-255,66,184586,73,307302
40100,0.002148,74.125.68.0-255,4320,188906,73,307302
40101,0.002151,172.31.40.0-255,66,188972,73,307302
40102,0.002167,74.125.68.0-255,2184,191156,73,307302
40103,0.00217,172.31.40.0-255,66,191222,73,307302
40104,0.00445,74.125.68.0-255,5738,196960,73,307302
40105,0.004457,172.31.40.0-255,66,197026,73,307302
40106,0.00675,74.125.68.0-255,5738,202764,73,307302
40107,0.006754,172.31.40.0-255,66,202830,73,307302
40108,0.009077,74.125.68.0-255,5738,208568,73,307302
40109,0.009084,172.31.40.0-255,66,208634,73,307302
40110,0.011434,74.125.68.0-255,5738,214372,73,307302
40111,0.011452,172.31.40.0-255,66,214438,73,307302
40112,0.013764,74.125.68.0-255,5738,220176,73,307302
40113,0.013779,172.31.40.0-255,66,220242,73,307302
40114,0.016095,74.125.68.0-255,5738,225980,73,307302
40115,0.016111,172.31.40.0-255,66,226046,73,307302
40116,0.018404,74.125.68.0-255,5738,231784,73,307302
40117,0.018413,172.31.40.0-255,66,231850,73,307302
40118,0.020698,74.125.68.0-255,5738,237588,73,307302
40119,0.020706,172.31.40.0-255,66,237654,73,307302
40120,0.023,74.125.68.0-255,5738,243392,73,307302
40121,0.023009,172.31.40.0-255,66,243458,73,307302
40122,0.02531,74.125.68.0-255,5738,249196,73,307302
40123,0.025324,172.31.40.0-255,66,249262,73,307302
40124,0.027611,74.125.68.0-255,5738,255000,73,307302
40125,0.027619,172.31.40.0-255,66,255066,73,307302
40126,0.029909,74.125.68.0-255,5738,260804,73,307302
40127,0.029915,172.31.40.0-255,66,260870,73,307302
40128,0.032244,74.125.68.0-255,5738,266608,73,307302
40129,0.03226,172.31.40.0-255,66,266674,73,307302
40130,0.034566,74.125.68.0-255,5738,272412,73,307302
40131,0.034572,172.31.40.0-255,66,272478,73,307302
40132,0.036858,74.125.68.0-255,5738,278216,73,307302
40133,0.036867,172.31.40.0-255,66,278282,73,307302
40134,0.039161,74.125.68.0-255,5738,284020,73,307302
40135,0.039169,172.31.40.0-255,66,284086,73,307302
40136,0.041482,74.125.68.0-255,5738,289824,73,307302
40137,0.041499,172.31.40.0-255,66,289890,73,307302
40138,0.043801,74.125.68.0-255,5738,295628,73,307302
40139,0.043818,172.31.40.0-255,66,295694,73,307302
40140,0.046135,74.125.68.0-255,5738,301432,73,307302
40141,0.046143,172.31.40.0-255,66,301498,73,307302
40142,0.048435,74.125.68.0-255,5738,307236,73,307302
40143,0.048449,172.31.40.0-255,66,307302,73,307302
40144,0.0,74.125.130.0-255,220,220,73,296232
40145,1.7e-05,172.31.40.0-255,66,286,73,296232
40146,2.3e-05,74.125.130.0-255,1484,1770,73,296232
40147,2.8e-05,172.31.40.0-255,66,1836,73,296232
40148,3.3e-05,74.125.130.0-255,4320,6156,73,296232
40149,4.4e-05,172.31.40.0-255,66,6222,73,296232
40150,5e-05,74.125.130.0-255,5738,11960,73,296232
40151,5.3e-05,172.31.40.0-255,66,12026,73,296232
40152,7.2e-05,74.125.130.0-255,1841,13867,73,296232
40153,7.8e-05,172.31.40.0-255,66,13933,73,296232
40154,0.000107,74.125.130.0-255,1484,15417,73,296232
40155,0.000109,172.31.40.0-255,66,15483,73,296232
40156,0.000126,74.125.130.0-255,2902,18385,73,296232
40157,0.000129,172.31.40.0-255,66,18451,73,296232
40158,0.000131,74.125.130.0-255,1484,19935,73,296232
40159,0.000133,172.31.40.0-255,66,20001,73,296232
40160,0.000165,74.125.130.0-255,4320,24321,73,296232
40161,0.000168,172.31.40.0-255,66,24387,73,296232
40162,0.000173,74.125.130.0-255,5738,30125,73,296232
40163,0.000175,172.31.40.0-255,66,30191,73,296232
40164,0.000201,74.125.130.0-255,1125,31316,73,296232
40165,0.000203,172.31.40.0-255,66,31382,73,296232
40166,0.000428,74.125.130.0-255,1484,32866,73,296232
40167,0.000432,172.31.40.0-255,66,32932,73,296232
40168,0.000461,74.125.130.0-255,2902,35834,73,296232
40169,0.000464,172.31.40.0-255,66,35900,73,296232
40170,0.000469,74.125.130.0-255,4320,40220,73,296232
40171,0.000471,172.31.40.0-255,66,40286,73,296232
40172,0.000483,74.125.130.0-255,4320,44606,73,296232
40173,0.000485,172.31.40.0-255,66,44672,73,296232
40174,0.000511,74.125.130.0-255,5379,50051,73,296232
40175,0.000514,172.31.40.0-255,66,50117,73,296232
40176,0.000544,74.125.130.0-255,7156,57273,73,296232
40177,0.000548,172.31.40.0-255,66,57339,73,296232
40178,0.000575,74.125.130.0-255,2902,60241,73,296232
40179,0.000577,172.31.40.0-255,66,60307,73,296232
40180,0.000606,74.125.130.0-255,5666,65973,73,296232
40181,0.000609,172.31.40.0-255,66,66039,73,296232
40182,0.000816,74.125.130.0-255,99,66138,73,296232
40183,0.000857,74.125.130.0-255,1484,67622,73,296232
40184,0.00086,172.31.40.0-255,66,67688,73,296232
40185,0.000863,74.125.130.0-255,1484,69172,73,296232
40186,0.000886,74.125.130.0-255,1484,70656,73,296232
40187,0.000888,172.31.40.0-255,66,70722,73,296232
40188,0.000895,74.125.130.0-255,7156,77878,73,296232
40189,0.000897,172.31.40.0-255,66,77944,73,296232
40190,0.000934,172.31.40.0-255,66,78010,73,296232
40191,0.00098,74.125.130.0-255,5738,83748,73,296232
40192,0.000983,172.31.40.0-255,66,83814,73,296232
40193,0.001017,172.31.40.0-255,66,83880,73,296232
40194,0.001235,74.125.130.0-255,1484,85364,73,296232
40195,0.001254,74.125.130.0-255,2902,88266,73,296232
40196,0.001257,172.31.40.0-255,66,88332,73,296232
40197,0.001261,74.125.130.0-255,1484,89816,73,296232
40198,0.001278,74.125.130.0-255,4320,94136,73,296232
40199,0.00128,172.31.40.0-255,66,94202,73,296232
40200,0.001306,74.125.130.0-255,5738,99940,73,296232
40201,0.001308,172.31.40.0-255,66,100006,73,296232
40202,0.001333,74.125.130.0-255,4320,104326,73,296232
40203,0.001339,172.31.40.0-255,66,104392,73,296232
40204,0.001351,74.125.130.0-255,2902,107294,73,296232
40205,0.001354,172.31.40.0-255,66,107360,73,296232
40206,0.001382,172.31.40.0-255,66,107426,73,296232
40207,0.001424,74.125.130.0-255,2184,109610,73,296232
40208,0.001427,172.31.40.0-255,66,109676,73,296232
40209,0.001703,74.125.130.0-255,1484,111160,73,296232
40210,0.001708,74.125.130.0-255,2902,114062,73,296232
40211,0.001711,172.31.40.0-255,66,114128,73,296232
40212,0.001743,74.125.130.0-255,5738,119866,73,296232
40213,0.001745,172.31.40.0-255,66,119932,73,296232
40214,0.001792,74.125.130.0-255,7156,127088,73,296232
40215,0.001795,172.31.40.0-255,66,127154,73,296232
40216,0.001829,74.125.130.0-255,7156,134310,73,296232
40217,0.001831,172.31.40.0-255,66,134376,73,296232
40218,0.001841,74.125.130.0-255,1484,135860,73,296232
40219,0.001856,74.125.130.0-255,4320,140180,73,296232
40220,0.001858,172.31.40.0-255,66,140246,73,296232
40221,0.001871,74.125.130.0-255,3602,143848,73,296232
40222,0.001876,172.31.40.0-255,66,143914,73,296232
40223,0.001909,74.125.130.0-255,4320,148234,73,296232
40224,0.001912,172.31.40.0-255,66,148300,73,296232
40225,0.001954,172.31.40.0-255,66,148366,73,296232
40226,0.002013,74.125.130.0-255,7156,155522,73,296232
40227,0.002016,172.31.40.0-255,66,155588,73,296232
40228,0.002053,172.31.40.0-255,66,155654,73,296232
40229,0.004067,74.125.130.0-255,5738,161392,73,296232
40230,0.004075,172.31.40.0-255,66,161458,73,296232
40231,0.006075,74.125.130.0-255,5738,167196,73,296232
40232,0.006079,172.31.40.0-255,66,167262,73,296232
40233,0.008093,74.125.130.0-255,5738,173000,73,296232
40234,0.008097,172.31.40.0-255,66,173066,73,296232
40235,0.010104,74.125.130.0-255,5738,178804,73,296232
40236,0.01011,172.31.40.0-255,66,178870,73,296232
40237,0.012133,74.125.130.0-255,5738,184608,73,296232
40238,0.01214,172.31.40.0-255,66,184674,73,296232
40239,0.01415,74.125.130.0-255,5738,190412,73,296232
40240,0.014158,172.31.40.0-255,66,190478,73,296232
40241,0.016185,74.125.130.0-255,5738,196216,73,296232
40242,0.016194,172.31.40.0-255,66,196282,73,296232
40243,0.018205,74.125.130.0-255,2902,199184,73,296232
40244,0.018213,172.31.40.0-255,66,199250,73,296232
40245,0.018232,74.125.130.0-255,2902,202152,73,296232
40246,0.018236,172.31.40.0-255,66,202218,73,296232
40247,0.020231,74.125.130.0-255,2902,205120,73,296232
40248,0.020237,172.31.40.0-255,66,205186,73,296232
40249,0.020264,74.125.130.0-255,2902,208088,73,296232
40250,0.020267,172.31.40.0-255,66,208154,73,296232
40251,0.022245,74.125.130.0-255,2902,211056,73,296232
40252,0.022251,172.31.40.0-255,66,211122,73,296232
40253,0.02227,74.125.130.0-255,2902,214024,73,296232
40254,0.022273,172.31.40.0-255,66,214090,73,296232
40255,0.024259,74.125.130.0-255,2902,216992,73,296232
40256,0.024266,172.31.40.0-255,66,217058,73,296232
40257,0.0243,74.125.130.0-255,2902,219960,73,296232
40258,0.024303,172.31.40.0-255,66,220026,73,296232
40259,0.025916,172.31.40.0-255,172,220198,73,296232
40260,0.025945,172.31.40.0-255,1115,221313,73,296232
40261,0.025997,172.31.40.0-255,1514,222827,73,296232
40262,0.025998,172.31.40.0-255,1514,224341,73,296232
40263,0.026002,172.31.40.0-255,1514,225855,73,296232
40264,0.026003,172.31.40.0-255,159,226014,73,296232
40265,0.026275,74.125.130.0-255,2902,228916,73,296232
40266,0.02628,172.31.40.0-255,66,228982,73,296232
40267,0.026314,74.125.130.0-255,2902,231884,73,296232
40268,0.026316,172.31.40.0-255,66,231950,73,296232
40269,0.027454,104.244.42.0-255,66,232016,73,296232
40270,0.027515,104.244.42.0-255,66,232082,73,296232
40271,0.027574,104.244.42.0-255,66,232148,73,296232
40272,0.027579,104.244.42.0-255,66,232214,73,296232
40273,0.028299,74.125.130.0-255,5738,237952,73,296232
40274,0.028306,172.31.40.0-255,66,238018,73,296232
40275,0.030327,74.125.130.0-255,5738,243756,73,296232
40276,0.030334,172.31.40.0-255,66,243822,73,296232
40277,0.032221,104.244.42.0-255,108,243930,73,296232
40278,0.032231,172.31.40.0-255,66,243996,73,296232
40279,0.032352,74.125.130.0-255,5738,249734,73,296232
40280,0.032357,172.31.40.0-255,66,249800,73,296232
40281,0.034371,74.125.130.0-255,5738,255538,73,296232
40282,0.034377,172.31.40.0-255,66,255604,73,296232
40283,0.03641,74.125.130.0-255,5738,261342,73,296232
40284,0.036417,172.31.40.0-255,66,261408,73,296232
40285,0.038448,74.125.130.0-255,5738,267146,73,296232
40286,0.038457,172.31.40.0-255,66,267212,73,296232
40287,0.040482,74.125.130.0-255,5738,272950,73,296232
40288,0.040489,172.31.40.0-255,66,273016,73,296232
40289,0.042533,74.125.130.0-255,5738,278754,73,296232
40290,0.042543,172.31.40.0-255,66,278820,73,296232
40291,0.044577,74.125.130.0-255,5738,284558,73,296232
40292,0.044585,172.31.40.0-255,66,284624,73,296232
40293,0.046642,74.125.130.0-255,5738,290362,73,296232
40294,0.046649,172.31.40.0-255,66,290428,73,296232
40295,0.048683,74.125.130.0-255,5738,296166,73,296232
40296,0.04869,172.31.40.0-255,66,296232,73,296232
40297,0.0,172.217.194.0-255,292,292,73,307986
40298,2.1e-05,172.31.40.0-255,66,358,73,307986
40299,2.8e-05,172.217.194.0-255,1484,1842,73,307986
40300,3.4e-05,172.31.40.0-255,66,1908,73,307986
40301,3.7e-05,172.217.194.0-255,1484,3392,73,307986
40302,4.7e-05,172.31.40.0-255,66,3458,73,307986
40303,6.6e-05,172.217.194.0-255,2902,6360,73,307986
40304,6.9e-05,172.31.40.0-255,66,6426,73,307986
40305,8.1e-05,172.217.194.0-255,7156,13582,73,307986
40306,8.4e-05,172.31.40.0-255,66,13648,73,307986
40307,0.000117,172.31.40.0-255,66,13714,73,307986
40308,0.000143,172.217.194.0-255,4865,18579,73,307986
40309,0.000145,172.31.40.0-255,66,18645,73,307986
40310,0.000151,172.217.194.0-255,3961,22606,73,307986
40311,0.000153,172.31.40.0-255,66,22672,73,307986
40312,0.000334,172.217.194.0-255,1484,24156,73,307986
40313,0.000339,172.31.40.0-255,66,24222,73,307986
40314,0.000344,172.217.194.0-255,2902,27124,73,307986
40315,0.000347,172.31.40.0-255,66,27190,73,307986
40316,0.000383,172.217.194.0-255,2902,30092,73,307986
40317,0.000386,172.31.40.0-255,66,30158,73,307986
40318,0.000391,172.217.194.0-255,4320,34478,73,307986
40319,0.000394,172.31.40.0-255,66,34544,73,307986
40320,0.000418,172.217.194.0-255,7156,41700,73,307986
40321,0.000421,172.31.40.0-255,66,41766,73,307986
40322,0.000454,172.217.194.0-255,2543,44309,73,307986
40323,0.000456,172.31.40.0-255,66,44375,73,307986
40324,0.000463,172.217.194.0-255,5738,50113,73,307986
40325,0.000465,172.31.40.0-255,66,50179,73,307986
40326,0.000497,172.217.194.0-255,7051,57230,73,307986
40327,0.000501,172.31.40.0-255,66,57296,73,307986
40328,0.000503,172.217.194.0-255,401,57697,73,307986
40329,0.000588,172.217.194.0-255,1484,59181,73,307986
40330,0.000601,172.217.194.0-255,2902,62083,73,307986
40331,0.000621,172.217.194.0-255,5738,67821,73,307986
40332,0.000626,172.217.194.0-255,4320,72141,73,307986
40333,0.000642,172.31.40.0-255,66,72207,73,307986
40334,0.000675,172.217.194.0-255,5738,77945,73,307986
40335,0.000695,172.217.194.0-255,5738,83683,73,307986
40336,0.0007,172.31.40.0-255,66,83749,73,307986
40337,0.000734,172.217.194.0-255,5738,89487,73,307986
40338,0.000751,172.217.194.0-255,2184,91671,73,307986
40339,0.000758,172.31.40.0-255,66,91737,73,307986
40340,0.000766,172.217.194.0-255,1484,93221,73,307986
40341,0.00079,172.217.194.0-255,2902,96123,73,307986
40342,0.000793,172.217.194.0-255,1484,97607,73,307986
40343,0.00081,172.217.194.0-255,4320,101927,73,307986
40344,0.000819,172.31.40.0-255,66,101993,73,307986
40345,0.000833,172.217.194.0-255,2902,104895,73,307986
40346,0.000851,172.31.40.0-255,66,104961,73,307986
40347,0.000884,172.217.194.0-255,7156,112117,73,307986
40348,0.000887,172.31.40.0-255,66,112183,73,307986
40349,0.000924,172.217.194.0-255,6438,118621,73,307986
40350,0.00094,172.31.40.0-255,66,118687,73,307986
40351,0.000952,172.217.194.0-255,1484,120171,73,307986
40352,0.001036,172.217.194.0-255,3602,123773,73,307986
40353,0.001055,172.31.40.0-255,66,123839,73,307986
40354,0.001064,172.217.194.0-255,1484,125323,73,307986
40355,0.00108,172.217.194.0-255,2902,128225,73,307986
40356,0.001085,172.217.194.0-255,5738,133963,73,307986
40357,0.00109,172.217.194.0-255,2902,136865,73,307986
40358,0.001108,172.217.194.0-255,3961,140826,73,307986
40359,0.001116,172.31.40.0-255,66,140892,73,307986
40360,0.00123,172.217.194.0-255,1484,142376,73,307986
40361,0.001236,172.217.194.0-255,2902,145278,73,307986
40362,0.001246,172.31.40.0-255,66,145344,73,307986
40363,0.001268,172.217.194.0-255,5738,151082,73,307986
40364,0.001293,172.31.40.0-255,66,151148,73,307986
40365,0.001299,172.217.194.0-255,4320,155468,73,307986
40366,0.001303,172.217.194.0-255,2902,158370,73,307986
40367,0.001315,172.31.40.0-255,66,158436,73,307986
40368,0.001349,172.31.40.0-255,66,158502,73,307986
40369,0.001614,172.217.194.0-255,1484,159986,73,307986
40370,0.00162,172.217.194.0-255,2902,162888,73,307986
40371,0.001625,172.217.194.0-255,2902,165790,73,307986
40372,0.001641,172.217.194.0-255,2902,168692,73,307986
40373,0.001647,172.31.40.0-255,66,168758,73,307986
40374,0.001668,172.217.194.0-255,5738,174496,73,307986
40375,0.001671,172.217.194.0-255,1484,175980,73,307986
40376,0.001703,172.217.194.0-255,5020,181000,73,307986
40377,0.001723,172.31.40.0-255,66,181066,73,307986
40378,0.001886,172.217.194.0-255,1484,182550,73,307986
40379,0.001902,172.217.194.0-255,2902,185452,73,307986
40380,0.001905,172.217.194.0-255,1484,186936,73,307986
40381,0.001915,172.31.40.0-255,66,187002,73,307986
40382,0.001921,172.217.194.0-255,4320,191322,73,307986
40383,0.001926,172.31.40.0-255,66,191388,73,307986
40384,0.001995,172.31.40.0-255,66,191454,73,307986
40385,0.002065,172.217.194.0-255,1484,192938,73,307986
40386,0.002081,172.217.194.0-255,2902,195840,73,307986
40387,0.0021,172.217.194.0-255,5738,201578,73,307986
40388,0.002105,172.217.194.0-255,2902,204480,73,307986
40389,0.002114,172.31.40.0-255,66,204546,73,307986
40390,0.002137,172.31.40.0-255,66,204612,73,307986
40391,0.002165,172.217.194.0-255,2902,207514,73,307986
40392,0.00218,172.217.194.0-255,7156,214670,73,307986
40393,0.002183,172.31.40.0-255,66,214736,73,307986
40394,0.002191,172.217.194.0-255,2184,216920,73,307986
40395,0.002203,172.31.40.0-255,66,216986,73,307986
40396,0.004321,172.217.194.0-255,5738,222724,73,307986
40397,0.004328,172.31.40.0-255,66,222790,73,307986
40398,0.006455,172.217.194.0-255,5738,228528,73,307986
40399,0.010288,172.31.40.0-255,66,228594,73,307986
40400,0.012443,172.217.194.0-255,5738,234332,73,307986
40401,0.012456,172.31.40.0-255,66,234398,73,307986
40402,0.014568,172.217.194.0-255,2902,237300,73,307986
40403,0.01459,172.217.194.0-255,2902,240202,73,307986
40404,0.019174,172.31.40.0-255,66,240268,73,307986
40405,0.021306,172.217.194.0-255,5738,246006,73,307986
40406,0.021314,172.31.40.0-255,66,246072,73,307986
40407,0.023436,172.217.194.0-255,5738,251810,73,307986
40408,0.025743,172.31.40.0-255,66,251876,73,307986
40409,0.027852,172.217.194.0-255,5738,257614,73,307986
40410,0.027866,172.31.40.0-255,66,257680,73,307986
40411,0.030004,172.217.194.0-255,5738,263418,73,307986
40412,0.030016,172.31.40.0-255,66,263484,73,307986
40413,0.032135,172.217.194.0-255,5738,269222,73,307986
40414,0.032143,172.31.40.0-255,66,269288,73,307986
40415,0.034258,172.217.194.0-255,5738,275026,73,307986
40416,0.034267,172.31.40.0-255,66,275092,73,307986
40417,0.036379,172.217.194.0-255,5738,280830,73,307986
40418,0.036386,172.31.40.0-255,66,280896,73,307986
40419,0.038495,172.217.194.0-255,5738,286634,73,307986
40420,0.038504,172.31.40.0-255,66,286700,73,307986
40421,0.039772,172.31.40.0-255,172,286872,73,307986
40422,0.039805,172.31.40.0-255,1115,287987,73,307986
40423,0.039869,172.31.40.0-255,1514,289501,73,307986
40424,0.039871,172.31.40.0-255,1514,291015,73,307986
40425,0.039874,172.31.40.0-255,1410,292425,73,307986
40426,0.040634,172.217.194.0-255,5738,298163,73,307986
40427,0.040642,172.31.40.0-255,66,298229,73,307986
40428,0.041309,104.244.42.0-255,66,298295,73,307986
40429,0.04136,104.244.42.0-255,66,298361,73,307986
40430,0.041455,104.244.42.0-255,66,298427,73,307986
40431,0.041461,104.244.42.0-255,66,298493,73,307986
40432,0.04275,172.217.194.0-255,5738,304231,73,307986
40433,0.042757,172.31.40.0-255,66,304297,73,307986
40434,0.044892,172.217.194.0-255,3452,307749,73,307986
40435,0.044899,172.31.40.0-255,66,307815,73,307986
40436,0.045068,172.31.40.0-255,105,307920,73,307986
40437,0.047155,172.217.194.0-255,66,307986,73,307986
40438,0.0,172.217.194.0-255,155,155,73,206109
40439,2.3e-05,172.31.40.0-255,66,221,73,206109
40440,3e-05,172.217.194.0-255,1484,1705,73,206109
40441,3.4e-05,172.31.40.0-255,66,1771,73,206109
40442,4.1e-05,172.217.194.0-255,2902,4673,73,206109
40443,5.3e-05,172.31.40.0-255,66,4739,73,206109
40444,5.8e-05,172.217.194.0-255,2902,7641,73,206109
40445,6.1e-05,172.31.40.0-255,66,7707,73,206109
40446,9e-05,172.217.194.0-255,4320,12027,73,206109
40447,9.4e-05,172.31.40.0-255,66,12093,73,206109
40448,9.8e-05,172.217.194.0-255,2003,14096,73,206109
40449,0.000101,172.31.40.0-255,66,14162,73,206109
40450,0.000105,172.217.194.0-255,2902,17064,73,206109
40451,0.000107,172.31.40.0-255,66,17130,73,206109
40452,0.000115,172.217.194.0-255,7156,24286,73,206109
40453,0.000118,172.31.40.0-255,66,24352,73,206109
40454,0.000178,172.217.194.0-255,6797,31149,73,206109
40455,0.000181,172.31.40.0-255,66,31215,73,206109
40456,0.000233,172.217.194.0-255,1484,32699,73,206109
40457,0.000236,172.31.40.0-255,66,32765,73,206109
40458,0.000239,172.217.194.0-255,1484,34249,73,206109
40459,0.000241,172.31.40.0-255,66,34315,73,206109
40460,0.000271,172.217.194.0-255,1484,35799,73,206109
40461,0.000274,172.31.40.0-255,66,35865,73,206109
40462,0.00028,172.217.194.0-255,5738,41603,73,206109
40463,0.000282,172.31.40.0-255,66,41669,73,206109
40464,0.000293,172.217.194.0-255,6797,48466,73,206109
40465,0.000295,172.31.40.0-255,66,48532,73,206109
40466,0.000308,172.31.40.0-255,66,48598,73,206109
40467,0.000339,172.217.194.0-255,2902,51500,73,206109
40468,0.000341,172.31.40.0-255,66,51566,73,206109
40469,0.000345,172.217.194.0-255,2543,54109,73,206109
40470,0.000347,172.31.40.0-255,66,54175,73,206109
40471,0.000599,172.217.194.0-255,648,54823,73,206109
40472,0.000717,172.217.194.0-255,1484,56307,73,206109
40473,0.000721,172.31.40.0-255,66,56373,73,206109
40474,0.000726,172.217.194.0-255,2902,59275,73,206109
40475,0.000729,172.31.40.0-255,66,59341,73,206109
40476,0.000732,172.217.194.0-255,1484,60825,73,206109
40477,0.00075,172.217.194.0-255,4320,65145,73,206109
40478,0.000752,172.31.40.0-255,66,65211,73,206109
40479,0.000786,172.31.40.0-255,66,65277,73,206109
40480,0.000799,172.31.40.0-255,66,65343,73,206109
40481,0.000831,172.217.194.0-255,766,66109,73,206109
40482,0.001108,172.217.194.0-255,1484,67593,73,206109
40483,0.001113,172.31.40.0-255,66,67659,73,206109
40484,0.001118,172.217.194.0-255,2902,70561,73,206109
40485,0.00112,172.31.40.0-255,66,70627,73,206109
40486,0.00113,172.217.194.0-255,2902,73529,73,206109
40487,0.001132,172.31.40.0-255,66,73595,73,206109
40488,0.001144,172.217.194.0-255,2902,76497,73,206109
40489,0.001146,172.31.40.0-255,66,76563,73,206109
40490,0.001153,172.217.194.0-255,7156,83719,73,206109
40491,0.001155,172.31.40.0-255,66,83785,73,206109
40492,0.001199,172.217.194.0-255,5738,89523,73,206109
40493,0.001202,172.31.40.0-255,66,89589,73,206109
40494,0.001237,172.31.40.0-255,66,89655,73,206109
40495,0.001248,172.31.40.0-255,66,89721,73,206109
40496,0.001285,172.217.194.0-255,7156,96877,73,206109
40497,0.001288,172.31.40.0-255,66,96943,73,206109
40498,0.001306,172.31.40.0-255,66,97009,73,206109
40499,0.00131,172.217.194.0-255,2184,99193,73,206109
40500,0.001312,172.31.40.0-255,66,99259,73,206109
40501,0.00144,172.217.194.0-255,1484,100743,73,206109
40502,0.001446,172.217.194.0-255,2902,103645,73,206109
40503,0.001449,172.31.40.0-255,66,103711,73,206109
40504,0.001478,172.217.194.0-255,5738,109449,73,206109
40505,0.001481,172.31.40.0-255,66,109515,73,206109
40506,0.001485,172.217.194.0-255,2902,112417,73,206109
40507,0.001487,172.31.40.0-255,66,112483,73,206109
40508,0.001539,172.31.40.0-255,66,112549,73,206109
40509,0.00155,172.31.40.0-255,66,112615,73,206109
40510,0.001602,172.31.40.0-255,66,112681,73,206109
40511,0.00165,172.31.40.0-255,66,112747,73,206109
40512,0.00166,172.31.40.0-255,66,112813,73,206109
40513,0.001712,172.217.194.0-255,1484,114297,73,206109
40514,0.001727,172.217.194.0-255,2902,117199,73,206109
40515,0.00173,172.31.40.0-255,66,117265,73,206109
40516,0.001734,172.217.194.0-255,1484,118749,73,206109
40517,0.001763,172.217.194.0-255,4320,123069,73,206109
40518,0.001766,172.31.40.0-255,66,123135,73,206109
40519,0.001773,172.217.194.0-255,7156,130291,73,206109
40520,0.001775,172.31.40.0-255,66,130357,73,206109
40521,0.001804,172.217.194.0-255,2902,133259,73,206109
40522,0.001807,172.31.40.0-255,66,133325,73,206109
40523,0.00181,172.217.194.0-255,1484,134809,73,206109
40524,0.001847,172.31.40.0-255,66,134875,73,206109
40525,0.001872,172.217.194.0-255,2184,137059,73,206109
40526,0.001876,172.31.40.0-255,66,137125,73,206109
40527,0.001967,172.217.194.0-255,1484,138609,73,206109
40528,0.001971,172.217.194.0-255,1484,140093,73,206109
40529,0.001975,172.31.40.0-255,66,140159,73,206109
40530,0.001984,172.217.194.0-255,1484,141643,73,206109
40531,0.00201,172.217.194.0-255,5738,147381,73,206109
40532,0.002013,172.31.40.0-255,66,147447,73,206109
40533,0.002018,172.217.194.0-255,4320,151767,73,206109
40534,0.002021,172.31.40.0-255,66,151833,73,206109
40535,0.002051,172.217.194.0-255,5738,157571,73,206109
40536,0.002053,172.31.40.0-255,66,157637,73,206109
40537,0.002061,172.217.194.0-255,5738,163375,73,206109
40538,0.002062,172.31.40.0-255,66,163441,73,206109
40539,0.002079,172.217.194.0-255,4320,167761,73,206109
40540,0.002081,172.31.40.0-255,66,167827,73,206109
40541,0.002111,172.217.194.0-255,1484,169311,73,206109
40542,0.002116,172.217.194.0-255,2184,171495,73,206109
40543,0.002118,172.31.40.0-255,66,171561,73,206109
40544,0.002125,172.217.194.0-255,5738,177299,73,206109
40545,0.002127,172.31.40.0-255,66,177365,73,206109
40546,0.002169,172.31.40.0-255,66,177431,73,206109
40547,0.002185,172.31.40.0-255,66,177497,73,206109
40548,0.002205,172.217.194.0-255,5738,183235,73,206109
40549,0.002208,172.31.40.0-255,66,183301,73,206109
40550,0.002262,172.217.194.0-255,6438,189739,73,206109
40551,0.002266,172.31.40.0-255,66,189805,73,206109
40552,0.002269,172.31.40.0-255,66,189871,73,206109
40553,0.002272,172.31.40.0-255,66,189937,73,206109
40554,0.00235,172.31.40.0-255,66,190003,73,206109
40555,0.002375,172.217.194.0-255,1484,191487,73,206109
40556,0.002396,172.31.40.0-255,66,191553,73,206109
40557,0.002404,172.217.194.0-255,5867,197420,73,206109
40558,0.002406,172.31.40.0-255,66,197486,73,206109
40559,0.002414,172.217.194.0-255,105,197591,73,206109
40560,0.002436,172.217.194.0-255,129,197720,73,206109
40561,0.012882,172.217.194.0-255,129,197849,73,206109
40562,0.012903,172.31.40.0-255,78,197927,73,206109
40563,0.018473,172.31.40.0-255,105,198032,73,206109
40564,0.018527,172.31.40.0-255,105,198137,73,206109
40565,0.0188,172.31.40.0-255,90,198227,73,206109
40566,0.018811,172.31.40.0-255,66,198293,73,206109
40567,0.020987,172.217.194.0-255,66,198359,73,206109
40568,0.021056,172.217.194.0-255,66,198425,73,206109
40569,0.021322,172.217.194.0-255,66,198491,73,206109
40570,0.021504,172.217.194.0-255,66,198557,73,206109
40571,0.021515,172.31.40.0-255,66,198623,73,206109
40572,0.044108,172.31.40.0-255,172,198795,73,206109
40573,0.044148,172.31.40.0-255,1111,199906,73,206109
40574,0.044214,172.31.40.0-255,1514,201420,73,206109
40575,0.044216,172.31.40.0-255,1514,202934,73,206109
40576,0.044217,172.31.40.0-255,1514,204448,73,206109
40577,0.044218,172.31.40.0-255,1223,205671,73,206109
40578,0.045651,104.244.42.0-255,66,205737,73,206109
40579,0.045666,104.244.42.0-255,66,205803,73,206109
40580,0.045772,104.244.42.0-255,66,205869,73,206109
40581,0.045777,104.244.42.0-255,66,205935,73,206109
40582,0.046386,104.244.42.0-255,108,206043,73,206109
40583,0.046405,172.31.40.0-255,66,206109,73,206109
40584,0.0,74.125.130.0-255,151,151,73,291502
40585,1.7e-05,172.31.40.0-255,66,217,73,291502
40586,2.4e-05,74.125.130.0-255,1484,1701,73,291502
40587,2.8e-05,172.31.40.0-255,66,1767,73,291502
40588,3.1e-05,74.125.130.0-255,1484,3251,73,291502
40589,4.3e-05,172.31.40.0-255,66,3317,73,291502
40590,5e-05,74.125.130.0-255,2902,6219,73,291502
40591,5.4e-05,172.31.40.0-255,66,6285,73,291502
40592,6.1e-05,74.125.130.0-255,5738,12023,73,291502
40593,6.4e-05,172.31.40.0-255,66,12089,73,291502
40594,0.000113,74.125.130.0-255,2025,14114,73,291502
40595,0.000117,172.31.40.0-255,66,14180,73,291502
40596,0.000156,74.125.130.0-255,1484,15664,73,291502
40597,0.000159,172.31.40.0-255,66,15730,73,291502
40598,0.000188,74.125.130.0-255,2902,18632,73,291502
40599,0.00019,172.31.40.0-255,66,18698,73,291502
40600,0.000218,74.125.130.0-255,4320,23018,73,291502
40601,0.000221,172.31.40.0-255,66,23084,73,291502
40602,0.000248,74.125.130.0-255,5738,28822,73,291502
40603,0.000252,172.31.40.0-255,66,28888,73,291502
40604,0.000274,74.125.130.0-255,1484,30372,73,291502
40605,0.000277,172.31.40.0-255,66,30438,73,291502
40606,0.000303,74.125.130.0-255,1125,31563,73,291502
40607,0.000306,172.31.40.0-255,66,31629,73,291502
40608,0.000411,74.125.130.0-255,1484,33113,73,291502
40609,0.000415,172.31.40.0-255,66,33179,73,291502
40610,0.00042,74.125.130.0-255,2902,36081,73,291502
40611,0.000423,172.31.40.0-255,66,36147,73,291502
40612,0.000452,74.125.130.0-255,2902,39049,73,291502
40613,0.000454,172.31.40.0-255,66,39115,73,291502
40614,0.00046,74.125.130.0-255,4320,43435,73,291502
40615,0.000463,172.31.40.0-255,66,43501,73,291502
40616,0.000492,74.125.130.0-255,4320,47821,73,291502
40617,0.000494,172.31.40.0-255,66,47887,73,291502
40618,0.000524,74.125.130.0-255,3961,51848,73,291502
40619,0.000527,172.31.40.0-255,66,51914,73,291502
40620,0.000538,172.31.40.0-255,66,51980,73,291502
40621,0.000549,74.125.130.0-255,5630,57610,73,291502
40622,0.000551,172.31.40.0-255,66,57676,73,291502
40623,0.000692,74.125.130.0-255,118,57794,73,291502
40624,0.000854,74.125.130.0-255,1484,59278,73,291502
40625,0.000861,172.31.40.0-255,66,59344,73,291502
40626,0.000888,74.125.130.0-255,2902,62246,73,291502
40627,0.000891,172.31.40.0-255,66,62312,73,291502
40628,0.000897,74.125.130.0-255,5738,68050,73,291502
40629,0.0009,172.31.40.0-255,66,68116,73,291502
40630,0.000924,74.125.130.0-255,6797,74913,73,291502
40631,0.000926,172.31.40.0-255,66,74979,73,291502
40632,0.000947,74.125.130.0-255,5738,80717,73,291502
40633,0.00095,172.31.40.0-255,66,80783,73,291502
40634,0.000955,74.125.130.0-255,2902,83685,73,291502
40635,0.000957,172.31.40.0-255,66,83751,73,291502
40636,0.000989,74.125.130.0-255,4320,88071,73,291502
40637,0.000991,74.125.130.0-255,1484,89555,73,291502
40638,0.000996,172.31.40.0-255,66,89621,73,291502
40639,0.001021,74.125.130.0-255,2543,92164,73,291502
40640,0.001023,172.31.40.0-255,66,92230,73,291502
40641,0.001365,74.125.130.0-255,1484,93714,73,291502
40642,0.001372,74.125.130.0-255,2902,96616,73,291502
40643,0.001376,172.31.40.0-255,66,96682,73,291502
40644,0.00138,74.125.130.0-255,1484,98166,73,291502
40645,0.00141,74.125.130.0-255,4320,102486,73,291502
40646,0.001412,172.31.40.0-255,66,102552,73,291502
40647,0.00142,74.125.130.0-255,7156,109708,73,291502
40648,0.001422,172.31.40.0-255,66,109774,73,291502
40649,0.001466,74.125.130.0-255,5738,115512,73,291502
40650,0.001469,172.31.40.0-255,66,115578,73,291502
40651,0.001508,74.125.130.0-255,2184,117762,73,291502
40652,0.001541,172.31.40.0-255,66,117828,73,291502
40653,0.001544,172.31.40.0-255,66,117894,73,291502
40654,0.001552,74.125.130.0-255,2902,120796,73,291502
40655,0.001559,172.31.40.0-255,66,120862,73,291502
40656,0.001565,74.125.130.0-255,4320,125182,73,291502
40657,0.001571,172.31.40.0-255,66,125248,73,291502
40658,0.001606,172.31.40.0-255,66,125314,73,291502
40659,0.001611,74.125.130.0-255,4320,129634,73,291502
40660,0.001614,172.31.40.0-255,66,129700,73,291502
40661,0.001619,74.125.130.0-255,5738,135438,73,291502
40662,0.001622,172.31.40.0-255,66,135504,73,291502
40663,0.001665,172.31.40.0-255,66,135570,73,291502
40664,0.001692,74.125.130.0-255,383,135953,73,291502
40665,0.001963,74.125.130.0-255,1484,137437,73,291502
40666,0.001967,172.31.40.0-255,66,137503,73,291502
40667,0.001972,74.125.130.0-255,2902,140405,73,291502
40668,0.001974,172.31.40.0-255,66,140471,73,291502
40669,0.001978,74.125.130.0-255,1484,141955,73,291502
40670,0.002007,74.125.130.0-255,4320,146275,73,291502
40671,0.002009,172.31.40.0-255,66,146341,73,291502
40672,0.002014,74.125.130.0-255,4320,150661,73,291502
40673,0.002016,172.31.40.0-255,66,150727,73,291502
40674,0.002021,74.125.130.0-255,4320,155047,73,291502
40675,0.002027,172.31.40.0-255,66,155113,73,291502
40676,0.00206,74.125.130.0-255,1484,156597,73,291502
40677,0.002073,172.31.40.0-255,66,156663,73,291502
40678,0.002078,74.125.130.0-255,2184,158847,73,291502
40679,0.00208,172.31.40.0-255,66,158913,73,291502
40680,0.004148,74.125.130.0-255,5738,164651,73,291502
40681,0.004156,172.31.40.0-255,66,164717,73,291502
40682,0.006209,74.125.130.0-255,2902,167619,73,291502
40683,0.006213,172.31.40.0-255,66,167685,73,291502
40684,0.006232,74.125.130.0-255,2902,170587,73,291502
40685,0.006235,172.31.40.0-255,66,170653,73,291502
40686,0.008287,74.125.130.0-255,5738,176391,73,291502
40687,0.008294,172.31.40.0-255,66,176457,73,291502
40688,0.010389,74.125.130.0-255,5738,182195,73,291502
40689,0.010401,172.31.40.0-255,66,182261,73,291502
40690,0.012482,74.125.130.0-255,5738,187999,73,291502
40691,0.012492,172.31.40.0-255,66,188065,73,291502
40692,0.014593,74.125.130.0-255,5738,193803,73,291502
40693,0.014604,172.31.40.0-255,66,193869,73,291502
40694,0.016678,74.125.130.0-255,5738,199607,73,291502
40695,0.016693,172.31.40.0-255,66,199673,73,291502
40696,0.018766,74.125.130.0-255,5738,205411,73,291502
40697,0.018777,172.31.40.0-255,66,205477,73,291502
40698,0.020848,74.125.130.0-255,5738,211215,73,291502
40699,0.02086,172.31.40.0-255,66,211281,73,291502
40700,0.022949,74.125.130.0-255,5738,217019,73,291502
40701,0.022959,172.31.40.0-255,66,217085,73,291502
40702,0.025031,74.125.130.0-255,5738,222823,73,291502
40703,0.025042,172.31.40.0-255,66,222889,73,291502
40704,0.027112,74.125.130.0-255,5738,228627,73,291502
40705,0.027121,172.31.40.0-255,66,228693,73,291502
40706,0.029215,74.125.130.0-255,5738,234431,73,291502
40707,0.029224,172.31.40.0-255,66,234497,73,291502
40708,0.030565,172.31.40.0-255,172,234669,73,291502
40709,0.030594,172.31.40.0-255,1115,235784,73,291502
40710,0.030658,172.31.40.0-255,1514,237298,73,291502
40711,0.03068,172.31.40.0-255,1514,238812,73,291502
40712,0.030682,172.31.40.0-255,1410,240222,73,291502
40713,0.03129,74.125.130.0-255,5738,245960,73,291502
40714,0.031296,172.31.40.0-255,66,246026,73,291502
40715,0.032152,104.244.42.0-255,66,246092,73,291502
40716,0.03216,104.244.42.0-255,66,246158,73,291502
40717,0.032279,104.244.42.0-255,66,246224,73,291502
40718,0.032302,104.244.42.0-255,66,246290,73,291502
40719,0.033379,74.125.130.0-255,5738,252028,73,291502
40720,0.033386,172.31.40.0-255,66,252094,73,291502
40721,0.035476,74.125.130.0-255,5738,257832,73,291502
40722,0.035483,172.31.40.0-255,66,257898,73,291502
40723,0.037556,74.125.130.0-255,5738,263636,73,291502
40724,0.037567,172.31.40.0-255,66,263702,73,291502
40725,0.039641,74.125.130.0-255,5738,269440,73,291502
40726,0.039648,172.31.40.0-255,66,269506,73,291502
40727,0.041758,74.125.130.0-255,5738,275244,73,291502
40728,0.041768,172.31.40.0-255,66,275310,73,291502
40729,0.043839,74.125.130.0-255,2902,278212,73,291502
40730,0.043846,172.31.40.0-255,66,278278,73,291502
40731,0.043876,74.125.130.0-255,2902,281180,73,291502
40732,0.043879,172.31.40.0-255,66,281246,73,291502
40733,0.045935,74.125.130.0-255,4320,285566,73,291502
40734,0.045942,172.31.40.0-255,66,285632,73,291502
40735,0.04597,74.125.130.0-255,1484,287116,73,291502
40736,0.048027,74.125.130.0-255,4320,291436,73,291502
40737,0.048034,172.31.40.0-255,66,291502,73,291502
40738,0.0,172.217.194.0-255,295,295,73,222974
40739,1.6e-05,172.31.40.0-255,66,361,73,222974
40740,2.3e-05,172.217.194.0-255,1484,1845,73,222974
40741,2.7e-05,172.31.40.0-255,66,1911,73,222974
40742,3.4e-05,172.217.194.0-255,2902,4813,73,222974
40743,3.7e-05,172.31.40.0-255,66,4879,73,222974
40744,4.4e-05,172.217.194.0-255,5738,10617,73,222974
40745,4.7e-05,172.31.40.0-255,66,10683,73,222974
40746,8.3e-05,172.217.194.0-255,3331,14014,73,222974
40747,8.6e-05,172.31.40.0-255,66,14080,73,222974
40748,0.000169,172.217.194.0-255,1484,15564,73,222974
40749,0.000172,172.31.40.0-255,66,15630,73,222974
40750,0.000178,172.217.194.0-255,2902,18532,73,222974
40751,0.00018,172.31.40.0-255,66,18598,73,222974
40752,0.000198,172.217.194.0-255,5738,24336,73,222974
40753,0.000201,172.31.40.0-255,66,24402,73,222974
40754,0.000228,172.217.194.0-255,4320,28722,73,222974
40755,0.000231,172.31.40.0-255,66,28788,73,222974
40756,0.00025,172.217.194.0-255,2543,31331,73,222974
40757,0.000253,172.31.40.0-255,66,31397,73,222974
40758,0.000257,172.217.194.0-255,2902,34299,73,222974
40759,0.00026,172.31.40.0-255,66,34365,73,222974
40760,0.000303,172.31.40.0-255,66,34431,73,222974
40761,0.000308,172.217.194.0-255,2543,36974,73,222974
40762,0.00031,172.31.40.0-255,66,37040,73,222974
40763,0.000321,172.217.194.0-255,1484,38524,73,222974
40764,0.000323,172.31.40.0-255,66,38590,73,222974
40765,0.000336,172.217.194.0-255,1484,40074,73,222974
40766,0.000338,172.31.40.0-255,66,40140,73,222974
40767,0.000363,172.217.194.0-255,2902,43042,73,222974
40768,0.000367,172.31.40.0-255,66,43108,73,222974
40769,0.000373,172.217.194.0-255,4320,47428,73,222974
40770,0.000375,172.31.40.0-255,66,47494,73,222974
40771,0.000388,172.217.194.0-255,2902,50396,73,222974
40772,0.00039,172.31.40.0-255,66,50462,73,222974
40773,0.000421,172.217.194.0-255,4212,54674,73,222974
40774,0.000424,172.31.40.0-255,66,54740,73,222974
40775,0.000427,172.217.194.0-255,436,55176,73,222974
40776,0.000652,172.217.194.0-255,1484,56660,73,222974
40777,0.000658,172.31.40.0-255,66,56726,73,222974
40778,0.000663,172.217.194.0-255,2902,59628,73,222974
40779,0.000666,172.31.40.0-255,66,59694,73,222974
40780,0.000669,172.217.194.0-255,1484,61178,73,222974
40781,0.000688,172.217.194.0-255,4320,65498,73,222974
40782,0.00069,172.31.40.0-255,66,65564,73,222974
40783,0.000704,172.217.194.0-255,1484,67048,73,222974
40784,0.000718,172.217.194.0-255,2902,69950,73,222974
40785,0.000721,172.31.40.0-255,66,70016,73,222974
40786,0.000749,172.31.40.0-255,66,70082,73,222974
40787,0.000783,172.217.194.0-255,2902,72984,73,222974
40788,0.000786,172.31.40.0-255,66,73050,73,222974
40789,0.000803,172.217.194.0-255,5738,78788,73,222974
40790,0.000806,172.31.40.0-255,66,78854,73,222974
40791,0.000811,172.217.194.0-255,2184,81038,73,222974
40792,0.000813,172.31.40.0-255,66,81104,73,222974
40793,0.001314,172.217.194.0-255,1484,82588,73,222974
40794,0.001321,172.217.194.0-255,2902,85490,73,222974
40795,0.001324,172.31.40.0-255,66,85556,73,222974
40796,0.001349,172.217.194.0-255,5738,91294,73,222974
40797,0.001352,172.31.40.0-255,66,91360,73,222974
40798,0.001379,172.31.40.0-255,66,91426,73,222974
40799,0.001409,172.217.194.0-255,2902,94328,73,222974
40800,0.001411,172.31.40.0-255,66,94394,73,222974
40801,0.001423,172.31.40.0-255,66,94460,73,222974
40802,0.002019,172.217.194.0-255,1484,95944,73,222974
40803,0.00203,172.217.194.0-255,2902,98846,73,222974
40804,0.002034,172.31.40.0-255,66,98912,73,222974
40805,0.002043,172.217.194.0-255,5738,104650,73,222974
40806,0.002045,172.31.40.0-255,66,104716,73,222974
40807,0.002083,172.31.40.0-255,66,104782,73,222974
40808,0.002096,172.31.40.0-255,66,104848,73,222974
40809,0.004418,172.217.194.0-255,5738,110586,73,222974
40810,0.004428,172.31.40.0-255,66,110652,73,222974
40811,0.006766,172.217.194.0-255,5738,116390,73,222974
40812,0.006772,172.31.40.0-255,66,116456,73,222974
40813,0.009084,172.217.194.0-255,5738,122194,73,222974
40814,0.009089,172.31.40.0-255,66,122260,73,222974
40815,0.011445,172.217.194.0-255,5738,127998,73,222974
40816,0.011453,172.31.40.0-255,66,128064,73,222974
40817,0.013827,172.217.194.0-255,5738,133802,73,222974
40818,0.013839,172.31.40.0-255,66,133868,73,222974
40819,0.016162,172.217.194.0-255,5738,139606,73,222974
40820,0.016174,172.31.40.0-255,66,139672,73,222974
40821,0.018538,172.217.194.0-255,5738,145410,73,222974
40822,0.018546,172.31.40.0-255,66,145476,73,222974
40823,0.020882,172.217.194.0-255,5738,151214,73,222974
40824,0.020889,172.31.40.0-255,66,151280,73,222974
40825,0.023219,172.217.194.0-255,5738,157018,73,222974
40826,0.023227,172.31.40.0-255,66,157084,73,222974
40827,0.025551,172.217.194.0-255,5738,162822,73,222974
40828,0.025559,172.31.40.0-255,66,162888,73,222974
40829,0.027898,172.217.194.0-255,5738,168626,73,222974
40830,0.027907,172.31.40.0-255,66,168692,73,222974
40831,0.03027,172.217.194.0-255,5738,174430,73,222974
40832,0.030278,172.31.40.0-255,66,174496,73,222974
40833,0.032571,172.217.194.0-255,5738,180234,73,222974
40834,0.03258,172.31.40.0-255,66,180300,73,222974
40835,0.034917,172.217.194.0-255,5738,186038,73,222974
40836,0.034926,172.31.40.0-255,66,186104,73,222974
40837,0.036036,172.31.40.0-255,172,186276,73,222974
40838,0.036069,172.31.40.0-255,1115,187391,73,222974
40839,0.036124,172.31.40.0-255,561,187952,73,222974
40840,0.037265,172.217.194.0-255,5738,193690,73,222974
40841,0.037273,172.31.40.0-255,66,193756,73,222974
40842,0.037601,104.244.42.0-255,66,193822,73,222974
40843,0.037608,104.244.42.0-255,66,193888,73,222974
40844,0.037642,104.244.42.0-255,66,193954,73,222974
40845,0.039645,172.217.194.0-255,5738,199692,73,222974
40846,0.039664,172.31.40.0-255,66,199758,73,222974
40847,0.042046,172.217.194.0-255,5738,205496,73,222974
40848,0.042062,172.31.40.0-255,66,205562,73,222974
40849,0.044443,172.217.194.0-255,5738,211300,73,222974
40850,0.04446,172.31.40.0-255,66,211366,73,222974
40851,0.046877,172.217.194.0-255,5738,217104,73,222974
40852,0.046894,172.31.40.0-255,66,217170,73,222974
40853,0.049231,172.217.194.0-255,5738,222908,73,222974
40854,0.049248,172.31.40.0-255,66,222974,73,222974
40855,0.0,172.217.194.0-255,152,152,73,220130
40856,2.2e-05,172.31.40.0-255,66,218,73,220130
40857,3e-05,172.217.194.0-255,1484,1702,73,220130
40858,3.4e-05,172.31.40.0-255,66,1768,73,220130
40859,4.7e-05,172.217.194.0-255,2902,4670,73,220130
40860,5.1e-05,172.31.40.0-255,66,4736,73,220130
40861,6e-05,172.217.194.0-255,7156,11892,73,220130
40862,6.3e-05,172.31.40.0-255,66,11958,73,220130
40863,6.7e-05,172.217.194.0-255,2165,14123,73,220130
40864,6.9e-05,172.31.40.0-255,66,14189,73,220130
40865,9.4e-05,172.217.194.0-255,2902,17091,73,220130
40866,0.000101,172.31.40.0-255,66,17157,73,220130
40867,0.000109,172.217.194.0-255,7156,24313,73,220130
40868,0.000111,172.31.40.0-255,66,24379,73,220130
40869,0.000115,172.217.194.0-255,1484,25863,73,220130
40870,0.000117,172.31.40.0-255,66,25929,73,220130
40871,0.000149,172.217.194.0-255,5379,31308,73,220130
40872,0.000152,172.31.40.0-255,66,31374,73,220130
40873,0.000218,172.217.194.0-255,1484,32858,73,220130
40874,0.000221,172.31.40.0-255,66,32924,73,220130
40875,0.00024,172.217.194.0-255,2902,35826,73,220130
40876,0.000243,172.31.40.0-255,66,35892,73,220130
40877,0.000247,172.217.194.0-255,2902,38794,73,220130
40878,0.000249,172.31.40.0-255,66,38860,73,220130
40879,0.000277,172.217.194.0-255,2902,41762,73,220130
40880,0.000279,172.31.40.0-255,66,41828,73,220130
40881,0.000296,172.31.40.0-255,66,41894,73,220130
40882,0.000308,172.31.40.0-255,66,41960,73,220130
40883,0.00031,172.217.194.0-255,1374,43334,73,220130
40884,0.000312,172.31.40.0-255,66,43400,73,220130
40885,0.000362,172.217.194.0-255,120,43520,73,220130
40886,0.000499,172.217.194.0-255,383,43903,73,220130
40887,0.001033,172.217.194.0-255,1484,45387,73,220130
40888,0.001037,172.217.194.0-255,1484,46871,73,220130
40889,0.001053,172.217.194.0-255,1484,48355,73,220130
40890,0.001059,172.217.194.0-255,5738,54093,73,220130
40891,0.001069,172.31.40.0-255,66,54159,73,220130
40892,0.001074,172.31.40.0-255,66,54225,73,220130
40893,0.001076,172.31.40.0-255,66,54291,73,220130
40894,0.001081,172.217.194.0-255,4320,58611,73,220130
40895,0.001083,172.31.40.0-255,66,58677,73,220130
40896,0.001123,172.31.40.0-255,66,58743,73,220130
40897,0.001127,172.217.194.0-255,1484,60227,73,220130
40898,0.001142,172.31.40.0-255,66,60293,73,220130
40899,0.002002,172.217.194.0-255,1484,61777,73,220130
40900,0.002013,172.217.194.0-255,2902,64679,73,220130
40901,0.002018,172.31.40.0-255,66,64745,73,220130
40902,0.002025,172.217.194.0-255,5738,70483,73,220130
40903,0.002028,172.31.40.0-255,66,70549,73,220130
40904,0.002037,172.217.194.0-255,2902,73451,73,220130
40905,0.002039,172.31.40.0-255,66,73517,73,220130
40906,0.002043,172.217.194.0-255,2902,76419,73,220130
40907,0.002045,172.31.40.0-255,66,76485,73,220130
40908,0.00209,172.31.40.0-255,66,76551,73,220130
40909,0.002095,172.217.194.0-255,3602,80153,73,220130
40910,0.002097,172.31.40.0-255,66,80219,73,220130
40911,0.004107,172.217.194.0-255,5738,85957,73,220130
40912,0.004113,172.31.40.0-255,66,86023,73,220130
40913,0.006147,172.217.194.0-255,5738,91761,73,220130
40914,0.006151,172.31.40.0-255,66,91827,73,220130
40915,0.008225,172.217.194.0-255,5738,97565,73,220130
40916,0.008232,172.31.40.0-255,66,97631,73,220130
40917,0.010241,172.217.194.0-255,5738,103369,73,220130
40918,0.010249,172.31.40.0-255,66,103435,73,220130
40919,0.012307,172.217.194.0-255,5738,109173,73,220130
40920,0.012315,172.31.40.0-255,66,109239,73,220130
40921,0.014373,172.217.194.0-255,5738,114977,73,220130
40922,0.014381,172.31.40.0-255,66,115043,73,220130
40923,0.016402,172.217.194.0-255,5738,120781,73,220130
40924,0.016409,172.31.40.0-255,66,120847,73,220130
40925,0.018499,172.217.194.0-255,5738,126585,73,220130
40926,0.018511,172.31.40.0-255,66,126651,73,220130
40927,0.020588,172.217.194.0-255,5738,132389,73,220130
40928,0.020598,172.31.40.0-255,66,132455,73,220130
40929,0.022678,172.217.194.0-255,5738,138193,73,220130
40930,0.022686,172.31.40.0-255,66,138259,73,220130
40931,0.02476,172.217.194.0-255,5738,143997,73,220130
40932,0.024767,172.31.40.0-255,66,144063,73,220130
40933,0.026791,172.217.194.0-255,5738,149801,73,220130
40934,0.026801,172.31.40.0-255,66,149867,73,220130
40935,0.028845,172.217.194.0-255,5738,155605,73,220130
40936,0.028855,172.31.40.0-255,66,155671,73,220130
40937,0.030912,172.217.194.0-255,5738,161409,73,220130
40938,0.03092,172.31.40.0-255,66,161475,73,220130
40939,0.032499,172.31.40.0-255,172,161647,73,220130
40940,0.032529,172.31.40.0-255,1110,162757,73,220130
40941,0.032591,172.31.40.0-255,1514,164271,73,220130
40942,0.032593,172.31.40.0-255,1514,165785,73,220130
40943,0.032598,172.31.40.0-255,1514,167299,73,220130
40944,0.032599,172.31.40.0-255,331,167630,73,220130
40945,0.032975,172.217.194.0-255,5738,173368,73,220130
40946,0.032982,172.31.40.0-255,66,173434,73,220130
40947,0.034074,104.244.42.0-255,66,173500,73,220130
40948,0.034111,104.244.42.0-255,66,173566,73,220130
40949,0.034167,104.244.42.0-255,66,173632,73,220130
40950,0.034171,104.244.42.0-255,66,173698,73,220130
40951,0.035033,172.217.194.0-255,5738,179436,73,220130
40952,0.035042,172.31.40.0-255,66,179502,73,220130
40953,0.037086,172.217.194.0-255,5738,185240,73,220130
40954,0.037094,172.31.40.0-255,66,185306,73,220130
40955,0.03917,172.217.194.0-255,5738,191044,73,220130
40956,0.039177,172.31.40.0-255,66,191110,73,220130
40957,0.041238,172.217.194.0-255,5738,196848,73,220130
40958,0.041242,172.31.40.0-255,66,196914,73,220130
40959,0.043309,172.217.194.0-255,5738,202652,73,220130
40960,0.043316,172.31.40.0-255,66,202718,73,220130
40961,0.045362,172.217.194.0-255,5738,208456,73,220130
40962,0.045368,172.31.40.0-255,66,208522,73,220130
40963,0.047433,172.217.194.0-255,5738,214260,73,220130
40964,0.047441,172.31.40.0-255,66,214326,73,220130
40965,0.049495,172.217.194.0-255,5738,220064,73,220130
40966,0.049502,172.31.40.0-255,66,220130,73,220130
40967,0.0,74.125.24.0-255,146,146,73,156580
40968,2.3e-05,172.31.40.0-255,66,212,73,156580
40969,3e-05,74.125.24.0-255,1484,1696,73,156580
40970,3.4e-05,172.31.40.0-255,66,1762,73,156580
40971,7e-05,74.125.24.0-255,2902,4664,73,156580
40972,7.3e-05,172.31.40.0-255,66,4730,73,156580
40973,7.9e-05,74.125.24.0-255,5738,10468,73,156580
40974,8.2e-05,172.31.40.0-255,66,10534,73,156580
40975,0.000112,74.125.24.0-255,3457,13991,73,156580
40976,0.000116,172.31.40.0-255,66,14057,73,156580
40977,0.000122,74.125.24.0-255,4320,18377,73,156580
40978,0.000125,172.31.40.0-255,66,18443,73,156580
40979,0.000129,74.125.24.0-255,2902,21345,73,156580
40980,0.000131,172.31.40.0-255,66,21411,73,156580
40981,0.000161,74.125.24.0-255,7156,28567,73,156580
40982,0.000164,172.31.40.0-255,66,28633,73,156580
40983,0.000168,74.125.24.0-255,2543,31176,73,156580
40984,0.00017,172.31.40.0-255,66,31242,73,156580
40985,0.000255,74.125.24.0-255,1484,32726,73,156580
40986,0.000258,172.31.40.0-255,66,32792,73,156580
40987,0.000263,74.125.24.0-255,2902,35694,73,156580
40988,0.000266,172.31.40.0-255,66,35760,73,156580
40989,0.000269,74.125.24.0-255,1484,37244,73,156580
40990,0.00027,172.31.40.0-255,66,37310,73,156580
40991,0.000299,74.125.24.0-255,4320,41630,73,156580
40992,0.000303,172.31.40.0-255,66,41696,73,156580
40993,0.000314,172.31.40.0-255,66,41762,73,156580
40994,0.000365,172.31.40.0-255,66,41828,73,156580
40995,0.000396,74.125.24.0-255,3897,45725,73,156580
40996,0.000398,172.31.40.0-255,66,45791,73,156580
40997,0.000401,74.125.24.0-255,129,45920,73,156580
40998,0.000552,74.125.24.0-255,1484,47404,73,156580
40999,0.000558,74.125.24.0-255,2902,50306,73,156580
41000,0.000572,74.125.24.0-255,4320,54626,73,156580
41001,0.000581,172.31.40.0-255,66,54692,73,156580
41002,0.000584,74.125.24.0-255,1484,56176,73,156580
41003,0.000638,172.31.40.0-255,66,56242,73,156580
41004,0.000667,74.125.24.0-255,349,56591,73,156580
41005,0.000688,172.31.40.0-255,66,56657,73,156580
41006,0.000962,74.125.24.0-255,1484,58141,73,156580
41007,0.000967,74.125.24.0-255,1484,59625,73,156580
41008,0.000977,74.125.24.0-255,1484,61109,73,156580
41009,0.000983,74.125.24.0-255,5738,66847,73,156580
41010,0.000988,172.31.40.0-255,66,66913,73,156580
41011,0.000996,74.125.24.0-255,1484,68397,73,156580
41012,0.001,172.31.40.0-255,66,68463,73,156580
41013,0.001053,172.31.40.0-255,66,68529,73,156580
41014,0.001065,74.125.24.0-255,7156,75685,73,156580
41015,0.00107,172.31.40.0-255,66,75751,73,156580
41016,0.001116,74.125.24.0-255,7156,82907,73,156580
41017,0.001187,172.31.40.0-255,66,82973,73,156580
41018,0.00119,74.125.24.0-255,1484,84457,73,156580
41019,0.001195,74.125.24.0-255,2902,87359,73,156580
41020,0.0012,172.31.40.0-255,66,87425,73,156580
41021,0.001218,74.125.24.0-255,5738,93163,73,156580
41022,0.001221,74.125.24.0-255,1484,94647,73,156580
41023,0.001267,172.31.40.0-255,66,94713,73,156580
41024,0.001314,74.125.24.0-255,3602,98315,73,156580
41025,0.001322,172.31.40.0-255,66,98381,73,156580
41026,0.001784,74.125.24.0-255,1484,99865,73,156580
41027,0.001791,74.125.24.0-255,2902,102767,73,156580
41028,0.001795,172.31.40.0-255,66,102833,73,156580
41029,0.001802,74.125.24.0-255,5738,108571,73,156580
41030,0.001847,172.31.40.0-255,66,108637,73,156580
41031,0.001877,74.125.24.0-255,4320,112957,73,156580
41032,0.00189,74.125.24.0-255,1484,114441,73,156580
41033,0.001898,172.31.40.0-255,66,114507,73,156580
41034,0.00196,74.125.24.0-255,2184,116691,73,156580
41035,0.001986,172.31.40.0-255,66,116757,73,156580
41036,0.002008,74.125.24.0-255,2902,119659,73,156580
41037,0.002022,172.31.40.0-255,66,119725,73,156580
41038,0.002099,172.31.40.0-255,66,119791,73,156580
41039,0.002172,74.125.24.0-255,1484,121275,73,156580
41040,0.00218,172.31.40.0-255,66,121341,73,156580
41041,0.002233,74.125.24.0-255,6438,127779,73,156580
41042,0.00225,74.125.24.0-255,7156,134935,73,156580
41043,0.002258,172.31.40.0-255,66,135001,73,156580
41044,0.002281,172.31.40.0-255,66,135067,73,156580
41045,0.004585,74.125.24.0-255,5738,140805,73,156580
41046,0.004592,172.31.40.0-255,66,140871,73,156580
41047,0.006936,74.125.24.0-255,5738,146609,73,156580
41048,0.011281,172.31.40.0-255,66,146675,73,156580
41049,0.013588,74.125.24.0-255,3242,149917,73,156580
41050,0.01362,172.31.40.0-255,66,149983,73,156580
41051,0.020147,172.31.40.0-255,105,150088,73,156580
41052,0.022445,74.125.24.0-255,66,150154,73,156580
41053,0.033738,172.31.40.0-255,172,150326,73,156580
41054,0.033772,172.31.40.0-255,1114,151440,73,156580
41055,0.033837,172.31.40.0-255,1514,152954,73,156580
41056,0.033839,172.31.40.0-255,1514,154468,73,156580
41057,0.033841,172.31.40.0-255,1514,155982,73,156580
41058,0.033842,172.31.40.0-255,160,156142,73,156580
41059,0.035296,104.244.42.0-255,66,156208,73,156580
41060,0.035476,104.244.42.0-255,66,156274,73,156580
41061,0.035481,104.244.42.0-255,66,156340,73,156580
41062,0.035485,104.244.42.0-255,66,156406,73,156580
41063,0.036029,104.244.42.0-255,108,156514,73,156580
41064,0.036038,172.31.40.0-255,66,156580,73,156580
41065,0.0,172.217.27.0-255,153,153,73,237585
41066,2.2e-05,172.31.40.0-255,66,219,73,237585
41067,2.9e-05,172.217.27.0-255,1484,1703,73,237585
41068,3.4e-05,172.31.40.0-255,66,1769,73,237585
41069,4.6e-05,172.217.27.0-255,2902,4671,73,237585
41070,5.1e-05,172.31.40.0-255,66,4737,73,237585
41071,5.8e-05,172.217.27.0-255,7156,11893,73,237585
41072,6.1e-05,172.31.40.0-255,66,11959,73,237585
41073,6.5e-05,172.217.27.0-255,2157,14116,73,237585
41074,6.8e-05,172.31.40.0-255,66,14182,73,237585
41075,0.000107,172.217.27.0-255,1484,15666,73,237585
41076,0.00011,172.31.40.0-255,66,15732,73,237585
41077,0.000115,172.217.27.0-255,2902,18634,73,237585
41078,0.000118,172.31.40.0-255,66,18700,73,237585
41079,0.000134,172.217.27.0-255,2902,21602,73,237585
41080,0.000137,172.31.40.0-255,66,21668,73,237585
41081,0.000174,172.217.27.0-255,2902,24570,73,237585
41082,0.000177,172.31.40.0-255,66,24636,73,237585
41083,0.000185,172.217.27.0-255,6797,31433,73,237585
41084,0.000188,172.31.40.0-255,66,31499,73,237585
41085,0.000425,172.217.27.0-255,1484,32983,73,237585
41086,0.00043,172.31.40.0-255,66,33049,73,237585
41087,0.000437,172.217.27.0-255,2902,35951,73,237585
41088,0.00044,172.31.40.0-255,66,36017,73,237585
41089,0.000451,172.217.27.0-255,5738,41755,73,237585
41090,0.000453,172.31.40.0-255,66,41821,73,237585
41091,0.000459,172.217.27.0-255,4320,46141,73,237585
41092,0.000461,172.31.40.0-255,66,46207,73,237585
41093,0.000468,172.217.27.0-255,5379,51586,73,237585
41094,0.000471,172.31.40.0-255,66,51652,73,237585
41095,0.00051,172.31.40.0-255,66,51718,73,237585
41096,0.000529,172.217.27.0-255,2902,54620,73,237585
41097,0.000532,172.31.40.0-255,66,54686,73,237585
41098,0.000536,172.217.27.0-255,2543,57229,73,237585
41099,0.000538,172.31.40.0-255,66,57295,73,237585
41100,0.000821,172.217.27.0-255,355,57650,73,237585
41101,0.000865,172.217.27.0-255,137,57787,73,237585
41102,0.001133,172.31.40.0-255,66,57853,73,237585
41103,0.001224,172.217.27.0-255,347,58200,73,237585
41104,0.001647,172.217.27.0-255,1484,59684,73,237585
41105,0.001654,172.31.40.0-255,66,59750,73,237585
41106,0.001661,172.217.27.0-255,2902,62652,73,237585
41107,0.001663,172.31.40.0-255,66,62718,73,237585
41108,0.001676,172.217.27.0-255,5738,68456,73,237585
41109,0.001678,172.31.40.0-255,66,68522,73,237585
41110,0.001681,172.217.27.0-255,1484,70006,73,237585
41111,0.003331,172.217.27.0-255,4320,74326,73,237585
41112,0.003337,172.31.40.0-255,66,74392,73,237585
41113,0.005001,172.217.27.0-255,5738,80130,73,237585
41114,0.005007,172.31.40.0-255,66,80196,73,237585
41115,0.006661,172.217.27.0-255,5738,85934,73,237585
41116,0.006666,172.31.40.0-255,66,86000,73,237585
41117,0.008331,172.217.27.0-255,5738,91738,73,237585
41118,0.008338,172.31.40.0-255,66,91804,73,237585
41119,0.010006,172.217.27.0-255,5738,97542,73,237585
41120,0.010013,172.31.40.0-255,66,97608,73,237585
41121,0.011681,172.217.27.0-255,5738,103346,73,237585
41122,0.011688,172.31.40.0-255,66,103412,73,237585
41123,0.013355,172.217.27.0-255,5738,109150,73,237585
41124,0.013361,172.31.40.0-255,66,109216,73,237585
41125,0.015027,172.217.27.0-255,5738,114954,73,237585
41126,0.015034,172.31.40.0-255,66,115020,73,237585
41127,0.016704,172.217.27.0-255,5738,120758,73,237585
41128,0.016711,172.31.40.0-255,66,120824,73,237585
41129,0.018395,172.217.27.0-255,5738,126562,73,237585
41130,0.018401,172.31.40.0-255,66,126628,73,237585
41131,0.020052,172.217.27.0-255,5738,132366,73,237585
41132,0.020059,172.31.40.0-255,66,132432,73,237585
41133,0.021729,172.217.27.0-255,5738,138170,73,237585
41134,0.021736,172.31.40.0-255,66,138236,73,237585
41135,0.023409,172.217.27.0-255,5738,143974,73,237585
41136,0.023415,172.31.40.0-255,66,144040,73,237585
41137,0.02463,172.31.40.0-255,172,144212,73,237585
41138,0.024663,172.31.40.0-255,1110,145322,73,237585
41139,0.024725,172.31.40.0-255,1514,146836,73,237585
41140,0.024727,172.31.40.0-255,1514,148350,73,237585
41141,0.024733,172.31.40.0-255,1514,149864,73,237585
41142,0.024734,172.31.40.0-255,331,150195,73,237585
41143,0.025078,172.217.27.0-255,5738,155933,73,237585
41144,0.025085,172.31.40.0-255,66,155999,73,237585
41145,0.026209,104.244.42.0-255,66,156065,73,237585
41146,0.026237,104.244.42.0-255,66,156131,73,237585
41147,0.026307,104.244.42.0-255,66,156197,73,237585
41148,0.02632,104.244.42.0-255,66,156263,73,237585
41149,0.026749,172.217.27.0-255,5738,162001,73,237585
41150,0.026753,172.31.40.0-255,66,162067,73,237585
41151,0.028421,172.217.27.0-255,5738,167805,73,237585
41152,0.028428,172.31.40.0-255,66,167871,73,237585
41153,0.030109,172.217.27.0-255,5738,173609,73,237585
41154,0.030116,172.31.40.0-255,66,173675,73,237585
41155,0.031788,172.217.27.0-255,5738,179413,73,237585
41156,0.031794,172.31.40.0-255,66,179479,73,237585
41157,0.033454,172.217.27.0-255,5738,185217,73,237585
41158,0.03346,172.31.40.0-255,66,185283,73,237585
41159,0.035153,172.217.27.0-255,5738,191021,73,237585
41160,0.03516,172.31.40.0-255,66,191087,73,237585
41161,0.036816,172.217.27.0-255,5738,196825,73,237585
41162,0.036823,172.31.40.0-255,66,196891,73,237585
41163,0.038497,172.217.27.0-255,5738,202629,73,237585
41164,0.038503,172.31.40.0-255,66,202695,73,237585
41165,0.040195,172.217.27.0-255,5738,208433,73,237585
41166,0.040204,172.31.40.0-255,66,208499,73,237585
41167,0.041878,172.217.27.0-255,5738,214237,73,237585
41168,0.041884,172.31.40.0-255,66,214303,73,237585
41169,0.043556,172.217.27.0-255,5738,220041,73,237585
41170,0.043562,172.31.40.0-255,66,220107,73,237585
41171,0.045231,172.217.27.0-255,5738,225845,73,237585
41172,0.045238,172.31.40.0-255,66,225911,73,237585
41173,0.046901,172.217.27.0-255,5738,231649,73,237585
41174,0.046907,172.31.40.0-255,66,231715,73,237585
41175,0.048568,172.217.27.0-255,1484,233199,73,237585
41176,0.048602,172.217.27.0-255,4320,237519,73,237585
41177,0.048607,172.31.40.0-255,66,237585,73,237585
41178,0.0,172.217.194.0-255,143,143,73,104126
41179,2.2e-05,172.31.40.0-255,66,209,73,104126
41180,2.9e-05,172.217.194.0-255,1484,1693,73,104126
41181,3.4e-05,172.31.40.0-255,66,1759,73,104126
41182,4e-05,172.217.194.0-255,2902,4661,73,104126
41183,4.3e-05,172.31.40.0-255,66,4727,73,104126
41184,4.9e-05,172.217.194.0-255,5738,10465,73,104126
41185,5.3e-05,172.31.40.0-255,66,10531,73,104126
41186,0.000121,172.217.194.0-255,3458,13989,73,104126
41187,0.000124,172.31.40.0-255,66,14055,73,104126
41188,0.000162,172.217.194.0-255,4320,18375,73,104126
41189,0.000165,172.31.40.0-255,66,18441,73,104126
41190,0.000218,172.217.194.0-255,2902,21343,73,104126
41191,0.000222,172.31.40.0-255,66,21409,73,104126
41192,0.000244,172.217.194.0-255,7156,28565,73,104126
41193,0.000246,172.31.40.0-255,66,28631,73,104126
41194,0.00034,172.217.194.0-255,1484,30115,73,104126
41195,0.000343,172.31.40.0-255,66,30181,73,104126
41196,0.000372,172.31.40.0-255,66,30247,73,104126
41197,0.000499,172.217.194.0-255,7156,37403,73,104126
41198,0.000504,172.31.40.0-255,66,37469,73,104126
41199,0.000527,172.31.40.0-255,66,37535,73,104126
41200,0.000545,172.217.194.0-255,2543,40078,73,104126
41201,0.000548,172.31.40.0-255,66,40144,73,104126
41202,0.00075,172.217.194.0-255,5655,45799,73,104126
41203,0.000754,172.31.40.0-255,66,45865,73,104126
41204,0.000834,172.217.194.0-255,5738,51603,73,104126
41205,0.000838,172.31.40.0-255,66,51669,73,104126
41206,0.000856,172.217.194.0-255,119,51788,73,104126
41207,0.000859,172.31.40.0-255,66,51854,73,104126
41208,0.000913,172.217.194.0-255,7156,59010,73,104126
41209,0.000938,172.217.194.0-255,5738,64748,73,104126
41210,0.000941,172.31.40.0-255,66,64814,73,104126
41211,0.000946,172.31.40.0-255,66,64880,73,104126
41212,0.001025,172.217.194.0-255,5738,70618,73,104126
41213,0.001029,172.31.40.0-255,66,70684,73,104126
41214,0.001062,172.31.40.0-255,66,70750,73,104126
41215,0.001212,172.217.194.0-255,4320,75070,73,104126
41216,0.001219,172.31.40.0-255,66,75136,73,104126
41217,0.001288,172.31.40.0-255,66,75202,73,104126
41218,0.001642,172.31.40.0-255,66,75268,73,104126
41219,0.001689,172.31.40.0-255,66,75334,73,104126
41220,0.002061,172.217.194.0-255,5738,81072,73,104126
41221,0.002069,172.31.40.0-255,66,81138,73,104126
41222,0.00211,172.31.40.0-255,66,81204,73,104126
41223,0.002123,172.217.194.0-255,5020,86224,73,104126
41224,0.002127,172.31.40.0-255,66,86290,73,104126
41225,0.00247,172.217.194.0-255,5738,92028,73,104126
41226,0.002475,172.31.40.0-255,66,92094,73,104126
41227,0.002567,172.31.40.0-255,66,92160,73,104126
41228,0.002897,172.31.40.0-255,66,92226,73,104126
41229,0.003396,172.217.194.0-255,5738,97964,73,104126
41230,0.004665,172.217.194.0-255,5738,103702,73,104126
41231,0.012749,172.217.194.0-255,175,103877,73,104126
41232,0.012772,172.31.40.0-255,78,103955,73,104126
41233,0.014928,172.31.40.0-255,105,104060,73,104126
41234,0.01722,172.217.194.0-255,66,104126,73,104126
41235,0.0,74.125.68.0-255,296,296,73,359081
41236,2.4e-05,172.31.40.0-255,66,362,73,359081
41237,3.1e-05,74.125.68.0-255,1484,1846,73,359081
41238,3.5e-05,172.31.40.0-255,66,1912,73,359081
41239,4.2e-05,74.125.68.0-255,4320,6232,73,359081
41240,4.6e-05,172.31.40.0-255,66,6298,73,359081
41241,4.9e-05,74.125.68.0-255,1484,7782,73,359081
41242,5.2e-05,172.31.40.0-255,66,7848,73,359081
41243,8.6e-05,74.125.68.0-255,2902,10750,73,359081
41244,8.9e-05,172.31.40.0-255,66,10816,73,359081
41245,0.000113,74.125.68.0-255,3230,14046,73,359081
41246,0.000116,172.31.40.0-255,66,14112,73,359081
41247,0.000188,74.125.68.0-255,1484,15596,73,359081
41248,0.000191,172.31.40.0-255,66,15662,73,359081
41249,0.000208,74.125.68.0-255,2902,18564,73,359081
41250,0.000211,172.31.40.0-255,66,18630,73,359081
41251,0.000216,74.125.68.0-255,2902,21532,73,359081
41252,0.000218,172.31.40.0-255,66,21598,73,359081
41253,0.00023,74.125.68.0-255,2902,24500,73,359081
41254,0.000233,172.31.40.0-255,66,24566,73,359081
41255,0.000266,74.125.68.0-255,6797,31363,73,359081
41256,0.000269,172.31.40.0-255,66,31429,73,359081
41257,0.000367,74.125.68.0-255,1484,32913,73,359081
41258,0.00037,172.31.40.0-255,66,32979,73,359081
41259,0.000376,74.125.68.0-255,2902,35881,73,359081
41260,0.000378,172.31.40.0-255,66,35947,73,359081
41261,0.000382,74.125.68.0-255,1484,37431,73,359081
41262,0.000384,172.31.40.0-255,66,37497,73,359081
41263,0.000411,74.125.68.0-255,4320,41817,73,359081
41264,0.000414,172.31.40.0-255,66,41883,73,359081
41265,0.000418,74.125.68.0-255,2902,44785,73,359081
41266,0.00042,172.31.40.0-255,66,44851,73,359081
41267,0.000425,74.125.68.0-255,3961,48812,73,359081
41268,0.000427,172.31.40.0-255,66,48878,73,359081
41269,0.000464,74.125.68.0-255,2902,51780,73,359081
41270,0.000467,172.31.40.0-255,66,51846,73,359081
41271,0.000481,74.125.68.0-255,2902,54748,73,359081
41272,0.000483,172.31.40.0-255,66,54814,73,359081
41273,0.000494,74.125.68.0-255,1484,56298,73,359081
41274,0.00051,74.125.68.0-255,2902,59200,73,359081
41275,0.000512,172.31.40.0-255,66,59266,73,359081
41276,0.000536,74.125.68.0-255,5738,65004,73,359081
41277,0.000538,172.31.40.0-255,66,65070,73,359081
41278,0.000556,74.125.68.0-255,1479,66549,73,359081
41279,0.000724,74.125.68.0-255,333,66882,73,359081
41280,0.000729,172.31.40.0-255,66,66948,73,359081
41281,0.00101,74.125.68.0-255,1484,68432,73,359081
41282,0.001026,74.125.68.0-255,2902,71334,73,359081
41283,0.001029,172.31.40.0-255,66,71400,73,359081
41284,0.00105,74.125.68.0-255,4320,75720,73,359081
41285,0.001052,172.31.40.0-255,66,75786,73,359081
41286,0.001057,74.125.68.0-255,2902,78688,73,359081
41287,0.001059,172.31.40.0-255,66,78754,73,359081
41288,0.001076,74.125.68.0-255,2902,81656,73,359081
41289,0.001079,172.31.40.0-255,66,81722,73,359081
41290,0.00109,172.31.40.0-255,66,81788,73,359081
41291,0.001113,74.125.68.0-255,2902,84690,73,359081
41292,0.001115,172.31.40.0-255,66,84756,73,359081
41293,0.00112,74.125.68.0-255,4320,89076,73,359081
41294,0.001122,172.31.40.0-255,66,89142,73,359081
41295,0.001145,74.125.68.0-255,3602,92744,73,359081
41296,0.001148,172.31.40.0-255,66,92810,73,359081
41297,0.001432,74.125.68.0-255,1484,94294,73,359081
41298,0.001448,74.125.68.0-255,2902,97196,73,359081
41299,0.001452,172.31.40.0-255,66,97262,73,359081
41300,0.001455,74.125.68.0-255,1484,98746,73,359081
41301,0.001476,74.125.68.0-255,4320,103066,73,359081
41302,0.001479,172.31.40.0-255,66,103132,73,359081
41303,0.001499,172.31.40.0-255,66,103198,73,359081
41304,0.001527,74.125.68.0-255,2902,106100,73,359081
41305,0.001542,172.31.40.0-255,66,106166,73,359081
41306,0.00155,172.31.40.0-255,66,106232,73,359081
41307,0.001668,74.125.68.0-255,1484,107716,73,359081
41308,0.001689,74.125.68.0-255,2902,110618,73,359081
41309,0.001693,172.31.40.0-255,66,110684,73,359081
41310,0.001698,74.125.68.0-255,2902,113586,73,359081
41311,0.0017,172.31.40.0-255,66,113652,73,359081
41312,0.001713,74.125.68.0-255,2902,116554,73,359081
41313,0.001716,172.31.40.0-255,66,116620,73,359081
41314,0.00172,74.125.68.0-255,2902,119522,73,359081
41315,0.001723,172.31.40.0-255,66,119588,73,359081
41316,0.001746,172.31.40.0-255,66,119654,73,359081
41317,0.001766,74.125.68.0-255,1484,121138,73,359081
41318,0.001777,172.31.40.0-255,66,121204,73,359081
41319,0.001809,74.125.68.0-255,2184,123388,73,359081
41320,0.001812,172.31.40.0-255,66,123454,73,359081
41321,0.001854,74.125.68.0-255,2902,126356,73,359081
41322,0.001857,172.31.40.0-255,66,126422,73,359081
41323,0.001874,74.125.68.0-255,4320,130742,73,359081
41324,0.001878,172.31.40.0-255,66,130808,73,359081
41325,0.001907,172.31.40.0-255,66,130874,73,359081
41326,0.001913,74.125.68.0-255,5738,136612,73,359081
41327,0.001915,172.31.40.0-255,66,136678,73,359081
41328,0.001968,74.125.68.0-255,7156,143834,73,359081
41329,0.001971,172.31.40.0-255,66,143900,73,359081
41330,0.001977,74.125.68.0-255,5020,148920,73,359081
41331,0.001979,172.31.40.0-255,66,148986,73,359081
41332,0.002237,172.31.40.0-255,101,149087,73,359081
41333,0.002279,74.125.68.0-255,1484,150571,73,359081
41334,0.002333,74.125.68.0-255,2902,153473,73,359081
41335,0.002338,172.31.40.0-255,66,153539,73,359081
41336,0.002395,74.125.68.0-255,1484,155023,73,359081
41337,0.002416,74.125.68.0-255,2902,157925,73,359081
41338,0.002419,172.31.40.0-255,66,157991,73,359081
41339,0.002423,74.125.68.0-255,1484,159475,73,359081
41340,0.002437,74.125.68.0-255,1484,160959,73,359081
41341,0.00244,172.31.40.0-255,66,161025,73,359081
41342,0.002478,74.125.68.0-255,1484,162509,73,359081
41343,0.002495,74.125.68.0-255,2902,165411,73,359081
41344,0.002499,172.31.40.0-255,66,165477,73,359081
41345,0.002505,74.125.68.0-255,4320,169797,73,359081
41346,0.002507,172.31.40.0-255,66,169863,73,359081
41347,0.002511,74.125.68.0-255,1484,171347,73,359081
41348,0.002523,74.125.68.0-255,1484,172831,73,359081
41349,0.002526,172.31.40.0-255,66,172897,73,359081
41350,0.002548,74.125.68.0-255,1484,174381,73,359081
41351,0.002572,74.125.68.0-255,4320,178701,73,359081
41352,0.002575,172.31.40.0-255,66,178767,73,359081
41353,0.002596,74.125.68.0-255,4320,183087,73,359081
41354,0.002598,172.31.40.0-255,66,183153,73,359081
41355,0.002601,74.125.68.0-255,766,183919,73,359081
41356,0.002684,74.125.68.0-255,1484,185403,73,359081
41357,0.002687,172.31.40.0-255,66,185469,73,359081
41358,0.002706,74.125.68.0-255,2902,188371,73,359081
41359,0.002709,172.31.40.0-255,66,188437,73,359081
41360,0.002713,74.125.68.0-255,2902,191339,73,359081
41361,0.002715,172.31.40.0-255,66,191405,73,359081
41362,0.002738,74.125.68.0-255,1484,192889,73,359081
41363,0.002749,74.125.68.0-255,4320,197209,73,359081
41364,0.002752,172.31.40.0-255,66,197275,73,359081
41365,0.002755,74.125.68.0-255,1484,198759,73,359081
41366,0.002758,74.125.68.0-255,1484,200243,73,359081
41367,0.00276,172.31.40.0-255,66,200309,73,359081
41368,0.002763,74.125.68.0-255,1484,201793,73,359081
41369,0.002789,74.125.68.0-255,2902,204695,73,359081
41370,0.002791,172.31.40.0-255,66,204761,73,359081
41371,0.002796,74.125.68.0-255,2902,207663,73,359081
41372,0.002798,172.31.40.0-255,66,207729,73,359081
41373,0.002818,74.125.68.0-255,4320,212049,73,359081
41374,0.00282,172.31.40.0-255,66,212115,73,359081
41375,0.002845,74.125.68.0-255,1484,213599,73,359081
41376,0.002859,74.125.68.0-255,1484,215083,73,359081
41377,0.002861,172.31.40.0-255,66,215149,73,359081
41378,0.002866,74.125.68.0-255,2902,218051,73,359081
41379,0.002868,172.31.40.0-255,66,218117,73,359081
41380,0.002871,74.125.68.0-255,766,218883,73,359081
41381,0.002991,74.125.68.0-255,1484,220367,73,359081
41382,0.002995,172.31.40.0-255,66,220433,73,359081
41383,0.003016,74.125.68.0-255,2902,223335,73,359081
41384,0.00302,172.31.40.0-255,66,223401,73,359081
41385,0.003023,74.125.68.0-255,1484,224885,73,359081
41386,0.003045,74.125.68.0-255,1484,226369,73,359081
41387,0.003048,172.31.40.0-255,66,226435,73,359081
41388,0.003053,74.125.68.0-255,2902,229337,73,359081
41389,0.003055,172.31.40.0-255,66,229403,73,359081
41390,0.003081,74.125.68.0-255,5738,235141,73,359081
41391,0.003084,172.31.40.0-255,66,235207,73,359081
41392,0.003088,74.125.68.0-255,1484,236691,73,359081
41393,0.003106,74.125.68.0-255,2902,239593,73,359081
41394,0.003108,172.31.40.0-255,66,239659,73,359081
41395,0.003111,74.125.68.0-255,1484,241143,73,359081
41396,0.003138,74.125.68.0-255,4320,245463,73,359081
41397,0.003142,172.31.40.0-255,66,245529,73,359081
41398,0.003148,74.125.68.0-255,5738,251267,73,359081
41399,0.003151,172.31.40.0-255,66,251333,73,359081
41400,0.003169,74.125.68.0-255,2184,253517,73,359081
41401,0.003171,172.31.40.0-255,66,253583,73,359081
41402,0.003222,74.125.68.0-255,1484,255067,73,359081
41403,0.003234,74.125.68.0-255,1484,256551,73,359081
41404,0.003238,172.31.40.0-255,66,256617,73,359081
41405,0.003251,74.125.68.0-255,2902,259519,73,359081
41406,0.003254,172.31.40.0-255,66,259585,73,359081
41407,0.003283,74.125.68.0-255,5738,265323,73,359081
41408,0.003287,172.31.40.0-255,66,265389,73,359081
41409,0.00329,74.125.68.0-255,1484,266873,73,359081
41410,0.003294,74.125.68.0-255,1484,268357,73,359081
41411,0.003296,172.31.40.0-255,66,268423,73,359081
41412,0.00332,74.125.68.0-255,1484,269907,73,359081
41413,0.003327,74.125.68.0-255,5738,275645,73,359081
41414,0.00333,172.31.40.0-255,66,275711,73,359081
41415,0.003354,74.125.68.0-255,4320,280031,73,359081
41416,0.003358,172.31.40.0-255,66,280097,73,359081
41417,0.00336,74.125.68.0-255,1484,281581,73,359081
41418,0.003363,74.125.68.0-255,1484,283065,73,359081
41419,0.003365,172.31.40.0-255,66,283131,73,359081
41420,0.003368,74.125.68.0-255,1484,284615,73,359081
41421,0.003394,74.125.68.0-255,3602,288217,73,359081
41422,0.003397,172.31.40.0-255,66,288283,73,359081
41423,0.003417,74.125.68.0-255,1484,289767,73,359081
41424,0.003429,74.125.68.0-255,1484,291251,73,359081
41425,0.003432,172.31.40.0-255,66,291317,73,359081
41426,0.003435,74.125.68.0-255,1484,292801,73,359081
41427,0.003452,74.125.68.0-255,2902,295703,73,359081
41428,0.003455,172.31.40.0-255,66,295769,73,359081
41429,0.003458,74.125.68.0-255,1484,297253,73,359081
41430,0.003475,74.125.68.0-255,2902,300155,73,359081
41431,0.003479,172.31.40.0-255,66,300221,73,359081
41432,0.0035,74.125.68.0-255,4320,304541,73,359081
41433,0.003503,172.31.40.0-255,66,304607,73,359081
41434,0.003508,74.125.68.0-255,2902,307509,73,359081
41435,0.00351,172.31.40.0-255,66,307575,73,359081
41436,0.003522,172.31.40.0-255,66,307641,73,359081
41437,0.003527,74.125.68.0-255,4320,311961,73,359081
41438,0.00353,172.31.40.0-255,66,312027,73,359081
41439,0.003553,74.125.68.0-255,2184,314211,73,359081
41440,0.003556,172.31.40.0-255,66,314277,73,359081
41441,0.003595,74.125.68.0-255,1484,315761,73,359081
41442,0.003613,74.125.68.0-255,4320,320081,73,359081
41443,0.003616,172.31.40.0-255,66,320147,73,359081
41444,0.003628,172.31.40.0-255,66,320213,73,359081
41445,0.003634,74.125.68.0-255,4320,324533,73,359081
41446,0.003637,172.31.40.0-255,66,324599,73,359081
41447,0.003642,74.125.68.0-255,4320,328919,73,359081
41448,0.003645,172.31.40.0-255,66,328985,73,359081
41449,0.003673,74.125.68.0-255,4320,333305,73,359081
41450,0.003677,172.31.40.0-255,66,333371,73,359081
41451,0.003698,74.125.68.0-255,5020,338391,73,359081
41452,0.003703,74.125.68.0-255,4320,342711,73,359081
41453,0.003723,74.125.68.0-255,5738,348449,73,359081
41454,0.003764,74.125.68.0-255,4946,353395,73,359081
41455,0.00381,74.125.68.0-255,105,353500,73,359081
41456,0.004512,74.125.68.0-255,66,353566,73,359081
41457,0.01391,74.125.68.0-255,105,353671,73,359081
41458,0.01393,172.31.40.0-255,78,353749,73,359081
41459,0.017243,172.31.40.0-255,105,353854,73,359081
41460,0.024906,74.125.68.0-255,66,353920,73,359081
41461,0.049436,172.31.40.0-255,172,354092,73,359081
41462,0.049471,172.31.40.0-255,1111,355203,73,359081
41463,0.049534,172.31.40.0-255,1514,356717,73,359081
41464,0.049536,172.31.40.0-255,1514,358231,73,359081
41465,0.04956,172.31.40.0-255,850,359081,73,359081
41466,0.0,172.31.40.0-255,105,105,73,459
41467,0.000166,172.31.40.0-255,90,195,73,459
41468,0.000177,172.31.40.0-255,66,261,73,459
41469,0.002463,74.125.68.0-255,66,327,73,459
41470,0.002489,74.125.68.0-255,66,393,73,459
41471,0.002503,172.31.40.0-255,66,459,73,459
41472,0.0,74.125.130.0-255,153,153,73,306741
41473,1.9e-05,172.31.40.0-255,66,219,73,306741
41474,2.7e-05,74.125.130.0-255,1484,1703,73,306741
41475,3.1e-05,172.31.40.0-255,66,1769,73,306741
41476,3.7e-05,74.125.130.0-255,2902,4671,73,306741
41477,4.1e-05,172.31.40.0-255,66,4737,73,306741
41478,4.7e-05,74.125.130.0-255,5738,10475,73,306741
41479,5.1e-05,172.31.40.0-255,66,10541,73,306741
41480,7.6e-05,74.125.130.0-255,6254,16795,73,306741
41481,8e-05,172.31.40.0-255,66,16861,73,306741
41482,0.00011,74.125.130.0-255,7156,24017,73,306741
41483,0.000112,172.31.40.0-255,66,24083,73,306741
41484,0.000147,74.125.130.0-255,4320,28403,73,306741
41485,0.000149,172.31.40.0-255,66,28469,73,306741
41486,0.000168,74.125.130.0-255,2543,31012,73,306741
41487,0.00017,172.31.40.0-255,66,31078,73,306741
41488,0.000263,74.125.130.0-255,1484,32562,73,306741
41489,0.000268,172.31.40.0-255,66,32628,73,306741
41490,0.000274,74.125.130.0-255,2902,35530,73,306741
41491,0.000276,172.31.40.0-255,66,35596,73,306741
41492,0.000293,74.125.130.0-255,1484,37080,73,306741
41493,0.000295,172.31.40.0-255,66,37146,73,306741
41494,0.0003,74.125.130.0-255,2902,40048,73,306741
41495,0.000303,172.31.40.0-255,66,40114,73,306741
41496,0.000325,74.125.130.0-255,5738,45852,73,306741
41497,0.000328,172.31.40.0-255,66,45918,73,306741
41498,0.000333,74.125.130.0-255,2543,48461,73,306741
41499,0.000335,172.31.40.0-255,66,48527,73,306741
41500,0.00035,74.125.130.0-255,2902,51429,73,306741
41501,0.000353,172.31.40.0-255,66,51495,73,306741
41502,0.000373,74.125.130.0-255,5738,57233,73,306741
41503,0.000376,172.31.40.0-255,66,57299,73,306741
41504,0.0004,74.125.130.0-255,1484,58783,73,306741
41505,0.000408,74.125.130.0-255,5738,64521,73,306741
41506,0.000411,172.31.40.0-255,66,64587,73,306741
41507,0.000441,74.125.130.0-255,1714,66301,73,306741
41508,0.000443,172.31.40.0-255,66,66367,73,306741
41509,0.000676,74.125.130.0-255,1484,67851,73,306741
41510,0.000692,74.125.130.0-255,2902,70753,73,306741
41511,0.000697,172.31.40.0-255,66,70819,73,306741
41512,0.0007,74.125.130.0-255,1484,72303,73,306741
41513,0.000723,74.125.130.0-255,4320,76623,73,306741
41514,0.000726,172.31.40.0-255,66,76689,73,306741
41515,0.000748,74.125.130.0-255,6797,83486,73,306741
41516,0.000752,172.31.40.0-255,66,83552,73,306741
41517,0.000848,74.125.130.0-255,1484,85036,73,306741
41518,0.000866,74.125.130.0-255,2902,87938,73,306741
41519,0.000869,172.31.40.0-255,66,88004,73,306741
41520,0.000894,74.125.130.0-255,5738,93742,73,306741
41521,0.000897,172.31.40.0-255,66,93808,73,306741
41522,0.000901,74.125.130.0-255,2902,96710,73,306741
41523,0.000903,172.31.40.0-255,66,96776,73,306741
41524,0.000942,74.125.130.0-255,3961,100737,73,306741
41525,0.000945,172.31.40.0-255,66,100803,73,306741
41526,0.001076,74.125.130.0-255,1484,102287,73,306741
41527,0.00108,74.125.130.0-255,1484,103771,73,306741
41528,0.001083,172.31.40.0-255,66,103837,73,306741
41529,0.001103,74.125.130.0-255,1484,105321,73,306741
41530,0.001106,74.125.130.0-255,1484,106805,73,306741
41531,0.001108,172.31.40.0-255,66,106871,73,306741
41532,0.001113,74.125.130.0-255,2902,109773,73,306741
41533,0.001115,172.31.40.0-255,66,109839,73,306741
41534,0.001139,74.125.130.0-255,2902,112741,73,306741
41535,0.001141,172.31.40.0-255,66,112807,73,306741
41536,0.001162,172.31.40.0-255,66,112873,73,306741
41537,0.001176,74.125.130.0-255,4320,117193,73,306741
41538,0.001178,172.31.40.0-255,66,117259,73,306741
41539,0.001194,74.125.130.0-255,1484,118743,73,306741
41540,0.001215,172.31.40.0-255,66,118809,73,306741
41541,0.001262,74.125.130.0-255,1484,120293,73,306741
41542,0.001284,74.125.130.0-255,2902,123195,73,306741
41543,0.001287,172.31.40.0-255,66,123261,73,306741
41544,0.00132,74.125.130.0-255,2902,126163,73,306741
41545,0.001323,172.31.40.0-255,66,126229,73,306741
41546,0.001325,74.125.130.0-255,1484,127713,73,306741
41547,0.001342,74.125.130.0-255,2902,130615,73,306741
41548,0.001345,172.31.40.0-255,66,130681,73,306741
41549,0.001349,74.125.130.0-255,4320,135001,73,306741
41550,0.001351,172.31.40.0-255,66,135067,73,306741
41551,0.00139,74.125.130.0-255,5738,140805,73,306741
41552,0.001392,172.31.40.0-255,66,140871,73,306741
41553,0.001395,74.125.130.0-255,1484,142355,73,306741
41554,0.001414,74.125.130.0-255,4320,146675,73,306741
41555,0.001417,172.31.40.0-255,66,146741,73,306741
41556,0.001423,74.125.130.0-255,5738,152479,73,306741
41557,0.001425,172.31.40.0-255,66,152545,73,306741
41558,0.001437,74.125.130.0-255,766,153311,73,306741
41559,0.001625,74.125.130.0-255,1484,154795,73,306741
41560,0.001629,172.31.40.0-255,66,154861,73,306741
41561,0.001651,74.125.130.0-255,2902,157763,73,306741
41562,0.001654,172.31.40.0-255,66,157829,73,306741
41563,0.001657,74.125.130.0-255,1484,159313,73,306741
41564,0.001673,74.125.130.0-255,2902,162215,73,306741
41565,0.001675,172.31.40.0-255,66,162281,73,306741
41566,0.001691,74.125.130.0-255,5738,168019,73,306741
41567,0.001693,172.31.40.0-255,66,168085,73,306741
41568,0.001696,74.125.130.0-255,1484,169569,73,306741
41569,0.001709,74.125.130.0-255,2902,172471,73,306741
41570,0.001711,172.31.40.0-255,66,172537,73,306741
41571,0.001737,74.125.130.0-255,5738,178275,73,306741
41572,0.00174,172.31.40.0-255,66,178341,73,306741
41573,0.001754,74.125.130.0-255,1484,179825,73,306741
41574,0.001782,172.31.40.0-255,66,179891,73,306741
41575,0.002269,74.125.130.0-255,1484,181375,73,306741
41576,0.002284,74.125.130.0-255,2902,184277,73,306741
41577,0.002288,172.31.40.0-255,66,184343,73,306741
41578,0.002299,74.125.130.0-255,1484,185827,73,306741
41579,0.004567,74.125.130.0-255,4320,190147,73,306741
41580,0.004574,172.31.40.0-255,66,190213,73,306741
41581,0.006852,74.125.130.0-255,5738,195951,73,306741
41582,0.006856,172.31.40.0-255,66,196017,73,306741
41583,0.009149,74.125.130.0-255,5738,201755,73,306741
41584,0.009157,172.31.40.0-255,66,201821,73,306741
41585,0.011446,74.125.130.0-255,5738,207559,73,306741
41586,0.011456,172.31.40.0-255,66,207625,73,306741
41587,0.013748,74.125.130.0-255,5738,213363,73,306741
41588,0.013757,172.31.40.0-255,66,213429,73,306741
41589,0.016052,74.125.130.0-255,5738,219167,73,306741
41590,0.016061,172.31.40.0-255,66,219233,73,306741
41591,0.018358,74.125.130.0-255,5738,224971,73,306741
41592,0.018366,172.31.40.0-255,66,225037,73,306741
41593,0.020663,74.125.130.0-255,5738,230775,73,306741
41594,0.02067,172.31.40.0-255,66,230841,73,306741
41595,0.022953,74.125.130.0-255,5738,236579,73,306741
41596,0.02296,172.31.40.0-255,66,236645,73,306741
41597,0.025258,74.125.130.0-255,5738,242383,73,306741
41598,0.025266,172.31.40.0-255,66,242449,73,306741
41599,0.027547,74.125.130.0-255,5738,248187,73,306741
41600,0.027553,172.31.40.0-255,66,248253,73,306741
41601,0.028366,172.31.40.0-255,172,248425,73,306741
41602,0.028398,172.31.40.0-255,1114,249539,73,306741
41603,0.028459,172.31.40.0-255,1514,251053,73,306741
41604,0.028461,172.31.40.0-255,1514,252567,73,306741
41605,0.028466,172.31.40.0-255,1514,254081,73,306741
41606,0.028467,172.31.40.0-255,160,254241,73,306741
41607,0.029835,74.125.130.0-255,5738,259979,73,306741
41608,0.029842,172.31.40.0-255,66,260045,73,306741
41609,0.029863,104.244.42.0-255,66,260111,73,306741
41610,0.029879,104.244.42.0-255,66,260177,73,306741
41611,0.030024,104.244.42.0-255,66,260243,73,306741
41612,0.03003,104.244.42.0-255,66,260309,73,306741
41613,0.032127,74.125.130.0-255,5738,266047,73,306741
41614,0.032132,172.31.40.0-255,66,266113,73,306741
41615,0.034431,74.125.130.0-255,5738,271851,73,306741
41616,0.034438,172.31.40.0-255,66,271917,73,306741
41617,0.03673,74.125.130.0-255,5738,277655,73,306741
41618,0.036736,172.31.40.0-255,66,277721,73,306741
41619,0.03905,74.125.130.0-255,5738,283459,73,306741
41620,0.039057,172.31.40.0-255,66,283525,73,306741
41621,0.041353,74.125.130.0-255,5738,289263,73,306741
41622,0.041363,172.31.40.0-255,66,289329,73,306741
41623,0.043671,74.125.130.0-255,5738,295067,73,306741
41624,0.043678,172.31.40.0-255,66,295133,73,306741
41625,0.045976,74.125.130.0-255,5738,300871,73,306741
41626,0.045983,172.31.40.0-255,66,300937,73,306741
41627,0.048283,74.125.130.0-255,5738,306675,73,306741
41628,0.048288,172.31.40.0-255,66,306741,73,306741
41629,0.0,74.125.24.0-255,153,153,73,216838
41630,1.5e-05,172.31.40.0-255,66,219,73,216838
41631,2.2e-05,74.125.24.0-255,1484,1703,73,216838
41632,2.7e-05,172.31.40.0-255,66,1769,73,216838
41633,3.3e-05,74.125.24.0-255,2902,4671,73,216838
41634,3.6e-05,172.31.40.0-255,66,4737,73,216838
41635,5.2e-05,74.125.24.0-255,7156,11893,73,216838
41636,5.6e-05,172.31.40.0-255,66,11959,73,216838
41637,5.9e-05,74.125.24.0-255,1484,13443,73,216838
41638,6.2e-05,172.31.40.0-255,66,13509,73,216838
41639,0.0001,74.125.24.0-255,581,14090,73,216838
41640,0.000102,172.31.40.0-255,66,14156,73,216838
41641,0.000208,74.125.24.0-255,1484,15640,73,216838
41642,0.000211,172.31.40.0-255,66,15706,73,216838
41643,0.000216,74.125.24.0-255,2902,18608,73,216838
41644,0.000219,172.31.40.0-255,66,18674,73,216838
41645,0.000254,74.125.24.0-255,1484,20158,73,216838
41646,0.000257,172.31.40.0-255,66,20224,73,216838
41647,0.000289,74.125.24.0-255,4320,24544,73,216838
41648,0.000293,172.31.40.0-255,66,24610,73,216838
41649,0.0003,74.125.24.0-255,6797,31407,73,216838
41650,0.000302,172.31.40.0-255,66,31473,73,216838
41651,0.000361,74.125.24.0-255,1484,32957,73,216838
41652,0.000364,172.31.40.0-255,66,33023,73,216838
41653,0.000394,74.125.24.0-255,2902,35925,73,216838
41654,0.000398,172.31.40.0-255,66,35991,73,216838
41655,0.000404,74.125.24.0-255,5738,41729,73,216838
41656,0.000406,172.31.40.0-255,66,41795,73,216838
41657,0.000409,74.125.24.0-255,1484,43279,73,216838
41658,0.000411,172.31.40.0-255,66,43345,73,216838
41659,0.000437,74.125.24.0-255,5379,48724,73,216838
41660,0.00044,172.31.40.0-255,66,48790,73,216838
41661,0.000602,74.125.24.0-255,1484,50274,73,216838
41662,0.000607,74.125.24.0-255,1484,51758,73,216838
41663,0.00061,172.31.40.0-255,66,51824,73,216838
41664,0.000623,74.125.24.0-255,1484,53308,73,216838
41665,0.000634,74.125.24.0-255,4320,57628,73,216838
41666,0.000637,172.31.40.0-255,66,57694,73,216838
41667,0.000665,74.125.24.0-255,1484,59178,73,216838
41668,0.000692,74.125.24.0-255,6797,65975,73,216838
41669,0.000695,172.31.40.0-255,66,66041,73,216838
41670,0.001245,74.125.24.0-255,413,66454,73,216838
41671,0.001458,74.125.24.0-255,329,66783,73,216838
41672,0.002009,74.125.24.0-255,1484,68267,73,216838
41673,0.002015,172.31.40.0-255,66,68333,73,216838
41674,0.002021,74.125.24.0-255,2902,71235,73,216838
41675,0.002023,172.31.40.0-255,66,71301,73,216838
41676,0.002026,74.125.24.0-255,1484,72785,73,216838
41677,0.002047,74.125.24.0-255,4320,77105,73,216838
41678,0.00205,172.31.40.0-255,66,77171,73,216838
41679,0.002073,74.125.24.0-255,5738,82909,73,216838
41680,0.002075,172.31.40.0-255,66,82975,73,216838
41681,0.002103,74.125.24.0-255,7156,90131,73,216838
41682,0.002104,172.31.40.0-255,66,90197,73,216838
41683,0.002116,172.31.40.0-255,66,90263,73,216838
41684,0.00444,74.125.24.0-255,5738,96001,73,216838
41685,0.004447,172.31.40.0-255,66,96067,73,216838
41686,0.006743,74.125.24.0-255,2902,98969,73,216838
41687,0.006747,172.31.40.0-255,66,99035,73,216838
41688,0.006764,74.125.24.0-255,2902,101937,73,216838
41689,0.006766,172.31.40.0-255,66,102003,73,216838
41690,0.009061,74.125.24.0-255,5738,107741,73,216838
41691,0.009069,172.31.40.0-255,66,107807,73,216838
41692,0.011349,74.125.24.0-255,5738,113545,73,216838
41693,0.011356,172.31.40.0-255,66,113611,73,216838
41694,0.013661,74.125.24.0-255,5738,119349,73,216838
41695,0.013671,172.31.40.0-255,66,119415,73,216838
41696,0.015958,74.125.24.0-255,5738,125153,73,216838
41697,0.015965,172.31.40.0-255,66,125219,73,216838
41698,0.018266,74.125.24.0-255,5738,130957,73,216838
41699,0.018274,172.31.40.0-255,66,131023,73,216838
41700,0.020588,74.125.24.0-255,5738,136761,73,216838
41701,0.020596,172.31.40.0-255,66,136827,73,216838
41702,0.022904,74.125.24.0-255,5738,142565,73,216838
41703,0.022918,172.31.40.0-255,66,142631,73,216838
41704,0.025237,74.125.24.0-255,5738,148369,73,216838
41705,0.02525,172.31.40.0-255,66,148435,73,216838
41706,0.026308,172.31.40.0-255,172,148607,73,216838
41707,0.026334,172.31.40.0-255,1114,149721,73,216838
41708,0.026392,172.31.40.0-255,1514,151235,73,216838
41709,0.026394,172.31.40.0-255,1514,152749,73,216838
41710,0.026399,172.31.40.0-255,1514,154263,73,216838
41711,0.0264,172.31.40.0-255,1514,155777,73,216838
41712,0.026419,172.31.40.0-255,1514,157291,73,216838
41713,0.02642,172.31.40.0-255,961,158252,73,216838
41714,0.027534,74.125.24.0-255,5738,163990,73,216838
41715,0.02754,172.31.40.0-255,66,164056,73,216838
41716,0.027824,104.244.42.0-255,66,164122,73,216838
41717,0.027875,104.244.42.0-255,66,164188,73,216838
41718,0.02801,104.244.42.0-255,66,164254,73,216838
41719,0.028016,104.244.42.0-255,66,164320,73,216838
41720,0.02949,104.244.42.0-255,108,164428,73,216838
41721,0.029499,172.31.40.0-255,66,164494,73,216838
41722,0.029828,74.125.24.0-255,5738,170232,73,216838
41723,0.029834,172.31.40.0-255,66,170298,73,216838
41724,0.032137,74.125.24.0-255,5738,176036,73,216838
41725,0.032146,172.31.40.0-255,66,176102,73,216838
41726,0.034456,74.125.24.0-255,5738,181840,73,216838
41727,0.034465,172.31.40.0-255,66,181906,73,216838
41728,0.036757,74.125.24.0-255,5738,187644,73,216838
41729,0.036764,172.31.40.0-255,66,187710,73,216838
41730,0.039081,74.125.24.0-255,5738,193448,73,216838
41731,0.039092,172.31.40.0-255,66,193514,73,216838
41732,0.041417,74.125.24.0-255,5738,199252,73,216838
41733,0.041425,172.31.40.0-255,66,199318,73,216838
41734,0.04374,74.125.24.0-255,5738,205056,73,216838
41735,0.043748,172.31.40.0-255,66,205122,73,216838
41736,0.04583,172.31.40.0-255,108,205230,73,216838
41737,0.046045,74.125.24.0-255,5738,210968,73,216838
41738,0.046051,172.31.40.0-255,66,211034,73,216838
41739,0.048337,74.125.24.0-255,5738,216772,73,216838
41740,0.048345,172.31.40.0-255,66,216838,73,216838
41741,0.0,74.125.130.0-255,143,143,73,341371
41742,2.1e-05,172.31.40.0-255,66,209,73,341371
41743,2.7e-05,74.125.130.0-255,1484,1693,73,341371
41744,3.2e-05,172.31.40.0-255,66,1759,73,341371
41745,3.8e-05,74.125.130.0-255,2902,4661,73,341371
41746,4.1e-05,172.31.40.0-255,66,4727,73,341371
41747,5.6e-05,74.125.130.0-255,7156,11883,73,341371
41748,5.9e-05,172.31.40.0-255,66,11949,73,341371
41749,6.3e-05,74.125.130.0-255,2067,14016,73,341371
41750,6.5e-05,172.31.40.0-255,66,14082,73,341371
41751,0.000121,74.125.130.0-255,1484,15566,73,341371
41752,0.000123,172.31.40.0-255,66,15632,73,341371
41753,0.000128,74.125.130.0-255,2902,18534,73,341371
41754,0.000131,172.31.40.0-255,66,18600,73,341371
41755,0.000159,74.125.130.0-255,1484,20084,73,341371
41756,0.000162,172.31.40.0-255,66,20150,73,341371
41757,0.000166,74.125.130.0-255,2902,23052,73,341371
41758,0.000168,172.31.40.0-255,66,23118,73,341371
41759,0.000172,74.125.130.0-255,2902,26020,73,341371
41760,0.000174,172.31.40.0-255,66,26086,73,341371
41761,0.000199,74.125.130.0-255,2902,28988,73,341371
41762,0.000201,172.31.40.0-255,66,29054,73,341371
41763,0.00021,74.125.130.0-255,2543,31597,73,341371
41764,0.000212,172.31.40.0-255,66,31663,73,341371
41765,0.000318,74.125.130.0-255,1484,33147,73,341371
41766,0.000322,172.31.40.0-255,66,33213,73,341371
41767,0.000351,74.125.130.0-255,2902,36115,73,341371
41768,0.000354,172.31.40.0-255,66,36181,73,341371
41769,0.000359,74.125.130.0-255,4320,40501,73,341371
41770,0.000361,172.31.40.0-255,66,40567,73,341371
41771,0.000401,74.125.130.0-255,5738,46305,73,341371
41772,0.000404,172.31.40.0-255,66,46371,73,341371
41773,0.000408,74.125.130.0-255,2543,48914,73,341371
41774,0.00041,172.31.40.0-255,66,48980,73,341371
41775,0.000429,74.125.130.0-255,2902,51882,73,341371
41776,0.000432,172.31.40.0-255,66,51948,73,341371
41777,0.000462,74.125.130.0-255,5738,57686,73,341371
41778,0.000465,172.31.40.0-255,66,57752,73,341371
41779,0.000494,74.125.130.0-255,7156,64908,73,341371
41780,0.000496,172.31.40.0-255,66,64974,73,341371
41781,0.000499,74.125.130.0-255,1125,66099,73,341371
41782,0.000528,74.125.130.0-255,362,66461,73,341371
41783,0.000539,74.125.130.0-255,381,66842,73,341371
41784,0.000541,172.31.40.0-255,66,66908,73,341371
41785,0.000829,74.125.130.0-255,1484,68392,73,341371
41786,0.000843,74.125.130.0-255,2902,71294,73,341371
41787,0.000847,172.31.40.0-255,66,71360,73,341371
41788,0.00085,74.125.130.0-255,1484,72844,73,341371
41789,0.000875,74.125.130.0-255,2902,75746,73,341371
41790,0.000878,172.31.40.0-255,66,75812,73,341371
41791,0.000885,74.125.130.0-255,5738,81550,73,341371
41792,0.000887,172.31.40.0-255,66,81616,73,341371
41793,0.000925,172.31.40.0-255,66,81682,73,341371
41794,0.00097,74.125.130.0-255,7156,88838,73,341371
41795,0.000973,172.31.40.0-255,66,88904,73,341371
41796,0.000991,74.125.130.0-255,2184,91088,73,341371
41797,0.000994,172.31.40.0-255,66,91154,73,341371
41798,0.001096,74.125.130.0-255,1484,92638,73,341371
41799,0.001117,74.125.130.0-255,2902,95540,73,341371
41800,0.001121,172.31.40.0-255,66,95606,73,341371
41801,0.001127,74.125.130.0-255,4320,99926,73,341371
41802,0.001129,172.31.40.0-255,66,99992,73,341371
41803,0.001195,172.31.40.0-255,66,100058,73,341371
41804,0.001211,172.31.40.0-255,66,100124,73,341371
41805,0.001219,74.125.130.0-255,6438,106562,73,341371
41806,0.001221,172.31.40.0-255,66,106628,73,341371
41807,0.001296,74.125.130.0-255,1484,108112,73,341371
41808,0.001301,74.125.130.0-255,1484,109596,73,341371
41809,0.001304,172.31.40.0-255,66,109662,73,341371
41810,0.00133,74.125.130.0-255,1484,111146,73,341371
41811,0.001336,74.125.130.0-255,4320,115466,73,341371
41812,0.001338,172.31.40.0-255,66,115532,73,341371
41813,0.001344,74.125.130.0-255,4320,119852,73,341371
41814,0.001346,172.31.40.0-255,66,119918,73,341371
41815,0.001375,74.125.130.0-255,4320,124238,73,341371
41816,0.001378,172.31.40.0-255,66,124304,73,341371
41817,0.001386,74.125.130.0-255,5738,130042,73,341371
41818,0.001388,172.31.40.0-255,66,130108,73,341371
41819,0.0014,74.125.130.0-255,7156,137264,73,341371
41820,0.001403,172.31.40.0-255,66,137330,73,341371
41821,0.001406,74.125.130.0-255,1484,138814,73,341371
41822,0.001434,74.125.130.0-255,2184,140998,73,341371
41823,0.001437,172.31.40.0-255,66,141064,73,341371
41824,0.001527,74.125.130.0-255,1484,142548,73,341371
41825,0.001533,74.125.130.0-255,2902,145450,73,341371
41826,0.001536,172.31.40.0-255,66,145516,73,341371
41827,0.001565,74.125.130.0-255,5738,151254,73,341371
41828,0.001568,172.31.40.0-255,66,151320,73,341371
41829,0.001614,74.125.130.0-255,7156,158476,73,341371
41830,0.001618,172.31.40.0-255,66,158542,73,341371
41831,0.001626,74.125.130.0-255,7156,165698,73,341371
41832,0.001629,172.31.40.0-255,66,165764,73,341371
41833,0.00165,74.125.130.0-255,4320,170084,73,341371
41834,0.001656,172.31.40.0-255,66,170150,73,341371
41835,0.001678,74.125.130.0-255,5020,175170,73,341371
41836,0.001682,172.31.40.0-255,66,175236,73,341371
41837,0.001725,74.125.130.0-255,1484,176720,73,341371
41838,0.001742,74.125.130.0-255,2902,179622,73,341371
41839,0.001745,172.31.40.0-255,66,179688,73,341371
41840,0.00175,74.125.130.0-255,2902,182590,73,341371
41841,0.001752,172.31.40.0-255,66,182656,73,341371
41842,0.001787,74.125.130.0-255,2902,185558,73,341371
41843,0.00179,172.31.40.0-255,66,185624,73,341371
41844,0.001794,74.125.130.0-255,2902,188526,73,341371
41845,0.001797,172.31.40.0-255,66,188592,73,341371
41846,0.001813,172.31.40.0-255,66,188658,73,341371
41847,0.00182,74.125.130.0-255,5738,194396,73,341371
41848,0.001822,172.31.40.0-255,66,194462,73,341371
41849,0.001849,74.125.130.0-255,4320,198782,73,341371
41850,0.001855,172.31.40.0-255,66,198848,73,341371
41851,0.001858,74.125.130.0-255,766,199614,73,341371
41852,0.002011,74.125.130.0-255,1484,201098,73,341371
41853,0.002015,172.31.40.0-255,66,201164,73,341371
41854,0.00202,74.125.130.0-255,2902,204066,73,341371
41855,0.002023,172.31.40.0-255,66,204132,73,341371
41856,0.002047,74.125.130.0-255,5738,209870,73,341371
41857,0.002049,172.31.40.0-255,66,209936,73,341371
41858,0.002087,172.31.40.0-255,66,210002,73,341371
41859,0.002114,74.125.130.0-255,2902,212904,73,341371
41860,0.002117,172.31.40.0-255,66,212970,73,341371
41861,0.002136,172.31.40.0-255,66,213036,73,341371
41862,0.004382,74.125.130.0-255,5738,218774,73,341371
41863,0.00439,172.31.40.0-255,66,218840,73,341371
41864,0.006658,74.125.130.0-255,5738,224578,73,341371
41865,0.006664,172.31.40.0-255,66,224644,73,341371
41866,0.008936,74.125.130.0-255,5738,230382,73,341371
41867,0.008951,172.31.40.0-255,66,230448,73,341371
41868,0.011242,74.125.130.0-255,5738,236186,73,341371
41869,0.011252,172.31.40.0-255,66,236252,73,341371
41870,0.013523,74.125.130.0-255,5738,241990,73,341371
41871,0.01353,172.31.40.0-255,66,242056,73,341371
41872,0.01582,74.125.130.0-255,5738,247794,73,341371
41873,0.015837,172.31.40.0-255,66,247860,73,341371
41874,0.018113,74.125.130.0-255,5738,253598,73,341371
41875,0.018125,172.31.40.0-255,66,253664,73,341371
41876,0.020392,74.125.130.0-255,5738,259402,73,341371
41877,0.020401,172.31.40.0-255,66,259468,73,341371
41878,0.022661,74.125.130.0-255,5738,265206,73,341371
41879,0.02267,172.31.40.0-255,66,265272,73,341371
41880,0.024935,74.125.130.0-255,5738,271010,73,341371
41881,0.024945,172.31.40.0-255,66,271076,73,341371
41882,0.027205,74.125.130.0-255,5738,276814,73,341371
41883,0.027214,172.31.40.0-255,66,276880,73,341371
41884,0.02948,74.125.130.0-255,5738,282618,73,341371
41885,0.029489,172.31.40.0-255,66,282684,73,341371
41886,0.031749,74.125.130.0-255,5738,288422,73,341371
41887,0.031757,172.31.40.0-255,66,288488,73,341371
41888,0.034022,74.125.130.0-255,5738,294226,73,341371
41889,0.034039,172.31.40.0-255,66,294292,73,341371
41890,0.036296,74.125.130.0-255,5738,300030,73,341371
41891,0.036303,172.31.40.0-255,66,300096,73,341371
41892,0.038558,74.125.130.0-255,5738,305834,73,341371
41893,0.038565,172.31.40.0-255,66,305900,73,341371
41894,0.040849,74.125.130.0-255,5738,311638,73,341371
41895,0.040866,172.31.40.0-255,66,311704,73,341371
41896,0.043131,74.125.130.0-255,5738,317442,73,341371
41897,0.043146,172.31.40.0-255,66,317508,73,341371
41898,0.045418,74.125.130.0-255,5738,323246,73,341371
41899,0.045434,172.31.40.0-255,66,323312,73,341371
41900,0.046794,172.31.40.0-255,172,323484,73,341371
41901,0.046823,172.31.40.0-255,1115,324599,73,341371
41902,0.046877,172.31.40.0-255,1514,326113,73,341371
41903,0.046878,172.31.40.0-255,1514,327627,73,341371
41904,0.046882,172.31.40.0-255,1514,329141,73,341371
41905,0.046883,172.31.40.0-255,358,329499,73,341371
41906,0.0477,74.125.130.0-255,5738,335237,73,341371
41907,0.047707,172.31.40.0-255,66,335303,73,341371
41908,0.048283,104.244.42.0-255,66,335369,73,341371
41909,0.048308,104.244.42.0-255,66,335435,73,341371
41910,0.048375,104.244.42.0-255,66,335501,73,341371
41911,0.04838,104.244.42.0-255,66,335567,73,341371
41912,0.049966,74.125.130.0-255,5738,341305,73,341371
41913,0.049979,172.31.40.0-255,66,341371,73,341371
41914,0.0,74.125.24.0-255,143,143,73,147700
41915,2.4e-05,172.31.40.0-255,66,209,73,147700
41916,3.2e-05,74.125.24.0-255,1484,1693,73,147700
41917,3.6e-05,172.31.40.0-255,66,1759,73,147700
41918,6.9e-05,74.125.24.0-255,2902,4661,73,147700
41919,7.2e-05,172.31.40.0-255,66,4727,73,147700
41920,0.00022,74.125.24.0-255,7156,11883,73,147700
41921,0.000224,172.31.40.0-255,66,11949,73,147700
41922,0.000643,74.125.24.0-255,5738,17687,73,147700
41923,0.000649,172.31.40.0-255,66,17753,73,147700
41924,0.00068,172.31.40.0-255,66,17819,73,147700
41925,0.001349,172.31.40.0-255,66,17885,73,147700
41926,0.001375,172.31.40.0-255,66,17951,73,147700
41927,0.002269,74.125.24.0-255,7156,25107,73,147700
41928,0.002273,172.31.40.0-255,66,25173,73,147700
41929,0.002304,172.31.40.0-255,66,25239,73,147700
41930,0.003219,172.31.40.0-255,66,25305,73,147700
41931,0.005466,74.125.24.0-255,5738,31043,73,147700
41932,0.005474,172.31.40.0-255,66,31109,73,147700
41933,0.007708,74.125.24.0-255,5738,36847,73,147700
41934,0.007716,172.31.40.0-255,66,36913,73,147700
41935,0.009954,74.125.24.0-255,5738,42651,73,147700
41936,0.009964,172.31.40.0-255,66,42717,73,147700
41937,0.012227,74.125.24.0-255,5738,48455,73,147700
41938,0.012236,172.31.40.0-255,66,48521,73,147700
41939,0.014508,74.125.24.0-255,5738,54259,73,147700
41940,0.014519,172.31.40.0-255,66,54325,73,147700
41941,0.016779,74.125.24.0-255,5738,60063,73,147700
41942,0.016788,172.31.40.0-255,66,60129,73,147700
41943,0.019064,74.125.24.0-255,5738,65867,73,147700
41944,0.019071,172.31.40.0-255,66,65933,73,147700
41945,0.021329,74.125.24.0-255,5738,71671,73,147700
41946,0.021337,172.31.40.0-255,66,71737,73,147700
41947,0.023593,74.125.24.0-255,5738,77475,73,147700
41948,0.023604,172.31.40.0-255,66,77541,73,147700
41949,0.025866,74.125.24.0-255,5738,83279,73,147700
41950,0.026697,172.31.40.0-255,66,83345,73,147700
41951,0.028717,172.31.40.0-255,172,83517,73,147700
41952,0.02875,172.31.40.0-255,1115,84632,73,147700
41953,0.028817,172.31.40.0-255,1514,86146,73,147700
41954,0.028819,172.31.40.0-255,1514,87660,73,147700
41955,0.028844,172.31.40.0-255,680,88340,73,147700
41956,0.028948,74.125.24.0-255,5738,94078,73,147700
41957,0.028955,172.31.40.0-255,66,94144,73,147700
41958,0.03025,104.244.42.0-255,66,94210,73,147700
41959,0.030285,104.244.42.0-255,66,94276,73,147700
41960,0.030405,104.244.42.0-255,66,94342,73,147700
41961,0.030409,104.244.42.0-255,66,94408,73,147700
41962,0.031194,74.125.24.0-255,2902,97310,73,147700
41963,0.031203,172.31.40.0-255,66,97376,73,147700
41964,0.031251,74.125.24.0-255,2902,100278,73,147700
41965,0.031284,172.31.40.0-255,66,100344,73,147700
41966,0.033485,74.125.24.0-255,2902,103246,73,147700
41967,0.033501,172.31.40.0-255,66,103312,73,147700
41968,0.033544,74.125.24.0-255,2902,106214,73,147700
41969,0.033596,172.31.40.0-255,66,106280,73,147700
41970,0.035757,74.125.24.0-255,2902,109182,73,147700
41971,0.035766,172.31.40.0-255,66,109248,73,147700
41972,0.035833,74.125.24.0-255,2902,112150,73,147700
41973,0.035863,172.31.40.0-255,66,112216,73,147700
41974,0.038014,74.125.24.0-255,2902,115118,73,147700
41975,0.038031,172.31.40.0-255,66,115184,73,147700
41976,0.038082,74.125.24.0-255,2902,118086,73,147700
41977,0.038431,172.31.40.0-255,66,118152,73,147700
41978,0.040282,74.125.24.0-255,2902,121054,73,147700
41979,0.040296,172.31.40.0-255,66,121120,73,147700
41980,0.040652,74.125.24.0-255,2902,124022,73,147700
41981,0.040658,172.31.40.0-255,66,124088,73,147700
41982,0.042543,74.125.24.0-255,2902,126990,73,147700
41983,0.042581,172.31.40.0-255,66,127056,73,147700
41984,0.042921,74.125.24.0-255,2902,129958,73,147700
41985,0.042927,172.31.40.0-255,66,130024,73,147700
41986,0.044861,74.125.24.0-255,2902,132926,73,147700
41987,0.044875,172.31.40.0-255,66,132992,73,147700
41988,0.045181,74.125.24.0-255,2902,135894,73,147700
41989,0.045188,172.31.40.0-255,66,135960,73,147700
41990,0.047102,74.125.24.0-255,2902,138862,73,147700
41991,0.047111,172.31.40.0-255,66,138928,73,147700
41992,0.047431,74.125.24.0-255,2902,141830,73,147700
41993,0.047436,172.31.40.0-255,66,141896,73,147700
41994,0.049335,74.125.24.0-255,2902,144798,73,147700
41995,0.049653,74.125.24.0-255,2902,147700,73,147700
41996,0.0,172.217.194.0-255,143,143,73,247110
41997,2.3e-05,172.31.40.0-255,66,209,73,247110
41998,3.1e-05,172.217.194.0-255,1484,1693,73,247110
41999,3.5e-05,172.31.40.0-255,66,1759,73,247110
42000,4.1e-05,172.217.194.0-255,2902,4661,73,247110
42001,4.4e-05,172.31.40.0-255,66,4727,73,247110
42002,5.2e-05,172.217.194.0-255,7156,11883,73,247110
42003,5.6e-05,172.31.40.0-255,66,11949,73,247110
42004,7e-05,172.31.40.0-255,66,12015,73,247110
42005,9.1e-05,172.217.194.0-255,4937,16952,73,247110
42006,9.3e-05,172.31.40.0-255,66,17018,73,247110
42007,9.8e-05,172.217.194.0-255,2543,19561,73,247110
42008,0.0001,172.31.40.0-255,66,19627,73,247110
42009,0.000148,172.217.194.0-255,1484,21111,73,247110
42010,0.000151,172.31.40.0-255,66,21177,73,247110
42011,0.000156,172.217.194.0-255,2902,24079,73,247110
42012,0.000159,172.31.40.0-255,66,24145,73,247110
42013,0.000186,172.217.194.0-255,4320,28465,73,247110
42014,0.000188,172.31.40.0-255,66,28531,73,247110
42015,0.000226,172.217.194.0-255,1484,30015,73,247110
42016,0.000229,172.31.40.0-255,66,30081,73,247110
42017,0.000236,172.217.194.0-255,6797,36878,73,247110
42018,0.000239,172.31.40.0-255,66,36944,73,247110
42019,0.000254,172.31.40.0-255,66,37010,73,247110
42020,0.000258,172.217.194.0-255,2831,39841,73,247110
42021,0.000261,172.31.40.0-255,66,39907,73,247110
42022,0.000264,172.217.194.0-255,98,40005,73,247110
42023,0.000267,172.31.40.0-255,66,40071,73,247110
42024,0.000388,172.217.194.0-255,1484,41555,73,247110
42025,0.000393,172.31.40.0-255,66,41621,73,247110
42026,0.000398,172.217.194.0-255,2902,44523,73,247110
42027,0.000401,172.31.40.0-255,66,44589,73,247110
42028,0.000407,172.217.194.0-255,5738,50327,73,247110
42029,0.00041,172.31.40.0-255,66,50393,73,247110
42030,0.000413,172.217.194.0-255,1484,51877,73,247110
42031,0.000452,172.31.40.0-255,66,51943,73,247110
42032,0.000464,172.31.40.0-255,66,52009,73,247110
42033,0.000624,172.217.194.0-255,366,52375,73,247110
42034,0.000733,172.217.194.0-255,1484,53859,73,247110
42035,0.000738,172.31.40.0-255,66,53925,73,247110
42036,0.000744,172.217.194.0-255,2902,56827,73,247110
42037,0.000746,172.31.40.0-255,66,56893,73,247110
42038,0.000779,172.217.194.0-255,5738,62631,73,247110
42039,0.000783,172.31.40.0-255,66,62697,73,247110
42040,0.000793,172.31.40.0-255,66,62763,73,247110
42041,0.000815,172.217.194.0-255,4320,67083,73,247110
42042,0.000818,172.31.40.0-255,66,67149,73,247110
42043,0.000825,172.217.194.0-255,7156,74305,73,247110
42044,0.000828,172.31.40.0-255,66,74371,73,247110
42045,0.000841,172.217.194.0-255,2902,77273,73,247110
42046,0.000843,172.31.40.0-255,66,77339,73,247110
42047,0.000858,172.217.194.0-255,217,77556,73,247110
42048,0.000962,172.217.194.0-255,1484,79040,73,247110
42049,0.000966,172.31.40.0-255,66,79106,73,247110
42050,0.000972,172.217.194.0-255,2902,82008,73,247110
42051,0.000975,172.31.40.0-255,66,82074,73,247110
42052,0.001002,172.217.194.0-255,5738,87812,73,247110
42053,0.001007,172.217.194.0-255,4320,92132,73,247110
42054,0.001012,172.31.40.0-255,66,92198,73,247110
42055,0.00102,172.31.40.0-255,66,92264,73,247110
42056,0.001024,172.217.194.0-255,2902,95166,73,247110
42057,0.001026,172.31.40.0-255,66,95232,73,247110
42058,0.001067,172.31.40.0-255,66,95298,73,247110
42059,0.001071,172.217.194.0-255,2184,97482,73,247110
42060,0.001072,172.31.40.0-255,66,97548,73,247110
42061,0.001374,172.217.194.0-255,1484,99032,73,247110
42062,0.001391,172.217.194.0-255,2902,101934,73,247110
42063,0.001395,172.31.40.0-255,66,102000,73,247110
42064,0.0014,172.217.194.0-255,2902,104902,73,247110
42065,0.001402,172.31.40.0-255,66,104968,73,247110
42066,0.001415,172.217.194.0-255,2902,107870,73,247110
42067,0.001417,172.217.194.0-255,1484,109354,73,247110
42068,0.001424,172.31.40.0-255,66,109420,73,247110
42069,0.001429,172.217.194.0-255,1484,110904,73,247110
42070,0.001431,172.31.40.0-255,66,110970,73,247110
42071,0.001452,172.217.194.0-255,7156,118126,73,247110
42072,0.001455,172.31.40.0-255,66,118192,73,247110
42073,0.001491,172.31.40.0-255,66,118258,73,247110
42074,0.001503,172.217.194.0-255,766,119024,73,247110
42075,0.001818,172.217.194.0-255,1484,120508,73,247110
42076,0.001823,172.31.40.0-255,66,120574,73,247110
42077,0.001829,172.217.194.0-255,2902,123476,73,247110
42078,0.001831,172.31.40.0-255,66,123542,73,247110
42079,0.001851,172.217.194.0-255,2902,126444,73,247110
42080,0.001855,172.31.40.0-255,66,126510,73,247110
42081,0.00187,172.217.194.0-255,2902,129412,73,247110
42082,0.001873,172.31.40.0-255,66,129478,73,247110
42083,0.001876,172.217.194.0-255,1484,130962,73,247110
42084,0.00189,172.31.40.0-255,66,131028,73,247110
42085,0.001949,172.31.40.0-255,66,131094,73,247110
42086,0.004229,172.217.194.0-255,5738,136832,73,247110
42087,0.004237,172.31.40.0-255,66,136898,73,247110
42088,0.006515,172.217.194.0-255,4320,141218,73,247110
42089,0.00652,172.31.40.0-255,66,141284,73,247110
42090,0.006538,172.217.194.0-255,1484,142768,73,247110
42091,0.008804,172.217.194.0-255,4320,147088,73,247110
42092,0.008811,172.31.40.0-255,66,147154,73,247110
42093,0.011112,172.217.194.0-255,5738,152892,73,247110
42094,0.011122,172.31.40.0-255,66,152958,73,247110
42095,0.013431,172.217.194.0-255,5738,158696,73,247110
42096,0.013444,172.31.40.0-255,66,158762,73,247110
42097,0.015746,172.217.194.0-255,5738,164500,73,247110
42098,0.015762,172.31.40.0-255,66,164566,73,247110
42099,0.018077,172.217.194.0-255,5738,170304,73,247110
42100,0.018093,172.31.40.0-255,66,170370,73,247110
42101,0.020404,172.217.194.0-255,5738,176108,73,247110
42102,0.020413,172.31.40.0-255,66,176174,73,247110
42103,0.022706,172.217.194.0-255,5738,181912,73,247110
42104,0.022724,172.31.40.0-255,66,181978,73,247110
42105,0.025021,172.217.194.0-255,5738,187716,73,247110
42106,0.025033,172.31.40.0-255,66,187782,73,247110
42107,0.027326,172.217.194.0-255,5738,193520,73,247110
42108,0.02734,172.31.40.0-255,66,193586,73,247110
42109,0.029673,172.217.194.0-255,5738,199324,73,247110
42110,0.02968,172.31.40.0-255,66,199390,73,247110
42111,0.031967,172.217.194.0-255,5738,205128,73,247110
42112,0.031976,172.31.40.0-255,66,205194,73,247110
42113,0.034268,172.217.194.0-255,5738,210932,73,247110
42114,0.034276,172.31.40.0-255,66,210998,73,247110
42115,0.036566,172.217.194.0-255,5738,216736,73,247110
42116,0.036581,172.31.40.0-255,66,216802,73,247110
42117,0.038868,172.217.194.0-255,5738,222540,73,247110
42118,0.038875,172.31.40.0-255,66,222606,73,247110
42119,0.041161,172.217.194.0-255,5738,228344,73,247110
42120,0.041178,172.31.40.0-255,66,228410,73,247110
42121,0.043451,172.217.194.0-255,5738,234148,73,247110
42122,0.043461,172.31.40.0-255,66,234214,73,247110
42123,0.045762,172.217.194.0-255,5738,239952,73,247110
42124,0.045785,172.31.40.0-255,66,240018,73,247110
42125,0.048091,172.217.194.0-255,5738,245756,73,247110
42126,0.048099,172.31.40.0-255,66,245822,73,247110
42127,0.049915,172.31.40.0-255,172,245994,73,247110
42128,0.049951,172.31.40.0-255,1116,247110,73,247110
42129,0.0,172.217.194.0-255,147,147,73,238472
42130,1.4e-05,172.31.40.0-255,66,213,73,238472
42131,1.9e-05,172.217.194.0-255,1484,1697,73,238472
42132,2.3e-05,172.31.40.0-255,66,1763,73,238472
42133,3e-05,172.217.194.0-255,2902,4665,73,238472
42134,4e-05,172.31.40.0-255,66,4731,73,238472
42135,4.7e-05,172.217.194.0-255,4320,9051,73,238472
42136,4.9e-05,172.31.40.0-255,66,9117,73,238472
42137,8.3e-05,172.217.194.0-255,2902,12019,73,238472
42138,8.6e-05,172.31.40.0-255,66,12085,73,238472
42139,9.3e-05,172.217.194.0-255,5738,17823,73,238472
42140,9.6e-05,172.31.40.0-255,66,17889,73,238472
42141,0.000127,172.217.194.0-255,6287,24176,73,238472
42142,0.00013,172.31.40.0-255,66,24242,73,238472
42143,0.000148,172.31.40.0-255,66,24308,73,238472
42144,0.000155,172.217.194.0-255,7156,31464,73,238472
42145,0.000157,172.31.40.0-255,66,31530,73,238472
42146,0.000187,172.217.194.0-255,3602,35132,73,238472
42147,0.00019,172.31.40.0-255,66,35198,73,238472
42148,0.000193,172.217.194.0-255,1484,36682,73,238472
42149,0.000195,172.31.40.0-255,66,36748,73,238472
42150,0.000226,172.217.194.0-255,2902,39650,73,238472
42151,0.000228,172.31.40.0-255,66,39716,73,238472
42152,0.000234,172.217.194.0-255,5738,45454,73,238472
42153,0.000237,172.31.40.0-255,66,45520,73,238472
42154,0.000283,172.31.40.0-255,66,45586,73,238472
42155,0.000289,172.217.194.0-255,5738,51324,73,238472
42156,0.000291,172.31.40.0-255,66,51390,73,238472
42157,0.000329,172.217.194.0-255,2902,54292,73,238472
42158,0.000332,172.31.40.0-255,66,54358,73,238472
42159,0.000343,172.31.40.0-255,66,54424,73,238472
42160,0.000361,172.31.40.0-255,66,54490,73,238472
42161,0.000383,172.217.194.0-255,2184,56674,73,238472
42162,0.000385,172.31.40.0-255,66,56740,73,238472
42163,0.000798,172.217.194.0-255,1484,58224,73,238472
42164,0.000803,172.217.194.0-255,1484,59708,73,238472
42165,0.000806,172.31.40.0-255,66,59774,73,238472
42166,0.00082,172.217.194.0-255,1484,61258,73,238472
42167,0.000829,172.217.194.0-255,5738,66996,73,238472
42168,0.000831,172.31.40.0-255,66,67062,73,238472
42169,0.000856,172.217.194.0-255,5738,72800,73,238472
42170,0.000859,172.31.40.0-255,66,72866,73,238472
42171,0.000872,172.217.194.0-255,7156,80022,73,238472
42172,0.000875,172.31.40.0-255,66,80088,73,238472
42173,0.000885,172.217.194.0-255,7156,87244,73,238472
42174,0.000887,172.31.40.0-255,66,87310,73,238472
42175,0.000935,172.217.194.0-255,3602,90912,73,238472
42176,0.000937,172.31.40.0-255,66,90978,73,238472
42177,0.001245,172.217.194.0-255,1484,92462,73,238472
42178,0.00126,172.217.194.0-255,2902,95364,73,238472
42179,0.001262,172.31.40.0-255,66,95430,73,238472
42180,0.001268,172.217.194.0-255,4320,99750,73,238472
42181,0.001269,172.31.40.0-255,66,99816,73,238472
42182,0.001298,172.217.194.0-255,1484,101300,73,238472
42183,0.00131,172.31.40.0-255,66,101366,73,238472
42184,0.001346,172.31.40.0-255,66,101432,73,238472
42185,0.003429,172.217.194.0-255,5738,107170,73,238472
42186,0.003436,172.31.40.0-255,66,107236,73,238472
42187,0.005524,172.217.194.0-255,5738,112974,73,238472
42188,0.005527,172.31.40.0-255,66,113040,73,238472
42189,0.007616,172.217.194.0-255,5738,118778,73,238472
42190,0.007622,172.31.40.0-255,66,118844,73,238472
42191,0.009733,172.217.194.0-255,5738,124582,73,238472
42192,0.009741,172.31.40.0-255,66,124648,73,238472
42193,0.011831,172.217.194.0-255,5738,130386,73,238472
42194,0.011838,172.31.40.0-255,66,130452,73,238472
42195,0.013919,172.217.194.0-255,5738,136190,73,238472
42196,0.013927,172.31.40.0-255,66,136256,73,238472
42197,0.016029,172.217.194.0-255,5738,141994,73,238472
42198,0.01604,172.31.40.0-255,66,142060,73,238472
42199,0.018143,172.217.194.0-255,4320,146380,73,238472
42200,0.018151,172.31.40.0-255,66,146446,73,238472
42201,0.018182,172.217.194.0-255,1484,147930,73,238472
42202,0.020248,172.217.194.0-255,4320,152250,73,238472
42203,0.020257,172.31.40.0-255,66,152316,73,238472
42204,0.022348,172.217.194.0-255,5738,158054,73,238472
42205,0.022355,172.31.40.0-255,66,158120,73,238472
42206,0.024462,172.217.194.0-255,5738,163858,73,238472
42207,0.02447,172.31.40.0-255,66,163924,73,238472
42208,0.026413,172.31.40.0-255,172,164096,73,238472
42209,0.026444,172.31.40.0-255,1114,165210,73,238472
42210,0.026497,172.31.40.0-255,1514,166724,73,238472
42211,0.026499,172.31.40.0-255,1514,168238,73,238472
42212,0.026502,172.31.40.0-255,1514,169752,73,238472
42213,0.026503,172.31.40.0-255,160,169912,73,238472
42214,0.026532,172.217.194.0-255,4320,174232,73,238472
42215,0.026535,172.31.40.0-255,66,174298,73,238472
42216,0.026568,172.217.194.0-255,1484,175782,73,238472
42217,0.027951,104.244.42.0-255,66,175848,73,238472
42218,0.028008,104.244.42.0-255,66,175914,73,238472
42219,0.028049,104.244.42.0-255,66,175980,73,238472
42220,0.028062,104.244.42.0-255,66,176046,73,238472
42221,0.028631,172.217.194.0-255,4320,180366,73,238472
42222,0.028636,172.31.40.0-255,66,180432,73,238472
42223,0.030735,172.217.194.0-255,5738,186170,73,238472
42224,0.030742,172.31.40.0-255,66,186236,73,238472
42225,0.032828,172.217.194.0-255,5738,191974,73,238472
42226,0.032834,172.31.40.0-255,66,192040,73,238472
42227,0.034932,172.217.194.0-255,5738,197778,73,238472
42228,0.034939,172.31.40.0-255,66,197844,73,238472
42229,0.037026,172.217.194.0-255,5738,203582,73,238472
42230,0.037031,172.31.40.0-255,66,203648,73,238472
42231,0.039148,172.217.194.0-255,5738,209386,73,238472
42232,0.039154,172.31.40.0-255,66,209452,73,238472
42233,0.041272,172.217.194.0-255,5738,215190,73,238472
42234,0.041278,172.31.40.0-255,66,215256,73,238472
42235,0.043363,172.217.194.0-255,5738,220994,73,238472
42236,0.043369,172.31.40.0-255,66,221060,73,238472
42237,0.045452,172.217.194.0-255,5738,226798,73,238472
42238,0.045457,172.31.40.0-255,66,226864,73,238472
42239,0.047556,172.217.194.0-255,5738,232602,73,238472
42240,0.047562,172.31.40.0-255,66,232668,73,238472
42241,0.04966,172.217.194.0-255,5738,238406,73,238472
42242,0.049668,172.31.40.0-255,66,238472,73,238472
42243,0.0,74.125.200.0-255,153,153,73,208517
42244,2e-05,172.31.40.0-255,66,219,73,208517
42245,2.7e-05,74.125.200.0-255,1484,1703,73,208517
42246,3.3e-05,172.31.40.0-255,66,1769,73,208517
42247,4.6e-05,74.125.200.0-255,2902,4671,73,208517
42248,5e-05,172.31.40.0-255,66,4737,73,208517
42249,5.7e-05,74.125.200.0-255,5738,10475,73,208517
42250,6.1e-05,172.31.40.0-255,66,10541,73,208517
42251,6.4e-05,74.125.200.0-255,1484,12025,73,208517
42252,6.7e-05,172.31.40.0-255,66,12091,73,208517
42253,0.000102,74.125.200.0-255,2098,14189,73,208517
42254,0.000105,172.31.40.0-255,66,14255,73,208517
42255,0.000184,74.125.200.0-255,1484,15739,73,208517
42256,0.000187,172.31.40.0-255,66,15805,73,208517
42257,0.000192,74.125.200.0-255,2902,18707,73,208517
42258,0.000195,172.31.40.0-255,66,18773,73,208517
42259,0.000233,74.125.200.0-255,5738,24511,73,208517
42260,0.000236,172.31.40.0-255,66,24577,73,208517
42261,0.000244,74.125.200.0-255,6797,31374,73,208517
42262,0.000246,172.31.40.0-255,66,31440,73,208517
42263,0.00029,172.31.40.0-255,66,31506,73,208517
42264,0.000319,74.125.200.0-255,2902,34408,73,208517
42265,0.000321,172.31.40.0-255,66,34474,73,208517
42266,0.00034,172.31.40.0-255,66,34540,73,208517
42267,0.000351,172.31.40.0-255,66,34606,73,208517
42268,0.000353,74.125.200.0-255,766,35372,73,208517
42269,0.000355,172.31.40.0-255,66,35438,73,208517
42270,0.000753,74.125.200.0-255,412,35850,73,208517
42271,0.00076,172.31.40.0-255,66,35916,73,208517
42272,0.001251,74.125.200.0-255,331,36247,73,208517
42273,0.001499,74.125.200.0-255,1484,37731,73,208517
42274,0.001506,172.31.40.0-255,66,37797,73,208517
42275,0.001513,74.125.200.0-255,2902,40699,73,208517
42276,0.001516,172.31.40.0-255,66,40765,73,208517
42277,0.001549,74.125.200.0-255,5738,46503,73,208517
42278,0.001551,172.31.40.0-255,66,46569,73,208517
42279,0.001555,74.125.200.0-255,2902,49471,73,208517
42280,0.001557,172.31.40.0-255,66,49537,73,208517
42281,0.001567,74.125.200.0-255,4320,53857,73,208517
42282,0.001569,172.31.40.0-255,66,53923,73,208517
42283,0.001577,74.125.200.0-255,7156,61079,73,208517
42284,0.001579,172.31.40.0-255,66,61145,73,208517
42285,0.001604,74.125.200.0-255,1484,62629,73,208517
42286,0.00161,74.125.200.0-255,2902,65531,73,208517
42287,0.001614,172.31.40.0-255,66,65597,73,208517
42288,0.001619,74.125.200.0-255,4320,69917,73,208517
42289,0.001621,172.31.40.0-255,66,69983,73,208517
42290,0.001624,74.125.200.0-255,766,70749,73,208517
42291,0.002138,74.125.200.0-255,1484,72233,73,208517
42292,0.002144,172.31.40.0-255,66,72299,73,208517
42293,0.002151,74.125.200.0-255,2902,75201,73,208517
42294,0.002154,172.31.40.0-255,66,75267,73,208517
42295,0.002162,74.125.200.0-255,1484,76751,73,208517
42296,0.002183,74.125.200.0-255,1484,78235,73,208517
42297,0.002185,172.31.40.0-255,66,78301,73,208517
42298,0.002191,74.125.200.0-255,4320,82621,73,208517
42299,0.002193,172.31.40.0-255,66,82687,73,208517
42300,0.002228,172.31.40.0-255,66,82753,73,208517
42301,0.002267,74.125.200.0-255,3602,86355,73,208517
42302,0.002273,172.31.40.0-255,66,86421,73,208517
42303,0.002276,172.31.40.0-255,66,86487,73,208517
42304,0.004522,74.125.200.0-255,5738,92225,73,208517
42305,0.004531,172.31.40.0-255,66,92291,73,208517
42306,0.006796,74.125.200.0-255,5738,98029,73,208517
42307,0.006802,172.31.40.0-255,66,98095,73,208517
42308,0.009067,74.125.200.0-255,5738,103833,73,208517
42309,0.009078,172.31.40.0-255,66,103899,73,208517
42310,0.011345,74.125.200.0-255,5738,109637,73,208517
42311,0.01136,172.31.40.0-255,66,109703,73,208517
42312,0.013631,74.125.200.0-255,5738,115441,73,208517
42313,0.013644,172.31.40.0-255,66,115507,73,208517
42314,0.015928,74.125.200.0-255,5738,121245,73,208517
42315,0.015946,172.31.40.0-255,66,121311,73,208517
42316,0.018212,74.125.200.0-255,5738,127049,73,208517
42317,0.018226,172.31.40.0-255,66,127115,73,208517
42318,0.020489,74.125.200.0-255,5738,132853,73,208517
42319,0.020497,172.31.40.0-255,66,132919,73,208517
42320,0.02279,74.125.200.0-255,5738,138657,73,208517
42321,0.022802,172.31.40.0-255,66,138723,73,208517
42322,0.025074,74.125.200.0-255,5738,144461,73,208517
42323,0.02509,172.31.40.0-255,66,144527,73,208517
42324,0.027414,74.125.200.0-255,5738,150265,73,208517
42325,0.027426,172.31.40.0-255,66,150331,73,208517
42326,0.029699,74.125.200.0-255,5738,156069,73,208517
42327,0.029711,172.31.40.0-255,66,156135,73,208517
42328,0.031208,172.31.40.0-255,172,156307,73,208517
42329,0.031247,172.31.40.0-255,1116,157423,73,208517
42330,0.031306,172.31.40.0-255,1514,158937,73,208517
42331,0.031307,172.31.40.0-255,1514,160451,73,208517
42332,0.031311,172.31.40.0-255,1436,161887,73,208517
42333,0.031976,74.125.200.0-255,5738,167625,73,208517
42334,0.031985,172.31.40.0-255,66,167691,73,208517
42335,0.032739,104.244.42.0-255,66,167757,73,208517
42336,0.032785,104.244.42.0-255,66,167823,73,208517
42337,0.032894,104.244.42.0-255,66,167889,73,208517
42338,0.034246,74.125.200.0-255,5738,173627,73,208517
42339,0.034254,172.31.40.0-255,66,173693,73,208517
42340,0.036519,74.125.200.0-255,5738,179431,73,208517
42341,0.036529,172.31.40.0-255,66,179497,73,208517
42342,0.038795,74.125.200.0-255,5738,185235,73,208517
42343,0.03881,172.31.40.0-255,66,185301,73,208517
42344,0.041085,74.125.200.0-255,5738,191039,73,208517
42345,0.041098,172.31.40.0-255,66,191105,73,208517
42346,0.043363,74.125.200.0-255,5738,196843,73,208517
42347,0.043372,172.31.40.0-255,66,196909,73,208517
42348,0.045677,74.125.200.0-255,5738,202647,73,208517
42349,0.045686,172.31.40.0-255,66,202713,73,208517
42350,0.047958,74.125.200.0-255,5738,208451,73,208517
42351,0.047967,172.31.40.0-255,66,208517,73,208517
42352,0.0,172.217.194.0-255,146,146,73,249676
42353,2.2e-05,172.31.40.0-255,66,212,73,249676
42354,2.9e-05,172.217.194.0-255,1484,1696,73,249676
42355,3.4e-05,172.31.40.0-255,66,1762,73,249676
42356,4e-05,172.217.194.0-255,2902,4664,73,249676
42357,5.2e-05,172.31.40.0-255,66,4730,73,249676
42358,6e-05,172.217.194.0-255,7156,11886,73,249676
42359,6.4e-05,172.31.40.0-255,66,11952,73,249676
42360,6.8e-05,172.217.194.0-255,1983,13935,73,249676
42361,7.1e-05,172.31.40.0-255,66,14001,73,249676
42362,0.000247,172.217.194.0-255,1484,15485,73,249676
42363,0.00025,172.31.40.0-255,66,15551,73,249676
42364,0.000256,172.217.194.0-255,2902,18453,73,249676
42365,0.000259,172.31.40.0-255,66,18519,73,249676
42366,0.000307,172.217.194.0-255,5738,24257,73,249676
42367,0.00031,172.31.40.0-255,66,24323,73,249676
42368,0.000338,172.217.194.0-255,6797,31120,73,249676
42369,0.000341,172.31.40.0-255,66,31186,73,249676
42370,0.000369,172.217.194.0-255,2902,34088,73,249676
42371,0.000372,172.31.40.0-255,66,34154,73,249676
42372,0.000399,172.217.194.0-255,4320,38474,73,249676
42373,0.000402,172.31.40.0-255,66,38540,73,249676
42374,0.000416,172.31.40.0-255,66,38606,73,249676
42375,0.000457,172.31.40.0-255,66,38672,73,249676
42376,0.000482,172.217.194.0-255,1484,40156,73,249676
42377,0.000484,172.31.40.0-255,66,40222,73,249676
42378,0.000489,172.217.194.0-255,2184,42406,73,249676
42379,0.00049,172.31.40.0-255,66,42472,73,249676
42380,0.000524,172.217.194.0-255,677,43149,73,249676
42381,0.000527,172.31.40.0-255,66,43215,73,249676
42382,0.00053,172.217.194.0-255,1484,44699,73,249676
42383,0.000536,172.217.194.0-255,4320,49019,73,249676
42384,0.000542,172.31.40.0-255,66,49085,73,249676
42385,0.000545,172.217.194.0-255,1484,50569,73,249676
42386,0.000581,172.31.40.0-255,66,50635,73,249676
42387,0.000588,172.217.194.0-255,7156,57791,73,249676
42388,0.000591,172.31.40.0-255,66,57857,73,249676
42389,0.000614,172.217.194.0-255,2902,60759,73,249676
42390,0.000616,172.31.40.0-255,66,60825,73,249676
42391,0.00065,172.31.40.0-255,66,60891,73,249676
42392,0.000808,172.217.194.0-255,1484,62375,73,249676
42393,0.000814,172.217.194.0-255,2902,65277,73,249676
42394,0.000817,172.31.40.0-255,66,65343,73,249676
42395,0.000851,172.217.194.0-255,5738,71081,73,249676
42396,0.000854,172.31.40.0-255,66,71147,73,249676
42397,0.000857,172.217.194.0-255,1484,72631,73,249676
42398,0.000882,172.217.194.0-255,4320,76951,73,249676
42399,0.000885,172.31.40.0-255,66,77017,73,249676
42400,0.000916,172.217.194.0-255,7156,84173,73,249676
42401,0.000919,172.31.40.0-255,66,84239,73,249676
42402,0.000926,172.217.194.0-255,5738,89977,73,249676
42403,0.000929,172.31.40.0-255,66,90043,73,249676
42404,0.000955,172.217.194.0-255,5020,95063,73,249676
42405,0.000957,172.31.40.0-255,66,95129,73,249676
42406,0.001119,172.217.194.0-255,1484,96613,73,249676
42407,0.001126,172.217.194.0-255,2902,99515,73,249676
42408,0.001129,172.31.40.0-255,66,99581,73,249676
42409,0.001135,172.217.194.0-255,4320,103901,73,249676
42410,0.001139,172.31.40.0-255,66,103967,73,249676
42411,0.001166,172.217.194.0-255,1484,105451,73,249676
42412,0.001181,172.31.40.0-255,66,105517,73,249676
42413,0.001187,172.217.194.0-255,5738,111255,73,249676
42414,0.00119,172.31.40.0-255,66,111321,73,249676
42415,0.001216,172.217.194.0-255,5020,116341,73,249676
42416,0.001219,172.31.40.0-255,66,116407,73,249676
42417,0.001363,172.217.194.0-255,1484,117891,73,249676
42418,0.001369,172.217.194.0-255,2902,120793,73,249676
42419,0.001371,172.31.40.0-255,66,120859,73,249676
42420,0.001377,172.217.194.0-255,4320,125179,73,249676
42421,0.001379,172.31.40.0-255,66,125245,73,249676
42422,0.001408,172.217.194.0-255,1484,126729,73,249676
42423,0.00142,172.31.40.0-255,66,126795,73,249676
42424,0.001459,172.217.194.0-255,1484,128279,73,249676
42425,0.001495,172.31.40.0-255,66,128345,73,249676
42426,0.001565,172.217.194.0-255,5738,134083,73,249676
42427,0.001571,172.217.194.0-255,7156,141239,73,249676
42428,0.001575,172.31.40.0-255,66,141305,73,249676
42429,0.001583,172.31.40.0-255,66,141371,73,249676
42430,0.001603,172.31.40.0-255,66,141437,73,249676
42431,0.001653,172.217.194.0-255,6438,147875,73,249676
42432,0.001657,172.31.40.0-255,66,147941,73,249676
42433,0.001902,172.217.194.0-255,1484,149425,73,249676
42434,0.001926,172.217.194.0-255,2902,152327,73,249676
42435,0.001929,172.31.40.0-255,66,152393,73,249676
42436,0.001936,172.217.194.0-255,5738,158131,73,249676
42437,0.001938,172.31.40.0-255,66,158197,73,249676
42438,0.001959,172.31.40.0-255,66,158263,73,249676
42439,0.002003,172.217.194.0-255,5738,164001,73,249676
42440,0.002032,172.217.194.0-255,7156,171157,73,249676
42441,0.002044,172.31.40.0-255,66,171223,73,249676
42442,0.00205,172.217.194.0-255,5738,176961,73,249676
42443,0.002071,172.31.40.0-255,66,177027,73,249676
42444,0.002116,172.31.40.0-255,66,177093,73,249676
42445,0.002445,172.217.194.0-255,1484,178577,73,249676
42446,0.002451,172.217.194.0-255,2902,181479,73,249676
42447,0.002454,172.31.40.0-255,66,181545,73,249676
42448,0.00246,172.217.194.0-255,4320,185865,73,249676
42449,0.002463,172.31.40.0-255,66,185931,73,249676
42450,0.002491,172.217.194.0-255,1484,187415,73,249676
42451,0.002509,172.217.194.0-255,5738,193153,73,249676
42452,0.002528,172.217.194.0-255,5020,198173,73,249676
42453,0.002539,172.31.40.0-255,66,198239,73,249676
42454,0.002645,172.217.194.0-255,1484,199723,73,249676
42455,0.002649,172.217.194.0-255,1484,201207,73,249676
42456,0.002652,172.31.40.0-255,66,201273,73,249676
42457,0.002679,172.217.194.0-255,1484,202757,73,249676
42458,0.002686,172.217.194.0-255,5738,208495,73,249676
42459,0.002692,172.217.194.0-255,5738,214233,73,249676
42460,0.002726,172.217.194.0-255,5738,219971,73,249676
42461,0.002731,172.217.194.0-255,3602,223573,73,249676
42462,0.002751,172.31.40.0-255,66,223639,73,249676
42463,0.002758,172.217.194.0-255,1484,225123,73,249676
42464,0.00278,172.217.194.0-255,2902,228025,73,249676
42465,0.002797,172.217.194.0-255,5738,233763,73,249676
42466,0.002807,172.31.40.0-255,66,233829,73,249676
42467,0.002851,172.217.194.0-255,4320,238149,73,249676
42468,0.002856,172.31.40.0-255,66,238215,73,249676
42469,0.002875,172.217.194.0-255,1484,239699,73,249676
42470,0.002878,172.217.194.0-255,1484,241183,73,249676
42471,0.002897,172.217.194.0-255,2902,244085,73,249676
42472,0.00291,172.217.194.0-255,2902,246987,73,249676
42473,0.002916,172.31.40.0-255,66,247053,73,249676
42474,0.002928,172.217.194.0-255,2184,249237,73,249676
42475,0.002953,172.217.194.0-255,97,249334,73,249676
42476,0.002977,172.217.194.0-255,105,249439,73,249676
42477,0.002988,172.31.40.0-255,66,249505,73,249676
42478,0.019711,172.31.40.0-255,105,249610,73,249676
42479,0.022041,172.217.194.0-255,66,249676,73,249676
42480,0.0,172.31.40.0-255,105,105,73,459
42481,0.000159,172.31.40.0-255,90,195,73,459
42482,0.00017,172.31.40.0-255,66,261,73,459
42483,0.002379,172.217.194.0-255,66,327,73,459
42484,0.002398,172.217.194.0-255,66,393,73,459
42485,0.002413,172.31.40.0-255,66,459,73,459
42486,0.0,172.217.194.0-255,146,146,73,161296
42487,2.3e-05,172.31.40.0-255,66,212,73,161296
42488,3e-05,172.217.194.0-255,1484,1696,73,161296
42489,3.5e-05,172.31.40.0-255,66,1762,73,161296
42490,4.9e-05,172.217.194.0-255,2902,4664,73,161296
42491,5.3e-05,172.31.40.0-255,66,4730,73,161296
42492,5.9e-05,172.217.194.0-255,5738,10468,73,161296
42493,6.1e-05,172.31.40.0-255,66,10534,73,161296
42494,8.5e-05,172.217.194.0-255,1484,12018,73,161296
42495,8.8e-05,172.31.40.0-255,66,12084,73,161296
42496,0.000134,172.217.194.0-255,4320,16404,73,161296
42497,0.000138,172.31.40.0-255,66,16470,73,161296
42498,0.000167,172.31.40.0-255,66,16536,73,161296
42499,0.000263,172.217.194.0-255,3961,20497,73,161296
42500,0.000267,172.31.40.0-255,66,20563,73,161296
42501,0.000368,172.217.194.0-255,1484,22047,73,161296
42502,0.000372,172.31.40.0-255,66,22113,73,161296
42503,0.000377,172.217.194.0-255,2902,25015,73,161296
42504,0.000379,172.31.40.0-255,66,25081,73,161296
42505,0.000399,172.217.194.0-255,4320,29401,73,161296
42506,0.000402,172.31.40.0-255,66,29467,73,161296
42507,0.00043,172.217.194.0-255,1484,30951,73,161296
42508,0.000432,172.31.40.0-255,66,31017,73,161296
42509,0.000466,172.31.40.0-255,66,31083,73,161296
42510,0.000491,172.217.194.0-255,2543,33626,73,161296
42511,0.000494,172.31.40.0-255,66,33692,73,161296
42512,0.000604,172.217.194.0-255,5738,39430,73,161296
42513,0.000609,172.31.40.0-255,66,39496,73,161296
42514,0.000636,172.217.194.0-255,4237,43733,73,161296
42515,0.000639,172.31.40.0-255,66,43799,73,161296
42516,0.000689,172.217.194.0-255,431,44230,73,161296
42517,0.001126,172.217.194.0-255,1484,45714,73,161296
42518,0.001131,172.31.40.0-255,66,45780,73,161296
42519,0.00116,172.217.194.0-255,2902,48682,73,161296
42520,0.001166,172.217.194.0-255,5738,54420,73,161296
42521,0.001189,172.31.40.0-255,66,54486,73,161296
42522,0.001239,172.31.40.0-255,66,54552,73,161296
42523,0.001351,172.217.194.0-255,5738,60290,73,161296
42524,0.001358,172.31.40.0-255,66,60356,73,161296
42525,0.001386,172.217.194.0-255,5020,65376,73,161296
42526,0.001389,172.31.40.0-255,66,65442,73,161296
42527,0.001482,172.217.194.0-255,1484,66926,73,161296
42528,0.001498,172.217.194.0-255,2902,69828,73,161296
42529,0.001503,172.31.40.0-255,66,69894,73,161296
42530,0.001521,172.217.194.0-255,2902,72796,73,161296
42531,0.001538,172.217.194.0-255,2902,75698,73,161296
42532,0.001541,172.31.40.0-255,66,75764,73,161296
42533,0.001546,172.31.40.0-255,66,75830,73,161296
42534,0.001601,172.217.194.0-255,4320,80150,73,161296
42535,0.001609,172.31.40.0-255,66,80216,73,161296
42536,0.001641,172.217.194.0-255,7156,87372,73,161296
42537,0.001653,172.31.40.0-255,66,87438,73,161296
42538,0.001689,172.217.194.0-255,5738,93176,73,161296
42539,0.001695,172.31.40.0-255,66,93242,73,161296
42540,0.001747,172.31.40.0-255,66,93308,73,161296
42541,0.001891,172.217.194.0-255,5738,99046,73,161296
42542,0.001895,172.31.40.0-255,66,99112,73,161296
42543,0.001923,172.217.194.0-255,5738,104850,73,161296
42544,0.00194,172.31.40.0-255,66,104916,73,161296
42545,0.002006,172.217.194.0-255,4320,109236,73,161296
42546,0.00201,172.31.40.0-255,66,109302,73,161296
42547,0.00205,172.31.40.0-255,66,109368,73,161296
42548,0.002162,172.217.194.0-255,4320,113688,73,161296
42549,0.002226,172.31.40.0-255,66,113754,73,161296
42550,0.002236,172.31.40.0-255,66,113820,73,161296
42551,0.002501,172.217.194.0-255,5738,119558,73,161296
42552,0.002506,172.31.40.0-255,66,119624,73,161296
42553,0.003137,172.217.194.0-255,5738,125362,73,161296
42554,0.0038,172.217.194.0-255,4320,129682,73,161296
42555,0.011283,172.31.40.0-255,66,129748,73,161296
42556,0.012545,172.217.194.0-255,1484,131232,73,161296
42557,0.013579,172.217.194.0-255,4320,135552,73,161296
42558,0.013587,172.31.40.0-255,66,135618,73,161296
42559,0.0159,172.217.194.0-255,5738,141356,73,161296
42560,0.015906,172.31.40.0-255,66,141422,73,161296
42561,0.018244,172.217.194.0-255,5738,147160,73,161296
42562,0.018254,172.31.40.0-255,66,147226,73,161296
42563,0.020558,172.217.194.0-255,4493,151719,73,161296
42564,0.023556,172.31.40.0-255,66,151785,73,161296
42565,0.023836,172.31.40.0-255,105,151890,73,161296
42566,0.026126,172.217.194.0-255,66,151956,73,161296
42567,0.035903,172.31.40.0-255,172,152128,73,161296
42568,0.035936,172.31.40.0-255,1110,153238,73,161296
42569,0.036002,172.31.40.0-255,1514,154752,73,161296
42570,0.036004,172.31.40.0-255,1514,156266,73,161296
42571,0.036009,172.31.40.0-255,1514,157780,73,161296
42572,0.03601,172.31.40.0-255,1514,159294,73,161296
42573,0.036033,172.31.40.0-255,1514,160808,73,161296
42574,0.036034,172.31.40.0-255,224,161032,73,161296
42575,0.037472,104.244.42.0-255,66,161098,73,161296
42576,0.03751,104.244.42.0-255,66,161164,73,161296
42577,0.037552,104.244.42.0-255,66,161230,73,161296
42578,0.037613,104.244.42.0-255,66,161296,73,161296
42579,0.0,74.125.200.0-255,153,153,73,340267
42580,1.5e-05,172.31.40.0-255,66,219,73,340267
42581,2.1e-05,74.125.200.0-255,1484,1703,73,340267
42582,2.5e-05,172.31.40.0-255,66,1769,73,340267
42583,2.9e-05,74.125.200.0-255,1484,3253,73,340267
42584,3.2e-05,172.31.40.0-255,66,3319,73,340267
42585,7.2e-05,74.125.200.0-255,1484,4803,73,340267
42586,7.5e-05,172.31.40.0-255,66,4869,73,340267
42587,8.4e-05,74.125.200.0-255,7156,12025,73,340267
42588,8.6e-05,172.31.40.0-255,66,12091,73,340267
42589,9e-05,74.125.200.0-255,2029,14120,73,340267
42590,9.2e-05,172.31.40.0-255,66,14186,73,340267
42591,0.000102,74.125.200.0-255,2902,17088,73,340267
42592,0.000105,172.31.40.0-255,66,17154,73,340267
42593,0.000112,74.125.200.0-255,7156,24310,73,340267
42594,0.000115,172.31.40.0-255,66,24376,73,340267
42595,0.00012,74.125.200.0-255,5738,30114,73,340267
42596,0.000123,172.31.40.0-255,66,30180,73,340267
42597,0.000165,74.125.200.0-255,1125,31305,73,340267
42598,0.000168,172.31.40.0-255,66,31371,73,340267
42599,0.000193,74.125.200.0-255,1484,32855,73,340267
42600,0.000196,172.31.40.0-255,66,32921,73,340267
42601,0.000201,74.125.200.0-255,2902,35823,73,340267
42602,0.000203,172.31.40.0-255,66,35889,73,340267
42603,0.000237,74.125.200.0-255,1484,37373,73,340267
42604,0.000239,172.31.40.0-255,66,37439,73,340267
42605,0.000245,74.125.200.0-255,4320,41759,73,340267
42606,0.000247,172.31.40.0-255,66,41825,73,340267
42607,0.000258,74.125.200.0-255,5738,47563,73,340267
42608,0.00026,172.31.40.0-255,66,47629,73,340267
42609,0.000263,74.125.200.0-255,1125,48754,73,340267
42610,0.000265,172.31.40.0-255,66,48820,73,340267
42611,0.000313,74.125.200.0-255,1484,50304,73,340267
42612,0.000324,74.125.200.0-255,1484,51788,73,340267
42613,0.000327,172.31.40.0-255,66,51854,73,340267
42614,0.000354,74.125.200.0-255,1484,53338,73,340267
42615,0.000361,74.125.200.0-255,5738,59076,73,340267
42616,0.000363,172.31.40.0-255,66,59142,73,340267
42617,0.000369,74.125.200.0-255,4320,63462,73,340267
42618,0.000371,172.31.40.0-255,66,63528,73,340267
42619,0.000395,74.125.200.0-255,2543,66071,73,340267
42620,0.000397,172.31.40.0-255,66,66137,73,340267
42621,0.0004,74.125.200.0-255,676,66813,73,340267
42622,0.000471,74.125.200.0-255,1484,68297,73,340267
42623,0.000474,172.31.40.0-255,66,68363,73,340267
42624,0.000497,74.125.200.0-255,2902,71265,73,340267
42625,0.0005,172.31.40.0-255,66,71331,73,340267
42626,0.000504,74.125.200.0-255,2902,74233,73,340267
42627,0.000506,172.31.40.0-255,66,74299,73,340267
42628,0.000527,74.125.200.0-255,2902,77201,73,340267
42629,0.00053,172.31.40.0-255,66,77267,73,340267
42630,0.000536,74.125.200.0-255,4320,81587,73,340267
42631,0.000538,172.31.40.0-255,66,81653,73,340267
42632,0.000571,74.125.200.0-255,1995,83648,73,340267
42633,0.000574,172.31.40.0-255,66,83714,73,340267
42634,0.000627,74.125.200.0-255,1484,85198,73,340267
42635,0.000632,74.125.200.0-255,1484,86682,73,340267
42636,0.000634,172.31.40.0-255,66,86748,73,340267
42637,0.000659,74.125.200.0-255,1484,88232,73,340267
42638,0.000666,74.125.200.0-255,5738,93970,73,340267
42639,0.000669,172.31.40.0-255,66,94036,73,340267
42640,0.000673,74.125.200.0-255,2902,96938,73,340267
42641,0.000675,172.31.40.0-255,66,97004,73,340267
42642,0.000697,74.125.200.0-255,2902,99906,73,340267
42643,0.000703,172.31.40.0-255,66,99972,73,340267
42644,0.000706,74.125.200.0-255,1125,101097,73,340267
42645,0.000775,74.125.200.0-255,1484,102581,73,340267
42646,0.000778,172.31.40.0-255,66,102647,73,340267
42647,0.000798,74.125.200.0-255,2902,105549,73,340267
42648,0.0008,172.31.40.0-255,66,105615,73,340267
42649,0.000806,74.125.200.0-255,4320,109935,73,340267
42650,0.000808,172.31.40.0-255,66,110001,73,340267
42651,0.000842,74.125.200.0-255,1484,111485,73,340267
42652,0.000848,74.125.200.0-255,4320,115805,73,340267
42653,0.000851,172.31.40.0-255,66,115871,73,340267
42654,0.000857,74.125.200.0-255,5738,121609,73,340267
42655,0.000859,172.31.40.0-255,66,121675,73,340267
42656,0.000862,74.125.200.0-255,1484,123159,73,340267
42657,0.0009,172.31.40.0-255,66,123225,73,340267
42658,0.000904,74.125.200.0-255,2184,125409,73,340267
42659,0.000906,172.31.40.0-255,66,125475,73,340267
42660,0.000934,74.125.200.0-255,4320,129795,73,340267
42661,0.000937,172.31.40.0-255,66,129861,73,340267
42662,0.000942,74.125.200.0-255,2902,132763,73,340267
42663,0.000944,172.31.40.0-255,66,132829,73,340267
42664,0.000972,74.125.200.0-255,2902,135731,73,340267
42665,0.000979,172.31.40.0-255,66,135797,73,340267
42666,0.000981,74.125.200.0-255,1484,137281,73,340267
42667,0.001011,74.125.200.0-255,5379,142660,73,340267
42668,0.001014,172.31.40.0-255,66,142726,73,340267
42669,0.001038,74.125.200.0-255,1484,144210,73,340267
42670,0.001059,74.125.200.0-255,2902,147112,73,340267
42671,0.001062,172.31.40.0-255,66,147178,73,340267
42672,0.001065,74.125.200.0-255,1484,148662,73,340267
42673,0.001093,74.125.200.0-255,2902,151564,73,340267
42674,0.001096,172.31.40.0-255,66,151630,73,340267
42675,0.001102,74.125.200.0-255,5738,157368,73,340267
42676,0.001105,172.31.40.0-255,66,157434,73,340267
42677,0.001141,172.31.40.0-255,66,157500,73,340267
42678,0.001179,74.125.200.0-255,2902,160402,73,340267
42679,0.001182,172.31.40.0-255,66,160468,73,340267
42680,0.001211,74.125.200.0-255,5020,165488,73,340267
42681,0.001214,172.31.40.0-255,66,165554,73,340267
42682,0.001707,74.125.200.0-255,1484,167038,73,340267
42683,0.001726,74.125.200.0-255,2902,169940,73,340267
42684,0.00173,172.31.40.0-255,66,170006,73,340267
42685,0.001744,74.125.200.0-255,2902,172908,73,340267
42686,0.00175,172.31.40.0-255,66,172974,73,340267
42687,0.001774,74.125.200.0-255,1484,174458,73,340267
42688,0.001786,172.31.40.0-255,66,174524,73,340267
42689,0.001811,74.125.200.0-255,7156,181680,73,340267
42690,0.001814,172.31.40.0-255,66,181746,73,340267
42691,0.00184,74.125.200.0-255,2902,184648,73,340267
42692,0.001843,172.31.40.0-255,66,184714,73,340267
42693,0.00185,74.125.200.0-255,6438,191152,73,340267
42694,0.001853,172.31.40.0-255,66,191218,73,340267
42695,0.003757,74.125.200.0-255,5738,196956,73,340267
42696,0.003765,172.31.40.0-255,66,197022,73,340267
42697,0.005679,74.125.200.0-255,5738,202760,73,340267
42698,0.005685,172.31.40.0-255,66,202826,73,340267
42699,0.007594,74.125.200.0-255,5738,208564,73,340267
42700,0.0076,172.31.40.0-255,66,208630,73,340267
42701,0.009513,74.125.200.0-255,5738,214368,73,340267
42702,0.009519,172.31.40.0-255,66,214434,73,340267
42703,0.011434,74.125.200.0-255,5738,220172,73,340267
42704,0.011441,172.31.40.0-255,66,220238,73,340267
42705,0.013368,74.125.200.0-255,5738,225976,73,340267
42706,0.013376,172.31.40.0-255,66,226042,73,340267
42707,0.015292,74.125.200.0-255,4320,230362,73,340267
42708,0.015298,172.31.40.0-255,66,230428,73,340267
42709,0.015325,74.125.200.0-255,1484,231912,73,340267
42710,0.017206,74.125.200.0-255,4320,236232,73,340267
42711,0.017214,172.31.40.0-255,66,236298,73,340267
42712,0.019124,74.125.200.0-255,5738,242036,73,340267
42713,0.019133,172.31.40.0-255,66,242102,73,340267
42714,0.021035,74.125.200.0-255,5738,247840,73,340267
42715,0.021042,172.31.40.0-255,66,247906,73,340267
42716,0.022953,74.125.200.0-255,5738,253644,73,340267
42717,0.022959,172.31.40.0-255,66,253710,73,340267
42718,0.024862,74.125.200.0-255,2902,256612,73,340267
42719,0.024869,172.31.40.0-255,66,256678,73,340267
42720,0.024897,74.125.200.0-255,2902,259580,73,340267
42721,0.024901,172.31.40.0-255,66,259646,73,340267
42722,0.026789,74.125.200.0-255,2902,262548,73,340267
42723,0.026796,172.31.40.0-255,66,262614,73,340267
42724,0.02683,74.125.200.0-255,2902,265516,73,340267
42725,0.026832,172.31.40.0-255,66,265582,73,340267
42726,0.028704,74.125.200.0-255,2902,268484,73,340267
42727,0.02871,172.31.40.0-255,66,268550,73,340267
42728,0.028732,74.125.200.0-255,2902,271452,73,340267
42729,0.028736,172.31.40.0-255,66,271518,73,340267
42730,0.029545,172.31.40.0-255,176,271694,73,340267
42731,0.029577,172.31.40.0-255,1115,272809,73,340267
42732,0.02964,172.31.40.0-255,1514,274323,73,340267
42733,0.029641,172.31.40.0-255,1514,275837,73,340267
42734,0.029644,172.31.40.0-255,1410,277247,73,340267
42735,0.030624,74.125.200.0-255,2902,280149,73,340267
42736,0.030631,172.31.40.0-255,66,280215,73,340267
42737,0.030663,74.125.200.0-255,2902,283117,73,340267
42738,0.030666,172.31.40.0-255,66,283183,73,340267
42739,0.031089,104.244.42.0-255,66,283249,73,340267
42740,0.031126,104.244.42.0-255,66,283315,73,340267
42741,0.031227,104.244.42.0-255,66,283381,73,340267
42742,0.031232,104.244.42.0-255,66,283447,73,340267
42743,0.032556,74.125.200.0-255,2902,286349,73,340267
42744,0.032561,172.31.40.0-255,66,286415,73,340267
42745,0.03259,74.125.200.0-255,2902,289317,73,340267
42746,0.032593,172.31.40.0-255,66,289383,73,340267
42747,0.034481,74.125.200.0-255,4320,293703,73,340267
42748,0.034487,172.31.40.0-255,66,293769,73,340267
42749,0.034519,74.125.200.0-255,1484,295253,73,340267
42750,0.036407,74.125.200.0-255,4320,299573,73,340267
42751,0.036412,172.31.40.0-255,66,299639,73,340267
42752,0.038329,74.125.200.0-255,5738,305377,73,340267
42753,0.038334,172.31.40.0-255,66,305443,73,340267
42754,0.040246,74.125.200.0-255,5738,311181,73,340267
42755,0.040253,172.31.40.0-255,66,311247,73,340267
42756,0.042203,74.125.200.0-255,5738,316985,73,340267
42757,0.042209,172.31.40.0-255,66,317051,73,340267
42758,0.044138,74.125.200.0-255,5738,322789,73,340267
42759,0.044145,172.31.40.0-255,66,322855,73,340267
42760,0.046069,74.125.200.0-255,5738,328593,73,340267
42761,0.046074,172.31.40.0-255,66,328659,73,340267
42762,0.047996,74.125.200.0-255,5738,334397,73,340267
42763,0.048002,172.31.40.0-255,66,334463,73,340267
42764,0.049928,74.125.200.0-255,5738,340201,73,340267
42765,0.049934,172.31.40.0-255,66,340267,73,340267
42766,0.0,172.217.194.0-255,153,153,73,291623
42767,2.3e-05,172.31.40.0-255,66,219,73,291623
42768,3e-05,172.217.194.0-255,1484,1703,73,291623
42769,3.5e-05,172.31.40.0-255,66,1769,73,291623
42770,4.1e-05,172.217.194.0-255,2902,4671,73,291623
42771,5.2e-05,172.31.40.0-255,66,4737,73,291623
42772,5.6e-05,172.217.194.0-255,1484,6221,73,291623
42773,5.8e-05,172.31.40.0-255,66,6287,73,291623
42774,6.5e-05,172.217.194.0-255,5738,12025,73,291623
42775,6.8e-05,172.31.40.0-255,66,12091,73,291623
42776,7.1e-05,172.217.194.0-255,1484,13575,73,291623
42777,7.3e-05,172.31.40.0-255,66,13641,73,291623
42778,0.000109,172.217.194.0-255,520,14161,73,291623
42779,0.000112,172.31.40.0-255,66,14227,73,291623
42780,0.000117,172.217.194.0-255,2902,17129,73,291623
42781,0.00012,172.31.40.0-255,66,17195,73,291623
42782,0.000123,172.217.194.0-255,1484,18679,73,291623
42783,0.000125,172.31.40.0-255,66,18745,73,291623
42784,0.000153,172.217.194.0-255,2902,21647,73,291623
42785,0.000156,172.31.40.0-255,66,21713,73,291623
42786,0.000171,172.31.40.0-255,66,21779,73,291623
42787,0.0002,172.217.194.0-255,2902,24681,73,291623
42788,0.000203,172.31.40.0-255,66,24747,73,291623
42789,0.000218,172.217.194.0-255,3961,28708,73,291623
42790,0.000224,172.31.40.0-255,66,28774,73,291623
42791,0.000232,172.217.194.0-255,7156,35930,73,291623
42792,0.000235,172.31.40.0-255,66,35996,73,291623
42793,0.00024,172.217.194.0-255,3961,39957,73,291623
42794,0.000241,172.31.40.0-255,66,40023,73,291623
42795,0.000523,172.217.194.0-255,1484,41507,73,291623
42796,0.000529,172.31.40.0-255,66,41573,73,291623
42797,0.000535,172.217.194.0-255,2902,44475,73,291623
42798,0.000538,172.31.40.0-255,66,44541,73,291623
42799,0.000541,172.217.194.0-255,1484,46025,73,291623
42800,0.000552,172.217.194.0-255,2902,48927,73,291623
42801,0.000554,172.31.40.0-255,66,48993,73,291623
42802,0.000588,172.217.194.0-255,4320,53313,73,291623
42803,0.00059,172.31.40.0-255,66,53379,73,291623
42804,0.000617,172.217.194.0-255,1484,54863,73,291623
42805,0.000622,172.217.194.0-255,3125,57988,73,291623
42806,0.000625,172.31.40.0-255,66,58054,73,291623
42807,0.00063,172.217.194.0-255,4320,62374,73,291623
42808,0.000632,172.31.40.0-255,66,62440,73,291623
42809,0.000666,172.217.194.0-255,5738,68178,73,291623
42810,0.000669,172.31.40.0-255,66,68244,73,291623
42811,0.000699,172.217.194.0-255,6797,75041,73,291623
42812,0.000702,172.31.40.0-255,66,75107,73,291623
42813,0.000709,172.217.194.0-255,7156,82263,73,291623
42814,0.000712,172.31.40.0-255,66,82329,73,291623
42815,0.00077,172.31.40.0-255,66,82395,73,291623
42816,0.001395,172.217.194.0-255,1484,83879,73,291623
42817,0.001401,172.217.194.0-255,1484,85363,73,291623
42818,0.001405,172.31.40.0-255,66,85429,73,291623
42819,0.001433,172.217.194.0-255,1484,86913,73,291623
42820,0.00144,172.217.194.0-255,5738,92651,73,291623
42821,0.001443,172.31.40.0-255,66,92717,73,291623
42822,0.001446,172.217.194.0-255,1484,94201,73,291623
42823,0.001473,172.31.40.0-255,66,94267,73,291623
42824,0.001481,172.217.194.0-255,7156,101423,73,291623
42825,0.001483,172.31.40.0-255,66,101489,73,291623
42826,0.001518,172.217.194.0-255,5020,106509,73,291623
42827,0.001524,172.217.194.0-255,5738,112247,73,291623
42828,0.001529,172.31.40.0-255,66,112313,73,291623
42829,0.001532,172.31.40.0-255,66,112379,73,291623
42830,0.001548,172.217.194.0-255,7156,119535,73,291623
42831,0.00155,172.31.40.0-255,66,119601,73,291623
42832,0.001577,172.217.194.0-255,5738,125339,73,291623
42833,0.001584,172.31.40.0-255,66,125405,73,291623
42834,0.001596,172.31.40.0-255,66,125471,73,291623
42835,0.0016,172.217.194.0-255,2184,127655,73,291623
42836,0.001602,172.31.40.0-255,66,127721,73,291623
42837,0.001671,172.217.194.0-255,1484,129205,73,291623
42838,0.001677,172.217.194.0-255,2902,132107,73,291623
42839,0.001681,172.31.40.0-255,66,132173,73,291623
42840,0.001715,172.217.194.0-255,5738,137911,73,291623
42841,0.001719,172.31.40.0-255,66,137977,73,291623
42842,0.001726,172.217.194.0-255,5738,143715,73,291623
42843,0.001728,172.31.40.0-255,66,143781,73,291623
42844,0.001741,172.217.194.0-255,7156,150937,73,291623
42845,0.001743,172.31.40.0-255,66,151003,73,291623
42846,0.001772,172.217.194.0-255,5738,156741,73,291623
42847,0.001778,172.31.40.0-255,66,156807,73,291623
42848,0.001784,172.217.194.0-255,5020,161827,73,291623
42849,0.001787,172.31.40.0-255,66,161893,73,291623
42850,0.001906,172.217.194.0-255,1484,163377,73,291623
42851,0.001912,172.217.194.0-255,2902,166279,73,291623
42852,0.001915,172.31.40.0-255,66,166345,73,291623
42853,0.001937,172.217.194.0-255,1484,167829,73,291623
42854,0.001953,172.217.194.0-255,4320,172149,73,291623
42855,0.001956,172.31.40.0-255,66,172215,73,291623
42856,0.001997,172.31.40.0-255,66,172281,73,291623
42857,0.002004,172.217.194.0-255,7156,179437,73,291623
42858,0.002007,172.31.40.0-255,66,179503,73,291623
42859,0.002049,172.31.40.0-255,66,179569,73,291623
42860,0.00206,172.31.40.0-255,66,179635,73,291623
42861,0.002135,172.31.40.0-255,66,179701,73,291623
42862,0.002141,172.217.194.0-255,5020,184721,73,291623
42863,0.002143,172.31.40.0-255,66,184787,73,291623
42864,0.002152,172.217.194.0-255,2902,187689,73,291623
42865,0.002154,172.31.40.0-255,66,187755,73,291623
42866,0.002182,172.217.194.0-255,2902,190657,73,291623
42867,0.002185,172.31.40.0-255,66,190723,73,291623
42868,0.002202,172.31.40.0-255,66,190789,73,291623
42869,0.002205,172.217.194.0-255,1484,192273,73,291623
42870,0.002229,172.217.194.0-255,1484,193757,73,291623
42871,0.002231,172.31.40.0-255,66,193823,73,291623
42872,0.002264,172.31.40.0-255,66,193889,73,291623
42873,0.002291,172.217.194.0-255,6438,200327,73,291623
42874,0.002294,172.31.40.0-255,66,200393,73,291623
42875,0.002331,172.31.40.0-255,66,200459,73,291623
42876,0.002364,172.217.194.0-255,5738,206197,73,291623
42877,0.002367,172.31.40.0-255,66,206263,73,291623
42878,0.002378,172.31.40.0-255,66,206329,73,291623
42879,0.004664,172.217.194.0-255,5738,212067,73,291623
42880,0.004671,172.31.40.0-255,66,212133,73,291623
42881,0.006966,172.217.194.0-255,5738,217871,73,291623
42882,0.006985,172.31.40.0-255,66,217937,73,291623
42883,0.009336,172.217.194.0-255,5738,223675,73,291623
42884,0.009347,172.31.40.0-255,66,223741,73,291623
42885,0.011684,172.217.194.0-255,5738,229479,73,291623
42886,0.011687,172.31.40.0-255,66,229545,73,291623
42887,0.014028,172.217.194.0-255,5738,235283,73,291623
42888,0.014037,172.31.40.0-255,66,235349,73,291623
42889,0.016409,172.217.194.0-255,5738,241087,73,291623
42890,0.016427,172.31.40.0-255,66,241153,73,291623
42891,0.018786,172.217.194.0-255,5738,246891,73,291623
42892,0.018793,172.31.40.0-255,66,246957,73,291623
42893,0.021147,172.217.194.0-255,5738,252695,73,291623
42894,0.021158,172.31.40.0-255,66,252761,73,291623
42895,0.023493,172.217.194.0-255,5738,258499,73,291623
42896,0.023505,172.31.40.0-255,66,258565,73,291623
42897,0.02581,172.217.194.0-255,5738,264303,73,291623
42898,0.025823,172.31.40.0-255,66,264369,73,291623
42899,0.028166,172.217.194.0-255,5738,270107,73,291623
42900,0.028176,172.31.40.0-255,66,270173,73,291623
42901,0.030481,172.217.194.0-255,5738,275911,73,291623
42902,0.030496,172.31.40.0-255,66,275977,73,291623
42903,0.032895,172.217.194.0-255,5738,281715,73,291623
42904,0.032911,172.31.40.0-255,66,281781,73,291623
42905,0.035286,172.217.194.0-255,5738,287519,73,291623
42906,0.035308,172.31.40.0-255,66,287585,73,291623
42907,0.037652,172.217.194.0-255,3801,291386,73,291623
42908,0.037666,172.31.40.0-255,66,291452,73,291623
42909,0.037905,172.31.40.0-255,105,291557,73,291623
42910,0.040215,172.217.194.0-255,66,291623,73,291623
42911,0.0,74.125.24.0-255,153,153,73,246670
42912,1.4e-05,172.31.40.0-255,66,219,73,246670
42913,2e-05,74.125.24.0-255,1484,1703,73,246670
42914,2.4e-05,172.31.40.0-255,66,1769,73,246670
42915,3.7e-05,74.125.24.0-255,2902,4671,73,246670
42916,4e-05,172.31.40.0-255,66,4737,73,246670
42917,4.6e-05,74.125.24.0-255,4320,9057,73,246670
42918,4.9e-05,172.31.40.0-255,66,9123,73,246670
42919,7e-05,74.125.24.0-255,2902,12025,73,246670
42920,7.6e-05,172.31.40.0-255,66,12091,73,246670
42921,8.1e-05,74.125.24.0-255,2078,14169,73,246670
42922,8.3e-05,172.31.40.0-255,66,14235,73,246670
42923,0.000194,74.125.24.0-255,1484,15719,73,246670
42924,0.000198,172.31.40.0-255,66,15785,73,246670
42925,0.000204,74.125.24.0-255,2902,18687,73,246670
42926,0.000206,172.31.40.0-255,66,18753,73,246670
42927,0.000211,74.125.24.0-255,2902,21655,73,246670
42928,0.000213,172.31.40.0-255,66,21721,73,246670
42929,0.00023,74.125.24.0-255,2902,24623,73,246670
42930,0.000232,172.31.40.0-255,66,24689,73,246670
42931,0.000241,74.125.24.0-255,2902,27591,73,246670
42932,0.000243,172.31.40.0-255,66,27657,73,246670
42933,0.000276,74.125.24.0-255,7156,34813,73,246670
42934,0.000278,172.31.40.0-255,66,34879,73,246670
42935,0.000318,74.125.24.0-255,3961,38840,73,246670
42936,0.00032,172.31.40.0-255,66,38906,73,246670
42937,0.000334,172.31.40.0-255,66,38972,73,246670
42938,0.000347,74.125.24.0-255,7156,46128,73,246670
42939,0.00035,172.31.40.0-255,66,46194,73,246670
42940,0.000375,74.125.24.0-255,6733,52927,73,246670
42941,0.000377,172.31.40.0-255,66,52993,73,246670
42942,0.000508,74.125.24.0-255,130,53123,73,246670
42943,0.000807,74.125.24.0-255,1484,54607,73,246670
42944,0.000812,172.31.40.0-255,66,54673,73,246670
42945,0.000817,74.125.24.0-255,1484,56157,73,246670
42946,0.000841,74.125.24.0-255,1484,57641,73,246670
42947,0.000844,172.31.40.0-255,66,57707,73,246670
42948,0.000852,74.125.24.0-255,5738,63445,73,246670
42949,0.000854,172.31.40.0-255,66,63511,73,246670
42950,0.000865,172.31.40.0-255,66,63577,73,246670
42951,0.000889,74.125.24.0-255,1484,65061,73,246670
42952,0.0009,172.31.40.0-255,66,65127,73,246670
42953,0.000954,74.125.24.0-255,2184,67311,73,246670
42954,0.000958,172.31.40.0-255,66,67377,73,246670
42955,0.001802,74.125.24.0-255,1484,68861,73,246670
42956,0.001812,74.125.24.0-255,2902,71763,73,246670
42957,0.001816,172.31.40.0-255,66,71829,73,246670
42958,0.001822,74.125.24.0-255,2902,74731,73,246670
42959,0.001824,172.31.40.0-255,66,74797,73,246670
42960,0.001852,74.125.24.0-255,2902,77699,73,246670
42961,0.001854,172.31.40.0-255,66,77765,73,246670
42962,0.001865,74.125.24.0-255,5738,83503,73,246670
42963,0.001867,172.31.40.0-255,66,83569,73,246670
42964,0.001894,74.125.24.0-255,7156,90725,73,246670
42965,0.001896,172.31.40.0-255,66,90791,73,246670
42966,0.001953,172.31.40.0-255,66,90857,73,246670
42967,0.001992,74.125.24.0-255,1484,92341,73,246670
42968,0.002018,74.125.24.0-255,2902,95243,73,246670
42969,0.002021,172.31.40.0-255,66,95309,73,246670
42970,0.00205,74.125.24.0-255,5738,101047,73,246670
42971,0.002052,172.31.40.0-255,66,101113,73,246670
42972,0.00209,172.31.40.0-255,66,101179,73,246670
42973,0.002122,74.125.24.0-255,4320,105499,73,246670
42974,0.002124,172.31.40.0-255,66,105565,73,246670
42975,0.002139,74.125.24.0-255,4320,109885,73,246670
42976,0.002141,172.31.40.0-255,66,109951,73,246670
42977,0.002167,74.125.24.0-255,2184,112135,73,246670
42978,0.00217,172.31.40.0-255,66,112201,73,246670
42979,0.002196,74.125.24.0-255,1484,113685,73,246670
42980,0.002208,74.125.24.0-255,2902,116587,73,246670
42981,0.002211,172.31.40.0-255,66,116653,73,246670
42982,0.002215,74.125.24.0-255,2902,119555,73,246670
42983,0.002217,172.31.40.0-255,66,119621,73,246670
42984,0.002241,74.125.24.0-255,2902,122523,73,246670
42985,0.002243,172.31.40.0-255,66,122589,73,246670
42986,0.002263,172.31.40.0-255,66,122655,73,246670
42987,0.002304,172.31.40.0-255,66,122721,73,246670
42988,0.002329,74.125.24.0-255,1484,124205,73,246670
42989,0.002368,172.31.40.0-255,66,124271,73,246670
42990,0.00237,74.125.24.0-255,1484,125755,73,246670
42991,0.002376,74.125.24.0-255,4320,130075,73,246670
42992,0.002378,172.31.40.0-255,66,130141,73,246670
42993,0.002383,74.125.24.0-255,2902,133043,73,246670
42994,0.002385,172.31.40.0-255,66,133109,73,246670
42995,0.00241,74.125.24.0-255,1484,134593,73,246670
42996,0.002413,74.125.24.0-255,1484,136077,73,246670
42997,0.002415,172.31.40.0-255,66,136143,73,246670
42998,0.002436,172.31.40.0-255,66,136209,73,246670
42999,0.002456,74.125.24.0-255,2902,139111,73,246670
43000,0.002459,172.31.40.0-255,66,139177,73,246670
43001,0.002461,74.125.24.0-255,766,139943,73,246670
43002,0.002554,74.125.24.0-255,1484,141427,73,246670
43003,0.002559,172.31.40.0-255,66,141493,73,246670
43004,0.002564,74.125.24.0-255,1484,142977,73,246670
43005,0.002589,74.125.24.0-255,1484,144461,73,246670
43006,0.002592,172.31.40.0-255,66,144527,73,246670
43007,0.002598,74.125.24.0-255,5738,150265,73,246670
43008,0.002601,172.31.40.0-255,66,150331,73,246670
43009,0.00262,172.31.40.0-255,66,150397,73,246670
43010,0.002623,74.125.24.0-255,1484,151881,73,246670
43011,0.002635,172.31.40.0-255,66,151947,73,246670
43012,0.002664,74.125.24.0-255,766,152713,73,246670
43013,0.002677,172.31.40.0-255,66,152779,73,246670
43014,0.002684,74.125.24.0-255,7156,159935,73,246670
43015,0.002687,172.31.40.0-255,66,160001,73,246670
43016,0.002802,172.31.40.0-255,66,160067,73,246670
43017,0.003834,74.125.24.0-255,1484,161551,73,246670
43018,0.003839,74.125.24.0-255,2902,164453,73,246670
43019,0.003842,172.31.40.0-255,66,164519,73,246670
43020,0.003887,74.125.24.0-255,4320,168839,73,246670
43021,0.00389,172.31.40.0-255,66,168905,73,246670
43022,0.003908,74.125.24.0-255,1484,170389,73,246670
43023,0.003926,172.31.40.0-255,66,170455,73,246670
43024,0.003938,172.31.40.0-255,66,170521,73,246670
43025,0.004105,74.125.24.0-255,1484,172005,73,246670
43026,0.004122,74.125.24.0-255,2902,174907,73,246670
43027,0.004125,172.31.40.0-255,66,174973,73,246670
43028,0.004131,74.125.24.0-255,5738,180711,73,246670
43029,0.004134,172.31.40.0-255,66,180777,73,246670
43030,0.00417,74.125.24.0-255,7156,187933,73,246670
43031,0.004173,172.31.40.0-255,66,187999,73,246670
43032,0.004179,74.125.24.0-255,5738,193737,73,246670
43033,0.004181,172.31.40.0-255,66,193803,73,246670
43034,0.004218,172.31.40.0-255,66,193869,73,246670
43035,0.004224,74.125.24.0-255,4320,198189,73,246670
43036,0.004226,172.31.40.0-255,66,198255,73,246670
43037,0.004255,74.125.24.0-255,5738,203993,73,246670
43038,0.004257,172.31.40.0-255,66,204059,73,246670
43039,0.00426,74.125.24.0-255,1484,205543,73,246670
43040,0.004289,74.125.24.0-255,4320,209863,73,246670
43041,0.004292,172.31.40.0-255,66,209929,73,246670
43042,0.004295,74.125.24.0-255,1484,211413,73,246670
43043,0.004298,172.31.40.0-255,78,211491,73,246670
43044,0.004305,74.125.24.0-255,7156,218647,73,246670
43045,0.004308,172.31.40.0-255,78,218725,73,246670
43046,0.004335,74.125.24.0-255,4320,223045,73,246670
43047,0.004338,172.31.40.0-255,66,223111,73,246670
43048,0.004345,74.125.24.0-255,5020,228131,73,246670
43049,0.004347,172.31.40.0-255,66,228197,73,246670
43050,0.004402,74.125.24.0-255,2902,231099,73,246670
43051,0.004405,172.31.40.0-255,66,231165,73,246670
43052,0.004411,74.125.24.0-255,4320,235485,73,246670
43053,0.004413,172.31.40.0-255,66,235551,73,246670
43054,0.004468,172.31.40.0-255,66,235617,73,246670
43055,0.004491,74.125.24.0-255,105,235722,73,246670
43056,0.004494,74.125.24.0-255,129,235851,73,246670
43057,0.007904,172.31.40.0-255,105,235956,73,246670
43058,0.00794,172.31.40.0-255,105,236061,73,246670
43059,0.008203,172.31.40.0-255,90,236151,73,246670
43060,0.008212,172.31.40.0-255,66,236217,73,246670
43061,0.010165,74.125.24.0-255,66,236283,73,246670
43062,0.010183,74.125.24.0-255,66,236349,73,246670
43063,0.010417,74.125.24.0-255,66,236415,73,246670
43064,0.010451,74.125.24.0-255,66,236481,73,246670
43065,0.010456,172.31.40.0-255,66,236547,73,246670
43066,0.01046,74.125.24.0-255,66,236613,73,246670
43067,0.038737,172.31.40.0-255,172,236785,73,246670
43068,0.038773,172.31.40.0-255,1115,237900,73,246670
43069,0.038838,172.31.40.0-255,1514,239414,73,246670
43070,0.03884,172.31.40.0-255,1514,240928,73,246670
43071,0.038845,172.31.40.0-255,1514,242442,73,246670
43072,0.038846,172.31.40.0-255,1514,243956,73,246670
43073,0.038867,172.31.40.0-255,1514,245470,73,246670
43074,0.038868,172.31.40.0-255,936,246406,73,246670
43075,0.040296,104.244.42.0-255,66,246472,73,246670
43076,0.040358,104.244.42.0-255,66,246538,73,246670
43077,0.040423,104.244.42.0-255,66,246604,73,246670
43078,0.040455,104.244.42.0-255,66,246670,73,246670
43079,0.0,74.125.24.0-255,297,297,73,246573
43080,2.4e-05,172.31.40.0-255,66,363,73,246573
43081,3.1e-05,74.125.24.0-255,1484,1847,73,246573
43082,3.6e-05,172.31.40.0-255,66,1913,73,246573
43083,6.4e-05,74.125.24.0-255,4320,6233,73,246573
43084,6.7e-05,172.31.40.0-255,66,6299,73,246573
43085,7.4e-05,74.125.24.0-255,1484,7783,73,246573
43086,7.6e-05,172.31.40.0-255,66,7849,73,246573
43087,0.000111,74.125.24.0-255,5738,13587,73,246573
43088,0.000115,172.31.40.0-255,66,13653,73,246573
43089,0.000118,74.125.24.0-255,418,14071,73,246573
43090,0.00012,172.31.40.0-255,66,14137,73,246573
43091,0.000123,74.125.24.0-255,1484,15621,73,246573
43092,0.000125,172.31.40.0-255,66,15687,73,246573
43093,0.000159,74.125.24.0-255,4320,20007,73,246573
43094,0.000161,172.31.40.0-255,66,20073,73,246573
43095,0.000166,74.125.24.0-255,2902,22975,73,246573
43096,0.000169,172.31.40.0-255,66,23041,73,246573
43097,0.000209,74.125.24.0-255,5738,28779,73,246573
43098,0.000211,172.31.40.0-255,66,28845,73,246573
43099,0.000237,74.125.24.0-255,2543,31388,73,246573
43100,0.000239,172.31.40.0-255,66,31454,73,246573
43101,0.00034,74.125.24.0-255,1484,32938,73,246573
43102,0.000344,172.31.40.0-255,66,33004,73,246573
43103,0.000349,74.125.24.0-255,2902,35906,73,246573
43104,0.000351,172.31.40.0-255,66,35972,73,246573
43105,0.000383,74.125.24.0-255,5738,41710,73,246573
43106,0.000386,172.31.40.0-255,66,41776,73,246573
43107,0.000422,172.31.40.0-255,66,41842,73,246573
43108,0.000474,74.125.24.0-255,5738,47580,73,246573
43109,0.000478,172.31.40.0-255,66,47646,73,246573
43110,0.000503,74.125.24.0-255,4239,51885,73,246573
43111,0.000505,172.31.40.0-255,66,51951,73,246573
43112,0.000509,74.125.24.0-255,377,52328,73,246573
43113,0.000626,74.125.24.0-255,1484,53812,73,246573
43114,0.000631,172.31.40.0-255,66,53878,73,246573
43115,0.000636,74.125.24.0-255,2902,56780,73,246573
43116,0.000639,172.31.40.0-255,66,56846,73,246573
43117,0.000664,74.125.24.0-255,1484,58330,73,246573
43118,0.000676,74.125.24.0-255,1484,59814,73,246573
43119,0.00068,172.31.40.0-255,66,59880,73,246573
43120,0.000703,74.125.24.0-255,1484,61364,73,246573
43121,0.000711,74.125.24.0-255,5738,67102,73,246573
43122,0.000714,172.31.40.0-255,66,67168,73,246573
43123,0.000757,74.125.24.0-255,2543,69711,73,246573
43124,0.00076,172.31.40.0-255,66,69777,73,246573
43125,0.000786,74.125.24.0-255,2902,72679,73,246573
43126,0.000788,172.31.40.0-255,66,72745,73,246573
43127,0.00082,74.125.24.0-255,7156,79901,73,246573
43128,0.000823,172.31.40.0-255,66,79967,73,246573
43129,0.000829,74.125.24.0-255,5738,85705,73,246573
43130,0.000851,74.125.24.0-255,1125,86830,73,246573
43131,0.000991,172.31.40.0-255,66,86896,73,246573
43132,0.0015,74.125.24.0-255,1484,88380,73,246573
43133,0.001526,74.125.24.0-255,1484,89864,73,246573
43134,0.00153,172.31.40.0-255,66,89930,73,246573
43135,0.001536,74.125.24.0-255,2902,92832,73,246573
43136,0.001538,172.31.40.0-255,66,92898,73,246573
43137,0.001565,74.125.24.0-255,5738,98636,73,246573
43138,0.001568,172.31.40.0-255,66,98702,73,246573
43139,0.001605,74.125.24.0-255,1484,100186,73,246573
43140,0.001632,74.125.24.0-255,1484,101670,73,246573
43141,0.001635,172.31.40.0-255,66,101736,73,246573
43142,0.001652,172.31.40.0-255,66,101802,73,246573
43143,0.001657,74.125.24.0-255,4320,106122,73,246573
43144,0.00166,172.31.40.0-255,66,106188,73,246573
43145,0.001671,74.125.24.0-255,1484,107672,73,246573
43146,0.001699,74.125.24.0-255,3602,111274,73,246573
43147,0.001702,172.31.40.0-255,66,111340,73,246573
43148,0.002186,74.125.24.0-255,1484,112824,73,246573
43149,0.002192,74.125.24.0-255,2902,115726,73,246573
43150,0.002196,172.31.40.0-255,66,115792,73,246573
43151,0.002203,74.125.24.0-255,4320,120112,73,246573
43152,0.002205,172.31.40.0-255,66,120178,73,246573
43153,0.002223,74.125.24.0-255,1484,121662,73,246573
43154,0.002226,74.125.24.0-255,1484,123146,73,246573
43155,0.002232,172.31.40.0-255,66,123212,73,246573
43156,0.002276,172.31.40.0-255,66,123278,73,246573
43157,0.002289,172.31.40.0-255,66,123344,73,246573
43158,0.00231,74.125.24.0-255,1484,124828,73,246573
43159,0.002317,74.125.24.0-255,5020,129848,73,246573
43160,0.002344,74.125.24.0-255,5738,135586,73,246573
43161,0.007503,172.31.40.0-255,66,135652,73,246573
43162,0.007513,172.31.40.0-255,66,135718,73,246573
43163,0.007516,172.31.40.0-255,66,135784,73,246573
43164,0.009842,74.125.24.0-255,5738,141522,73,246573
43165,0.009852,172.31.40.0-255,66,141588,73,246573
43166,0.012168,74.125.24.0-255,5738,147326,73,246573
43167,0.012179,172.31.40.0-255,66,147392,73,246573
43168,0.014495,74.125.24.0-255,5738,153130,73,246573
43169,0.014505,172.31.40.0-255,66,153196,73,246573
43170,0.016837,74.125.24.0-255,5738,158934,73,246573
43171,0.016847,172.31.40.0-255,66,159000,73,246573
43172,0.019164,74.125.24.0-255,5738,164738,73,246573
43173,0.019175,172.31.40.0-255,66,164804,73,246573
43174,0.021483,74.125.24.0-255,5738,170542,73,246573
43175,0.021491,172.31.40.0-255,66,170608,73,246573
43176,0.023838,74.125.24.0-255,5738,176346,73,246573
43177,0.023847,172.31.40.0-255,66,176412,73,246573
43178,0.02616,74.125.24.0-255,5738,182150,73,246573
43179,0.026174,172.31.40.0-255,66,182216,73,246573
43180,0.028512,74.125.24.0-255,5738,187954,73,246573
43181,0.028522,172.31.40.0-255,66,188020,73,246573
43182,0.030842,74.125.24.0-255,5738,193758,73,246573
43183,0.03085,172.31.40.0-255,66,193824,73,246573
43184,0.033185,74.125.24.0-255,5738,199562,73,246573
43185,0.033194,172.31.40.0-255,66,199628,73,246573
43186,0.035567,74.125.24.0-255,5738,205366,73,246573
43187,0.035586,172.31.40.0-255,66,205432,73,246573
43188,0.037924,74.125.24.0-255,5738,211170,73,246573
43189,0.037941,172.31.40.0-255,66,211236,73,246573
43190,0.040288,74.125.24.0-255,5738,216974,73,246573
43191,0.040305,172.31.40.0-255,66,217040,73,246573
43192,0.042637,74.125.24.0-255,5738,222778,73,246573
43193,0.042662,172.31.40.0-255,66,222844,73,246573
43194,0.044974,74.125.24.0-255,5738,228582,73,246573
43195,0.044982,172.31.40.0-255,66,228648,73,246573
43196,0.047286,74.125.24.0-255,5738,234386,73,246573
43197,0.047292,172.31.40.0-255,66,234452,73,246573
43198,0.048177,172.31.40.0-255,241,234693,73,246573
43199,0.04821,172.31.40.0-255,1111,235804,73,246573
43200,0.048281,172.31.40.0-255,1514,237318,73,246573
43201,0.048283,172.31.40.0-255,1514,238832,73,246573
43202,0.048284,172.31.40.0-255,1514,240346,73,246573
43203,0.048285,172.31.40.0-255,159,240505,73,246573
43204,0.049634,74.125.24.0-255,5738,246243,73,246573
43205,0.049648,172.31.40.0-255,66,246309,73,246573
43206,0.0497,104.244.42.0-255,66,246375,73,246573
43207,0.04976,104.244.42.0-255,66,246441,73,246573
43208,0.049873,104.244.42.0-255,66,246507,73,246573
43209,0.049879,104.244.42.0-255,66,246573,73,246573
43210,0.0,172.217.194.0-255,148,148,73,260357
43211,2.2e-05,172.31.40.0-255,66,214,73,260357
43212,2.9e-05,172.217.194.0-255,1484,1698,73,260357
43213,3.4e-05,172.31.40.0-255,66,1764,73,260357
43214,3.9e-05,172.217.194.0-255,2902,4666,73,260357
43215,4.2e-05,172.31.40.0-255,66,4732,73,260357
43216,4.9e-05,172.217.194.0-255,5738,10470,73,260357
43217,5.3e-05,172.31.40.0-255,66,10536,73,260357
43218,7.6e-05,172.217.194.0-255,1484,12020,73,260357
43219,7.8e-05,172.31.40.0-255,66,12086,73,260357
43220,8.8e-05,172.217.194.0-255,7156,19242,73,260357
43221,9.1e-05,172.31.40.0-255,66,19308,73,260357
43222,0.000125,172.217.194.0-255,3392,22700,73,260357
43223,0.000128,172.31.40.0-255,66,22766,73,260357
43224,0.000139,172.31.40.0-255,66,22832,73,260357
43225,0.000152,172.217.194.0-255,1484,24316,73,260357
43226,0.000154,172.31.40.0-255,66,24382,73,260357
43227,0.000175,172.217.194.0-255,5738,30120,73,260357
43228,0.000177,172.31.40.0-255,66,30186,73,260357
43229,0.000198,172.217.194.0-255,1484,31670,73,260357
43230,0.0002,172.31.40.0-255,66,31736,73,260357
43231,0.000205,172.217.194.0-255,4320,36056,73,260357
43232,0.000208,172.31.40.0-255,66,36122,73,260357
43233,0.000222,172.217.194.0-255,5738,41860,73,260357
43234,0.000224,172.31.40.0-255,66,41926,73,260357
43235,0.000239,172.31.40.0-255,66,41992,73,260357
43236,0.000253,172.217.194.0-255,1045,43037,73,260357
43237,0.000255,172.31.40.0-255,66,43103,73,260357
43238,0.000258,172.217.194.0-255,114,43217,73,260357
43239,0.00026,172.31.40.0-255,66,43283,73,260357
43240,0.000326,172.217.194.0-255,1484,44767,73,260357
43241,0.000332,172.217.194.0-255,2902,47669,73,260357
43242,0.000335,172.31.40.0-255,66,47735,73,260357
43243,0.000347,172.217.194.0-255,2902,50637,73,260357
43244,0.00035,172.31.40.0-255,66,50703,73,260357
43245,0.000368,172.217.194.0-255,2902,53605,73,260357
43246,0.00037,172.31.40.0-255,66,53671,73,260357
43247,0.000377,172.217.194.0-255,5738,59409,73,260357
43248,0.000379,172.31.40.0-255,66,59475,73,260357
43249,0.000401,172.217.194.0-255,4320,63795,73,260357
43250,0.000404,172.31.40.0-255,66,63861,73,260357
43251,0.000436,172.217.194.0-255,5738,69599,73,260357
43252,0.000439,172.31.40.0-255,66,69665,73,260357
43253,0.000465,172.31.40.0-255,66,69731,73,260357
43254,0.000676,172.217.194.0-255,1484,71215,73,260357
43255,0.000682,172.217.194.0-255,2902,74117,73,260357
43256,0.000685,172.31.40.0-255,66,74183,73,260357
43257,0.000706,172.217.194.0-255,5738,79921,73,260357
43258,0.000709,172.31.40.0-255,66,79987,73,260357
43259,0.000727,172.217.194.0-255,2902,82889,73,260357
43260,0.00073,172.31.40.0-255,66,82955,73,260357
43261,0.000748,172.217.194.0-255,5738,88693,73,260357
43262,0.000751,172.31.40.0-255,66,88759,73,260357
43263,0.000796,172.31.40.0-255,66,88825,73,260357
43264,0.000818,172.217.194.0-255,6438,95263,73,260357
43265,0.000821,172.31.40.0-255,66,95329,73,260357
43266,0.000987,172.217.194.0-255,1484,96813,73,260357
43267,0.001004,172.217.194.0-255,2902,99715,73,260357
43268,0.001007,172.31.40.0-255,66,99781,73,260357
43269,0.001034,172.217.194.0-255,5738,105519,73,260357
43270,0.001037,172.31.40.0-255,66,105585,73,260357
43271,0.001045,172.217.194.0-255,7156,112741,73,260357
43272,0.001048,172.31.40.0-255,66,112807,73,260357
43273,0.001106,172.31.40.0-255,66,112873,73,260357
43274,0.001131,172.217.194.0-255,2902,115775,73,260357
43275,0.001134,172.31.40.0-255,66,115841,73,260357
43276,0.001138,172.217.194.0-255,2184,118025,73,260357
43277,0.00114,172.31.40.0-255,66,118091,73,260357
43278,0.001215,172.217.194.0-255,1484,119575,73,260357
43279,0.001235,172.217.194.0-255,2902,122477,73,260357
43280,0.001239,172.31.40.0-255,66,122543,73,260357
43281,0.001245,172.217.194.0-255,5738,128281,73,260357
43282,0.001248,172.31.40.0-255,66,128347,73,260357
43283,0.001277,172.217.194.0-255,7156,135503,73,260357
43284,0.0013,172.217.194.0-255,7156,142659,73,260357
43285,0.00133,172.217.194.0-255,7156,149815,73,260357
43286,0.001334,172.217.194.0-255,2184,151999,73,260357
43287,0.001494,172.31.40.0-255,66,152065,73,260357
43288,0.001538,172.217.194.0-255,1484,153549,73,260357
43289,0.001544,172.217.194.0-255,2902,156451,73,260357
43290,0.001559,172.217.194.0-255,5738,162189,73,260357
43291,0.001577,172.31.40.0-255,66,162255,73,260357
43292,0.001585,172.217.194.0-255,7156,169411,73,260357
43293,0.001597,172.31.40.0-255,66,169477,73,260357
43294,0.00161,172.217.194.0-255,2902,172379,73,260357
43295,0.001649,172.31.40.0-255,66,172445,73,260357
43296,0.001653,172.217.194.0-255,2902,175347,73,260357
43297,0.001658,172.217.194.0-255,2184,177531,73,260357
43298,0.00166,172.217.194.0-255,1484,179015,73,260357
43299,0.001673,172.217.194.0-255,2902,181917,73,260357
43300,0.001675,172.217.194.0-255,1484,183401,73,260357
43301,0.001679,172.31.40.0-255,66,183467,73,260357
43302,0.0017,172.217.194.0-255,4320,187787,73,260357
43303,0.001707,172.217.194.0-255,5738,193525,73,260357
43304,0.001729,172.217.194.0-255,7156,200681,73,260357
43305,0.001736,172.217.194.0-255,7156,207837,73,260357
43306,0.001739,172.31.40.0-255,66,207903,73,260357
43307,0.001751,172.217.194.0-255,3602,211505,73,260357
43308,0.001753,172.31.40.0-255,66,211571,73,260357
43309,0.001777,172.31.40.0-255,66,211637,73,260357
43310,0.001852,172.217.194.0-255,1484,213121,73,260357
43311,0.001856,172.217.194.0-255,1484,214605,73,260357
43312,0.001866,172.31.40.0-255,66,214671,73,260357
43313,0.001874,172.217.194.0-255,1484,216155,73,260357
43314,0.001882,172.217.194.0-255,5738,221893,73,260357
43315,0.001888,172.217.194.0-255,5738,227631,73,260357
43316,0.001892,172.31.40.0-255,66,227697,73,260357
43317,0.0019,172.217.194.0-255,1484,229181,73,260357
43318,0.001939,172.217.194.0-255,4320,233501,73,260357
43319,0.001956,172.31.40.0-255,66,233567,73,260357
43320,0.001978,172.31.40.0-255,66,233633,73,260357
43321,0.002012,172.217.194.0-255,1484,235117,73,260357
43322,0.002015,172.217.194.0-255,1484,236601,73,260357
43323,0.002025,172.217.194.0-255,1484,238085,73,260357
43324,0.002031,172.217.194.0-255,4320,242405,73,260357
43325,0.002045,172.217.194.0-255,1484,243889,73,260357
43326,0.002048,172.217.194.0-255,1484,245373,73,260357
43327,0.002055,172.31.40.0-255,66,245439,73,260357
43328,0.002091,172.31.40.0-255,66,245505,73,260357
43329,0.002227,172.217.194.0-255,4320,249825,73,260357
43330,0.002242,172.217.194.0-255,5738,255563,73,260357
43331,0.002252,172.31.40.0-255,66,255629,73,260357
43332,0.002271,172.217.194.0-255,4320,259949,73,260357
43333,0.002277,172.31.40.0-255,66,260015,73,260357
43334,0.002306,172.217.194.0-255,105,260120,73,260357
43335,0.002314,172.31.40.0-255,66,260186,73,260357
43336,0.005208,172.31.40.0-255,105,260291,73,260357
43337,0.007484,172.217.194.0-255,66,260357,73,260357
43338,0.0,74.125.24.0-255,150,150,73,221928
43339,2.5e-05,172.31.40.0-255,66,216,73,221928
43340,3.2e-05,74.125.24.0-255,1484,1700,73,221928
43341,3.6e-05,172.31.40.0-255,66,1766,73,221928
43342,4.2e-05,74.125.24.0-255,2902,4668,73,221928
43343,5.3e-05,172.31.40.0-255,66,4734,73,221928
43344,6.1e-05,74.125.24.0-255,7156,11890,73,221928
43345,6.3e-05,172.31.40.0-255,66,11956,73,221928
43346,6.8e-05,74.125.24.0-255,2029,13985,73,221928
43347,7.1e-05,172.31.40.0-255,66,14051,73,221928
43348,8.4e-05,172.31.40.0-255,66,14117,73,221928
43349,9e-05,74.125.24.0-255,5379,19496,73,221928
43350,9.3e-05,172.31.40.0-255,66,19562,73,221928
43351,0.000167,74.125.24.0-255,1484,21046,73,221928
43352,0.000171,172.31.40.0-255,66,21112,73,221928
43353,0.000176,74.125.24.0-255,2902,24014,73,221928
43354,0.000178,172.31.40.0-255,66,24080,73,221928
43355,0.000211,74.125.24.0-255,5738,29818,73,221928
43356,0.000214,172.31.40.0-255,66,29884,73,221928
43357,0.000221,74.125.24.0-255,7156,37040,73,221928
43358,0.000224,172.31.40.0-255,66,37106,73,221928
43359,0.000262,74.125.24.0-255,5738,42844,73,221928
43360,0.000265,172.31.40.0-255,66,42910,73,221928
43361,0.000277,172.31.40.0-255,66,42976,73,221928
43362,0.00028,74.125.24.0-255,397,43373,73,221928
43363,0.000282,172.31.40.0-255,66,43439,73,221928
43364,0.000422,74.125.24.0-255,115,43554,73,221928
43365,0.000427,172.31.40.0-255,66,43620,73,221928
43366,0.000431,74.125.24.0-255,329,43949,73,221928
43367,0.000433,172.31.40.0-255,66,44015,73,221928
43368,0.00062,74.125.24.0-255,1484,45499,73,221928
43369,0.000628,74.125.24.0-255,2902,48401,73,221928
43370,0.000632,172.31.40.0-255,66,48467,73,221928
43371,0.000639,74.125.24.0-255,5738,54205,73,221928
43372,0.000642,172.31.40.0-255,66,54271,73,221928
43373,0.000679,74.125.24.0-255,4320,58591,73,221928
43374,0.000682,172.31.40.0-255,66,58657,73,221928
43375,0.000731,172.31.40.0-255,66,58723,73,221928
43376,0.000734,74.125.24.0-255,1484,60207,73,221928
43377,0.000746,172.31.40.0-255,66,60273,73,221928
43378,0.000993,74.125.24.0-255,1484,61757,73,221928
43379,0.001,74.125.24.0-255,2902,64659,73,221928
43380,0.001004,172.31.40.0-255,66,64725,73,221928
43381,0.001009,74.125.24.0-255,2902,67627,73,221928
43382,0.001011,172.31.40.0-255,66,67693,73,221928
43383,0.001038,74.125.24.0-255,2902,70595,73,221928
43384,0.001045,172.31.40.0-255,66,70661,73,221928
43385,0.00105,74.125.24.0-255,2902,73563,73,221928
43386,0.001052,172.31.40.0-255,66,73629,73,221928
43387,0.001099,172.31.40.0-255,66,73695,73,221928
43388,0.001109,172.31.40.0-255,66,73761,73,221928
43389,0.001114,74.125.24.0-255,2184,75945,73,221928
43390,0.001116,172.31.40.0-255,66,76011,73,221928
43391,0.001236,74.125.24.0-255,1484,77495,73,221928
43392,0.001242,74.125.24.0-255,2902,80397,73,221928
43393,0.001245,172.31.40.0-255,66,80463,73,221928
43394,0.001272,74.125.24.0-255,5738,86201,73,221928
43395,0.001274,172.31.40.0-255,66,86267,73,221928
43396,0.001313,172.31.40.0-255,66,86333,73,221928
43397,0.001319,74.125.24.0-255,4320,90653,73,221928
43398,0.001321,172.31.40.0-255,66,90719,73,221928
43399,0.001351,74.125.24.0-255,6438,97157,73,221928
43400,0.001354,172.31.40.0-255,66,97223,73,221928
43401,0.001384,74.125.24.0-255,1484,98707,73,221928
43402,0.00139,74.125.24.0-255,2902,101609,73,221928
43403,0.001393,172.31.40.0-255,66,101675,73,221928
43404,0.001397,74.125.24.0-255,2902,104577,73,221928
43405,0.001399,172.31.40.0-255,66,104643,73,221928
43406,0.001435,74.125.24.0-255,2902,107545,73,221928
43407,0.001438,172.31.40.0-255,66,107611,73,221928
43408,0.001444,74.125.24.0-255,4320,111931,73,221928
43409,0.001447,172.31.40.0-255,66,111997,73,221928
43410,0.001459,172.31.40.0-255,66,112063,73,221928
43411,0.0015,172.31.40.0-255,66,112129,73,221928
43412,0.002581,74.125.24.0-255,1484,113613,73,221928
43413,0.004041,74.125.24.0-255,4320,117933,73,221928
43414,0.004049,172.31.40.0-255,66,117999,73,221928
43415,0.006593,74.125.24.0-255,5738,123737,73,221928
43416,0.0066,172.31.40.0-255,66,123803,73,221928
43417,0.009135,74.125.24.0-255,5738,129541,73,221928
43418,0.009142,172.31.40.0-255,66,129607,73,221928
43419,0.011692,74.125.24.0-255,5738,135345,73,221928
43420,0.011699,172.31.40.0-255,66,135411,73,221928
43421,0.014237,74.125.24.0-255,5738,141149,73,221928
43422,0.014246,172.31.40.0-255,66,141215,73,221928
43423,0.016792,74.125.24.0-255,5738,146953,73,221928
43424,0.016801,172.31.40.0-255,66,147019,73,221928
43425,0.019355,74.125.24.0-255,5738,152757,73,221928
43426,0.019364,172.31.40.0-255,66,152823,73,221928
43427,0.021922,74.125.24.0-255,5738,158561,73,221928
43428,0.02193,172.31.40.0-255,66,158627,73,221928
43429,0.024481,74.125.24.0-255,5738,164365,73,221928
43430,0.024489,172.31.40.0-255,66,164431,73,221928
43431,0.027053,74.125.24.0-255,5738,170169,73,221928
43432,0.027073,172.31.40.0-255,66,170235,73,221928
43433,0.029663,74.125.24.0-255,5738,175973,73,221928
43434,0.02968,172.31.40.0-255,66,176039,73,221928
43435,0.032226,74.125.24.0-255,5738,181777,73,221928
43436,0.032234,172.31.40.0-255,66,181843,73,221928
43437,0.034808,74.125.24.0-255,5738,187581,73,221928
43438,0.034827,172.31.40.0-255,66,187647,73,221928
43439,0.037371,74.125.24.0-255,5738,193385,73,221928
43440,0.037378,172.31.40.0-255,66,193451,73,221928
43441,0.037921,172.31.40.0-255,172,193623,73,221928
43442,0.037954,172.31.40.0-255,1115,194738,73,221928
43443,0.038015,172.31.40.0-255,1514,196252,73,221928
43444,0.038017,172.31.40.0-255,1514,197766,73,221928
43445,0.038042,172.31.40.0-255,682,198448,73,221928
43446,0.03947,104.244.42.0-255,66,198514,73,221928
43447,0.039488,104.244.42.0-255,66,198580,73,221928
43448,0.039595,104.244.42.0-255,66,198646,73,221928
43449,0.0396,104.244.42.0-255,66,198712,73,221928
43450,0.039928,74.125.24.0-255,5738,204450,73,221928
43451,0.039937,172.31.40.0-255,66,204516,73,221928
43452,0.042483,74.125.24.0-255,5738,210254,73,221928
43453,0.042504,172.31.40.0-255,66,210320,73,221928
43454,0.045081,74.125.24.0-255,5738,216058,73,221928
43455,0.0451,172.31.40.0-255,66,216124,73,221928
43456,0.047678,74.125.24.0-255,5738,221862,73,221928
43457,0.047698,172.31.40.0-255,66,221928,73,221928
43458,0.0,74.125.24.0-255,150,150,73,197453
43459,1.6e-05,172.31.40.0-255,66,216,73,197453
43460,2.3e-05,74.125.24.0-255,1484,1700,73,197453
43461,2.8e-05,172.31.40.0-255,66,1766,73,197453
43462,5.5e-05,74.125.24.0-255,2902,4668,73,197453
43463,6.5e-05,172.31.40.0-255,66,4734,73,197453
43464,7.3e-05,74.125.24.0-255,7156,11890,73,197453
43465,7.6e-05,172.31.40.0-255,66,11956,73,197453
43466,8e-05,74.125.24.0-255,2121,14077,73,197453
43467,8.3e-05,172.31.40.0-255,66,14143,73,197453
43468,0.000109,74.125.24.0-255,2902,17045,73,197453
43469,0.000117,172.31.40.0-255,66,17111,73,197453
43470,0.000123,74.125.24.0-255,4320,21431,73,197453
43471,0.000126,172.31.40.0-255,66,21497,73,197453
43472,0.000155,74.125.24.0-255,2902,24399,73,197453
43473,0.000158,172.31.40.0-255,66,24465,73,197453
43474,0.000167,74.125.24.0-255,4320,28785,73,197453
43475,0.000169,172.31.40.0-255,66,28851,73,197453
43476,0.000184,172.31.40.0-255,66,28917,73,197453
43477,0.000188,74.125.24.0-255,2902,31819,73,197453
43478,0.00019,172.31.40.0-255,66,31885,73,197453
43479,0.000218,74.125.24.0-255,3602,35487,73,197453
43480,0.000225,172.31.40.0-255,66,35553,73,197453
43481,0.00026,74.125.24.0-255,1484,37037,73,197453
43482,0.000263,172.31.40.0-255,66,37103,73,197453
43483,0.000268,74.125.24.0-255,2902,40005,73,197453
43484,0.00027,172.31.40.0-255,66,40071,73,197453
43485,0.000273,74.125.24.0-255,1484,41555,73,197453
43486,0.000279,172.31.40.0-255,66,41621,73,197453
43487,0.000282,74.125.24.0-255,1484,43105,73,197453
43488,0.000284,172.31.40.0-255,66,43171,73,197453
43489,0.000331,74.125.24.0-255,4320,47491,73,197453
43490,0.000335,172.31.40.0-255,66,47557,73,197453
43491,0.000341,74.125.24.0-255,5703,53260,73,197453
43492,0.000344,172.31.40.0-255,66,53326,73,197453
43493,0.000603,74.125.24.0-255,332,53658,73,197453
43494,0.000942,74.125.24.0-255,1484,55142,73,197453
43495,0.000947,172.31.40.0-255,66,55208,73,197453
43496,0.000954,74.125.24.0-255,2902,58110,73,197453
43497,0.000955,172.31.40.0-255,66,58176,73,197453
43498,0.000961,74.125.24.0-255,4320,62496,73,197453
43499,0.000963,172.31.40.0-255,66,62562,73,197453
43500,0.000996,74.125.24.0-255,1484,64046,73,197453
43501,0.001014,172.31.40.0-255,66,64112,73,197453
43502,0.001017,74.125.24.0-255,1484,65596,73,197453
43503,0.001039,74.125.24.0-255,4320,69916,73,197453
43504,0.001042,172.31.40.0-255,66,69982,73,197453
43505,0.00106,74.125.24.0-255,5020,75002,73,197453
43506,0.001063,172.31.40.0-255,66,75068,73,197453
43507,0.001328,74.125.24.0-255,1484,76552,73,197453
43508,0.001335,74.125.24.0-255,2902,79454,73,197453
43509,0.001338,172.31.40.0-255,66,79520,73,197453
43510,0.001361,74.125.24.0-255,5738,85258,73,197453
43511,0.001364,172.31.40.0-255,66,85324,73,197453
43512,0.001369,74.125.24.0-255,2902,88226,73,197453
43513,0.001371,172.31.40.0-255,66,88292,73,197453
43514,0.001391,74.125.24.0-255,5738,94030,73,197453
43515,0.001396,172.31.40.0-255,66,94096,73,197453
43516,0.001429,74.125.24.0-255,2902,96998,73,197453
43517,0.001432,172.31.40.0-255,66,97064,73,197453
43518,0.001474,172.31.40.0-255,66,97130,73,197453
43519,0.001584,74.125.24.0-255,1484,98614,73,197453
43520,0.0016,74.125.24.0-255,2902,101516,73,197453
43521,0.001603,172.31.40.0-255,66,101582,73,197453
43522,0.001607,74.125.24.0-255,1484,103066,73,197453
43523,0.001634,74.125.24.0-255,4320,107386,73,197453
43524,0.001636,172.31.40.0-255,66,107452,73,197453
43525,0.001641,74.125.24.0-255,2902,110354,73,197453
43526,0.001643,172.31.40.0-255,66,110420,73,197453
43527,0.001677,172.31.40.0-255,66,110486,73,197453
43528,0.001682,74.125.24.0-255,2902,113388,73,197453
43529,0.001685,172.31.40.0-255,66,113454,73,197453
43530,0.00171,74.125.24.0-255,7156,120610,73,197453
43531,0.001751,74.125.24.0-255,5738,126348,73,197453
43532,0.001755,172.31.40.0-255,66,126414,73,197453
43533,0.001758,172.31.40.0-255,66,126480,73,197453
43534,0.001783,74.125.24.0-255,5020,131500,73,197453
43535,0.001785,172.31.40.0-255,66,131566,73,197453
43536,0.001792,74.125.24.0-255,7156,138722,73,197453
43537,0.001794,172.31.40.0-255,66,138788,73,197453
43538,0.001815,172.31.40.0-255,66,138854,73,197453
43539,0.001844,74.125.24.0-255,1484,140338,73,197453
43540,0.001865,74.125.24.0-255,2902,143240,73,197453
43541,0.001868,172.31.40.0-255,66,143306,73,197453
43542,0.001875,74.125.24.0-255,5738,149044,73,197453
43543,0.001877,172.31.40.0-255,66,149110,73,197453
43544,0.001884,74.125.24.0-255,1484,150594,73,197453
43545,0.001912,74.125.24.0-255,4320,154914,73,197453
43546,0.001915,172.31.40.0-255,66,154980,73,197453
43547,0.001928,172.31.40.0-255,66,155046,73,197453
43548,0.001939,74.125.24.0-255,5020,160066,73,197453
43549,0.001942,172.31.40.0-255,66,160132,73,197453
43550,0.002046,74.125.24.0-255,1484,161616,73,197453
43551,0.002051,74.125.24.0-255,1484,163100,73,197453
43552,0.002054,172.31.40.0-255,66,163166,73,197453
43553,0.002084,74.125.24.0-255,1484,164650,73,197453
43554,0.002091,74.125.24.0-255,5738,170388,73,197453
43555,0.002093,172.31.40.0-255,66,170454,73,197453
43556,0.002118,172.31.40.0-255,66,170520,73,197453
43557,0.00216,172.31.40.0-255,66,170586,73,197453
43558,0.002175,172.31.40.0-255,66,170652,73,197453
43559,0.002211,172.31.40.0-255,66,170718,73,197453
43560,0.002254,172.31.40.0-255,66,170784,73,197453
43561,0.002271,74.125.24.0-255,1484,172268,73,197453
43562,0.002274,74.125.24.0-255,1484,173752,73,197453
43563,0.002276,172.31.40.0-255,66,173818,73,197453
43564,0.002308,74.125.24.0-255,1484,175302,73,197453
43565,0.002316,74.125.24.0-255,5738,181040,73,197453
43566,0.002319,172.31.40.0-255,66,181106,73,197453
43567,0.002326,74.125.24.0-255,7156,188262,73,197453
43568,0.002347,74.125.24.0-255,2184,190446,73,197453
43569,0.002404,74.125.24.0-255,1484,191930,73,197453
43570,0.002556,74.125.24.0-255,4320,196250,73,197453
43571,0.002602,74.125.24.0-255,105,196355,73,197453
43572,0.002616,74.125.24.0-255,129,196484,73,197453
43573,0.01264,172.31.40.0-255,66,196550,73,197453
43574,0.013427,74.125.24.0-255,129,196679,73,197453
43575,0.013438,172.31.40.0-255,78,196757,73,197453
43576,0.0151,172.31.40.0-255,105,196862,73,197453
43577,0.015139,172.31.40.0-255,105,196967,73,197453
43578,0.016093,172.31.40.0-255,90,197057,73,197453
43579,0.016103,172.31.40.0-255,66,197123,73,197453
43580,0.017689,74.125.24.0-255,66,197189,73,197453
43581,0.017712,74.125.24.0-255,66,197255,73,197453
43582,0.018685,74.125.24.0-255,66,197321,73,197453
43583,0.018704,74.125.24.0-255,66,197387,73,197453
43584,0.018711,172.31.40.0-255,66,197453,73,197453
43585,0.0,172.217.194.0-255,153,153,73,224264
43586,2e-05,172.31.40.0-255,66,219,73,224264
43587,2.7e-05,172.217.194.0-255,1484,1703,73,224264
43588,3.2e-05,172.31.40.0-255,66,1769,73,224264
43589,3.7e-05,172.217.194.0-255,2902,4671,73,224264
43590,4.6e-05,172.31.40.0-255,66,4737,73,224264
43591,5.2e-05,172.217.194.0-255,4320,9057,73,224264
43592,5.5e-05,172.31.40.0-255,66,9123,73,224264
43593,9.8e-05,172.217.194.0-255,2902,12025,73,224264
43594,0.000102,172.31.40.0-255,66,12091,73,224264
43595,0.000108,172.217.194.0-255,4819,16910,73,224264
43596,0.00011,172.31.40.0-255,66,16976,73,224264
43597,0.000124,172.31.40.0-255,66,17042,73,224264
43598,0.000127,172.217.194.0-255,1484,18526,73,224264
43599,0.00013,172.31.40.0-255,66,18592,73,224264
43600,0.000135,172.217.194.0-255,2902,21494,73,224264
43601,0.000137,172.31.40.0-255,66,21560,73,224264
43602,0.000143,172.217.194.0-255,5738,27298,73,224264
43603,0.000146,172.31.40.0-255,66,27364,73,224264
43604,0.000177,172.217.194.0-255,4320,31684,73,224264
43605,0.00018,172.31.40.0-255,66,31750,73,224264
43606,0.000197,172.217.194.0-255,2543,34293,73,224264
43607,0.000199,172.31.40.0-255,66,34359,73,224264
43608,0.000748,172.217.194.0-255,1484,35843,73,224264
43609,0.000753,172.31.40.0-255,66,35909,73,224264
43610,0.000759,172.217.194.0-255,2902,38811,73,224264
43611,0.000761,172.31.40.0-255,66,38877,73,224264
43612,0.000767,172.217.194.0-255,5738,44615,73,224264
43613,0.000768,172.31.40.0-255,66,44681,73,224264
43614,0.000771,172.217.194.0-255,1484,46165,73,224264
43615,0.000777,172.31.40.0-255,66,46231,73,224264
43616,0.000812,172.217.194.0-255,4320,50551,73,224264
43617,0.000814,172.31.40.0-255,66,50617,73,224264
43618,0.000838,172.217.194.0-255,1704,52321,73,224264
43619,0.00084,172.31.40.0-255,66,52387,73,224264
43620,0.001391,172.217.194.0-255,1484,53871,73,224264
43621,0.001403,172.217.194.0-255,2902,56773,73,224264
43622,0.001407,172.31.40.0-255,66,56839,73,224264
43623,0.001414,172.217.194.0-255,5738,62577,73,224264
43624,0.001416,172.31.40.0-255,66,62643,73,224264
43625,0.001444,172.217.194.0-255,2902,65545,73,224264
43626,0.001446,172.31.40.0-255,66,65611,73,224264
43627,0.00147,172.217.194.0-255,4320,69931,73,224264
43628,0.001472,172.31.40.0-255,66,69997,73,224264
43629,0.001479,172.217.194.0-255,7156,77153,73,224264
43630,0.001481,172.31.40.0-255,66,77219,73,224264
43631,0.001515,172.217.194.0-255,7156,84375,73,224264
43632,0.001517,172.31.40.0-255,66,84441,73,224264
43633,0.00152,172.217.194.0-255,2184,86625,73,224264
43634,0.001522,172.31.40.0-255,66,86691,73,224264
43635,0.001597,172.217.194.0-255,1484,88175,73,224264
43636,0.001601,172.217.194.0-255,1484,89659,73,224264
43637,0.001604,172.31.40.0-255,66,89725,73,224264
43638,0.00163,172.217.194.0-255,1484,91209,73,224264
43639,0.001636,172.217.194.0-255,5738,96947,73,224264
43640,0.001638,172.31.40.0-255,66,97013,73,224264
43641,0.001667,172.217.194.0-255,4320,101333,73,224264
43642,0.001669,172.31.40.0-255,66,101399,73,224264
43643,0.001699,172.31.40.0-255,66,101465,73,224264
43644,0.001702,172.217.194.0-255,1484,102949,73,224264
43645,0.001736,172.31.40.0-255,66,103015,73,224264
43646,0.004089,172.217.194.0-255,5738,108753,73,224264
43647,0.004096,172.31.40.0-255,66,108819,73,224264
43648,0.00645,172.217.194.0-255,5738,114557,73,224264
43649,0.006456,172.31.40.0-255,66,114623,73,224264
43650,0.008837,172.217.194.0-255,5738,120361,73,224264
43651,0.008843,172.31.40.0-255,66,120427,73,224264
43652,0.011206,172.217.194.0-255,5738,126165,73,224264
43653,0.011214,172.31.40.0-255,66,126231,73,224264
43654,0.01359,172.217.194.0-255,5738,131969,73,224264
43655,0.013599,172.31.40.0-255,66,132035,73,224264
43656,0.015984,172.217.194.0-255,5738,137773,73,224264
43657,0.015993,172.31.40.0-255,66,137839,73,224264
43658,0.018369,172.217.194.0-255,5738,143577,73,224264
43659,0.018378,172.31.40.0-255,66,143643,73,224264
43660,0.020796,172.217.194.0-255,5738,149381,73,224264
43661,0.020806,172.31.40.0-255,66,149447,73,224264
43662,0.023156,172.217.194.0-255,5738,155185,73,224264
43663,0.023164,172.31.40.0-255,66,155251,73,224264
43664,0.025373,172.31.40.0-255,176,155427,73,224264
43665,0.025407,172.31.40.0-255,1115,156542,73,224264
43666,0.025461,172.31.40.0-255,1514,158056,73,224264
43667,0.025462,172.31.40.0-255,1514,159570,73,224264
43668,0.025465,172.31.40.0-255,1410,160980,73,224264
43669,0.025549,172.217.194.0-255,2902,163882,73,224264
43670,0.025554,172.31.40.0-255,66,163948,73,224264
43671,0.025582,172.217.194.0-255,2902,166850,73,224264
43672,0.025586,172.31.40.0-255,66,166916,73,224264
43673,0.026979,104.244.42.0-255,66,166982,73,224264
43674,0.027003,104.244.42.0-255,66,167048,73,224264
43675,0.027049,104.244.42.0-255,66,167114,73,224264
43676,0.027061,104.244.42.0-255,66,167180,73,224264
43677,0.027926,172.217.194.0-255,2902,170082,73,224264
43678,0.027933,172.31.40.0-255,66,170148,73,224264
43679,0.027965,172.217.194.0-255,2902,173050,73,224264
43680,0.027969,172.31.40.0-255,66,173116,73,224264
43681,0.030305,172.217.194.0-255,2902,176018,73,224264
43682,0.030312,172.31.40.0-255,66,176084,73,224264
43683,0.030346,172.217.194.0-255,2902,178986,73,224264
43684,0.030349,172.31.40.0-255,66,179052,73,224264
43685,0.032694,172.217.194.0-255,2902,181954,73,224264
43686,0.032701,172.31.40.0-255,66,182020,73,224264
43687,0.032731,172.217.194.0-255,2902,184922,73,224264
43688,0.032734,172.31.40.0-255,66,184988,73,224264
43689,0.035096,172.217.194.0-255,4320,189308,73,224264
43690,0.035102,172.31.40.0-255,66,189374,73,224264
43691,0.035114,172.217.194.0-255,1484,190858,73,224264
43692,0.037494,172.217.194.0-255,4320,195178,73,224264
43693,0.037501,172.31.40.0-255,66,195244,73,224264
43694,0.039854,172.217.194.0-255,5738,200982,73,224264
43695,0.03986,172.31.40.0-255,66,201048,73,224264
43696,0.042258,172.217.194.0-255,5738,206786,73,224264
43697,0.042264,172.31.40.0-255,66,206852,73,224264
43698,0.04462,172.217.194.0-255,5738,212590,73,224264
43699,0.044628,172.31.40.0-255,66,212656,73,224264
43700,0.046992,172.217.194.0-255,5738,218394,73,224264
43701,0.047,172.31.40.0-255,66,218460,73,224264
43702,0.049405,172.217.194.0-255,5738,224198,73,224264
43703,0.049411,172.31.40.0-255,66,224264,73,224264
43704,0.0,172.31.40.0-255,66,66,73,66
43705,0.0,74.125.24.0-255,147,147,73,276801
43706,1.9e-05,172.31.40.0-255,66,213,73,276801
43707,2.6e-05,74.125.24.0-255,1484,1697,73,276801
43708,3e-05,172.31.40.0-255,66,1763,73,276801
43709,3.5e-05,74.125.24.0-255,2902,4665,73,276801
43710,3.9e-05,172.31.40.0-255,66,4731,73,276801
43711,5.1e-05,74.125.24.0-255,7156,11887,73,276801
43712,5.4e-05,172.31.40.0-255,66,11953,73,276801
43713,5.7e-05,74.125.24.0-255,1484,13437,73,276801
43714,5.9e-05,172.31.40.0-255,66,13503,73,276801
43715,0.000106,172.31.40.0-255,66,13569,73,276801
43716,0.000109,74.125.24.0-255,1484,15053,73,276801
43717,0.000111,172.31.40.0-255,66,15119,73,276801
43718,0.000139,74.125.24.0-255,5379,20498,73,276801
43719,0.000142,172.31.40.0-255,66,20564,73,276801
43720,0.000279,74.125.24.0-255,1484,22048,73,276801
43721,0.000282,172.31.40.0-255,66,22114,73,276801
43722,0.000288,74.125.24.0-255,2902,25016,73,276801
43723,0.000289,172.31.40.0-255,66,25082,73,276801
43724,0.00033,74.125.24.0-255,5738,30820,73,276801
43725,0.000333,172.31.40.0-255,66,30886,73,276801
43726,0.00034,74.125.24.0-255,6797,37683,73,276801
43727,0.000342,172.31.40.0-255,66,37749,73,276801
43728,0.000348,74.125.24.0-255,7156,44905,73,276801
43729,0.00035,172.31.40.0-255,66,44971,73,276801
43730,0.000371,74.125.24.0-255,7156,52127,73,276801
43731,0.000373,172.31.40.0-255,66,52193,73,276801
43732,0.00038,74.125.24.0-255,2543,54736,73,276801
43733,0.000382,172.31.40.0-255,66,54802,73,276801
43734,0.000882,74.125.24.0-255,645,55447,73,276801
43735,0.000887,172.31.40.0-255,66,55513,73,276801
43736,0.001031,74.125.24.0-255,1484,56997,73,276801
43737,0.001046,74.125.24.0-255,2902,59899,73,276801
43738,0.001049,172.31.40.0-255,66,59965,73,276801
43739,0.001053,74.125.24.0-255,1484,61449,73,276801
43740,0.001078,74.125.24.0-255,4320,65769,73,276801
43741,0.001081,172.31.40.0-255,66,65835,73,276801
43742,0.00109,172.31.40.0-255,66,65901,73,276801
43743,0.001131,74.125.24.0-255,1484,67385,73,276801
43744,0.001168,172.31.40.0-255,66,67451,73,276801
43745,0.001671,74.125.24.0-255,1484,68935,73,276801
43746,0.001687,74.125.24.0-255,2902,71837,73,276801
43747,0.00169,172.31.40.0-255,66,71903,73,276801
43748,0.001695,74.125.24.0-255,2902,74805,73,276801
43749,0.001697,172.31.40.0-255,66,74871,73,276801
43750,0.00172,74.125.24.0-255,2902,77773,73,276801
43751,0.001722,172.31.40.0-255,66,77839,73,276801
43752,0.001741,172.31.40.0-255,66,77905,73,276801
43753,0.001748,74.125.24.0-255,7156,85061,73,276801
43754,0.001751,172.31.40.0-255,66,85127,73,276801
43755,0.001784,74.125.24.0-255,3602,88729,73,276801
43756,0.001787,172.31.40.0-255,66,88795,73,276801
43757,0.001841,74.125.24.0-255,1484,90279,73,276801
43758,0.001846,74.125.24.0-255,2902,93181,73,276801
43759,0.001849,172.31.40.0-255,66,93247,73,276801
43760,0.001855,74.125.24.0-255,5738,98985,73,276801
43761,0.001857,172.31.40.0-255,66,99051,73,276801
43762,0.00186,74.125.24.0-255,1484,100535,73,276801
43763,0.001905,172.31.40.0-255,66,100601,73,276801
43764,0.001918,172.31.40.0-255,66,100667,73,276801
43765,0.001945,74.125.24.0-255,5020,105687,73,276801
43766,0.001947,172.31.40.0-255,66,105753,73,276801
43767,0.001962,172.31.40.0-255,66,105819,73,276801
43768,0.001995,74.125.24.0-255,1484,107303,73,276801
43769,0.002008,172.31.40.0-255,66,107369,73,276801
43770,0.002014,74.125.24.0-255,4320,111689,73,276801
43771,0.002017,172.31.40.0-255,66,111755,73,276801
43772,0.002021,74.125.24.0-255,2902,114657,73,276801
43773,0.002024,172.31.40.0-255,66,114723,73,276801
43774,0.00205,74.125.24.0-255,2902,117625,73,276801
43775,0.002053,172.31.40.0-255,66,117691,73,276801
43776,0.00206,74.125.24.0-255,7156,124847,73,276801
43777,0.002063,172.31.40.0-255,66,124913,73,276801
43778,0.002094,74.125.24.0-255,4320,129233,73,276801
43779,0.002097,172.31.40.0-255,66,129299,73,276801
43780,0.002104,74.125.24.0-255,7156,136455,73,276801
43781,0.002107,172.31.40.0-255,66,136521,73,276801
43782,0.002134,74.125.24.0-255,5020,141541,73,276801
43783,0.002137,172.31.40.0-255,66,141607,73,276801
43784,0.002245,74.125.24.0-255,1484,143091,73,276801
43785,0.002262,74.125.24.0-255,2902,145993,73,276801
43786,0.002265,172.31.40.0-255,66,146059,73,276801
43787,0.002285,74.125.24.0-255,5738,151797,73,276801
43788,0.002288,172.31.40.0-255,66,151863,73,276801
43789,0.00233,172.31.40.0-255,66,151929,73,276801
43790,0.002335,74.125.24.0-255,2902,154831,73,276801
43791,0.002337,172.31.40.0-255,66,154897,73,276801
43792,0.002339,74.125.24.0-255,1484,156381,73,276801
43793,0.004607,74.125.24.0-255,1484,157865,73,276801
43794,0.004611,172.31.40.0-255,66,157931,73,276801
43795,0.004624,74.125.24.0-255,2902,160833,73,276801
43796,0.004632,172.31.40.0-255,66,160899,73,276801
43797,0.006923,74.125.24.0-255,5738,166637,73,276801
43798,0.006931,172.31.40.0-255,66,166703,73,276801
43799,0.009204,74.125.24.0-255,5738,172441,73,276801
43800,0.009211,172.31.40.0-255,66,172507,73,276801
43801,0.011521,74.125.24.0-255,5738,178245,73,276801
43802,0.01153,172.31.40.0-255,66,178311,73,276801
43803,0.013833,74.125.24.0-255,2902,181213,73,276801
43804,0.013839,172.31.40.0-255,66,181279,73,276801
43805,0.013868,74.125.24.0-255,2902,184181,73,276801
43806,0.013871,172.31.40.0-255,66,184247,73,276801
43807,0.016139,74.125.24.0-255,2902,187149,73,276801
43808,0.016147,172.31.40.0-255,66,187215,73,276801
43809,0.016177,74.125.24.0-255,2902,190117,73,276801
43810,0.01618,172.31.40.0-255,66,190183,73,276801
43811,0.01843,74.125.24.0-255,2902,193085,73,276801
43812,0.018441,172.31.40.0-255,66,193151,73,276801
43813,0.018472,74.125.24.0-255,2902,196053,73,276801
43814,0.018474,172.31.40.0-255,66,196119,73,276801
43815,0.02074,74.125.24.0-255,2902,199021,73,276801
43816,0.020749,172.31.40.0-255,66,199087,73,276801
43817,0.020781,74.125.24.0-255,2902,201989,73,276801
43818,0.020784,172.31.40.0-255,66,202055,73,276801
43819,0.02303,74.125.24.0-255,2902,204957,73,276801
43820,0.023038,172.31.40.0-255,66,205023,73,276801
43821,0.023074,74.125.24.0-255,2902,207925,73,276801
43822,0.023076,172.31.40.0-255,66,207991,73,276801
43823,0.025407,74.125.24.0-255,4320,212311,73,276801
43824,0.025414,172.31.40.0-255,66,212377,73,276801
43825,0.02544,74.125.24.0-255,1484,213861,73,276801
43826,0.027718,74.125.24.0-255,4320,218181,73,276801
43827,0.027728,172.31.40.0-255,66,218247,73,276801
43828,0.030023,74.125.24.0-255,5738,223985,73,276801
43829,0.030031,172.31.40.0-255,66,224051,73,276801
43830,0.032351,74.125.24.0-255,5738,229789,73,276801
43831,0.032358,172.31.40.0-255,66,229855,73,276801
43832,0.033353,172.31.40.0-255,172,230027,73,276801
43833,0.033384,172.31.40.0-255,1114,231141,73,276801
43834,0.033447,172.31.40.0-255,1514,232655,73,276801
43835,0.033469,172.31.40.0-255,1514,234169,73,276801
43836,0.033473,172.31.40.0-255,1514,235683,73,276801
43837,0.033488,172.31.40.0-255,160,235843,73,276801
43838,0.034706,74.125.24.0-255,5738,241581,73,276801
43839,0.034713,172.31.40.0-255,66,241647,73,276801
43840,0.034893,104.244.42.0-255,66,241713,73,276801
43841,0.034954,104.244.42.0-255,66,241779,73,276801
43842,0.035007,104.244.42.0-255,66,241845,73,276801
43843,0.035042,104.244.42.0-255,66,241911,73,276801
43844,0.035046,104.244.42.0-255,66,241977,73,276801
43845,0.037035,74.125.24.0-255,5738,247715,73,276801
43846,0.037042,172.31.40.0-255,66,247781,73,276801
43847,0.039329,74.125.24.0-255,5738,253519,73,276801
43848,0.039336,172.31.40.0-255,66,253585,73,276801
43849,0.041644,74.125.24.0-255,5738,259323,73,276801
43850,0.04165,172.31.40.0-255,66,259389,73,276801
43851,0.043942,74.125.24.0-255,5738,265127,73,276801
43852,0.043954,172.31.40.0-255,66,265193,73,276801
43853,0.046258,74.125.24.0-255,5738,270931,73,276801
43854,0.046273,172.31.40.0-255,66,270997,73,276801
43855,0.048584,74.125.24.0-255,5738,276735,73,276801
43856,0.048592,172.31.40.0-255,66,276801,73,276801
43857,0.0,172.217.194.0-255,147,147,73,259678
43858,2.3e-05,172.31.40.0-255,66,213,73,259678
43859,3.1e-05,172.217.194.0-255,1484,1697,73,259678
43860,3.6e-05,172.31.40.0-255,66,1763,73,259678
43861,4.8e-05,172.217.194.0-255,2902,4665,73,259678
43862,5.2e-05,172.31.40.0-255,66,4731,73,259678
43863,6e-05,172.217.194.0-255,7156,11887,73,259678
43864,6.3e-05,172.31.40.0-255,66,11953,73,259678
43865,6.7e-05,172.217.194.0-255,2001,13954,73,259678
43866,7e-05,172.31.40.0-255,66,14020,73,259678
43867,0.000112,172.217.194.0-255,1484,15504,73,259678
43868,0.000115,172.31.40.0-255,66,15570,73,259678
43869,0.00012,172.217.194.0-255,2902,18472,73,259678
43870,0.000123,172.31.40.0-255,66,18538,73,259678
43871,0.000134,172.217.194.0-255,5738,24276,73,259678
43872,0.000136,172.31.40.0-255,66,24342,73,259678
43873,0.000176,172.217.194.0-255,6797,31139,73,259678
43874,0.000179,172.31.40.0-255,66,31205,73,259678
43875,0.000465,172.217.194.0-255,1484,32689,73,259678
43876,0.000469,172.31.40.0-255,66,32755,73,259678
43877,0.000476,172.217.194.0-255,2902,35657,73,259678
43878,0.000478,172.31.40.0-255,66,35723,73,259678
43879,0.000486,172.217.194.0-255,2902,38625,73,259678
43880,0.000489,172.31.40.0-255,66,38691,73,259678
43881,0.00052,172.217.194.0-255,2902,41593,73,259678
43882,0.000522,172.31.40.0-255,66,41659,73,259678
43883,0.000529,172.217.194.0-255,6797,48456,73,259678
43884,0.000531,172.31.40.0-255,66,48522,73,259678
43885,0.000542,172.217.194.0-255,7156,55678,73,259678
43886,0.000544,172.31.40.0-255,66,55744,73,259678
43887,0.000547,172.217.194.0-255,1484,57228,73,259678
43888,0.000549,172.31.40.0-255,66,57294,73,259678
43889,0.00059,172.31.40.0-255,66,57360,73,259678
43890,0.001026,172.217.194.0-255,647,58007,73,259678
43891,0.001188,172.217.194.0-255,1484,59491,73,259678
43892,0.001193,172.31.40.0-255,66,59557,73,259678
43893,0.001225,172.217.194.0-255,2902,62459,73,259678
43894,0.001228,172.31.40.0-255,66,62525,73,259678
43895,0.001231,172.217.194.0-255,1484,64009,73,259678
43896,0.001261,172.217.194.0-255,4320,68329,73,259678
43897,0.001263,172.31.40.0-255,66,68395,73,259678
43898,0.001275,172.31.40.0-255,66,68461,73,259678
43899,0.001306,172.217.194.0-255,2902,71363,73,259678
43900,0.001308,172.31.40.0-255,66,71429,73,259678
43901,0.001325,172.31.40.0-255,66,71495,73,259678
43902,0.001329,172.217.194.0-255,1484,72979,73,259678
43903,0.001333,172.217.194.0-255,2902,75881,73,259678
43904,0.001335,172.31.40.0-255,66,75947,73,259678
43905,0.001341,172.217.194.0-255,5738,81685,73,259678
43906,0.001343,172.31.40.0-255,66,81751,73,259678
43907,0.001381,172.31.40.0-255,66,81817,73,259678
43908,0.001387,172.217.194.0-255,4320,86137,73,259678
43909,0.001389,172.31.40.0-255,66,86203,73,259678
43910,0.001419,172.217.194.0-255,6438,92641,73,259678
43911,0.001421,172.31.40.0-255,66,92707,73,259678
43912,0.001577,172.217.194.0-255,1484,94191,73,259678
43913,0.001582,172.217.194.0-255,1484,95675,73,259678
43914,0.001587,172.31.40.0-255,66,95741,73,259678
43915,0.001617,172.217.194.0-255,1484,97225,73,259678
43916,0.001625,172.217.194.0-255,5738,102963,73,259678
43917,0.001627,172.31.40.0-255,66,103029,73,259678
43918,0.00164,172.31.40.0-255,66,103095,73,259678
43919,0.001667,172.217.194.0-255,2902,105997,73,259678
43920,0.00167,172.31.40.0-255,66,106063,73,259678
43921,0.001686,172.31.40.0-255,66,106129,73,259678
43922,0.001689,172.217.194.0-255,766,106895,73,259678
43923,0.002049,172.217.194.0-255,1484,108379,73,259678
43924,0.002054,172.31.40.0-255,66,108445,73,259678
43925,0.00206,172.217.194.0-255,2902,111347,73,259678
43926,0.002064,172.31.40.0-255,66,111413,73,259678
43927,0.002075,172.217.194.0-255,5738,117151,73,259678
43928,0.002078,172.31.40.0-255,66,117217,73,259678
43929,0.002085,172.217.194.0-255,7156,124373,73,259678
43930,0.002089,172.31.40.0-255,66,124439,73,259678
43931,0.002141,172.31.40.0-255,66,124505,73,259678
43932,0.002177,172.217.194.0-255,1484,125989,73,259678
43933,0.002182,172.217.194.0-255,2184,128173,73,259678
43934,0.002184,172.31.40.0-255,66,128239,73,259678
43935,0.002189,172.217.194.0-255,2902,131141,73,259678
43936,0.002191,172.31.40.0-255,66,131207,73,259678
43937,0.002199,172.217.194.0-255,7156,138363,73,259678
43938,0.002206,172.31.40.0-255,66,138429,73,259678
43939,0.002222,172.31.40.0-255,66,138495,73,259678
43940,0.002234,172.31.40.0-255,66,138561,73,259678
43941,0.002247,172.31.40.0-255,66,138627,73,259678
43942,0.002252,172.217.194.0-255,4320,142947,73,259678
43943,0.002255,172.31.40.0-255,66,143013,73,259678
43944,0.002294,172.217.194.0-255,7156,150169,73,259678
43945,0.002296,172.31.40.0-255,66,150235,73,259678
43946,0.002319,172.217.194.0-255,1484,151719,73,259678
43947,0.002336,172.217.194.0-255,5738,157457,73,259678
43948,0.002338,172.31.40.0-255,66,157523,73,259678
43949,0.002365,172.217.194.0-255,5020,162543,73,259678
43950,0.002367,172.31.40.0-255,66,162609,73,259678
43951,0.010567,172.31.40.0-255,66,162675,73,259678
43952,0.012248,172.217.194.0-255,1484,164159,73,259678
43953,0.01294,172.217.194.0-255,4320,168479,73,259678
43954,0.012948,172.31.40.0-255,66,168545,73,259678
43955,0.015345,172.217.194.0-255,5738,174283,73,259678
43956,0.015358,172.31.40.0-255,66,174349,73,259678
43957,0.01777,172.217.194.0-255,5738,180087,73,259678
43958,0.017784,172.31.40.0-255,66,180153,73,259678
43959,0.020173,172.217.194.0-255,5738,185891,73,259678
43960,0.020182,172.31.40.0-255,66,185957,73,259678
43961,0.022598,172.217.194.0-255,5738,191695,73,259678
43962,0.022605,172.31.40.0-255,66,191761,73,259678
43963,0.025051,172.217.194.0-255,5738,197499,73,259678
43964,0.02506,172.31.40.0-255,66,197565,73,259678
43965,0.02748,172.217.194.0-255,5738,203303,73,259678
43966,0.027497,172.31.40.0-255,66,203369,73,259678
43967,0.029923,172.217.194.0-255,5738,209107,73,259678
43968,0.029937,172.31.40.0-255,66,209173,73,259678
43969,0.032383,172.217.194.0-255,5738,214911,73,259678
43970,0.032391,172.31.40.0-255,66,214977,73,259678
43971,0.034795,172.217.194.0-255,5738,220715,73,259678
43972,0.034801,172.31.40.0-255,66,220781,73,259678
43973,0.037191,172.217.194.0-255,5738,226519,73,259678
43974,0.037207,172.31.40.0-255,66,226585,73,259678
43975,0.039614,172.217.194.0-255,5738,232323,73,259678
43976,0.039627,172.31.40.0-255,66,232389,73,259678
43977,0.042055,172.217.194.0-255,5738,238127,73,259678
43978,0.042074,172.31.40.0-255,66,238193,73,259678
43979,0.044462,172.217.194.0-255,4320,242513,73,259678
43980,0.044468,172.31.40.0-255,66,242579,73,259678
43981,0.044501,172.217.194.0-255,1484,244063,73,259678
43982,0.04538,172.31.40.0-255,172,244235,73,259678
43983,0.045412,172.31.40.0-255,1111,245346,73,259678
43984,0.045476,172.31.40.0-255,1514,246860,73,259678
43985,0.045478,172.31.40.0-255,1514,248374,73,259678
43986,0.0455,172.31.40.0-255,850,249224,73,259678
43987,0.046917,172.217.194.0-255,4320,253544,73,259678
43988,0.046925,172.31.40.0-255,66,253610,73,259678
43989,0.046959,104.244.42.0-255,66,253676,73,259678
43990,0.046979,104.244.42.0-255,66,253742,73,259678
43991,0.047037,104.244.42.0-255,66,253808,73,259678
43992,0.047041,104.244.42.0-255,66,253874,73,259678
43993,0.049313,172.217.194.0-255,5738,259612,73,259678
43994,0.04933,172.31.40.0-255,66,259678,73,259678
43995,0.0,172.217.194.0-255,153,153,73,293571
43996,2.1e-05,172.31.40.0-255,66,219,73,293571
43997,2.7e-05,172.217.194.0-255,1484,1703,73,293571
43998,3.1e-05,172.31.40.0-255,66,1769,73,293571
43999,3.7e-05,172.217.194.0-255,2902,4671,73,293571
44000,4.6e-05,172.31.40.0-255,66,4737,73,293571
44001,5.3e-05,172.217.194.0-255,7156,11893,73,293571
44002,5.6e-05,172.31.40.0-255,66,11959,73,293571
44003,6e-05,172.217.194.0-255,1984,13943,73,293571
44004,6.2e-05,172.31.40.0-255,66,14009,73,293571
44005,9.2e-05,172.217.194.0-255,7156,21165,73,293571
44006,9.5e-05,172.31.40.0-255,66,21231,73,293571
44007,0.000119,172.217.194.0-255,4320,25551,73,293571
44008,0.000122,172.31.40.0-255,66,25617,73,293571
44009,0.000127,172.217.194.0-255,5379,30996,73,293571
44010,0.000129,172.31.40.0-255,66,31062,73,293571
44011,0.000186,172.217.194.0-255,1484,32546,73,293571
44012,0.000188,172.31.40.0-255,66,32612,73,293571
44013,0.000193,172.217.194.0-255,2902,35514,73,293571
44014,0.000194,172.31.40.0-255,66,35580,73,293571
44015,0.00023,172.217.194.0-255,5738,41318,73,293571
44016,0.000233,172.31.40.0-255,66,41384,73,293571
44017,0.000237,172.217.194.0-255,4320,45704,73,293571
44018,0.000239,172.31.40.0-255,66,45770,73,293571
44019,0.000243,172.217.194.0-255,2902,48672,73,293571
44020,0.000244,172.31.40.0-255,66,48738,73,293571
44021,0.000265,172.31.40.0-255,66,48804,73,293571
44022,0.000274,172.217.194.0-255,5738,54542,73,293571
44023,0.000276,172.31.40.0-255,66,54608,73,293571
44024,0.000302,172.217.194.0-255,2184,56792,73,293571
44025,0.000304,172.31.40.0-255,66,56858,73,293571
44026,0.000324,172.217.194.0-255,676,57534,73,293571
44027,0.000396,172.217.194.0-255,1484,59018,73,293571
44028,0.0004,172.31.40.0-255,66,59084,73,293571
44029,0.000405,172.217.194.0-255,2902,61986,73,293571
44030,0.000406,172.31.40.0-255,66,62052,73,293571
44031,0.000435,172.217.194.0-255,5738,67790,73,293571
44032,0.000437,172.31.40.0-255,66,67856,73,293571
44033,0.000468,172.31.40.0-255,66,67922,73,293571
44034,0.000496,172.217.194.0-255,2902,70824,73,293571
44035,0.000498,172.31.40.0-255,66,70890,73,293571
44036,0.000508,172.31.40.0-255,66,70956,73,293571
44037,0.000514,172.217.194.0-255,766,71722,73,293571
44038,0.000741,172.217.194.0-255,1484,73206,73,293571
44039,0.000747,172.217.194.0-255,2902,76108,73,293571
44040,0.000752,172.31.40.0-255,66,76174,73,293571
44041,0.000756,172.31.40.0-255,66,76240,73,293571
44042,0.000785,172.217.194.0-255,5738,81978,73,293571
44043,0.000788,172.31.40.0-255,66,82044,73,293571
44044,0.000793,172.217.194.0-255,4320,86364,73,293571
44045,0.000795,172.31.40.0-255,66,86430,73,293571
44046,0.000856,172.31.40.0-255,66,86496,73,293571
44047,0.000863,172.217.194.0-255,5738,92234,73,293571
44048,0.000865,172.31.40.0-255,66,92300,73,293571
44049,0.000888,172.217.194.0-255,2184,94484,73,293571
44050,0.000894,172.31.40.0-255,66,94550,73,293571
44051,0.000968,172.217.194.0-255,1484,96034,73,293571
44052,0.000972,172.217.194.0-255,1484,97518,73,293571
44053,0.000975,172.31.40.0-255,66,97584,73,293571
44054,0.001,172.217.194.0-255,1484,99068,73,293571
44055,0.001006,172.217.194.0-255,5738,104806,73,293571
44056,0.001009,172.31.40.0-255,66,104872,73,293571
44057,0.00105,172.31.40.0-255,66,104938,73,293571
44058,0.001057,172.217.194.0-255,7156,112094,73,293571
44059,0.001059,172.31.40.0-255,66,112160,73,293571
44060,0.001108,172.217.194.0-255,6438,118598,73,293571
44061,0.001111,172.31.40.0-255,66,118664,73,293571
44062,0.001116,172.217.194.0-255,2902,121566,73,293571
44063,0.001118,172.31.40.0-255,66,121632,73,293571
44064,0.00115,172.217.194.0-255,4320,125952,73,293571
44065,0.001153,172.31.40.0-255,66,126018,73,293571
44066,0.00116,172.217.194.0-255,7156,133174,73,293571
44067,0.001162,172.31.40.0-255,66,133240,73,293571
44068,0.001167,172.217.194.0-255,4320,137560,73,293571
44069,0.00117,172.31.40.0-255,66,137626,73,293571
44070,0.001196,172.217.194.0-255,4320,141946,73,293571
44071,0.001198,172.31.40.0-255,66,142012,73,293571
44072,0.001209,172.31.40.0-255,66,142078,73,293571
44073,0.002069,172.217.194.0-255,1484,143562,73,293571
44074,0.002073,172.217.194.0-255,1484,145046,73,293571
44075,0.002077,172.31.40.0-255,66,145112,73,293571
44076,0.002101,172.217.194.0-255,1484,146596,73,293571
44077,0.002106,172.217.194.0-255,2902,149498,73,293571
44078,0.002109,172.31.40.0-255,66,149564,73,293571
44079,0.002134,172.217.194.0-255,2902,152466,73,293571
44080,0.002136,172.31.40.0-255,66,152532,73,293571
44081,0.00214,172.217.194.0-255,1484,154016,73,293571
44082,0.002147,172.217.194.0-255,7156,161172,73,293571
44083,0.002149,172.31.40.0-255,66,161238,73,293571
44084,0.002177,172.217.194.0-255,1484,162722,73,293571
44085,0.002191,172.31.40.0-255,66,162788,73,293571
44086,0.002225,172.217.194.0-255,2184,164972,73,293571
44087,0.002228,172.31.40.0-255,66,165038,73,293571
44088,0.004434,172.217.194.0-255,2902,167940,73,293571
44089,0.004441,172.31.40.0-255,66,168006,73,293571
44090,0.004468,172.217.194.0-255,2902,170908,73,293571
44091,0.00447,172.31.40.0-255,66,170974,73,293571
44092,0.006671,172.217.194.0-255,2902,173876,73,293571
44093,0.006674,172.31.40.0-255,66,173942,73,293571
44094,0.006709,172.217.194.0-255,2902,176844,73,293571
44095,0.006711,172.31.40.0-255,66,176910,73,293571
44096,0.008912,172.217.194.0-255,2902,179812,73,293571
44097,0.008917,172.31.40.0-255,66,179878,73,293571
44098,0.008964,172.217.194.0-255,2902,182780,73,293571
44099,0.008967,172.31.40.0-255,66,182846,73,293571
44100,0.011167,172.217.194.0-255,2902,185748,73,293571
44101,0.011175,172.31.40.0-255,66,185814,73,293571
44102,0.011205,172.217.194.0-255,2902,188716,73,293571
44103,0.011207,172.31.40.0-255,66,188782,73,293571
44104,0.013389,172.217.194.0-255,2902,191684,73,293571
44105,0.013395,172.31.40.0-255,66,191750,73,293571
44106,0.013424,172.217.194.0-255,2902,194652,73,293571
44107,0.013427,172.31.40.0-255,66,194718,73,293571
44108,0.015666,172.217.194.0-255,5738,200456,73,293571
44109,0.015685,172.31.40.0-255,66,200522,73,293571
44110,0.017938,172.217.194.0-255,5738,206260,73,293571
44111,0.017953,172.31.40.0-255,66,206326,73,293571
44112,0.020208,172.217.194.0-255,5738,212064,73,293571
44113,0.020218,172.31.40.0-255,66,212130,73,293571
44114,0.022494,172.217.194.0-255,5738,217868,73,293571
44115,0.022502,172.31.40.0-255,66,217934,73,293571
44116,0.024772,172.217.194.0-255,5738,223672,73,293571
44117,0.024781,172.31.40.0-255,66,223738,73,293571
44118,0.027097,172.217.194.0-255,5738,229476,73,293571
44119,0.02711,172.31.40.0-255,66,229542,73,293571
44120,0.029363,172.217.194.0-255,5738,235280,73,293571
44121,0.029373,172.31.40.0-255,66,235346,73,293571
44122,0.03164,172.217.194.0-255,5738,241084,73,293571
44123,0.03165,172.31.40.0-255,66,241150,73,293571
44124,0.033298,172.31.40.0-255,172,241322,73,293571
44125,0.033333,172.31.40.0-255,1115,242437,73,293571
44126,0.033406,172.31.40.0-255,1514,243951,73,293571
44127,0.033408,172.31.40.0-255,1514,245465,73,293571
44128,0.033411,172.31.40.0-255,1410,246875,73,293571
44129,0.033906,172.217.194.0-255,5738,252613,73,293571
44130,0.033915,172.31.40.0-255,66,252679,73,293571
44131,0.034847,104.244.42.0-255,66,252745,73,293571
44132,0.034915,104.244.42.0-255,66,252811,73,293571
44133,0.035031,104.244.42.0-255,66,252877,73,293571
44134,0.035038,104.244.42.0-255,66,252943,73,293571
44135,0.036213,172.217.194.0-255,5738,258681,73,293571
44136,0.036221,172.31.40.0-255,66,258747,73,293571
44137,0.038497,172.217.194.0-255,5738,264485,73,293571
44138,0.038505,172.31.40.0-255,66,264551,73,293571
44139,0.040786,172.217.194.0-255,5738,270289,73,293571
44140,0.040797,172.31.40.0-255,66,270355,73,293571
44141,0.04308,172.217.194.0-255,5738,276093,73,293571
44142,0.043087,172.31.40.0-255,66,276159,73,293571
44143,0.045318,172.217.194.0-255,5738,281897,73,293571
44144,0.045325,172.31.40.0-255,66,281963,73,293571
44145,0.047614,172.217.194.0-255,5738,287701,73,293571
44146,0.04762,172.31.40.0-255,66,287767,73,293571
44147,0.049885,172.217.194.0-255,5738,293505,73,293571
44148,0.049891,172.31.40.0-255,66,293571,73,293571
44149,0.0,74.125.130.0-255,151,151,73,227309
44150,2e-05,172.31.40.0-255,66,217,73,227309
44151,2.7e-05,74.125.130.0-255,1484,1701,73,227309
44152,3.2e-05,172.31.40.0-255,66,1767,73,227309
44153,3.8e-05,74.125.130.0-255,2902,4669,73,227309
44154,4.1e-05,172.31.40.0-255,66,4735,73,227309
44155,4.6e-05,74.125.130.0-255,2902,7637,73,227309
44156,4.9e-05,172.31.40.0-255,66,7703,73,227309
44157,5.4e-05,74.125.130.0-255,4320,12023,73,227309
44158,5.7e-05,172.31.40.0-255,66,12089,73,227309
44159,7.5e-05,74.125.130.0-255,2135,14224,73,227309
44160,7.8e-05,172.31.40.0-255,66,14290,73,227309
44161,0.000362,74.125.130.0-255,1484,15774,73,227309
44162,0.000367,172.31.40.0-255,66,15840,73,227309
44163,0.000373,74.125.130.0-255,2902,18742,73,227309
44164,0.000376,172.31.40.0-255,66,18808,73,227309
44165,0.000381,74.125.130.0-255,2902,21710,73,227309
44166,0.000382,172.31.40.0-255,66,21776,73,227309
44167,0.000413,74.125.130.0-255,4320,26096,73,227309
44168,0.000416,172.31.40.0-255,66,26162,73,227309
44169,0.000437,74.125.130.0-255,5379,31541,73,227309
44170,0.00044,172.31.40.0-255,66,31607,73,227309
44171,0.000479,74.125.130.0-255,1484,33091,73,227309
44172,0.000482,172.31.40.0-255,66,33157,73,227309
44173,0.000503,74.125.130.0-255,2902,36059,73,227309
44174,0.000506,172.31.40.0-255,66,36125,73,227309
44175,0.000511,74.125.130.0-255,4320,40445,73,227309
44176,0.000513,172.31.40.0-255,66,40511,73,227309
44177,0.000525,74.125.130.0-255,1484,41995,73,227309
44178,0.000527,172.31.40.0-255,66,42061,73,227309
44179,0.00059,74.125.130.0-255,6797,48858,73,227309
44180,0.000595,172.31.40.0-255,66,48924,73,227309
44181,0.00071,74.125.130.0-255,1484,50408,73,227309
44182,0.000714,74.125.130.0-255,1484,51892,73,227309
44183,0.000726,172.31.40.0-255,66,51958,73,227309
44184,0.00073,74.125.130.0-255,1484,53442,73,227309
44185,0.000739,74.125.130.0-255,5738,59180,73,227309
44186,0.000763,172.31.40.0-255,66,59246,73,227309
44187,0.000773,74.125.130.0-255,2902,62148,73,227309
44188,0.000779,172.31.40.0-255,66,62214,73,227309
44189,0.00079,74.125.130.0-255,4256,66470,73,227309
44190,0.000811,172.31.40.0-255,66,66536,73,227309
44191,0.000924,74.125.130.0-255,382,66918,73,227309
44192,0.001122,74.125.130.0-255,1484,68402,73,227309
44193,0.001126,172.31.40.0-255,66,68468,73,227309
44194,0.001132,74.125.130.0-255,2902,71370,73,227309
44195,0.001138,74.125.130.0-255,5738,77108,73,227309
44196,0.001157,172.31.40.0-255,66,77174,73,227309
44197,0.001169,74.125.130.0-255,6797,83971,73,227309
44198,0.001177,172.31.40.0-255,66,84037,73,227309
44199,0.001201,74.125.130.0-255,4320,88357,73,227309
44200,0.001214,172.31.40.0-255,66,88423,73,227309
44201,0.001219,74.125.130.0-255,2902,91325,73,227309
44202,0.001224,74.125.130.0-255,5738,97063,73,227309
44203,0.00123,172.31.40.0-255,66,97129,73,227309
44204,0.001283,74.125.130.0-255,3961,101090,73,227309
44205,0.00129,172.31.40.0-255,66,101156,73,227309
44206,0.003507,74.125.130.0-255,1484,102640,73,227309
44207,0.003538,74.125.130.0-255,4320,106960,73,227309
44208,0.003543,172.31.40.0-255,66,107026,73,227309
44209,0.005798,74.125.130.0-255,5738,112764,73,227309
44210,0.007421,172.31.40.0-255,66,112830,73,227309
44211,0.009708,74.125.130.0-255,5738,118568,73,227309
44212,0.009718,172.31.40.0-255,66,118634,73,227309
44213,0.011985,74.125.130.0-255,5738,124372,73,227309
44214,0.012677,172.31.40.0-255,66,124438,73,227309
44215,0.014952,74.125.130.0-255,5738,130176,73,227309
44216,0.014961,172.31.40.0-255,66,130242,73,227309
44217,0.017253,74.125.130.0-255,5738,135980,73,227309
44218,0.017267,172.31.40.0-255,66,136046,73,227309
44219,0.019534,74.125.130.0-255,5738,141784,73,227309
44220,0.019541,172.31.40.0-255,66,141850,73,227309
44221,0.021808,74.125.130.0-255,5738,147588,73,227309
44222,0.021818,172.31.40.0-255,66,147654,73,227309
44223,0.024092,74.125.130.0-255,2902,150556,73,227309
44224,0.024099,172.31.40.0-255,66,150622,73,227309
44225,0.024114,74.125.130.0-255,2902,153524,73,227309
44226,0.024281,172.31.40.0-255,172,153696,73,227309
44227,0.02431,172.31.40.0-255,1110,154806,73,227309
44228,0.024382,172.31.40.0-255,1514,156320,73,227309
44229,0.024384,172.31.40.0-255,1514,157834,73,227309
44230,0.024386,172.31.40.0-255,1514,159348,73,227309
44231,0.024411,172.31.40.0-255,1514,160862,73,227309
44232,0.024412,172.31.40.0-255,647,161509,73,227309
44233,0.024435,172.31.40.0-255,66,161575,73,227309
44234,0.025875,104.244.42.0-255,66,161641,73,227309
44235,0.025912,104.244.42.0-255,66,161707,73,227309
44236,0.025957,104.244.42.0-255,66,161773,73,227309
44237,0.025979,104.244.42.0-255,66,161839,73,227309
44238,0.02637,74.125.130.0-255,2902,164741,73,227309
44239,0.026375,172.31.40.0-255,66,164807,73,227309
44240,0.026684,104.244.42.0-255,108,164915,73,227309
44241,0.026698,172.31.40.0-255,66,164981,73,227309
44242,0.026709,74.125.130.0-255,2902,167883,73,227309
44243,0.026717,172.31.40.0-255,66,167949,73,227309
44244,0.02864,74.125.130.0-255,2902,170851,73,227309
44245,0.028646,172.31.40.0-255,66,170917,73,227309
44246,0.028979,74.125.130.0-255,2902,173819,73,227309
44247,0.028986,172.31.40.0-255,66,173885,73,227309
44248,0.030923,74.125.130.0-255,2902,176787,73,227309
44249,0.030929,172.31.40.0-255,66,176853,73,227309
44250,0.031237,74.125.130.0-255,2902,179755,73,227309
44251,0.031242,172.31.40.0-255,66,179821,73,227309
44252,0.033204,74.125.130.0-255,2902,182723,73,227309
44253,0.033211,172.31.40.0-255,66,182789,73,227309
44254,0.033503,74.125.130.0-255,2902,185691,73,227309
44255,0.03351,172.31.40.0-255,66,185757,73,227309
44256,0.035488,74.125.130.0-255,2902,188659,73,227309
44257,0.035495,172.31.40.0-255,66,188725,73,227309
44258,0.03577,74.125.130.0-255,2902,191627,73,227309
44259,0.035777,172.31.40.0-255,66,191693,73,227309
44260,0.037755,74.125.130.0-255,2902,194595,73,227309
44261,0.037761,172.31.40.0-255,66,194661,73,227309
44262,0.038034,74.125.130.0-255,2902,197563,73,227309
44263,0.038039,172.31.40.0-255,66,197629,73,227309
44264,0.040029,74.125.130.0-255,2902,200531,73,227309
44265,0.040035,172.31.40.0-255,66,200597,73,227309
44266,0.040297,74.125.130.0-255,2902,203499,73,227309
44267,0.040303,172.31.40.0-255,66,203565,73,227309
44268,0.042303,74.125.130.0-255,2902,206467,73,227309
44269,0.04231,172.31.40.0-255,66,206533,73,227309
44270,0.042561,74.125.130.0-255,2902,209435,73,227309
44271,0.043037,172.31.40.0-255,66,209501,73,227309
44272,0.044577,74.125.130.0-255,2902,212403,73,227309
44273,0.044584,172.31.40.0-255,66,212469,73,227309
44274,0.045306,74.125.130.0-255,2902,215371,73,227309
44275,0.045313,172.31.40.0-255,66,215437,73,227309
44276,0.04684,74.125.130.0-255,2902,218339,73,227309
44277,0.046846,172.31.40.0-255,66,218405,73,227309
44278,0.047565,74.125.130.0-255,2902,221307,73,227309
44279,0.047572,172.31.40.0-255,66,221373,73,227309
44280,0.049149,74.125.130.0-255,2902,224275,73,227309
44281,0.049155,172.31.40.0-255,66,224341,73,227309
44282,0.049829,74.125.130.0-255,2902,227243,73,227309
44283,0.049836,172.31.40.0-255,66,227309,73,227309
