,TIME,SRC,PACKET_SIZE,CUMULATIVE_PACKET_SIZE,PAGE_NUMBER,TOTAL_PACKET_SIZE
0,0.0,74.125.68.0-255,297,297,18,346270
1,2.9e-05,172.31.36.0-255,66,363,18,346270
2,0.000102,74.125.68.0-255,1484,1847,18,346270
3,0.000105,172.31.36.0-255,66,1913,18,346270
4,0.000111,74.125.68.0-255,2902,4815,18,346270
5,0.000114,172.31.36.0-255,66,4881,18,346270
6,0.00012,74.125.68.0-255,5738,10619,18,346270
7,0.000122,172.31.36.0-255,66,10685,18,346270
8,0.000127,74.125.68.0-255,3257,13942,18,346270
9,0.00013,172.31.36.0-255,66,14008,18,346270
10,0.000145,74.125.68.0-255,1484,15492,18,346270
11,0.000147,172.31.36.0-255,66,15558,18,346270
12,0.000159,74.125.68.0-255,2902,18460,18,346270
13,0.000161,172.31.36.0-255,66,18526,18,346270
14,0.000196,172.31.36.0-255,66,18592,18,346270
15,0.000223,74.125.68.0-255,2543,21135,18,346270
16,0.000226,172.31.36.0-255,66,21201,18,346270
17,0.000406,74.125.68.0-255,1484,22685,18,346270
18,0.00041,172.31.36.0-255,66,22751,18,346270
19,0.000416,74.125.68.0-255,2902,25653,18,346270
20,0.000418,172.31.36.0-255,66,25719,18,346270
21,0.000441,74.125.68.0-255,1484,27203,18,346270
22,0.000444,172.31.36.0-255,66,27269,18,346270
23,0.00045,74.125.68.0-255,2902,30171,18,346270
24,0.000452,172.31.36.0-255,66,30237,18,346270
25,0.000459,74.125.68.0-255,5738,35975,18,346270
26,0.000463,172.31.36.0-255,66,36041,18,346270
27,0.000481,74.125.68.0-255,2543,38584,18,346270
28,0.000484,172.31.36.0-255,66,38650,18,346270
29,0.000507,74.125.68.0-255,2902,41552,18,346270
30,0.00051,172.31.36.0-255,66,41618,18,346270
31,0.000538,74.125.68.0-255,4320,45938,18,346270
32,0.000544,172.31.36.0-255,66,46004,18,346270
33,0.000558,74.125.68.0-255,2902,48906,18,346270
34,0.000561,172.31.36.0-255,66,48972,18,346270
35,0.000596,74.125.68.0-255,2902,51874,18,346270
36,0.000602,172.31.36.0-255,66,51940,18,346270
37,0.000619,74.125.68.0-255,4269,56209,18,346270
38,0.000623,172.31.36.0-255,66,56275,18,346270
39,0.000662,74.125.68.0-255,111,56386,18,346270
40,0.000759,74.125.68.0-255,1484,57870,18,346270
41,0.000763,172.31.36.0-255,66,57936,18,346270
42,0.000767,74.125.68.0-255,1484,59420,18,346270
43,0.000783,74.125.68.0-255,1484,60904,18,346270
44,0.000785,172.31.36.0-255,66,60970,18,346270
45,0.000789,74.125.68.0-255,1484,62454,18,346270
46,0.000792,74.125.68.0-255,1484,63938,18,346270
47,0.000793,172.31.36.0-255,66,64004,18,346270
48,0.000806,74.125.68.0-255,1484,65488,18,346270
49,0.000819,74.125.68.0-255,2902,68390,18,346270
50,0.000821,172.31.36.0-255,66,68456,18,346270
51,0.000839,74.125.68.0-255,2902,71358,18,346270
52,0.000842,172.31.36.0-255,66,71424,18,346270
53,0.000847,74.125.68.0-255,4320,75744,18,346270
54,0.00085,172.31.36.0-255,66,75810,18,346270
55,0.000871,74.125.68.0-255,1484,77294,18,346270
56,0.000878,74.125.68.0-255,7156,84450,18,346270
57,0.000881,172.31.36.0-255,66,84516,18,346270
58,0.000885,74.125.68.0-255,2902,87418,18,346270
59,0.000887,172.31.36.0-255,66,87484,18,346270
60,0.000937,74.125.68.0-255,3602,91086,18,346270
61,0.00094,172.31.36.0-255,66,91152,18,346270
62,0.000976,74.125.68.0-255,332,91484,18,346270
63,0.001022,74.125.68.0-255,1484,92968,18,346270
64,0.001025,172.31.36.0-255,66,93034,18,346270
65,0.001028,74.125.68.0-255,1484,94518,18,346270
66,0.001055,74.125.68.0-255,1484,96002,18,346270
67,0.001058,172.31.36.0-255,66,96068,18,346270
68,0.001077,74.125.68.0-255,1484,97552,18,346270
69,0.001084,74.125.68.0-255,5738,103290,18,346270
70,0.001087,172.31.36.0-255,66,103356,18,346270
71,0.00109,74.125.68.0-255,1484,104840,18,346270
72,0.001105,74.125.68.0-255,2902,107742,18,346270
73,0.001108,172.31.36.0-255,66,107808,18,346270
74,0.001111,74.125.68.0-255,1484,109292,18,346270
75,0.001127,74.125.68.0-255,4320,113612,18,346270
76,0.001129,172.31.36.0-255,66,113678,18,346270
77,0.001155,74.125.68.0-255,7156,120834,18,346270
78,0.001158,172.31.36.0-255,66,120900,18,346270
79,0.001203,74.125.68.0-255,1484,122384,18,346270
80,0.001218,74.125.68.0-255,3602,125986,18,346270
81,0.001221,172.31.36.0-255,66,126052,18,346270
82,0.001648,74.125.68.0-255,1484,127536,18,346270
83,0.001657,74.125.68.0-255,2902,130438,18,346270
84,0.001662,172.31.36.0-255,66,130504,18,346270
85,0.001669,74.125.68.0-255,2902,133406,18,346270
86,0.001671,172.31.36.0-255,66,133472,18,346270
87,0.001693,74.125.68.0-255,2902,136374,18,346270
88,0.001695,172.31.36.0-255,66,136440,18,346270
89,0.001704,74.125.68.0-255,7156,143596,18,346270
90,0.001707,172.31.36.0-255,66,143662,18,346270
91,0.001738,172.31.36.0-255,66,143728,18,346270
92,0.001752,74.125.68.0-255,1484,145212,18,346270
93,0.001764,74.125.68.0-255,1484,146696,18,346270
94,0.001766,172.31.36.0-255,66,146762,18,346270
95,0.00178,74.125.68.0-255,2902,149664,18,346270
96,0.001783,172.31.36.0-255,66,149730,18,346270
97,0.001796,74.125.68.0-255,1484,151214,18,346270
98,0.001799,74.125.68.0-255,766,151980,18,346270
99,0.001801,172.31.36.0-255,66,152046,18,346270
100,0.002037,74.125.68.0-255,1484,153530,18,346270
101,0.002054,74.125.68.0-255,1484,155014,18,346270
102,0.002058,172.31.36.0-255,66,155080,18,346270
103,0.002064,74.125.68.0-255,2902,157982,18,346270
104,0.002066,172.31.36.0-255,66,158048,18,346270
105,0.002079,74.125.68.0-255,1484,159532,18,346270
106,0.002097,74.125.68.0-255,4320,163852,18,346270
107,0.002101,172.31.36.0-255,66,163918,18,346270
108,0.002152,74.125.68.0-255,1484,165402,18,346270
109,0.00217,74.125.68.0-255,7156,172558,18,346270
110,0.002174,172.31.36.0-255,66,172624,18,346270
111,0.002186,172.31.36.0-255,66,172690,18,346270
112,0.002191,74.125.68.0-255,3602,176292,18,346270
113,0.002194,172.31.36.0-255,66,176358,18,346270
114,0.002199,74.125.68.0-255,4320,180678,18,346270
115,0.002201,172.31.36.0-255,66,180744,18,346270
116,0.002204,74.125.68.0-255,1484,182228,18,346270
117,0.00224,172.31.36.0-255,66,182294,18,346270
118,0.002245,74.125.68.0-255,4320,186614,18,346270
119,0.002247,172.31.36.0-255,66,186680,18,346270
120,0.002269,74.125.68.0-255,5738,192418,18,346270
121,0.002272,172.31.36.0-255,66,192484,18,346270
122,0.002305,172.31.36.0-255,66,192550,18,346270
123,0.00232,74.125.68.0-255,1484,194034,18,346270
124,0.002341,74.125.68.0-255,2902,196936,18,346270
125,0.002344,172.31.36.0-255,66,197002,18,346270
126,0.002365,74.125.68.0-255,5738,202740,18,346270
127,0.002368,172.31.36.0-255,66,202806,18,346270
128,0.002378,74.125.68.0-255,2902,205708,18,346270
129,0.00238,172.31.36.0-255,66,205774,18,346270
130,0.002398,74.125.68.0-255,5738,211512,18,346270
131,0.002401,172.31.36.0-255,66,211578,18,346270
132,0.002414,172.31.36.0-255,66,211644,18,346270
133,0.002418,74.125.68.0-255,2902,214546,18,346270
134,0.00242,172.31.36.0-255,66,214612,18,346270
135,0.002435,74.125.68.0-255,2184,216796,18,346270
136,0.002437,172.31.36.0-255,66,216862,18,346270
137,0.002443,74.125.68.0-255,4320,221182,18,346270
138,0.002446,172.31.36.0-255,66,221248,18,346270
139,0.002467,74.125.68.0-255,1484,222732,18,346270
140,0.002478,172.31.36.0-255,66,222798,18,346270
141,0.002483,74.125.68.0-255,4320,227118,18,346270
142,0.002489,172.31.36.0-255,66,227184,18,346270
143,0.002498,74.125.68.0-255,2902,230086,18,346270
144,0.0025,172.31.36.0-255,66,230152,18,346270
145,0.002528,172.31.36.0-255,66,230218,18,346270
146,0.002548,74.125.68.0-255,4320,234538,18,346270
147,0.00255,172.31.36.0-255,66,234604,18,346270
148,0.002577,74.125.68.0-255,3602,238206,18,346270
149,0.00258,172.31.36.0-255,66,238272,18,346270
150,0.002585,74.125.68.0-255,4320,242592,18,346270
151,0.002588,172.31.36.0-255,66,242658,18,346270
152,0.005021,74.125.68.0-255,1484,244142,18,346270
153,0.005043,74.125.68.0-255,4320,248462,18,346270
154,0.005048,172.31.36.0-255,66,248528,18,346270
155,0.007515,74.125.68.0-255,2902,251430,18,346270
156,0.007518,172.31.36.0-255,66,251496,18,346270
157,0.007535,74.125.68.0-255,2902,254398,18,346270
158,0.007536,172.31.36.0-255,66,254464,18,346270
159,0.00997,74.125.68.0-255,5738,260202,18,346270
160,0.009975,172.31.36.0-255,66,260268,18,346270
161,0.012442,74.125.68.0-255,5738,266006,18,346270
162,0.012449,172.31.36.0-255,66,266072,18,346270
163,0.015072,74.125.68.0-255,5738,271810,18,346270
164,0.015079,172.31.36.0-255,66,271876,18,346270
165,0.017532,74.125.68.0-255,5738,277614,18,346270
166,0.017541,172.31.36.0-255,66,277680,18,346270
167,0.02002,74.125.68.0-255,5738,283418,18,346270
168,0.02003,172.31.36.0-255,66,283484,18,346270
169,0.022499,74.125.68.0-255,2902,286386,18,346270
170,0.022506,172.31.36.0-255,66,286452,18,346270
171,0.022542,74.125.68.0-255,2902,289354,18,346270
172,0.022546,172.31.36.0-255,66,289420,18,346270
173,0.024978,74.125.68.0-255,2902,292322,18,346270
174,0.024986,172.31.36.0-255,66,292388,18,346270
175,0.025055,74.125.68.0-255,2902,295290,18,346270
176,0.02506,172.31.36.0-255,66,295356,18,346270
177,0.027457,74.125.68.0-255,2902,298258,18,346270
178,0.027464,172.31.36.0-255,66,298324,18,346270
179,0.027495,74.125.68.0-255,1484,299808,18,346270
180,0.027511,74.125.68.0-255,1484,301292,18,346270
181,0.027515,172.31.36.0-255,66,301358,18,346270
182,0.029939,74.125.68.0-255,1484,302842,18,346270
183,0.029956,74.125.68.0-255,1484,304326,18,346270
184,0.02996,172.31.36.0-255,66,304392,18,346270
185,0.029978,74.125.68.0-255,2902,307294,18,346270
186,0.029981,172.31.36.0-255,66,307360,18,346270
187,0.032318,172.31.36.0-255,172,307532,18,346270
188,0.03235,172.31.36.0-255,1116,308648,18,346270
189,0.032404,172.31.36.0-255,1514,310162,18,346270
190,0.032406,172.31.36.0-255,1283,311445,18,346270
191,0.032408,74.125.68.0-255,2902,314347,18,346270
192,0.032412,172.31.36.0-255,66,314413,18,346270
193,0.032441,74.125.68.0-255,2902,317315,18,346270
194,0.032444,172.31.36.0-255,66,317381,18,346270
195,0.033991,104.244.42.0-255,66,317447,18,346270
196,0.033998,104.244.42.0-255,66,317513,18,346270
197,0.034106,104.244.42.0-255,66,317579,18,346270
198,0.034848,74.125.68.0-255,2902,320481,18,346270
199,0.034852,172.31.36.0-255,66,320547,18,346270
200,0.034898,74.125.68.0-255,2902,323449,18,346270
201,0.034901,172.31.36.0-255,66,323515,18,346270
202,0.037299,74.125.68.0-255,2902,326417,18,346270
203,0.037304,172.31.36.0-255,66,326483,18,346270
204,0.037343,74.125.68.0-255,2902,329385,18,346270
205,0.037346,172.31.36.0-255,66,329451,18,346270
206,0.039803,74.125.68.0-255,5738,335189,18,346270
207,0.039809,172.31.36.0-255,66,335255,18,346270
208,0.042264,74.125.68.0-255,5738,340993,18,346270
209,0.04227,172.31.36.0-255,66,341059,18,346270
210,0.044725,74.125.68.0-255,4974,346033,18,346270
211,0.04473,172.31.36.0-255,66,346099,18,346270
212,0.044912,172.31.36.0-255,105,346204,18,346270
213,0.047336,74.125.68.0-255,66,346270,18,346270
214,0.0,74.125.24.0-255,153,153,18,270134
215,3e-05,74.125.24.0-255,1484,1637,18,270134
216,4.1e-05,172.31.36.0-255,66,1703,18,270134
217,4.9e-05,74.125.24.0-255,2902,4605,18,270134
218,5.2e-05,172.31.36.0-255,66,4671,18,270134
219,5.9e-05,74.125.24.0-255,7156,11827,18,270134
220,6.2e-05,172.31.36.0-255,66,11893,18,270134
221,6.6e-05,74.125.24.0-255,1484,13377,18,270134
222,0.000107,172.31.36.0-255,66,13443,18,270134
223,0.00011,74.125.24.0-255,1484,14927,18,270134
224,0.000128,74.125.24.0-255,3961,18888,18,270134
225,0.000131,172.31.36.0-255,66,18954,18,270134
226,0.000172,74.125.24.0-255,1484,20438,18,270134
227,0.000177,74.125.24.0-255,2902,23340,18,270134
228,0.00018,172.31.36.0-255,66,23406,18,270134
229,0.000201,74.125.24.0-255,5738,29144,18,270134
230,0.000204,172.31.36.0-255,66,29210,18,270134
231,0.000223,74.125.24.0-255,7156,36366,18,270134
232,0.000226,172.31.36.0-255,66,36432,18,270134
233,0.000238,74.125.24.0-255,4320,40752,18,270134
234,0.000241,172.31.36.0-255,66,40818,18,270134
235,0.000268,74.125.24.0-255,4320,45138,18,270134
236,0.000271,172.31.36.0-255,66,45204,18,270134
237,0.000293,172.31.36.0-255,66,45270,18,270134
238,0.000341,74.125.24.0-255,129,45399,18,270134
239,0.000825,74.125.24.0-255,342,45741,18,270134
240,0.000856,172.31.36.0-255,66,45807,18,270134
241,0.000928,74.125.24.0-255,1484,47291,18,270134
242,0.000937,74.125.24.0-255,2902,50193,18,270134
243,0.00094,172.31.36.0-255,66,50259,18,270134
244,0.000945,74.125.24.0-255,2902,53161,18,270134
245,0.000948,172.31.36.0-255,66,53227,18,270134
246,0.000962,74.125.24.0-255,2902,56129,18,270134
247,0.000965,172.31.36.0-255,66,56195,18,270134
248,0.000976,74.125.24.0-255,1484,57679,18,270134
249,0.001007,172.31.36.0-255,66,57745,18,270134
250,0.001048,74.125.24.0-255,2902,60647,18,270134
251,0.001051,172.31.36.0-255,66,60713,18,270134
252,0.001084,172.31.36.0-255,66,60779,18,270134
253,0.001313,74.125.24.0-255,1484,62263,18,270134
254,0.001321,74.125.24.0-255,2902,65165,18,270134
255,0.001326,172.31.36.0-255,66,65231,18,270134
256,0.001346,74.125.24.0-255,1484,66715,18,270134
257,0.001366,74.125.24.0-255,4320,71035,18,270134
258,0.00137,172.31.36.0-255,66,71101,18,270134
259,0.001383,74.125.24.0-255,1484,72585,18,270134
260,0.001389,74.125.24.0-255,2902,75487,18,270134
261,0.001391,172.31.36.0-255,66,75553,18,270134
262,0.001419,74.125.24.0-255,4320,79873,18,270134
263,0.001422,172.31.36.0-255,66,79939,18,270134
264,0.001431,74.125.24.0-255,7156,87095,18,270134
265,0.001433,172.31.36.0-255,66,87161,18,270134
266,0.001456,74.125.24.0-255,1484,88645,18,270134
267,0.001461,74.125.24.0-255,4320,92965,18,270134
268,0.001464,172.31.36.0-255,66,93031,18,270134
269,0.001489,74.125.24.0-255,2184,95215,18,270134
270,0.001492,172.31.36.0-255,66,95281,18,270134
271,0.001812,74.125.24.0-255,1484,96765,18,270134
272,0.00182,74.125.24.0-255,2902,99667,18,270134
273,0.001825,172.31.36.0-255,66,99733,18,270134
274,0.001832,74.125.24.0-255,5738,105471,18,270134
275,0.001835,172.31.36.0-255,66,105537,18,270134
276,0.001854,74.125.24.0-255,5738,111275,18,270134
277,0.001857,172.31.36.0-255,66,111341,18,270134
278,0.001879,74.125.24.0-255,7156,118497,18,270134
279,0.001881,172.31.36.0-255,66,118563,18,270134
280,0.001904,74.125.24.0-255,4320,122883,18,270134
281,0.001906,172.31.36.0-255,66,122949,18,270134
282,0.001946,74.125.24.0-255,4320,127269,18,270134
283,0.001949,172.31.36.0-255,66,127335,18,270134
284,0.001966,74.125.24.0-255,2184,129519,18,270134
285,0.001968,172.31.36.0-255,66,129585,18,270134
286,0.002243,74.125.24.0-255,1484,131069,18,270134
287,0.002254,74.125.24.0-255,1484,132553,18,270134
288,0.002256,172.31.36.0-255,66,132619,18,270134
289,0.002276,74.125.24.0-255,1484,134103,18,270134
290,0.002283,74.125.24.0-255,5738,139841,18,270134
291,0.002286,172.31.36.0-255,66,139907,18,270134
292,0.00229,74.125.24.0-255,2902,142809,18,270134
293,0.002292,172.31.36.0-255,66,142875,18,270134
294,0.002308,74.125.24.0-255,5738,148613,18,270134
295,0.00231,172.31.36.0-255,66,148679,18,270134
296,0.002328,74.125.24.0-255,4320,152999,18,270134
297,0.00233,172.31.36.0-255,66,153065,18,270134
298,0.002336,74.125.24.0-255,5738,158803,18,270134
299,0.002338,172.31.36.0-255,66,158869,18,270134
300,0.002362,74.125.24.0-255,2902,161771,18,270134
301,0.002364,172.31.36.0-255,66,161837,18,270134
302,0.002375,74.125.24.0-255,5738,167575,18,270134
303,0.002378,172.31.36.0-255,66,167641,18,270134
304,0.002408,172.31.36.0-255,66,167707,18,270134
305,0.002412,74.125.24.0-255,2902,170609,18,270134
306,0.002414,172.31.36.0-255,66,170675,18,270134
307,0.002439,172.31.36.0-255,66,170741,18,270134
308,0.002472,74.125.24.0-255,2184,172925,18,270134
309,0.002474,172.31.36.0-255,66,172991,18,270134
310,0.002514,74.125.24.0-255,1484,174475,18,270134
311,0.002527,74.125.24.0-255,3602,178077,18,270134
312,0.002901,74.125.24.0-255,1484,179561,18,270134
313,0.002936,74.125.24.0-255,2902,182463,18,270134
314,0.002942,74.125.24.0-255,5738,188201,18,270134
315,0.003012,74.125.24.0-255,7156,195357,18,270134
316,0.003014,74.125.24.0-255,1484,196841,18,270134
317,0.003028,74.125.24.0-255,2902,199743,18,270134
318,0.003032,172.31.36.0-255,78,199821,18,270134
319,0.003034,74.125.24.0-255,1484,201305,18,270134
320,0.003037,172.31.36.0-255,78,201383,18,270134
321,0.003065,172.31.36.0-255,78,201461,18,270134
322,0.003081,74.125.24.0-255,5020,206481,18,270134
323,0.003217,74.125.24.0-255,1484,207965,18,270134
324,0.003241,74.125.24.0-255,2902,210867,18,270134
325,0.003243,74.125.24.0-255,1484,212351,18,270134
326,0.003266,74.125.24.0-255,4320,216671,18,270134
327,0.003285,74.125.24.0-255,2902,219573,18,270134
328,0.003292,74.125.24.0-255,7156,226729,18,270134
329,0.003307,74.125.24.0-255,1484,228213,18,270134
330,0.00333,74.125.24.0-255,2184,230397,18,270134
331,0.004532,74.125.24.0-255,1484,231881,18,270134
332,0.004545,74.125.24.0-255,2902,234783,18,270134
333,0.004574,74.125.24.0-255,4320,239103,18,270134
334,0.004583,74.125.24.0-255,1484,240587,18,270134
335,0.0046,74.125.24.0-255,5738,246325,18,270134
336,0.00462,74.125.24.0-255,7156,253481,18,270134
337,0.004623,74.125.24.0-255,1484,254965,18,270134
338,0.004685,74.125.24.0-255,6581,261546,18,270134
339,0.004688,74.125.24.0-255,97,261643,18,270134
340,0.004699,74.125.24.0-255,105,261748,18,270134
341,0.005964,172.31.36.0-255,66,261814,18,270134
342,0.008562,172.31.36.0-255,105,261919,18,270134
343,0.010587,74.125.24.0-255,66,261985,18,270134
344,0.031439,172.31.36.0-255,172,262157,18,270134
345,0.031468,172.31.36.0-255,1115,263272,18,270134
346,0.031514,172.31.36.0-255,1514,264786,18,270134
347,0.031516,172.31.36.0-255,1514,266300,18,270134
348,0.031517,172.31.36.0-255,1514,267814,18,270134
349,0.031519,172.31.36.0-255,1514,269328,18,270134
350,0.03152,172.31.36.0-255,542,269870,18,270134
351,0.033006,104.244.42.0-255,66,269936,18,270134
352,0.033015,104.244.42.0-255,66,270002,18,270134
353,0.033078,104.244.42.0-255,66,270068,18,270134
354,0.033081,104.244.42.0-255,66,270134,18,270134
355,0.0,172.217.194.0-255,630,630,18,1022
356,0.001254,172.217.194.0-255,97,727,18,1022
357,0.001265,172.31.36.0-255,66,793,18,1022
358,0.003712,172.217.194.0-255,66,859,18,1022
359,0.008202,172.31.36.0-255,97,956,18,1022
360,0.015052,172.217.194.0-255,66,1022,18,1022
361,0.0,172.217.24.0-255,146,146,18,326074
362,2.4e-05,172.31.36.0-255,66,212,18,326074
363,3.2e-05,172.217.24.0-255,1484,1696,18,326074
364,3.8e-05,172.31.36.0-255,66,1762,18,326074
365,5.3e-05,172.217.24.0-255,2902,4664,18,326074
366,5.7e-05,172.31.36.0-255,66,4730,18,326074
367,6.4e-05,172.217.24.0-255,5738,10468,18,326074
368,6.8e-05,172.31.36.0-255,66,10534,18,326074
369,0.000101,172.217.24.0-255,3492,14026,18,326074
370,0.000104,172.31.36.0-255,66,14092,18,326074
371,0.000135,172.217.24.0-255,1484,15576,18,326074
372,0.000138,172.31.36.0-255,66,15642,18,326074
373,0.000144,172.217.24.0-255,2902,18544,18,326074
374,0.000146,172.31.36.0-255,66,18610,18,326074
375,0.000152,172.217.24.0-255,4320,22930,18,326074
376,0.000155,172.31.36.0-255,66,22996,18,326074
377,0.000191,172.31.36.0-255,66,23062,18,326074
378,0.000256,172.217.24.0-255,1484,24546,18,326074
379,0.000259,172.31.36.0-255,66,24612,18,326074
380,0.000264,172.217.24.0-255,2902,27514,18,326074
381,0.000266,172.31.36.0-255,66,27580,18,326074
382,0.000284,172.217.24.0-255,1484,29064,18,326074
383,0.000288,172.31.36.0-255,66,29130,18,326074
384,0.000307,172.217.24.0-255,2902,32032,18,326074
385,0.00031,172.31.36.0-255,66,32098,18,326074
386,0.000314,172.217.24.0-255,2902,35000,18,326074
387,0.000317,172.31.36.0-255,66,35066,18,326074
388,0.000347,172.217.24.0-255,4320,39386,18,326074
389,0.00035,172.31.36.0-255,66,39452,18,326074
390,0.000353,172.217.24.0-255,1125,40577,18,326074
391,0.000355,172.31.36.0-255,66,40643,18,326074
392,0.000408,172.217.24.0-255,1484,42127,18,326074
393,0.000414,172.217.24.0-255,1484,43611,18,326074
394,0.000416,172.31.36.0-255,66,43677,18,326074
395,0.000446,172.217.24.0-255,1484,45161,18,326074
396,0.000453,172.217.24.0-255,5738,50899,18,326074
397,0.000456,172.31.36.0-255,66,50965,18,326074
398,0.000478,172.217.24.0-255,7087,58052,18,326074
399,0.000481,172.31.36.0-255,66,58118,18,326074
400,0.000899,172.217.24.0-255,136,58254,18,326074
401,0.001074,172.217.24.0-255,1484,59738,18,326074
402,0.001079,172.31.36.0-255,66,59804,18,326074
403,0.001086,172.217.24.0-255,2902,62706,18,326074
404,0.001088,172.31.36.0-255,66,62772,18,326074
405,0.001117,172.217.24.0-255,5738,68510,18,326074
406,0.001119,172.31.36.0-255,66,68576,18,326074
407,0.00115,172.217.24.0-255,7156,75732,18,326074
408,0.001153,172.31.36.0-255,66,75798,18,326074
409,0.001173,172.217.24.0-255,2543,78341,18,326074
410,0.001176,172.31.36.0-255,66,78407,18,326074
411,0.001182,172.217.24.0-255,5738,84145,18,326074
412,0.001185,172.31.36.0-255,66,84211,18,326074
413,0.001217,172.217.24.0-255,1484,85695,18,326074
414,0.001221,172.217.24.0-255,1484,87179,18,326074
415,0.001223,172.31.36.0-255,66,87245,18,326074
416,0.001228,172.217.24.0-255,2902,90147,18,326074
417,0.00123,172.31.36.0-255,66,90213,18,326074
418,0.001235,172.217.24.0-255,2543,92756,18,326074
419,0.001237,172.31.36.0-255,66,92822,18,326074
420,0.001309,172.217.24.0-255,2902,95724,18,326074
421,0.001312,172.31.36.0-255,66,95790,18,326074
422,0.00132,172.217.24.0-255,4320,100110,18,326074
423,0.001322,172.31.36.0-255,66,100176,18,326074
424,0.001355,172.31.36.0-255,66,100242,18,326074
425,0.001405,172.217.24.0-255,2902,103144,18,326074
426,0.001409,172.31.36.0-255,66,103210,18,326074
427,0.001449,172.31.36.0-255,66,103276,18,326074
428,0.001474,172.217.24.0-255,1886,105162,18,326074
429,0.001478,172.31.36.0-255,66,105228,18,326074
430,0.001582,172.217.24.0-255,1484,106712,18,326074
431,0.001599,172.217.24.0-255,2902,109614,18,326074
432,0.001602,172.31.36.0-255,66,109680,18,326074
433,0.00163,172.217.24.0-255,5738,115418,18,326074
434,0.001643,172.31.36.0-255,66,115484,18,326074
435,0.00165,172.31.36.0-255,66,115550,18,326074
436,0.00166,172.217.24.0-255,4320,119870,18,326074
437,0.001663,172.31.36.0-255,66,119936,18,326074
438,0.001674,172.31.36.0-255,66,120002,18,326074
439,0.0017,172.217.24.0-255,2184,122186,18,326074
440,0.001702,172.31.36.0-255,66,122252,18,326074
441,0.001818,172.217.24.0-255,1484,123736,18,326074
442,0.001822,172.217.24.0-255,1484,125220,18,326074
443,0.001827,172.31.36.0-255,66,125286,18,326074
444,0.00184,172.217.24.0-255,1484,126770,18,326074
445,0.001852,172.217.24.0-255,5738,132508,18,326074
446,0.001854,172.31.36.0-255,66,132574,18,326074
447,0.00186,172.217.24.0-255,4320,136894,18,326074
448,0.001862,172.31.36.0-255,66,136960,18,326074
449,0.001865,172.217.24.0-255,1484,138444,18,326074
450,0.001896,172.217.24.0-255,4320,142764,18,326074
451,0.0019,172.31.36.0-255,66,142830,18,326074
452,0.001914,172.31.36.0-255,66,142896,18,326074
453,0.001917,172.217.24.0-255,2184,145080,18,326074
454,0.00192,172.31.36.0-255,66,145146,18,326074
455,0.002093,172.217.24.0-255,1484,146630,18,326074
456,0.002098,172.217.24.0-255,1484,148114,18,326074
457,0.002101,172.31.36.0-255,66,148180,18,326074
458,0.002125,172.217.24.0-255,1484,149664,18,326074
459,0.002132,172.217.24.0-255,5738,155402,18,326074
460,0.002135,172.31.36.0-255,66,155468,18,326074
461,0.002163,172.31.36.0-255,66,155534,18,326074
462,0.002174,172.31.36.0-255,66,155600,18,326074
463,0.002208,172.217.24.0-255,5020,160620,18,326074
464,0.002211,172.31.36.0-255,66,160686,18,326074
465,0.002291,172.217.24.0-255,1484,162170,18,326074
466,0.002305,172.217.24.0-255,2902,165072,18,326074
467,0.002308,172.31.36.0-255,66,165138,18,326074
468,0.002337,172.217.24.0-255,5738,170876,18,326074
469,0.002341,172.31.36.0-255,66,170942,18,326074
470,0.002353,172.217.24.0-255,5738,176680,18,326074
471,0.002355,172.31.36.0-255,66,176746,18,326074
472,0.002383,172.217.24.0-255,4320,181066,18,326074
473,0.002386,172.31.36.0-255,66,181132,18,326074
474,0.00239,172.217.24.0-255,1484,182616,18,326074
475,0.002396,172.217.24.0-255,4320,186936,18,326074
476,0.002398,172.31.36.0-255,66,187002,18,326074
477,0.002428,172.31.36.0-255,66,187068,18,326074
478,0.002769,172.217.24.0-255,1484,188552,18,326074
479,0.002809,172.217.24.0-255,1484,190036,18,326074
480,0.002813,172.31.36.0-255,66,190102,18,326074
481,0.002841,172.217.24.0-255,1484,191586,18,326074
482,0.002846,172.217.24.0-255,2902,194488,18,326074
483,0.002849,172.31.36.0-255,66,194554,18,326074
484,0.002855,172.217.24.0-255,5738,200292,18,326074
485,0.002858,172.31.36.0-255,66,200358,18,326074
486,0.002884,172.217.24.0-255,2902,203260,18,326074
487,0.002887,172.31.36.0-255,66,203326,18,326074
488,0.002933,172.31.36.0-255,66,203392,18,326074
489,0.002941,172.217.24.0-255,7156,210548,18,326074
490,0.002948,172.31.36.0-255,66,210614,18,326074
491,0.00295,172.217.24.0-255,766,211380,18,326074
492,0.002979,172.217.24.0-255,1484,212864,18,326074
493,0.002981,172.31.36.0-255,66,212930,18,326074
494,0.003009,172.217.24.0-255,2902,215832,18,326074
495,0.003012,172.31.36.0-255,66,215898,18,326074
496,0.003017,172.217.24.0-255,2902,218800,18,326074
497,0.003019,172.31.36.0-255,66,218866,18,326074
498,0.003059,172.217.24.0-255,1484,220350,18,326074
499,0.003073,172.217.24.0-255,1484,221834,18,326074
500,0.003075,172.31.36.0-255,66,221900,18,326074
501,0.00308,172.217.24.0-255,2902,224802,18,326074
502,0.003083,172.31.36.0-255,66,224868,18,326074
503,0.003112,172.217.24.0-255,5738,230606,18,326074
504,0.003115,172.31.36.0-255,66,230672,18,326074
505,0.003119,172.217.24.0-255,1484,232156,18,326074
506,0.00315,172.217.24.0-255,7156,239312,18,326074
507,0.003153,172.31.36.0-255,66,239378,18,326074
508,0.003156,172.217.24.0-255,1484,240862,18,326074
509,0.003177,172.217.24.0-255,1484,242346,18,326074
510,0.00318,172.31.36.0-255,66,242412,18,326074
511,0.003213,172.217.24.0-255,3602,246014,18,326074
512,0.003216,172.31.36.0-255,66,246080,18,326074
513,0.003292,172.217.24.0-255,1484,247564,18,326074
514,0.003299,172.217.24.0-255,2902,250466,18,326074
515,0.003301,172.31.36.0-255,66,250532,18,326074
516,0.003332,172.217.24.0-255,5738,256270,18,326074
517,0.003335,172.31.36.0-255,66,256336,18,326074
518,0.003339,172.217.24.0-255,2902,259238,18,326074
519,0.003341,172.31.36.0-255,66,259304,18,326074
520,0.003348,172.217.24.0-255,4320,263624,18,326074
521,0.00335,172.31.36.0-255,66,263690,18,326074
522,0.003353,172.217.24.0-255,1484,265174,18,326074
523,0.003382,172.217.24.0-255,4320,269494,18,326074
524,0.003385,172.31.36.0-255,66,269560,18,326074
525,0.003413,172.217.24.0-255,7156,276716,18,326074
526,0.003416,172.31.36.0-255,66,276782,18,326074
527,0.003422,172.217.24.0-255,3602,280384,18,326074
528,0.003424,172.31.36.0-255,66,280450,18,326074
529,0.003519,172.217.24.0-255,1484,281934,18,326074
530,0.003524,172.217.24.0-255,1484,283418,18,326074
531,0.003526,172.31.36.0-255,66,283484,18,326074
532,0.003551,172.217.24.0-255,1484,284968,18,326074
533,0.003556,172.217.24.0-255,2902,287870,18,326074
534,0.003559,172.31.36.0-255,66,287936,18,326074
535,0.003586,172.217.24.0-255,2902,290838,18,326074
536,0.003588,172.31.36.0-255,66,290904,18,326074
537,0.003591,172.217.24.0-255,1484,292388,18,326074
538,0.003594,172.217.24.0-255,1484,293872,18,326074
539,0.003596,172.31.36.0-255,66,293938,18,326074
540,0.0036,172.217.24.0-255,1484,295422,18,326074
541,0.003608,172.217.24.0-255,1484,296906,18,326074
542,0.00361,172.31.36.0-255,66,296972,18,326074
543,0.003613,172.217.24.0-255,1484,298456,18,326074
544,0.003621,172.217.24.0-255,7156,305612,18,326074
545,0.003624,172.31.36.0-255,66,305678,18,326074
546,0.003665,172.217.24.0-255,4320,309998,18,326074
547,0.003667,172.31.36.0-255,66,310064,18,326074
548,0.003689,172.217.24.0-255,1484,311548,18,326074
549,0.003694,172.217.24.0-255,3602,315150,18,326074
550,0.003697,172.31.36.0-255,66,315216,18,326074
551,0.003699,172.217.24.0-255,1252,316468,18,326074
552,0.003723,172.217.24.0-255,105,316573,18,326074
553,0.010825,172.217.24.0-255,105,316678,18,326074
554,0.010848,172.31.36.0-255,78,316756,18,326074
555,0.013702,172.31.36.0-255,105,316861,18,326074
556,0.015623,172.217.24.0-255,66,316927,18,326074
557,0.042005,172.31.36.0-255,172,317099,18,326074
558,0.042039,172.31.36.0-255,1116,318215,18,326074
559,0.042097,172.31.36.0-255,1514,319729,18,326074
560,0.042099,172.31.36.0-255,1514,321243,18,326074
561,0.0421,172.31.36.0-255,1514,322757,18,326074
562,0.042104,172.31.36.0-255,1514,324271,18,326074
563,0.042105,172.31.36.0-255,1500,325771,18,326074
564,0.043567,104.244.42.0-255,66,325837,18,326074
565,0.043613,104.244.42.0-255,66,325903,18,326074
566,0.043684,104.244.42.0-255,66,325969,18,326074
567,0.099087,172.31.36.0-255,105,326074,18,326074
568,0.0,172.31.36.0-255,105,105,18,276
569,0.08273,31.13.82.0-255,105,210,18,276
570,0.082752,172.31.36.0-255,66,276,18,276
571,0.0,74.125.24.0-255,146,146,18,174594
572,2.5e-05,172.31.36.0-255,66,212,18,174594
573,3.2e-05,74.125.24.0-255,1484,1696,18,174594
574,3.6e-05,172.31.36.0-255,66,1762,18,174594
575,4.2e-05,74.125.24.0-255,2902,4664,18,174594
576,4.5e-05,172.31.36.0-255,66,4730,18,174594
577,5.7e-05,74.125.24.0-255,4320,9050,18,174594
578,6e-05,172.31.36.0-255,66,9116,18,174594
579,0.000104,172.31.36.0-255,66,9182,18,174594
580,0.00013,74.125.24.0-255,2051,11233,18,174594
581,0.000133,172.31.36.0-255,66,11299,18,174594
582,0.000147,172.31.36.0-255,66,11365,18,174594
583,0.000191,74.125.24.0-255,7156,18521,18,174594
584,0.000196,172.31.36.0-255,66,18587,18,174594
585,0.000243,172.31.36.0-255,66,18653,18,174594
586,0.000309,74.125.24.0-255,4320,22973,18,174594
587,0.000313,172.31.36.0-255,66,23039,18,174594
588,0.00034,74.125.24.0-255,4297,27336,18,174594
589,0.000346,172.31.36.0-255,66,27402,18,174594
590,0.000382,172.31.36.0-255,66,27468,18,174594
591,0.000424,172.31.36.0-255,66,27534,18,174594
592,0.000455,74.125.24.0-255,5738,33272,18,174594
593,0.00046,172.31.36.0-255,66,33338,18,174594
594,0.000503,74.125.24.0-255,2902,36240,18,174594
595,0.000507,172.31.36.0-255,66,36306,18,174594
596,0.000529,74.125.24.0-255,5306,41612,18,174594
597,0.000534,172.31.36.0-255,66,41678,18,174594
598,0.000546,172.31.36.0-255,66,41744,18,174594
599,0.000571,74.125.24.0-255,1484,43228,18,174594
600,0.000579,172.31.36.0-255,66,43294,18,174594
601,0.000609,172.31.36.0-255,66,43360,18,174594
602,0.000642,74.125.24.0-255,7156,50516,18,174594
603,0.000646,172.31.36.0-255,66,50582,18,174594
604,0.000675,74.125.24.0-255,1484,52066,18,174594
605,0.000679,172.31.36.0-255,66,52132,18,174594
606,0.000714,74.125.24.0-255,5020,57152,18,174594
607,0.000717,172.31.36.0-255,66,57218,18,174594
608,0.000724,74.125.24.0-255,7156,64374,18,174594
609,0.000726,172.31.36.0-255,66,64440,18,174594
610,0.000753,74.125.24.0-255,1484,65924,18,174594
611,0.00077,74.125.24.0-255,4320,70244,18,174594
612,0.000781,172.31.36.0-255,66,70310,18,174594
613,0.000811,172.31.36.0-255,66,70376,18,174594
614,0.000838,74.125.24.0-255,1484,71860,18,174594
615,0.000861,172.31.36.0-255,66,71926,18,174594
616,0.000888,74.125.24.0-255,1484,73410,18,174594
617,0.000968,172.31.36.0-255,66,73476,18,174594
618,0.000996,172.31.36.0-255,66,73542,18,174594
619,0.00104,74.125.24.0-255,2902,76444,18,174594
620,0.001043,172.31.36.0-255,66,76510,18,174594
621,0.001054,74.125.24.0-255,2184,78694,18,174594
622,0.001069,172.31.36.0-255,66,78760,18,174594
623,0.001078,74.125.24.0-255,1484,80244,18,174594
624,0.001104,74.125.24.0-255,4320,84564,18,174594
625,0.001113,172.31.36.0-255,66,84630,18,174594
626,0.001117,172.31.36.0-255,66,84696,18,174594
627,0.001149,74.125.24.0-255,2902,87598,18,174594
628,0.001158,74.125.24.0-255,1484,89082,18,174594
629,0.001161,172.31.36.0-255,66,89148,18,174594
630,0.00117,74.125.24.0-255,4320,93468,18,174594
631,0.001177,172.31.36.0-255,66,93534,18,174594
632,0.001203,172.31.36.0-255,66,93600,18,174594
633,0.001242,74.125.24.0-255,1484,95084,18,174594
634,0.001258,74.125.24.0-255,2902,97986,18,174594
635,0.001261,172.31.36.0-255,66,98052,18,174594
636,0.001282,74.125.24.0-255,5738,103790,18,174594
637,0.001292,172.31.36.0-255,66,103856,18,174594
638,0.001296,74.125.24.0-255,2902,106758,18,174594
639,0.00131,172.31.36.0-255,66,106824,18,174594
640,0.001352,172.31.36.0-255,66,106890,18,174594
641,0.001388,172.31.36.0-255,66,106956,18,174594
642,0.001414,74.125.24.0-255,766,107722,18,174594
643,0.001434,74.125.24.0-255,4320,112042,18,174594
644,0.001437,172.31.36.0-255,66,112108,18,174594
645,0.001469,74.125.24.0-255,7156,119264,18,174594
646,0.001479,172.31.36.0-255,66,119330,18,174594
647,0.001523,172.31.36.0-255,66,119396,18,174594
648,0.001532,74.125.24.0-255,4320,123716,18,174594
649,0.001536,172.31.36.0-255,66,123782,18,174594
650,0.001562,74.125.24.0-255,2902,126684,18,174594
651,0.001575,172.31.36.0-255,66,126750,18,174594
652,0.001585,74.125.24.0-255,5020,131770,18,174594
653,0.001602,74.125.24.0-255,2902,134672,18,174594
654,0.001602,172.31.36.0-255,66,134738,18,174594
655,0.001607,172.31.36.0-255,66,134804,18,174594
656,0.001618,74.125.24.0-255,7156,141960,18,174594
657,0.001621,172.31.36.0-255,66,142026,18,174594
658,0.001677,172.31.36.0-255,66,142092,18,174594
659,0.001731,74.125.24.0-255,4320,146412,18,174594
660,0.001734,172.31.36.0-255,66,146478,18,174594
661,0.001764,74.125.24.0-255,5020,151498,18,174594
662,0.001777,172.31.36.0-255,66,151564,18,174594
663,0.001779,74.125.24.0-255,2902,154466,18,174594
664,0.001782,172.31.36.0-255,66,154532,18,174594
665,0.001889,172.31.36.0-255,66,154598,18,174594
666,0.001917,172.31.36.0-255,66,154664,18,174594
667,0.002037,74.125.24.0-255,4320,158984,18,174594
668,0.002042,172.31.36.0-255,66,159050,18,174594
669,0.002097,74.125.24.0-255,3602,162652,18,174594
670,0.002155,74.125.24.0-255,1674,164326,18,174594
671,0.007703,172.31.36.0-255,66,164392,18,174594
672,0.009417,172.31.36.0-255,105,164497,18,174594
673,0.011992,74.125.24.0-255,66,164563,18,174594
674,0.034293,172.31.36.0-255,172,164735,18,174594
675,0.034325,172.31.36.0-255,1112,165847,18,174594
676,0.034373,172.31.36.0-255,1514,167361,18,174594
677,0.034375,172.31.36.0-255,1514,168875,18,174594
678,0.03438,172.31.36.0-255,1514,170389,18,174594
679,0.034381,172.31.36.0-255,1514,171903,18,174594
680,0.034411,172.31.36.0-255,1514,173417,18,174594
681,0.034412,172.31.36.0-255,913,174330,18,174594
682,0.035869,104.244.42.0-255,66,174396,18,174594
683,0.035881,104.244.42.0-255,66,174462,18,174594
684,0.035972,104.244.42.0-255,66,174528,18,174594
685,0.03598,104.244.42.0-255,66,174594,18,174594
686,0.0,172.217.194.0-255,153,153,18,134952
687,5.6e-05,172.217.194.0-255,1484,1637,18,134952
688,6.7e-05,172.31.36.0-255,66,1703,18,134952
689,7.3e-05,172.217.194.0-255,2902,4605,18,134952
690,7.7e-05,172.31.36.0-255,66,4671,18,134952
691,8.4e-05,172.217.194.0-255,7156,11827,18,134952
692,8.6e-05,172.31.36.0-255,66,11893,18,134952
693,0.000109,172.31.36.0-255,66,11959,18,134952
694,0.000162,172.31.36.0-255,66,12025,18,134952
695,0.000191,172.217.194.0-255,5020,17045,18,134952
696,0.000194,172.31.36.0-255,66,17111,18,134952
697,0.000431,172.217.194.0-255,1484,18595,18,134952
698,0.000438,172.217.194.0-255,2902,21497,18,134952
699,0.000442,172.31.36.0-255,66,21563,18,134952
700,0.000449,172.217.194.0-255,5738,27301,18,134952
701,0.000454,172.31.36.0-255,66,27367,18,134952
702,0.000484,172.217.194.0-255,6797,34164,18,134952
703,0.000488,172.31.36.0-255,66,34230,18,134952
704,0.000626,172.217.194.0-255,647,34877,18,134952
705,0.000652,172.217.194.0-255,1484,36361,18,134952
706,0.000658,172.31.36.0-255,66,36427,18,134952
707,0.000665,172.217.194.0-255,4320,40747,18,134952
708,0.000669,172.31.36.0-255,66,40813,18,134952
709,0.000695,172.217.194.0-255,7156,47969,18,134952
710,0.000699,172.31.36.0-255,66,48035,18,134952
711,0.000704,172.217.194.0-255,4320,52355,18,134952
712,0.000709,172.31.36.0-255,66,52421,18,134952
713,0.000745,172.31.36.0-255,66,52487,18,134952
714,0.000752,172.217.194.0-255,5738,58225,18,134952
715,0.000754,172.31.36.0-255,66,58291,18,134952
716,0.000789,172.217.194.0-255,1484,59775,18,134952
717,0.000801,172.31.36.0-255,66,59841,18,134952
718,0.000812,172.31.36.0-255,66,59907,18,134952
719,0.000818,172.217.194.0-255,4320,64227,18,134952
720,0.000821,172.31.36.0-255,66,64293,18,134952
721,0.000869,172.31.36.0-255,66,64359,18,134952
722,0.000877,172.217.194.0-255,7156,71515,18,134952
723,0.000879,172.31.36.0-255,66,71581,18,134952
724,0.000927,172.31.36.0-255,66,71647,18,134952
725,0.000942,172.31.36.0-255,66,71713,18,134952
726,0.000968,172.217.194.0-255,2184,73897,18,134952
727,0.000974,172.31.36.0-255,66,73963,18,134952
728,0.000981,172.31.36.0-255,66,74029,18,134952
729,0.001041,172.31.36.0-255,66,74095,18,134952
730,0.001049,172.217.194.0-255,6438,80533,18,134952
731,0.001051,172.31.36.0-255,66,80599,18,134952
732,0.001146,172.31.36.0-255,66,80665,18,134952
733,0.001182,172.31.36.0-255,66,80731,18,134952
734,0.001551,172.217.194.0-255,1484,82215,18,134952
735,0.001559,172.217.194.0-255,2902,85117,18,134952
736,0.001563,172.31.36.0-255,66,85183,18,134952
737,0.00157,172.217.194.0-255,5738,90921,18,134952
738,0.001572,172.31.36.0-255,66,90987,18,134952
739,0.001579,172.217.194.0-255,7156,98143,18,134952
740,0.001582,172.31.36.0-255,66,98209,18,134952
741,0.00161,172.217.194.0-255,5738,103947,18,134952
742,0.001619,172.31.36.0-255,66,104013,18,134952
743,0.001631,172.31.36.0-255,66,104079,18,134952
744,0.001679,172.217.194.0-255,1484,105563,18,134952
745,0.001685,172.217.194.0-255,2902,108465,18,134952
746,0.001688,172.31.36.0-255,66,108531,18,134952
747,0.001717,172.217.194.0-255,5738,114269,18,134952
748,0.001721,172.31.36.0-255,66,114335,18,134952
749,0.001726,172.217.194.0-255,2902,117237,18,134952
750,0.001728,172.31.36.0-255,66,117303,18,134952
751,0.001767,172.31.36.0-255,66,117369,18,134952
752,0.001772,172.217.194.0-255,2902,120271,18,134952
753,0.001775,172.31.36.0-255,66,120337,18,134952
754,0.00183,172.31.36.0-255,66,120403,18,134952
755,0.001834,172.217.194.0-255,1484,121887,18,134952
756,0.001883,172.31.36.0-255,66,121953,18,134952
757,0.001904,172.31.36.0-255,66,122019,18,134952
758,0.001941,172.217.194.0-255,5738,127757,18,134952
759,0.001945,172.31.36.0-255,66,127823,18,134952
760,0.001997,172.31.36.0-255,66,127889,18,134952
761,0.002004,172.217.194.0-255,5738,133627,18,134952
762,0.002008,172.31.36.0-255,66,133693,18,134952
763,0.002071,172.31.36.0-255,66,133759,18,134952
764,0.002074,172.217.194.0-255,105,133864,18,134952
765,0.003652,172.31.36.0-255,105,133969,18,134952
766,0.00629,172.217.194.0-255,66,134035,18,134952
767,0.027547,172.31.36.0-255,172,134207,18,134952
768,0.027595,172.31.36.0-255,613,134820,18,134952
769,0.029144,104.244.42.0-255,66,134886,18,134952
770,0.029182,104.244.42.0-255,66,134952,18,134952
771,0.0,74.125.24.0-255,153,153,18,356203
772,1.7e-05,172.31.36.0-255,66,219,18,356203
773,2.5e-05,74.125.24.0-255,1484,1703,18,356203
774,3e-05,172.31.36.0-255,66,1769,18,356203
775,3.5e-05,74.125.24.0-255,2902,4671,18,356203
776,3.8e-05,172.31.36.0-255,66,4737,18,356203
777,5.3e-05,74.125.24.0-255,7156,11893,18,356203
778,5.6e-05,172.31.36.0-255,66,11959,18,356203
779,6.1e-05,74.125.24.0-255,2029,13988,18,356203
780,6.4e-05,172.31.36.0-255,66,14054,18,356203
781,0.000153,74.125.24.0-255,1484,15538,18,356203
782,0.000157,172.31.36.0-255,66,15604,18,356203
783,0.000162,74.125.24.0-255,2902,18506,18,356203
784,0.000165,172.31.36.0-255,66,18572,18,356203
785,0.000169,74.125.24.0-255,2902,21474,18,356203
786,0.000176,172.31.36.0-255,66,21540,18,356203
787,0.0002,74.125.24.0-255,2902,24442,18,356203
788,0.000202,172.31.36.0-255,66,24508,18,356203
789,0.000214,74.125.24.0-255,6797,31305,18,356203
790,0.000216,172.31.36.0-255,66,31371,18,356203
791,0.000445,74.125.24.0-255,1484,32855,18,356203
792,0.000451,172.31.36.0-255,66,32921,18,356203
793,0.000457,74.125.24.0-255,2902,35823,18,356203
794,0.000459,172.31.36.0-255,66,35889,18,356203
795,0.000471,74.125.24.0-255,4320,40209,18,356203
796,0.000474,172.31.36.0-255,66,40275,18,356203
797,0.000505,74.125.24.0-255,1484,41759,18,356203
798,0.000508,172.31.36.0-255,66,41825,18,356203
799,0.00052,172.31.36.0-255,66,41891,18,356203
800,0.000556,74.125.24.0-255,5379,47270,18,356203
801,0.00056,172.31.36.0-255,66,47336,18,356203
802,0.000565,74.125.24.0-255,4320,51656,18,356203
803,0.000567,172.31.36.0-255,66,51722,18,356203
804,0.000601,74.125.24.0-255,5379,57101,18,356203
805,0.000604,172.31.36.0-255,66,57167,18,356203
806,0.000607,74.125.24.0-255,677,57844,18,356203
807,0.001054,74.125.24.0-255,1484,59328,18,356203
808,0.001059,74.125.24.0-255,2902,62230,18,356203
809,0.001065,172.31.36.0-255,66,62296,18,356203
810,0.001074,172.31.36.0-255,66,62362,18,356203
811,0.001081,74.125.24.0-255,5738,68100,18,356203
812,0.001087,172.31.36.0-255,66,68166,18,356203
813,0.001092,74.125.24.0-255,2902,71068,18,356203
814,0.001094,172.31.36.0-255,66,71134,18,356203
815,0.001139,172.31.36.0-255,66,71200,18,356203
816,0.001152,172.31.36.0-255,66,71266,18,356203
817,0.002077,74.125.24.0-255,1484,72750,18,356203
818,0.002089,74.125.24.0-255,2902,75652,18,356203
819,0.002094,172.31.36.0-255,66,75718,18,356203
820,0.002102,74.125.24.0-255,5738,81456,18,356203
821,0.002104,172.31.36.0-255,66,81522,18,356203
822,0.002144,172.31.36.0-255,66,81588,18,356203
823,0.002167,74.125.24.0-255,1484,83072,18,356203
824,0.002175,74.125.24.0-255,7156,90228,18,356203
825,0.002177,172.31.36.0-255,66,90294,18,356203
826,0.002205,74.125.24.0-255,3602,93896,18,356203
827,0.002207,172.31.36.0-255,66,93962,18,356203
828,0.00434,74.125.24.0-255,1484,95446,18,356203
829,0.004371,74.125.24.0-255,1484,96930,18,356203
830,0.004373,172.31.36.0-255,66,96996,18,356203
831,0.0044,74.125.24.0-255,2902,99898,18,356203
832,0.004403,172.31.36.0-255,66,99964,18,356203
833,0.006518,74.125.24.0-255,1484,101448,18,356203
834,0.006536,74.125.24.0-255,1484,102932,18,356203
835,0.006539,172.31.36.0-255,66,102998,18,356203
836,0.006593,74.125.24.0-255,2902,105900,18,356203
837,0.006596,172.31.36.0-255,66,105966,18,356203
838,0.008733,74.125.24.0-255,2902,108868,18,356203
839,0.00874,172.31.36.0-255,66,108934,18,356203
840,0.008771,74.125.24.0-255,2902,111836,18,356203
841,0.008774,172.31.36.0-255,66,111902,18,356203
842,0.010931,74.125.24.0-255,5738,117640,18,356203
843,0.01094,172.31.36.0-255,66,117706,18,356203
844,0.013138,74.125.24.0-255,5738,123444,18,356203
845,0.013148,172.31.36.0-255,66,123510,18,356203
846,0.015331,74.125.24.0-255,5738,129248,18,356203
847,0.015341,172.31.36.0-255,66,129314,18,356203
848,0.017522,74.125.24.0-255,5738,135052,18,356203
849,0.01753,172.31.36.0-255,66,135118,18,356203
850,0.019736,74.125.24.0-255,5738,140856,18,356203
851,0.019744,172.31.36.0-255,66,140922,18,356203
852,0.021926,74.125.24.0-255,4320,145242,18,356203
853,0.021933,172.31.36.0-255,66,145308,18,356203
854,0.021963,74.125.24.0-255,1484,146792,18,356203
855,0.024116,74.125.24.0-255,4320,151112,18,356203
856,0.024124,172.31.36.0-255,66,151178,18,356203
857,0.026322,74.125.24.0-255,5738,156916,18,356203
858,0.02633,172.31.36.0-255,66,156982,18,356203
859,0.028488,74.125.24.0-255,5738,162720,18,356203
860,0.028496,172.31.36.0-255,66,162786,18,356203
861,0.030665,74.125.24.0-255,5738,168524,18,356203
862,0.030673,172.31.36.0-255,66,168590,18,356203
863,0.031825,172.31.36.0-255,172,168762,18,356203
864,0.031858,172.31.36.0-255,1116,169878,18,356203
865,0.031936,172.31.36.0-255,1514,171392,18,356203
866,0.031938,172.31.36.0-255,1514,172906,18,356203
867,0.031939,172.31.36.0-255,1514,174420,18,356203
868,0.031945,172.31.36.0-255,1514,175934,18,356203
869,0.031946,172.31.36.0-255,1499,177433,18,356203
870,0.032842,74.125.24.0-255,4320,181753,18,356203
871,0.032849,172.31.36.0-255,66,181819,18,356203
872,0.032877,74.125.24.0-255,1484,183303,18,356203
873,0.033524,104.244.42.0-255,66,183369,18,356203
874,0.033532,104.244.42.0-255,66,183435,18,356203
875,0.033632,104.244.42.0-255,66,183501,18,356203
876,0.035039,74.125.24.0-255,4320,187821,18,356203
877,0.035045,172.31.36.0-255,66,187887,18,356203
878,0.03722,74.125.24.0-255,5738,193625,18,356203
879,0.037226,172.31.36.0-255,66,193691,18,356203
880,0.039405,74.125.24.0-255,5738,199429,18,356203
881,0.039412,172.31.36.0-255,66,199495,18,356203
882,0.041583,74.125.24.0-255,5738,205233,18,356203
883,0.04159,172.31.36.0-255,66,205299,18,356203
884,0.043781,74.125.24.0-255,5738,211037,18,356203
885,0.043791,172.31.36.0-255,66,211103,18,356203
886,0.04599,74.125.24.0-255,5738,216841,18,356203
887,0.045996,172.31.36.0-255,66,216907,18,356203
888,0.048163,74.125.24.0-255,5738,222645,18,356203
889,0.048169,172.31.36.0-255,66,222711,18,356203
890,0.050354,74.125.24.0-255,5738,228449,18,356203
891,0.05036,172.31.36.0-255,66,228515,18,356203
892,0.052534,74.125.24.0-255,5738,234253,18,356203
893,0.052541,172.31.36.0-255,66,234319,18,356203
894,0.054734,74.125.24.0-255,5738,240057,18,356203
895,0.054739,172.31.36.0-255,66,240123,18,356203
896,0.056893,74.125.24.0-255,5738,245861,18,356203
897,0.0569,172.31.36.0-255,66,245927,18,356203
898,0.059079,74.125.24.0-255,5738,251665,18,356203
899,0.059088,172.31.36.0-255,66,251731,18,356203
900,0.061291,74.125.24.0-255,5738,257469,18,356203
901,0.061298,172.31.36.0-255,66,257535,18,356203
902,0.063478,74.125.24.0-255,5738,263273,18,356203
903,0.063485,172.31.36.0-255,66,263339,18,356203
904,0.065661,74.125.24.0-255,5738,269077,18,356203
905,0.065668,172.31.36.0-255,66,269143,18,356203
906,0.067837,74.125.24.0-255,5738,274881,18,356203
907,0.067844,172.31.36.0-255,66,274947,18,356203
908,0.070005,74.125.24.0-255,5738,280685,18,356203
909,0.070011,172.31.36.0-255,66,280751,18,356203
910,0.072179,74.125.24.0-255,5738,286489,18,356203
911,0.072185,172.31.36.0-255,66,286555,18,356203
912,0.074353,74.125.24.0-255,5738,292293,18,356203
913,0.074363,172.31.36.0-255,66,292359,18,356203
914,0.076569,74.125.24.0-255,5738,298097,18,356203
915,0.076576,172.31.36.0-255,66,298163,18,356203
916,0.078756,74.125.24.0-255,5738,303901,18,356203
917,0.078764,172.31.36.0-255,66,303967,18,356203
918,0.080963,74.125.24.0-255,5738,309705,18,356203
919,0.080969,172.31.36.0-255,66,309771,18,356203
920,0.083157,74.125.24.0-255,5738,315509,18,356203
921,0.083163,172.31.36.0-255,66,315575,18,356203
922,0.085337,74.125.24.0-255,5738,321313,18,356203
923,0.085343,172.31.36.0-255,66,321379,18,356203
924,0.087522,74.125.24.0-255,5738,327117,18,356203
925,0.087528,172.31.36.0-255,66,327183,18,356203
926,0.089714,74.125.24.0-255,5738,332921,18,356203
927,0.089721,172.31.36.0-255,66,332987,18,356203
928,0.091917,74.125.24.0-255,5738,338725,18,356203
929,0.091924,172.31.36.0-255,66,338791,18,356203
930,0.09413,74.125.24.0-255,5738,344529,18,356203
931,0.094137,172.31.36.0-255,66,344595,18,356203
932,0.096311,74.125.24.0-255,5738,350333,18,356203
933,0.096318,172.31.36.0-255,66,350399,18,356203
934,0.098502,74.125.24.0-255,5738,356137,18,356203
935,0.098509,172.31.36.0-255,66,356203,18,356203
936,0.0,74.125.24.0-255,298,298,18,286590
937,2.3e-05,172.31.36.0-255,66,364,18,286590
938,3.7e-05,74.125.24.0-255,1484,1848,18,286590
939,4.1e-05,172.31.36.0-255,66,1914,18,286590
940,5.5e-05,74.125.24.0-255,2902,4816,18,286590
941,5.8e-05,172.31.36.0-255,66,4882,18,286590
942,7.2e-05,74.125.24.0-255,1484,6366,18,286590
943,7.4e-05,172.31.36.0-255,66,6432,18,286590
944,8.7e-05,74.125.24.0-255,2902,9334,18,286590
945,9e-05,172.31.36.0-255,66,9400,18,286590
946,0.000123,74.125.24.0-255,6106,15506,18,286590
947,0.000125,172.31.36.0-255,66,15572,18,286590
948,0.000137,172.31.36.0-255,66,15638,18,286590
949,0.00014,74.125.24.0-255,1484,17122,18,286590
950,0.000142,172.31.36.0-255,66,17188,18,286590
951,0.000167,74.125.24.0-255,3961,21149,18,286590
952,0.00017,172.31.36.0-255,66,21215,18,286590
953,0.000187,74.125.24.0-255,1484,22699,18,286590
954,0.000191,172.31.36.0-255,66,22765,18,286590
955,0.000216,74.125.24.0-255,4320,27085,18,286590
956,0.000219,172.31.36.0-255,66,27151,18,286590
957,0.000226,74.125.24.0-255,7156,34307,18,286590
958,0.000228,172.31.36.0-255,66,34373,18,286590
959,0.000254,74.125.24.0-255,3961,38334,18,286590
960,0.000256,172.31.36.0-255,66,38400,18,286590
961,0.000294,74.125.24.0-255,4320,42720,18,286590
962,0.000298,172.31.36.0-255,66,42786,18,286590
963,0.00031,172.31.36.0-255,66,42852,18,286590
964,0.000313,74.125.24.0-255,1484,44336,18,286590
965,0.000315,172.31.36.0-255,66,44402,18,286590
966,0.000395,74.125.24.0-255,1735,46137,18,286590
967,0.0004,172.31.36.0-255,66,46203,18,286590
968,0.000493,74.125.24.0-255,1484,47687,18,286590
969,0.000511,74.125.24.0-255,2902,50589,18,286590
970,0.000514,172.31.36.0-255,66,50655,18,286590
971,0.00053,74.125.24.0-255,2902,53557,18,286590
972,0.000533,172.31.36.0-255,66,53623,18,286590
973,0.000554,74.125.24.0-255,2902,56525,18,286590
974,0.000557,172.31.36.0-255,66,56591,18,286590
975,0.000564,74.125.24.0-255,5738,62329,18,286590
976,0.000568,172.31.36.0-255,66,62395,18,286590
977,0.000586,74.125.24.0-255,5379,67774,18,286590
978,0.00059,172.31.36.0-255,66,67840,18,286590
979,0.000601,172.31.36.0-255,66,67906,18,286590
980,0.000622,74.125.24.0-255,2543,70449,18,286590
981,0.000624,172.31.36.0-255,66,70515,18,286590
982,0.000811,74.125.24.0-255,1484,71999,18,286590
983,0.000827,74.125.24.0-255,2902,74901,18,286590
984,0.00083,172.31.36.0-255,66,74967,18,286590
985,0.000851,74.125.24.0-255,5738,80705,18,286590
986,0.000854,172.31.36.0-255,66,80771,18,286590
987,0.000866,74.125.24.0-255,1484,82255,18,286590
988,0.000899,172.31.36.0-255,66,82321,18,286590
989,0.000907,74.125.24.0-255,7156,89477,18,286590
990,0.000911,172.31.36.0-255,66,89543,18,286590
991,0.000944,74.125.24.0-255,3602,93145,18,286590
992,0.000948,172.31.36.0-255,66,93211,18,286590
993,0.001002,74.125.24.0-255,1484,94695,18,286590
994,0.001006,74.125.24.0-255,1484,96179,18,286590
995,0.00101,172.31.36.0-255,66,96245,18,286590
996,0.001027,74.125.24.0-255,1484,97729,18,286590
997,0.001033,74.125.24.0-255,4320,102049,18,286590
998,0.001036,172.31.36.0-255,66,102115,18,286590
999,0.001055,74.125.24.0-255,1484,103599,18,286590
1000,0.001066,172.31.36.0-255,66,103665,18,286590
1001,0.001098,74.125.24.0-255,5738,109403,18,286590
1002,0.001102,172.31.36.0-255,66,109469,18,286590
1003,0.00113,172.31.36.0-255,66,109535,18,286590
1004,0.001143,172.31.36.0-255,66,109601,18,286590
1005,0.001165,74.125.24.0-255,4320,113921,18,286590
1006,0.001169,172.31.36.0-255,66,113987,18,286590
1007,0.00118,172.31.36.0-255,66,114053,18,286590
1008,0.001211,172.31.36.0-255,66,114119,18,286590
1009,0.001265,74.125.24.0-255,1484,115603,18,286590
1010,0.001269,74.125.24.0-255,1484,117087,18,286590
1011,0.001273,172.31.36.0-255,66,117153,18,286590
1012,0.001281,74.125.24.0-255,1484,118637,18,286590
1013,0.001286,74.125.24.0-255,4320,122957,18,286590
1014,0.001289,172.31.36.0-255,66,123023,18,286590
1015,0.001303,74.125.24.0-255,1484,124507,18,286590
1016,0.001308,74.125.24.0-255,2902,127409,18,286590
1017,0.00131,172.31.36.0-255,66,127475,18,286590
1018,0.001331,74.125.24.0-255,7156,134631,18,286590
1019,0.001334,172.31.36.0-255,66,134697,18,286590
1020,0.00135,74.125.24.0-255,2902,137599,18,286590
1021,0.001352,172.31.36.0-255,66,137665,18,286590
1022,0.001365,172.31.36.0-255,66,137731,18,286590
1023,0.001709,74.125.24.0-255,1484,139215,18,286590
1024,0.001715,74.125.24.0-255,2902,142117,18,286590
1025,0.001718,172.31.36.0-255,66,142183,18,286590
1026,0.001742,74.125.24.0-255,5738,147921,18,286590
1027,0.001745,172.31.36.0-255,66,147987,18,286590
1028,0.001762,74.125.24.0-255,5738,153725,18,286590
1029,0.00177,172.31.36.0-255,66,153791,18,286590
1030,0.001786,74.125.24.0-255,4320,158111,18,286590
1031,0.001789,172.31.36.0-255,66,158177,18,286590
1032,0.001801,172.31.36.0-255,66,158243,18,286590
1033,0.001806,74.125.24.0-255,3602,161845,18,286590
1034,0.001809,172.31.36.0-255,66,161911,18,286590
1035,0.001837,74.125.24.0-255,4320,166231,18,286590
1036,0.00184,172.31.36.0-255,66,166297,18,286590
1037,0.001847,74.125.24.0-255,7156,173453,18,286590
1038,0.00185,172.31.36.0-255,66,173519,18,286590
1039,0.001864,74.125.24.0-255,2902,176421,18,286590
1040,0.001868,172.31.36.0-255,66,176487,18,286590
1041,0.001874,74.125.24.0-255,5738,182225,18,286590
1042,0.001877,172.31.36.0-255,66,182291,18,286590
1043,0.001909,74.125.24.0-255,4320,186611,18,286590
1044,0.001913,172.31.36.0-255,66,186677,18,286590
1045,0.00194,172.31.36.0-255,66,186743,18,286590
1046,0.002034,74.125.24.0-255,1484,188227,18,286590
1047,0.002054,74.125.24.0-255,2902,191129,18,286590
1048,0.002057,172.31.36.0-255,66,191195,18,286590
1049,0.002082,74.125.24.0-255,5738,196933,18,286590
1050,0.002085,172.31.36.0-255,66,196999,18,286590
1051,0.002089,74.125.24.0-255,2902,199901,18,286590
1052,0.002091,172.31.36.0-255,66,199967,18,286590
1053,0.002118,172.31.36.0-255,66,200033,18,286590
1054,0.002129,172.31.36.0-255,66,200099,18,286590
1055,0.002146,74.125.24.0-255,2184,202283,18,286590
1056,0.002148,172.31.36.0-255,66,202349,18,286590
1057,0.004249,74.125.24.0-255,5738,208087,18,286590
1058,0.004255,172.31.36.0-255,66,208153,18,286590
1059,0.006356,74.125.24.0-255,5738,213891,18,286590
1060,0.006363,172.31.36.0-255,66,213957,18,286590
1061,0.008485,74.125.24.0-255,5738,219695,18,286590
1062,0.008492,172.31.36.0-255,66,219761,18,286590
1063,0.010623,74.125.24.0-255,5738,225499,18,286590
1064,0.010629,172.31.36.0-255,66,225565,18,286590
1065,0.012706,74.125.24.0-255,5738,231303,18,286590
1066,0.012715,172.31.36.0-255,66,231369,18,286590
1067,0.014787,74.125.24.0-255,5738,237107,18,286590
1068,0.014794,172.31.36.0-255,66,237173,18,286590
1069,0.016873,74.125.24.0-255,2902,240075,18,286590
1070,0.016878,172.31.36.0-255,66,240141,18,286590
1071,0.016895,74.125.24.0-255,2902,243043,18,286590
1072,0.016897,172.31.36.0-255,66,243109,18,286590
1073,0.018955,74.125.24.0-255,2902,246011,18,286590
1074,0.018957,172.31.36.0-255,66,246077,18,286590
1075,0.018981,74.125.24.0-255,1484,247561,18,286590
1076,0.018992,74.125.24.0-255,1484,249045,18,286590
1077,0.018994,172.31.36.0-255,66,249111,18,286590
1078,0.021064,74.125.24.0-255,2902,252013,18,286590
1079,0.021067,172.31.36.0-255,66,252079,18,286590
1080,0.021087,74.125.24.0-255,2902,254981,18,286590
1081,0.021089,172.31.36.0-255,66,255047,18,286590
1082,0.023181,74.125.24.0-255,5738,260785,18,286590
1083,0.023188,172.31.36.0-255,66,260851,18,286590
1084,0.025306,74.125.24.0-255,5738,266589,18,286590
1085,0.025315,172.31.36.0-255,66,266655,18,286590
1086,0.027409,74.125.24.0-255,5738,272393,18,286590
1087,0.027416,172.31.36.0-255,66,272459,18,286590
1088,0.029525,74.125.24.0-255,3690,276149,18,286590
1089,0.029531,172.31.36.0-255,66,276215,18,286590
1090,0.029711,172.31.36.0-255,105,276320,18,286590
1091,0.031792,74.125.24.0-255,66,276386,18,286590
1092,0.046904,172.31.36.0-255,172,276558,18,286590
1093,0.046955,172.31.36.0-255,1112,277670,18,286590
1094,0.046986,172.31.36.0-255,1514,279184,18,286590
1095,0.046988,172.31.36.0-255,1514,280698,18,286590
1096,0.046989,172.31.36.0-255,1514,282212,18,286590
1097,0.04699,172.31.36.0-255,1514,283726,18,286590
1098,0.047024,172.31.36.0-255,1514,285240,18,286590
1099,0.047025,172.31.36.0-255,912,286152,18,286590
1100,0.048449,104.244.42.0-255,66,286218,18,286590
1101,0.048495,104.244.42.0-255,66,286284,18,286590
1102,0.048532,104.244.42.0-255,66,286350,18,286590
1103,0.048599,104.244.42.0-255,66,286416,18,286590
1104,0.0505,104.244.42.0-255,108,286524,18,286590
1105,0.050526,172.31.36.0-255,66,286590,18,286590
1106,0.0,172.217.194.0-255,153,153,18,285222
1107,2.4e-05,172.31.36.0-255,66,219,18,285222
1108,3.2e-05,172.217.194.0-255,1484,1703,18,285222
1109,3.7e-05,172.31.36.0-255,66,1769,18,285222
1110,5.4e-05,172.217.194.0-255,2902,4671,18,285222
1111,5.8e-05,172.31.36.0-255,66,4737,18,285222
1112,6.2e-05,172.217.194.0-255,2902,7639,18,285222
1113,6.5e-05,172.31.36.0-255,66,7705,18,285222
1114,6.9e-05,172.217.194.0-255,1484,9189,18,285222
1115,7.2e-05,172.31.36.0-255,66,9255,18,285222
1116,0.0001,172.217.194.0-255,4921,14176,18,285222
1117,0.000108,172.31.36.0-255,66,14242,18,285222
1118,0.000135,172.217.194.0-255,1484,15726,18,285222
1119,0.000138,172.31.36.0-255,66,15792,18,285222
1120,0.000142,172.217.194.0-255,2902,18694,18,285222
1121,0.000145,172.31.36.0-255,66,18760,18,285222
1122,0.000176,172.217.194.0-255,5738,24498,18,285222
1123,0.00018,172.31.36.0-255,66,24564,18,285222
1124,0.000188,172.217.194.0-255,6797,31361,18,285222
1125,0.00019,172.31.36.0-255,66,31427,18,285222
1126,0.000588,172.217.194.0-255,1484,32911,18,285222
1127,0.000594,172.31.36.0-255,66,32977,18,285222
1128,0.000601,172.217.194.0-255,2902,35879,18,285222
1129,0.000603,172.31.36.0-255,66,35945,18,285222
1130,0.000617,172.217.194.0-255,5738,41683,18,285222
1131,0.00062,172.31.36.0-255,66,41749,18,285222
1132,0.000659,172.217.194.0-255,6797,48546,18,285222
1133,0.000663,172.31.36.0-255,66,48612,18,285222
1134,0.000728,172.217.194.0-255,1484,50096,18,285222
1135,0.000732,172.31.36.0-255,66,50162,18,285222
1136,0.000737,172.217.194.0-255,2902,53064,18,285222
1137,0.00074,172.31.36.0-255,66,53130,18,285222
1138,0.000744,172.217.194.0-255,1484,54614,18,285222
1139,0.000773,172.217.194.0-255,4320,58934,18,285222
1140,0.000776,172.31.36.0-255,66,59000,18,285222
1141,0.000801,172.217.194.0-255,4320,63320,18,285222
1142,0.000803,172.31.36.0-255,66,63386,18,285222
1143,0.00083,172.217.194.0-255,2543,65929,18,285222
1144,0.000832,172.31.36.0-255,66,65995,18,285222
1145,0.000835,172.217.194.0-255,676,66671,18,285222
1146,0.000877,172.217.194.0-255,1484,68155,18,285222
1147,0.000882,172.217.194.0-255,2902,71057,18,285222
1148,0.000886,172.31.36.0-255,66,71123,18,285222
1149,0.00089,172.31.36.0-255,66,71189,18,285222
1150,0.000905,172.217.194.0-255,4320,75509,18,285222
1151,0.000907,172.31.36.0-255,66,75575,18,285222
1152,0.000935,172.217.194.0-255,1484,77059,18,285222
1153,0.000958,172.217.194.0-255,6797,83856,18,285222
1154,0.000962,172.31.36.0-255,66,83922,18,285222
1155,0.00109,172.217.194.0-255,1484,85406,18,285222
1156,0.001104,172.217.194.0-255,2902,88308,18,285222
1157,0.001109,172.31.36.0-255,66,88374,18,285222
1158,0.001139,172.217.194.0-255,5738,94112,18,285222
1159,0.001142,172.31.36.0-255,66,94178,18,285222
1160,0.001149,172.217.194.0-255,6797,100975,18,285222
1161,0.001152,172.31.36.0-255,66,101041,18,285222
1162,0.001564,172.217.194.0-255,1484,102525,18,285222
1163,0.00157,172.217.194.0-255,2902,105427,18,285222
1164,0.001573,172.31.36.0-255,66,105493,18,285222
1165,0.001606,172.217.194.0-255,5738,111231,18,285222
1166,0.001609,172.31.36.0-255,66,111297,18,285222
1167,0.001616,172.217.194.0-255,7156,118453,18,285222
1168,0.001618,172.31.36.0-255,66,118519,18,285222
1169,0.001637,172.31.36.0-255,66,118585,18,285222
1170,0.001665,172.217.194.0-255,1484,120069,18,285222
1171,0.00167,172.217.194.0-255,2184,122253,18,285222
1172,0.001672,172.31.36.0-255,66,122319,18,285222
1173,0.001676,172.217.194.0-255,2902,125221,18,285222
1174,0.001678,172.31.36.0-255,66,125287,18,285222
1175,0.001683,172.217.194.0-255,2902,128189,18,285222
1176,0.001685,172.31.36.0-255,66,128255,18,285222
1177,0.00172,172.217.194.0-255,4320,132575,18,285222
1178,0.001722,172.31.36.0-255,66,132641,18,285222
1179,0.001738,172.31.36.0-255,66,132707,18,285222
1180,0.001814,172.31.36.0-255,66,132773,18,285222
1181,0.001829,172.31.36.0-255,66,132839,18,285222
1182,0.001846,172.31.36.0-255,66,132905,18,285222
1183,0.001849,172.217.194.0-255,1484,134389,18,285222
1184,0.001888,172.31.36.0-255,66,134455,18,285222
1185,0.001904,172.31.36.0-255,66,134521,18,285222
1186,0.001912,172.217.194.0-255,7156,141677,18,285222
1187,0.001916,172.31.36.0-255,66,141743,18,285222
1188,0.001965,172.31.36.0-255,66,141809,18,285222
1189,0.001973,172.217.194.0-255,6438,148247,18,285222
1190,0.001975,172.31.36.0-255,66,148313,18,285222
1191,0.001982,172.217.194.0-255,7156,155469,18,285222
1192,0.002009,172.217.194.0-255,7156,162625,18,285222
1193,0.002045,172.217.194.0-255,766,163391,18,285222
1194,0.002149,172.217.194.0-255,1484,164875,18,285222
1195,0.002155,172.217.194.0-255,2902,167777,18,285222
1196,0.002181,172.217.194.0-255,5738,173515,18,285222
1197,0.002185,172.217.194.0-255,1484,174999,18,285222
1198,0.007944,172.31.36.0-255,66,175065,18,285222
1199,0.01024,172.217.194.0-255,5738,180803,18,285222
1200,0.010251,172.31.36.0-255,66,180869,18,285222
1201,0.012548,172.217.194.0-255,5738,186607,18,285222
1202,0.012556,172.31.36.0-255,66,186673,18,285222
1203,0.014881,172.217.194.0-255,5738,192411,18,285222
1204,0.014892,172.31.36.0-255,66,192477,18,285222
1205,0.017205,172.217.194.0-255,5738,198215,18,285222
1206,0.017222,172.31.36.0-255,66,198281,18,285222
1207,0.019556,172.217.194.0-255,5738,204019,18,285222
1208,0.019576,172.31.36.0-255,66,204085,18,285222
1209,0.021898,172.217.194.0-255,5738,209823,18,285222
1210,0.02191,172.31.36.0-255,66,209889,18,285222
1211,0.024222,172.217.194.0-255,5738,215627,18,285222
1212,0.024232,172.31.36.0-255,66,215693,18,285222
1213,0.026531,172.217.194.0-255,2902,218595,18,285222
1214,0.026538,172.31.36.0-255,66,218661,18,285222
1215,0.026568,172.217.194.0-255,2902,221563,18,285222
1216,0.026571,172.31.36.0-255,66,221629,18,285222
1217,0.028844,172.217.194.0-255,5738,227367,18,285222
1218,0.028851,172.31.36.0-255,66,227433,18,285222
1219,0.031132,172.217.194.0-255,5738,233171,18,285222
1220,0.03114,172.31.36.0-255,66,233237,18,285222
1221,0.033427,172.217.194.0-255,5738,238975,18,285222
1222,0.033435,172.31.36.0-255,66,239041,18,285222
1223,0.034275,172.31.36.0-255,172,239213,18,285222
1224,0.034308,172.31.36.0-255,1114,240327,18,285222
1225,0.034372,172.31.36.0-255,1514,241841,18,285222
1226,0.034374,172.31.36.0-255,1514,243355,18,285222
1227,0.034375,172.31.36.0-255,1514,244869,18,285222
1228,0.034376,172.31.36.0-255,1514,246383,18,285222
1229,0.034377,172.31.36.0-255,544,246927,18,285222
1230,0.035737,172.217.194.0-255,5738,252665,18,285222
1231,0.035745,172.31.36.0-255,66,252731,18,285222
1232,0.035948,104.244.42.0-255,66,252797,18,285222
1233,0.038053,172.217.194.0-255,5738,258535,18,285222
1234,0.03806,172.31.36.0-255,66,258601,18,285222
1235,0.040364,172.217.194.0-255,5738,264339,18,285222
1236,0.04037,172.31.36.0-255,66,264405,18,285222
1237,0.042699,172.217.194.0-255,5738,270143,18,285222
1238,0.042709,172.31.36.0-255,66,270209,18,285222
1239,0.045017,172.217.194.0-255,5738,275947,18,285222
1240,0.045023,172.31.36.0-255,66,276013,18,285222
1241,0.047314,172.217.194.0-255,5738,281751,18,285222
1242,0.047321,172.31.36.0-255,66,281817,18,285222
1243,0.049606,172.217.194.0-255,3102,284919,18,285222
1244,0.049614,172.31.36.0-255,66,284985,18,285222
1245,0.050742,172.31.36.0-255,105,285090,18,285222
1246,0.053014,172.217.194.0-255,66,285156,18,285222
1247,0.076207,104.244.42.0-255,66,285222,18,285222
1248,0.0,74.125.200.0-255,152,152,18,353614
1249,2.7e-05,172.31.36.0-255,66,218,18,353614
1250,3.4e-05,74.125.200.0-255,1484,1702,18,353614
1251,3.9e-05,172.31.36.0-255,66,1768,18,353614
1252,5.3e-05,74.125.200.0-255,2902,4670,18,353614
1253,5.6e-05,172.31.36.0-255,66,4736,18,353614
1254,6.2e-05,74.125.200.0-255,4320,9056,18,353614
1255,6.5e-05,172.31.36.0-255,66,9122,18,353614
1256,8.9e-05,74.125.200.0-255,4873,13995,18,353614
1257,9.6e-05,172.31.36.0-255,66,14061,18,353614
1258,0.000453,74.125.200.0-255,1484,15545,18,353614
1259,0.000458,172.31.36.0-255,66,15611,18,353614
1260,0.000465,74.125.200.0-255,2902,18513,18,353614
1261,0.000467,172.31.36.0-255,66,18579,18,353614
1262,0.000495,74.125.200.0-255,4320,22899,18,353614
1263,0.000498,172.31.36.0-255,66,22965,18,353614
1264,0.000505,74.125.200.0-255,5738,28703,18,353614
1265,0.000507,172.31.36.0-255,66,28769,18,353614
1266,0.000532,74.125.200.0-255,2543,31312,18,353614
1267,0.000535,172.31.36.0-255,66,31378,18,353614
1268,0.000778,74.125.200.0-255,1484,32862,18,353614
1269,0.000783,172.31.36.0-255,66,32928,18,353614
1270,0.000789,74.125.200.0-255,2902,35830,18,353614
1271,0.000791,172.31.36.0-255,66,35896,18,353614
1272,0.000816,74.125.200.0-255,5738,41634,18,353614
1273,0.000819,172.31.36.0-255,66,41700,18,353614
1274,0.000847,74.125.200.0-255,6797,48497,18,353614
1275,0.00085,172.31.36.0-255,66,48563,18,353614
1276,0.00088,74.125.200.0-255,7156,55719,18,353614
1277,0.000883,172.31.36.0-255,66,55785,18,353614
1278,0.000911,74.125.200.0-255,1484,57269,18,353614
1279,0.000915,74.125.200.0-255,2902,60171,18,353614
1280,0.000938,74.125.200.0-255,2902,63073,18,353614
1281,0.000942,172.31.36.0-255,66,63139,18,353614
1282,0.000945,172.31.36.0-255,66,63205,18,353614
1283,0.000947,172.31.36.0-255,66,63271,18,353614
1284,0.000968,74.125.200.0-255,2855,66126,18,353614
1285,0.00097,172.31.36.0-255,66,66192,18,353614
1286,0.001053,74.125.200.0-255,111,66303,18,353614
1287,0.001284,172.31.36.0-255,66,66369,18,353614
1288,0.001439,74.125.200.0-255,1484,67853,18,353614
1289,0.00145,74.125.200.0-255,2902,70755,18,353614
1290,0.001453,172.31.36.0-255,66,70821,18,353614
1291,0.001488,74.125.200.0-255,5738,76559,18,353614
1292,0.001491,172.31.36.0-255,66,76625,18,353614
1293,0.001499,74.125.200.0-255,6797,83422,18,353614
1294,0.001501,172.31.36.0-255,66,83488,18,353614
1295,0.00153,74.125.200.0-255,4320,87808,18,353614
1296,0.001532,172.31.36.0-255,66,87874,18,353614
1297,0.001554,74.125.200.0-255,2902,90776,18,353614
1298,0.001556,172.31.36.0-255,66,90842,18,353614
1299,0.00156,74.125.200.0-255,1484,92326,18,353614
1300,0.001564,74.125.200.0-255,2902,95228,18,353614
1301,0.001566,172.31.36.0-255,66,95294,18,353614
1302,0.001596,74.125.200.0-255,1484,96778,18,353614
1303,0.001619,74.125.200.0-255,3961,100739,18,353614
1304,0.001621,172.31.36.0-255,66,100805,18,353614
1305,0.003881,74.125.200.0-255,5738,106543,18,353614
1306,0.00389,172.31.36.0-255,66,106609,18,353614
1307,0.00617,74.125.200.0-255,5738,112347,18,353614
1308,0.006178,172.31.36.0-255,66,112413,18,353614
1309,0.008438,74.125.200.0-255,5738,118151,18,353614
1310,0.008444,172.31.36.0-255,66,118217,18,353614
1311,0.010716,74.125.200.0-255,5738,123955,18,353614
1312,0.010729,172.31.36.0-255,66,124021,18,353614
1313,0.013017,74.125.200.0-255,5738,129759,18,353614
1314,0.013031,172.31.36.0-255,66,129825,18,353614
1315,0.01532,74.125.200.0-255,5738,135563,18,353614
1316,0.015333,172.31.36.0-255,66,135629,18,353614
1317,0.017612,74.125.200.0-255,5738,141367,18,353614
1318,0.017621,172.31.36.0-255,66,141433,18,353614
1319,0.02013,74.125.200.0-255,5738,147171,18,353614
1320,0.02014,172.31.36.0-255,66,147237,18,353614
1321,0.022432,74.125.200.0-255,5738,152975,18,353614
1322,0.022442,172.31.36.0-255,66,153041,18,353614
1323,0.02472,74.125.200.0-255,5738,158779,18,353614
1324,0.02473,172.31.36.0-255,66,158845,18,353614
1325,0.027015,74.125.200.0-255,5738,164583,18,353614
1326,0.027022,172.31.36.0-255,66,164649,18,353614
1327,0.029331,74.125.200.0-255,5738,170387,18,353614
1328,0.029345,172.31.36.0-255,66,170453,18,353614
1329,0.031487,172.31.36.0-255,172,170625,18,353614
1330,0.031523,172.31.36.0-255,1116,171741,18,353614
1331,0.031611,74.125.200.0-255,5738,177479,18,353614
1332,0.031617,172.31.36.0-255,66,177545,18,353614
1333,0.031654,172.31.36.0-255,1514,179059,18,353614
1334,0.031656,172.31.36.0-255,1514,180573,18,353614
1335,0.031657,172.31.36.0-255,1514,182087,18,353614
1336,0.031658,172.31.36.0-255,1514,183601,18,353614
1337,0.03169,172.31.36.0-255,1499,185100,18,353614
1338,0.033067,104.244.42.0-255,66,185166,18,353614
1339,0.033093,104.244.42.0-255,66,185232,18,353614
1340,0.033292,104.244.42.0-255,66,185298,18,353614
1341,0.033889,74.125.200.0-255,5738,191036,18,353614
1342,0.0339,172.31.36.0-255,66,191102,18,353614
1343,0.036199,74.125.200.0-255,5738,196840,18,353614
1344,0.036212,172.31.36.0-255,66,196906,18,353614
1345,0.038494,74.125.200.0-255,5738,202644,18,353614
1346,0.038503,172.31.36.0-255,66,202710,18,353614
1347,0.040776,74.125.200.0-255,5738,208448,18,353614
1348,0.040784,172.31.36.0-255,66,208514,18,353614
1349,0.043079,74.125.200.0-255,5738,214252,18,353614
1350,0.043099,172.31.36.0-255,66,214318,18,353614
1351,0.045378,74.125.200.0-255,5738,220056,18,353614
1352,0.045388,172.31.36.0-255,66,220122,18,353614
1353,0.047673,74.125.200.0-255,5738,225860,18,353614
1354,0.047681,172.31.36.0-255,66,225926,18,353614
1355,0.049955,74.125.200.0-255,5738,231664,18,353614
1356,0.049966,172.31.36.0-255,66,231730,18,353614
1357,0.05224,74.125.200.0-255,5738,237468,18,353614
1358,0.052249,172.31.36.0-255,66,237534,18,353614
1359,0.054541,74.125.200.0-255,5738,243272,18,353614
1360,0.05455,172.31.36.0-255,66,243338,18,353614
1361,0.056866,74.125.200.0-255,5738,249076,18,353614
1362,0.056874,172.31.36.0-255,66,249142,18,353614
1363,0.059161,74.125.200.0-255,5738,254880,18,353614
1364,0.059169,172.31.36.0-255,66,254946,18,353614
1365,0.061447,74.125.200.0-255,5738,260684,18,353614
1366,0.061471,172.31.36.0-255,66,260750,18,353614
1367,0.063759,74.125.200.0-255,5738,266488,18,353614
1368,0.063778,172.31.36.0-255,66,266554,18,353614
1369,0.066058,74.125.200.0-255,5738,272292,18,353614
1370,0.066077,172.31.36.0-255,66,272358,18,353614
1371,0.06836,74.125.200.0-255,5738,278096,18,353614
1372,0.068369,172.31.36.0-255,66,278162,18,353614
1373,0.070669,74.125.200.0-255,5738,283900,18,353614
1374,0.070679,172.31.36.0-255,66,283966,18,353614
1375,0.07297,74.125.200.0-255,5738,289704,18,353614
1376,0.07298,172.31.36.0-255,66,289770,18,353614
1377,0.075262,74.125.200.0-255,5738,295508,18,353614
1378,0.075271,172.31.36.0-255,66,295574,18,353614
1379,0.07757,74.125.200.0-255,5738,301312,18,353614
1380,0.07758,172.31.36.0-255,66,301378,18,353614
1381,0.079872,74.125.200.0-255,5738,307116,18,353614
1382,0.079882,172.31.36.0-255,66,307182,18,353614
1383,0.082251,74.125.200.0-255,5738,312920,18,353614
1384,0.082263,172.31.36.0-255,66,312986,18,353614
1385,0.084543,74.125.200.0-255,5738,318724,18,353614
1386,0.084552,172.31.36.0-255,66,318790,18,353614
1387,0.086828,74.125.200.0-255,5738,324528,18,353614
1388,0.086837,172.31.36.0-255,66,324594,18,353614
1389,0.089104,74.125.200.0-255,5738,330332,18,353614
1390,0.089111,172.31.36.0-255,66,330398,18,353614
1391,0.091387,74.125.200.0-255,5738,336136,18,353614
1392,0.091396,172.31.36.0-255,66,336202,18,353614
1393,0.093664,74.125.200.0-255,5738,341940,18,353614
1394,0.093672,172.31.36.0-255,66,342006,18,353614
1395,0.095944,74.125.200.0-255,5738,347744,18,353614
1396,0.095953,172.31.36.0-255,66,347810,18,353614
1397,0.098235,74.125.200.0-255,5738,353548,18,353614
1398,0.098242,172.31.36.0-255,66,353614,18,353614
1399,0.0,172.31.36.0-255,66,66,18,66
1400,0.0,74.125.200.0-255,220,220,18,359113
1401,3.8e-05,172.31.36.0-255,66,286,18,359113
1402,4.4e-05,74.125.200.0-255,1484,1770,18,359113
1403,4.8e-05,172.31.36.0-255,66,1836,18,359113
1404,5.4e-05,74.125.200.0-255,4320,6156,18,359113
1405,5.7e-05,172.31.36.0-255,66,6222,18,359113
1406,6.2e-05,74.125.200.0-255,2902,9124,18,359113
1407,6.5e-05,172.31.36.0-255,66,9190,18,359113
1408,7.1e-05,74.125.200.0-255,4320,13510,18,359113
1409,7.4e-05,172.31.36.0-255,66,13576,18,359113
1410,9.5e-05,74.125.200.0-255,1484,15060,18,359113
1411,9.7e-05,172.31.36.0-255,66,15126,18,359113
1412,0.00012,74.125.200.0-255,4674,19800,18,359113
1413,0.000123,172.31.36.0-255,66,19866,18,359113
1414,0.00013,74.125.200.0-255,7156,27022,18,359113
1415,0.000132,172.31.36.0-255,66,27088,18,359113
1416,0.000161,74.125.200.0-255,3961,31049,18,359113
1417,0.000164,172.31.36.0-255,66,31115,18,359113
1418,0.000289,74.125.200.0-255,1484,32599,18,359113
1419,0.000292,172.31.36.0-255,66,32665,18,359113
1420,0.000306,74.125.200.0-255,2902,35567,18,359113
1421,0.000309,172.31.36.0-255,66,35633,18,359113
1422,0.000339,74.125.200.0-255,5738,41371,18,359113
1423,0.000343,172.31.36.0-255,66,41437,18,359113
1424,0.000348,74.125.200.0-255,2902,44339,18,359113
1425,0.000351,172.31.36.0-255,66,44405,18,359113
1426,0.000366,74.125.200.0-255,2902,47307,18,359113
1427,0.000369,172.31.36.0-255,66,47373,18,359113
1428,0.000383,74.125.200.0-255,4320,51693,18,359113
1429,0.000386,172.31.36.0-255,66,51759,18,359113
1430,0.00041,74.125.200.0-255,2543,54302,18,359113
1431,0.000414,172.31.36.0-255,66,54368,18,359113
1432,0.000421,74.125.200.0-255,5738,60106,18,359113
1433,0.000423,172.31.36.0-255,66,60172,18,359113
1434,0.000449,74.125.200.0-255,5379,65551,18,359113
1435,0.000452,172.31.36.0-255,66,65617,18,359113
1436,0.00053,74.125.200.0-255,413,66030,18,359113
1437,0.000575,74.125.200.0-255,329,66359,18,359113
1438,0.00082,74.125.200.0-255,1484,67843,18,359113
1439,0.000824,172.31.36.0-255,66,67909,18,359113
1440,0.000865,74.125.200.0-255,2902,70811,18,359113
1441,0.000869,172.31.36.0-255,66,70877,18,359113
1442,0.000874,74.125.200.0-255,2902,73779,18,359113
1443,0.000876,172.31.36.0-255,66,73845,18,359113
1444,0.00088,74.125.200.0-255,1484,75329,18,359113
1445,0.000902,74.125.200.0-255,2902,78231,18,359113
1446,0.000905,172.31.36.0-255,66,78297,18,359113
1447,0.000911,74.125.200.0-255,4320,82617,18,359113
1448,0.000913,172.31.36.0-255,66,82683,18,359113
1449,0.000932,74.125.200.0-255,5738,88421,18,359113
1450,0.000936,172.31.36.0-255,66,88487,18,359113
1451,0.000955,74.125.200.0-255,5738,94225,18,359113
1452,0.000959,172.31.36.0-255,66,94291,18,359113
1453,0.000998,74.125.200.0-255,6438,100729,18,359113
1454,0.001002,172.31.36.0-255,66,100795,18,359113
1455,0.001182,74.125.200.0-255,1484,102279,18,359113
1456,0.001203,74.125.200.0-255,2902,105181,18,359113
1457,0.001207,172.31.36.0-255,66,105247,18,359113
1458,0.001216,74.125.200.0-255,5738,110985,18,359113
1459,0.001217,172.31.36.0-255,66,111051,18,359113
1460,0.001222,74.125.200.0-255,2902,113953,18,359113
1461,0.001224,172.31.36.0-255,66,114019,18,359113
1462,0.001247,74.125.200.0-255,4320,118339,18,359113
1463,0.00125,172.31.36.0-255,66,118405,18,359113
1464,0.001256,74.125.200.0-255,4320,122725,18,359113
1465,0.001258,172.31.36.0-255,66,122791,18,359113
1466,0.001285,74.125.200.0-255,4320,127111,18,359113
1467,0.001288,172.31.36.0-255,66,127177,18,359113
1468,0.001294,74.125.200.0-255,5738,132915,18,359113
1469,0.001297,172.31.36.0-255,66,132981,18,359113
1470,0.001322,74.125.200.0-255,2184,135165,18,359113
1471,0.001325,172.31.36.0-255,66,135231,18,359113
1472,0.001372,74.125.200.0-255,2902,138133,18,359113
1473,0.001375,172.31.36.0-255,66,138199,18,359113
1474,0.001378,74.125.200.0-255,1484,139683,18,359113
1475,0.001383,74.125.200.0-255,2902,142585,18,359113
1476,0.001387,172.31.36.0-255,66,142651,18,359113
1477,0.001415,74.125.200.0-255,5738,148389,18,359113
1478,0.001419,172.31.36.0-255,66,148455,18,359113
1479,0.001427,74.125.200.0-255,1484,149939,18,359113
1480,0.001444,74.125.200.0-255,2902,152841,18,359113
1481,0.001447,172.31.36.0-255,66,152907,18,359113
1482,0.001453,74.125.200.0-255,4320,157227,18,359113
1483,0.001455,172.31.36.0-255,66,157293,18,359113
1484,0.001464,74.125.200.0-255,1484,158777,18,359113
1485,0.001477,74.125.200.0-255,1484,160261,18,359113
1486,0.00148,172.31.36.0-255,66,160327,18,359113
1487,0.001504,74.125.200.0-255,5738,166065,18,359113
1488,0.001507,172.31.36.0-255,66,166131,18,359113
1489,0.001523,74.125.200.0-255,5738,171869,18,359113
1490,0.001527,172.31.36.0-255,66,171935,18,359113
1491,0.001535,74.125.200.0-255,2184,174119,18,359113
1492,0.001538,172.31.36.0-255,66,174185,18,359113
1493,0.001542,74.125.200.0-255,2902,177087,18,359113
1494,0.001544,172.31.36.0-255,66,177153,18,359113
1495,0.001585,172.31.36.0-255,66,177219,18,359113
1496,0.001595,172.31.36.0-255,66,177285,18,359113
1497,0.001635,74.125.200.0-255,5020,182305,18,359113
1498,0.001639,172.31.36.0-255,66,182371,18,359113
1499,0.001683,74.125.200.0-255,4320,186691,18,359113
1500,0.001686,172.31.36.0-255,66,186757,18,359113
1501,0.001692,74.125.200.0-255,4320,191077,18,359113
1502,0.001694,172.31.36.0-255,66,191143,18,359113
1503,0.001717,74.125.200.0-255,1484,192627,18,359113
1504,0.001724,74.125.200.0-255,7156,199783,18,359113
1505,0.001727,172.31.36.0-255,66,199849,18,359113
1506,0.001747,74.125.200.0-255,4320,204169,18,359113
1507,0.001752,172.31.36.0-255,66,204235,18,359113
1508,0.001756,74.125.200.0-255,4320,208555,18,359113
1509,0.001759,172.31.36.0-255,66,208621,18,359113
1510,0.001782,74.125.200.0-255,1484,210105,18,359113
1511,0.0018,74.125.200.0-255,6438,216543,18,359113
1512,0.001803,172.31.36.0-255,66,216609,18,359113
1513,0.001829,74.125.200.0-255,1484,218093,18,359113
1514,0.001841,74.125.200.0-255,2902,220995,18,359113
1515,0.001844,172.31.36.0-255,66,221061,18,359113
1516,0.001848,74.125.200.0-255,1484,222545,18,359113
1517,0.001867,74.125.200.0-255,4320,226865,18,359113
1518,0.001869,172.31.36.0-255,66,226931,18,359113
1519,0.001955,172.31.36.0-255,66,226997,18,359113
1520,0.001974,74.125.200.0-255,2902,229899,18,359113
1521,0.001977,172.31.36.0-255,66,229965,18,359113
1522,0.001987,172.31.36.0-255,66,230031,18,359113
1523,0.001993,74.125.200.0-255,5738,235769,18,359113
1524,0.001995,172.31.36.0-255,66,235835,18,359113
1525,0.00201,74.125.200.0-255,2902,238737,18,359113
1526,0.002013,172.31.36.0-255,66,238803,18,359113
1527,0.002035,74.125.200.0-255,4320,243123,18,359113
1528,0.002038,172.31.36.0-255,66,243189,18,359113
1529,0.002045,74.125.200.0-255,7156,250345,18,359113
1530,0.002047,172.31.36.0-255,66,250411,18,359113
1531,0.002072,74.125.200.0-255,5738,256149,18,359113
1532,0.002075,172.31.36.0-255,66,256215,18,359113
1533,0.002081,74.125.200.0-255,4320,260535,18,359113
1534,0.002083,172.31.36.0-255,66,260601,18,359113
1535,0.002107,172.31.36.0-255,66,260667,18,359113
1536,0.002127,74.125.200.0-255,766,261433,18,359113
1537,0.002133,74.125.200.0-255,4320,265753,18,359113
1538,0.002135,172.31.36.0-255,66,265819,18,359113
1539,0.002168,172.31.36.0-255,66,265885,18,359113
1540,0.00219,74.125.200.0-255,5738,271623,18,359113
1541,0.002194,172.31.36.0-255,66,271689,18,359113
1542,0.002199,74.125.200.0-255,3602,275291,18,359113
1543,0.002202,172.31.36.0-255,66,275357,18,359113
1544,0.002215,74.125.200.0-255,1484,276841,18,359113
1545,0.002236,74.125.200.0-255,2902,279743,18,359113
1546,0.002239,172.31.36.0-255,66,279809,18,359113
1547,0.002259,74.125.200.0-255,1484,281293,18,359113
1548,0.002263,74.125.200.0-255,1484,282777,18,359113
1549,0.002265,172.31.36.0-255,66,282843,18,359113
1550,0.002282,74.125.200.0-255,1484,284327,18,359113
1551,0.002289,74.125.200.0-255,4320,288647,18,359113
1552,0.002291,172.31.36.0-255,66,288713,18,359113
1553,0.002306,74.125.200.0-255,1484,290197,18,359113
1554,0.002315,74.125.200.0-255,7156,297353,18,359113
1555,0.002318,172.31.36.0-255,66,297419,18,359113
1556,0.002334,74.125.200.0-255,4320,301739,18,359113
1557,0.002337,172.31.36.0-255,66,301805,18,359113
1558,0.002349,74.125.200.0-255,4320,306125,18,359113
1559,0.002352,172.31.36.0-255,66,306191,18,359113
1560,0.002357,74.125.200.0-255,3602,309793,18,359113
1561,0.00236,172.31.36.0-255,66,309859,18,359113
1562,0.004685,74.125.200.0-255,5738,315597,18,359113
1563,0.004697,172.31.36.0-255,66,315663,18,359113
1564,0.007024,74.125.200.0-255,5738,321401,18,359113
1565,0.007033,172.31.36.0-255,66,321467,18,359113
1566,0.009354,74.125.200.0-255,5738,327205,18,359113
1567,0.009364,172.31.36.0-255,66,327271,18,359113
1568,0.011698,74.125.200.0-255,5738,333009,18,359113
1569,0.01171,172.31.36.0-255,66,333075,18,359113
1570,0.014095,74.125.200.0-255,5738,338813,18,359113
1571,0.014184,172.31.36.0-255,66,338879,18,359113
1572,0.016545,74.125.200.0-255,5738,344617,18,359113
1573,0.01656,172.31.36.0-255,66,344683,18,359113
1574,0.0189,74.125.200.0-255,4162,348845,18,359113
1575,0.018915,172.31.36.0-255,66,348911,18,359113
1576,0.019101,172.31.36.0-255,105,349016,18,359113
1577,0.021416,74.125.200.0-255,66,349082,18,359113
1578,0.039632,172.31.36.0-255,172,349254,18,359113
1579,0.039669,172.31.36.0-255,1117,350371,18,359113
1580,0.039713,172.31.36.0-255,1514,351885,18,359113
1581,0.039715,172.31.36.0-255,1514,353399,18,359113
1582,0.039719,172.31.36.0-255,1514,354913,18,359113
1583,0.03972,172.31.36.0-255,1514,356427,18,359113
1584,0.039745,172.31.36.0-255,1514,357941,18,359113
1585,0.039747,172.31.36.0-255,908,358849,18,359113
1586,0.04115,104.244.42.0-255,66,358915,18,359113
1587,0.041297,104.244.42.0-255,66,358981,18,359113
1588,0.041304,104.244.42.0-255,66,359047,18,359113
1589,0.041308,104.244.42.0-255,66,359113,18,359113
1590,0.0,172.217.194.0-255,153,153,18,256657
1591,3.3e-05,172.31.36.0-255,66,219,18,256657
1592,5.3e-05,172.217.194.0-255,1484,1703,18,256657
1593,5.8e-05,172.31.36.0-255,66,1769,18,256657
1594,6.3e-05,172.217.194.0-255,2902,4671,18,256657
1595,6.7e-05,172.31.36.0-255,66,4737,18,256657
1596,9.2e-05,172.217.194.0-255,4320,9057,18,256657
1597,9.5e-05,172.31.36.0-255,66,9123,18,256657
1598,0.000173,172.217.194.0-255,4320,13443,18,256657
1599,0.000177,172.31.36.0-255,66,13509,18,256657
1600,0.000194,172.217.194.0-255,630,14139,18,256657
1601,0.000197,172.31.36.0-255,66,14205,18,256657
1602,0.000283,172.217.194.0-255,5738,19943,18,256657
1603,0.000286,172.31.36.0-255,66,20009,18,256657
1604,0.000404,172.31.36.0-255,66,20075,18,256657
1605,0.000421,172.217.194.0-255,2543,22618,18,256657
1606,0.000424,172.31.36.0-255,66,22684,18,256657
1607,0.000642,172.31.36.0-255,66,22750,18,256657
1608,0.000668,172.31.36.0-255,66,22816,18,256657
1609,0.001036,172.31.36.0-255,66,22882,18,256657
1610,0.001055,172.217.194.0-255,5379,28261,18,256657
1611,0.001059,172.31.36.0-255,66,28327,18,256657
1612,0.001312,172.217.194.0-255,676,29003,18,256657
1613,0.001318,172.31.36.0-255,66,29069,18,256657
1614,0.00134,172.217.194.0-255,5738,34807,18,256657
1615,0.001343,172.31.36.0-255,66,34873,18,256657
1616,0.001375,172.31.36.0-255,66,34939,18,256657
1617,0.00172,172.217.194.0-255,2902,37841,18,256657
1618,0.002049,172.217.194.0-255,2902,40743,18,256657
1619,0.00282,172.217.194.0-255,2902,43645,18,256657
1620,0.003436,172.217.194.0-255,4320,47965,18,256657
1621,0.003518,172.217.194.0-255,2902,50867,18,256657
1622,0.005971,172.31.36.0-255,66,50933,18,256657
1623,0.008294,172.217.194.0-255,5738,56671,18,256657
1624,0.008302,172.31.36.0-255,66,56737,18,256657
1625,0.010585,172.217.194.0-255,2902,59639,18,256657
1626,0.010608,172.217.194.0-255,2902,62541,18,256657
1627,0.012514,172.31.36.0-255,66,62607,18,256657
1628,0.014791,172.217.194.0-255,5738,68345,18,256657
1629,0.014803,172.31.36.0-255,66,68411,18,256657
1630,0.017067,172.217.194.0-255,5738,74149,18,256657
1631,0.017075,172.31.36.0-255,66,74215,18,256657
1632,0.019411,172.217.194.0-255,5738,79953,18,256657
1633,0.019418,172.31.36.0-255,66,80019,18,256657
1634,0.02172,172.217.194.0-255,5738,85757,18,256657
1635,0.021727,172.31.36.0-255,66,85823,18,256657
1636,0.024005,172.217.194.0-255,4320,90143,18,256657
1637,0.024012,172.31.36.0-255,66,90209,18,256657
1638,0.024053,172.217.194.0-255,1484,91693,18,256657
1639,0.026318,172.217.194.0-255,4320,96013,18,256657
1640,0.026327,172.31.36.0-255,66,96079,18,256657
1641,0.028609,172.217.194.0-255,5738,101817,18,256657
1642,0.028669,172.31.36.0-255,66,101883,18,256657
1643,0.030951,172.217.194.0-255,5738,107621,18,256657
1644,0.030963,172.31.36.0-255,66,107687,18,256657
1645,0.033256,172.217.194.0-255,5738,113425,18,256657
1646,0.03327,172.31.36.0-255,66,113491,18,256657
1647,0.035557,172.217.194.0-255,5738,119229,18,256657
1648,0.035566,172.31.36.0-255,66,119295,18,256657
1649,0.037862,172.217.194.0-255,5738,125033,18,256657
1650,0.037869,172.31.36.0-255,66,125099,18,256657
1651,0.038842,172.31.36.0-255,172,125271,18,256657
1652,0.038884,172.31.36.0-255,1112,126383,18,256657
1653,0.038965,172.31.36.0-255,1514,127897,18,256657
1654,0.038968,172.31.36.0-255,1514,129411,18,256657
1655,0.038973,172.31.36.0-255,1514,130925,18,256657
1656,0.038974,172.31.36.0-255,1514,132439,18,256657
1657,0.038999,172.31.36.0-255,1514,133953,18,256657
1658,0.039,172.31.36.0-255,913,134866,18,256657
1659,0.040171,172.217.194.0-255,1484,136350,18,256657
1660,0.040198,172.217.194.0-255,4320,140670,18,256657
1661,0.040203,172.31.36.0-255,66,140736,18,256657
1662,0.040405,104.244.42.0-255,66,140802,18,256657
1663,0.040452,104.244.42.0-255,66,140868,18,256657
1664,0.040568,104.244.42.0-255,66,140934,18,256657
1665,0.040574,104.244.42.0-255,66,141000,18,256657
1666,0.041238,104.244.42.0-255,108,141108,18,256657
1667,0.041248,172.31.36.0-255,66,141174,18,256657
1668,0.042522,172.217.194.0-255,5738,146912,18,256657
1669,0.042527,172.31.36.0-255,66,146978,18,256657
1670,0.044881,172.217.194.0-255,5738,152716,18,256657
1671,0.044886,172.31.36.0-255,66,152782,18,256657
1672,0.047173,172.217.194.0-255,5738,158520,18,256657
1673,0.047179,172.31.36.0-255,66,158586,18,256657
1674,0.049457,172.217.194.0-255,5738,164324,18,256657
1675,0.049462,172.31.36.0-255,66,164390,18,256657
1676,0.051716,172.217.194.0-255,5738,170128,18,256657
1677,0.051722,172.31.36.0-255,66,170194,18,256657
1678,0.053986,172.217.194.0-255,5738,175932,18,256657
1679,0.053991,172.31.36.0-255,66,175998,18,256657
1680,0.056251,172.217.194.0-255,5738,181736,18,256657
1681,0.056259,172.31.36.0-255,66,181802,18,256657
1682,0.058542,172.217.194.0-255,5738,187540,18,256657
1683,0.058548,172.31.36.0-255,66,187606,18,256657
1684,0.060818,172.217.194.0-255,5738,193344,18,256657
1685,0.060823,172.31.36.0-255,66,193410,18,256657
1686,0.06313,172.217.194.0-255,1484,194894,18,256657
1687,0.063167,172.217.194.0-255,4320,199214,18,256657
1688,0.063172,172.31.36.0-255,66,199280,18,256657
1689,0.065453,172.217.194.0-255,5738,205018,18,256657
1690,0.065458,172.31.36.0-255,66,205084,18,256657
1691,0.067749,172.217.194.0-255,5738,210822,18,256657
1692,0.067754,172.31.36.0-255,66,210888,18,256657
1693,0.070037,172.217.194.0-255,5738,216626,18,256657
1694,0.070042,172.31.36.0-255,66,216692,18,256657
1695,0.072306,172.217.194.0-255,5738,222430,18,256657
1696,0.072311,172.31.36.0-255,66,222496,18,256657
1697,0.074571,172.217.194.0-255,4320,226816,18,256657
1698,0.074577,172.31.36.0-255,66,226882,18,256657
1699,0.074594,172.217.194.0-255,1484,228366,18,256657
1700,0.076884,172.217.194.0-255,4320,232686,18,256657
1701,0.07689,172.31.36.0-255,66,232752,18,256657
1702,0.079178,172.217.194.0-255,2902,235654,18,256657
1703,0.079183,172.31.36.0-255,66,235720,18,256657
1704,0.079218,172.217.194.0-255,2902,238622,18,256657
1705,0.079236,172.31.36.0-255,66,238688,18,256657
1706,0.081487,172.217.194.0-255,2902,241590,18,256657
1707,0.081493,172.31.36.0-255,66,241656,18,256657
1708,0.081537,172.217.194.0-255,2902,244558,18,256657
1709,0.082993,172.31.36.0-255,66,244624,18,256657
1710,0.08376,172.217.194.0-255,2902,247526,18,256657
1711,0.083765,172.31.36.0-255,66,247592,18,256657
1712,0.085244,172.217.194.0-255,2902,250494,18,256657
1713,0.085249,172.31.36.0-255,66,250560,18,256657
1714,0.086012,172.217.194.0-255,2902,253462,18,256657
1715,0.086017,172.31.36.0-255,66,253528,18,256657
1716,0.087528,172.217.194.0-255,2892,256420,18,256657
1717,0.087533,172.31.36.0-255,66,256486,18,256657
1718,0.087712,172.31.36.0-255,105,256591,18,256657
1719,0.089951,172.217.194.0-255,66,256657,18,256657
1720,0.0,74.125.24.0-255,152,152,18,341382
1721,2.6e-05,172.31.36.0-255,66,218,18,341382
1722,3.3e-05,74.125.24.0-255,1484,1702,18,341382
1723,3.8e-05,172.31.36.0-255,66,1768,18,341382
1724,4.3e-05,74.125.24.0-255,2902,4670,18,341382
1725,4.7e-05,172.31.36.0-255,66,4736,18,341382
1726,5.5e-05,74.125.24.0-255,7156,11892,18,341382
1727,5.8e-05,172.31.36.0-255,66,11958,18,341382
1728,0.000127,74.125.24.0-255,1484,13442,18,341382
1729,0.00013,172.31.36.0-255,66,13508,18,341382
1730,0.000151,74.125.24.0-255,3494,17002,18,341382
1731,0.000156,172.31.36.0-255,66,17068,18,341382
1732,0.000203,74.125.24.0-255,5738,22806,18,341382
1733,0.000206,172.31.36.0-255,66,22872,18,341382
1734,0.000276,74.125.24.0-255,5738,28610,18,341382
1735,0.000279,172.31.36.0-255,66,28676,18,341382
1736,0.000297,74.125.24.0-255,2543,31219,18,341382
1737,0.000299,172.31.36.0-255,66,31285,18,341382
1738,0.000388,74.125.24.0-255,5738,37023,18,341382
1739,0.000392,172.31.36.0-255,66,37089,18,341382
1740,0.000423,172.31.36.0-255,66,37155,18,341382
1741,0.000567,74.125.24.0-255,1125,38280,18,341382
1742,0.000571,172.31.36.0-255,66,38346,18,341382
1743,0.001888,74.125.24.0-255,1484,39830,18,341382
1744,0.001896,172.31.36.0-255,66,39896,18,341382
1745,0.001905,74.125.24.0-255,2902,42798,18,341382
1746,0.001907,172.31.36.0-255,66,42864,18,341382
1747,0.001936,74.125.24.0-255,5738,48602,18,341382
1748,0.001938,172.31.36.0-255,66,48668,18,341382
1749,0.001991,74.125.24.0-255,1484,50152,18,341382
1750,0.001994,172.31.36.0-255,66,50218,18,341382
1751,0.002014,74.125.24.0-255,4320,54538,18,341382
1752,0.002016,172.31.36.0-255,66,54604,18,341382
1753,0.002039,74.125.24.0-255,5379,59983,18,341382
1754,0.00204,172.31.36.0-255,66,60049,18,341382
1755,0.002138,74.125.24.0-255,4320,64369,18,341382
1756,0.00214,172.31.36.0-255,66,64435,18,341382
1757,0.002167,172.31.36.0-255,66,64501,18,341382
1758,0.002312,172.31.36.0-255,66,64567,18,341382
1759,0.002404,74.125.24.0-255,4320,68887,18,341382
1760,0.002407,172.31.36.0-255,66,68953,18,341382
1761,0.002427,74.125.24.0-255,3602,72555,18,341382
1762,0.00243,172.31.36.0-255,66,72621,18,341382
1763,0.004468,74.125.24.0-255,1484,74105,18,341382
1764,0.004488,74.125.24.0-255,4320,78425,18,341382
1765,0.004492,172.31.36.0-255,66,78491,18,341382
1766,0.006544,74.125.24.0-255,5738,84229,18,341382
1767,0.006547,172.31.36.0-255,66,84295,18,341382
1768,0.0086,74.125.24.0-255,5738,90033,18,341382
1769,0.008606,172.31.36.0-255,66,90099,18,341382
1770,0.010668,74.125.24.0-255,5738,95837,18,341382
1771,0.010677,172.31.36.0-255,66,95903,18,341382
1772,0.012741,74.125.24.0-255,5738,101641,18,341382
1773,0.012749,172.31.36.0-255,66,101707,18,341382
1774,0.014813,74.125.24.0-255,5738,107445,18,341382
1775,0.01483,172.31.36.0-255,66,107511,18,341382
1776,0.016913,74.125.24.0-255,5738,113249,18,341382
1777,0.016926,172.31.36.0-255,66,113315,18,341382
1778,0.018995,74.125.24.0-255,5738,119053,18,341382
1779,0.019002,172.31.36.0-255,66,119119,18,341382
1780,0.021083,74.125.24.0-255,5738,124857,18,341382
1781,0.021089,172.31.36.0-255,66,124923,18,341382
1782,0.023187,74.125.24.0-255,5738,130661,18,341382
1783,0.023198,172.31.36.0-255,66,130727,18,341382
1784,0.025279,74.125.24.0-255,5738,136465,18,341382
1785,0.025287,172.31.36.0-255,66,136531,18,341382
1786,0.02735,74.125.24.0-255,5738,142269,18,341382
1787,0.027358,172.31.36.0-255,66,142335,18,341382
1788,0.029412,74.125.24.0-255,5738,148073,18,341382
1789,0.029418,172.31.36.0-255,66,148139,18,341382
1790,0.029453,172.31.36.0-255,172,148311,18,341382
1791,0.029478,172.31.36.0-255,1116,149427,18,341382
1792,0.029541,172.31.36.0-255,1514,150941,18,341382
1793,0.029542,172.31.36.0-255,1283,152224,18,341382
1794,0.031143,104.244.42.0-255,66,152290,18,341382
1795,0.031151,104.244.42.0-255,66,152356,18,341382
1796,0.031224,104.244.42.0-255,66,152422,18,341382
1797,0.031548,74.125.24.0-255,5738,158160,18,341382
1798,0.031555,172.31.36.0-255,66,158226,18,341382
1799,0.033615,74.125.24.0-255,5738,163964,18,341382
1800,0.033622,172.31.36.0-255,66,164030,18,341382
1801,0.035696,74.125.24.0-255,5738,169768,18,341382
1802,0.035703,172.31.36.0-255,66,169834,18,341382
1803,0.037822,74.125.24.0-255,5738,175572,18,341382
1804,0.037829,172.31.36.0-255,66,175638,18,341382
1805,0.0399,74.125.24.0-255,5738,181376,18,341382
1806,0.039906,172.31.36.0-255,66,181442,18,341382
1807,0.042081,74.125.24.0-255,5738,187180,18,341382
1808,0.042087,172.31.36.0-255,66,187246,18,341382
1809,0.04417,74.125.24.0-255,5738,192984,18,341382
1810,0.04418,172.31.36.0-255,66,193050,18,341382
1811,0.046232,74.125.24.0-255,5738,198788,18,341382
1812,0.046238,172.31.36.0-255,66,198854,18,341382
1813,0.048315,74.125.24.0-255,4320,203174,18,341382
1814,0.048323,172.31.36.0-255,66,203240,18,341382
1815,0.048344,74.125.24.0-255,1484,204724,18,341382
1816,0.050443,74.125.24.0-255,4320,209044,18,341382
1817,0.05045,172.31.36.0-255,66,209110,18,341382
1818,0.052495,74.125.24.0-255,4320,213430,18,341382
1819,0.052503,172.31.36.0-255,66,213496,18,341382
1820,0.052522,74.125.24.0-255,1484,214980,18,341382
1821,0.054561,74.125.24.0-255,4320,219300,18,341382
1822,0.054568,172.31.36.0-255,66,219366,18,341382
1823,0.056634,74.125.24.0-255,5738,225104,18,341382
1824,0.056642,172.31.36.0-255,66,225170,18,341382
1825,0.058736,74.125.24.0-255,5738,230908,18,341382
1826,0.058744,172.31.36.0-255,66,230974,18,341382
1827,0.060838,74.125.24.0-255,5738,236712,18,341382
1828,0.060849,172.31.36.0-255,66,236778,18,341382
1829,0.062909,74.125.24.0-255,5738,242516,18,341382
1830,0.062915,172.31.36.0-255,66,242582,18,341382
1831,0.064989,74.125.24.0-255,5738,248320,18,341382
1832,0.064996,172.31.36.0-255,66,248386,18,341382
1833,0.067037,74.125.24.0-255,5738,254124,18,341382
1834,0.067043,172.31.36.0-255,66,254190,18,341382
1835,0.069113,74.125.24.0-255,5738,259928,18,341382
1836,0.06912,172.31.36.0-255,66,259994,18,341382
1837,0.071172,74.125.24.0-255,5738,265732,18,341382
1838,0.071181,172.31.36.0-255,66,265798,18,341382
1839,0.073249,74.125.24.0-255,5738,271536,18,341382
1840,0.073255,172.31.36.0-255,66,271602,18,341382
1841,0.075328,74.125.24.0-255,5738,277340,18,341382
1842,0.075335,172.31.36.0-255,66,277406,18,341382
1843,0.077393,74.125.24.0-255,5738,283144,18,341382
1844,0.077401,172.31.36.0-255,66,283210,18,341382
1845,0.079492,74.125.24.0-255,5738,288948,18,341382
1846,0.0795,172.31.36.0-255,66,289014,18,341382
1847,0.081586,74.125.24.0-255,5738,294752,18,341382
1848,0.081593,172.31.36.0-255,66,294818,18,341382
1849,0.083679,74.125.24.0-255,5738,300556,18,341382
1850,0.083686,172.31.36.0-255,66,300622,18,341382
1851,0.085762,74.125.24.0-255,5738,306360,18,341382
1852,0.08577,172.31.36.0-255,66,306426,18,341382
1853,0.087826,74.125.24.0-255,5738,312164,18,341382
1854,0.087833,172.31.36.0-255,66,312230,18,341382
1855,0.089898,74.125.24.0-255,5738,317968,18,341382
1856,0.089906,172.31.36.0-255,66,318034,18,341382
1857,0.09195,74.125.24.0-255,5738,323772,18,341382
1858,0.09196,172.31.36.0-255,66,323838,18,341382
1859,0.094033,74.125.24.0-255,5738,329576,18,341382
1860,0.094041,172.31.36.0-255,66,329642,18,341382
1861,0.096104,74.125.24.0-255,5738,335380,18,341382
1862,0.096111,172.31.36.0-255,66,335446,18,341382
1863,0.098153,74.125.24.0-255,2902,338348,18,341382
1864,0.098161,172.31.36.0-255,66,338414,18,341382
1865,0.098179,74.125.24.0-255,2902,341316,18,341382
1866,0.098182,172.31.36.0-255,66,341382,18,341382
1867,0.0,74.125.68.0-255,153,153,18,351689
1868,2.6e-05,172.31.36.0-255,66,219,18,351689
1869,3.2e-05,74.125.68.0-255,1484,1703,18,351689
1870,3.7e-05,172.31.36.0-255,66,1769,18,351689
1871,4.2e-05,74.125.68.0-255,2902,4671,18,351689
1872,5.2e-05,172.31.36.0-255,66,4737,18,351689
1873,5.6e-05,74.125.68.0-255,2902,7639,18,351689
1874,5.9e-05,172.31.36.0-255,66,7705,18,351689
1875,6.4e-05,74.125.68.0-255,2902,10607,18,351689
1876,6.7e-05,172.31.36.0-255,66,10673,18,351689
1877,9.3e-05,74.125.68.0-255,1484,12157,18,351689
1878,9.5e-05,172.31.36.0-255,66,12223,18,351689
1879,0.000117,74.125.68.0-255,4880,17103,18,351689
1880,0.000121,172.31.36.0-255,66,17169,18,351689
1881,0.000127,74.125.68.0-255,4320,21489,18,351689
1882,0.000129,172.31.36.0-255,66,21555,18,351689
1883,0.000159,74.125.68.0-255,1484,23039,18,351689
1884,0.000163,172.31.36.0-255,66,23105,18,351689
1885,0.000196,172.31.36.0-255,66,23171,18,351689
1886,0.000285,74.125.68.0-255,1484,24655,18,351689
1887,0.000288,172.31.36.0-255,66,24721,18,351689
1888,0.00032,74.125.68.0-255,2902,27623,18,351689
1889,0.000324,172.31.36.0-255,66,27689,18,351689
1890,0.000331,74.125.68.0-255,5738,33427,18,351689
1891,0.000333,172.31.36.0-255,66,33493,18,351689
1892,0.000343,74.125.68.0-255,2902,36395,18,351689
1893,0.000346,172.31.36.0-255,66,36461,18,351689
1894,0.00035,74.125.68.0-255,2902,39363,18,351689
1895,0.000353,172.31.36.0-255,66,39429,18,351689
1896,0.000402,74.125.68.0-255,4320,43749,18,351689
1897,0.000403,172.31.36.0-255,66,43815,18,351689
1898,0.000407,172.31.36.0-255,66,43881,18,351689
1899,0.000418,74.125.68.0-255,5693,49574,18,351689
1900,0.000425,172.31.36.0-255,66,49640,18,351689
1901,0.000449,74.125.68.0-255,372,50012,18,351689
1902,0.000637,74.125.68.0-255,1484,51496,18,351689
1903,0.000642,172.31.36.0-255,66,51562,18,351689
1904,0.000646,74.125.68.0-255,1484,53046,18,351689
1905,0.00067,74.125.68.0-255,1484,54530,18,351689
1906,0.000674,172.31.36.0-255,66,54596,18,351689
1907,0.000675,74.125.68.0-255,4320,58916,18,351689
1908,0.000679,172.31.36.0-255,66,58982,18,351689
1909,0.000701,74.125.68.0-255,5738,64720,18,351689
1910,0.00071,172.31.36.0-255,66,64786,18,351689
1911,0.000716,74.125.68.0-255,5738,70524,18,351689
1912,0.000719,172.31.36.0-255,66,70590,18,351689
1913,0.000758,74.125.68.0-255,5738,76328,18,351689
1914,0.000762,172.31.36.0-255,66,76394,18,351689
1915,0.000767,74.125.68.0-255,4320,80714,18,351689
1916,0.000769,172.31.36.0-255,66,80780,18,351689
1917,0.000802,74.125.68.0-255,1484,82264,18,351689
1918,0.000826,74.125.68.0-255,2184,84448,18,351689
1919,0.000829,172.31.36.0-255,66,84514,18,351689
1920,0.000859,74.125.68.0-255,1484,85998,18,351689
1921,0.000883,74.125.68.0-255,1484,87482,18,351689
1922,0.000886,172.31.36.0-255,66,87548,18,351689
1923,0.000909,74.125.68.0-255,1484,89032,18,351689
1924,0.000915,74.125.68.0-255,4320,93352,18,351689
1925,0.000918,172.31.36.0-255,66,93418,18,351689
1926,0.000948,74.125.68.0-255,5738,99156,18,351689
1927,0.000951,172.31.36.0-255,66,99222,18,351689
1928,0.000976,74.125.68.0-255,2902,102124,18,351689
1929,0.00098,172.31.36.0-255,66,102190,18,351689
1930,0.000986,74.125.68.0-255,5738,107928,18,351689
1931,0.000989,172.31.36.0-255,66,107994,18,351689
1932,0.001001,74.125.68.0-255,7156,115150,18,351689
1933,0.001004,172.31.36.0-255,66,115216,18,351689
1934,0.001009,74.125.68.0-255,3602,118818,18,351689
1935,0.001011,172.31.36.0-255,66,118884,18,351689
1936,0.001053,74.125.68.0-255,1484,120368,18,351689
1937,0.001071,74.125.68.0-255,2902,123270,18,351689
1938,0.001075,172.31.36.0-255,66,123336,18,351689
1939,0.00108,74.125.68.0-255,2902,126238,18,351689
1940,0.001082,172.31.36.0-255,66,126304,18,351689
1941,0.001085,74.125.68.0-255,1484,127788,18,351689
1942,0.001115,74.125.68.0-255,2902,130690,18,351689
1943,0.001118,172.31.36.0-255,66,130756,18,351689
1944,0.001129,172.31.36.0-255,66,130822,18,351689
1945,0.00114,74.125.68.0-255,5738,136560,18,351689
1946,0.001143,172.31.36.0-255,66,136626,18,351689
1947,0.001148,74.125.68.0-255,4320,140946,18,351689
1948,0.001151,172.31.36.0-255,66,141012,18,351689
1949,0.001184,74.125.68.0-255,2902,143914,18,351689
1950,0.001187,172.31.36.0-255,66,143980,18,351689
1951,0.00119,74.125.68.0-255,766,144746,18,351689
1952,0.001277,74.125.68.0-255,1484,146230,18,351689
1953,0.00128,172.31.36.0-255,66,146296,18,351689
1954,0.001309,74.125.68.0-255,2902,149198,18,351689
1955,0.001314,172.31.36.0-255,66,149264,18,351689
1956,0.001315,74.125.68.0-255,4320,153584,18,351689
1957,0.001318,172.31.36.0-255,66,153650,18,351689
1958,0.001347,74.125.68.0-255,1484,155134,18,351689
1959,0.001363,172.31.36.0-255,66,155200,18,351689
1960,0.001375,172.31.36.0-255,66,155266,18,351689
1961,0.001378,74.125.68.0-255,1484,156750,18,351689
1962,0.001412,74.125.68.0-255,3602,160352,18,351689
1963,0.001415,172.31.36.0-255,66,160418,18,351689
1964,0.001525,74.125.68.0-255,1484,161902,18,351689
1965,0.001548,74.125.68.0-255,1484,163386,18,351689
1966,0.001551,172.31.36.0-255,66,163452,18,351689
1967,0.001579,74.125.68.0-255,1484,164936,18,351689
1968,0.001582,74.125.68.0-255,1484,166420,18,351689
1969,0.001585,172.31.36.0-255,66,166486,18,351689
1970,0.001607,74.125.68.0-255,4320,170806,18,351689
1971,0.00161,172.31.36.0-255,66,170872,18,351689
1972,0.001616,74.125.68.0-255,4320,175192,18,351689
1973,0.001618,172.31.36.0-255,66,175258,18,351689
1974,0.001624,74.125.68.0-255,5738,180996,18,351689
1975,0.001627,172.31.36.0-255,66,181062,18,351689
1976,0.00167,172.31.36.0-255,66,181128,18,351689
1977,0.001687,74.125.68.0-255,1484,182612,18,351689
1978,0.001717,172.31.36.0-255,66,182678,18,351689
1979,0.001729,74.125.68.0-255,7156,189834,18,351689
1980,0.00174,172.31.36.0-255,66,189900,18,351689
1981,0.001772,74.125.68.0-255,4320,194220,18,351689
1982,0.001775,172.31.36.0-255,66,194286,18,351689
1983,0.001781,74.125.68.0-255,4320,198606,18,351689
1984,0.001784,172.31.36.0-255,66,198672,18,351689
1985,0.001796,74.125.68.0-255,5738,204410,18,351689
1986,0.001799,172.31.36.0-255,66,204476,18,351689
1987,0.001803,74.125.68.0-255,3602,208078,18,351689
1988,0.001805,172.31.36.0-255,66,208144,18,351689
1989,0.001921,74.125.68.0-255,1484,209628,18,351689
1990,0.001943,74.125.68.0-255,2902,212530,18,351689
1991,0.001946,172.31.36.0-255,66,212596,18,351689
1992,0.001957,74.125.68.0-255,1484,214080,18,351689
1993,0.001973,74.125.68.0-255,2902,216982,18,351689
1994,0.001977,172.31.36.0-255,66,217048,18,351689
1995,0.002009,74.125.68.0-255,7156,224204,18,351689
1996,0.002012,172.31.36.0-255,66,224270,18,351689
1997,0.00208,172.31.36.0-255,66,224336,18,351689
1998,0.002083,74.125.68.0-255,1484,225820,18,351689
1999,0.002087,74.125.68.0-255,2902,228722,18,351689
2000,0.00209,172.31.36.0-255,66,228788,18,351689
2001,0.0021,74.125.68.0-255,4320,233108,18,351689
2002,0.002103,172.31.36.0-255,66,233174,18,351689
2003,0.002106,74.125.68.0-255,766,233940,18,351689
2004,0.002741,172.31.36.0-255,66,234006,18,351689
2005,0.004204,74.125.68.0-255,4320,238326,18,351689
2006,0.004211,172.31.36.0-255,66,238392,18,351689
2007,0.004829,74.125.68.0-255,1484,239876,18,351689
2008,0.006315,74.125.68.0-255,4320,244196,18,351689
2009,0.006319,172.31.36.0-255,66,244262,18,351689
2010,0.00842,74.125.68.0-255,5738,250000,18,351689
2011,0.008426,172.31.36.0-255,66,250066,18,351689
2012,0.010536,74.125.68.0-255,2902,252968,18,351689
2013,0.010542,172.31.36.0-255,66,253034,18,351689
2014,0.010568,74.125.68.0-255,2902,255936,18,351689
2015,0.010571,172.31.36.0-255,66,256002,18,351689
2016,0.012658,74.125.68.0-255,2902,258904,18,351689
2017,0.012666,172.31.36.0-255,66,258970,18,351689
2018,0.012697,74.125.68.0-255,2902,261872,18,351689
2019,0.012701,172.31.36.0-255,66,261938,18,351689
2020,0.014781,74.125.68.0-255,2902,264840,18,351689
2021,0.014788,172.31.36.0-255,66,264906,18,351689
2022,0.014822,74.125.68.0-255,2902,267808,18,351689
2023,0.014826,172.31.36.0-255,66,267874,18,351689
2024,0.016895,74.125.68.0-255,2902,270776,18,351689
2025,0.016901,172.31.36.0-255,66,270842,18,351689
2026,0.016929,74.125.68.0-255,2902,273744,18,351689
2027,0.016931,172.31.36.0-255,66,273810,18,351689
2028,0.019008,74.125.68.0-255,2902,276712,18,351689
2029,0.019018,172.31.36.0-255,66,276778,18,351689
2030,0.019073,74.125.68.0-255,2902,279680,18,351689
2031,0.019077,172.31.36.0-255,66,279746,18,351689
2032,0.021121,74.125.68.0-255,2902,282648,18,351689
2033,0.021129,172.31.36.0-255,66,282714,18,351689
2034,0.021181,74.125.68.0-255,2902,285616,18,351689
2035,0.021186,172.31.36.0-255,66,285682,18,351689
2036,0.023224,74.125.68.0-255,2902,288584,18,351689
2037,0.023231,172.31.36.0-255,66,288650,18,351689
2038,0.023284,74.125.68.0-255,2902,291552,18,351689
2039,0.023289,172.31.36.0-255,66,291618,18,351689
2040,0.025337,74.125.68.0-255,2902,294520,18,351689
2041,0.025344,172.31.36.0-255,66,294586,18,351689
2042,0.025386,74.125.68.0-255,2902,297488,18,351689
2043,0.025389,172.31.36.0-255,66,297554,18,351689
2044,0.027458,74.125.68.0-255,1484,299038,18,351689
2045,0.027521,74.125.68.0-255,4320,303358,18,351689
2046,0.027527,172.31.36.0-255,66,303424,18,351689
2047,0.029631,74.125.68.0-255,5738,309162,18,351689
2048,0.029637,172.31.36.0-255,66,309228,18,351689
2049,0.031749,74.125.68.0-255,5738,314966,18,351689
2050,0.031757,172.31.36.0-255,66,315032,18,351689
2051,0.033858,74.125.68.0-255,4320,319352,18,351689
2052,0.033864,172.31.36.0-255,66,319418,18,351689
2053,0.033894,74.125.68.0-255,1484,320902,18,351689
2054,0.035971,74.125.68.0-255,4320,325222,18,351689
2055,0.035978,172.31.36.0-255,66,325288,18,351689
2056,0.038095,74.125.68.0-255,5738,331026,18,351689
2057,0.038102,172.31.36.0-255,66,331092,18,351689
2058,0.040213,74.125.68.0-255,5738,336830,18,351689
2059,0.040219,172.31.36.0-255,66,336896,18,351689
2060,0.040364,172.31.36.0-255,172,337068,18,351689
2061,0.04039,172.31.36.0-255,1116,338184,18,351689
2062,0.040436,172.31.36.0-255,1514,339698,18,351689
2063,0.040439,172.31.36.0-255,1514,341212,18,351689
2064,0.040446,172.31.36.0-255,1514,342726,18,351689
2065,0.040447,172.31.36.0-255,1514,344240,18,351689
2066,0.040467,172.31.36.0-255,1501,345741,18,351689
2067,0.041949,104.244.42.0-255,66,345807,18,351689
2068,0.041976,104.244.42.0-255,66,345873,18,351689
2069,0.042054,104.244.42.0-255,66,345939,18,351689
2070,0.042116,104.244.42.0-255,66,346005,18,351689
2071,0.042322,74.125.68.0-255,5273,351278,18,351689
2072,0.042327,172.31.36.0-255,66,351344,18,351689
2073,0.042531,172.31.36.0-255,105,351449,18,351689
2074,0.042683,104.244.42.0-255,108,351557,18,351689
2075,0.042691,172.31.36.0-255,66,351623,18,351689
2076,0.044594,74.125.68.0-255,66,351689,18,351689
2077,0.0,74.125.24.0-255,153,153,18,322726
2078,5.2e-05,172.31.36.0-255,66,219,18,322726
2079,6e-05,74.125.24.0-255,1484,1703,18,322726
2080,6.4e-05,172.31.36.0-255,66,1769,18,322726
2081,7.9e-05,74.125.24.0-255,2902,4671,18,322726
2082,8.2e-05,172.31.36.0-255,66,4737,18,322726
2083,8.8e-05,74.125.24.0-255,7156,11893,18,322726
2084,9.2e-05,172.31.36.0-255,66,11959,18,322726
2085,9.6e-05,74.125.24.0-255,2038,13997,18,322726
2086,9.9e-05,172.31.36.0-255,66,14063,18,322726
2087,0.001167,74.125.24.0-255,1484,15547,18,322726
2088,0.001175,172.31.36.0-255,66,15613,18,322726
2089,0.001186,74.125.24.0-255,2902,18515,18,322726
2090,0.001196,172.31.36.0-255,66,18581,18,322726
2091,0.001203,74.125.24.0-255,5738,24319,18,322726
2092,0.001205,172.31.36.0-255,66,24385,18,322726
2093,0.001211,74.125.24.0-255,5738,30123,18,322726
2094,0.001213,172.31.36.0-255,66,30189,18,322726
2095,0.001278,172.31.36.0-255,66,30255,18,322726
2096,0.001283,74.125.24.0-255,5738,35993,18,322726
2097,0.001286,172.31.36.0-255,66,36059,18,322726
2098,0.001295,74.125.24.0-255,2902,38961,18,322726
2099,0.001297,172.31.36.0-255,66,39027,18,322726
2100,0.001322,74.125.24.0-255,4320,43347,18,322726
2101,0.001325,172.31.36.0-255,66,43413,18,322726
2102,0.001339,172.31.36.0-255,66,43479,18,322726
2103,0.001538,74.125.24.0-255,393,43872,18,322726
2104,0.001541,172.31.36.0-255,66,43938,18,322726
2105,0.001589,74.125.24.0-255,116,44054,18,322726
2106,0.001591,172.31.36.0-255,66,44120,18,322726
2107,0.001897,74.125.24.0-255,1484,45604,18,322726
2108,0.001902,74.125.24.0-255,1484,47088,18,322726
2109,0.001904,172.31.36.0-255,66,47154,18,322726
2110,0.001929,74.125.24.0-255,1484,48638,18,322726
2111,0.001935,74.125.24.0-255,5738,54376,18,322726
2112,0.001937,172.31.36.0-255,66,54442,18,322726
2113,0.001963,74.125.24.0-255,5738,60180,18,322726
2114,0.001966,172.31.36.0-255,66,60246,18,322726
2115,0.001992,74.125.24.0-255,7156,67402,18,322726
2116,0.001995,172.31.36.0-255,66,67468,18,322726
2117,0.001999,74.125.24.0-255,4320,71788,18,322726
2118,0.002001,172.31.36.0-255,66,71854,18,322726
2119,0.00202,74.125.24.0-255,6438,78292,18,322726
2120,0.002023,172.31.36.0-255,66,78358,18,322726
2121,0.00439,74.125.24.0-255,5738,84096,18,322726
2122,0.0044,172.31.36.0-255,66,84162,18,322726
2123,0.006738,74.125.24.0-255,5738,89900,18,322726
2124,0.006753,172.31.36.0-255,66,89966,18,322726
2125,0.009079,74.125.24.0-255,5738,95704,18,322726
2126,0.009087,172.31.36.0-255,66,95770,18,322726
2127,0.011428,74.125.24.0-255,5738,101508,18,322726
2128,0.011438,172.31.36.0-255,66,101574,18,322726
2129,0.013793,74.125.24.0-255,5738,107312,18,322726
2130,0.013802,172.31.36.0-255,66,107378,18,322726
2131,0.016118,74.125.24.0-255,5738,113116,18,322726
2132,0.016126,172.31.36.0-255,66,113182,18,322726
2133,0.018449,74.125.24.0-255,5738,118920,18,322726
2134,0.018456,172.31.36.0-255,66,118986,18,322726
2135,0.020772,74.125.24.0-255,5738,124724,18,322726
2136,0.020781,172.31.36.0-255,66,124790,18,322726
2137,0.023124,74.125.24.0-255,5738,130528,18,322726
2138,0.023132,172.31.36.0-255,66,130594,18,322726
2139,0.024575,172.31.36.0-255,172,130766,18,322726
2140,0.024636,172.31.36.0-255,1116,131882,18,322726
2141,0.024723,172.31.36.0-255,1514,133396,18,322726
2142,0.024725,172.31.36.0-255,1514,134910,18,322726
2143,0.024726,172.31.36.0-255,1514,136424,18,322726
2144,0.024731,172.31.36.0-255,1514,137938,18,322726
2145,0.024732,172.31.36.0-255,1500,139438,18,322726
2146,0.025481,74.125.24.0-255,5738,145176,18,322726
2147,0.025488,172.31.36.0-255,66,145242,18,322726
2148,0.026085,104.244.42.0-255,66,145308,18,322726
2149,0.026172,104.244.42.0-255,66,145374,18,322726
2150,0.026298,104.244.42.0-255,66,145440,18,322726
2151,0.027828,74.125.24.0-255,5738,151178,18,322726
2152,0.027834,172.31.36.0-255,66,151244,18,322726
2153,0.030169,74.125.24.0-255,5738,156982,18,322726
2154,0.030174,172.31.36.0-255,66,157048,18,322726
2155,0.032525,74.125.24.0-255,5738,162786,18,322726
2156,0.032531,172.31.36.0-255,66,162852,18,322726
2157,0.034863,74.125.24.0-255,5738,168590,18,322726
2158,0.034868,172.31.36.0-255,66,168656,18,322726
2159,0.037176,74.125.24.0-255,5738,174394,18,322726
2160,0.037182,172.31.36.0-255,66,174460,18,322726
2161,0.039505,74.125.24.0-255,5738,180198,18,322726
2162,0.039511,172.31.36.0-255,66,180264,18,322726
2163,0.041872,74.125.24.0-255,5738,186002,18,322726
2164,0.041894,172.31.36.0-255,66,186068,18,322726
2165,0.044249,74.125.24.0-255,5738,191806,18,322726
2166,0.044255,172.31.36.0-255,66,191872,18,322726
2167,0.046614,74.125.24.0-255,5738,197610,18,322726
2168,0.04662,172.31.36.0-255,66,197676,18,322726
2169,0.048942,74.125.24.0-255,5738,203414,18,322726
2170,0.048948,172.31.36.0-255,66,203480,18,322726
2171,0.051323,74.125.24.0-255,5738,209218,18,322726
2172,0.051328,172.31.36.0-255,66,209284,18,322726
2173,0.053689,74.125.24.0-255,5738,215022,18,322726
2174,0.053695,172.31.36.0-255,66,215088,18,322726
2175,0.056065,74.125.24.0-255,1484,216572,18,322726
2176,0.056092,74.125.24.0-255,4320,220892,18,322726
2177,0.056097,172.31.36.0-255,66,220958,18,322726
2178,0.058458,74.125.24.0-255,4320,225278,18,322726
2179,0.058462,172.31.36.0-255,66,225344,18,322726
2180,0.058493,74.125.24.0-255,1484,226828,18,322726
2181,0.06084,74.125.24.0-255,4320,231148,18,322726
2182,0.060847,172.31.36.0-255,66,231214,18,322726
2183,0.063189,74.125.24.0-255,5738,236952,18,322726
2184,0.063211,172.31.36.0-255,66,237018,18,322726
2185,0.065541,74.125.24.0-255,5738,242756,18,322726
2186,0.065559,172.31.36.0-255,66,242822,18,322726
2187,0.067923,74.125.24.0-255,5738,248560,18,322726
2188,0.067936,172.31.36.0-255,66,248626,18,322726
2189,0.070297,74.125.24.0-255,5738,254364,18,322726
2190,0.070302,172.31.36.0-255,66,254430,18,322726
2191,0.072624,74.125.24.0-255,4320,258750,18,322726
2192,0.072629,172.31.36.0-255,66,258816,18,322726
2193,0.072659,74.125.24.0-255,1484,260300,18,322726
2194,0.074946,74.125.24.0-255,4320,264620,18,322726
2195,0.074952,172.31.36.0-255,66,264686,18,322726
2196,0.077286,74.125.24.0-255,5738,270424,18,322726
2197,0.077292,172.31.36.0-255,66,270490,18,322726
2198,0.079649,74.125.24.0-255,5738,276228,18,322726
2199,0.079654,172.31.36.0-255,66,276294,18,322726
2200,0.081988,74.125.24.0-255,5738,282032,18,322726
2201,0.081993,172.31.36.0-255,66,282098,18,322726
2202,0.084302,74.125.24.0-255,5738,287836,18,322726
2203,0.084307,172.31.36.0-255,66,287902,18,322726
2204,0.086632,74.125.24.0-255,5738,293640,18,322726
2205,0.086637,172.31.36.0-255,66,293706,18,322726
2206,0.088961,74.125.24.0-255,5738,299444,18,322726
2207,0.088967,172.31.36.0-255,66,299510,18,322726
2208,0.091339,74.125.24.0-255,5738,305248,18,322726
2209,0.091344,172.31.36.0-255,66,305314,18,322726
2210,0.093713,74.125.24.0-255,5738,311052,18,322726
2211,0.093717,172.31.36.0-255,66,311118,18,322726
2212,0.096087,74.125.24.0-255,5738,316856,18,322726
2213,0.096092,172.31.36.0-255,66,316922,18,322726
2214,0.098424,74.125.24.0-255,5738,322660,18,322726
2215,0.09843,172.31.36.0-255,66,322726,18,322726
2216,0.0,74.125.24.0-255,152,152,18,339431
2217,3.2e-05,172.31.36.0-255,66,218,18,339431
2218,4e-05,74.125.24.0-255,1484,1702,18,339431
2219,4.5e-05,172.31.36.0-255,66,1768,18,339431
2220,4.8e-05,74.125.24.0-255,1484,3252,18,339431
2221,5.1e-05,172.31.36.0-255,66,3318,18,339431
2222,7.1e-05,74.125.24.0-255,1484,4802,18,339431
2223,7.3e-05,172.31.36.0-255,66,4868,18,339431
2224,8.1e-05,74.125.24.0-255,7156,12024,18,339431
2225,8.4e-05,172.31.36.0-255,66,12090,18,339431
2226,8.8e-05,74.125.24.0-255,2031,14121,18,339431
2227,8.9e-05,172.31.36.0-255,66,14187,18,339431
2228,0.000331,172.31.36.0-255,101,14288,18,339431
2229,0.000354,74.125.24.0-255,1484,15772,18,339431
2230,0.000373,74.125.24.0-255,2902,18674,18,339431
2231,0.000379,172.31.36.0-255,66,18740,18,339431
2232,0.00039,74.125.24.0-255,2902,21642,18,339431
2233,0.000394,172.31.36.0-255,66,21708,18,339431
2234,0.000415,74.125.24.0-255,2902,24610,18,339431
2235,0.000418,172.31.36.0-255,66,24676,18,339431
2236,0.000426,74.125.24.0-255,6797,31473,18,339431
2237,0.000429,172.31.36.0-255,66,31539,18,339431
2238,0.000521,74.125.24.0-255,1484,33023,18,339431
2239,0.000536,74.125.24.0-255,2902,35925,18,339431
2240,0.000538,74.125.24.0-255,1484,37409,18,339431
2241,0.000544,172.31.36.0-255,66,37475,18,339431
2242,0.000559,74.125.24.0-255,4320,41795,18,339431
2243,0.000562,172.31.36.0-255,66,41861,18,339431
2244,0.000574,74.125.24.0-255,2902,44763,18,339431
2245,0.000576,172.31.36.0-255,66,44829,18,339431
2246,0.000597,74.125.24.0-255,3961,48790,18,339431
2247,0.0006,172.31.36.0-255,66,48856,18,339431
2248,0.001778,74.125.24.0-255,1484,50340,18,339431
2249,0.001789,74.125.24.0-255,2902,53242,18,339431
2250,0.001794,172.31.36.0-255,66,53308,18,339431
2251,0.001818,74.125.24.0-255,5738,59046,18,339431
2252,0.00182,172.31.36.0-255,66,59112,18,339431
2253,0.001834,74.125.24.0-255,1484,60596,18,339431
2254,0.001847,74.125.24.0-255,5738,66334,18,339431
2255,0.001849,172.31.36.0-255,66,66400,18,339431
2256,0.001868,74.125.24.0-255,3961,70361,18,339431
2257,0.00187,172.31.36.0-255,66,70427,18,339431
2258,0.001882,172.31.36.0-255,66,70493,18,339431
2259,0.001885,74.125.24.0-255,1125,71618,18,339431
2260,0.001959,74.125.24.0-255,1484,73102,18,339431
2261,0.001961,172.31.36.0-255,66,73168,18,339431
2262,0.001965,74.125.24.0-255,2902,76070,18,339431
2263,0.001968,172.31.36.0-255,66,76136,18,339431
2264,0.001996,74.125.24.0-255,4320,80456,18,339431
2265,0.001999,172.31.36.0-255,66,80522,18,339431
2266,0.002042,74.125.24.0-255,4320,84842,18,339431
2267,0.002044,172.31.36.0-255,66,84908,18,339431
2268,0.002058,74.125.24.0-255,3961,88869,18,339431
2269,0.00206,172.31.36.0-255,66,88935,18,339431
2270,0.002097,74.125.24.0-255,645,89580,18,339431
2271,0.002589,74.125.24.0-255,1484,91064,18,339431
2272,0.002592,172.31.36.0-255,66,91130,18,339431
2273,0.002597,74.125.24.0-255,2902,94032,18,339431
2274,0.002599,172.31.36.0-255,66,94098,18,339431
2275,0.002626,74.125.24.0-255,5738,99836,18,339431
2276,0.002628,172.31.36.0-255,66,99902,18,339431
2277,0.002633,74.125.24.0-255,4320,104222,18,339431
2278,0.002635,172.31.36.0-255,66,104288,18,339431
2279,0.002654,172.31.36.0-255,66,104354,18,339431
2280,0.002657,74.125.24.0-255,1484,105838,18,339431
2281,0.002676,74.125.24.0-255,1484,107322,18,339431
2282,0.002678,172.31.36.0-255,66,107388,18,339431
2283,0.002721,74.125.24.0-255,2902,110290,18,339431
2284,0.002723,172.31.36.0-255,66,110356,18,339431
2285,0.002744,74.125.24.0-255,5020,115376,18,339431
2286,0.002746,172.31.36.0-255,66,115442,18,339431
2287,0.002754,74.125.24.0-255,7156,122598,18,339431
2288,0.002756,172.31.36.0-255,66,122664,18,339431
2289,0.00277,74.125.24.0-255,1484,124148,18,339431
2290,0.002772,74.125.24.0-255,1484,125632,18,339431
2291,0.002774,172.31.36.0-255,66,125698,18,339431
2292,0.003043,74.125.24.0-255,66,125764,18,339431
2293,0.005473,74.125.24.0-255,2902,128666,18,339431
2294,0.005479,172.31.36.0-255,66,128732,18,339431
2295,0.005516,74.125.24.0-255,2902,131634,18,339431
2296,0.005519,172.31.36.0-255,66,131700,18,339431
2297,0.008202,74.125.24.0-255,2902,134602,18,339431
2298,0.008209,172.31.36.0-255,66,134668,18,339431
2299,0.008236,74.125.24.0-255,1484,136152,18,339431
2300,0.008252,74.125.24.0-255,1484,137636,18,339431
2301,0.008255,172.31.36.0-255,66,137702,18,339431
2302,0.01095,74.125.24.0-255,2902,140604,18,339431
2303,0.010959,172.31.36.0-255,66,140670,18,339431
2304,0.010983,74.125.24.0-255,2902,143572,18,339431
2305,0.010987,172.31.36.0-255,66,143638,18,339431
2306,0.013695,74.125.24.0-255,2902,146540,18,339431
2307,0.013707,172.31.36.0-255,66,146606,18,339431
2308,0.013746,74.125.24.0-255,2902,149508,18,339431
2309,0.013749,172.31.36.0-255,66,149574,18,339431
2310,0.016427,74.125.24.0-255,2902,152476,18,339431
2311,0.016434,172.31.36.0-255,66,152542,18,339431
2312,0.016469,74.125.24.0-255,2902,155444,18,339431
2313,0.016472,172.31.36.0-255,66,155510,18,339431
2314,0.019156,74.125.24.0-255,2902,158412,18,339431
2315,0.019164,172.31.36.0-255,66,158478,18,339431
2316,0.0192,74.125.24.0-255,2902,161380,18,339431
2317,0.019203,172.31.36.0-255,66,161446,18,339431
2318,0.021907,74.125.24.0-255,2902,164348,18,339431
2319,0.021917,172.31.36.0-255,66,164414,18,339431
2320,0.021955,74.125.24.0-255,2902,167316,18,339431
2321,0.021959,172.31.36.0-255,66,167382,18,339431
2322,0.024688,74.125.24.0-255,2902,170284,18,339431
2323,0.024705,172.31.36.0-255,66,170350,18,339431
2324,0.024745,74.125.24.0-255,2902,173252,18,339431
2325,0.024749,172.31.36.0-255,66,173318,18,339431
2326,0.027445,74.125.24.0-255,2902,176220,18,339431
2327,0.027463,172.31.36.0-255,66,176286,18,339431
2328,0.027484,74.125.24.0-255,2902,179188,18,339431
2329,0.027487,172.31.36.0-255,66,179254,18,339431
2330,0.028977,172.31.36.0-255,172,179426,18,339431
2331,0.029007,172.31.36.0-255,1116,180542,18,339431
2332,0.029054,172.31.36.0-255,1514,182056,18,339431
2333,0.029056,172.31.36.0-255,1514,183570,18,339431
2334,0.029057,172.31.36.0-255,1514,185084,18,339431
2335,0.029062,172.31.36.0-255,1514,186598,18,339431
2336,0.029063,172.31.36.0-255,1499,188097,18,339431
2337,0.030243,74.125.24.0-255,5738,193835,18,339431
2338,0.030252,172.31.36.0-255,66,193901,18,339431
2339,0.030687,104.244.42.0-255,66,193967,18,339431
2340,0.030695,104.244.42.0-255,66,194033,18,339431
2341,0.030814,104.244.42.0-255,66,194099,18,339431
2342,0.032986,74.125.24.0-255,5738,199837,18,339431
2343,0.032997,172.31.36.0-255,66,199903,18,339431
2344,0.035738,74.125.24.0-255,5738,205641,18,339431
2345,0.035745,172.31.36.0-255,66,205707,18,339431
2346,0.03848,74.125.24.0-255,5738,211445,18,339431
2347,0.03849,172.31.36.0-255,66,211511,18,339431
2348,0.04125,74.125.24.0-255,4320,215831,18,339431
2349,0.041256,172.31.36.0-255,66,215897,18,339431
2350,0.041283,74.125.24.0-255,1484,217381,18,339431
2351,0.043976,74.125.24.0-255,4320,221701,18,339431
2352,0.043982,172.31.36.0-255,66,221767,18,339431
2353,0.046705,74.125.24.0-255,2902,224669,18,339431
2354,0.04671,172.31.36.0-255,66,224735,18,339431
2355,0.046743,74.125.24.0-255,2902,227637,18,339431
2356,0.046745,172.31.36.0-255,66,227703,18,339431
2357,0.049448,74.125.24.0-255,2902,230605,18,339431
2358,0.049454,172.31.36.0-255,66,230671,18,339431
2359,0.049474,74.125.24.0-255,1484,232155,18,339431
2360,0.049485,74.125.24.0-255,1484,233639,18,339431
2361,0.049487,172.31.36.0-255,66,233705,18,339431
2362,0.052152,74.125.24.0-255,2902,236607,18,339431
2363,0.052158,172.31.36.0-255,66,236673,18,339431
2364,0.052203,74.125.24.0-255,2902,239575,18,339431
2365,0.052207,172.31.36.0-255,66,239641,18,339431
2366,0.054918,74.125.24.0-255,5738,245379,18,339431
2367,0.054926,172.31.36.0-255,66,245445,18,339431
2368,0.057683,74.125.24.0-255,5738,251183,18,339431
2369,0.057693,172.31.36.0-255,66,251249,18,339431
2370,0.060428,74.125.24.0-255,5738,256987,18,339431
2371,0.060437,172.31.36.0-255,66,257053,18,339431
2372,0.063219,74.125.24.0-255,5738,262791,18,339431
2373,0.063228,172.31.36.0-255,66,262857,18,339431
2374,0.06597,74.125.24.0-255,5738,268595,18,339431
2375,0.065976,172.31.36.0-255,66,268661,18,339431
2376,0.068698,74.125.24.0-255,5738,274399,18,339431
2377,0.068706,172.31.36.0-255,66,274465,18,339431
2378,0.071432,74.125.24.0-255,5738,280203,18,339431
2379,0.071443,172.31.36.0-255,66,280269,18,339431
2380,0.074173,74.125.24.0-255,2902,283171,18,339431
2381,0.074178,172.31.36.0-255,66,283237,18,339431
2382,0.074212,74.125.24.0-255,2902,286139,18,339431
2383,0.074216,172.31.36.0-255,66,286205,18,339431
2384,0.076896,74.125.24.0-255,1484,287689,18,339431
2385,0.076922,74.125.24.0-255,1484,289173,18,339431
2386,0.076927,172.31.36.0-255,66,289239,18,339431
2387,0.07695,74.125.24.0-255,2902,292141,18,339431
2388,0.076953,172.31.36.0-255,66,292207,18,339431
2389,0.079638,74.125.24.0-255,2902,295109,18,339431
2390,0.079643,172.31.36.0-255,66,295175,18,339431
2391,0.079674,74.125.24.0-255,2902,298077,18,339431
2392,0.079677,172.31.36.0-255,66,298143,18,339431
2393,0.082389,74.125.24.0-255,5738,303881,18,339431
2394,0.082394,172.31.36.0-255,66,303947,18,339431
2395,0.085153,74.125.24.0-255,5738,309685,18,339431
2396,0.085158,172.31.36.0-255,66,309751,18,339431
2397,0.087918,74.125.24.0-255,2902,312653,18,339431
2398,0.087924,172.31.36.0-255,66,312719,18,339431
2399,0.087956,74.125.24.0-255,2902,315621,18,339431
2400,0.087959,172.31.36.0-255,66,315687,18,339431
2401,0.090638,74.125.24.0-255,2902,318589,18,339431
2402,0.090643,172.31.36.0-255,66,318655,18,339431
2403,0.090674,74.125.24.0-255,2902,321557,18,339431
2404,0.090678,172.31.36.0-255,66,321623,18,339431
2405,0.093342,74.125.24.0-255,2902,324525,18,339431
2406,0.093347,172.31.36.0-255,66,324591,18,339431
2407,0.093401,74.125.24.0-255,2902,327493,18,339431
2408,0.093405,172.31.36.0-255,66,327559,18,339431
2409,0.096062,74.125.24.0-255,2902,330461,18,339431
2410,0.096066,172.31.36.0-255,66,330527,18,339431
2411,0.096144,74.125.24.0-255,2902,333429,18,339431
2412,0.096147,172.31.36.0-255,66,333495,18,339431
2413,0.098787,74.125.24.0-255,2902,336397,18,339431
2414,0.098793,172.31.36.0-255,66,336463,18,339431
2415,0.098845,74.125.24.0-255,2902,339365,18,339431
2416,0.098849,172.31.36.0-255,66,339431,18,339431
2417,0.0,74.125.200.0-255,146,146,18,366069
2418,2.6e-05,172.31.36.0-255,66,212,18,366069
2419,3.5e-05,74.125.200.0-255,1484,1696,18,366069
2420,4e-05,172.31.36.0-255,66,1762,18,366069
2421,4.5e-05,74.125.200.0-255,2902,4664,18,366069
2422,4.8e-05,172.31.36.0-255,66,4730,18,366069
2423,5.5e-05,74.125.200.0-255,4320,9050,18,366069
2424,5.8e-05,172.31.36.0-255,66,9116,18,366069
2425,8.7e-05,74.125.200.0-255,4871,13987,18,366069
2426,9e-05,172.31.36.0-255,66,14053,18,366069
2427,0.000709,74.125.200.0-255,1484,15537,18,366069
2428,0.000716,172.31.36.0-255,66,15603,18,366069
2429,0.000727,74.125.200.0-255,2902,18505,18,366069
2430,0.000729,172.31.36.0-255,66,18571,18,366069
2431,0.000757,74.125.200.0-255,4320,22891,18,366069
2432,0.00076,172.31.36.0-255,66,22957,18,366069
2433,0.000782,74.125.200.0-255,5738,28695,18,366069
2434,0.000785,172.31.36.0-255,66,28761,18,366069
2435,0.000811,74.125.200.0-255,5379,34140,18,366069
2436,0.000815,172.31.36.0-255,66,34206,18,366069
2437,0.000822,74.125.200.0-255,5738,39944,18,366069
2438,0.000825,172.31.36.0-255,66,40010,18,366069
2439,0.000852,74.125.200.0-255,5738,45748,18,366069
2440,0.000856,172.31.36.0-255,66,45814,18,366069
2441,0.000887,74.125.200.0-255,7156,52970,18,366069
2442,0.000891,172.31.36.0-255,66,53036,18,366069
2443,0.000921,172.31.36.0-255,66,53102,18,366069
2444,0.00094,74.125.200.0-255,2184,55286,18,366069
2445,0.000943,172.31.36.0-255,66,55352,18,366069
2446,0.000947,74.125.200.0-255,400,55752,18,366069
2447,0.000949,172.31.36.0-255,66,55818,18,366069
2448,0.000951,74.125.200.0-255,110,55928,18,366069
2449,0.001215,74.125.200.0-255,1484,57412,18,366069
2450,0.00122,172.31.36.0-255,66,57478,18,366069
2451,0.001224,74.125.200.0-255,1484,58962,18,366069
2452,0.001237,74.125.200.0-255,1484,60446,18,366069
2453,0.001243,74.125.200.0-255,5738,66184,18,366069
2454,0.001254,74.125.200.0-255,1484,67668,18,366069
2455,0.001273,74.125.200.0-255,5738,73406,18,366069
2456,0.001277,172.31.36.0-255,66,73472,18,366069
2457,0.001293,74.125.200.0-255,1484,74956,18,366069
2458,0.001307,74.125.200.0-255,2902,77858,18,366069
2459,0.001335,172.31.36.0-255,66,77924,18,366069
2460,0.00135,74.125.200.0-255,2448,80372,18,366069
2461,0.001352,172.31.36.0-255,66,80438,18,366069
2462,0.001482,74.125.200.0-255,1484,81922,18,366069
2463,0.001503,74.125.200.0-255,2902,84824,18,366069
2464,0.001506,74.125.200.0-255,1484,86308,18,366069
2465,0.001513,172.31.36.0-255,66,86374,18,366069
2466,0.001524,74.125.200.0-255,4320,90694,18,366069
2467,0.001539,172.31.36.0-255,66,90760,18,366069
2468,0.001552,74.125.200.0-255,1484,92244,18,366069
2469,0.001585,172.31.36.0-255,66,92310,18,366069
2470,0.001595,74.125.200.0-255,1484,93794,18,366069
2471,0.001608,74.125.200.0-255,2902,96696,18,366069
2472,0.001617,172.31.36.0-255,66,96762,18,366069
2473,0.001669,172.31.36.0-255,66,96828,18,366069
2474,0.001689,74.125.200.0-255,4320,101148,18,366069
2475,0.001705,74.125.200.0-255,5738,106886,18,366069
2476,0.001719,172.31.36.0-255,66,106952,18,366069
2477,0.001736,74.125.200.0-255,2902,109854,18,366069
2478,0.001753,172.31.36.0-255,66,109920,18,366069
2479,0.001759,74.125.200.0-255,3602,113522,18,366069
2480,0.001763,172.31.36.0-255,66,113588,18,366069
2481,0.002539,74.125.200.0-255,1484,115072,18,366069
2482,0.002569,74.125.200.0-255,2902,117974,18,366069
2483,0.002574,172.31.36.0-255,66,118040,18,366069
2484,0.002585,74.125.200.0-255,2902,120942,18,366069
2485,0.002611,172.31.36.0-255,66,121008,18,366069
2486,0.002648,74.125.200.0-255,1484,122492,18,366069
2487,0.002653,74.125.200.0-255,2902,125394,18,366069
2488,0.002659,172.31.36.0-255,66,125460,18,366069
2489,0.00268,74.125.200.0-255,5738,131198,18,366069
2490,0.002686,74.125.200.0-255,5738,136936,18,366069
2491,0.0027,74.125.200.0-255,4320,141256,18,366069
2492,0.002705,172.31.36.0-255,66,141322,18,366069
2493,0.002719,74.125.200.0-255,6438,147760,18,366069
2494,0.002737,172.31.36.0-255,66,147826,18,366069
2495,0.005414,74.125.200.0-255,5738,153564,18,366069
2496,0.005421,172.31.36.0-255,66,153630,18,366069
2497,0.008114,74.125.200.0-255,5738,159368,18,366069
2498,0.008121,172.31.36.0-255,66,159434,18,366069
2499,0.010817,74.125.200.0-255,5738,165172,18,366069
2500,0.010828,172.31.36.0-255,66,165238,18,366069
2501,0.013507,74.125.200.0-255,5738,170976,18,366069
2502,0.013516,172.31.36.0-255,66,171042,18,366069
2503,0.016206,74.125.200.0-255,5738,176780,18,366069
2504,0.016213,172.31.36.0-255,66,176846,18,366069
2505,0.018896,74.125.200.0-255,5738,182584,18,366069
2506,0.018904,172.31.36.0-255,66,182650,18,366069
2507,0.021592,74.125.200.0-255,5738,188388,18,366069
2508,0.021599,172.31.36.0-255,66,188454,18,366069
2509,0.021629,172.31.36.0-255,172,188626,18,366069
2510,0.02167,172.31.36.0-255,1116,189742,18,366069
2511,0.02174,172.31.36.0-255,1514,191256,18,366069
2512,0.021742,172.31.36.0-255,1283,192539,18,366069
2513,0.023293,104.244.42.0-255,66,192605,18,366069
2514,0.023344,104.244.42.0-255,66,192671,18,366069
2515,0.023424,104.244.42.0-255,66,192737,18,366069
2516,0.024271,74.125.200.0-255,2902,195639,18,366069
2517,0.024276,172.31.36.0-255,66,195705,18,366069
2518,0.024312,74.125.200.0-255,2902,198607,18,366069
2519,0.024329,172.31.36.0-255,66,198673,18,366069
2520,0.026948,74.125.200.0-255,2902,201575,18,366069
2521,0.026953,172.31.36.0-255,66,201641,18,366069
2522,0.027,74.125.200.0-255,2902,204543,18,366069
2523,0.027008,172.31.36.0-255,66,204609,18,366069
2524,0.029652,74.125.200.0-255,2902,207511,18,366069
2525,0.029658,172.31.36.0-255,66,207577,18,366069
2526,0.029754,74.125.200.0-255,2902,210479,18,366069
2527,0.029776,172.31.36.0-255,66,210545,18,366069
2528,0.032329,74.125.200.0-255,2902,213447,18,366069
2529,0.032334,172.31.36.0-255,66,213513,18,366069
2530,0.032447,74.125.200.0-255,2902,216415,18,366069
2531,0.032452,172.31.36.0-255,66,216481,18,366069
2532,0.035001,74.125.200.0-255,2902,219383,18,366069
2533,0.035007,172.31.36.0-255,66,219449,18,366069
2534,0.035117,74.125.200.0-255,2902,222351,18,366069
2535,0.035121,172.31.36.0-255,66,222417,18,366069
2536,0.037679,74.125.200.0-255,2902,225319,18,366069
2537,0.037684,172.31.36.0-255,66,225385,18,366069
2538,0.037784,74.125.200.0-255,2902,228287,18,366069
2539,0.037789,172.31.36.0-255,66,228353,18,366069
2540,0.040388,74.125.200.0-255,2902,231255,18,366069
2541,0.040393,172.31.36.0-255,66,231321,18,366069
2542,0.040449,74.125.200.0-255,1484,232805,18,366069
2543,0.040464,74.125.200.0-255,1484,234289,18,366069
2544,0.04047,172.31.36.0-255,66,234355,18,366069
2545,0.043324,74.125.200.0-255,2902,237257,18,366069
2546,0.043329,172.31.36.0-255,66,237323,18,366069
2547,0.043388,74.125.200.0-255,2902,240225,18,366069
2548,0.043405,172.31.36.0-255,66,240291,18,366069
2549,0.046007,74.125.200.0-255,2902,243193,18,366069
2550,0.046013,172.31.36.0-255,66,243259,18,366069
2551,0.046073,74.125.200.0-255,2902,246161,18,366069
2552,0.046096,172.31.36.0-255,66,246227,18,366069
2553,0.048689,74.125.200.0-255,1484,247711,18,366069
2554,0.048721,74.125.200.0-255,1484,249195,18,366069
2555,0.048726,172.31.36.0-255,66,249261,18,366069
2556,0.048758,74.125.200.0-255,1484,250745,18,366069
2557,0.048761,172.31.36.0-255,66,250811,18,366069
2558,0.048778,74.125.200.0-255,1484,252295,18,366069
2559,0.04878,172.31.36.0-255,66,252361,18,366069
2560,0.051404,74.125.200.0-255,2902,255263,18,366069
2561,0.05141,172.31.36.0-255,66,255329,18,366069
2562,0.051441,74.125.200.0-255,1484,256813,18,366069
2563,0.051443,172.31.36.0-255,66,256879,18,366069
2564,0.051461,74.125.200.0-255,1484,258363,18,366069
2565,0.051462,172.31.36.0-255,66,258429,18,366069
2566,0.054102,74.125.200.0-255,2902,261331,18,366069
2567,0.054108,172.31.36.0-255,66,261397,18,366069
2568,0.054143,74.125.200.0-255,2902,264299,18,366069
2569,0.054145,172.31.36.0-255,66,264365,18,366069
2570,0.056822,74.125.200.0-255,2902,267267,18,366069
2571,0.056827,172.31.36.0-255,66,267333,18,366069
2572,0.056843,74.125.200.0-255,2902,270235,18,366069
2573,0.056845,172.31.36.0-255,66,270301,18,366069
2574,0.059505,74.125.200.0-255,2902,273203,18,366069
2575,0.059513,172.31.36.0-255,66,273269,18,366069
2576,0.059549,74.125.200.0-255,2902,276171,18,366069
2577,0.059552,172.31.36.0-255,66,276237,18,366069
2578,0.062174,74.125.200.0-255,2902,279139,18,366069
2579,0.06218,172.31.36.0-255,66,279205,18,366069
2580,0.062217,74.125.200.0-255,2902,282107,18,366069
2581,0.06222,172.31.36.0-255,66,282173,18,366069
2582,0.064841,74.125.200.0-255,2902,285075,18,366069
2583,0.064847,172.31.36.0-255,66,285141,18,366069
2584,0.064876,74.125.200.0-255,2902,288043,18,366069
2585,0.064878,172.31.36.0-255,66,288109,18,366069
2586,0.067533,74.125.200.0-255,2902,291011,18,366069
2587,0.067538,172.31.36.0-255,66,291077,18,366069
2588,0.067568,74.125.200.0-255,2902,293979,18,366069
2589,0.067571,172.31.36.0-255,66,294045,18,366069
2590,0.070211,74.125.200.0-255,2902,296947,18,366069
2591,0.070217,172.31.36.0-255,66,297013,18,366069
2592,0.070246,74.125.200.0-255,2902,299915,18,366069
2593,0.07025,172.31.36.0-255,66,299981,18,366069
2594,0.072887,74.125.200.0-255,2902,302883,18,366069
2595,0.072892,172.31.36.0-255,66,302949,18,366069
2596,0.072924,74.125.200.0-255,2902,305851,18,366069
2597,0.072928,172.31.36.0-255,66,305917,18,366069
2598,0.075566,74.125.200.0-255,2902,308819,18,366069
2599,0.075571,172.31.36.0-255,66,308885,18,366069
2600,0.075614,74.125.200.0-255,2902,311787,18,366069
2601,0.075618,172.31.36.0-255,66,311853,18,366069
2602,0.07824,74.125.200.0-255,2902,314755,18,366069
2603,0.078246,172.31.36.0-255,66,314821,18,366069
2604,0.078293,74.125.200.0-255,1484,316305,18,366069
2605,0.078297,172.31.36.0-255,66,316371,18,366069
2606,0.078311,74.125.200.0-255,1484,317855,18,366069
2607,0.078313,172.31.36.0-255,66,317921,18,366069
2608,0.080917,74.125.200.0-255,2902,320823,18,366069
2609,0.080923,172.31.36.0-255,66,320889,18,366069
2610,0.080968,74.125.200.0-255,1484,322373,18,366069
2611,0.080971,172.31.36.0-255,66,322439,18,366069
2612,0.08099,74.125.200.0-255,1484,323923,18,366069
2613,0.080993,172.31.36.0-255,66,323989,18,366069
2614,0.083642,74.125.200.0-255,1484,325473,18,366069
2615,0.083647,172.31.36.0-255,66,325539,18,366069
2616,0.083679,74.125.200.0-255,1484,327023,18,366069
2617,0.083683,172.31.36.0-255,66,327089,18,366069
2618,0.08371,74.125.200.0-255,2902,329991,18,366069
2619,0.083713,172.31.36.0-255,66,330057,18,366069
2620,0.086314,74.125.200.0-255,1484,331541,18,366069
2621,0.086319,172.31.36.0-255,66,331607,18,366069
2622,0.086378,74.125.200.0-255,2902,334509,18,366069
2623,0.086383,172.31.36.0-255,66,334575,18,366069
2624,0.086401,74.125.200.0-255,1484,336059,18,366069
2625,0.086404,172.31.36.0-255,66,336125,18,366069
2626,0.089,74.125.200.0-255,1484,337609,18,366069
2627,0.08902,172.31.36.0-255,66,337675,18,366069
2628,0.089053,74.125.200.0-255,2902,340577,18,366069
2629,0.089058,172.31.36.0-255,66,340643,18,366069
2630,0.089073,74.125.200.0-255,1484,342127,18,366069
2631,0.089076,172.31.36.0-255,66,342193,18,366069
2632,0.091699,74.125.200.0-255,1484,343677,18,366069
2633,0.091705,172.31.36.0-255,66,343743,18,366069
2634,0.091726,74.125.200.0-255,2902,346645,18,366069
2635,0.091729,172.31.36.0-255,66,346711,18,366069
2636,0.091746,74.125.200.0-255,1484,348195,18,366069
2637,0.091749,172.31.36.0-255,66,348261,18,366069
2638,0.094393,74.125.200.0-255,2902,351163,18,366069
2639,0.094398,172.31.36.0-255,66,351229,18,366069
2640,0.094428,74.125.200.0-255,2902,354131,18,366069
2641,0.094431,172.31.36.0-255,66,354197,18,366069
2642,0.09708,74.125.200.0-255,2902,357099,18,366069
2643,0.097085,172.31.36.0-255,66,357165,18,366069
2644,0.097119,74.125.200.0-255,2902,360067,18,366069
2645,0.097123,172.31.36.0-255,66,360133,18,366069
2646,0.099759,74.125.200.0-255,2902,363035,18,366069
2647,0.099765,172.31.36.0-255,66,363101,18,366069
2648,0.099795,74.125.200.0-255,2902,366003,18,366069
2649,0.099798,172.31.36.0-255,66,366069,18,366069
2650,0.0,74.125.24.0-255,143,143,18,370092
2651,1.6e-05,172.31.36.0-255,66,209,18,370092
2652,2.3e-05,74.125.24.0-255,1484,1693,18,370092
2653,2.8e-05,172.31.36.0-255,66,1759,18,370092
2654,4.1e-05,74.125.24.0-255,2902,4661,18,370092
2655,4.4e-05,172.31.36.0-255,66,4727,18,370092
2656,8.5e-05,74.125.24.0-255,7156,11883,18,370092
2657,8.8e-05,172.31.36.0-255,66,11949,18,370092
2658,0.000113,74.125.24.0-255,2030,13979,18,370092
2659,0.000115,172.31.36.0-255,66,14045,18,370092
2660,0.000138,74.125.24.0-255,2902,16947,18,370092
2661,0.000141,172.31.36.0-255,66,17013,18,370092
2662,0.000172,74.125.24.0-255,2902,19915,18,370092
2663,0.000174,172.31.36.0-255,66,19981,18,370092
2664,0.000177,74.125.24.0-255,1484,21465,18,370092
2665,0.00018,172.31.36.0-255,66,21531,18,370092
2666,0.000204,74.125.24.0-255,5738,27269,18,370092
2667,0.000206,172.31.36.0-255,66,27335,18,370092
2668,0.000229,74.125.24.0-255,2902,30237,18,370092
2669,0.000231,172.31.36.0-255,66,30303,18,370092
2670,0.000252,74.125.24.0-255,1125,31428,18,370092
2671,0.000257,172.31.36.0-255,66,31494,18,370092
2672,0.000452,74.125.24.0-255,1484,32978,18,370092
2673,0.000459,172.31.36.0-255,66,33044,18,370092
2674,0.00047,74.125.24.0-255,2902,35946,18,370092
2675,0.000472,172.31.36.0-255,66,36012,18,370092
2676,0.000482,74.125.24.0-255,4320,40332,18,370092
2677,0.000484,172.31.36.0-255,66,40398,18,370092
2678,0.000513,74.125.24.0-255,1484,41882,18,370092
2679,0.000516,172.31.36.0-255,66,41948,18,370092
2680,0.000522,74.125.24.0-255,4320,46268,18,370092
2681,0.000524,172.31.36.0-255,66,46334,18,370092
2682,0.000547,74.125.24.0-255,3961,50295,18,370092
2683,0.000581,74.125.24.0-255,5738,56033,18,370092
2684,0.000595,74.125.24.0-255,1435,57468,18,370092
2685,0.000597,74.125.24.0-255,109,57577,18,370092
2686,0.0006,172.31.36.0-255,66,57643,18,370092
2687,0.000624,74.125.24.0-255,332,57975,18,370092
2688,0.000638,172.31.36.0-255,66,58041,18,370092
2689,0.000986,74.125.24.0-255,1484,59525,18,370092
2690,0.000992,74.125.24.0-255,2902,62427,18,370092
2691,0.000995,172.31.36.0-255,66,62493,18,370092
2692,0.001022,74.125.24.0-255,2902,65395,18,370092
2693,0.001032,172.31.36.0-255,66,65461,18,370092
2694,0.001041,74.125.24.0-255,2902,68363,18,370092
2695,0.001059,172.31.36.0-255,66,68429,18,370092
2696,0.001071,74.125.24.0-255,1484,69913,18,370092
2697,0.00111,172.31.36.0-255,66,69979,18,370092
2698,0.001531,74.125.24.0-255,1484,71463,18,370092
2699,0.001535,74.125.24.0-255,1484,72947,18,370092
2700,0.001538,172.31.36.0-255,66,73013,18,370092
2701,0.001566,74.125.24.0-255,1484,74497,18,370092
2702,0.001573,74.125.24.0-255,5738,80235,18,370092
2703,0.001578,74.125.24.0-255,4320,84555,18,370092
2704,0.001596,74.125.24.0-255,1484,86039,18,370092
2705,0.001613,74.125.24.0-255,7156,93195,18,370092
2706,0.00162,172.31.36.0-255,66,93261,18,370092
2707,0.001629,74.125.24.0-255,2902,96163,18,370092
2708,0.001646,74.125.24.0-255,5738,101901,18,370092
2709,0.001648,172.31.36.0-255,66,101967,18,370092
2710,0.001676,74.125.24.0-255,2184,104151,18,370092
2711,0.001692,172.31.36.0-255,66,104217,18,370092
2712,0.001945,74.125.24.0-255,1484,105701,18,370092
2713,0.001949,74.125.24.0-255,1484,107185,18,370092
2714,0.001952,172.31.36.0-255,66,107251,18,370092
2715,0.001972,74.125.24.0-255,1484,108735,18,370092
2716,0.001979,74.125.24.0-255,5738,114473,18,370092
2717,0.002008,74.125.24.0-255,2902,117375,18,370092
2718,0.002019,74.125.24.0-255,1484,118859,18,370092
2719,0.00203,74.125.24.0-255,2902,121761,18,370092
2720,0.002041,74.125.24.0-255,1484,123245,18,370092
2721,0.002047,172.31.36.0-255,66,123311,18,370092
2722,0.002057,74.125.24.0-255,4320,127631,18,370092
2723,0.002059,74.125.24.0-255,1484,129115,18,370092
2724,0.002084,74.125.24.0-255,1484,130599,18,370092
2725,0.002089,172.31.36.0-255,66,130665,18,370092
2726,0.002121,74.125.24.0-255,2902,133567,18,370092
2727,0.002127,172.31.36.0-255,66,133633,18,370092
2728,0.00216,74.125.24.0-255,2902,136535,18,370092
2729,0.002177,74.125.24.0-255,7156,143691,18,370092
2730,0.0022,74.125.24.0-255,1484,145175,18,370092
2731,0.002218,74.125.24.0-255,6438,151613,18,370092
2732,0.002222,172.31.36.0-255,66,151679,18,370092
2733,0.002315,74.125.24.0-255,1484,153163,18,370092
2734,0.00233,74.125.24.0-255,2902,156065,18,370092
2735,0.002349,74.125.24.0-255,5738,161803,18,370092
2736,0.002352,74.125.24.0-255,1484,163287,18,370092
2737,0.002356,172.31.36.0-255,66,163353,18,370092
2738,0.002392,74.125.24.0-255,4320,167673,18,370092
2739,0.002409,74.125.24.0-255,5738,173411,18,370092
2740,0.002425,74.125.24.0-255,2902,176313,18,370092
2741,0.002427,74.125.24.0-255,1484,177797,18,370092
2742,0.002437,172.31.36.0-255,66,177863,18,370092
2743,0.002448,74.125.24.0-255,4320,182183,18,370092
2744,0.00245,74.125.24.0-255,1484,183667,18,370092
2745,0.00247,74.125.24.0-255,2184,185851,18,370092
2746,0.002472,172.31.36.0-255,66,185917,18,370092
2747,0.002494,172.31.36.0-255,66,185983,18,370092
2748,0.004914,74.125.24.0-255,2902,188885,18,370092
2749,0.00492,172.31.36.0-255,66,188951,18,370092
2750,0.004974,74.125.24.0-255,1484,190435,18,370092
2751,0.004991,74.125.24.0-255,1484,191919,18,370092
2752,0.007369,74.125.24.0-255,2902,194821,18,370092
2753,0.007928,172.31.36.0-255,66,194887,18,370092
2754,0.010371,74.125.24.0-255,5738,200625,18,370092
2755,0.010379,172.31.36.0-255,66,200691,18,370092
2756,0.012906,74.125.24.0-255,5738,206429,18,370092
2757,0.015246,172.31.36.0-255,66,206495,18,370092
2758,0.017697,74.125.24.0-255,5738,212233,18,370092
2759,0.017708,172.31.36.0-255,66,212299,18,370092
2760,0.020186,74.125.24.0-255,5738,218037,18,370092
2761,0.020196,172.31.36.0-255,66,218103,18,370092
2762,0.022692,74.125.24.0-255,5738,223841,18,370092
2763,0.022715,172.31.36.0-255,66,223907,18,370092
2764,0.02521,74.125.24.0-255,5738,229645,18,370092
2765,0.025217,172.31.36.0-255,66,229711,18,370092
2766,0.027733,74.125.24.0-255,5738,235449,18,370092
2767,0.027741,172.31.36.0-255,66,235515,18,370092
2768,0.030249,74.125.24.0-255,5738,241253,18,370092
2769,0.030258,172.31.36.0-255,66,241319,18,370092
2770,0.032713,74.125.24.0-255,5738,247057,18,370092
2771,0.032723,172.31.36.0-255,66,247123,18,370092
2772,0.035159,74.125.24.0-255,5738,252861,18,370092
2773,0.035167,172.31.36.0-255,66,252927,18,370092
2774,0.036047,172.31.36.0-255,172,253099,18,370092
2775,0.036077,172.31.36.0-255,1116,254215,18,370092
2776,0.036141,172.31.36.0-255,1514,255729,18,370092
2777,0.036142,172.31.36.0-255,1514,257243,18,370092
2778,0.036144,172.31.36.0-255,1514,258757,18,370092
2779,0.036148,172.31.36.0-255,1514,260271,18,370092
2780,0.036149,172.31.36.0-255,1500,261771,18,370092
2781,0.037625,74.125.24.0-255,5738,267509,18,370092
2782,0.037632,172.31.36.0-255,66,267575,18,370092
2783,0.037721,104.244.42.0-255,66,267641,18,370092
2784,0.037766,104.244.42.0-255,66,267707,18,370092
2785,0.037871,104.244.42.0-255,66,267773,18,370092
2786,0.040086,74.125.24.0-255,5738,273511,18,370092
2787,0.040093,172.31.36.0-255,66,273577,18,370092
2788,0.042588,74.125.24.0-255,5738,279315,18,370092
2789,0.042595,172.31.36.0-255,66,279381,18,370092
2790,0.045035,74.125.24.0-255,5738,285119,18,370092
2791,0.045042,172.31.36.0-255,66,285185,18,370092
2792,0.04753,74.125.24.0-255,5738,290923,18,370092
2793,0.047537,172.31.36.0-255,66,290989,18,370092
2794,0.049999,74.125.24.0-255,5738,296727,18,370092
2795,0.050005,172.31.36.0-255,66,296793,18,370092
2796,0.052473,74.125.24.0-255,5738,302531,18,370092
2797,0.052483,172.31.36.0-255,66,302597,18,370092
2798,0.054972,74.125.24.0-255,5738,308335,18,370092
2799,0.05498,172.31.36.0-255,66,308401,18,370092
2800,0.057482,74.125.24.0-255,5738,314139,18,370092
2801,0.057488,172.31.36.0-255,66,314205,18,370092
2802,0.059978,74.125.24.0-255,5738,319943,18,370092
2803,0.059985,172.31.36.0-255,66,320009,18,370092
2804,0.062508,74.125.24.0-255,5738,325747,18,370092
2805,0.062515,172.31.36.0-255,66,325813,18,370092
2806,0.06499,74.125.24.0-255,5738,331551,18,370092
2807,0.064997,172.31.36.0-255,66,331617,18,370092
2808,0.067473,74.125.24.0-255,5738,337355,18,370092
2809,0.067479,172.31.36.0-255,66,337421,18,370092
2810,0.069954,74.125.24.0-255,5738,343159,18,370092
2811,0.069961,172.31.36.0-255,66,343225,18,370092
2812,0.072452,74.125.24.0-255,5738,348963,18,370092
2813,0.072458,172.31.36.0-255,66,349029,18,370092
2814,0.074947,74.125.24.0-255,5738,354767,18,370092
2815,0.074956,172.31.36.0-255,66,354833,18,370092
2816,0.077439,74.125.24.0-255,5738,360571,18,370092
2817,0.077445,172.31.36.0-255,66,360637,18,370092
2818,0.079926,74.125.24.0-255,5738,366375,18,370092
2819,0.079933,172.31.36.0-255,66,366441,18,370092
2820,0.082397,74.125.24.0-255,3414,369855,18,370092
2821,0.082403,172.31.36.0-255,66,369921,18,370092
2822,0.082584,172.31.36.0-255,105,370026,18,370092
2823,0.085021,74.125.24.0-255,66,370092,18,370092
2824,0.0,74.125.24.0-255,143,143,18,372126
2825,2.6e-05,172.31.36.0-255,66,209,18,372126
2826,3.3e-05,74.125.24.0-255,1484,1693,18,372126
2827,3.8e-05,172.31.36.0-255,66,1759,18,372126
2828,4.3e-05,74.125.24.0-255,2902,4661,18,372126
2829,5.3e-05,172.31.36.0-255,66,4727,18,372126
2830,5.7e-05,74.125.24.0-255,2902,7629,18,372126
2831,5.9e-05,172.31.36.0-255,66,7695,18,372126
2832,9.3e-05,74.125.24.0-255,6301,13996,18,372126
2833,0.0001,172.31.36.0-255,66,14062,18,372126
2834,0.00017,74.125.24.0-255,1484,15546,18,372126
2835,0.000173,172.31.36.0-255,66,15612,18,372126
2836,0.000178,74.125.24.0-255,2902,18514,18,372126
2837,0.00018,172.31.36.0-255,66,18580,18,372126
2838,0.000208,74.125.24.0-255,5738,24318,18,372126
2839,0.000211,172.31.36.0-255,66,24384,18,372126
2840,0.000241,74.125.24.0-255,6797,31181,18,372126
2841,0.000243,172.31.36.0-255,66,31247,18,372126
2842,0.000305,74.125.24.0-255,1484,32731,18,372126
2843,0.000309,172.31.36.0-255,66,32797,18,372126
2844,0.000314,74.125.24.0-255,2902,35699,18,372126
2845,0.000316,172.31.36.0-255,66,35765,18,372126
2846,0.000342,74.125.24.0-255,5738,41503,18,372126
2847,0.000346,172.31.36.0-255,66,41569,18,372126
2848,0.000353,74.125.24.0-255,1484,43053,18,372126
2849,0.000356,172.31.36.0-255,66,43119,18,372126
2850,0.000367,172.31.36.0-255,66,43185,18,372126
2851,0.000388,74.125.24.0-255,5738,48923,18,372126
2852,0.000391,172.31.36.0-255,66,48989,18,372126
2853,0.000395,74.125.24.0-255,2902,51891,18,372126
2854,0.000397,172.31.36.0-255,66,51957,18,372126
2855,0.000431,74.125.24.0-255,4271,56228,18,372126
2856,0.000435,172.31.36.0-255,66,56294,18,372126
2857,0.000459,74.125.24.0-255,110,56404,18,372126
2858,0.000463,74.125.24.0-255,331,56735,18,372126
2859,0.000755,74.125.24.0-255,1484,58219,18,372126
2860,0.000762,172.31.36.0-255,66,58285,18,372126
2861,0.000769,74.125.24.0-255,2902,61187,18,372126
2862,0.000774,172.31.36.0-255,66,61253,18,372126
2863,0.000787,74.125.24.0-255,5738,66991,18,372126
2864,0.000791,172.31.36.0-255,66,67057,18,372126
2865,0.000796,74.125.24.0-255,5738,72795,18,372126
2866,0.000798,172.31.36.0-255,66,72861,18,372126
2867,0.000844,74.125.24.0-255,5020,77881,18,372126
2868,0.000895,172.31.36.0-255,66,77947,18,372126
2869,0.000903,172.31.36.0-255,66,78013,18,372126
2870,0.001431,74.125.24.0-255,1484,79497,18,372126
2871,0.001439,74.125.24.0-255,2902,82399,18,372126
2872,0.001443,172.31.36.0-255,66,82465,18,372126
2873,0.001451,74.125.24.0-255,5738,88203,18,372126
2874,0.001453,172.31.36.0-255,66,88269,18,372126
2875,0.001465,74.125.24.0-255,2902,91171,18,372126
2876,0.001467,172.31.36.0-255,66,91237,18,372126
2877,0.001505,172.31.36.0-255,66,91303,18,372126
2878,0.001516,172.31.36.0-255,66,91369,18,372126
2879,0.003505,74.125.24.0-255,5738,97107,18,372126
2880,0.00351,172.31.36.0-255,66,97173,18,372126
2881,0.005513,74.125.24.0-255,4320,101493,18,372126
2882,0.005518,172.31.36.0-255,66,101559,18,372126
2883,0.005544,74.125.24.0-255,1484,103043,18,372126
2884,0.007564,74.125.24.0-255,4320,107363,18,372126
2885,0.007571,172.31.36.0-255,66,107429,18,372126
2886,0.009588,74.125.24.0-255,5738,113167,18,372126
2887,0.009596,172.31.36.0-255,66,113233,18,372126
2888,0.0116,74.125.24.0-255,5738,118971,18,372126
2889,0.011609,172.31.36.0-255,66,119037,18,372126
2890,0.013608,74.125.24.0-255,5738,124775,18,372126
2891,0.013617,172.31.36.0-255,66,124841,18,372126
2892,0.015598,74.125.24.0-255,4320,129161,18,372126
2893,0.015604,172.31.36.0-255,66,129227,18,372126
2894,0.015626,74.125.24.0-255,1484,130711,18,372126
2895,0.017572,74.125.24.0-255,4320,135031,18,372126
2896,0.017579,172.31.36.0-255,66,135097,18,372126
2897,0.019554,74.125.24.0-255,5738,140835,18,372126
2898,0.019561,172.31.36.0-255,66,140901,18,372126
2899,0.021552,74.125.24.0-255,5738,146639,18,372126
2900,0.021558,172.31.36.0-255,66,146705,18,372126
2901,0.0219,172.31.36.0-255,172,146877,18,372126
2902,0.021928,172.31.36.0-255,1114,147991,18,372126
2903,0.021975,172.31.36.0-255,1514,149505,18,372126
2904,0.021977,172.31.36.0-255,1514,151019,18,372126
2905,0.021978,172.31.36.0-255,1514,152533,18,372126
2906,0.021979,172.31.36.0-255,1514,154047,18,372126
2907,0.02198,172.31.36.0-255,544,154591,18,372126
2908,0.023552,74.125.24.0-255,5738,160329,18,372126
2909,0.023558,172.31.36.0-255,66,160395,18,372126
2910,0.023566,104.244.42.0-255,66,160461,18,372126
2911,0.025526,74.125.24.0-255,5738,166199,18,372126
2912,0.025529,172.31.36.0-255,66,166265,18,372126
2913,0.027512,74.125.24.0-255,5738,172003,18,372126
2914,0.027519,172.31.36.0-255,66,172069,18,372126
2915,0.029515,74.125.24.0-255,5738,177807,18,372126
2916,0.029521,172.31.36.0-255,66,177873,18,372126
2917,0.031524,74.125.24.0-255,5738,183611,18,372126
2918,0.031533,172.31.36.0-255,66,183677,18,372126
2919,0.033547,74.125.24.0-255,5738,189415,18,372126
2920,0.033553,172.31.36.0-255,66,189481,18,372126
2921,0.03554,74.125.24.0-255,5738,195219,18,372126
2922,0.035545,172.31.36.0-255,66,195285,18,372126
2923,0.037573,74.125.24.0-255,5738,201023,18,372126
2924,0.037579,172.31.36.0-255,66,201089,18,372126
2925,0.039583,74.125.24.0-255,5738,206827,18,372126
2926,0.039589,172.31.36.0-255,66,206893,18,372126
2927,0.041606,74.125.24.0-255,5738,212631,18,372126
2928,0.041612,172.31.36.0-255,66,212697,18,372126
2929,0.043606,74.125.24.0-255,5738,218435,18,372126
2930,0.043618,172.31.36.0-255,66,218501,18,372126
2931,0.045633,74.125.24.0-255,5738,224239,18,372126
2932,0.045644,172.31.36.0-255,66,224305,18,372126
2933,0.04763,74.125.24.0-255,5738,230043,18,372126
2934,0.047636,172.31.36.0-255,66,230109,18,372126
2935,0.049637,74.125.24.0-255,5738,235847,18,372126
2936,0.049644,172.31.36.0-255,66,235913,18,372126
2937,0.051654,74.125.24.0-255,5738,241651,18,372126
2938,0.05166,172.31.36.0-255,66,241717,18,372126
2939,0.053665,74.125.24.0-255,5738,247455,18,372126
2940,0.053671,172.31.36.0-255,66,247521,18,372126
2941,0.055696,74.125.24.0-255,5738,253259,18,372126
2942,0.055705,172.31.36.0-255,66,253325,18,372126
2943,0.05773,74.125.24.0-255,5738,259063,18,372126
2944,0.057736,172.31.36.0-255,66,259129,18,372126
2945,0.059733,74.125.24.0-255,5738,264867,18,372126
2946,0.05974,172.31.36.0-255,66,264933,18,372126
2947,0.061732,74.125.24.0-255,5738,270671,18,372126
2948,0.061738,172.31.36.0-255,66,270737,18,372126
2949,0.063558,104.244.42.0-255,66,270803,18,372126
2950,0.063711,74.125.24.0-255,5738,276541,18,372126
2951,0.063715,172.31.36.0-255,66,276607,18,372126
2952,0.065723,74.125.24.0-255,5738,282345,18,372126
2953,0.06573,172.31.36.0-255,66,282411,18,372126
2954,0.067741,74.125.24.0-255,5738,288149,18,372126
2955,0.067747,172.31.36.0-255,66,288215,18,372126
2956,0.06975,74.125.24.0-255,5738,293953,18,372126
2957,0.069756,172.31.36.0-255,66,294019,18,372126
2958,0.071734,74.125.24.0-255,5738,299757,18,372126
2959,0.07174,172.31.36.0-255,66,299823,18,372126
2960,0.073734,74.125.24.0-255,5738,305561,18,372126
2961,0.07374,172.31.36.0-255,66,305627,18,372126
2962,0.075719,74.125.24.0-255,5738,311365,18,372126
2963,0.075725,172.31.36.0-255,66,311431,18,372126
2964,0.077688,74.125.24.0-255,5738,317169,18,372126
2965,0.077694,172.31.36.0-255,66,317235,18,372126
2966,0.079687,74.125.24.0-255,5738,322973,18,372126
2967,0.079692,172.31.36.0-255,66,323039,18,372126
2968,0.081707,74.125.24.0-255,5738,328777,18,372126
2969,0.081714,172.31.36.0-255,66,328843,18,372126
2970,0.083699,74.125.24.0-255,5738,334581,18,372126
2971,0.083704,172.31.36.0-255,66,334647,18,372126
2972,0.085671,74.125.24.0-255,5738,340385,18,372126
2973,0.085677,172.31.36.0-255,66,340451,18,372126
2974,0.087654,74.125.24.0-255,5738,346189,18,372126
2975,0.08766,172.31.36.0-255,66,346255,18,372126
2976,0.089652,74.125.24.0-255,5738,351993,18,372126
2977,0.089658,172.31.36.0-255,66,352059,18,372126
2978,0.091641,74.125.24.0-255,5738,357797,18,372126
2979,0.091648,172.31.36.0-255,66,357863,18,372126
2980,0.093675,74.125.24.0-255,5738,363601,18,372126
2981,0.093681,172.31.36.0-255,66,363667,18,372126
2982,0.095671,74.125.24.0-255,5738,369405,18,372126
2983,0.095677,172.31.36.0-255,66,369471,18,372126
2984,0.097653,74.125.24.0-255,2484,371955,18,372126
2985,0.097659,172.31.36.0-255,66,372021,18,372126
2986,0.098088,172.31.36.0-255,105,372126,18,372126
2987,0.0,74.125.24.0-255,153,153,18,157511
2988,2.3e-05,172.31.36.0-255,66,219,18,157511
2989,3.1e-05,74.125.24.0-255,1484,1703,18,157511
2990,3.5e-05,172.31.36.0-255,66,1769,18,157511
2991,4.8e-05,74.125.24.0-255,2902,4671,18,157511
2992,5.1e-05,172.31.36.0-255,66,4737,18,157511
2993,5.4e-05,74.125.24.0-255,1484,6221,18,157511
2994,5.6e-05,172.31.36.0-255,66,6287,18,157511
2995,7e-05,172.31.36.0-255,66,6353,18,157511
2996,0.000191,172.31.36.0-255,66,6419,18,157511
2997,0.00021,74.125.24.0-255,6797,13216,18,157511
2998,0.000214,172.31.36.0-255,66,13282,18,157511
2999,0.000385,74.125.24.0-255,7156,20438,18,157511
3000,0.000391,172.31.36.0-255,66,20504,18,157511
3001,0.000429,172.31.36.0-255,66,20570,18,157511
3002,0.000575,74.125.24.0-255,1125,21695,18,157511
3003,0.00058,172.31.36.0-255,66,21761,18,157511
3004,0.000622,172.31.36.0-255,66,21827,18,157511
3005,0.00081,74.125.24.0-255,1484,23311,18,157511
3006,0.000814,172.31.36.0-255,66,23377,18,157511
3007,0.000846,74.125.24.0-255,2902,26279,18,157511
3008,0.000849,172.31.36.0-255,66,26345,18,157511
3009,0.000881,74.125.24.0-255,5738,32083,18,157511
3010,0.000884,172.31.36.0-255,66,32149,18,157511
3011,0.000967,74.125.24.0-255,4320,36469,18,157511
3012,0.000971,172.31.36.0-255,66,36535,18,157511
3013,0.001003,172.31.36.0-255,66,36601,18,157511
3014,0.001118,74.125.24.0-255,5738,42339,18,157511
3015,0.001122,172.31.36.0-255,66,42405,18,157511
3016,0.001152,74.125.24.0-255,5020,47425,18,157511
3017,0.001156,172.31.36.0-255,66,47491,18,157511
3018,0.001256,74.125.24.0-255,5738,53229,18,157511
3019,0.001259,172.31.36.0-255,66,53295,18,157511
3020,0.001309,172.31.36.0-255,66,53361,18,157511
3021,0.001626,74.125.24.0-255,5020,58381,18,157511
3022,0.001631,172.31.36.0-255,66,58447,18,157511
3023,0.001692,74.125.24.0-255,2902,61349,18,157511
3024,0.001695,172.31.36.0-255,66,61415,18,157511
3025,0.001742,172.31.36.0-255,66,61481,18,157511
3026,0.001785,172.31.36.0-255,66,61547,18,157511
3027,0.002136,74.125.24.0-255,7156,68703,18,157511
3028,0.002141,172.31.36.0-255,66,68769,18,157511
3029,0.002185,172.31.36.0-255,66,68835,18,157511
3030,0.002225,172.31.36.0-255,66,68901,18,157511
3031,0.002573,172.31.36.0-255,66,68967,18,157511
3032,0.002597,172.31.36.0-255,66,69033,18,157511
3033,0.002673,172.31.36.0-255,66,69099,18,157511
3034,0.003502,172.31.36.0-255,66,69165,18,157511
3035,0.003546,172.31.36.0-255,66,69231,18,157511
3036,0.005992,172.31.36.0-255,66,69297,18,157511
3037,0.008138,74.125.24.0-255,5738,75035,18,157511
3038,0.008144,172.31.36.0-255,66,75101,18,157511
3039,0.010294,74.125.24.0-255,5738,80839,18,157511
3040,0.010301,172.31.36.0-255,66,80905,18,157511
3041,0.012456,74.125.24.0-255,5738,86643,18,157511
3042,0.012463,172.31.36.0-255,66,86709,18,157511
3043,0.014573,74.125.24.0-255,5738,92447,18,157511
3044,0.014583,172.31.36.0-255,66,92513,18,157511
3045,0.016733,74.125.24.0-255,5738,98251,18,157511
3046,0.01674,172.31.36.0-255,66,98317,18,157511
3047,0.018828,74.125.24.0-255,5738,104055,18,157511
3048,0.018837,172.31.36.0-255,66,104121,18,157511
3049,0.020996,74.125.24.0-255,5738,109859,18,157511
3050,0.021006,172.31.36.0-255,66,109925,18,157511
3051,0.023113,74.125.24.0-255,5738,115663,18,157511
3052,0.02312,172.31.36.0-255,66,115729,18,157511
3053,0.025256,74.125.24.0-255,5738,121467,18,157511
3054,0.025263,172.31.36.0-255,66,121533,18,157511
3055,0.027409,74.125.24.0-255,5738,127271,18,157511
3056,0.027416,172.31.36.0-255,66,127337,18,157511
3057,0.029527,74.125.24.0-255,5738,133075,18,157511
3058,0.029535,172.31.36.0-255,66,133141,18,157511
3059,0.031648,74.125.24.0-255,5738,138879,18,157511
3060,0.031657,172.31.36.0-255,66,138945,18,157511
3061,0.033826,74.125.24.0-255,5738,144683,18,157511
3062,0.033834,172.31.36.0-255,66,144749,18,157511
3063,0.036022,74.125.24.0-255,3416,148165,18,157511
3064,0.036029,172.31.36.0-255,66,148231,18,157511
3065,0.03623,172.31.36.0-255,105,148336,18,157511
3066,0.038337,74.125.24.0-255,66,148402,18,157511
3067,0.038546,172.31.36.0-255,172,148574,18,157511
3068,0.038577,172.31.36.0-255,1116,149690,18,157511
3069,0.038639,172.31.36.0-255,1514,151204,18,157511
3070,0.038641,172.31.36.0-255,1514,152718,18,157511
3071,0.038642,172.31.36.0-255,1514,154232,18,157511
3072,0.038646,172.31.36.0-255,1514,155746,18,157511
3073,0.038647,172.31.36.0-255,1501,157247,18,157511
3074,0.040194,104.244.42.0-255,66,157313,18,157511
3075,0.040222,104.244.42.0-255,66,157379,18,157511
3076,0.040308,104.244.42.0-255,66,157445,18,157511
3077,0.04033,104.244.42.0-255,66,157511,18,157511
3078,0.0,74.125.130.0-255,146,146,18,391000
3079,1.7e-05,172.31.36.0-255,66,212,18,391000
3080,3.8e-05,74.125.130.0-255,1484,1696,18,391000
3081,4.3e-05,172.31.36.0-255,66,1762,18,391000
3082,4.6e-05,74.125.130.0-255,1484,3246,18,391000
3083,4.9e-05,172.31.36.0-255,66,3312,18,391000
3084,6.2e-05,74.125.130.0-255,1484,4796,18,391000
3085,6.4e-05,172.31.36.0-255,66,4862,18,391000
3086,7.1e-05,74.125.130.0-255,4320,9182,18,391000
3087,9e-05,172.31.36.0-255,66,9248,18,391000
3088,0.000115,74.125.130.0-255,1484,10732,18,391000
3089,0.000117,172.31.36.0-255,66,10798,18,391000
3090,0.000124,74.125.130.0-255,3493,14291,18,391000
3091,0.000126,172.31.36.0-255,66,14357,18,391000
3092,0.000132,74.125.130.0-255,4320,18677,18,391000
3093,0.000134,172.31.36.0-255,66,18743,18,391000
3094,0.000157,74.125.130.0-255,4320,23063,18,391000
3095,0.000159,172.31.36.0-255,66,23129,18,391000
3096,0.000187,74.125.130.0-255,1484,24613,18,391000
3097,0.00019,172.31.36.0-255,66,24679,18,391000
3098,0.000208,74.125.130.0-255,4320,28999,18,391000
3099,0.00021,172.31.36.0-255,66,29065,18,391000
3100,0.000215,74.125.130.0-255,2543,31608,18,391000
3101,0.000217,172.31.36.0-255,66,31674,18,391000
3102,0.00029,74.125.130.0-255,1484,33158,18,391000
3103,0.000295,172.31.36.0-255,66,33224,18,391000
3104,0.0003,74.125.130.0-255,2902,36126,18,391000
3105,0.000303,172.31.36.0-255,66,36192,18,391000
3106,0.000307,74.125.130.0-255,2902,39094,18,391000
3107,0.000309,172.31.36.0-255,66,39160,18,391000
3108,0.000329,74.125.130.0-255,2902,42062,18,391000
3109,0.000332,172.31.36.0-255,66,42128,18,391000
3110,0.000337,74.125.130.0-255,4320,46448,18,391000
3111,0.000339,172.31.36.0-255,66,46514,18,391000
3112,0.000356,74.125.130.0-255,2543,49057,18,391000
3113,0.000358,172.31.36.0-255,66,49123,18,391000
3114,0.000364,74.125.130.0-255,4320,53443,18,391000
3115,0.000366,172.31.36.0-255,66,53509,18,391000
3116,0.000387,74.125.130.0-255,2902,56411,18,391000
3117,0.000391,172.31.36.0-255,66,56477,18,391000
3118,0.000397,74.125.130.0-255,5738,62215,18,391000
3119,0.000399,172.31.36.0-255,66,62281,18,391000
3120,0.000439,74.125.130.0-255,4212,66493,18,391000
3121,0.000441,172.31.36.0-255,66,66559,18,391000
3122,0.000445,74.125.130.0-255,115,66674,18,391000
3123,0.00055,74.125.130.0-255,1484,68158,18,391000
3124,0.000557,172.31.36.0-255,66,68224,18,391000
3125,0.000563,74.125.130.0-255,2902,71126,18,391000
3126,0.000566,172.31.36.0-255,66,71192,18,391000
3127,0.000569,74.125.130.0-255,1484,72676,18,391000
3128,0.000593,74.125.130.0-255,4320,76996,18,391000
3129,0.000596,172.31.36.0-255,66,77062,18,391000
3130,0.0006,74.125.130.0-255,2902,79964,18,391000
3131,0.000602,172.31.36.0-255,66,80030,18,391000
3132,0.000608,74.125.130.0-255,4320,84350,18,391000
3133,0.00061,172.31.36.0-255,66,84416,18,391000
3134,0.000614,74.125.130.0-255,2902,87318,18,391000
3135,0.000617,172.31.36.0-255,66,87384,18,391000
3136,0.00064,74.125.130.0-255,5738,93122,18,391000
3137,0.000644,172.31.36.0-255,66,93188,18,391000
3138,0.000654,172.31.36.0-255,66,93254,18,391000
3139,0.000657,74.125.130.0-255,385,93639,18,391000
3140,0.00127,74.125.130.0-255,1484,95123,18,391000
3141,0.001277,172.31.36.0-255,66,95189,18,391000
3142,0.00133,74.125.130.0-255,2902,98091,18,391000
3143,0.001334,172.31.36.0-255,66,98157,18,391000
3144,0.001442,74.125.130.0-255,1484,99641,18,391000
3145,0.001482,74.125.130.0-255,1484,101125,18,391000
3146,0.001486,172.31.36.0-255,66,101191,18,391000
3147,0.001501,74.125.130.0-255,2902,104093,18,391000
3148,0.001504,172.31.36.0-255,66,104159,18,391000
3149,0.001527,74.125.130.0-255,1484,105643,18,391000
3150,0.001571,74.125.130.0-255,2902,108545,18,391000
3151,0.001574,172.31.36.0-255,66,108611,18,391000
3152,0.001592,74.125.130.0-255,1484,110095,18,391000
3153,0.001598,74.125.130.0-255,2902,112997,18,391000
3154,0.0016,172.31.36.0-255,66,113063,18,391000
3155,0.001605,74.125.130.0-255,4320,117383,18,391000
3156,0.001606,172.31.36.0-255,66,117449,18,391000
3157,0.001618,74.125.130.0-255,1484,118933,18,391000
3158,0.001633,74.125.130.0-255,1484,120417,18,391000
3159,0.001637,74.125.130.0-255,2902,123319,18,391000
3160,0.001641,172.31.36.0-255,66,123385,18,391000
3161,0.001644,172.31.36.0-255,66,123451,18,391000
3162,0.001673,74.125.130.0-255,2902,126353,18,391000
3163,0.001676,172.31.36.0-255,66,126419,18,391000
3164,0.001695,74.125.130.0-255,2184,128603,18,391000
3165,0.001697,172.31.36.0-255,66,128669,18,391000
3166,0.003823,74.125.130.0-255,4320,132989,18,391000
3167,0.003828,172.31.36.0-255,66,133055,18,391000
3168,0.003843,74.125.130.0-255,1484,134539,18,391000
3169,0.006,74.125.130.0-255,2902,137441,18,391000
3170,0.006003,172.31.36.0-255,66,137507,18,391000
3171,0.006018,74.125.130.0-255,1484,138991,18,391000
3172,0.008156,74.125.130.0-255,4320,143311,18,391000
3173,0.008163,172.31.36.0-255,66,143377,18,391000
3174,0.010324,74.125.130.0-255,5738,149115,18,391000
3175,0.010334,172.31.36.0-255,66,149181,18,391000
3176,0.012493,74.125.130.0-255,5738,154919,18,391000
3177,0.012503,172.31.36.0-255,66,154985,18,391000
3178,0.014678,74.125.130.0-255,5738,160723,18,391000
3179,0.014695,172.31.36.0-255,66,160789,18,391000
3180,0.016853,74.125.130.0-255,5738,166527,18,391000
3181,0.016861,172.31.36.0-255,66,166593,18,391000
3182,0.019006,74.125.130.0-255,5738,172331,18,391000
3183,0.019013,172.31.36.0-255,66,172397,18,391000
3184,0.02117,74.125.130.0-255,5738,178135,18,391000
3185,0.021178,172.31.36.0-255,66,178201,18,391000
3186,0.021506,172.31.36.0-255,172,178373,18,391000
3187,0.02156,172.31.36.0-255,1116,179489,18,391000
3188,0.021627,172.31.36.0-255,1514,181003,18,391000
3189,0.021629,172.31.36.0-255,1283,182286,18,391000
3190,0.023253,104.244.42.0-255,66,182352,18,391000
3191,0.02328,104.244.42.0-255,66,182418,18,391000
3192,0.023359,104.244.42.0-255,66,182484,18,391000
3193,0.023377,74.125.130.0-255,4320,186804,18,391000
3194,0.023381,172.31.36.0-255,66,186870,18,391000
3195,0.023398,74.125.130.0-255,1484,188354,18,391000
3196,0.025885,74.125.130.0-255,4320,192674,18,391000
3197,0.025892,172.31.36.0-255,66,192740,18,391000
3198,0.028058,74.125.130.0-255,5738,198478,18,391000
3199,0.028065,172.31.36.0-255,66,198544,18,391000
3200,0.030267,74.125.130.0-255,5738,204282,18,391000
3201,0.030274,172.31.36.0-255,66,204348,18,391000
3202,0.032446,74.125.130.0-255,5738,210086,18,391000
3203,0.032453,172.31.36.0-255,66,210152,18,391000
3204,0.034609,74.125.130.0-255,5738,215890,18,391000
3205,0.034616,172.31.36.0-255,66,215956,18,391000
3206,0.036789,74.125.130.0-255,2902,218858,18,391000
3207,0.036796,172.31.36.0-255,66,218924,18,391000
3208,0.036817,74.125.130.0-255,2902,221826,18,391000
3209,0.03682,172.31.36.0-255,66,221892,18,391000
3210,0.038949,74.125.130.0-255,2902,224794,18,391000
3211,0.038955,172.31.36.0-255,66,224860,18,391000
3212,0.038973,74.125.130.0-255,2902,227762,18,391000
3213,0.038976,172.31.36.0-255,66,227828,18,391000
3214,0.041116,74.125.130.0-255,5738,233566,18,391000
3215,0.041123,172.31.36.0-255,66,233632,18,391000
3216,0.043298,74.125.130.0-255,5738,239370,18,391000
3217,0.043304,172.31.36.0-255,66,239436,18,391000
3218,0.045493,74.125.130.0-255,5738,245174,18,391000
3219,0.045507,172.31.36.0-255,66,245240,18,391000
3220,0.047686,74.125.130.0-255,5738,250978,18,391000
3221,0.047697,172.31.36.0-255,66,251044,18,391000
3222,0.049864,74.125.130.0-255,5738,256782,18,391000
3223,0.04987,172.31.36.0-255,66,256848,18,391000
3224,0.05203,74.125.130.0-255,5738,262586,18,391000
3225,0.052037,172.31.36.0-255,66,262652,18,391000
3226,0.054185,74.125.130.0-255,2902,265554,18,391000
3227,0.054191,172.31.36.0-255,66,265620,18,391000
3228,0.054213,74.125.130.0-255,2902,268522,18,391000
3229,0.054216,172.31.36.0-255,66,268588,18,391000
3230,0.056334,74.125.130.0-255,2902,271490,18,391000
3231,0.05634,172.31.36.0-255,66,271556,18,391000
3232,0.05636,74.125.130.0-255,2902,274458,18,391000
3233,0.056363,172.31.36.0-255,66,274524,18,391000
3234,0.058496,74.125.130.0-255,2902,277426,18,391000
3235,0.058503,172.31.36.0-255,66,277492,18,391000
3236,0.058523,74.125.130.0-255,2902,280394,18,391000
3237,0.058526,172.31.36.0-255,66,280460,18,391000
3238,0.060652,74.125.130.0-255,2902,283362,18,391000
3239,0.060657,172.31.36.0-255,66,283428,18,391000
3240,0.060678,74.125.130.0-255,2902,286330,18,391000
3241,0.060681,172.31.36.0-255,66,286396,18,391000
3242,0.062808,74.125.130.0-255,2902,289298,18,391000
3243,0.062817,172.31.36.0-255,66,289364,18,391000
3244,0.062839,74.125.130.0-255,2902,292266,18,391000
3245,0.062843,172.31.36.0-255,66,292332,18,391000
3246,0.064978,74.125.130.0-255,5738,298070,18,391000
3247,0.064985,172.31.36.0-255,66,298136,18,391000
3248,0.067145,74.125.130.0-255,5738,303874,18,391000
3249,0.067151,172.31.36.0-255,66,303940,18,391000
3250,0.069296,74.125.130.0-255,5738,309678,18,391000
3251,0.069302,172.31.36.0-255,66,309744,18,391000
3252,0.071528,74.125.130.0-255,5738,315482,18,391000
3253,0.071537,172.31.36.0-255,66,315548,18,391000
3254,0.0737,74.125.130.0-255,5738,321286,18,391000
3255,0.073706,172.31.36.0-255,66,321352,18,391000
3256,0.075867,74.125.130.0-255,5738,327090,18,391000
3257,0.075875,172.31.36.0-255,66,327156,18,391000
3258,0.078041,74.125.130.0-255,5738,332894,18,391000
3259,0.078053,172.31.36.0-255,66,332960,18,391000
3260,0.080211,74.125.130.0-255,5738,338698,18,391000
3261,0.080218,172.31.36.0-255,66,338764,18,391000
3262,0.082382,74.125.130.0-255,5738,344502,18,391000
3263,0.082389,172.31.36.0-255,66,344568,18,391000
3264,0.084538,74.125.130.0-255,5738,350306,18,391000
3265,0.084545,172.31.36.0-255,66,350372,18,391000
3266,0.086714,74.125.130.0-255,5738,356110,18,391000
3267,0.086721,172.31.36.0-255,66,356176,18,391000
3268,0.088888,74.125.130.0-255,5738,361914,18,391000
3269,0.088897,172.31.36.0-255,66,361980,18,391000
3270,0.091055,74.125.130.0-255,5738,367718,18,391000
3271,0.091062,172.31.36.0-255,66,367784,18,391000
3272,0.093218,74.125.130.0-255,5738,373522,18,391000
3273,0.093225,172.31.36.0-255,66,373588,18,391000
3274,0.095396,74.125.130.0-255,5738,379326,18,391000
3275,0.095403,172.31.36.0-255,66,379392,18,391000
3276,0.097571,74.125.130.0-255,5738,385130,18,391000
3277,0.097579,172.31.36.0-255,66,385196,18,391000
3278,0.099742,74.125.130.0-255,5738,390934,18,391000
3279,0.099749,172.31.36.0-255,66,391000,18,391000
3280,0.0,172.31.36.0-255,105,105,18,276
3281,0.082005,31.13.82.0-255,105,210,18,276
3282,0.082026,172.31.36.0-255,66,276,18,276
3283,0.0,172.31.36.0-255,66,66,18,66
3284,0.0,172.217.160.0-255,146,146,18,332614
3285,2.4e-05,172.31.36.0-255,66,212,18,332614
3286,3.2e-05,172.217.160.0-255,1484,1696,18,332614
3287,3.7e-05,172.31.36.0-255,66,1762,18,332614
3288,5.4e-05,172.217.160.0-255,2902,4664,18,332614
3289,5.7e-05,172.31.36.0-255,66,4730,18,332614
3290,6.6e-05,172.217.160.0-255,7156,11886,18,332614
3291,7e-05,172.31.36.0-255,66,11952,18,332614
3292,7.4e-05,172.217.160.0-255,2057,14009,18,332614
3293,7.8e-05,172.31.36.0-255,66,14075,18,332614
3294,0.000123,172.31.36.0-255,66,14141,18,332614
3295,0.000153,172.217.160.0-255,6797,20938,18,332614
3296,0.000156,172.31.36.0-255,66,21004,18,332614
3297,0.000163,172.217.160.0-255,7156,28160,18,332614
3298,0.000166,172.31.36.0-255,66,28226,18,332614
3299,0.000204,172.217.160.0-255,1484,29710,18,332614
3300,0.000207,172.31.36.0-255,66,29776,18,332614
3301,0.000241,172.31.36.0-255,66,29842,18,332614
3302,0.000268,172.217.160.0-255,2902,32744,18,332614
3303,0.000271,172.31.36.0-255,66,32810,18,332614
3304,0.000276,172.217.160.0-255,4320,37130,18,332614
3305,0.000279,172.31.36.0-255,66,37196,18,332614
3306,0.000293,172.31.36.0-255,66,37262,18,332614
3307,0.000297,172.217.160.0-255,1125,38387,18,332614
3308,0.000299,172.31.36.0-255,66,38453,18,332614
3309,0.000322,172.217.160.0-255,336,38789,18,332614
3310,0.000325,172.31.36.0-255,66,38855,18,332614
3311,0.000989,172.217.160.0-255,120,38975,18,332614
3312,0.000994,172.31.36.0-255,66,39041,18,332614
3313,0.001075,172.217.160.0-255,1484,40525,18,332614
3314,0.001082,172.217.160.0-255,2902,43427,18,332614
3315,0.001086,172.31.36.0-255,66,43493,18,332614
3316,0.00109,172.217.160.0-255,1484,44977,18,332614
3317,0.001121,172.217.160.0-255,4320,49297,18,332614
3318,0.001142,172.217.160.0-255,4320,53617,18,332614
3319,0.001148,172.31.36.0-255,66,53683,18,332614
3320,0.001158,172.217.160.0-255,2543,56226,18,332614
3321,0.00117,172.217.160.0-255,5738,61964,18,332614
3322,0.001188,172.217.160.0-255,1484,63448,18,332614
3323,0.001216,172.31.36.0-255,66,63514,18,332614
3324,0.001573,172.217.160.0-255,1484,64998,18,332614
3325,0.001583,172.217.160.0-255,2902,67900,18,332614
3326,0.001587,172.31.36.0-255,66,67966,18,332614
3327,0.001595,172.217.160.0-255,5738,73704,18,332614
3328,0.0016,172.217.160.0-255,2902,76606,18,332614
3329,0.001666,172.217.160.0-255,3602,80208,18,332614
3330,0.001692,172.217.160.0-255,4320,84528,18,332614
3331,0.001697,172.217.160.0-255,4320,88848,18,332614
3332,0.001718,172.217.160.0-255,5738,94586,18,332614
3333,0.001724,172.217.160.0-255,5738,100324,18,332614
3334,0.001799,172.217.160.0-255,1484,101808,18,332614
3335,0.001805,172.217.160.0-255,2902,104710,18,332614
3336,0.001863,172.217.160.0-255,5738,110448,18,332614
3337,0.00733,172.31.36.0-255,66,110514,18,332614
3338,0.009239,172.217.160.0-255,5738,116252,18,332614
3339,0.009248,172.31.36.0-255,66,116318,18,332614
3340,0.011156,172.217.160.0-255,5738,122056,18,332614
3341,0.012035,172.31.36.0-255,66,122122,18,332614
3342,0.013943,172.217.160.0-255,5738,127860,18,332614
3343,0.013952,172.31.36.0-255,66,127926,18,332614
3344,0.015864,172.217.160.0-255,5738,133664,18,332614
3345,0.015872,172.31.36.0-255,66,133730,18,332614
3346,0.017769,172.217.160.0-255,5738,139468,18,332614
3347,0.017778,172.31.36.0-255,66,139534,18,332614
3348,0.019675,172.217.160.0-255,5738,145272,18,332614
3349,0.019681,172.31.36.0-255,66,145338,18,332614
3350,0.02159,172.217.160.0-255,5738,151076,18,332614
3351,0.021598,172.31.36.0-255,66,151142,18,332614
3352,0.023493,172.217.160.0-255,5738,156880,18,332614
3353,0.0235,172.31.36.0-255,66,156946,18,332614
3354,0.025396,172.217.160.0-255,5738,162684,18,332614
3355,0.025404,172.31.36.0-255,66,162750,18,332614
3356,0.027322,172.217.160.0-255,5738,168488,18,332614
3357,0.027328,172.31.36.0-255,66,168554,18,332614
3358,0.029228,172.217.160.0-255,5738,174292,18,332614
3359,0.029235,172.31.36.0-255,66,174358,18,332614
3360,0.031133,172.217.160.0-255,5738,180096,18,332614
3361,0.03114,172.31.36.0-255,66,180162,18,332614
3362,0.033038,172.217.160.0-255,5738,185900,18,332614
3363,0.033048,172.31.36.0-255,66,185966,18,332614
3364,0.034943,172.217.160.0-255,5738,191704,18,332614
3365,0.03495,172.31.36.0-255,66,191770,18,332614
3366,0.036854,172.217.160.0-255,5738,197508,18,332614
3367,0.036862,172.31.36.0-255,66,197574,18,332614
3368,0.03848,172.31.36.0-255,172,197746,18,332614
3369,0.038513,172.31.36.0-255,1112,198858,18,332614
3370,0.038593,172.31.36.0-255,1514,200372,18,332614
3371,0.038595,172.31.36.0-255,1514,201886,18,332614
3372,0.038596,172.31.36.0-255,1514,203400,18,332614
3373,0.038597,172.31.36.0-255,1514,204914,18,332614
3374,0.038627,172.31.36.0-255,1514,206428,18,332614
3375,0.038634,172.31.36.0-255,913,207341,18,332614
3376,0.038769,172.217.160.0-255,5738,213079,18,332614
3377,0.038775,172.31.36.0-255,66,213145,18,332614
3378,0.04001,104.244.42.0-255,66,213211,18,332614
3379,0.040043,104.244.42.0-255,66,213277,18,332614
3380,0.040171,104.244.42.0-255,66,213343,18,332614
3381,0.040177,104.244.42.0-255,66,213409,18,332614
3382,0.040671,172.217.160.0-255,5738,219147,18,332614
3383,0.040679,172.31.36.0-255,66,219213,18,332614
3384,0.042582,172.217.160.0-255,5738,224951,18,332614
3385,0.042589,172.31.36.0-255,66,225017,18,332614
3386,0.044486,172.217.160.0-255,5738,230755,18,332614
3387,0.044493,172.31.36.0-255,66,230821,18,332614
3388,0.04641,172.217.160.0-255,5738,236559,18,332614
3389,0.046417,172.31.36.0-255,66,236625,18,332614
3390,0.048314,172.217.160.0-255,5738,242363,18,332614
3391,0.048324,172.31.36.0-255,66,242429,18,332614
3392,0.050265,172.217.160.0-255,5738,248167,18,332614
3393,0.050272,172.31.36.0-255,66,248233,18,332614
3394,0.05219,172.217.160.0-255,5738,253971,18,332614
3395,0.052197,172.31.36.0-255,66,254037,18,332614
3396,0.054105,172.217.160.0-255,5738,259775,18,332614
3397,0.054112,172.31.36.0-255,66,259841,18,332614
3398,0.056008,172.217.160.0-255,5738,265579,18,332614
3399,0.056015,172.31.36.0-255,66,265645,18,332614
3400,0.057956,172.217.160.0-255,5738,271383,18,332614
3401,0.057962,172.31.36.0-255,66,271449,18,332614
3402,0.059869,172.217.160.0-255,5738,277187,18,332614
3403,0.059877,172.31.36.0-255,66,277253,18,332614
3404,0.061784,172.217.160.0-255,5738,282991,18,332614
3405,0.061792,172.31.36.0-255,66,283057,18,332614
3406,0.063693,172.217.160.0-255,5738,288795,18,332614
3407,0.0637,172.31.36.0-255,66,288861,18,332614
3408,0.065595,172.217.160.0-255,4320,293181,18,332614
3409,0.0656,172.31.36.0-255,66,293247,18,332614
3410,0.065628,172.217.160.0-255,1484,294731,18,332614
3411,0.067503,172.217.160.0-255,4320,299051,18,332614
3412,0.06751,172.31.36.0-255,66,299117,18,332614
3413,0.06941,172.217.160.0-255,5738,304855,18,332614
3414,0.069449,172.31.36.0-255,66,304921,18,332614
3415,0.071337,172.217.160.0-255,5738,310659,18,332614
3416,0.071344,172.31.36.0-255,66,310725,18,332614
3417,0.073246,172.217.160.0-255,5738,316463,18,332614
3418,0.073254,172.31.36.0-255,66,316529,18,332614
3419,0.07515,172.217.160.0-255,5738,322267,18,332614
3420,0.075158,172.31.36.0-255,66,322333,18,332614
3421,0.077084,172.217.160.0-255,5738,328071,18,332614
3422,0.077091,172.31.36.0-255,66,328137,18,332614
3423,0.078993,172.217.160.0-255,4240,332377,18,332614
3424,0.079,172.31.36.0-255,66,332443,18,332614
3425,0.079185,172.31.36.0-255,105,332548,18,332614
3426,0.081062,172.217.160.0-255,66,332614,18,332614
3427,0.0,74.125.24.0-255,66,66,18,66
3428,0.0,172.217.194.0-255,153,153,18,171956
3429,3e-05,172.217.194.0-255,1484,1637,18,171956
3430,3.9e-05,172.31.36.0-255,66,1703,18,171956
3431,4.6e-05,172.217.194.0-255,2902,4605,18,171956
3432,4.9e-05,172.31.36.0-255,66,4671,18,171956
3433,5.5e-05,172.217.194.0-255,5738,10409,18,171956
3434,5.8e-05,172.31.36.0-255,66,10475,18,171956
3435,0.000101,172.217.194.0-255,3444,13919,18,171956
3436,0.000104,172.31.36.0-255,66,13985,18,171956
3437,0.000328,172.217.194.0-255,1484,15469,18,171956
3438,0.000344,172.217.194.0-255,2902,18371,18,171956
3439,0.000348,172.31.36.0-255,66,18437,18,171956
3440,0.000355,172.217.194.0-255,5738,24175,18,171956
3441,0.000357,172.31.36.0-255,66,24241,18,171956
3442,0.000364,172.217.194.0-255,5738,29979,18,171956
3443,0.000366,172.31.36.0-255,66,30045,18,171956
3444,0.000385,172.217.194.0-255,1125,31170,18,171956
3445,0.00049,172.217.194.0-255,1484,32654,18,171956
3446,0.000494,172.31.36.0-255,66,32720,18,171956
3447,0.000498,172.217.194.0-255,1484,34204,18,171956
3448,0.000514,172.217.194.0-255,1484,35688,18,171956
3449,0.000516,172.217.194.0-255,1484,37172,18,171956
3450,0.000519,172.31.36.0-255,66,37238,18,171956
3451,0.000542,172.217.194.0-255,4320,41558,18,171956
3452,0.000544,172.31.36.0-255,66,41624,18,171956
3453,0.000564,172.217.194.0-255,1484,43108,18,171956
3454,0.000595,172.31.36.0-255,66,43174,18,171956
3455,0.00064,172.31.36.0-255,66,43240,18,171956
3456,0.000643,172.217.194.0-255,364,43604,18,171956
3457,0.000871,172.217.194.0-255,379,43983,18,171956
3458,0.000888,172.31.36.0-255,66,44049,18,171956
3459,0.001002,172.217.194.0-255,1484,45533,18,171956
3460,0.001012,172.217.194.0-255,2902,48435,18,171956
3461,0.001017,172.31.36.0-255,66,48501,18,171956
3462,0.001024,172.217.194.0-255,5738,54239,18,171956
3463,0.001026,172.31.36.0-255,66,54305,18,171956
3464,0.001029,172.217.194.0-255,1484,55789,18,171956
3465,0.001031,172.217.194.0-255,1484,57273,18,171956
3466,0.001033,172.31.36.0-255,66,57339,18,171956
3467,0.001064,172.217.194.0-255,7156,64495,18,171956
3468,0.001067,172.31.36.0-255,66,64561,18,171956
3469,0.001074,172.217.194.0-255,5738,70299,18,171956
3470,0.001076,172.31.36.0-255,66,70365,18,171956
3471,0.001101,172.31.36.0-255,66,70431,18,171956
3472,0.002027,172.217.194.0-255,1484,71915,18,171956
3473,0.002035,172.217.194.0-255,2902,74817,18,171956
3474,0.002039,172.31.36.0-255,66,74883,18,171956
3475,0.002087,172.217.194.0-255,5738,80621,18,171956
3476,0.002089,172.31.36.0-255,66,80687,18,171956
3477,0.0021,172.31.36.0-255,66,80753,18,171956
3478,0.002114,172.217.194.0-255,4320,85073,18,171956
3479,0.002116,172.31.36.0-255,66,85139,18,171956
3480,0.002136,172.217.194.0-255,1484,86623,18,171956
3481,0.002159,172.31.36.0-255,66,86689,18,171956
3482,0.002864,172.217.194.0-255,1484,88173,18,171956
3483,0.002882,172.217.194.0-255,2902,91075,18,171956
3484,0.002884,172.31.36.0-255,66,91141,18,171956
3485,0.002888,172.217.194.0-255,2902,94043,18,171956
3486,0.00289,172.31.36.0-255,66,94109,18,171956
3487,0.002904,172.217.194.0-255,2902,97011,18,171956
3488,0.002906,172.31.36.0-255,66,97077,18,171956
3489,0.002929,172.217.194.0-255,2902,99979,18,171956
3490,0.002932,172.31.36.0-255,66,100045,18,171956
3491,0.002957,172.31.36.0-255,66,100111,18,171956
3492,0.002964,172.217.194.0-255,7156,107267,18,171956
3493,0.002966,172.31.36.0-255,66,107333,18,171956
3494,0.002985,172.217.194.0-255,1484,108817,18,171956
3495,0.002988,172.217.194.0-255,1484,110301,18,171956
3496,0.002989,172.31.36.0-255,66,110367,18,171956
3497,0.002992,172.217.194.0-255,766,111133,18,171956
3498,0.003235,172.217.194.0-255,1484,112617,18,171956
3499,0.003238,172.31.36.0-255,66,112683,18,171956
3500,0.003241,172.217.194.0-255,1484,114167,18,171956
3501,0.003255,172.217.194.0-255,1484,115651,18,171956
3502,0.003258,172.31.36.0-255,66,115717,18,171956
3503,0.00326,172.217.194.0-255,1484,117201,18,171956
3504,0.003298,172.31.36.0-255,66,117267,18,171956
3505,0.003301,172.217.194.0-255,1484,118751,18,171956
3506,0.003327,172.31.36.0-255,66,118817,18,171956
3507,0.003367,172.217.194.0-255,4320,123137,18,171956
3508,0.00337,172.31.36.0-255,66,123203,18,171956
3509,0.003385,172.31.36.0-255,66,123269,18,171956
3510,0.003387,172.217.194.0-255,1484,124753,18,171956
3511,0.003417,172.31.36.0-255,66,124819,18,171956
3512,0.003436,172.217.194.0-255,6438,131257,18,171956
3513,0.003438,172.31.36.0-255,66,131323,18,171956
3514,0.003452,172.217.194.0-255,2902,134225,18,171956
3515,0.003454,172.31.36.0-255,66,134291,18,171956
3516,0.00349,172.31.36.0-255,66,134357,18,171956
3517,0.003503,172.31.36.0-255,66,134423,18,171956
3518,0.003524,172.217.194.0-255,3602,138025,18,171956
3519,0.003526,172.31.36.0-255,66,138091,18,171956
3520,0.003541,172.31.36.0-255,66,138157,18,171956
3521,0.003585,172.217.194.0-255,7156,145313,18,171956
3522,0.003588,172.31.36.0-255,66,145379,18,171956
3523,0.003614,172.217.194.0-255,2902,148281,18,171956
3524,0.003616,172.31.36.0-255,66,148347,18,171956
3525,0.003628,172.31.36.0-255,66,148413,18,171956
3526,0.003639,172.31.36.0-255,66,148479,18,171956
3527,0.003657,172.31.36.0-255,66,148545,18,171956
3528,0.003682,172.31.36.0-255,66,148611,18,171956
3529,0.003685,172.217.194.0-255,1484,150095,18,171956
3530,0.003724,172.31.36.0-255,66,150161,18,171956
3531,0.003731,172.217.194.0-255,6438,156599,18,171956
3532,0.003733,172.31.36.0-255,66,156665,18,171956
3533,0.003773,172.217.194.0-255,1484,158149,18,171956
3534,0.003806,172.31.36.0-255,66,158215,18,171956
3535,0.003811,172.217.194.0-255,2902,161117,18,171956
3536,0.003813,172.31.36.0-255,66,161183,18,171956
3537,0.003852,172.31.36.0-255,66,161249,18,171956
3538,0.003856,172.217.194.0-255,2217,163466,18,171956
3539,0.003858,172.31.36.0-255,66,163532,18,171956
3540,0.003891,172.217.194.0-255,105,163637,18,171956
3541,0.009172,172.31.36.0-255,105,163742,18,171956
3542,0.01151,172.217.194.0-255,66,163808,18,171956
3543,0.026847,172.31.36.0-255,172,163980,18,171956
3544,0.026878,172.31.36.0-255,1115,165095,18,171956
3545,0.026927,172.31.36.0-255,1514,166609,18,171956
3546,0.026929,172.31.36.0-255,1514,168123,18,171956
3547,0.02693,172.31.36.0-255,1514,169637,18,171956
3548,0.026931,172.31.36.0-255,1514,171151,18,171956
3549,0.026932,172.31.36.0-255,541,171692,18,171956
3550,0.028395,104.244.42.0-255,66,171758,18,171956
3551,0.028429,104.244.42.0-255,66,171824,18,171956
3552,0.028474,104.244.42.0-255,66,171890,18,171956
3553,0.028476,104.244.42.0-255,66,171956,18,171956
3554,0.0,172.217.27.0-255,66,66,18,66
3555,0.0,74.125.130.0-255,156,156,18,379469
3556,2.6e-05,172.31.36.0-255,66,222,18,379469
3557,3.2e-05,74.125.130.0-255,1484,1706,18,379469
3558,3.5e-05,172.31.36.0-255,66,1772,18,379469
3559,5.2e-05,74.125.130.0-255,2902,4674,18,379469
3560,5.4e-05,172.31.36.0-255,66,4740,18,379469
3561,5.7e-05,74.125.130.0-255,1484,6224,18,379469
3562,5.9e-05,172.31.36.0-255,66,6290,18,379469
3563,7.9e-05,74.125.130.0-255,2902,9192,18,379469
3564,8.2e-05,172.31.36.0-255,66,9258,18,379469
3565,0.000103,74.125.130.0-255,2902,12160,18,379469
3566,0.000106,172.31.36.0-255,66,12226,18,379469
3567,0.000132,74.125.130.0-255,4882,17108,18,379469
3568,0.000135,172.31.36.0-255,66,17174,18,379469
3569,0.000144,172.31.36.0-255,66,17240,18,379469
3570,0.000173,74.125.130.0-255,4320,21560,18,379469
3571,0.000176,172.31.36.0-255,66,21626,18,379469
3572,0.000179,74.125.130.0-255,1484,23110,18,379469
3573,0.000181,172.31.36.0-255,66,23176,18,379469
3574,0.000198,74.125.130.0-255,4320,27496,18,379469
3575,0.000201,172.31.36.0-255,66,27562,18,379469
3576,0.000204,74.125.130.0-255,1484,29046,18,379469
3577,0.000206,172.31.36.0-255,66,29112,18,379469
3578,0.000227,74.125.130.0-255,2902,32014,18,379469
3579,0.000229,172.31.36.0-255,66,32080,18,379469
3580,0.000246,74.125.130.0-255,2902,34982,18,379469
3581,0.000249,172.31.36.0-255,66,35048,18,379469
3582,0.000273,74.125.130.0-255,2902,37950,18,379469
3583,0.000277,172.31.36.0-255,66,38016,18,379469
3584,0.000282,74.125.130.0-255,2184,40200,18,379469
3585,0.000284,172.31.36.0-255,66,40266,18,379469
3586,0.000422,74.125.130.0-255,1484,41750,18,379469
3587,0.000467,74.125.130.0-255,1484,43234,18,379469
3588,0.000471,172.31.36.0-255,66,43300,18,379469
3589,0.000474,74.125.130.0-255,1484,44784,18,379469
3590,0.000491,74.125.130.0-255,1484,46268,18,379469
3591,0.000493,172.31.36.0-255,66,46334,18,379469
3592,0.000511,74.125.130.0-255,5738,52072,18,379469
3593,0.000514,172.31.36.0-255,66,52138,18,379469
3594,0.000518,74.125.130.0-255,2902,55040,18,379469
3595,0.00052,172.31.36.0-255,66,55106,18,379469
3596,0.000547,74.125.130.0-255,3122,58228,18,379469
3597,0.000551,172.31.36.0-255,66,58294,18,379469
3598,0.001085,74.125.130.0-255,1484,59778,18,379469
3599,0.001109,74.125.130.0-255,2902,62680,18,379469
3600,0.001113,172.31.36.0-255,66,62746,18,379469
3601,0.001119,74.125.130.0-255,2902,65648,18,379469
3602,0.001121,172.31.36.0-255,66,65714,18,379469
3603,0.001143,74.125.130.0-255,2902,68616,18,379469
3604,0.001145,172.31.36.0-255,66,68682,18,379469
3605,0.00115,74.125.130.0-255,2902,71584,18,379469
3606,0.001152,172.31.36.0-255,66,71650,18,379469
3607,0.001163,74.125.130.0-255,1484,73134,18,379469
3608,0.001177,74.125.130.0-255,2902,76036,18,379469
3609,0.001179,172.31.36.0-255,66,76102,18,379469
3610,0.001184,74.125.130.0-255,2902,79004,18,379469
3611,0.001185,172.31.36.0-255,66,79070,18,379469
3612,0.001202,74.125.130.0-255,5738,84808,18,379469
3613,0.001204,172.31.36.0-255,66,84874,18,379469
3614,0.00124,74.125.130.0-255,1484,86358,18,379469
3615,0.001258,74.125.130.0-255,6438,92796,18,379469
3616,0.001261,172.31.36.0-255,66,92862,18,379469
3617,0.001759,74.125.130.0-255,1484,94346,18,379469
3618,0.001773,74.125.130.0-255,1484,95830,18,379469
3619,0.001777,172.31.36.0-255,66,95896,18,379469
3620,0.001795,74.125.130.0-255,1484,97380,18,379469
3621,0.001798,74.125.130.0-255,1484,98864,18,379469
3622,0.0018,172.31.36.0-255,66,98930,18,379469
3623,0.001803,74.125.130.0-255,1484,100414,18,379469
3624,0.001815,74.125.130.0-255,1484,101898,18,379469
3625,0.001817,172.31.36.0-255,66,101964,18,379469
3626,0.001822,74.125.130.0-255,2902,104866,18,379469
3627,0.001824,172.31.36.0-255,66,104932,18,379469
3628,0.001846,74.125.130.0-255,2902,107834,18,379469
3629,0.001847,172.31.36.0-255,66,107900,18,379469
3630,0.001852,74.125.130.0-255,2902,110802,18,379469
3631,0.001853,172.31.36.0-255,66,110868,18,379469
3632,0.001856,74.125.130.0-255,1484,112352,18,379469
3633,0.001872,74.125.130.0-255,2902,115254,18,379469
3634,0.001875,172.31.36.0-255,66,115320,18,379469
3635,0.001881,74.125.130.0-255,5738,121058,18,379469
3636,0.001883,172.31.36.0-255,66,121124,18,379469
3637,0.001904,74.125.130.0-255,2902,124026,18,379469
3638,0.001906,172.31.36.0-255,66,124092,18,379469
3639,0.001911,74.125.130.0-255,3602,127694,18,379469
3640,0.001913,172.31.36.0-255,66,127760,18,379469
3641,0.001917,74.125.130.0-255,4320,132080,18,379469
3642,0.001919,172.31.36.0-255,66,132146,18,379469
3643,0.001923,74.125.130.0-255,2902,135048,18,379469
3644,0.001925,172.31.36.0-255,66,135114,18,379469
3645,0.001949,74.125.130.0-255,4320,139434,18,379469
3646,0.001951,172.31.36.0-255,66,139500,18,379469
3647,0.001974,172.31.36.0-255,66,139566,18,379469
3648,0.001977,74.125.130.0-255,1484,141050,18,379469
3649,0.001996,74.125.130.0-255,2902,143952,18,379469
3650,0.001998,172.31.36.0-255,66,144018,18,379469
3651,0.002,74.125.130.0-255,1484,145502,18,379469
3652,0.002018,74.125.130.0-255,4320,149822,18,379469
3653,0.002021,172.31.36.0-255,66,149888,18,379469
3654,0.002023,74.125.130.0-255,1484,151372,18,379469
3655,0.00204,74.125.130.0-255,2184,153556,18,379469
3656,0.002042,172.31.36.0-255,66,153622,18,379469
3657,0.002084,74.125.130.0-255,1484,155106,18,379469
3658,0.002095,74.125.130.0-255,1484,156590,18,379469
3659,0.002097,172.31.36.0-255,66,156656,18,379469
3660,0.0021,74.125.130.0-255,1484,158140,18,379469
3661,0.002119,74.125.130.0-255,2902,161042,18,379469
3662,0.002121,172.31.36.0-255,66,161108,18,379469
3663,0.002137,74.125.130.0-255,4320,165428,18,379469
3664,0.002139,172.31.36.0-255,66,165494,18,379469
3665,0.002165,74.125.130.0-255,5738,171232,18,379469
3666,0.002167,172.31.36.0-255,66,171298,18,379469
3667,0.002179,74.125.130.0-255,1484,172782,18,379469
3668,0.002195,74.125.130.0-255,5738,178520,18,379469
3669,0.002198,172.31.36.0-255,66,178586,18,379469
3670,0.002215,74.125.130.0-255,2902,181488,18,379469
3671,0.002216,172.31.36.0-255,66,181554,18,379469
3672,0.002246,172.31.36.0-255,66,181620,18,379469
3673,0.00227,74.125.130.0-255,1484,183104,18,379469
3674,0.002285,74.125.130.0-255,1484,184588,18,379469
3675,0.002287,172.31.36.0-255,66,184654,18,379469
3676,0.00232,172.31.36.0-255,66,184720,18,379469
3677,0.002327,74.125.130.0-255,7156,191876,18,379469
3678,0.002329,172.31.36.0-255,66,191942,18,379469
3679,0.002338,172.31.36.0-255,66,192008,18,379469
3680,0.002361,74.125.130.0-255,2902,194910,18,379469
3681,0.002363,172.31.36.0-255,66,194976,18,379469
3682,0.002385,74.125.130.0-255,2184,197160,18,379469
3683,0.002388,172.31.36.0-255,66,197226,18,379469
3684,0.002393,74.125.130.0-255,5738,202964,18,379469
3685,0.002395,172.31.36.0-255,66,203030,18,379469
3686,0.002414,74.125.130.0-255,2902,205932,18,379469
3687,0.002417,172.31.36.0-255,66,205998,18,379469
3688,0.002433,74.125.130.0-255,4320,210318,18,379469
3689,0.002436,172.31.36.0-255,66,210384,18,379469
3690,0.002441,74.125.130.0-255,4320,214704,18,379469
3691,0.002444,172.31.36.0-255,66,214770,18,379469
3692,0.002446,74.125.130.0-255,1484,216254,18,379469
3693,0.004824,74.125.130.0-255,2902,219156,18,379469
3694,0.004827,172.31.36.0-255,66,219222,18,379469
3695,0.004843,74.125.130.0-255,1484,220706,18,379469
3696,0.007264,74.125.130.0-255,2902,223608,18,379469
3697,0.00727,172.31.36.0-255,66,223674,18,379469
3698,0.007291,74.125.130.0-255,1484,225158,18,379469
3699,0.009714,74.125.130.0-255,4320,229478,18,379469
3700,0.009724,172.31.36.0-255,66,229544,18,379469
3701,0.012307,74.125.130.0-255,5738,235282,18,379469
3702,0.012323,172.31.36.0-255,66,235348,18,379469
3703,0.014764,74.125.130.0-255,5738,241086,18,379469
3704,0.01478,172.31.36.0-255,66,241152,18,379469
3705,0.017201,74.125.130.0-255,5738,246890,18,379469
3706,0.01722,172.31.36.0-255,66,246956,18,379469
3707,0.019629,74.125.130.0-255,5738,252694,18,379469
3708,0.01964,172.31.36.0-255,66,252760,18,379469
3709,0.022056,74.125.130.0-255,5738,258498,18,379469
3710,0.022065,172.31.36.0-255,66,258564,18,379469
3711,0.024463,74.125.130.0-255,5738,264302,18,379469
3712,0.02447,172.31.36.0-255,66,264368,18,379469
3713,0.026869,74.125.130.0-255,5738,270106,18,379469
3714,0.026876,172.31.36.0-255,66,270172,18,379469
3715,0.029285,74.125.130.0-255,5738,275910,18,379469
3716,0.029293,172.31.36.0-255,66,275976,18,379469
3717,0.031704,74.125.130.0-255,5738,281714,18,379469
3718,0.031712,172.31.36.0-255,66,281780,18,379469
3719,0.034111,74.125.130.0-255,5738,287518,18,379469
3720,0.03412,172.31.36.0-255,66,287584,18,379469
3721,0.036525,74.125.130.0-255,5738,293322,18,379469
3722,0.036532,172.31.36.0-255,66,293388,18,379469
3723,0.036682,172.31.36.0-255,172,293560,18,379469
3724,0.036715,172.31.36.0-255,1116,294676,18,379469
3725,0.036755,172.31.36.0-255,1514,296190,18,379469
3726,0.036757,172.31.36.0-255,1514,297704,18,379469
3727,0.036759,172.31.36.0-255,1514,299218,18,379469
3728,0.036765,172.31.36.0-255,1514,300732,18,379469
3729,0.036785,172.31.36.0-255,1499,302231,18,379469
3730,0.03839,104.244.42.0-255,66,302297,18,379469
3731,0.038434,104.244.42.0-255,66,302363,18,379469
3732,0.038521,104.244.42.0-255,66,302429,18,379469
3733,0.038927,74.125.130.0-255,2902,305331,18,379469
3734,0.038932,172.31.36.0-255,66,305397,18,379469
3735,0.038964,74.125.130.0-255,2902,308299,18,379469
3736,0.038968,172.31.36.0-255,66,308365,18,379469
3737,0.041464,74.125.130.0-255,2902,311267,18,379469
3738,0.041469,172.31.36.0-255,66,311333,18,379469
3739,0.041506,74.125.130.0-255,2902,314235,18,379469
3740,0.041508,172.31.36.0-255,66,314301,18,379469
3741,0.043881,74.125.130.0-255,2902,317203,18,379469
3742,0.043887,172.31.36.0-255,66,317269,18,379469
3743,0.043909,74.125.130.0-255,2902,320171,18,379469
3744,0.043912,172.31.36.0-255,66,320237,18,379469
3745,0.046292,74.125.130.0-255,2902,323139,18,379469
3746,0.046298,172.31.36.0-255,66,323205,18,379469
3747,0.046325,74.125.130.0-255,2902,326107,18,379469
3748,0.046328,172.31.36.0-255,66,326173,18,379469
3749,0.048702,74.125.130.0-255,2902,329075,18,379469
3750,0.048721,172.31.36.0-255,66,329141,18,379469
3751,0.048734,74.125.130.0-255,2902,332043,18,379469
3752,0.048738,172.31.36.0-255,66,332109,18,379469
3753,0.051124,74.125.130.0-255,2902,335011,18,379469
3754,0.05113,172.31.36.0-255,66,335077,18,379469
3755,0.051156,74.125.130.0-255,2902,337979,18,379469
3756,0.051159,172.31.36.0-255,66,338045,18,379469
3757,0.053539,74.125.130.0-255,2902,340947,18,379469
3758,0.053546,172.31.36.0-255,66,341013,18,379469
3759,0.053577,74.125.130.0-255,2902,343915,18,379469
3760,0.05358,172.31.36.0-255,66,343981,18,379469
3761,0.055952,74.125.130.0-255,2902,346883,18,379469
3762,0.055957,172.31.36.0-255,66,346949,18,379469
3763,0.055989,74.125.130.0-255,2902,349851,18,379469
3764,0.055992,172.31.36.0-255,66,349917,18,379469
3765,0.058346,74.125.130.0-255,2902,352819,18,379469
3766,0.058351,172.31.36.0-255,66,352885,18,379469
3767,0.058382,74.125.130.0-255,2902,355787,18,379469
3768,0.058385,172.31.36.0-255,66,355853,18,379469
3769,0.060751,74.125.130.0-255,2902,358755,18,379469
3770,0.060756,172.31.36.0-255,66,358821,18,379469
3771,0.060791,74.125.130.0-255,2902,361723,18,379469
3772,0.060794,172.31.36.0-255,66,361789,18,379469
3773,0.063164,74.125.130.0-255,2902,364691,18,379469
3774,0.06317,172.31.36.0-255,66,364757,18,379469
3775,0.063198,74.125.130.0-255,2902,367659,18,379469
3776,0.063201,172.31.36.0-255,66,367725,18,379469
3777,0.065585,74.125.130.0-255,5738,373463,18,379469
3778,0.065595,172.31.36.0-255,66,373529,18,379469
3779,0.068009,74.125.130.0-255,5703,379232,18,379469
3780,0.068017,172.31.36.0-255,66,379298,18,379469
3781,0.068246,172.31.36.0-255,105,379403,18,379469
3782,0.070613,74.125.130.0-255,66,379469,18,379469
3783,0.0,172.217.194.0-255,150,150,18,381540
3784,2.4e-05,172.31.36.0-255,66,216,18,381540
3785,2.9e-05,172.217.194.0-255,1484,1700,18,381540
3786,3.4e-05,172.31.36.0-255,66,1766,18,381540
3787,3.9e-05,172.217.194.0-255,2902,4668,18,381540
3788,4.2e-05,172.31.36.0-255,66,4734,18,381540
3789,4.8e-05,172.217.194.0-255,4320,9054,18,381540
3790,5.1e-05,172.31.36.0-255,66,9120,18,381540
3791,6.9e-05,172.217.194.0-255,2902,12022,18,381540
3792,7.2e-05,172.31.36.0-255,66,12088,18,381540
3793,7.5e-05,172.217.194.0-255,2102,14190,18,381540
3794,7.7e-05,172.31.36.0-255,66,14256,18,381540
3795,0.000106,172.217.194.0-255,1484,15740,18,381540
3796,0.000108,172.31.36.0-255,66,15806,18,381540
3797,0.000112,172.217.194.0-255,1484,17290,18,381540
3798,0.000114,172.31.36.0-255,66,17356,18,381540
3799,0.000127,172.217.194.0-255,1484,18840,18,381540
3800,0.00013,172.31.36.0-255,66,18906,18,381540
3801,0.000136,172.217.194.0-255,5738,24644,18,381540
3802,0.000139,172.31.36.0-255,66,24710,18,381540
3803,0.000155,172.217.194.0-255,1484,26194,18,381540
3804,0.000157,172.31.36.0-255,66,26260,18,381540
3805,0.000184,172.217.194.0-255,5379,31639,18,381540
3806,0.000187,172.31.36.0-255,66,31705,18,381540
3807,0.000194,172.217.194.0-255,7156,38861,18,381540
3808,0.000196,172.31.36.0-255,66,38927,18,381540
3809,0.000217,172.217.194.0-255,2902,41829,18,381540
3810,0.00022,172.31.36.0-255,66,41895,18,381540
3811,0.000245,172.217.194.0-255,6797,48692,18,381540
3812,0.000248,172.31.36.0-255,66,48758,18,381540
3813,0.001081,172.217.194.0-255,1484,50242,18,381540
3814,0.001088,172.31.36.0-255,66,50308,18,381540
3815,0.001098,172.217.194.0-255,2902,53210,18,381540
3816,0.001106,172.217.194.0-255,5738,58948,18,381540
3817,0.001129,172.217.194.0-255,5738,64686,18,381540
3818,0.001167,172.217.194.0-255,1708,66394,18,381540
3819,0.001188,172.217.194.0-255,2902,69296,18,381540
3820,0.001192,172.217.194.0-255,2902,72198,18,381540
3821,0.001209,172.217.194.0-255,4320,76518,18,381540
3822,0.001221,172.217.194.0-255,2902,79420,18,381540
3823,0.001326,172.217.194.0-255,1484,80904,18,381540
3824,0.001339,172.217.194.0-255,4320,85224,18,381540
3825,0.001351,172.217.194.0-255,4320,89544,18,381540
3826,0.001353,172.217.194.0-255,1484,91028,18,381540
3827,0.001385,172.217.194.0-255,4712,95740,18,381540
3828,0.001781,172.217.194.0-255,1484,97224,18,381540
3829,0.001795,172.217.194.0-255,2902,100126,18,381540
3830,0.001817,172.217.194.0-255,4320,104446,18,381540
3831,0.001831,172.217.194.0-255,1484,105930,18,381540
3832,0.001864,172.217.194.0-255,2902,108832,18,381540
3833,0.001883,172.217.194.0-255,4659,113491,18,381540
3834,0.001917,172.217.194.0-255,2902,116393,18,381540
3835,0.001929,172.217.194.0-255,4320,120713,18,381540
3836,0.001935,172.217.194.0-255,5738,126451,18,381540
3837,0.001951,172.217.194.0-255,2902,129353,18,381540
3838,0.001978,172.217.194.0-255,2902,132255,18,381540
3839,0.001994,172.217.194.0-255,7156,139411,18,381540
3840,0.002009,172.217.194.0-255,7156,146567,18,381540
3841,0.002012,172.217.194.0-255,766,147333,18,381540
3842,0.004554,172.31.36.0-255,66,147399,18,381540
3843,0.006904,172.217.194.0-255,5738,153137,18,381540
3844,0.006909,172.31.36.0-255,66,153203,18,381540
3845,0.00924,172.217.194.0-255,5738,158941,18,381540
3846,0.009249,172.31.36.0-255,66,159007,18,381540
3847,0.011599,172.217.194.0-255,5738,164745,18,381540
3848,0.011606,172.31.36.0-255,66,164811,18,381540
3849,0.013925,172.217.194.0-255,5738,170549,18,381540
3850,0.013944,172.31.36.0-255,66,170615,18,381540
3851,0.016294,172.217.194.0-255,5738,176353,18,381540
3852,0.016302,172.31.36.0-255,66,176419,18,381540
3853,0.018644,172.217.194.0-255,5738,182157,18,381540
3854,0.01865,172.31.36.0-255,66,182223,18,381540
3855,0.020494,172.31.36.0-255,172,182395,18,381540
3856,0.020521,172.31.36.0-255,1116,183511,18,381540
3857,0.020564,172.31.36.0-255,1514,185025,18,381540
3858,0.020566,172.31.36.0-255,399,185424,18,381540
3859,0.021001,172.217.194.0-255,5738,191162,18,381540
3860,0.021008,172.31.36.0-255,66,191228,18,381540
3861,0.022131,104.244.42.0-255,66,191294,18,381540
3862,0.02335,172.217.194.0-255,5738,197032,18,381540
3863,0.023355,172.31.36.0-255,66,197098,18,381540
3864,0.025708,172.217.194.0-255,5738,202836,18,381540
3865,0.025714,172.31.36.0-255,66,202902,18,381540
3866,0.028026,172.217.194.0-255,5738,208640,18,381540
3867,0.028033,172.31.36.0-255,66,208706,18,381540
3868,0.030368,172.217.194.0-255,5738,214444,18,381540
3869,0.030376,172.31.36.0-255,66,214510,18,381540
3870,0.032701,172.217.194.0-255,5738,220248,18,381540
3871,0.032708,172.31.36.0-255,66,220314,18,381540
3872,0.035034,172.217.194.0-255,5738,226052,18,381540
3873,0.03504,172.31.36.0-255,66,226118,18,381540
3874,0.037358,172.217.194.0-255,5738,231856,18,381540
3875,0.037365,172.31.36.0-255,66,231922,18,381540
3876,0.039694,172.217.194.0-255,5738,237660,18,381540
3877,0.039701,172.31.36.0-255,66,237726,18,381540
3878,0.042035,172.217.194.0-255,5738,243464,18,381540
3879,0.04204,172.31.36.0-255,66,243530,18,381540
3880,0.044393,172.217.194.0-255,5738,249268,18,381540
3881,0.044399,172.31.36.0-255,66,249334,18,381540
3882,0.046714,172.217.194.0-255,1484,250818,18,381540
3883,0.046742,172.217.194.0-255,4320,255138,18,381540
3884,0.046748,172.31.36.0-255,66,255204,18,381540
3885,0.049098,172.217.194.0-255,5738,260942,18,381540
3886,0.049104,172.31.36.0-255,66,261008,18,381540
3887,0.051465,172.217.194.0-255,4320,265328,18,381540
3888,0.05147,172.31.36.0-255,66,265394,18,381540
3889,0.051501,172.217.194.0-255,1484,266878,18,381540
3890,0.053798,172.217.194.0-255,4320,271198,18,381540
3891,0.053803,172.31.36.0-255,66,271264,18,381540
3892,0.056141,172.217.194.0-255,5738,277002,18,381540
3893,0.056188,172.31.36.0-255,66,277068,18,381540
3894,0.058541,172.217.194.0-255,5738,282806,18,381540
3895,0.058555,172.31.36.0-255,66,282872,18,381540
3896,0.060906,172.217.194.0-255,5738,288610,18,381540
3897,0.060913,172.31.36.0-255,66,288676,18,381540
3898,0.063256,172.217.194.0-255,5738,294414,18,381540
3899,0.063261,172.31.36.0-255,66,294480,18,381540
3900,0.065594,172.217.194.0-255,5738,300218,18,381540
3901,0.065601,172.31.36.0-255,66,300284,18,381540
3902,0.067938,172.217.194.0-255,5738,306022,18,381540
3903,0.067946,172.31.36.0-255,66,306088,18,381540
3904,0.070297,172.217.194.0-255,5738,311826,18,381540
3905,0.07031,172.31.36.0-255,66,311892,18,381540
3906,0.072681,172.217.194.0-255,5738,317630,18,381540
3907,0.072697,172.31.36.0-255,66,317696,18,381540
3908,0.075077,172.217.194.0-255,5738,323434,18,381540
3909,0.075091,172.31.36.0-255,66,323500,18,381540
3910,0.077436,172.217.194.0-255,5738,329238,18,381540
3911,0.077445,172.31.36.0-255,66,329304,18,381540
3912,0.079794,172.217.194.0-255,5738,335042,18,381540
3913,0.079802,172.31.36.0-255,66,335108,18,381540
3914,0.082156,172.217.194.0-255,5738,340846,18,381540
3915,0.082165,172.31.36.0-255,66,340912,18,381540
3916,0.0846,172.217.194.0-255,5738,346650,18,381540
3917,0.084613,172.31.36.0-255,66,346716,18,381540
3918,0.086943,172.217.194.0-255,5738,352454,18,381540
3919,0.08695,172.31.36.0-255,66,352520,18,381540
3920,0.089304,172.217.194.0-255,5738,358258,18,381540
3921,0.089311,172.31.36.0-255,66,358324,18,381540
3922,0.091634,172.217.194.0-255,5738,364062,18,381540
3923,0.091641,172.31.36.0-255,66,364128,18,381540
3924,0.093963,172.217.194.0-255,5738,369866,18,381540
3925,0.093972,172.31.36.0-255,66,369932,18,381540
3926,0.096315,172.217.194.0-255,5738,375670,18,381540
3927,0.096337,172.31.36.0-255,66,375736,18,381540
3928,0.09873,172.217.194.0-255,5738,381474,18,381540
3929,0.098739,172.31.36.0-255,66,381540,18,381540
3930,0.0,172.31.36.0-255,105,105,18,276
3931,0.068975,31.13.82.0-255,105,210,18,276
3932,0.068997,172.31.36.0-255,66,276,18,276
3933,0.0,74.125.68.0-255,153,153,18,378496
3934,2.3e-05,172.31.36.0-255,66,219,18,378496
3935,3.1e-05,74.125.68.0-255,1484,1703,18,378496
3936,3.6e-05,172.31.36.0-255,66,1769,18,378496
3937,5.4e-05,74.125.68.0-255,2902,4671,18,378496
3938,5.8e-05,172.31.36.0-255,66,4737,18,378496
3939,7e-05,74.125.68.0-255,1484,6221,18,378496
3940,7.2e-05,172.31.36.0-255,66,6287,18,378496
3941,8.8e-05,74.125.68.0-255,4320,10607,18,378496
3942,9.1e-05,172.31.36.0-255,66,10673,18,378496
3943,0.000126,74.125.68.0-255,4888,15561,18,378496
3944,0.000129,172.31.36.0-255,66,15627,18,378496
3945,0.00015,74.125.68.0-255,5738,21365,18,378496
3946,0.000153,172.31.36.0-255,66,21431,18,378496
3947,0.000176,74.125.68.0-255,1484,22915,18,378496
3948,0.000178,172.31.36.0-255,66,22981,18,378496
3949,0.000199,172.31.36.0-255,66,23047,18,378496
3950,0.000277,74.125.68.0-255,1484,24531,18,378496
3951,0.00028,172.31.36.0-255,66,24597,18,378496
3952,0.000315,74.125.68.0-255,2902,27499,18,378496
3953,0.000317,172.31.36.0-255,66,27565,18,378496
3954,0.000324,74.125.68.0-255,5738,33303,18,378496
3955,0.000326,172.31.36.0-255,66,33369,18,378496
3956,0.000331,74.125.68.0-255,2902,36271,18,378496
3957,0.000333,172.31.36.0-255,66,36337,18,378496
3958,0.000336,74.125.68.0-255,1484,37821,18,378496
3959,0.000339,172.31.36.0-255,66,37887,18,378496
3960,0.000362,74.125.68.0-255,2543,40430,18,378496
3961,0.000365,172.31.36.0-255,66,40496,18,378496
3962,0.00041,172.31.36.0-255,66,40562,18,378496
3963,0.000413,74.125.68.0-255,1484,42046,18,378496
3964,0.000441,74.125.68.0-255,4320,46366,18,378496
3965,0.000444,172.31.36.0-255,66,46432,18,378496
3966,0.00046,74.125.68.0-255,2820,49252,18,378496
3967,0.000462,172.31.36.0-255,66,49318,18,378496
3968,0.000466,74.125.68.0-255,411,49729,18,378496
3969,0.000727,74.125.68.0-255,1484,51213,18,378496
3970,0.000734,172.31.36.0-255,66,51279,18,378496
3971,0.000738,74.125.68.0-255,1484,52763,18,378496
3972,0.000756,74.125.68.0-255,2902,55665,18,378496
3973,0.000759,172.31.36.0-255,66,55731,18,378496
3974,0.000764,74.125.68.0-255,2902,58633,18,378496
3975,0.000767,172.31.36.0-255,66,58699,18,378496
3976,0.00078,74.125.68.0-255,2902,61601,18,378496
3977,0.000782,172.31.36.0-255,66,61667,18,378496
3978,0.000818,172.31.36.0-255,66,61733,18,378496
3979,0.000846,74.125.68.0-255,3602,65335,18,378496
3980,0.000852,172.31.36.0-255,66,65401,18,378496
3981,0.001104,74.125.68.0-255,1484,66885,18,378496
3982,0.001123,74.125.68.0-255,2902,69787,18,378496
3983,0.001127,172.31.36.0-255,66,69853,18,378496
3984,0.001134,74.125.68.0-255,5738,75591,18,378496
3985,0.001136,172.31.36.0-255,66,75657,18,378496
3986,0.001152,74.125.68.0-255,2902,78559,18,378496
3987,0.001154,172.31.36.0-255,66,78625,18,378496
3988,0.001178,74.125.68.0-255,2902,81527,18,378496
3989,0.001181,172.31.36.0-255,66,81593,18,378496
3990,0.001208,74.125.68.0-255,7156,88749,18,378496
3991,0.00121,172.31.36.0-255,66,88815,18,378496
3992,0.001217,74.125.68.0-255,5738,94553,18,378496
3993,0.001219,172.31.36.0-255,66,94619,18,378496
3994,0.001248,74.125.68.0-255,5020,99639,18,378496
3995,0.001254,172.31.36.0-255,66,99705,18,378496
3996,0.001359,74.125.68.0-255,1484,101189,18,378496
3997,0.001386,74.125.68.0-255,2902,104091,18,378496
3998,0.001394,172.31.36.0-255,66,104157,18,378496
3999,0.001403,74.125.68.0-255,2902,107059,18,378496
4000,0.001408,172.31.36.0-255,66,107125,18,378496
4001,0.001416,74.125.68.0-255,2902,110027,18,378496
4002,0.001419,74.125.68.0-255,1484,111511,18,378496
4003,0.001434,74.125.68.0-255,5738,117249,18,378496
4004,0.001462,172.31.36.0-255,66,117315,18,378496
4005,0.001513,74.125.68.0-255,2902,120217,18,378496
4006,0.001516,172.31.36.0-255,66,120283,18,378496
4007,0.001537,74.125.68.0-255,5020,125303,18,378496
4008,0.001548,172.31.36.0-255,66,125369,18,378496
4009,0.001698,74.125.68.0-255,1484,126853,18,378496
4010,0.001714,74.125.68.0-255,2902,129755,18,378496
4011,0.001717,172.31.36.0-255,66,129821,18,378496
4012,0.001764,74.125.68.0-255,2902,132723,18,378496
4013,0.001776,172.31.36.0-255,66,132789,18,378496
4014,0.001788,74.125.68.0-255,4320,137109,18,378496
4015,0.001804,172.31.36.0-255,66,137175,18,378496
4016,0.001815,74.125.68.0-255,5738,142913,18,378496
4017,0.001819,172.31.36.0-255,66,142979,18,378496
4018,0.001861,74.125.68.0-255,7156,150135,18,378496
4019,0.001875,172.31.36.0-255,66,150201,18,378496
4020,0.001888,74.125.68.0-255,2902,153103,18,378496
4021,0.001913,74.125.68.0-255,5738,158841,18,378496
4022,0.001916,74.125.68.0-255,766,159607,18,378496
4023,0.001927,172.31.36.0-255,66,159673,18,378496
4024,0.003922,74.125.68.0-255,5738,165411,18,378496
4025,0.003929,172.31.36.0-255,66,165477,18,378496
4026,0.005935,74.125.68.0-255,5738,171215,18,378496
4027,0.005942,172.31.36.0-255,66,171281,18,378496
4028,0.007933,74.125.68.0-255,5738,177019,18,378496
4029,0.007936,172.31.36.0-255,66,177085,18,378496
4030,0.009949,74.125.68.0-255,5738,182823,18,378496
4031,0.009957,172.31.36.0-255,66,182889,18,378496
4032,0.011998,74.125.68.0-255,5738,188627,18,378496
4033,0.012006,172.31.36.0-255,66,188693,18,378496
4034,0.014024,74.125.68.0-255,5738,194431,18,378496
4035,0.014032,172.31.36.0-255,66,194497,18,378496
4036,0.016035,74.125.68.0-255,5738,200235,18,378496
4037,0.016043,172.31.36.0-255,66,200301,18,378496
4038,0.018051,74.125.68.0-255,5738,206039,18,378496
4039,0.01806,172.31.36.0-255,66,206105,18,378496
4040,0.020075,74.125.68.0-255,5738,211843,18,378496
4041,0.020083,172.31.36.0-255,66,211909,18,378496
4042,0.022093,74.125.68.0-255,5738,217647,18,378496
4043,0.022099,172.31.36.0-255,66,217713,18,378496
4044,0.024116,74.125.68.0-255,5738,223451,18,378496
4045,0.024125,172.31.36.0-255,66,223517,18,378496
4046,0.026131,74.125.68.0-255,5738,229255,18,378496
4047,0.026138,172.31.36.0-255,66,229321,18,378496
4048,0.028143,74.125.68.0-255,5738,235059,18,378496
4049,0.02815,172.31.36.0-255,66,235125,18,378496
4050,0.030162,74.125.68.0-255,5738,240863,18,378496
4051,0.030169,172.31.36.0-255,66,240929,18,378496
4052,0.032186,74.125.68.0-255,5738,246667,18,378496
4053,0.032192,172.31.36.0-255,66,246733,18,378496
4054,0.034194,74.125.68.0-255,5738,252471,18,378496
4055,0.034202,172.31.36.0-255,66,252537,18,378496
4056,0.036206,74.125.68.0-255,5738,258275,18,378496
4057,0.036214,172.31.36.0-255,66,258341,18,378496
4058,0.038217,74.125.68.0-255,5738,264079,18,378496
4059,0.038239,172.31.36.0-255,66,264145,18,378496
4060,0.038781,172.31.36.0-255,172,264317,18,378496
4061,0.038813,172.31.36.0-255,1112,265429,18,378496
4062,0.038879,172.31.36.0-255,1514,266943,18,378496
4063,0.038881,172.31.36.0-255,1514,268457,18,378496
4064,0.038887,172.31.36.0-255,1514,269971,18,378496
4065,0.038889,172.31.36.0-255,1514,271485,18,378496
4066,0.038908,172.31.36.0-255,1505,272990,18,378496
4067,0.040249,74.125.68.0-255,5738,278728,18,378496
4068,0.040261,172.31.36.0-255,66,278794,18,378496
4069,0.040271,104.244.42.0-255,66,278860,18,378496
4070,0.040374,104.244.42.0-255,66,278926,18,378496
4071,0.040397,104.244.42.0-255,66,278992,18,378496
4072,0.040988,104.244.42.0-255,108,279100,18,378496
4073,0.040999,172.31.36.0-255,66,279166,18,378496
4074,0.042266,74.125.68.0-255,5738,284904,18,378496
4075,0.042273,172.31.36.0-255,66,284970,18,378496
4076,0.044277,74.125.68.0-255,5738,290708,18,378496
4077,0.044284,172.31.36.0-255,66,290774,18,378496
4078,0.046286,74.125.68.0-255,5738,296512,18,378496
4079,0.046293,172.31.36.0-255,66,296578,18,378496
4080,0.048308,74.125.68.0-255,5738,302316,18,378496
4081,0.048315,172.31.36.0-255,66,302382,18,378496
4082,0.050317,74.125.68.0-255,5738,308120,18,378496
4083,0.050324,172.31.36.0-255,66,308186,18,378496
4084,0.052326,74.125.68.0-255,5738,313924,18,378496
4085,0.052333,172.31.36.0-255,66,313990,18,378496
4086,0.054339,74.125.68.0-255,5738,319728,18,378496
4087,0.054346,172.31.36.0-255,66,319794,18,378496
4088,0.056344,74.125.68.0-255,5738,325532,18,378496
4089,0.056352,172.31.36.0-255,66,325598,18,378496
4090,0.058359,74.125.68.0-255,5738,331336,18,378496
4091,0.058366,172.31.36.0-255,66,331402,18,378496
4092,0.060378,74.125.68.0-255,5738,337140,18,378496
4093,0.060385,172.31.36.0-255,66,337206,18,378496
4094,0.062392,74.125.68.0-255,5738,342944,18,378496
4095,0.062398,172.31.36.0-255,66,343010,18,378496
4096,0.064411,74.125.68.0-255,5738,348748,18,378496
4097,0.064418,172.31.36.0-255,66,348814,18,378496
4098,0.066427,74.125.68.0-255,5738,354552,18,378496
4099,0.066434,172.31.36.0-255,66,354618,18,378496
4100,0.068452,74.125.68.0-255,5738,360356,18,378496
4101,0.068458,172.31.36.0-255,66,360422,18,378496
4102,0.070461,74.125.68.0-255,5738,366160,18,378496
4103,0.070468,172.31.36.0-255,66,366226,18,378496
4104,0.072471,74.125.68.0-255,5738,371964,18,378496
4105,0.072477,172.31.36.0-255,66,372030,18,378496
4106,0.074486,74.125.68.0-255,5738,377768,18,378496
4107,0.074493,172.31.36.0-255,66,377834,18,378496
4108,0.076455,74.125.68.0-255,425,378259,18,378496
4109,0.076587,172.31.36.0-255,66,378325,18,378496
4110,0.076624,172.31.36.0-255,105,378430,18,378496
4111,0.07859,74.125.68.0-255,66,378496,18,378496
4112,0.0,74.125.24.0-255,153,153,18,262936
4113,1.5e-05,172.31.36.0-255,66,219,18,262936
4114,2.2e-05,74.125.24.0-255,1484,1703,18,262936
4115,2.6e-05,172.31.36.0-255,66,1769,18,262936
4116,5e-05,74.125.24.0-255,2902,4671,18,262936
4117,5.3e-05,172.31.36.0-255,66,4737,18,262936
4118,5.7e-05,74.125.24.0-255,2902,7639,18,262936
4119,6.1e-05,172.31.36.0-255,66,7705,18,262936
4120,0.000107,172.31.36.0-255,66,7771,18,262936
4121,0.000126,74.125.24.0-255,2085,9856,18,262936
4122,0.000129,172.31.36.0-255,66,9922,18,262936
4123,0.000169,74.125.24.0-255,4320,14242,18,262936
4124,0.000171,172.31.36.0-255,66,14308,18,262936
4125,0.000188,74.125.24.0-255,7156,21464,18,262936
4126,0.000192,172.31.36.0-255,66,21530,18,262936
4127,0.000245,74.125.24.0-255,1125,22655,18,262936
4128,0.000248,172.31.36.0-255,66,22721,18,262936
4129,0.000272,74.125.24.0-255,2902,25623,18,262936
4130,0.000274,172.31.36.0-255,66,25689,18,262936
4131,0.000292,74.125.24.0-255,4320,30009,18,262936
4132,0.000295,172.31.36.0-255,66,30075,18,262936
4133,0.000313,74.125.24.0-255,1484,31559,18,262936
4134,0.000315,172.31.36.0-255,66,31625,18,262936
4135,0.000335,74.125.24.0-255,7156,38781,18,262936
4136,0.000338,172.31.36.0-255,66,38847,18,262936
4137,0.000352,74.125.24.0-255,1125,39972,18,262936
4138,0.000354,172.31.36.0-255,66,40038,18,262936
4139,0.001192,74.125.24.0-255,1484,41522,18,262936
4140,0.001199,172.31.36.0-255,66,41588,18,262936
4141,0.001208,74.125.24.0-255,2902,44490,18,262936
4142,0.00121,172.31.36.0-255,66,44556,18,262936
4143,0.001218,74.125.24.0-255,5738,50294,18,262936
4144,0.00122,172.31.36.0-255,66,50360,18,262936
4145,0.00126,74.125.24.0-255,2902,53262,18,262936
4146,0.001263,172.31.36.0-255,66,53328,18,262936
4147,0.001279,74.125.24.0-255,3961,57289,18,262936
4148,0.001282,172.31.36.0-255,66,57355,18,262936
4149,0.001332,74.125.24.0-255,7156,64511,18,262936
4150,0.001335,172.31.36.0-255,66,64577,18,262936
4151,0.001366,74.125.24.0-255,2902,67479,18,262936
4152,0.001368,172.31.36.0-255,66,67545,18,262936
4153,0.001387,74.125.24.0-255,1484,69029,18,262936
4154,0.001408,172.31.36.0-255,66,69095,18,262936
4155,0.001429,74.125.24.0-255,5379,74474,18,262936
4156,0.001432,172.31.36.0-255,66,74540,18,262936
4157,0.001519,74.125.24.0-255,5738,80278,18,262936
4158,0.001522,172.31.36.0-255,66,80344,18,262936
4159,0.001568,74.125.24.0-255,3122,83466,18,262936
4160,0.001588,172.31.36.0-255,66,83532,18,262936
4161,0.002662,74.125.24.0-255,1484,85016,18,262936
4162,0.002673,74.125.24.0-255,2902,87918,18,262936
4163,0.002678,172.31.36.0-255,66,87984,18,262936
4164,0.002686,74.125.24.0-255,5738,93722,18,262936
4165,0.002688,172.31.36.0-255,66,93788,18,262936
4166,0.00273,172.31.36.0-255,66,93854,18,262936
4167,0.00275,74.125.24.0-255,2902,96756,18,262936
4168,0.002753,172.31.36.0-255,66,96822,18,262936
4169,0.00283,74.125.24.0-255,2902,99724,18,262936
4170,0.002833,172.31.36.0-255,66,99790,18,262936
4171,0.002866,172.31.36.0-255,66,99856,18,262936
4172,0.003597,74.125.24.0-255,1484,101340,18,262936
4173,0.003615,74.125.24.0-255,2902,104242,18,262936
4174,0.003618,172.31.36.0-255,66,104308,18,262936
4175,0.003624,74.125.24.0-255,2902,107210,18,262936
4176,0.003626,172.31.36.0-255,66,107276,18,262936
4177,0.003643,74.125.24.0-255,2902,110178,18,262936
4178,0.003645,172.31.36.0-255,66,110244,18,262936
4179,0.003665,74.125.24.0-255,2902,113146,18,262936
4180,0.003667,172.31.36.0-255,66,113212,18,262936
4181,0.0037,172.31.36.0-255,66,113278,18,262936
4182,0.003766,74.125.24.0-255,4320,117598,18,262936
4183,0.003769,172.31.36.0-255,66,117664,18,262936
4184,0.003789,74.125.24.0-255,6438,124102,18,262936
4185,0.003794,172.31.36.0-255,66,124168,18,262936
4186,0.004721,74.125.24.0-255,1484,125652,18,262936
4187,0.004742,74.125.24.0-255,2902,128554,18,262936
4188,0.004746,172.31.36.0-255,66,128620,18,262936
4189,0.00475,74.125.24.0-255,1484,130104,18,262936
4190,0.004768,74.125.24.0-255,4320,134424,18,262936
4191,0.00477,172.31.36.0-255,66,134490,18,262936
4192,0.004795,74.125.24.0-255,5738,140228,18,262936
4193,0.004799,172.31.36.0-255,66,140294,18,262936
4194,0.004822,74.125.24.0-255,4320,144614,18,262936
4195,0.004825,172.31.36.0-255,66,144680,18,262936
4196,0.004881,172.31.36.0-255,66,144746,18,262936
4197,0.004894,74.125.24.0-255,2184,146930,18,262936
4198,0.004898,172.31.36.0-255,66,146996,18,262936
4199,0.005811,74.125.24.0-255,1484,148480,18,262936
4200,0.005821,74.125.24.0-255,2902,151382,18,262936
4201,0.005824,172.31.36.0-255,66,151448,18,262936
4202,0.005872,74.125.24.0-255,5738,157186,18,262936
4203,0.005875,172.31.36.0-255,66,157252,18,262936
4204,0.005882,74.125.24.0-255,5738,162990,18,262936
4205,0.005884,172.31.36.0-255,66,163056,18,262936
4206,0.00593,74.125.24.0-255,7156,170212,18,262936
4207,0.005933,172.31.36.0-255,66,170278,18,262936
4208,0.005952,74.125.24.0-255,5738,176016,18,262936
4209,0.005954,172.31.36.0-255,66,176082,18,262936
4210,0.006027,74.125.24.0-255,5020,181102,18,262936
4211,0.006032,172.31.36.0-255,66,181168,18,262936
4212,0.006065,74.125.24.0-255,4320,185488,18,262936
4213,0.006068,172.31.36.0-255,66,185554,18,262936
4214,0.006085,74.125.24.0-255,1484,187038,18,262936
4215,0.006114,74.125.24.0-255,7156,194194,18,262936
4216,0.006116,172.31.36.0-255,66,194260,18,262936
4217,0.006165,74.125.24.0-255,2902,197162,18,262936
4218,0.00617,172.31.36.0-255,66,197228,18,262936
4219,0.006278,74.125.24.0-255,2902,200130,18,262936
4220,0.006291,74.125.24.0-255,3602,203732,18,262936
4221,0.006335,74.125.24.0-255,2902,206634,18,262936
4222,0.00635,74.125.24.0-255,1484,208118,18,262936
4223,0.006372,74.125.24.0-255,7156,215274,18,262936
4224,0.006407,74.125.24.0-255,5738,221012,18,262936
4225,0.006489,74.125.24.0-255,4320,225332,18,262936
4226,0.006576,74.125.24.0-255,3602,228934,18,262936
4227,0.006604,74.125.24.0-255,4320,233254,18,262936
4228,0.006837,74.125.24.0-255,7156,240410,18,262936
4229,0.006852,74.125.24.0-255,2184,242594,18,262936
4230,0.006887,172.31.36.0-255,66,242660,18,262936
4231,0.006903,74.125.24.0-255,4320,246980,18,262936
4232,0.006949,172.31.36.0-255,66,247046,18,262936
4233,0.007061,172.31.36.0-255,66,247112,18,262936
4234,0.007129,74.125.24.0-255,766,247878,18,262936
4235,0.007139,172.31.36.0-255,66,247944,18,262936
4236,0.007327,74.125.24.0-255,7156,255100,18,262936
4237,0.007345,74.125.24.0-255,5020,260120,18,262936
4238,0.007354,172.31.36.0-255,66,260186,18,262936
4239,0.0074,74.125.24.0-255,466,260652,18,262936
4240,0.008584,172.31.36.0-255,66,260718,18,262936
4241,0.008621,172.31.36.0-255,105,260823,18,262936
4242,0.011124,74.125.24.0-255,66,260889,18,262936
4243,0.040734,172.31.36.0-255,172,261061,18,262936
4244,0.04077,172.31.36.0-255,1116,262177,18,262936
4245,0.040855,172.31.36.0-255,561,262738,18,262936
4246,0.042298,104.244.42.0-255,66,262804,18,262936
4247,0.042348,104.244.42.0-255,66,262870,18,262936
4248,0.042404,104.244.42.0-255,66,262936,18,262936
4249,0.0,74.125.130.0-255,226,226,18,254462
4250,2.3e-05,172.31.36.0-255,66,292,18,254462
4251,3e-05,74.125.130.0-255,1484,1776,18,254462
4252,3.5e-05,172.31.36.0-255,66,1842,18,254462
4253,6.2e-05,74.125.130.0-255,1484,3326,18,254462
4254,6.5e-05,172.31.36.0-255,66,3392,18,254462
4255,9.4e-05,74.125.130.0-255,2902,6294,18,254462
4256,0.000101,172.31.36.0-255,66,6360,18,254462
4257,0.000228,74.125.130.0-255,2902,9262,18,254462
4258,0.000234,172.31.36.0-255,66,9328,18,254462
4259,0.000351,74.125.130.0-255,1484,10812,18,254462
4260,0.000355,172.31.36.0-255,66,10878,18,254462
4261,0.000384,74.125.130.0-255,3463,14341,18,254462
4262,0.000387,172.31.36.0-255,66,14407,18,254462
4263,0.000564,74.125.130.0-255,2902,17309,18,254462
4264,0.000569,172.31.36.0-255,66,17375,18,254462
4265,0.000605,74.125.130.0-255,7156,24531,18,254462
4266,0.00061,172.31.36.0-255,66,24597,18,254462
4267,0.000994,74.125.130.0-255,6797,31394,18,254462
4268,0.001,172.31.36.0-255,66,31460,18,254462
4269,0.003671,74.125.130.0-255,5738,37198,18,254462
4270,0.003678,172.31.36.0-255,66,37264,18,254462
4271,0.006378,74.125.130.0-255,5738,43002,18,254462
4272,0.006392,172.31.36.0-255,66,43068,18,254462
4273,0.009091,74.125.130.0-255,2902,45970,18,254462
4274,0.009109,172.31.36.0-255,66,46036,18,254462
4275,0.009119,74.125.130.0-255,2902,48938,18,254462
4276,0.009122,172.31.36.0-255,66,49004,18,254462
4277,0.011799,74.125.130.0-255,2902,51906,18,254462
4278,0.011817,172.31.36.0-255,66,51972,18,254462
4279,0.011854,74.125.130.0-255,2902,54874,18,254462
4280,0.011857,172.31.36.0-255,66,54940,18,254462
4281,0.014509,74.125.130.0-255,2902,57842,18,254462
4282,0.014528,172.31.36.0-255,66,57908,18,254462
4283,0.014564,74.125.130.0-255,2902,60810,18,254462
4284,0.014567,172.31.36.0-255,66,60876,18,254462
4285,0.017219,74.125.130.0-255,2902,63778,18,254462
4286,0.017231,172.31.36.0-255,66,63844,18,254462
4287,0.017263,74.125.130.0-255,2902,66746,18,254462
4288,0.017266,172.31.36.0-255,66,66812,18,254462
4289,0.019907,74.125.130.0-255,2902,69714,18,254462
4290,0.01992,172.31.36.0-255,66,69780,18,254462
4291,0.019952,74.125.130.0-255,2902,72682,18,254462
4292,0.019955,172.31.36.0-255,66,72748,18,254462
4293,0.022612,74.125.130.0-255,2902,75650,18,254462
4294,0.022623,172.31.36.0-255,66,75716,18,254462
4295,0.022661,74.125.130.0-255,2902,78618,18,254462
4296,0.022664,172.31.36.0-255,66,78684,18,254462
4297,0.025312,74.125.130.0-255,2902,81586,18,254462
4298,0.02533,172.31.36.0-255,66,81652,18,254462
4299,0.025367,74.125.130.0-255,2902,84554,18,254462
4300,0.025371,172.31.36.0-255,66,84620,18,254462
4301,0.028034,74.125.130.0-255,2902,87522,18,254462
4302,0.028051,172.31.36.0-255,66,87588,18,254462
4303,0.028086,74.125.130.0-255,2902,90490,18,254462
4304,0.028089,172.31.36.0-255,66,90556,18,254462
4305,0.029306,172.31.36.0-255,172,90728,18,254462
4306,0.02936,172.31.36.0-255,1116,91844,18,254462
4307,0.029427,172.31.36.0-255,1514,93358,18,254462
4308,0.029429,172.31.36.0-255,1514,94872,18,254462
4309,0.02943,172.31.36.0-255,1514,96386,18,254462
4310,0.029435,172.31.36.0-255,1514,97900,18,254462
4311,0.029436,172.31.36.0-255,1500,99400,18,254462
4312,0.030746,74.125.130.0-255,2902,102302,18,254462
4313,0.030759,172.31.36.0-255,66,102368,18,254462
4314,0.030794,74.125.130.0-255,2902,105270,18,254462
4315,0.030797,172.31.36.0-255,66,105336,18,254462
4316,0.030968,104.244.42.0-255,66,105402,18,254462
4317,0.031005,104.244.42.0-255,66,105468,18,254462
4318,0.031122,104.244.42.0-255,66,105534,18,254462
4319,0.033449,74.125.130.0-255,2902,108436,18,254462
4320,0.033462,172.31.36.0-255,66,108502,18,254462
4321,0.033497,74.125.130.0-255,2902,111404,18,254462
4322,0.0335,172.31.36.0-255,66,111470,18,254462
4323,0.03615,74.125.130.0-255,2902,114372,18,254462
4324,0.036157,172.31.36.0-255,66,114438,18,254462
4325,0.03619,74.125.130.0-255,2902,117340,18,254462
4326,0.036193,172.31.36.0-255,66,117406,18,254462
4327,0.038838,74.125.130.0-255,2902,120308,18,254462
4328,0.038848,172.31.36.0-255,66,120374,18,254462
4329,0.03888,74.125.130.0-255,2902,123276,18,254462
4330,0.038883,172.31.36.0-255,66,123342,18,254462
4331,0.041556,74.125.130.0-255,2902,126244,18,254462
4332,0.041569,172.31.36.0-255,66,126310,18,254462
4333,0.041604,74.125.130.0-255,2902,129212,18,254462
4334,0.041607,172.31.36.0-255,66,129278,18,254462
4335,0.044247,74.125.130.0-255,2902,132180,18,254462
4336,0.044254,172.31.36.0-255,66,132246,18,254462
4337,0.044282,74.125.130.0-255,1484,133730,18,254462
4338,0.044285,172.31.36.0-255,66,133796,18,254462
4339,0.044309,74.125.130.0-255,1484,135280,18,254462
4340,0.044311,172.31.36.0-255,66,135346,18,254462
4341,0.046938,74.125.130.0-255,2902,138248,18,254462
4342,0.046945,172.31.36.0-255,66,138314,18,254462
4343,0.046973,74.125.130.0-255,1484,139798,18,254462
4344,0.046975,172.31.36.0-255,66,139864,18,254462
4345,0.047,74.125.130.0-255,1484,141348,18,254462
4346,0.047002,172.31.36.0-255,66,141414,18,254462
4347,0.049627,74.125.130.0-255,2902,144316,18,254462
4348,0.049633,172.31.36.0-255,66,144382,18,254462
4349,0.049662,74.125.130.0-255,2902,147284,18,254462
4350,0.049665,172.31.36.0-255,66,147350,18,254462
4351,0.052311,74.125.130.0-255,2902,150252,18,254462
4352,0.052318,172.31.36.0-255,66,150318,18,254462
4353,0.052351,74.125.130.0-255,2902,153220,18,254462
4354,0.052353,172.31.36.0-255,66,153286,18,254462
4355,0.054984,74.125.130.0-255,2902,156188,18,254462
4356,0.05499,172.31.36.0-255,66,156254,18,254462
4357,0.055031,74.125.130.0-255,2902,159156,18,254462
4358,0.055034,172.31.36.0-255,66,159222,18,254462
4359,0.057681,74.125.130.0-255,2902,162124,18,254462
4360,0.057688,172.31.36.0-255,66,162190,18,254462
4361,0.057719,74.125.130.0-255,2902,165092,18,254462
4362,0.057723,172.31.36.0-255,66,165158,18,254462
4363,0.060384,74.125.130.0-255,2902,168060,18,254462
4364,0.06039,172.31.36.0-255,66,168126,18,254462
4365,0.060422,74.125.130.0-255,2902,171028,18,254462
4366,0.060425,172.31.36.0-255,66,171094,18,254462
4367,0.063064,74.125.130.0-255,2902,173996,18,254462
4368,0.063071,172.31.36.0-255,66,174062,18,254462
4369,0.063098,74.125.130.0-255,2902,176964,18,254462
4370,0.0631,172.31.36.0-255,66,177030,18,254462
4371,0.065758,74.125.130.0-255,2902,179932,18,254462
4372,0.065765,172.31.36.0-255,66,179998,18,254462
4373,0.065795,74.125.130.0-255,2902,182900,18,254462
4374,0.065797,172.31.36.0-255,66,182966,18,254462
4375,0.068447,74.125.130.0-255,2902,185868,18,254462
4376,0.068454,172.31.36.0-255,66,185934,18,254462
4377,0.068501,74.125.130.0-255,1484,187418,18,254462
4378,0.068504,172.31.36.0-255,66,187484,18,254462
4379,0.068528,74.125.130.0-255,1484,188968,18,254462
4380,0.06853,172.31.36.0-255,66,189034,18,254462
4381,0.071151,74.125.130.0-255,2902,191936,18,254462
4382,0.071157,172.31.36.0-255,66,192002,18,254462
4383,0.0712,74.125.130.0-255,2902,194904,18,254462
4384,0.071203,172.31.36.0-255,66,194970,18,254462
4385,0.073853,74.125.130.0-255,2902,197872,18,254462
4386,0.073861,172.31.36.0-255,66,197938,18,254462
4387,0.073893,74.125.130.0-255,2902,200840,18,254462
4388,0.073895,172.31.36.0-255,66,200906,18,254462
4389,0.076556,74.125.130.0-255,2902,203808,18,254462
4390,0.076561,172.31.36.0-255,66,203874,18,254462
4391,0.076589,74.125.130.0-255,2902,206776,18,254462
4392,0.076592,172.31.36.0-255,66,206842,18,254462
4393,0.079248,74.125.130.0-255,2902,209744,18,254462
4394,0.079255,172.31.36.0-255,66,209810,18,254462
4395,0.079289,74.125.130.0-255,2902,212712,18,254462
4396,0.079292,172.31.36.0-255,66,212778,18,254462
4397,0.081938,74.125.130.0-255,2902,215680,18,254462
4398,0.081945,172.31.36.0-255,66,215746,18,254462
4399,0.081973,74.125.130.0-255,1484,217230,18,254462
4400,0.081976,172.31.36.0-255,66,217296,18,254462
4401,0.081993,74.125.130.0-255,1484,218780,18,254462
4402,0.081996,172.31.36.0-255,66,218846,18,254462
4403,0.084627,74.125.130.0-255,2902,221748,18,254462
4404,0.084634,172.31.36.0-255,66,221814,18,254462
4405,0.084663,74.125.130.0-255,2902,224716,18,254462
4406,0.084666,172.31.36.0-255,66,224782,18,254462
4407,0.087321,74.125.130.0-255,2902,227684,18,254462
4408,0.087327,172.31.36.0-255,66,227750,18,254462
4409,0.087358,74.125.130.0-255,2902,230652,18,254462
4410,0.087361,172.31.36.0-255,66,230718,18,254462
4411,0.090017,74.125.130.0-255,2902,233620,18,254462
4412,0.090023,172.31.36.0-255,66,233686,18,254462
4413,0.090056,74.125.130.0-255,2902,236588,18,254462
4414,0.090058,172.31.36.0-255,66,236654,18,254462
4415,0.092702,74.125.130.0-255,2902,239556,18,254462
4416,0.092709,172.31.36.0-255,66,239622,18,254462
4417,0.092751,74.125.130.0-255,2902,242524,18,254462
4418,0.092754,172.31.36.0-255,66,242590,18,254462
4419,0.095399,74.125.130.0-255,2902,245492,18,254462
4420,0.095406,172.31.36.0-255,66,245558,18,254462
4421,0.095452,74.125.130.0-255,2902,248460,18,254462
4422,0.095456,172.31.36.0-255,66,248526,18,254462
4423,0.098094,74.125.130.0-255,2902,251428,18,254462
4424,0.098101,172.31.36.0-255,66,251494,18,254462
4425,0.098128,74.125.130.0-255,2902,254396,18,254462
4426,0.098131,172.31.36.0-255,66,254462,18,254462
4427,0.0,172.217.194.0-255,153,153,18,208372
4428,3.7e-05,172.217.194.0-255,1484,1637,18,208372
4429,4.6e-05,172.31.36.0-255,66,1703,18,208372
4430,5.4e-05,172.217.194.0-255,2902,4605,18,208372
4431,5.7e-05,172.31.36.0-255,66,4671,18,208372
4432,6.2e-05,172.217.194.0-255,4320,8991,18,208372
4433,6.5e-05,172.31.36.0-255,66,9057,18,208372
4434,8.5e-05,172.217.194.0-255,1484,10541,18,208372
4435,9.2e-05,172.217.194.0-255,5738,16279,18,208372
4436,9.5e-05,172.31.36.0-255,66,16345,18,208372
4437,0.000115,172.217.194.0-255,6254,22599,18,208372
4438,0.000117,172.31.36.0-255,66,22665,18,208372
4439,0.000151,172.31.36.0-255,66,22731,18,208372
4440,0.000182,172.217.194.0-255,4320,27051,18,208372
4441,0.000185,172.31.36.0-255,66,27117,18,208372
4442,0.000203,172.217.194.0-255,4320,31437,18,208372
4443,0.000206,172.31.36.0-255,66,31503,18,208372
4444,0.000214,172.217.194.0-255,7156,38659,18,208372
4445,0.000217,172.31.36.0-255,66,38725,18,208372
4446,0.000221,172.217.194.0-255,2902,41627,18,208372
4447,0.000222,172.31.36.0-255,66,41693,18,208372
4448,0.00026,172.31.36.0-255,66,41759,18,208372
4449,0.000264,172.217.194.0-255,1111,42870,18,208372
4450,0.000299,172.217.194.0-255,1484,44354,18,208372
4451,0.000302,172.31.36.0-255,66,44420,18,208372
4452,0.000307,172.217.194.0-255,2902,47322,18,208372
4453,0.000309,172.31.36.0-255,66,47388,18,208372
4454,0.000312,172.217.194.0-255,1484,48872,18,208372
4455,0.000333,172.217.194.0-255,4320,53192,18,208372
4456,0.000352,172.31.36.0-255,66,53258,18,208372
4457,0.000368,172.31.36.0-255,66,53324,18,208372
4458,0.000372,172.217.194.0-255,2902,56226,18,208372
4459,0.000375,172.31.36.0-255,66,56292,18,208372
4460,0.000424,172.31.36.0-255,66,56358,18,208372
4461,0.000432,172.217.194.0-255,6797,63155,18,208372
4462,0.000437,172.31.36.0-255,66,63221,18,208372
4463,0.000492,172.217.194.0-255,1484,64705,18,208372
4464,0.000498,172.217.194.0-255,2902,67607,18,208372
4465,0.000501,172.31.36.0-255,66,67673,18,208372
4466,0.000525,172.217.194.0-255,5738,73411,18,208372
4467,0.000528,172.31.36.0-255,66,73477,18,208372
4468,0.000532,172.217.194.0-255,2902,76379,18,208372
4469,0.000534,172.31.36.0-255,66,76445,18,208372
4470,0.000561,172.31.36.0-255,66,76511,18,208372
4471,0.000605,172.217.194.0-255,7156,83667,18,208372
4472,0.000608,172.31.36.0-255,66,83733,18,208372
4473,0.000634,172.217.194.0-255,3602,87335,18,208372
4474,0.000637,172.31.36.0-255,66,87401,18,208372
4475,0.000745,172.217.194.0-255,1484,88885,18,208372
4476,0.000764,172.217.194.0-255,2902,91787,18,208372
4477,0.000768,172.31.36.0-255,66,91853,18,208372
4478,0.000772,172.217.194.0-255,2902,94755,18,208372
4479,0.000775,172.31.36.0-255,66,94821,18,208372
4480,0.00079,172.217.194.0-255,2902,97723,18,208372
4481,0.000793,172.31.36.0-255,66,97789,18,208372
4482,0.000796,172.217.194.0-255,1484,99273,18,208372
4483,0.000821,172.217.194.0-255,5379,104652,18,208372
4484,0.000827,172.31.36.0-255,66,104718,18,208372
4485,0.00085,172.217.194.0-255,5738,110456,18,208372
4486,0.000853,172.31.36.0-255,66,110522,18,208372
4487,0.000871,172.217.194.0-255,1484,112006,18,208372
4488,0.000875,172.217.194.0-255,1484,113490,18,208372
4489,0.000877,172.31.36.0-255,66,113556,18,208372
4490,0.00089,172.31.36.0-255,66,113622,18,208372
4491,0.000934,172.31.36.0-255,66,113688,18,208372
4492,0.000949,172.217.194.0-255,1484,115172,18,208372
4493,0.000977,172.217.194.0-255,2902,118074,18,208372
4494,0.000981,172.31.36.0-255,66,118140,18,208372
4495,0.000987,172.217.194.0-255,4320,122460,18,208372
4496,0.000989,172.31.36.0-255,66,122526,18,208372
4497,0.001021,172.217.194.0-255,1484,124010,18,208372
4498,0.001035,172.31.36.0-255,66,124076,18,208372
4499,0.001046,172.31.36.0-255,66,124142,18,208372
4500,0.001062,172.217.194.0-255,2184,126326,18,208372
4501,0.001065,172.31.36.0-255,66,126392,18,208372
4502,0.001162,172.217.194.0-255,1484,127876,18,208372
4503,0.001168,172.217.194.0-255,2902,130778,18,208372
4504,0.001171,172.31.36.0-255,66,130844,18,208372
4505,0.001176,172.217.194.0-255,2902,133746,18,208372
4506,0.001178,172.31.36.0-255,66,133812,18,208372
4507,0.001197,172.217.194.0-255,2902,136714,18,208372
4508,0.0012,172.31.36.0-255,66,136780,18,208372
4509,0.001217,172.31.36.0-255,66,136846,18,208372
4510,0.001242,172.217.194.0-255,4320,141166,18,208372
4511,0.001246,172.31.36.0-255,66,141232,18,208372
4512,0.001258,172.31.36.0-255,66,141298,18,208372
4513,0.001306,172.217.194.0-255,1484,142782,18,208372
4514,0.001311,172.217.194.0-255,1484,144266,18,208372
4515,0.001314,172.31.36.0-255,66,144332,18,208372
4516,0.001329,172.217.194.0-255,1484,145816,18,208372
4517,0.001343,172.217.194.0-255,4320,150136,18,208372
4518,0.001347,172.31.36.0-255,66,150202,18,208372
4519,0.001368,172.217.194.0-255,1484,151686,18,208372
4520,0.001384,172.31.36.0-255,66,151752,18,208372
4521,0.001391,172.217.194.0-255,7156,158908,18,208372
4522,0.001395,172.31.36.0-255,66,158974,18,208372
4523,0.001417,172.217.194.0-255,1484,160458,18,208372
4524,0.001434,172.217.194.0-255,2184,162642,18,208372
4525,0.001439,172.31.36.0-255,66,162708,18,208372
4526,0.001478,172.217.194.0-255,1484,164192,18,208372
4527,0.001484,172.217.194.0-255,2902,167094,18,208372
4528,0.001488,172.31.36.0-255,66,167160,18,208372
4529,0.001494,172.217.194.0-255,5738,172898,18,208372
4530,0.001497,172.31.36.0-255,66,172964,18,208372
4531,0.001527,172.217.194.0-255,5738,178702,18,208372
4532,0.001531,172.31.36.0-255,66,178768,18,208372
4533,0.001556,172.217.194.0-255,7156,185924,18,208372
4534,0.00156,172.31.36.0-255,66,185990,18,208372
4535,0.001571,172.31.36.0-255,66,186056,18,208372
4536,0.001576,172.217.194.0-255,2184,188240,18,208372
4537,0.001578,172.31.36.0-255,66,188306,18,208372
4538,0.001582,172.217.194.0-255,2902,191208,18,208372
4539,0.001584,172.31.36.0-255,66,191274,18,208372
4540,0.00165,172.217.194.0-255,7156,198430,18,208372
4541,0.001654,172.31.36.0-255,66,198496,18,208372
4542,0.001672,172.31.36.0-255,66,198562,18,208372
4543,0.001683,172.31.36.0-255,66,198628,18,208372
4544,0.001723,172.31.36.0-255,66,198694,18,208372
4545,0.001763,172.31.36.0-255,66,198760,18,208372
4546,0.001779,172.31.36.0-255,66,198826,18,208372
4547,0.001782,172.217.194.0-255,97,198923,18,208372
4548,0.001784,172.217.194.0-255,105,199028,18,208372
4549,0.003493,172.31.36.0-255,66,199094,18,208372
4550,0.003518,172.31.36.0-255,105,199199,18,208372
4551,0.005807,172.217.194.0-255,66,199265,18,208372
4552,0.032111,172.31.36.0-255,172,199437,18,208372
4553,0.032141,172.31.36.0-255,1115,200552,18,208372
4554,0.032198,172.31.36.0-255,1514,202066,18,208372
4555,0.0322,172.31.36.0-255,1514,203580,18,208372
4556,0.032208,172.31.36.0-255,1514,205094,18,208372
4557,0.032209,172.31.36.0-255,1514,206608,18,208372
4558,0.032237,172.31.36.0-255,1500,208108,18,208372
4559,0.033643,104.244.42.0-255,66,208174,18,208372
4560,0.033659,104.244.42.0-255,66,208240,18,208372
4561,0.033738,104.244.42.0-255,66,208306,18,208372
4562,0.033779,104.244.42.0-255,66,208372,18,208372
4563,0.0,172.31.36.0-255,66,66,18,66
4564,0.0,74.125.24.0-255,153,153,18,347245
4565,2.2e-05,172.31.36.0-255,66,219,18,347245
4566,2.9e-05,74.125.24.0-255,1484,1703,18,347245
4567,3.3e-05,172.31.36.0-255,66,1769,18,347245
4568,3.8e-05,74.125.24.0-255,2902,4671,18,347245
4569,4.1e-05,172.31.36.0-255,66,4737,18,347245
4570,4.6e-05,74.125.24.0-255,2902,7639,18,347245
4571,4.9e-05,172.31.36.0-255,66,7705,18,347245
4572,7.1e-05,74.125.24.0-255,4320,12025,18,347245
4573,7.4e-05,172.31.36.0-255,66,12091,18,347245
4574,7.8e-05,74.125.24.0-255,2038,14129,18,347245
4575,8e-05,172.31.36.0-255,66,14195,18,347245
4576,0.000128,74.125.24.0-255,1484,15679,18,347245
4577,0.00013,172.31.36.0-255,66,15745,18,347245
4578,0.000135,74.125.24.0-255,2902,18647,18,347245
4579,0.000137,172.31.36.0-255,66,18713,18,347245
4580,0.000155,74.125.24.0-255,4320,23033,18,347245
4581,0.000157,172.31.36.0-255,66,23099,18,347245
4582,0.000176,74.125.24.0-255,1484,24583,18,347245
4583,0.000179,172.31.36.0-255,66,24649,18,347245
4584,0.000186,74.125.24.0-255,6797,31446,18,347245
4585,0.000188,172.31.36.0-255,66,31512,18,347245
4586,0.000284,74.125.24.0-255,1484,32996,18,347245
4587,0.000287,172.31.36.0-255,66,33062,18,347245
4588,0.000293,74.125.24.0-255,2902,35964,18,347245
4589,0.000295,172.31.36.0-255,66,36030,18,347245
4590,0.000314,74.125.24.0-255,1484,37514,18,347245
4591,0.000317,172.31.36.0-255,66,37580,18,347245
4592,0.000343,74.125.24.0-255,4320,41900,18,347245
4593,0.000346,172.31.36.0-255,66,41966,18,347245
4594,0.000355,74.125.24.0-255,7156,49122,18,347245
4595,0.000357,172.31.36.0-255,66,49188,18,347245
4596,0.000375,74.125.24.0-255,2543,51731,18,347245
4597,0.000377,172.31.36.0-255,66,51797,18,347245
4598,0.000388,172.31.36.0-255,66,51863,18,347245
4599,0.000394,74.125.24.0-255,3961,55824,18,347245
4600,0.000396,172.31.36.0-255,66,55890,18,347245
4601,0.000737,74.125.24.0-255,646,56536,18,347245
4602,0.000882,74.125.24.0-255,1484,58020,18,347245
4603,0.000886,172.31.36.0-255,66,58086,18,347245
4604,0.000893,74.125.24.0-255,2902,60988,18,347245
4605,0.000894,172.31.36.0-255,66,61054,18,347245
4606,0.000897,74.125.24.0-255,1484,62538,18,347245
4607,0.000921,74.125.24.0-255,4320,66858,18,347245
4608,0.000925,172.31.36.0-255,66,66924,18,347245
4609,0.000939,74.125.24.0-255,4320,71244,18,347245
4610,0.000941,172.31.36.0-255,66,71310,18,347245
4611,0.000969,172.31.36.0-255,66,71376,18,347245
4612,0.000981,172.31.36.0-255,66,71442,18,347245
4613,0.001196,74.125.24.0-255,1484,72926,18,347245
4614,0.001202,74.125.24.0-255,2902,75828,18,347245
4615,0.001206,172.31.36.0-255,66,75894,18,347245
4616,0.001209,74.125.24.0-255,1484,77378,18,347245
4617,0.001228,74.125.24.0-255,4320,81698,18,347245
4618,0.00123,172.31.36.0-255,66,81764,18,347245
4619,0.001237,74.125.24.0-255,5738,87502,18,347245
4620,0.001239,172.31.36.0-255,66,87568,18,347245
4621,0.001254,74.125.24.0-255,2902,90470,18,347245
4622,0.001256,172.31.36.0-255,66,90536,18,347245
4623,0.001278,172.31.36.0-255,66,90602,18,347245
4624,0.001284,74.125.24.0-255,4320,94922,18,347245
4625,0.001286,172.31.36.0-255,66,94988,18,347245
4626,0.001301,74.125.24.0-255,766,95754,18,347245
4627,0.001751,172.31.36.0-255,66,95820,18,347245
4628,0.003613,74.125.24.0-255,4320,100140,18,347245
4629,0.00362,172.31.36.0-255,66,100206,18,347245
4630,0.004012,74.125.24.0-255,1484,101690,18,347245
4631,0.005947,74.125.24.0-255,1484,103174,18,347245
4632,0.005951,172.31.36.0-255,66,103240,18,347245
4633,0.005971,74.125.24.0-255,2902,106142,18,347245
4634,0.005974,172.31.36.0-255,66,106208,18,347245
4635,0.008229,74.125.24.0-255,2902,109110,18,347245
4636,0.008236,172.31.36.0-255,66,109176,18,347245
4637,0.008255,74.125.24.0-255,1484,110660,18,347245
4638,0.008267,74.125.24.0-255,1484,112144,18,347245
4639,0.00827,172.31.36.0-255,66,112210,18,347245
4640,0.01056,74.125.24.0-255,5738,117948,18,347245
4641,0.010568,172.31.36.0-255,66,118014,18,347245
4642,0.012869,74.125.24.0-255,5738,123752,18,347245
4643,0.012878,172.31.36.0-255,66,123818,18,347245
4644,0.015165,74.125.24.0-255,5738,129556,18,347245
4645,0.015172,172.31.36.0-255,66,129622,18,347245
4646,0.017453,74.125.24.0-255,5738,135360,18,347245
4647,0.017463,172.31.36.0-255,66,135426,18,347245
4648,0.019801,74.125.24.0-255,5738,141164,18,347245
4649,0.019809,172.31.36.0-255,66,141230,18,347245
4650,0.022137,74.125.24.0-255,5738,146968,18,347245
4651,0.022144,172.31.36.0-255,66,147034,18,347245
4652,0.024462,74.125.24.0-255,5738,152772,18,347245
4653,0.024471,172.31.36.0-255,66,152838,18,347245
4654,0.026784,74.125.24.0-255,5738,158576,18,347245
4655,0.026791,172.31.36.0-255,66,158642,18,347245
4656,0.029106,74.125.24.0-255,5738,164380,18,347245
4657,0.029114,172.31.36.0-255,66,164446,18,347245
4658,0.031444,74.125.24.0-255,5738,170184,18,347245
4659,0.031451,172.31.36.0-255,66,170250,18,347245
4660,0.033748,74.125.24.0-255,5738,175988,18,347245
4661,0.033757,172.31.36.0-255,66,176054,18,347245
4662,0.03588,172.31.36.0-255,172,176226,18,347245
4663,0.035914,172.31.36.0-255,1117,177343,18,347245
4664,0.03599,172.31.36.0-255,1514,178857,18,347245
4665,0.035992,172.31.36.0-255,1514,180371,18,347245
4666,0.035998,172.31.36.0-255,1514,181885,18,347245
4667,0.035999,172.31.36.0-255,1514,183399,18,347245
4668,0.036023,172.31.36.0-255,1514,184913,18,347245
4669,0.036024,172.31.36.0-255,908,185821,18,347245
4670,0.036083,74.125.24.0-255,5738,191559,18,347245
4671,0.036089,172.31.36.0-255,66,191625,18,347245
4672,0.037435,104.244.42.0-255,66,191691,18,347245
4673,0.03748,104.244.42.0-255,66,191757,18,347245
4674,0.037581,104.244.42.0-255,66,191823,18,347245
4675,0.037587,104.244.42.0-255,66,191889,18,347245
4676,0.038419,74.125.24.0-255,5738,197627,18,347245
4677,0.038426,172.31.36.0-255,66,197693,18,347245
4678,0.040752,74.125.24.0-255,5738,203431,18,347245
4679,0.040758,172.31.36.0-255,66,203497,18,347245
4680,0.043063,74.125.24.0-255,5738,209235,18,347245
4681,0.04307,172.31.36.0-255,66,209301,18,347245
4682,0.045373,74.125.24.0-255,5738,215039,18,347245
4683,0.04538,172.31.36.0-255,66,215105,18,347245
4684,0.047694,74.125.24.0-255,4320,219425,18,347245
4685,0.047702,172.31.36.0-255,66,219491,18,347245
4686,0.047723,74.125.24.0-255,1484,220975,18,347245
4687,0.050024,74.125.24.0-255,4320,225295,18,347245
4688,0.050031,172.31.36.0-255,66,225361,18,347245
4689,0.052327,74.125.24.0-255,5738,231099,18,347245
4690,0.052334,172.31.36.0-255,66,231165,18,347245
4691,0.054661,74.125.24.0-255,5738,236903,18,347245
4692,0.054668,172.31.36.0-255,66,236969,18,347245
4693,0.056981,74.125.24.0-255,5738,242707,18,347245
4694,0.056988,172.31.36.0-255,66,242773,18,347245
4695,0.059296,74.125.24.0-255,5738,248511,18,347245
4696,0.059303,172.31.36.0-255,66,248577,18,347245
4697,0.061578,74.125.24.0-255,5738,254315,18,347245
4698,0.061585,172.31.36.0-255,66,254381,18,347245
4699,0.06387,74.125.24.0-255,5738,260119,18,347245
4700,0.063876,172.31.36.0-255,66,260185,18,347245
4701,0.066211,74.125.24.0-255,5738,265923,18,347245
4702,0.066218,172.31.36.0-255,66,265989,18,347245
4703,0.068525,74.125.24.0-255,5738,271727,18,347245
4704,0.068532,172.31.36.0-255,66,271793,18,347245
4705,0.07087,74.125.24.0-255,5738,277531,18,347245
4706,0.070877,172.31.36.0-255,66,277597,18,347245
4707,0.073187,74.125.24.0-255,5738,283335,18,347245
4708,0.073194,172.31.36.0-255,66,283401,18,347245
4709,0.075521,74.125.24.0-255,5738,289139,18,347245
4710,0.075528,172.31.36.0-255,66,289205,18,347245
4711,0.077869,74.125.24.0-255,5738,294943,18,347245
4712,0.077875,172.31.36.0-255,66,295009,18,347245
4713,0.080188,74.125.24.0-255,5738,300747,18,347245
4714,0.080196,172.31.36.0-255,66,300813,18,347245
4715,0.082508,74.125.24.0-255,5738,306551,18,347245
4716,0.082514,172.31.36.0-255,66,306617,18,347245
4717,0.084835,74.125.24.0-255,5738,312355,18,347245
4718,0.084842,172.31.36.0-255,66,312421,18,347245
4719,0.087178,74.125.24.0-255,5738,318159,18,347245
4720,0.087186,172.31.36.0-255,66,318225,18,347245
4721,0.0895,74.125.24.0-255,5738,323963,18,347245
4722,0.089506,172.31.36.0-255,66,324029,18,347245
4723,0.091838,74.125.24.0-255,5738,329767,18,347245
4724,0.091846,172.31.36.0-255,66,329833,18,347245
4725,0.094138,74.125.24.0-255,5738,335571,18,347245
4726,0.094144,172.31.36.0-255,66,335637,18,347245
4727,0.096422,74.125.24.0-255,5738,341375,18,347245
4728,0.096428,172.31.36.0-255,66,341441,18,347245
4729,0.098769,74.125.24.0-255,5738,347179,18,347245
4730,0.098776,172.31.36.0-255,66,347245,18,347245
4731,0.0,216.58.221.0-255,226,226,18,124360
4732,1.8e-05,216.58.221.0-255,1484,1710,18,124360
4733,2.9e-05,172.31.36.0-255,66,1776,18,124360
4734,6e-05,216.58.221.0-255,1484,3260,18,124360
4735,0.000106,216.58.221.0-255,2902,6162,18,124360
4736,0.000108,172.31.36.0-255,66,6228,18,124360
4737,0.00021,216.58.221.0-255,5738,11966,18,124360
4738,0.000216,172.31.36.0-255,66,12032,18,124360
4739,0.00044,216.58.221.0-255,1990,14022,18,124360
4740,0.000464,172.31.36.0-255,66,14088,18,124360
4741,0.000504,216.58.221.0-255,1484,15572,18,124360
4742,0.00055,216.58.221.0-255,2902,18474,18,124360
4743,0.000572,172.31.36.0-255,66,18540,18,124360
4744,0.000649,216.58.221.0-255,4320,22860,18,124360
4745,0.000665,216.58.221.0-255,1484,24344,18,124360
4746,0.000682,172.31.36.0-255,66,24410,18,124360
4747,0.000858,216.58.221.0-255,6797,31207,18,124360
4748,0.000863,172.31.36.0-255,66,31273,18,124360
4749,0.001113,216.58.221.0-255,4320,35593,18,124360
4750,0.001119,172.31.36.0-255,66,35659,18,124360
4751,0.001152,216.58.221.0-255,5738,41397,18,124360
4752,0.001175,172.31.36.0-255,66,41463,18,124360
4753,0.001465,216.58.221.0-255,1484,42947,18,124360
4754,0.002242,216.58.221.0-255,5738,48685,18,124360
4755,0.002247,172.31.36.0-255,66,48751,18,124360
4756,0.002302,172.31.36.0-255,66,48817,18,124360
4757,0.00269,216.58.221.0-255,5738,54555,18,124360
4758,0.002695,172.31.36.0-255,66,54621,18,124360
4759,0.002738,172.31.36.0-255,66,54687,18,124360
4760,0.003251,216.58.221.0-255,5738,60425,18,124360
4761,0.003255,172.31.36.0-255,66,60491,18,124360
4762,0.003321,172.31.36.0-255,66,60557,18,124360
4763,0.003352,172.31.36.0-255,66,60623,18,124360
4764,0.004273,216.58.221.0-255,7156,67779,18,124360
4765,0.004278,172.31.36.0-255,66,67845,18,124360
4766,0.004322,172.31.36.0-255,66,67911,18,124360
4767,0.004722,216.58.221.0-255,4320,72231,18,124360
4768,0.004727,172.31.36.0-255,66,72297,18,124360
4769,0.004774,172.31.36.0-255,66,72363,18,124360
4770,0.004825,172.31.36.0-255,66,72429,18,124360
4771,0.005226,216.58.221.0-255,196,72625,18,124360
4772,0.005409,216.58.221.0-255,7156,79781,18,124360
4773,0.005414,172.31.36.0-255,66,79847,18,124360
4774,0.005467,172.31.36.0-255,66,79913,18,124360
4775,0.006296,216.58.221.0-255,5738,85651,18,124360
4776,0.006304,172.31.36.0-255,66,85717,18,124360
4777,0.006341,216.58.221.0-255,5868,91585,18,124360
4778,0.006346,172.31.36.0-255,66,91651,18,124360
4779,0.006765,172.31.36.0-255,66,91717,18,124360
4780,0.006845,172.31.36.0-255,66,91783,18,124360
4781,0.006882,172.31.36.0-255,66,91849,18,124360
4782,0.006936,216.58.221.0-255,1658,93507,18,124360
4783,0.006942,172.31.36.0-255,66,93573,18,124360
4784,0.006954,216.58.221.0-255,1484,95057,18,124360
4785,0.006994,172.31.36.0-255,66,95123,18,124360
4786,0.00704,172.31.36.0-255,66,95189,18,124360
4787,0.007099,216.58.221.0-255,4320,99509,18,124360
4788,0.007107,172.31.36.0-255,66,99575,18,124360
4789,0.007426,172.31.36.0-255,66,99641,18,124360
4790,0.007467,216.58.221.0-255,4320,103961,18,124360
4791,0.007474,172.31.36.0-255,66,104027,18,124360
4792,0.007528,216.58.221.0-255,2902,106929,18,124360
4793,0.007536,172.31.36.0-255,66,106995,18,124360
4794,0.00755,216.58.221.0-255,4320,111315,18,124360
4795,0.007558,172.31.36.0-255,66,111381,18,124360
4796,0.00777,216.58.221.0-255,4593,115974,18,124360
4797,0.007774,172.31.36.0-255,66,116040,18,124360
4798,0.008496,172.31.36.0-255,105,116145,18,124360
4799,0.010472,216.58.221.0-255,66,116211,18,124360
4800,0.027179,172.31.36.0-255,172,116383,18,124360
4801,0.027235,172.31.36.0-255,1115,117498,18,124360
4802,0.027324,172.31.36.0-255,1514,119012,18,124360
4803,0.027326,172.31.36.0-255,1514,120526,18,124360
4804,0.027327,172.31.36.0-255,1514,122040,18,124360
4805,0.027327,172.31.36.0-255,1514,123554,18,124360
4806,0.027328,172.31.36.0-255,542,124096,18,124360
4807,0.028947,104.244.42.0-255,66,124162,18,124360
4808,0.028956,104.244.42.0-255,66,124228,18,124360
4809,0.029025,104.244.42.0-255,66,124294,18,124360
4810,0.029068,104.244.42.0-255,66,124360,18,124360
4811,0.0,172.217.194.0-255,143,143,18,397476
4812,3.8e-05,172.31.36.0-255,66,209,18,397476
4813,4.5e-05,172.217.194.0-255,1484,1693,18,397476
4814,5e-05,172.31.36.0-255,66,1759,18,397476
4815,5.6e-05,172.217.194.0-255,2902,4661,18,397476
4816,5.8e-05,172.31.36.0-255,66,4727,18,397476
4817,6.5e-05,172.217.194.0-255,7156,11883,18,397476
4818,7e-05,172.31.36.0-255,66,11949,18,397476
4819,7.3e-05,172.217.194.0-255,2099,14048,18,397476
4820,7.5e-05,172.31.36.0-255,66,14114,18,397476
4821,7.9e-05,172.217.194.0-255,1484,15598,18,397476
4822,8.2e-05,172.31.36.0-255,66,15664,18,397476
4823,0.000105,172.217.194.0-255,1484,17148,18,397476
4824,0.000108,172.31.36.0-255,66,17214,18,397476
4825,0.000113,172.217.194.0-255,4320,21534,18,397476
4826,0.000117,172.31.36.0-255,66,21600,18,397476
4827,0.000135,172.217.194.0-255,2902,24502,18,397476
4828,0.000137,172.31.36.0-255,66,24568,18,397476
4829,0.000144,172.217.194.0-255,6797,31365,18,397476
4830,0.000146,172.31.36.0-255,66,31431,18,397476
4831,0.000157,172.217.194.0-255,1484,32915,18,397476
4832,0.00016,172.31.36.0-255,66,32981,18,397476
4833,0.000165,172.217.194.0-255,2902,35883,18,397476
4834,0.000167,172.31.36.0-255,66,35949,18,397476
4835,0.000169,172.217.194.0-255,1484,37433,18,397476
4836,0.000171,172.31.36.0-255,66,37499,18,397476
4837,0.000196,172.217.194.0-255,4320,41819,18,397476
4838,0.000198,172.31.36.0-255,66,41885,18,397476
4839,0.000214,172.217.194.0-255,4320,46205,18,397476
4840,0.000218,172.31.36.0-255,66,46271,18,397476
4841,0.000236,172.217.194.0-255,2543,48814,18,397476
4842,0.000238,172.31.36.0-255,66,48880,18,397476
4843,0.001049,172.217.194.0-255,1484,50364,18,397476
4844,0.00106,172.217.194.0-255,2902,53266,18,397476
4845,0.001066,172.31.36.0-255,66,53332,18,397476
4846,0.001073,172.217.194.0-255,5738,59070,18,397476
4847,0.00108,172.217.194.0-255,6797,65867,18,397476
4848,0.001159,172.217.194.0-255,1484,67351,18,397476
4849,0.001164,172.217.194.0-255,2902,70253,18,397476
4850,0.001184,172.217.194.0-255,5738,75991,18,397476
4851,0.001231,172.217.194.0-255,7156,83147,18,397476
4852,0.001251,172.217.194.0-255,5379,88526,18,397476
4853,0.001272,172.217.194.0-255,2902,91428,18,397476
4854,0.001433,172.217.194.0-255,1484,92912,18,397476
4855,0.001453,172.217.194.0-255,2902,95814,18,397476
4856,0.001466,172.217.194.0-255,4320,100134,18,397476
4857,0.001485,172.217.194.0-255,1484,101618,18,397476
4858,0.001509,172.217.194.0-255,6783,108401,18,397476
4859,0.001539,172.217.194.0-255,7156,115557,18,397476
4860,0.001543,172.217.194.0-255,1484,117041,18,397476
4861,0.001558,172.217.194.0-255,2902,119943,18,397476
4862,0.001573,172.217.194.0-255,7156,127099,18,397476
4863,0.001594,172.217.194.0-255,5738,132837,18,397476
4864,0.002031,172.217.194.0-255,1484,134321,18,397476
4865,0.002036,172.217.194.0-255,2902,137223,18,397476
4866,0.002056,172.217.194.0-255,5738,142961,18,397476
4867,0.002072,172.217.194.0-255,5738,148699,18,397476
4868,0.00209,172.217.194.0-255,7156,155855,18,397476
4869,0.002134,172.217.194.0-255,5738,161593,18,397476
4870,0.002147,172.217.194.0-255,5020,166613,18,397476
4871,0.006662,172.31.36.0-255,66,166679,18,397476
4872,0.008774,172.217.194.0-255,5738,172417,18,397476
4873,0.008786,172.31.36.0-255,66,172483,18,397476
4874,0.010856,172.217.194.0-255,5738,178221,18,397476
4875,0.010873,172.31.36.0-255,66,178287,18,397476
4876,0.01296,172.217.194.0-255,5738,184025,18,397476
4877,0.014648,172.31.36.0-255,66,184091,18,397476
4878,0.016699,172.217.194.0-255,5738,189829,18,397476
4879,0.016715,172.31.36.0-255,66,189895,18,397476
4880,0.018785,172.217.194.0-255,5738,195633,18,397476
4881,0.018802,172.31.36.0-255,66,195699,18,397476
4882,0.020878,172.217.194.0-255,5738,201437,18,397476
4883,0.020894,172.31.36.0-255,66,201503,18,397476
4884,0.022975,172.217.194.0-255,5738,207241,18,397476
4885,0.022995,172.31.36.0-255,66,207307,18,397476
4886,0.025078,172.217.194.0-255,5738,213045,18,397476
4887,0.025096,172.31.36.0-255,66,213111,18,397476
4888,0.02658,172.31.36.0-255,172,213283,18,397476
4889,0.026607,172.31.36.0-255,1116,214399,18,397476
4890,0.026668,172.31.36.0-255,1514,215913,18,397476
4891,0.02667,172.31.36.0-255,1514,217427,18,397476
4892,0.026671,172.31.36.0-255,1266,218693,18,397476
4893,0.02715,172.217.194.0-255,5738,224431,18,397476
4894,0.02716,172.31.36.0-255,66,224497,18,397476
4895,0.028876,104.244.42.0-255,66,224563,18,397476
4896,0.029199,172.217.194.0-255,2902,227465,18,397476
4897,0.029209,172.31.36.0-255,66,227531,18,397476
4898,0.029245,172.217.194.0-255,2902,230433,18,397476
4899,0.029308,172.31.36.0-255,66,230499,18,397476
4900,0.031278,172.217.194.0-255,2902,233401,18,397476
4901,0.031293,172.31.36.0-255,66,233467,18,397476
4902,0.031348,172.217.194.0-255,2902,236369,18,397476
4903,0.031371,172.31.36.0-255,66,236435,18,397476
4904,0.033342,172.217.194.0-255,2902,239337,18,397476
4905,0.033358,172.31.36.0-255,66,239403,18,397476
4906,0.033401,172.217.194.0-255,2902,242305,18,397476
4907,0.033457,172.31.36.0-255,66,242371,18,397476
4908,0.035424,172.217.194.0-255,2902,245273,18,397476
4909,0.035437,172.31.36.0-255,66,245339,18,397476
4910,0.035526,172.217.194.0-255,2902,248241,18,397476
4911,0.035883,172.31.36.0-255,66,248307,18,397476
4912,0.037466,172.217.194.0-255,2902,251209,18,397476
4913,0.037472,172.31.36.0-255,66,251275,18,397476
4914,0.037904,172.217.194.0-255,2902,254177,18,397476
4915,0.037909,172.31.36.0-255,66,254243,18,397476
4916,0.039495,172.217.194.0-255,2902,257145,18,397476
4917,0.0395,172.31.36.0-255,66,257211,18,397476
4918,0.039934,172.217.194.0-255,2902,260113,18,397476
4919,0.03994,172.31.36.0-255,66,260179,18,397476
4920,0.041525,172.217.194.0-255,2902,263081,18,397476
4921,0.041531,172.31.36.0-255,66,263147,18,397476
4922,0.04196,172.217.194.0-255,2902,266049,18,397476
4923,0.041966,172.31.36.0-255,66,266115,18,397476
4924,0.043585,172.217.194.0-255,2902,269017,18,397476
4925,0.04359,172.31.36.0-255,66,269083,18,397476
4926,0.04402,172.217.194.0-255,2902,271985,18,397476
4927,0.044025,172.31.36.0-255,66,272051,18,397476
4928,0.045633,172.217.194.0-255,2902,274953,18,397476
4929,0.045637,172.31.36.0-255,66,275019,18,397476
4930,0.04606,172.217.194.0-255,2902,277921,18,397476
4931,0.046064,172.31.36.0-255,66,277987,18,397476
4932,0.047693,172.217.194.0-255,2902,280889,18,397476
4933,0.047699,172.31.36.0-255,66,280955,18,397476
4934,0.048101,172.217.194.0-255,2902,283857,18,397476
4935,0.048107,172.31.36.0-255,66,283923,18,397476
4936,0.049715,172.217.194.0-255,2902,286825,18,397476
4937,0.049721,172.31.36.0-255,66,286891,18,397476
4938,0.050144,172.217.194.0-255,2902,289793,18,397476
4939,0.05015,172.31.36.0-255,66,289859,18,397476
4940,0.051774,172.217.194.0-255,2902,292761,18,397476
4941,0.05178,172.31.36.0-255,66,292827,18,397476
4942,0.052189,172.217.194.0-255,2902,295729,18,397476
4943,0.052194,172.31.36.0-255,66,295795,18,397476
4944,0.053807,172.217.194.0-255,2902,298697,18,397476
4945,0.053812,172.31.36.0-255,66,298763,18,397476
4946,0.054239,172.217.194.0-255,2902,301665,18,397476
4947,0.054243,172.31.36.0-255,66,301731,18,397476
4948,0.05587,172.217.194.0-255,2902,304633,18,397476
4949,0.055877,172.31.36.0-255,66,304699,18,397476
4950,0.056287,172.217.194.0-255,2902,307601,18,397476
4951,0.056292,172.31.36.0-255,66,307667,18,397476
4952,0.057936,172.217.194.0-255,2902,310569,18,397476
4953,0.057942,172.31.36.0-255,66,310635,18,397476
4954,0.058327,172.217.194.0-255,2902,313537,18,397476
4955,0.058332,172.31.36.0-255,66,313603,18,397476
4956,0.059979,172.217.194.0-255,2902,316505,18,397476
4957,0.059984,172.31.36.0-255,66,316571,18,397476
4958,0.06036,172.217.194.0-255,2902,319473,18,397476
4959,0.060366,172.31.36.0-255,66,319539,18,397476
4960,0.062032,172.217.194.0-255,2902,322441,18,397476
4961,0.062037,172.31.36.0-255,66,322507,18,397476
4962,0.062423,172.217.194.0-255,2902,325409,18,397476
4963,0.062429,172.31.36.0-255,66,325475,18,397476
4964,0.064098,172.217.194.0-255,2902,328377,18,397476
4965,0.064104,172.31.36.0-255,66,328443,18,397476
4966,0.064467,172.217.194.0-255,2902,331345,18,397476
4967,0.064473,172.31.36.0-255,66,331411,18,397476
4968,0.066152,172.217.194.0-255,2902,334313,18,397476
4969,0.066158,172.31.36.0-255,66,334379,18,397476
4970,0.066511,172.217.194.0-255,2902,337281,18,397476
4971,0.066516,172.31.36.0-255,66,337347,18,397476
4972,0.068182,172.217.194.0-255,2902,340249,18,397476
4973,0.068189,172.31.36.0-255,66,340315,18,397476
4974,0.068555,172.217.194.0-255,2902,343217,18,397476
4975,0.068561,172.31.36.0-255,66,343283,18,397476
4976,0.070226,172.217.194.0-255,2902,346185,18,397476
4977,0.070232,172.31.36.0-255,66,346251,18,397476
4978,0.070594,172.217.194.0-255,2902,349153,18,397476
4979,0.070599,172.31.36.0-255,66,349219,18,397476
4980,0.072279,172.217.194.0-255,2902,352121,18,397476
4981,0.072285,172.31.36.0-255,66,352187,18,397476
4982,0.07267,172.217.194.0-255,2902,355089,18,397476
4983,0.072676,172.31.36.0-255,66,355155,18,397476
4984,0.074329,172.217.194.0-255,2902,358057,18,397476
4985,0.074334,172.31.36.0-255,66,358123,18,397476
4986,0.074719,172.217.194.0-255,2902,361025,18,397476
4987,0.074736,172.31.36.0-255,66,361091,18,397476
4988,0.076377,172.217.194.0-255,2902,363993,18,397476
4989,0.076382,172.31.36.0-255,66,364059,18,397476
4990,0.076782,172.217.194.0-255,2902,366961,18,397476
4991,0.076788,172.31.36.0-255,66,367027,18,397476
4992,0.078424,172.217.194.0-255,2902,369929,18,397476
4993,0.078429,172.31.36.0-255,66,369995,18,397476
4994,0.078835,172.217.194.0-255,2902,372897,18,397476
4995,0.07884,172.31.36.0-255,66,372963,18,397476
4996,0.080476,172.217.194.0-255,2902,375865,18,397476
4997,0.080481,172.31.36.0-255,66,375931,18,397476
4998,0.080875,172.217.194.0-255,2902,378833,18,397476
4999,0.08088,172.31.36.0-255,66,378899,18,397476
5000,0.082504,172.217.194.0-255,2902,381801,18,397476
5001,0.08251,172.31.36.0-255,66,381867,18,397476
5002,0.082905,172.217.194.0-255,2902,384769,18,397476
5003,0.08291,172.31.36.0-255,66,384835,18,397476
5004,0.084553,172.217.194.0-255,2902,387737,18,397476
5005,0.084558,172.31.36.0-255,66,387803,18,397476
5006,0.084952,172.217.194.0-255,2902,390705,18,397476
5007,0.084958,172.31.36.0-255,66,390771,18,397476
5008,0.08661,172.217.194.0-255,2902,393673,18,397476
5009,0.086616,172.31.36.0-255,66,393739,18,397476
5010,0.086994,172.217.194.0-255,2902,396641,18,397476
5011,0.086999,172.31.36.0-255,66,396707,18,397476
5012,0.08866,172.217.194.0-255,532,397239,18,397476
5013,0.088791,172.31.36.0-255,66,397305,18,397476
5014,0.088819,172.31.36.0-255,105,397410,18,397476
5015,0.090848,172.217.194.0-255,66,397476,18,397476
5016,0.0,172.217.194.0-255,152,152,18,293430
5017,2.8e-05,172.31.36.0-255,66,218,18,293430
5018,3.5e-05,172.217.194.0-255,1484,1702,18,293430
5019,3.9e-05,172.31.36.0-255,66,1768,18,293430
5020,5.7e-05,172.217.194.0-255,2902,4670,18,293430
5021,6e-05,172.31.36.0-255,66,4736,18,293430
5022,9.5e-05,172.217.194.0-255,5738,10474,18,293430
5023,9.8e-05,172.31.36.0-255,66,10540,18,293430
5024,0.000101,172.217.194.0-255,1484,12024,18,293430
5025,0.000103,172.31.36.0-255,66,12090,18,293430
5026,0.000152,172.31.36.0-255,66,12156,18,293430
5027,0.000159,172.217.194.0-255,7156,19312,18,293430
5028,0.000162,172.31.36.0-255,66,19378,18,293430
5029,0.00018,172.217.194.0-255,2543,21921,18,293430
5030,0.000183,172.31.36.0-255,66,21987,18,293430
5031,0.000207,172.217.194.0-255,1484,23471,18,293430
5032,0.00021,172.31.36.0-255,66,23537,18,293430
5033,0.000229,172.217.194.0-255,2902,26439,18,293430
5034,0.000232,172.31.36.0-255,66,26505,18,293430
5035,0.000237,172.217.194.0-255,5738,32243,18,293430
5036,0.000239,172.31.36.0-255,66,32309,18,293430
5037,0.000266,172.217.194.0-255,6797,39106,18,293430
5038,0.00027,172.31.36.0-255,66,39172,18,293430
5039,0.000314,172.217.194.0-255,4320,43492,18,293430
5040,0.000319,172.31.36.0-255,66,43558,18,293430
5041,0.000354,172.31.36.0-255,66,43624,18,293430
5042,0.000357,172.217.194.0-255,114,43738,18,293430
5043,0.00036,172.31.36.0-255,66,43804,18,293430
5044,0.000402,172.217.194.0-255,385,44189,18,293430
5045,0.000407,172.31.36.0-255,101,44290,18,293430
5046,0.000651,172.217.194.0-255,1484,45774,18,293430
5047,0.000656,172.31.36.0-255,66,45840,18,293430
5048,0.000676,172.217.194.0-255,2902,48742,18,293430
5049,0.00068,172.31.36.0-255,66,48808,18,293430
5050,0.000686,172.217.194.0-255,5738,54546,18,293430
5051,0.000688,172.31.36.0-255,66,54612,18,293430
5052,0.000695,172.217.194.0-255,5738,60350,18,293430
5053,0.000697,172.31.36.0-255,66,60416,18,293430
5054,0.000716,172.217.194.0-255,7156,67572,18,293430
5055,0.000719,172.31.36.0-255,66,67638,18,293430
5056,0.000731,172.31.36.0-255,66,67704,18,293430
5057,0.001598,172.217.194.0-255,1484,69188,18,293430
5058,0.001623,172.217.194.0-255,2902,72090,18,293430
5059,0.001627,172.31.36.0-255,66,72156,18,293430
5060,0.001634,172.217.194.0-255,5738,77894,18,293430
5061,0.001636,172.31.36.0-255,66,77960,18,293430
5062,0.001641,172.217.194.0-255,4320,82280,18,293430
5063,0.001645,172.31.36.0-255,66,82346,18,293430
5064,0.001669,172.31.36.0-255,66,82412,18,293430
5065,0.001695,172.217.194.0-255,2902,85314,18,293430
5066,0.001698,172.31.36.0-255,66,85380,18,293430
5067,0.001709,172.31.36.0-255,66,85446,18,293430
5068,0.00305,172.217.194.0-255,66,85512,18,293430
5069,0.004396,172.217.194.0-255,4320,89832,18,293430
5070,0.004401,172.31.36.0-255,66,89898,18,293430
5071,0.004427,172.217.194.0-255,1484,91382,18,293430
5072,0.007119,172.217.194.0-255,4320,95702,18,293430
5073,0.007124,172.31.36.0-255,66,95768,18,293430
5074,0.009825,172.217.194.0-255,5738,101506,18,293430
5075,0.009832,172.31.36.0-255,66,101572,18,293430
5076,0.012554,172.217.194.0-255,5738,107310,18,293430
5077,0.012563,172.31.36.0-255,66,107376,18,293430
5078,0.015278,172.217.194.0-255,5738,113114,18,293430
5079,0.015286,172.31.36.0-255,66,113180,18,293430
5080,0.017985,172.217.194.0-255,5738,118918,18,293430
5081,0.017995,172.31.36.0-255,66,118984,18,293430
5082,0.020685,172.217.194.0-255,5738,124722,18,293430
5083,0.020692,172.31.36.0-255,66,124788,18,293430
5084,0.023365,172.217.194.0-255,5738,130526,18,293430
5085,0.023372,172.31.36.0-255,66,130592,18,293430
5086,0.026069,172.217.194.0-255,5738,136330,18,293430
5087,0.026078,172.31.36.0-255,66,136396,18,293430
5088,0.028769,172.217.194.0-255,5738,142134,18,293430
5089,0.028777,172.31.36.0-255,66,142200,18,293430
5090,0.029636,172.31.36.0-255,171,142371,18,293430
5091,0.029664,172.31.36.0-255,1140,143511,18,293430
5092,0.029705,172.31.36.0-255,1514,145025,18,293430
5093,0.029707,172.31.36.0-255,1259,146284,18,293430
5094,0.031341,104.244.42.0-255,66,146350,18,293430
5095,0.031349,104.244.42.0-255,66,146416,18,293430
5096,0.031395,104.244.42.0-255,66,146482,18,293430
5097,0.031465,172.217.194.0-255,1484,147966,18,293430
5098,0.031502,172.217.194.0-255,4320,152286,18,293430
5099,0.031507,172.31.36.0-255,66,152352,18,293430
5100,0.034157,172.217.194.0-255,4320,156672,18,293430
5101,0.034162,172.31.36.0-255,66,156738,18,293430
5102,0.034192,172.217.194.0-255,1484,158222,18,293430
5103,0.036831,172.217.194.0-255,4320,162542,18,293430
5104,0.036837,172.31.36.0-255,66,162608,18,293430
5105,0.039499,172.217.194.0-255,4320,166928,18,293430
5106,0.039504,172.31.36.0-255,66,166994,18,293430
5107,0.039535,172.217.194.0-255,1484,168478,18,293430
5108,0.042195,172.217.194.0-255,4320,172798,18,293430
5109,0.042201,172.31.36.0-255,66,172864,18,293430
5110,0.044879,172.217.194.0-255,4320,177184,18,293430
5111,0.044884,172.31.36.0-255,66,177250,18,293430
5112,0.044912,172.217.194.0-255,1484,178734,18,293430
5113,0.047568,172.217.194.0-255,4320,183054,18,293430
5114,0.047573,172.31.36.0-255,66,183120,18,293430
5115,0.05025,172.217.194.0-255,5738,188858,18,293430
5116,0.050255,172.31.36.0-255,66,188924,18,293430
5117,0.052921,172.217.194.0-255,4320,193244,18,293430
5118,0.052927,172.31.36.0-255,66,193310,18,293430
5119,0.052959,172.217.194.0-255,1484,194794,18,293430
5120,0.055614,172.217.194.0-255,4320,199114,18,293430
5121,0.05562,172.31.36.0-255,66,199180,18,293430
5122,0.058329,172.217.194.0-255,5738,204918,18,293430
5123,0.058335,172.31.36.0-255,66,204984,18,293430
5124,0.06103,172.217.194.0-255,5738,210722,18,293430
5125,0.061035,172.31.36.0-255,66,210788,18,293430
5126,0.063721,172.217.194.0-255,5738,216526,18,293430
5127,0.063727,172.31.36.0-255,66,216592,18,293430
5128,0.066407,172.217.194.0-255,2902,219494,18,293430
5129,0.066412,172.31.36.0-255,66,219560,18,293430
5130,0.066442,172.217.194.0-255,2902,222462,18,293430
5131,0.066445,172.31.36.0-255,66,222528,18,293430
5132,0.069067,172.217.194.0-255,1484,224012,18,293430
5133,0.069123,172.217.194.0-255,4320,228332,18,293430
5134,0.069129,172.31.36.0-255,66,228398,18,293430
5135,0.071902,172.217.194.0-255,5738,234136,18,293430
5136,0.071908,172.31.36.0-255,66,234202,18,293430
5137,0.074586,172.217.194.0-255,5738,239940,18,293430
5138,0.074592,172.31.36.0-255,66,240006,18,293430
5139,0.077266,172.217.194.0-255,2902,242908,18,293430
5140,0.077272,172.31.36.0-255,66,242974,18,293430
5141,0.0773,172.217.194.0-255,2902,245876,18,293430
5142,0.077302,172.31.36.0-255,66,245942,18,293430
5143,0.079933,172.217.194.0-255,2902,248844,18,293430
5144,0.079939,172.31.36.0-255,66,248910,18,293430
5145,0.079984,172.217.194.0-255,2902,251812,18,293430
5146,0.079988,172.31.36.0-255,66,251878,18,293430
5147,0.082592,172.217.194.0-255,2902,254780,18,293430
5148,0.082598,172.31.36.0-255,66,254846,18,293430
5149,0.082675,172.217.194.0-255,2902,257748,18,293430
5150,0.082679,172.31.36.0-255,66,257814,18,293430
5151,0.085273,172.217.194.0-255,2902,260716,18,293430
5152,0.085278,172.31.36.0-255,66,260782,18,293430
5153,0.085352,172.217.194.0-255,1484,262266,18,293430
5154,0.085365,172.217.194.0-255,1484,263750,18,293430
5155,0.085369,172.31.36.0-255,66,263816,18,293430
5156,0.087984,172.217.194.0-255,2902,266718,18,293430
5157,0.08799,172.31.36.0-255,66,266784,18,293430
5158,0.088053,172.217.194.0-255,2902,269686,18,293430
5159,0.088057,172.31.36.0-255,66,269752,18,293430
5160,0.090717,172.217.194.0-255,2902,272654,18,293430
5161,0.090723,172.31.36.0-255,66,272720,18,293430
5162,0.090756,172.217.194.0-255,2902,275622,18,293430
5163,0.090758,172.31.36.0-255,66,275688,18,293430
5164,0.093396,172.217.194.0-255,2902,278590,18,293430
5165,0.093403,172.31.36.0-255,66,278656,18,293430
5166,0.093437,172.217.194.0-255,2902,281558,18,293430
5167,0.09344,172.31.36.0-255,66,281624,18,293430
5168,0.09611,172.217.194.0-255,2902,284526,18,293430
5169,0.096115,172.31.36.0-255,66,284592,18,293430
5170,0.096156,172.217.194.0-255,2902,287494,18,293430
5171,0.09616,172.31.36.0-255,66,287560,18,293430
5172,0.098816,172.217.194.0-255,4320,291880,18,293430
5173,0.098821,172.31.36.0-255,66,291946,18,293430
5174,0.098847,172.217.194.0-255,1484,293430,18,293430
5175,0.0,172.217.194.0-255,146,146,18,342219
5176,2.5e-05,172.31.36.0-255,66,212,18,342219
5177,3.2e-05,172.217.194.0-255,1484,1696,18,342219
5178,3.7e-05,172.31.36.0-255,66,1762,18,342219
5179,4.3e-05,172.217.194.0-255,2902,4664,18,342219
5180,4.6e-05,172.31.36.0-255,66,4730,18,342219
5181,5.4e-05,172.217.194.0-255,7156,11886,18,342219
5182,5.8e-05,172.31.36.0-255,66,11952,18,342219
5183,6.2e-05,172.217.194.0-255,2080,14032,18,342219
5184,6.5e-05,172.31.36.0-255,66,14098,18,342219
5185,7.3e-05,172.217.194.0-255,7156,21254,18,342219
5186,7.6e-05,172.31.36.0-255,66,21320,18,342219
5187,9.6e-05,172.217.194.0-255,4320,25640,18,342219
5188,9.9e-05,172.31.36.0-255,66,25706,18,342219
5189,0.000105,172.217.194.0-255,5379,31085,18,342219
5190,0.000108,172.31.36.0-255,66,31151,18,342219
5191,0.000164,172.217.194.0-255,1484,32635,18,342219
5192,0.000166,172.31.36.0-255,66,32701,18,342219
5193,0.000171,172.217.194.0-255,2902,35603,18,342219
5194,0.000173,172.31.36.0-255,66,35669,18,342219
5195,0.000178,172.217.194.0-255,2902,38571,18,342219
5196,0.00018,172.31.36.0-255,66,38637,18,342219
5197,0.000207,172.217.194.0-255,2902,41539,18,342219
5198,0.000211,172.217.194.0-255,4320,45859,18,342219
5199,0.000231,172.31.36.0-255,66,45925,18,342219
5200,0.000234,172.31.36.0-255,66,45991,18,342219
5201,0.000266,172.31.36.0-255,66,46057,18,342219
5202,0.000273,172.217.194.0-255,7054,53111,18,342219
5203,0.000276,172.31.36.0-255,66,53177,18,342219
5204,0.000278,172.217.194.0-255,120,53297,18,342219
5205,0.00028,172.31.36.0-255,66,53363,18,342219
5206,0.000294,172.217.194.0-255,375,53738,18,342219
5207,0.000296,172.31.36.0-255,66,53804,18,342219
5208,0.000609,172.217.194.0-255,1484,55288,18,342219
5209,0.000615,172.31.36.0-255,66,55354,18,342219
5210,0.000621,172.217.194.0-255,2902,58256,18,342219
5211,0.000625,172.31.36.0-255,66,58322,18,342219
5212,0.000631,172.217.194.0-255,5738,64060,18,342219
5213,0.000633,172.31.36.0-255,66,64126,18,342219
5214,0.000674,172.31.36.0-255,66,64192,18,342219
5215,0.000686,172.31.36.0-255,66,64258,18,342219
5216,0.00071,172.217.194.0-255,1484,65742,18,342219
5217,0.000712,172.31.36.0-255,66,65808,18,342219
5218,0.000733,172.217.194.0-255,3602,69410,18,342219
5219,0.000735,172.31.36.0-255,66,69476,18,342219
5220,0.001605,172.217.194.0-255,1484,70960,18,342219
5221,0.001612,172.31.36.0-255,66,71026,18,342219
5222,0.001621,172.217.194.0-255,2902,73928,18,342219
5223,0.001623,172.31.36.0-255,66,73994,18,342219
5224,0.00163,172.217.194.0-255,5738,79732,18,342219
5225,0.001632,172.31.36.0-255,66,79798,18,342219
5226,0.001654,172.217.194.0-255,4320,84118,18,342219
5227,0.001656,172.31.36.0-255,66,84184,18,342219
5228,0.001687,172.31.36.0-255,66,84250,18,342219
5229,0.001699,172.31.36.0-255,66,84316,18,342219
5230,0.001702,172.217.194.0-255,766,85082,18,342219
5231,0.001704,172.31.36.0-255,66,85148,18,342219
5232,0.002012,172.217.194.0-255,1484,86632,18,342219
5233,0.002021,172.217.194.0-255,2902,89534,18,342219
5234,0.002026,172.217.194.0-255,2902,92436,18,342219
5235,0.00204,172.217.194.0-255,2902,95338,18,342219
5236,0.002059,172.217.194.0-255,4320,99658,18,342219
5237,0.002096,172.217.194.0-255,5738,105396,18,342219
5238,0.002112,172.217.194.0-255,5020,110416,18,342219
5239,0.002313,172.217.194.0-255,1484,111900,18,342219
5240,0.002321,172.217.194.0-255,2902,114802,18,342219
5241,0.002326,172.217.194.0-255,2902,117704,18,342219
5242,0.002341,172.217.194.0-255,2902,120606,18,342219
5243,0.002345,172.217.194.0-255,1484,122090,18,342219
5244,0.002363,172.217.194.0-255,7156,129246,18,342219
5245,0.007864,172.31.36.0-255,66,129312,18,342219
5246,0.010372,172.217.194.0-255,5738,135050,18,342219
5247,0.010383,172.31.36.0-255,66,135116,18,342219
5248,0.0129,172.217.194.0-255,5738,140854,18,342219
5249,0.012912,172.31.36.0-255,66,140920,18,342219
5250,0.015436,172.217.194.0-255,5738,146658,18,342219
5251,0.015447,172.31.36.0-255,66,146724,18,342219
5252,0.017956,172.217.194.0-255,5738,152462,18,342219
5253,0.017965,172.31.36.0-255,66,152528,18,342219
5254,0.020502,172.217.194.0-255,5738,158266,18,342219
5255,0.020513,172.31.36.0-255,66,158332,18,342219
5256,0.022992,172.217.194.0-255,5738,164070,18,342219
5257,0.023002,172.31.36.0-255,66,164136,18,342219
5258,0.025489,172.217.194.0-255,5738,169874,18,342219
5259,0.025507,172.31.36.0-255,66,169940,18,342219
5260,0.02745,172.31.36.0-255,172,170112,18,342219
5261,0.027493,172.31.36.0-255,1114,171226,18,342219
5262,0.027564,172.31.36.0-255,1514,172740,18,342219
5263,0.027566,172.31.36.0-255,1514,174254,18,342219
5264,0.027567,172.31.36.0-255,1514,175768,18,342219
5265,0.027569,172.31.36.0-255,1514,177282,18,342219
5266,0.02757,172.31.36.0-255,543,177825,18,342219
5267,0.028026,172.217.194.0-255,5738,183563,18,342219
5268,0.028037,172.31.36.0-255,66,183629,18,342219
5269,0.029176,104.244.42.0-255,66,183695,18,342219
5270,0.030609,172.217.194.0-255,5738,189433,18,342219
5271,0.030628,172.31.36.0-255,66,189499,18,342219
5272,0.033144,172.217.194.0-255,5738,195237,18,342219
5273,0.033162,172.31.36.0-255,66,195303,18,342219
5274,0.035661,172.217.194.0-255,5738,201041,18,342219
5275,0.03568,172.31.36.0-255,66,201107,18,342219
5276,0.038208,172.217.194.0-255,5738,206845,18,342219
5277,0.038226,172.31.36.0-255,66,206911,18,342219
5278,0.040748,172.217.194.0-255,5738,212649,18,342219
5279,0.040759,172.31.36.0-255,66,212715,18,342219
5280,0.043234,172.217.194.0-255,5738,218453,18,342219
5281,0.043242,172.31.36.0-255,66,218519,18,342219
5282,0.045738,172.217.194.0-255,5738,224257,18,342219
5283,0.045745,172.31.36.0-255,66,224323,18,342219
5284,0.048245,172.217.194.0-255,5738,230061,18,342219
5285,0.048252,172.31.36.0-255,66,230127,18,342219
5286,0.050724,172.217.194.0-255,1484,231611,18,342219
5287,0.050731,172.31.36.0-255,66,231677,18,342219
5288,0.05075,172.217.194.0-255,4320,235997,18,342219
5289,0.051042,172.31.36.0-255,66,236063,18,342219
5290,0.053208,172.217.194.0-255,1484,237547,18,342219
5291,0.053215,172.31.36.0-255,66,237613,18,342219
5292,0.053516,172.217.194.0-255,4320,241933,18,342219
5293,0.053571,172.31.36.0-255,66,241999,18,342219
5294,0.05574,172.217.194.0-255,1484,243483,18,342219
5295,0.055747,172.31.36.0-255,66,243549,18,342219
5296,0.056094,172.217.194.0-255,4320,247869,18,342219
5297,0.056146,172.31.36.0-255,66,247935,18,342219
5298,0.058285,172.217.194.0-255,1484,249419,18,342219
5299,0.05862,172.217.194.0-255,4320,253739,18,342219
5300,0.058627,172.31.36.0-255,66,253805,18,342219
5301,0.061106,172.217.194.0-255,5738,259543,18,342219
5302,0.061152,172.31.36.0-255,66,259609,18,342219
5303,0.06364,172.217.194.0-255,5738,265347,18,342219
5304,0.063647,172.31.36.0-255,66,265413,18,342219
5305,0.066142,172.217.194.0-255,5738,271151,18,342219
5306,0.066149,172.31.36.0-255,66,271217,18,342219
5307,0.068673,172.217.194.0-255,5738,276955,18,342219
5308,0.068686,172.31.36.0-255,66,277021,18,342219
5309,0.069729,104.244.42.0-255,66,277087,18,342219
5310,0.07118,172.217.194.0-255,5738,282825,18,342219
5311,0.071189,172.31.36.0-255,66,282891,18,342219
5312,0.073694,172.217.194.0-255,5738,288629,18,342219
5313,0.073701,172.31.36.0-255,66,288695,18,342219
5314,0.076206,172.217.194.0-255,5738,294433,18,342219
5315,0.076213,172.31.36.0-255,66,294499,18,342219
5316,0.078732,172.217.194.0-255,5738,300237,18,342219
5317,0.078739,172.31.36.0-255,66,300303,18,342219
5318,0.081258,172.217.194.0-255,5738,306041,18,342219
5319,0.081265,172.31.36.0-255,66,306107,18,342219
5320,0.08376,172.217.194.0-255,5738,311845,18,342219
5321,0.083767,172.31.36.0-255,66,311911,18,342219
5322,0.086264,172.217.194.0-255,5738,317649,18,342219
5323,0.086272,172.31.36.0-255,66,317715,18,342219
5324,0.088778,172.217.194.0-255,5738,323453,18,342219
5325,0.088788,172.31.36.0-255,66,323519,18,342219
5326,0.091261,172.217.194.0-255,5738,329257,18,342219
5327,0.091269,172.31.36.0-255,66,329323,18,342219
5328,0.093756,172.217.194.0-255,5738,335061,18,342219
5329,0.093763,172.31.36.0-255,66,335127,18,342219
5330,0.096303,172.217.194.0-255,5738,340865,18,342219
5331,0.096312,172.31.36.0-255,66,340931,18,342219
5332,0.098812,172.217.194.0-255,1117,342048,18,342219
5333,0.098973,172.31.36.0-255,66,342114,18,342219
5334,0.099011,172.31.36.0-255,105,342219,18,342219
5335,0.0,34.213.241.0-255,97,97,18,260
5336,0.000182,172.31.36.0-255,97,194,18,260
5337,0.000195,172.31.36.0-255,66,260,18,260
5338,0.0,74.125.24.0-255,153,153,18,294176
5339,2.9e-05,172.31.36.0-255,66,219,18,294176
5340,3.6e-05,74.125.24.0-255,1484,1703,18,294176
5341,3.9e-05,172.31.36.0-255,66,1769,18,294176
5342,4.4e-05,74.125.24.0-255,2902,4671,18,294176
5343,5.5e-05,172.31.36.0-255,66,4737,18,294176
5344,6.2e-05,74.125.24.0-255,7156,11893,18,294176
5345,6.5e-05,172.31.36.0-255,66,11959,18,294176
5346,6.9e-05,74.125.24.0-255,2011,13970,18,294176
5347,7.2e-05,172.31.36.0-255,66,14036,18,294176
5348,0.000114,74.125.24.0-255,1484,15520,18,294176
5349,0.000117,172.31.36.0-255,66,15586,18,294176
5350,0.000148,74.125.24.0-255,2902,18488,18,294176
5351,0.000151,172.31.36.0-255,66,18554,18,294176
5352,0.000157,74.125.24.0-255,5738,24292,18,294176
5353,0.00016,172.31.36.0-255,66,24358,18,294176
5354,0.000176,74.125.24.0-255,6797,31155,18,294176
5355,0.000178,172.31.36.0-255,66,31221,18,294176
5356,0.000231,172.31.36.0-255,66,31287,18,294176
5357,0.000255,74.125.24.0-255,2543,33830,18,294176
5358,0.000258,172.31.36.0-255,66,33896,18,294176
5359,0.000534,74.125.24.0-255,1484,35380,18,294176
5360,0.000538,172.31.36.0-255,66,35446,18,294176
5361,0.000543,74.125.24.0-255,2902,38348,18,294176
5362,0.000546,172.31.36.0-255,66,38414,18,294176
5363,0.000558,74.125.24.0-255,5738,44152,18,294176
5364,0.000561,172.31.36.0-255,66,44218,18,294176
5365,0.000569,74.125.24.0-255,6797,51015,18,294176
5366,0.000571,172.31.36.0-255,66,51081,18,294176
5367,0.000612,74.125.24.0-255,645,51726,18,294176
5368,0.000615,172.31.36.0-255,66,51792,18,294176
5369,0.000822,74.125.24.0-255,1484,53276,18,294176
5370,0.000829,74.125.24.0-255,2902,56178,18,294176
5371,0.000832,172.31.36.0-255,66,56244,18,294176
5372,0.000852,74.125.24.0-255,4320,60564,18,294176
5373,0.000856,172.31.36.0-255,66,60630,18,294176
5374,0.000884,74.125.24.0-255,1484,62114,18,294176
5375,0.00089,74.125.24.0-255,4320,66434,18,294176
5376,0.000892,172.31.36.0-255,66,66500,18,294176
5377,0.000929,172.31.36.0-255,66,66566,18,294176
5378,0.000935,74.125.24.0-255,4320,70886,18,294176
5379,0.000937,172.31.36.0-255,66,70952,18,294176
5380,0.000967,74.125.24.0-255,3054,74006,18,294176
5381,0.00097,172.31.36.0-255,66,74072,18,294176
5382,0.001022,74.125.24.0-255,1484,75556,18,294176
5383,0.001028,74.125.24.0-255,2902,78458,18,294176
5384,0.00103,172.31.36.0-255,66,78524,18,294176
5385,0.001035,74.125.24.0-255,2902,81426,18,294176
5386,0.001037,172.31.36.0-255,66,81492,18,294176
5387,0.001057,74.125.24.0-255,2902,84394,18,294176
5388,0.00106,172.31.36.0-255,66,84460,18,294176
5389,0.001079,172.31.36.0-255,66,84526,18,294176
5390,0.001112,74.125.24.0-255,1484,86010,18,294176
5391,0.001119,74.125.24.0-255,7156,93166,18,294176
5392,0.001122,172.31.36.0-255,66,93232,18,294176
5393,0.001149,74.125.24.0-255,3602,96834,18,294176
5394,0.001153,172.31.36.0-255,66,96900,18,294176
5395,0.001188,74.125.24.0-255,2902,99802,18,294176
5396,0.001192,172.31.36.0-255,66,99868,18,294176
5397,0.001223,74.125.24.0-255,1484,101352,18,294176
5398,0.001229,74.125.24.0-255,5738,107090,18,294176
5399,0.001232,172.31.36.0-255,66,107156,18,294176
5400,0.001254,172.31.36.0-255,66,107222,18,294176
5401,0.001255,74.125.24.0-255,7156,114378,18,294176
5402,0.001258,172.31.36.0-255,66,114444,18,294176
5403,0.001283,74.125.24.0-255,5020,119464,18,294176
5404,0.001287,172.31.36.0-255,66,119530,18,294176
5405,0.001411,74.125.24.0-255,1484,121014,18,294176
5406,0.00143,74.125.24.0-255,2902,123916,18,294176
5407,0.001434,172.31.36.0-255,66,123982,18,294176
5408,0.00144,74.125.24.0-255,4320,128302,18,294176
5409,0.001442,172.31.36.0-255,66,128368,18,294176
5410,0.001462,74.125.24.0-255,1484,129852,18,294176
5411,0.001472,74.125.24.0-255,5738,135590,18,294176
5412,0.001474,172.31.36.0-255,66,135656,18,294176
5413,0.001491,74.125.24.0-255,7156,142812,18,294176
5414,0.001499,172.31.36.0-255,66,142878,18,294176
5415,0.001506,74.125.24.0-255,5738,148616,18,294176
5416,0.001508,172.31.36.0-255,66,148682,18,294176
5417,0.001555,74.125.24.0-255,5020,153702,18,294176
5418,0.00156,172.31.36.0-255,66,153768,18,294176
5419,0.001682,74.125.24.0-255,1484,155252,18,294176
5420,0.001697,74.125.24.0-255,2902,158154,18,294176
5421,0.0017,172.31.36.0-255,66,158220,18,294176
5422,0.001723,74.125.24.0-255,5738,163958,18,294176
5423,0.001727,172.31.36.0-255,66,164024,18,294176
5424,0.001764,74.125.24.0-255,4320,168344,18,294176
5425,0.001766,172.31.36.0-255,66,168410,18,294176
5426,0.001801,74.125.24.0-255,2543,170953,18,294176
5427,0.001804,172.31.36.0-255,66,171019,18,294176
5428,0.001819,172.31.36.0-255,66,171085,18,294176
5429,0.001823,74.125.24.0-255,4320,175405,18,294176
5430,0.001827,172.31.36.0-255,66,175471,18,294176
5431,0.001856,74.125.24.0-255,4320,179791,18,294176
5432,0.001859,172.31.36.0-255,66,179857,18,294176
5433,0.001897,172.31.36.0-255,66,179923,18,294176
5434,0.001953,74.125.24.0-255,1484,181407,18,294176
5435,0.001959,74.125.24.0-255,2902,184309,18,294176
5436,0.001963,172.31.36.0-255,66,184375,18,294176
5437,0.001992,74.125.24.0-255,5738,190113,18,294176
5438,0.001996,172.31.36.0-255,66,190179,18,294176
5439,0.001999,74.125.24.0-255,1484,191663,18,294176
5440,0.002031,74.125.24.0-255,5379,197042,18,294176
5441,0.002036,172.31.36.0-255,66,197108,18,294176
5442,0.002044,74.125.24.0-255,7156,204264,18,294176
5443,0.002048,172.31.36.0-255,66,204330,18,294176
5444,0.002053,74.125.24.0-255,2902,207232,18,294176
5445,0.002055,172.31.36.0-255,66,207298,18,294176
5446,0.002101,172.31.36.0-255,66,207364,18,294176
5447,0.002118,172.31.36.0-255,66,207430,18,294176
5448,0.002241,74.125.24.0-255,1484,208914,18,294176
5449,0.002258,74.125.24.0-255,2902,211816,18,294176
5450,0.002262,172.31.36.0-255,66,211882,18,294176
5451,0.002267,74.125.24.0-255,5738,217620,18,294176
5452,0.00227,172.31.36.0-255,66,217686,18,294176
5453,0.002308,74.125.24.0-255,5738,223424,18,294176
5454,0.002311,172.31.36.0-255,66,223490,18,294176
5455,0.002344,172.31.36.0-255,66,223556,18,294176
5456,0.002357,172.31.36.0-255,66,223622,18,294176
5457,0.002361,74.125.24.0-255,4320,227942,18,294176
5458,0.002364,172.31.36.0-255,66,228008,18,294176
5459,0.0024,172.31.36.0-255,66,228074,18,294176
5460,0.002586,74.125.24.0-255,1484,229558,18,294176
5461,0.002603,74.125.24.0-255,2902,232460,18,294176
5462,0.002605,172.31.36.0-255,66,232526,18,294176
5463,0.00261,74.125.24.0-255,2902,235428,18,294176
5464,0.002612,172.31.36.0-255,66,235494,18,294176
5465,0.002638,74.125.24.0-255,1484,236978,18,294176
5466,0.002658,74.125.24.0-255,4320,241298,18,294176
5467,0.002661,172.31.36.0-255,66,241364,18,294176
5468,0.002683,74.125.24.0-255,5738,247102,18,294176
5469,0.002685,172.31.36.0-255,66,247168,18,294176
5470,0.002689,74.125.24.0-255,2902,250070,18,294176
5471,0.002691,172.31.36.0-255,66,250136,18,294176
5472,0.002694,74.125.24.0-255,2902,253038,18,294176
5473,0.002696,172.31.36.0-255,66,253104,18,294176
5474,0.002726,74.125.24.0-255,4320,257424,18,294176
5475,0.002728,172.31.36.0-255,66,257490,18,294176
5476,0.002731,74.125.24.0-255,1484,258974,18,294176
5477,0.002734,74.125.24.0-255,1484,260458,18,294176
5478,0.002736,172.31.36.0-255,66,260524,18,294176
5479,0.002739,74.125.24.0-255,1484,262008,18,294176
5480,0.002741,74.125.24.0-255,766,262774,18,294176
5481,0.002744,172.31.36.0-255,66,262840,18,294176
5482,0.002789,74.125.24.0-255,1484,264324,18,294176
5483,0.00281,74.125.24.0-255,2902,267226,18,294176
5484,0.002812,172.31.36.0-255,66,267292,18,294176
5485,0.002815,74.125.24.0-255,1484,268776,18,294176
5486,0.002819,74.125.24.0-255,2902,271678,18,294176
5487,0.002821,172.31.36.0-255,66,271744,18,294176
5488,0.00285,74.125.24.0-255,4320,276064,18,294176
5489,0.002853,172.31.36.0-255,66,276130,18,294176
5490,0.00286,74.125.24.0-255,7156,283286,18,294176
5491,0.002862,172.31.36.0-255,66,283352,18,294176
5492,0.002864,74.125.24.0-255,1344,284696,18,294176
5493,0.002867,74.125.24.0-255,97,284793,18,294176
5494,0.002921,74.125.24.0-255,105,284898,18,294176
5495,0.007903,172.31.36.0-255,66,284964,18,294176
5496,0.007933,172.31.36.0-255,105,285069,18,294176
5497,0.010525,74.125.24.0-255,66,285135,18,294176
5498,0.036098,172.31.36.0-255,172,285307,18,294176
5499,0.036129,172.31.36.0-255,1112,286419,18,294176
5500,0.036178,172.31.36.0-255,1514,287933,18,294176
5501,0.03618,172.31.36.0-255,1514,289447,18,294176
5502,0.036181,172.31.36.0-255,1514,290961,18,294176
5503,0.036183,172.31.36.0-255,1514,292475,18,294176
5504,0.036209,172.31.36.0-255,1503,293978,18,294176
5505,0.037656,104.244.42.0-255,66,294044,18,294176
5506,0.037745,104.244.42.0-255,66,294110,18,294176
5507,0.037791,104.244.42.0-255,66,294176,18,294176
5508,0.0,172.217.194.0-255,153,153,18,266746
5509,2.4e-05,172.31.36.0-255,66,219,18,266746
5510,3.2e-05,172.217.194.0-255,1484,1703,18,266746
5511,3.6e-05,172.31.36.0-255,66,1769,18,266746
5512,4.3e-05,172.217.194.0-255,2902,4671,18,266746
5513,4.5e-05,172.31.36.0-255,66,4737,18,266746
5514,5.5e-05,172.217.194.0-255,7156,11893,18,266746
5515,5.8e-05,172.31.36.0-255,66,11959,18,266746
5516,9.8e-05,172.31.36.0-255,66,12025,18,266746
5517,0.000103,172.217.194.0-255,2902,14927,18,266746
5518,0.000105,172.31.36.0-255,66,14993,18,266746
5519,0.000122,172.217.194.0-255,3961,18954,18,266746
5520,0.000125,172.31.36.0-255,66,19020,18,266746
5521,0.000262,172.217.194.0-255,1484,20504,18,266746
5522,0.000266,172.31.36.0-255,66,20570,18,266746
5523,0.000285,172.217.194.0-255,2902,23472,18,266746
5524,0.000288,172.31.36.0-255,66,23538,18,266746
5525,0.000319,172.217.194.0-255,5738,29276,18,266746
5526,0.000322,172.31.36.0-255,66,29342,18,266746
5527,0.00033,172.217.194.0-255,7156,36498,18,266746
5528,0.000332,172.31.36.0-255,66,36564,18,266746
5529,0.000363,172.217.194.0-255,1484,38048,18,266746
5530,0.000365,172.31.36.0-255,66,38114,18,266746
5531,0.00039,172.31.36.0-255,66,38180,18,266746
5532,0.000422,172.217.194.0-255,2184,40364,18,266746
5533,0.000425,172.31.36.0-255,66,40430,18,266746
5534,0.000703,172.217.194.0-255,340,40770,18,266746
5535,0.00071,172.31.36.0-255,66,40836,18,266746
5536,0.000751,172.217.194.0-255,113,40949,18,266746
5537,0.000754,172.31.36.0-255,66,41015,18,266746
5538,0.001052,172.217.194.0-255,1484,42499,18,266746
5539,0.00106,172.217.194.0-255,2902,45401,18,266746
5540,0.001063,172.31.36.0-255,66,45467,18,266746
5541,0.001069,172.217.194.0-255,2902,48369,18,266746
5542,0.001071,172.31.36.0-255,66,48435,18,266746
5543,0.001086,172.217.194.0-255,2902,51337,18,266746
5544,0.001089,172.31.36.0-255,66,51403,18,266746
5545,0.001107,172.217.194.0-255,5738,57141,18,266746
5546,0.001109,172.31.36.0-255,66,57207,18,266746
5547,0.001113,172.217.194.0-255,1484,58691,18,266746
5548,0.001133,172.217.194.0-255,5738,64429,18,266746
5549,0.001135,172.31.36.0-255,66,64495,18,266746
5550,0.001158,172.217.194.0-255,5738,70233,18,266746
5551,0.001163,172.217.194.0-255,5020,75253,18,266746
5552,0.001167,172.31.36.0-255,66,75319,18,266746
5553,0.001171,172.31.36.0-255,66,75385,18,266746
5554,0.001226,172.31.36.0-255,66,75451,18,266746
5555,0.001252,172.217.194.0-255,5738,81189,18,266746
5556,0.001254,172.31.36.0-255,66,81255,18,266746
5557,0.001269,172.31.36.0-255,66,81321,18,266746
5558,0.001272,172.217.194.0-255,1484,82805,18,266746
5559,0.001306,172.31.36.0-255,66,82871,18,266746
5560,0.001339,172.31.36.0-255,66,82937,18,266746
5561,0.001367,172.217.194.0-255,7156,90093,18,266746
5562,0.001369,172.31.36.0-255,66,90159,18,266746
5563,0.001372,172.217.194.0-255,766,90925,18,266746
5564,0.001376,172.217.194.0-255,1484,92409,18,266746
5565,0.001378,172.31.36.0-255,66,92475,18,266746
5566,0.001384,172.217.194.0-255,4320,96795,18,266746
5567,0.001386,172.31.36.0-255,66,96861,18,266746
5568,0.001397,172.31.36.0-255,66,96927,18,266746
5569,0.00141,172.31.36.0-255,66,96993,18,266746
5570,0.001415,172.217.194.0-255,4320,101313,18,266746
5571,0.001417,172.31.36.0-255,66,101379,18,266746
5572,0.001437,172.217.194.0-255,2184,103563,18,266746
5573,0.00144,172.31.36.0-255,66,103629,18,266746
5574,0.001447,172.217.194.0-255,7156,110785,18,266746
5575,0.001449,172.31.36.0-255,66,110851,18,266746
5576,0.001452,172.217.194.0-255,1484,112335,18,266746
5577,0.001497,172.31.36.0-255,66,112401,18,266746
5578,0.0015,172.217.194.0-255,1484,113885,18,266746
5579,0.001515,172.217.194.0-255,2902,116787,18,266746
5580,0.001517,172.31.36.0-255,66,116853,18,266746
5581,0.001553,172.31.36.0-255,66,116919,18,266746
5582,0.001572,172.31.36.0-255,66,116985,18,266746
5583,0.001624,172.31.36.0-255,66,117051,18,266746
5584,0.001692,172.217.194.0-255,1484,118535,18,266746
5585,0.001695,172.217.194.0-255,1484,120019,18,266746
5586,0.001706,172.31.36.0-255,66,120085,18,266746
5587,0.00171,172.217.194.0-255,1484,121569,18,266746
5588,0.001717,172.217.194.0-255,5738,127307,18,266746
5589,0.001719,172.31.36.0-255,66,127373,18,266746
5590,0.001729,172.217.194.0-255,1484,128857,18,266746
5591,0.001749,172.217.194.0-255,5738,134595,18,266746
5592,0.00177,172.31.36.0-255,66,134661,18,266746
5593,0.001789,172.217.194.0-255,4320,138981,18,266746
5594,0.001802,172.217.194.0-255,5738,144719,18,266746
5595,0.001845,172.31.36.0-255,66,144785,18,266746
5596,0.001852,172.217.194.0-255,6438,151223,18,266746
5597,0.001862,172.31.36.0-255,66,151289,18,266746
5598,0.003959,172.217.194.0-255,5738,157027,18,266746
5599,0.003967,172.31.36.0-255,66,157093,18,266746
5600,0.00612,172.217.194.0-255,5738,162831,18,266746
5601,0.006133,172.31.36.0-255,66,162897,18,266746
5602,0.008267,172.217.194.0-255,5738,168635,18,266746
5603,0.008271,172.31.36.0-255,66,168701,18,266746
5604,0.010404,172.217.194.0-255,5738,174439,18,266746
5605,0.010411,172.31.36.0-255,66,174505,18,266746
5606,0.012533,172.217.194.0-255,5738,180243,18,266746
5607,0.012543,172.31.36.0-255,66,180309,18,266746
5608,0.014672,172.217.194.0-255,5738,186047,18,266746
5609,0.014684,172.31.36.0-255,66,186113,18,266746
5610,0.016835,172.217.194.0-255,5738,191851,18,266746
5611,0.016844,172.31.36.0-255,66,191917,18,266746
5612,0.01896,172.217.194.0-255,5738,197655,18,266746
5613,0.018973,172.31.36.0-255,66,197721,18,266746
5614,0.021457,172.217.194.0-255,5738,203459,18,266746
5615,0.021472,172.31.36.0-255,66,203525,18,266746
5616,0.023589,172.217.194.0-255,5738,209263,18,266746
5617,0.0236,172.31.36.0-255,66,209329,18,266746
5618,0.025725,172.217.194.0-255,5738,215067,18,266746
5619,0.025737,172.31.36.0-255,66,215133,18,266746
5620,0.027863,172.217.194.0-255,5738,220871,18,266746
5621,0.027878,172.31.36.0-255,66,220937,18,266746
5622,0.030014,172.217.194.0-255,5738,226675,18,266746
5623,0.03003,172.31.36.0-255,66,226741,18,266746
5624,0.032153,172.217.194.0-255,5738,232479,18,266746
5625,0.03217,172.31.36.0-255,66,232545,18,266746
5626,0.034297,172.217.194.0-255,5738,238283,18,266746
5627,0.034305,172.31.36.0-255,66,238349,18,266746
5628,0.036415,172.217.194.0-255,5738,244087,18,266746
5629,0.036429,172.31.36.0-255,66,244153,18,266746
5630,0.038557,172.217.194.0-255,5738,249891,18,266746
5631,0.038574,172.31.36.0-255,66,249957,18,266746
5632,0.040708,172.217.194.0-255,5738,255695,18,266746
5633,0.040725,172.31.36.0-255,66,255761,18,266746
5634,0.042003,172.31.36.0-255,172,255933,18,266746
5635,0.042036,172.31.36.0-255,1116,257049,18,266746
5636,0.042103,172.31.36.0-255,1514,258563,18,266746
5637,0.042105,172.31.36.0-255,1514,260077,18,266746
5638,0.042106,172.31.36.0-255,1514,261591,18,266746
5639,0.042112,172.31.36.0-255,1514,263105,18,266746
5640,0.042113,172.31.36.0-255,1501,264606,18,266746
5641,0.042825,172.217.194.0-255,1705,266311,18,266746
5642,0.042833,172.31.36.0-255,66,266377,18,266746
5643,0.042985,172.31.36.0-255,105,266482,18,266746
5644,0.04364,104.244.42.0-255,66,266548,18,266746
5645,0.043695,104.244.42.0-255,66,266614,18,266746
5646,0.043786,104.244.42.0-255,66,266680,18,266746
5647,0.04503,172.217.194.0-255,66,266746,18,266746
5648,0.0,172.217.27.0-255,146,146,18,356129
5649,1.7e-05,172.31.36.0-255,66,212,18,356129
5650,2.5e-05,172.217.27.0-255,1484,1696,18,356129
5651,3e-05,172.31.36.0-255,66,1762,18,356129
5652,4.3e-05,172.217.27.0-255,2902,4664,18,356129
5653,4.7e-05,172.31.36.0-255,66,4730,18,356129
5654,5.3e-05,172.217.27.0-255,4320,9050,18,356129
5655,5.6e-05,172.31.36.0-255,66,9116,18,356129
5656,6.2e-05,172.217.27.0-255,4848,13964,18,356129
5657,6.5e-05,172.31.36.0-255,66,14030,18,356129
5658,6.8e-05,172.217.27.0-255,1484,15514,18,356129
5659,7.1e-05,172.31.36.0-255,66,15580,18,356129
5660,7.6e-05,172.217.27.0-255,2902,18482,18,356129
5661,7.8e-05,172.31.36.0-255,66,18548,18,356129
5662,8.1e-05,172.217.27.0-255,1484,20032,18,356129
5663,8.3e-05,172.31.36.0-255,66,20098,18,356129
5664,0.00011,172.217.27.0-255,2902,23000,18,356129
5665,0.000113,172.31.36.0-255,66,23066,18,356129
5666,0.00012,172.217.27.0-255,5738,28804,18,356129
5667,0.000123,172.31.36.0-255,66,28870,18,356129
5668,0.000127,172.217.27.0-255,2543,31413,18,356129
5669,0.00013,172.31.36.0-255,66,31479,18,356129
5670,0.000208,172.217.27.0-255,1484,32963,18,356129
5671,0.000211,172.31.36.0-255,66,33029,18,356129
5672,0.000216,172.217.27.0-255,2902,35931,18,356129
5673,0.000218,172.31.36.0-255,66,35997,18,356129
5674,0.000221,172.217.27.0-255,1484,37481,18,356129
5675,0.000223,172.31.36.0-255,66,37547,18,356129
5676,0.000255,172.217.27.0-255,2902,40449,18,356129
5677,0.000259,172.217.27.0-255,4320,44769,18,356129
5678,0.000264,172.31.36.0-255,66,44835,18,356129
5679,0.000267,172.31.36.0-255,66,44901,18,356129
5680,0.000282,172.217.27.0-255,4320,49221,18,356129
5681,0.000288,172.31.36.0-255,66,49287,18,356129
5682,0.000312,172.217.27.0-255,1125,50412,18,356129
5683,0.000334,172.31.36.0-255,66,50478,18,356129
5684,0.000337,172.217.27.0-255,396,50874,18,356129
5685,0.000623,172.217.27.0-255,114,50988,18,356129
5686,0.000758,172.217.27.0-255,1484,52472,18,356129
5687,0.000763,172.31.36.0-255,66,52538,18,356129
5688,0.000769,172.217.27.0-255,2902,55440,18,356129
5689,0.000772,172.31.36.0-255,66,55506,18,356129
5690,0.000798,172.217.27.0-255,1484,56990,18,356129
5691,0.000803,172.217.27.0-255,2902,59892,18,356129
5692,0.000807,172.31.36.0-255,66,59958,18,356129
5693,0.000816,172.217.27.0-255,4320,64278,18,356129
5694,0.000818,172.31.36.0-255,66,64344,18,356129
5695,0.000851,172.217.27.0-255,3961,68305,18,356129
5696,0.000853,172.31.36.0-255,66,68371,18,356129
5697,0.000858,172.217.27.0-255,4320,72691,18,356129
5698,0.00086,172.31.36.0-255,66,72757,18,356129
5699,0.000876,172.31.36.0-255,66,72823,18,356129
5700,0.000887,172.217.27.0-255,1484,74307,18,356129
5701,0.000892,172.217.27.0-255,2543,76850,18,356129
5702,0.000898,172.31.36.0-255,66,76916,18,356129
5703,0.000902,172.217.27.0-255,1484,78400,18,356129
5704,0.000923,172.217.27.0-255,1484,79884,18,356129
5705,0.000926,172.31.36.0-255,66,79950,18,356129
5706,0.000934,172.217.27.0-255,7156,87106,18,356129
5707,0.000937,172.31.36.0-255,66,87172,18,356129
5708,0.000945,172.217.27.0-255,4320,91492,18,356129
5709,0.000948,172.31.36.0-255,66,91558,18,356129
5710,0.00099,172.217.27.0-255,2227,93785,18,356129
5711,0.000993,172.31.36.0-255,66,93851,18,356129
5712,0.001048,172.217.27.0-255,1484,95335,18,356129
5713,0.001055,172.217.27.0-255,2902,98237,18,356129
5714,0.001058,172.31.36.0-255,66,98303,18,356129
5715,0.001089,172.217.27.0-255,5738,104041,18,356129
5716,0.001092,172.31.36.0-255,66,104107,18,356129
5717,0.001103,172.31.36.0-255,66,104173,18,356129
5718,0.001119,172.31.36.0-255,66,104239,18,356129
5719,0.001144,172.217.27.0-255,5020,109259,18,356129
5720,0.001147,172.31.36.0-255,66,109325,18,356129
5721,0.001447,172.217.27.0-255,1484,110809,18,356129
5722,0.001454,172.217.27.0-255,2902,113711,18,356129
5723,0.001457,172.31.36.0-255,66,113777,18,356129
5724,0.001462,172.217.27.0-255,2902,116679,18,356129
5725,0.001464,172.31.36.0-255,66,116745,18,356129
5726,0.001499,172.217.27.0-255,2902,119647,18,356129
5727,0.001502,172.31.36.0-255,66,119713,18,356129
5728,0.00152,172.31.36.0-255,66,119779,18,356129
5729,0.001531,172.31.36.0-255,66,119845,18,356129
5730,0.001534,172.217.27.0-255,766,120611,18,356129
5731,0.001602,172.217.27.0-255,1484,122095,18,356129
5732,0.001606,172.31.36.0-255,66,122161,18,356129
5733,0.001612,172.217.27.0-255,2902,125063,18,356129
5734,0.001614,172.31.36.0-255,66,125129,18,356129
5735,0.001618,172.217.27.0-255,2902,128031,18,356129
5736,0.001624,172.31.36.0-255,66,128097,18,356129
5737,0.001658,172.217.27.0-255,2902,130999,18,356129
5738,0.001661,172.31.36.0-255,66,131065,18,356129
5739,0.001666,172.217.27.0-255,4320,135385,18,356129
5740,0.001669,172.31.36.0-255,66,135451,18,356129
5741,0.003301,172.217.27.0-255,5738,141189,18,356129
5742,0.003308,172.31.36.0-255,66,141255,18,356129
5743,0.00494,172.217.27.0-255,5738,146993,18,356129
5744,0.004944,172.31.36.0-255,66,147059,18,356129
5745,0.00657,172.217.27.0-255,5738,152797,18,356129
5746,0.006575,172.31.36.0-255,66,152863,18,356129
5747,0.008202,172.217.27.0-255,5738,158601,18,356129
5748,0.008207,172.31.36.0-255,66,158667,18,356129
5749,0.009855,172.217.27.0-255,5738,164405,18,356129
5750,0.009862,172.31.36.0-255,66,164471,18,356129
5751,0.01149,172.217.27.0-255,5738,170209,18,356129
5752,0.011497,172.31.36.0-255,66,170275,18,356129
5753,0.01313,172.217.27.0-255,5738,176013,18,356129
5754,0.01314,172.31.36.0-255,66,176079,18,356129
5755,0.014775,172.217.27.0-255,5738,181817,18,356129
5756,0.014783,172.31.36.0-255,66,181883,18,356129
5757,0.016485,172.217.27.0-255,5738,187621,18,356129
5758,0.016493,172.31.36.0-255,66,187687,18,356129
5759,0.018127,172.217.27.0-255,5738,193425,18,356129
5760,0.018135,172.31.36.0-255,66,193491,18,356129
5761,0.019769,172.217.27.0-255,5738,199229,18,356129
5762,0.019777,172.31.36.0-255,66,199295,18,356129
5763,0.021406,172.217.27.0-255,5738,205033,18,356129
5764,0.021412,172.31.36.0-255,66,205099,18,356129
5765,0.023045,172.217.27.0-255,5738,210837,18,356129
5766,0.023054,172.31.36.0-255,66,210903,18,356129
5767,0.024689,172.217.27.0-255,5738,216641,18,356129
5768,0.024696,172.31.36.0-255,66,216707,18,356129
5769,0.026345,172.217.27.0-255,5738,222445,18,356129
5770,0.026353,172.31.36.0-255,66,222511,18,356129
5771,0.027986,172.217.27.0-255,5738,228249,18,356129
5772,0.027994,172.31.36.0-255,66,228315,18,356129
5773,0.029625,172.217.27.0-255,5738,234053,18,356129
5774,0.029632,172.31.36.0-255,66,234119,18,356129
5775,0.031258,172.217.27.0-255,5738,239857,18,356129
5776,0.031266,172.31.36.0-255,66,239923,18,356129
5777,0.032913,172.217.27.0-255,5738,245661,18,356129
5778,0.032921,172.31.36.0-255,66,245727,18,356129
5779,0.034554,172.217.27.0-255,5738,251465,18,356129
5780,0.034562,172.31.36.0-255,66,251531,18,356129
5781,0.035512,172.31.36.0-255,172,251703,18,356129
5782,0.035543,172.31.36.0-255,1112,252815,18,356129
5783,0.035607,172.31.36.0-255,1514,254329,18,356129
5784,0.035608,172.31.36.0-255,1514,255843,18,356129
5785,0.035609,172.31.36.0-255,1514,257357,18,356129
5786,0.035611,172.31.36.0-255,1514,258871,18,356129
5787,0.035645,172.31.36.0-255,1503,260374,18,356129
5788,0.036198,172.217.27.0-255,5738,266112,18,356129
5789,0.036205,172.31.36.0-255,66,266178,18,356129
5790,0.037069,104.244.42.0-255,66,266244,18,356129
5791,0.037104,104.244.42.0-255,66,266310,18,356129
5792,0.03717,104.244.42.0-255,66,266376,18,356129
5793,0.037219,104.244.42.0-255,66,266442,18,356129
5794,0.03783,172.217.27.0-255,5738,272180,18,356129
5795,0.037836,172.31.36.0-255,66,272246,18,356129
5796,0.037863,104.244.42.0-255,108,272354,18,356129
5797,0.037867,172.31.36.0-255,66,272420,18,356129
5798,0.039518,172.217.27.0-255,5738,278158,18,356129
5799,0.039528,172.31.36.0-255,66,278224,18,356129
5800,0.041184,172.217.27.0-255,5738,283962,18,356129
5801,0.041192,172.31.36.0-255,66,284028,18,356129
5802,0.042838,172.217.27.0-255,5738,289766,18,356129
5803,0.042844,172.31.36.0-255,66,289832,18,356129
5804,0.044484,172.217.27.0-255,5738,295570,18,356129
5805,0.04449,172.31.36.0-255,66,295636,18,356129
5806,0.046134,172.217.27.0-255,5738,301374,18,356129
5807,0.046141,172.31.36.0-255,66,301440,18,356129
5808,0.047787,172.217.27.0-255,5738,307178,18,356129
5809,0.047794,172.31.36.0-255,66,307244,18,356129
5810,0.049432,172.217.27.0-255,5738,312982,18,356129
5811,0.049438,172.31.36.0-255,66,313048,18,356129
5812,0.051096,172.217.27.0-255,5738,318786,18,356129
5813,0.051103,172.31.36.0-255,66,318852,18,356129
5814,0.052745,172.217.27.0-255,5738,324590,18,356129
5815,0.052751,172.31.36.0-255,66,324656,18,356129
5816,0.054388,172.217.27.0-255,5738,330394,18,356129
5817,0.054394,172.31.36.0-255,66,330460,18,356129
5818,0.056038,172.217.27.0-255,5738,336198,18,356129
5819,0.056045,172.31.36.0-255,66,336264,18,356129
5820,0.057686,172.217.27.0-255,5738,342002,18,356129
5821,0.057693,172.31.36.0-255,66,342068,18,356129
5822,0.059317,172.217.27.0-255,5738,347806,18,356129
5823,0.059325,172.31.36.0-255,66,347872,18,356129
5824,0.060961,172.217.27.0-255,5738,353610,18,356129
5825,0.060968,172.31.36.0-255,66,353676,18,356129
5826,0.0626,172.217.27.0-255,2216,355892,18,356129
5827,0.062607,172.31.36.0-255,66,355958,18,356129
5828,0.062774,172.31.36.0-255,105,356063,18,356129
5829,0.06438,172.217.27.0-255,66,356129,18,356129
5830,0.0,74.125.130.0-255,143,143,18,348813
5831,3.8e-05,172.31.36.0-255,66,209,18,348813
5832,4.6e-05,74.125.130.0-255,1484,1693,18,348813
5833,5.1e-05,172.31.36.0-255,66,1759,18,348813
5834,5.6e-05,74.125.130.0-255,2902,4661,18,348813
5835,5.9e-05,172.31.36.0-255,66,4727,18,348813
5836,6.2e-05,74.125.130.0-255,1484,6211,18,348813
5837,6.4e-05,172.31.36.0-255,66,6277,18,348813
5838,9.3e-05,74.125.130.0-255,4320,10597,18,348813
5839,9.5e-05,172.31.36.0-255,66,10663,18,348813
5840,0.000101,74.125.130.0-255,3492,14155,18,348813
5841,0.000103,172.31.36.0-255,66,14221,18,348813
5842,0.000217,74.125.130.0-255,1484,15705,18,348813
5843,0.000222,172.31.36.0-255,66,15771,18,348813
5844,0.00024,74.125.130.0-255,1484,17255,18,348813
5845,0.000243,172.31.36.0-255,66,17321,18,348813
5846,0.000262,74.125.130.0-255,1484,18805,18,348813
5847,0.000264,172.31.36.0-255,66,18871,18,348813
5848,0.000269,74.125.130.0-255,2902,21773,18,348813
5849,0.000272,172.31.36.0-255,66,21839,18,348813
5850,0.000277,74.125.130.0-255,4320,26159,18,348813
5851,0.000279,172.31.36.0-255,66,26225,18,348813
5852,0.000283,74.125.130.0-255,1484,27709,18,348813
5853,0.000285,172.31.36.0-255,66,27775,18,348813
5854,0.000306,74.125.130.0-255,3961,31736,18,348813
5855,0.000309,172.31.36.0-255,66,31802,18,348813
5856,0.000312,74.125.130.0-255,1484,33286,18,348813
5857,0.000316,172.31.36.0-255,66,33352,18,348813
5858,0.000329,74.125.130.0-255,4320,37672,18,348813
5859,0.000331,172.31.36.0-255,66,37738,18,348813
5860,0.000334,74.125.130.0-255,1484,39222,18,348813
5861,0.000336,172.31.36.0-255,66,39288,18,348813
5862,0.000364,74.125.130.0-255,5738,45026,18,348813
5863,0.000367,172.31.36.0-255,66,45092,18,348813
5864,0.000403,74.125.130.0-255,3961,49053,18,348813
5865,0.000409,172.31.36.0-255,66,49119,18,348813
5866,0.002109,74.125.130.0-255,1484,50603,18,348813
5867,0.00212,74.125.130.0-255,2902,53505,18,348813
5868,0.002124,172.31.36.0-255,66,53571,18,348813
5869,0.00213,74.125.130.0-255,2902,56473,18,348813
5870,0.002132,172.31.36.0-255,66,56539,18,348813
5871,0.002149,74.125.130.0-255,2902,59441,18,348813
5872,0.002151,172.31.36.0-255,66,59507,18,348813
5873,0.002156,74.125.130.0-255,4320,63827,18,348813
5874,0.002158,172.31.36.0-255,66,63893,18,348813
5875,0.002196,74.125.130.0-255,5379,69272,18,348813
5876,0.002198,172.31.36.0-255,66,69338,18,348813
5877,0.002203,74.125.130.0-255,2902,72240,18,348813
5878,0.002204,172.31.36.0-255,66,72306,18,348813
5879,0.002226,74.125.130.0-255,2902,75208,18,348813
5880,0.002229,172.31.36.0-255,66,75274,18,348813
5881,0.002236,74.125.130.0-255,7156,82430,18,348813
5882,0.002238,172.31.36.0-255,66,82496,18,348813
5883,0.002263,74.125.130.0-255,5738,88234,18,348813
5884,0.002265,172.31.36.0-255,66,88300,18,348813
5885,0.00227,74.125.130.0-255,4320,92620,18,348813
5886,0.002272,172.31.36.0-255,66,92686,18,348813
5887,0.002283,74.125.130.0-255,2902,95588,18,348813
5888,0.002285,172.31.36.0-255,66,95654,18,348813
5889,0.002309,74.125.130.0-255,2902,98556,18,348813
5890,0.00232,74.125.130.0-255,2184,100740,18,348813
5891,0.002401,74.125.130.0-255,1484,102224,18,348813
5892,0.002416,74.125.130.0-255,2902,105126,18,348813
5893,0.002431,74.125.130.0-255,5738,110864,18,348813
5894,0.002454,74.125.130.0-255,2902,113766,18,348813
5895,0.002469,74.125.130.0-255,3846,117612,18,348813
5896,0.002472,74.125.130.0-255,212,117824,18,348813
5897,0.002539,74.125.130.0-255,1484,119308,18,348813
5898,0.002553,74.125.130.0-255,1484,120792,18,348813
5899,0.002566,74.125.130.0-255,2902,123694,18,348813
5900,0.002589,74.125.130.0-255,4320,128014,18,348813
5901,0.002598,74.125.130.0-255,1484,129498,18,348813
5902,0.002609,74.125.130.0-255,2902,132400,18,348813
5903,0.002624,74.125.130.0-255,1484,133884,18,348813
5904,0.006118,172.31.36.0-255,66,133950,18,348813
5905,0.008698,74.125.130.0-255,5738,139688,18,348813
5906,0.008705,172.31.36.0-255,66,139754,18,348813
5907,0.011447,74.125.130.0-255,5738,145492,18,348813
5908,0.011506,172.31.36.0-255,66,145558,18,348813
5909,0.014094,74.125.130.0-255,5738,151296,18,348813
5910,0.014102,172.31.36.0-255,66,151362,18,348813
5911,0.016686,74.125.130.0-255,5738,157100,18,348813
5912,0.016695,172.31.36.0-255,66,157166,18,348813
5913,0.019255,74.125.130.0-255,2902,160068,18,348813
5914,0.019264,172.31.36.0-255,66,160134,18,348813
5915,0.019298,74.125.130.0-255,2902,163036,18,348813
5916,0.019303,172.31.36.0-255,66,163102,18,348813
5917,0.021828,74.125.130.0-255,2902,166004,18,348813
5918,0.021836,172.31.36.0-255,66,166070,18,348813
5919,0.021867,74.125.130.0-255,2902,168972,18,348813
5920,0.02187,172.31.36.0-255,66,169038,18,348813
5921,0.0244,74.125.130.0-255,2902,171940,18,348813
5922,0.024407,172.31.36.0-255,66,172006,18,348813
5923,0.024442,74.125.130.0-255,2902,174908,18,348813
5924,0.024446,172.31.36.0-255,66,174974,18,348813
5925,0.026965,74.125.130.0-255,2902,177876,18,348813
5926,0.026974,172.31.36.0-255,66,177942,18,348813
5927,0.027007,74.125.130.0-255,2902,180844,18,348813
5928,0.027011,172.31.36.0-255,66,180910,18,348813
5929,0.029547,74.125.130.0-255,2902,183812,18,348813
5930,0.029555,172.31.36.0-255,66,183878,18,348813
5931,0.029575,74.125.130.0-255,2902,186780,18,348813
5932,0.029579,172.31.36.0-255,66,186846,18,348813
5933,0.032001,172.31.36.0-255,172,187018,18,348813
5934,0.032028,172.31.36.0-255,1117,188135,18,348813
5935,0.032087,172.31.36.0-255,1514,189649,18,348813
5936,0.032089,172.31.36.0-255,1514,191163,18,348813
5937,0.03209,172.31.36.0-255,1514,192677,18,348813
5938,0.032091,172.31.36.0-255,1514,194191,18,348813
5939,0.032117,74.125.130.0-255,4320,198511,18,348813
5940,0.032122,172.31.36.0-255,66,198577,18,348813
5941,0.032131,172.31.36.0-255,1514,200091,18,348813
5942,0.032132,172.31.36.0-255,908,200999,18,348813
5943,0.032153,74.125.130.0-255,1484,202483,18,348813
5944,0.033534,104.244.42.0-255,66,202549,18,348813
5945,0.033556,104.244.42.0-255,66,202615,18,348813
5946,0.033681,104.244.42.0-255,66,202681,18,348813
5947,0.033687,104.244.42.0-255,66,202747,18,348813
5948,0.034616,104.244.42.0-255,108,202855,18,348813
5949,0.034637,172.31.36.0-255,66,202921,18,348813
5950,0.034699,74.125.130.0-255,4320,207241,18,348813
5951,0.034703,172.31.36.0-255,66,207307,18,348813
5952,0.037257,74.125.130.0-255,5738,213045,18,348813
5953,0.037263,172.31.36.0-255,66,213111,18,348813
5954,0.039846,74.125.130.0-255,5738,218849,18,348813
5955,0.039852,172.31.36.0-255,66,218915,18,348813
5956,0.042403,74.125.130.0-255,4320,223235,18,348813
5957,0.042409,172.31.36.0-255,66,223301,18,348813
5958,0.042438,74.125.130.0-255,1484,224785,18,348813
5959,0.04497,74.125.130.0-255,4320,229105,18,348813
5960,0.044976,172.31.36.0-255,66,229171,18,348813
5961,0.047542,74.125.130.0-255,2902,232073,18,348813
5962,0.047548,172.31.36.0-255,66,232139,18,348813
5963,0.04758,74.125.130.0-255,2902,235041,18,348813
5964,0.047583,172.31.36.0-255,66,235107,18,348813
5965,0.05011,74.125.130.0-255,2902,238009,18,348813
5966,0.050118,172.31.36.0-255,66,238075,18,348813
5967,0.050151,74.125.130.0-255,2902,240977,18,348813
5968,0.050154,172.31.36.0-255,66,241043,18,348813
5969,0.052684,74.125.130.0-255,2902,243945,18,348813
5970,0.05269,172.31.36.0-255,66,244011,18,348813
5971,0.052711,74.125.130.0-255,2902,246913,18,348813
5972,0.052714,172.31.36.0-255,66,246979,18,348813
5973,0.055253,74.125.130.0-255,1484,248463,18,348813
5974,0.055288,74.125.130.0-255,4320,252783,18,348813
5975,0.055293,172.31.36.0-255,66,252849,18,348813
5976,0.057866,74.125.130.0-255,5738,258587,18,348813
5977,0.057871,172.31.36.0-255,66,258653,18,348813
5978,0.060418,74.125.130.0-255,5738,264391,18,348813
5979,0.060423,172.31.36.0-255,66,264457,18,348813
5980,0.062991,74.125.130.0-255,5738,270195,18,348813
5981,0.062996,172.31.36.0-255,66,270261,18,348813
5982,0.065561,74.125.130.0-255,5738,275999,18,348813
5983,0.065566,172.31.36.0-255,66,276065,18,348813
5984,0.068124,74.125.130.0-255,5738,281803,18,348813
5985,0.068129,172.31.36.0-255,66,281869,18,348813
5986,0.070692,74.125.130.0-255,5738,287607,18,348813
5987,0.070698,172.31.36.0-255,66,287673,18,348813
5988,0.073263,74.125.130.0-255,5738,293411,18,348813
5989,0.073269,172.31.36.0-255,66,293477,18,348813
5990,0.075833,74.125.130.0-255,5738,299215,18,348813
5991,0.075838,172.31.36.0-255,66,299281,18,348813
5992,0.078396,74.125.130.0-255,4320,303601,18,348813
5993,0.078401,172.31.36.0-255,66,303667,18,348813
5994,0.078434,74.125.130.0-255,1484,305151,18,348813
5995,0.080963,74.125.130.0-255,4320,309471,18,348813
5996,0.080968,172.31.36.0-255,66,309537,18,348813
5997,0.083527,74.125.130.0-255,5738,315275,18,348813
5998,0.083532,172.31.36.0-255,66,315341,18,348813
5999,0.086097,74.125.130.0-255,5738,321079,18,348813
6000,0.086104,172.31.36.0-255,66,321145,18,348813
6001,0.088666,74.125.130.0-255,5738,326883,18,348813
6002,0.088671,172.31.36.0-255,66,326949,18,348813
6003,0.091247,74.125.130.0-255,5738,332687,18,348813
6004,0.091253,172.31.36.0-255,66,332753,18,348813
6005,0.093809,74.125.130.0-255,4320,337073,18,348813
6006,0.093814,172.31.36.0-255,66,337139,18,348813
6007,0.09384,74.125.130.0-255,1484,338623,18,348813
6008,0.096372,74.125.130.0-255,4320,342943,18,348813
6009,0.096378,172.31.36.0-255,66,343009,18,348813
6010,0.098936,74.125.130.0-255,5738,348747,18,348813
6011,0.098942,172.31.36.0-255,66,348813,18,348813
6012,0.0,172.217.194.0-255,153,153,18,180279
6013,1.5e-05,172.217.194.0-255,1484,1637,18,180279
6014,2.4e-05,172.31.36.0-255,66,1703,18,180279
6015,3.4e-05,172.217.194.0-255,2902,4605,18,180279
6016,3.7e-05,172.31.36.0-255,66,4671,18,180279
6017,4.3e-05,172.217.194.0-255,4320,8991,18,180279
6018,4.6e-05,172.31.36.0-255,66,9057,18,180279
6019,6.6e-05,172.217.194.0-255,2902,11959,18,180279
6020,6.8e-05,172.31.36.0-255,66,12025,18,180279
6021,7.3e-05,172.217.194.0-255,1992,14017,18,180279
6022,7.6e-05,172.31.36.0-255,66,14083,18,180279
6023,9e-05,172.31.36.0-255,66,14149,18,180279
6024,9.6e-05,172.217.194.0-255,4320,18469,18,180279
6025,9.8e-05,172.31.36.0-255,66,18535,18,180279
6026,0.000112,172.217.194.0-255,1125,19660,18,180279
6027,0.000199,172.217.194.0-255,1484,21144,18,180279
6028,0.000202,172.31.36.0-255,66,21210,18,180279
6029,0.000222,172.217.194.0-255,2902,24112,18,180279
6030,0.000224,172.31.36.0-255,66,24178,18,180279
6031,0.000231,172.217.194.0-255,5738,29916,18,180279
6032,0.000233,172.31.36.0-255,66,29982,18,180279
6033,0.00028,172.31.36.0-255,66,30048,18,180279
6034,0.000291,172.31.36.0-255,66,30114,18,180279
6035,0.000338,172.217.194.0-255,1713,31827,18,180279
6036,0.000341,172.31.36.0-255,66,31893,18,180279
6037,0.000407,172.217.194.0-255,1484,33377,18,180279
6038,0.000412,172.217.194.0-255,2902,36279,18,180279
6039,0.000415,172.31.36.0-255,66,36345,18,180279
6040,0.000418,172.217.194.0-255,1484,37829,18,180279
6041,0.000435,172.217.194.0-255,2902,40731,18,180279
6042,0.000437,172.31.36.0-255,66,40797,18,180279
6043,0.000444,172.217.194.0-255,5738,46535,18,180279
6044,0.000446,172.31.36.0-255,66,46601,18,180279
6045,0.000452,172.217.194.0-255,5738,52339,18,180279
6046,0.000454,172.31.36.0-255,66,52405,18,180279
6047,0.000476,172.217.194.0-255,6797,59202,18,180279
6048,0.000479,172.31.36.0-255,66,59268,18,180279
6049,0.000486,172.217.194.0-255,6797,66065,18,180279
6050,0.000488,172.31.36.0-255,66,66131,18,180279
6051,0.000668,172.217.194.0-255,1484,67615,18,180279
6052,0.000675,172.217.194.0-255,2902,70517,18,180279
6053,0.000679,172.31.36.0-255,66,70583,18,180279
6054,0.000711,172.217.194.0-255,5738,76321,18,180279
6055,0.000714,172.31.36.0-255,66,76387,18,180279
6056,0.000719,172.217.194.0-255,2902,79289,18,180279
6057,0.000721,172.31.36.0-255,66,79355,18,180279
6058,0.00075,172.31.36.0-255,66,79421,18,180279
6059,0.000763,172.217.194.0-255,1484,80905,18,180279
6060,0.00079,172.31.36.0-255,66,80971,18,180279
6061,0.000819,172.31.36.0-255,66,81037,18,180279
6062,0.000835,172.31.36.0-255,66,81103,18,180279
6063,0.00084,172.217.194.0-255,2902,84005,18,180279
6064,0.000843,172.31.36.0-255,66,84071,18,180279
6065,0.000869,172.217.194.0-255,3602,87673,18,180279
6066,0.000873,172.31.36.0-255,66,87739,18,180279
6067,0.000879,172.217.194.0-255,5738,93477,18,180279
6068,0.000881,172.31.36.0-255,66,93543,18,180279
6069,0.000893,172.217.194.0-255,1484,95027,18,180279
6070,0.000905,172.31.36.0-255,66,95093,18,180279
6071,0.00099,172.31.36.0-255,66,95159,18,180279
6072,0.000994,172.217.194.0-255,218,95377,18,180279
6073,0.001265,172.217.194.0-255,1484,96861,18,180279
6074,0.001271,172.31.36.0-255,66,96927,18,180279
6075,0.001278,172.217.194.0-255,2902,99829,18,180279
6076,0.001281,172.31.36.0-255,66,99895,18,180279
6077,0.001287,172.217.194.0-255,4320,104215,18,180279
6078,0.001289,172.31.36.0-255,66,104281,18,180279
6079,0.001307,172.217.194.0-255,1484,105765,18,180279
6080,0.00134,172.31.36.0-255,66,105831,18,180279
6081,0.001345,172.217.194.0-255,2902,108733,18,180279
6082,0.001347,172.31.36.0-255,66,108799,18,180279
6083,0.001369,172.31.36.0-255,66,108865,18,180279
6084,0.002109,172.217.194.0-255,1484,110349,18,180279
6085,0.002117,172.217.194.0-255,2902,113251,18,180279
6086,0.002122,172.31.36.0-255,66,113317,18,180279
6087,0.002129,172.217.194.0-255,5738,119055,18,180279
6088,0.002132,172.31.36.0-255,66,119121,18,180279
6089,0.002171,172.31.36.0-255,66,119187,18,180279
6090,0.002202,172.217.194.0-255,766,119953,18,180279
6091,0.002468,172.217.194.0-255,1484,121437,18,180279
6092,0.002472,172.217.194.0-255,2902,124339,18,180279
6093,0.002486,172.217.194.0-255,2902,127241,18,180279
6094,0.002506,172.217.194.0-255,2902,130143,18,180279
6095,0.002509,172.217.194.0-255,1484,131627,18,180279
6096,0.002554,172.217.194.0-255,7156,138783,18,180279
6097,0.002588,172.217.194.0-255,3602,142385,18,180279
6098,0.002608,172.217.194.0-255,4320,146705,18,180279
6099,0.002611,172.217.194.0-255,1484,148189,18,180279
6100,0.002641,172.217.194.0-255,4320,152509,18,180279
6101,0.002658,172.217.194.0-255,1484,153993,18,180279
6102,0.002696,172.217.194.0-255,5738,159731,18,180279
6103,0.002736,172.217.194.0-255,4320,164051,18,180279
6104,0.002828,172.217.194.0-255,766,164817,18,180279
6105,0.00286,172.217.194.0-255,3602,168419,18,180279
6106,0.002862,172.217.194.0-255,1484,169903,18,180279
6107,0.002866,172.217.194.0-255,1886,171789,18,180279
6108,0.002891,172.217.194.0-255,105,171894,18,180279
6109,0.004537,172.31.36.0-255,66,171960,18,180279
6110,0.007535,172.31.36.0-255,105,172065,18,180279
6111,0.010124,172.217.194.0-255,66,172131,18,180279
6112,0.025915,172.31.36.0-255,172,172303,18,180279
6113,0.025949,172.31.36.0-255,1115,173418,18,180279
6114,0.026014,172.31.36.0-255,1514,174932,18,180279
6115,0.026016,172.31.36.0-255,1514,176446,18,180279
6116,0.026017,172.31.36.0-255,1514,177960,18,180279
6117,0.026018,172.31.36.0-255,1514,179474,18,180279
6118,0.026019,172.31.36.0-255,541,180015,18,180279
6119,0.027493,104.244.42.0-255,66,180081,18,180279
6120,0.027539,104.244.42.0-255,66,180147,18,180279
6121,0.027587,104.244.42.0-255,66,180213,18,180279
6122,0.027599,104.244.42.0-255,66,180279,18,180279
6123,0.0,74.125.68.0-255,150,150,18,261274
6124,1.9e-05,74.125.68.0-255,1484,1634,18,261274
6125,3.1e-05,172.31.36.0-255,66,1700,18,261274
6126,4e-05,74.125.68.0-255,2902,4602,18,261274
6127,4.4e-05,172.31.36.0-255,66,4668,18,261274
6128,5e-05,74.125.68.0-255,4320,8988,18,261274
6129,5.3e-05,172.31.36.0-255,66,9054,18,261274
6130,5.9e-05,74.125.68.0-255,4837,13891,18,261274
6131,6.2e-05,172.31.36.0-255,66,13957,18,261274
6132,8.2e-05,74.125.68.0-255,1484,15441,18,261274
6133,8.7e-05,74.125.68.0-255,2902,18343,18,261274
6134,9e-05,172.31.36.0-255,66,18409,18,261274
6135,0.00011,74.125.68.0-255,4320,22729,18,261274
6136,0.000113,172.31.36.0-255,66,22795,18,261274
6137,0.000129,74.125.68.0-255,1484,24279,18,261274
6138,0.000153,74.125.68.0-255,4320,28599,18,261274
6139,0.000156,172.31.36.0-255,66,28665,18,261274
6140,0.000188,74.125.68.0-255,2543,31208,18,261274
6141,0.00019,172.31.36.0-255,66,31274,18,261274
6142,0.000224,74.125.68.0-255,1484,32758,18,261274
6143,0.000241,74.125.68.0-255,2902,35660,18,261274
6144,0.000244,172.31.36.0-255,66,35726,18,261274
6145,0.000263,74.125.68.0-255,5738,41464,18,261274
6146,0.000266,172.31.36.0-255,66,41530,18,261274
6147,0.000291,74.125.68.0-255,4320,45850,18,261274
6148,0.000293,172.31.36.0-255,66,45916,18,261274
6149,0.000312,74.125.68.0-255,2543,48459,18,261274
6150,0.000315,172.31.36.0-255,66,48525,18,261274
6151,0.000345,74.125.68.0-255,2902,51427,18,261274
6152,0.000348,172.31.36.0-255,66,51493,18,261274
6153,0.000361,74.125.68.0-255,2902,54395,18,261274
6154,0.000363,172.31.36.0-255,66,54461,18,261274
6155,0.000395,74.125.68.0-255,7156,61617,18,261274
6156,0.000398,172.31.36.0-255,66,61683,18,261274
6157,0.000445,74.125.68.0-255,4271,65954,18,261274
6158,0.000448,172.31.36.0-255,66,66020,18,261274
6159,0.000452,74.125.68.0-255,376,66396,18,261274
6160,0.000568,74.125.68.0-255,1484,67880,18,261274
6161,0.000572,172.31.36.0-255,66,67946,18,261274
6162,0.000577,74.125.68.0-255,1484,69430,18,261274
6163,0.000593,74.125.68.0-255,1484,70914,18,261274
6164,0.000595,172.31.36.0-255,66,70980,18,261274
6165,0.000602,74.125.68.0-255,5738,76718,18,261274
6166,0.000604,172.31.36.0-255,66,76784,18,261274
6167,0.000633,74.125.68.0-255,2902,79686,18,261274
6168,0.000637,172.31.36.0-255,66,79752,18,261274
6169,0.000655,74.125.68.0-255,2902,82654,18,261274
6170,0.000658,172.31.36.0-255,66,82720,18,261274
6171,0.000681,74.125.68.0-255,7156,89876,18,261274
6172,0.000684,172.31.36.0-255,66,89942,18,261274
6173,0.000749,172.31.36.0-255,66,90008,18,261274
6174,0.000823,74.125.68.0-255,1484,91492,18,261274
6175,0.000829,74.125.68.0-255,2902,94394,18,261274
6176,0.000831,172.31.36.0-255,66,94460,18,261274
6177,0.000858,74.125.68.0-255,5738,100198,18,261274
6178,0.000861,172.31.36.0-255,66,100264,18,261274
6179,0.000889,74.125.68.0-255,1484,101748,18,261274
6180,0.000908,172.31.36.0-255,66,101814,18,261274
6181,0.000979,74.125.68.0-255,5738,107552,18,261274
6182,0.000984,172.31.36.0-255,66,107618,18,261274
6183,0.001003,74.125.68.0-255,5738,113356,18,261274
6184,0.001006,172.31.36.0-255,66,113422,18,261274
6185,0.001051,74.125.68.0-255,2184,115606,18,261274
6186,0.001054,172.31.36.0-255,66,115672,18,261274
6187,0.001087,74.125.68.0-255,5738,121410,18,261274
6188,0.00109,172.31.36.0-255,66,121476,18,261274
6189,0.001119,172.31.36.0-255,66,121542,18,261274
6190,0.001202,172.31.36.0-255,66,121608,18,261274
6191,0.001223,74.125.68.0-255,4320,125928,18,261274
6192,0.001226,172.31.36.0-255,66,125994,18,261274
6193,0.001304,74.125.68.0-255,3602,129596,18,261274
6194,0.001308,172.31.36.0-255,66,129662,18,261274
6195,0.001347,74.125.68.0-255,7156,136818,18,261274
6196,0.00135,172.31.36.0-255,66,136884,18,261274
6197,0.00138,172.31.36.0-255,66,136950,18,261274
6198,0.001456,74.125.68.0-255,2902,139852,18,261274
6199,0.001459,172.31.36.0-255,66,139918,18,261274
6200,0.001485,172.31.36.0-255,66,139984,18,261274
6201,0.001503,74.125.68.0-255,3602,143586,18,261274
6202,0.001506,172.31.36.0-255,66,143652,18,261274
6203,0.001595,74.125.68.0-255,7156,150808,18,261274
6204,0.001599,172.31.36.0-255,66,150874,18,261274
6205,0.001623,172.31.36.0-255,66,150940,18,261274
6206,0.001659,172.31.36.0-255,66,151006,18,261274
6207,0.00186,74.125.68.0-255,7156,158162,18,261274
6208,0.001865,172.31.36.0-255,66,158228,18,261274
6209,0.001905,172.31.36.0-255,66,158294,18,261274
6210,0.002099,74.125.68.0-255,1484,159778,18,261274
6211,0.002117,74.125.68.0-255,2902,162680,18,261274
6212,0.00212,172.31.36.0-255,66,162746,18,261274
6213,0.002126,74.125.68.0-255,2902,165648,18,261274
6214,0.002128,172.31.36.0-255,66,165714,18,261274
6215,0.002144,74.125.68.0-255,2902,168616,18,261274
6216,0.002146,172.31.36.0-255,66,168682,18,261274
6217,0.002178,74.125.68.0-255,1484,170166,18,261274
6218,0.002241,172.31.36.0-255,66,170232,18,261274
6219,0.002279,74.125.68.0-255,4320,174552,18,261274
6220,0.002283,172.31.36.0-255,66,174618,18,261274
6221,0.002304,74.125.68.0-255,5738,180356,18,261274
6222,0.002307,172.31.36.0-255,66,180422,18,261274
6223,0.002335,74.125.68.0-255,766,181188,18,261274
6224,0.002363,74.125.68.0-255,4320,185508,18,261274
6225,0.002367,172.31.36.0-255,66,185574,18,261274
6226,0.002394,172.31.36.0-255,66,185640,18,261274
6227,0.002471,74.125.68.0-255,5738,191378,18,261274
6228,0.002475,172.31.36.0-255,66,191444,18,261274
6229,0.002497,74.125.68.0-255,5738,197182,18,261274
6230,0.002499,172.31.36.0-255,66,197248,18,261274
6231,0.002551,74.125.68.0-255,1484,198732,18,261274
6232,0.002555,74.125.68.0-255,1484,200216,18,261274
6233,0.002558,172.31.36.0-255,66,200282,18,261274
6234,0.002583,74.125.68.0-255,1484,201766,18,261274
6235,0.00259,74.125.68.0-255,5020,206786,18,261274
6236,0.002594,172.31.36.0-255,66,206852,18,261274
6237,0.002627,74.125.68.0-255,4320,211172,18,261274
6238,0.00263,172.31.36.0-255,66,211238,18,261274
6239,0.002647,74.125.68.0-255,2902,214140,18,261274
6240,0.00265,172.31.36.0-255,66,214206,18,261274
6241,0.002669,74.125.68.0-255,1484,215690,18,261274
6242,0.002722,172.31.36.0-255,66,215756,18,261274
6243,0.002823,74.125.68.0-255,5738,221494,18,261274
6244,0.00284,74.125.68.0-255,2184,223678,18,261274
6245,0.002881,74.125.68.0-255,4320,227998,18,261274
6246,0.003009,74.125.68.0-255,1484,229482,18,261274
6247,0.003028,74.125.68.0-255,4320,233802,18,261274
6248,0.003045,74.125.68.0-255,4320,238122,18,261274
6249,0.003095,74.125.68.0-255,4320,242442,18,261274
6250,0.003111,74.125.68.0-255,2184,244626,18,261274
6251,0.003133,74.125.68.0-255,1484,246110,18,261274
6252,0.003148,74.125.68.0-255,1484,247594,18,261274
6253,0.003155,74.125.68.0-255,3467,251061,18,261274
6254,0.003157,74.125.68.0-255,105,251166,18,261274
6255,0.006344,172.31.36.0-255,66,251232,18,261274
6256,0.006349,172.31.36.0-255,66,251298,18,261274
6257,0.006352,172.31.36.0-255,66,251364,18,261274
6258,0.006355,172.31.36.0-255,66,251430,18,261274
6259,0.006378,172.31.36.0-255,66,251496,18,261274
6260,0.006381,172.31.36.0-255,66,251562,18,261274
6261,0.006384,172.31.36.0-255,66,251628,18,261274
6262,0.006387,172.31.36.0-255,66,251694,18,261274
6263,0.006391,172.31.36.0-255,66,251760,18,261274
6264,0.006394,172.31.36.0-255,66,251826,18,261274
6265,0.006787,172.31.36.0-255,101,251927,18,261274
6266,0.00905,74.125.68.0-255,66,251993,18,261274
6267,0.011325,172.31.36.0-255,105,252098,18,261274
6268,0.013623,74.125.68.0-255,66,252164,18,261274
6269,0.043343,172.31.36.0-255,172,252336,18,261274
6270,0.043375,172.31.36.0-255,1115,253451,18,261274
6271,0.043439,172.31.36.0-255,1514,254965,18,261274
6272,0.043441,172.31.36.0-255,1514,256479,18,261274
6273,0.043447,172.31.36.0-255,1514,257993,18,261274
6274,0.043449,172.31.36.0-255,1514,259507,18,261274
6275,0.043467,172.31.36.0-255,1503,261010,18,261274
6276,0.044879,104.244.42.0-255,66,261076,18,261274
6277,0.044991,104.244.42.0-255,66,261142,18,261274
6278,0.045016,104.244.42.0-255,66,261208,18,261274
6279,0.045115,104.244.42.0-255,66,261274,18,261274
6280,0.0,172.253.118.0-255,152,152,18,240134
6281,2.3e-05,172.31.36.0-255,66,218,18,240134
6282,3.1e-05,172.253.118.0-255,1484,1702,18,240134
6283,3.5e-05,172.31.36.0-255,66,1768,18,240134
6284,3.9e-05,172.253.118.0-255,2902,4670,18,240134
6285,5.3e-05,172.31.36.0-255,66,4736,18,240134
6286,6e-05,172.253.118.0-255,7156,11892,18,240134
6287,6.3e-05,172.31.36.0-255,66,11958,18,240134
6288,6.6e-05,172.253.118.0-255,2054,14012,18,240134
6289,6.9e-05,172.31.36.0-255,66,14078,18,240134
6290,0.000113,172.253.118.0-255,2902,16980,18,240134
6291,0.000116,172.31.36.0-255,66,17046,18,240134
6292,0.000126,172.253.118.0-255,1484,18530,18,240134
6293,0.000129,172.31.36.0-255,66,18596,18,240134
6294,0.000168,172.253.118.0-255,2902,21498,18,240134
6295,0.000172,172.31.36.0-255,66,21564,18,240134
6296,0.000183,172.31.36.0-255,66,21630,18,240134
6297,0.000186,172.253.118.0-255,1125,22755,18,240134
6298,0.000188,172.31.36.0-255,66,22821,18,240134
6299,0.000279,172.253.118.0-255,1484,24305,18,240134
6300,0.000283,172.31.36.0-255,66,24371,18,240134
6301,0.000298,172.253.118.0-255,2902,27273,18,240134
6302,0.000306,172.31.36.0-255,66,27339,18,240134
6303,0.000312,172.253.118.0-255,5738,33077,18,240134
6304,0.000316,172.31.36.0-255,66,33143,18,240134
6305,0.000323,172.253.118.0-255,4320,37463,18,240134
6306,0.000325,172.31.36.0-255,66,37529,18,240134
6307,0.000365,172.31.36.0-255,66,37595,18,240134
6308,0.000391,172.253.118.0-255,2543,40138,18,240134
6309,0.000396,172.31.36.0-255,66,40204,18,240134
6310,0.000404,172.253.118.0-255,7075,47279,18,240134
6311,0.000409,172.31.36.0-255,66,47345,18,240134
6312,0.000501,172.253.118.0-255,131,47476,18,240134
6313,0.000607,172.253.118.0-255,1484,48960,18,240134
6314,0.000611,172.31.36.0-255,66,49026,18,240134
6315,0.000616,172.253.118.0-255,2902,51928,18,240134
6316,0.000618,172.31.36.0-255,66,51994,18,240134
6317,0.000645,172.253.118.0-255,5738,57732,18,240134
6318,0.000648,172.31.36.0-255,66,57798,18,240134
6319,0.000676,172.253.118.0-255,4320,62118,18,240134
6320,0.000679,172.31.36.0-255,66,62184,18,240134
6321,0.000708,172.253.118.0-255,2543,64727,18,240134
6322,0.000711,172.31.36.0-255,66,64793,18,240134
6323,0.000719,172.253.118.0-255,7156,71949,18,240134
6324,0.000721,172.31.36.0-255,66,72015,18,240134
6325,0.000739,172.31.36.0-255,66,72081,18,240134
6326,0.000759,172.253.118.0-255,822,72903,18,240134
6327,0.000795,172.253.118.0-255,1484,74387,18,240134
6328,0.000799,172.31.36.0-255,66,74453,18,240134
6329,0.000805,172.253.118.0-255,4320,78773,18,240134
6330,0.000808,172.31.36.0-255,66,78839,18,240134
6331,0.000837,172.253.118.0-255,4320,83159,18,240134
6332,0.00084,172.31.36.0-255,66,83225,18,240134
6333,0.000851,172.31.36.0-255,66,83291,18,240134
6334,0.000904,172.31.36.0-255,66,83357,18,240134
6335,0.001224,172.253.118.0-255,1484,84841,18,240134
6336,0.001228,172.253.118.0-255,1484,86325,18,240134
6337,0.001231,172.31.36.0-255,66,86391,18,240134
6338,0.001257,172.253.118.0-255,1484,87875,18,240134
6339,0.001264,172.253.118.0-255,5738,93613,18,240134
6340,0.001268,172.31.36.0-255,66,93679,18,240134
6341,0.001334,172.31.36.0-255,66,93745,18,240134
6342,0.001352,172.253.118.0-255,1484,95229,18,240134
6343,0.001364,172.31.36.0-255,66,95295,18,240134
6344,0.001467,172.253.118.0-255,1484,96779,18,240134
6345,0.001471,172.253.118.0-255,1484,98263,18,240134
6346,0.001474,172.31.36.0-255,66,98329,18,240134
6347,0.001505,172.253.118.0-255,1484,99813,18,240134
6348,0.001511,172.253.118.0-255,5738,105551,18,240134
6349,0.001514,172.31.36.0-255,66,105617,18,240134
6350,0.001525,172.31.36.0-255,66,105683,18,240134
6351,0.001557,172.253.118.0-255,4320,110003,18,240134
6352,0.001561,172.31.36.0-255,66,110069,18,240134
6353,0.001573,172.31.36.0-255,66,110135,18,240134
6354,0.001762,172.253.118.0-255,1484,111619,18,240134
6355,0.001767,172.253.118.0-255,2902,114521,18,240134
6356,0.001772,172.31.36.0-255,66,114587,18,240134
6357,0.001777,172.253.118.0-255,1484,116071,18,240134
6358,0.001807,172.253.118.0-255,4320,120391,18,240134
6359,0.00181,172.31.36.0-255,66,120457,18,240134
6360,0.001818,172.253.118.0-255,7156,127613,18,240134
6361,0.00182,172.31.36.0-255,66,127679,18,240134
6362,0.001831,172.253.118.0-255,4320,131999,18,240134
6363,0.001833,172.31.36.0-255,66,132065,18,240134
6364,0.001871,172.31.36.0-255,66,132131,18,240134
6365,0.001876,172.253.118.0-255,2184,134315,18,240134
6366,0.001878,172.253.118.0-255,1484,135799,18,240134
6367,0.001878,172.31.36.0-255,66,135865,18,240134
6368,0.001889,172.253.118.0-255,1484,137349,18,240134
6369,0.001891,172.31.36.0-255,66,137415,18,240134
6370,0.001916,172.253.118.0-255,1484,138899,18,240134
6371,0.001922,172.253.118.0-255,5738,144637,18,240134
6372,0.001925,172.31.36.0-255,66,144703,18,240134
6373,0.00193,172.253.118.0-255,2902,147605,18,240134
6374,0.001932,172.31.36.0-255,66,147671,18,240134
6375,0.001996,172.31.36.0-255,66,147737,18,240134
6376,0.002007,172.31.36.0-255,66,147803,18,240134
6377,0.002012,172.253.118.0-255,2184,149987,18,240134
6378,0.002014,172.31.36.0-255,66,150053,18,240134
6379,0.002054,172.253.118.0-255,1484,151537,18,240134
6380,0.002071,172.253.118.0-255,2902,154439,18,240134
6381,0.002074,172.31.36.0-255,66,154505,18,240134
6382,0.002082,172.253.118.0-255,5738,160243,18,240134
6383,0.002084,172.31.36.0-255,66,160309,18,240134
6384,0.002093,172.253.118.0-255,2902,163211,18,240134
6385,0.002096,172.31.36.0-255,66,163277,18,240134
6386,0.0021,172.253.118.0-255,1484,164761,18,240134
6387,0.002125,172.31.36.0-255,66,164827,18,240134
6388,0.002163,172.31.36.0-255,66,164893,18,240134
6389,0.002209,172.253.118.0-255,7156,172049,18,240134
6390,0.002214,172.31.36.0-255,66,172115,18,240134
6391,0.002233,172.253.118.0-255,4320,176435,18,240134
6392,0.002236,172.31.36.0-255,66,176501,18,240134
6393,0.002239,172.253.118.0-255,1484,177985,18,240134
6394,0.002252,172.31.36.0-255,66,178051,18,240134
6395,0.002255,172.253.118.0-255,1484,179535,18,240134
6396,0.002259,172.253.118.0-255,4320,183855,18,240134
6397,0.002261,172.31.36.0-255,66,183921,18,240134
6398,0.002266,172.253.118.0-255,3602,187523,18,240134
6399,0.002268,172.31.36.0-255,66,187589,18,240134
6400,0.00233,172.253.118.0-255,1484,189073,18,240134
6401,0.002333,172.253.118.0-255,1484,190557,18,240134
6402,0.002336,172.31.36.0-255,66,190623,18,240134
6403,0.00234,172.253.118.0-255,2902,193525,18,240134
6404,0.002343,172.31.36.0-255,66,193591,18,240134
6405,0.002381,172.253.118.0-255,5738,199329,18,240134
6406,0.002385,172.31.36.0-255,66,199395,18,240134
6407,0.002389,172.253.118.0-255,1484,200879,18,240134
6408,0.002392,172.253.118.0-255,1484,202363,18,240134
6409,0.002394,172.31.36.0-255,66,202429,18,240134
6410,0.002396,172.253.118.0-255,1484,203913,18,240134
6411,0.002399,172.31.36.0-255,78,203991,18,240134
6412,0.002411,172.31.36.0-255,66,204057,18,240134
6413,0.002414,172.253.118.0-255,1484,205541,18,240134
6414,0.00242,172.253.118.0-255,6438,211979,18,240134
6415,0.002424,172.31.36.0-255,66,212045,18,240134
6416,0.002472,172.253.118.0-255,1484,213529,18,240134
6417,0.002497,172.253.118.0-255,2902,216431,18,240134
6418,0.002502,172.31.36.0-255,66,216497,18,240134
6419,0.002509,172.253.118.0-255,5738,222235,18,240134
6420,0.002511,172.31.36.0-255,66,222301,18,240134
6421,0.002516,172.253.118.0-255,2902,225203,18,240134
6422,0.002524,172.31.36.0-255,66,225269,18,240134
6423,0.002567,172.31.36.0-255,66,225335,18,240134
6424,0.00258,172.31.36.0-255,66,225401,18,240134
6425,0.002595,172.253.118.0-255,4294,229695,18,240134
6426,0.002599,172.31.36.0-255,66,229761,18,240134
6427,0.002634,172.253.118.0-255,105,229866,18,240134
6428,0.003487,172.31.36.0-255,66,229932,18,240134
6429,0.003514,172.31.36.0-255,105,230037,18,240134
6430,0.005538,172.253.118.0-255,66,230103,18,240134
6431,0.032523,172.31.36.0-255,172,230275,18,240134
6432,0.032551,172.31.36.0-255,1112,231387,18,240134
6433,0.032601,172.31.36.0-255,1514,232901,18,240134
6434,0.032619,172.31.36.0-255,1514,234415,18,240134
6435,0.032626,172.31.36.0-255,1514,235929,18,240134
6436,0.032627,172.31.36.0-255,1514,237443,18,240134
6437,0.032647,172.31.36.0-255,1514,238957,18,240134
6438,0.032648,172.31.36.0-255,913,239870,18,240134
6439,0.034087,104.244.42.0-255,66,239936,18,240134
6440,0.034096,104.244.42.0-255,66,240002,18,240134
6441,0.0342,104.244.42.0-255,66,240068,18,240134
6442,0.034205,104.244.42.0-255,66,240134,18,240134
6443,0.0,172.217.194.0-255,145,145,18,219857
6444,1.6e-05,172.217.194.0-255,1484,1629,18,219857
6445,2.6e-05,172.31.36.0-255,66,1695,18,219857
6446,3.3e-05,172.217.194.0-255,2902,4597,18,219857
6447,3.6e-05,172.31.36.0-255,66,4663,18,219857
6448,4.4e-05,172.217.194.0-255,7156,11819,18,219857
6449,5.5e-05,172.31.36.0-255,66,11885,18,219857
6450,8.1e-05,172.217.194.0-255,1994,13879,18,219857
6451,8.3e-05,172.31.36.0-255,66,13945,18,219857
6452,0.000213,172.217.194.0-255,1484,15429,18,219857
6453,0.000218,172.217.194.0-255,1484,16913,18,219857
6454,0.000221,172.31.36.0-255,66,16979,18,219857
6455,0.000249,172.217.194.0-255,1484,18463,18,219857
6456,0.000256,172.217.194.0-255,5738,24201,18,219857
6457,0.000259,172.31.36.0-255,66,24267,18,219857
6458,0.000301,172.31.36.0-255,66,24333,18,219857
6459,0.000313,172.31.36.0-255,66,24399,18,219857
6460,0.000316,172.217.194.0-255,1484,25883,18,219857
6461,0.000346,172.217.194.0-255,5379,31262,18,219857
6462,0.000349,172.31.36.0-255,66,31328,18,219857
6463,0.000996,172.217.194.0-255,1484,32812,18,219857
6464,0.001006,172.217.194.0-255,2902,35714,18,219857
6465,0.00101,172.31.36.0-255,66,35780,18,219857
6466,0.00104,172.217.194.0-255,2902,38682,18,219857
6467,0.001042,172.31.36.0-255,66,38748,18,219857
6468,0.001071,172.217.194.0-255,2902,41650,18,219857
6469,0.001073,172.31.36.0-255,66,41716,18,219857
6470,0.00108,172.217.194.0-255,6797,48513,18,219857
6471,0.001083,172.31.36.0-255,66,48579,18,219857
6472,0.001087,172.217.194.0-255,2902,51481,18,219857
6473,0.00109,172.31.36.0-255,66,51547,18,219857
6474,0.001095,172.217.194.0-255,4320,55867,18,219857
6475,0.001099,172.31.36.0-255,66,55933,18,219857
6476,0.001102,172.217.194.0-255,1484,57417,18,219857
6477,0.001134,172.217.194.0-255,7156,64573,18,219857
6478,0.001137,172.31.36.0-255,66,64639,18,219857
6479,0.001145,172.217.194.0-255,5738,70377,18,219857
6480,0.001147,172.31.36.0-255,66,70443,18,219857
6481,0.001194,172.31.36.0-255,66,70509,18,219857
6482,0.001199,172.217.194.0-255,1704,72213,18,219857
6483,0.001202,172.31.36.0-255,66,72279,18,219857
6484,0.001568,172.217.194.0-255,1484,73763,18,219857
6485,0.001577,172.217.194.0-255,2902,76665,18,219857
6486,0.001582,172.31.36.0-255,66,76731,18,219857
6487,0.001586,172.217.194.0-255,1484,78215,18,219857
6488,0.001617,172.217.194.0-255,2902,81117,18,219857
6489,0.00162,172.31.36.0-255,66,81183,18,219857
6490,0.001636,172.217.194.0-255,4320,85503,18,219857
6491,0.001643,172.31.36.0-255,66,85569,18,219857
6492,0.001669,172.217.194.0-255,4320,89889,18,219857
6493,0.001673,172.31.36.0-255,66,89955,18,219857
6494,0.001709,172.31.36.0-255,66,90021,18,219857
6495,0.001762,172.31.36.0-255,66,90087,18,219857
6496,0.001781,172.31.36.0-255,66,90153,18,219857
6497,0.001797,172.31.36.0-255,66,90219,18,219857
6498,0.002003,172.217.194.0-255,1484,91703,18,219857
6499,0.002011,172.217.194.0-255,2902,94605,18,219857
6500,0.002015,172.31.36.0-255,66,94671,18,219857
6501,0.002022,172.217.194.0-255,5738,100409,18,219857
6502,0.002024,172.31.36.0-255,66,100475,18,219857
6503,0.002056,172.31.36.0-255,66,100541,18,219857
6504,0.002089,172.217.194.0-255,4320,104861,18,219857
6505,0.002092,172.31.36.0-255,66,104927,18,219857
6506,0.002104,172.31.36.0-255,66,104993,18,219857
6507,0.002164,172.217.194.0-255,2184,107177,18,219857
6508,0.002167,172.31.36.0-255,66,107243,18,219857
6509,0.002311,172.217.194.0-255,1484,108727,18,219857
6510,0.002327,172.217.194.0-255,2902,111629,18,219857
6511,0.00233,172.31.36.0-255,66,111695,18,219857
6512,0.002354,172.217.194.0-255,5738,117433,18,219857
6513,0.002357,172.31.36.0-255,66,117499,18,219857
6514,0.002372,172.31.36.0-255,66,117565,18,219857
6515,0.002376,172.217.194.0-255,2902,120467,18,219857
6516,0.002379,172.31.36.0-255,66,120533,18,219857
6517,0.002467,172.217.194.0-255,1484,122017,18,219857
6518,0.002516,172.217.194.0-255,7156,129173,18,219857
6519,0.002518,172.217.194.0-255,766,129939,18,219857
6520,0.002522,172.217.194.0-255,1484,131423,18,219857
6521,0.002527,172.217.194.0-255,4320,135743,18,219857
6522,0.00253,172.217.194.0-255,1484,137227,18,219857
6523,0.002558,172.217.194.0-255,4320,141547,18,219857
6524,0.002575,172.217.194.0-255,2902,144449,18,219857
6525,0.002588,172.217.194.0-255,1484,145933,18,219857
6526,0.002605,172.217.194.0-255,7156,153089,18,219857
6527,0.002638,172.217.194.0-255,5738,158827,18,219857
6528,0.002658,172.217.194.0-255,7156,165983,18,219857
6529,0.00268,172.217.194.0-255,4320,170303,18,219857
6530,0.00275,172.217.194.0-255,4320,174623,18,219857
6531,0.002757,172.217.194.0-255,6438,181061,18,219857
6532,0.002778,172.217.194.0-255,1484,182545,18,219857
6533,0.002793,172.217.194.0-255,2902,185447,18,219857
6534,0.002796,172.217.194.0-255,1484,186931,18,219857
6535,0.002816,172.217.194.0-255,4320,191251,18,219857
6536,0.002834,172.217.194.0-255,5738,196989,18,219857
6537,0.002859,172.217.194.0-255,7156,204145,18,219857
6538,0.002864,172.217.194.0-255,4320,208465,18,219857
6539,0.002896,172.217.194.0-255,2902,211367,18,219857
6540,0.002917,172.217.194.0-255,105,211472,18,219857
6541,0.00382,172.31.36.0-255,66,211538,18,219857
6542,0.006637,172.31.36.0-255,105,211643,18,219857
6543,0.008716,172.217.194.0-255,66,211709,18,219857
6544,0.02553,172.31.36.0-255,172,211881,18,219857
6545,0.025563,172.31.36.0-255,1115,212996,18,219857
6546,0.025609,172.31.36.0-255,1514,214510,18,219857
6547,0.025611,172.31.36.0-255,1514,216024,18,219857
6548,0.025612,172.31.36.0-255,1514,217538,18,219857
6549,0.025613,172.31.36.0-255,1514,219052,18,219857
6550,0.025614,172.31.36.0-255,541,219593,18,219857
6551,0.02735,104.244.42.0-255,66,219659,18,219857
6552,0.027361,104.244.42.0-255,66,219725,18,219857
6553,0.027402,104.244.42.0-255,66,219791,18,219857
6554,0.027406,104.244.42.0-255,66,219857,18,219857
6555,0.0,172.217.194.0-255,296,296,18,223088
6556,2.8e-05,172.31.36.0-255,66,362,18,223088
6557,3.3e-05,172.217.194.0-255,1484,1846,18,223088
6558,3.7e-05,172.31.36.0-255,66,1912,18,223088
6559,4.4e-05,172.217.194.0-255,4320,6232,18,223088
6560,4.6e-05,172.31.36.0-255,66,6298,18,223088
6561,4.9e-05,172.217.194.0-255,1484,7782,18,223088
6562,5.2e-05,172.31.36.0-255,66,7848,18,223088
6563,9e-05,172.217.194.0-255,6069,13917,18,223088
6564,9.4e-05,172.31.36.0-255,66,13983,18,223088
6565,0.000103,172.31.36.0-255,66,14049,18,223088
6566,0.000113,172.31.36.0-255,66,14115,18,223088
6567,0.000183,172.217.194.0-255,1484,15599,18,223088
6568,0.000186,172.31.36.0-255,66,15665,18,223088
6569,0.00019,172.217.194.0-255,1484,17149,18,223088
6570,0.000192,172.31.36.0-255,66,17215,18,223088
6571,0.000206,172.217.194.0-255,1484,18699,18,223088
6572,0.000208,172.31.36.0-255,66,18765,18,223088
6573,0.000214,172.217.194.0-255,5738,24503,18,223088
6574,0.000217,172.31.36.0-255,66,24569,18,223088
6575,0.000242,172.217.194.0-255,5738,30307,18,223088
6576,0.000245,172.31.36.0-255,66,30373,18,223088
6577,0.000278,172.31.36.0-255,66,30439,18,223088
6578,0.000289,172.31.36.0-255,66,30505,18,223088
6579,0.000557,172.217.194.0-255,366,30871,18,223088
6580,0.000562,172.31.36.0-255,66,30937,18,223088
6581,0.000892,172.217.194.0-255,1484,32421,18,223088
6582,0.000899,172.31.36.0-255,66,32487,18,223088
6583,0.000908,172.217.194.0-255,2902,35389,18,223088
6584,0.000915,172.217.194.0-255,5738,41127,18,223088
6585,0.00092,172.217.194.0-255,5738,46865,18,223088
6586,0.000938,172.217.194.0-255,2902,49767,18,223088
6587,0.000968,172.217.194.0-255,5020,54787,18,223088
6588,0.001282,172.217.194.0-255,1484,56271,18,223088
6589,0.00129,172.217.194.0-255,2902,59173,18,223088
6590,0.001311,172.217.194.0-255,5738,64911,18,223088
6591,0.001314,172.217.194.0-255,1484,66395,18,223088
6592,0.001352,172.217.194.0-255,2902,69297,18,223088
6593,0.001394,172.217.194.0-255,2184,71481,18,223088
6594,0.001597,172.217.194.0-255,1484,72965,18,223088
6595,0.001603,172.217.194.0-255,1484,74449,18,223088
6596,0.001619,172.217.194.0-255,1484,75933,18,223088
6597,0.001636,172.217.194.0-255,5738,81671,18,223088
6598,0.001642,172.217.194.0-255,4320,85991,18,223088
6599,0.001648,172.217.194.0-255,5738,91729,18,223088
6600,0.001666,172.217.194.0-255,5738,97467,18,223088
6601,0.001721,172.217.194.0-255,2902,100369,18,223088
6602,0.001742,172.217.194.0-255,5738,106107,18,223088
6603,0.001749,172.217.194.0-255,7156,113263,18,223088
6604,0.001791,172.217.194.0-255,7156,120419,18,223088
6605,0.001794,172.217.194.0-255,766,121185,18,223088
6606,0.001877,172.217.194.0-255,1484,122669,18,223088
6607,0.001892,172.217.194.0-255,2902,125571,18,223088
6608,0.001897,172.217.194.0-255,5738,131309,18,223088
6609,0.001942,172.217.194.0-255,2902,134211,18,223088
6610,0.001991,172.217.194.0-255,7156,141367,18,223088
6611,0.001994,172.217.194.0-255,1484,142851,18,223088
6612,0.002038,172.217.194.0-255,4320,147171,18,223088
6613,0.002049,172.217.194.0-255,2902,150073,18,223088
6614,0.002068,172.217.194.0-255,766,150839,18,223088
6615,0.002097,172.217.194.0-255,2902,153741,18,223088
6616,0.002127,172.217.194.0-255,2902,156643,18,223088
6617,0.002149,172.217.194.0-255,1484,158127,18,223088
6618,0.002202,172.217.194.0-255,4320,162447,18,223088
6619,0.002213,172.217.194.0-255,2902,165349,18,223088
6620,0.00222,172.217.194.0-255,7156,172505,18,223088
6621,0.002233,172.217.194.0-255,1484,173989,18,223088
6622,0.002238,172.217.194.0-255,4320,178309,18,223088
6623,0.002272,172.217.194.0-255,5738,184047,18,223088
6624,0.002283,172.217.194.0-255,766,184813,18,223088
6625,0.002345,172.217.194.0-255,7156,191969,18,223088
6626,0.002365,172.217.194.0-255,6438,198407,18,223088
6627,0.005294,172.31.36.0-255,66,198473,18,223088
6628,0.00766,172.217.194.0-255,5738,204211,18,223088
6629,0.007667,172.31.36.0-255,66,204277,18,223088
6630,0.009981,172.217.194.0-255,5738,210015,18,223088
6631,0.009986,172.31.36.0-255,66,210081,18,223088
6632,0.012261,172.217.194.0-255,2736,212817,18,223088
6633,0.012268,172.31.36.0-255,66,212883,18,223088
6634,0.015339,172.31.36.0-255,105,212988,18,223088
6635,0.017612,172.217.194.0-255,66,213054,18,223088
6636,0.033383,172.31.36.0-255,176,213230,18,223088
6637,0.033412,172.31.36.0-255,1112,214342,18,223088
6638,0.033459,172.31.36.0-255,1514,215856,18,223088
6639,0.033461,172.31.36.0-255,1514,217370,18,223088
6640,0.033462,172.31.36.0-255,1514,218884,18,223088
6641,0.033463,172.31.36.0-255,1514,220398,18,223088
6642,0.033491,172.31.36.0-255,1514,221912,18,223088
6643,0.033492,172.31.36.0-255,912,222824,18,223088
6644,0.034928,104.244.42.0-255,66,222890,18,223088
6645,0.034966,104.244.42.0-255,66,222956,18,223088
6646,0.035028,104.244.42.0-255,66,223022,18,223088
6647,0.035075,104.244.42.0-255,66,223088,18,223088
6648,0.0,74.125.24.0-255,154,154,18,302601
6649,1.6e-05,172.31.36.0-255,66,220,18,302601
6650,2.3e-05,74.125.24.0-255,1484,1704,18,302601
6651,2.8e-05,172.31.36.0-255,66,1770,18,302601
6652,4.1e-05,74.125.24.0-255,2902,4672,18,302601
6653,4.4e-05,172.31.36.0-255,66,4738,18,302601
6654,5.2e-05,74.125.24.0-255,7156,11894,18,302601
6655,5.5e-05,172.31.36.0-255,66,11960,18,302601
6656,5.9e-05,74.125.24.0-255,1484,13444,18,302601
6657,6.1e-05,172.31.36.0-255,66,13510,18,302601
6658,0.000117,172.31.36.0-255,66,13576,18,302601
6659,0.000123,74.125.24.0-255,3961,17537,18,302601
6660,0.000125,172.31.36.0-255,66,17603,18,302601
6661,0.000153,74.125.24.0-255,1484,19087,18,302601
6662,0.000155,172.31.36.0-255,66,19153,18,302601
6663,0.000183,74.125.24.0-255,2902,22055,18,302601
6664,0.000185,172.31.36.0-255,66,22121,18,302601
6665,0.000192,74.125.24.0-255,5738,27859,18,302601
6666,0.000194,172.31.36.0-255,66,27925,18,302601
6667,0.000202,74.125.24.0-255,2902,30827,18,302601
6668,0.000204,172.31.36.0-255,66,30893,18,302601
6669,0.000245,172.31.36.0-255,66,30959,18,302601
6670,0.000257,172.31.36.0-255,66,31025,18,302601
6671,0.000373,74.125.24.0-255,645,31670,18,302601
6672,0.000377,172.31.36.0-255,66,31736,18,302601
6673,0.001021,74.125.24.0-255,1484,33220,18,302601
6674,0.001026,172.31.36.0-255,66,33286,18,302601
6675,0.001032,74.125.24.0-255,2902,36188,18,302601
6676,0.001034,172.31.36.0-255,66,36254,18,302601
6677,0.001046,74.125.24.0-255,5738,41992,18,302601
6678,0.001051,74.125.24.0-255,2902,44894,18,302601
6679,0.00108,74.125.24.0-255,4320,49214,18,302601
6680,0.001104,172.31.36.0-255,66,49280,18,302601
6681,0.001109,74.125.24.0-255,2902,52182,18,302601
6682,0.001112,74.125.24.0-255,2184,54366,18,302601
6683,0.001123,172.31.36.0-255,66,54432,18,302601
6684,0.003411,74.125.24.0-255,5738,60170,18,302601
6685,0.003418,172.31.36.0-255,66,60236,18,302601
6686,0.005683,74.125.24.0-255,5738,65974,18,302601
6687,0.00678,172.31.36.0-255,66,66040,18,302601
6688,0.009079,74.125.24.0-255,5738,71778,18,302601
6689,0.009087,172.31.36.0-255,66,71844,18,302601
6690,0.011337,74.125.24.0-255,5738,77582,18,302601
6691,0.012854,172.31.36.0-255,66,77648,18,302601
6692,0.015184,74.125.24.0-255,5738,83386,18,302601
6693,0.015196,172.31.36.0-255,66,83452,18,302601
6694,0.017493,74.125.24.0-255,5738,89190,18,302601
6695,0.017502,172.31.36.0-255,66,89256,18,302601
6696,0.019762,74.125.24.0-255,5738,94994,18,302601
6697,0.019771,172.31.36.0-255,66,95060,18,302601
6698,0.022089,74.125.24.0-255,5738,100798,18,302601
6699,0.022097,172.31.36.0-255,66,100864,18,302601
6700,0.024367,74.125.24.0-255,5738,106602,18,302601
6701,0.024375,172.31.36.0-255,66,106668,18,302601
6702,0.026719,74.125.24.0-255,5738,112406,18,302601
6703,0.026728,172.31.36.0-255,66,112472,18,302601
6704,0.029027,74.125.24.0-255,5738,118210,18,302601
6705,0.029034,172.31.36.0-255,66,118276,18,302601
6706,0.029388,172.31.36.0-255,172,118448,18,302601
6707,0.029431,172.31.36.0-255,1112,119560,18,302601
6708,0.029506,172.31.36.0-255,1514,121074,18,302601
6709,0.029508,172.31.36.0-255,1514,122588,18,302601
6710,0.029512,172.31.36.0-255,1514,124102,18,302601
6711,0.029513,172.31.36.0-255,1514,125616,18,302601
6712,0.029556,172.31.36.0-255,1514,127130,18,302601
6713,0.029558,172.31.36.0-255,913,128043,18,302601
6714,0.03091,104.244.42.0-255,66,128109,18,302601
6715,0.031012,104.244.42.0-255,66,128175,18,302601
6716,0.03104,104.244.42.0-255,66,128241,18,302601
6717,0.031115,104.244.42.0-255,66,128307,18,302601
6718,0.031329,74.125.24.0-255,5738,134045,18,302601
6719,0.031334,172.31.36.0-255,66,134111,18,302601
6720,0.032011,104.244.42.0-255,108,134219,18,302601
6721,0.03202,172.31.36.0-255,66,134285,18,302601
6722,0.033664,74.125.24.0-255,5738,140023,18,302601
6723,0.033669,172.31.36.0-255,66,140089,18,302601
6724,0.035972,74.125.24.0-255,5738,145827,18,302601
6725,0.035979,172.31.36.0-255,66,145893,18,302601
6726,0.038266,74.125.24.0-255,5738,151631,18,302601
6727,0.038273,172.31.36.0-255,66,151697,18,302601
6728,0.040545,74.125.24.0-255,5738,157435,18,302601
6729,0.040552,172.31.36.0-255,66,157501,18,302601
6730,0.042837,74.125.24.0-255,5738,163239,18,302601
6731,0.042844,172.31.36.0-255,66,163305,18,302601
6732,0.045167,74.125.24.0-255,5738,169043,18,302601
6733,0.045173,172.31.36.0-255,66,169109,18,302601
6734,0.047451,74.125.24.0-255,5738,174847,18,302601
6735,0.047458,172.31.36.0-255,66,174913,18,302601
6736,0.04976,74.125.24.0-255,5738,180651,18,302601
6737,0.049765,172.31.36.0-255,66,180717,18,302601
6738,0.052074,74.125.24.0-255,5738,186455,18,302601
6739,0.052083,172.31.36.0-255,66,186521,18,302601
6740,0.05438,74.125.24.0-255,5738,192259,18,302601
6741,0.054386,172.31.36.0-255,66,192325,18,302601
6742,0.056665,74.125.24.0-255,5738,198063,18,302601
6743,0.056672,172.31.36.0-255,66,198129,18,302601
6744,0.058928,74.125.24.0-255,5738,203867,18,302601
6745,0.058934,172.31.36.0-255,66,203933,18,302601
6746,0.061276,74.125.24.0-255,5738,209671,18,302601
6747,0.061283,172.31.36.0-255,66,209737,18,302601
6748,0.06357,74.125.24.0-255,5738,215475,18,302601
6749,0.063576,172.31.36.0-255,66,215541,18,302601
6750,0.065857,74.125.24.0-255,5738,221279,18,302601
6751,0.065864,172.31.36.0-255,66,221345,18,302601
6752,0.068153,74.125.24.0-255,5738,227083,18,302601
6753,0.068159,172.31.36.0-255,66,227149,18,302601
6754,0.070511,74.125.24.0-255,5738,232887,18,302601
6755,0.070517,172.31.36.0-255,66,232953,18,302601
6756,0.07283,74.125.24.0-255,5738,238691,18,302601
6757,0.072837,172.31.36.0-255,66,238757,18,302601
6758,0.075136,74.125.24.0-255,5738,244495,18,302601
6759,0.075142,172.31.36.0-255,66,244561,18,302601
6760,0.077424,74.125.24.0-255,5738,250299,18,302601
6761,0.07743,172.31.36.0-255,66,250365,18,302601
6762,0.079729,74.125.24.0-255,5738,256103,18,302601
6763,0.079736,172.31.36.0-255,66,256169,18,302601
6764,0.082053,74.125.24.0-255,5738,261907,18,302601
6765,0.082059,172.31.36.0-255,66,261973,18,302601
6766,0.084369,74.125.24.0-255,5738,267711,18,302601
6767,0.084376,172.31.36.0-255,66,267777,18,302601
6768,0.086682,74.125.24.0-255,5738,273515,18,302601
6769,0.086689,172.31.36.0-255,66,273581,18,302601
6770,0.088993,74.125.24.0-255,5738,279319,18,302601
6771,0.088999,172.31.36.0-255,66,279385,18,302601
6772,0.091317,74.125.24.0-255,5738,285123,18,302601
6773,0.091324,172.31.36.0-255,66,285189,18,302601
6774,0.093617,74.125.24.0-255,5738,290927,18,302601
6775,0.093624,172.31.36.0-255,66,290993,18,302601
6776,0.095915,74.125.24.0-255,5738,296731,18,302601
6777,0.095922,172.31.36.0-255,66,296797,18,302601
6778,0.098215,74.125.24.0-255,5738,302535,18,302601
6779,0.098222,172.31.36.0-255,66,302601,18,302601
6780,0.0,74.125.68.0-255,143,143,18,325136
6781,3.4e-05,172.31.36.0-255,66,209,18,325136
6782,6.1e-05,74.125.68.0-255,1484,1693,18,325136
6783,6.5e-05,172.31.36.0-255,66,1759,18,325136
6784,7.1e-05,74.125.68.0-255,2902,4661,18,325136
6785,7.3e-05,172.31.36.0-255,66,4727,18,325136
6786,0.000105,74.125.68.0-255,2902,7629,18,325136
6787,0.000108,172.31.36.0-255,66,7695,18,325136
6788,0.000114,74.125.68.0-255,4320,12015,18,325136
6789,0.000117,172.31.36.0-255,66,12081,18,325136
6790,0.00016,74.125.68.0-255,2079,14160,18,325136
6791,0.000163,172.31.36.0-255,66,14226,18,325136
6792,0.000258,74.125.68.0-255,1484,15710,18,325136
6793,0.000262,172.31.36.0-255,66,15776,18,325136
6794,0.000283,74.125.68.0-255,2902,18678,18,325136
6795,0.000286,172.31.36.0-255,66,18744,18,325136
6796,0.000289,74.125.68.0-255,1484,20228,18,325136
6797,0.000292,172.31.36.0-255,66,20294,18,325136
6798,0.000323,74.125.68.0-255,4320,24614,18,325136
6799,0.000332,172.31.36.0-255,66,24680,18,325136
6800,0.000335,74.125.68.0-255,1484,26164,18,325136
6801,0.000338,172.31.36.0-255,66,26230,18,325136
6802,0.000342,74.125.68.0-255,2902,29132,18,325136
6803,0.000344,172.31.36.0-255,66,29198,18,325136
6804,0.000349,74.125.68.0-255,2543,31741,18,325136
6805,0.000352,172.31.36.0-255,66,31807,18,325136
6806,0.000389,74.125.68.0-255,1484,33291,18,325136
6807,0.000393,172.31.36.0-255,66,33357,18,325136
6808,0.000412,74.125.68.0-255,2902,36259,18,325136
6809,0.000415,172.31.36.0-255,66,36325,18,325136
6810,0.000444,74.125.68.0-255,5738,42063,18,325136
6811,0.000448,172.31.36.0-255,66,42129,18,325136
6812,0.000452,74.125.68.0-255,1484,43613,18,325136
6813,0.000457,74.125.68.0-255,2902,46515,18,325136
6814,0.000468,172.31.36.0-255,66,46581,18,325136
6815,0.000492,74.125.68.0-255,1484,48065,18,325136
6816,0.000505,74.125.68.0-255,1484,49549,18,325136
6817,0.000508,172.31.36.0-255,66,49615,18,325136
6818,0.000545,74.125.68.0-255,2902,52517,18,325136
6819,0.000549,74.125.68.0-255,1484,54001,18,325136
6820,0.000557,172.31.36.0-255,66,54067,18,325136
6821,0.000568,74.125.68.0-255,2902,56969,18,325136
6822,0.000576,172.31.36.0-255,66,57035,18,325136
6823,0.000579,74.125.68.0-255,4320,61355,18,325136
6824,0.00059,172.31.36.0-255,66,61421,18,325136
6825,0.000606,74.125.68.0-255,4320,65741,18,325136
6826,0.00061,74.125.68.0-255,766,66507,18,325136
6827,0.000613,172.31.36.0-255,66,66573,18,325136
6828,0.000669,74.125.68.0-255,367,66940,18,325136
6829,0.000708,74.125.68.0-255,130,67070,18,325136
6830,0.000801,74.125.68.0-255,1484,68554,18,325136
6831,0.000807,172.31.36.0-255,66,68620,18,325136
6832,0.000828,74.125.68.0-255,2902,71522,18,325136
6833,0.000832,172.31.36.0-255,66,71588,18,325136
6834,0.000834,74.125.68.0-255,4320,75908,18,325136
6835,0.00085,74.125.68.0-255,1484,77392,18,325136
6836,0.00085,172.31.36.0-255,66,77458,18,325136
6837,0.000855,74.125.68.0-255,4320,81778,18,325136
6838,0.000867,172.31.36.0-255,66,81844,18,325136
6839,0.000903,74.125.68.0-255,5738,87582,18,325136
6840,0.000909,172.31.36.0-255,66,87648,18,325136
6841,0.00094,74.125.68.0-255,7156,94804,18,325136
6842,0.000943,172.31.36.0-255,66,94870,18,325136
6843,0.000947,74.125.68.0-255,1484,96354,18,325136
6844,0.000976,74.125.68.0-255,5020,101374,18,325136
6845,0.000988,172.31.36.0-255,66,101440,18,325136
6846,0.001022,74.125.68.0-255,1484,102924,18,325136
6847,0.001027,74.125.68.0-255,2902,105826,18,325136
6848,0.001034,172.31.36.0-255,66,105892,18,325136
6849,0.001043,74.125.68.0-255,2902,108794,18,325136
6850,0.001054,172.31.36.0-255,66,108860,18,325136
6851,0.001093,74.125.68.0-255,2902,111762,18,325136
6852,0.001099,172.31.36.0-255,66,111828,18,325136
6853,0.001106,74.125.68.0-255,1484,113312,18,325136
6854,0.001145,74.125.68.0-255,5738,119050,18,325136
6855,0.001149,172.31.36.0-255,66,119116,18,325136
6856,0.001197,74.125.68.0-255,2902,122018,18,325136
6857,0.001203,172.31.36.0-255,66,122084,18,325136
6858,0.001215,74.125.68.0-255,1484,123568,18,325136
6859,0.00125,74.125.68.0-255,4320,127888,18,325136
6860,0.001259,172.31.36.0-255,66,127954,18,325136
6861,0.001264,74.125.68.0-255,1484,129438,18,325136
6862,0.001314,74.125.68.0-255,2902,132340,18,325136
6863,0.001325,172.31.36.0-255,66,132406,18,325136
6864,0.001343,74.125.68.0-255,3602,136008,18,325136
6865,0.001346,172.31.36.0-255,66,136074,18,325136
6866,0.001379,74.125.68.0-255,1484,137558,18,325136
6867,0.001385,74.125.68.0-255,2902,140460,18,325136
6868,0.001395,172.31.36.0-255,66,140526,18,325136
6869,0.001399,74.125.68.0-255,2902,143428,18,325136
6870,0.001412,172.31.36.0-255,66,143494,18,325136
6871,0.001424,74.125.68.0-255,4320,147814,18,325136
6872,0.001437,172.31.36.0-255,66,147880,18,325136
6873,0.001473,172.31.36.0-255,66,147946,18,325136
6874,0.001493,172.31.36.0-255,66,148012,18,325136
6875,0.001518,74.125.68.0-255,1484,149496,18,325136
6876,0.001525,74.125.68.0-255,3602,153098,18,325136
6877,0.001529,172.31.36.0-255,66,153164,18,325136
6878,0.001633,74.125.68.0-255,1484,154648,18,325136
6879,0.001652,74.125.68.0-255,2902,157550,18,325136
6880,0.001656,172.31.36.0-255,66,157616,18,325136
6881,0.001661,74.125.68.0-255,2902,160518,18,325136
6882,0.001673,172.31.36.0-255,66,160584,18,325136
6883,0.001681,74.125.68.0-255,1484,162068,18,325136
6884,0.001685,74.125.68.0-255,1484,163552,18,325136
6885,0.001689,172.31.36.0-255,66,163618,18,325136
6886,0.001707,74.125.68.0-255,7156,170774,18,325136
6887,0.001717,172.31.36.0-255,66,170840,18,325136
6888,0.00172,74.125.68.0-255,5738,176578,18,325136
6889,0.00173,172.31.36.0-255,66,176644,18,325136
6890,0.001757,74.125.68.0-255,1484,178128,18,325136
6891,0.001785,74.125.68.0-255,5738,183866,18,325136
6892,0.001788,172.31.36.0-255,66,183932,18,325136
6893,0.001794,74.125.68.0-255,3602,187534,18,325136
6894,0.001805,172.31.36.0-255,66,187600,18,325136
6895,0.001909,74.125.68.0-255,1484,189084,18,325136
6896,0.00193,74.125.68.0-255,2902,191986,18,325136
6897,0.001934,172.31.36.0-255,66,192052,18,325136
6898,0.001939,74.125.68.0-255,2902,194954,18,325136
6899,0.001948,172.31.36.0-255,66,195020,18,325136
6900,0.001976,74.125.68.0-255,2902,197922,18,325136
6901,0.001982,74.125.68.0-255,5738,203660,18,325136
6902,0.001982,172.31.36.0-255,66,203726,18,325136
6903,0.001988,74.125.68.0-255,7156,210882,18,325136
6904,0.001988,172.31.36.0-255,66,210948,18,325136
6905,0.002002,172.31.36.0-255,66,211014,18,325136
6906,0.002017,74.125.68.0-255,7156,218170,18,325136
6907,0.002026,172.31.36.0-255,66,218236,18,325136
6908,0.00205,74.125.68.0-255,3602,221838,18,325136
6909,0.00206,172.31.36.0-255,66,221904,18,325136
6910,0.002065,172.31.36.0-255,66,221970,18,325136
6911,0.002107,74.125.68.0-255,2902,224872,18,325136
6912,0.002111,74.125.68.0-255,1484,226356,18,325136
6913,0.002128,74.125.68.0-255,4320,230676,18,325136
6914,0.002169,74.125.68.0-255,4320,234996,18,325136
6915,0.0022,74.125.68.0-255,5738,240734,18,325136
6916,0.002222,74.125.68.0-255,7156,247890,18,325136
6917,0.00223,74.125.68.0-255,7156,255046,18,325136
6918,0.00227,74.125.68.0-255,3602,258648,18,325136
6919,0.002287,74.125.68.0-255,1484,260132,18,325136
6920,0.002306,74.125.68.0-255,2902,263034,18,325136
6921,0.002311,74.125.68.0-255,2902,265936,18,325136
6922,0.002336,74.125.68.0-255,7156,273092,18,325136
6923,0.002342,74.125.68.0-255,5738,278830,18,325136
6924,0.002361,74.125.68.0-255,5738,284568,18,325136
6925,0.002366,74.125.68.0-255,2902,287470,18,325136
6926,0.002382,74.125.68.0-255,4320,291790,18,325136
6927,0.002409,74.125.68.0-255,2902,294692,18,325136
6928,0.002425,74.125.68.0-255,5020,299712,18,325136
6929,0.00243,74.125.68.0-255,2902,302614,18,325136
6930,0.002448,74.125.68.0-255,1484,304098,18,325136
6931,0.002462,74.125.68.0-255,2902,307000,18,325136
6932,0.00252,74.125.68.0-255,1484,308484,18,325136
6933,0.002615,74.125.68.0-255,5738,314222,18,325136
6934,0.002666,74.125.68.0-255,1463,315685,18,325136
6935,0.006935,172.31.36.0-255,66,315751,18,325136
6936,0.009579,74.125.68.0-255,105,315856,18,325136
6937,0.009977,172.31.36.0-255,66,315922,18,325136
6938,0.010011,172.31.36.0-255,105,316027,18,325136
6939,0.012679,74.125.68.0-255,66,316093,18,325136
6940,0.030922,172.31.36.0-255,172,316265,18,325136
6941,0.030957,172.31.36.0-255,1116,317381,18,325136
6942,0.030997,172.31.36.0-255,1514,318895,18,325136
6943,0.030999,172.31.36.0-255,1514,320409,18,325136
6944,0.031,172.31.36.0-255,1514,321923,18,325136
6945,0.031005,172.31.36.0-255,1514,323437,18,325136
6946,0.031007,172.31.36.0-255,1501,324938,18,325136
6947,0.032567,104.244.42.0-255,66,325004,18,325136
6948,0.032617,104.244.42.0-255,66,325070,18,325136
6949,0.032666,104.244.42.0-255,66,325136,18,325136
6950,0.0,172.31.36.0-255,74,74,18,3074
6951,0.002399,172.217.194.0-255,74,148,18,3074
6952,0.002418,172.31.36.0-255,66,214,18,3074
6953,0.004508,172.31.36.0-255,697,911,18,3074
6954,0.00689,172.217.194.0-255,66,977,18,3074
6955,0.007232,172.217.194.0-255,278,1255,18,3074
6956,0.007245,172.31.36.0-255,66,1321,18,3074
6957,0.008627,172.31.36.0-255,130,1451,18,3074
6958,0.010186,172.31.36.0-255,236,1687,18,3074
6959,0.010215,172.31.36.0-255,365,2052,18,3074
6960,0.011491,172.217.194.0-255,630,2682,18,3074
6961,0.011668,172.31.36.0-255,97,2779,18,3074
6962,0.012623,172.217.194.0-255,66,2845,18,3074
6963,0.013257,172.217.194.0-255,97,2942,18,3074
6964,0.018391,172.217.194.0-255,66,3008,18,3074
6965,0.049404,172.31.36.0-255,66,3074,18,3074
6966,0.0,172.217.194.0-255,153,153,18,211230
6967,2.1e-05,172.31.36.0-255,66,219,18,211230
6968,2.7e-05,172.217.194.0-255,1484,1703,18,211230
6969,3.1e-05,172.31.36.0-255,66,1769,18,211230
6970,4.5e-05,172.217.194.0-255,2902,4671,18,211230
6971,4.9e-05,172.31.36.0-255,66,4737,18,211230
6972,5.4e-05,172.217.194.0-255,4320,9057,18,211230
6973,5.6e-05,172.31.36.0-255,66,9123,18,211230
6974,9.6e-05,172.217.194.0-255,4320,13443,18,211230
6975,9.9e-05,172.31.36.0-255,66,13509,18,211230
6976,0.000124,172.217.194.0-255,666,14175,18,211230
6977,0.000129,172.31.36.0-255,66,14241,18,211230
6978,0.000135,172.217.194.0-255,5738,19979,18,211230
6979,0.000137,172.31.36.0-255,66,20045,18,211230
6980,0.00015,172.31.36.0-255,66,20111,18,211230
6981,0.000156,172.217.194.0-255,4320,24431,18,211230
6982,0.000158,172.31.36.0-255,66,24497,18,211230
6983,0.0002,172.31.36.0-255,66,24563,18,211230
6984,0.000204,172.217.194.0-255,2184,26747,18,211230
6985,0.000208,172.31.36.0-255,66,26813,18,211230
6986,0.000212,172.217.194.0-255,2902,29715,18,211230
6987,0.000215,172.31.36.0-255,66,29781,18,211230
6988,0.000218,172.217.194.0-255,1484,31265,18,211230
6989,0.000221,172.31.36.0-255,66,31331,18,211230
6990,0.000253,172.217.194.0-255,5738,37069,18,211230
6991,0.000257,172.31.36.0-255,66,37135,18,211230
6992,0.000264,172.217.194.0-255,7048,44183,18,211230
6993,0.000267,172.31.36.0-255,66,44249,18,211230
6994,0.000296,172.217.194.0-255,115,44364,18,211230
6995,0.000301,172.31.36.0-255,66,44430,18,211230
6996,0.00037,172.217.194.0-255,1484,45914,18,211230
6997,0.000375,172.217.194.0-255,1484,47398,18,211230
6998,0.000386,172.31.36.0-255,66,47464,18,211230
6999,0.000386,172.217.194.0-255,1484,48948,18,211230
7000,0.000392,172.217.194.0-255,5738,54686,18,211230
7001,0.000408,172.31.36.0-255,66,54752,18,211230
7002,0.000416,172.217.194.0-255,5738,60490,18,211230
7003,0.000424,172.31.36.0-255,66,60556,18,211230
7004,0.00043,172.217.194.0-255,2902,63458,18,211230
7005,0.000451,172.31.36.0-255,66,63524,18,211230
7006,0.000484,172.217.194.0-255,3961,67485,18,211230
7007,0.000486,172.31.36.0-255,66,67551,18,211230
7008,0.000491,172.31.36.0-255,66,67617,18,211230
7009,0.000926,172.217.194.0-255,1484,69101,18,211230
7010,0.000942,172.217.194.0-255,2902,72003,18,211230
7011,0.000946,172.31.36.0-255,66,72069,18,211230
7012,0.000953,172.217.194.0-255,5738,77807,18,211230
7013,0.00096,172.31.36.0-255,66,77873,18,211230
7014,0.000988,172.217.194.0-255,5738,83611,18,211230
7015,0.000996,172.31.36.0-255,66,83677,18,211230
7016,0.001011,172.31.36.0-255,66,83743,18,211230
7017,0.001027,172.217.194.0-255,6438,90181,18,211230
7018,0.001035,172.217.194.0-255,7156,97337,18,211230
7019,0.001036,172.31.36.0-255,66,97403,18,211230
7020,0.001041,172.31.36.0-255,66,97469,18,211230
7021,0.001083,172.31.36.0-255,66,97535,18,211230
7022,0.001099,172.31.36.0-255,66,97601,18,211230
7023,0.001507,172.217.194.0-255,1484,99085,18,211230
7024,0.001521,172.217.194.0-255,1484,100569,18,211230
7025,0.001525,172.31.36.0-255,66,100635,18,211230
7026,0.001533,172.217.194.0-255,1484,102119,18,211230
7027,0.001543,172.217.194.0-255,2902,105021,18,211230
7028,0.001546,172.217.194.0-255,1484,106505,18,211230
7029,0.001553,172.31.36.0-255,66,106571,18,211230
7030,0.001561,172.217.194.0-255,5738,112309,18,211230
7031,0.001567,172.31.36.0-255,66,112375,18,211230
7032,0.001657,172.31.36.0-255,66,112441,18,211230
7033,0.001658,172.217.194.0-255,1484,113925,18,211230
7034,0.001664,172.217.194.0-255,3602,117527,18,211230
7035,0.001676,172.31.36.0-255,66,117593,18,211230
7036,0.001751,172.217.194.0-255,1484,119077,18,211230
7037,0.001768,172.217.194.0-255,2902,121979,18,211230
7038,0.001771,172.31.36.0-255,66,122045,18,211230
7039,0.001784,172.217.194.0-255,1484,123529,18,211230
7040,0.0018,172.217.194.0-255,4320,127849,18,211230
7041,0.001804,172.217.194.0-255,1484,129333,18,211230
7042,0.001809,172.31.36.0-255,66,129399,18,211230
7043,0.001841,172.31.36.0-255,66,129465,18,211230
7044,0.001875,172.31.36.0-255,66,129531,18,211230
7045,0.001886,172.217.194.0-255,1484,131015,18,211230
7046,0.001908,172.217.194.0-255,1484,132499,18,211230
7047,0.001914,172.217.194.0-255,4320,136819,18,211230
7048,0.001915,172.31.36.0-255,66,136885,18,211230
7049,0.001925,172.31.36.0-255,66,136951,18,211230
7050,0.001927,172.217.194.0-255,1484,138435,18,211230
7051,0.001967,172.217.194.0-255,7156,145591,18,211230
7052,0.001978,172.217.194.0-255,4320,149911,18,211230
7053,0.001978,172.31.36.0-255,66,149977,18,211230
7054,0.001982,172.31.36.0-255,66,150043,18,211230
7055,0.00201,172.217.194.0-255,5738,155781,18,211230
7056,0.002015,172.31.36.0-255,66,155847,18,211230
7057,0.002025,172.217.194.0-255,4320,160167,18,211230
7058,0.00203,172.31.36.0-255,66,160233,18,211230
7059,0.002052,172.217.194.0-255,3602,163835,18,211230
7060,0.002061,172.31.36.0-255,66,163901,18,211230
7061,0.002076,172.31.36.0-255,66,163967,18,211230
7062,0.002088,172.217.194.0-255,2902,166869,18,211230
7063,0.002093,172.31.36.0-255,66,166935,18,211230
7064,0.002093,172.217.194.0-255,4320,171255,18,211230
7065,0.002097,172.31.36.0-255,66,171321,18,211230
7066,0.002138,172.31.36.0-255,66,171387,18,211230
7067,0.002139,172.217.194.0-255,3602,174989,18,211230
7068,0.002142,172.31.36.0-255,66,175055,18,211230
7069,0.002191,172.31.36.0-255,66,175121,18,211230
7070,0.002206,172.31.36.0-255,66,175187,18,211230
7071,0.002219,172.217.194.0-255,1484,176671,18,211230
7072,0.002225,172.217.194.0-255,4320,180991,18,211230
7073,0.002233,172.31.36.0-255,66,181057,18,211230
7074,0.00226,172.217.194.0-255,5738,186795,18,211230
7075,0.002267,172.31.36.0-255,66,186861,18,211230
7076,0.002292,172.217.194.0-255,1484,188345,18,211230
7077,0.002298,172.31.36.0-255,66,188411,18,211230
7078,0.002336,172.31.36.0-255,66,188477,18,211230
7079,0.002342,172.217.194.0-255,2902,191379,18,211230
7080,0.002346,172.217.194.0-255,766,192145,18,211230
7081,0.002351,172.31.36.0-255,66,192211,18,211230
7082,0.002413,172.217.194.0-255,7156,199367,18,211230
7083,0.00242,172.31.36.0-255,66,199433,18,211230
7084,0.002447,172.31.36.0-255,66,199499,18,211230
7085,0.002456,172.217.194.0-255,1484,200983,18,211230
7086,0.002461,172.217.194.0-255,3602,204585,18,211230
7087,0.002461,172.31.36.0-255,66,204651,18,211230
7088,0.002465,172.31.36.0-255,66,204717,18,211230
7089,0.002804,172.217.194.0-255,1484,206201,18,211230
7090,0.002821,172.217.194.0-255,2478,208679,18,211230
7091,0.002826,172.31.36.0-255,66,208745,18,211230
7092,0.00283,172.217.194.0-255,97,208842,18,211230
7093,0.002897,172.217.194.0-255,105,208947,18,211230
7094,0.00366,172.31.36.0-255,66,209013,18,211230
7095,0.003686,172.31.36.0-255,105,209118,18,211230
7096,0.005796,172.217.194.0-255,66,209184,18,211230
7097,0.036077,172.31.36.0-255,172,209356,18,211230
7098,0.036113,172.31.36.0-255,1116,210472,18,211230
7099,0.036143,172.31.36.0-255,560,211032,18,211230
7100,0.037762,104.244.42.0-255,66,211098,18,211230
7101,0.037771,104.244.42.0-255,66,211164,18,211230
7102,0.037824,104.244.42.0-255,66,211230,18,211230
7103,0.0,172.217.194.0-255,143,143,18,165512
7104,2.8e-05,172.217.194.0-255,1484,1627,18,165512
7105,3.7e-05,172.31.36.0-255,66,1693,18,165512
7106,4.4e-05,172.217.194.0-255,2902,4595,18,165512
7107,4.7e-05,172.31.36.0-255,66,4661,18,165512
7108,5.4e-05,172.217.194.0-255,5738,10399,18,165512
7109,6.7e-05,172.31.36.0-255,66,10465,18,165512
7110,9.1e-05,172.217.194.0-255,1484,11949,18,165512
7111,0.000114,172.31.36.0-255,66,12015,18,165512
7112,0.000119,172.217.194.0-255,2543,14558,18,165512
7113,0.000121,172.31.36.0-255,66,14624,18,165512
7114,0.000208,172.217.194.0-255,1484,16108,18,165512
7115,0.000227,172.217.194.0-255,2902,19010,18,165512
7116,0.000231,172.31.36.0-255,66,19076,18,165512
7117,0.000235,172.217.194.0-255,1484,20560,18,165512
7118,0.000258,172.217.194.0-255,4320,24880,18,165512
7119,0.000261,172.31.36.0-255,66,24946,18,165512
7120,0.000268,172.217.194.0-255,6797,31743,18,165512
7121,0.000272,172.31.36.0-255,66,31809,18,165512
7122,0.000283,172.217.194.0-255,4320,36129,18,165512
7123,0.000286,172.31.36.0-255,66,36195,18,165512
7124,0.000329,172.31.36.0-255,66,36261,18,165512
7125,0.000333,172.217.194.0-255,2543,38804,18,165512
7126,0.000336,172.31.36.0-255,66,38870,18,165512
7127,0.000338,172.217.194.0-255,677,39547,18,165512
7128,0.0009,172.217.194.0-255,1484,41031,18,165512
7129,0.000905,172.31.36.0-255,66,41097,18,165512
7130,0.000915,172.217.194.0-255,2902,43999,18,165512
7131,0.000924,172.31.36.0-255,66,44065,18,165512
7132,0.000928,172.217.194.0-255,1484,45549,18,165512
7133,0.000959,172.217.194.0-255,4320,49869,18,165512
7134,0.000964,172.31.36.0-255,66,49935,18,165512
7135,0.000972,172.217.194.0-255,7156,57091,18,165512
7136,0.000974,172.31.36.0-255,66,57157,18,165512
7137,0.000996,172.31.36.0-255,66,57223,18,165512
7138,0.001,172.217.194.0-255,2184,59407,18,165512
7139,0.001003,172.31.36.0-255,66,59473,18,165512
7140,0.001058,172.31.36.0-255,66,59539,18,165512
7141,0.001078,172.31.36.0-255,66,59605,18,165512
7142,0.00116,172.31.36.0-255,66,59671,18,165512
7143,0.001163,172.217.194.0-255,766,60437,18,165512
7144,0.001187,172.217.194.0-255,1484,61921,18,165512
7145,0.001191,172.31.36.0-255,66,61987,18,165512
7146,0.001196,172.217.194.0-255,2902,64889,18,165512
7147,0.001199,172.31.36.0-255,66,64955,18,165512
7148,0.001236,172.217.194.0-255,5738,70693,18,165512
7149,0.001241,172.31.36.0-255,66,70759,18,165512
7150,0.001244,172.217.194.0-255,1484,72243,18,165512
7151,0.001281,172.31.36.0-255,66,72309,18,165512
7152,0.001314,172.31.36.0-255,66,72375,18,165512
7153,0.001441,172.217.194.0-255,1484,73859,18,165512
7154,0.001448,172.217.194.0-255,2902,76761,18,165512
7155,0.001452,172.31.36.0-255,66,76827,18,165512
7156,0.001485,172.217.194.0-255,5738,82565,18,165512
7157,0.001489,172.31.36.0-255,66,82631,18,165512
7158,0.001496,172.217.194.0-255,7156,89787,18,165512
7159,0.001499,172.31.36.0-255,66,89853,18,165512
7160,0.001535,172.217.194.0-255,5738,95591,18,165512
7161,0.001539,172.31.36.0-255,66,95657,18,165512
7162,0.001549,172.31.36.0-255,66,95723,18,165512
7163,0.001565,172.31.36.0-255,66,95789,18,165512
7164,0.001615,172.31.36.0-255,66,95855,18,165512
7165,0.001641,172.31.36.0-255,66,95921,18,165512
7166,0.001644,172.217.194.0-255,1484,97405,18,165512
7167,0.001677,172.31.36.0-255,66,97471,18,165512
7168,0.0017,172.217.194.0-255,1484,98955,18,165512
7169,0.001717,172.217.194.0-255,2902,101857,18,165512
7170,0.00172,172.31.36.0-255,66,101923,18,165512
7171,0.001749,172.217.194.0-255,5738,107661,18,165512
7172,0.001751,172.31.36.0-255,66,107727,18,165512
7173,0.001754,172.217.194.0-255,1484,109211,18,165512
7174,0.001788,172.31.36.0-255,66,109277,18,165512
7175,0.001792,172.217.194.0-255,1484,110761,18,165512
7176,0.00182,172.31.36.0-255,66,110827,18,165512
7177,0.001823,172.217.194.0-255,766,111593,18,165512
7178,0.001854,172.217.194.0-255,1484,113077,18,165512
7179,0.001856,172.31.36.0-255,66,113143,18,165512
7180,0.00186,172.217.194.0-255,2902,116045,18,165512
7181,0.001863,172.31.36.0-255,66,116111,18,165512
7182,0.001879,172.217.194.0-255,1484,117595,18,165512
7183,0.001901,172.217.194.0-255,4320,121915,18,165512
7184,0.001903,172.31.36.0-255,66,121981,18,165512
7185,0.001916,172.31.36.0-255,66,122047,18,165512
7186,0.001926,172.217.194.0-255,5738,127785,18,165512
7187,0.001929,172.31.36.0-255,66,127851,18,165512
7188,0.001979,172.217.194.0-255,5020,132871,18,165512
7189,0.001981,172.31.36.0-255,66,132937,18,165512
7190,0.001991,172.217.194.0-255,5738,138675,18,165512
7191,0.001993,172.31.36.0-255,66,138741,18,165512
7192,0.001997,172.217.194.0-255,2902,141643,18,165512
7193,0.001999,172.31.36.0-255,66,141709,18,165512
7194,0.002031,172.31.36.0-255,66,141775,18,165512
7195,0.002035,172.217.194.0-255,2902,144677,18,165512
7196,0.002037,172.31.36.0-255,66,144743,18,165512
7197,0.002059,172.217.194.0-255,7156,151899,18,165512
7198,0.002061,172.31.36.0-255,66,151965,18,165512
7199,0.002079,172.31.36.0-255,66,152031,18,165512
7200,0.002118,172.31.36.0-255,66,152097,18,165512
7201,0.002131,172.31.36.0-255,66,152163,18,165512
7202,0.002136,172.217.194.0-255,4859,157022,18,165512
7203,0.002138,172.31.36.0-255,66,157088,18,165512
7204,0.00216,172.217.194.0-255,105,157193,18,165512
7205,0.006128,172.31.36.0-255,105,157298,18,165512
7206,0.008508,172.217.194.0-255,66,157364,18,165512
7207,0.02878,172.31.36.0-255,172,157536,18,165512
7208,0.02882,172.31.36.0-255,1115,158651,18,165512
7209,0.028863,172.31.36.0-255,1514,160165,18,165512
7210,0.028865,172.31.36.0-255,1514,161679,18,165512
7211,0.028866,172.31.36.0-255,1514,163193,18,165512
7212,0.028868,172.31.36.0-255,1514,164707,18,165512
7213,0.028869,172.31.36.0-255,541,165248,18,165512
7214,0.030358,104.244.42.0-255,66,165314,18,165512
7215,0.030553,104.244.42.0-255,66,165380,18,165512
7216,0.030556,104.244.42.0-255,66,165446,18,165512
7217,0.030559,104.244.42.0-255,66,165512,18,165512
7218,0.0,172.217.194.0-255,146,146,18,341634
7219,2.3e-05,172.31.36.0-255,66,212,18,341634
7220,3.1e-05,172.217.194.0-255,1484,1696,18,341634
7221,3.6e-05,172.31.36.0-255,66,1762,18,341634
7222,5e-05,172.217.194.0-255,2902,4664,18,341634
7223,5.4e-05,172.31.36.0-255,66,4730,18,341634
7224,6e-05,172.217.194.0-255,4320,9050,18,341634
7225,6.3e-05,172.31.36.0-255,66,9116,18,341634
7226,8.9e-05,172.217.194.0-255,4881,13997,18,341634
7227,9.2e-05,172.31.36.0-255,66,14063,18,341634
7228,0.000124,172.217.194.0-255,1484,15547,18,341634
7229,0.000127,172.31.36.0-255,66,15613,18,341634
7230,0.000163,172.31.36.0-255,66,15679,18,341634
7231,0.000192,172.217.194.0-255,5379,21058,18,341634
7232,0.000194,172.31.36.0-255,66,21124,18,341634
7233,0.000422,172.217.194.0-255,1484,22608,18,341634
7234,0.000429,172.31.36.0-255,66,22674,18,341634
7235,0.000435,172.217.194.0-255,2902,25576,18,341634
7236,0.000438,172.31.36.0-255,66,25642,18,341634
7237,0.00044,172.217.194.0-255,1484,27126,18,341634
7238,0.000448,172.31.36.0-255,66,27192,18,341634
7239,0.000479,172.217.194.0-255,5738,32930,18,341634
7240,0.000482,172.31.36.0-255,66,32996,18,341634
7241,0.000511,172.217.194.0-255,7156,40152,18,341634
7242,0.000514,172.31.36.0-255,66,40218,18,341634
7243,0.00054,172.217.194.0-255,4320,44538,18,341634
7244,0.000542,172.31.36.0-255,66,44604,18,341634
7245,0.000569,172.217.194.0-255,2902,47506,18,341634
7246,0.000572,172.31.36.0-255,66,47572,18,341634
7247,0.000605,172.31.36.0-255,66,47638,18,341634
7248,0.000608,172.217.194.0-255,361,47999,18,341634
7249,0.000613,172.217.194.0-255,1484,49483,18,341634
7250,0.000615,172.31.36.0-255,66,49549,18,341634
7251,0.000638,172.217.194.0-255,1484,51033,18,341634
7252,0.000658,172.217.194.0-255,2902,53935,18,341634
7253,0.000661,172.31.36.0-255,66,54001,18,341634
7254,0.000666,172.217.194.0-255,2902,56903,18,341634
7255,0.000668,172.31.36.0-255,66,56969,18,341634
7256,0.000697,172.217.194.0-255,2902,59871,18,341634
7257,0.0007,172.31.36.0-255,66,59937,18,341634
7258,0.000707,172.217.194.0-255,5738,65675,18,341634
7259,0.000709,172.31.36.0-255,66,65741,18,341634
7260,0.000734,172.217.194.0-255,5738,71479,18,341634
7261,0.000737,172.31.36.0-255,66,71545,18,341634
7262,0.000765,172.217.194.0-255,7156,78701,18,341634
7263,0.000768,172.31.36.0-255,66,78767,18,341634
7264,0.000785,172.217.194.0-255,3602,82369,18,341634
7265,0.000787,172.31.36.0-255,66,82435,18,341634
7266,0.000864,172.217.194.0-255,1484,83919,18,341634
7267,0.00089,172.217.194.0-255,2902,86821,18,341634
7268,0.000893,172.31.36.0-255,66,86887,18,341634
7269,0.0009,172.217.194.0-255,5738,92625,18,341634
7270,0.000902,172.31.36.0-255,66,92691,18,341634
7271,0.000914,172.217.194.0-255,4320,97011,18,341634
7272,0.000916,172.31.36.0-255,66,97077,18,341634
7273,0.000946,172.217.194.0-255,7156,104233,18,341634
7274,0.000949,172.31.36.0-255,66,104299,18,341634
7275,0.000981,172.217.194.0-255,4320,108619,18,341634
7276,0.000983,172.31.36.0-255,66,108685,18,341634
7277,0.000999,172.31.36.0-255,66,108751,18,341634
7278,0.001212,172.217.194.0-255,1484,110235,18,341634
7279,0.001218,172.217.194.0-255,2902,113137,18,341634
7280,0.001223,172.31.36.0-255,66,113203,18,341634
7281,0.001232,172.217.194.0-255,1484,114687,18,341634
7282,0.001252,172.217.194.0-255,4320,119007,18,341634
7283,0.001254,172.31.36.0-255,66,119073,18,341634
7284,0.001259,172.217.194.0-255,2902,121975,18,341634
7285,0.001261,172.31.36.0-255,66,122041,18,341634
7286,0.001296,172.217.194.0-255,4320,126361,18,341634
7287,0.001299,172.31.36.0-255,66,126427,18,341634
7288,0.00131,172.31.36.0-255,66,126493,18,341634
7289,0.001347,172.217.194.0-255,5738,132231,18,341634
7290,0.001349,172.31.36.0-255,66,132297,18,341634
7291,0.001361,172.31.36.0-255,66,132363,18,341634
7292,0.001394,172.217.194.0-255,5020,137383,18,341634
7293,0.001397,172.31.36.0-255,66,137449,18,341634
7294,0.001416,172.31.36.0-255,66,137515,18,341634
7295,0.001421,172.217.194.0-255,4320,141835,18,341634
7296,0.001423,172.31.36.0-255,66,141901,18,341634
7297,0.00145,172.217.194.0-255,2184,144085,18,341634
7298,0.001456,172.31.36.0-255,66,144151,18,341634
7299,0.001506,172.217.194.0-255,1484,145635,18,341634
7300,0.001551,172.217.194.0-255,2902,148537,18,341634
7301,0.001557,172.31.36.0-255,66,148603,18,341634
7302,0.00159,172.217.194.0-255,2902,151505,18,341634
7303,0.001592,172.31.36.0-255,66,151571,18,341634
7304,0.001598,172.217.194.0-255,4320,155891,18,341634
7305,0.001601,172.31.36.0-255,66,155957,18,341634
7306,0.001627,172.217.194.0-255,4320,160277,18,341634
7307,0.001631,172.31.36.0-255,66,160343,18,341634
7308,0.00166,172.217.194.0-255,4320,164663,18,341634
7309,0.001663,172.31.36.0-255,66,164729,18,341634
7310,0.001675,172.31.36.0-255,66,164795,18,341634
7311,0.001685,172.217.194.0-255,3602,168397,18,341634
7312,0.001689,172.31.36.0-255,66,168463,18,341634
7313,0.001927,172.217.194.0-255,1484,169947,18,341634
7314,0.001934,172.217.194.0-255,2902,172849,18,341634
7315,0.001938,172.31.36.0-255,66,172915,18,341634
7316,0.002002,172.217.194.0-255,5738,178653,18,341634
7317,0.002014,172.217.194.0-255,7156,185809,18,341634
7318,0.002016,172.217.194.0-255,1484,187293,18,341634
7319,0.00202,172.31.36.0-255,66,187359,18,341634
7320,0.002024,172.31.36.0-255,66,187425,18,341634
7321,0.00205,172.31.36.0-255,66,187491,18,341634
7322,0.002054,172.217.194.0-255,2184,189675,18,341634
7323,0.002056,172.31.36.0-255,66,189741,18,341634
7324,0.004048,172.217.194.0-255,2902,192643,18,341634
7325,0.004055,172.31.36.0-255,66,192709,18,341634
7326,0.004089,172.217.194.0-255,2902,195611,18,341634
7327,0.004091,172.31.36.0-255,66,195677,18,341634
7328,0.00604,172.217.194.0-255,2902,198579,18,341634
7329,0.006046,172.31.36.0-255,66,198645,18,341634
7330,0.006075,172.217.194.0-255,2902,201547,18,341634
7331,0.006078,172.31.36.0-255,66,201613,18,341634
7332,0.008039,172.217.194.0-255,2902,204515,18,341634
7333,0.008046,172.31.36.0-255,66,204581,18,341634
7334,0.008066,172.217.194.0-255,2902,207483,18,341634
7335,0.008068,172.31.36.0-255,66,207549,18,341634
7336,0.010059,172.217.194.0-255,5738,213287,18,341634
7337,0.010066,172.31.36.0-255,66,213353,18,341634
7338,0.012041,172.217.194.0-255,5738,219091,18,341634
7339,0.012049,172.31.36.0-255,66,219157,18,341634
7340,0.014052,172.217.194.0-255,5738,224895,18,341634
7341,0.014059,172.31.36.0-255,66,224961,18,341634
7342,0.016054,172.217.194.0-255,5738,230699,18,341634
7343,0.016061,172.31.36.0-255,66,230765,18,341634
7344,0.018038,172.217.194.0-255,5738,236503,18,341634
7345,0.018047,172.31.36.0-255,66,236569,18,341634
7346,0.020028,172.217.194.0-255,5738,242307,18,341634
7347,0.020036,172.31.36.0-255,66,242373,18,341634
7348,0.022021,172.217.194.0-255,5738,248111,18,341634
7349,0.022029,172.31.36.0-255,66,248177,18,341634
7350,0.024012,172.217.194.0-255,5738,253915,18,341634
7351,0.024019,172.31.36.0-255,66,253981,18,341634
7352,0.026021,172.217.194.0-255,5738,259719,18,341634
7353,0.026028,172.31.36.0-255,66,259785,18,341634
7354,0.02803,172.217.194.0-255,5738,265523,18,341634
7355,0.028037,172.31.36.0-255,66,265589,18,341634
7356,0.030043,172.217.194.0-255,5738,271327,18,341634
7357,0.030051,172.31.36.0-255,66,271393,18,341634
7358,0.032035,172.217.194.0-255,4320,275713,18,341634
7359,0.032042,172.31.36.0-255,66,275779,18,341634
7360,0.032072,172.217.194.0-255,1484,277263,18,341634
7361,0.034064,172.217.194.0-255,4320,281583,18,341634
7362,0.034071,172.31.36.0-255,66,281649,18,341634
7363,0.036056,172.217.194.0-255,5738,287387,18,341634
7364,0.036062,172.31.36.0-255,66,287453,18,341634
7365,0.036708,172.31.36.0-255,172,287625,18,341634
7366,0.036738,172.31.36.0-255,1112,288737,18,341634
7367,0.036803,172.31.36.0-255,1514,290251,18,341634
7368,0.036805,172.31.36.0-255,1514,291765,18,341634
7369,0.036806,172.31.36.0-255,1514,293279,18,341634
7370,0.036807,172.31.36.0-255,1514,294793,18,341634
7371,0.036834,172.31.36.0-255,1514,296307,18,341634
7372,0.03684,172.31.36.0-255,913,297220,18,341634
7373,0.038062,172.217.194.0-255,5738,302958,18,341634
7374,0.038069,172.31.36.0-255,66,303024,18,341634
7375,0.038258,104.244.42.0-255,66,303090,18,341634
7376,0.038305,104.244.42.0-255,66,303156,18,341634
7377,0.038361,104.244.42.0-255,66,303222,18,341634
7378,0.038411,104.244.42.0-255,66,303288,18,341634
7379,0.040081,172.217.194.0-255,5738,309026,18,341634
7380,0.040088,172.31.36.0-255,66,309092,18,341634
7381,0.042113,172.217.194.0-255,5738,314830,18,341634
7382,0.04212,172.31.36.0-255,66,314896,18,341634
7383,0.044162,172.217.194.0-255,5738,320634,18,341634
7384,0.044169,172.31.36.0-255,66,320700,18,341634
7385,0.046178,172.217.194.0-255,5738,326438,18,341634
7386,0.046186,172.31.36.0-255,66,326504,18,341634
7387,0.048183,172.217.194.0-255,5738,332242,18,341634
7388,0.04819,172.31.36.0-255,66,332308,18,341634
7389,0.050206,172.217.194.0-255,5738,338046,18,341634
7390,0.050212,172.31.36.0-255,66,338112,18,341634
7391,0.052218,172.217.194.0-255,3285,341397,18,341634
7392,0.052225,172.31.36.0-255,66,341463,18,341634
7393,0.052404,172.31.36.0-255,105,341568,18,341634
7394,0.054355,172.217.194.0-255,66,341634,18,341634
7395,0.0,172.31.36.0-255,66,66,18,66
7396,0.0,172.31.36.0-255,66,66,18,66
7397,0.0,74.125.68.0-255,150,150,18,406439
7398,1.9e-05,74.125.68.0-255,1484,1634,18,406439
7399,3.1e-05,172.31.36.0-255,66,1700,18,406439
7400,3.7e-05,74.125.68.0-255,1484,3184,18,406439
7401,6.1e-05,74.125.68.0-255,2902,6086,18,406439
7402,6.4e-05,172.31.36.0-255,66,6152,18,406439
7403,7.9e-05,74.125.68.0-255,1484,7636,18,406439
7404,9.4e-05,74.125.68.0-255,4320,11956,18,406439
7405,9.7e-05,172.31.36.0-255,66,12022,18,406439
7406,0.000142,74.125.68.0-255,2000,14022,18,406439
7407,0.000145,172.31.36.0-255,66,14088,18,406439
7408,0.000161,74.125.68.0-255,2902,16990,18,406439
7409,0.000164,172.31.36.0-255,66,17056,18,406439
7410,0.000192,74.125.68.0-255,7156,24212,18,406439
7411,0.000194,172.31.36.0-255,66,24278,18,406439
7412,0.000244,74.125.68.0-255,4320,28598,18,406439
7413,0.000247,172.31.36.0-255,66,28664,18,406439
7414,0.000267,74.125.68.0-255,2543,31207,18,406439
7415,0.00027,172.31.36.0-255,66,31273,18,406439
7416,0.00067,74.125.68.0-255,1484,32757,18,406439
7417,0.000694,74.125.68.0-255,2902,35659,18,406439
7418,0.000699,172.31.36.0-255,66,35725,18,406439
7419,0.000739,74.125.68.0-255,1484,37209,18,406439
7420,0.000758,74.125.68.0-255,2902,40111,18,406439
7421,0.000761,172.31.36.0-255,66,40177,18,406439
7422,0.000766,74.125.68.0-255,2902,43079,18,406439
7423,0.00077,172.31.36.0-255,66,43145,18,406439
7424,0.000776,74.125.68.0-255,4320,47465,18,406439
7425,0.000779,172.31.36.0-255,66,47531,18,406439
7426,0.000804,74.125.68.0-255,1125,48656,18,406439
7427,0.00084,74.125.68.0-255,1484,50140,18,406439
7428,0.000844,172.31.36.0-255,66,50206,18,406439
7429,0.000863,74.125.68.0-255,1484,51690,18,406439
7430,0.000877,74.125.68.0-255,1484,53174,18,406439
7431,0.00088,172.31.36.0-255,66,53240,18,406439
7432,0.000886,74.125.68.0-255,4320,57560,18,406439
7433,0.000888,172.31.36.0-255,66,57626,18,406439
7434,0.000907,74.125.68.0-255,7156,64782,18,406439
7435,0.00091,172.31.36.0-255,66,64848,18,406439
7436,0.000951,74.125.68.0-255,1436,66284,18,406439
7437,0.000981,74.125.68.0-255,343,66627,18,406439
7438,0.000984,172.31.36.0-255,66,66693,18,406439
7439,0.001138,74.125.68.0-255,1484,68177,18,406439
7440,0.001142,74.125.68.0-255,1484,69661,18,406439
7441,0.001146,172.31.36.0-255,66,69727,18,406439
7442,0.001161,74.125.68.0-255,1484,71211,18,406439
7443,0.001164,74.125.68.0-255,1484,72695,18,406439
7444,0.001166,172.31.36.0-255,66,72761,18,406439
7445,0.001171,74.125.68.0-255,2902,75663,18,406439
7446,0.001174,172.31.36.0-255,66,75729,18,406439
7447,0.001177,74.125.68.0-255,1484,77213,18,406439
7448,0.001201,74.125.68.0-255,4320,81533,18,406439
7449,0.001203,172.31.36.0-255,66,81599,18,406439
7450,0.001207,74.125.68.0-255,1484,83083,18,406439
7451,0.001219,74.125.68.0-255,2902,85985,18,406439
7452,0.001222,172.31.36.0-255,66,86051,18,406439
7453,0.001263,74.125.68.0-255,1484,87535,18,406439
7454,0.001292,74.125.68.0-255,2902,90437,18,406439
7455,0.001297,172.31.36.0-255,66,90503,18,406439
7456,0.001313,74.125.68.0-255,1484,91987,18,406439
7457,0.001355,74.125.68.0-255,2902,94889,18,406439
7458,0.001359,172.31.36.0-255,66,94955,18,406439
7459,0.001399,74.125.68.0-255,4320,99275,18,406439
7460,0.001402,172.31.36.0-255,66,99341,18,406439
7461,0.001424,74.125.68.0-255,2184,101525,18,406439
7462,0.001428,172.31.36.0-255,66,101591,18,406439
7463,0.001807,74.125.68.0-255,1484,103075,18,406439
7464,0.001814,74.125.68.0-255,1484,104559,18,406439
7465,0.001818,172.31.36.0-255,66,104625,18,406439
7466,0.001837,74.125.68.0-255,1484,106109,18,406439
7467,0.001842,74.125.68.0-255,2902,109011,18,406439
7468,0.001844,172.31.36.0-255,66,109077,18,406439
7469,0.001862,74.125.68.0-255,2902,111979,18,406439
7470,0.001864,172.31.36.0-255,66,112045,18,406439
7471,0.001869,74.125.68.0-255,2902,114947,18,406439
7472,0.001871,172.31.36.0-255,66,115013,18,406439
7473,0.001908,172.31.36.0-255,66,115079,18,406439
7474,0.001934,74.125.68.0-255,5738,120817,18,406439
7475,0.001936,172.31.36.0-255,66,120883,18,406439
7476,0.001967,74.125.68.0-255,1484,122367,18,406439
7477,0.001986,74.125.68.0-255,2902,125269,18,406439
7478,0.001989,172.31.36.0-255,66,125335,18,406439
7479,0.002019,74.125.68.0-255,2184,127519,18,406439
7480,0.002022,172.31.36.0-255,66,127585,18,406439
7481,0.00205,74.125.68.0-255,2902,130487,18,406439
7482,0.002052,172.31.36.0-255,66,130553,18,406439
7483,0.00208,74.125.68.0-255,2902,133455,18,406439
7484,0.002083,172.31.36.0-255,66,133521,18,406439
7485,0.002087,74.125.68.0-255,1484,135005,18,406439
7486,0.002109,74.125.68.0-255,2902,137907,18,406439
7487,0.002111,172.31.36.0-255,66,137973,18,406439
7488,0.002114,74.125.68.0-255,1484,139457,18,406439
7489,0.002135,74.125.68.0-255,5738,145195,18,406439
7490,0.002138,172.31.36.0-255,66,145261,18,406439
7491,0.002142,74.125.68.0-255,1484,146745,18,406439
7492,0.002156,74.125.68.0-255,2902,149647,18,406439
7493,0.002159,172.31.36.0-255,66,149713,18,406439
7494,0.002182,74.125.68.0-255,4320,154033,18,406439
7495,0.002186,172.31.36.0-255,66,154099,18,406439
7496,0.002193,74.125.68.0-255,7156,161255,18,406439
7497,0.002196,172.31.36.0-255,66,161321,18,406439
7498,0.002216,74.125.68.0-255,766,162087,18,406439
7499,0.002311,74.125.68.0-255,1484,163571,18,406439
7500,0.002315,172.31.36.0-255,66,163637,18,406439
7501,0.002321,74.125.68.0-255,2902,166539,18,406439
7502,0.002325,172.31.36.0-255,66,166605,18,406439
7503,0.002332,74.125.68.0-255,5738,172343,18,406439
7504,0.002334,172.31.36.0-255,66,172409,18,406439
7505,0.002351,74.125.68.0-255,2902,175311,18,406439
7506,0.002354,172.31.36.0-255,66,175377,18,406439
7507,0.002377,74.125.68.0-255,1484,176861,18,406439
7508,0.002385,74.125.68.0-255,4320,181181,18,406439
7509,0.002388,172.31.36.0-255,66,181247,18,406439
7510,0.002394,74.125.68.0-255,5738,186985,18,406439
7511,0.002397,172.31.36.0-255,66,187051,18,406439
7512,0.002429,74.125.68.0-255,5738,192789,18,406439
7513,0.002433,172.31.36.0-255,66,192855,18,406439
7514,0.002437,74.125.68.0-255,1484,194339,18,406439
7515,0.002442,74.125.68.0-255,2184,196523,18,406439
7516,0.002445,172.31.36.0-255,66,196589,18,406439
7517,0.002874,74.125.68.0-255,1484,198073,18,406439
7518,0.002908,74.125.68.0-255,1484,199557,18,406439
7519,0.002914,172.31.36.0-255,66,199623,18,406439
7520,0.00292,74.125.68.0-255,2902,202525,18,406439
7521,0.002922,172.31.36.0-255,66,202591,18,406439
7522,0.002929,74.125.68.0-255,5738,208329,18,406439
7523,0.002932,172.31.36.0-255,66,208395,18,406439
7524,0.002937,74.125.68.0-255,2902,211297,18,406439
7525,0.002939,172.31.36.0-255,66,211363,18,406439
7526,0.002968,74.125.68.0-255,5738,217101,18,406439
7527,0.00297,172.31.36.0-255,66,217167,18,406439
7528,0.002983,172.31.36.0-255,66,217233,18,406439
7529,0.002989,74.125.68.0-255,3602,220835,18,406439
7530,0.002991,172.31.36.0-255,66,220901,18,406439
7531,0.003044,74.125.68.0-255,4320,225221,18,406439
7532,0.003047,172.31.36.0-255,66,225287,18,406439
7533,0.00306,74.125.68.0-255,7156,232443,18,406439
7534,0.003062,172.31.36.0-255,66,232509,18,406439
7535,0.003066,74.125.68.0-255,1484,233993,18,406439
7536,0.003073,74.125.68.0-255,5738,239731,18,406439
7537,0.003075,172.31.36.0-255,66,239797,18,406439
7538,0.003079,74.125.68.0-255,2902,242699,18,406439
7539,0.003081,172.31.36.0-255,66,242765,18,406439
7540,0.003104,74.125.68.0-255,1484,244249,18,406439
7541,0.003107,74.125.68.0-255,1484,245733,18,406439
7542,0.003109,172.31.36.0-255,66,245799,18,406439
7543,0.003112,74.125.68.0-255,1484,247283,18,406439
7544,0.003118,74.125.68.0-255,4320,251603,18,406439
7545,0.003121,172.31.36.0-255,66,251669,18,406439
7546,0.003145,74.125.68.0-255,3602,255271,18,406439
7547,0.003148,172.31.36.0-255,66,255337,18,406439
7548,0.003196,74.125.68.0-255,1484,256821,18,406439
7549,0.003215,74.125.68.0-255,2902,259723,18,406439
7550,0.003217,172.31.36.0-255,66,259789,18,406439
7551,0.00322,74.125.68.0-255,1484,261273,18,406439
7552,0.003232,74.125.68.0-255,1484,262757,18,406439
7553,0.003234,172.31.36.0-255,66,262823,18,406439
7554,0.003255,74.125.68.0-255,1484,264307,18,406439
7555,0.003261,74.125.68.0-255,5738,270045,18,406439
7556,0.003263,172.31.36.0-255,66,270111,18,406439
7557,0.003286,74.125.68.0-255,2902,273013,18,406439
7558,0.003288,172.31.36.0-255,66,273079,18,406439
7559,0.003309,74.125.68.0-255,4320,277399,18,406439
7560,0.003311,172.31.36.0-255,66,277465,18,406439
7561,0.003316,74.125.68.0-255,4320,281785,18,406439
7562,0.003319,172.31.36.0-255,66,281851,18,406439
7563,0.003334,74.125.68.0-255,4320,286171,18,406439
7564,0.003337,172.31.36.0-255,66,286237,18,406439
7565,0.003341,74.125.68.0-255,2902,289139,18,406439
7566,0.003343,172.31.36.0-255,66,289205,18,406439
7567,0.003365,74.125.68.0-255,766,289971,18,406439
7568,0.003609,74.125.68.0-255,1484,291455,18,406439
7569,0.003612,172.31.36.0-255,66,291521,18,406439
7570,0.003617,74.125.68.0-255,2902,294423,18,406439
7571,0.003619,172.31.36.0-255,66,294489,18,406439
7572,0.003647,74.125.68.0-255,4320,298809,18,406439
7573,0.003649,172.31.36.0-255,66,298875,18,406439
7574,0.003654,74.125.68.0-255,2902,301777,18,406439
7575,0.003656,172.31.36.0-255,66,301843,18,406439
7576,0.00368,74.125.68.0-255,2902,304745,18,406439
7577,0.003682,172.31.36.0-255,66,304811,18,406439
7578,0.003688,74.125.68.0-255,4320,309131,18,406439
7579,0.00369,172.31.36.0-255,66,309197,18,406439
7580,0.003706,74.125.68.0-255,1484,310681,18,406439
7581,0.003709,74.125.68.0-255,1484,312165,18,406439
7582,0.003711,172.31.36.0-255,66,312231,18,406439
7583,0.003728,74.125.68.0-255,2902,315133,18,406439
7584,0.003731,172.31.36.0-255,66,315199,18,406439
7585,0.003734,74.125.68.0-255,1484,316683,18,406439
7586,0.00374,74.125.68.0-255,4320,321003,18,406439
7587,0.003742,172.31.36.0-255,66,321069,18,406439
7588,0.003745,74.125.68.0-255,1484,322553,18,406439
7589,0.003769,74.125.68.0-255,2184,324737,18,406439
7590,0.003771,172.31.36.0-255,66,324803,18,406439
7591,0.003791,74.125.68.0-255,4320,329123,18,406439
7592,0.003794,172.31.36.0-255,66,329189,18,406439
7593,0.003812,74.125.68.0-255,4320,333509,18,406439
7594,0.003814,172.31.36.0-255,66,333575,18,406439
7595,0.003833,74.125.68.0-255,4320,337895,18,406439
7596,0.003862,74.125.68.0-255,5738,343633,18,406439
7597,0.003895,74.125.68.0-255,2902,346535,18,406439
7598,0.003911,74.125.68.0-255,4320,350855,18,406439
7599,0.003915,74.125.68.0-255,2902,353757,18,406439
7600,0.003933,74.125.68.0-255,5020,358777,18,406439
7601,0.004096,74.125.68.0-255,1484,360261,18,406439
7602,0.004112,74.125.68.0-255,2902,363163,18,406439
7603,0.004148,74.125.68.0-255,1484,364647,18,406439
7604,0.004151,74.125.68.0-255,1484,366131,18,406439
7605,0.004173,74.125.68.0-255,1484,367615,18,406439
7606,0.004194,74.125.68.0-255,2902,370517,18,406439
7607,0.004196,74.125.68.0-255,1484,372001,18,406439
7608,0.0042,74.125.68.0-255,2902,374903,18,406439
7609,0.004203,74.125.68.0-255,1484,376387,18,406439
7610,0.004206,74.125.68.0-255,1484,377871,18,406439
7611,0.004209,74.125.68.0-255,1484,379355,18,406439
7612,0.004225,74.125.68.0-255,1484,380839,18,406439
7613,0.004228,74.125.68.0-255,1484,382323,18,406439
7614,0.00424,74.125.68.0-255,1484,383807,18,406439
7615,0.00425,74.125.68.0-255,1484,385291,18,406439
7616,0.004252,74.125.68.0-255,1484,386775,18,406439
7617,0.004268,74.125.68.0-255,1484,388259,18,406439
7618,0.004273,74.125.68.0-255,4320,392579,18,406439
7619,0.004288,74.125.68.0-255,766,393345,18,406439
7620,0.004342,74.125.68.0-255,1484,394829,18,406439
7621,0.004356,74.125.68.0-255,1484,396313,18,406439
7622,0.004372,74.125.68.0-255,743,397056,18,406439
7623,0.004434,74.125.68.0-255,105,397161,18,406439
7624,0.006294,172.31.36.0-255,66,397227,18,406439
7625,0.008747,172.31.36.0-255,105,397332,18,406439
7626,0.011071,74.125.68.0-255,66,397398,18,406439
7627,0.037442,172.31.36.0-255,172,397570,18,406439
7628,0.037483,172.31.36.0-255,1115,398685,18,406439
7629,0.037547,172.31.36.0-255,1514,400199,18,406439
7630,0.037549,172.31.36.0-255,1514,401713,18,406439
7631,0.037555,172.31.36.0-255,1514,403227,18,406439
7632,0.037557,172.31.36.0-255,1514,404741,18,406439
7633,0.037575,172.31.36.0-255,1500,406241,18,406439
7634,0.038984,104.244.42.0-255,66,406307,18,406439
7635,0.03904,104.244.42.0-255,66,406373,18,406439
7636,0.039196,104.244.42.0-255,66,406439,18,406439
7637,0.0,74.125.68.0-255,148,148,18,287254
7638,1.7e-05,172.31.36.0-255,66,214,18,287254
7639,2.5e-05,74.125.68.0-255,1484,1698,18,287254
7640,3e-05,172.31.36.0-255,66,1764,18,287254
7641,3.6e-05,74.125.68.0-255,2902,4666,18,287254
7642,3.8e-05,172.31.36.0-255,66,4732,18,287254
7643,0.000101,74.125.68.0-255,1484,6216,18,287254
7644,0.000104,172.31.36.0-255,66,6282,18,287254
7645,0.000138,74.125.68.0-255,2902,9184,18,287254
7646,0.000141,172.31.36.0-255,66,9250,18,287254
7647,0.00016,74.125.68.0-255,2902,12152,18,287254
7648,0.000162,172.31.36.0-255,66,12218,18,287254
7649,0.000288,74.125.68.0-255,2083,14301,18,287254
7650,0.000294,172.31.36.0-255,66,14367,18,287254
7651,0.000343,74.125.68.0-255,2902,17269,18,287254
7652,0.000346,172.31.36.0-255,66,17335,18,287254
7653,0.000435,74.125.68.0-255,5738,23073,18,287254
7654,0.000442,172.31.36.0-255,66,23139,18,287254
7655,0.00045,74.125.68.0-255,1484,24623,18,287254
7656,0.000452,172.31.36.0-255,66,24689,18,287254
7657,0.000602,74.125.68.0-255,4320,29009,18,287254
7658,0.000606,172.31.36.0-255,66,29075,18,287254
7659,0.000628,172.31.36.0-255,66,29141,18,287254
7660,0.001011,74.125.68.0-255,5738,34879,18,287254
7661,0.001017,172.31.36.0-255,66,34945,18,287254
7662,0.001054,172.31.36.0-255,66,35011,18,287254
7663,0.001562,172.31.36.0-255,66,35077,18,287254
7664,0.001585,74.125.68.0-255,6699,41776,18,287254
7665,0.001587,172.31.36.0-255,66,41842,18,287254
7666,0.002184,172.31.36.0-255,66,41908,18,287254
7667,0.002214,172.31.36.0-255,66,41974,18,287254
7668,0.002227,74.125.68.0-255,4320,46294,18,287254
7669,0.002231,172.31.36.0-255,66,46360,18,287254
7670,0.002247,74.125.68.0-255,5738,52098,18,287254
7671,0.00225,172.31.36.0-255,66,52164,18,287254
7672,0.00228,172.31.36.0-255,66,52230,18,287254
7673,0.003158,74.125.68.0-255,5738,57968,18,287254
7674,0.003161,172.31.36.0-255,66,58034,18,287254
7675,0.003183,74.125.68.0-255,7156,65190,18,287254
7676,0.003185,172.31.36.0-255,66,65256,18,287254
7677,0.00321,172.31.36.0-255,66,65322,18,287254
7678,0.003242,172.31.36.0-255,66,65388,18,287254
7679,0.004158,74.125.68.0-255,4320,69708,18,287254
7680,0.004161,172.31.36.0-255,66,69774,18,287254
7681,0.004196,172.31.36.0-255,66,69840,18,287254
7682,0.004232,172.31.36.0-255,66,69906,18,287254
7683,0.006859,74.125.68.0-255,5738,75644,18,287254
7684,0.006868,172.31.36.0-255,66,75710,18,287254
7685,0.009511,74.125.68.0-255,5738,81448,18,287254
7686,0.009517,172.31.36.0-255,66,81514,18,287254
7687,0.01215,74.125.68.0-255,5738,87252,18,287254
7688,0.012158,172.31.36.0-255,66,87318,18,287254
7689,0.014786,74.125.68.0-255,5738,93056,18,287254
7690,0.014795,172.31.36.0-255,66,93122,18,287254
7691,0.017434,74.125.68.0-255,5738,98860,18,287254
7692,0.017441,172.31.36.0-255,66,98926,18,287254
7693,0.020081,74.125.68.0-255,5738,104664,18,287254
7694,0.02009,172.31.36.0-255,66,104730,18,287254
7695,0.02275,74.125.68.0-255,5738,110468,18,287254
7696,0.022769,172.31.36.0-255,66,110534,18,287254
7697,0.025416,74.125.68.0-255,5738,116272,18,287254
7698,0.025427,172.31.36.0-255,66,116338,18,287254
7699,0.028074,74.125.68.0-255,5738,122076,18,287254
7700,0.028083,172.31.36.0-255,66,122142,18,287254
7701,0.030721,74.125.68.0-255,5738,127880,18,287254
7702,0.030731,172.31.36.0-255,66,127946,18,287254
7703,0.033421,74.125.68.0-255,5738,133684,18,287254
7704,0.033432,172.31.36.0-255,66,133750,18,287254
7705,0.034285,172.31.36.0-255,172,133922,18,287254
7706,0.034335,172.31.36.0-255,1116,135038,18,287254
7707,0.03441,172.31.36.0-255,1514,136552,18,287254
7708,0.034412,172.31.36.0-255,1514,138066,18,287254
7709,0.034413,172.31.36.0-255,1514,139580,18,287254
7710,0.034414,172.31.36.0-255,1514,141094,18,287254
7711,0.034469,172.31.36.0-255,1499,142593,18,287254
7712,0.035932,104.244.42.0-255,66,142659,18,287254
7713,0.035959,104.244.42.0-255,66,142725,18,287254
7714,0.03606,74.125.68.0-255,5738,148463,18,287254
7715,0.036065,172.31.36.0-255,66,148529,18,287254
7716,0.036083,104.244.42.0-255,66,148595,18,287254
7717,0.036163,104.244.42.0-255,66,148661,18,287254
7718,0.038723,74.125.68.0-255,5738,154399,18,287254
7719,0.03873,172.31.36.0-255,66,154465,18,287254
7720,0.041382,74.125.68.0-255,5738,160203,18,287254
7721,0.041389,172.31.36.0-255,66,160269,18,287254
7722,0.044025,74.125.68.0-255,5738,166007,18,287254
7723,0.044032,172.31.36.0-255,66,166073,18,287254
7724,0.046669,74.125.68.0-255,5738,171811,18,287254
7725,0.046675,172.31.36.0-255,66,171877,18,287254
7726,0.049318,74.125.68.0-255,5738,177615,18,287254
7727,0.049324,172.31.36.0-255,66,177681,18,287254
7728,0.051959,74.125.68.0-255,5738,183419,18,287254
7729,0.051965,172.31.36.0-255,66,183485,18,287254
7730,0.054601,74.125.68.0-255,5738,189223,18,287254
7731,0.054607,172.31.36.0-255,66,189289,18,287254
7732,0.057263,74.125.68.0-255,5738,195027,18,287254
7733,0.057271,172.31.36.0-255,66,195093,18,287254
7734,0.059909,74.125.68.0-255,5738,200831,18,287254
7735,0.059915,172.31.36.0-255,66,200897,18,287254
7736,0.062551,74.125.68.0-255,5738,206635,18,287254
7737,0.062558,172.31.36.0-255,66,206701,18,287254
7738,0.065213,74.125.68.0-255,5738,212439,18,287254
7739,0.06522,172.31.36.0-255,66,212505,18,287254
7740,0.06786,74.125.68.0-255,5738,218243,18,287254
7741,0.067867,172.31.36.0-255,66,218309,18,287254
7742,0.070512,74.125.68.0-255,5738,224047,18,287254
7743,0.070518,172.31.36.0-255,66,224113,18,287254
7744,0.073153,74.125.68.0-255,5738,229851,18,287254
7745,0.073158,172.31.36.0-255,66,229917,18,287254
7746,0.075775,74.125.68.0-255,5738,235655,18,287254
7747,0.075781,172.31.36.0-255,66,235721,18,287254
7748,0.078439,74.125.68.0-255,5738,241459,18,287254
7749,0.078446,172.31.36.0-255,66,241525,18,287254
7750,0.081079,74.125.68.0-255,5738,247263,18,287254
7751,0.081087,172.31.36.0-255,66,247329,18,287254
7752,0.083723,74.125.68.0-255,5738,253067,18,287254
7753,0.08373,172.31.36.0-255,66,253133,18,287254
7754,0.086368,74.125.68.0-255,5738,258871,18,287254
7755,0.086374,172.31.36.0-255,66,258937,18,287254
7756,0.089014,74.125.68.0-255,5738,264675,18,287254
7757,0.08902,172.31.36.0-255,66,264741,18,287254
7758,0.091684,74.125.68.0-255,5738,270479,18,287254
7759,0.091691,172.31.36.0-255,66,270545,18,287254
7760,0.094327,74.125.68.0-255,5738,276283,18,287254
7761,0.094334,172.31.36.0-255,66,276349,18,287254
7762,0.096961,74.125.68.0-255,2902,279251,18,287254
7763,0.096968,172.31.36.0-255,66,279317,18,287254
7764,0.096989,74.125.68.0-255,2902,282219,18,287254
7765,0.096993,172.31.36.0-255,66,282285,18,287254
7766,0.099595,74.125.68.0-255,2902,285187,18,287254
7767,0.099603,172.31.36.0-255,66,285253,18,287254
7768,0.09962,74.125.68.0-255,1935,287188,18,287254
7769,0.099622,172.31.36.0-255,66,287254,18,287254
7770,0.0,74.125.24.0-255,153,153,18,213472
7771,4.6e-05,74.125.24.0-255,1484,1637,18,213472
7772,5.7e-05,172.31.36.0-255,66,1703,18,213472
7773,8.1e-05,74.125.24.0-255,2902,4605,18,213472
7774,8.4e-05,172.31.36.0-255,66,4671,18,213472
7775,8.9e-05,74.125.24.0-255,4320,8991,18,213472
7776,9.2e-05,172.31.36.0-255,66,9057,18,213472
7777,0.000128,74.125.24.0-255,1484,10541,18,213472
7778,0.000156,172.31.36.0-255,66,10607,18,213472
7779,0.000168,172.31.36.0-255,66,10673,18,213472
7780,0.000189,74.125.24.0-255,1484,12157,18,213472
7781,0.000203,74.125.24.0-255,1125,13282,18,213472
7782,0.000206,172.31.36.0-255,66,13348,18,213472
7783,0.001118,74.125.24.0-255,1484,14832,18,213472
7784,0.00113,74.125.24.0-255,2902,17734,18,213472
7785,0.001135,172.31.36.0-255,66,17800,18,213472
7786,0.001142,74.125.24.0-255,4320,22120,18,213472
7787,0.001144,172.31.36.0-255,66,22186,18,213472
7788,0.001156,74.125.24.0-255,1484,23670,18,213472
7789,0.001159,74.125.24.0-255,1484,25154,18,213472
7790,0.001161,172.31.36.0-255,66,25220,18,213472
7791,0.001184,74.125.24.0-255,4320,29540,18,213472
7792,0.001186,172.31.36.0-255,66,29606,18,213472
7793,0.001192,74.125.24.0-255,4320,33926,18,213472
7794,0.001193,172.31.36.0-255,66,33992,18,213472
7795,0.00122,172.31.36.0-255,66,34058,18,213472
7796,0.001225,74.125.24.0-255,4238,38296,18,213472
7797,0.001227,172.31.36.0-255,66,38362,18,213472
7798,0.001269,74.125.24.0-255,127,38489,18,213472
7799,0.001401,74.125.24.0-255,1484,39973,18,213472
7800,0.001404,172.31.36.0-255,66,40039,18,213472
7801,0.001409,74.125.24.0-255,2902,42941,18,213472
7802,0.001411,172.31.36.0-255,66,43007,18,213472
7803,0.001417,74.125.24.0-255,4320,47327,18,213472
7804,0.001419,172.31.36.0-255,66,47393,18,213472
7805,0.00144,74.125.24.0-255,1484,48877,18,213472
7806,0.001446,74.125.24.0-255,4320,53197,18,213472
7807,0.001448,172.31.36.0-255,66,53263,18,213472
7808,0.001462,74.125.24.0-255,2543,55806,18,213472
7809,0.001464,172.31.36.0-255,66,55872,18,213472
7810,0.001471,74.125.24.0-255,5738,61610,18,213472
7811,0.001473,172.31.36.0-255,66,61676,18,213472
7812,0.001492,74.125.24.0-255,1484,63160,18,213472
7813,0.001505,74.125.24.0-255,4320,67480,18,213472
7814,0.001508,172.31.36.0-255,66,67546,18,213472
7815,0.001528,74.125.24.0-255,5379,72925,18,213472
7816,0.001531,172.31.36.0-255,66,72991,18,213472
7817,0.002084,74.125.24.0-255,1484,74475,18,213472
7818,0.002109,74.125.24.0-255,2902,77377,18,213472
7819,0.002112,172.31.36.0-255,66,77443,18,213472
7820,0.002133,74.125.24.0-255,5738,83181,18,213472
7821,0.002135,172.31.36.0-255,66,83247,18,213472
7822,0.00216,172.31.36.0-255,66,83313,18,213472
7823,0.002178,74.125.24.0-255,4320,87633,18,213472
7824,0.00218,172.31.36.0-255,66,87699,18,213472
7825,0.002183,74.125.24.0-255,1484,89183,18,213472
7826,0.002206,74.125.24.0-255,2902,92085,18,213472
7827,0.002208,172.31.36.0-255,66,92151,18,213472
7828,0.002223,74.125.24.0-255,4320,96471,18,213472
7829,0.002226,172.31.36.0-255,66,96537,18,213472
7830,0.00223,74.125.24.0-255,2184,98721,18,213472
7831,0.002232,172.31.36.0-255,66,98787,18,213472
7832,0.002588,74.125.24.0-255,1484,100271,18,213472
7833,0.002593,74.125.24.0-255,2902,103173,18,213472
7834,0.002595,172.31.36.0-255,66,103239,18,213472
7835,0.002616,74.125.24.0-255,5738,108977,18,213472
7836,0.002619,172.31.36.0-255,66,109043,18,213472
7837,0.002624,74.125.24.0-255,4320,113363,18,213472
7838,0.002625,172.31.36.0-255,66,113429,18,213472
7839,0.002641,74.125.24.0-255,4320,117749,18,213472
7840,0.002643,172.31.36.0-255,66,117815,18,213472
7841,0.002678,74.125.24.0-255,4320,122135,18,213472
7842,0.002681,172.31.36.0-255,66,122201,18,213472
7843,0.002692,172.31.36.0-255,66,122267,18,213472
7844,0.002703,172.31.36.0-255,66,122333,18,213472
7845,0.002709,74.125.24.0-255,5738,128071,18,213472
7846,0.002712,172.31.36.0-255,66,128137,18,213472
7847,0.002744,172.31.36.0-255,66,128203,18,213472
7848,0.002749,74.125.24.0-255,5020,133223,18,213472
7849,0.002751,172.31.36.0-255,66,133289,18,213472
7850,0.002774,74.125.24.0-255,5738,139027,18,213472
7851,0.002777,172.31.36.0-255,66,139093,18,213472
7852,0.00279,74.125.24.0-255,1484,140577,18,213472
7853,0.002839,74.125.24.0-255,2902,143479,18,213472
7854,0.002841,172.31.36.0-255,66,143545,18,213472
7855,0.002858,74.125.24.0-255,5738,149283,18,213472
7856,0.002861,172.31.36.0-255,66,149349,18,213472
7857,0.002872,172.31.36.0-255,66,149415,18,213472
7858,0.002878,74.125.24.0-255,6438,155853,18,213472
7859,0.002881,172.31.36.0-255,66,155919,18,213472
7860,0.002887,74.125.24.0-255,7156,163075,18,213472
7861,0.002889,172.31.36.0-255,66,163141,18,213472
7862,0.002899,172.31.36.0-255,66,163207,18,213472
7863,0.002935,74.125.24.0-255,4320,167527,18,213472
7864,0.002938,172.31.36.0-255,66,167593,18,213472
7865,0.002971,172.31.36.0-255,66,167659,18,213472
7866,0.00298,172.31.36.0-255,66,167725,18,213472
7867,0.003021,172.31.36.0-255,66,167791,18,213472
7868,0.003038,74.125.24.0-255,2902,170693,18,213472
7869,0.003041,172.31.36.0-255,66,170759,18,213472
7870,0.003062,172.31.36.0-255,66,170825,18,213472
7871,0.003067,74.125.24.0-255,2902,173727,18,213472
7872,0.00307,172.31.36.0-255,66,173793,18,213472
7873,0.003106,172.31.36.0-255,66,173859,18,213472
7874,0.003116,172.31.36.0-255,66,173925,18,213472
7875,0.003137,74.125.24.0-255,2902,176827,18,213472
7876,0.00314,172.31.36.0-255,66,176893,18,213472
7877,0.003172,172.31.36.0-255,66,176959,18,213472
7878,0.003175,74.125.24.0-255,1484,178443,18,213472
7879,0.003178,74.125.24.0-255,1484,179927,18,213472
7880,0.00318,172.31.36.0-255,66,179993,18,213472
7881,0.003201,74.125.24.0-255,5738,185731,18,213472
7882,0.003204,172.31.36.0-255,66,185797,18,213472
7883,0.003233,172.31.36.0-255,66,185863,18,213472
7884,0.003244,172.31.36.0-255,66,185929,18,213472
7885,0.003248,74.125.24.0-255,2902,188831,18,213472
7886,0.003251,172.31.36.0-255,66,188897,18,213472
7887,0.00329,74.125.24.0-255,5738,194635,18,213472
7888,0.003294,172.31.36.0-255,66,194701,18,213472
7889,0.003325,172.31.36.0-255,66,194767,18,213472
7890,0.003338,172.31.36.0-255,66,194833,18,213472
7891,0.003379,74.125.24.0-255,4320,199153,18,213472
7892,0.003384,172.31.36.0-255,66,199219,18,213472
7893,0.003405,74.125.24.0-255,4870,204089,18,213472
7894,0.003408,172.31.36.0-255,66,204155,18,213472
7895,0.003411,74.125.24.0-255,105,204260,18,213472
7896,0.009353,172.31.36.0-255,105,204365,18,213472
7897,0.011373,74.125.24.0-255,66,204431,18,213472
7898,0.032067,172.31.36.0-255,172,204603,18,213472
7899,0.032098,172.31.36.0-255,1115,205718,18,213472
7900,0.032141,172.31.36.0-255,1514,207232,18,213472
7901,0.032143,172.31.36.0-255,1514,208746,18,213472
7902,0.032144,172.31.36.0-255,1514,210260,18,213472
7903,0.032149,172.31.36.0-255,1514,211774,18,213472
7904,0.03215,172.31.36.0-255,1500,213274,18,213472
7905,0.03364,104.244.42.0-255,66,213340,18,213472
7906,0.033649,104.244.42.0-255,66,213406,18,213472
7907,0.033724,104.244.42.0-255,66,213472,18,213472
7908,0.0,74.125.24.0-255,66,66,18,66
7909,0.0,74.125.24.0-255,153,153,18,315122
7910,2.1e-05,172.31.36.0-255,66,219,18,315122
7911,2.8e-05,74.125.24.0-255,1484,1703,18,315122
7912,3.3e-05,172.31.36.0-255,66,1769,18,315122
7913,3.9e-05,74.125.24.0-255,2902,4671,18,315122
7914,4.2e-05,172.31.36.0-255,66,4737,18,315122
7915,4.8e-05,74.125.24.0-255,4320,9057,18,315122
7916,5.2e-05,172.31.36.0-255,66,9123,18,315122
7917,9.9e-05,74.125.24.0-255,4845,13968,18,315122
7918,0.000102,172.31.36.0-255,66,14034,18,315122
7919,0.000246,74.125.24.0-255,1484,15518,18,315122
7920,0.000251,172.31.36.0-255,66,15584,18,315122
7921,0.000258,74.125.24.0-255,2902,18486,18,315122
7922,0.000261,172.31.36.0-255,66,18552,18,315122
7923,0.00029,74.125.24.0-255,5738,24290,18,315122
7924,0.000293,172.31.36.0-255,66,24356,18,315122
7925,0.000313,74.125.24.0-255,1484,25840,18,315122
7926,0.000316,172.31.36.0-255,66,25906,18,315122
7927,0.000337,74.125.24.0-255,2902,28808,18,315122
7928,0.000339,172.31.36.0-255,66,28874,18,315122
7929,0.000342,74.125.24.0-255,1484,30358,18,315122
7930,0.000344,172.31.36.0-255,66,30424,18,315122
7931,0.000378,74.125.24.0-255,1125,31549,18,315122
7932,0.000381,172.31.36.0-255,66,31615,18,315122
7933,0.000468,74.125.24.0-255,1484,33099,18,315122
7934,0.000471,172.31.36.0-255,66,33165,18,315122
7935,0.000476,74.125.24.0-255,2902,36067,18,315122
7936,0.000478,172.31.36.0-255,66,36133,18,315122
7937,0.000508,74.125.24.0-255,4320,40453,18,315122
7938,0.000511,172.31.36.0-255,66,40519,18,315122
7939,0.000517,74.125.24.0-255,5738,46257,18,315122
7940,0.00052,172.31.36.0-255,66,46323,18,315122
7941,0.000542,74.125.24.0-255,4320,50643,18,315122
7942,0.000545,172.31.36.0-255,66,50709,18,315122
7943,0.000586,74.125.24.0-255,7109,57818,18,315122
7944,0.000591,172.31.36.0-255,66,57884,18,315122
7945,0.000791,74.125.24.0-255,110,57994,18,315122
7946,0.000904,74.125.24.0-255,1484,59478,18,315122
7947,0.000908,172.31.36.0-255,66,59544,18,315122
7948,0.000914,74.125.24.0-255,2902,62446,18,315122
7949,0.000916,172.31.36.0-255,66,62512,18,315122
7950,0.000921,74.125.24.0-255,2902,65414,18,315122
7951,0.000924,172.31.36.0-255,66,65480,18,315122
7952,0.000943,74.125.24.0-255,2902,68382,18,315122
7953,0.000946,172.31.36.0-255,66,68448,18,315122
7954,0.000951,74.125.24.0-255,2902,71350,18,315122
7955,0.000953,172.31.36.0-255,66,71416,18,315122
7956,0.000994,172.31.36.0-255,66,71482,18,315122
7957,0.001012,74.125.24.0-255,329,71811,18,315122
7958,0.001259,74.125.24.0-255,1484,73295,18,315122
7959,0.001263,172.31.36.0-255,66,73361,18,315122
7960,0.001269,74.125.24.0-255,2902,76263,18,315122
7961,0.001272,172.31.36.0-255,66,76329,18,315122
7962,0.001278,74.125.24.0-255,5738,82067,18,315122
7963,0.00128,172.31.36.0-255,66,82133,18,315122
7964,0.001308,74.125.24.0-255,2902,85035,18,315122
7965,0.00131,172.31.36.0-255,66,85101,18,315122
7966,0.001335,172.31.36.0-255,66,85167,18,315122
7967,0.00136,172.31.36.0-255,66,85233,18,315122
7968,0.001485,74.125.24.0-255,1484,86717,18,315122
7969,0.001506,74.125.24.0-255,2902,89619,18,315122
7970,0.001513,74.125.24.0-255,5738,95357,18,315122
7971,0.001518,172.31.36.0-255,66,95423,18,315122
7972,0.001542,74.125.24.0-255,7156,102579,18,315122
7973,0.001544,172.31.36.0-255,66,102645,18,315122
7974,0.001547,74.125.24.0-255,1484,104129,18,315122
7975,0.001588,74.125.24.0-255,4320,108449,18,315122
7976,0.001592,74.125.24.0-255,2184,110633,18,315122
7977,0.001603,172.31.36.0-255,66,110699,18,315122
7978,0.001901,74.125.24.0-255,1484,112183,18,315122
7979,0.001917,74.125.24.0-255,2902,115085,18,315122
7980,0.001921,172.31.36.0-255,66,115151,18,315122
7981,0.001925,74.125.24.0-255,1484,116635,18,315122
7982,0.001944,74.125.24.0-255,4320,120955,18,315122
7983,0.001949,74.125.24.0-255,4320,125275,18,315122
7984,0.001954,172.31.36.0-255,66,125341,18,315122
7985,0.002002,172.31.36.0-255,66,125407,18,315122
7986,0.002036,74.125.24.0-255,1484,126891,18,315122
7987,0.002054,74.125.24.0-255,2902,129793,18,315122
7988,0.002056,74.125.24.0-255,1484,131277,18,315122
7989,0.00206,172.31.36.0-255,66,131343,18,315122
7990,0.002075,74.125.24.0-255,4320,135663,18,315122
7991,0.00211,74.125.24.0-255,4320,139983,18,315122
7992,0.002122,172.31.36.0-255,66,140049,18,315122
7993,0.002159,74.125.24.0-255,2184,142233,18,315122
7994,0.002164,172.31.36.0-255,66,142299,18,315122
7995,0.002328,74.125.24.0-255,1484,143783,18,315122
7996,0.002335,74.125.24.0-255,2902,146685,18,315122
7997,0.002338,172.31.36.0-255,66,146751,18,315122
7998,0.002364,74.125.24.0-255,5738,152489,18,315122
7999,0.002379,74.125.24.0-255,5738,158227,18,315122
8000,0.002387,172.31.36.0-255,66,158293,18,315122
8001,0.002418,74.125.24.0-255,4320,162613,18,315122
8002,0.00243,74.125.24.0-255,2184,164797,18,315122
8003,0.002461,172.31.36.0-255,66,164863,18,315122
8004,0.005012,74.125.24.0-255,5738,170601,18,315122
8005,0.005019,172.31.36.0-255,66,170667,18,315122
8006,0.007602,74.125.24.0-255,5738,176405,18,315122
8007,0.007606,172.31.36.0-255,66,176471,18,315122
8008,0.010161,74.125.24.0-255,5738,182209,18,315122
8009,0.010169,172.31.36.0-255,66,182275,18,315122
8010,0.012759,74.125.24.0-255,5738,188013,18,315122
8011,0.012767,172.31.36.0-255,66,188079,18,315122
8012,0.015331,74.125.24.0-255,5738,193817,18,315122
8013,0.015341,172.31.36.0-255,66,193883,18,315122
8014,0.01793,74.125.24.0-255,5738,199621,18,315122
8015,0.017939,172.31.36.0-255,66,199687,18,315122
8016,0.02047,74.125.24.0-255,5738,205425,18,315122
8017,0.020481,172.31.36.0-255,66,205491,18,315122
8018,0.023076,74.125.24.0-255,5738,211229,18,315122
8019,0.023087,172.31.36.0-255,66,211295,18,315122
8020,0.025652,74.125.24.0-255,5738,217033,18,315122
8021,0.025661,172.31.36.0-255,66,217099,18,315122
8022,0.028197,74.125.24.0-255,5738,222837,18,315122
8023,0.028204,172.31.36.0-255,66,222903,18,315122
8024,0.030774,74.125.24.0-255,5738,228641,18,315122
8025,0.030785,172.31.36.0-255,66,228707,18,315122
8026,0.033313,74.125.24.0-255,5738,234445,18,315122
8027,0.033323,172.31.36.0-255,66,234511,18,315122
8028,0.034948,172.31.36.0-255,172,234683,18,315122
8029,0.034979,172.31.36.0-255,1112,235795,18,315122
8030,0.035045,172.31.36.0-255,1514,237309,18,315122
8031,0.035047,172.31.36.0-255,1514,238823,18,315122
8032,0.035052,172.31.36.0-255,1514,240337,18,315122
8033,0.035054,172.31.36.0-255,1514,241851,18,315122
8034,0.035073,172.31.36.0-255,1514,243365,18,315122
8035,0.035079,172.31.36.0-255,913,244278,18,315122
8036,0.035855,74.125.24.0-255,5738,250016,18,315122
8037,0.035862,172.31.36.0-255,66,250082,18,315122
8038,0.036506,104.244.42.0-255,66,250148,18,315122
8039,0.03655,104.244.42.0-255,66,250214,18,315122
8040,0.036604,104.244.42.0-255,66,250280,18,315122
8041,0.036642,104.244.42.0-255,66,250346,18,315122
8042,0.038416,74.125.24.0-255,5738,256084,18,315122
8043,0.038423,172.31.36.0-255,66,256150,18,315122
8044,0.041013,74.125.24.0-255,5738,261888,18,315122
8045,0.041022,172.31.36.0-255,66,261954,18,315122
8046,0.043564,74.125.24.0-255,5738,267692,18,315122
8047,0.043571,172.31.36.0-255,66,267758,18,315122
8048,0.04616,74.125.24.0-255,5738,273496,18,315122
8049,0.046167,172.31.36.0-255,66,273562,18,315122
8050,0.048719,74.125.24.0-255,5738,279300,18,315122
8051,0.048726,172.31.36.0-255,66,279366,18,315122
8052,0.051272,74.125.24.0-255,5738,285104,18,315122
8053,0.051279,172.31.36.0-255,66,285170,18,315122
8054,0.053819,74.125.24.0-255,5738,290908,18,315122
8055,0.053826,172.31.36.0-255,66,290974,18,315122
8056,0.05637,74.125.24.0-255,5738,296712,18,315122
8057,0.056377,172.31.36.0-255,66,296778,18,315122
8058,0.058905,74.125.24.0-255,5738,302516,18,315122
8059,0.058912,172.31.36.0-255,66,302582,18,315122
8060,0.061484,74.125.24.0-255,5738,308320,18,315122
8061,0.061492,172.31.36.0-255,66,308386,18,315122
8062,0.064081,74.125.24.0-255,5738,314124,18,315122
8063,0.064089,172.31.36.0-255,66,314190,18,315122
8064,0.066661,74.125.24.0-255,695,314885,18,315122
8065,0.066806,172.31.36.0-255,66,314951,18,315122
8066,0.066844,172.31.36.0-255,105,315056,18,315122
8067,0.06934,74.125.24.0-255,66,315122,18,315122
8068,0.0,172.217.194.0-255,209,209,18,267583
8069,3e-05,172.217.194.0-255,1484,1693,18,267583
8070,3.8e-05,172.31.36.0-255,66,1759,18,267583
8071,4.7e-05,172.217.194.0-255,4320,6079,18,267583
8072,0.00014,172.31.36.0-255,66,6145,18,267583
8073,0.000177,172.217.194.0-255,1484,7629,18,267583
8074,0.000182,172.217.194.0-255,2902,10531,18,267583
8075,0.000196,172.217.194.0-255,4320,14851,18,267583
8076,0.000213,172.217.194.0-255,1484,16335,18,267583
8077,0.000231,172.217.194.0-255,2902,19237,18,267583
8078,0.000257,172.217.194.0-255,3961,23198,18,267583
8079,0.000265,172.217.194.0-255,7156,30354,18,267583
8080,0.000285,172.217.194.0-255,4320,34674,18,267583
8081,0.000304,172.217.194.0-255,7156,41830,18,267583
8082,0.000312,172.217.194.0-255,5738,47568,18,267583
8083,0.00033,172.217.194.0-255,7156,54724,18,267583
8084,0.000335,172.217.194.0-255,2511,57235,18,267583
8085,0.00038,172.217.194.0-255,4320,61555,18,267583
8086,0.000385,172.217.194.0-255,4320,65875,18,267583
8087,0.000397,172.217.194.0-255,1484,67359,18,267583
8088,0.000423,172.217.194.0-255,7089,74448,18,267583
8089,0.000426,172.217.194.0-255,1484,75932,18,267583
8090,0.000446,172.217.194.0-255,5738,81670,18,267583
8091,0.000571,172.31.36.0-255,66,81736,18,267583
8092,0.000772,172.217.194.0-255,1484,83220,18,267583
8093,0.000789,172.217.194.0-255,1484,84704,18,267583
8094,0.000794,172.217.194.0-255,2902,87606,18,267583
8095,0.000808,172.31.36.0-255,66,87672,18,267583
8096,0.00082,172.217.194.0-255,5738,93410,18,267583
8097,0.000857,172.217.194.0-255,2902,96312,18,267583
8098,0.000862,172.31.36.0-255,66,96378,18,267583
8099,0.000887,172.31.36.0-255,66,96444,18,267583
8100,0.000898,172.217.194.0-255,5738,102182,18,267583
8101,0.000903,172.31.36.0-255,66,102248,18,267583
8102,0.000934,172.217.194.0-255,5020,107268,18,267583
8103,0.000937,172.217.194.0-255,1484,108752,18,267583
8104,0.000941,172.217.194.0-255,2902,111654,18,267583
8105,0.00096,172.31.36.0-255,66,111720,18,267583
8106,0.000972,172.217.194.0-255,2902,114622,18,267583
8107,0.000995,172.217.194.0-255,2902,117524,18,267583
8108,0.001,172.217.194.0-255,4320,121844,18,267583
8109,0.001016,172.31.36.0-255,66,121910,18,267583
8110,0.001057,172.217.194.0-255,2902,124812,18,267583
8111,0.001064,172.217.194.0-255,5738,130550,18,267583
8112,0.001074,172.31.36.0-255,66,130616,18,267583
8113,0.001099,172.217.194.0-255,2184,132800,18,267583
8114,0.001116,172.31.36.0-255,66,132866,18,267583
8115,0.001141,172.217.194.0-255,2902,135768,18,267583
8116,0.001158,172.31.36.0-255,66,135834,18,267583
8117,0.001166,172.217.194.0-255,2902,138736,18,267583
8118,0.001172,172.31.36.0-255,66,138802,18,267583
8119,0.001185,172.217.194.0-255,1484,140286,18,267583
8120,0.001201,172.217.194.0-255,1484,141770,18,267583
8121,0.001234,172.31.36.0-255,66,141836,18,267583
8122,0.00127,172.217.194.0-255,1484,143320,18,267583
8123,0.001277,172.31.36.0-255,66,143386,18,267583
8124,0.001294,172.217.194.0-255,7156,150542,18,267583
8125,0.0013,172.31.36.0-255,66,150608,18,267583
8126,0.001313,172.217.194.0-255,7156,157764,18,267583
8127,0.001347,172.217.194.0-255,2902,160666,18,267583
8128,0.001371,172.217.194.0-255,6438,167104,18,267583
8129,0.001396,172.31.36.0-255,66,167170,18,267583
8130,0.001484,172.217.194.0-255,1484,168654,18,267583
8131,0.00149,172.217.194.0-255,2902,171556,18,267583
8132,0.001503,172.31.36.0-255,66,171622,18,267583
8133,0.001516,172.217.194.0-255,4320,175942,18,267583
8134,0.001556,172.217.194.0-255,1484,177426,18,267583
8135,0.001563,172.217.194.0-255,5738,183164,18,267583
8136,0.001584,172.217.194.0-255,5020,188184,18,267583
8137,0.001602,172.31.36.0-255,66,188250,18,267583
8138,0.001626,172.217.194.0-255,1484,189734,18,267583
8139,0.001631,172.217.194.0-255,2902,192636,18,267583
8140,0.001641,172.31.36.0-255,66,192702,18,267583
8141,0.001657,172.217.194.0-255,5738,198440,18,267583
8142,0.001698,172.217.194.0-255,4320,202760,18,267583
8143,0.001719,172.217.194.0-255,4320,207080,18,267583
8144,0.001722,172.31.36.0-255,66,207146,18,267583
8145,0.001743,172.217.194.0-255,6438,213584,18,267583
8146,0.001759,172.31.36.0-255,66,213650,18,267583
8147,0.001779,172.217.194.0-255,5738,219388,18,267583
8148,0.001798,172.217.194.0-255,5738,225126,18,267583
8149,0.001805,172.217.194.0-255,5738,230864,18,267583
8150,0.001825,172.217.194.0-255,7156,238020,18,267583
8151,0.001852,172.31.36.0-255,66,238086,18,267583
8152,0.001877,172.217.194.0-255,1484,239570,18,267583
8153,0.001881,172.217.194.0-255,2902,242472,18,267583
8154,0.001899,172.31.36.0-255,66,242538,18,267583
8155,0.001906,172.217.194.0-255,5738,248276,18,267583
8156,0.001923,172.31.36.0-255,66,248342,18,267583
8157,0.001961,172.31.36.0-255,66,248408,18,267583
8158,0.001989,172.217.194.0-255,5738,254146,18,267583
8159,0.002,172.31.36.0-255,66,254212,18,267583
8160,0.002071,172.217.194.0-255,3821,258033,18,267583
8161,0.002082,172.31.36.0-255,66,258099,18,267583
8162,0.002085,172.217.194.0-255,105,258204,18,267583
8163,0.003069,172.31.36.0-255,101,258305,18,267583
8164,0.005378,172.217.194.0-255,66,258371,18,267583
8165,0.01178,172.31.36.0-255,105,258476,18,267583
8166,0.014081,172.217.194.0-255,66,258542,18,267583
8167,0.037662,172.31.36.0-255,172,258714,18,267583
8168,0.037696,172.31.36.0-255,1115,259829,18,267583
8169,0.037763,172.31.36.0-255,1514,261343,18,267583
8170,0.037764,172.31.36.0-255,1514,262857,18,267583
8171,0.037766,172.31.36.0-255,1514,264371,18,267583
8172,0.037771,172.31.36.0-255,1514,265885,18,267583
8173,0.037773,172.31.36.0-255,1500,267385,18,267583
8174,0.039243,104.244.42.0-255,66,267451,18,267583
8175,0.039274,104.244.42.0-255,66,267517,18,267583
8176,0.039328,104.244.42.0-255,66,267583,18,267583
8177,0.0,172.217.194.0-255,143,143,18,205549
8178,3.7e-05,172.31.36.0-255,66,209,18,205549
8179,4.4e-05,172.217.194.0-255,1484,1693,18,205549
8180,4.9e-05,172.31.36.0-255,66,1759,18,205549
8181,5.4e-05,172.217.194.0-255,2902,4661,18,205549
8182,5.6e-05,172.31.36.0-255,66,4727,18,205549
8183,6.4e-05,172.217.194.0-255,7156,11883,18,205549
8184,6.8e-05,172.31.36.0-255,66,11949,18,205549
8185,7e-05,172.217.194.0-255,1484,13433,18,205549
8186,7.2e-05,172.31.36.0-255,66,13499,18,205549
8187,9.8e-05,172.217.194.0-255,2013,15512,18,205549
8188,0.000101,172.31.36.0-255,66,15578,18,205549
8189,0.000116,172.217.194.0-255,4320,19898,18,205549
8190,0.000119,172.31.36.0-255,66,19964,18,205549
8191,0.000154,172.31.36.0-255,66,20030,18,205549
8192,0.000158,172.217.194.0-255,2543,22573,18,205549
8193,0.00016,172.31.36.0-255,66,22639,18,205549
8194,0.000214,172.217.194.0-255,1484,24123,18,205549
8195,0.000218,172.31.36.0-255,66,24189,18,205549
8196,0.000223,172.217.194.0-255,2902,27091,18,205549
8197,0.000226,172.31.36.0-255,66,27157,18,205549
8198,0.000249,172.217.194.0-255,2902,30059,18,205549
8199,0.000253,172.31.36.0-255,66,30125,18,205549
8200,0.00027,172.217.194.0-255,2902,33027,18,205549
8201,0.000273,172.31.36.0-255,66,33093,18,205549
8202,0.000278,172.217.194.0-255,2902,35995,18,205549
8203,0.00028,172.31.36.0-255,66,36061,18,205549
8204,0.000305,172.31.36.0-255,66,36127,18,205549
8205,0.000308,172.217.194.0-255,1484,37611,18,205549
8206,0.00031,172.31.36.0-255,66,37677,18,205549
8207,0.000348,172.217.194.0-255,7156,44833,18,205549
8208,0.000353,172.31.36.0-255,66,44899,18,205549
8209,0.000366,172.217.194.0-255,1413,46312,18,205549
8210,0.000614,172.217.194.0-255,366,46678,18,205549
8211,0.000618,172.31.36.0-255,66,46744,18,205549
8212,0.000674,172.217.194.0-255,1484,48228,18,205549
8213,0.000678,172.217.194.0-255,1484,49712,18,205549
8214,0.00068,172.31.36.0-255,66,49778,18,205549
8215,0.000699,172.217.194.0-255,1484,51262,18,205549
8216,0.000705,172.217.194.0-255,4320,55582,18,205549
8217,0.000707,172.31.36.0-255,66,55648,18,205549
8218,0.000725,172.217.194.0-255,7156,62804,18,205549
8219,0.000728,172.31.36.0-255,66,62870,18,205549
8220,0.00075,172.217.194.0-255,2543,65413,18,205549
8221,0.000752,172.31.36.0-255,66,65479,18,205549
8222,0.000755,172.217.194.0-255,1484,66963,18,205549
8223,0.000785,172.31.36.0-255,66,67029,18,205549
8224,0.000885,172.217.194.0-255,1484,68513,18,205549
8225,0.000905,172.217.194.0-255,1484,69997,18,205549
8226,0.000909,172.31.36.0-255,66,70063,18,205549
8227,0.000914,172.217.194.0-255,2902,72965,18,205549
8228,0.000916,172.31.36.0-255,66,73031,18,205549
8229,0.00092,172.217.194.0-255,1484,74515,18,205549
8230,0.000937,172.217.194.0-255,4320,78835,18,205549
8231,0.000939,172.31.36.0-255,66,78901,18,205549
8232,0.00098,172.31.36.0-255,66,78967,18,205549
8233,0.001038,172.31.36.0-255,66,79033,18,205549
8234,0.001044,172.31.36.0-255,66,79099,18,205549
8235,0.001056,172.217.194.0-255,2902,82001,18,205549
8236,0.001059,172.31.36.0-255,66,82067,18,205549
8237,0.001096,172.31.36.0-255,66,82133,18,205549
8238,0.001119,172.217.194.0-255,5738,87871,18,205549
8239,0.001122,172.31.36.0-255,66,87937,18,205549
8240,0.001142,172.217.194.0-255,2184,90121,18,205549
8241,0.001146,172.31.36.0-255,66,90187,18,205549
8242,0.00127,172.217.194.0-255,1484,91671,18,205549
8243,0.001296,172.217.194.0-255,1484,93155,18,205549
8244,0.0013,172.31.36.0-255,66,93221,18,205549
8245,0.001322,172.217.194.0-255,1484,94705,18,205549
8246,0.001329,172.217.194.0-255,5738,100443,18,205549
8247,0.001332,172.31.36.0-255,66,100509,18,205549
8248,0.001343,172.31.36.0-255,66,100575,18,205549
8249,0.001378,172.31.36.0-255,66,100641,18,205549
8250,0.001404,172.217.194.0-255,1484,102125,18,205549
8251,0.00142,172.217.194.0-255,5738,107863,18,205549
8252,0.001423,172.31.36.0-255,66,107929,18,205549
8253,0.001434,172.31.36.0-255,66,107995,18,205549
8254,0.001456,172.217.194.0-255,2902,110897,18,205549
8255,0.001459,172.31.36.0-255,66,110963,18,205549
8256,0.001493,172.31.36.0-255,66,111029,18,205549
8257,0.001496,172.217.194.0-255,766,111795,18,205549
8258,0.001534,172.217.194.0-255,1484,113279,18,205549
8259,0.001538,172.31.36.0-255,66,113345,18,205549
8260,0.001543,172.217.194.0-255,2902,116247,18,205549
8261,0.001546,172.31.36.0-255,66,116313,18,205549
8262,0.001575,172.217.194.0-255,1484,117797,18,205549
8263,0.00158,172.217.194.0-255,2902,120699,18,205549
8264,0.001583,172.31.36.0-255,66,120765,18,205549
8265,0.001625,172.217.194.0-255,5738,126503,18,205549
8266,0.001629,172.31.36.0-255,66,126569,18,205549
8267,0.001644,172.217.194.0-255,1484,128053,18,205549
8268,0.001669,172.217.194.0-255,5738,133791,18,205549
8269,0.001672,172.31.36.0-255,66,133857,18,205549
8270,0.001679,172.217.194.0-255,5738,139595,18,205549
8271,0.001681,172.31.36.0-255,66,139661,18,205549
8272,0.001696,172.217.194.0-255,4320,143981,18,205549
8273,0.001699,172.31.36.0-255,66,144047,18,205549
8274,0.001718,172.217.194.0-255,1484,145531,18,205549
8275,0.001733,172.217.194.0-255,766,146297,18,205549
8276,0.001736,172.31.36.0-255,66,146363,18,205549
8277,0.001855,172.217.194.0-255,1484,147847,18,205549
8278,0.001861,172.217.194.0-255,2902,150749,18,205549
8279,0.001864,172.31.36.0-255,66,150815,18,205549
8280,0.001869,172.217.194.0-255,2902,153717,18,205549
8281,0.001871,172.31.36.0-255,66,153783,18,205549
8282,0.001885,172.217.194.0-255,2902,156685,18,205549
8283,0.001888,172.31.36.0-255,66,156751,18,205549
8284,0.001891,172.217.194.0-255,1484,158235,18,205549
8285,0.001914,172.31.36.0-255,66,158301,18,205549
8286,0.001932,172.217.194.0-255,5738,164039,18,205549
8287,0.001935,172.31.36.0-255,66,164105,18,205549
8288,0.001961,172.217.194.0-255,5020,169125,18,205549
8289,0.001964,172.31.36.0-255,66,169191,18,205549
8290,0.00201,172.217.194.0-255,1484,170675,18,205549
8291,0.002031,172.217.194.0-255,2902,173577,18,205549
8292,0.002035,172.31.36.0-255,66,173643,18,205549
8293,0.002072,172.217.194.0-255,1484,175127,18,205549
8294,0.002088,172.217.194.0-255,4320,179447,18,205549
8295,0.002091,172.31.36.0-255,66,179513,18,205549
8296,0.002101,172.31.36.0-255,66,179579,18,205549
8297,0.002126,172.217.194.0-255,4320,183899,18,205549
8298,0.002129,172.31.36.0-255,66,183965,18,205549
8299,0.002134,172.217.194.0-255,2902,186867,18,205549
8300,0.002136,172.31.36.0-255,66,186933,18,205549
8301,0.002159,172.31.36.0-255,66,186999,18,205549
8302,0.00217,172.31.36.0-255,66,187065,18,205549
8303,0.002225,172.31.36.0-255,66,187131,18,205549
8304,0.002263,172.31.36.0-255,66,187197,18,205549
8305,0.002282,172.31.36.0-255,66,187263,18,205549
8306,0.002294,172.31.36.0-255,66,187329,18,205549
8307,0.002299,172.217.194.0-255,2902,190231,18,205549
8308,0.002301,172.31.36.0-255,66,190297,18,205549
8309,0.002338,172.217.194.0-255,4814,195111,18,205549
8310,0.002341,172.31.36.0-255,66,195177,18,205549
8311,0.004586,172.217.194.0-255,105,195282,18,205549
8312,0.010151,172.31.36.0-255,66,195348,18,205549
8313,0.010193,172.31.36.0-255,105,195453,18,205549
8314,0.012426,172.217.194.0-255,66,195519,18,205549
8315,0.030282,172.31.36.0-255,172,195691,18,205549
8316,0.030314,172.31.36.0-255,1112,196803,18,205549
8317,0.030379,172.31.36.0-255,1514,198317,18,205549
8318,0.030381,172.31.36.0-255,1514,199831,18,205549
8319,0.030382,172.31.36.0-255,1514,201345,18,205549
8320,0.030383,172.31.36.0-255,1514,202859,18,205549
8321,0.030412,172.31.36.0-255,1514,204373,18,205549
8322,0.030413,172.31.36.0-255,912,205285,18,205549
8323,0.031811,104.244.42.0-255,66,205351,18,205549
8324,0.03186,104.244.42.0-255,66,205417,18,205549
8325,0.031992,104.244.42.0-255,66,205483,18,205549
8326,0.031998,104.244.42.0-255,66,205549,18,205549
8327,0.0,172.217.27.0-255,152,152,18,361205
8328,3.3e-05,172.31.36.0-255,66,218,18,361205
8329,4e-05,172.217.27.0-255,1484,1702,18,361205
8330,4.4e-05,172.31.36.0-255,66,1768,18,361205
8331,4.8e-05,172.217.27.0-255,2902,4670,18,361205
8332,5e-05,172.31.36.0-255,66,4736,18,361205
8333,5.8e-05,172.217.27.0-255,5738,10474,18,361205
8334,6e-05,172.31.36.0-255,66,10540,18,361205
8335,6.3e-05,172.217.27.0-255,1484,12024,18,361205
8336,6.5e-05,172.31.36.0-255,66,12090,18,361205
8337,8.6e-05,172.217.27.0-255,1484,13574,18,361205
8338,8.8e-05,172.31.36.0-255,66,13640,18,361205
8339,0.00012,172.217.27.0-255,629,14269,18,361205
8340,0.000123,172.31.36.0-255,66,14335,18,361205
8341,0.000228,172.217.27.0-255,1484,15819,18,361205
8342,0.000233,172.31.36.0-255,66,15885,18,361205
8343,0.000238,172.217.27.0-255,2902,18787,18,361205
8344,0.000241,172.31.36.0-255,66,18853,18,361205
8345,0.000254,172.217.27.0-255,2902,21755,18,361205
8346,0.000256,172.31.36.0-255,66,21821,18,361205
8347,0.000275,172.217.27.0-255,2902,24723,18,361205
8348,0.000278,172.31.36.0-255,66,24789,18,361205
8349,0.000292,172.217.27.0-255,2902,27691,18,361205
8350,0.000297,172.31.36.0-255,101,27792,18,361205
8351,0.000314,172.31.36.0-255,66,27858,18,361205
8352,0.000346,172.31.36.0-255,66,27924,18,361205
8353,0.000351,172.217.27.0-255,7156,35080,18,361205
8354,0.000353,172.31.36.0-255,66,35146,18,361205
8355,0.000368,172.31.36.0-255,66,35212,18,361205
8356,0.000376,172.217.27.0-255,4320,39532,18,361205
8357,0.000379,172.217.27.0-255,1061,40593,18,361205
8358,0.000383,172.31.36.0-255,66,40659,18,361205
8359,0.000987,172.217.27.0-255,382,41041,18,361205
8360,0.001171,172.217.27.0-255,1484,42525,18,361205
8361,0.001176,172.31.36.0-255,66,42591,18,361205
8362,0.001184,172.217.27.0-255,2902,45493,18,361205
8363,0.001189,172.217.27.0-255,5738,51231,18,361205
8364,0.001214,172.217.27.0-255,7156,58387,18,361205
8365,0.001219,172.217.27.0-255,4320,62707,18,361205
8366,0.001227,172.31.36.0-255,66,62773,18,361205
8367,0.001239,172.217.27.0-255,7156,69929,18,361205
8368,0.001244,172.31.36.0-255,66,69995,18,361205
8369,0.001253,172.217.27.0-255,2902,72897,18,361205
8370,0.001256,172.217.27.0-255,2184,75081,18,361205
8371,0.001288,172.31.36.0-255,66,75147,18,361205
8372,0.001507,172.217.27.0-255,1484,76631,18,361205
8373,0.001513,172.217.27.0-255,2902,79533,18,361205
8374,0.001516,172.31.36.0-255,66,79599,18,361205
8375,0.001542,172.217.27.0-255,1484,81083,18,361205
8376,0.001554,172.217.27.0-255,4320,85403,18,361205
8377,0.001563,172.217.27.0-255,1484,86887,18,361205
8378,0.001584,172.31.36.0-255,66,86953,18,361205
8379,0.00161,172.217.27.0-255,2902,89855,18,361205
8380,0.00162,172.31.36.0-255,66,89921,18,361205
8381,0.001649,172.217.27.0-255,4320,94241,18,361205
8382,0.001657,172.31.36.0-255,66,94307,18,361205
8383,0.001672,172.31.36.0-255,66,94373,18,361205
8384,0.001683,172.217.27.0-255,4320,98693,18,361205
8385,0.001692,172.31.36.0-255,66,98759,18,361205
8386,0.00171,172.217.27.0-255,6438,105197,18,361205
8387,0.001716,172.31.36.0-255,66,105263,18,361205
8388,0.001905,172.217.27.0-255,66,105329,18,361205
8389,0.003366,172.217.27.0-255,5738,111067,18,361205
8390,0.003371,172.31.36.0-255,66,111133,18,361205
8391,0.005005,172.217.27.0-255,5738,116871,18,361205
8392,0.005009,172.31.36.0-255,66,116937,18,361205
8393,0.006652,172.217.27.0-255,5738,122675,18,361205
8394,0.006659,172.31.36.0-255,66,122741,18,361205
8395,0.008319,172.217.27.0-255,5738,128479,18,361205
8396,0.008325,172.31.36.0-255,66,128545,18,361205
8397,0.010139,172.217.27.0-255,5738,134283,18,361205
8398,0.010202,172.31.36.0-255,66,134349,18,361205
8399,0.011862,172.217.27.0-255,5738,140087,18,361205
8400,0.011868,172.31.36.0-255,66,140153,18,361205
8401,0.013512,172.217.27.0-255,5738,145891,18,361205
8402,0.013519,172.31.36.0-255,66,145957,18,361205
8403,0.015163,172.217.27.0-255,5738,151695,18,361205
8404,0.015169,172.31.36.0-255,66,151761,18,361205
8405,0.016817,172.217.27.0-255,5738,157499,18,361205
8406,0.016824,172.31.36.0-255,66,157565,18,361205
8407,0.01847,172.217.27.0-255,5738,163303,18,361205
8408,0.018477,172.31.36.0-255,66,163369,18,361205
8409,0.020132,172.217.27.0-255,5738,169107,18,361205
8410,0.020141,172.31.36.0-255,66,169173,18,361205
8411,0.021783,172.217.27.0-255,5738,174911,18,361205
8412,0.02179,172.31.36.0-255,66,174977,18,361205
8413,0.023438,172.217.27.0-255,5738,180715,18,361205
8414,0.023446,172.31.36.0-255,66,180781,18,361205
8415,0.0251,172.217.27.0-255,5738,186519,18,361205
8416,0.025106,172.31.36.0-255,66,186585,18,361205
8417,0.026767,172.217.27.0-255,5738,192323,18,361205
8418,0.026776,172.31.36.0-255,66,192389,18,361205
8419,0.028422,172.217.27.0-255,5738,198127,18,361205
8420,0.028431,172.31.36.0-255,66,198193,18,361205
8421,0.030069,172.217.27.0-255,5738,203931,18,361205
8422,0.030076,172.31.36.0-255,66,203997,18,361205
8423,0.031372,172.31.36.0-255,172,204169,18,361205
8424,0.031414,172.31.36.0-255,1112,205281,18,361205
8425,0.031502,172.31.36.0-255,1514,206795,18,361205
8426,0.031505,172.31.36.0-255,1514,208309,18,361205
8427,0.031506,172.31.36.0-255,1514,209823,18,361205
8428,0.031511,172.31.36.0-255,1514,211337,18,361205
8429,0.031512,172.31.36.0-255,1503,212840,18,361205
8430,0.031719,172.217.27.0-255,5738,218578,18,361205
8431,0.031725,172.31.36.0-255,66,218644,18,361205
8432,0.032916,104.244.42.0-255,66,218710,18,361205
8433,0.032951,104.244.42.0-255,66,218776,18,361205
8434,0.033074,104.244.42.0-255,66,218842,18,361205
8435,0.033369,172.217.27.0-255,4320,223162,18,361205
8436,0.033372,172.31.36.0-255,66,223228,18,361205
8437,0.033421,172.217.27.0-255,1484,224712,18,361205
8438,0.035014,172.217.27.0-255,4320,229032,18,361205
8439,0.03502,172.31.36.0-255,66,229098,18,361205
8440,0.036685,172.217.27.0-255,5738,234836,18,361205
8441,0.036741,172.31.36.0-255,66,234902,18,361205
8442,0.03838,172.217.27.0-255,5738,240640,18,361205
8443,0.038385,172.31.36.0-255,66,240706,18,361205
8444,0.040026,172.217.27.0-255,2902,243608,18,361205
8445,0.040031,172.31.36.0-255,66,243674,18,361205
8446,0.040068,172.217.27.0-255,2902,246576,18,361205
8447,0.040083,172.31.36.0-255,66,246642,18,361205
8448,0.041659,172.217.27.0-255,2902,249544,18,361205
8449,0.041665,172.31.36.0-255,66,249610,18,361205
8450,0.041715,172.217.27.0-255,2902,252512,18,361205
8451,0.041737,172.31.36.0-255,66,252578,18,361205
8452,0.043304,172.217.27.0-255,2902,255480,18,361205
8453,0.043309,172.31.36.0-255,66,255546,18,361205
8454,0.043363,172.217.27.0-255,2902,258448,18,361205
8455,0.043384,172.31.36.0-255,66,258514,18,361205
8456,0.044955,172.217.27.0-255,2902,261416,18,361205
8457,0.04496,172.31.36.0-255,66,261482,18,361205
8458,0.045011,172.217.27.0-255,2902,264384,18,361205
8459,0.045038,172.31.36.0-255,66,264450,18,361205
8460,0.0466,172.217.27.0-255,2902,267352,18,361205
8461,0.046606,172.31.36.0-255,66,267418,18,361205
8462,0.046664,172.217.27.0-255,2902,270320,18,361205
8463,0.046679,172.31.36.0-255,66,270386,18,361205
8464,0.048238,172.217.27.0-255,2902,273288,18,361205
8465,0.048243,172.31.36.0-255,66,273354,18,361205
8466,0.048321,172.217.27.0-255,2902,276256,18,361205
8467,0.048333,172.31.36.0-255,66,276322,18,361205
8468,0.049884,172.217.27.0-255,2902,279224,18,361205
8469,0.04989,172.31.36.0-255,66,279290,18,361205
8470,0.049957,172.217.27.0-255,2902,282192,18,361205
8471,0.049965,172.31.36.0-255,66,282258,18,361205
8472,0.051519,172.217.27.0-255,2902,285160,18,361205
8473,0.051524,172.31.36.0-255,66,285226,18,361205
8474,0.05159,172.217.27.0-255,2902,288128,18,361205
8475,0.051598,172.31.36.0-255,66,288194,18,361205
8476,0.053155,172.217.27.0-255,2902,291096,18,361205
8477,0.05316,172.31.36.0-255,66,291162,18,361205
8478,0.053221,172.217.27.0-255,2902,294064,18,361205
8479,0.053235,172.31.36.0-255,66,294130,18,361205
8480,0.0548,172.217.27.0-255,2902,297032,18,361205
8481,0.054806,172.31.36.0-255,66,297098,18,361205
8482,0.054858,172.217.27.0-255,2902,300000,18,361205
8483,0.054881,172.31.36.0-255,66,300066,18,361205
8484,0.056441,172.217.27.0-255,2902,302968,18,361205
8485,0.056447,172.31.36.0-255,66,303034,18,361205
8486,0.056503,172.217.27.0-255,1484,304518,18,361205
8487,0.056513,172.217.27.0-255,1484,306002,18,361205
8488,0.056518,172.31.36.0-255,66,306068,18,361205
8489,0.058078,172.217.27.0-255,1484,307552,18,361205
8490,0.058148,172.217.27.0-255,4320,311872,18,361205
8491,0.058153,172.31.36.0-255,66,311938,18,361205
8492,0.05979,172.217.27.0-255,5738,317676,18,361205
8493,0.059848,172.31.36.0-255,66,317742,18,361205
8494,0.061484,172.217.27.0-255,4320,322062,18,361205
8495,0.061489,172.31.36.0-255,66,322128,18,361205
8496,0.061521,172.217.27.0-255,1484,323612,18,361205
8497,0.063123,172.217.27.0-255,4320,327932,18,361205
8498,0.063129,172.31.36.0-255,66,327998,18,361205
8499,0.064763,172.217.27.0-255,5738,333736,18,361205
8500,0.064817,172.31.36.0-255,66,333802,18,361205
8501,0.06646,172.217.27.0-255,5738,339540,18,361205
8502,0.066465,172.31.36.0-255,66,339606,18,361205
8503,0.068108,172.217.27.0-255,5738,345344,18,361205
8504,0.068114,172.31.36.0-255,66,345410,18,361205
8505,0.069761,172.217.27.0-255,5738,351148,18,361205
8506,0.069768,172.31.36.0-255,66,351214,18,361205
8507,0.071408,172.217.27.0-255,5738,356952,18,361205
8508,0.071414,172.31.36.0-255,66,357018,18,361205
8509,0.07305,172.217.27.0-255,3950,360968,18,361205
8510,0.073057,172.31.36.0-255,66,361034,18,361205
8511,0.073275,172.31.36.0-255,105,361139,18,361205
8512,0.078449,172.217.27.0-255,66,361205,18,361205
8513,0.0,74.125.24.0-255,150,150,18,361864
8514,2.7e-05,172.31.36.0-255,66,216,18,361864
8515,4.4e-05,74.125.24.0-255,1484,1700,18,361864
8516,4.8e-05,172.31.36.0-255,66,1766,18,361864
8517,5.1e-05,74.125.24.0-255,1484,3250,18,361864
8518,5.4e-05,172.31.36.0-255,66,3316,18,361864
8519,8e-05,74.125.24.0-255,1484,4800,18,361864
8520,8.3e-05,172.31.36.0-255,66,4866,18,361864
8521,9e-05,74.125.24.0-255,5738,10604,18,361864
8522,9.2e-05,172.31.36.0-255,66,10670,18,361864
8523,9.7e-05,74.125.24.0-255,3454,14124,18,361864
8524,9.9e-05,172.31.36.0-255,66,14190,18,361864
8525,0.000122,74.125.24.0-255,1484,15674,18,361864
8526,0.000125,172.31.36.0-255,66,15740,18,361864
8527,0.000146,74.125.24.0-255,2902,18642,18,361864
8528,0.000148,172.31.36.0-255,66,18708,18,361864
8529,0.00016,172.31.36.0-255,66,18774,18,361864
8530,0.0002,74.125.24.0-255,2543,21317,18,361864
8531,0.000203,172.31.36.0-255,66,21383,18,361864
8532,0.000218,74.125.24.0-255,1484,22867,18,361864
8533,0.000221,172.31.36.0-255,66,22933,18,361864
8534,0.000244,74.125.24.0-255,1484,24417,18,361864
8535,0.000248,172.31.36.0-255,66,24483,18,361864
8536,0.00025,74.125.24.0-255,7156,31639,18,361864
8537,0.000253,74.125.24.0-255,2902,34541,18,361864
8538,0.000253,172.31.36.0-255,66,34607,18,361864
8539,0.000256,172.31.36.0-255,66,34673,18,361864
8540,0.000273,74.125.24.0-255,3961,38634,18,361864
8541,0.000276,172.31.36.0-255,66,38700,18,361864
8542,0.000503,74.125.24.0-255,1484,40184,18,361864
8543,0.000508,172.31.36.0-255,66,40250,18,361864
8544,0.000511,74.125.24.0-255,1484,41734,18,361864
8545,0.000523,74.125.24.0-255,1484,43218,18,361864
8546,0.000526,172.31.36.0-255,66,43284,18,361864
8547,0.000533,74.125.24.0-255,5738,49022,18,361864
8548,0.000535,172.31.36.0-255,66,49088,18,361864
8549,0.000575,74.125.24.0-255,6797,55885,18,361864
8550,0.000579,172.31.36.0-255,66,55951,18,361864
8551,0.000689,74.125.24.0-255,645,56596,18,361864
8552,0.000774,172.31.36.0-255,66,56662,18,361864
8553,0.00118,74.125.24.0-255,1484,58146,18,361864
8554,0.00119,74.125.24.0-255,2902,61048,18,361864
8555,0.001194,172.31.36.0-255,66,61114,18,361864
8556,0.001201,74.125.24.0-255,4320,65434,18,361864
8557,0.001202,172.31.36.0-255,66,65500,18,361864
8558,0.001216,74.125.24.0-255,1484,66984,18,361864
8559,0.001227,172.31.36.0-255,66,67050,18,361864
8560,0.001272,74.125.24.0-255,5738,72788,18,361864
8561,0.001276,172.31.36.0-255,66,72854,18,361864
8562,0.001304,172.31.36.0-255,66,72920,18,361864
8563,0.001688,74.125.24.0-255,1484,74404,18,361864
8564,0.001694,74.125.24.0-255,2902,77306,18,361864
8565,0.001697,172.31.36.0-255,66,77372,18,361864
8566,0.001702,74.125.24.0-255,2902,80274,18,361864
8567,0.001704,172.31.36.0-255,66,80340,18,361864
8568,0.001716,74.125.24.0-255,2902,83242,18,361864
8569,0.001718,172.31.36.0-255,66,83308,18,361864
8570,0.001721,74.125.24.0-255,1484,84792,18,361864
8571,0.001743,74.125.24.0-255,4320,89112,18,361864
8572,0.001745,172.31.36.0-255,66,89178,18,361864
8573,0.001757,172.31.36.0-255,66,89244,18,361864
8574,0.001773,74.125.24.0-255,1484,90728,18,361864
8575,0.001796,74.125.24.0-255,1484,92212,18,361864
8576,0.001798,172.31.36.0-255,66,92278,18,361864
8577,0.001817,74.125.24.0-255,3602,95880,18,361864
8578,0.00182,172.31.36.0-255,66,95946,18,361864
8579,0.001932,74.125.24.0-255,1484,97430,18,361864
8580,0.001935,74.125.24.0-255,1484,98914,18,361864
8581,0.001936,172.31.36.0-255,66,98980,18,361864
8582,0.001952,74.125.24.0-255,1484,100464,18,361864
8583,0.001965,74.125.24.0-255,5738,106202,18,361864
8584,0.001967,172.31.36.0-255,66,106268,18,361864
8585,0.002022,74.125.24.0-255,5738,112006,18,361864
8586,0.002025,172.31.36.0-255,66,112072,18,361864
8587,0.002046,74.125.24.0-255,7156,119228,18,361864
8588,0.002048,172.31.36.0-255,66,119294,18,361864
8589,0.002059,172.31.36.0-255,66,119360,18,361864
8590,0.002199,74.125.24.0-255,1484,120844,18,361864
8591,0.002212,74.125.24.0-255,1484,122328,18,361864
8592,0.002214,172.31.36.0-255,66,122394,18,361864
8593,0.002228,74.125.24.0-255,1484,123878,18,361864
8594,0.002231,74.125.24.0-255,1484,125362,18,361864
8595,0.002233,172.31.36.0-255,66,125428,18,361864
8596,0.002253,74.125.24.0-255,2902,128330,18,361864
8597,0.002256,172.31.36.0-255,66,128396,18,361864
8598,0.002268,74.125.24.0-255,1484,129880,18,361864
8599,0.002287,74.125.24.0-255,7156,137036,18,361864
8600,0.002289,172.31.36.0-255,66,137102,18,361864
8601,0.002294,74.125.24.0-255,4320,141422,18,361864
8602,0.002297,172.31.36.0-255,66,141488,18,361864
8603,0.00235,74.125.24.0-255,2902,144390,18,361864
8604,0.002352,172.31.36.0-255,66,144456,18,361864
8605,0.002378,172.31.36.0-255,66,144522,18,361864
8606,0.002424,74.125.24.0-255,1484,146006,18,361864
8607,0.002428,74.125.24.0-255,2902,148908,18,361864
8608,0.00243,172.31.36.0-255,66,148974,18,361864
8609,0.00475,74.125.24.0-255,1484,150458,18,361864
8610,0.004794,74.125.24.0-255,4320,154778,18,361864
8611,0.004799,172.31.36.0-255,66,154844,18,361864
8612,0.007172,74.125.24.0-255,5738,160582,18,361864
8613,0.007177,172.31.36.0-255,66,160648,18,361864
8614,0.009554,74.125.24.0-255,5738,166386,18,361864
8615,0.009561,172.31.36.0-255,66,166452,18,361864
8616,0.011944,74.125.24.0-255,5738,172190,18,361864
8617,0.011955,172.31.36.0-255,66,172256,18,361864
8618,0.014334,74.125.24.0-255,5738,177994,18,361864
8619,0.014341,172.31.36.0-255,66,178060,18,361864
8620,0.016707,74.125.24.0-255,5738,183798,18,361864
8621,0.016717,172.31.36.0-255,66,183864,18,361864
8622,0.019094,74.125.24.0-255,5738,189602,18,361864
8623,0.019101,172.31.36.0-255,66,189668,18,361864
8624,0.021486,74.125.24.0-255,5738,195406,18,361864
8625,0.021494,172.31.36.0-255,66,195472,18,361864
8626,0.023871,74.125.24.0-255,5738,201210,18,361864
8627,0.023878,172.31.36.0-255,66,201276,18,361864
8628,0.026274,74.125.24.0-255,5738,207014,18,361864
8629,0.026281,172.31.36.0-255,66,207080,18,361864
8630,0.02867,74.125.24.0-255,5738,212818,18,361864
8631,0.028679,172.31.36.0-255,66,212884,18,361864
8632,0.031068,74.125.24.0-255,5738,218622,18,361864
8633,0.031075,172.31.36.0-255,66,218688,18,361864
8634,0.032701,172.31.36.0-255,171,218859,18,361864
8635,0.032732,172.31.36.0-255,1140,219999,18,361864
8636,0.032765,172.31.36.0-255,1514,221513,18,361864
8637,0.032767,172.31.36.0-255,1259,222772,18,361864
8638,0.033456,74.125.24.0-255,5738,228510,18,361864
8639,0.033462,172.31.36.0-255,66,228576,18,361864
8640,0.034342,104.244.42.0-255,66,228642,18,361864
8641,0.034376,104.244.42.0-255,66,228708,18,361864
8642,0.034431,104.244.42.0-255,66,228774,18,361864
8643,0.035821,74.125.24.0-255,5738,234512,18,361864
8644,0.035827,172.31.36.0-255,66,234578,18,361864
8645,0.038213,74.125.24.0-255,4320,238898,18,361864
8646,0.038219,172.31.36.0-255,66,238964,18,361864
8647,0.038247,74.125.24.0-255,1484,240448,18,361864
8648,0.040591,74.125.24.0-255,4320,244768,18,361864
8649,0.040597,172.31.36.0-255,66,244834,18,361864
8650,0.042979,74.125.24.0-255,4320,249154,18,361864
8651,0.042984,172.31.36.0-255,66,249220,18,361864
8652,0.043015,74.125.24.0-255,1484,250704,18,361864
8653,0.045375,74.125.24.0-255,4320,255024,18,361864
8654,0.045381,172.31.36.0-255,66,255090,18,361864
8655,0.047749,74.125.24.0-255,2902,257992,18,361864
8656,0.047754,172.31.36.0-255,66,258058,18,361864
8657,0.047783,74.125.24.0-255,2902,260960,18,361864
8658,0.047786,172.31.36.0-255,66,261026,18,361864
8659,0.050124,74.125.24.0-255,2902,263928,18,361864
8660,0.050128,172.31.36.0-255,66,263994,18,361864
8661,0.050159,74.125.24.0-255,2902,266896,18,361864
8662,0.050161,172.31.36.0-255,66,266962,18,361864
8663,0.052492,74.125.24.0-255,2902,269864,18,361864
8664,0.052497,172.31.36.0-255,66,269930,18,361864
8665,0.052536,74.125.24.0-255,2902,272832,18,361864
8666,0.052539,172.31.36.0-255,66,272898,18,361864
8667,0.054878,74.125.24.0-255,2902,275800,18,361864
8668,0.054883,172.31.36.0-255,66,275866,18,361864
8669,0.054911,74.125.24.0-255,2902,278768,18,361864
8670,0.054914,172.31.36.0-255,66,278834,18,361864
8671,0.057299,74.125.24.0-255,2902,281736,18,361864
8672,0.057304,172.31.36.0-255,66,281802,18,361864
8673,0.057337,74.125.24.0-255,2902,284704,18,361864
8674,0.05734,172.31.36.0-255,66,284770,18,361864
8675,0.059665,74.125.24.0-255,2902,287672,18,361864
8676,0.059671,172.31.36.0-255,66,287738,18,361864
8677,0.059721,74.125.24.0-255,2902,290640,18,361864
8678,0.059726,172.31.36.0-255,66,290706,18,361864
8679,0.062041,74.125.24.0-255,2902,293608,18,361864
8680,0.062047,172.31.36.0-255,66,293674,18,361864
8681,0.062095,74.125.24.0-255,2902,296576,18,361864
8682,0.062099,172.31.36.0-255,66,296642,18,361864
8683,0.064458,74.125.24.0-255,2902,299544,18,361864
8684,0.064463,172.31.36.0-255,66,299610,18,361864
8685,0.064497,74.125.24.0-255,2902,302512,18,361864
8686,0.0645,172.31.36.0-255,66,302578,18,361864
8687,0.066842,74.125.24.0-255,2902,305480,18,361864
8688,0.066848,172.31.36.0-255,66,305546,18,361864
8689,0.066904,74.125.24.0-255,2902,308448,18,361864
8690,0.066907,172.31.36.0-255,66,308514,18,361864
8691,0.069198,74.125.24.0-255,2902,311416,18,361864
8692,0.069203,172.31.36.0-255,66,311482,18,361864
8693,0.0693,74.125.24.0-255,2902,314384,18,361864
8694,0.069305,172.31.36.0-255,66,314450,18,361864
8695,0.071581,74.125.24.0-255,2902,317352,18,361864
8696,0.071586,172.31.36.0-255,66,317418,18,361864
8697,0.071701,74.125.24.0-255,2902,320320,18,361864
8698,0.071706,172.31.36.0-255,66,320386,18,361864
8699,0.073962,74.125.24.0-255,2902,323288,18,361864
8700,0.073967,172.31.36.0-255,66,323354,18,361864
8701,0.074077,74.125.24.0-255,2902,326256,18,361864
8702,0.074082,172.31.36.0-255,66,326322,18,361864
8703,0.076341,74.125.24.0-255,1484,327806,18,361864
8704,0.076369,74.125.24.0-255,1484,329290,18,361864
8705,0.076373,172.31.36.0-255,66,329356,18,361864
8706,0.076465,74.125.24.0-255,2902,332258,18,361864
8707,0.07647,172.31.36.0-255,66,332324,18,361864
8708,0.078745,74.125.24.0-255,2902,335226,18,361864
8709,0.078751,172.31.36.0-255,66,335292,18,361864
8710,0.078827,74.125.24.0-255,2902,338194,18,361864
8711,0.078831,172.31.36.0-255,66,338260,18,361864
8712,0.081139,74.125.24.0-255,2902,341162,18,361864
8713,0.081145,172.31.36.0-255,66,341228,18,361864
8714,0.081179,74.125.24.0-255,2902,344130,18,361864
8715,0.081183,172.31.36.0-255,66,344196,18,361864
8716,0.083514,74.125.24.0-255,2902,347098,18,361864
8717,0.08352,172.31.36.0-255,66,347164,18,361864
8718,0.083553,74.125.24.0-255,2902,350066,18,361864
8719,0.083556,172.31.36.0-255,66,350132,18,361864
8720,0.085877,74.125.24.0-255,2902,353034,18,361864
8721,0.085882,172.31.36.0-255,66,353100,18,361864
8722,0.085924,74.125.24.0-255,2902,356002,18,361864
8723,0.085929,172.31.36.0-255,66,356068,18,361864
8724,0.088261,74.125.24.0-255,2902,358970,18,361864
8725,0.088266,172.31.36.0-255,66,359036,18,361864
8726,0.088297,74.125.24.0-255,2591,361627,18,361864
8727,0.088301,172.31.36.0-255,66,361693,18,361864
8728,0.088453,172.31.36.0-255,105,361798,18,361864
8729,0.090767,74.125.24.0-255,66,361864,18,361864
8730,0.0,172.217.194.0-255,153,153,18,253571
8731,3.5e-05,172.31.36.0-255,66,219,18,253571
8732,4.2e-05,172.217.194.0-255,1484,1703,18,253571
8733,4.7e-05,172.31.36.0-255,66,1769,18,253571
8734,5.1e-05,172.217.194.0-255,1484,3253,18,253571
8735,6e-05,172.31.36.0-255,66,3319,18,253571
8736,9.4e-05,172.217.194.0-255,1484,4803,18,253571
8737,9.8e-05,172.31.36.0-255,66,4869,18,253571
8738,0.000106,172.217.194.0-255,5738,10607,18,253571
8739,0.000108,172.31.36.0-255,66,10673,18,253571
8740,0.000114,172.217.194.0-255,4856,15529,18,253571
8741,0.000116,172.31.36.0-255,66,15595,18,253571
8742,0.000122,172.217.194.0-255,5738,21333,18,253571
8743,0.000125,172.31.36.0-255,66,21399,18,253571
8744,0.000167,172.31.36.0-255,66,21465,18,253571
8745,0.000196,172.217.194.0-255,1484,22949,18,253571
8746,0.000199,172.31.36.0-255,66,23015,18,253571
8747,0.000203,172.217.194.0-255,2902,25917,18,253571
8748,0.000205,172.31.36.0-255,66,25983,18,253571
8749,0.000212,172.217.194.0-255,5738,31721,18,253571
8750,0.000215,172.31.36.0-255,66,31787,18,253571
8751,0.000244,172.217.194.0-255,2902,34689,18,253571
8752,0.000246,172.31.36.0-255,66,34755,18,253571
8753,0.000267,172.217.194.0-255,3961,38716,18,253571
8754,0.00027,172.31.36.0-255,66,38782,18,253571
8755,0.000533,172.217.194.0-255,1484,40266,18,253571
8756,0.000537,172.31.36.0-255,66,40332,18,253571
8757,0.000543,172.217.194.0-255,2902,43234,18,253571
8758,0.000546,172.31.36.0-255,66,43300,18,253571
8759,0.00055,172.217.194.0-255,2902,46202,18,253571
8760,0.000559,172.31.36.0-255,66,46268,18,253571
8761,0.000574,172.217.194.0-255,2902,49170,18,253571
8762,0.000591,172.31.36.0-255,66,49236,18,253571
8763,0.000607,172.31.36.0-255,66,49302,18,253571
8764,0.000752,172.217.194.0-255,1484,50786,18,253571
8765,0.000757,172.217.194.0-255,2902,53688,18,253571
8766,0.00076,172.31.36.0-255,66,53754,18,253571
8767,0.000777,172.217.194.0-255,5738,59492,18,253571
8768,0.000789,172.31.36.0-255,66,59558,18,253571
8769,0.000815,172.217.194.0-255,4320,63878,18,253571
8770,0.000824,172.31.36.0-255,66,63944,18,253571
8771,0.00083,172.217.194.0-255,4320,68264,18,253571
8772,0.000844,172.31.36.0-255,66,68330,18,253571
8773,0.000853,172.217.194.0-255,4320,72650,18,253571
8774,0.000856,172.31.36.0-255,66,72716,18,253571
8775,0.000859,172.217.194.0-255,1484,74200,18,253571
8776,0.000882,172.31.36.0-255,66,74266,18,253571
8777,0.000921,172.217.194.0-255,1484,75750,18,253571
8778,0.000927,172.31.36.0-255,66,75816,18,253571
8779,0.000942,172.31.36.0-255,66,75882,18,253571
8780,0.000956,172.217.194.0-255,4320,80202,18,253571
8781,0.000964,172.31.36.0-255,66,80268,18,253571
8782,0.000978,172.31.36.0-255,66,80334,18,253571
8783,0.00099,172.217.194.0-255,1484,81818,18,253571
8784,0.001016,172.217.194.0-255,1484,83302,18,253571
8785,0.001021,172.31.36.0-255,66,83368,18,253571
8786,0.001027,172.217.194.0-255,1484,84852,18,253571
8787,0.001102,172.217.194.0-255,7156,92008,18,253571
8788,0.001113,172.31.36.0-255,66,92074,18,253571
8789,0.001123,172.217.194.0-255,4320,96394,18,253571
8790,0.001132,172.31.36.0-255,66,96460,18,253571
8791,0.001146,172.31.36.0-255,66,96526,18,253571
8792,0.001518,172.217.194.0-255,1484,98010,18,253571
8793,0.001526,172.217.194.0-255,2902,100912,18,253571
8794,0.001529,172.31.36.0-255,66,100978,18,253571
8795,0.001534,172.217.194.0-255,2902,103880,18,253571
8796,0.001552,172.31.36.0-255,66,103946,18,253571
8797,0.001559,172.217.194.0-255,2902,106848,18,253571
8798,0.001567,172.31.36.0-255,66,106914,18,253571
8799,0.001572,172.31.36.0-255,66,106980,18,253571
8800,0.001615,172.217.194.0-255,4320,111300,18,253571
8801,0.001619,172.31.36.0-255,66,111366,18,253571
8802,0.001663,172.31.36.0-255,66,111432,18,253571
8803,0.001728,172.217.194.0-255,1484,112916,18,253571
8804,0.001746,172.217.194.0-255,2902,115818,18,253571
8805,0.001749,172.217.194.0-255,1484,117302,18,253571
8806,0.001754,172.31.36.0-255,66,117368,18,253571
8807,0.001784,172.217.194.0-255,4320,121688,18,253571
8808,0.001787,172.31.36.0-255,66,121754,18,253571
8809,0.001794,172.217.194.0-255,5738,127492,18,253571
8810,0.001806,172.31.36.0-255,66,127558,18,253571
8811,0.00181,172.31.36.0-255,66,127624,18,253571
8812,0.001838,172.217.194.0-255,5020,132644,18,253571
8813,0.001852,172.31.36.0-255,66,132710,18,253571
8814,0.002185,172.217.194.0-255,1484,134194,18,253571
8815,0.002204,172.217.194.0-255,2902,137096,18,253571
8816,0.002208,172.217.194.0-255,2902,139998,18,253571
8817,0.002209,172.31.36.0-255,66,140064,18,253571
8818,0.002225,172.31.36.0-255,66,140130,18,253571
8819,0.002236,172.217.194.0-255,2902,143032,18,253571
8820,0.002239,172.217.194.0-255,1484,144516,18,253571
8821,0.002269,172.217.194.0-255,2902,147418,18,253571
8822,0.002308,172.217.194.0-255,5738,153156,18,253571
8823,0.002325,172.217.194.0-255,4320,157476,18,253571
8824,0.002345,172.217.194.0-255,4320,161796,18,253571
8825,0.00235,172.217.194.0-255,4320,166116,18,253571
8826,0.002385,172.217.194.0-255,1484,167600,18,253571
8827,0.002388,172.217.194.0-255,1484,169084,18,253571
8828,0.002403,172.217.194.0-255,7156,176240,18,253571
8829,0.002466,172.217.194.0-255,5020,181260,18,253571
8830,0.00252,172.217.194.0-255,1484,182744,18,253571
8831,0.002524,172.217.194.0-255,2902,185646,18,253571
8832,0.002531,172.217.194.0-255,5738,191384,18,253571
8833,0.002554,172.217.194.0-255,2902,194286,18,253571
8834,0.002581,172.217.194.0-255,1484,195770,18,253571
8835,0.002605,172.217.194.0-255,7156,202926,18,253571
8836,0.002624,172.217.194.0-255,2184,205110,18,253571
8837,0.005011,172.31.36.0-255,66,205176,18,253571
8838,0.007656,172.217.194.0-255,5738,210914,18,253571
8839,0.007664,172.31.36.0-255,66,210980,18,253571
8840,0.010243,172.217.194.0-255,5738,216718,18,253571
8841,0.01025,172.31.36.0-255,66,216784,18,253571
8842,0.012827,172.217.194.0-255,5738,222522,18,253571
8843,0.012838,172.31.36.0-255,66,222588,18,253571
8844,0.015435,172.217.194.0-255,5738,228326,18,253571
8845,0.0173,172.31.36.0-255,66,228392,18,253571
8846,0.019868,172.217.194.0-255,5738,234130,18,253571
8847,0.019878,172.31.36.0-255,66,234196,18,253571
8848,0.022449,172.217.194.0-255,5738,239934,18,253571
8849,0.022457,172.31.36.0-255,66,240000,18,253571
8850,0.025012,172.217.194.0-255,3303,243303,18,253571
8851,0.025019,172.31.36.0-255,66,243369,18,253571
8852,0.025238,172.31.36.0-255,105,243474,18,253571
8853,0.027813,172.217.194.0-255,66,243540,18,253571
8854,0.037965,172.31.36.0-255,172,243712,18,253571
8855,0.037995,172.31.36.0-255,1112,244824,18,253571
8856,0.038043,172.31.36.0-255,1514,246338,18,253571
8857,0.038045,172.31.36.0-255,1514,247852,18,253571
8858,0.038046,172.31.36.0-255,1514,249366,18,253571
8859,0.038047,172.31.36.0-255,1514,250880,18,253571
8860,0.038075,172.31.36.0-255,1514,252394,18,253571
8861,0.038077,172.31.36.0-255,913,253307,18,253571
8862,0.039501,104.244.42.0-255,66,253373,18,253571
8863,0.039537,104.244.42.0-255,66,253439,18,253571
8864,0.03959,104.244.42.0-255,66,253505,18,253571
8865,0.03965,104.244.42.0-255,66,253571,18,253571
8866,0.0,74.125.24.0-255,152,152,18,134430
8867,3.7e-05,172.31.36.0-255,66,218,18,134430
8868,4.4e-05,74.125.24.0-255,1484,1702,18,134430
8869,4.8e-05,172.31.36.0-255,66,1768,18,134430
8870,6.1e-05,74.125.24.0-255,2902,4670,18,134430
8871,8e-05,172.31.36.0-255,66,4736,18,134430
8872,8.8e-05,74.125.24.0-255,7156,11892,18,134430
8873,9.1e-05,172.31.36.0-255,66,11958,18,134430
8874,0.000102,74.125.24.0-255,1484,13442,18,134430
8875,0.000105,172.31.36.0-255,66,13508,18,134430
8876,0.000109,172.31.36.0-255,66,13574,18,134430
8877,0.000155,172.31.36.0-255,66,13640,18,134430
8878,0.000177,74.125.24.0-255,2902,16542,18,134430
8879,0.00018,172.31.36.0-255,66,16608,18,134430
8880,0.000231,172.31.36.0-255,66,16674,18,134430
8881,0.000307,74.125.24.0-255,1484,18158,18,134430
8882,0.000312,172.31.36.0-255,66,18224,18,134430
8883,0.000319,74.125.24.0-255,2902,21126,18,134430
8884,0.000321,172.31.36.0-255,66,21192,18,134430
8885,0.000334,74.125.24.0-255,5738,26930,18,134430
8886,0.000337,172.31.36.0-255,66,26996,18,134430
8887,0.000373,74.125.24.0-255,7106,34102,18,134430
8888,0.000377,172.31.36.0-255,66,34168,18,134430
8889,0.000564,74.125.24.0-255,115,34283,18,134430
8890,0.00057,172.31.36.0-255,66,34349,18,134430
8891,0.000604,74.125.24.0-255,1484,35833,18,134430
8892,0.000608,172.31.36.0-255,66,35899,18,134430
8893,0.000614,74.125.24.0-255,2902,38801,18,134430
8894,0.000618,172.31.36.0-255,66,38867,18,134430
8895,0.000631,74.125.24.0-255,5738,44605,18,134430
8896,0.000634,172.31.36.0-255,66,44671,18,134430
8897,0.000638,74.125.24.0-255,1484,46155,18,134430
8898,0.000697,172.31.36.0-255,66,46221,18,134430
8899,0.000717,172.31.36.0-255,66,46287,18,134430
8900,0.000751,74.125.24.0-255,1484,47771,18,134430
8901,0.000757,74.125.24.0-255,2902,50673,18,134430
8902,0.000761,172.31.36.0-255,66,50739,18,134430
8903,0.000765,74.125.24.0-255,1484,52223,18,134430
8904,0.000801,74.125.24.0-255,4320,56543,18,134430
8905,0.000805,172.31.36.0-255,66,56609,18,134430
8906,0.000821,172.31.36.0-255,66,56675,18,134430
8907,0.00084,172.31.36.0-255,66,56741,18,134430
8908,0.000917,74.125.24.0-255,1484,58225,18,134430
8909,0.000923,74.125.24.0-255,2902,61127,18,134430
8910,0.000927,172.31.36.0-255,66,61193,18,134430
8911,0.000935,74.125.24.0-255,5738,66931,18,134430
8912,0.000937,172.31.36.0-255,66,66997,18,134430
8913,0.000962,74.125.24.0-255,4320,71317,18,134430
8914,0.000966,172.31.36.0-255,66,71383,18,134430
8915,0.001019,172.31.36.0-255,66,71449,18,134430
8916,0.001031,172.31.36.0-255,66,71515,18,134430
8917,0.001037,74.125.24.0-255,2184,73699,18,134430
8918,0.001041,172.31.36.0-255,66,73765,18,134430
8919,0.001254,74.125.24.0-255,1484,75249,18,134430
8920,0.001261,74.125.24.0-255,2902,78151,18,134430
8921,0.001266,172.31.36.0-255,66,78217,18,134430
8922,0.001306,74.125.24.0-255,4320,82537,18,134430
8923,0.00131,172.31.36.0-255,66,82603,18,134430
8924,0.001342,74.125.24.0-255,2902,85505,18,134430
8925,0.001346,172.31.36.0-255,66,85571,18,134430
8926,0.001379,74.125.24.0-255,2902,88473,18,134430
8927,0.001382,172.31.36.0-255,66,88539,18,134430
8928,0.001397,172.31.36.0-255,66,88605,18,134430
8929,0.001414,172.31.36.0-255,66,88671,18,134430
8930,0.001417,74.125.24.0-255,1484,90155,18,134430
8931,0.001421,74.125.24.0-255,2902,93057,18,134430
8932,0.001424,172.31.36.0-255,66,93123,18,134430
8933,0.001431,74.125.24.0-255,5738,98861,18,134430
8934,0.001434,172.31.36.0-255,66,98927,18,134430
8935,0.001449,172.31.36.0-255,66,98993,18,134430
8936,0.001461,172.31.36.0-255,66,99059,18,134430
8937,0.001567,172.31.36.0-255,66,99125,18,134430
8938,0.001582,172.31.36.0-255,66,99191,18,134430
8939,0.001612,172.31.36.0-255,66,99257,18,134430
8940,0.00162,74.125.24.0-255,7156,106413,18,134430
8941,0.001622,172.31.36.0-255,66,106479,18,134430
8942,0.001665,172.31.36.0-255,66,106545,18,134430
8943,0.00168,172.31.36.0-255,66,106611,18,134430
8944,0.001724,172.31.36.0-255,66,106677,18,134430
8945,0.001741,172.31.36.0-255,66,106743,18,134430
8946,0.001749,74.125.24.0-255,7156,113899,18,134430
8947,0.001755,172.31.36.0-255,66,113965,18,134430
8948,0.001791,172.31.36.0-255,66,114031,18,134430
8949,0.001795,74.125.24.0-255,766,114797,18,134430
8950,0.001829,172.31.36.0-255,66,114863,18,134430
8951,0.001882,172.31.36.0-255,66,114929,18,134430
8952,0.001886,172.31.36.0-255,66,114995,18,134430
8953,0.001893,74.125.24.0-255,6438,121433,18,134430
8954,0.001901,172.31.36.0-255,66,121499,18,134430
8955,0.001936,74.125.24.0-255,2492,123991,18,134430
8956,0.00194,172.31.36.0-255,66,124057,18,134430
8957,0.00197,74.125.24.0-255,105,124162,18,134430
8958,0.003612,172.31.36.0-255,66,124228,18,134430
8959,0.003644,172.31.36.0-255,105,124333,18,134430
8960,0.005906,74.125.24.0-255,66,124399,18,134430
8961,0.034307,172.31.36.0-255,172,124571,18,134430
8962,0.034343,172.31.36.0-255,1112,125683,18,134430
8963,0.03442,172.31.36.0-255,1514,127197,18,134430
8964,0.034422,172.31.36.0-255,1514,128711,18,134430
8965,0.034423,172.31.36.0-255,1514,130225,18,134430
8966,0.034425,172.31.36.0-255,1514,131739,18,134430
8967,0.034459,172.31.36.0-255,1514,133253,18,134430
8968,0.03446,172.31.36.0-255,913,134166,18,134430
8969,0.035876,104.244.42.0-255,66,134232,18,134430
8970,0.035916,104.244.42.0-255,66,134298,18,134430
8971,0.036033,104.244.42.0-255,66,134364,18,134430
8972,0.036053,104.244.42.0-255,66,134430,18,134430
8973,0.0,172.217.194.0-255,146,146,18,350857
8974,2.2e-05,172.31.36.0-255,66,212,18,350857
8975,2.9e-05,172.217.194.0-255,1484,1696,18,350857
8976,3.5e-05,172.31.36.0-255,66,1762,18,350857
8977,4e-05,172.217.194.0-255,2902,4664,18,350857
8978,5e-05,172.31.36.0-255,66,4730,18,350857
8979,5.8e-05,172.217.194.0-255,7156,11886,18,350857
8980,6.1e-05,172.31.36.0-255,66,11952,18,350857
8981,6.5e-05,172.217.194.0-255,2018,13970,18,350857
8982,6.8e-05,172.31.36.0-255,66,14036,18,350857
8983,9.3e-05,172.217.194.0-255,2902,16938,18,350857
8984,9.6e-05,172.31.36.0-255,66,17004,18,350857
8985,0.000128,172.217.194.0-255,4320,21324,18,350857
8986,0.000131,172.31.36.0-255,66,21390,18,350857
8987,0.000158,172.217.194.0-255,4320,25710,18,350857
8988,0.000161,172.31.36.0-255,66,25776,18,350857
8989,0.00019,172.217.194.0-255,4320,30096,18,350857
8990,0.000193,172.31.36.0-255,66,30162,18,350857
8991,0.000205,172.31.36.0-255,66,30228,18,350857
8992,0.00024,172.31.36.0-255,66,30294,18,350857
8993,0.000874,172.217.194.0-255,1484,31778,18,350857
8994,0.000881,172.31.36.0-255,66,31844,18,350857
8995,0.000887,172.217.194.0-255,2902,34746,18,350857
8996,0.000889,172.31.36.0-255,66,34812,18,350857
8997,0.000901,172.217.194.0-255,5738,40550,18,350857
8998,0.000903,172.31.36.0-255,66,40616,18,350857
8999,0.000937,172.217.194.0-255,7088,47704,18,350857
9000,0.00094,172.31.36.0-255,66,47770,18,350857
9001,0.00097,172.217.194.0-255,7156,54926,18,350857
9002,0.000974,172.31.36.0-255,66,54992,18,350857
9003,0.001002,172.217.194.0-255,4320,59312,18,350857
9004,0.001006,172.31.36.0-255,66,59378,18,350857
9005,0.001012,172.217.194.0-255,4320,63698,18,350857
9006,0.001032,172.217.194.0-255,1484,65182,18,350857
9007,0.001039,172.217.194.0-255,7156,72338,18,350857
9008,0.001045,172.31.36.0-255,66,72404,18,350857
9009,0.001097,172.217.194.0-255,5738,78142,18,350857
9010,0.0011,172.31.36.0-255,66,78208,18,350857
9011,0.001127,172.217.194.0-255,3602,81810,18,350857
9012,0.001145,172.31.36.0-255,66,81876,18,350857
9013,0.002091,172.217.194.0-255,364,82240,18,350857
9014,0.002141,172.217.194.0-255,1484,83724,18,350857
9015,0.002147,172.31.36.0-255,66,83790,18,350857
9016,0.002153,172.217.194.0-255,2902,86692,18,350857
9017,0.002203,172.217.194.0-255,5738,92430,18,350857
9018,0.00221,172.217.194.0-255,5738,98168,18,350857
9019,0.002224,172.217.194.0-255,1484,99652,18,350857
9020,0.002246,172.217.194.0-255,4320,103972,18,350857
9021,0.002256,172.31.36.0-255,66,104038,18,350857
9022,0.00228,172.31.36.0-255,66,104104,18,350857
9023,0.002308,172.217.194.0-255,2184,106288,18,350857
9024,0.002328,172.31.36.0-255,66,106354,18,350857
9025,0.004589,172.217.194.0-255,2902,109256,18,350857
9026,0.004594,172.31.36.0-255,66,109322,18,350857
9027,0.004635,172.217.194.0-255,2902,112224,18,350857
9028,0.005235,172.31.36.0-255,66,112290,18,350857
9029,0.006926,172.217.194.0-255,2902,115192,18,350857
9030,0.006933,172.31.36.0-255,66,115258,18,350857
9031,0.00756,172.217.194.0-255,2902,118160,18,350857
9032,0.007564,172.31.36.0-255,66,118226,18,350857
9033,0.009238,172.217.194.0-255,2902,121128,18,350857
9034,0.009245,172.31.36.0-255,66,121194,18,350857
9035,0.009918,172.217.194.0-255,2902,124096,18,350857
9036,0.009924,172.31.36.0-255,66,124162,18,350857
9037,0.011571,172.217.194.0-255,2902,127064,18,350857
9038,0.011579,172.31.36.0-255,66,127130,18,350857
9039,0.012241,172.217.194.0-255,2902,130032,18,350857
9040,0.012249,172.31.36.0-255,66,130098,18,350857
9041,0.013917,172.217.194.0-255,2902,133000,18,350857
9042,0.013923,172.31.36.0-255,66,133066,18,350857
9043,0.01458,172.217.194.0-255,2902,135968,18,350857
9044,0.014586,172.31.36.0-255,66,136034,18,350857
9045,0.016285,172.217.194.0-255,2902,138936,18,350857
9046,0.016293,172.31.36.0-255,66,139002,18,350857
9047,0.016929,172.217.194.0-255,2902,141904,18,350857
9048,0.016935,172.31.36.0-255,66,141970,18,350857
9049,0.018619,172.217.194.0-255,2902,144872,18,350857
9050,0.018627,172.31.36.0-255,66,144938,18,350857
9051,0.019257,172.217.194.0-255,2902,147840,18,350857
9052,0.019263,172.31.36.0-255,66,147906,18,350857
9053,0.020942,172.217.194.0-255,2902,150808,18,350857
9054,0.020951,172.31.36.0-255,66,150874,18,350857
9055,0.021579,172.217.194.0-255,2902,153776,18,350857
9056,0.021587,172.31.36.0-255,66,153842,18,350857
9057,0.023267,172.217.194.0-255,2902,156744,18,350857
9058,0.023274,172.31.36.0-255,66,156810,18,350857
9059,0.023911,172.217.194.0-255,2902,159712,18,350857
9060,0.023917,172.31.36.0-255,66,159778,18,350857
9061,0.025616,172.217.194.0-255,2902,162680,18,350857
9062,0.025623,172.31.36.0-255,66,162746,18,350857
9063,0.026223,172.217.194.0-255,2902,165648,18,350857
9064,0.02623,172.31.36.0-255,66,165714,18,350857
9065,0.027954,172.217.194.0-255,2902,168616,18,350857
9066,0.027962,172.31.36.0-255,66,168682,18,350857
9067,0.028558,172.217.194.0-255,2902,171584,18,350857
9068,0.028564,172.31.36.0-255,66,171650,18,350857
9069,0.030277,172.217.194.0-255,2902,174552,18,350857
9070,0.030284,172.31.36.0-255,66,174618,18,350857
9071,0.030863,172.217.194.0-255,2902,177520,18,350857
9072,0.030869,172.31.36.0-255,66,177586,18,350857
9073,0.032603,172.217.194.0-255,2902,180488,18,350857
9074,0.032612,172.31.36.0-255,66,180554,18,350857
9075,0.033238,172.217.194.0-255,2902,183456,18,350857
9076,0.033245,172.31.36.0-255,66,183522,18,350857
9077,0.034949,172.217.194.0-255,2902,186424,18,350857
9078,0.034957,172.31.36.0-255,66,186490,18,350857
9079,0.035556,172.217.194.0-255,2902,189392,18,350857
9080,0.035562,172.31.36.0-255,66,189458,18,350857
9081,0.036922,172.31.36.0-255,172,189630,18,350857
9082,0.036952,172.31.36.0-255,1112,190742,18,350857
9083,0.037019,172.31.36.0-255,1514,192256,18,350857
9084,0.037021,172.31.36.0-255,1514,193770,18,350857
9085,0.037026,172.31.36.0-255,1514,195284,18,350857
9086,0.037028,172.31.36.0-255,1514,196798,18,350857
9087,0.037046,172.31.36.0-255,1514,198312,18,350857
9088,0.037047,172.31.36.0-255,913,199225,18,350857
9089,0.037296,172.217.194.0-255,2902,202127,18,350857
9090,0.037302,172.31.36.0-255,66,202193,18,350857
9091,0.037929,172.217.194.0-255,2902,205095,18,350857
9092,0.037936,172.31.36.0-255,66,205161,18,350857
9093,0.038454,104.244.42.0-255,66,205227,18,350857
9094,0.038462,104.244.42.0-255,66,205293,18,350857
9095,0.038596,104.244.42.0-255,66,205359,18,350857
9096,0.038601,104.244.42.0-255,66,205425,18,350857
9097,0.039621,172.217.194.0-255,2902,208327,18,350857
9098,0.039627,172.31.36.0-255,66,208393,18,350857
9099,0.040263,172.217.194.0-255,2902,211295,18,350857
9100,0.040269,172.31.36.0-255,66,211361,18,350857
9101,0.041954,172.217.194.0-255,2902,214263,18,350857
9102,0.04196,172.31.36.0-255,66,214329,18,350857
9103,0.042598,172.217.194.0-255,2902,217231,18,350857
9104,0.042606,172.31.36.0-255,66,217297,18,350857
9105,0.044284,172.217.194.0-255,2902,220199,18,350857
9106,0.04429,172.31.36.0-255,66,220265,18,350857
9107,0.044962,172.217.194.0-255,2902,223167,18,350857
9108,0.044968,172.31.36.0-255,66,223233,18,350857
9109,0.046699,172.217.194.0-255,2902,226135,18,350857
9110,0.046706,172.31.36.0-255,66,226201,18,350857
9111,0.047285,172.217.194.0-255,2902,229103,18,350857
9112,0.048555,172.31.36.0-255,66,229169,18,350857
9113,0.049025,172.217.194.0-255,2902,232071,18,350857
9114,0.049031,172.31.36.0-255,66,232137,18,350857
9115,0.050895,172.217.194.0-255,2902,235039,18,350857
9116,0.050902,172.31.36.0-255,66,235105,18,350857
9117,0.051361,172.217.194.0-255,2902,238007,18,350857
9118,0.051367,172.31.36.0-255,66,238073,18,350857
9119,0.053246,172.217.194.0-255,2902,240975,18,350857
9120,0.053252,172.31.36.0-255,66,241041,18,350857
9121,0.053709,172.217.194.0-255,2902,243943,18,350857
9122,0.053715,172.31.36.0-255,66,244009,18,350857
9123,0.055573,172.217.194.0-255,2902,246911,18,350857
9124,0.05558,172.31.36.0-255,66,246977,18,350857
9125,0.056032,172.217.194.0-255,2902,249879,18,350857
9126,0.056039,172.31.36.0-255,66,249945,18,350857
9127,0.057943,172.217.194.0-255,2902,252847,18,350857
9128,0.05795,172.31.36.0-255,66,252913,18,350857
9129,0.058393,172.217.194.0-255,2902,255815,18,350857
9130,0.058401,172.31.36.0-255,66,255881,18,350857
9131,0.060285,172.217.194.0-255,2902,258783,18,350857
9132,0.060291,172.31.36.0-255,66,258849,18,350857
9133,0.060735,172.217.194.0-255,2902,261751,18,350857
9134,0.060742,172.31.36.0-255,66,261817,18,350857
9135,0.062628,172.217.194.0-255,2902,264719,18,350857
9136,0.062634,172.31.36.0-255,66,264785,18,350857
9137,0.063076,172.217.194.0-255,2902,267687,18,350857
9138,0.063083,172.31.36.0-255,66,267753,18,350857
9139,0.064994,172.217.194.0-255,2902,270655,18,350857
9140,0.065001,172.31.36.0-255,66,270721,18,350857
9141,0.065405,172.217.194.0-255,2902,273623,18,350857
9142,0.065412,172.31.36.0-255,66,273689,18,350857
9143,0.067347,172.217.194.0-255,2902,276591,18,350857
9144,0.067353,172.31.36.0-255,66,276657,18,350857
9145,0.067732,172.217.194.0-255,2902,279559,18,350857
9146,0.067738,172.31.36.0-255,66,279625,18,350857
9147,0.069684,172.217.194.0-255,2902,282527,18,350857
9148,0.069691,172.31.36.0-255,66,282593,18,350857
9149,0.070065,172.217.194.0-255,2902,285495,18,350857
9150,0.070071,172.31.36.0-255,66,285561,18,350857
9151,0.072026,172.217.194.0-255,2902,288463,18,350857
9152,0.072033,172.31.36.0-255,66,288529,18,350857
9153,0.072412,172.217.194.0-255,2902,291431,18,350857
9154,0.072419,172.31.36.0-255,66,291497,18,350857
9155,0.07438,172.217.194.0-255,2902,294399,18,350857
9156,0.074386,172.31.36.0-255,66,294465,18,350857
9157,0.074735,172.217.194.0-255,2902,297367,18,350857
9158,0.074741,172.31.36.0-255,66,297433,18,350857
9159,0.076691,172.217.194.0-255,2902,300335,18,350857
9160,0.076697,172.31.36.0-255,66,300401,18,350857
9161,0.077059,172.217.194.0-255,2902,303303,18,350857
9162,0.077065,172.31.36.0-255,66,303369,18,350857
9163,0.079035,172.217.194.0-255,2902,306271,18,350857
9164,0.079054,172.31.36.0-255,66,306337,18,350857
9165,0.079426,172.217.194.0-255,2902,309239,18,350857
9166,0.079432,172.31.36.0-255,66,309305,18,350857
9167,0.081367,172.217.194.0-255,2902,312207,18,350857
9168,0.081374,172.31.36.0-255,66,312273,18,350857
9169,0.081785,172.217.194.0-255,2902,315175,18,350857
9170,0.081793,172.31.36.0-255,66,315241,18,350857
9171,0.083721,172.217.194.0-255,2902,318143,18,350857
9172,0.083728,172.31.36.0-255,66,318209,18,350857
9173,0.084137,172.217.194.0-255,2902,321111,18,350857
9174,0.084144,172.31.36.0-255,66,321177,18,350857
9175,0.086091,172.217.194.0-255,2902,324079,18,350857
9176,0.086098,172.31.36.0-255,66,324145,18,350857
9177,0.086506,172.217.194.0-255,2902,327047,18,350857
9178,0.086513,172.31.36.0-255,66,327113,18,350857
9179,0.088503,172.217.194.0-255,2902,330015,18,350857
9180,0.088509,172.31.36.0-255,66,330081,18,350857
9181,0.088853,172.217.194.0-255,2902,332983,18,350857
9182,0.089096,172.31.36.0-255,66,333049,18,350857
9183,0.0909,172.217.194.0-255,2902,335951,18,350857
9184,0.090907,172.31.36.0-255,66,336017,18,350857
9185,0.091477,172.217.194.0-255,2902,338919,18,350857
9186,0.091483,172.31.36.0-255,66,338985,18,350857
9187,0.096044,172.217.194.0-255,2902,341887,18,350857
9188,0.09605,172.31.36.0-255,66,341953,18,350857
9189,0.096097,172.217.194.0-255,2902,344855,18,350857
9190,0.096112,172.31.36.0-255,66,344921,18,350857
9191,0.098406,172.217.194.0-255,2902,347823,18,350857
9192,0.098412,172.31.36.0-255,66,347889,18,350857
9193,0.098464,172.217.194.0-255,2902,350791,18,350857
9194,0.098501,172.31.36.0-255,66,350857,18,350857
9195,0.0,74.125.130.0-255,297,297,18,363363
9196,1.6e-05,172.31.36.0-255,66,363,18,363363
9197,2.3e-05,74.125.130.0-255,1484,1847,18,363363
9198,2.7e-05,172.31.36.0-255,66,1913,18,363363
9199,5.9e-05,74.125.130.0-255,4320,6233,18,363363
9200,6.2e-05,172.31.36.0-255,66,6299,18,363363
9201,9.7e-05,172.31.36.0-255,66,6365,18,363363
9202,0.000123,74.125.130.0-255,2902,9267,18,363363
9203,0.000125,172.31.36.0-255,66,9333,18,363363
9204,0.000152,74.125.130.0-255,4320,13653,18,363363
9205,0.000155,172.31.36.0-255,66,13719,18,363363
9206,0.000187,74.125.130.0-255,4320,18039,18,363363
9207,0.00019,172.31.36.0-255,66,18105,18,363363
9208,0.000215,74.125.130.0-255,4320,22425,18,363363
9209,0.000217,172.31.36.0-255,66,22491,18,363363
9210,0.000221,74.125.130.0-255,1484,23975,18,363363
9211,0.000223,172.31.36.0-255,66,24041,18,363363
9212,0.000261,74.125.130.0-255,5738,29779,18,363363
9213,0.000264,172.31.36.0-255,66,29845,18,363363
9214,0.000296,74.125.130.0-255,1484,31329,18,363363
9215,0.000298,172.31.36.0-255,66,31395,18,363363
9216,0.000329,74.125.130.0-255,7156,38551,18,363363
9217,0.000333,172.31.36.0-255,66,38617,18,363363
9218,0.000336,74.125.130.0-255,1484,40101,18,363363
9219,0.000338,172.31.36.0-255,66,40167,18,363363
9220,0.000365,74.125.130.0-255,766,40933,18,363363
9221,0.000368,172.31.36.0-255,66,40999,18,363363
9222,0.00048,74.125.130.0-255,1484,42483,18,363363
9223,0.000484,172.31.36.0-255,66,42549,18,363363
9224,0.000513,74.125.130.0-255,2902,45451,18,363363
9225,0.000516,172.31.36.0-255,66,45517,18,363363
9226,0.000522,74.125.130.0-255,4320,49837,18,363363
9227,0.000524,172.31.36.0-255,66,49903,18,363363
9228,0.000557,74.125.130.0-255,5738,55641,18,363363
9229,0.000561,172.31.36.0-255,66,55707,18,363363
9230,0.00058,74.125.130.0-255,3122,58829,18,363363
9231,0.000582,172.31.36.0-255,66,58895,18,363363
9232,0.001691,74.125.130.0-255,1484,60379,18,363363
9233,0.001703,74.125.130.0-255,2902,63281,18,363363
9234,0.001708,172.31.36.0-255,66,63347,18,363363
9235,0.001716,74.125.130.0-255,4320,67667,18,363363
9236,0.001718,172.31.36.0-255,66,67733,18,363363
9237,0.001753,74.125.130.0-255,1484,69217,18,363363
9238,0.001761,74.125.130.0-255,5738,74955,18,363363
9239,0.001764,172.31.36.0-255,66,75021,18,363363
9240,0.001772,74.125.130.0-255,7156,82177,18,363363
9241,0.001774,172.31.36.0-255,66,82243,18,363363
9242,0.001784,74.125.130.0-255,2902,85145,18,363363
9243,0.001786,172.31.36.0-255,66,85211,18,363363
9244,0.001826,172.31.36.0-255,66,85277,18,363363
9245,0.002347,74.125.130.0-255,1484,86761,18,363363
9246,0.002356,74.125.130.0-255,2902,89663,18,363363
9247,0.002361,172.31.36.0-255,66,89729,18,363363
9248,0.002369,74.125.130.0-255,5738,95467,18,363363
9249,0.002371,172.31.36.0-255,66,95533,18,363363
9250,0.002404,74.125.130.0-255,5738,101271,18,363363
9251,0.002406,172.31.36.0-255,66,101337,18,363363
9252,0.002436,74.125.130.0-255,7156,108493,18,363363
9253,0.002438,172.31.36.0-255,66,108559,18,363363
9254,0.002444,74.125.130.0-255,2902,111461,18,363363
9255,0.002446,172.31.36.0-255,66,111527,18,363363
9256,0.002486,172.31.36.0-255,66,111593,18,363363
9257,0.002517,172.31.36.0-255,66,111659,18,363363
9258,0.002526,74.125.130.0-255,5738,117397,18,363363
9259,0.002528,172.31.36.0-255,66,117463,18,363363
9260,0.002565,74.125.130.0-255,2902,120365,18,363363
9261,0.002568,172.31.36.0-255,66,120431,18,363363
9262,0.002598,74.125.130.0-255,4320,124751,18,363363
9263,0.002601,172.31.36.0-255,66,124817,18,363363
9264,0.002608,74.125.130.0-255,6438,131255,18,363363
9265,0.00261,172.31.36.0-255,66,131321,18,363363
9266,0.002706,74.125.130.0-255,1484,132805,18,363363
9267,0.002713,74.125.130.0-255,2902,135707,18,363363
9268,0.002716,172.31.36.0-255,66,135773,18,363363
9269,0.002743,74.125.130.0-255,4320,140093,18,363363
9270,0.002746,172.31.36.0-255,66,140159,18,363363
9271,0.002785,172.31.36.0-255,66,140225,18,363363
9272,0.002791,74.125.130.0-255,4320,144545,18,363363
9273,0.002793,172.31.36.0-255,66,144611,18,363363
9274,0.002796,74.125.130.0-255,1484,146095,18,363363
9275,0.002827,74.125.130.0-255,4320,150415,18,363363
9276,0.00283,172.31.36.0-255,66,150481,18,363363
9277,0.002838,74.125.130.0-255,6438,156919,18,363363
9278,0.00284,172.31.36.0-255,66,156985,18,363363
9279,0.005622,74.125.130.0-255,5738,162723,18,363363
9280,0.005636,172.31.36.0-255,66,162789,18,363363
9281,0.008413,74.125.130.0-255,5738,168527,18,363363
9282,0.008426,172.31.36.0-255,66,168593,18,363363
9283,0.011201,74.125.130.0-255,5738,174331,18,363363
9284,0.011209,172.31.36.0-255,66,174397,18,363363
9285,0.014002,74.125.130.0-255,5738,180135,18,363363
9286,0.014021,172.31.36.0-255,66,180201,18,363363
9287,0.016844,74.125.130.0-255,5738,185939,18,363363
9288,0.016861,172.31.36.0-255,66,186005,18,363363
9289,0.01965,74.125.130.0-255,5738,191743,18,363363
9290,0.019667,172.31.36.0-255,66,191809,18,363363
9291,0.022488,74.125.130.0-255,5738,197547,18,363363
9292,0.022522,172.31.36.0-255,66,197613,18,363363
9293,0.025308,74.125.130.0-255,5738,203351,18,363363
9294,0.025321,172.31.36.0-255,66,203417,18,363363
9295,0.028109,74.125.130.0-255,5738,209155,18,363363
9296,0.028126,172.31.36.0-255,66,209221,18,363363
9297,0.030958,74.125.130.0-255,5738,214959,18,363363
9298,0.030975,172.31.36.0-255,66,215025,18,363363
9299,0.033747,74.125.130.0-255,5738,220763,18,363363
9300,0.033756,172.31.36.0-255,66,220829,18,363363
9301,0.036547,74.125.130.0-255,5738,226567,18,363363
9302,0.036554,172.31.36.0-255,66,226633,18,363363
9303,0.039325,74.125.130.0-255,5738,232371,18,363363
9304,0.039334,172.31.36.0-255,66,232437,18,363363
9305,0.042117,74.125.130.0-255,5738,238175,18,363363
9306,0.042139,172.31.36.0-255,66,238241,18,363363
9307,0.044911,74.125.130.0-255,5738,243979,18,363363
9308,0.04492,172.31.36.0-255,66,244045,18,363363
9309,0.046514,172.31.36.0-255,172,244217,18,363363
9310,0.046546,172.31.36.0-255,1116,245333,18,363363
9311,0.046611,172.31.36.0-255,1514,246847,18,363363
9312,0.046612,172.31.36.0-255,1514,248361,18,363363
9313,0.046618,172.31.36.0-255,1514,249875,18,363363
9314,0.046619,172.31.36.0-255,1514,251389,18,363363
9315,0.046645,172.31.36.0-255,1500,252889,18,363363
9316,0.0477,74.125.130.0-255,5738,258627,18,363363
9317,0.047709,172.31.36.0-255,66,258693,18,363363
9318,0.048193,104.244.42.0-255,66,258759,18,363363
9319,0.048254,104.244.42.0-255,66,258825,18,363363
9320,0.048295,104.244.42.0-255,66,258891,18,363363
9321,0.050489,74.125.130.0-255,5738,264629,18,363363
9322,0.050495,172.31.36.0-255,66,264695,18,363363
9323,0.053275,74.125.130.0-255,5738,270433,18,363363
9324,0.053289,172.31.36.0-255,66,270499,18,363363
9325,0.056072,74.125.130.0-255,5738,276237,18,363363
9326,0.056086,172.31.36.0-255,66,276303,18,363363
9327,0.058883,74.125.130.0-255,5738,282041,18,363363
9328,0.0589,172.31.36.0-255,66,282107,18,363363
9329,0.061679,74.125.130.0-255,5738,287845,18,363363
9330,0.061691,172.31.36.0-255,66,287911,18,363363
9331,0.064478,74.125.130.0-255,5738,293649,18,363363
9332,0.06449,172.31.36.0-255,66,293715,18,363363
9333,0.067311,74.125.130.0-255,5738,299453,18,363363
9334,0.067321,172.31.36.0-255,66,299519,18,363363
9335,0.070113,74.125.130.0-255,5738,305257,18,363363
9336,0.07013,172.31.36.0-255,66,305323,18,363363
9337,0.072918,74.125.130.0-255,5738,311061,18,363363
9338,0.072932,172.31.36.0-255,66,311127,18,363363
9339,0.075727,74.125.130.0-255,5738,316865,18,363363
9340,0.075741,172.31.36.0-255,66,316931,18,363363
9341,0.078539,74.125.130.0-255,5738,322669,18,363363
9342,0.078545,172.31.36.0-255,66,322735,18,363363
9343,0.08132,74.125.130.0-255,5738,328473,18,363363
9344,0.081326,172.31.36.0-255,66,328539,18,363363
9345,0.084123,74.125.130.0-255,5738,334277,18,363363
9346,0.08413,172.31.36.0-255,66,334343,18,363363
9347,0.086912,74.125.130.0-255,5738,340081,18,363363
9348,0.08692,172.31.36.0-255,66,340147,18,363363
9349,0.089706,74.125.130.0-255,5738,345885,18,363363
9350,0.089719,172.31.36.0-255,66,345951,18,363363
9351,0.09252,74.125.130.0-255,5738,351689,18,363363
9352,0.092528,172.31.36.0-255,66,351755,18,363363
9353,0.095296,74.125.130.0-255,5738,357493,18,363363
9354,0.095301,172.31.36.0-255,66,357559,18,363363
9355,0.098065,74.125.130.0-255,5738,363297,18,363363
9356,0.098072,172.31.36.0-255,66,363363,18,363363
9357,0.0,172.217.194.0-255,143,143,18,307727
9358,1.1e-05,172.31.36.0-255,66,209,18,307727
9359,3.4e-05,172.217.194.0-255,1484,1693,18,307727
9360,3.8e-05,172.31.36.0-255,66,1759,18,307727
9361,4.3e-05,172.217.194.0-255,2902,4661,18,307727
9362,4.5e-05,172.31.36.0-255,66,4727,18,307727
9363,7.5e-05,172.217.194.0-255,7156,11883,18,307727
9364,7.7e-05,172.31.36.0-255,66,11949,18,307727
9365,9.1e-05,172.217.194.0-255,2902,14851,18,307727
9366,9.3e-05,172.31.36.0-255,66,14917,18,307727
9367,0.000127,172.31.36.0-255,66,14983,18,307727
9368,0.000131,172.217.194.0-255,2902,17885,18,307727
9369,0.000133,172.31.36.0-255,66,17951,18,307727
9370,0.000148,172.217.194.0-255,2543,20494,18,307727
9371,0.00015,172.31.36.0-255,66,20560,18,307727
9372,0.000153,172.217.194.0-255,1484,22044,18,307727
9373,0.000155,172.31.36.0-255,66,22110,18,307727
9374,0.00018,172.217.194.0-255,4320,26430,18,307727
9375,0.000182,172.31.36.0-255,66,26496,18,307727
9376,0.000188,172.217.194.0-255,7156,33652,18,307727
9377,0.00019,172.31.36.0-255,66,33718,18,307727
9378,0.000217,172.217.194.0-255,5738,39456,18,307727
9379,0.000219,172.31.36.0-255,66,39522,18,307727
9380,0.00023,172.31.36.0-255,66,39588,18,307727
9381,0.000249,172.217.194.0-255,2902,42490,18,307727
9382,0.000252,172.31.36.0-255,66,42556,18,307727
9383,0.00027,172.217.194.0-255,2184,44740,18,307727
9384,0.000272,172.31.36.0-255,66,44806,18,307727
9385,0.000287,172.217.194.0-255,377,45183,18,307727
9386,0.000289,172.31.36.0-255,66,45249,18,307727
9387,0.000482,172.217.194.0-255,365,45614,18,307727
9388,0.000733,172.217.194.0-255,1484,47098,18,307727
9389,0.00074,172.217.194.0-255,2902,50000,18,307727
9390,0.000761,172.217.194.0-255,1484,51484,18,307727
9391,0.000781,172.217.194.0-255,4320,55804,18,307727
9392,0.000805,172.31.36.0-255,66,55870,18,307727
9393,0.000865,172.31.36.0-255,66,55936,18,307727
9394,0.001568,172.217.194.0-255,1484,57420,18,307727
9395,0.001578,172.217.194.0-255,2902,60322,18,307727
9396,0.001582,172.31.36.0-255,66,60388,18,307727
9397,0.00159,172.217.194.0-255,5738,66126,18,307727
9398,0.001613,172.217.194.0-255,4320,70446,18,307727
9399,0.001632,172.217.194.0-255,1484,71930,18,307727
9400,0.001683,172.217.194.0-255,1484,73414,18,307727
9401,0.001698,172.217.194.0-255,2902,76316,18,307727
9402,0.001703,172.217.194.0-255,5738,82054,18,307727
9403,0.00172,172.217.194.0-255,4320,86374,18,307727
9404,0.001739,172.217.194.0-255,4320,90694,18,307727
9405,0.001751,172.217.194.0-255,2902,93596,18,307727
9406,0.001788,172.217.194.0-255,2902,96498,18,307727
9407,0.001804,172.217.194.0-255,766,97264,18,307727
9408,0.001826,172.217.194.0-255,1484,98748,18,307727
9409,0.001845,172.217.194.0-255,2902,101650,18,307727
9410,0.001848,172.217.194.0-255,1484,103134,18,307727
9411,0.001865,172.217.194.0-255,4320,107454,18,307727
9412,0.001878,172.217.194.0-255,4320,111774,18,307727
9413,0.001881,172.217.194.0-255,1484,113258,18,307727
9414,0.001938,172.217.194.0-255,4320,117578,18,307727
9415,0.001971,172.217.194.0-255,2902,120480,18,307727
9416,0.00201,172.217.194.0-255,1484,121964,18,307727
9417,0.002026,172.217.194.0-255,5738,127702,18,307727
9418,0.002044,172.217.194.0-255,2184,129886,18,307727
9419,0.002226,172.217.194.0-255,1484,131370,18,307727
9420,0.002232,172.217.194.0-255,2902,134272,18,307727
9421,0.002257,172.217.194.0-255,4320,138592,18,307727
9422,0.002272,172.217.194.0-255,1484,140076,18,307727
9423,0.002277,172.217.194.0-255,2902,142978,18,307727
9424,0.00229,172.217.194.0-255,1484,144462,18,307727
9425,0.002317,172.217.194.0-255,2902,147364,18,307727
9426,0.002373,172.217.194.0-255,1484,148848,18,307727
9427,0.00239,172.217.194.0-255,6438,155286,18,307727
9428,0.005388,172.31.36.0-255,66,155352,18,307727
9429,0.007746,172.217.194.0-255,5738,161090,18,307727
9430,0.007755,172.31.36.0-255,66,161156,18,307727
9431,0.010125,172.217.194.0-255,5738,166894,18,307727
9432,0.010135,172.31.36.0-255,66,166960,18,307727
9433,0.012507,172.217.194.0-255,5738,172698,18,307727
9434,0.012515,172.31.36.0-255,66,172764,18,307727
9435,0.014858,172.217.194.0-255,5738,178502,18,307727
9436,0.014867,172.31.36.0-255,66,178568,18,307727
9437,0.017228,172.217.194.0-255,5738,184306,18,307727
9438,0.017236,172.31.36.0-255,66,184372,18,307727
9439,0.01961,172.217.194.0-255,5738,190110,18,307727
9440,0.01962,172.31.36.0-255,66,190176,18,307727
9441,0.021965,172.217.194.0-255,5738,195914,18,307727
9442,0.021978,172.31.36.0-255,66,195980,18,307727
9443,0.024347,172.217.194.0-255,5738,201718,18,307727
9444,0.024356,172.31.36.0-255,66,201784,18,307727
9445,0.026717,172.217.194.0-255,5738,207522,18,307727
9446,0.026724,172.31.36.0-255,66,207588,18,307727
9447,0.029056,172.217.194.0-255,5738,213326,18,307727
9448,0.029064,172.31.36.0-255,66,213392,18,307727
9449,0.031425,172.217.194.0-255,5738,219130,18,307727
9450,0.031432,172.31.36.0-255,66,219196,18,307727
9451,0.033767,172.217.194.0-255,5738,224934,18,307727
9452,0.033776,172.31.36.0-255,66,225000,18,307727
9453,0.03444,172.31.36.0-255,172,225172,18,307727
9454,0.034474,172.31.36.0-255,1117,226289,18,307727
9455,0.034552,172.31.36.0-255,1514,227803,18,307727
9456,0.034554,172.31.36.0-255,1514,229317,18,307727
9457,0.034559,172.31.36.0-255,1514,230831,18,307727
9458,0.034561,172.31.36.0-255,1514,232345,18,307727
9459,0.034584,172.31.36.0-255,1514,233859,18,307727
9460,0.034586,172.31.36.0-255,908,234767,18,307727
9461,0.035997,104.244.42.0-255,66,234833,18,307727
9462,0.036054,104.244.42.0-255,66,234899,18,307727
9463,0.036095,172.217.194.0-255,5738,240637,18,307727
9464,0.0361,172.31.36.0-255,66,240703,18,307727
9465,0.036159,104.244.42.0-255,66,240769,18,307727
9466,0.036165,104.244.42.0-255,66,240835,18,307727
9467,0.038468,172.217.194.0-255,5738,246573,18,307727
9468,0.038475,172.31.36.0-255,66,246639,18,307727
9469,0.040821,172.217.194.0-255,5738,252377,18,307727
9470,0.040831,172.31.36.0-255,66,252443,18,307727
9471,0.043186,172.217.194.0-255,5738,258181,18,307727
9472,0.043193,172.31.36.0-255,66,258247,18,307727
9473,0.045536,172.217.194.0-255,5738,263985,18,307727
9474,0.045542,172.31.36.0-255,66,264051,18,307727
9475,0.047893,172.217.194.0-255,5738,269789,18,307727
9476,0.047901,172.31.36.0-255,66,269855,18,307727
9477,0.050248,172.217.194.0-255,5738,275593,18,307727
9478,0.050256,172.31.36.0-255,66,275659,18,307727
9479,0.052589,172.217.194.0-255,5738,281397,18,307727
9480,0.052595,172.31.36.0-255,66,281463,18,307727
9481,0.054998,172.217.194.0-255,5738,287201,18,307727
9482,0.055004,172.31.36.0-255,66,287267,18,307727
9483,0.057394,172.217.194.0-255,5738,293005,18,307727
9484,0.057401,172.31.36.0-255,66,293071,18,307727
9485,0.059746,172.217.194.0-255,5738,298809,18,307727
9486,0.059752,172.31.36.0-255,66,298875,18,307727
9487,0.062091,172.217.194.0-255,5738,304613,18,307727
9488,0.062097,172.31.36.0-255,66,304679,18,307727
9489,0.064443,172.217.194.0-255,2811,307490,18,307727
9490,0.064449,172.31.36.0-255,66,307556,18,307727
9491,0.064617,172.31.36.0-255,105,307661,18,307727
9492,0.066905,172.217.194.0-255,66,307727,18,307727
9493,0.0,74.125.24.0-255,153,153,18,322805
9494,2.2e-05,172.31.36.0-255,66,219,18,322805
9495,3e-05,74.125.24.0-255,1484,1703,18,322805
9496,4.8e-05,172.31.36.0-255,66,1769,18,322805
9497,5.5e-05,74.125.24.0-255,2902,4671,18,322805
9498,5.8e-05,172.31.36.0-255,66,4737,18,322805
9499,6.5e-05,74.125.24.0-255,7156,11893,18,322805
9500,6.7e-05,172.31.36.0-255,66,11959,18,322805
9501,7.2e-05,74.125.24.0-255,2028,13987,18,322805
9502,7.5e-05,172.31.36.0-255,66,14053,18,322805
9503,0.000103,74.125.24.0-255,2902,16955,18,322805
9504,0.000107,172.31.36.0-255,66,17021,18,322805
9505,0.000111,74.125.24.0-255,1484,18505,18,322805
9506,0.000113,172.31.36.0-255,66,18571,18,322805
9507,0.000118,74.125.24.0-255,2902,21473,18,322805
9508,0.000121,172.31.36.0-255,66,21539,18,322805
9509,0.000147,74.125.24.0-255,2902,24441,18,322805
9510,0.00015,172.31.36.0-255,66,24507,18,322805
9511,0.000169,74.125.24.0-255,4320,28827,18,322805
9512,0.000172,172.31.36.0-255,66,28893,18,322805
9513,0.00019,74.125.24.0-255,7156,36049,18,322805
9514,0.000193,172.31.36.0-255,66,36115,18,322805
9515,0.000217,74.125.24.0-255,2543,38658,18,322805
9516,0.000219,172.31.36.0-255,66,38724,18,322805
9517,0.000223,74.125.24.0-255,1484,40208,18,322805
9518,0.000225,172.31.36.0-255,66,40274,18,322805
9519,0.000236,172.31.36.0-255,66,40340,18,322805
9520,0.000254,74.125.24.0-255,2902,43242,18,322805
9521,0.000256,172.31.36.0-255,66,43308,18,322805
9522,0.000285,74.125.24.0-255,5738,49046,18,322805
9523,0.000288,172.31.36.0-255,66,49112,18,322805
9524,0.000295,74.125.24.0-255,7156,56268,18,322805
9525,0.000337,74.125.24.0-255,1767,58035,18,322805
9526,0.000556,74.125.24.0-255,1484,59519,18,322805
9527,0.000572,74.125.24.0-255,2902,62421,18,322805
9528,0.000578,74.125.24.0-255,5738,68159,18,322805
9529,0.00058,74.125.24.0-255,1484,69643,18,322805
9530,0.000592,74.125.24.0-255,1484,71127,18,322805
9531,0.000637,74.125.24.0-255,5738,76865,18,322805
9532,0.00065,74.125.24.0-255,3602,80467,18,322805
9533,0.000745,172.31.36.0-255,66,80533,18,322805
9534,0.001021,74.125.24.0-255,1484,82017,18,322805
9535,0.001028,74.125.24.0-255,2902,84919,18,322805
9536,0.001037,172.31.36.0-255,66,84985,18,322805
9537,0.00105,74.125.24.0-255,5738,90723,18,322805
9538,0.001069,74.125.24.0-255,2902,93625,18,322805
9539,0.001084,172.31.36.0-255,66,93691,18,322805
9540,0.001104,74.125.24.0-255,2902,96593,18,322805
9541,0.001109,172.31.36.0-255,66,96659,18,322805
9542,0.001134,74.125.24.0-255,1484,98143,18,322805
9543,0.001148,172.31.36.0-255,66,98209,18,322805
9544,0.00116,74.125.24.0-255,5738,103947,18,322805
9545,0.001177,172.31.36.0-255,66,104013,18,322805
9546,0.001194,74.125.24.0-255,4320,108333,18,322805
9547,0.001206,172.31.36.0-255,66,108399,18,322805
9548,0.001219,74.125.24.0-255,7156,115555,18,322805
9549,0.001224,172.31.36.0-255,66,115621,18,322805
9550,0.001235,74.125.24.0-255,5738,121359,18,322805
9551,0.001274,74.125.24.0-255,1484,122843,18,322805
9552,0.001298,74.125.24.0-255,6438,129281,18,322805
9553,0.001344,172.31.36.0-255,66,129347,18,322805
9554,0.001354,74.125.24.0-255,1484,130831,18,322805
9555,0.001358,74.125.24.0-255,1484,132315,18,322805
9556,0.001377,74.125.24.0-255,1484,133799,18,322805
9557,0.001384,74.125.24.0-255,5738,139537,18,322805
9558,0.001391,172.31.36.0-255,66,139603,18,322805
9559,0.001403,74.125.24.0-255,2902,142505,18,322805
9560,0.001417,74.125.24.0-255,2902,145407,18,322805
9561,0.001432,74.125.24.0-255,1484,146891,18,322805
9562,0.00144,172.31.36.0-255,66,146957,18,322805
9563,0.001454,74.125.24.0-255,1484,148441,18,322805
9564,0.001459,74.125.24.0-255,4320,152761,18,322805
9565,0.001473,74.125.24.0-255,1484,154245,18,322805
9566,0.001484,74.125.24.0-255,1484,155729,18,322805
9567,0.001487,172.31.36.0-255,66,155795,18,322805
9568,0.001508,74.125.24.0-255,2902,158697,18,322805
9569,0.001514,74.125.24.0-255,5020,163717,18,322805
9570,0.001525,172.31.36.0-255,66,163783,18,322805
9571,0.001544,74.125.24.0-255,1484,165267,18,322805
9572,0.001549,74.125.24.0-255,2902,168169,18,322805
9573,0.001555,172.31.36.0-255,66,168235,18,322805
9574,0.001585,74.125.24.0-255,5738,173973,18,322805
9575,0.00159,74.125.24.0-255,2902,176875,18,322805
9576,0.001607,172.31.36.0-255,66,176941,18,322805
9577,0.001639,74.125.24.0-255,766,177707,18,322805
9578,0.001654,172.31.36.0-255,66,177773,18,322805
9579,0.001786,74.125.24.0-255,1484,179257,18,322805
9580,0.0018,74.125.24.0-255,2902,182159,18,322805
9581,0.001806,74.125.24.0-255,4320,186479,18,322805
9582,0.001811,172.31.36.0-255,66,186545,18,322805
9583,0.001824,74.125.24.0-255,1484,188029,18,322805
9584,0.00183,74.125.24.0-255,4320,192349,18,322805
9585,0.001844,74.125.24.0-255,4320,196669,18,322805
9586,0.00186,74.125.24.0-255,7156,203825,18,322805
9587,0.001862,74.125.24.0-255,1484,205309,18,322805
9588,0.001869,172.31.36.0-255,66,205375,18,322805
9589,0.001887,74.125.24.0-255,6438,211813,18,322805
9590,0.001909,172.31.36.0-255,66,211879,18,322805
9591,0.004127,74.125.24.0-255,5738,217617,18,322805
9592,0.004134,172.31.36.0-255,66,217683,18,322805
9593,0.006346,74.125.24.0-255,5738,223421,18,322805
9594,0.006353,172.31.36.0-255,66,223487,18,322805
9595,0.008537,74.125.24.0-255,5738,229225,18,322805
9596,0.00854,172.31.36.0-255,66,229291,18,322805
9597,0.010761,74.125.24.0-255,5738,235029,18,322805
9598,0.010768,172.31.36.0-255,66,235095,18,322805
9599,0.013004,74.125.24.0-255,5738,240833,18,322805
9600,0.013012,172.31.36.0-255,66,240899,18,322805
9601,0.015263,74.125.24.0-255,5738,246637,18,322805
9602,0.015272,172.31.36.0-255,66,246703,18,322805
9603,0.017492,74.125.24.0-255,5738,252441,18,322805
9604,0.017503,172.31.36.0-255,66,252507,18,322805
9605,0.019733,74.125.24.0-255,5738,258245,18,322805
9606,0.019746,172.31.36.0-255,66,258311,18,322805
9607,0.022019,74.125.24.0-255,5738,264049,18,322805
9608,0.02203,172.31.36.0-255,66,264115,18,322805
9609,0.024221,74.125.24.0-255,5738,269853,18,322805
9610,0.024229,172.31.36.0-255,66,269919,18,322805
9611,0.026454,74.125.24.0-255,5738,275657,18,322805
9612,0.026463,172.31.36.0-255,66,275723,18,322805
9613,0.028691,74.125.24.0-255,5738,281461,18,322805
9614,0.028697,172.31.36.0-255,66,281527,18,322805
9615,0.030948,74.125.24.0-255,5738,287265,18,322805
9616,0.030958,172.31.36.0-255,66,287331,18,322805
9617,0.03316,74.125.24.0-255,5738,293069,18,322805
9618,0.033169,172.31.36.0-255,66,293135,18,322805
9619,0.0354,74.125.24.0-255,5738,298873,18,322805
9620,0.03541,172.31.36.0-255,66,298939,18,322805
9621,0.037646,74.125.24.0-255,5738,304677,18,322805
9622,0.037656,172.31.36.0-255,66,304743,18,322805
9623,0.039846,74.125.24.0-255,5738,310481,18,322805
9624,0.039856,172.31.36.0-255,66,310547,18,322805
9625,0.042055,74.125.24.0-255,5738,316285,18,322805
9626,0.042063,172.31.36.0-255,66,316351,18,322805
9627,0.043184,172.31.36.0-255,172,316523,18,322805
9628,0.043216,172.31.36.0-255,1116,317639,18,322805
9629,0.043268,172.31.36.0-255,561,318200,18,322805
9630,0.04427,74.125.24.0-255,4170,322370,18,322805
9631,0.044277,172.31.36.0-255,66,322436,18,322805
9632,0.044445,172.31.36.0-255,105,322541,18,322805
9633,0.044823,104.244.42.0-255,66,322607,18,322805
9634,0.044962,104.244.42.0-255,66,322673,18,322805
9635,0.044968,104.244.42.0-255,66,322739,18,322805
9636,0.046636,74.125.24.0-255,66,322805,18,322805
9637,0.0,172.217.194.0-255,147,147,18,172327
9638,1.7e-05,172.217.194.0-255,1484,1631,18,172327
9639,2.5e-05,172.31.36.0-255,66,1697,18,172327
9640,3.4e-05,172.217.194.0-255,2902,4599,18,172327
9641,3.7e-05,172.31.36.0-255,66,4665,18,172327
9642,5.9e-05,172.217.194.0-255,5738,10403,18,172327
9643,6.3e-05,172.31.36.0-255,66,10469,18,172327
9644,7.9e-05,172.217.194.0-255,1484,11953,18,172327
9645,8.4e-05,172.217.194.0-255,2034,13987,18,172327
9646,8.6e-05,172.31.36.0-255,66,14053,18,172327
9647,0.000121,172.217.194.0-255,1484,15537,18,172327
9648,0.000125,172.217.194.0-255,1484,17021,18,172327
9649,0.000127,172.31.36.0-255,66,17087,18,172327
9650,0.000141,172.217.194.0-255,1484,18571,18,172327
9651,0.000163,172.217.194.0-255,5738,24309,18,172327
9652,0.000166,172.31.36.0-255,66,24375,18,172327
9653,0.000173,172.217.194.0-255,5738,30113,18,172327
9654,0.000175,172.31.36.0-255,66,30179,18,172327
9655,0.000209,172.217.194.0-255,1125,31304,18,172327
9656,0.000373,172.217.194.0-255,1484,32788,18,172327
9657,0.000378,172.31.36.0-255,66,32854,18,172327
9658,0.000385,172.217.194.0-255,2902,35756,18,172327
9659,0.000388,172.31.36.0-255,66,35822,18,172327
9660,0.000395,172.217.194.0-255,5738,41560,18,172327
9661,0.000397,172.31.36.0-255,66,41626,18,172327
9662,0.000412,172.217.194.0-255,1484,43110,18,172327
9663,0.000427,172.217.194.0-255,7156,50266,18,172327
9664,0.00043,172.31.36.0-255,66,50332,18,172327
9665,0.000452,172.217.194.0-255,5379,55711,18,172327
9666,0.000455,172.31.36.0-255,66,55777,18,172327
9667,0.00047,172.217.194.0-255,1484,57261,18,172327
9668,0.000495,172.31.36.0-255,66,57327,18,172327
9669,0.000874,172.217.194.0-255,376,57703,18,172327
9670,0.001413,172.217.194.0-255,1484,59187,18,172327
9671,0.00142,172.31.36.0-255,66,59253,18,172327
9672,0.001426,172.217.194.0-255,2902,62155,18,172327
9673,0.001428,172.31.36.0-255,66,62221,18,172327
9674,0.001435,172.217.194.0-255,4320,66541,18,172327
9675,0.001437,172.31.36.0-255,66,66607,18,172327
9676,0.001452,172.217.194.0-255,1484,68091,18,172327
9677,0.001456,172.217.194.0-255,1484,69575,18,172327
9678,0.001459,172.31.36.0-255,66,69641,18,172327
9679,0.001467,172.217.194.0-255,7156,76797,18,172327
9680,0.001469,172.31.36.0-255,66,76863,18,172327
9681,0.001479,172.217.194.0-255,1484,78347,18,172327
9682,0.001513,172.217.194.0-255,2902,81249,18,172327
9683,0.001517,172.31.36.0-255,66,81315,18,172327
9684,0.001542,172.31.36.0-255,66,81381,18,172327
9685,0.002194,172.217.194.0-255,1484,82865,18,172327
9686,0.002202,172.217.194.0-255,2902,85767,18,172327
9687,0.002207,172.31.36.0-255,66,85833,18,172327
9688,0.002215,172.217.194.0-255,5738,91571,18,172327
9689,0.002217,172.31.36.0-255,66,91637,18,172327
9690,0.002234,172.217.194.0-255,1484,93121,18,172327
9691,0.00226,172.31.36.0-255,66,93187,18,172327
9692,0.00227,172.31.36.0-255,66,93253,18,172327
9693,0.002293,172.217.194.0-255,2184,95437,18,172327
9694,0.002295,172.31.36.0-255,66,95503,18,172327
9695,0.002524,172.217.194.0-255,1484,96987,18,172327
9696,0.002542,172.217.194.0-255,2902,99889,18,172327
9697,0.002545,172.31.36.0-255,66,99955,18,172327
9698,0.002551,172.217.194.0-255,5738,105693,18,172327
9699,0.002554,172.31.36.0-255,66,105759,18,172327
9700,0.002585,172.31.36.0-255,66,105825,18,172327
9701,0.002604,172.217.194.0-255,7156,112981,18,172327
9702,0.002606,172.31.36.0-255,66,113047,18,172327
9703,0.002631,172.217.194.0-255,2902,115949,18,172327
9704,0.002633,172.31.36.0-255,66,116015,18,172327
9705,0.002644,172.31.36.0-255,66,116081,18,172327
9706,0.002686,172.31.36.0-255,66,116147,18,172327
9707,0.002704,172.217.194.0-255,1484,117631,18,172327
9708,0.002717,172.31.36.0-255,66,117697,18,172327
9709,0.002761,172.217.194.0-255,2902,120599,18,172327
9710,0.002763,172.31.36.0-255,66,120665,18,172327
9711,0.002788,172.217.194.0-255,1484,122149,18,172327
9712,0.002794,172.217.194.0-255,5738,127887,18,172327
9713,0.002797,172.31.36.0-255,66,127953,18,172327
9714,0.002809,172.31.36.0-255,66,128019,18,172327
9715,0.002812,172.217.194.0-255,1484,129503,18,172327
9716,0.002825,172.217.194.0-255,2902,132405,18,172327
9717,0.002828,172.31.36.0-255,78,132483,18,172327
9718,0.002846,172.217.194.0-255,4320,136803,18,172327
9719,0.002848,172.31.36.0-255,78,136881,18,172327
9720,0.002862,172.31.36.0-255,66,136947,18,172327
9721,0.002883,172.31.36.0-255,66,137013,18,172327
9722,0.002905,172.217.194.0-255,5738,142751,18,172327
9723,0.002908,172.31.36.0-255,66,142817,18,172327
9724,0.002919,172.31.36.0-255,66,142883,18,172327
9725,0.00293,172.31.36.0-255,66,142949,18,172327
9726,0.002936,172.217.194.0-255,5738,148687,18,172327
9727,0.002939,172.31.36.0-255,66,148753,18,172327
9728,0.00297,172.31.36.0-255,66,148819,18,172327
9729,0.002987,172.217.194.0-255,5738,154557,18,172327
9730,0.00299,172.31.36.0-255,66,154623,18,172327
9731,0.003026,172.31.36.0-255,66,154689,18,172327
9732,0.003058,172.217.194.0-255,7156,161845,18,172327
9733,0.003061,172.31.36.0-255,66,161911,18,172327
9734,0.003092,172.31.36.0-255,66,161977,18,172327
9735,0.003105,172.31.36.0-255,66,162043,18,172327
9736,0.003112,172.217.194.0-255,7156,169199,18,172327
9737,0.003114,172.31.36.0-255,66,169265,18,172327
9738,0.003141,172.31.36.0-255,66,169331,18,172327
9739,0.003195,172.217.194.0-255,607,169938,18,172327
9740,0.003252,172.217.194.0-255,105,170043,18,172327
9741,0.004555,172.31.36.0-255,66,170109,18,172327
9742,0.007197,172.31.36.0-255,105,170214,18,172327
9743,0.009503,172.217.194.0-255,66,170280,18,172327
9744,0.036351,172.31.36.0-255,172,170452,18,172327
9745,0.036384,172.31.36.0-255,1115,171567,18,172327
9746,0.036438,172.31.36.0-255,562,172129,18,172327
9747,0.037943,104.244.42.0-255,66,172195,18,172327
9748,0.037983,104.244.42.0-255,66,172261,18,172327
9749,0.038003,104.244.42.0-255,66,172327,18,172327
9750,0.0,172.31.36.0-255,105,105,18,276
9751,0.083175,31.13.82.0-255,105,210,18,276
9752,0.08319,172.31.36.0-255,66,276,18,276
9753,0.0,74.125.24.0-255,150,150,18,130519
9754,1.9e-05,172.31.36.0-255,66,216,18,130519
9755,2.6e-05,74.125.24.0-255,1484,1700,18,130519
9756,3.2e-05,172.31.36.0-255,66,1766,18,130519
9757,4.6e-05,74.125.24.0-255,2902,4668,18,130519
9758,4.9e-05,172.31.36.0-255,66,4734,18,130519
9759,5.3e-05,74.125.24.0-255,2902,7636,18,130519
9760,5.7e-05,172.31.36.0-255,66,7702,18,130519
9761,7.2e-05,172.31.36.0-255,66,7768,18,130519
9762,8.4e-05,172.31.36.0-255,66,7834,18,130519
9763,8.7e-05,74.125.24.0-255,1484,9318,18,130519
9764,9e-05,172.31.36.0-255,66,9384,18,130519
9765,0.000145,172.31.36.0-255,66,9450,18,130519
9766,0.000156,74.125.24.0-255,1484,10934,18,130519
9767,0.000163,172.31.36.0-255,66,11000,18,130519
9768,0.000207,172.31.36.0-255,66,11066,18,130519
9769,0.000214,74.125.24.0-255,4320,15386,18,130519
9770,0.000216,172.31.36.0-255,66,15452,18,130519
9771,0.000257,172.31.36.0-255,66,15518,18,130519
9772,0.000287,172.31.36.0-255,66,15584,18,130519
9773,0.000415,74.125.24.0-255,1484,17068,18,130519
9774,0.00042,172.31.36.0-255,66,17134,18,130519
9775,0.000425,74.125.24.0-255,2902,20036,18,130519
9776,0.000427,172.31.36.0-255,66,20102,18,130519
9777,0.000431,74.125.24.0-255,1484,21586,18,130519
9778,0.000438,172.31.36.0-255,66,21652,18,130519
9779,0.000473,74.125.24.0-255,4320,25972,18,130519
9780,0.000476,172.31.36.0-255,66,26038,18,130519
9781,0.000495,172.31.36.0-255,66,26104,18,130519
9782,0.000506,172.31.36.0-255,66,26170,18,130519
9783,0.000567,172.31.36.0-255,66,26236,18,130519
9784,0.000579,172.31.36.0-255,66,26302,18,130519
9785,0.000621,172.31.36.0-255,66,26368,18,130519
9786,0.000639,172.31.36.0-255,66,26434,18,130519
9787,0.000657,172.31.36.0-255,66,26500,18,130519
9788,0.000705,74.125.24.0-255,7156,33656,18,130519
9789,0.000719,74.125.24.0-255,2902,36558,18,130519
9790,0.000735,74.125.24.0-255,6438,42996,18,130519
9791,0.000787,74.125.24.0-255,1484,44480,18,130519
9792,0.000806,74.125.24.0-255,2902,47382,18,130519
9793,0.000809,74.125.24.0-255,1484,48866,18,130519
9794,0.000827,74.125.24.0-255,4320,53186,18,130519
9795,0.000844,74.125.24.0-255,4320,57506,18,130519
9796,0.000849,74.125.24.0-255,2902,60408,18,130519
9797,0.000862,74.125.24.0-255,2902,63310,18,130519
9798,0.00087,172.31.36.0-255,66,63376,18,130519
9799,0.000927,74.125.24.0-255,1484,64860,18,130519
9800,0.000932,74.125.24.0-255,2184,67044,18,130519
9801,0.000983,74.125.24.0-255,1484,68528,18,130519
9802,0.000989,74.125.24.0-255,2902,71430,18,130519
9803,0.000992,74.125.24.0-255,1484,72914,18,130519
9804,0.001012,74.125.24.0-255,4320,77234,18,130519
9805,0.00103,74.125.24.0-255,5738,82972,18,130519
9806,0.001052,74.125.24.0-255,7156,90128,18,130519
9807,0.001056,74.125.24.0-255,2902,93030,18,130519
9808,0.001076,74.125.24.0-255,5738,98768,18,130519
9809,0.001111,74.125.24.0-255,2184,100952,18,130519
9810,0.001116,74.125.24.0-255,2902,103854,18,130519
9811,0.001121,74.125.24.0-255,2902,106756,18,130519
9812,0.00114,74.125.24.0-255,4320,111076,18,130519
9813,0.001186,74.125.24.0-255,7156,118232,18,130519
9814,0.001276,74.125.24.0-255,2902,121134,18,130519
9815,0.001344,74.125.24.0-255,105,121239,18,130519
9816,0.001674,172.31.36.0-255,66,121305,18,130519
9817,0.004709,172.31.36.0-255,105,121410,18,130519
9818,0.006915,74.125.24.0-255,66,121476,18,130519
9819,0.034886,172.31.36.0-255,172,121648,18,130519
9820,0.034916,172.31.36.0-255,1112,122760,18,130519
9821,0.034982,172.31.36.0-255,1514,124274,18,130519
9822,0.034984,172.31.36.0-255,1514,125788,18,130519
9823,0.034991,172.31.36.0-255,1514,127302,18,130519
9824,0.034992,172.31.36.0-255,1514,128816,18,130519
9825,0.035011,172.31.36.0-255,1505,130321,18,130519
9826,0.036434,104.244.42.0-255,66,130387,18,130519
9827,0.036445,104.244.42.0-255,66,130453,18,130519
9828,0.036554,104.244.42.0-255,66,130519,18,130519
9829,0.0,74.125.24.0-255,153,153,18,326747
9830,2.4e-05,172.31.36.0-255,66,219,18,326747
9831,3.1e-05,74.125.24.0-255,1484,1703,18,326747
9832,3.6e-05,172.31.36.0-255,66,1769,18,326747
9833,5e-05,74.125.24.0-255,2902,4671,18,326747
9834,5.5e-05,172.31.36.0-255,66,4737,18,326747
9835,6.1e-05,74.125.24.0-255,5738,10475,18,326747
9836,6.5e-05,172.31.36.0-255,66,10541,18,326747
9837,8.2e-05,172.31.36.0-255,66,10607,18,326747
9838,8.9e-05,74.125.24.0-255,6797,17404,18,326747
9839,9.2e-05,172.31.36.0-255,66,17470,18,326747
9840,0.000224,74.125.24.0-255,1484,18954,18,326747
9841,0.000228,172.31.36.0-255,66,19020,18,326747
9842,0.000233,74.125.24.0-255,1484,20504,18,326747
9843,0.000235,172.31.36.0-255,66,20570,18,326747
9844,0.000266,74.125.24.0-255,1484,22054,18,326747
9845,0.000269,172.31.36.0-255,66,22120,18,326747
9846,0.000277,74.125.24.0-255,5738,27858,18,326747
9847,0.000279,172.31.36.0-255,66,27924,18,326747
9848,0.000305,74.125.24.0-255,1484,29408,18,326747
9849,0.000307,172.31.36.0-255,66,29474,18,326747
9850,0.00034,74.125.24.0-255,5379,34853,18,326747
9851,0.000343,172.31.36.0-255,66,34919,18,326747
9852,0.00056,74.125.24.0-255,1484,36403,18,326747
9853,0.000565,172.31.36.0-255,66,36469,18,326747
9854,0.000587,74.125.24.0-255,2902,39371,18,326747
9855,0.00059,172.31.36.0-255,66,39437,18,326747
9856,0.000619,74.125.24.0-255,2902,42339,18,326747
9857,0.000622,172.31.36.0-255,66,42405,18,326747
9858,0.000627,74.125.24.0-255,2902,45307,18,326747
9859,0.00063,172.31.36.0-255,66,45373,18,326747
9860,0.00065,74.125.24.0-255,1484,46857,18,326747
9861,0.000658,74.125.24.0-255,5379,52236,18,326747
9862,0.000661,172.31.36.0-255,66,52302,18,326747
9863,0.00143,74.125.24.0-255,1484,53786,18,326747
9864,0.001453,74.125.24.0-255,2902,56688,18,326747
9865,0.001459,172.31.36.0-255,66,56754,18,326747
9866,0.001466,74.125.24.0-255,2902,59656,18,326747
9867,0.001468,172.31.36.0-255,66,59722,18,326747
9868,0.001498,74.125.24.0-255,2902,62624,18,326747
9869,0.001501,172.31.36.0-255,66,62690,18,326747
9870,0.001505,74.125.24.0-255,2902,65592,18,326747
9871,0.001507,172.31.36.0-255,66,65658,18,326747
9872,0.001532,74.125.24.0-255,7156,72814,18,326747
9873,0.001534,172.31.36.0-255,66,72880,18,326747
9874,0.001556,74.125.24.0-255,1484,74364,18,326747
9875,0.001597,172.31.36.0-255,66,74430,18,326747
9876,0.002216,74.125.24.0-255,1484,75914,18,326747
9877,0.002224,74.125.24.0-255,2902,78816,18,326747
9878,0.002229,172.31.36.0-255,66,78882,18,326747
9879,0.002236,74.125.24.0-255,4320,83202,18,326747
9880,0.002239,172.31.36.0-255,66,83268,18,326747
9881,0.002268,74.125.24.0-255,1484,84752,18,326747
9882,0.002276,74.125.24.0-255,5738,90490,18,326747
9883,0.002279,172.31.36.0-255,66,90556,18,326747
9884,0.00229,172.31.36.0-255,66,90622,18,326747
9885,0.00232,74.125.24.0-255,4320,94942,18,326747
9886,0.002323,172.31.36.0-255,66,95008,18,326747
9887,0.002329,74.125.24.0-255,5020,100028,18,326747
9888,0.002331,172.31.36.0-255,66,100094,18,326747
9889,0.004755,74.125.24.0-255,5738,105832,18,326747
9890,0.00476,172.31.36.0-255,66,105898,18,326747
9891,0.007178,74.125.24.0-255,4320,110218,18,326747
9892,0.007183,172.31.36.0-255,66,110284,18,326747
9893,0.007207,74.125.24.0-255,1484,111768,18,326747
9894,0.009866,74.125.24.0-255,4320,116088,18,326747
9895,0.009876,172.31.36.0-255,66,116154,18,326747
9896,0.012376,74.125.24.0-255,5738,121892,18,326747
9897,0.012384,172.31.36.0-255,66,121958,18,326747
9898,0.014841,74.125.24.0-255,5738,127696,18,326747
9899,0.014849,172.31.36.0-255,66,127762,18,326747
9900,0.017269,74.125.24.0-255,4320,132082,18,326747
9901,0.017276,172.31.36.0-255,66,132148,18,326747
9902,0.017301,74.125.24.0-255,1484,133632,18,326747
9903,0.019743,74.125.24.0-255,4320,137952,18,326747
9904,0.019753,172.31.36.0-255,66,138018,18,326747
9905,0.02227,74.125.24.0-255,5738,143756,18,326747
9906,0.022279,172.31.36.0-255,66,143822,18,326747
9907,0.024719,74.125.24.0-255,5738,149560,18,326747
9908,0.024727,172.31.36.0-255,66,149626,18,326747
9909,0.027181,74.125.24.0-255,4320,153946,18,326747
9910,0.027189,172.31.36.0-255,66,154012,18,326747
9911,0.027218,74.125.24.0-255,1484,155496,18,326747
9912,0.029633,74.125.24.0-255,4320,159816,18,326747
9913,0.029641,172.31.36.0-255,66,159882,18,326747
9914,0.03018,172.31.36.0-255,176,160058,18,326747
9915,0.030211,172.31.36.0-255,1116,161174,18,326747
9916,0.03027,172.31.36.0-255,1514,162688,18,326747
9917,0.030271,172.31.36.0-255,1283,163971,18,326747
9918,0.03187,104.244.42.0-255,66,164037,18,326747
9919,0.031878,104.244.42.0-255,66,164103,18,326747
9920,0.031956,104.244.42.0-255,66,164169,18,326747
9921,0.032123,74.125.24.0-255,1484,165653,18,326747
9922,0.032149,74.125.24.0-255,4320,169973,18,326747
9923,0.032154,172.31.36.0-255,66,170039,18,326747
9924,0.034646,74.125.24.0-255,5738,175777,18,326747
9925,0.034653,172.31.36.0-255,66,175843,18,326747
9926,0.037183,74.125.24.0-255,5738,181581,18,326747
9927,0.037193,172.31.36.0-255,66,181647,18,326747
9928,0.039652,74.125.24.0-255,5738,187385,18,326747
9929,0.039659,172.31.36.0-255,66,187451,18,326747
9930,0.04214,74.125.24.0-255,5738,193189,18,326747
9931,0.042147,172.31.36.0-255,66,193255,18,326747
9932,0.044716,74.125.24.0-255,5738,198993,18,326747
9933,0.044723,172.31.36.0-255,66,199059,18,326747
9934,0.047176,74.125.24.0-255,5738,204797,18,326747
9935,0.047183,172.31.36.0-255,66,204863,18,326747
9936,0.049638,74.125.24.0-255,5738,210601,18,326747
9937,0.049644,172.31.36.0-255,66,210667,18,326747
9938,0.0521,74.125.24.0-255,5738,216405,18,326747
9939,0.052109,172.31.36.0-255,66,216471,18,326747
9940,0.054665,74.125.24.0-255,5738,222209,18,326747
9941,0.054675,172.31.36.0-255,66,222275,18,326747
9942,0.057137,74.125.24.0-255,5738,228013,18,326747
9943,0.057145,172.31.36.0-255,66,228079,18,326747
9944,0.059617,74.125.24.0-255,5738,233817,18,326747
9945,0.059625,172.31.36.0-255,66,233883,18,326747
9946,0.062068,74.125.24.0-255,5738,239621,18,326747
9947,0.062075,172.31.36.0-255,66,239687,18,326747
9948,0.064547,74.125.24.0-255,5738,245425,18,326747
9949,0.064554,172.31.36.0-255,66,245491,18,326747
9950,0.067005,74.125.24.0-255,5738,251229,18,326747
9951,0.067013,172.31.36.0-255,66,251295,18,326747
9952,0.069451,74.125.24.0-255,5738,257033,18,326747
9953,0.069471,172.31.36.0-255,66,257099,18,326747
9954,0.071935,74.125.24.0-255,5738,262837,18,326747
9955,0.071947,172.31.36.0-255,66,262903,18,326747
9956,0.074477,74.125.24.0-255,5738,268641,18,326747
9957,0.074489,172.31.36.0-255,66,268707,18,326747
9958,0.077015,74.125.24.0-255,5738,274445,18,326747
9959,0.077033,172.31.36.0-255,66,274511,18,326747
9960,0.079562,74.125.24.0-255,5738,280249,18,326747
9961,0.079574,172.31.36.0-255,66,280315,18,326747
9962,0.082059,74.125.24.0-255,5738,286053,18,326747
9963,0.082072,172.31.36.0-255,66,286119,18,326747
9964,0.084509,74.125.24.0-255,5738,291857,18,326747
9965,0.084525,172.31.36.0-255,66,291923,18,326747
9966,0.086986,74.125.24.0-255,5738,297661,18,326747
9967,0.087004,172.31.36.0-255,66,297727,18,326747
9968,0.089485,74.125.24.0-255,5738,303465,18,326747
9969,0.089501,172.31.36.0-255,66,303531,18,326747
9970,0.091976,74.125.24.0-255,5738,309269,18,326747
9971,0.091986,172.31.36.0-255,66,309335,18,326747
9972,0.094447,74.125.24.0-255,5738,315073,18,326747
9973,0.094459,172.31.36.0-255,66,315139,18,326747
9974,0.096953,74.125.24.0-255,5738,320877,18,326747
9975,0.096963,172.31.36.0-255,66,320943,18,326747
9976,0.099406,74.125.24.0-255,5738,326681,18,326747
9977,0.099418,172.31.36.0-255,66,326747,18,326747
9978,0.0,172.31.36.0-255,66,66,18,66
9979,0.0,74.125.24.0-255,312,312,18,235388
9980,1.2e-05,74.125.24.0-255,1484,1796,18,235388
9981,2e-05,172.31.36.0-255,66,1862,18,235388
9982,3e-05,74.125.24.0-255,4320,6182,18,235388
9983,3.3e-05,172.31.36.0-255,66,6248,18,235388
9984,3.8e-05,74.125.24.0-255,2902,9150,18,235388
9985,4.9e-05,172.31.36.0-255,66,9216,18,235388
9986,5.7e-05,74.125.24.0-255,5738,14954,18,235388
9987,6e-05,172.31.36.0-255,66,15020,18,235388
9988,9.9e-05,74.125.24.0-255,3249,18269,18,235388
9989,0.000102,172.31.36.0-255,66,18335,18,235388
9990,0.000122,172.31.36.0-255,66,18401,18,235388
9991,0.000163,74.125.24.0-255,1484,19885,18,235388
9992,0.000167,74.125.24.0-255,1484,21369,18,235388
9993,0.00017,172.31.36.0-255,66,21435,18,235388
9994,0.000192,74.125.24.0-255,1484,22919,18,235388
9995,0.000199,74.125.24.0-255,5738,28657,18,235388
9996,0.000202,172.31.36.0-255,66,28723,18,235388
9997,0.000249,172.31.36.0-255,66,28789,18,235388
9998,0.000256,74.125.24.0-255,7156,35945,18,235388
9999,0.000259,172.31.36.0-255,66,36011,18,235388
10000,0.000286,74.125.24.0-255,2819,38830,18,235388
10001,0.000288,172.31.36.0-255,66,38896,18,235388
10002,0.000345,74.125.24.0-255,379,39275,18,235388
10003,0.000457,74.125.24.0-255,1484,40759,18,235388
10004,0.000462,172.31.36.0-255,66,40825,18,235388
10005,0.000468,74.125.24.0-255,2902,43727,18,235388
10006,0.000471,172.31.36.0-255,66,43793,18,235388
10007,0.000501,74.125.24.0-255,5738,49531,18,235388
10008,0.000504,172.31.36.0-255,66,49597,18,235388
10009,0.000516,172.31.36.0-255,66,49663,18,235388
10010,0.000544,74.125.24.0-255,2543,52206,18,235388
10011,0.000546,172.31.36.0-255,66,52272,18,235388
10012,0.000558,172.31.36.0-255,66,52338,18,235388
10013,0.000579,74.125.24.0-255,3961,56299,18,235388
10014,0.000582,172.31.36.0-255,66,56365,18,235388
10015,0.000611,74.125.24.0-255,1484,57849,18,235388
10016,0.000631,74.125.24.0-255,2902,60751,18,235388
10017,0.000634,172.31.36.0-255,66,60817,18,235388
10018,0.000662,74.125.24.0-255,5738,66555,18,235388
10019,0.000665,172.31.36.0-255,66,66621,18,235388
10020,0.000671,74.125.24.0-255,4320,70941,18,235388
10021,0.000673,172.31.36.0-255,66,71007,18,235388
10022,0.000708,74.125.24.0-255,5738,76745,18,235388
10023,0.000711,172.31.36.0-255,66,76811,18,235388
10024,0.000731,172.31.36.0-255,66,76877,18,235388
10025,0.000805,74.125.24.0-255,1484,78361,18,235388
10026,0.000811,74.125.24.0-255,1484,79845,18,235388
10027,0.000814,172.31.36.0-255,66,79911,18,235388
10028,0.000844,74.125.24.0-255,1484,81395,18,235388
10029,0.000852,74.125.24.0-255,5738,87133,18,235388
10030,0.000855,172.31.36.0-255,66,87199,18,235388
10031,0.000866,172.31.36.0-255,66,87265,18,235388
10032,0.0009,74.125.24.0-255,4320,91585,18,235388
10033,0.000903,172.31.36.0-255,66,91651,18,235388
10034,0.00091,74.125.24.0-255,5738,97389,18,235388
10035,0.000912,172.31.36.0-255,66,97455,18,235388
10036,0.000962,74.125.24.0-255,2902,100357,18,235388
10037,0.000965,172.31.36.0-255,66,100423,18,235388
10038,0.00099,74.125.24.0-255,2184,102607,18,235388
10039,0.000997,172.31.36.0-255,66,102673,18,235388
10040,0.001665,74.125.24.0-255,1484,104157,18,235388
10041,0.001672,74.125.24.0-255,2902,107059,18,235388
10042,0.001676,172.31.36.0-255,66,107125,18,235388
10043,0.00171,74.125.24.0-255,5738,112863,18,235388
10044,0.001713,172.31.36.0-255,66,112929,18,235388
10045,0.001719,74.125.24.0-255,4320,117249,18,235388
10046,0.001721,172.31.36.0-255,66,117315,18,235388
10047,0.001757,172.31.36.0-255,66,117381,18,235388
10048,0.001769,172.31.36.0-255,66,117447,18,235388
10049,0.001793,74.125.24.0-255,1484,118931,18,235388
10050,0.001824,172.31.36.0-255,66,118997,18,235388
10051,0.001867,172.31.36.0-255,66,119063,18,235388
10052,0.001879,172.31.36.0-255,66,119129,18,235388
10053,0.001897,172.31.36.0-255,66,119195,18,235388
10054,0.001904,74.125.24.0-255,5738,124933,18,235388
10055,0.001906,172.31.36.0-255,66,124999,18,235388
10056,0.001943,74.125.24.0-255,4320,129319,18,235388
10057,0.001946,172.31.36.0-255,66,129385,18,235388
10058,0.001969,172.31.36.0-255,66,129451,18,235388
10059,0.00198,172.31.36.0-255,66,129517,18,235388
10060,0.002023,74.125.24.0-255,4320,133837,18,235388
10061,0.002042,74.125.24.0-255,6438,140275,18,235388
10062,0.002046,172.31.36.0-255,66,140341,18,235388
10063,0.00205,172.31.36.0-255,66,140407,18,235388
10064,0.002052,172.31.36.0-255,66,140473,18,235388
10065,0.002093,74.125.24.0-255,1484,141957,18,235388
10066,0.002099,74.125.24.0-255,2902,144859,18,235388
10067,0.002101,172.31.36.0-255,66,144925,18,235388
10068,0.002107,74.125.24.0-255,5738,150663,18,235388
10069,0.00211,172.31.36.0-255,66,150729,18,235388
10070,0.002116,74.125.24.0-255,5738,156467,18,235388
10071,0.002124,172.31.36.0-255,66,156533,18,235388
10072,0.002151,74.125.24.0-255,7156,163689,18,235388
10073,0.002153,172.31.36.0-255,66,163755,18,235388
10074,0.002156,74.125.24.0-255,1484,165239,18,235388
10075,0.002185,74.125.24.0-255,7156,172395,18,235388
10076,0.002188,172.31.36.0-255,66,172461,18,235388
10077,0.002217,74.125.24.0-255,2184,174645,18,235388
10078,0.002219,172.31.36.0-255,66,174711,18,235388
10079,0.002231,172.31.36.0-255,66,174777,18,235388
10080,0.00224,74.125.24.0-255,4320,179097,18,235388
10081,0.002242,172.31.36.0-255,66,179163,18,235388
10082,0.00225,74.125.24.0-255,5738,184901,18,235388
10083,0.002292,172.31.36.0-255,66,184967,18,235388
10084,0.002317,74.125.24.0-255,5738,190705,18,235388
10085,0.00232,172.31.36.0-255,66,190771,18,235388
10086,0.002332,74.125.24.0-255,7156,197927,18,235388
10087,0.002335,172.31.36.0-255,66,197993,18,235388
10088,0.00234,74.125.24.0-255,3602,201595,18,235388
10089,0.002342,172.31.36.0-255,66,201661,18,235388
10090,0.002347,74.125.24.0-255,4320,205981,18,235388
10091,0.002349,172.31.36.0-255,66,206047,18,235388
10092,0.002397,172.31.36.0-255,66,206113,18,235388
10093,0.002404,74.125.24.0-255,7156,213269,18,235388
10094,0.002426,172.31.36.0-255,66,213335,18,235388
10095,0.002434,74.125.24.0-255,7156,220491,18,235388
10096,0.002436,172.31.36.0-255,66,220557,18,235388
10097,0.002471,74.125.24.0-255,6341,226898,18,235388
10098,0.002474,172.31.36.0-255,66,226964,18,235388
10099,0.002501,74.125.24.0-255,105,227069,18,235388
10100,0.012616,172.31.36.0-255,105,227174,18,235388
10101,0.015258,74.125.24.0-255,66,227240,18,235388
10102,0.031138,172.31.36.0-255,172,227412,18,235388
10103,0.031174,172.31.36.0-255,1115,228527,18,235388
10104,0.031237,172.31.36.0-255,1514,230041,18,235388
10105,0.031258,172.31.36.0-255,1514,231555,18,235388
10106,0.03126,172.31.36.0-255,1514,233069,18,235388
10107,0.03128,172.31.36.0-255,1514,234583,18,235388
10108,0.031281,172.31.36.0-255,541,235124,18,235388
10109,0.032777,104.244.42.0-255,66,235190,18,235388
10110,0.032807,104.244.42.0-255,66,235256,18,235388
10111,0.032914,104.244.42.0-255,66,235322,18,235388
10112,0.032934,104.244.42.0-255,66,235388,18,235388
10113,0.0,74.125.200.0-255,157,157,18,395421
10114,1.9e-05,172.31.36.0-255,66,223,18,395421
10115,2.6e-05,74.125.200.0-255,1484,1707,18,395421
10116,3e-05,172.31.36.0-255,66,1773,18,395421
10117,4.8e-05,74.125.200.0-255,1484,3257,18,395421
10118,5.1e-05,172.31.36.0-255,66,3323,18,395421
10119,6.5e-05,74.125.200.0-255,1484,4807,18,395421
10120,6.8e-05,172.31.36.0-255,66,4873,18,395421
10121,7.5e-05,74.125.200.0-255,4320,9193,18,395421
10122,7.8e-05,172.31.36.0-255,66,9259,18,395421
10123,0.000113,74.125.200.0-255,2902,12161,18,395421
10124,0.000116,172.31.36.0-255,66,12227,18,395421
10125,0.000148,74.125.200.0-255,2080,14307,18,395421
10126,0.000151,172.31.36.0-255,66,14373,18,395421
10127,0.000302,74.125.200.0-255,1484,15857,18,395421
10128,0.000307,172.31.36.0-255,66,15923,18,395421
10129,0.000313,74.125.200.0-255,2902,18825,18,395421
10130,0.000316,172.31.36.0-255,66,18891,18,395421
10131,0.000348,74.125.200.0-255,5738,24629,18,395421
10132,0.00035,172.31.36.0-255,66,24695,18,395421
10133,0.000355,74.125.200.0-255,2902,27597,18,395421
10134,0.000357,172.31.36.0-255,66,27663,18,395421
10135,0.000372,74.125.200.0-255,3961,31624,18,395421
10136,0.000375,172.31.36.0-255,66,31690,18,395421
10137,0.000396,74.125.200.0-255,4320,36010,18,395421
10138,0.000398,172.31.36.0-255,66,36076,18,395421
10139,0.000431,74.125.200.0-255,5738,41814,18,395421
10140,0.000434,172.31.36.0-255,66,41880,18,395421
10141,0.000449,74.125.200.0-255,1484,43364,18,395421
10142,0.000452,172.31.36.0-255,66,43430,18,395421
10143,0.000475,74.125.200.0-255,2902,46332,18,395421
10144,0.000477,172.31.36.0-255,66,46398,18,395421
10145,0.000505,74.125.200.0-255,2902,49300,18,395421
10146,0.000508,172.31.36.0-255,66,49366,18,395421
10147,0.000527,74.125.200.0-255,1484,50850,18,395421
10148,0.00056,74.125.200.0-255,4320,55170,18,395421
10149,0.000564,172.31.36.0-255,66,55236,18,395421
10150,0.000571,74.125.200.0-255,2902,58138,18,395421
10151,0.000574,172.31.36.0-255,66,58204,18,395421
10152,0.000587,74.125.200.0-255,2902,61106,18,395421
10153,0.000592,172.31.36.0-255,66,61172,18,395421
10154,0.000605,74.125.200.0-255,5020,66192,18,395421
10155,0.000608,172.31.36.0-255,66,66258,18,395421
10156,0.00065,74.125.200.0-255,363,66621,18,395421
10157,0.000669,74.125.200.0-255,132,66753,18,395421
10158,0.000775,74.125.200.0-255,1484,68237,18,395421
10159,0.000779,172.31.36.0-255,66,68303,18,395421
10160,0.000794,74.125.200.0-255,2902,71205,18,395421
10161,0.000796,172.31.36.0-255,66,71271,18,395421
10162,0.000839,74.125.200.0-255,4320,75591,18,395421
10163,0.000843,172.31.36.0-255,66,75657,18,395421
10164,0.000854,172.31.36.0-255,66,75723,18,395421
10165,0.00088,74.125.200.0-255,1484,77207,18,395421
10166,0.000931,74.125.200.0-255,7156,84363,18,395421
10167,0.000935,172.31.36.0-255,66,84429,18,395421
10168,0.000961,172.31.36.0-255,66,84495,18,395421
10169,0.000986,74.125.200.0-255,344,84839,18,395421
10170,0.001184,74.125.200.0-255,1484,86323,18,395421
10171,0.001189,172.31.36.0-255,66,86389,18,395421
10172,0.001194,74.125.200.0-255,2902,89291,18,395421
10173,0.001196,172.31.36.0-255,66,89357,18,395421
10174,0.001201,74.125.200.0-255,2902,92259,18,395421
10175,0.001203,172.31.36.0-255,66,92325,18,395421
10176,0.001227,74.125.200.0-255,2902,95227,18,395421
10177,0.00123,172.31.36.0-255,66,95293,18,395421
10178,0.001233,74.125.200.0-255,1484,96777,18,395421
10179,0.001252,74.125.200.0-255,5738,102515,18,395421
10180,0.001255,172.31.36.0-255,66,102581,18,395421
10181,0.001274,74.125.200.0-255,2902,105483,18,395421
10182,0.001276,172.31.36.0-255,66,105549,18,395421
10183,0.001301,172.31.36.0-255,66,105615,18,395421
10184,0.001347,74.125.200.0-255,5020,110635,18,395421
10185,0.001351,172.31.36.0-255,66,110701,18,395421
10186,0.001529,74.125.200.0-255,1484,112185,18,395421
10187,0.001551,74.125.200.0-255,2902,115087,18,395421
10188,0.001554,172.31.36.0-255,66,115153,18,395421
10189,0.001558,74.125.200.0-255,1484,116637,18,395421
10190,0.001577,74.125.200.0-255,2902,119539,18,395421
10191,0.001579,172.31.36.0-255,66,119605,18,395421
10192,0.001604,74.125.200.0-255,4320,123925,18,395421
10193,0.001606,172.31.36.0-255,66,123991,18,395421
10194,0.001629,74.125.200.0-255,1484,125475,18,395421
10195,0.001632,74.125.200.0-255,1484,126959,18,395421
10196,0.001634,172.31.36.0-255,66,127025,18,395421
10197,0.001639,74.125.200.0-255,2902,129927,18,395421
10198,0.001641,172.31.36.0-255,66,129993,18,395421
10199,0.001669,74.125.200.0-255,2902,132895,18,395421
10200,0.001672,172.31.36.0-255,66,132961,18,395421
10201,0.001678,74.125.200.0-255,2902,135863,18,395421
10202,0.00168,172.31.36.0-255,66,135929,18,395421
10203,0.001707,74.125.200.0-255,1484,137413,18,395421
10204,0.001711,74.125.200.0-255,2902,140315,18,395421
10205,0.001714,172.31.36.0-255,66,140381,18,395421
10206,0.001732,74.125.200.0-255,4320,144701,18,395421
10207,0.001735,172.31.36.0-255,66,144767,18,395421
10208,0.001747,74.125.200.0-255,766,145533,18,395421
10209,0.00236,172.31.36.0-255,66,145599,18,395421
10210,0.00375,74.125.200.0-255,4320,149919,18,395421
10211,0.003757,172.31.36.0-255,66,149985,18,395421
10212,0.004385,74.125.200.0-255,1484,151469,18,395421
10213,0.005773,74.125.200.0-255,2902,154371,18,395421
10214,0.005779,172.31.36.0-255,66,154437,18,395421
10215,0.005793,74.125.200.0-255,1484,155921,18,395421
10216,0.007811,74.125.200.0-255,4320,160241,18,395421
10217,0.007816,172.31.36.0-255,66,160307,18,395421
10218,0.009844,74.125.200.0-255,4320,164627,18,395421
10219,0.009852,172.31.36.0-255,66,164693,18,395421
10220,0.009871,74.125.200.0-255,1484,166177,18,395421
10221,0.011899,74.125.200.0-255,4320,170497,18,395421
10222,0.011907,172.31.36.0-255,66,170563,18,395421
10223,0.013935,74.125.200.0-255,5738,176301,18,395421
10224,0.013942,172.31.36.0-255,66,176367,18,395421
10225,0.015972,74.125.200.0-255,5738,182105,18,395421
10226,0.015982,172.31.36.0-255,66,182171,18,395421
10227,0.018009,74.125.200.0-255,5738,187909,18,395421
10228,0.018015,172.31.36.0-255,66,187975,18,395421
10229,0.020038,74.125.200.0-255,4320,192295,18,395421
10230,0.020044,172.31.36.0-255,66,192361,18,395421
10231,0.020061,74.125.200.0-255,1484,193845,18,395421
10232,0.022083,74.125.200.0-255,2902,196747,18,395421
10233,0.022089,172.31.36.0-255,66,196813,18,395421
10234,0.022108,74.125.200.0-255,1484,198297,18,395421
10235,0.024106,74.125.200.0-255,4320,202617,18,395421
10236,0.024113,172.31.36.0-255,66,202683,18,395421
10237,0.025644,172.31.36.0-255,193,202876,18,395421
10238,0.025674,172.31.36.0-255,1114,203990,18,395421
10239,0.025738,172.31.36.0-255,1514,205504,18,395421
10240,0.02574,172.31.36.0-255,1514,207018,18,395421
10241,0.025741,172.31.36.0-255,1514,208532,18,395421
10242,0.025742,172.31.36.0-255,1514,210046,18,395421
10243,0.025743,172.31.36.0-255,543,210589,18,395421
10244,0.026171,74.125.200.0-255,5738,216327,18,395421
10245,0.026178,172.31.36.0-255,66,216393,18,395421
10246,0.027885,104.244.42.0-255,66,216459,18,395421
10247,0.028211,74.125.200.0-255,5738,222197,18,395421
10248,0.028216,172.31.36.0-255,66,222263,18,395421
10249,0.030241,74.125.200.0-255,5738,228001,18,395421
10250,0.030248,172.31.36.0-255,66,228067,18,395421
10251,0.032288,74.125.200.0-255,5738,233805,18,395421
10252,0.0323,172.31.36.0-255,66,233871,18,395421
10253,0.034335,74.125.200.0-255,5738,239609,18,395421
10254,0.034346,172.31.36.0-255,66,239675,18,395421
10255,0.036385,74.125.200.0-255,5738,245413,18,395421
10256,0.036393,172.31.36.0-255,66,245479,18,395421
10257,0.038417,74.125.200.0-255,5738,251217,18,395421
10258,0.038422,172.31.36.0-255,66,251283,18,395421
10259,0.040455,74.125.200.0-255,5738,257021,18,395421
10260,0.040462,172.31.36.0-255,66,257087,18,395421
10261,0.042496,74.125.200.0-255,5738,262825,18,395421
10262,0.042503,172.31.36.0-255,66,262891,18,395421
10263,0.04455,74.125.200.0-255,5738,268629,18,395421
10264,0.044557,172.31.36.0-255,66,268695,18,395421
10265,0.046591,74.125.200.0-255,5738,274433,18,395421
10266,0.046598,172.31.36.0-255,66,274499,18,395421
10267,0.048627,74.125.200.0-255,5738,280237,18,395421
10268,0.048634,172.31.36.0-255,66,280303,18,395421
10269,0.050653,74.125.200.0-255,5738,286041,18,395421
10270,0.05066,172.31.36.0-255,66,286107,18,395421
10271,0.05269,74.125.200.0-255,5738,291845,18,395421
10272,0.052697,172.31.36.0-255,66,291911,18,395421
10273,0.054732,74.125.200.0-255,5738,297649,18,395421
10274,0.054739,172.31.36.0-255,66,297715,18,395421
10275,0.056804,74.125.200.0-255,5738,303453,18,395421
10276,0.056809,172.31.36.0-255,66,303519,18,395421
10277,0.058849,74.125.200.0-255,5738,309257,18,395421
10278,0.058856,172.31.36.0-255,66,309323,18,395421
10279,0.06088,74.125.200.0-255,5738,315061,18,395421
10280,0.060889,172.31.36.0-255,66,315127,18,395421
10281,0.062936,74.125.200.0-255,5738,320865,18,395421
10282,0.062943,172.31.36.0-255,66,320931,18,395421
10283,0.06497,74.125.200.0-255,5738,326669,18,395421
10284,0.064976,172.31.36.0-255,66,326735,18,395421
10285,0.06701,74.125.200.0-255,5738,332473,18,395421
10286,0.067017,172.31.36.0-255,66,332539,18,395421
10287,0.069046,74.125.200.0-255,5738,338277,18,395421
10288,0.069053,172.31.36.0-255,66,338343,18,395421
10289,0.071087,74.125.200.0-255,5738,344081,18,395421
10290,0.071093,172.31.36.0-255,66,344147,18,395421
10291,0.073123,74.125.200.0-255,5738,349885,18,395421
10292,0.07313,172.31.36.0-255,66,349951,18,395421
10293,0.07514,74.125.200.0-255,5738,355689,18,395421
10294,0.075147,172.31.36.0-255,66,355755,18,395421
10295,0.077196,74.125.200.0-255,5738,361493,18,395421
10296,0.077203,172.31.36.0-255,66,361559,18,395421
10297,0.07923,74.125.200.0-255,5738,367297,18,395421
10298,0.079235,172.31.36.0-255,66,367363,18,395421
10299,0.081277,74.125.200.0-255,5738,373101,18,395421
10300,0.081282,172.31.36.0-255,66,373167,18,395421
10301,0.083327,74.125.200.0-255,5738,378905,18,395421
10302,0.083334,172.31.36.0-255,66,378971,18,395421
10303,0.085424,74.125.200.0-255,5738,384709,18,395421
10304,0.085431,172.31.36.0-255,66,384775,18,395421
10305,0.087465,74.125.200.0-255,5738,390513,18,395421
10306,0.087471,172.31.36.0-255,66,390579,18,395421
10307,0.089499,74.125.200.0-255,4605,395184,18,395421
10308,0.089504,172.31.36.0-255,66,395250,18,395421
10309,0.089684,172.31.36.0-255,105,395355,18,395421
10310,0.091672,74.125.200.0-255,66,395421,18,395421
10311,0.0,172.217.194.0-255,153,153,18,138364
10312,2.3e-05,172.31.36.0-255,66,219,18,138364
10313,3e-05,172.217.194.0-255,1484,1703,18,138364
10314,3.4e-05,172.31.36.0-255,66,1769,18,138364
10315,3.7e-05,172.217.194.0-255,1484,3253,18,138364
10316,3.9e-05,172.31.36.0-255,66,3319,18,138364
10317,7.6e-05,172.217.194.0-255,1484,4803,18,138364
10318,7.9e-05,172.31.36.0-255,66,4869,18,138364
10319,8.8e-05,172.217.194.0-255,7156,12025,18,138364
10320,9.1e-05,172.31.36.0-255,66,12091,18,138364
10321,0.000117,172.217.194.0-255,5738,17829,18,138364
10322,0.00012,172.31.36.0-255,66,17895,18,138364
10323,0.000167,172.31.36.0-255,66,17961,18,138364
10324,0.00017,172.217.194.0-255,1484,19445,18,138364
10325,0.000172,172.31.36.0-255,66,19511,18,138364
10326,0.000176,172.217.194.0-255,1125,20636,18,138364
10327,0.000177,172.31.36.0-255,66,20702,18,138364
10328,0.000186,172.217.194.0-255,1484,22186,18,138364
10329,0.000188,172.31.36.0-255,66,22252,18,138364
10330,0.000194,172.217.194.0-255,4320,26572,18,138364
10331,0.000197,172.31.36.0-255,66,26638,18,138364
10332,0.000204,172.217.194.0-255,7156,33794,18,138364
10333,0.000207,172.31.36.0-255,66,33860,18,138364
10334,0.00025,172.31.36.0-255,66,33926,18,138364
10335,0.000259,172.217.194.0-255,7118,41044,18,138364
10336,0.000262,172.31.36.0-255,66,41110,18,138364
10337,0.000264,172.217.194.0-255,365,41475,18,138364
10338,0.000266,172.31.36.0-255,66,41541,18,138364
10339,0.000466,172.217.194.0-255,1484,43025,18,138364
10340,0.00047,172.31.36.0-255,66,43091,18,138364
10341,0.000486,172.217.194.0-255,2902,45993,18,138364
10342,0.000489,172.31.36.0-255,66,46059,18,138364
10343,0.0005,172.217.194.0-255,5738,51797,18,138364
10344,0.000503,172.31.36.0-255,66,51863,18,138364
10345,0.000511,172.217.194.0-255,7156,59019,18,138364
10346,0.000513,172.31.36.0-255,66,59085,18,138364
10347,0.000564,172.31.36.0-255,66,59151,18,138364
10348,0.000569,172.217.194.0-255,1635,60786,18,138364
10349,0.000571,172.31.36.0-255,66,60852,18,138364
10350,0.000615,172.217.194.0-255,1484,62336,18,138364
10351,0.000621,172.217.194.0-255,2902,65238,18,138364
10352,0.000626,172.31.36.0-255,66,65304,18,138364
10353,0.000654,172.217.194.0-255,5738,71042,18,138364
10354,0.000657,172.31.36.0-255,66,71108,18,138364
10355,0.000668,172.31.36.0-255,66,71174,18,138364
10356,0.00071,172.217.194.0-255,7156,78330,18,138364
10357,0.000714,172.31.36.0-255,66,78396,18,138364
10358,0.00076,172.31.36.0-255,66,78462,18,138364
10359,0.000943,172.217.194.0-255,1484,79946,18,138364
10360,0.000949,172.217.194.0-255,2902,82848,18,138364
10361,0.000952,172.31.36.0-255,66,82914,18,138364
10362,0.000959,172.217.194.0-255,5738,88652,18,138364
10363,0.000961,172.31.36.0-255,66,88718,18,138364
10364,0.000988,172.31.36.0-255,66,88784,18,138364
10365,0.001015,172.217.194.0-255,4320,93104,18,138364
10366,0.001018,172.31.36.0-255,66,93170,18,138364
10367,0.001031,172.31.36.0-255,66,93236,18,138364
10368,0.001114,172.217.194.0-255,1484,94720,18,138364
10369,0.00112,172.217.194.0-255,2902,97622,18,138364
10370,0.001123,172.31.36.0-255,66,97688,18,138364
10371,0.001127,172.217.194.0-255,1484,99172,18,138364
10372,0.001156,172.217.194.0-255,4320,103492,18,138364
10373,0.001159,172.31.36.0-255,66,103558,18,138364
10374,0.001172,172.31.36.0-255,66,103624,18,138364
10375,0.001199,172.217.194.0-255,1484,105108,18,138364
10376,0.001213,172.31.36.0-255,66,105174,18,138364
10377,0.001215,172.217.194.0-255,766,105940,18,138364
10378,0.00183,172.31.36.0-255,66,106006,18,138364
10379,0.001875,172.217.194.0-255,1484,107490,18,138364
10380,0.00188,172.217.194.0-255,2902,110392,18,138364
10381,0.001883,172.31.36.0-255,66,110458,18,138364
10382,0.001888,172.217.194.0-255,2902,113360,18,138364
10383,0.00189,172.31.36.0-255,66,113426,18,138364
10384,0.001911,172.217.194.0-255,2902,116328,18,138364
10385,0.001919,172.31.36.0-255,66,116394,18,138364
10386,0.001934,172.31.36.0-255,66,116460,18,138364
10387,0.001976,172.217.194.0-255,5738,122198,18,138364
10388,0.00198,172.31.36.0-255,66,122264,18,138364
10389,0.002025,172.217.194.0-255,5020,127284,18,138364
10390,0.002028,172.31.36.0-255,66,127350,18,138364
10391,0.002068,172.31.36.0-255,66,127416,18,138364
10392,0.002088,172.31.36.0-255,66,127482,18,138364
10393,0.002104,172.31.36.0-255,66,127548,18,138364
10394,0.002117,172.31.36.0-255,66,127614,18,138364
10395,0.002169,172.31.36.0-255,66,127680,18,138364
10396,0.002196,172.31.36.0-255,66,127746,18,138364
10397,0.00705,172.31.36.0-255,66,127812,18,138364
10398,0.009333,172.217.194.0-255,105,127917,18,138364
10399,0.00938,172.31.36.0-255,66,127983,18,138364
10400,0.009415,172.31.36.0-255,105,128088,18,138364
10401,0.011698,172.217.194.0-255,66,128154,18,138364
10402,0.034917,172.31.36.0-255,176,128330,18,138364
10403,0.034948,172.31.36.0-255,1112,129442,18,138364
10404,0.034995,172.31.36.0-255,1514,130956,18,138364
10405,0.034997,172.31.36.0-255,1514,132470,18,138364
10406,0.035002,172.31.36.0-255,1514,133984,18,138364
10407,0.035003,172.31.36.0-255,1514,135498,18,138364
10408,0.03502,172.31.36.0-255,1514,137012,18,138364
10409,0.035021,172.31.36.0-255,914,137926,18,138364
10410,0.036477,104.244.42.0-255,66,137992,18,138364
10411,0.036511,104.244.42.0-255,66,138058,18,138364
10412,0.036559,104.244.42.0-255,66,138124,18,138364
10413,0.036562,104.244.42.0-255,66,138190,18,138364
10414,0.037209,104.244.42.0-255,108,138298,18,138364
10415,0.03723,172.31.36.0-255,66,138364,18,138364
10416,0.0,172.217.194.0-255,146,146,18,147318
10417,1.3e-05,172.31.36.0-255,66,212,18,147318
10418,1.9e-05,172.217.194.0-255,1484,1696,18,147318
10419,2.3e-05,172.31.36.0-255,66,1762,18,147318
10420,4e-05,172.217.194.0-255,2902,4664,18,147318
10421,4.3e-05,172.31.36.0-255,66,4730,18,147318
10422,4.9e-05,172.217.194.0-255,4320,9050,18,147318
10423,5.3e-05,172.31.36.0-255,66,9116,18,147318
10424,5.6e-05,172.217.194.0-255,1484,10600,18,147318
10425,5.9e-05,172.31.36.0-255,66,10666,18,147318
10426,8.3e-05,172.217.194.0-255,3437,14103,18,147318
10427,8.6e-05,172.31.36.0-255,66,14169,18,147318
10428,0.000104,172.31.36.0-255,66,14235,18,147318
10429,0.000133,172.217.194.0-255,1484,15719,18,147318
10430,0.000135,172.31.36.0-255,66,15785,18,147318
10431,0.000139,172.217.194.0-255,1484,17269,18,147318
10432,0.000141,172.31.36.0-255,66,17335,18,147318
10433,0.000148,172.217.194.0-255,3961,21296,18,147318
10434,0.000154,172.31.36.0-255,66,21362,18,147318
10435,0.000185,172.217.194.0-255,4320,25682,18,147318
10436,0.000187,172.31.36.0-255,66,25748,18,147318
10437,0.000193,172.217.194.0-255,4320,30068,18,147318
10438,0.000196,172.31.36.0-255,66,30134,18,147318
10439,0.000235,172.31.36.0-255,66,30200,18,147318
10440,0.000283,172.31.36.0-255,66,30266,18,147318
10441,0.000286,172.217.194.0-255,378,30644,18,147318
10442,0.000288,172.31.36.0-255,66,30710,18,147318
10443,0.00034,172.217.194.0-255,365,31075,18,147318
10444,0.000343,172.31.36.0-255,66,31141,18,147318
10445,0.000384,172.217.194.0-255,1484,32625,18,147318
10446,0.000399,172.217.194.0-255,2902,35527,18,147318
10447,0.00041,172.217.194.0-255,2902,38429,18,147318
10448,0.000423,172.217.194.0-255,2902,41331,18,147318
10449,0.000472,172.217.194.0-255,2902,44233,18,147318
10450,0.000513,172.217.194.0-255,5738,49971,18,147318
10451,0.000529,172.217.194.0-255,1635,51606,18,147318
10452,0.000632,172.31.36.0-255,66,51672,18,147318
10453,0.000726,172.217.194.0-255,1484,53156,18,147318
10454,0.000742,172.217.194.0-255,2902,56058,18,147318
10455,0.000745,172.217.194.0-255,1484,57542,18,147318
10456,0.00075,172.31.36.0-255,66,57608,18,147318
10457,0.000768,172.217.194.0-255,4320,61928,18,147318
10458,0.000773,172.217.194.0-255,4320,66248,18,147318
10459,0.000786,172.217.194.0-255,4320,70568,18,147318
10460,0.000806,172.217.194.0-255,7156,77724,18,147318
10461,0.000829,172.31.36.0-255,66,77790,18,147318
10462,0.001083,172.217.194.0-255,1484,79274,18,147318
10463,0.001087,172.217.194.0-255,1484,80758,18,147318
10464,0.001101,172.31.36.0-255,66,80824,18,147318
10465,0.001105,172.217.194.0-255,1484,82308,18,147318
10466,0.001111,172.217.194.0-255,5738,88046,18,147318
10467,0.001135,172.31.36.0-255,66,88112,18,147318
10468,0.001167,172.217.194.0-255,1484,89596,18,147318
10469,0.001182,172.217.194.0-255,2184,91780,18,147318
10470,0.001189,172.31.36.0-255,66,91846,18,147318
10471,0.001271,172.217.194.0-255,1484,93330,18,147318
10472,0.001275,172.217.194.0-255,1484,94814,18,147318
10473,0.001293,172.217.194.0-255,1484,96298,18,147318
10474,0.001299,172.217.194.0-255,5738,102036,18,147318
10475,0.001304,172.31.36.0-255,66,102102,18,147318
10476,0.001358,172.31.36.0-255,66,102168,18,147318
10477,0.001386,172.217.194.0-255,2184,104352,18,147318
10478,0.001394,172.31.36.0-255,66,104418,18,147318
10479,0.001451,172.217.194.0-255,1484,105902,18,147318
10480,0.001467,172.217.194.0-255,2902,108804,18,147318
10481,0.001469,172.217.194.0-255,1484,110288,18,147318
10482,0.001476,172.31.36.0-255,66,110354,18,147318
10483,0.001495,172.217.194.0-255,4320,114674,18,147318
10484,0.001534,172.217.194.0-255,7156,121830,18,147318
10485,0.001537,172.31.36.0-255,66,121896,18,147318
10486,0.001553,172.217.194.0-255,3602,125498,18,147318
10487,0.001557,172.31.36.0-255,66,125564,18,147318
10488,0.001583,172.31.36.0-255,66,125630,18,147318
10489,0.001641,172.217.194.0-255,1484,127114,18,147318
10490,0.001645,172.217.194.0-255,1484,128598,18,147318
10491,0.001665,172.217.194.0-255,1484,130082,18,147318
10492,0.001672,172.217.194.0-255,5738,135820,18,147318
10493,0.00171,172.31.36.0-255,66,135886,18,147318
10494,0.001726,172.217.194.0-255,4320,140206,18,147318
10495,0.001782,172.31.36.0-255,66,140272,18,147318
10496,0.001856,172.217.194.0-255,3602,143874,18,147318
10497,0.001872,172.31.36.0-255,66,143940,18,147318
10498,0.001878,172.31.36.0-255,66,144006,18,147318
10499,0.001957,172.31.36.0-255,66,144072,18,147318
10500,0.002003,172.217.194.0-255,105,144177,18,147318
10501,0.002013,172.31.36.0-255,66,144243,18,147318
10502,0.01089,172.31.36.0-255,105,144348,18,147318
10503,0.013409,172.217.194.0-255,66,144414,18,147318
10504,0.036053,172.31.36.0-255,172,144586,18,147318
10505,0.036085,172.31.36.0-255,1112,145698,18,147318
10506,0.036143,172.31.36.0-255,1422,147120,18,147318
10507,0.037613,104.244.42.0-255,66,147186,18,147318
10508,0.037628,104.244.42.0-255,66,147252,18,147318
10509,0.03771,104.244.42.0-255,66,147318,18,147318
10510,0.0,74.125.24.0-255,146,146,18,328862
10511,3.1e-05,172.31.36.0-255,66,212,18,328862
10512,3.8e-05,74.125.24.0-255,1484,1696,18,328862
10513,4.2e-05,172.31.36.0-255,66,1762,18,328862
10514,7.4e-05,74.125.24.0-255,2902,4664,18,328862
10515,7.7e-05,172.31.36.0-255,66,4730,18,328862
10516,8.4e-05,74.125.24.0-255,5738,10468,18,328862
10517,8.6e-05,172.31.36.0-255,66,10534,18,328862
10518,8.9e-05,74.125.24.0-255,1484,12018,18,328862
10519,9.3e-05,172.31.36.0-255,66,12084,18,328862
10520,0.000116,74.125.24.0-255,4857,16941,18,328862
10521,0.000118,172.31.36.0-255,66,17007,18,328862
10522,0.000126,74.125.24.0-255,7156,24163,18,328862
10523,0.000129,172.31.36.0-255,66,24229,18,328862
10524,0.000154,74.125.24.0-255,6797,31026,18,328862
10525,0.000158,172.31.36.0-255,66,31092,18,328862
10526,0.000244,74.125.24.0-255,1484,32576,18,328862
10527,0.000247,172.31.36.0-255,66,32642,18,328862
10528,0.000278,74.125.24.0-255,2902,35544,18,328862
10529,0.000281,172.31.36.0-255,66,35610,18,328862
10530,0.000287,74.125.24.0-255,5738,41348,18,328862
10531,0.00029,172.31.36.0-255,66,41414,18,328862
10532,0.000339,172.31.36.0-255,66,41480,18,328862
10533,0.000353,74.125.24.0-255,5738,47218,18,328862
10534,0.000361,172.31.36.0-255,66,47284,18,328862
10535,0.000388,74.125.24.0-255,5738,53022,18,328862
10536,0.000392,172.31.36.0-255,66,53088,18,328862
10537,0.000417,74.125.24.0-255,1479,54567,18,328862
10538,0.00042,172.31.36.0-255,66,54633,18,328862
10539,0.000837,74.125.24.0-255,1484,56117,18,328862
10540,0.000842,172.31.36.0-255,66,56183,18,328862
10541,0.000874,74.125.24.0-255,2902,59085,18,328862
10542,0.000877,172.31.36.0-255,66,59151,18,328862
10543,0.000884,74.125.24.0-255,5738,64889,18,328862
10544,0.000886,172.31.36.0-255,66,64955,18,328862
10545,0.000923,172.31.36.0-255,66,65021,18,328862
10546,0.000961,74.125.24.0-255,2543,67564,18,328862
10547,0.000964,172.31.36.0-255,66,67630,18,328862
10548,0.00098,172.31.36.0-255,66,67696,18,328862
10549,0.000993,172.31.36.0-255,66,67762,18,328862
10550,0.001046,74.125.24.0-255,1484,69246,18,328862
10551,0.001067,74.125.24.0-255,2902,72148,18,328862
10552,0.00107,172.31.36.0-255,66,72214,18,328862
10553,0.001077,74.125.24.0-255,5738,77952,18,328862
10554,0.001079,172.31.36.0-255,66,78018,18,328862
10555,0.001085,74.125.24.0-255,6797,84815,18,328862
10556,0.001088,172.31.36.0-255,66,84881,18,328862
10557,0.001134,172.31.36.0-255,66,84947,18,328862
10558,0.001144,172.31.36.0-255,66,85013,18,328862
10559,0.00118,172.31.36.0-255,66,85079,18,328862
10560,0.00121,74.125.24.0-255,2184,87263,18,328862
10561,0.001213,172.31.36.0-255,66,87329,18,328862
10562,0.001388,74.125.24.0-255,1484,88813,18,328862
10563,0.001396,74.125.24.0-255,2902,91715,18,328862
10564,0.0014,172.31.36.0-255,66,91781,18,328862
10565,0.001407,74.125.24.0-255,5738,97519,18,328862
10566,0.00141,172.31.36.0-255,66,97585,18,328862
10567,0.001413,74.125.24.0-255,1484,99069,18,328862
10568,0.001434,74.125.24.0-255,2902,101971,18,328862
10569,0.001437,172.31.36.0-255,66,102037,18,328862
10570,0.001445,74.125.24.0-255,4320,106357,18,328862
10571,0.001448,172.31.36.0-255,66,106423,18,328862
10572,0.001475,74.125.24.0-255,7156,113579,18,328862
10573,0.001478,172.31.36.0-255,66,113645,18,328862
10574,0.001488,172.31.36.0-255,66,113711,18,328862
10575,0.001665,74.125.24.0-255,1484,115195,18,328862
10576,0.001669,74.125.24.0-255,2902,118097,18,328862
10577,0.001671,172.31.36.0-255,66,118163,18,328862
10578,0.001708,74.125.24.0-255,5738,123901,18,328862
10579,0.001711,172.31.36.0-255,66,123967,18,328862
10580,0.001738,74.125.24.0-255,5738,129705,18,328862
10581,0.001741,172.31.36.0-255,66,129771,18,328862
10582,0.001745,74.125.24.0-255,4320,134091,18,328862
10583,0.001747,172.31.36.0-255,66,134157,18,328862
10584,0.001784,172.31.36.0-255,66,134223,18,328862
10585,0.00179,74.125.24.0-255,5020,139243,18,328862
10586,0.001792,172.31.36.0-255,66,139309,18,328862
10587,0.00383,74.125.24.0-255,5738,145047,18,328862
10588,0.003835,172.31.36.0-255,66,145113,18,328862
10589,0.00587,74.125.24.0-255,5738,150851,18,328862
10590,0.005875,172.31.36.0-255,66,150917,18,328862
10591,0.007937,74.125.24.0-255,5738,156655,18,328862
10592,0.007944,172.31.36.0-255,66,156721,18,328862
10593,0.009989,74.125.24.0-255,5738,162459,18,328862
10594,0.009998,172.31.36.0-255,66,162525,18,328862
10595,0.012067,74.125.24.0-255,5738,168263,18,328862
10596,0.012075,172.31.36.0-255,66,168329,18,328862
10597,0.014133,74.125.24.0-255,5738,174067,18,328862
10598,0.014142,172.31.36.0-255,66,174133,18,328862
10599,0.016204,74.125.24.0-255,5738,179871,18,328862
10600,0.016216,172.31.36.0-255,66,179937,18,328862
10601,0.018257,74.125.24.0-255,5738,185675,18,328862
10602,0.018264,172.31.36.0-255,66,185741,18,328862
10603,0.020315,74.125.24.0-255,5738,191479,18,328862
10604,0.020323,172.31.36.0-255,66,191545,18,328862
10605,0.022381,74.125.24.0-255,5738,197283,18,328862
10606,0.022391,172.31.36.0-255,66,197349,18,328862
10607,0.024446,74.125.24.0-255,5738,203087,18,328862
10608,0.024451,172.31.36.0-255,66,203153,18,328862
10609,0.026542,74.125.24.0-255,5738,208891,18,328862
10610,0.026548,172.31.36.0-255,66,208957,18,328862
10611,0.028593,74.125.24.0-255,5738,214695,18,328862
10612,0.028601,172.31.36.0-255,66,214761,18,328862
10613,0.029378,172.31.36.0-255,172,214933,18,328862
10614,0.029408,172.31.36.0-255,1112,216045,18,328862
10615,0.029453,172.31.36.0-255,1514,217559,18,328862
10616,0.029474,172.31.36.0-255,1514,219073,18,328862
10617,0.029478,172.31.36.0-255,1514,220587,18,328862
10618,0.029493,172.31.36.0-255,1514,222101,18,328862
10619,0.029501,172.31.36.0-255,1514,223615,18,328862
10620,0.029502,172.31.36.0-255,913,224528,18,328862
10621,0.030655,74.125.24.0-255,5738,230266,18,328862
10622,0.030664,172.31.36.0-255,66,230332,18,328862
10623,0.030938,104.244.42.0-255,66,230398,18,328862
10624,0.030946,104.244.42.0-255,66,230464,18,328862
10625,0.031044,104.244.42.0-255,66,230530,18,328862
10626,0.031051,104.244.42.0-255,66,230596,18,328862
10627,0.031691,104.244.42.0-255,108,230704,18,328862
10628,0.0317,172.31.36.0-255,66,230770,18,328862
10629,0.032718,74.125.24.0-255,5738,236508,18,328862
10630,0.032723,172.31.36.0-255,66,236574,18,328862
10631,0.034751,74.125.24.0-255,5738,242312,18,328862
10632,0.034756,172.31.36.0-255,66,242378,18,328862
10633,0.036802,74.125.24.0-255,4320,246698,18,328862
10634,0.036807,172.31.36.0-255,66,246764,18,328862
10635,0.036848,74.125.24.0-255,1484,248248,18,328862
10636,0.038867,74.125.24.0-255,4320,252568,18,328862
10637,0.038872,172.31.36.0-255,66,252634,18,328862
10638,0.040938,74.125.24.0-255,5738,258372,18,328862
10639,0.040944,172.31.36.0-255,66,258438,18,328862
10640,0.042975,74.125.24.0-255,5738,264176,18,328862
10641,0.042981,172.31.36.0-255,66,264242,18,328862
10642,0.045002,74.125.24.0-255,5738,269980,18,328862
10643,0.045007,172.31.36.0-255,66,270046,18,328862
10644,0.047058,74.125.24.0-255,5738,275784,18,328862
10645,0.047064,172.31.36.0-255,66,275850,18,328862
10646,0.049122,74.125.24.0-255,5738,281588,18,328862
10647,0.049127,172.31.36.0-255,66,281654,18,328862
10648,0.051145,74.125.24.0-255,2902,284556,18,328862
10649,0.051151,172.31.36.0-255,66,284622,18,328862
10650,0.051189,74.125.24.0-255,2902,287524,18,328862
10651,0.051192,172.31.36.0-255,66,287590,18,328862
10652,0.053205,74.125.24.0-255,2902,290492,18,328862
10653,0.053211,172.31.36.0-255,66,290558,18,328862
10654,0.053244,74.125.24.0-255,1484,292042,18,328862
10655,0.053259,74.125.24.0-255,1484,293526,18,328862
10656,0.053262,172.31.36.0-255,66,293592,18,328862
10657,0.055226,74.125.24.0-255,2902,296494,18,328862
10658,0.055231,172.31.36.0-255,66,296560,18,328862
10659,0.055315,74.125.24.0-255,2902,299462,18,328862
10660,0.05532,172.31.36.0-255,66,299528,18,328862
10661,0.057282,74.125.24.0-255,2902,302430,18,328862
10662,0.057287,172.31.36.0-255,66,302496,18,328862
10663,0.057378,74.125.24.0-255,2902,305398,18,328862
10664,0.057384,172.31.36.0-255,66,305464,18,328862
10665,0.059313,74.125.24.0-255,2902,308366,18,328862
10666,0.059318,172.31.36.0-255,66,308432,18,328862
10667,0.059437,74.125.24.0-255,2902,311334,18,328862
10668,0.059442,172.31.36.0-255,66,311400,18,328862
10669,0.061345,74.125.24.0-255,1484,312884,18,328862
10670,0.061374,74.125.24.0-255,1484,314368,18,328862
10671,0.061378,172.31.36.0-255,66,314434,18,328862
10672,0.061464,74.125.24.0-255,2902,317336,18,328862
10673,0.061469,172.31.36.0-255,66,317402,18,328862
10674,0.063426,74.125.24.0-255,2902,320304,18,328862
10675,0.063434,172.31.36.0-255,66,320370,18,328862
10676,0.063504,74.125.24.0-255,2902,323272,18,328862
10677,0.063509,172.31.36.0-255,66,323338,18,328862
10678,0.065479,74.125.24.0-255,2902,326240,18,328862
10679,0.065485,172.31.36.0-255,66,326306,18,328862
10680,0.065532,74.125.24.0-255,2319,328625,18,328862
10681,0.065536,172.31.36.0-255,66,328691,18,328862
10682,0.065699,172.31.36.0-255,105,328796,18,328862
10683,0.067697,74.125.24.0-255,66,328862,18,328862
10684,0.0,74.125.130.0-255,153,153,18,337475
10685,2.1e-05,172.31.36.0-255,66,219,18,337475
10686,2.8e-05,74.125.130.0-255,1484,1703,18,337475
10687,3.2e-05,172.31.36.0-255,66,1769,18,337475
10688,3.6e-05,74.125.130.0-255,1484,3253,18,337475
10689,3.8e-05,172.31.36.0-255,66,3319,18,337475
10690,4.4e-05,74.125.130.0-255,2902,6221,18,337475
10691,4.7e-05,172.31.36.0-255,66,6287,18,337475
10692,7.7e-05,74.125.130.0-255,5738,12025,18,337475
10693,8e-05,172.31.36.0-255,66,12091,18,337475
10694,0.000104,74.125.130.0-255,4883,16974,18,337475
10695,0.000107,172.31.36.0-255,66,17040,18,337475
10696,0.000112,74.125.130.0-255,4320,21360,18,337475
10697,0.000114,172.31.36.0-255,66,21426,18,337475
10698,0.000128,74.125.130.0-255,1484,22910,18,337475
10699,0.000131,172.31.36.0-255,66,22976,18,337475
10700,0.000148,74.125.130.0-255,4320,27296,18,337475
10701,0.000151,172.31.36.0-255,66,27362,18,337475
10702,0.000165,74.125.130.0-255,3961,31323,18,337475
10703,0.000167,172.31.36.0-255,66,31389,18,337475
10704,0.000328,74.125.130.0-255,1484,32873,18,337475
10705,0.000333,172.31.36.0-255,66,32939,18,337475
10706,0.000351,74.125.130.0-255,2902,35841,18,337475
10707,0.000353,172.31.36.0-255,66,35907,18,337475
10708,0.000382,74.125.130.0-255,5738,41645,18,337475
10709,0.000385,172.31.36.0-255,66,41711,18,337475
10710,0.000399,74.125.130.0-255,1484,43195,18,337475
10711,0.000401,172.31.36.0-255,66,43261,18,337475
10712,0.000429,74.125.130.0-255,5379,48640,18,337475
10713,0.000432,172.31.36.0-255,66,48706,18,337475
10714,0.000435,74.125.130.0-255,1484,50190,18,337475
10715,0.000437,172.31.36.0-255,66,50256,18,337475
10716,0.000469,172.31.36.0-255,66,50322,18,337475
10717,0.000508,74.125.130.0-255,5693,56015,18,337475
10718,0.000512,172.31.36.0-255,66,56081,18,337475
10719,0.000623,74.125.130.0-255,1484,57565,18,337475
10720,0.000641,74.125.130.0-255,2902,60467,18,337475
10721,0.000645,172.31.36.0-255,66,60533,18,337475
10722,0.000648,74.125.130.0-255,1484,62017,18,337475
10723,0.000652,74.125.130.0-255,1484,63501,18,337475
10724,0.000654,172.31.36.0-255,66,63567,18,337475
10725,0.000677,74.125.130.0-255,1484,65051,18,337475
10726,0.000683,74.125.130.0-255,5738,70789,18,337475
10727,0.000685,172.31.36.0-255,66,70855,18,337475
10728,0.000707,74.125.130.0-255,4320,75175,18,337475
10729,0.000712,172.31.36.0-255,66,75241,18,337475
10730,0.000721,74.125.130.0-255,2543,77784,18,337475
10731,0.000723,172.31.36.0-255,66,77850,18,337475
10732,0.000727,74.125.130.0-255,1484,79334,18,337475
10733,0.000752,74.125.130.0-255,5738,85072,18,337475
10734,0.000755,172.31.36.0-255,66,85138,18,337475
10735,0.000761,74.125.130.0-255,4320,89458,18,337475
10736,0.000763,172.31.36.0-255,66,89524,18,337475
10737,0.000782,74.125.130.0-255,842,90366,18,337475
10738,0.000843,74.125.130.0-255,1484,91850,18,337475
10739,0.000847,172.31.36.0-255,66,91916,18,337475
10740,0.000868,74.125.130.0-255,2902,94818,18,337475
10741,0.000871,172.31.36.0-255,66,94884,18,337475
10742,0.000877,74.125.130.0-255,4320,99204,18,337475
10743,0.000879,172.31.36.0-255,66,99270,18,337475
10744,0.000892,74.125.130.0-255,1484,100754,18,337475
10745,0.000899,74.125.130.0-255,5738,106492,18,337475
10746,0.000902,172.31.36.0-255,66,106558,18,337475
10747,0.000918,74.125.130.0-255,1484,108042,18,337475
10748,0.000935,74.125.130.0-255,2902,110944,18,337475
10749,0.000937,172.31.36.0-255,66,111010,18,337475
10750,0.000962,74.125.130.0-255,7156,118166,18,337475
10751,0.000996,172.31.36.0-255,66,118232,18,337475
10752,0.001017,74.125.130.0-255,6438,124670,18,337475
10753,0.00102,172.31.36.0-255,66,124736,18,337475
10754,0.001022,74.125.130.0-255,647,125383,18,337475
10755,0.001065,74.125.130.0-255,1484,126867,18,337475
10756,0.001068,172.31.36.0-255,66,126933,18,337475
10757,0.001073,74.125.130.0-255,1484,128417,18,337475
10758,0.001087,74.125.130.0-255,1484,129901,18,337475
10759,0.001089,172.31.36.0-255,66,129967,18,337475
10760,0.001102,74.125.130.0-255,1484,131451,18,337475
10761,0.001105,74.125.130.0-255,1484,132935,18,337475
10762,0.001107,172.31.36.0-255,66,133001,18,337475
10763,0.001125,74.125.130.0-255,2902,135903,18,337475
10764,0.001128,172.31.36.0-255,66,135969,18,337475
10765,0.001149,74.125.130.0-255,5738,141707,18,337475
10766,0.001152,172.31.36.0-255,66,141773,18,337475
10767,0.0012,172.31.36.0-255,66,141839,18,337475
10768,0.001219,74.125.130.0-255,1484,143323,18,337475
10769,0.001226,74.125.130.0-255,5020,148343,18,337475
10770,0.001228,172.31.36.0-255,66,148409,18,337475
10771,0.001251,74.125.130.0-255,1484,149893,18,337475
10772,0.001269,74.125.130.0-255,1484,151377,18,337475
10773,0.001271,172.31.36.0-255,66,151443,18,337475
10774,0.001293,74.125.130.0-255,1484,152927,18,337475
10775,0.0013,74.125.130.0-255,5738,158665,18,337475
10776,0.001303,172.31.36.0-255,66,158731,18,337475
10777,0.001333,172.31.36.0-255,66,158797,18,337475
10778,0.001373,172.31.36.0-255,66,158863,18,337475
10779,0.001378,74.125.130.0-255,2902,161765,18,337475
10780,0.00138,172.31.36.0-255,66,161831,18,337475
10781,0.001406,74.125.130.0-255,2184,164015,18,337475
10782,0.001409,172.31.36.0-255,66,164081,18,337475
10783,0.001465,74.125.130.0-255,1484,165565,18,337475
10784,0.001482,74.125.130.0-255,2902,168467,18,337475
10785,0.001486,172.31.36.0-255,66,168533,18,337475
10786,0.001506,74.125.130.0-255,2902,171435,18,337475
10787,0.001509,172.31.36.0-255,66,171501,18,337475
10788,0.00152,74.125.130.0-255,2902,174403,18,337475
10789,0.001523,172.31.36.0-255,66,174469,18,337475
10790,0.001543,74.125.130.0-255,1484,175953,18,337475
10791,0.001559,74.125.130.0-255,1484,177437,18,337475
10792,0.001562,172.31.36.0-255,66,177503,18,337475
10793,0.001584,74.125.130.0-255,4320,181823,18,337475
10794,0.001588,74.125.130.0-255,2902,184725,18,337475
10795,0.001592,172.31.36.0-255,66,184791,18,337475
10796,0.0016,172.31.36.0-255,66,184857,18,337475
10797,0.001603,74.125.130.0-255,1484,186341,18,337475
10798,0.001608,74.125.130.0-255,2902,189243,18,337475
10799,0.00161,172.31.36.0-255,66,189309,18,337475
10800,0.001632,74.125.130.0-255,2902,192211,18,337475
10801,0.001635,172.31.36.0-255,66,192277,18,337475
10802,0.00164,74.125.130.0-255,4320,196597,18,337475
10803,0.001643,172.31.36.0-255,66,196663,18,337475
10804,0.001655,74.125.130.0-255,2184,198847,18,337475
10805,0.001658,172.31.36.0-255,66,198913,18,337475
10806,0.001784,74.125.130.0-255,1484,200397,18,337475
10807,0.001788,74.125.130.0-255,1484,201881,18,337475
10808,0.001792,172.31.36.0-255,66,201947,18,337475
10809,0.001813,74.125.130.0-255,2902,204849,18,337475
10810,0.001816,172.31.36.0-255,66,204915,18,337475
10811,0.00182,74.125.130.0-255,2902,207817,18,337475
10812,0.001823,172.31.36.0-255,66,207883,18,337475
10813,0.001841,74.125.130.0-255,2902,210785,18,337475
10814,0.001844,172.31.36.0-255,66,210851,18,337475
10815,0.001848,74.125.130.0-255,2902,213753,18,337475
10816,0.001852,172.31.36.0-255,66,213819,18,337475
10817,0.001896,172.31.36.0-255,66,213885,18,337475
10818,0.001956,74.125.130.0-255,1484,215369,18,337475
10819,0.001971,74.125.130.0-255,4320,219689,18,337475
10820,0.001974,172.31.36.0-255,66,219755,18,337475
10821,0.001987,74.125.130.0-255,1484,221239,18,337475
10822,0.001999,74.125.130.0-255,1484,222723,18,337475
10823,0.002001,172.31.36.0-255,66,222789,18,337475
10824,0.002023,74.125.130.0-255,2184,224973,18,337475
10825,0.002026,172.31.36.0-255,66,225039,18,337475
10826,0.002221,74.125.130.0-255,1484,226523,18,337475
10827,0.002228,74.125.130.0-255,2902,229425,18,337475
10828,0.002231,172.31.36.0-255,66,229491,18,337475
10829,0.002249,74.125.130.0-255,2902,232393,18,337475
10830,0.002252,172.31.36.0-255,66,232459,18,337475
10831,0.002275,74.125.130.0-255,2902,235361,18,337475
10832,0.002278,172.31.36.0-255,66,235427,18,337475
10833,0.002284,74.125.130.0-255,4320,239747,18,337475
10834,0.002286,172.31.36.0-255,66,239813,18,337475
10835,0.002302,74.125.130.0-255,4320,244133,18,337475
10836,0.002305,172.31.36.0-255,66,244199,18,337475
10837,0.00233,74.125.130.0-255,7156,251355,18,337475
10838,0.002334,172.31.36.0-255,66,251421,18,337475
10839,0.002357,74.125.130.0-255,7156,258577,18,337475
10840,0.002361,172.31.36.0-255,66,258643,18,337475
10841,0.002371,172.31.36.0-255,66,258709,18,337475
10842,0.00241,74.125.130.0-255,4320,263029,18,337475
10843,0.002413,172.31.36.0-255,66,263095,18,337475
10844,0.002441,74.125.130.0-255,1484,264579,18,337475
10845,0.00245,74.125.130.0-255,7156,271735,18,337475
10846,0.002456,74.125.130.0-255,7156,278891,18,337475
10847,0.002479,74.125.130.0-255,4320,283211,18,337475
10848,0.002503,74.125.130.0-255,3602,286813,18,337475
10849,0.002513,74.125.130.0-255,1484,288297,18,337475
10850,0.002528,74.125.130.0-255,7156,295453,18,337475
10851,0.002543,74.125.130.0-255,3602,299055,18,337475
10852,0.002565,74.125.130.0-255,4320,303375,18,337475
10853,0.002573,74.125.130.0-255,7156,310531,18,337475
10854,0.002579,74.125.130.0-255,5738,316269,18,337475
10855,0.002591,74.125.130.0-255,2902,319171,18,337475
10856,0.002594,74.125.130.0-255,1484,320655,18,337475
10857,0.00264,74.125.130.0-255,2902,323557,18,337475
10858,0.00266,74.125.130.0-255,4465,328022,18,337475
10859,0.01045,172.31.36.0-255,66,328088,18,337475
10860,0.013128,74.125.130.0-255,105,328193,18,337475
10861,0.013559,172.31.36.0-255,66,328259,18,337475
10862,0.013598,172.31.36.0-255,105,328364,18,337475
10863,0.016232,74.125.130.0-255,66,328430,18,337475
10864,0.047745,172.31.36.0-255,176,328606,18,337475
10865,0.047801,172.31.36.0-255,1116,329722,18,337475
10866,0.047893,172.31.36.0-255,1514,331236,18,337475
10867,0.047896,172.31.36.0-255,1514,332750,18,337475
10868,0.047897,172.31.36.0-255,1514,334264,18,337475
10869,0.047902,172.31.36.0-255,1514,335778,18,337475
10870,0.047903,172.31.36.0-255,1499,337277,18,337475
10871,0.049366,104.244.42.0-255,66,337343,18,337475
10872,0.049443,104.244.42.0-255,66,337409,18,337475
10873,0.049608,104.244.42.0-255,66,337475,18,337475
10874,0.0,172.217.194.0-255,172,172,18,234171
10875,2.8e-05,172.31.36.0-255,66,238,18,234171
10876,3.4e-05,172.217.194.0-255,1484,1722,18,234171
10877,3.9e-05,172.31.36.0-255,66,1788,18,234171
10878,4.3e-05,172.217.194.0-255,2902,4690,18,234171
10879,5.1e-05,172.31.36.0-255,66,4756,18,234171
10880,5.4e-05,172.217.194.0-255,1484,6240,18,234171
10881,5.7e-05,172.31.36.0-255,66,6306,18,234171
10882,9.6e-05,172.217.194.0-255,5738,12044,18,234171
10883,9.9e-05,172.31.36.0-255,66,12110,18,234171
10884,0.000118,172.217.194.0-255,7156,19266,18,234171
10885,0.000121,172.31.36.0-255,66,19332,18,234171
10886,0.000162,172.31.36.0-255,66,19398,18,234171
10887,0.000167,172.217.194.0-255,3961,23359,18,234171
10888,0.000169,172.31.36.0-255,66,23425,18,234171
10889,0.000417,172.217.194.0-255,1484,24909,18,234171
10890,0.000421,172.31.36.0-255,66,24975,18,234171
10891,0.000426,172.217.194.0-255,2902,27877,18,234171
10892,0.000431,172.31.36.0-255,66,27943,18,234171
10893,0.000464,172.217.194.0-255,5738,33681,18,234171
10894,0.000466,172.217.194.0-255,1484,35165,18,234171
10895,0.000468,172.31.36.0-255,66,35231,18,234171
10896,0.000469,172.217.194.0-255,1484,36715,18,234171
10897,0.000471,172.31.36.0-255,66,36781,18,234171
10898,0.000475,172.31.36.0-255,66,36847,18,234171
10899,0.000517,172.31.36.0-255,66,36913,18,234171
10900,0.000531,172.31.36.0-255,66,36979,18,234171
10901,0.00056,172.217.194.0-255,363,37342,18,234171
10902,0.000563,172.31.36.0-255,66,37408,18,234171
10903,0.000608,172.217.194.0-255,1484,38892,18,234171
10904,0.000612,172.217.194.0-255,1484,40376,18,234171
10905,0.000614,172.31.36.0-255,66,40442,18,234171
10906,0.000641,172.217.194.0-255,1484,41926,18,234171
10907,0.000647,172.217.194.0-255,5738,47664,18,234171
10908,0.000649,172.31.36.0-255,66,47730,18,234171
10909,0.000657,172.217.194.0-255,6797,54527,18,234171
10910,0.00066,172.31.36.0-255,66,54593,18,234171
10911,0.00102,172.217.194.0-255,1484,56077,18,234171
10912,0.001029,172.217.194.0-255,2902,58979,18,234171
10913,0.001033,172.31.36.0-255,66,59045,18,234171
10914,0.001062,172.217.194.0-255,5738,64783,18,234171
10915,0.001064,172.31.36.0-255,66,64849,18,234171
10916,0.001092,172.217.194.0-255,5738,70587,18,234171
10917,0.001096,172.31.36.0-255,66,70653,18,234171
10918,0.001126,172.217.194.0-255,4830,75483,18,234171
10919,0.00113,172.31.36.0-255,66,75549,18,234171
10920,0.001135,172.217.194.0-255,4320,79869,18,234171
10921,0.001138,172.31.36.0-255,66,79935,18,234171
10922,0.001145,172.217.194.0-255,7156,87091,18,234171
10923,0.001154,172.31.36.0-255,66,87157,18,234171
10924,0.001195,172.31.36.0-255,66,87223,18,234171
10925,0.001206,172.31.36.0-255,66,87289,18,234171
10926,0.001272,172.217.194.0-255,1484,88773,18,234171
10927,0.001291,172.217.194.0-255,2902,91675,18,234171
10928,0.001294,172.31.36.0-255,66,91741,18,234171
10929,0.001302,172.217.194.0-255,5738,97479,18,234171
10930,0.001304,172.31.36.0-255,66,97545,18,234171
10931,0.001316,172.217.194.0-255,5738,103283,18,234171
10932,0.001318,172.31.36.0-255,66,103349,18,234171
10933,0.001356,172.31.36.0-255,66,103415,18,234171
10934,0.00136,172.217.194.0-255,1484,104899,18,234171
10935,0.001389,172.217.194.0-255,3602,108501,18,234171
10936,0.001392,172.31.36.0-255,66,108567,18,234171
10937,0.00144,172.217.194.0-255,1484,110051,18,234171
10938,0.001461,172.217.194.0-255,2902,112953,18,234171
10939,0.001465,172.31.36.0-255,66,113019,18,234171
10940,0.001471,172.217.194.0-255,5738,118757,18,234171
10941,0.001474,172.31.36.0-255,66,118823,18,234171
10942,0.001514,172.31.36.0-255,66,118889,18,234171
10943,0.001567,172.31.36.0-255,66,118955,18,234171
10944,0.001605,172.217.194.0-255,2184,121139,18,234171
10945,0.001607,172.31.36.0-255,66,121205,18,234171
10946,0.001619,172.31.36.0-255,66,121271,18,234171
10947,0.001639,172.31.36.0-255,66,121337,18,234171
10948,0.001654,172.31.36.0-255,66,121403,18,234171
10949,0.001672,172.31.36.0-255,66,121469,18,234171
10950,0.001685,172.31.36.0-255,66,121535,18,234171
10951,0.001806,172.217.194.0-255,1484,123019,18,234171
10952,0.00181,172.217.194.0-255,2902,125921,18,234171
10953,0.001812,172.31.36.0-255,66,125987,18,234171
10954,0.00185,172.217.194.0-255,5738,131725,18,234171
10955,0.001854,172.31.36.0-255,66,131791,18,234171
10956,0.00189,172.31.36.0-255,66,131857,18,234171
10957,0.001901,172.31.36.0-255,66,131923,18,234171
10958,0.001926,172.217.194.0-255,5020,136943,18,234171
10959,0.001928,172.31.36.0-255,66,137009,18,234171
10960,0.001982,172.217.194.0-255,1484,138493,18,234171
10961,0.001986,172.217.194.0-255,2902,141395,18,234171
10962,0.001989,172.31.36.0-255,66,141461,18,234171
10963,0.001991,172.217.194.0-255,1484,142945,18,234171
10964,0.002019,172.217.194.0-255,4320,147265,18,234171
10965,0.002021,172.31.36.0-255,66,147331,18,234171
10966,0.002031,172.31.36.0-255,66,147397,18,234171
10967,0.002059,172.217.194.0-255,2902,150299,18,234171
10968,0.002061,172.31.36.0-255,66,150365,18,234171
10969,0.002077,172.31.36.0-255,66,150431,18,234171
10970,0.004186,172.217.194.0-255,5738,156169,18,234171
10971,0.00419,172.31.36.0-255,66,156235,18,234171
10972,0.006304,172.217.194.0-255,5738,161973,18,234171
10973,0.006311,172.31.36.0-255,66,162039,18,234171
10974,0.008426,172.217.194.0-255,5738,167777,18,234171
10975,0.008432,172.31.36.0-255,66,167843,18,234171
10976,0.00982,172.31.36.0-255,101,167944,18,234171
10977,0.010513,172.217.194.0-255,5738,173682,18,234171
10978,0.010519,172.31.36.0-255,66,173748,18,234171
10979,0.011858,172.217.194.0-255,66,173814,18,234171
10980,0.012689,172.217.194.0-255,5738,179552,18,234171
10981,0.012697,172.31.36.0-255,66,179618,18,234171
10982,0.014772,172.217.194.0-255,5738,185356,18,234171
10983,0.014779,172.31.36.0-255,66,185422,18,234171
10984,0.016893,172.217.194.0-255,5738,191160,18,234171
10985,0.016903,172.31.36.0-255,66,191226,18,234171
10986,0.019057,172.217.194.0-255,5738,196964,18,234171
10987,0.019066,172.31.36.0-255,66,197030,18,234171
10988,0.021187,172.217.194.0-255,5738,202768,18,234171
10989,0.021195,172.31.36.0-255,66,202834,18,234171
10990,0.023322,172.217.194.0-255,5738,208572,18,234171
10991,0.02333,172.31.36.0-255,66,208638,18,234171
10992,0.02538,172.217.194.0-255,5738,214376,18,234171
10993,0.025386,172.31.36.0-255,66,214442,18,234171
10994,0.02743,172.217.194.0-255,5738,220180,18,234171
10995,0.027437,172.31.36.0-255,66,220246,18,234171
10996,0.029505,172.217.194.0-255,3657,223903,18,234171
10997,0.029512,172.31.36.0-255,66,223969,18,234171
10998,0.029705,172.31.36.0-255,105,224074,18,234171
10999,0.035647,172.31.36.0-255,172,224246,18,234171
11000,0.03569,172.31.36.0-255,1112,225358,18,234171
11001,0.035762,172.31.36.0-255,1514,226872,18,234171
11002,0.035765,172.31.36.0-255,1514,228386,18,234171
11003,0.035771,172.31.36.0-255,1514,229900,18,234171
11004,0.035772,172.31.36.0-255,1514,231414,18,234171
11005,0.0358,172.31.36.0-255,1514,232928,18,234171
11006,0.035801,172.31.36.0-255,913,233841,18,234171
11007,0.035953,172.217.194.0-255,66,233907,18,234171
11008,0.03719,104.244.42.0-255,66,233973,18,234171
11009,0.037204,104.244.42.0-255,66,234039,18,234171
11010,0.037298,104.244.42.0-255,66,234105,18,234171
11011,0.037356,104.244.42.0-255,66,234171,18,234171
11012,0.0,172.217.194.0-255,153,153,18,268089
11013,2.2e-05,172.31.36.0-255,66,219,18,268089
11014,2.8e-05,172.217.194.0-255,1484,1703,18,268089
11015,3.2e-05,172.31.36.0-255,66,1769,18,268089
11016,3.8e-05,172.217.194.0-255,2902,4671,18,268089
11017,4.1e-05,172.31.36.0-255,66,4737,18,268089
11018,4.8e-05,172.217.194.0-255,7156,11893,18,268089
11019,5.1e-05,172.31.36.0-255,66,11959,18,268089
11020,7.6e-05,172.217.194.0-255,7156,19115,18,268089
11021,7.9e-05,172.31.36.0-255,66,19181,18,268089
11022,0.000108,172.31.36.0-255,66,19247,18,268089
11023,0.000121,172.217.194.0-255,3961,23208,18,268089
11024,0.000123,172.31.36.0-255,66,23274,18,268089
11025,0.000275,172.217.194.0-255,1484,24758,18,268089
11026,0.000279,172.31.36.0-255,66,24824,18,268089
11027,0.000284,172.217.194.0-255,2902,27726,18,268089
11028,0.000287,172.31.36.0-255,66,27792,18,268089
11029,0.00029,172.217.194.0-255,1484,29276,18,268089
11030,0.000291,172.31.36.0-255,66,29342,18,268089
11031,0.00032,172.217.194.0-255,4320,33662,18,268089
11032,0.000322,172.31.36.0-255,66,33728,18,268089
11033,0.000327,172.217.194.0-255,2902,36630,18,268089
11034,0.000328,172.31.36.0-255,66,36696,18,268089
11035,0.000352,172.31.36.0-255,66,36762,18,268089
11036,0.000363,172.31.36.0-255,66,36828,18,268089
11037,0.000374,172.217.194.0-255,1484,38312,18,268089
11038,0.000376,172.31.36.0-255,66,38378,18,268089
11039,0.00039,172.217.194.0-255,1446,39824,18,268089
11040,0.000391,172.31.36.0-255,66,39890,18,268089
11041,0.000407,172.217.194.0-255,365,40255,18,268089
11042,0.0008,172.217.194.0-255,1484,41739,18,268089
11043,0.000804,172.31.36.0-255,66,41805,18,268089
11044,0.000809,172.217.194.0-255,2902,44707,18,268089
11045,0.000811,172.31.36.0-255,66,44773,18,268089
11046,0.000839,172.217.194.0-255,2902,47675,18,268089
11047,0.000841,172.31.36.0-255,66,47741,18,268089
11048,0.000861,172.217.194.0-255,7156,54897,18,268089
11049,0.000865,172.31.36.0-255,66,54963,18,268089
11050,0.000887,172.217.194.0-255,5738,60701,18,268089
11051,0.00089,172.31.36.0-255,66,60767,18,268089
11052,0.000912,172.217.194.0-255,3961,64728,18,268089
11053,0.000914,172.31.36.0-255,66,64794,18,268089
11054,0.00093,172.217.194.0-255,4320,69114,18,268089
11055,0.000934,172.31.36.0-255,66,69180,18,268089
11056,0.000957,172.217.194.0-255,5379,74559,18,268089
11057,0.000959,172.31.36.0-255,66,74625,18,268089
11058,0.002076,172.217.194.0-255,1484,76109,18,268089
11059,0.002084,172.217.194.0-255,1484,77593,18,268089
11060,0.0021,172.31.36.0-255,66,77659,18,268089
11061,0.002118,172.217.194.0-255,1484,79143,18,268089
11062,0.002123,172.217.194.0-255,2902,82045,18,268089
11063,0.002125,172.31.36.0-255,66,82111,18,268089
11064,0.002138,172.217.194.0-255,2902,85013,18,268089
11065,0.00214,172.31.36.0-255,66,85079,18,268089
11066,0.002153,172.217.194.0-255,4320,89399,18,268089
11067,0.002154,172.31.36.0-255,66,89465,18,268089
11068,0.002166,172.31.36.0-255,66,89531,18,268089
11069,0.002192,172.217.194.0-255,4320,93851,18,268089
11070,0.002193,172.31.36.0-255,66,93917,18,268089
11071,0.002198,172.217.194.0-255,3602,97519,18,268089
11072,0.0022,172.31.36.0-255,66,97585,18,268089
11073,0.002441,172.217.194.0-255,1484,99069,18,268089
11074,0.002458,172.217.194.0-255,1484,100553,18,268089
11075,0.00246,172.31.36.0-255,66,100619,18,268089
11076,0.002475,172.217.194.0-255,1484,102103,18,268089
11077,0.00248,172.217.194.0-255,4320,106423,18,268089
11078,0.002481,172.31.36.0-255,66,106489,18,268089
11079,0.0025,172.217.194.0-255,1484,107973,18,268089
11080,0.002502,172.217.194.0-255,1484,109457,18,268089
11081,0.002504,172.31.36.0-255,66,109523,18,268089
11082,0.002534,172.31.36.0-255,66,109589,18,268089
11083,0.002543,172.31.36.0-255,66,109655,18,268089
11084,0.002565,172.217.194.0-255,2184,111839,18,268089
11085,0.002568,172.31.36.0-255,66,111905,18,268089
11086,0.002597,172.217.194.0-255,2902,114807,18,268089
11087,0.002599,172.31.36.0-255,66,114873,18,268089
11088,0.002613,172.217.194.0-255,1484,116357,18,268089
11089,0.00263,172.217.194.0-255,5738,122095,18,268089
11090,0.002632,172.31.36.0-255,66,122161,18,268089
11091,0.002637,172.217.194.0-255,5738,127899,18,268089
11092,0.00264,172.31.36.0-255,66,127965,18,268089
11093,0.002651,172.217.194.0-255,2902,130867,18,268089
11094,0.002653,172.31.36.0-255,66,130933,18,268089
11095,0.002658,172.217.194.0-255,4320,135253,18,268089
11096,0.00266,172.31.36.0-255,66,135319,18,268089
11097,0.002663,172.217.194.0-255,1484,136803,18,268089
11098,0.002681,172.217.194.0-255,4320,141123,18,268089
11099,0.002683,172.31.36.0-255,66,141189,18,268089
11100,0.002688,172.217.194.0-255,4320,145509,18,268089
11101,0.00269,172.31.36.0-255,66,145575,18,268089
11102,0.002692,172.217.194.0-255,766,146341,18,268089
11103,0.003101,172.217.194.0-255,1484,147825,18,268089
11104,0.003103,172.31.36.0-255,66,147891,18,268089
11105,0.003114,172.217.194.0-255,1484,149375,18,268089
11106,0.003125,172.217.194.0-255,1484,150859,18,268089
11107,0.003127,172.31.36.0-255,66,150925,18,268089
11108,0.00314,172.217.194.0-255,1484,152409,18,268089
11109,0.00316,172.217.194.0-255,4320,156729,18,268089
11110,0.003162,172.31.36.0-255,66,156795,18,268089
11111,0.003199,172.31.36.0-255,66,156861,18,268089
11112,0.003211,172.31.36.0-255,66,156927,18,268089
11113,0.003233,172.217.194.0-255,1484,158411,18,268089
11114,0.003248,172.217.194.0-255,4320,162731,18,268089
11115,0.00325,172.31.36.0-255,66,162797,18,268089
11116,0.003276,172.217.194.0-255,4320,167117,18,268089
11117,0.003277,172.31.36.0-255,66,167183,18,268089
11118,0.003318,172.31.36.0-255,66,167249,18,268089
11119,0.003331,172.217.194.0-255,2902,170151,18,268089
11120,0.003334,172.31.36.0-255,66,170217,18,268089
11121,0.003346,172.31.36.0-255,66,170283,18,268089
11122,0.003348,172.217.194.0-255,1484,171767,18,268089
11123,0.003369,172.217.194.0-255,2902,174669,18,268089
11124,0.003372,172.31.36.0-255,66,174735,18,268089
11125,0.003393,172.217.194.0-255,5738,180473,18,268089
11126,0.003395,172.31.36.0-255,66,180539,18,268089
11127,0.003397,172.217.194.0-255,1484,182023,18,268089
11128,0.003401,172.217.194.0-255,2902,184925,18,268089
11129,0.003403,172.31.36.0-255,66,184991,18,268089
11130,0.003425,172.217.194.0-255,5738,190729,18,268089
11131,0.003427,172.31.36.0-255,66,190795,18,268089
11132,0.003431,172.217.194.0-255,2902,193697,18,268089
11133,0.003433,172.31.36.0-255,66,193763,18,268089
11134,0.003465,172.31.36.0-255,66,193829,18,268089
11135,0.003468,172.217.194.0-255,1484,195313,18,268089
11136,0.003499,172.31.36.0-255,66,195379,18,268089
11137,0.003527,172.31.36.0-255,66,195445,18,268089
11138,0.003532,172.217.194.0-255,5020,200465,18,268089
11139,0.003535,172.31.36.0-255,78,200543,18,268089
11140,0.00354,172.217.194.0-255,4320,204863,18,268089
11141,0.003543,172.31.36.0-255,78,204941,18,268089
11142,0.003566,172.217.194.0-255,5738,210679,18,268089
11143,0.003568,172.31.36.0-255,66,210745,18,268089
11144,0.00359,172.217.194.0-255,1484,212229,18,268089
11145,0.003607,172.217.194.0-255,1484,213713,18,268089
11146,0.00361,172.31.36.0-255,66,213779,18,268089
11147,0.003627,172.217.194.0-255,1484,215263,18,268089
11148,0.003657,172.217.194.0-255,1484,216747,18,268089
11149,0.00366,172.31.36.0-255,66,216813,18,268089
11150,0.00368,172.217.194.0-255,1484,218297,18,268089
11151,0.003685,172.217.194.0-255,4320,222617,18,268089
11152,0.003687,172.31.36.0-255,66,222683,18,268089
11153,0.00371,172.217.194.0-255,2902,225585,18,268089
11154,0.003713,172.31.36.0-255,66,225651,18,268089
11155,0.003725,172.31.36.0-255,66,225717,18,268089
11156,0.003729,172.217.194.0-255,2902,228619,18,268089
11157,0.003731,172.31.36.0-255,66,228685,18,268089
11158,0.003759,172.217.194.0-255,2184,230869,18,268089
11159,0.003762,172.31.36.0-255,66,230935,18,268089
11160,0.003767,172.217.194.0-255,5738,236673,18,268089
11161,0.003769,172.31.36.0-255,66,236739,18,268089
11162,0.003774,172.217.194.0-255,5738,242477,18,268089
11163,0.003823,172.217.194.0-255,1484,243961,18,268089
11164,0.003825,172.217.194.0-255,1484,245445,18,268089
11165,0.003865,172.217.194.0-255,2902,248347,18,268089
11166,0.003881,172.217.194.0-255,4541,252888,18,268089
11167,0.003883,172.217.194.0-255,105,252993,18,268089
11168,0.004082,172.31.36.0-255,66,253059,18,268089
11169,0.006174,172.217.194.0-255,5738,258797,18,268089
11170,0.00618,172.31.36.0-255,78,258875,18,268089
11171,0.006506,172.31.36.0-255,105,258980,18,268089
11172,0.009092,172.217.194.0-255,66,259046,18,268089
11173,0.041782,172.31.36.0-255,172,259218,18,268089
11174,0.041817,172.31.36.0-255,1116,260334,18,268089
11175,0.041885,172.31.36.0-255,1514,261848,18,268089
11176,0.041887,172.31.36.0-255,1514,263362,18,268089
11177,0.041888,172.31.36.0-255,1514,264876,18,268089
11178,0.041894,172.31.36.0-255,1514,266390,18,268089
11179,0.041895,172.31.36.0-255,1501,267891,18,268089
11180,0.04334,104.244.42.0-255,66,267957,18,268089
11181,0.043377,104.244.42.0-255,66,268023,18,268089
11182,0.043583,104.244.42.0-255,66,268089,18,268089
11183,0.0,74.125.200.0-255,153,153,18,378877
11184,2.6e-05,172.31.36.0-255,66,219,18,378877
11185,3.2e-05,74.125.200.0-255,1484,1703,18,378877
11186,3.6e-05,172.31.36.0-255,66,1769,18,378877
11187,4e-05,74.125.200.0-255,1484,3253,18,378877
11188,4.3e-05,172.31.36.0-255,66,3319,18,378877
11189,6.9e-05,74.125.200.0-255,1484,4803,18,378877
11190,7.2e-05,172.31.36.0-255,66,4869,18,378877
11191,8e-05,74.125.200.0-255,5738,10607,18,378877
11192,8.2e-05,172.31.36.0-255,66,10673,18,378877
11193,0.000114,74.125.200.0-255,3492,14165,18,378877
11194,0.000117,172.31.36.0-255,66,14231,18,378877
11195,0.000195,74.125.200.0-255,1484,15715,18,378877
11196,0.000199,172.31.36.0-255,66,15781,18,378877
11197,0.000203,74.125.200.0-255,1484,17265,18,378877
11198,0.000205,172.31.36.0-255,66,17331,18,378877
11199,0.000222,74.125.200.0-255,1484,18815,18,378877
11200,0.000224,172.31.36.0-255,66,18881,18,378877
11201,0.000226,74.125.200.0-255,1484,20365,18,378877
11202,0.000229,172.31.36.0-255,66,20431,18,378877
11203,0.000233,74.125.200.0-255,2902,23333,18,378877
11204,0.000236,172.31.36.0-255,66,23399,18,378877
11205,0.000243,74.125.200.0-255,5738,29137,18,378877
11206,0.000246,172.31.36.0-255,66,29203,18,378877
11207,0.00025,74.125.200.0-255,2543,31746,18,378877
11208,0.000252,172.31.36.0-255,66,31812,18,378877
11209,0.000257,74.125.200.0-255,2902,34714,18,378877
11210,0.000259,172.31.36.0-255,66,34780,18,378877
11211,0.000293,74.125.200.0-255,7156,41936,18,378877
11212,0.000297,172.31.36.0-255,66,42002,18,378877
11213,0.000304,74.125.200.0-255,5738,47740,18,378877
11214,0.000306,172.31.36.0-255,66,47806,18,378877
11215,0.000337,74.125.200.0-255,1125,48931,18,378877
11216,0.000342,74.125.200.0-255,1484,50415,18,378877
11217,0.000344,172.31.36.0-255,66,50481,18,378877
11218,0.000372,74.125.200.0-255,4320,54801,18,378877
11219,0.000375,172.31.36.0-255,66,54867,18,378877
11220,0.000402,172.31.36.0-255,66,54933,18,378877
11221,0.000439,74.125.200.0-255,2543,57476,18,378877
11222,0.000443,172.31.36.0-255,66,57542,18,378877
11223,0.00047,74.125.200.0-255,677,58219,18,378877
11224,0.0007,74.125.200.0-255,1484,59703,18,378877
11225,0.000704,172.31.36.0-255,66,59769,18,378877
11226,0.000708,74.125.200.0-255,1484,61253,18,378877
11227,0.000727,74.125.200.0-255,2902,64155,18,378877
11228,0.000729,172.31.36.0-255,66,64221,18,378877
11229,0.000734,74.125.200.0-255,2902,67123,18,378877
11230,0.000738,172.31.36.0-255,66,67189,18,378877
11231,0.000749,74.125.200.0-255,2902,70091,18,378877
11232,0.000754,172.31.36.0-255,66,70157,18,378877
11233,0.000761,74.125.200.0-255,1484,71641,18,378877
11234,0.000777,74.125.200.0-255,4320,75961,18,378877
11235,0.000781,172.31.36.0-255,66,76027,18,378877
11236,0.000789,74.125.200.0-255,2902,78929,18,378877
11237,0.000792,172.31.36.0-255,66,78995,18,378877
11238,0.000812,74.125.200.0-255,4320,83315,18,378877
11239,0.000815,172.31.36.0-255,66,83381,18,378877
11240,0.000819,74.125.200.0-255,2902,86283,18,378877
11241,0.000823,172.31.36.0-255,66,86349,18,378877
11242,0.000834,74.125.200.0-255,5738,92087,18,378877
11243,0.000838,172.31.36.0-255,66,92153,18,378877
11244,0.000841,74.125.200.0-255,766,92919,18,378877
11245,0.001058,172.31.36.0-255,66,92985,18,378877
11246,0.001612,74.125.200.0-255,1484,94469,18,378877
11247,0.001622,74.125.200.0-255,2902,97371,18,378877
11248,0.001627,172.31.36.0-255,66,97437,18,378877
11249,0.001636,74.125.200.0-255,5738,103175,18,378877
11250,0.001639,172.31.36.0-255,66,103241,18,378877
11251,0.001659,74.125.200.0-255,2902,106143,18,378877
11252,0.001663,172.31.36.0-255,66,106209,18,378877
11253,0.001693,74.125.200.0-255,7156,113365,18,378877
11254,0.001696,172.31.36.0-255,66,113431,18,378877
11255,0.001703,74.125.200.0-255,7156,120587,18,378877
11256,0.001705,172.31.36.0-255,66,120653,18,378877
11257,0.001725,74.125.200.0-255,4320,124973,18,378877
11258,0.001727,172.31.36.0-255,66,125039,18,378877
11259,0.001731,74.125.200.0-255,2184,127223,18,378877
11260,0.001733,172.31.36.0-255,66,127289,18,378877
11261,0.003893,74.125.200.0-255,1484,128773,18,378877
11262,0.003915,74.125.200.0-255,4320,133093,18,378877
11263,0.003917,172.31.36.0-255,66,133159,18,378877
11264,0.006096,74.125.200.0-255,4320,137479,18,378877
11265,0.006102,172.31.36.0-255,66,137545,18,378877
11266,0.006127,74.125.200.0-255,1484,139029,18,378877
11267,0.008273,74.125.200.0-255,4320,143349,18,378877
11268,0.008278,172.31.36.0-255,66,143415,18,378877
11269,0.010478,74.125.200.0-255,5738,149153,18,378877
11270,0.010485,172.31.36.0-255,66,149219,18,378877
11271,0.012836,74.125.200.0-255,5738,154957,18,378877
11272,0.012843,172.31.36.0-255,66,155023,18,378877
11273,0.015043,74.125.200.0-255,5738,160761,18,378877
11274,0.015052,172.31.36.0-255,66,160827,18,378877
11275,0.017247,74.125.200.0-255,5738,166565,18,378877
11276,0.017255,172.31.36.0-255,66,166631,18,378877
11277,0.019438,74.125.200.0-255,5738,172369,18,378877
11278,0.019446,172.31.36.0-255,66,172435,18,378877
11279,0.021619,74.125.200.0-255,4320,176755,18,378877
11280,0.021628,172.31.36.0-255,66,176821,18,378877
11281,0.02165,74.125.200.0-255,1484,178305,18,378877
11282,0.023817,74.125.200.0-255,4320,182625,18,378877
11283,0.023825,172.31.36.0-255,66,182691,18,378877
11284,0.026068,74.125.200.0-255,4320,187011,18,378877
11285,0.026075,172.31.36.0-255,66,187077,18,378877
11286,0.026091,74.125.200.0-255,1484,188561,18,378877
11287,0.026177,172.31.36.0-255,172,188733,18,378877
11288,0.026224,172.31.36.0-255,1116,189849,18,378877
11289,0.026296,172.31.36.0-255,1514,191363,18,378877
11290,0.026298,172.31.36.0-255,1283,192646,18,378877
11291,0.027862,104.244.42.0-255,66,192712,18,378877
11292,0.027896,104.244.42.0-255,66,192778,18,378877
11293,0.02799,104.244.42.0-255,66,192844,18,378877
11294,0.028237,74.125.200.0-255,1484,194328,18,378877
11295,0.02824,172.31.36.0-255,66,194394,18,378877
11296,0.028271,74.125.200.0-255,1484,195878,18,378877
11297,0.030417,74.125.200.0-255,4320,200198,18,378877
11298,0.030424,172.31.36.0-255,66,200264,18,378877
11299,0.032599,74.125.200.0-255,4320,204584,18,378877
11300,0.032605,172.31.36.0-255,66,204650,18,378877
11301,0.032633,74.125.200.0-255,1484,206134,18,378877
11302,0.034789,74.125.200.0-255,4320,210454,18,378877
11303,0.034795,172.31.36.0-255,66,210520,18,378877
11304,0.036975,74.125.200.0-255,5738,216258,18,378877
11305,0.036981,172.31.36.0-255,66,216324,18,378877
11306,0.039168,74.125.200.0-255,5738,222062,18,378877
11307,0.039173,172.31.36.0-255,66,222128,18,378877
11308,0.041351,74.125.200.0-255,4320,226448,18,378877
11309,0.041357,172.31.36.0-255,66,226514,18,378877
11310,0.041388,74.125.200.0-255,1484,227998,18,378877
11311,0.043535,74.125.200.0-255,4320,232318,18,378877
11312,0.04354,172.31.36.0-255,66,232384,18,378877
11313,0.04572,74.125.200.0-255,5738,238122,18,378877
11314,0.045725,172.31.36.0-255,66,238188,18,378877
11315,0.047904,74.125.200.0-255,5738,243926,18,378877
11316,0.047911,172.31.36.0-255,66,243992,18,378877
11317,0.050099,74.125.200.0-255,5738,249730,18,378877
11318,0.050105,172.31.36.0-255,66,249796,18,378877
11319,0.052277,74.125.200.0-255,4320,254116,18,378877
11320,0.052283,172.31.36.0-255,66,254182,18,378877
11321,0.052309,74.125.200.0-255,1484,255666,18,378877
11322,0.054461,74.125.200.0-255,4320,259986,18,378877
11323,0.054467,172.31.36.0-255,66,260052,18,378877
11324,0.056645,74.125.200.0-255,2902,262954,18,378877
11325,0.05665,172.31.36.0-255,66,263020,18,378877
11326,0.056681,74.125.200.0-255,2902,265922,18,378877
11327,0.056684,172.31.36.0-255,66,265988,18,378877
11328,0.058841,74.125.200.0-255,2902,268890,18,378877
11329,0.058846,172.31.36.0-255,66,268956,18,378877
11330,0.058873,74.125.200.0-255,2902,271858,18,378877
11331,0.058876,172.31.36.0-255,66,271924,18,378877
11332,0.061015,74.125.200.0-255,2902,274826,18,378877
11333,0.061021,172.31.36.0-255,66,274892,18,378877
11334,0.061053,74.125.200.0-255,2902,277794,18,378877
11335,0.061056,172.31.36.0-255,66,277860,18,378877
11336,0.063205,74.125.200.0-255,2902,280762,18,378877
11337,0.063211,172.31.36.0-255,66,280828,18,378877
11338,0.063238,74.125.200.0-255,2902,283730,18,378877
11339,0.063242,172.31.36.0-255,66,283796,18,378877
11340,0.065379,74.125.200.0-255,2902,286698,18,378877
11341,0.065384,172.31.36.0-255,66,286764,18,378877
11342,0.065414,74.125.200.0-255,2902,289666,18,378877
11343,0.065417,172.31.36.0-255,66,289732,18,378877
11344,0.067561,74.125.200.0-255,2902,292634,18,378877
11345,0.067567,172.31.36.0-255,66,292700,18,378877
11346,0.067595,74.125.200.0-255,2902,295602,18,378877
11347,0.067598,172.31.36.0-255,66,295668,18,378877
11348,0.069735,74.125.200.0-255,2902,298570,18,378877
11349,0.06974,172.31.36.0-255,66,298636,18,378877
11350,0.069778,74.125.200.0-255,1484,300120,18,378877
11351,0.069793,74.125.200.0-255,1484,301604,18,378877
11352,0.069796,172.31.36.0-255,66,301670,18,378877
11353,0.071924,74.125.200.0-255,2902,304572,18,378877
11354,0.071929,172.31.36.0-255,66,304638,18,378877
11355,0.071965,74.125.200.0-255,2902,307540,18,378877
11356,0.071968,172.31.36.0-255,66,307606,18,378877
11357,0.074101,74.125.200.0-255,2902,310508,18,378877
11358,0.074106,172.31.36.0-255,66,310574,18,378877
11359,0.07414,74.125.200.0-255,2902,313476,18,378877
11360,0.074143,172.31.36.0-255,66,313542,18,378877
11361,0.076277,74.125.200.0-255,2902,316444,18,378877
11362,0.076282,172.31.36.0-255,66,316510,18,378877
11363,0.076315,74.125.200.0-255,2902,319412,18,378877
11364,0.076318,172.31.36.0-255,66,319478,18,378877
11365,0.078457,74.125.200.0-255,2902,322380,18,378877
11366,0.078462,172.31.36.0-255,66,322446,18,378877
11367,0.078505,74.125.200.0-255,2902,325348,18,378877
11368,0.078508,172.31.36.0-255,66,325414,18,378877
11369,0.080655,74.125.200.0-255,2902,328316,18,378877
11370,0.080662,172.31.36.0-255,66,328382,18,378877
11371,0.080684,74.125.200.0-255,2902,331284,18,378877
11372,0.080688,172.31.36.0-255,66,331350,18,378877
11373,0.08295,74.125.200.0-255,1484,332834,18,378877
11374,0.08298,74.125.200.0-255,4320,337154,18,378877
11375,0.082984,172.31.36.0-255,66,337220,18,378877
11376,0.085153,74.125.200.0-255,2902,340122,18,378877
11377,0.085158,172.31.36.0-255,66,340188,18,378877
11378,0.085195,74.125.200.0-255,2902,343090,18,378877
11379,0.085198,172.31.36.0-255,66,343156,18,378877
11380,0.087366,74.125.200.0-255,2902,346058,18,378877
11381,0.087371,172.31.36.0-255,66,346124,18,378877
11382,0.0874,74.125.200.0-255,2902,349026,18,378877
11383,0.087403,172.31.36.0-255,66,349092,18,378877
11384,0.089553,74.125.200.0-255,2902,351994,18,378877
11385,0.089559,172.31.36.0-255,66,352060,18,378877
11386,0.089589,74.125.200.0-255,2902,354962,18,378877
11387,0.089592,172.31.36.0-255,66,355028,18,378877
11388,0.09174,74.125.200.0-255,2902,357930,18,378877
11389,0.091745,172.31.36.0-255,66,357996,18,378877
11390,0.091776,74.125.200.0-255,2902,360898,18,378877
11391,0.091778,172.31.36.0-255,66,360964,18,378877
11392,0.091897,172.31.36.0-255,105,361069,18,378877
11393,0.093925,74.125.200.0-255,2902,363971,18,378877
11394,0.093931,172.31.36.0-255,66,364037,18,378877
11395,0.093961,74.125.200.0-255,2902,366939,18,378877
11396,0.093964,172.31.36.0-255,66,367005,18,378877
11397,0.096116,74.125.200.0-255,2902,369907,18,378877
11398,0.096122,172.31.36.0-255,66,369973,18,378877
11399,0.096152,74.125.200.0-255,2902,372875,18,378877
11400,0.096155,172.31.36.0-255,66,372941,18,378877
11401,0.09829,74.125.200.0-255,2902,375843,18,378877
11402,0.098296,172.31.36.0-255,66,375909,18,378877
11403,0.098329,74.125.200.0-255,2902,378811,18,378877
11404,0.098332,172.31.36.0-255,66,378877,18,378877
11405,0.0,172.31.36.0-255,105,105,18,276
11406,0.083276,31.13.82.0-255,105,210,18,276
11407,0.083296,172.31.36.0-255,66,276,18,276
11408,0.0,74.125.24.0-255,146,146,18,232434
11409,9e-06,172.31.36.0-255,66,212,18,232434
11410,2.9e-05,74.125.24.0-255,1484,1696,18,232434
11411,3.2e-05,172.31.36.0-255,66,1762,18,232434
11412,5.5e-05,74.125.24.0-255,2902,4664,18,232434
11413,5.9e-05,172.31.36.0-255,66,4730,18,232434
11414,7e-05,74.125.24.0-255,2902,7632,18,232434
11415,7.2e-05,172.31.36.0-255,66,7698,18,232434
11416,9e-05,74.125.24.0-255,4320,12018,18,232434
11417,9.2e-05,172.31.36.0-255,66,12084,18,232434
11418,0.000105,74.125.24.0-255,2012,14096,18,232434
11419,0.000108,172.31.36.0-255,66,14162,18,232434
11420,0.000269,74.125.24.0-255,1484,15646,18,232434
11421,0.000274,172.31.36.0-255,66,15712,18,232434
11422,0.000279,74.125.24.0-255,2902,18614,18,232434
11423,0.000282,172.31.36.0-255,66,18680,18,232434
11424,0.000285,74.125.24.0-255,1484,20164,18,232434
11425,0.000287,172.31.36.0-255,66,20230,18,232434
11426,0.00031,74.125.24.0-255,2902,23132,18,232434
11427,0.000313,172.31.36.0-255,66,23198,18,232434
11428,0.000316,74.125.24.0-255,1484,24682,18,232434
11429,0.000317,172.31.36.0-255,66,24748,18,232434
11430,0.00034,172.31.36.0-255,66,24814,18,232434
11431,0.000345,74.125.24.0-255,4320,29134,18,232434
11432,0.000347,172.31.36.0-255,66,29200,18,232434
11433,0.00038,172.31.36.0-255,66,29266,18,232434
11434,0.000383,74.125.24.0-255,1125,30391,18,232434
11435,0.000384,172.31.36.0-255,66,30457,18,232434
11436,0.001546,74.125.24.0-255,1484,31941,18,232434
11437,0.001552,172.31.36.0-255,66,32007,18,232434
11438,0.001562,74.125.24.0-255,2902,34909,18,232434
11439,0.001564,172.31.36.0-255,66,34975,18,232434
11440,0.00157,74.125.24.0-255,5738,40713,18,232434
11441,0.001572,172.31.36.0-255,66,40779,18,232434
11442,0.001578,74.125.24.0-255,5738,46517,18,232434
11443,0.00158,172.31.36.0-255,66,46583,18,232434
11444,0.001605,74.125.24.0-255,1125,47708,18,232434
11445,0.001613,74.125.24.0-255,7156,54864,18,232434
11446,0.001615,172.31.36.0-255,66,54930,18,232434
11447,0.001624,74.125.24.0-255,1484,56414,18,232434
11448,0.001657,172.31.36.0-255,66,56480,18,232434
11449,0.001715,74.125.24.0-255,1484,57964,18,232434
11450,0.001731,74.125.24.0-255,7156,65120,18,232434
11451,0.001733,172.31.36.0-255,66,65186,18,232434
11452,0.001752,74.125.24.0-255,2763,67949,18,232434
11453,0.001754,172.31.36.0-255,66,68015,18,232434
11454,0.002479,74.125.24.0-255,1484,69499,18,232434
11455,0.002502,74.125.24.0-255,2902,72401,18,232434
11456,0.002505,172.31.36.0-255,66,72467,18,232434
11457,0.002511,74.125.24.0-255,4320,76787,18,232434
11458,0.002514,172.31.36.0-255,66,76853,18,232434
11459,0.002525,74.125.24.0-255,1484,78337,18,232434
11460,0.002528,74.125.24.0-255,1484,79821,18,232434
11461,0.00253,172.31.36.0-255,66,79887,18,232434
11462,0.002569,172.31.36.0-255,66,79953,18,232434
11463,0.002572,74.125.24.0-255,1484,81437,18,232434
11464,0.002586,74.125.24.0-255,4320,85757,18,232434
11465,0.002589,172.31.36.0-255,66,85823,18,232434
11466,0.002615,74.125.24.0-255,5020,90843,18,232434
11467,0.002618,172.31.36.0-255,66,90909,18,232434
11468,0.002869,74.125.24.0-255,1484,92393,18,232434
11469,0.002874,74.125.24.0-255,2902,95295,18,232434
11470,0.002876,172.31.36.0-255,66,95361,18,232434
11471,0.002885,74.125.24.0-255,5738,101099,18,232434
11472,0.002887,172.31.36.0-255,66,101165,18,232434
11473,0.002911,74.125.24.0-255,1484,102649,18,232434
11474,0.002926,74.125.24.0-255,2902,105551,18,232434
11475,0.002928,172.31.36.0-255,66,105617,18,232434
11476,0.002951,172.31.36.0-255,66,105683,18,232434
11477,0.002955,74.125.24.0-255,2902,108585,18,232434
11478,0.002957,172.31.36.0-255,66,108651,18,232434
11479,0.002996,74.125.24.0-255,2902,111553,18,232434
11480,0.002998,172.31.36.0-255,66,111619,18,232434
11481,0.003014,74.125.24.0-255,3602,115221,18,232434
11482,0.003016,172.31.36.0-255,66,115287,18,232434
11483,0.003509,74.125.24.0-255,1484,116771,18,232434
11484,0.003528,74.125.24.0-255,2902,119673,18,232434
11485,0.003531,172.31.36.0-255,66,119739,18,232434
11486,0.003536,74.125.24.0-255,4320,124059,18,232434
11487,0.003539,172.31.36.0-255,66,124125,18,232434
11488,0.003549,74.125.24.0-255,1484,125609,18,232434
11489,0.003552,74.125.24.0-255,1484,127093,18,232434
11490,0.003555,172.31.36.0-255,66,127159,18,232434
11491,0.003585,172.31.36.0-255,66,127225,18,232434
11492,0.003598,74.125.24.0-255,1484,128709,18,232434
11493,0.003601,74.125.24.0-255,1484,130193,18,232434
11494,0.003603,172.31.36.0-255,66,130259,18,232434
11495,0.003647,74.125.24.0-255,5738,135997,18,232434
11496,0.00365,172.31.36.0-255,66,136063,18,232434
11497,0.003676,74.125.24.0-255,3602,139665,18,232434
11498,0.003679,172.31.36.0-255,66,139731,18,232434
11499,0.003798,74.125.24.0-255,1484,141215,18,232434
11500,0.003804,74.125.24.0-255,2902,144117,18,232434
11501,0.003808,172.31.36.0-255,66,144183,18,232434
11502,0.003827,74.125.24.0-255,5738,149921,18,232434
11503,0.00383,172.31.36.0-255,66,149987,18,232434
11504,0.003834,74.125.24.0-255,1484,151471,18,232434
11505,0.003874,172.31.36.0-255,66,151537,18,232434
11506,0.003879,74.125.24.0-255,2902,154439,18,232434
11507,0.003881,172.31.36.0-255,66,154505,18,232434
11508,0.003904,172.31.36.0-255,66,154571,18,232434
11509,0.005964,74.125.24.0-255,1484,156055,18,232434
11510,0.005973,74.125.24.0-255,2902,158957,18,232434
11511,0.005977,172.31.36.0-255,66,159023,18,232434
11512,0.005983,74.125.24.0-255,1484,160507,18,232434
11513,0.006001,74.125.24.0-255,4320,164827,18,232434
11514,0.006003,172.31.36.0-255,66,164893,18,232434
11515,0.006008,74.125.24.0-255,2902,167795,18,232434
11516,0.00601,172.31.36.0-255,66,167861,18,232434
11517,0.006035,74.125.24.0-255,7156,175017,18,232434
11518,0.006038,172.31.36.0-255,66,175083,18,232434
11519,0.006046,74.125.24.0-255,7156,182239,18,232434
11520,0.006047,172.31.36.0-255,66,182305,18,232434
11521,0.006083,172.31.36.0-255,66,182371,18,232434
11522,0.006098,172.31.36.0-255,66,182437,18,232434
11523,0.006116,74.125.24.0-255,4320,186757,18,232434
11524,0.006118,172.31.36.0-255,66,186823,18,232434
11525,0.006142,172.31.36.0-255,66,186889,18,232434
11526,0.008212,74.125.24.0-255,1484,188373,18,232434
11527,0.008222,74.125.24.0-255,2902,191275,18,232434
11528,0.008226,172.31.36.0-255,66,191341,18,232434
11529,0.008234,74.125.24.0-255,5738,197079,18,232434
11530,0.008236,172.31.36.0-255,66,197145,18,232434
11531,0.008268,172.31.36.0-255,66,197211,18,232434
11532,0.008287,74.125.24.0-255,4320,201531,18,232434
11533,0.008289,172.31.36.0-255,66,201597,18,232434
11534,0.008292,74.125.24.0-255,1484,203081,18,232434
11535,0.008332,172.31.36.0-255,66,203147,18,232434
11536,0.009852,74.125.24.0-255,1484,204631,18,232434
11537,0.009864,74.125.24.0-255,2902,207533,18,232434
11538,0.009869,172.31.36.0-255,66,207599,18,232434
11539,0.009877,74.125.24.0-255,5738,213337,18,232434
11540,0.00988,172.31.36.0-255,66,213403,18,232434
11541,0.009885,74.125.24.0-255,2902,216305,18,232434
11542,0.009887,172.31.36.0-255,66,216371,18,232434
11543,0.009941,172.31.36.0-255,66,216437,18,232434
11544,0.009944,172.31.36.0-255,66,216503,18,232434
11545,0.010017,172.31.36.0-255,66,216569,18,232434
11546,0.010048,172.31.36.0-255,66,216635,18,232434
11547,0.010052,74.125.24.0-255,1484,218119,18,232434
11548,0.010062,172.31.36.0-255,66,218185,18,232434
11549,0.01079,74.125.24.0-255,1484,219669,18,232434
11550,0.010798,74.125.24.0-255,2229,221898,18,232434
11551,0.010803,172.31.36.0-255,66,221964,18,232434
11552,0.010808,74.125.24.0-255,97,222061,18,232434
11553,0.010867,74.125.24.0-255,105,222166,18,232434
11554,0.011491,172.31.36.0-255,66,222232,18,232434
11555,0.011527,172.31.36.0-255,105,222337,18,232434
11556,0.014053,74.125.24.0-255,66,222403,18,232434
11557,0.038687,172.31.36.0-255,172,222575,18,232434
11558,0.03872,172.31.36.0-255,1112,223687,18,232434
11559,0.038786,172.31.36.0-255,1514,225201,18,232434
11560,0.038788,172.31.36.0-255,1514,226715,18,232434
11561,0.038795,172.31.36.0-255,1514,228229,18,232434
11562,0.038796,172.31.36.0-255,1514,229743,18,232434
11563,0.038815,172.31.36.0-255,1514,231257,18,232434
11564,0.038817,172.31.36.0-255,913,232170,18,232434
11565,0.040249,104.244.42.0-255,66,232236,18,232434
11566,0.040291,104.244.42.0-255,66,232302,18,232434
11567,0.040343,104.244.42.0-255,66,232368,18,232434
11568,0.040507,104.244.42.0-255,66,232434,18,232434
11569,0.0,172.217.194.0-255,153,153,18,233464
11570,1.5e-05,172.217.194.0-255,1484,1637,18,233464
11571,2.4e-05,172.31.36.0-255,66,1703,18,233464
11572,3.2e-05,172.217.194.0-255,2902,4605,18,233464
11573,3.6e-05,172.31.36.0-255,66,4671,18,233464
11574,5.5e-05,172.217.194.0-255,7156,11827,18,233464
11575,5.9e-05,172.31.36.0-255,66,11893,18,233464
11576,6.4e-05,172.217.194.0-255,1993,13886,18,233464
11577,6.7e-05,172.31.36.0-255,66,13952,18,233464
11578,7e-05,172.217.194.0-255,1484,15436,18,233464
11579,9.4e-05,172.217.194.0-255,1484,16920,18,233464
11580,0.000102,172.31.36.0-255,66,16986,18,233464
11581,0.00011,172.217.194.0-255,7156,24142,18,233464
11582,0.000114,172.31.36.0-255,66,24208,18,233464
11583,0.00012,172.217.194.0-255,5738,29946,18,233464
11584,0.000122,172.31.36.0-255,66,30012,18,233464
11585,0.000125,172.217.194.0-255,1484,31496,18,233464
11586,0.000181,172.31.36.0-255,66,31562,18,233464
11587,0.000186,172.217.194.0-255,3602,35164,18,233464
11588,0.000189,172.31.36.0-255,66,35230,18,233464
11589,0.000192,172.217.194.0-255,1484,36714,18,233464
11590,0.000225,172.217.194.0-255,2902,39616,18,233464
11591,0.000229,172.31.36.0-255,66,39682,18,233464
11592,0.000234,172.217.194.0-255,4320,44002,18,233464
11593,0.000237,172.31.36.0-255,66,44068,18,233464
11594,0.000277,172.31.36.0-255,66,44134,18,233464
11595,0.000308,172.217.194.0-255,4320,48454,18,233464
11596,0.00031,172.31.36.0-255,66,48520,18,233464
11597,0.000342,172.217.194.0-255,5738,54258,18,233464
11598,0.000344,172.31.36.0-255,66,54324,18,233464
11599,0.000386,172.217.194.0-255,7156,61480,18,233464
11600,0.000388,172.31.36.0-255,66,61546,18,233464
11601,0.000417,172.217.194.0-255,4237,65783,18,233464
11602,0.000419,172.31.36.0-255,66,65849,18,233464
11603,0.000433,172.31.36.0-255,66,65915,18,233464
11604,0.000436,172.217.194.0-255,577,66492,18,233464
11605,0.000471,172.217.194.0-255,1484,67976,18,233464
11606,0.000474,172.31.36.0-255,66,68042,18,233464
11607,0.000479,172.217.194.0-255,2902,70944,18,233464
11608,0.000482,172.31.36.0-255,66,71010,18,233464
11609,0.000517,172.217.194.0-255,5738,76748,18,233464
11610,0.000521,172.31.36.0-255,66,76814,18,233464
11611,0.000528,172.217.194.0-255,7156,83970,18,233464
11612,0.00053,172.31.36.0-255,66,84036,18,233464
11613,0.000581,172.31.36.0-255,66,84102,18,233464
11614,0.00062,172.217.194.0-255,2184,86286,18,233464
11615,0.000622,172.31.36.0-255,66,86352,18,233464
11616,0.000646,172.217.194.0-255,2902,89254,18,233464
11617,0.000648,172.31.36.0-255,66,89320,18,233464
11618,0.000688,172.217.194.0-255,7156,96476,18,233464
11619,0.000693,172.31.36.0-255,66,96542,18,233464
11620,0.000697,172.217.194.0-255,2902,99444,18,233464
11621,0.0007,172.31.36.0-255,66,99510,18,233464
11622,0.000719,172.217.194.0-255,3961,103471,18,233464
11623,0.000723,172.31.36.0-255,66,103537,18,233464
11624,0.000751,172.217.194.0-255,4320,107857,18,233464
11625,0.000755,172.31.36.0-255,66,107923,18,233464
11626,0.000779,172.217.194.0-255,1484,109407,18,233464
11627,0.000801,172.217.194.0-255,7156,116563,18,233464
11628,0.000803,172.31.36.0-255,66,116629,18,233464
11629,0.000811,172.31.36.0-255,66,116695,18,233464
11630,0.000837,172.31.36.0-255,66,116761,18,233464
11631,0.000928,172.217.194.0-255,1484,118245,18,233464
11632,0.000936,172.217.194.0-255,2902,121147,18,233464
11633,0.00094,172.31.36.0-255,66,121213,18,233464
11634,0.000947,172.217.194.0-255,5738,126951,18,233464
11635,0.00095,172.31.36.0-255,66,127017,18,233464
11636,0.000974,172.217.194.0-255,4320,131337,18,233464
11637,0.000977,172.31.36.0-255,66,131403,18,233464
11638,0.001011,172.217.194.0-255,1484,132887,18,233464
11639,0.001017,172.217.194.0-255,7156,140043,18,233464
11640,0.00102,172.31.36.0-255,66,140109,18,233464
11641,0.001059,172.31.36.0-255,66,140175,18,233464
11642,0.001837,172.217.194.0-255,1484,141659,18,233464
11643,0.001846,172.217.194.0-255,2902,144561,18,233464
11644,0.00185,172.31.36.0-255,66,144627,18,233464
11645,0.001857,172.217.194.0-255,5738,150365,18,233464
11646,0.001859,172.31.36.0-255,66,150431,18,233464
11647,0.001878,172.217.194.0-255,7156,157587,18,233464
11648,0.00188,172.31.36.0-255,66,157653,18,233464
11649,0.001923,172.217.194.0-255,5738,163391,18,233464
11650,0.001936,172.31.36.0-255,66,163457,18,233464
11651,0.001945,172.31.36.0-255,66,163523,18,233464
11652,0.002024,172.217.194.0-255,1484,165007,18,233464
11653,0.00203,172.217.194.0-255,2902,167909,18,233464
11654,0.002034,172.31.36.0-255,66,167975,18,233464
11655,0.002041,172.217.194.0-255,5738,173713,18,233464
11656,0.002043,172.31.36.0-255,66,173779,18,233464
11657,0.002075,172.217.194.0-255,7156,180935,18,233464
11658,0.002078,172.31.36.0-255,66,181001,18,233464
11659,0.002082,172.217.194.0-255,1484,182485,18,233464
11660,0.002085,172.217.194.0-255,1484,183969,18,233464
11661,0.002087,172.31.36.0-255,66,184035,18,233464
11662,0.00209,172.217.194.0-255,1484,185519,18,233464
11663,0.002154,172.217.194.0-255,7156,192675,18,233464
11664,0.002157,172.31.36.0-255,66,192741,18,233464
11665,0.002162,172.217.194.0-255,2902,195643,18,233464
11666,0.002165,172.31.36.0-255,66,195709,18,233464
11667,0.002168,172.217.194.0-255,1484,197193,18,233464
11668,0.002176,172.217.194.0-255,766,197959,18,233464
11669,0.002179,172.31.36.0-255,66,198025,18,233464
11670,0.002183,172.217.194.0-255,2902,200927,18,233464
11671,0.002186,172.31.36.0-255,66,200993,18,233464
11672,0.002189,172.217.194.0-255,1484,202477,18,233464
11673,0.002192,172.217.194.0-255,1484,203961,18,233464
11674,0.002194,172.31.36.0-255,66,204027,18,233464
11675,0.002232,172.31.36.0-255,66,204093,18,233464
11676,0.002243,172.31.36.0-255,66,204159,18,233464
11677,0.002276,172.217.194.0-255,1484,205643,18,233464
11678,0.00228,172.217.194.0-255,1484,207127,18,233464
11679,0.002284,172.31.36.0-255,66,207193,18,233464
11680,0.002294,172.31.36.0-255,66,207259,18,233464
11681,0.002303,172.217.194.0-255,1484,208743,18,233464
11682,0.002308,172.217.194.0-255,2902,211645,18,233464
11683,0.00231,172.31.36.0-255,66,211711,18,233464
11684,0.002342,172.217.194.0-255,2902,214613,18,233464
11685,0.002345,172.31.36.0-255,66,214679,18,233464
11686,0.002357,172.31.36.0-255,66,214745,18,233464
11687,0.002377,172.217.194.0-255,2902,217647,18,233464
11688,0.00238,172.31.36.0-255,66,217713,18,233464
11689,0.002398,172.31.36.0-255,66,217779,18,233464
11690,0.002402,172.217.194.0-255,2184,219963,18,233464
11691,0.002403,172.31.36.0-255,66,220029,18,233464
11692,0.002447,172.31.36.0-255,66,220095,18,233464
11693,0.002459,172.31.36.0-255,66,220161,18,233464
11694,0.00248,172.217.194.0-255,1484,221645,18,233464
11695,0.002483,172.217.194.0-255,1484,223129,18,233464
11696,0.002485,172.31.36.0-255,66,223195,18,233464
11697,0.002496,172.31.36.0-255,66,223261,18,233464
11698,0.002499,172.217.194.0-255,1484,224745,18,233464
11699,0.002509,172.31.36.0-255,66,224811,18,233464
11700,0.002544,172.217.194.0-255,97,224908,18,233464
11701,0.002548,172.31.36.0-255,66,224974,18,233464
11702,0.002582,172.217.194.0-255,105,225079,18,233464
11703,0.004742,172.31.36.0-255,66,225145,18,233464
11704,0.004777,172.31.36.0-255,105,225250,18,233464
11705,0.006691,172.217.194.0-255,66,225316,18,233464
11706,0.026278,172.31.36.0-255,172,225488,18,233464
11707,0.02633,172.31.36.0-255,1115,226603,18,233464
11708,0.026496,172.31.36.0-255,1514,228117,18,233464
11709,0.026498,172.31.36.0-255,1514,229631,18,233464
11710,0.026499,172.31.36.0-255,1514,231145,18,233464
11711,0.0265,172.31.36.0-255,1514,232659,18,233464
11712,0.026501,172.31.36.0-255,541,233200,18,233464
11713,0.027835,104.244.42.0-255,66,233266,18,233464
11714,0.027883,104.244.42.0-255,66,233332,18,233464
11715,0.028067,104.244.42.0-255,66,233398,18,233464
11716,0.028095,104.244.42.0-255,66,233464,18,233464
11717,0.0,74.125.24.0-255,153,153,18,217608
11718,1.6e-05,74.125.24.0-255,1484,1637,18,217608
11719,2.4e-05,172.31.36.0-255,66,1703,18,217608
11720,3e-05,74.125.24.0-255,1484,3187,18,217608
11721,3.6e-05,74.125.24.0-255,4320,7507,18,217608
11722,4.8e-05,172.31.36.0-255,66,7573,18,217608
11723,5.3e-05,74.125.24.0-255,2902,10475,18,217608
11724,5.6e-05,172.31.36.0-255,66,10541,18,217608
11725,9.1e-05,172.31.36.0-255,66,10607,18,217608
11726,9.6e-05,74.125.24.0-255,2902,13509,18,217608
11727,9.8e-05,172.31.36.0-255,66,13575,18,217608
11728,0.000119,74.125.24.0-255,1484,15059,18,217608
11729,0.000154,172.31.36.0-255,66,15125,18,217608
11730,0.000192,74.125.24.0-255,1484,16609,18,217608
11731,0.000197,74.125.24.0-255,2902,19511,18,217608
11732,0.0002,172.31.36.0-255,66,19577,18,217608
11733,0.000204,74.125.24.0-255,2902,22479,18,217608
11734,0.000207,172.31.36.0-255,66,22545,18,217608
11735,0.00023,74.125.24.0-255,2902,25447,18,217608
11736,0.000238,172.31.36.0-255,66,25513,18,217608
11737,0.000245,74.125.24.0-255,7156,32669,18,217608
11738,0.000247,172.31.36.0-255,66,32735,18,217608
11739,0.000292,172.31.36.0-255,66,32801,18,217608
11740,0.000308,74.125.24.0-255,1484,34285,18,217608
11741,0.000314,74.125.24.0-255,2519,36804,18,217608
11742,0.000317,74.125.24.0-255,342,37146,18,217608
11743,0.000322,172.31.36.0-255,66,37212,18,217608
11744,0.000428,74.125.24.0-255,1484,38696,18,217608
11745,0.000435,74.125.24.0-255,2902,41598,18,217608
11746,0.000458,74.125.24.0-255,5738,47336,18,217608
11747,0.000473,74.125.24.0-255,4320,51656,18,217608
11748,0.000511,74.125.24.0-255,7156,58812,18,217608
11749,0.000528,74.125.24.0-255,3602,62414,18,217608
11750,0.000597,172.31.36.0-255,66,62480,18,217608
11751,0.000635,74.125.24.0-255,1484,63964,18,217608
11752,0.000641,74.125.24.0-255,2902,66866,18,217608
11753,0.00066,172.31.36.0-255,66,66932,18,217608
11754,0.000667,74.125.24.0-255,5738,72670,18,217608
11755,0.000677,172.31.36.0-255,66,72736,18,217608
11756,0.000736,172.31.36.0-255,66,72802,18,217608
11757,0.000801,172.31.36.0-255,66,72868,18,217608
11758,0.000813,172.31.36.0-255,66,72934,18,217608
11759,0.000878,74.125.24.0-255,1484,74418,18,217608
11760,0.000896,74.125.24.0-255,2902,77320,18,217608
11761,0.000909,74.125.24.0-255,2902,80222,18,217608
11762,0.000919,172.31.36.0-255,66,80288,18,217608
11763,0.000924,74.125.24.0-255,2902,83190,18,217608
11764,0.000929,172.31.36.0-255,66,83256,18,217608
11765,0.000947,74.125.24.0-255,4320,87576,18,217608
11766,0.000955,74.125.24.0-255,5738,93314,18,217608
11767,0.000968,74.125.24.0-255,4320,97634,18,217608
11768,0.000991,74.125.24.0-255,7156,104790,18,217608
11769,0.000995,74.125.24.0-255,2184,106974,18,217608
11770,0.001018,172.31.36.0-255,66,107040,18,217608
11771,0.001057,74.125.24.0-255,1484,108524,18,217608
11772,0.001062,74.125.24.0-255,2902,111426,18,217608
11773,0.001075,172.31.36.0-255,66,111492,18,217608
11774,0.001104,74.125.24.0-255,5738,117230,18,217608
11775,0.001122,74.125.24.0-255,5738,122968,18,217608
11776,0.00113,172.31.36.0-255,66,123034,18,217608
11777,0.001138,74.125.24.0-255,1484,124518,18,217608
11778,0.00116,172.31.36.0-255,66,124584,18,217608
11779,0.001167,74.125.24.0-255,1484,126068,18,217608
11780,0.001193,74.125.24.0-255,3602,129670,18,217608
11781,0.001205,172.31.36.0-255,66,129736,18,217608
11782,0.001378,74.125.24.0-255,1484,131220,18,217608
11783,0.001384,74.125.24.0-255,2902,134122,18,217608
11784,0.001399,74.125.24.0-255,1484,135606,18,217608
11785,0.001403,74.125.24.0-255,2902,138508,18,217608
11786,0.001443,172.31.36.0-255,66,138574,18,217608
11787,0.001449,172.31.36.0-255,66,138640,18,217608
11788,0.001465,74.125.24.0-255,5738,144378,18,217608
11789,0.001488,74.125.24.0-255,6438,150816,18,217608
11790,0.001522,172.31.36.0-255,66,150882,18,217608
11791,0.001558,74.125.24.0-255,1484,152366,18,217608
11792,0.001563,74.125.24.0-255,2902,155268,18,217608
11793,0.001576,74.125.24.0-255,1484,156752,18,217608
11794,0.001587,172.31.36.0-255,66,156818,18,217608
11795,0.001593,74.125.24.0-255,4320,161138,18,217608
11796,0.001615,74.125.24.0-255,7156,168294,18,217608
11797,0.001618,172.31.36.0-255,66,168360,18,217608
11798,0.001646,74.125.24.0-255,4320,172680,18,217608
11799,0.001672,172.31.36.0-255,66,172746,18,217608
11800,0.001683,74.125.24.0-255,7156,179902,18,217608
11801,0.001702,172.31.36.0-255,66,179968,18,217608
11802,0.001723,74.125.24.0-255,2184,182152,18,217608
11803,0.001726,74.125.24.0-255,2902,185054,18,217608
11804,0.001732,74.125.24.0-255,7156,192210,18,217608
11805,0.001746,74.125.24.0-255,1484,193694,18,217608
11806,0.001775,74.125.24.0-255,6438,200132,18,217608
11807,0.00179,172.31.36.0-255,66,200198,18,217608
11808,0.001852,74.125.24.0-255,2902,203100,18,217608
11809,0.001865,172.31.36.0-255,66,203166,18,217608
11810,0.001876,74.125.24.0-255,4320,207486,18,217608
11811,0.001886,172.31.36.0-255,66,207552,18,217608
11812,0.001894,74.125.24.0-255,498,208050,18,217608
11813,0.001897,74.125.24.0-255,105,208155,18,217608
11814,0.011149,172.31.36.0-255,66,208221,18,217608
11815,0.011191,172.31.36.0-255,105,208326,18,217608
11816,0.012407,74.125.24.0-255,105,208431,18,217608
11817,0.012416,172.31.36.0-255,78,208509,18,217608
11818,0.013211,74.125.24.0-255,66,208575,18,217608
11819,0.037194,172.31.36.0-255,172,208747,18,217608
11820,0.037228,172.31.36.0-255,1115,209862,18,217608
11821,0.037295,172.31.36.0-255,1514,211376,18,217608
11822,0.037297,172.31.36.0-255,1514,212890,18,217608
11823,0.037303,172.31.36.0-255,1514,214404,18,217608
11824,0.037305,172.31.36.0-255,1514,215918,18,217608
11825,0.037322,172.31.36.0-255,1492,217410,18,217608
11826,0.038739,104.244.42.0-255,66,217476,18,217608
11827,0.038785,104.244.42.0-255,66,217542,18,217608
11828,0.038923,104.244.42.0-255,66,217608,18,217608
11829,0.0,74.125.24.0-255,148,148,18,328613
11830,1.7e-05,172.31.36.0-255,66,214,18,328613
11831,2.3e-05,74.125.24.0-255,1484,1698,18,328613
11832,2.8e-05,172.31.36.0-255,66,1764,18,328613
11833,3.3e-05,74.125.24.0-255,2902,4666,18,328613
11834,3.7e-05,172.31.36.0-255,66,4732,18,328613
11835,5.3e-05,74.125.24.0-255,7156,11888,18,328613
11836,5.7e-05,172.31.36.0-255,66,11954,18,328613
11837,6.1e-05,74.125.24.0-255,2084,14038,18,328613
11838,6.4e-05,172.31.36.0-255,66,14104,18,328613
11839,0.000104,74.125.24.0-255,5738,19842,18,328613
11840,0.000107,172.31.36.0-255,66,19908,18,328613
11841,0.000147,172.31.36.0-255,66,19974,18,328613
11842,0.000163,172.31.36.0-255,66,20040,18,328613
11843,0.000172,74.125.24.0-255,2184,22224,18,328613
11844,0.000174,172.31.36.0-255,66,22290,18,328613
11845,0.000179,74.125.24.0-255,2902,25192,18,328613
11846,0.000181,172.31.36.0-255,66,25258,18,328613
11847,0.000187,74.125.24.0-255,7156,32414,18,328613
11848,0.00019,172.31.36.0-255,66,32480,18,328613
11849,0.000252,172.31.36.0-255,66,32546,18,328613
11850,0.001066,74.125.24.0-255,1484,34030,18,328613
11851,0.001072,172.31.36.0-255,66,34096,18,328613
11852,0.00108,74.125.24.0-255,2902,36998,18,328613
11853,0.001082,172.31.36.0-255,66,37064,18,328613
11854,0.001094,74.125.24.0-255,4320,41384,18,328613
11855,0.001096,172.31.36.0-255,66,41450,18,328613
11856,0.001128,74.125.24.0-255,1484,42934,18,328613
11857,0.00113,172.31.36.0-255,66,43000,18,328613
11858,0.001162,74.125.24.0-255,766,43766,18,328613
11859,0.001387,74.125.24.0-255,1484,45250,18,328613
11860,0.001394,74.125.24.0-255,2902,48152,18,328613
11861,0.001397,74.125.24.0-255,1484,49636,18,328613
11862,0.001414,74.125.24.0-255,1484,51120,18,328613
11863,0.001426,74.125.24.0-255,4320,55440,18,328613
11864,0.001446,74.125.24.0-255,2902,58342,18,328613
11865,0.001475,74.125.24.0-255,7156,65498,18,328613
11866,0.001488,74.125.24.0-255,2184,67682,18,328613
11867,0.001639,74.125.24.0-255,1484,69166,18,328613
11868,0.001658,74.125.24.0-255,2902,72068,18,328613
11869,0.001679,74.125.24.0-255,2902,74970,18,328613
11870,0.001699,74.125.24.0-255,2902,77872,18,328613
11871,0.001703,74.125.24.0-255,1484,79356,18,328613
11872,0.001733,74.125.24.0-255,5738,85094,18,328613
11873,0.001748,74.125.24.0-255,5020,90114,18,328613
11874,0.002199,172.31.36.0-255,66,90180,18,328613
11875,0.004665,74.125.24.0-255,5738,95918,18,328613
11876,0.004671,172.31.36.0-255,66,95984,18,328613
11877,0.007114,74.125.24.0-255,5738,101722,18,328613
11878,0.007119,172.31.36.0-255,66,101788,18,328613
11879,0.009585,74.125.24.0-255,5738,107526,18,328613
11880,0.009593,172.31.36.0-255,66,107592,18,328613
11881,0.012053,74.125.24.0-255,5738,113330,18,328613
11882,0.012062,172.31.36.0-255,66,113396,18,328613
11883,0.01451,74.125.24.0-255,5738,119134,18,328613
11884,0.014519,172.31.36.0-255,66,119200,18,328613
11885,0.016987,74.125.24.0-255,5738,124938,18,328613
11886,0.016997,172.31.36.0-255,66,125004,18,328613
11887,0.019479,74.125.24.0-255,5738,130742,18,328613
11888,0.019487,172.31.36.0-255,66,130808,18,328613
11889,0.021948,74.125.24.0-255,5738,136546,18,328613
11890,0.021956,172.31.36.0-255,66,136612,18,328613
11891,0.024456,74.125.24.0-255,5738,142350,18,328613
11892,0.024463,172.31.36.0-255,66,142416,18,328613
11893,0.02694,74.125.24.0-255,5738,148154,18,328613
11894,0.026946,172.31.36.0-255,66,148220,18,328613
11895,0.029456,74.125.24.0-255,5738,153958,18,328613
11896,0.029465,172.31.36.0-255,66,154024,18,328613
11897,0.03192,74.125.24.0-255,5738,159762,18,328613
11898,0.031929,172.31.36.0-255,66,159828,18,328613
11899,0.033276,172.31.36.0-255,172,160000,18,328613
11900,0.033355,172.31.36.0-255,1514,161514,18,328613
11901,0.033356,172.31.36.0-255,1514,163028,18,328613
11902,0.033357,172.31.36.0-255,1514,164542,18,328613
11903,0.033359,172.31.36.0-255,1514,166056,18,328613
11904,0.03336,172.31.36.0-255,1514,167570,18,328613
11905,0.033388,172.31.36.0-255,1101,168671,18,328613
11906,0.034451,74.125.24.0-255,5738,174409,18,328613
11907,0.034459,172.31.36.0-255,66,174475,18,328613
11908,0.034946,104.244.42.0-255,66,174541,18,328613
11909,0.035035,104.244.42.0-255,66,174607,18,328613
11910,0.035041,104.244.42.0-255,66,174673,18,328613
11911,0.036924,74.125.24.0-255,5738,180411,18,328613
11912,0.036931,172.31.36.0-255,66,180477,18,328613
11913,0.039384,74.125.24.0-255,5738,186215,18,328613
11914,0.039393,172.31.36.0-255,66,186281,18,328613
11915,0.041842,74.125.24.0-255,5738,192019,18,328613
11916,0.041848,172.31.36.0-255,66,192085,18,328613
11917,0.044338,74.125.24.0-255,5738,197823,18,328613
11918,0.044345,172.31.36.0-255,66,197889,18,328613
11919,0.046823,74.125.24.0-255,2902,200791,18,328613
11920,0.04683,172.31.36.0-255,66,200857,18,328613
11921,0.046859,74.125.24.0-255,2902,203759,18,328613
11922,0.046881,172.31.36.0-255,66,203825,18,328613
11923,0.049272,74.125.24.0-255,2902,206727,18,328613
11924,0.049279,172.31.36.0-255,66,206793,18,328613
11925,0.049322,74.125.24.0-255,2902,209695,18,328613
11926,0.049334,172.31.36.0-255,66,209761,18,328613
11927,0.051718,74.125.24.0-255,2902,212663,18,328613
11928,0.051725,172.31.36.0-255,66,212729,18,328613
11929,0.051805,74.125.24.0-255,2902,215631,18,328613
11930,0.051828,172.31.36.0-255,66,215697,18,328613
11931,0.054215,74.125.24.0-255,2902,218599,18,328613
11932,0.05422,172.31.36.0-255,66,218665,18,328613
11933,0.054303,74.125.24.0-255,2902,221567,18,328613
11934,0.054318,172.31.36.0-255,66,221633,18,328613
11935,0.056694,74.125.24.0-255,2902,224535,18,328613
11936,0.056701,172.31.36.0-255,66,224601,18,328613
11937,0.056764,74.125.24.0-255,2902,227503,18,328613
11938,0.056793,172.31.36.0-255,66,227569,18,328613
11939,0.059151,74.125.24.0-255,2902,230471,18,328613
11940,0.059157,172.31.36.0-255,66,230537,18,328613
11941,0.05925,74.125.24.0-255,2902,233439,18,328613
11942,0.059256,172.31.36.0-255,66,233505,18,328613
11943,0.061606,74.125.24.0-255,2902,236407,18,328613
11944,0.061612,172.31.36.0-255,66,236473,18,328613
11945,0.061712,74.125.24.0-255,2902,239375,18,328613
11946,0.061716,172.31.36.0-255,66,239441,18,328613
11947,0.064044,74.125.24.0-255,2902,242343,18,328613
11948,0.06405,172.31.36.0-255,66,242409,18,328613
11949,0.064167,74.125.24.0-255,2902,245311,18,328613
11950,0.064171,172.31.36.0-255,66,245377,18,328613
11951,0.066543,74.125.24.0-255,2902,248279,18,328613
11952,0.06655,172.31.36.0-255,66,248345,18,328613
11953,0.066626,74.125.24.0-255,2902,251247,18,328613
11954,0.066652,172.31.36.0-255,66,251313,18,328613
11955,0.068987,74.125.24.0-255,2902,254215,18,328613
11956,0.068993,172.31.36.0-255,66,254281,18,328613
11957,0.069113,74.125.24.0-255,2902,257183,18,328613
11958,0.069118,172.31.36.0-255,66,257249,18,328613
11959,0.071457,74.125.24.0-255,2902,260151,18,328613
11960,0.071463,172.31.36.0-255,66,260217,18,328613
11961,0.071582,74.125.24.0-255,2902,263119,18,328613
11962,0.071586,172.31.36.0-255,66,263185,18,328613
11963,0.073965,74.125.24.0-255,2902,266087,18,328613
11964,0.073972,172.31.36.0-255,66,266153,18,328613
11965,0.074019,74.125.24.0-255,2902,269055,18,328613
11966,0.074038,172.31.36.0-255,66,269121,18,328613
11967,0.076442,74.125.24.0-255,2902,272023,18,328613
11968,0.07645,172.31.36.0-255,66,272089,18,328613
11969,0.076477,74.125.24.0-255,1484,273573,18,328613
11970,0.076495,74.125.24.0-255,1484,275057,18,328613
11971,0.076527,172.31.36.0-255,66,275123,18,328613
11972,0.078934,74.125.24.0-255,2902,278025,18,328613
11973,0.078942,172.31.36.0-255,66,278091,18,328613
11974,0.07902,74.125.24.0-255,1484,279575,18,328613
11975,0.079037,74.125.24.0-255,1484,281059,18,328613
11976,0.079061,172.31.36.0-255,66,281125,18,328613
11977,0.081411,74.125.24.0-255,2902,284027,18,328613
11978,0.081418,172.31.36.0-255,66,284093,18,328613
11979,0.081522,74.125.24.0-255,2902,286995,18,328613
11980,0.081527,172.31.36.0-255,66,287061,18,328613
11981,0.083873,74.125.24.0-255,2902,289963,18,328613
11982,0.083881,172.31.36.0-255,66,290029,18,328613
11983,0.083972,74.125.24.0-255,2902,292931,18,328613
11984,0.083999,172.31.36.0-255,66,292997,18,328613
11985,0.086337,74.125.24.0-255,2902,295899,18,328613
11986,0.086344,172.31.36.0-255,66,295965,18,328613
11987,0.086468,74.125.24.0-255,2902,298867,18,328613
11988,0.086472,172.31.36.0-255,66,298933,18,328613
11989,0.088824,74.125.24.0-255,2902,301835,18,328613
11990,0.08883,172.31.36.0-255,66,301901,18,328613
11991,0.088913,74.125.24.0-255,2902,304803,18,328613
11992,0.088931,172.31.36.0-255,66,304869,18,328613
11993,0.091303,74.125.24.0-255,2902,307771,18,328613
11994,0.091309,172.31.36.0-255,66,307837,18,328613
11995,0.091396,74.125.24.0-255,2902,310739,18,328613
11996,0.091406,172.31.36.0-255,66,310805,18,328613
11997,0.093741,74.125.24.0-255,2902,313707,18,328613
11998,0.093748,172.31.36.0-255,66,313773,18,328613
11999,0.09385,74.125.24.0-255,2902,316675,18,328613
12000,0.093854,172.31.36.0-255,66,316741,18,328613
12001,0.096225,74.125.24.0-255,2902,319643,18,328613
12002,0.096232,172.31.36.0-255,66,319709,18,328613
12003,0.096312,74.125.24.0-255,2902,322611,18,328613
12004,0.096334,172.31.36.0-255,66,322677,18,328613
12005,0.098686,74.125.24.0-255,2902,325579,18,328613
12006,0.098693,172.31.36.0-255,66,325645,18,328613
12007,0.098781,74.125.24.0-255,2902,328547,18,328613
12008,0.098806,172.31.36.0-255,66,328613,18,328613
12009,0.0,74.125.24.0-255,406,406,18,291736
12010,1.8e-05,74.125.24.0-255,1484,1890,18,291736
12011,3e-05,172.31.36.0-255,66,1956,18,291736
12012,3.9e-05,74.125.24.0-255,4320,6276,18,291736
12013,4.2e-05,172.31.36.0-255,66,6342,18,291736
12014,5.5e-05,172.31.36.0-255,66,6408,18,291736
12015,0.000269,74.125.24.0-255,1484,7892,18,291736
12016,0.000277,74.125.24.0-255,2902,10794,18,291736
12017,0.000281,172.31.36.0-255,66,10860,18,291736
12018,0.000299,74.125.24.0-255,2902,13762,18,291736
12019,0.000303,172.31.36.0-255,66,13828,18,291736
12020,0.000328,74.125.24.0-255,2902,16730,18,291736
12021,0.00033,172.31.36.0-255,66,16796,18,291736
12022,0.000337,74.125.24.0-255,5738,22534,18,291736
12023,0.000339,172.31.36.0-255,66,22600,18,291736
12024,0.000353,74.125.24.0-255,1125,23725,18,291736
12025,0.000374,74.125.24.0-255,1484,25209,18,291736
12026,0.000377,172.31.36.0-255,66,25275,18,291736
12027,0.000399,74.125.24.0-255,4320,29595,18,291736
12028,0.000402,172.31.36.0-255,66,29661,18,291736
12029,0.000429,172.31.36.0-255,66,29727,18,291736
12030,0.000432,74.125.24.0-255,1125,30852,18,291736
12031,0.000674,74.125.24.0-255,1484,32336,18,291736
12032,0.00068,172.31.36.0-255,66,32402,18,291736
12033,0.000698,74.125.24.0-255,2902,35304,18,291736
12034,0.000701,172.31.36.0-255,66,35370,18,291736
12035,0.000707,74.125.24.0-255,4320,39690,18,291736
12036,0.00071,172.31.36.0-255,66,39756,18,291736
12037,0.000726,74.125.24.0-255,1484,41240,18,291736
12038,0.00073,74.125.24.0-255,1484,42724,18,291736
12039,0.000733,172.31.36.0-255,66,42790,18,291736
12040,0.000753,74.125.24.0-255,5379,48169,18,291736
12041,0.000756,172.31.36.0-255,66,48235,18,291736
12042,0.000791,74.125.24.0-255,1484,49719,18,291736
12043,0.000809,74.125.24.0-255,2902,52621,18,291736
12044,0.000813,172.31.36.0-255,66,52687,18,291736
12045,0.000827,74.125.24.0-255,2902,55589,18,291736
12046,0.000829,172.31.36.0-255,66,55655,18,291736
12047,0.000855,74.125.24.0-255,2902,58557,18,291736
12048,0.000859,172.31.36.0-255,66,58623,18,291736
12049,0.000867,74.125.24.0-255,7156,65779,18,291736
12050,0.00087,172.31.36.0-255,66,65845,18,291736
12051,0.000889,74.125.24.0-255,288,66133,18,291736
12052,0.000932,74.125.24.0-255,1484,67617,18,291736
12053,0.000935,172.31.36.0-255,66,67683,18,291736
12054,0.000939,74.125.24.0-255,1484,69167,18,291736
12055,0.000954,74.125.24.0-255,1484,70651,18,291736
12056,0.000956,172.31.36.0-255,66,70717,18,291736
12057,0.000961,74.125.24.0-255,2902,73619,18,291736
12058,0.000964,172.31.36.0-255,66,73685,18,291736
12059,0.000987,74.125.24.0-255,2902,76587,18,291736
12060,0.00099,172.31.36.0-255,66,76653,18,291736
12061,0.000995,74.125.24.0-255,2902,79555,18,291736
12062,0.000997,172.31.36.0-255,66,79621,18,291736
12063,0.001012,74.125.24.0-255,3961,83582,18,291736
12064,0.001014,172.31.36.0-255,66,83648,18,291736
12065,0.001023,74.125.24.0-255,7156,90804,18,291736
12066,0.001026,172.31.36.0-255,66,90870,18,291736
12067,0.001061,172.31.36.0-255,66,90936,18,291736
12068,0.001118,172.31.36.0-255,66,91002,18,291736
12069,0.001125,74.125.24.0-255,6921,97923,18,291736
12070,0.001127,172.31.36.0-255,66,97989,18,291736
12071,0.00127,74.125.24.0-255,1484,99473,18,291736
12072,0.001276,74.125.24.0-255,2902,102375,18,291736
12073,0.001279,172.31.36.0-255,66,102441,18,291736
12074,0.001283,74.125.24.0-255,1484,103925,18,291736
12075,0.001303,74.125.24.0-255,4320,108245,18,291736
12076,0.001306,172.31.36.0-255,66,108311,18,291736
12077,0.001324,74.125.24.0-255,1484,109795,18,291736
12078,0.001354,172.31.36.0-255,66,109861,18,291736
12079,0.001365,74.125.24.0-255,1484,111345,18,291736
12080,0.00137,74.125.24.0-255,2902,114247,18,291736
12081,0.001373,172.31.36.0-255,66,114313,18,291736
12082,0.001406,172.31.36.0-255,66,114379,18,291736
12083,0.001658,74.125.24.0-255,1484,115863,18,291736
12084,0.001664,74.125.24.0-255,2902,118765,18,291736
12085,0.001667,172.31.36.0-255,66,118831,18,291736
12086,0.00167,74.125.24.0-255,1484,120315,18,291736
12087,0.00169,74.125.24.0-255,4320,124635,18,291736
12088,0.001692,172.31.36.0-255,66,124701,18,291736
12089,0.001698,74.125.24.0-255,5738,130439,18,291736
12090,0.001701,172.31.36.0-255,66,130505,18,291736
12091,0.001722,74.125.24.0-255,5738,136243,18,291736
12092,0.001724,172.31.36.0-255,66,136309,18,291736
12093,0.001753,74.125.24.0-255,7156,143465,18,291736
12094,0.001756,172.31.36.0-255,66,143531,18,291736
12095,0.001762,74.125.24.0-255,5020,148551,18,291736
12096,0.001764,172.31.36.0-255,66,148617,18,291736
12097,0.002163,74.125.24.0-255,1484,150101,18,291736
12098,0.002169,74.125.24.0-255,2902,153003,18,291736
12099,0.002172,172.31.36.0-255,66,153069,18,291736
12100,0.002193,74.125.24.0-255,2902,155971,18,291736
12101,0.002196,172.31.36.0-255,66,156037,18,291736
12102,0.002219,74.125.24.0-255,2902,158939,18,291736
12103,0.002225,74.125.24.0-255,5738,164677,18,291736
12104,0.00223,172.31.36.0-255,66,164743,18,291736
12105,0.002233,172.31.36.0-255,66,164809,18,291736
12106,0.002248,74.125.24.0-255,4320,169129,18,291736
12107,0.00225,172.31.36.0-255,66,169195,18,291736
12108,0.002255,74.125.24.0-255,2902,172097,18,291736
12109,0.002257,172.31.36.0-255,66,172163,18,291736
12110,0.002293,172.31.36.0-255,66,172229,18,291736
12111,0.002314,74.125.24.0-255,1484,173713,18,291736
12112,0.002338,74.125.24.0-255,1484,175197,18,291736
12113,0.002342,172.31.36.0-255,66,175263,18,291736
12114,0.002381,74.125.24.0-255,2902,178165,18,291736
12115,0.002384,172.31.36.0-255,66,178231,18,291736
12116,0.002391,74.125.24.0-255,5738,183969,18,291736
12117,0.002393,172.31.36.0-255,66,184035,18,291736
12118,0.002402,74.125.24.0-255,4320,188355,18,291736
12119,0.002404,172.31.36.0-255,66,188421,18,291736
12120,0.002408,74.125.24.0-255,1484,189905,18,291736
12121,0.002414,74.125.24.0-255,5738,195643,18,291736
12122,0.002416,172.31.36.0-255,66,195709,18,291736
12123,0.002447,74.125.24.0-255,7156,202865,18,291736
12124,0.002449,172.31.36.0-255,66,202931,18,291736
12125,0.002455,74.125.24.0-255,3602,206533,18,291736
12126,0.002457,172.31.36.0-255,66,206599,18,291736
12127,0.003378,74.125.24.0-255,1484,208083,18,291736
12128,0.003398,74.125.24.0-255,2902,210985,18,291736
12129,0.003403,172.31.36.0-255,66,211051,18,291736
12130,0.00341,74.125.24.0-255,4320,215371,18,291736
12131,0.003412,172.31.36.0-255,66,215437,18,291736
12132,0.003428,74.125.24.0-255,1484,216921,18,291736
12133,0.003436,74.125.24.0-255,7156,224077,18,291736
12134,0.003438,172.31.36.0-255,66,224143,18,291736
12135,0.003463,172.31.36.0-255,66,224209,18,291736
12136,0.003488,74.125.24.0-255,5738,229947,18,291736
12137,0.00349,172.31.36.0-255,66,230013,18,291736
12138,0.003494,74.125.24.0-255,2184,232197,18,291736
12139,0.003497,172.31.36.0-255,66,232263,18,291736
12140,0.00359,74.125.24.0-255,1484,233747,18,291736
12141,0.003597,74.125.24.0-255,2902,236649,18,291736
12142,0.0036,172.31.36.0-255,66,236715,18,291736
12143,0.003606,74.125.24.0-255,4320,241035,18,291736
12144,0.003608,172.31.36.0-255,66,241101,18,291736
12145,0.00362,74.125.24.0-255,1484,242585,18,291736
12146,0.003625,74.125.24.0-255,4320,246905,18,291736
12147,0.003628,172.31.36.0-255,66,246971,18,291736
12148,0.003652,74.125.24.0-255,5738,252709,18,291736
12149,0.003655,172.31.36.0-255,66,252775,18,291736
12150,0.00366,74.125.24.0-255,4320,257095,18,291736
12151,0.003662,172.31.36.0-255,66,257161,18,291736
12152,0.003691,172.31.36.0-255,66,257227,18,291736
12153,0.003696,74.125.24.0-255,4320,261547,18,291736
12154,0.003699,172.31.36.0-255,66,261613,18,291736
12155,0.003702,74.125.24.0-255,1484,263097,18,291736
12156,0.003734,172.31.36.0-255,66,263163,18,291736
12157,0.003755,74.125.24.0-255,5738,268901,18,291736
12158,0.003758,172.31.36.0-255,66,268967,18,291736
12159,0.003764,74.125.24.0-255,6438,275405,18,291736
12160,0.003767,172.31.36.0-255,66,275471,18,291736
12161,0.003876,74.125.24.0-255,1484,276955,18,291736
12162,0.003903,74.125.24.0-255,2902,279857,18,291736
12163,0.003907,172.31.36.0-255,66,279923,18,291736
12164,0.003914,74.125.24.0-255,4320,284243,18,291736
12165,0.003916,172.31.36.0-255,66,284309,18,291736
12166,0.003935,74.125.24.0-255,1484,285793,18,291736
12167,0.003947,172.31.36.0-255,66,285859,18,291736
12168,0.003984,74.125.24.0-255,1484,287343,18,291736
12169,0.004017,172.31.36.0-255,66,287409,18,291736
12170,0.004019,74.125.24.0-255,1484,288893,18,291736
12171,0.004037,74.125.24.0-255,1584,290477,18,291736
12172,0.004039,172.31.36.0-255,66,290543,18,291736
12173,0.004042,74.125.24.0-255,105,290648,18,291736
12174,0.011215,172.31.36.0-255,105,290753,18,291736
12175,0.013505,74.125.24.0-255,66,290819,18,291736
12176,0.034839,172.31.36.0-255,172,290991,18,291736
12177,0.034871,172.31.36.0-255,613,291604,18,291736
12178,0.036407,104.244.42.0-255,66,291670,18,291736
12179,0.036467,104.244.42.0-255,66,291736,18,291736
12180,0.0,172.217.194.0-255,153,153,18,278219
12181,2.4e-05,172.31.36.0-255,66,219,18,278219
12182,3e-05,172.217.194.0-255,1484,1703,18,278219
12183,3.5e-05,172.31.36.0-255,66,1769,18,278219
12184,4.1e-05,172.217.194.0-255,2902,4671,18,278219
12185,4.4e-05,172.31.36.0-255,66,4737,18,278219
12186,6.8e-05,172.217.194.0-255,2902,7639,18,278219
12187,7.1e-05,172.31.36.0-255,66,7705,18,278219
12188,9.2e-05,172.217.194.0-255,4320,12025,18,278219
12189,9.5e-05,172.31.36.0-255,66,12091,18,278219
12190,0.000248,172.217.194.0-255,3502,15593,18,278219
12191,0.000254,172.31.36.0-255,66,15659,18,278219
12192,0.000325,172.217.194.0-255,5738,21397,18,278219
12193,0.000329,172.31.36.0-255,66,21463,18,278219
12194,0.000354,172.31.36.0-255,66,21529,18,278219
12195,0.000669,172.31.36.0-255,66,21595,18,278219
12196,0.000697,172.31.36.0-255,66,21661,18,278219
12197,0.001044,172.217.194.0-255,7156,28817,18,278219
12198,0.00105,172.31.36.0-255,66,28883,18,278219
12199,0.001082,172.31.36.0-255,66,28949,18,278219
12200,0.001433,172.31.36.0-255,66,29015,18,278219
12201,0.001454,172.217.194.0-255,5379,34394,18,278219
12202,0.001456,172.31.36.0-255,66,34460,18,278219
12203,0.001827,172.217.194.0-255,4320,38780,18,278219
12204,0.001833,172.31.36.0-255,66,38846,18,278219
12205,0.001873,172.31.36.0-255,66,38912,18,278219
12206,0.002643,172.217.194.0-255,7156,46068,18,278219
12207,0.003302,172.217.194.0-255,7156,53224,18,278219
12208,0.005116,172.31.36.0-255,66,53290,18,278219
12209,0.007239,172.217.194.0-255,4320,57610,18,278219
12210,0.007245,172.31.36.0-255,66,57676,18,278219
12211,0.007263,172.217.194.0-255,1484,59160,18,278219
12212,0.00939,172.217.194.0-255,4320,63480,18,278219
12213,0.009396,172.31.36.0-255,66,63546,18,278219
12214,0.011551,172.217.194.0-255,5738,69284,18,278219
12215,0.012296,172.31.36.0-255,66,69350,18,278219
12216,0.014418,172.217.194.0-255,5738,75088,18,278219
12217,0.014432,172.31.36.0-255,66,75154,18,278219
12218,0.016586,172.217.194.0-255,5738,80892,18,278219
12219,0.016596,172.31.36.0-255,66,80958,18,278219
12220,0.018724,172.217.194.0-255,5738,86696,18,278219
12221,0.018733,172.31.36.0-255,66,86762,18,278219
12222,0.020868,172.217.194.0-255,5738,92500,18,278219
12223,0.020877,172.31.36.0-255,66,92566,18,278219
12224,0.023011,172.217.194.0-255,5738,98304,18,278219
12225,0.023018,172.31.36.0-255,66,98370,18,278219
12226,0.025149,172.217.194.0-255,5738,104108,18,278219
12227,0.025157,172.31.36.0-255,66,104174,18,278219
12228,0.027316,172.217.194.0-255,5738,109912,18,278219
12229,0.027324,172.31.36.0-255,66,109978,18,278219
12230,0.029476,172.217.194.0-255,5738,115716,18,278219
12231,0.029484,172.31.36.0-255,66,115782,18,278219
12232,0.031651,172.217.194.0-255,5738,121520,18,278219
12233,0.031657,172.31.36.0-255,66,121586,18,278219
12234,0.033157,172.31.36.0-255,199,121785,18,278219
12235,0.03319,172.31.36.0-255,1116,122901,18,278219
12236,0.033254,172.31.36.0-255,1514,124415,18,278219
12237,0.033256,172.31.36.0-255,1514,125929,18,278219
12238,0.033257,172.31.36.0-255,1514,127443,18,278219
12239,0.033261,172.31.36.0-255,1514,128957,18,278219
12240,0.033263,172.31.36.0-255,1499,130456,18,278219
12241,0.03377,172.217.194.0-255,5738,136194,18,278219
12242,0.033776,172.31.36.0-255,66,136260,18,278219
12243,0.034844,104.244.42.0-255,66,136326,18,278219
12244,0.034866,104.244.42.0-255,66,136392,18,278219
12245,0.03497,104.244.42.0-255,66,136458,18,278219
12246,0.035921,172.217.194.0-255,5738,142196,18,278219
12247,0.035928,172.31.36.0-255,66,142262,18,278219
12248,0.038051,172.217.194.0-255,5738,148000,18,278219
12249,0.038057,172.31.36.0-255,66,148066,18,278219
12250,0.040201,172.217.194.0-255,5738,153804,18,278219
12251,0.040207,172.31.36.0-255,66,153870,18,278219
12252,0.042365,172.217.194.0-255,5738,159608,18,278219
12253,0.042373,172.31.36.0-255,66,159674,18,278219
12254,0.044529,172.217.194.0-255,5738,165412,18,278219
12255,0.044537,172.31.36.0-255,66,165478,18,278219
12256,0.04669,172.217.194.0-255,5738,171216,18,278219
12257,0.046697,172.31.36.0-255,66,171282,18,278219
12258,0.048836,172.217.194.0-255,5738,177020,18,278219
12259,0.048844,172.31.36.0-255,66,177086,18,278219
12260,0.051008,172.217.194.0-255,5738,182824,18,278219
12261,0.051021,172.31.36.0-255,66,182890,18,278219
12262,0.053154,172.217.194.0-255,5738,188628,18,278219
12263,0.053164,172.31.36.0-255,66,188694,18,278219
12264,0.055317,172.217.194.0-255,5738,194432,18,278219
12265,0.055325,172.31.36.0-255,66,194498,18,278219
12266,0.057487,172.217.194.0-255,5738,200236,18,278219
12267,0.057495,172.31.36.0-255,66,200302,18,278219
12268,0.059648,172.217.194.0-255,5738,206040,18,278219
12269,0.059657,172.31.36.0-255,66,206106,18,278219
12270,0.061788,172.217.194.0-255,5738,211844,18,278219
12271,0.061796,172.31.36.0-255,66,211910,18,278219
12272,0.063959,172.217.194.0-255,5738,217648,18,278219
12273,0.063969,172.31.36.0-255,66,217714,18,278219
12274,0.066124,172.217.194.0-255,5738,223452,18,278219
12275,0.066135,172.31.36.0-255,66,223518,18,278219
12276,0.06827,172.217.194.0-255,4320,227838,18,278219
12277,0.068276,172.31.36.0-255,66,227904,18,278219
12278,0.068298,172.217.194.0-255,1484,229388,18,278219
12279,0.070458,172.217.194.0-255,4320,233708,18,278219
12280,0.070465,172.31.36.0-255,66,233774,18,278219
12281,0.072641,172.217.194.0-255,5738,239512,18,278219
12282,0.072698,172.31.36.0-255,66,239578,18,278219
12283,0.074841,172.217.194.0-255,5738,245316,18,278219
12284,0.074847,172.31.36.0-255,66,245382,18,278219
12285,0.076975,172.217.194.0-255,5738,251120,18,278219
12286,0.076982,172.31.36.0-255,66,251186,18,278219
12287,0.079111,172.217.194.0-255,5738,256924,18,278219
12288,0.079119,172.31.36.0-255,66,256990,18,278219
12289,0.081314,172.217.194.0-255,5738,262728,18,278219
12290,0.08132,172.31.36.0-255,66,262794,18,278219
12291,0.08347,172.217.194.0-255,5738,268532,18,278219
12292,0.083477,172.31.36.0-255,66,268598,18,278219
12293,0.085631,172.217.194.0-255,5738,274336,18,278219
12294,0.085639,172.31.36.0-255,66,274402,18,278219
12295,0.087787,172.217.194.0-255,3580,277982,18,278219
12296,0.087793,172.31.36.0-255,66,278048,18,278219
12297,0.087997,172.31.36.0-255,105,278153,18,278219
12298,0.090118,172.217.194.0-255,66,278219,18,278219
12299,0.0,172.217.194.0-255,146,146,18,328871
12300,2.3e-05,172.31.36.0-255,66,212,18,328871
12301,3.1e-05,172.217.194.0-255,1484,1696,18,328871
12302,3.6e-05,172.31.36.0-255,66,1762,18,328871
12303,4.3e-05,172.217.194.0-255,2902,4664,18,328871
12304,4.6e-05,172.31.36.0-255,66,4730,18,328871
12305,5.4e-05,172.217.194.0-255,7156,11886,18,328871
12306,5.7e-05,172.31.36.0-255,66,11952,18,328871
12307,6.1e-05,172.217.194.0-255,2085,14037,18,328871
12308,6.4e-05,172.31.36.0-255,66,14103,18,328871
12309,0.000343,172.217.194.0-255,1484,15587,18,328871
12310,0.000349,172.31.36.0-255,66,15653,18,328871
12311,0.000356,172.217.194.0-255,2902,18555,18,328871
12312,0.000359,172.31.36.0-255,66,18621,18,328871
12313,0.000365,172.217.194.0-255,5738,24359,18,328871
12314,0.000367,172.31.36.0-255,66,24425,18,328871
12315,0.000399,172.217.194.0-255,2902,27327,18,328871
12316,0.000402,172.31.36.0-255,66,27393,18,328871
12317,0.000434,172.31.36.0-255,66,27459,18,328871
12318,0.000447,172.31.36.0-255,66,27525,18,328871
12319,0.00045,172.217.194.0-255,1125,28650,18,328871
12320,0.000452,172.31.36.0-255,66,28716,18,328871
12321,0.001631,172.217.194.0-255,1484,30200,18,328871
12322,0.001639,172.31.36.0-255,66,30266,18,328871
12323,0.001649,172.217.194.0-255,2902,33168,18,328871
12324,0.001652,172.31.36.0-255,66,33234,18,328871
12325,0.001659,172.217.194.0-255,5738,38972,18,328871
12326,0.001661,172.31.36.0-255,66,39038,18,328871
12327,0.001669,172.217.194.0-255,5738,44776,18,328871
12328,0.001671,172.31.36.0-255,66,44842,18,328871
12329,0.001705,172.217.194.0-255,1705,46547,18,328871
12330,0.001708,172.31.36.0-255,66,46613,18,328871
12331,0.001735,172.217.194.0-255,2902,49515,18,328871
12332,0.001737,172.31.36.0-255,66,49581,18,328871
12333,0.00176,172.217.194.0-255,7156,56737,18,328871
12334,0.001763,172.31.36.0-255,66,56803,18,328871
12335,0.001783,172.217.194.0-255,5738,62541,18,328871
12336,0.001785,172.31.36.0-255,66,62607,18,328871
12337,0.001801,172.217.194.0-255,5738,68345,18,328871
12338,0.001803,172.31.36.0-255,66,68411,18,328871
12339,0.001808,172.217.194.0-255,2902,71313,18,328871
12340,0.00181,172.31.36.0-255,66,71379,18,328871
12341,0.001842,172.31.36.0-255,66,71445,18,328871
12342,0.002286,172.217.194.0-255,1484,72929,18,328871
12343,0.002302,172.217.194.0-255,2902,75831,18,328871
12344,0.002305,172.31.36.0-255,66,75897,18,328871
12345,0.002311,172.217.194.0-255,4320,80217,18,328871
12346,0.002313,172.31.36.0-255,66,80283,18,328871
12347,0.002338,172.31.36.0-255,66,80349,18,328871
12348,0.002378,172.217.194.0-255,2902,83251,18,328871
12349,0.002381,172.31.36.0-255,66,83317,18,328871
12350,0.002412,172.31.36.0-255,66,83383,18,328871
12351,0.004711,172.217.194.0-255,1484,84867,18,328871
12352,0.004726,172.217.194.0-255,2902,87769,18,328871
12353,0.00473,172.31.36.0-255,66,87835,18,328871
12354,0.004742,172.217.194.0-255,1484,89319,18,328871
12355,0.007055,172.217.194.0-255,4320,93639,18,328871
12356,0.007063,172.31.36.0-255,66,93705,18,328871
12357,0.00942,172.217.194.0-255,5738,99443,18,328871
12358,0.009428,172.31.36.0-255,66,99509,18,328871
12359,0.011769,172.217.194.0-255,5738,105247,18,328871
12360,0.011778,172.31.36.0-255,66,105313,18,328871
12361,0.014086,172.217.194.0-255,5738,111051,18,328871
12362,0.014094,172.31.36.0-255,66,111117,18,328871
12363,0.0164,172.217.194.0-255,5738,116855,18,328871
12364,0.016409,172.31.36.0-255,66,116921,18,328871
12365,0.01871,172.217.194.0-255,5738,122659,18,328871
12366,0.018718,172.31.36.0-255,66,122725,18,328871
12367,0.021055,172.217.194.0-255,5738,128463,18,328871
12368,0.021064,172.31.36.0-255,66,128529,18,328871
12369,0.023091,172.31.36.0-255,172,128701,18,328871
12370,0.023126,172.31.36.0-255,1114,129815,18,328871
12371,0.023194,172.31.36.0-255,1514,131329,18,328871
12372,0.023196,172.31.36.0-255,1514,132843,18,328871
12373,0.023197,172.31.36.0-255,1514,134357,18,328871
12374,0.023198,172.31.36.0-255,1514,135871,18,328871
12375,0.023223,172.31.36.0-255,544,136415,18,328871
12376,0.023386,172.217.194.0-255,5738,142153,18,328871
12377,0.023392,172.31.36.0-255,66,142219,18,328871
12378,0.0248,104.244.42.0-255,66,142285,18,328871
12379,0.02572,172.217.194.0-255,5738,148023,18,328871
12380,0.025726,172.31.36.0-255,66,148089,18,328871
12381,0.028062,172.217.194.0-255,5738,153827,18,328871
12382,0.028069,172.31.36.0-255,66,153893,18,328871
12383,0.030408,172.217.194.0-255,5738,159631,18,328871
12384,0.030417,172.31.36.0-255,66,159697,18,328871
12385,0.032767,172.217.194.0-255,5738,165435,18,328871
12386,0.032774,172.31.36.0-255,66,165501,18,328871
12387,0.035119,172.217.194.0-255,5738,171239,18,328871
12388,0.035127,172.31.36.0-255,66,171305,18,328871
12389,0.03747,172.217.194.0-255,5738,177043,18,328871
12390,0.037478,172.31.36.0-255,66,177109,18,328871
12391,0.039792,172.217.194.0-255,5738,182847,18,328871
12392,0.039799,172.31.36.0-255,66,182913,18,328871
12393,0.04215,172.217.194.0-255,5738,188651,18,328871
12394,0.042159,172.31.36.0-255,66,188717,18,328871
12395,0.04448,172.217.194.0-255,5738,194455,18,328871
12396,0.044487,172.31.36.0-255,66,194521,18,328871
12397,0.046877,172.217.194.0-255,5738,200259,18,328871
12398,0.046884,172.31.36.0-255,66,200325,18,328871
12399,0.050055,172.217.194.0-255,2902,203227,18,328871
12400,0.050062,172.31.36.0-255,66,203293,18,328871
12401,0.050084,172.217.194.0-255,2902,206195,18,328871
12402,0.050087,172.31.36.0-255,66,206261,18,328871
12403,0.052872,172.217.194.0-255,2902,209163,18,328871
12404,0.052887,172.31.36.0-255,66,209229,18,328871
12405,0.052914,172.217.194.0-255,2902,212131,18,328871
12406,0.052918,172.31.36.0-255,66,212197,18,328871
12407,0.055263,172.217.194.0-255,2902,215099,18,328871
12408,0.055272,172.31.36.0-255,66,215165,18,328871
12409,0.055295,172.217.194.0-255,2902,218067,18,328871
12410,0.055299,172.31.36.0-255,66,218133,18,328871
12411,0.05759,172.217.194.0-255,2902,221035,18,328871
12412,0.057598,172.31.36.0-255,66,221101,18,328871
12413,0.057625,172.217.194.0-255,2902,224003,18,328871
12414,0.057628,172.31.36.0-255,66,224069,18,328871
12415,0.059912,172.217.194.0-255,2902,226971,18,328871
12416,0.05992,172.31.36.0-255,66,227037,18,328871
12417,0.059941,172.217.194.0-255,2902,229939,18,328871
12418,0.059944,172.31.36.0-255,66,230005,18,328871
12419,0.062225,172.217.194.0-255,2902,232907,18,328871
12420,0.062232,172.31.36.0-255,66,232973,18,328871
12421,0.062255,172.217.194.0-255,2902,235875,18,328871
12422,0.062258,172.31.36.0-255,66,235941,18,328871
12423,0.064583,172.217.194.0-255,5738,241679,18,328871
12424,0.06459,172.31.36.0-255,66,241745,18,328871
12425,0.065507,104.244.42.0-255,66,241811,18,328871
12426,0.066928,172.217.194.0-255,5738,247549,18,328871
12427,0.066934,172.31.36.0-255,66,247615,18,328871
12428,0.069262,172.217.194.0-255,5738,253353,18,328871
12429,0.069269,172.31.36.0-255,66,253419,18,328871
12430,0.071585,172.217.194.0-255,5738,259157,18,328871
12431,0.071592,172.31.36.0-255,66,259223,18,328871
12432,0.074025,172.217.194.0-255,5738,264961,18,328871
12433,0.074032,172.31.36.0-255,66,265027,18,328871
12434,0.076388,172.217.194.0-255,5738,270765,18,328871
12435,0.076395,172.31.36.0-255,66,270831,18,328871
12436,0.078748,172.217.194.0-255,5738,276569,18,328871
12437,0.078755,172.31.36.0-255,66,276635,18,328871
12438,0.081077,172.217.194.0-255,5738,282373,18,328871
12439,0.081084,172.31.36.0-255,66,282439,18,328871
12440,0.083418,172.217.194.0-255,5738,288177,18,328871
12441,0.083426,172.31.36.0-255,66,288243,18,328871
12442,0.085786,172.217.194.0-255,5738,293981,18,328871
12443,0.085793,172.31.36.0-255,66,294047,18,328871
12444,0.088091,172.217.194.0-255,5738,299785,18,328871
12445,0.088097,172.31.36.0-255,66,299851,18,328871
12446,0.090423,172.217.194.0-255,5738,305589,18,328871
12447,0.090431,172.31.36.0-255,66,305655,18,328871
12448,0.092756,172.217.194.0-255,5738,311393,18,328871
12449,0.092763,172.31.36.0-255,66,311459,18,328871
12450,0.095094,172.217.194.0-255,5738,317197,18,328871
12451,0.095101,172.31.36.0-255,66,317263,18,328871
12452,0.097463,172.217.194.0-255,5738,323001,18,328871
12453,0.097471,172.31.36.0-255,66,323067,18,328871
12454,0.099824,172.217.194.0-255,5738,328805,18,328871
12455,0.099831,172.31.36.0-255,66,328871,18,328871
12456,0.0,74.125.24.0-255,298,298,18,332915
12457,2.8e-05,172.31.36.0-255,66,364,18,332915
12458,3.7e-05,74.125.24.0-255,1484,1848,18,332915
12459,4.2e-05,172.31.36.0-255,66,1914,18,332915
12460,5e-05,74.125.24.0-255,4320,6234,18,332915
12461,5.4e-05,172.31.36.0-255,66,6300,18,332915
12462,5.9e-05,74.125.24.0-255,4320,10620,18,332915
12463,6.2e-05,172.31.36.0-255,66,10686,18,332915
12464,7.5e-05,172.31.36.0-255,66,10752,18,332915
12465,0.000104,74.125.24.0-255,460,11212,18,332915
12466,0.000107,172.31.36.0-255,66,11278,18,332915
12467,0.000121,172.31.36.0-255,66,11344,18,332915
12468,0.000183,74.125.24.0-255,1484,12828,18,332915
12469,0.000186,172.31.36.0-255,66,12894,18,332915
12470,0.000206,74.125.24.0-255,2902,15796,18,332915
12471,0.000209,172.31.36.0-255,66,15862,18,332915
12472,0.000215,74.125.24.0-255,5738,21600,18,332915
12473,0.000217,172.31.36.0-255,66,21666,18,332915
12474,0.000234,74.125.24.0-255,1484,23150,18,332915
12475,0.000236,172.31.36.0-255,66,23216,18,332915
12476,0.000269,172.31.36.0-255,66,23282,18,332915
12477,0.000297,74.125.24.0-255,2902,26184,18,332915
12478,0.0003,172.31.36.0-255,66,26250,18,332915
12479,0.000317,74.125.24.0-255,7068,33318,18,332915
12480,0.00032,172.31.36.0-255,66,33384,18,332915
12481,0.000323,74.125.24.0-255,134,33518,18,332915
12482,0.000325,172.31.36.0-255,66,33584,18,332915
12483,0.000341,74.125.24.0-255,347,33931,18,332915
12484,0.000343,172.31.36.0-255,66,33997,18,332915
12485,0.000519,74.125.24.0-255,1484,35481,18,332915
12486,0.000541,74.125.24.0-255,1484,36965,18,332915
12487,0.000545,172.31.36.0-255,66,37031,18,332915
12488,0.000556,74.125.24.0-255,1484,38515,18,332915
12489,0.000559,74.125.24.0-255,1484,39999,18,332915
12490,0.000561,172.31.36.0-255,66,40065,18,332915
12491,0.000575,74.125.24.0-255,2902,42967,18,332915
12492,0.000578,172.31.36.0-255,66,43033,18,332915
12493,0.00058,74.125.24.0-255,1484,44517,18,332915
12494,0.000606,74.125.24.0-255,6797,51314,18,332915
12495,0.000609,172.31.36.0-255,66,51380,18,332915
12496,0.000625,74.125.24.0-255,1484,52864,18,332915
12497,0.000641,74.125.24.0-255,2902,55766,18,332915
12498,0.000644,172.31.36.0-255,66,55832,18,332915
12499,0.000651,74.125.24.0-255,5738,61570,18,332915
12500,0.000653,172.31.36.0-255,66,61636,18,332915
12501,0.000679,74.125.24.0-255,4320,65956,18,332915
12502,0.000681,172.31.36.0-255,66,66022,18,332915
12503,0.000694,74.125.24.0-255,2543,68565,18,332915
12504,0.000696,172.31.36.0-255,66,68631,18,332915
12505,0.00134,74.125.24.0-255,1484,70115,18,332915
12506,0.001355,74.125.24.0-255,2902,73017,18,332915
12507,0.001359,172.31.36.0-255,66,73083,18,332915
12508,0.001365,74.125.24.0-255,5738,78821,18,332915
12509,0.001367,172.31.36.0-255,66,78887,18,332915
12510,0.001372,74.125.24.0-255,2902,81789,18,332915
12511,0.001375,172.31.36.0-255,66,81855,18,332915
12512,0.001399,74.125.24.0-255,7156,89011,18,332915
12513,0.001402,172.31.36.0-255,66,89077,18,332915
12514,0.001445,172.31.36.0-255,66,89143,18,332915
12515,0.001953,74.125.24.0-255,1484,90627,18,332915
12516,0.001962,74.125.24.0-255,2902,93529,18,332915
12517,0.001966,172.31.36.0-255,66,93595,18,332915
12518,0.001989,74.125.24.0-255,5738,99333,18,332915
12519,0.001991,172.31.36.0-255,66,99399,18,332915
12520,0.001997,74.125.24.0-255,4320,103719,18,332915
12521,0.001999,172.31.36.0-255,66,103785,18,332915
12522,0.002017,74.125.24.0-255,2902,106687,18,332915
12523,0.00202,172.31.36.0-255,66,106753,18,332915
12524,0.002057,172.31.36.0-255,66,106819,18,332915
12525,0.002068,172.31.36.0-255,66,106885,18,332915
12526,0.002148,74.125.24.0-255,1484,108369,18,332915
12527,0.002155,74.125.24.0-255,2902,111271,18,332915
12528,0.002158,172.31.36.0-255,66,111337,18,332915
12529,0.00218,74.125.24.0-255,5738,117075,18,332915
12530,0.002182,172.31.36.0-255,66,117141,18,332915
12531,0.002199,74.125.24.0-255,1484,118625,18,332915
12532,0.002228,172.31.36.0-255,66,118691,18,332915
12533,0.002242,172.31.36.0-255,66,118757,18,332915
12534,0.004512,74.125.24.0-255,5738,124495,18,332915
12535,0.004519,172.31.36.0-255,66,124561,18,332915
12536,0.006782,74.125.24.0-255,5738,130299,18,332915
12537,0.006789,172.31.36.0-255,66,130365,18,332915
12538,0.009074,74.125.24.0-255,5738,136103,18,332915
12539,0.00908,172.31.36.0-255,66,136169,18,332915
12540,0.011382,74.125.24.0-255,5738,141907,18,332915
12541,0.011389,172.31.36.0-255,66,141973,18,332915
12542,0.013648,74.125.24.0-255,5738,147711,18,332915
12543,0.013659,172.31.36.0-255,66,147777,18,332915
12544,0.01595,74.125.24.0-255,5738,153515,18,332915
12545,0.01596,172.31.36.0-255,66,153581,18,332915
12546,0.018283,74.125.24.0-255,5738,159319,18,332915
12547,0.018292,172.31.36.0-255,66,159385,18,332915
12548,0.020559,74.125.24.0-255,5738,165123,18,332915
12549,0.020567,172.31.36.0-255,66,165189,18,332915
12550,0.022841,74.125.24.0-255,5738,170927,18,332915
12551,0.022849,172.31.36.0-255,66,170993,18,332915
12552,0.025109,74.125.24.0-255,5738,176731,18,332915
12553,0.025125,172.31.36.0-255,66,176797,18,332915
12554,0.02742,74.125.24.0-255,5738,182535,18,332915
12555,0.027435,172.31.36.0-255,66,182601,18,332915
12556,0.029729,74.125.24.0-255,5738,188339,18,332915
12557,0.029745,172.31.36.0-255,66,188405,18,332915
12558,0.032046,74.125.24.0-255,5738,194143,18,332915
12559,0.032054,172.31.36.0-255,66,194209,18,332915
12560,0.034344,74.125.24.0-255,5738,199947,18,332915
12561,0.034354,172.31.36.0-255,66,200013,18,332915
12562,0.036603,74.125.24.0-255,5738,205751,18,332915
12563,0.036612,172.31.36.0-255,66,205817,18,332915
12564,0.038254,172.31.36.0-255,172,205989,18,332915
12565,0.038287,172.31.36.0-255,1116,207105,18,332915
12566,0.038358,172.31.36.0-255,1514,208619,18,332915
12567,0.03836,172.31.36.0-255,1514,210133,18,332915
12568,0.038362,172.31.36.0-255,1514,211647,18,332915
12569,0.038367,172.31.36.0-255,1514,213161,18,332915
12570,0.038368,172.31.36.0-255,1499,214660,18,332915
12571,0.038882,74.125.24.0-255,5738,220398,18,332915
12572,0.038891,172.31.36.0-255,66,220464,18,332915
12573,0.039846,104.244.42.0-255,66,220530,18,332915
12574,0.039871,104.244.42.0-255,66,220596,18,332915
12575,0.03998,104.244.42.0-255,66,220662,18,332915
12576,0.041172,74.125.24.0-255,5738,226400,18,332915
12577,0.041179,172.31.36.0-255,66,226466,18,332915
12578,0.043452,74.125.24.0-255,5738,232204,18,332915
12579,0.043468,172.31.36.0-255,66,232270,18,332915
12580,0.045741,74.125.24.0-255,5738,238008,18,332915
12581,0.045755,172.31.36.0-255,66,238074,18,332915
12582,0.048054,74.125.24.0-255,5738,243812,18,332915
12583,0.048063,172.31.36.0-255,66,243878,18,332915
12584,0.050338,74.125.24.0-255,5738,249616,18,332915
12585,0.050348,172.31.36.0-255,66,249682,18,332915
12586,0.052634,74.125.24.0-255,5738,255420,18,332915
12587,0.052642,172.31.36.0-255,66,255486,18,332915
12588,0.054921,74.125.24.0-255,5738,261224,18,332915
12589,0.054928,172.31.36.0-255,66,261290,18,332915
12590,0.057232,74.125.24.0-255,5738,267028,18,332915
12591,0.057238,172.31.36.0-255,66,267094,18,332915
12592,0.059502,74.125.24.0-255,5738,272832,18,332915
12593,0.059509,172.31.36.0-255,66,272898,18,332915
12594,0.061817,74.125.24.0-255,5738,278636,18,332915
12595,0.061824,172.31.36.0-255,66,278702,18,332915
12596,0.064104,74.125.24.0-255,5738,284440,18,332915
12597,0.064111,172.31.36.0-255,66,284506,18,332915
12598,0.066392,74.125.24.0-255,5738,290244,18,332915
12599,0.066399,172.31.36.0-255,66,290310,18,332915
12600,0.068679,74.125.24.0-255,5738,296048,18,332915
12601,0.068685,172.31.36.0-255,66,296114,18,332915
12602,0.070987,74.125.24.0-255,5738,301852,18,332915
12603,0.070993,172.31.36.0-255,66,301918,18,332915
12604,0.073284,74.125.24.0-255,5738,307656,18,332915
12605,0.073292,172.31.36.0-255,66,307722,18,332915
12606,0.075559,74.125.24.0-255,5738,313460,18,332915
12607,0.075565,172.31.36.0-255,66,313526,18,332915
12608,0.07784,74.125.24.0-255,5738,319264,18,332915
12609,0.077847,172.31.36.0-255,66,319330,18,332915
12610,0.080127,74.125.24.0-255,5738,325068,18,332915
12611,0.080134,172.31.36.0-255,66,325134,18,332915
12612,0.08242,74.125.24.0-255,5738,330872,18,332915
12613,0.082427,172.31.36.0-255,66,330938,18,332915
12614,0.084724,74.125.24.0-255,1740,332678,18,332915
12615,0.084731,172.31.36.0-255,66,332744,18,332915
12616,0.084908,172.31.36.0-255,105,332849,18,332915
12617,0.087146,74.125.24.0-255,66,332915,18,332915
12618,0.0,172.217.194.0-255,153,153,18,198175
12619,2e-05,172.31.36.0-255,66,219,18,198175
12620,2.8e-05,172.217.194.0-255,1484,1703,18,198175
12621,3.2e-05,172.31.36.0-255,66,1769,18,198175
12622,3.7e-05,172.217.194.0-255,2902,4671,18,198175
12623,4.1e-05,172.31.36.0-255,66,4737,18,198175
12624,4.6e-05,172.217.194.0-255,2902,7639,18,198175
12625,4.9e-05,172.31.36.0-255,66,7705,18,198175
12626,5.5e-05,172.217.194.0-255,2902,10607,18,198175
12627,5.7e-05,172.31.36.0-255,66,10673,18,198175
12628,8.5e-05,172.217.194.0-255,4907,15580,18,198175
12629,8.8e-05,172.31.36.0-255,66,15646,18,198175
12630,0.000102,172.31.36.0-255,66,15712,18,198175
12631,0.00012,172.217.194.0-255,2902,18614,18,198175
12632,0.000123,172.31.36.0-255,66,18680,18,198175
12633,0.000126,172.217.194.0-255,1125,19805,18,198175
12634,0.000129,172.31.36.0-255,66,19871,18,198175
12635,0.000159,172.217.194.0-255,1484,21355,18,198175
12636,0.000162,172.31.36.0-255,66,21421,18,198175
12637,0.000165,172.217.194.0-255,1484,22905,18,198175
12638,0.000167,172.31.36.0-255,66,22971,18,198175
12639,0.000183,172.217.194.0-255,2902,25873,18,198175
12640,0.000186,172.31.36.0-255,66,25939,18,198175
12641,0.00019,172.217.194.0-255,2902,28841,18,198175
12642,0.000192,172.31.36.0-255,66,28907,18,198175
12643,0.000214,172.217.194.0-255,4320,33227,18,198175
12644,0.000216,172.31.36.0-255,66,33293,18,198175
12645,0.000221,172.217.194.0-255,2902,36195,18,198175
12646,0.000223,172.31.36.0-255,66,36261,18,198175
12647,0.000268,172.31.36.0-255,66,36327,18,198175
12648,0.000279,172.217.194.0-255,1125,37452,18,198175
12649,0.000283,172.217.194.0-255,4216,41668,18,198175
12650,0.000288,172.31.36.0-255,66,41734,18,198175
12651,0.000332,172.217.194.0-255,1484,43218,18,198175
12652,0.000346,172.217.194.0-255,2902,46120,18,198175
12653,0.00035,172.31.36.0-255,66,46186,18,198175
12654,0.000355,172.217.194.0-255,4320,50506,18,198175
12655,0.000358,172.31.36.0-255,66,50572,18,198175
12656,0.000369,172.217.194.0-255,1484,52056,18,198175
12657,0.000396,172.217.194.0-255,6797,58853,18,198175
12658,0.000399,172.31.36.0-255,66,58919,18,198175
12659,0.000435,172.217.194.0-255,4320,63239,18,198175
12660,0.000437,172.31.36.0-255,66,63305,18,198175
12661,0.000457,172.217.194.0-255,2902,66207,18,198175
12662,0.00046,172.31.36.0-255,66,66273,18,198175
12663,0.000472,172.31.36.0-255,66,66339,18,198175
12664,0.000507,172.217.194.0-255,5738,72077,18,198175
12665,0.00051,172.31.36.0-255,66,72143,18,198175
12666,0.000541,172.31.36.0-255,66,72209,18,198175
12667,0.000559,172.31.36.0-255,66,72275,18,198175
12668,0.000604,172.217.194.0-255,1484,73759,18,198175
12669,0.000609,172.217.194.0-255,2902,76661,18,198175
12670,0.000611,172.31.36.0-255,66,76727,18,198175
12671,0.000617,172.217.194.0-255,4320,81047,18,198175
12672,0.00062,172.31.36.0-255,66,81113,18,198175
12673,0.000634,172.217.194.0-255,1484,82597,18,198175
12674,0.000646,172.31.36.0-255,66,82663,18,198175
12675,0.000671,172.217.194.0-255,2902,85565,18,198175
12676,0.000673,172.31.36.0-255,66,85631,18,198175
12677,0.000687,172.31.36.0-255,66,85697,18,198175
12678,0.000778,172.217.194.0-255,1484,87181,18,198175
12679,0.000786,172.217.194.0-255,1484,88665,18,198175
12680,0.00079,172.31.36.0-255,66,88731,18,198175
12681,0.000811,172.217.194.0-255,1484,90215,18,198175
12682,0.000818,172.217.194.0-255,5738,95953,18,198175
12683,0.000821,172.31.36.0-255,66,96019,18,198175
12684,0.000824,172.217.194.0-255,1484,97503,18,198175
12685,0.000851,172.31.36.0-255,66,97569,18,198175
12686,0.000854,172.217.194.0-255,1484,99053,18,198175
12687,0.000878,172.31.36.0-255,66,99119,18,198175
12688,0.000901,172.217.194.0-255,1484,100603,18,198175
12689,0.000921,172.217.194.0-255,2902,103505,18,198175
12690,0.000925,172.31.36.0-255,66,103571,18,198175
12691,0.000931,172.217.194.0-255,5738,109309,18,198175
12692,0.000934,172.31.36.0-255,66,109375,18,198175
12693,0.000976,172.31.36.0-255,66,109441,18,198175
12694,0.000988,172.31.36.0-255,66,109507,18,198175
12695,0.001013,172.217.194.0-255,2902,112409,18,198175
12696,0.001015,172.31.36.0-255,66,112475,18,198175
12697,0.001058,172.31.36.0-255,66,112541,18,198175
12698,0.00107,172.31.36.0-255,66,112607,18,198175
12699,0.001199,172.217.194.0-255,1484,114091,18,198175
12700,0.001219,172.217.194.0-255,2902,116993,18,198175
12701,0.001222,172.31.36.0-255,66,117059,18,198175
12702,0.001229,172.217.194.0-255,5738,122797,18,198175
12703,0.001232,172.31.36.0-255,66,122863,18,198175
12704,0.001235,172.217.194.0-255,1484,124347,18,198175
12705,0.001264,172.217.194.0-255,5738,130085,18,198175
12706,0.001266,172.31.36.0-255,66,130151,18,198175
12707,0.001272,172.217.194.0-255,4320,134471,18,198175
12708,0.001275,172.31.36.0-255,66,134537,18,198175
12709,0.00131,172.31.36.0-255,66,134603,18,198175
12710,0.001315,172.217.194.0-255,2184,136787,18,198175
12711,0.001317,172.31.36.0-255,66,136853,18,198175
12712,0.001785,172.217.194.0-255,1484,138337,18,198175
12713,0.001792,172.217.194.0-255,2902,141239,18,198175
12714,0.001795,172.31.36.0-255,66,141305,18,198175
12715,0.001802,172.217.194.0-255,4320,145625,18,198175
12716,0.001804,172.31.36.0-255,66,145691,18,198175
12717,0.001822,172.217.194.0-255,1484,147175,18,198175
12718,0.001855,172.31.36.0-255,66,147241,18,198175
12719,0.001867,172.31.36.0-255,66,147307,18,198175
12720,0.001891,172.217.194.0-255,2184,149491,18,198175
12721,0.001894,172.31.36.0-255,66,149557,18,198175
12722,0.00196,172.217.194.0-255,1484,151041,18,198175
12723,0.001974,172.217.194.0-255,2902,153943,18,198175
12724,0.001977,172.31.36.0-255,66,154009,18,198175
12725,0.001982,172.217.194.0-255,2902,156911,18,198175
12726,0.001984,172.31.36.0-255,66,156977,18,198175
12727,0.001998,172.217.194.0-255,2902,159879,18,198175
12728,0.002001,172.31.36.0-255,66,159945,18,198175
12729,0.002008,172.217.194.0-255,7156,167101,18,198175
12730,0.002011,172.31.36.0-255,66,167167,18,198175
12731,0.002043,172.31.36.0-255,66,167233,18,198175
12732,0.002068,172.217.194.0-255,5738,172971,18,198175
12733,0.002071,172.31.36.0-255,66,173037,18,198175
12734,0.002077,172.217.194.0-255,3602,176639,18,198175
12735,0.002079,172.31.36.0-255,66,176705,18,198175
12736,0.002082,172.217.194.0-255,1484,178189,18,198175
12737,0.002115,172.31.36.0-255,66,178255,18,198175
12738,0.002139,172.217.194.0-255,4320,182575,18,198175
12739,0.002142,172.31.36.0-255,66,182641,18,198175
12740,0.002155,172.31.36.0-255,66,182707,18,198175
12741,0.002169,172.217.194.0-255,1484,184191,18,198175
12742,0.002195,172.217.194.0-255,3545,187736,18,198175
12743,0.002198,172.31.36.0-255,66,187802,18,198175
12744,0.002201,172.217.194.0-255,105,187907,18,198175
12745,0.004579,172.31.36.0-255,66,187973,18,198175
12746,0.004618,172.31.36.0-255,105,188078,18,198175
12747,0.006869,172.217.194.0-255,66,188144,18,198175
12748,0.037655,172.31.36.0-255,172,188316,18,198175
12749,0.037686,172.31.36.0-255,1117,189433,18,198175
12750,0.037779,172.31.36.0-255,1514,190947,18,198175
12751,0.037781,172.31.36.0-255,1514,192461,18,198175
12752,0.037783,172.31.36.0-255,1514,193975,18,198175
12753,0.037784,172.31.36.0-255,1514,195489,18,198175
12754,0.037785,172.31.36.0-255,1514,197003,18,198175
12755,0.037814,172.31.36.0-255,908,197911,18,198175
12756,0.039188,104.244.42.0-255,66,197977,18,198175
12757,0.039213,104.244.42.0-255,66,198043,18,198175
12758,0.039373,104.244.42.0-255,66,198109,18,198175
12759,0.039411,104.244.42.0-255,66,198175,18,198175
12760,0.0,74.125.24.0-255,153,153,18,300202
12761,2.7e-05,172.31.36.0-255,66,219,18,300202
12762,3.5e-05,74.125.24.0-255,1484,1703,18,300202
12763,4e-05,172.31.36.0-255,66,1769,18,300202
12764,5.4e-05,74.125.24.0-255,2902,4671,18,300202
12765,5.7e-05,172.31.36.0-255,66,4737,18,300202
12766,6.6e-05,74.125.24.0-255,7156,11893,18,300202
12767,6.9e-05,172.31.36.0-255,66,11959,18,300202
12768,7.5e-05,74.125.24.0-255,4320,16279,18,300202
12769,7.8e-05,172.31.36.0-255,66,16345,18,300202
12770,0.000109,74.125.24.0-255,3492,19837,18,300202
12771,0.000112,172.31.36.0-255,66,19903,18,300202
12772,0.000119,74.125.24.0-255,5738,25641,18,300202
12773,0.000121,172.31.36.0-255,66,25707,18,300202
12774,0.000158,74.125.24.0-255,5379,31086,18,300202
12775,0.00016,172.31.36.0-255,66,31152,18,300202
12776,0.001462,74.125.24.0-255,1484,32636,18,300202
12777,0.001476,172.31.36.0-255,66,32702,18,300202
12778,0.00149,74.125.24.0-255,2902,35604,18,300202
12779,0.001499,172.31.36.0-255,66,35670,18,300202
12780,0.001507,74.125.24.0-255,5738,41408,18,300202
12781,0.001509,172.31.36.0-255,66,41474,18,300202
12782,0.001516,74.125.24.0-255,6797,48271,18,300202
12783,0.001519,172.31.36.0-255,66,48337,18,300202
12784,0.001525,74.125.24.0-255,2902,51239,18,300202
12785,0.001527,172.31.36.0-255,66,51305,18,300202
12786,0.001577,172.31.36.0-255,66,51371,18,300202
12787,0.001582,74.125.24.0-255,2817,54188,18,300202
12788,0.001584,172.31.36.0-255,66,54254,18,300202
12789,0.001635,74.125.24.0-255,133,54387,18,300202
12790,0.001637,172.31.36.0-255,66,54453,18,300202
12791,0.002004,74.125.24.0-255,1484,55937,18,300202
12792,0.00201,74.125.24.0-255,2902,58839,18,300202
12793,0.002029,74.125.24.0-255,5738,64577,18,300202
12794,0.002049,74.125.24.0-255,2902,67479,18,300202
12795,0.002068,74.125.24.0-255,4320,71799,18,300202
12796,0.002086,74.125.24.0-255,5738,77537,18,300202
12797,0.006732,172.31.36.0-255,66,77603,18,300202
12798,0.009124,74.125.24.0-255,5738,83341,18,300202
12799,0.009141,172.31.36.0-255,66,83407,18,300202
12800,0.011513,74.125.24.0-255,5738,89145,18,300202
12801,0.011535,172.31.36.0-255,66,89211,18,300202
12802,0.013898,74.125.24.0-255,5738,94949,18,300202
12803,0.013919,172.31.36.0-255,66,95015,18,300202
12804,0.016264,74.125.24.0-255,5738,100753,18,300202
12805,0.016284,172.31.36.0-255,66,100819,18,300202
12806,0.018669,74.125.24.0-255,5738,106557,18,300202
12807,0.01869,172.31.36.0-255,66,106623,18,300202
12808,0.021077,74.125.24.0-255,5738,112361,18,300202
12809,0.021096,172.31.36.0-255,66,112427,18,300202
12810,0.023468,74.125.24.0-255,5738,118165,18,300202
12811,0.023488,172.31.36.0-255,66,118231,18,300202
12812,0.025906,74.125.24.0-255,5738,123969,18,300202
12813,0.025928,172.31.36.0-255,66,124035,18,300202
12814,0.028309,74.125.24.0-255,5738,129773,18,300202
12815,0.028331,172.31.36.0-255,66,129839,18,300202
12816,0.03071,74.125.24.0-255,5738,135577,18,300202
12817,0.030732,172.31.36.0-255,66,135643,18,300202
12818,0.033133,74.125.24.0-255,5738,141381,18,300202
12819,0.033153,172.31.36.0-255,66,141447,18,300202
12820,0.035513,74.125.24.0-255,5738,147185,18,300202
12821,0.035524,172.31.36.0-255,66,147251,18,300202
12822,0.036662,172.31.36.0-255,172,147423,18,300202
12823,0.0367,172.31.36.0-255,1116,148539,18,300202
12824,0.036766,172.31.36.0-255,561,149100,18,300202
12825,0.037893,74.125.24.0-255,5738,154838,18,300202
12826,0.037907,172.31.36.0-255,66,154904,18,300202
12827,0.038205,104.244.42.0-255,66,154970,18,300202
12828,0.038244,104.244.42.0-255,66,155036,18,300202
12829,0.03829,104.244.42.0-255,66,155102,18,300202
12830,0.040288,74.125.24.0-255,5738,160840,18,300202
12831,0.040312,172.31.36.0-255,66,160906,18,300202
12832,0.042682,74.125.24.0-255,5738,166644,18,300202
12833,0.0427,172.31.36.0-255,66,166710,18,300202
12834,0.045051,74.125.24.0-255,5738,172448,18,300202
12835,0.045068,172.31.36.0-255,66,172514,18,300202
12836,0.04744,74.125.24.0-255,5738,178252,18,300202
12837,0.047458,172.31.36.0-255,66,178318,18,300202
12838,0.049826,74.125.24.0-255,5738,184056,18,300202
12839,0.049845,172.31.36.0-255,66,184122,18,300202
12840,0.052211,74.125.24.0-255,5738,189860,18,300202
12841,0.052227,172.31.36.0-255,66,189926,18,300202
12842,0.054606,74.125.24.0-255,5738,195664,18,300202
12843,0.05462,172.31.36.0-255,66,195730,18,300202
12844,0.056974,74.125.24.0-255,5738,201468,18,300202
12845,0.056988,172.31.36.0-255,66,201534,18,300202
12846,0.05933,74.125.24.0-255,5738,207272,18,300202
12847,0.059344,172.31.36.0-255,66,207338,18,300202
12848,0.061714,74.125.24.0-255,5738,213076,18,300202
12849,0.061733,172.31.36.0-255,66,213142,18,300202
12850,0.064086,74.125.24.0-255,5738,218880,18,300202
12851,0.064104,172.31.36.0-255,66,218946,18,300202
12852,0.066469,74.125.24.0-255,5738,224684,18,300202
12853,0.066487,172.31.36.0-255,66,224750,18,300202
12854,0.068837,74.125.24.0-255,5738,230488,18,300202
12855,0.068854,172.31.36.0-255,66,230554,18,300202
12856,0.07124,74.125.24.0-255,5738,236292,18,300202
12857,0.071257,172.31.36.0-255,66,236358,18,300202
12858,0.073624,74.125.24.0-255,5738,242096,18,300202
12859,0.073645,172.31.36.0-255,66,242162,18,300202
12860,0.075974,74.125.24.0-255,5738,247900,18,300202
12861,0.077552,172.31.36.0-255,66,247966,18,300202
12862,0.07993,74.125.24.0-255,5738,253704,18,300202
12863,0.079954,172.31.36.0-255,66,253770,18,300202
12864,0.082342,74.125.24.0-255,5738,259508,18,300202
12865,0.082363,172.31.36.0-255,66,259574,18,300202
12866,0.084738,74.125.24.0-255,5738,265312,18,300202
12867,0.084754,172.31.36.0-255,66,265378,18,300202
12868,0.087116,74.125.24.0-255,5738,271116,18,300202
12869,0.087128,172.31.36.0-255,66,271182,18,300202
12870,0.089498,74.125.24.0-255,5738,276920,18,300202
12871,0.089506,172.31.36.0-255,66,276986,18,300202
12872,0.091863,74.125.24.0-255,5738,282724,18,300202
12873,0.091878,172.31.36.0-255,66,282790,18,300202
12874,0.094269,74.125.24.0-255,5738,288528,18,300202
12875,0.094285,172.31.36.0-255,66,288594,18,300202
12876,0.096631,74.125.24.0-255,5738,294332,18,300202
12877,0.096644,172.31.36.0-255,66,294398,18,300202
12878,0.099013,74.125.24.0-255,5738,300136,18,300202
12879,0.099025,172.31.36.0-255,66,300202,18,300202
12880,0.0,74.125.24.0-255,146,146,18,144665
12881,2.3e-05,172.31.36.0-255,66,212,18,144665
12882,3e-05,74.125.24.0-255,1484,1696,18,144665
12883,3.5e-05,172.31.36.0-255,66,1762,18,144665
12884,4.1e-05,74.125.24.0-255,2902,4664,18,144665
12885,4.4e-05,172.31.36.0-255,66,4730,18,144665
12886,5.1e-05,74.125.24.0-255,7156,11886,18,144665
12887,5.4e-05,172.31.36.0-255,66,11952,18,144665
12888,5.7e-05,74.125.24.0-255,1484,13436,18,144665
12889,6.1e-05,172.31.36.0-255,66,13502,18,144665
12890,0.000109,172.31.36.0-255,66,13568,18,144665
12891,0.000128,74.125.24.0-255,668,14236,18,144665
12892,0.00013,172.31.36.0-255,66,14302,18,144665
12893,0.000144,172.31.36.0-255,66,14368,18,144665
12894,0.000191,172.31.36.0-255,66,14434,18,144665
12895,0.000257,74.125.24.0-255,4299,18733,18,144665
12896,0.000261,172.31.36.0-255,66,18799,18,144665
12897,0.000264,172.31.36.0-255,66,18865,18,144665
12898,0.000314,74.125.24.0-255,1484,20349,18,144665
12899,0.000318,172.31.36.0-255,66,20415,18,144665
12900,0.000323,74.125.24.0-255,2902,23317,18,144665
12901,0.000325,172.31.36.0-255,66,23383,18,144665
12902,0.000332,74.125.24.0-255,5738,29121,18,144665
12903,0.000335,172.31.36.0-255,66,29187,18,144665
12904,0.000338,74.125.24.0-255,1484,30671,18,144665
12905,0.00034,172.31.36.0-255,66,30737,18,144665
12906,0.000356,74.125.24.0-255,5379,36116,18,144665
12907,0.000359,172.31.36.0-255,66,36182,18,144665
12908,0.000389,172.31.36.0-255,66,36248,18,144665
12909,0.000411,74.125.24.0-255,5738,41986,18,144665
12910,0.000413,172.31.36.0-255,66,42052,18,144665
12911,0.000416,74.125.24.0-255,1484,43536,18,144665
12912,0.000418,172.31.36.0-255,66,43602,18,144665
12913,0.00044,74.125.24.0-255,1407,45009,18,144665
12914,0.000443,172.31.36.0-255,66,45075,18,144665
12915,0.000785,74.125.24.0-255,1484,46559,18,144665
12916,0.000793,74.125.24.0-255,2902,49461,18,144665
12917,0.000798,172.31.36.0-255,66,49527,18,144665
12918,0.000805,74.125.24.0-255,4320,53847,18,144665
12919,0.000808,172.31.36.0-255,66,53913,18,144665
12920,0.000829,74.125.24.0-255,1484,55397,18,144665
12921,0.000845,172.31.36.0-255,66,55463,18,144665
12922,0.000869,74.125.24.0-255,1484,56947,18,144665
12923,0.000883,74.125.24.0-255,2902,59849,18,144665
12924,0.000886,172.31.36.0-255,66,59915,18,144665
12925,0.000918,172.31.36.0-255,66,59981,18,144665
12926,0.001111,74.125.24.0-255,1484,61465,18,144665
12927,0.001117,74.125.24.0-255,2902,64367,18,144665
12928,0.001121,172.31.36.0-255,66,64433,18,144665
12929,0.001128,74.125.24.0-255,4320,68753,18,144665
12930,0.00113,172.31.36.0-255,66,68819,18,144665
12931,0.001144,74.125.24.0-255,1484,70303,18,144665
12932,0.001147,74.125.24.0-255,1484,71787,18,144665
12933,0.00115,172.31.36.0-255,66,71853,18,144665
12934,0.001161,172.31.36.0-255,66,71919,18,144665
12935,0.001185,74.125.24.0-255,2902,74821,18,144665
12936,0.001188,172.31.36.0-255,66,74887,18,144665
12937,0.001225,172.31.36.0-255,66,74953,18,144665
12938,0.001244,74.125.24.0-255,5738,80691,18,144665
12939,0.001247,172.31.36.0-255,66,80757,18,144665
12940,0.001283,172.31.36.0-255,66,80823,18,144665
12941,0.001315,74.125.24.0-255,5738,86561,18,144665
12942,0.001319,172.31.36.0-255,66,86627,18,144665
12943,0.001342,74.125.24.0-255,7156,93783,18,144665
12944,0.001345,172.31.36.0-255,66,93849,18,144665
12945,0.001348,74.125.24.0-255,766,94615,18,144665
12946,0.001371,74.125.24.0-255,7156,101771,18,144665
12947,0.001375,172.31.36.0-255,66,101837,18,144665
12948,0.001403,172.31.36.0-255,66,101903,18,144665
12949,0.001451,74.125.24.0-255,7156,109059,18,144665
12950,0.001455,172.31.36.0-255,66,109125,18,144665
12951,0.001481,172.31.36.0-255,66,109191,18,144665
12952,0.001573,172.31.36.0-255,66,109257,18,144665
12953,0.001642,74.125.24.0-255,4320,113577,18,144665
12954,0.001646,172.31.36.0-255,66,113643,18,144665
12955,0.001673,172.31.36.0-255,66,113709,18,144665
12956,0.001707,172.31.36.0-255,66,113775,18,144665
12957,0.001727,74.125.24.0-255,4320,118095,18,144665
12958,0.00173,172.31.36.0-255,66,118161,18,144665
12959,0.001762,172.31.36.0-255,66,118227,18,144665
12960,0.001776,74.125.24.0-255,2184,120411,18,144665
12961,0.001779,172.31.36.0-255,66,120477,18,144665
12962,0.00183,74.125.24.0-255,7156,127633,18,144665
12963,0.001833,172.31.36.0-255,66,127699,18,144665
12964,0.001869,172.31.36.0-255,66,127765,18,144665
12965,0.001911,172.31.36.0-255,66,127831,18,144665
12966,0.002042,74.125.24.0-255,7156,134987,18,144665
12967,0.002046,172.31.36.0-255,66,135053,18,144665
12968,0.002075,172.31.36.0-255,66,135119,18,144665
12969,0.002104,172.31.36.0-255,66,135185,18,144665
12970,0.002133,172.31.36.0-255,66,135251,18,144665
12971,0.00218,74.125.24.0-255,136,135387,18,144665
12972,0.005277,172.31.36.0-255,66,135453,18,144665
12973,0.005315,172.31.36.0-255,105,135558,18,144665
12974,0.007659,74.125.24.0-255,66,135624,18,144665
12975,0.046026,172.31.36.0-255,172,135796,18,144665
12976,0.046061,172.31.36.0-255,1116,136912,18,144665
12977,0.046147,172.31.36.0-255,1514,138426,18,144665
12978,0.046149,172.31.36.0-255,1514,139940,18,144665
12979,0.04615,172.31.36.0-255,1514,141454,18,144665
12980,0.046156,172.31.36.0-255,1514,142968,18,144665
12981,0.046158,172.31.36.0-255,1499,144467,18,144665
12982,0.047663,104.244.42.0-255,66,144533,18,144665
12983,0.047692,104.244.42.0-255,66,144599,18,144665
12984,0.047847,104.244.42.0-255,66,144665,18,144665
12985,0.0,172.31.36.0-255,105,105,18,276
12986,0.08339,31.13.82.0-255,105,210,18,276
12987,0.083406,172.31.36.0-255,66,276,18,276
12988,0.0,172.217.194.0-255,153,153,18,185666
12989,2.3e-05,172.31.36.0-255,66,219,18,185666
12990,3e-05,172.217.194.0-255,1484,1703,18,185666
12991,3.4e-05,172.31.36.0-255,66,1769,18,185666
12992,6.5e-05,172.217.194.0-255,2902,4671,18,185666
12993,6.9e-05,172.31.36.0-255,66,4737,18,185666
12994,7.6e-05,172.217.194.0-255,5738,10475,18,185666
12995,7.9e-05,172.31.36.0-255,66,10541,18,185666
12996,0.000114,172.217.194.0-255,6339,16880,18,185666
12997,0.000117,172.31.36.0-255,66,16946,18,185666
12998,0.000125,172.217.194.0-255,7156,24102,18,185666
12999,0.000127,172.31.36.0-255,66,24168,18,185666
13000,0.000163,172.217.194.0-255,6797,30965,18,185666
13001,0.000166,172.31.36.0-255,66,31031,18,185666
13002,0.000237,172.217.194.0-255,1484,32515,18,185666
13003,0.00024,172.31.36.0-255,66,32581,18,185666
13004,0.000244,172.217.194.0-255,1484,34065,18,185666
13005,0.000246,172.31.36.0-255,66,34131,18,185666
13006,0.00028,172.217.194.0-255,1484,35615,18,185666
13007,0.000283,172.31.36.0-255,66,35681,18,185666
13008,0.000289,172.217.194.0-255,5738,41419,18,185666
13009,0.000291,172.31.36.0-255,66,41485,18,185666
13010,0.00031,172.217.194.0-255,2902,44387,18,185666
13011,0.000313,172.31.36.0-255,66,44453,18,185666
13012,0.000337,172.217.194.0-255,3961,48414,18,185666
13013,0.00034,172.31.36.0-255,66,48480,18,185666
13014,0.000343,172.217.194.0-255,1484,49964,18,185666
13015,0.000345,172.31.36.0-255,66,50030,18,185666
13016,0.000389,172.217.194.0-255,2902,52932,18,185666
13017,0.000392,172.31.36.0-255,66,52998,18,185666
13018,0.000398,172.217.194.0-255,5738,58736,18,185666
13019,0.000401,172.31.36.0-255,66,58802,18,185666
13020,0.000408,172.217.194.0-255,7069,65871,18,185666
13021,0.00041,172.31.36.0-255,66,65937,18,185666
13022,0.001173,172.217.194.0-255,120,66057,18,185666
13023,0.00118,172.31.36.0-255,66,66123,18,185666
13024,0.001185,172.217.194.0-255,381,66504,18,185666
13025,0.001281,172.31.36.0-255,66,66570,18,185666
13026,0.00186,172.217.194.0-255,1484,68054,18,185666
13027,0.001869,172.217.194.0-255,2902,70956,18,185666
13028,0.001871,172.31.36.0-255,66,71022,18,185666
13029,0.001875,172.217.194.0-255,1484,72506,18,185666
13030,0.001895,172.217.194.0-255,4320,76826,18,185666
13031,0.001897,172.31.36.0-255,66,76892,18,185666
13032,0.00193,172.31.36.0-255,66,76958,18,185666
13033,0.001953,172.217.194.0-255,2902,79860,18,185666
13034,0.001955,172.31.36.0-255,66,79926,18,185666
13035,0.001958,172.217.194.0-255,1484,81410,18,185666
13036,0.001988,172.31.36.0-255,66,81476,18,185666
13037,0.003696,172.217.194.0-255,1484,82960,18,185666
13038,0.003704,172.217.194.0-255,2902,85862,18,185666
13039,0.003708,172.31.36.0-255,66,85928,18,185666
13040,0.003713,172.217.194.0-255,2902,88830,18,185666
13041,0.003715,172.31.36.0-255,66,88896,18,185666
13042,0.003735,172.217.194.0-255,2902,91798,18,185666
13043,0.003737,172.31.36.0-255,66,91864,18,185666
13044,0.003743,172.217.194.0-255,5738,97602,18,185666
13045,0.003745,172.31.36.0-255,66,97668,18,185666
13046,0.003792,172.31.36.0-255,66,97734,18,185666
13047,0.003798,172.217.194.0-255,5020,102754,18,185666
13048,0.0038,172.31.36.0-255,66,102820,18,185666
13049,0.004118,172.217.194.0-255,1484,104304,18,185666
13050,0.004126,172.217.194.0-255,2902,107206,18,185666
13051,0.004129,172.31.36.0-255,66,107272,18,185666
13052,0.00416,172.217.194.0-255,5738,113010,18,185666
13053,0.004162,172.31.36.0-255,66,113076,18,185666
13054,0.004169,172.217.194.0-255,7156,120232,18,185666
13055,0.004171,172.31.36.0-255,66,120298,18,185666
13056,0.004189,172.217.194.0-255,2902,123200,18,185666
13057,0.004191,172.31.36.0-255,66,123266,18,185666
13058,0.004195,172.217.194.0-255,2902,126168,18,185666
13059,0.004197,172.31.36.0-255,66,126234,18,185666
13060,0.004236,172.31.36.0-255,66,126300,18,185666
13061,0.004263,172.217.194.0-255,1484,127784,18,185666
13062,0.004287,172.217.194.0-255,5738,133522,18,185666
13063,0.00429,172.31.36.0-255,66,133588,18,185666
13064,0.004295,172.217.194.0-255,5738,139326,18,185666
13065,0.004297,172.31.36.0-255,66,139392,18,185666
13066,0.004328,172.31.36.0-255,66,139458,18,185666
13067,0.004357,172.217.194.0-255,766,140224,18,185666
13068,0.004363,172.217.194.0-255,4320,144544,18,185666
13069,0.004366,172.31.36.0-255,66,144610,18,185666
13070,0.004372,172.217.194.0-255,4320,148930,18,185666
13071,0.004375,172.31.36.0-255,66,148996,18,185666
13072,0.004419,172.31.36.0-255,66,149062,18,185666
13073,0.004508,172.217.194.0-255,4320,153382,18,185666
13074,0.00452,172.31.36.0-255,66,153448,18,185666
13075,0.004538,172.217.194.0-255,3602,157050,18,185666
13076,0.004601,172.31.36.0-255,66,157116,18,185666
13077,0.004629,172.31.36.0-255,66,157182,18,185666
13078,0.004639,172.217.194.0-255,2184,159366,18,185666
13079,0.004668,172.31.36.0-255,66,159432,18,185666
13080,0.004698,172.217.194.0-255,1484,160916,18,185666
13081,0.004735,172.31.36.0-255,66,160982,18,185666
13082,0.004765,172.31.36.0-255,66,161048,18,185666
13083,0.004829,172.31.36.0-255,66,161114,18,185666
13084,0.004842,172.31.36.0-255,66,161180,18,185666
13085,0.004875,172.217.194.0-255,4320,165500,18,185666
13086,0.004932,172.31.36.0-255,66,165566,18,185666
13087,0.004976,172.31.36.0-255,66,165632,18,185666
13088,0.005022,172.217.194.0-255,4320,169952,18,185666
13089,0.005055,172.217.194.0-255,1484,171436,18,185666
13090,0.00507,172.217.194.0-255,4781,176217,18,185666
13091,0.005073,172.217.194.0-255,105,176322,18,185666
13092,0.005091,172.31.36.0-255,66,176388,18,185666
13093,0.007534,172.31.36.0-255,105,176493,18,185666
13094,0.009858,172.217.194.0-255,66,176559,18,185666
13095,0.036741,172.31.36.0-255,172,176731,18,185666
13096,0.036785,172.31.36.0-255,1116,177847,18,185666
13097,0.036878,172.31.36.0-255,1514,179361,18,185666
13098,0.036904,172.31.36.0-255,1514,180875,18,185666
13099,0.036906,172.31.36.0-255,1514,182389,18,185666
13100,0.036929,172.31.36.0-255,1514,183903,18,185666
13101,0.03693,172.31.36.0-255,1499,185402,18,185666
13102,0.038283,104.244.42.0-255,66,185468,18,185666
13103,0.038325,104.244.42.0-255,66,185534,18,185666
13104,0.038455,104.244.42.0-255,66,185600,18,185666
13105,0.038502,104.244.42.0-255,66,185666,18,185666
13106,0.0,172.217.194.0-255,179,179,18,218803
13107,1.9e-05,172.217.194.0-255,1484,1663,18,218803
13108,3.2e-05,172.31.36.0-255,66,1729,18,218803
13109,4.1e-05,172.217.194.0-255,2902,4631,18,218803
13110,5.9e-05,172.217.194.0-255,7156,11787,18,218803
13111,6.3e-05,172.217.194.0-255,2034,13821,18,218803
13112,0.000101,172.217.194.0-255,5379,19200,18,218803
13113,0.000168,172.31.36.0-255,66,19266,18,218803
13114,0.000234,172.217.194.0-255,1484,20750,18,218803
13115,0.000254,172.217.194.0-255,2902,23652,18,218803
13116,0.000258,172.217.194.0-255,1484,25136,18,218803
13117,0.000277,172.217.194.0-255,4320,29456,18,218803
13118,0.000296,172.217.194.0-255,4320,33776,18,218803
13119,0.000323,172.217.194.0-255,1484,35260,18,218803
13120,0.000352,172.217.194.0-255,1484,36744,18,218803
13121,0.000383,172.217.194.0-255,397,37141,18,218803
13122,0.00052,172.31.36.0-255,66,37207,18,218803
13123,0.000554,172.217.194.0-255,1484,38691,18,218803
13124,0.000561,172.217.194.0-255,2902,41593,18,218803
13125,0.000568,172.217.194.0-255,5738,47331,18,218803
13126,0.000591,172.217.194.0-255,7156,54487,18,218803
13127,0.000605,172.31.36.0-255,66,54553,18,218803
13128,0.000622,172.217.194.0-255,5738,60291,18,218803
13129,0.000628,172.217.194.0-255,4320,64611,18,218803
13130,0.000634,172.31.36.0-255,66,64677,18,218803
13131,0.000664,172.217.194.0-255,6438,71115,18,218803
13132,0.000683,172.31.36.0-255,66,71181,18,218803
13133,0.000778,172.217.194.0-255,1484,72665,18,218803
13134,0.000783,172.217.194.0-255,2902,75567,18,218803
13135,0.000798,172.31.36.0-255,66,75633,18,218803
13136,0.000806,172.217.194.0-255,5738,81371,18,218803
13137,0.00081,172.217.194.0-255,2902,84273,18,218803
13138,0.000831,172.217.194.0-255,5738,90011,18,218803
13139,0.000836,172.31.36.0-255,66,90077,18,218803
13140,0.000863,172.217.194.0-255,2902,92979,18,218803
13141,0.00088,172.217.194.0-255,5738,98717,18,218803
13142,0.000887,172.217.194.0-255,7156,105873,18,218803
13143,0.000902,172.217.194.0-255,4320,110193,18,218803
13144,0.000908,172.31.36.0-255,66,110259,18,218803
13145,0.000937,172.217.194.0-255,6438,116697,18,218803
13146,0.00094,172.217.194.0-255,376,117073,18,218803
13147,0.000968,172.31.36.0-255,66,117139,18,218803
13148,0.000972,172.217.194.0-255,1484,118623,18,218803
13149,0.000975,172.217.194.0-255,1484,120107,18,218803
13150,0.000995,172.217.194.0-255,2902,123009,18,218803
13151,0.001,172.217.194.0-255,4320,127329,18,218803
13152,0.001003,172.31.36.0-255,66,127395,18,218803
13153,0.001017,172.217.194.0-255,5738,133133,18,218803
13154,0.001029,172.217.194.0-255,7156,140289,18,218803
13155,0.001051,172.31.36.0-255,66,140355,18,218803
13156,0.001104,172.31.36.0-255,66,140421,18,218803
13157,0.001895,172.217.194.0-255,1484,141905,18,218803
13158,0.001919,172.217.194.0-255,2902,144807,18,218803
13159,0.001925,172.217.194.0-255,5738,150545,18,218803
13160,0.001929,172.217.194.0-255,4320,154865,18,218803
13161,0.001936,172.31.36.0-255,66,154931,18,218803
13162,0.001946,172.217.194.0-255,1484,156415,18,218803
13163,0.001956,172.31.36.0-255,66,156481,18,218803
13164,0.002011,172.31.36.0-255,66,156547,18,218803
13165,0.002192,172.217.194.0-255,1484,158031,18,218803
13166,0.002207,172.217.194.0-255,2902,160933,18,218803
13167,0.00221,172.31.36.0-255,66,160999,18,218803
13168,0.002242,172.217.194.0-255,5738,166737,18,218803
13169,0.002305,172.217.194.0-255,4320,171057,18,218803
13170,0.002325,172.31.36.0-255,66,171123,18,218803
13171,0.002378,172.217.194.0-255,1484,172607,18,218803
13172,0.002392,172.217.194.0-255,1484,174091,18,218803
13173,0.00244,172.217.194.0-255,7156,181247,18,218803
13174,0.002458,172.217.194.0-255,5738,186985,18,218803
13175,0.002476,172.217.194.0-255,2902,189887,18,218803
13176,0.002506,172.217.194.0-255,3602,193489,18,218803
13177,0.002548,172.217.194.0-255,5738,199227,18,218803
13178,0.002552,172.217.194.0-255,3602,202829,18,218803
13179,0.002584,172.217.194.0-255,2902,205731,18,218803
13180,0.003167,172.217.194.0-255,1484,207215,18,218803
13181,0.003173,172.217.194.0-255,2902,210117,18,218803
13182,0.003176,172.217.194.0-255,195,210312,18,218803
13183,0.003206,172.217.194.0-255,105,210417,18,218803
13184,0.009578,172.31.36.0-255,66,210483,18,218803
13185,0.011819,172.31.36.0-255,105,210588,18,218803
13186,0.014085,172.217.194.0-255,66,210654,18,218803
13187,0.03165,172.31.36.0-255,172,210826,18,218803
13188,0.031687,172.31.36.0-255,1115,211941,18,218803
13189,0.03175,172.31.36.0-255,1514,213455,18,218803
13190,0.031752,172.31.36.0-255,1514,214969,18,218803
13191,0.031753,172.31.36.0-255,1514,216483,18,218803
13192,0.031755,172.31.36.0-255,1514,217997,18,218803
13193,0.031783,172.31.36.0-255,542,218539,18,218803
13194,0.033174,104.244.42.0-255,66,218605,18,218803
13195,0.033222,104.244.42.0-255,66,218671,18,218803
13196,0.033313,104.244.42.0-255,66,218737,18,218803
13197,0.033316,104.244.42.0-255,66,218803,18,218803
13198,0.0,74.125.24.0-255,153,153,18,369824
13199,1.7e-05,172.31.36.0-255,66,219,18,369824
13200,2.5e-05,74.125.24.0-255,1484,1703,18,369824
13201,2.9e-05,172.31.36.0-255,66,1769,18,369824
13202,6e-05,74.125.24.0-255,2902,4671,18,369824
13203,6.3e-05,172.31.36.0-255,66,4737,18,369824
13204,7e-05,74.125.24.0-255,5738,10475,18,369824
13205,7.3e-05,172.31.36.0-255,66,10541,18,369824
13206,8.1e-05,74.125.24.0-255,6309,16850,18,369824
13207,8.4e-05,172.31.36.0-255,66,16916,18,369824
13208,9.1e-05,74.125.24.0-255,7156,24072,18,369824
13209,9.4e-05,172.31.36.0-255,66,24138,18,369824
13210,0.000116,74.125.24.0-255,1484,25622,18,369824
13211,0.000119,172.31.36.0-255,66,25688,18,369824
13212,0.000139,74.125.24.0-255,5379,31067,18,369824
13213,0.000141,172.31.36.0-255,66,31133,18,369824
13214,0.000212,74.125.24.0-255,1484,32617,18,369824
13215,0.000216,172.31.36.0-255,66,32683,18,369824
13216,0.000219,74.125.24.0-255,1484,34167,18,369824
13217,0.000221,172.31.36.0-255,66,34233,18,369824
13218,0.000236,74.125.24.0-255,1484,35717,18,369824
13219,0.000239,172.31.36.0-255,66,35783,18,369824
13220,0.000245,74.125.24.0-255,5738,41521,18,369824
13221,0.000248,172.31.36.0-255,66,41587,18,369824
13222,0.000288,172.31.36.0-255,66,41653,18,369824
13223,0.000299,172.31.36.0-255,66,41719,18,369824
13224,0.000336,74.125.24.0-255,1422,43141,18,369824
13225,0.000339,172.31.36.0-255,66,43207,18,369824
13226,0.000415,74.125.24.0-255,126,43333,18,369824
13227,0.000418,172.31.36.0-255,66,43399,18,369824
13228,0.000468,74.125.24.0-255,351,43750,18,369824
13229,0.000754,74.125.24.0-255,1484,45234,18,369824
13230,0.000759,172.31.36.0-255,66,45300,18,369824
13231,0.000773,74.125.24.0-255,2902,48202,18,369824
13232,0.000776,172.31.36.0-255,66,48268,18,369824
13233,0.000779,74.125.24.0-255,1484,49752,18,369824
13234,0.000795,74.125.24.0-255,1484,51236,18,369824
13235,0.000797,172.31.36.0-255,66,51302,18,369824
13236,0.00082,74.125.24.0-255,7156,58458,18,369824
13237,0.000823,172.31.36.0-255,66,58524,18,369824
13238,0.000852,74.125.24.0-255,1994,60518,18,369824
13239,0.000854,172.31.36.0-255,66,60584,18,369824
13240,0.00097,74.125.24.0-255,1484,62068,18,369824
13241,0.000975,74.125.24.0-255,2902,64970,18,369824
13242,0.000978,172.31.36.0-255,66,65036,18,369824
13243,0.000982,74.125.24.0-255,1484,66520,18,369824
13244,0.001001,74.125.24.0-255,2902,69422,18,369824
13245,0.001003,172.31.36.0-255,66,69488,18,369824
13246,0.001023,74.125.24.0-255,1484,70972,18,369824
13247,0.001044,74.125.24.0-255,4320,75292,18,369824
13248,0.001047,172.31.36.0-255,66,75358,18,369824
13249,0.001054,74.125.24.0-255,5738,81096,18,369824
13250,0.001056,172.31.36.0-255,66,81162,18,369824
13251,0.001069,74.125.24.0-255,2902,84064,18,369824
13252,0.001072,172.31.36.0-255,66,84130,18,369824
13253,0.001077,74.125.24.0-255,2902,87032,18,369824
13254,0.001079,172.31.36.0-255,66,87098,18,369824
13255,0.00111,74.125.24.0-255,7156,94254,18,369824
13256,0.001114,172.31.36.0-255,66,94320,18,369824
13257,0.001117,74.125.24.0-255,766,95086,18,369824
13258,0.00128,74.125.24.0-255,1484,96570,18,369824
13259,0.001284,172.31.36.0-255,66,96636,18,369824
13260,0.001289,74.125.24.0-255,2902,99538,18,369824
13261,0.001291,172.31.36.0-255,66,99604,18,369824
13262,0.001296,74.125.24.0-255,2902,102506,18,369824
13263,0.001298,172.31.36.0-255,66,102572,18,369824
13264,0.001319,74.125.24.0-255,2902,105474,18,369824
13265,0.001321,172.31.36.0-255,66,105540,18,369824
13266,0.001338,74.125.24.0-255,1484,107024,18,369824
13267,0.001378,172.31.36.0-255,66,107090,18,369824
13268,0.001389,172.31.36.0-255,66,107156,18,369824
13269,0.001434,74.125.24.0-255,1125,108281,18,369824
13270,0.001604,74.125.24.0-255,1484,109765,18,369824
13271,0.00161,172.31.36.0-255,66,109831,18,369824
13272,0.001638,74.125.24.0-255,2902,112733,18,369824
13273,0.00164,172.31.36.0-255,66,112799,18,369824
13274,0.001647,74.125.24.0-255,5738,118537,18,369824
13275,0.001649,172.31.36.0-255,66,118603,18,369824
13276,0.00168,74.125.24.0-255,6797,125400,18,369824
13277,0.001682,172.31.36.0-255,66,125466,18,369824
13278,0.001737,74.125.24.0-255,1484,126950,18,369824
13279,0.001743,74.125.24.0-255,2902,129852,18,369824
13280,0.001746,172.31.36.0-255,66,129918,18,369824
13281,0.001768,74.125.24.0-255,5738,135656,18,369824
13282,0.001771,172.31.36.0-255,66,135722,18,369824
13283,0.001776,74.125.24.0-255,4320,140042,18,369824
13284,0.001778,172.31.36.0-255,66,140108,18,369824
13285,0.001822,74.125.24.0-255,2543,142651,18,369824
13286,0.001826,172.31.36.0-255,66,142717,18,369824
13287,0.001847,74.125.24.0-255,2902,145619,18,369824
13288,0.001851,172.31.36.0-255,66,145685,18,369824
13289,0.001854,74.125.24.0-255,1484,147169,18,369824
13290,0.001872,74.125.24.0-255,5738,152907,18,369824
13291,0.001879,74.125.24.0-255,5738,158645,18,369824
13292,0.001883,172.31.36.0-255,66,158711,18,369824
13293,0.00189,172.31.36.0-255,66,158777,18,369824
13294,0.001925,172.31.36.0-255,66,158843,18,369824
13295,0.001948,74.125.24.0-255,4320,163163,18,369824
13296,0.001951,172.31.36.0-255,66,163229,18,369824
13297,0.001956,74.125.24.0-255,3602,166831,18,369824
13298,0.001959,172.31.36.0-255,66,166897,18,369824
13299,0.002023,74.125.24.0-255,1484,168381,18,369824
13300,0.002027,74.125.24.0-255,1484,169865,18,369824
13301,0.002029,172.31.36.0-255,66,169931,18,369824
13302,0.002048,74.125.24.0-255,1484,171415,18,369824
13303,0.002055,74.125.24.0-255,5738,177153,18,369824
13304,0.002057,172.31.36.0-255,66,177219,18,369824
13305,0.002113,74.125.24.0-255,6797,184016,18,369824
13306,0.002116,172.31.36.0-255,66,184082,18,369824
13307,0.004173,74.125.24.0-255,5738,189820,18,369824
13308,0.004187,172.31.36.0-255,66,189886,18,369824
13309,0.00625,74.125.24.0-255,5738,195624,18,369824
13310,0.00626,172.31.36.0-255,66,195690,18,369824
13311,0.008336,74.125.24.0-255,5738,201428,18,369824
13312,0.008343,172.31.36.0-255,66,201494,18,369824
13313,0.010424,74.125.24.0-255,5738,207232,18,369824
13314,0.010434,172.31.36.0-255,66,207298,18,369824
13315,0.012493,74.125.24.0-255,5738,213036,18,369824
13316,0.012506,172.31.36.0-255,66,213102,18,369824
13317,0.014576,74.125.24.0-255,5738,218840,18,369824
13318,0.014589,172.31.36.0-255,66,218906,18,369824
13319,0.016648,74.125.24.0-255,5738,224644,18,369824
13320,0.016662,172.31.36.0-255,66,224710,18,369824
13321,0.018737,74.125.24.0-255,5738,230448,18,369824
13322,0.018754,172.31.36.0-255,66,230514,18,369824
13323,0.020839,74.125.24.0-255,5738,236252,18,369824
13324,0.020854,172.31.36.0-255,66,236318,18,369824
13325,0.022923,74.125.24.0-255,5738,242056,18,369824
13326,0.022935,172.31.36.0-255,66,242122,18,369824
13327,0.024998,74.125.24.0-255,5738,247860,18,369824
13328,0.025011,172.31.36.0-255,66,247926,18,369824
13329,0.027082,74.125.24.0-255,5738,253664,18,369824
13330,0.027095,172.31.36.0-255,66,253730,18,369824
13331,0.02924,74.125.24.0-255,5738,259468,18,369824
13332,0.029252,172.31.36.0-255,66,259534,18,369824
13333,0.031309,74.125.24.0-255,5738,265272,18,369824
13334,0.031317,172.31.36.0-255,66,265338,18,369824
13335,0.033389,74.125.24.0-255,5738,271076,18,369824
13336,0.033397,172.31.36.0-255,66,271142,18,369824
13337,0.035502,74.125.24.0-255,5738,276880,18,369824
13338,0.035509,172.31.36.0-255,66,276946,18,369824
13339,0.037205,172.31.36.0-255,172,277118,18,369824
13340,0.03724,172.31.36.0-255,1112,278230,18,369824
13341,0.037306,172.31.36.0-255,1514,279744,18,369824
13342,0.037308,172.31.36.0-255,1514,281258,18,369824
13343,0.037309,172.31.36.0-255,1514,282772,18,369824
13344,0.03731,172.31.36.0-255,1514,284286,18,369824
13345,0.037342,172.31.36.0-255,1514,285800,18,369824
13346,0.037348,172.31.36.0-255,913,286713,18,369824
13347,0.037642,74.125.24.0-255,5738,292451,18,369824
13348,0.037649,172.31.36.0-255,66,292517,18,369824
13349,0.038777,104.244.42.0-255,66,292583,18,369824
13350,0.038787,104.244.42.0-255,66,292649,18,369824
13351,0.038932,104.244.42.0-255,66,292715,18,369824
13352,0.038938,104.244.42.0-255,66,292781,18,369824
13353,0.039725,74.125.24.0-255,5738,298519,18,369824
13354,0.039734,172.31.36.0-255,66,298585,18,369824
13355,0.041818,74.125.24.0-255,5738,304323,18,369824
13356,0.041825,172.31.36.0-255,66,304389,18,369824
13357,0.0439,74.125.24.0-255,5738,310127,18,369824
13358,0.043906,172.31.36.0-255,66,310193,18,369824
13359,0.045998,74.125.24.0-255,5738,315931,18,369824
13360,0.046005,172.31.36.0-255,66,315997,18,369824
13361,0.048089,74.125.24.0-255,5738,321735,18,369824
13362,0.048096,172.31.36.0-255,66,321801,18,369824
13363,0.050182,74.125.24.0-255,5738,327539,18,369824
13364,0.050188,172.31.36.0-255,66,327605,18,369824
13365,0.05228,74.125.24.0-255,5738,333343,18,369824
13366,0.052287,172.31.36.0-255,66,333409,18,369824
13367,0.054345,74.125.24.0-255,5738,339147,18,369824
13368,0.054353,172.31.36.0-255,66,339213,18,369824
13369,0.056422,74.125.24.0-255,5738,344951,18,369824
13370,0.056428,172.31.36.0-255,66,345017,18,369824
13371,0.058548,74.125.24.0-255,5738,350755,18,369824
13372,0.058555,172.31.36.0-255,66,350821,18,369824
13373,0.060655,74.125.24.0-255,5738,356559,18,369824
13374,0.060661,172.31.36.0-255,66,356625,18,369824
13375,0.062739,74.125.24.0-255,5738,362363,18,369824
13376,0.062745,172.31.36.0-255,66,362429,18,369824
13377,0.064854,74.125.24.0-255,5738,368167,18,369824
13378,0.064862,172.31.36.0-255,66,368233,18,369824
13379,0.066936,74.125.24.0-255,1354,369587,18,369824
13380,0.067097,172.31.36.0-255,66,369653,18,369824
13381,0.067136,172.31.36.0-255,105,369758,18,369824
13382,0.069191,74.125.24.0-255,66,369824,18,369824
13383,0.0,74.125.68.0-255,153,153,18,381686
13384,1.9e-05,172.31.36.0-255,66,219,18,381686
13385,2.6e-05,74.125.68.0-255,1484,1703,18,381686
13386,3e-05,172.31.36.0-255,66,1769,18,381686
13387,3.6e-05,74.125.68.0-255,2902,4671,18,381686
13388,3.9e-05,172.31.36.0-255,66,4737,18,381686
13389,0.000128,74.125.68.0-255,7156,11893,18,381686
13390,0.000133,172.31.36.0-255,66,11959,18,381686
13391,0.000138,74.125.68.0-255,2046,14005,18,381686
13392,0.00014,172.31.36.0-255,66,14071,18,381686
13393,0.000143,74.125.68.0-255,1484,15555,18,381686
13394,0.000146,172.31.36.0-255,66,15621,18,381686
13395,0.00015,74.125.68.0-255,2902,18523,18,381686
13396,0.000152,172.31.36.0-255,66,18589,18,381686
13397,0.000158,74.125.68.0-255,4320,22909,18,381686
13398,0.000161,172.31.36.0-255,66,22975,18,381686
13399,0.000182,74.125.68.0-255,1484,24459,18,381686
13400,0.000189,172.31.36.0-255,66,24525,18,381686
13401,0.000195,74.125.68.0-255,4320,28845,18,381686
13402,0.000197,172.31.36.0-255,66,28911,18,381686
13403,0.000233,74.125.68.0-255,2543,31454,18,381686
13404,0.000236,172.31.36.0-255,66,31520,18,381686
13405,0.000339,74.125.68.0-255,1484,33004,18,381686
13406,0.000343,172.31.36.0-255,66,33070,18,381686
13407,0.000346,74.125.68.0-255,1484,34554,18,381686
13408,0.000348,172.31.36.0-255,66,34620,18,381686
13409,0.000362,74.125.68.0-255,1484,36104,18,381686
13410,0.000365,172.31.36.0-255,66,36170,18,381686
13411,0.00037,74.125.68.0-255,4320,40490,18,381686
13412,0.000372,172.31.36.0-255,66,40556,18,381686
13413,0.000391,74.125.68.0-255,2902,43458,18,381686
13414,0.000394,172.31.36.0-255,66,43524,18,381686
13415,0.000413,74.125.68.0-255,2902,46426,18,381686
13416,0.000416,172.31.36.0-255,66,46492,18,381686
13417,0.000445,172.31.36.0-255,66,46558,18,381686
13418,0.000481,74.125.68.0-255,5738,52296,18,381686
13419,0.000484,172.31.36.0-255,66,52362,18,381686
13420,0.000499,74.125.68.0-255,3961,56323,18,381686
13421,0.000504,74.125.68.0-255,676,56999,18,381686
13422,0.000765,74.125.68.0-255,1484,58483,18,381686
13423,0.000772,74.125.68.0-255,2902,61385,18,381686
13424,0.000787,74.125.68.0-255,1484,62869,18,381686
13425,0.000801,74.125.68.0-255,2902,65771,18,381686
13426,0.000816,74.125.68.0-255,2902,68673,18,381686
13427,0.000831,74.125.68.0-255,5738,74411,18,381686
13428,0.000834,74.125.68.0-255,1484,75895,18,381686
13429,0.000838,74.125.68.0-255,2902,78797,18,381686
13430,0.000857,74.125.68.0-255,5738,84535,18,381686
13431,0.000885,74.125.68.0-255,6438,90973,18,381686
13432,0.001235,74.125.68.0-255,1484,92457,18,381686
13433,0.001255,74.125.68.0-255,2902,95359,18,381686
13434,0.001284,74.125.68.0-255,2902,98261,18,381686
13435,0.001302,74.125.68.0-255,2902,101163,18,381686
13436,0.001341,74.125.68.0-255,7156,108319,18,381686
13437,0.001345,74.125.68.0-255,2902,111221,18,381686
13438,0.001367,74.125.68.0-255,4320,115541,18,381686
13439,0.001385,74.125.68.0-255,1484,117025,18,381686
13440,0.001399,74.125.68.0-255,5738,122763,18,381686
13441,0.001447,74.125.68.0-255,2184,124947,18,381686
13442,0.002275,74.125.68.0-255,1484,126431,18,381686
13443,0.002282,74.125.68.0-255,2902,129333,18,381686
13444,0.002301,74.125.68.0-255,4320,133653,18,381686
13445,0.002315,74.125.68.0-255,2902,136555,18,381686
13446,0.002327,74.125.68.0-255,2902,139457,18,381686
13447,0.002357,74.125.68.0-255,4320,143777,18,381686
13448,0.002379,74.125.68.0-255,5738,149515,18,381686
13449,0.002403,74.125.68.0-255,4320,153835,18,381686
13450,0.002426,74.125.68.0-255,5020,158855,18,381686
13451,0.005196,172.31.36.0-255,66,158921,18,381686
13452,0.007757,74.125.68.0-255,5738,164659,18,381686
13453,0.007765,172.31.36.0-255,66,164725,18,381686
13454,0.010312,74.125.68.0-255,5738,170463,18,381686
13455,0.010319,172.31.36.0-255,66,170529,18,381686
13456,0.012851,74.125.68.0-255,5738,176267,18,381686
13457,0.012858,172.31.36.0-255,66,176333,18,381686
13458,0.0154,74.125.68.0-255,5738,182071,18,381686
13459,0.015407,172.31.36.0-255,66,182137,18,381686
13460,0.017961,74.125.68.0-255,5738,187875,18,381686
13461,0.017971,172.31.36.0-255,66,187941,18,381686
13462,0.020537,74.125.68.0-255,5738,193679,18,381686
13463,0.020545,172.31.36.0-255,66,193745,18,381686
13464,0.023115,74.125.68.0-255,5738,199483,18,381686
13465,0.023128,172.31.36.0-255,66,199549,18,381686
13466,0.025671,74.125.68.0-255,5738,205287,18,381686
13467,0.02568,172.31.36.0-255,66,205353,18,381686
13468,0.028232,74.125.68.0-255,5738,211091,18,381686
13469,0.028241,172.31.36.0-255,66,211157,18,381686
13470,0.03078,74.125.68.0-255,5738,216895,18,381686
13471,0.030788,172.31.36.0-255,66,216961,18,381686
13472,0.031665,172.31.36.0-255,172,217133,18,381686
13473,0.0317,172.31.36.0-255,1114,218247,18,381686
13474,0.031762,172.31.36.0-255,1514,219761,18,381686
13475,0.031764,172.31.36.0-255,1514,221275,18,381686
13476,0.031766,172.31.36.0-255,1514,222789,18,381686
13477,0.031767,172.31.36.0-255,1514,224303,18,381686
13478,0.031768,172.31.36.0-255,543,224846,18,381686
13479,0.033334,74.125.68.0-255,5738,230584,18,381686
13480,0.033342,172.31.36.0-255,66,230650,18,381686
13481,0.033361,104.244.42.0-255,66,230716,18,381686
13482,0.03589,74.125.68.0-255,5738,236454,18,381686
13483,0.035897,172.31.36.0-255,66,236520,18,381686
13484,0.038457,74.125.68.0-255,5738,242258,18,381686
13485,0.038466,172.31.36.0-255,66,242324,18,381686
13486,0.041017,74.125.68.0-255,5738,248062,18,381686
13487,0.041023,172.31.36.0-255,66,248128,18,381686
13488,0.043581,74.125.68.0-255,5738,253866,18,381686
13489,0.043594,172.31.36.0-255,66,253932,18,381686
13490,0.046149,74.125.68.0-255,5738,259670,18,381686
13491,0.046161,172.31.36.0-255,66,259736,18,381686
13492,0.048712,74.125.68.0-255,5738,265474,18,381686
13493,0.048718,172.31.36.0-255,66,265540,18,381686
13494,0.05126,74.125.68.0-255,5738,271278,18,381686
13495,0.051267,172.31.36.0-255,66,271344,18,381686
13496,0.053808,74.125.68.0-255,5738,277082,18,381686
13497,0.053814,172.31.36.0-255,66,277148,18,381686
13498,0.056359,74.125.68.0-255,5738,282886,18,381686
13499,0.056366,172.31.36.0-255,66,282952,18,381686
13500,0.058918,74.125.68.0-255,5738,288690,18,381686
13501,0.058925,172.31.36.0-255,66,288756,18,381686
13502,0.061505,74.125.68.0-255,5738,294494,18,381686
13503,0.061513,172.31.36.0-255,66,294560,18,381686
13504,0.064059,74.125.68.0-255,5738,300298,18,381686
13505,0.064067,172.31.36.0-255,66,300364,18,381686
13506,0.066619,74.125.68.0-255,5738,306102,18,381686
13507,0.066626,172.31.36.0-255,66,306168,18,381686
13508,0.069176,74.125.68.0-255,5738,311906,18,381686
13509,0.069183,172.31.36.0-255,66,311972,18,381686
13510,0.071729,74.125.68.0-255,5738,317710,18,381686
13511,0.071735,172.31.36.0-255,66,317776,18,381686
13512,0.074286,74.125.68.0-255,5738,323514,18,381686
13513,0.074294,172.31.36.0-255,66,323580,18,381686
13514,0.074766,104.244.42.0-255,66,323646,18,381686
13515,0.076833,74.125.68.0-255,5738,329384,18,381686
13516,0.076839,172.31.36.0-255,66,329450,18,381686
13517,0.079384,74.125.68.0-255,5738,335188,18,381686
13518,0.079391,172.31.36.0-255,66,335254,18,381686
13519,0.081928,74.125.68.0-255,5738,340992,18,381686
13520,0.081934,172.31.36.0-255,66,341058,18,381686
13521,0.084481,74.125.68.0-255,5738,346796,18,381686
13522,0.084488,172.31.36.0-255,66,346862,18,381686
13523,0.087051,74.125.68.0-255,5738,352600,18,381686
13524,0.087056,172.31.36.0-255,66,352666,18,381686
13525,0.089598,74.125.68.0-255,5738,358404,18,381686
13526,0.089603,172.31.36.0-255,66,358470,18,381686
13527,0.092158,74.125.68.0-255,5738,364208,18,381686
13528,0.092164,172.31.36.0-255,66,364274,18,381686
13529,0.094705,74.125.68.0-255,5738,370012,18,381686
13530,0.094712,172.31.36.0-255,66,370078,18,381686
13531,0.097257,74.125.68.0-255,5738,375816,18,381686
13532,0.097263,172.31.36.0-255,66,375882,18,381686
13533,0.09981,74.125.68.0-255,5738,381620,18,381686
13534,0.099817,172.31.36.0-255,66,381686,18,381686
13535,0.0,172.31.36.0-255,105,105,18,276
13536,0.070357,31.13.82.0-255,105,210,18,276
13537,0.070376,172.31.36.0-255,66,276,18,276
13538,0.0,74.125.24.0-255,311,311,18,327185
13539,1.7e-05,172.31.36.0-255,66,377,18,327185
13540,2.3e-05,74.125.24.0-255,1484,1861,18,327185
13541,2.8e-05,172.31.36.0-255,66,1927,18,327185
13542,4.3e-05,74.125.24.0-255,2902,4829,18,327185
13543,4.7e-05,172.31.36.0-255,66,4895,18,327185
13544,5.4e-05,74.125.24.0-255,5738,10633,18,327185
13545,5.7e-05,172.31.36.0-255,66,10699,18,327185
13546,6.2e-05,74.125.24.0-255,3476,14175,18,327185
13547,6.5e-05,172.31.36.0-255,66,14241,18,327185
13548,7.2e-05,74.125.24.0-255,4320,18561,18,327185
13549,7.5e-05,172.31.36.0-255,66,18627,18,327185
13550,8.7e-05,172.31.36.0-255,66,18693,18,327185
13551,0.000122,74.125.24.0-255,2543,21236,18,327185
13552,0.000125,172.31.36.0-255,66,21302,18,327185
13553,0.00017,74.125.24.0-255,1484,22786,18,327185
13554,0.000173,172.31.36.0-255,66,22852,18,327185
13555,0.000179,74.125.24.0-255,2902,25754,18,327185
13556,0.000181,172.31.36.0-255,66,25820,18,327185
13557,0.000212,74.125.24.0-255,5738,31558,18,327185
13558,0.000215,172.31.36.0-255,66,31624,18,327185
13559,0.00022,74.125.24.0-255,4320,35944,18,327185
13560,0.000222,172.31.36.0-255,66,36010,18,327185
13561,0.000269,74.125.24.0-255,7072,43082,18,327185
13562,0.000274,172.31.36.0-255,66,43148,18,327185
13563,0.000282,172.31.36.0-255,66,43214,18,327185
13564,0.000298,74.125.24.0-255,126,43340,18,327185
13565,0.000301,172.31.36.0-255,66,43406,18,327185
13566,0.000397,74.125.24.0-255,1484,44890,18,327185
13567,0.000401,172.31.36.0-255,66,44956,18,327185
13568,0.000407,74.125.24.0-255,2902,47858,18,327185
13569,0.00041,172.31.36.0-255,66,47924,18,327185
13570,0.000422,74.125.24.0-255,5738,53662,18,327185
13571,0.000424,172.31.36.0-255,66,53728,18,327185
13572,0.000451,74.125.24.0-255,5738,59466,18,327185
13573,0.000453,172.31.36.0-255,66,59532,18,327185
13574,0.000485,172.31.36.0-255,66,59598,18,327185
13575,0.000496,172.31.36.0-255,66,59664,18,327185
13576,0.00052,74.125.24.0-255,1410,61074,18,327185
13577,0.000913,74.125.24.0-255,1484,62558,18,327185
13578,0.000919,172.31.36.0-255,66,62624,18,327185
13579,0.000925,74.125.24.0-255,2902,65526,18,327185
13580,0.000927,172.31.36.0-255,66,65592,18,327185
13581,0.000934,74.125.24.0-255,5738,71330,18,327185
13582,0.000943,172.31.36.0-255,66,71396,18,327185
13583,0.000988,172.31.36.0-255,66,71462,18,327185
13584,0.001076,172.31.36.0-255,66,71528,18,327185
13585,0.001087,74.125.24.0-255,5738,77266,18,327185
13586,0.00109,172.31.36.0-255,66,77332,18,327185
13587,0.001102,74.125.24.0-255,7156,84488,18,327185
13588,0.001104,172.31.36.0-255,66,84554,18,327185
13589,0.001111,74.125.24.0-255,5738,90292,18,327185
13590,0.001114,172.31.36.0-255,66,90358,18,327185
13591,0.001158,172.31.36.0-255,66,90424,18,327185
13592,0.001166,74.125.24.0-255,6438,96862,18,327185
13593,0.001168,172.31.36.0-255,66,96928,18,327185
13594,0.001448,74.125.24.0-255,1484,98412,18,327185
13595,0.001453,74.125.24.0-255,1484,99896,18,327185
13596,0.001457,172.31.36.0-255,66,99962,18,327185
13597,0.001471,74.125.24.0-255,1484,101446,18,327185
13598,0.001482,74.125.24.0-255,5738,107184,18,327185
13599,0.001485,172.31.36.0-255,66,107250,18,327185
13600,0.001525,172.31.36.0-255,66,107316,18,327185
13601,0.001532,74.125.24.0-255,4320,111636,18,327185
13602,0.001534,172.31.36.0-255,66,111702,18,327185
13603,0.001566,74.125.24.0-255,2902,114604,18,327185
13604,0.001568,172.31.36.0-255,66,114670,18,327185
13605,0.001573,74.125.24.0-255,3602,118272,18,327185
13606,0.001575,172.31.36.0-255,66,118338,18,327185
13607,0.001655,74.125.24.0-255,1484,119822,18,327185
13608,0.00166,74.125.24.0-255,1484,121306,18,327185
13609,0.001662,172.31.36.0-255,66,121372,18,327185
13610,0.00169,74.125.24.0-255,1484,122856,18,327185
13611,0.001696,74.125.24.0-255,5738,128594,18,327185
13612,0.0017,172.31.36.0-255,66,128660,18,327185
13613,0.001715,172.31.36.0-255,66,128726,18,327185
13614,0.001723,74.125.24.0-255,7156,135882,18,327185
13615,0.001725,172.31.36.0-255,66,135948,18,327185
13616,0.001738,74.125.24.0-255,1484,137432,18,327185
13617,0.001762,74.125.24.0-255,2184,139616,18,327185
13618,0.001764,172.31.36.0-255,66,139682,18,327185
13619,0.003714,74.125.24.0-255,4320,144002,18,327185
13620,0.003719,172.31.36.0-255,66,144068,18,327185
13621,0.003749,74.125.24.0-255,1484,145552,18,327185
13622,0.005695,74.125.24.0-255,4320,149872,18,327185
13623,0.0057,172.31.36.0-255,66,149938,18,327185
13624,0.007666,74.125.24.0-255,5738,155676,18,327185
13625,0.007674,172.31.36.0-255,66,155742,18,327185
13626,0.009638,74.125.24.0-255,5738,161480,18,327185
13627,0.009645,172.31.36.0-255,66,161546,18,327185
13628,0.011607,74.125.24.0-255,5738,167284,18,327185
13629,0.011615,172.31.36.0-255,66,167350,18,327185
13630,0.013595,74.125.24.0-255,5738,173088,18,327185
13631,0.013604,172.31.36.0-255,66,173154,18,327185
13632,0.015586,74.125.24.0-255,5738,178892,18,327185
13633,0.015594,172.31.36.0-255,66,178958,18,327185
13634,0.017561,74.125.24.0-255,5738,184696,18,327185
13635,0.017569,172.31.36.0-255,66,184762,18,327185
13636,0.019534,74.125.24.0-255,5738,190500,18,327185
13637,0.019542,172.31.36.0-255,66,190566,18,327185
13638,0.021501,74.125.24.0-255,5738,196304,18,327185
13639,0.021507,172.31.36.0-255,66,196370,18,327185
13640,0.023472,74.125.24.0-255,5738,202108,18,327185
13641,0.023479,172.31.36.0-255,66,202174,18,327185
13642,0.025432,74.125.24.0-255,5738,207912,18,327185
13643,0.025439,172.31.36.0-255,66,207978,18,327185
13644,0.0274,74.125.24.0-255,5738,213716,18,327185
13645,0.027426,172.31.36.0-255,66,213782,18,327185
13646,0.029383,74.125.24.0-255,5738,219520,18,327185
13647,0.029391,172.31.36.0-255,66,219586,18,327185
13648,0.03139,74.125.24.0-255,5738,225324,18,327185
13649,0.031397,172.31.36.0-255,66,225390,18,327185
13650,0.033345,74.125.24.0-255,5738,231128,18,327185
13651,0.033353,172.31.36.0-255,66,231194,18,327185
13652,0.035324,74.125.24.0-255,5738,236932,18,327185
13653,0.035331,172.31.36.0-255,66,236998,18,327185
13654,0.036286,172.31.36.0-255,172,237170,18,327185
13655,0.036318,172.31.36.0-255,1112,238282,18,327185
13656,0.036386,172.31.36.0-255,1514,239796,18,327185
13657,0.036388,172.31.36.0-255,1514,241310,18,327185
13658,0.036389,172.31.36.0-255,1514,242824,18,327185
13659,0.03639,172.31.36.0-255,1514,244338,18,327185
13660,0.036417,172.31.36.0-255,1514,245852,18,327185
13661,0.036423,172.31.36.0-255,913,246765,18,327185
13662,0.037295,74.125.24.0-255,5738,252503,18,327185
13663,0.037302,172.31.36.0-255,66,252569,18,327185
13664,0.037862,104.244.42.0-255,66,252635,18,327185
13665,0.037903,104.244.42.0-255,66,252701,18,327185
13666,0.037959,104.244.42.0-255,66,252767,18,327185
13667,0.038018,104.244.42.0-255,66,252833,18,327185
13668,0.038739,104.244.42.0-255,108,252941,18,327185
13669,0.038749,172.31.36.0-255,66,253007,18,327185
13670,0.039276,74.125.24.0-255,5738,258745,18,327185
13671,0.039281,172.31.36.0-255,66,258811,18,327185
13672,0.041255,74.125.24.0-255,5738,264549,18,327185
13673,0.041265,172.31.36.0-255,66,264615,18,327185
13674,0.043225,74.125.24.0-255,5738,270353,18,327185
13675,0.043232,172.31.36.0-255,66,270419,18,327185
13676,0.04335,172.31.36.0-255,101,270520,18,327185
13677,0.045213,74.125.24.0-255,5738,276258,18,327185
13678,0.045221,172.31.36.0-255,66,276324,18,327185
13679,0.045265,74.125.24.0-255,66,276390,18,327185
13680,0.047165,74.125.24.0-255,5738,282128,18,327185
13681,0.047171,172.31.36.0-255,66,282194,18,327185
13682,0.049116,74.125.24.0-255,5738,287932,18,327185
13683,0.049123,172.31.36.0-255,66,287998,18,327185
13684,0.051083,74.125.24.0-255,5738,293736,18,327185
13685,0.05109,172.31.36.0-255,66,293802,18,327185
13686,0.053056,74.125.24.0-255,5738,299540,18,327185
13687,0.053063,172.31.36.0-255,66,299606,18,327185
13688,0.055043,74.125.24.0-255,5738,305344,18,327185
13689,0.05505,172.31.36.0-255,66,305410,18,327185
13690,0.057022,74.125.24.0-255,5738,311148,18,327185
13691,0.05703,172.31.36.0-255,66,311214,18,327185
13692,0.059014,74.125.24.0-255,5738,316952,18,327185
13693,0.059022,172.31.36.0-255,66,317018,18,327185
13694,0.061006,74.125.24.0-255,5738,322756,18,327185
13695,0.061013,172.31.36.0-255,66,322822,18,327185
13696,0.062971,74.125.24.0-255,4126,326948,18,327185
13697,0.062978,172.31.36.0-255,66,327014,18,327185
13698,0.063155,172.31.36.0-255,105,327119,18,327185
13699,0.06908,74.125.24.0-255,66,327185,18,327185
13700,0.0,172.217.194.0-255,144,144,18,369163
13701,9e-05,172.31.36.0-255,66,210,18,369163
13702,9.7e-05,172.217.194.0-255,1484,1694,18,369163
13703,0.000101,172.31.36.0-255,66,1760,18,369163
13704,0.000107,172.217.194.0-255,2902,4662,18,369163
13705,0.00011,172.31.36.0-255,66,4728,18,369163
13706,0.000116,172.217.194.0-255,4320,9048,18,369163
13707,0.000118,172.31.36.0-255,66,9114,18,369163
13708,0.000124,172.217.194.0-255,4883,13997,18,369163
13709,0.000126,172.31.36.0-255,66,14063,18,369163
13710,0.000134,172.217.194.0-255,7156,21219,18,369163
13711,0.000137,172.31.36.0-255,66,21285,18,369163
13712,0.000147,172.31.36.0-255,66,21351,18,369163
13713,0.000151,172.217.194.0-255,1125,22476,18,369163
13714,0.000155,172.31.36.0-255,66,22542,18,369163
13715,0.000381,172.217.194.0-255,1484,24026,18,369163
13716,0.000386,172.31.36.0-255,66,24092,18,369163
13717,0.000392,172.217.194.0-255,2902,26994,18,369163
13718,0.000394,172.31.36.0-255,66,27060,18,369163
13719,0.000418,172.217.194.0-255,2902,29962,18,369163
13720,0.000421,172.31.36.0-255,66,30028,18,369163
13721,0.000447,172.217.194.0-255,7156,37184,18,369163
13722,0.00045,172.31.36.0-255,66,37250,18,369163
13723,0.000453,172.217.194.0-255,1484,38734,18,369163
13724,0.000456,172.31.36.0-255,66,38800,18,369163
13725,0.000471,172.217.194.0-255,1125,39925,18,369163
13726,0.000474,172.31.36.0-255,66,39991,18,369163
13727,0.000498,172.217.194.0-255,2902,42893,18,369163
13728,0.000501,172.31.36.0-255,66,42959,18,369163
13729,0.000519,172.217.194.0-255,4320,47279,18,369163
13730,0.000522,172.31.36.0-255,66,47345,18,369163
13731,0.000535,172.31.36.0-255,66,47411,18,369163
13732,0.000558,172.217.194.0-255,1380,48791,18,369163
13733,0.000582,172.217.194.0-255,117,48908,18,369163
13734,0.000704,172.217.194.0-255,1484,50392,18,369163
13735,0.000708,172.31.36.0-255,66,50458,18,369163
13736,0.000714,172.217.194.0-255,2902,53360,18,369163
13737,0.000717,172.31.36.0-255,66,53426,18,369163
13738,0.000741,172.217.194.0-255,5738,59164,18,369163
13739,0.000745,172.31.36.0-255,66,59230,18,369163
13740,0.00075,172.217.194.0-255,2902,62132,18,369163
13741,0.000752,172.31.36.0-255,66,62198,18,369163
13742,0.000789,172.31.36.0-255,66,62264,18,369163
13743,0.000797,172.217.194.0-255,7156,69420,18,369163
13744,0.000799,172.31.36.0-255,66,69486,18,369163
13745,0.000815,172.217.194.0-255,3916,73402,18,369163
13746,0.000819,172.31.36.0-255,66,73468,18,369163
13747,0.001433,172.217.194.0-255,1484,74952,18,369163
13748,0.001442,172.217.194.0-255,2902,77854,18,369163
13749,0.001447,172.31.36.0-255,66,77920,18,369163
13750,0.001482,172.217.194.0-255,5738,83658,18,369163
13751,0.001484,172.31.36.0-255,66,83724,18,369163
13752,0.001525,172.217.194.0-255,2902,86626,18,369163
13753,0.001528,172.31.36.0-255,66,86692,18,369163
13754,0.001548,172.217.194.0-255,4320,91012,18,369163
13755,0.00155,172.31.36.0-255,66,91078,18,369163
13756,0.001571,172.217.194.0-255,5738,96816,18,369163
13757,0.001574,172.31.36.0-255,66,96882,18,369163
13758,0.001592,172.217.194.0-255,2902,99784,18,369163
13759,0.001594,172.31.36.0-255,66,99850,18,369163
13760,0.001599,172.217.194.0-255,4320,104170,18,369163
13761,0.001602,172.31.36.0-255,66,104236,18,369163
13762,0.001645,172.217.194.0-255,3602,107838,18,369163
13763,0.001648,172.31.36.0-255,66,107904,18,369163
13764,0.001746,172.217.194.0-255,1484,109388,18,369163
13765,0.001767,172.217.194.0-255,2902,112290,18,369163
13766,0.00177,172.31.36.0-255,66,112356,18,369163
13767,0.001789,172.217.194.0-255,2902,115258,18,369163
13768,0.001791,172.31.36.0-255,66,115324,18,369163
13769,0.001829,172.217.194.0-255,2902,118226,18,369163
13770,0.001831,172.31.36.0-255,66,118292,18,369163
13771,0.001845,172.217.194.0-255,4320,122612,18,369163
13772,0.001848,172.31.36.0-255,66,122678,18,369163
13773,0.001855,172.217.194.0-255,7156,129834,18,369163
13774,0.001857,172.31.36.0-255,66,129900,18,369163
13775,0.001882,172.217.194.0-255,7156,137056,18,369163
13776,0.001885,172.31.36.0-255,66,137122,18,369163
13777,0.001891,172.217.194.0-255,5020,142142,18,369163
13778,0.001893,172.31.36.0-255,66,142208,18,369163
13779,0.004465,172.217.194.0-255,5738,147946,18,369163
13780,0.004468,172.31.36.0-255,66,148012,18,369163
13781,0.007049,172.217.194.0-255,5738,153750,18,369163
13782,0.007056,172.31.36.0-255,66,153816,18,369163
13783,0.009633,172.217.194.0-255,5738,159554,18,369163
13784,0.00964,172.31.36.0-255,66,159620,18,369163
13785,0.012198,172.217.194.0-255,5738,165358,18,369163
13786,0.012208,172.31.36.0-255,66,165424,18,369163
13787,0.014823,172.217.194.0-255,5738,171162,18,369163
13788,0.014833,172.31.36.0-255,66,171228,18,369163
13789,0.017407,172.217.194.0-255,5738,176966,18,369163
13790,0.01742,172.31.36.0-255,66,177032,18,369163
13791,0.019994,172.217.194.0-255,5738,182770,18,369163
13792,0.020002,172.31.36.0-255,66,182836,18,369163
13793,0.022582,172.217.194.0-255,5738,188574,18,369163
13794,0.022591,172.31.36.0-255,66,188640,18,369163
13795,0.025157,172.217.194.0-255,5738,194378,18,369163
13796,0.025168,172.31.36.0-255,66,194444,18,369163
13797,0.027724,172.217.194.0-255,5738,200182,18,369163
13798,0.027735,172.31.36.0-255,66,200248,18,369163
13799,0.029701,172.31.36.0-255,172,200420,18,369163
13800,0.029732,172.31.36.0-255,1112,201532,18,369163
13801,0.029795,172.31.36.0-255,1514,203046,18,369163
13802,0.029797,172.31.36.0-255,1514,204560,18,369163
13803,0.029798,172.31.36.0-255,1514,206074,18,369163
13804,0.029804,172.31.36.0-255,1514,207588,18,369163
13805,0.029805,172.31.36.0-255,1503,209091,18,369163
13806,0.030298,172.217.194.0-255,5738,214829,18,369163
13807,0.030306,172.31.36.0-255,66,214895,18,369163
13808,0.031251,104.244.42.0-255,66,214961,18,369163
13809,0.031299,104.244.42.0-255,66,215027,18,369163
13810,0.031344,104.244.42.0-255,66,215093,18,369163
13811,0.032892,172.217.194.0-255,5738,220831,18,369163
13812,0.032896,172.31.36.0-255,66,220897,18,369163
13813,0.035492,172.217.194.0-255,5738,226635,18,369163
13814,0.035499,172.31.36.0-255,66,226701,18,369163
13815,0.038046,172.217.194.0-255,5738,232439,18,369163
13816,0.038052,172.31.36.0-255,66,232505,18,369163
13817,0.040611,172.217.194.0-255,5738,238243,18,369163
13818,0.040617,172.31.36.0-255,66,238309,18,369163
13819,0.043179,172.217.194.0-255,5738,244047,18,369163
13820,0.043201,172.31.36.0-255,66,244113,18,369163
13821,0.045774,172.217.194.0-255,5738,249851,18,369163
13822,0.04578,172.31.36.0-255,66,249917,18,369163
13823,0.048357,172.217.194.0-255,5738,255655,18,369163
13824,0.048362,172.31.36.0-255,66,255721,18,369163
13825,0.050944,172.217.194.0-255,5738,261459,18,369163
13826,0.05095,172.31.36.0-255,66,261525,18,369163
13827,0.053518,172.217.194.0-255,5738,267263,18,369163
13828,0.053523,172.31.36.0-255,66,267329,18,369163
13829,0.056085,172.217.194.0-255,5738,273067,18,369163
13830,0.056092,172.31.36.0-255,66,273133,18,369163
13831,0.05864,172.217.194.0-255,4320,277453,18,369163
13832,0.058645,172.31.36.0-255,66,277519,18,369163
13833,0.058678,172.217.194.0-255,1484,279003,18,369163
13834,0.061233,172.217.194.0-255,4320,283323,18,369163
13835,0.061239,172.31.36.0-255,66,283389,18,369163
13836,0.063794,172.217.194.0-255,1484,284873,18,369163
13837,0.063825,172.217.194.0-255,4320,289193,18,369163
13838,0.06383,172.31.36.0-255,66,289259,18,369163
13839,0.06639,172.217.194.0-255,5738,294997,18,369163
13840,0.066395,172.31.36.0-255,66,295063,18,369163
13841,0.068949,172.217.194.0-255,5738,300801,18,369163
13842,0.068957,172.31.36.0-255,66,300867,18,369163
13843,0.071554,172.217.194.0-255,5738,306605,18,369163
13844,0.07156,172.31.36.0-255,66,306671,18,369163
13845,0.074143,172.217.194.0-255,5738,312409,18,369163
13846,0.074149,172.31.36.0-255,66,312475,18,369163
13847,0.076707,172.217.194.0-255,5738,318213,18,369163
13848,0.076712,172.31.36.0-255,66,318279,18,369163
13849,0.079258,172.217.194.0-255,5738,324017,18,369163
13850,0.079263,172.31.36.0-255,66,324083,18,369163
13851,0.081832,172.217.194.0-255,5738,329821,18,369163
13852,0.081837,172.31.36.0-255,66,329887,18,369163
13853,0.084375,172.217.194.0-255,5738,335625,18,369163
13854,0.084381,172.31.36.0-255,66,335691,18,369163
13855,0.086979,172.217.194.0-255,5738,341429,18,369163
13856,0.086984,172.31.36.0-255,66,341495,18,369163
13857,0.089543,172.217.194.0-255,5738,347233,18,369163
13858,0.089548,172.31.36.0-255,66,347299,18,369163
13859,0.092124,172.217.194.0-255,4320,351619,18,369163
13860,0.09213,172.31.36.0-255,66,351685,18,369163
13861,0.092163,172.217.194.0-255,1484,353169,18,369163
13862,0.094707,172.217.194.0-255,4320,357489,18,369163
13863,0.094713,172.31.36.0-255,66,357555,18,369163
13864,0.097256,172.217.194.0-255,5738,363293,18,369163
13865,0.097263,172.31.36.0-255,66,363359,18,369163
13866,0.099857,172.217.194.0-255,5738,369097,18,369163
13867,0.099862,172.31.36.0-255,66,369163,18,369163
13868,0.0,74.125.24.0-255,162,162,18,146758
13869,2.8e-05,172.31.36.0-255,66,228,18,146758
13870,3.5e-05,74.125.24.0-255,1484,1712,18,146758
13871,4e-05,172.31.36.0-255,66,1778,18,146758
13872,4.5e-05,74.125.24.0-255,2902,4680,18,146758
13873,4.8e-05,172.31.36.0-255,66,4746,18,146758
13874,7.5e-05,74.125.24.0-255,5738,10484,18,146758
13875,7.8e-05,172.31.36.0-255,66,10550,18,146758
13876,9.4e-05,74.125.24.0-255,1484,12034,18,146758
13877,9.6e-05,172.31.36.0-255,66,12100,18,146758
13878,0.000188,74.125.24.0-255,2046,14146,18,146758
13879,0.000192,172.31.36.0-255,66,14212,18,146758
13880,0.000199,74.125.24.0-255,2902,17114,18,146758
13881,0.000202,172.31.36.0-255,66,17180,18,146758
13882,0.000244,74.125.24.0-255,5738,22918,18,146758
13883,0.000248,172.31.36.0-255,66,22984,18,146758
13884,0.000264,74.125.24.0-255,1484,24468,18,146758
13885,0.000267,172.31.36.0-255,66,24534,18,146758
13886,0.000363,74.125.24.0-255,5738,30272,18,146758
13887,0.000367,172.31.36.0-255,66,30338,18,146758
13888,0.000385,74.125.24.0-255,1125,31463,18,146758
13889,0.000388,172.31.36.0-255,66,31529,18,146758
13890,0.000461,74.125.24.0-255,4320,35849,18,146758
13891,0.000465,172.31.36.0-255,66,35915,18,146758
13892,0.000539,172.31.36.0-255,66,35981,18,146758
13893,0.000561,74.125.24.0-255,2543,38524,18,146758
13894,0.000564,172.31.36.0-255,66,38590,18,146758
13895,0.000706,74.125.24.0-255,4320,42910,18,146758
13896,0.00071,172.31.36.0-255,66,42976,18,146758
13897,0.000735,172.31.36.0-255,66,43042,18,146758
13898,0.000763,74.125.24.0-255,4272,47314,18,146758
13899,0.000766,172.31.36.0-255,66,47380,18,146758
13900,0.000939,74.125.24.0-255,374,47754,18,146758
13901,0.00096,74.125.24.0-255,1484,49238,18,146758
13902,0.000963,172.31.36.0-255,66,49304,18,146758
13903,0.000994,172.31.36.0-255,66,49370,18,146758
13904,0.001011,74.125.24.0-255,2902,52272,18,146758
13905,0.001014,172.31.36.0-255,66,52338,18,146758
13906,0.00128,74.125.24.0-255,1484,53822,18,146758
13907,0.001303,74.125.24.0-255,4320,58142,18,146758
13908,0.001307,172.31.36.0-255,66,58208,18,146758
13909,0.001338,172.31.36.0-255,66,58274,18,146758
13910,0.001367,172.31.36.0-255,66,58340,18,146758
13911,0.001658,74.125.24.0-255,4320,62660,18,146758
13912,0.001664,172.31.36.0-255,66,62726,18,146758
13913,0.001728,172.31.36.0-255,66,62792,18,146758
13914,0.001752,172.31.36.0-255,66,62858,18,146758
13915,0.002097,74.125.24.0-255,4320,67178,18,146758
13916,0.002099,172.31.36.0-255,66,67244,18,146758
13917,0.002121,74.125.24.0-255,3602,70846,18,146758
13918,0.002123,172.31.36.0-255,66,70912,18,146758
13919,0.002221,74.125.24.0-255,4320,75232,18,146758
13920,0.002223,172.31.36.0-255,66,75298,18,146758
13921,0.002245,74.125.24.0-255,7156,82454,18,146758
13922,0.002247,172.31.36.0-255,66,82520,18,146758
13923,0.002271,172.31.36.0-255,66,82586,18,146758
13924,0.002294,172.31.36.0-255,66,82652,18,146758
13925,0.002352,74.125.24.0-255,7156,89808,18,146758
13926,0.003196,74.125.24.0-255,2902,92710,18,146758
13927,0.003217,74.125.24.0-255,7156,99866,18,146758
13928,0.003237,74.125.24.0-255,5738,105604,18,146758
13929,0.003256,74.125.24.0-255,2525,108129,18,146758
13930,0.003459,74.125.24.0-255,1484,109613,18,146758
13931,0.003485,74.125.24.0-255,1484,111097,18,146758
13932,0.003635,74.125.24.0-255,2902,113999,18,146758
13933,0.003978,74.125.24.0-255,5738,119737,18,146758
13934,0.003996,74.125.24.0-255,4320,124057,18,146758
13935,0.004072,172.31.36.0-255,66,124123,18,146758
13936,0.004157,172.31.36.0-255,66,124189,18,146758
13937,0.004191,172.31.36.0-255,66,124255,18,146758
13938,0.004624,74.125.24.0-255,7156,131411,18,146758
13939,0.00463,172.31.36.0-255,66,131477,18,146758
13940,0.00469,172.31.36.0-255,66,131543,18,146758
13941,0.004729,172.31.36.0-255,66,131609,18,146758
13942,0.005485,74.125.24.0-255,5738,137347,18,146758
13943,0.005491,172.31.36.0-255,66,137413,18,146758
13944,0.005528,172.31.36.0-255,66,137479,18,146758
13945,0.005568,172.31.36.0-255,66,137545,18,146758
13946,0.009542,172.31.36.0-255,105,137650,18,146758
13947,0.012204,74.125.24.0-255,66,137716,18,146758
13948,0.036065,172.31.36.0-255,172,137888,18,146758
13949,0.036098,172.31.36.0-255,1116,139004,18,146758
13950,0.036147,172.31.36.0-255,1514,140518,18,146758
13951,0.036148,172.31.36.0-255,1514,142032,18,146758
13952,0.03615,172.31.36.0-255,1514,143546,18,146758
13953,0.036155,172.31.36.0-255,1514,145060,18,146758
13954,0.036156,172.31.36.0-255,1500,146560,18,146758
13955,0.037745,104.244.42.0-255,66,146626,18,146758
13956,0.037799,104.244.42.0-255,66,146692,18,146758
13957,0.037852,104.244.42.0-255,66,146758,18,146758
13958,0.0,74.125.200.0-255,153,153,18,405302
13959,2.6e-05,172.31.36.0-255,66,219,18,405302
13960,5.8e-05,74.125.200.0-255,1484,1703,18,405302
13961,6.2e-05,172.31.36.0-255,66,1769,18,405302
13962,6.5e-05,74.125.200.0-255,1484,3253,18,405302
13963,6.8e-05,172.31.36.0-255,66,3319,18,405302
13964,0.000104,74.125.200.0-255,1484,4803,18,405302
13965,0.000107,172.31.36.0-255,66,4869,18,405302
13966,0.000113,74.125.200.0-255,4320,9189,18,405302
13967,0.000116,172.31.36.0-255,66,9255,18,405302
13968,0.000141,74.125.200.0-255,4883,14138,18,405302
13969,0.000144,172.31.36.0-255,66,14204,18,405302
13970,0.000179,74.125.200.0-255,5738,19942,18,405302
13971,0.000182,172.31.36.0-255,66,20008,18,405302
13972,0.000187,74.125.200.0-255,2902,22910,18,405302
13973,0.000189,172.31.36.0-255,66,22976,18,405302
13974,0.000193,74.125.200.0-255,4320,27296,18,405302
13975,0.000201,172.31.36.0-255,66,27362,18,405302
13976,0.000231,74.125.200.0-255,3961,31323,18,405302
13977,0.000233,172.31.36.0-255,66,31389,18,405302
13978,0.000324,74.125.200.0-255,1484,32873,18,405302
13979,0.000329,172.31.36.0-255,66,32939,18,405302
13980,0.000348,74.125.200.0-255,2902,35841,18,405302
13981,0.000352,172.31.36.0-255,66,35907,18,405302
13982,0.000358,74.125.200.0-255,5738,41645,18,405302
13983,0.000361,172.31.36.0-255,66,41711,18,405302
13984,0.000389,74.125.200.0-255,6797,48508,18,405302
13985,0.000392,172.31.36.0-255,66,48574,18,405302
13986,0.000402,74.125.200.0-255,2902,51476,18,405302
13987,0.000404,172.31.36.0-255,66,51542,18,405302
13988,0.000438,74.125.200.0-255,4320,55862,18,405302
13989,0.000441,172.31.36.0-255,66,55928,18,405302
13990,0.000452,172.31.36.0-255,66,55994,18,405302
13991,0.000473,74.125.200.0-255,1463,57457,18,405302
13992,0.000723,74.125.200.0-255,1484,58941,18,405302
13993,0.000728,172.31.36.0-255,66,59007,18,405302
13994,0.000756,74.125.200.0-255,2902,61909,18,405302
13995,0.000759,172.31.36.0-255,66,61975,18,405302
13996,0.000766,74.125.200.0-255,5738,67713,18,405302
13997,0.000769,172.31.36.0-255,66,67779,18,405302
13998,0.00081,74.125.200.0-255,6797,74576,18,405302
13999,0.000814,172.31.36.0-255,66,74642,18,405302
14000,0.000822,74.125.200.0-255,7156,81798,18,405302
14001,0.000831,172.31.36.0-255,66,81864,18,405302
14002,0.000837,74.125.200.0-255,4320,86184,18,405302
14003,0.000841,172.31.36.0-255,66,86250,18,405302
14004,0.000873,74.125.200.0-255,7156,93406,18,405302
14005,0.000877,172.31.36.0-255,66,93472,18,405302
14006,0.000897,172.31.36.0-255,66,93538,18,405302
14007,0.000903,74.125.200.0-255,3602,97140,18,405302
14008,0.000905,172.31.36.0-255,66,97206,18,405302
14009,0.000911,74.125.200.0-255,4320,101526,18,405302
14010,0.000913,172.31.36.0-255,66,101592,18,405302
14011,0.000946,74.125.200.0-255,2902,104494,18,405302
14012,0.00095,172.31.36.0-255,66,104560,18,405302
14013,0.000983,74.125.200.0-255,7156,111716,18,405302
14014,0.000987,172.31.36.0-255,66,111782,18,405302
14015,0.00099,74.125.200.0-255,827,112609,18,405302
14016,0.001336,172.31.36.0-255,66,112675,18,405302
14017,0.001588,74.125.200.0-255,1484,114159,18,405302
14018,0.001608,74.125.200.0-255,2902,117061,18,405302
14019,0.001612,172.31.36.0-255,66,117127,18,405302
14020,0.001618,74.125.200.0-255,2902,120029,18,405302
14021,0.001619,172.31.36.0-255,66,120095,18,405302
14022,0.001638,74.125.200.0-255,1484,121579,18,405302
14023,0.001642,74.125.200.0-255,2902,124481,18,405302
14024,0.001649,172.31.36.0-255,66,124547,18,405302
14025,0.001678,74.125.200.0-255,5738,130285,18,405302
14026,0.001682,172.31.36.0-255,66,130351,18,405302
14027,0.001688,74.125.200.0-255,5738,136089,18,405302
14028,0.00169,172.31.36.0-255,66,136155,18,405302
14029,0.001704,74.125.200.0-255,7156,143311,18,405302
14030,0.001708,74.125.200.0-255,3602,146913,18,405302
14031,0.001708,172.31.36.0-255,66,146979,18,405302
14032,0.001712,172.31.36.0-255,66,147045,18,405302
14033,0.003664,74.125.200.0-255,1484,148529,18,405302
14034,0.003693,74.125.200.0-255,4320,152849,18,405302
14035,0.003699,172.31.36.0-255,66,152915,18,405302
14036,0.005683,74.125.200.0-255,5738,158653,18,405302
14037,0.005688,172.31.36.0-255,66,158719,18,405302
14038,0.007665,74.125.200.0-255,2902,161621,18,405302
14039,0.007669,172.31.36.0-255,66,161687,18,405302
14040,0.007699,74.125.200.0-255,2902,164589,18,405302
14041,0.007702,172.31.36.0-255,66,164655,18,405302
14042,0.009649,74.125.200.0-255,2902,167557,18,405302
14043,0.009657,172.31.36.0-255,66,167623,18,405302
14044,0.00969,74.125.200.0-255,2902,170525,18,405302
14045,0.009695,172.31.36.0-255,66,170591,18,405302
14046,0.011646,74.125.200.0-255,2902,173493,18,405302
14047,0.011654,172.31.36.0-255,66,173559,18,405302
14048,0.011695,74.125.200.0-255,2902,176461,18,405302
14049,0.011699,172.31.36.0-255,66,176527,18,405302
14050,0.013636,74.125.200.0-255,2902,179429,18,405302
14051,0.013645,172.31.36.0-255,66,179495,18,405302
14052,0.013685,74.125.200.0-255,2902,182397,18,405302
14053,0.013689,172.31.36.0-255,66,182463,18,405302
14054,0.015626,74.125.200.0-255,2902,185365,18,405302
14055,0.015632,172.31.36.0-255,66,185431,18,405302
14056,0.015669,74.125.200.0-255,2902,188333,18,405302
14057,0.015672,172.31.36.0-255,66,188399,18,405302
14058,0.017594,74.125.200.0-255,2902,191301,18,405302
14059,0.017601,172.31.36.0-255,66,191367,18,405302
14060,0.017643,74.125.200.0-255,2902,194269,18,405302
14061,0.017647,172.31.36.0-255,66,194335,18,405302
14062,0.019567,74.125.200.0-255,2902,197237,18,405302
14063,0.019576,172.31.36.0-255,66,197303,18,405302
14064,0.019619,74.125.200.0-255,2902,200205,18,405302
14065,0.019624,172.31.36.0-255,66,200271,18,405302
14066,0.021537,74.125.200.0-255,2902,203173,18,405302
14067,0.021544,172.31.36.0-255,66,203239,18,405302
14068,0.021586,74.125.200.0-255,2902,206141,18,405302
14069,0.02159,172.31.36.0-255,66,206207,18,405302
14070,0.023507,74.125.200.0-255,2902,209109,18,405302
14071,0.023514,172.31.36.0-255,66,209175,18,405302
14072,0.023554,74.125.200.0-255,2902,212077,18,405302
14073,0.023558,172.31.36.0-255,66,212143,18,405302
14074,0.025486,74.125.200.0-255,2902,215045,18,405302
14075,0.025493,172.31.36.0-255,66,215111,18,405302
14076,0.025538,74.125.200.0-255,2902,218013,18,405302
14077,0.025543,172.31.36.0-255,66,218079,18,405302
14078,0.027483,74.125.200.0-255,2902,220981,18,405302
14079,0.027489,172.31.36.0-255,66,221047,18,405302
14080,0.027523,74.125.200.0-255,2902,223949,18,405302
14081,0.027527,172.31.36.0-255,66,224015,18,405302
14082,0.029457,74.125.200.0-255,2902,226917,18,405302
14083,0.029465,172.31.36.0-255,66,226983,18,405302
14084,0.0295,74.125.200.0-255,2902,229885,18,405302
14085,0.029503,172.31.36.0-255,66,229951,18,405302
14086,0.030161,172.31.36.0-255,172,230123,18,405302
14087,0.03019,172.31.36.0-255,1112,231235,18,405302
14088,0.030243,172.31.36.0-255,1514,232749,18,405302
14089,0.030245,172.31.36.0-255,1514,234263,18,405302
14090,0.030247,172.31.36.0-255,1514,235777,18,405302
14091,0.030248,172.31.36.0-255,1514,237291,18,405302
14092,0.030275,172.31.36.0-255,1514,238805,18,405302
14093,0.030276,172.31.36.0-255,913,239718,18,405302
14094,0.03143,74.125.200.0-255,2902,242620,18,405302
14095,0.031437,172.31.36.0-255,66,242686,18,405302
14096,0.031475,74.125.200.0-255,2902,245588,18,405302
14097,0.031479,172.31.36.0-255,66,245654,18,405302
14098,0.031725,104.244.42.0-255,66,245720,18,405302
14099,0.031769,104.244.42.0-255,66,245786,18,405302
14100,0.031813,104.244.42.0-255,66,245852,18,405302
14101,0.031818,104.244.42.0-255,66,245918,18,405302
14102,0.033406,74.125.200.0-255,2902,248820,18,405302
14103,0.033411,172.31.36.0-255,66,248886,18,405302
14104,0.033454,74.125.200.0-255,2902,251788,18,405302
14105,0.033458,172.31.36.0-255,66,251854,18,405302
14106,0.035379,74.125.200.0-255,2902,254756,18,405302
14107,0.035397,172.31.36.0-255,66,254822,18,405302
14108,0.035431,74.125.200.0-255,2902,257724,18,405302
14109,0.035434,172.31.36.0-255,66,257790,18,405302
14110,0.037362,74.125.200.0-255,2902,260692,18,405302
14111,0.037367,172.31.36.0-255,66,260758,18,405302
14112,0.037401,74.125.200.0-255,2902,263660,18,405302
14113,0.037404,172.31.36.0-255,66,263726,18,405302
14114,0.039339,74.125.200.0-255,2902,266628,18,405302
14115,0.039344,172.31.36.0-255,66,266694,18,405302
14116,0.039397,74.125.200.0-255,2902,269596,18,405302
14117,0.0394,172.31.36.0-255,66,269662,18,405302
14118,0.041315,74.125.200.0-255,2902,272564,18,405302
14119,0.041321,172.31.36.0-255,66,272630,18,405302
14120,0.041361,74.125.200.0-255,2902,275532,18,405302
14121,0.041365,172.31.36.0-255,66,275598,18,405302
14122,0.043295,74.125.200.0-255,2902,278500,18,405302
14123,0.043301,172.31.36.0-255,66,278566,18,405302
14124,0.043338,74.125.200.0-255,2902,281468,18,405302
14125,0.043341,172.31.36.0-255,66,281534,18,405302
14126,0.045265,74.125.200.0-255,2902,284436,18,405302
14127,0.045271,172.31.36.0-255,66,284502,18,405302
14128,0.045302,74.125.200.0-255,2902,287404,18,405302
14129,0.045305,172.31.36.0-255,66,287470,18,405302
14130,0.047234,74.125.200.0-255,2902,290372,18,405302
14131,0.047239,172.31.36.0-255,66,290438,18,405302
14132,0.04727,74.125.200.0-255,2902,293340,18,405302
14133,0.047274,172.31.36.0-255,66,293406,18,405302
14134,0.049201,74.125.200.0-255,2902,296308,18,405302
14135,0.049206,172.31.36.0-255,66,296374,18,405302
14136,0.04924,74.125.200.0-255,2902,299276,18,405302
14137,0.049244,172.31.36.0-255,66,299342,18,405302
14138,0.051173,74.125.200.0-255,2902,302244,18,405302
14139,0.05118,172.31.36.0-255,66,302310,18,405302
14140,0.051214,74.125.200.0-255,2902,305212,18,405302
14141,0.051218,172.31.36.0-255,66,305278,18,405302
14142,0.053155,74.125.200.0-255,2902,308180,18,405302
14143,0.053163,172.31.36.0-255,66,308246,18,405302
14144,0.053191,74.125.200.0-255,2902,311148,18,405302
14145,0.053194,172.31.36.0-255,66,311214,18,405302
14146,0.055139,74.125.200.0-255,2902,314116,18,405302
14147,0.055145,172.31.36.0-255,66,314182,18,405302
14148,0.055176,74.125.200.0-255,2902,317084,18,405302
14149,0.055179,172.31.36.0-255,66,317150,18,405302
14150,0.057116,74.125.200.0-255,2902,320052,18,405302
14151,0.05712,172.31.36.0-255,66,320118,18,405302
14152,0.057154,74.125.200.0-255,2902,323020,18,405302
14153,0.057157,172.31.36.0-255,66,323086,18,405302
14154,0.059087,74.125.200.0-255,2902,325988,18,405302
14155,0.059093,172.31.36.0-255,66,326054,18,405302
14156,0.059133,74.125.200.0-255,2902,328956,18,405302
14157,0.059136,172.31.36.0-255,66,329022,18,405302
14158,0.061076,74.125.200.0-255,2902,331924,18,405302
14159,0.061081,172.31.36.0-255,66,331990,18,405302
14160,0.061123,74.125.200.0-255,2902,334892,18,405302
14161,0.061127,172.31.36.0-255,66,334958,18,405302
14162,0.06304,74.125.200.0-255,2902,337860,18,405302
14163,0.063045,172.31.36.0-255,66,337926,18,405302
14164,0.063091,74.125.200.0-255,2902,340828,18,405302
14165,0.063094,172.31.36.0-255,66,340894,18,405302
14166,0.065007,74.125.200.0-255,2902,343796,18,405302
14167,0.065012,172.31.36.0-255,66,343862,18,405302
14168,0.065049,74.125.200.0-255,2902,346764,18,405302
14169,0.065053,172.31.36.0-255,66,346830,18,405302
14170,0.066973,74.125.200.0-255,2902,349732,18,405302
14171,0.066979,172.31.36.0-255,66,349798,18,405302
14172,0.067016,74.125.200.0-255,2902,352700,18,405302
14173,0.06702,172.31.36.0-255,66,352766,18,405302
14174,0.068943,74.125.200.0-255,2902,355668,18,405302
14175,0.06895,172.31.36.0-255,66,355734,18,405302
14176,0.068978,74.125.200.0-255,2902,358636,18,405302
14177,0.068981,172.31.36.0-255,66,358702,18,405302
14178,0.070927,74.125.200.0-255,5738,364440,18,405302
14179,0.070932,172.31.36.0-255,66,364506,18,405302
14180,0.072895,74.125.200.0-255,5738,370244,18,405302
14181,0.072901,172.31.36.0-255,66,370310,18,405302
14182,0.074866,74.125.200.0-255,2902,373212,18,405302
14183,0.074871,172.31.36.0-255,66,373278,18,405302
14184,0.074907,74.125.200.0-255,2902,376180,18,405302
14185,0.07491,172.31.36.0-255,66,376246,18,405302
14186,0.076841,74.125.200.0-255,2902,379148,18,405302
14187,0.076846,172.31.36.0-255,66,379214,18,405302
14188,0.076877,74.125.200.0-255,2902,382116,18,405302
14189,0.07688,172.31.36.0-255,66,382182,18,405302
14190,0.078809,74.125.200.0-255,2902,385084,18,405302
14191,0.078814,172.31.36.0-255,66,385150,18,405302
14192,0.07885,74.125.200.0-255,2902,388052,18,405302
14193,0.078853,172.31.36.0-255,66,388118,18,405302
14194,0.080778,74.125.200.0-255,2902,391020,18,405302
14195,0.080784,172.31.36.0-255,66,391086,18,405302
14196,0.080816,74.125.200.0-255,2902,393988,18,405302
14197,0.080819,172.31.36.0-255,66,394054,18,405302
14198,0.082749,74.125.200.0-255,2902,396956,18,405302
14199,0.082754,172.31.36.0-255,66,397022,18,405302
14200,0.082793,74.125.200.0-255,2902,399924,18,405302
14201,0.082797,172.31.36.0-255,66,399990,18,405302
14202,0.084712,74.125.200.0-255,2902,402892,18,405302
14203,0.084717,172.31.36.0-255,66,402958,18,405302
14204,0.084756,74.125.200.0-255,2107,405065,18,405302
14205,0.084759,172.31.36.0-255,66,405131,18,405302
14206,0.084918,172.31.36.0-255,105,405236,18,405302
14207,0.08684,74.125.200.0-255,66,405302,18,405302
14208,0.0,172.217.194.0-255,153,153,18,170667
14209,1.7e-05,172.217.194.0-255,1484,1637,18,170667
14210,2.7e-05,172.31.36.0-255,66,1703,18,170667
14211,3.5e-05,172.217.194.0-255,2902,4605,18,170667
14212,3.8e-05,172.31.36.0-255,66,4671,18,170667
14213,4.4e-05,172.217.194.0-255,5738,10409,18,170667
14214,5.8e-05,172.31.36.0-255,66,10475,18,170667
14215,7.6e-05,172.217.194.0-255,1484,11959,18,170667
14216,8.4e-05,172.217.194.0-255,1484,13443,18,170667
14217,8.7e-05,172.31.36.0-255,66,13509,18,170667
14218,0.000101,172.31.36.0-255,66,13575,18,170667
14219,0.000128,172.217.194.0-255,2041,15616,18,170667
14220,0.000129,172.31.36.0-255,66,15682,18,170667
14221,0.000137,172.217.194.0-255,2543,18225,18,170667
14222,0.000139,172.31.36.0-255,66,18291,18,170667
14223,0.000156,172.217.194.0-255,1484,19775,18,170667
14224,0.00016,172.217.194.0-255,2902,22677,18,170667
14225,0.000162,172.31.36.0-255,66,22743,18,170667
14226,0.00017,172.217.194.0-255,5738,28481,18,170667
14227,0.000172,172.31.36.0-255,66,28547,18,170667
14228,0.00022,172.31.36.0-255,66,28613,18,170667
14229,0.000245,172.217.194.0-255,2543,31156,18,170667
14230,0.000246,172.31.36.0-255,66,31222,18,170667
14231,0.000254,172.31.36.0-255,66,31288,18,170667
14232,0.000322,172.217.194.0-255,362,31650,18,170667
14233,0.000326,172.217.194.0-255,382,32032,18,170667
14234,0.000491,172.217.194.0-255,1484,33516,18,170667
14235,0.000497,172.31.36.0-255,66,33582,18,170667
14236,0.000503,172.217.194.0-255,2902,36484,18,170667
14237,0.000506,172.31.36.0-255,66,36550,18,170667
14238,0.000518,172.217.194.0-255,5738,42288,18,170667
14239,0.00052,172.31.36.0-255,66,42354,18,170667
14240,0.000523,172.217.194.0-255,1484,43838,18,170667
14241,0.000565,172.31.36.0-255,66,43904,18,170667
14242,0.000574,172.31.36.0-255,66,43970,18,170667
14243,0.000963,172.217.194.0-255,1484,45454,18,170667
14244,0.000971,172.217.194.0-255,2902,48356,18,170667
14245,0.000976,172.31.36.0-255,66,48422,18,170667
14246,0.000983,172.217.194.0-255,5738,54160,18,170667
14247,0.000985,172.31.36.0-255,66,54226,18,170667
14248,0.001014,172.217.194.0-255,7156,61382,18,170667
14249,0.001017,172.31.36.0-255,66,61448,18,170667
14250,0.001052,172.217.194.0-255,5738,67186,18,170667
14251,0.001056,172.31.36.0-255,66,67252,18,170667
14252,0.001073,172.31.36.0-255,66,67318,18,170667
14253,0.001076,172.217.194.0-255,766,68084,18,170667
14254,0.001105,172.217.194.0-255,1484,69568,18,170667
14255,0.001109,172.31.36.0-255,66,69634,18,170667
14256,0.001115,172.217.194.0-255,2902,72536,18,170667
14257,0.001116,172.31.36.0-255,66,72602,18,170667
14258,0.00112,172.217.194.0-255,1484,74086,18,170667
14259,0.001154,172.217.194.0-255,4320,78406,18,170667
14260,0.001159,172.31.36.0-255,66,78472,18,170667
14261,0.001172,172.31.36.0-255,66,78538,18,170667
14262,0.001182,172.217.194.0-255,5738,84276,18,170667
14263,0.001184,172.31.36.0-255,66,84342,18,170667
14264,0.001214,172.217.194.0-255,5020,89362,18,170667
14265,0.001218,172.31.36.0-255,66,89428,18,170667
14266,0.001248,172.31.36.0-255,66,89494,18,170667
14267,0.001255,172.217.194.0-255,5738,95232,18,170667
14268,0.001258,172.31.36.0-255,66,95298,18,170667
14269,0.001291,172.217.194.0-255,2184,97482,18,170667
14270,0.001296,172.31.36.0-255,66,97548,18,170667
14271,0.001307,172.31.36.0-255,66,97614,18,170667
14272,0.001323,172.31.36.0-255,66,97680,18,170667
14273,0.001369,172.31.36.0-255,66,97746,18,170667
14274,0.001372,172.217.194.0-255,1484,99230,18,170667
14275,0.00143,172.217.194.0-255,2902,102132,18,170667
14276,0.001432,172.31.36.0-255,66,102198,18,170667
14277,0.001437,172.217.194.0-255,5738,107936,18,170667
14278,0.001439,172.31.36.0-255,66,108002,18,170667
14279,0.001463,172.31.36.0-255,66,108068,18,170667
14280,0.001505,172.31.36.0-255,66,108134,18,170667
14281,0.001552,172.31.36.0-255,66,108200,18,170667
14282,0.001565,172.217.194.0-255,1484,109684,18,170667
14283,0.001584,172.31.36.0-255,66,109750,18,170667
14284,0.00159,172.217.194.0-255,6438,116188,18,170667
14285,0.001592,172.31.36.0-255,66,116254,18,170667
14286,0.001698,172.217.194.0-255,1484,117738,18,170667
14287,0.001704,172.217.194.0-255,2902,120640,18,170667
14288,0.001706,172.31.36.0-255,66,120706,18,170667
14289,0.001738,172.217.194.0-255,5738,126444,18,170667
14290,0.001742,172.31.36.0-255,66,126510,18,170667
14291,0.001746,172.217.194.0-255,2902,129412,18,170667
14292,0.001748,172.31.36.0-255,66,129478,18,170667
14293,0.001788,172.217.194.0-255,7156,136634,18,170667
14294,0.001791,172.31.36.0-255,66,136700,18,170667
14295,0.001807,172.31.36.0-255,66,136766,18,170667
14296,0.00181,172.217.194.0-255,2184,138950,18,170667
14297,0.001813,172.31.36.0-255,66,139016,18,170667
14298,0.001852,172.217.194.0-255,1484,140500,18,170667
14299,0.001856,172.217.194.0-255,1484,141984,18,170667
14300,0.001859,172.31.36.0-255,66,142050,18,170667
14301,0.001883,172.217.194.0-255,1484,143534,18,170667
14302,0.001889,172.217.194.0-255,5738,149272,18,170667
14303,0.001892,172.31.36.0-255,66,149338,18,170667
14304,0.001896,172.217.194.0-255,2902,152240,18,170667
14305,0.001898,172.31.36.0-255,66,152306,18,170667
14306,0.001938,172.31.36.0-255,66,152372,18,170667
14307,0.001941,172.217.194.0-255,1484,153856,18,170667
14308,0.001983,172.31.36.0-255,66,153922,18,170667
14309,0.001993,172.31.36.0-255,66,153988,18,170667
14310,0.002036,172.217.194.0-255,5738,159726,18,170667
14311,0.002039,172.31.36.0-255,66,159792,18,170667
14312,0.002056,172.31.36.0-255,66,159858,18,170667
14313,0.002059,172.217.194.0-255,1422,161280,18,170667
14314,0.002081,172.217.194.0-255,105,161385,18,170667
14315,0.004557,172.31.36.0-255,66,161451,18,170667
14316,0.004592,172.31.36.0-255,105,161556,18,170667
14317,0.007195,172.217.194.0-255,66,161622,18,170667
14318,0.029684,172.31.36.0-255,176,161798,18,170667
14319,0.029742,172.31.36.0-255,1115,162913,18,170667
14320,0.029819,172.31.36.0-255,1514,164427,18,170667
14321,0.029821,172.31.36.0-255,1514,165941,18,170667
14322,0.029822,172.31.36.0-255,1514,167455,18,170667
14323,0.029827,172.31.36.0-255,1514,168969,18,170667
14324,0.029828,172.31.36.0-255,1500,170469,18,170667
14325,0.031245,104.244.42.0-255,66,170535,18,170667
14326,0.031291,104.244.42.0-255,66,170601,18,170667
14327,0.031395,104.244.42.0-255,66,170667,18,170667
14328,0.0,74.125.24.0-255,222,222,18,192269
14329,2.3e-05,172.31.36.0-255,66,288,18,192269
14330,3e-05,74.125.24.0-255,1484,1772,18,192269
14331,3.4e-05,172.31.36.0-255,66,1838,18,192269
14332,4.2e-05,74.125.24.0-255,4320,6158,18,192269
14333,5.2e-05,172.31.36.0-255,66,6224,18,192269
14334,6.1e-05,74.125.24.0-255,7156,13380,18,192269
14335,6.3e-05,172.31.36.0-255,66,13446,18,192269
14336,6.7e-05,74.125.24.0-255,1484,14930,18,192269
14337,7e-05,172.31.36.0-255,66,14996,18,192269
14338,0.000124,172.31.36.0-255,66,15062,18,192269
14339,0.000127,74.125.24.0-255,1125,16187,18,192269
14340,0.00013,172.31.36.0-255,66,16253,18,192269
14341,0.000157,74.125.24.0-255,1484,17737,18,192269
14342,0.00016,172.31.36.0-255,66,17803,18,192269
14343,0.000165,74.125.24.0-255,2902,20705,18,192269
14344,0.000167,172.31.36.0-255,66,20771,18,192269
14345,0.000196,74.125.24.0-255,5738,26509,18,192269
14346,0.000199,172.31.36.0-255,66,26575,18,192269
14347,0.000228,172.31.36.0-255,66,26641,18,192269
14348,0.000254,74.125.24.0-255,1125,27766,18,192269
14349,0.000256,172.31.36.0-255,66,27832,18,192269
14350,0.000263,74.125.24.0-255,4320,32152,18,192269
14351,0.000266,172.31.36.0-255,66,32218,18,192269
14352,0.000271,74.125.24.0-255,2902,35120,18,192269
14353,0.000273,172.31.36.0-255,66,35186,18,192269
14354,0.000301,74.125.24.0-255,2902,38088,18,192269
14355,0.000303,172.31.36.0-255,66,38154,18,192269
14356,0.000308,74.125.24.0-255,2818,40972,18,192269
14357,0.00031,172.31.36.0-255,66,41038,18,192269
14358,0.000486,74.125.24.0-255,381,41419,18,192269
14359,0.000517,74.125.24.0-255,1484,42903,18,192269
14360,0.000521,172.31.36.0-255,66,42969,18,192269
14361,0.000528,74.125.24.0-255,4320,47289,18,192269
14362,0.000531,172.31.36.0-255,66,47355,18,192269
14363,0.000558,74.125.24.0-255,7156,54511,18,192269
14364,0.000561,172.31.36.0-255,66,54577,18,192269
14365,0.000577,172.31.36.0-255,66,54643,18,192269
14366,0.000611,172.31.36.0-255,66,54709,18,192269
14367,0.000631,74.125.24.0-255,3602,58311,18,192269
14368,0.000634,172.31.36.0-255,66,58377,18,192269
14369,0.000725,74.125.24.0-255,1484,59861,18,192269
14370,0.000731,74.125.24.0-255,2902,62763,18,192269
14371,0.000735,172.31.36.0-255,66,62829,18,192269
14372,0.000741,74.125.24.0-255,5738,68567,18,192269
14373,0.000744,172.31.36.0-255,66,68633,18,192269
14374,0.000755,74.125.24.0-255,5738,74371,18,192269
14375,0.000757,172.31.36.0-255,66,74437,18,192269
14376,0.000824,172.31.36.0-255,66,74503,18,192269
14377,0.000831,74.125.24.0-255,5020,79523,18,192269
14378,0.000834,172.31.36.0-255,66,79589,18,192269
14379,0.00084,74.125.24.0-255,5738,85327,18,192269
14380,0.000843,172.31.36.0-255,66,85393,18,192269
14381,0.000849,74.125.24.0-255,4320,89713,18,192269
14382,0.000851,172.31.36.0-255,66,89779,18,192269
14383,0.000891,172.31.36.0-255,66,89845,18,192269
14384,0.000895,74.125.24.0-255,1484,91329,18,192269
14385,0.000933,172.31.36.0-255,66,91395,18,192269
14386,0.000979,172.31.36.0-255,66,91461,18,192269
14387,0.000982,74.125.24.0-255,1484,92945,18,192269
14388,0.001003,172.31.36.0-255,66,93011,18,192269
14389,0.001026,74.125.24.0-255,2902,95913,18,192269
14390,0.001028,172.31.36.0-255,66,95979,18,192269
14391,0.001032,74.125.24.0-255,766,96745,18,192269
14392,0.001057,74.125.24.0-255,5738,102483,18,192269
14393,0.00106,172.31.36.0-255,66,102549,18,192269
14394,0.001108,172.31.36.0-255,66,102615,18,192269
14395,0.001139,172.31.36.0-255,66,102681,18,192269
14396,0.001153,74.125.24.0-255,5738,108419,18,192269
14397,0.001167,172.31.36.0-255,66,108485,18,192269
14398,0.001175,74.125.24.0-255,5738,114223,18,192269
14399,0.001177,172.31.36.0-255,66,114289,18,192269
14400,0.001259,74.125.24.0-255,1484,115773,18,192269
14401,0.001263,74.125.24.0-255,1484,117257,18,192269
14402,0.001269,172.31.36.0-255,66,117323,18,192269
14403,0.001278,74.125.24.0-255,1484,118807,18,192269
14404,0.001284,74.125.24.0-255,5738,124545,18,192269
14405,0.001301,74.125.24.0-255,2902,127447,18,192269
14406,0.001323,74.125.24.0-255,1484,128931,18,192269
14407,0.001325,172.31.36.0-255,66,128997,18,192269
14408,0.001393,74.125.24.0-255,4320,133317,18,192269
14409,0.001407,172.31.36.0-255,66,133383,18,192269
14410,0.001436,74.125.24.0-255,5020,138403,18,192269
14411,0.001439,74.125.24.0-255,1484,139887,18,192269
14412,0.001443,74.125.24.0-255,2902,142789,18,192269
14413,0.001454,74.125.24.0-255,5738,148527,18,192269
14414,0.00147,74.125.24.0-255,7156,155683,18,192269
14415,0.001489,172.31.36.0-255,66,155749,18,192269
14416,0.001535,74.125.24.0-255,6438,162187,18,192269
14417,0.001567,74.125.24.0-255,7156,169343,18,192269
14418,0.001588,74.125.24.0-255,5738,175081,18,192269
14419,0.001594,172.31.36.0-255,66,175147,18,192269
14420,0.001603,74.125.24.0-255,2184,177331,18,192269
14421,0.001609,172.31.36.0-255,66,177397,18,192269
14422,0.001671,74.125.24.0-255,1484,178881,18,192269
14423,0.001679,172.31.36.0-255,66,178947,18,192269
14424,0.001688,74.125.24.0-255,2881,181828,18,192269
14425,0.001699,172.31.36.0-255,66,181894,18,192269
14426,0.001726,74.125.24.0-255,105,181999,18,192269
14427,0.0116,172.31.36.0-255,66,182065,18,192269
14428,0.011658,172.31.36.0-255,105,182170,18,192269
14429,0.014125,74.125.24.0-255,66,182236,18,192269
14430,0.032159,172.31.36.0-255,172,182408,18,192269
14431,0.032192,172.31.36.0-255,1112,183520,18,192269
14432,0.032279,172.31.36.0-255,1514,185034,18,192269
14433,0.032281,172.31.36.0-255,1514,186548,18,192269
14434,0.032286,172.31.36.0-255,1514,188062,18,192269
14435,0.032287,172.31.36.0-255,1514,189576,18,192269
14436,0.032308,172.31.36.0-255,1514,191090,18,192269
14437,0.032314,172.31.36.0-255,915,192005,18,192269
14438,0.033728,104.244.42.0-255,66,192071,18,192269
14439,0.033737,104.244.42.0-255,66,192137,18,192269
14440,0.033859,104.244.42.0-255,66,192203,18,192269
14441,0.03395,104.244.42.0-255,66,192269,18,192269
14442,0.0,172.31.36.0-255,66,66,18,66
14443,0.0,172.217.194.0-255,152,152,18,294832
14444,2.2e-05,172.31.36.0-255,66,218,18,294832
14445,3e-05,172.217.194.0-255,1484,1702,18,294832
14446,3.5e-05,172.31.36.0-255,66,1768,18,294832
14447,4.1e-05,172.217.194.0-255,2902,4670,18,294832
14448,4.3e-05,172.31.36.0-255,66,4736,18,294832
14449,5.1e-05,172.217.194.0-255,7156,11892,18,294832
14450,5.4e-05,172.31.36.0-255,66,11958,18,294832
14451,5.8e-05,172.217.194.0-255,2049,14007,18,294832
14452,6.2e-05,172.31.36.0-255,66,14073,18,294832
14453,6.7e-05,172.217.194.0-255,2902,16975,18,294832
14454,7e-05,172.31.36.0-255,66,17041,18,294832
14455,0.000102,172.217.194.0-255,7156,24197,18,294832
14456,0.000105,172.31.36.0-255,66,24263,18,294832
14457,0.000112,172.217.194.0-255,7156,31419,18,294832
14458,0.000115,172.31.36.0-255,66,31485,18,294832
14459,0.000131,172.217.194.0-255,2902,34387,18,294832
14460,0.000133,172.31.36.0-255,66,34453,18,294832
14461,0.00017,172.31.36.0-255,66,34519,18,294832
14462,0.000173,172.217.194.0-255,766,35285,18,294832
14463,0.000174,172.31.36.0-255,66,35351,18,294832
14464,0.000177,172.217.194.0-255,1484,36835,18,294832
14465,0.000179,172.31.36.0-255,66,36901,18,294832
14466,0.000202,172.217.194.0-255,4320,41221,18,294832
14467,0.000204,172.31.36.0-255,66,41287,18,294832
14468,0.000209,172.217.194.0-255,2902,44189,18,294832
14469,0.000211,172.31.36.0-255,66,44255,18,294832
14470,0.000222,172.217.194.0-255,1484,45739,18,294832
14471,0.000224,172.31.36.0-255,66,45805,18,294832
14472,0.000271,172.217.194.0-255,7108,52913,18,294832
14473,0.000275,172.31.36.0-255,66,52979,18,294832
14474,0.000311,172.217.194.0-255,365,53344,18,294832
14475,0.000499,172.217.194.0-255,1484,54828,18,294832
14476,0.000506,172.217.194.0-255,2902,57730,18,294832
14477,0.000528,172.217.194.0-255,5738,63468,18,294832
14478,0.000531,172.217.194.0-255,1484,64952,18,294832
14479,0.000545,172.31.36.0-255,66,65018,18,294832
14480,0.000561,172.31.36.0-255,66,65084,18,294832
14481,0.000582,172.217.194.0-255,5738,70822,18,294832
14482,0.00062,172.31.36.0-255,66,70888,18,294832
14483,0.001281,172.217.194.0-255,1484,72372,18,294832
14484,0.001287,172.217.194.0-255,2902,75274,18,294832
14485,0.001291,172.31.36.0-255,66,75340,18,294832
14486,0.001325,172.217.194.0-255,4320,79660,18,294832
14487,0.001348,172.31.36.0-255,66,79726,18,294832
14488,0.001381,172.217.194.0-255,2184,81910,18,294832
14489,0.001387,172.31.36.0-255,66,81976,18,294832
14490,0.001634,172.217.194.0-255,1484,83460,18,294832
14491,0.00164,172.217.194.0-255,2902,86362,18,294832
14492,0.001644,172.31.36.0-255,66,86428,18,294832
14493,0.001669,172.217.194.0-255,5738,92166,18,294832
14494,0.00168,172.31.36.0-255,66,92232,18,294832
14495,0.00172,172.31.36.0-255,66,92298,18,294832
14496,0.001769,172.31.36.0-255,66,92364,18,294832
14497,0.001919,172.217.194.0-255,1484,93848,18,294832
14498,0.001941,172.217.194.0-255,2902,96750,18,294832
14499,0.001945,172.31.36.0-255,66,96816,18,294832
14500,0.001965,172.217.194.0-255,5738,102554,18,294832
14501,0.001977,172.31.36.0-255,66,102620,18,294832
14502,0.001984,172.217.194.0-255,5738,108358,18,294832
14503,0.001988,172.31.36.0-255,66,108424,18,294832
14504,0.002001,172.217.194.0-255,4320,112744,18,294832
14505,0.002022,172.31.36.0-255,66,112810,18,294832
14506,0.002029,172.217.194.0-255,7156,119966,18,294832
14507,0.002034,172.31.36.0-255,66,120032,18,294832
14508,0.002046,172.217.194.0-255,6438,126470,18,294832
14509,0.002056,172.217.194.0-255,1484,127954,18,294832
14510,0.002078,172.217.194.0-255,2902,130856,18,294832
14511,0.002084,172.217.194.0-255,5738,136594,18,294832
14512,0.002097,172.217.194.0-255,1484,138078,18,294832
14513,0.002102,172.31.36.0-255,66,138144,18,294832
14514,0.002139,172.217.194.0-255,2902,141046,18,294832
14515,0.002141,172.217.194.0-255,1484,142530,18,294832
14516,0.002144,172.31.36.0-255,66,142596,18,294832
14517,0.00215,172.31.36.0-255,66,142662,18,294832
14518,0.002182,172.31.36.0-255,66,142728,18,294832
14519,0.002232,172.217.194.0-255,2902,145630,18,294832
14520,0.002238,172.31.36.0-255,66,145696,18,294832
14521,0.002276,172.217.194.0-255,3602,149298,18,294832
14522,0.002298,172.217.194.0-255,1484,150782,18,294832
14523,0.002302,172.217.194.0-255,2902,153684,18,294832
14524,0.002317,172.217.194.0-255,1484,155168,18,294832
14525,0.002334,172.217.194.0-255,2902,158070,18,294832
14526,0.011987,172.31.36.0-255,66,158136,18,294832
14527,0.012171,172.217.194.0-255,1484,159620,18,294832
14528,0.014321,172.217.194.0-255,4320,163940,18,294832
14529,0.014328,172.31.36.0-255,66,164006,18,294832
14530,0.016661,172.217.194.0-255,5738,169744,18,294832
14531,0.023496,172.31.36.0-255,66,169810,18,294832
14532,0.025861,172.217.194.0-255,5738,175548,18,294832
14533,0.025874,172.31.36.0-255,66,175614,18,294832
14534,0.028195,172.217.194.0-255,5738,181352,18,294832
14535,0.028203,172.31.36.0-255,66,181418,18,294832
14536,0.030532,172.217.194.0-255,5738,187156,18,294832
14537,0.030539,172.31.36.0-255,66,187222,18,294832
14538,0.032844,172.217.194.0-255,5738,192960,18,294832
14539,0.032854,172.31.36.0-255,66,193026,18,294832
14540,0.035147,172.217.194.0-255,5738,198764,18,294832
14541,0.035155,172.31.36.0-255,66,198830,18,294832
14542,0.037473,172.217.194.0-255,5738,204568,18,294832
14543,0.037481,172.31.36.0-255,66,204634,18,294832
14544,0.038574,172.31.36.0-255,172,204806,18,294832
14545,0.038606,172.31.36.0-255,1116,205922,18,294832
14546,0.038669,172.31.36.0-255,1514,207436,18,294832
14547,0.038671,172.31.36.0-255,1514,208950,18,294832
14548,0.038672,172.31.36.0-255,1514,210464,18,294832
14549,0.038674,172.31.36.0-255,1514,211978,18,294832
14550,0.038702,172.31.36.0-255,1499,213477,18,294832
14551,0.03982,172.217.194.0-255,5738,219215,18,294832
14552,0.039827,172.31.36.0-255,66,219281,18,294832
14553,0.040114,104.244.42.0-255,66,219347,18,294832
14554,0.040121,104.244.42.0-255,66,219413,18,294832
14555,0.040249,104.244.42.0-255,66,219479,18,294832
14556,0.041702,104.244.42.0-255,108,219587,18,294832
14557,0.041712,172.31.36.0-255,66,219653,18,294832
14558,0.042134,172.217.194.0-255,5738,225391,18,294832
14559,0.042139,172.31.36.0-255,66,225457,18,294832
14560,0.044451,172.217.194.0-255,5738,231195,18,294832
14561,0.044458,172.31.36.0-255,66,231261,18,294832
14562,0.046762,172.217.194.0-255,5738,236999,18,294832
14563,0.046769,172.31.36.0-255,66,237065,18,294832
14564,0.049118,172.217.194.0-255,5738,242803,18,294832
14565,0.049125,172.31.36.0-255,66,242869,18,294832
14566,0.051429,172.217.194.0-255,5738,248607,18,294832
14567,0.051436,172.31.36.0-255,66,248673,18,294832
14568,0.053738,172.217.194.0-255,5738,254411,18,294832
14569,0.053745,172.31.36.0-255,66,254477,18,294832
14570,0.05604,172.217.194.0-255,5738,260215,18,294832
14571,0.056049,172.31.36.0-255,66,260281,18,294832
14572,0.058365,172.217.194.0-255,5738,266019,18,294832
14573,0.058371,172.31.36.0-255,66,266085,18,294832
14574,0.060682,172.217.194.0-255,5738,271823,18,294832
14575,0.060688,172.31.36.0-255,66,271889,18,294832
14576,0.063004,172.217.194.0-255,5738,277627,18,294832
14577,0.063009,172.31.36.0-255,66,277693,18,294832
14578,0.065331,172.217.194.0-255,5738,283431,18,294832
14579,0.065337,172.31.36.0-255,66,283497,18,294832
14580,0.067656,172.217.194.0-255,5738,289235,18,294832
14581,0.067663,172.31.36.0-255,66,289301,18,294832
14582,0.069975,172.217.194.0-255,5294,294595,18,294832
14583,0.069982,172.31.36.0-255,66,294661,18,294832
14584,0.070182,172.31.36.0-255,105,294766,18,294832
14585,0.072458,172.217.194.0-255,66,294832,18,294832
14586,0.0,74.125.68.0-255,153,153,18,334263
14587,6.6e-05,172.31.36.0-255,66,219,18,334263
14588,7.3e-05,74.125.68.0-255,1484,1703,18,334263
14589,7.8e-05,172.31.36.0-255,66,1769,18,334263
14590,9.1e-05,74.125.68.0-255,2902,4671,18,334263
14591,9.3e-05,172.31.36.0-255,66,4737,18,334263
14592,9.9e-05,74.125.68.0-255,4320,9057,18,334263
14593,0.000102,172.31.36.0-255,66,9123,18,334263
14594,0.000107,74.125.68.0-255,4848,13971,18,334263
14595,0.00011,172.31.36.0-255,66,14037,18,334263
14596,0.000222,74.125.68.0-255,1484,15521,18,334263
14597,0.000227,172.31.36.0-255,66,15587,18,334263
14598,0.000233,74.125.68.0-255,2902,18489,18,334263
14599,0.000235,172.31.36.0-255,66,18555,18,334263
14600,0.00024,74.125.68.0-255,2902,21457,18,334263
14601,0.000249,172.31.36.0-255,66,21523,18,334263
14602,0.000261,74.125.68.0-255,2902,24425,18,334263
14603,0.000263,172.31.36.0-255,66,24491,18,334263
14604,0.000269,74.125.68.0-255,5738,30229,18,334263
14605,0.000279,172.31.36.0-255,66,30295,18,334263
14606,0.00031,74.125.68.0-255,3961,34256,18,334263
14607,0.000314,172.31.36.0-255,66,34322,18,334263
14608,0.000318,74.125.68.0-255,2902,37224,18,334263
14609,0.00032,172.31.36.0-255,66,37290,18,334263
14610,0.000341,74.125.68.0-255,1484,38774,18,334263
14611,0.00035,172.31.36.0-255,66,38840,18,334263
14612,0.000359,74.125.68.0-255,7156,45996,18,334263
14613,0.000362,172.31.36.0-255,66,46062,18,334263
14614,0.000392,74.125.68.0-255,2543,48605,18,334263
14615,0.000396,172.31.36.0-255,66,48671,18,334263
14616,0.000425,74.125.68.0-255,1484,50155,18,334263
14617,0.000429,172.31.36.0-255,66,50221,18,334263
14618,0.000434,74.125.68.0-255,2902,53123,18,334263
14619,0.000436,172.31.36.0-255,66,53189,18,334263
14620,0.000464,74.125.68.0-255,5738,58927,18,334263
14621,0.000468,172.31.36.0-255,66,58993,18,334263
14622,0.000472,74.125.68.0-255,2902,61895,18,334263
14623,0.000475,172.31.36.0-255,66,61961,18,334263
14624,0.000481,74.125.68.0-255,3961,65922,18,334263
14625,0.000483,172.31.36.0-255,66,65988,18,334263
14626,0.000548,74.125.68.0-255,399,66387,18,334263
14627,0.000813,74.125.68.0-255,109,66496,18,334263
14628,0.000818,74.125.68.0-255,332,66828,18,334263
14629,0.000874,172.31.36.0-255,66,66894,18,334263
14630,0.001346,74.125.68.0-255,1484,68378,18,334263
14631,0.001354,74.125.68.0-255,1484,69862,18,334263
14632,0.001359,172.31.36.0-255,66,69928,18,334263
14633,0.001385,74.125.68.0-255,1484,71412,18,334263
14634,0.001393,74.125.68.0-255,5738,77150,18,334263
14635,0.001395,172.31.36.0-255,66,77216,18,334263
14636,0.001432,172.31.36.0-255,66,77282,18,334263
14637,0.001438,74.125.68.0-255,2902,80184,18,334263
14638,0.00144,172.31.36.0-255,66,80250,18,334263
14639,0.001472,74.125.68.0-255,7156,87406,18,334263
14640,0.001476,172.31.36.0-255,66,87472,18,334263
14641,0.001485,74.125.68.0-255,5020,92492,18,334263
14642,0.001493,172.31.36.0-255,66,92558,18,334263
14643,0.002427,74.125.68.0-255,1484,94042,18,334263
14644,0.002441,74.125.68.0-255,2902,96944,18,334263
14645,0.002443,172.31.36.0-255,66,97010,18,334263
14646,0.00247,74.125.68.0-255,5738,102748,18,334263
14647,0.002472,172.31.36.0-255,66,102814,18,334263
14648,0.002475,74.125.68.0-255,1484,104298,18,334263
14649,0.002491,74.125.68.0-255,4320,108618,18,334263
14650,0.002493,172.31.36.0-255,66,108684,18,334263
14651,0.002524,74.125.68.0-255,4320,113004,18,334263
14652,0.002526,172.31.36.0-255,66,113070,18,334263
14653,0.002563,74.125.68.0-255,1484,114554,18,334263
14654,0.002589,172.31.36.0-255,66,114620,18,334263
14655,0.002593,74.125.68.0-255,3602,118222,18,334263
14656,0.002595,172.31.36.0-255,66,118288,18,334263
14657,0.005171,74.125.68.0-255,1484,119772,18,334263
14658,0.00519,74.125.68.0-255,4320,124092,18,334263
14659,0.005194,172.31.36.0-255,66,124158,18,334263
14660,0.00779,74.125.68.0-255,4320,128478,18,334263
14661,0.007797,172.31.36.0-255,66,128544,18,334263
14662,0.007828,74.125.68.0-255,1484,130028,18,334263
14663,0.010399,74.125.68.0-255,4320,134348,18,334263
14664,0.010408,172.31.36.0-255,66,134414,18,334263
14665,0.013002,74.125.68.0-255,4320,138734,18,334263
14666,0.01301,172.31.36.0-255,66,138800,18,334263
14667,0.01304,74.125.68.0-255,1484,140284,18,334263
14668,0.015607,74.125.68.0-255,4320,144604,18,334263
14669,0.015619,172.31.36.0-255,66,144670,18,334263
14670,0.018224,74.125.68.0-255,5738,150408,18,334263
14671,0.018232,172.31.36.0-255,66,150474,18,334263
14672,0.020826,74.125.68.0-255,5738,156212,18,334263
14673,0.020836,172.31.36.0-255,66,156278,18,334263
14674,0.023434,74.125.68.0-255,5738,162016,18,334263
14675,0.023442,172.31.36.0-255,66,162082,18,334263
14676,0.026044,74.125.68.0-255,5738,167820,18,334263
14677,0.026052,172.31.36.0-255,66,167886,18,334263
14678,0.028653,74.125.68.0-255,5738,173624,18,334263
14679,0.028661,172.31.36.0-255,66,173690,18,334263
14680,0.031268,74.125.68.0-255,5738,179428,18,334263
14681,0.031276,172.31.36.0-255,66,179494,18,334263
14682,0.032134,172.31.36.0-255,172,179666,18,334263
14683,0.032163,172.31.36.0-255,1112,180778,18,334263
14684,0.032216,172.31.36.0-255,1514,182292,18,334263
14685,0.032219,172.31.36.0-255,1514,183806,18,334263
14686,0.032225,172.31.36.0-255,1514,185320,18,334263
14687,0.032226,172.31.36.0-255,1514,186834,18,334263
14688,0.032251,172.31.36.0-255,1503,188337,18,334263
14689,0.033673,104.244.42.0-255,66,188403,18,334263
14690,0.033709,104.244.42.0-255,66,188469,18,334263
14691,0.033801,104.244.42.0-255,66,188535,18,334263
14692,0.033817,104.244.42.0-255,66,188601,18,334263
14693,0.033874,74.125.68.0-255,5738,194339,18,334263
14694,0.033881,172.31.36.0-255,66,194405,18,334263
14695,0.036486,74.125.68.0-255,5738,200143,18,334263
14696,0.036492,172.31.36.0-255,66,200209,18,334263
14697,0.039093,74.125.68.0-255,4320,204529,18,334263
14698,0.039098,172.31.36.0-255,66,204595,18,334263
14699,0.039133,74.125.68.0-255,1484,206079,18,334263
14700,0.041679,74.125.68.0-255,4320,210399,18,334263
14701,0.041685,172.31.36.0-255,66,210465,18,334263
14702,0.044292,74.125.68.0-255,5738,216203,18,334263
14703,0.044298,172.31.36.0-255,66,216269,18,334263
14704,0.046882,74.125.68.0-255,5738,222007,18,334263
14705,0.046888,172.31.36.0-255,66,222073,18,334263
14706,0.049476,74.125.68.0-255,5738,227811,18,334263
14707,0.049481,172.31.36.0-255,66,227877,18,334263
14708,0.052076,74.125.68.0-255,4320,232197,18,334263
14709,0.052081,172.31.36.0-255,66,232263,18,334263
14710,0.05212,74.125.68.0-255,1484,233747,18,334263
14711,0.054682,74.125.68.0-255,4320,238067,18,334263
14712,0.054688,172.31.36.0-255,66,238133,18,334263
14713,0.05729,74.125.68.0-255,4320,242453,18,334263
14714,0.057296,172.31.36.0-255,66,242519,18,334263
14715,0.057329,74.125.68.0-255,1484,244003,18,334263
14716,0.059889,74.125.68.0-255,4320,248323,18,334263
14717,0.059894,172.31.36.0-255,66,248389,18,334263
14718,0.062489,74.125.68.0-255,5738,254127,18,334263
14719,0.062493,172.31.36.0-255,66,254193,18,334263
14720,0.06507,74.125.68.0-255,2902,257095,18,334263
14721,0.065076,172.31.36.0-255,66,257161,18,334263
14722,0.065109,74.125.68.0-255,2902,260063,18,334263
14723,0.065113,172.31.36.0-255,66,260129,18,334263
14724,0.067661,74.125.68.0-255,2902,263031,18,334263
14725,0.067666,172.31.36.0-255,66,263097,18,334263
14726,0.067698,74.125.68.0-255,2902,265999,18,334263
14727,0.067701,172.31.36.0-255,66,266065,18,334263
14728,0.070267,74.125.68.0-255,2902,268967,18,334263
14729,0.070272,172.31.36.0-255,66,269033,18,334263
14730,0.07031,74.125.68.0-255,2902,271935,18,334263
14731,0.070314,172.31.36.0-255,66,272001,18,334263
14732,0.072858,74.125.68.0-255,2902,274903,18,334263
14733,0.072864,172.31.36.0-255,66,274969,18,334263
14734,0.072897,74.125.68.0-255,2902,277871,18,334263
14735,0.0729,172.31.36.0-255,66,277937,18,334263
14736,0.075462,74.125.68.0-255,2902,280839,18,334263
14737,0.075469,172.31.36.0-255,66,280905,18,334263
14738,0.075496,74.125.68.0-255,2902,283807,18,334263
14739,0.075499,172.31.36.0-255,66,283873,18,334263
14740,0.078052,74.125.68.0-255,2902,286775,18,334263
14741,0.078057,172.31.36.0-255,66,286841,18,334263
14742,0.078093,74.125.68.0-255,2902,289743,18,334263
14743,0.078097,172.31.36.0-255,66,289809,18,334263
14744,0.080646,74.125.68.0-255,2902,292711,18,334263
14745,0.080651,172.31.36.0-255,66,292777,18,334263
14746,0.080689,74.125.68.0-255,2902,295679,18,334263
14747,0.080692,172.31.36.0-255,66,295745,18,334263
14748,0.083276,74.125.68.0-255,2902,298647,18,334263
14749,0.083282,172.31.36.0-255,66,298713,18,334263
14750,0.083321,74.125.68.0-255,2902,301615,18,334263
14751,0.083324,172.31.36.0-255,66,301681,18,334263
14752,0.085867,74.125.68.0-255,2902,304583,18,334263
14753,0.085872,172.31.36.0-255,66,304649,18,334263
14754,0.085903,74.125.68.0-255,2902,307551,18,334263
14755,0.085906,172.31.36.0-255,66,307617,18,334263
14756,0.088458,74.125.68.0-255,2902,310519,18,334263
14757,0.088463,172.31.36.0-255,66,310585,18,334263
14758,0.088507,74.125.68.0-255,2902,313487,18,334263
14759,0.08851,172.31.36.0-255,66,313553,18,334263
14760,0.091056,74.125.68.0-255,2902,316455,18,334263
14761,0.091062,172.31.36.0-255,66,316521,18,334263
14762,0.091094,74.125.68.0-255,2902,319423,18,334263
14763,0.091097,172.31.36.0-255,66,319489,18,334263
14764,0.093644,74.125.68.0-255,1484,320973,18,334263
14765,0.093673,74.125.68.0-255,2902,323875,18,334263
14766,0.093677,172.31.36.0-255,66,323941,18,334263
14767,0.0937,74.125.68.0-255,1484,325425,18,334263
14768,0.096271,74.125.68.0-255,2902,328327,18,334263
14769,0.096276,172.31.36.0-255,66,328393,18,334263
14770,0.096308,74.125.68.0-255,1484,329877,18,334263
14771,0.098859,74.125.68.0-255,4320,334197,18,334263
14772,0.098864,172.31.36.0-255,66,334263,18,334263
14773,0.0,172.217.194.0-255,153,153,18,124229
14774,1.7e-05,172.217.194.0-255,1484,1637,18,124229
14775,2.5e-05,172.31.36.0-255,66,1703,18,124229
14776,3.4e-05,172.217.194.0-255,2902,4605,18,124229
14777,3.8e-05,172.31.36.0-255,66,4671,18,124229
14778,5.4e-05,172.217.194.0-255,7156,11827,18,124229
14779,5.8e-05,172.31.36.0-255,66,11893,18,124229
14780,6.9e-05,172.31.36.0-255,66,11959,18,124229
14781,0.00013,172.31.36.0-255,66,12025,18,124229
14782,0.000162,172.31.36.0-255,66,12091,18,124229
14783,0.000169,172.217.194.0-255,7156,19247,18,124229
14784,0.000172,172.31.36.0-255,66,19313,18,124229
14785,0.0002,172.217.194.0-255,5379,24692,18,124229
14786,0.000203,172.31.36.0-255,66,24758,18,124229
14787,0.000219,172.31.36.0-255,66,24824,18,124229
14788,0.000222,172.217.194.0-255,98,24922,18,124229
14789,0.000304,172.217.194.0-255,1484,26406,18,124229
14790,0.000308,172.31.36.0-255,66,26472,18,124229
14791,0.000315,172.217.194.0-255,2902,29374,18,124229
14792,0.000317,172.31.36.0-255,66,29440,18,124229
14793,0.000329,172.217.194.0-255,5738,35178,18,124229
14794,0.000331,172.31.36.0-255,66,35244,18,124229
14795,0.000378,172.31.36.0-255,66,35310,18,124229
14796,0.000396,172.31.36.0-255,66,35376,18,124229
14797,0.000399,172.217.194.0-255,363,35739,18,124229
14798,0.00052,172.217.194.0-255,1484,37223,18,124229
14799,0.000525,172.31.36.0-255,66,37289,18,124229
14800,0.000531,172.217.194.0-255,2902,40191,18,124229
14801,0.000533,172.31.36.0-255,66,40257,18,124229
14802,0.000544,172.217.194.0-255,5738,45995,18,124229
14803,0.000547,172.31.36.0-255,66,46061,18,124229
14804,0.000588,172.31.36.0-255,66,46127,18,124229
14805,0.000622,172.31.36.0-255,66,46193,18,124229
14806,0.000634,172.31.36.0-255,66,46259,18,124229
14807,0.000676,172.31.36.0-255,66,46325,18,124229
14808,0.000713,172.31.36.0-255,66,46391,18,124229
14809,0.001011,172.217.194.0-255,1484,47875,18,124229
14810,0.001017,172.217.194.0-255,1484,49359,18,124229
14811,0.00102,172.31.36.0-255,66,49425,18,124229
14812,0.001052,172.217.194.0-255,1484,50909,18,124229
14813,0.00106,172.217.194.0-255,5738,56647,18,124229
14814,0.001062,172.31.36.0-255,66,56713,18,124229
14815,0.00107,172.217.194.0-255,7156,63869,18,124229
14816,0.001073,172.31.36.0-255,66,63935,18,124229
14817,0.001097,172.217.194.0-255,5738,69673,18,124229
14818,0.001099,172.31.36.0-255,66,69739,18,124229
14819,0.001174,172.31.36.0-255,66,69805,18,124229
14820,0.001198,172.217.194.0-255,1484,71289,18,124229
14821,0.001202,172.217.194.0-255,2902,74191,18,124229
14822,0.001206,172.31.36.0-255,66,74257,18,124229
14823,0.00121,172.217.194.0-255,1484,75741,18,124229
14824,0.001241,172.217.194.0-255,4320,80061,18,124229
14825,0.001245,172.31.36.0-255,66,80127,18,124229
14826,0.001263,172.31.36.0-255,66,80193,18,124229
14827,0.001268,172.217.194.0-255,2902,83095,18,124229
14828,0.001271,172.31.36.0-255,66,83161,18,124229
14829,0.001314,172.31.36.0-255,66,83227,18,124229
14830,0.001341,172.217.194.0-255,1484,84711,18,124229
14831,0.001347,172.217.194.0-255,2902,87613,18,124229
14832,0.001349,172.31.36.0-255,66,87679,18,124229
14833,0.001356,172.217.194.0-255,5738,93417,18,124229
14834,0.001359,172.31.36.0-255,66,93483,18,124229
14835,0.001393,172.31.36.0-255,66,93549,18,124229
14836,0.001419,172.217.194.0-255,1484,95033,18,124229
14837,0.001439,172.31.36.0-255,66,95099,18,124229
14838,0.001464,172.217.194.0-255,2184,97283,18,124229
14839,0.001466,172.31.36.0-255,66,97349,18,124229
14840,0.00147,172.217.194.0-255,1484,98833,18,124229
14841,0.001475,172.217.194.0-255,2902,101735,18,124229
14842,0.001477,172.31.36.0-255,66,101801,18,124229
14843,0.001485,172.217.194.0-255,1484,103285,18,124229
14844,0.001514,172.217.194.0-255,4320,107605,18,124229
14845,0.001517,172.31.36.0-255,66,107671,18,124229
14846,0.001531,172.31.36.0-255,66,107737,18,124229
14847,0.001547,172.31.36.0-255,66,107803,18,124229
14848,0.001618,172.31.36.0-255,66,107869,18,124229
14849,0.001657,172.31.36.0-255,66,107935,18,124229
14850,0.001727,172.31.36.0-255,66,108001,18,124229
14851,0.001784,172.217.194.0-255,6777,114778,18,124229
14852,0.001834,172.31.36.0-255,66,114844,18,124229
14853,0.001844,172.217.194.0-255,105,114949,18,124229
14854,0.007797,172.31.36.0-255,105,115054,18,124229
14855,0.010012,172.217.194.0-255,66,115120,18,124229
14856,0.034954,172.31.36.0-255,172,115292,18,124229
14857,0.034987,172.31.36.0-255,1115,116407,18,124229
14858,0.035067,172.31.36.0-255,1514,117921,18,124229
14859,0.035069,172.31.36.0-255,1514,119435,18,124229
14860,0.03507,172.31.36.0-255,1514,120949,18,124229
14861,0.035075,172.31.36.0-255,1514,122463,18,124229
14862,0.035077,172.31.36.0-255,1502,123965,18,124229
14863,0.036487,104.244.42.0-255,66,124031,18,124229
14864,0.036498,104.244.42.0-255,66,124097,18,124229
14865,0.036652,104.244.42.0-255,66,124163,18,124229
14866,0.036687,104.244.42.0-255,66,124229,18,124229
14867,0.0,74.125.24.0-255,298,298,18,195704
14868,2.6e-05,74.125.24.0-255,1484,1782,18,195704
14869,3.4e-05,172.31.36.0-255,66,1848,18,195704
14870,4.3e-05,74.125.24.0-255,4320,6168,18,195704
14871,4.6e-05,172.31.36.0-255,66,6234,18,195704
14872,5.2e-05,74.125.24.0-255,7156,13390,18,195704
14873,5.5e-05,172.31.36.0-255,66,13456,18,195704
14874,7.7e-05,74.125.24.0-255,1804,15260,18,195704
14875,7.9e-05,172.31.36.0-255,66,15326,18,195704
14876,8.4e-05,74.125.24.0-255,5738,21064,18,195704
14877,8.7e-05,172.31.36.0-255,66,21130,18,195704
14878,0.000116,74.125.24.0-255,5738,26868,18,195704
14879,0.000118,172.31.36.0-255,66,26934,18,195704
14880,0.000143,74.125.24.0-255,3961,30895,18,195704
14881,0.000146,172.31.36.0-255,66,30961,18,195704
14882,0.000166,74.125.24.0-255,1484,32445,18,195704
14883,0.000169,74.125.24.0-255,1484,33929,18,195704
14884,0.000171,172.31.36.0-255,66,33995,18,195704
14885,0.000187,74.125.24.0-255,1484,35479,18,195704
14886,0.000193,74.125.24.0-255,5738,41217,18,195704
14887,0.000195,172.31.36.0-255,66,41283,18,195704
14888,0.000209,74.125.24.0-255,1484,42767,18,195704
14889,0.000235,172.31.36.0-255,66,42833,18,195704
14890,0.000266,74.125.24.0-255,4320,47153,18,195704
14891,0.00027,172.31.36.0-255,66,47219,18,195704
14892,0.000299,172.31.36.0-255,66,47285,18,195704
14893,0.000302,74.125.24.0-255,108,47393,18,195704
14894,0.00038,74.125.24.0-255,1484,48877,18,195704
14895,0.000384,74.125.24.0-255,1484,50361,18,195704
14896,0.000386,172.31.36.0-255,66,50427,18,195704
14897,0.000394,74.125.24.0-255,1484,51911,18,195704
14898,0.000397,172.31.36.0-255,66,51977,18,195704
14899,0.000403,74.125.24.0-255,5738,57715,18,195704
14900,0.000406,172.31.36.0-255,66,57781,18,195704
14901,0.000411,74.125.24.0-255,4320,62101,18,195704
14902,0.000413,172.31.36.0-255,66,62167,18,195704
14903,0.000432,74.125.24.0-255,1484,63651,18,195704
14904,0.000463,172.31.36.0-255,66,63717,18,195704
14905,0.000495,172.31.36.0-255,66,63783,18,195704
14906,0.000498,74.125.24.0-255,332,64115,18,195704
14907,0.000524,74.125.24.0-255,1484,65599,18,195704
14908,0.000528,172.31.36.0-255,66,65665,18,195704
14909,0.000533,74.125.24.0-255,4320,69985,18,195704
14910,0.000536,172.31.36.0-255,66,70051,18,195704
14911,0.000573,172.31.36.0-255,66,70117,18,195704
14912,0.000579,74.125.24.0-255,7156,77273,18,195704
14913,0.000582,172.31.36.0-255,66,77339,18,195704
14914,0.00062,74.125.24.0-255,7156,84495,18,195704
14915,0.000626,172.31.36.0-255,66,84561,18,195704
14916,0.000643,74.125.24.0-255,4471,89032,18,195704
14917,0.000647,172.31.36.0-255,66,89098,18,195704
14918,0.000676,172.31.36.0-255,66,89164,18,195704
14919,0.000702,74.125.24.0-255,1484,90648,18,195704
14920,0.000705,74.125.24.0-255,1484,92132,18,195704
14921,0.000707,172.31.36.0-255,66,92198,18,195704
14922,0.000723,74.125.24.0-255,3602,95800,18,195704
14923,0.000723,172.31.36.0-255,66,95866,18,195704
14924,0.000726,172.31.36.0-255,66,95932,18,195704
14925,0.000773,74.125.24.0-255,5738,101670,18,195704
14926,0.000777,172.31.36.0-255,66,101736,18,195704
14927,0.000796,172.31.36.0-255,66,101802,18,195704
14928,0.000818,74.125.24.0-255,1484,103286,18,195704
14929,0.000839,74.125.24.0-255,2902,106188,18,195704
14930,0.000843,172.31.36.0-255,66,106254,18,195704
14931,0.000849,74.125.24.0-255,5738,111992,18,195704
14932,0.000851,172.31.36.0-255,66,112058,18,195704
14933,0.00089,172.31.36.0-255,66,112124,18,195704
14934,0.000893,74.125.24.0-255,1484,113608,18,195704
14935,0.000924,74.125.24.0-255,7156,120764,18,195704
14936,0.000927,172.31.36.0-255,66,120830,18,195704
14937,0.000946,74.125.24.0-255,2184,123014,18,195704
14938,0.00095,172.31.36.0-255,66,123080,18,195704
14939,0.000966,74.125.24.0-255,1484,124564,18,195704
14940,0.000984,74.125.24.0-255,2902,127466,18,195704
14941,0.000987,172.31.36.0-255,66,127532,18,195704
14942,0.000992,74.125.24.0-255,4320,131852,18,195704
14943,0.000994,172.31.36.0-255,66,131918,18,195704
14944,0.001008,74.125.24.0-255,1484,133402,18,195704
14945,0.001012,74.125.24.0-255,2902,136304,18,195704
14946,0.001015,172.31.36.0-255,66,136370,18,195704
14947,0.001053,172.31.36.0-255,66,136436,18,195704
14948,0.001077,172.31.36.0-255,66,136502,18,195704
14949,0.001081,74.125.24.0-255,2184,138686,18,195704
14950,0.001084,172.31.36.0-255,66,138752,18,195704
14951,0.00113,74.125.24.0-255,2902,141654,18,195704
14952,0.001133,172.31.36.0-255,66,141720,18,195704
14953,0.001139,74.125.24.0-255,4320,146040,18,195704
14954,0.001141,172.31.36.0-255,66,146106,18,195704
14955,0.001173,172.31.36.0-255,66,146172,18,195704
14956,0.001212,172.31.36.0-255,66,146238,18,195704
14957,0.001215,74.125.24.0-255,766,147004,18,195704
14958,0.00132,74.125.24.0-255,1484,148488,18,195704
14959,0.001323,172.31.36.0-255,66,148554,18,195704
14960,0.001328,74.125.24.0-255,2902,151456,18,195704
14961,0.001332,172.31.36.0-255,66,151522,18,195704
14962,0.001343,74.125.24.0-255,5738,157260,18,195704
14963,0.001346,172.31.36.0-255,66,157326,18,195704
14964,0.00138,172.31.36.0-255,66,157392,18,195704
14965,0.001387,74.125.24.0-255,7156,164548,18,195704
14966,0.001396,172.31.36.0-255,66,164614,18,195704
14967,0.001405,74.125.24.0-255,3602,168216,18,195704
14968,0.001408,172.31.36.0-255,66,168282,18,195704
14969,0.001489,74.125.24.0-255,1484,169766,18,195704
14970,0.001494,74.125.24.0-255,2902,172668,18,195704
14971,0.001502,172.31.36.0-255,66,172734,18,195704
14972,0.001509,74.125.24.0-255,5738,178472,18,195704
14973,0.001511,172.31.36.0-255,66,178538,18,195704
14974,0.001557,172.31.36.0-255,66,178604,18,195704
14975,0.001561,172.31.36.0-255,66,178670,18,195704
14976,0.001605,74.125.24.0-255,7156,185826,18,195704
14977,0.001613,172.31.36.0-255,66,185892,18,195704
14978,0.001636,172.31.36.0-255,66,185958,18,195704
14979,0.001671,172.31.36.0-255,66,186024,18,195704
14980,0.001688,172.31.36.0-255,66,186090,18,195704
14981,0.001699,172.31.36.0-255,66,186156,18,195704
14982,0.001699,74.125.24.0-255,97,186253,18,195704
14983,0.00173,74.125.24.0-255,105,186358,18,195704
14984,0.00414,172.31.36.0-255,66,186424,18,195704
14985,0.004167,172.31.36.0-255,105,186529,18,195704
14986,0.006391,74.125.24.0-255,66,186595,18,195704
14987,0.024132,172.31.36.0-255,172,186767,18,195704
14988,0.024166,172.31.36.0-255,1115,187882,18,195704
14989,0.024243,172.31.36.0-255,1514,189396,18,195704
14990,0.024244,172.31.36.0-255,1514,190910,18,195704
14991,0.02425,172.31.36.0-255,1514,192424,18,195704
14992,0.024251,172.31.36.0-255,1514,193938,18,195704
14993,0.024271,172.31.36.0-255,1502,195440,18,195704
14994,0.025638,104.244.42.0-255,66,195506,18,195704
14995,0.025743,104.244.42.0-255,66,195572,18,195704
14996,0.025771,104.244.42.0-255,66,195638,18,195704
14997,0.025878,104.244.42.0-255,66,195704,18,195704
14998,0.0,172.217.194.0-255,153,153,18,153569
14999,1.4e-05,172.31.36.0-255,66,219,18,153569
15000,2.1e-05,172.217.194.0-255,1484,1703,18,153569
15001,2.5e-05,172.31.36.0-255,66,1769,18,153569
15002,3.8e-05,172.217.194.0-255,2902,4671,18,153569
15003,4.2e-05,172.31.36.0-255,66,4737,18,153569
15004,5e-05,172.217.194.0-255,7156,11893,18,153569
15005,5.3e-05,172.31.36.0-255,66,11959,18,153569
15006,8.7e-05,172.217.194.0-255,4320,16279,18,153569
15007,9e-05,172.31.36.0-255,66,16345,18,153569
15008,0.000125,172.31.36.0-255,66,16411,18,153569
15009,0.000144,172.31.36.0-255,66,16477,18,153569
15010,0.000157,172.31.36.0-255,66,16543,18,153569
15011,0.000179,172.217.194.0-255,1484,18027,18,153569
15012,0.000181,172.31.36.0-255,66,18093,18,153569
15013,0.000186,172.217.194.0-255,2902,20995,18,153569
15014,0.000193,172.31.36.0-255,66,21061,18,153569
15015,0.000199,172.217.194.0-255,4320,25381,18,153569
15016,0.000201,172.31.36.0-255,66,25447,18,153569
15017,0.000211,172.217.194.0-255,1484,26931,18,153569
15018,0.000214,172.31.36.0-255,66,26997,18,153569
15019,0.000247,172.31.36.0-255,66,27063,18,153569
15020,0.000285,172.217.194.0-255,1484,28547,18,153569
15021,0.000288,172.31.36.0-255,66,28613,18,153569
15022,0.000293,172.217.194.0-255,2902,31515,18,153569
15023,0.000296,172.31.36.0-255,66,31581,18,153569
15024,0.000323,172.217.194.0-255,5738,37319,18,153569
15025,0.000326,172.31.36.0-255,66,37385,18,153569
15026,0.000331,172.217.194.0-255,4320,41705,18,153569
15027,0.000333,172.31.36.0-255,66,41771,18,153569
15028,0.000363,172.217.194.0-255,2902,44673,18,153569
15029,0.000366,172.31.36.0-255,66,44739,18,153569
15030,0.000409,172.31.36.0-255,66,44805,18,153569
15031,0.000416,172.217.194.0-255,6797,51602,18,153569
15032,0.000418,172.31.36.0-255,66,51668,18,153569
15033,0.000444,172.217.194.0-255,1484,53152,18,153569
15034,0.000449,172.217.194.0-255,2902,56054,18,153569
15035,0.000451,172.31.36.0-255,66,56120,18,153569
15036,0.000455,172.217.194.0-255,1484,57604,18,153569
15037,0.00048,172.217.194.0-255,4320,61924,18,153569
15038,0.000483,172.31.36.0-255,66,61990,18,153569
15039,0.00049,172.217.194.0-255,5738,67728,18,153569
15040,0.000492,172.31.36.0-255,66,67794,18,153569
15041,0.000522,172.217.194.0-255,7156,74950,18,153569
15042,0.000524,172.31.36.0-255,66,75016,18,153569
15043,0.000528,172.217.194.0-255,1484,76500,18,153569
15044,0.000555,172.31.36.0-255,66,76566,18,153569
15045,0.000616,172.217.194.0-255,1484,78050,18,153569
15046,0.000621,172.217.194.0-255,2902,80952,18,153569
15047,0.000623,172.31.36.0-255,66,81018,18,153569
15048,0.00063,172.217.194.0-255,5738,86756,18,153569
15049,0.000633,172.31.36.0-255,66,86822,18,153569
15050,0.000652,172.31.36.0-255,66,86888,18,153569
15051,0.000664,172.31.36.0-255,66,86954,18,153569
15052,0.000696,172.217.194.0-255,4320,91274,18,153569
15053,0.000699,172.31.36.0-255,66,91340,18,153569
15054,0.00074,172.31.36.0-255,66,91406,18,153569
15055,0.000744,172.217.194.0-255,2902,94308,18,153569
15056,0.000746,172.31.36.0-255,66,94374,18,153569
15057,0.000792,172.31.36.0-255,66,94440,18,153569
15058,0.000833,172.217.194.0-255,1484,95924,18,153569
15059,0.000837,172.217.194.0-255,1484,97408,18,153569
15060,0.000839,172.31.36.0-255,66,97474,18,153569
15061,0.000867,172.217.194.0-255,1484,98958,18,153569
15062,0.000873,172.217.194.0-255,5738,104696,18,153569
15063,0.000876,172.31.36.0-255,66,104762,18,153569
15064,0.00089,172.31.36.0-255,66,104828,18,153569
15065,0.000905,172.31.36.0-255,66,104894,18,153569
15066,0.000955,172.217.194.0-255,2184,107078,18,153569
15067,0.000957,172.31.36.0-255,66,107144,18,153569
15068,0.000962,172.217.194.0-255,2902,110046,18,153569
15069,0.000964,172.31.36.0-255,66,110112,18,153569
15070,0.000971,172.217.194.0-255,7156,117268,18,153569
15071,0.000978,172.31.36.0-255,66,117334,18,153569
15072,0.001034,172.217.194.0-255,1484,118818,18,153569
15073,0.001066,172.217.194.0-255,6438,125256,18,153569
15074,0.00107,172.217.194.0-255,2902,128158,18,153569
15075,0.001126,172.31.36.0-255,66,128224,18,153569
15076,0.001208,172.217.194.0-255,1484,129708,18,153569
15077,0.001213,172.217.194.0-255,2902,132610,18,153569
15078,0.001231,172.31.36.0-255,66,132676,18,153569
15079,0.001242,172.217.194.0-255,5738,138414,18,153569
15080,0.001253,172.31.36.0-255,66,138480,18,153569
15081,0.001352,172.31.36.0-255,66,138546,18,153569
15082,0.001424,172.31.36.0-255,66,138612,18,153569
15083,0.001456,172.217.194.0-255,1484,140096,18,153569
15084,0.001471,172.217.194.0-255,3032,143128,18,153569
15085,0.001485,172.217.194.0-255,105,143233,18,153569
15086,0.001488,172.31.36.0-255,66,143299,18,153569
15087,0.004377,172.31.36.0-255,66,143365,18,153569
15088,0.004414,172.31.36.0-255,105,143470,18,153569
15089,0.00698,172.217.194.0-255,66,143536,18,153569
15090,0.03702,172.31.36.0-255,172,143708,18,153569
15091,0.03706,172.31.36.0-255,1112,144820,18,153569
15092,0.037132,172.31.36.0-255,1514,146334,18,153569
15093,0.037135,172.31.36.0-255,1514,147848,18,153569
15094,0.037136,172.31.36.0-255,1514,149362,18,153569
15095,0.037137,172.31.36.0-255,1514,150876,18,153569
15096,0.037169,172.31.36.0-255,1514,152390,18,153569
15097,0.037171,172.31.36.0-255,915,153305,18,153569
15098,0.038588,104.244.42.0-255,66,153371,18,153569
15099,0.038617,104.244.42.0-255,66,153437,18,153569
15100,0.038676,104.244.42.0-255,66,153503,18,153569
15101,0.038722,104.244.42.0-255,66,153569,18,153569
15102,0.0,172.217.194.0-255,153,153,18,250529
15103,3.3e-05,172.217.194.0-255,1484,1637,18,250529
15104,4e-05,172.31.36.0-255,66,1703,18,250529
15105,4.8e-05,172.217.194.0-255,2902,4605,18,250529
15106,5.1e-05,172.31.36.0-255,66,4671,18,250529
15107,5.7e-05,172.217.194.0-255,5738,10409,18,250529
15108,6e-05,172.31.36.0-255,66,10475,18,250529
15109,8e-05,172.217.194.0-255,1484,11959,18,250529
15110,9.8e-05,172.217.194.0-255,2029,13988,18,250529
15111,0.000101,172.31.36.0-255,66,14054,18,250529
15112,0.000153,172.217.194.0-255,1484,15538,18,250529
15113,0.00016,172.217.194.0-255,2902,18440,18,250529
15114,0.000163,172.31.36.0-255,66,18506,18,250529
15115,0.000187,172.217.194.0-255,5738,24244,18,250529
15116,0.00019,172.31.36.0-255,66,24310,18,250529
15117,0.000197,172.217.194.0-255,6797,31107,18,250529
15118,0.0002,172.31.36.0-255,66,31173,18,250529
15119,0.000235,172.217.194.0-255,4320,35493,18,250529
15120,0.000238,172.31.36.0-255,66,35559,18,250529
15121,0.000267,172.31.36.0-255,66,35625,18,250529
15122,0.000273,172.217.194.0-255,2543,38168,18,250529
15123,0.000275,172.31.36.0-255,66,38234,18,250529
15124,0.000295,172.217.194.0-255,4320,42554,18,250529
15125,0.000297,172.31.36.0-255,66,42620,18,250529
15126,0.000317,172.217.194.0-255,1484,44104,18,250529
15127,0.000346,172.217.194.0-255,5738,49842,18,250529
15128,0.000348,172.31.36.0-255,66,49908,18,250529
15129,0.000359,172.217.194.0-255,1484,51392,18,250529
15130,0.000422,172.217.194.0-255,2902,54294,18,250529
15131,0.000426,172.31.36.0-255,66,54360,18,250529
15132,0.000439,172.217.194.0-255,1400,55760,18,250529
15133,0.00049,172.217.194.0-255,120,55880,18,250529
15134,0.000602,172.217.194.0-255,1484,57364,18,250529
15135,0.000606,172.31.36.0-255,66,57430,18,250529
15136,0.000623,172.217.194.0-255,2902,60332,18,250529
15137,0.000626,172.31.36.0-255,66,60398,18,250529
15138,0.00063,172.217.194.0-255,2902,63300,18,250529
15139,0.000634,172.31.36.0-255,66,63366,18,250529
15140,0.000644,172.217.194.0-255,2902,66268,18,250529
15141,0.000647,172.31.36.0-255,66,66334,18,250529
15142,0.000655,172.217.194.0-255,6797,73131,18,250529
15143,0.000657,172.31.36.0-255,66,73197,18,250529
15144,0.000702,172.217.194.0-255,5738,78935,18,250529
15145,0.000706,172.31.36.0-255,66,79001,18,250529
15146,0.000735,172.31.36.0-255,66,79067,18,250529
15147,0.000753,172.217.194.0-255,2543,81610,18,250529
15148,0.000757,172.31.36.0-255,66,81676,18,250529
15149,0.001616,172.217.194.0-255,1484,83160,18,250529
15150,0.001628,172.217.194.0-255,2902,86062,18,250529
15151,0.001633,172.31.36.0-255,66,86128,18,250529
15152,0.001639,172.217.194.0-255,2902,89030,18,250529
15153,0.001642,172.31.36.0-255,66,89096,18,250529
15154,0.001656,172.217.194.0-255,2902,91998,18,250529
15155,0.001658,172.31.36.0-255,66,92064,18,250529
15156,0.001674,172.217.194.0-255,7156,99220,18,250529
15157,0.001678,172.31.36.0-255,66,99286,18,250529
15158,0.001692,172.217.194.0-255,5738,105024,18,250529
15159,0.001694,172.31.36.0-255,66,105090,18,250529
15160,0.00172,172.217.194.0-255,1484,106574,18,250529
15161,0.00174,172.31.36.0-255,66,106640,18,250529
15162,0.001908,172.217.194.0-255,1484,108124,18,250529
15163,0.001914,172.217.194.0-255,2902,111026,18,250529
15164,0.001917,172.31.36.0-255,66,111092,18,250529
15165,0.001924,172.217.194.0-255,4320,115412,18,250529
15166,0.001925,172.31.36.0-255,66,115478,18,250529
15167,0.001937,172.217.194.0-255,1484,116962,18,250529
15168,0.00197,172.217.194.0-255,5738,122700,18,250529
15169,0.001972,172.31.36.0-255,66,122766,18,250529
15170,0.00199,172.217.194.0-255,1484,124250,18,250529
15171,0.002001,172.31.36.0-255,66,124316,18,250529
15172,0.002027,172.217.194.0-255,5020,129336,18,250529
15173,0.002029,172.31.36.0-255,66,129402,18,250529
15174,0.002071,172.217.194.0-255,1484,130886,18,250529
15175,0.002095,172.217.194.0-255,2902,133788,18,250529
15176,0.002097,172.31.36.0-255,66,133854,18,250529
15177,0.002118,172.217.194.0-255,5738,139592,18,250529
15178,0.00212,172.31.36.0-255,66,139658,18,250529
15179,0.002126,172.217.194.0-255,5738,145396,18,250529
15180,0.002129,172.31.36.0-255,66,145462,18,250529
15181,0.002191,172.31.36.0-255,66,145528,18,250529
15182,0.002196,172.217.194.0-255,5020,150548,18,250529
15183,0.002199,172.31.36.0-255,66,150614,18,250529
15184,0.002216,172.217.194.0-255,1484,152098,18,250529
15185,0.002231,172.217.194.0-255,2902,155000,18,250529
15186,0.002233,172.31.36.0-255,66,155066,18,250529
15187,0.002252,172.217.194.0-255,5738,160804,18,250529
15188,0.002255,172.31.36.0-255,66,160870,18,250529
15189,0.00226,172.217.194.0-255,4320,165190,18,250529
15190,0.002262,172.31.36.0-255,66,165256,18,250529
15191,0.002296,172.31.36.0-255,66,165322,18,250529
15192,0.002307,172.31.36.0-255,66,165388,18,250529
15193,0.002337,172.217.194.0-255,7156,172544,18,250529
15194,0.00234,172.31.36.0-255,66,172610,18,250529
15195,0.002361,172.217.194.0-255,2902,175512,18,250529
15196,0.002363,172.31.36.0-255,66,175578,18,250529
15197,0.00238,172.31.36.0-255,66,175644,18,250529
15198,0.002384,172.217.194.0-255,2902,178546,18,250529
15199,0.002386,172.31.36.0-255,66,178612,18,250529
15200,0.002416,172.31.36.0-255,66,178678,18,250529
15201,0.002441,172.217.194.0-255,7156,185834,18,250529
15202,0.002443,172.31.36.0-255,66,185900,18,250529
15203,0.002446,172.217.194.0-255,1484,187384,18,250529
15204,0.002466,172.217.194.0-255,7156,194540,18,250529
15205,0.002469,172.31.36.0-255,66,194606,18,250529
15206,0.002501,172.31.36.0-255,66,194672,18,250529
15207,0.002505,172.217.194.0-255,2184,196856,18,250529
15208,0.002506,172.31.36.0-255,66,196922,18,250529
15209,0.002544,172.217.194.0-255,1484,198406,18,250529
15210,0.002562,172.217.194.0-255,2902,201308,18,250529
15211,0.002564,172.31.36.0-255,66,201374,18,250529
15212,0.002569,172.217.194.0-255,4320,205694,18,250529
15213,0.002572,172.31.36.0-255,66,205760,18,250529
15214,0.002583,172.217.194.0-255,1484,207244,18,250529
15215,0.00259,172.217.194.0-255,7156,214400,18,250529
15216,0.002592,172.31.36.0-255,66,214466,18,250529
15217,0.002626,172.31.36.0-255,66,214532,18,250529
15218,0.00263,172.217.194.0-255,2184,216716,18,250529
15219,0.002632,172.31.36.0-255,66,216782,18,250529
15220,0.002682,172.217.194.0-255,5738,222520,18,250529
15221,0.002685,172.31.36.0-255,66,222586,18,250529
15222,0.002702,172.217.194.0-255,2902,225488,18,250529
15223,0.002703,172.31.36.0-255,66,225554,18,250529
15224,0.002714,172.31.36.0-255,66,225620,18,250529
15225,0.002717,172.217.194.0-255,1484,227104,18,250529
15226,0.002759,172.31.36.0-255,66,227170,18,250529
15227,0.002762,172.217.194.0-255,766,227936,18,250529
15228,0.002824,172.217.194.0-255,7156,235092,18,250529
15229,0.002826,172.31.36.0-255,66,235158,18,250529
15230,0.002836,172.31.36.0-255,66,235224,18,250529
15231,0.002839,172.217.194.0-255,1484,236708,18,250529
15232,0.002876,172.31.36.0-255,66,236774,18,250529
15233,0.002882,172.217.194.0-255,5199,241973,18,250529
15234,0.002884,172.31.36.0-255,66,242039,18,250529
15235,0.002924,172.217.194.0-255,105,242144,18,250529
15236,0.006397,172.31.36.0-255,105,242249,18,250529
15237,0.008823,172.217.194.0-255,66,242315,18,250529
15238,0.027981,172.31.36.0-255,172,242487,18,250529
15239,0.028014,172.31.36.0-255,1115,243602,18,250529
15240,0.028056,172.31.36.0-255,1514,245116,18,250529
15241,0.028058,172.31.36.0-255,1514,246630,18,250529
15242,0.028059,172.31.36.0-255,1514,248144,18,250529
15243,0.02806,172.31.36.0-255,1514,249658,18,250529
15244,0.028061,172.31.36.0-255,541,250199,18,250529
15245,0.029599,104.244.42.0-255,66,250265,18,250529
15246,0.02965,104.244.42.0-255,66,250331,18,250529
15247,0.029744,104.244.42.0-255,66,250397,18,250529
15248,0.029746,104.244.42.0-255,66,250463,18,250529
15249,0.029748,104.244.42.0-255,66,250529,18,250529
15250,0.0,74.125.24.0-255,153,153,18,323008
15251,3.6e-05,172.31.36.0-255,66,219,18,323008
15252,4.3e-05,74.125.24.0-255,1484,1703,18,323008
15253,4.7e-05,172.31.36.0-255,66,1769,18,323008
15254,5.2e-05,74.125.24.0-255,2902,4671,18,323008
15255,5.4e-05,172.31.36.0-255,66,4737,18,323008
15256,7e-05,74.125.24.0-255,7156,11893,18,323008
15257,7.3e-05,172.31.36.0-255,66,11959,18,323008
15258,7.8e-05,74.125.24.0-255,2085,14044,18,323008
15259,8e-05,172.31.36.0-255,66,14110,18,323008
15260,0.000176,74.125.24.0-255,1484,15594,18,323008
15261,0.00018,172.31.36.0-255,66,15660,18,323008
15262,0.000185,74.125.24.0-255,2902,18562,18,323008
15263,0.000188,172.31.36.0-255,66,18628,18,323008
15264,0.000213,74.125.24.0-255,5738,24366,18,323008
15265,0.000217,172.31.36.0-255,66,24432,18,323008
15266,0.00023,74.125.24.0-255,6797,31229,18,323008
15267,0.000233,172.31.36.0-255,66,31295,18,323008
15268,0.000272,74.125.24.0-255,4320,35615,18,323008
15269,0.000275,172.31.36.0-255,66,35681,18,323008
15270,0.000301,74.125.24.0-255,5738,41419,18,323008
15271,0.000304,172.31.36.0-255,66,41485,18,323008
15272,0.000326,74.125.24.0-255,6797,48282,18,323008
15273,0.000329,172.31.36.0-255,66,48348,18,323008
15274,0.000367,74.125.24.0-255,5738,54086,18,323008
15275,0.00037,172.31.36.0-255,66,54152,18,323008
15276,0.000393,74.125.24.0-255,1484,55636,18,323008
15277,0.000396,172.31.36.0-255,66,55702,18,323008
15278,0.000406,172.31.36.0-255,66,55768,18,323008
15279,0.000429,74.125.24.0-255,1125,56893,18,323008
15280,0.000433,172.31.36.0-255,66,56959,18,323008
15281,0.000451,74.125.24.0-255,391,57350,18,323008
15282,0.000528,74.125.24.0-255,352,57702,18,323008
15283,0.000678,74.125.24.0-255,1484,59186,18,323008
15284,0.000682,172.31.36.0-255,66,59252,18,323008
15285,0.000686,74.125.24.0-255,2902,62154,18,323008
15286,0.000697,172.31.36.0-255,66,62220,18,323008
15287,0.000703,74.125.24.0-255,5738,67958,18,323008
15288,0.000711,172.31.36.0-255,66,68024,18,323008
15289,0.000735,74.125.24.0-255,6797,74821,18,323008
15290,0.000748,172.31.36.0-255,66,74887,18,323008
15291,0.000755,74.125.24.0-255,7156,82043,18,323008
15292,0.000757,172.31.36.0-255,66,82109,18,323008
15293,0.000789,172.31.36.0-255,66,82175,18,323008
15294,0.000812,74.125.24.0-255,1125,83300,18,323008
15295,0.000939,172.31.36.0-255,66,83366,18,323008
15296,0.001378,74.125.24.0-255,1484,84850,18,323008
15297,0.001387,74.125.24.0-255,2902,87752,18,323008
15298,0.001393,74.125.24.0-255,4320,92072,18,323008
15299,0.001408,74.125.24.0-255,1484,93556,18,323008
15300,0.001412,74.125.24.0-255,4320,97876,18,323008
15301,0.001481,74.125.24.0-255,1484,99360,18,323008
15302,0.001522,74.125.24.0-255,1484,100844,18,323008
15303,0.001536,74.125.24.0-255,1484,102328,18,323008
15304,0.001542,74.125.24.0-255,5738,108066,18,323008
15305,0.001557,74.125.24.0-255,5738,113804,18,323008
15306,0.00157,74.125.24.0-255,1484,115288,18,323008
15307,0.001587,74.125.24.0-255,1484,116772,18,323008
15308,0.001596,74.125.24.0-255,2184,118956,18,323008
15309,0.001979,74.125.24.0-255,1484,120440,18,323008
15310,0.001991,74.125.24.0-255,2902,123342,18,323008
15311,0.002019,74.125.24.0-255,5738,129080,18,323008
15312,0.002021,74.125.24.0-255,1484,130564,18,323008
15313,0.002054,74.125.24.0-255,2902,133466,18,323008
15314,0.002077,74.125.24.0-255,2184,135650,18,323008
15315,0.002246,74.125.24.0-255,1484,137134,18,323008
15316,0.002258,74.125.24.0-255,2902,140036,18,323008
15317,0.00227,74.125.24.0-255,1484,141520,18,323008
15318,0.002283,74.125.24.0-255,4320,145840,18,323008
15319,0.002304,74.125.24.0-255,1484,147324,18,323008
15320,0.002314,74.125.24.0-255,2902,150226,18,323008
15321,0.002334,74.125.24.0-255,7156,157382,18,323008
15322,0.002339,74.125.24.0-255,4320,161702,18,323008
15323,0.002353,74.125.24.0-255,5738,167440,18,323008
15324,0.002363,74.125.24.0-255,2184,169624,18,323008
15325,0.002445,74.125.24.0-255,1484,171108,18,323008
15326,0.002449,74.125.24.0-255,2902,174010,18,323008
15327,0.002463,74.125.24.0-255,1484,175494,18,323008
15328,0.002478,74.125.24.0-255,4320,179814,18,323008
15329,0.00248,74.125.24.0-255,1484,181298,18,323008
15330,0.002494,74.125.24.0-255,4320,185618,18,323008
15331,0.002516,74.125.24.0-255,7156,192774,18,323008
15332,0.002544,74.125.24.0-255,2184,194958,18,323008
15333,0.002562,74.125.24.0-255,2902,197860,18,323008
15334,0.002583,74.125.24.0-255,7156,205016,18,323008
15335,0.002613,74.125.24.0-255,7156,212172,18,323008
15336,0.008398,172.31.36.0-255,66,212238,18,323008
15337,0.011041,74.125.24.0-255,5738,217976,18,323008
15338,0.011052,172.31.36.0-255,66,218042,18,323008
15339,0.013696,74.125.24.0-255,5738,223780,18,323008
15340,0.015013,172.31.36.0-255,66,223846,18,323008
15341,0.017639,74.125.24.0-255,4320,228166,18,323008
15342,0.01765,172.31.36.0-255,66,228232,18,323008
15343,0.017684,74.125.24.0-255,1484,229716,18,323008
15344,0.020245,74.125.24.0-255,4320,234036,18,323008
15345,0.020252,172.31.36.0-255,66,234102,18,323008
15346,0.022885,74.125.24.0-255,5738,239840,18,323008
15347,0.022937,172.31.36.0-255,66,239906,18,323008
15348,0.025083,172.31.36.0-255,172,240078,18,323008
15349,0.025112,172.31.36.0-255,1114,241192,18,323008
15350,0.025144,172.31.36.0-255,1514,242706,18,323008
15351,0.025146,172.31.36.0-255,1514,244220,18,323008
15352,0.025147,172.31.36.0-255,1514,245734,18,323008
15353,0.025148,172.31.36.0-255,1514,247248,18,323008
15354,0.025149,172.31.36.0-255,543,247791,18,323008
15355,0.025536,74.125.24.0-255,5738,253529,18,323008
15356,0.025541,172.31.36.0-255,66,253595,18,323008
15357,0.026708,104.244.42.0-255,66,253661,18,323008
15358,0.028164,74.125.24.0-255,5738,259399,18,323008
15359,0.02817,172.31.36.0-255,66,259465,18,323008
15360,0.030774,74.125.24.0-255,5738,265203,18,323008
15361,0.03078,172.31.36.0-255,66,265269,18,323008
15362,0.033377,74.125.24.0-255,5738,271007,18,323008
15363,0.033382,172.31.36.0-255,66,271073,18,323008
15364,0.035984,74.125.24.0-255,5738,276811,18,323008
15365,0.035989,172.31.36.0-255,66,276877,18,323008
15366,0.038613,74.125.24.0-255,5738,282615,18,323008
15367,0.03862,172.31.36.0-255,66,282681,18,323008
15368,0.041268,74.125.24.0-255,5738,288419,18,323008
15369,0.04128,172.31.36.0-255,66,288485,18,323008
15370,0.043918,74.125.24.0-255,5738,294223,18,323008
15371,0.043924,172.31.36.0-255,66,294289,18,323008
15372,0.046526,74.125.24.0-255,5738,300027,18,323008
15373,0.046532,172.31.36.0-255,66,300093,18,323008
15374,0.049145,74.125.24.0-255,5738,305831,18,323008
15375,0.04915,172.31.36.0-255,66,305897,18,323008
15376,0.051803,74.125.24.0-255,5738,311635,18,323008
15377,0.051809,172.31.36.0-255,66,311701,18,323008
15378,0.054395,74.125.24.0-255,5738,317439,18,323008
15379,0.054401,172.31.36.0-255,66,317505,18,323008
15380,0.05698,74.125.24.0-255,5200,322705,18,323008
15381,0.056985,172.31.36.0-255,66,322771,18,323008
15382,0.057197,172.31.36.0-255,105,322876,18,323008
15383,0.059774,74.125.24.0-255,66,322942,18,323008
15384,0.067602,104.244.42.0-255,66,323008,18,323008
15385,0.0,74.125.24.0-255,66,66,18,66
15386,0.0,172.217.194.0-255,153,153,18,213062
15387,3.2e-05,172.217.194.0-255,1484,1637,18,213062
15388,3.9e-05,172.31.36.0-255,66,1703,18,213062
15389,4.5e-05,172.217.194.0-255,2902,4605,18,213062
15390,4.8e-05,172.31.36.0-255,66,4671,18,213062
15391,6.7e-05,172.217.194.0-255,4320,8991,18,213062
15392,7.1e-05,172.31.36.0-255,66,9057,18,213062
15393,9.8e-05,172.217.194.0-255,1484,10541,18,213062
15394,0.000104,172.217.194.0-255,3453,13994,18,213062
15395,0.000107,172.31.36.0-255,66,14060,18,213062
15396,0.00011,172.217.194.0-255,1484,15544,18,213062
15397,0.00013,172.217.194.0-255,2902,18446,18,213062
15398,0.000133,172.31.36.0-255,66,18512,18,213062
15399,0.000145,172.31.36.0-255,66,18578,18,213062
15400,0.00015,172.217.194.0-255,2543,21121,18,213062
15401,0.000152,172.31.36.0-255,66,21187,18,213062
15402,0.000188,172.31.36.0-255,66,21253,18,213062
15403,0.000215,172.217.194.0-255,1484,22737,18,213062
15404,0.000221,172.217.194.0-255,2543,25280,18,213062
15405,0.000223,172.31.36.0-255,66,25346,18,213062
15406,0.000263,172.217.194.0-255,4320,29666,18,213062
15407,0.000268,172.31.36.0-255,66,29732,18,213062
15408,0.00031,172.31.36.0-255,66,29798,18,213062
15409,0.000312,172.217.194.0-255,431,30229,18,213062
15410,0.000434,172.217.194.0-255,1484,31713,18,213062
15411,0.000437,172.31.36.0-255,66,31779,18,213062
15412,0.000441,172.217.194.0-255,1484,33263,18,213062
15413,0.000463,172.217.194.0-255,1484,34747,18,213062
15414,0.000465,172.31.36.0-255,66,34813,18,213062
15415,0.000473,172.217.194.0-255,5738,40551,18,213062
15416,0.000475,172.31.36.0-255,66,40617,18,213062
15417,0.000522,172.31.36.0-255,66,40683,18,213062
15418,0.000535,172.31.36.0-255,66,40749,18,213062
15419,0.000699,172.217.194.0-255,1484,42233,18,213062
15420,0.000712,172.217.194.0-255,2902,45135,18,213062
15421,0.000715,172.31.36.0-255,66,45201,18,213062
15422,0.000722,172.217.194.0-255,5738,50939,18,213062
15423,0.000724,172.31.36.0-255,66,51005,18,213062
15424,0.000764,172.31.36.0-255,66,51071,18,213062
15425,0.000771,172.217.194.0-255,4320,55391,18,213062
15426,0.000773,172.31.36.0-255,66,55457,18,213062
15427,0.000807,172.217.194.0-255,6438,61895,18,213062
15428,0.000812,172.31.36.0-255,66,61961,18,213062
15429,0.000825,172.31.36.0-255,66,62027,18,213062
15430,0.000831,172.217.194.0-255,4320,66347,18,213062
15431,0.000834,172.31.36.0-255,66,66413,18,213062
15432,0.000867,172.217.194.0-255,5738,72151,18,213062
15433,0.000871,172.31.36.0-255,66,72217,18,213062
15434,0.000904,172.217.194.0-255,5738,77955,18,213062
15435,0.000907,172.31.36.0-255,66,78021,18,213062
15436,0.000934,172.217.194.0-255,6438,84459,18,213062
15437,0.000938,172.31.36.0-255,66,84525,18,213062
15438,0.000967,172.217.194.0-255,1484,86009,18,213062
15439,0.000973,172.217.194.0-255,2902,88911,18,213062
15440,0.00099,172.31.36.0-255,66,88977,18,213062
15441,0.000997,172.217.194.0-255,5738,94715,18,213062
15442,0.000999,172.31.36.0-255,66,94781,18,213062
15443,0.00101,172.217.194.0-255,4320,99101,18,213062
15444,0.001012,172.31.36.0-255,66,99167,18,213062
15445,0.001063,172.31.36.0-255,66,99233,18,213062
15446,0.001092,172.217.194.0-255,1484,100717,18,213062
15447,0.001105,172.31.36.0-255,66,100783,18,213062
15448,0.001312,172.217.194.0-255,1484,102267,18,213062
15449,0.001316,172.217.194.0-255,1484,103751,18,213062
15450,0.001319,172.31.36.0-255,66,103817,18,213062
15451,0.001342,172.217.194.0-255,1484,105301,18,213062
15452,0.001349,172.217.194.0-255,5738,111039,18,213062
15453,0.001352,172.31.36.0-255,66,111105,18,213062
15454,0.001378,172.217.194.0-255,5738,116843,18,213062
15455,0.001381,172.31.36.0-255,66,116909,18,213062
15456,0.001403,172.217.194.0-255,5738,122647,18,213062
15457,0.001407,172.31.36.0-255,66,122713,18,213062
15458,0.001412,172.217.194.0-255,4320,127033,18,213062
15459,0.001414,172.31.36.0-255,66,127099,18,213062
15460,0.001453,172.31.36.0-255,66,127165,18,213062
15461,0.001461,172.217.194.0-255,7156,134321,18,213062
15462,0.001464,172.31.36.0-255,66,134387,18,213062
15463,0.001502,172.217.194.0-255,5738,140125,18,213062
15464,0.001506,172.31.36.0-255,66,140191,18,213062
15465,0.001527,172.31.36.0-255,66,140257,18,213062
15466,0.001533,172.217.194.0-255,6438,146695,18,213062
15467,0.001538,172.31.36.0-255,66,146761,18,213062
15468,0.001597,172.217.194.0-255,1484,148245,18,213062
15469,0.001603,172.217.194.0-255,2902,151147,18,213062
15470,0.001607,172.31.36.0-255,66,151213,18,213062
15471,0.001614,172.217.194.0-255,5738,156951,18,213062
15472,0.001617,172.31.36.0-255,66,157017,18,213062
15473,0.001635,172.217.194.0-255,5738,162755,18,213062
15474,0.001638,172.31.36.0-255,66,162821,18,213062
15475,0.001665,172.217.194.0-255,7156,169977,18,213062
15476,0.001668,172.31.36.0-255,66,170043,18,213062
15477,0.001679,172.31.36.0-255,66,170109,18,213062
15478,0.001707,172.217.194.0-255,2184,172293,18,213062
15479,0.001711,172.31.36.0-255,66,172359,18,213062
15480,0.001723,172.31.36.0-255,66,172425,18,213062
15481,0.001738,172.31.36.0-255,66,172491,18,213062
15482,0.00177,172.217.194.0-255,6438,178929,18,213062
15483,0.001773,172.31.36.0-255,66,178995,18,213062
15484,0.001831,172.217.194.0-255,1484,180479,18,213062
15485,0.001836,172.217.194.0-255,2902,183381,18,213062
15486,0.001839,172.31.36.0-255,66,183447,18,213062
15487,0.001863,172.217.194.0-255,5738,189185,18,213062
15488,0.001867,172.31.36.0-255,66,189251,18,213062
15489,0.001872,172.217.194.0-255,4320,193571,18,213062
15490,0.001875,172.31.36.0-255,66,193637,18,213062
15491,0.001879,172.217.194.0-255,1484,195121,18,213062
15492,0.001918,172.31.36.0-255,66,195187,18,213062
15493,0.001922,172.217.194.0-255,1484,196671,18,213062
15494,0.001957,172.217.194.0-255,6438,203109,18,213062
15495,0.001961,172.31.36.0-255,66,203175,18,213062
15496,0.001973,172.31.36.0-255,66,203241,18,213062
15497,0.002018,172.31.36.0-255,66,203307,18,213062
15498,0.002052,172.31.36.0-255,66,203373,18,213062
15499,0.002065,172.31.36.0-255,66,203439,18,213062
15500,0.002067,172.217.194.0-255,105,203544,18,213062
15501,0.003526,172.31.36.0-255,105,203649,18,213062
15502,0.005746,172.217.194.0-255,66,203715,18,213062
15503,0.032854,172.31.36.0-255,172,203887,18,213062
15504,0.032885,172.31.36.0-255,1115,205002,18,213062
15505,0.032932,172.31.36.0-255,1514,206516,18,213062
15506,0.032953,172.31.36.0-255,1514,208030,18,213062
15507,0.032955,172.31.36.0-255,1514,209544,18,213062
15508,0.032999,172.31.36.0-255,1514,211058,18,213062
15509,0.033001,172.31.36.0-255,1500,212558,18,213062
15510,0.034399,104.244.42.0-255,66,212624,18,213062
15511,0.034412,104.244.42.0-255,66,212690,18,213062
15512,0.034536,104.244.42.0-255,66,212756,18,213062
15513,0.034543,104.244.42.0-255,66,212822,18,213062
15514,0.034581,104.244.42.0-255,66,212888,18,213062
15515,0.035598,104.244.42.0-255,108,212996,18,213062
15516,0.035625,172.31.36.0-255,66,213062,18,213062
