,TIME,SRC,PACKET_SIZE,CUMULATIVE_PACKET_SIZE,PAGE_NUMBER,TOTAL_PACKET_SIZE
0,0.0,74.125.24.0-255,153,153,97,348664
1,3.1e-05,172.31.47.0-255,66,219,97,348664
2,3.8e-05,74.125.24.0-255,1484,1703,97,348664
3,4.2e-05,172.31.47.0-255,66,1769,97,348664
4,4.6e-05,74.125.24.0-255,2902,4671,97,348664
5,5.6e-05,172.31.47.0-255,66,4737,97,348664
6,6.3e-05,74.125.24.0-255,7156,11893,97,348664
7,6.6e-05,172.31.47.0-255,66,11959,97,348664
8,7.3e-05,74.125.24.0-255,6365,18324,97,348664
9,7.5e-05,172.31.47.0-255,66,18390,97,348664
10,9.8e-05,74.125.24.0-255,4320,22710,97,348664
11,0.000101,172.31.47.0-255,66,22776,97,348664
12,0.000125,74.125.24.0-255,2902,25678,97,348664
13,0.000132,172.31.47.0-255,66,25744,97,348664
14,0.000134,74.125.24.0-255,1484,27228,97,348664
15,0.000136,172.31.47.0-255,66,27294,97,348664
16,0.000171,74.125.24.0-255,3961,31255,97,348664
17,0.000178,172.31.47.0-255,66,31321,97,348664
18,0.000415,74.125.24.0-255,1484,32805,97,348664
19,0.00042,172.31.47.0-255,66,32871,97,348664
20,0.000426,74.125.24.0-255,2902,35773,97,348664
21,0.000429,172.31.47.0-255,66,35839,97,348664
22,0.000453,74.125.24.0-255,5738,41577,97,348664
23,0.000456,172.31.47.0-255,66,41643,97,348664
24,0.000497,172.31.47.0-255,66,41709,97,348664
25,0.000508,172.31.47.0-255,66,41775,97,348664
26,0.000519,74.125.24.0-255,4320,46095,97,348664
27,0.000525,172.31.47.0-255,66,46161,97,348664
28,0.000541,74.125.24.0-255,1484,47645,97,348664
29,0.000545,172.31.47.0-255,66,47711,97,348664
30,0.000556,74.125.24.0-255,1125,48836,97,348664
31,0.000616,74.125.24.0-255,411,49247,97,348664
32,0.000806,172.31.47.0-255,66,49313,97,348664
33,0.000838,74.125.24.0-255,1484,50797,97,348664
34,0.000842,172.31.47.0-255,66,50863,97,348664
35,0.000847,74.125.24.0-255,2902,53765,97,348664
36,0.000862,74.125.24.0-255,4320,58085,97,348664
37,0.000865,172.31.47.0-255,66,58151,97,348664
38,0.00087,172.31.47.0-255,66,58217,97,348664
39,0.000894,74.125.24.0-255,1484,59701,97,348664
40,0.0009,74.125.24.0-255,2902,62603,97,348664
41,0.000918,172.31.47.0-255,66,62669,97,348664
42,0.000933,172.31.47.0-255,66,62735,97,348664
43,0.000938,74.125.24.0-255,2902,65637,97,348664
44,0.000945,172.31.47.0-255,66,65703,97,348664
45,0.00097,74.125.24.0-255,7041,72744,97,348664
46,0.000981,172.31.47.0-255,66,72810,97,348664
47,0.001522,74.125.24.0-255,1484,74294,97,348664
48,0.001532,74.125.24.0-255,2902,77196,97,348664
49,0.001537,172.31.47.0-255,66,77262,97,348664
50,0.001543,74.125.24.0-255,4320,81582,97,348664
51,0.00157,74.125.24.0-255,1484,83066,97,348664
52,0.001577,74.125.24.0-255,5738,88804,97,348664
53,0.001594,74.125.24.0-255,7156,95960,97,348664
54,0.001597,74.125.24.0-255,1484,97444,97,348664
55,0.001638,172.31.47.0-255,66,97510,97,348664
56,0.002072,74.125.24.0-255,1484,98994,97,348664
57,0.002082,74.125.24.0-255,2902,101896,97,348664
58,0.002086,172.31.47.0-255,66,101962,97,348664
59,0.002092,74.125.24.0-255,2902,104864,97,348664
60,0.002118,74.125.24.0-255,2902,107766,97,348664
61,0.002132,74.125.24.0-255,2902,110668,97,348664
62,0.002141,172.31.47.0-255,66,110734,97,348664
63,0.002165,74.125.24.0-255,2902,113636,97,348664
64,0.002176,74.125.24.0-255,4320,117956,97,348664
65,0.002194,74.125.24.0-255,1484,119440,97,348664
66,0.002213,74.125.24.0-255,2184,121624,97,348664
67,0.002221,172.31.47.0-255,66,121690,97,348664
68,0.002232,74.125.24.0-255,4320,126010,97,348664
69,0.002257,74.125.24.0-255,7156,133166,97,348664
70,0.002271,74.125.24.0-255,1484,134650,97,348664
71,0.002286,74.125.24.0-255,4320,138970,97,348664
72,0.002291,172.31.47.0-255,66,139036,97,348664
73,0.002313,74.125.24.0-255,5738,144774,97,348664
74,0.002316,74.125.24.0-255,1484,146258,97,348664
75,0.002326,172.31.47.0-255,66,146324,97,348664
76,0.004607,74.125.24.0-255,5738,152062,97,348664
77,0.004612,172.31.47.0-255,66,152128,97,348664
78,0.006867,74.125.24.0-255,5738,157866,97,348664
79,0.006873,172.31.47.0-255,66,157932,97,348664
80,0.009219,74.125.24.0-255,5738,163670,97,348664
81,0.009234,172.31.47.0-255,66,163736,97,348664
82,0.01152,74.125.24.0-255,5738,169474,97,348664
83,0.011535,172.31.47.0-255,66,169540,97,348664
84,0.013844,74.125.24.0-255,5738,175278,97,348664
85,0.013855,172.31.47.0-255,66,175344,97,348664
86,0.016157,74.125.24.0-255,5738,181082,97,348664
87,0.016168,172.31.47.0-255,66,181148,97,348664
88,0.018486,74.125.24.0-255,5738,186886,97,348664
89,0.018499,172.31.47.0-255,66,186952,97,348664
90,0.020743,74.125.24.0-255,5738,192690,97,348664
91,0.020753,172.31.47.0-255,66,192756,97,348664
92,0.023062,74.125.24.0-255,5738,198494,97,348664
93,0.023069,172.31.47.0-255,66,198560,97,348664
94,0.023754,172.31.47.0-255,172,198732,97,348664
95,0.023797,172.31.47.0-255,1111,199843,97,348664
96,0.023869,172.31.47.0-255,1514,201357,97,348664
97,0.023871,172.31.47.0-255,1293,202650,97,348664
98,0.025301,104.244.42.0-255,66,202716,97,348664
99,0.025311,104.244.42.0-255,66,202782,97,348664
100,0.025362,74.125.24.0-255,4320,207102,97,348664
101,0.025369,172.31.47.0-255,66,207168,97,348664
102,0.025399,104.244.42.0-255,66,207234,97,348664
103,0.025403,74.125.24.0-255,1484,208718,97,348664
104,0.027669,74.125.24.0-255,4320,213038,97,348664
105,0.027677,172.31.47.0-255,66,213104,97,348664
106,0.029945,74.125.24.0-255,5738,218842,97,348664
107,0.030021,172.31.47.0-255,66,218908,97,348664
108,0.03229,74.125.24.0-255,5738,224646,97,348664
109,0.032297,172.31.47.0-255,66,224712,97,348664
110,0.034583,74.125.24.0-255,4320,229032,97,348664
111,0.034589,172.31.47.0-255,66,229098,97,348664
112,0.034618,74.125.24.0-255,1484,230582,97,348664
113,0.036903,74.125.24.0-255,4320,234902,97,348664
114,0.03691,172.31.47.0-255,66,234968,97,348664
115,0.039206,74.125.24.0-255,5738,240706,97,348664
116,0.039247,172.31.47.0-255,66,240772,97,348664
117,0.041584,74.125.24.0-255,5738,246510,97,348664
118,0.041591,172.31.47.0-255,66,246576,97,348664
119,0.043895,74.125.24.0-255,5738,252314,97,348664
120,0.043901,172.31.47.0-255,66,252380,97,348664
121,0.046192,74.125.24.0-255,4320,256700,97,348664
122,0.046197,172.31.47.0-255,66,256766,97,348664
123,0.046226,74.125.24.0-255,1484,258250,97,348664
124,0.048491,74.125.24.0-255,2902,261152,97,348664
125,0.048497,172.31.47.0-255,66,261218,97,348664
126,0.048539,74.125.24.0-255,1484,262702,97,348664
127,0.050808,74.125.24.0-255,4320,267022,97,348664
128,0.050857,172.31.47.0-255,66,267088,97,348664
129,0.053103,74.125.24.0-255,5738,272826,97,348664
130,0.053174,172.31.47.0-255,66,272892,97,348664
131,0.055463,74.125.24.0-255,5738,278630,97,348664
132,0.055468,172.31.47.0-255,66,278696,97,348664
133,0.057822,74.125.24.0-255,5738,284434,97,348664
134,0.057827,172.31.47.0-255,66,284500,97,348664
135,0.060097,74.125.24.0-255,5738,290238,97,348664
136,0.060102,172.31.47.0-255,66,290304,97,348664
137,0.062399,74.125.24.0-255,5738,296042,97,348664
138,0.062404,172.31.47.0-255,66,296108,97,348664
139,0.064721,74.125.24.0-255,5738,301846,97,348664
140,0.064729,172.31.47.0-255,66,301912,97,348664
141,0.067068,74.125.24.0-255,2902,304814,97,348664
142,0.067076,172.31.47.0-255,66,304880,97,348664
143,0.067113,74.125.24.0-255,2902,307782,97,348664
144,0.067141,172.31.47.0-255,66,307848,97,348664
145,0.069366,74.125.24.0-255,2902,310750,97,348664
146,0.069371,172.31.47.0-255,66,310816,97,348664
147,0.069423,74.125.24.0-255,2902,313718,97,348664
148,0.069439,172.31.47.0-255,66,313784,97,348664
149,0.071676,74.125.24.0-255,2902,316686,97,348664
150,0.07168,172.31.47.0-255,66,316752,97,348664
151,0.071762,74.125.24.0-255,2902,319654,97,348664
152,0.071766,172.31.47.0-255,66,319720,97,348664
153,0.073983,74.125.24.0-255,2902,322622,97,348664
154,0.073989,172.31.47.0-255,66,322688,97,348664
155,0.074045,74.125.24.0-255,2902,325590,97,348664
156,0.074073,172.31.47.0-255,66,325656,97,348664
157,0.076312,74.125.24.0-255,2902,328558,97,348664
158,0.076317,172.31.47.0-255,66,328624,97,348664
159,0.076391,74.125.24.0-255,2902,331526,97,348664
160,0.076411,172.31.47.0-255,66,331592,97,348664
161,0.078748,74.125.24.0-255,2902,334494,97,348664
162,0.078756,172.31.47.0-255,66,334560,97,348664
163,0.078788,74.125.24.0-255,2902,337462,97,348664
164,0.078821,172.31.47.0-255,66,337528,97,348664
165,0.081065,74.125.24.0-255,4320,341848,97,348664
166,0.081072,172.31.47.0-255,66,341914,97,348664
167,0.081103,74.125.24.0-255,1484,343398,97,348664
168,0.083364,74.125.24.0-255,4320,347718,97,348664
169,0.083369,172.31.47.0-255,66,347784,97,348664
170,0.085611,74.125.24.0-255,643,348427,97,348664
171,0.085742,172.31.47.0-255,66,348493,97,348664
172,0.085767,172.31.47.0-255,105,348598,97,348664
173,0.088049,74.125.24.0-255,66,348664,97,348664
174,0.0,74.125.24.0-255,66,66,97,132
175,0.031603,172.31.47.0-255,66,132,97,132
176,0.0,172.31.47.0-255,66,66,97,66
177,0.0,172.217.194.0-255,153,153,97,375235
178,2.5e-05,172.31.47.0-255,66,219,97,375235
179,3.2e-05,172.217.194.0-255,1484,1703,97,375235
180,3.6e-05,172.31.47.0-255,66,1769,97,375235
181,4.9e-05,172.217.194.0-255,2902,4671,97,375235
182,5.3e-05,172.31.47.0-255,66,4737,97,375235
183,5.8e-05,172.217.194.0-255,4320,9057,97,375235
184,6e-05,172.31.47.0-255,66,9123,97,375235
185,0.000106,172.217.194.0-255,4946,14069,97,375235
186,0.000116,172.31.47.0-255,66,14135,97,375235
187,0.000396,172.217.194.0-255,1484,15619,97,375235
188,0.000402,172.31.47.0-255,66,15685,97,375235
189,0.000408,172.217.194.0-255,2902,18587,97,375235
190,0.00041,172.31.47.0-255,66,18653,97,375235
191,0.000444,172.217.194.0-255,5738,24391,97,375235
192,0.000447,172.31.47.0-255,66,24457,97,375235
193,0.000474,172.217.194.0-255,5738,30195,97,375235
194,0.000477,172.31.47.0-255,66,30261,97,375235
195,0.000509,172.31.47.0-255,66,30327,97,375235
196,0.000515,172.217.194.0-255,4320,34647,97,375235
197,0.000516,172.31.47.0-255,66,34713,97,375235
198,0.000544,172.217.194.0-255,5379,40092,97,375235
199,0.000547,172.31.47.0-255,66,40158,97,375235
200,0.000793,172.217.194.0-255,1484,41642,97,375235
201,0.000798,172.31.47.0-255,66,41708,97,375235
202,0.000805,172.217.194.0-255,2902,44610,97,375235
203,0.000808,172.31.47.0-255,66,44676,97,375235
204,0.000818,172.217.194.0-255,5738,50414,97,375235
205,0.00082,172.31.47.0-255,66,50480,97,375235
206,0.000858,172.217.194.0-255,7110,57590,97,375235
207,0.000861,172.31.47.0-255,66,57656,97,375235
208,0.000883,172.217.194.0-255,364,58020,97,375235
209,0.000916,172.217.194.0-255,1484,59504,97,375235
210,0.000919,172.31.47.0-255,66,59570,97,375235
211,0.000923,172.217.194.0-255,1484,61054,97,375235
212,0.000947,172.217.194.0-255,2902,63956,97,375235
213,0.00095,172.31.47.0-255,66,64022,97,375235
214,0.000955,172.217.194.0-255,5738,69760,97,375235
215,0.000957,172.31.47.0-255,66,69826,97,375235
216,0.00096,172.217.194.0-255,1484,71310,97,375235
217,0.000995,172.31.47.0-255,66,71376,97,375235
218,0.001001,172.217.194.0-255,5738,77114,97,375235
219,0.001003,172.31.47.0-255,66,77180,97,375235
220,0.001028,172.217.194.0-255,5020,82200,97,375235
221,0.00103,172.31.47.0-255,66,82266,97,375235
222,0.001357,172.217.194.0-255,1484,83750,97,375235
223,0.001382,172.217.194.0-255,2902,86652,97,375235
224,0.001387,172.31.47.0-255,66,86718,97,375235
225,0.001396,172.217.194.0-255,2902,89620,97,375235
226,0.001399,172.31.47.0-255,66,89686,97,375235
227,0.001421,172.217.194.0-255,2902,92588,97,375235
228,0.001423,172.31.47.0-255,66,92654,97,375235
229,0.001433,172.217.194.0-255,7156,99810,97,375235
230,0.001436,172.31.47.0-255,66,99876,97,375235
231,0.001442,172.217.194.0-255,5738,105614,97,375235
232,0.001444,172.31.47.0-255,66,105680,97,375235
233,0.00148,172.217.194.0-255,2184,107864,97,375235
234,0.001486,172.31.47.0-255,66,107930,97,375235
235,0.001488,172.31.47.0-255,66,107996,97,375235
236,0.003551,172.217.194.0-255,5738,113734,97,375235
237,0.003563,172.31.47.0-255,66,113800,97,375235
238,0.005622,172.217.194.0-255,5738,119538,97,375235
239,0.005628,172.31.47.0-255,66,119604,97,375235
240,0.007679,172.217.194.0-255,5738,125342,97,375235
241,0.007685,172.31.47.0-255,66,125408,97,375235
242,0.009786,172.217.194.0-255,5738,131146,97,375235
243,0.009799,172.31.47.0-255,66,131212,97,375235
244,0.011978,172.217.194.0-255,5738,136950,97,375235
245,0.011993,172.31.47.0-255,66,137016,97,375235
246,0.01407,172.217.194.0-255,5738,142754,97,375235
247,0.014088,172.31.47.0-255,66,142820,97,375235
248,0.016141,172.217.194.0-255,5738,148558,97,375235
249,0.016158,172.31.47.0-255,66,148624,97,375235
250,0.018211,172.217.194.0-255,5738,154362,97,375235
251,0.018244,172.31.47.0-255,66,154428,97,375235
252,0.020312,172.217.194.0-255,5738,160166,97,375235
253,0.020328,172.31.47.0-255,66,160232,97,375235
254,0.022455,172.217.194.0-255,5738,165970,97,375235
255,0.022469,172.31.47.0-255,66,166036,97,375235
256,0.024531,172.217.194.0-255,5738,171774,97,375235
257,0.024542,172.31.47.0-255,66,171840,97,375235
258,0.025647,172.31.47.0-255,176,172016,97,375235
259,0.02568,172.31.47.0-255,1103,173119,97,375235
260,0.025741,172.31.47.0-255,1514,174633,97,375235
261,0.025743,172.31.47.0-255,1514,176147,97,375235
262,0.025744,172.31.47.0-255,1514,177661,97,375235
263,0.025745,172.31.47.0-255,1083,178744,97,375235
264,0.026604,172.217.194.0-255,5738,184482,97,375235
265,0.026612,172.31.47.0-255,66,184548,97,375235
266,0.027191,104.244.42.0-255,66,184614,97,375235
267,0.027323,104.244.42.0-255,66,184680,97,375235
268,0.027328,104.244.42.0-255,66,184746,97,375235
269,0.02733,104.244.42.0-255,66,184812,97,375235
270,0.028702,172.217.194.0-255,5738,190550,97,375235
271,0.028709,172.31.47.0-255,66,190616,97,375235
272,0.030795,172.217.194.0-255,5738,196354,97,375235
273,0.0308,172.31.47.0-255,66,196420,97,375235
274,0.032854,172.217.194.0-255,5738,202158,97,375235
275,0.032861,172.31.47.0-255,66,202224,97,375235
276,0.034904,172.217.194.0-255,5738,207962,97,375235
277,0.03491,172.31.47.0-255,66,208028,97,375235
278,0.036973,172.217.194.0-255,5738,213766,97,375235
279,0.036979,172.31.47.0-255,66,213832,97,375235
280,0.039029,172.217.194.0-255,5738,219570,97,375235
281,0.039036,172.31.47.0-255,66,219636,97,375235
282,0.041118,172.217.194.0-255,5738,225374,97,375235
283,0.041128,172.31.47.0-255,66,225440,97,375235
284,0.04319,172.217.194.0-255,5738,231178,97,375235
285,0.043198,172.31.47.0-255,66,231244,97,375235
286,0.045263,172.217.194.0-255,5738,236982,97,375235
287,0.045282,172.31.47.0-255,66,237048,97,375235
288,0.04733,172.217.194.0-255,5738,242786,97,375235
289,0.047351,172.31.47.0-255,66,242852,97,375235
290,0.049409,172.217.194.0-255,5738,248590,97,375235
291,0.049426,172.31.47.0-255,66,248656,97,375235
292,0.051531,172.217.194.0-255,5738,254394,97,375235
293,0.051549,172.31.47.0-255,66,254460,97,375235
294,0.053605,172.217.194.0-255,5738,260198,97,375235
295,0.053616,172.31.47.0-255,66,260264,97,375235
296,0.05569,172.217.194.0-255,5738,266002,97,375235
297,0.055708,172.31.47.0-255,66,266068,97,375235
298,0.05776,172.217.194.0-255,5738,271806,97,375235
299,0.057776,172.31.47.0-255,66,271872,97,375235
300,0.059819,172.217.194.0-255,5738,277610,97,375235
301,0.059836,172.31.47.0-255,66,277676,97,375235
302,0.061911,172.217.194.0-255,5738,283414,97,375235
303,0.061927,172.31.47.0-255,66,283480,97,375235
304,0.064004,172.217.194.0-255,5738,289218,97,375235
305,0.06401,172.31.47.0-255,66,289284,97,375235
306,0.066061,172.217.194.0-255,5738,295022,97,375235
307,0.066068,172.31.47.0-255,66,295088,97,375235
308,0.06812,172.217.194.0-255,5738,300826,97,375235
309,0.068129,172.31.47.0-255,66,300892,97,375235
310,0.070205,172.217.194.0-255,5738,306630,97,375235
311,0.070213,172.31.47.0-255,66,306696,97,375235
312,0.072293,172.217.194.0-255,5738,312434,97,375235
313,0.0723,172.31.47.0-255,66,312500,97,375235
314,0.074363,172.217.194.0-255,5738,318238,97,375235
315,0.07437,172.31.47.0-255,66,318304,97,375235
316,0.076452,172.217.194.0-255,5738,324042,97,375235
317,0.07646,172.31.47.0-255,66,324108,97,375235
318,0.078546,172.217.194.0-255,5738,329846,97,375235
319,0.078553,172.31.47.0-255,66,329912,97,375235
320,0.08065,172.217.194.0-255,5738,335650,97,375235
321,0.080657,172.31.47.0-255,66,335716,97,375235
322,0.082722,172.217.194.0-255,5738,341454,97,375235
323,0.082728,172.31.47.0-255,66,341520,97,375235
324,0.084805,172.217.194.0-255,5738,347258,97,375235
325,0.084821,172.31.47.0-255,66,347324,97,375235
326,0.086881,172.217.194.0-255,5738,353062,97,375235
327,0.086894,172.31.47.0-255,66,353128,97,375235
328,0.088977,172.217.194.0-255,5738,358866,97,375235
329,0.088987,172.31.47.0-255,66,358932,97,375235
330,0.091083,172.217.194.0-255,5738,364670,97,375235
331,0.09109,172.31.47.0-255,66,364736,97,375235
332,0.093153,172.217.194.0-255,5738,370474,97,375235
333,0.093161,172.31.47.0-255,66,370540,97,375235
334,0.095203,172.217.194.0-255,4104,374644,97,375235
335,0.09521,172.31.47.0-255,66,374710,97,375235
336,0.095392,172.31.47.0-255,105,374815,97,375235
337,0.095642,172.31.47.0-255,90,374905,97,375235
338,0.095653,172.31.47.0-255,66,374971,97,375235
339,0.097411,172.217.194.0-255,66,375037,97,375235
340,0.097674,172.217.194.0-255,66,375103,97,375235
341,0.097692,172.217.194.0-255,66,375169,97,375235
342,0.097711,172.31.47.0-255,66,375235,97,375235
343,0.0,74.125.24.0-255,578,578,97,114441
344,2.3e-05,74.125.24.0-255,1484,2062,97,114441
345,3e-05,172.31.47.0-255,66,2128,97,114441
346,3.8e-05,74.125.24.0-255,4320,6448,97,114441
347,4e-05,172.31.47.0-255,66,6514,97,114441
348,4.2e-05,74.125.24.0-255,1484,7998,97,114441
349,7.3e-05,74.125.24.0-255,4320,12318,97,114441
350,7.9e-05,172.31.47.0-255,66,12384,97,114441
351,0.000249,74.125.24.0-255,1965,14349,97,114441
352,0.000253,172.31.47.0-255,66,14415,97,114441
353,0.000328,74.125.24.0-255,2902,17317,97,114441
354,0.000332,172.31.47.0-255,66,17383,97,114441
355,0.000452,74.125.24.0-255,7156,24539,97,114441
356,0.000457,172.31.47.0-255,66,24605,97,114441
357,0.000741,74.125.24.0-255,5569,30174,97,114441
358,0.000746,172.31.47.0-255,66,30240,97,114441
359,0.002083,74.125.24.0-255,5738,35978,97,114441
360,0.002088,172.31.47.0-255,66,36044,97,114441
361,0.00219,74.125.24.0-255,7156,43200,97,114441
362,0.002193,172.31.47.0-255,66,43266,97,114441
363,0.002216,74.125.24.0-255,1484,44750,97,114441
364,0.002528,74.125.24.0-255,5738,50488,97,114441
365,0.002531,172.31.47.0-255,66,50554,97,114441
366,0.002571,172.31.47.0-255,66,50620,97,114441
367,0.003123,172.31.47.0-255,66,50686,97,114441
368,0.00315,74.125.24.0-255,4320,55006,97,114441
369,0.003172,172.31.47.0-255,66,55072,97,114441
370,0.003592,74.125.24.0-255,7156,62228,97,114441
371,0.003597,172.31.47.0-255,66,62294,97,114441
372,0.003625,74.125.24.0-255,7156,69450,97,114441
373,0.003644,172.31.47.0-255,66,69516,97,114441
374,0.00403,74.125.24.0-255,5738,75254,97,114441
375,0.004034,172.31.47.0-255,66,75320,97,114441
376,0.004217,74.125.24.0-255,5738,81058,97,114441
377,0.004221,172.31.47.0-255,66,81124,97,114441
378,0.004242,74.125.24.0-255,2902,84026,97,114441
379,0.004259,172.31.47.0-255,66,84092,97,114441
380,0.004387,74.125.24.0-255,2902,86994,97,114441
381,0.004391,172.31.47.0-255,66,87060,97,114441
382,0.004443,172.31.47.0-255,66,87126,97,114441
383,0.004683,74.125.24.0-255,5738,92864,97,114441
384,0.004688,172.31.47.0-255,66,92930,97,114441
385,0.004714,172.31.47.0-255,66,92996,97,114441
386,0.005198,172.31.47.0-255,66,93062,97,114441
387,0.005281,172.31.47.0-255,66,93128,97,114441
388,0.005691,74.125.24.0-255,2902,96030,97,114441
389,0.005696,172.31.47.0-255,66,96096,97,114441
390,0.00651,172.31.47.0-255,66,96162,97,114441
391,0.006564,172.31.47.0-255,66,96228,97,114441
392,0.006689,74.125.24.0-255,1614,97842,97,114441
393,0.006695,172.31.47.0-255,66,97908,97,114441
394,0.006794,172.31.47.0-255,66,97974,97,114441
395,0.006866,172.31.47.0-255,66,98040,97,114441
396,0.007332,74.125.24.0-255,4320,102360,97,114441
397,0.007339,172.31.47.0-255,66,102426,97,114441
398,0.007389,172.31.47.0-255,66,102492,97,114441
399,0.007423,172.31.47.0-255,66,102558,97,114441
400,0.00748,74.125.24.0-255,7156,109714,97,114441
401,0.007485,172.31.47.0-255,66,109780,97,114441
402,0.007609,172.31.47.0-255,66,109846,97,114441
403,0.008609,172.31.47.0-255,66,109912,97,114441
404,0.008654,172.31.47.0-255,66,109978,97,114441
405,0.009128,172.31.47.0-255,105,110083,97,114441
406,0.011133,74.125.24.0-255,66,110149,97,114441
407,0.023984,172.31.47.0-255,176,110325,97,114441
408,0.02403,172.31.47.0-255,1111,111436,97,114441
409,0.024091,172.31.47.0-255,1514,112950,97,114441
410,0.024092,172.31.47.0-255,1293,114243,97,114441
411,0.02551,104.244.42.0-255,66,114309,97,114441
412,0.025575,104.244.42.0-255,66,114375,97,114441
413,0.025623,104.244.42.0-255,66,114441,97,114441
414,0.0,74.125.130.0-255,66,66,97,132
415,0.030457,172.31.47.0-255,66,132,97,132
416,0.0,74.125.24.0-255,630,630,97,1131
417,1.6e-05,74.125.24.0-255,66,696,97,1131
418,0.000842,74.125.24.0-255,97,793,97,1131
419,0.007846,172.31.47.0-255,97,890,97,1131
420,0.008698,74.125.24.0-255,97,987,97,1131
421,0.008712,172.31.47.0-255,78,1065,97,1131
422,0.015719,74.125.24.0-255,66,1131,97,1131
423,0.0,172.31.47.0-255,66,66,97,66
424,0.0,172.217.194.0-255,143,143,97,281828
425,2.4e-05,172.31.47.0-255,66,209,97,281828
426,3.1e-05,172.217.194.0-255,1484,1693,97,281828
427,3.4e-05,172.31.47.0-255,66,1759,97,281828
428,3.9e-05,172.217.194.0-255,2902,4661,97,281828
429,4.7e-05,172.31.47.0-255,66,4727,97,281828
430,5.2e-05,172.217.194.0-255,4320,9047,97,281828
431,5.4e-05,172.31.47.0-255,66,9113,97,281828
432,7.7e-05,172.217.194.0-255,2902,12015,97,281828
433,8e-05,172.31.47.0-255,66,12081,97,281828
434,8.9e-05,172.31.47.0-255,66,12147,97,281828
435,9.5e-05,172.217.194.0-255,4320,16467,97,281828
436,9.7e-05,172.31.47.0-255,66,16533,97,281828
437,0.000128,172.217.194.0-255,4320,20853,97,281828
438,0.000131,172.31.47.0-255,66,20919,97,281828
439,0.000135,172.217.194.0-255,2543,23462,97,281828
440,0.000137,172.31.47.0-255,66,23528,97,281828
441,0.000255,172.217.194.0-255,1484,25012,97,281828
442,0.000259,172.31.47.0-255,66,25078,97,281828
443,0.000263,172.217.194.0-255,2902,27980,97,281828
444,0.000265,172.31.47.0-255,66,28046,97,281828
445,0.000299,172.217.194.0-255,5738,33784,97,281828
446,0.000302,172.31.47.0-255,66,33850,97,281828
447,0.000325,172.217.194.0-255,4320,38170,97,281828
448,0.000327,172.31.47.0-255,66,38236,97,281828
449,0.00034,172.217.194.0-255,4320,42556,97,281828
450,0.000346,172.31.47.0-255,66,42622,97,281828
451,0.000364,172.217.194.0-255,5379,48001,97,281828
452,0.000367,172.31.47.0-255,66,48067,97,281828
453,0.000378,172.31.47.0-255,66,48133,97,281828
454,0.00038,172.217.194.0-255,363,48496,97,281828
455,0.000424,172.217.194.0-255,1484,49980,97,281828
456,0.000427,172.31.47.0-255,66,50046,97,281828
457,0.00043,172.217.194.0-255,1484,51530,97,281828
458,0.000434,172.217.194.0-255,2902,54432,97,281828
459,0.000436,172.31.47.0-255,66,54498,97,281828
460,0.000457,172.217.194.0-255,5738,60236,97,281828
461,0.000459,172.31.47.0-255,66,60302,97,281828
462,0.000481,172.217.194.0-255,2902,63204,97,281828
463,0.000485,172.31.47.0-255,66,63270,97,281828
464,0.000513,172.31.47.0-255,66,63336,97,281828
465,0.000542,172.217.194.0-255,5738,69074,97,281828
466,0.000545,172.31.47.0-255,66,69140,97,281828
467,0.000569,172.217.194.0-255,3602,72742,97,281828
468,0.000572,172.31.47.0-255,66,72808,97,281828
469,0.000577,172.217.194.0-255,4320,77128,97,281828
470,0.000578,172.31.47.0-255,66,77194,97,281828
471,0.000609,172.217.194.0-255,5738,82932,97,281828
472,0.000612,172.31.47.0-255,66,82998,97,281828
473,0.000621,172.31.47.0-255,66,83064,97,281828
474,0.000647,172.217.194.0-255,1484,84548,97,281828
475,0.000681,172.217.194.0-255,4320,88868,97,281828
476,0.000681,172.31.47.0-255,66,88934,97,281828
477,0.000683,172.31.47.0-255,66,89000,97,281828
478,0.000705,172.31.47.0-255,66,89066,97,281828
479,0.000731,172.217.194.0-255,2902,91968,97,281828
480,0.000734,172.31.47.0-255,66,92034,97,281828
481,0.00074,172.217.194.0-255,7156,99190,97,281828
482,0.000743,172.31.47.0-255,66,99256,97,281828
483,0.000784,172.31.47.0-255,66,99322,97,281828
484,0.000787,172.217.194.0-255,766,100088,97,281828
485,0.001063,172.217.194.0-255,1484,101572,97,281828
486,0.001066,172.31.47.0-255,66,101638,97,281828
487,0.00107,172.217.194.0-255,1484,103122,97,281828
488,0.001089,172.217.194.0-255,1484,104606,97,281828
489,0.001092,172.31.47.0-255,66,104672,97,281828
490,0.001119,172.217.194.0-255,5738,110410,97,281828
491,0.001121,172.31.47.0-255,66,110476,97,281828
492,0.001133,172.31.47.0-255,66,110542,97,281828
493,0.001175,172.217.194.0-255,7156,117698,97,281828
494,0.001179,172.31.47.0-255,66,117764,97,281828
495,0.001207,172.217.194.0-255,3602,121366,97,281828
496,0.00121,172.31.47.0-255,66,121432,97,281828
497,0.001855,172.217.194.0-255,1484,122916,97,281828
498,0.001865,172.217.194.0-255,2902,125818,97,281828
499,0.001869,172.31.47.0-255,66,125884,97,281828
500,0.001876,172.217.194.0-255,4320,130204,97,281828
501,0.001878,172.31.47.0-255,66,130270,97,281828
502,0.001903,172.217.194.0-255,1484,131754,97,281828
503,0.001921,172.31.47.0-255,66,131820,97,281828
504,0.001955,172.217.194.0-255,1484,133304,97,281828
505,0.001966,172.31.47.0-255,66,133370,97,281828
506,0.001989,172.217.194.0-255,1484,134854,97,281828
507,0.001994,172.217.194.0-255,2902,137756,97,281828
508,0.001996,172.31.47.0-255,66,137822,97,281828
509,0.002003,172.217.194.0-255,5738,143560,97,281828
510,0.002006,172.31.47.0-255,66,143626,97,281828
511,0.002089,172.31.47.0-255,66,143692,97,281828
512,0.002124,172.217.194.0-255,2902,146594,97,281828
513,0.002127,172.31.47.0-255,66,146660,97,281828
514,0.002145,172.31.47.0-255,66,146726,97,281828
515,0.004198,172.217.194.0-255,2902,149628,97,281828
516,0.004203,172.31.47.0-255,66,149694,97,281828
517,0.004228,172.217.194.0-255,2902,152596,97,281828
518,0.00423,172.31.47.0-255,66,152662,97,281828
519,0.00627,172.217.194.0-255,1484,154146,97,281828
520,0.006282,172.217.194.0-255,1484,155630,97,281828
521,0.006285,172.31.47.0-255,66,155696,97,281828
522,0.006296,172.217.194.0-255,1484,157180,97,281828
523,0.006311,172.217.194.0-255,1484,158664,97,281828
524,0.006314,172.31.47.0-255,66,158730,97,281828
525,0.00837,172.217.194.0-255,2902,161632,97,281828
526,0.008377,172.31.47.0-255,66,161698,97,281828
527,0.008403,172.217.194.0-255,2902,164600,97,281828
528,0.008406,172.31.47.0-255,66,164666,97,281828
529,0.010473,172.217.194.0-255,2902,167568,97,281828
530,0.010483,172.31.47.0-255,66,167634,97,281828
531,0.010523,172.217.194.0-255,2902,170536,97,281828
532,0.010526,172.31.47.0-255,66,170602,97,281828
533,0.012554,172.217.194.0-255,2902,173504,97,281828
534,0.012566,172.31.47.0-255,66,173570,97,281828
535,0.012604,172.217.194.0-255,2902,176472,97,281828
536,0.012608,172.31.47.0-255,66,176538,97,281828
537,0.014651,172.217.194.0-255,2902,179440,97,281828
538,0.014662,172.31.47.0-255,66,179506,97,281828
539,0.0147,172.217.194.0-255,2902,182408,97,281828
540,0.014704,172.31.47.0-255,66,182474,97,281828
541,0.01673,172.217.194.0-255,2902,185376,97,281828
542,0.016738,172.31.47.0-255,66,185442,97,281828
543,0.016776,172.217.194.0-255,2902,188344,97,281828
544,0.016779,172.31.47.0-255,66,188410,97,281828
545,0.018823,172.217.194.0-255,2902,191312,97,281828
546,0.018828,172.31.47.0-255,66,191378,97,281828
547,0.018858,172.217.194.0-255,2902,194280,97,281828
548,0.01886,172.31.47.0-255,66,194346,97,281828
549,0.020928,172.217.194.0-255,2902,197248,97,281828
550,0.020934,172.31.47.0-255,66,197314,97,281828
551,0.020964,172.217.194.0-255,2902,200216,97,281828
552,0.020967,172.31.47.0-255,66,200282,97,281828
553,0.023006,172.217.194.0-255,2902,203184,97,281828
554,0.023015,172.31.47.0-255,66,203250,97,281828
555,0.023048,172.217.194.0-255,2902,206152,97,281828
556,0.023051,172.31.47.0-255,66,206218,97,281828
557,0.024517,172.31.47.0-255,172,206390,97,281828
558,0.024549,172.31.47.0-255,1107,207497,97,281828
559,0.024585,172.31.47.0-255,1514,209011,97,281828
560,0.024586,172.31.47.0-255,1514,210525,97,281828
561,0.024588,172.31.47.0-255,570,211095,97,281828
562,0.025081,172.217.194.0-255,2902,213997,97,281828
563,0.025087,172.31.47.0-255,66,214063,97,281828
564,0.025123,172.217.194.0-255,2902,216965,97,281828
565,0.025126,172.31.47.0-255,66,217031,97,281828
566,0.026211,104.244.42.0-255,66,217097,97,281828
567,0.026247,104.244.42.0-255,66,217163,97,281828
568,0.026251,104.244.42.0-255,66,217229,97,281828
569,0.026253,104.244.42.0-255,66,217295,97,281828
570,0.027172,172.217.194.0-255,2902,220197,97,281828
571,0.027177,172.31.47.0-255,66,220263,97,281828
572,0.027238,172.217.194.0-255,2902,223165,97,281828
573,0.027243,172.31.47.0-255,66,223231,97,281828
574,0.029263,172.217.194.0-255,2902,226133,97,281828
575,0.02927,172.31.47.0-255,66,226199,97,281828
576,0.029314,172.217.194.0-255,2902,229101,97,281828
577,0.029319,172.31.47.0-255,66,229167,97,281828
578,0.031353,172.217.194.0-255,2902,232069,97,281828
579,0.03136,172.31.47.0-255,66,232135,97,281828
580,0.031401,172.217.194.0-255,2902,235037,97,281828
581,0.031405,172.31.47.0-255,66,235103,97,281828
582,0.033457,172.217.194.0-255,2902,238005,97,281828
583,0.033463,172.31.47.0-255,66,238071,97,281828
584,0.0335,172.217.194.0-255,2902,240973,97,281828
585,0.033504,172.31.47.0-255,66,241039,97,281828
586,0.035538,172.217.194.0-255,2902,243941,97,281828
587,0.035544,172.31.47.0-255,66,244007,97,281828
588,0.035586,172.217.194.0-255,1484,245491,97,281828
589,0.035598,172.217.194.0-255,1484,246975,97,281828
590,0.035601,172.31.47.0-255,66,247041,97,281828
591,0.037631,172.217.194.0-255,2902,249943,97,281828
592,0.037638,172.31.47.0-255,66,250009,97,281828
593,0.037678,172.217.194.0-255,2902,252911,97,281828
594,0.037682,172.31.47.0-255,66,252977,97,281828
595,0.039719,172.217.194.0-255,2902,255879,97,281828
596,0.039727,172.31.47.0-255,66,255945,97,281828
597,0.039768,172.217.194.0-255,2902,258847,97,281828
598,0.039772,172.31.47.0-255,66,258913,97,281828
599,0.041818,172.217.194.0-255,2902,261815,97,281828
600,0.041825,172.31.47.0-255,66,261881,97,281828
601,0.041865,172.217.194.0-255,2902,264783,97,281828
602,0.041869,172.31.47.0-255,66,264849,97,281828
603,0.043903,172.217.194.0-255,2902,267751,97,281828
604,0.043908,172.31.47.0-255,66,267817,97,281828
605,0.043945,172.217.194.0-255,2902,270719,97,281828
606,0.043949,172.31.47.0-255,66,270785,97,281828
607,0.045995,172.217.194.0-255,1484,272269,97,281828
608,0.046022,172.217.194.0-255,4320,276589,97,281828
609,0.046027,172.31.47.0-255,66,276655,97,281828
610,0.04809,172.217.194.0-255,4936,281591,97,281828
611,0.048096,172.31.47.0-255,66,281657,97,281828
612,0.048264,172.31.47.0-255,105,281762,97,281828
613,0.050322,172.217.194.0-255,66,281828,97,281828
614,0.0,74.125.130.0-255,153,153,97,301094
615,2.3e-05,172.31.47.0-255,66,219,97,301094
616,3e-05,74.125.130.0-255,1484,1703,97,301094
617,3.5e-05,172.31.47.0-255,66,1769,97,301094
618,4.9e-05,74.125.130.0-255,1484,3253,97,301094
619,5.2e-05,172.31.47.0-255,66,3319,97,301094
620,7.3e-05,74.125.130.0-255,1484,4803,97,301094
621,7.7e-05,172.31.47.0-255,66,4869,97,301094
622,0.000107,74.125.130.0-255,4320,9189,97,301094
623,0.000111,172.31.47.0-255,66,9255,97,301094
624,0.000123,172.31.47.0-255,66,9321,97,301094
625,0.000135,172.31.47.0-255,66,9387,97,301094
626,0.000163,74.125.130.0-255,2543,11930,97,301094
627,0.000171,172.31.47.0-255,66,11996,97,301094
628,0.000258,74.125.130.0-255,1484,13480,97,301094
629,0.000264,172.31.47.0-255,66,13546,97,301094
630,0.00027,74.125.130.0-255,2902,16448,97,301094
631,0.000273,172.31.47.0-255,66,16514,97,301094
632,0.000304,74.125.130.0-255,5738,22252,97,301094
633,0.000308,172.31.47.0-255,66,22318,97,301094
634,0.000311,74.125.130.0-255,1484,23802,97,301094
635,0.000313,172.31.47.0-255,66,23868,97,301094
636,0.000317,74.125.130.0-255,2902,26770,97,301094
637,0.000319,172.31.47.0-255,66,26836,97,301094
638,0.000331,74.125.130.0-255,5738,32574,97,301094
639,0.000335,172.31.47.0-255,66,32640,97,301094
640,0.000379,172.31.47.0-255,66,32706,97,301094
641,0.000412,74.125.130.0-255,5020,37726,97,301094
642,0.000416,172.31.47.0-255,66,37792,97,301094
643,0.000449,74.125.130.0-255,679,38471,97,301094
644,0.000585,74.125.130.0-255,1484,39955,97,301094
645,0.00059,172.31.47.0-255,66,40021,97,301094
646,0.000596,74.125.130.0-255,2902,42923,97,301094
647,0.0006,172.31.47.0-255,66,42989,97,301094
648,0.000608,74.125.130.0-255,1484,44473,97,301094
649,0.000612,74.125.130.0-255,2902,47375,97,301094
650,0.000615,172.31.47.0-255,66,47441,97,301094
651,0.000653,74.125.130.0-255,5738,53179,97,301094
652,0.000657,172.31.47.0-255,66,53245,97,301094
653,0.000667,172.31.47.0-255,66,53311,97,301094
654,0.000676,74.125.130.0-255,1484,54795,97,301094
655,0.000716,172.31.47.0-255,66,54861,97,301094
656,0.000719,74.125.130.0-255,766,55627,97,301094
657,0.001019,74.125.130.0-255,1484,57111,97,301094
658,0.001026,172.31.47.0-255,66,57177,97,301094
659,0.001032,74.125.130.0-255,2902,60079,97,301094
660,0.001034,172.31.47.0-255,66,60145,97,301094
661,0.001054,74.125.130.0-255,1484,61629,97,301094
662,0.001085,74.125.130.0-255,2902,64531,97,301094
663,0.001089,172.31.47.0-255,66,64597,97,301094
664,0.001135,74.125.130.0-255,5738,70335,97,301094
665,0.001139,172.31.47.0-255,66,70401,97,301094
666,0.001143,74.125.130.0-255,1484,71885,97,301094
667,0.001176,74.125.130.0-255,5738,77623,97,301094
668,0.001181,74.125.130.0-255,2902,80525,97,301094
669,0.001192,172.31.47.0-255,66,80591,97,301094
670,0.001224,74.125.130.0-255,5738,86329,97,301094
671,0.001249,172.31.47.0-255,66,86395,97,301094
672,0.001277,74.125.130.0-255,3602,89997,97,301094
673,0.001311,172.31.47.0-255,66,90063,97,301094
674,0.001825,74.125.130.0-255,1484,91547,97,301094
675,0.001834,74.125.130.0-255,2902,94449,97,301094
676,0.001838,172.31.47.0-255,66,94515,97,301094
677,0.001845,74.125.130.0-255,5738,100253,97,301094
678,0.001847,172.31.47.0-255,66,100319,97,301094
679,0.001906,74.125.130.0-255,2902,103221,97,301094
680,0.001909,172.31.47.0-255,66,103287,97,301094
681,0.001941,172.31.47.0-255,66,103353,97,301094
682,0.001962,74.125.130.0-255,5738,109091,97,301094
683,0.001976,172.31.47.0-255,66,109157,97,301094
684,0.001994,74.125.130.0-255,7156,116313,97,301094
685,0.002,74.125.130.0-255,5738,122051,97,301094
686,0.002007,74.125.130.0-255,7156,129207,97,301094
687,0.002026,74.125.130.0-255,2902,132109,97,301094
688,0.002039,74.125.130.0-255,3602,135711,97,301094
689,0.002047,172.31.47.0-255,66,135777,97,301094
690,0.002082,74.125.130.0-255,1484,137261,97,301094
691,0.002097,74.125.130.0-255,2902,140163,97,301094
692,0.002101,172.31.47.0-255,66,140229,97,301094
693,0.00213,74.125.130.0-255,5738,145967,97,301094
694,0.002133,74.125.130.0-255,1484,147451,97,301094
695,0.00215,172.31.47.0-255,66,147517,97,301094
696,0.002173,74.125.130.0-255,1484,149001,97,301094
697,0.002187,74.125.130.0-255,1484,150485,97,301094
698,0.002199,74.125.130.0-255,4320,154805,97,301094
699,0.002214,172.31.47.0-255,66,154871,97,301094
700,0.00224,74.125.130.0-255,6438,161309,97,301094
701,0.002255,172.31.47.0-255,66,161375,97,301094
702,0.00228,74.125.130.0-255,1484,162859,97,301094
703,0.002283,74.125.130.0-255,1484,164343,97,301094
704,0.002296,74.125.130.0-255,1484,165827,97,301094
705,0.002299,172.31.47.0-255,66,165893,97,301094
706,0.002311,74.125.130.0-255,5738,171631,97,301094
707,0.00232,172.31.47.0-255,66,171697,97,301094
708,0.002333,74.125.130.0-255,5738,177435,97,301094
709,0.002353,74.125.130.0-255,2902,180337,97,301094
710,0.002378,74.125.130.0-255,1484,181821,97,301094
711,0.002385,172.31.47.0-255,66,181887,97,301094
712,0.002403,74.125.130.0-255,2902,184789,97,301094
713,0.002419,172.31.47.0-255,66,184855,97,301094
714,0.002429,74.125.130.0-255,2902,187757,97,301094
715,0.002451,74.125.130.0-255,3602,191359,97,301094
716,0.002457,74.125.130.0-255,7156,198515,97,301094
717,0.002466,172.31.47.0-255,66,198581,97,301094
718,0.002509,74.125.130.0-255,1484,200065,97,301094
719,0.002512,172.31.47.0-255,66,200131,97,301094
720,0.00254,74.125.130.0-255,5738,205869,97,301094
721,0.002547,172.31.47.0-255,66,205935,97,301094
722,0.002576,74.125.130.0-255,6438,212373,97,301094
723,0.00258,172.31.47.0-255,66,212439,97,301094
724,0.005105,74.125.130.0-255,5738,218177,97,301094
725,0.005112,172.31.47.0-255,66,218243,97,301094
726,0.007658,74.125.130.0-255,5738,223981,97,301094
727,0.007676,172.31.47.0-255,66,224047,97,301094
728,0.010195,74.125.130.0-255,5738,229785,97,301094
729,0.010199,172.31.47.0-255,66,229851,97,301094
730,0.012799,74.125.130.0-255,5738,235589,97,301094
731,0.012817,172.31.47.0-255,66,235655,97,301094
732,0.015358,74.125.130.0-255,5738,241393,97,301094
733,0.015375,172.31.47.0-255,66,241459,97,301094
734,0.017902,74.125.130.0-255,5738,247197,97,301094
735,0.017908,172.31.47.0-255,66,247263,97,301094
736,0.020421,74.125.130.0-255,5738,253001,97,301094
737,0.020427,172.31.47.0-255,66,253067,97,301094
738,0.022947,74.125.130.0-255,5738,258805,97,301094
739,0.022953,172.31.47.0-255,66,258871,97,301094
740,0.025478,74.125.130.0-255,5738,264609,97,301094
741,0.025487,172.31.47.0-255,66,264675,97,301094
742,0.028004,74.125.130.0-255,5738,270413,97,301094
743,0.02801,172.31.47.0-255,66,270479,97,301094
744,0.03053,74.125.130.0-255,5738,276217,97,301094
745,0.030535,172.31.47.0-255,66,276283,97,301094
746,0.033061,74.125.130.0-255,5738,282021,97,301094
747,0.033068,172.31.47.0-255,66,282087,97,301094
748,0.035596,74.125.130.0-255,5738,287825,97,301094
749,0.035602,172.31.47.0-255,66,287891,97,301094
750,0.038132,74.125.130.0-255,5738,293629,97,301094
751,0.038146,172.31.47.0-255,66,293695,97,301094
752,0.04067,74.125.130.0-255,2870,296565,97,301094
753,0.040684,172.31.47.0-255,66,296631,97,301094
754,0.040891,172.31.47.0-255,105,296736,97,301094
755,0.043375,74.125.130.0-255,66,296802,97,301094
756,0.051555,172.31.47.0-255,176,296978,97,301094
757,0.051642,172.31.47.0-255,1106,298084,97,301094
758,0.051719,172.31.47.0-255,1514,299598,97,301094
759,0.051728,172.31.47.0-255,1298,300896,97,301094
760,0.053104,104.244.42.0-255,66,300962,97,301094
761,0.053196,104.244.42.0-255,66,301028,97,301094
762,0.053282,104.244.42.0-255,66,301094,97,301094
763,0.0,172.31.47.0-255,66,66,97,66
764,0.0,172.31.47.0-255,66,66,97,66
765,0.0,74.125.24.0-255,153,153,97,265984
766,1.6e-05,172.31.47.0-255,66,219,97,265984
767,2.2e-05,74.125.24.0-255,1484,1703,97,265984
768,2.6e-05,172.31.47.0-255,66,1769,97,265984
769,3.1e-05,74.125.24.0-255,2902,4671,97,265984
770,3.3e-05,172.31.47.0-255,66,4737,97,265984
771,7.1e-05,74.125.24.0-255,7156,11893,97,265984
772,7.5e-05,172.31.47.0-255,66,11959,97,265984
773,7.9e-05,74.125.24.0-255,2038,13997,97,265984
774,8.2e-05,172.31.47.0-255,66,14063,97,265984
775,0.00012,74.125.24.0-255,7156,21219,97,265984
776,0.000124,172.31.47.0-255,66,21285,97,265984
777,0.000144,74.125.24.0-255,4320,25605,97,265984
778,0.000148,172.31.47.0-255,66,25671,97,265984
779,0.00015,74.125.24.0-255,1484,27155,97,265984
780,0.000152,172.31.47.0-255,66,27221,97,265984
781,0.00017,74.125.24.0-255,3961,31182,97,265984
782,0.000174,172.31.47.0-255,66,31248,97,265984
783,0.000248,74.125.24.0-255,1484,32732,97,265984
784,0.000252,172.31.47.0-255,66,32798,97,265984
785,0.000257,74.125.24.0-255,2902,35700,97,265984
786,0.00026,172.31.47.0-255,66,35766,97,265984
787,0.000263,74.125.24.0-255,1484,37250,97,265984
788,0.000265,172.31.47.0-255,66,37316,97,265984
789,0.000281,74.125.24.0-255,4320,41636,97,265984
790,0.000285,172.31.47.0-255,66,41702,97,265984
791,0.0003,74.125.24.0-255,7156,48858,97,265984
792,0.000303,172.31.47.0-255,66,48924,97,265984
793,0.000322,74.125.24.0-255,6797,55721,97,265984
794,0.000325,172.31.47.0-255,66,55787,97,265984
795,0.000335,172.31.47.0-255,66,55853,97,265984
796,0.000544,74.125.24.0-255,645,56498,97,265984
797,0.000957,172.31.47.0-255,66,56564,97,265984
798,0.001188,74.125.24.0-255,1484,58048,97,265984
799,0.001197,74.125.24.0-255,2902,60950,97,265984
800,0.001201,172.31.47.0-255,66,61016,97,265984
801,0.001226,74.125.24.0-255,5738,66754,97,265984
802,0.00123,172.31.47.0-255,66,66820,97,265984
803,0.001239,172.31.47.0-255,66,66886,97,265984
804,0.001257,74.125.24.0-255,4320,71206,97,265984
805,0.00126,172.31.47.0-255,66,71272,97,265984
806,0.001266,74.125.24.0-255,7156,78428,97,265984
807,0.001268,172.31.47.0-255,66,78494,97,265984
808,0.001281,74.125.24.0-255,3602,82096,97,265984
809,0.001284,172.31.47.0-255,66,82162,97,265984
810,0.002091,74.125.24.0-255,1484,83646,97,265984
811,0.002111,74.125.24.0-255,2902,86548,97,265984
812,0.002116,172.31.47.0-255,66,86614,97,265984
813,0.002139,74.125.24.0-255,5738,92352,97,265984
814,0.002141,172.31.47.0-255,66,92418,97,265984
815,0.002147,74.125.24.0-255,5738,98156,97,265984
816,0.002149,172.31.47.0-255,66,98222,97,265984
817,0.002187,172.31.47.0-255,66,98288,97,265984
818,0.00221,74.125.24.0-255,5020,103308,97,265984
819,0.002213,172.31.47.0-255,66,103374,97,265984
820,0.002254,74.125.24.0-255,1484,104858,97,265984
821,0.002271,74.125.24.0-255,2902,107760,97,265984
822,0.002276,172.31.47.0-255,66,107826,97,265984
823,0.002282,74.125.24.0-255,5738,113564,97,265984
824,0.002285,172.31.47.0-255,66,113630,97,265984
825,0.002308,74.125.24.0-255,2902,116532,97,265984
826,0.002311,172.31.47.0-255,66,116598,97,265984
827,0.002341,172.31.47.0-255,66,116664,97,265984
828,0.002347,74.125.24.0-255,7156,123820,97,265984
829,0.002349,172.31.47.0-255,66,123886,97,265984
830,0.002366,74.125.24.0-255,5020,128906,97,265984
831,0.00237,172.31.47.0-255,66,128972,97,265984
832,0.002554,74.125.24.0-255,1484,130456,97,265984
833,0.002576,74.125.24.0-255,2902,133358,97,265984
834,0.00258,172.31.47.0-255,66,133424,97,265984
835,0.002586,74.125.24.0-255,5738,139162,97,265984
836,0.002589,172.31.47.0-255,66,139228,97,265984
837,0.002591,74.125.24.0-255,1484,140712,97,265984
838,0.002632,172.31.47.0-255,66,140778,97,265984
839,0.002635,74.125.24.0-255,1484,142262,97,265984
840,0.002638,74.125.24.0-255,1484,143746,97,265984
841,0.00264,172.31.47.0-255,66,143812,97,265984
842,0.002659,74.125.24.0-255,7156,150968,97,265984
843,0.002663,172.31.47.0-255,66,151034,97,265984
844,0.002685,74.125.24.0-255,766,151800,97,265984
845,0.003646,74.125.24.0-255,1484,153284,97,265984
846,0.003653,172.31.47.0-255,66,153350,97,265984
847,0.003658,74.125.24.0-255,2902,156252,97,265984
848,0.00366,172.31.47.0-255,66,156318,97,265984
849,0.003664,74.125.24.0-255,2902,159220,97,265984
850,0.003666,172.31.47.0-255,66,159286,97,265984
851,0.00369,74.125.24.0-255,2902,162188,97,265984
852,0.003693,172.31.47.0-255,66,162254,97,265984
853,0.003698,74.125.24.0-255,4320,166574,97,265984
854,0.0037,172.31.47.0-255,66,166640,97,265984
855,0.003736,172.31.47.0-255,66,166706,97,265984
856,0.003739,74.125.24.0-255,1484,168190,97,265984
857,0.003767,172.31.47.0-255,66,168256,97,265984
858,0.003788,74.125.24.0-255,4320,172576,97,265984
859,0.003792,172.31.47.0-255,66,172642,97,265984
860,0.003794,74.125.24.0-255,1484,174126,97,265984
861,0.003813,74.125.24.0-255,5738,179864,97,265984
862,0.003817,172.31.47.0-255,66,179930,97,265984
863,0.003838,74.125.24.0-255,1484,181414,97,265984
864,0.003858,74.125.24.0-255,2902,184316,97,265984
865,0.003863,172.31.47.0-255,66,184382,97,265984
866,0.00387,74.125.24.0-255,5738,190120,97,265984
867,0.003873,172.31.47.0-255,66,190186,97,265984
868,0.003894,74.125.24.0-255,1484,191670,97,265984
869,0.003924,172.31.47.0-255,66,191736,97,265984
870,0.003952,74.125.24.0-255,1484,193220,97,265984
871,0.003957,74.125.24.0-255,2902,196122,97,265984
872,0.00396,172.31.47.0-255,66,196188,97,265984
873,0.003973,74.125.24.0-255,2902,199090,97,265984
874,0.003976,172.31.47.0-255,66,199156,97,265984
875,0.003994,74.125.24.0-255,2902,202058,97,265984
876,0.003997,172.31.47.0-255,66,202124,97,265984
877,0.004003,74.125.24.0-255,4320,206444,97,265984
878,0.004006,172.31.47.0-255,66,206510,97,265984
879,0.004011,74.125.24.0-255,4320,210830,97,265984
880,0.004014,172.31.47.0-255,66,210896,97,265984
881,0.004042,74.125.24.0-255,7156,218052,97,265984
882,0.004045,172.31.47.0-255,66,218118,97,265984
883,0.004058,74.125.24.0-255,1484,219602,97,265984
884,0.004083,74.125.24.0-255,6438,226040,97,265984
885,0.004086,172.31.47.0-255,66,226106,97,265984
886,0.004364,74.125.24.0-255,1484,227590,97,265984
887,0.004372,74.125.24.0-255,2902,230492,97,265984
888,0.004376,172.31.47.0-255,66,230558,97,265984
889,0.004383,74.125.24.0-255,5738,236296,97,265984
890,0.004386,172.31.47.0-255,66,236362,97,265984
891,0.004426,74.125.24.0-255,2902,239264,97,265984
892,0.00443,172.31.47.0-255,66,239330,97,265984
893,0.00445,74.125.24.0-255,2902,242232,97,265984
894,0.004453,172.31.47.0-255,66,242298,97,265984
895,0.004467,172.31.47.0-255,66,242364,97,265984
896,0.004479,172.31.47.0-255,66,242430,97,265984
897,0.004493,172.31.47.0-255,66,242496,97,265984
898,0.004538,172.31.47.0-255,66,242562,97,265984
899,0.005257,74.125.24.0-255,1484,244046,97,265984
900,0.005265,74.125.24.0-255,2902,246948,97,265984
901,0.005269,172.31.47.0-255,66,247014,97,265984
902,0.005273,74.125.24.0-255,1484,248498,97,265984
903,0.005293,74.125.24.0-255,4320,252818,97,265984
904,0.005296,172.31.47.0-255,66,252884,97,265984
905,0.0053,74.125.24.0-255,4320,257204,97,265984
906,0.005302,172.31.47.0-255,66,257270,97,265984
907,0.005325,172.31.47.0-255,66,257336,97,265984
908,0.00533,74.125.24.0-255,4059,261395,97,265984
909,0.005332,172.31.47.0-255,66,261461,97,265984
910,0.005358,74.125.24.0-255,105,261566,97,265984
911,0.007501,172.31.47.0-255,66,261632,97,265984
912,0.007545,172.31.47.0-255,105,261737,97,265984
913,0.010092,74.125.24.0-255,66,261803,97,265984
914,0.035372,172.31.47.0-255,172,261975,97,265984
915,0.035402,172.31.47.0-255,1107,263082,97,265984
916,0.035432,172.31.47.0-255,1514,264596,97,265984
917,0.035434,172.31.47.0-255,1190,265786,97,265984
918,0.036892,104.244.42.0-255,66,265852,97,265984
919,0.036929,104.244.42.0-255,66,265918,97,265984
920,0.036966,104.244.42.0-255,66,265984,97,265984
921,0.0,172.31.47.0-255,66,66,97,66
922,0.0,74.125.68.0-255,153,153,97,319554
923,2.3e-05,172.31.47.0-255,66,219,97,319554
924,2.9e-05,74.125.68.0-255,1484,1703,97,319554
925,3.3e-05,172.31.47.0-255,66,1769,97,319554
926,3.8e-05,74.125.68.0-255,2902,4671,97,319554
927,4.1e-05,172.31.47.0-255,66,4737,97,319554
928,6.1e-05,74.125.68.0-255,2902,7639,97,319554
929,6.4e-05,172.31.47.0-255,66,7705,97,319554
930,6.9e-05,74.125.68.0-255,4320,12025,97,319554
931,7.1e-05,172.31.47.0-255,66,12091,97,319554
932,0.000106,74.125.68.0-255,4320,16411,97,319554
933,0.00011,172.31.47.0-255,66,16477,97,319554
934,0.000127,74.125.68.0-255,4931,21408,97,319554
935,0.00013,172.31.47.0-255,66,21474,97,319554
936,0.000135,74.125.68.0-255,4320,25794,97,319554
937,0.000137,172.31.47.0-255,66,25860,97,319554
938,0.000161,74.125.68.0-255,5379,31239,97,319554
939,0.000165,172.31.47.0-255,66,31305,97,319554
940,0.000338,74.125.68.0-255,1484,32789,97,319554
941,0.000343,172.31.47.0-255,66,32855,97,319554
942,0.000349,74.125.68.0-255,2902,35757,97,319554
943,0.000351,172.31.47.0-255,66,35823,97,319554
944,0.000371,74.125.68.0-255,4320,40143,97,319554
945,0.000375,172.31.47.0-255,66,40209,97,319554
946,0.000397,74.125.68.0-255,1484,41693,97,319554
947,0.0004,172.31.47.0-255,66,41759,97,319554
948,0.000431,172.31.47.0-255,66,41825,97,319554
949,0.000435,74.125.68.0-255,2902,44727,97,319554
950,0.000437,172.31.47.0-255,66,44793,97,319554
951,0.000479,74.125.68.0-255,7156,51949,97,319554
952,0.000483,172.31.47.0-255,66,52015,97,319554
953,0.000503,74.125.68.0-255,5646,57661,97,319554
954,0.000507,172.31.47.0-255,66,57727,97,319554
955,0.000707,74.125.68.0-255,138,57865,97,319554
956,0.000926,74.125.68.0-255,1484,59349,97,319554
957,0.000933,172.31.47.0-255,66,59415,97,319554
958,0.000939,74.125.68.0-255,2902,62317,97,319554
959,0.000941,172.31.47.0-255,66,62383,97,319554
960,0.000947,74.125.68.0-255,5738,68121,97,319554
961,0.000949,172.31.47.0-255,66,68187,97,319554
962,0.001002,74.125.68.0-255,2902,71089,97,319554
963,0.001006,172.31.47.0-255,66,71155,97,319554
964,0.001016,172.31.47.0-255,66,71221,97,319554
965,0.001026,172.31.47.0-255,66,71287,97,319554
966,0.00103,74.125.68.0-255,2184,73471,97,319554
967,0.001032,172.31.47.0-255,66,73537,97,319554
968,0.001074,74.125.68.0-255,2902,76439,97,319554
969,0.001079,172.31.47.0-255,66,76505,97,319554
970,0.001082,74.125.68.0-255,1484,77989,97,319554
971,0.001087,74.125.68.0-255,2902,80891,97,319554
972,0.001089,172.31.47.0-255,66,80957,97,319554
973,0.001112,74.125.68.0-255,5738,86695,97,319554
974,0.001116,172.31.47.0-255,66,86761,97,319554
975,0.001129,74.125.68.0-255,1484,88245,97,319554
976,0.001156,172.31.47.0-255,66,88311,97,319554
977,0.001176,74.125.68.0-255,1484,89795,97,319554
978,0.001183,74.125.68.0-255,4320,94115,97,319554
979,0.001186,172.31.47.0-255,66,94181,97,319554
980,0.001214,74.125.68.0-255,4721,98902,97,319554
981,0.001219,172.31.47.0-255,66,98968,97,319554
982,0.001537,74.125.68.0-255,1484,100452,97,319554
983,0.001545,74.125.68.0-255,2902,103354,97,319554
984,0.001549,172.31.47.0-255,66,103420,97,319554
985,0.001554,74.125.68.0-255,2902,106322,97,319554
986,0.001557,172.31.47.0-255,66,106388,97,319554
987,0.001573,74.125.68.0-255,2902,109290,97,319554
988,0.001576,172.31.47.0-255,66,109356,97,319554
989,0.001579,74.125.68.0-255,1484,110840,97,319554
990,0.0016,74.125.68.0-255,7156,117996,97,319554
991,0.001604,172.31.47.0-255,66,118062,97,319554
992,0.001615,172.31.47.0-255,66,118128,97,319554
993,0.001644,74.125.68.0-255,5020,123148,97,319554
994,0.001649,172.31.47.0-255,66,123214,97,319554
995,0.001729,74.125.68.0-255,1484,124698,97,319554
996,0.001735,74.125.68.0-255,2902,127600,97,319554
997,0.001739,172.31.47.0-255,66,127666,97,319554
998,0.001759,74.125.68.0-255,4320,131986,97,319554
999,0.001762,172.31.47.0-255,66,132052,97,319554
1000,0.001781,74.125.68.0-255,1484,133536,97,319554
1001,0.001786,74.125.68.0-255,4320,137856,97,319554
1002,0.001789,172.31.47.0-255,66,137922,97,319554
1003,0.001805,74.125.68.0-255,5738,143660,97,319554
1004,0.001808,172.31.47.0-255,66,143726,97,319554
1005,0.00184,74.125.68.0-255,1484,145210,97,319554
1006,0.001856,172.31.47.0-255,66,145276,97,319554
1007,0.001995,74.125.68.0-255,1484,146760,97,319554
1008,0.002002,74.125.68.0-255,2902,149662,97,319554
1009,0.002006,172.31.47.0-255,66,149728,97,319554
1010,0.00203,74.125.68.0-255,5738,155466,97,319554
1011,0.002034,172.31.47.0-255,66,155532,97,319554
1012,0.002039,74.125.68.0-255,4320,159852,97,319554
1013,0.002042,172.31.47.0-255,66,159918,97,319554
1014,0.002046,74.125.68.0-255,2902,162820,97,319554
1015,0.002048,172.31.47.0-255,66,162886,97,319554
1016,0.002073,74.125.68.0-255,2902,165788,97,319554
1017,0.002077,172.31.47.0-255,66,165854,97,319554
1018,0.002083,74.125.68.0-255,5738,171592,97,319554
1019,0.002086,172.31.47.0-255,66,171658,97,319554
1020,0.002113,74.125.68.0-255,5738,177396,97,319554
1021,0.002118,172.31.47.0-255,66,177462,97,319554
1022,0.002122,74.125.68.0-255,2184,179646,97,319554
1023,0.002124,172.31.47.0-255,66,179712,97,319554
1024,0.002234,74.125.68.0-255,1484,181196,97,319554
1025,0.002238,74.125.68.0-255,1484,182680,97,319554
1026,0.002246,172.31.47.0-255,66,182746,97,319554
1027,0.002259,74.125.68.0-255,1484,184230,97,319554
1028,0.002266,74.125.68.0-255,5738,189968,97,319554
1029,0.002269,172.31.47.0-255,66,190034,97,319554
1030,0.002292,74.125.68.0-255,1484,191518,97,319554
1031,0.002349,172.31.47.0-255,66,191584,97,319554
1032,0.002354,74.125.68.0-255,1484,193068,97,319554
1033,0.002367,74.125.68.0-255,1484,194552,97,319554
1034,0.002369,172.31.47.0-255,66,194618,97,319554
1035,0.00241,172.31.47.0-255,66,194684,97,319554
1036,0.004722,74.125.68.0-255,5738,200422,97,319554
1037,0.004733,172.31.47.0-255,66,200488,97,319554
1038,0.007028,74.125.68.0-255,5738,206226,97,319554
1039,0.007031,172.31.47.0-255,66,206292,97,319554
1040,0.009328,74.125.68.0-255,5738,212030,97,319554
1041,0.009334,172.31.47.0-255,66,212096,97,319554
1042,0.011639,74.125.68.0-255,5738,217834,97,319554
1043,0.011644,172.31.47.0-255,66,217900,97,319554
1044,0.01394,74.125.68.0-255,5738,223638,97,319554
1045,0.013946,172.31.47.0-255,66,223704,97,319554
1046,0.016246,74.125.68.0-255,5738,229442,97,319554
1047,0.016257,172.31.47.0-255,66,229508,97,319554
1048,0.018554,74.125.68.0-255,5738,235246,97,319554
1049,0.018561,172.31.47.0-255,66,235312,97,319554
1050,0.020868,74.125.68.0-255,5738,241050,97,319554
1051,0.020875,172.31.47.0-255,66,241116,97,319554
1052,0.023179,74.125.68.0-255,5738,246854,97,319554
1053,0.023185,172.31.47.0-255,66,246920,97,319554
1054,0.025495,74.125.68.0-255,4320,251240,97,319554
1055,0.025501,172.31.47.0-255,66,251306,97,319554
1056,0.025522,74.125.68.0-255,1484,252790,97,319554
1057,0.027799,74.125.68.0-255,4320,257110,97,319554
1058,0.027808,172.31.47.0-255,66,257176,97,319554
1059,0.030107,74.125.68.0-255,1484,258660,97,319554
1060,0.03013,74.125.68.0-255,4320,262980,97,319554
1061,0.030136,172.31.47.0-255,66,263046,97,319554
1062,0.032439,74.125.68.0-255,5738,268784,97,319554
1063,0.032448,172.31.47.0-255,66,268850,97,319554
1064,0.034742,74.125.68.0-255,5738,274588,97,319554
1065,0.034753,172.31.47.0-255,66,274654,97,319554
1066,0.037085,74.125.68.0-255,5738,280392,97,319554
1067,0.037094,172.31.47.0-255,66,280458,97,319554
1068,0.039412,74.125.68.0-255,5738,286196,97,319554
1069,0.039419,172.31.47.0-255,66,286262,97,319554
1070,0.041727,74.125.68.0-255,5738,292000,97,319554
1071,0.041735,172.31.47.0-255,66,292066,97,319554
1072,0.044038,74.125.68.0-255,5738,297804,97,319554
1073,0.044045,172.31.47.0-255,66,297870,97,319554
1074,0.046362,74.125.68.0-255,5738,303608,97,319554
1075,0.046369,172.31.47.0-255,66,303674,97,319554
1076,0.048662,74.125.68.0-255,4320,307994,97,319554
1077,0.048667,172.31.47.0-255,66,308060,97,319554
1078,0.048689,74.125.68.0-255,1484,309544,97,319554
1079,0.051022,74.125.68.0-255,2611,312155,97,319554
1080,0.05103,172.31.47.0-255,66,312221,97,319554
1081,0.051288,172.31.47.0-255,105,312326,97,319554
1082,0.053538,74.125.68.0-255,66,312392,97,319554
1083,0.060933,172.31.47.0-255,172,312564,97,319554
1084,0.061012,172.31.47.0-255,1111,313675,97,319554
1085,0.061122,172.31.47.0-255,1514,315189,97,319554
1086,0.061125,172.31.47.0-255,1514,316703,97,319554
1087,0.061129,172.31.47.0-255,1514,318217,97,319554
1088,0.06113,172.31.47.0-255,1073,319290,97,319554
1089,0.062518,104.244.42.0-255,66,319356,97,319554
1090,0.06263,104.244.42.0-255,66,319422,97,319554
1091,0.062734,104.244.42.0-255,66,319488,97,319554
1092,0.062737,104.244.42.0-255,66,319554,97,319554
1093,0.0,172.31.47.0-255,66,66,97,66
1094,0.0,172.31.47.0-255,105,105,97,276
1095,0.073479,31.13.82.0-255,105,210,97,276
1096,0.073493,172.31.47.0-255,66,276,97,276
1097,0.0,74.125.200.0-255,153,153,97,324468
1098,3.4e-05,172.31.47.0-255,66,219,97,324468
1099,4e-05,74.125.200.0-255,1484,1703,97,324468
1100,4.3e-05,172.31.47.0-255,66,1769,97,324468
1101,4.7e-05,74.125.200.0-255,2902,4671,97,324468
1102,5e-05,172.31.47.0-255,66,4737,97,324468
1103,5.3e-05,74.125.200.0-255,2902,7639,97,324468
1104,5.5e-05,172.31.47.0-255,66,7705,97,324468
1105,6e-05,74.125.200.0-255,4320,12025,97,324468
1106,6.2e-05,172.31.47.0-255,66,12091,97,324468
1107,9.9e-05,172.31.47.0-255,66,12157,97,324468
1108,0.000103,74.125.200.0-255,2902,15059,97,324468
1109,0.000105,172.31.47.0-255,66,15125,97,324468
1110,0.000157,74.125.200.0-255,4320,19445,97,324468
1111,0.000162,172.31.47.0-255,66,19511,97,324468
1112,0.000179,74.125.200.0-255,2543,22054,97,324468
1113,0.000182,172.31.47.0-255,66,22120,97,324468
1114,0.00022,74.125.200.0-255,1484,23604,97,324468
1115,0.000222,172.31.47.0-255,66,23670,97,324468
1116,0.000239,74.125.200.0-255,2902,26572,97,324468
1117,0.000242,172.31.47.0-255,66,26638,97,324468
1118,0.00026,74.125.200.0-255,2902,29540,97,324468
1119,0.000263,172.31.47.0-255,66,29606,97,324468
1120,0.000267,74.125.200.0-255,4320,33926,97,324468
1121,0.00027,172.31.47.0-255,66,33992,97,324468
1122,0.000287,74.125.200.0-255,2902,36894,97,324468
1123,0.00029,172.31.47.0-255,66,36960,97,324468
1124,0.000319,74.125.200.0-255,6797,43757,97,324468
1125,0.000323,74.125.200.0-255,4320,48077,97,324468
1126,0.000324,172.31.47.0-255,66,48143,97,324468
1127,0.000342,172.31.47.0-255,66,48209,97,324468
1128,0.000358,74.125.200.0-255,5738,53947,97,324468
1129,0.000362,172.31.47.0-255,66,54013,97,324468
1130,0.000375,74.125.200.0-255,2823,56836,97,324468
1131,0.000378,74.125.200.0-255,127,56963,97,324468
1132,0.000381,172.31.47.0-255,66,57029,97,324468
1133,0.000596,74.125.200.0-255,346,57375,97,324468
1134,0.000643,74.125.200.0-255,1484,58859,97,324468
1135,0.000646,172.31.47.0-255,66,58925,97,324468
1136,0.000664,74.125.200.0-255,1484,60409,97,324468
1137,0.000668,74.125.200.0-255,2902,63311,97,324468
1138,0.000671,74.125.200.0-255,1484,64795,97,324468
1139,0.000676,172.31.47.0-255,66,64861,97,324468
1140,0.000684,74.125.200.0-255,4320,69181,97,324468
1141,0.000687,172.31.47.0-255,66,69247,97,324468
1142,0.000733,172.31.47.0-255,66,69313,97,324468
1143,0.000767,74.125.200.0-255,4320,73633,97,324468
1144,0.00077,172.31.47.0-255,66,73699,97,324468
1145,0.000784,74.125.200.0-255,5020,78719,97,324468
1146,0.000792,172.31.47.0-255,66,78785,97,324468
1147,0.00097,74.125.200.0-255,1484,80269,97,324468
1148,0.000984,74.125.200.0-255,2902,83171,97,324468
1149,0.000988,172.31.47.0-255,66,83237,97,324468
1150,0.000993,74.125.200.0-255,2902,86139,97,324468
1151,0.001007,172.31.47.0-255,66,86205,97,324468
1152,0.001009,74.125.200.0-255,2902,89107,97,324468
1153,0.001014,74.125.200.0-255,5738,94845,97,324468
1154,0.001025,172.31.47.0-255,66,94911,97,324468
1155,0.001026,74.125.200.0-255,4320,99231,97,324468
1156,0.001029,172.31.47.0-255,66,99297,97,324468
1157,0.001044,74.125.200.0-255,2902,102199,97,324468
1158,0.001051,172.31.47.0-255,66,102265,97,324468
1159,0.001072,74.125.200.0-255,7156,109421,97,324468
1160,0.00108,172.31.47.0-255,66,109487,97,324468
1161,0.001088,74.125.200.0-255,3602,113089,97,324468
1162,0.001091,172.31.47.0-255,66,113155,97,324468
1163,0.00123,74.125.200.0-255,1484,114639,97,324468
1164,0.001241,74.125.200.0-255,1484,116123,97,324468
1165,0.001244,172.31.47.0-255,66,116189,97,324468
1166,0.001253,74.125.200.0-255,1484,117673,97,324468
1167,0.001257,74.125.200.0-255,2902,120575,97,324468
1168,0.001273,172.31.47.0-255,66,120641,97,324468
1169,0.001278,74.125.200.0-255,4320,124961,97,324468
1170,0.001284,172.31.47.0-255,66,125027,97,324468
1171,0.001299,74.125.200.0-255,1484,126511,97,324468
1172,0.001316,74.125.200.0-255,7156,133667,97,324468
1173,0.001319,74.125.200.0-255,1484,135151,97,324468
1174,0.00132,172.31.47.0-255,66,135217,97,324468
1175,0.001343,74.125.200.0-255,2902,138119,97,324468
1176,0.001347,172.31.47.0-255,66,138185,97,324468
1177,0.001355,74.125.200.0-255,2902,141087,97,324468
1178,0.001361,172.31.47.0-255,66,141153,97,324468
1179,0.001368,74.125.200.0-255,2902,144055,97,324468
1180,0.001372,74.125.200.0-255,3602,147657,97,324468
1181,0.001376,172.31.47.0-255,66,147723,97,324468
1182,0.001433,74.125.200.0-255,1484,149207,97,324468
1183,0.001447,74.125.200.0-255,2902,152109,97,324468
1184,0.001449,172.31.47.0-255,66,152175,97,324468
1185,0.001468,74.125.200.0-255,4320,156495,97,324468
1186,0.001478,172.31.47.0-255,66,156561,97,324468
1187,0.001479,74.125.200.0-255,1484,158045,97,324468
1188,0.001482,74.125.200.0-255,1484,159529,97,324468
1189,0.001492,172.31.47.0-255,66,159595,97,324468
1190,0.001499,74.125.200.0-255,5738,165333,97,324468
1191,0.00151,172.31.47.0-255,66,165399,97,324468
1192,0.001521,74.125.200.0-255,4320,169719,97,324468
1193,0.001529,172.31.47.0-255,66,169785,97,324468
1194,0.001546,74.125.200.0-255,2184,171969,97,324468
1195,0.00155,172.31.47.0-255,66,172035,97,324468
1196,0.001585,74.125.200.0-255,2902,174937,97,324468
1197,0.001588,172.31.47.0-255,66,175003,97,324468
1198,0.001613,172.31.47.0-255,66,175069,97,324468
1199,0.001628,74.125.200.0-255,1484,176553,97,324468
1200,0.001648,74.125.200.0-255,7156,183709,97,324468
1201,0.00165,74.125.200.0-255,1484,185193,97,324468
1202,0.001661,172.31.47.0-255,66,185259,97,324468
1203,0.001678,74.125.200.0-255,3602,188861,97,324468
1204,0.001679,172.31.47.0-255,66,188927,97,324468
1205,0.001682,172.31.47.0-255,66,188993,97,324468
1206,0.001714,74.125.200.0-255,2902,191895,97,324468
1207,0.001718,172.31.47.0-255,66,191961,97,324468
1208,0.001726,74.125.200.0-255,1484,193445,97,324468
1209,0.001739,74.125.200.0-255,1484,194929,97,324468
1210,0.001741,172.31.47.0-255,66,194995,97,324468
1211,0.001744,74.125.200.0-255,1484,196479,97,324468
1212,0.001759,74.125.200.0-255,1484,197963,97,324468
1213,0.001762,74.125.200.0-255,1484,199447,97,324468
1214,0.001769,172.31.47.0-255,66,199513,97,324468
1215,0.001781,74.125.200.0-255,4320,203833,97,324468
1216,0.001789,172.31.47.0-255,66,203899,97,324468
1217,0.001833,74.125.200.0-255,7156,211055,97,324468
1218,0.001844,74.125.200.0-255,3602,214657,97,324468
1219,0.001847,172.31.47.0-255,66,214723,97,324468
1220,0.001851,172.31.47.0-255,66,214789,97,324468
1221,0.00186,74.125.200.0-255,2902,217691,97,324468
1222,0.001873,172.31.47.0-255,66,217757,97,324468
1223,0.001874,74.125.200.0-255,1484,219241,97,324468
1224,0.001905,172.31.47.0-255,66,219307,97,324468
1225,0.001917,74.125.200.0-255,5738,225045,97,324468
1226,0.001923,172.31.47.0-255,66,225111,97,324468
1227,0.001944,74.125.200.0-255,5738,230849,97,324468
1228,0.001951,172.31.47.0-255,66,230915,97,324468
1229,0.001955,172.31.47.0-255,66,230981,97,324468
1230,0.001965,74.125.200.0-255,1484,232465,97,324468
1231,0.001988,74.125.200.0-255,7156,239621,97,324468
1232,0.001995,74.125.200.0-255,7156,246777,97,324468
1233,0.002005,172.31.47.0-255,66,246843,97,324468
1234,0.002009,74.125.200.0-255,4320,251163,97,324468
1235,0.002017,172.31.47.0-255,66,251229,97,324468
1236,0.002025,74.125.200.0-255,4320,255549,97,324468
1237,0.002028,172.31.47.0-255,66,255615,97,324468
1238,0.00399,74.125.200.0-255,1484,257099,97,324468
1239,0.004008,74.125.200.0-255,4320,261419,97,324468
1240,0.004012,172.31.47.0-255,66,261485,97,324468
1241,0.005992,74.125.200.0-255,5738,267223,97,324468
1242,0.005996,172.31.47.0-255,66,267289,97,324468
1243,0.007974,74.125.200.0-255,5738,273027,97,324468
1244,0.00798,172.31.47.0-255,66,273093,97,324468
1245,0.009967,74.125.200.0-255,4320,277413,97,324468
1246,0.009975,172.31.47.0-255,66,277479,97,324468
1247,0.009992,74.125.200.0-255,1484,278963,97,324468
1248,0.011959,74.125.200.0-255,4320,283283,97,324468
1249,0.011968,172.31.47.0-255,66,283349,97,324468
1250,0.013966,74.125.200.0-255,5738,289087,97,324468
1251,0.014017,172.31.47.0-255,66,289153,97,324468
1252,0.016,74.125.200.0-255,5738,294891,97,324468
1253,0.016006,172.31.47.0-255,66,294957,97,324468
1254,0.017995,74.125.200.0-255,5738,300695,97,324468
1255,0.01801,172.31.47.0-255,66,300761,97,324468
1256,0.01999,74.125.200.0-255,5738,306499,97,324468
1257,0.019998,172.31.47.0-255,66,306565,97,324468
1258,0.021977,74.125.200.0-255,5738,312303,97,324468
1259,0.021983,172.31.47.0-255,66,312369,97,324468
1260,0.023965,74.125.200.0-255,4696,317065,97,324468
1261,0.023975,172.31.47.0-255,66,317131,97,324468
1262,0.024211,172.31.47.0-255,105,317236,97,324468
1263,0.026148,74.125.200.0-255,66,317302,97,324468
1264,0.026377,172.31.47.0-255,172,317474,97,324468
1265,0.0264,172.31.47.0-255,1111,318585,97,324468
1266,0.026437,172.31.47.0-255,1514,320099,97,324468
1267,0.026439,172.31.47.0-255,1514,321613,97,324468
1268,0.026443,172.31.47.0-255,1514,323127,97,324468
1269,0.026444,172.31.47.0-255,1077,324204,97,324468
1270,0.0279,104.244.42.0-255,66,324270,97,324468
1271,0.027906,104.244.42.0-255,66,324336,97,324468
1272,0.027938,104.244.42.0-255,66,324402,97,324468
1273,0.027973,104.244.42.0-255,66,324468,97,324468
1274,0.0,172.217.194.0-255,226,226,97,243697
1275,1.3e-05,172.31.47.0-255,66,292,97,243697
1276,2e-05,172.217.194.0-255,1484,1776,97,243697
1277,2.5e-05,172.31.47.0-255,66,1842,97,243697
1278,4.8e-05,172.217.194.0-255,4320,6162,97,243697
1279,5.1e-05,172.31.47.0-255,66,6228,97,243697
1280,0.000217,172.217.194.0-255,7156,13384,97,243697
1281,0.000222,172.31.47.0-255,66,13450,97,243697
1282,0.000509,172.31.47.0-255,66,13516,97,243697
1283,0.000891,172.31.47.0-255,66,13582,97,243697
1284,0.003447,172.217.194.0-255,5738,19320,97,243697
1285,0.003454,172.31.47.0-255,66,19386,97,243697
1286,0.006015,172.217.194.0-255,5738,25124,97,243697
1287,0.006024,172.31.47.0-255,66,25190,97,243697
1288,0.008568,172.217.194.0-255,2902,28092,97,243697
1289,0.008582,172.31.47.0-255,66,28158,97,243697
1290,0.008616,172.217.194.0-255,2902,31060,97,243697
1291,0.00862,172.31.47.0-255,66,31126,97,243697
1292,0.011146,172.217.194.0-255,2902,34028,97,243697
1293,0.011157,172.31.47.0-255,66,34094,97,243697
1294,0.011179,172.217.194.0-255,2902,36996,97,243697
1295,0.011181,172.31.47.0-255,66,37062,97,243697
1296,0.013732,172.217.194.0-255,2902,39964,97,243697
1297,0.013747,172.31.47.0-255,66,40030,97,243697
1298,0.013775,172.217.194.0-255,2902,42932,97,243697
1299,0.013778,172.31.47.0-255,66,42998,97,243697
1300,0.016322,172.217.194.0-255,2902,45900,97,243697
1301,0.016338,172.31.47.0-255,66,45966,97,243697
1302,0.016363,172.217.194.0-255,2902,48868,97,243697
1303,0.016367,172.31.47.0-255,66,48934,97,243697
1304,0.01892,172.217.194.0-255,2902,51836,97,243697
1305,0.018935,172.31.47.0-255,66,51902,97,243697
1306,0.018957,172.217.194.0-255,2902,54804,97,243697
1307,0.01896,172.31.47.0-255,66,54870,97,243697
1308,0.019804,172.31.47.0-255,167,55037,97,243697
1309,0.019834,172.31.47.0-255,1111,56148,97,243697
1310,0.019903,172.31.47.0-255,1514,57662,97,243697
1311,0.019905,172.31.47.0-255,1293,58955,97,243697
1312,0.021323,104.244.42.0-255,66,59021,97,243697
1313,0.021418,104.244.42.0-255,66,59087,97,243697
1314,0.021477,104.244.42.0-255,66,59153,97,243697
1315,0.021506,172.217.194.0-255,2902,62055,97,243697
1316,0.021511,172.31.47.0-255,66,62121,97,243697
1317,0.021561,172.217.194.0-255,2902,65023,97,243697
1318,0.021564,172.31.47.0-255,66,65089,97,243697
1319,0.024055,172.217.194.0-255,2902,67991,97,243697
1320,0.024061,172.31.47.0-255,66,68057,97,243697
1321,0.024095,172.217.194.0-255,2902,70959,97,243697
1322,0.024098,172.31.47.0-255,66,71025,97,243697
1323,0.026636,172.217.194.0-255,2902,73927,97,243697
1324,0.026647,172.31.47.0-255,66,73993,97,243697
1325,0.026686,172.217.194.0-255,2902,76895,97,243697
1326,0.026689,172.31.47.0-255,66,76961,97,243697
1327,0.029181,172.217.194.0-255,2902,79863,97,243697
1328,0.029188,172.31.47.0-255,66,79929,97,243697
1329,0.029212,172.217.194.0-255,2902,82831,97,243697
1330,0.029215,172.31.47.0-255,66,82897,97,243697
1331,0.031764,172.217.194.0-255,2902,85799,97,243697
1332,0.031771,172.31.47.0-255,66,85865,97,243697
1333,0.031798,172.217.194.0-255,2902,88767,97,243697
1334,0.0318,172.31.47.0-255,66,88833,97,243697
1335,0.034329,172.217.194.0-255,2902,91735,97,243697
1336,0.034336,172.31.47.0-255,66,91801,97,243697
1337,0.034399,172.217.194.0-255,2902,94703,97,243697
1338,0.034403,172.31.47.0-255,66,94769,97,243697
1339,0.036917,172.217.194.0-255,2902,97671,97,243697
1340,0.036925,172.31.47.0-255,66,97737,97,243697
1341,0.036946,172.217.194.0-255,2902,100639,97,243697
1342,0.03695,172.31.47.0-255,66,100705,97,243697
1343,0.039473,172.217.194.0-255,2902,103607,97,243697
1344,0.039481,172.31.47.0-255,66,103673,97,243697
1345,0.039507,172.217.194.0-255,2902,106575,97,243697
1346,0.039509,172.31.47.0-255,66,106641,97,243697
1347,0.042026,172.217.194.0-255,2902,109543,97,243697
1348,0.042033,172.31.47.0-255,66,109609,97,243697
1349,0.042065,172.217.194.0-255,2902,112511,97,243697
1350,0.042067,172.31.47.0-255,66,112577,97,243697
1351,0.044629,172.217.194.0-255,2902,115479,97,243697
1352,0.044637,172.31.47.0-255,66,115545,97,243697
1353,0.044659,172.217.194.0-255,2902,118447,97,243697
1354,0.044662,172.31.47.0-255,66,118513,97,243697
1355,0.047216,172.217.194.0-255,2902,121415,97,243697
1356,0.047221,172.31.47.0-255,66,121481,97,243697
1357,0.047281,172.217.194.0-255,2902,124383,97,243697
1358,0.047285,172.31.47.0-255,66,124449,97,243697
1359,0.049805,172.217.194.0-255,2902,127351,97,243697
1360,0.049812,172.31.47.0-255,66,127417,97,243697
1361,0.049831,172.217.194.0-255,1484,128901,97,243697
1362,0.049834,172.31.47.0-255,66,128967,97,243697
1363,0.049852,172.217.194.0-255,1484,130451,97,243697
1364,0.049854,172.31.47.0-255,66,130517,97,243697
1365,0.052369,172.217.194.0-255,2902,133419,97,243697
1366,0.052376,172.31.47.0-255,66,133485,97,243697
1367,0.052413,172.217.194.0-255,2902,136387,97,243697
1368,0.052417,172.31.47.0-255,66,136453,97,243697
1369,0.054918,172.217.194.0-255,2902,139355,97,243697
1370,0.054924,172.31.47.0-255,66,139421,97,243697
1371,0.054957,172.217.194.0-255,2902,142323,97,243697
1372,0.05496,172.31.47.0-255,66,142389,97,243697
1373,0.057501,172.217.194.0-255,2902,145291,97,243697
1374,0.057507,172.31.47.0-255,66,145357,97,243697
1375,0.057542,172.217.194.0-255,2902,148259,97,243697
1376,0.057544,172.31.47.0-255,66,148325,97,243697
1377,0.060105,172.217.194.0-255,2902,151227,97,243697
1378,0.060111,172.31.47.0-255,66,151293,97,243697
1379,0.060131,172.217.194.0-255,2902,154195,97,243697
1380,0.060133,172.31.47.0-255,66,154261,97,243697
1381,0.062717,172.217.194.0-255,2902,157163,97,243697
1382,0.062723,172.31.47.0-255,66,157229,97,243697
1383,0.062754,172.217.194.0-255,2902,160131,97,243697
1384,0.062757,172.31.47.0-255,66,160197,97,243697
1385,0.065277,172.217.194.0-255,2902,163099,97,243697
1386,0.065282,172.31.47.0-255,66,163165,97,243697
1387,0.065301,172.217.194.0-255,1484,164649,97,243697
1388,0.065303,172.31.47.0-255,66,164715,97,243697
1389,0.065321,172.217.194.0-255,1484,166199,97,243697
1390,0.065323,172.31.47.0-255,66,166265,97,243697
1391,0.06788,172.217.194.0-255,2902,169167,97,243697
1392,0.067885,172.31.47.0-255,66,169233,97,243697
1393,0.06792,172.217.194.0-255,2902,172135,97,243697
1394,0.067923,172.31.47.0-255,66,172201,97,243697
1395,0.070428,172.217.194.0-255,2902,175103,97,243697
1396,0.070435,172.31.47.0-255,66,175169,97,243697
1397,0.070456,172.217.194.0-255,1484,176653,97,243697
1398,0.070458,172.31.47.0-255,66,176719,97,243697
1399,0.070475,172.217.194.0-255,1484,178203,97,243697
1400,0.070477,172.31.47.0-255,66,178269,97,243697
1401,0.073012,172.217.194.0-255,2902,181171,97,243697
1402,0.07302,172.31.47.0-255,66,181237,97,243697
1403,0.073054,172.217.194.0-255,2902,184139,97,243697
1404,0.073057,172.31.47.0-255,66,184205,97,243697
1405,0.075591,172.217.194.0-255,2902,187107,97,243697
1406,0.075603,172.31.47.0-255,66,187173,97,243697
1407,0.075625,172.217.194.0-255,2902,190075,97,243697
1408,0.075628,172.31.47.0-255,66,190141,97,243697
1409,0.078192,172.217.194.0-255,2902,193043,97,243697
1410,0.078203,172.31.47.0-255,66,193109,97,243697
1411,0.078227,172.217.194.0-255,2902,196011,97,243697
1412,0.07823,172.31.47.0-255,66,196077,97,243697
1413,0.080787,172.217.194.0-255,2902,198979,97,243697
1414,0.080795,172.31.47.0-255,66,199045,97,243697
1415,0.080861,172.217.194.0-255,2902,201947,97,243697
1416,0.080864,172.31.47.0-255,66,202013,97,243697
1417,0.083351,172.217.194.0-255,2902,204915,97,243697
1418,0.083359,172.31.47.0-255,66,204981,97,243697
1419,0.083404,172.217.194.0-255,2902,207883,97,243697
1420,0.083408,172.31.47.0-255,66,207949,97,243697
1421,0.08591,172.217.194.0-255,2902,210851,97,243697
1422,0.085917,172.31.47.0-255,66,210917,97,243697
1423,0.085939,172.217.194.0-255,2902,213819,97,243697
1424,0.085942,172.31.47.0-255,66,213885,97,243697
1425,0.088452,172.217.194.0-255,2902,216787,97,243697
1426,0.088458,172.31.47.0-255,66,216853,97,243697
1427,0.08848,172.217.194.0-255,2902,219755,97,243697
1428,0.088483,172.31.47.0-255,66,219821,97,243697
1429,0.091018,172.217.194.0-255,2902,222723,97,243697
1430,0.091025,172.31.47.0-255,66,222789,97,243697
1431,0.091042,172.217.194.0-255,1484,224273,97,243697
1432,0.091044,172.31.47.0-255,66,224339,97,243697
1433,0.091064,172.217.194.0-255,1484,225823,97,243697
1434,0.091066,172.31.47.0-255,66,225889,97,243697
1435,0.093593,172.217.194.0-255,2902,228791,97,243697
1436,0.093608,172.31.47.0-255,66,228857,97,243697
1437,0.093637,172.217.194.0-255,2902,231759,97,243697
1438,0.09364,172.31.47.0-255,66,231825,97,243697
1439,0.0962,172.217.194.0-255,2902,234727,97,243697
1440,0.096207,172.31.47.0-255,66,234793,97,243697
1441,0.096232,172.217.194.0-255,2902,237695,97,243697
1442,0.096235,172.31.47.0-255,66,237761,97,243697
1443,0.098761,172.217.194.0-255,2902,240663,97,243697
1444,0.098768,172.31.47.0-255,66,240729,97,243697
1445,0.098793,172.217.194.0-255,2902,243631,97,243697
1446,0.098796,172.31.47.0-255,66,243697,97,243697
1447,0.0,172.31.47.0-255,66,66,97,66
1448,0.0,31.13.82.0-255,105,105,97,171
1449,1.7e-05,172.31.47.0-255,66,171,97,171
1450,0.0,74.125.68.0-255,153,153,97,360119
1451,3e-05,172.31.47.0-255,66,219,97,360119
1452,3.7e-05,74.125.68.0-255,1484,1703,97,360119
1453,4e-05,172.31.47.0-255,66,1769,97,360119
1454,5.1e-05,74.125.68.0-255,2902,4671,97,360119
1455,5.4e-05,172.31.47.0-255,66,4737,97,360119
1456,5.8e-05,74.125.68.0-255,4320,9057,97,360119
1457,6.1e-05,172.31.47.0-255,66,9123,97,360119
1458,9e-05,74.125.68.0-255,2902,12025,97,360119
1459,9.3e-05,172.31.47.0-255,66,12091,97,360119
1460,0.000125,74.125.68.0-255,6417,18508,97,360119
1461,0.000128,172.31.47.0-255,66,18574,97,360119
1462,0.000138,172.31.47.0-255,66,18640,97,360119
1463,0.000149,74.125.68.0-255,2543,21183,97,360119
1464,0.000151,172.31.47.0-255,66,21249,97,360119
1465,0.000295,74.125.68.0-255,1484,22733,97,360119
1466,0.000299,172.31.47.0-255,66,22799,97,360119
1467,0.000304,74.125.68.0-255,2902,25701,97,360119
1468,0.000306,172.31.47.0-255,66,25767,97,360119
1469,0.000333,74.125.68.0-255,5738,31505,97,360119
1470,0.000336,172.31.47.0-255,66,31571,97,360119
1471,0.000373,172.31.47.0-255,66,31637,97,360119
1472,0.000383,172.31.47.0-255,66,31703,97,360119
1473,0.000408,74.125.68.0-255,5020,36723,97,360119
1474,0.000411,172.31.47.0-255,66,36789,97,360119
1475,0.000604,74.125.68.0-255,396,37185,97,360119
1476,0.000608,172.31.47.0-255,66,37251,97,360119
1477,0.000619,74.125.68.0-255,347,37598,97,360119
1478,0.000623,172.31.47.0-255,66,37664,97,360119
1479,0.000919,74.125.68.0-255,1484,39148,97,360119
1480,0.000934,74.125.68.0-255,2902,42050,97,360119
1481,0.000938,172.31.47.0-255,66,42116,97,360119
1482,0.000966,74.125.68.0-255,1484,43600,97,360119
1483,0.000972,74.125.68.0-255,2902,46502,97,360119
1484,0.000974,172.31.47.0-255,66,46568,97,360119
1485,0.000984,74.125.68.0-255,1484,48052,97,360119
1486,0.001004,74.125.68.0-255,4320,52372,97,360119
1487,0.001006,172.31.47.0-255,66,52438,97,360119
1488,0.001008,74.125.68.0-255,1484,53922,97,360119
1489,0.00101,74.125.68.0-255,1484,55406,97,360119
1490,0.001012,172.31.47.0-255,66,55472,97,360119
1491,0.00103,74.125.68.0-255,1484,56956,97,360119
1492,0.001053,74.125.68.0-255,5738,62694,97,360119
1493,0.001056,172.31.47.0-255,66,62760,97,360119
1494,0.00106,74.125.68.0-255,2902,65662,97,360119
1495,0.001063,172.31.47.0-255,66,65728,97,360119
1496,0.001122,74.125.68.0-255,6438,72166,97,360119
1497,0.001125,172.31.47.0-255,66,72232,97,360119
1498,0.001288,74.125.68.0-255,1484,73716,97,360119
1499,0.001312,74.125.68.0-255,2902,76618,97,360119
1500,0.001315,172.31.47.0-255,66,76684,97,360119
1501,0.001338,74.125.68.0-255,4320,81004,97,360119
1502,0.00134,172.31.47.0-255,66,81070,97,360119
1503,0.001373,74.125.68.0-255,4320,85390,97,360119
1504,0.001375,172.31.47.0-255,66,85456,97,360119
1505,0.001416,74.125.68.0-255,4830,90286,97,360119
1506,0.001418,172.31.47.0-255,66,90352,97,360119
1507,0.001456,74.125.68.0-255,5738,96090,97,360119
1508,0.001459,172.31.47.0-255,66,96156,97,360119
1509,0.001461,74.125.68.0-255,1484,97640,97,360119
1510,0.00148,74.125.68.0-255,1484,99124,97,360119
1511,0.001482,172.31.47.0-255,66,99190,97,360119
1512,0.001486,74.125.68.0-255,4320,103510,97,360119
1513,0.001488,172.31.47.0-255,66,103576,97,360119
1514,0.001547,74.125.68.0-255,5738,109314,97,360119
1515,0.001549,172.31.47.0-255,66,109380,97,360119
1516,0.001569,74.125.68.0-255,1484,110864,97,360119
1517,0.001578,172.31.47.0-255,66,110930,97,360119
1518,0.001582,74.125.68.0-255,3602,114532,97,360119
1519,0.001584,172.31.47.0-255,66,114598,97,360119
1520,0.001717,74.125.68.0-255,1484,116082,97,360119
1521,0.001737,74.125.68.0-255,2902,118984,97,360119
1522,0.001739,172.31.47.0-255,66,119050,97,360119
1523,0.001769,74.125.68.0-255,4320,123370,97,360119
1524,0.001771,172.31.47.0-255,66,123436,97,360119
1525,0.001791,74.125.68.0-255,1484,124920,97,360119
1526,0.001807,74.125.68.0-255,4320,129240,97,360119
1527,0.001809,172.31.47.0-255,66,129306,97,360119
1528,0.001832,74.125.68.0-255,2902,132208,97,360119
1529,0.001834,172.31.47.0-255,66,132274,97,360119
1530,0.001839,74.125.68.0-255,5738,138012,97,360119
1531,0.001841,172.31.47.0-255,66,138078,97,360119
1532,0.001858,74.125.68.0-255,7156,145234,97,360119
1533,0.00186,172.31.47.0-255,66,145300,97,360119
1534,0.001886,74.125.68.0-255,2902,148202,97,360119
1535,0.001888,172.31.47.0-255,66,148268,97,360119
1536,0.00191,74.125.68.0-255,766,149034,97,360119
1537,0.002212,74.125.68.0-255,1484,150518,97,360119
1538,0.002214,172.31.47.0-255,66,150584,97,360119
1539,0.002235,74.125.68.0-255,2902,153486,97,360119
1540,0.002237,172.31.47.0-255,66,153552,97,360119
1541,0.002258,74.125.68.0-255,4320,157872,97,360119
1542,0.00226,172.31.47.0-255,66,157938,97,360119
1543,0.00228,74.125.68.0-255,4320,162258,97,360119
1544,0.002281,172.31.47.0-255,66,162324,97,360119
1545,0.002307,74.125.68.0-255,4320,166644,97,360119
1546,0.002308,172.31.47.0-255,66,166710,97,360119
1547,0.002314,74.125.68.0-255,7156,173866,97,360119
1548,0.002316,172.31.47.0-255,66,173932,97,360119
1549,0.002334,74.125.68.0-255,2902,176834,97,360119
1550,0.002336,172.31.47.0-255,66,176900,97,360119
1551,0.002364,74.125.68.0-255,6438,183338,97,360119
1552,0.002366,172.31.47.0-255,66,183404,97,360119
1553,0.004944,74.125.68.0-255,5738,189142,97,360119
1554,0.004949,172.31.47.0-255,66,189208,97,360119
1555,0.007532,74.125.68.0-255,4320,193528,97,360119
1556,0.007538,172.31.47.0-255,66,193594,97,360119
1557,0.007555,74.125.68.0-255,1484,195078,97,360119
1558,0.010142,74.125.68.0-255,4320,199398,97,360119
1559,0.01015,172.31.47.0-255,66,199464,97,360119
1560,0.012733,74.125.68.0-255,1484,200948,97,360119
1561,0.012765,74.125.68.0-255,4320,205268,97,360119
1562,0.01277,172.31.47.0-255,66,205334,97,360119
1563,0.015353,74.125.68.0-255,5738,211072,97,360119
1564,0.015359,172.31.47.0-255,66,211138,97,360119
1565,0.017949,74.125.68.0-255,4320,215458,97,360119
1566,0.017956,172.31.47.0-255,66,215524,97,360119
1567,0.017996,74.125.68.0-255,1484,217008,97,360119
1568,0.02053,74.125.68.0-255,4320,221328,97,360119
1569,0.020535,172.31.47.0-255,66,221394,97,360119
1570,0.023123,74.125.68.0-255,5738,227132,97,360119
1571,0.02313,172.31.47.0-255,66,227198,97,360119
1572,0.025714,74.125.68.0-255,5738,232936,97,360119
1573,0.025721,172.31.47.0-255,66,233002,97,360119
1574,0.028321,74.125.68.0-255,5738,238740,97,360119
1575,0.02833,172.31.47.0-255,66,238806,97,360119
1576,0.030933,74.125.68.0-255,5738,244544,97,360119
1577,0.030947,172.31.47.0-255,66,244610,97,360119
1578,0.033551,74.125.68.0-255,5738,250348,97,360119
1579,0.033564,172.31.47.0-255,66,250414,97,360119
1580,0.036162,74.125.68.0-255,5738,256152,97,360119
1581,0.036176,172.31.47.0-255,66,256218,97,360119
1582,0.038775,74.125.68.0-255,5738,261956,97,360119
1583,0.038791,172.31.47.0-255,66,262022,97,360119
1584,0.041387,74.125.68.0-255,5738,267760,97,360119
1585,0.041401,172.31.47.0-255,66,267826,97,360119
1586,0.042111,172.31.47.0-255,167,267993,97,360119
1587,0.042139,172.31.47.0-255,1111,269104,97,360119
1588,0.04218,172.31.47.0-255,1514,270618,97,360119
1589,0.042181,172.31.47.0-255,1293,271911,97,360119
1590,0.043626,104.244.42.0-255,66,271977,97,360119
1591,0.043669,104.244.42.0-255,66,272043,97,360119
1592,0.043707,104.244.42.0-255,66,272109,97,360119
1593,0.043997,74.125.68.0-255,5738,277847,97,360119
1594,0.044002,172.31.47.0-255,66,277913,97,360119
1595,0.046584,74.125.68.0-255,2902,280815,97,360119
1596,0.046592,172.31.47.0-255,66,280881,97,360119
1597,0.046617,74.125.68.0-255,2902,283783,97,360119
1598,0.04662,172.31.47.0-255,66,283849,97,360119
1599,0.049168,74.125.68.0-255,2902,286751,97,360119
1600,0.049172,172.31.47.0-255,66,286817,97,360119
1601,0.049236,74.125.68.0-255,2902,289719,97,360119
1602,0.04924,172.31.47.0-255,66,289785,97,360119
1603,0.05177,74.125.68.0-255,2902,292687,97,360119
1604,0.051775,172.31.47.0-255,66,292753,97,360119
1605,0.051817,74.125.68.0-255,2902,295655,97,360119
1606,0.05182,172.31.47.0-255,66,295721,97,360119
1607,0.054342,74.125.68.0-255,2902,298623,97,360119
1608,0.054347,172.31.47.0-255,66,298689,97,360119
1609,0.054395,74.125.68.0-255,2902,301591,97,360119
1610,0.054398,172.31.47.0-255,66,301657,97,360119
1611,0.056918,74.125.68.0-255,2902,304559,97,360119
1612,0.056937,172.31.47.0-255,66,304625,97,360119
1613,0.056976,74.125.68.0-255,2902,307527,97,360119
1614,0.05698,172.31.47.0-255,66,307593,97,360119
1615,0.059512,74.125.68.0-255,2902,310495,97,360119
1616,0.059518,172.31.47.0-255,66,310561,97,360119
1617,0.059568,74.125.68.0-255,2902,313463,97,360119
1618,0.059572,172.31.47.0-255,66,313529,97,360119
1619,0.06211,74.125.68.0-255,2902,316431,97,360119
1620,0.062114,172.31.47.0-255,66,316497,97,360119
1621,0.062144,74.125.68.0-255,2902,319399,97,360119
1622,0.062146,172.31.47.0-255,66,319465,97,360119
1623,0.064703,74.125.68.0-255,2902,322367,97,360119
1624,0.064709,172.31.47.0-255,66,322433,97,360119
1625,0.064751,74.125.68.0-255,2902,325335,97,360119
1626,0.064755,172.31.47.0-255,66,325401,97,360119
1627,0.067279,74.125.68.0-255,2902,328303,97,360119
1628,0.067284,172.31.47.0-255,66,328369,97,360119
1629,0.067325,74.125.68.0-255,2902,331271,97,360119
1630,0.06733,172.31.47.0-255,66,331337,97,360119
1631,0.069858,74.125.68.0-255,2902,334239,97,360119
1632,0.069863,172.31.47.0-255,66,334305,97,360119
1633,0.069904,74.125.68.0-255,2902,337207,97,360119
1634,0.069908,172.31.47.0-255,66,337273,97,360119
1635,0.072434,74.125.68.0-255,2902,340175,97,360119
1636,0.072439,172.31.47.0-255,66,340241,97,360119
1637,0.072476,74.125.68.0-255,2902,343143,97,360119
1638,0.072479,172.31.47.0-255,66,343209,97,360119
1639,0.075015,74.125.68.0-255,2902,346111,97,360119
1640,0.07502,172.31.47.0-255,66,346177,97,360119
1641,0.075069,74.125.68.0-255,2902,349079,97,360119
1642,0.075072,172.31.47.0-255,66,349145,97,360119
1643,0.077601,74.125.68.0-255,2902,352047,97,360119
1644,0.077605,172.31.47.0-255,66,352113,97,360119
1645,0.077639,74.125.68.0-255,2902,355015,97,360119
1646,0.077642,172.31.47.0-255,66,355081,97,360119
1647,0.08019,74.125.68.0-255,2902,357983,97,360119
1648,0.080194,172.31.47.0-255,66,358049,97,360119
1649,0.080227,74.125.68.0-255,1833,359882,97,360119
1650,0.080229,172.31.47.0-255,66,359948,97,360119
1651,0.080368,172.31.47.0-255,105,360053,97,360119
1652,0.082902,74.125.68.0-255,66,360119,97,360119
1653,0.0,74.125.24.0-255,298,298,97,366500
1654,1.4e-05,172.31.47.0-255,66,364,97,366500
1655,2e-05,74.125.24.0-255,1484,1848,97,366500
1656,2.5e-05,172.31.47.0-255,66,1914,97,366500
1657,3.2e-05,74.125.24.0-255,4320,6234,97,366500
1658,3.6e-05,172.31.47.0-255,66,6300,97,366500
1659,5.2e-05,74.125.24.0-255,1484,7784,97,366500
1660,5.5e-05,172.31.47.0-255,66,7850,97,366500
1661,8.5e-05,74.125.24.0-255,6111,13961,97,366500
1662,8.8e-05,172.31.47.0-255,66,14027,97,366500
1663,0.000132,74.125.24.0-255,1484,15511,97,366500
1664,0.000136,172.31.47.0-255,66,15577,97,366500
1665,0.000141,74.125.24.0-255,2902,18479,97,366500
1666,0.000144,172.31.47.0-255,66,18545,97,366500
1667,0.000175,74.125.24.0-255,5738,24283,97,366500
1668,0.000179,172.31.47.0-255,66,24349,97,366500
1669,0.00019,74.125.24.0-255,1484,25833,97,366500
1670,0.000193,172.31.47.0-255,66,25899,97,366500
1671,0.000212,74.125.24.0-255,5379,31278,97,366500
1672,0.000215,172.31.47.0-255,66,31344,97,366500
1673,0.000221,74.125.24.0-255,4320,35664,97,366500
1674,0.000223,172.31.47.0-255,66,35730,97,366500
1675,0.000239,74.125.24.0-255,2902,38632,97,366500
1676,0.000244,172.31.47.0-255,66,38698,97,366500
1677,0.000268,74.125.24.0-255,4320,43018,97,366500
1678,0.000271,172.31.47.0-255,66,43084,97,366500
1679,0.000286,74.125.24.0-255,5379,48463,97,366500
1680,0.000289,172.31.47.0-255,66,48529,97,366500
1681,0.000781,74.125.24.0-255,1484,50013,97,366500
1682,0.000788,74.125.24.0-255,2902,52915,97,366500
1683,0.00079,74.125.24.0-255,1484,54399,97,366500
1684,0.000795,172.31.47.0-255,66,54465,97,366500
1685,0.0008,172.31.47.0-255,66,54531,97,366500
1686,0.000821,74.125.24.0-255,4320,58851,97,366500
1687,0.000825,172.31.47.0-255,66,58917,97,366500
1688,0.00085,74.125.24.0-255,4320,63237,97,366500
1689,0.000854,172.31.47.0-255,66,63303,97,366500
1690,0.00089,74.125.24.0-255,3122,66425,97,366500
1691,0.000893,172.31.47.0-255,66,66491,97,366500
1692,0.000911,74.125.24.0-255,1484,67975,97,366500
1693,0.000932,74.125.24.0-255,2902,70877,97,366500
1694,0.000936,172.31.47.0-255,66,70943,97,366500
1695,0.000943,74.125.24.0-255,5738,76681,97,366500
1696,0.000945,172.31.47.0-255,66,76747,97,366500
1697,0.00095,74.125.24.0-255,4320,81067,97,366500
1698,0.000953,172.31.47.0-255,66,81133,97,366500
1699,0.000994,74.125.24.0-255,2543,83676,97,366500
1700,0.000997,172.31.47.0-255,66,83742,97,366500
1701,0.001019,74.125.24.0-255,2902,86644,97,366500
1702,0.001023,172.31.47.0-255,66,86710,97,366500
1703,0.001041,74.125.24.0-255,7156,93866,97,366500
1704,0.001044,172.31.47.0-255,66,93932,97,366500
1705,0.001053,74.125.24.0-255,5738,99670,97,366500
1706,0.001055,172.31.47.0-255,66,99736,97,366500
1707,0.0011,74.125.24.0-255,1125,100861,97,366500
1708,0.001776,74.125.24.0-255,1484,102345,97,366500
1709,0.001782,74.125.24.0-255,2902,105247,97,366500
1710,0.001786,74.125.24.0-255,2902,108149,97,366500
1711,0.001798,172.31.47.0-255,66,108215,97,366500
1712,0.001803,172.31.47.0-255,66,108281,97,366500
1713,0.001805,172.31.47.0-255,66,108347,97,366500
1714,0.00181,74.125.24.0-255,2902,111249,97,366500
1715,0.001812,172.31.47.0-255,66,111315,97,366500
1716,0.001826,172.31.47.0-255,66,111381,97,366500
1717,0.001842,74.125.24.0-255,1484,112865,97,366500
1718,0.001854,172.31.47.0-255,66,112931,97,366500
1719,0.001875,74.125.24.0-255,2184,115115,97,366500
1720,0.001877,172.31.47.0-255,66,115181,97,366500
1721,0.002183,74.125.24.0-255,1484,116665,97,366500
1722,0.002187,74.125.24.0-255,1484,118149,97,366500
1723,0.00219,172.31.47.0-255,66,118215,97,366500
1724,0.00221,74.125.24.0-255,1484,119699,97,366500
1725,0.002216,74.125.24.0-255,5738,125437,97,366500
1726,0.002218,172.31.47.0-255,66,125503,97,366500
1727,0.002221,74.125.24.0-255,1484,126987,97,366500
1728,0.002246,74.125.24.0-255,4320,131307,97,366500
1729,0.002248,172.31.47.0-255,66,131373,97,366500
1730,0.002272,74.125.24.0-255,7156,138529,97,366500
1731,0.002274,172.31.47.0-255,66,138595,97,366500
1732,0.002285,172.31.47.0-255,66,138661,97,366500
1733,0.002287,74.125.24.0-255,766,139427,97,366500
1734,0.002605,172.31.47.0-255,66,139493,97,366500
1735,0.004578,74.125.24.0-255,4320,143813,97,366500
1736,0.004586,172.31.47.0-255,66,143879,97,366500
1737,0.004882,74.125.24.0-255,1484,145363,97,366500
1738,0.006854,74.125.24.0-255,4320,149683,97,366500
1739,0.006862,172.31.47.0-255,66,149749,97,366500
1740,0.009152,74.125.24.0-255,4320,154069,97,366500
1741,0.009157,172.31.47.0-255,66,154135,97,366500
1742,0.009176,74.125.24.0-255,1484,155619,97,366500
1743,0.011439,74.125.24.0-255,4320,159939,97,366500
1744,0.011447,172.31.47.0-255,66,160005,97,366500
1745,0.013744,74.125.24.0-255,5738,165743,97,366500
1746,0.013755,172.31.47.0-255,66,165809,97,366500
1747,0.016047,74.125.24.0-255,5738,171547,97,366500
1748,0.016056,172.31.47.0-255,66,171613,97,366500
1749,0.018355,74.125.24.0-255,5738,177351,97,366500
1750,0.018368,172.31.47.0-255,66,177417,97,366500
1751,0.020644,74.125.24.0-255,5738,183155,97,366500
1752,0.02065,172.31.47.0-255,66,183221,97,366500
1753,0.022951,74.125.24.0-255,5738,188959,97,366500
1754,0.022959,172.31.47.0-255,66,189025,97,366500
1755,0.023843,172.31.47.0-255,167,189192,97,366500
1756,0.023885,172.31.47.0-255,1111,190303,97,366500
1757,0.02394,172.31.47.0-255,1514,191817,97,366500
1758,0.023942,172.31.47.0-255,1293,193110,97,366500
1759,0.025259,74.125.24.0-255,5738,198848,97,366500
1760,0.025267,172.31.47.0-255,66,198914,97,366500
1761,0.02537,104.244.42.0-255,66,198980,97,366500
1762,0.025479,104.244.42.0-255,66,199046,97,366500
1763,0.025485,104.244.42.0-255,66,199112,97,366500
1764,0.027558,74.125.24.0-255,5738,204850,97,366500
1765,0.027564,172.31.47.0-255,66,204916,97,366500
1766,0.02985,74.125.24.0-255,5738,210654,97,366500
1767,0.029856,172.31.47.0-255,66,210720,97,366500
1768,0.032186,74.125.24.0-255,5738,216458,97,366500
1769,0.032202,172.31.47.0-255,66,216524,97,366500
1770,0.034487,74.125.24.0-255,5738,222262,97,366500
1771,0.034495,172.31.47.0-255,66,222328,97,366500
1772,0.036794,74.125.24.0-255,5738,228066,97,366500
1773,0.0368,172.31.47.0-255,66,228132,97,366500
1774,0.0391,74.125.24.0-255,5738,233870,97,366500
1775,0.039107,172.31.47.0-255,66,233936,97,366500
1776,0.041394,74.125.24.0-255,5738,239674,97,366500
1777,0.041401,172.31.47.0-255,66,239740,97,366500
1778,0.043711,74.125.24.0-255,5738,245478,97,366500
1779,0.043718,172.31.47.0-255,66,245544,97,366500
1780,0.046028,74.125.24.0-255,5738,251282,97,366500
1781,0.046035,172.31.47.0-255,66,251348,97,366500
1782,0.048334,74.125.24.0-255,5738,257086,97,366500
1783,0.048341,172.31.47.0-255,66,257152,97,366500
1784,0.050638,74.125.24.0-255,5738,262890,97,366500
1785,0.050644,172.31.47.0-255,66,262956,97,366500
1786,0.052936,74.125.24.0-255,5738,268694,97,366500
1787,0.052943,172.31.47.0-255,66,268760,97,366500
1788,0.055265,74.125.24.0-255,5738,274498,97,366500
1789,0.055271,172.31.47.0-255,66,274564,97,366500
1790,0.057596,74.125.24.0-255,5738,280302,97,366500
1791,0.057604,172.31.47.0-255,66,280368,97,366500
1792,0.059936,74.125.24.0-255,5738,286106,97,366500
1793,0.059943,172.31.47.0-255,66,286172,97,366500
1794,0.062238,74.125.24.0-255,5738,291910,97,366500
1795,0.062245,172.31.47.0-255,66,291976,97,366500
1796,0.064553,74.125.24.0-255,5738,297714,97,366500
1797,0.06456,172.31.47.0-255,66,297780,97,366500
1798,0.066867,74.125.24.0-255,5738,303518,97,366500
1799,0.066873,172.31.47.0-255,66,303584,97,366500
1800,0.069179,74.125.24.0-255,5738,309322,97,366500
1801,0.069185,172.31.47.0-255,66,309388,97,366500
1802,0.071461,74.125.24.0-255,5738,315126,97,366500
1803,0.071467,172.31.47.0-255,66,315192,97,366500
1804,0.073776,74.125.24.0-255,5738,320930,97,366500
1805,0.073783,172.31.47.0-255,66,320996,97,366500
1806,0.076082,74.125.24.0-255,5738,326734,97,366500
1807,0.076087,172.31.47.0-255,66,326800,97,366500
1808,0.078444,74.125.24.0-255,5738,332538,97,366500
1809,0.078451,172.31.47.0-255,66,332604,97,366500
1810,0.080744,74.125.24.0-255,5738,338342,97,366500
1811,0.080751,172.31.47.0-255,66,338408,97,366500
1812,0.083048,74.125.24.0-255,5738,344146,97,366500
1813,0.083054,172.31.47.0-255,66,344212,97,366500
1814,0.085362,74.125.24.0-255,5738,349950,97,366500
1815,0.085371,172.31.47.0-255,66,350016,97,366500
1816,0.087671,74.125.24.0-255,5738,355754,97,366500
1817,0.087677,172.31.47.0-255,66,355820,97,366500
1818,0.089971,74.125.24.0-255,5738,361558,97,366500
1819,0.089978,172.31.47.0-255,66,361624,97,366500
1820,0.092276,74.125.24.0-255,4639,366263,97,366500
1821,0.092283,172.31.47.0-255,66,366329,97,366500
1822,0.0925,172.31.47.0-255,105,366434,97,366500
1823,0.094795,74.125.24.0-255,66,366500,97,366500
1824,0.0,74.125.24.0-255,66,66,97,330
1825,1.2e-05,74.125.24.0-255,66,132,97,330
1826,2.4e-05,172.31.47.0-255,66,198,97,330
1827,0.000269,74.125.24.0-255,66,264,97,330
1828,0.03814,172.31.47.0-255,66,330,97,330
1829,0.0,172.217.24.0-255,431,431,97,97574
1830,2e-05,172.217.24.0-255,1484,1915,97,97574
1831,2.9e-05,172.31.47.0-255,66,1981,97,97574
1832,3.8e-05,172.217.24.0-255,2902,4883,97,97574
1833,4.1e-05,172.31.47.0-255,66,4949,97,97574
1834,5e-05,172.217.24.0-255,5738,10687,97,97574
1835,5.2e-05,172.31.47.0-255,66,10753,97,97574
1836,0.00022,172.217.24.0-255,3571,14324,97,97574
1837,0.000225,172.31.47.0-255,66,14390,97,97574
1838,0.000351,172.217.24.0-255,4320,18710,97,97574
1839,0.000356,172.31.47.0-255,66,18776,97,97574
1840,0.000495,172.217.24.0-255,7156,25932,97,97574
1841,0.0005,172.31.47.0-255,66,25998,97,97574
1842,0.000521,172.217.24.0-255,2902,28900,97,97574
1843,0.000526,172.31.47.0-255,66,28966,97,97574
1844,0.000841,172.217.24.0-255,1484,30450,97,97574
1845,0.002074,172.217.24.0-255,5738,36188,97,97574
1846,0.00208,172.31.47.0-255,66,36254,97,97574
1847,0.002157,172.217.24.0-255,4320,40574,97,97574
1848,0.00216,172.31.47.0-255,66,40640,97,97574
1849,0.002608,172.217.24.0-255,5738,46378,97,97574
1850,0.00264,172.217.24.0-255,1484,47862,97,97574
1851,0.005688,172.31.47.0-255,66,47928,97,97574
1852,0.006098,172.31.47.0-255,66,47994,97,97574
1853,0.007749,172.31.47.0-255,66,48060,97,97574
1854,0.00777,172.217.24.0-255,7156,55216,97,97574
1855,0.007867,172.217.24.0-255,1484,56700,97,97574
1856,0.008218,172.217.24.0-255,4320,61020,97,97574
1857,0.008571,172.217.24.0-255,4320,65340,97,97574
1858,0.008594,172.217.24.0-255,7156,72496,97,97574
1859,0.00977,172.217.24.0-255,2774,75270,97,97574
1860,0.010546,172.31.47.0-255,66,75336,97,97574
1861,0.012661,172.31.47.0-255,66,75402,97,97574
1862,0.012703,172.31.47.0-255,66,75468,97,97574
1863,0.012796,172.217.24.0-255,5738,81206,97,97574
1864,0.0128,172.31.47.0-255,66,81272,97,97574
1865,0.012842,172.31.47.0-255,66,81338,97,97574
1866,0.012873,172.31.47.0-255,66,81404,97,97574
1867,0.013244,172.217.24.0-255,5738,87142,97,97574
1868,0.013249,172.31.47.0-255,66,87208,97,97574
1869,0.013277,172.31.47.0-255,66,87274,97,97574
1870,0.013307,172.31.47.0-255,66,87340,97,97574
1871,0.0147,172.31.47.0-255,66,87406,97,97574
1872,0.014738,172.31.47.0-255,66,87472,97,97574
1873,0.014827,172.31.47.0-255,66,87538,97,97574
1874,0.01487,172.31.47.0-255,66,87604,97,97574
1875,0.014901,172.31.47.0-255,66,87670,97,97574
1876,0.015402,172.217.24.0-255,4320,91990,97,97574
1877,0.015407,172.31.47.0-255,66,92056,97,97574
1878,0.015441,172.31.47.0-255,66,92122,97,97574
1879,0.015643,172.31.47.0-255,105,92227,97,97574
1880,0.017628,172.217.24.0-255,66,92293,97,97574
1881,0.032541,172.31.47.0-255,176,92469,97,97574
1882,0.03257,172.31.47.0-255,1110,93579,97,97574
1883,0.032623,172.31.47.0-255,1514,95093,97,97574
1884,0.032624,172.31.47.0-255,1514,96607,97,97574
1885,0.032646,172.31.47.0-255,703,97310,97,97574
1886,0.034185,104.244.42.0-255,66,97376,97,97574
1887,0.034241,104.244.42.0-255,66,97442,97,97574
1888,0.034272,104.244.42.0-255,66,97508,97,97574
1889,0.034285,104.244.42.0-255,66,97574,97,97574
1890,0.0,172.31.47.0-255,105,105,97,459
1891,0.000111,172.31.47.0-255,90,195,97,459
1892,0.000118,172.31.47.0-255,66,261,97,459
1893,0.002769,74.125.200.0-255,66,327,97,459
1894,0.002781,74.125.200.0-255,66,393,97,459
1895,0.00279,172.31.47.0-255,66,459,97,459
1896,0.0,74.125.24.0-255,153,153,97,184929
1897,1.9e-05,172.31.47.0-255,66,219,97,184929
1898,2.5e-05,74.125.24.0-255,1484,1703,97,184929
1899,2.9e-05,172.31.47.0-255,66,1769,97,184929
1900,3.3e-05,74.125.24.0-255,2902,4671,97,184929
1901,3.6e-05,172.31.47.0-255,66,4737,97,184929
1902,7.4e-05,74.125.24.0-255,4320,9057,97,184929
1903,7.8e-05,172.31.47.0-255,66,9123,97,184929
1904,8.3e-05,74.125.24.0-255,4902,14025,97,184929
1905,8.5e-05,172.31.47.0-255,66,14091,97,184929
1906,0.00012,74.125.24.0-255,2902,16993,97,184929
1907,0.000123,172.31.47.0-255,66,17059,97,184929
1908,0.000127,74.125.24.0-255,4320,21379,97,184929
1909,0.000129,172.31.47.0-255,66,21445,97,184929
1910,0.000133,74.125.24.0-255,4320,25765,97,184929
1911,0.000136,172.31.47.0-255,66,25831,97,184929
1912,0.000151,74.125.24.0-255,4320,30151,97,184929
1913,0.000153,172.31.47.0-255,66,30217,97,184929
1914,0.000168,74.125.24.0-255,2902,33119,97,184929
1915,0.00017,172.31.47.0-255,66,33185,97,184929
1916,0.000201,172.31.47.0-255,66,33251,97,184929
1917,0.000204,74.125.24.0-255,2184,35435,97,184929
1918,0.000206,172.31.47.0-255,66,35501,97,184929
1919,0.000244,74.125.24.0-255,2902,38403,97,184929
1920,0.000248,172.31.47.0-255,66,38469,97,184929
1921,0.000268,74.125.24.0-255,2902,41371,97,184929
1922,0.000272,172.31.47.0-255,66,41437,97,184929
1923,0.00029,74.125.24.0-255,4320,45757,97,184929
1924,0.000293,172.31.47.0-255,66,45823,97,184929
1925,0.000295,74.125.24.0-255,1484,47307,97,184929
1926,0.000297,172.31.47.0-255,66,47373,97,184929
1927,0.00032,74.125.24.0-255,4320,51693,97,184929
1928,0.000323,172.31.47.0-255,66,51759,97,184929
1929,0.000338,74.125.24.0-255,1398,53157,97,184929
1930,0.000369,74.125.24.0-255,2902,56059,97,184929
1931,0.000372,172.31.47.0-255,66,56125,97,184929
1932,0.000391,74.125.24.0-255,1799,57924,97,184929
1933,0.000394,172.31.47.0-255,66,57990,97,184929
1934,0.000399,74.125.24.0-255,5738,63728,97,184929
1935,0.000403,172.31.47.0-255,66,63794,97,184929
1936,0.000446,74.125.24.0-255,6797,70591,97,184929
1937,0.000449,172.31.47.0-255,66,70657,97,184929
1938,0.000455,74.125.24.0-255,7156,77813,97,184929
1939,0.000459,172.31.47.0-255,66,77879,97,184929
1940,0.00047,74.125.24.0-255,1484,79363,97,184929
1941,0.000488,172.31.47.0-255,66,79429,97,184929
1942,0.000654,74.125.24.0-255,1484,80913,97,184929
1943,0.000658,74.125.24.0-255,1484,82397,97,184929
1944,0.000661,172.31.47.0-255,66,82463,97,184929
1945,0.000671,74.125.24.0-255,1484,83947,97,184929
1946,0.000685,74.125.24.0-255,2902,86849,97,184929
1947,0.000689,172.31.47.0-255,66,86915,97,184929
1948,0.000694,74.125.24.0-255,1484,88399,97,184929
1949,0.000697,74.125.24.0-255,1484,89883,97,184929
1950,0.000699,172.31.47.0-255,66,89949,97,184929
1951,0.000717,74.125.24.0-255,7156,97105,97,184929
1952,0.00072,172.31.47.0-255,66,97171,97,184929
1953,0.000735,74.125.24.0-255,1484,98655,97,184929
1954,0.000751,74.125.24.0-255,7156,105811,97,184929
1955,0.000753,172.31.47.0-255,66,105877,97,184929
1956,0.000771,172.31.47.0-255,66,105943,97,184929
1957,0.001025,74.125.24.0-255,1484,107427,97,184929
1958,0.001038,74.125.24.0-255,2902,110329,97,184929
1959,0.001042,172.31.47.0-255,66,110395,97,184929
1960,0.001053,74.125.24.0-255,1484,111879,97,184929
1961,0.001071,74.125.24.0-255,4320,116199,97,184929
1962,0.001074,172.31.47.0-255,66,116265,97,184929
1963,0.001113,172.31.47.0-255,66,116331,97,184929
1964,0.001128,74.125.24.0-255,4320,120651,97,184929
1965,0.001131,172.31.47.0-255,66,120717,97,184929
1966,0.00114,172.31.47.0-255,66,120783,97,184929
1967,0.001207,172.31.47.0-255,66,120849,97,184929
1968,0.001229,74.125.24.0-255,3602,124451,97,184929
1969,0.001232,172.31.47.0-255,66,124517,97,184929
1970,0.001235,74.125.24.0-255,2902,127419,97,184929
1971,0.001238,172.31.47.0-255,66,127485,97,184929
1972,0.001243,74.125.24.0-255,6438,133923,97,184929
1973,0.001245,172.31.47.0-255,66,133989,97,184929
1974,0.001249,74.125.24.0-255,2902,136891,97,184929
1975,0.00125,172.31.47.0-255,66,136957,97,184929
1976,0.001277,74.125.24.0-255,4320,141277,97,184929
1977,0.001279,172.31.47.0-255,66,141343,97,184929
1978,0.001285,74.125.24.0-255,7156,148499,97,184929
1979,0.001287,172.31.47.0-255,66,148565,97,184929
1980,0.00129,74.125.24.0-255,2902,151467,97,184929
1981,0.001292,172.31.47.0-255,66,151533,97,184929
1982,0.00133,172.31.47.0-255,66,151599,97,184929
1983,0.001334,74.125.24.0-255,3602,155201,97,184929
1984,0.001336,172.31.47.0-255,66,155267,97,184929
1985,0.00134,74.125.24.0-255,2902,158169,97,184929
1986,0.001342,172.31.47.0-255,66,158235,97,184929
1987,0.001365,74.125.24.0-255,1484,159719,97,184929
1988,0.001371,74.125.24.0-255,7156,166875,97,184929
1989,0.001374,172.31.47.0-255,66,166941,97,184929
1990,0.00139,74.125.24.0-255,2902,169843,97,184929
1991,0.001393,172.31.47.0-255,66,169909,97,184929
1992,0.0014,74.125.24.0-255,1484,171393,97,184929
1993,0.001429,172.31.47.0-255,66,171459,97,184929
1994,0.001443,172.31.47.0-255,66,171525,97,184929
1995,0.001478,172.31.47.0-255,66,171591,97,184929
1996,0.00149,172.31.47.0-255,66,171657,97,184929
1997,0.001516,74.125.24.0-255,766,172423,97,184929
1998,0.001529,172.31.47.0-255,66,172489,97,184929
1999,0.001565,172.31.47.0-255,66,172555,97,184929
2000,0.001612,172.31.47.0-255,66,172621,97,184929
2001,0.001654,74.125.24.0-255,3602,176223,97,184929
2002,0.001658,172.31.47.0-255,66,176289,97,184929
2003,0.001675,172.31.47.0-255,66,176355,97,184929
2004,0.001687,172.31.47.0-255,66,176421,97,184929
2005,0.001691,74.125.24.0-255,3919,180340,97,184929
2006,0.001693,172.31.47.0-255,66,180406,97,184929
2007,0.001696,74.125.24.0-255,105,180511,97,184929
2008,0.002896,172.31.47.0-255,66,180577,97,184929
2009,0.002918,172.31.47.0-255,105,180682,97,184929
2010,0.005075,74.125.24.0-255,66,180748,97,184929
2011,0.027834,172.31.47.0-255,172,180920,97,184929
2012,0.027894,172.31.47.0-255,1514,182434,97,184929
2013,0.027896,172.31.47.0-255,1514,183948,97,184929
2014,0.027897,172.31.47.0-255,783,184731,97,184929
2015,0.029476,104.244.42.0-255,66,184797,97,184929
2016,0.029569,104.244.42.0-255,66,184863,97,184929
2017,0.029571,104.244.42.0-255,66,184929,97,184929
2018,0.0,74.125.130.0-255,151,151,97,329951
2019,2.9e-05,172.31.47.0-255,66,217,97,329951
2020,3.6e-05,74.125.130.0-255,1484,1701,97,329951
2021,3.9e-05,172.31.47.0-255,66,1767,97,329951
2022,4.2e-05,74.125.130.0-255,1484,3251,97,329951
2023,4.4e-05,172.31.47.0-255,66,3317,97,329951
2024,6.2e-05,74.125.130.0-255,1484,4801,97,329951
2025,6.4e-05,172.31.47.0-255,66,4867,97,329951
2026,7.1e-05,74.125.130.0-255,5738,10605,97,329951
2027,7.3e-05,172.31.47.0-255,66,10671,97,329951
2028,9.8e-05,74.125.130.0-255,3572,14243,97,329951
2029,0.0001,172.31.47.0-255,66,14309,97,329951
2030,0.000131,74.125.130.0-255,1484,15793,97,329951
2031,0.000133,172.31.47.0-255,66,15859,97,329951
2032,0.000146,74.125.130.0-255,2902,18761,97,329951
2033,0.000147,172.31.47.0-255,66,18827,97,329951
2034,0.000164,74.125.130.0-255,5738,24565,97,329951
2035,0.000168,172.31.47.0-255,66,24631,97,329951
2036,0.0002,74.125.130.0-255,2902,27533,97,329951
2037,0.000203,172.31.47.0-255,66,27599,97,329951
2038,0.000222,74.125.130.0-255,3961,31560,97,329951
2039,0.000224,172.31.47.0-255,66,31626,97,329951
2040,0.000323,74.125.130.0-255,1484,33110,97,329951
2041,0.000327,172.31.47.0-255,66,33176,97,329951
2042,0.000332,74.125.130.0-255,2902,36078,97,329951
2043,0.000334,172.31.47.0-255,66,36144,97,329951
2044,0.000353,74.125.130.0-255,2902,39046,97,329951
2045,0.000356,172.31.47.0-255,66,39112,97,329951
2046,0.00036,74.125.130.0-255,2902,42014,97,329951
2047,0.000362,172.31.47.0-255,66,42080,97,329951
2048,0.000376,74.125.130.0-255,1484,43564,97,329951
2049,0.000378,172.31.47.0-255,66,43630,97,329951
2050,0.000395,74.125.130.0-255,4320,47950,97,329951
2051,0.000407,172.31.47.0-255,66,48016,97,329951
2052,0.00044,74.125.130.0-255,1125,49141,97,329951
2053,0.00052,74.125.130.0-255,1484,50625,97,329951
2054,0.000523,74.125.130.0-255,1484,52109,97,329951
2055,0.000524,172.31.47.0-255,66,52175,97,329951
2056,0.00054,74.125.130.0-255,1484,53659,97,329951
2057,0.000549,172.31.47.0-255,66,53725,97,329951
2058,0.000573,74.125.130.0-255,4320,58045,97,329951
2059,0.000579,74.125.130.0-255,5738,63783,97,329951
2060,0.00058,172.31.47.0-255,66,63849,97,329951
2061,0.000584,172.31.47.0-255,66,63915,97,329951
2062,0.000607,74.125.130.0-255,2842,66757,97,329951
2063,0.00061,172.31.47.0-255,66,66823,97,329951
2064,0.000656,74.125.130.0-255,378,67201,97,329951
2065,0.000736,172.31.47.0-255,66,67267,97,329951
2066,0.0009,74.125.130.0-255,1484,68751,97,329951
2067,0.000908,74.125.130.0-255,2902,71653,97,329951
2068,0.000926,74.125.130.0-255,5738,77391,97,329951
2069,0.000953,74.125.130.0-255,1484,78875,97,329951
2070,0.000969,74.125.130.0-255,5379,84254,97,329951
2071,0.001037,74.125.130.0-255,1484,85738,97,329951
2072,0.00105,74.125.130.0-255,2902,88640,97,329951
2073,0.001071,74.125.130.0-255,4320,92960,97,329951
2074,0.001104,74.125.130.0-255,1484,94444,97,329951
2075,0.001123,74.125.130.0-255,6797,101241,97,329951
2076,0.001707,74.125.130.0-255,1484,102725,97,329951
2077,0.00173,74.125.130.0-255,1484,104209,97,329951
2078,0.00175,74.125.130.0-255,2902,107111,97,329951
2079,0.001755,74.125.130.0-255,5738,112849,97,329951
2080,0.001776,74.125.130.0-255,4320,117169,97,329951
2081,0.0018,74.125.130.0-255,5738,122907,97,329951
2082,0.001812,74.125.130.0-255,766,123673,97,329951
2083,0.009856,172.31.47.0-255,66,123739,97,329951
2084,0.011869,74.125.130.0-255,1484,125223,97,329951
2085,0.012368,74.125.130.0-255,4320,129543,97,329951
2086,0.012374,172.31.47.0-255,66,129609,97,329951
2087,0.014885,74.125.130.0-255,5738,135347,97,329951
2088,0.014919,172.31.47.0-255,66,135413,97,329951
2089,0.017418,74.125.130.0-255,5738,141151,97,329951
2090,0.017427,172.31.47.0-255,66,141217,97,329951
2091,0.019927,74.125.130.0-255,5738,146955,97,329951
2092,0.019933,172.31.47.0-255,66,147021,97,329951
2093,0.022444,74.125.130.0-255,5738,152759,97,329951
2094,0.022451,172.31.47.0-255,66,152825,97,329951
2095,0.024948,74.125.130.0-255,5738,158563,97,329951
2096,0.024956,172.31.47.0-255,66,158629,97,329951
2097,0.027452,74.125.130.0-255,5738,164367,97,329951
2098,0.027459,172.31.47.0-255,66,164433,97,329951
2099,0.02996,74.125.130.0-255,5738,170171,97,329951
2100,0.029965,172.31.47.0-255,66,170237,97,329951
2101,0.032464,74.125.130.0-255,5738,175975,97,329951
2102,0.032469,172.31.47.0-255,66,176041,97,329951
2103,0.034978,74.125.130.0-255,5738,181779,97,329951
2104,0.034984,172.31.47.0-255,66,181845,97,329951
2105,0.037475,74.125.130.0-255,5738,187583,97,329951
2106,0.037481,172.31.47.0-255,66,187649,97,329951
2107,0.039978,74.125.130.0-255,5738,193387,97,329951
2108,0.039986,172.31.47.0-255,66,193453,97,329951
2109,0.042483,74.125.130.0-255,5738,199191,97,329951
2110,0.042492,172.31.47.0-255,66,199257,97,329951
2111,0.044989,74.125.130.0-255,5738,204995,97,329951
2112,0.044998,172.31.47.0-255,66,205061,97,329951
2113,0.047497,74.125.130.0-255,5738,210799,97,329951
2114,0.047508,172.31.47.0-255,66,210865,97,329951
2115,0.050008,74.125.130.0-255,5738,216603,97,329951
2116,0.050021,172.31.47.0-255,66,216669,97,329951
2117,0.052522,74.125.130.0-255,5738,222407,97,329951
2118,0.052531,172.31.47.0-255,66,222473,97,329951
2119,0.05508,74.125.130.0-255,5738,228211,97,329951
2120,0.055118,172.31.47.0-255,66,228277,97,329951
2121,0.057623,74.125.130.0-255,5738,234015,97,329951
2122,0.057633,172.31.47.0-255,66,234081,97,329951
2123,0.06014,74.125.130.0-255,5738,239819,97,329951
2124,0.060148,172.31.47.0-255,66,239885,97,329951
2125,0.061626,172.31.47.0-255,176,240061,97,329951
2126,0.061657,172.31.47.0-255,1110,241171,97,329951
2127,0.061703,172.31.47.0-255,1514,242685,97,329951
2128,0.061705,172.31.47.0-255,1294,243979,97,329951
2129,0.062645,74.125.130.0-255,5738,249717,97,329951
2130,0.06265,172.31.47.0-255,66,249783,97,329951
2131,0.063144,104.244.42.0-255,66,249849,97,329951
2132,0.06319,104.244.42.0-255,66,249915,97,329951
2133,0.063233,104.244.42.0-255,66,249981,97,329951
2134,0.065163,74.125.130.0-255,5738,255719,97,329951
2135,0.065169,172.31.47.0-255,66,255785,97,329951
2136,0.067659,74.125.130.0-255,5738,261523,97,329951
2137,0.067664,172.31.47.0-255,66,261589,97,329951
2138,0.070159,74.125.130.0-255,5738,267327,97,329951
2139,0.070167,172.31.47.0-255,66,267393,97,329951
2140,0.072664,74.125.130.0-255,5738,273131,97,329951
2141,0.072669,172.31.47.0-255,66,273197,97,329951
2142,0.075179,74.125.130.0-255,5738,278935,97,329951
2143,0.075184,172.31.47.0-255,66,279001,97,329951
2144,0.077698,74.125.130.0-255,4320,283321,97,329951
2145,0.077703,172.31.47.0-255,66,283387,97,329951
2146,0.077727,74.125.130.0-255,1484,284871,97,329951
2147,0.080198,74.125.130.0-255,4320,289191,97,329951
2148,0.080203,172.31.47.0-255,66,289257,97,329951
2149,0.082694,74.125.130.0-255,5738,294995,97,329951
2150,0.082738,172.31.47.0-255,66,295061,97,329951
2151,0.085232,74.125.130.0-255,5738,300799,97,329951
2152,0.085237,172.31.47.0-255,66,300865,97,329951
2153,0.087733,74.125.130.0-255,5738,306603,97,329951
2154,0.087737,172.31.47.0-255,66,306669,97,329951
2155,0.09023,74.125.130.0-255,5738,312407,97,329951
2156,0.090235,172.31.47.0-255,66,312473,97,329951
2157,0.09273,74.125.130.0-255,5738,318211,97,329951
2158,0.092735,172.31.47.0-255,66,318277,97,329951
2159,0.095226,74.125.130.0-255,1484,319761,97,329951
2160,0.095296,74.125.130.0-255,4320,324081,97,329951
2161,0.095302,172.31.47.0-255,66,324147,97,329951
2162,0.097812,74.125.130.0-255,5738,329885,97,329951
2163,0.097818,172.31.47.0-255,66,329951,97,329951
2164,0.0,172.217.194.0-255,97,97,97,427
2165,0.000618,172.253.118.0-255,66,163,97,427
2166,0.00064,172.253.118.0-255,66,229,97,427
2167,0.000657,172.31.47.0-255,66,295,97,427
2168,0.001422,172.217.194.0-255,66,361,97,427
2169,0.039738,172.31.47.0-255,66,427,97,427
2170,0.0,74.125.68.0-255,630,630,97,1131
2171,0.000213,74.125.68.0-255,66,696,97,1131
2172,0.00102,74.125.68.0-255,97,793,97,1131
2173,0.01037,172.31.47.0-255,97,890,97,1131
2174,0.010412,74.125.68.0-255,97,987,97,1131
2175,0.010423,172.31.47.0-255,78,1065,97,1131
2176,0.018193,74.125.68.0-255,66,1131,97,1131
2177,0.0,172.31.47.0-255,66,66,97,66
2178,0.0,172.31.47.0-255,66,66,97,66
2179,0.0,172.217.194.0-255,153,153,97,247393
2180,3.3e-05,172.31.47.0-255,66,219,97,247393
2181,4e-05,172.217.194.0-255,1484,1703,97,247393
2182,4.4e-05,172.31.47.0-255,66,1769,97,247393
2183,4.9e-05,172.217.194.0-255,2902,4671,97,247393
2184,5.2e-05,172.31.47.0-255,66,4737,97,247393
2185,5.9e-05,172.217.194.0-255,7156,11893,97,247393
2186,6.2e-05,172.31.47.0-255,66,11959,97,247393
2187,6.6e-05,172.217.194.0-255,2193,14152,97,247393
2188,6.8e-05,172.31.47.0-255,66,14218,97,247393
2189,0.00012,172.217.194.0-255,2902,17120,97,247393
2190,0.000124,172.31.47.0-255,66,17186,97,247393
2191,0.000128,172.217.194.0-255,2902,20088,97,247393
2192,0.00013,172.31.47.0-255,66,20154,97,247393
2193,0.000146,172.217.194.0-255,1484,21638,97,247393
2194,0.000149,172.31.47.0-255,66,21704,97,247393
2195,0.00016,172.31.47.0-255,66,21770,97,247393
2196,0.000163,172.217.194.0-255,1125,22895,97,247393
2197,0.000165,172.31.47.0-255,66,22961,97,247393
2198,0.000214,172.217.194.0-255,1484,24445,97,247393
2199,0.000218,172.31.47.0-255,66,24511,97,247393
2200,0.000222,172.217.194.0-255,2902,27413,97,247393
2201,0.000225,172.31.47.0-255,66,27479,97,247393
2202,0.000228,172.217.194.0-255,1484,28963,97,247393
2203,0.000229,172.31.47.0-255,66,29029,97,247393
2204,0.000253,172.217.194.0-255,4320,33349,97,247393
2205,0.000256,172.31.47.0-255,66,33415,97,247393
2206,0.000283,172.217.194.0-255,4320,37735,97,247393
2207,0.000286,172.31.47.0-255,66,37801,97,247393
2208,0.000306,172.217.194.0-255,3961,41762,97,247393
2209,0.000309,172.31.47.0-255,66,41828,97,247393
2210,0.000319,172.31.47.0-255,66,41894,97,247393
2211,0.000326,172.217.194.0-255,7093,48987,97,247393
2212,0.000328,172.217.194.0-255,381,49368,97,247393
2213,0.000331,172.31.47.0-255,66,49434,97,247393
2214,0.000558,172.217.194.0-255,1484,50918,97,247393
2215,0.000562,172.31.47.0-255,66,50984,97,247393
2216,0.000568,172.217.194.0-255,2902,53886,97,247393
2217,0.00057,172.31.47.0-255,66,53952,97,247393
2218,0.000575,172.217.194.0-255,2902,56854,97,247393
2219,0.000577,172.31.47.0-255,66,56920,97,247393
2220,0.000601,172.217.194.0-255,2902,59822,97,247393
2221,0.000604,172.31.47.0-255,66,59888,97,247393
2222,0.000617,172.31.47.0-255,66,59954,97,247393
2223,0.000636,172.217.194.0-255,2902,62856,97,247393
2224,0.000641,172.31.47.0-255,66,62922,97,247393
2225,0.000653,172.217.194.0-255,766,63688,97,247393
2226,0.000656,172.31.47.0-255,66,63754,97,247393
2227,0.000823,172.217.194.0-255,1484,65238,97,247393
2228,0.000827,172.31.47.0-255,66,65304,97,247393
2229,0.000832,172.217.194.0-255,2902,68206,97,247393
2230,0.000834,172.31.47.0-255,66,68272,97,247393
2231,0.000864,172.217.194.0-255,5738,74010,97,247393
2232,0.000867,172.31.47.0-255,66,74076,97,247393
2233,0.000871,172.217.194.0-255,2902,76978,97,247393
2234,0.000873,172.31.47.0-255,66,77044,97,247393
2235,0.000888,172.217.194.0-255,4320,81364,97,247393
2236,0.000906,172.31.47.0-255,66,81430,97,247393
2237,0.000921,172.31.47.0-255,66,81496,97,247393
2238,0.000925,172.217.194.0-255,1635,83131,97,247393
2239,0.000927,172.31.47.0-255,66,83197,97,247393
2240,0.001037,172.217.194.0-255,1484,84681,97,247393
2241,0.001044,172.217.194.0-255,2902,87583,97,247393
2242,0.001048,172.31.47.0-255,66,87649,97,247393
2243,0.001054,172.217.194.0-255,5738,93387,97,247393
2244,0.001057,172.31.47.0-255,66,93453,97,247393
2245,0.00106,172.217.194.0-255,1484,94937,97,247393
2246,0.001097,172.31.47.0-255,66,95003,97,247393
2247,0.001112,172.217.194.0-255,1484,96487,97,247393
2248,0.001128,172.217.194.0-255,5738,102225,97,247393
2249,0.001131,172.31.47.0-255,66,102291,97,247393
2250,0.001156,172.217.194.0-255,5020,107311,97,247393
2251,0.00116,172.31.47.0-255,66,107377,97,247393
2252,0.001166,172.217.194.0-255,5738,113115,97,247393
2253,0.001168,172.31.47.0-255,66,113181,97,247393
2254,0.001192,172.217.194.0-255,7156,120337,97,247393
2255,0.001196,172.31.47.0-255,66,120403,97,247393
2256,0.00121,172.31.47.0-255,66,120469,97,247393
2257,0.001213,172.217.194.0-255,1484,121953,97,247393
2258,0.001235,172.217.194.0-255,5020,126973,97,247393
2259,0.001238,172.31.47.0-255,66,127039,97,247393
2260,0.001268,172.217.194.0-255,7156,134195,97,247393
2261,0.001271,172.31.47.0-255,66,134261,97,247393
2262,0.001275,172.217.194.0-255,2902,137163,97,247393
2263,0.001278,172.31.47.0-255,66,137229,97,247393
2264,0.001306,172.31.47.0-255,66,137295,97,247393
2265,0.001345,172.31.47.0-255,66,137361,97,247393
2266,0.001392,172.217.194.0-255,1484,138845,97,247393
2267,0.001397,172.217.194.0-255,2902,141747,97,247393
2268,0.0014,172.31.47.0-255,66,141813,97,247393
2269,0.001406,172.217.194.0-255,5738,147551,97,247393
2270,0.001409,172.31.47.0-255,66,147617,97,247393
2271,0.001425,172.217.194.0-255,1484,149101,97,247393
2272,0.001446,172.217.194.0-255,5379,154480,97,247393
2273,0.001449,172.31.47.0-255,66,154546,97,247393
2274,0.001468,172.217.194.0-255,2902,157448,97,247393
2275,0.001471,172.31.47.0-255,66,157514,97,247393
2276,0.001494,172.217.194.0-255,5738,163252,97,247393
2277,0.001497,172.31.47.0-255,66,163318,97,247393
2278,0.001507,172.31.47.0-255,66,163384,97,247393
2279,0.001529,172.217.194.0-255,4320,167704,97,247393
2280,0.001532,172.31.47.0-255,66,167770,97,247393
2281,0.001573,172.31.47.0-255,66,167836,97,247393
2282,0.001618,172.217.194.0-255,1484,169320,97,247393
2283,0.001625,172.217.194.0-255,2902,172222,97,247393
2284,0.001629,172.31.47.0-255,66,172288,97,247393
2285,0.001651,172.217.194.0-255,5738,178026,97,247393
2286,0.001654,172.31.47.0-255,66,178092,97,247393
2287,0.00168,172.217.194.0-255,2902,180994,97,247393
2288,0.001682,172.31.47.0-255,66,181060,97,247393
2289,0.001702,172.217.194.0-255,3961,185021,97,247393
2290,0.001704,172.31.47.0-255,66,185087,97,247393
2291,0.00192,172.217.194.0-255,1484,186571,97,247393
2292,0.001936,172.217.194.0-255,2902,189473,97,247393
2293,0.001938,172.31.47.0-255,66,189539,97,247393
2294,0.00195,172.217.194.0-255,4320,193859,97,247393
2295,0.001952,172.31.47.0-255,66,193925,97,247393
2296,0.001972,172.217.194.0-255,1484,195409,97,247393
2297,0.001982,172.31.47.0-255,66,195475,97,247393
2298,0.002003,172.217.194.0-255,4320,199795,97,247393
2299,0.002005,172.31.47.0-255,66,199861,97,247393
2300,0.002012,172.217.194.0-255,7156,207017,97,247393
2301,0.002013,172.31.47.0-255,66,207083,97,247393
2302,0.002045,172.217.194.0-255,3602,210685,97,247393
2303,0.002047,172.31.47.0-255,66,210751,97,247393
2304,0.002256,172.217.194.0-255,1484,212235,97,247393
2305,0.002268,172.217.194.0-255,2902,215137,97,247393
2306,0.00227,172.31.47.0-255,66,215203,97,247393
2307,0.00229,172.217.194.0-255,5738,220941,97,247393
2308,0.002292,172.31.47.0-255,66,221007,97,247393
2309,0.002295,172.217.194.0-255,1484,222491,97,247393
2310,0.002331,172.31.47.0-255,66,222557,97,247393
2311,0.00235,172.217.194.0-255,4320,226877,97,247393
2312,0.002352,172.31.47.0-255,66,226943,97,247393
2313,0.002363,172.31.47.0-255,66,227009,97,247393
2314,0.002379,172.217.194.0-255,1484,228493,97,247393
2315,0.002391,172.217.194.0-255,2902,231395,97,247393
2316,0.002394,172.31.47.0-255,66,231461,97,247393
2317,0.002396,172.217.194.0-255,1484,232945,97,247393
2318,0.002415,172.217.194.0-255,4320,237265,97,247393
2319,0.002417,172.31.47.0-255,66,237331,97,247393
2320,0.002441,172.217.194.0-255,2902,240233,97,247393
2321,0.002444,172.31.47.0-255,66,240299,97,247393
2322,0.002473,172.31.47.0-255,66,240365,97,247393
2323,0.002475,172.217.194.0-255,1312,241677,97,247393
2324,0.002477,172.217.194.0-255,97,241774,97,247393
2325,0.002514,172.217.194.0-255,105,241879,97,247393
2326,0.007491,172.31.47.0-255,66,241945,97,247393
2327,0.00752,172.31.47.0-255,105,242050,97,247393
2328,0.009833,172.217.194.0-255,66,242116,97,247393
2329,0.027595,172.31.47.0-255,172,242288,97,247393
2330,0.027624,172.31.47.0-255,1110,243398,97,247393
2331,0.027659,172.31.47.0-255,1514,244912,97,247393
2332,0.02766,172.31.47.0-255,1514,246426,97,247393
2333,0.027681,172.31.47.0-255,703,247129,97,247393
2334,0.029228,104.244.42.0-255,66,247195,97,247393
2335,0.029269,104.244.42.0-255,66,247261,97,247393
2336,0.029324,104.244.42.0-255,66,247327,97,247393
2337,0.029326,104.244.42.0-255,66,247393,97,247393
2338,0.0,172.31.47.0-255,66,66,97,66
2339,0.0,172.31.47.0-255,66,66,97,66
2340,0.0,74.125.68.0-255,153,153,97,361361
2341,3.4e-05,172.31.47.0-255,66,219,97,361361
2342,5.8e-05,74.125.68.0-255,1484,1703,97,361361
2343,6.2e-05,172.31.47.0-255,66,1769,97,361361
2344,6.7e-05,74.125.68.0-255,2902,4671,97,361361
2345,7e-05,172.31.47.0-255,66,4737,97,361361
2346,7.4e-05,74.125.68.0-255,1484,6221,97,361361
2347,7.6e-05,172.31.47.0-255,66,6287,97,361361
2348,0.0001,74.125.68.0-255,4320,10607,97,361361
2349,0.000105,172.31.47.0-255,66,10673,97,361361
2350,0.000108,74.125.68.0-255,1484,12157,97,361361
2351,0.00011,172.31.47.0-255,66,12223,97,361361
2352,0.000131,74.125.68.0-255,5027,17250,97,361361
2353,0.000134,172.31.47.0-255,66,17316,97,361361
2354,0.000139,74.125.68.0-255,5738,23054,97,361361
2355,0.000143,172.31.47.0-255,66,23120,97,361361
2356,0.000149,74.125.68.0-255,7156,30276,97,361361
2357,0.000152,172.31.47.0-255,66,30342,97,361361
2358,0.000167,74.125.68.0-255,1125,31467,97,361361
2359,0.000169,172.31.47.0-255,66,31533,97,361361
2360,0.000337,74.125.68.0-255,1484,33017,97,361361
2361,0.000342,172.31.47.0-255,66,33083,97,361361
2362,0.000347,74.125.68.0-255,2902,35985,97,361361
2363,0.000349,172.31.47.0-255,66,36051,97,361361
2364,0.000384,74.125.68.0-255,5738,41789,97,361361
2365,0.000388,172.31.47.0-255,66,41855,97,361361
2366,0.000396,74.125.68.0-255,6797,48652,97,361361
2367,0.000399,172.31.47.0-255,66,48718,97,361361
2368,0.000554,74.125.68.0-255,1484,50202,97,361361
2369,0.000558,172.31.47.0-255,66,50268,97,361361
2370,0.000562,74.125.68.0-255,1484,51752,97,361361
2371,0.000564,172.31.47.0-255,66,51818,97,361361
2372,0.00058,74.125.68.0-255,1484,53302,97,361361
2373,0.000606,74.125.68.0-255,4320,57622,97,361361
2374,0.000609,172.31.47.0-255,66,57688,97,361361
2375,0.000613,74.125.68.0-255,2902,60590,97,361361
2376,0.000616,172.31.47.0-255,66,60656,97,361361
2377,0.000635,74.125.68.0-255,2902,63558,97,361361
2378,0.000638,172.31.47.0-255,66,63624,97,361361
2379,0.000642,74.125.68.0-255,2872,66496,97,361361
2380,0.000644,172.31.47.0-255,66,66562,97,361361
2381,0.000687,74.125.68.0-255,1484,68046,97,361361
2382,0.000709,74.125.68.0-255,2902,70948,97,361361
2383,0.000713,172.31.47.0-255,66,71014,97,361361
2384,0.000718,74.125.68.0-255,2902,73916,97,361361
2385,0.00072,172.31.47.0-255,66,73982,97,361361
2386,0.000734,74.125.68.0-255,2902,76884,97,361361
2387,0.000736,172.31.47.0-255,66,76950,97,361361
2388,0.000739,74.125.68.0-255,1484,78434,97,361361
2389,0.000743,74.125.68.0-255,2902,81336,97,361361
2390,0.000745,172.31.47.0-255,66,81402,97,361361
2391,0.000766,74.125.68.0-255,1484,82886,97,361361
2392,0.000781,74.125.68.0-255,4220,87106,97,361361
2393,0.000784,172.31.47.0-255,66,87172,97,361361
2394,0.000789,74.125.68.0-255,4320,91492,97,361361
2395,0.000791,172.31.47.0-255,66,91558,97,361361
2396,0.000821,74.125.68.0-255,5738,97296,97,361361
2397,0.000825,172.31.47.0-255,66,97362,97,361361
2398,0.000829,74.125.68.0-255,2902,100264,97,361361
2399,0.000833,172.31.47.0-255,66,100330,97,361361
2400,0.00084,74.125.68.0-255,1125,101455,97,361361
2401,0.000964,74.125.68.0-255,1484,102939,97,361361
2402,0.000967,172.31.47.0-255,66,103005,97,361361
2403,0.000973,74.125.68.0-255,2902,105907,97,361361
2404,0.000975,172.31.47.0-255,66,105973,97,361361
2405,0.000996,74.125.68.0-255,2902,108875,97,361361
2406,0.000999,172.31.47.0-255,66,108941,97,361361
2407,0.001005,74.125.68.0-255,4320,113261,97,361361
2408,0.001007,172.31.47.0-255,66,113327,97,361361
2409,0.001023,74.125.68.0-255,1484,114811,97,361361
2410,0.001039,74.125.68.0-255,5738,120549,97,361361
2411,0.001042,172.31.47.0-255,66,120615,97,361361
2412,0.00106,74.125.68.0-255,1484,122099,97,361361
2413,0.001065,74.125.68.0-255,2902,125001,97,361361
2414,0.001067,172.31.47.0-255,66,125067,97,361361
2415,0.001088,74.125.68.0-255,2902,127969,97,361361
2416,0.001092,172.31.47.0-255,66,128035,97,361361
2417,0.00111,172.31.47.0-255,66,128101,97,361361
2418,0.001153,74.125.68.0-255,4320,132421,97,361361
2419,0.001156,172.31.47.0-255,66,132487,97,361361
2420,0.001171,74.125.68.0-255,1484,133971,97,361361
2421,0.001176,74.125.68.0-255,2902,136873,97,361361
2422,0.001178,172.31.47.0-255,66,136939,97,361361
2423,0.0012,74.125.68.0-255,4320,141259,97,361361
2424,0.001203,172.31.47.0-255,66,141325,97,361361
2425,0.001215,172.31.47.0-255,66,141391,97,361361
2426,0.001235,74.125.68.0-255,2902,144293,97,361361
2427,0.001238,172.31.47.0-255,66,144359,97,361361
2428,0.001261,172.31.47.0-255,66,144425,97,361361
2429,0.001398,74.125.68.0-255,1484,145909,97,361361
2430,0.001417,74.125.68.0-255,2902,148811,97,361361
2431,0.00142,172.31.47.0-255,66,148877,97,361361
2432,0.001443,74.125.68.0-255,1484,150361,97,361361
2433,0.00146,74.125.68.0-255,4320,154681,97,361361
2434,0.001464,172.31.47.0-255,66,154747,97,361361
2435,0.001489,74.125.68.0-255,7156,161903,97,361361
2436,0.001492,172.31.47.0-255,66,161969,97,361361
2437,0.001496,74.125.68.0-255,1484,163453,97,361361
2438,0.00151,74.125.68.0-255,1484,164937,97,361361
2439,0.001513,172.31.47.0-255,66,165003,97,361361
2440,0.001528,74.125.68.0-255,1484,166487,97,361361
2441,0.001563,74.125.68.0-255,2902,169389,97,361361
2442,0.001567,172.31.47.0-255,66,169455,97,361361
2443,0.001588,74.125.68.0-255,2902,172357,97,361361
2444,0.001591,172.31.47.0-255,66,172423,97,361361
2445,0.001595,74.125.68.0-255,2902,175325,97,361361
2446,0.001597,172.31.47.0-255,66,175391,97,361361
2447,0.0016,74.125.68.0-255,1484,176875,97,361361
2448,0.001621,74.125.68.0-255,2184,179059,97,361361
2449,0.001624,172.31.47.0-255,66,179125,97,361361
2450,0.001689,74.125.68.0-255,1484,180609,97,361361
2451,0.001695,74.125.68.0-255,2902,183511,97,361361
2452,0.001698,172.31.47.0-255,66,183577,97,361361
2453,0.001701,74.125.68.0-255,1484,185061,97,361361
2454,0.001719,74.125.68.0-255,2902,187963,97,361361
2455,0.001721,172.31.47.0-255,66,188029,97,361361
2456,0.001726,74.125.68.0-255,5738,193767,97,361361
2457,0.001728,172.31.47.0-255,66,193833,97,361361
2458,0.001782,74.125.68.0-255,5738,199571,97,361361
2459,0.001785,172.31.47.0-255,66,199637,97,361361
2460,0.0018,74.125.68.0-255,5738,205375,97,361361
2461,0.001803,172.31.47.0-255,66,205441,97,361361
2462,0.001807,74.125.68.0-255,4320,209761,97,361361
2463,0.00181,172.31.47.0-255,66,209827,97,361361
2464,0.001814,74.125.68.0-255,3602,213429,97,361361
2465,0.001817,172.31.47.0-255,66,213495,97,361361
2466,0.002058,74.125.68.0-255,1484,214979,97,361361
2467,0.002062,74.125.68.0-255,1484,216463,97,361361
2468,0.002066,172.31.47.0-255,66,216529,97,361361
2469,0.002079,74.125.68.0-255,1484,218013,97,361361
2470,0.002082,74.125.68.0-255,1484,219497,97,361361
2471,0.002084,172.31.47.0-255,66,219563,97,361361
2472,0.002108,74.125.68.0-255,4320,223883,97,361361
2473,0.002113,172.31.47.0-255,66,223949,97,361361
2474,0.002145,74.125.68.0-255,5738,229687,97,361361
2475,0.002149,172.31.47.0-255,66,229753,97,361361
2476,0.00217,74.125.68.0-255,5738,235491,97,361361
2477,0.002175,172.31.47.0-255,66,235557,97,361361
2478,0.00218,172.31.47.0-255,66,235623,97,361361
2479,0.002199,74.125.68.0-255,3602,239225,97,361361
2480,0.002201,74.125.68.0-255,1484,240709,97,361361
2481,0.002204,74.125.68.0-255,1484,242193,97,361361
2482,0.002206,172.31.47.0-255,66,242259,97,361361
2483,0.002209,172.31.47.0-255,66,242325,97,361361
2484,0.002215,74.125.68.0-255,1484,243809,97,361361
2485,0.002227,74.125.68.0-255,1484,245293,97,361361
2486,0.00223,172.31.47.0-255,66,245359,97,361361
2487,0.002246,74.125.68.0-255,4320,249679,97,361361
2488,0.002249,172.31.47.0-255,66,249745,97,361361
2489,0.002256,74.125.68.0-255,7156,256901,97,361361
2490,0.002258,172.31.47.0-255,66,256967,97,361361
2491,0.002284,74.125.68.0-255,1484,258451,97,361361
2492,0.002297,172.31.47.0-255,66,258517,97,361361
2493,0.002303,74.125.68.0-255,5020,263537,97,361361
2494,0.002305,172.31.47.0-255,66,263603,97,361361
2495,0.002344,74.125.68.0-255,1484,265087,97,361361
2496,0.002359,74.125.68.0-255,1484,266571,97,361361
2497,0.002364,172.31.47.0-255,66,266637,97,361361
2498,0.002372,74.125.68.0-255,1484,268121,97,361361
2499,0.002386,74.125.68.0-255,2902,271023,97,361361
2500,0.002389,172.31.47.0-255,66,271089,97,361361
2501,0.002402,74.125.68.0-255,1484,272573,97,361361
2502,0.002425,74.125.68.0-255,7156,279729,97,361361
2503,0.002428,74.125.68.0-255,2902,282631,97,361361
2504,0.002429,172.31.47.0-255,66,282697,97,361361
2505,0.002432,172.31.47.0-255,66,282763,97,361361
2506,0.002451,74.125.68.0-255,1484,284247,97,361361
2507,0.002457,74.125.68.0-255,5738,289985,97,361361
2508,0.00246,172.31.47.0-255,66,290051,97,361361
2509,0.002466,74.125.68.0-255,5738,295789,97,361361
2510,0.002469,172.31.47.0-255,66,295855,97,361361
2511,0.002489,74.125.68.0-255,3602,299457,97,361361
2512,0.002492,172.31.47.0-255,66,299523,97,361361
2513,0.002495,74.125.68.0-255,1484,301007,97,361361
2514,0.004911,74.125.68.0-255,4320,305327,97,361361
2515,0.004916,172.31.47.0-255,66,305393,97,361361
2516,0.007345,74.125.68.0-255,4320,309713,97,361361
2517,0.007349,172.31.47.0-255,66,309779,97,361361
2518,0.007363,74.125.68.0-255,1484,311263,97,361361
2519,0.009774,74.125.68.0-255,4320,315583,97,361361
2520,0.00978,172.31.47.0-255,66,315649,97,361361
2521,0.012227,74.125.68.0-255,5738,321387,97,361361
2522,0.012234,172.31.47.0-255,66,321453,97,361361
2523,0.014669,74.125.68.0-255,5738,327191,97,361361
2524,0.014675,172.31.47.0-255,66,327257,97,361361
2525,0.017135,74.125.68.0-255,5738,332995,97,361361
2526,0.017142,172.31.47.0-255,66,333061,97,361361
2527,0.019572,74.125.68.0-255,5738,338799,97,361361
2528,0.019579,172.31.47.0-255,66,338865,97,361361
2529,0.022013,74.125.68.0-255,5738,344603,97,361361
2530,0.02202,172.31.47.0-255,66,344669,97,361361
2531,0.024478,74.125.68.0-255,5738,350407,97,361361
2532,0.024498,172.31.47.0-255,66,350473,97,361361
2533,0.026937,74.125.68.0-255,4320,354793,97,361361
2534,0.026954,172.31.47.0-255,66,354859,97,361361
2535,0.026973,74.125.68.0-255,1484,356343,97,361361
2536,0.029384,74.125.68.0-255,493,356836,97,361361
2537,0.029397,172.31.47.0-255,66,356902,97,361361
2538,0.02962,172.31.47.0-255,105,357007,97,361361
2539,0.032019,74.125.68.0-255,66,357073,97,361361
2540,0.048269,172.31.47.0-255,172,357245,97,361361
2541,0.048302,172.31.47.0-255,1112,358357,97,361361
2542,0.048341,172.31.47.0-255,1514,359871,97,361361
2543,0.048343,172.31.47.0-255,1292,361163,97,361361
2544,0.049905,104.244.42.0-255,66,361229,97,361361
2545,0.050115,104.244.42.0-255,66,361295,97,361361
2546,0.050124,104.244.42.0-255,66,361361,97,361361
2547,0.0,172.31.47.0-255,66,66,97,66
2548,0.0,172.31.47.0-255,66,66,97,66
2549,0.0,172.31.47.0-255,66,66,97,66
2550,0.0,172.217.194.0-255,321,321,97,165665
2551,3.6e-05,172.31.47.0-255,66,387,97,165665
2552,4.3e-05,172.217.194.0-255,1484,1871,97,165665
2553,4.8e-05,172.31.47.0-255,66,1937,97,165665
2554,6.1e-05,172.217.194.0-255,4320,6257,97,165665
2555,6.4e-05,172.31.47.0-255,66,6323,97,165665
2556,7.5e-05,172.31.47.0-255,66,6389,97,165665
2557,8.1e-05,172.217.194.0-255,5738,12127,97,165665
2558,8.3e-05,172.31.47.0-255,66,12193,97,165665
2559,0.000112,172.217.194.0-255,2902,15095,97,165665
2560,0.000115,172.31.47.0-255,66,15161,97,165665
2561,0.000134,172.31.47.0-255,66,15227,97,165665
2562,0.000147,172.31.47.0-255,66,15293,97,165665
2563,0.000174,172.217.194.0-255,5738,21031,97,165665
2564,0.000177,172.31.47.0-255,66,21097,97,165665
2565,0.000208,172.217.194.0-255,4248,25345,97,165665
2566,0.000212,172.31.47.0-255,66,25411,97,165665
2567,0.000215,172.217.194.0-255,101,25512,97,165665
2568,0.000217,172.31.47.0-255,66,25578,97,165665
2569,0.000253,172.217.194.0-255,1484,27062,97,165665
2570,0.000256,172.31.47.0-255,66,27128,97,165665
2571,0.00026,172.217.194.0-255,2902,30030,97,165665
2572,0.000262,172.31.47.0-255,66,30096,97,165665
2573,0.000284,172.217.194.0-255,5738,35834,97,165665
2574,0.000287,172.31.47.0-255,66,35900,97,165665
2575,0.00029,172.217.194.0-255,1484,37384,97,165665
2576,0.000292,172.31.47.0-255,66,37450,97,165665
2577,0.000339,172.31.47.0-255,66,37516,97,165665
2578,0.000352,172.31.47.0-255,66,37582,97,165665
2579,0.000406,172.217.194.0-255,1484,39066,97,165665
2580,0.000413,172.217.194.0-255,2902,41968,97,165665
2581,0.000416,172.31.47.0-255,66,42034,97,165665
2582,0.000422,172.217.194.0-255,5738,47772,97,165665
2583,0.000425,172.31.47.0-255,66,47838,97,165665
2584,0.000437,172.31.47.0-255,66,47904,97,165665
2585,0.000442,172.217.194.0-255,4320,52224,97,165665
2586,0.000448,172.31.47.0-255,66,52290,97,165665
2587,0.000468,172.217.194.0-255,6438,58728,97,165665
2588,0.00047,172.31.47.0-255,66,58794,97,165665
2589,0.000475,172.217.194.0-255,2902,61696,97,165665
2590,0.000478,172.31.47.0-255,66,61762,97,165665
2591,0.000527,172.31.47.0-255,66,61828,97,165665
2592,0.000532,172.217.194.0-255,2902,64730,97,165665
2593,0.000534,172.31.47.0-255,66,64796,97,165665
2594,0.000581,172.31.47.0-255,66,64862,97,165665
2595,0.000593,172.217.194.0-255,5738,70600,97,165665
2596,0.000595,172.31.47.0-255,66,70666,97,165665
2597,0.000635,172.31.47.0-255,66,70732,97,165665
2598,0.000647,172.31.47.0-255,66,70798,97,165665
2599,0.000672,172.217.194.0-255,1902,72700,97,165665
2600,0.000676,172.31.47.0-255,66,72766,97,165665
2601,0.000678,172.217.194.0-255,6797,79563,97,165665
2602,0.00068,172.31.47.0-255,66,79629,97,165665
2603,0.000823,172.217.194.0-255,1484,81113,97,165665
2604,0.000829,172.217.194.0-255,2902,84015,97,165665
2605,0.000832,172.31.47.0-255,66,84081,97,165665
2606,0.000838,172.217.194.0-255,4320,88401,97,165665
2607,0.00084,172.31.47.0-255,66,88467,97,165665
2608,0.000857,172.217.194.0-255,1484,89951,97,165665
2609,0.000896,172.217.194.0-255,7156,97107,97,165665
2610,0.000899,172.31.47.0-255,66,97173,97,165665
2611,0.000925,172.217.194.0-255,6797,103970,97,165665
2612,0.000928,172.31.47.0-255,66,104036,97,165665
2613,0.000956,172.31.47.0-255,66,104102,97,165665
2614,0.000962,172.31.47.0-255,66,104168,97,165665
2615,0.000983,172.217.194.0-255,2902,107070,97,165665
2616,0.000986,172.31.47.0-255,66,107136,97,165665
2617,0.001026,172.31.47.0-255,66,107202,97,165665
2618,0.001037,172.31.47.0-255,66,107268,97,165665
2619,0.001121,172.31.47.0-255,66,107334,97,165665
2620,0.001136,172.31.47.0-255,66,107400,97,165665
2621,0.00114,172.217.194.0-255,2902,110302,97,165665
2622,0.001142,172.31.47.0-255,66,110368,97,165665
2623,0.001185,172.31.47.0-255,66,110434,97,165665
2624,0.001374,172.217.194.0-255,1484,111918,97,165665
2625,0.001379,172.217.194.0-255,1484,113402,97,165665
2626,0.001381,172.31.47.0-255,66,113468,97,165665
2627,0.001406,172.217.194.0-255,1484,114952,97,165665
2628,0.001411,172.217.194.0-255,5738,120690,97,165665
2629,0.001414,172.31.47.0-255,66,120756,97,165665
2630,0.00142,172.217.194.0-255,6797,127553,97,165665
2631,0.001422,172.31.47.0-255,66,127619,97,165665
2632,0.00146,172.217.194.0-255,2902,130521,97,165665
2633,0.001463,172.31.47.0-255,66,130587,97,165665
2634,0.001489,172.217.194.0-255,4320,134907,97,165665
2635,0.001493,172.31.47.0-255,66,134973,97,165665
2636,0.001502,172.31.47.0-255,66,135039,97,165665
2637,0.001505,172.217.194.0-255,1125,136164,97,165665
2638,0.001584,172.217.194.0-255,1484,137648,97,165665
2639,0.001587,172.31.47.0-255,66,137714,97,165665
2640,0.001592,172.217.194.0-255,2902,140616,97,165665
2641,0.001594,172.31.47.0-255,66,140682,97,165665
2642,0.001614,172.217.194.0-255,5738,146420,97,165665
2643,0.001617,172.31.47.0-255,66,146486,97,165665
2644,0.001623,172.217.194.0-255,7156,153642,97,165665
2645,0.00163,172.31.47.0-255,66,153708,97,165665
2646,0.001663,172.217.194.0-255,4147,157855,97,165665
2647,0.001666,172.31.47.0-255,66,157921,97,165665
2648,0.001682,172.217.194.0-255,105,158026,97,165665
2649,0.003137,172.31.47.0-255,66,158092,97,165665
2650,0.003163,172.31.47.0-255,105,158197,97,165665
2651,0.00516,172.217.194.0-255,66,158263,97,165665
2652,0.026447,172.31.47.0-255,172,158435,97,165665
2653,0.026477,172.31.47.0-255,1107,159542,97,165665
2654,0.026518,172.31.47.0-255,1514,161056,97,165665
2655,0.026539,172.31.47.0-255,1514,162570,97,165665
2656,0.026541,172.31.47.0-255,1514,164084,97,165665
2657,0.02656,172.31.47.0-255,1077,165161,97,165665
2658,0.028018,104.244.42.0-255,66,165227,97,165665
2659,0.028031,104.244.42.0-255,66,165293,97,165665
2660,0.02809,104.244.42.0-255,66,165359,97,165665
2661,0.028095,104.244.42.0-255,66,165425,97,165665
2662,0.028097,104.244.42.0-255,66,165491,97,165665
2663,0.028821,104.244.42.0-255,108,165599,97,165665
2664,0.028828,172.31.47.0-255,66,165665,97,165665
2665,0.0,172.217.194.0-255,298,298,97,204743
2666,5.2e-05,172.31.47.0-255,66,364,97,204743
2667,6e-05,172.217.194.0-255,1484,1848,97,204743
2668,6.4e-05,172.31.47.0-255,66,1914,97,204743
2669,7.1e-05,172.217.194.0-255,4320,6234,97,204743
2670,7.4e-05,172.31.47.0-255,66,6300,97,204743
2671,8.8e-05,172.31.47.0-255,66,6366,97,204743
2672,9.9e-05,172.31.47.0-255,66,6432,97,204743
2673,0.000115,172.217.194.0-255,1484,7916,97,204743
2674,0.000122,172.31.47.0-255,66,7982,97,204743
2675,0.000129,172.217.194.0-255,3961,11943,97,204743
2676,0.000131,172.31.47.0-255,66,12009,97,204743
2677,0.000781,172.217.194.0-255,1484,13493,97,204743
2678,0.000786,172.31.47.0-255,66,13559,97,204743
2679,0.000794,172.217.194.0-255,2902,16461,97,204743
2680,0.000797,172.31.47.0-255,66,16527,97,204743
2681,0.0008,172.217.194.0-255,1484,18011,97,204743
2682,0.000802,172.31.47.0-255,66,18077,97,204743
2683,0.000823,172.217.194.0-255,4320,22397,97,204743
2684,0.000825,172.31.47.0-255,66,22463,97,204743
2685,0.000831,172.217.194.0-255,5738,28201,97,204743
2686,0.000833,172.31.47.0-255,66,28267,97,204743
2687,0.000857,172.217.194.0-255,7156,35423,97,204743
2688,0.000859,172.31.47.0-255,66,35489,97,204743
2689,0.000864,172.217.194.0-255,5738,41227,97,204743
2690,0.000866,172.31.47.0-255,66,41293,97,204743
2691,0.000881,172.217.194.0-255,4320,45613,97,204743
2692,0.000883,172.31.47.0-255,66,45679,97,204743
2693,0.000886,172.217.194.0-255,766,46445,97,204743
2694,0.000888,172.31.47.0-255,66,46511,97,204743
2695,0.000926,172.217.194.0-255,1484,47995,97,204743
2696,0.000941,172.217.194.0-255,2902,50897,97,204743
2697,0.000943,172.31.47.0-255,66,50963,97,204743
2698,0.000958,172.217.194.0-255,1484,52447,97,204743
2699,0.000963,172.217.194.0-255,4320,56767,97,204743
2700,0.000965,172.31.47.0-255,66,56833,97,204743
2701,0.000989,172.217.194.0-255,5738,62571,97,204743
2702,0.000991,172.31.47.0-255,66,62637,97,204743
2703,0.000995,172.217.194.0-255,4320,66957,97,204743
2704,0.000998,172.31.47.0-255,66,67023,97,204743
2705,0.001016,172.217.194.0-255,5738,72761,97,204743
2706,0.001018,172.31.47.0-255,66,72827,97,204743
2707,0.001029,172.31.47.0-255,66,72893,97,204743
2708,0.001042,172.217.194.0-255,3602,76495,97,204743
2709,0.001044,172.31.47.0-255,66,76561,97,204743
2710,0.001057,172.31.47.0-255,66,76627,97,204743
2711,0.001062,172.217.194.0-255,4320,80947,97,204743
2712,0.001064,172.31.47.0-255,66,81013,97,204743
2713,0.001084,172.217.194.0-255,6438,87451,97,204743
2714,0.001086,172.31.47.0-255,66,87517,97,204743
2715,0.001088,172.217.194.0-255,645,88162,97,204743
2716,0.001114,172.217.194.0-255,1484,89646,97,204743
2717,0.001116,172.31.47.0-255,66,89712,97,204743
2718,0.001121,172.217.194.0-255,4320,94032,97,204743
2719,0.001123,172.31.47.0-255,66,94098,97,204743
2720,0.001149,172.31.47.0-255,66,94164,97,204743
2721,0.001152,172.217.194.0-255,1484,95648,97,204743
2722,0.001172,172.217.194.0-255,4320,99968,97,204743
2723,0.001174,172.31.47.0-255,66,100034,97,204743
2724,0.001208,172.217.194.0-255,2902,102936,97,204743
2725,0.00121,172.31.47.0-255,66,103002,97,204743
2726,0.001227,172.217.194.0-255,2902,105904,97,204743
2727,0.001229,172.31.47.0-255,66,105970,97,204743
2728,0.001235,172.217.194.0-255,6438,112408,97,204743
2729,0.001237,172.31.47.0-255,66,112474,97,204743
2730,0.00133,172.217.194.0-255,1484,113958,97,204743
2731,0.001347,172.217.194.0-255,2902,116860,97,204743
2732,0.001349,172.31.47.0-255,66,116926,97,204743
2733,0.001353,172.217.194.0-255,2902,119828,97,204743
2734,0.001356,172.31.47.0-255,66,119894,97,204743
2735,0.001369,172.217.194.0-255,2902,122796,97,204743
2736,0.001371,172.31.47.0-255,66,122862,97,204743
2737,0.00144,172.31.47.0-255,66,122928,97,204743
2738,0.001447,172.217.194.0-255,7156,130084,97,204743
2739,0.001449,172.31.47.0-255,66,130150,97,204743
2740,0.001461,172.217.194.0-255,1484,131634,97,204743
2741,0.001476,172.217.194.0-255,2184,133818,97,204743
2742,0.001478,172.31.47.0-255,66,133884,97,204743
2743,0.001586,172.217.194.0-255,1484,135368,97,204743
2744,0.001593,172.217.194.0-255,2902,138270,97,204743
2745,0.001596,172.31.47.0-255,66,138336,97,204743
2746,0.00162,172.217.194.0-255,5738,144074,97,204743
2747,0.001623,172.31.47.0-255,66,144140,97,204743
2748,0.001626,172.217.194.0-255,1484,145624,97,204743
2749,0.001632,172.217.194.0-255,4320,149944,97,204743
2750,0.001634,172.31.47.0-255,66,150010,97,204743
2751,0.001653,172.217.194.0-255,4320,154330,97,204743
2752,0.001656,172.31.47.0-255,66,154396,97,204743
2753,0.001659,172.217.194.0-255,1484,155880,97,204743
2754,0.00169,172.31.47.0-255,66,155946,97,204743
2755,0.001711,172.217.194.0-255,5738,161684,97,204743
2756,0.001713,172.31.47.0-255,66,161750,97,204743
2757,0.001744,172.31.47.0-255,66,161816,97,204743
2758,0.001761,172.31.47.0-255,66,161882,97,204743
2759,0.001788,172.217.194.0-255,4320,166202,97,204743
2760,0.00179,172.31.47.0-255,66,166268,97,204743
2761,0.00182,172.31.47.0-255,66,166334,97,204743
2762,0.001825,172.217.194.0-255,4320,170654,97,204743
2763,0.001828,172.31.47.0-255,66,170720,97,204743
2764,0.001854,172.31.47.0-255,66,170786,97,204743
2765,0.001862,172.217.194.0-255,7156,177942,97,204743
2766,0.001865,172.31.47.0-255,66,178008,97,204743
2767,0.001906,172.31.47.0-255,66,178074,97,204743
2768,0.00192,172.31.47.0-255,66,178140,97,204743
2769,0.001934,172.31.47.0-255,66,178206,97,204743
2770,0.001948,172.31.47.0-255,66,178272,97,204743
2771,0.001973,172.217.194.0-255,6438,184710,97,204743
2772,0.001977,172.31.47.0-255,66,184776,97,204743
2773,0.001984,172.217.194.0-255,7156,191932,97,204743
2774,0.001987,172.31.47.0-255,66,191998,97,204743
2775,0.002025,172.31.47.0-255,66,192064,97,204743
2776,0.002033,172.217.194.0-255,6438,198502,97,204743
2777,0.002037,172.31.47.0-255,66,198568,97,204743
2778,0.002086,172.217.194.0-255,1484,200052,97,204743
2779,0.002121,172.31.47.0-255,66,200118,97,204743
2780,0.002125,172.217.194.0-255,105,200223,97,204743
2781,0.013598,172.31.47.0-255,66,200289,97,204743
2782,0.013628,172.31.47.0-255,105,200394,97,204743
2783,0.016217,172.217.194.0-255,66,200460,97,204743
2784,0.032916,172.31.47.0-255,167,200627,97,204743
2785,0.032958,172.31.47.0-255,1111,201738,97,204743
2786,0.032987,172.31.47.0-255,1514,203252,97,204743
2787,0.032989,172.31.47.0-255,1293,204545,97,204743
2788,0.034465,104.244.42.0-255,66,204611,97,204743
2789,0.034495,104.244.42.0-255,66,204677,97,204743
2790,0.034547,104.244.42.0-255,66,204743,97,204743
2791,0.0,172.253.118.0-255,66,66,97,132
2792,0.000192,172.253.118.0-255,66,132,97,132
2793,0.0,172.31.47.0-255,236,236,97,1639
2794,4.2e-05,172.31.47.0-255,381,617,97,1639
2795,0.000594,74.125.24.0-255,630,1247,97,1639
2796,0.001825,172.31.47.0-255,97,1344,97,1639
2797,0.002074,74.125.24.0-255,66,1410,97,1639
2798,0.002953,74.125.24.0-255,97,1507,97,1639
2799,0.008596,74.125.24.0-255,66,1573,97,1639
2800,0.042921,172.31.47.0-255,66,1639,97,1639
2801,0.0,172.217.27.0-255,431,431,97,104981
2802,1.7e-05,172.217.27.0-255,1484,1915,97,104981
2803,2.7e-05,172.31.47.0-255,66,1981,97,104981
2804,3.3e-05,172.217.27.0-255,1484,3465,97,104981
2805,4.2e-05,172.217.27.0-255,4320,7785,97,104981
2806,4.5e-05,172.31.47.0-255,66,7851,97,104981
2807,0.000145,172.217.27.0-255,6408,14259,97,104981
2808,0.00015,172.31.47.0-255,66,14325,97,104981
2809,0.000363,172.217.27.0-255,1484,15809,97,104981
2810,0.000384,172.217.27.0-255,2902,18711,97,104981
2811,0.000389,172.31.47.0-255,66,18777,97,104981
2812,0.000468,172.217.27.0-255,5738,24515,97,104981
2813,0.000472,172.31.47.0-255,66,24581,97,104981
2814,0.000644,172.217.27.0-255,5738,30319,97,104981
2815,0.000661,172.31.47.0-255,66,30385,97,104981
2816,0.001808,172.31.47.0-255,66,30451,97,104981
2817,0.001827,172.217.27.0-255,4320,34771,97,104981
2818,0.002011,172.217.27.0-255,1484,36255,97,104981
2819,0.002151,172.217.27.0-255,5738,41993,97,104981
2820,0.002624,172.217.27.0-255,4320,46313,97,104981
2821,0.003122,172.217.27.0-255,2902,49215,97,104981
2822,0.003138,172.217.27.0-255,4320,53535,97,104981
2823,0.003543,172.217.27.0-255,2902,56437,97,104981
2824,0.004273,172.31.47.0-255,66,56503,97,104981
2825,0.006041,172.217.27.0-255,7156,63659,97,104981
2826,0.006045,172.31.47.0-255,66,63725,97,104981
2827,0.00607,172.217.27.0-255,7156,70881,97,104981
2828,0.006072,172.31.47.0-255,66,70947,97,104981
2829,0.006096,172.31.47.0-255,66,71013,97,104981
2830,0.006126,172.31.47.0-255,66,71079,97,104981
2831,0.006143,172.217.27.0-255,5738,76817,97,104981
2832,0.006148,172.31.47.0-255,66,76883,97,104981
2833,0.006177,172.217.27.0-255,5738,82621,97,104981
2834,0.006185,172.31.47.0-255,66,82687,97,104981
2835,0.006545,172.217.27.0-255,2902,85589,97,104981
2836,0.00655,172.31.47.0-255,66,85655,97,104981
2837,0.006583,172.31.47.0-255,66,85721,97,104981
2838,0.007805,172.31.47.0-255,66,85787,97,104981
2839,0.00791,172.217.27.0-255,5738,91525,97,104981
2840,0.00838,172.217.27.0-255,4320,95845,97,104981
2841,0.009495,172.217.27.0-255,3486,99331,97,104981
2842,0.011341,172.31.47.0-255,66,99397,97,104981
2843,0.013147,172.31.47.0-255,66,99463,97,104981
2844,0.01318,172.31.47.0-255,66,99529,97,104981
2845,0.013596,172.31.47.0-255,105,99634,97,104981
2846,0.0195,172.217.27.0-255,66,99700,97,104981
2847,0.028541,172.31.47.0-255,176,99876,97,104981
2848,0.028574,172.31.47.0-255,1110,100986,97,104981
2849,0.028635,172.31.47.0-255,1514,102500,97,104981
2850,0.028637,172.31.47.0-255,1514,104014,97,104981
2851,0.02866,172.31.47.0-255,703,104717,97,104981
2852,0.030199,104.244.42.0-255,66,104783,97,104981
2853,0.030248,104.244.42.0-255,66,104849,97,104981
2854,0.030339,104.244.42.0-255,66,104915,97,104981
2855,0.030352,104.244.42.0-255,66,104981,97,104981
2856,0.0,74.125.68.0-255,157,157,97,325492
2857,2.1e-05,172.31.47.0-255,66,223,97,325492
2858,2.8e-05,74.125.68.0-255,1484,1707,97,325492
2859,3.2e-05,172.31.47.0-255,66,1773,97,325492
2860,3.8e-05,74.125.68.0-255,2902,4675,97,325492
2861,4.2e-05,172.31.47.0-255,66,4741,97,325492
2862,4.7e-05,74.125.68.0-255,4320,9061,97,325492
2863,5e-05,172.31.47.0-255,66,9127,97,325492
2864,0.000103,172.31.47.0-255,66,9193,97,325492
2865,0.000131,74.125.68.0-255,4320,13513,97,325492
2866,0.000133,172.31.47.0-255,66,13579,97,325492
2867,0.000155,74.125.68.0-255,4320,17899,97,325492
2868,0.000158,172.31.47.0-255,66,17965,97,325492
2869,0.000165,74.125.68.0-255,5379,23344,97,325492
2870,0.000167,172.31.47.0-255,66,23410,97,325492
2871,0.000229,74.125.68.0-255,1484,24894,97,325492
2872,0.000232,172.31.47.0-255,66,24960,97,325492
2873,0.000252,74.125.68.0-255,2902,27862,97,325492
2874,0.000254,172.31.47.0-255,66,27928,97,325492
2875,0.000273,74.125.68.0-255,4320,32248,97,325492
2876,0.000276,172.31.47.0-255,66,32314,97,325492
2877,0.000301,74.125.68.0-255,1484,33798,97,325492
2878,0.000303,172.31.47.0-255,66,33864,97,325492
2879,0.000308,74.125.68.0-255,2902,36766,97,325492
2880,0.00031,172.31.47.0-255,66,36832,97,325492
2881,0.000315,74.125.68.0-255,3961,40793,97,325492
2882,0.000318,172.31.47.0-255,66,40859,97,325492
2883,0.000338,74.125.68.0-255,5738,46597,97,325492
2884,0.000341,172.31.47.0-255,66,46663,97,325492
2885,0.00037,74.125.68.0-255,7156,53819,97,325492
2886,0.000373,172.31.47.0-255,66,53885,97,325492
2887,0.000389,74.125.68.0-255,4240,58125,97,325492
2888,0.000391,172.31.47.0-255,66,58191,97,325492
2889,0.000413,74.125.68.0-255,131,58322,97,325492
2890,0.000426,74.125.68.0-255,344,58666,97,325492
2891,0.000614,74.125.68.0-255,1484,60150,97,325492
2892,0.000619,172.31.47.0-255,66,60216,97,325492
2893,0.000624,74.125.68.0-255,2902,63118,97,325492
2894,0.000627,172.31.47.0-255,66,63184,97,325492
2895,0.000644,74.125.68.0-255,2902,66086,97,325492
2896,0.000646,172.31.47.0-255,66,66152,97,325492
2897,0.000671,74.125.68.0-255,4320,70472,97,325492
2898,0.000674,172.31.47.0-255,66,70538,97,325492
2899,0.000703,172.31.47.0-255,66,70604,97,325492
2900,0.000708,74.125.68.0-255,4320,74924,97,325492
2901,0.00071,172.31.47.0-255,66,74990,97,325492
2902,0.000743,74.125.68.0-255,4320,79310,97,325492
2903,0.000747,172.31.47.0-255,66,79376,97,325492
2904,0.000763,74.125.68.0-255,5020,84396,97,325492
2905,0.000766,172.31.47.0-255,66,84462,97,325492
2906,0.000806,74.125.68.0-255,1484,85946,97,325492
2907,0.000819,74.125.68.0-255,2902,88848,97,325492
2908,0.000822,172.31.47.0-255,66,88914,97,325492
2909,0.00084,74.125.68.0-255,4320,93234,97,325492
2910,0.000842,172.31.47.0-255,66,93300,97,325492
2911,0.000873,74.125.68.0-255,4320,97620,97,325492
2912,0.000876,172.31.47.0-255,66,97686,97,325492
2913,0.000892,74.125.68.0-255,1484,99170,97,325492
2914,0.000896,74.125.68.0-255,2902,102072,97,325492
2915,0.0009,172.31.47.0-255,66,102138,97,325492
2916,0.000915,74.125.68.0-255,1484,103622,97,325492
2917,0.000921,74.125.68.0-255,5738,109360,97,325492
2918,0.000924,172.31.47.0-255,66,109426,97,325492
2919,0.000954,74.125.68.0-255,4320,113746,97,325492
2920,0.000957,172.31.47.0-255,66,113812,97,325492
2921,0.000971,74.125.68.0-255,5020,118832,97,325492
2922,0.000974,172.31.47.0-255,66,118898,97,325492
2923,0.001064,74.125.68.0-255,1484,120382,97,325492
2924,0.00108,74.125.68.0-255,2902,123284,97,325492
2925,0.001084,172.31.47.0-255,66,123350,97,325492
2926,0.001101,74.125.68.0-255,4320,127670,97,325492
2927,0.001104,172.31.47.0-255,66,127736,97,325492
2928,0.001108,74.125.68.0-255,2902,130638,97,325492
2929,0.001111,172.31.47.0-255,66,130704,97,325492
2930,0.00113,74.125.68.0-255,2902,133606,97,325492
2931,0.001133,172.31.47.0-255,66,133672,97,325492
2932,0.001146,74.125.68.0-255,2902,136574,97,325492
2933,0.001149,172.31.47.0-255,66,136640,97,325492
2934,0.001174,172.31.47.0-255,66,136706,97,325492
2935,0.001205,74.125.68.0-255,2902,139608,97,325492
2936,0.001208,172.31.47.0-255,66,139674,97,325492
2937,0.001228,74.125.68.0-255,5020,144694,97,325492
2938,0.001231,172.31.47.0-255,66,144760,97,325492
2939,0.001238,74.125.68.0-255,7156,151916,97,325492
2940,0.001241,172.31.47.0-255,66,151982,97,325492
2941,0.001259,74.125.68.0-255,1484,153466,97,325492
2942,0.001266,74.125.68.0-255,5738,159204,97,325492
2943,0.001269,172.31.47.0-255,66,159270,97,325492
2944,0.001302,172.31.47.0-255,66,159336,97,325492
2945,0.001327,74.125.68.0-255,7156,166492,97,325492
2946,0.001331,172.31.47.0-255,66,166558,97,325492
2947,0.001336,74.125.68.0-255,3602,170160,97,325492
2948,0.001338,172.31.47.0-255,66,170226,97,325492
2949,0.001506,74.125.68.0-255,1484,171710,97,325492
2950,0.00152,74.125.68.0-255,2902,174612,97,325492
2951,0.001523,172.31.47.0-255,66,174678,97,325492
2952,0.001545,74.125.68.0-255,5738,180416,97,325492
2953,0.001548,172.31.47.0-255,66,180482,97,325492
2954,0.001554,74.125.68.0-255,4320,184802,97,325492
2955,0.001556,172.31.47.0-255,66,184868,97,325492
2956,0.00157,74.125.68.0-255,2902,187770,97,325492
2957,0.001573,172.31.47.0-255,66,187836,97,325492
2958,0.00158,74.125.68.0-255,5738,193574,97,325492
2959,0.001582,172.31.47.0-255,66,193640,97,325492
2960,0.001596,74.125.68.0-255,2902,196542,97,325492
2961,0.001599,172.31.47.0-255,66,196608,97,325492
2962,0.001602,74.125.68.0-255,1484,198092,97,325492
2963,0.001627,74.125.68.0-255,6438,204530,97,325492
2964,0.00163,172.31.47.0-255,66,204596,97,325492
2965,0.001756,74.125.68.0-255,1484,206080,97,325492
2966,0.001762,74.125.68.0-255,2902,208982,97,325492
2967,0.001765,172.31.47.0-255,66,209048,97,325492
2968,0.001787,74.125.68.0-255,5738,214786,97,325492
2969,0.00179,172.31.47.0-255,66,214852,97,325492
2970,0.001808,74.125.68.0-255,2902,217754,97,325492
2971,0.00181,172.31.47.0-255,66,217820,97,325492
2972,0.00183,74.125.68.0-255,7156,224976,97,325492
2973,0.001833,172.31.47.0-255,66,225042,97,325492
2974,0.001838,74.125.68.0-255,4320,229362,97,325492
2975,0.001841,172.31.47.0-255,66,229428,97,325492
2976,0.00186,74.125.68.0-255,7156,236584,97,325492
2977,0.001863,172.31.47.0-255,66,236650,97,325492
2978,0.001868,74.125.68.0-255,2184,238834,97,325492
2979,0.00187,172.31.47.0-255,66,238900,97,325492
2980,0.001894,74.125.68.0-255,2902,241802,97,325492
2981,0.001897,172.31.47.0-255,66,241868,97,325492
2982,0.001904,74.125.68.0-255,7156,249024,97,325492
2983,0.001906,172.31.47.0-255,66,249090,97,325492
2984,0.001909,74.125.68.0-255,1484,250574,97,325492
2985,0.001926,74.125.68.0-255,1484,252058,97,325492
2986,0.001929,172.31.47.0-255,66,252124,97,325492
2987,0.001934,74.125.68.0-255,4320,256444,97,325492
2988,0.001936,172.31.47.0-255,66,256510,97,325492
2989,0.001997,172.31.47.0-255,66,256576,97,325492
2990,0.002002,74.125.68.0-255,2902,259478,97,325492
2991,0.002004,172.31.47.0-255,66,259544,97,325492
2992,0.002023,74.125.68.0-255,7156,266700,97,325492
2993,0.002026,172.31.47.0-255,66,266766,97,325492
2994,0.002043,74.125.68.0-255,3602,270368,97,325492
2995,0.002046,172.31.47.0-255,66,270434,97,325492
2996,0.002057,172.31.47.0-255,66,270500,97,325492
2997,0.002079,74.125.68.0-255,1484,271984,97,325492
2998,0.00209,172.31.47.0-255,66,272050,97,325492
2999,0.002108,74.125.68.0-255,2902,274952,97,325492
3000,0.002111,172.31.47.0-255,66,275018,97,325492
3001,0.002137,74.125.68.0-255,6438,281456,97,325492
3002,0.00214,172.31.47.0-255,66,281522,97,325492
3003,0.002144,74.125.68.0-255,2902,284424,97,325492
3004,0.002145,172.31.47.0-255,66,284490,97,325492
3005,0.002162,74.125.68.0-255,7156,291646,97,325492
3006,0.002165,172.31.47.0-255,66,291712,97,325492
3007,0.002191,74.125.68.0-255,7156,298868,97,325492
3008,0.002194,172.31.47.0-255,66,298934,97,325492
3009,0.002199,74.125.68.0-255,4320,303254,97,325492
3010,0.002201,172.31.47.0-255,66,303320,97,325492
3011,0.002219,74.125.68.0-255,1484,304804,97,325492
3012,0.002248,172.31.47.0-255,66,304870,97,325492
3013,0.004457,74.125.68.0-255,5738,310608,97,325492
3014,0.004465,172.31.47.0-255,66,310674,97,325492
3015,0.006682,74.125.68.0-255,5738,316412,97,325492
3016,0.006689,172.31.47.0-255,66,316478,97,325492
3017,0.008896,74.125.68.0-255,4492,320970,97,325492
3018,0.008902,172.31.47.0-255,66,321036,97,325492
3019,0.010964,172.31.47.0-255,105,321141,97,325492
3020,0.013147,74.125.68.0-255,66,321207,97,325492
3021,0.030261,172.31.47.0-255,167,321374,97,325492
3022,0.030288,172.31.47.0-255,1111,322485,97,325492
3023,0.030339,172.31.47.0-255,1514,323999,97,325492
3024,0.030341,172.31.47.0-255,1295,325294,97,325492
3025,0.031731,104.244.42.0-255,66,325360,97,325492
3026,0.031757,104.244.42.0-255,66,325426,97,325492
3027,0.031827,104.244.42.0-255,66,325492,97,325492
3028,0.0,74.125.200.0-255,298,298,97,293048
3029,2.5e-05,172.31.47.0-255,66,364,97,293048
3030,3e-05,74.125.200.0-255,1484,1848,97,293048
3031,3.5e-05,172.31.47.0-255,66,1914,97,293048
3032,5e-05,74.125.200.0-255,4320,6234,97,293048
3033,5.3e-05,172.31.47.0-255,66,6300,97,293048
3034,5.6e-05,74.125.200.0-255,2902,9202,97,293048
3035,5.8e-05,172.31.47.0-255,66,9268,97,293048
3036,6.1e-05,74.125.200.0-255,1484,10752,97,293048
3037,6.3e-05,172.31.47.0-255,66,10818,97,293048
3038,8.1e-05,74.125.200.0-255,2902,13720,97,293048
3039,8.4e-05,172.31.47.0-255,66,13786,97,293048
3040,8.6e-05,74.125.200.0-255,574,14360,97,293048
3041,8.7e-05,172.31.47.0-255,66,14426,97,293048
3042,0.000211,74.125.200.0-255,1484,15910,97,293048
3043,0.000215,172.31.47.0-255,66,15976,97,293048
3044,0.00022,74.125.200.0-255,2902,18878,97,293048
3045,0.000223,172.31.47.0-255,66,18944,97,293048
3046,0.000246,74.125.200.0-255,5738,24682,97,293048
3047,0.000248,172.31.47.0-255,66,24748,97,293048
3048,0.000265,74.125.200.0-255,5738,30486,97,293048
3049,0.000268,172.31.47.0-255,66,30552,97,293048
3050,0.000286,74.125.200.0-255,1125,31677,97,293048
3051,0.000289,172.31.47.0-255,66,31743,97,293048
3052,0.000303,74.125.200.0-255,1484,33227,97,293048
3053,0.000305,172.31.47.0-255,66,33293,97,293048
3054,0.000327,74.125.200.0-255,5738,39031,97,293048
3055,0.00033,172.31.47.0-255,66,39097,97,293048
3056,0.000333,74.125.200.0-255,2902,41999,97,293048
3057,0.000336,172.31.47.0-255,66,42065,97,293048
3058,0.000338,74.125.200.0-255,1484,43549,97,293048
3059,0.00034,172.31.47.0-255,66,43615,97,293048
3060,0.000372,172.31.47.0-255,66,43681,97,293048
3061,0.000376,74.125.200.0-255,4320,48001,97,293048
3062,0.000379,172.31.47.0-255,66,48067,97,293048
3063,0.000393,74.125.200.0-255,7156,55223,97,293048
3064,0.000396,172.31.47.0-255,66,55289,97,293048
3065,0.000417,74.125.200.0-255,1129,56418,97,293048
3066,0.000576,74.125.200.0-255,1484,57902,97,293048
3067,0.000579,172.31.47.0-255,66,57968,97,293048
3068,0.000583,74.125.200.0-255,1484,59452,97,293048
3069,0.000597,74.125.200.0-255,1484,60936,97,293048
3070,0.000599,172.31.47.0-255,66,61002,97,293048
3071,0.000605,74.125.200.0-255,5738,66740,97,293048
3072,0.000607,172.31.47.0-255,66,66806,97,293048
3073,0.000635,74.125.200.0-255,4320,71126,97,293048
3074,0.000637,172.31.47.0-255,66,71192,97,293048
3075,0.000643,74.125.200.0-255,5738,76930,97,293048
3076,0.000644,172.31.47.0-255,66,76996,97,293048
3077,0.000676,172.31.47.0-255,66,77062,97,293048
3078,0.000693,74.125.200.0-255,1484,78546,97,293048
3079,0.000697,74.125.200.0-255,2184,80730,97,293048
3080,0.000699,172.31.47.0-255,66,80796,97,293048
3081,0.000721,74.125.200.0-255,1484,82280,97,293048
3082,0.000736,74.125.200.0-255,1484,83764,97,293048
3083,0.000739,172.31.47.0-255,66,83830,97,293048
3084,0.000757,74.125.200.0-255,1484,85314,97,293048
3085,0.000763,74.125.200.0-255,5738,91052,97,293048
3086,0.000765,172.31.47.0-255,66,91118,97,293048
3087,0.00077,74.125.200.0-255,4320,95438,97,293048
3088,0.000771,172.31.47.0-255,66,95504,97,293048
3089,0.000782,74.125.200.0-255,1484,96988,97,293048
3090,0.000786,74.125.200.0-255,2902,99890,97,293048
3091,0.000788,172.31.47.0-255,66,99956,97,293048
3092,0.000805,74.125.200.0-255,4320,104276,97,293048
3093,0.000808,172.31.47.0-255,66,104342,97,293048
3094,0.000822,74.125.200.0-255,1484,105826,97,293048
3095,0.000846,172.31.47.0-255,66,105892,97,293048
3096,0.000968,74.125.200.0-255,1484,107376,97,293048
3097,0.000982,74.125.200.0-255,2902,110278,97,293048
3098,0.000985,74.125.200.0-255,1484,111762,97,293048
3099,0.000986,172.31.47.0-255,66,111828,97,293048
3100,0.001005,74.125.200.0-255,4320,116148,97,293048
3101,0.001007,172.31.47.0-255,66,116214,97,293048
3102,0.001024,74.125.200.0-255,2902,119116,97,293048
3103,0.001026,172.31.47.0-255,66,119182,97,293048
3104,0.001055,172.31.47.0-255,66,119248,97,293048
3105,0.001091,172.31.47.0-255,66,119314,97,293048
3106,0.001104,74.125.200.0-255,3602,122916,97,293048
3107,0.001107,172.31.47.0-255,66,122982,97,293048
3108,0.001314,74.125.200.0-255,1484,124466,97,293048
3109,0.001319,74.125.200.0-255,1484,125950,97,293048
3110,0.001322,172.31.47.0-255,66,126016,97,293048
3111,0.001341,74.125.200.0-255,1484,127500,97,293048
3112,0.001347,74.125.200.0-255,5738,133238,97,293048
3113,0.001349,172.31.47.0-255,66,133304,97,293048
3114,0.001397,172.31.47.0-255,66,133370,97,293048
3115,0.001401,74.125.200.0-255,4320,137690,97,293048
3116,0.001404,172.31.47.0-255,66,137756,97,293048
3117,0.001441,74.125.200.0-255,6438,144194,97,293048
3118,0.001444,172.31.47.0-255,66,144260,97,293048
3119,0.001579,74.125.200.0-255,1484,145744,97,293048
3120,0.001596,74.125.200.0-255,2902,148646,97,293048
3121,0.001602,172.31.47.0-255,66,148712,97,293048
3122,0.001606,74.125.200.0-255,1484,150196,97,293048
3123,0.001627,74.125.200.0-255,4320,154516,97,293048
3124,0.001631,172.31.47.0-255,66,154582,97,293048
3125,0.001635,74.125.200.0-255,2902,157484,97,293048
3126,0.001636,172.31.47.0-255,66,157550,97,293048
3127,0.001662,172.31.47.0-255,66,157616,97,293048
3128,0.001666,74.125.200.0-255,2902,160518,97,293048
3129,0.001668,172.31.47.0-255,66,160584,97,293048
3130,0.001707,172.31.47.0-255,66,160650,97,293048
3131,0.001711,74.125.200.0-255,2902,163552,97,293048
3132,0.001713,172.31.47.0-255,66,163618,97,293048
3133,0.001718,74.125.200.0-255,4320,167938,97,293048
3134,0.00172,172.31.47.0-255,66,168004,97,293048
3135,0.001722,74.125.200.0-255,1484,169488,97,293048
3136,0.00176,74.125.200.0-255,7156,176644,97,293048
3137,0.001764,172.31.47.0-255,66,176710,97,293048
3138,0.00177,74.125.200.0-255,5738,182448,97,293048
3139,0.001772,172.31.47.0-255,66,182514,97,293048
3140,0.001779,74.125.200.0-255,7156,189670,97,293048
3141,0.001782,172.31.47.0-255,66,189736,97,293048
3142,0.001808,74.125.200.0-255,5020,194756,97,293048
3143,0.001812,172.31.47.0-255,66,194822,97,293048
3144,0.001966,74.125.200.0-255,1484,196306,97,293048
3145,0.001973,74.125.200.0-255,2902,199208,97,293048
3146,0.001977,172.31.47.0-255,66,199274,97,293048
3147,0.001996,74.125.200.0-255,2902,202176,97,293048
3148,0.001999,172.31.47.0-255,66,202242,97,293048
3149,0.002004,74.125.200.0-255,4320,206562,97,293048
3150,0.002006,172.31.47.0-255,66,206628,97,293048
3151,0.002024,74.125.200.0-255,2902,209530,97,293048
3152,0.002026,172.31.47.0-255,66,209596,97,293048
3153,0.002052,74.125.200.0-255,5738,215334,97,293048
3154,0.002055,172.31.47.0-255,66,215400,97,293048
3155,0.002061,74.125.200.0-255,7156,222556,97,293048
3156,0.002064,172.31.47.0-255,66,222622,97,293048
3157,0.002093,74.125.200.0-255,4320,226942,97,293048
3158,0.002095,172.31.47.0-255,66,227008,97,293048
3159,0.002113,74.125.200.0-255,2184,229192,97,293048
3160,0.002116,172.31.47.0-255,66,229258,97,293048
3161,0.002199,74.125.200.0-255,1484,230742,97,293048
3162,0.002203,74.125.200.0-255,1484,232226,97,293048
3163,0.002206,172.31.47.0-255,66,232292,97,293048
3164,0.002223,74.125.200.0-255,1484,233776,97,293048
3165,0.002229,74.125.200.0-255,5738,239514,97,293048
3166,0.002232,172.31.47.0-255,66,239580,97,293048
3167,0.002252,74.125.200.0-255,5738,245318,97,293048
3168,0.002255,172.31.47.0-255,66,245384,97,293048
3169,0.002259,74.125.200.0-255,4320,249704,97,293048
3170,0.002261,172.31.47.0-255,66,249770,97,293048
3171,0.00228,74.125.200.0-255,2902,252672,97,293048
3172,0.002282,172.31.47.0-255,66,252738,97,293048
3173,0.002285,74.125.200.0-255,1484,254222,97,293048
3174,0.002318,172.31.47.0-255,66,254288,97,293048
3175,0.002333,74.125.200.0-255,1484,255772,97,293048
3176,0.002358,172.31.47.0-255,66,255838,97,293048
3177,0.002363,74.125.200.0-255,4320,260158,97,293048
3178,0.002365,172.31.47.0-255,66,260224,97,293048
3179,0.002425,172.31.47.0-255,66,260290,97,293048
3180,0.002429,74.125.200.0-255,2184,262474,97,293048
3181,0.002431,172.31.47.0-255,66,262540,97,293048
3182,0.004799,74.125.200.0-255,2902,265442,97,293048
3183,0.004803,172.31.47.0-255,66,265508,97,293048
3184,0.004821,74.125.200.0-255,2902,268410,97,293048
3185,0.004823,172.31.47.0-255,66,268476,97,293048
3186,0.007214,74.125.200.0-255,5738,274214,97,293048
3187,0.007221,172.31.47.0-255,66,274280,97,293048
3188,0.00962,74.125.200.0-255,5738,280018,97,293048
3189,0.009626,172.31.47.0-255,66,280084,97,293048
3190,0.012029,74.125.200.0-255,5738,285822,97,293048
3191,0.012043,172.31.47.0-255,66,285888,97,293048
3192,0.014425,74.125.200.0-255,1644,287532,97,293048
3193,0.014434,172.31.47.0-255,66,287598,97,293048
3194,0.017332,172.31.47.0-255,105,287703,97,293048
3195,0.019689,74.125.200.0-255,66,287769,97,293048
3196,0.036308,172.31.47.0-255,172,287941,97,293048
3197,0.036335,172.31.47.0-255,1110,289051,97,293048
3198,0.03637,172.31.47.0-255,1514,290565,97,293048
3199,0.036372,172.31.47.0-255,1514,292079,97,293048
3200,0.036393,172.31.47.0-255,705,292784,97,293048
3201,0.037928,104.244.42.0-255,66,292850,97,293048
3202,0.037964,104.244.42.0-255,66,292916,97,293048
3203,0.037981,104.244.42.0-255,66,292982,97,293048
3204,0.037996,104.244.42.0-255,66,293048,97,293048
3205,0.0,74.125.24.0-255,153,153,97,367567
3206,2.4e-05,172.31.47.0-255,66,219,97,367567
3207,3.1e-05,74.125.24.0-255,1484,1703,97,367567
3208,3.5e-05,172.31.47.0-255,66,1769,97,367567
3209,3.9e-05,74.125.24.0-255,2902,4671,97,367567
3210,4.8e-05,172.31.47.0-255,66,4737,97,367567
3211,5.1e-05,74.125.24.0-255,1484,6221,97,367567
3212,5.3e-05,172.31.47.0-255,66,6287,97,367567
3213,9.1e-05,74.125.24.0-255,5738,12025,97,367567
3214,9.4e-05,172.31.47.0-255,66,12091,97,367567
3215,9.8e-05,74.125.24.0-255,2029,14120,97,367567
3216,9.9e-05,172.31.47.0-255,66,14186,97,367567
3217,0.000119,74.125.24.0-255,5738,19924,97,367567
3218,0.000123,172.31.47.0-255,66,19990,97,367567
3219,0.000162,172.31.47.0-255,66,20056,97,367567
3220,0.000164,74.125.24.0-255,1125,21181,97,367567
3221,0.000166,172.31.47.0-255,66,21247,97,367567
3222,0.000394,74.125.24.0-255,1484,22731,97,367567
3223,0.000399,172.31.47.0-255,66,22797,97,367567
3224,0.000426,74.125.24.0-255,2902,25699,97,367567
3225,0.000429,172.31.47.0-255,66,25765,97,367567
3226,0.000435,74.125.24.0-255,2902,28667,97,367567
3227,0.000436,172.31.47.0-255,66,28733,97,367567
3228,0.000475,74.125.24.0-255,7156,35889,97,367567
3229,0.000478,172.31.47.0-255,66,35955,97,367567
3230,0.000482,74.125.24.0-255,2543,38498,97,367567
3231,0.000484,172.31.47.0-255,66,38564,97,367567
3232,0.000505,74.125.24.0-255,1484,40048,97,367567
3233,0.000508,172.31.47.0-255,66,40114,97,367567
3234,0.000546,172.31.47.0-255,66,40180,97,367567
3235,0.000552,74.125.24.0-255,5379,45559,97,367567
3236,0.000554,172.31.47.0-255,66,45625,97,367567
3237,0.001011,74.125.24.0-255,645,46270,97,367567
3238,0.001288,74.125.24.0-255,1484,47754,97,367567
3239,0.001293,172.31.47.0-255,66,47820,97,367567
3240,0.001299,74.125.24.0-255,2902,50722,97,367567
3241,0.0013,172.31.47.0-255,66,50788,97,367567
3242,0.001325,74.125.24.0-255,5738,56526,97,367567
3243,0.001326,172.31.47.0-255,66,56592,97,367567
3244,0.001336,74.125.24.0-255,2902,59494,97,367567
3245,0.001338,172.31.47.0-255,66,59560,97,367567
3246,0.001372,172.31.47.0-255,66,59626,97,367567
3247,0.001376,74.125.24.0-255,2902,62528,97,367567
3248,0.001377,172.31.47.0-255,66,62594,97,367567
3249,0.001426,74.125.24.0-255,1484,64078,97,367567
3250,0.001436,74.125.24.0-255,2902,66980,97,367567
3251,0.001438,172.31.47.0-255,66,67046,97,367567
3252,0.001455,74.125.24.0-255,3602,70648,97,367567
3253,0.001458,172.31.47.0-255,66,70714,97,367567
3254,0.001721,74.125.24.0-255,1484,72198,97,367567
3255,0.001723,74.125.24.0-255,1484,73682,97,367567
3256,0.001725,172.31.47.0-255,66,73748,97,367567
3257,0.001745,74.125.24.0-255,1484,75232,97,367567
3258,0.00175,74.125.24.0-255,5738,80970,97,367567
3259,0.001752,172.31.47.0-255,66,81036,97,367567
3260,0.001754,74.125.24.0-255,1484,82520,97,367567
3261,0.001775,74.125.24.0-255,5738,88258,97,367567
3262,0.001777,172.31.47.0-255,66,88324,97,367567
3263,0.001792,74.125.24.0-255,2902,91226,97,367567
3264,0.001794,172.31.47.0-255,66,91292,97,367567
3265,0.001824,74.125.24.0-255,1484,92776,97,367567
3266,0.001846,172.31.47.0-255,66,92842,97,367567
3267,0.001874,74.125.24.0-255,3602,96444,97,367567
3268,0.001876,172.31.47.0-255,66,96510,97,367567
3269,0.001981,74.125.24.0-255,1484,97994,97,367567
3270,0.001991,74.125.24.0-255,2902,100896,97,367567
3271,0.001993,172.31.47.0-255,66,100962,97,367567
3272,0.002005,74.125.24.0-255,2902,103864,97,367567
3273,0.00201,172.31.47.0-255,66,103930,97,367567
3274,0.002024,74.125.24.0-255,2902,106832,97,367567
3275,0.002027,172.31.47.0-255,66,106898,97,367567
3276,0.002047,74.125.24.0-255,2902,109800,97,367567
3277,0.002049,172.31.47.0-255,66,109866,97,367567
3278,0.002069,74.125.24.0-255,1484,111350,97,367567
3279,0.004024,74.125.24.0-255,1484,112834,97,367567
3280,0.004029,172.31.47.0-255,66,112900,97,367567
3281,0.004065,74.125.24.0-255,2902,115802,97,367567
3282,0.004069,172.31.47.0-255,66,115868,97,367567
3283,0.006046,74.125.24.0-255,2902,118770,97,367567
3284,0.006053,172.31.47.0-255,66,118836,97,367567
3285,0.006082,74.125.24.0-255,2902,121738,97,367567
3286,0.006086,172.31.47.0-255,66,121804,97,367567
3287,0.008086,74.125.24.0-255,5738,127542,97,367567
3288,0.008095,172.31.47.0-255,66,127608,97,367567
3289,0.010118,74.125.24.0-255,5738,133346,97,367567
3290,0.010129,172.31.47.0-255,66,133412,97,367567
3291,0.012133,74.125.24.0-255,5738,139150,97,367567
3292,0.012144,172.31.47.0-255,66,139216,97,367567
3293,0.01416,74.125.24.0-255,5738,144954,97,367567
3294,0.014168,172.31.47.0-255,66,145020,97,367567
3295,0.016163,74.125.24.0-255,4320,149340,97,367567
3296,0.016168,172.31.47.0-255,66,149406,97,367567
3297,0.0162,74.125.24.0-255,1484,150890,97,367567
3298,0.018195,74.125.24.0-255,4320,155210,97,367567
3299,0.018201,172.31.47.0-255,66,155276,97,367567
3300,0.019955,172.31.47.0-255,172,155448,97,367567
3301,0.019982,172.31.47.0-255,1107,156555,97,367567
3302,0.020015,172.31.47.0-255,1514,158069,97,367567
3303,0.020016,172.31.47.0-255,1190,159259,97,367567
3304,0.020218,74.125.24.0-255,5738,164997,97,367567
3305,0.020224,172.31.47.0-255,66,165063,97,367567
3306,0.021529,104.244.42.0-255,66,165129,97,367567
3307,0.021535,104.244.42.0-255,66,165195,97,367567
3308,0.021565,104.244.42.0-255,66,165261,97,367567
3309,0.022225,74.125.24.0-255,2902,168163,97,367567
3310,0.022228,172.31.47.0-255,66,168229,97,367567
3311,0.022257,74.125.24.0-255,2902,171131,97,367567
3312,0.022259,172.31.47.0-255,66,171197,97,367567
3313,0.024241,74.125.24.0-255,2902,174099,97,367567
3314,0.024249,172.31.47.0-255,66,174165,97,367567
3315,0.024271,74.125.24.0-255,2902,177067,97,367567
3316,0.024275,172.31.47.0-255,66,177133,97,367567
3317,0.026244,74.125.24.0-255,2902,180035,97,367567
3318,0.02625,172.31.47.0-255,66,180101,97,367567
3319,0.02628,74.125.24.0-255,2902,183003,97,367567
3320,0.026283,172.31.47.0-255,66,183069,97,367567
3321,0.028271,74.125.24.0-255,2902,185971,97,367567
3322,0.028276,172.31.47.0-255,66,186037,97,367567
3323,0.028315,74.125.24.0-255,2902,188939,97,367567
3324,0.028319,172.31.47.0-255,66,189005,97,367567
3325,0.030295,74.125.24.0-255,2902,191907,97,367567
3326,0.030301,172.31.47.0-255,66,191973,97,367567
3327,0.030403,74.125.24.0-255,2902,194875,97,367567
3328,0.030408,172.31.47.0-255,66,194941,97,367567
3329,0.032317,74.125.24.0-255,2902,197843,97,367567
3330,0.032322,172.31.47.0-255,66,197909,97,367567
3331,0.032395,74.125.24.0-255,2902,200811,97,367567
3332,0.032399,172.31.47.0-255,66,200877,97,367567
3333,0.034331,74.125.24.0-255,2902,203779,97,367567
3334,0.034336,172.31.47.0-255,66,203845,97,367567
3335,0.034412,74.125.24.0-255,2902,206747,97,367567
3336,0.034415,172.31.47.0-255,66,206813,97,367567
3337,0.036401,74.125.24.0-255,2902,209715,97,367567
3338,0.036405,172.31.47.0-255,66,209781,97,367567
3339,0.036444,74.125.24.0-255,2902,212683,97,367567
3340,0.036447,172.31.47.0-255,66,212749,97,367567
3341,0.038407,74.125.24.0-255,1484,214233,97,367567
3342,0.038432,74.125.24.0-255,1484,215717,97,367567
3343,0.038435,172.31.47.0-255,66,215783,97,367567
3344,0.038452,74.125.24.0-255,2902,218685,97,367567
3345,0.038455,172.31.47.0-255,66,218751,97,367567
3346,0.040463,74.125.24.0-255,5738,224489,97,367567
3347,0.040468,172.31.47.0-255,66,224555,97,367567
3348,0.04248,74.125.24.0-255,5738,230293,97,367567
3349,0.042485,172.31.47.0-255,66,230359,97,367567
3350,0.044483,74.125.24.0-255,1484,231843,97,367567
3351,0.044509,74.125.24.0-255,4320,236163,97,367567
3352,0.044513,172.31.47.0-255,66,236229,97,367567
3353,0.046548,74.125.24.0-255,5738,241967,97,367567
3354,0.046553,172.31.47.0-255,66,242033,97,367567
3355,0.048583,74.125.24.0-255,5738,247771,97,367567
3356,0.048587,172.31.47.0-255,66,247837,97,367567
3357,0.050606,74.125.24.0-255,5738,253575,97,367567
3358,0.05061,172.31.47.0-255,66,253641,97,367567
3359,0.05262,74.125.24.0-255,5738,259379,97,367567
3360,0.052624,172.31.47.0-255,66,259445,97,367567
3361,0.054634,74.125.24.0-255,4320,263765,97,367567
3362,0.054639,172.31.47.0-255,66,263831,97,367567
3363,0.054673,74.125.24.0-255,1484,265315,97,367567
3364,0.056647,74.125.24.0-255,4320,269635,97,367567
3365,0.056654,172.31.47.0-255,66,269701,97,367567
3366,0.058669,74.125.24.0-255,5738,275439,97,367567
3367,0.058674,172.31.47.0-255,66,275505,97,367567
3368,0.060686,74.125.24.0-255,4320,279825,97,367567
3369,0.060693,172.31.47.0-255,66,279891,97,367567
3370,0.060722,74.125.24.0-255,1484,281375,97,367567
3371,0.062696,74.125.24.0-255,4320,285695,97,367567
3372,0.062703,172.31.47.0-255,66,285761,97,367567
3373,0.06471,74.125.24.0-255,5738,291499,97,367567
3374,0.064715,172.31.47.0-255,66,291565,97,367567
3375,0.066731,74.125.24.0-255,4320,295885,97,367567
3376,0.066736,172.31.47.0-255,66,295951,97,367567
3377,0.066765,74.125.24.0-255,1484,297435,97,367567
3378,0.068745,74.125.24.0-255,4320,301755,97,367567
3379,0.068751,172.31.47.0-255,66,301821,97,367567
3380,0.07077,74.125.24.0-255,2902,304723,97,367567
3381,0.070775,172.31.47.0-255,66,304789,97,367567
3382,0.070809,74.125.24.0-255,2902,307691,97,367567
3383,0.070812,172.31.47.0-255,66,307757,97,367567
3384,0.072793,74.125.24.0-255,2902,310659,97,367567
3385,0.072806,172.31.47.0-255,66,310725,97,367567
3386,0.072825,74.125.24.0-255,2902,313627,97,367567
3387,0.072828,172.31.47.0-255,66,313693,97,367567
3388,0.074811,74.125.24.0-255,2902,316595,97,367567
3389,0.074815,172.31.47.0-255,66,316661,97,367567
3390,0.074845,74.125.24.0-255,2902,319563,97,367567
3391,0.074848,172.31.47.0-255,66,319629,97,367567
3392,0.076839,74.125.24.0-255,2902,322531,97,367567
3393,0.076843,172.31.47.0-255,66,322597,97,367567
3394,0.076873,74.125.24.0-255,2902,325499,97,367567
3395,0.076875,172.31.47.0-255,66,325565,97,367567
3396,0.078831,74.125.24.0-255,2902,328467,97,367567
3397,0.078835,172.31.47.0-255,66,328533,97,367567
3398,0.078866,74.125.24.0-255,1484,330017,97,367567
3399,0.078885,74.125.24.0-255,1484,331501,97,367567
3400,0.078887,172.31.47.0-255,66,331567,97,367567
3401,0.080855,74.125.24.0-255,2902,334469,97,367567
3402,0.080859,172.31.47.0-255,66,334535,97,367567
3403,0.080888,74.125.24.0-255,2902,337437,97,367567
3404,0.080891,172.31.47.0-255,66,337503,97,367567
3405,0.082874,74.125.24.0-255,2902,340405,97,367567
3406,0.082879,172.31.47.0-255,66,340471,97,367567
3407,0.082906,74.125.24.0-255,2902,343373,97,367567
3408,0.082909,172.31.47.0-255,66,343439,97,367567
3409,0.084896,74.125.24.0-255,5738,349177,97,367567
3410,0.084901,172.31.47.0-255,66,349243,97,367567
3411,0.086919,74.125.24.0-255,5738,354981,97,367567
3412,0.086923,172.31.47.0-255,66,355047,97,367567
3413,0.088948,74.125.24.0-255,5738,360785,97,367567
3414,0.088952,172.31.47.0-255,66,360851,97,367567
3415,0.090983,74.125.24.0-255,5738,366589,97,367567
3416,0.090988,172.31.47.0-255,66,366655,97,367567
3417,0.092963,74.125.24.0-255,675,367330,97,367567
3418,0.093135,172.31.47.0-255,66,367396,97,367567
3419,0.093161,172.31.47.0-255,105,367501,97,367567
3420,0.095147,74.125.24.0-255,66,367567,97,367567
3421,0.0,172.31.47.0-255,66,66,97,66
3422,0.0,172.31.47.0-255,66,66,97,66
3423,0.0,74.125.24.0-255,153,153,97,278330
3424,2.5e-05,172.31.47.0-255,66,219,97,278330
3425,3.2e-05,74.125.24.0-255,1484,1703,97,278330
3426,3.7e-05,172.31.47.0-255,66,1769,97,278330
3427,4.2e-05,74.125.24.0-255,2902,4671,97,278330
3428,4.6e-05,172.31.47.0-255,66,4737,97,278330
3429,5.3e-05,74.125.24.0-255,7156,11893,97,278330
3430,5.7e-05,172.31.47.0-255,66,11959,97,278330
3431,6.1e-05,74.125.24.0-255,2038,13997,97,278330
3432,6.4e-05,172.31.47.0-255,66,14063,97,278330
3433,0.000102,74.125.24.0-255,4320,18383,97,278330
3434,0.000106,172.31.47.0-255,66,18449,97,278330
3435,0.000127,74.125.24.0-255,5738,24187,97,278330
3436,0.00013,172.31.47.0-255,66,24253,97,278330
3437,0.000161,74.125.24.0-255,2902,27155,97,278330
3438,0.000163,172.31.47.0-255,66,27221,97,278330
3439,0.000176,74.125.24.0-255,3961,31182,97,278330
3440,0.000179,172.31.47.0-255,66,31248,97,278330
3441,0.000331,74.125.24.0-255,1484,32732,97,278330
3442,0.000336,172.31.47.0-255,66,32798,97,278330
3443,0.000342,74.125.24.0-255,2902,35700,97,278330
3444,0.000344,172.31.47.0-255,66,35766,97,278330
3445,0.000374,74.125.24.0-255,4320,40086,97,278330
3446,0.000377,172.31.47.0-255,66,40152,97,278330
3447,0.000383,74.125.24.0-255,5738,45890,97,278330
3448,0.000385,172.31.47.0-255,66,45956,97,278330
3449,0.000438,172.31.47.0-255,66,46022,97,278330
3450,0.000456,74.125.24.0-255,2902,48924,97,278330
3451,0.000458,172.31.47.0-255,66,48990,97,278330
3452,0.000479,74.125.24.0-255,3961,52951,97,278330
3453,0.000481,172.31.47.0-255,66,53017,97,278330
3454,0.000628,74.125.24.0-255,646,53663,97,278330
3455,0.000894,74.125.24.0-255,1484,55147,97,278330
3456,0.000899,172.31.47.0-255,66,55213,97,278330
3457,0.000904,74.125.24.0-255,2902,58115,97,278330
3458,0.000906,172.31.47.0-255,66,58181,97,278330
3459,0.00091,74.125.24.0-255,2902,61083,97,278330
3460,0.000913,172.31.47.0-255,66,61149,97,278330
3461,0.00093,74.125.24.0-255,2902,64051,97,278330
3462,0.000932,172.31.47.0-255,66,64117,97,278330
3463,0.000964,172.31.47.0-255,66,64183,97,278330
3464,0.000971,74.125.24.0-255,7156,71339,97,278330
3465,0.000973,172.31.47.0-255,66,71405,97,278330
3466,0.00099,74.125.24.0-255,3602,75007,97,278330
3467,0.000992,172.31.47.0-255,66,75073,97,278330
3468,0.001159,74.125.24.0-255,1484,76557,97,278330
3469,0.001165,74.125.24.0-255,2902,79459,97,278330
3470,0.001168,172.31.47.0-255,66,79525,97,278330
3471,0.001173,74.125.24.0-255,2902,82427,97,278330
3472,0.001176,172.31.47.0-255,66,82493,97,278330
3473,0.001188,74.125.24.0-255,2902,85395,97,278330
3474,0.00119,172.31.47.0-255,66,85461,97,278330
3475,0.001194,74.125.24.0-255,1484,86945,97,278330
3476,0.001215,74.125.24.0-255,5738,92683,97,278330
3477,0.001217,172.31.47.0-255,66,92749,97,278330
3478,0.001238,74.125.24.0-255,5738,98487,97,278330
3479,0.00124,172.31.47.0-255,66,98553,97,278330
3480,0.00125,172.31.47.0-255,66,98619,97,278330
3481,0.001269,74.125.24.0-255,2184,100803,97,278330
3482,0.001271,172.31.47.0-255,66,100869,97,278330
3483,0.001295,74.125.24.0-255,1484,102353,97,278330
3484,0.001315,74.125.24.0-255,2902,105255,97,278330
3485,0.00132,172.31.47.0-255,66,105321,97,278330
3486,0.001333,74.125.24.0-255,5738,111059,97,278330
3487,0.001336,172.31.47.0-255,66,111125,97,278330
3488,0.001359,74.125.24.0-255,4320,115445,97,278330
3489,0.001363,172.31.47.0-255,66,115511,97,278330
3490,0.001388,172.31.47.0-255,66,115577,97,278330
3491,0.001394,74.125.24.0-255,7156,122733,97,278330
3492,0.001397,172.31.47.0-255,66,122799,97,278330
3493,0.001424,74.125.24.0-255,3602,126401,97,278330
3494,0.001427,172.31.47.0-255,66,126467,97,278330
3495,0.001525,74.125.24.0-255,1484,127951,97,278330
3496,0.001542,74.125.24.0-255,2902,130853,97,278330
3497,0.001546,172.31.47.0-255,66,130919,97,278330
3498,0.001563,74.125.24.0-255,4320,135239,97,278330
3499,0.001565,172.31.47.0-255,66,135305,97,278330
3500,0.00159,74.125.24.0-255,1484,136789,97,278330
3501,0.001596,74.125.24.0-255,4320,141109,97,278330
3502,0.001599,172.31.47.0-255,66,141175,97,278330
3503,0.001609,172.31.47.0-255,66,141241,97,278330
3504,0.001621,74.125.24.0-255,2902,144143,97,278330
3505,0.001624,172.31.47.0-255,66,144209,97,278330
3506,0.001627,74.125.24.0-255,1484,145693,97,278330
3507,0.001647,74.125.24.0-255,5738,151431,97,278330
3508,0.00165,172.31.47.0-255,66,151497,97,278330
3509,0.001665,74.125.24.0-255,766,152263,97,278330
3510,0.001776,74.125.24.0-255,1484,153747,97,278330
3511,0.00178,172.31.47.0-255,66,153813,97,278330
3512,0.001783,74.125.24.0-255,1484,155297,97,278330
3513,0.001801,74.125.24.0-255,1484,156781,97,278330
3514,0.001803,172.31.47.0-255,66,156847,97,278330
3515,0.00181,74.125.24.0-255,5738,162585,97,278330
3516,0.001812,172.31.47.0-255,66,162651,97,278330
3517,0.00185,172.31.47.0-255,66,162717,97,278330
3518,0.001886,74.125.24.0-255,2902,165619,97,278330
3519,0.001888,172.31.47.0-255,66,165685,97,278330
3520,0.001912,74.125.24.0-255,5738,171423,97,278330
3521,0.001915,172.31.47.0-255,66,171489,97,278330
3522,0.00192,74.125.24.0-255,2184,173673,97,278330
3523,0.001922,172.31.47.0-255,66,173739,97,278330
3524,0.001926,74.125.24.0-255,2902,176641,97,278330
3525,0.001928,172.31.47.0-255,66,176707,97,278330
3526,0.001951,74.125.24.0-255,5738,182445,97,278330
3527,0.001953,172.31.47.0-255,66,182511,97,278330
3528,0.001959,74.125.24.0-255,4320,186831,97,278330
3529,0.00196,172.31.47.0-255,66,186897,97,278330
3530,0.001989,74.125.24.0-255,5738,192635,97,278330
3531,0.001991,172.31.47.0-255,66,192701,97,278330
3532,0.001994,74.125.24.0-255,1484,194185,97,278330
3533,0.00202,172.31.47.0-255,66,194251,97,278330
3534,0.002085,74.125.24.0-255,1484,195735,97,278330
3535,0.00209,74.125.24.0-255,2902,198637,97,278330
3536,0.002093,172.31.47.0-255,66,198703,97,278330
3537,0.002115,74.125.24.0-255,5738,204441,97,278330
3538,0.002118,172.31.47.0-255,66,204507,97,278330
3539,0.002147,172.31.47.0-255,66,204573,97,278330
3540,0.002167,74.125.24.0-255,1484,206057,97,278330
3541,0.00218,172.31.47.0-255,66,206123,97,278330
3542,0.002199,74.125.24.0-255,766,206889,97,278330
3543,0.002213,74.125.24.0-255,1484,208373,97,278330
3544,0.002216,172.31.47.0-255,66,208439,97,278330
3545,0.002219,74.125.24.0-255,1484,209923,97,278330
3546,0.002237,74.125.24.0-255,2902,212825,97,278330
3547,0.00224,172.31.47.0-255,66,212891,97,278330
3548,0.002245,74.125.24.0-255,4320,217211,97,278330
3549,0.002248,172.31.47.0-255,66,217277,97,278330
3550,0.002266,74.125.24.0-255,5738,223015,97,278330
3551,0.002269,172.31.47.0-255,66,223081,97,278330
3552,0.002276,74.125.24.0-255,7156,230237,97,278330
3553,0.002278,172.31.47.0-255,66,230303,97,278330
3554,0.002316,74.125.24.0-255,4320,234623,97,278330
3555,0.002319,172.31.47.0-255,66,234689,97,278330
3556,0.002349,172.31.47.0-255,66,234755,97,278330
3557,0.002355,74.125.24.0-255,7156,241911,97,278330
3558,0.002358,172.31.47.0-255,66,241977,97,278330
3559,0.002405,172.31.47.0-255,66,242043,97,278330
3560,0.002411,74.125.24.0-255,5020,247063,97,278330
3561,0.002414,172.31.47.0-255,66,247129,97,278330
3562,0.00242,74.125.24.0-255,5738,252867,97,278330
3563,0.002422,172.31.47.0-255,66,252933,97,278330
3564,0.00476,74.125.24.0-255,5738,258671,97,278330
3565,0.004768,172.31.47.0-255,66,258737,97,278330
3566,0.007075,74.125.24.0-255,5738,264475,97,278330
3567,0.007082,172.31.47.0-255,66,264541,97,278330
3568,0.009376,74.125.24.0-255,5738,270279,97,278330
3569,0.009383,172.31.47.0-255,66,270345,97,278330
3570,0.011714,74.125.24.0-255,3213,273558,97,278330
3571,0.011723,172.31.47.0-255,66,273624,97,278330
3572,0.012201,172.31.47.0-255,105,273729,97,278330
3573,0.012403,172.31.47.0-255,90,273819,97,278330
3574,0.012411,172.31.47.0-255,66,273885,97,278330
3575,0.01454,74.125.24.0-255,66,273951,97,278330
3576,0.014657,74.125.24.0-255,66,274017,97,278330
3577,0.01469,74.125.24.0-255,66,274083,97,278330
3578,0.014696,172.31.47.0-255,66,274149,97,278330
3579,0.047456,172.31.47.0-255,172,274321,97,278330
3580,0.047484,172.31.47.0-255,1107,275428,97,278330
3581,0.047552,172.31.47.0-255,1514,276942,97,278330
3582,0.047553,172.31.47.0-255,1190,278132,97,278330
3583,0.049061,104.244.42.0-255,66,278198,97,278330
3584,0.049091,104.244.42.0-255,66,278264,97,278330
3585,0.049144,104.244.42.0-255,66,278330,97,278330
3586,0.0,74.125.24.0-255,296,296,97,196598
3587,3.1e-05,172.31.47.0-255,66,362,97,196598
3588,3.6e-05,74.125.24.0-255,1484,1846,97,196598
3589,4.1e-05,172.31.47.0-255,66,1912,97,196598
3590,5.4e-05,74.125.24.0-255,4320,6232,97,196598
3591,5.6e-05,172.31.47.0-255,66,6298,97,196598
3592,9.4e-05,172.31.47.0-255,66,6364,97,196598
3593,0.00012,74.125.24.0-255,1484,7848,97,196598
3594,0.000123,172.31.47.0-255,66,7914,97,196598
3595,0.000129,74.125.24.0-255,2902,10816,97,196598
3596,0.000131,172.31.47.0-255,66,10882,97,196598
3597,0.000134,74.125.24.0-255,1484,12366,97,196598
3598,0.000142,172.31.47.0-255,66,12432,97,196598
3599,0.000174,74.125.24.0-255,4320,16752,97,196598
3600,0.000176,172.31.47.0-255,66,16818,97,196598
3601,0.000184,74.125.24.0-255,6797,23615,97,196598
3602,0.000187,172.31.47.0-255,66,23681,97,196598
3603,0.000207,74.125.24.0-255,7156,30837,97,196598
3604,0.00021,172.31.47.0-255,66,30903,97,196598
3605,0.000238,172.31.47.0-255,66,30969,97,196598
3606,0.0003,74.125.24.0-255,1484,32453,97,196598
3607,0.000303,172.31.47.0-255,66,32519,97,196598
3608,0.00031,74.125.24.0-255,2902,35421,97,196598
3609,0.000313,172.31.47.0-255,66,35487,97,196598
3610,0.000325,74.125.24.0-255,5738,41225,97,196598
3611,0.000328,172.31.47.0-255,66,41291,97,196598
3612,0.00039,172.31.47.0-255,66,41357,97,196598
3613,0.00046,74.125.24.0-255,1484,42841,97,196598
3614,0.000463,172.31.47.0-255,66,42907,97,196598
3615,0.00047,74.125.24.0-255,2902,45809,97,196598
3616,0.000472,172.31.47.0-255,66,45875,97,196598
3617,0.000497,74.125.24.0-255,5738,51613,97,196598
3618,0.0005,172.31.47.0-255,66,51679,97,196598
3619,0.000532,172.31.47.0-255,66,51745,97,196598
3620,0.000543,172.31.47.0-255,66,51811,97,196598
3621,0.000595,74.125.24.0-255,1125,52936,97,196598
3622,0.000935,172.31.47.0-255,66,53002,97,196598
3623,0.001037,74.125.24.0-255,1484,54486,97,196598
3624,0.001046,74.125.24.0-255,2902,57388,97,196598
3625,0.001048,172.31.47.0-255,66,57454,97,196598
3626,0.001079,74.125.24.0-255,5738,63192,97,196598
3627,0.001082,172.31.47.0-255,66,63258,97,196598
3628,0.001086,74.125.24.0-255,1484,64742,97,196598
3629,0.001117,172.31.47.0-255,66,64808,97,196598
3630,0.001172,172.31.47.0-255,66,64874,97,196598
3631,0.001191,74.125.24.0-255,7156,72030,97,196598
3632,0.001194,172.31.47.0-255,66,72096,97,196598
3633,0.001217,74.125.24.0-255,2902,74998,97,196598
3634,0.001219,172.31.47.0-255,66,75064,97,196598
3635,0.001231,172.31.47.0-255,66,75130,97,196598
3636,0.001233,74.125.24.0-255,1484,76614,97,196598
3637,0.001275,172.31.47.0-255,66,76680,97,196598
3638,0.001285,172.31.47.0-255,66,76746,97,196598
3639,0.001318,74.125.24.0-255,4320,81066,97,196598
3640,0.001321,172.31.47.0-255,66,81132,97,196598
3641,0.001334,172.31.47.0-255,66,81198,97,196598
3642,0.001372,172.31.47.0-255,66,81264,97,196598
3643,0.001407,172.31.47.0-255,66,81330,97,196598
3644,0.00142,172.31.47.0-255,66,81396,97,196598
3645,0.001448,74.125.24.0-255,3602,84998,97,196598
3646,0.001451,172.31.47.0-255,66,85064,97,196598
3647,0.001786,74.125.24.0-255,1484,86548,97,196598
3648,0.001793,74.125.24.0-255,2902,89450,97,196598
3649,0.001797,172.31.47.0-255,66,89516,97,196598
3650,0.001824,74.125.24.0-255,5738,95254,97,196598
3651,0.001826,172.31.47.0-255,66,95320,97,196598
3652,0.001829,74.125.24.0-255,1484,96804,97,196598
3653,0.001865,172.31.47.0-255,66,96870,97,196598
3654,0.001877,172.31.47.0-255,66,96936,97,196598
3655,0.001899,74.125.24.0-255,766,97702,97,196598
3656,0.00198,74.125.24.0-255,1484,99186,97,196598
3657,0.001982,172.31.47.0-255,66,99252,97,196598
3658,0.002003,74.125.24.0-255,2902,102154,97,196598
3659,0.002005,172.31.47.0-255,66,102220,97,196598
3660,0.00201,74.125.24.0-255,5738,107958,97,196598
3661,0.002012,172.31.47.0-255,66,108024,97,196598
3662,0.002031,74.125.24.0-255,2902,110926,97,196598
3663,0.002032,172.31.47.0-255,66,110992,97,196598
3664,0.002057,74.125.24.0-255,7156,118148,97,196598
3665,0.002059,172.31.47.0-255,66,118214,97,196598
3666,0.002081,74.125.24.0-255,7156,125370,97,196598
3667,0.002083,172.31.47.0-255,66,125436,97,196598
3668,0.002107,74.125.24.0-255,6438,131874,97,196598
3669,0.002109,172.31.47.0-255,66,131940,97,196598
3670,0.002153,74.125.24.0-255,5738,137678,97,196598
3671,0.00217,74.125.24.0-255,7156,144834,97,196598
3672,0.002185,74.125.24.0-255,6438,151272,97,196598
3673,0.002234,74.125.24.0-255,5738,157010,97,196598
3674,0.002248,74.125.24.0-255,5738,162748,97,196598
3675,0.002252,74.125.24.0-255,2902,165650,97,196598
3676,0.005619,172.31.47.0-255,66,165716,97,196598
3677,0.007881,74.125.24.0-255,5738,171454,97,196598
3678,0.00789,172.31.47.0-255,66,171520,97,196598
3679,0.010149,74.125.24.0-255,5738,177258,97,196598
3680,0.010156,172.31.47.0-255,66,177324,97,196598
3681,0.012373,74.125.24.0-255,5738,183062,97,196598
3682,0.012379,172.31.47.0-255,66,183128,97,196598
3683,0.01462,74.125.24.0-255,5738,188866,97,196598
3684,0.014628,172.31.47.0-255,66,188932,97,196598
3685,0.016875,74.125.24.0-255,3136,192068,97,196598
3686,0.016882,172.31.47.0-255,66,192134,97,196598
3687,0.017094,172.31.47.0-255,105,192239,97,196598
3688,0.019313,74.125.24.0-255,66,192305,97,196598
3689,0.046541,172.31.47.0-255,176,192481,97,196598
3690,0.046573,172.31.47.0-255,1111,193592,97,196598
3691,0.046607,172.31.47.0-255,1514,195106,97,196598
3692,0.046608,172.31.47.0-255,1294,196400,97,196598
3693,0.048071,104.244.42.0-255,66,196466,97,196598
3694,0.048106,104.244.42.0-255,66,196532,97,196598
3695,0.048163,104.244.42.0-255,66,196598,97,196598
3696,0.0,172.253.118.0-255,66,66,97,132
3697,0.031056,172.31.47.0-255,66,132,97,132
3698,0.0,74.125.24.0-255,143,143,97,340346
3699,3e-05,172.31.47.0-255,66,209,97,340346
3700,3.6e-05,74.125.24.0-255,1484,1693,97,340346
3701,4e-05,172.31.47.0-255,66,1759,97,340346
3702,5.2e-05,74.125.24.0-255,2902,4661,97,340346
3703,5.6e-05,172.31.47.0-255,66,4727,97,340346
3704,6.1e-05,74.125.24.0-255,4320,9047,97,340346
3705,6.4e-05,172.31.47.0-255,66,9113,97,340346
3706,9.6e-05,74.125.24.0-255,2902,12015,97,340346
3707,9.9e-05,172.31.47.0-255,66,12081,97,340346
3708,0.000167,74.125.24.0-255,2036,14117,97,340346
3709,0.000171,172.31.47.0-255,66,14183,97,340346
3710,0.000199,74.125.24.0-255,2902,17085,97,340346
3711,0.000202,172.31.47.0-255,66,17151,97,340346
3712,0.000234,74.125.24.0-255,1484,18635,97,340346
3713,0.000237,172.31.47.0-255,66,18701,97,340346
3714,0.000269,74.125.24.0-255,2902,21603,97,340346
3715,0.000276,172.31.47.0-255,66,21669,97,340346
3716,0.000304,74.125.24.0-255,5738,27407,97,340346
3717,0.000308,172.31.47.0-255,66,27473,97,340346
3718,0.000391,74.125.24.0-255,1484,28957,97,340346
3719,0.000396,172.31.47.0-255,66,29023,97,340346
3720,0.000421,74.125.24.0-255,2543,31566,97,340346
3721,0.000424,172.31.47.0-255,66,31632,97,340346
3722,0.000456,74.125.24.0-255,4320,35952,97,340346
3723,0.000459,172.31.47.0-255,66,36018,97,340346
3724,0.000499,172.31.47.0-255,66,36084,97,340346
3725,0.000689,74.125.24.0-255,1125,37209,97,340346
3726,0.000694,172.31.47.0-255,66,37275,97,340346
3727,0.00072,74.125.24.0-255,2902,40177,97,340346
3728,0.000723,172.31.47.0-255,66,40243,97,340346
3729,0.000749,172.31.47.0-255,66,40309,97,340346
3730,0.000891,74.125.24.0-255,5692,46001,97,340346
3731,0.000895,172.31.47.0-255,66,46067,97,340346
3732,0.00098,74.125.24.0-255,4320,50387,97,340346
3733,0.000985,172.31.47.0-255,66,50453,97,340346
3734,0.001028,172.31.47.0-255,66,50519,97,340346
3735,0.001319,172.31.47.0-255,66,50585,97,340346
3736,0.001496,74.125.24.0-255,1484,52069,97,340346
3737,0.001501,172.31.47.0-255,78,52147,97,340346
3738,0.001504,74.125.24.0-255,330,52477,97,340346
3739,0.001507,172.31.47.0-255,66,52543,97,340346
3740,0.00151,74.125.24.0-255,1484,54027,97,340346
3741,0.001532,74.125.24.0-255,2902,56929,97,340346
3742,0.001535,172.31.47.0-255,66,56995,97,340346
3743,0.00158,74.125.24.0-255,4320,61315,97,340346
3744,0.001583,172.31.47.0-255,66,61381,97,340346
3745,0.001606,74.125.24.0-255,4320,65701,97,340346
3746,0.001609,172.31.47.0-255,66,65767,97,340346
3747,0.001718,74.125.24.0-255,4320,70087,97,340346
3748,0.00172,172.31.47.0-255,66,70153,97,340346
3749,0.001756,172.31.47.0-255,66,70219,97,340346
3750,0.00197,74.125.24.0-255,766,70985,97,340346
3751,0.002158,74.125.24.0-255,1484,72469,97,340346
3752,0.00216,172.31.47.0-255,66,72535,97,340346
3753,0.00218,74.125.24.0-255,2902,75437,97,340346
3754,0.002182,172.31.47.0-255,66,75503,97,340346
3755,0.002213,74.125.24.0-255,4320,79823,97,340346
3756,0.002215,172.31.47.0-255,66,79889,97,340346
3757,0.00224,74.125.24.0-255,1484,81373,97,340346
3758,0.002293,74.125.24.0-255,2902,84275,97,340346
3759,0.002295,172.31.47.0-255,66,84341,97,340346
3760,0.002349,74.125.24.0-255,5738,90079,97,340346
3761,0.002351,172.31.47.0-255,66,90145,97,340346
3762,0.002366,74.125.24.0-255,4320,94465,97,340346
3763,0.002368,172.31.47.0-255,66,94531,97,340346
3764,0.004513,74.125.24.0-255,1484,96015,97,340346
3765,0.004525,74.125.24.0-255,4320,100335,97,340346
3766,0.004528,172.31.47.0-255,66,100401,97,340346
3767,0.006683,74.125.24.0-255,5738,106139,97,340346
3768,0.006689,172.31.47.0-255,66,106205,97,340346
3769,0.008866,74.125.24.0-255,5738,111943,97,340346
3770,0.008873,172.31.47.0-255,66,112009,97,340346
3771,0.011019,74.125.24.0-255,5738,117747,97,340346
3772,0.011025,172.31.47.0-255,66,117813,97,340346
3773,0.013254,74.125.24.0-255,4320,122133,97,340346
3774,0.013261,172.31.47.0-255,66,122199,97,340346
3775,0.013285,74.125.24.0-255,1484,123683,97,340346
3776,0.015431,74.125.24.0-255,4320,128003,97,340346
3777,0.015439,172.31.47.0-255,66,128069,97,340346
3778,0.017614,74.125.24.0-255,5738,133807,97,340346
3779,0.01762,172.31.47.0-255,66,133873,97,340346
3780,0.019794,74.125.24.0-255,5738,139611,97,340346
3781,0.019799,172.31.47.0-255,66,139677,97,340346
3782,0.021879,172.31.47.0-255,172,139849,97,340346
3783,0.021903,172.31.47.0-255,1107,140956,97,340346
3784,0.021943,172.31.47.0-255,1514,142470,97,340346
3785,0.021945,172.31.47.0-255,1190,143660,97,340346
3786,0.021966,74.125.24.0-255,4320,147980,97,340346
3787,0.02197,172.31.47.0-255,66,148046,97,340346
3788,0.021995,74.125.24.0-255,1484,149530,97,340346
3789,0.023527,104.244.42.0-255,66,149596,97,340346
3790,0.023599,104.244.42.0-255,66,149662,97,340346
3791,0.023601,104.244.42.0-255,66,149728,97,340346
3792,0.024152,74.125.24.0-255,4320,154048,97,340346
3793,0.024155,172.31.47.0-255,66,154114,97,340346
3794,0.026305,74.125.24.0-255,5738,159852,97,340346
3795,0.026313,172.31.47.0-255,66,159918,97,340346
3796,0.028494,74.125.24.0-255,5738,165656,97,340346
3797,0.028502,172.31.47.0-255,66,165722,97,340346
3798,0.030666,74.125.24.0-255,5738,171460,97,340346
3799,0.030671,172.31.47.0-255,66,171526,97,340346
3800,0.032839,74.125.24.0-255,5738,177264,97,340346
3801,0.032845,172.31.47.0-255,66,177330,97,340346
3802,0.035047,74.125.24.0-255,5738,183068,97,340346
3803,0.035053,172.31.47.0-255,66,183134,97,340346
3804,0.037274,74.125.24.0-255,4320,187454,97,340346
3805,0.037279,172.31.47.0-255,66,187520,97,340346
3806,0.037308,74.125.24.0-255,1484,189004,97,340346
3807,0.039476,74.125.24.0-255,4320,193324,97,340346
3808,0.039481,172.31.47.0-255,66,193390,97,340346
3809,0.041647,74.125.24.0-255,4320,197710,97,340346
3810,0.041651,172.31.47.0-255,66,197776,97,340346
3811,0.041688,74.125.24.0-255,1484,199260,97,340346
3812,0.043805,74.125.24.0-255,4320,203580,97,340346
3813,0.043811,172.31.47.0-255,66,203646,97,340346
3814,0.045962,74.125.24.0-255,2902,206548,97,340346
3815,0.045968,172.31.47.0-255,66,206614,97,340346
3816,0.046001,74.125.24.0-255,2902,209516,97,340346
3817,0.046004,172.31.47.0-255,66,209582,97,340346
3818,0.048154,74.125.24.0-255,5738,215320,97,340346
3819,0.048158,172.31.47.0-255,66,215386,97,340346
3820,0.050329,74.125.24.0-255,5738,221124,97,340346
3821,0.050334,172.31.47.0-255,66,221190,97,340346
3822,0.052512,74.125.24.0-255,4320,225510,97,340346
3823,0.052518,172.31.47.0-255,66,225576,97,340346
3824,0.052538,74.125.24.0-255,1484,227060,97,340346
3825,0.05468,74.125.24.0-255,2902,229962,97,340346
3826,0.054685,172.31.47.0-255,66,230028,97,340346
3827,0.054713,74.125.24.0-255,1484,231512,97,340346
3828,0.056866,74.125.24.0-255,2902,234414,97,340346
3829,0.05687,172.31.47.0-255,66,234480,97,340346
3830,0.056895,74.125.24.0-255,1484,235964,97,340346
3831,0.059037,74.125.24.0-255,4320,240284,97,340346
3832,0.059041,172.31.47.0-255,66,240350,97,340346
3833,0.0612,74.125.24.0-255,5738,246088,97,340346
3834,0.061205,172.31.47.0-255,66,246154,97,340346
3835,0.063393,74.125.24.0-255,5738,251892,97,340346
3836,0.063398,172.31.47.0-255,66,251958,97,340346
3837,0.065556,74.125.24.0-255,2902,254860,97,340346
3838,0.065561,172.31.47.0-255,66,254926,97,340346
3839,0.065591,74.125.24.0-255,2902,257828,97,340346
3840,0.065594,172.31.47.0-255,66,257894,97,340346
3841,0.067763,74.125.24.0-255,1484,259378,97,340346
3842,0.067792,74.125.24.0-255,4320,263698,97,340346
3843,0.067795,172.31.47.0-255,66,263764,97,340346
3844,0.069988,74.125.24.0-255,5738,269502,97,340346
3845,0.069994,172.31.47.0-255,66,269568,97,340346
3846,0.072154,74.125.24.0-255,5738,275306,97,340346
3847,0.072158,172.31.47.0-255,66,275372,97,340346
3848,0.074352,74.125.24.0-255,5738,281110,97,340346
3849,0.074356,172.31.47.0-255,66,281176,97,340346
3850,0.075986,172.31.47.0-255,105,281281,97,340346
3851,0.076514,74.125.24.0-255,5738,287019,97,340346
3852,0.07652,172.31.47.0-255,66,287085,97,340346
3853,0.078668,74.125.24.0-255,5738,292823,97,340346
3854,0.078673,172.31.47.0-255,66,292889,97,340346
3855,0.078856,157.240.13.0-255,105,292994,97,340346
3856,0.078863,172.31.47.0-255,66,293060,97,340346
3857,0.080843,74.125.24.0-255,5738,298798,97,340346
3858,0.080849,172.31.47.0-255,66,298864,97,340346
3859,0.08304,74.125.24.0-255,5738,304602,97,340346
3860,0.083047,172.31.47.0-255,66,304668,97,340346
3861,0.085206,74.125.24.0-255,4320,308988,97,340346
3862,0.08521,172.31.47.0-255,66,309054,97,340346
3863,0.085238,74.125.24.0-255,1484,310538,97,340346
3864,0.087368,74.125.24.0-255,4320,314858,97,340346
3865,0.087373,172.31.47.0-255,66,314924,97,340346
3866,0.089522,74.125.24.0-255,4320,319244,97,340346
3867,0.089528,172.31.47.0-255,66,319310,97,340346
3868,0.089561,74.125.24.0-255,1484,320794,97,340346
3869,0.091724,74.125.24.0-255,4320,325114,97,340346
3870,0.091728,172.31.47.0-255,66,325180,97,340346
3871,0.093929,74.125.24.0-255,5738,330918,97,340346
3872,0.093934,172.31.47.0-255,66,330984,97,340346
3873,0.096134,74.125.24.0-255,4320,335304,97,340346
3874,0.096139,172.31.47.0-255,66,335370,97,340346
3875,0.096169,74.125.24.0-255,1484,336854,97,340346
3876,0.098348,74.125.24.0-255,3321,340175,97,340346
3877,0.098352,172.31.47.0-255,66,340241,97,340346
3878,0.098516,172.31.47.0-255,105,340346,97,340346
3879,0.0,74.125.68.0-255,153,153,97,378614
3880,3.3e-05,172.31.47.0-255,66,219,97,378614
3881,3.9e-05,74.125.68.0-255,1484,1703,97,378614
3882,4.3e-05,172.31.47.0-255,66,1769,97,378614
3883,6.5e-05,74.125.68.0-255,1484,3253,97,378614
3884,6.7e-05,172.31.47.0-255,66,3319,97,378614
3885,8.5e-05,74.125.68.0-255,1484,4803,97,378614
3886,8.8e-05,172.31.47.0-255,66,4869,97,378614
3887,9.3e-05,74.125.68.0-255,4320,9189,97,378614
3888,9.5e-05,172.31.47.0-255,66,9255,97,378614
3889,0.00011,74.125.68.0-255,2902,12157,97,378614
3890,0.000113,172.31.47.0-255,66,12223,97,378614
3891,0.000135,74.125.68.0-255,2163,14386,97,378614
3892,0.000138,172.31.47.0-255,66,14452,97,378614
3893,0.000244,74.125.68.0-255,1484,15936,97,378614
3894,0.000247,172.31.47.0-255,66,16002,97,378614
3895,0.000252,74.125.68.0-255,2902,18904,97,378614
3896,0.000254,172.31.47.0-255,66,18970,97,378614
3897,0.000278,74.125.68.0-255,5738,24708,97,378614
3898,0.000281,172.31.47.0-255,66,24774,97,378614
3899,0.000285,74.125.68.0-255,2902,27676,97,378614
3900,0.000287,172.31.47.0-255,66,27742,97,378614
3901,0.000302,74.125.68.0-255,3961,31703,97,378614
3902,0.000308,172.31.47.0-255,66,31769,97,378614
3903,0.000393,74.125.68.0-255,1484,33253,97,378614
3904,0.000397,172.31.47.0-255,66,33319,97,378614
3905,0.000429,74.125.68.0-255,2902,36221,97,378614
3906,0.000432,172.31.47.0-255,66,36287,97,378614
3907,0.000456,74.125.68.0-255,2902,39189,97,378614
3908,0.000458,172.31.47.0-255,66,39255,97,378614
3909,0.000473,74.125.68.0-255,1484,40739,97,378614
3910,0.000475,172.31.47.0-255,66,40805,97,378614
3911,0.000481,74.125.68.0-255,5738,46543,97,378614
3912,0.000486,172.31.47.0-255,66,46609,97,378614
3913,0.000496,74.125.68.0-255,4320,50929,97,378614
3914,0.000506,172.31.47.0-255,66,50995,97,378614
3915,0.000513,74.125.68.0-255,5379,56374,97,378614
3916,0.000519,172.31.47.0-255,66,56440,97,378614
3917,0.000528,74.125.68.0-255,4320,60760,97,378614
3918,0.000532,172.31.47.0-255,66,60826,97,378614
3919,0.000559,74.125.68.0-255,5689,66515,97,378614
3920,0.000562,74.125.68.0-255,112,66627,97,378614
3921,0.000562,172.31.47.0-255,66,66693,97,378614
3922,0.000728,172.31.47.0-255,66,66759,97,378614
3923,0.000737,74.125.68.0-255,1484,68243,97,378614
3924,0.00076,74.125.68.0-255,2902,71145,97,378614
3925,0.000771,172.31.47.0-255,66,71211,97,378614
3926,0.000784,74.125.68.0-255,2902,74113,97,378614
3927,0.000789,172.31.47.0-255,66,74179,97,378614
3928,0.000806,74.125.68.0-255,2902,77081,97,378614
3929,0.000812,172.31.47.0-255,66,77147,97,378614
3930,0.000822,74.125.68.0-255,2902,80049,97,378614
3931,0.000826,172.31.47.0-255,66,80115,97,378614
3932,0.000841,74.125.68.0-255,3961,84076,97,378614
3933,0.000852,172.31.47.0-255,66,84142,97,378614
3934,0.000856,74.125.68.0-255,1484,85626,97,378614
3935,0.00089,74.125.68.0-255,1484,87110,97,378614
3936,0.000897,172.31.47.0-255,66,87176,97,378614
3937,0.000903,74.125.68.0-255,2902,90078,97,378614
3938,0.000912,172.31.47.0-255,66,90144,97,378614
3939,0.000952,74.125.68.0-255,5738,95882,97,378614
3940,0.000957,172.31.47.0-255,66,95948,97,378614
3941,0.000994,74.125.68.0-255,5379,101327,97,378614
3942,0.001001,172.31.47.0-255,66,101393,97,378614
3943,0.00103,74.125.68.0-255,330,101723,97,378614
3944,0.00107,172.31.47.0-255,66,101789,97,378614
3945,0.001313,74.125.68.0-255,1484,103273,97,378614
3946,0.00132,74.125.68.0-255,1484,104757,97,378614
3947,0.001339,74.125.68.0-255,1484,106241,97,378614
3948,0.001364,74.125.68.0-255,5738,111979,97,378614
3949,0.001376,74.125.68.0-255,1484,113463,97,378614
3950,0.001391,74.125.68.0-255,5738,119201,97,378614
3951,0.001415,74.125.68.0-255,2902,122103,97,378614
3952,0.001469,74.125.68.0-255,5020,127123,97,378614
3953,0.001831,74.125.68.0-255,1484,128607,97,378614
3954,0.00184,74.125.68.0-255,2902,131509,97,378614
3955,0.00186,74.125.68.0-255,1484,132993,97,378614
3956,0.001866,74.125.68.0-255,2902,135895,97,378614
3957,0.001886,74.125.68.0-255,1484,137379,97,378614
3958,0.001902,74.125.68.0-255,4320,141699,97,378614
3959,0.001907,74.125.68.0-255,2902,144601,97,378614
3960,0.001925,74.125.68.0-255,4320,148921,97,378614
3961,0.00193,74.125.68.0-255,4320,153241,97,378614
3962,0.001947,74.125.68.0-255,4320,157561,97,378614
3963,0.00195,74.125.68.0-255,1484,159045,97,378614
3964,0.001964,74.125.68.0-255,2184,161229,97,378614
3965,0.002004,74.125.68.0-255,1484,162713,97,378614
3966,0.002017,74.125.68.0-255,2902,165615,97,378614
3967,0.002065,74.125.68.0-255,2902,168517,97,378614
3968,0.002078,74.125.68.0-255,4320,172837,97,378614
3969,0.002112,74.125.68.0-255,1484,174321,97,378614
3970,0.002135,74.125.68.0-255,7156,181477,97,378614
3971,0.002137,74.125.68.0-255,1484,182961,97,378614
3972,0.002169,74.125.68.0-255,1484,184445,97,378614
3973,0.002172,74.125.68.0-255,2184,186629,97,378614
3974,0.002301,74.125.68.0-255,1484,188113,97,378614
3975,0.002318,74.125.68.0-255,2902,191015,97,378614
3976,0.002333,74.125.68.0-255,1484,192499,97,378614
3977,0.002347,74.125.68.0-255,4320,196819,97,378614
3978,0.002362,74.125.68.0-255,1484,198303,97,378614
3979,0.002375,74.125.68.0-255,7156,205459,97,378614
3980,0.005562,172.31.47.0-255,66,205525,97,378614
3981,0.007926,74.125.68.0-255,5738,211263,97,378614
3982,0.007932,172.31.47.0-255,66,211329,97,378614
3983,0.010295,74.125.68.0-255,5738,217067,97,378614
3984,0.010301,172.31.47.0-255,66,217133,97,378614
3985,0.012641,74.125.68.0-255,5738,222871,97,378614
3986,0.012648,172.31.47.0-255,66,222937,97,378614
3987,0.014996,74.125.68.0-255,5738,228675,97,378614
3988,0.015003,172.31.47.0-255,66,228741,97,378614
3989,0.017362,74.125.68.0-255,5738,234479,97,378614
3990,0.017371,172.31.47.0-255,66,234545,97,378614
3991,0.019737,74.125.68.0-255,5738,240283,97,378614
3992,0.019747,172.31.47.0-255,66,240349,97,378614
3993,0.022096,74.125.68.0-255,5738,246087,97,378614
3994,0.022104,172.31.47.0-255,66,246153,97,378614
3995,0.024463,74.125.68.0-255,5738,251891,97,378614
3996,0.02447,172.31.47.0-255,66,251957,97,378614
3997,0.025594,172.31.47.0-255,175,252132,97,378614
3998,0.025619,172.31.47.0-255,1135,253267,97,378614
3999,0.025653,172.31.47.0-255,1514,254781,97,378614
4000,0.025655,172.31.47.0-255,1270,256051,97,378614
4001,0.026809,74.125.68.0-255,5738,261789,97,378614
4002,0.026817,172.31.47.0-255,66,261855,97,378614
4003,0.027134,104.244.42.0-255,66,261921,97,378614
4004,0.027217,104.244.42.0-255,66,261987,97,378614
4005,0.027222,104.244.42.0-255,66,262053,97,378614
4006,0.029156,74.125.68.0-255,1484,263537,97,378614
4007,0.029187,74.125.68.0-255,4320,267857,97,378614
4008,0.029192,172.31.47.0-255,66,267923,97,378614
4009,0.031537,74.125.68.0-255,5738,273661,97,378614
4010,0.031545,172.31.47.0-255,66,273727,97,378614
4011,0.033878,74.125.68.0-255,1484,275211,97,378614
4012,0.033908,74.125.68.0-255,4320,279531,97,378614
4013,0.033913,172.31.47.0-255,66,279597,97,378614
4014,0.036255,74.125.68.0-255,4320,283917,97,378614
4015,0.03626,172.31.47.0-255,66,283983,97,378614
4016,0.036284,74.125.68.0-255,1484,285467,97,378614
4017,0.038603,74.125.68.0-255,4320,289787,97,378614
4018,0.038607,172.31.47.0-255,66,289853,97,378614
4019,0.040966,74.125.68.0-255,5738,295591,97,378614
4020,0.041023,172.31.47.0-255,66,295657,97,378614
4021,0.043364,74.125.68.0-255,4320,299977,97,378614
4022,0.043373,172.31.47.0-255,66,300043,97,378614
4023,0.0434,74.125.68.0-255,1484,301527,97,378614
4024,0.045729,74.125.68.0-255,4320,305847,97,378614
4025,0.045734,172.31.47.0-255,66,305913,97,378614
4026,0.048071,74.125.68.0-255,5738,311651,97,378614
4027,0.048131,172.31.47.0-255,66,311717,97,378614
4028,0.05048,74.125.68.0-255,5738,317455,97,378614
4029,0.050486,172.31.47.0-255,66,317521,97,378614
4030,0.052823,74.125.68.0-255,4320,321841,97,378614
4031,0.052827,172.31.47.0-255,66,321907,97,378614
4032,0.052856,74.125.68.0-255,1484,323391,97,378614
4033,0.055169,74.125.68.0-255,2902,326293,97,378614
4034,0.055174,172.31.47.0-255,66,326359,97,378614
4035,0.0552,74.125.68.0-255,1484,327843,97,378614
4036,0.057521,74.125.68.0-255,4320,332163,97,378614
4037,0.057567,172.31.47.0-255,66,332229,97,378614
4038,0.059901,74.125.68.0-255,5738,337967,97,378614
4039,0.059956,172.31.47.0-255,66,338033,97,378614
4040,0.062301,74.125.68.0-255,5738,343771,97,378614
4041,0.062307,172.31.47.0-255,66,343837,97,378614
4042,0.064644,74.125.68.0-255,4320,348157,97,378614
4043,0.064648,172.31.47.0-255,66,348223,97,378614
4044,0.064672,74.125.68.0-255,1484,349707,97,378614
4045,0.066987,74.125.68.0-255,4320,354027,97,378614
4046,0.066992,172.31.47.0-255,66,354093,97,378614
4047,0.069362,74.125.68.0-255,4320,358413,97,378614
4048,0.069366,172.31.47.0-255,66,358479,97,378614
4049,0.069389,74.125.68.0-255,1484,359963,97,378614
4050,0.071699,74.125.68.0-255,4320,364283,97,378614
4051,0.071705,172.31.47.0-255,66,364349,97,378614
4052,0.074044,74.125.68.0-255,5738,370087,97,378614
4053,0.074097,172.31.47.0-255,66,370153,97,378614
4054,0.076426,74.125.68.0-255,4320,374473,97,378614
4055,0.076431,172.31.47.0-255,66,374539,97,378614
4056,0.076457,74.125.68.0-255,1484,376023,97,378614
4057,0.078775,74.125.68.0-255,2354,378377,97,378614
4058,0.078781,172.31.47.0-255,66,378443,97,378614
4059,0.078959,172.31.47.0-255,105,378548,97,378614
4060,0.081284,74.125.68.0-255,66,378614,97,378614
4061,0.0,74.125.24.0-255,153,153,97,321160
4062,2.9e-05,172.31.47.0-255,66,219,97,321160
4063,3.6e-05,74.125.24.0-255,1484,1703,97,321160
4064,3.9e-05,172.31.47.0-255,66,1769,97,321160
4065,4.4e-05,74.125.24.0-255,2902,4671,97,321160
4066,4.7e-05,172.31.47.0-255,66,4737,97,321160
4067,6e-05,74.125.24.0-255,7156,11893,97,321160
4068,6.3e-05,172.31.47.0-255,66,11959,97,321160
4069,6.6e-05,74.125.24.0-255,2091,14050,97,321160
4070,6.8e-05,172.31.47.0-255,66,14116,97,321160
4071,9.8e-05,74.125.24.0-255,1484,15600,97,321160
4072,0.000101,172.31.47.0-255,66,15666,97,321160
4073,0.000129,74.125.24.0-255,2902,18568,97,321160
4074,0.000132,172.31.47.0-255,66,18634,97,321160
4075,0.000138,74.125.24.0-255,5738,24372,97,321160
4076,0.00014,172.31.47.0-255,66,24438,97,321160
4077,0.000143,74.125.24.0-255,1484,25922,97,321160
4078,0.000145,172.31.47.0-255,66,25988,97,321160
4079,0.000172,74.125.24.0-255,5379,31367,97,321160
4080,0.000175,172.31.47.0-255,66,31433,97,321160
4081,0.000226,74.125.24.0-255,1484,32917,97,321160
4082,0.000229,172.31.47.0-255,66,32983,97,321160
4083,0.000268,74.125.24.0-255,2902,35885,97,321160
4084,0.000272,172.31.47.0-255,66,35951,97,321160
4085,0.000279,74.125.24.0-255,5738,41689,97,321160
4086,0.000281,172.31.47.0-255,66,41755,97,321160
4087,0.000285,74.125.24.0-255,2902,44657,97,321160
4088,0.000293,172.31.47.0-255,66,44723,97,321160
4089,0.00033,74.125.24.0-255,1484,46207,97,321160
4090,0.000333,172.31.47.0-255,66,46273,97,321160
4091,0.000337,172.31.47.0-255,66,46339,97,321160
4092,0.000391,172.31.47.0-255,66,46405,97,321160
4093,0.000394,74.125.24.0-255,408,46813,97,321160
4094,0.000731,74.125.24.0-255,1484,48297,97,321160
4095,0.000735,172.31.47.0-255,66,48363,97,321160
4096,0.000739,74.125.24.0-255,1484,49847,97,321160
4097,0.000766,74.125.24.0-255,1484,51331,97,321160
4098,0.000769,172.31.47.0-255,66,51397,97,321160
4099,0.000773,74.125.24.0-255,1484,52881,97,321160
4100,0.000777,74.125.24.0-255,2902,55783,97,321160
4101,0.000778,172.31.47.0-255,66,55849,97,321160
4102,0.00079,74.125.24.0-255,5738,61587,97,321160
4103,0.000793,172.31.47.0-255,66,61653,97,321160
4104,0.00083,172.31.47.0-255,66,61719,97,321160
4105,0.000837,74.125.24.0-255,6438,68157,97,321160
4106,0.000839,172.31.47.0-255,66,68223,97,321160
4107,0.000922,74.125.24.0-255,1484,69707,97,321160
4108,0.000927,74.125.24.0-255,2902,72609,97,321160
4109,0.00093,172.31.47.0-255,66,72675,97,321160
4110,0.000936,74.125.24.0-255,5738,78413,97,321160
4111,0.000938,172.31.47.0-255,66,78479,97,321160
4112,0.000971,172.31.47.0-255,66,78545,97,321160
4113,0.000978,74.125.24.0-255,5738,84283,97,321160
4114,0.00098,172.31.47.0-255,66,84349,97,321160
4115,0.001005,74.125.24.0-255,5020,89369,97,321160
4116,0.001009,172.31.47.0-255,66,89435,97,321160
4117,0.001599,74.125.24.0-255,1484,90919,97,321160
4118,0.001611,74.125.24.0-255,2902,93821,97,321160
4119,0.001615,172.31.47.0-255,66,93887,97,321160
4120,0.001621,74.125.24.0-255,2902,96789,97,321160
4121,0.001623,172.31.47.0-255,66,96855,97,321160
4122,0.001648,74.125.24.0-255,2902,99757,97,321160
4123,0.001654,172.31.47.0-255,66,99823,97,321160
4124,0.00166,74.125.24.0-255,4320,104143,97,321160
4125,0.001662,172.31.47.0-255,66,104209,97,321160
4126,0.001692,74.125.24.0-255,5738,109947,97,321160
4127,0.001694,172.31.47.0-255,66,110013,97,321160
4128,0.001723,74.125.24.0-255,5738,115751,97,321160
4129,0.001726,172.31.47.0-255,66,115817,97,321160
4130,0.001734,74.125.24.0-255,7156,122973,97,321160
4131,0.001736,172.31.47.0-255,66,123039,97,321160
4132,0.001765,172.31.47.0-255,66,123105,97,321160
4133,0.001811,74.125.24.0-255,4320,127425,97,321160
4134,0.001814,172.31.47.0-255,66,127491,97,321160
4135,0.001841,74.125.24.0-255,5738,133229,97,321160
4136,0.001844,172.31.47.0-255,66,133295,97,321160
4137,0.001857,172.31.47.0-255,66,133361,97,321160
4138,0.001863,74.125.24.0-255,3602,136963,97,321160
4139,0.001865,172.31.47.0-255,66,137029,97,321160
4140,0.001888,74.125.24.0-255,1484,138513,97,321160
4141,0.001914,74.125.24.0-255,2902,141415,97,321160
4142,0.001916,172.31.47.0-255,66,141481,97,321160
4143,0.00192,74.125.24.0-255,2902,144383,97,321160
4144,0.001922,172.31.47.0-255,66,144449,97,321160
4145,0.001951,74.125.24.0-255,2902,147351,97,321160
4146,0.001953,172.31.47.0-255,66,147417,97,321160
4147,0.001957,74.125.24.0-255,2902,150319,97,321160
4148,0.001959,172.31.47.0-255,66,150385,97,321160
4149,0.001964,74.125.24.0-255,4320,154705,97,321160
4150,0.001966,172.31.47.0-255,66,154771,97,321160
4151,0.001993,74.125.24.0-255,5738,160509,97,321160
4152,0.001995,172.31.47.0-255,66,160575,97,321160
4153,0.002001,74.125.24.0-255,5738,166313,97,321160
4154,0.002003,172.31.47.0-255,66,166379,97,321160
4155,0.002029,74.125.24.0-255,2902,169281,97,321160
4156,0.002031,172.31.47.0-255,66,169347,97,321160
4157,0.002043,74.125.24.0-255,2184,171531,97,321160
4158,0.002048,172.31.47.0-255,66,171597,97,321160
4159,0.002291,74.125.24.0-255,1484,173081,97,321160
4160,0.002318,74.125.24.0-255,1484,174565,97,321160
4161,0.00232,172.31.47.0-255,66,174631,97,321160
4162,0.00234,74.125.24.0-255,1484,176115,97,321160
4163,0.002346,74.125.24.0-255,5738,181853,97,321160
4164,0.002348,172.31.47.0-255,66,181919,97,321160
4165,0.002351,74.125.24.0-255,1484,183403,97,321160
4166,0.002389,74.125.24.0-255,7156,190559,97,321160
4167,0.002392,172.31.47.0-255,66,190625,97,321160
4168,0.002414,74.125.24.0-255,1484,192109,97,321160
4169,0.002419,74.125.24.0-255,4320,196429,97,321160
4170,0.002421,172.31.47.0-255,66,196495,97,321160
4171,0.002454,172.31.47.0-255,66,196561,97,321160
4172,0.004824,74.125.24.0-255,4320,200881,97,321160
4173,0.004827,172.31.47.0-255,66,200947,97,321160
4174,0.004847,74.125.24.0-255,1484,202431,97,321160
4175,0.007257,74.125.24.0-255,2902,205333,97,321160
4176,0.007264,172.31.47.0-255,66,205399,97,321160
4177,0.007291,74.125.24.0-255,1484,206883,97,321160
4178,0.007563,172.31.47.0-255,101,206984,97,321160
4179,0.009692,74.125.24.0-255,4320,211304,97,321160
4180,0.0097,172.31.47.0-255,66,211370,97,321160
4181,0.009944,74.125.24.0-255,1484,212854,97,321160
4182,0.012151,74.125.24.0-255,4320,217174,97,321160
4183,0.012159,172.31.47.0-255,66,217240,97,321160
4184,0.014533,74.125.24.0-255,5738,222978,97,321160
4185,0.014547,172.31.47.0-255,66,223044,97,321160
4186,0.016942,74.125.24.0-255,5738,228782,97,321160
4187,0.016951,172.31.47.0-255,66,228848,97,321160
4188,0.019327,74.125.24.0-255,5738,234586,97,321160
4189,0.019333,172.31.47.0-255,66,234652,97,321160
4190,0.021723,74.125.24.0-255,4320,238972,97,321160
4191,0.021727,172.31.47.0-255,66,239038,97,321160
4192,0.02175,74.125.24.0-255,1484,240522,97,321160
4193,0.024108,74.125.24.0-255,4320,244842,97,321160
4194,0.024113,172.31.47.0-255,66,244908,97,321160
4195,0.026491,74.125.24.0-255,5738,250646,97,321160
4196,0.0265,172.31.47.0-255,66,250712,97,321160
4197,0.028892,74.125.24.0-255,5738,256450,97,321160
4198,0.0289,172.31.47.0-255,66,256516,97,321160
4199,0.03092,172.31.47.0-255,167,256683,97,321160
4200,0.030949,172.31.47.0-255,1111,257794,97,321160
4201,0.030986,172.31.47.0-255,1514,259308,97,321160
4202,0.030988,172.31.47.0-255,1293,260601,97,321160
4203,0.031256,74.125.24.0-255,5738,266339,97,321160
4204,0.031264,172.31.47.0-255,66,266405,97,321160
4205,0.032498,104.244.42.0-255,66,266471,97,321160
4206,0.032505,104.244.42.0-255,66,266537,97,321160
4207,0.03256,104.244.42.0-255,66,266603,97,321160
4208,0.033626,74.125.24.0-255,1484,268087,97,321160
4209,0.033654,74.125.24.0-255,4320,272407,97,321160
4210,0.03366,172.31.47.0-255,66,272473,97,321160
4211,0.036051,74.125.24.0-255,2902,275375,97,321160
4212,0.036057,172.31.47.0-255,66,275441,97,321160
4213,0.036094,74.125.24.0-255,2902,278343,97,321160
4214,0.036097,172.31.47.0-255,66,278409,97,321160
4215,0.038427,74.125.24.0-255,2902,281311,97,321160
4216,0.038432,172.31.47.0-255,66,281377,97,321160
4217,0.038479,74.125.24.0-255,2902,284279,97,321160
4218,0.038483,172.31.47.0-255,66,284345,97,321160
4219,0.040808,74.125.24.0-255,2902,287247,97,321160
4220,0.040814,172.31.47.0-255,66,287313,97,321160
4221,0.04085,74.125.24.0-255,2902,290215,97,321160
4222,0.040853,172.31.47.0-255,66,290281,97,321160
4223,0.04321,74.125.24.0-255,2902,293183,97,321160
4224,0.043216,172.31.47.0-255,66,293249,97,321160
4225,0.043254,74.125.24.0-255,2902,296151,97,321160
4226,0.043257,172.31.47.0-255,66,296217,97,321160
4227,0.04558,74.125.24.0-255,2902,299119,97,321160
4228,0.045586,172.31.47.0-255,66,299185,97,321160
4229,0.045638,74.125.24.0-255,2902,302087,97,321160
4230,0.045641,172.31.47.0-255,66,302153,97,321160
4231,0.047952,74.125.24.0-255,2902,305055,97,321160
4232,0.047958,172.31.47.0-255,66,305121,97,321160
4233,0.047983,74.125.24.0-255,2902,308023,97,321160
4234,0.047986,172.31.47.0-255,66,308089,97,321160
4235,0.050412,74.125.24.0-255,5738,313827,97,321160
4236,0.050419,172.31.47.0-255,66,313893,97,321160
4237,0.05279,74.125.24.0-255,4320,318213,97,321160
4238,0.052795,172.31.47.0-255,66,318279,97,321160
4239,0.052831,74.125.24.0-255,1484,319763,97,321160
4240,0.055249,74.125.24.0-255,1160,320923,97,321160
4241,0.055254,172.31.47.0-255,66,320989,97,321160
4242,0.055394,172.31.47.0-255,105,321094,97,321160
4243,0.062994,74.125.24.0-255,66,321160,97,321160
4244,0.0,74.125.68.0-255,66,66,97,66
4245,0.0,172.31.47.0-255,130,130,97,1623
4246,0.000394,172.31.47.0-255,236,366,97,1623
4247,0.000418,172.31.47.0-255,367,733,97,1623
4248,0.002591,142.250.4.0-255,630,1363,97,1623
4249,0.00266,142.250.4.0-255,97,1460,97,1623
4250,0.002835,172.31.47.0-255,97,1557,97,1623
4251,0.005101,142.250.4.0-255,66,1623,97,1623
4252,0.0,172.31.47.0-255,105,105,97,276
4253,0.001581,157.240.13.0-255,105,210,97,276
4254,0.001595,172.31.47.0-255,66,276,97,276
4255,0.0,172.31.47.0-255,66,66,97,66
4256,0.0,172.31.47.0-255,105,105,97,618
4257,4e-05,172.31.47.0-255,105,210,97,618
4258,0.001855,157.240.13.0-255,66,276,97,618
4259,0.001895,157.240.13.0-255,105,381,97,618
4260,0.001899,172.31.47.0-255,66,447,97,618
4261,0.001917,157.240.13.0-255,105,552,97,618
4262,0.001919,172.31.47.0-255,66,618,97,618
4263,0.0,172.31.47.0-255,66,66,97,66
4264,0.0,172.217.194.0-255,153,153,97,179057
4265,4.6e-05,172.31.47.0-255,66,219,97,179057
4266,5.3e-05,172.217.194.0-255,1484,1703,97,179057
4267,5.7e-05,172.31.47.0-255,66,1769,97,179057
4268,6.1e-05,172.217.194.0-255,2902,4671,97,179057
4269,6.3e-05,172.31.47.0-255,66,4737,97,179057
4270,7.7e-05,172.217.194.0-255,5738,10475,97,179057
4271,8e-05,172.31.47.0-255,66,10541,97,179057
4272,9.5e-05,172.31.47.0-255,66,10607,97,179057
4273,0.000103,172.217.194.0-255,6797,17404,97,179057
4274,0.000107,172.31.47.0-255,66,17470,97,179057
4275,0.00016,172.217.194.0-255,1484,18954,97,179057
4276,0.000164,172.31.47.0-255,66,19020,97,179057
4277,0.00017,172.217.194.0-255,2902,21922,97,179057
4278,0.000171,172.31.47.0-255,66,21988,97,179057
4279,0.000178,172.217.194.0-255,5738,27726,97,179057
4280,0.00018,172.31.47.0-255,66,27792,97,179057
4281,0.000184,172.217.194.0-255,1484,29276,97,179057
4282,0.000186,172.31.47.0-255,66,29342,97,179057
4283,0.000228,172.217.194.0-255,4320,33662,97,179057
4284,0.000232,172.31.47.0-255,66,33728,97,179057
4285,0.000249,172.31.47.0-255,66,33794,97,179057
4286,0.000252,172.217.194.0-255,766,34560,97,179057
4287,0.000254,172.31.47.0-255,66,34626,97,179057
4288,0.000275,172.217.194.0-255,413,35039,97,179057
4289,0.000277,172.31.47.0-255,66,35105,97,179057
4290,0.000324,172.217.194.0-255,1484,36589,97,179057
4291,0.000327,172.31.47.0-255,66,36655,97,179057
4292,0.000332,172.217.194.0-255,1484,38139,97,179057
4293,0.000334,172.31.47.0-255,66,38205,97,179057
4294,0.000355,172.217.194.0-255,2902,41107,97,179057
4295,0.000363,172.31.47.0-255,66,41173,97,179057
4296,0.000371,172.217.194.0-255,7156,48329,97,179057
4297,0.000373,172.31.47.0-255,66,48395,97,179057
4298,0.00041,172.31.47.0-255,66,48461,97,179057
4299,0.000441,172.217.194.0-255,1484,49945,97,179057
4300,0.000448,172.217.194.0-255,5020,54965,97,179057
4301,0.000452,172.31.47.0-255,66,55031,97,179057
4302,0.000454,172.217.194.0-255,362,55393,97,179057
4303,0.000536,172.217.194.0-255,1484,56877,97,179057
4304,0.00054,172.31.47.0-255,66,56943,97,179057
4305,0.000545,172.217.194.0-255,2902,59845,97,179057
4306,0.000547,172.31.47.0-255,66,59911,97,179057
4307,0.000574,172.217.194.0-255,5738,65649,97,179057
4308,0.000577,172.31.47.0-255,66,65715,97,179057
4309,0.000584,172.217.194.0-255,5738,71453,97,179057
4310,0.000586,172.31.47.0-255,66,71519,97,179057
4311,0.000617,172.217.194.0-255,7156,78675,97,179057
4312,0.000621,172.31.47.0-255,66,78741,97,179057
4313,0.000626,172.217.194.0-255,2902,81643,97,179057
4314,0.000628,172.31.47.0-255,66,81709,97,179057
4315,0.000665,172.31.47.0-255,66,81775,97,179057
4316,0.000704,172.217.194.0-255,1484,83259,97,179057
4317,0.000717,172.217.194.0-255,2902,86161,97,179057
4318,0.00072,172.31.47.0-255,66,86227,97,179057
4319,0.000727,172.217.194.0-255,5738,91965,97,179057
4320,0.000732,172.31.47.0-255,66,92031,97,179057
4321,0.000754,172.217.194.0-255,4320,96351,97,179057
4322,0.000763,172.31.47.0-255,66,96417,97,179057
4323,0.000793,172.31.47.0-255,66,96483,97,179057
4324,0.000805,172.31.47.0-255,66,96549,97,179057
4325,0.000808,172.217.194.0-255,766,97315,97,179057
4326,0.001162,172.217.194.0-255,1484,98799,97,179057
4327,0.001166,172.31.47.0-255,66,98865,97,179057
4328,0.001171,172.217.194.0-255,2902,101767,97,179057
4329,0.001173,172.31.47.0-255,66,101833,97,179057
4330,0.001178,172.217.194.0-255,4320,106153,97,179057
4331,0.001179,172.31.47.0-255,66,106219,97,179057
4332,0.001207,172.217.194.0-255,1484,107703,97,179057
4333,0.001219,172.31.47.0-255,66,107769,97,179057
4334,0.001249,172.217.194.0-255,1484,109253,97,179057
4335,0.001259,172.31.47.0-255,66,109319,97,179057
4336,0.001283,172.217.194.0-255,2184,111503,97,179057
4337,0.001286,172.31.47.0-255,66,111569,97,179057
4338,0.001556,172.217.194.0-255,1484,113053,97,179057
4339,0.001588,172.217.194.0-255,2902,115955,97,179057
4340,0.001594,172.31.47.0-255,66,116021,97,179057
4341,0.001621,172.217.194.0-255,5738,121759,97,179057
4342,0.001625,172.31.47.0-255,66,121825,97,179057
4343,0.00165,172.217.194.0-255,1484,123309,97,179057
4344,0.001675,172.217.194.0-255,7156,130465,97,179057
4345,0.001679,172.217.194.0-255,2902,133367,97,179057
4346,0.001679,172.31.47.0-255,66,133433,97,179057
4347,0.001682,172.31.47.0-255,66,133499,97,179057
4348,0.001719,172.31.47.0-255,66,133565,97,179057
4349,0.001774,172.217.194.0-255,1484,135049,97,179057
4350,0.001792,172.217.194.0-255,2902,137951,97,179057
4351,0.001794,172.31.47.0-255,66,138017,97,179057
4352,0.001798,172.217.194.0-255,1484,139501,97,179057
4353,0.001824,172.217.194.0-255,4320,143821,97,179057
4354,0.001826,172.31.47.0-255,66,143887,97,179057
4355,0.001856,172.217.194.0-255,5738,149625,97,179057
4356,0.001859,172.31.47.0-255,66,149691,97,179057
4357,0.001869,172.217.194.0-255,7156,156847,97,179057
4358,0.001873,172.31.47.0-255,66,156913,97,179057
4359,0.001913,172.31.47.0-255,66,156979,97,179057
4360,0.001945,172.31.47.0-255,66,157045,97,179057
4361,0.001974,172.217.194.0-255,4320,161365,97,179057
4362,0.001977,172.31.47.0-255,66,161431,97,179057
4363,0.001987,172.31.47.0-255,66,161497,97,179057
4364,0.002032,172.31.47.0-255,66,161563,97,179057
4365,0.002049,172.217.194.0-255,2184,163747,97,179057
4366,0.002051,172.31.47.0-255,66,163813,97,179057
4367,0.002057,172.217.194.0-255,5738,169551,97,179057
4368,0.002059,172.31.47.0-255,66,169617,97,179057
4369,0.002094,172.217.194.0-255,1484,171101,97,179057
4370,0.002095,172.31.47.0-255,66,171167,97,179057
4371,0.002126,172.31.47.0-255,66,171233,97,179057
4372,0.00218,172.31.47.0-255,66,171299,97,179057
4373,0.0022,172.217.194.0-255,2184,173483,97,179057
4374,0.002203,172.31.47.0-255,66,173549,97,179057
4375,0.002205,172.217.194.0-255,883,174432,97,179057
4376,0.002207,172.217.194.0-255,105,174537,97,179057
4377,0.002984,172.31.47.0-255,66,174603,97,179057
4378,0.003007,172.31.47.0-255,105,174708,97,179057
4379,0.005622,172.217.194.0-255,66,174774,97,179057
4380,0.028553,172.31.47.0-255,167,174941,97,179057
4381,0.028581,172.31.47.0-255,1111,176052,97,179057
4382,0.028637,172.31.47.0-255,1514,177566,97,179057
4383,0.028639,172.31.47.0-255,1293,178859,97,179057
4384,0.030088,104.244.42.0-255,66,178925,97,179057
4385,0.030136,104.244.42.0-255,66,178991,97,179057
4386,0.030192,104.244.42.0-255,66,179057,97,179057
4387,0.0,172.31.47.0-255,105,105,97,276
4388,0.002182,157.240.13.0-255,105,210,97,276
4389,0.002193,172.31.47.0-255,66,276,97,276
4390,0.0,172.31.47.0-255,105,105,97,342
4391,0.001737,157.240.13.0-255,66,171,97,342
4392,0.001769,157.240.13.0-255,105,276,97,342
4393,0.001773,172.31.47.0-255,66,342,97,342
4394,0.0,172.31.47.0-255,105,105,97,276
4395,0.0017,157.240.13.0-255,105,210,97,276
4396,0.001712,172.31.47.0-255,66,276,97,276
4397,0.0,172.217.194.0-255,143,143,97,361952
4398,2.5e-05,172.31.47.0-255,66,209,97,361952
4399,3.1e-05,172.217.194.0-255,1484,1693,97,361952
4400,3.5e-05,172.31.47.0-255,66,1759,97,361952
4401,4e-05,172.217.194.0-255,2902,4661,97,361952
4402,4.1e-05,172.31.47.0-255,66,4727,97,361952
4403,6.5e-05,172.217.194.0-255,4320,9047,97,361952
4404,6.7e-05,172.31.47.0-255,66,9113,97,361952
4405,8.5e-05,172.217.194.0-255,2902,12015,97,361952
4406,8.7e-05,172.31.47.0-255,66,12081,97,361952
4407,0.000138,172.217.194.0-255,5034,17115,97,361952
4408,0.000141,172.31.47.0-255,66,17181,97,361952
4409,0.000194,172.217.194.0-255,4320,21501,97,361952
4410,0.000197,172.31.47.0-255,66,21567,97,361952
4411,0.000222,172.31.47.0-255,66,21633,97,361952
4412,0.000345,172.217.194.0-255,2902,24535,97,361952
4413,0.000349,172.31.47.0-255,66,24601,97,361952
4414,0.000369,172.217.194.0-255,5738,30339,97,361952
4415,0.000371,172.31.47.0-255,66,30405,97,361952
4416,0.000395,172.217.194.0-255,5738,36143,97,361952
4417,0.000397,172.31.47.0-255,66,36209,97,361952
4418,0.000505,172.217.194.0-255,2902,39111,97,361952
4419,0.000508,172.31.47.0-255,66,39177,97,361952
4420,0.000535,172.31.47.0-255,66,39243,97,361952
4421,0.000664,172.217.194.0-255,5352,44595,97,361952
4422,0.000667,172.31.47.0-255,66,44661,97,361952
4423,0.000846,172.217.194.0-255,377,45038,97,361952
4424,0.000851,172.31.47.0-255,66,45104,97,361952
4425,0.00089,172.217.194.0-255,1484,46588,97,361952
4426,0.000893,172.31.47.0-255,66,46654,97,361952
4427,0.000911,172.217.194.0-255,2902,49556,97,361952
4428,0.000913,172.31.47.0-255,66,49622,97,361952
4429,0.000933,172.217.194.0-255,1484,51106,97,361952
4430,0.000942,172.217.194.0-255,1484,52590,97,361952
4431,0.000944,172.31.47.0-255,66,52656,97,361952
4432,0.000964,172.217.194.0-255,7156,59812,97,361952
4433,0.000966,172.31.47.0-255,66,59878,97,361952
4434,0.000979,172.217.194.0-255,1484,61362,97,361952
4435,0.001051,172.217.194.0-255,2902,64264,97,361952
4436,0.001055,172.31.47.0-255,66,64330,97,361952
4437,0.001071,172.217.194.0-255,2902,67232,97,361952
4438,0.001074,172.31.47.0-255,66,67298,97,361952
4439,0.001113,172.217.194.0-255,5738,73036,97,361952
4440,0.001116,172.31.47.0-255,66,73102,97,361952
4441,0.00114,172.217.194.0-255,6438,79540,97,361952
4442,0.001142,172.31.47.0-255,66,79606,97,361952
4443,0.001237,172.217.194.0-255,1484,81090,97,361952
4444,0.001258,172.217.194.0-255,2902,83992,97,361952
4445,0.00126,172.31.47.0-255,66,84058,97,361952
4446,0.001281,172.217.194.0-255,1484,85542,97,361952
4447,0.0013,172.217.194.0-255,4320,89862,97,361952
4448,0.001303,172.31.47.0-255,66,89928,97,361952
4449,0.001352,172.217.194.0-255,4320,94248,97,361952
4450,0.001354,172.31.47.0-255,66,94314,97,361952
4451,0.001379,172.31.47.0-255,66,94380,97,361952
4452,0.00149,172.217.194.0-255,1484,95864,97,361952
4453,0.00151,172.217.194.0-255,7156,103020,97,361952
4454,0.001512,172.31.47.0-255,66,103086,97,361952
4455,0.001529,172.217.194.0-255,2184,105270,97,361952
4456,0.001531,172.31.47.0-255,66,105336,97,361952
4457,0.001994,172.217.194.0-255,1484,106820,97,361952
4458,0.002014,172.217.194.0-255,2902,109722,97,361952
4459,0.002016,172.31.47.0-255,66,109788,97,361952
4460,0.002054,172.217.194.0-255,4320,114108,97,361952
4461,0.002056,172.31.47.0-255,66,114174,97,361952
4462,0.002084,172.217.194.0-255,2902,117076,97,361952
4463,0.002086,172.31.47.0-255,66,117142,97,361952
4464,0.002104,172.217.194.0-255,5738,122880,97,361952
4465,0.002106,172.31.47.0-255,66,122946,97,361952
4466,0.002164,172.217.194.0-255,2902,125848,97,361952
4467,0.002166,172.31.47.0-255,66,125914,97,361952
4468,0.002185,172.217.194.0-255,5738,131652,97,361952
4469,0.002187,172.31.47.0-255,66,131718,97,361952
4470,0.002216,172.31.47.0-255,66,131784,97,361952
4471,0.002342,172.217.194.0-255,1484,133268,97,361952
4472,0.002367,172.217.194.0-255,2902,136170,97,361952
4473,0.002369,172.31.47.0-255,66,136236,97,361952
4474,0.002402,172.217.194.0-255,5738,141974,97,361952
4475,0.002404,172.31.47.0-255,66,142040,97,361952
4476,0.002447,172.217.194.0-255,2902,144942,97,361952
4477,0.002449,172.31.47.0-255,66,145008,97,361952
4478,0.002484,172.31.47.0-255,66,145074,97,361952
4479,0.0025,172.217.194.0-255,1484,146558,97,361952
4480,0.002602,172.217.194.0-255,4320,150878,97,361952
4481,0.002607,172.31.47.0-255,66,150944,97,361952
4482,0.002619,172.217.194.0-255,2902,153846,97,361952
4483,0.002622,172.31.47.0-255,66,153912,97,361952
4484,0.002674,172.217.194.0-255,1484,155396,97,361952
4485,0.002688,172.217.194.0-255,2184,157580,97,361952
4486,0.00269,172.31.47.0-255,66,157646,97,361952
4487,0.005011,172.217.194.0-255,1484,159130,97,361952
4488,0.005139,172.217.194.0-255,4320,163450,97,361952
4489,0.005143,172.31.47.0-255,66,163516,97,361952
4490,0.007538,172.217.194.0-255,4320,167836,97,361952
4491,0.007546,172.31.47.0-255,66,167902,97,361952
4492,0.007577,172.217.194.0-255,1484,169386,97,361952
4493,0.009943,172.217.194.0-255,4320,173706,97,361952
4494,0.009951,172.31.47.0-255,66,173772,97,361952
4495,0.01234,172.217.194.0-255,2902,176674,97,361952
4496,0.012347,172.31.47.0-255,66,176740,97,361952
4497,0.012362,172.217.194.0-255,2902,179642,97,361952
4498,0.012365,172.31.47.0-255,66,179708,97,361952
4499,0.014753,172.217.194.0-255,5738,185446,97,361952
4500,0.014763,172.31.47.0-255,66,185512,97,361952
4501,0.017196,172.217.194.0-255,5738,191250,97,361952
4502,0.017211,172.31.47.0-255,66,191316,97,361952
4503,0.01961,172.217.194.0-255,5738,197054,97,361952
4504,0.019624,172.31.47.0-255,66,197120,97,361952
4505,0.02202,172.217.194.0-255,4320,201440,97,361952
4506,0.022028,172.31.47.0-255,66,201506,97,361952
4507,0.022047,172.217.194.0-255,1484,202990,97,361952
4508,0.023911,172.31.47.0-255,172,203162,97,361952
4509,0.023942,172.31.47.0-255,1112,204274,97,361952
4510,0.023974,172.31.47.0-255,1514,205788,97,361952
4511,0.023976,172.31.47.0-255,1514,207302,97,361952
4512,0.023981,172.31.47.0-255,1514,208816,97,361952
4513,0.023982,172.31.47.0-255,1072,209888,97,361952
4514,0.024478,172.217.194.0-255,4320,214208,97,361952
4515,0.024484,172.31.47.0-255,66,214274,97,361952
4516,0.025588,104.244.42.0-255,66,214340,97,361952
4517,0.025596,104.244.42.0-255,66,214406,97,361952
4518,0.02564,104.244.42.0-255,66,214472,97,361952
4519,0.025644,104.244.42.0-255,66,214538,97,361952
4520,0.026919,172.217.194.0-255,4320,218858,97,361952
4521,0.026924,172.31.47.0-255,66,218924,97,361952
4522,0.026951,172.217.194.0-255,1484,220408,97,361952
4523,0.029333,172.217.194.0-255,4320,224728,97,361952
4524,0.029339,172.31.47.0-255,66,224794,97,361952
4525,0.031726,172.217.194.0-255,2902,227696,97,361952
4526,0.031732,172.31.47.0-255,66,227762,97,361952
4527,0.031759,172.217.194.0-255,2902,230664,97,361952
4528,0.031762,172.31.47.0-255,66,230730,97,361952
4529,0.034136,172.217.194.0-255,1484,232214,97,361952
4530,0.034208,172.217.194.0-255,4320,236534,97,361952
4531,0.034213,172.31.47.0-255,66,236600,97,361952
4532,0.036617,172.217.194.0-255,5738,242338,97,361952
4533,0.036622,172.31.47.0-255,66,242404,97,361952
4534,0.039008,172.217.194.0-255,5738,248142,97,361952
4535,0.039014,172.31.47.0-255,66,248208,97,361952
4536,0.041484,172.217.194.0-255,5738,253946,97,361952
4537,0.04149,172.31.47.0-255,66,254012,97,361952
4538,0.043911,172.217.194.0-255,4320,258332,97,361952
4539,0.043916,172.31.47.0-255,66,258398,97,361952
4540,0.043945,172.217.194.0-255,1484,259882,97,361952
4541,0.046345,172.217.194.0-255,4320,264202,97,361952
4542,0.046351,172.31.47.0-255,66,264268,97,361952
4543,0.048811,172.217.194.0-255,5738,270006,97,361952
4544,0.048818,172.31.47.0-255,66,270072,97,361952
4545,0.051227,172.217.194.0-255,5738,275810,97,361952
4546,0.051232,172.31.47.0-255,66,275876,97,361952
4547,0.053668,172.217.194.0-255,5738,281614,97,361952
4548,0.053673,172.31.47.0-255,66,281680,97,361952
4549,0.056058,172.217.194.0-255,2902,284582,97,361952
4550,0.056064,172.31.47.0-255,66,284648,97,361952
4551,0.056101,172.217.194.0-255,2902,287550,97,361952
4552,0.056104,172.31.47.0-255,66,287616,97,361952
4553,0.058439,172.217.194.0-255,2902,290518,97,361952
4554,0.058444,172.31.47.0-255,66,290584,97,361952
4555,0.058539,172.217.194.0-255,2902,293486,97,361952
4556,0.058543,172.31.47.0-255,66,293552,97,361952
4557,0.060836,172.217.194.0-255,2902,296454,97,361952
4558,0.06084,172.31.47.0-255,66,296520,97,361952
4559,0.060932,172.217.194.0-255,2902,299422,97,361952
4560,0.060936,172.31.47.0-255,66,299488,97,361952
4561,0.063262,172.217.194.0-255,2902,302390,97,361952
4562,0.063269,172.31.47.0-255,66,302456,97,361952
4563,0.06332,172.217.194.0-255,2902,305358,97,361952
4564,0.063323,172.31.47.0-255,66,305424,97,361952
4565,0.065672,172.217.194.0-255,2902,308326,97,361952
4566,0.065676,172.31.47.0-255,66,308392,97,361952
4567,0.065725,172.217.194.0-255,2902,311294,97,361952
4568,0.065729,172.31.47.0-255,66,311360,97,361952
4569,0.068096,172.217.194.0-255,2902,314262,97,361952
4570,0.068102,172.31.47.0-255,66,314328,97,361952
4571,0.068138,172.217.194.0-255,2902,317230,97,361952
4572,0.068141,172.31.47.0-255,66,317296,97,361952
4573,0.070503,172.217.194.0-255,2902,320198,97,361952
4574,0.070508,172.31.47.0-255,66,320264,97,361952
4575,0.070526,172.217.194.0-255,2902,323166,97,361952
4576,0.070528,172.31.47.0-255,66,323232,97,361952
4577,0.072918,172.217.194.0-255,4320,327552,97,361952
4578,0.072926,172.31.47.0-255,66,327618,97,361952
4579,0.072954,172.217.194.0-255,1484,329102,97,361952
4580,0.075321,172.217.194.0-255,4320,333422,97,361952
4581,0.075326,172.31.47.0-255,66,333488,97,361952
4582,0.077748,172.217.194.0-255,4320,337808,97,361952
4583,0.077753,172.31.47.0-255,66,337874,97,361952
4584,0.077786,172.217.194.0-255,1484,339358,97,361952
4585,0.080178,172.217.194.0-255,4320,343678,97,361952
4586,0.080186,172.31.47.0-255,66,343744,97,361952
4587,0.082559,172.217.194.0-255,4320,348064,97,361952
4588,0.082563,172.31.47.0-255,66,348130,97,361952
4589,0.082592,172.217.194.0-255,1484,349614,97,361952
4590,0.08503,172.217.194.0-255,1484,351098,97,361952
4591,0.085035,172.31.47.0-255,66,351164,97,361952
4592,0.085067,172.217.194.0-255,2902,354066,97,361952
4593,0.08507,172.31.47.0-255,66,354132,97,361952
4594,0.087429,172.217.194.0-255,2902,357034,97,361952
4595,0.087435,172.31.47.0-255,66,357100,97,361952
4596,0.087486,172.217.194.0-255,2902,360002,97,361952
4597,0.087491,172.31.47.0-255,66,360068,97,361952
4598,0.089842,172.217.194.0-255,1647,361715,97,361952
4599,0.089847,172.31.47.0-255,66,361781,97,361952
4600,0.090026,172.31.47.0-255,105,361886,97,361952
4601,0.092419,172.217.194.0-255,66,361952,97,361952
4602,0.0,172.217.194.0-255,66,66,97,132
4603,0.001721,172.217.194.0-255,66,132,97,132
4604,0.0,172.217.194.0-255,153,153,97,246556
4605,2.2e-05,172.31.47.0-255,66,219,97,246556
4606,2.8e-05,172.217.194.0-255,1484,1703,97,246556
4607,3.2e-05,172.31.47.0-255,66,1769,97,246556
4608,4.4e-05,172.217.194.0-255,2902,4671,97,246556
4609,4.7e-05,172.31.47.0-255,66,4737,97,246556
4610,5.4e-05,172.217.194.0-255,7156,11893,97,246556
4611,5.7e-05,172.31.47.0-255,66,11959,97,246556
4612,5.9e-05,172.217.194.0-255,1484,13443,97,246556
4613,6.1e-05,172.31.47.0-255,66,13509,97,246556
4614,0.000114,172.31.47.0-255,66,13575,97,246556
4615,0.00012,172.217.194.0-255,6797,20372,97,246556
4616,0.000122,172.31.47.0-255,66,20438,97,246556
4617,0.000184,172.217.194.0-255,1484,21922,97,246556
4618,0.000187,172.31.47.0-255,66,21988,97,246556
4619,0.000199,172.217.194.0-255,2902,24890,97,246556
4620,0.000207,172.217.194.0-255,4320,29210,97,246556
4621,0.000211,172.31.47.0-255,66,29276,97,246556
4622,0.000214,172.31.47.0-255,66,29342,97,246556
4623,0.000233,172.217.194.0-255,4320,33662,97,246556
4624,0.000236,172.31.47.0-255,66,33728,97,246556
4625,0.000266,172.217.194.0-255,5379,39107,97,246556
4626,0.000268,172.31.47.0-255,66,39173,97,246556
4627,0.000278,172.31.47.0-255,66,39239,97,246556
4628,0.000303,172.217.194.0-255,5738,44977,97,246556
4629,0.000306,172.31.47.0-255,66,45043,97,246556
4630,0.000309,172.217.194.0-255,1428,46471,97,246556
4631,0.00031,172.31.47.0-255,66,46537,97,246556
4632,0.000333,172.217.194.0-255,1484,48021,97,246556
4633,0.000335,172.31.47.0-255,66,48087,97,246556
4634,0.00034,172.217.194.0-255,4320,52407,97,246556
4635,0.000359,172.217.194.0-255,4320,56727,97,246556
4636,0.000387,172.217.194.0-255,2902,59629,97,246556
4637,0.000401,172.217.194.0-255,5738,65367,97,246556
4638,0.000412,172.217.194.0-255,2543,67910,97,246556
4639,0.000447,172.217.194.0-255,2543,70453,97,246556
4640,0.000539,172.31.47.0-255,66,70519,97,246556
4641,0.0008,172.217.194.0-255,382,70901,97,246556
4642,0.000979,172.217.194.0-255,1484,72385,97,246556
4643,0.000983,172.31.47.0-255,66,72451,97,246556
4644,0.00099,172.217.194.0-255,2902,75353,97,246556
4645,0.000992,172.217.194.0-255,1484,76837,97,246556
4646,0.000996,172.31.47.0-255,66,76903,97,246556
4647,0.001015,172.217.194.0-255,4320,81223,97,246556
4648,0.00102,172.217.194.0-255,5738,86961,97,246556
4649,0.001051,172.31.47.0-255,66,87027,97,246556
4650,0.001059,172.217.194.0-255,4320,91347,97,246556
4651,0.001067,172.31.47.0-255,66,91413,97,246556
4652,0.001078,172.217.194.0-255,2902,94315,97,246556
4653,0.001092,172.31.47.0-255,66,94381,97,246556
4654,0.001101,172.217.194.0-255,5020,99401,97,246556
4655,0.001107,172.217.194.0-255,7156,106557,97,246556
4656,0.001116,172.31.47.0-255,66,106623,97,246556
4657,0.001125,172.217.194.0-255,1484,108107,97,246556
4658,0.001136,172.217.194.0-255,7156,115263,97,246556
4659,0.001168,172.217.194.0-255,3602,118865,97,246556
4660,0.001175,172.31.47.0-255,66,118931,97,246556
4661,0.001187,172.217.194.0-255,2902,121833,97,246556
4662,0.001217,172.31.47.0-255,66,121899,97,246556
4663,0.001298,172.31.47.0-255,66,121965,97,246556
4664,0.001301,172.217.194.0-255,1484,123449,97,246556
4665,0.001304,172.217.194.0-255,2902,126351,97,246556
4666,0.001317,172.31.47.0-255,66,126417,97,246556
4667,0.001322,172.217.194.0-255,5738,132155,97,246556
4668,0.001345,172.217.194.0-255,2902,135057,97,246556
4669,0.001353,172.31.47.0-255,66,135123,97,246556
4670,0.001399,172.217.194.0-255,2902,138025,97,246556
4671,0.001406,172.31.47.0-255,66,138091,97,246556
4672,0.001464,172.217.194.0-255,2902,140993,97,246556
4673,0.001468,172.217.194.0-255,4320,145313,97,246556
4674,0.001471,172.31.47.0-255,66,145379,97,246556
4675,0.001476,172.31.47.0-255,66,145445,97,246556
4676,0.001512,172.217.194.0-255,4320,149765,97,246556
4677,0.001519,172.217.194.0-255,5738,155503,97,246556
4678,0.001535,172.217.194.0-255,7156,162659,97,246556
4679,0.001538,172.217.194.0-255,766,163425,97,246556
4680,0.001542,172.31.47.0-255,66,163491,97,246556
4681,0.001601,172.217.194.0-255,1484,164975,97,246556
4682,0.001624,172.217.194.0-255,2902,167877,97,246556
4683,0.00163,172.217.194.0-255,5738,173615,97,246556
4684,0.00164,172.31.47.0-255,66,173681,97,246556
4685,0.001648,172.217.194.0-255,2902,176583,97,246556
4686,0.001653,172.31.47.0-255,66,176649,97,246556
4687,0.001693,172.31.47.0-255,66,176715,97,246556
4688,0.001712,172.217.194.0-255,4320,181035,97,246556
4689,0.00172,172.31.47.0-255,66,181101,97,246556
4690,0.001745,172.217.194.0-255,6438,187539,97,246556
4691,0.001756,172.31.47.0-255,66,187605,97,246556
4692,0.002185,172.217.194.0-255,1484,189089,97,246556
4693,0.002209,172.217.194.0-255,1484,190573,97,246556
4694,0.002213,172.31.47.0-255,66,190639,97,246556
4695,0.002236,172.217.194.0-255,1484,192123,97,246556
4696,0.002239,172.217.194.0-255,1484,193607,97,246556
4697,0.002244,172.31.47.0-255,66,193673,97,246556
4698,0.002254,172.217.194.0-255,4320,197993,97,246556
4699,0.002262,172.217.194.0-255,4320,202313,97,246556
4700,0.00227,172.31.47.0-255,66,202379,97,246556
4701,0.002282,172.217.194.0-255,4320,206699,97,246556
4702,0.002303,172.217.194.0-255,4320,211019,97,246556
4703,0.002312,172.31.47.0-255,66,211085,97,246556
4704,0.002323,172.217.194.0-255,4320,215405,97,246556
4705,0.002338,172.31.47.0-255,66,215471,97,246556
4706,0.002363,172.217.194.0-255,1484,216955,97,246556
4707,0.002377,172.217.194.0-255,4320,221275,97,246556
4708,0.002387,172.217.194.0-255,2902,224177,97,246556
4709,0.0024,172.217.194.0-255,3602,227779,97,246556
4710,0.002401,172.217.194.0-255,1484,229263,97,246556
4711,0.002403,172.31.47.0-255,66,229329,97,246556
4712,0.002411,172.31.47.0-255,66,229395,97,246556
4713,0.002418,172.217.194.0-255,7156,236551,97,246556
4714,0.002449,172.217.194.0-255,4320,240871,97,246556
4715,0.002492,172.31.47.0-255,66,240937,97,246556
4716,0.004842,172.217.194.0-255,105,241042,97,246556
4717,0.009187,172.31.47.0-255,66,241108,97,246556
4718,0.009254,172.31.47.0-255,105,241213,97,246556
4719,0.011611,172.217.194.0-255,66,241279,97,246556
4720,0.031378,172.31.47.0-255,172,241451,97,246556
4721,0.031407,172.31.47.0-255,1110,242561,97,246556
4722,0.03146,172.31.47.0-255,1514,244075,97,246556
4723,0.031461,172.31.47.0-255,1514,245589,97,246556
4724,0.031484,172.31.47.0-255,703,246292,97,246556
4725,0.033047,104.244.42.0-255,66,246358,97,246556
4726,0.033075,104.244.42.0-255,66,246424,97,246556
4727,0.033116,104.244.42.0-255,66,246490,97,246556
4728,0.033119,104.244.42.0-255,66,246556,97,246556
4729,0.0,74.125.24.0-255,153,153,97,358889
4730,2.3e-05,172.31.47.0-255,66,219,97,358889
4731,3e-05,74.125.24.0-255,1484,1703,97,358889
4732,3.5e-05,172.31.47.0-255,66,1769,97,358889
4733,4.7e-05,74.125.24.0-255,2902,4671,97,358889
4734,5.1e-05,172.31.47.0-255,66,4737,97,358889
4735,5.4e-05,74.125.24.0-255,1484,6221,97,358889
4736,5.7e-05,172.31.47.0-255,66,6287,97,358889
4737,8.5e-05,74.125.24.0-255,5738,12025,97,358889
4738,9.3e-05,172.31.47.0-255,66,12091,97,358889
4739,9.7e-05,74.125.24.0-255,2111,14202,97,358889
4740,9.9e-05,172.31.47.0-255,66,14268,97,358889
4741,0.00013,74.125.24.0-255,1484,15752,97,358889
4742,0.000134,172.31.47.0-255,66,15818,97,358889
4743,0.000139,74.125.24.0-255,2902,18720,97,358889
4744,0.000141,172.31.47.0-255,66,18786,97,358889
4745,0.000172,74.125.24.0-255,5738,24524,97,358889
4746,0.000174,172.31.47.0-255,66,24590,97,358889
4747,0.000177,74.125.24.0-255,1484,26074,97,358889
4748,0.000179,172.31.47.0-255,66,26140,97,358889
4749,0.000221,74.125.24.0-255,5379,31519,97,358889
4750,0.000224,172.31.47.0-255,66,31585,97,358889
4751,0.000323,74.125.24.0-255,1484,33069,97,358889
4752,0.000327,172.31.47.0-255,66,33135,97,358889
4753,0.000332,74.125.24.0-255,2902,36037,97,358889
4754,0.000334,172.31.47.0-255,66,36103,97,358889
4755,0.000338,74.125.24.0-255,1484,37587,97,358889
4756,0.000345,172.31.47.0-255,66,37653,97,358889
4757,0.000375,74.125.24.0-255,4320,41973,97,358889
4758,0.000378,172.31.47.0-255,66,42039,97,358889
4759,0.000386,74.125.24.0-255,6797,48836,97,358889
4760,0.000388,172.31.47.0-255,66,48902,97,358889
4761,0.000391,74.125.24.0-255,1484,50386,97,358889
4762,0.000419,74.125.24.0-255,5738,56124,97,358889
4763,0.000421,172.31.47.0-255,66,56190,97,358889
4764,0.000427,74.125.24.0-255,4320,60510,97,358889
4765,0.000429,172.31.47.0-255,66,60576,97,358889
4766,0.000461,74.125.24.0-255,5379,65955,97,358889
4767,0.000464,172.31.47.0-255,66,66021,97,358889
4768,0.001048,74.125.24.0-255,645,66666,97,358889
4769,0.001099,172.31.47.0-255,66,66732,97,358889
4770,0.001208,74.125.24.0-255,1484,68216,97,358889
4771,0.001217,74.125.24.0-255,2902,71118,97,358889
4772,0.00122,172.31.47.0-255,66,71184,97,358889
4773,0.001259,74.125.24.0-255,5738,76922,97,358889
4774,0.001262,172.31.47.0-255,66,76988,97,358889
4775,0.001269,74.125.24.0-255,5738,82726,97,358889
4776,0.001271,172.31.47.0-255,66,82792,97,358889
4777,0.001294,74.125.24.0-255,7156,89948,97,358889
4778,0.001296,172.31.47.0-255,66,90014,97,358889
4779,0.001311,172.31.47.0-255,66,90080,97,358889
4780,0.001314,74.125.24.0-255,766,90846,97,358889
4781,0.002014,74.125.24.0-255,1484,92330,97,358889
4782,0.00202,172.31.47.0-255,66,92396,97,358889
4783,0.002028,74.125.24.0-255,2902,95298,97,358889
4784,0.00203,172.31.47.0-255,66,95364,97,358889
4785,0.002037,74.125.24.0-255,5738,101102,97,358889
4786,0.002044,172.31.47.0-255,66,101168,97,358889
4787,0.002052,74.125.24.0-255,5738,106906,97,358889
4788,0.002053,172.31.47.0-255,66,106972,97,358889
4789,0.002103,172.31.47.0-255,66,107038,97,358889
4790,0.002109,74.125.24.0-255,5020,112058,97,358889
4791,0.002112,172.31.47.0-255,66,112124,97,358889
4792,0.004405,74.125.24.0-255,5738,117862,97,358889
4793,0.00441,172.31.47.0-255,66,117928,97,358889
4794,0.006695,74.125.24.0-255,5738,123666,97,358889
4795,0.006703,172.31.47.0-255,66,123732,97,358889
4796,0.009001,74.125.24.0-255,5738,129470,97,358889
4797,0.009011,172.31.47.0-255,66,129536,97,358889
4798,0.011313,74.125.24.0-255,5738,135274,97,358889
4799,0.011323,172.31.47.0-255,66,135340,97,358889
4800,0.01362,74.125.24.0-255,5738,141078,97,358889
4801,0.013636,172.31.47.0-255,66,141144,97,358889
4802,0.015971,74.125.24.0-255,5738,146882,97,358889
4803,0.015981,172.31.47.0-255,66,146948,97,358889
4804,0.018259,74.125.24.0-255,5738,152686,97,358889
4805,0.018272,172.31.47.0-255,66,152752,97,358889
4806,0.020629,74.125.24.0-255,5738,158490,97,358889
4807,0.020638,172.31.47.0-255,66,158556,97,358889
4808,0.022918,74.125.24.0-255,5738,164294,97,358889
4809,0.02293,172.31.47.0-255,66,164360,97,358889
4810,0.025225,74.125.24.0-255,5738,170098,97,358889
4811,0.025234,172.31.47.0-255,66,170164,97,358889
4812,0.027595,74.125.24.0-255,5738,175902,97,358889
4813,0.027606,172.31.47.0-255,66,175968,97,358889
4814,0.029067,172.31.47.0-255,167,176135,97,358889
4815,0.029094,172.31.47.0-255,1111,177246,97,358889
4816,0.02914,172.31.47.0-255,1514,178760,97,358889
4817,0.029141,172.31.47.0-255,1293,180053,97,358889
4818,0.029938,74.125.24.0-255,5738,185791,97,358889
4819,0.029946,172.31.47.0-255,66,185857,97,358889
4820,0.03062,104.244.42.0-255,66,185923,97,358889
4821,0.030656,104.244.42.0-255,66,185989,97,358889
4822,0.030715,104.244.42.0-255,66,186055,97,358889
4823,0.032269,74.125.24.0-255,5738,191793,97,358889
4824,0.032277,172.31.47.0-255,66,191859,97,358889
4825,0.034556,74.125.24.0-255,5738,197597,97,358889
4826,0.034563,172.31.47.0-255,66,197663,97,358889
4827,0.036856,74.125.24.0-255,5738,203401,97,358889
4828,0.036861,172.31.47.0-255,66,203467,97,358889
4829,0.03915,74.125.24.0-255,5738,209205,97,358889
4830,0.039158,172.31.47.0-255,66,209271,97,358889
4831,0.041482,74.125.24.0-255,5738,215009,97,358889
4832,0.041491,172.31.47.0-255,66,215075,97,358889
4833,0.043772,74.125.24.0-255,5738,220813,97,358889
4834,0.043778,172.31.47.0-255,66,220879,97,358889
4835,0.046077,74.125.24.0-255,5738,226617,97,358889
4836,0.046083,172.31.47.0-255,66,226683,97,358889
4837,0.048385,74.125.24.0-255,5738,232421,97,358889
4838,0.048391,172.31.47.0-255,66,232487,97,358889
4839,0.050717,74.125.24.0-255,5738,238225,97,358889
4840,0.050724,172.31.47.0-255,66,238291,97,358889
4841,0.053005,74.125.24.0-255,5738,244029,97,358889
4842,0.053014,172.31.47.0-255,66,244095,97,358889
4843,0.05531,74.125.24.0-255,5738,249833,97,358889
4844,0.055317,172.31.47.0-255,66,249899,97,358889
4845,0.057594,74.125.24.0-255,5738,255637,97,358889
4846,0.057599,172.31.47.0-255,66,255703,97,358889
4847,0.059948,74.125.24.0-255,5738,261441,97,358889
4848,0.059954,172.31.47.0-255,66,261507,97,358889
4849,0.062268,74.125.24.0-255,5738,267245,97,358889
4850,0.062276,172.31.47.0-255,66,267311,97,358889
4851,0.064594,74.125.24.0-255,5738,273049,97,358889
4852,0.0646,172.31.47.0-255,66,273115,97,358889
4853,0.066903,74.125.24.0-255,5738,278853,97,358889
4854,0.06691,172.31.47.0-255,66,278919,97,358889
4855,0.06919,74.125.24.0-255,4320,283239,97,358889
4856,0.069196,172.31.47.0-255,66,283305,97,358889
4857,0.069223,74.125.24.0-255,1484,284789,97,358889
4858,0.071514,74.125.24.0-255,4320,289109,97,358889
4859,0.071524,172.31.47.0-255,66,289175,97,358889
4860,0.073812,74.125.24.0-255,5738,294913,97,358889
4861,0.073819,172.31.47.0-255,66,294979,97,358889
4862,0.076119,74.125.24.0-255,5738,300717,97,358889
4863,0.076126,172.31.47.0-255,66,300783,97,358889
4864,0.078433,74.125.24.0-255,5738,306521,97,358889
4865,0.078439,172.31.47.0-255,66,306587,97,358889
4866,0.080748,74.125.24.0-255,5738,312325,97,358889
4867,0.080757,172.31.47.0-255,66,312391,97,358889
4868,0.083056,74.125.24.0-255,5738,318129,97,358889
4869,0.083065,172.31.47.0-255,66,318195,97,358889
4870,0.085349,74.125.24.0-255,5738,323933,97,358889
4871,0.08536,172.31.47.0-255,66,323999,97,358889
4872,0.087651,74.125.24.0-255,1484,325483,97,358889
4873,0.087692,74.125.24.0-255,4320,329803,97,358889
4874,0.087697,172.31.47.0-255,66,329869,97,358889
4875,0.090009,74.125.24.0-255,5738,335607,97,358889
4876,0.090016,172.31.47.0-255,66,335673,97,358889
4877,0.092349,74.125.24.0-255,5738,341411,97,358889
4878,0.092355,172.31.47.0-255,66,341477,97,358889
4879,0.094682,74.125.24.0-255,5738,347215,97,358889
4880,0.094691,172.31.47.0-255,66,347281,97,358889
4881,0.097011,74.125.24.0-255,5738,353019,97,358889
4882,0.097019,172.31.47.0-255,66,353085,97,358889
4883,0.099315,74.125.24.0-255,5738,358823,97,358889
4884,0.099322,172.31.47.0-255,66,358889,97,358889
4885,0.0,74.125.24.0-255,152,152,97,219094
4886,1.4e-05,172.31.47.0-255,66,218,97,219094
4887,2e-05,74.125.24.0-255,1484,1702,97,219094
4888,2.5e-05,172.31.47.0-255,66,1768,97,219094
4889,4e-05,74.125.24.0-255,1484,3252,97,219094
4890,4.2e-05,172.31.47.0-255,66,3318,97,219094
4891,6.3e-05,74.125.24.0-255,1484,4802,97,219094
4892,6.5e-05,172.31.47.0-255,66,4868,97,219094
4893,7.3e-05,74.125.24.0-255,7156,12024,97,219094
4894,7.5e-05,172.31.47.0-255,66,12090,97,219094
4895,7.9e-05,74.125.24.0-255,2038,14128,97,219094
4896,8.1e-05,172.31.47.0-255,66,14194,97,219094
4897,0.00012,172.31.47.0-255,66,14260,97,219094
4898,0.000125,74.125.24.0-255,4320,18580,97,219094
4899,0.000127,172.31.47.0-255,66,18646,97,219094
4900,0.000137,74.125.24.0-255,1125,19771,97,219094
4901,0.000139,172.31.47.0-255,66,19837,97,219094
4902,0.000253,74.125.24.0-255,1484,21321,97,219094
4903,0.000257,172.31.47.0-255,66,21387,97,219094
4904,0.000263,74.125.24.0-255,2902,24289,97,219094
4905,0.000265,172.31.47.0-255,66,24355,97,219094
4906,0.000284,74.125.24.0-255,5738,30093,97,219094
4907,0.000287,172.31.47.0-255,66,30159,97,219094
4908,0.000313,74.125.24.0-255,7156,37315,97,219094
4909,0.000316,172.31.47.0-255,66,37381,97,219094
4910,0.000343,74.125.24.0-255,6797,44178,97,219094
4911,0.000346,172.31.47.0-255,66,44244,97,219094
4912,0.000358,172.31.47.0-255,66,44310,97,219094
4913,0.00036,74.125.24.0-255,110,44420,97,219094
4914,0.000363,172.31.47.0-255,66,44486,97,219094
4915,0.000474,74.125.24.0-255,1484,45970,97,219094
4916,0.000489,74.125.24.0-255,2902,48872,97,219094
4917,0.000492,172.31.47.0-255,66,48938,97,219094
4918,0.0005,74.125.24.0-255,5738,54676,97,219094
4919,0.000503,172.31.47.0-255,66,54742,97,219094
4920,0.000544,74.125.24.0-255,6797,61539,97,219094
4921,0.000547,172.31.47.0-255,66,61605,97,219094
4922,0.00058,74.125.24.0-255,2902,64507,97,219094
4923,0.000583,172.31.47.0-255,66,64573,97,219094
4924,0.000605,74.125.24.0-255,4320,68893,97,219094
4925,0.000609,172.31.47.0-255,66,68959,97,219094
4926,0.00062,172.31.47.0-255,66,69025,97,219094
4927,0.000622,74.125.24.0-255,1125,70150,97,219094
4928,0.001131,74.125.24.0-255,1484,71634,97,219094
4929,0.001136,172.31.47.0-255,66,71700,97,219094
4930,0.001142,74.125.24.0-255,2902,74602,97,219094
4931,0.001144,172.31.47.0-255,66,74668,97,219094
4932,0.001148,74.125.24.0-255,1484,76152,97,219094
4933,0.001164,74.125.24.0-255,4320,80472,97,219094
4934,0.001166,172.31.47.0-255,66,80538,97,219094
4935,0.001183,74.125.24.0-255,1484,82022,97,219094
4936,0.001196,74.125.24.0-255,2902,84924,97,219094
4937,0.001198,172.31.47.0-255,66,84990,97,219094
4938,0.001226,172.31.47.0-255,66,85056,97,219094
4939,0.001237,172.31.47.0-255,66,85122,97,219094
4940,0.001267,74.125.24.0-255,3288,88410,97,219094
4941,0.00127,172.31.47.0-255,66,88476,97,219094
4942,0.001281,172.31.47.0-255,66,88542,97,219094
4943,0.001313,172.31.47.0-255,66,88608,97,219094
4944,0.001346,172.31.47.0-255,66,88674,97,219094
4945,0.001349,74.125.24.0-255,766,89440,97,219094
4946,0.001392,74.125.24.0-255,1484,90924,97,219094
4947,0.001395,172.31.47.0-255,66,90990,97,219094
4948,0.0014,74.125.24.0-255,2902,93892,97,219094
4949,0.001403,172.31.47.0-255,66,93958,97,219094
4950,0.001424,74.125.24.0-255,1484,95442,97,219094
4951,0.001443,74.125.24.0-255,2902,98344,97,219094
4952,0.001446,172.31.47.0-255,66,98410,97,219094
4953,0.001462,74.125.24.0-255,1484,99894,97,219094
4954,0.001468,74.125.24.0-255,4320,104214,97,219094
4955,0.00147,172.31.47.0-255,66,104280,97,219094
4956,0.001502,172.31.47.0-255,66,104346,97,219094
4957,0.001506,74.125.24.0-255,1484,105830,97,219094
4958,0.001517,172.31.47.0-255,66,105896,97,219094
4959,0.001539,172.31.47.0-255,66,105962,97,219094
4960,0.00156,74.125.24.0-255,2184,108146,97,219094
4961,0.001562,172.31.47.0-255,66,108212,97,219094
4962,0.001576,172.31.47.0-255,66,108278,97,219094
4963,0.001599,172.31.47.0-255,66,108344,97,219094
4964,0.001602,74.125.24.0-255,766,109110,97,219094
4965,0.001712,74.125.24.0-255,1484,110594,97,219094
4966,0.001716,172.31.47.0-255,66,110660,97,219094
4967,0.001733,74.125.24.0-255,2902,113562,97,219094
4968,0.001736,172.31.47.0-255,66,113628,97,219094
4969,0.001764,74.125.24.0-255,5738,119366,97,219094
4970,0.001768,172.31.47.0-255,66,119432,97,219094
4971,0.001808,74.125.24.0-255,5738,125170,97,219094
4972,0.00181,172.31.47.0-255,66,125236,97,219094
4973,0.001837,74.125.24.0-255,1484,126720,97,219094
4974,0.001853,172.31.47.0-255,66,126786,97,219094
4975,0.001857,74.125.24.0-255,2184,128970,97,219094
4976,0.001859,172.31.47.0-255,66,129036,97,219094
4977,0.002031,74.125.24.0-255,1484,130520,97,219094
4978,0.002037,74.125.24.0-255,2902,133422,97,219094
4979,0.00204,172.31.47.0-255,66,133488,97,219094
4980,0.002044,74.125.24.0-255,1484,134972,97,219094
4981,0.002063,74.125.24.0-255,4320,139292,97,219094
4982,0.002066,172.31.47.0-255,66,139358,97,219094
4983,0.002071,74.125.24.0-255,4320,143678,97,219094
4984,0.002074,172.31.47.0-255,66,143744,97,219094
4985,0.00209,74.125.24.0-255,4320,148064,97,219094
4986,0.002092,172.31.47.0-255,66,148130,97,219094
4987,0.002109,74.125.24.0-255,2902,151032,97,219094
4988,0.002112,172.31.47.0-255,66,151098,97,219094
4989,0.002134,172.31.47.0-255,66,151164,97,219094
4990,0.002173,74.125.24.0-255,2184,153348,97,219094
4991,0.002177,172.31.47.0-255,66,153414,97,219094
4992,0.00219,172.31.47.0-255,66,153480,97,219094
4993,0.002197,74.125.24.0-255,7156,160636,97,219094
4994,0.0022,172.31.47.0-255,66,160702,97,219094
4995,0.002243,172.31.47.0-255,66,160768,97,219094
4996,0.002302,74.125.24.0-255,1484,162252,97,219094
4997,0.002306,74.125.24.0-255,1484,163736,97,219094
4998,0.002309,172.31.47.0-255,66,163802,97,219094
4999,0.002333,74.125.24.0-255,1484,165286,97,219094
5000,0.002339,74.125.24.0-255,5738,171024,97,219094
5001,0.002342,172.31.47.0-255,66,171090,97,219094
5002,0.002361,74.125.24.0-255,4320,175410,97,219094
5003,0.002363,172.31.47.0-255,66,175476,97,219094
5004,0.002396,172.31.47.0-255,66,175542,97,219094
5005,0.002403,74.125.24.0-255,7156,182698,97,219094
5006,0.002405,172.31.47.0-255,66,182764,97,219094
5007,0.002427,74.125.24.0-255,3602,186366,97,219094
5008,0.002429,172.31.47.0-255,66,186432,97,219094
5009,0.004842,74.125.24.0-255,5738,192170,97,219094
5010,0.004855,172.31.47.0-255,66,192236,97,219094
5011,0.00732,74.125.24.0-255,5738,197974,97,219094
5012,0.007325,172.31.47.0-255,66,198040,97,219094
5013,0.009781,74.125.24.0-255,5738,203778,97,219094
5014,0.009788,172.31.47.0-255,66,203844,97,219094
5015,0.012245,74.125.24.0-255,5738,209582,97,219094
5016,0.012252,172.31.47.0-255,66,209648,97,219094
5017,0.014674,74.125.24.0-255,1800,211448,97,219094
5018,0.014683,172.31.47.0-255,66,211514,97,219094
5019,0.018249,172.31.47.0-255,105,211619,97,219094
5020,0.018511,172.31.47.0-255,90,211709,97,219094
5021,0.018522,172.31.47.0-255,66,211775,97,219094
5022,0.02062,74.125.24.0-255,66,211841,97,219094
5023,0.02094,74.125.24.0-255,66,211907,97,219094
5024,0.021317,74.125.24.0-255,66,211973,97,219094
5025,0.021325,172.31.47.0-255,66,212039,97,219094
5026,0.03276,172.31.47.0-255,172,212211,97,219094
5027,0.032788,172.31.47.0-255,1107,213318,97,219094
5028,0.032843,172.31.47.0-255,1514,214832,97,219094
5029,0.032845,172.31.47.0-255,1514,216346,97,219094
5030,0.032846,172.31.47.0-255,1514,217860,97,219094
5031,0.032847,172.31.47.0-255,970,218830,97,219094
5032,0.034394,104.244.42.0-255,66,218896,97,219094
5033,0.034464,104.244.42.0-255,66,218962,97,219094
5034,0.03452,104.244.42.0-255,66,219028,97,219094
5035,0.034524,104.244.42.0-255,66,219094,97,219094
5036,0.0,172.31.47.0-255,105,105,97,276
5037,0.001891,157.240.13.0-255,105,210,97,276
5038,0.001905,172.31.47.0-255,66,276,97,276
5039,0.0,74.125.24.0-255,153,153,97,238511
5040,2.3e-05,172.31.47.0-255,66,219,97,238511
5041,3e-05,74.125.24.0-255,1484,1703,97,238511
5042,3.5e-05,172.31.47.0-255,66,1769,97,238511
5043,4.1e-05,74.125.24.0-255,2902,4671,97,238511
5044,4.4e-05,172.31.47.0-255,66,4737,97,238511
5045,5.2e-05,74.125.24.0-255,7156,11893,97,238511
5046,5.5e-05,172.31.47.0-255,66,11959,97,238511
5047,9.6e-05,74.125.24.0-255,2075,14034,97,238511
5048,9.9e-05,172.31.47.0-255,66,14100,97,238511
5049,0.000129,74.125.24.0-255,2902,17002,97,238511
5050,0.000132,172.31.47.0-255,66,17068,97,238511
5051,0.000136,74.125.24.0-255,2902,19970,97,238511
5052,0.000138,172.31.47.0-255,66,20036,97,238511
5053,0.000152,74.125.24.0-255,2902,22938,97,238511
5054,0.000155,172.31.47.0-255,66,23004,97,238511
5055,0.000188,74.125.24.0-255,4320,27324,97,238511
5056,0.000191,172.31.47.0-255,66,27390,97,238511
5057,0.000209,74.125.24.0-255,3961,31351,97,238511
5058,0.000211,172.31.47.0-255,66,31417,97,238511
5059,0.000223,172.31.47.0-255,66,31483,97,238511
5060,0.000241,74.125.24.0-255,7156,38639,97,238511
5061,0.000244,172.31.47.0-255,66,38705,97,238511
5062,0.000263,74.125.24.0-255,1125,39830,97,238511
5063,0.000265,172.31.47.0-255,66,39896,97,238511
5064,0.000277,74.125.24.0-255,1484,41380,97,238511
5065,0.000279,172.31.47.0-255,66,41446,97,238511
5066,0.000296,74.125.24.0-255,7156,48602,97,238511
5067,0.000298,172.31.47.0-255,66,48668,97,238511
5068,0.000305,74.125.24.0-255,5738,54406,97,238511
5069,0.000307,172.31.47.0-255,66,54472,97,238511
5070,0.000328,74.125.24.0-255,1484,55956,97,238511
5071,0.000343,74.125.24.0-255,1125,57081,97,238511
5072,0.000345,172.31.47.0-255,66,57147,97,238511
5073,0.000791,74.125.24.0-255,393,57540,97,238511
5074,0.000814,74.125.24.0-255,1484,59024,97,238511
5075,0.00082,172.31.47.0-255,66,59090,97,238511
5076,0.000827,74.125.24.0-255,4320,63410,97,238511
5077,0.000829,172.31.47.0-255,66,63476,97,238511
5078,0.000859,74.125.24.0-255,4320,67796,97,238511
5079,0.000862,172.31.47.0-255,66,67862,97,238511
5080,0.000882,74.125.24.0-255,4320,72182,97,238511
5081,0.000911,74.125.24.0-255,4320,76502,97,238511
5082,0.000915,172.31.47.0-255,66,76568,97,238511
5083,0.000923,172.31.47.0-255,66,76634,97,238511
5084,0.000935,172.31.47.0-255,66,76700,97,238511
5085,0.000941,74.125.24.0-255,5020,81720,97,238511
5086,0.000943,172.31.47.0-255,66,81786,97,238511
5087,0.000961,74.125.24.0-255,1484,83270,97,238511
5088,0.000965,74.125.24.0-255,1484,84754,97,238511
5089,0.000967,172.31.47.0-255,66,84820,97,238511
5090,0.000983,74.125.24.0-255,1484,86304,97,238511
5091,0.000987,74.125.24.0-255,2902,89206,97,238511
5092,0.00099,172.31.47.0-255,66,89272,97,238511
5093,0.001006,74.125.24.0-255,2902,92174,97,238511
5094,0.001009,172.31.47.0-255,66,92240,97,238511
5095,0.001012,74.125.24.0-255,1484,93724,97,238511
5096,0.001058,172.31.47.0-255,66,93790,97,238511
5097,0.00107,172.31.47.0-255,66,93856,97,238511
5098,0.001086,172.31.47.0-255,66,93922,97,238511
5099,0.00111,74.125.24.0-255,4320,98242,97,238511
5100,0.001113,172.31.47.0-255,66,98308,97,238511
5101,0.001144,172.31.47.0-255,66,98374,97,238511
5102,0.001162,74.125.24.0-255,5738,104112,97,238511
5103,0.001165,172.31.47.0-255,66,104178,97,238511
5104,0.001215,172.31.47.0-255,66,104244,97,238511
5105,0.001218,172.31.47.0-255,66,104310,97,238511
5106,0.001235,172.31.47.0-255,66,104376,97,238511
5107,0.001237,74.125.24.0-255,766,105142,97,238511
5108,0.001451,74.125.24.0-255,1484,106626,97,238511
5109,0.001456,172.31.47.0-255,66,106692,97,238511
5110,0.001461,74.125.24.0-255,2902,109594,97,238511
5111,0.001463,172.31.47.0-255,66,109660,97,238511
5112,0.001466,74.125.24.0-255,1484,111144,97,238511
5113,0.001487,74.125.24.0-255,4320,115464,97,238511
5114,0.001489,172.31.47.0-255,66,115530,97,238511
5115,0.001506,74.125.24.0-255,1484,117014,97,238511
5116,0.001533,172.31.47.0-255,66,117080,97,238511
5117,0.001545,172.31.47.0-255,66,117146,97,238511
5118,0.001557,74.125.24.0-255,766,117912,97,238511
5119,0.001637,74.125.24.0-255,1484,119396,97,238511
5120,0.001641,172.31.47.0-255,66,119462,97,238511
5121,0.001646,74.125.24.0-255,2902,122364,97,238511
5122,0.001648,172.31.47.0-255,66,122430,97,238511
5123,0.001677,74.125.24.0-255,5738,128168,97,238511
5124,0.001679,172.31.47.0-255,66,128234,97,238511
5125,0.001684,74.125.24.0-255,4320,132554,97,238511
5126,0.001687,172.31.47.0-255,66,132620,97,238511
5127,0.001696,74.125.24.0-255,2902,135522,97,238511
5128,0.001698,172.31.47.0-255,66,135588,97,238511
5129,0.001732,172.31.47.0-255,66,135654,97,238511
5130,0.00178,172.31.47.0-255,66,135720,97,238511
5131,0.001807,74.125.24.0-255,5020,140740,97,238511
5132,0.00181,172.31.47.0-255,66,140806,97,238511
5133,0.001825,172.31.47.0-255,66,140872,97,238511
5134,0.001838,172.31.47.0-255,66,140938,97,238511
5135,0.003847,74.125.24.0-255,5738,146676,97,238511
5136,0.003855,172.31.47.0-255,66,146742,97,238511
5137,0.005913,74.125.24.0-255,5738,152480,97,238511
5138,0.00592,172.31.47.0-255,66,152546,97,238511
5139,0.00795,74.125.24.0-255,5738,158284,97,238511
5140,0.007953,172.31.47.0-255,66,158350,97,238511
5141,0.009973,74.125.24.0-255,5738,164088,97,238511
5142,0.00998,172.31.47.0-255,66,164154,97,238511
5143,0.011992,74.125.24.0-255,5738,169892,97,238511
5144,0.012,172.31.47.0-255,66,169958,97,238511
5145,0.014053,74.125.24.0-255,5738,175696,97,238511
5146,0.014064,172.31.47.0-255,66,175762,97,238511
5147,0.016067,74.125.24.0-255,5738,181500,97,238511
5148,0.016075,172.31.47.0-255,66,181566,97,238511
5149,0.018089,74.125.24.0-255,5738,187304,97,238511
5150,0.018095,172.31.47.0-255,66,187370,97,238511
5151,0.020113,74.125.24.0-255,5738,193108,97,238511
5152,0.02012,172.31.47.0-255,66,193174,97,238511
5153,0.022142,172.31.47.0-255,172,193346,97,238511
5154,0.022155,74.125.24.0-255,5738,199084,97,238511
5155,0.022159,172.31.47.0-255,66,199150,97,238511
5156,0.02217,172.31.47.0-255,1107,200257,97,238511
5157,0.022197,172.31.47.0-255,1514,201771,97,238511
5158,0.022199,172.31.47.0-255,1190,202961,97,238511
5159,0.02372,104.244.42.0-255,66,203027,97,238511
5160,0.023747,104.244.42.0-255,66,203093,97,238511
5161,0.023781,104.244.42.0-255,66,203159,97,238511
5162,0.024153,74.125.24.0-255,4320,207479,97,238511
5163,0.024157,172.31.47.0-255,66,207545,97,238511
5164,0.024191,74.125.24.0-255,1484,209029,97,238511
5165,0.026196,74.125.24.0-255,2902,211931,97,238511
5166,0.026205,172.31.47.0-255,66,211997,97,238511
5167,0.028206,74.125.24.0-255,5738,217735,97,238511
5168,0.028214,172.31.47.0-255,66,217801,97,238511
5169,0.030223,74.125.24.0-255,2902,220703,97,238511
5170,0.030228,172.31.47.0-255,66,220769,97,238511
5171,0.030257,74.125.24.0-255,2902,223671,97,238511
5172,0.03026,172.31.47.0-255,66,223737,97,238511
5173,0.032222,74.125.24.0-255,2902,226639,97,238511
5174,0.032226,172.31.47.0-255,66,226705,97,238511
5175,0.032277,74.125.24.0-255,2902,229607,97,238511
5176,0.032281,172.31.47.0-255,66,229673,97,238511
5177,0.034224,74.125.24.0-255,2902,232575,97,238511
5178,0.034229,172.31.47.0-255,66,232641,97,238511
5179,0.034262,74.125.24.0-255,2902,235543,97,238511
5180,0.034265,172.31.47.0-255,66,235609,97,238511
5181,0.036219,74.125.24.0-255,2665,238274,97,238511
5182,0.036223,172.31.47.0-255,66,238340,97,238511
5183,0.03639,172.31.47.0-255,105,238445,97,238511
5184,0.038375,74.125.24.0-255,66,238511,97,238511
5185,0.0,172.31.47.0-255,66,66,97,66
5186,0.0,172.31.47.0-255,105,105,97,276
5187,0.001779,157.240.13.0-255,105,210,97,276
5188,0.040282,172.31.47.0-255,66,276,97,276
5189,0.0,74.125.200.0-255,431,431,97,113910
5190,1.3e-05,74.125.200.0-255,1484,1915,97,113910
5191,2.1e-05,172.31.47.0-255,66,1981,97,113910
5192,3e-05,74.125.200.0-255,4320,6301,97,113910
5193,3.3e-05,172.31.47.0-255,66,6367,97,113910
5194,0.000194,74.125.200.0-255,2902,9269,97,113910
5195,0.0002,172.31.47.0-255,66,9335,97,113910
5196,0.000228,74.125.200.0-255,5038,14373,97,113910
5197,0.000231,172.31.47.0-255,66,14439,97,113910
5198,0.000554,74.125.200.0-255,1484,15923,97,113910
5199,0.000627,74.125.200.0-255,2902,18825,97,113910
5200,0.000632,172.31.47.0-255,66,18891,97,113910
5201,0.000749,74.125.200.0-255,5738,24629,97,113910
5202,0.000753,172.31.47.0-255,66,24695,97,113910
5203,0.001051,74.125.200.0-255,5738,30433,97,113910
5204,0.001057,172.31.47.0-255,66,30499,97,113910
5205,0.002614,74.125.200.0-255,5738,36237,97,113910
5206,0.002799,74.125.200.0-255,4320,40557,97,113910
5207,0.00341,172.31.47.0-255,66,40623,97,113910
5208,0.004205,172.31.47.0-255,66,40689,97,113910
5209,0.004231,74.125.200.0-255,4320,45009,97,113910
5210,0.004307,172.31.47.0-255,66,45075,97,113910
5211,0.004946,74.125.200.0-255,7156,52231,97,113910
5212,0.004953,172.31.47.0-255,66,52297,97,113910
5213,0.006072,74.125.200.0-255,1484,53781,97,113910
5214,0.006112,74.125.200.0-255,7156,60937,97,113910
5215,0.006143,74.125.200.0-255,1484,62421,97,113910
5216,0.006828,74.125.200.0-255,5738,68159,97,113910
5217,0.006984,74.125.200.0-255,2902,71061,97,113910
5218,0.007381,74.125.200.0-255,5738,76799,97,113910
5219,0.007546,172.31.47.0-255,66,76865,97,113910
5220,0.00771,74.125.200.0-255,4320,81185,97,113910
5221,0.007716,172.31.47.0-255,66,81251,97,113910
5222,0.007765,172.31.47.0-255,66,81317,97,113910
5223,0.010209,172.31.47.0-255,66,81383,97,113910
5224,0.010251,172.31.47.0-255,66,81449,97,113910
5225,0.01027,74.125.200.0-255,7156,88605,97,113910
5226,0.010273,172.31.47.0-255,66,88671,97,113910
5227,0.010471,74.125.200.0-255,5738,94409,97,113910
5228,0.010476,172.31.47.0-255,66,94475,97,113910
5229,0.010528,172.31.47.0-255,66,94541,97,113910
5230,0.010866,172.31.47.0-255,66,94607,97,113910
5231,0.010915,172.31.47.0-255,66,94673,97,113910
5232,0.011181,172.31.47.0-255,66,94739,97,113910
5233,0.011227,172.31.47.0-255,66,94805,97,113910
5234,0.011253,74.125.200.0-255,5230,100035,97,113910
5235,0.011256,172.31.47.0-255,66,100101,97,113910
5236,0.012797,74.125.200.0-255,4828,104929,97,113910
5237,0.012803,172.31.47.0-255,66,104995,97,113910
5238,0.012843,74.125.200.0-255,4320,109315,97,113910
5239,0.012846,172.31.47.0-255,66,109381,97,113910
5240,0.012904,172.31.47.0-255,66,109447,97,113910
5241,0.015703,172.31.47.0-255,105,109552,97,113910
5242,0.018276,74.125.200.0-255,66,109618,97,113910
5243,0.026236,172.31.47.0-255,176,109794,97,113910
5244,0.026267,172.31.47.0-255,1111,110905,97,113910
5245,0.026315,172.31.47.0-255,1514,112419,97,113910
5246,0.026317,172.31.47.0-255,1293,113712,97,113910
5247,0.027779,104.244.42.0-255,66,113778,97,113910
5248,0.027818,104.244.42.0-255,66,113844,97,113910
5249,0.027871,104.244.42.0-255,66,113910,97,113910
5250,0.0,172.217.160.0-255,66,66,97,66
5251,0.0,172.217.194.0-255,143,143,97,318315
5252,2.1e-05,172.31.47.0-255,66,209,97,318315
5253,2.8e-05,172.217.194.0-255,1484,1693,97,318315
5254,3.1e-05,172.31.47.0-255,66,1759,97,318315
5255,3.6e-05,172.217.194.0-255,2902,4661,97,318315
5256,4.5e-05,172.31.47.0-255,66,4727,97,318315
5257,7.8e-05,172.217.194.0-255,7156,11883,97,318315
5258,8.1e-05,172.31.47.0-255,66,11949,97,318315
5259,8.4e-05,172.217.194.0-255,1484,13433,97,318315
5260,8.5e-05,172.31.47.0-255,66,13499,97,318315
5261,0.000124,172.31.47.0-255,66,13565,97,318315
5262,0.00013,172.217.194.0-255,5738,19303,97,318315
5263,0.000132,172.31.47.0-255,66,19369,97,318315
5264,0.000154,172.217.194.0-255,1125,20494,97,318315
5265,0.000156,172.31.47.0-255,66,20560,97,318315
5266,0.000205,172.217.194.0-255,1484,22044,97,318315
5267,0.000208,172.31.47.0-255,66,22110,97,318315
5268,0.000213,172.217.194.0-255,2902,25012,97,318315
5269,0.000214,172.31.47.0-255,66,25078,97,318315
5270,0.000217,172.217.194.0-255,1484,26562,97,318315
5271,0.000219,172.31.47.0-255,66,26628,97,318315
5272,0.000248,172.217.194.0-255,4320,30948,97,318315
5273,0.000256,172.31.47.0-255,66,31014,97,318315
5274,0.000282,172.31.47.0-255,66,31080,97,318315
5275,0.0003,172.217.194.0-255,2543,33623,97,318315
5276,0.000303,172.31.47.0-255,66,33689,97,318315
5277,0.000306,172.217.194.0-255,1484,35173,97,318315
5278,0.000308,172.31.47.0-255,66,35239,97,318315
5279,0.000351,172.31.47.0-255,66,35305,97,318315
5280,0.000354,172.217.194.0-255,379,35684,97,318315
5281,0.000702,172.217.194.0-255,1484,37168,97,318315
5282,0.000708,172.31.47.0-255,66,37234,97,318315
5283,0.000713,172.217.194.0-255,2902,40136,97,318315
5284,0.000714,172.31.47.0-255,66,40202,97,318315
5285,0.000717,172.217.194.0-255,1484,41686,97,318315
5286,0.000739,172.217.194.0-255,4320,46006,97,318315
5287,0.000744,172.31.47.0-255,66,46072,97,318315
5288,0.000751,172.217.194.0-255,5738,51810,97,318315
5289,0.000753,172.31.47.0-255,66,51876,97,318315
5290,0.000763,172.31.47.0-255,66,51942,97,318315
5291,0.000789,172.217.194.0-255,2902,54844,97,318315
5292,0.000791,172.31.47.0-255,66,54910,97,318315
5293,0.0008,172.217.194.0-255,5020,59930,97,318315
5294,0.000802,172.31.47.0-255,66,59996,97,318315
5295,0.001193,172.217.194.0-255,1484,61480,97,318315
5296,0.001199,172.217.194.0-255,2902,64382,97,318315
5297,0.001202,172.31.47.0-255,66,64448,97,318315
5298,0.001205,172.217.194.0-255,1484,65932,97,318315
5299,0.001234,172.217.194.0-255,4320,70252,97,318315
5300,0.001236,172.31.47.0-255,66,70318,97,318315
5301,0.001243,172.217.194.0-255,7156,77474,97,318315
5302,0.001244,172.31.47.0-255,66,77540,97,318315
5303,0.001272,172.217.194.0-255,5738,83278,97,318315
5304,0.001274,172.31.47.0-255,66,83344,97,318315
5305,0.001293,172.217.194.0-255,7156,90500,97,318315
5306,0.001297,172.31.47.0-255,66,90566,97,318315
5307,0.001315,172.217.194.0-255,3602,94168,97,318315
5308,0.001317,172.31.47.0-255,66,94234,97,318315
5309,0.001574,172.217.194.0-255,1484,95718,97,318315
5310,0.001589,172.217.194.0-255,2902,98620,97,318315
5311,0.001592,172.31.47.0-255,66,98686,97,318315
5312,0.001596,172.217.194.0-255,1484,100170,97,318315
5313,0.00162,172.217.194.0-255,4320,104490,97,318315
5314,0.001622,172.31.47.0-255,66,104556,97,318315
5315,0.001653,172.31.47.0-255,66,104622,97,318315
5316,0.00166,172.217.194.0-255,7156,111778,97,318315
5317,0.001661,172.31.47.0-255,66,111844,97,318315
5318,0.001698,172.217.194.0-255,3602,115446,97,318315
5319,0.001701,172.31.47.0-255,66,115512,97,318315
5320,0.001799,172.217.194.0-255,1484,116996,97,318315
5321,0.001814,172.217.194.0-255,2902,119898,97,318315
5322,0.001817,172.31.47.0-255,66,119964,97,318315
5323,0.001869,172.217.194.0-255,5738,125702,97,318315
5324,0.001872,172.31.47.0-255,66,125768,97,318315
5325,0.001881,172.31.47.0-255,66,125834,97,318315
5326,0.001888,172.217.194.0-255,2902,128736,97,318315
5327,0.00189,172.31.47.0-255,66,128802,97,318315
5328,0.001919,172.217.194.0-255,7156,135958,97,318315
5329,0.001927,172.31.47.0-255,66,136024,97,318315
5330,0.001932,172.217.194.0-255,5020,141044,97,318315
5331,0.001934,172.31.47.0-255,66,141110,97,318315
5332,0.002104,172.217.194.0-255,1484,142594,97,318315
5333,0.002127,172.217.194.0-255,2902,145496,97,318315
5334,0.00213,172.31.47.0-255,66,145562,97,318315
5335,0.002148,172.217.194.0-255,4320,149882,97,318315
5336,0.00215,172.31.47.0-255,66,149948,97,318315
5337,0.002173,172.217.194.0-255,1484,151432,97,318315
5338,0.002179,172.217.194.0-255,5738,157170,97,318315
5339,0.002181,172.31.47.0-255,66,157236,97,318315
5340,0.002191,172.31.47.0-255,66,157302,97,318315
5341,0.00221,172.217.194.0-255,2902,160204,97,318315
5342,0.002215,172.217.194.0-255,5020,165224,97,318315
5343,0.002219,172.31.47.0-255,66,165290,97,318315
5344,0.002224,172.31.47.0-255,66,165356,97,318315
5345,0.002357,172.217.194.0-255,1484,166840,97,318315
5346,0.00237,172.217.194.0-255,2902,169742,97,318315
5347,0.002373,172.31.47.0-255,66,169808,97,318315
5348,0.002379,172.217.194.0-255,5738,175546,97,318315
5349,0.002381,172.31.47.0-255,66,175612,97,318315
5350,0.00242,172.31.47.0-255,66,175678,97,318315
5351,0.002425,172.217.194.0-255,4320,179998,97,318315
5352,0.002427,172.31.47.0-255,66,180064,97,318315
5353,0.002459,172.217.194.0-255,6438,186502,97,318315
5354,0.002461,172.31.47.0-255,66,186568,97,318315
5355,0.004868,172.217.194.0-255,4320,190888,97,318315
5356,0.004875,172.31.47.0-255,66,190954,97,318315
5357,0.0049,172.217.194.0-255,1484,192438,97,318315
5358,0.007276,172.217.194.0-255,4320,196758,97,318315
5359,0.007283,172.31.47.0-255,66,196824,97,318315
5360,0.009683,172.217.194.0-255,5738,202562,97,318315
5361,0.009689,172.31.47.0-255,66,202628,97,318315
5362,0.012102,172.217.194.0-255,5738,208366,97,318315
5363,0.012107,172.31.47.0-255,66,208432,97,318315
5364,0.014516,172.217.194.0-255,5738,214170,97,318315
5365,0.014522,172.31.47.0-255,66,214236,97,318315
5366,0.016924,172.217.194.0-255,5738,219974,97,318315
5367,0.016931,172.31.47.0-255,66,220040,97,318315
5368,0.019326,172.217.194.0-255,5738,225778,97,318315
5369,0.019335,172.31.47.0-255,66,225844,97,318315
5370,0.021748,172.217.194.0-255,5738,231582,97,318315
5371,0.021758,172.31.47.0-255,66,231648,97,318315
5372,0.024147,172.217.194.0-255,5738,237386,97,318315
5373,0.024155,172.31.47.0-255,66,237452,97,318315
5374,0.026561,172.217.194.0-255,5738,243190,97,318315
5375,0.026571,172.31.47.0-255,66,243256,97,318315
5376,0.028978,172.217.194.0-255,5738,248994,97,318315
5377,0.028985,172.31.47.0-255,66,249060,97,318315
5378,0.031412,172.217.194.0-255,5738,254798,97,318315
5379,0.031422,172.31.47.0-255,66,254864,97,318315
5380,0.033838,172.217.194.0-255,5738,260602,97,318315
5381,0.033846,172.31.47.0-255,66,260668,97,318315
5382,0.034563,172.31.47.0-255,172,260840,97,318315
5383,0.034593,172.31.47.0-255,1110,261950,97,318315
5384,0.034671,172.31.47.0-255,1514,263464,97,318315
5385,0.034673,172.31.47.0-255,1514,264978,97,318315
5386,0.034696,172.31.47.0-255,705,265683,97,318315
5387,0.036181,104.244.42.0-255,66,265749,97,318315
5388,0.036206,104.244.42.0-255,66,265815,97,318315
5389,0.036253,172.217.194.0-255,5738,271553,97,318315
5390,0.036258,172.31.47.0-255,66,271619,97,318315
5391,0.036284,104.244.42.0-255,66,271685,97,318315
5392,0.036288,104.244.42.0-255,66,271751,97,318315
5393,0.038653,172.217.194.0-255,5738,277489,97,318315
5394,0.038659,172.31.47.0-255,66,277555,97,318315
5395,0.041077,172.217.194.0-255,5738,283293,97,318315
5396,0.041083,172.31.47.0-255,66,283359,97,318315
5397,0.043466,172.217.194.0-255,5738,289097,97,318315
5398,0.043476,172.31.47.0-255,66,289163,97,318315
5399,0.045884,172.217.194.0-255,5738,294901,97,318315
5400,0.045891,172.31.47.0-255,66,294967,97,318315
5401,0.048301,172.217.194.0-255,5738,300705,97,318315
5402,0.048307,172.31.47.0-255,66,300771,97,318315
5403,0.050739,172.217.194.0-255,5738,306509,97,318315
5404,0.050745,172.31.47.0-255,66,306575,97,318315
5405,0.053171,172.217.194.0-255,5738,312313,97,318315
5406,0.053177,172.31.47.0-255,66,312379,97,318315
5407,0.05559,172.217.194.0-255,5699,318078,97,318315
5408,0.055597,172.31.47.0-255,66,318144,97,318315
5409,0.055789,172.31.47.0-255,105,318249,97,318315
5410,0.058166,172.217.194.0-255,66,318315,97,318315
5411,0.0,172.217.194.0-255,143,143,97,229321
5412,1.4e-05,172.31.47.0-255,66,209,97,229321
5413,2e-05,172.217.194.0-255,1484,1693,97,229321
5414,2.5e-05,172.31.47.0-255,66,1759,97,229321
5415,3e-05,172.217.194.0-255,2902,4661,97,229321
5416,3.3e-05,172.31.47.0-255,66,4727,97,229321
5417,4e-05,172.217.194.0-255,7156,11883,97,229321
5418,4.3e-05,172.31.47.0-255,66,11949,97,229321
5419,4.6e-05,172.217.194.0-255,1484,13433,97,229321
5420,4.9e-05,172.31.47.0-255,66,13499,97,229321
5421,7.3e-05,172.217.194.0-255,735,14234,97,229321
5422,7.5e-05,172.31.47.0-255,66,14300,97,229321
5423,8.2e-05,172.217.194.0-255,2902,17202,97,229321
5424,8.5e-05,172.31.47.0-255,66,17268,97,229321
5425,9.2e-05,172.217.194.0-255,7156,24424,97,229321
5426,9.5e-05,172.31.47.0-255,66,24490,97,229321
5427,0.000123,172.217.194.0-255,6797,31287,97,229321
5428,0.000125,172.31.47.0-255,66,31353,97,229321
5429,0.000193,172.217.194.0-255,1484,32837,97,229321
5430,0.000197,172.31.47.0-255,66,32903,97,229321
5431,0.000203,172.217.194.0-255,2902,35805,97,229321
5432,0.000205,172.31.47.0-255,66,35871,97,229321
5433,0.000211,172.217.194.0-255,5738,41609,97,229321
5434,0.000214,172.31.47.0-255,66,41675,97,229321
5435,0.000277,172.217.194.0-255,7156,48831,97,229321
5436,0.000281,172.31.47.0-255,66,48897,97,229321
5437,0.000303,172.217.194.0-255,6797,55694,97,229321
5438,0.000306,172.31.47.0-255,66,55760,97,229321
5439,0.000331,172.31.47.0-255,66,55826,97,229321
5440,0.000334,172.217.194.0-255,399,56225,97,229321
5441,0.000336,172.31.47.0-255,66,56291,97,229321
5442,0.000526,172.217.194.0-255,1484,57775,97,229321
5443,0.000532,172.217.194.0-255,2902,60677,97,229321
5444,0.000536,172.31.47.0-255,66,60743,97,229321
5445,0.000541,172.217.194.0-255,2902,63645,97,229321
5446,0.000544,172.31.47.0-255,66,63711,97,229321
5447,0.000558,172.217.194.0-255,2902,66613,97,229321
5448,0.000561,172.31.47.0-255,66,66679,97,229321
5449,0.000565,172.217.194.0-255,2902,69581,97,229321
5450,0.000567,172.31.47.0-255,66,69647,97,229321
5451,0.000592,172.217.194.0-255,4320,73967,97,229321
5452,0.000595,172.31.47.0-255,66,74033,97,229321
5453,0.000605,172.31.47.0-255,66,74099,97,229321
5454,0.00066,172.31.47.0-255,66,74165,97,229321
5455,0.000741,172.217.194.0-255,1484,75649,97,229321
5456,0.000745,172.217.194.0-255,1484,77133,97,229321
5457,0.000748,172.31.47.0-255,66,77199,97,229321
5458,0.000766,172.217.194.0-255,1484,78683,97,229321
5459,0.000771,172.217.194.0-255,4320,83003,97,229321
5460,0.000776,172.31.47.0-255,66,83069,97,229321
5461,0.000784,172.217.194.0-255,1484,84553,97,229321
5462,0.000788,172.217.194.0-255,2902,87455,97,229321
5463,0.000792,172.31.47.0-255,66,87521,97,229321
5464,0.000801,172.217.194.0-255,2902,90423,97,229321
5465,0.000803,172.31.47.0-255,66,90489,97,229321
5466,0.000811,172.217.194.0-255,7156,97645,97,229321
5467,0.000813,172.31.47.0-255,66,97711,97,229321
5468,0.000843,172.217.194.0-255,5738,103449,97,229321
5469,0.000846,172.31.47.0-255,66,103515,97,229321
5470,0.000852,172.217.194.0-255,5020,108535,97,229321
5471,0.000854,172.31.47.0-255,66,108601,97,229321
5472,0.000877,172.217.194.0-255,5738,114339,97,229321
5473,0.000879,172.31.47.0-255,66,114405,97,229321
5474,0.000903,172.217.194.0-255,7156,121561,97,229321
5475,0.000906,172.31.47.0-255,66,121627,97,229321
5476,0.000936,172.31.47.0-255,66,121693,97,229321
5477,0.000943,172.217.194.0-255,6438,128131,97,229321
5478,0.000945,172.31.47.0-255,66,128197,97,229321
5479,0.000991,172.217.194.0-255,1484,129681,97,229321
5480,0.001009,172.217.194.0-255,2902,132583,97,229321
5481,0.001014,172.31.47.0-255,66,132649,97,229321
5482,0.001023,172.217.194.0-255,2902,135551,97,229321
5483,0.001026,172.31.47.0-255,66,135617,97,229321
5484,0.001043,172.217.194.0-255,2902,138519,97,229321
5485,0.001045,172.31.47.0-255,66,138585,97,229321
5486,0.001056,172.31.47.0-255,66,138651,97,229321
5487,0.001083,172.217.194.0-255,2902,141553,97,229321
5488,0.001085,172.31.47.0-255,66,141619,97,229321
5489,0.001091,172.217.194.0-255,4320,145939,97,229321
5490,0.001093,172.31.47.0-255,66,146005,97,229321
5491,0.001126,172.217.194.0-255,4320,150325,97,229321
5492,0.00113,172.31.47.0-255,66,150391,97,229321
5493,0.001149,172.217.194.0-255,2184,152575,97,229321
5494,0.001151,172.31.47.0-255,66,152641,97,229321
5495,0.001222,172.217.194.0-255,1484,154125,97,229321
5496,0.001227,172.217.194.0-255,1484,155609,97,229321
5497,0.001229,172.31.47.0-255,66,155675,97,229321
5498,0.001251,172.217.194.0-255,1484,157159,97,229321
5499,0.001258,172.217.194.0-255,5738,162897,97,229321
5500,0.00126,172.31.47.0-255,66,162963,97,229321
5501,0.001266,172.217.194.0-255,2902,165865,97,229321
5502,0.001268,172.31.47.0-255,66,165931,97,229321
5503,0.001291,172.31.47.0-255,66,165997,97,229321
5504,0.001298,172.217.194.0-255,7156,173153,97,229321
5505,0.001301,172.31.47.0-255,66,173219,97,229321
5506,0.001316,172.217.194.0-255,3602,176821,97,229321
5507,0.001318,172.31.47.0-255,66,176887,97,229321
5508,0.001494,172.217.194.0-255,1484,178371,97,229321
5509,0.001509,172.217.194.0-255,2902,181273,97,229321
5510,0.001513,172.31.47.0-255,66,181339,97,229321
5511,0.00152,172.217.194.0-255,5738,187077,97,229321
5512,0.001522,172.31.47.0-255,66,187143,97,229321
5513,0.001568,172.31.47.0-255,66,187209,97,229321
5514,0.001571,172.217.194.0-255,1484,188693,97,229321
5515,0.00161,172.31.47.0-255,66,188759,97,229321
5516,0.001613,172.217.194.0-255,1484,190243,97,229321
5517,0.001673,172.31.47.0-255,66,190309,97,229321
5518,0.001701,172.31.47.0-255,66,190375,97,229321
5519,0.001705,172.217.194.0-255,2184,192559,97,229321
5520,0.001707,172.31.47.0-255,66,192625,97,229321
5521,0.001711,172.217.194.0-255,1484,194109,97,229321
5522,0.001715,172.217.194.0-255,2902,197011,97,229321
5523,0.001717,172.31.47.0-255,66,197077,97,229321
5524,0.001745,172.217.194.0-255,5738,202815,97,229321
5525,0.001749,172.31.47.0-255,66,202881,97,229321
5526,0.001761,172.31.47.0-255,66,202947,97,229321
5527,0.001781,172.217.194.0-255,2902,205849,97,229321
5528,0.001785,172.31.47.0-255,66,205915,97,229321
5529,0.00182,172.217.194.0-255,2902,208817,97,229321
5530,0.001823,172.31.47.0-255,66,208883,97,229321
5531,0.001855,172.31.47.0-255,66,208949,97,229321
5532,0.001868,172.31.47.0-255,66,209015,97,229321
5533,0.001881,172.31.47.0-255,66,209081,97,229321
5534,0.001903,172.217.194.0-255,1484,210565,97,229321
5535,0.001946,172.31.47.0-255,66,210631,97,229321
5536,0.001964,172.217.194.0-255,6438,217069,97,229321
5537,0.001967,172.31.47.0-255,66,217135,97,229321
5538,0.001974,172.217.194.0-255,6497,223632,97,229321
5539,0.001977,172.31.47.0-255,66,223698,97,229321
5540,0.00198,172.217.194.0-255,105,223803,97,229321
5541,0.016486,172.31.47.0-255,66,223869,97,229321
5542,0.01653,172.31.47.0-255,105,223974,97,229321
5543,0.018909,172.217.194.0-255,66,224040,97,229321
5544,0.061991,172.31.47.0-255,176,224216,97,229321
5545,0.062021,172.31.47.0-255,1110,225326,97,229321
5546,0.062098,172.31.47.0-255,1514,226840,97,229321
5547,0.0621,172.31.47.0-255,1514,228354,97,229321
5548,0.062123,172.31.47.0-255,703,229057,97,229321
5549,0.063614,104.244.42.0-255,66,229123,97,229321
5550,0.063664,104.244.42.0-255,66,229189,97,229321
5551,0.06376,104.244.42.0-255,66,229255,97,229321
5552,0.063778,104.244.42.0-255,66,229321,97,229321
5553,0.0,172.217.194.0-255,153,153,97,313545
5554,2.3e-05,172.31.47.0-255,66,219,97,313545
5555,3.1e-05,172.217.194.0-255,1484,1703,97,313545
5556,3.6e-05,172.31.47.0-255,66,1769,97,313545
5557,4.2e-05,172.217.194.0-255,2902,4671,97,313545
5558,4.5e-05,172.31.47.0-255,66,4737,97,313545
5559,5.1e-05,172.217.194.0-255,4320,9057,97,313545
5560,5.4e-05,172.31.47.0-255,66,9123,97,313545
5561,7.9e-05,172.31.47.0-255,66,9189,97,313545
5562,0.000104,172.217.194.0-255,2111,11300,97,313545
5563,0.000106,172.31.47.0-255,66,11366,97,313545
5564,0.000118,172.31.47.0-255,66,11432,97,313545
5565,0.000161,172.217.194.0-255,1484,12916,97,313545
5566,0.000164,172.31.47.0-255,66,12982,97,313545
5567,0.000179,172.217.194.0-255,2902,15884,97,313545
5568,0.000183,172.217.194.0-255,2902,18786,97,313545
5569,0.000187,172.31.47.0-255,66,18852,97,313545
5570,0.00019,172.31.47.0-255,66,18918,97,313545
5571,0.000203,172.217.194.0-255,2902,21820,97,313545
5572,0.000205,172.31.47.0-255,66,21886,97,313545
5573,0.000246,172.217.194.0-255,5738,27624,97,313545
5574,0.000249,172.31.47.0-255,66,27690,97,313545
5575,0.000266,172.217.194.0-255,1125,28815,97,313545
5576,0.000268,172.31.47.0-255,66,28881,97,313545
5577,0.000445,172.217.194.0-255,1484,30365,97,313545
5578,0.000451,172.31.47.0-255,66,30431,97,313545
5579,0.000457,172.217.194.0-255,2902,33333,97,313545
5580,0.00046,172.31.47.0-255,66,33399,97,313545
5581,0.000487,172.217.194.0-255,4320,37719,97,313545
5582,0.00049,172.31.47.0-255,66,37785,97,313545
5583,0.000541,172.217.194.0-255,4320,42105,97,313545
5584,0.000544,172.31.47.0-255,66,42171,97,313545
5585,0.000561,172.217.194.0-255,3961,46132,97,313545
5586,0.000564,172.31.47.0-255,66,46198,97,313545
5587,0.000571,172.217.194.0-255,5738,51936,97,313545
5588,0.000574,172.31.47.0-255,66,52002,97,313545
5589,0.000597,172.217.194.0-255,1484,53486,97,313545
5590,0.00061,172.31.47.0-255,66,53552,97,313545
5591,0.000627,172.217.194.0-255,1704,55256,97,313545
5592,0.00063,172.31.47.0-255,66,55322,97,313545
5593,0.000819,172.217.194.0-255,1484,56806,97,313545
5594,0.000824,172.217.194.0-255,2902,59708,97,313545
5595,0.000834,172.31.47.0-255,66,59774,97,313545
5596,0.000841,172.217.194.0-255,4320,64094,97,313545
5597,0.000843,172.31.47.0-255,66,64160,97,313545
5598,0.000868,172.217.194.0-255,1484,65644,97,313545
5599,0.000876,172.217.194.0-255,6797,72441,97,313545
5600,0.000878,172.31.47.0-255,66,72507,97,313545
5601,0.001216,172.217.194.0-255,1484,73991,97,313545
5602,0.001223,172.217.194.0-255,2902,76893,97,313545
5603,0.001226,172.31.47.0-255,66,76959,97,313545
5604,0.001249,172.217.194.0-255,5738,82697,97,313545
5605,0.001251,172.31.47.0-255,66,82763,97,313545
5606,0.001277,172.217.194.0-255,1484,84247,97,313545
5607,0.001302,172.31.47.0-255,66,84313,97,313545
5608,0.001337,172.217.194.0-255,4320,88633,97,313545
5609,0.00134,172.31.47.0-255,66,88699,97,313545
5610,0.001361,172.217.194.0-255,5738,94437,97,313545
5611,0.001363,172.31.47.0-255,66,94503,97,313545
5612,0.001367,172.217.194.0-255,766,95269,97,313545
5613,0.00141,172.217.194.0-255,1484,96753,97,313545
5614,0.001413,172.31.47.0-255,66,96819,97,313545
5615,0.001428,172.217.194.0-255,2902,99721,97,313545
5616,0.00143,172.31.47.0-255,66,99787,97,313545
5617,0.001444,172.217.194.0-255,1484,101271,97,313545
5618,0.001449,172.217.194.0-255,2902,104173,97,313545
5619,0.001453,172.31.47.0-255,66,104239,97,313545
5620,0.001474,172.217.194.0-255,4320,108559,97,313545
5621,0.001477,172.31.47.0-255,66,108625,97,313545
5622,0.001489,172.31.47.0-255,66,108691,97,313545
5623,0.001507,172.217.194.0-255,5738,114429,97,313545
5624,0.00151,172.31.47.0-255,66,114495,97,313545
5625,0.001516,172.217.194.0-255,5020,119515,97,313545
5626,0.001519,172.31.47.0-255,66,119581,97,313545
5627,0.001981,172.217.194.0-255,1484,121065,97,313545
5628,0.001988,172.217.194.0-255,2902,123967,97,313545
5629,0.001991,172.31.47.0-255,66,124033,97,313545
5630,0.00201,172.217.194.0-255,5738,129771,97,313545
5631,0.002013,172.31.47.0-255,66,129837,97,313545
5632,0.002044,172.31.47.0-255,66,129903,97,313545
5633,0.00205,172.217.194.0-255,4320,134223,97,313545
5634,0.002052,172.31.47.0-255,66,134289,97,313545
5635,0.002077,172.217.194.0-255,6438,140727,97,313545
5636,0.00208,172.31.47.0-255,66,140793,97,313545
5637,0.002104,172.217.194.0-255,1484,142277,97,313545
5638,0.002133,172.217.194.0-255,2902,145179,97,313545
5639,0.002139,172.217.194.0-255,5738,150917,97,313545
5640,0.002142,172.217.194.0-255,1484,152401,97,313545
5641,0.002146,172.31.47.0-255,66,152467,97,313545
5642,0.002149,172.31.47.0-255,66,152533,97,313545
5643,0.002169,172.217.194.0-255,7156,159689,97,313545
5644,0.002171,172.31.47.0-255,66,159755,97,313545
5645,0.002226,172.217.194.0-255,2902,162657,97,313545
5646,0.002229,172.31.47.0-255,66,162723,97,313545
5647,0.00224,172.217.194.0-255,1484,164207,97,313545
5648,0.002273,172.31.47.0-255,66,164273,97,313545
5649,0.002387,172.217.194.0-255,1484,165757,97,313545
5650,0.002393,172.217.194.0-255,2902,168659,97,313545
5651,0.002396,172.31.47.0-255,66,168725,97,313545
5652,0.00241,172.217.194.0-255,4320,173045,97,313545
5653,0.002412,172.31.47.0-255,66,173111,97,313545
5654,0.002466,172.31.47.0-255,66,173177,97,313545
5655,0.002486,172.217.194.0-255,4320,177497,97,313545
5656,0.002488,172.31.47.0-255,66,177563,97,313545
5657,0.002509,172.217.194.0-255,7156,184719,97,313545
5658,0.002513,172.31.47.0-255,66,184785,97,313545
5659,0.002529,172.217.194.0-255,4320,189105,97,313545
5660,0.002531,172.31.47.0-255,66,189171,97,313545
5661,0.002534,172.217.194.0-255,766,189937,97,313545
5662,0.0026,172.217.194.0-255,1484,191421,97,313545
5663,0.002604,172.31.47.0-255,66,191487,97,313545
5664,0.002623,172.217.194.0-255,2902,194389,97,313545
5665,0.002625,172.31.47.0-255,66,194455,97,313545
5666,0.005171,172.217.194.0-255,2902,197357,97,313545
5667,0.005179,172.31.47.0-255,66,197423,97,313545
5668,0.0052,172.217.194.0-255,2902,200325,97,313545
5669,0.005202,172.31.47.0-255,66,200391,97,313545
5670,0.007747,172.217.194.0-255,2902,203293,97,313545
5671,0.007751,172.31.47.0-255,66,203359,97,313545
5672,0.007776,172.217.194.0-255,2902,206261,97,313545
5673,0.007778,172.31.47.0-255,66,206327,97,313545
5674,0.010347,172.217.194.0-255,5738,212065,97,313545
5675,0.010357,172.31.47.0-255,66,212131,97,313545
5676,0.012931,172.217.194.0-255,5738,217869,97,313545
5677,0.01294,172.31.47.0-255,66,217935,97,313545
5678,0.015524,172.217.194.0-255,5738,223673,97,313545
5679,0.015537,172.31.47.0-255,66,223739,97,313545
5680,0.018132,172.217.194.0-255,5738,229477,97,313545
5681,0.01815,172.31.47.0-255,66,229543,97,313545
5682,0.020733,172.217.194.0-255,5738,235281,97,313545
5683,0.020746,172.31.47.0-255,66,235347,97,313545
5684,0.023319,172.217.194.0-255,5738,241085,97,313545
5685,0.023326,172.31.47.0-255,66,241151,97,313545
5686,0.025917,172.217.194.0-255,5738,246889,97,313545
5687,0.025924,172.31.47.0-255,66,246955,97,313545
5688,0.028513,172.217.194.0-255,5738,252693,97,313545
5689,0.028523,172.31.47.0-255,66,252759,97,313545
5690,0.030033,172.31.47.0-255,172,252931,97,313545
5691,0.030065,172.31.47.0-255,1111,254042,97,313545
5692,0.030122,172.31.47.0-255,1514,255556,97,313545
5693,0.030124,172.31.47.0-255,1293,256849,97,313545
5694,0.031119,172.217.194.0-255,5738,262587,97,313545
5695,0.031128,172.31.47.0-255,66,262653,97,313545
5696,0.031625,104.244.42.0-255,66,262719,97,313545
5697,0.031632,104.244.42.0-255,66,262785,97,313545
5698,0.031656,104.244.42.0-255,66,262851,97,313545
5699,0.033707,172.217.194.0-255,5738,268589,97,313545
5700,0.033717,172.31.47.0-255,66,268655,97,313545
5701,0.036319,172.217.194.0-255,5738,274393,97,313545
5702,0.036326,172.31.47.0-255,66,274459,97,313545
5703,0.038931,172.217.194.0-255,5738,280197,97,313545
5704,0.038938,172.31.47.0-255,66,280263,97,313545
5705,0.041559,172.217.194.0-255,5738,286001,97,313545
5706,0.041569,172.31.47.0-255,66,286067,97,313545
5707,0.044128,172.217.194.0-255,5738,291805,97,313545
5708,0.044135,172.31.47.0-255,66,291871,97,313545
5709,0.046728,172.217.194.0-255,5738,297609,97,313545
5710,0.046736,172.31.47.0-255,66,297675,97,313545
5711,0.049287,172.217.194.0-255,5738,303413,97,313545
5712,0.049294,172.31.47.0-255,66,303479,97,313545
5713,0.051872,172.217.194.0-255,5738,309217,97,313545
5714,0.051878,172.31.47.0-255,66,309283,97,313545
5715,0.054466,172.217.194.0-255,4025,313308,97,313545
5716,0.054473,172.31.47.0-255,66,313374,97,313545
5717,0.054658,172.31.47.0-255,105,313479,97,313545
5718,0.057212,172.217.194.0-255,66,313545,97,313545
5719,0.0,172.31.47.0-255,66,66,97,66
5720,0.0,74.125.24.0-255,66,66,97,132
5721,0.032925,172.31.47.0-255,66,132,97,132
5722,0.0,74.125.24.0-255,153,153,97,118894
5723,2.4e-05,172.31.47.0-255,66,219,97,118894
5724,3e-05,74.125.24.0-255,1484,1703,97,118894
5725,3.3e-05,172.31.47.0-255,66,1769,97,118894
5726,4.4e-05,74.125.24.0-255,2902,4671,97,118894
5727,4.7e-05,172.31.47.0-255,66,4737,97,118894
5728,7.9e-05,74.125.24.0-255,7156,11893,97,118894
5729,8.2e-05,172.31.47.0-255,66,11959,97,118894
5730,0.000161,74.125.24.0-255,2068,14027,97,118894
5731,0.000165,172.31.47.0-255,66,14093,97,118894
5732,0.000192,74.125.24.0-255,1484,15577,97,118894
5733,0.000194,172.31.47.0-255,66,15643,97,118894
5734,0.000219,74.125.24.0-255,1484,17127,97,118894
5735,0.000222,172.31.47.0-255,66,17193,97,118894
5736,0.000228,74.125.24.0-255,7156,24349,97,118894
5737,0.000231,172.31.47.0-255,66,24415,97,118894
5738,0.000304,74.125.24.0-255,4320,28735,97,118894
5739,0.000309,172.31.47.0-255,66,28801,97,118894
5740,0.000324,74.125.24.0-255,2543,31344,97,118894
5741,0.000327,172.31.47.0-255,66,31410,97,118894
5742,0.000387,74.125.24.0-255,2902,34312,97,118894
5743,0.00039,172.31.47.0-255,66,34378,97,118894
5744,0.000432,74.125.24.0-255,2902,37280,97,118894
5745,0.000435,172.31.47.0-255,66,37346,97,118894
5746,0.000472,172.31.47.0-255,66,37412,97,118894
5747,0.000569,74.125.24.0-255,2543,39955,97,118894
5748,0.000572,172.31.47.0-255,66,40021,97,118894
5749,0.000641,172.31.47.0-255,66,40087,97,118894
5750,0.000825,74.125.24.0-255,7156,47243,97,118894
5751,0.00083,172.31.47.0-255,66,47309,97,118894
5752,0.000867,172.31.47.0-255,66,47375,97,118894
5753,0.001077,74.125.24.0-255,7156,54531,97,118894
5754,0.001081,172.31.47.0-255,66,54597,97,118894
5755,0.001108,74.125.24.0-255,6797,61394,97,118894
5756,0.001111,172.31.47.0-255,66,61460,97,118894
5757,0.001268,172.31.47.0-255,66,61526,97,118894
5758,0.001291,74.125.24.0-255,1484,63010,97,118894
5759,0.001454,172.31.47.0-255,66,63076,97,118894
5760,0.001493,172.31.47.0-255,66,63142,97,118894
5761,0.001834,172.31.47.0-255,66,63208,97,118894
5762,0.001865,74.125.24.0-255,7156,70364,97,118894
5763,0.001867,172.31.47.0-255,66,70430,97,118894
5764,0.002012,74.125.24.0-255,2902,73332,97,118894
5765,0.002015,172.31.47.0-255,66,73398,97,118894
5766,0.00204,74.125.24.0-255,3602,77000,97,118894
5767,0.002042,172.31.47.0-255,66,77066,97,118894
5768,0.002095,74.125.24.0-255,4320,81386,97,118894
5769,0.002098,172.31.47.0-255,66,81452,97,118894
5770,0.002136,172.31.47.0-255,66,81518,97,118894
5771,0.002407,74.125.24.0-255,5738,87256,97,118894
5772,0.002411,172.31.47.0-255,66,87322,97,118894
5773,0.002461,172.31.47.0-255,66,87388,97,118894
5774,0.002499,172.31.47.0-255,66,87454,97,118894
5775,0.003061,74.125.24.0-255,7156,94610,97,118894
5776,0.003065,172.31.47.0-255,66,94676,97,118894
5777,0.003112,172.31.47.0-255,66,94742,97,118894
5778,0.003371,74.125.24.0-255,5738,100480,97,118894
5779,0.003375,172.31.47.0-255,66,100546,97,118894
5780,0.003425,172.31.47.0-255,66,100612,97,118894
5781,0.003804,172.31.47.0-255,66,100678,97,118894
5782,0.003896,74.125.24.0-255,1484,102162,97,118894
5783,0.003932,172.31.47.0-255,66,102228,97,118894
5784,0.003978,172.31.47.0-255,66,102294,97,118894
5785,0.004231,74.125.24.0-255,7156,109450,97,118894
5786,0.004235,172.31.47.0-255,66,109516,97,118894
5787,0.004312,172.31.47.0-255,66,109582,97,118894
5788,0.004355,172.31.47.0-255,66,109648,97,118894
5789,0.004838,74.125.24.0-255,4721,114369,97,118894
5790,0.004845,172.31.47.0-255,66,114435,97,118894
5791,0.005149,172.31.47.0-255,105,114540,97,118894
5792,0.007412,74.125.24.0-255,66,114606,97,118894
5793,0.030832,172.31.47.0-255,172,114778,97,118894
5794,0.03087,172.31.47.0-255,1106,115884,97,118894
5795,0.030933,172.31.47.0-255,1514,117398,97,118894
5796,0.030935,172.31.47.0-255,1298,118696,97,118894
5797,0.032371,104.244.42.0-255,66,118762,97,118894
5798,0.032379,104.244.42.0-255,66,118828,97,118894
5799,0.032463,104.244.42.0-255,66,118894,97,118894
5800,0.0,172.31.47.0-255,105,105,97,276
5801,0.002181,157.240.13.0-255,105,210,97,276
5802,0.002192,172.31.47.0-255,66,276,97,276
5803,0.0,172.31.47.0-255,105,105,97,276
5804,0.001874,157.240.13.0-255,105,210,97,276
5805,0.001886,172.31.47.0-255,66,276,97,276
5806,0.0,172.31.47.0-255,66,66,97,66
5807,0.0,172.31.47.0-255,66,66,97,66
5808,0.0,74.125.24.0-255,143,143,97,173563
5809,2.3e-05,172.31.47.0-255,66,209,97,173563
5810,3e-05,74.125.24.0-255,1484,1693,97,173563
5811,3.3e-05,172.31.47.0-255,66,1759,97,173563
5812,3.9e-05,74.125.24.0-255,2902,4661,97,173563
5813,4.3e-05,172.31.47.0-255,66,4727,97,173563
5814,4.8e-05,74.125.24.0-255,4320,9047,97,173563
5815,5e-05,172.31.47.0-255,66,9113,97,173563
5816,7.1e-05,74.125.24.0-255,2902,12015,97,173563
5817,7.4e-05,172.31.47.0-255,66,12081,97,173563
5818,7.7e-05,74.125.24.0-255,1484,13565,97,173563
5819,8e-05,172.31.47.0-255,66,13631,97,173563
5820,0.000128,172.31.47.0-255,66,13697,97,173563
5821,0.000135,74.125.24.0-255,5379,19076,97,173563
5822,0.000138,172.31.47.0-255,66,19142,97,173563
5823,0.000189,74.125.24.0-255,1484,20626,97,173563
5824,0.000192,172.31.47.0-255,66,20692,97,173563
5825,0.000195,74.125.24.0-255,1484,22176,97,173563
5826,0.000198,172.31.47.0-255,66,22242,97,173563
5827,0.000216,74.125.24.0-255,1484,23726,97,173563
5828,0.000219,172.31.47.0-255,66,23792,97,173563
5829,0.000226,74.125.24.0-255,5738,29530,97,173563
5830,0.000229,172.31.47.0-255,66,29596,97,173563
5831,0.000232,74.125.24.0-255,1484,31080,97,173563
5832,0.000235,172.31.47.0-255,66,31146,97,173563
5833,0.000281,172.31.47.0-255,66,31212,97,173563
5834,0.000295,172.31.47.0-255,66,31278,97,173563
5835,0.000341,172.31.47.0-255,66,31344,97,173563
5836,0.000383,74.125.24.0-255,4320,35664,97,173563
5837,0.000412,74.125.24.0-255,820,36484,97,173563
5838,0.000585,172.31.47.0-255,66,36550,97,173563
5839,0.000668,74.125.24.0-255,1484,38034,97,173563
5840,0.000674,74.125.24.0-255,2902,40936,97,173563
5841,0.000685,172.31.47.0-255,66,41002,97,173563
5842,0.000691,74.125.24.0-255,5738,46740,97,173563
5843,0.000723,74.125.24.0-255,5738,52478,97,173563
5844,0.000755,74.125.24.0-255,7156,59634,97,173563
5845,0.000779,172.31.47.0-255,66,59700,97,173563
5846,0.001331,74.125.24.0-255,1484,61184,97,173563
5847,0.001337,74.125.24.0-255,2902,64086,97,173563
5848,0.00138,74.125.24.0-255,5738,69824,97,173563
5849,0.001393,74.125.24.0-255,2902,72726,97,173563
5850,0.001408,74.125.24.0-255,4320,77046,97,173563
5851,0.00144,74.125.24.0-255,2902,79948,97,173563
5852,0.001455,74.125.24.0-255,766,80714,97,173563
5853,0.001584,74.125.24.0-255,1484,82198,97,173563
5854,0.001592,74.125.24.0-255,1484,83682,97,173563
5855,0.001603,74.125.24.0-255,1484,85166,97,173563
5856,0.001612,74.125.24.0-255,2902,88068,97,173563
5857,0.001625,74.125.24.0-255,2902,90970,97,173563
5858,0.001629,74.125.24.0-255,2902,93872,97,173563
5859,0.001658,74.125.24.0-255,4320,98192,97,173563
5860,0.00167,74.125.24.0-255,1484,99676,97,173563
5861,0.001699,74.125.24.0-255,2902,102578,97,173563
5862,0.001733,74.125.24.0-255,3602,106180,97,173563
5863,0.001752,74.125.24.0-255,1484,107664,97,173563
5864,0.001784,74.125.24.0-255,1484,109148,97,173563
5865,0.00182,74.125.24.0-255,4320,113468,97,173563
5866,0.001822,74.125.24.0-255,1484,114952,97,173563
5867,0.001877,74.125.24.0-255,2902,117854,97,173563
5868,0.00194,74.125.24.0-255,5738,123592,97,173563
5869,0.001986,74.125.24.0-255,6438,130030,97,173563
5870,0.001991,74.125.24.0-255,7156,137186,97,173563
5871,0.002041,74.125.24.0-255,2902,140088,97,173563
5872,0.002062,74.125.24.0-255,1484,141572,97,173563
5873,0.002106,74.125.24.0-255,1484,143056,97,173563
5874,0.002139,74.125.24.0-255,3602,146658,97,173563
5875,0.002159,74.125.24.0-255,4320,150978,97,173563
5876,0.002181,74.125.24.0-255,7156,158134,97,173563
5877,0.002214,74.125.24.0-255,4320,162454,97,173563
5878,0.002224,74.125.24.0-255,2902,165356,97,173563
5879,0.002243,74.125.24.0-255,806,166162,97,173563
5880,0.002271,74.125.24.0-255,105,166267,97,173563
5881,0.006324,172.31.47.0-255,66,166333,97,173563
5882,0.009218,172.31.47.0-255,105,166438,97,173563
5883,0.011626,74.125.24.0-255,66,166504,97,173563
5884,0.031912,172.31.47.0-255,172,166676,97,173563
5885,0.031969,172.31.47.0-255,1107,167783,97,173563
5886,0.032035,172.31.47.0-255,1514,169297,97,173563
5887,0.032037,172.31.47.0-255,1514,170811,97,173563
5888,0.032038,172.31.47.0-255,1514,172325,97,173563
5889,0.032064,172.31.47.0-255,974,173299,97,173563
5890,0.033559,104.244.42.0-255,66,173365,97,173563
5891,0.033653,104.244.42.0-255,66,173431,97,173563
5892,0.033692,104.244.42.0-255,66,173497,97,173563
5893,0.033695,104.244.42.0-255,66,173563,97,173563
5894,0.0,172.31.47.0-255,66,66,97,66
5895,0.0,74.125.24.0-255,152,152,97,352573
5896,1.7e-05,172.31.47.0-255,66,218,97,352573
5897,2.4e-05,74.125.24.0-255,1484,1702,97,352573
5898,2.8e-05,172.31.47.0-255,66,1768,97,352573
5899,3.3e-05,74.125.24.0-255,2902,4670,97,352573
5900,4.3e-05,172.31.47.0-255,66,4736,97,352573
5901,8.3e-05,74.125.24.0-255,7156,11892,97,352573
5902,8.7e-05,172.31.47.0-255,66,11958,97,352573
5903,0.000111,74.125.24.0-255,2108,14066,97,352573
5904,0.000114,172.31.47.0-255,66,14132,97,352573
5905,0.000354,74.125.24.0-255,1484,15616,97,352573
5906,0.000359,172.31.47.0-255,66,15682,97,352573
5907,0.000365,74.125.24.0-255,2902,18584,97,352573
5908,0.000368,172.31.47.0-255,66,18650,97,352573
5909,0.000402,74.125.24.0-255,5738,24388,97,352573
5910,0.000405,172.31.47.0-255,66,24454,97,352573
5911,0.000448,74.125.24.0-255,6797,31251,97,352573
5912,0.000451,172.31.47.0-255,66,31317,97,352573
5913,0.000491,74.125.24.0-255,1484,32801,97,352573
5914,0.000494,172.31.47.0-255,66,32867,97,352573
5915,0.0005,74.125.24.0-255,2902,35769,97,352573
5916,0.000502,172.31.47.0-255,66,35835,97,352573
5917,0.000506,74.125.24.0-255,1484,37319,97,352573
5918,0.000513,172.31.47.0-255,66,37385,97,352573
5919,0.000542,74.125.24.0-255,4320,41705,97,352573
5920,0.000549,172.31.47.0-255,66,41771,97,352573
5921,0.000556,74.125.24.0-255,6797,48568,97,352573
5922,0.000559,172.31.47.0-255,66,48634,97,352573
5923,0.000702,74.125.24.0-255,1484,50118,97,352573
5924,0.000706,172.31.47.0-255,66,50184,97,352573
5925,0.000712,74.125.24.0-255,2902,53086,97,352573
5926,0.000714,172.31.47.0-255,66,53152,97,352573
5927,0.000743,74.125.24.0-255,5738,58890,97,352573
5928,0.00075,172.31.47.0-255,66,58956,97,352573
5929,0.000779,74.125.24.0-255,6797,65753,97,352573
5930,0.000798,172.31.47.0-255,66,65819,97,352573
5931,0.00089,74.125.24.0-255,1484,67303,97,352573
5932,0.000895,74.125.24.0-255,1484,68787,97,352573
5933,0.000897,172.31.47.0-255,66,68853,97,352573
5934,0.000922,74.125.24.0-255,1484,70337,97,352573
5935,0.000928,74.125.24.0-255,5738,76075,97,352573
5936,0.000934,74.125.24.0-255,5738,81813,97,352573
5937,0.000952,172.31.47.0-255,66,81879,97,352573
5938,0.000979,74.125.24.0-255,4320,86199,97,352573
5939,0.000993,74.125.24.0-255,6797,92996,97,352573
5940,0.001018,74.125.24.0-255,4320,97316,97,352573
5941,0.001027,172.31.47.0-255,66,97382,97,352573
5942,0.001057,74.125.24.0-255,7156,104538,97,352573
5943,0.001064,74.125.24.0-255,5738,110276,97,352573
5944,0.001078,74.125.24.0-255,4320,114596,97,352573
5945,0.001091,74.125.24.0-255,2069,116665,97,352573
5946,0.001094,172.31.47.0-255,66,116731,97,352573
5947,0.001099,172.31.47.0-255,66,116797,97,352573
5948,0.001134,74.125.24.0-255,1484,118281,97,352573
5949,0.001139,74.125.24.0-255,2902,121183,97,352573
5950,0.001165,74.125.24.0-255,5738,126921,97,352573
5951,0.001188,74.125.24.0-255,5738,132659,97,352573
5952,0.001194,172.31.47.0-255,66,132725,97,352573
5953,0.001232,74.125.24.0-255,1819,134544,97,352573
5954,0.001237,172.31.47.0-255,66,134610,97,352573
5955,0.001326,74.125.24.0-255,1484,136094,97,352573
5956,0.001343,74.125.24.0-255,2902,138996,97,352573
5957,0.001357,74.125.24.0-255,1484,140480,97,352573
5958,0.001374,74.125.24.0-255,4320,144800,97,352573
5959,0.0014,74.125.24.0-255,1484,146284,97,352573
5960,0.001419,74.125.24.0-255,2902,149186,97,352573
5961,0.001433,74.125.24.0-255,4320,153506,97,352573
5962,0.001455,74.125.24.0-255,5738,159244,97,352573
5963,0.001482,74.125.24.0-255,2902,162146,97,352573
5964,0.001506,74.125.24.0-255,6438,168584,97,352573
5965,0.001563,74.125.24.0-255,1484,170068,97,352573
5966,0.001581,74.125.24.0-255,2902,172970,97,352573
5967,0.001588,74.125.24.0-255,5738,178708,97,352573
5968,0.001637,74.125.24.0-255,2902,181610,97,352573
5969,0.00166,74.125.24.0-255,7156,188766,97,352573
5970,0.001679,74.125.24.0-255,2902,191668,97,352573
5971,0.001693,74.125.24.0-255,2902,194570,97,352573
5972,0.001865,74.125.24.0-255,1484,196054,97,352573
5973,0.001889,74.125.24.0-255,2902,198956,97,352573
5974,0.001895,74.125.24.0-255,4320,203276,97,352573
5975,0.001938,74.125.24.0-255,2902,206178,97,352573
5976,0.001952,74.125.24.0-255,5738,211916,97,352573
5977,0.001991,74.125.24.0-255,5738,217654,97,352573
5978,0.002004,74.125.24.0-255,4320,221974,97,352573
5979,0.002011,74.125.24.0-255,6438,228412,97,352573
5980,0.006451,172.31.47.0-255,66,228478,97,352573
5981,0.008545,74.125.24.0-255,5738,234216,97,352573
5982,0.008556,172.31.47.0-255,66,234282,97,352573
5983,0.010617,74.125.24.0-255,5738,240020,97,352573
5984,0.010625,172.31.47.0-255,66,240086,97,352573
5985,0.012699,74.125.24.0-255,5738,245824,97,352573
5986,0.012709,172.31.47.0-255,66,245890,97,352573
5987,0.014796,74.125.24.0-255,5738,251628,97,352573
5988,0.01481,172.31.47.0-255,66,251694,97,352573
5989,0.016994,74.125.24.0-255,5738,257432,97,352573
5990,0.017002,172.31.47.0-255,66,257498,97,352573
5991,0.019067,74.125.24.0-255,5738,263236,97,352573
5992,0.019076,172.31.47.0-255,66,263302,97,352573
5993,0.021155,74.125.24.0-255,5738,269040,97,352573
5994,0.021166,172.31.47.0-255,66,269106,97,352573
5995,0.02323,74.125.24.0-255,5738,274844,97,352573
5996,0.023243,172.31.47.0-255,66,274910,97,352573
5997,0.025342,74.125.24.0-255,5738,280648,97,352573
5998,0.025356,172.31.47.0-255,66,280714,97,352573
5999,0.02745,74.125.24.0-255,5738,286452,97,352573
6000,0.027461,172.31.47.0-255,66,286518,97,352573
6001,0.029538,74.125.24.0-255,4320,290838,97,352573
6002,0.029548,172.31.47.0-255,66,290904,97,352573
6003,0.029575,74.125.24.0-255,1484,292388,97,352573
6004,0.031611,74.125.24.0-255,2902,295290,97,352573
6005,0.031618,172.31.47.0-255,66,295356,97,352573
6006,0.033694,74.125.24.0-255,5738,301094,97,352573
6007,0.033707,172.31.47.0-255,66,301160,97,352573
6008,0.035814,74.125.24.0-255,5738,306898,97,352573
6009,0.035823,172.31.47.0-255,66,306964,97,352573
6010,0.037897,74.125.24.0-255,5738,312702,97,352573
6011,0.037915,172.31.47.0-255,66,312768,97,352573
6012,0.039981,74.125.24.0-255,2902,315670,97,352573
6013,0.039992,172.31.47.0-255,66,315736,97,352573
6014,0.040026,74.125.24.0-255,2902,318638,97,352573
6015,0.04003,172.31.47.0-255,66,318704,97,352573
6016,0.042044,74.125.24.0-255,2902,321606,97,352573
6017,0.042054,172.31.47.0-255,66,321672,97,352573
6018,0.042101,74.125.24.0-255,2902,324574,97,352573
6019,0.042105,172.31.47.0-255,66,324640,97,352573
6020,0.044107,74.125.24.0-255,2902,327542,97,352573
6021,0.044118,172.31.47.0-255,66,327608,97,352573
6022,0.044171,74.125.24.0-255,2902,330510,97,352573
6023,0.044174,172.31.47.0-255,66,330576,97,352573
6024,0.046167,74.125.24.0-255,2902,333478,97,352573
6025,0.046176,172.31.47.0-255,66,333544,97,352573
6026,0.046245,74.125.24.0-255,1484,335028,97,352573
6027,0.046263,74.125.24.0-255,1484,336512,97,352573
6028,0.046267,172.31.47.0-255,66,336578,97,352573
6029,0.046934,172.31.47.0-255,167,336745,97,352573
6030,0.046966,172.31.47.0-255,1111,337856,97,352573
6031,0.04703,172.31.47.0-255,1514,339370,97,352573
6032,0.047032,172.31.47.0-255,1293,340663,97,352573
6033,0.048256,74.125.24.0-255,2902,343565,97,352573
6034,0.048265,172.31.47.0-255,66,343631,97,352573
6035,0.048314,74.125.24.0-255,2902,346533,97,352573
6036,0.048317,172.31.47.0-255,66,346599,97,352573
6037,0.048488,104.244.42.0-255,66,346665,97,352573
6038,0.048515,104.244.42.0-255,66,346731,97,352573
6039,0.04858,104.244.42.0-255,66,346797,97,352573
6040,0.050349,74.125.24.0-255,2902,349699,97,352573
6041,0.05036,172.31.47.0-255,66,349765,97,352573
6042,0.050401,74.125.24.0-255,2571,352336,97,352573
6043,0.050404,172.31.47.0-255,66,352402,97,352573
6044,0.050665,172.31.47.0-255,105,352507,97,352573
6045,0.052699,74.125.24.0-255,66,352573,97,352573
6046,0.0,172.217.194.0-255,150,150,97,335726
6047,2.2e-05,172.31.47.0-255,66,216,97,335726
6048,2.9e-05,172.217.194.0-255,1484,1700,97,335726
6049,3.3e-05,172.31.47.0-255,66,1766,97,335726
6050,3.8e-05,172.217.194.0-255,2902,4668,97,335726
6051,4e-05,172.31.47.0-255,66,4734,97,335726
6052,5.4e-05,172.217.194.0-255,5738,10472,97,335726
6053,5.6e-05,172.31.47.0-255,66,10538,97,335726
6054,8.5e-05,172.217.194.0-255,3493,14031,97,335726
6055,8.8e-05,172.31.47.0-255,66,14097,97,335726
6056,9.3e-05,172.217.194.0-255,2902,16999,97,335726
6057,9.5e-05,172.31.47.0-255,66,17065,97,335726
6058,0.000112,172.217.194.0-255,1484,18549,97,335726
6059,0.000114,172.31.47.0-255,66,18615,97,335726
6060,0.000119,172.217.194.0-255,4320,22935,97,335726
6061,0.000121,172.31.47.0-255,66,23001,97,335726
6062,0.000147,172.217.194.0-255,5738,28739,97,335726
6063,0.00015,172.31.47.0-255,66,28805,97,335726
6064,0.000154,172.217.194.0-255,2543,31348,97,335726
6065,0.000156,172.31.47.0-255,66,31414,97,335726
6066,0.000268,172.217.194.0-255,1484,32898,97,335726
6067,0.000273,172.31.47.0-255,66,32964,97,335726
6068,0.000291,172.217.194.0-255,2902,35866,97,335726
6069,0.000293,172.31.47.0-255,66,35932,97,335726
6070,0.000298,172.217.194.0-255,4320,40252,97,335726
6071,0.0003,172.31.47.0-255,66,40318,97,335726
6072,0.000326,172.217.194.0-255,1484,41802,97,335726
6073,0.000329,172.31.47.0-255,66,41868,97,335726
6074,0.000341,172.31.47.0-255,66,41934,97,335726
6075,0.000364,172.217.194.0-255,2543,44477,97,335726
6076,0.000366,172.31.47.0-255,66,44543,97,335726
6077,0.000369,172.217.194.0-255,2902,47445,97,335726
6078,0.000373,172.31.47.0-255,66,47511,97,335726
6079,0.000395,172.217.194.0-255,6797,54308,97,335726
6080,0.000397,172.31.47.0-255,66,54374,97,335726
6081,0.00082,172.217.194.0-255,645,55019,97,335726
6082,0.000937,172.217.194.0-255,1484,56503,97,335726
6083,0.000943,172.31.47.0-255,66,56569,97,335726
6084,0.00095,172.217.194.0-255,2902,59471,97,335726
6085,0.000952,172.31.47.0-255,66,59537,97,335726
6086,0.000964,172.217.194.0-255,5738,65275,97,335726
6087,0.000966,172.31.47.0-255,66,65341,97,335726
6088,0.000969,172.217.194.0-255,1484,66825,97,335726
6089,0.001004,172.31.47.0-255,66,66891,97,335726
6090,0.001016,172.31.47.0-255,66,66957,97,335726
6091,0.001418,172.217.194.0-255,1484,68441,97,335726
6092,0.001425,172.217.194.0-255,2902,71343,97,335726
6093,0.001429,172.31.47.0-255,66,71409,97,335726
6094,0.001432,172.217.194.0-255,1484,72893,97,335726
6095,0.001458,172.217.194.0-255,4320,77213,97,335726
6096,0.001461,172.31.47.0-255,66,77279,97,335726
6097,0.001467,172.217.194.0-255,5738,83017,97,335726
6098,0.001469,172.31.47.0-255,66,83083,97,335726
6099,0.001475,172.217.194.0-255,5738,88821,97,335726
6100,0.001476,172.31.47.0-255,66,88887,97,335726
6101,0.001509,172.217.194.0-255,7156,96043,97,335726
6102,0.001512,172.31.47.0-255,66,96109,97,335726
6103,0.001517,172.217.194.0-255,5020,101129,97,335726
6104,0.001519,172.31.47.0-255,66,101195,97,335726
6105,0.001736,172.217.194.0-255,1484,102679,97,335726
6106,0.001741,172.217.194.0-255,2902,105581,97,335726
6107,0.001744,172.31.47.0-255,66,105647,97,335726
6108,0.001762,172.217.194.0-255,4320,109967,97,335726
6109,0.001764,172.31.47.0-255,66,110033,97,335726
6110,0.001792,172.217.194.0-255,1484,111517,97,335726
6111,0.001806,172.31.47.0-255,66,111583,97,335726
6112,0.00184,172.217.194.0-255,2902,114485,97,335726
6113,0.001842,172.31.47.0-255,66,114551,97,335726
6114,0.001873,172.31.47.0-255,66,114617,97,335726
6115,0.001877,172.217.194.0-255,1484,116101,97,335726
6116,0.001879,172.217.194.0-255,1484,117585,97,335726
6117,0.001881,172.31.47.0-255,66,117651,97,335726
6118,0.001914,172.217.194.0-255,1484,119135,97,335726
6119,0.00192,172.217.194.0-255,5738,124873,97,335726
6120,0.001922,172.31.47.0-255,66,124939,97,335726
6121,0.001927,172.217.194.0-255,5738,130677,97,335726
6122,0.00193,172.31.47.0-255,66,130743,97,335726
6123,0.001974,172.31.47.0-255,66,130809,97,335726
6124,0.001979,172.217.194.0-255,5020,135829,97,335726
6125,0.001981,172.31.47.0-255,66,135895,97,335726
6126,0.004048,172.217.194.0-255,5738,141633,97,335726
6127,0.004053,172.31.47.0-255,66,141699,97,335726
6128,0.006104,172.217.194.0-255,5738,147437,97,335726
6129,0.00611,172.31.47.0-255,66,147503,97,335726
6130,0.008172,172.217.194.0-255,5738,153241,97,335726
6131,0.008181,172.31.47.0-255,66,153307,97,335726
6132,0.010258,172.217.194.0-255,5738,159045,97,335726
6133,0.010266,172.31.47.0-255,66,159111,97,335726
6134,0.01232,172.217.194.0-255,5738,164849,97,335726
6135,0.012327,172.31.47.0-255,66,164915,97,335726
6136,0.014377,172.217.194.0-255,5738,170653,97,335726
6137,0.014385,172.31.47.0-255,66,170719,97,335726
6138,0.016428,172.217.194.0-255,5738,176457,97,335726
6139,0.016435,172.31.47.0-255,66,176523,97,335726
6140,0.018487,172.217.194.0-255,5738,182261,97,335726
6141,0.018493,172.31.47.0-255,66,182327,97,335726
6142,0.02056,172.217.194.0-255,5738,188065,97,335726
6143,0.020568,172.31.47.0-255,66,188131,97,335726
6144,0.022597,172.217.194.0-255,5738,193869,97,335726
6145,0.022605,172.31.47.0-255,66,193935,97,335726
6146,0.024339,172.31.47.0-255,172,194107,97,335726
6147,0.024367,172.31.47.0-255,1107,195214,97,335726
6148,0.024424,172.31.47.0-255,1514,196728,97,335726
6149,0.024426,172.31.47.0-255,1191,197919,97,335726
6150,0.024662,172.217.194.0-255,5738,203657,97,335726
6151,0.024669,172.31.47.0-255,66,203723,97,335726
6152,0.025863,104.244.42.0-255,66,203789,97,335726
6153,0.026005,104.244.42.0-255,66,203855,97,335726
6154,0.026026,104.244.42.0-255,66,203921,97,335726
6155,0.026693,172.217.194.0-255,5738,209659,97,335726
6156,0.026697,172.31.47.0-255,66,209725,97,335726
6157,0.028777,172.217.194.0-255,5738,215463,97,335726
6158,0.028785,172.31.47.0-255,66,215529,97,335726
6159,0.030861,172.217.194.0-255,5738,221267,97,335726
6160,0.030866,172.31.47.0-255,66,221333,97,335726
6161,0.032887,172.217.194.0-255,5738,227071,97,335726
6162,0.032893,172.31.47.0-255,66,227137,97,335726
6163,0.034968,172.217.194.0-255,2902,230039,97,335726
6164,0.034973,172.31.47.0-255,66,230105,97,335726
6165,0.035,172.217.194.0-255,2902,233007,97,335726
6166,0.035003,172.31.47.0-255,66,233073,97,335726
6167,0.03708,172.217.194.0-255,5738,238811,97,335726
6168,0.037087,172.31.47.0-255,66,238877,97,335726
6169,0.039158,172.217.194.0-255,5738,244615,97,335726
6170,0.039166,172.31.47.0-255,66,244681,97,335726
6171,0.041231,172.217.194.0-255,5738,250419,97,335726
6172,0.041239,172.31.47.0-255,66,250485,97,335726
6173,0.043292,172.217.194.0-255,5738,256223,97,335726
6174,0.043298,172.31.47.0-255,66,256289,97,335726
6175,0.04535,172.217.194.0-255,5738,262027,97,335726
6176,0.045355,172.31.47.0-255,66,262093,97,335726
6177,0.047401,172.217.194.0-255,5738,267831,97,335726
6178,0.047406,172.31.47.0-255,66,267897,97,335726
6179,0.049466,172.217.194.0-255,5738,273635,97,335726
6180,0.049474,172.31.47.0-255,66,273701,97,335726
6181,0.051544,172.217.194.0-255,5738,279439,97,335726
6182,0.051552,172.31.47.0-255,66,279505,97,335726
6183,0.053658,172.217.194.0-255,5738,285243,97,335726
6184,0.053664,172.31.47.0-255,66,285309,97,335726
6185,0.055707,172.217.194.0-255,5738,291047,97,335726
6186,0.055714,172.31.47.0-255,66,291113,97,335726
6187,0.057765,172.217.194.0-255,5738,296851,97,335726
6188,0.057771,172.31.47.0-255,66,296917,97,335726
6189,0.059809,172.217.194.0-255,4320,301237,97,335726
6190,0.059815,172.31.47.0-255,66,301303,97,335726
6191,0.059838,172.217.194.0-255,1484,302787,97,335726
6192,0.061884,172.217.194.0-255,4320,307107,97,335726
6193,0.061892,172.31.47.0-255,66,307173,97,335726
6194,0.06397,172.217.194.0-255,5738,312911,97,335726
6195,0.063977,172.31.47.0-255,66,312977,97,335726
6196,0.066012,172.217.194.0-255,5738,318715,97,335726
6197,0.066018,172.31.47.0-255,66,318781,97,335726
6198,0.068063,172.217.194.0-255,5738,324519,97,335726
6199,0.068069,172.31.47.0-255,66,324585,97,335726
6200,0.070144,172.217.194.0-255,5738,330323,97,335726
6201,0.07015,172.31.47.0-255,66,330389,97,335726
6202,0.072219,172.217.194.0-255,4746,335135,97,335726
6203,0.072225,172.31.47.0-255,66,335201,97,335726
6204,0.072363,172.31.47.0-255,105,335306,97,335726
6205,0.072651,172.31.47.0-255,90,335396,97,335726
6206,0.072661,172.31.47.0-255,66,335462,97,335726
6207,0.074371,172.217.194.0-255,66,335528,97,335726
6208,0.074666,172.217.194.0-255,66,335594,97,335726
6209,0.074681,172.217.194.0-255,66,335660,97,335726
6210,0.074686,172.31.47.0-255,66,335726,97,335726
6211,0.0,172.31.47.0-255,105,105,97,618
6212,2.7e-05,172.31.47.0-255,105,210,97,618
6213,0.001861,157.240.13.0-255,66,276,97,618
6214,0.001902,157.240.13.0-255,105,381,97,618
6215,0.001906,172.31.47.0-255,66,447,97,618
6216,0.068994,31.13.82.0-255,105,552,97,618
6217,0.069009,172.31.47.0-255,66,618,97,618
6218,0.0,74.125.130.0-255,431,431,97,170617
6219,4.5e-05,74.125.130.0-255,1484,1915,97,170617
6220,5.5e-05,172.31.47.0-255,66,1981,97,170617
6221,7.1e-05,74.125.130.0-255,2902,4883,97,170617
6222,7.4e-05,172.31.47.0-255,66,4949,97,170617
6223,8.2e-05,74.125.130.0-255,1484,6433,97,170617
6224,9.7e-05,74.125.130.0-255,2902,9335,97,170617
6225,9.9e-05,172.31.47.0-255,66,9401,97,170617
6226,0.000234,74.125.130.0-255,2902,12303,97,170617
6227,0.000239,172.31.47.0-255,66,12369,97,170617
6228,0.000343,74.125.130.0-255,3537,15906,97,170617
6229,0.000348,172.31.47.0-255,66,15972,97,170617
6230,0.000529,74.125.130.0-255,7156,23128,97,170617
6231,0.000535,172.31.47.0-255,66,23194,97,170617
6232,0.000562,74.125.130.0-255,1484,24678,97,170617
6233,0.000904,74.125.130.0-255,1484,26162,97,170617
6234,0.000909,172.31.47.0-255,66,26228,97,170617
6235,0.001004,74.125.130.0-255,4144,30372,97,170617
6236,0.001036,172.31.47.0-255,66,30438,97,170617
6237,0.00276,74.125.130.0-255,4320,34758,97,170617
6238,0.002776,74.125.130.0-255,1484,36242,97,170617
6239,0.002879,74.125.130.0-255,2902,39144,97,170617
6240,0.002893,74.125.130.0-255,5738,44882,97,170617
6241,0.003279,74.125.130.0-255,2902,47784,97,170617
6242,0.003303,74.125.130.0-255,2902,50686,97,170617
6243,0.003944,74.125.130.0-255,4320,55006,97,170617
6244,0.004643,74.125.130.0-255,5738,60744,97,170617
6245,0.005218,74.125.130.0-255,2902,63646,97,170617
6246,0.005235,74.125.130.0-255,2902,66548,97,170617
6247,0.005577,172.31.47.0-255,66,66614,97,170617
6248,0.005862,172.31.47.0-255,66,66680,97,170617
6249,0.006305,172.31.47.0-255,66,66746,97,170617
6250,0.00831,172.31.47.0-255,66,66812,97,170617
6251,0.008375,74.125.130.0-255,3334,70146,97,170617
6252,0.008381,172.31.47.0-255,66,70212,97,170617
6253,0.008582,74.125.130.0-255,7156,77368,97,170617
6254,0.008587,172.31.47.0-255,66,77434,97,170617
6255,0.008618,74.125.130.0-255,3888,81322,97,170617
6256,0.008761,74.125.130.0-255,2902,84224,97,170617
6257,0.008784,74.125.130.0-255,5646,89870,97,170617
6258,0.009002,74.125.130.0-255,4320,94190,97,170617
6259,0.009019,74.125.130.0-255,1576,95766,97,170617
6260,0.009106,74.125.130.0-255,5738,101504,97,170617
6261,0.00947,74.125.130.0-255,7156,108660,97,170617
6262,0.009488,74.125.130.0-255,5738,114398,97,170617
6263,0.009503,74.125.130.0-255,1484,115882,97,170617
6264,0.009857,172.31.47.0-255,66,115948,97,170617
6265,0.011005,74.125.130.0-255,1484,117432,97,170617
6266,0.011041,172.31.47.0-255,66,117498,97,170617
6267,0.011178,74.125.130.0-255,7156,124654,97,170617
6268,0.011182,172.31.47.0-255,66,124720,97,170617
6269,0.011215,74.125.130.0-255,7156,131876,97,170617
6270,0.011219,172.31.47.0-255,66,131942,97,170617
6271,0.011529,74.125.130.0-255,4320,136262,97,170617
6272,0.011534,172.31.47.0-255,66,136328,97,170617
6273,0.011565,172.31.47.0-255,66,136394,97,170617
6274,0.011904,74.125.130.0-255,4320,140714,97,170617
6275,0.011909,172.31.47.0-255,66,140780,97,170617
6276,0.011953,172.31.47.0-255,66,140846,97,170617
6277,0.012575,74.125.130.0-255,5738,146584,97,170617
6278,0.01258,172.31.47.0-255,66,146650,97,170617
6279,0.012618,172.31.47.0-255,66,146716,97,170617
6280,0.012699,74.125.130.0-255,2902,149618,97,170617
6281,0.012703,172.31.47.0-255,66,149684,97,170617
6282,0.012741,172.31.47.0-255,66,149750,97,170617
6283,0.012772,172.31.47.0-255,66,149816,97,170617
6284,0.013268,172.31.47.0-255,66,149882,97,170617
6285,0.013779,74.125.130.0-255,5738,155620,97,170617
6286,0.013785,172.31.47.0-255,66,155686,97,170617
6287,0.013826,172.31.47.0-255,66,155752,97,170617
6288,0.013856,74.125.130.0-255,2096,157848,97,170617
6289,0.013859,172.31.47.0-255,66,157914,97,170617
6290,0.013964,172.31.47.0-255,66,157980,97,170617
6291,0.014022,172.31.47.0-255,66,158046,97,170617
6292,0.014304,172.31.47.0-255,66,158112,97,170617
6293,0.01439,172.31.47.0-255,66,158178,97,170617
6294,0.014686,74.125.130.0-255,4320,162498,97,170617
6295,0.014692,172.31.47.0-255,66,162564,97,170617
6296,0.014743,172.31.47.0-255,66,162630,97,170617
6297,0.014768,74.125.130.0-255,1484,164114,97,170617
6298,0.015102,74.125.130.0-255,1314,165428,97,170617
6299,0.015107,172.31.47.0-255,66,165494,97,170617
6300,0.015381,172.31.47.0-255,105,165599,97,170617
6301,0.018117,74.125.130.0-255,66,165665,97,170617
6302,0.02429,172.31.47.0-255,176,165841,97,170617
6303,0.024341,172.31.47.0-255,1110,166951,97,170617
6304,0.024413,172.31.47.0-255,1514,168465,97,170617
6305,0.024415,172.31.47.0-255,1294,169759,97,170617
6306,0.026047,104.244.42.0-255,66,169825,97,170617
6307,0.026112,104.244.42.0-255,66,169891,97,170617
6308,0.026163,104.244.42.0-255,66,169957,97,170617
6309,0.053442,172.31.47.0-255,105,170062,97,170617
6310,0.053715,172.31.47.0-255,90,170152,97,170617
6311,0.053726,172.31.47.0-255,66,170218,97,170617
6312,0.055021,157.240.13.0-255,105,170323,97,170617
6313,0.05504,172.31.47.0-255,54,170377,97,170617
6314,0.055045,157.240.13.0-255,66,170443,97,170617
6315,0.055048,172.31.47.0-255,54,170497,97,170617
6316,0.055319,157.240.13.0-255,60,170557,97,170617
6317,0.05533,157.240.13.0-255,60,170617,97,170617
6318,0.0,216.58.221.0-255,288,288,97,350113
6319,3.1e-05,172.31.47.0-255,66,354,97,350113
6320,3.7e-05,216.58.221.0-255,1484,1838,97,350113
6321,4.1e-05,172.31.47.0-255,66,1904,97,350113
6322,4.6e-05,216.58.221.0-255,2902,4806,97,350113
6323,4.9e-05,172.31.47.0-255,66,4872,97,350113
6324,5.4e-05,216.58.221.0-255,5738,10610,97,350113
6325,5.7e-05,172.31.47.0-255,66,10676,97,350113
6326,8.3e-05,216.58.221.0-255,3372,14048,97,350113
6327,8.6e-05,172.31.47.0-255,66,14114,97,350113
6328,0.000113,216.58.221.0-255,4320,18434,97,350113
6329,0.000116,172.31.47.0-255,66,18500,97,350113
6330,0.00012,216.58.221.0-255,2902,21402,97,350113
6331,0.000123,172.31.47.0-255,66,21468,97,350113
6332,0.000136,216.58.221.0-255,2902,24370,97,350113
6333,0.000139,172.31.47.0-255,66,24436,97,350113
6334,0.000145,216.58.221.0-255,4320,28756,97,350113
6335,0.000147,172.31.47.0-255,66,28822,97,350113
6336,0.000168,216.58.221.0-255,2543,31365,97,350113
6337,0.000171,172.31.47.0-255,66,31431,97,350113
6338,0.000257,216.58.221.0-255,1484,32915,97,350113
6339,0.00026,172.31.47.0-255,66,32981,97,350113
6340,0.000266,216.58.221.0-255,2902,35883,97,350113
6341,0.00027,172.31.47.0-255,66,35949,97,350113
6342,0.000274,216.58.221.0-255,2902,38851,97,350113
6343,0.000275,172.31.47.0-255,66,38917,97,350113
6344,0.00028,216.58.221.0-255,4320,43237,97,350113
6345,0.000283,172.31.47.0-255,66,43303,97,350113
6346,0.000319,172.31.47.0-255,66,43369,97,350113
6347,0.000322,216.58.221.0-255,1484,44853,97,350113
6348,0.000324,172.31.47.0-255,66,44919,97,350113
6349,0.00034,216.58.221.0-255,2902,47821,97,350113
6350,0.000343,172.31.47.0-255,66,47887,97,350113
6351,0.000361,216.58.221.0-255,7156,55043,97,350113
6352,0.000364,172.31.47.0-255,66,55109,97,350113
6353,0.000385,216.58.221.0-255,1125,56234,97,350113
6354,0.000388,216.58.221.0-255,394,56628,97,350113
6355,0.000824,172.31.47.0-255,66,56694,97,350113
6356,0.001735,216.58.221.0-255,113,56807,97,350113
6357,0.001951,216.58.221.0-255,1484,58291,97,350113
6358,0.001957,172.31.47.0-255,66,58357,97,350113
6359,0.001963,216.58.221.0-255,2902,61259,97,350113
6360,0.001965,172.31.47.0-255,66,61325,97,350113
6361,0.001968,216.58.221.0-255,1484,62809,97,350113
6362,0.001982,216.58.221.0-255,2902,65711,97,350113
6363,0.001984,172.31.47.0-255,66,65777,97,350113
6364,0.001999,216.58.221.0-255,1484,67261,97,350113
6365,0.002004,216.58.221.0-255,5738,72999,97,350113
6366,0.002006,172.31.47.0-255,66,73065,97,350113
6367,0.002009,216.58.221.0-255,1484,74549,97,350113
6368,0.002032,216.58.221.0-255,5379,79928,97,350113
6369,0.002034,172.31.47.0-255,66,79994,97,350113
6370,0.002037,216.58.221.0-255,1484,81478,97,350113
6371,0.002061,172.31.47.0-255,66,81544,97,350113
6372,0.004112,216.58.221.0-255,5738,87282,97,350113
6373,0.004119,172.31.47.0-255,66,87348,97,350113
6374,0.006185,216.58.221.0-255,5738,93086,97,350113
6375,0.00619,172.31.47.0-255,66,93152,97,350113
6376,0.008253,216.58.221.0-255,5738,98890,97,350113
6377,0.00826,172.31.47.0-255,66,98956,97,350113
6378,0.010322,216.58.221.0-255,5738,104694,97,350113
6379,0.01033,172.31.47.0-255,66,104760,97,350113
6380,0.012388,216.58.221.0-255,5738,110498,97,350113
6381,0.012396,172.31.47.0-255,66,110564,97,350113
6382,0.014465,216.58.221.0-255,5738,116302,97,350113
6383,0.014478,172.31.47.0-255,66,116368,97,350113
6384,0.016575,216.58.221.0-255,5738,122106,97,350113
6385,0.016584,172.31.47.0-255,66,122172,97,350113
6386,0.01864,216.58.221.0-255,4320,126492,97,350113
6387,0.018648,172.31.47.0-255,66,126558,97,350113
6388,0.018701,216.58.221.0-255,1484,128042,97,350113
6389,0.020711,216.58.221.0-255,4320,132362,97,350113
6390,0.020723,172.31.47.0-255,66,132428,97,350113
6391,0.02279,216.58.221.0-255,5738,138166,97,350113
6392,0.022802,172.31.47.0-255,66,138232,97,350113
6393,0.024866,216.58.221.0-255,5738,143970,97,350113
6394,0.024873,172.31.47.0-255,66,144036,97,350113
6395,0.02626,172.31.47.0-255,172,144208,97,350113
6396,0.026287,172.31.47.0-255,1110,145318,97,350113
6397,0.026318,172.31.47.0-255,1514,146832,97,350113
6398,0.026319,172.31.47.0-255,1514,148346,97,350113
6399,0.026341,172.31.47.0-255,703,149049,97,350113
6400,0.026963,216.58.221.0-255,2902,151951,97,350113
6401,0.02697,172.31.47.0-255,66,152017,97,350113
6402,0.026999,216.58.221.0-255,2902,154919,97,350113
6403,0.027002,172.31.47.0-255,66,154985,97,350113
6404,0.027918,104.244.42.0-255,66,155051,97,350113
6405,0.027983,104.244.42.0-255,66,155117,97,350113
6406,0.028036,104.244.42.0-255,66,155183,97,350113
6407,0.028039,104.244.42.0-255,66,155249,97,350113
6408,0.02903,216.58.221.0-255,2902,158151,97,350113
6409,0.029037,172.31.47.0-255,66,158217,97,350113
6410,0.029056,216.58.221.0-255,2902,161119,97,350113
6411,0.029059,172.31.47.0-255,66,161185,97,350113
6412,0.03108,216.58.221.0-255,2902,164087,97,350113
6413,0.031087,172.31.47.0-255,66,164153,97,350113
6414,0.031118,216.58.221.0-255,2902,167055,97,350113
6415,0.03112,172.31.47.0-255,66,167121,97,350113
6416,0.03313,216.58.221.0-255,2902,170023,97,350113
6417,0.033135,172.31.47.0-255,66,170089,97,350113
6418,0.033169,216.58.221.0-255,2902,172991,97,350113
6419,0.033172,172.31.47.0-255,66,173057,97,350113
6420,0.035184,216.58.221.0-255,2902,175959,97,350113
6421,0.035189,172.31.47.0-255,66,176025,97,350113
6422,0.03522,216.58.221.0-255,2902,178927,97,350113
6423,0.035222,172.31.47.0-255,66,178993,97,350113
6424,0.037242,216.58.221.0-255,2902,181895,97,350113
6425,0.037247,172.31.47.0-255,66,181961,97,350113
6426,0.037277,216.58.221.0-255,2902,184863,97,350113
6427,0.03728,172.31.47.0-255,66,184929,97,350113
6428,0.039308,216.58.221.0-255,2902,187831,97,350113
6429,0.039313,172.31.47.0-255,66,187897,97,350113
6430,0.039344,216.58.221.0-255,2902,190799,97,350113
6431,0.039347,172.31.47.0-255,66,190865,97,350113
6432,0.041373,216.58.221.0-255,2902,193767,97,350113
6433,0.041382,172.31.47.0-255,66,193833,97,350113
6434,0.041414,216.58.221.0-255,2902,196735,97,350113
6435,0.041416,172.31.47.0-255,66,196801,97,350113
6436,0.043428,216.58.221.0-255,2902,199703,97,350113
6437,0.043434,172.31.47.0-255,66,199769,97,350113
6438,0.043459,216.58.221.0-255,2902,202671,97,350113
6439,0.043462,172.31.47.0-255,66,202737,97,350113
6440,0.045507,216.58.221.0-255,5738,208475,97,350113
6441,0.045514,172.31.47.0-255,66,208541,97,350113
6442,0.047587,216.58.221.0-255,5738,214279,97,350113
6443,0.047594,172.31.47.0-255,66,214345,97,350113
6444,0.04965,216.58.221.0-255,4320,218665,97,350113
6445,0.049655,172.31.47.0-255,66,218731,97,350113
6446,0.049682,216.58.221.0-255,1484,220215,97,350113
6447,0.051715,216.58.221.0-255,2902,223117,97,350113
6448,0.051722,172.31.47.0-255,66,223183,97,350113
6449,0.051742,216.58.221.0-255,1484,224667,97,350113
6450,0.05379,216.58.221.0-255,4320,228987,97,350113
6451,0.053797,172.31.47.0-255,66,229053,97,350113
6452,0.055876,216.58.221.0-255,5738,234791,97,350113
6453,0.055883,172.31.47.0-255,66,234857,97,350113
6454,0.057934,216.58.221.0-255,1484,236341,97,350113
6455,0.057962,216.58.221.0-255,4320,240661,97,350113
6456,0.057966,172.31.47.0-255,66,240727,97,350113
6457,0.060019,216.58.221.0-255,1484,242211,97,350113
6458,0.060045,216.58.221.0-255,4320,246531,97,350113
6459,0.060048,172.31.47.0-255,66,246597,97,350113
6460,0.062103,216.58.221.0-255,5738,252335,97,350113
6461,0.062109,172.31.47.0-255,66,252401,97,350113
6462,0.064185,216.58.221.0-255,4320,256721,97,350113
6463,0.06419,172.31.47.0-255,66,256787,97,350113
6464,0.064219,216.58.221.0-255,1484,258271,97,350113
6465,0.066251,216.58.221.0-255,4320,262591,97,350113
6466,0.066256,172.31.47.0-255,66,262657,97,350113
6467,0.068314,216.58.221.0-255,4320,266977,97,350113
6468,0.06832,172.31.47.0-255,66,267043,97,350113
6469,0.068357,216.58.221.0-255,1484,268527,97,350113
6470,0.070395,216.58.221.0-255,4320,272847,97,350113
6471,0.0704,172.31.47.0-255,66,272913,97,350113
6472,0.072465,216.58.221.0-255,5738,278651,97,350113
6473,0.072472,172.31.47.0-255,66,278717,97,350113
6474,0.07454,216.58.221.0-255,4320,283037,97,350113
6475,0.074548,172.31.47.0-255,66,283103,97,350113
6476,0.074568,216.58.221.0-255,1484,284587,97,350113
6477,0.076608,216.58.221.0-255,4320,288907,97,350113
6478,0.076614,172.31.47.0-255,66,288973,97,350113
6479,0.07869,216.58.221.0-255,5738,294711,97,350113
6480,0.078695,172.31.47.0-255,66,294777,97,350113
6481,0.080758,216.58.221.0-255,5738,300515,97,350113
6482,0.080764,172.31.47.0-255,66,300581,97,350113
6483,0.082822,216.58.221.0-255,4320,304901,97,350113
6484,0.082827,172.31.47.0-255,66,304967,97,350113
6485,0.082854,216.58.221.0-255,1484,306451,97,350113
6486,0.084901,216.58.221.0-255,4320,310771,97,350113
6487,0.084905,172.31.47.0-255,66,310837,97,350113
6488,0.08698,216.58.221.0-255,5738,316575,97,350113
6489,0.086985,172.31.47.0-255,66,316641,97,350113
6490,0.089043,216.58.221.0-255,5738,322379,97,350113
6491,0.08905,172.31.47.0-255,66,322445,97,350113
6492,0.091101,216.58.221.0-255,4320,326765,97,350113
6493,0.091106,172.31.47.0-255,66,326831,97,350113
6494,0.091134,216.58.221.0-255,1484,328315,97,350113
6495,0.093158,216.58.221.0-255,4320,332635,97,350113
6496,0.093163,172.31.47.0-255,66,332701,97,350113
6497,0.095229,216.58.221.0-255,5738,338439,97,350113
6498,0.09524,172.31.47.0-255,66,338505,97,350113
6499,0.097315,216.58.221.0-255,5738,344243,97,350113
6500,0.097321,172.31.47.0-255,66,344309,97,350113
6501,0.09938,216.58.221.0-255,5738,350047,97,350113
6502,0.099391,172.31.47.0-255,66,350113,97,350113
6503,0.0,172.217.194.0-255,153,153,97,378366
6504,2.2e-05,172.31.47.0-255,66,219,97,378366
6505,3e-05,172.217.194.0-255,1484,1703,97,378366
6506,3.5e-05,172.31.47.0-255,66,1769,97,378366
6507,4.1e-05,172.217.194.0-255,2902,4671,97,378366
6508,4.4e-05,172.31.47.0-255,66,4737,97,378366
6509,5.2e-05,172.217.194.0-255,7156,11893,97,378366
6510,5.5e-05,172.31.47.0-255,66,11959,97,378366
6511,6.2e-05,172.217.194.0-255,6416,18375,97,378366
6512,6.5e-05,172.31.47.0-255,66,18441,97,378366
6513,0.000114,172.217.194.0-255,7156,25597,97,378366
6514,0.000117,172.31.47.0-255,66,25663,97,378366
6515,0.000138,172.217.194.0-255,5379,31042,97,378366
6516,0.00014,172.31.47.0-255,66,31108,97,378366
6517,0.000231,172.217.194.0-255,1484,32592,97,378366
6518,0.000235,172.31.47.0-255,66,32658,97,378366
6519,0.00024,172.217.194.0-255,2902,35560,97,378366
6520,0.000243,172.31.47.0-255,66,35626,97,378366
6521,0.000246,172.217.194.0-255,1484,37110,97,378366
6522,0.000248,172.31.47.0-255,66,37176,97,378366
6523,0.00027,172.217.194.0-255,4320,41496,97,378366
6524,0.000273,172.31.47.0-255,66,41562,97,378366
6525,0.000281,172.217.194.0-255,6797,48359,97,378366
6526,0.000283,172.31.47.0-255,66,48425,97,378366
6527,0.000379,172.217.194.0-255,1484,49909,97,378366
6528,0.000383,172.31.47.0-255,66,49975,97,378366
6529,0.000389,172.217.194.0-255,2902,52877,97,378366
6530,0.000392,172.31.47.0-255,66,52943,97,378366
6531,0.000399,172.217.194.0-255,5738,58681,97,378366
6532,0.000401,172.31.47.0-255,66,58747,97,378366
6533,0.000436,172.217.194.0-255,6797,65544,97,378366
6534,0.000439,172.31.47.0-255,66,65610,97,378366
6535,0.000442,172.217.194.0-255,646,66256,97,378366
6536,0.000662,172.217.194.0-255,1484,67740,97,378366
6537,0.000667,172.31.47.0-255,66,67806,97,378366
6538,0.000674,172.217.194.0-255,2902,70708,97,378366
6539,0.000676,172.31.47.0-255,66,70774,97,378366
6540,0.000694,172.217.194.0-255,5738,76512,97,378366
6541,0.000699,172.31.47.0-255,66,76578,97,378366
6542,0.000712,172.217.194.0-255,5738,82316,97,378366
6543,0.000715,172.31.47.0-255,66,82382,97,378366
6544,0.000739,172.217.194.0-255,7156,89538,97,378366
6545,0.000742,172.31.47.0-255,66,89604,97,378366
6546,0.000747,172.217.194.0-255,4320,93924,97,378366
6547,0.000749,172.31.47.0-255,66,93990,97,378366
6548,0.000781,172.217.194.0-255,6438,100428,97,378366
6549,0.000785,172.31.47.0-255,66,100494,97,378366
6550,0.001504,172.217.194.0-255,1484,101978,97,378366
6551,0.001522,172.217.194.0-255,2902,104880,97,378366
6552,0.001527,172.31.47.0-255,66,104946,97,378366
6553,0.001546,172.217.194.0-255,5738,110684,97,378366
6554,0.001548,172.31.47.0-255,66,110750,97,378366
6555,0.001552,172.217.194.0-255,1484,112234,97,378366
6556,0.001557,172.217.194.0-255,4320,116554,97,378366
6557,0.001559,172.31.47.0-255,66,116620,97,378366
6558,0.001587,172.31.47.0-255,66,116686,97,378366
6559,0.001623,172.31.47.0-255,66,116752,97,378366
6560,0.003681,172.217.194.0-255,5738,122490,97,378366
6561,0.003688,172.31.47.0-255,66,122556,97,378366
6562,0.005723,172.217.194.0-255,5738,128294,97,378366
6563,0.005726,172.31.47.0-255,66,128360,97,378366
6564,0.007773,172.217.194.0-255,5738,134098,97,378366
6565,0.00778,172.31.47.0-255,66,134164,97,378366
6566,0.009848,172.217.194.0-255,5738,139902,97,378366
6567,0.009861,172.31.47.0-255,66,139968,97,378366
6568,0.011929,172.217.194.0-255,5738,145706,97,378366
6569,0.011938,172.31.47.0-255,66,145772,97,378366
6570,0.01397,172.217.194.0-255,5738,151510,97,378366
6571,0.01398,172.31.47.0-255,66,151576,97,378366
6572,0.016044,172.217.194.0-255,5738,157314,97,378366
6573,0.016057,172.31.47.0-255,66,157380,97,378366
6574,0.018115,172.217.194.0-255,5738,163118,97,378366
6575,0.018122,172.31.47.0-255,66,163184,97,378366
6576,0.020171,172.217.194.0-255,5738,168922,97,378366
6577,0.020178,172.31.47.0-255,66,168988,97,378366
6578,0.022237,172.217.194.0-255,5738,174726,97,378366
6579,0.022244,172.31.47.0-255,66,174792,97,378366
6580,0.024293,172.31.47.0-255,175,174967,97,378366
6581,0.024303,172.217.194.0-255,5738,180705,97,378366
6582,0.024308,172.31.47.0-255,66,180771,97,378366
6583,0.024374,172.31.47.0-255,1135,181906,97,378366
6584,0.024443,172.31.47.0-255,1514,183420,97,378366
6585,0.024445,172.31.47.0-255,1269,184689,97,378366
6586,0.025821,104.244.42.0-255,66,184755,97,378366
6587,0.025955,104.244.42.0-255,66,184821,97,378366
6588,0.026013,104.244.42.0-255,66,184887,97,378366
6589,0.026382,172.217.194.0-255,5738,190625,97,378366
6590,0.026389,172.31.47.0-255,66,190691,97,378366
6591,0.028469,172.217.194.0-255,5738,196429,97,378366
6592,0.028476,172.31.47.0-255,66,196495,97,378366
6593,0.030523,172.217.194.0-255,5738,202233,97,378366
6594,0.030529,172.31.47.0-255,66,202299,97,378366
6595,0.032587,172.217.194.0-255,5738,208037,97,378366
6596,0.032594,172.31.47.0-255,66,208103,97,378366
6597,0.034679,172.217.194.0-255,5738,213841,97,378366
6598,0.034686,172.31.47.0-255,66,213907,97,378366
6599,0.036739,172.217.194.0-255,5738,219645,97,378366
6600,0.036746,172.31.47.0-255,66,219711,97,378366
6601,0.038789,172.217.194.0-255,5738,225449,97,378366
6602,0.038795,172.31.47.0-255,66,225515,97,378366
6603,0.040863,172.217.194.0-255,5738,231253,97,378366
6604,0.040871,172.31.47.0-255,66,231319,97,378366
6605,0.042928,172.217.194.0-255,5738,237057,97,378366
6606,0.04295,172.31.47.0-255,66,237123,97,378366
6607,0.045031,172.217.194.0-255,5738,242861,97,378366
6608,0.045039,172.31.47.0-255,66,242927,97,378366
6609,0.047101,172.217.194.0-255,5738,248665,97,378366
6610,0.047107,172.31.47.0-255,66,248731,97,378366
6611,0.049186,172.217.194.0-255,5738,254469,97,378366
6612,0.049192,172.31.47.0-255,66,254535,97,378366
6613,0.051294,172.217.194.0-255,5738,260273,97,378366
6614,0.051303,172.31.47.0-255,66,260339,97,378366
6615,0.053381,172.217.194.0-255,5738,266077,97,378366
6616,0.053394,172.31.47.0-255,66,266143,97,378366
6617,0.055455,172.217.194.0-255,5738,271881,97,378366
6618,0.055462,172.31.47.0-255,66,271947,97,378366
6619,0.057505,172.217.194.0-255,5738,277685,97,378366
6620,0.057511,172.31.47.0-255,66,277751,97,378366
6621,0.059576,172.217.194.0-255,5738,283489,97,378366
6622,0.059582,172.31.47.0-255,66,283555,97,378366
6623,0.061615,172.217.194.0-255,5738,289293,97,378366
6624,0.061621,172.31.47.0-255,66,289359,97,378366
6625,0.063729,172.217.194.0-255,5738,295097,97,378366
6626,0.063737,172.31.47.0-255,66,295163,97,378366
6627,0.065796,172.217.194.0-255,5738,300901,97,378366
6628,0.065803,172.31.47.0-255,66,300967,97,378366
6629,0.067896,172.217.194.0-255,5738,306705,97,378366
6630,0.067903,172.31.47.0-255,66,306771,97,378366
6631,0.069974,172.217.194.0-255,5738,312509,97,378366
6632,0.069983,172.31.47.0-255,66,312575,97,378366
6633,0.072033,172.217.194.0-255,5738,318313,97,378366
6634,0.072039,172.31.47.0-255,66,318379,97,378366
6635,0.074091,172.217.194.0-255,5738,324117,97,378366
6636,0.074098,172.31.47.0-255,66,324183,97,378366
6637,0.076148,172.217.194.0-255,5738,329921,97,378366
6638,0.076154,172.31.47.0-255,66,329987,97,378366
6639,0.078251,172.217.194.0-255,5738,335725,97,378366
6640,0.078257,172.31.47.0-255,66,335791,97,378366
6641,0.080329,172.217.194.0-255,5738,341529,97,378366
6642,0.080336,172.31.47.0-255,66,341595,97,378366
6643,0.08237,172.217.194.0-255,5738,347333,97,378366
6644,0.082376,172.31.47.0-255,66,347399,97,378366
6645,0.084434,172.217.194.0-255,5738,353137,97,378366
6646,0.084441,172.31.47.0-255,66,353203,97,378366
6647,0.086544,172.217.194.0-255,5738,358941,97,378366
6648,0.086549,172.31.47.0-255,66,359007,97,378366
6649,0.088585,172.217.194.0-255,5738,364745,97,378366
6650,0.08859,172.31.47.0-255,66,364811,97,378366
6651,0.09063,172.217.194.0-255,5738,370549,97,378366
6652,0.090636,172.31.47.0-255,66,370615,97,378366
6653,0.092683,172.217.194.0-255,2902,373517,97,378366
6654,0.09269,172.31.47.0-255,66,373583,97,378366
6655,0.092708,172.217.194.0-255,2902,376485,97,378366
6656,0.092711,172.31.47.0-255,66,376551,97,378366
6657,0.094746,172.217.194.0-255,1578,378129,97,378366
6658,0.094753,172.31.47.0-255,66,378195,97,378366
6659,0.094906,172.31.47.0-255,105,378300,97,378366
6660,0.096919,172.217.194.0-255,66,378366,97,378366
6661,0.0,74.125.24.0-255,297,297,97,371464
6662,3e-05,172.31.47.0-255,66,363,97,371464
6663,3.7e-05,74.125.24.0-255,1484,1847,97,371464
6664,4e-05,172.31.47.0-255,66,1913,97,371464
6665,4.6e-05,74.125.24.0-255,4320,6233,97,371464
6666,4.9e-05,172.31.47.0-255,66,6299,97,371464
6667,5.2e-05,74.125.24.0-255,1484,7783,97,371464
6668,5.4e-05,172.31.47.0-255,66,7849,97,371464
6669,8.3e-05,74.125.24.0-255,6173,14022,97,371464
6670,8.6e-05,172.31.47.0-255,66,14088,97,371464
6671,0.000101,172.31.47.0-255,66,14154,97,371464
6672,0.00012,74.125.24.0-255,2902,17056,97,371464
6673,0.000122,172.31.47.0-255,66,17122,97,371464
6674,0.000128,74.125.24.0-255,2543,19665,97,371464
6675,0.000129,172.31.47.0-255,66,19731,97,371464
6676,0.000263,74.125.24.0-255,1484,21215,97,371464
6677,0.000267,172.31.47.0-255,66,21281,97,371464
6678,0.000272,74.125.24.0-255,2902,24183,97,371464
6679,0.000275,172.31.47.0-255,66,24249,97,371464
6680,0.000308,74.125.24.0-255,1484,25733,97,371464
6681,0.000311,172.31.47.0-255,66,25799,97,371464
6682,0.000315,74.125.24.0-255,1484,27283,97,371464
6683,0.000319,172.31.47.0-255,66,27349,97,371464
6684,0.00033,74.125.24.0-255,1484,28833,97,371464
6685,0.000332,172.31.47.0-255,66,28899,97,371464
6686,0.00035,74.125.24.0-255,5738,34637,97,371464
6687,0.000353,172.31.47.0-255,66,34703,97,371464
6688,0.000376,74.125.24.0-255,2543,37246,97,371464
6689,0.000379,172.31.47.0-255,66,37312,97,371464
6690,0.000396,74.125.24.0-255,2902,40214,97,371464
6691,0.0004,172.31.47.0-255,66,40280,97,371464
6692,0.000425,74.125.24.0-255,7156,47436,97,371464
6693,0.000428,172.31.47.0-255,66,47502,97,371464
6694,0.000432,74.125.24.0-255,2902,50404,97,371464
6695,0.000436,172.31.47.0-255,66,50470,97,371464
6696,0.000485,74.125.24.0-255,4271,54741,97,371464
6697,0.000489,172.31.47.0-255,66,54807,97,371464
6698,0.000492,74.125.24.0-255,375,55182,97,371464
6699,0.000807,172.31.47.0-255,66,55248,97,371464
6700,0.000865,74.125.24.0-255,1484,56732,97,371464
6701,0.000873,74.125.24.0-255,2902,59634,97,371464
6702,0.000876,172.31.47.0-255,66,59700,97,371464
6703,0.000929,74.125.24.0-255,5738,65438,97,371464
6704,0.000932,172.31.47.0-255,66,65504,97,371464
6705,0.000944,172.31.47.0-255,66,65570,97,371464
6706,0.000957,74.125.24.0-255,1484,67054,97,371464
6707,0.00096,74.125.24.0-255,1484,68538,97,371464
6708,0.000963,172.31.47.0-255,66,68604,97,371464
6709,0.000997,74.125.24.0-255,4320,72924,97,371464
6710,0.001001,172.31.47.0-255,66,72990,97,371464
6711,0.001022,74.125.24.0-255,5020,78010,97,371464
6712,0.001025,172.31.47.0-255,66,78076,97,371464
6713,0.00166,74.125.24.0-255,1484,79560,97,371464
6714,0.001674,74.125.24.0-255,1484,81044,97,371464
6715,0.001677,172.31.47.0-255,66,81110,97,371464
6716,0.001688,74.125.24.0-255,1484,82594,97,371464
6717,0.001694,74.125.24.0-255,5738,88332,97,371464
6718,0.001697,172.31.47.0-255,66,88398,97,371464
6719,0.001717,74.125.24.0-255,5738,94136,97,371464
6720,0.001719,172.31.47.0-255,66,94202,97,371464
6721,0.001735,74.125.24.0-255,1484,95686,97,371464
6722,0.001749,74.125.24.0-255,2902,98588,97,371464
6723,0.001751,172.31.47.0-255,66,98654,97,371464
6724,0.001771,74.125.24.0-255,7156,105810,97,371464
6725,0.001774,172.31.47.0-255,66,105876,97,371464
6726,0.001799,74.125.24.0-255,4320,110196,97,371464
6727,0.001801,172.31.47.0-255,66,110262,97,371464
6728,0.001805,74.125.24.0-255,2184,112446,97,371464
6729,0.001806,172.31.47.0-255,66,112512,97,371464
6730,0.001935,74.125.24.0-255,1484,113996,97,371464
6731,0.001946,74.125.24.0-255,2902,116898,97,371464
6732,0.001948,172.31.47.0-255,66,116964,97,371464
6733,0.001972,74.125.24.0-255,1484,118448,97,371464
6734,0.001986,74.125.24.0-255,4320,122768,97,371464
6735,0.001988,172.31.47.0-255,66,122834,97,371464
6736,0.002005,74.125.24.0-255,4320,127154,97,371464
6737,0.002007,172.31.47.0-255,66,127220,97,371464
6738,0.002033,172.31.47.0-255,66,127286,97,371464
6739,0.002038,74.125.24.0-255,7156,134442,97,371464
6740,0.00204,172.31.47.0-255,66,134508,97,371464
6741,0.002065,74.125.24.0-255,3602,138110,97,371464
6742,0.002066,172.31.47.0-255,66,138176,97,371464
6743,0.004466,74.125.24.0-255,1484,139660,97,371464
6744,0.004486,74.125.24.0-255,4320,143980,97,371464
6745,0.00449,172.31.47.0-255,66,144046,97,371464
6746,0.006917,74.125.24.0-255,5738,149784,97,371464
6747,0.006921,172.31.47.0-255,66,149850,97,371464
6748,0.009324,74.125.24.0-255,5738,155588,97,371464
6749,0.009332,172.31.47.0-255,66,155654,97,371464
6750,0.011752,74.125.24.0-255,5738,161392,97,371464
6751,0.01176,172.31.47.0-255,66,161458,97,371464
6752,0.014176,74.125.24.0-255,5738,167196,97,371464
6753,0.01419,172.31.47.0-255,66,167262,97,371464
6754,0.016589,74.125.24.0-255,5738,173000,97,371464
6755,0.016601,172.31.47.0-255,66,173066,97,371464
6756,0.01904,74.125.24.0-255,5738,178804,97,371464
6757,0.019055,172.31.47.0-255,66,178870,97,371464
6758,0.021451,74.125.24.0-255,5738,184608,97,371464
6759,0.021458,172.31.47.0-255,66,184674,97,371464
6760,0.023878,74.125.24.0-255,5738,190412,97,371464
6761,0.023884,172.31.47.0-255,66,190478,97,371464
6762,0.024228,172.31.47.0-255,176,190654,97,371464
6763,0.024253,172.31.47.0-255,1110,191764,97,371464
6764,0.024284,172.31.47.0-255,1514,193278,97,371464
6765,0.024286,172.31.47.0-255,1294,194572,97,371464
6766,0.025886,104.244.42.0-255,66,194638,97,371464
6767,0.025928,104.244.42.0-255,66,194704,97,371464
6768,0.025964,104.244.42.0-255,66,194770,97,371464
6769,0.026455,74.125.24.0-255,4320,199090,97,371464
6770,0.026458,172.31.47.0-255,66,199156,97,371464
6771,0.026484,74.125.24.0-255,1484,200640,97,371464
6772,0.028849,74.125.24.0-255,4320,204960,97,371464
6773,0.028854,172.31.47.0-255,66,205026,97,371464
6774,0.031237,74.125.24.0-255,5738,210764,97,371464
6775,0.031244,172.31.47.0-255,66,210830,97,371464
6776,0.033659,74.125.24.0-255,5738,216568,97,371464
6777,0.033665,172.31.47.0-255,66,216634,97,371464
6778,0.036089,74.125.24.0-255,2902,219536,97,371464
6779,0.036093,172.31.47.0-255,66,219602,97,371464
6780,0.036125,74.125.24.0-255,2902,222504,97,371464
6781,0.036128,172.31.47.0-255,66,222570,97,371464
6782,0.038514,74.125.24.0-255,2902,225472,97,371464
6783,0.038518,172.31.47.0-255,66,225538,97,371464
6784,0.03857,74.125.24.0-255,1484,227022,97,371464
6785,0.038586,74.125.24.0-255,1484,228506,97,371464
6786,0.03859,172.31.47.0-255,66,228572,97,371464
6787,0.040946,74.125.24.0-255,2902,231474,97,371464
6788,0.04095,172.31.47.0-255,66,231540,97,371464
6789,0.040995,74.125.24.0-255,1484,233024,97,371464
6790,0.041011,74.125.24.0-255,1484,234508,97,371464
6791,0.041014,172.31.47.0-255,66,234574,97,371464
6792,0.043444,74.125.24.0-255,1484,236058,97,371464
6793,0.043467,74.125.24.0-255,1484,237542,97,371464
6794,0.043471,172.31.47.0-255,66,237608,97,371464
6795,0.043529,74.125.24.0-255,1484,239092,97,371464
6796,0.043539,74.125.24.0-255,1484,240576,97,371464
6797,0.043541,172.31.47.0-255,66,240642,97,371464
6798,0.045925,74.125.24.0-255,2902,243544,97,371464
6799,0.045933,172.31.47.0-255,66,243610,97,371464
6800,0.045963,74.125.24.0-255,2902,246512,97,371464
6801,0.045966,172.31.47.0-255,66,246578,97,371464
6802,0.048313,74.125.24.0-255,1484,248062,97,371464
6803,0.048337,74.125.24.0-255,1484,249546,97,371464
6804,0.048341,172.31.47.0-255,66,249612,97,371464
6805,0.048376,74.125.24.0-255,2902,252514,97,371464
6806,0.048388,172.31.47.0-255,66,252580,97,371464
6807,0.050753,74.125.24.0-255,2902,255482,97,371464
6808,0.050758,172.31.47.0-255,66,255548,97,371464
6809,0.050789,74.125.24.0-255,2902,258450,97,371464
6810,0.050792,172.31.47.0-255,66,258516,97,371464
6811,0.053191,74.125.24.0-255,2902,261418,97,371464
6812,0.053198,172.31.47.0-255,66,261484,97,371464
6813,0.053217,74.125.24.0-255,2902,264386,97,371464
6814,0.053219,172.31.47.0-255,66,264452,97,371464
6815,0.055593,74.125.24.0-255,2902,267354,97,371464
6816,0.055597,172.31.47.0-255,66,267420,97,371464
6817,0.055623,74.125.24.0-255,2902,270322,97,371464
6818,0.055625,172.31.47.0-255,66,270388,97,371464
6819,0.058023,74.125.24.0-255,2902,273290,97,371464
6820,0.058028,172.31.47.0-255,66,273356,97,371464
6821,0.058062,74.125.24.0-255,2902,276258,97,371464
6822,0.058065,172.31.47.0-255,66,276324,97,371464
6823,0.060421,74.125.24.0-255,1484,277808,97,371464
6824,0.060465,74.125.24.0-255,1484,279292,97,371464
6825,0.06047,172.31.47.0-255,66,279358,97,371464
6826,0.060486,74.125.24.0-255,2902,282260,97,371464
6827,0.060489,172.31.47.0-255,66,282326,97,371464
6828,0.062882,74.125.24.0-255,5738,288064,97,371464
6829,0.062888,172.31.47.0-255,66,288130,97,371464
6830,0.065301,74.125.24.0-255,5738,293868,97,371464
6831,0.065306,172.31.47.0-255,66,293934,97,371464
6832,0.067697,74.125.24.0-255,4320,298254,97,371464
6833,0.067703,172.31.47.0-255,66,298320,97,371464
6834,0.067735,74.125.24.0-255,1484,299804,97,371464
6835,0.070105,74.125.24.0-255,4320,304124,97,371464
6836,0.070111,172.31.47.0-255,66,304190,97,371464
6837,0.072518,74.125.24.0-255,2902,307092,97,371464
6838,0.072523,172.31.47.0-255,66,307158,97,371464
6839,0.072556,74.125.24.0-255,2902,310060,97,371464
6840,0.07256,172.31.47.0-255,66,310126,97,371464
6841,0.074945,74.125.24.0-255,1484,311610,97,371464
6842,0.074977,74.125.24.0-255,4320,315930,97,371464
6843,0.074982,172.31.47.0-255,66,315996,97,371464
6844,0.077433,74.125.24.0-255,5738,321734,97,371464
6845,0.077438,172.31.47.0-255,66,321800,97,371464
6846,0.079852,74.125.24.0-255,5738,327538,97,371464
6847,0.079858,172.31.47.0-255,66,327604,97,371464
6848,0.082282,74.125.24.0-255,5738,333342,97,371464
6849,0.082287,172.31.47.0-255,66,333408,97,371464
6850,0.084696,74.125.24.0-255,5738,339146,97,371464
6851,0.084702,172.31.47.0-255,66,339212,97,371464
6852,0.087129,74.125.24.0-255,4320,343532,97,371464
6853,0.087134,172.31.47.0-255,66,343598,97,371464
6854,0.087162,74.125.24.0-255,1484,345082,97,371464
6855,0.089508,74.125.24.0-255,4320,349402,97,371464
6856,0.089512,172.31.47.0-255,66,349468,97,371464
6857,0.091899,74.125.24.0-255,5738,355206,97,371464
6858,0.091904,172.31.47.0-255,66,355272,97,371464
6859,0.094319,74.125.24.0-255,4320,359592,97,371464
6860,0.094323,172.31.47.0-255,66,359658,97,371464
6861,0.094346,74.125.24.0-255,1484,361142,97,371464
6862,0.096726,74.125.24.0-255,4320,365462,97,371464
6863,0.096731,172.31.47.0-255,66,365528,97,371464
6864,0.099158,74.125.24.0-255,2902,368430,97,371464
6865,0.099165,172.31.47.0-255,66,368496,97,371464
6866,0.099199,74.125.24.0-255,2902,371398,97,371464
6867,0.099203,172.31.47.0-255,66,371464,97,371464
6868,0.0,74.125.68.0-255,226,226,97,263736
6869,3e-05,172.31.47.0-255,66,292,97,263736
6870,3.6e-05,74.125.68.0-255,1484,1776,97,263736
6871,3.9e-05,172.31.47.0-255,66,1842,97,263736
6872,7.4e-05,74.125.68.0-255,2902,4744,97,263736
6873,7.6e-05,172.31.47.0-255,66,4810,97,263736
6874,0.000253,74.125.68.0-255,4320,9130,97,263736
6875,0.000258,172.31.47.0-255,66,9196,97,263736
6876,0.000274,74.125.68.0-255,1484,10680,97,263736
6877,0.000276,172.31.47.0-255,66,10746,97,263736
6878,0.000588,74.125.68.0-255,3515,14261,97,263736
6879,0.000593,172.31.47.0-255,66,14327,97,263736
6880,0.000799,172.31.47.0-255,66,14393,97,263736
6881,0.000819,74.125.68.0-255,2902,17295,97,263736
6882,0.000822,172.31.47.0-255,66,17361,97,263736
6883,0.001444,74.125.68.0-255,2902,20263,97,263736
6884,0.001448,172.31.47.0-255,66,20329,97,263736
6885,0.001461,74.125.68.0-255,2902,23231,97,263736
6886,0.001463,172.31.47.0-255,66,23297,97,263736
6887,0.001507,74.125.68.0-255,4320,27617,97,263736
6888,0.001509,172.31.47.0-255,66,27683,97,263736
6889,0.00258,74.125.68.0-255,2902,30585,97,263736
6890,0.002587,172.31.47.0-255,66,30651,97,263736
6891,0.004054,74.125.68.0-255,2902,33553,97,263736
6892,0.00406,172.31.47.0-255,66,33619,97,263736
6893,0.005138,74.125.68.0-255,2902,36521,97,263736
6894,0.005145,172.31.47.0-255,66,36587,97,263736
6895,0.006595,74.125.68.0-255,2902,39489,97,263736
6896,0.006603,172.31.47.0-255,66,39555,97,263736
6897,0.00768,74.125.68.0-255,2902,42457,97,263736
6898,0.007687,172.31.47.0-255,66,42523,97,263736
6899,0.009155,74.125.68.0-255,2902,45425,97,263736
6900,0.009161,172.31.47.0-255,66,45491,97,263736
6901,0.010223,74.125.68.0-255,2902,48393,97,263736
6902,0.01023,172.31.47.0-255,66,48459,97,263736
6903,0.011714,74.125.68.0-255,2902,51361,97,263736
6904,0.011721,172.31.47.0-255,66,51427,97,263736
6905,0.012772,74.125.68.0-255,2902,54329,97,263736
6906,0.012777,172.31.47.0-255,66,54395,97,263736
6907,0.014268,74.125.68.0-255,2902,57297,97,263736
6908,0.014275,172.31.47.0-255,66,57363,97,263736
6909,0.015321,74.125.68.0-255,2902,60265,97,263736
6910,0.015327,172.31.47.0-255,66,60331,97,263736
6911,0.016815,74.125.68.0-255,2902,63233,97,263736
6912,0.01682,172.31.47.0-255,66,63299,97,263736
6913,0.017865,74.125.68.0-255,2902,66201,97,263736
6914,0.017871,172.31.47.0-255,66,66267,97,263736
6915,0.019102,172.31.47.0-255,167,66434,97,263736
6916,0.019128,172.31.47.0-255,1111,67545,97,263736
6917,0.01917,172.31.47.0-255,1514,69059,97,263736
6918,0.019172,172.31.47.0-255,1293,70352,97,263736
6919,0.019355,74.125.68.0-255,2902,73254,97,263736
6920,0.019361,172.31.47.0-255,66,73320,97,263736
6921,0.020417,74.125.68.0-255,2902,76222,97,263736
6922,0.020424,172.31.47.0-255,66,76288,97,263736
6923,0.020658,104.244.42.0-255,66,76354,97,263736
6924,0.020706,104.244.42.0-255,66,76420,97,263736
6925,0.020755,104.244.42.0-255,66,76486,97,263736
6926,0.021904,74.125.68.0-255,2902,79388,97,263736
6927,0.02191,172.31.47.0-255,66,79454,97,263736
6928,0.022965,74.125.68.0-255,2902,82356,97,263736
6929,0.022969,172.31.47.0-255,66,82422,97,263736
6930,0.024443,74.125.68.0-255,2902,85324,97,263736
6931,0.024449,172.31.47.0-255,66,85390,97,263736
6932,0.025512,74.125.68.0-255,2902,88292,97,263736
6933,0.025518,172.31.47.0-255,66,88358,97,263736
6934,0.027034,74.125.68.0-255,2902,91260,97,263736
6935,0.027041,172.31.47.0-255,66,91326,97,263736
6936,0.028057,74.125.68.0-255,2902,94228,97,263736
6937,0.028063,172.31.47.0-255,66,94294,97,263736
6938,0.029565,74.125.68.0-255,2902,97196,97,263736
6939,0.02957,172.31.47.0-255,66,97262,97,263736
6940,0.030603,74.125.68.0-255,2902,100164,97,263736
6941,0.030608,172.31.47.0-255,66,100230,97,263736
6942,0.032106,74.125.68.0-255,2902,103132,97,263736
6943,0.032112,172.31.47.0-255,66,103198,97,263736
6944,0.03314,74.125.68.0-255,1484,104682,97,263736
6945,0.033168,74.125.68.0-255,1484,106166,97,263736
6946,0.033174,172.31.47.0-255,66,106232,97,263736
6947,0.034658,74.125.68.0-255,2902,109134,97,263736
6948,0.034665,172.31.47.0-255,66,109200,97,263736
6949,0.035695,74.125.68.0-255,2902,112102,97,263736
6950,0.0357,172.31.47.0-255,66,112168,97,263736
6951,0.037203,74.125.68.0-255,2902,115070,97,263736
6952,0.037208,172.31.47.0-255,66,115136,97,263736
6953,0.038229,74.125.68.0-255,2902,118038,97,263736
6954,0.038234,172.31.47.0-255,66,118104,97,263736
6955,0.039742,74.125.68.0-255,1484,119588,97,263736
6956,0.039748,172.31.47.0-255,66,119654,97,263736
6957,0.039777,74.125.68.0-255,1484,121138,97,263736
6958,0.03978,172.31.47.0-255,66,121204,97,263736
6959,0.040768,74.125.68.0-255,2902,124106,97,263736
6960,0.040773,172.31.47.0-255,66,124172,97,263736
6961,0.042277,74.125.68.0-255,1484,125656,97,263736
6962,0.042282,172.31.47.0-255,66,125722,97,263736
6963,0.04331,74.125.68.0-255,4320,130042,97,263736
6964,0.043314,172.31.47.0-255,66,130108,97,263736
6965,0.04482,74.125.68.0-255,1484,131592,97,263736
6966,0.044824,172.31.47.0-255,66,131658,97,263736
6967,0.045855,74.125.68.0-255,4320,135978,97,263736
6968,0.04586,172.31.47.0-255,66,136044,97,263736
6969,0.04736,74.125.68.0-255,1484,137528,97,263736
6970,0.047365,172.31.47.0-255,66,137594,97,263736
6971,0.048396,74.125.68.0-255,1484,139078,97,263736
6972,0.048401,172.31.47.0-255,66,139144,97,263736
6973,0.048426,74.125.68.0-255,2902,142046,97,263736
6974,0.048429,172.31.47.0-255,66,142112,97,263736
6975,0.049894,74.125.68.0-255,1484,143596,97,263736
6976,0.049898,172.31.47.0-255,66,143662,97,263736
6977,0.050934,74.125.68.0-255,1484,145146,97,263736
6978,0.050939,172.31.47.0-255,66,145212,97,263736
6979,0.050975,74.125.68.0-255,2902,148114,97,263736
6980,0.050978,172.31.47.0-255,66,148180,97,263736
6981,0.052428,74.125.68.0-255,1484,149664,97,263736
6982,0.052434,172.31.47.0-255,66,149730,97,263736
6983,0.053485,74.125.68.0-255,1484,151214,97,263736
6984,0.05349,172.31.47.0-255,66,151280,97,263736
6985,0.053525,74.125.68.0-255,2902,154182,97,263736
6986,0.053529,172.31.47.0-255,66,154248,97,263736
6987,0.054957,74.125.68.0-255,1484,155732,97,263736
6988,0.054962,172.31.47.0-255,66,155798,97,263736
6989,0.056018,74.125.68.0-255,1484,157282,97,263736
6990,0.056023,172.31.47.0-255,66,157348,97,263736
6991,0.05607,74.125.68.0-255,2902,160250,97,263736
6992,0.056075,172.31.47.0-255,66,160316,97,263736
6993,0.057496,74.125.68.0-255,1484,161800,97,263736
6994,0.057501,172.31.47.0-255,66,161866,97,263736
6995,0.058559,74.125.68.0-255,1484,163350,97,263736
6996,0.058564,172.31.47.0-255,66,163416,97,263736
6997,0.058606,74.125.68.0-255,2902,166318,97,263736
6998,0.058609,172.31.47.0-255,66,166384,97,263736
6999,0.060024,74.125.68.0-255,1484,167868,97,263736
7000,0.060029,172.31.47.0-255,66,167934,97,263736
7001,0.0611,74.125.68.0-255,1484,169418,97,263736
7002,0.061107,172.31.47.0-255,66,169484,97,263736
7003,0.061139,74.125.68.0-255,2902,172386,97,263736
7004,0.061143,172.31.47.0-255,66,172452,97,263736
7005,0.062569,74.125.68.0-255,1484,173936,97,263736
7006,0.062575,172.31.47.0-255,66,174002,97,263736
7007,0.06364,74.125.68.0-255,1484,175486,97,263736
7008,0.063645,172.31.47.0-255,66,175552,97,263736
7009,0.063671,74.125.68.0-255,2902,178454,97,263736
7010,0.063674,172.31.47.0-255,66,178520,97,263736
7011,0.065101,74.125.68.0-255,1484,180004,97,263736
7012,0.065105,172.31.47.0-255,66,180070,97,263736
7013,0.066186,74.125.68.0-255,1484,181554,97,263736
7014,0.066191,172.31.47.0-255,66,181620,97,263736
7015,0.066222,74.125.68.0-255,2902,184522,97,263736
7016,0.066225,172.31.47.0-255,66,184588,97,263736
7017,0.067643,74.125.68.0-255,1484,186072,97,263736
7018,0.067649,172.31.47.0-255,66,186138,97,263736
7019,0.068722,74.125.68.0-255,1484,187622,97,263736
7020,0.068728,172.31.47.0-255,66,187688,97,263736
7021,0.068768,74.125.68.0-255,2902,190590,97,263736
7022,0.068771,172.31.47.0-255,66,190656,97,263736
7023,0.070194,74.125.68.0-255,1484,192140,97,263736
7024,0.0702,172.31.47.0-255,66,192206,97,263736
7025,0.071267,74.125.68.0-255,1484,193690,97,263736
7026,0.071272,172.31.47.0-255,66,193756,97,263736
7027,0.071301,74.125.68.0-255,2902,196658,97,263736
7028,0.071305,172.31.47.0-255,66,196724,97,263736
7029,0.072737,74.125.68.0-255,1484,198208,97,263736
7030,0.072758,172.31.47.0-255,66,198274,97,263736
7031,0.073801,74.125.68.0-255,1484,199758,97,263736
7032,0.073806,172.31.47.0-255,66,199824,97,263736
7033,0.07384,74.125.68.0-255,1484,201308,97,263736
7034,0.073843,172.31.47.0-255,66,201374,97,263736
7035,0.073861,74.125.68.0-255,1484,202858,97,263736
7036,0.073864,172.31.47.0-255,66,202924,97,263736
7037,0.075308,74.125.68.0-255,1484,204408,97,263736
7038,0.075312,172.31.47.0-255,66,204474,97,263736
7039,0.076359,74.125.68.0-255,1484,205958,97,263736
7040,0.076365,172.31.47.0-255,66,206024,97,263736
7041,0.076405,74.125.68.0-255,2902,208926,97,263736
7042,0.076408,172.31.47.0-255,66,208992,97,263736
7043,0.077837,74.125.68.0-255,1484,210476,97,263736
7044,0.077844,172.31.47.0-255,66,210542,97,263736
7045,0.078929,74.125.68.0-255,1484,212026,97,263736
7046,0.078934,172.31.47.0-255,66,212092,97,263736
7047,0.078953,74.125.68.0-255,2902,214994,97,263736
7048,0.078956,172.31.47.0-255,66,215060,97,263736
7049,0.08037,74.125.68.0-255,1484,216544,97,263736
7050,0.080376,172.31.47.0-255,66,216610,97,263736
7051,0.081467,74.125.68.0-255,1484,218094,97,263736
7052,0.081481,172.31.47.0-255,66,218160,97,263736
7053,0.081496,74.125.68.0-255,1484,219644,97,263736
7054,0.081499,172.31.47.0-255,66,219710,97,263736
7055,0.08156,74.125.68.0-255,1484,221194,97,263736
7056,0.081562,172.31.47.0-255,66,221260,97,263736
7057,0.082909,74.125.68.0-255,1484,222744,97,263736
7058,0.082915,172.31.47.0-255,66,222810,97,263736
7059,0.084037,74.125.68.0-255,1484,224294,97,263736
7060,0.084041,172.31.47.0-255,66,224360,97,263736
7061,0.084101,74.125.68.0-255,2902,227262,97,263736
7062,0.084104,172.31.47.0-255,66,227328,97,263736
7063,0.085455,74.125.68.0-255,1484,228812,97,263736
7064,0.085464,172.31.47.0-255,66,228878,97,263736
7065,0.086587,74.125.68.0-255,1484,230362,97,263736
7066,0.086596,172.31.47.0-255,66,230428,97,263736
7067,0.086642,74.125.68.0-255,2902,233330,97,263736
7068,0.086645,172.31.47.0-255,66,233396,97,263736
7069,0.087995,74.125.68.0-255,1484,234880,97,263736
7070,0.088004,172.31.47.0-255,66,234946,97,263736
7071,0.089159,74.125.68.0-255,1484,236430,97,263736
7072,0.089166,172.31.47.0-255,66,236496,97,263736
7073,0.089191,74.125.68.0-255,2902,239398,97,263736
7074,0.089195,172.31.47.0-255,66,239464,97,263736
7075,0.090535,74.125.68.0-255,1484,240948,97,263736
7076,0.090541,172.31.47.0-255,66,241014,97,263736
7077,0.091698,74.125.68.0-255,1484,242498,97,263736
7078,0.091703,172.31.47.0-255,66,242564,97,263736
7079,0.09173,74.125.68.0-255,2902,245466,97,263736
7080,0.091732,172.31.47.0-255,66,245532,97,263736
7081,0.093071,74.125.68.0-255,1484,247016,97,263736
7082,0.093075,172.31.47.0-255,66,247082,97,263736
7083,0.094227,74.125.68.0-255,1484,248566,97,263736
7084,0.094232,172.31.47.0-255,66,248632,97,263736
7085,0.094272,74.125.68.0-255,2902,251534,97,263736
7086,0.094274,172.31.47.0-255,66,251600,97,263736
7087,0.0956,74.125.68.0-255,1484,253084,97,263736
7088,0.095605,172.31.47.0-255,66,253150,97,263736
7089,0.096766,74.125.68.0-255,1484,254634,97,263736
7090,0.09677,172.31.47.0-255,66,254700,97,263736
7091,0.09681,74.125.68.0-255,2902,257602,97,263736
7092,0.096815,172.31.47.0-255,66,257668,97,263736
7093,0.098136,74.125.68.0-255,1484,259152,97,263736
7094,0.098141,172.31.47.0-255,66,259218,97,263736
7095,0.099302,74.125.68.0-255,1484,260702,97,263736
7096,0.099307,172.31.47.0-255,66,260768,97,263736
7097,0.099336,74.125.68.0-255,2902,263670,97,263736
7098,0.099339,172.31.47.0-255,66,263736,97,263736
7099,0.0,172.217.194.0-255,66,66,97,132
7100,0.032983,172.31.47.0-255,66,132,97,132
7101,0.0,172.31.47.0-255,66,66,97,66
7102,0.0,172.217.27.0-255,153,153,97,386052
7103,3.2e-05,172.31.47.0-255,66,219,97,386052
7104,4e-05,172.217.27.0-255,1484,1703,97,386052
7105,4.4e-05,172.31.47.0-255,66,1769,97,386052
7106,4.9e-05,172.217.27.0-255,2902,4671,97,386052
7107,5.1e-05,172.31.47.0-255,66,4737,97,386052
7108,5.6e-05,172.217.27.0-255,4320,9057,97,386052
7109,5.8e-05,172.31.47.0-255,66,9123,97,386052
7110,8.5e-05,172.217.27.0-255,4865,13988,97,386052
7111,8.7e-05,172.31.47.0-255,66,14054,97,386052
7112,0.000112,172.31.47.0-255,66,14120,97,386052
7113,0.000126,172.217.27.0-255,1484,15604,97,386052
7114,0.000129,172.31.47.0-255,66,15670,97,386052
7115,0.000189,172.217.27.0-255,5379,21049,97,386052
7116,0.000193,172.31.47.0-255,66,21115,97,386052
7117,0.000218,172.217.27.0-255,5738,26853,97,386052
7118,0.000222,172.31.47.0-255,66,26919,97,386052
7119,0.000256,172.217.27.0-255,4320,31239,97,386052
7120,0.000259,172.31.47.0-255,66,31305,97,386052
7121,0.000281,172.217.27.0-255,6797,38102,97,386052
7122,0.000285,172.31.47.0-255,66,38168,97,386052
7123,0.000687,172.217.27.0-255,1484,39652,97,386052
7124,0.000693,172.31.47.0-255,66,39718,97,386052
7125,0.000702,172.217.27.0-255,2902,42620,97,386052
7126,0.000704,172.31.47.0-255,66,42686,97,386052
7127,0.000709,172.217.27.0-255,2902,45588,97,386052
7128,0.000711,172.31.47.0-255,66,45654,97,386052
7129,0.000736,172.217.27.0-255,1484,47138,97,386052
7130,0.000739,172.31.47.0-255,66,47204,97,386052
7131,0.000759,172.217.27.0-255,5738,52942,97,386052
7132,0.000762,172.31.47.0-255,66,53008,97,386052
7133,0.000791,172.217.27.0-255,2543,55551,97,386052
7134,0.000795,172.31.47.0-255,66,55617,97,386052
7135,0.000803,172.217.27.0-255,5738,61355,97,386052
7136,0.000805,172.31.47.0-255,66,61421,97,386052
7137,0.000838,172.217.27.0-255,2902,64323,97,386052
7138,0.000841,172.31.47.0-255,66,64389,97,386052
7139,0.000864,172.217.27.0-255,4320,68709,97,386052
7140,0.000868,172.31.47.0-255,66,68775,97,386052
7141,0.000883,172.217.27.0-255,4320,73095,97,386052
7142,0.000887,172.31.47.0-255,66,73161,97,386052
7143,0.000909,172.217.27.0-255,1125,74286,97,386052
7144,0.000938,172.217.27.0-255,5738,80024,97,386052
7145,0.000942,172.31.47.0-255,66,80090,97,386052
7146,0.000946,172.217.27.0-255,1484,81574,97,386052
7147,0.000973,172.31.47.0-255,66,81640,97,386052
7148,0.002624,172.217.27.0-255,5738,87378,97,386052
7149,0.002629,172.31.47.0-255,66,87444,97,386052
7150,0.004284,172.217.27.0-255,5738,93182,97,386052
7151,0.004288,172.31.47.0-255,66,93248,97,386052
7152,0.005953,172.217.27.0-255,5738,98986,97,386052
7153,0.005958,172.31.47.0-255,66,99052,97,386052
7154,0.007617,172.217.27.0-255,4320,103372,97,386052
7155,0.007624,172.31.47.0-255,66,103438,97,386052
7156,0.007645,172.217.27.0-255,1484,104922,97,386052
7157,0.009266,172.217.27.0-255,4320,109242,97,386052
7158,0.009272,172.31.47.0-255,66,109308,97,386052
7159,0.010929,172.217.27.0-255,5738,115046,97,386052
7160,0.010935,172.31.47.0-255,66,115112,97,386052
7161,0.012603,172.217.27.0-255,5738,120850,97,386052
7162,0.012617,172.31.47.0-255,66,120916,97,386052
7163,0.014273,172.217.27.0-255,5738,126654,97,386052
7164,0.01428,172.31.47.0-255,66,126720,97,386052
7165,0.015958,172.217.27.0-255,2902,129622,97,386052
7166,0.015964,172.31.47.0-255,66,129688,97,386052
7167,0.015986,172.217.27.0-255,2902,132590,97,386052
7168,0.01599,172.31.47.0-255,66,132656,97,386052
7169,0.017623,172.217.27.0-255,5738,138394,97,386052
7170,0.017629,172.31.47.0-255,66,138460,97,386052
7171,0.019283,172.217.27.0-255,5738,144198,97,386052
7172,0.019289,172.31.47.0-255,66,144264,97,386052
7173,0.019733,172.31.47.0-255,172,144436,97,386052
7174,0.019777,172.31.47.0-255,1107,145543,97,386052
7175,0.019851,172.31.47.0-255,1514,147057,97,386052
7176,0.019853,172.31.47.0-255,1190,148247,97,386052
7177,0.020941,172.217.27.0-255,5738,153985,97,386052
7178,0.020946,172.31.47.0-255,66,154051,97,386052
7179,0.021248,104.244.42.0-255,66,154117,97,386052
7180,0.021301,104.244.42.0-255,66,154183,97,386052
7181,0.021395,104.244.42.0-255,66,154249,97,386052
7182,0.022632,172.217.27.0-255,2902,157151,97,386052
7183,0.022636,172.31.47.0-255,66,157217,97,386052
7184,0.022662,172.217.27.0-255,2902,160119,97,386052
7185,0.022665,172.31.47.0-255,66,160185,97,386052
7186,0.024299,172.217.27.0-255,5738,165923,97,386052
7187,0.024304,172.31.47.0-255,66,165989,97,386052
7188,0.025957,172.217.27.0-255,5738,171727,97,386052
7189,0.025962,172.31.47.0-255,66,171793,97,386052
7190,0.027607,172.217.27.0-255,5738,177531,97,386052
7191,0.027611,172.31.47.0-255,66,177597,97,386052
7192,0.02926,172.217.27.0-255,5738,183335,97,386052
7193,0.029264,172.31.47.0-255,66,183401,97,386052
7194,0.030927,172.217.27.0-255,5738,189139,97,386052
7195,0.030932,172.31.47.0-255,66,189205,97,386052
7196,0.032586,172.217.27.0-255,5738,194943,97,386052
7197,0.032591,172.31.47.0-255,66,195009,97,386052
7198,0.034242,172.217.27.0-255,5738,200747,97,386052
7199,0.034246,172.31.47.0-255,66,200813,97,386052
7200,0.035896,172.217.27.0-255,5738,206551,97,386052
7201,0.035902,172.31.47.0-255,66,206617,97,386052
7202,0.037555,172.217.27.0-255,5738,212355,97,386052
7203,0.03756,172.31.47.0-255,66,212421,97,386052
7204,0.039208,172.217.27.0-255,4320,216741,97,386052
7205,0.039213,172.31.47.0-255,66,216807,97,386052
7206,0.039241,172.217.27.0-255,1484,218291,97,386052
7207,0.040866,172.217.27.0-255,4320,222611,97,386052
7208,0.040871,172.31.47.0-255,66,222677,97,386052
7209,0.042526,172.217.27.0-255,5738,228415,97,386052
7210,0.042533,172.31.47.0-255,66,228481,97,386052
7211,0.044232,172.217.27.0-255,5738,234219,97,386052
7212,0.044239,172.31.47.0-255,66,234285,97,386052
7213,0.045902,172.217.27.0-255,5738,240023,97,386052
7214,0.045907,172.31.47.0-255,66,240089,97,386052
7215,0.047561,172.217.27.0-255,5738,245827,97,386052
7216,0.047566,172.31.47.0-255,66,245893,97,386052
7217,0.049225,172.217.27.0-255,5738,251631,97,386052
7218,0.049229,172.31.47.0-255,66,251697,97,386052
7219,0.050885,172.217.27.0-255,5738,257435,97,386052
7220,0.050891,172.31.47.0-255,66,257501,97,386052
7221,0.05254,172.217.27.0-255,5738,263239,97,386052
7222,0.052545,172.31.47.0-255,66,263305,97,386052
7223,0.054193,172.217.27.0-255,5738,269043,97,386052
7224,0.054197,172.31.47.0-255,66,269109,97,386052
7225,0.055844,172.217.27.0-255,4320,273429,97,386052
7226,0.055848,172.31.47.0-255,66,273495,97,386052
7227,0.055876,172.217.27.0-255,1484,274979,97,386052
7228,0.057511,172.217.27.0-255,2902,277881,97,386052
7229,0.057516,172.31.47.0-255,66,277947,97,386052
7230,0.05917,172.217.27.0-255,5738,283685,97,386052
7231,0.059175,172.31.47.0-255,66,283751,97,386052
7232,0.060833,172.217.27.0-255,2902,286653,97,386052
7233,0.060837,172.31.47.0-255,66,286719,97,386052
7234,0.060866,172.217.27.0-255,2902,289621,97,386052
7235,0.060869,172.31.47.0-255,66,289687,97,386052
7236,0.062484,172.217.27.0-255,2902,292589,97,386052
7237,0.062489,172.31.47.0-255,66,292655,97,386052
7238,0.062518,172.217.27.0-255,2902,295557,97,386052
7239,0.062521,172.31.47.0-255,66,295623,97,386052
7240,0.064138,172.217.27.0-255,2902,298525,97,386052
7241,0.064144,172.31.47.0-255,66,298591,97,386052
7242,0.06417,172.217.27.0-255,2902,301493,97,386052
7243,0.064173,172.31.47.0-255,66,301559,97,386052
7244,0.06581,172.217.27.0-255,5738,307297,97,386052
7245,0.065816,172.31.47.0-255,66,307363,97,386052
7246,0.067462,172.217.27.0-255,4320,311683,97,386052
7247,0.067466,172.31.47.0-255,66,311749,97,386052
7248,0.067494,172.217.27.0-255,1484,313233,97,386052
7249,0.069117,172.217.27.0-255,4320,317553,97,386052
7250,0.069122,172.31.47.0-255,66,317619,97,386052
7251,0.070804,172.217.27.0-255,5738,323357,97,386052
7252,0.070809,172.31.47.0-255,66,323423,97,386052
7253,0.072454,172.217.27.0-255,5738,329161,97,386052
7254,0.072459,172.31.47.0-255,66,329227,97,386052
7255,0.074111,172.217.27.0-255,5738,334965,97,386052
7256,0.074115,172.31.47.0-255,66,335031,97,386052
7257,0.075772,172.217.27.0-255,5738,340769,97,386052
7258,0.075777,172.31.47.0-255,66,340835,97,386052
7259,0.07742,172.217.27.0-255,4320,345155,97,386052
7260,0.077425,172.31.47.0-255,66,345221,97,386052
7261,0.077452,172.217.27.0-255,1484,346705,97,386052
7262,0.079074,172.217.27.0-255,4320,351025,97,386052
7263,0.079079,172.31.47.0-255,66,351091,97,386052
7264,0.080732,172.217.27.0-255,5738,356829,97,386052
7265,0.080737,172.31.47.0-255,66,356895,97,386052
7266,0.082402,172.217.27.0-255,5738,362633,97,386052
7267,0.082407,172.31.47.0-255,66,362699,97,386052
7268,0.08406,172.217.27.0-255,5738,368437,97,386052
7269,0.084065,172.31.47.0-255,66,368503,97,386052
7270,0.085726,172.217.27.0-255,5738,374241,97,386052
7271,0.08573,172.31.47.0-255,66,374307,97,386052
7272,0.087379,172.217.27.0-255,5738,380045,97,386052
7273,0.087384,172.31.47.0-255,66,380111,97,386052
7274,0.089035,172.217.27.0-255,5704,385815,97,386052
7275,0.08904,172.31.47.0-255,66,385881,97,386052
7276,0.089228,172.31.47.0-255,105,385986,97,386052
7277,0.090861,172.217.27.0-255,66,386052,97,386052
7278,0.0,172.31.47.0-255,66,66,97,66
7279,0.0,172.217.194.0-255,431,431,97,138139
7280,2.6e-05,172.217.194.0-255,1484,1915,97,138139
7281,3.6e-05,172.31.47.0-255,66,1981,97,138139
7282,4.6e-05,172.217.194.0-255,4320,6301,97,138139
7283,4.9e-05,172.31.47.0-255,66,6367,97,138139
7284,9.2e-05,172.31.47.0-255,66,6433,97,138139
7285,0.000334,172.217.194.0-255,1484,7917,97,138139
7286,0.000391,172.217.194.0-255,2902,10819,97,138139
7287,0.000395,172.31.47.0-255,66,10885,97,138139
7288,0.000503,172.217.194.0-255,1484,12369,97,138139
7289,0.000522,172.217.194.0-255,4320,16689,97,138139
7290,0.000526,172.31.47.0-255,66,16755,97,138139
7291,0.000761,172.217.194.0-255,5485,22240,97,138139
7292,0.000827,172.31.47.0-255,66,22306,97,138139
7293,0.002314,172.217.194.0-255,5738,28044,97,138139
7294,0.002408,172.217.194.0-255,4320,32364,97,138139
7295,0.002426,172.217.194.0-255,4320,36684,97,138139
7296,0.002756,172.217.194.0-255,4320,41004,97,138139
7297,0.003358,172.217.194.0-255,5738,46742,97,138139
7298,0.003409,172.31.47.0-255,66,46808,97,138139
7299,0.003658,172.31.47.0-255,66,46874,97,138139
7300,0.003906,172.217.194.0-255,5738,52612,97,138139
7301,0.003911,172.31.47.0-255,66,52678,97,138139
7302,0.003945,172.31.47.0-255,66,52744,97,138139
7303,0.004376,172.217.194.0-255,5738,58482,97,138139
7304,0.00438,172.31.47.0-255,66,58548,97,138139
7305,0.005728,172.31.47.0-255,66,58614,97,138139
7306,0.005956,172.217.194.0-255,5738,64352,97,138139
7307,0.005961,172.31.47.0-255,66,64418,97,138139
7308,0.006008,172.31.47.0-255,66,64484,97,138139
7309,0.006068,172.217.194.0-255,7156,71640,97,138139
7310,0.006072,172.31.47.0-255,66,71706,97,138139
7311,0.006102,172.217.194.0-255,7156,78862,97,138139
7312,0.006106,172.31.47.0-255,66,78928,97,138139
7313,0.00638,172.217.194.0-255,5738,84666,97,138139
7314,0.006385,172.31.47.0-255,66,84732,97,138139
7315,0.006419,172.31.47.0-255,66,84798,97,138139
7316,0.006664,172.217.194.0-255,4320,89118,97,138139
7317,0.006668,172.31.47.0-255,66,89184,97,138139
7318,0.006697,172.31.47.0-255,66,89250,97,138139
7319,0.006971,172.31.47.0-255,66,89316,97,138139
7320,0.007004,172.217.194.0-255,4320,93636,97,138139
7321,0.007008,172.31.47.0-255,66,93702,97,138139
7322,0.007237,172.217.194.0-255,4320,98022,97,138139
7323,0.007242,172.31.47.0-255,66,98088,97,138139
7324,0.007286,172.31.47.0-255,66,98154,97,138139
7325,0.007513,172.217.194.0-255,7156,105310,97,138139
7326,0.007519,172.31.47.0-255,66,105376,97,138139
7327,0.007546,172.217.194.0-255,7156,112532,97,138139
7328,0.00755,172.31.47.0-255,66,112598,97,138139
7329,0.008231,172.31.47.0-255,66,112664,97,138139
7330,0.008265,172.217.194.0-255,4320,116984,97,138139
7331,0.008269,172.31.47.0-255,66,117050,97,138139
7332,0.008379,172.31.47.0-255,66,117116,97,138139
7333,0.008408,172.217.194.0-255,5738,122854,97,138139
7334,0.008412,172.31.47.0-255,66,122920,97,138139
7335,0.008626,172.31.47.0-255,66,122986,97,138139
7336,0.008693,172.31.47.0-255,66,123052,97,138139
7337,0.009093,172.217.194.0-255,7156,130208,97,138139
7338,0.0091,172.31.47.0-255,66,130274,97,138139
7339,0.009139,172.31.47.0-255,66,130340,97,138139
7340,0.009532,172.31.47.0-255,66,130406,97,138139
7341,0.009581,172.31.47.0-255,66,130472,97,138139
7342,0.009969,172.31.47.0-255,66,130538,97,138139
7343,0.010012,172.31.47.0-255,66,130604,97,138139
7344,0.010277,172.31.47.0-255,66,130670,97,138139
7345,0.0103,172.31.47.0-255,66,130736,97,138139
7346,0.010639,172.31.47.0-255,66,130802,97,138139
7347,0.017968,172.31.47.0-255,105,130907,97,138139
7348,0.023769,172.31.47.0-255,176,131083,97,138139
7349,0.023817,172.31.47.0-255,1111,132194,97,138139
7350,0.023892,172.31.47.0-255,1514,133708,97,138139
7351,0.023893,172.31.47.0-255,1514,135222,97,138139
7352,0.023898,172.31.47.0-255,1514,136736,97,138139
7353,0.023899,172.31.47.0-255,1073,137809,97,138139
7354,0.02481,172.217.194.0-255,66,137875,97,138139
7355,0.025281,104.244.42.0-255,66,137941,97,138139
7356,0.025353,104.244.42.0-255,66,138007,97,138139
7357,0.02545,104.244.42.0-255,66,138073,97,138139
7358,0.025452,104.244.42.0-255,66,138139,97,138139
7359,0.0,172.31.47.0-255,105,105,97,342
7360,0.067385,31.13.82.0-255,66,171,97,342
7361,0.067414,31.13.82.0-255,105,276,97,342
7362,0.067423,172.31.47.0-255,66,342,97,342
7363,0.0,74.125.200.0-255,153,153,97,403761
7364,3.2e-05,172.31.47.0-255,66,219,97,403761
7365,3.9e-05,74.125.200.0-255,1484,1703,97,403761
7366,4.3e-05,172.31.47.0-255,66,1769,97,403761
7367,4.8e-05,74.125.200.0-255,2902,4671,97,403761
7368,5e-05,172.31.47.0-255,66,4737,97,403761
7369,7.9e-05,74.125.200.0-255,5738,10475,97,403761
7370,8.2e-05,172.31.47.0-255,66,10541,97,403761
7371,0.000118,74.125.200.0-255,6295,16836,97,403761
7372,0.000122,172.31.47.0-255,66,16902,97,403761
7373,0.000128,74.125.200.0-255,7156,24058,97,403761
7374,0.00013,172.31.47.0-255,66,24124,97,403761
7375,0.000168,74.125.200.0-255,6797,30921,97,403761
7376,0.000171,172.31.47.0-255,66,30987,97,403761
7377,0.000207,74.125.200.0-255,1484,32471,97,403761
7378,0.000211,172.31.47.0-255,66,32537,97,403761
7379,0.000215,74.125.200.0-255,1484,34021,97,403761
7380,0.000217,172.31.47.0-255,66,34087,97,403761
7381,0.000243,74.125.200.0-255,1484,35571,97,403761
7382,0.000246,172.31.47.0-255,66,35637,97,403761
7383,0.000253,74.125.200.0-255,5738,41375,97,403761
7384,0.000255,172.31.47.0-255,66,41441,97,403761
7385,0.00026,74.125.200.0-255,4320,45761,97,403761
7386,0.000263,172.31.47.0-255,66,45827,97,403761
7387,0.000286,74.125.200.0-255,2543,48370,97,403761
7388,0.000289,172.31.47.0-255,66,48436,97,403761
7389,0.000295,74.125.200.0-255,7156,55592,97,403761
7390,0.000297,172.31.47.0-255,66,55658,97,403761
7391,0.000313,74.125.200.0-255,2902,58560,97,403761
7392,0.000316,172.31.47.0-255,66,58626,97,403761
7393,0.000329,74.125.200.0-255,2902,61528,97,403761
7394,0.000334,172.31.47.0-255,66,61594,97,403761
7395,0.000365,74.125.200.0-255,3961,65555,97,403761
7396,0.000368,172.31.47.0-255,66,65621,97,403761
7397,0.000393,74.125.200.0-255,410,66031,97,403761
7398,0.000573,74.125.200.0-255,333,66364,97,403761
7399,0.000747,172.31.47.0-255,66,66430,97,403761
7400,0.00101,74.125.200.0-255,1484,67914,97,403761
7401,0.00102,74.125.200.0-255,2902,70816,97,403761
7402,0.001023,172.31.47.0-255,66,70882,97,403761
7403,0.001046,74.125.200.0-255,5738,76620,97,403761
7404,0.001049,172.31.47.0-255,66,76686,97,403761
7405,0.001052,74.125.200.0-255,2902,79588,97,403761
7406,0.001054,172.31.47.0-255,66,79654,97,403761
7407,0.001075,74.125.200.0-255,4320,83974,97,403761
7408,0.001078,172.31.47.0-255,66,84040,97,403761
7409,0.001081,74.125.200.0-255,2902,86942,97,403761
7410,0.001083,172.31.47.0-255,66,87008,97,403761
7411,0.001106,74.125.200.0-255,5738,92746,97,403761
7412,0.001108,172.31.47.0-255,66,92812,97,403761
7413,0.001113,74.125.200.0-255,4320,97132,97,403761
7414,0.001114,172.31.47.0-255,66,97198,97,403761
7415,0.001135,74.125.200.0-255,3053,100251,97,403761
7416,0.001137,172.31.47.0-255,66,100317,97,403761
7417,0.001255,74.125.200.0-255,1484,101801,97,403761
7418,0.001268,74.125.200.0-255,2902,104703,97,403761
7419,0.001272,172.31.47.0-255,66,104769,97,403761
7420,0.001292,74.125.200.0-255,2902,107671,97,403761
7421,0.001294,172.31.47.0-255,66,107737,97,403761
7422,0.001309,74.125.200.0-255,2902,110639,97,403761
7423,0.001311,172.31.47.0-255,66,110705,97,403761
7424,0.001315,74.125.200.0-255,4320,115025,97,403761
7425,0.001316,172.31.47.0-255,66,115091,97,403761
7426,0.00134,74.125.200.0-255,5738,120829,97,403761
7427,0.001342,172.31.47.0-255,66,120895,97,403761
7428,0.001347,74.125.200.0-255,5738,126633,97,403761
7429,0.001349,172.31.47.0-255,66,126699,97,403761
7430,0.001366,74.125.200.0-255,5738,132437,97,403761
7431,0.001368,172.31.47.0-255,66,132503,97,403761
7432,0.001371,74.125.200.0-255,2184,134687,97,403761
7433,0.001373,172.31.47.0-255,66,134753,97,403761
7434,0.003342,74.125.200.0-255,2902,137655,97,403761
7435,0.003346,172.31.47.0-255,66,137721,97,403761
7436,0.003365,74.125.200.0-255,2902,140623,97,403761
7437,0.003367,172.31.47.0-255,66,140689,97,403761
7438,0.005324,74.125.200.0-255,2902,143591,97,403761
7439,0.00533,172.31.47.0-255,66,143657,97,403761
7440,0.005349,74.125.200.0-255,2902,146559,97,403761
7441,0.005352,172.31.47.0-255,66,146625,97,403761
7442,0.007301,74.125.200.0-255,2902,149527,97,403761
7443,0.007309,172.31.47.0-255,66,149593,97,403761
7444,0.007329,74.125.200.0-255,2902,152495,97,403761
7445,0.007332,172.31.47.0-255,66,152561,97,403761
7446,0.009284,74.125.200.0-255,2902,155463,97,403761
7447,0.00929,172.31.47.0-255,66,155529,97,403761
7448,0.009312,74.125.200.0-255,2902,158431,97,403761
7449,0.009314,172.31.47.0-255,66,158497,97,403761
7450,0.011273,74.125.200.0-255,2902,161399,97,403761
7451,0.011279,172.31.47.0-255,66,161465,97,403761
7452,0.011314,74.125.200.0-255,2902,164367,97,403761
7453,0.011317,172.31.47.0-255,66,164433,97,403761
7454,0.013283,74.125.200.0-255,2902,167335,97,403761
7455,0.01329,172.31.47.0-255,66,167401,97,403761
7456,0.01333,74.125.200.0-255,2902,170303,97,403761
7457,0.013333,172.31.47.0-255,66,170369,97,403761
7458,0.015276,74.125.200.0-255,2902,173271,97,403761
7459,0.015282,172.31.47.0-255,66,173337,97,403761
7460,0.015311,74.125.200.0-255,2902,176239,97,403761
7461,0.015314,172.31.47.0-255,66,176305,97,403761
7462,0.01727,74.125.200.0-255,2902,179207,97,403761
7463,0.017277,172.31.47.0-255,66,179273,97,403761
7464,0.017308,74.125.200.0-255,2902,182175,97,403761
7465,0.01731,172.31.47.0-255,66,182241,97,403761
7466,0.019278,74.125.200.0-255,5738,187979,97,403761
7467,0.019284,172.31.47.0-255,66,188045,97,403761
7468,0.021265,74.125.200.0-255,4320,192365,97,403761
7469,0.021273,172.31.47.0-255,66,192431,97,403761
7470,0.021298,74.125.200.0-255,1484,193915,97,403761
7471,0.022809,172.31.47.0-255,176,194091,97,403761
7472,0.022838,172.31.47.0-255,1106,195197,97,403761
7473,0.022873,172.31.47.0-255,1514,196711,97,403761
7474,0.022874,172.31.47.0-255,1298,198009,97,403761
7475,0.023251,74.125.200.0-255,4320,202329,97,403761
7476,0.023258,172.31.47.0-255,66,202395,97,403761
7477,0.024341,104.244.42.0-255,66,202461,97,403761
7478,0.024381,104.244.42.0-255,66,202527,97,403761
7479,0.024424,104.244.42.0-255,66,202593,97,403761
7480,0.025232,74.125.200.0-255,1484,204077,97,403761
7481,0.025259,74.125.200.0-255,2902,206979,97,403761
7482,0.025263,172.31.47.0-255,66,207045,97,403761
7483,0.025283,74.125.200.0-255,1484,208529,97,403761
7484,0.027244,74.125.200.0-255,4320,212849,97,403761
7485,0.027248,172.31.47.0-255,66,212915,97,403761
7486,0.02923,74.125.200.0-255,5738,218653,97,403761
7487,0.029235,172.31.47.0-255,66,218719,97,403761
7488,0.031217,74.125.200.0-255,5738,224457,97,403761
7489,0.031222,172.31.47.0-255,66,224523,97,403761
7490,0.033203,74.125.200.0-255,5738,230261,97,403761
7491,0.033208,172.31.47.0-255,66,230327,97,403761
7492,0.035196,74.125.200.0-255,2902,233229,97,403761
7493,0.035201,172.31.47.0-255,66,233295,97,403761
7494,0.035227,74.125.200.0-255,2902,236197,97,403761
7495,0.03523,172.31.47.0-255,66,236263,97,403761
7496,0.037178,74.125.200.0-255,2902,239165,97,403761
7497,0.037183,172.31.47.0-255,66,239231,97,403761
7498,0.037215,74.125.200.0-255,2902,242133,97,403761
7499,0.037218,172.31.47.0-255,66,242199,97,403761
7500,0.039161,74.125.200.0-255,2902,245101,97,403761
7501,0.039165,172.31.47.0-255,66,245167,97,403761
7502,0.039209,74.125.200.0-255,2902,248069,97,403761
7503,0.039212,172.31.47.0-255,66,248135,97,403761
7504,0.041174,74.125.200.0-255,2902,251037,97,403761
7505,0.04118,172.31.47.0-255,66,251103,97,403761
7506,0.041202,74.125.200.0-255,2902,254005,97,403761
7507,0.041205,172.31.47.0-255,66,254071,97,403761
7508,0.04318,74.125.200.0-255,5738,259809,97,403761
7509,0.043195,172.31.47.0-255,66,259875,97,403761
7510,0.045192,74.125.200.0-255,5738,265613,97,403761
7511,0.045207,172.31.47.0-255,66,265679,97,403761
7512,0.047207,74.125.200.0-255,5738,271417,97,403761
7513,0.04722,172.31.47.0-255,66,271483,97,403761
7514,0.049219,74.125.200.0-255,5738,277221,97,403761
7515,0.049231,172.31.47.0-255,66,277287,97,403761
7516,0.051228,74.125.200.0-255,5738,283025,97,403761
7517,0.051235,172.31.47.0-255,66,283091,97,403761
7518,0.053226,74.125.200.0-255,5738,288829,97,403761
7519,0.05323,172.31.47.0-255,66,288895,97,403761
7520,0.055233,74.125.200.0-255,1484,290379,97,403761
7521,0.055262,74.125.200.0-255,4320,294699,97,403761
7522,0.055266,172.31.47.0-255,66,294765,97,403761
7523,0.057245,74.125.200.0-255,5738,300503,97,403761
7524,0.057251,172.31.47.0-255,66,300569,97,403761
7525,0.059232,74.125.200.0-255,5738,306307,97,403761
7526,0.059239,172.31.47.0-255,66,306373,97,403761
7527,0.06122,74.125.200.0-255,5738,312111,97,403761
7528,0.061226,172.31.47.0-255,66,312177,97,403761
7529,0.063217,74.125.200.0-255,5738,317915,97,403761
7530,0.063223,172.31.47.0-255,66,317981,97,403761
7531,0.06522,74.125.200.0-255,5738,323719,97,403761
7532,0.065224,172.31.47.0-255,66,323785,97,403761
7533,0.067199,74.125.200.0-255,1484,325269,97,403761
7534,0.067224,74.125.200.0-255,4320,329589,97,403761
7535,0.067228,172.31.47.0-255,66,329655,97,403761
7536,0.069209,74.125.200.0-255,5738,335393,97,403761
7537,0.069214,172.31.47.0-255,66,335459,97,403761
7538,0.071193,74.125.200.0-255,2902,338361,97,403761
7539,0.071198,172.31.47.0-255,66,338427,97,403761
7540,0.071222,74.125.200.0-255,2902,341329,97,403761
7541,0.071225,172.31.47.0-255,66,341395,97,403761
7542,0.073176,74.125.200.0-255,2902,344297,97,403761
7543,0.073181,172.31.47.0-255,66,344363,97,403761
7544,0.07321,74.125.200.0-255,2902,347265,97,403761
7545,0.073212,172.31.47.0-255,66,347331,97,403761
7546,0.075151,74.125.200.0-255,2902,350233,97,403761
7547,0.075156,172.31.47.0-255,66,350299,97,403761
7548,0.075182,74.125.200.0-255,2902,353201,97,403761
7549,0.075185,172.31.47.0-255,66,353267,97,403761
7550,0.077131,74.125.200.0-255,2902,356169,97,403761
7551,0.077135,172.31.47.0-255,66,356235,97,403761
7552,0.077166,74.125.200.0-255,2902,359137,97,403761
7553,0.077168,172.31.47.0-255,66,359203,97,403761
7554,0.079107,74.125.200.0-255,2902,362105,97,403761
7555,0.079113,172.31.47.0-255,66,362171,97,403761
7556,0.079143,74.125.200.0-255,2902,365073,97,403761
7557,0.079146,172.31.47.0-255,66,365139,97,403761
7558,0.081082,74.125.200.0-255,2902,368041,97,403761
7559,0.081087,172.31.47.0-255,66,368107,97,403761
7560,0.081116,74.125.200.0-255,2902,371009,97,403761
7561,0.081119,172.31.47.0-255,66,371075,97,403761
7562,0.083076,74.125.200.0-255,4320,375395,97,403761
7563,0.083081,172.31.47.0-255,66,375461,97,403761
7564,0.083119,74.125.200.0-255,1484,376945,97,403761
7565,0.08506,74.125.200.0-255,4320,381265,97,403761
7566,0.085065,172.31.47.0-255,66,381331,97,403761
7567,0.087043,74.125.200.0-255,4320,385651,97,403761
7568,0.087048,172.31.47.0-255,66,385717,97,403761
7569,0.087097,74.125.200.0-255,1484,387201,97,403761
7570,0.089028,74.125.200.0-255,4320,391521,97,403761
7571,0.089033,172.31.47.0-255,66,391587,97,403761
7572,0.091011,74.125.200.0-255,5738,397325,97,403761
7573,0.091016,172.31.47.0-255,66,397391,97,403761
7574,0.093004,74.125.200.0-255,5738,403129,97,403761
7575,0.093009,172.31.47.0-255,66,403195,97,403761
7576,0.094958,74.125.200.0-255,329,403524,97,403761
7577,0.095124,172.31.47.0-255,66,403590,97,403761
7578,0.095154,172.31.47.0-255,105,403695,97,403761
7579,0.097128,74.125.200.0-255,66,403761,97,403761
7580,0.0,172.31.47.0-255,66,66,97,66
7581,0.0,172.217.194.0-255,143,143,97,210481
7582,3.4e-05,172.31.47.0-255,66,209,97,210481
7583,3.9e-05,172.217.194.0-255,1484,1693,97,210481
7584,4.3e-05,172.31.47.0-255,66,1759,97,210481
7585,4.7e-05,172.217.194.0-255,2902,4661,97,210481
7586,5e-05,172.31.47.0-255,66,4727,97,210481
7587,7.8e-05,172.217.194.0-255,5738,10465,97,210481
7588,8.1e-05,172.31.47.0-255,66,10531,97,210481
7589,0.0001,172.217.194.0-255,3488,14019,97,210481
7590,0.000102,172.31.47.0-255,66,14085,97,210481
7591,0.00015,172.217.194.0-255,4320,18405,97,210481
7592,0.000154,172.31.47.0-255,66,18471,97,210481
7593,0.00016,172.217.194.0-255,5738,24209,97,210481
7594,0.000162,172.31.47.0-255,66,24275,97,210481
7595,0.000202,172.217.194.0-255,5738,30013,97,210481
7596,0.000206,172.31.47.0-255,66,30079,97,210481
7597,0.000228,172.217.194.0-255,6797,36876,97,210481
7598,0.000231,172.31.47.0-255,66,36942,97,210481
7599,0.00025,172.217.194.0-255,4320,41262,97,210481
7600,0.000252,172.31.47.0-255,66,41328,97,210481
7601,0.000274,172.217.194.0-255,6797,48125,97,210481
7602,0.000277,172.31.47.0-255,66,48191,97,210481
7603,0.000288,172.31.47.0-255,66,48257,97,210481
7604,0.00031,172.217.194.0-255,4320,52577,97,210481
7605,0.000312,172.31.47.0-255,66,52643,97,210481
7606,0.000328,172.217.194.0-255,1403,54046,97,210481
7607,0.000331,172.31.47.0-255,66,54112,97,210481
7608,0.000377,172.217.194.0-255,121,54233,97,210481
7609,0.000381,172.31.47.0-255,66,54299,97,210481
7610,0.000399,172.217.194.0-255,375,54674,97,210481
7611,0.000403,172.31.47.0-255,66,54740,97,210481
7612,0.000587,172.217.194.0-255,1484,56224,97,210481
7613,0.000594,172.217.194.0-255,2902,59126,97,210481
7614,0.000597,172.217.194.0-255,2902,62028,97,210481
7615,0.0006,172.31.47.0-255,66,62094,97,210481
7616,0.000604,172.31.47.0-255,66,62160,97,210481
7617,0.000623,172.217.194.0-255,2902,65062,97,210481
7618,0.000627,172.31.47.0-255,66,65128,97,210481
7619,0.00063,172.217.194.0-255,1484,66612,97,210481
7620,0.000636,172.217.194.0-255,7156,73768,97,210481
7621,0.000638,172.31.47.0-255,66,73834,97,210481
7622,0.00066,172.217.194.0-255,1484,75318,97,210481
7623,0.000668,172.217.194.0-255,7156,82474,97,210481
7624,0.000671,172.31.47.0-255,66,82540,97,210481
7625,0.000692,172.217.194.0-255,6438,88978,97,210481
7626,0.000696,172.31.47.0-255,66,89044,97,210481
7627,0.00094,172.217.194.0-255,1484,90528,97,210481
7628,0.000946,172.217.194.0-255,2902,93430,97,210481
7629,0.00095,172.31.47.0-255,66,93496,97,210481
7630,0.000967,172.217.194.0-255,5738,99234,97,210481
7631,0.00097,172.31.47.0-255,66,99300,97,210481
7632,0.000973,172.217.194.0-255,1484,100784,97,210481
7633,0.001005,172.31.47.0-255,66,100850,97,210481
7634,0.00101,172.217.194.0-255,4320,105170,97,210481
7635,0.001012,172.31.47.0-255,66,105236,97,210481
7636,0.001029,172.217.194.0-255,6438,111674,97,210481
7637,0.001033,172.31.47.0-255,66,111740,97,210481
7638,0.001386,172.217.194.0-255,1484,113224,97,210481
7639,0.001393,172.217.194.0-255,2902,116126,97,210481
7640,0.001397,172.31.47.0-255,66,116192,97,210481
7641,0.001402,172.217.194.0-255,2902,119094,97,210481
7642,0.001403,172.31.47.0-255,66,119160,97,210481
7643,0.001422,172.217.194.0-255,2902,122062,97,210481
7644,0.001425,172.31.47.0-255,66,122128,97,210481
7645,0.001433,172.217.194.0-255,7156,129284,97,210481
7646,0.001435,172.31.47.0-255,66,129350,97,210481
7647,0.001441,172.217.194.0-255,5738,135088,97,210481
7648,0.001444,172.31.47.0-255,66,135154,97,210481
7649,0.001483,172.31.47.0-255,66,135220,97,210481
7650,0.001487,172.217.194.0-255,2184,137404,97,210481
7651,0.001489,172.31.47.0-255,66,137470,97,210481
7652,0.001549,172.217.194.0-255,1484,138954,97,210481
7653,0.001554,172.217.194.0-255,2902,141856,97,210481
7654,0.001557,172.31.47.0-255,66,141922,97,210481
7655,0.001582,172.217.194.0-255,5738,147660,97,210481
7656,0.001584,172.31.47.0-255,66,147726,97,210481
7657,0.001587,172.217.194.0-255,1484,149210,97,210481
7658,0.001626,172.31.47.0-255,66,149276,97,210481
7659,0.001631,172.217.194.0-255,2902,152178,97,210481
7660,0.001633,172.31.47.0-255,66,152244,97,210481
7661,0.001656,172.31.47.0-255,66,152310,97,210481
7662,0.001715,172.217.194.0-255,1484,153794,97,210481
7663,0.001738,172.217.194.0-255,2902,156696,97,210481
7664,0.001743,172.31.47.0-255,66,156762,97,210481
7665,0.001763,172.217.194.0-255,5738,162500,97,210481
7666,0.001767,172.31.47.0-255,66,162566,97,210481
7667,0.00177,172.217.194.0-255,1484,164050,97,210481
7668,0.001786,172.217.194.0-255,4320,168370,97,210481
7669,0.001788,172.31.47.0-255,66,168436,97,210481
7670,0.001793,172.217.194.0-255,2902,171338,97,210481
7671,0.001795,172.31.47.0-255,66,171404,97,210481
7672,0.001815,172.217.194.0-255,4320,175724,97,210481
7673,0.001818,172.31.47.0-255,66,175790,97,210481
7674,0.001822,172.217.194.0-255,2902,178692,97,210481
7675,0.001824,172.31.47.0-255,66,178758,97,210481
7676,0.001847,172.31.47.0-255,66,178824,97,210481
7677,0.001949,172.217.194.0-255,1484,180308,97,210481
7678,0.001955,172.217.194.0-255,2902,183210,97,210481
7679,0.001957,172.31.47.0-255,66,183276,97,210481
7680,0.001979,172.217.194.0-255,5738,189014,97,210481
7681,0.001982,172.31.47.0-255,66,189080,97,210481
7682,0.001985,172.217.194.0-255,1484,190564,97,210481
7683,0.002012,172.31.47.0-255,66,190630,97,210481
7684,0.002041,172.217.194.0-255,5738,196368,97,210481
7685,0.002045,172.31.47.0-255,66,196434,97,210481
7686,0.002082,172.31.47.0-255,66,196500,97,210481
7687,0.002094,172.31.47.0-255,66,196566,97,210481
7688,0.002132,172.31.47.0-255,66,196632,97,210481
7689,0.002151,172.31.47.0-255,66,196698,97,210481
7690,0.002176,172.217.194.0-255,1484,198182,97,210481
7691,0.002189,172.31.47.0-255,66,198248,97,210481
7692,0.002208,172.217.194.0-255,7156,205404,97,210481
7693,0.002212,172.31.47.0-255,66,205470,97,210481
7694,0.002239,172.31.47.0-255,66,205536,97,210481
7695,0.002282,172.31.47.0-255,66,205602,97,210481
7696,0.002303,172.31.47.0-255,66,205668,97,210481
7697,0.002306,172.217.194.0-255,105,205773,97,210481
7698,0.003314,172.31.47.0-255,105,205878,97,210481
7699,0.003605,172.31.47.0-255,90,205968,97,210481
7700,0.003615,172.31.47.0-255,66,206034,97,210481
7701,0.005724,172.217.194.0-255,66,206100,97,210481
7702,0.005991,172.217.194.0-255,66,206166,97,210481
7703,0.006013,172.217.194.0-255,66,206232,97,210481
7704,0.006018,172.31.47.0-255,66,206298,97,210481
7705,0.026665,172.31.47.0-255,172,206470,97,210481
7706,0.02671,172.31.47.0-255,1107,207577,97,210481
7707,0.026776,172.31.47.0-255,1514,209091,97,210481
7708,0.026779,172.31.47.0-255,1192,210283,97,210481
7709,0.02826,104.244.42.0-255,66,210349,97,210481
7710,0.028303,104.244.42.0-255,66,210415,97,210481
7711,0.028386,104.244.42.0-255,66,210481,97,210481
7712,0.0,172.31.47.0-255,97,97,97,163
7713,0.007258,74.125.68.0-255,66,163,97,163
7714,0.0,74.125.68.0-255,293,293,97,379792
7715,1.7e-05,172.31.47.0-255,66,359,97,379792
7716,2.3e-05,74.125.68.0-255,1484,1843,97,379792
7717,2.6e-05,172.31.47.0-255,66,1909,97,379792
7718,5.2e-05,74.125.68.0-255,4320,6229,97,379792
7719,5.5e-05,172.31.47.0-255,66,6295,97,379792
7720,8e-05,74.125.68.0-255,5738,12033,97,379792
7721,8.2e-05,172.31.47.0-255,66,12099,97,379792
7722,9.9e-05,74.125.68.0-255,2054,14153,97,379792
7723,0.000101,172.31.47.0-255,66,14219,97,379792
7724,0.000119,74.125.68.0-255,2902,17121,97,379792
7725,0.000121,172.31.47.0-255,66,17187,97,379792
7726,0.00015,74.125.68.0-255,1484,18671,97,379792
7727,0.000152,172.31.47.0-255,66,18737,97,379792
7728,0.000172,74.125.68.0-255,4320,23057,97,379792
7729,0.000174,172.31.47.0-255,66,23123,97,379792
7730,0.000178,74.125.68.0-255,1484,24607,97,379792
7731,0.00018,172.31.47.0-255,66,24673,97,379792
7732,0.0002,74.125.68.0-255,5738,30411,97,379792
7733,0.000203,172.31.47.0-255,66,30477,97,379792
7734,0.000205,74.125.68.0-255,1125,31602,97,379792
7735,0.000208,172.31.47.0-255,66,31668,97,379792
7736,0.000368,74.125.68.0-255,1484,33152,97,379792
7737,0.000372,172.31.47.0-255,66,33218,97,379792
7738,0.00039,74.125.68.0-255,2902,36120,97,379792
7739,0.000393,172.31.47.0-255,66,36186,97,379792
7740,0.000396,74.125.68.0-255,1484,37670,97,379792
7741,0.000398,172.31.47.0-255,66,37736,97,379792
7742,0.000418,74.125.68.0-255,2902,40638,97,379792
7743,0.00042,172.31.47.0-255,66,40704,97,379792
7744,0.000434,74.125.68.0-255,1484,42188,97,379792
7745,0.000436,172.31.47.0-255,66,42254,97,379792
7746,0.000455,74.125.68.0-255,4320,46574,97,379792
7747,0.000457,172.31.47.0-255,66,46640,97,379792
7748,0.00046,74.125.68.0-255,1484,48124,97,379792
7749,0.000483,74.125.68.0-255,2543,50667,97,379792
7750,0.000486,172.31.47.0-255,66,50733,97,379792
7751,0.000524,74.125.68.0-255,5738,56471,97,379792
7752,0.000527,172.31.47.0-255,66,56537,97,379792
7753,0.000576,74.125.68.0-255,7156,63693,97,379792
7754,0.000579,172.31.47.0-255,66,63759,97,379792
7755,0.000583,74.125.68.0-255,2853,66612,97,379792
7756,0.000585,172.31.47.0-255,66,66678,97,379792
7757,0.000589,74.125.68.0-255,111,66789,97,379792
7758,0.000609,74.125.68.0-255,330,67119,97,379792
7759,0.000719,74.125.68.0-255,1484,68603,97,379792
7760,0.000722,172.31.47.0-255,66,68669,97,379792
7761,0.000726,74.125.68.0-255,1484,70153,97,379792
7762,0.000739,74.125.68.0-255,1484,71637,97,379792
7763,0.000741,172.31.47.0-255,66,71703,97,379792
7764,0.000766,74.125.68.0-255,5738,77441,97,379792
7765,0.000769,172.31.47.0-255,66,77507,97,379792
7766,0.000776,74.125.68.0-255,7156,84663,97,379792
7767,0.000779,172.31.47.0-255,66,84729,97,379792
7768,0.000801,74.125.68.0-255,1484,86213,97,379792
7769,0.000823,172.31.47.0-255,66,86279,97,379792
7770,0.000842,74.125.68.0-255,4320,90599,97,379792
7771,0.000844,172.31.47.0-255,66,90665,97,379792
7772,0.000862,74.125.68.0-255,2184,92849,97,379792
7773,0.000864,172.31.47.0-255,66,92915,97,379792
7774,0.001541,74.125.68.0-255,1484,94399,97,379792
7775,0.00155,74.125.68.0-255,2902,97301,97,379792
7776,0.001553,172.31.47.0-255,66,97367,97,379792
7777,0.001587,74.125.68.0-255,2902,100269,97,379792
7778,0.00159,172.31.47.0-255,66,100335,97,379792
7779,0.001611,74.125.68.0-255,2902,103237,97,379792
7780,0.001614,172.31.47.0-255,66,103303,97,379792
7781,0.001619,74.125.68.0-255,2902,106205,97,379792
7782,0.001621,172.31.47.0-255,66,106271,97,379792
7783,0.001626,74.125.68.0-255,4320,110591,97,379792
7784,0.001628,172.31.47.0-255,66,110657,97,379792
7785,0.001651,74.125.68.0-255,5738,116395,97,379792
7786,0.001654,172.31.47.0-255,66,116461,97,379792
7787,0.001677,74.125.68.0-255,7156,123617,97,379792
7788,0.00168,172.31.47.0-255,66,123683,97,379792
7789,0.001698,74.125.68.0-255,3602,127285,97,379792
7790,0.0017,172.31.47.0-255,66,127351,97,379792
7791,0.001818,74.125.68.0-255,1484,128835,97,379792
7792,0.001837,74.125.68.0-255,2902,131737,97,379792
7793,0.001841,172.31.47.0-255,66,131803,97,379792
7794,0.001857,74.125.68.0-255,1484,133287,97,379792
7795,0.001877,74.125.68.0-255,2902,136189,97,379792
7796,0.00188,172.31.47.0-255,66,136255,97,379792
7797,0.001885,74.125.68.0-255,2902,139157,97,379792
7798,0.001887,172.31.47.0-255,66,139223,97,379792
7799,0.001902,74.125.68.0-255,2902,142125,97,379792
7800,0.001905,172.31.47.0-255,66,142191,97,379792
7801,0.001911,74.125.68.0-255,5738,147929,97,379792
7802,0.001913,172.31.47.0-255,66,147995,97,379792
7803,0.001971,74.125.68.0-255,5738,153733,97,379792
7804,0.001975,172.31.47.0-255,66,153799,97,379792
7805,0.001984,74.125.68.0-255,7156,160955,97,379792
7806,0.001986,172.31.47.0-255,66,161021,97,379792
7807,0.001989,74.125.68.0-255,766,161787,97,379792
7808,0.002201,74.125.68.0-255,1484,163271,97,379792
7809,0.002208,172.31.47.0-255,66,163337,97,379792
7810,0.002214,74.125.68.0-255,2902,166239,97,379792
7811,0.002216,172.31.47.0-255,66,166305,97,379792
7812,0.00222,74.125.68.0-255,1484,167789,97,379792
7813,0.002244,74.125.68.0-255,4320,172109,97,379792
7814,0.002246,172.31.47.0-255,66,172175,97,379792
7815,0.002262,74.125.68.0-255,5738,177913,97,379792
7816,0.002264,172.31.47.0-255,66,177979,97,379792
7817,0.002288,74.125.68.0-255,4320,182299,97,379792
7818,0.00229,172.31.47.0-255,66,182365,97,379792
7819,0.002293,74.125.68.0-255,1484,183849,97,379792
7820,0.002317,172.31.47.0-255,66,183915,97,379792
7821,0.002321,74.125.68.0-255,2184,186099,97,379792
7822,0.002323,172.31.47.0-255,66,186165,97,379792
7823,0.004848,74.125.68.0-255,5738,191903,97,379792
7824,0.004856,172.31.47.0-255,66,191969,97,379792
7825,0.007373,74.125.68.0-255,5738,197707,97,379792
7826,0.007377,172.31.47.0-255,66,197773,97,379792
7827,0.009917,74.125.68.0-255,5738,203511,97,379792
7828,0.009929,172.31.47.0-255,66,203577,97,379792
7829,0.012464,74.125.68.0-255,5738,209315,97,379792
7830,0.01247,172.31.47.0-255,66,209381,97,379792
7831,0.015,74.125.68.0-255,5738,215119,97,379792
7832,0.015008,172.31.47.0-255,66,215185,97,379792
7833,0.017588,74.125.68.0-255,5738,220923,97,379792
7834,0.017599,172.31.47.0-255,66,220989,97,379792
7835,0.020137,74.125.68.0-255,5738,226727,97,379792
7836,0.020148,172.31.47.0-255,66,226793,97,379792
7837,0.022707,74.125.68.0-255,5738,232531,97,379792
7838,0.022725,172.31.47.0-255,66,232597,97,379792
7839,0.025275,74.125.68.0-255,5738,238335,97,379792
7840,0.025285,172.31.47.0-255,66,238401,97,379792
7841,0.027823,74.125.68.0-255,5738,244139,97,379792
7842,0.027834,172.31.47.0-255,66,244205,97,379792
7843,0.029239,172.31.47.0-255,167,244372,97,379792
7844,0.029266,172.31.47.0-255,1111,245483,97,379792
7845,0.029318,172.31.47.0-255,1514,246997,97,379792
7846,0.02932,172.31.47.0-255,1293,248290,97,379792
7847,0.030359,74.125.68.0-255,5738,254028,97,379792
7848,0.030368,172.31.47.0-255,66,254094,97,379792
7849,0.030776,104.244.42.0-255,66,254160,97,379792
7850,0.030815,104.244.42.0-255,66,254226,97,379792
7851,0.030872,104.244.42.0-255,66,254292,97,379792
7852,0.032914,74.125.68.0-255,5738,260030,97,379792
7853,0.03292,172.31.47.0-255,66,260096,97,379792
7854,0.03546,74.125.68.0-255,5738,265834,97,379792
7855,0.035467,172.31.47.0-255,66,265900,97,379792
7856,0.038004,74.125.68.0-255,5738,271638,97,379792
7857,0.038012,172.31.47.0-255,66,271704,97,379792
7858,0.040572,74.125.68.0-255,5738,277442,97,379792
7859,0.040582,172.31.47.0-255,66,277508,97,379792
7860,0.04313,74.125.68.0-255,5738,283246,97,379792
7861,0.043144,172.31.47.0-255,66,283312,97,379792
7862,0.045669,74.125.68.0-255,4320,287632,97,379792
7863,0.045675,172.31.47.0-255,66,287698,97,379792
7864,0.045717,74.125.68.0-255,1484,289182,97,379792
7865,0.048203,74.125.68.0-255,4320,293502,97,379792
7866,0.048214,172.31.47.0-255,66,293568,97,379792
7867,0.050742,74.125.68.0-255,5738,299306,97,379792
7868,0.050749,172.31.47.0-255,66,299372,97,379792
7869,0.053276,74.125.68.0-255,5738,305110,97,379792
7870,0.053282,172.31.47.0-255,66,305176,97,379792
7871,0.055809,74.125.68.0-255,4320,309496,97,379792
7872,0.055815,172.31.47.0-255,66,309562,97,379792
7873,0.055845,74.125.68.0-255,1484,311046,97,379792
7874,0.058332,74.125.68.0-255,4320,315366,97,379792
7875,0.05834,172.31.47.0-255,66,315432,97,379792
7876,0.060865,74.125.68.0-255,2902,318334,97,379792
7877,0.06087,172.31.47.0-255,66,318400,97,379792
7878,0.060899,74.125.68.0-255,2902,321302,97,379792
7879,0.060903,172.31.47.0-255,66,321368,97,379792
7880,0.063389,74.125.68.0-255,2902,324270,97,379792
7881,0.063394,172.31.47.0-255,66,324336,97,379792
7882,0.06342,74.125.68.0-255,2902,327238,97,379792
7883,0.063423,172.31.47.0-255,66,327304,97,379792
7884,0.065919,74.125.68.0-255,2902,330206,97,379792
7885,0.065925,172.31.47.0-255,66,330272,97,379792
7886,0.065954,74.125.68.0-255,2902,333174,97,379792
7887,0.065957,172.31.47.0-255,66,333240,97,379792
7888,0.068453,74.125.68.0-255,2902,336142,97,379792
7889,0.068458,172.31.47.0-255,66,336208,97,379792
7890,0.06849,74.125.68.0-255,2902,339110,97,379792
7891,0.068493,172.31.47.0-255,66,339176,97,379792
7892,0.070983,74.125.68.0-255,2902,342078,97,379792
7893,0.070988,172.31.47.0-255,66,342144,97,379792
7894,0.071021,74.125.68.0-255,2902,345046,97,379792
7895,0.071024,172.31.47.0-255,66,345112,97,379792
7896,0.073503,74.125.68.0-255,2902,348014,97,379792
7897,0.073508,172.31.47.0-255,66,348080,97,379792
7898,0.073543,74.125.68.0-255,2902,350982,97,379792
7899,0.073546,172.31.47.0-255,66,351048,97,379792
7900,0.07603,74.125.68.0-255,2902,353950,97,379792
7901,0.076043,172.31.47.0-255,66,354016,97,379792
7902,0.076076,74.125.68.0-255,2902,356918,97,379792
7903,0.076079,172.31.47.0-255,66,356984,97,379792
7904,0.07858,74.125.68.0-255,2902,359886,97,379792
7905,0.078587,172.31.47.0-255,66,359952,97,379792
7906,0.078606,74.125.68.0-255,2902,362854,97,379792
7907,0.078609,172.31.47.0-255,66,362920,97,379792
7908,0.081113,74.125.68.0-255,2902,365822,97,379792
7909,0.081118,172.31.47.0-255,66,365888,97,379792
7910,0.081142,74.125.68.0-255,2902,368790,97,379792
7911,0.081144,172.31.47.0-255,66,368856,97,379792
7912,0.083632,74.125.68.0-255,2902,371758,97,379792
7913,0.083637,172.31.47.0-255,66,371824,97,379792
7914,0.083667,74.125.68.0-255,2902,374726,97,379792
7915,0.08367,172.31.47.0-255,66,374792,97,379792
7916,0.086156,74.125.68.0-255,2902,377694,97,379792
7917,0.086161,172.31.47.0-255,66,377760,97,379792
7918,0.0862,74.125.68.0-255,1336,379096,97,379792
7919,0.086378,172.31.47.0-255,105,379201,97,379792
7920,0.086576,172.31.47.0-255,105,379306,97,379792
7921,0.086846,172.31.47.0-255,90,379396,97,379792
7922,0.086855,172.31.47.0-255,66,379462,97,379792
7923,0.08886,74.125.68.0-255,66,379528,97,379792
7924,0.089057,74.125.68.0-255,66,379594,97,379792
7925,0.08933,74.125.68.0-255,66,379660,97,379792
7926,0.08976,74.125.68.0-255,66,379726,97,379792
7927,0.089765,172.31.47.0-255,66,379792,97,379792
7928,0.0,172.31.47.0-255,105,105,97,342
7929,0.068285,31.13.82.0-255,66,171,97,342
7930,0.068309,31.13.82.0-255,105,276,97,342
7931,0.068317,172.31.47.0-255,66,342,97,342
7932,0.0,74.125.200.0-255,150,150,97,339659
7933,2.1e-05,172.31.47.0-255,66,216,97,339659
7934,2.7e-05,74.125.200.0-255,1484,1700,97,339659
7935,3.1e-05,172.31.47.0-255,66,1766,97,339659
7936,4.6e-05,74.125.200.0-255,2902,4668,97,339659
7937,4.8e-05,172.31.47.0-255,66,4734,97,339659
7938,5.1e-05,74.125.200.0-255,1484,6218,97,339659
7939,5.2e-05,172.31.47.0-255,66,6284,97,339659
7940,7.2e-05,74.125.200.0-255,5738,12022,97,339659
7941,7.4e-05,172.31.47.0-255,66,12088,97,339659
7942,9.4e-05,74.125.200.0-255,5738,17826,97,339659
7943,9.6e-05,172.31.47.0-255,66,17892,97,339659
7944,0.000117,74.125.200.0-255,2191,20083,97,339659
7945,0.000119,172.31.47.0-255,66,20149,97,339659
7946,0.000128,172.31.47.0-255,66,20215,97,339659
7947,0.000155,74.125.200.0-255,2543,22758,97,339659
7948,0.000157,172.31.47.0-255,66,22824,97,339659
7949,0.000203,74.125.200.0-255,2902,25726,97,339659
7950,0.000205,172.31.47.0-255,66,25792,97,339659
7951,0.000225,74.125.200.0-255,4320,30112,97,339659
7952,0.000227,172.31.47.0-255,66,30178,97,339659
7953,0.00026,74.125.200.0-255,5738,35916,97,339659
7954,0.000264,172.31.47.0-255,66,35982,97,339659
7955,0.00028,74.125.200.0-255,2902,38884,97,339659
7956,0.000282,172.31.47.0-255,66,38950,97,339659
7957,0.000286,74.125.200.0-255,1484,40434,97,339659
7958,0.000287,172.31.47.0-255,66,40500,97,339659
7959,0.000294,74.125.200.0-255,7156,47656,97,339659
7960,0.000296,172.31.47.0-255,66,47722,97,339659
7961,0.000319,74.125.200.0-255,4320,52042,97,339659
7962,0.000322,172.31.47.0-255,66,52108,97,339659
7963,0.000327,74.125.200.0-255,5020,57128,97,339659
7964,0.000329,172.31.47.0-255,66,57194,97,339659
7965,0.000389,74.125.200.0-255,360,57554,97,339659
7966,0.000393,74.125.200.0-255,384,57938,97,339659
7967,0.000669,172.31.47.0-255,66,58004,97,339659
7968,0.000711,74.125.200.0-255,1484,59488,97,339659
7969,0.000737,74.125.200.0-255,2902,62390,97,339659
7970,0.00074,172.31.47.0-255,66,62456,97,339659
7971,0.000747,74.125.200.0-255,5738,68194,97,339659
7972,0.000748,172.31.47.0-255,66,68260,97,339659
7973,0.000777,74.125.200.0-255,5738,73998,97,339659
7974,0.000779,172.31.47.0-255,66,74064,97,339659
7975,0.000799,74.125.200.0-255,1484,75548,97,339659
7976,0.00081,172.31.47.0-255,66,75614,97,339659
7977,0.000838,172.31.47.0-255,66,75680,97,339659
7978,0.001148,74.125.200.0-255,1484,77164,97,339659
7979,0.001155,74.125.200.0-255,2902,80066,97,339659
7980,0.001159,172.31.47.0-255,66,80132,97,339659
7981,0.001179,74.125.200.0-255,1484,81616,97,339659
7982,0.001184,74.125.200.0-255,2902,84518,97,339659
7983,0.001186,172.31.47.0-255,66,84584,97,339659
7984,0.001191,74.125.200.0-255,5738,90322,97,339659
7985,0.001193,172.31.47.0-255,66,90388,97,339659
7986,0.001246,172.31.47.0-255,66,90454,97,339659
7987,0.001265,74.125.200.0-255,1484,91938,97,339659
7988,0.00129,172.31.47.0-255,66,92004,97,339659
7989,0.001295,74.125.200.0-255,4320,96324,97,339659
7990,0.001297,172.31.47.0-255,66,96390,97,339659
7991,0.001311,74.125.200.0-255,1484,97874,97,339659
7992,0.00136,74.125.200.0-255,5738,103612,97,339659
7993,0.001364,172.31.47.0-255,66,103678,97,339659
7994,0.001399,172.31.47.0-255,66,103744,97,339659
7995,0.003721,74.125.200.0-255,5738,109482,97,339659
7996,0.003729,172.31.47.0-255,66,109548,97,339659
7997,0.006059,74.125.200.0-255,5738,115286,97,339659
7998,0.006064,172.31.47.0-255,66,115352,97,339659
7999,0.008406,74.125.200.0-255,5738,121090,97,339659
8000,0.008414,172.31.47.0-255,66,121156,97,339659
8001,0.010751,74.125.200.0-255,5738,126894,97,339659
8002,0.010758,172.31.47.0-255,66,126960,97,339659
8003,0.013106,74.125.200.0-255,5738,132698,97,339659
8004,0.013118,172.31.47.0-255,66,132764,97,339659
8005,0.015453,74.125.200.0-255,5738,138502,97,339659
8006,0.015462,172.31.47.0-255,66,138568,97,339659
8007,0.017803,74.125.200.0-255,5738,144306,97,339659
8008,0.017816,172.31.47.0-255,66,144372,97,339659
8009,0.020153,74.125.200.0-255,5738,150110,97,339659
8010,0.020162,172.31.47.0-255,66,150176,97,339659
8011,0.022506,74.125.200.0-255,5738,155914,97,339659
8012,0.022513,172.31.47.0-255,66,155980,97,339659
8013,0.02337,172.31.47.0-255,172,156152,97,339659
8014,0.023442,172.31.47.0-255,1110,157262,97,339659
8015,0.023502,172.31.47.0-255,1514,158776,97,339659
8016,0.023504,172.31.47.0-255,1514,160290,97,339659
8017,0.023528,172.31.47.0-255,703,160993,97,339659
8018,0.02485,74.125.200.0-255,5738,166731,97,339659
8019,0.024857,172.31.47.0-255,66,166797,97,339659
8020,0.025013,104.244.42.0-255,66,166863,97,339659
8021,0.025106,104.244.42.0-255,66,166929,97,339659
8022,0.025213,104.244.42.0-255,66,166995,97,339659
8023,0.025217,104.244.42.0-255,66,167061,97,339659
8024,0.027182,74.125.200.0-255,4320,171381,97,339659
8025,0.027186,172.31.47.0-255,66,171447,97,339659
8026,0.027211,74.125.200.0-255,1484,172931,97,339659
8027,0.029527,74.125.200.0-255,4320,177251,97,339659
8028,0.029532,172.31.47.0-255,66,177317,97,339659
8029,0.031865,74.125.200.0-255,1484,178801,97,339659
8030,0.031891,74.125.200.0-255,4320,183121,97,339659
8031,0.031896,172.31.47.0-255,66,183187,97,339659
8032,0.034241,74.125.200.0-255,4320,187507,97,339659
8033,0.034245,172.31.47.0-255,66,187573,97,339659
8034,0.034283,74.125.200.0-255,1484,189057,97,339659
8035,0.036583,74.125.200.0-255,4320,193377,97,339659
8036,0.036588,172.31.47.0-255,66,193443,97,339659
8037,0.038926,74.125.200.0-255,5738,199181,97,339659
8038,0.038932,172.31.47.0-255,66,199247,97,339659
8039,0.041263,74.125.200.0-255,4320,203567,97,339659
8040,0.041267,172.31.47.0-255,66,203633,97,339659
8041,0.041293,74.125.200.0-255,1484,205117,97,339659
8042,0.043594,74.125.200.0-255,4320,209437,97,339659
8043,0.043599,172.31.47.0-255,66,209503,97,339659
8044,0.045968,74.125.200.0-255,5738,215241,97,339659
8045,0.045973,172.31.47.0-255,66,215307,97,339659
8046,0.048299,74.125.200.0-255,1484,216791,97,339659
8047,0.048336,74.125.200.0-255,4320,221111,97,339659
8048,0.048342,172.31.47.0-255,66,221177,97,339659
8049,0.050671,74.125.200.0-255,4320,225497,97,339659
8050,0.050676,172.31.47.0-255,66,225563,97,339659
8051,0.050699,74.125.200.0-255,1484,227047,97,339659
8052,0.053006,74.125.200.0-255,4320,231367,97,339659
8053,0.053012,172.31.47.0-255,66,231433,97,339659
8054,0.055373,74.125.200.0-255,5738,237171,97,339659
8055,0.055378,172.31.47.0-255,66,237237,97,339659
8056,0.05772,74.125.200.0-255,5738,242975,97,339659
8057,0.057725,172.31.47.0-255,66,243041,97,339659
8058,0.060053,74.125.200.0-255,5738,248779,97,339659
8059,0.060059,172.31.47.0-255,66,248845,97,339659
8060,0.062383,74.125.200.0-255,5738,254583,97,339659
8061,0.062389,172.31.47.0-255,66,254649,97,339659
8062,0.06472,74.125.200.0-255,5738,260387,97,339659
8063,0.064726,172.31.47.0-255,66,260453,97,339659
8064,0.067054,74.125.200.0-255,5738,266191,97,339659
8065,0.067059,172.31.47.0-255,66,266257,97,339659
8066,0.069394,74.125.200.0-255,5738,271995,97,339659
8067,0.0694,172.31.47.0-255,66,272061,97,339659
8068,0.071722,74.125.200.0-255,5738,277799,97,339659
8069,0.071727,172.31.47.0-255,66,277865,97,339659
8070,0.074045,74.125.200.0-255,1484,279349,97,339659
8071,0.074082,74.125.200.0-255,4320,283669,97,339659
8072,0.074086,172.31.47.0-255,66,283735,97,339659
8073,0.076413,74.125.200.0-255,5738,289473,97,339659
8074,0.076418,172.31.47.0-255,66,289539,97,339659
8075,0.078756,74.125.200.0-255,4320,293859,97,339659
8076,0.078761,172.31.47.0-255,66,293925,97,339659
8077,0.078792,74.125.200.0-255,1484,295409,97,339659
8078,0.081092,74.125.200.0-255,4320,299729,97,339659
8079,0.081098,172.31.47.0-255,66,299795,97,339659
8080,0.083454,74.125.200.0-255,1484,301279,97,339659
8081,0.083482,74.125.200.0-255,4320,305599,97,339659
8082,0.083486,172.31.47.0-255,66,305665,97,339659
8083,0.085806,74.125.200.0-255,1484,307149,97,339659
8084,0.085835,74.125.200.0-255,4320,311469,97,339659
8085,0.085839,172.31.47.0-255,66,311535,97,339659
8086,0.088163,74.125.200.0-255,5738,317273,97,339659
8087,0.088169,172.31.47.0-255,66,317339,97,339659
8088,0.09049,74.125.200.0-255,5738,323077,97,339659
8089,0.090494,172.31.47.0-255,66,323143,97,339659
8090,0.092815,74.125.200.0-255,5738,328881,97,339659
8091,0.09282,172.31.47.0-255,66,328947,97,339659
8092,0.095148,74.125.200.0-255,2902,331849,97,339659
8093,0.095152,172.31.47.0-255,66,331915,97,339659
8094,0.095183,74.125.200.0-255,2902,334817,97,339659
8095,0.095186,172.31.47.0-255,66,334883,97,339659
8096,0.097489,74.125.200.0-255,2902,337785,97,339659
8097,0.097494,172.31.47.0-255,66,337851,97,339659
8098,0.097523,74.125.200.0-255,1637,339488,97,339659
8099,0.097527,172.31.47.0-255,66,339554,97,339659
8100,0.097698,172.31.47.0-255,105,339659,97,339659
8101,0.0,172.217.194.0-255,431,431,97,121599
8102,2.4e-05,172.217.194.0-255,1484,1915,97,121599
8103,3.1e-05,172.31.47.0-255,66,1981,97,121599
8104,3.9e-05,172.217.194.0-255,4320,6301,97,121599
8105,4.2e-05,172.31.47.0-255,66,6367,97,121599
8106,7.4e-05,172.217.194.0-255,5738,12105,97,121599
8107,7.8e-05,172.31.47.0-255,66,12171,97,121599
8108,0.000104,172.217.194.0-255,2201,14372,97,121599
8109,0.000107,172.31.47.0-255,66,14438,97,121599
8110,0.001299,172.217.194.0-255,1484,15922,97,121599
8111,0.001324,172.217.194.0-255,2902,18824,97,121599
8112,0.001329,172.31.47.0-255,66,18890,97,121599
8113,0.00143,172.217.194.0-255,2902,21792,97,121599
8114,0.001432,172.31.47.0-255,66,21858,97,121599
8115,0.001458,172.217.194.0-255,2902,24760,97,121599
8116,0.00146,172.31.47.0-255,66,24826,97,121599
8117,0.002257,172.217.194.0-255,5480,30306,97,121599
8118,0.002261,172.31.47.0-255,66,30372,97,121599
8119,0.002383,172.217.194.0-255,4320,34692,97,121599
8120,0.002385,172.31.47.0-255,66,34758,97,121599
8121,0.002951,172.217.194.0-255,5738,40496,97,121599
8122,0.003285,172.31.47.0-255,66,40562,97,121599
8123,0.003686,172.217.194.0-255,2902,43464,97,121599
8124,0.003695,172.31.47.0-255,66,43530,97,121599
8125,0.00461,172.217.194.0-255,5738,49268,97,121599
8126,0.004617,172.31.47.0-255,66,49334,97,121599
8127,0.005086,172.217.194.0-255,4320,53654,97,121599
8128,0.005649,172.217.194.0-255,7156,60810,97,121599
8129,0.006046,172.217.194.0-255,5738,66548,97,121599
8130,0.006087,172.217.194.0-255,5738,72286,97,121599
8131,0.006105,172.217.194.0-255,4320,76606,97,121599
8132,0.006165,172.31.47.0-255,66,76672,97,121599
8133,0.008544,172.31.47.0-255,66,76738,97,121599
8134,0.008601,172.31.47.0-255,66,76804,97,121599
8135,0.008668,172.217.194.0-255,4320,81124,97,121599
8136,0.008672,172.31.47.0-255,66,81190,97,121599
8137,0.008716,172.31.47.0-255,66,81256,97,121599
8138,0.008754,172.31.47.0-255,66,81322,97,121599
8139,0.009056,172.217.194.0-255,5738,87060,97,121599
8140,0.00906,172.31.47.0-255,66,87126,97,121599
8141,0.009112,172.31.47.0-255,66,87192,97,121599
8142,0.009159,172.217.194.0-255,4190,91382,97,121599
8143,0.009163,172.31.47.0-255,66,91448,97,121599
8144,0.010906,172.217.194.0-255,5868,97316,97,121599
8145,0.010914,172.31.47.0-255,66,97382,97,121599
8146,0.010997,172.217.194.0-255,5738,103120,97,121599
8147,0.011001,172.31.47.0-255,66,103186,97,121599
8148,0.01106,172.31.47.0-255,66,103252,97,121599
8149,0.011386,172.217.194.0-255,7156,110408,97,121599
8150,0.011391,172.31.47.0-255,66,110474,97,121599
8151,0.011413,172.31.47.0-255,66,110540,97,121599
8152,0.011458,172.31.47.0-255,66,110606,97,121599
8153,0.011858,172.217.194.0-255,5738,116344,97,121599
8154,0.011863,172.31.47.0-255,66,116410,97,121599
8155,0.01192,172.31.47.0-255,66,116476,97,121599
8156,0.014397,172.31.47.0-255,105,116581,97,121599
8157,0.016716,172.217.194.0-255,66,116647,97,121599
8158,0.024504,172.31.47.0-255,176,116823,97,121599
8159,0.024534,172.31.47.0-255,1111,117934,97,121599
8160,0.024566,172.31.47.0-255,1514,119448,97,121599
8161,0.024567,172.31.47.0-255,1293,120741,97,121599
8162,0.026045,104.244.42.0-255,66,120807,97,121599
8163,0.026088,104.244.42.0-255,66,120873,97,121599
8164,0.026146,104.244.42.0-255,66,120939,97,121599
8165,0.08023,172.31.47.0-255,105,121044,97,121599
8166,0.080465,172.31.47.0-255,90,121134,97,121599
8167,0.080474,172.31.47.0-255,66,121200,97,121599
8168,0.081985,157.240.13.0-255,105,121305,97,121599
8169,0.082,172.31.47.0-255,54,121359,97,121599
8170,0.082004,157.240.13.0-255,66,121425,97,121599
8171,0.082029,172.31.47.0-255,54,121479,97,121599
8172,0.082177,157.240.13.0-255,60,121539,97,121599
8173,0.08219,157.240.13.0-255,60,121599,97,121599
8174,0.0,172.31.47.0-255,105,105,97,342
8175,0.002152,157.240.13.0-255,66,171,97,342
8176,0.002169,157.240.13.0-255,105,276,97,342
8177,0.002172,172.31.47.0-255,66,342,97,342
8178,0.0,172.31.47.0-255,105,105,97,618
8179,3.7e-05,172.31.47.0-255,105,210,97,618
8180,0.001587,157.240.13.0-255,66,276,97,618
8181,0.00164,157.240.13.0-255,105,381,97,618
8182,0.001643,172.31.47.0-255,66,447,97,618
8183,0.001869,157.240.13.0-255,105,552,97,618
8184,0.001874,172.31.47.0-255,66,618,97,618
8185,0.0,172.217.194.0-255,66,66,97,132
8186,0.033088,172.31.47.0-255,66,132,97,132
8187,0.0,172.31.47.0-255,105,105,97,276
8188,0.002165,157.240.13.0-255,105,210,97,276
8189,0.002174,172.31.47.0-255,66,276,97,276
8190,0.0,172.31.47.0-255,105,105,97,276
8191,0.073773,31.13.82.0-255,105,210,97,276
8192,0.07379,172.31.47.0-255,66,276,97,276
8193,0.0,172.31.47.0-255,66,66,97,66
8194,0.0,74.125.24.0-255,66,66,97,132
8195,0.03279,172.31.47.0-255,66,132,97,132
8196,0.0,74.125.68.0-255,153,153,97,398488
8197,2.5e-05,172.31.47.0-255,66,219,97,398488
8198,3.1e-05,74.125.68.0-255,1484,1703,97,398488
8199,3.5e-05,172.31.47.0-255,66,1769,97,398488
8200,5e-05,74.125.68.0-255,2902,4671,97,398488
8201,5.2e-05,172.31.47.0-255,66,4737,97,398488
8202,7.2e-05,74.125.68.0-255,7156,11893,97,398488
8203,7.5e-05,172.31.47.0-255,66,11959,97,398488
8204,9.8e-05,74.125.68.0-255,2189,14148,97,398488
8205,0.000101,172.31.47.0-255,66,14214,97,398488
8206,0.00016,74.125.68.0-255,1484,15698,97,398488
8207,0.000163,172.31.47.0-255,66,15764,97,398488
8208,0.000168,74.125.68.0-255,2902,18666,97,398488
8209,0.00017,172.31.47.0-255,66,18732,97,398488
8210,0.000173,74.125.68.0-255,1484,20216,97,398488
8211,0.000176,172.31.47.0-255,66,20282,97,398488
8212,0.000199,74.125.68.0-255,4320,24602,97,398488
8213,0.000202,172.31.47.0-255,66,24668,97,398488
8214,0.000213,74.125.68.0-255,1484,26152,97,398488
8215,0.000215,172.31.47.0-255,66,26218,97,398488
8216,0.00022,74.125.68.0-255,2902,29120,97,398488
8217,0.000222,172.31.47.0-255,66,29186,97,398488
8218,0.000245,74.125.68.0-255,2543,31729,97,398488
8219,0.000247,172.31.47.0-255,66,31795,97,398488
8220,0.000282,74.125.68.0-255,1484,33279,97,398488
8221,0.000284,172.31.47.0-255,66,33345,97,398488
8222,0.000301,74.125.68.0-255,1484,34829,97,398488
8223,0.000304,172.31.47.0-255,66,34895,97,398488
8224,0.000308,74.125.68.0-255,1484,36379,97,398488
8225,0.00031,172.31.47.0-255,66,36445,97,398488
8226,0.000328,74.125.68.0-255,2902,39347,97,398488
8227,0.000331,172.31.47.0-255,66,39413,97,398488
8228,0.000335,74.125.68.0-255,2902,42315,97,398488
8229,0.000346,172.31.47.0-255,66,42381,97,398488
8230,0.000358,74.125.68.0-255,5738,48119,97,398488
8231,0.000361,74.125.68.0-255,1125,49244,97,398488
8232,0.000362,172.31.47.0-255,66,49310,97,398488
8233,0.000641,172.31.47.0-255,66,49376,97,398488
8234,0.000924,74.125.68.0-255,1484,50860,97,398488
8235,0.000931,74.125.68.0-255,1484,52344,97,398488
8236,0.000947,74.125.68.0-255,1484,53828,97,398488
8237,0.000968,74.125.68.0-255,4320,58148,97,398488
8238,0.001006,74.125.68.0-255,2902,61050,97,398488
8239,0.001024,74.125.68.0-255,5379,66429,97,398488
8240,0.001104,74.125.68.0-255,1484,67913,97,398488
8241,0.001115,74.125.68.0-255,2902,70815,97,398488
8242,0.001136,74.125.68.0-255,2902,73717,97,398488
8243,0.001152,74.125.68.0-255,2902,76619,97,398488
8244,0.001156,74.125.68.0-255,4320,80939,97,398488
8245,0.001175,74.125.68.0-255,2902,83841,97,398488
8246,0.001188,74.125.68.0-255,2543,86384,97,398488
8247,0.0012,74.125.68.0-255,2902,89286,97,398488
8248,0.001217,74.125.68.0-255,5738,95024,97,398488
8249,0.001244,74.125.68.0-255,1484,96508,97,398488
8250,0.001259,74.125.68.0-255,3961,100469,97,398488
8251,0.00132,74.125.68.0-255,1484,101953,97,398488
8252,0.001334,74.125.68.0-255,1484,103437,97,398488
8253,0.001351,74.125.68.0-255,4320,107757,97,398488
8254,0.001358,74.125.68.0-255,7156,114913,97,398488
8255,0.001373,74.125.68.0-255,1484,116397,97,398488
8256,0.001404,74.125.68.0-255,5738,122135,97,398488
8257,0.001415,74.125.68.0-255,4320,126455,97,398488
8258,0.001473,74.125.68.0-255,1484,127939,97,398488
8259,0.001493,74.125.68.0-255,1484,129423,97,398488
8260,0.001507,74.125.68.0-255,1484,130907,97,398488
8261,0.001512,74.125.68.0-255,5738,136645,97,398488
8262,0.001514,74.125.68.0-255,1484,138129,97,398488
8263,0.001528,74.125.68.0-255,1484,139613,97,398488
8264,0.001551,74.125.68.0-255,1484,141097,97,398488
8265,0.001564,74.125.68.0-255,5738,146835,97,398488
8266,0.001573,74.125.68.0-255,2902,149737,97,398488
8267,0.0016,74.125.68.0-255,4320,154057,97,398488
8268,0.001604,74.125.68.0-255,4320,158377,97,398488
8269,0.00162,74.125.68.0-255,1484,159861,97,398488
8270,0.001622,74.125.68.0-255,766,160627,97,398488
8271,0.001641,74.125.68.0-255,645,161272,97,398488
8272,0.002098,74.125.68.0-255,1484,162756,97,398488
8273,0.002112,74.125.68.0-255,2902,165658,97,398488
8274,0.002135,74.125.68.0-255,2902,168560,97,398488
8275,0.002146,74.125.68.0-255,1484,170044,97,398488
8276,0.002173,74.125.68.0-255,5738,175782,97,398488
8277,0.002193,74.125.68.0-255,1484,177266,97,398488
8278,0.002214,74.125.68.0-255,5738,183004,97,398488
8279,0.002234,74.125.68.0-255,2902,185906,97,398488
8280,0.002236,74.125.68.0-255,1484,187390,97,398488
8281,0.00224,74.125.68.0-255,2902,190292,97,398488
8282,0.002273,74.125.68.0-255,1484,191776,97,398488
8283,0.002282,74.125.68.0-255,2902,194678,97,398488
8284,0.002305,74.125.68.0-255,766,195444,97,398488
8285,0.003193,172.31.47.0-255,66,195510,97,398488
8286,0.005714,74.125.68.0-255,5738,201248,97,398488
8287,0.005721,172.31.47.0-255,66,201314,97,398488
8288,0.008192,74.125.68.0-255,5738,207052,97,398488
8289,0.008199,172.31.47.0-255,66,207118,97,398488
8290,0.01068,74.125.68.0-255,4320,211438,97,398488
8291,0.010689,172.31.47.0-255,66,211504,97,398488
8292,0.010729,74.125.68.0-255,1484,212988,97,398488
8293,0.013163,74.125.68.0-255,4320,217308,97,398488
8294,0.013168,172.31.47.0-255,66,217374,97,398488
8295,0.015638,74.125.68.0-255,5738,223112,97,398488
8296,0.015691,172.31.47.0-255,66,223178,97,398488
8297,0.018175,74.125.68.0-255,5738,228916,97,398488
8298,0.018184,172.31.47.0-255,66,228982,97,398488
8299,0.020675,74.125.68.0-255,5738,234720,97,398488
8300,0.020683,172.31.47.0-255,66,234786,97,398488
8301,0.023152,74.125.68.0-255,5738,240524,97,398488
8302,0.023158,172.31.47.0-255,66,240590,97,398488
8303,0.025645,74.125.68.0-255,5738,246328,97,398488
8304,0.025653,172.31.47.0-255,66,246394,97,398488
8305,0.028154,74.125.68.0-255,5738,252132,97,398488
8306,0.028164,172.31.47.0-255,66,252198,97,398488
8307,0.030646,74.125.68.0-255,5738,257936,97,398488
8308,0.030653,172.31.47.0-255,66,258002,97,398488
8309,0.033126,74.125.68.0-255,4320,262322,97,398488
8310,0.033132,172.31.47.0-255,66,262388,97,398488
8311,0.03316,74.125.68.0-255,1484,263872,97,398488
8312,0.035598,74.125.68.0-255,1484,265356,97,398488
8313,0.035603,172.31.47.0-255,66,265422,97,398488
8314,0.035636,74.125.68.0-255,2902,268324,97,398488
8315,0.035644,172.31.47.0-255,66,268390,97,398488
8316,0.038072,74.125.68.0-255,2902,271292,97,398488
8317,0.038078,172.31.47.0-255,66,271358,97,398488
8318,0.038131,74.125.68.0-255,2902,274260,97,398488
8319,0.038146,172.31.47.0-255,66,274326,97,398488
8320,0.040549,74.125.68.0-255,2902,277228,97,398488
8321,0.040556,172.31.47.0-255,66,277294,97,398488
8322,0.040598,74.125.68.0-255,2902,280196,97,398488
8323,0.040606,172.31.47.0-255,66,280262,97,398488
8324,0.043018,74.125.68.0-255,2902,283164,97,398488
8325,0.043024,172.31.47.0-255,66,283230,97,398488
8326,0.043054,74.125.68.0-255,2902,286132,97,398488
8327,0.044241,172.31.47.0-255,66,286198,97,398488
8328,0.04549,74.125.68.0-255,2902,289100,97,398488
8329,0.045496,172.31.47.0-255,66,289166,97,398488
8330,0.046705,74.125.68.0-255,2902,292068,97,398488
8331,0.046711,172.31.47.0-255,66,292134,97,398488
8332,0.047984,74.125.68.0-255,2902,295036,97,398488
8333,0.047989,172.31.47.0-255,66,295102,97,398488
8334,0.049174,74.125.68.0-255,2902,298004,97,398488
8335,0.049179,172.31.47.0-255,66,298070,97,398488
8336,0.050484,74.125.68.0-255,2902,300972,97,398488
8337,0.050491,172.31.47.0-255,66,301038,97,398488
8338,0.05165,74.125.68.0-255,2902,303940,97,398488
8339,0.051657,172.31.47.0-255,66,304006,97,398488
8340,0.052966,74.125.68.0-255,2902,306908,97,398488
8341,0.052972,172.31.47.0-255,66,306974,97,398488
8342,0.054132,74.125.68.0-255,2902,309876,97,398488
8343,0.054138,172.31.47.0-255,66,309942,97,398488
8344,0.055435,74.125.68.0-255,2902,312844,97,398488
8345,0.055441,172.31.47.0-255,66,312910,97,398488
8346,0.0566,74.125.68.0-255,1484,314394,97,398488
8347,0.056616,74.125.68.0-255,1484,315878,97,398488
8348,0.056622,172.31.47.0-255,66,315944,97,398488
8349,0.057904,74.125.68.0-255,2902,318846,97,398488
8350,0.057933,172.31.47.0-255,66,318912,97,398488
8351,0.058175,172.31.47.0-255,172,319084,97,398488
8352,0.058204,172.31.47.0-255,1110,320194,97,398488
8353,0.058235,172.31.47.0-255,1514,321708,97,398488
8354,0.058237,172.31.47.0-255,1514,323222,97,398488
8355,0.058258,172.31.47.0-255,703,323925,97,398488
8356,0.059091,74.125.68.0-255,2902,326827,97,398488
8357,0.059096,172.31.47.0-255,66,326893,97,398488
8358,0.059847,104.244.42.0-255,66,326959,97,398488
8359,0.059904,104.244.42.0-255,66,327025,97,398488
8360,0.059942,104.244.42.0-255,66,327091,97,398488
8361,0.059944,104.244.42.0-255,66,327157,97,398488
8362,0.060388,74.125.68.0-255,1484,328641,97,398488
8363,0.060417,74.125.68.0-255,1484,330125,97,398488
8364,0.060422,172.31.47.0-255,66,330191,97,398488
8365,0.06156,74.125.68.0-255,2902,333093,97,398488
8366,0.061564,172.31.47.0-255,66,333159,97,398488
8367,0.062897,74.125.68.0-255,2902,336061,97,398488
8368,0.062903,172.31.47.0-255,66,336127,97,398488
8369,0.064027,74.125.68.0-255,2902,339029,97,398488
8370,0.064031,172.31.47.0-255,66,339095,97,398488
8371,0.065383,74.125.68.0-255,2902,341997,97,398488
8372,0.065388,172.31.47.0-255,66,342063,97,398488
8373,0.066493,74.125.68.0-255,2902,344965,97,398488
8374,0.066497,172.31.47.0-255,66,345031,97,398488
8375,0.06786,74.125.68.0-255,2902,347933,97,398488
8376,0.067864,172.31.47.0-255,66,347999,97,398488
8377,0.068955,74.125.68.0-255,2902,350901,97,398488
8378,0.068959,172.31.47.0-255,66,350967,97,398488
8379,0.070334,74.125.68.0-255,2902,353869,97,398488
8380,0.070343,172.31.47.0-255,66,353935,97,398488
8381,0.071441,74.125.68.0-255,2902,356837,97,398488
8382,0.071447,172.31.47.0-255,66,356903,97,398488
8383,0.072813,74.125.68.0-255,2902,359805,97,398488
8384,0.072818,172.31.47.0-255,66,359871,97,398488
8385,0.07391,74.125.68.0-255,2902,362773,97,398488
8386,0.073915,172.31.47.0-255,66,362839,97,398488
8387,0.075282,74.125.68.0-255,2902,365741,97,398488
8388,0.075287,172.31.47.0-255,66,365807,97,398488
8389,0.076373,74.125.68.0-255,2902,368709,97,398488
8390,0.076378,172.31.47.0-255,66,368775,97,398488
8391,0.077759,74.125.68.0-255,2902,371677,97,398488
8392,0.077764,172.31.47.0-255,66,371743,97,398488
8393,0.079007,74.125.68.0-255,2902,374645,97,398488
8394,0.079012,172.31.47.0-255,66,374711,97,398488
8395,0.080232,74.125.68.0-255,2902,377613,97,398488
8396,0.080238,172.31.47.0-255,66,377679,97,398488
8397,0.081488,74.125.68.0-255,2902,380581,97,398488
8398,0.081493,172.31.47.0-255,66,380647,97,398488
8399,0.082713,74.125.68.0-255,2902,383549,97,398488
8400,0.082718,172.31.47.0-255,66,383615,97,398488
8401,0.083957,74.125.68.0-255,2902,386517,97,398488
8402,0.083961,172.31.47.0-255,66,386583,97,398488
8403,0.085191,74.125.68.0-255,2902,389485,97,398488
8404,0.085196,172.31.47.0-255,66,389551,97,398488
8405,0.086434,74.125.68.0-255,2902,392453,97,398488
8406,0.086439,172.31.47.0-255,66,392519,97,398488
8407,0.087668,74.125.68.0-255,2902,395421,97,398488
8408,0.087672,172.31.47.0-255,66,395487,97,398488
8409,0.088908,74.125.68.0-255,2764,398251,97,398488
8410,0.088913,172.31.47.0-255,66,398317,97,398488
8411,0.089093,172.31.47.0-255,105,398422,97,398488
8412,0.091522,74.125.68.0-255,66,398488,97,398488
8413,0.0,172.31.47.0-255,66,66,97,66
8414,0.0,74.125.200.0-255,66,66,97,66
8415,0.0,172.31.47.0-255,66,66,97,66
8416,0.0,74.125.24.0-255,289,289,97,305176
8417,2.3e-05,172.31.47.0-255,66,355,97,305176
8418,2.9e-05,74.125.24.0-255,1484,1839,97,305176
8419,3.2e-05,172.31.47.0-255,66,1905,97,305176
8420,3.8e-05,74.125.24.0-255,4320,6225,97,305176
8421,4e-05,172.31.47.0-255,66,6291,97,305176
8422,5e-05,74.125.24.0-255,2902,9193,97,305176
8423,5.2e-05,172.31.47.0-255,66,9259,97,305176
8424,0.0001,74.125.24.0-255,4667,13926,97,305176
8425,0.000103,172.31.47.0-255,66,13992,97,305176
8426,0.000158,74.125.24.0-255,5738,19730,97,305176
8427,0.000162,172.31.47.0-255,66,19796,97,305176
8428,0.000191,74.125.24.0-255,7156,26952,97,305176
8429,0.000193,172.31.47.0-255,66,27018,97,305176
8430,0.000196,74.125.24.0-255,1484,28502,97,305176
8431,0.000198,172.31.47.0-255,66,28568,97,305176
8432,0.000222,74.125.24.0-255,2543,31111,97,305176
8433,0.000224,172.31.47.0-255,66,31177,97,305176
8434,0.000285,74.125.24.0-255,1484,32661,97,305176
8435,0.000291,172.31.47.0-255,66,32727,97,305176
8436,0.000297,74.125.24.0-255,2902,35629,97,305176
8437,0.000299,172.31.47.0-255,66,35695,97,305176
8438,0.000301,74.125.24.0-255,1484,37179,97,305176
8439,0.000303,172.31.47.0-255,66,37245,97,305176
8440,0.000326,74.125.24.0-255,2902,40147,97,305176
8441,0.000332,172.31.47.0-255,66,40213,97,305176
8442,0.000359,74.125.24.0-255,7156,47369,97,305176
8443,0.000362,172.31.47.0-255,66,47435,97,305176
8444,0.000382,74.125.24.0-255,1125,48560,97,305176
8445,0.000386,172.31.47.0-255,66,48626,97,305176
8446,0.001107,74.125.24.0-255,1484,50110,97,305176
8447,0.001112,172.31.47.0-255,66,50176,97,305176
8448,0.001118,74.125.24.0-255,2902,53078,97,305176
8449,0.00112,172.31.47.0-255,66,53144,97,305176
8450,0.001126,74.125.24.0-255,5738,58882,97,305176
8451,0.001127,172.31.47.0-255,66,58948,97,305176
8452,0.001181,172.31.47.0-255,66,59014,97,305176
8453,0.001262,74.125.24.0-255,1484,60498,97,305176
8454,0.001274,74.125.24.0-255,2902,63400,97,305176
8455,0.001277,172.31.47.0-255,66,63466,97,305176
8456,0.001306,74.125.24.0-255,5738,69204,97,305176
8457,0.001308,172.31.47.0-255,66,69270,97,305176
8458,0.001314,74.125.24.0-255,5738,75008,97,305176
8459,0.001316,172.31.47.0-255,66,75074,97,305176
8460,0.001351,74.125.24.0-255,2543,77617,97,305176
8461,0.001354,172.31.47.0-255,66,77683,97,305176
8462,0.001358,74.125.24.0-255,2902,80585,97,305176
8463,0.00136,172.31.47.0-255,66,80651,97,305176
8464,0.001389,74.125.24.0-255,7156,87807,97,305176
8465,0.001393,172.31.47.0-255,66,87873,97,305176
8466,0.001414,74.125.24.0-255,5738,93611,97,305176
8467,0.001417,172.31.47.0-255,66,93677,97,305176
8468,0.001453,74.125.24.0-255,1484,95161,97,305176
8469,0.001455,172.31.47.0-255,66,95227,97,305176
8470,0.001456,74.125.24.0-255,2902,98129,97,305176
8471,0.00146,172.31.47.0-255,66,98195,97,305176
8472,0.001512,172.31.47.0-255,66,98261,97,305176
8473,0.001516,74.125.24.0-255,2543,100804,97,305176
8474,0.001518,172.31.47.0-255,66,100870,97,305176
8475,0.001559,74.125.24.0-255,1484,102354,97,305176
8476,0.001573,74.125.24.0-255,2902,105256,97,305176
8477,0.001577,172.31.47.0-255,66,105322,97,305176
8478,0.001583,74.125.24.0-255,4320,109642,97,305176
8479,0.001584,172.31.47.0-255,66,109708,97,305176
8480,0.001615,74.125.24.0-255,1484,111192,97,305176
8481,0.001629,172.31.47.0-255,66,111258,97,305176
8482,0.001657,74.125.24.0-255,1484,112742,97,305176
8483,0.001669,172.31.47.0-255,66,112808,97,305176
8484,0.001888,74.125.24.0-255,1484,114292,97,305176
8485,0.001892,74.125.24.0-255,1484,115776,97,305176
8486,0.001895,172.31.47.0-255,66,115842,97,305176
8487,0.001923,74.125.24.0-255,1484,117326,97,305176
8488,0.00193,74.125.24.0-255,5738,123064,97,305176
8489,0.001933,172.31.47.0-255,66,123130,97,305176
8490,0.001958,74.125.24.0-255,2902,126032,97,305176
8491,0.001962,172.31.47.0-255,66,126098,97,305176
8492,0.001967,74.125.24.0-255,2902,129000,97,305176
8493,0.001969,172.31.47.0-255,66,129066,97,305176
8494,0.002,74.125.24.0-255,7156,136222,97,305176
8495,0.002004,172.31.47.0-255,66,136288,97,305176
8496,0.002016,172.31.47.0-255,66,136354,97,305176
8497,0.002018,74.125.24.0-255,766,137120,97,305176
8498,0.002281,74.125.24.0-255,1484,138604,97,305176
8499,0.002285,172.31.47.0-255,66,138670,97,305176
8500,0.002303,74.125.24.0-255,2902,141572,97,305176
8501,0.002306,172.31.47.0-255,66,141638,97,305176
8502,0.002313,74.125.24.0-255,5738,147376,97,305176
8503,0.002315,172.31.47.0-255,66,147442,97,305176
8504,0.002342,74.125.24.0-255,7156,154598,97,305176
8505,0.002345,172.31.47.0-255,66,154664,97,305176
8506,0.002389,172.31.47.0-255,66,154730,97,305176
8507,0.0024,172.31.47.0-255,66,154796,97,305176
8508,0.00255,74.125.24.0-255,1484,156280,97,305176
8509,0.002565,74.125.24.0-255,1484,157764,97,305176
8510,0.002569,172.31.47.0-255,66,157830,97,305176
8511,0.002594,74.125.24.0-255,1484,159314,97,305176
8512,0.002601,74.125.24.0-255,5738,165052,97,305176
8513,0.002604,172.31.47.0-255,66,165118,97,305176
8514,0.002685,172.31.47.0-255,66,165184,97,305176
8515,0.0027,172.31.47.0-255,66,165250,97,305176
8516,0.002705,74.125.24.0-255,3602,168852,97,305176
8517,0.002706,172.31.47.0-255,66,168918,97,305176
8518,0.005364,74.125.24.0-255,5738,174656,97,305176
8519,0.00537,172.31.47.0-255,66,174722,97,305176
8520,0.008019,74.125.24.0-255,5738,180460,97,305176
8521,0.008026,172.31.47.0-255,66,180526,97,305176
8522,0.010677,74.125.24.0-255,5738,186264,97,305176
8523,0.010685,172.31.47.0-255,66,186330,97,305176
8524,0.01334,74.125.24.0-255,5738,192068,97,305176
8525,0.013346,172.31.47.0-255,66,192134,97,305176
8526,0.016004,74.125.24.0-255,5738,197872,97,305176
8527,0.01601,172.31.47.0-255,66,197938,97,305176
8528,0.018668,74.125.24.0-255,5738,203676,97,305176
8529,0.018676,172.31.47.0-255,66,203742,97,305176
8530,0.021344,74.125.24.0-255,5738,209480,97,305176
8531,0.021351,172.31.47.0-255,66,209546,97,305176
8532,0.023997,74.125.24.0-255,5738,215284,97,305176
8533,0.024004,172.31.47.0-255,66,215350,97,305176
8534,0.024224,172.31.47.0-255,172,215522,97,305176
8535,0.02425,172.31.47.0-255,1107,216629,97,305176
8536,0.02428,172.31.47.0-255,1514,218143,97,305176
8537,0.024281,172.31.47.0-255,1514,219657,97,305176
8538,0.024282,172.31.47.0-255,1514,221171,97,305176
8539,0.024283,172.31.47.0-255,970,222141,97,305176
8540,0.025768,104.244.42.0-255,66,222207,97,305176
8541,0.025814,104.244.42.0-255,66,222273,97,305176
8542,0.025856,104.244.42.0-255,66,222339,97,305176
8543,0.025859,104.244.42.0-255,66,222405,97,305176
8544,0.026647,74.125.24.0-255,4320,226725,97,305176
8545,0.026651,172.31.47.0-255,66,226791,97,305176
8546,0.026686,74.125.24.0-255,1484,228275,97,305176
8547,0.029283,74.125.24.0-255,4320,232595,97,305176
8548,0.029289,172.31.47.0-255,66,232661,97,305176
8549,0.031928,74.125.24.0-255,2902,235563,97,305176
8550,0.031934,172.31.47.0-255,66,235629,97,305176
8551,0.031967,74.125.24.0-255,2902,238531,97,305176
8552,0.03197,172.31.47.0-255,66,238597,97,305176
8553,0.034602,74.125.24.0-255,2902,241499,97,305176
8554,0.034607,172.31.47.0-255,66,241565,97,305176
8555,0.034634,74.125.24.0-255,2902,244467,97,305176
8556,0.034636,172.31.47.0-255,66,244533,97,305176
8557,0.037255,74.125.24.0-255,2902,247435,97,305176
8558,0.03726,172.31.47.0-255,66,247501,97,305176
8559,0.037296,74.125.24.0-255,2902,250403,97,305176
8560,0.037299,172.31.47.0-255,66,250469,97,305176
8561,0.039891,74.125.24.0-255,2902,253371,97,305176
8562,0.039897,172.31.47.0-255,66,253437,97,305176
8563,0.039926,74.125.24.0-255,2902,256339,97,305176
8564,0.039929,172.31.47.0-255,66,256405,97,305176
8565,0.042532,74.125.24.0-255,2902,259307,97,305176
8566,0.042538,172.31.47.0-255,66,259373,97,305176
8567,0.042573,74.125.24.0-255,2902,262275,97,305176
8568,0.042577,172.31.47.0-255,66,262341,97,305176
8569,0.04517,74.125.24.0-255,2902,265243,97,305176
8570,0.045175,172.31.47.0-255,66,265309,97,305176
8571,0.045218,74.125.24.0-255,1484,266793,97,305176
8572,0.04523,74.125.24.0-255,1484,268277,97,305176
8573,0.045233,172.31.47.0-255,66,268343,97,305176
8574,0.047815,74.125.24.0-255,2902,271245,97,305176
8575,0.047821,172.31.47.0-255,66,271311,97,305176
8576,0.047861,74.125.24.0-255,1484,272795,97,305176
8577,0.047872,74.125.24.0-255,1484,274279,97,305176
8578,0.047874,172.31.47.0-255,66,274345,97,305176
8579,0.050452,74.125.24.0-255,2902,277247,97,305176
8580,0.050457,172.31.47.0-255,66,277313,97,305176
8581,0.05052,74.125.24.0-255,2902,280215,97,305176
8582,0.050524,172.31.47.0-255,66,280281,97,305176
8583,0.053125,74.125.24.0-255,2902,283183,97,305176
8584,0.053129,172.31.47.0-255,66,283249,97,305176
8585,0.053159,74.125.24.0-255,2902,286151,97,305176
8586,0.053162,172.31.47.0-255,66,286217,97,305176
8587,0.055759,74.125.24.0-255,2902,289119,97,305176
8588,0.055764,172.31.47.0-255,66,289185,97,305176
8589,0.055806,74.125.24.0-255,2902,292087,97,305176
8590,0.05581,172.31.47.0-255,66,292153,97,305176
8591,0.058427,74.125.24.0-255,2902,295055,97,305176
8592,0.058433,172.31.47.0-255,66,295121,97,305176
8593,0.058469,74.125.24.0-255,2902,298023,97,305176
8594,0.058472,172.31.47.0-255,66,298089,97,305176
8595,0.061069,74.125.24.0-255,2902,300991,97,305176
8596,0.061074,172.31.47.0-255,66,301057,97,305176
8597,0.061113,74.125.24.0-255,2902,303959,97,305176
8598,0.061116,172.31.47.0-255,66,304025,97,305176
8599,0.063699,74.125.24.0-255,914,304939,97,305176
8600,0.063829,172.31.47.0-255,66,305005,97,305176
8601,0.063853,172.31.47.0-255,105,305110,97,305176
8602,0.066472,74.125.24.0-255,66,305176,97,305176
8603,0.0,74.125.24.0-255,153,153,97,348235
8604,2.5e-05,172.31.47.0-255,66,219,97,348235
8605,3.2e-05,74.125.24.0-255,1484,1703,97,348235
8606,3.7e-05,172.31.47.0-255,66,1769,97,348235
8607,4.2e-05,74.125.24.0-255,2902,4671,97,348235
8608,4.5e-05,172.31.47.0-255,66,4737,97,348235
8609,4.9e-05,74.125.24.0-255,2902,7639,97,348235
8610,5.1e-05,172.31.47.0-255,66,7705,97,348235
8611,7.7e-05,74.125.24.0-255,4320,12025,97,348235
8612,8e-05,172.31.47.0-255,66,12091,97,348235
8613,0.00011,172.31.47.0-255,66,12157,97,348235
8614,0.000117,74.125.24.0-255,6797,18954,97,348235
8615,0.000119,172.31.47.0-255,66,19020,97,348235
8616,0.001203,74.125.24.0-255,1484,20504,97,348235
8617,0.001209,172.31.47.0-255,66,20570,97,348235
8618,0.001219,74.125.24.0-255,2902,23472,97,348235
8619,0.001221,172.31.47.0-255,66,23538,97,348235
8620,0.001251,74.125.24.0-255,4320,27858,97,348235
8621,0.001253,172.31.47.0-255,66,27924,97,348235
8622,0.001267,74.125.24.0-255,2902,30826,97,348235
8623,0.001269,172.31.47.0-255,66,30892,97,348235
8624,0.001286,74.125.24.0-255,6797,37689,97,348235
8625,0.001288,172.31.47.0-255,66,37755,97,348235
8626,0.001294,74.125.24.0-255,5738,43493,97,348235
8627,0.001296,172.31.47.0-255,66,43559,97,348235
8628,0.001347,74.125.24.0-255,4320,47879,97,348235
8629,0.00135,172.31.47.0-255,66,47945,97,348235
8630,0.001369,74.125.24.0-255,5689,53634,97,348235
8631,0.001372,172.31.47.0-255,66,53700,97,348235
8632,0.001637,74.125.24.0-255,1484,55184,97,348235
8633,0.001641,172.31.47.0-255,66,55250,97,348235
8634,0.001646,74.125.24.0-255,2902,58152,97,348235
8635,0.001649,172.31.47.0-255,66,58218,97,348235
8636,0.001652,74.125.24.0-255,1484,59702,97,348235
8637,0.001676,74.125.24.0-255,4320,64022,97,348235
8638,0.001678,172.31.47.0-255,66,64088,97,348235
8639,0.001688,172.31.47.0-255,66,64154,97,348235
8640,0.001708,74.125.24.0-255,4320,68474,97,348235
8641,0.00171,172.31.47.0-255,66,68540,97,348235
8642,0.001716,74.125.24.0-255,5738,74278,97,348235
8643,0.001718,172.31.47.0-255,66,74344,97,348235
8644,0.001747,74.125.24.0-255,1484,75828,97,348235
8645,0.001762,74.125.24.0-255,3602,79430,97,348235
8646,0.001765,172.31.47.0-255,66,79496,97,348235
8647,0.003867,74.125.24.0-255,5738,85234,97,348235
8648,0.003871,172.31.47.0-255,66,85300,97,348235
8649,0.005959,74.125.24.0-255,5738,91038,97,348235
8650,0.005964,172.31.47.0-255,66,91104,97,348235
8651,0.008096,74.125.24.0-255,5738,96842,97,348235
8652,0.008102,172.31.47.0-255,66,96908,97,348235
8653,0.010257,74.125.24.0-255,5738,102646,97,348235
8654,0.010272,172.31.47.0-255,66,102712,97,348235
8655,0.012359,74.125.24.0-255,5738,108450,97,348235
8656,0.012367,172.31.47.0-255,66,108516,97,348235
8657,0.014485,74.125.24.0-255,5738,114254,97,348235
8658,0.014492,172.31.47.0-255,66,114320,97,348235
8659,0.016634,74.125.24.0-255,5738,120058,97,348235
8660,0.016642,172.31.47.0-255,66,120124,97,348235
8661,0.018786,74.125.24.0-255,5738,125862,97,348235
8662,0.018795,172.31.47.0-255,66,125928,97,348235
8663,0.020592,172.31.47.0-255,176,126104,97,348235
8664,0.020639,172.31.47.0-255,1110,127214,97,348235
8665,0.020746,172.31.47.0-255,1514,128728,97,348235
8666,0.020748,172.31.47.0-255,1514,130242,97,348235
8667,0.020749,172.31.47.0-255,703,130945,97,348235
8668,0.020901,74.125.24.0-255,5738,136683,97,348235
8669,0.020907,172.31.47.0-255,66,136749,97,348235
8670,0.022283,104.244.42.0-255,66,136815,97,348235
8671,0.022311,104.244.42.0-255,66,136881,97,348235
8672,0.022428,104.244.42.0-255,66,136947,97,348235
8673,0.02243,104.244.42.0-255,66,137013,97,348235
8674,0.022995,74.125.24.0-255,2902,139915,97,348235
8675,0.023001,172.31.47.0-255,66,139981,97,348235
8676,0.02303,74.125.24.0-255,2902,142883,97,348235
8677,0.023033,172.31.47.0-255,66,142949,97,348235
8678,0.025094,74.125.24.0-255,2902,145851,97,348235
8679,0.025099,172.31.47.0-255,66,145917,97,348235
8680,0.02519,74.125.24.0-255,2902,148819,97,348235
8681,0.025194,172.31.47.0-255,66,148885,97,348235
8682,0.027237,74.125.24.0-255,2902,151787,97,348235
8683,0.027242,172.31.47.0-255,66,151853,97,348235
8684,0.02731,74.125.24.0-255,1484,153337,97,348235
8685,0.027327,74.125.24.0-255,1484,154821,97,348235
8686,0.02733,172.31.47.0-255,66,154887,97,348235
8687,0.029348,74.125.24.0-255,2902,157789,97,348235
8688,0.029352,172.31.47.0-255,66,157855,97,348235
8689,0.029469,74.125.24.0-255,2902,160757,97,348235
8690,0.029474,172.31.47.0-255,66,160823,97,348235
8691,0.031464,74.125.24.0-255,2902,163725,97,348235
8692,0.031469,172.31.47.0-255,66,163791,97,348235
8693,0.031551,74.125.24.0-255,2902,166693,97,348235
8694,0.031556,172.31.47.0-255,66,166759,97,348235
8695,0.033526,74.125.24.0-255,2902,169661,97,348235
8696,0.03353,172.31.47.0-255,66,169727,97,348235
8697,0.033596,74.125.24.0-255,2902,172629,97,348235
8698,0.0336,172.31.47.0-255,66,172695,97,348235
8699,0.035662,74.125.24.0-255,1484,174179,97,348235
8700,0.035693,74.125.24.0-255,4320,178499,97,348235
8701,0.035698,172.31.47.0-255,66,178565,97,348235
8702,0.037754,74.125.24.0-255,5738,184303,97,348235
8703,0.03776,172.31.47.0-255,66,184369,97,348235
8704,0.039851,74.125.24.0-255,2902,187271,97,348235
8705,0.039856,172.31.47.0-255,66,187337,97,348235
8706,0.039869,74.125.24.0-255,2902,190239,97,348235
8707,0.039871,172.31.47.0-255,66,190305,97,348235
8708,0.041919,74.125.24.0-255,2902,193207,97,348235
8709,0.041925,172.31.47.0-255,66,193273,97,348235
8710,0.041965,74.125.24.0-255,1484,194757,97,348235
8711,0.041978,74.125.24.0-255,1484,196241,97,348235
8712,0.041981,172.31.47.0-255,66,196307,97,348235
8713,0.044004,74.125.24.0-255,2902,199209,97,348235
8714,0.044009,172.31.47.0-255,66,199275,97,348235
8715,0.044071,74.125.24.0-255,2902,202177,97,348235
8716,0.044075,172.31.47.0-255,66,202243,97,348235
8717,0.046096,74.125.24.0-255,2902,205145,97,348235
8718,0.0461,172.31.47.0-255,66,205211,97,348235
8719,0.046161,74.125.24.0-255,2902,208113,97,348235
8720,0.046165,172.31.47.0-255,66,208179,97,348235
8721,0.048179,74.125.24.0-255,2902,211081,97,348235
8722,0.048185,172.31.47.0-255,66,211147,97,348235
8723,0.048242,74.125.24.0-255,2902,214049,97,348235
8724,0.048247,172.31.47.0-255,66,214115,97,348235
8725,0.050265,74.125.24.0-255,2902,217017,97,348235
8726,0.05027,172.31.47.0-255,66,217083,97,348235
8727,0.050331,74.125.24.0-255,1484,218567,97,348235
8728,0.050346,74.125.24.0-255,1484,220051,97,348235
8729,0.050349,172.31.47.0-255,66,220117,97,348235
8730,0.052376,74.125.24.0-255,2902,223019,97,348235
8731,0.05238,172.31.47.0-255,66,223085,97,348235
8732,0.052424,74.125.24.0-255,1484,224569,97,348235
8733,0.052438,74.125.24.0-255,1484,226053,97,348235
8734,0.052441,172.31.47.0-255,66,226119,97,348235
8735,0.054478,74.125.24.0-255,2902,229021,97,348235
8736,0.054482,172.31.47.0-255,66,229087,97,348235
8737,0.054571,74.125.24.0-255,2902,231989,97,348235
8738,0.054575,172.31.47.0-255,66,232055,97,348235
8739,0.056557,74.125.24.0-255,2902,234957,97,348235
8740,0.056561,172.31.47.0-255,66,235023,97,348235
8741,0.056628,74.125.24.0-255,2902,237925,97,348235
8742,0.056632,172.31.47.0-255,66,237991,97,348235
8743,0.05873,74.125.24.0-255,2902,240893,97,348235
8744,0.058735,172.31.47.0-255,66,240959,97,348235
8745,0.05887,74.125.24.0-255,2902,243861,97,348235
8746,0.058875,172.31.47.0-255,66,243927,97,348235
8747,0.060849,74.125.24.0-255,2902,246829,97,348235
8748,0.060855,172.31.47.0-255,66,246895,97,348235
8749,0.06098,74.125.24.0-255,2902,249797,97,348235
8750,0.060985,172.31.47.0-255,66,249863,97,348235
8751,0.062969,74.125.24.0-255,2902,252765,97,348235
8752,0.062976,172.31.47.0-255,66,252831,97,348235
8753,0.063094,74.125.24.0-255,2902,255733,97,348235
8754,0.063099,172.31.47.0-255,66,255799,97,348235
8755,0.065081,74.125.24.0-255,2902,258701,97,348235
8756,0.065086,172.31.47.0-255,66,258767,97,348235
8757,0.06524,74.125.24.0-255,2902,261669,97,348235
8758,0.065245,172.31.47.0-255,66,261735,97,348235
8759,0.06723,74.125.24.0-255,2902,264637,97,348235
8760,0.067235,172.31.47.0-255,66,264703,97,348235
8761,0.067295,74.125.24.0-255,2902,267605,97,348235
8762,0.067299,172.31.47.0-255,66,267671,97,348235
8763,0.069348,74.125.24.0-255,4320,271991,97,348235
8764,0.069353,172.31.47.0-255,66,272057,97,348235
8765,0.069379,74.125.24.0-255,1484,273541,97,348235
8766,0.071502,74.125.24.0-255,4320,277861,97,348235
8767,0.071507,172.31.47.0-255,66,277927,97,348235
8768,0.073603,74.125.24.0-255,4320,282247,97,348235
8769,0.073608,172.31.47.0-255,66,282313,97,348235
8770,0.073632,74.125.24.0-255,1484,283797,97,348235
8771,0.075706,74.125.24.0-255,4320,288117,97,348235
8772,0.075712,172.31.47.0-255,66,288183,97,348235
8773,0.077823,74.125.24.0-255,4320,292503,97,348235
8774,0.077828,172.31.47.0-255,66,292569,97,348235
8775,0.077856,74.125.24.0-255,1484,294053,97,348235
8776,0.079903,74.125.24.0-255,2902,296955,97,348235
8777,0.079909,172.31.47.0-255,66,297021,97,348235
8778,0.079936,74.125.24.0-255,1484,298505,97,348235
8779,0.08198,74.125.24.0-255,4320,302825,97,348235
8780,0.081985,172.31.47.0-255,66,302891,97,348235
8781,0.084099,74.125.24.0-255,5738,308629,97,348235
8782,0.084106,172.31.47.0-255,66,308695,97,348235
8783,0.086184,74.125.24.0-255,5738,314433,97,348235
8784,0.086191,172.31.47.0-255,66,314499,97,348235
8785,0.088267,74.125.24.0-255,5738,320237,97,348235
8786,0.088273,172.31.47.0-255,66,320303,97,348235
8787,0.090336,74.125.24.0-255,5738,326041,97,348235
8788,0.090342,172.31.47.0-255,66,326107,97,348235
8789,0.092438,74.125.24.0-255,4320,330427,97,348235
8790,0.092444,172.31.47.0-255,66,330493,97,348235
8791,0.09246,74.125.24.0-255,1484,331977,97,348235
8792,0.09458,74.125.24.0-255,4320,336297,97,348235
8793,0.094585,172.31.47.0-255,66,336363,97,348235
8794,0.096682,74.125.24.0-255,2902,339265,97,348235
8795,0.096687,172.31.47.0-255,66,339331,97,348235
8796,0.096718,74.125.24.0-255,2902,342233,97,348235
8797,0.096721,172.31.47.0-255,66,342299,97,348235
8798,0.09879,74.125.24.0-255,2902,345201,97,348235
8799,0.098795,172.31.47.0-255,66,345267,97,348235
8800,0.098824,74.125.24.0-255,2902,348169,97,348235
8801,0.098827,172.31.47.0-255,66,348235,97,348235
