,TIME,SRC,PACKET_SIZE,CUMULATIVE_PACKET_SIZE,PAGE_NUMBER,TOTAL_PACKET_SIZE
0,0.0,74.125.24.0-255,153,153,70,339814
1,2.3e-05,172.31.40.0-255,66,219,70,339814
2,3e-05,74.125.24.0-255,1484,1703,70,339814
3,3.5e-05,172.31.40.0-255,66,1769,70,339814
4,4.1e-05,74.125.24.0-255,2902,4671,70,339814
5,4.5e-05,172.31.40.0-255,66,4737,70,339814
6,5.3e-05,74.125.24.0-255,7156,11893,70,339814
7,5.6e-05,172.31.40.0-255,66,11959,70,339814
8,6e-05,74.125.24.0-255,2074,14033,70,339814
9,6.2e-05,172.31.40.0-255,66,14099,70,339814
10,0.000269,74.125.24.0-255,1484,15583,70,339814
11,0.000289,172.31.40.0-255,66,15649,70,339814
12,0.000295,74.125.24.0-255,2902,18551,70,339814
13,0.000298,172.31.40.0-255,66,18617,70,339814
14,0.000305,74.125.24.0-255,5738,24355,70,339814
15,0.000308,172.31.40.0-255,66,24421,70,339814
16,0.000332,74.125.24.0-255,1484,25905,70,339814
17,0.000334,172.31.40.0-255,66,25971,70,339814
18,0.000358,74.125.24.0-255,5379,31350,70,339814
19,0.000361,172.31.40.0-255,66,31416,70,339814
20,0.000483,74.125.24.0-255,1484,32900,70,339814
21,0.000487,172.31.40.0-255,66,32966,70,339814
22,0.000493,74.125.24.0-255,2902,35868,70,339814
23,0.000495,172.31.40.0-255,66,35934,70,339814
24,0.00053,74.125.24.0-255,4320,40254,70,339814
25,0.000533,172.31.40.0-255,66,40320,70,339814
26,0.000566,74.125.24.0-255,1484,41804,70,339814
27,0.000569,172.31.40.0-255,66,41870,70,339814
28,0.000578,74.125.24.0-255,6797,48667,70,339814
29,0.00058,172.31.40.0-255,66,48733,70,339814
30,0.000595,172.31.40.0-255,66,48799,70,339814
31,0.000599,74.125.24.0-255,2842,51641,70,339814
32,0.000601,172.31.40.0-255,66,51707,70,339814
33,0.000629,74.125.24.0-255,130,51837,70,339814
34,0.001032,172.31.40.0-255,66,51903,70,339814
35,0.001358,74.125.24.0-255,346,52249,70,339814
36,0.001536,74.125.24.0-255,1484,53733,70,339814
37,0.001543,172.31.40.0-255,66,53799,70,339814
38,0.00155,74.125.24.0-255,2902,56701,70,339814
39,0.001553,172.31.40.0-255,66,56767,70,339814
40,0.001559,74.125.24.0-255,5738,62505,70,339814
41,0.001561,172.31.40.0-255,66,62571,70,339814
42,0.00159,74.125.24.0-255,7156,69727,70,339814
43,0.001593,172.31.40.0-255,66,69793,70,339814
44,0.001612,74.125.24.0-255,5738,75531,70,339814
45,0.001614,172.31.40.0-255,66,75597,70,339814
46,0.001624,74.125.24.0-255,9992,85589,70,339814
47,0.001627,172.31.40.0-255,66,85655,70,339814
48,0.00163,74.125.24.0-255,766,86421,70,339814
49,0.002105,74.125.24.0-255,1484,87905,70,339814
50,0.002112,172.31.40.0-255,66,87971,70,339814
51,0.002119,74.125.24.0-255,2902,90873,70,339814
52,0.002121,172.31.40.0-255,66,90939,70,339814
53,0.002146,74.125.24.0-255,5738,96677,70,339814
54,0.002148,172.31.40.0-255,66,96743,70,339814
55,0.002158,74.125.24.0-255,8574,105317,70,339814
56,0.002161,172.31.40.0-255,66,105383,70,339814
57,0.00218,74.125.24.0-255,4320,109703,70,339814
58,0.002182,172.31.40.0-255,66,109769,70,339814
59,0.002187,74.125.24.0-255,4320,114089,70,339814
60,0.002189,172.31.40.0-255,66,114155,70,339814
61,0.002213,74.125.24.0-255,6438,120593,70,339814
62,0.002216,172.31.40.0-255,66,120659,70,339814
63,0.004822,74.125.24.0-255,4320,124979,70,339814
64,0.004828,172.31.40.0-255,66,125045,70,339814
65,0.004848,74.125.24.0-255,1484,126529,70,339814
66,0.007429,74.125.24.0-255,4320,130849,70,339814
67,0.007436,172.31.40.0-255,66,130915,70,339814
68,0.010042,74.125.24.0-255,5738,136653,70,339814
69,0.010052,172.31.40.0-255,66,136719,70,339814
70,0.012646,74.125.24.0-255,5738,142457,70,339814
71,0.012655,172.31.40.0-255,66,142523,70,339814
72,0.015262,74.125.24.0-255,4320,146843,70,339814
73,0.015272,172.31.40.0-255,66,146909,70,339814
74,0.015291,74.125.24.0-255,1484,148393,70,339814
75,0.017888,74.125.24.0-255,4320,152713,70,339814
76,0.017895,172.31.40.0-255,66,152779,70,339814
77,0.020479,74.125.24.0-255,5738,158517,70,339814
78,0.020488,172.31.40.0-255,66,158583,70,339814
79,0.023066,74.125.24.0-255,5738,164321,70,339814
80,0.023076,172.31.40.0-255,66,164387,70,339814
81,0.025684,74.125.24.0-255,5738,170125,70,339814
82,0.025691,172.31.40.0-255,66,170191,70,339814
83,0.028296,74.125.24.0-255,5738,175929,70,339814
84,0.028303,172.31.40.0-255,66,175995,70,339814
85,0.030884,74.125.24.0-255,5738,181733,70,339814
86,0.030892,172.31.40.0-255,66,181799,70,339814
87,0.033489,74.125.24.0-255,5738,187537,70,339814
88,0.033498,172.31.40.0-255,66,187603,70,339814
89,0.036094,74.125.24.0-255,5738,193341,70,339814
90,0.036103,172.31.40.0-255,66,193407,70,339814
91,0.038716,74.125.24.0-255,5738,199145,70,339814
92,0.038726,172.31.40.0-255,66,199211,70,339814
93,0.041318,74.125.24.0-255,5738,204949,70,339814
94,0.041326,172.31.40.0-255,66,205015,70,339814
95,0.043977,74.125.24.0-255,5738,210753,70,339814
96,0.043987,172.31.40.0-255,66,210819,70,339814
97,0.04632,172.31.40.0-255,172,210991,70,339814
98,0.046351,172.31.40.0-255,1118,212109,70,339814
99,0.046414,172.31.40.0-255,1514,213623,70,339814
100,0.046416,172.31.40.0-255,1514,215137,70,339814
101,0.046421,172.31.40.0-255,1514,216651,70,339814
102,0.046422,172.31.40.0-255,883,217534,70,339814
103,0.046558,74.125.24.0-255,5738,223272,70,339814
104,0.046564,172.31.40.0-255,66,223338,70,339814
105,0.047898,104.244.42.0-255,66,223404,70,339814
106,0.047907,104.244.42.0-255,66,223470,70,339814
107,0.048004,104.244.42.0-255,66,223536,70,339814
108,0.04801,104.244.42.0-255,66,223602,70,339814
109,0.049146,74.125.24.0-255,5738,229340,70,339814
110,0.049154,172.31.40.0-255,66,229406,70,339814
111,0.051738,74.125.24.0-255,5738,235144,70,339814
112,0.051748,172.31.40.0-255,66,235210,70,339814
113,0.054397,74.125.24.0-255,5738,240948,70,339814
114,0.054406,172.31.40.0-255,66,241014,70,339814
115,0.057018,74.125.24.0-255,5738,246752,70,339814
116,0.057025,172.31.40.0-255,66,246818,70,339814
117,0.059614,74.125.24.0-255,5738,252556,70,339814
118,0.059621,172.31.40.0-255,66,252622,70,339814
119,0.062232,74.125.24.0-255,5738,258360,70,339814
120,0.062239,172.31.40.0-255,66,258426,70,339814
121,0.064843,74.125.24.0-255,5738,264164,70,339814
122,0.06485,172.31.40.0-255,66,264230,70,339814
123,0.06745,74.125.24.0-255,5738,269968,70,339814
124,0.067459,172.31.40.0-255,66,270034,70,339814
125,0.070085,74.125.24.0-255,5738,275772,70,339814
126,0.070093,172.31.40.0-255,66,275838,70,339814
127,0.072695,74.125.24.0-255,5738,281576,70,339814
128,0.072702,172.31.40.0-255,66,281642,70,339814
129,0.07532,74.125.24.0-255,5738,287380,70,339814
130,0.075326,172.31.40.0-255,66,287446,70,339814
131,0.077922,74.125.24.0-255,2902,290348,70,339814
132,0.077929,172.31.40.0-255,66,290414,70,339814
133,0.077949,74.125.24.0-255,2902,293316,70,339814
134,0.077952,172.31.40.0-255,66,293382,70,339814
135,0.080519,74.125.24.0-255,5738,299120,70,339814
136,0.080526,172.31.40.0-255,66,299186,70,339814
137,0.083124,74.125.24.0-255,5738,304924,70,339814
138,0.083132,172.31.40.0-255,66,304990,70,339814
139,0.085749,74.125.24.0-255,5738,310728,70,339814
140,0.08576,172.31.40.0-255,66,310794,70,339814
141,0.088375,74.125.24.0-255,5738,316532,70,339814
142,0.088383,172.31.40.0-255,66,316598,70,339814
143,0.090979,74.125.24.0-255,5738,322336,70,339814
144,0.090986,172.31.40.0-255,66,322402,70,339814
145,0.093584,74.125.24.0-255,5738,328140,70,339814
146,0.093591,172.31.40.0-255,66,328206,70,339814
147,0.096206,74.125.24.0-255,5738,333944,70,339814
148,0.096213,172.31.40.0-255,66,334010,70,339814
149,0.098835,74.125.24.0-255,5738,339748,70,339814
150,0.098843,172.31.40.0-255,66,339814,70,339814
151,0.0,172.217.194.0-255,152,152,70,339617
152,2e-05,172.31.40.0-255,66,218,70,339617
153,2.7e-05,172.217.194.0-255,1484,1702,70,339617
154,3.2e-05,172.31.40.0-255,66,1768,70,339617
155,5.8e-05,172.217.194.0-255,2902,4670,70,339617
156,6.3e-05,172.31.40.0-255,66,4736,70,339617
157,7.1e-05,172.217.194.0-255,7156,11892,70,339617
158,7.4e-05,172.31.40.0-255,66,11958,70,339617
159,9.9e-05,172.217.194.0-255,2055,14013,70,339617
160,0.000102,172.31.40.0-255,66,14079,70,339617
161,0.000353,172.217.194.0-255,1484,15563,70,339617
162,0.000358,172.31.40.0-255,66,15629,70,339617
163,0.000365,172.217.194.0-255,2902,18531,70,339617
164,0.000368,172.31.40.0-255,66,18597,70,339617
165,0.000391,172.217.194.0-255,5738,24335,70,339617
166,0.000394,172.31.40.0-255,66,24401,70,339617
167,0.000423,172.217.194.0-255,5738,30139,70,339617
168,0.000427,172.31.40.0-255,66,30205,70,339617
169,0.000452,172.217.194.0-255,1125,31330,70,339617
170,0.000455,172.31.40.0-255,66,31396,70,339617
171,0.000505,172.217.194.0-255,1484,32880,70,339617
172,0.000508,172.31.40.0-255,66,32946,70,339617
173,0.000512,172.217.194.0-255,1484,34430,70,339617
174,0.000514,172.31.40.0-255,66,34496,70,339617
175,0.000539,172.217.194.0-255,1484,35980,70,339617
176,0.000542,172.31.40.0-255,66,36046,70,339617
177,0.000548,172.217.194.0-255,4320,40366,70,339617
178,0.000555,172.31.40.0-255,66,40432,70,339617
179,0.000575,172.217.194.0-255,1484,41916,70,339617
180,0.000582,172.31.40.0-255,66,41982,70,339617
181,0.00059,172.217.194.0-255,6797,48779,70,339617
182,0.000592,172.31.40.0-255,66,48845,70,339617
183,0.0006,172.217.194.0-255,7156,56001,70,339617
184,0.000603,172.31.40.0-255,66,56067,70,339617
185,0.000651,172.217.194.0-255,9923,65990,70,339617
186,0.000656,172.31.40.0-255,66,66056,70,339617
187,0.000659,172.217.194.0-255,98,66154,70,339617
188,0.000898,172.217.194.0-255,1484,67638,70,339617
189,0.000903,172.31.40.0-255,66,67704,70,339617
190,0.000909,172.217.194.0-255,2902,70606,70,339617
191,0.000911,172.31.40.0-255,66,70672,70,339617
192,0.000916,172.217.194.0-255,4320,74992,70,339617
193,0.000918,172.31.40.0-255,66,75058,70,339617
194,0.00095,172.217.194.0-255,1484,76542,70,339617
195,0.000964,172.31.40.0-255,66,76608,70,339617
196,0.000994,172.217.194.0-255,1484,78092,70,339617
197,0.001005,172.217.194.0-255,10692,88784,70,339617
198,0.001008,172.31.40.0-255,66,88850,70,339617
199,0.00111,172.217.194.0-255,1484,90334,70,339617
200,0.001124,172.217.194.0-255,2902,93236,70,339617
201,0.001127,172.31.40.0-255,66,93302,70,339617
202,0.001159,172.217.194.0-255,5738,99040,70,339617
203,0.001162,172.31.40.0-255,66,99106,70,339617
204,0.001166,172.217.194.0-255,1484,100590,70,339617
205,0.001208,172.31.40.0-255,66,100656,70,339617
206,0.001224,172.31.40.0-255,66,100722,70,339617
207,0.001237,172.217.194.0-255,8574,109296,70,339617
208,0.00124,172.31.40.0-255,66,109362,70,339617
209,0.001282,172.217.194.0-255,5738,115100,70,339617
210,0.001285,172.31.40.0-255,66,115166,70,339617
211,0.001326,172.31.40.0-255,66,115232,70,339617
212,0.001328,172.217.194.0-255,364,115596,70,339617
213,0.00155,172.217.194.0-255,1484,117080,70,339617
214,0.001554,172.31.40.0-255,66,117146,70,339617
215,0.001558,172.217.194.0-255,1484,118630,70,339617
216,0.001587,172.217.194.0-255,1484,120114,70,339617
217,0.00159,172.31.40.0-255,66,120180,70,339617
218,0.001597,172.217.194.0-255,5738,125918,70,339617
219,0.001599,172.31.40.0-255,66,125984,70,339617
220,0.001602,172.217.194.0-255,1484,127468,70,339617
221,0.001644,172.217.194.0-255,5738,133206,70,339617
222,0.001647,172.31.40.0-255,66,133272,70,339617
223,0.001679,172.217.194.0-255,2902,136174,70,339617
224,0.001686,172.31.40.0-255,66,136240,70,339617
225,0.001692,172.217.194.0-255,5738,141978,70,339617
226,0.001694,172.31.40.0-255,66,142044,70,339617
227,0.001702,172.217.194.0-255,7156,149200,70,339617
228,0.001704,172.31.40.0-255,66,149266,70,339617
229,0.001707,172.217.194.0-255,766,150032,70,339617
230,0.00171,172.217.194.0-255,1484,151516,70,339617
231,0.001712,172.31.40.0-255,66,151582,70,339617
232,0.001737,172.217.194.0-255,2902,154484,70,339617
233,0.00174,172.31.40.0-255,66,154550,70,339617
234,0.001747,172.217.194.0-255,5738,160288,70,339617
235,0.00175,172.31.40.0-255,66,160354,70,339617
236,0.001803,172.217.194.0-255,4320,164674,70,339617
237,0.001807,172.31.40.0-255,66,164740,70,339617
238,0.001832,172.217.194.0-255,5738,170478,70,339617
239,0.001835,172.31.40.0-255,66,170544,70,339617
240,0.001839,172.217.194.0-255,2902,173446,70,339617
241,0.001841,172.31.40.0-255,66,173512,70,339617
242,0.001878,172.217.194.0-255,9992,183504,70,339617
243,0.001881,172.31.40.0-255,66,183570,70,339617
244,0.001884,172.217.194.0-255,766,184336,70,339617
245,0.00221,172.217.194.0-255,1484,185820,70,339617
246,0.002214,172.31.40.0-255,66,185886,70,339617
247,0.00222,172.217.194.0-255,2902,188788,70,339617
248,0.002222,172.31.40.0-255,66,188854,70,339617
249,0.00224,172.217.194.0-255,1484,190338,70,339617
250,0.002266,172.217.194.0-255,2902,193240,70,339617
251,0.002268,172.31.40.0-255,66,193306,70,339617
252,0.002273,172.217.194.0-255,2902,196208,70,339617
253,0.002275,172.31.40.0-255,66,196274,70,339617
254,0.002317,172.217.194.0-255,5738,202012,70,339617
255,0.00232,172.31.40.0-255,66,202078,70,339617
256,0.002326,172.217.194.0-255,4320,206398,70,339617
257,0.002328,172.31.40.0-255,66,206464,70,339617
258,0.002355,172.217.194.0-255,7156,213620,70,339617
259,0.002358,172.31.40.0-255,66,213686,70,339617
260,0.002391,172.217.194.0-255,5020,218706,70,339617
261,0.002394,172.31.40.0-255,66,218772,70,339617
262,0.002464,172.217.194.0-255,1484,220256,70,339617
263,0.002468,172.217.194.0-255,1484,221740,70,339617
264,0.002471,172.31.40.0-255,66,221806,70,339617
265,0.002493,172.217.194.0-255,1484,223290,70,339617
266,0.0025,172.217.194.0-255,5738,229028,70,339617
267,0.002503,172.31.40.0-255,66,229094,70,339617
268,0.00251,172.217.194.0-255,7156,236250,70,339617
269,0.002513,172.31.40.0-255,66,236316,70,339617
270,0.002516,172.217.194.0-255,1484,237800,70,339617
271,0.002554,172.31.40.0-255,66,237866,70,339617
272,0.002559,172.217.194.0-255,2184,240050,70,339617
273,0.002561,172.31.40.0-255,66,240116,70,339617
274,0.005287,172.217.194.0-255,5738,245854,70,339617
275,0.005293,172.31.40.0-255,66,245920,70,339617
276,0.008081,172.217.194.0-255,5738,251658,70,339617
277,0.008088,172.31.40.0-255,66,251724,70,339617
278,0.01082,172.217.194.0-255,5738,257462,70,339617
279,0.010829,172.31.40.0-255,66,257528,70,339617
280,0.013578,172.217.194.0-255,5738,263266,70,339617
281,0.013587,172.31.40.0-255,66,263332,70,339617
282,0.016372,172.217.194.0-255,5738,269070,70,339617
283,0.016381,172.31.40.0-255,66,269136,70,339617
284,0.019147,172.217.194.0-255,5738,274874,70,339617
285,0.019156,172.31.40.0-255,66,274940,70,339617
286,0.021875,172.217.194.0-255,5738,280678,70,339617
287,0.021883,172.31.40.0-255,66,280744,70,339617
288,0.024635,172.217.194.0-255,5738,286482,70,339617
289,0.024641,172.31.40.0-255,66,286548,70,339617
290,0.027406,172.217.194.0-255,5738,292286,70,339617
291,0.027417,172.31.40.0-255,66,292352,70,339617
292,0.030154,172.217.194.0-255,5738,298090,70,339617
293,0.030163,172.31.40.0-255,66,298156,70,339617
294,0.032972,172.217.194.0-255,5738,303894,70,339617
295,0.032979,172.31.40.0-255,66,303960,70,339617
296,0.033112,172.31.40.0-255,172,304132,70,339617
297,0.03314,172.31.40.0-255,1118,305250,70,339617
298,0.033258,172.31.40.0-255,1514,306764,70,339617
299,0.033259,172.31.40.0-255,1514,308278,70,339617
300,0.033289,172.31.40.0-255,844,309122,70,339617
301,0.03476,104.244.42.0-255,66,309188,70,339617
302,0.034804,104.244.42.0-255,66,309254,70,339617
303,0.034916,104.244.42.0-255,66,309320,70,339617
304,0.034929,104.244.42.0-255,66,309386,70,339617
305,0.035726,172.217.194.0-255,5738,315124,70,339617
306,0.035732,172.31.40.0-255,66,315190,70,339617
307,0.03848,172.217.194.0-255,5738,320928,70,339617
308,0.038487,172.31.40.0-255,66,320994,70,339617
309,0.041238,172.217.194.0-255,5738,326732,70,339617
310,0.041247,172.31.40.0-255,66,326798,70,339617
311,0.043976,172.217.194.0-255,5738,332536,70,339617
312,0.043982,172.31.40.0-255,66,332602,70,339617
313,0.046698,172.217.194.0-255,5738,338340,70,339617
314,0.046705,172.31.40.0-255,66,338406,70,339617
315,0.049482,172.217.194.0-255,974,339380,70,339617
316,0.049612,172.31.40.0-255,66,339446,70,339617
317,0.04965,172.31.40.0-255,105,339551,70,339617
318,0.052366,172.217.194.0-255,66,339617,70,339617
319,0.0,216.58.221.0-255,153,153,70,405650
320,2.1e-05,172.31.40.0-255,66,219,70,405650
321,2.9e-05,216.58.221.0-255,1484,1703,70,405650
322,3.4e-05,172.31.40.0-255,66,1769,70,405650
323,3.9e-05,216.58.221.0-255,2902,4671,70,405650
324,5e-05,172.31.40.0-255,66,4737,70,405650
325,5.7e-05,216.58.221.0-255,7156,11893,70,405650
326,6e-05,172.31.40.0-255,66,11959,70,405650
327,6.4e-05,216.58.221.0-255,2057,14016,70,405650
328,6.6e-05,172.31.40.0-255,66,14082,70,405650
329,0.0001,216.58.221.0-255,2902,16984,70,405650
330,0.000103,172.31.40.0-255,66,17050,70,405650
331,0.000107,216.58.221.0-255,2902,19952,70,405650
332,0.000109,172.31.40.0-255,66,20018,70,405650
333,0.000116,216.58.221.0-255,4320,24338,70,405650
334,0.000119,172.31.40.0-255,66,24404,70,405650
335,0.000148,216.58.221.0-255,5738,30142,70,405650
336,0.000151,172.31.40.0-255,66,30208,70,405650
337,0.000176,216.58.221.0-255,1125,31333,70,405650
338,0.000179,172.31.40.0-255,66,31399,70,405650
339,0.000185,216.58.221.0-255,5738,37137,70,405650
340,0.000188,172.31.40.0-255,66,37203,70,405650
341,0.000219,216.58.221.0-255,1484,38687,70,405650
342,0.000222,172.31.40.0-255,66,38753,70,405650
343,0.000228,216.58.221.0-255,5738,44491,70,405650
344,0.00023,172.31.40.0-255,66,44557,70,405650
345,0.000251,216.58.221.0-255,3961,48518,70,405650
346,0.000254,172.31.40.0-255,66,48584,70,405650
347,0.000257,216.58.221.0-255,2902,51486,70,405650
348,0.000259,172.31.40.0-255,66,51552,70,405650
349,0.000292,216.58.221.0-255,1484,53036,70,405650
350,0.000295,172.31.40.0-255,66,53102,70,405650
351,0.000305,216.58.221.0-255,9992,63094,70,405650
352,0.000311,172.31.40.0-255,66,63160,70,405650
353,0.000315,216.58.221.0-255,2543,65703,70,405650
354,0.000317,172.31.40.0-255,66,65769,70,405650
355,0.000338,216.58.221.0-255,391,66160,70,405650
356,0.000858,216.58.221.0-255,116,66276,70,405650
357,0.001038,172.31.40.0-255,66,66342,70,405650
358,0.001227,216.58.221.0-255,1484,67826,70,405650
359,0.001238,216.58.221.0-255,2902,70728,70,405650
360,0.001242,172.31.40.0-255,66,70794,70,405650
361,0.001272,216.58.221.0-255,5738,76532,70,405650
362,0.001275,172.31.40.0-255,66,76598,70,405650
363,0.001294,216.58.221.0-255,2902,79500,70,405650
364,0.001296,172.31.40.0-255,66,79566,70,405650
365,0.001328,216.58.221.0-255,3961,83527,70,405650
366,0.001331,172.31.40.0-255,66,83593,70,405650
367,0.00134,216.58.221.0-255,7156,90749,70,405650
368,0.001342,172.31.40.0-255,66,90815,70,405650
369,0.001356,216.58.221.0-255,9633,100448,70,405650
370,0.001358,172.31.40.0-255,66,100514,70,405650
371,0.001908,216.58.221.0-255,1484,101998,70,405650
372,0.001917,216.58.221.0-255,2902,104900,70,405650
373,0.001921,172.31.40.0-255,66,104966,70,405650
374,0.001929,216.58.221.0-255,5738,110704,70,405650
375,0.001931,172.31.40.0-255,66,110770,70,405650
376,0.001943,216.58.221.0-255,5738,116508,70,405650
377,0.001945,172.31.40.0-255,66,116574,70,405650
378,0.001953,216.58.221.0-255,7156,123730,70,405650
379,0.001956,172.31.40.0-255,66,123796,70,405650
380,0.002017,216.58.221.0-255,7156,130952,70,405650
381,0.00202,172.31.40.0-255,66,131018,70,405650
382,0.002048,216.58.221.0-255,3602,134620,70,405650
383,0.00205,172.31.40.0-255,66,134686,70,405650
384,0.004059,216.58.221.0-255,1484,136170,70,405650
385,0.004092,216.58.221.0-255,1484,137654,70,405650
386,0.004096,172.31.40.0-255,66,137720,70,405650
387,0.004124,216.58.221.0-255,2902,140622,70,405650
388,0.004126,172.31.40.0-255,66,140688,70,405650
389,0.006405,216.58.221.0-255,2902,143590,70,405650
390,0.006408,172.31.40.0-255,66,143656,70,405650
391,0.006438,216.58.221.0-255,2902,146558,70,405650
392,0.006441,172.31.40.0-255,66,146624,70,405650
393,0.008457,216.58.221.0-255,2902,149526,70,405650
394,0.008464,172.31.40.0-255,66,149592,70,405650
395,0.008498,216.58.221.0-255,2902,152494,70,405650
396,0.008501,172.31.40.0-255,66,152560,70,405650
397,0.010517,216.58.221.0-255,2902,155462,70,405650
398,0.010524,172.31.40.0-255,66,155528,70,405650
399,0.010556,216.58.221.0-255,2902,158430,70,405650
400,0.010558,172.31.40.0-255,66,158496,70,405650
401,0.012576,216.58.221.0-255,2902,161398,70,405650
402,0.012585,172.31.40.0-255,66,161464,70,405650
403,0.012616,216.58.221.0-255,2902,164366,70,405650
404,0.01262,172.31.40.0-255,66,164432,70,405650
405,0.014635,216.58.221.0-255,2902,167334,70,405650
406,0.014643,172.31.40.0-255,66,167400,70,405650
407,0.014679,216.58.221.0-255,2902,170302,70,405650
408,0.014682,172.31.40.0-255,66,170368,70,405650
409,0.016693,216.58.221.0-255,2902,173270,70,405650
410,0.0167,172.31.40.0-255,66,173336,70,405650
411,0.016732,216.58.221.0-255,2902,176238,70,405650
412,0.016736,172.31.40.0-255,66,176304,70,405650
413,0.018744,216.58.221.0-255,2902,179206,70,405650
414,0.018752,172.31.40.0-255,66,179272,70,405650
415,0.01878,216.58.221.0-255,2902,182174,70,405650
416,0.018783,172.31.40.0-255,66,182240,70,405650
417,0.020801,216.58.221.0-255,2902,185142,70,405650
418,0.020807,172.31.40.0-255,66,185208,70,405650
419,0.020839,216.58.221.0-255,2902,188110,70,405650
420,0.020841,172.31.40.0-255,66,188176,70,405650
421,0.022875,216.58.221.0-255,5738,193914,70,405650
422,0.022882,172.31.40.0-255,66,193980,70,405650
423,0.024937,216.58.221.0-255,5738,199718,70,405650
424,0.024943,172.31.40.0-255,66,199784,70,405650
425,0.027,216.58.221.0-255,5738,205522,70,405650
426,0.027008,172.31.40.0-255,66,205588,70,405650
427,0.027119,172.31.40.0-255,176,205764,70,405650
428,0.027147,172.31.40.0-255,1114,206878,70,405650
429,0.027205,172.31.40.0-255,1514,208392,70,405650
430,0.027207,172.31.40.0-255,1514,209906,70,405650
431,0.02723,172.31.40.0-255,848,210754,70,405650
432,0.02878,104.244.42.0-255,66,210820,70,405650
433,0.028843,104.244.42.0-255,66,210886,70,405650
434,0.028902,104.244.42.0-255,66,210952,70,405650
435,0.028924,104.244.42.0-255,66,211018,70,405650
436,0.02906,216.58.221.0-255,5738,216756,70,405650
437,0.029065,172.31.40.0-255,66,216822,70,405650
438,0.03112,216.58.221.0-255,5738,222560,70,405650
439,0.031127,172.31.40.0-255,66,222626,70,405650
440,0.033202,216.58.221.0-255,5738,228364,70,405650
441,0.033209,172.31.40.0-255,66,228430,70,405650
442,0.035275,216.58.221.0-255,5738,234168,70,405650
443,0.035281,172.31.40.0-255,66,234234,70,405650
444,0.037345,216.58.221.0-255,5738,239972,70,405650
445,0.037353,172.31.40.0-255,66,240038,70,405650
446,0.039411,216.58.221.0-255,4320,244358,70,405650
447,0.039418,172.31.40.0-255,66,244424,70,405650
448,0.039446,216.58.221.0-255,1484,245908,70,405650
449,0.041465,216.58.221.0-255,2902,248810,70,405650
450,0.041471,172.31.40.0-255,66,248876,70,405650
451,0.041501,216.58.221.0-255,1484,250360,70,405650
452,0.04353,216.58.221.0-255,4320,254680,70,405650
453,0.043536,172.31.40.0-255,66,254746,70,405650
454,0.045591,216.58.221.0-255,5738,260484,70,405650
455,0.045597,172.31.40.0-255,66,260550,70,405650
456,0.047666,216.58.221.0-255,5738,266288,70,405650
457,0.047676,172.31.40.0-255,66,266354,70,405650
458,0.049751,216.58.221.0-255,5738,272092,70,405650
459,0.049758,172.31.40.0-255,66,272158,70,405650
460,0.051844,216.58.221.0-255,5738,277896,70,405650
461,0.051851,172.31.40.0-255,66,277962,70,405650
462,0.05392,216.58.221.0-255,5738,283700,70,405650
463,0.053927,172.31.40.0-255,66,283766,70,405650
464,0.055988,216.58.221.0-255,5738,289504,70,405650
465,0.055995,172.31.40.0-255,66,289570,70,405650
466,0.058053,216.58.221.0-255,5738,295308,70,405650
467,0.058059,172.31.40.0-255,66,295374,70,405650
468,0.060128,216.58.221.0-255,5738,301112,70,405650
469,0.060136,172.31.40.0-255,66,301178,70,405650
470,0.062198,216.58.221.0-255,5738,306916,70,405650
471,0.062204,172.31.40.0-255,66,306982,70,405650
472,0.064268,216.58.221.0-255,5738,312720,70,405650
473,0.064273,172.31.40.0-255,66,312786,70,405650
474,0.066377,216.58.221.0-255,5738,318524,70,405650
475,0.066383,172.31.40.0-255,66,318590,70,405650
476,0.068464,216.58.221.0-255,5738,324328,70,405650
477,0.068471,172.31.40.0-255,66,324394,70,405650
478,0.070537,216.58.221.0-255,5738,330132,70,405650
479,0.070543,172.31.40.0-255,66,330198,70,405650
480,0.072711,216.58.221.0-255,5738,335936,70,405650
481,0.072718,172.31.40.0-255,66,336002,70,405650
482,0.074785,216.58.221.0-255,5738,341740,70,405650
483,0.074791,172.31.40.0-255,66,341806,70,405650
484,0.077336,216.58.221.0-255,5738,347544,70,405650
485,0.077342,172.31.40.0-255,66,347610,70,405650
486,0.079399,216.58.221.0-255,5738,353348,70,405650
487,0.079406,172.31.40.0-255,66,353414,70,405650
488,0.081468,216.58.221.0-255,5738,359152,70,405650
489,0.081477,172.31.40.0-255,66,359218,70,405650
490,0.083533,216.58.221.0-255,5738,364956,70,405650
491,0.083539,172.31.40.0-255,66,365022,70,405650
492,0.085605,216.58.221.0-255,5738,370760,70,405650
493,0.085611,172.31.40.0-255,66,370826,70,405650
494,0.087666,216.58.221.0-255,5738,376564,70,405650
495,0.087673,172.31.40.0-255,66,376630,70,405650
496,0.089747,216.58.221.0-255,5738,382368,70,405650
497,0.089752,172.31.40.0-255,66,382434,70,405650
498,0.091815,216.58.221.0-255,5738,388172,70,405650
499,0.091821,172.31.40.0-255,66,388238,70,405650
500,0.09388,216.58.221.0-255,5738,393976,70,405650
501,0.093886,172.31.40.0-255,66,394042,70,405650
502,0.09594,216.58.221.0-255,5738,399780,70,405650
503,0.095948,172.31.40.0-255,66,399846,70,405650
504,0.098006,216.58.221.0-255,5738,405584,70,405650
505,0.098013,172.31.40.0-255,66,405650,70,405650
506,0.0,74.125.24.0-255,146,146,70,318985
507,2.4e-05,172.31.40.0-255,66,212,70,318985
508,3.1e-05,74.125.24.0-255,1484,1696,70,318985
509,3.6e-05,172.31.40.0-255,66,1762,70,318985
510,4.2e-05,74.125.24.0-255,2902,4664,70,318985
511,4.5e-05,172.31.40.0-255,66,4730,70,318985
512,5.2e-05,74.125.24.0-255,5738,10468,70,318985
513,5.5e-05,172.31.40.0-255,66,10534,70,318985
514,6.2e-05,74.125.24.0-255,4976,15510,70,318985
515,6.5e-05,172.31.40.0-255,66,15576,70,318985
516,7.1e-05,74.125.24.0-255,5738,21314,70,318985
517,7.4e-05,172.31.40.0-255,66,21380,70,318985
518,7.8e-05,74.125.24.0-255,1484,22864,70,318985
519,8.1e-05,172.31.40.0-255,66,22930,70,318985
520,0.000114,172.31.40.0-255,66,22996,70,318985
521,0.000127,172.31.40.0-255,66,23062,70,318985
522,0.000148,74.125.24.0-255,1484,24546,70,318985
523,0.00015,172.31.40.0-255,66,24612,70,318985
524,0.000154,74.125.24.0-255,2184,26796,70,318985
525,0.000156,172.31.40.0-255,66,26862,70,318985
526,0.000161,74.125.24.0-255,2902,29764,70,318985
527,0.000163,172.31.40.0-255,66,29830,70,318985
528,0.000187,74.125.24.0-255,2902,32732,70,318985
529,0.00019,172.31.40.0-255,66,32798,70,318985
530,0.000219,74.125.24.0-255,4320,37118,70,318985
531,0.000221,172.31.40.0-255,66,37184,70,318985
532,0.000227,74.125.24.0-255,5647,42831,70,318985
533,0.00023,172.31.40.0-255,66,42897,70,318985
534,0.000232,74.125.24.0-255,419,43316,70,318985
535,0.000234,172.31.40.0-255,66,43382,70,318985
536,0.000496,74.125.24.0-255,1484,44866,70,318985
537,0.000504,74.125.24.0-255,2902,47768,70,318985
538,0.000508,172.31.40.0-255,66,47834,70,318985
539,0.000515,74.125.24.0-255,5738,53572,70,318985
540,0.000518,172.31.40.0-255,66,53638,70,318985
541,0.000544,74.125.24.0-255,2902,56540,70,318985
542,0.000547,172.31.40.0-255,66,56606,70,318985
543,0.000568,172.31.40.0-255,66,56672,70,318985
544,0.000573,74.125.24.0-255,4320,60992,70,318985
545,0.000576,172.31.40.0-255,66,61058,70,318985
546,0.000603,74.125.24.0-255,4320,65378,70,318985
547,0.000606,172.31.40.0-255,66,65444,70,318985
548,0.000623,74.125.24.0-255,1125,66569,70,318985
549,0.00077,74.125.24.0-255,1484,68053,70,318985
550,0.000775,74.125.24.0-255,2902,70955,70,318985
551,0.00078,172.31.40.0-255,66,71021,70,318985
552,0.000788,172.31.40.0-255,66,71087,70,318985
553,0.000795,74.125.24.0-255,5738,76825,70,318985
554,0.000797,172.31.40.0-255,66,76891,70,318985
555,0.0008,74.125.24.0-255,1484,78375,70,318985
556,0.000842,172.31.40.0-255,66,78441,70,318985
557,0.000863,74.125.24.0-255,4320,82761,70,318985
558,0.000866,172.31.40.0-255,66,82827,70,318985
559,0.000881,74.125.24.0-255,6438,89265,70,318985
560,0.000884,172.31.40.0-255,66,89331,70,318985
561,0.001724,74.125.24.0-255,1484,90815,70,318985
562,0.001755,74.125.24.0-255,2902,93717,70,318985
563,0.001759,172.31.40.0-255,66,93783,70,318985
564,0.001767,74.125.24.0-255,5738,99521,70,318985
565,0.001769,172.31.40.0-255,66,99587,70,318985
566,0.001809,172.31.40.0-255,66,99653,70,318985
567,0.001853,172.31.40.0-255,66,99719,70,318985
568,0.001881,172.31.40.0-255,66,99785,70,318985
569,0.001886,74.125.24.0-255,2902,102687,70,318985
570,0.001888,172.31.40.0-255,66,102753,70,318985
571,0.001915,74.125.24.0-255,9992,112745,70,318985
572,0.001917,172.31.40.0-255,66,112811,70,318985
573,0.001934,74.125.24.0-255,3602,116413,70,318985
574,0.001937,172.31.40.0-255,66,116479,70,318985
575,0.003914,74.125.24.0-255,1484,117963,70,318985
576,0.003943,74.125.24.0-255,4320,122283,70,318985
577,0.003948,172.31.40.0-255,66,122349,70,318985
578,0.005951,74.125.24.0-255,4320,126669,70,318985
579,0.005954,172.31.40.0-255,66,126735,70,318985
580,0.00597,74.125.24.0-255,1484,128219,70,318985
581,0.007947,74.125.24.0-255,4320,132539,70,318985
582,0.007953,172.31.40.0-255,66,132605,70,318985
583,0.009955,74.125.24.0-255,5738,138343,70,318985
584,0.009963,172.31.40.0-255,66,138409,70,318985
585,0.011983,74.125.24.0-255,5738,144147,70,318985
586,0.011992,172.31.40.0-255,66,144213,70,318985
587,0.014017,74.125.24.0-255,5738,149951,70,318985
588,0.014025,172.31.40.0-255,66,150017,70,318985
589,0.01607,74.125.24.0-255,5738,155755,70,318985
590,0.016077,172.31.40.0-255,66,155821,70,318985
591,0.018085,74.125.24.0-255,5738,161559,70,318985
592,0.018093,172.31.40.0-255,66,161625,70,318985
593,0.020103,74.125.24.0-255,5738,167363,70,318985
594,0.02011,172.31.40.0-255,66,167429,70,318985
595,0.022143,74.125.24.0-255,5738,173167,70,318985
596,0.02215,172.31.40.0-255,66,173233,70,318985
597,0.024193,74.125.24.0-255,5738,178971,70,318985
598,0.024209,172.31.40.0-255,66,179037,70,318985
599,0.026225,74.125.24.0-255,5738,184775,70,318985
600,0.02624,172.31.40.0-255,66,184841,70,318985
601,0.028261,74.125.24.0-255,5738,190579,70,318985
602,0.028276,172.31.40.0-255,66,190645,70,318985
603,0.03033,74.125.24.0-255,5738,196383,70,318985
604,0.030345,172.31.40.0-255,66,196449,70,318985
605,0.032366,74.125.24.0-255,5738,202187,70,318985
606,0.032374,172.31.40.0-255,66,202253,70,318985
607,0.034408,74.125.24.0-255,5738,207991,70,318985
608,0.03442,172.31.40.0-255,66,208057,70,318985
609,0.036445,74.125.24.0-255,5738,213795,70,318985
610,0.036452,172.31.40.0-255,66,213861,70,318985
611,0.037142,172.31.40.0-255,172,214033,70,318985
612,0.037175,172.31.40.0-255,1113,215146,70,318985
613,0.037239,172.31.40.0-255,1514,216660,70,318985
614,0.037241,172.31.40.0-255,1514,218174,70,318985
615,0.037242,172.31.40.0-255,1368,219542,70,318985
616,0.038445,74.125.24.0-255,5738,225280,70,318985
617,0.038454,172.31.40.0-255,66,225346,70,318985
618,0.039377,104.244.42.0-255,66,225412,70,318985
619,0.040462,74.125.24.0-255,5738,231150,70,318985
620,0.040467,172.31.40.0-255,66,231216,70,318985
621,0.042482,74.125.24.0-255,5738,236954,70,318985
622,0.042491,172.31.40.0-255,66,237020,70,318985
623,0.044544,74.125.24.0-255,5738,242758,70,318985
624,0.044553,172.31.40.0-255,66,242824,70,318985
625,0.046562,74.125.24.0-255,5738,248562,70,318985
626,0.04657,172.31.40.0-255,66,248628,70,318985
627,0.048577,74.125.24.0-255,5738,254366,70,318985
628,0.048585,172.31.40.0-255,66,254432,70,318985
629,0.05058,74.125.24.0-255,5738,260170,70,318985
630,0.050586,172.31.40.0-255,66,260236,70,318985
631,0.052587,74.125.24.0-255,5738,265974,70,318985
632,0.052593,172.31.40.0-255,66,266040,70,318985
633,0.054616,74.125.24.0-255,5738,271778,70,318985
634,0.054622,172.31.40.0-255,66,271844,70,318985
635,0.056641,74.125.24.0-255,5738,277582,70,318985
636,0.056647,172.31.40.0-255,66,277648,70,318985
637,0.058662,74.125.24.0-255,4320,281968,70,318985
638,0.058671,172.31.40.0-255,66,282034,70,318985
639,0.05869,74.125.24.0-255,1484,283518,70,318985
640,0.060692,74.125.24.0-255,4320,287838,70,318985
641,0.060701,172.31.40.0-255,66,287904,70,318985
642,0.062705,74.125.24.0-255,5738,293642,70,318985
643,0.062712,172.31.40.0-255,66,293708,70,318985
644,0.064781,74.125.24.0-255,5738,299446,70,318985
645,0.064788,172.31.40.0-255,66,299512,70,318985
646,0.066795,74.125.24.0-255,5738,305250,70,318985
647,0.066801,172.31.40.0-255,66,305316,70,318985
648,0.068853,74.125.24.0-255,5738,311054,70,318985
649,0.068859,172.31.40.0-255,66,311120,70,318985
650,0.07085,74.125.24.0-255,5738,316858,70,318985
651,0.070857,172.31.40.0-255,66,316924,70,318985
652,0.072835,74.125.24.0-255,1824,318748,70,318985
653,0.07284,172.31.40.0-255,66,318814,70,318985
654,0.073008,172.31.40.0-255,105,318919,70,318985
655,0.07495,74.125.24.0-255,66,318985,70,318985
656,0.0,172.217.194.0-255,146,146,70,337013
657,2.2e-05,172.31.40.0-255,66,212,70,337013
658,2.9e-05,172.217.194.0-255,1484,1696,70,337013
659,3.3e-05,172.31.40.0-255,66,1762,70,337013
660,4e-05,172.217.194.0-255,2902,4664,70,337013
661,4.4e-05,172.31.40.0-255,66,4730,70,337013
662,5.1e-05,172.217.194.0-255,7156,11886,70,337013
663,5.4e-05,172.31.40.0-255,66,11952,70,337013
664,8e-05,172.217.194.0-255,2037,13989,70,337013
665,8.3e-05,172.31.40.0-255,66,14055,70,337013
666,0.000117,172.217.194.0-255,1484,15539,70,337013
667,0.000119,172.31.40.0-255,66,15605,70,337013
668,0.000123,172.217.194.0-255,2902,18507,70,337013
669,0.000126,172.31.40.0-255,66,18573,70,337013
670,0.000128,172.217.194.0-255,1484,20057,70,337013
671,0.00013,172.31.40.0-255,66,20123,70,337013
672,0.000148,172.217.194.0-255,4320,24443,70,337013
673,0.00015,172.31.40.0-255,66,24509,70,337013
674,0.000179,172.217.194.0-255,2902,27411,70,337013
675,0.000181,172.31.40.0-255,66,27477,70,337013
676,0.000196,172.217.194.0-255,3961,31438,70,337013
677,0.000199,172.31.40.0-255,66,31504,70,337013
678,0.000207,172.217.194.0-255,7156,38660,70,337013
679,0.000209,172.31.40.0-255,66,38726,70,337013
680,0.000248,172.31.40.0-255,66,38792,70,337013
681,0.000274,172.217.194.0-255,5738,44530,70,337013
682,0.000276,172.31.40.0-255,66,44596,70,337013
683,0.000296,172.217.194.0-255,5020,49616,70,337013
684,0.000298,172.31.40.0-255,66,49682,70,337013
685,0.0003,172.217.194.0-255,375,50057,70,337013
686,0.000302,172.31.40.0-255,66,50123,70,337013
687,0.000354,172.217.194.0-255,367,50490,70,337013
688,0.000609,172.217.194.0-255,1484,51974,70,337013
689,0.000614,172.31.40.0-255,66,52040,70,337013
690,0.000635,172.217.194.0-255,2902,54942,70,337013
691,0.000638,172.31.40.0-255,66,55008,70,337013
692,0.000644,172.217.194.0-255,4320,59328,70,337013
693,0.000646,172.31.40.0-255,66,59394,70,337013
694,0.000658,172.217.194.0-255,1484,60878,70,337013
695,0.000687,172.217.194.0-255,4320,65198,70,337013
696,0.000691,172.31.40.0-255,66,65264,70,337013
697,0.000707,172.217.194.0-255,7156,72420,70,337013
698,0.00071,172.31.40.0-255,66,72486,70,337013
699,0.000737,172.217.194.0-255,1484,73970,70,337013
700,0.000746,172.217.194.0-255,8574,82544,70,337013
701,0.000749,172.31.40.0-255,66,82610,70,337013
702,0.000753,172.217.194.0-255,2184,84794,70,337013
703,0.000754,172.31.40.0-255,66,84860,70,337013
704,0.000899,172.217.194.0-255,1484,86344,70,337013
705,0.000916,172.217.194.0-255,2902,89246,70,337013
706,0.000919,172.31.40.0-255,66,89312,70,337013
707,0.000925,172.217.194.0-255,4320,93632,70,337013
708,0.000927,172.31.40.0-255,66,93698,70,337013
709,0.00095,172.217.194.0-255,1484,95182,70,337013
710,0.000978,172.217.194.0-255,2902,98084,70,337013
711,0.000983,172.31.40.0-255,66,98150,70,337013
712,0.001,172.217.194.0-255,9992,108142,70,337013
713,0.001002,172.31.40.0-255,66,108208,70,337013
714,0.001023,172.217.194.0-255,7156,115364,70,337013
715,0.001026,172.31.40.0-255,66,115430,70,337013
716,0.00105,172.217.194.0-255,3602,119032,70,337013
717,0.001053,172.31.40.0-255,66,119098,70,337013
718,0.00115,172.217.194.0-255,1484,120582,70,337013
719,0.001167,172.217.194.0-255,2902,123484,70,337013
720,0.00117,172.31.40.0-255,66,123550,70,337013
721,0.001197,172.217.194.0-255,5738,129288,70,337013
722,0.0012,172.31.40.0-255,66,129354,70,337013
723,0.001218,172.217.194.0-255,4320,133674,70,337013
724,0.001221,172.31.40.0-255,66,133740,70,337013
725,0.001236,172.217.194.0-255,4320,138060,70,337013
726,0.001239,172.31.40.0-255,66,138126,70,337013
727,0.001244,172.217.194.0-255,2902,141028,70,337013
728,0.001247,172.31.40.0-255,66,141094,70,337013
729,0.001272,172.217.194.0-255,7156,148250,70,337013
730,0.001275,172.31.40.0-255,66,148316,70,337013
731,0.001281,172.217.194.0-255,5020,153336,70,337013
732,0.001283,172.31.40.0-255,66,153402,70,337013
733,0.001321,172.217.194.0-255,1484,154886,70,337013
734,0.001325,172.217.194.0-255,2902,157788,70,337013
735,0.00133,172.31.40.0-255,66,157854,70,337013
736,0.001353,172.217.194.0-255,5738,163592,70,337013
737,0.001356,172.31.40.0-255,66,163658,70,337013
738,0.001363,172.217.194.0-255,7156,170814,70,337013
739,0.001365,172.31.40.0-255,66,170880,70,337013
740,0.001384,172.217.194.0-255,5738,176618,70,337013
741,0.001386,172.31.40.0-255,66,176684,70,337013
742,0.001393,172.217.194.0-255,7156,183840,70,337013
743,0.001395,172.31.40.0-255,66,183906,70,337013
744,0.001417,172.217.194.0-255,3602,187508,70,337013
745,0.001419,172.31.40.0-255,66,187574,70,337013
746,0.001634,172.217.194.0-255,1484,189058,70,337013
747,0.001639,172.217.194.0-255,1484,190542,70,337013
748,0.001642,172.31.40.0-255,66,190608,70,337013
749,0.001653,172.217.194.0-255,1484,192092,70,337013
750,0.001659,172.217.194.0-255,5738,197830,70,337013
751,0.001662,172.31.40.0-255,66,197896,70,337013
752,0.001681,172.217.194.0-255,2902,200798,70,337013
753,0.001683,172.31.40.0-255,66,200864,70,337013
754,0.001711,172.217.194.0-255,2902,203766,70,337013
755,0.001714,172.31.40.0-255,66,203832,70,337013
756,0.001721,172.217.194.0-255,7156,210988,70,337013
757,0.001724,172.31.40.0-255,66,211054,70,337013
758,0.001728,172.217.194.0-255,4320,215374,70,337013
759,0.001731,172.31.40.0-255,66,215440,70,337013
760,0.001752,172.217.194.0-255,4320,219760,70,337013
761,0.001755,172.31.40.0-255,66,219826,70,337013
762,0.001778,172.217.194.0-255,2184,222010,70,337013
763,0.00178,172.31.40.0-255,66,222076,70,337013
764,0.00184,172.217.194.0-255,1484,223560,70,337013
765,0.001846,172.217.194.0-255,2902,226462,70,337013
766,0.001849,172.31.40.0-255,66,226528,70,337013
767,0.001882,172.217.194.0-255,1484,228012,70,337013
768,0.001899,172.217.194.0-255,4320,232332,70,337013
769,0.001901,172.31.40.0-255,66,232398,70,337013
770,0.001929,172.31.40.0-255,66,232464,70,337013
771,0.001938,172.217.194.0-255,9992,242456,70,337013
772,0.00194,172.31.40.0-255,66,242522,70,337013
773,0.001943,172.217.194.0-255,766,243288,70,337013
774,0.002034,172.217.194.0-255,1484,244772,70,337013
775,0.002038,172.31.40.0-255,66,244838,70,337013
776,0.002044,172.217.194.0-255,2902,247740,70,337013
777,0.002046,172.31.40.0-255,66,247806,70,337013
778,0.002052,172.217.194.0-255,4320,252126,70,337013
779,0.002055,172.31.40.0-255,66,252192,70,337013
780,0.002076,172.217.194.0-255,1484,253676,70,337013
781,0.002084,172.217.194.0-255,8574,262250,70,337013
782,0.002087,172.31.40.0-255,66,262316,70,337013
783,0.002109,172.217.194.0-255,4320,266636,70,337013
784,0.002111,172.31.40.0-255,66,266702,70,337013
785,0.002122,172.217.194.0-255,10692,277394,70,337013
786,0.002124,172.31.40.0-255,66,277460,70,337013
787,0.002157,172.217.194.0-255,1484,278944,70,337013
788,0.00216,172.217.194.0-255,1484,280428,70,337013
789,0.002163,172.31.40.0-255,66,280494,70,337013
790,0.00218,172.217.194.0-255,1484,281978,70,337013
791,0.002187,172.217.194.0-255,5738,287716,70,337013
792,0.002189,172.31.40.0-255,66,287782,70,337013
793,0.002205,172.217.194.0-255,7156,294938,70,337013
794,0.002208,172.31.40.0-255,66,295004,70,337013
795,0.002232,172.217.194.0-255,4320,299324,70,337013
796,0.002235,172.31.40.0-255,66,299390,70,337013
797,0.002244,172.217.194.0-255,9992,309382,70,337013
798,0.002246,172.31.40.0-255,66,309448,70,337013
799,0.002276,172.217.194.0-255,9274,318722,70,337013
800,0.002279,172.31.40.0-255,66,318788,70,337013
801,0.002309,172.217.194.0-255,1484,320272,70,337013
802,0.002346,172.217.194.0-255,4320,324592,70,337013
803,0.00238,172.217.194.0-255,3738,328330,70,337013
804,0.002384,172.217.194.0-255,97,328427,70,337013
805,0.002413,172.217.194.0-255,105,328532,70,337013
806,0.002958,172.31.40.0-255,66,328598,70,337013
807,0.010624,172.31.40.0-255,105,328703,70,337013
808,0.013245,172.217.194.0-255,66,328769,70,337013
809,0.02884,172.31.40.0-255,172,328941,70,337013
810,0.028875,172.31.40.0-255,1118,330059,70,337013
811,0.028937,172.31.40.0-255,1514,331573,70,337013
812,0.028939,172.31.40.0-255,1514,333087,70,337013
813,0.028944,172.31.40.0-255,1514,334601,70,337013
814,0.028946,172.31.40.0-255,1514,336115,70,337013
815,0.028965,172.31.40.0-255,634,336749,70,337013
816,0.030538,104.244.42.0-255,66,336815,70,337013
817,0.030611,104.244.42.0-255,66,336881,70,337013
818,0.03064,104.244.42.0-255,66,336947,70,337013
819,0.03066,104.244.42.0-255,66,337013,70,337013
820,0.0,74.125.200.0-255,152,152,70,394147
821,2.6e-05,172.31.40.0-255,66,218,70,394147
822,3.4e-05,74.125.200.0-255,1484,1702,70,394147
823,3.9e-05,172.31.40.0-255,66,1768,70,394147
824,4.5e-05,74.125.200.0-255,2902,4670,70,394147
825,7.7e-05,172.31.40.0-255,66,4736,70,394147
826,8e-05,74.125.200.0-255,1484,6220,70,394147
827,8.3e-05,172.31.40.0-255,66,6286,70,394147
828,8.9e-05,74.125.200.0-255,2902,9188,70,394147
829,9.2e-05,172.31.40.0-255,66,9254,70,394147
830,0.000133,74.125.200.0-255,4900,14154,70,394147
831,0.000136,172.31.40.0-255,66,14220,70,394147
832,0.000195,74.125.200.0-255,1484,15704,70,394147
833,0.000198,172.31.40.0-255,66,15770,70,394147
834,0.000216,74.125.200.0-255,2902,18672,70,394147
835,0.000219,172.31.40.0-255,66,18738,70,394147
836,0.000223,74.125.200.0-255,2902,21640,70,394147
837,0.000226,172.31.40.0-255,66,21706,70,394147
838,0.000254,74.125.200.0-255,1484,23190,70,394147
839,0.000257,172.31.40.0-255,66,23256,70,394147
840,0.000264,74.125.200.0-255,5738,28994,70,394147
841,0.000267,172.31.40.0-255,66,29060,70,394147
842,0.000304,74.125.200.0-255,3961,33021,70,394147
843,0.000307,172.31.40.0-255,66,33087,70,394147
844,0.000312,74.125.200.0-255,4320,37407,70,394147
845,0.000314,172.31.40.0-255,66,37473,70,394147
846,0.00032,74.125.200.0-255,5738,43211,70,394147
847,0.000323,172.31.40.0-255,66,43277,70,394147
848,0.000337,172.31.40.0-255,66,43343,70,394147
849,0.000342,74.125.200.0-255,4320,47663,70,394147
850,0.000344,172.31.40.0-255,66,47729,70,394147
851,0.000374,74.125.200.0-255,2902,50631,70,394147
852,0.000376,172.31.40.0-255,66,50697,70,394147
853,0.000396,74.125.200.0-255,3937,54634,70,394147
854,0.000398,172.31.40.0-255,66,54700,70,394147
855,0.000401,74.125.200.0-255,108,54808,70,394147
856,0.000513,74.125.200.0-255,1484,56292,70,394147
857,0.000517,172.31.40.0-255,66,56358,70,394147
858,0.000523,74.125.200.0-255,2902,59260,70,394147
859,0.000525,172.31.40.0-255,66,59326,70,394147
860,0.000534,74.125.200.0-255,2902,62228,70,394147
861,0.000537,172.31.40.0-255,66,62294,70,394147
862,0.000559,74.125.200.0-255,2902,65196,70,394147
863,0.000562,172.31.40.0-255,66,65262,70,394147
864,0.000567,74.125.200.0-255,4320,69582,70,394147
865,0.000569,172.31.40.0-255,66,69648,70,394147
866,0.000605,74.125.200.0-255,8574,78222,70,394147
867,0.000608,172.31.40.0-255,66,78288,70,394147
868,0.000614,74.125.200.0-255,4320,82608,70,394147
869,0.000616,172.31.40.0-255,66,82674,70,394147
870,0.000622,74.125.200.0-255,5738,88412,70,394147
871,0.000625,172.31.40.0-255,66,88478,70,394147
872,0.000627,74.125.200.0-255,1031,89509,70,394147
873,0.00082,74.125.200.0-255,1484,90993,70,394147
874,0.000826,172.31.40.0-255,66,91059,70,394147
875,0.00083,74.125.200.0-255,1484,92543,70,394147
876,0.000851,74.125.200.0-255,1484,94027,70,394147
877,0.000854,172.31.40.0-255,66,94093,70,394147
878,0.000861,74.125.200.0-255,5738,99831,70,394147
879,0.000863,172.31.40.0-255,66,99897,70,394147
880,0.000892,74.125.200.0-255,7156,107053,70,394147
881,0.000895,172.31.40.0-255,66,107119,70,394147
882,0.000923,74.125.200.0-255,5738,112857,70,394147
883,0.000926,172.31.40.0-255,66,112923,70,394147
884,0.000966,74.125.200.0-255,10692,123615,70,394147
885,0.00097,172.31.40.0-255,66,123681,70,394147
886,0.001239,74.125.200.0-255,1484,125165,70,394147
887,0.001272,74.125.200.0-255,2902,128067,70,394147
888,0.001276,172.31.40.0-255,66,128133,70,394147
889,0.001279,74.125.200.0-255,1484,129617,70,394147
890,0.001309,74.125.200.0-255,2902,132519,70,394147
891,0.001311,172.31.40.0-255,66,132585,70,394147
892,0.001319,74.125.200.0-255,7156,139741,70,394147
893,0.001322,172.31.40.0-255,66,139807,70,394147
894,0.001331,74.125.200.0-255,2902,142709,70,394147
895,0.001333,172.31.40.0-255,66,142775,70,394147
896,0.001361,74.125.200.0-255,5738,148513,70,394147
897,0.001364,172.31.40.0-255,66,148579,70,394147
898,0.001367,74.125.200.0-255,1484,150063,70,394147
899,0.001391,74.125.200.0-255,5738,155801,70,394147
900,0.001394,172.31.40.0-255,66,155867,70,394147
901,0.001398,74.125.200.0-255,2184,158051,70,394147
902,0.0014,172.31.40.0-255,66,158117,70,394147
903,0.001404,74.125.200.0-255,2902,161019,70,394147
904,0.001407,172.31.40.0-255,66,161085,70,394147
905,0.00145,74.125.200.0-255,2902,163987,70,394147
906,0.001453,172.31.40.0-255,66,164053,70,394147
907,0.00148,74.125.200.0-255,4320,168373,70,394147
908,0.001483,172.31.40.0-255,66,168439,70,394147
909,0.001489,74.125.200.0-255,4320,172759,70,394147
910,0.001491,172.31.40.0-255,66,172825,70,394147
911,0.0015,74.125.200.0-255,8574,181399,70,394147
912,0.001502,172.31.40.0-255,66,181465,70,394147
913,0.001529,74.125.200.0-255,4320,185785,70,394147
914,0.001532,172.31.40.0-255,66,185851,70,394147
915,0.00154,74.125.200.0-255,6438,192289,70,394147
916,0.001542,172.31.40.0-255,66,192355,70,394147
917,0.003571,74.125.200.0-255,5738,198093,70,394147
918,0.003583,172.31.40.0-255,66,198159,70,394147
919,0.005605,74.125.200.0-255,5738,203897,70,394147
920,0.00561,172.31.40.0-255,66,203963,70,394147
921,0.00766,74.125.200.0-255,5738,209701,70,394147
922,0.007669,172.31.40.0-255,66,209767,70,394147
923,0.009716,74.125.200.0-255,5738,215505,70,394147
924,0.009727,172.31.40.0-255,66,215571,70,394147
925,0.011782,74.125.200.0-255,5738,221309,70,394147
926,0.011796,172.31.40.0-255,66,221375,70,394147
927,0.013852,74.125.200.0-255,5738,227113,70,394147
928,0.013867,172.31.40.0-255,66,227179,70,394147
929,0.015911,74.125.200.0-255,5738,232917,70,394147
930,0.015921,172.31.40.0-255,66,232983,70,394147
931,0.017951,74.125.200.0-255,5738,238721,70,394147
932,0.017962,172.31.40.0-255,66,238787,70,394147
933,0.020009,74.125.200.0-255,5738,244525,70,394147
934,0.020022,172.31.40.0-255,66,244591,70,394147
935,0.022059,74.125.200.0-255,5738,250329,70,394147
936,0.02207,172.31.40.0-255,66,250395,70,394147
937,0.024113,74.125.200.0-255,5738,256133,70,394147
938,0.02413,172.31.40.0-255,66,256199,70,394147
939,0.026165,74.125.200.0-255,5738,261937,70,394147
940,0.026189,172.31.40.0-255,66,262003,70,394147
941,0.028226,74.125.200.0-255,5738,267741,70,394147
942,0.028239,172.31.40.0-255,66,267807,70,394147
943,0.030274,74.125.200.0-255,5738,273545,70,394147
944,0.030291,172.31.40.0-255,66,273611,70,394147
945,0.032364,74.125.200.0-255,5738,279349,70,394147
946,0.032379,172.31.40.0-255,66,279415,70,394147
947,0.03408,172.31.40.0-255,172,279587,70,394147
948,0.034112,172.31.40.0-255,1116,280703,70,394147
949,0.034189,172.31.40.0-255,1514,282217,70,394147
950,0.034191,172.31.40.0-255,1514,283731,70,394147
951,0.034192,172.31.40.0-255,846,284577,70,394147
952,0.034398,74.125.200.0-255,4320,288897,70,394147
953,0.034407,172.31.40.0-255,66,288963,70,394147
954,0.034435,74.125.200.0-255,1484,290447,70,394147
955,0.035605,104.244.42.0-255,66,290513,70,394147
956,0.035632,104.244.42.0-255,66,290579,70,394147
957,0.035783,104.244.42.0-255,66,290645,70,394147
958,0.035787,104.244.42.0-255,66,290711,70,394147
959,0.036424,74.125.200.0-255,4320,295031,70,394147
960,0.036434,172.31.40.0-255,66,295097,70,394147
961,0.038475,74.125.200.0-255,5738,300835,70,394147
962,0.038487,172.31.40.0-255,66,300901,70,394147
963,0.04052,74.125.200.0-255,5738,306639,70,394147
964,0.04053,172.31.40.0-255,66,306705,70,394147
965,0.042565,74.125.200.0-255,5738,312443,70,394147
966,0.042574,172.31.40.0-255,66,312509,70,394147
967,0.04461,74.125.200.0-255,5738,318247,70,394147
968,0.044618,172.31.40.0-255,66,318313,70,394147
969,0.046657,74.125.200.0-255,5738,324051,70,394147
970,0.046665,172.31.40.0-255,66,324117,70,394147
971,0.04869,74.125.200.0-255,5738,329855,70,394147
972,0.048698,172.31.40.0-255,66,329921,70,394147
973,0.050731,74.125.200.0-255,5738,335659,70,394147
974,0.05074,172.31.40.0-255,66,335725,70,394147
975,0.052778,74.125.200.0-255,5738,341463,70,394147
976,0.052788,172.31.40.0-255,66,341529,70,394147
977,0.054882,74.125.200.0-255,5738,347267,70,394147
978,0.054895,172.31.40.0-255,66,347333,70,394147
979,0.056944,74.125.200.0-255,5738,353071,70,394147
980,0.056954,172.31.40.0-255,66,353137,70,394147
981,0.05899,74.125.200.0-255,5738,358875,70,394147
982,0.058999,172.31.40.0-255,66,358941,70,394147
983,0.061059,74.125.200.0-255,5738,364679,70,394147
984,0.06107,172.31.40.0-255,66,364745,70,394147
985,0.06311,74.125.200.0-255,5738,370483,70,394147
986,0.063124,172.31.40.0-255,66,370549,70,394147
987,0.065173,74.125.200.0-255,5738,376287,70,394147
988,0.065188,172.31.40.0-255,66,376353,70,394147
989,0.06722,74.125.200.0-255,5738,382091,70,394147
990,0.067233,172.31.40.0-255,66,382157,70,394147
991,0.069276,74.125.200.0-255,5738,387895,70,394147
992,0.06929,172.31.40.0-255,66,387961,70,394147
993,0.071336,74.125.200.0-255,5738,393699,70,394147
994,0.071357,172.31.40.0-255,66,393765,70,394147
995,0.073375,74.125.200.0-255,145,393910,70,394147
996,0.07356,172.31.40.0-255,66,393976,70,394147
997,0.073601,172.31.40.0-255,105,394081,70,394147
998,0.075579,74.125.200.0-255,66,394147,70,394147
999,0.0,74.125.24.0-255,150,150,70,316132
1000,2.2e-05,172.31.40.0-255,66,216,70,316132
1001,2.9e-05,74.125.24.0-255,1484,1700,70,316132
1002,3.5e-05,172.31.40.0-255,66,1766,70,316132
1003,4.1e-05,74.125.24.0-255,2902,4668,70,316132
1004,4.6e-05,172.31.40.0-255,66,4734,70,316132
1005,5.4e-05,74.125.24.0-255,7156,11890,70,316132
1006,5.8e-05,172.31.40.0-255,66,11956,70,316132
1007,6.1e-05,74.125.24.0-255,2090,14046,70,316132
1008,6.4e-05,172.31.40.0-255,66,14112,70,316132
1009,0.000264,74.125.24.0-255,1484,15596,70,316132
1010,0.000274,172.31.40.0-255,66,15662,70,316132
1011,0.000283,74.125.24.0-255,2902,18564,70,316132
1012,0.000287,172.31.40.0-255,66,18630,70,316132
1013,0.000294,74.125.24.0-255,5738,24368,70,316132
1014,0.000297,172.31.40.0-255,66,24434,70,316132
1015,0.000304,74.125.24.0-255,6797,31231,70,316132
1016,0.000306,172.31.40.0-255,66,31297,70,316132
1017,0.000497,74.125.24.0-255,1484,32781,70,316132
1018,0.000502,172.31.40.0-255,66,32847,70,316132
1019,0.000506,74.125.24.0-255,1484,34331,70,316132
1020,0.000508,172.31.40.0-255,66,34397,70,316132
1021,0.000521,74.125.24.0-255,1484,35881,70,316132
1022,0.000524,172.31.40.0-255,66,35947,70,316132
1023,0.000529,74.125.24.0-255,4320,40267,70,316132
1024,0.000532,172.31.40.0-255,66,40333,70,316132
1025,0.000546,74.125.24.0-255,1484,41817,70,316132
1026,0.000548,172.31.40.0-255,66,41883,70,316132
1027,0.000553,74.125.24.0-255,2902,44785,70,316132
1028,0.000555,172.31.40.0-255,66,44851,70,316132
1029,0.000586,74.125.24.0-255,6797,51648,70,316132
1030,0.000589,172.31.40.0-255,66,51714,70,316132
1031,0.000599,74.125.24.0-255,9992,61706,70,316132
1032,0.000601,172.31.40.0-255,66,61772,70,316132
1033,0.000607,74.125.24.0-255,3961,65733,70,316132
1034,0.000609,172.31.40.0-255,66,65799,70,316132
1035,0.001003,74.125.24.0-255,645,66444,70,316132
1036,0.001056,74.125.24.0-255,1484,67928,70,316132
1037,0.00106,172.31.40.0-255,66,67994,70,316132
1038,0.001081,74.125.24.0-255,1484,69478,70,316132
1039,0.001093,74.125.24.0-255,1484,70962,70,316132
1040,0.001095,172.31.40.0-255,66,71028,70,316132
1041,0.001099,74.125.24.0-255,1484,72512,70,316132
1042,0.001117,74.125.24.0-255,2902,75414,70,316132
1043,0.00112,172.31.40.0-255,66,75480,70,316132
1044,0.001157,74.125.24.0-255,1484,76964,70,316132
1045,0.001173,74.125.24.0-255,5738,82702,70,316132
1046,0.001176,172.31.40.0-255,66,82768,70,316132
1047,0.001193,74.125.24.0-255,1484,84252,70,316132
1048,0.0012,74.125.24.0-255,5738,89990,70,316132
1049,0.001202,172.31.40.0-255,66,90056,70,316132
1050,0.001214,74.125.24.0-255,2902,92958,70,316132
1051,0.001218,172.31.40.0-255,66,93024,70,316132
1052,0.001245,74.125.24.0-255,5738,98762,70,316132
1053,0.001248,172.31.40.0-255,66,98828,70,316132
1054,0.001271,74.125.24.0-255,2184,101012,70,316132
1055,0.001274,172.31.40.0-255,66,101078,70,316132
1056,0.001292,74.125.24.0-255,2902,103980,70,316132
1057,0.001296,74.125.24.0-255,2902,106882,70,316132
1058,0.0013,172.31.40.0-255,66,106948,70,316132
1059,0.001303,172.31.40.0-255,66,107014,70,316132
1060,0.001323,74.125.24.0-255,4320,111334,70,316132
1061,0.001325,172.31.40.0-255,66,111400,70,316132
1062,0.001348,74.125.24.0-255,2902,114302,70,316132
1063,0.001351,172.31.40.0-255,66,114368,70,316132
1064,0.001369,74.125.24.0-255,1484,115852,70,316132
1065,0.001376,74.125.24.0-255,4320,120172,70,316132
1066,0.001378,172.31.40.0-255,66,120238,70,316132
1067,0.001396,74.125.24.0-255,1484,121722,70,316132
1068,0.001402,74.125.24.0-255,4320,126042,70,316132
1069,0.001408,74.125.24.0-255,7156,133198,70,316132
1070,0.001413,172.31.40.0-255,66,133264,70,316132
1071,0.001416,172.31.40.0-255,66,133330,70,316132
1072,0.001443,74.125.24.0-255,2184,135514,70,316132
1073,0.001447,172.31.40.0-255,66,135580,70,316132
1074,0.001456,74.125.24.0-255,9992,145572,70,316132
1075,0.001458,172.31.40.0-255,66,145638,70,316132
1076,0.001471,172.31.40.0-255,66,145704,70,316132
1077,0.001484,172.31.40.0-255,66,145770,70,316132
1078,0.001498,172.31.40.0-255,66,145836,70,316132
1079,0.001508,74.125.24.0-255,9992,155828,70,316132
1080,0.001511,172.31.40.0-255,66,155894,70,316132
1081,0.001536,74.125.24.0-255,4320,160214,70,316132
1082,0.001539,172.31.40.0-255,66,160280,70,316132
1083,0.001544,74.125.24.0-255,4320,164600,70,316132
1084,0.001546,172.31.40.0-255,66,164666,70,316132
1085,0.001563,74.125.24.0-255,2184,166850,70,316132
1086,0.001565,172.31.40.0-255,66,166916,70,316132
1087,0.001685,74.125.24.0-255,1484,168400,70,316132
1088,0.001692,74.125.24.0-255,2902,171302,70,316132
1089,0.001695,172.31.40.0-255,66,171368,70,316132
1090,0.001719,74.125.24.0-255,1484,172852,70,316132
1091,0.001724,74.125.24.0-255,2902,175754,70,316132
1092,0.001727,172.31.40.0-255,66,175820,70,316132
1093,0.001745,74.125.24.0-255,4320,180140,70,316132
1094,0.001748,172.31.40.0-255,66,180206,70,316132
1095,0.001768,74.125.24.0-255,1484,181690,70,316132
1096,0.001771,74.125.24.0-255,1484,183174,70,316132
1097,0.001774,172.31.40.0-255,66,183240,70,316132
1098,0.001778,74.125.24.0-255,2902,186142,70,316132
1099,0.00178,172.31.40.0-255,66,186208,70,316132
1100,0.001795,74.125.24.0-255,5738,191946,70,316132
1101,0.001797,172.31.40.0-255,66,192012,70,316132
1102,0.001827,74.125.24.0-255,9274,201286,70,316132
1103,0.00183,172.31.40.0-255,66,201352,70,316132
1104,0.001977,74.125.24.0-255,1484,202836,70,316132
1105,0.001992,74.125.24.0-255,2902,205738,70,316132
1106,0.001994,172.31.40.0-255,66,205804,70,316132
1107,0.002012,74.125.24.0-255,5738,211542,70,316132
1108,0.002015,172.31.40.0-255,66,211608,70,316132
1109,0.002054,74.125.24.0-255,4320,215928,70,316132
1110,0.002056,172.31.40.0-255,66,215994,70,316132
1111,0.002077,74.125.24.0-255,1484,217478,70,316132
1112,0.002089,172.31.40.0-255,66,217544,70,316132
1113,0.002092,74.125.24.0-255,1484,219028,70,316132
1114,0.002102,74.125.24.0-255,1484,220512,70,316132
1115,0.002104,172.31.40.0-255,66,220578,70,316132
1116,0.002122,74.125.24.0-255,7156,227734,70,316132
1117,0.002124,172.31.40.0-255,66,227800,70,316132
1118,0.002152,74.125.24.0-255,6438,234238,70,316132
1119,0.002154,172.31.40.0-255,66,234304,70,316132
1120,0.00216,74.125.24.0-255,5738,240042,70,316132
1121,0.002162,172.31.40.0-255,66,240108,70,316132
1122,0.002172,74.125.24.0-255,1484,241592,70,316132
1123,0.002185,74.125.24.0-255,2902,244494,70,316132
1124,0.002187,172.31.40.0-255,66,244560,70,316132
1125,0.002212,74.125.24.0-255,7156,251716,70,316132
1126,0.002214,172.31.40.0-255,66,251782,70,316132
1127,0.002219,74.125.24.0-255,4320,256102,70,316132
1128,0.002221,172.31.40.0-255,66,256168,70,316132
1129,0.002235,74.125.24.0-255,6438,262606,70,316132
1130,0.002237,172.31.40.0-255,66,262672,70,316132
1131,0.002241,74.125.24.0-255,2902,265574,70,316132
1132,0.002243,172.31.40.0-255,66,265640,70,316132
1133,0.002277,172.31.40.0-255,66,265706,70,316132
1134,0.002312,74.125.24.0-255,6438,272144,70,316132
1135,0.002315,172.31.40.0-255,66,272210,70,316132
1136,0.002317,74.125.24.0-255,1484,273694,70,316132
1137,0.002334,172.31.40.0-255,66,273760,70,316132
1138,0.0045,74.125.24.0-255,5738,279498,70,316132
1139,0.004507,172.31.40.0-255,66,279564,70,316132
1140,0.006653,74.125.24.0-255,2902,282466,70,316132
1141,0.006656,172.31.40.0-255,66,282532,70,316132
1142,0.006672,74.125.24.0-255,2902,285434,70,316132
1143,0.006674,172.31.40.0-255,66,285500,70,316132
1144,0.008829,74.125.24.0-255,2902,288402,70,316132
1145,0.008833,172.31.40.0-255,66,288468,70,316132
1146,0.008857,74.125.24.0-255,2902,291370,70,316132
1147,0.00886,172.31.40.0-255,66,291436,70,316132
1148,0.011108,74.125.24.0-255,4320,295756,70,316132
1149,0.011115,172.31.40.0-255,66,295822,70,316132
1150,0.011133,74.125.24.0-255,1484,297306,70,316132
1151,0.013259,74.125.24.0-255,2902,300208,70,316132
1152,0.013267,172.31.40.0-255,66,300274,70,316132
1153,0.013285,74.125.24.0-255,1484,301758,70,316132
1154,0.015428,74.125.24.0-255,4320,306078,70,316132
1155,0.015438,172.31.40.0-255,66,306144,70,316132
1156,0.017639,74.125.24.0-255,4325,310469,70,316132
1157,0.017647,172.31.40.0-255,66,310535,70,316132
1158,0.018991,172.31.40.0-255,105,310640,70,316132
1159,0.021167,74.125.24.0-255,66,310706,70,316132
1160,0.032133,172.31.40.0-255,172,310878,70,316132
1161,0.03216,172.31.40.0-255,1114,311992,70,316132
1162,0.032224,172.31.40.0-255,1514,313506,70,316132
1163,0.032226,172.31.40.0-255,1514,315020,70,316132
1164,0.032252,172.31.40.0-255,848,315868,70,316132
1165,0.033804,104.244.42.0-255,66,315934,70,316132
1166,0.033841,104.244.42.0-255,66,316000,70,316132
1167,0.033933,104.244.42.0-255,66,316066,70,316132
1168,0.033946,104.244.42.0-255,66,316132,70,316132
1169,0.0,172.217.194.0-255,153,153,70,311786
1170,1.5e-05,172.31.40.0-255,66,219,70,311786
1171,2e-05,172.217.194.0-255,1484,1703,70,311786
1172,2.5e-05,172.31.40.0-255,66,1769,70,311786
1173,3e-05,172.217.194.0-255,2902,4671,70,311786
1174,4e-05,172.31.40.0-255,66,4737,70,311786
1175,4.7e-05,172.217.194.0-255,5738,10475,70,311786
1176,4.9e-05,172.31.40.0-255,66,10541,70,311786
1177,0.000114,172.217.194.0-255,2902,13443,70,311786
1178,0.000117,172.31.40.0-255,66,13509,70,311786
1179,0.000129,172.217.194.0-255,2093,15602,70,311786
1180,0.000135,172.31.40.0-255,66,15668,70,311786
1181,0.000142,172.217.194.0-255,5738,21406,70,311786
1182,0.000144,172.31.40.0-255,66,21472,70,311786
1183,0.000197,172.217.194.0-255,9633,31105,70,311786
1184,0.000199,172.31.40.0-255,66,31171,70,311786
1185,0.000252,172.217.194.0-255,1484,32655,70,311786
1186,0.000255,172.31.40.0-255,66,32721,70,311786
1187,0.000258,172.217.194.0-255,1484,34205,70,311786
1188,0.00026,172.31.40.0-255,66,34271,70,311786
1189,0.000274,172.217.194.0-255,1484,35755,70,311786
1190,0.000276,172.31.40.0-255,66,35821,70,311786
1191,0.000283,172.217.194.0-255,5738,41559,70,311786
1192,0.000285,172.31.40.0-255,66,41625,70,311786
1193,0.000289,172.217.194.0-255,2902,44527,70,311786
1194,0.000291,172.31.40.0-255,66,44593,70,311786
1195,0.000325,172.217.194.0-255,3961,48554,70,311786
1196,0.000328,172.31.40.0-255,66,48620,70,311786
1197,0.000341,172.31.40.0-255,66,48686,70,311786
1198,0.000345,172.217.194.0-255,2793,51479,70,311786
1199,0.000347,172.31.40.0-255,66,51545,70,311786
1200,0.00037,172.217.194.0-255,435,51980,70,311786
1201,0.000466,172.217.194.0-255,1484,53464,70,311786
1202,0.000469,172.31.40.0-255,66,53530,70,311786
1203,0.000475,172.217.194.0-255,2902,56432,70,311786
1204,0.000477,172.31.40.0-255,66,56498,70,311786
1205,0.000496,172.217.194.0-255,5738,62236,70,311786
1206,0.000502,172.31.40.0-255,66,62302,70,311786
1207,0.000529,172.31.40.0-255,66,62368,70,311786
1208,0.000533,172.217.194.0-255,2902,65270,70,311786
1209,0.000535,172.31.40.0-255,66,65336,70,311786
1210,0.000568,172.217.194.0-255,7856,73192,70,311786
1211,0.000571,172.31.40.0-255,66,73258,70,311786
1212,0.001466,172.217.194.0-255,1484,74742,70,311786
1213,0.001475,172.217.194.0-255,2902,77644,70,311786
1214,0.001479,172.31.40.0-255,66,77710,70,311786
1215,0.001507,172.217.194.0-255,5738,83448,70,311786
1216,0.00151,172.31.40.0-255,66,83514,70,311786
1217,0.001515,172.217.194.0-255,4320,87834,70,311786
1218,0.001517,172.31.40.0-255,66,87900,70,311786
1219,0.001551,172.217.194.0-255,8574,96474,70,311786
1220,0.001553,172.31.40.0-255,66,96540,70,311786
1221,0.001556,172.217.194.0-255,1484,98024,70,311786
1222,0.001579,172.217.194.0-255,5738,103762,70,311786
1223,0.001581,172.31.40.0-255,66,103828,70,311786
1224,0.001599,172.217.194.0-255,3602,107430,70,311786
1225,0.001602,172.31.40.0-255,66,107496,70,311786
1226,0.002098,172.217.194.0-255,1484,108980,70,311786
1227,0.002105,172.217.194.0-255,2902,111882,70,311786
1228,0.002108,172.31.40.0-255,66,111948,70,311786
1229,0.002116,172.217.194.0-255,5738,117686,70,311786
1230,0.002117,172.31.40.0-255,66,117752,70,311786
1231,0.002134,172.31.40.0-255,66,117818,70,311786
1232,0.002142,172.217.194.0-255,8574,126392,70,311786
1233,0.002147,172.31.40.0-255,66,126458,70,311786
1234,0.00216,172.217.194.0-255,1484,127942,70,311786
1235,0.002176,172.217.194.0-255,766,128708,70,311786
1236,0.002178,172.31.40.0-255,66,128774,70,311786
1237,0.002191,172.217.194.0-255,2902,131676,70,311786
1238,0.002196,172.31.40.0-255,66,131742,70,311786
1239,0.002221,172.217.194.0-255,7156,138898,70,311786
1240,0.002223,172.31.40.0-255,66,138964,70,311786
1241,0.002226,172.217.194.0-255,1484,140448,70,311786
1242,0.002246,172.217.194.0-255,5738,146186,70,311786
1243,0.002247,172.31.40.0-255,66,146252,70,311786
1244,0.002253,172.217.194.0-255,4320,150572,70,311786
1245,0.002254,172.31.40.0-255,66,150638,70,311786
1246,0.002281,172.217.194.0-255,9992,160630,70,311786
1247,0.002283,172.31.40.0-255,66,160696,70,311786
1248,0.002305,172.217.194.0-255,1484,162180,70,311786
1249,0.002308,172.217.194.0-255,766,162946,70,311786
1250,0.002309,172.31.40.0-255,66,163012,70,311786
1251,0.002451,172.217.194.0-255,1484,164496,70,311786
1252,0.002497,172.217.194.0-255,2902,167398,70,311786
1253,0.0025,172.31.40.0-255,66,167464,70,311786
1254,0.002505,172.217.194.0-255,5738,173202,70,311786
1255,0.002507,172.31.40.0-255,66,173268,70,311786
1256,0.002511,172.217.194.0-255,2902,176170,70,311786
1257,0.002517,172.31.40.0-255,66,176236,70,311786
1258,0.002561,172.217.194.0-255,4320,180556,70,311786
1259,0.002565,172.31.40.0-255,66,180622,70,311786
1260,0.002579,172.31.40.0-255,66,180688,70,311786
1261,0.002582,172.217.194.0-255,2184,182872,70,311786
1262,0.002584,172.31.40.0-255,66,182938,70,311786
1263,0.002618,172.217.194.0-255,2902,185840,70,311786
1264,0.00262,172.31.40.0-255,66,185906,70,311786
1265,0.002645,172.217.194.0-255,4320,190226,70,311786
1266,0.002648,172.31.40.0-255,66,190292,70,311786
1267,0.002654,172.217.194.0-255,5738,196030,70,311786
1268,0.002656,172.31.40.0-255,66,196096,70,311786
1269,0.002687,172.217.194.0-255,1484,197580,70,311786
1270,0.002704,172.217.194.0-255,5738,203318,70,311786
1271,0.002707,172.31.40.0-255,66,203384,70,311786
1272,0.002726,172.217.194.0-255,4320,207704,70,311786
1273,0.002729,172.31.40.0-255,66,207770,70,311786
1274,0.002731,172.217.194.0-255,1484,209254,70,311786
1275,0.002733,172.217.194.0-255,1484,210738,70,311786
1276,0.002736,172.31.40.0-255,78,210816,70,311786
1277,0.002743,172.217.194.0-255,7856,218672,70,311786
1278,0.002745,172.31.40.0-255,66,218738,70,311786
1279,0.002748,172.217.194.0-255,1484,220222,70,311786
1280,0.002776,172.217.194.0-255,2902,223124,70,311786
1281,0.002779,172.31.40.0-255,66,223190,70,311786
1282,0.002822,172.31.40.0-255,66,223256,70,311786
1283,0.002827,172.217.194.0-255,4320,227576,70,311786
1284,0.002829,172.31.40.0-255,66,227642,70,311786
1285,0.002831,172.217.194.0-255,1484,229126,70,311786
1286,0.002841,172.217.194.0-255,7156,236282,70,311786
1287,0.002843,172.31.40.0-255,66,236348,70,311786
1288,0.002872,172.217.194.0-255,3602,239950,70,311786
1289,0.002874,172.31.40.0-255,66,240016,70,311786
1290,0.00288,172.217.194.0-255,5738,245754,70,311786
1291,0.002882,172.31.40.0-255,66,245820,70,311786
1292,0.002894,172.31.40.0-255,66,245886,70,311786
1293,0.002926,172.217.194.0-255,5738,251624,70,311786
1294,0.002929,172.31.40.0-255,66,251690,70,311786
1295,0.002937,172.217.194.0-255,9274,260964,70,311786
1296,0.002939,172.31.40.0-255,66,261030,70,311786
1297,0.002941,172.217.194.0-255,1484,262514,70,311786
1298,0.002945,172.217.194.0-255,2902,265416,70,311786
1299,0.002947,172.31.40.0-255,66,265482,70,311786
1300,0.002952,172.217.194.0-255,5738,271220,70,311786
1301,0.002954,172.31.40.0-255,66,271286,70,311786
1302,0.002962,172.217.194.0-255,9992,281278,70,311786
1303,0.002965,172.31.40.0-255,66,281344,70,311786
1304,0.002998,172.217.194.0-255,2902,284246,70,311786
1305,0.003,172.31.40.0-255,66,284312,70,311786
1306,0.003003,172.217.194.0-255,1484,285796,70,311786
1307,0.003008,172.217.194.0-255,4320,290116,70,311786
1308,0.003009,172.31.40.0-255,66,290182,70,311786
1309,0.003016,172.217.194.0-255,7856,298038,70,311786
1310,0.003018,172.31.40.0-255,66,298104,70,311786
1311,0.003024,172.217.194.0-255,7156,305260,70,311786
1312,0.003029,172.31.40.0-255,66,305326,70,311786
1313,0.00306,172.31.40.0-255,66,305392,70,311786
1314,0.003062,172.217.194.0-255,622,306014,70,311786
1315,0.003112,172.217.194.0-255,105,306119,70,311786
1316,0.004842,172.31.40.0-255,66,306185,70,311786
1317,0.004874,172.31.40.0-255,105,306290,70,311786
1318,0.007272,172.217.194.0-255,66,306356,70,311786
1319,0.028353,172.31.40.0-255,176,306532,70,311786
1320,0.028384,172.31.40.0-255,1114,307646,70,311786
1321,0.028448,172.31.40.0-255,1514,309160,70,311786
1322,0.02845,172.31.40.0-255,1514,310674,70,311786
1323,0.028477,172.31.40.0-255,848,311522,70,311786
1324,0.030071,104.244.42.0-255,66,311588,70,311786
1325,0.030102,104.244.42.0-255,66,311654,70,311786
1326,0.030184,104.244.42.0-255,66,311720,70,311786
1327,0.030197,104.244.42.0-255,66,311786,70,311786
1328,0.0,74.125.68.0-255,152,152,70,395728
1329,2.2e-05,172.31.40.0-255,66,218,70,395728
1330,5.8e-05,74.125.68.0-255,1484,1702,70,395728
1331,6.4e-05,172.31.40.0-255,66,1768,70,395728
1332,7e-05,74.125.68.0-255,2902,4670,70,395728
1333,7.3e-05,172.31.40.0-255,66,4736,70,395728
1334,8.5e-05,74.125.68.0-255,5738,10474,70,395728
1335,8.9e-05,172.31.40.0-255,66,10540,70,395728
1336,0.000119,74.125.68.0-255,2902,13442,70,395728
1337,0.000122,172.31.40.0-255,66,13508,70,395728
1338,0.000125,74.125.68.0-255,645,14153,70,395728
1339,0.000127,172.31.40.0-255,66,14219,70,395728
1340,0.000253,74.125.68.0-255,1484,15703,70,395728
1341,0.000258,172.31.40.0-255,66,15769,70,395728
1342,0.000293,74.125.68.0-255,2902,18671,70,395728
1343,0.000297,172.31.40.0-255,66,18737,70,395728
1344,0.000304,74.125.68.0-255,5738,24475,70,395728
1345,0.000306,172.31.40.0-255,66,24541,70,395728
1346,0.000316,74.125.68.0-255,2902,27443,70,395728
1347,0.000319,172.31.40.0-255,66,27509,70,395728
1348,0.000324,74.125.68.0-255,3961,31470,70,395728
1349,0.000327,172.31.40.0-255,66,31536,70,395728
1350,0.000363,74.125.68.0-255,5738,37274,70,395728
1351,0.000366,172.31.40.0-255,66,37340,70,395728
1352,0.00037,74.125.68.0-255,2902,40242,70,395728
1353,0.000372,172.31.40.0-255,66,40308,70,395728
1354,0.0004,74.125.68.0-255,4320,44628,70,395728
1355,0.000403,172.31.40.0-255,66,44694,70,395728
1356,0.000415,74.125.68.0-255,8574,53268,70,395728
1357,0.000417,172.31.40.0-255,66,53334,70,395728
1358,0.000421,74.125.68.0-255,2902,56236,70,395728
1359,0.000424,172.31.40.0-255,66,56302,70,395728
1360,0.000438,74.125.68.0-255,5738,62040,70,395728
1361,0.000441,172.31.40.0-255,66,62106,70,395728
1362,0.000472,74.125.68.0-255,1484,63590,70,395728
1363,0.000477,74.125.68.0-255,2184,65774,70,395728
1364,0.00048,172.31.40.0-255,66,65840,70,395728
1365,0.000482,74.125.68.0-255,399,66239,70,395728
1366,0.000669,74.125.68.0-255,1484,67723,70,395728
1367,0.000674,172.31.40.0-255,66,67789,70,395728
1368,0.00068,74.125.68.0-255,2902,70691,70,395728
1369,0.000683,172.31.40.0-255,66,70757,70,395728
1370,0.000715,74.125.68.0-255,5738,76495,70,395728
1371,0.00072,172.31.40.0-255,66,76561,70,395728
1372,0.000749,74.125.68.0-255,7156,83717,70,395728
1373,0.000751,172.31.40.0-255,66,83783,70,395728
1374,0.000769,74.125.68.0-255,1484,85267,70,395728
1375,0.000774,74.125.68.0-255,2902,88169,70,395728
1376,0.000777,172.31.40.0-255,66,88235,70,395728
1377,0.000779,74.125.68.0-255,1484,89719,70,395728
1378,0.000806,74.125.68.0-255,4320,94039,70,395728
1379,0.000808,172.31.40.0-255,66,94105,70,395728
1380,0.000816,74.125.68.0-255,6438,100543,70,395728
1381,0.000818,172.31.40.0-255,66,100609,70,395728
1382,0.000858,74.125.68.0-255,1484,102093,70,395728
1383,0.000875,74.125.68.0-255,2902,104995,70,395728
1384,0.000878,172.31.40.0-255,66,105061,70,395728
1385,0.000908,74.125.68.0-255,5738,110799,70,395728
1386,0.000911,172.31.40.0-255,66,110865,70,395728
1387,0.000913,74.125.68.0-255,1484,112349,70,395728
1388,0.000938,74.125.68.0-255,2902,115251,70,395728
1389,0.000941,172.31.40.0-255,66,115317,70,395728
1390,0.00097,74.125.68.0-255,2241,117558,70,395728
1391,0.000973,172.31.40.0-255,66,117624,70,395728
1392,0.000977,74.125.68.0-255,2902,120526,70,395728
1393,0.00098,172.31.40.0-255,66,120592,70,395728
1394,0.000997,74.125.68.0-255,1484,122076,70,395728
1395,0.001028,74.125.68.0-255,5738,127814,70,395728
1396,0.001031,172.31.40.0-255,66,127880,70,395728
1397,0.001037,74.125.68.0-255,4320,132200,70,395728
1398,0.001039,172.31.40.0-255,66,132266,70,395728
1399,0.00105,74.125.68.0-255,5738,138004,70,395728
1400,0.001052,172.31.40.0-255,66,138070,70,395728
1401,0.001056,74.125.68.0-255,2902,140972,70,395728
1402,0.001058,172.31.40.0-255,66,141038,70,395728
1403,0.001102,74.125.68.0-255,8574,149612,70,395728
1404,0.001105,172.31.40.0-255,66,149678,70,395728
1405,0.001109,74.125.68.0-255,2184,151862,70,395728
1406,0.001111,172.31.40.0-255,66,151928,70,395728
1407,0.001339,74.125.68.0-255,1484,153412,70,395728
1408,0.00136,74.125.68.0-255,2902,156314,70,395728
1409,0.001364,172.31.40.0-255,66,156380,70,395728
1410,0.00172,74.125.68.0-255,4320,160700,70,395728
1411,0.001726,172.31.40.0-255,66,160766,70,395728
1412,0.00173,74.125.68.0-255,1484,162250,70,395728
1413,0.001757,74.125.68.0-255,2902,165152,70,395728
1414,0.001759,172.31.40.0-255,66,165218,70,395728
1415,0.001765,74.125.68.0-255,5738,170956,70,395728
1416,0.001767,172.31.40.0-255,66,171022,70,395728
1417,0.001807,172.31.40.0-255,66,171088,70,395728
1418,0.001862,74.125.68.0-255,3602,174690,70,395728
1419,0.001865,172.31.40.0-255,66,174756,70,395728
1420,0.004141,74.125.68.0-255,1484,176240,70,395728
1421,0.004199,74.125.68.0-255,4320,180560,70,395728
1422,0.004204,172.31.40.0-255,66,180626,70,395728
1423,0.006748,74.125.68.0-255,2902,183528,70,395728
1424,0.006752,172.31.40.0-255,66,183594,70,395728
1425,0.006779,74.125.68.0-255,2902,186496,70,395728
1426,0.006781,172.31.40.0-255,66,186562,70,395728
1427,0.009086,74.125.68.0-255,2902,189464,70,395728
1428,0.009093,172.31.40.0-255,66,189530,70,395728
1429,0.009125,74.125.68.0-255,2902,192432,70,395728
1430,0.009129,172.31.40.0-255,66,192498,70,395728
1431,0.011424,74.125.68.0-255,2902,195400,70,395728
1432,0.011431,172.31.40.0-255,66,195466,70,395728
1433,0.011478,74.125.68.0-255,2902,198368,70,395728
1434,0.011481,172.31.40.0-255,66,198434,70,395728
1435,0.013777,74.125.68.0-255,2902,201336,70,395728
1436,0.013785,172.31.40.0-255,66,201402,70,395728
1437,0.013834,74.125.68.0-255,2902,204304,70,395728
1438,0.013838,172.31.40.0-255,66,204370,70,395728
1439,0.016118,74.125.68.0-255,2902,207272,70,395728
1440,0.016125,172.31.40.0-255,66,207338,70,395728
1441,0.016159,74.125.68.0-255,2902,210240,70,395728
1442,0.016161,172.31.40.0-255,66,210306,70,395728
1443,0.018486,74.125.68.0-255,2902,213208,70,395728
1444,0.018492,172.31.40.0-255,66,213274,70,395728
1445,0.018523,74.125.68.0-255,2902,216176,70,395728
1446,0.018526,172.31.40.0-255,66,216242,70,395728
1447,0.020824,74.125.68.0-255,2902,219144,70,395728
1448,0.020834,172.31.40.0-255,66,219210,70,395728
1449,0.020865,74.125.68.0-255,2902,222112,70,395728
1450,0.020868,172.31.40.0-255,66,222178,70,395728
1451,0.023187,74.125.68.0-255,2902,225080,70,395728
1452,0.023198,172.31.40.0-255,66,225146,70,395728
1453,0.023246,74.125.68.0-255,2902,228048,70,395728
1454,0.02325,172.31.40.0-255,66,228114,70,395728
1455,0.025547,74.125.68.0-255,2902,231016,70,395728
1456,0.025554,172.31.40.0-255,66,231082,70,395728
1457,0.025586,74.125.68.0-255,2902,233984,70,395728
1458,0.025589,172.31.40.0-255,66,234050,70,395728
1459,0.026789,172.31.40.0-255,172,234222,70,395728
1460,0.02682,172.31.40.0-255,1116,235338,70,395728
1461,0.026878,172.31.40.0-255,1514,236852,70,395728
1462,0.02688,172.31.40.0-255,1514,238366,70,395728
1463,0.026886,172.31.40.0-255,846,239212,70,395728
1464,0.027884,74.125.68.0-255,2902,242114,70,395728
1465,0.027891,172.31.40.0-255,66,242180,70,395728
1466,0.027912,74.125.68.0-255,2902,245082,70,395728
1467,0.027915,172.31.40.0-255,66,245148,70,395728
1468,0.028362,104.244.42.0-255,66,245214,70,395728
1469,0.02837,104.244.42.0-255,66,245280,70,395728
1470,0.028435,104.244.42.0-255,66,245346,70,395728
1471,0.028481,104.244.42.0-255,66,245412,70,395728
1472,0.029409,104.244.42.0-255,108,245520,70,395728
1473,0.029417,172.31.40.0-255,66,245586,70,395728
1474,0.030233,74.125.68.0-255,2902,248488,70,395728
1475,0.030238,172.31.40.0-255,66,248554,70,395728
1476,0.030271,74.125.68.0-255,2902,251456,70,395728
1477,0.030274,172.31.40.0-255,66,251522,70,395728
1478,0.032608,74.125.68.0-255,5738,257260,70,395728
1479,0.032615,172.31.40.0-255,66,257326,70,395728
1480,0.034964,74.125.68.0-255,5738,263064,70,395728
1481,0.03497,172.31.40.0-255,66,263130,70,395728
1482,0.037313,74.125.68.0-255,5738,268868,70,395728
1483,0.03732,172.31.40.0-255,66,268934,70,395728
1484,0.039692,74.125.68.0-255,5738,274672,70,395728
1485,0.039699,172.31.40.0-255,66,274738,70,395728
1486,0.042044,74.125.68.0-255,5738,280476,70,395728
1487,0.042051,172.31.40.0-255,66,280542,70,395728
1488,0.044397,74.125.68.0-255,5738,286280,70,395728
1489,0.044405,172.31.40.0-255,66,286346,70,395728
1490,0.046747,74.125.68.0-255,5738,292084,70,395728
1491,0.046753,172.31.40.0-255,66,292150,70,395728
1492,0.049087,74.125.68.0-255,5738,297888,70,395728
1493,0.049092,172.31.40.0-255,66,297954,70,395728
1494,0.051477,74.125.68.0-255,5738,303692,70,395728
1495,0.051484,172.31.40.0-255,66,303758,70,395728
1496,0.053853,74.125.68.0-255,5738,309496,70,395728
1497,0.053859,172.31.40.0-255,66,309562,70,395728
1498,0.056202,74.125.68.0-255,5738,315300,70,395728
1499,0.056208,172.31.40.0-255,66,315366,70,395728
1500,0.058552,74.125.68.0-255,5738,321104,70,395728
1501,0.058558,172.31.40.0-255,66,321170,70,395728
1502,0.06091,74.125.68.0-255,5738,326908,70,395728
1503,0.060916,172.31.40.0-255,66,326974,70,395728
1504,0.06327,74.125.68.0-255,5738,332712,70,395728
1505,0.063276,172.31.40.0-255,66,332778,70,395728
1506,0.065641,74.125.68.0-255,5738,338516,70,395728
1507,0.065648,172.31.40.0-255,66,338582,70,395728
1508,0.068007,74.125.68.0-255,5738,344320,70,395728
1509,0.068013,172.31.40.0-255,66,344386,70,395728
1510,0.070361,74.125.68.0-255,5738,350124,70,395728
1511,0.070367,172.31.40.0-255,66,350190,70,395728
1512,0.072745,74.125.68.0-255,5738,355928,70,395728
1513,0.072752,172.31.40.0-255,66,355994,70,395728
1514,0.075105,74.125.68.0-255,5738,361732,70,395728
1515,0.075111,172.31.40.0-255,66,361798,70,395728
1516,0.077465,74.125.68.0-255,5738,367536,70,395728
1517,0.077473,172.31.40.0-255,66,367602,70,395728
1518,0.079819,74.125.68.0-255,5738,373340,70,395728
1519,0.079826,172.31.40.0-255,66,373406,70,395728
1520,0.082182,74.125.68.0-255,5738,379144,70,395728
1521,0.082189,172.31.40.0-255,66,379210,70,395728
1522,0.084536,74.125.68.0-255,5738,384948,70,395728
1523,0.084543,172.31.40.0-255,66,385014,70,395728
1524,0.086887,74.125.68.0-255,4320,389334,70,395728
1525,0.086893,172.31.40.0-255,66,389400,70,395728
1526,0.086923,74.125.68.0-255,1484,390884,70,395728
1527,0.089239,74.125.68.0-255,4320,395204,70,395728
1528,0.089245,172.31.40.0-255,66,395270,70,395728
1529,0.091564,74.125.68.0-255,221,395491,70,395728
1530,0.091689,172.31.40.0-255,66,395557,70,395728
1531,0.091724,172.31.40.0-255,105,395662,70,395728
1532,0.094028,74.125.68.0-255,66,395728,70,395728
1533,0.0,74.125.68.0-255,146,146,70,406212
1534,1.2e-05,172.31.40.0-255,66,212,70,406212
1535,1.9e-05,74.125.68.0-255,1484,1696,70,406212
1536,2.5e-05,172.31.40.0-255,66,1762,70,406212
1537,3.1e-05,74.125.68.0-255,2902,4664,70,406212
1538,3.4e-05,172.31.40.0-255,66,4730,70,406212
1539,3.8e-05,74.125.68.0-255,1484,6214,70,406212
1540,4e-05,172.31.40.0-255,66,6280,70,406212
1541,6.7e-05,74.125.68.0-255,4320,10600,70,406212
1542,7e-05,172.31.40.0-255,66,10666,70,406212
1543,7.7e-05,74.125.68.0-255,6418,17084,70,406212
1544,8e-05,172.31.40.0-255,66,17150,70,406212
1545,8.3e-05,74.125.68.0-255,1484,18634,70,406212
1546,8.5e-05,172.31.40.0-255,66,18700,70,406212
1547,0.00011,74.125.68.0-255,4320,23020,70,406212
1548,0.000113,172.31.40.0-255,66,23086,70,406212
1549,0.00012,74.125.68.0-255,7156,30242,70,406212
1550,0.000123,172.31.40.0-255,66,30308,70,406212
1551,0.000147,74.125.68.0-255,1125,31433,70,406212
1552,0.000149,172.31.40.0-255,66,31499,70,406212
1553,0.000228,74.125.68.0-255,1484,32983,70,406212
1554,0.000231,172.31.40.0-255,66,33049,70,406212
1555,0.000245,74.125.68.0-255,1484,34533,70,406212
1556,0.000247,172.31.40.0-255,66,34599,70,406212
1557,0.000253,74.125.68.0-255,2902,37501,70,406212
1558,0.000255,172.31.40.0-255,66,37567,70,406212
1559,0.000288,74.125.68.0-255,5738,43305,70,406212
1560,0.000291,172.31.40.0-255,66,43371,70,406212
1561,0.000298,74.125.68.0-255,5379,48750,70,406212
1562,0.0003,172.31.40.0-255,66,48816,70,406212
1563,0.000318,74.125.68.0-255,5738,54554,70,406212
1564,0.000321,172.31.40.0-255,66,54620,70,406212
1565,0.000345,74.125.68.0-255,4320,58940,70,406212
1566,0.000348,172.31.40.0-255,66,59006,70,406212
1567,0.000364,74.125.68.0-255,7072,66078,70,406212
1568,0.000367,172.31.40.0-255,66,66144,70,406212
1569,0.000369,74.125.68.0-255,129,66273,70,406212
1570,0.000403,74.125.68.0-255,348,66621,70,406212
1571,0.000703,74.125.68.0-255,1484,68105,70,406212
1572,0.000708,172.31.40.0-255,66,68171,70,406212
1573,0.000714,74.125.68.0-255,2902,71073,70,406212
1574,0.000716,172.31.40.0-255,66,71139,70,406212
1575,0.000743,74.125.68.0-255,5738,76877,70,406212
1576,0.000746,172.31.40.0-255,66,76943,70,406212
1577,0.000749,74.125.68.0-255,1484,78427,70,406212
1578,0.000778,74.125.68.0-255,2902,81329,70,406212
1579,0.000783,172.31.40.0-255,66,81395,70,406212
1580,0.00079,74.125.68.0-255,1484,82879,70,406212
1581,0.000809,74.125.68.0-255,4320,87199,70,406212
1582,0.000812,172.31.40.0-255,66,87265,70,406212
1583,0.000833,74.125.68.0-255,4320,91585,70,406212
1584,0.000837,172.31.40.0-255,66,91651,70,406212
1585,0.000856,74.125.68.0-255,2902,94553,70,406212
1586,0.000859,172.31.40.0-255,66,94619,70,406212
1587,0.000865,74.125.68.0-255,4320,98939,70,406212
1588,0.000867,172.31.40.0-255,66,99005,70,406212
1589,0.000894,74.125.68.0-255,4320,103325,70,406212
1590,0.000897,172.31.40.0-255,66,103391,70,406212
1591,0.000915,74.125.68.0-255,217,103608,70,406212
1592,0.000918,74.125.68.0-255,1484,105092,70,406212
1593,0.00092,172.31.40.0-255,66,105158,70,406212
1594,0.000925,74.125.68.0-255,2902,108060,70,406212
1595,0.000927,172.31.40.0-255,66,108126,70,406212
1596,0.000941,74.125.68.0-255,1484,109610,70,406212
1597,0.000957,74.125.68.0-255,4320,113930,70,406212
1598,0.00096,172.31.40.0-255,66,113996,70,406212
1599,0.000963,74.125.68.0-255,1484,115480,70,406212
1600,0.000977,74.125.68.0-255,2902,118382,70,406212
1601,0.000979,172.31.40.0-255,66,118448,70,406212
1602,0.000999,74.125.68.0-255,4320,122768,70,406212
1603,0.001002,172.31.40.0-255,66,122834,70,406212
1604,0.001022,74.125.68.0-255,1484,124318,70,406212
1605,0.001025,74.125.68.0-255,1484,125802,70,406212
1606,0.00103,172.31.40.0-255,66,125868,70,406212
1607,0.001055,74.125.68.0-255,4320,130188,70,406212
1608,0.001059,172.31.40.0-255,66,130254,70,406212
1609,0.001073,74.125.68.0-255,4320,134574,70,406212
1610,0.001075,74.125.68.0-255,766,135340,70,406212
1611,0.001079,172.31.40.0-255,66,135406,70,406212
1612,0.001125,74.125.68.0-255,1484,136890,70,406212
1613,0.001128,172.31.40.0-255,66,136956,70,406212
1614,0.00115,74.125.68.0-255,2902,139858,70,406212
1615,0.001152,172.31.40.0-255,66,139924,70,406212
1616,0.001156,74.125.68.0-255,1484,141408,70,406212
1617,0.001174,74.125.68.0-255,4320,145728,70,406212
1618,0.001177,172.31.40.0-255,66,145794,70,406212
1619,0.001181,74.125.68.0-255,2902,148696,70,406212
1620,0.001184,172.31.40.0-255,66,148762,70,406212
1621,0.001201,74.125.68.0-255,7156,155918,70,406212
1622,0.001205,172.31.40.0-255,66,155984,70,406212
1623,0.001214,74.125.68.0-255,2902,158886,70,406212
1624,0.001216,172.31.40.0-255,66,158952,70,406212
1625,0.00122,74.125.68.0-255,2902,161854,70,406212
1626,0.001222,172.31.40.0-255,66,161920,70,406212
1627,0.001251,74.125.68.0-255,7156,169076,70,406212
1628,0.001254,172.31.40.0-255,66,169142,70,406212
1629,0.001257,74.125.68.0-255,766,169908,70,406212
1630,0.001823,74.125.68.0-255,1484,171392,70,406212
1631,0.00183,172.31.40.0-255,66,171458,70,406212
1632,0.001836,74.125.68.0-255,2902,174360,70,406212
1633,0.001838,172.31.40.0-255,66,174426,70,406212
1634,0.001854,74.125.68.0-255,2902,177328,70,406212
1635,0.001856,172.31.40.0-255,66,177394,70,406212
1636,0.001877,74.125.68.0-255,4320,181714,70,406212
1637,0.00188,172.31.40.0-255,66,181780,70,406212
1638,0.00191,74.125.68.0-255,5738,187518,70,406212
1639,0.001913,172.31.40.0-255,66,187584,70,406212
1640,0.001943,74.125.68.0-255,4320,191904,70,406212
1641,0.001945,172.31.40.0-255,66,191970,70,406212
1642,0.001964,74.125.68.0-255,2902,194872,70,406212
1643,0.001966,172.31.40.0-255,66,194938,70,406212
1644,0.001971,74.125.68.0-255,2902,197840,70,406212
1645,0.001973,172.31.40.0-255,66,197906,70,406212
1646,0.001978,74.125.68.0-255,2902,200808,70,406212
1647,0.00198,172.31.40.0-255,66,200874,70,406212
1648,0.002002,74.125.68.0-255,1484,202358,70,406212
1649,0.002006,74.125.68.0-255,2184,204542,70,406212
1650,0.002009,172.31.40.0-255,66,204608,70,406212
1651,0.003991,74.125.68.0-255,1484,206092,70,406212
1652,0.004025,74.125.68.0-255,4320,210412,70,406212
1653,0.004033,172.31.40.0-255,66,210478,70,406212
1654,0.005907,172.31.40.0-255,101,210579,70,406212
1655,0.00606,74.125.68.0-255,5738,216317,70,406212
1656,0.006065,172.31.40.0-255,66,216383,70,406212
1657,0.007893,74.125.68.0-255,66,216449,70,406212
1658,0.008081,74.125.68.0-255,4320,220769,70,406212
1659,0.008085,172.31.40.0-255,66,220835,70,406212
1660,0.008101,74.125.68.0-255,1484,222319,70,406212
1661,0.010124,74.125.68.0-255,4320,226639,70,406212
1662,0.010131,172.31.40.0-255,66,226705,70,406212
1663,0.01217,74.125.68.0-255,5738,232443,70,406212
1664,0.012178,172.31.40.0-255,66,232509,70,406212
1665,0.014211,74.125.68.0-255,5738,238247,70,406212
1666,0.014218,172.31.40.0-255,66,238313,70,406212
1667,0.016274,74.125.68.0-255,5738,244051,70,406212
1668,0.016284,172.31.40.0-255,66,244117,70,406212
1669,0.018326,74.125.68.0-255,5738,249855,70,406212
1670,0.018333,172.31.40.0-255,66,249921,70,406212
1671,0.020372,74.125.68.0-255,4320,254241,70,406212
1672,0.02038,172.31.40.0-255,66,254307,70,406212
1673,0.0204,74.125.68.0-255,1484,255791,70,406212
1674,0.022423,74.125.68.0-255,4320,260111,70,406212
1675,0.022438,172.31.40.0-255,66,260177,70,406212
1676,0.02448,74.125.68.0-255,5738,265915,70,406212
1677,0.024494,172.31.40.0-255,66,265981,70,406212
1678,0.026531,74.125.68.0-255,5738,271719,70,406212
1679,0.026544,172.31.40.0-255,66,271785,70,406212
1680,0.028574,74.125.68.0-255,5738,277523,70,406212
1681,0.028581,172.31.40.0-255,66,277589,70,406212
1682,0.030638,74.125.68.0-255,5738,283327,70,406212
1683,0.030644,172.31.40.0-255,66,283393,70,406212
1684,0.032679,74.125.68.0-255,5738,289131,70,406212
1685,0.032686,172.31.40.0-255,66,289197,70,406212
1686,0.033392,172.31.40.0-255,172,289369,70,406212
1687,0.033455,172.31.40.0-255,1113,290482,70,406212
1688,0.033516,172.31.40.0-255,1514,291996,70,406212
1689,0.033518,172.31.40.0-255,1330,293326,70,406212
1690,0.034721,74.125.68.0-255,5738,299064,70,406212
1691,0.034728,172.31.40.0-255,66,299130,70,406212
1692,0.035525,104.244.42.0-255,66,299196,70,406212
1693,0.036761,74.125.68.0-255,5738,304934,70,406212
1694,0.036766,172.31.40.0-255,66,305000,70,406212
1695,0.038796,74.125.68.0-255,4320,309320,70,406212
1696,0.038802,172.31.40.0-255,66,309386,70,406212
1697,0.038821,74.125.68.0-255,1484,310870,70,406212
1698,0.040851,74.125.68.0-255,4320,315190,70,406212
1699,0.040858,172.31.40.0-255,66,315256,70,406212
1700,0.04291,74.125.68.0-255,5738,320994,70,406212
1701,0.042916,172.31.40.0-255,66,321060,70,406212
1702,0.04495,74.125.68.0-255,5738,326798,70,406212
1703,0.044956,172.31.40.0-255,66,326864,70,406212
1704,0.046993,74.125.68.0-255,5738,332602,70,406212
1705,0.047,172.31.40.0-255,66,332668,70,406212
1706,0.04904,74.125.68.0-255,5738,338406,70,406212
1707,0.049046,172.31.40.0-255,66,338472,70,406212
1708,0.051077,74.125.68.0-255,5738,344210,70,406212
1709,0.051083,172.31.40.0-255,66,344276,70,406212
1710,0.053128,74.125.68.0-255,5738,350014,70,406212
1711,0.053134,172.31.40.0-255,66,350080,70,406212
1712,0.05522,74.125.68.0-255,5738,355818,70,406212
1713,0.055226,172.31.40.0-255,66,355884,70,406212
1714,0.057295,74.125.68.0-255,5738,361622,70,406212
1715,0.057302,172.31.40.0-255,66,361688,70,406212
1716,0.059346,74.125.68.0-255,5738,367426,70,406212
1717,0.059353,172.31.40.0-255,66,367492,70,406212
1718,0.061389,74.125.68.0-255,5738,373230,70,406212
1719,0.061395,172.31.40.0-255,66,373296,70,406212
1720,0.063456,74.125.68.0-255,5738,379034,70,406212
1721,0.063462,172.31.40.0-255,66,379100,70,406212
1722,0.065497,74.125.68.0-255,5738,384838,70,406212
1723,0.065504,172.31.40.0-255,66,384904,70,406212
1724,0.067539,74.125.68.0-255,5738,390642,70,406212
1725,0.067545,172.31.40.0-255,66,390708,70,406212
1726,0.069592,74.125.68.0-255,5738,396446,70,406212
1727,0.069598,172.31.40.0-255,66,396512,70,406212
1728,0.071643,74.125.68.0-255,5738,402250,70,406212
1729,0.071649,172.31.40.0-255,66,402316,70,406212
1730,0.073675,74.125.68.0-255,3659,405975,70,406212
1731,0.073682,172.31.40.0-255,66,406041,70,406212
1732,0.073854,172.31.40.0-255,105,406146,70,406212
1733,0.080074,74.125.68.0-255,66,406212,70,406212
1734,0.0,74.125.68.0-255,146,146,70,395770
1735,2.5e-05,172.31.40.0-255,66,212,70,395770
1736,3.2e-05,74.125.68.0-255,1484,1696,70,395770
1737,3.6e-05,172.31.40.0-255,66,1762,70,395770
1738,4.2e-05,74.125.68.0-255,2902,4664,70,395770
1739,4.5e-05,172.31.40.0-255,66,4730,70,395770
1740,5.2e-05,74.125.68.0-255,5738,10468,70,395770
1741,5.5e-05,172.31.40.0-255,66,10534,70,395770
1742,8.3e-05,74.125.68.0-255,6355,16889,70,395770
1743,8.7e-05,172.31.40.0-255,66,16955,70,395770
1744,9.1e-05,74.125.68.0-255,2902,19857,70,395770
1745,9.3e-05,172.31.40.0-255,66,19923,70,395770
1746,0.00013,172.31.40.0-255,66,19989,70,395770
1747,0.00026,74.125.68.0-255,1484,21473,70,395770
1748,0.000264,172.31.40.0-255,66,21539,70,395770
1749,0.000284,74.125.68.0-255,2902,24441,70,395770
1750,0.000287,172.31.40.0-255,66,24507,70,395770
1751,0.000308,74.125.68.0-255,4320,28827,70,395770
1752,0.000311,172.31.40.0-255,66,28893,70,395770
1753,0.000352,74.125.68.0-255,8215,37108,70,395770
1754,0.000354,172.31.40.0-255,66,37174,70,395770
1755,0.000386,74.125.68.0-255,8574,45748,70,395770
1756,0.000389,172.31.40.0-255,66,45814,70,395770
1757,0.000393,74.125.68.0-255,2902,48716,70,395770
1758,0.000395,172.31.40.0-255,66,48782,70,395770
1759,0.000415,74.125.68.0-255,4320,53102,70,395770
1760,0.000418,172.31.40.0-255,66,53168,70,395770
1761,0.000428,74.125.68.0-255,1125,54293,70,395770
1762,0.00043,172.31.40.0-255,66,54359,70,395770
1763,0.000507,74.125.68.0-255,410,54769,70,395770
1764,0.000511,172.31.40.0-255,66,54835,70,395770
1765,0.000602,74.125.68.0-255,1484,56319,70,395770
1766,0.000627,74.125.68.0-255,2902,59221,70,395770
1767,0.000631,172.31.40.0-255,66,59287,70,395770
1768,0.000651,74.125.68.0-255,2902,62189,70,395770
1769,0.000654,172.31.40.0-255,66,62255,70,395770
1770,0.000673,74.125.68.0-255,2902,65157,70,395770
1771,0.000676,172.31.40.0-255,66,65223,70,395770
1772,0.000702,74.125.68.0-255,1484,66707,70,395770
1773,0.00071,74.125.68.0-255,7156,73863,70,395770
1774,0.000713,172.31.40.0-255,66,73929,70,395770
1775,0.000718,74.125.68.0-255,2902,76831,70,395770
1776,0.000719,172.31.40.0-255,66,76897,70,395770
1777,0.00074,74.125.68.0-255,5738,82635,70,395770
1778,0.000742,172.31.40.0-255,66,82701,70,395770
1779,0.00075,74.125.68.0-255,6438,89139,70,395770
1780,0.000752,172.31.40.0-255,66,89205,70,395770
1781,0.000795,74.125.68.0-255,333,89538,70,395770
1782,0.000893,74.125.68.0-255,1484,91022,70,395770
1783,0.000902,172.31.40.0-255,66,91088,70,395770
1784,0.000916,74.125.68.0-255,1484,92572,70,395770
1785,0.000929,74.125.68.0-255,1484,94056,70,395770
1786,0.000932,172.31.40.0-255,66,94122,70,395770
1787,0.000938,74.125.68.0-255,4320,98442,70,395770
1788,0.00094,172.31.40.0-255,66,98508,70,395770
1789,0.000958,74.125.68.0-255,1484,99992,70,395770
1790,0.000964,74.125.68.0-255,2902,102894,70,395770
1791,0.000966,172.31.40.0-255,66,102960,70,395770
1792,0.001009,74.125.68.0-255,5738,108698,70,395770
1793,0.001012,172.31.40.0-255,66,108764,70,395770
1794,0.001016,74.125.68.0-255,1484,110248,70,395770
1795,0.001039,74.125.68.0-255,5738,115986,70,395770
1796,0.001042,172.31.40.0-255,66,116052,70,395770
1797,0.001075,74.125.68.0-255,5738,121790,70,395770
1798,0.001078,172.31.40.0-255,66,121856,70,395770
1799,0.001098,74.125.68.0-255,1484,123340,70,395770
1800,0.001101,74.125.68.0-255,766,124106,70,395770
1801,0.001103,172.31.40.0-255,66,124172,70,395770
1802,0.001172,74.125.68.0-255,1484,125656,70,395770
1803,0.001186,74.125.68.0-255,2902,128558,70,395770
1804,0.001204,172.31.40.0-255,66,128624,70,395770
1805,0.001209,74.125.68.0-255,2902,131526,70,395770
1806,0.001214,74.125.68.0-255,4320,135846,70,395770
1807,0.001219,172.31.40.0-255,66,135912,70,395770
1808,0.001229,74.125.68.0-255,1484,137396,70,395770
1809,0.001249,74.125.68.0-255,7156,144552,70,395770
1810,0.001266,172.31.40.0-255,66,144618,70,395770
1811,0.001281,74.125.68.0-255,8574,153192,70,395770
1812,0.001303,172.31.40.0-255,66,153258,70,395770
1813,0.001314,74.125.68.0-255,5020,158278,70,395770
1814,0.001318,172.31.40.0-255,66,158344,70,395770
1815,0.001333,74.125.68.0-255,1484,159828,70,395770
1816,0.001348,74.125.68.0-255,4320,164148,70,395770
1817,0.00135,74.125.68.0-255,1484,165632,70,395770
1818,0.001358,172.31.40.0-255,66,165698,70,395770
1819,0.001366,74.125.68.0-255,1484,167182,70,395770
1820,0.00137,74.125.68.0-255,2902,170084,70,395770
1821,0.001384,74.125.68.0-255,1484,171568,70,395770
1822,0.001401,74.125.68.0-255,5738,177306,70,395770
1823,0.001413,74.125.68.0-255,2902,180208,70,395770
1824,0.001418,74.125.68.0-255,2902,183110,70,395770
1825,0.001421,172.31.40.0-255,66,183176,70,395770
1826,0.001426,172.31.40.0-255,66,183242,70,395770
1827,0.001435,74.125.68.0-255,1484,184726,70,395770
1828,0.001468,74.125.68.0-255,2902,187628,70,395770
1829,0.001475,172.31.40.0-255,66,187694,70,395770
1830,0.001486,74.125.68.0-255,5020,192714,70,395770
1831,0.001495,172.31.40.0-255,66,192780,70,395770
1832,0.00168,74.125.68.0-255,1484,194264,70,395770
1833,0.001703,74.125.68.0-255,2902,197166,70,395770
1834,0.001706,172.31.40.0-255,66,197232,70,395770
1835,0.001713,74.125.68.0-255,4320,201552,70,395770
1836,0.001727,74.125.68.0-255,4320,205872,70,395770
1837,0.001742,74.125.68.0-255,1484,207356,70,395770
1838,0.001745,172.31.40.0-255,66,207422,70,395770
1839,0.001762,74.125.68.0-255,4320,211742,70,395770
1840,0.001783,74.125.68.0-255,7156,218898,70,395770
1841,0.001788,74.125.68.0-255,4320,223218,70,395770
1842,0.001791,172.31.40.0-255,66,223284,70,395770
1843,0.001797,172.31.40.0-255,66,223350,70,395770
1844,0.001817,74.125.68.0-255,3602,226952,70,395770
1845,0.001844,172.31.40.0-255,66,227018,70,395770
1846,0.002132,74.125.68.0-255,1484,228502,70,395770
1847,0.003973,74.125.68.0-255,4320,232822,70,395770
1848,0.003981,172.31.40.0-255,66,232888,70,395770
1849,0.006084,74.125.68.0-255,1484,234372,70,395770
1850,0.006103,74.125.68.0-255,4320,238692,70,395770
1851,0.006107,172.31.40.0-255,66,238758,70,395770
1852,0.008227,74.125.68.0-255,5738,244496,70,395770
1853,0.008236,172.31.40.0-255,66,244562,70,395770
1854,0.010372,74.125.68.0-255,5738,250300,70,395770
1855,0.010391,172.31.40.0-255,66,250366,70,395770
1856,0.012529,74.125.68.0-255,5738,256104,70,395770
1857,0.012545,172.31.40.0-255,66,256170,70,395770
1858,0.01468,74.125.68.0-255,5738,261908,70,395770
1859,0.014694,172.31.40.0-255,66,261974,70,395770
1860,0.016816,74.125.68.0-255,5738,267712,70,395770
1861,0.016827,172.31.40.0-255,66,267778,70,395770
1862,0.018994,74.125.68.0-255,5738,273516,70,395770
1863,0.019001,172.31.40.0-255,66,273582,70,395770
1864,0.021126,74.125.68.0-255,5738,279320,70,395770
1865,0.021133,172.31.40.0-255,66,279386,70,395770
1866,0.02325,74.125.68.0-255,5738,285124,70,395770
1867,0.023259,172.31.40.0-255,66,285190,70,395770
1868,0.025384,74.125.68.0-255,5738,290928,70,395770
1869,0.025401,172.31.40.0-255,66,290994,70,395770
1870,0.027573,74.125.68.0-255,5738,296732,70,395770
1871,0.027597,172.31.40.0-255,66,296798,70,395770
1872,0.029729,74.125.68.0-255,5738,302536,70,395770
1873,0.02974,172.31.40.0-255,66,302602,70,395770
1874,0.031863,74.125.68.0-255,5738,308340,70,395770
1875,0.03187,172.31.40.0-255,66,308406,70,395770
1876,0.03403,74.125.68.0-255,5738,314144,70,395770
1877,0.034046,172.31.40.0-255,66,314210,70,395770
1878,0.036167,74.125.68.0-255,2902,317112,70,395770
1879,0.036174,172.31.40.0-255,66,317178,70,395770
1880,0.036193,74.125.68.0-255,2902,320080,70,395770
1881,0.036195,172.31.40.0-255,66,320146,70,395770
1882,0.038293,74.125.68.0-255,2902,323048,70,395770
1883,0.0383,172.31.40.0-255,66,323114,70,395770
1884,0.038323,74.125.68.0-255,2902,326016,70,395770
1885,0.038325,172.31.40.0-255,66,326082,70,395770
1886,0.040414,74.125.68.0-255,2902,328984,70,395770
1887,0.040422,172.31.40.0-255,66,329050,70,395770
1888,0.040448,74.125.68.0-255,2902,331952,70,395770
1889,0.040451,172.31.40.0-255,66,332018,70,395770
1890,0.042548,74.125.68.0-255,4320,336338,70,395770
1891,0.042565,172.31.40.0-255,66,336404,70,395770
1892,0.042587,74.125.68.0-255,1484,337888,70,395770
1893,0.044699,74.125.68.0-255,4320,342208,70,395770
1894,0.044716,172.31.40.0-255,66,342274,70,395770
1895,0.046588,172.31.40.0-255,172,342446,70,395770
1896,0.046623,172.31.40.0-255,1113,343559,70,395770
1897,0.046691,172.31.40.0-255,1514,345073,70,395770
1898,0.046693,172.31.40.0-255,1514,346587,70,395770
1899,0.046694,172.31.40.0-255,974,347561,70,395770
1900,0.046834,74.125.68.0-255,5738,353299,70,395770
1901,0.04684,172.31.40.0-255,66,353365,70,395770
1902,0.048155,104.244.42.0-255,66,353431,70,395770
1903,0.048189,104.244.42.0-255,66,353497,70,395770
1904,0.048252,104.244.42.0-255,66,353563,70,395770
1905,0.048274,104.244.42.0-255,66,353629,70,395770
1906,0.048958,74.125.68.0-255,5738,359367,70,395770
1907,0.048963,172.31.40.0-255,66,359433,70,395770
1908,0.051083,74.125.68.0-255,5738,365171,70,395770
1909,0.05109,172.31.40.0-255,66,365237,70,395770
1910,0.053225,74.125.68.0-255,5738,370975,70,395770
1911,0.053231,172.31.40.0-255,66,371041,70,395770
1912,0.055337,74.125.68.0-255,5738,376779,70,395770
1913,0.055344,172.31.40.0-255,66,376845,70,395770
1914,0.057469,74.125.68.0-255,5738,382583,70,395770
1915,0.057477,172.31.40.0-255,66,382649,70,395770
1916,0.059604,74.125.68.0-255,5738,388387,70,395770
1917,0.059617,172.31.40.0-255,66,388453,70,395770
1918,0.061738,74.125.68.0-255,5738,394191,70,395770
1919,0.061754,172.31.40.0-255,66,394257,70,395770
1920,0.06388,74.125.68.0-255,1276,395533,70,395770
1921,0.064065,172.31.40.0-255,66,395599,70,395770
1922,0.064104,172.31.40.0-255,105,395704,70,395770
1923,0.066176,74.125.68.0-255,66,395770,70,395770
1924,0.0,172.253.118.0-255,153,153,70,394352
1925,2.2e-05,172.31.40.0-255,66,219,70,394352
1926,3e-05,172.253.118.0-255,1484,1703,70,394352
1927,3.4e-05,172.31.40.0-255,66,1769,70,394352
1928,4e-05,172.253.118.0-255,2902,4671,70,394352
1929,5e-05,172.31.40.0-255,66,4737,70,394352
1930,5.6e-05,172.253.118.0-255,4320,9057,70,394352
1931,5.8e-05,172.31.40.0-255,66,9123,70,394352
1932,6.5e-05,172.253.118.0-255,4975,14098,70,394352
1933,6.7e-05,172.31.40.0-255,66,14164,70,394352
1934,0.000113,172.253.118.0-255,2902,17066,70,394352
1935,0.000116,172.31.40.0-255,66,17132,70,394352
1936,0.000146,172.253.118.0-255,2902,20034,70,394352
1937,0.000149,172.31.40.0-255,66,20100,70,394352
1938,0.000157,172.253.118.0-255,8574,28674,70,394352
1939,0.000164,172.31.40.0-255,66,28740,70,394352
1940,0.000188,172.253.118.0-255,2543,31283,70,394352
1941,0.00019,172.31.40.0-255,66,31349,70,394352
1942,0.00035,172.253.118.0-255,1484,32833,70,394352
1943,0.000355,172.31.40.0-255,66,32899,70,394352
1944,0.000374,172.253.118.0-255,2902,35801,70,394352
1945,0.000377,172.31.40.0-255,66,35867,70,394352
1946,0.000381,172.253.118.0-255,1484,37351,70,394352
1947,0.000383,172.31.40.0-255,66,37417,70,394352
1948,0.00041,172.253.118.0-255,4320,41737,70,394352
1949,0.000414,172.31.40.0-255,66,41803,70,394352
1950,0.00044,172.31.40.0-255,66,41869,70,394352
1951,0.000445,172.253.118.0-255,2902,44771,70,394352
1952,0.000449,172.31.40.0-255,66,44837,70,394352
1953,0.000497,172.253.118.0-255,4320,49157,70,394352
1954,0.0005,172.31.40.0-255,66,49223,70,394352
1955,0.000527,172.253.118.0-255,5648,54871,70,394352
1956,0.000573,172.253.118.0-255,134,55005,70,394352
1957,0.000586,172.31.40.0-255,66,55071,70,394352
1958,0.000661,172.253.118.0-255,1484,56555,70,394352
1959,0.000666,172.253.118.0-255,2902,59457,70,394352
1960,0.00069,172.253.118.0-255,2902,62359,70,394352
1961,0.000704,172.253.118.0-255,2902,65261,70,394352
1962,0.000708,172.253.118.0-255,2902,68163,70,394352
1963,0.000711,172.253.118.0-255,1484,69647,70,394352
1964,0.000727,172.253.118.0-255,8574,78221,70,394352
1965,0.00073,172.31.40.0-255,66,78287,70,394352
1966,0.000735,172.31.40.0-255,66,78353,70,394352
1967,0.00078,172.253.118.0-255,9992,88345,70,394352
1968,0.000783,172.253.118.0-255,469,88814,70,394352
1969,0.000796,172.31.40.0-255,66,88880,70,394352
1970,0.000826,172.253.118.0-255,1484,90364,70,394352
1971,0.000844,172.253.118.0-255,4320,94684,70,394352
1972,0.000856,172.31.40.0-255,66,94750,70,394352
1973,0.000876,172.253.118.0-255,7156,101906,70,394352
1974,0.00089,172.253.118.0-255,4320,106226,70,394352
1975,0.000895,172.31.40.0-255,66,106292,70,394352
1976,0.000907,172.253.118.0-255,8574,114866,70,394352
1977,0.000933,172.253.118.0-255,2902,117768,70,394352
1978,0.000938,172.253.118.0-255,5020,122788,70,394352
1979,0.000941,172.31.40.0-255,66,122854,70,394352
1980,0.000946,172.31.40.0-255,66,122920,70,394352
1981,0.001295,172.253.118.0-255,1484,124404,70,394352
1982,0.001309,172.253.118.0-255,2902,127306,70,394352
1983,0.001313,172.253.118.0-255,4320,131626,70,394352
1984,0.001317,172.31.40.0-255,66,131692,70,394352
1985,0.001321,172.31.40.0-255,66,131758,70,394352
1986,0.001341,172.253.118.0-255,1484,133242,70,394352
1987,0.001347,172.253.118.0-255,4320,137562,70,394352
1988,0.00136,172.31.40.0-255,66,137628,70,394352
1989,0.001371,172.253.118.0-255,8574,146202,70,394352
1990,0.001374,172.253.118.0-255,2902,149104,70,394352
1991,0.001382,172.253.118.0-255,4320,153424,70,394352
1992,0.001386,172.31.40.0-255,66,153490,70,394352
1993,0.00141,172.253.118.0-255,3602,157092,70,394352
1994,0.001422,172.31.40.0-255,66,157158,70,394352
1995,0.003398,172.253.118.0-255,1484,158642,70,394352
1996,0.003418,172.253.118.0-255,2902,161544,70,394352
1997,0.003423,172.31.40.0-255,66,161610,70,394352
1998,0.00344,172.253.118.0-255,1484,163094,70,394352
1999,0.00541,172.253.118.0-255,4320,167414,70,394352
2000,0.007732,172.31.40.0-255,66,167480,70,394352
2001,0.009745,172.253.118.0-255,5738,173218,70,394352
2002,0.009753,172.31.40.0-255,66,173284,70,394352
2003,0.011757,172.253.118.0-255,5738,179022,70,394352
2004,0.012671,172.31.40.0-255,66,179088,70,394352
2005,0.014687,172.253.118.0-255,5738,184826,70,394352
2006,0.014695,172.31.40.0-255,66,184892,70,394352
2007,0.016713,172.253.118.0-255,5738,190630,70,394352
2008,0.016723,172.31.40.0-255,66,190696,70,394352
2009,0.018738,172.253.118.0-255,5738,196434,70,394352
2010,0.018744,172.31.40.0-255,66,196500,70,394352
2011,0.020751,172.253.118.0-255,5738,202238,70,394352
2012,0.020757,172.31.40.0-255,66,202304,70,394352
2013,0.022779,172.253.118.0-255,5738,208042,70,394352
2014,0.022786,172.31.40.0-255,66,208108,70,394352
2015,0.02479,172.253.118.0-255,5738,213846,70,394352
2016,0.024795,172.31.40.0-255,66,213912,70,394352
2017,0.025401,172.31.40.0-255,172,214084,70,394352
2018,0.025434,172.31.40.0-255,1113,215197,70,394352
2019,0.025497,172.31.40.0-255,1514,216711,70,394352
2020,0.025499,172.31.40.0-255,1514,218225,70,394352
2021,0.0255,172.31.40.0-255,1369,219594,70,394352
2022,0.026813,172.253.118.0-255,5738,225332,70,394352
2023,0.026819,172.31.40.0-255,66,225398,70,394352
2024,0.0276,104.244.42.0-255,66,225464,70,394352
2025,0.028821,172.253.118.0-255,5738,231202,70,394352
2026,0.028827,172.31.40.0-255,66,231268,70,394352
2027,0.03085,172.253.118.0-255,5738,237006,70,394352
2028,0.030856,172.31.40.0-255,66,237072,70,394352
2029,0.032874,172.253.118.0-255,5738,242810,70,394352
2030,0.03288,172.31.40.0-255,66,242876,70,394352
2031,0.034932,172.253.118.0-255,5738,248614,70,394352
2032,0.034949,172.31.40.0-255,66,248680,70,394352
2033,0.036965,172.253.118.0-255,5738,254418,70,394352
2034,0.036974,172.31.40.0-255,66,254484,70,394352
2035,0.038995,172.253.118.0-255,5738,260222,70,394352
2036,0.039011,172.31.40.0-255,66,260288,70,394352
2037,0.04103,172.253.118.0-255,5738,266026,70,394352
2038,0.041046,172.31.40.0-255,66,266092,70,394352
2039,0.043082,172.253.118.0-255,5738,271830,70,394352
2040,0.043099,172.31.40.0-255,66,271896,70,394352
2041,0.045112,172.253.118.0-255,5738,277634,70,394352
2042,0.045118,172.31.40.0-255,66,277700,70,394352
2043,0.047131,172.253.118.0-255,5738,283438,70,394352
2044,0.047138,172.31.40.0-255,66,283504,70,394352
2045,0.049152,172.253.118.0-255,5738,289242,70,394352
2046,0.049162,172.31.40.0-255,66,289308,70,394352
2047,0.051183,172.253.118.0-255,5738,295046,70,394352
2048,0.05119,172.31.40.0-255,66,295112,70,394352
2049,0.053203,172.253.118.0-255,5738,300850,70,394352
2050,0.05321,172.31.40.0-255,66,300916,70,394352
2051,0.053344,172.31.40.0-255,101,301017,70,394352
2052,0.055228,172.253.118.0-255,5738,306755,70,394352
2053,0.055234,172.31.40.0-255,66,306821,70,394352
2054,0.055297,172.253.118.0-255,66,306887,70,394352
2055,0.057242,172.253.118.0-255,5738,312625,70,394352
2056,0.057249,172.31.40.0-255,66,312691,70,394352
2057,0.059262,172.253.118.0-255,5738,318429,70,394352
2058,0.059268,172.31.40.0-255,66,318495,70,394352
2059,0.061289,172.253.118.0-255,5738,324233,70,394352
2060,0.061295,172.31.40.0-255,66,324299,70,394352
2061,0.063316,172.253.118.0-255,5738,330037,70,394352
2062,0.063322,172.31.40.0-255,66,330103,70,394352
2063,0.065332,172.253.118.0-255,5738,335841,70,394352
2064,0.065339,172.31.40.0-255,66,335907,70,394352
2065,0.067364,172.253.118.0-255,5738,341645,70,394352
2066,0.067371,172.31.40.0-255,66,341711,70,394352
2067,0.069393,172.253.118.0-255,5738,347449,70,394352
2068,0.069399,172.31.40.0-255,66,347515,70,394352
2069,0.071411,172.253.118.0-255,5738,353253,70,394352
2070,0.071418,172.31.40.0-255,66,353319,70,394352
2071,0.073443,172.253.118.0-255,5738,359057,70,394352
2072,0.07345,172.31.40.0-255,66,359123,70,394352
2073,0.075453,172.253.118.0-255,5738,364861,70,394352
2074,0.07546,172.31.40.0-255,66,364927,70,394352
2075,0.077478,172.253.118.0-255,5738,370665,70,394352
2076,0.077484,172.31.40.0-255,66,370731,70,394352
2077,0.079502,172.253.118.0-255,5738,376469,70,394352
2078,0.079508,172.31.40.0-255,66,376535,70,394352
2079,0.081524,172.253.118.0-255,5738,382273,70,394352
2080,0.08153,172.31.40.0-255,66,382339,70,394352
2081,0.083534,172.253.118.0-255,5738,388077,70,394352
2082,0.08354,172.31.40.0-255,66,388143,70,394352
2083,0.085578,172.253.118.0-255,5738,393881,70,394352
2084,0.085585,172.31.40.0-255,66,393947,70,394352
2085,0.08756,172.253.118.0-255,234,394181,70,394352
2086,0.087714,172.31.40.0-255,105,394286,70,394352
2087,0.094558,172.253.118.0-255,66,394352,70,394352
2088,0.0,172.217.194.0-255,151,151,70,355460
2089,1.8e-05,172.31.40.0-255,66,217,70,355460
2090,2.5e-05,172.217.194.0-255,1484,1701,70,355460
2091,2.9e-05,172.31.40.0-255,66,1767,70,355460
2092,4.5e-05,172.217.194.0-255,2902,4669,70,355460
2093,5e-05,172.31.40.0-255,66,4735,70,355460
2094,5.8e-05,172.217.194.0-255,7156,11891,70,355460
2095,6.2e-05,172.31.40.0-255,66,11957,70,355460
2096,7.6e-05,172.31.40.0-255,66,12023,70,355460
2097,0.0001,172.217.194.0-255,5379,17402,70,355460
2098,0.000106,172.31.40.0-255,66,17468,70,355460
2099,0.000142,172.217.194.0-255,5738,23206,70,355460
2100,0.000145,172.31.40.0-255,66,23272,70,355460
2101,0.000176,172.217.194.0-255,7156,30428,70,355460
2102,0.000178,172.31.40.0-255,66,30494,70,355460
2103,0.000195,172.217.194.0-255,2902,33396,70,355460
2104,0.000197,172.31.40.0-255,66,33462,70,355460
2105,0.000234,172.31.40.0-255,66,33528,70,355460
2106,0.00024,172.217.194.0-255,5379,38907,70,355460
2107,0.000242,172.31.40.0-255,66,38973,70,355460
2108,0.000244,172.217.194.0-255,345,39318,70,355460
2109,0.00025,172.31.40.0-255,66,39384,70,355460
2110,0.000313,172.217.194.0-255,119,39503,70,355460
2111,0.000316,172.31.40.0-255,66,39569,70,355460
2112,0.00035,172.217.194.0-255,375,39944,70,355460
2113,0.000353,172.31.40.0-255,66,40010,70,355460
2114,0.00056,172.217.194.0-255,1484,41494,70,355460
2115,0.000564,172.31.40.0-255,66,41560,70,355460
2116,0.000568,172.217.194.0-255,1484,43044,70,355460
2117,0.00057,172.31.40.0-255,66,43110,70,355460
2118,0.000598,172.217.194.0-255,1484,44594,70,355460
2119,0.000605,172.217.194.0-255,5738,50332,70,355460
2120,0.000634,172.31.40.0-255,66,50398,70,355460
2121,0.000663,172.217.194.0-255,1484,51882,70,355460
2122,0.00068,172.217.194.0-255,5738,57620,70,355460
2123,0.000686,172.31.40.0-255,66,57686,70,355460
2124,0.000696,172.217.194.0-255,3602,61288,70,355460
2125,0.000713,172.31.40.0-255,66,61354,70,355460
2126,0.001254,172.217.194.0-255,1484,62838,70,355460
2127,0.00126,172.217.194.0-255,2902,65740,70,355460
2128,0.001263,172.31.40.0-255,66,65806,70,355460
2129,0.001269,172.217.194.0-255,4320,70126,70,355460
2130,0.001288,172.217.194.0-255,1484,71610,70,355460
2131,0.00129,172.217.194.0-255,1484,73094,70,355460
2132,0.001298,172.31.40.0-255,66,73160,70,355460
2133,0.001342,172.217.194.0-255,9274,82434,70,355460
2134,0.001347,172.31.40.0-255,66,82500,70,355460
2135,0.001524,172.217.194.0-255,1484,83984,70,355460
2136,0.001529,172.217.194.0-255,2902,86886,70,355460
2137,0.001532,172.31.40.0-255,66,86952,70,355460
2138,0.001563,172.217.194.0-255,5738,92690,70,355460
2139,0.001573,172.217.194.0-255,9992,102682,70,355460
2140,0.001582,172.31.40.0-255,66,102748,70,355460
2141,0.001593,172.217.194.0-255,2902,105650,70,355460
2142,0.001605,172.217.194.0-255,9992,115642,70,355460
2143,0.001624,172.31.40.0-255,66,115708,70,355460
2144,0.001635,172.217.194.0-255,2184,117892,70,355460
2145,0.001643,172.217.194.0-255,2902,120794,70,355460
2146,0.001684,172.31.40.0-255,66,120860,70,355460
2147,0.001691,172.217.194.0-255,7156,128016,70,355460
2148,0.001699,172.217.194.0-255,7156,135172,70,355460
2149,0.001714,172.31.40.0-255,66,135238,70,355460
2150,0.001721,172.217.194.0-255,5738,140976,70,355460
2151,0.001742,172.217.194.0-255,2902,143878,70,355460
2152,0.001763,172.217.194.0-255,6438,150316,70,355460
2153,0.001766,172.31.40.0-255,66,150382,70,355460
2154,0.001791,172.31.40.0-255,66,150448,70,355460
2155,0.00253,172.217.194.0-255,1484,151932,70,355460
2156,0.00254,172.217.194.0-255,2902,154834,70,355460
2157,0.002545,172.31.40.0-255,66,154900,70,355460
2158,0.002581,172.217.194.0-255,5738,160638,70,355460
2159,0.00259,172.217.194.0-255,8574,169212,70,355460
2160,0.002612,172.217.194.0-255,4320,173532,70,355460
2161,0.002619,172.217.194.0-255,5738,179270,70,355460
2162,0.002652,172.217.194.0-255,5020,184290,70,355460
2163,0.002663,172.217.194.0-255,8574,192864,70,355460
2164,0.002685,172.217.194.0-255,2902,195766,70,355460
2165,0.002688,172.217.194.0-255,1484,197250,70,355460
2166,0.002701,172.217.194.0-255,9992,207242,70,355460
2167,0.002723,172.217.194.0-255,2902,210144,70,355460
2168,0.002754,172.217.194.0-255,7856,218000,70,355460
2169,0.007835,172.31.40.0-255,66,218066,70,355460
2170,0.010521,172.217.194.0-255,5738,223804,70,355460
2171,0.010532,172.31.40.0-255,66,223870,70,355460
2172,0.013188,172.217.194.0-255,5738,229608,70,355460
2173,0.013196,172.31.40.0-255,66,229674,70,355460
2174,0.015861,172.217.194.0-255,5738,235412,70,355460
2175,0.01587,172.31.40.0-255,66,235478,70,355460
2176,0.01855,172.217.194.0-255,5738,241216,70,355460
2177,0.018558,172.31.40.0-255,66,241282,70,355460
2178,0.021232,172.217.194.0-255,5738,247020,70,355460
2179,0.021241,172.31.40.0-255,66,247086,70,355460
2180,0.023895,172.217.194.0-255,5738,252824,70,355460
2181,0.023903,172.31.40.0-255,66,252890,70,355460
2182,0.026511,172.31.40.0-255,172,253062,70,355460
2183,0.02654,172.31.40.0-255,1118,254180,70,355460
2184,0.026594,172.217.194.0-255,5738,259918,70,355460
2185,0.026599,172.31.40.0-255,66,259984,70,355460
2186,0.026609,172.31.40.0-255,1514,261498,70,355460
2187,0.026621,172.31.40.0-255,1514,263012,70,355460
2188,0.026622,172.31.40.0-255,1514,264526,70,355460
2189,0.026623,172.31.40.0-255,1115,265641,70,355460
2190,0.028201,104.244.42.0-255,66,265707,70,355460
2191,0.029332,172.217.194.0-255,5738,271445,70,355460
2192,0.029338,172.31.40.0-255,66,271511,70,355460
2193,0.032035,172.217.194.0-255,5738,277249,70,355460
2194,0.032042,172.31.40.0-255,66,277315,70,355460
2195,0.034714,172.217.194.0-255,5738,283053,70,355460
2196,0.034719,172.31.40.0-255,66,283119,70,355460
2197,0.037377,172.217.194.0-255,5738,288857,70,355460
2198,0.037382,172.31.40.0-255,66,288923,70,355460
2199,0.040051,172.217.194.0-255,5738,294661,70,355460
2200,0.040057,172.31.40.0-255,66,294727,70,355460
2201,0.042727,172.217.194.0-255,5738,300465,70,355460
2202,0.042733,172.31.40.0-255,66,300531,70,355460
2203,0.045388,172.217.194.0-255,5738,306269,70,355460
2204,0.045395,172.31.40.0-255,66,306335,70,355460
2205,0.048109,172.217.194.0-255,5738,312073,70,355460
2206,0.048114,172.31.40.0-255,66,312139,70,355460
2207,0.050746,172.217.194.0-255,1484,313623,70,355460
2208,0.050767,172.217.194.0-255,4320,317943,70,355460
2209,0.050771,172.31.40.0-255,66,318009,70,355460
2210,0.053479,172.217.194.0-255,5738,323747,70,355460
2211,0.053484,172.31.40.0-255,66,323813,70,355460
2212,0.056153,172.217.194.0-255,4320,328133,70,355460
2213,0.056159,172.31.40.0-255,66,328199,70,355460
2214,0.056189,172.217.194.0-255,1484,329683,70,355460
2215,0.05883,172.217.194.0-255,4320,334003,70,355460
2216,0.058837,172.31.40.0-255,66,334069,70,355460
2217,0.061514,172.217.194.0-255,5738,339807,70,355460
2218,0.061521,172.31.40.0-255,66,339873,70,355460
2219,0.064207,172.217.194.0-255,5738,345611,70,355460
2220,0.064212,172.31.40.0-255,66,345677,70,355460
2221,0.06688,172.217.194.0-255,5738,351415,70,355460
2222,0.066885,172.31.40.0-255,66,351481,70,355460
2223,0.069563,172.217.194.0-255,3742,355223,70,355460
2224,0.06957,172.31.40.0-255,66,355289,70,355460
2225,0.069786,172.31.40.0-255,105,355394,70,355460
2226,0.072417,172.217.194.0-255,66,355460,70,355460
2227,0.0,74.125.24.0-255,153,153,70,379949
2228,2.2e-05,172.31.40.0-255,66,219,70,379949
2229,2.9e-05,74.125.24.0-255,1484,1703,70,379949
2230,3.4e-05,172.31.40.0-255,66,1769,70,379949
2231,4e-05,74.125.24.0-255,2902,4671,70,379949
2232,5.1e-05,172.31.40.0-255,66,4737,70,379949
2233,5.6e-05,74.125.24.0-255,4320,9057,70,379949
2234,6e-05,172.31.40.0-255,66,9123,70,379949
2235,9.4e-05,74.125.24.0-255,4935,14058,70,379949
2236,9.8e-05,172.31.40.0-255,66,14124,70,379949
2237,0.00012,74.125.24.0-255,1484,15608,70,379949
2238,0.000123,172.31.40.0-255,66,15674,70,379949
2239,0.000153,74.125.24.0-255,2902,18576,70,379949
2240,0.000155,172.31.40.0-255,66,18642,70,379949
2241,0.000161,74.125.24.0-255,5738,24380,70,379949
2242,0.000164,172.31.40.0-255,66,24446,70,379949
2243,0.000189,74.125.24.0-255,6797,31243,70,379949
2244,0.000191,172.31.40.0-255,66,31309,70,379949
2245,0.000296,74.125.24.0-255,1484,32793,70,379949
2246,0.000301,172.31.40.0-255,66,32859,70,379949
2247,0.000306,74.125.24.0-255,2902,35761,70,379949
2248,0.000308,172.31.40.0-255,66,35827,70,379949
2249,0.00032,74.125.24.0-255,5738,41565,70,379949
2250,0.000323,172.31.40.0-255,66,41631,70,379949
2251,0.000355,74.125.24.0-255,4320,45951,70,379949
2252,0.000358,172.31.40.0-255,66,46017,70,379949
2253,0.000388,74.125.24.0-255,9633,55650,70,379949
2254,0.000391,172.31.40.0-255,66,55716,70,379949
2255,0.0004,74.125.24.0-255,9909,65625,70,379949
2256,0.000402,172.31.40.0-255,66,65691,70,379949
2257,0.000424,74.125.24.0-255,132,65823,70,379949
2258,0.000426,172.31.40.0-255,66,65889,70,379949
2259,0.000599,74.125.24.0-255,343,66232,70,379949
2260,0.000954,74.125.24.0-255,1484,67716,70,379949
2261,0.000959,172.31.40.0-255,66,67782,70,379949
2262,0.00098,74.125.24.0-255,2902,70684,70,379949
2263,0.000987,172.31.40.0-255,66,70750,70,379949
2264,0.001025,74.125.24.0-255,5738,76488,70,379949
2265,0.001034,74.125.24.0-255,7156,83644,70,379949
2266,0.001048,74.125.24.0-255,2902,86546,70,379949
2267,0.001073,74.125.24.0-255,8574,95120,70,379949
2268,0.001089,74.125.24.0-255,2902,98022,70,379949
2269,0.001093,74.125.24.0-255,2184,100206,70,379949
2270,0.001142,172.31.40.0-255,66,100272,70,379949
2271,0.001424,74.125.24.0-255,1484,101756,70,379949
2272,0.00143,74.125.24.0-255,2902,104658,70,379949
2273,0.001437,172.31.40.0-255,66,104724,70,379949
2274,0.001467,74.125.24.0-255,5738,110462,70,379949
2275,0.001478,172.31.40.0-255,66,110528,70,379949
2276,0.001522,172.31.40.0-255,66,110594,70,379949
2277,0.001548,74.125.24.0-255,10692,121286,70,379949
2278,0.001562,172.31.40.0-255,66,121352,70,379949
2279,0.001688,74.125.24.0-255,1484,122836,70,379949
2280,0.001716,74.125.24.0-255,2902,125738,70,379949
2281,0.001737,172.31.40.0-255,66,125804,70,379949
2282,0.001744,74.125.24.0-255,5738,131542,70,379949
2283,0.001783,172.31.40.0-255,66,131608,70,379949
2284,0.001797,74.125.24.0-255,9992,141600,70,379949
2285,0.001806,74.125.24.0-255,5738,147338,70,379949
2286,0.001829,172.31.40.0-255,66,147404,70,379949
2287,0.001852,74.125.24.0-255,7856,155260,70,379949
2288,0.001872,172.31.40.0-255,66,155326,70,379949
2289,0.002147,74.125.24.0-255,1484,156810,70,379949
2290,0.002166,74.125.24.0-255,2902,159712,70,379949
2291,0.002169,172.31.40.0-255,66,159778,70,379949
2292,0.002174,74.125.24.0-255,4320,164098,70,379949
2293,0.002179,172.31.40.0-255,66,164164,70,379949
2294,0.002202,74.125.24.0-255,1484,165648,70,379949
2295,0.002206,74.125.24.0-255,2902,168550,70,379949
2296,0.00221,74.125.24.0-255,4320,172870,70,379949
2297,0.002223,74.125.24.0-255,1484,174354,70,379949
2298,0.002236,74.125.24.0-255,5738,180092,70,379949
2299,0.002242,172.31.40.0-255,66,180158,70,379949
2300,0.002249,74.125.24.0-255,1484,181642,70,379949
2301,0.002251,74.125.24.0-255,1484,183126,70,379949
2302,0.002266,172.31.40.0-255,66,183192,70,379949
2303,0.002292,74.125.24.0-255,1484,184676,70,379949
2304,0.002314,74.125.24.0-255,5020,189696,70,379949
2305,0.002317,172.31.40.0-255,66,189762,70,379949
2306,0.00248,74.125.24.0-255,1484,191246,70,379949
2307,0.002485,74.125.24.0-255,2902,194148,70,379949
2308,0.00249,172.31.40.0-255,66,194214,70,379949
2309,0.002501,74.125.24.0-255,5738,199952,70,379949
2310,0.002513,74.125.24.0-255,1484,201436,70,379949
2311,0.002523,172.31.40.0-255,66,201502,70,379949
2312,0.002545,74.125.24.0-255,1484,202986,70,379949
2313,0.002572,74.125.24.0-255,9274,212260,70,379949
2314,0.002579,172.31.40.0-255,66,212326,70,379949
2315,0.00511,74.125.24.0-255,5738,218064,70,379949
2316,0.005118,172.31.40.0-255,66,218130,70,379949
2317,0.007632,74.125.24.0-255,5738,223868,70,379949
2318,0.009164,172.31.40.0-255,66,223934,70,379949
2319,0.011738,74.125.24.0-255,5738,229672,70,379949
2320,0.011747,172.31.40.0-255,66,229738,70,379949
2321,0.014296,74.125.24.0-255,5738,235476,70,379949
2322,0.014305,172.31.40.0-255,66,235542,70,379949
2323,0.01684,74.125.24.0-255,5738,241280,70,379949
2324,0.016846,172.31.40.0-255,66,241346,70,379949
2325,0.019408,74.125.24.0-255,4320,245666,70,379949
2326,0.019416,172.31.40.0-255,66,245732,70,379949
2327,0.019443,74.125.24.0-255,1484,247216,70,379949
2328,0.021967,74.125.24.0-255,4320,251536,70,379949
2329,0.02198,172.31.40.0-255,66,251602,70,379949
2330,0.022088,172.31.40.0-255,101,251703,70,379949
2331,0.024579,74.125.24.0-255,5738,257441,70,379949
2332,0.024589,74.125.24.0-255,66,257507,70,379949
2333,0.024634,172.31.40.0-255,66,257573,70,379949
2334,0.027204,74.125.24.0-255,5738,263311,70,379949
2335,0.027212,172.31.40.0-255,66,263377,70,379949
2336,0.027644,172.31.40.0-255,176,263553,70,379949
2337,0.027675,172.31.40.0-255,1116,264669,70,379949
2338,0.027753,172.31.40.0-255,1514,266183,70,379949
2339,0.027755,172.31.40.0-255,1514,267697,70,379949
2340,0.02778,172.31.40.0-255,846,268543,70,379949
2341,0.029212,104.244.42.0-255,66,268609,70,379949
2342,0.02926,104.244.42.0-255,66,268675,70,379949
2343,0.029345,104.244.42.0-255,66,268741,70,379949
2344,0.029371,104.244.42.0-255,66,268807,70,379949
2345,0.029761,74.125.24.0-255,5738,274545,70,379949
2346,0.029767,172.31.40.0-255,66,274611,70,379949
2347,0.032311,74.125.24.0-255,5738,280349,70,379949
2348,0.032318,172.31.40.0-255,66,280415,70,379949
2349,0.034868,74.125.24.0-255,5738,286153,70,379949
2350,0.034875,172.31.40.0-255,66,286219,70,379949
2351,0.037435,74.125.24.0-255,5738,291957,70,379949
2352,0.037442,172.31.40.0-255,66,292023,70,379949
2353,0.039989,74.125.24.0-255,5738,297761,70,379949
2354,0.039995,172.31.40.0-255,66,297827,70,379949
2355,0.042544,74.125.24.0-255,5738,303565,70,379949
2356,0.04255,172.31.40.0-255,66,303631,70,379949
2357,0.045141,74.125.24.0-255,5738,309369,70,379949
2358,0.045148,172.31.40.0-255,66,309435,70,379949
2359,0.047695,74.125.24.0-255,5738,315173,70,379949
2360,0.047702,172.31.40.0-255,66,315239,70,379949
2361,0.050283,74.125.24.0-255,5738,320977,70,379949
2362,0.050289,172.31.40.0-255,66,321043,70,379949
2363,0.052836,74.125.24.0-255,5738,326781,70,379949
2364,0.052842,172.31.40.0-255,66,326847,70,379949
2365,0.055412,74.125.24.0-255,5738,332585,70,379949
2366,0.055419,172.31.40.0-255,66,332651,70,379949
2367,0.057953,74.125.24.0-255,5738,338389,70,379949
2368,0.057959,172.31.40.0-255,66,338455,70,379949
2369,0.060514,74.125.24.0-255,5738,344193,70,379949
2370,0.060521,172.31.40.0-255,66,344259,70,379949
2371,0.063063,74.125.24.0-255,5738,349997,70,379949
2372,0.063072,172.31.40.0-255,66,350063,70,379949
2373,0.065632,74.125.24.0-255,5738,355801,70,379949
2374,0.065639,172.31.40.0-255,66,355867,70,379949
2375,0.068181,74.125.24.0-255,5738,361605,70,379949
2376,0.068188,172.31.40.0-255,66,361671,70,379949
2377,0.07076,74.125.24.0-255,5738,367409,70,379949
2378,0.070767,172.31.40.0-255,66,367475,70,379949
2379,0.073329,74.125.24.0-255,5738,373213,70,379949
2380,0.073335,172.31.40.0-255,66,373279,70,379949
2381,0.075886,74.125.24.0-255,5738,379017,70,379949
2382,0.075893,172.31.40.0-255,66,379083,70,379949
2383,0.078454,74.125.24.0-255,695,379778,70,379949
2384,0.078597,172.31.40.0-255,105,379883,70,379949
2385,0.086363,74.125.24.0-255,66,379949,70,379949
2386,0.0,74.125.24.0-255,146,146,70,335012
2387,2.7e-05,172.31.40.0-255,66,212,70,335012
2388,3.3e-05,74.125.24.0-255,1484,1696,70,335012
2389,3.7e-05,172.31.40.0-255,66,1762,70,335012
2390,4.2e-05,74.125.24.0-255,2902,4664,70,335012
2391,4.5e-05,172.31.40.0-255,66,4730,70,335012
2392,5.3e-05,74.125.24.0-255,7156,11886,70,335012
2393,5.6e-05,172.31.40.0-255,66,11952,70,335012
2394,0.000109,74.125.24.0-255,7747,19699,70,335012
2395,0.000113,172.31.40.0-255,66,19765,70,335012
2396,0.000122,74.125.24.0-255,8574,28339,70,335012
2397,0.000124,172.31.40.0-255,66,28405,70,335012
2398,0.000128,74.125.24.0-255,2543,30948,70,335012
2399,0.00013,172.31.40.0-255,66,31014,70,335012
2400,0.000174,74.125.24.0-255,1484,32498,70,335012
2401,0.000178,172.31.40.0-255,66,32564,70,335012
2402,0.000183,74.125.24.0-255,2902,35466,70,335012
2403,0.000185,172.31.40.0-255,66,35532,70,335012
2404,0.000201,74.125.24.0-255,5738,41270,70,335012
2405,0.000204,172.31.40.0-255,66,41336,70,335012
2406,0.00022,74.125.24.0-255,4320,45656,70,335012
2407,0.000223,172.31.40.0-255,66,45722,70,335012
2408,0.000236,74.125.24.0-255,5379,51101,70,335012
2409,0.000239,172.31.40.0-255,66,51167,70,335012
2410,0.000248,74.125.24.0-255,9992,61159,70,335012
2411,0.00025,172.31.40.0-255,66,61225,70,335012
2412,0.000284,74.125.24.0-255,4236,65461,70,335012
2413,0.000288,172.31.40.0-255,66,65527,70,335012
2414,0.000305,74.125.24.0-255,413,65940,70,335012
2415,0.000309,172.31.40.0-255,66,66006,70,335012
2416,0.001482,74.125.24.0-255,1484,67490,70,335012
2417,0.001488,172.31.40.0-255,66,67556,70,335012
2418,0.001499,74.125.24.0-255,2902,70458,70,335012
2419,0.001505,74.125.24.0-255,4320,74778,70,335012
2420,0.001519,74.125.24.0-255,1484,76262,70,335012
2421,0.001556,74.125.24.0-255,10692,86954,70,335012
2422,0.001571,172.31.40.0-255,66,87020,70,335012
2423,0.001622,74.125.24.0-255,1484,88504,70,335012
2424,0.001627,74.125.24.0-255,2902,91406,70,335012
2425,0.001654,74.125.24.0-255,5738,97144,70,335012
2426,0.001664,74.125.24.0-255,1484,98628,70,335012
2427,0.001669,172.31.40.0-255,66,98694,70,335012
2428,0.001695,74.125.24.0-255,1484,100178,70,335012
2429,0.001703,172.31.40.0-255,66,100244,70,335012
2430,0.001729,74.125.24.0-255,7156,107400,70,335012
2431,0.001741,172.31.40.0-255,66,107466,70,335012
2432,0.001757,74.125.24.0-255,7156,114622,70,335012
2433,0.001788,74.125.24.0-255,5020,119642,70,335012
2434,0.001793,172.31.40.0-255,66,119708,70,335012
2435,0.00193,74.125.24.0-255,1484,121192,70,335012
2436,0.001934,74.125.24.0-255,1484,122676,70,335012
2437,0.001939,172.31.40.0-255,66,122742,70,335012
2438,0.001946,74.125.24.0-255,1484,124226,70,335012
2439,0.00195,74.125.24.0-255,4320,128546,70,335012
2440,0.001953,172.31.40.0-255,66,128612,70,335012
2441,0.001961,74.125.24.0-255,1484,130096,70,335012
2442,0.001974,74.125.24.0-255,1484,131580,70,335012
2443,0.00198,172.31.40.0-255,66,131646,70,335012
2444,0.002009,74.125.24.0-255,10692,142338,70,335012
2445,0.002045,74.125.24.0-255,1484,143822,70,335012
2446,0.002049,74.125.24.0-255,2902,146724,70,335012
2447,0.002062,172.31.40.0-255,66,146790,70,335012
2448,0.002071,74.125.24.0-255,5738,152528,70,335012
2449,0.002079,172.31.40.0-255,66,152594,70,335012
2450,0.002081,74.125.24.0-255,1484,154078,70,335012
2451,0.0021,74.125.24.0-255,2902,156980,70,335012
2452,0.002109,172.31.40.0-255,66,157046,70,335012
2453,0.004118,74.125.24.0-255,5738,162784,70,335012
2454,0.004123,172.31.40.0-255,66,162850,70,335012
2455,0.006167,74.125.24.0-255,5738,168588,70,335012
2456,0.006173,172.31.40.0-255,66,168654,70,335012
2457,0.008246,74.125.24.0-255,5738,174392,70,335012
2458,0.008253,172.31.40.0-255,66,174458,70,335012
2459,0.010277,74.125.24.0-255,5738,180196,70,335012
2460,0.010283,172.31.40.0-255,66,180262,70,335012
2461,0.012305,74.125.24.0-255,5738,186000,70,335012
2462,0.012312,172.31.40.0-255,66,186066,70,335012
2463,0.014386,74.125.24.0-255,5738,191804,70,335012
2464,0.014393,172.31.40.0-255,66,191870,70,335012
2465,0.01647,74.125.24.0-255,5738,197608,70,335012
2466,0.01648,172.31.40.0-255,66,197674,70,335012
2467,0.018547,74.125.24.0-255,5738,203412,70,335012
2468,0.018553,172.31.40.0-255,66,203478,70,335012
2469,0.020584,74.125.24.0-255,5738,209216,70,335012
2470,0.020592,172.31.40.0-255,66,209282,70,335012
2471,0.02267,74.125.24.0-255,5738,215020,70,335012
2472,0.024003,172.31.40.0-255,66,215086,70,335012
2473,0.026069,74.125.24.0-255,5738,220824,70,335012
2474,0.026076,172.31.40.0-255,66,220890,70,335012
2475,0.027885,172.31.40.0-255,172,221062,70,335012
2476,0.027914,172.31.40.0-255,1118,222180,70,335012
2477,0.027952,172.31.40.0-255,1514,223694,70,335012
2478,0.027953,172.31.40.0-255,1073,224767,70,335012
2479,0.028104,74.125.24.0-255,4320,229087,70,335012
2480,0.02811,172.31.40.0-255,66,229153,70,335012
2481,0.02814,74.125.24.0-255,1484,230637,70,335012
2482,0.029449,104.244.42.0-255,66,230703,70,335012
2483,0.029489,104.244.42.0-255,66,230769,70,335012
2484,0.02954,104.244.42.0-255,66,230835,70,335012
2485,0.030139,74.125.24.0-255,4320,235155,70,335012
2486,0.030144,172.31.40.0-255,66,235221,70,335012
2487,0.032175,74.125.24.0-255,5738,240959,70,335012
2488,0.032228,172.31.40.0-255,66,241025,70,335012
2489,0.034292,74.125.24.0-255,5738,246763,70,335012
2490,0.034298,172.31.40.0-255,66,246829,70,335012
2491,0.036359,74.125.24.0-255,5738,252567,70,335012
2492,0.036364,172.31.40.0-255,66,252633,70,335012
2493,0.038403,74.125.24.0-255,5738,258371,70,335012
2494,0.038408,172.31.40.0-255,66,258437,70,335012
2495,0.040453,74.125.24.0-255,5738,264175,70,335012
2496,0.040458,172.31.40.0-255,66,264241,70,335012
2497,0.042523,74.125.24.0-255,5738,269979,70,335012
2498,0.042529,172.31.40.0-255,66,270045,70,335012
2499,0.044559,74.125.24.0-255,5738,275783,70,335012
2500,0.044565,172.31.40.0-255,66,275849,70,335012
2501,0.046588,74.125.24.0-255,5738,281587,70,335012
2502,0.046594,172.31.40.0-255,66,281653,70,335012
2503,0.048655,74.125.24.0-255,5738,287391,70,335012
2504,0.04866,172.31.40.0-255,66,287457,70,335012
2505,0.050716,74.125.24.0-255,5738,293195,70,335012
2506,0.050725,172.31.40.0-255,66,293261,70,335012
2507,0.052738,74.125.24.0-255,1484,294745,70,335012
2508,0.052771,74.125.24.0-255,4320,299065,70,335012
2509,0.052777,172.31.40.0-255,66,299131,70,335012
2510,0.054807,74.125.24.0-255,5738,304869,70,335012
2511,0.054811,172.31.40.0-255,66,304935,70,335012
2512,0.056837,74.125.24.0-255,5738,310673,70,335012
2513,0.056842,172.31.40.0-255,66,310739,70,335012
2514,0.058935,74.125.24.0-255,4320,315059,70,335012
2515,0.058939,172.31.40.0-255,66,315125,70,335012
2516,0.058968,74.125.24.0-255,1484,316609,70,335012
2517,0.060958,74.125.24.0-255,4320,320929,70,335012
2518,0.060964,172.31.40.0-255,66,320995,70,335012
2519,0.06298,74.125.24.0-255,5738,326733,70,335012
2520,0.063042,172.31.40.0-255,66,326799,70,335012
2521,0.065088,74.125.24.0-255,5738,332537,70,335012
2522,0.065093,172.31.40.0-255,66,332603,70,335012
2523,0.06714,74.125.24.0-255,2172,334775,70,335012
2524,0.067145,172.31.40.0-255,66,334841,70,335012
2525,0.067324,172.31.40.0-255,105,334946,70,335012
2526,0.069301,74.125.24.0-255,66,335012,70,335012
2527,0.0,74.125.200.0-255,153,153,70,367702
2528,1.6e-05,172.31.40.0-255,66,219,70,367702
2529,2.3e-05,74.125.200.0-255,1484,1703,70,367702
2530,2.7e-05,172.31.40.0-255,66,1769,70,367702
2531,5.8e-05,74.125.200.0-255,2902,4671,70,367702
2532,6.1e-05,172.31.40.0-255,66,4737,70,367702
2533,7.2e-05,74.125.200.0-255,5738,10475,70,367702
2534,7.6e-05,172.31.40.0-255,66,10541,70,367702
2535,8.1e-05,74.125.200.0-255,3454,13995,70,367702
2536,8.4e-05,172.31.40.0-255,66,14061,70,367702
2537,0.000223,74.125.200.0-255,1484,15545,70,367702
2538,0.000228,172.31.40.0-255,66,15611,70,367702
2539,0.000234,74.125.200.0-255,2902,18513,70,367702
2540,0.000236,172.31.40.0-255,66,18579,70,367702
2541,0.000241,74.125.200.0-255,4320,22899,70,367702
2542,0.000248,172.31.40.0-255,66,22965,70,367702
2543,0.000278,74.125.200.0-255,4320,27285,70,367702
2544,0.000281,172.31.40.0-255,66,27351,70,367702
2545,0.000308,74.125.200.0-255,5379,32730,70,367702
2546,0.000311,172.31.40.0-255,66,32796,70,367702
2547,0.000316,74.125.200.0-255,4320,37116,70,367702
2548,0.000318,172.31.40.0-255,66,37182,70,367702
2549,0.000321,74.125.200.0-255,1484,38666,70,367702
2550,0.000324,172.31.40.0-255,66,38732,70,367702
2551,0.000371,172.31.40.0-255,66,38798,70,367702
2552,0.000374,74.125.200.0-255,1484,40282,70,367702
2553,0.000377,172.31.40.0-255,66,40348,70,367702
2554,0.000413,74.125.200.0-255,5738,46086,70,367702
2555,0.000415,172.31.40.0-255,66,46152,70,367702
2556,0.000421,74.125.200.0-255,5351,51503,70,367702
2557,0.000424,172.31.40.0-255,66,51569,70,367702
2558,0.000431,74.125.200.0-255,114,51683,70,367702
2559,0.000572,74.125.200.0-255,1484,53167,70,367702
2560,0.000576,172.31.40.0-255,66,53233,70,367702
2561,0.000599,74.125.200.0-255,2902,56135,70,367702
2562,0.000602,172.31.40.0-255,66,56201,70,367702
2563,0.000605,74.125.200.0-255,1484,57685,70,367702
2564,0.000627,74.125.200.0-255,4320,62005,70,367702
2565,0.000629,172.31.40.0-255,66,62071,70,367702
2566,0.000632,74.125.200.0-255,1484,63555,70,367702
2567,0.000638,74.125.200.0-255,7156,70711,70,367702
2568,0.00064,172.31.40.0-255,66,70777,70,367702
2569,0.000668,74.125.200.0-255,1484,72261,70,367702
2570,0.000681,172.31.40.0-255,66,72327,70,367702
2571,0.000707,74.125.200.0-255,2446,74773,70,367702
2572,0.00071,172.31.40.0-255,66,74839,70,367702
2573,0.000957,74.125.200.0-255,1484,76323,70,367702
2574,0.000972,74.125.200.0-255,2902,79225,70,367702
2575,0.000975,172.31.40.0-255,66,79291,70,367702
2576,0.001002,74.125.200.0-255,5738,85029,70,367702
2577,0.001004,172.31.40.0-255,66,85095,70,367702
2578,0.001033,74.125.200.0-255,5738,90833,70,367702
2579,0.001035,172.31.40.0-255,66,90899,70,367702
2580,0.001042,74.125.200.0-255,7156,98055,70,367702
2581,0.001044,172.31.40.0-255,66,98121,70,367702
2582,0.001076,74.125.200.0-255,10692,108813,70,367702
2583,0.001079,172.31.40.0-255,66,108879,70,367702
2584,0.001595,74.125.200.0-255,1484,110363,70,367702
2585,0.001614,74.125.200.0-255,1484,111847,70,367702
2586,0.001617,172.31.40.0-255,66,111913,70,367702
2587,0.00162,74.125.200.0-255,1484,113397,70,367702
2588,0.001643,74.125.200.0-255,1484,114881,70,367702
2589,0.001645,172.31.40.0-255,66,114947,70,367702
2590,0.001651,74.125.200.0-255,5738,120685,70,367702
2591,0.001653,172.31.40.0-255,66,120751,70,367702
2592,0.00168,74.125.200.0-255,5738,126489,70,367702
2593,0.001682,172.31.40.0-255,66,126555,70,367702
2594,0.001687,74.125.200.0-255,2902,129457,70,367702
2595,0.001688,172.31.40.0-255,66,129523,70,367702
2596,0.001723,74.125.200.0-255,4320,133843,70,367702
2597,0.001726,172.31.40.0-255,66,133909,70,367702
2598,0.00173,74.125.200.0-255,2902,136811,70,367702
2599,0.001732,172.31.40.0-255,66,136877,70,367702
2600,0.001755,74.125.200.0-255,6438,143315,70,367702
2601,0.001757,172.31.40.0-255,66,143381,70,367702
2602,0.001906,74.125.200.0-255,1484,144865,70,367702
2603,0.001913,74.125.200.0-255,2902,147767,70,367702
2604,0.001916,172.31.40.0-255,66,147833,70,367702
2605,0.00199,74.125.200.0-255,4320,152153,70,367702
2606,0.001993,172.31.40.0-255,66,152219,70,367702
2607,0.002006,74.125.200.0-255,1484,153703,70,367702
2608,0.002026,172.31.40.0-255,66,153769,70,367702
2609,0.002091,74.125.200.0-255,10692,164461,70,367702
2610,0.002093,172.31.40.0-255,66,164527,70,367702
2611,0.002099,74.125.200.0-255,5738,170265,70,367702
2612,0.002101,172.31.40.0-255,66,170331,70,367702
2613,0.00213,74.125.200.0-255,1484,171815,70,367702
2614,0.002139,74.125.200.0-255,8574,180389,70,367702
2615,0.002142,172.31.40.0-255,66,180455,70,367702
2616,0.002147,74.125.200.0-255,4320,184775,70,367702
2617,0.002149,172.31.40.0-255,66,184841,70,367702
2618,0.002174,74.125.200.0-255,2902,187743,70,367702
2619,0.002178,172.31.40.0-255,66,187809,70,367702
2620,0.002209,74.125.200.0-255,10692,198501,70,367702
2621,0.002212,172.31.40.0-255,66,198567,70,367702
2622,0.002237,74.125.200.0-255,1484,200051,70,367702
2623,0.002242,74.125.200.0-255,2902,202953,70,367702
2624,0.002244,172.31.40.0-255,66,203019,70,367702
2625,0.002247,74.125.200.0-255,1484,204503,70,367702
2626,0.002272,74.125.200.0-255,4320,208823,70,367702
2627,0.002275,172.31.40.0-255,66,208889,70,367702
2628,0.002287,74.125.200.0-255,5738,214627,70,367702
2629,0.002293,172.31.40.0-255,66,214693,70,367702
2630,0.002321,74.125.200.0-255,1484,216177,70,367702
2631,0.00233,74.125.200.0-255,8574,224751,70,367702
2632,0.002333,172.31.40.0-255,66,224817,70,367702
2633,0.00234,74.125.200.0-255,7856,232673,70,367702
2634,0.002343,172.31.40.0-255,66,232739,70,367702
2635,0.004772,74.125.200.0-255,4320,237059,70,367702
2636,0.004779,172.31.40.0-255,66,237125,70,367702
2637,0.004807,74.125.200.0-255,1484,238609,70,367702
2638,0.007216,74.125.200.0-255,4320,242929,70,367702
2639,0.007221,172.31.40.0-255,66,242995,70,367702
2640,0.009654,74.125.200.0-255,5738,248733,70,367702
2641,0.009661,172.31.40.0-255,66,248799,70,367702
2642,0.012097,74.125.200.0-255,5738,254537,70,367702
2643,0.012105,172.31.40.0-255,66,254603,70,367702
2644,0.014588,74.125.200.0-255,5738,260341,70,367702
2645,0.014597,172.31.40.0-255,66,260407,70,367702
2646,0.017057,74.125.200.0-255,5738,266145,70,367702
2647,0.017066,172.31.40.0-255,66,266211,70,367702
2648,0.019523,74.125.200.0-255,5738,271949,70,367702
2649,0.019532,172.31.40.0-255,66,272015,70,367702
2650,0.021989,74.125.200.0-255,5738,277753,70,367702
2651,0.021998,172.31.40.0-255,66,277819,70,367702
2652,0.024446,74.125.200.0-255,5738,283557,70,367702
2653,0.024454,172.31.40.0-255,66,283623,70,367702
2654,0.026892,74.125.200.0-255,2902,286525,70,367702
2655,0.026899,172.31.40.0-255,66,286591,70,367702
2656,0.026932,74.125.200.0-255,2902,289493,70,367702
2657,0.026936,172.31.40.0-255,66,289559,70,367702
2658,0.029132,172.31.40.0-255,172,289731,70,367702
2659,0.029165,172.31.40.0-255,1118,290849,70,367702
2660,0.029221,172.31.40.0-255,1514,292363,70,367702
2661,0.029223,172.31.40.0-255,1514,293877,70,367702
2662,0.029246,172.31.40.0-255,844,294721,70,367702
2663,0.029323,74.125.200.0-255,2902,297623,70,367702
2664,0.029328,172.31.40.0-255,66,297689,70,367702
2665,0.029355,74.125.200.0-255,2902,300591,70,367702
2666,0.029358,172.31.40.0-255,66,300657,70,367702
2667,0.030825,104.244.42.0-255,66,300723,70,367702
2668,0.030853,104.244.42.0-255,66,300789,70,367702
2669,0.030889,104.244.42.0-255,66,300855,70,367702
2670,0.030893,104.244.42.0-255,66,300921,70,367702
2671,0.031748,74.125.200.0-255,1484,302405,70,367702
2672,0.031779,74.125.200.0-255,4320,306725,70,367702
2673,0.031785,172.31.40.0-255,66,306791,70,367702
2674,0.033037,104.244.42.0-255,108,306899,70,367702
2675,0.033046,172.31.40.0-255,66,306965,70,367702
2676,0.034219,74.125.200.0-255,5738,312703,70,367702
2677,0.034224,172.31.40.0-255,66,312769,70,367702
2678,0.036662,74.125.200.0-255,5738,318507,70,367702
2679,0.036668,172.31.40.0-255,66,318573,70,367702
2680,0.039095,74.125.200.0-255,5738,324311,70,367702
2681,0.039101,172.31.40.0-255,66,324377,70,367702
2682,0.04157,74.125.200.0-255,5738,330115,70,367702
2683,0.041577,172.31.40.0-255,66,330181,70,367702
2684,0.044011,74.125.200.0-255,5738,335919,70,367702
2685,0.044018,172.31.40.0-255,66,335985,70,367702
2686,0.046453,74.125.200.0-255,5738,341723,70,367702
2687,0.04646,172.31.40.0-255,66,341789,70,367702
2688,0.048899,74.125.200.0-255,5738,347527,70,367702
2689,0.048905,172.31.40.0-255,66,347593,70,367702
2690,0.051354,74.125.200.0-255,5738,353331,70,367702
2691,0.051361,172.31.40.0-255,66,353397,70,367702
2692,0.053805,74.125.200.0-255,5738,359135,70,367702
2693,0.053812,172.31.40.0-255,66,359201,70,367702
2694,0.056256,74.125.200.0-255,5738,364939,70,367702
2695,0.056262,172.31.40.0-255,66,365005,70,367702
2696,0.058689,74.125.200.0-255,2460,367465,70,367702
2697,0.058695,172.31.40.0-255,66,367531,70,367702
2698,0.058867,172.31.40.0-255,105,367636,70,367702
2699,0.061251,74.125.200.0-255,66,367702,70,367702
2700,0.0,172.217.194.0-255,298,298,70,274888
2701,2.3e-05,172.31.40.0-255,66,364,70,274888
2702,3e-05,172.217.194.0-255,1484,1848,70,274888
2703,3.4e-05,172.31.40.0-255,66,1914,70,274888
2704,4.1e-05,172.217.194.0-255,4320,6234,70,274888
2705,5.7e-05,172.31.40.0-255,66,6300,70,274888
2706,6.6e-05,172.217.194.0-255,7614,13914,70,274888
2707,6.9e-05,172.31.40.0-255,66,13980,70,274888
2708,0.000146,172.217.194.0-255,1484,15464,70,274888
2709,0.000149,172.31.40.0-255,66,15530,70,274888
2710,0.000168,172.217.194.0-255,2902,18432,70,274888
2711,0.00017,172.31.40.0-255,66,18498,70,274888
2712,0.000194,172.217.194.0-255,4320,22818,70,274888
2713,0.000198,172.31.40.0-255,66,22884,70,274888
2714,0.000225,172.217.194.0-255,1484,24368,70,274888
2715,0.000228,172.31.40.0-255,66,24434,70,274888
2716,0.000242,172.31.40.0-255,66,24500,70,274888
2717,0.000262,172.31.40.0-255,66,24566,70,274888
2718,0.000299,172.31.40.0-255,66,24632,70,274888
2719,0.000325,172.217.194.0-255,766,25398,70,274888
2720,0.000328,172.31.40.0-255,66,25464,70,274888
2721,0.000331,172.217.194.0-255,709,26173,70,274888
2722,0.000333,172.31.40.0-255,66,26239,70,274888
2723,0.000422,172.217.194.0-255,1484,27723,70,274888
2724,0.000427,172.31.40.0-255,66,27789,70,274888
2725,0.000456,172.217.194.0-255,2902,30691,70,274888
2726,0.000459,172.31.40.0-255,66,30757,70,274888
2727,0.000465,172.217.194.0-255,5738,36495,70,274888
2728,0.000467,172.31.40.0-255,66,36561,70,274888
2729,0.00049,172.217.194.0-255,8574,45135,70,274888
2730,0.000492,172.31.40.0-255,66,45201,70,274888
2731,0.000512,172.217.194.0-255,1484,46685,70,274888
2732,0.000525,172.217.194.0-255,8574,55259,70,274888
2733,0.000528,172.31.40.0-255,66,55325,70,274888
2734,0.000573,172.217.194.0-255,5020,60345,70,274888
2735,0.000575,172.31.40.0-255,66,60411,70,274888
2736,0.000646,172.217.194.0-255,1484,61895,70,274888
2737,0.000669,172.217.194.0-255,2902,64797,70,274888
2738,0.000672,172.31.40.0-255,66,64863,70,274888
2739,0.000677,172.217.194.0-255,2902,67765,70,274888
2740,0.000679,172.31.40.0-255,66,67831,70,274888
2741,0.000699,172.217.194.0-255,2902,70733,70,274888
2742,0.000701,172.31.40.0-255,66,70799,70,274888
2743,0.000707,172.217.194.0-255,4320,75119,70,274888
2744,0.000709,172.31.40.0-255,66,75185,70,274888
2745,0.000756,172.217.194.0-255,8574,83759,70,274888
2746,0.000758,172.31.40.0-255,66,83825,70,274888
2747,0.000768,172.217.194.0-255,9992,93817,70,274888
2748,0.000774,172.31.40.0-255,66,93883,70,274888
2749,0.000777,172.217.194.0-255,766,94649,70,274888
2750,0.00078,172.217.194.0-255,1484,96133,70,274888
2751,0.000783,172.31.40.0-255,66,96199,70,274888
2752,0.000788,172.217.194.0-255,4320,100519,70,274888
2753,0.00079,172.31.40.0-255,66,100585,70,274888
2754,0.000822,172.217.194.0-255,9992,110577,70,274888
2755,0.000824,172.31.40.0-255,66,110643,70,274888
2756,0.000831,172.217.194.0-255,5738,116381,70,274888
2757,0.000833,172.31.40.0-255,66,116447,70,274888
2758,0.000861,172.217.194.0-255,2902,119349,70,274888
2759,0.000863,172.31.40.0-255,66,119415,70,274888
2760,0.000866,172.217.194.0-255,1484,120899,70,274888
2761,0.000891,172.217.194.0-255,7856,128755,70,274888
2762,0.000894,172.31.40.0-255,66,128821,70,274888
2763,0.001152,172.217.194.0-255,1484,130305,70,274888
2764,0.001158,172.217.194.0-255,2902,133207,70,274888
2765,0.001164,172.31.40.0-255,66,133273,70,274888
2766,0.001194,172.217.194.0-255,5738,139011,70,274888
2767,0.001197,172.31.40.0-255,66,139077,70,274888
2768,0.001206,172.217.194.0-255,8574,147651,70,274888
2769,0.001208,172.31.40.0-255,66,147717,70,274888
2770,0.001228,172.217.194.0-255,4320,152037,70,274888
2771,0.00123,172.31.40.0-255,66,152103,70,274888
2772,0.001238,172.217.194.0-255,8574,160677,70,274888
2773,0.001241,172.31.40.0-255,66,160743,70,274888
2774,0.001271,172.217.194.0-255,2184,162927,70,274888
2775,0.001273,172.31.40.0-255,66,162993,70,274888
2776,0.001369,172.217.194.0-255,1484,164477,70,274888
2777,0.001375,172.217.194.0-255,2902,167379,70,274888
2778,0.001379,172.31.40.0-255,66,167445,70,274888
2779,0.001414,172.217.194.0-255,5738,173183,70,274888
2780,0.001417,172.31.40.0-255,66,173249,70,274888
2781,0.001424,172.217.194.0-255,7156,180405,70,274888
2782,0.001426,172.31.40.0-255,66,180471,70,274888
2783,0.001456,172.217.194.0-255,5738,186209,70,274888
2784,0.001458,172.31.40.0-255,66,186275,70,274888
2785,0.001472,172.217.194.0-255,10692,196967,70,274888
2786,0.001475,172.31.40.0-255,66,197033,70,274888
2787,0.00152,172.217.194.0-255,1484,198517,70,274888
2788,0.001525,172.217.194.0-255,2902,201419,70,274888
2789,0.001528,172.31.40.0-255,66,201485,70,274888
2790,0.00154,172.217.194.0-255,5738,207223,70,274888
2791,0.001542,172.31.40.0-255,66,207289,70,274888
2792,0.001548,172.217.194.0-255,5738,213027,70,274888
2793,0.00155,172.31.40.0-255,66,213093,70,274888
2794,0.001629,172.31.40.0-255,66,213159,70,274888
2795,0.001632,172.217.194.0-255,766,213925,70,274888
2796,0.002003,172.217.194.0-255,1484,215409,70,274888
2797,0.002008,172.31.40.0-255,66,215475,70,274888
2798,0.002014,172.217.194.0-255,2902,218377,70,274888
2799,0.002016,172.31.40.0-255,66,218443,70,274888
2800,0.002022,172.217.194.0-255,4320,222763,70,274888
2801,0.002024,172.31.40.0-255,66,222829,70,274888
2802,0.002059,172.217.194.0-255,1484,224313,70,274888
2803,0.002064,172.217.194.0-255,2902,227215,70,274888
2804,0.002066,172.31.40.0-255,66,227281,70,274888
2805,0.002098,172.217.194.0-255,9992,237273,70,274888
2806,0.0021,172.31.40.0-255,66,237339,70,274888
2807,0.002106,172.217.194.0-255,4320,241659,70,274888
2808,0.002109,172.31.40.0-255,66,241725,70,274888
2809,0.002137,172.217.194.0-255,5738,247463,70,274888
2810,0.002139,172.31.40.0-255,66,247529,70,274888
2811,0.002145,172.217.194.0-255,4320,251849,70,274888
2812,0.002147,172.31.40.0-255,66,251915,70,274888
2813,0.002202,172.31.40.0-255,66,251981,70,274888
2814,0.002206,172.217.194.0-255,2902,254883,70,274888
2815,0.002208,172.31.40.0-255,66,254949,70,274888
2816,0.002254,172.31.40.0-255,66,255015,70,274888
2817,0.002267,172.31.40.0-255,66,255081,70,274888
2818,0.002291,172.217.194.0-255,8574,263655,70,274888
2819,0.002299,172.31.40.0-255,66,263721,70,274888
2820,0.002302,172.217.194.0-255,766,264487,70,274888
2821,0.002305,172.217.194.0-255,1484,265971,70,274888
2822,0.002307,172.31.40.0-255,66,266037,70,274888
2823,0.002344,172.31.40.0-255,66,266103,70,274888
2824,0.002368,172.217.194.0-255,1484,267587,70,274888
2825,0.002375,172.217.194.0-255,1342,268929,70,274888
2826,0.002378,172.31.40.0-255,66,268995,70,274888
2827,0.002381,172.217.194.0-255,105,269100,70,274888
2828,0.004784,172.31.40.0-255,66,269166,70,274888
2829,0.004823,172.31.40.0-255,105,269271,70,274888
2830,0.007094,172.217.194.0-255,66,269337,70,274888
2831,0.041983,172.31.40.0-255,172,269509,70,274888
2832,0.042019,172.31.40.0-255,1113,270622,70,274888
2833,0.042086,172.31.40.0-255,1514,272136,70,274888
2834,0.042088,172.31.40.0-255,1514,273650,70,274888
2835,0.042089,172.31.40.0-255,974,274624,70,274888
2836,0.043546,104.244.42.0-255,66,274690,70,274888
2837,0.043587,104.244.42.0-255,66,274756,70,274888
2838,0.043683,104.244.42.0-255,66,274822,70,274888
2839,0.043706,104.244.42.0-255,66,274888,70,274888
2840,0.0,74.125.24.0-255,144,144,70,382778
2841,1.6e-05,172.31.40.0-255,66,210,70,382778
2842,2.2e-05,74.125.24.0-255,1484,1694,70,382778
2843,2.7e-05,172.31.40.0-255,66,1760,70,382778
2844,3.3e-05,74.125.24.0-255,2902,4662,70,382778
2845,3.6e-05,172.31.40.0-255,66,4728,70,382778
2846,4.1e-05,74.125.24.0-255,2902,7630,70,382778
2847,4.5e-05,172.31.40.0-255,66,7696,70,382778
2848,7.7e-05,74.125.24.0-255,2902,10598,70,382778
2849,8e-05,172.31.40.0-255,66,10664,70,382778
2850,0.000106,74.125.24.0-255,3474,14138,70,382778
2851,0.000109,172.31.40.0-255,66,14204,70,382778
2852,0.000131,74.125.24.0-255,1484,15688,70,382778
2853,0.000133,172.31.40.0-255,66,15754,70,382778
2854,0.000153,74.125.24.0-255,2902,18656,70,382778
2855,0.000156,172.31.40.0-255,66,18722,70,382778
2856,0.000162,74.125.24.0-255,5738,24460,70,382778
2857,0.000165,172.31.40.0-255,66,24526,70,382778
2858,0.000194,74.125.24.0-255,6797,31323,70,382778
2859,0.000197,172.31.40.0-255,66,31389,70,382778
2860,0.000202,74.125.24.0-255,4320,35709,70,382778
2861,0.000204,172.31.40.0-255,66,35775,70,382778
2862,0.000219,74.125.24.0-255,2902,38677,70,382778
2863,0.000221,172.31.40.0-255,66,38743,70,382778
2864,0.000225,74.125.24.0-255,2902,41645,70,382778
2865,0.000227,172.31.40.0-255,66,41711,70,382778
2866,0.000261,74.125.24.0-255,6797,48508,70,382778
2867,0.000264,172.31.40.0-255,66,48574,70,382778
2868,0.000302,74.125.24.0-255,1484,50058,70,382778
2869,0.000305,172.31.40.0-255,66,50124,70,382778
2870,0.000308,74.125.24.0-255,1484,51608,70,382778
2871,0.000311,172.31.40.0-255,66,51674,70,382778
2872,0.000322,74.125.24.0-255,1484,53158,70,382778
2873,0.000336,74.125.24.0-255,2902,56060,70,382778
2874,0.000338,172.31.40.0-255,66,56126,70,382778
2875,0.000358,74.125.24.0-255,2902,59028,70,382778
2876,0.000361,172.31.40.0-255,66,59094,70,382778
2877,0.000379,74.125.24.0-255,1484,60578,70,382778
2878,0.000383,74.125.24.0-255,1484,62062,70,382778
2879,0.000385,172.31.40.0-255,66,62128,70,382778
2880,0.000408,74.125.24.0-255,4295,66423,70,382778
2881,0.000411,172.31.40.0-255,66,66489,70,382778
2882,0.000491,74.125.24.0-255,110,66599,70,382778
2883,0.000502,74.125.24.0-255,331,66930,70,382778
2884,0.000695,74.125.24.0-255,1484,68414,70,382778
2885,0.0007,172.31.40.0-255,66,68480,70,382778
2886,0.000706,74.125.24.0-255,2902,71382,70,382778
2887,0.000709,172.31.40.0-255,66,71448,70,382778
2888,0.000715,74.125.24.0-255,2902,74350,70,382778
2889,0.000717,172.31.40.0-255,66,74416,70,382778
2890,0.000733,74.125.24.0-255,2902,77318,70,382778
2891,0.000735,172.31.40.0-255,66,77384,70,382778
2892,0.000744,74.125.24.0-255,8574,85958,70,382778
2893,0.000746,172.31.40.0-255,66,86024,70,382778
2894,0.000762,74.125.24.0-255,2902,88926,70,382778
2895,0.00077,74.125.24.0-255,8574,97500,70,382778
2896,0.000776,172.31.40.0-255,66,97566,70,382778
2897,0.000784,172.31.40.0-255,66,97632,70,382778
2898,0.000789,74.125.24.0-255,3602,101234,70,382778
2899,0.000791,172.31.40.0-255,66,101300,70,382778
2900,0.001131,74.125.24.0-255,1484,102784,70,382778
2901,0.001137,74.125.24.0-255,2902,105686,70,382778
2902,0.001141,172.31.40.0-255,66,105752,70,382778
2903,0.001168,74.125.24.0-255,5738,111490,70,382778
2904,0.001171,172.31.40.0-255,66,111556,70,382778
2905,0.001178,74.125.24.0-255,7156,118712,70,382778
2906,0.00118,172.31.40.0-255,66,118778,70,382778
2907,0.001197,74.125.24.0-255,2902,121680,70,382778
2908,0.0012,172.31.40.0-255,66,121746,70,382778
2909,0.001203,74.125.24.0-255,1484,123230,70,382778
2910,0.001236,172.31.40.0-255,66,123296,70,382778
2911,0.001708,74.125.24.0-255,1484,124780,70,382778
2912,0.00173,74.125.24.0-255,2902,127682,70,382778
2913,0.001734,172.31.40.0-255,66,127748,70,382778
2914,0.001741,74.125.24.0-255,5738,133486,70,382778
2915,0.001743,172.31.40.0-255,66,133552,70,382778
2916,0.001783,74.125.24.0-255,9992,143544,70,382778
2917,0.001786,172.31.40.0-255,66,143610,70,382778
2918,0.001845,172.31.40.0-255,66,143676,70,382778
2919,0.002294,74.125.24.0-255,1484,145160,70,382778
2920,0.002317,74.125.24.0-255,2902,148062,70,382778
2921,0.002321,172.31.40.0-255,66,148128,70,382778
2922,0.00234,74.125.24.0-255,2902,151030,70,382778
2923,0.002341,172.31.40.0-255,66,151096,70,382778
2924,0.002359,74.125.24.0-255,2902,153998,70,382778
2925,0.002361,172.31.40.0-255,66,154064,70,382778
2926,0.002367,74.125.24.0-255,7156,161220,70,382778
2927,0.002369,172.31.40.0-255,66,161286,70,382778
2928,0.002373,74.125.24.0-255,2902,164188,70,382778
2929,0.002375,172.31.40.0-255,66,164254,70,382778
2930,0.002397,74.125.24.0-255,5738,169992,70,382778
2931,0.002399,172.31.40.0-255,66,170058,70,382778
2932,0.00475,74.125.24.0-255,5738,175796,70,382778
2933,0.004757,172.31.40.0-255,66,175862,70,382778
2934,0.007116,74.125.24.0-255,5738,181600,70,382778
2935,0.007121,172.31.40.0-255,66,181666,70,382778
2936,0.00951,74.125.24.0-255,5738,187404,70,382778
2937,0.009519,172.31.40.0-255,66,187470,70,382778
2938,0.011887,74.125.24.0-255,4320,191790,70,382778
2939,0.011895,172.31.40.0-255,66,191856,70,382778
2940,0.011914,74.125.24.0-255,1484,193340,70,382778
2941,0.014313,74.125.24.0-255,4320,197660,70,382778
2942,0.01432,172.31.40.0-255,66,197726,70,382778
2943,0.016707,74.125.24.0-255,4320,202046,70,382778
2944,0.016714,172.31.40.0-255,66,202112,70,382778
2945,0.016737,74.125.24.0-255,1484,203596,70,382778
2946,0.019094,74.125.24.0-255,4320,207916,70,382778
2947,0.019101,172.31.40.0-255,66,207982,70,382778
2948,0.021527,74.125.24.0-255,5738,213720,70,382778
2949,0.021534,172.31.40.0-255,66,213786,70,382778
2950,0.023914,74.125.24.0-255,5738,219524,70,382778
2951,0.023925,172.31.40.0-255,66,219590,70,382778
2952,0.026306,74.125.24.0-255,5738,225328,70,382778
2953,0.026319,172.31.40.0-255,66,225394,70,382778
2954,0.028702,74.125.24.0-255,5738,231132,70,382778
2955,0.028711,172.31.40.0-255,66,231198,70,382778
2956,0.031106,74.125.24.0-255,5738,236936,70,382778
2957,0.031114,172.31.40.0-255,66,237002,70,382778
2958,0.033491,74.125.24.0-255,5738,242740,70,382778
2959,0.0335,172.31.40.0-255,66,242806,70,382778
2960,0.035884,74.125.24.0-255,5738,248544,70,382778
2961,0.03589,172.31.40.0-255,66,248610,70,382778
2962,0.036336,172.31.40.0-255,172,248782,70,382778
2963,0.036366,172.31.40.0-255,1114,249896,70,382778
2964,0.036422,172.31.40.0-255,1514,251410,70,382778
2965,0.036423,172.31.40.0-255,1514,252924,70,382778
2966,0.036424,172.31.40.0-255,1514,254438,70,382778
2967,0.036425,172.31.40.0-255,1514,255952,70,382778
2968,0.036453,172.31.40.0-255,638,256590,70,382778
2969,0.038038,104.244.42.0-255,66,256656,70,382778
2970,0.038068,104.244.42.0-255,66,256722,70,382778
2971,0.038135,104.244.42.0-255,66,256788,70,382778
2972,0.038153,104.244.42.0-255,66,256854,70,382778
2973,0.038274,74.125.24.0-255,5738,262592,70,382778
2974,0.038278,172.31.40.0-255,66,262658,70,382778
2975,0.038759,104.244.42.0-255,108,262766,70,382778
2976,0.038766,172.31.40.0-255,66,262832,70,382778
2977,0.040695,74.125.24.0-255,5738,268570,70,382778
2978,0.0407,172.31.40.0-255,66,268636,70,382778
2979,0.043099,74.125.24.0-255,5738,274374,70,382778
2980,0.043106,172.31.40.0-255,66,274440,70,382778
2981,0.045517,74.125.24.0-255,5738,280178,70,382778
2982,0.045523,172.31.40.0-255,66,280244,70,382778
2983,0.047907,74.125.24.0-255,2902,283146,70,382778
2984,0.047913,172.31.40.0-255,66,283212,70,382778
2985,0.047935,74.125.24.0-255,2902,286114,70,382778
2986,0.047938,172.31.40.0-255,66,286180,70,382778
2987,0.050312,74.125.24.0-255,5738,291918,70,382778
2988,0.050319,172.31.40.0-255,66,291984,70,382778
2989,0.052696,74.125.24.0-255,5738,297722,70,382778
2990,0.052701,172.31.40.0-255,66,297788,70,382778
2991,0.055089,74.125.24.0-255,5738,303526,70,382778
2992,0.055096,172.31.40.0-255,66,303592,70,382778
2993,0.057455,74.125.24.0-255,5738,309330,70,382778
2994,0.057461,172.31.40.0-255,66,309396,70,382778
2995,0.05984,74.125.24.0-255,5738,315134,70,382778
2996,0.059846,172.31.40.0-255,66,315200,70,382778
2997,0.062229,74.125.24.0-255,5738,320938,70,382778
2998,0.062237,172.31.40.0-255,66,321004,70,382778
2999,0.064658,74.125.24.0-255,5738,326742,70,382778
3000,0.064665,172.31.40.0-255,66,326808,70,382778
3001,0.06703,74.125.24.0-255,5738,332546,70,382778
3002,0.067037,172.31.40.0-255,66,332612,70,382778
3003,0.069429,74.125.24.0-255,5738,338350,70,382778
3004,0.069435,172.31.40.0-255,66,338416,70,382778
3005,0.071822,74.125.24.0-255,5738,344154,70,382778
3006,0.071827,172.31.40.0-255,66,344220,70,382778
3007,0.074219,74.125.24.0-255,5738,349958,70,382778
3008,0.074224,172.31.40.0-255,66,350024,70,382778
3009,0.076604,74.125.24.0-255,5738,355762,70,382778
3010,0.076611,172.31.40.0-255,66,355828,70,382778
3011,0.078982,74.125.24.0-255,5738,361566,70,382778
3012,0.078989,172.31.40.0-255,66,361632,70,382778
3013,0.081362,74.125.24.0-255,5738,367370,70,382778
3014,0.081369,172.31.40.0-255,66,367436,70,382778
3015,0.083818,74.125.24.0-255,5738,373174,70,382778
3016,0.083825,172.31.40.0-255,66,373240,70,382778
3017,0.086205,74.125.24.0-255,5738,378978,70,382778
3018,0.08621,172.31.40.0-255,66,379044,70,382778
3019,0.088675,74.125.24.0-255,3497,382541,70,382778
3020,0.088681,172.31.40.0-255,66,382607,70,382778
3021,0.088842,172.31.40.0-255,105,382712,70,382778
3022,0.091209,74.125.24.0-255,66,382778,70,382778
3023,0.0,172.217.194.0-255,153,153,70,243606
3024,2.5e-05,172.31.40.0-255,66,219,70,243606
3025,3e-05,172.217.194.0-255,1484,1703,70,243606
3026,3.4e-05,172.31.40.0-255,66,1769,70,243606
3027,3.8e-05,172.217.194.0-255,2902,4671,70,243606
3028,4e-05,172.31.40.0-255,66,4737,70,243606
3029,7.8e-05,172.217.194.0-255,2902,7639,70,243606
3030,8e-05,172.31.40.0-255,66,7705,70,243606
3031,0.0001,172.217.194.0-255,4320,12025,70,243606
3032,0.000102,172.31.40.0-255,66,12091,70,243606
3033,0.000134,172.217.194.0-255,1484,13575,70,243606
3034,0.000136,172.31.40.0-255,66,13641,70,243606
3035,0.000152,172.217.194.0-255,7749,21390,70,243606
3036,0.000155,172.31.40.0-255,66,21456,70,243606
3037,0.000184,172.217.194.0-255,2902,24358,70,243606
3038,0.000186,172.31.40.0-255,66,24424,70,243606
3039,0.00019,172.217.194.0-255,4320,28744,70,243606
3040,0.000192,172.31.40.0-255,66,28810,70,243606
3041,0.000221,172.217.194.0-255,2543,31353,70,243606
3042,0.000223,172.31.40.0-255,66,31419,70,243606
3043,0.005873,172.217.194.0-255,1484,32903,70,243606
3044,0.005879,172.31.40.0-255,66,32969,70,243606
3045,0.005909,172.217.194.0-255,2902,35871,70,243606
3046,0.005911,172.31.40.0-255,66,35937,70,243606
3047,0.005944,172.217.194.0-255,1484,37421,70,243606
3048,0.005947,172.31.40.0-255,66,37487,70,243606
3049,0.008457,172.217.194.0-255,4320,41807,70,243606
3050,0.008465,172.31.40.0-255,66,41873,70,243606
3051,0.00849,172.217.194.0-255,1484,43357,70,243606
3052,0.008495,172.31.40.0-255,66,43423,70,243606
3053,0.011054,172.217.194.0-255,4320,47743,70,243606
3054,0.01106,172.31.40.0-255,66,47809,70,243606
3055,0.01108,172.217.194.0-255,1484,49293,70,243606
3056,0.013639,172.217.194.0-255,4320,53613,70,243606
3057,0.013657,172.31.40.0-255,66,53679,70,243606
3058,0.016212,172.217.194.0-255,5738,59417,70,243606
3059,0.016222,172.31.40.0-255,66,59483,70,243606
3060,0.018777,172.217.194.0-255,5738,65221,70,243606
3061,0.018784,172.31.40.0-255,66,65287,70,243606
3062,0.02137,172.217.194.0-255,5738,71025,70,243606
3063,0.02138,172.31.40.0-255,66,71091,70,243606
3064,0.023964,172.217.194.0-255,5738,76829,70,243606
3065,0.023975,172.31.40.0-255,66,76895,70,243606
3066,0.02656,172.217.194.0-255,4320,81215,70,243606
3067,0.026568,172.31.40.0-255,66,81281,70,243606
3068,0.026591,172.217.194.0-255,1484,82765,70,243606
3069,0.027991,172.31.40.0-255,172,82937,70,243606
3070,0.028019,172.31.40.0-255,1118,84055,70,243606
3071,0.028062,172.31.40.0-255,567,84622,70,243606
3072,0.029139,172.217.194.0-255,4320,88942,70,243606
3073,0.029147,172.31.40.0-255,66,89008,70,243606
3074,0.029569,104.244.42.0-255,66,89074,70,243606
3075,0.029577,104.244.42.0-255,66,89140,70,243606
3076,0.02958,104.244.42.0-255,66,89206,70,243606
3077,0.031746,172.217.194.0-255,5738,94944,70,243606
3078,0.031751,172.31.40.0-255,66,95010,70,243606
3079,0.034338,172.217.194.0-255,5738,100748,70,243606
3080,0.034344,172.31.40.0-255,66,100814,70,243606
3081,0.036916,172.217.194.0-255,5738,106552,70,243606
3082,0.036923,172.31.40.0-255,66,106618,70,243606
3083,0.039519,172.217.194.0-255,5738,112356,70,243606
3084,0.039527,172.31.40.0-255,66,112422,70,243606
3085,0.042087,172.217.194.0-255,5738,118160,70,243606
3086,0.042091,172.31.40.0-255,66,118226,70,243606
3087,0.04466,172.217.194.0-255,2902,121128,70,243606
3088,0.044665,172.31.40.0-255,66,121194,70,243606
3089,0.044692,172.217.194.0-255,2902,124096,70,243606
3090,0.044695,172.31.40.0-255,66,124162,70,243606
3091,0.047233,172.217.194.0-255,2902,127064,70,243606
3092,0.047238,172.31.40.0-255,66,127130,70,243606
3093,0.047267,172.217.194.0-255,2902,130032,70,243606
3094,0.04727,172.31.40.0-255,66,130098,70,243606
3095,0.049805,172.217.194.0-255,5738,135836,70,243606
3096,0.049811,172.31.40.0-255,66,135902,70,243606
3097,0.052437,172.217.194.0-255,5738,141640,70,243606
3098,0.052444,172.31.40.0-255,66,141706,70,243606
3099,0.05501,172.217.194.0-255,5738,147444,70,243606
3100,0.055017,172.31.40.0-255,66,147510,70,243606
3101,0.05757,172.217.194.0-255,4320,151830,70,243606
3102,0.057575,172.31.40.0-255,66,151896,70,243606
3103,0.057601,172.217.194.0-255,1484,153380,70,243606
3104,0.060147,172.217.194.0-255,4320,157700,70,243606
3105,0.060152,172.31.40.0-255,66,157766,70,243606
3106,0.062711,172.217.194.0-255,2902,160668,70,243606
3107,0.062716,172.31.40.0-255,66,160734,70,243606
3108,0.062739,172.217.194.0-255,2902,163636,70,243606
3109,0.062742,172.31.40.0-255,66,163702,70,243606
3110,0.065281,172.217.194.0-255,5738,169440,70,243606
3111,0.065286,172.31.40.0-255,66,169506,70,243606
3112,0.067838,172.217.194.0-255,4320,173826,70,243606
3113,0.067844,172.31.40.0-255,66,173892,70,243606
3114,0.067868,172.217.194.0-255,1484,175376,70,243606
3115,0.070427,172.217.194.0-255,4320,179696,70,243606
3116,0.070434,172.31.40.0-255,66,179762,70,243606
3117,0.072997,172.217.194.0-255,5738,185500,70,243606
3118,0.073003,172.31.40.0-255,66,185566,70,243606
3119,0.075577,172.217.194.0-255,5738,191304,70,243606
3120,0.075583,172.31.40.0-255,66,191370,70,243606
3121,0.078136,172.217.194.0-255,5738,197108,70,243606
3122,0.078141,172.31.40.0-255,66,197174,70,243606
3123,0.080711,172.217.194.0-255,5738,202912,70,243606
3124,0.080716,172.31.40.0-255,66,202978,70,243606
3125,0.083275,172.217.194.0-255,5738,208716,70,243606
3126,0.08328,172.31.40.0-255,66,208782,70,243606
3127,0.085854,172.217.194.0-255,5738,214520,70,243606
3128,0.085863,172.31.40.0-255,66,214586,70,243606
3129,0.088449,172.217.194.0-255,5738,220324,70,243606
3130,0.088455,172.31.40.0-255,66,220390,70,243606
3131,0.091014,172.217.194.0-255,5738,226128,70,243606
3132,0.09102,172.31.40.0-255,66,226194,70,243606
3133,0.09357,172.217.194.0-255,5738,231932,70,243606
3134,0.093575,172.31.40.0-255,66,231998,70,243606
3135,0.096153,172.217.194.0-255,5738,237736,70,243606
3136,0.096159,172.31.40.0-255,66,237802,70,243606
3137,0.09875,172.217.194.0-255,5738,243540,70,243606
3138,0.098757,172.31.40.0-255,66,243606,70,243606
3139,0.0,74.125.24.0-255,153,153,70,270772
3140,2.2e-05,172.31.40.0-255,66,219,70,270772
3141,2.9e-05,74.125.24.0-255,1484,1703,70,270772
3142,3.4e-05,172.31.40.0-255,66,1769,70,270772
3143,4.7e-05,74.125.24.0-255,2902,4671,70,270772
3144,5.1e-05,172.31.40.0-255,66,4737,70,270772
3145,6e-05,74.125.24.0-255,7156,11893,70,270772
3146,6.3e-05,172.31.40.0-255,66,11959,70,270772
3147,6.7e-05,74.125.24.0-255,2902,14861,70,270772
3148,6.9e-05,172.31.40.0-255,66,14927,70,270772
3149,9.9e-05,74.125.24.0-255,9185,24112,70,270772
3150,0.000103,172.31.40.0-255,66,24178,70,270772
3151,0.000111,74.125.24.0-255,6797,30975,70,270772
3152,0.000113,172.31.40.0-255,66,31041,70,270772
3153,0.00016,74.125.24.0-255,1484,32525,70,270772
3154,0.000163,172.31.40.0-255,66,32591,70,270772
3155,0.00019,74.125.24.0-255,2902,35493,70,270772
3156,0.000192,172.31.40.0-255,66,35559,70,270772
3157,0.000198,74.125.24.0-255,5738,41297,70,270772
3158,0.000201,172.31.40.0-255,66,41363,70,270772
3159,0.000235,74.125.24.0-255,2902,44265,70,270772
3160,0.000238,172.31.40.0-255,66,44331,70,270772
3161,0.000267,74.125.24.0-255,3961,48292,70,270772
3162,0.00027,172.31.40.0-255,66,48358,70,270772
3163,0.000299,74.125.24.0-255,1484,49842,70,270772
3164,0.000301,172.31.40.0-255,66,49908,70,270772
3165,0.000307,74.125.24.0-255,2902,52810,70,270772
3166,0.000309,172.31.40.0-255,66,52876,70,270772
3167,0.00032,74.125.24.0-255,5738,58614,70,270772
3168,0.000323,172.31.40.0-255,66,58680,70,270772
3169,0.00035,74.125.24.0-255,5738,64418,70,270772
3170,0.000352,172.31.40.0-255,66,64484,70,270772
3171,0.000378,74.125.24.0-255,1420,65904,70,270772
3172,0.000541,74.125.24.0-255,1484,67388,70,270772
3173,0.000547,172.31.40.0-255,66,67454,70,270772
3174,0.000553,74.125.24.0-255,2902,70356,70,270772
3175,0.000556,172.31.40.0-255,66,70422,70,270772
3176,0.00056,74.125.24.0-255,2902,73324,70,270772
3177,0.000567,172.31.40.0-255,66,73390,70,270772
3178,0.000599,74.125.24.0-255,2902,76292,70,270772
3179,0.000602,172.31.40.0-255,66,76358,70,270772
3180,0.000608,74.125.24.0-255,4320,80678,70,270772
3181,0.00061,172.31.40.0-255,66,80744,70,270772
3182,0.00063,74.125.24.0-255,2543,83287,70,270772
3183,0.000633,172.31.40.0-255,66,83353,70,270772
3184,0.000664,74.125.24.0-255,7156,90509,70,270772
3185,0.000667,172.31.40.0-255,66,90575,70,270772
3186,0.000673,74.125.24.0-255,4320,94895,70,270772
3187,0.000675,172.31.40.0-255,66,94961,70,270772
3188,0.00071,74.125.24.0-255,1484,96445,70,270772
3189,0.000745,172.31.40.0-255,66,96511,70,270772
3190,0.000753,74.125.24.0-255,8098,104609,70,270772
3191,0.000756,172.31.40.0-255,66,104675,70,270772
3192,0.001491,74.125.24.0-255,1484,106159,70,270772
3193,0.001499,74.125.24.0-255,2902,109061,70,270772
3194,0.001502,172.31.40.0-255,66,109127,70,270772
3195,0.001507,74.125.24.0-255,2902,112029,70,270772
3196,0.001509,172.31.40.0-255,66,112095,70,270772
3197,0.001536,74.125.24.0-255,2902,114997,70,270772
3198,0.001543,172.31.40.0-255,66,115063,70,270772
3199,0.001579,74.125.24.0-255,4320,119383,70,270772
3200,0.001582,172.31.40.0-255,66,119449,70,270772
3201,0.001608,74.125.24.0-255,2669,122118,70,270772
3202,0.001611,172.31.40.0-255,66,122184,70,270772
3203,0.001637,74.125.24.0-255,1484,123668,70,270772
3204,0.001642,74.125.24.0-255,2902,126570,70,270772
3205,0.001644,172.31.40.0-255,66,126636,70,270772
3206,0.001648,74.125.24.0-255,2902,129538,70,270772
3207,0.00165,172.31.40.0-255,66,129604,70,270772
3208,0.001682,74.125.24.0-255,2902,132506,70,270772
3209,0.001684,172.31.40.0-255,66,132572,70,270772
3210,0.001691,74.125.24.0-255,5738,138310,70,270772
3211,0.001693,172.31.40.0-255,66,138376,70,270772
3212,0.001711,172.31.40.0-255,66,138442,70,270772
3213,0.001743,74.125.24.0-255,5020,143462,70,270772
3214,0.001745,172.31.40.0-255,66,143528,70,270772
3215,0.00177,74.125.24.0-255,1484,145012,70,270772
3216,0.001774,74.125.24.0-255,2902,147914,70,270772
3217,0.001777,172.31.40.0-255,66,147980,70,270772
3218,0.001807,74.125.24.0-255,5738,153718,70,270772
3219,0.00181,172.31.40.0-255,66,153784,70,270772
3220,0.001816,74.125.24.0-255,2902,156686,70,270772
3221,0.001818,172.31.40.0-255,66,156752,70,270772
3222,0.001859,74.125.24.0-255,9992,166744,70,270772
3223,0.001862,172.31.40.0-255,66,166810,70,270772
3224,0.001867,74.125.24.0-255,2902,169712,70,270772
3225,0.00187,172.31.40.0-255,66,169778,70,270772
3226,0.001904,74.125.24.0-255,7856,177634,70,270772
3227,0.001907,172.31.40.0-255,66,177700,70,270772
3228,0.002027,74.125.24.0-255,1484,179184,70,270772
3229,0.002043,74.125.24.0-255,2902,182086,70,270772
3230,0.002047,172.31.40.0-255,66,182152,70,270772
3231,0.002054,74.125.24.0-255,5738,187890,70,270772
3232,0.002056,172.31.40.0-255,66,187956,70,270772
3233,0.002096,172.31.40.0-255,66,188022,70,270772
3234,0.002127,74.125.24.0-255,7156,195178,70,270772
3235,0.00213,172.31.40.0-255,66,195244,70,270772
3236,0.002167,74.125.24.0-255,5020,200264,70,270772
3237,0.00217,172.31.40.0-255,66,200330,70,270772
3238,0.00222,74.125.24.0-255,1484,201814,70,270772
3239,0.002224,74.125.24.0-255,1484,203298,70,270772
3240,0.002226,172.31.40.0-255,66,203364,70,270772
3241,0.002265,74.125.24.0-255,1484,204848,70,270772
3242,0.002272,74.125.24.0-255,5738,210586,70,270772
3243,0.002275,172.31.40.0-255,66,210652,70,270772
3244,0.002298,172.31.40.0-255,66,210718,70,270772
3245,0.002308,74.125.24.0-255,10692,221410,70,270772
3246,0.002311,172.31.40.0-255,66,221476,70,270772
3247,0.002342,74.125.24.0-255,4320,225796,70,270772
3248,0.002345,172.31.40.0-255,66,225862,70,270772
3249,0.002392,172.31.40.0-255,66,225928,70,270772
3250,0.002455,74.125.24.0-255,2902,228830,70,270772
3251,0.002458,172.31.40.0-255,66,228896,70,270772
3252,0.00251,172.31.40.0-255,66,228962,70,270772
3253,0.002533,172.31.40.0-255,66,229028,70,270772
3254,0.00255,172.31.40.0-255,66,229094,70,270772
3255,0.00499,74.125.24.0-255,5738,234832,70,270772
3256,0.004998,172.31.40.0-255,66,234898,70,270772
3257,0.007437,74.125.24.0-255,5738,240636,70,270772
3258,0.007441,172.31.40.0-255,66,240702,70,270772
3259,0.009893,74.125.24.0-255,5738,246440,70,270772
3260,0.009901,172.31.40.0-255,66,246506,70,270772
3261,0.012352,74.125.24.0-255,5738,252244,70,270772
3262,0.01236,172.31.40.0-255,66,252310,70,270772
3263,0.014953,74.125.24.0-255,5738,258048,70,270772
3264,0.014964,172.31.40.0-255,66,258114,70,270772
3265,0.017407,74.125.24.0-255,4320,262434,70,270772
3266,0.017415,172.31.40.0-255,66,262500,70,270772
3267,0.017444,74.125.24.0-255,1484,263984,70,270772
3268,0.019855,74.125.24.0-255,600,264584,70,270772
3269,0.019862,172.31.40.0-255,66,264650,70,270772
3270,0.022618,172.31.40.0-255,105,264755,70,270772
3271,0.022662,172.31.40.0-255,105,264860,70,270772
3272,0.022876,172.31.40.0-255,90,264950,70,270772
3273,0.022885,172.31.40.0-255,66,265016,70,270772
3274,0.025041,74.125.24.0-255,66,265082,70,270772
3275,0.025054,74.125.24.0-255,66,265148,70,270772
3276,0.025269,74.125.24.0-255,66,265214,70,270772
3277,0.025298,74.125.24.0-255,66,265280,70,270772
3278,0.025305,172.31.40.0-255,66,265346,70,270772
3279,0.041138,172.31.40.0-255,172,265518,70,270772
3280,0.041171,172.31.40.0-255,1114,266632,70,270772
3281,0.041233,172.31.40.0-255,1514,268146,70,270772
3282,0.041235,172.31.40.0-255,1514,269660,70,270772
3283,0.041236,172.31.40.0-255,848,270508,70,270772
3284,0.042817,104.244.42.0-255,66,270574,70,270772
3285,0.042854,104.244.42.0-255,66,270640,70,270772
3286,0.042919,104.244.42.0-255,66,270706,70,270772
3287,0.042939,104.244.42.0-255,66,270772,70,270772
3288,0.0,172.253.118.0-255,146,146,70,291861
3289,2.1e-05,172.31.40.0-255,66,212,70,291861
3290,2.9e-05,172.253.118.0-255,1484,1696,70,291861
3291,3.4e-05,172.31.40.0-255,66,1762,70,291861
3292,4e-05,172.253.118.0-255,2902,4664,70,291861
3293,4.3e-05,172.31.40.0-255,66,4730,70,291861
3294,5.1e-05,172.253.118.0-255,7156,11886,70,291861
3295,5.4e-05,172.31.40.0-255,66,11952,70,291861
3296,6.1e-05,172.253.118.0-255,6380,18332,70,291861
3297,6.4e-05,172.31.40.0-255,66,18398,70,291861
3298,9.4e-05,172.253.118.0-255,7156,25554,70,291861
3299,9.7e-05,172.31.40.0-255,66,25620,70,291861
3300,0.000118,172.253.118.0-255,5379,30999,70,291861
3301,0.000121,172.31.40.0-255,66,31065,70,291861
3302,0.000279,172.253.118.0-255,1484,32549,70,291861
3303,0.000284,172.31.40.0-255,66,32615,70,291861
3304,0.000296,172.253.118.0-255,1484,34099,70,291861
3305,0.000299,172.31.40.0-255,66,34165,70,291861
3306,0.00032,172.253.118.0-255,1484,35649,70,291861
3307,0.000322,172.31.40.0-255,66,35715,70,291861
3308,0.000328,172.253.118.0-255,4320,40035,70,291861
3309,0.000331,172.31.40.0-255,66,40101,70,291861
3310,0.000335,172.253.118.0-255,2902,43003,70,291861
3311,0.000338,172.31.40.0-255,66,43069,70,291861
3312,0.000366,172.253.118.0-255,6797,49866,70,291861
3313,0.000368,172.31.40.0-255,66,49932,70,291861
3314,0.000377,172.253.118.0-255,8574,58506,70,291861
3315,0.00038,172.31.40.0-255,66,58572,70,291861
3316,0.000413,172.253.118.0-255,5738,64310,70,291861
3317,0.000416,172.31.40.0-255,66,64376,70,291861
3318,0.000431,172.253.118.0-255,1439,65815,70,291861
3319,0.000434,172.31.40.0-255,66,65881,70,291861
3320,0.000683,172.253.118.0-255,111,65992,70,291861
3321,0.000687,172.31.40.0-255,66,66058,70,291861
3322,0.003072,172.253.118.0-255,1484,67542,70,291861
3323,0.00308,172.31.40.0-255,66,67608,70,291861
3324,0.003091,172.253.118.0-255,2902,70510,70,291861
3325,0.003093,172.31.40.0-255,66,70576,70,291861
3326,0.003229,172.253.118.0-255,1484,72060,70,291861
3327,0.003232,172.31.40.0-255,66,72126,70,291861
3328,0.00564,172.253.118.0-255,4320,76446,70,291861
3329,0.005643,172.31.40.0-255,66,76512,70,291861
3330,0.005755,172.253.118.0-255,1484,77996,70,291861
3331,0.005758,172.31.40.0-255,66,78062,70,291861
3332,0.008186,172.253.118.0-255,4320,82382,70,291861
3333,0.008193,172.31.40.0-255,66,82448,70,291861
3334,0.008296,172.253.118.0-255,1484,83932,70,291861
3335,0.008301,172.31.40.0-255,66,83998,70,291861
3336,0.010754,172.253.118.0-255,4320,88318,70,291861
3337,0.010763,172.31.40.0-255,66,88384,70,291861
3338,0.010858,172.253.118.0-255,1484,89868,70,291861
3339,0.010862,172.31.40.0-255,66,89934,70,291861
3340,0.01332,172.253.118.0-255,4320,94254,70,291861
3341,0.013329,172.31.40.0-255,66,94320,70,291861
3342,0.013392,172.253.118.0-255,1484,95804,70,291861
3343,0.013396,172.31.40.0-255,66,95870,70,291861
3344,0.015894,172.253.118.0-255,4320,100190,70,291861
3345,0.015903,172.31.40.0-255,66,100256,70,291861
3346,0.01593,172.253.118.0-255,1484,101740,70,291861
3347,0.015933,172.31.40.0-255,66,101806,70,291861
3348,0.018477,172.253.118.0-255,4320,106126,70,291861
3349,0.018488,172.31.40.0-255,66,106192,70,291861
3350,0.01851,172.253.118.0-255,1484,107676,70,291861
3351,0.018512,172.31.40.0-255,66,107742,70,291861
3352,0.021074,172.253.118.0-255,5738,113480,70,291861
3353,0.021082,172.31.40.0-255,66,113546,70,291861
3354,0.02254,172.31.40.0-255,172,113718,70,291861
3355,0.022572,172.31.40.0-255,1113,114831,70,291861
3356,0.022633,172.31.40.0-255,1514,116345,70,291861
3357,0.022635,172.31.40.0-255,1330,117675,70,291861
3358,0.023639,172.253.118.0-255,5738,123413,70,291861
3359,0.023646,172.31.40.0-255,66,123479,70,291861
3360,0.024459,104.244.42.0-255,66,123545,70,291861
3361,0.02639,172.253.118.0-255,5738,129283,70,291861
3362,0.026395,172.31.40.0-255,66,129349,70,291861
3363,0.028967,172.253.118.0-255,5738,135087,70,291861
3364,0.028974,172.31.40.0-255,66,135153,70,291861
3365,0.031522,172.253.118.0-255,5738,140891,70,291861
3366,0.031531,172.31.40.0-255,66,140957,70,291861
3367,0.034087,172.253.118.0-255,5738,146695,70,291861
3368,0.034095,172.31.40.0-255,66,146761,70,291861
3369,0.036669,172.253.118.0-255,5738,152499,70,291861
3370,0.036676,172.31.40.0-255,66,152565,70,291861
3371,0.039219,172.253.118.0-255,5738,158303,70,291861
3372,0.039227,172.31.40.0-255,66,158369,70,291861
3373,0.04178,172.253.118.0-255,5738,164107,70,291861
3374,0.041787,172.31.40.0-255,66,164173,70,291861
3375,0.044333,172.253.118.0-255,5738,169911,70,291861
3376,0.04434,172.31.40.0-255,66,169977,70,291861
3377,0.046879,172.253.118.0-255,5738,175715,70,291861
3378,0.046885,172.31.40.0-255,66,175781,70,291861
3379,0.049446,172.253.118.0-255,5738,181519,70,291861
3380,0.049454,172.31.40.0-255,66,181585,70,291861
3381,0.052079,172.253.118.0-255,5738,187323,70,291861
3382,0.052086,172.31.40.0-255,66,187389,70,291861
3383,0.054641,172.253.118.0-255,5738,193127,70,291861
3384,0.054648,172.31.40.0-255,66,193193,70,291861
3385,0.057203,172.253.118.0-255,5738,198931,70,291861
3386,0.057209,172.31.40.0-255,66,198997,70,291861
3387,0.059769,172.253.118.0-255,5738,204735,70,291861
3388,0.059775,172.31.40.0-255,66,204801,70,291861
3389,0.062329,172.253.118.0-255,5738,210539,70,291861
3390,0.062335,172.31.40.0-255,66,210605,70,291861
3391,0.064906,172.253.118.0-255,5738,216343,70,291861
3392,0.064913,172.31.40.0-255,66,216409,70,291861
3393,0.067477,172.253.118.0-255,5738,222147,70,291861
3394,0.067484,172.31.40.0-255,66,222213,70,291861
3395,0.070039,172.253.118.0-255,5738,227951,70,291861
3396,0.070046,172.31.40.0-255,66,228017,70,291861
3397,0.072595,172.253.118.0-255,5738,233755,70,291861
3398,0.072603,172.31.40.0-255,66,233821,70,291861
3399,0.075161,172.253.118.0-255,5738,239559,70,291861
3400,0.075167,172.31.40.0-255,66,239625,70,291861
3401,0.077719,172.253.118.0-255,5738,245363,70,291861
3402,0.077725,172.31.40.0-255,66,245429,70,291861
3403,0.080274,172.253.118.0-255,5738,251167,70,291861
3404,0.08028,172.31.40.0-255,66,251233,70,291861
3405,0.082857,172.253.118.0-255,5738,256971,70,291861
3406,0.082865,172.31.40.0-255,66,257037,70,291861
3407,0.085454,172.253.118.0-255,5738,262775,70,291861
3408,0.085473,172.31.40.0-255,66,262841,70,291861
3409,0.088029,172.253.118.0-255,5738,268579,70,291861
3410,0.088045,172.31.40.0-255,66,268645,70,291861
3411,0.090624,172.253.118.0-255,5738,274383,70,291861
3412,0.090641,172.31.40.0-255,66,274449,70,291861
3413,0.093219,172.253.118.0-255,5738,280187,70,291861
3414,0.093236,172.31.40.0-255,66,280253,70,291861
3415,0.095794,172.253.118.0-255,5738,285991,70,291861
3416,0.095811,172.31.40.0-255,66,286057,70,291861
3417,0.098368,172.253.118.0-255,5738,291795,70,291861
3418,0.098377,172.31.40.0-255,66,291861,70,291861
3419,0.0,74.125.24.0-255,149,149,70,322624
3420,2.2e-05,172.31.40.0-255,66,215,70,322624
3421,2.9e-05,74.125.24.0-255,1484,1699,70,322624
3422,3.4e-05,172.31.40.0-255,66,1765,70,322624
3423,3.9e-05,74.125.24.0-255,2902,4667,70,322624
3424,4.3e-05,172.31.40.0-255,66,4733,70,322624
3425,0.000152,74.125.24.0-255,5738,10471,70,322624
3426,0.000158,172.31.40.0-255,66,10537,70,322624
3427,0.000448,74.125.24.0-255,3455,13992,70,322624
3428,0.000454,172.31.40.0-255,66,14058,70,322624
3429,0.000564,172.31.40.0-255,66,14124,70,322624
3430,0.001002,74.125.24.0-255,5379,19503,70,322624
3431,0.001009,172.31.40.0-255,66,19569,70,322624
3432,0.001252,74.125.24.0-255,9992,29561,70,322624
3433,0.001259,172.31.40.0-255,66,29627,70,322624
3434,0.001291,74.125.24.0-255,6797,36424,70,322624
3435,0.001293,172.31.40.0-255,66,36490,70,322624
3436,0.001907,74.125.24.0-255,1484,37974,70,322624
3437,0.00191,172.31.40.0-255,66,38040,70,322624
3438,0.001975,74.125.24.0-255,2902,40942,70,322624
3439,0.001977,172.31.40.0-255,66,41008,70,322624
3440,0.002082,74.125.24.0-255,1484,42492,70,322624
3441,0.002084,172.31.40.0-255,66,42558,70,322624
3442,0.002097,74.125.24.0-255,4320,46878,70,322624
3443,0.002103,172.31.40.0-255,66,46944,70,322624
3444,0.002325,74.125.24.0-255,8574,55518,70,322624
3445,0.002328,172.31.40.0-255,66,55584,70,322624
3446,0.002356,74.125.24.0-255,5379,60963,70,322624
3447,0.002359,172.31.40.0-255,66,61029,70,322624
3448,0.002887,74.125.24.0-255,2902,63931,70,322624
3449,0.00289,172.31.40.0-255,66,63997,70,322624
3450,0.002973,74.125.24.0-255,2902,66899,70,322624
3451,0.003897,74.125.24.0-255,5738,72637,70,322624
3452,0.003926,74.125.24.0-255,9992,82629,70,322624
3453,0.003946,74.125.24.0-255,7156,89785,70,322624
3454,0.005078,172.31.40.0-255,66,89851,70,322624
3455,0.007434,74.125.24.0-255,1484,91335,70,322624
3456,0.007459,74.125.24.0-255,4320,95655,70,322624
3457,0.007465,172.31.40.0-255,66,95721,70,322624
3458,0.009847,74.125.24.0-255,5738,101459,70,322624
3459,0.009855,172.31.40.0-255,66,101525,70,322624
3460,0.012573,74.125.24.0-255,5738,107263,70,322624
3461,0.012584,172.31.40.0-255,66,107329,70,322624
3462,0.015013,74.125.24.0-255,5738,113067,70,322624
3463,0.015022,172.31.40.0-255,66,113133,70,322624
3464,0.017411,74.125.24.0-255,5738,118871,70,322624
3465,0.017419,172.31.40.0-255,66,118937,70,322624
3466,0.019792,74.125.24.0-255,5738,124675,70,322624
3467,0.019801,172.31.40.0-255,66,124741,70,322624
3468,0.022191,74.125.24.0-255,5738,130479,70,322624
3469,0.0222,172.31.40.0-255,66,130545,70,322624
3470,0.024579,74.125.24.0-255,5738,136283,70,322624
3471,0.024587,172.31.40.0-255,66,136349,70,322624
3472,0.026056,172.31.40.0-255,171,136520,70,322624
3473,0.02609,172.31.40.0-255,1142,137662,70,322624
3474,0.026147,172.31.40.0-255,1514,139176,70,322624
3475,0.026149,172.31.40.0-255,1514,140690,70,322624
3476,0.026173,172.31.40.0-255,820,141510,70,322624
3477,0.026955,74.125.24.0-255,5738,147248,70,322624
3478,0.026962,172.31.40.0-255,66,147314,70,322624
3479,0.027668,104.244.42.0-255,66,147380,70,322624
3480,0.027757,104.244.42.0-255,66,147446,70,322624
3481,0.027863,104.244.42.0-255,66,147512,70,322624
3482,0.027869,104.244.42.0-255,66,147578,70,322624
3483,0.029334,74.125.24.0-255,5738,153316,70,322624
3484,0.029342,172.31.40.0-255,66,153382,70,322624
3485,0.031744,74.125.24.0-255,5738,159120,70,322624
3486,0.031752,172.31.40.0-255,66,159186,70,322624
3487,0.034177,74.125.24.0-255,2902,162088,70,322624
3488,0.034183,172.31.40.0-255,66,162154,70,322624
3489,0.034224,74.125.24.0-255,2902,165056,70,322624
3490,0.034247,172.31.40.0-255,66,165122,70,322624
3491,0.036832,74.125.24.0-255,2902,168024,70,322624
3492,0.036839,172.31.40.0-255,66,168090,70,322624
3493,0.036877,74.125.24.0-255,2902,170992,70,322624
3494,0.036898,172.31.40.0-255,66,171058,70,322624
3495,0.039186,74.125.24.0-255,2902,173960,70,322624
3496,0.039193,172.31.40.0-255,66,174026,70,322624
3497,0.039272,74.125.24.0-255,2902,176928,70,322624
3498,0.039323,172.31.40.0-255,66,176994,70,322624
3499,0.041635,74.125.24.0-255,2902,179896,70,322624
3500,0.041641,172.31.40.0-255,66,179962,70,322624
3501,0.041747,74.125.24.0-255,2902,182864,70,322624
3502,0.041751,172.31.40.0-255,66,182930,70,322624
3503,0.044024,74.125.24.0-255,2902,185832,70,322624
3504,0.044031,172.31.40.0-255,66,185898,70,322624
3505,0.044135,74.125.24.0-255,1484,187382,70,322624
3506,0.04415,74.125.24.0-255,1484,188866,70,322624
3507,0.044154,172.31.40.0-255,66,188932,70,322624
3508,0.046407,74.125.24.0-255,2902,191834,70,322624
3509,0.046413,172.31.40.0-255,66,191900,70,322624
3510,0.046551,74.125.24.0-255,2902,194802,70,322624
3511,0.046648,172.31.40.0-255,66,194868,70,322624
3512,0.048855,74.125.24.0-255,2902,197770,70,322624
3513,0.04886,172.31.40.0-255,66,197836,70,322624
3514,0.049126,74.125.24.0-255,2902,200738,70,322624
3515,0.049131,172.31.40.0-255,66,200804,70,322624
3516,0.051252,74.125.24.0-255,2902,203706,70,322624
3517,0.051257,172.31.40.0-255,66,203772,70,322624
3518,0.0515,74.125.24.0-255,2902,206674,70,322624
3519,0.051504,172.31.40.0-255,66,206740,70,322624
3520,0.053645,74.125.24.0-255,2902,209642,70,322624
3521,0.053651,172.31.40.0-255,66,209708,70,322624
3522,0.053856,74.125.24.0-255,2902,212610,70,322624
3523,0.053862,172.31.40.0-255,66,212676,70,322624
3524,0.05601,74.125.24.0-255,2902,215578,70,322624
3525,0.056017,172.31.40.0-255,66,215644,70,322624
3526,0.056207,74.125.24.0-255,2902,218546,70,322624
3527,0.056213,172.31.40.0-255,66,218612,70,322624
3528,0.05836,74.125.24.0-255,2902,221514,70,322624
3529,0.058366,172.31.40.0-255,66,221580,70,322624
3530,0.05858,74.125.24.0-255,2902,224482,70,322624
3531,0.059675,172.31.40.0-255,66,224548,70,322624
3532,0.060727,74.125.24.0-255,2902,227450,70,322624
3533,0.060734,172.31.40.0-255,66,227516,70,322624
3534,0.062067,74.125.24.0-255,2902,230418,70,322624
3535,0.062073,172.31.40.0-255,66,230484,70,322624
3536,0.063107,74.125.24.0-255,2902,233386,70,322624
3537,0.063113,172.31.40.0-255,66,233452,70,322624
3538,0.064448,74.125.24.0-255,2902,236354,70,322624
3539,0.064454,172.31.40.0-255,66,236420,70,322624
3540,0.065486,74.125.24.0-255,2902,239322,70,322624
3541,0.065492,172.31.40.0-255,66,239388,70,322624
3542,0.066827,74.125.24.0-255,2902,242290,70,322624
3543,0.066833,172.31.40.0-255,66,242356,70,322624
3544,0.067878,74.125.24.0-255,2902,245258,70,322624
3545,0.067885,172.31.40.0-255,66,245324,70,322624
3546,0.069228,74.125.24.0-255,2902,248226,70,322624
3547,0.069234,172.31.40.0-255,66,248292,70,322624
3548,0.07026,74.125.24.0-255,2902,251194,70,322624
3549,0.070266,172.31.40.0-255,66,251260,70,322624
3550,0.071728,74.125.24.0-255,2902,254162,70,322624
3551,0.071734,172.31.40.0-255,66,254228,70,322624
3552,0.072657,74.125.24.0-255,2902,257130,70,322624
3553,0.072663,172.31.40.0-255,66,257196,70,322624
3554,0.074116,74.125.24.0-255,2902,260098,70,322624
3555,0.074123,172.31.40.0-255,66,260164,70,322624
3556,0.075028,74.125.24.0-255,2902,263066,70,322624
3557,0.075034,172.31.40.0-255,66,263132,70,322624
3558,0.076479,74.125.24.0-255,2902,266034,70,322624
3559,0.076486,172.31.40.0-255,66,266100,70,322624
3560,0.07741,74.125.24.0-255,2902,269002,70,322624
3561,0.077417,172.31.40.0-255,66,269068,70,322624
3562,0.078854,74.125.24.0-255,2902,271970,70,322624
3563,0.07886,172.31.40.0-255,66,272036,70,322624
3564,0.079779,74.125.24.0-255,2902,274938,70,322624
3565,0.079785,172.31.40.0-255,66,275004,70,322624
3566,0.081219,74.125.24.0-255,2902,277906,70,322624
3567,0.081226,172.31.40.0-255,66,277972,70,322624
3568,0.082152,74.125.24.0-255,2902,280874,70,322624
3569,0.082158,172.31.40.0-255,66,280940,70,322624
3570,0.083616,74.125.24.0-255,2902,283842,70,322624
3571,0.083623,172.31.40.0-255,66,283908,70,322624
3572,0.084513,74.125.24.0-255,2902,286810,70,322624
3573,0.084519,172.31.40.0-255,66,286876,70,322624
3574,0.085983,74.125.24.0-255,2902,289778,70,322624
3575,0.08599,172.31.40.0-255,66,289844,70,322624
3576,0.08694,74.125.24.0-255,2902,292746,70,322624
3577,0.086946,172.31.40.0-255,66,292812,70,322624
3578,0.08837,74.125.24.0-255,2902,295714,70,322624
3579,0.088376,172.31.40.0-255,66,295780,70,322624
3580,0.089292,74.125.24.0-255,2902,298682,70,322624
3581,0.089298,172.31.40.0-255,66,298748,70,322624
3582,0.090731,74.125.24.0-255,2902,301650,70,322624
3583,0.090738,172.31.40.0-255,66,301716,70,322624
3584,0.091672,74.125.24.0-255,2902,304618,70,322624
3585,0.091679,172.31.40.0-255,66,304684,70,322624
3586,0.093121,74.125.24.0-255,2902,307586,70,322624
3587,0.093126,172.31.40.0-255,66,307652,70,322624
3588,0.094045,74.125.24.0-255,2902,310554,70,322624
3589,0.094051,172.31.40.0-255,66,310620,70,322624
3590,0.095474,74.125.24.0-255,1484,312104,70,322624
3591,0.095492,74.125.24.0-255,1484,313588,70,322624
3592,0.095496,172.31.40.0-255,66,313654,70,322624
3593,0.096402,74.125.24.0-255,1484,315138,70,322624
3594,0.096418,74.125.24.0-255,1484,316622,70,322624
3595,0.096421,172.31.40.0-255,66,316688,70,322624
3596,0.097872,74.125.24.0-255,2902,319590,70,322624
3597,0.097879,172.31.40.0-255,66,319656,70,322624
3598,0.098797,74.125.24.0-255,2902,322558,70,322624
3599,0.098803,172.31.40.0-255,66,322624,70,322624
3600,0.0,172.217.194.0-255,152,152,70,319259
3601,2e-05,172.31.40.0-255,66,218,70,319259
3602,2.7e-05,172.217.194.0-255,1484,1702,70,319259
3603,3e-05,172.31.40.0-255,66,1768,70,319259
3604,3.5e-05,172.217.194.0-255,2902,4670,70,319259
3605,3.7e-05,172.31.40.0-255,66,4736,70,319259
3606,5.1e-05,172.217.194.0-255,7156,11892,70,319259
3607,5.3e-05,172.31.40.0-255,66,11958,70,319259
3608,7.9e-05,172.217.194.0-255,1484,13442,70,319259
3609,8.2e-05,172.31.40.0-255,66,13508,70,319259
3610,0.000103,172.217.194.0-255,657,14165,70,319259
3611,0.000105,172.31.40.0-255,66,14231,70,319259
3612,0.000109,172.217.194.0-255,2902,17133,70,319259
3613,0.000111,172.31.40.0-255,66,17199,70,319259
3614,0.000117,172.217.194.0-255,7156,24355,70,319259
3615,0.000119,172.31.40.0-255,66,24421,70,319259
3616,0.000125,172.217.194.0-255,6797,31218,70,319259
3617,0.000127,172.31.40.0-255,66,31284,70,319259
3618,0.000202,172.217.194.0-255,1484,32768,70,319259
3619,0.000204,172.31.40.0-255,66,32834,70,319259
3620,0.000208,172.217.194.0-255,1484,34318,70,319259
3621,0.000209,172.31.40.0-255,66,34384,70,319259
3622,0.000246,172.217.194.0-255,1484,35868,70,319259
3623,0.000248,172.31.40.0-255,66,35934,70,319259
3624,0.000255,172.217.194.0-255,5738,41672,70,319259
3625,0.000257,172.31.40.0-255,66,41738,70,319259
3626,0.000263,172.217.194.0-255,1484,43222,70,319259
3627,0.000265,172.31.40.0-255,66,43288,70,319259
3628,0.000296,172.217.194.0-255,6797,50085,70,319259
3629,0.000299,172.31.40.0-255,66,50151,70,319259
3630,0.000304,172.217.194.0-255,7156,57307,70,319259
3631,0.000306,172.31.40.0-255,66,57373,70,319259
3632,0.000334,172.217.194.0-255,8491,65864,70,319259
3633,0.000336,172.31.40.0-255,66,65930,70,319259
3634,0.000436,172.217.194.0-255,115,66045,70,319259
3635,0.000454,172.217.194.0-255,383,66428,70,319259
3636,0.000669,172.217.194.0-255,1484,67912,70,319259
3637,0.000674,172.31.40.0-255,66,67978,70,319259
3638,0.00068,172.217.194.0-255,2902,70880,70,319259
3639,0.000682,172.31.40.0-255,66,70946,70,319259
3640,0.000687,172.217.194.0-255,4320,75266,70,319259
3641,0.000689,172.31.40.0-255,66,75332,70,319259
3642,0.000717,172.217.194.0-255,1484,76816,70,319259
3643,0.00073,172.31.40.0-255,66,76882,70,319259
3644,0.000757,172.217.194.0-255,1484,78366,70,319259
3645,0.000767,172.217.194.0-255,10692,89058,70,319259
3646,0.000771,172.31.40.0-255,66,89124,70,319259
3647,0.001164,172.217.194.0-255,1484,90608,70,319259
3648,0.001171,172.217.194.0-255,2902,93510,70,319259
3649,0.001174,172.31.40.0-255,66,93576,70,319259
3650,0.001179,172.217.194.0-255,2902,96478,70,319259
3651,0.001181,172.31.40.0-255,66,96544,70,319259
3652,0.001213,172.217.194.0-255,2902,99446,70,319259
3653,0.001216,172.31.40.0-255,66,99512,70,319259
3654,0.001228,172.31.40.0-255,66,99578,70,319259
3655,0.001249,172.217.194.0-255,1484,101062,70,319259
3656,0.001263,172.217.194.0-255,10692,111754,70,319259
3657,0.001269,172.31.40.0-255,66,111820,70,319259
3658,0.001535,172.217.194.0-255,1484,113304,70,319259
3659,0.00154,172.217.194.0-255,2902,116206,70,319259
3660,0.001543,172.31.40.0-255,66,116272,70,319259
3661,0.00155,172.217.194.0-255,5738,122010,70,319259
3662,0.001552,172.31.40.0-255,66,122076,70,319259
3663,0.001586,172.217.194.0-255,7156,129232,70,319259
3664,0.001588,172.31.40.0-255,66,129298,70,319259
3665,0.00162,172.217.194.0-255,5738,135036,70,319259
3666,0.001623,172.31.40.0-255,66,135102,70,319259
3667,0.001631,172.217.194.0-255,8574,143676,70,319259
3668,0.001633,172.31.40.0-255,66,143742,70,319259
3669,0.001688,172.217.194.0-255,2184,145926,70,319259
3670,0.001691,172.31.40.0-255,66,145992,70,319259
3671,0.001708,172.217.194.0-255,1484,147476,70,319259
3672,0.001713,172.217.194.0-255,2902,150378,70,319259
3673,0.001715,172.31.40.0-255,66,150444,70,319259
3674,0.00172,172.217.194.0-255,4320,154764,70,319259
3675,0.001722,172.31.40.0-255,66,154830,70,319259
3676,0.001743,172.217.194.0-255,1484,156314,70,319259
3677,0.00176,172.31.40.0-255,66,156380,70,319259
3678,0.00177,172.217.194.0-255,9992,166372,70,319259
3679,0.001772,172.31.40.0-255,66,166438,70,319259
3680,0.001798,172.217.194.0-255,766,167204,70,319259
3681,0.002085,172.217.194.0-255,1484,168688,70,319259
3682,0.002089,172.31.40.0-255,66,168754,70,319259
3683,0.002094,172.217.194.0-255,2902,171656,70,319259
3684,0.002096,172.31.40.0-255,66,171722,70,319259
3685,0.00213,172.217.194.0-255,5738,177460,70,319259
3686,0.002134,172.31.40.0-255,66,177526,70,319259
3687,0.002162,172.31.40.0-255,66,177592,70,319259
3688,0.002196,172.217.194.0-255,9992,187584,70,319259
3689,0.002198,172.217.194.0-255,766,188350,70,319259
3690,0.002202,172.31.40.0-255,66,188416,70,319259
3691,0.002294,172.217.194.0-255,1484,189900,70,319259
3692,0.002297,172.31.40.0-255,66,189966,70,319259
3693,0.002327,172.217.194.0-255,2902,192868,70,319259
3694,0.002333,172.217.194.0-255,5738,198606,70,319259
3695,0.002338,172.217.194.0-255,4320,202926,70,319259
3696,0.002339,172.217.194.0-255,1484,204410,70,319259
3697,0.002344,172.31.40.0-255,66,204476,70,319259
3698,0.002367,172.31.40.0-255,66,204542,70,319259
3699,0.002371,172.217.194.0-255,1484,206026,70,319259
3700,0.002398,172.217.194.0-255,5738,211764,70,319259
3701,0.002412,172.217.194.0-255,2902,214666,70,319259
3702,0.002425,172.217.194.0-255,5738,220404,70,319259
3703,0.002436,172.217.194.0-255,2184,222588,70,319259
3704,0.00244,172.217.194.0-255,4320,226908,70,319259
3705,0.002462,172.217.194.0-255,4320,231228,70,319259
3706,0.002469,172.217.194.0-255,8574,239802,70,319259
3707,0.002473,172.217.194.0-255,4320,244122,70,319259
3708,0.002521,172.217.194.0-255,5738,249860,70,319259
3709,0.002543,172.217.194.0-255,6438,256298,70,319259
3710,0.002545,172.217.194.0-255,1484,257782,70,319259
3711,0.002568,172.217.194.0-255,5738,263520,70,319259
3712,0.002596,172.217.194.0-255,9992,273512,70,319259
3713,0.002598,172.217.194.0-255,1484,274996,70,319259
3714,0.002607,172.217.194.0-255,9992,284988,70,319259
3715,0.002621,172.217.194.0-255,5020,290008,70,319259
3716,0.002637,172.217.194.0-255,1484,291492,70,319259
3717,0.002652,172.217.194.0-255,4320,295812,70,319259
3718,0.002664,172.217.194.0-255,2902,298714,70,319259
3719,0.002689,172.217.194.0-255,9992,308706,70,319259
3720,0.002795,172.217.194.0-255,6704,315410,70,319259
3721,0.002798,172.217.194.0-255,105,315515,70,319259
3722,0.006356,172.31.40.0-255,66,315581,70,319259
3723,0.00639,172.31.40.0-255,66,315647,70,319259
3724,0.006394,172.31.40.0-255,66,315713,70,319259
3725,0.006396,172.31.40.0-255,66,315779,70,319259
3726,0.006399,172.31.40.0-255,66,315845,70,319259
3727,0.006401,172.31.40.0-255,66,315911,70,319259
3728,0.006408,172.31.40.0-255,66,315977,70,319259
3729,0.006411,172.31.40.0-255,66,316043,70,319259
3730,0.006414,172.31.40.0-255,66,316109,70,319259
3731,0.006417,172.31.40.0-255,66,316175,70,319259
3732,0.00642,172.31.40.0-255,66,316241,70,319259
3733,0.006423,172.31.40.0-255,66,316307,70,319259
3734,0.006426,172.31.40.0-255,66,316373,70,319259
3735,0.006428,172.31.40.0-255,66,316439,70,319259
3736,0.006433,172.31.40.0-255,66,316505,70,319259
3737,0.006436,172.31.40.0-255,66,316571,70,319259
3738,0.006439,172.31.40.0-255,66,316637,70,319259
3739,0.006442,172.31.40.0-255,66,316703,70,319259
3740,0.006445,172.31.40.0-255,66,316769,70,319259
3741,0.006448,172.31.40.0-255,66,316835,70,319259
3742,0.006452,172.31.40.0-255,66,316901,70,319259
3743,0.006456,172.31.40.0-255,66,316967,70,319259
3744,0.008156,172.31.40.0-255,66,317033,70,319259
3745,0.008192,172.31.40.0-255,105,317138,70,319259
3746,0.010426,172.217.194.0-255,66,317204,70,319259
3747,0.035718,172.31.40.0-255,172,317376,70,319259
3748,0.035746,172.31.40.0-255,1118,318494,70,319259
3749,0.035805,172.31.40.0-255,567,319061,70,319259
3750,0.03731,104.244.42.0-255,66,319127,70,319259
3751,0.037342,104.244.42.0-255,66,319193,70,319259
3752,0.037351,104.244.42.0-255,66,319259,70,319259
3753,0.0,74.125.24.0-255,146,146,70,367536
3754,1.3e-05,172.31.40.0-255,66,212,70,367536
3755,2.1e-05,74.125.24.0-255,1484,1696,70,367536
3756,2.6e-05,172.31.40.0-255,66,1762,70,367536
3757,3.1e-05,74.125.24.0-255,2902,4664,70,367536
3758,3.4e-05,172.31.40.0-255,66,4730,70,367536
3759,4e-05,74.125.24.0-255,5738,10468,70,367536
3760,4.3e-05,172.31.40.0-255,66,10534,70,367536
3761,6.8e-05,74.125.24.0-255,1484,12018,70,367536
3762,7.1e-05,172.31.40.0-255,66,12084,70,367536
3763,7.5e-05,74.125.24.0-255,2103,14187,70,367536
3764,7.7e-05,172.31.40.0-255,66,14253,70,367536
3765,0.000287,74.125.24.0-255,1484,15737,70,367536
3766,0.000293,172.31.40.0-255,66,15803,70,367536
3767,0.000298,74.125.24.0-255,2902,18705,70,367536
3768,0.0003,172.31.40.0-255,66,18771,70,367536
3769,0.000305,74.125.24.0-255,2902,21673,70,367536
3770,0.000306,172.31.40.0-255,66,21739,70,367536
3771,0.000329,74.125.24.0-255,2902,24641,70,367536
3772,0.000332,172.31.40.0-255,66,24707,70,367536
3773,0.00034,74.125.24.0-255,6797,31504,70,367536
3774,0.000342,172.31.40.0-255,66,31570,70,367536
3775,0.000377,172.31.40.0-255,66,31636,70,367536
3776,0.000394,74.125.24.0-255,1484,33120,70,367536
3777,0.000396,172.31.40.0-255,66,33186,70,367536
3778,0.000399,74.125.24.0-255,1484,34670,70,367536
3779,0.000401,172.31.40.0-255,66,34736,70,367536
3780,0.000404,74.125.24.0-255,1125,35861,70,367536
3781,0.000406,172.31.40.0-255,66,35927,70,367536
3782,0.000802,74.125.24.0-255,1484,37411,70,367536
3783,0.000807,172.31.40.0-255,66,37477,70,367536
3784,0.000812,74.125.24.0-255,1484,38961,70,367536
3785,0.000827,74.125.24.0-255,1484,40445,70,367536
3786,0.00083,172.31.40.0-255,66,40511,70,367536
3787,0.000837,74.125.24.0-255,5738,46249,70,367536
3788,0.000839,172.31.40.0-255,66,46315,70,367536
3789,0.000875,74.125.24.0-255,4320,50635,70,367536
3790,0.000878,172.31.40.0-255,66,50701,70,367536
3791,0.0009,74.125.24.0-255,2543,53244,70,367536
3792,0.000902,172.31.40.0-255,66,53310,70,367536
3793,0.000973,74.125.24.0-255,646,53956,70,367536
3794,0.001017,74.125.24.0-255,1484,55440,70,367536
3795,0.001021,172.31.40.0-255,66,55506,70,367536
3796,0.001027,74.125.24.0-255,4320,59826,70,367536
3797,0.001029,172.31.40.0-255,66,59892,70,367536
3798,0.001034,74.125.24.0-255,4320,64212,70,367536
3799,0.001037,172.31.40.0-255,66,64278,70,367536
3800,0.001066,74.125.24.0-255,5738,70016,70,367536
3801,0.001069,172.31.40.0-255,66,70082,70,367536
3802,0.001102,172.31.40.0-255,66,70148,70,367536
3803,0.001122,74.125.24.0-255,5020,75168,70,367536
3804,0.001125,172.31.40.0-255,66,75234,70,367536
3805,0.001196,74.125.24.0-255,1484,76718,70,367536
3806,0.001216,74.125.24.0-255,2902,79620,70,367536
3807,0.001219,172.31.40.0-255,66,79686,70,367536
3808,0.001225,74.125.24.0-255,4320,84006,70,367536
3809,0.001227,172.31.40.0-255,66,84072,70,367536
3810,0.00124,74.125.24.0-255,1484,85556,70,367536
3811,0.001254,172.31.40.0-255,66,85622,70,367536
3812,0.001325,74.125.24.0-255,9992,95614,70,367536
3813,0.001329,172.31.40.0-255,66,95680,70,367536
3814,0.001341,74.125.24.0-255,766,96446,70,367536
3815,0.001359,74.125.24.0-255,1484,97930,70,367536
3816,0.001361,172.31.40.0-255,66,97996,70,367536
3817,0.001366,74.125.24.0-255,2902,100898,70,367536
3818,0.001369,172.31.40.0-255,66,100964,70,367536
3819,0.001397,74.125.24.0-255,4320,105284,70,367536
3820,0.001401,172.31.40.0-255,66,105350,70,367536
3821,0.001407,74.125.24.0-255,5738,111088,70,367536
3822,0.00141,172.31.40.0-255,66,111154,70,367536
3823,0.001419,74.125.24.0-255,9992,121146,70,367536
3824,0.001421,172.31.40.0-255,66,121212,70,367536
3825,0.001453,74.125.24.0-255,1484,122696,70,367536
3826,0.001462,74.125.24.0-255,7856,130552,70,367536
3827,0.001465,172.31.40.0-255,66,130618,70,367536
3828,0.001494,74.125.24.0-255,1484,132102,70,367536
3829,0.001498,74.125.24.0-255,1484,133586,70,367536
3830,0.0015,172.31.40.0-255,66,133652,70,367536
3831,0.001511,74.125.24.0-255,1484,135136,70,367536
3832,0.001543,74.125.24.0-255,4320,139456,70,367536
3833,0.001547,172.31.40.0-255,66,139522,70,367536
3834,0.001562,74.125.24.0-255,5738,145260,70,367536
3835,0.001564,172.31.40.0-255,66,145326,70,367536
3836,0.001569,74.125.24.0-255,4320,149646,70,367536
3837,0.001572,172.31.40.0-255,66,149712,70,367536
3838,0.001593,74.125.24.0-255,7156,156868,70,367536
3839,0.001596,172.31.40.0-255,66,156934,70,367536
3840,0.001603,74.125.24.0-255,7856,164790,70,367536
3841,0.001606,172.31.40.0-255,66,164856,70,367536
3842,0.001645,74.125.24.0-255,1484,166340,70,367536
3843,0.00165,74.125.24.0-255,2902,169242,70,367536
3844,0.001652,172.31.40.0-255,66,169308,70,367536
3845,0.001678,74.125.24.0-255,5738,175046,70,367536
3846,0.001682,172.31.40.0-255,66,175112,70,367536
3847,0.001694,74.125.24.0-255,2902,178014,70,367536
3848,0.001696,172.31.40.0-255,66,178080,70,367536
3849,0.00172,74.125.24.0-255,8574,186654,70,367536
3850,0.001724,172.31.40.0-255,66,186720,70,367536
3851,0.001769,74.125.24.0-255,4320,191040,70,367536
3852,0.001772,172.31.40.0-255,66,191106,70,367536
3853,0.001796,74.125.24.0-255,7856,198962,70,367536
3854,0.001799,172.31.40.0-255,66,199028,70,367536
3855,0.003974,74.125.24.0-255,5738,204766,70,367536
3856,0.003981,172.31.40.0-255,66,204832,70,367536
3857,0.006131,74.125.24.0-255,1484,206316,70,367536
3858,0.006145,74.125.24.0-255,4320,210636,70,367536
3859,0.006148,172.31.40.0-255,66,210702,70,367536
3860,0.008343,74.125.24.0-255,5738,216440,70,367536
3861,0.008349,172.31.40.0-255,66,216506,70,367536
3862,0.010527,74.125.24.0-255,5738,222244,70,367536
3863,0.010535,172.31.40.0-255,66,222310,70,367536
3864,0.012689,74.125.24.0-255,5738,228048,70,367536
3865,0.012697,172.31.40.0-255,66,228114,70,367536
3866,0.014896,74.125.24.0-255,5738,233852,70,367536
3867,0.014905,172.31.40.0-255,66,233918,70,367536
3868,0.017093,74.125.24.0-255,5738,239656,70,367536
3869,0.017101,172.31.40.0-255,66,239722,70,367536
3870,0.019328,74.125.24.0-255,5738,245460,70,367536
3871,0.019335,172.31.40.0-255,66,245526,70,367536
3872,0.021512,74.125.24.0-255,5738,251264,70,367536
3873,0.021518,172.31.40.0-255,66,251330,70,367536
3874,0.023651,74.125.24.0-255,4320,255650,70,367536
3875,0.023657,172.31.40.0-255,66,255716,70,367536
3876,0.023675,74.125.24.0-255,1484,257200,70,367536
3877,0.025826,74.125.24.0-255,4320,261520,70,367536
3878,0.025833,172.31.40.0-255,66,261586,70,367536
3879,0.027989,74.125.24.0-255,5738,267324,70,367536
3880,0.027996,172.31.40.0-255,66,267390,70,367536
3881,0.030192,74.125.24.0-255,5738,273128,70,367536
3882,0.030199,172.31.40.0-255,66,273194,70,367536
3883,0.032423,74.125.24.0-255,5738,278932,70,367536
3884,0.03243,172.31.40.0-255,66,278998,70,367536
3885,0.033147,172.31.40.0-255,172,279170,70,367536
3886,0.033178,172.31.40.0-255,1116,280286,70,367536
3887,0.033236,172.31.40.0-255,1514,281800,70,367536
3888,0.033238,172.31.40.0-255,1514,283314,70,367536
3889,0.033262,172.31.40.0-255,846,284160,70,367536
3890,0.034614,74.125.24.0-255,5738,289898,70,367536
3891,0.034621,172.31.40.0-255,66,289964,70,367536
3892,0.034807,104.244.42.0-255,66,290030,70,367536
3893,0.034867,104.244.42.0-255,66,290096,70,367536
3894,0.034908,104.244.42.0-255,66,290162,70,367536
3895,0.034913,104.244.42.0-255,66,290228,70,367536
3896,0.036762,74.125.24.0-255,4320,294548,70,367536
3897,0.036767,172.31.40.0-255,66,294614,70,367536
3898,0.036787,74.125.24.0-255,1484,296098,70,367536
3899,0.038934,74.125.24.0-255,4320,300418,70,367536
3900,0.038941,172.31.40.0-255,66,300484,70,367536
3901,0.041071,74.125.24.0-255,5738,306222,70,367536
3902,0.041077,172.31.40.0-255,66,306288,70,367536
3903,0.043207,74.125.24.0-255,4320,310608,70,367536
3904,0.043213,172.31.40.0-255,66,310674,70,367536
3905,0.043236,74.125.24.0-255,1484,312158,70,367536
3906,0.045406,74.125.24.0-255,4320,316478,70,367536
3907,0.045412,172.31.40.0-255,66,316544,70,367536
3908,0.047613,74.125.24.0-255,5738,322282,70,367536
3909,0.04762,172.31.40.0-255,66,322348,70,367536
3910,0.049795,74.125.24.0-255,5738,328086,70,367536
3911,0.049802,172.31.40.0-255,66,328152,70,367536
3912,0.052002,74.125.24.0-255,5738,333890,70,367536
3913,0.052007,172.31.40.0-255,66,333956,70,367536
3914,0.054171,74.125.24.0-255,5738,339694,70,367536
3915,0.054178,172.31.40.0-255,66,339760,70,367536
3916,0.05637,74.125.24.0-255,5738,345498,70,367536
3917,0.056377,172.31.40.0-255,66,345564,70,367536
3918,0.058526,74.125.24.0-255,5738,351302,70,367536
3919,0.058532,172.31.40.0-255,66,351368,70,367536
3920,0.060725,74.125.24.0-255,5738,357106,70,367536
3921,0.06073,172.31.40.0-255,66,357172,70,367536
3922,0.062916,74.125.24.0-255,5738,362910,70,367536
3923,0.062921,172.31.40.0-255,66,362976,70,367536
3924,0.065075,74.125.24.0-255,4323,367299,70,367536
3925,0.065082,172.31.40.0-255,66,367365,70,367536
3926,0.065257,172.31.40.0-255,105,367470,70,367536
3927,0.067419,74.125.24.0-255,66,367536,70,367536
3928,0.0,74.125.68.0-255,152,152,70,404998
3929,1.4e-05,172.31.40.0-255,66,218,70,404998
3930,2e-05,74.125.68.0-255,1484,1702,70,404998
3931,2.5e-05,172.31.40.0-255,66,1768,70,404998
3932,2.7e-05,74.125.68.0-255,1484,3252,70,404998
3933,3e-05,172.31.40.0-255,66,3318,70,404998
3934,3.6e-05,74.125.68.0-255,2902,6220,70,404998
3935,4e-05,172.31.40.0-255,66,6286,70,404998
3936,4.5e-05,74.125.68.0-255,4320,10606,70,404998
3937,4.8e-05,172.31.40.0-255,66,10672,70,404998
3938,6.5e-05,74.125.68.0-255,1484,12156,70,404998
3939,6.7e-05,172.31.40.0-255,66,12222,70,404998
3940,7.1e-05,74.125.68.0-255,2063,14285,70,404998
3941,7.4e-05,172.31.40.0-255,66,14351,70,404998
3942,0.000482,74.125.68.0-255,1484,15835,70,404998
3943,0.000487,172.31.40.0-255,66,15901,70,404998
3944,0.000495,74.125.68.0-255,2902,18803,70,404998
3945,0.000497,172.31.40.0-255,66,18869,70,404998
3946,0.000522,74.125.68.0-255,5738,24607,70,404998
3947,0.000525,172.31.40.0-255,66,24673,70,404998
3948,0.00053,74.125.68.0-255,4320,28993,70,404998
3949,0.000532,172.31.40.0-255,66,29059,70,404998
3950,0.000563,74.125.68.0-255,5379,34438,70,404998
3951,0.000567,172.31.40.0-255,66,34504,70,404998
3952,0.00057,74.125.68.0-255,1484,35988,70,404998
3953,0.000572,172.31.40.0-255,66,36054,70,404998
3954,0.000602,74.125.68.0-255,1484,37538,70,404998
3955,0.000604,172.31.40.0-255,66,37604,70,404998
3956,0.000609,74.125.68.0-255,2902,40506,70,404998
3957,0.000611,172.31.40.0-255,66,40572,70,404998
3958,0.000634,74.125.68.0-255,1484,42056,70,404998
3959,0.000636,172.31.40.0-255,66,42122,70,404998
3960,0.000644,74.125.68.0-255,6797,48919,70,404998
3961,0.000646,172.31.40.0-255,66,48985,70,404998
3962,0.000674,74.125.68.0-255,1484,50469,70,404998
3963,0.000693,74.125.68.0-255,2902,53371,70,404998
3964,0.000696,172.31.40.0-255,66,53437,70,404998
3965,0.000711,74.125.68.0-255,2902,56339,70,404998
3966,0.000713,172.31.40.0-255,66,56405,70,404998
3967,0.000725,74.125.68.0-255,2902,59307,70,404998
3968,0.000727,172.31.40.0-255,66,59373,70,404998
3969,0.000732,74.125.68.0-255,4320,63693,70,404998
3970,0.000734,172.31.40.0-255,66,63759,70,404998
3971,0.000772,74.125.68.0-255,2865,66624,70,404998
3972,0.000775,172.31.40.0-255,66,66690,70,404998
3973,0.000826,74.125.68.0-255,2902,69592,70,404998
3974,0.000829,172.31.40.0-255,66,69658,70,404998
3975,0.000848,74.125.68.0-255,1484,71142,70,404998
3976,0.000862,74.125.68.0-255,2902,74044,70,404998
3977,0.000865,172.31.40.0-255,66,74110,70,404998
3978,0.000886,74.125.68.0-255,7156,81266,70,404998
3979,0.000889,172.31.40.0-255,66,81332,70,404998
3980,0.000916,74.125.68.0-255,1484,82816,70,404998
3981,0.00092,74.125.68.0-255,1125,83941,70,404998
3982,0.000923,172.31.40.0-255,66,84007,70,404998
3983,0.000926,74.125.68.0-255,1484,85491,70,404998
3984,0.000931,74.125.68.0-255,4320,89811,70,404998
3985,0.000933,172.31.40.0-255,66,89877,70,404998
3986,0.000941,74.125.68.0-255,9992,99869,70,404998
3987,0.000944,172.31.40.0-255,66,99935,70,404998
3988,0.000946,74.125.68.0-255,1125,101060,70,404998
3989,0.000949,74.125.68.0-255,332,101392,70,404998
3990,0.00144,74.125.68.0-255,1484,102876,70,404998
3991,0.001448,74.125.68.0-255,2902,105778,70,404998
3992,0.001462,74.125.68.0-255,1484,107262,70,404998
3993,0.001472,74.125.68.0-255,2902,110164,70,404998
3994,0.001488,74.125.68.0-255,1484,111648,70,404998
3995,0.001501,74.125.68.0-255,2902,114550,70,404998
3996,0.001514,74.125.68.0-255,1484,116034,70,404998
3997,0.001526,74.125.68.0-255,2902,118936,70,404998
3998,0.001543,74.125.68.0-255,2902,121838,70,404998
3999,0.001564,74.125.68.0-255,2902,124740,70,404998
4000,0.001582,74.125.68.0-255,8574,133314,70,404998
4001,0.001586,74.125.68.0-255,2184,135498,70,404998
4002,0.001778,74.125.68.0-255,1484,136982,70,404998
4003,0.001791,74.125.68.0-255,1484,138466,70,404998
4004,0.001803,74.125.68.0-255,1484,139950,70,404998
4005,0.001814,74.125.68.0-255,2902,142852,70,404998
4006,0.001826,74.125.68.0-255,2902,145754,70,404998
4007,0.001838,74.125.68.0-255,2902,148656,70,404998
4008,0.001854,74.125.68.0-255,5738,154394,70,404998
4009,0.001867,74.125.68.0-255,1484,155878,70,404998
4010,0.001871,74.125.68.0-255,2902,158780,70,404998
4011,0.001886,74.125.68.0-255,8574,167354,70,404998
4012,0.00189,74.125.68.0-255,2184,169538,70,404998
4013,0.003549,172.31.40.0-255,66,169604,70,404998
4014,0.005681,74.125.68.0-255,5738,175342,70,404998
4015,0.005688,172.31.40.0-255,66,175408,70,404998
4016,0.007812,74.125.68.0-255,5738,181146,70,404998
4017,0.007819,172.31.40.0-255,66,181212,70,404998
4018,0.009938,74.125.68.0-255,5738,186950,70,404998
4019,0.009945,172.31.40.0-255,66,187016,70,404998
4020,0.012077,74.125.68.0-255,5738,192754,70,404998
4021,0.012085,172.31.40.0-255,66,192820,70,404998
4022,0.014197,74.125.68.0-255,5738,198558,70,404998
4023,0.014205,172.31.40.0-255,66,198624,70,404998
4024,0.016323,74.125.68.0-255,5738,204362,70,404998
4025,0.016334,172.31.40.0-255,66,204428,70,404998
4026,0.018469,74.125.68.0-255,5738,210166,70,404998
4027,0.018475,172.31.40.0-255,66,210232,70,404998
4028,0.020586,74.125.68.0-255,5738,215970,70,404998
4029,0.020592,172.31.40.0-255,66,216036,70,404998
4030,0.022711,74.125.68.0-255,4320,220356,70,404998
4031,0.022719,172.31.40.0-255,66,220422,70,404998
4032,0.022737,74.125.68.0-255,1484,221906,70,404998
4033,0.024854,74.125.68.0-255,4320,226226,70,404998
4034,0.02486,172.31.40.0-255,66,226292,70,404998
4035,0.025222,172.31.40.0-255,172,226464,70,404998
4036,0.025251,172.31.40.0-255,1116,227580,70,404998
4037,0.025311,172.31.40.0-255,1514,229094,70,404998
4038,0.025313,172.31.40.0-255,1514,230608,70,404998
4039,0.025315,172.31.40.0-255,846,231454,70,404998
4040,0.026912,104.244.42.0-255,66,231520,70,404998
4041,0.026947,104.244.42.0-255,66,231586,70,404998
4042,0.026982,74.125.68.0-255,5738,237324,70,404998
4043,0.026987,172.31.40.0-255,66,237390,70,404998
4044,0.027011,104.244.42.0-255,66,237456,70,404998
4045,0.027015,104.244.42.0-255,66,237522,70,404998
4046,0.029121,74.125.68.0-255,5738,243260,70,404998
4047,0.029127,172.31.40.0-255,66,243326,70,404998
4048,0.031251,74.125.68.0-255,5738,249064,70,404998
4049,0.031258,172.31.40.0-255,66,249130,70,404998
4050,0.033391,74.125.68.0-255,5738,254868,70,404998
4051,0.033397,172.31.40.0-255,66,254934,70,404998
4052,0.035535,74.125.68.0-255,5738,260672,70,404998
4053,0.035542,172.31.40.0-255,66,260738,70,404998
4054,0.037671,74.125.68.0-255,5738,266476,70,404998
4055,0.037676,172.31.40.0-255,66,266542,70,404998
4056,0.03981,74.125.68.0-255,5738,272280,70,404998
4057,0.039816,172.31.40.0-255,66,272346,70,404998
4058,0.041941,74.125.68.0-255,5738,278084,70,404998
4059,0.041946,172.31.40.0-255,66,278150,70,404998
4060,0.044107,74.125.68.0-255,5738,283888,70,404998
4061,0.044114,172.31.40.0-255,66,283954,70,404998
4062,0.046236,74.125.68.0-255,5738,289692,70,404998
4063,0.046242,172.31.40.0-255,66,289758,70,404998
4064,0.048355,74.125.68.0-255,5738,295496,70,404998
4065,0.048361,172.31.40.0-255,66,295562,70,404998
4066,0.050496,74.125.68.0-255,5738,301300,70,404998
4067,0.050501,172.31.40.0-255,66,301366,70,404998
4068,0.052637,74.125.68.0-255,5738,307104,70,404998
4069,0.052644,172.31.40.0-255,66,307170,70,404998
4070,0.054783,74.125.68.0-255,5738,312908,70,404998
4071,0.054789,172.31.40.0-255,66,312974,70,404998
4072,0.056945,74.125.68.0-255,5738,318712,70,404998
4073,0.05695,172.31.40.0-255,66,318778,70,404998
4074,0.059066,74.125.68.0-255,5738,324516,70,404998
4075,0.059071,172.31.40.0-255,66,324582,70,404998
4076,0.061208,74.125.68.0-255,5738,330320,70,404998
4077,0.061214,172.31.40.0-255,66,330386,70,404998
4078,0.063347,74.125.68.0-255,5738,336124,70,404998
4079,0.063357,172.31.40.0-255,66,336190,70,404998
4080,0.065479,74.125.68.0-255,5738,341928,70,404998
4081,0.065485,172.31.40.0-255,66,341994,70,404998
4082,0.067617,74.125.68.0-255,5738,347732,70,404998
4083,0.067623,172.31.40.0-255,66,347798,70,404998
4084,0.069748,74.125.68.0-255,5738,353536,70,404998
4085,0.069753,172.31.40.0-255,66,353602,70,404998
4086,0.071894,74.125.68.0-255,5738,359340,70,404998
4087,0.071901,172.31.40.0-255,66,359406,70,404998
4088,0.074033,74.125.68.0-255,5738,365144,70,404998
4089,0.074039,172.31.40.0-255,66,365210,70,404998
4090,0.076151,74.125.68.0-255,5738,370948,70,404998
4091,0.076158,172.31.40.0-255,66,371014,70,404998
4092,0.078292,74.125.68.0-255,5738,376752,70,404998
4093,0.078299,172.31.40.0-255,66,376818,70,404998
4094,0.080436,74.125.68.0-255,5738,382556,70,404998
4095,0.080442,172.31.40.0-255,66,382622,70,404998
4096,0.082569,74.125.68.0-255,5738,388360,70,404998
4097,0.082575,172.31.40.0-255,66,388426,70,404998
4098,0.0847,74.125.68.0-255,5738,394164,70,404998
4099,0.084705,172.31.40.0-255,66,394230,70,404998
4100,0.08682,74.125.68.0-255,5738,399968,70,404998
4101,0.086827,172.31.40.0-255,66,400034,70,404998
4102,0.088961,74.125.68.0-255,4727,404761,70,404998
4103,0.088968,172.31.40.0-255,66,404827,70,404998
4104,0.089142,172.31.40.0-255,105,404932,70,404998
4105,0.091223,74.125.68.0-255,66,404998,70,404998
4106,0.0,74.125.68.0-255,298,298,70,366557
4107,1.4e-05,172.31.40.0-255,66,364,70,366557
4108,2e-05,74.125.68.0-255,1484,1848,70,366557
4109,2.5e-05,172.31.40.0-255,66,1914,70,366557
4110,4.2e-05,74.125.68.0-255,4320,6234,70,366557
4111,4.6e-05,172.31.40.0-255,66,6300,70,366557
4112,5e-05,74.125.68.0-255,2902,9202,70,366557
4113,5.3e-05,172.31.40.0-255,66,9268,70,366557
4114,7.9e-05,74.125.68.0-255,4320,13588,70,366557
4115,8.2e-05,172.31.40.0-255,66,13654,70,366557
4116,0.000119,74.125.68.0-255,7537,21191,70,366557
4117,0.000122,172.31.40.0-255,66,21257,70,366557
4118,0.000132,74.125.68.0-255,8574,29831,70,366557
4119,0.000134,172.31.40.0-255,66,29897,70,366557
4120,0.000137,74.125.68.0-255,1125,31022,70,366557
4121,0.000139,172.31.40.0-255,66,31088,70,366557
4122,0.000283,74.125.68.0-255,1484,32572,70,366557
4123,0.000287,172.31.40.0-255,66,32638,70,366557
4124,0.000293,74.125.68.0-255,2902,35540,70,366557
4125,0.000295,172.31.40.0-255,66,35606,70,366557
4126,0.000299,74.125.68.0-255,1484,37090,70,366557
4127,0.000301,172.31.40.0-255,66,37156,70,366557
4128,0.000317,74.125.68.0-255,1484,38640,70,366557
4129,0.000319,172.31.40.0-255,66,38706,70,366557
4130,0.000325,74.125.68.0-255,4320,43026,70,366557
4131,0.000327,172.31.40.0-255,66,43092,70,366557
4132,0.000349,74.125.68.0-255,1484,44576,70,366557
4133,0.000352,172.31.40.0-255,66,44642,70,366557
4134,0.000371,74.125.68.0-255,6797,51439,70,366557
4135,0.000373,172.31.40.0-255,66,51505,70,366557
4136,0.000382,74.125.68.0-255,8574,60079,70,366557
4137,0.000385,172.31.40.0-255,66,60145,70,366557
4138,0.000413,74.125.68.0-255,5691,65836,70,366557
4139,0.000416,172.31.40.0-255,66,65902,70,366557
4140,0.000419,74.125.68.0-255,110,66012,70,366557
4141,0.000512,74.125.68.0-255,1484,67496,70,366557
4142,0.000516,172.31.40.0-255,66,67562,70,366557
4143,0.00052,74.125.68.0-255,1484,69046,70,366557
4144,0.000534,74.125.68.0-255,1484,70530,70,366557
4145,0.000537,172.31.40.0-255,66,70596,70,366557
4146,0.000544,74.125.68.0-255,5738,76334,70,366557
4147,0.000547,172.31.40.0-255,66,76400,70,366557
4148,0.000571,74.125.68.0-255,2902,79302,70,366557
4149,0.000573,172.31.40.0-255,66,79368,70,366557
4150,0.000595,74.125.68.0-255,1484,80852,70,366557
4151,0.00062,74.125.68.0-255,2785,83637,70,366557
4152,0.000623,172.31.40.0-255,66,83703,70,366557
4153,0.000643,74.125.68.0-255,1484,85187,70,366557
4154,0.000652,74.125.68.0-255,1484,86671,70,366557
4155,0.000656,74.125.68.0-255,2902,89573,70,366557
4156,0.00066,172.31.40.0-255,66,89639,70,366557
4157,0.000663,172.31.40.0-255,66,89705,70,366557
4158,0.00068,74.125.68.0-255,4320,94025,70,366557
4159,0.000683,172.31.40.0-255,66,94091,70,366557
4160,0.000721,74.125.68.0-255,6797,100888,70,366557
4161,0.000724,172.31.40.0-255,66,100954,70,366557
4162,0.000757,74.125.68.0-255,2902,103856,70,366557
4163,0.000759,172.31.40.0-255,66,103922,70,366557
4164,0.000781,74.125.68.0-255,4320,108242,70,366557
4165,0.000784,172.31.40.0-255,66,108308,70,366557
4166,0.000806,74.125.68.0-255,1484,109792,70,366557
4167,0.00083,74.125.68.0-255,7156,116948,70,366557
4168,0.000834,172.31.40.0-255,66,117014,70,366557
4169,0.000843,74.125.68.0-255,9992,127006,70,366557
4170,0.000846,172.31.40.0-255,66,127072,70,366557
4171,0.000875,74.125.68.0-255,7856,134928,70,366557
4172,0.000887,172.31.40.0-255,66,134994,70,366557
4173,0.001039,74.125.68.0-255,1484,136478,70,366557
4174,0.001046,74.125.68.0-255,2902,139380,70,366557
4175,0.001049,172.31.40.0-255,66,139446,70,366557
4176,0.001084,74.125.68.0-255,1484,140930,70,366557
4177,0.001088,74.125.68.0-255,1484,142414,70,366557
4178,0.00109,172.31.40.0-255,66,142480,70,366557
4179,0.001106,74.125.68.0-255,1484,143964,70,366557
4180,0.001108,74.125.68.0-255,1484,145448,70,366557
4181,0.00111,172.31.40.0-255,66,145514,70,366557
4182,0.001135,74.125.68.0-255,4320,149834,70,366557
4183,0.001137,172.31.40.0-255,66,149900,70,366557
4184,0.001145,74.125.68.0-255,7156,157056,70,366557
4185,0.001158,172.31.40.0-255,66,157122,70,366557
4186,0.00117,74.125.68.0-255,2902,160024,70,366557
4187,0.001189,74.125.68.0-255,9274,169298,70,366557
4188,0.001205,172.31.40.0-255,66,169364,70,366557
4189,0.001249,74.125.68.0-255,1484,170848,70,366557
4190,0.001263,74.125.68.0-255,2902,173750,70,366557
4191,0.001268,172.31.40.0-255,66,173816,70,366557
4192,0.001281,74.125.68.0-255,4320,178136,70,366557
4193,0.001303,74.125.68.0-255,4320,182456,70,366557
4194,0.001306,172.31.40.0-255,66,182522,70,366557
4195,0.001312,172.31.40.0-255,66,182588,70,366557
4196,0.001329,74.125.68.0-255,4320,186908,70,366557
4197,0.001336,74.125.68.0-255,5738,192646,70,366557
4198,0.00134,74.125.68.0-255,4320,196966,70,366557
4199,0.001355,74.125.68.0-255,2902,199868,70,366557
4200,0.001362,172.31.40.0-255,66,199934,70,366557
4201,0.001371,74.125.68.0-255,3602,203536,70,366557
4202,0.001376,172.31.40.0-255,66,203602,70,366557
4203,0.001417,74.125.68.0-255,4320,207922,70,366557
4204,0.00144,74.125.68.0-255,5738,213660,70,366557
4205,0.001459,172.31.40.0-255,66,213726,70,366557
4206,0.001471,74.125.68.0-255,4320,218046,70,366557
4207,0.001487,172.31.40.0-255,66,218112,70,366557
4208,0.0015,74.125.68.0-255,7156,225268,70,366557
4209,0.001504,74.125.68.0-255,4320,229588,70,366557
4210,0.00151,172.31.40.0-255,66,229654,70,366557
4211,0.001547,74.125.68.0-255,7856,237510,70,366557
4212,0.001554,172.31.40.0-255,66,237576,70,366557
4213,0.00167,74.125.68.0-255,1484,239060,70,366557
4214,0.001674,74.125.68.0-255,1484,240544,70,366557
4215,0.001685,74.125.68.0-255,2902,243446,70,366557
4216,0.001694,172.31.40.0-255,66,243512,70,366557
4217,0.001721,74.125.68.0-255,5738,249250,70,366557
4218,0.001741,74.125.68.0-255,5738,254988,70,366557
4219,0.001745,172.31.40.0-255,66,255054,70,366557
4220,0.001761,74.125.68.0-255,7156,262210,70,366557
4221,0.001764,172.31.40.0-255,66,262276,70,366557
4222,0.001797,172.31.40.0-255,66,262342,70,366557
4223,0.001806,74.125.68.0-255,9274,271616,70,366557
4224,0.001845,172.31.40.0-255,66,271682,70,366557
4225,0.001878,74.125.68.0-255,1484,273166,70,366557
4226,0.001899,74.125.68.0-255,2902,276068,70,366557
4227,0.001902,74.125.68.0-255,1484,277552,70,366557
4228,0.001915,74.125.68.0-255,4320,281872,70,366557
4229,0.001942,74.125.68.0-255,7156,289028,70,366557
4230,0.001957,74.125.68.0-255,4320,293348,70,366557
4231,0.00196,172.31.40.0-255,66,293414,70,366557
4232,0.001965,172.31.40.0-255,66,293480,70,366557
4233,0.001994,74.125.68.0-255,8574,302054,70,366557
4234,0.002,172.31.40.0-255,66,302120,70,366557
4235,0.002009,74.125.68.0-255,2902,305022,70,366557
4236,0.002013,172.31.40.0-255,66,305088,70,366557
4237,0.002047,74.125.68.0-255,5020,310108,70,366557
4238,0.00205,74.125.68.0-255,1484,311592,70,366557
4239,0.002066,74.125.68.0-255,4320,315912,70,366557
4240,0.002075,172.31.40.0-255,66,315978,70,366557
4241,0.00209,74.125.68.0-255,4320,320298,70,366557
4242,0.002099,172.31.40.0-255,66,320364,70,366557
4243,0.002119,74.125.68.0-255,5738,326102,70,366557
4244,0.002125,172.31.40.0-255,66,326168,70,366557
4245,0.002139,74.125.68.0-255,9992,336160,70,366557
4246,0.002151,74.125.68.0-255,1484,337644,70,366557
4247,0.002156,74.125.68.0-255,2184,339828,70,366557
4248,0.002172,172.31.40.0-255,66,339894,70,366557
4249,0.002194,74.125.68.0-255,2902,342796,70,366557
4250,0.002228,172.31.40.0-255,66,342862,70,366557
4251,0.002249,74.125.68.0-255,4320,347182,70,366557
4252,0.002263,172.31.40.0-255,66,347248,70,366557
4253,0.002299,74.125.68.0-255,1484,348732,70,366557
4254,0.002319,74.125.68.0-255,10692,359424,70,366557
4255,0.002326,172.31.40.0-255,66,359490,70,366557
4256,0.002346,74.125.68.0-255,962,360452,70,366557
4257,0.002349,74.125.68.0-255,97,360549,70,366557
4258,0.002368,172.31.40.0-255,66,360615,70,366557
4259,0.004647,74.125.68.0-255,105,360720,70,366557
4260,0.01171,172.31.40.0-255,66,360786,70,366557
4261,0.011762,172.31.40.0-255,105,360891,70,366557
4262,0.014067,74.125.68.0-255,66,360957,70,366557
4263,0.032339,172.31.40.0-255,172,361129,70,366557
4264,0.032372,172.31.40.0-255,1116,362245,70,366557
4265,0.032431,172.31.40.0-255,1514,363759,70,366557
4266,0.032433,172.31.40.0-255,1514,365273,70,366557
4267,0.032457,172.31.40.0-255,846,366119,70,366557
4268,0.033861,104.244.42.0-255,66,366185,70,366557
4269,0.033879,104.244.42.0-255,66,366251,70,366557
4270,0.033951,104.244.42.0-255,66,366317,70,366557
4271,0.033954,104.244.42.0-255,66,366383,70,366557
4272,0.03461,104.244.42.0-255,108,366491,70,366557
4273,0.034619,172.31.40.0-255,66,366557,70,366557
4274,0.0,172.217.194.0-255,152,152,70,271513
4275,2.3e-05,172.31.40.0-255,66,218,70,271513
4276,3e-05,172.217.194.0-255,1484,1702,70,271513
4277,3.4e-05,172.31.40.0-255,66,1768,70,271513
4278,3.9e-05,172.217.194.0-255,2902,4670,70,271513
4279,5.3e-05,172.31.40.0-255,66,4736,70,271513
4280,6.1e-05,172.217.194.0-255,7156,11892,70,271513
4281,6.4e-05,172.31.40.0-255,66,11958,70,271513
4282,7.3e-05,172.217.194.0-255,8574,20532,70,271513
4283,7.6e-05,172.31.40.0-255,66,20598,70,271513
4284,0.000107,172.217.194.0-255,2097,22695,70,271513
4285,0.000109,172.31.40.0-255,66,22761,70,271513
4286,0.000139,172.217.194.0-255,8215,30976,70,271513
4287,0.000142,172.31.40.0-255,66,31042,70,271513
4288,0.000177,172.217.194.0-255,1484,32526,70,271513
4289,0.000179,172.31.40.0-255,66,32592,70,271513
4290,0.000184,172.217.194.0-255,2902,35494,70,271513
4291,0.000185,172.31.40.0-255,66,35560,70,271513
4292,0.000188,172.217.194.0-255,1484,37044,70,271513
4293,0.000191,172.31.40.0-255,66,37110,70,271513
4294,0.000228,172.217.194.0-255,4320,41430,70,271513
4295,0.000231,172.31.40.0-255,66,41496,70,271513
4296,0.000238,172.217.194.0-255,6797,48293,70,271513
4297,0.00024,172.31.40.0-255,66,48359,70,271513
4298,0.000248,172.217.194.0-255,7156,55515,70,271513
4299,0.00025,172.31.40.0-255,66,55581,70,271513
4300,0.000287,172.217.194.0-255,9943,65524,70,271513
4301,0.00029,172.31.40.0-255,66,65590,70,271513
4302,0.000293,172.217.194.0-255,375,65965,70,271513
4303,0.000295,172.31.40.0-255,66,66031,70,271513
4304,0.000495,172.217.194.0-255,1484,67515,70,271513
4305,0.000501,172.31.40.0-255,66,67581,70,271513
4306,0.000506,172.217.194.0-255,2902,70483,70,271513
4307,0.000508,172.31.40.0-255,66,70549,70,271513
4308,0.00054,172.217.194.0-255,4320,74869,70,271513
4309,0.000543,172.31.40.0-255,66,74935,70,271513
4310,0.00055,172.217.194.0-255,5738,80673,70,271513
4311,0.000552,172.31.40.0-255,66,80739,70,271513
4312,0.000568,172.31.40.0-255,66,80805,70,271513
4313,0.000598,172.217.194.0-255,1484,82289,70,271513
4314,0.000624,172.217.194.0-255,6438,88727,70,271513
4315,0.000627,172.31.40.0-255,66,88793,70,271513
4316,0.000902,172.217.194.0-255,1484,90277,70,271513
4317,0.000918,172.217.194.0-255,2902,93179,70,271513
4318,0.000921,172.31.40.0-255,66,93245,70,271513
4319,0.000928,172.217.194.0-255,5738,98983,70,271513
4320,0.00093,172.31.40.0-255,66,99049,70,271513
4321,0.000978,172.31.40.0-255,66,99115,70,271513
4322,0.000989,172.217.194.0-255,10692,109807,70,271513
4323,0.000991,172.31.40.0-255,66,109873,70,271513
4324,0.001167,172.217.194.0-255,1484,111357,70,271513
4325,0.001173,172.217.194.0-255,2902,114259,70,271513
4326,0.001176,172.31.40.0-255,66,114325,70,271513
4327,0.001181,172.217.194.0-255,2902,117227,70,271513
4328,0.001183,172.31.40.0-255,66,117293,70,271513
4329,0.001212,172.217.194.0-255,2902,120195,70,271513
4330,0.001215,172.31.40.0-255,66,120261,70,271513
4331,0.001227,172.31.40.0-255,66,120327,70,271513
4332,0.001252,172.217.194.0-255,1484,121811,70,271513
4333,0.001262,172.217.194.0-255,10692,132503,70,271513
4334,0.001279,172.31.40.0-255,66,132569,70,271513
4335,0.001282,172.217.194.0-255,1484,134053,70,271513
4336,0.001286,172.217.194.0-255,2902,136955,70,271513
4337,0.001288,172.31.40.0-255,66,137021,70,271513
4338,0.001323,172.217.194.0-255,5738,142759,70,271513
4339,0.001328,172.31.40.0-255,66,142825,70,271513
4340,0.001336,172.217.194.0-255,9992,152817,70,271513
4341,0.001339,172.31.40.0-255,66,152883,70,271513
4342,0.001363,172.217.194.0-255,2902,155785,70,271513
4343,0.001366,172.31.40.0-255,66,155851,70,271513
4344,0.001371,172.217.194.0-255,5738,161589,70,271513
4345,0.001374,172.31.40.0-255,66,161655,70,271513
4346,0.001416,172.217.194.0-255,9274,170929,70,271513
4347,0.00142,172.31.40.0-255,66,170995,70,271513
4348,0.001429,172.217.194.0-255,9992,180987,70,271513
4349,0.001431,172.31.40.0-255,66,181053,70,271513
4350,0.001489,172.217.194.0-255,2902,183955,70,271513
4351,0.001492,172.31.40.0-255,66,184021,70,271513
4352,0.001532,172.31.40.0-255,66,184087,70,271513
4353,0.001582,172.31.40.0-255,66,184153,70,271513
4354,0.001596,172.31.40.0-255,66,184219,70,271513
4355,0.002023,172.217.194.0-255,1484,185703,70,271513
4356,0.002049,172.217.194.0-255,2902,188605,70,271513
4357,0.002054,172.31.40.0-255,66,188671,70,271513
4358,0.002061,172.217.194.0-255,5738,194409,70,271513
4359,0.002063,172.31.40.0-255,66,194475,70,271513
4360,0.002098,172.217.194.0-255,1484,195959,70,271513
4361,0.002126,172.217.194.0-255,1484,197443,70,271513
4362,0.002128,172.31.40.0-255,66,197509,70,271513
4363,0.002139,172.217.194.0-255,9992,207501,70,271513
4364,0.002141,172.31.40.0-255,66,207567,70,271513
4365,0.002151,172.217.194.0-255,10692,218259,70,271513
4366,0.002153,172.31.40.0-255,66,218325,70,271513
4367,0.00218,172.217.194.0-255,1484,219809,70,271513
4368,0.002186,172.217.194.0-255,2902,222711,70,271513
4369,0.002188,172.31.40.0-255,66,222777,70,271513
4370,0.002192,172.217.194.0-255,1484,224261,70,271513
4371,0.002217,172.217.194.0-255,4320,228581,70,271513
4372,0.002219,172.31.40.0-255,66,228647,70,271513
4373,0.002228,172.217.194.0-255,9992,238639,70,271513
4374,0.00223,172.31.40.0-255,66,238705,70,271513
4375,0.002253,172.217.194.0-255,1484,240189,70,271513
4376,0.002288,172.31.40.0-255,66,240255,70,271513
4377,0.002301,172.31.40.0-255,66,240321,70,271513
4378,0.002343,172.217.194.0-255,9992,250313,70,271513
4379,0.002346,172.31.40.0-255,66,250379,70,271513
4380,0.002379,172.217.194.0-255,7856,258235,70,271513
4381,0.002382,172.31.40.0-255,66,258301,70,271513
4382,0.002404,172.31.40.0-255,66,258367,70,271513
4383,0.002413,172.217.194.0-255,7312,265679,70,271513
4384,0.002435,172.217.194.0-255,105,265784,70,271513
4385,0.002439,172.31.40.0-255,66,265850,70,271513
4386,0.004522,172.31.40.0-255,66,265916,70,271513
4387,0.004558,172.31.40.0-255,105,266021,70,271513
4388,0.007086,172.217.194.0-255,66,266087,70,271513
4389,0.035353,172.31.40.0-255,172,266259,70,271513
4390,0.035385,172.31.40.0-255,1116,267375,70,271513
4391,0.035449,172.31.40.0-255,1514,268889,70,271513
4392,0.035451,172.31.40.0-255,1514,270403,70,271513
4393,0.035476,172.31.40.0-255,846,271249,70,271513
4394,0.036881,104.244.42.0-255,66,271315,70,271513
4395,0.036942,104.244.42.0-255,66,271381,70,271513
4396,0.037039,104.244.42.0-255,66,271447,70,271513
4397,0.037043,104.244.42.0-255,66,271513,70,271513
4398,0.0,172.217.194.0-255,148,148,70,373566
4399,2.3e-05,172.31.40.0-255,66,214,70,373566
4400,3.1e-05,172.217.194.0-255,1484,1698,70,373566
4401,3.5e-05,172.31.40.0-255,66,1764,70,373566
4402,4e-05,172.217.194.0-255,2902,4666,70,373566
4403,5.1e-05,172.31.40.0-255,66,4732,70,373566
4404,5.8e-05,172.217.194.0-255,7156,11888,70,373566
4405,6.2e-05,172.31.40.0-255,66,11954,70,373566
4406,0.000109,172.217.194.0-255,2094,14048,70,373566
4407,0.000111,172.31.40.0-255,66,14114,70,373566
4408,0.000117,172.217.194.0-255,2902,17016,70,373566
4409,0.000119,172.31.40.0-255,66,17082,70,373566
4410,0.000148,172.217.194.0-255,2902,19984,70,373566
4411,0.00015,172.31.40.0-255,66,20050,70,373566
4412,0.000167,172.217.194.0-255,4320,24370,70,373566
4413,0.000169,172.31.40.0-255,66,24436,70,373566
4414,0.000205,172.217.194.0-255,1484,25920,70,373566
4415,0.000207,172.31.40.0-255,66,25986,70,373566
4416,0.00022,172.217.194.0-255,5379,31365,70,373566
4417,0.000226,172.31.40.0-255,66,31431,70,373566
4418,0.000279,172.217.194.0-255,2902,34333,70,373566
4419,0.000282,172.31.40.0-255,66,34399,70,373566
4420,0.000298,172.217.194.0-255,4320,38719,70,373566
4421,0.0003,172.31.40.0-255,66,38785,70,373566
4422,0.000366,172.217.194.0-255,2902,41687,70,373566
4423,0.000369,172.31.40.0-255,66,41753,70,373566
4424,0.000398,172.217.194.0-255,8574,50327,70,373566
4425,0.0004,172.31.40.0-255,66,50393,70,373566
4426,0.000417,172.217.194.0-255,3961,54354,70,373566
4427,0.000419,172.31.40.0-255,66,54420,70,373566
4428,0.00052,172.217.194.0-255,5738,60158,70,373566
4429,0.000523,172.31.40.0-255,66,60224,70,373566
4430,0.000547,172.217.194.0-255,5379,65603,70,373566
4431,0.000571,172.217.194.0-255,357,65960,70,373566
4432,0.000583,172.217.194.0-255,386,66346,70,373566
4433,0.000598,172.31.40.0-255,66,66412,70,373566
4434,0.000913,172.217.194.0-255,1484,67896,70,373566
4435,0.000918,172.217.194.0-255,2902,70798,70,373566
4436,0.000921,172.31.40.0-255,66,70864,70,373566
4437,0.000952,172.217.194.0-255,5738,76602,70,373566
4438,0.000968,172.31.40.0-255,66,76668,70,373566
4439,0.000993,172.217.194.0-255,1484,78152,70,373566
4440,0.001012,172.217.194.0-255,5738,83890,70,373566
4441,0.001026,172.31.40.0-255,66,83956,70,373566
4442,0.001062,172.217.194.0-255,5738,89694,70,373566
4443,0.001083,172.31.40.0-255,66,89760,70,373566
4444,0.001092,172.217.194.0-255,8574,98334,70,373566
4445,0.001102,172.31.40.0-255,66,98400,70,373566
4446,0.001207,172.217.194.0-255,2184,100584,70,373566
4447,0.001211,172.31.40.0-255,66,100650,70,373566
4448,0.00212,172.217.194.0-255,1484,102134,70,373566
4449,0.002132,172.217.194.0-255,2902,105036,70,373566
4450,0.002136,172.31.40.0-255,66,105102,70,373566
4451,0.002145,172.217.194.0-255,5738,110840,70,373566
4452,0.002199,172.217.194.0-255,5738,116578,70,373566
4453,0.002222,172.217.194.0-255,7156,123734,70,373566
4454,0.002327,172.217.194.0-255,2902,126636,70,373566
4455,0.002338,172.217.194.0-255,2902,129538,70,373566
4456,0.002352,172.217.194.0-255,5020,134558,70,373566
4457,0.002421,172.217.194.0-255,1484,136042,70,373566
4458,0.002439,172.217.194.0-255,2902,138944,70,373566
4459,0.002466,172.217.194.0-255,1484,140428,70,373566
4460,0.002479,172.217.194.0-255,4320,144748,70,373566
4461,0.002526,172.217.194.0-255,7156,151904,70,373566
4462,0.002542,172.217.194.0-255,5738,157642,70,373566
4463,0.002647,172.217.194.0-255,1484,159126,70,373566
4464,0.002669,172.217.194.0-255,5738,164864,70,373566
4465,0.008087,172.31.40.0-255,66,164930,70,373566
4466,0.010559,172.217.194.0-255,5738,170668,70,373566
4467,0.01057,172.31.40.0-255,66,170734,70,373566
4468,0.013065,172.217.194.0-255,5738,176472,70,373566
4469,0.013076,172.31.40.0-255,66,176538,70,373566
4470,0.015575,172.217.194.0-255,5738,182276,70,373566
4471,0.017833,172.31.40.0-255,66,182342,70,373566
4472,0.020373,172.217.194.0-255,5738,188080,70,373566
4473,0.020386,172.31.40.0-255,66,188146,70,373566
4474,0.022868,172.217.194.0-255,5738,193884,70,373566
4475,0.022875,172.31.40.0-255,66,193950,70,373566
4476,0.025318,172.217.194.0-255,5738,199688,70,373566
4477,0.025325,172.31.40.0-255,66,199754,70,373566
4478,0.027779,172.217.194.0-255,5738,205492,70,373566
4479,0.027786,172.31.40.0-255,66,205558,70,373566
4480,0.028203,172.31.40.0-255,176,205734,70,373566
4481,0.028233,172.31.40.0-255,1118,206852,70,373566
4482,0.028308,172.31.40.0-255,1514,208366,70,373566
4483,0.02831,172.31.40.0-255,1514,209880,70,373566
4484,0.028336,172.31.40.0-255,844,210724,70,373566
4485,0.029846,104.244.42.0-255,66,210790,70,373566
4486,0.029907,104.244.42.0-255,66,210856,70,373566
4487,0.029996,104.244.42.0-255,66,210922,70,373566
4488,0.03,104.244.42.0-255,66,210988,70,373566
4489,0.030244,172.217.194.0-255,1484,212472,70,373566
4490,0.030261,172.217.194.0-255,4320,216792,70,373566
4491,0.030266,172.31.40.0-255,66,216858,70,373566
4492,0.032724,172.217.194.0-255,5738,222596,70,373566
4493,0.032729,172.31.40.0-255,66,222662,70,373566
4494,0.035215,172.217.194.0-255,5738,228400,70,373566
4495,0.03522,172.31.40.0-255,66,228466,70,373566
4496,0.037676,172.217.194.0-255,5738,234204,70,373566
4497,0.037686,172.31.40.0-255,66,234270,70,373566
4498,0.040231,172.217.194.0-255,5738,240008,70,373566
4499,0.040238,172.31.40.0-255,66,240074,70,373566
4500,0.042722,172.217.194.0-255,5738,245812,70,373566
4501,0.042729,172.31.40.0-255,66,245878,70,373566
4502,0.045253,172.217.194.0-255,5738,251616,70,373566
4503,0.045259,172.31.40.0-255,66,251682,70,373566
4504,0.047707,172.217.194.0-255,5738,257420,70,373566
4505,0.047714,172.31.40.0-255,66,257486,70,373566
4506,0.050216,172.217.194.0-255,5738,263224,70,373566
4507,0.050223,172.31.40.0-255,66,263290,70,373566
4508,0.052696,172.217.194.0-255,5738,269028,70,373566
4509,0.052704,172.31.40.0-255,66,269094,70,373566
4510,0.05525,172.217.194.0-255,5738,274832,70,373566
4511,0.055256,172.31.40.0-255,66,274898,70,373566
4512,0.057724,172.217.194.0-255,5738,280636,70,373566
4513,0.057731,172.31.40.0-255,66,280702,70,373566
4514,0.060235,172.217.194.0-255,5738,286440,70,373566
4515,0.060241,172.31.40.0-255,66,286506,70,373566
4516,0.062752,172.217.194.0-255,5738,292244,70,373566
4517,0.062758,172.31.40.0-255,66,292310,70,373566
4518,0.065236,172.217.194.0-255,5738,298048,70,373566
4519,0.065242,172.31.40.0-255,66,298114,70,373566
4520,0.067719,172.217.194.0-255,5738,303852,70,373566
4521,0.067727,172.31.40.0-255,66,303918,70,373566
4522,0.070236,172.217.194.0-255,5738,309656,70,373566
4523,0.070246,172.31.40.0-255,66,309722,70,373566
4524,0.072693,172.217.194.0-255,5738,315460,70,373566
4525,0.072699,172.31.40.0-255,66,315526,70,373566
4526,0.075208,172.217.194.0-255,5738,321264,70,373566
4527,0.075215,172.31.40.0-255,66,321330,70,373566
4528,0.077712,172.217.194.0-255,5738,327068,70,373566
4529,0.077719,172.31.40.0-255,66,327134,70,373566
4530,0.080205,172.217.194.0-255,5738,332872,70,373566
4531,0.08021,172.31.40.0-255,66,332938,70,373566
4532,0.082707,172.217.194.0-255,5738,338676,70,373566
4533,0.082713,172.31.40.0-255,66,338742,70,373566
4534,0.085229,172.217.194.0-255,5738,344480,70,373566
4535,0.085236,172.31.40.0-255,66,344546,70,373566
4536,0.0877,172.217.194.0-255,5738,350284,70,373566
4537,0.087706,172.31.40.0-255,66,350350,70,373566
4538,0.090168,172.217.194.0-255,5738,356088,70,373566
4539,0.090174,172.31.40.0-255,66,356154,70,373566
4540,0.092655,172.217.194.0-255,5738,361892,70,373566
4541,0.092661,172.31.40.0-255,66,361958,70,373566
4542,0.095138,172.217.194.0-255,5738,367696,70,373566
4543,0.095146,172.31.40.0-255,66,367762,70,373566
4544,0.097656,172.217.194.0-255,5738,373500,70,373566
4545,0.097662,172.31.40.0-255,66,373566,70,373566
4546,0.0,74.125.24.0-255,146,146,70,394512
4547,3.1e-05,172.31.40.0-255,66,212,70,394512
4548,3.8e-05,74.125.24.0-255,1484,1696,70,394512
4549,4.3e-05,172.31.40.0-255,66,1762,70,394512
4550,4.8e-05,74.125.24.0-255,2902,4664,70,394512
4551,5.1e-05,172.31.40.0-255,66,4730,70,394512
4552,7.5e-05,74.125.24.0-255,7156,11886,70,394512
4553,7.8e-05,172.31.40.0-255,66,11952,70,394512
4554,8.2e-05,74.125.24.0-255,2101,14053,70,394512
4555,8.5e-05,172.31.40.0-255,66,14119,70,394512
4556,0.00012,74.125.24.0-255,2902,17021,70,394512
4557,0.000123,172.31.40.0-255,66,17087,70,394512
4558,0.000148,74.125.24.0-255,8574,25661,70,394512
4559,0.000151,172.31.40.0-255,66,25727,70,394512
4560,0.000159,74.125.24.0-255,8574,34301,70,394512
4561,0.000162,172.31.40.0-255,66,34367,70,394512
4562,0.000192,74.125.24.0-255,4320,38687,70,394512
4563,0.000195,172.31.40.0-255,66,38753,70,394512
4564,0.000203,74.125.24.0-255,9274,48027,70,394512
4565,0.000206,172.31.40.0-255,66,48093,70,394512
4566,0.000269,74.125.24.0-255,1484,49577,70,394512
4567,0.000272,172.31.40.0-255,66,49643,70,394512
4568,0.000276,74.125.24.0-255,1484,51127,70,394512
4569,0.000277,172.31.40.0-255,66,51193,70,394512
4570,0.000302,74.125.24.0-255,1484,52677,70,394512
4571,0.000305,172.31.40.0-255,66,52743,70,394512
4572,0.000312,74.125.24.0-255,5738,58481,70,394512
4573,0.000315,172.31.40.0-255,66,58547,70,394512
4574,0.000342,74.125.24.0-255,7094,65641,70,394512
4575,0.000346,172.31.40.0-255,66,65707,70,394512
4576,0.000421,74.125.24.0-255,380,66087,70,394512
4577,0.000427,172.31.40.0-255,66,66153,70,394512
4578,0.000705,74.125.24.0-255,1484,67637,70,394512
4579,0.000722,74.125.24.0-255,2902,70539,70,394512
4580,0.000726,172.31.40.0-255,66,70605,70,394512
4581,0.000746,74.125.24.0-255,2902,73507,70,394512
4582,0.000749,172.31.40.0-255,66,73573,70,394512
4583,0.000761,74.125.24.0-255,2902,76475,70,394512
4584,0.000764,172.31.40.0-255,66,76541,70,394512
4585,0.000786,74.125.24.0-255,2902,79443,70,394512
4586,0.00079,172.31.40.0-255,66,79509,70,394512
4587,0.000815,74.125.24.0-255,7156,86665,70,394512
4588,0.000819,74.125.24.0-255,2902,89567,70,394512
4589,0.000819,172.31.40.0-255,66,89633,70,394512
4590,0.000822,172.31.40.0-255,66,89699,70,394512
4591,0.000841,74.125.24.0-255,8574,98273,70,394512
4592,0.000844,172.31.40.0-255,66,98339,70,394512
4593,0.000848,74.125.24.0-255,2184,100523,70,394512
4594,0.00085,172.31.40.0-255,66,100589,70,394512
4595,0.001026,74.125.24.0-255,1484,102073,70,394512
4596,0.001032,74.125.24.0-255,2902,104975,70,394512
4597,0.001035,172.31.40.0-255,66,105041,70,394512
4598,0.001062,74.125.24.0-255,1484,106525,70,394512
4599,0.001077,74.125.24.0-255,4320,110845,70,394512
4600,0.00108,172.31.40.0-255,66,110911,70,394512
4601,0.001083,74.125.24.0-255,1484,112395,70,394512
4602,0.001102,74.125.24.0-255,7156,119551,70,394512
4603,0.001106,172.31.40.0-255,66,119617,70,394512
4604,0.001162,74.125.24.0-255,1484,121101,70,394512
4605,0.00119,172.31.40.0-255,66,121167,70,394512
4606,0.001193,74.125.24.0-255,1484,122651,70,394512
4607,0.001197,74.125.24.0-255,2902,125553,70,394512
4608,0.0012,172.31.40.0-255,66,125619,70,394512
4609,0.001224,74.125.24.0-255,5738,131357,70,394512
4610,0.001227,172.31.40.0-255,66,131423,70,394512
4611,0.001241,74.125.24.0-255,2902,134325,70,394512
4612,0.001243,172.31.40.0-255,66,134391,70,394512
4613,0.001262,74.125.24.0-255,8574,142965,70,394512
4614,0.001265,172.31.40.0-255,66,143031,70,394512
4615,0.001289,74.125.24.0-255,5738,148769,70,394512
4616,0.001292,172.31.40.0-255,66,148835,70,394512
4617,0.001319,74.125.24.0-255,6438,155273,70,394512
4618,0.001322,172.31.40.0-255,66,155339,70,394512
4619,0.001697,74.125.24.0-255,1484,156823,70,394512
4620,0.001719,74.125.24.0-255,2902,159725,70,394512
4621,0.001723,172.31.40.0-255,66,159791,70,394512
4622,0.001744,74.125.24.0-255,4320,164111,70,394512
4623,0.001748,172.31.40.0-255,66,164177,70,394512
4624,0.001776,74.125.24.0-255,1484,165661,70,394512
4625,0.001784,74.125.24.0-255,7156,172817,70,394512
4626,0.001787,172.31.40.0-255,66,172883,70,394512
4627,0.00179,74.125.24.0-255,1484,174367,70,394512
4628,0.001809,74.125.24.0-255,8574,182941,70,394512
4629,0.001812,172.31.40.0-255,66,183007,70,394512
4630,0.001834,74.125.24.0-255,4320,187327,70,394512
4631,0.001837,172.31.40.0-255,66,187393,70,394512
4632,0.001864,74.125.24.0-255,2184,189577,70,394512
4633,0.001872,172.31.40.0-255,66,189643,70,394512
4634,0.001886,74.125.24.0-255,1484,191127,70,394512
4635,0.0019,74.125.24.0-255,1484,192611,70,394512
4636,0.001903,172.31.40.0-255,66,192677,70,394512
4637,0.001911,74.125.24.0-255,7156,199833,70,394512
4638,0.001913,172.31.40.0-255,66,199899,70,394512
4639,0.001932,74.125.24.0-255,8574,208473,70,394512
4640,0.001935,172.31.40.0-255,66,208539,70,394512
4641,0.001959,74.125.24.0-255,2902,211441,70,394512
4642,0.001962,172.31.40.0-255,66,211507,70,394512
4643,0.001971,74.125.24.0-255,9992,221499,70,394512
4644,0.001973,172.31.40.0-255,66,221565,70,394512
4645,0.001998,74.125.24.0-255,2184,223749,70,394512
4646,0.002001,172.31.40.0-255,66,223815,70,394512
4647,0.002139,74.125.24.0-255,1484,225299,70,394512
4648,0.002158,74.125.24.0-255,1484,226783,70,394512
4649,0.002161,172.31.40.0-255,66,226849,70,394512
4650,0.00218,74.125.24.0-255,1484,228333,70,394512
4651,0.002194,74.125.24.0-255,5738,234071,70,394512
4652,0.002197,172.31.40.0-255,66,234137,70,394512
4653,0.002236,74.125.24.0-255,1484,235621,70,394512
4654,0.002278,74.125.24.0-255,5738,241359,70,394512
4655,0.002282,172.31.40.0-255,66,241425,70,394512
4656,0.004473,74.125.24.0-255,5738,247163,70,394512
4657,0.004482,172.31.40.0-255,66,247229,70,394512
4658,0.006727,74.125.24.0-255,5738,252967,70,394512
4659,0.006732,172.31.40.0-255,66,253033,70,394512
4660,0.008972,74.125.24.0-255,5738,258771,70,394512
4661,0.00898,172.31.40.0-255,66,258837,70,394512
4662,0.011218,74.125.24.0-255,5738,264575,70,394512
4663,0.011231,172.31.40.0-255,66,264641,70,394512
4664,0.013435,74.125.24.0-255,5738,270379,70,394512
4665,0.013446,172.31.40.0-255,66,270445,70,394512
4666,0.015662,74.125.24.0-255,5738,276183,70,394512
4667,0.015676,172.31.40.0-255,66,276249,70,394512
4668,0.017888,74.125.24.0-255,5738,281987,70,394512
4669,0.017901,172.31.40.0-255,66,282053,70,394512
4670,0.020125,74.125.24.0-255,5738,287791,70,394512
4671,0.020138,172.31.40.0-255,66,287857,70,394512
4672,0.022438,74.125.24.0-255,5738,293595,70,394512
4673,0.022452,172.31.40.0-255,66,293661,70,394512
4674,0.024712,74.125.24.0-255,5738,299399,70,394512
4675,0.024721,172.31.40.0-255,66,299465,70,394512
4676,0.026987,74.125.24.0-255,5738,305203,70,394512
4677,0.026999,172.31.40.0-255,66,305269,70,394512
4678,0.0289,172.31.40.0-255,172,305441,70,394512
4679,0.028959,172.31.40.0-255,1116,306557,70,394512
4680,0.029034,172.31.40.0-255,1514,308071,70,394512
4681,0.029035,172.31.40.0-255,1514,309585,70,394512
4682,0.029037,172.31.40.0-255,1514,311099,70,394512
4683,0.029038,172.31.40.0-255,1514,312613,70,394512
4684,0.029078,172.31.40.0-255,636,313249,70,394512
4685,0.029253,74.125.24.0-255,5738,318987,70,394512
4686,0.029262,172.31.40.0-255,66,319053,70,394512
4687,0.030548,104.244.42.0-255,66,319119,70,394512
4688,0.030637,104.244.42.0-255,66,319185,70,394512
4689,0.030747,104.244.42.0-255,66,319251,70,394512
4690,0.03075,104.244.42.0-255,66,319317,70,394512
4691,0.031463,104.244.42.0-255,108,319425,70,394512
4692,0.031473,172.31.40.0-255,66,319491,70,394512
4693,0.031545,74.125.24.0-255,5738,325229,70,394512
4694,0.03155,172.31.40.0-255,66,325295,70,394512
4695,0.033809,74.125.24.0-255,5738,331033,70,394512
4696,0.033814,172.31.40.0-255,66,331099,70,394512
4697,0.036068,74.125.24.0-255,5738,336837,70,394512
4698,0.036074,172.31.40.0-255,66,336903,70,394512
4699,0.038295,74.125.24.0-255,5738,342641,70,394512
4700,0.038302,172.31.40.0-255,66,342707,70,394512
4701,0.040506,74.125.24.0-255,4320,347027,70,394512
4702,0.040513,172.31.40.0-255,66,347093,70,394512
4703,0.040542,74.125.24.0-255,1484,348577,70,394512
4704,0.042758,74.125.24.0-255,4320,352897,70,394512
4705,0.042762,172.31.40.0-255,66,352963,70,394512
4706,0.044946,74.125.24.0-255,5738,358701,70,394512
4707,0.044951,172.31.40.0-255,66,358767,70,394512
4708,0.047184,74.125.24.0-255,5738,364505,70,394512
4709,0.04719,172.31.40.0-255,66,364571,70,394512
4710,0.049429,74.125.24.0-255,5738,370309,70,394512
4711,0.049435,172.31.40.0-255,66,370375,70,394512
4712,0.051697,74.125.24.0-255,5738,376113,70,394512
4713,0.051702,172.31.40.0-255,66,376179,70,394512
4714,0.053892,74.125.24.0-255,5738,381917,70,394512
4715,0.053898,172.31.40.0-255,66,381983,70,394512
4716,0.056137,74.125.24.0-255,5738,387721,70,394512
4717,0.056143,172.31.40.0-255,66,387787,70,394512
4718,0.058337,74.125.24.0-255,5738,393525,70,394512
4719,0.058343,172.31.40.0-255,66,393591,70,394512
4720,0.060585,74.125.24.0-255,684,394275,70,394512
4721,0.06077,172.31.40.0-255,66,394341,70,394512
4722,0.060801,172.31.40.0-255,105,394446,70,394512
4723,0.062969,74.125.24.0-255,66,394512,70,394512
4724,0.0,172.217.194.0-255,150,150,70,312915
4725,1.7e-05,172.31.40.0-255,66,216,70,312915
4726,2.3e-05,172.217.194.0-255,1484,1700,70,312915
4727,2.8e-05,172.31.40.0-255,66,1766,70,312915
4728,3.3e-05,172.217.194.0-255,2902,4668,70,312915
4729,4.4e-05,172.31.40.0-255,66,4734,70,312915
4730,5.3e-05,172.217.194.0-255,7156,11890,70,312915
4731,5.6e-05,172.31.40.0-255,66,11956,70,312915
4732,6e-05,172.217.194.0-255,2088,14044,70,312915
4733,6.4e-05,172.31.40.0-255,66,14110,70,312915
4734,0.000115,172.31.40.0-255,66,14176,70,312915
4735,0.000118,172.217.194.0-255,1484,15660,70,312915
4736,0.00012,172.31.40.0-255,66,15726,70,312915
4737,0.000174,172.217.194.0-255,3961,19687,70,312915
4738,0.000177,172.31.40.0-255,66,19753,70,312915
4739,0.000182,172.217.194.0-255,4320,24073,70,312915
4740,0.000185,172.31.40.0-255,66,24139,70,312915
4741,0.000222,172.217.194.0-255,7156,31295,70,312915
4742,0.000225,172.31.40.0-255,66,31361,70,312915
4743,0.000253,172.217.194.0-255,5379,36740,70,312915
4744,0.000255,172.31.40.0-255,66,36806,70,312915
4745,0.000359,172.217.194.0-255,1484,38290,70,312915
4746,0.000364,172.31.40.0-255,66,38356,70,312915
4747,0.00037,172.217.194.0-255,2902,41258,70,312915
4748,0.000372,172.31.40.0-255,66,41324,70,312915
4749,0.000382,172.217.194.0-255,4320,45644,70,312915
4750,0.000384,172.31.40.0-255,66,45710,70,312915
4751,0.000412,172.217.194.0-255,1484,47194,70,312915
4752,0.000414,172.31.40.0-255,66,47260,70,312915
4753,0.000423,172.217.194.0-255,7377,54637,70,312915
4754,0.000425,172.31.40.0-255,66,54703,70,312915
4755,0.000556,172.217.194.0-255,1484,56187,70,312915
4756,0.000563,172.217.194.0-255,2902,59089,70,312915
4757,0.000567,172.31.40.0-255,66,59155,70,312915
4758,0.000571,172.217.194.0-255,1484,60639,70,312915
4759,0.000604,172.217.194.0-255,4320,64959,70,312915
4760,0.000606,172.31.40.0-255,66,65025,70,312915
4761,0.00062,172.31.40.0-255,66,65091,70,312915
4762,0.000627,172.217.194.0-255,1484,66575,70,312915
4763,0.000671,172.31.40.0-255,66,66641,70,312915
4764,0.000685,172.217.194.0-255,5020,71661,70,312915
4765,0.000693,172.31.40.0-255,66,71727,70,312915
4766,0.000697,172.217.194.0-255,1980,73707,70,312915
4767,0.000699,172.31.40.0-255,66,73773,70,312915
4768,0.000787,172.217.194.0-255,1484,75257,70,312915
4769,0.000793,172.217.194.0-255,2902,78159,70,312915
4770,0.000797,172.31.40.0-255,66,78225,70,312915
4771,0.000803,172.217.194.0-255,4320,82545,70,312915
4772,0.000806,172.31.40.0-255,66,82611,70,312915
4773,0.000835,172.217.194.0-255,1484,84095,70,312915
4774,0.000844,172.217.194.0-255,8574,92669,70,312915
4775,0.000847,172.31.40.0-255,66,92735,70,312915
4776,0.000884,172.217.194.0-255,4320,97055,70,312915
4777,0.000888,172.31.40.0-255,66,97121,70,312915
4778,0.00092,172.217.194.0-255,10692,107813,70,312915
4779,0.000925,172.31.40.0-255,66,107879,70,312915
4780,0.001078,172.217.194.0-255,1484,109363,70,312915
4781,0.001083,172.217.194.0-255,1484,110847,70,312915
4782,0.001086,172.31.40.0-255,66,110913,70,312915
4783,0.001112,172.217.194.0-255,1484,112397,70,312915
4784,0.001119,172.217.194.0-255,5738,118135,70,312915
4785,0.001121,172.31.40.0-255,66,118201,70,312915
4786,0.001135,172.31.40.0-255,66,118267,70,312915
4787,0.001159,172.217.194.0-255,1484,119751,70,312915
4788,0.001162,172.217.194.0-255,1484,121235,70,312915
4789,0.001165,172.31.40.0-255,66,121301,70,312915
4790,0.001195,172.217.194.0-255,9274,130575,70,312915
4791,0.001198,172.31.40.0-255,66,130641,70,312915
4792,0.001224,172.217.194.0-255,1484,132125,70,312915
4793,0.001228,172.217.194.0-255,1484,133609,70,312915
4794,0.00123,172.31.40.0-255,66,133675,70,312915
4795,0.001256,172.217.194.0-255,1484,135159,70,312915
4796,0.001263,172.217.194.0-255,5738,140897,70,312915
4797,0.001267,172.31.40.0-255,66,140963,70,312915
4798,0.001272,172.217.194.0-255,4320,145283,70,312915
4799,0.001274,172.31.40.0-255,66,145349,70,312915
4800,0.001308,172.217.194.0-255,8574,153923,70,312915
4801,0.001311,172.31.40.0-255,66,153989,70,312915
4802,0.001318,172.217.194.0-255,7156,161145,70,312915
4803,0.001321,172.31.40.0-255,66,161211,70,312915
4804,0.001386,172.217.194.0-255,3602,164813,70,312915
4805,0.001389,172.31.40.0-255,66,164879,70,312915
4806,0.001395,172.217.194.0-255,4320,169199,70,312915
4807,0.001397,172.31.40.0-255,66,169265,70,312915
4808,0.001406,172.217.194.0-255,9992,179257,70,312915
4809,0.001408,172.31.40.0-255,66,179323,70,312915
4810,0.001416,172.217.194.0-255,7156,186479,70,312915
4811,0.001419,172.31.40.0-255,66,186545,70,312915
4812,0.001443,172.217.194.0-255,4320,190865,70,312915
4813,0.001446,172.31.40.0-255,66,190931,70,312915
4814,0.001454,172.217.194.0-255,7856,198787,70,312915
4815,0.001456,172.31.40.0-255,66,198853,70,312915
4816,0.001495,172.217.194.0-255,5738,204591,70,312915
4817,0.001499,172.31.40.0-255,66,204657,70,312915
4818,0.001505,172.217.194.0-255,7156,211813,70,312915
4819,0.001507,172.31.40.0-255,66,211879,70,312915
4820,0.001536,172.217.194.0-255,5738,217617,70,312915
4821,0.001539,172.31.40.0-255,66,217683,70,312915
4822,0.001581,172.217.194.0-255,8574,226257,70,312915
4823,0.001585,172.31.40.0-255,66,226323,70,312915
4824,0.001592,172.217.194.0-255,6438,232761,70,312915
4825,0.001595,172.31.40.0-255,66,232827,70,312915
4826,0.001599,172.217.194.0-255,4320,237147,70,312915
4827,0.001601,172.31.40.0-255,66,237213,70,312915
4828,0.001604,172.217.194.0-255,1484,238697,70,312915
4829,0.001634,172.217.194.0-255,4320,243017,70,312915
4830,0.001637,172.31.40.0-255,66,243083,70,312915
4831,0.001649,172.31.40.0-255,66,243149,70,312915
4832,0.001655,172.217.194.0-255,4320,247469,70,312915
4833,0.001657,172.31.40.0-255,66,247535,70,312915
4834,0.001681,172.217.194.0-255,4320,251855,70,312915
4835,0.001685,172.31.40.0-255,66,251921,70,312915
4836,0.001688,172.217.194.0-255,1484,253405,70,312915
4837,0.001719,172.217.194.0-255,2184,255589,70,312915
4838,0.001722,172.31.40.0-255,66,255655,70,312915
4839,0.001778,172.217.194.0-255,1484,257139,70,312915
4840,0.001791,172.217.194.0-255,2902,260041,70,312915
4841,0.001795,172.31.40.0-255,66,260107,70,312915
4842,0.0018,172.217.194.0-255,2902,263009,70,312915
4843,0.001801,172.31.40.0-255,66,263075,70,312915
4844,0.001821,172.217.194.0-255,2902,265977,70,312915
4845,0.001824,172.31.40.0-255,66,266043,70,312915
4846,0.001843,172.217.194.0-255,7156,273199,70,312915
4847,0.001845,172.31.40.0-255,66,273265,70,312915
4848,0.001877,172.217.194.0-255,5738,279003,70,312915
4849,0.00188,172.31.40.0-255,66,279069,70,312915
4850,0.001885,172.217.194.0-255,5738,284807,70,312915
4851,0.001887,172.31.40.0-255,66,284873,70,312915
4852,0.001908,172.217.194.0-255,5020,289893,70,312915
4853,0.00191,172.31.40.0-255,66,289959,70,312915
4854,0.001928,172.217.194.0-255,4320,294279,70,312915
4855,0.00193,172.31.40.0-255,66,294345,70,312915
4856,0.001955,172.217.194.0-255,1484,295829,70,312915
4857,0.001968,172.31.40.0-255,66,295895,70,312915
4858,0.002,172.31.40.0-255,66,295961,70,312915
4859,0.002024,172.217.194.0-255,1484,297445,70,312915
4860,0.00203,172.217.194.0-255,3602,301047,70,312915
4861,0.002032,172.31.40.0-255,66,301113,70,312915
4862,0.002059,172.217.194.0-255,5794,306907,70,312915
4863,0.002063,172.31.40.0-255,66,306973,70,312915
4864,0.002065,172.217.194.0-255,105,307078,70,312915
4865,0.009945,172.31.40.0-255,66,307144,70,312915
4866,0.009986,172.31.40.0-255,105,307249,70,312915
4867,0.01239,172.217.194.0-255,66,307315,70,312915
4868,0.034185,172.31.40.0-255,172,307487,70,312915
4869,0.034217,172.31.40.0-255,1114,308601,70,312915
4870,0.034278,172.31.40.0-255,1514,310115,70,312915
4871,0.03428,172.31.40.0-255,1514,311629,70,312915
4872,0.034308,172.31.40.0-255,848,312477,70,312915
4873,0.035858,104.244.42.0-255,66,312543,70,312915
4874,0.035888,104.244.42.0-255,66,312609,70,312915
4875,0.035993,104.244.42.0-255,66,312675,70,312915
4876,0.036014,104.244.42.0-255,66,312741,70,312915
4877,0.036578,104.244.42.0-255,108,312849,70,312915
4878,0.036587,172.31.40.0-255,66,312915,70,312915
4879,0.0,172.217.194.0-255,146,146,70,297608
4880,1.8e-05,172.31.40.0-255,66,212,70,297608
4881,2.5e-05,172.217.194.0-255,1484,1696,70,297608
4882,3e-05,172.31.40.0-255,66,1762,70,297608
4883,4.4e-05,172.217.194.0-255,2902,4664,70,297608
4884,4.7e-05,172.31.40.0-255,66,4730,70,297608
4885,5.7e-05,172.217.194.0-255,7156,11886,70,297608
4886,6.1e-05,172.31.40.0-255,66,11952,70,297608
4887,6.5e-05,172.217.194.0-255,2165,14117,70,297608
4888,6.7e-05,172.31.40.0-255,66,14183,70,297608
4889,0.000118,172.217.194.0-255,2902,17085,70,297608
4890,0.000121,172.31.40.0-255,66,17151,70,297608
4891,0.000127,172.217.194.0-255,4320,21471,70,297608
4892,0.000129,172.31.40.0-255,66,21537,70,297608
4893,0.000133,172.217.194.0-255,2902,24439,70,297608
4894,0.00014,172.31.40.0-255,66,24505,70,297608
4895,0.000173,172.217.194.0-255,5738,30243,70,297608
4896,0.000176,172.31.40.0-255,66,30309,70,297608
4897,0.000179,172.217.194.0-255,1125,31434,70,297608
4898,0.000181,172.31.40.0-255,66,31500,70,297608
4899,0.000233,172.217.194.0-255,1484,32984,70,297608
4900,0.000235,172.31.40.0-255,66,33050,70,297608
4901,0.00024,172.217.194.0-255,2902,35952,70,297608
4902,0.000242,172.31.40.0-255,66,36018,70,297608
4903,0.000262,172.217.194.0-255,5738,41756,70,297608
4904,0.000264,172.31.40.0-255,66,41822,70,297608
4905,0.000274,172.217.194.0-255,5738,47560,70,297608
4906,0.000277,172.31.40.0-255,66,47626,70,297608
4907,0.000298,172.217.194.0-255,1125,48751,70,297608
4908,0.0003,172.31.40.0-255,66,48817,70,297608
4909,0.000329,172.217.194.0-255,7156,55973,70,297608
4910,0.000332,172.31.40.0-255,66,56039,70,297608
4911,0.000363,172.217.194.0-255,7156,63195,70,297608
4912,0.000366,172.31.40.0-255,66,63261,70,297608
4913,0.000369,172.217.194.0-255,1484,64745,70,297608
4914,0.000372,172.217.194.0-255,1417,66162,70,297608
4915,0.000374,172.31.40.0-255,66,66228,70,297608
4916,0.000397,172.217.194.0-255,386,66614,70,297608
4917,0.000636,172.217.194.0-255,1484,68098,70,297608
4918,0.000642,172.31.40.0-255,66,68164,70,297608
4919,0.000648,172.217.194.0-255,2902,71066,70,297608
4920,0.000651,172.31.40.0-255,66,71132,70,297608
4921,0.000662,172.217.194.0-255,5738,76870,70,297608
4922,0.000665,172.31.40.0-255,66,76936,70,297608
4923,0.000701,172.217.194.0-255,8574,85510,70,297608
4924,0.000704,172.31.40.0-255,66,85576,70,297608
4925,0.000776,172.31.40.0-255,66,85642,70,297608
4926,0.000781,172.217.194.0-255,4320,89962,70,297608
4927,0.000784,172.31.40.0-255,66,90028,70,297608
4928,0.000795,172.217.194.0-255,5738,95766,70,297608
4929,0.000797,172.31.40.0-255,66,95832,70,297608
4930,0.000803,172.217.194.0-255,4320,100152,70,297608
4931,0.000806,172.31.40.0-255,66,100218,70,297608
4932,0.000833,172.217.194.0-255,7156,107374,70,297608
4933,0.000841,172.31.40.0-255,66,107440,70,297608
4934,0.000854,172.31.40.0-255,66,107506,70,297608
4935,0.000923,172.217.194.0-255,9992,117498,70,297608
4936,0.000927,172.31.40.0-255,66,117564,70,297608
4937,0.000972,172.31.40.0-255,66,117630,70,297608
4938,0.000992,172.31.40.0-255,66,117696,70,297608
4939,0.001006,172.31.40.0-255,66,117762,70,297608
4940,0.00102,172.31.40.0-255,66,117828,70,297608
4941,0.001032,172.217.194.0-255,2184,120012,70,297608
4942,0.001034,172.31.40.0-255,66,120078,70,297608
4943,0.001037,172.217.194.0-255,1484,121562,70,297608
4944,0.001044,172.217.194.0-255,1484,123046,70,297608
4945,0.001046,172.31.40.0-255,66,123112,70,297608
4946,0.001069,172.217.194.0-255,1484,124596,70,297608
4947,0.00108,172.217.194.0-255,5738,130334,70,297608
4948,0.001082,172.31.40.0-255,66,130400,70,297608
4949,0.001087,172.217.194.0-255,2902,133302,70,297608
4950,0.001117,172.217.194.0-255,9992,143294,70,297608
4951,0.001128,172.217.194.0-255,10692,153986,70,297608
4952,0.001139,172.31.40.0-255,66,154052,70,297608
4953,0.001284,172.217.194.0-255,1484,155536,70,297608
4954,0.001298,172.217.194.0-255,2902,158438,70,297608
4955,0.001301,172.31.40.0-255,66,158504,70,297608
4956,0.001322,172.217.194.0-255,5738,164242,70,297608
4957,0.001327,172.217.194.0-255,4320,168562,70,297608
4958,0.001347,172.217.194.0-255,5738,174300,70,297608
4959,0.00135,172.31.40.0-255,66,174366,70,297608
4960,0.001355,172.31.40.0-255,66,174432,70,297608
4961,0.00145,172.31.40.0-255,66,174498,70,297608
4962,0.001777,172.217.194.0-255,1484,175982,70,297608
4963,0.001822,172.217.194.0-255,2902,178884,70,297608
4964,0.001826,172.31.40.0-255,66,178950,70,297608
4965,0.001833,172.217.194.0-255,5738,184688,70,297608
4966,0.001836,172.31.40.0-255,66,184754,70,297608
4967,0.001844,172.217.194.0-255,1484,186238,70,297608
4968,0.001875,172.217.194.0-255,1484,187722,70,297608
4969,0.001879,172.217.194.0-255,4320,192042,70,297608
4970,0.001898,172.217.194.0-255,5020,197062,70,297608
4971,0.001901,172.31.40.0-255,66,197128,70,297608
4972,0.001906,172.31.40.0-255,66,197194,70,297608
4973,0.003904,172.217.194.0-255,5738,202932,70,297608
4974,0.003911,172.31.40.0-255,66,202998,70,297608
4975,0.005937,172.217.194.0-255,5738,208736,70,297608
4976,0.005945,172.31.40.0-255,66,208802,70,297608
4977,0.007955,172.217.194.0-255,5738,214540,70,297608
4978,0.00796,172.31.40.0-255,66,214606,70,297608
4979,0.010024,172.217.194.0-255,4320,218926,70,297608
4980,0.010027,172.31.40.0-255,66,218992,70,297608
4981,0.01005,172.217.194.0-255,1484,220476,70,297608
4982,0.012062,172.217.194.0-255,4320,224796,70,297608
4983,0.012069,172.31.40.0-255,66,224862,70,297608
4984,0.014096,172.217.194.0-255,5738,230600,70,297608
4985,0.014101,172.31.40.0-255,66,230666,70,297608
4986,0.016118,172.217.194.0-255,5738,236404,70,297608
4987,0.016125,172.31.40.0-255,66,236470,70,297608
4988,0.018153,172.217.194.0-255,5738,242208,70,297608
4989,0.018159,172.31.40.0-255,66,242274,70,297608
4990,0.020154,172.217.194.0-255,5738,248012,70,297608
4991,0.020162,172.31.40.0-255,66,248078,70,297608
4992,0.022196,172.217.194.0-255,5738,253816,70,297608
4993,0.022203,172.31.40.0-255,66,253882,70,297608
4994,0.024232,172.217.194.0-255,5738,259620,70,297608
4995,0.02424,172.31.40.0-255,66,259686,70,297608
4996,0.026247,172.217.194.0-255,5738,265424,70,297608
4997,0.026255,172.31.40.0-255,66,265490,70,297608
4998,0.02825,172.217.194.0-255,5738,271228,70,297608
4999,0.028258,172.31.40.0-255,66,271294,70,297608
5000,0.028714,172.31.40.0-255,172,271466,70,297608
5001,0.028745,172.31.40.0-255,1113,272579,70,297608
5002,0.028805,172.31.40.0-255,1514,274093,70,297608
5003,0.028807,172.31.40.0-255,1331,275424,70,297608
5004,0.030257,104.244.42.0-255,66,275490,70,297608
5005,0.030289,104.244.42.0-255,66,275556,70,297608
5006,0.030308,172.217.194.0-255,5738,281294,70,297608
5007,0.030313,172.31.40.0-255,66,281360,70,297608
5008,0.030336,104.244.42.0-255,66,281426,70,297608
5009,0.03235,172.217.194.0-255,5738,287164,70,297608
5010,0.032356,172.31.40.0-255,66,287230,70,297608
5011,0.034376,172.217.194.0-255,5738,292968,70,297608
5012,0.034384,172.31.40.0-255,66,293034,70,297608
5013,0.036411,172.217.194.0-255,4337,297371,70,297608
5014,0.036417,172.31.40.0-255,66,297437,70,297608
5015,0.036588,172.31.40.0-255,105,297542,70,297608
5016,0.038562,172.217.194.0-255,66,297608,70,297608
5017,0.0,74.125.24.0-255,152,152,70,358969
5018,2e-05,172.31.40.0-255,66,218,70,358969
5019,2.7e-05,74.125.24.0-255,1484,1702,70,358969
5020,3.1e-05,172.31.40.0-255,66,1768,70,358969
5021,3.7e-05,74.125.24.0-255,2902,4670,70,358969
5022,4.1e-05,172.31.40.0-255,66,4736,70,358969
5023,4.5e-05,74.125.24.0-255,2902,7638,70,358969
5024,4.8e-05,172.31.40.0-255,66,7704,70,358969
5025,5.5e-05,74.125.24.0-255,4320,12024,70,358969
5026,5.9e-05,172.31.40.0-255,66,12090,70,358969
5027,8e-05,74.125.24.0-255,2037,14127,70,358969
5028,8.4e-05,172.31.40.0-255,66,14193,70,358969
5029,0.000171,74.125.24.0-255,1484,15677,70,358969
5030,0.000176,172.31.40.0-255,66,15743,70,358969
5031,0.000181,74.125.24.0-255,2902,18645,70,358969
5032,0.000184,172.31.40.0-255,66,18711,70,358969
5033,0.000189,74.125.24.0-255,4320,23031,70,358969
5034,0.000191,172.31.40.0-255,66,23097,70,358969
5035,0.000245,74.125.24.0-255,4320,27417,70,358969
5036,0.000248,172.31.40.0-255,66,27483,70,358969
5037,0.00027,74.125.24.0-255,3961,31444,70,358969
5038,0.000273,172.31.40.0-255,66,31510,70,358969
5039,0.000483,74.125.24.0-255,1484,32994,70,358969
5040,0.000488,172.31.40.0-255,66,33060,70,358969
5041,0.000494,74.125.24.0-255,2902,35962,70,358969
5042,0.000497,172.31.40.0-255,66,36028,70,358969
5043,0.000518,74.125.24.0-255,5738,41766,70,358969
5044,0.000521,172.31.40.0-255,66,41832,70,358969
5045,0.000538,74.125.24.0-255,8215,50047,70,358969
5046,0.000541,172.31.40.0-255,66,50113,70,358969
5047,0.000576,74.125.24.0-255,8574,58687,70,358969
5048,0.000579,172.31.40.0-255,66,58753,70,358969
5049,0.000587,74.125.24.0-255,6797,65550,70,358969
5050,0.000589,172.31.40.0-255,66,65616,70,358969
5051,0.001116,74.125.24.0-255,645,66261,70,358969
5052,0.001265,74.125.24.0-255,1484,67745,70,358969
5053,0.00127,172.31.40.0-255,66,67811,70,358969
5054,0.001274,74.125.24.0-255,1484,69295,70,358969
5055,0.00129,74.125.24.0-255,1484,70779,70,358969
5056,0.001292,172.31.40.0-255,66,70845,70,358969
5057,0.001298,74.125.24.0-255,5738,76583,70,358969
5058,0.0013,172.31.40.0-255,66,76649,70,358969
5059,0.001302,74.125.24.0-255,1484,78133,70,358969
5060,0.001326,74.125.24.0-255,4320,82453,70,358969
5061,0.001328,172.31.40.0-255,66,82519,70,358969
5062,0.001364,74.125.24.0-255,4320,86839,70,358969
5063,0.001366,172.31.40.0-255,66,86905,70,358969
5064,0.001391,172.31.40.0-255,66,86971,70,358969
5065,0.002114,74.125.24.0-255,1484,88455,70,358969
5066,0.00212,74.125.24.0-255,1484,89939,70,358969
5067,0.002123,172.31.40.0-255,66,90005,70,358969
5068,0.002144,74.125.24.0-255,1484,91489,70,358969
5069,0.002149,74.125.24.0-255,5738,97227,70,358969
5070,0.002151,172.31.40.0-255,66,97293,70,358969
5071,0.002173,74.125.24.0-255,5738,103031,70,358969
5072,0.002175,172.31.40.0-255,66,103097,70,358969
5073,0.002196,74.125.24.0-255,7156,110253,70,358969
5074,0.002198,172.31.40.0-255,66,110319,70,358969
5075,0.002207,74.125.24.0-255,10692,121011,70,358969
5076,0.002208,172.31.40.0-255,66,121077,70,358969
5077,0.004587,74.125.24.0-255,5738,126815,70,358969
5078,0.004591,172.31.40.0-255,66,126881,70,358969
5079,0.006983,74.125.24.0-255,5738,132619,70,358969
5080,0.00699,172.31.40.0-255,66,132685,70,358969
5081,0.009396,74.125.24.0-255,5738,138423,70,358969
5082,0.009404,172.31.40.0-255,66,138489,70,358969
5083,0.011832,74.125.24.0-255,5738,144227,70,358969
5084,0.011839,172.31.40.0-255,66,144293,70,358969
5085,0.014217,74.125.24.0-255,5738,150031,70,358969
5086,0.014227,172.31.40.0-255,66,150097,70,358969
5087,0.01664,74.125.24.0-255,5738,155835,70,358969
5088,0.016649,172.31.40.0-255,66,155901,70,358969
5089,0.019038,74.125.24.0-255,5738,161639,70,358969
5090,0.019045,172.31.40.0-255,66,161705,70,358969
5091,0.021411,74.125.24.0-255,2902,164607,70,358969
5092,0.021419,172.31.40.0-255,66,164673,70,358969
5093,0.021444,74.125.24.0-255,2902,167575,70,358969
5094,0.021448,172.31.40.0-255,66,167641,70,358969
5095,0.023821,74.125.24.0-255,5738,173379,70,358969
5096,0.023827,172.31.40.0-255,66,173445,70,358969
5097,0.025366,172.31.40.0-255,172,173617,70,358969
5098,0.025391,172.31.40.0-255,1118,174735,70,358969
5099,0.025439,172.31.40.0-255,1514,176249,70,358969
5100,0.025441,172.31.40.0-255,1514,177763,70,358969
5101,0.025464,172.31.40.0-255,844,178607,70,358969
5102,0.026178,74.125.24.0-255,5738,184345,70,358969
5103,0.026186,172.31.40.0-255,66,184411,70,358969
5104,0.02707,104.244.42.0-255,66,184477,70,358969
5105,0.027107,104.244.42.0-255,66,184543,70,358969
5106,0.027158,104.244.42.0-255,66,184609,70,358969
5107,0.027163,104.244.42.0-255,66,184675,70,358969
5108,0.027732,104.244.42.0-255,108,184783,70,358969
5109,0.027742,172.31.40.0-255,66,184849,70,358969
5110,0.028576,74.125.24.0-255,5738,190587,70,358969
5111,0.028582,172.31.40.0-255,66,190653,70,358969
5112,0.031005,74.125.24.0-255,5738,196391,70,358969
5113,0.031011,172.31.40.0-255,66,196457,70,358969
5114,0.033419,74.125.24.0-255,5738,202195,70,358969
5115,0.033425,172.31.40.0-255,66,202261,70,358969
5116,0.035801,74.125.24.0-255,5738,207999,70,358969
5117,0.035807,172.31.40.0-255,66,208065,70,358969
5118,0.038199,74.125.24.0-255,5738,213803,70,358969
5119,0.038206,172.31.40.0-255,66,213869,70,358969
5120,0.040639,74.125.24.0-255,5738,219607,70,358969
5121,0.040649,172.31.40.0-255,66,219673,70,358969
5122,0.043197,74.125.24.0-255,5738,225411,70,358969
5123,0.043205,172.31.40.0-255,66,225477,70,358969
5124,0.045565,74.125.24.0-255,5738,231215,70,358969
5125,0.045572,172.31.40.0-255,66,231281,70,358969
5126,0.047922,74.125.24.0-255,5738,237019,70,358969
5127,0.047928,172.31.40.0-255,66,237085,70,358969
5128,0.050325,74.125.24.0-255,5738,242823,70,358969
5129,0.050331,172.31.40.0-255,66,242889,70,358969
5130,0.052736,74.125.24.0-255,5738,248627,70,358969
5131,0.052743,172.31.40.0-255,66,248693,70,358969
5132,0.055105,74.125.24.0-255,5738,254431,70,358969
5133,0.055112,172.31.40.0-255,66,254497,70,358969
5134,0.057499,74.125.24.0-255,5738,260235,70,358969
5135,0.057507,172.31.40.0-255,66,260301,70,358969
5136,0.059925,74.125.24.0-255,5738,266039,70,358969
5137,0.05993,172.31.40.0-255,66,266105,70,358969
5138,0.062303,74.125.24.0-255,5738,271843,70,358969
5139,0.062308,172.31.40.0-255,66,271909,70,358969
5140,0.064704,74.125.24.0-255,5738,277647,70,358969
5141,0.064711,172.31.40.0-255,66,277713,70,358969
5142,0.06745,74.125.24.0-255,5738,283451,70,358969
5143,0.067457,172.31.40.0-255,66,283517,70,358969
5144,0.069878,74.125.24.0-255,5738,289255,70,358969
5145,0.069885,172.31.40.0-255,66,289321,70,358969
5146,0.07223,74.125.24.0-255,5738,295059,70,358969
5147,0.072237,172.31.40.0-255,66,295125,70,358969
5148,0.074636,74.125.24.0-255,5738,300863,70,358969
5149,0.074641,172.31.40.0-255,66,300929,70,358969
5150,0.077001,74.125.24.0-255,5738,306667,70,358969
5151,0.077008,172.31.40.0-255,66,306733,70,358969
5152,0.079399,74.125.24.0-255,5738,312471,70,358969
5153,0.079406,172.31.40.0-255,66,312537,70,358969
5154,0.082178,74.125.24.0-255,5738,318275,70,358969
5155,0.082185,172.31.40.0-255,66,318341,70,358969
5156,0.08459,74.125.24.0-255,5738,324079,70,358969
5157,0.084596,172.31.40.0-255,66,324145,70,358969
5158,0.087071,74.125.24.0-255,5738,329883,70,358969
5159,0.087078,172.31.40.0-255,66,329949,70,358969
5160,0.089439,74.125.24.0-255,5738,335687,70,358969
5161,0.089445,172.31.40.0-255,66,335753,70,358969
5162,0.091825,74.125.24.0-255,5738,341491,70,358969
5163,0.091831,172.31.40.0-255,66,341557,70,358969
5164,0.09418,74.125.24.0-255,5738,347295,70,358969
5165,0.094187,172.31.40.0-255,66,347361,70,358969
5166,0.096542,74.125.24.0-255,5738,353099,70,358969
5167,0.096549,172.31.40.0-255,66,353165,70,358969
5168,0.098937,74.125.24.0-255,5738,358903,70,358969
5169,0.098943,172.31.40.0-255,66,358969,70,358969
5170,0.0,172.217.194.0-255,153,153,70,259944
5171,2.3e-05,172.31.40.0-255,66,219,70,259944
5172,3e-05,172.217.194.0-255,1484,1703,70,259944
5173,3.4e-05,172.31.40.0-255,66,1769,70,259944
5174,4e-05,172.217.194.0-255,2902,4671,70,259944
5175,4.3e-05,172.31.40.0-255,66,4737,70,259944
5176,4.9e-05,172.217.194.0-255,5738,10475,70,259944
5177,5.3e-05,172.31.40.0-255,66,10541,70,259944
5178,8e-05,172.217.194.0-255,3520,14061,70,259944
5179,8.3e-05,172.31.40.0-255,66,14127,70,259944
5180,8.7e-05,172.217.194.0-255,1484,15611,70,259944
5181,8.9e-05,172.31.40.0-255,66,15677,70,259944
5182,0.000105,172.217.194.0-255,2902,18579,70,259944
5183,0.000107,172.31.40.0-255,66,18645,70,259944
5184,0.000113,172.217.194.0-255,4320,22965,70,259944
5185,0.000115,172.31.40.0-255,66,23031,70,259944
5186,0.000142,172.217.194.0-255,5738,28769,70,259944
5187,0.000144,172.31.40.0-255,66,28835,70,259944
5188,0.000149,172.217.194.0-255,2543,31378,70,259944
5189,0.000151,172.31.40.0-255,66,31444,70,259944
5190,0.000157,172.217.194.0-255,5738,37182,70,259944
5191,0.000159,172.31.40.0-255,66,37248,70,259944
5192,0.000193,172.217.194.0-255,8574,45822,70,259944
5193,0.000195,172.31.40.0-255,66,45888,70,259944
5194,0.000199,172.217.194.0-255,2543,48431,70,259944
5195,0.000201,172.31.40.0-255,66,48497,70,259944
5196,0.000232,172.217.194.0-255,5738,54235,70,259944
5197,0.000235,172.31.40.0-255,66,54301,70,259944
5198,0.000252,172.217.194.0-255,9992,64293,70,259944
5199,0.000254,172.31.40.0-255,66,64359,70,259944
5200,0.000277,172.217.194.0-255,1397,65756,70,259944
5201,0.000279,172.31.40.0-255,66,65822,70,259944
5202,0.000282,172.217.194.0-255,436,66258,70,259944
5203,0.000551,172.217.194.0-255,1484,67742,70,259944
5204,0.000556,172.31.40.0-255,66,67808,70,259944
5205,0.000562,172.217.194.0-255,2902,70710,70,259944
5206,0.000565,172.31.40.0-255,66,70776,70,259944
5207,0.000572,172.217.194.0-255,5738,76514,70,259944
5208,0.000574,172.31.40.0-255,66,76580,70,259944
5209,0.000614,172.31.40.0-255,66,76646,70,259944
5210,0.000632,172.217.194.0-255,1484,78130,70,259944
5211,0.000642,172.217.194.0-255,8574,86704,70,259944
5212,0.000644,172.31.40.0-255,66,86770,70,259944
5213,0.000663,172.217.194.0-255,766,87536,70,259944
5214,0.000697,172.217.194.0-255,1484,89020,70,259944
5215,0.0007,172.31.40.0-255,66,89086,70,259944
5216,0.000703,172.217.194.0-255,1484,90570,70,259944
5217,0.000721,172.217.194.0-255,1484,92054,70,259944
5218,0.000724,172.31.40.0-255,66,92120,70,259944
5219,0.00073,172.217.194.0-255,5738,97858,70,259944
5220,0.000732,172.31.40.0-255,66,97924,70,259944
5221,0.000764,172.217.194.0-255,1484,99408,70,259944
5222,0.00079,172.31.40.0-255,66,99474,70,259944
5223,0.000793,172.217.194.0-255,1484,100958,70,259944
5224,0.000821,172.217.194.0-255,9274,110232,70,259944
5225,0.000823,172.31.40.0-255,66,110298,70,259944
5226,0.000836,172.31.40.0-255,66,110364,70,259944
5227,0.00084,172.217.194.0-255,2902,113266,70,259944
5228,0.000843,172.31.40.0-255,66,113332,70,259944
5229,0.000866,172.31.40.0-255,66,113398,70,259944
5230,0.000887,172.217.194.0-255,1484,114882,70,259944
5231,0.000891,172.217.194.0-255,2902,117784,70,259944
5232,0.000893,172.31.40.0-255,66,117850,70,259944
5233,0.000915,172.217.194.0-255,3602,121452,70,259944
5234,0.000917,172.31.40.0-255,66,121518,70,259944
5235,0.000963,172.217.194.0-255,1484,123002,70,259944
5236,0.000968,172.217.194.0-255,2902,125904,70,259944
5237,0.000971,172.31.40.0-255,66,125970,70,259944
5238,0.000974,172.217.194.0-255,1484,127454,70,259944
5239,0.000994,172.217.194.0-255,4320,131774,70,259944
5240,0.000996,172.31.40.0-255,66,131840,70,259944
5241,0.001003,172.217.194.0-255,7156,138996,70,259944
5242,0.001005,172.31.40.0-255,66,139062,70,259944
5243,0.001008,172.217.194.0-255,1484,140546,70,259944
5244,0.001044,172.31.40.0-255,66,140612,70,259944
5245,0.001048,172.217.194.0-255,2184,142796,70,259944
5246,0.00105,172.31.40.0-255,66,142862,70,259944
5247,0.001054,172.217.194.0-255,2902,145764,70,259944
5248,0.001057,172.31.40.0-255,66,145830,70,259944
5249,0.001062,172.217.194.0-255,4320,150150,70,259944
5250,0.001065,172.31.40.0-255,66,150216,70,259944
5251,0.001082,172.217.194.0-255,2902,153118,70,259944
5252,0.001084,172.31.40.0-255,66,153184,70,259944
5253,0.001091,172.217.194.0-255,5738,158922,70,259944
5254,0.001093,172.31.40.0-255,66,158988,70,259944
5255,0.001132,172.217.194.0-255,9992,168980,70,259944
5256,0.001136,172.31.40.0-255,66,169046,70,259944
5257,0.001144,172.217.194.0-255,7856,176902,70,259944
5258,0.001146,172.31.40.0-255,66,176968,70,259944
5259,0.001176,172.217.194.0-255,1484,178452,70,259944
5260,0.001181,172.217.194.0-255,2902,181354,70,259944
5261,0.001183,172.31.40.0-255,66,181420,70,259944
5262,0.00119,172.217.194.0-255,5738,187158,70,259944
5263,0.001193,172.31.40.0-255,66,187224,70,259944
5264,0.001206,172.217.194.0-255,9992,197216,70,259944
5265,0.001209,172.31.40.0-255,66,197282,70,259944
5266,0.001231,172.217.194.0-255,2902,200184,70,259944
5267,0.001234,172.31.40.0-255,66,200250,70,259944
5268,0.001242,172.217.194.0-255,8574,208824,70,259944
5269,0.001244,172.31.40.0-255,66,208890,70,259944
5270,0.001274,172.217.194.0-255,9992,218882,70,259944
5271,0.001277,172.31.40.0-255,66,218948,70,259944
5272,0.001316,172.31.40.0-255,66,219014,70,259944
5273,0.001328,172.31.40.0-255,66,219080,70,259944
5274,0.001393,172.217.194.0-255,7156,226236,70,259944
5275,0.001396,172.31.40.0-255,66,226302,70,259944
5276,0.001404,172.217.194.0-255,8574,234876,70,259944
5277,0.001407,172.31.40.0-255,66,234942,70,259944
5278,0.001424,172.31.40.0-255,66,235008,70,259944
5279,0.001426,172.217.194.0-255,766,235774,70,259944
5280,0.001466,172.217.194.0-255,4320,240094,70,259944
5281,0.00147,172.31.40.0-255,66,240160,70,259944
5282,0.001502,172.31.40.0-255,66,240226,70,259944
5283,0.001509,172.217.194.0-255,7156,247382,70,259944
5284,0.001511,172.31.40.0-255,66,247448,70,259944
5285,0.001572,172.31.40.0-255,66,247514,70,259944
5286,0.001586,172.31.40.0-255,66,247580,70,259944
5287,0.001593,172.217.194.0-255,6356,253936,70,259944
5288,0.001596,172.31.40.0-255,66,254002,70,259944
5289,0.0016,172.217.194.0-255,105,254107,70,259944
5290,0.004978,172.31.40.0-255,66,254173,70,259944
5291,0.005018,172.31.40.0-255,105,254278,70,259944
5292,0.007664,172.217.194.0-255,66,254344,70,259944
5293,0.037196,172.31.40.0-255,172,254516,70,259944
5294,0.037228,172.31.40.0-255,1116,255632,70,259944
5295,0.037293,172.31.40.0-255,1514,257146,70,259944
5296,0.037295,172.31.40.0-255,1514,258660,70,259944
5297,0.037319,172.31.40.0-255,846,259506,70,259944
5298,0.038881,104.244.42.0-255,66,259572,70,259944
5299,0.038919,104.244.42.0-255,66,259638,70,259944
5300,0.038974,104.244.42.0-255,66,259704,70,259944
5301,0.038988,104.244.42.0-255,66,259770,70,259944
5302,0.039693,104.244.42.0-255,108,259878,70,259944
5303,0.039701,172.31.40.0-255,66,259944,70,259944
5304,0.0,172.217.194.0-255,153,153,70,305350
5305,1.4e-05,172.31.40.0-255,66,219,70,305350
5306,2.1e-05,172.217.194.0-255,1484,1703,70,305350
5307,2.6e-05,172.31.40.0-255,66,1769,70,305350
5308,4.1e-05,172.217.194.0-255,2902,4671,70,305350
5309,4.5e-05,172.31.40.0-255,66,4737,70,305350
5310,0.000102,172.217.194.0-255,5738,10475,70,305350
5311,0.000106,172.31.40.0-255,66,10541,70,305350
5312,0.000246,172.217.194.0-255,8574,19115,70,305350
5313,0.000251,172.31.40.0-255,66,19181,70,305350
5314,0.000282,172.217.194.0-255,4935,24116,70,305350
5315,0.000284,172.31.40.0-255,66,24182,70,305350
5316,0.00053,172.217.194.0-255,4320,28502,70,305350
5317,0.000536,172.31.40.0-255,66,28568,70,305350
5318,0.000626,172.217.194.0-255,2543,31111,70,305350
5319,0.000635,172.31.40.0-255,66,31177,70,305350
5320,0.000687,172.217.194.0-255,8574,39751,70,305350
5321,0.000691,172.31.40.0-255,66,39817,70,305350
5322,0.000742,172.31.40.0-255,66,39883,70,305350
5323,0.001243,172.217.194.0-255,7156,47039,70,305350
5324,0.00125,172.31.40.0-255,66,47105,70,305350
5325,0.001279,172.217.194.0-255,2543,49648,70,305350
5326,0.001281,172.31.40.0-255,66,49714,70,305350
5327,0.001435,172.217.194.0-255,379,50093,70,305350
5328,0.001441,172.31.40.0-255,66,50159,70,305350
5329,0.001445,172.217.194.0-255,365,50524,70,305350
5330,0.001448,172.31.40.0-255,66,50590,70,305350
5331,0.001489,172.31.40.0-255,66,50656,70,305350
5332,0.001514,172.217.194.0-255,1484,52140,70,305350
5333,0.001517,172.31.40.0-255,66,52206,70,305350
5334,0.001772,172.217.194.0-255,8574,60780,70,305350
5335,0.001818,172.217.194.0-255,5020,65800,70,305350
5336,0.002429,172.217.194.0-255,9992,75792,70,305350
5337,0.003392,172.217.194.0-255,4320,80112,70,305350
5338,0.003414,172.217.194.0-255,7156,87268,70,305350
5339,0.003469,172.217.194.0-255,5738,93006,70,305350
5340,0.005791,172.31.40.0-255,66,93072,70,305350
5341,0.008121,172.217.194.0-255,5738,98810,70,305350
5342,0.008127,172.31.40.0-255,66,98876,70,305350
5343,0.010482,172.217.194.0-255,5738,104614,70,305350
5344,0.010491,172.31.40.0-255,66,104680,70,305350
5345,0.012791,172.217.194.0-255,5738,110418,70,305350
5346,0.013217,172.31.40.0-255,66,110484,70,305350
5347,0.015522,172.217.194.0-255,5738,116222,70,305350
5348,0.015531,172.31.40.0-255,66,116288,70,305350
5349,0.017856,172.217.194.0-255,5738,122026,70,305350
5350,0.017867,172.31.40.0-255,66,122092,70,305350
5351,0.020181,172.217.194.0-255,5738,127830,70,305350
5352,0.020189,172.31.40.0-255,66,127896,70,305350
5353,0.022489,172.217.194.0-255,5738,133634,70,305350
5354,0.022497,172.31.40.0-255,66,133700,70,305350
5355,0.024823,172.217.194.0-255,5738,139438,70,305350
5356,0.02483,172.31.40.0-255,66,139504,70,305350
5357,0.025245,172.31.40.0-255,172,139676,70,305350
5358,0.025279,172.31.40.0-255,1113,140789,70,305350
5359,0.025342,172.31.40.0-255,1514,142303,70,305350
5360,0.025344,172.31.40.0-255,1514,143817,70,305350
5361,0.025345,172.31.40.0-255,974,144791,70,305350
5362,0.027178,172.217.194.0-255,5738,150529,70,305350
5363,0.027186,172.31.40.0-255,66,150595,70,305350
5364,0.027523,104.244.42.0-255,66,150661,70,305350
5365,0.029514,172.217.194.0-255,5738,156399,70,305350
5366,0.029519,172.31.40.0-255,66,156465,70,305350
5367,0.031854,172.217.194.0-255,5738,162203,70,305350
5368,0.031861,172.31.40.0-255,66,162269,70,305350
5369,0.034175,172.217.194.0-255,5738,168007,70,305350
5370,0.034193,172.31.40.0-255,66,168073,70,305350
5371,0.036514,172.217.194.0-255,5738,173811,70,305350
5372,0.036528,172.31.40.0-255,66,173877,70,305350
5373,0.038868,172.217.194.0-255,4320,178197,70,305350
5374,0.038885,172.31.40.0-255,66,178263,70,305350
5375,0.038918,172.217.194.0-255,1484,179747,70,305350
5376,0.041236,172.217.194.0-255,4320,184067,70,305350
5377,0.041254,172.31.40.0-255,66,184133,70,305350
5378,0.04358,172.217.194.0-255,5738,189871,70,305350
5379,0.043643,172.31.40.0-255,66,189937,70,305350
5380,0.045952,172.217.194.0-255,5738,195675,70,305350
5381,0.04596,172.31.40.0-255,66,195741,70,305350
5382,0.0483,172.217.194.0-255,5738,201479,70,305350
5383,0.048307,172.31.40.0-255,66,201545,70,305350
5384,0.050629,172.217.194.0-255,5738,207283,70,305350
5385,0.050636,172.31.40.0-255,66,207349,70,305350
5386,0.052972,172.217.194.0-255,5738,213087,70,305350
5387,0.05298,172.31.40.0-255,66,213153,70,305350
5388,0.055313,172.217.194.0-255,5738,218891,70,305350
5389,0.055319,172.31.40.0-255,66,218957,70,305350
5390,0.057658,172.217.194.0-255,5738,224695,70,305350
5391,0.057665,172.31.40.0-255,66,224761,70,305350
5392,0.05999,172.217.194.0-255,5738,230499,70,305350
5393,0.059996,172.31.40.0-255,66,230565,70,305350
5394,0.062322,172.217.194.0-255,5738,236303,70,305350
5395,0.062328,172.31.40.0-255,66,236369,70,305350
5396,0.064642,172.217.194.0-255,5738,242107,70,305350
5397,0.064648,172.31.40.0-255,66,242173,70,305350
5398,0.066961,172.217.194.0-255,5738,247911,70,305350
5399,0.066968,172.31.40.0-255,66,247977,70,305350
5400,0.069322,172.217.194.0-255,5738,253715,70,305350
5401,0.069329,172.31.40.0-255,66,253781,70,305350
5402,0.071649,172.217.194.0-255,5738,259519,70,305350
5403,0.071655,172.31.40.0-255,66,259585,70,305350
5404,0.073978,172.217.194.0-255,5738,265323,70,305350
5405,0.073984,172.31.40.0-255,66,265389,70,305350
5406,0.076327,172.217.194.0-255,5738,271127,70,305350
5407,0.076333,172.31.40.0-255,66,271193,70,305350
5408,0.07866,172.217.194.0-255,5738,276931,70,305350
5409,0.078666,172.31.40.0-255,66,276997,70,305350
5410,0.080991,172.217.194.0-255,5738,282735,70,305350
5411,0.080998,172.31.40.0-255,66,282801,70,305350
5412,0.083336,172.217.194.0-255,5738,288539,70,305350
5413,0.083346,172.31.40.0-255,66,288605,70,305350
5414,0.085691,172.217.194.0-255,5738,294343,70,305350
5415,0.085713,172.31.40.0-255,66,294409,70,305350
5416,0.088053,172.217.194.0-255,5738,300147,70,305350
5417,0.08806,172.31.40.0-255,66,300213,70,305350
5418,0.090401,172.217.194.0-255,4900,305113,70,305350
5419,0.090407,172.31.40.0-255,66,305179,70,305350
5420,0.0906,172.31.40.0-255,105,305284,70,305350
5421,0.092909,172.217.194.0-255,66,305350,70,305350
5422,0.0,172.217.194.0-255,298,298,70,351586
5423,1.9e-05,172.31.40.0-255,66,364,70,351586
5424,2.6e-05,172.217.194.0-255,1484,1848,70,351586
5425,3.2e-05,172.31.40.0-255,66,1914,70,351586
5426,4.4e-05,172.217.194.0-255,2902,4816,70,351586
5427,4.9e-05,172.31.40.0-255,66,4882,70,351586
5428,5.6e-05,172.217.194.0-255,5738,10620,70,351586
5429,5.9e-05,172.31.40.0-255,66,10686,70,351586
5430,8.5e-05,172.217.194.0-255,3257,13943,70,351586
5431,8.8e-05,172.31.40.0-255,66,14009,70,351586
5432,0.000121,172.217.194.0-255,1484,15493,70,351586
5433,0.000125,172.31.40.0-255,66,15559,70,351586
5434,0.00013,172.217.194.0-255,2902,18461,70,351586
5435,0.000132,172.31.40.0-255,66,18527,70,351586
5436,0.000141,172.217.194.0-255,2902,21429,70,351586
5437,0.000143,172.31.40.0-255,66,21495,70,351586
5438,0.00017,172.217.194.0-255,2902,24397,70,351586
5439,0.000173,172.31.40.0-255,66,24463,70,351586
5440,0.000178,172.217.194.0-255,2902,27365,70,351586
5441,0.00018,172.31.40.0-255,66,27431,70,351586
5442,0.000201,172.217.194.0-255,1484,28915,70,351586
5443,0.000203,172.31.40.0-255,66,28981,70,351586
5444,0.000223,172.217.194.0-255,2543,31524,70,351586
5445,0.000226,172.31.40.0-255,66,31590,70,351586
5446,0.000415,172.217.194.0-255,1484,33074,70,351586
5447,0.00042,172.31.40.0-255,66,33140,70,351586
5448,0.000451,172.217.194.0-255,2902,36042,70,351586
5449,0.000455,172.31.40.0-255,66,36108,70,351586
5450,0.000462,172.217.194.0-255,5738,41846,70,351586
5451,0.000464,172.31.40.0-255,66,41912,70,351586
5452,0.000468,172.217.194.0-255,2902,44814,70,351586
5453,0.000471,172.31.40.0-255,66,44880,70,351586
5454,0.0005,172.217.194.0-255,2902,47782,70,351586
5455,0.000502,172.31.40.0-255,66,47848,70,351586
5456,0.000521,172.217.194.0-255,1125,48973,70,351586
5457,0.000543,172.217.194.0-255,1484,50457,70,351586
5458,0.000546,172.31.40.0-255,66,50523,70,351586
5459,0.000571,172.217.194.0-255,1484,52007,70,351586
5460,0.000587,172.217.194.0-255,2902,54909,70,351586
5461,0.000589,172.31.40.0-255,66,54975,70,351586
5462,0.000596,172.217.194.0-255,5738,60713,70,351586
5463,0.000599,172.31.40.0-255,66,60779,70,351586
5464,0.000616,172.217.194.0-255,4320,65099,70,351586
5465,0.000625,172.31.40.0-255,66,65165,70,351586
5466,0.000628,172.217.194.0-255,1125,66290,70,351586
5467,0.000773,172.217.194.0-255,377,66667,70,351586
5468,0.000801,172.217.194.0-255,365,67032,70,351586
5469,0.000806,172.31.40.0-255,66,67098,70,351586
5470,0.001087,172.217.194.0-255,1484,68582,70,351586
5471,0.001094,172.217.194.0-255,2902,71484,70,351586
5472,0.001098,172.31.40.0-255,66,71550,70,351586
5473,0.001104,172.217.194.0-255,2902,74452,70,351586
5474,0.001106,172.31.40.0-255,66,74518,70,351586
5475,0.001141,172.217.194.0-255,2902,77420,70,351586
5476,0.001144,172.31.40.0-255,66,77486,70,351586
5477,0.001147,172.217.194.0-255,1484,78970,70,351586
5478,0.001152,172.217.194.0-255,2902,81872,70,351586
5479,0.001154,172.31.40.0-255,66,81938,70,351586
5480,0.001189,172.217.194.0-255,4320,86258,70,351586
5481,0.001192,172.31.40.0-255,66,86324,70,351586
5482,0.001197,172.217.194.0-255,2902,89226,70,351586
5483,0.001199,172.31.40.0-255,66,89292,70,351586
5484,0.00123,172.217.194.0-255,2902,92194,70,351586
5485,0.001233,172.31.40.0-255,66,92260,70,351586
5486,0.001242,172.217.194.0-255,9274,101534,70,351586
5487,0.001244,172.31.40.0-255,66,101600,70,351586
5488,0.001272,172.217.194.0-255,4320,105920,70,351586
5489,0.001274,172.31.40.0-255,66,105986,70,351586
5490,0.001296,172.217.194.0-255,5738,111724,70,351586
5491,0.001298,172.31.40.0-255,66,111790,70,351586
5492,0.001305,172.217.194.0-255,5738,117528,70,351586
5493,0.001308,172.31.40.0-255,66,117594,70,351586
5494,0.001335,172.217.194.0-255,1484,119078,70,351586
5495,0.001339,172.217.194.0-255,1484,120562,70,351586
5496,0.001342,172.31.40.0-255,66,120628,70,351586
5497,0.001382,172.31.40.0-255,66,120694,70,351586
5498,0.001573,172.217.194.0-255,1484,122178,70,351586
5499,0.001578,172.217.194.0-255,1484,123662,70,351586
5500,0.001582,172.31.40.0-255,66,123728,70,351586
5501,0.001605,172.217.194.0-255,1484,125212,70,351586
5502,0.001612,172.217.194.0-255,5738,130950,70,351586
5503,0.001614,172.31.40.0-255,66,131016,70,351586
5504,0.001639,172.217.194.0-255,2902,133918,70,351586
5505,0.001641,172.31.40.0-255,66,133984,70,351586
5506,0.00167,172.217.194.0-255,7156,141140,70,351586
5507,0.001672,172.31.40.0-255,66,141206,70,351586
5508,0.001678,172.217.194.0-255,4320,145526,70,351586
5509,0.00168,172.31.40.0-255,66,145592,70,351586
5510,0.001728,172.217.194.0-255,1484,147076,70,351586
5511,0.001745,172.217.194.0-255,2902,149978,70,351586
5512,0.001749,172.31.40.0-255,66,150044,70,351586
5513,0.001778,172.217.194.0-255,5020,155064,70,351586
5514,0.001781,172.31.40.0-255,66,155130,70,351586
5515,0.001785,172.217.194.0-255,1484,156614,70,351586
5516,0.001815,172.217.194.0-255,8574,165188,70,351586
5517,0.001818,172.31.40.0-255,66,165254,70,351586
5518,0.001825,172.217.194.0-255,7156,172410,70,351586
5519,0.001827,172.31.40.0-255,66,172476,70,351586
5520,0.001893,172.217.194.0-255,7156,179632,70,351586
5521,0.001903,172.31.40.0-255,66,179698,70,351586
5522,0.001909,172.217.194.0-255,5738,185436,70,351586
5523,0.001912,172.31.40.0-255,66,185502,70,351586
5524,0.001945,172.217.194.0-255,3602,189104,70,351586
5525,0.001949,172.31.40.0-255,66,189170,70,351586
5526,0.001952,172.217.194.0-255,1484,190654,70,351586
5527,0.001956,172.217.194.0-255,2902,193556,70,351586
5528,0.001958,172.31.40.0-255,66,193622,70,351586
5529,0.001964,172.217.194.0-255,5738,199360,70,351586
5530,0.001966,172.31.40.0-255,66,199426,70,351586
5531,0.00197,172.217.194.0-255,2902,202328,70,351586
5532,0.001972,172.31.40.0-255,66,202394,70,351586
5533,0.002005,172.217.194.0-255,1484,203878,70,351586
5534,0.002012,172.217.194.0-255,5738,209616,70,351586
5535,0.002014,172.31.40.0-255,66,209682,70,351586
5536,0.002023,172.217.194.0-255,8574,218256,70,351586
5537,0.002025,172.31.40.0-255,66,218322,70,351586
5538,0.002055,172.217.194.0-255,2902,221224,70,351586
5539,0.002058,172.31.40.0-255,66,221290,70,351586
5540,0.002062,172.217.194.0-255,2184,223474,70,351586
5541,0.002064,172.31.40.0-255,66,223540,70,351586
5542,0.002108,172.217.194.0-255,4320,227860,70,351586
5543,0.002111,172.31.40.0-255,66,227926,70,351586
5544,0.002138,172.217.194.0-255,7156,235082,70,351586
5545,0.002141,172.31.40.0-255,66,235148,70,351586
5546,0.002154,172.217.194.0-255,7156,242304,70,351586
5547,0.002157,172.31.40.0-255,66,242370,70,351586
5548,0.002185,172.217.194.0-255,5738,248108,70,351586
5549,0.002188,172.31.40.0-255,66,248174,70,351586
5550,0.002198,172.217.194.0-255,9274,257448,70,351586
5551,0.002201,172.31.40.0-255,66,257514,70,351586
5552,0.002326,172.217.194.0-255,1484,258998,70,351586
5553,0.002331,172.217.194.0-255,1484,260482,70,351586
5554,0.002334,172.31.40.0-255,66,260548,70,351586
5555,0.002365,172.217.194.0-255,1484,262032,70,351586
5556,0.002372,172.217.194.0-255,5738,267770,70,351586
5557,0.002374,172.31.40.0-255,66,267836,70,351586
5558,0.002382,172.217.194.0-255,7156,274992,70,351586
5559,0.002384,172.31.40.0-255,66,275058,70,351586
5560,0.002418,172.217.194.0-255,5738,280796,70,351586
5561,0.002421,172.31.40.0-255,66,280862,70,351586
5562,0.002431,172.217.194.0-255,10692,291554,70,351586
5563,0.002433,172.31.40.0-255,66,291620,70,351586
5564,0.00245,172.31.40.0-255,66,291686,70,351586
5565,0.002492,172.217.194.0-255,8574,300260,70,351586
5566,0.002496,172.31.40.0-255,66,300326,70,351586
5567,0.002518,172.217.194.0-255,4320,304646,70,351586
5568,0.002522,172.31.40.0-255,66,304712,70,351586
5569,0.002536,172.31.40.0-255,66,304778,70,351586
5570,0.00255,172.31.40.0-255,66,304844,70,351586
5571,0.002552,172.217.194.0-255,1484,306328,70,351586
5572,0.005011,172.217.194.0-255,4320,310648,70,351586
5573,0.00502,172.31.40.0-255,66,310714,70,351586
5574,0.007465,172.217.194.0-255,5738,316452,70,351586
5575,0.007469,172.31.40.0-255,66,316518,70,351586
5576,0.009916,172.217.194.0-255,5738,322256,70,351586
5577,0.009925,172.31.40.0-255,66,322322,70,351586
5578,0.012389,172.217.194.0-255,5738,328060,70,351586
5579,0.012397,172.31.40.0-255,66,328126,70,351586
5580,0.01484,172.217.194.0-255,5738,333864,70,351586
5581,0.014847,172.31.40.0-255,66,333930,70,351586
5582,0.017322,172.217.194.0-255,5738,339668,70,351586
5583,0.017331,172.31.40.0-255,66,339734,70,351586
5584,0.019786,172.217.194.0-255,5738,345472,70,351586
5585,0.019796,172.31.40.0-255,66,345538,70,351586
5586,0.022226,172.217.194.0-255,211,345749,70,351586
5587,0.022348,172.31.40.0-255,66,345815,70,351586
5588,0.022386,172.31.40.0-255,105,345920,70,351586
5589,0.024931,172.217.194.0-255,66,345986,70,351586
5590,0.029557,172.31.40.0-255,172,346158,70,351586
5591,0.029587,172.31.40.0-255,1118,347276,70,351586
5592,0.029645,172.31.40.0-255,1514,348790,70,351586
5593,0.029647,172.31.40.0-255,1514,350304,70,351586
5594,0.029648,172.31.40.0-255,844,351148,70,351586
5595,0.03125,104.244.42.0-255,66,351214,70,351586
5596,0.03126,104.244.42.0-255,66,351280,70,351586
5597,0.031344,104.244.42.0-255,66,351346,70,351586
5598,0.031347,104.244.42.0-255,66,351412,70,351586
5599,0.032094,104.244.42.0-255,108,351520,70,351586
5600,0.032105,172.31.40.0-255,66,351586,70,351586
5601,0.0,74.125.130.0-255,146,146,70,382396
5602,2.3e-05,172.31.40.0-255,66,212,70,382396
5603,3e-05,74.125.130.0-255,1484,1696,70,382396
5604,3.4e-05,172.31.40.0-255,66,1762,70,382396
5605,3.7e-05,74.125.130.0-255,1484,3246,70,382396
5606,4e-05,172.31.40.0-255,66,3312,70,382396
5607,5.7e-05,74.125.130.0-255,2902,6214,70,382396
5608,5.9e-05,172.31.40.0-255,66,6280,70,382396
5609,8e-05,74.125.130.0-255,2902,9182,70,382396
5610,8.7e-05,172.31.40.0-255,66,9248,70,382396
5611,0.000113,74.125.130.0-255,2902,12150,70,382396
5612,0.000115,172.31.40.0-255,66,12216,70,382396
5613,0.00012,74.125.130.0-255,2093,14309,70,382396
5614,0.000122,172.31.40.0-255,66,14375,70,382396
5615,0.000127,74.125.130.0-255,2902,17277,70,382396
5616,0.000129,172.31.40.0-255,66,17343,70,382396
5617,0.000153,74.125.130.0-255,1484,18827,70,382396
5618,0.000155,172.31.40.0-255,66,18893,70,382396
5619,0.000184,74.125.130.0-255,5738,24631,70,382396
5620,0.000187,172.31.40.0-255,66,24697,70,382396
5621,0.000194,74.125.130.0-255,6797,31494,70,382396
5622,0.000196,172.31.40.0-255,66,31560,70,382396
5623,0.00033,74.125.130.0-255,1484,33044,70,382396
5624,0.000335,172.31.40.0-255,66,33110,70,382396
5625,0.00034,74.125.130.0-255,2902,36012,70,382396
5626,0.000342,172.31.40.0-255,66,36078,70,382396
5627,0.000368,74.125.130.0-255,5738,41816,70,382396
5628,0.000371,172.31.40.0-255,66,41882,70,382396
5629,0.000376,74.125.130.0-255,2902,44784,70,382396
5630,0.000379,172.31.40.0-255,66,44850,70,382396
5631,0.000404,74.125.130.0-255,2902,47752,70,382396
5632,0.000406,172.31.40.0-255,66,47818,70,382396
5633,0.000412,74.125.130.0-255,5738,53556,70,382396
5634,0.000434,74.125.130.0-255,1484,55040,70,382396
5635,0.00045,74.125.130.0-255,4320,59360,70,382396
5636,0.000489,74.125.130.0-255,6438,65798,70,382396
5637,0.000493,74.125.130.0-255,340,66138,70,382396
5638,0.000608,172.31.40.0-255,66,66204,70,382396
5639,0.00079,74.125.130.0-255,119,66323,70,382396
5640,0.00106,74.125.130.0-255,1484,67807,70,382396
5641,0.001065,172.31.40.0-255,66,67873,70,382396
5642,0.001071,74.125.130.0-255,2902,70775,70,382396
5643,0.001091,74.125.130.0-255,1484,72259,70,382396
5644,0.001096,74.125.130.0-255,2902,75161,70,382396
5645,0.001108,172.31.40.0-255,66,75227,70,382396
5646,0.00112,74.125.130.0-255,5738,80965,70,382396
5647,0.00115,74.125.130.0-255,4320,85285,70,382396
5648,0.001161,172.31.40.0-255,66,85351,70,382396
5649,0.001178,74.125.130.0-255,5738,91089,70,382396
5650,0.001194,74.125.130.0-255,5738,96827,70,382396
5651,0.001215,74.125.130.0-255,3602,100429,70,382396
5652,0.001217,74.125.130.0-255,380,100809,70,382396
5653,0.00122,172.31.40.0-255,66,100875,70,382396
5654,0.001231,172.31.40.0-255,66,100941,70,382396
5655,0.001268,74.125.130.0-255,1484,102425,70,382396
5656,0.00132,74.125.130.0-255,1484,103909,70,382396
5657,0.001337,172.31.40.0-255,66,103975,70,382396
5658,0.001344,74.125.130.0-255,2902,106877,70,382396
5659,0.001347,74.125.130.0-255,2902,109779,70,382396
5660,0.001353,172.31.40.0-255,66,109845,70,382396
5661,0.001376,74.125.130.0-255,2902,112747,70,382396
5662,0.001382,74.125.130.0-255,4320,117067,70,382396
5663,0.001422,74.125.130.0-255,7156,124223,70,382396
5664,0.001433,74.125.130.0-255,10692,134915,70,382396
5665,0.001448,74.125.130.0-255,1484,136399,70,382396
5666,0.001452,172.31.40.0-255,66,136465,70,382396
5667,0.001461,74.125.130.0-255,2902,139367,70,382396
5668,0.001476,172.31.40.0-255,66,139433,70,382396
5669,0.001497,74.125.130.0-255,4320,143753,70,382396
5670,0.001515,74.125.130.0-255,1484,145237,70,382396
5671,0.00152,74.125.130.0-255,4320,149557,70,382396
5672,0.001524,172.31.40.0-255,66,149623,70,382396
5673,0.001538,74.125.130.0-255,2902,152525,70,382396
5674,0.00154,74.125.130.0-255,1484,154009,70,382396
5675,0.001543,172.31.40.0-255,66,154075,70,382396
5676,0.001566,74.125.130.0-255,5738,159813,70,382396
5677,0.001594,74.125.130.0-255,7156,166969,70,382396
5678,0.00161,172.31.40.0-255,66,167035,70,382396
5679,0.001614,74.125.130.0-255,1484,168519,70,382396
5680,0.001616,74.125.130.0-255,766,169285,70,382396
5681,0.001636,172.31.40.0-255,66,169351,70,382396
5682,0.001677,74.125.130.0-255,1484,170835,70,382396
5683,0.001681,74.125.130.0-255,1484,172319,70,382396
5684,0.001691,172.31.40.0-255,66,172385,70,382396
5685,0.001708,74.125.130.0-255,2902,175287,70,382396
5686,0.001719,74.125.130.0-255,5738,181025,70,382396
5687,0.001739,172.31.40.0-255,66,181091,70,382396
5688,0.001747,74.125.130.0-255,1484,182575,70,382396
5689,0.001767,74.125.130.0-255,4320,186895,70,382396
5690,0.001781,74.125.130.0-255,1484,188379,70,382396
5691,0.001789,172.31.40.0-255,66,188445,70,382396
5692,0.001823,74.125.130.0-255,8574,197019,70,382396
5693,0.001827,74.125.130.0-255,1484,198503,70,382396
5694,0.001834,172.31.40.0-255,66,198569,70,382396
5695,0.001844,74.125.130.0-255,2902,201471,70,382396
5696,0.001847,74.125.130.0-255,2184,203655,70,382396
5697,0.001875,172.31.40.0-255,66,203721,70,382396
5698,0.002059,74.125.130.0-255,1484,205205,70,382396
5699,0.002073,74.125.130.0-255,2902,208107,70,382396
5700,0.002079,172.31.40.0-255,66,208173,70,382396
5701,0.002089,74.125.130.0-255,2902,211075,70,382396
5702,0.002116,74.125.130.0-255,2902,213977,70,382396
5703,0.002123,74.125.130.0-255,7156,221133,70,382396
5704,0.00214,172.31.40.0-255,66,221199,70,382396
5705,0.002156,74.125.130.0-255,1484,222683,70,382396
5706,0.002176,74.125.130.0-255,5738,228421,70,382396
5707,0.002185,172.31.40.0-255,66,228487,70,382396
5708,0.002199,74.125.130.0-255,7156,235643,70,382396
5709,0.00223,74.125.130.0-255,2184,237827,70,382396
5710,0.002244,172.31.40.0-255,66,237893,70,382396
5711,0.002389,74.125.130.0-255,1484,239377,70,382396
5712,0.002409,74.125.130.0-255,2902,242279,70,382396
5713,0.002412,172.31.40.0-255,66,242345,70,382396
5714,0.002445,74.125.130.0-255,5738,248083,70,382396
5715,0.002481,172.31.40.0-255,66,248149,70,382396
5716,0.009511,172.31.40.0-255,66,248215,70,382396
5717,0.012124,74.125.130.0-255,5738,253953,70,382396
5718,0.012133,172.31.40.0-255,66,254019,70,382396
5719,0.014751,74.125.130.0-255,5738,259757,70,382396
5720,0.01476,172.31.40.0-255,66,259823,70,382396
5721,0.017484,74.125.130.0-255,5738,265561,70,382396
5722,0.017495,172.31.40.0-255,66,265627,70,382396
5723,0.020106,74.125.130.0-255,5738,271365,70,382396
5724,0.021468,172.31.40.0-255,66,271431,70,382396
5725,0.02408,74.125.130.0-255,5738,277169,70,382396
5726,0.024089,172.31.40.0-255,66,277235,70,382396
5727,0.026683,74.125.130.0-255,5738,282973,70,382396
5728,0.026689,172.31.40.0-255,66,283039,70,382396
5729,0.029299,74.125.130.0-255,5738,288777,70,382396
5730,0.029308,172.31.40.0-255,66,288843,70,382396
5731,0.031929,74.125.130.0-255,5738,294581,70,382396
5732,0.031936,172.31.40.0-255,66,294647,70,382396
5733,0.032113,172.31.40.0-255,176,294823,70,382396
5734,0.032142,172.31.40.0-255,1118,295941,70,382396
5735,0.032213,172.31.40.0-255,1514,297455,70,382396
5736,0.032215,172.31.40.0-255,1514,298969,70,382396
5737,0.032216,172.31.40.0-255,844,299813,70,382396
5738,0.033778,104.244.42.0-255,66,299879,70,382396
5739,0.03387,104.244.42.0-255,66,299945,70,382396
5740,0.03391,104.244.42.0-255,66,300011,70,382396
5741,0.033924,104.244.42.0-255,66,300077,70,382396
5742,0.034569,74.125.130.0-255,2902,302979,70,382396
5743,0.034575,172.31.40.0-255,66,303045,70,382396
5744,0.034602,74.125.130.0-255,2902,305947,70,382396
5745,0.034633,172.31.40.0-255,66,306013,70,382396
5746,0.034723,172.31.40.0-255,101,306114,70,382396
5747,0.034797,104.244.42.0-255,108,306222,70,382396
5748,0.034804,172.31.40.0-255,66,306288,70,382396
5749,0.037198,74.125.130.0-255,2902,309190,70,382396
5750,0.037204,172.31.40.0-255,66,309256,70,382396
5751,0.037232,74.125.130.0-255,2902,312158,70,382396
5752,0.037253,172.31.40.0-255,66,312224,70,382396
5753,0.037284,74.125.130.0-255,66,312290,70,382396
5754,0.039847,74.125.130.0-255,4320,316610,70,382396
5755,0.039854,172.31.40.0-255,66,316676,70,382396
5756,0.039882,74.125.130.0-255,1484,318160,70,382396
5757,0.042463,74.125.130.0-255,4320,322480,70,382396
5758,0.04247,172.31.40.0-255,66,322546,70,382396
5759,0.045092,74.125.130.0-255,5738,328284,70,382396
5760,0.045364,172.31.40.0-255,66,328350,70,382396
5761,0.048032,74.125.130.0-255,5738,334088,70,382396
5762,0.048039,172.31.40.0-255,66,334154,70,382396
5763,0.050668,74.125.130.0-255,4320,338474,70,382396
5764,0.050674,172.31.40.0-255,66,338540,70,382396
5765,0.050701,74.125.130.0-255,1484,340024,70,382396
5766,0.053311,74.125.130.0-255,4320,344344,70,382396
5767,0.053317,172.31.40.0-255,66,344410,70,382396
5768,0.055942,74.125.130.0-255,5738,350148,70,382396
5769,0.056003,172.31.40.0-255,66,350214,70,382396
5770,0.058608,74.125.130.0-255,5738,355952,70,382396
5771,0.058615,172.31.40.0-255,66,356018,70,382396
5772,0.061222,74.125.130.0-255,5738,361756,70,382396
5773,0.061228,172.31.40.0-255,66,361822,70,382396
5774,0.063842,74.125.130.0-255,5738,367560,70,382396
5775,0.063849,172.31.40.0-255,66,367626,70,382396
5776,0.066461,74.125.130.0-255,5738,373364,70,382396
5777,0.066467,172.31.40.0-255,66,373430,70,382396
5778,0.069095,74.125.130.0-255,5738,379168,70,382396
5779,0.069099,172.31.40.0-255,66,379234,70,382396
5780,0.071734,74.125.130.0-255,2925,382159,70,382396
5781,0.071742,172.31.40.0-255,66,382225,70,382396
5782,0.07192,172.31.40.0-255,105,382330,70,382396
5783,0.079334,74.125.130.0-255,66,382396,70,382396
5784,0.0,74.125.68.0-255,150,150,70,403253
5785,1.5e-05,172.31.40.0-255,66,216,70,403253
5786,2.3e-05,74.125.68.0-255,1484,1700,70,403253
5787,2.7e-05,172.31.40.0-255,66,1766,70,403253
5788,3.3e-05,74.125.68.0-255,2902,4668,70,403253
5789,3.6e-05,172.31.40.0-255,66,4734,70,403253
5790,4.2e-05,74.125.68.0-255,4320,9054,70,403253
5791,4.4e-05,172.31.40.0-255,66,9120,70,403253
5792,7.8e-05,74.125.68.0-255,4320,13440,70,403253
5793,8.1e-05,172.31.40.0-255,66,13506,70,403253
5794,0.000104,74.125.68.0-255,4952,18458,70,403253
5795,0.000107,172.31.40.0-255,66,18524,70,403253
5796,0.000115,74.125.68.0-255,8574,27098,70,403253
5797,0.000117,172.31.40.0-255,66,27164,70,403253
5798,0.000136,74.125.68.0-255,1484,28648,70,403253
5799,0.000138,172.31.40.0-255,66,28714,70,403253
5800,0.000143,74.125.68.0-255,2543,31257,70,403253
5801,0.000145,172.31.40.0-255,66,31323,70,403253
5802,0.000247,74.125.68.0-255,1484,32807,70,403253
5803,0.000251,172.31.40.0-255,66,32873,70,403253
5804,0.000256,74.125.68.0-255,2902,35775,70,403253
5805,0.000258,172.31.40.0-255,66,35841,70,403253
5806,0.000266,74.125.68.0-255,5738,41579,70,403253
5807,0.000269,172.31.40.0-255,66,41645,70,403253
5808,0.000284,74.125.68.0-255,2902,44547,70,403253
5809,0.000286,172.31.40.0-255,66,44613,70,403253
5810,0.000293,74.125.68.0-255,3961,48574,70,403253
5811,0.000295,172.31.40.0-255,66,48640,70,403253
5812,0.000346,74.125.68.0-255,5738,54378,70,403253
5813,0.00035,172.31.40.0-255,66,54444,70,403253
5814,0.000366,74.125.68.0-255,2902,57346,70,403253
5815,0.000368,172.31.40.0-255,66,57412,70,403253
5816,0.000372,74.125.68.0-255,2902,60314,70,403253
5817,0.000374,172.31.40.0-255,66,60380,70,403253
5818,0.000393,74.125.68.0-255,5693,66073,70,403253
5819,0.000395,172.31.40.0-255,66,66139,70,403253
5820,0.000414,74.125.68.0-255,375,66514,70,403253
5821,0.000625,74.125.68.0-255,1484,67998,70,403253
5822,0.00063,172.31.40.0-255,66,68064,70,403253
5823,0.000635,74.125.68.0-255,1484,69548,70,403253
5824,0.000662,74.125.68.0-255,2902,72450,70,403253
5825,0.000665,172.31.40.0-255,66,72516,70,403253
5826,0.000684,74.125.68.0-255,4320,76836,70,403253
5827,0.000686,172.31.40.0-255,66,76902,70,403253
5828,0.000698,74.125.68.0-255,1484,78386,70,403253
5829,0.000722,74.125.68.0-255,4320,82706,70,403253
5830,0.000725,172.31.40.0-255,66,82772,70,403253
5831,0.000745,74.125.68.0-255,2902,85674,70,403253
5832,0.00075,74.125.68.0-255,5738,91412,70,403253
5833,0.000761,172.31.40.0-255,66,91478,70,403253
5834,0.000765,172.31.40.0-255,66,91544,70,403253
5835,0.000771,74.125.68.0-255,5738,97282,70,403253
5836,0.000773,172.31.40.0-255,66,97348,70,403253
5837,0.0008,74.125.68.0-255,1484,98832,70,403253
5838,0.000805,74.125.68.0-255,2184,101016,70,403253
5839,0.000807,172.31.40.0-255,66,101082,70,403253
5840,0.000951,74.125.68.0-255,1484,102566,70,403253
5841,0.000955,74.125.68.0-255,1484,104050,70,403253
5842,0.000958,172.31.40.0-255,66,104116,70,403253
5843,0.000977,74.125.68.0-255,1484,105600,70,403253
5844,0.000982,74.125.68.0-255,4320,109920,70,403253
5845,0.000985,172.31.40.0-255,66,109986,70,403253
5846,0.000997,74.125.68.0-255,1484,111470,70,403253
5847,0.001002,74.125.68.0-255,2902,114372,70,403253
5848,0.001004,172.31.40.0-255,66,114438,70,403253
5849,0.001018,74.125.68.0-255,2902,117340,70,403253
5850,0.001021,172.31.40.0-255,66,117406,70,403253
5851,0.00104,74.125.68.0-255,7156,124562,70,403253
5852,0.001043,172.31.40.0-255,66,124628,70,403253
5853,0.001051,74.125.68.0-255,7156,131784,70,403253
5854,0.001053,172.31.40.0-255,66,131850,70,403253
5855,0.00107,74.125.68.0-255,2902,134752,70,403253
5856,0.001074,172.31.40.0-255,66,134818,70,403253
5857,0.001088,74.125.68.0-255,766,135584,70,403253
5858,0.001243,74.125.68.0-255,1484,137068,70,403253
5859,0.001247,172.31.40.0-255,66,137134,70,403253
5860,0.001251,74.125.68.0-255,1484,138618,70,403253
5861,0.001266,74.125.68.0-255,1484,140102,70,403253
5862,0.001268,172.31.40.0-255,66,140168,70,403253
5863,0.001275,74.125.68.0-255,5738,145906,70,403253
5864,0.001277,172.31.40.0-255,66,145972,70,403253
5865,0.001305,74.125.68.0-255,8574,154546,70,403253
5866,0.001308,172.31.40.0-255,66,154612,70,403253
5867,0.001335,74.125.68.0-255,9992,164604,70,403253
5868,0.001338,172.31.40.0-255,66,164670,70,403253
5869,0.001343,74.125.68.0-255,2902,167572,70,403253
5870,0.001345,172.31.40.0-255,66,167638,70,403253
5871,0.001374,74.125.68.0-255,2184,169822,70,403253
5872,0.001377,172.31.40.0-255,66,169888,70,403253
5873,0.001418,74.125.68.0-255,1484,171372,70,403253
5874,0.001438,74.125.68.0-255,2902,174274,70,403253
5875,0.001441,172.31.40.0-255,66,174340,70,403253
5876,0.001447,74.125.68.0-255,4320,178660,70,403253
5877,0.001449,172.31.40.0-255,66,178726,70,403253
5878,0.00146,74.125.68.0-255,1484,180210,70,403253
5879,0.001483,74.125.68.0-255,4320,184530,70,403253
5880,0.001485,172.31.40.0-255,66,184596,70,403253
5881,0.001488,74.125.68.0-255,1484,186080,70,403253
5882,0.001511,74.125.68.0-255,9992,196072,70,403253
5883,0.001513,172.31.40.0-255,66,196138,70,403253
5884,0.001518,74.125.68.0-255,2902,199040,70,403253
5885,0.00152,172.31.40.0-255,66,199106,70,403253
5886,0.001523,74.125.68.0-255,1484,200590,70,403253
5887,0.001538,74.125.68.0-255,2902,203492,70,403253
5888,0.001541,172.31.40.0-255,66,203558,70,403253
5889,0.001543,74.125.68.0-255,766,204324,70,403253
5890,0.001567,74.125.68.0-255,1484,205808,70,403253
5891,0.00157,172.31.40.0-255,66,205874,70,403253
5892,0.001596,74.125.68.0-255,4320,210194,70,403253
5893,0.0016,172.31.40.0-255,66,210260,70,403253
5894,0.001604,74.125.68.0-255,2902,213162,70,403253
5895,0.001606,172.31.40.0-255,66,213228,70,403253
5896,0.001622,74.125.68.0-255,4320,217548,70,403253
5897,0.001625,172.31.40.0-255,66,217614,70,403253
5898,0.001658,74.125.68.0-255,5738,223352,70,403253
5899,0.001661,172.31.40.0-255,66,223418,70,403253
5900,0.001679,74.125.68.0-255,2902,226320,70,403253
5901,0.001682,172.31.40.0-255,66,226386,70,403253
5902,0.001695,74.125.68.0-255,2902,229288,70,403253
5903,0.001698,172.31.40.0-255,66,229354,70,403253
5904,0.001722,74.125.68.0-255,7156,236510,70,403253
5905,0.001725,172.31.40.0-255,66,236576,70,403253
5906,0.001729,74.125.68.0-255,2184,238760,70,403253
5907,0.001731,172.31.40.0-255,66,238826,70,403253
5908,0.001863,74.125.68.0-255,1484,240310,70,403253
5909,0.001883,74.125.68.0-255,2902,243212,70,403253
5910,0.001887,172.31.40.0-255,66,243278,70,403253
5911,0.001909,74.125.68.0-255,5738,249016,70,403253
5912,0.001912,172.31.40.0-255,66,249082,70,403253
5913,0.001922,74.125.68.0-255,4320,253402,70,403253
5914,0.001924,172.31.40.0-255,66,253468,70,403253
5915,0.00193,74.125.68.0-255,5738,259206,70,403253
5916,0.001933,172.31.40.0-255,66,259272,70,403253
5917,0.00196,74.125.68.0-255,4320,263592,70,403253
5918,0.001963,172.31.40.0-255,66,263658,70,403253
5919,0.00199,74.125.68.0-255,7156,270814,70,403253
5920,0.001993,172.31.40.0-255,66,270880,70,403253
5921,0.001997,74.125.68.0-255,2184,273064,70,403253
5922,0.001999,172.31.40.0-255,66,273130,70,403253
5923,0.002054,74.125.68.0-255,1484,274614,70,403253
5924,0.002058,74.125.68.0-255,1484,276098,70,403253
5925,0.002061,172.31.40.0-255,66,276164,70,403253
5926,0.00208,74.125.68.0-255,1484,277648,70,403253
5927,0.002084,74.125.68.0-255,1484,279132,70,403253
5928,0.002086,172.31.40.0-255,66,279198,70,403253
5929,0.00209,74.125.68.0-255,2902,282100,70,403253
5930,0.002093,172.31.40.0-255,66,282166,70,403253
5931,0.002095,74.125.68.0-255,1484,283650,70,403253
5932,0.002115,74.125.68.0-255,4320,287970,70,403253
5933,0.002118,172.31.40.0-255,66,288036,70,403253
5934,0.002123,74.125.68.0-255,4320,292356,70,403253
5935,0.002125,172.31.40.0-255,66,292422,70,403253
5936,0.002131,74.125.68.0-255,4320,296742,70,403253
5937,0.002133,172.31.40.0-255,66,296808,70,403253
5938,0.002149,74.125.68.0-255,1484,298292,70,403253
5939,0.002175,74.125.68.0-255,2902,301194,70,403253
5940,0.002178,172.31.40.0-255,66,301260,70,403253
5941,0.002202,74.125.68.0-255,6438,307698,70,403253
5942,0.002206,172.31.40.0-255,66,307764,70,403253
5943,0.002244,74.125.68.0-255,7156,314920,70,403253
5944,0.002247,172.31.40.0-255,66,314986,70,403253
5945,0.002253,74.125.68.0-255,5738,320724,70,403253
5946,0.002255,172.31.40.0-255,66,320790,70,403253
5947,0.002268,74.125.68.0-255,2902,323692,70,403253
5948,0.00227,172.31.40.0-255,66,323758,70,403253
5949,0.002275,74.125.68.0-255,4320,328078,70,403253
5950,0.002278,172.31.40.0-255,66,328144,70,403253
5951,0.002303,74.125.68.0-255,2902,331046,70,403253
5952,0.002306,172.31.40.0-255,66,331112,70,403253
5953,0.002314,74.125.68.0-255,8574,339686,70,403253
5954,0.002316,172.31.40.0-255,66,339752,70,403253
5955,0.00232,74.125.68.0-255,2184,341936,70,403253
5956,0.002346,172.31.40.0-255,66,342002,70,403253
5957,0.004606,74.125.68.0-255,2902,344904,70,403253
5958,0.004645,74.125.68.0-255,2902,347806,70,403253
5959,0.010862,172.31.40.0-255,66,347872,70,403253
5960,0.012092,74.125.68.0-255,1484,349356,70,403253
5961,0.013172,74.125.68.0-255,4320,353676,70,403253
5962,0.013178,172.31.40.0-255,66,353742,70,403253
5963,0.015486,74.125.68.0-255,5738,359480,70,403253
5964,0.015493,172.31.40.0-255,66,359546,70,403253
5965,0.017812,74.125.68.0-255,5738,365284,70,403253
5966,0.017829,172.31.40.0-255,66,365350,70,403253
5967,0.020147,74.125.68.0-255,5738,371088,70,403253
5968,0.020163,172.31.40.0-255,66,371154,70,403253
5969,0.022467,74.125.68.0-255,5738,376892,70,403253
5970,0.022474,172.31.40.0-255,66,376958,70,403253
5971,0.024791,74.125.68.0-255,5738,382696,70,403253
5972,0.0248,172.31.40.0-255,66,382762,70,403253
5973,0.027111,74.125.68.0-255,5738,388500,70,403253
5974,0.027119,172.31.40.0-255,66,388566,70,403253
5975,0.029448,74.125.68.0-255,5738,394304,70,403253
5976,0.029458,172.31.40.0-255,66,394370,70,403253
5977,0.031775,74.125.68.0-255,5738,400108,70,403253
5978,0.031782,172.31.40.0-255,66,400174,70,403253
5979,0.034088,74.125.68.0-255,1991,402165,70,403253
5980,0.034096,172.31.40.0-255,66,402231,70,403253
5981,0.034274,172.31.40.0-255,105,402336,70,403253
5982,0.036539,74.125.68.0-255,66,402402,70,403253
5983,0.04043,172.31.40.0-255,172,402574,70,403253
5984,0.040459,172.31.40.0-255,613,403187,70,403253
5985,0.042512,104.244.42.0-255,66,403253,70,403253
5986,0.0,74.125.68.0-255,150,150,70,391820
5987,2.2e-05,172.31.40.0-255,66,216,70,391820
5988,3e-05,74.125.68.0-255,1484,1700,70,391820
5989,3.4e-05,172.31.40.0-255,66,1766,70,391820
5990,3.7e-05,74.125.68.0-255,1484,3250,70,391820
5991,5e-05,172.31.40.0-255,66,3316,70,391820
5992,5.7e-05,74.125.68.0-255,2902,6218,70,391820
5993,6e-05,172.31.40.0-255,66,6284,70,391820
5994,7.8e-05,74.125.68.0-255,1484,7768,70,391820
5995,8.5e-05,172.31.40.0-255,66,7834,70,391820
5996,9.1e-05,74.125.68.0-255,2902,10736,70,391820
5997,9.4e-05,172.31.40.0-255,66,10802,70,391820
5998,0.00012,74.125.68.0-255,5738,16540,70,391820
5999,0.000123,172.31.40.0-255,66,16606,70,391820
6000,0.000158,74.125.68.0-255,605,17211,70,391820
6001,0.000161,172.31.40.0-255,66,17277,70,391820
6002,0.00017,74.125.68.0-255,7156,24433,70,391820
6003,0.000172,172.31.40.0-255,66,24499,70,391820
6004,0.000179,74.125.68.0-255,6797,31296,70,391820
6005,0.000181,172.31.40.0-255,66,31362,70,391820
6006,0.000289,74.125.68.0-255,1484,32846,70,391820
6007,0.000293,172.31.40.0-255,66,32912,70,391820
6008,0.000298,74.125.68.0-255,2902,35814,70,391820
6009,0.0003,172.31.40.0-255,66,35880,70,391820
6010,0.000304,74.125.68.0-255,1484,37364,70,391820
6011,0.000311,172.31.40.0-255,66,37430,70,391820
6012,0.000344,74.125.68.0-255,4320,41750,70,391820
6013,0.000347,172.31.40.0-255,66,41816,70,391820
6014,0.000352,74.125.68.0-255,2902,44718,70,391820
6015,0.000354,172.31.40.0-255,66,44784,70,391820
6016,0.00036,74.125.68.0-255,5738,50522,70,391820
6017,0.000363,172.31.40.0-255,66,50588,70,391820
6018,0.0004,74.125.68.0-255,5379,55967,70,391820
6019,0.000408,74.125.68.0-255,5738,61705,70,391820
6020,0.000422,74.125.68.0-255,4232,65937,70,391820
6021,0.000494,74.125.68.0-255,383,66320,70,391820
6022,0.000541,172.31.40.0-255,66,66386,70,391820
6023,0.000662,74.125.68.0-255,1484,67870,70,391820
6024,0.000667,74.125.68.0-255,1484,69354,70,391820
6025,0.000671,172.31.40.0-255,66,69420,70,391820
6026,0.00068,74.125.68.0-255,1484,70904,70,391820
6027,0.00069,74.125.68.0-255,4320,75224,70,391820
6028,0.000703,74.125.68.0-255,1484,76708,70,391820
6029,0.00072,172.31.40.0-255,66,76774,70,391820
6030,0.000733,74.125.68.0-255,4320,81094,70,391820
6031,0.00075,74.125.68.0-255,5738,86832,70,391820
6032,0.000766,172.31.40.0-255,66,86898,70,391820
6033,0.000773,74.125.68.0-255,1125,88023,70,391820
6034,0.00079,74.125.68.0-255,1125,89148,70,391820
6035,0.000827,172.31.40.0-255,66,89214,70,391820
6036,0.001038,74.125.68.0-255,1484,90698,70,391820
6037,0.001046,74.125.68.0-255,2902,93600,70,391820
6038,0.001075,74.125.68.0-255,5738,99338,70,391820
6039,0.001086,172.31.40.0-255,66,99404,70,391820
6040,0.001098,74.125.68.0-255,5738,105142,70,391820
6041,0.001101,74.125.68.0-255,1484,106626,70,391820
6042,0.00111,172.31.40.0-255,66,106692,70,391820
6043,0.001133,74.125.68.0-255,5738,112430,70,391820
6044,0.001147,74.125.68.0-255,4320,116750,70,391820
6045,0.001165,74.125.68.0-255,5738,122488,70,391820
6046,0.001171,172.31.40.0-255,66,122554,70,391820
6047,0.001178,74.125.68.0-255,766,123320,70,391820
6048,0.001567,74.125.68.0-255,1484,124804,70,391820
6049,0.001572,172.31.40.0-255,66,124870,70,391820
6050,0.001592,74.125.68.0-255,2902,127772,70,391820
6051,0.001599,74.125.68.0-255,4320,132092,70,391820
6052,0.001612,74.125.68.0-255,1484,133576,70,391820
6053,0.00162,172.31.40.0-255,66,133642,70,391820
6054,0.001632,74.125.68.0-255,7156,140798,70,391820
6055,0.001639,74.125.68.0-255,7156,147954,70,391820
6056,0.001654,74.125.68.0-255,2902,150856,70,391820
6057,0.001658,172.31.40.0-255,66,150922,70,391820
6058,0.001671,74.125.68.0-255,5738,156660,70,391820
6059,0.001689,172.31.40.0-255,66,156726,70,391820
6060,0.001713,74.125.68.0-255,6438,163164,70,391820
6061,0.00172,74.125.68.0-255,7156,170320,70,391820
6062,0.001737,172.31.40.0-255,66,170386,70,391820
6063,0.001751,74.125.68.0-255,8574,178960,70,391820
6064,0.001769,74.125.68.0-255,4320,183280,70,391820
6065,0.001789,74.125.68.0-255,2902,186182,70,391820
6066,0.001795,172.31.40.0-255,66,186248,70,391820
6067,0.001826,74.125.68.0-255,5020,191268,70,391820
6068,0.001837,172.31.40.0-255,66,191334,70,391820
6069,0.001867,74.125.68.0-255,1484,192818,70,391820
6070,0.001879,74.125.68.0-255,1484,194302,70,391820
6071,0.001893,74.125.68.0-255,1484,195786,70,391820
6072,0.001898,74.125.68.0-255,2902,198688,70,391820
6073,0.001901,172.31.40.0-255,66,198754,70,391820
6074,0.00191,74.125.68.0-255,1484,200238,70,391820
6075,0.001914,172.31.40.0-255,66,200304,70,391820
6076,0.001942,74.125.68.0-255,2902,203206,70,391820
6077,0.001951,74.125.68.0-255,8574,211780,70,391820
6078,0.001964,172.31.40.0-255,66,211846,70,391820
6079,0.001975,74.125.68.0-255,5738,217584,70,391820
6080,0.00198,172.31.40.0-255,66,217650,70,391820
6081,0.001997,74.125.68.0-255,4320,221970,70,391820
6082,0.002029,74.125.68.0-255,3602,225572,70,391820
6083,0.002036,74.125.68.0-255,4320,229892,70,391820
6084,0.00204,74.125.68.0-255,2902,232794,70,391820
6085,0.002065,74.125.68.0-255,4320,237114,70,391820
6086,0.00207,172.31.40.0-255,66,237180,70,391820
6087,0.002109,74.125.68.0-255,7156,244336,70,391820
6088,0.002113,74.125.68.0-255,1484,245820,70,391820
6089,0.002142,74.125.68.0-255,7156,252976,70,391820
6090,0.002147,74.125.68.0-255,2902,255878,70,391820
6091,0.002164,74.125.68.0-255,3602,259480,70,391820
6092,0.002198,74.125.68.0-255,7156,266636,70,391820
6093,0.002204,74.125.68.0-255,4320,270956,70,391820
6094,0.002221,74.125.68.0-255,2902,273858,70,391820
6095,0.002229,74.125.68.0-255,8574,282432,70,391820
6096,0.002285,74.125.68.0-255,10692,293124,70,391820
6097,0.002306,74.125.68.0-255,8574,301698,70,391820
6098,0.002323,74.125.68.0-255,2902,304600,70,391820
6099,0.002327,74.125.68.0-255,4320,308920,70,391820
6100,0.002354,74.125.68.0-255,7156,316076,70,391820
6101,0.008064,172.31.40.0-255,66,316142,70,391820
6102,0.01038,74.125.68.0-255,5738,321880,70,391820
6103,0.010387,172.31.40.0-255,66,321946,70,391820
6104,0.012689,74.125.68.0-255,5738,327684,70,391820
6105,0.012696,172.31.40.0-255,66,327750,70,391820
6106,0.015002,74.125.68.0-255,5738,333488,70,391820
6107,0.01701,172.31.40.0-255,66,333554,70,391820
6108,0.019316,74.125.68.0-255,5738,339292,70,391820
6109,0.019325,172.31.40.0-255,66,339358,70,391820
6110,0.021626,74.125.68.0-255,4320,343678,70,391820
6111,0.021632,172.31.40.0-255,66,343744,70,391820
6112,0.021659,74.125.68.0-255,1484,345228,70,391820
6113,0.023943,74.125.68.0-255,4320,349548,70,391820
6114,0.023951,172.31.40.0-255,66,349614,70,391820
6115,0.02625,74.125.68.0-255,5738,355352,70,391820
6116,0.026418,172.31.40.0-255,66,355418,70,391820
6117,0.028716,74.125.68.0-255,5738,361156,70,391820
6118,0.028724,172.31.40.0-255,66,361222,70,391820
6119,0.030596,172.31.40.0-255,172,361394,70,391820
6120,0.030631,172.31.40.0-255,1118,362512,70,391820
6121,0.030689,172.31.40.0-255,1514,364026,70,391820
6122,0.030691,172.31.40.0-255,1325,365351,70,391820
6123,0.031038,74.125.68.0-255,5738,371089,70,391820
6124,0.031045,172.31.40.0-255,66,371155,70,391820
6125,0.032155,104.244.42.0-255,66,371221,70,391820
6126,0.03221,104.244.42.0-255,66,371287,70,391820
6127,0.032259,104.244.42.0-255,66,371353,70,391820
6128,0.033356,74.125.68.0-255,5738,377091,70,391820
6129,0.033361,172.31.40.0-255,66,377157,70,391820
6130,0.035676,74.125.68.0-255,5738,382895,70,391820
6131,0.035681,172.31.40.0-255,66,382961,70,391820
6132,0.037985,74.125.68.0-255,1484,384445,70,391820
6133,0.038002,74.125.68.0-255,4320,388765,70,391820
6134,0.038006,172.31.40.0-255,66,388831,70,391820
6135,0.040327,74.125.68.0-255,2752,391583,70,391820
6136,0.040334,172.31.40.0-255,66,391649,70,391820
6137,0.040493,172.31.40.0-255,105,391754,70,391820
6138,0.042761,74.125.68.0-255,66,391820,70,391820
6139,0.0,172.217.160.0-255,219,219,70,396201
6140,1.7e-05,172.31.40.0-255,66,285,70,396201
6141,2.4e-05,172.217.160.0-255,1484,1769,70,396201
6142,2.8e-05,172.31.40.0-255,66,1835,70,396201
6143,3.3e-05,172.217.160.0-255,4320,6155,70,396201
6144,3.8e-05,172.31.40.0-255,66,6221,70,396201
6145,4.5e-05,172.217.160.0-255,5738,11959,70,396201
6146,4.8e-05,172.31.40.0-255,66,12025,70,396201
6147,7.4e-05,172.217.160.0-255,7156,19181,70,396201
6148,7.7e-05,172.31.40.0-255,66,19247,70,396201
6149,9.6e-05,172.217.160.0-255,4676,23923,70,396201
6150,9.9e-05,172.31.40.0-255,66,23989,70,396201
6151,0.000106,172.217.160.0-255,5738,29727,70,396201
6152,0.000108,172.31.40.0-255,66,29793,70,396201
6153,0.000127,172.217.160.0-255,1125,30918,70,396201
6154,0.000129,172.31.40.0-255,66,30984,70,396201
6155,0.000199,172.217.160.0-255,1484,32468,70,396201
6156,0.000203,172.31.40.0-255,66,32534,70,396201
6157,0.000208,172.217.160.0-255,2902,35436,70,396201
6158,0.00021,172.31.40.0-255,66,35502,70,396201
6159,0.000228,172.217.160.0-255,5738,41240,70,396201
6160,0.000231,172.31.40.0-255,66,41306,70,396201
6161,0.000255,172.217.160.0-255,4320,45626,70,396201
6162,0.000258,172.31.40.0-255,66,45692,70,396201
6163,0.000293,172.217.160.0-255,9633,55325,70,396201
6164,0.000297,172.31.40.0-255,66,55391,70,396201
6165,0.000306,172.217.160.0-255,9917,65308,70,396201
6166,0.000308,172.31.40.0-255,66,65374,70,396201
6167,0.000581,172.217.160.0-255,102,65476,70,396201
6168,0.000587,172.31.40.0-255,66,65542,70,396201
6169,0.000753,172.217.160.0-255,1484,67026,70,396201
6170,0.000757,172.31.40.0-255,66,67092,70,396201
6171,0.000764,172.217.160.0-255,2902,69994,70,396201
6172,0.000767,172.31.40.0-255,66,70060,70,396201
6173,0.000773,172.217.160.0-255,5738,75798,70,396201
6174,0.000776,172.31.40.0-255,66,75864,70,396201
6175,0.000779,172.217.160.0-255,1484,77348,70,396201
6176,0.000803,172.217.160.0-255,8574,85922,70,396201
6177,0.000806,172.31.40.0-255,66,85988,70,396201
6178,0.00082,172.217.160.0-255,3961,89949,70,396201
6179,0.000822,172.31.40.0-255,66,90015,70,396201
6180,0.000902,172.217.160.0-255,2902,92917,70,396201
6181,0.000906,172.31.40.0-255,66,92983,70,396201
6182,0.000923,172.217.160.0-255,7074,100057,70,396201
6183,0.000927,172.31.40.0-255,66,100123,70,396201
6184,0.000997,172.217.160.0-255,1484,101607,70,396201
6185,0.001016,172.217.160.0-255,2902,104509,70,396201
6186,0.001019,172.31.40.0-255,66,104575,70,396201
6187,0.001024,172.217.160.0-255,2902,107477,70,396201
6188,0.001026,172.31.40.0-255,66,107543,70,396201
6189,0.001042,172.217.160.0-255,2902,110445,70,396201
6190,0.001044,172.31.40.0-255,66,110511,70,396201
6191,0.001052,172.217.160.0-255,7156,117667,70,396201
6192,0.001054,172.31.40.0-255,66,117733,70,396201
6193,0.00106,172.217.160.0-255,5738,123471,70,396201
6194,0.001064,172.31.40.0-255,66,123537,70,396201
6195,0.001095,172.217.160.0-255,8574,132111,70,396201
6196,0.001099,172.31.40.0-255,66,132177,70,396201
6197,0.001102,172.217.160.0-255,2184,134361,70,396201
6198,0.001105,172.31.40.0-255,66,134427,70,396201
6199,0.001166,172.217.160.0-255,4320,138747,70,396201
6200,0.00117,172.31.40.0-255,66,138813,70,396201
6201,0.001178,172.31.40.0-255,66,138879,70,396201
6202,0.001186,172.217.160.0-255,8574,147453,70,396201
6203,0.001188,172.31.40.0-255,66,147519,70,396201
6204,0.001192,172.217.160.0-255,2902,150421,70,396201
6205,0.001194,172.31.40.0-255,66,150487,70,396201
6206,0.00123,172.217.160.0-255,6438,156925,70,396201
6207,0.001236,172.217.160.0-255,5738,162663,70,396201
6208,0.00124,172.31.40.0-255,66,162729,70,396201
6209,0.001243,172.31.40.0-255,66,162795,70,396201
6210,0.001256,172.217.160.0-255,4320,167115,70,396201
6211,0.001258,172.31.40.0-255,66,167181,70,396201
6212,0.001267,172.217.160.0-255,9992,177173,70,396201
6213,0.001269,172.31.40.0-255,66,177239,70,396201
6214,0.001293,172.217.160.0-255,4320,181559,70,396201
6215,0.001296,172.31.40.0-255,66,181625,70,396201
6216,0.001319,172.217.160.0-255,9274,190899,70,396201
6217,0.001322,172.31.40.0-255,66,190965,70,396201
6218,0.001619,172.217.160.0-255,1484,192449,70,396201
6219,0.001625,172.217.160.0-255,2902,195351,70,396201
6220,0.001628,172.31.40.0-255,66,195417,70,396201
6221,0.001634,172.217.160.0-255,5738,201155,70,396201
6222,0.001637,172.31.40.0-255,66,201221,70,396201
6223,0.001688,172.217.160.0-255,2902,204123,70,396201
6224,0.001691,172.31.40.0-255,66,204189,70,396201
6225,0.001696,172.217.160.0-255,2902,207091,70,396201
6226,0.001697,172.31.40.0-255,66,207157,70,396201
6227,0.001713,172.217.160.0-255,1484,208641,70,396201
6228,0.00172,172.217.160.0-255,5738,214379,70,396201
6229,0.001722,172.31.40.0-255,66,214445,70,396201
6230,0.001738,172.217.160.0-255,2902,217347,70,396201
6231,0.00174,172.31.40.0-255,66,217413,70,396201
6232,0.001743,172.217.160.0-255,1484,218897,70,396201
6233,0.001771,172.217.160.0-255,6438,225335,70,396201
6234,0.001774,172.31.40.0-255,66,225401,70,396201
6235,0.003546,172.217.160.0-255,4320,229721,70,396201
6236,0.003553,172.31.40.0-255,66,229787,70,396201
6237,0.003571,172.217.160.0-255,1484,231271,70,396201
6238,0.005317,172.217.160.0-255,4320,235591,70,396201
6239,0.00532,172.31.40.0-255,66,235657,70,396201
6240,0.007092,172.217.160.0-255,5738,241395,70,396201
6241,0.007098,172.31.40.0-255,66,241461,70,396201
6242,0.008884,172.217.160.0-255,2902,244363,70,396201
6243,0.008891,172.31.40.0-255,66,244429,70,396201
6244,0.008911,172.217.160.0-255,2902,247331,70,396201
6245,0.008915,172.31.40.0-255,66,247397,70,396201
6246,0.010664,172.217.160.0-255,4320,251717,70,396201
6247,0.01067,172.31.40.0-255,66,251783,70,396201
6248,0.010689,172.217.160.0-255,1484,253267,70,396201
6249,0.012449,172.217.160.0-255,4320,257587,70,396201
6250,0.012456,172.31.40.0-255,66,257653,70,396201
6251,0.014233,172.217.160.0-255,4320,261973,70,396201
6252,0.014242,172.31.40.0-255,66,262039,70,396201
6253,0.014264,172.217.160.0-255,1484,263523,70,396201
6254,0.016026,172.217.160.0-255,4320,267843,70,396201
6255,0.016033,172.31.40.0-255,66,267909,70,396201
6256,0.017811,172.217.160.0-255,5738,273647,70,396201
6257,0.01782,172.31.40.0-255,66,273713,70,396201
6258,0.019592,172.217.160.0-255,5738,279451,70,396201
6259,0.0196,172.31.40.0-255,66,279517,70,396201
6260,0.021386,172.217.160.0-255,5738,285255,70,396201
6261,0.021393,172.31.40.0-255,66,285321,70,396201
6262,0.023289,172.217.160.0-255,5738,291059,70,396201
6263,0.023296,172.31.40.0-255,66,291125,70,396201
6264,0.025064,172.217.160.0-255,5738,296863,70,396201
6265,0.02507,172.31.40.0-255,66,296929,70,396201
6266,0.026844,172.217.160.0-255,5738,302667,70,396201
6267,0.02685,172.31.40.0-255,66,302733,70,396201
6268,0.028657,172.217.160.0-255,5738,308471,70,396201
6269,0.028664,172.31.40.0-255,66,308537,70,396201
6270,0.030429,172.217.160.0-255,2902,311439,70,396201
6271,0.030437,172.31.40.0-255,66,311505,70,396201
6272,0.030464,172.217.160.0-255,2902,314407,70,396201
6273,0.030466,172.31.40.0-255,66,314473,70,396201
6274,0.032204,172.217.160.0-255,2902,317375,70,396201
6275,0.032211,172.31.40.0-255,66,317441,70,396201
6276,0.032234,172.217.160.0-255,2902,320343,70,396201
6277,0.032237,172.31.40.0-255,66,320409,70,396201
6278,0.032262,172.31.40.0-255,172,320581,70,396201
6279,0.032291,172.31.40.0-255,1114,321695,70,396201
6280,0.032396,172.31.40.0-255,1514,323209,70,396201
6281,0.032398,172.31.40.0-255,1514,324723,70,396201
6282,0.032423,172.31.40.0-255,848,325571,70,396201
6283,0.033913,104.244.42.0-255,66,325637,70,396201
6284,0.033971,172.217.160.0-255,2902,328539,70,396201
6285,0.033976,172.31.40.0-255,66,328605,70,396201
6286,0.033997,172.217.160.0-255,2902,331507,70,396201
6287,0.034,172.31.40.0-255,66,331573,70,396201
6288,0.034008,104.244.42.0-255,66,331639,70,396201
6289,0.034097,104.244.42.0-255,66,331705,70,396201
6290,0.03413,104.244.42.0-255,66,331771,70,396201
6291,0.035756,172.217.160.0-255,2902,334673,70,396201
6292,0.035763,172.31.40.0-255,66,334739,70,396201
6293,0.03578,172.217.160.0-255,2902,337641,70,396201
6294,0.035783,172.31.40.0-255,66,337707,70,396201
6295,0.037551,172.217.160.0-255,5738,343445,70,396201
6296,0.037556,172.31.40.0-255,66,343511,70,396201
6297,0.039336,172.217.160.0-255,5738,349249,70,396201
6298,0.039342,172.31.40.0-255,66,349315,70,396201
6299,0.041132,172.217.160.0-255,5738,355053,70,396201
6300,0.041137,172.31.40.0-255,66,355119,70,396201
6301,0.042906,172.217.160.0-255,5738,360857,70,396201
6302,0.042912,172.31.40.0-255,66,360923,70,396201
6303,0.044689,172.217.160.0-255,5738,366661,70,396201
6304,0.044694,172.31.40.0-255,66,366727,70,396201
6305,0.04646,172.217.160.0-255,5738,372465,70,396201
6306,0.046466,172.31.40.0-255,66,372531,70,396201
6307,0.04824,172.217.160.0-255,5738,378269,70,396201
6308,0.048245,172.31.40.0-255,66,378335,70,396201
6309,0.050014,172.217.160.0-255,5738,384073,70,396201
6310,0.050019,172.31.40.0-255,66,384139,70,396201
6311,0.051795,172.217.160.0-255,5738,389877,70,396201
6312,0.051801,172.31.40.0-255,66,389943,70,396201
6313,0.05358,172.217.160.0-255,1484,391427,70,396201
6314,0.053606,172.217.160.0-255,4320,395747,70,396201
6315,0.05361,172.31.40.0-255,66,395813,70,396201
6316,0.055349,172.217.160.0-255,151,395964,70,396201
6317,0.055471,172.31.40.0-255,66,396030,70,396201
6318,0.055504,172.31.40.0-255,105,396135,70,396201
6319,0.057235,172.217.160.0-255,66,396201,70,396201
6320,0.0,172.217.194.0-255,152,152,70,261526
6321,1.4e-05,172.31.40.0-255,66,218,70,261526
6322,2.1e-05,172.217.194.0-255,1484,1702,70,261526
6323,2.6e-05,172.31.40.0-255,66,1768,70,261526
6324,5.6e-05,172.217.194.0-255,2902,4670,70,261526
6325,5.9e-05,172.31.40.0-255,66,4736,70,261526
6326,6.6e-05,172.217.194.0-255,5738,10474,70,261526
6327,6.9e-05,172.31.40.0-255,66,10540,70,261526
6328,9.4e-05,172.217.194.0-255,10637,21177,70,261526
6329,9.7e-05,172.31.40.0-255,66,21243,70,261526
6330,0.000102,172.217.194.0-255,4320,25563,70,261526
6331,0.000105,172.31.40.0-255,66,25629,70,261526
6332,0.000128,172.217.194.0-255,5379,31008,70,261526
6333,0.000131,172.31.40.0-255,66,31074,70,261526
6334,0.000162,172.217.194.0-255,1484,32558,70,261526
6335,0.000164,172.31.40.0-255,66,32624,70,261526
6336,0.000169,172.217.194.0-255,2902,35526,70,261526
6337,0.000171,172.31.40.0-255,66,35592,70,261526
6338,0.000184,172.217.194.0-255,2902,38494,70,261526
6339,0.000186,172.31.40.0-255,66,38560,70,261526
6340,0.000208,172.217.194.0-255,2902,41462,70,261526
6341,0.00021,172.31.40.0-255,66,41528,70,261526
6342,0.000217,172.217.194.0-255,5738,47266,70,261526
6343,0.000219,172.31.40.0-255,66,47332,70,261526
6344,0.000237,172.217.194.0-255,6797,54129,70,261526
6345,0.000239,172.31.40.0-255,66,54195,70,261526
6346,0.000258,172.217.194.0-255,1484,55679,70,261526
6347,0.00026,172.31.40.0-255,66,55745,70,261526
6348,0.00029,172.217.194.0-255,9918,65663,70,261526
6349,0.000293,172.31.40.0-255,66,65729,70,261526
6350,0.00031,172.217.194.0-255,371,66100,70,261526
6351,0.000312,172.31.40.0-255,66,66166,70,261526
6352,0.000435,172.217.194.0-255,1484,67650,70,261526
6353,0.000442,172.217.194.0-255,2902,70552,70,261526
6354,0.000446,172.31.40.0-255,66,70618,70,261526
6355,0.00045,172.217.194.0-255,2902,73520,70,261526
6356,0.000453,172.31.40.0-255,66,73586,70,261526
6357,0.000466,172.217.194.0-255,2902,76488,70,261526
6358,0.000468,172.31.40.0-255,66,76554,70,261526
6359,0.000476,172.217.194.0-255,6797,83351,70,261526
6360,0.000478,172.31.40.0-255,66,83417,70,261526
6361,0.000509,172.217.194.0-255,9992,93409,70,261526
6362,0.000512,172.31.40.0-255,66,93475,70,261526
6363,0.000531,172.217.194.0-255,4320,97795,70,261526
6364,0.000534,172.31.40.0-255,66,97861,70,261526
6365,0.000538,172.217.194.0-255,2543,100404,70,261526
6366,0.00054,172.31.40.0-255,66,100470,70,261526
6367,0.000587,172.217.194.0-255,1484,101954,70,261526
6368,0.000606,172.217.194.0-255,2902,104856,70,261526
6369,0.000609,172.31.40.0-255,66,104922,70,261526
6370,0.000616,172.217.194.0-255,5738,110660,70,261526
6371,0.000619,172.31.40.0-255,66,110726,70,261526
6372,0.000624,172.217.194.0-255,5738,116464,70,261526
6373,0.000627,172.31.40.0-255,66,116530,70,261526
6374,0.000677,172.31.40.0-255,66,116596,70,261526
6375,0.000683,172.217.194.0-255,5020,121616,70,261526
6376,0.000685,172.31.40.0-255,66,121682,70,261526
6377,0.000725,172.217.194.0-255,1484,123166,70,261526
6378,0.000743,172.217.194.0-255,2902,126068,70,261526
6379,0.000746,172.31.40.0-255,66,126134,70,261526
6380,0.000752,172.217.194.0-255,5738,131872,70,261526
6381,0.000755,172.31.40.0-255,66,131938,70,261526
6382,0.000805,172.31.40.0-255,66,132004,70,261526
6383,0.000815,172.217.194.0-255,9992,141996,70,261526
6384,0.000817,172.31.40.0-255,66,142062,70,261526
6385,0.00082,172.217.194.0-255,766,142828,70,261526
6386,0.001064,172.217.194.0-255,1484,144312,70,261526
6387,0.001069,172.31.40.0-255,66,144378,70,261526
6388,0.001089,172.217.194.0-255,2902,147280,70,261526
6389,0.001092,172.31.40.0-255,66,147346,70,261526
6390,0.001098,172.217.194.0-255,4320,151666,70,261526
6391,0.0011,172.31.40.0-255,66,151732,70,261526
6392,0.001111,172.217.194.0-255,1484,153216,70,261526
6393,0.001129,172.217.194.0-255,2902,156118,70,261526
6394,0.001132,172.31.40.0-255,66,156184,70,261526
6395,0.001159,172.217.194.0-255,9992,166176,70,261526
6396,0.001162,172.31.40.0-255,66,166242,70,261526
6397,0.001173,172.217.194.0-255,10692,176934,70,261526
6398,0.001175,172.31.40.0-255,66,177000,70,261526
6399,0.001183,172.217.194.0-255,8574,185574,70,261526
6400,0.001185,172.31.40.0-255,66,185640,70,261526
6401,0.001207,172.217.194.0-255,2902,188542,70,261526
6402,0.001209,172.31.40.0-255,66,188608,70,261526
6403,0.001212,172.217.194.0-255,1484,190092,70,261526
6404,0.001227,172.31.40.0-255,66,190158,70,261526
6405,0.001242,172.217.194.0-255,1484,191642,70,261526
6406,0.00125,172.217.194.0-255,6438,198080,70,261526
6407,0.001253,172.31.40.0-255,66,198146,70,261526
6408,0.00128,172.217.194.0-255,1484,199630,70,261526
6409,0.001296,172.217.194.0-255,2902,202532,70,261526
6410,0.001299,172.31.40.0-255,66,202598,70,261526
6411,0.001306,172.217.194.0-255,5738,208336,70,261526
6412,0.001309,172.31.40.0-255,66,208402,70,261526
6413,0.00136,172.31.40.0-255,66,208468,70,261526
6414,0.001369,172.217.194.0-255,9992,218460,70,261526
6415,0.001371,172.31.40.0-255,66,218526,70,261526
6416,0.001374,172.217.194.0-255,766,219292,70,261526
6417,0.001424,172.217.194.0-255,1484,220776,70,261526
6418,0.001428,172.31.40.0-255,66,220842,70,261526
6419,0.001448,172.217.194.0-255,2902,223744,70,261526
6420,0.001451,172.31.40.0-255,66,223810,70,261526
6421,0.001455,172.217.194.0-255,2902,226712,70,261526
6422,0.001458,172.31.40.0-255,66,226778,70,261526
6423,0.001475,172.217.194.0-255,2902,229680,70,261526
6424,0.001478,172.31.40.0-255,66,229746,70,261526
6425,0.001492,172.31.40.0-255,66,229812,70,261526
6426,0.001536,172.217.194.0-255,8574,238386,70,261526
6427,0.001538,172.31.40.0-255,66,238452,70,261526
6428,0.001551,172.217.194.0-255,2184,240636,70,261526
6429,0.001554,172.31.40.0-255,66,240702,70,261526
6430,0.001567,172.31.40.0-255,66,240768,70,261526
6431,0.001596,172.217.194.0-255,4320,245088,70,261526
6432,0.001599,172.31.40.0-255,66,245154,70,261526
6433,0.001617,172.31.40.0-255,66,245220,70,261526
6434,0.001634,172.31.40.0-255,66,245286,70,261526
6435,0.001655,172.217.194.0-255,1484,246770,70,261526
6436,0.001696,172.31.40.0-255,66,246836,70,261526
6437,0.001704,172.217.194.0-255,8574,255410,70,261526
6438,0.001707,172.31.40.0-255,66,255476,70,261526
6439,0.001724,172.217.194.0-255,1379,256855,70,261526
6440,0.001727,172.217.194.0-255,105,256960,70,261526
6441,0.008523,172.31.40.0-255,66,257026,70,261526
6442,0.00857,172.31.40.0-255,105,257131,70,261526
6443,0.010776,172.217.194.0-255,66,257197,70,261526
6444,0.02899,172.31.40.0-255,172,257369,70,261526
6445,0.029024,172.31.40.0-255,1113,258482,70,261526
6446,0.029082,172.31.40.0-255,1514,259996,70,261526
6447,0.029084,172.31.40.0-255,1332,261328,70,261526
6448,0.030468,104.244.42.0-255,66,261394,70,261526
6449,0.030569,104.244.42.0-255,66,261460,70,261526
6450,0.030597,104.244.42.0-255,66,261526,70,261526
6451,0.0,74.125.24.0-255,150,150,70,345431
6452,2.1e-05,172.31.40.0-255,66,216,70,345431
6453,2.7e-05,74.125.24.0-255,1484,1700,70,345431
6454,3.1e-05,172.31.40.0-255,66,1766,70,345431
6455,3.7e-05,74.125.24.0-255,2902,4668,70,345431
6456,4e-05,172.31.40.0-255,66,4734,70,345431
6457,4.6e-05,74.125.24.0-255,5738,10472,70,345431
6458,4.8e-05,172.31.40.0-255,66,10538,70,345431
6459,7.5e-05,74.125.24.0-255,1484,12022,70,345431
6460,7.8e-05,172.31.40.0-255,66,12088,70,345431
6461,0.0001,74.125.24.0-255,2076,14164,70,345431
6462,0.000102,172.31.40.0-255,66,14230,70,345431
6463,0.000239,74.125.24.0-255,1484,15714,70,345431
6464,0.000245,172.31.40.0-255,66,15780,70,345431
6465,0.00025,74.125.24.0-255,2902,18682,70,345431
6466,0.000252,172.31.40.0-255,66,18748,70,345431
6467,0.000259,74.125.24.0-255,5738,24486,70,345431
6468,0.000261,172.31.40.0-255,66,24552,70,345431
6469,0.000303,172.31.40.0-255,66,24618,70,345431
6470,0.000315,172.31.40.0-255,66,24684,70,345431
6471,0.000351,74.125.24.0-255,4320,29004,70,345431
6472,0.000354,172.31.40.0-255,66,29070,70,345431
6473,0.000385,74.125.24.0-255,10692,39762,70,345431
6474,0.000388,172.31.40.0-255,66,39828,70,345431
6475,0.00039,74.125.24.0-255,365,40193,70,345431
6476,0.000392,172.31.40.0-255,66,40259,70,345431
6477,0.000425,74.125.24.0-255,128,40387,70,345431
6478,0.000428,172.31.40.0-255,66,40453,70,345431
6479,0.000509,74.125.24.0-255,1484,41937,70,345431
6480,0.000513,172.31.40.0-255,66,42003,70,345431
6481,0.000519,74.125.24.0-255,2902,44905,70,345431
6482,0.000522,172.31.40.0-255,66,44971,70,345431
6483,0.000526,74.125.24.0-255,2902,47873,70,345431
6484,0.000529,172.31.40.0-255,66,47939,70,345431
6485,0.00055,74.125.24.0-255,2902,50841,70,345431
6486,0.000552,172.31.40.0-255,66,50907,70,345431
6487,0.00056,74.125.24.0-255,8574,59481,70,345431
6488,0.000562,172.31.40.0-255,66,59547,70,345431
6489,0.000585,74.125.24.0-255,2902,62449,70,345431
6490,0.000588,172.31.40.0-255,66,62515,70,345431
6491,0.000612,74.125.24.0-255,7156,69671,70,345431
6492,0.000615,172.31.40.0-255,66,69737,70,345431
6493,0.000621,74.125.24.0-255,5020,74757,70,345431
6494,0.000623,172.31.40.0-255,66,74823,70,345431
6495,0.000692,74.125.24.0-255,350,75173,70,345431
6496,0.000727,74.125.24.0-255,1484,76657,70,345431
6497,0.000731,172.31.40.0-255,66,76723,70,345431
6498,0.000754,74.125.24.0-255,4320,81043,70,345431
6499,0.000757,172.31.40.0-255,66,81109,70,345431
6500,0.000764,74.125.24.0-255,7156,88265,70,345431
6501,0.000768,172.31.40.0-255,66,88331,70,345431
6502,0.000817,74.125.24.0-255,8574,96905,70,345431
6503,0.00082,172.31.40.0-255,66,96971,70,345431
6504,0.000833,172.31.40.0-255,66,97037,70,345431
6505,0.000894,74.125.24.0-255,1484,98521,70,345431
6506,0.0009,74.125.24.0-255,2902,101423,70,345431
6507,0.000902,172.31.40.0-255,66,101489,70,345431
6508,0.000906,74.125.24.0-255,1484,102973,70,345431
6509,0.000928,74.125.24.0-255,4320,107293,70,345431
6510,0.000931,172.31.40.0-255,66,107359,70,345431
6511,0.000936,74.125.24.0-255,2902,110261,70,345431
6512,0.000938,172.31.40.0-255,66,110327,70,345431
6513,0.000957,74.125.24.0-255,9992,120319,70,345431
6514,0.00096,172.31.40.0-255,66,120385,70,345431
6515,0.000969,74.125.24.0-255,7156,127541,70,345431
6516,0.000972,172.31.40.0-255,66,127607,70,345431
6517,0.000991,74.125.24.0-255,3602,131209,70,345431
6518,0.000995,172.31.40.0-255,66,131275,70,345431
6519,0.001379,74.125.24.0-255,1484,132759,70,345431
6520,0.001385,74.125.24.0-255,2902,135661,70,345431
6521,0.001391,172.31.40.0-255,66,135727,70,345431
6522,0.001414,74.125.24.0-255,5738,141465,70,345431
6523,0.001417,172.31.40.0-255,66,141531,70,345431
6524,0.001421,74.125.24.0-255,2902,144433,70,345431
6525,0.001423,172.31.40.0-255,66,144499,70,345431
6526,0.00144,74.125.24.0-255,4320,148819,70,345431
6527,0.001444,74.125.24.0-255,2902,151721,70,345431
6528,0.001447,172.31.40.0-255,66,151787,70,345431
6529,0.00145,172.31.40.0-255,66,151853,70,345431
6530,0.001488,172.31.40.0-255,66,151919,70,345431
6531,0.001492,74.125.24.0-255,2184,154103,70,345431
6532,0.001494,172.31.40.0-255,66,154169,70,345431
6533,0.0022,74.125.24.0-255,1484,155653,70,345431
6534,0.002208,74.125.24.0-255,2902,158555,70,345431
6535,0.002211,172.31.40.0-255,66,158621,70,345431
6536,0.002218,74.125.24.0-255,5738,164359,70,345431
6537,0.002221,172.31.40.0-255,66,164425,70,345431
6538,0.002225,74.125.24.0-255,2902,167327,70,345431
6539,0.002227,172.31.40.0-255,66,167393,70,345431
6540,0.002249,74.125.24.0-255,1484,168877,70,345431
6541,0.002257,74.125.24.0-255,7156,176033,70,345431
6542,0.002259,172.31.40.0-255,66,176099,70,345431
6543,0.002278,74.125.24.0-255,4320,180419,70,345431
6544,0.002281,172.31.40.0-255,66,180485,70,345431
6545,0.002287,74.125.24.0-255,5738,186223,70,345431
6546,0.002289,172.31.40.0-255,66,186289,70,345431
6547,0.002313,74.125.24.0-255,2184,188473,70,345431
6548,0.002316,172.31.40.0-255,66,188539,70,345431
6549,0.002324,74.125.24.0-255,8574,197113,70,345431
6550,0.002326,172.31.40.0-255,66,197179,70,345431
6551,0.002346,74.125.24.0-255,5738,202917,70,345431
6552,0.002349,172.31.40.0-255,66,202983,70,345431
6553,0.002385,74.125.24.0-255,9992,212975,70,345431
6554,0.002388,172.31.40.0-255,66,213041,70,345431
6555,0.002397,74.125.24.0-255,9274,222315,70,345431
6556,0.002399,172.31.40.0-255,66,222381,70,345431
6557,0.002567,74.125.24.0-255,1484,223865,70,345431
6558,0.002582,74.125.24.0-255,2902,226767,70,345431
6559,0.002585,172.31.40.0-255,66,226833,70,345431
6560,0.002592,74.125.24.0-255,5738,232571,70,345431
6561,0.002594,172.31.40.0-255,66,232637,70,345431
6562,0.002627,74.125.24.0-255,8574,241211,70,345431
6563,0.002631,172.31.40.0-255,66,241277,70,345431
6564,0.002649,74.125.24.0-255,1484,242761,70,345431
6565,0.005251,74.125.24.0-255,4320,247081,70,345431
6566,0.005258,172.31.40.0-255,66,247147,70,345431
6567,0.007915,74.125.24.0-255,5738,252885,70,345431
6568,0.007921,172.31.40.0-255,66,252951,70,345431
6569,0.010524,74.125.24.0-255,5738,258689,70,345431
6570,0.01053,172.31.40.0-255,66,258755,70,345431
6571,0.01314,74.125.24.0-255,5738,264493,70,345431
6572,0.013148,172.31.40.0-255,66,264559,70,345431
6573,0.015763,74.125.24.0-255,5738,270297,70,345431
6574,0.015772,172.31.40.0-255,66,270363,70,345431
6575,0.018387,74.125.24.0-255,5738,276101,70,345431
6576,0.018394,172.31.40.0-255,66,276167,70,345431
6577,0.020988,74.125.24.0-255,5738,281905,70,345431
6578,0.020997,172.31.40.0-255,66,281971,70,345431
6579,0.023619,74.125.24.0-255,5738,287709,70,345431
6580,0.023628,172.31.40.0-255,66,287775,70,345431
6581,0.026242,74.125.24.0-255,5738,293513,70,345431
6582,0.02625,172.31.40.0-255,66,293579,70,345431
6583,0.028872,74.125.24.0-255,5738,299317,70,345431
6584,0.028881,172.31.40.0-255,66,299383,70,345431
6585,0.031533,74.125.24.0-255,5738,305121,70,345431
6586,0.031541,172.31.40.0-255,66,305187,70,345431
6587,0.034152,74.125.24.0-255,5738,310925,70,345431
6588,0.034159,172.31.40.0-255,66,310991,70,345431
6589,0.036752,74.125.24.0-255,5738,316729,70,345431
6590,0.036761,172.31.40.0-255,66,316795,70,345431
6591,0.03936,74.125.24.0-255,5738,322533,70,345431
6592,0.039374,172.31.40.0-255,66,322599,70,345431
6593,0.042001,74.125.24.0-255,5738,328337,70,345431
6594,0.042009,172.31.40.0-255,66,328403,70,345431
6595,0.044203,172.31.40.0-255,172,328575,70,345431
6596,0.044235,172.31.40.0-255,1118,329693,70,345431
6597,0.044286,172.31.40.0-255,566,330259,70,345431
6598,0.044644,74.125.24.0-255,5738,335997,70,345431
6599,0.044651,172.31.40.0-255,66,336063,70,345431
6600,0.045771,104.244.42.0-255,66,336129,70,345431
6601,0.045778,104.244.42.0-255,66,336195,70,345431
6602,0.045822,104.244.42.0-255,66,336261,70,345431
6603,0.047281,74.125.24.0-255,5738,341999,70,345431
6604,0.047287,172.31.40.0-255,66,342065,70,345431
6605,0.049932,74.125.24.0-255,2604,344669,70,345431
6606,0.049939,172.31.40.0-255,66,344735,70,345431
6607,0.050091,172.31.40.0-255,105,344840,70,345431
6608,0.05012,172.31.40.0-255,105,344945,70,345431
6609,0.050317,172.31.40.0-255,90,345035,70,345431
6610,0.050324,172.31.40.0-255,66,345101,70,345431
6611,0.052684,74.125.24.0-255,66,345167,70,345431
6612,0.052718,74.125.24.0-255,66,345233,70,345431
6613,0.052886,74.125.24.0-255,66,345299,70,345431
6614,0.053358,74.125.24.0-255,66,345365,70,345431
6615,0.053389,172.31.40.0-255,66,345431,70,345431
6616,0.0,172.217.194.0-255,152,152,70,299533
6617,2.4e-05,172.31.40.0-255,66,218,70,299533
6618,3.1e-05,172.217.194.0-255,1484,1702,70,299533
6619,3.6e-05,172.31.40.0-255,66,1768,70,299533
6620,5e-05,172.217.194.0-255,2902,4670,70,299533
6621,5.4e-05,172.31.40.0-255,66,4736,70,299533
6622,6.1e-05,172.217.194.0-255,7156,11892,70,299533
6623,6.5e-05,172.31.40.0-255,66,11958,70,299533
6624,8.5e-05,172.217.194.0-255,2130,14088,70,299533
6625,8.8e-05,172.31.40.0-255,66,14154,70,299533
6626,0.000129,172.217.194.0-255,1484,15638,70,299533
6627,0.000132,172.31.40.0-255,66,15704,70,299533
6628,0.000137,172.217.194.0-255,2902,18606,70,299533
6629,0.000139,172.31.40.0-255,66,18672,70,299533
6630,0.000163,172.217.194.0-255,5738,24410,70,299533
6631,0.000166,172.31.40.0-255,66,24476,70,299533
6632,0.000194,172.217.194.0-255,6797,31273,70,299533
6633,0.000197,172.31.40.0-255,66,31339,70,299533
6634,0.000297,172.217.194.0-255,1484,32823,70,299533
6635,0.0003,172.31.40.0-255,66,32889,70,299533
6636,0.000306,172.217.194.0-255,2902,35791,70,299533
6637,0.000308,172.31.40.0-255,66,35857,70,299533
6638,0.000336,172.217.194.0-255,5738,41595,70,299533
6639,0.00034,172.31.40.0-255,66,41661,70,299533
6640,0.000371,172.217.194.0-255,7156,48817,70,299533
6641,0.000374,172.31.40.0-255,66,48883,70,299533
6642,0.0004,172.217.194.0-255,6797,55680,70,299533
6643,0.000402,172.31.40.0-255,66,55746,70,299533
6644,0.000412,172.217.194.0-255,9633,65379,70,299533
6645,0.000414,172.31.40.0-255,66,65445,70,299533
6646,0.000417,172.217.194.0-255,377,65822,70,299533
6647,0.000419,172.31.40.0-255,66,65888,70,299533
6648,0.000931,172.217.194.0-255,366,66254,70,299533
6649,0.001065,172.217.194.0-255,1484,67738,70,299533
6650,0.00107,172.31.40.0-255,66,67804,70,299533
6651,0.001075,172.217.194.0-255,1484,69288,70,299533
6652,0.001086,172.217.194.0-255,1484,70772,70,299533
6653,0.001089,172.31.40.0-255,66,70838,70,299533
6654,0.0011,172.217.194.0-255,5738,76576,70,299533
6655,0.001103,172.31.40.0-255,66,76642,70,299533
6656,0.001106,172.217.194.0-255,1484,78126,70,299533
6657,0.001156,172.31.40.0-255,66,78192,70,299533
6658,0.001166,172.217.194.0-255,10692,88884,70,299533
6659,0.001168,172.31.40.0-255,66,88950,70,299533
6660,0.001396,172.217.194.0-255,1484,90434,70,299533
6661,0.001401,172.217.194.0-255,2902,93336,70,299533
6662,0.001407,172.31.40.0-255,66,93402,70,299533
6663,0.00143,172.217.194.0-255,5738,99140,70,299533
6664,0.001433,172.31.40.0-255,66,99206,70,299533
6665,0.001436,172.217.194.0-255,1484,100690,70,299533
6666,0.001485,172.31.40.0-255,66,100756,70,299533
6667,0.001494,172.217.194.0-255,10692,111448,70,299533
6668,0.001501,172.31.40.0-255,66,111514,70,299533
6669,0.002041,172.217.194.0-255,1484,112998,70,299533
6670,0.002049,172.217.194.0-255,1484,114482,70,299533
6671,0.002053,172.31.40.0-255,66,114548,70,299533
6672,0.002058,172.217.194.0-255,1484,116032,70,299533
6673,0.002083,172.217.194.0-255,4320,120352,70,299533
6674,0.002086,172.31.40.0-255,66,120418,70,299533
6675,0.002115,172.217.194.0-255,2902,123320,70,299533
6676,0.002117,172.31.40.0-255,66,123386,70,299533
6677,0.002125,172.217.194.0-255,8574,131960,70,299533
6678,0.002127,172.31.40.0-255,66,132026,70,299533
6679,0.00214,172.217.194.0-255,7156,139182,70,299533
6680,0.002142,172.31.40.0-255,66,139248,70,299533
6681,0.002197,172.217.194.0-255,6438,145686,70,299533
6682,0.0022,172.31.40.0-255,66,145752,70,299533
6683,0.002246,172.217.194.0-255,1484,147236,70,299533
6684,0.002262,172.217.194.0-255,2902,150138,70,299533
6685,0.002265,172.31.40.0-255,66,150204,70,299533
6686,0.00227,172.217.194.0-255,2902,153106,70,299533
6687,0.002272,172.31.40.0-255,66,153172,70,299533
6688,0.002304,172.217.194.0-255,2902,156074,70,299533
6689,0.002307,172.31.40.0-255,66,156140,70,299533
6690,0.00232,172.31.40.0-255,66,156206,70,299533
6691,0.002346,172.217.194.0-255,1484,157690,70,299533
6692,0.002356,172.217.194.0-255,9992,167682,70,299533
6693,0.002359,172.31.40.0-255,66,167748,70,299533
6694,0.002362,172.217.194.0-255,766,168514,70,299533
6695,0.00281,172.217.194.0-255,1484,169998,70,299533
6696,0.002817,172.31.40.0-255,66,170064,70,299533
6697,0.002823,172.217.194.0-255,2902,172966,70,299533
6698,0.002828,172.31.40.0-255,66,173032,70,299533
6699,0.002838,172.217.194.0-255,4320,177352,70,299533
6700,0.002841,172.31.40.0-255,66,177418,70,299533
6701,0.002871,172.217.194.0-255,1484,178902,70,299533
6702,0.002886,172.31.40.0-255,66,178968,70,299533
6703,0.002895,172.217.194.0-255,8574,187542,70,299533
6704,0.002897,172.31.40.0-255,66,187608,70,299533
6705,0.002929,172.217.194.0-255,2184,189792,70,299533
6706,0.002931,172.31.40.0-255,66,189858,70,299533
6707,0.002969,172.31.40.0-255,66,189924,70,299533
6708,0.003009,172.217.194.0-255,9992,199916,70,299533
6709,0.003013,172.31.40.0-255,66,199982,70,299533
6710,0.003022,172.217.194.0-255,10692,210674,70,299533
6711,0.003029,172.31.40.0-255,66,210740,70,299533
6712,0.003109,172.217.194.0-255,1484,212224,70,299533
6713,0.003115,172.217.194.0-255,2902,215126,70,299533
6714,0.003118,172.31.40.0-255,66,215192,70,299533
6715,0.003149,172.217.194.0-255,4320,219512,70,299533
6716,0.003159,172.217.194.0-255,8574,228086,70,299533
6717,0.003195,172.31.40.0-255,66,228152,70,299533
6718,0.003211,172.217.194.0-255,9992,238144,70,299533
6719,0.003234,172.217.194.0-255,6438,244582,70,299533
6720,0.003248,172.31.40.0-255,66,244648,70,299533
6721,0.003272,172.217.194.0-255,1484,246132,70,299533
6722,0.003301,172.217.194.0-255,2902,249034,70,299533
6723,0.003308,172.217.194.0-255,5738,254772,70,299533
6724,0.003315,172.217.194.0-255,7156,261928,70,299533
6725,0.003325,172.31.40.0-255,66,261994,70,299533
6726,0.00335,172.217.194.0-255,5738,267732,70,299533
6727,0.003358,172.217.194.0-255,7156,274888,70,299533
6728,0.003367,172.31.40.0-255,66,274954,70,299533
6729,0.003401,172.217.194.0-255,5020,279974,70,299533
6730,0.003477,172.217.194.0-255,7156,287130,70,299533
6731,0.003483,172.31.40.0-255,66,287196,70,299533
6732,0.003514,172.217.194.0-255,4980,292176,70,299533
6733,0.003517,172.217.194.0-255,105,292281,70,299533
6734,0.003534,172.31.40.0-255,66,292347,70,299533
6735,0.005439,172.31.40.0-255,105,292452,70,299533
6736,0.007399,172.217.194.0-255,66,292518,70,299533
6737,0.03604,172.31.40.0-255,172,292690,70,299533
6738,0.036075,172.31.40.0-255,1113,293803,70,299533
6739,0.03614,172.31.40.0-255,1514,295317,70,299533
6740,0.036142,172.31.40.0-255,1514,296831,70,299533
6741,0.036143,172.31.40.0-255,1514,298345,70,299533
6742,0.036144,172.31.40.0-255,1122,299467,70,299533
6743,0.039215,104.244.42.0-255,66,299533,70,299533
6744,0.0,172.217.194.0-255,146,146,70,264187
6745,1.5e-05,172.31.40.0-255,66,212,70,264187
6746,2.1e-05,172.217.194.0-255,1484,1696,70,264187
6747,2.5e-05,172.31.40.0-255,66,1762,70,264187
6748,3e-05,172.217.194.0-255,2902,4664,70,264187
6749,3.4e-05,172.31.40.0-255,66,4730,70,264187
6750,4.2e-05,172.217.194.0-255,7156,11886,70,264187
6751,4.6e-05,172.31.40.0-255,66,11952,70,264187
6752,7.1e-05,172.217.194.0-255,5738,17690,70,264187
6753,7.4e-05,172.31.40.0-255,66,17756,70,264187
6754,9.8e-05,172.217.194.0-255,7772,25528,70,264187
6755,0.0001,172.31.40.0-255,66,25594,70,264187
6756,0.000114,172.217.194.0-255,2902,28496,70,264187
6757,0.000117,172.31.40.0-255,66,28562,70,264187
6758,0.000139,172.217.194.0-255,2543,31105,70,264187
6759,0.000141,172.31.40.0-255,66,31171,70,264187
6760,0.000144,172.217.194.0-255,1484,32655,70,264187
6761,0.000146,172.31.40.0-255,66,32721,70,264187
6762,0.000166,172.217.194.0-255,4320,37041,70,264187
6763,0.000169,172.31.40.0-255,66,37107,70,264187
6764,0.000175,172.217.194.0-255,5738,42845,70,264187
6765,0.000178,172.31.40.0-255,66,42911,70,264187
6766,0.000224,172.31.40.0-255,66,42977,70,264187
6767,0.000232,172.217.194.0-255,8215,51192,70,264187
6768,0.000236,172.31.40.0-255,66,51258,70,264187
6769,0.000238,172.217.194.0-255,378,51636,70,264187
6770,0.00024,172.31.40.0-255,66,51702,70,264187
6771,0.000287,172.217.194.0-255,101,51803,70,264187
6772,0.00029,172.31.40.0-255,66,51869,70,264187
6773,0.000369,172.217.194.0-255,364,52233,70,264187
6774,0.000373,172.31.40.0-255,66,52299,70,264187
6775,0.000533,172.217.194.0-255,1484,53783,70,264187
6776,0.00054,172.217.194.0-255,2902,56685,70,264187
6777,0.000544,172.31.40.0-255,66,56751,70,264187
6778,0.000551,172.217.194.0-255,5738,62489,70,264187
6779,0.000554,172.31.40.0-255,66,62555,70,264187
6780,0.00057,172.217.194.0-255,1484,64039,70,264187
6781,0.000596,172.31.40.0-255,66,64105,70,264187
6782,0.000634,172.217.194.0-255,10692,74797,70,264187
6783,0.000637,172.31.40.0-255,66,74863,70,264187
6784,0.000946,172.217.194.0-255,1484,76347,70,264187
6785,0.000953,172.217.194.0-255,2902,79249,70,264187
6786,0.000957,172.31.40.0-255,66,79315,70,264187
6787,0.000964,172.217.194.0-255,5738,85053,70,264187
6788,0.000966,172.31.40.0-255,66,85119,70,264187
6789,0.000972,172.217.194.0-255,4320,89439,70,264187
6790,0.000974,172.31.40.0-255,66,89505,70,264187
6791,0.001005,172.217.194.0-255,1484,90989,70,264187
6792,0.00102,172.31.40.0-255,66,91055,70,264187
6793,0.001026,172.217.194.0-255,4320,95375,70,264187
6794,0.001028,172.31.40.0-255,66,95441,70,264187
6795,0.001043,172.217.194.0-255,766,96207,70,264187
6796,0.001079,172.217.194.0-255,1484,97691,70,264187
6797,0.001082,172.31.40.0-255,66,97757,70,264187
6798,0.001088,172.217.194.0-255,2902,100659,70,264187
6799,0.00109,172.31.40.0-255,66,100725,70,264187
6800,0.001114,172.217.194.0-255,5738,106463,70,264187
6801,0.001117,172.31.40.0-255,66,106529,70,264187
6802,0.001148,172.217.194.0-255,8574,115103,70,264187
6803,0.001152,172.31.40.0-255,66,115169,70,264187
6804,0.001161,172.217.194.0-255,9992,125161,70,264187
6805,0.001164,172.31.40.0-255,66,125227,70,264187
6806,0.001185,172.217.194.0-255,5020,130247,70,264187
6807,0.001188,172.31.40.0-255,66,130313,70,264187
6808,0.001228,172.217.194.0-255,1484,131797,70,264187
6809,0.001234,172.217.194.0-255,2902,134699,70,264187
6810,0.001236,172.31.40.0-255,66,134765,70,264187
6811,0.001264,172.217.194.0-255,5738,140503,70,264187
6812,0.001267,172.217.194.0-255,1484,141987,70,264187
6813,0.001273,172.31.40.0-255,66,142053,70,264187
6814,0.001291,172.31.40.0-255,66,142119,70,264187
6815,0.001301,172.217.194.0-255,10692,152811,70,264187
6816,0.001304,172.31.40.0-255,66,152877,70,264187
6817,0.00158,172.217.194.0-255,1484,154361,70,264187
6818,0.0016,172.217.194.0-255,2902,157263,70,264187
6819,0.001603,172.31.40.0-255,66,157329,70,264187
6820,0.001607,172.217.194.0-255,1484,158813,70,264187
6821,0.001627,172.217.194.0-255,4320,163133,70,264187
6822,0.00163,172.31.40.0-255,66,163199,70,264187
6823,0.001644,172.217.194.0-255,4320,167519,70,264187
6824,0.001646,172.31.40.0-255,66,167585,70,264187
6825,0.001673,172.217.194.0-255,8574,176159,70,264187
6826,0.001676,172.31.40.0-255,66,176225,70,264187
6827,0.001684,172.217.194.0-255,8574,184799,70,264187
6828,0.001686,172.31.40.0-255,66,184865,70,264187
6829,0.001705,172.217.194.0-255,2184,187049,70,264187
6830,0.001708,172.31.40.0-255,66,187115,70,264187
6831,0.001724,172.217.194.0-255,4320,191435,70,264187
6832,0.001727,172.31.40.0-255,66,191501,70,264187
6833,0.001742,172.217.194.0-255,7156,198657,70,264187
6834,0.001744,172.31.40.0-255,66,198723,70,264187
6835,0.001792,172.217.194.0-255,7156,205879,70,264187
6836,0.001795,172.31.40.0-255,66,205945,70,264187
6837,0.001844,172.217.194.0-255,1484,207429,70,264187
6838,0.00186,172.31.40.0-255,66,207495,70,264187
6839,0.001891,172.217.194.0-255,6438,213933,70,264187
6840,0.001894,172.217.194.0-255,1484,215417,70,264187
6841,0.001898,172.217.194.0-255,2902,218319,70,264187
6842,0.001915,172.217.194.0-255,5738,224057,70,264187
6843,0.001919,172.31.40.0-255,66,224123,70,264187
6844,0.001924,172.31.40.0-255,66,224189,70,264187
6845,0.001936,172.217.194.0-255,7156,231345,70,264187
6846,0.00196,172.217.194.0-255,5738,237083,70,264187
6847,0.00197,172.217.194.0-255,10692,247775,70,264187
6848,0.001976,172.31.40.0-255,66,247841,70,264187
6849,0.002012,172.217.194.0-255,2902,250743,70,264187
6850,0.002015,172.31.40.0-255,66,250809,70,264187
6851,0.002048,172.31.40.0-255,66,250875,70,264187
6852,0.002062,172.217.194.0-255,7156,258031,70,264187
6853,0.002122,172.217.194.0-255,105,258136,70,264187
6854,0.002127,172.31.40.0-255,66,258202,70,264187
6855,0.016688,172.31.40.0-255,66,258268,70,264187
6856,0.016765,172.31.40.0-255,105,258373,70,264187
6857,0.019028,172.217.194.0-255,66,258439,70,264187
6858,0.038512,172.31.40.0-255,172,258611,70,264187
6859,0.038539,172.31.40.0-255,1113,259724,70,264187
6860,0.038593,172.31.40.0-255,1514,261238,70,264187
6861,0.038595,172.31.40.0-255,1514,262752,70,264187
6862,0.038596,172.31.40.0-255,1369,264121,70,264187
6863,0.040646,104.244.42.0-255,66,264187,70,264187
6864,0.0,216.58.221.0-255,150,150,70,329715
6865,2.1e-05,172.31.40.0-255,66,216,70,329715
6866,2.8e-05,216.58.221.0-255,1484,1700,70,329715
6867,3.3e-05,172.31.40.0-255,66,1766,70,329715
6868,4.5e-05,216.58.221.0-255,2902,4668,70,329715
6869,4.9e-05,172.31.40.0-255,66,4734,70,329715
6870,5.7e-05,216.58.221.0-255,7156,11890,70,329715
6871,6.1e-05,172.31.40.0-255,66,11956,70,329715
6872,9e-05,216.58.221.0-255,2098,14054,70,329715
6873,9.3e-05,172.31.40.0-255,66,14120,70,329715
6874,0.000188,216.58.221.0-255,1484,15604,70,329715
6875,0.000191,172.31.40.0-255,66,15670,70,329715
6876,0.000195,216.58.221.0-255,1484,17154,70,329715
6877,0.000198,172.31.40.0-255,66,17220,70,329715
6878,0.000232,216.58.221.0-255,1484,18704,70,329715
6879,0.000234,172.31.40.0-255,66,18770,70,329715
6880,0.000242,216.58.221.0-255,5738,24508,70,329715
6881,0.000245,172.31.40.0-255,66,24574,70,329715
6882,0.000257,216.58.221.0-255,6797,31371,70,329715
6883,0.000259,172.31.40.0-255,66,31437,70,329715
6884,0.000293,216.58.221.0-255,4320,35757,70,329715
6885,0.000296,172.31.40.0-255,66,35823,70,329715
6886,0.000321,216.58.221.0-255,2902,38725,70,329715
6887,0.000324,172.31.40.0-255,66,38791,70,329715
6888,0.000349,216.58.221.0-255,9633,48424,70,329715
6889,0.000352,172.31.40.0-255,66,48490,70,329715
6890,0.000409,216.58.221.0-255,5738,54228,70,329715
6891,0.000412,172.31.40.0-255,66,54294,70,329715
6892,0.000439,216.58.221.0-255,4320,58614,70,329715
6893,0.000441,172.31.40.0-255,66,58680,70,329715
6894,0.000471,216.58.221.0-255,2902,61582,70,329715
6895,0.000474,172.31.40.0-255,66,61648,70,329715
6896,0.000502,216.58.221.0-255,3961,65609,70,329715
6897,0.000505,172.31.40.0-255,66,65675,70,329715
6898,0.000507,216.58.221.0-255,356,66031,70,329715
6899,0.001023,172.31.40.0-255,66,66097,70,329715
6900,0.001058,216.58.221.0-255,386,66483,70,329715
6901,0.001094,172.31.40.0-255,66,66549,70,329715
6902,0.001241,216.58.221.0-255,1484,68033,70,329715
6903,0.00125,216.58.221.0-255,2902,70935,70,329715
6904,0.001253,172.31.40.0-255,66,71001,70,329715
6905,0.001257,216.58.221.0-255,1484,72485,70,329715
6906,0.001281,216.58.221.0-255,4320,76805,70,329715
6907,0.001283,172.31.40.0-255,66,76871,70,329715
6908,0.001308,216.58.221.0-255,1484,78355,70,329715
6909,0.001321,216.58.221.0-255,5379,83734,70,329715
6910,0.001323,172.31.40.0-255,66,83800,70,329715
6911,0.00135,216.58.221.0-255,7156,90956,70,329715
6912,0.001352,172.31.40.0-255,66,91022,70,329715
6913,0.001388,216.58.221.0-255,4320,95342,70,329715
6914,0.00139,172.31.40.0-255,66,95408,70,329715
6915,0.001419,216.58.221.0-255,5379,100787,70,329715
6916,0.001422,172.31.40.0-255,66,100853,70,329715
6917,0.001669,216.58.221.0-255,1484,102337,70,329715
6918,0.001676,216.58.221.0-255,2902,105239,70,329715
6919,0.00168,172.31.40.0-255,66,105305,70,329715
6920,0.001686,216.58.221.0-255,5738,111043,70,329715
6921,0.001688,172.31.40.0-255,66,111109,70,329715
6922,0.001724,216.58.221.0-255,2902,114011,70,329715
6923,0.001727,172.31.40.0-255,66,114077,70,329715
6924,0.001749,216.58.221.0-255,9992,124069,70,329715
6925,0.001751,172.31.40.0-255,66,124135,70,329715
6926,0.001802,216.58.221.0-255,2902,127037,70,329715
6927,0.001804,172.31.40.0-255,66,127103,70,329715
6928,0.001831,216.58.221.0-255,2902,130005,70,329715
6929,0.001833,172.31.40.0-255,66,130071,70,329715
6930,0.001854,216.58.221.0-255,1484,131555,70,329715
6931,0.00186,216.58.221.0-255,5020,136575,70,329715
6932,0.001863,172.31.40.0-255,66,136641,70,329715
6933,0.001905,216.58.221.0-255,5738,142379,70,329715
6934,0.001907,172.31.40.0-255,66,142445,70,329715
6935,0.001927,216.58.221.0-255,5738,148183,70,329715
6936,0.00193,172.31.40.0-255,66,148249,70,329715
6937,0.001971,216.58.221.0-255,2902,151151,70,329715
6938,0.001974,172.31.40.0-255,66,151217,70,329715
6939,0.002012,172.31.40.0-255,66,151283,70,329715
6940,0.002123,216.58.221.0-255,1484,152767,70,329715
6941,0.002136,216.58.221.0-255,1484,154251,70,329715
6942,0.002139,172.31.40.0-255,66,154317,70,329715
6943,0.002162,216.58.221.0-255,2902,157219,70,329715
6944,0.002165,172.31.40.0-255,66,157285,70,329715
6945,0.00217,216.58.221.0-255,4320,161605,70,329715
6946,0.002173,172.31.40.0-255,66,161671,70,329715
6947,0.002199,216.58.221.0-255,1484,163155,70,329715
6948,0.002204,216.58.221.0-255,2902,166057,70,329715
6949,0.002206,172.31.40.0-255,66,166123,70,329715
6950,0.002241,216.58.221.0-255,9992,176115,70,329715
6951,0.002243,172.31.40.0-255,66,176181,70,329715
6952,0.002283,216.58.221.0-255,4320,180501,70,329715
6953,0.002285,172.31.40.0-255,66,180567,70,329715
6954,0.002313,216.58.221.0-255,5020,185587,70,329715
6955,0.002315,172.31.40.0-255,66,185653,70,329715
6956,0.002348,216.58.221.0-255,7156,192809,70,329715
6957,0.002351,172.31.40.0-255,66,192875,70,329715
6958,0.002401,216.58.221.0-255,1484,194359,70,329715
6959,0.002419,216.58.221.0-255,1484,195843,70,329715
6960,0.002421,172.31.40.0-255,66,195909,70,329715
6961,0.002433,216.58.221.0-255,1484,197393,70,329715
6962,0.00245,216.58.221.0-255,2902,200295,70,329715
6963,0.002452,172.31.40.0-255,66,200361,70,329715
6964,0.002485,216.58.221.0-255,1484,201845,70,329715
6965,0.002507,216.58.221.0-255,5738,207583,70,329715
6966,0.002509,172.31.40.0-255,66,207649,70,329715
6967,0.002512,216.58.221.0-255,1484,209133,70,329715
6968,0.002534,216.58.221.0-255,8574,217707,70,329715
6969,0.002536,172.31.40.0-255,66,217773,70,329715
6970,0.00256,216.58.221.0-255,2184,219957,70,329715
6971,0.002562,172.31.40.0-255,66,220023,70,329715
6972,0.002591,216.58.221.0-255,4320,224343,70,329715
6973,0.002593,172.31.40.0-255,66,224409,70,329715
6974,0.002631,172.31.40.0-255,66,224475,70,329715
6975,0.002696,216.58.221.0-255,1484,225959,70,329715
6976,0.002699,216.58.221.0-255,1484,227443,70,329715
6977,0.002701,172.31.40.0-255,66,227509,70,329715
6978,0.002745,172.31.40.0-255,66,227575,70,329715
6979,0.002825,216.58.221.0-255,1484,229059,70,329715
6980,0.00283,216.58.221.0-255,2902,231961,70,329715
6981,0.002832,172.31.40.0-255,66,232027,70,329715
6982,0.002862,216.58.221.0-255,5738,237765,70,329715
6983,0.002864,172.31.40.0-255,66,237831,70,329715
6984,0.002891,216.58.221.0-255,4320,242151,70,329715
6985,0.002894,172.31.40.0-255,66,242217,70,329715
6986,0.002911,216.58.221.0-255,1484,243701,70,329715
6987,0.00293,216.58.221.0-255,4320,248021,70,329715
6988,0.002933,172.31.40.0-255,66,248087,70,329715
6989,0.002959,216.58.221.0-255,5738,253825,70,329715
6990,0.002961,172.31.40.0-255,66,253891,70,329715
6991,0.002975,216.58.221.0-255,5738,259629,70,329715
6992,0.002982,172.31.40.0-255,66,259695,70,329715
6993,0.003033,216.58.221.0-255,2184,261879,70,329715
6994,0.003035,172.31.40.0-255,66,261945,70,329715
6995,0.003064,216.58.221.0-255,2902,264847,70,329715
6996,0.003066,172.31.40.0-255,66,264913,70,329715
6997,0.003073,216.58.221.0-255,7156,272069,70,329715
6998,0.003109,216.58.221.0-255,1484,273553,70,329715
6999,0.003121,216.58.221.0-255,4320,277873,70,329715
7000,0.003138,216.58.221.0-255,8574,286447,70,329715
7001,0.003152,216.58.221.0-255,1484,287931,70,329715
7002,0.003217,216.58.221.0-255,2902,290833,70,329715
7003,0.003235,216.58.221.0-255,5020,295853,70,329715
7004,0.003277,216.58.221.0-255,2902,298755,70,329715
7005,0.003296,216.58.221.0-255,9992,308747,70,329715
7006,0.003475,216.58.221.0-255,2902,311649,70,329715
7007,0.003495,216.58.221.0-255,3602,315251,70,329715
7008,0.003518,216.58.221.0-255,2902,318153,70,329715
7009,0.003645,216.58.221.0-255,5245,323398,70,329715
7010,0.003648,216.58.221.0-255,129,323527,70,329715
7011,0.005991,172.31.40.0-255,66,323593,70,329715
7012,0.008364,172.31.40.0-255,105,323698,70,329715
7013,0.008398,172.31.40.0-255,105,323803,70,329715
7014,0.008607,172.31.40.0-255,90,323893,70,329715
7015,0.008615,172.31.40.0-255,66,323959,70,329715
7016,0.010391,216.58.221.0-255,66,324025,70,329715
7017,0.010416,216.58.221.0-255,66,324091,70,329715
7018,0.010637,216.58.221.0-255,66,324157,70,329715
7019,0.010682,216.58.221.0-255,66,324223,70,329715
7020,0.010689,172.31.40.0-255,66,324289,70,329715
7021,0.036536,172.31.40.0-255,172,324461,70,329715
7022,0.036571,172.31.40.0-255,1116,325577,70,329715
7023,0.03663,172.31.40.0-255,1514,327091,70,329715
7024,0.036632,172.31.40.0-255,1514,328605,70,329715
7025,0.036633,172.31.40.0-255,846,329451,70,329715
7026,0.03822,104.244.42.0-255,66,329517,70,329715
7027,0.038256,104.244.42.0-255,66,329583,70,329715
7028,0.038316,104.244.42.0-255,66,329649,70,329715
7029,0.038338,104.244.42.0-255,66,329715,70,329715
7030,0.0,172.217.194.0-255,150,150,70,239254
7031,2.3e-05,172.31.40.0-255,66,216,70,239254
7032,3e-05,172.217.194.0-255,1484,1700,70,239254
7033,3.5e-05,172.31.40.0-255,66,1766,70,239254
7034,4.9e-05,172.217.194.0-255,2902,4668,70,239254
7035,5.3e-05,172.31.40.0-255,66,4734,70,239254
7036,6.1e-05,172.217.194.0-255,7156,11890,70,239254
7037,6.4e-05,172.31.40.0-255,66,11956,70,239254
7038,6.8e-05,172.217.194.0-255,1484,13440,70,239254
7039,7e-05,172.31.40.0-255,66,13506,70,239254
7040,9.3e-05,172.217.194.0-255,637,14143,70,239254
7041,9.6e-05,172.31.40.0-255,66,14209,70,239254
7042,0.00018,172.217.194.0-255,1484,15693,70,239254
7043,0.000183,172.31.40.0-255,66,15759,70,239254
7044,0.000188,172.217.194.0-255,2902,18661,70,239254
7045,0.000191,172.31.40.0-255,66,18727,70,239254
7046,0.000219,172.217.194.0-255,5738,24465,70,239254
7047,0.000222,172.31.40.0-255,66,24531,70,239254
7048,0.000248,172.217.194.0-255,1484,26015,70,239254
7049,0.000251,172.31.40.0-255,66,26081,70,239254
7050,0.000255,172.217.194.0-255,2902,28983,70,239254
7051,0.000257,172.31.40.0-255,66,29049,70,239254
7052,0.000282,172.217.194.0-255,5379,34428,70,239254
7053,0.000285,172.31.40.0-255,66,34494,70,239254
7054,0.000289,172.217.194.0-255,2902,37396,70,239254
7055,0.000291,172.31.40.0-255,66,37462,70,239254
7056,0.000321,172.217.194.0-255,2902,40364,70,239254
7057,0.000324,172.31.40.0-255,66,40430,70,239254
7058,0.000329,172.217.194.0-255,2902,43332,70,239254
7059,0.000331,172.31.40.0-255,66,43398,70,239254
7060,0.000361,172.217.194.0-255,5379,48777,70,239254
7061,0.000363,172.31.40.0-255,66,48843,70,239254
7062,0.000416,172.217.194.0-255,1484,50327,70,239254
7063,0.000422,172.217.194.0-255,2902,53229,70,239254
7064,0.000425,172.31.40.0-255,66,53295,70,239254
7065,0.000458,172.217.194.0-255,5738,59033,70,239254
7066,0.000461,172.31.40.0-255,66,59099,70,239254
7067,0.000489,172.217.194.0-255,6797,65896,70,239254
7068,0.000491,172.31.40.0-255,66,65962,70,239254
7069,0.000494,172.217.194.0-255,646,66608,70,239254
7070,0.000701,172.217.194.0-255,1484,68092,70,239254
7071,0.000705,172.31.40.0-255,66,68158,70,239254
7072,0.000711,172.217.194.0-255,2902,71060,70,239254
7073,0.000714,172.31.40.0-255,66,71126,70,239254
7074,0.000752,172.217.194.0-255,4320,75446,70,239254
7075,0.000755,172.31.40.0-255,66,75512,70,239254
7076,0.000766,172.217.194.0-255,1484,76996,70,239254
7077,0.000777,172.217.194.0-255,5738,82734,70,239254
7078,0.00078,172.31.40.0-255,66,82800,70,239254
7079,0.000794,172.31.40.0-255,66,82866,70,239254
7080,0.000825,172.217.194.0-255,1484,84350,70,239254
7081,0.000831,172.217.194.0-255,5020,89370,70,239254
7082,0.000834,172.31.40.0-255,66,89436,70,239254
7083,0.001088,172.217.194.0-255,1484,90920,70,239254
7084,0.001096,172.217.194.0-255,2902,93822,70,239254
7085,0.001099,172.31.40.0-255,66,93888,70,239254
7086,0.001107,172.217.194.0-255,5738,99626,70,239254
7087,0.001109,172.31.40.0-255,66,99692,70,239254
7088,0.001154,172.31.40.0-255,66,99758,70,239254
7089,0.001164,172.217.194.0-255,10692,110450,70,239254
7090,0.001172,172.31.40.0-255,66,110516,70,239254
7091,0.001218,172.217.194.0-255,1484,112000,70,239254
7092,0.001234,172.217.194.0-255,2902,114902,70,239254
7093,0.001238,172.217.194.0-255,2902,117804,70,239254
7094,0.001244,172.31.40.0-255,66,117870,70,239254
7095,0.001247,172.31.40.0-255,66,117936,70,239254
7096,0.00127,172.217.194.0-255,2902,120838,70,239254
7097,0.001272,172.31.40.0-255,66,120904,70,239254
7098,0.001285,172.217.194.0-255,9992,130896,70,239254
7099,0.001288,172.31.40.0-255,66,130962,70,239254
7100,0.001316,172.217.194.0-255,4320,135282,70,239254
7101,0.00132,172.31.40.0-255,66,135348,70,239254
7102,0.001349,172.217.194.0-255,9274,144622,70,239254
7103,0.001352,172.31.40.0-255,66,144688,70,239254
7104,0.001355,172.217.194.0-255,1484,146172,70,239254
7105,0.001364,172.217.194.0-255,2902,149074,70,239254
7106,0.001366,172.31.40.0-255,66,149140,70,239254
7107,0.001373,172.217.194.0-255,5738,154878,70,239254
7108,0.001375,172.31.40.0-255,66,154944,70,239254
7109,0.001383,172.217.194.0-255,8574,163518,70,239254
7110,0.001386,172.31.40.0-255,66,163584,70,239254
7111,0.001424,172.217.194.0-255,4320,167904,70,239254
7112,0.001427,172.31.40.0-255,66,167970,70,239254
7113,0.001437,172.217.194.0-255,9992,177962,70,239254
7114,0.001439,172.31.40.0-255,66,178028,70,239254
7115,0.001442,172.217.194.0-255,1484,179512,70,239254
7116,0.001493,172.31.40.0-255,66,179578,70,239254
7117,0.0015,172.217.194.0-255,7156,186734,70,239254
7118,0.001502,172.31.40.0-255,66,186800,70,239254
7119,0.001545,172.31.40.0-255,66,186866,70,239254
7120,0.001579,172.217.194.0-255,766,187632,70,239254
7121,0.001598,172.31.40.0-255,66,187698,70,239254
7122,0.001663,172.31.40.0-255,66,187764,70,239254
7123,0.001683,172.217.194.0-255,2902,190666,70,239254
7124,0.001686,172.31.40.0-255,66,190732,70,239254
7125,0.001702,172.31.40.0-255,66,190798,70,239254
7126,0.001733,172.217.194.0-255,1484,192282,70,239254
7127,0.001748,172.217.194.0-255,2902,195184,70,239254
7128,0.001751,172.31.40.0-255,66,195250,70,239254
7129,0.001755,172.217.194.0-255,1484,196734,70,239254
7130,0.001783,172.217.194.0-255,4320,201054,70,239254
7131,0.001786,172.31.40.0-255,66,201120,70,239254
7132,0.001815,172.217.194.0-255,7156,208276,70,239254
7133,0.001818,172.31.40.0-255,66,208342,70,239254
7134,0.001858,172.31.40.0-255,66,208408,70,239254
7135,0.001869,172.217.194.0-255,2184,210592,70,239254
7136,0.001879,172.31.40.0-255,66,210658,70,239254
7137,0.001883,172.217.194.0-255,2902,213560,70,239254
7138,0.001885,172.31.40.0-255,66,213626,70,239254
7139,0.001893,172.217.194.0-255,7156,220782,70,239254
7140,0.001895,172.31.40.0-255,66,220848,70,239254
7141,0.001908,172.31.40.0-255,66,220914,70,239254
7142,0.001912,172.217.194.0-255,2902,223816,70,239254
7143,0.001914,172.31.40.0-255,66,223882,70,239254
7144,0.001946,172.217.194.0-255,7156,231038,70,239254
7145,0.001949,172.31.40.0-255,66,231104,70,239254
7146,0.001983,172.217.194.0-255,2184,233288,70,239254
7147,0.001986,172.31.40.0-255,66,233354,70,239254
7148,0.002005,172.31.40.0-255,66,233420,70,239254
7149,0.002017,172.31.40.0-255,66,233486,70,239254
7150,0.00202,172.217.194.0-255,105,233591,70,239254
7151,0.00437,172.31.40.0-255,66,233657,70,239254
7152,0.004405,172.31.40.0-255,105,233762,70,239254
7153,0.006815,172.217.194.0-255,66,233828,70,239254
7154,0.028951,172.31.40.0-255,172,234000,70,239254
7155,0.028983,172.31.40.0-255,1114,235114,70,239254
7156,0.029063,172.31.40.0-255,1514,236628,70,239254
7157,0.029065,172.31.40.0-255,1514,238142,70,239254
7158,0.029091,172.31.40.0-255,848,238990,70,239254
7159,0.030625,104.244.42.0-255,66,239056,70,239254
7160,0.030707,104.244.42.0-255,66,239122,70,239254
7161,0.03084,104.244.42.0-255,66,239188,70,239254
7162,0.030852,104.244.42.0-255,66,239254,70,239254
7163,0.0,172.217.194.0-255,153,153,70,291943
7164,2.4e-05,172.31.40.0-255,66,219,70,291943
7165,3.1e-05,172.217.194.0-255,1484,1703,70,291943
7166,3.7e-05,172.31.40.0-255,66,1769,70,291943
7167,4.3e-05,172.217.194.0-255,2902,4671,70,291943
7168,4.7e-05,172.31.40.0-255,66,4737,70,291943
7169,5.4e-05,172.217.194.0-255,5738,10475,70,291943
7170,5.8e-05,172.31.40.0-255,66,10541,70,291943
7171,7.4e-05,172.217.194.0-255,1484,12025,70,291943
7172,7.6e-05,172.31.40.0-255,66,12091,70,291943
7173,8.1e-05,172.217.194.0-255,2065,14156,70,291943
7174,8.3e-05,172.31.40.0-255,66,14222,70,291943
7175,9.1e-05,172.217.194.0-255,7156,21378,70,291943
7176,9.3e-05,172.31.40.0-255,66,21444,70,291943
7177,0.000117,172.217.194.0-255,4320,25764,70,291943
7178,0.00012,172.31.40.0-255,66,25830,70,291943
7179,0.000127,172.217.194.0-255,5738,31568,70,291943
7180,0.000129,172.31.40.0-255,66,31634,70,291943
7181,0.000173,172.31.40.0-255,66,31700,70,291943
7182,0.00018,172.217.194.0-255,6438,38138,70,291943
7183,0.000182,172.31.40.0-255,66,38204,70,291943
7184,0.000189,172.217.194.0-255,7156,45360,70,291943
7185,0.000191,172.31.40.0-255,66,45426,70,291943
7186,0.000236,172.217.194.0-255,7386,52812,70,291943
7187,0.000238,172.31.40.0-255,66,52878,70,291943
7188,0.000246,172.217.194.0-255,8574,61452,70,291943
7189,0.000249,172.31.40.0-255,66,61518,70,291943
7190,0.000255,172.217.194.0-255,4320,65838,70,291943
7191,0.000257,172.31.40.0-255,66,65904,70,291943
7192,0.000288,172.31.40.0-255,66,65970,70,291943
7193,0.000295,172.217.194.0-255,6438,72408,70,291943
7194,0.000298,172.31.40.0-255,66,72474,70,291943
7195,0.000342,172.217.194.0-255,1484,73958,70,291943
7196,0.000359,172.217.194.0-255,2902,76860,70,291943
7197,0.000362,172.31.40.0-255,66,76926,70,291943
7198,0.000367,172.217.194.0-255,4320,81246,70,291943
7199,0.00037,172.31.40.0-255,66,81312,70,291943
7200,0.000382,172.217.194.0-255,1484,82796,70,291943
7201,0.000391,172.217.194.0-255,7156,89952,70,291943
7202,0.000393,172.31.40.0-255,66,90018,70,291943
7203,0.000422,172.217.194.0-255,5738,95756,70,291943
7204,0.000424,172.31.40.0-255,66,95822,70,291943
7205,0.000432,172.217.194.0-255,8574,104396,70,291943
7206,0.000434,172.31.40.0-255,66,104462,70,291943
7207,0.000449,172.217.194.0-255,2184,106646,70,291943
7208,0.000451,172.31.40.0-255,66,106712,70,291943
7209,0.000515,172.217.194.0-255,1484,108196,70,291943
7210,0.000528,172.217.194.0-255,2902,111098,70,291943
7211,0.00053,172.31.40.0-255,66,111164,70,291943
7212,0.000533,172.217.194.0-255,1484,112648,70,291943
7213,0.000554,172.217.194.0-255,4320,116968,70,291943
7214,0.000556,172.31.40.0-255,66,117034,70,291943
7215,0.000569,172.217.194.0-255,4320,121354,70,291943
7216,0.000571,172.31.40.0-255,66,121420,70,291943
7217,0.000589,172.217.194.0-255,8574,129994,70,291943
7218,0.000591,172.31.40.0-255,66,130060,70,291943
7219,0.000596,172.217.194.0-255,5738,135798,70,291943
7220,0.000598,172.31.40.0-255,66,135864,70,291943
7221,0.00063,172.217.194.0-255,1484,137348,70,291943
7222,0.000645,172.217.194.0-255,3602,140950,70,291943
7223,0.000647,172.31.40.0-255,66,141016,70,291943
7224,0.000653,172.217.194.0-255,5738,146754,70,291943
7225,0.000655,172.31.40.0-255,66,146820,70,291943
7226,0.000702,172.31.40.0-255,66,146886,70,291943
7227,0.000708,172.217.194.0-255,8574,155460,70,291943
7228,0.00071,172.31.40.0-255,66,155526,70,291943
7229,0.000741,172.217.194.0-255,4320,159846,70,291943
7230,0.000743,172.31.40.0-255,66,159912,70,291943
7231,0.000762,172.217.194.0-255,2184,162096,70,291943
7232,0.000764,172.31.40.0-255,66,162162,70,291943
7233,0.001231,172.217.194.0-255,1484,163646,70,291943
7234,0.001235,172.217.194.0-255,1484,165130,70,291943
7235,0.001239,172.31.40.0-255,66,165196,70,291943
7236,0.001253,172.217.194.0-255,1484,166680,70,291943
7237,0.001259,172.217.194.0-255,5738,172418,70,291943
7238,0.001261,172.31.40.0-255,66,172484,70,291943
7239,0.001272,172.217.194.0-255,1484,173968,70,291943
7240,0.001292,172.217.194.0-255,9992,183960,70,291943
7241,0.001298,172.31.40.0-255,66,184026,70,291943
7242,0.001314,172.217.194.0-255,1484,185510,70,291943
7243,0.001324,172.217.194.0-255,10692,196202,70,291943
7244,0.001326,172.31.40.0-255,66,196268,70,291943
7245,0.001346,172.217.194.0-255,1484,197752,70,291943
7246,0.001349,172.217.194.0-255,1484,199236,70,291943
7247,0.001351,172.31.40.0-255,66,199302,70,291943
7248,0.001371,172.217.194.0-255,1484,200786,70,291943
7249,0.001376,172.217.194.0-255,5738,206524,70,291943
7250,0.001378,172.31.40.0-255,66,206590,70,291943
7251,0.00141,172.217.194.0-255,2902,209492,70,291943
7252,0.001412,172.31.40.0-255,66,209558,70,291943
7253,0.001441,172.217.194.0-255,9992,219550,70,291943
7254,0.001444,172.31.40.0-255,66,219616,70,291943
7255,0.001451,172.217.194.0-255,8574,228190,70,291943
7256,0.001454,172.31.40.0-255,66,228256,70,291943
7257,0.001457,172.217.194.0-255,2184,230440,70,291943
7258,0.001459,172.31.40.0-255,66,230506,70,291943
7259,0.001491,172.217.194.0-255,2902,233408,70,291943
7260,0.001494,172.31.40.0-255,66,233474,70,291943
7261,0.001497,172.217.194.0-255,1484,234958,70,291943
7262,0.001516,172.217.194.0-255,2902,237860,70,291943
7263,0.001518,172.31.40.0-255,66,237926,70,291943
7264,0.001527,172.217.194.0-255,8574,246500,70,291943
7265,0.001529,172.31.40.0-255,66,246566,70,291943
7266,0.001552,172.217.194.0-255,1484,248050,70,291943
7267,0.001579,172.31.40.0-255,66,248116,70,291943
7268,0.001595,172.217.194.0-255,2184,250300,70,291943
7269,0.001597,172.31.40.0-255,66,250366,70,291943
7270,0.001611,172.217.194.0-255,1484,251850,70,291943
7271,0.001613,172.217.194.0-255,1484,253334,70,291943
7272,0.001615,172.31.40.0-255,66,253400,70,291943
7273,0.001626,172.217.194.0-255,1484,254884,70,291943
7274,0.00163,172.217.194.0-255,2902,257786,70,291943
7275,0.001632,172.31.40.0-255,66,257852,70,291943
7276,0.001656,172.217.194.0-255,2902,260754,70,291943
7277,0.001658,172.31.40.0-255,66,260820,70,291943
7278,0.00167,172.31.40.0-255,66,260886,70,291943
7279,0.001678,172.217.194.0-255,8574,269460,70,291943
7280,0.00168,172.31.40.0-255,66,269526,70,291943
7281,0.001702,172.217.194.0-255,2184,271710,70,291943
7282,0.001705,172.31.40.0-255,66,271776,70,291943
7283,0.001716,172.217.194.0-255,2902,274678,70,291943
7284,0.001718,172.31.40.0-255,66,274744,70,291943
7285,0.001767,172.217.194.0-255,10692,285436,70,291943
7286,0.001797,172.31.40.0-255,66,285502,70,291943
7287,0.001826,172.217.194.0-255,105,285607,70,291943
7288,0.001845,172.31.40.0-255,66,285673,70,291943
7289,0.003872,172.31.40.0-255,105,285778,70,291943
7290,0.006231,172.217.194.0-255,66,285844,70,291943
7291,0.04085,172.31.40.0-255,172,286016,70,291943
7292,0.040888,172.31.40.0-255,1116,287132,70,291943
7293,0.040949,172.31.40.0-255,1514,288646,70,291943
7294,0.040951,172.31.40.0-255,1514,290160,70,291943
7295,0.040954,172.31.40.0-255,1345,291505,70,291943
7296,0.042509,104.244.42.0-255,66,291571,70,291943
7297,0.042577,104.244.42.0-255,66,291637,70,291943
7298,0.04258,104.244.42.0-255,66,291703,70,291943
7299,0.042583,104.244.42.0-255,66,291769,70,291943
7300,0.043801,104.244.42.0-255,108,291877,70,291943
7301,0.043811,172.31.40.0-255,66,291943,70,291943
7302,0.0,74.125.200.0-255,152,152,70,404244
7303,2.3e-05,172.31.40.0-255,66,218,70,404244
7304,3e-05,74.125.200.0-255,1484,1702,70,404244
7305,3.5e-05,172.31.40.0-255,66,1768,70,404244
7306,4e-05,74.125.200.0-255,2902,4670,70,404244
7307,4.4e-05,172.31.40.0-255,66,4736,70,404244
7308,9.3e-05,74.125.200.0-255,1484,6220,70,404244
7309,9.6e-05,172.31.40.0-255,66,6286,70,404244
7310,0.000118,74.125.200.0-255,2902,9188,70,404244
7311,0.000121,172.31.40.0-255,66,9254,70,404244
7312,0.000154,74.125.200.0-255,4820,14074,70,404244
7313,0.000158,172.31.40.0-255,66,14140,70,404244
7314,0.000179,74.125.200.0-255,2902,17042,70,404244
7315,0.000181,172.31.40.0-255,66,17108,70,404244
7316,0.0002,74.125.200.0-255,2902,20010,70,404244
7317,0.000203,172.31.40.0-255,66,20076,70,404244
7318,0.000205,74.125.200.0-255,1484,21560,70,404244
7319,0.000207,172.31.40.0-255,66,21626,70,404244
7320,0.00021,74.125.200.0-255,1484,23110,70,404244
7321,0.000212,172.31.40.0-255,66,23176,70,404244
7322,0.000237,74.125.200.0-255,1484,24660,70,404244
7323,0.000239,172.31.40.0-255,66,24726,70,404244
7324,0.000246,74.125.200.0-255,5738,30464,70,404244
7325,0.000249,172.31.40.0-255,66,30530,70,404244
7326,0.000282,74.125.200.0-255,1125,31655,70,404244
7327,0.000284,172.31.40.0-255,66,31721,70,404244
7328,0.00041,74.125.200.0-255,1484,33205,70,404244
7329,0.000414,172.31.40.0-255,66,33271,70,404244
7330,0.00042,74.125.200.0-255,2902,36173,70,404244
7331,0.000422,172.31.40.0-255,66,36239,70,404244
7332,0.00044,74.125.200.0-255,1484,37723,70,404244
7333,0.000442,172.31.40.0-255,66,37789,70,404244
7334,0.000464,74.125.200.0-255,4320,42109,70,404244
7335,0.000471,74.125.200.0-255,4320,46429,70,404244
7336,0.000478,74.125.200.0-255,5379,51808,70,404244
7337,0.000495,74.125.200.0-255,1484,53292,70,404244
7338,0.000512,74.125.200.0-255,9992,63284,70,404244
7339,0.000518,172.31.40.0-255,66,63350,70,404244
7340,0.000549,74.125.200.0-255,2899,66249,70,404244
7341,0.00057,172.31.40.0-255,66,66315,70,404244
7342,0.00063,74.125.200.0-255,1484,67799,70,404244
7343,0.000645,74.125.200.0-255,2902,70701,70,404244
7344,0.000668,74.125.200.0-255,4320,75021,70,404244
7345,0.000671,172.31.40.0-255,66,75087,70,404244
7346,0.000677,172.31.40.0-255,66,75153,70,404244
7347,0.000695,74.125.200.0-255,7156,82309,70,404244
7348,0.000709,172.31.40.0-255,66,82375,70,404244
7349,0.000721,74.125.200.0-255,2543,84918,70,404244
7350,0.000726,74.125.200.0-255,4320,89238,70,404244
7351,0.00074,172.31.40.0-255,66,89304,70,404244
7352,0.000756,74.125.200.0-255,4320,93624,70,404244
7353,0.000776,74.125.200.0-255,6797,100421,70,404244
7354,0.000783,172.31.40.0-255,66,100487,70,404244
7355,0.000853,74.125.200.0-255,1484,101971,70,404244
7356,0.000867,74.125.200.0-255,2902,104873,70,404244
7357,0.000882,172.31.40.0-255,66,104939,70,404244
7358,0.000888,74.125.200.0-255,5738,110677,70,404244
7359,0.000894,172.31.40.0-255,66,110743,70,404244
7360,0.000904,74.125.200.0-255,2902,113645,70,404244
7361,0.000924,172.31.40.0-255,66,113711,70,404244
7362,0.00093,74.125.200.0-255,4320,118031,70,404244
7363,0.000937,74.125.200.0-255,8574,126605,70,404244
7364,0.000948,172.31.40.0-255,66,126671,70,404244
7365,0.000962,74.125.200.0-255,5738,132409,70,404244
7366,0.000977,74.125.200.0-255,2184,134593,70,404244
7367,0.000985,172.31.40.0-255,66,134659,70,404244
7368,0.001004,74.125.200.0-255,1484,136143,70,404244
7369,0.00102,74.125.200.0-255,2902,139045,70,404244
7370,0.001042,74.125.200.0-255,5738,144783,70,404244
7371,0.001048,172.31.40.0-255,66,144849,70,404244
7372,0.001057,74.125.200.0-255,2902,147751,70,404244
7373,0.001061,172.31.40.0-255,66,147817,70,404244
7374,0.001076,74.125.200.0-255,2902,150719,70,404244
7375,0.001084,74.125.200.0-255,7156,157875,70,404244
7376,0.001103,74.125.200.0-255,1484,159359,70,404244
7377,0.001105,172.31.40.0-255,66,159425,70,404244
7378,0.001131,74.125.200.0-255,9274,168699,70,404244
7379,0.001135,74.125.200.0-255,330,169029,70,404244
7380,0.001148,172.31.40.0-255,66,169095,70,404244
7381,0.003433,74.125.200.0-255,5738,174833,70,404244
7382,0.00344,172.31.40.0-255,66,174899,70,404244
7383,0.005708,74.125.200.0-255,5738,180637,70,404244
7384,0.007888,172.31.40.0-255,66,180703,70,404244
7385,0.010157,74.125.200.0-255,5738,186441,70,404244
7386,0.010165,172.31.40.0-255,66,186507,70,404244
7387,0.01244,74.125.200.0-255,5738,192245,70,404244
7388,0.01375,172.31.40.0-255,66,192311,70,404244
7389,0.016028,74.125.200.0-255,5738,198049,70,404244
7390,0.016036,172.31.40.0-255,66,198115,70,404244
7391,0.018318,74.125.200.0-255,5738,203853,70,404244
7392,0.018324,172.31.40.0-255,66,203919,70,404244
7393,0.020666,74.125.200.0-255,5738,209657,70,404244
7394,0.020673,172.31.40.0-255,66,209723,70,404244
7395,0.022957,74.125.200.0-255,5738,215461,70,404244
7396,0.022966,172.31.40.0-255,66,215527,70,404244
7397,0.02528,74.125.200.0-255,5738,221265,70,404244
7398,0.025287,172.31.40.0-255,66,221331,70,404244
7399,0.025443,172.31.40.0-255,172,221503,70,404244
7400,0.025468,172.31.40.0-255,1118,222621,70,404244
7401,0.025514,172.31.40.0-255,1514,224135,70,404244
7402,0.025515,172.31.40.0-255,1325,225460,70,404244
7403,0.027013,104.244.42.0-255,66,225526,70,404244
7404,0.027196,104.244.42.0-255,66,225592,70,404244
7405,0.027219,104.244.42.0-255,66,225658,70,404244
7406,0.027563,74.125.200.0-255,5738,231396,70,404244
7407,0.027568,172.31.40.0-255,66,231462,70,404244
7408,0.029837,74.125.200.0-255,5738,237200,70,404244
7409,0.029843,172.31.40.0-255,66,237266,70,404244
7410,0.032132,74.125.200.0-255,5738,243004,70,404244
7411,0.032137,172.31.40.0-255,66,243070,70,404244
7412,0.034424,74.125.200.0-255,5738,248808,70,404244
7413,0.034429,172.31.40.0-255,66,248874,70,404244
7414,0.036729,74.125.200.0-255,5738,254612,70,404244
7415,0.036736,172.31.40.0-255,66,254678,70,404244
7416,0.039017,74.125.200.0-255,5738,260416,70,404244
7417,0.039024,172.31.40.0-255,66,260482,70,404244
7418,0.041306,74.125.200.0-255,5738,266220,70,404244
7419,0.041313,172.31.40.0-255,66,266286,70,404244
7420,0.043585,74.125.200.0-255,5738,272024,70,404244
7421,0.043591,172.31.40.0-255,66,272090,70,404244
7422,0.045885,74.125.200.0-255,5738,277828,70,404244
7423,0.04589,172.31.40.0-255,66,277894,70,404244
7424,0.048174,74.125.200.0-255,5738,283632,70,404244
7425,0.04818,172.31.40.0-255,66,283698,70,404244
7426,0.050464,74.125.200.0-255,5738,289436,70,404244
7427,0.050471,172.31.40.0-255,66,289502,70,404244
7428,0.052745,74.125.200.0-255,5738,295240,70,404244
7429,0.052751,172.31.40.0-255,66,295306,70,404244
7430,0.055111,74.125.200.0-255,5738,301044,70,404244
7431,0.055116,172.31.40.0-255,66,301110,70,404244
7432,0.057391,74.125.200.0-255,5738,306848,70,404244
7433,0.057397,172.31.40.0-255,66,306914,70,404244
7434,0.059689,74.125.200.0-255,5738,312652,70,404244
7435,0.059695,172.31.40.0-255,66,312718,70,404244
7436,0.061974,74.125.200.0-255,5738,318456,70,404244
7437,0.061979,172.31.40.0-255,66,318522,70,404244
7438,0.064281,74.125.200.0-255,5738,324260,70,404244
7439,0.064287,172.31.40.0-255,66,324326,70,404244
7440,0.066579,74.125.200.0-255,5738,330064,70,404244
7441,0.066586,172.31.40.0-255,66,330130,70,404244
7442,0.068857,74.125.200.0-255,5738,335868,70,404244
7443,0.068865,172.31.40.0-255,66,335934,70,404244
7444,0.071156,74.125.200.0-255,5738,341672,70,404244
7445,0.071167,172.31.40.0-255,66,341738,70,404244
7446,0.073447,74.125.200.0-255,5738,347476,70,404244
7447,0.073454,172.31.40.0-255,66,347542,70,404244
7448,0.075742,74.125.200.0-255,5738,353280,70,404244
7449,0.07575,172.31.40.0-255,66,353346,70,404244
7450,0.078035,74.125.200.0-255,5738,359084,70,404244
7451,0.078041,172.31.40.0-255,66,359150,70,404244
7452,0.080331,74.125.200.0-255,5738,364888,70,404244
7453,0.080338,172.31.40.0-255,66,364954,70,404244
7454,0.082628,74.125.200.0-255,5738,370692,70,404244
7455,0.082635,172.31.40.0-255,66,370758,70,404244
7456,0.08493,74.125.200.0-255,5738,376496,70,404244
7457,0.084938,172.31.40.0-255,66,376562,70,404244
7458,0.087232,74.125.200.0-255,5738,382300,70,404244
7459,0.087241,172.31.40.0-255,66,382366,70,404244
7460,0.089526,74.125.200.0-255,5738,388104,70,404244
7461,0.089534,172.31.40.0-255,66,388170,70,404244
7462,0.091824,74.125.200.0-255,5738,393908,70,404244
7463,0.091833,172.31.40.0-255,66,393974,70,404244
7464,0.094122,74.125.200.0-255,5738,399712,70,404244
7465,0.094128,172.31.40.0-255,66,399778,70,404244
7466,0.096416,74.125.200.0-255,4229,404007,70,404244
7467,0.096422,172.31.40.0-255,66,404073,70,404244
7468,0.096602,172.31.40.0-255,105,404178,70,404244
7469,0.09886,74.125.200.0-255,66,404244,70,404244
7470,0.0,172.217.194.0-255,295,295,70,265925
7471,2.4e-05,172.31.40.0-255,66,361,70,265925
7472,3.1e-05,172.217.194.0-255,1484,1845,70,265925
7473,3.6e-05,172.31.40.0-255,66,1911,70,265925
7474,4.3e-05,172.217.194.0-255,4320,6231,70,265925
7475,5.4e-05,172.31.40.0-255,66,6297,70,265925
7476,6e-05,172.217.194.0-255,4320,10617,70,265925
7477,6.4e-05,172.31.40.0-255,66,10683,70,265925
7478,8.3e-05,172.217.194.0-255,2902,13585,70,265925
7479,8.6e-05,172.31.40.0-255,66,13651,70,265925
7480,0.000123,172.217.194.0-255,7563,21214,70,265925
7481,0.000127,172.31.40.0-255,66,21280,70,265925
7482,0.000136,172.217.194.0-255,9633,30913,70,265925
7483,0.000139,172.31.40.0-255,66,30979,70,265925
7484,0.000164,172.217.194.0-255,1484,32463,70,265925
7485,0.000166,172.31.40.0-255,66,32529,70,265925
7486,0.000171,172.217.194.0-255,2902,35431,70,265925
7487,0.000173,172.31.40.0-255,66,35497,70,265925
7488,0.000178,172.217.194.0-255,1484,36981,70,265925
7489,0.00018,172.31.40.0-255,66,37047,70,265925
7490,0.000208,172.217.194.0-255,4320,41367,70,265925
7491,0.00021,172.31.40.0-255,66,41433,70,265925
7492,0.000217,172.217.194.0-255,5738,47171,70,265925
7493,0.000219,172.31.40.0-255,66,47237,70,265925
7494,0.000225,172.217.194.0-255,4320,51557,70,265925
7495,0.000228,172.31.40.0-255,66,51623,70,265925
7496,0.000257,172.217.194.0-255,8574,60197,70,265925
7497,0.000259,172.31.40.0-255,66,60263,70,265925
7498,0.000266,172.217.194.0-255,5020,65283,70,265925
7499,0.000268,172.31.40.0-255,66,65349,70,265925
7500,0.000288,172.217.194.0-255,396,65745,70,265925
7501,0.00029,172.31.40.0-255,66,65811,70,265925
7502,0.00035,172.217.194.0-255,377,66188,70,265925
7503,0.000512,172.217.194.0-255,1484,67672,70,265925
7504,0.000516,172.31.40.0-255,66,67738,70,265925
7505,0.000521,172.217.194.0-255,2902,70640,70,265925
7506,0.000524,172.31.40.0-255,66,70706,70,265925
7507,0.000558,172.217.194.0-255,5738,76444,70,265925
7508,0.000561,172.31.40.0-255,66,76510,70,265925
7509,0.000566,172.217.194.0-255,4320,80830,70,265925
7510,0.000569,172.31.40.0-255,66,80896,70,265925
7511,0.000594,172.217.194.0-255,1995,82891,70,265925
7512,0.000597,172.31.40.0-255,66,82957,70,265925
7513,0.0008,172.217.194.0-255,1484,84441,70,265925
7514,0.000808,172.217.194.0-255,2902,87343,70,265925
7515,0.000812,172.31.40.0-255,66,87409,70,265925
7516,0.000819,172.217.194.0-255,5738,93147,70,265925
7517,0.000822,172.31.40.0-255,66,93213,70,265925
7518,0.000825,172.217.194.0-255,1484,94697,70,265925
7519,0.00086,172.31.40.0-255,66,94763,70,265925
7520,0.000865,172.217.194.0-255,4320,99083,70,265925
7521,0.000867,172.31.40.0-255,66,99149,70,265925
7522,0.000895,172.217.194.0-255,6438,105587,70,265925
7523,0.000898,172.31.40.0-255,66,105653,70,265925
7524,0.001486,172.217.194.0-255,1484,107137,70,265925
7525,0.001492,172.217.194.0-255,2902,110039,70,265925
7526,0.001496,172.31.40.0-255,66,110105,70,265925
7527,0.001513,172.217.194.0-255,5738,115843,70,265925
7528,0.001515,172.31.40.0-255,66,115909,70,265925
7529,0.001527,172.217.194.0-255,7156,123065,70,265925
7530,0.00153,172.31.40.0-255,66,123131,70,265925
7531,0.001533,172.217.194.0-255,1484,124615,70,265925
7532,0.001585,172.31.40.0-255,66,124681,70,265925
7533,0.001589,172.217.194.0-255,2184,126865,70,265925
7534,0.001591,172.31.40.0-255,66,126931,70,265925
7535,0.001625,172.217.194.0-255,1484,128415,70,265925
7536,0.00163,172.217.194.0-255,2902,131317,70,265925
7537,0.001633,172.31.40.0-255,66,131383,70,265925
7538,0.001639,172.217.194.0-255,5738,137121,70,265925
7539,0.001641,172.31.40.0-255,66,137187,70,265925
7540,0.001686,172.31.40.0-255,66,137253,70,265925
7541,0.001696,172.217.194.0-255,10692,147945,70,265925
7542,0.001699,172.31.40.0-255,66,148011,70,265925
7543,0.001727,172.217.194.0-255,1484,149495,70,265925
7544,0.001732,172.217.194.0-255,2902,152397,70,265925
7545,0.001734,172.31.40.0-255,66,152463,70,265925
7546,0.001741,172.217.194.0-255,5738,158201,70,265925
7547,0.001743,172.31.40.0-255,66,158267,70,265925
7548,0.001779,172.217.194.0-255,1484,159751,70,265925
7549,0.001824,172.31.40.0-255,66,159817,70,265925
7550,0.001835,172.217.194.0-255,10692,170509,70,265925
7551,0.001838,172.31.40.0-255,66,170575,70,265925
7552,0.001851,172.31.40.0-255,66,170641,70,265925
7553,0.001888,172.31.40.0-255,66,170707,70,265925
7554,0.001896,172.217.194.0-255,7856,178563,70,265925
7555,0.001898,172.31.40.0-255,66,178629,70,265925
7556,0.001907,172.217.194.0-255,1484,180113,70,265925
7557,0.001911,172.217.194.0-255,2902,183015,70,265925
7558,0.001913,172.31.40.0-255,66,183081,70,265925
7559,0.001919,172.217.194.0-255,5738,188819,70,265925
7560,0.001922,172.31.40.0-255,66,188885,70,265925
7561,0.001925,172.217.194.0-255,1484,190369,70,265925
7562,0.00197,172.31.40.0-255,66,190435,70,265925
7563,0.001981,172.217.194.0-255,10692,201127,70,265925
7564,0.001983,172.31.40.0-255,66,201193,70,265925
7565,0.002012,172.217.194.0-255,9992,211185,70,265925
7566,0.002015,172.31.40.0-255,66,211251,70,265925
7567,0.002046,172.217.194.0-255,1484,212735,70,265925
7568,0.002074,172.31.40.0-255,66,212801,70,265925
7569,0.002087,172.217.194.0-255,6438,219239,70,265925
7570,0.002104,172.217.194.0-255,4320,223559,70,265925
7571,0.002121,172.217.194.0-255,5738,229297,70,265925
7572,0.002137,172.217.194.0-255,8574,237871,70,265925
7573,0.002146,172.31.40.0-255,66,237937,70,265925
7574,0.002156,172.217.194.0-255,1484,239421,70,265925
7575,0.002165,172.217.194.0-255,3602,243023,70,265925
7576,0.002172,172.217.194.0-255,7156,250179,70,265925
7577,0.002218,172.31.40.0-255,66,250245,70,265925
7578,0.002289,172.31.40.0-255,66,250311,70,265925
7579,0.002292,172.217.194.0-255,766,251077,70,265925
7580,0.002306,172.217.194.0-255,8809,259886,70,265925
7581,0.002308,172.217.194.0-255,97,259983,70,265925
7582,0.00231,172.217.194.0-255,105,260088,70,265925
7583,0.00233,172.31.40.0-255,66,260154,70,265925
7584,0.004483,172.31.40.0-255,105,260259,70,265925
7585,0.006906,172.217.194.0-255,66,260325,70,265925
7586,0.041081,172.31.40.0-255,172,260497,70,265925
7587,0.04112,172.31.40.0-255,1118,261615,70,265925
7588,0.041186,172.31.40.0-255,1514,263129,70,265925
7589,0.041188,172.31.40.0-255,1514,264643,70,265925
7590,0.041216,172.31.40.0-255,844,265487,70,265925
7591,0.042743,104.244.42.0-255,66,265553,70,265925
7592,0.042842,104.244.42.0-255,66,265619,70,265925
7593,0.042845,104.244.42.0-255,66,265685,70,265925
7594,0.042952,104.244.42.0-255,66,265751,70,265925
7595,0.04352,104.244.42.0-255,108,265859,70,265925
7596,0.043528,172.31.40.0-255,66,265925,70,265925
7597,0.0,172.31.40.0-255,66,66,70,66
7598,0.0,74.125.68.0-255,297,297,70,394730
7599,1.4e-05,172.31.40.0-255,66,363,70,394730
7600,1.9e-05,74.125.68.0-255,1484,1847,70,394730
7601,2.3e-05,172.31.40.0-255,66,1913,70,394730
7602,3e-05,74.125.68.0-255,4320,6233,70,394730
7603,4e-05,172.31.40.0-255,66,6299,70,394730
7604,4.4e-05,74.125.68.0-255,1484,7783,70,394730
7605,4.6e-05,172.31.40.0-255,66,7849,70,394730
7606,8e-05,74.125.68.0-255,6155,14004,70,394730
7607,8.4e-05,172.31.40.0-255,66,14070,70,394730
7608,0.000135,74.125.68.0-255,1484,15554,70,394730
7609,0.000138,172.31.40.0-255,66,15620,70,394730
7610,0.000164,74.125.68.0-255,1484,17104,70,394730
7611,0.000168,74.125.68.0-255,2902,20006,70,394730
7612,0.000173,172.31.40.0-255,66,20072,70,394730
7613,0.000177,172.31.40.0-255,66,20138,70,394730
7614,0.000194,74.125.68.0-255,5738,25876,70,394730
7615,0.000196,172.31.40.0-255,66,25942,70,394730
7616,0.000207,74.125.68.0-255,5379,31321,70,394730
7617,0.000209,172.31.40.0-255,66,31387,70,394730
7618,0.000787,74.125.68.0-255,1484,32871,70,394730
7619,0.000793,172.31.40.0-255,66,32937,70,394730
7620,0.000798,74.125.68.0-255,1484,34421,70,394730
7621,0.000801,172.31.40.0-255,66,34487,70,394730
7622,0.00082,74.125.68.0-255,1484,35971,70,394730
7623,0.000822,172.31.40.0-255,66,36037,70,394730
7624,0.000833,74.125.68.0-255,5738,41775,70,394730
7625,0.000836,172.31.40.0-255,66,41841,70,394730
7626,0.00084,74.125.68.0-255,2902,44743,70,394730
7627,0.000842,172.31.40.0-255,66,44809,70,394730
7628,0.000867,74.125.68.0-255,3961,48770,70,394730
7629,0.00087,172.31.40.0-255,66,48836,70,394730
7630,0.000873,74.125.68.0-255,1484,50320,70,394730
7631,0.000903,74.125.68.0-255,5738,56058,70,394730
7632,0.000906,172.31.40.0-255,66,56124,70,394730
7633,0.000913,74.125.68.0-255,7156,63280,70,394730
7634,0.000916,172.31.40.0-255,66,63346,70,394730
7635,0.000943,74.125.68.0-255,2820,66166,70,394730
7636,0.000949,172.31.40.0-255,66,66232,70,394730
7637,0.000972,74.125.68.0-255,408,66640,70,394730
7638,0.001236,74.125.68.0-255,1484,68124,70,394730
7639,0.001242,172.31.40.0-255,66,68190,70,394730
7640,0.001248,74.125.68.0-255,2902,71092,70,394730
7641,0.001251,172.31.40.0-255,66,71158,70,394730
7642,0.001253,74.125.68.0-255,1484,72642,70,394730
7643,0.001263,74.125.68.0-255,2902,75544,70,394730
7644,0.001266,172.31.40.0-255,66,75610,70,394730
7645,0.001302,74.125.68.0-255,5738,81348,70,394730
7646,0.001305,172.31.40.0-255,66,81414,70,394730
7647,0.001312,74.125.68.0-255,5738,87152,70,394730
7648,0.001315,172.31.40.0-255,66,87218,70,394730
7649,0.001353,74.125.68.0-255,2902,90120,70,394730
7650,0.001356,172.31.40.0-255,66,90186,70,394730
7651,0.001366,74.125.68.0-255,9992,100178,70,394730
7652,0.001369,172.31.40.0-255,66,100244,70,394730
7653,0.001371,74.125.68.0-255,766,101010,70,394730
7654,0.001412,74.125.68.0-255,1484,102494,70,394730
7655,0.001416,172.31.40.0-255,66,102560,70,394730
7656,0.001421,74.125.68.0-255,2902,105462,70,394730
7657,0.001423,172.31.40.0-255,66,105528,70,394730
7658,0.001461,74.125.68.0-255,5738,111266,70,394730
7659,0.001464,172.31.40.0-255,66,111332,70,394730
7660,0.001473,74.125.68.0-255,8574,119906,70,394730
7661,0.001475,172.31.40.0-255,66,119972,70,394730
7662,0.001508,74.125.68.0-255,9992,129964,70,394730
7663,0.001511,172.31.40.0-255,66,130030,70,394730
7664,0.00156,74.125.68.0-255,4320,134350,70,394730
7665,0.001564,172.31.40.0-255,66,134416,70,394730
7666,0.001583,74.125.68.0-255,766,135182,70,394730
7667,0.001593,74.125.68.0-255,1484,136666,70,394730
7668,0.001596,172.31.40.0-255,66,136732,70,394730
7669,0.0016,74.125.68.0-255,2902,139634,70,394730
7670,0.001603,172.31.40.0-255,66,139700,70,394730
7671,0.001608,74.125.68.0-255,5738,145438,70,394730
7672,0.001611,172.31.40.0-255,66,145504,70,394730
7673,0.001615,74.125.68.0-255,2902,148406,70,394730
7674,0.001617,172.31.40.0-255,66,148472,70,394730
7675,0.00162,74.125.68.0-255,1484,149956,70,394730
7676,0.001649,74.125.68.0-255,2902,152858,70,394730
7677,0.001652,172.31.40.0-255,66,152924,70,394730
7678,0.00166,74.125.68.0-255,8574,161498,70,394730
7679,0.001663,172.31.40.0-255,66,161564,70,394730
7680,0.001666,74.125.68.0-255,1484,163048,70,394730
7681,0.001696,74.125.68.0-255,4320,167368,70,394730
7682,0.001699,172.31.40.0-255,66,167434,70,394730
7683,0.001724,74.125.68.0-255,2184,169618,70,394730
7684,0.001727,172.31.40.0-255,66,169684,70,394730
7685,0.001769,74.125.68.0-255,1484,171168,70,394730
7686,0.001774,74.125.68.0-255,2902,174070,70,394730
7687,0.001778,172.31.40.0-255,66,174136,70,394730
7688,0.001803,74.125.68.0-255,5738,179874,70,394730
7689,0.001806,172.31.40.0-255,66,179940,70,394730
7690,0.001846,74.125.68.0-255,7156,187096,70,394730
7691,0.001849,172.31.40.0-255,66,187162,70,394730
7692,0.001858,74.125.68.0-255,8574,195736,70,394730
7693,0.001861,172.31.40.0-255,66,195802,70,394730
7694,0.001863,74.125.68.0-255,1484,197286,70,394730
7695,0.001906,74.125.68.0-255,6438,203724,70,394730
7696,0.001909,172.31.40.0-255,66,203790,70,394730
7697,0.001947,74.125.68.0-255,1484,205274,70,394730
7698,0.001969,74.125.68.0-255,2902,208176,70,394730
7699,0.001972,172.31.40.0-255,66,208242,70,394730
7700,0.001976,74.125.68.0-255,1484,209726,70,394730
7701,0.001979,74.125.68.0-255,1484,211210,70,394730
7702,0.001981,172.31.40.0-255,66,211276,70,394730
7703,0.002013,74.125.68.0-255,4320,215596,70,394730
7704,0.002017,172.31.40.0-255,66,215662,70,394730
7705,0.002029,74.125.68.0-255,2902,218564,70,394730
7706,0.002032,172.31.40.0-255,66,218630,70,394730
7707,0.00206,74.125.68.0-255,7156,225786,70,394730
7708,0.002074,74.125.68.0-255,766,226552,70,394730
7709,0.00672,172.31.40.0-255,66,226618,70,394730
7710,0.009039,74.125.68.0-255,5738,232356,70,394730
7711,0.00905,172.31.40.0-255,66,232422,70,394730
7712,0.011368,74.125.68.0-255,5738,238160,70,394730
7713,0.011377,172.31.40.0-255,66,238226,70,394730
7714,0.013688,74.125.68.0-255,5738,243964,70,394730
7715,0.013698,172.31.40.0-255,66,244030,70,394730
7716,0.016003,74.125.68.0-255,5738,249768,70,394730
7717,0.016011,172.31.40.0-255,66,249834,70,394730
7718,0.018318,74.125.68.0-255,5738,255572,70,394730
7719,0.018328,172.31.40.0-255,66,255638,70,394730
7720,0.020614,74.125.68.0-255,5738,261376,70,394730
7721,0.020621,172.31.40.0-255,66,261442,70,394730
7722,0.022927,74.125.68.0-255,5738,267180,70,394730
7723,0.022934,172.31.40.0-255,66,267246,70,394730
7724,0.025221,74.125.68.0-255,5738,272984,70,394730
7725,0.025228,172.31.40.0-255,66,273050,70,394730
7726,0.027534,74.125.68.0-255,5738,278788,70,394730
7727,0.027542,172.31.40.0-255,66,278854,70,394730
7728,0.029836,74.125.68.0-255,5738,284592,70,394730
7729,0.029842,172.31.40.0-255,66,284658,70,394730
7730,0.031491,172.31.40.0-255,172,284830,70,394730
7731,0.031523,172.31.40.0-255,1116,285946,70,394730
7732,0.031584,172.31.40.0-255,1514,287460,70,394730
7733,0.031586,172.31.40.0-255,1514,288974,70,394730
7734,0.031612,172.31.40.0-255,846,289820,70,394730
7735,0.032149,74.125.68.0-255,5738,295558,70,394730
7736,0.032156,172.31.40.0-255,66,295624,70,394730
7737,0.033025,104.244.42.0-255,66,295690,70,394730
7738,0.033128,104.244.42.0-255,66,295756,70,394730
7739,0.033165,104.244.42.0-255,66,295822,70,394730
7740,0.033167,104.244.42.0-255,66,295888,70,394730
7741,0.034441,74.125.68.0-255,2902,298790,70,394730
7742,0.034446,172.31.40.0-255,66,298856,70,394730
7743,0.034473,74.125.68.0-255,2902,301758,70,394730
7744,0.034476,172.31.40.0-255,66,301824,70,394730
7745,0.036726,74.125.68.0-255,1484,303308,70,394730
7746,0.036744,74.125.68.0-255,1484,304792,70,394730
7747,0.036749,172.31.40.0-255,66,304858,70,394730
7748,0.036755,74.125.68.0-255,2902,307760,70,394730
7749,0.036757,172.31.40.0-255,66,307826,70,394730
7750,0.039119,74.125.68.0-255,5738,313564,70,394730
7751,0.039126,172.31.40.0-255,66,313630,70,394730
7752,0.041454,74.125.68.0-255,5738,319368,70,394730
7753,0.041461,172.31.40.0-255,66,319434,70,394730
7754,0.043755,74.125.68.0-255,5738,325172,70,394730
7755,0.043762,172.31.40.0-255,66,325238,70,394730
7756,0.046066,74.125.68.0-255,5738,330976,70,394730
7757,0.046074,172.31.40.0-255,66,331042,70,394730
7758,0.048378,74.125.68.0-255,5738,336780,70,394730
7759,0.048384,172.31.40.0-255,66,336846,70,394730
7760,0.050672,74.125.68.0-255,5738,342584,70,394730
7761,0.050681,172.31.40.0-255,66,342650,70,394730
7762,0.052993,74.125.68.0-255,5738,348388,70,394730
7763,0.053002,172.31.40.0-255,66,348454,70,394730
7764,0.055297,74.125.68.0-255,5738,354192,70,394730
7765,0.055304,172.31.40.0-255,66,354258,70,394730
7766,0.057606,74.125.68.0-255,5738,359996,70,394730
7767,0.057614,172.31.40.0-255,66,360062,70,394730
7768,0.059922,74.125.68.0-255,5738,365800,70,394730
7769,0.059929,172.31.40.0-255,66,365866,70,394730
7770,0.06223,74.125.68.0-255,5738,371604,70,394730
7771,0.062237,172.31.40.0-255,66,371670,70,394730
7772,0.064547,74.125.68.0-255,5738,377408,70,394730
7773,0.064553,172.31.40.0-255,66,377474,70,394730
7774,0.066869,74.125.68.0-255,5738,383212,70,394730
7775,0.066876,172.31.40.0-255,66,383278,70,394730
7776,0.069174,74.125.68.0-255,5738,389016,70,394730
7777,0.069181,172.31.40.0-255,66,389082,70,394730
7778,0.071478,74.125.68.0-255,5411,394493,70,394730
7779,0.071485,172.31.40.0-255,66,394559,70,394730
7780,0.07167,172.31.40.0-255,105,394664,70,394730
7781,0.073918,74.125.68.0-255,66,394730,70,394730
7782,0.0,74.125.24.0-255,152,152,70,356669
7783,2.2e-05,172.31.40.0-255,66,218,70,356669
7784,5.6e-05,74.125.24.0-255,1484,1702,70,356669
7785,6.2e-05,172.31.40.0-255,66,1768,70,356669
7786,9.1e-05,74.125.24.0-255,2902,4670,70,356669
7787,9.4e-05,172.31.40.0-255,66,4736,70,356669
7788,0.000122,74.125.24.0-255,4320,9056,70,356669
7789,0.000126,172.31.40.0-255,66,9122,70,356669
7790,0.000137,74.125.24.0-255,1484,10606,70,356669
7791,0.000146,172.31.40.0-255,66,10672,70,356669
7792,0.00017,74.125.24.0-255,7766,18438,70,356669
7793,0.000173,172.31.40.0-255,66,18504,70,356669
7794,0.000186,172.31.40.0-255,66,18570,70,356669
7795,0.000211,74.125.24.0-255,1125,19695,70,356669
7796,0.000213,172.31.40.0-255,66,19761,70,356669
7797,0.000262,74.125.24.0-255,1484,21245,70,356669
7798,0.000264,172.31.40.0-255,66,21311,70,356669
7799,0.00027,74.125.24.0-255,2902,24213,70,356669
7800,0.000271,172.31.40.0-255,66,24279,70,356669
7801,0.000294,74.125.24.0-255,5738,30017,70,356669
7802,0.000297,172.31.40.0-255,66,30083,70,356669
7803,0.000338,74.125.24.0-255,6797,36880,70,356669
7804,0.000341,172.31.40.0-255,66,36946,70,356669
7805,0.000349,74.125.24.0-255,7156,44102,70,356669
7806,0.000352,172.31.40.0-255,66,44168,70,356669
7807,0.000354,74.125.24.0-255,1484,45652,70,356669
7808,0.000357,172.31.40.0-255,66,45718,70,356669
7809,0.000395,74.125.24.0-255,8489,54207,70,356669
7810,0.000399,172.31.40.0-255,66,54273,70,356669
7811,0.00106,74.125.24.0-255,131,54404,70,356669
7812,0.001066,172.31.40.0-255,66,54470,70,356669
7813,0.001093,74.125.24.0-255,1484,55954,70,356669
7814,0.001099,74.125.24.0-255,2902,58856,70,356669
7815,0.001101,172.31.40.0-255,66,58922,70,356669
7816,0.001136,74.125.24.0-255,2902,61824,70,356669
7817,0.001139,172.31.40.0-255,66,61890,70,356669
7818,0.001176,74.125.24.0-255,4320,66210,70,356669
7819,0.001179,172.31.40.0-255,66,66276,70,356669
7820,0.001183,74.125.24.0-255,2902,69178,70,356669
7821,0.001185,172.31.40.0-255,66,69244,70,356669
7822,0.001198,172.31.40.0-255,66,69310,70,356669
7823,0.001203,74.125.24.0-255,4320,73630,70,356669
7824,0.001206,172.31.40.0-255,66,73696,70,356669
7825,0.001237,74.125.24.0-255,3602,77298,70,356669
7826,0.00124,172.31.40.0-255,66,77364,70,356669
7827,0.00223,74.125.24.0-255,1484,78848,70,356669
7828,0.002254,74.125.24.0-255,2902,81750,70,356669
7829,0.002259,172.31.40.0-255,66,81816,70,356669
7830,0.002267,74.125.24.0-255,5738,87554,70,356669
7831,0.002269,172.31.40.0-255,66,87620,70,356669
7832,0.002316,74.125.24.0-255,4320,91940,70,356669
7833,0.002318,172.31.40.0-255,66,92006,70,356669
7834,0.002347,74.125.24.0-255,7156,99162,70,356669
7835,0.00235,172.31.40.0-255,66,99228,70,356669
7836,0.002357,74.125.24.0-255,5738,104966,70,356669
7837,0.002359,172.31.40.0-255,66,105032,70,356669
7838,0.002387,74.125.24.0-255,6438,111470,70,356669
7839,0.002389,172.31.40.0-255,66,111536,70,356669
7840,0.002804,74.125.24.0-255,1484,113020,70,356669
7841,0.002824,74.125.24.0-255,2902,115922,70,356669
7842,0.002826,172.31.40.0-255,66,115988,70,356669
7843,0.002831,74.125.24.0-255,2902,118890,70,356669
7844,0.002832,172.31.40.0-255,66,118956,70,356669
7845,0.002856,74.125.24.0-255,2902,121858,70,356669
7846,0.002858,172.31.40.0-255,66,121924,70,356669
7847,0.002871,74.125.24.0-255,8574,130498,70,356669
7848,0.002873,172.31.40.0-255,66,130564,70,356669
7849,0.002914,74.125.24.0-255,2902,133466,70,356669
7850,0.002916,172.31.40.0-255,66,133532,70,356669
7851,0.002956,172.31.40.0-255,66,133598,70,356669
7852,0.00314,74.125.24.0-255,1484,135082,70,356669
7853,0.003145,74.125.24.0-255,2902,137984,70,356669
7854,0.003148,172.31.40.0-255,66,138050,70,356669
7855,0.003179,74.125.24.0-255,5738,143788,70,356669
7856,0.003182,172.31.40.0-255,66,143854,70,356669
7857,0.003217,172.31.40.0-255,66,143920,70,356669
7858,0.003222,74.125.24.0-255,2902,146822,70,356669
7859,0.003224,172.31.40.0-255,66,146888,70,356669
7860,0.003229,74.125.24.0-255,4320,151208,70,356669
7861,0.003232,172.31.40.0-255,66,151274,70,356669
7862,0.003253,74.125.24.0-255,1484,152758,70,356669
7863,0.00328,74.125.24.0-255,2184,154942,70,356669
7864,0.003283,172.31.40.0-255,66,155008,70,356669
7865,0.003288,74.125.24.0-255,2902,157910,70,356669
7866,0.003291,172.31.40.0-255,66,157976,70,356669
7867,0.003317,74.125.24.0-255,1484,159460,70,356669
7868,0.003326,74.125.24.0-255,9992,169452,70,356669
7869,0.003329,172.31.40.0-255,66,169518,70,356669
7870,0.003336,74.125.24.0-255,7156,176674,70,356669
7871,0.003338,172.31.40.0-255,66,176740,70,356669
7872,0.003373,74.125.24.0-255,2902,179642,70,356669
7873,0.003375,172.31.40.0-255,66,179708,70,356669
7874,0.003411,74.125.24.0-255,9274,188982,70,356669
7875,0.003413,172.31.40.0-255,66,189048,70,356669
7876,0.003944,74.125.24.0-255,1484,190532,70,356669
7877,0.003956,74.125.24.0-255,2902,193434,70,356669
7878,0.003959,172.31.40.0-255,66,193500,70,356669
7879,0.003985,74.125.24.0-255,5738,199238,70,356669
7880,0.003988,172.31.40.0-255,66,199304,70,356669
7881,0.004058,74.125.24.0-255,9992,209296,70,356669
7882,0.00406,172.31.40.0-255,66,209362,70,356669
7883,0.00409,74.125.24.0-255,2902,212264,70,356669
7884,0.004093,172.31.40.0-255,66,212330,70,356669
7885,0.004099,74.125.24.0-255,5738,218068,70,356669
7886,0.004102,172.31.40.0-255,66,218134,70,356669
7887,0.004108,74.125.24.0-255,5020,223154,70,356669
7888,0.004111,172.31.40.0-255,66,223220,70,356669
7889,0.004117,74.125.24.0-255,5738,228958,70,356669
7890,0.00412,172.31.40.0-255,66,229024,70,356669
7891,0.00413,74.125.24.0-255,9992,239016,70,356669
7892,0.004133,172.31.40.0-255,66,239082,70,356669
7893,0.004162,74.125.24.0-255,2902,241984,70,356669
7894,0.004165,172.31.40.0-255,66,242050,70,356669
7895,0.004171,74.125.24.0-255,4320,246370,70,356669
7896,0.004173,172.31.40.0-255,66,246436,70,356669
7897,0.0042,74.125.24.0-255,7156,253592,70,356669
7898,0.004203,172.31.40.0-255,66,253658,70,356669
7899,0.004233,74.125.24.0-255,3602,257260,70,356669
7900,0.004236,172.31.40.0-255,66,257326,70,356669
7901,0.004243,74.125.24.0-255,7156,264482,70,356669
7902,0.004246,172.31.40.0-255,66,264548,70,356669
7903,0.004266,74.125.24.0-255,4320,268868,70,356669
7904,0.004268,172.31.40.0-255,66,268934,70,356669
7905,0.004273,74.125.24.0-255,4320,273254,70,356669
7906,0.004275,172.31.40.0-255,66,273320,70,356669
7907,0.004316,74.125.24.0-255,8574,281894,70,356669
7908,0.00432,172.31.40.0-255,66,281960,70,356669
7909,0.004328,74.125.24.0-255,8574,290534,70,356669
7910,0.00433,172.31.40.0-255,66,290600,70,356669
7911,0.004333,74.125.24.0-255,1484,292084,70,356669
7912,0.004363,74.125.24.0-255,10692,302776,70,356669
7913,0.004366,172.31.40.0-255,66,302842,70,356669
7914,0.004373,74.125.24.0-255,7156,309998,70,356669
7915,0.004376,172.31.40.0-255,66,310064,70,356669
7916,0.004404,74.125.24.0-255,5738,315802,70,356669
7917,0.004407,172.31.40.0-255,66,315868,70,356669
7918,0.004416,74.125.24.0-255,9274,325142,70,356669
7919,0.004418,172.31.40.0-255,66,325208,70,356669
7920,0.004427,74.125.24.0-255,9992,335200,70,356669
7921,0.00443,172.31.40.0-255,66,335266,70,356669
7922,0.004456,74.125.24.0-255,8574,343840,70,356669
7923,0.004459,172.31.40.0-255,66,343906,70,356669
7924,0.004485,74.125.24.0-255,4320,348226,70,356669
7925,0.004488,172.31.40.0-255,66,348292,70,356669
7926,0.004492,74.125.24.0-255,2369,350661,70,356669
7927,0.004494,172.31.40.0-255,66,350727,70,356669
7928,0.004518,74.125.24.0-255,105,350832,70,356669
7929,0.006673,172.31.40.0-255,66,350898,70,356669
7930,0.006709,172.31.40.0-255,105,351003,70,356669
7931,0.009062,74.125.24.0-255,66,351069,70,356669
7932,0.033403,172.31.40.0-255,172,351241,70,356669
7933,0.033435,172.31.40.0-255,1118,352359,70,356669
7934,0.033501,172.31.40.0-255,1514,353873,70,356669
7935,0.033504,172.31.40.0-255,1514,355387,70,356669
7936,0.033505,172.31.40.0-255,844,356231,70,356669
7937,0.03505,104.244.42.0-255,66,356297,70,356669
7938,0.035128,104.244.42.0-255,66,356363,70,356669
7939,0.035222,104.244.42.0-255,66,356429,70,356669
7940,0.035236,104.244.42.0-255,66,356495,70,356669
7941,0.038782,104.244.42.0-255,108,356603,70,356669
7942,0.038791,172.31.40.0-255,66,356669,70,356669
7943,0.0,74.125.24.0-255,153,153,70,374914
7944,2.3e-05,172.31.40.0-255,66,219,70,374914
7945,3e-05,74.125.24.0-255,1484,1703,70,374914
7946,3.4e-05,172.31.40.0-255,66,1769,70,374914
7947,4e-05,74.125.24.0-255,2902,4671,70,374914
7948,4.2e-05,172.31.40.0-255,66,4737,70,374914
7949,6.6e-05,74.125.24.0-255,4320,9057,70,374914
7950,6.9e-05,172.31.40.0-255,66,9123,70,374914
7951,8.7e-05,74.125.24.0-255,2902,12025,70,374914
7952,9e-05,172.31.40.0-255,66,12091,70,374914
7953,9.3e-05,74.125.24.0-255,1484,13575,70,374914
7954,9.5e-05,172.31.40.0-255,66,13641,70,374914
7955,0.000117,74.125.24.0-255,6318,19959,70,374914
7956,0.00012,172.31.40.0-255,66,20025,70,374914
7957,0.000124,74.125.24.0-255,4320,24345,70,374914
7958,0.000127,172.31.40.0-255,66,24411,70,374914
7959,0.000175,74.125.24.0-255,6797,31208,70,374914
7960,0.000178,172.31.40.0-255,66,31274,70,374914
7961,0.001191,74.125.24.0-255,1484,32758,70,374914
7962,0.001199,172.31.40.0-255,66,32824,70,374914
7963,0.001207,74.125.24.0-255,1484,34308,70,374914
7964,0.001209,172.31.40.0-255,66,34374,70,374914
7965,0.001227,74.125.24.0-255,1484,35858,70,374914
7966,0.001229,172.31.40.0-255,66,35924,70,374914
7967,0.001251,74.125.24.0-255,4320,40244,70,374914
7968,0.001254,172.31.40.0-255,66,40310,70,374914
7969,0.00126,74.125.24.0-255,4320,44630,70,374914
7970,0.001261,172.31.40.0-255,66,44696,70,374914
7971,0.001274,74.125.24.0-255,1484,46180,70,374914
7972,0.001276,172.31.40.0-255,66,46246,70,374914
7973,0.00129,74.125.24.0-255,2543,48789,70,374914
7974,0.001292,172.31.40.0-255,66,48855,70,374914
7975,0.001676,74.125.24.0-255,1484,50339,70,374914
7976,0.001684,74.125.24.0-255,2902,53241,70,374914
7977,0.001686,172.31.40.0-255,66,53307,70,374914
7978,0.001721,74.125.24.0-255,5738,59045,70,374914
7979,0.001724,172.31.40.0-255,66,59111,70,374914
7980,0.001738,74.125.24.0-255,4320,63431,70,374914
7981,0.00174,172.31.40.0-255,66,63497,70,374914
7982,0.001761,74.125.24.0-255,9633,73130,70,374914
7983,0.001764,172.31.40.0-255,66,73196,70,374914
7984,0.00177,74.125.24.0-255,5738,78934,70,374914
7985,0.001772,172.31.40.0-255,66,79000,70,374914
7986,0.001806,74.125.24.0-255,8574,87574,70,374914
7987,0.001808,172.31.40.0-255,66,87640,70,374914
7988,0.001817,74.125.24.0-255,9992,97632,70,374914
7989,0.001819,172.31.40.0-255,66,97698,70,374914
7990,0.001843,74.125.24.0-255,2184,99882,70,374914
7991,0.001911,74.125.24.0-255,1484,101366,70,374914
7992,0.001915,74.125.24.0-255,1484,102850,70,374914
7993,0.00193,74.125.24.0-255,1484,104334,70,374914
7994,0.001937,74.125.24.0-255,5738,110072,70,374914
7995,0.001939,74.125.24.0-255,1484,111556,70,374914
7996,0.001965,74.125.24.0-255,5264,116820,70,374914
7997,0.002087,74.125.24.0-255,760,117580,70,374914
7998,0.002109,74.125.24.0-255,1484,119064,70,374914
7999,0.002129,74.125.24.0-255,1484,120548,70,374914
8000,0.002143,74.125.24.0-255,2902,123450,70,374914
8001,0.002146,74.125.24.0-255,1484,124934,70,374914
8002,0.002169,74.125.24.0-255,8574,133508,70,374914
8003,0.002174,74.125.24.0-255,2902,136410,70,374914
8004,0.002201,74.125.24.0-255,8574,144984,70,374914
8005,0.00226,74.125.24.0-255,4320,149304,70,374914
8006,0.002275,74.125.24.0-255,2184,151488,70,374914
8007,0.002496,74.125.24.0-255,1484,152972,70,374914
8008,0.002518,74.125.24.0-255,2902,155874,70,374914
8009,0.00253,74.125.24.0-255,1484,157358,70,374914
8010,0.002543,74.125.24.0-255,1484,158842,70,374914
8011,0.002561,74.125.24.0-255,7156,165998,70,374914
8012,0.002564,74.125.24.0-255,1484,167482,70,374914
8013,0.002576,74.125.24.0-255,1484,168966,70,374914
8014,0.002597,74.125.24.0-255,4320,173286,70,374914
8015,0.002624,74.125.24.0-255,9992,183278,70,374914
8016,0.002629,74.125.24.0-255,2184,185462,70,374914
8017,0.002724,74.125.24.0-255,1484,186946,70,374914
8018,0.002741,74.125.24.0-255,2902,189848,70,374914
8019,0.002765,74.125.24.0-255,4320,194168,70,374914
8020,0.002775,74.125.24.0-255,1484,195652,70,374914
8021,0.002783,74.125.24.0-255,7156,202808,70,374914
8022,0.002827,74.125.24.0-255,7156,209964,70,374914
8023,0.002845,74.125.24.0-255,7156,217120,70,374914
8024,0.00288,74.125.24.0-255,1484,218604,70,374914
8025,0.002959,74.125.24.0-255,9992,228596,70,374914
8026,0.002975,74.125.24.0-255,4320,232916,70,374914
8027,0.002984,74.125.24.0-255,7856,240772,70,374914
8028,0.003063,74.125.24.0-255,1484,242256,70,374914
8029,0.00308,74.125.24.0-255,2902,245158,70,374914
8030,0.003101,74.125.24.0-255,5738,250896,70,374914
8031,0.003122,74.125.24.0-255,7156,258052,70,374914
8032,0.003148,74.125.24.0-255,5738,263790,70,374914
8033,0.003158,74.125.24.0-255,10692,274482,70,374914
8034,0.003217,74.125.24.0-255,1484,275966,70,374914
8035,0.003234,74.125.24.0-255,2902,278868,70,374914
8036,0.003258,74.125.24.0-255,5738,284606,70,374914
8037,0.003262,74.125.24.0-255,1484,286090,70,374914
8038,0.003274,74.125.24.0-255,2902,288992,70,374914
8039,0.003303,74.125.24.0-255,8574,297566,70,374914
8040,0.003312,74.125.24.0-255,8574,306140,70,374914
8041,0.003328,74.125.24.0-255,1484,307624,70,374914
8042,0.003357,74.125.24.0-255,2902,310526,70,374914
8043,0.003375,74.125.24.0-255,9992,320518,70,374914
8044,0.003402,74.125.24.0-255,3602,324120,70,374914
8045,0.003433,74.125.24.0-255,1484,325604,70,374914
8046,0.003435,74.125.24.0-255,766,326370,70,374914
8047,0.003647,172.31.40.0-255,66,326436,70,374914
8048,0.003842,74.125.24.0-255,1484,327920,70,374914
8049,0.003847,74.125.24.0-255,1484,329404,70,374914
8050,0.00386,74.125.24.0-255,1484,330888,70,374914
8051,0.003863,172.31.40.0-255,66,330954,70,374914
8052,0.003875,74.125.24.0-255,5738,336692,70,374914
8053,0.003899,74.125.24.0-255,7156,343848,70,374914
8054,0.003912,74.125.24.0-255,5738,349586,70,374914
8055,0.003926,172.31.40.0-255,66,349652,70,374914
8056,0.003983,74.125.24.0-255,5738,355390,70,374914
8057,0.003999,74.125.24.0-255,5020,360410,70,374914
8058,0.004016,172.31.40.0-255,66,360476,70,374914
8059,0.005078,74.125.24.0-255,1484,361960,70,374914
8060,0.005084,74.125.24.0-255,1484,363444,70,374914
8061,0.005087,172.31.40.0-255,66,363510,70,374914
8062,0.005106,74.125.24.0-255,1484,364994,70,374914
8063,0.005123,74.125.24.0-255,3811,368805,70,374914
8064,0.005128,172.31.40.0-255,66,368871,70,374914
8065,0.005165,74.125.24.0-255,105,368976,70,374914
8066,0.005682,172.31.40.0-255,101,369077,70,374914
8067,0.008107,74.125.24.0-255,66,369143,70,374914
8068,0.009975,172.31.40.0-255,105,369248,70,374914
8069,0.01237,74.125.24.0-255,66,369314,70,374914
8070,0.030195,172.31.40.0-255,172,369486,70,374914
8071,0.030226,172.31.40.0-255,1116,370602,70,374914
8072,0.030287,172.31.40.0-255,1514,372116,70,374914
8073,0.030289,172.31.40.0-255,1514,373630,70,374914
8074,0.03029,172.31.40.0-255,846,374476,70,374914
8075,0.031832,104.244.42.0-255,66,374542,70,374914
8076,0.031876,104.244.42.0-255,66,374608,70,374914
8077,0.031986,104.244.42.0-255,66,374674,70,374914
8078,0.03199,104.244.42.0-255,66,374740,70,374914
8079,0.033237,104.244.42.0-255,108,374848,70,374914
8080,0.033247,172.31.40.0-255,66,374914,70,374914
8081,0.0,74.125.68.0-255,150,150,70,392062
8082,2.3e-05,172.31.40.0-255,66,216,70,392062
8083,3e-05,74.125.68.0-255,1484,1700,70,392062
8084,3.4e-05,172.31.40.0-255,66,1766,70,392062
8085,3.7e-05,74.125.68.0-255,1484,3250,70,392062
8086,4.1e-05,172.31.40.0-255,66,3316,70,392062
8087,4.7e-05,74.125.68.0-255,2902,6218,70,392062
8088,5e-05,172.31.40.0-255,66,6284,70,392062
8089,5.7e-05,74.125.68.0-255,5738,12022,70,392062
8090,6e-05,172.31.40.0-255,66,12088,70,392062
8091,6.4e-05,74.125.68.0-255,2064,14152,70,392062
8092,6.7e-05,172.31.40.0-255,66,14218,70,392062
8093,9.3e-05,74.125.68.0-255,2902,17120,70,392062
8094,9.6e-05,172.31.40.0-255,66,17186,70,392062
8095,0.000101,74.125.68.0-255,2902,20088,70,392062
8096,0.000103,172.31.40.0-255,66,20154,70,392062
8097,0.00013,74.125.68.0-255,4320,24474,70,392062
8098,0.000133,172.31.40.0-255,66,24540,70,392062
8099,0.00014,74.125.68.0-255,6797,31337,70,392062
8100,0.000143,172.31.40.0-255,66,31403,70,392062
8101,0.000228,74.125.68.0-255,1484,32887,70,392062
8102,0.000231,172.31.40.0-255,66,32953,70,392062
8103,0.000236,74.125.68.0-255,2902,35855,70,392062
8104,0.000238,172.31.40.0-255,66,35921,70,392062
8105,0.000243,74.125.68.0-255,2902,38823,70,392062
8106,0.000246,172.31.40.0-255,66,38889,70,392062
8107,0.00027,74.125.68.0-255,2902,41791,70,392062
8108,0.000273,172.31.40.0-255,66,41857,70,392062
8109,0.00028,74.125.68.0-255,6797,48654,70,392062
8110,0.000283,172.31.40.0-255,66,48720,70,392062
8111,0.0003,74.125.68.0-255,7156,55876,70,392062
8112,0.000303,172.31.40.0-255,66,55942,70,392062
8113,0.000322,74.125.68.0-255,2902,58844,70,392062
8114,0.000325,172.31.40.0-255,66,58910,70,392062
8115,0.000351,74.125.68.0-255,5738,64648,70,392062
8116,0.000354,172.31.40.0-255,66,64714,70,392062
8117,0.000372,74.125.68.0-255,1125,65839,70,392062
8118,0.000513,74.125.68.0-255,645,66484,70,392062
8119,0.000518,172.31.40.0-255,66,66550,70,392062
8120,0.000935,74.125.68.0-255,1484,68034,70,392062
8121,0.000954,74.125.68.0-255,2902,70936,70,392062
8122,0.000958,172.31.40.0-255,66,71002,70,392062
8123,0.000963,74.125.68.0-255,2902,73904,70,392062
8124,0.000965,172.31.40.0-255,66,73970,70,392062
8125,0.00098,74.125.68.0-255,2902,76872,70,392062
8126,0.000983,172.31.40.0-255,66,76938,70,392062
8127,0.000988,74.125.68.0-255,4320,81258,70,392062
8128,0.00099,172.31.40.0-255,66,81324,70,392062
8129,0.000995,74.125.68.0-255,4320,85644,70,392062
8130,0.000997,172.31.40.0-255,66,85710,70,392062
8131,0.001009,74.125.68.0-255,1484,87194,70,392062
8132,0.001032,74.125.68.0-255,4320,91514,70,392062
8133,0.001035,172.31.40.0-255,66,91580,70,392062
8134,0.001061,74.125.68.0-255,7156,98736,70,392062
8135,0.001063,172.31.40.0-255,66,98802,70,392062
8136,0.001067,74.125.68.0-255,2184,100986,70,392062
8137,0.001069,172.31.40.0-255,66,101052,70,392062
8138,0.001385,74.125.68.0-255,1484,102536,70,392062
8139,0.001391,74.125.68.0-255,2902,105438,70,392062
8140,0.001395,172.31.40.0-255,66,105504,70,392062
8141,0.001436,74.125.68.0-255,5738,111242,70,392062
8142,0.001439,172.31.40.0-255,66,111308,70,392062
8143,0.001461,74.125.68.0-255,1484,112792,70,392062
8144,0.001482,74.125.68.0-255,2902,115694,70,392062
8145,0.001485,172.31.40.0-255,66,115760,70,392062
8146,0.001506,74.125.68.0-255,4320,120080,70,392062
8147,0.001508,172.31.40.0-255,66,120146,70,392062
8148,0.00157,74.125.68.0-255,1484,121630,70,392062
8149,0.001584,74.125.68.0-255,2902,124532,70,392062
8150,0.001587,172.31.40.0-255,66,124598,70,392062
8151,0.001612,74.125.68.0-255,2902,127500,70,392062
8152,0.001614,172.31.40.0-255,66,127566,70,392062
8153,0.001637,74.125.68.0-255,4320,131886,70,392062
8154,0.00164,172.31.40.0-255,66,131952,70,392062
8155,0.001662,74.125.68.0-255,3602,135554,70,392062
8156,0.001665,172.31.40.0-255,66,135620,70,392062
8157,0.001731,74.125.68.0-255,1484,137104,70,392062
8158,0.001738,74.125.68.0-255,2902,140006,70,392062
8159,0.00174,172.31.40.0-255,66,140072,70,392062
8160,0.001753,74.125.68.0-255,1484,141556,70,392062
8161,0.001765,74.125.68.0-255,1484,143040,70,392062
8162,0.001767,172.31.40.0-255,66,143106,70,392062
8163,0.00179,74.125.68.0-255,4320,147426,70,392062
8164,0.001792,172.31.40.0-255,66,147492,70,392062
8165,0.001809,74.125.68.0-255,4320,151812,70,392062
8166,0.001811,172.31.40.0-255,66,151878,70,392062
8167,0.001844,74.125.68.0-255,8574,160452,70,392062
8168,0.001847,172.31.40.0-255,66,160518,70,392062
8169,0.001871,74.125.68.0-255,8574,169092,70,392062
8170,0.001874,172.31.40.0-255,66,169158,70,392062
8171,0.001891,74.125.68.0-255,766,169924,70,392062
8172,0.001895,74.125.68.0-255,1484,171408,70,392062
8173,0.001897,172.31.40.0-255,66,171474,70,392062
8174,0.001921,74.125.68.0-255,8574,180048,70,392062
8175,0.001923,172.31.40.0-255,66,180114,70,392062
8176,0.001929,74.125.68.0-255,4320,184434,70,392062
8177,0.001931,172.31.40.0-255,66,184500,70,392062
8178,0.001952,74.125.68.0-255,1484,185984,70,392062
8179,0.001991,172.31.40.0-255,66,186050,70,392062
8180,0.001996,74.125.68.0-255,3602,189652,70,392062
8181,0.001999,172.31.40.0-255,66,189718,70,392062
8182,0.002257,74.125.68.0-255,1484,191202,70,392062
8183,0.002279,74.125.68.0-255,2902,194104,70,392062
8184,0.002283,172.31.40.0-255,66,194170,70,392062
8185,0.00229,74.125.68.0-255,4320,198490,70,392062
8186,0.002292,172.31.40.0-255,66,198556,70,392062
8187,0.002314,74.125.68.0-255,8574,207130,70,392062
8188,0.002317,172.31.40.0-255,66,207196,70,392062
8189,0.002322,74.125.68.0-255,4320,211516,70,392062
8190,0.002324,172.31.40.0-255,66,211582,70,392062
8191,0.002347,74.125.68.0-255,1484,213066,70,392062
8192,0.002349,74.125.68.0-255,1484,214550,70,392062
8193,0.002353,172.31.40.0-255,66,214616,70,392062
8194,0.004631,74.125.68.0-255,2902,217518,70,392062
8195,0.004639,172.31.40.0-255,66,217584,70,392062
8196,0.00466,74.125.68.0-255,2902,220486,70,392062
8197,0.004663,172.31.40.0-255,66,220552,70,392062
8198,0.006954,74.125.68.0-255,2902,223454,70,392062
8199,0.006959,172.31.40.0-255,66,223520,70,392062
8200,0.006979,74.125.68.0-255,2902,226422,70,392062
8201,0.006981,172.31.40.0-255,66,226488,70,392062
8202,0.009283,74.125.68.0-255,5738,232226,70,392062
8203,0.00929,172.31.40.0-255,66,232292,70,392062
8204,0.011597,74.125.68.0-255,4320,236612,70,392062
8205,0.011603,172.31.40.0-255,66,236678,70,392062
8206,0.011625,74.125.68.0-255,1484,238162,70,392062
8207,0.013921,74.125.68.0-255,4320,242482,70,392062
8208,0.01393,172.31.40.0-255,66,242548,70,392062
8209,0.016247,74.125.68.0-255,5738,248286,70,392062
8210,0.016257,172.31.40.0-255,66,248352,70,392062
8211,0.018573,74.125.68.0-255,5738,254090,70,392062
8212,0.01858,172.31.40.0-255,66,254156,70,392062
8213,0.020895,74.125.68.0-255,5738,259894,70,392062
8214,0.020902,172.31.40.0-255,66,259960,70,392062
8215,0.023241,74.125.68.0-255,5738,265698,70,392062
8216,0.023247,172.31.40.0-255,66,265764,70,392062
8217,0.025573,74.125.68.0-255,5738,271502,70,392062
8218,0.025584,172.31.40.0-255,66,271568,70,392062
8219,0.027934,74.125.68.0-255,5738,277306,70,392062
8220,0.027941,172.31.40.0-255,66,277372,70,392062
8221,0.028964,172.31.40.0-255,171,277543,70,392062
8222,0.028997,172.31.40.0-255,1140,278683,70,392062
8223,0.029056,172.31.40.0-255,1514,280197,70,392062
8224,0.029057,172.31.40.0-255,1514,281711,70,392062
8225,0.029081,172.31.40.0-255,822,282533,70,392062
8226,0.030254,74.125.68.0-255,5738,288271,70,392062
8227,0.030261,172.31.40.0-255,66,288337,70,392062
8228,0.030512,104.244.42.0-255,66,288403,70,392062
8229,0.030574,104.244.42.0-255,66,288469,70,392062
8230,0.030627,104.244.42.0-255,66,288535,70,392062
8231,0.030633,104.244.42.0-255,66,288601,70,392062
8232,0.031283,104.244.42.0-255,108,288709,70,392062
8233,0.031291,172.31.40.0-255,66,288775,70,392062
8234,0.032568,74.125.68.0-255,5738,294513,70,392062
8235,0.032575,172.31.40.0-255,66,294579,70,392062
8236,0.0349,74.125.68.0-255,5738,300317,70,392062
8237,0.034908,172.31.40.0-255,66,300383,70,392062
8238,0.037235,74.125.68.0-255,5738,306121,70,392062
8239,0.037242,172.31.40.0-255,66,306187,70,392062
8240,0.039566,74.125.68.0-255,5738,311925,70,392062
8241,0.039572,172.31.40.0-255,66,311991,70,392062
8242,0.041996,74.125.68.0-255,5738,317729,70,392062
8243,0.042002,172.31.40.0-255,66,317795,70,392062
8244,0.044322,74.125.68.0-255,5738,323533,70,392062
8245,0.04433,172.31.40.0-255,66,323599,70,392062
8246,0.046661,74.125.68.0-255,5738,329337,70,392062
8247,0.046668,172.31.40.0-255,66,329403,70,392062
8248,0.048986,74.125.68.0-255,5738,335141,70,392062
8249,0.048996,172.31.40.0-255,66,335207,70,392062
8250,0.05132,74.125.68.0-255,5738,340945,70,392062
8251,0.051328,172.31.40.0-255,66,341011,70,392062
8252,0.053651,74.125.68.0-255,5738,346749,70,392062
8253,0.053658,172.31.40.0-255,66,346815,70,392062
8254,0.055984,74.125.68.0-255,5738,352553,70,392062
8255,0.055991,172.31.40.0-255,66,352619,70,392062
8256,0.058314,74.125.68.0-255,5738,358357,70,392062
8257,0.05832,172.31.40.0-255,66,358423,70,392062
8258,0.060642,74.125.68.0-255,5738,364161,70,392062
8259,0.060649,172.31.40.0-255,66,364227,70,392062
8260,0.062963,74.125.68.0-255,5738,369965,70,392062
8261,0.062969,172.31.40.0-255,66,370031,70,392062
8262,0.065268,74.125.68.0-255,5738,375769,70,392062
8263,0.065274,172.31.40.0-255,66,375835,70,392062
8264,0.067613,74.125.68.0-255,5738,381573,70,392062
8265,0.067622,172.31.40.0-255,66,381639,70,392062
8266,0.069961,74.125.68.0-255,5738,387377,70,392062
8267,0.069968,172.31.40.0-255,66,387443,70,392062
8268,0.072287,74.125.68.0-255,4382,391825,70,392062
8269,0.072294,172.31.40.0-255,66,391891,70,392062
8270,0.072474,172.31.40.0-255,105,391996,70,392062
8271,0.074755,74.125.68.0-255,66,392062,70,392062
8272,0.0,74.125.68.0-255,155,155,70,325737
8273,1.6e-05,172.31.40.0-255,66,221,70,325737
8274,2.4e-05,74.125.68.0-255,1484,1705,70,325737
8275,2.8e-05,172.31.40.0-255,66,1771,70,325737
8276,4.1e-05,74.125.68.0-255,2902,4673,70,325737
8277,4.4e-05,172.31.40.0-255,66,4739,70,325737
8278,0.000108,74.125.68.0-255,7156,11895,70,325737
8279,0.000112,172.31.40.0-255,66,11961,70,325737
8280,0.000281,74.125.68.0-255,2037,13998,70,325737
8281,0.000286,172.31.40.0-255,66,14064,70,325737
8282,0.000325,74.125.68.0-255,2902,16966,70,325737
8283,0.000329,172.31.40.0-255,66,17032,70,325737
8284,0.000393,74.125.68.0-255,7156,24188,70,325737
8285,0.000397,172.31.40.0-255,66,24254,70,325737
8286,0.000569,74.125.68.0-255,7156,31410,70,325737
8287,0.000574,172.31.40.0-255,66,31476,70,325737
8288,0.000605,74.125.68.0-255,8215,39691,70,325737
8289,0.000608,172.31.40.0-255,66,39757,70,325737
8290,0.000937,74.125.68.0-255,8215,47972,70,325737
8291,0.000942,172.31.40.0-255,66,48038,70,325737
8292,0.001127,74.125.68.0-255,1484,49522,70,325737
8293,0.001132,172.31.40.0-255,66,49588,70,325737
8294,0.001164,74.125.68.0-255,2902,52490,70,325737
8295,0.001166,172.31.40.0-255,66,52556,70,325737
8296,0.001227,74.125.68.0-255,1484,54040,70,325737
8297,0.00123,172.31.40.0-255,66,54106,70,325737
8298,0.001257,74.125.68.0-255,4320,58426,70,325737
8299,0.00126,172.31.40.0-255,66,58492,70,325737
8300,0.001389,74.125.68.0-255,6797,65289,70,325737
8301,0.001394,172.31.40.0-255,66,65355,70,325737
8302,0.001541,74.125.68.0-255,5738,71093,70,325737
8303,0.001548,172.31.40.0-255,66,71159,70,325737
8304,0.001579,74.125.68.0-255,8574,79733,70,325737
8305,0.001898,74.125.68.0-255,2543,82276,70,325737
8306,0.001948,74.125.68.0-255,5738,88014,70,325737
8307,0.002413,74.125.68.0-255,9992,98006,70,325737
8308,0.002878,74.125.68.0-255,2902,100908,70,325737
8309,0.002915,74.125.68.0-255,9992,110900,70,325737
8310,0.003876,74.125.68.0-255,5738,116638,70,325737
8311,0.006022,172.31.40.0-255,66,116704,70,325737
8312,0.008301,74.125.68.0-255,5738,122442,70,325737
8313,0.008312,172.31.40.0-255,66,122508,70,325737
8314,0.010588,74.125.68.0-255,5738,128246,70,325737
8315,0.010597,172.31.40.0-255,66,128312,70,325737
8316,0.012872,74.125.68.0-255,5738,134050,70,325737
8317,0.012887,172.31.40.0-255,66,134116,70,325737
8318,0.015174,74.125.68.0-255,5738,139854,70,325737
8319,0.015181,172.31.40.0-255,66,139920,70,325737
8320,0.017466,74.125.68.0-255,5738,145658,70,325737
8321,0.017473,172.31.40.0-255,66,145724,70,325737
8322,0.019746,74.125.68.0-255,5738,151462,70,325737
8323,0.019757,172.31.40.0-255,66,151528,70,325737
8324,0.022022,74.125.68.0-255,5738,157266,70,325737
8325,0.022033,172.31.40.0-255,66,157332,70,325737
8326,0.024317,74.125.68.0-255,5738,163070,70,325737
8327,0.02433,172.31.40.0-255,66,163136,70,325737
8328,0.026601,74.125.68.0-255,5738,168874,70,325737
8329,0.026611,172.31.40.0-255,66,168940,70,325737
8330,0.028886,74.125.68.0-255,5738,174678,70,325737
8331,0.028897,172.31.40.0-255,66,174744,70,325737
8332,0.031194,74.125.68.0-255,5738,180482,70,325737
8333,0.031212,172.31.40.0-255,66,180548,70,325737
8334,0.033497,74.125.68.0-255,5738,186286,70,325737
8335,0.033509,172.31.40.0-255,66,186352,70,325737
8336,0.035781,74.125.68.0-255,5738,192090,70,325737
8337,0.035789,172.31.40.0-255,66,192156,70,325737
8338,0.038062,74.125.68.0-255,5738,197894,70,325737
8339,0.038088,172.31.40.0-255,66,197960,70,325737
8340,0.040258,172.31.40.0-255,172,198132,70,325737
8341,0.040289,172.31.40.0-255,1118,199250,70,325737
8342,0.040356,74.125.68.0-255,5738,204988,70,325737
8343,0.040362,172.31.40.0-255,66,205054,70,325737
8344,0.040373,172.31.40.0-255,1514,206568,70,325737
8345,0.040378,172.31.40.0-255,1514,208082,70,325737
8346,0.040379,172.31.40.0-255,844,208926,70,325737
8347,0.041838,104.244.42.0-255,66,208992,70,325737
8348,0.041883,104.244.42.0-255,66,209058,70,325737
8349,0.041992,104.244.42.0-255,66,209124,70,325737
8350,0.041996,104.244.42.0-255,66,209190,70,325737
8351,0.042648,74.125.68.0-255,5738,214928,70,325737
8352,0.042654,172.31.40.0-255,66,214994,70,325737
8353,0.044994,74.125.68.0-255,5738,220732,70,325737
8354,0.045013,172.31.40.0-255,66,220798,70,325737
8355,0.04729,74.125.68.0-255,5738,226536,70,325737
8356,0.047307,172.31.40.0-255,66,226602,70,325737
8357,0.049597,74.125.68.0-255,5738,232340,70,325737
8358,0.049615,172.31.40.0-255,66,232406,70,325737
8359,0.051895,74.125.68.0-255,5738,238144,70,325737
8360,0.051909,172.31.40.0-255,66,238210,70,325737
8361,0.054188,74.125.68.0-255,5738,243948,70,325737
8362,0.054205,172.31.40.0-255,66,244014,70,325737
8363,0.056492,74.125.68.0-255,5738,249752,70,325737
8364,0.056509,172.31.40.0-255,66,249818,70,325737
8365,0.058787,74.125.68.0-255,5738,255556,70,325737
8366,0.058806,172.31.40.0-255,66,255622,70,325737
8367,0.061084,74.125.68.0-255,5738,261360,70,325737
8368,0.061102,172.31.40.0-255,66,261426,70,325737
8369,0.063404,74.125.68.0-255,5738,267164,70,325737
8370,0.063423,172.31.40.0-255,66,267230,70,325737
8371,0.065712,74.125.68.0-255,5738,272968,70,325737
8372,0.065729,172.31.40.0-255,66,273034,70,325737
8373,0.067994,74.125.68.0-255,5738,278772,70,325737
8374,0.068001,172.31.40.0-255,66,278838,70,325737
8375,0.070267,74.125.68.0-255,5738,284576,70,325737
8376,0.070276,172.31.40.0-255,66,284642,70,325737
8377,0.072572,74.125.68.0-255,5738,290380,70,325737
8378,0.07259,172.31.40.0-255,66,290446,70,325737
8379,0.074872,74.125.68.0-255,5738,296184,70,325737
8380,0.074892,172.31.40.0-255,66,296250,70,325737
8381,0.077195,74.125.68.0-255,5738,301988,70,325737
8382,0.077215,172.31.40.0-255,66,302054,70,325737
8383,0.079502,74.125.68.0-255,5738,307792,70,325737
8384,0.07952,172.31.40.0-255,66,307858,70,325737
8385,0.081808,74.125.68.0-255,5738,313596,70,325737
8386,0.081827,172.31.40.0-255,66,313662,70,325737
8387,0.084117,74.125.68.0-255,5738,319400,70,325737
8388,0.084135,172.31.40.0-255,66,319466,70,325737
8389,0.0864,74.125.68.0-255,5738,325204,70,325737
8390,0.086407,172.31.40.0-255,66,325270,70,325737
8391,0.088667,74.125.68.0-255,230,325500,70,325737
8392,0.088884,172.31.40.0-255,66,325566,70,325737
8393,0.088927,172.31.40.0-255,105,325671,70,325737
8394,0.091173,74.125.68.0-255,66,325737,70,325737
8395,0.0,74.125.24.0-255,152,152,70,309690
8396,2e-05,172.31.40.0-255,66,218,70,309690
8397,2.6e-05,74.125.24.0-255,1484,1702,70,309690
8398,3e-05,172.31.40.0-255,66,1768,70,309690
8399,3.5e-05,74.125.24.0-255,2902,4670,70,309690
8400,3.7e-05,172.31.40.0-255,66,4736,70,309690
8401,8.3e-05,74.125.24.0-255,7156,11892,70,309690
8402,8.6e-05,172.31.40.0-255,66,11958,70,309690
8403,9.9e-05,172.31.40.0-255,66,12024,70,309690
8404,0.000112,74.125.24.0-255,2071,14095,70,309690
8405,0.000115,172.31.40.0-255,66,14161,70,309690
8406,0.000119,74.125.24.0-255,2543,16704,70,309690
8407,0.000121,172.31.40.0-255,66,16770,70,309690
8408,0.000169,74.125.24.0-255,1484,18254,70,309690
8409,0.000172,172.31.40.0-255,66,18320,70,309690
8410,0.000175,74.125.24.0-255,1484,19804,70,309690
8411,0.000176,172.31.40.0-255,66,19870,70,309690
8412,0.000186,74.125.24.0-255,1484,21354,70,309690
8413,0.000188,172.31.40.0-255,66,21420,70,309690
8414,0.000194,74.125.24.0-255,4320,25740,70,309690
8415,0.000195,172.31.40.0-255,66,25806,70,309690
8416,0.00021,74.125.24.0-255,1484,27290,70,309690
8417,0.000225,172.31.40.0-255,66,27356,70,309690
8418,0.000256,74.125.24.0-255,5738,33094,70,309690
8419,0.000259,172.31.40.0-255,66,33160,70,309690
8420,0.000284,74.125.24.0-255,6797,39957,70,309690
8421,0.000287,172.31.40.0-255,66,40023,70,309690
8422,0.000298,172.31.40.0-255,66,40089,70,309690
8423,0.000336,74.125.24.0-255,125,40214,70,309690
8424,0.00034,172.31.40.0-255,66,40280,70,309690
8425,0.000457,74.125.24.0-255,1484,41764,70,309690
8426,0.000464,74.125.24.0-255,2902,44666,70,309690
8427,0.000467,172.31.40.0-255,66,44732,70,309690
8428,0.000471,74.125.24.0-255,1484,46216,70,309690
8429,0.000492,74.125.24.0-255,4320,50536,70,309690
8430,0.000494,172.31.40.0-255,66,50602,70,309690
8431,0.000499,74.125.24.0-255,4320,54922,70,309690
8432,0.000501,172.31.40.0-255,66,54988,70,309690
8433,0.000504,74.125.24.0-255,1484,56472,70,309690
8434,0.000535,74.125.24.0-255,9992,66464,70,309690
8435,0.000538,172.31.40.0-255,66,66530,70,309690
8436,0.000571,74.125.24.0-255,8137,74667,70,309690
8437,0.000574,172.31.40.0-255,66,74733,70,309690
8438,0.00063,74.125.24.0-255,1484,76217,70,309690
8439,0.000636,74.125.24.0-255,2902,79119,70,309690
8440,0.00064,172.31.40.0-255,66,79185,70,309690
8441,0.000673,74.125.24.0-255,5738,84923,70,309690
8442,0.000677,172.31.40.0-255,66,84989,70,309690
8443,0.000689,172.31.40.0-255,66,85055,70,309690
8444,0.000697,74.125.24.0-255,8574,93629,70,309690
8445,0.0007,172.31.40.0-255,66,93695,70,309690
8446,0.000731,74.125.24.0-255,2184,95879,70,309690
8447,0.000734,172.31.40.0-255,66,95945,70,309690
8448,0.000804,74.125.24.0-255,1484,97429,70,309690
8449,0.000811,74.125.24.0-255,2902,100331,70,309690
8450,0.000815,172.31.40.0-255,66,100397,70,309690
8451,0.00082,74.125.24.0-255,2902,103299,70,309690
8452,0.000822,172.31.40.0-255,66,103365,70,309690
8453,0.000846,74.125.24.0-255,2902,106267,70,309690
8454,0.000849,172.31.40.0-255,66,106333,70,309690
8455,0.000854,74.125.24.0-255,4320,110653,70,309690
8456,0.000857,172.31.40.0-255,66,110719,70,309690
8457,0.000897,172.31.40.0-255,66,110785,70,309690
8458,0.000905,74.125.24.0-255,7856,118641,70,309690
8459,0.000907,172.31.40.0-255,66,118707,70,309690
8460,0.001012,74.125.24.0-255,1484,120191,70,309690
8461,0.001019,74.125.24.0-255,2902,123093,70,309690
8462,0.001022,172.31.40.0-255,66,123159,70,309690
8463,0.001029,74.125.24.0-255,4320,127479,70,309690
8464,0.001032,172.31.40.0-255,66,127545,70,309690
8465,0.001054,74.125.24.0-255,1484,129029,70,309690
8466,0.001062,74.125.24.0-255,5738,134767,70,309690
8467,0.001065,172.31.40.0-255,66,134833,70,309690
8468,0.001103,74.125.24.0-255,2902,137735,70,309690
8469,0.001107,172.31.40.0-255,66,137801,70,309690
8470,0.001142,74.125.24.0-255,9992,147793,70,309690
8471,0.001145,172.31.40.0-255,66,147859,70,309690
8472,0.00115,74.125.24.0-255,5020,152879,70,309690
8473,0.001153,172.31.40.0-255,66,152945,70,309690
8474,0.001551,74.125.24.0-255,1484,154429,70,309690
8475,0.001559,74.125.24.0-255,2902,157331,70,309690
8476,0.001563,172.31.40.0-255,66,157397,70,309690
8477,0.00159,74.125.24.0-255,5738,163135,70,309690
8478,0.001599,172.31.40.0-255,66,163201,70,309690
8479,0.001604,74.125.24.0-255,2902,166103,70,309690
8480,0.001606,172.31.40.0-255,66,166169,70,309690
8481,0.001628,74.125.24.0-255,9992,176161,70,309690
8482,0.00163,172.31.40.0-255,66,176227,70,309690
8483,0.001636,74.125.24.0-255,5738,181965,70,309690
8484,0.001638,172.31.40.0-255,66,182031,70,309690
8485,0.001676,74.125.24.0-255,5020,187051,70,309690
8486,0.001679,172.31.40.0-255,66,187117,70,309690
8487,0.001789,74.125.24.0-255,1484,188601,70,309690
8488,0.001794,74.125.24.0-255,2902,191503,70,309690
8489,0.001797,172.31.40.0-255,66,191569,70,309690
8490,0.001819,74.125.24.0-255,5738,197307,70,309690
8491,0.001822,172.31.40.0-255,66,197373,70,309690
8492,0.001826,74.125.24.0-255,2902,200275,70,309690
8493,0.001828,172.31.40.0-255,66,200341,70,309690
8494,0.001871,74.125.24.0-255,9992,210333,70,309690
8495,0.001875,172.31.40.0-255,66,210399,70,309690
8496,0.001885,74.125.24.0-255,10692,221091,70,309690
8497,0.001887,172.31.40.0-255,66,221157,70,309690
8498,0.001925,74.125.24.0-255,9992,231149,70,309690
8499,0.001928,172.31.40.0-255,66,231215,70,309690
8500,0.001953,74.125.24.0-255,1484,232699,70,309690
8501,0.001958,74.125.24.0-255,4320,237019,70,309690
8502,0.001965,74.125.24.0-255,7156,244175,70,309690
8503,0.001969,172.31.40.0-255,66,244241,70,309690
8504,0.001972,172.31.40.0-255,66,244307,70,309690
8505,0.001997,74.125.24.0-255,9992,254299,70,309690
8506,0.002,172.31.40.0-255,66,254365,70,309690
8507,0.002003,74.125.24.0-255,766,255131,70,309690
8508,0.002036,74.125.24.0-255,2902,258033,70,309690
8509,0.002039,172.31.40.0-255,66,258099,70,309690
8510,0.002071,172.31.40.0-255,66,258165,70,309690
8511,0.002109,172.31.40.0-255,66,258231,70,309690
8512,0.002117,74.125.24.0-255,8574,266805,70,309690
8513,0.002119,172.31.40.0-255,66,266871,70,309690
8514,0.002133,74.125.24.0-255,5738,272609,70,309690
8515,0.002136,172.31.40.0-255,66,272675,70,309690
8516,0.002169,74.125.24.0-255,8574,281249,70,309690
8517,0.002173,172.31.40.0-255,66,281315,70,309690
8518,0.002209,172.31.40.0-255,66,281381,70,309690
8519,0.002251,74.125.24.0-255,7156,288537,70,309690
8520,0.002253,172.31.40.0-255,66,288603,70,309690
8521,0.002275,74.125.24.0-255,9992,298595,70,309690
8522,0.002278,172.31.40.0-255,66,298661,70,309690
8523,0.002283,74.125.24.0-255,4918,303579,70,309690
8524,0.002285,172.31.40.0-255,66,303645,70,309690
8525,0.002288,74.125.24.0-255,105,303750,70,309690
8526,0.00265,172.31.40.0-255,101,303851,70,309690
8527,0.004494,172.31.40.0-255,105,303956,70,309690
8528,0.004912,74.125.24.0-255,66,304022,70,309690
8529,0.006753,74.125.24.0-255,66,304088,70,309690
8530,0.029473,172.31.40.0-255,172,304260,70,309690
8531,0.029527,172.31.40.0-255,1118,305378,70,309690
8532,0.029628,172.31.40.0-255,1514,306892,70,309690
8533,0.02963,172.31.40.0-255,1514,308406,70,309690
8534,0.029664,172.31.40.0-255,846,309252,70,309690
8535,0.030999,104.244.42.0-255,66,309318,70,309690
8536,0.031066,104.244.42.0-255,66,309384,70,309690
8537,0.031183,104.244.42.0-255,66,309450,70,309690
8538,0.031186,104.244.42.0-255,66,309516,70,309690
8539,0.03172,104.244.42.0-255,108,309624,70,309690
8540,0.031741,172.31.40.0-255,66,309690,70,309690
8541,0.0,172.217.194.0-255,150,150,70,288865
8542,2.2e-05,172.31.40.0-255,66,216,70,288865
8543,2.9e-05,172.217.194.0-255,1484,1700,70,288865
8544,3.5e-05,172.31.40.0-255,66,1766,70,288865
8545,4e-05,172.217.194.0-255,2902,4668,70,288865
8546,5e-05,172.31.40.0-255,66,4734,70,288865
8547,5.6e-05,172.217.194.0-255,4320,9054,70,288865
8548,5.9e-05,172.31.40.0-255,66,9120,70,288865
8549,0.000104,172.217.194.0-255,9183,18303,70,288865
8550,0.000107,172.31.40.0-255,66,18369,70,288865
8551,0.000125,172.31.40.0-255,66,18435,70,288865
8552,0.000156,172.217.194.0-255,1484,19919,70,288865
8553,0.000158,172.31.40.0-255,66,19985,70,288865
8554,0.000183,172.217.194.0-255,2902,22887,70,288865
8555,0.000185,172.31.40.0-255,66,22953,70,288865
8556,0.000191,172.217.194.0-255,4320,27273,70,288865
8557,0.000193,172.31.40.0-255,66,27339,70,288865
8558,0.000218,172.217.194.0-255,5738,33077,70,288865
8559,0.000225,172.31.40.0-255,66,33143,70,288865
8560,0.000247,172.217.194.0-255,5738,38881,70,288865
8561,0.000249,172.31.40.0-255,66,38947,70,288865
8562,0.000282,172.217.194.0-255,2543,41490,70,288865
8563,0.000285,172.31.40.0-255,66,41556,70,288865
8564,0.000293,172.217.194.0-255,8574,50130,70,288865
8565,0.000295,172.31.40.0-255,66,50196,70,288865
8566,0.000304,172.217.194.0-255,2796,52992,70,288865
8567,0.000306,172.31.40.0-255,66,53058,70,288865
8568,0.000327,172.217.194.0-255,433,53491,70,288865
8569,0.00033,172.31.40.0-255,66,53557,70,288865
8570,0.000604,172.217.194.0-255,1484,55041,70,288865
8571,0.00061,172.31.40.0-255,66,55107,70,288865
8572,0.000616,172.217.194.0-255,2902,58009,70,288865
8573,0.000619,172.31.40.0-255,66,58075,70,288865
8574,0.00063,172.217.194.0-255,5738,63813,70,288865
8575,0.000632,172.31.40.0-255,66,63879,70,288865
8576,0.000637,172.217.194.0-255,2902,66781,70,288865
8577,0.000639,172.31.40.0-255,66,66847,70,288865
8578,0.00069,172.217.194.0-255,9992,76839,70,288865
8579,0.000694,172.31.40.0-255,66,76905,70,288865
8580,0.000703,172.217.194.0-255,8574,85479,70,288865
8581,0.000705,172.31.40.0-255,66,85545,70,288865
8582,0.000709,172.217.194.0-255,2184,87729,70,288865
8583,0.000711,172.31.40.0-255,66,87795,70,288865
8584,0.000824,172.217.194.0-255,1484,89279,70,288865
8585,0.000831,172.217.194.0-255,2902,92181,70,288865
8586,0.000834,172.31.40.0-255,66,92247,70,288865
8587,0.000874,172.217.194.0-255,4320,96567,70,288865
8588,0.000877,172.31.40.0-255,66,96633,70,288865
8589,0.000908,172.217.194.0-255,1484,98117,70,288865
8590,0.000922,172.31.40.0-255,66,98183,70,288865
8591,0.000927,172.217.194.0-255,2902,101085,70,288865
8592,0.000929,172.31.40.0-255,66,101151,70,288865
8593,0.000932,172.217.194.0-255,1484,102635,70,288865
8594,0.000961,172.217.194.0-255,6438,109073,70,288865
8595,0.000967,172.31.40.0-255,66,109139,70,288865
8596,0.001004,172.217.194.0-255,2902,112041,70,288865
8597,0.001007,172.31.40.0-255,66,112107,70,288865
8598,0.001012,172.217.194.0-255,4320,116427,70,288865
8599,0.001014,172.31.40.0-255,66,116493,70,288865
8600,0.001017,172.217.194.0-255,1484,117977,70,288865
8601,0.001035,172.217.194.0-255,7156,125133,70,288865
8602,0.001042,172.31.40.0-255,66,125199,70,288865
8603,0.001049,172.217.194.0-255,5738,130937,70,288865
8604,0.001052,172.31.40.0-255,66,131003,70,288865
8605,0.001092,172.217.194.0-255,2902,133905,70,288865
8606,0.001094,172.31.40.0-255,66,133971,70,288865
8607,0.001123,172.217.194.0-255,4320,138291,70,288865
8608,0.001126,172.31.40.0-255,66,138357,70,288865
8609,0.001159,172.217.194.0-255,5020,143377,70,288865
8610,0.001162,172.31.40.0-255,66,143443,70,288865
8611,0.001236,172.217.194.0-255,1484,144927,70,288865
8612,0.001243,172.217.194.0-255,2902,147829,70,288865
8613,0.001246,172.31.40.0-255,66,147895,70,288865
8614,0.001249,172.217.194.0-255,1484,149379,70,288865
8615,0.001274,172.217.194.0-255,4320,153699,70,288865
8616,0.001277,172.31.40.0-255,66,153765,70,288865
8617,0.001309,172.217.194.0-255,7156,160921,70,288865
8618,0.001312,172.31.40.0-255,66,160987,70,288865
8619,0.001348,172.217.194.0-255,8574,169561,70,288865
8620,0.001351,172.31.40.0-255,66,169627,70,288865
8621,0.001359,172.217.194.0-255,7856,177483,70,288865
8622,0.001361,172.31.40.0-255,66,177549,70,288865
8623,0.001555,172.217.194.0-255,1484,179033,70,288865
8624,0.001568,172.217.194.0-255,1484,180517,70,288865
8625,0.001571,172.31.40.0-255,66,180583,70,288865
8626,0.001598,172.217.194.0-255,1484,182067,70,288865
8627,0.001605,172.217.194.0-255,5738,187805,70,288865
8628,0.001607,172.31.40.0-255,66,187871,70,288865
8629,0.001645,172.217.194.0-255,5738,193609,70,288865
8630,0.001647,172.31.40.0-255,66,193675,70,288865
8631,0.001674,172.217.194.0-255,4320,197995,70,288865
8632,0.001677,172.31.40.0-255,66,198061,70,288865
8633,0.001682,172.217.194.0-255,4320,202381,70,288865
8634,0.001685,172.31.40.0-255,66,202447,70,288865
8635,0.001744,172.217.194.0-255,9274,211721,70,288865
8636,0.001748,172.31.40.0-255,66,211787,70,288865
8637,0.001788,172.217.194.0-255,1484,213271,70,288865
8638,0.001793,172.217.194.0-255,1484,214755,70,288865
8639,0.001795,172.31.40.0-255,66,214821,70,288865
8640,0.001825,172.217.194.0-255,1484,216305,70,288865
8641,0.001832,172.217.194.0-255,5738,222043,70,288865
8642,0.001834,172.31.40.0-255,66,222109,70,288865
8643,0.001846,172.217.194.0-255,7156,229265,70,288865
8644,0.001849,172.31.40.0-255,66,229331,70,288865
8645,0.001894,172.217.194.0-255,5738,235069,70,288865
8646,0.001897,172.31.40.0-255,66,235135,70,288865
8647,0.001907,172.217.194.0-255,10692,245827,70,288865
8648,0.00191,172.31.40.0-255,66,245893,70,288865
8649,0.001994,172.217.194.0-255,1484,247377,70,288865
8650,0.002009,172.217.194.0-255,2902,250279,70,288865
8651,0.002012,172.31.40.0-255,66,250345,70,288865
8652,0.002048,172.217.194.0-255,5738,256083,70,288865
8653,0.002051,172.31.40.0-255,66,256149,70,288865
8654,0.002064,172.31.40.0-255,66,256215,70,288865
8655,0.002142,172.31.40.0-255,66,256281,70,288865
8656,0.002151,172.217.194.0-255,9992,266273,70,288865
8657,0.002159,172.31.40.0-255,66,266339,70,288865
8658,0.002162,172.217.194.0-255,1484,267823,70,288865
8659,0.002204,172.31.40.0-255,66,267889,70,288865
8660,0.002231,172.217.194.0-255,2184,270073,70,288865
8661,0.002259,172.217.194.0-255,3602,273675,70,288865
8662,0.002265,172.31.40.0-255,66,273741,70,288865
8663,0.002268,172.31.40.0-255,66,273807,70,288865
8664,0.002271,172.31.40.0-255,66,273873,70,288865
8665,0.002305,172.31.40.0-255,66,273939,70,288865
8666,0.002327,172.217.194.0-255,2902,276841,70,288865
8667,0.002334,172.31.40.0-255,66,276907,70,288865
8668,0.002341,172.217.194.0-255,6122,283029,70,288865
8669,0.002343,172.31.40.0-255,66,283095,70,288865
8670,0.002364,172.217.194.0-255,105,283200,70,288865
8671,0.00852,172.31.40.0-255,66,283266,70,288865
8672,0.008556,172.31.40.0-255,105,283371,70,288865
8673,0.010997,172.217.194.0-255,66,283437,70,288865
8674,0.027785,172.31.40.0-255,172,283609,70,288865
8675,0.027814,172.31.40.0-255,1114,284723,70,288865
8676,0.02788,172.31.40.0-255,1514,286237,70,288865
8677,0.027882,172.31.40.0-255,1514,287751,70,288865
8678,0.027883,172.31.40.0-255,850,288601,70,288865
8679,0.029384,104.244.42.0-255,66,288667,70,288865
8680,0.029411,104.244.42.0-255,66,288733,70,288865
8681,0.029504,104.244.42.0-255,66,288799,70,288865
8682,0.029515,104.244.42.0-255,66,288865,70,288865
8683,0.0,74.125.68.0-255,153,153,70,368817
8684,2e-05,172.31.40.0-255,66,219,70,368817
8685,8.9e-05,74.125.68.0-255,1484,1703,70,368817
8686,9.4e-05,172.31.40.0-255,66,1769,70,368817
8687,9.8e-05,74.125.68.0-255,1484,3253,70,368817
8688,0.0001,172.31.40.0-255,66,3319,70,368817
8689,0.000114,74.125.68.0-255,1484,4803,70,368817
8690,0.000117,172.31.40.0-255,66,4869,70,368817
8691,0.000122,74.125.68.0-255,2902,7771,70,368817
8692,0.000126,172.31.40.0-255,66,7837,70,368817
8693,0.000142,74.125.68.0-255,1484,9321,70,368817
8694,0.000144,172.31.40.0-255,66,9387,70,368817
8695,0.000161,74.125.68.0-255,1484,10871,70,368817
8696,0.000163,172.31.40.0-255,66,10937,70,368817
8697,0.000189,74.125.68.0-255,3473,14410,70,368817
8698,0.000191,172.31.40.0-255,66,14476,70,368817
8699,0.000206,74.125.68.0-255,4320,18796,70,368817
8700,0.000208,172.31.40.0-255,66,18862,70,368817
8701,0.000229,74.125.68.0-255,1484,20346,70,368817
8702,0.000231,172.31.40.0-255,66,20412,70,368817
8703,0.000251,74.125.68.0-255,4320,24732,70,368817
8704,0.000254,172.31.40.0-255,66,24798,70,368817
8705,0.000277,74.125.68.0-255,2902,27700,70,368817
8706,0.00028,172.31.40.0-255,66,27766,70,368817
8707,0.000302,74.125.68.0-255,3961,31727,70,368817
8708,0.000305,172.31.40.0-255,66,31793,70,368817
8709,0.000582,74.125.68.0-255,1484,33277,70,368817
8710,0.000587,172.31.40.0-255,66,33343,70,368817
8711,0.000593,74.125.68.0-255,2902,36245,70,368817
8712,0.000596,172.31.40.0-255,66,36311,70,368817
8713,0.000619,74.125.68.0-255,1484,37795,70,368817
8714,0.000622,172.31.40.0-255,66,37861,70,368817
8715,0.000637,74.125.68.0-255,1484,39345,70,368817
8716,0.000708,74.125.68.0-255,2902,42247,70,368817
8717,0.000728,172.31.40.0-255,66,42313,70,368817
8718,0.000744,74.125.68.0-255,1484,43797,70,368817
8719,0.000763,74.125.68.0-255,2902,46699,70,368817
8720,0.000766,172.31.40.0-255,66,46765,70,368817
8721,0.000864,74.125.68.0-255,1484,48249,70,368817
8722,0.000907,74.125.68.0-255,1484,49733,70,368817
8723,0.000912,74.125.68.0-255,2902,52635,70,368817
8724,0.00093,74.125.68.0-255,1484,54119,70,368817
8725,0.000933,172.31.40.0-255,66,54185,70,368817
8726,0.000944,74.125.68.0-255,2902,57087,70,368817
8727,0.000948,172.31.40.0-255,66,57153,70,368817
8728,0.000978,74.125.68.0-255,5738,62891,70,368817
8729,0.000989,172.31.40.0-255,66,62957,70,368817
8730,0.001022,74.125.68.0-255,1484,64441,70,368817
8731,0.001026,74.125.68.0-255,2184,66625,70,368817
8732,0.001037,172.31.40.0-255,66,66691,70,368817
8733,0.001178,74.125.68.0-255,396,67087,70,368817
8734,0.00122,74.125.68.0-255,346,67433,70,368817
8735,0.001255,172.31.40.0-255,66,67499,70,368817
8736,0.001482,74.125.68.0-255,1484,68983,70,368817
8737,0.001491,74.125.68.0-255,2902,71885,70,368817
8738,0.001552,74.125.68.0-255,4320,76205,70,368817
8739,0.001556,74.125.68.0-255,1484,77689,70,368817
8740,0.001576,74.125.68.0-255,2902,80591,70,368817
8741,0.001592,74.125.68.0-255,2902,83493,70,368817
8742,0.001609,74.125.68.0-255,2902,86395,70,368817
8743,0.001628,74.125.68.0-255,1484,87879,70,368817
8744,0.001662,74.125.68.0-255,1484,89363,70,368817
8745,0.001666,74.125.68.0-255,2902,92265,70,368817
8746,0.00172,74.125.68.0-255,1484,93749,70,368817
8747,0.001735,74.125.68.0-255,2902,96651,70,368817
8748,0.001754,74.125.68.0-255,2902,99553,70,368817
8749,0.001798,74.125.68.0-255,2184,101737,70,368817
8750,0.002086,74.125.68.0-255,1484,103221,70,368817
8751,0.002093,74.125.68.0-255,1484,104705,70,368817
8752,0.002105,74.125.68.0-255,1484,106189,70,368817
8753,0.002112,74.125.68.0-255,5738,111927,70,368817
8754,0.002152,74.125.68.0-255,1484,113411,70,368817
8755,0.002175,74.125.68.0-255,5738,119149,70,368817
8756,0.002213,74.125.68.0-255,4320,123469,70,368817
8757,0.002242,74.125.68.0-255,9992,133461,70,368817
8758,0.002347,74.125.68.0-255,4320,137781,70,368817
8759,0.002358,74.125.68.0-255,766,138547,70,368817
8760,0.002387,74.125.68.0-255,5738,144285,70,368817
8761,0.00241,74.125.68.0-255,4320,148605,70,368817
8762,0.002479,74.125.68.0-255,2902,151507,70,368817
8763,0.002516,74.125.68.0-255,2902,154409,70,368817
8764,0.002632,74.125.68.0-255,3602,158011,70,368817
8765,0.002675,74.125.68.0-255,7156,165167,70,368817
8766,0.002689,74.125.68.0-255,7156,172323,70,368817
8767,0.002712,74.125.68.0-255,7156,179479,70,368817
8768,0.002729,74.125.68.0-255,1484,180963,70,368817
8769,0.002872,74.125.68.0-255,2902,183865,70,368817
8770,0.002887,74.125.68.0-255,2902,186767,70,368817
8771,0.002941,74.125.68.0-255,4320,191087,70,368817
8772,0.002959,74.125.68.0-255,5738,196825,70,368817
8773,0.003006,74.125.68.0-255,5738,202563,70,368817
8774,0.003027,74.125.68.0-255,6438,209001,70,368817
8775,0.003267,74.125.68.0-255,4320,213321,70,368817
8776,0.003281,74.125.68.0-255,2184,215505,70,368817
8777,0.003286,74.125.68.0-255,2902,218407,70,368817
8778,0.003327,74.125.68.0-255,2902,221309,70,368817
8779,0.003436,74.125.68.0-255,1484,222793,70,368817
8780,0.004335,172.31.40.0-255,66,222859,70,368817
8781,0.007039,74.125.68.0-255,5738,228597,70,368817
8782,0.007045,172.31.40.0-255,66,228663,70,368817
8783,0.009713,74.125.68.0-255,4320,232983,70,368817
8784,0.009718,172.31.40.0-255,66,233049,70,368817
8785,0.009734,74.125.68.0-255,1484,234533,70,368817
8786,0.012403,74.125.68.0-255,4320,238853,70,368817
8787,0.012411,172.31.40.0-255,66,238919,70,368817
8788,0.015092,74.125.68.0-255,5738,244657,70,368817
8789,0.016495,172.31.40.0-255,66,244723,70,368817
8790,0.016571,172.31.40.0-255,101,244824,70,368817
8791,0.019173,74.125.68.0-255,5738,250562,70,368817
8792,0.019185,172.31.40.0-255,66,250628,70,368817
8793,0.019223,74.125.68.0-255,66,250694,70,368817
8794,0.02187,74.125.68.0-255,5738,256432,70,368817
8795,0.02188,172.31.40.0-255,66,256498,70,368817
8796,0.024565,74.125.68.0-255,5738,262236,70,368817
8797,0.024574,172.31.40.0-255,66,262302,70,368817
8798,0.027268,74.125.68.0-255,5738,268040,70,368817
8799,0.027275,172.31.40.0-255,66,268106,70,368817
8800,0.029956,74.125.68.0-255,5738,273844,70,368817
8801,0.029962,172.31.40.0-255,66,273910,70,368817
8802,0.032321,172.31.40.0-255,172,274082,70,368817
8803,0.032353,172.31.40.0-255,1118,275200,70,368817
8804,0.032414,172.31.40.0-255,1514,276714,70,368817
8805,0.032421,172.31.40.0-255,1514,278228,70,368817
8806,0.032445,172.31.40.0-255,844,279072,70,368817
8807,0.032654,74.125.68.0-255,4320,283392,70,368817
8808,0.03266,172.31.40.0-255,66,283458,70,368817
8809,0.032676,74.125.68.0-255,1484,284942,70,368817
8810,0.033963,104.244.42.0-255,66,285008,70,368817
8811,0.034016,104.244.42.0-255,66,285074,70,368817
8812,0.034131,104.244.42.0-255,66,285140,70,368817
8813,0.034149,104.244.42.0-255,66,285206,70,368817
8814,0.035347,74.125.68.0-255,4320,289526,70,368817
8815,0.035352,172.31.40.0-255,66,289592,70,368817
8816,0.038042,74.125.68.0-255,5738,295330,70,368817
8817,0.03809,172.31.40.0-255,66,295396,70,368817
8818,0.040818,74.125.68.0-255,5738,301134,70,368817
8819,0.040824,172.31.40.0-255,66,301200,70,368817
8820,0.043521,74.125.68.0-255,5738,306938,70,368817
8821,0.043528,172.31.40.0-255,66,307004,70,368817
8822,0.046212,74.125.68.0-255,5738,312742,70,368817
8823,0.04622,172.31.40.0-255,66,312808,70,368817
8824,0.048936,74.125.68.0-255,5738,318546,70,368817
8825,0.048944,172.31.40.0-255,66,318612,70,368817
8826,0.051631,74.125.68.0-255,5738,324350,70,368817
8827,0.051637,172.31.40.0-255,66,324416,70,368817
8828,0.05431,74.125.68.0-255,5738,330154,70,368817
8829,0.054315,172.31.40.0-255,66,330220,70,368817
8830,0.056997,74.125.68.0-255,5738,335958,70,368817
8831,0.057002,172.31.40.0-255,66,336024,70,368817
8832,0.059689,74.125.68.0-255,5738,341762,70,368817
8833,0.059694,172.31.40.0-255,66,341828,70,368817
8834,0.062383,74.125.68.0-255,5738,347566,70,368817
8835,0.062388,172.31.40.0-255,66,347632,70,368817
8836,0.065087,74.125.68.0-255,5738,353370,70,368817
8837,0.065094,172.31.40.0-255,66,353436,70,368817
8838,0.067776,74.125.68.0-255,5738,359174,70,368817
8839,0.067782,172.31.40.0-255,66,359240,70,368817
8840,0.070472,74.125.68.0-255,5738,364978,70,368817
8841,0.070479,172.31.40.0-255,66,365044,70,368817
8842,0.073172,74.125.68.0-255,3536,368580,70,368817
8843,0.073177,172.31.40.0-255,66,368646,70,368817
8844,0.073319,172.31.40.0-255,105,368751,70,368817
8845,0.081572,74.125.68.0-255,66,368817,70,368817
8846,0.0,74.125.24.0-255,149,149,70,293981
8847,1.8e-05,172.31.40.0-255,66,215,70,293981
8848,2.5e-05,74.125.24.0-255,1484,1699,70,293981
8849,3e-05,172.31.40.0-255,66,1765,70,293981
8850,3.6e-05,74.125.24.0-255,2902,4667,70,293981
8851,4e-05,172.31.40.0-255,66,4733,70,293981
8852,5e-05,74.125.24.0-255,7156,11889,70,293981
8853,5.4e-05,172.31.40.0-255,66,11955,70,293981
8854,7e-05,74.125.24.0-255,2103,14058,70,293981
8855,7.2e-05,172.31.40.0-255,66,14124,70,293981
8856,0.000145,74.125.24.0-255,1484,15608,70,293981
8857,0.000148,172.31.40.0-255,66,15674,70,293981
8858,0.000153,74.125.24.0-255,2902,18576,70,293981
8859,0.000156,172.31.40.0-255,66,18642,70,293981
8860,0.000178,74.125.24.0-255,1484,20126,70,293981
8861,0.00018,172.31.40.0-255,66,20192,70,293981
8862,0.000201,74.125.24.0-255,4320,24512,70,293981
8863,0.000204,172.31.40.0-255,66,24578,70,293981
8864,0.000223,74.125.24.0-255,5738,30316,70,293981
8865,0.000226,172.31.40.0-255,66,30382,70,293981
8866,0.000248,74.125.24.0-255,1125,31507,70,293981
8867,0.000251,172.31.40.0-255,66,31573,70,293981
8868,0.000259,74.125.24.0-255,7156,38729,70,293981
8869,0.000261,172.31.40.0-255,66,38795,70,293981
8870,0.000274,74.125.24.0-255,1484,40279,70,293981
8871,0.000276,172.31.40.0-255,66,40345,70,293981
8872,0.000301,74.125.24.0-255,8215,48560,70,293981
8873,0.000303,172.31.40.0-255,66,48626,70,293981
8874,0.000363,74.125.24.0-255,1484,50110,70,293981
8875,0.000366,172.31.40.0-255,66,50176,70,293981
8876,0.000369,74.125.24.0-255,1484,51660,70,293981
8877,0.000371,172.31.40.0-255,66,51726,70,293981
8878,0.000385,74.125.24.0-255,1484,53210,70,293981
8879,0.000391,74.125.24.0-255,2902,56112,70,293981
8880,0.000394,172.31.40.0-255,66,56178,70,293981
8881,0.000436,74.125.24.0-255,7156,63334,70,293981
8882,0.000439,172.31.40.0-255,66,63400,70,293981
8883,0.000444,74.125.24.0-255,2543,65943,70,293981
8884,0.000446,172.31.40.0-255,66,66009,70,293981
8885,0.000529,74.125.24.0-255,396,66405,70,293981
8886,0.000565,74.125.24.0-255,1484,67889,70,293981
8887,0.000569,172.31.40.0-255,66,67955,70,293981
8888,0.000585,74.125.24.0-255,4320,72275,70,293981
8889,0.000588,172.31.40.0-255,66,72341,70,293981
8890,0.000592,74.125.24.0-255,2902,75243,70,293981
8891,0.000595,172.31.40.0-255,66,75309,70,293981
8892,0.000628,74.125.24.0-255,8574,83883,70,293981
8893,0.000632,172.31.40.0-255,66,83949,70,293981
8894,0.000648,74.125.24.0-255,4320,88269,70,293981
8895,0.000651,172.31.40.0-255,66,88335,70,293981
8896,0.000681,74.125.24.0-255,8574,96909,70,293981
8897,0.000685,172.31.40.0-255,66,96975,70,293981
8898,0.000707,74.125.24.0-255,3883,100858,70,293981
8899,0.00071,172.31.40.0-255,66,100924,70,293981
8900,0.000801,74.125.24.0-255,1484,102408,70,293981
8901,0.000806,74.125.24.0-255,1484,103892,70,293981
8902,0.000809,172.31.40.0-255,66,103958,70,293981
8903,0.000828,74.125.24.0-255,1484,105442,70,293981
8904,0.000832,74.125.24.0-255,2902,108344,70,293981
8905,0.000835,172.31.40.0-255,66,108410,70,293981
8906,0.000866,74.125.24.0-255,7156,115566,70,293981
8907,0.00087,172.31.40.0-255,66,115632,70,293981
8908,0.000884,74.125.24.0-255,1484,117116,70,293981
8909,0.000896,74.125.24.0-255,1484,118600,70,293981
8910,0.000899,172.31.40.0-255,66,118666,70,293981
8911,0.000904,74.125.24.0-255,2902,121568,70,293981
8912,0.000907,172.31.40.0-255,66,121634,70,293981
8913,0.000919,74.125.24.0-255,1484,123118,70,293981
8914,0.000922,74.125.24.0-255,1484,124602,70,293981
8915,0.000924,172.31.40.0-255,66,124668,70,293981
8916,0.000951,74.125.24.0-255,5738,130406,70,293981
8917,0.000959,172.31.40.0-255,66,130472,70,293981
8918,0.001006,74.125.24.0-255,5020,135492,70,293981
8919,0.001009,172.31.40.0-255,66,135558,70,293981
8920,0.001055,74.125.24.0-255,1484,137042,70,293981
8921,0.001088,74.125.24.0-255,1484,138526,70,293981
8922,0.001091,172.31.40.0-255,66,138592,70,293981
8923,0.001096,74.125.24.0-255,2902,141494,70,293981
8924,0.001098,172.31.40.0-255,66,141560,70,293981
8925,0.001124,74.125.24.0-255,1484,143044,70,293981
8926,0.001144,74.125.24.0-255,2902,145946,70,293981
8927,0.001146,172.31.40.0-255,66,146012,70,293981
8928,0.001162,74.125.24.0-255,2902,148914,70,293981
8929,0.001166,172.31.40.0-255,66,148980,70,293981
8930,0.001174,74.125.24.0-255,2902,151882,70,293981
8931,0.001176,172.31.40.0-255,66,151948,70,293981
8932,0.001209,74.125.24.0-255,1484,153432,70,293981
8933,0.001237,74.125.24.0-255,1484,154916,70,293981
8934,0.001248,74.125.24.0-255,1484,156400,70,293981
8935,0.001264,74.125.24.0-255,4320,160720,70,293981
8936,0.001267,172.31.40.0-255,66,160786,70,293981
8937,0.001276,74.125.24.0-255,1484,162270,70,293981
8938,0.001281,172.31.40.0-255,66,162336,70,293981
8939,0.001292,74.125.24.0-255,7156,169492,70,293981
8940,0.001294,74.125.24.0-255,766,170258,70,293981
8941,0.001316,172.31.40.0-255,66,170324,70,293981
8942,0.001701,74.125.24.0-255,1484,171808,70,293981
8943,0.001707,74.125.24.0-255,2902,174710,70,293981
8944,0.001711,172.31.40.0-255,66,174776,70,293981
8945,0.001719,74.125.24.0-255,5738,180514,70,293981
8946,0.001721,172.31.40.0-255,66,180580,70,293981
8947,0.001763,172.31.40.0-255,66,180646,70,293981
8948,0.001771,74.125.24.0-255,8574,189220,70,293981
8949,0.001773,172.31.40.0-255,66,189286,70,293981
8950,0.001797,74.125.24.0-255,2184,191470,70,293981
8951,0.001803,172.31.40.0-255,66,191536,70,293981
8952,0.001899,74.125.24.0-255,1484,193020,70,293981
8953,0.001903,74.125.24.0-255,1484,194504,70,293981
8954,0.001906,172.31.40.0-255,66,194570,70,293981
8955,0.001925,74.125.24.0-255,1484,196054,70,293981
8956,0.001933,74.125.24.0-255,5738,201792,70,293981
8957,0.001935,172.31.40.0-255,66,201858,70,293981
8958,0.001987,74.125.24.0-255,9992,211850,70,293981
8959,0.002003,74.125.24.0-255,1484,213334,70,293981
8960,0.002007,172.31.40.0-255,66,213400,70,293981
8961,0.002018,74.125.24.0-255,766,214166,70,293981
8962,0.002022,74.125.24.0-255,2902,217068,70,293981
8963,0.002058,74.125.24.0-255,5738,222806,70,293981
8964,0.00208,74.125.24.0-255,1484,224290,70,293981
8965,0.002106,74.125.24.0-255,6438,230728,70,293981
8966,0.002159,74.125.24.0-255,9274,240002,70,293981
8967,0.002192,74.125.24.0-255,4320,244322,70,293981
8968,0.00221,74.125.24.0-255,8574,252896,70,293981
8969,0.002228,74.125.24.0-255,7156,260052,70,293981
8970,0.002269,74.125.24.0-255,4320,264372,70,293981
8971,0.002286,74.125.24.0-255,1484,265856,70,293981
8972,0.002338,74.125.24.0-255,10692,276548,70,293981
8973,0.002346,74.125.24.0-255,8574,285122,70,293981
8974,0.002392,74.125.24.0-255,3091,288213,70,293981
8975,0.002408,74.125.24.0-255,105,288318,70,293981
8976,0.007728,172.31.40.0-255,66,288384,70,293981
8977,0.009872,172.31.40.0-255,105,288489,70,293981
8978,0.012434,74.125.24.0-255,66,288555,70,293981
8979,0.031832,172.31.40.0-255,172,288727,70,293981
8980,0.031866,172.31.40.0-255,1116,289843,70,293981
8981,0.031928,172.31.40.0-255,1514,291357,70,293981
8982,0.03193,172.31.40.0-255,1514,292871,70,293981
8983,0.031931,172.31.40.0-255,846,293717,70,293981
8984,0.033373,104.244.42.0-255,66,293783,70,293981
8985,0.033422,104.244.42.0-255,66,293849,70,293981
8986,0.033522,104.244.42.0-255,66,293915,70,293981
8987,0.033535,104.244.42.0-255,66,293981,70,293981
8988,0.0,74.125.200.0-255,153,153,70,403107
8989,1.2e-05,172.31.40.0-255,66,219,70,403107
8990,3.5e-05,74.125.200.0-255,1484,1703,70,403107
8991,3.9e-05,172.31.40.0-255,66,1769,70,403107
8992,4.4e-05,74.125.200.0-255,2902,4671,70,403107
8993,4.8e-05,172.31.40.0-255,66,4737,70,403107
8994,5.1e-05,74.125.200.0-255,1484,6221,70,403107
8995,5.3e-05,172.31.40.0-255,66,6287,70,403107
8996,7.3e-05,74.125.200.0-255,1484,7771,70,403107
8997,7.6e-05,172.31.40.0-255,66,7837,70,403107
8998,9.8e-05,74.125.200.0-255,4320,12157,70,403107
8999,0.000101,172.31.40.0-255,66,12223,70,403107
9000,0.000105,74.125.200.0-255,2076,14299,70,403107
9001,0.000107,172.31.40.0-255,66,14365,70,403107
9002,0.000207,74.125.200.0-255,1484,15849,70,403107
9003,0.000211,172.31.40.0-255,66,15915,70,403107
9004,0.000215,74.125.200.0-255,1484,17399,70,403107
9005,0.000216,172.31.40.0-255,66,17465,70,403107
9006,0.000229,74.125.200.0-255,1484,18949,70,403107
9007,0.000232,172.31.40.0-255,66,19015,70,403107
9008,0.000251,74.125.200.0-255,1484,20499,70,403107
9009,0.000254,172.31.40.0-255,66,20565,70,403107
9010,0.00027,74.125.200.0-255,4320,24885,70,403107
9011,0.000273,172.31.40.0-255,66,24951,70,403107
9012,0.000303,74.125.200.0-255,6797,31748,70,403107
9013,0.000305,172.31.40.0-255,66,31814,70,403107
9014,0.000427,74.125.200.0-255,1484,33298,70,403107
9015,0.000432,172.31.40.0-255,66,33364,70,403107
9016,0.000438,74.125.200.0-255,2902,36266,70,403107
9017,0.00044,172.31.40.0-255,66,36332,70,403107
9018,0.000455,74.125.200.0-255,4320,40652,70,403107
9019,0.000457,172.31.40.0-255,66,40718,70,403107
9020,0.000472,74.125.200.0-255,1484,42202,70,403107
9021,0.000484,74.125.200.0-255,2902,45104,70,403107
9022,0.00049,172.31.40.0-255,66,45170,70,403107
9023,0.000499,74.125.200.0-255,3961,49131,70,403107
9024,0.000504,172.31.40.0-255,66,49197,70,403107
9025,0.000547,74.125.200.0-255,1484,50681,70,403107
9026,0.000561,74.125.200.0-255,2902,53583,70,403107
9027,0.000577,172.31.40.0-255,66,53649,70,403107
9028,0.000588,74.125.200.0-255,4320,57969,70,403107
9029,0.000598,74.125.200.0-255,1484,59453,70,403107
9030,0.000612,172.31.40.0-255,66,59519,70,403107
9031,0.000642,74.125.200.0-255,4320,63839,70,403107
9032,0.000661,74.125.200.0-255,1484,65323,70,403107
9033,0.000679,74.125.200.0-255,1125,66448,70,403107
9034,0.000683,172.31.40.0-255,66,66514,70,403107
9035,0.001008,74.125.200.0-255,645,67159,70,403107
9036,0.001099,172.31.40.0-255,66,67225,70,403107
9037,0.001208,74.125.200.0-255,1484,68709,70,403107
9038,0.001234,74.125.200.0-255,2902,71611,70,403107
9039,0.001238,74.125.200.0-255,1484,73095,70,403107
9040,0.001256,74.125.200.0-255,2902,75997,70,403107
9041,0.001298,74.125.200.0-255,8574,84571,70,403107
9042,0.001347,74.125.200.0-255,2902,87473,70,403107
9043,0.001374,74.125.200.0-255,5738,93211,70,403107
9044,0.001402,74.125.200.0-255,7156,100367,70,403107
9045,0.001463,74.125.200.0-255,766,101133,70,403107
9046,0.001486,74.125.200.0-255,1484,102617,70,403107
9047,0.001501,74.125.200.0-255,4320,106937,70,403107
9048,0.00154,74.125.200.0-255,1484,108421,70,403107
9049,0.001558,74.125.200.0-255,1484,109905,70,403107
9050,0.001561,74.125.200.0-255,1484,111389,70,403107
9051,0.001578,74.125.200.0-255,4320,115709,70,403107
9052,0.001617,74.125.200.0-255,2902,118611,70,403107
9053,0.001657,74.125.200.0-255,4320,122931,70,403107
9054,0.001674,74.125.200.0-255,4320,127251,70,403107
9055,0.001687,74.125.200.0-255,1484,128735,70,403107
9056,0.001734,74.125.200.0-255,2902,131637,70,403107
9057,0.001752,74.125.200.0-255,3602,135239,70,403107
9058,0.001796,74.125.200.0-255,2902,138141,70,403107
9059,0.001812,74.125.200.0-255,2902,141043,70,403107
9060,0.001841,74.125.200.0-255,1484,142527,70,403107
9061,0.001869,74.125.200.0-255,5738,148265,70,403107
9062,0.001905,74.125.200.0-255,4320,152585,70,403107
9063,0.001918,74.125.200.0-255,2902,155487,70,403107
9064,0.001943,74.125.200.0-255,5738,161225,70,403107
9065,0.002024,74.125.200.0-255,4320,165545,70,403107
9066,0.002045,74.125.200.0-255,3602,169147,70,403107
9067,0.002845,74.125.200.0-255,1484,170631,70,403107
9068,0.002851,74.125.200.0-255,2902,173533,70,403107
9069,0.002874,74.125.200.0-255,5738,179271,70,403107
9070,0.002912,74.125.200.0-255,1484,180755,70,403107
9071,0.002925,74.125.200.0-255,2902,183657,70,403107
9072,0.00295,74.125.200.0-255,4320,187977,70,403107
9073,0.002966,74.125.200.0-255,1484,189461,70,403107
9074,0.002991,74.125.200.0-255,2902,192363,70,403107
9075,0.003007,74.125.200.0-255,4320,196683,70,403107
9076,0.00306,74.125.200.0-255,2902,199585,70,403107
9077,0.003071,74.125.200.0-255,1484,201069,70,403107
9078,0.005465,172.31.40.0-255,66,201135,70,403107
9079,0.008291,74.125.200.0-255,5738,206873,70,403107
9080,0.008305,172.31.40.0-255,66,206939,70,403107
9081,0.011037,74.125.200.0-255,5738,212677,70,403107
9082,0.011257,172.31.40.0-255,66,212743,70,403107
9083,0.013993,74.125.200.0-255,5738,218481,70,403107
9084,0.014004,172.31.40.0-255,66,218547,70,403107
9085,0.016734,74.125.200.0-255,5738,224285,70,403107
9086,0.016744,172.31.40.0-255,66,224351,70,403107
9087,0.019481,74.125.200.0-255,5738,230089,70,403107
9088,0.019494,172.31.40.0-255,66,230155,70,403107
9089,0.022239,74.125.200.0-255,5738,235893,70,403107
9090,0.022249,172.31.40.0-255,66,235959,70,403107
9091,0.024987,74.125.200.0-255,5738,241697,70,403107
9092,0.024998,172.31.40.0-255,66,241763,70,403107
9093,0.027741,74.125.200.0-255,5738,247501,70,403107
9094,0.027748,172.31.40.0-255,66,247567,70,403107
9095,0.030488,74.125.200.0-255,5738,253305,70,403107
9096,0.030495,172.31.40.0-255,66,253371,70,403107
9097,0.033279,74.125.200.0-255,5738,259109,70,403107
9098,0.033286,172.31.40.0-255,66,259175,70,403107
9099,0.034089,172.31.40.0-255,172,259347,70,403107
9100,0.034124,172.31.40.0-255,1118,260465,70,403107
9101,0.034181,172.31.40.0-255,1514,261979,70,403107
9102,0.034183,172.31.40.0-255,1514,263493,70,403107
9103,0.034207,172.31.40.0-255,844,264337,70,403107
9104,0.035751,104.244.42.0-255,66,264403,70,403107
9105,0.035787,104.244.42.0-255,66,264469,70,403107
9106,0.035881,104.244.42.0-255,66,264535,70,403107
9107,0.035894,104.244.42.0-255,66,264601,70,403107
9108,0.036035,74.125.200.0-255,5738,270339,70,403107
9109,0.03604,172.31.40.0-255,66,270405,70,403107
9110,0.038781,74.125.200.0-255,5738,276143,70,403107
9111,0.038787,172.31.40.0-255,66,276209,70,403107
9112,0.041522,74.125.200.0-255,5738,281947,70,403107
9113,0.041528,172.31.40.0-255,66,282013,70,403107
9114,0.044272,74.125.200.0-255,5738,287751,70,403107
9115,0.044277,172.31.40.0-255,66,287817,70,403107
9116,0.047019,74.125.200.0-255,5738,293555,70,403107
9117,0.047025,172.31.40.0-255,66,293621,70,403107
9118,0.049768,74.125.200.0-255,5738,299359,70,403107
9119,0.049777,172.31.40.0-255,66,299425,70,403107
9120,0.052521,74.125.200.0-255,5738,305163,70,403107
9121,0.052528,172.31.40.0-255,66,305229,70,403107
9122,0.055253,74.125.200.0-255,5738,310967,70,403107
9123,0.055258,172.31.40.0-255,66,311033,70,403107
9124,0.057986,74.125.200.0-255,2902,313935,70,403107
9125,0.057993,172.31.40.0-255,66,314001,70,403107
9126,0.058015,74.125.200.0-255,2902,316903,70,403107
9127,0.058317,172.31.40.0-255,66,316969,70,403107
9128,0.060786,74.125.200.0-255,2902,319871,70,403107
9129,0.060792,172.31.40.0-255,66,319937,70,403107
9130,0.061043,74.125.200.0-255,2902,322839,70,403107
9131,0.061048,172.31.40.0-255,66,322905,70,403107
9132,0.063517,74.125.200.0-255,2902,325807,70,403107
9133,0.063523,172.31.40.0-255,66,325873,70,403107
9134,0.063763,74.125.200.0-255,2902,328775,70,403107
9135,0.063768,172.31.40.0-255,66,328841,70,403107
9136,0.066263,74.125.200.0-255,2902,331743,70,403107
9137,0.06627,172.31.40.0-255,66,331809,70,403107
9138,0.0665,74.125.200.0-255,2902,334711,70,403107
9139,0.066505,172.31.40.0-255,66,334777,70,403107
9140,0.069007,74.125.200.0-255,2902,337679,70,403107
9141,0.069014,172.31.40.0-255,66,337745,70,403107
9142,0.069234,74.125.200.0-255,2902,340647,70,403107
9143,0.06924,172.31.40.0-255,66,340713,70,403107
9144,0.071737,74.125.200.0-255,2902,343615,70,403107
9145,0.071743,172.31.40.0-255,66,343681,70,403107
9146,0.071975,74.125.200.0-255,2902,346583,70,403107
9147,0.071981,172.31.40.0-255,66,346649,70,403107
9148,0.074478,74.125.200.0-255,2902,349551,70,403107
9149,0.074485,172.31.40.0-255,66,349617,70,403107
9150,0.074719,74.125.200.0-255,1484,351101,70,403107
9151,0.074738,74.125.200.0-255,1484,352585,70,403107
9152,0.074743,172.31.40.0-255,66,352651,70,403107
9153,0.077206,74.125.200.0-255,2902,355553,70,403107
9154,0.077212,172.31.40.0-255,66,355619,70,403107
9155,0.077487,74.125.200.0-255,2902,358521,70,403107
9156,0.077493,172.31.40.0-255,66,358587,70,403107
9157,0.079933,74.125.200.0-255,2902,361489,70,403107
9158,0.079938,172.31.40.0-255,66,361555,70,403107
9159,0.080207,74.125.200.0-255,2902,364457,70,403107
9160,0.081444,172.31.40.0-255,66,364523,70,403107
9161,0.082661,74.125.200.0-255,2902,367425,70,403107
9162,0.082667,172.31.40.0-255,66,367491,70,403107
9163,0.084218,74.125.200.0-255,2902,370393,70,403107
9164,0.084223,172.31.40.0-255,66,370459,70,403107
9165,0.085401,74.125.200.0-255,2902,373361,70,403107
9166,0.085407,172.31.40.0-255,66,373427,70,403107
9167,0.086955,74.125.200.0-255,2902,376329,70,403107
9168,0.086961,172.31.40.0-255,66,376395,70,403107
9169,0.088154,74.125.200.0-255,2902,379297,70,403107
9170,0.08816,172.31.40.0-255,66,379363,70,403107
9171,0.089698,74.125.200.0-255,2902,382265,70,403107
9172,0.089704,172.31.40.0-255,66,382331,70,403107
9173,0.09089,74.125.200.0-255,2902,385233,70,403107
9174,0.090897,172.31.40.0-255,66,385299,70,403107
9175,0.092433,74.125.200.0-255,2902,388201,70,403107
9176,0.092438,172.31.40.0-255,66,388267,70,403107
9177,0.093626,74.125.200.0-255,2902,391169,70,403107
9178,0.093633,172.31.40.0-255,66,391235,70,403107
9179,0.095168,74.125.200.0-255,2902,394137,70,403107
9180,0.095173,172.31.40.0-255,66,394203,70,403107
9181,0.096355,74.125.200.0-255,2902,397105,70,403107
9182,0.096361,172.31.40.0-255,66,397171,70,403107
9183,0.097921,74.125.200.0-255,2902,400073,70,403107
9184,0.097928,172.31.40.0-255,66,400139,70,403107
9185,0.099091,74.125.200.0-255,2902,403041,70,403107
9186,0.099098,172.31.40.0-255,66,403107,70,403107
9187,0.0,74.125.68.0-255,153,153,70,384428
9188,2.3e-05,172.31.40.0-255,66,219,70,384428
9189,3e-05,74.125.68.0-255,1484,1703,70,384428
9190,3.5e-05,172.31.40.0-255,66,1769,70,384428
9191,4.8e-05,74.125.68.0-255,2902,4671,70,384428
9192,5.3e-05,172.31.40.0-255,66,4737,70,384428
9193,9.3e-05,74.125.68.0-255,7156,11893,70,384428
9194,9.7e-05,172.31.40.0-255,66,11959,70,384428
9195,0.000104,74.125.68.0-255,5738,17697,70,384428
9196,0.000107,172.31.40.0-255,66,17763,70,384428
9197,0.000138,74.125.68.0-255,2065,19828,70,384428
9198,0.000141,172.31.40.0-255,66,19894,70,384428
9199,0.000149,74.125.68.0-255,7156,27050,70,384428
9200,0.000151,172.31.40.0-255,66,27116,70,384428
9201,0.00016,74.125.68.0-255,8574,35690,70,384428
9202,0.000163,172.31.40.0-255,66,35756,70,384428
9203,0.000166,74.125.68.0-255,1484,37240,70,384428
9204,0.000168,172.31.40.0-255,66,37306,70,384428
9205,0.000205,74.125.68.0-255,8574,45880,70,384428
9206,0.000208,172.31.40.0-255,66,45946,70,384428
9207,0.000212,74.125.68.0-255,2184,48130,70,384428
9208,0.000214,172.31.40.0-255,66,48196,70,384428
9209,0.000727,74.125.68.0-255,1484,49680,70,384428
9210,0.000733,172.31.40.0-255,66,49746,70,384428
9211,0.000739,74.125.68.0-255,2902,52648,70,384428
9212,0.000742,172.31.40.0-255,66,52714,70,384428
9213,0.000754,74.125.68.0-255,5738,58452,70,384428
9214,0.000756,172.31.40.0-255,66,58518,70,384428
9215,0.000787,74.125.68.0-255,2902,61420,70,384428
9216,0.000789,172.31.40.0-255,66,61486,70,384428
9217,0.000821,74.125.68.0-255,4307,65793,70,384428
9218,0.000824,172.31.40.0-255,66,65859,70,384428
9219,0.001703,74.125.68.0-255,1484,67343,70,384428
9220,0.001715,74.125.68.0-255,2902,70245,70,384428
9221,0.00172,172.31.40.0-255,66,70311,70,384428
9222,0.001755,74.125.68.0-255,5738,76049,70,384428
9223,0.001757,172.31.40.0-255,66,76115,70,384428
9224,0.001762,74.125.68.0-255,2902,79017,70,384428
9225,0.001764,172.31.40.0-255,66,79083,70,384428
9226,0.001772,74.125.68.0-255,7156,86239,70,384428
9227,0.001778,172.31.40.0-255,66,86305,70,384428
9228,0.001809,74.125.68.0-255,2902,89207,70,384428
9229,0.001811,172.31.40.0-255,66,89273,70,384428
9230,0.001822,74.125.68.0-255,9992,99265,70,384428
9231,0.001824,172.31.40.0-255,66,99331,70,384428
9232,0.001827,74.125.68.0-255,766,100097,70,384428
9233,0.00203,74.125.68.0-255,330,100427,70,384428
9234,0.002071,74.125.68.0-255,1484,101911,70,384428
9235,0.002074,172.31.40.0-255,66,101977,70,384428
9236,0.002086,74.125.68.0-255,2902,104879,70,384428
9237,0.002092,172.31.40.0-255,66,104945,70,384428
9238,0.002114,74.125.68.0-255,4320,109265,70,384428
9239,0.002116,172.31.40.0-255,66,109331,70,384428
9240,0.002124,74.125.68.0-255,7156,116487,70,384428
9241,0.002126,172.31.40.0-255,66,116553,70,384428
9242,0.002142,74.125.68.0-255,1484,118037,70,384428
9243,0.002152,74.125.68.0-255,2902,120939,70,384428
9244,0.002154,172.31.40.0-255,66,121005,70,384428
9245,0.004268,74.125.68.0-255,1484,122489,70,384428
9246,0.004287,74.125.68.0-255,1484,123973,70,384428
9247,0.00429,172.31.40.0-255,66,124039,70,384428
9248,0.004308,74.125.68.0-255,2902,126941,70,384428
9249,0.004311,172.31.40.0-255,66,127007,70,384428
9250,0.00641,74.125.68.0-255,4320,131327,70,384428
9251,0.006418,172.31.40.0-255,66,131393,70,384428
9252,0.006445,74.125.68.0-255,1484,132877,70,384428
9253,0.008563,74.125.68.0-255,4320,137197,70,384428
9254,0.00857,172.31.40.0-255,66,137263,70,384428
9255,0.010686,74.125.68.0-255,5738,143001,70,384428
9256,0.010694,172.31.40.0-255,66,143067,70,384428
9257,0.01281,74.125.68.0-255,4320,147387,70,384428
9258,0.012817,172.31.40.0-255,66,147453,70,384428
9259,0.012845,74.125.68.0-255,1484,148937,70,384428
9260,0.014935,74.125.68.0-255,4320,153257,70,384428
9261,0.014944,172.31.40.0-255,66,153323,70,384428
9262,0.017059,74.125.68.0-255,5738,159061,70,384428
9263,0.017067,172.31.40.0-255,66,159127,70,384428
9264,0.019176,74.125.68.0-255,5738,164865,70,384428
9265,0.019183,172.31.40.0-255,66,164931,70,384428
9266,0.021303,74.125.68.0-255,5738,170669,70,384428
9267,0.021309,172.31.40.0-255,66,170735,70,384428
9268,0.02342,74.125.68.0-255,5738,176473,70,384428
9269,0.023428,172.31.40.0-255,66,176539,70,384428
9270,0.023515,172.31.40.0-255,176,176715,70,384428
9271,0.023545,172.31.40.0-255,1116,177831,70,384428
9272,0.023602,172.31.40.0-255,1514,179345,70,384428
9273,0.023604,172.31.40.0-255,1514,180859,70,384428
9274,0.023626,172.31.40.0-255,846,181705,70,384428
9275,0.025166,104.244.42.0-255,66,181771,70,384428
9276,0.025211,104.244.42.0-255,66,181837,70,384428
9277,0.025266,104.244.42.0-255,66,181903,70,384428
9278,0.025269,104.244.42.0-255,66,181969,70,384428
9279,0.025523,74.125.68.0-255,2902,184871,70,384428
9280,0.025528,172.31.40.0-255,66,184937,70,384428
9281,0.025554,74.125.68.0-255,2902,187839,70,384428
9282,0.025557,172.31.40.0-255,66,187905,70,384428
9283,0.027647,74.125.68.0-255,2902,190807,70,384428
9284,0.027654,172.31.40.0-255,66,190873,70,384428
9285,0.027684,74.125.68.0-255,2902,193775,70,384428
9286,0.027686,172.31.40.0-255,66,193841,70,384428
9287,0.028995,104.244.42.0-255,108,193949,70,384428
9288,0.029004,172.31.40.0-255,66,194015,70,384428
9289,0.029786,74.125.68.0-255,5738,199753,70,384428
9290,0.029793,172.31.40.0-255,66,199819,70,384428
9291,0.031906,74.125.68.0-255,5738,205557,70,384428
9292,0.031913,172.31.40.0-255,66,205623,70,384428
9293,0.034033,74.125.68.0-255,5738,211361,70,384428
9294,0.034038,172.31.40.0-255,66,211427,70,384428
9295,0.036164,74.125.68.0-255,5738,217165,70,384428
9296,0.036171,172.31.40.0-255,66,217231,70,384428
9297,0.038305,74.125.68.0-255,5738,222969,70,384428
9298,0.038311,172.31.40.0-255,66,223035,70,384428
9299,0.040435,74.125.68.0-255,5738,228773,70,384428
9300,0.040442,172.31.40.0-255,66,228839,70,384428
9301,0.042593,74.125.68.0-255,5738,234577,70,384428
9302,0.042599,172.31.40.0-255,66,234643,70,384428
9303,0.044739,74.125.68.0-255,5738,240381,70,384428
9304,0.044744,172.31.40.0-255,66,240447,70,384428
9305,0.046879,74.125.68.0-255,5738,246185,70,384428
9306,0.046886,172.31.40.0-255,66,246251,70,384428
9307,0.048991,74.125.68.0-255,1484,247735,70,384428
9308,0.04902,74.125.68.0-255,4320,252055,70,384428
9309,0.049026,172.31.40.0-255,66,252121,70,384428
9310,0.051152,74.125.68.0-255,5738,257859,70,384428
9311,0.051158,172.31.40.0-255,66,257925,70,384428
9312,0.053286,74.125.68.0-255,5738,263663,70,384428
9313,0.053291,172.31.40.0-255,66,263729,70,384428
9314,0.055424,74.125.68.0-255,5738,269467,70,384428
9315,0.05543,172.31.40.0-255,66,269533,70,384428
9316,0.057557,74.125.68.0-255,5738,275271,70,384428
9317,0.057563,172.31.40.0-255,66,275337,70,384428
9318,0.059688,74.125.68.0-255,5738,281075,70,384428
9319,0.059695,172.31.40.0-255,66,281141,70,384428
9320,0.059816,172.31.40.0-255,101,281242,70,384428
9321,0.061817,74.125.68.0-255,5738,286980,70,384428
9322,0.061823,172.31.40.0-255,66,287046,70,384428
9323,0.061878,74.125.68.0-255,66,287112,70,384428
9324,0.063949,74.125.68.0-255,5738,292850,70,384428
9325,0.063956,172.31.40.0-255,66,292916,70,384428
9326,0.066088,74.125.68.0-255,5738,298654,70,384428
9327,0.066093,172.31.40.0-255,66,298720,70,384428
9328,0.068226,74.125.68.0-255,5738,304458,70,384428
9329,0.068233,172.31.40.0-255,66,304524,70,384428
9330,0.070369,74.125.68.0-255,5738,310262,70,384428
9331,0.070375,172.31.40.0-255,66,310328,70,384428
9332,0.072481,74.125.68.0-255,5738,316066,70,384428
9333,0.072488,172.31.40.0-255,66,316132,70,384428
9334,0.074601,74.125.68.0-255,4320,320452,70,384428
9335,0.074608,172.31.40.0-255,66,320518,70,384428
9336,0.074637,74.125.68.0-255,1484,322002,70,384428
9337,0.076722,74.125.68.0-255,4320,326322,70,384428
9338,0.076728,172.31.40.0-255,66,326388,70,384428
9339,0.078898,74.125.68.0-255,5738,332126,70,384428
9340,0.078905,172.31.40.0-255,66,332192,70,384428
9341,0.08103,74.125.68.0-255,5738,337930,70,384428
9342,0.081037,172.31.40.0-255,66,337996,70,384428
9343,0.083154,74.125.68.0-255,5738,343734,70,384428
9344,0.083159,172.31.40.0-255,66,343800,70,384428
9345,0.085281,74.125.68.0-255,5738,349538,70,384428
9346,0.085288,172.31.40.0-255,66,349604,70,384428
9347,0.087408,74.125.68.0-255,5738,355342,70,384428
9348,0.087414,172.31.40.0-255,66,355408,70,384428
9349,0.089589,74.125.68.0-255,5738,361146,70,384428
9350,0.089597,172.31.40.0-255,66,361212,70,384428
9351,0.091725,74.125.68.0-255,5738,366950,70,384428
9352,0.091731,172.31.40.0-255,66,367016,70,384428
9353,0.093859,74.125.68.0-255,5738,372754,70,384428
9354,0.093864,172.31.40.0-255,66,372820,70,384428
9355,0.095987,74.125.68.0-255,5738,378558,70,384428
9356,0.095993,172.31.40.0-255,66,378624,70,384428
9357,0.09812,74.125.68.0-255,5738,384362,70,384428
9358,0.098127,172.31.40.0-255,66,384428,70,384428
9359,0.0,74.125.200.0-255,152,152,70,387814
9360,1.5e-05,172.31.40.0-255,66,218,70,387814
9361,2.2e-05,74.125.200.0-255,1484,1702,70,387814
9362,2.7e-05,172.31.40.0-255,66,1768,70,387814
9363,3.3e-05,74.125.200.0-255,2902,4670,70,387814
9364,3.6e-05,172.31.40.0-255,66,4736,70,387814
9365,3.9e-05,74.125.200.0-255,1484,6220,70,387814
9366,4.2e-05,172.31.40.0-255,66,6286,70,387814
9367,6.6e-05,74.125.200.0-255,5738,12024,70,387814
9368,6.9e-05,172.31.40.0-255,66,12090,70,387814
9369,7.3e-05,74.125.200.0-255,2057,14147,70,387814
9370,7.5e-05,172.31.40.0-255,66,14213,70,387814
9371,7.9e-05,74.125.200.0-255,1484,15697,70,387814
9372,8.1e-05,172.31.40.0-255,66,15763,70,387814
9373,9.9e-05,74.125.200.0-255,1484,17247,70,387814
9374,0.000101,172.31.40.0-255,66,17313,70,387814
9375,0.000107,74.125.200.0-255,4320,21633,70,387814
9376,0.000109,172.31.40.0-255,66,21699,70,387814
9377,0.00013,74.125.200.0-255,2902,24601,70,387814
9378,0.000132,172.31.40.0-255,66,24667,70,387814
9379,0.00014,74.125.200.0-255,8574,33241,70,387814
9380,0.000143,172.31.40.0-255,66,33307,70,387814
9381,0.000165,74.125.200.0-255,2902,36209,70,387814
9382,0.000168,172.31.40.0-255,66,36275,70,387814
9383,0.000196,74.125.200.0-255,9992,46267,70,387814
9384,0.000199,172.31.40.0-255,66,46333,70,387814
9385,0.000202,74.125.200.0-255,1484,47817,70,387814
9386,0.000204,172.31.40.0-255,66,47883,70,387814
9387,0.000226,74.125.200.0-255,7856,55739,70,387814
9388,0.000229,172.31.40.0-255,66,55805,70,387814
9389,0.000249,74.125.200.0-255,4320,60125,70,387814
9390,0.000252,172.31.40.0-255,66,60191,70,387814
9391,0.000278,74.125.200.0-255,5691,65882,70,387814
9392,0.000281,172.31.40.0-255,66,65948,70,387814
9393,0.000284,74.125.200.0-255,109,66057,70,387814
9394,0.000375,74.125.200.0-255,1484,67541,70,387814
9395,0.000379,172.31.40.0-255,66,67607,70,387814
9396,0.000385,74.125.200.0-255,2902,70509,70,387814
9397,0.000387,172.31.40.0-255,66,70575,70,387814
9398,0.000415,74.125.200.0-255,5738,76313,70,387814
9399,0.000418,172.31.40.0-255,66,76379,70,387814
9400,0.000421,74.125.200.0-255,1484,77863,70,387814
9401,0.000425,74.125.200.0-255,1484,79347,70,387814
9402,0.000427,172.31.40.0-255,66,79413,70,387814
9403,0.000453,74.125.200.0-255,7156,86569,70,387814
9404,0.000456,172.31.40.0-255,66,86635,70,387814
9405,0.000473,74.125.200.0-255,5738,92373,70,387814
9406,0.000476,172.31.40.0-255,66,92439,70,387814
9407,0.0005,74.125.200.0-255,7856,100295,70,387814
9408,0.000503,172.31.40.0-255,66,100361,70,387814
9409,0.000542,74.125.200.0-255,1484,101845,70,387814
9410,0.000546,74.125.200.0-255,2902,104747,70,387814
9411,0.000549,172.31.40.0-255,66,104813,70,387814
9412,0.000567,74.125.200.0-255,4320,109133,70,387814
9413,0.000569,172.31.40.0-255,66,109199,70,387814
9414,0.000592,74.125.200.0-255,5738,114937,70,387814
9415,0.000595,172.31.40.0-255,66,115003,70,387814
9416,0.000612,74.125.200.0-255,4320,119323,70,387814
9417,0.000614,172.31.40.0-255,66,119389,70,387814
9418,0.00063,74.125.200.0-255,7156,126545,70,387814
9419,0.000633,172.31.40.0-255,66,126611,70,387814
9420,0.000638,74.125.200.0-255,4320,130931,70,387814
9421,0.000641,172.31.40.0-255,66,130997,70,387814
9422,0.000683,74.125.200.0-255,8574,139571,70,387814
9423,0.000688,172.31.40.0-255,66,139637,70,387814
9424,0.000709,74.125.200.0-255,7856,147493,70,387814
9425,0.000718,74.125.200.0-255,8574,156067,70,387814
9426,0.000741,74.125.200.0-255,8574,164641,70,387814
9427,0.000745,74.125.200.0-255,3602,168243,70,387814
9428,0.000788,172.31.40.0-255,66,168309,70,387814
9429,0.000794,172.31.40.0-255,66,168375,70,387814
9430,0.000817,74.125.200.0-255,1484,169859,70,387814
9431,0.000834,74.125.200.0-255,2902,172761,70,387814
9432,0.00084,172.31.40.0-255,66,172827,70,387814
9433,0.000856,74.125.200.0-255,5738,178565,70,387814
9434,0.000874,74.125.200.0-255,2902,181467,70,387814
9435,0.000879,172.31.40.0-255,66,181533,70,387814
9436,0.000898,74.125.200.0-255,9992,191525,70,387814
9437,0.000918,172.31.40.0-255,66,191591,70,387814
9438,0.000936,74.125.200.0-255,5738,197329,70,387814
9439,0.000954,74.125.200.0-255,5020,202349,70,387814
9440,0.000963,172.31.40.0-255,66,202415,70,387814
9441,0.001053,74.125.200.0-255,1484,203899,70,387814
9442,0.001077,74.125.200.0-255,2902,206801,70,387814
9443,0.001081,74.125.200.0-255,1484,208285,70,387814
9444,0.001085,74.125.200.0-255,2902,211187,70,387814
9445,0.001097,74.125.200.0-255,2902,214089,70,387814
9446,0.001108,74.125.200.0-255,2902,216991,70,387814
9447,0.001116,172.31.40.0-255,66,217057,70,387814
9448,0.00113,74.125.200.0-255,4320,221377,70,387814
9449,0.001153,74.125.200.0-255,7156,228533,70,387814
9450,0.001158,172.31.40.0-255,66,228599,70,387814
9451,0.001181,74.125.200.0-255,5738,234337,70,387814
9452,0.001198,74.125.200.0-255,2184,236521,70,387814
9453,0.001203,172.31.40.0-255,66,236587,70,387814
9454,0.00128,74.125.200.0-255,1484,238071,70,387814
9455,0.001286,74.125.200.0-255,2902,240973,70,387814
9456,0.001308,74.125.200.0-255,5738,246711,70,387814
9457,0.001317,172.31.40.0-255,66,246777,70,387814
9458,0.001325,74.125.200.0-255,1484,248261,70,387814
9459,0.001351,74.125.200.0-255,7156,255417,70,387814
9460,0.001361,74.125.200.0-255,9992,265409,70,387814
9461,0.001377,172.31.40.0-255,66,265475,70,387814
9462,0.001393,74.125.200.0-255,5020,270495,70,387814
9463,0.0014,74.125.200.0-255,5738,276233,70,387814
9464,0.001415,74.125.200.0-255,1484,277717,70,387814
9465,0.001427,74.125.200.0-255,4320,282037,70,387814
9466,0.001432,172.31.40.0-255,66,282103,70,387814
9467,0.001458,74.125.200.0-255,7156,289259,70,387814
9468,0.001464,74.125.200.0-255,4320,293579,70,387814
9469,0.001488,172.31.40.0-255,66,293645,70,387814
9470,0.001493,74.125.200.0-255,4320,297965,70,387814
9471,0.001498,172.31.40.0-255,66,298031,70,387814
9472,0.001514,74.125.200.0-255,8574,306605,70,387814
9473,0.001528,172.31.40.0-255,66,306671,70,387814
9474,0.001537,74.125.200.0-255,2184,308855,70,387814
9475,0.001556,74.125.200.0-255,5738,314593,70,387814
9476,0.001563,172.31.40.0-255,66,314659,70,387814
9477,0.001581,74.125.200.0-255,1484,316143,70,387814
9478,0.001604,74.125.200.0-255,8574,324717,70,387814
9479,0.001625,74.125.200.0-255,3602,328319,70,387814
9480,0.001665,74.125.200.0-255,7156,335475,70,387814
9481,0.001671,172.31.40.0-255,66,335541,70,387814
9482,0.001689,74.125.200.0-255,7156,342697,70,387814
9483,0.001697,74.125.200.0-255,7156,349853,70,387814
9484,0.001705,74.125.200.0-255,7856,357709,70,387814
9485,0.001714,74.125.200.0-255,8574,366283,70,387814
9486,0.001718,74.125.200.0-255,2902,369185,70,387814
9487,0.001731,172.31.40.0-255,66,369251,70,387814
9488,0.001744,74.125.200.0-255,7156,376407,70,387814
9489,0.00175,74.125.200.0-255,5074,381481,70,387814
9490,0.001765,172.31.40.0-255,66,381547,70,387814
9491,0.001784,74.125.200.0-255,105,381652,70,387814
9492,0.010313,172.31.40.0-255,66,381718,70,387814
9493,0.010347,172.31.40.0-255,105,381823,70,387814
9494,0.012697,74.125.200.0-255,66,381889,70,387814
9495,0.03081,172.31.40.0-255,172,382061,70,387814
9496,0.030845,172.31.40.0-255,1118,383179,70,387814
9497,0.030912,172.31.40.0-255,1514,384693,70,387814
9498,0.030914,172.31.40.0-255,1514,386207,70,387814
9499,0.030917,172.31.40.0-255,1343,387550,70,387814
9500,0.032407,104.244.42.0-255,66,387616,70,387814
9501,0.032574,104.244.42.0-255,66,387682,70,387814
9502,0.032603,104.244.42.0-255,66,387748,70,387814
9503,0.032616,104.244.42.0-255,66,387814,70,387814
9504,0.0,74.125.24.0-255,291,291,70,372699
9505,2.4e-05,172.31.40.0-255,66,357,70,372699
9506,3.1e-05,74.125.24.0-255,1484,1841,70,372699
9507,3.6e-05,172.31.40.0-255,66,1907,70,372699
9508,4.3e-05,74.125.24.0-255,4320,6227,70,372699
9509,4.7e-05,172.31.40.0-255,66,6293,70,372699
9510,5.4e-05,74.125.24.0-255,7156,13449,70,372699
9511,5.7e-05,172.31.40.0-255,66,13515,70,372699
9512,9.7e-05,74.125.24.0-255,1877,15392,70,372699
9513,0.0001,172.31.40.0-255,66,15458,70,372699
9514,0.000105,74.125.24.0-255,2902,18360,70,372699
9515,0.000108,172.31.40.0-255,66,18426,70,372699
9516,0.000115,74.125.24.0-255,7156,25582,70,372699
9517,0.000117,172.31.40.0-255,66,25648,70,372699
9518,0.000137,74.125.24.0-255,1484,27132,70,372699
9519,0.000139,172.31.40.0-255,66,27198,70,372699
9520,0.000161,74.125.24.0-255,3961,31159,70,372699
9521,0.000164,172.31.40.0-255,66,31225,70,372699
9522,0.000312,74.125.24.0-255,1484,32709,70,372699
9523,0.000318,172.31.40.0-255,66,32775,70,372699
9524,0.000324,74.125.24.0-255,2902,35677,70,372699
9525,0.000327,172.31.40.0-255,66,35743,70,372699
9526,0.000331,74.125.24.0-255,2902,38645,70,372699
9527,0.000334,172.31.40.0-255,66,38711,70,372699
9528,0.000363,74.125.24.0-255,2902,41613,70,372699
9529,0.000366,172.31.40.0-255,66,41679,70,372699
9530,0.000369,74.125.24.0-255,1484,43163,70,372699
9531,0.000371,172.31.40.0-255,66,43229,70,372699
9532,0.000411,74.125.24.0-255,9633,52862,70,372699
9533,0.000415,172.31.40.0-255,66,52928,70,372699
9534,0.000422,74.125.24.0-255,7156,60084,70,372699
9535,0.000425,172.31.40.0-255,66,60150,70,372699
9536,0.000439,74.125.24.0-255,2902,63052,70,372699
9537,0.000442,172.31.40.0-255,66,63118,70,372699
9538,0.000446,74.125.24.0-255,2543,65661,70,372699
9539,0.000449,172.31.40.0-255,66,65727,70,372699
9540,0.000826,74.125.24.0-255,646,66373,70,372699
9541,0.00101,74.125.24.0-255,1484,67857,70,372699
9542,0.001015,172.31.40.0-255,66,67923,70,372699
9543,0.00102,74.125.24.0-255,2902,70825,70,372699
9544,0.001023,172.31.40.0-255,66,70891,70,372699
9545,0.001048,74.125.24.0-255,5738,76629,70,372699
9546,0.001051,172.31.40.0-255,66,76695,70,372699
9547,0.001073,74.125.24.0-255,7156,83851,70,372699
9548,0.001076,172.31.40.0-255,66,83917,70,372699
9549,0.001094,74.125.24.0-255,5738,89655,70,372699
9550,0.001098,172.31.40.0-255,66,89721,70,372699
9551,0.001119,74.125.24.0-255,2902,92623,70,372699
9552,0.001122,172.31.40.0-255,66,92689,70,372699
9553,0.001151,74.125.24.0-255,7856,100545,70,372699
9554,0.001154,172.31.40.0-255,66,100611,70,372699
9555,0.001342,74.125.24.0-255,1484,102095,70,372699
9556,0.001349,74.125.24.0-255,2902,104997,70,372699
9557,0.001352,172.31.40.0-255,66,105063,70,372699
9558,0.001357,74.125.24.0-255,2902,107965,70,372699
9559,0.001359,172.31.40.0-255,66,108031,70,372699
9560,0.00139,74.125.24.0-255,2902,110933,70,372699
9561,0.001393,172.31.40.0-255,66,110999,70,372699
9562,0.001399,74.125.24.0-255,4320,115319,70,372699
9563,0.001401,172.31.40.0-255,66,115385,70,372699
9564,0.001414,172.31.40.0-255,66,115451,70,372699
9565,0.001428,74.125.24.0-255,2902,118353,70,372699
9566,0.001431,172.31.40.0-255,66,118419,70,372699
9567,0.001448,74.125.24.0-255,5020,123439,70,372699
9568,0.001451,172.31.40.0-255,66,123505,70,372699
9569,0.003776,74.125.24.0-255,5738,129243,70,372699
9570,0.003784,172.31.40.0-255,66,129309,70,372699
9571,0.006048,74.125.24.0-255,5738,135047,70,372699
9572,0.006055,172.31.40.0-255,66,135113,70,372699
9573,0.008366,74.125.24.0-255,5738,140851,70,372699
9574,0.008372,172.31.40.0-255,66,140917,70,372699
9575,0.010655,74.125.24.0-255,5738,146655,70,372699
9576,0.010663,172.31.40.0-255,66,146721,70,372699
9577,0.012921,74.125.24.0-255,5738,152459,70,372699
9578,0.01293,172.31.40.0-255,66,152525,70,372699
9579,0.015247,74.125.24.0-255,5738,158263,70,372699
9580,0.015257,172.31.40.0-255,66,158329,70,372699
9581,0.017579,74.125.24.0-255,5738,164067,70,372699
9582,0.017587,172.31.40.0-255,66,164133,70,372699
9583,0.019923,74.125.24.0-255,5738,169871,70,372699
9584,0.019928,172.31.40.0-255,66,169937,70,372699
9585,0.022204,74.125.24.0-255,5738,175675,70,372699
9586,0.02221,172.31.40.0-255,66,175741,70,372699
9587,0.024541,74.125.24.0-255,5738,181479,70,372699
9588,0.02455,172.31.40.0-255,66,181545,70,372699
9589,0.026867,74.125.24.0-255,5738,187283,70,372699
9590,0.026874,172.31.40.0-255,66,187349,70,372699
9591,0.028626,172.31.40.0-255,172,187521,70,372699
9592,0.028653,172.31.40.0-255,1118,188639,70,372699
9593,0.028702,172.31.40.0-255,1514,190153,70,372699
9594,0.028704,172.31.40.0-255,1514,191667,70,372699
9595,0.028728,172.31.40.0-255,844,192511,70,372699
9596,0.02913,74.125.24.0-255,5738,198249,70,372699
9597,0.029136,172.31.40.0-255,66,198315,70,372699
9598,0.030163,104.244.42.0-255,66,198381,70,372699
9599,0.030206,104.244.42.0-255,66,198447,70,372699
9600,0.030249,104.244.42.0-255,66,198513,70,372699
9601,0.030253,104.244.42.0-255,66,198579,70,372699
9602,0.031413,74.125.24.0-255,5738,204317,70,372699
9603,0.03142,172.31.40.0-255,66,204383,70,372699
9604,0.033679,74.125.24.0-255,5738,210121,70,372699
9605,0.033687,172.31.40.0-255,66,210187,70,372699
9606,0.03603,74.125.24.0-255,5738,215925,70,372699
9607,0.036035,172.31.40.0-255,66,215991,70,372699
9608,0.038363,74.125.24.0-255,5738,221729,70,372699
9609,0.038369,172.31.40.0-255,66,221795,70,372699
9610,0.040688,74.125.24.0-255,5738,227533,70,372699
9611,0.040698,172.31.40.0-255,66,227599,70,372699
9612,0.043009,74.125.24.0-255,5738,233337,70,372699
9613,0.043022,172.31.40.0-255,66,233403,70,372699
9614,0.045331,74.125.24.0-255,5738,239141,70,372699
9615,0.045338,172.31.40.0-255,66,239207,70,372699
9616,0.047654,74.125.24.0-255,5738,244945,70,372699
9617,0.04766,172.31.40.0-255,66,245011,70,372699
9618,0.049949,74.125.24.0-255,5738,250749,70,372699
9619,0.049955,172.31.40.0-255,66,250815,70,372699
9620,0.052275,74.125.24.0-255,5738,256553,70,372699
9621,0.052281,172.31.40.0-255,66,256619,70,372699
9622,0.054561,74.125.24.0-255,5738,262357,70,372699
9623,0.054568,172.31.40.0-255,66,262423,70,372699
9624,0.05686,74.125.24.0-255,5738,268161,70,372699
9625,0.056865,172.31.40.0-255,66,268227,70,372699
9626,0.059175,74.125.24.0-255,5738,273965,70,372699
9627,0.059182,172.31.40.0-255,66,274031,70,372699
9628,0.06151,74.125.24.0-255,5738,279769,70,372699
9629,0.061518,172.31.40.0-255,66,279835,70,372699
9630,0.063883,74.125.24.0-255,5738,285573,70,372699
9631,0.063889,172.31.40.0-255,66,285639,70,372699
9632,0.066202,74.125.24.0-255,5738,291377,70,372699
9633,0.066209,172.31.40.0-255,66,291443,70,372699
9634,0.068538,74.125.24.0-255,5738,297181,70,372699
9635,0.068544,172.31.40.0-255,66,297247,70,372699
9636,0.070919,74.125.24.0-255,5738,302985,70,372699
9637,0.070925,172.31.40.0-255,66,303051,70,372699
9638,0.073244,74.125.24.0-255,5738,308789,70,372699
9639,0.073251,172.31.40.0-255,66,308855,70,372699
9640,0.075539,74.125.24.0-255,5738,314593,70,372699
9641,0.075545,172.31.40.0-255,66,314659,70,372699
9642,0.077827,74.125.24.0-255,5738,320397,70,372699
9643,0.077838,172.31.40.0-255,66,320463,70,372699
9644,0.080125,74.125.24.0-255,5738,326201,70,372699
9645,0.08013,172.31.40.0-255,66,326267,70,372699
9646,0.082479,74.125.24.0-255,5738,332005,70,372699
9647,0.082486,172.31.40.0-255,66,332071,70,372699
9648,0.084769,74.125.24.0-255,5738,337809,70,372699
9649,0.084775,172.31.40.0-255,66,337875,70,372699
9650,0.087095,74.125.24.0-255,5738,343613,70,372699
9651,0.087102,172.31.40.0-255,66,343679,70,372699
9652,0.08945,74.125.24.0-255,5738,349417,70,372699
9653,0.089457,172.31.40.0-255,66,349483,70,372699
9654,0.0918,74.125.24.0-255,5738,355221,70,372699
9655,0.091807,172.31.40.0-255,66,355287,70,372699
9656,0.094145,74.125.24.0-255,5738,361025,70,372699
9657,0.094151,172.31.40.0-255,66,361091,70,372699
9658,0.096471,74.125.24.0-255,5738,366829,70,372699
9659,0.096478,172.31.40.0-255,66,366895,70,372699
9660,0.098736,74.125.24.0-255,5738,372633,70,372699
9661,0.098743,172.31.40.0-255,66,372699,70,372699
9662,0.0,74.125.24.0-255,152,152,70,227099
9663,1.3e-05,172.31.40.0-255,66,218,70,227099
9664,1.9e-05,74.125.24.0-255,1484,1702,70,227099
9665,2.4e-05,172.31.40.0-255,66,1768,70,227099
9666,3e-05,74.125.24.0-255,2902,4670,70,227099
9667,3.2e-05,172.31.40.0-255,66,4736,70,227099
9668,3.6e-05,74.125.24.0-255,1484,6220,70,227099
9669,3.8e-05,172.31.40.0-255,66,6286,70,227099
9670,6.4e-05,74.125.24.0-255,4320,10606,70,227099
9671,6.7e-05,172.31.40.0-255,66,10672,70,227099
9672,7.3e-05,74.125.24.0-255,4320,14992,70,227099
9673,7.5e-05,172.31.40.0-255,66,15058,70,227099
9674,0.000109,74.125.24.0-255,9182,24240,70,227099
9675,0.000112,172.31.40.0-255,66,24306,70,227099
9676,0.000119,74.125.24.0-255,6797,31103,70,227099
9677,0.000121,172.31.40.0-255,66,31169,70,227099
9678,0.000174,74.125.24.0-255,1484,32653,70,227099
9679,0.000177,172.31.40.0-255,66,32719,70,227099
9680,0.0002,74.125.24.0-255,2902,35621,70,227099
9681,0.000202,172.31.40.0-255,66,35687,70,227099
9682,0.000209,74.125.24.0-255,5738,41425,70,227099
9683,0.000211,172.31.40.0-255,66,41491,70,227099
9684,0.000233,74.125.24.0-255,1484,42975,70,227099
9685,0.000235,172.31.40.0-255,66,43041,70,227099
9686,0.000261,74.125.24.0-255,7156,50197,70,227099
9687,0.000264,172.31.40.0-255,66,50263,70,227099
9688,0.000294,74.125.24.0-255,5379,55642,70,227099
9689,0.000297,172.31.40.0-255,66,55708,70,227099
9690,0.000306,74.125.24.0-255,8574,64282,70,227099
9691,0.000309,172.31.40.0-255,66,64348,70,227099
9692,0.000312,74.125.24.0-255,1394,65742,70,227099
9693,0.000315,172.31.40.0-255,66,65808,70,227099
9694,0.000339,74.125.24.0-255,134,65942,70,227099
9695,0.00053,74.125.24.0-255,1484,67426,70,227099
9696,0.000535,172.31.40.0-255,66,67492,70,227099
9697,0.000541,74.125.24.0-255,2902,70394,70,227099
9698,0.000543,172.31.40.0-255,66,70460,70,227099
9699,0.00055,74.125.24.0-255,5738,76198,70,227099
9700,0.000553,172.31.40.0-255,66,76264,70,227099
9701,0.000568,172.31.40.0-255,66,76330,70,227099
9702,0.000575,74.125.24.0-255,7156,83486,70,227099
9703,0.000578,172.31.40.0-255,66,83552,70,227099
9704,0.000597,74.125.24.0-255,1484,85036,70,227099
9705,0.000601,74.125.24.0-255,1125,86161,70,227099
9706,0.000603,172.31.40.0-255,66,86227,70,227099
9707,0.001279,74.125.24.0-255,1484,87711,70,227099
9708,0.001299,74.125.24.0-255,2902,90613,70,227099
9709,0.001302,172.31.40.0-255,66,90679,70,227099
9710,0.001307,74.125.24.0-255,2902,93581,70,227099
9711,0.001309,172.31.40.0-255,66,93647,70,227099
9712,0.001324,74.125.24.0-255,2902,96549,70,227099
9713,0.001326,172.31.40.0-255,66,96615,70,227099
9714,0.001329,74.125.24.0-255,1484,98099,70,227099
9715,0.001352,74.125.24.0-255,1484,99583,70,227099
9716,0.001354,172.31.40.0-255,66,99649,70,227099
9717,0.001359,74.125.24.0-255,4320,103969,70,227099
9718,0.00136,172.31.40.0-255,66,104035,70,227099
9719,0.001368,74.125.24.0-255,8574,112609,70,227099
9720,0.00137,172.31.40.0-255,66,112675,70,227099
9721,0.001374,74.125.24.0-255,2902,115577,70,227099
9722,0.001375,172.31.40.0-255,66,115643,70,227099
9723,0.001404,74.125.24.0-255,5020,120663,70,227099
9724,0.001407,172.31.40.0-255,66,120729,70,227099
9725,0.001609,74.125.24.0-255,1484,122213,70,227099
9726,0.001614,74.125.24.0-255,1484,123697,70,227099
9727,0.001617,172.31.40.0-255,66,123763,70,227099
9728,0.001638,74.125.24.0-255,1484,125247,70,227099
9729,0.001644,74.125.24.0-255,5738,130985,70,227099
9730,0.001646,172.31.40.0-255,66,131051,70,227099
9731,0.00168,172.31.40.0-255,66,131117,70,227099
9732,0.001685,74.125.24.0-255,4320,135437,70,227099
9733,0.001687,172.31.40.0-255,66,135503,70,227099
9734,0.001703,74.125.24.0-255,2902,138405,70,227099
9735,0.001705,172.31.40.0-255,66,138471,70,227099
9736,0.001755,74.125.24.0-255,5738,144209,70,227099
9737,0.001757,172.31.40.0-255,66,144275,70,227099
9738,0.001791,172.31.40.0-255,66,144341,70,227099
9739,0.001806,172.31.40.0-255,66,144407,70,227099
9740,0.00181,74.125.24.0-255,2184,146591,70,227099
9741,0.001813,172.31.40.0-255,66,146657,70,227099
9742,0.001817,74.125.24.0-255,2902,149559,70,227099
9743,0.00182,172.31.40.0-255,66,149625,70,227099
9744,0.001827,74.125.24.0-255,7156,156781,70,227099
9745,0.001829,172.31.40.0-255,66,156847,70,227099
9746,0.001832,74.125.24.0-255,1484,158331,70,227099
9747,0.001868,172.31.40.0-255,66,158397,70,227099
9748,0.001897,74.125.24.0-255,5738,164135,70,227099
9749,0.001899,172.31.40.0-255,66,164201,70,227099
9750,0.001941,172.31.40.0-255,66,164267,70,227099
9751,0.001954,74.125.24.0-255,7156,171423,70,227099
9752,0.001956,172.31.40.0-255,66,171489,70,227099
9753,0.001995,172.31.40.0-255,66,171555,70,227099
9754,0.002008,172.31.40.0-255,66,171621,70,227099
9755,0.002029,74.125.24.0-255,1484,173105,70,227099
9756,0.002043,172.31.40.0-255,66,173171,70,227099
9757,0.002065,74.125.24.0-255,7856,181027,70,227099
9758,0.002068,172.31.40.0-255,66,181093,70,227099
9759,0.002077,74.125.24.0-255,9992,191085,70,227099
9760,0.00208,172.31.40.0-255,66,191151,70,227099
9761,0.002102,74.125.24.0-255,8574,199725,70,227099
9762,0.002142,74.125.24.0-255,2184,201909,70,227099
9763,0.002157,74.125.24.0-255,4320,206229,70,227099
9764,0.00223,74.125.24.0-255,8574,214803,70,227099
9765,0.002275,74.125.24.0-255,6528,221331,70,227099
9766,0.002337,74.125.24.0-255,105,221436,70,227099
9767,0.004383,172.31.40.0-255,66,221502,70,227099
9768,0.006867,172.31.40.0-255,105,221607,70,227099
9769,0.00956,74.125.24.0-255,66,221673,70,227099
9770,0.029313,172.31.40.0-255,172,221845,70,227099
9771,0.029344,172.31.40.0-255,1118,222963,70,227099
9772,0.029398,172.31.40.0-255,1514,224477,70,227099
9773,0.029399,172.31.40.0-255,1514,225991,70,227099
9774,0.0294,172.31.40.0-255,844,226835,70,227099
9775,0.030986,104.244.42.0-255,66,226901,70,227099
9776,0.031018,104.244.42.0-255,66,226967,70,227099
9777,0.031072,104.244.42.0-255,66,227033,70,227099
9778,0.03109,104.244.42.0-255,66,227099,70,227099
9779,0.0,74.125.200.0-255,150,150,70,405569
9780,1.8e-05,172.31.40.0-255,66,216,70,405569
9781,4.1e-05,74.125.200.0-255,1484,1700,70,405569
9782,4.6e-05,172.31.40.0-255,66,1766,70,405569
9783,5.2e-05,74.125.200.0-255,2902,4668,70,405569
9784,5.6e-05,172.31.40.0-255,66,4734,70,405569
9785,9e-05,74.125.200.0-255,5738,10472,70,405569
9786,9.8e-05,172.31.40.0-255,66,10538,70,405569
9787,0.000103,74.125.200.0-255,2902,13440,70,405569
9788,0.000105,172.31.40.0-255,66,13506,70,405569
9789,0.000136,74.125.200.0-255,3401,16907,70,405569
9790,0.000138,172.31.40.0-255,66,16973,70,405569
9791,0.000146,74.125.200.0-255,7156,24129,70,405569
9792,0.000148,172.31.40.0-255,66,24195,70,405569
9793,0.000178,74.125.200.0-255,1484,25679,70,405569
9794,0.00018,172.31.40.0-255,66,25745,70,405569
9795,0.000187,74.125.200.0-255,5379,31124,70,405569
9796,0.000189,172.31.40.0-255,66,31190,70,405569
9797,0.000326,74.125.200.0-255,1484,32674,70,405569
9798,0.000329,172.31.40.0-255,66,32740,70,405569
9799,0.000332,74.125.200.0-255,1484,34224,70,405569
9800,0.000334,172.31.40.0-255,66,34290,70,405569
9801,0.000354,74.125.200.0-255,1484,35774,70,405569
9802,0.000356,172.31.40.0-255,66,35840,70,405569
9803,0.000367,74.125.200.0-255,5738,41578,70,405569
9804,0.000369,172.31.40.0-255,66,41644,70,405569
9805,0.0004,74.125.200.0-255,4320,45964,70,405569
9806,0.000403,172.31.40.0-255,66,46030,70,405569
9807,0.000419,74.125.200.0-255,2543,48573,70,405569
9808,0.000421,172.31.40.0-255,66,48639,70,405569
9809,0.000443,74.125.200.0-255,2902,51541,70,405569
9810,0.000445,172.31.40.0-255,66,51607,70,405569
9811,0.000474,74.125.200.0-255,4320,55927,70,405569
9812,0.000482,74.125.200.0-255,2902,58829,70,405569
9813,0.000487,74.125.200.0-255,4320,63149,70,405569
9814,0.000491,74.125.200.0-255,2855,66004,70,405569
9815,0.000542,74.125.200.0-255,111,66115,70,405569
9816,0.000663,74.125.200.0-255,1484,67599,70,405569
9817,0.000669,74.125.200.0-255,2902,70501,70,405569
9818,0.00069,74.125.200.0-255,1484,71985,70,405569
9819,0.000693,74.125.200.0-255,1484,73469,70,405569
9820,0.00071,74.125.200.0-255,1484,74953,70,405569
9821,0.000714,172.31.40.0-255,66,75019,70,405569
9822,0.000727,74.125.200.0-255,2902,77921,70,405569
9823,0.00075,74.125.200.0-255,2902,80823,70,405569
9824,0.000752,74.125.200.0-255,1484,82307,70,405569
9825,0.000756,74.125.200.0-255,2902,85209,70,405569
9826,0.000797,74.125.200.0-255,4320,89529,70,405569
9827,0.000818,74.125.200.0-255,4320,93849,70,405569
9828,0.000827,74.125.200.0-255,1484,95333,70,405569
9829,0.000846,74.125.200.0-255,1484,96817,70,405569
9830,0.000857,74.125.200.0-255,2902,99719,70,405569
9831,0.000871,74.125.200.0-255,766,100485,70,405569
9832,0.00088,74.125.200.0-255,328,100813,70,405569
9833,0.000972,172.31.40.0-255,66,100879,70,405569
9834,0.001099,74.125.200.0-255,1484,102363,70,405569
9835,0.001104,74.125.200.0-255,2902,105265,70,405569
9836,0.001122,74.125.200.0-255,2902,108167,70,405569
9837,0.001132,74.125.200.0-255,2902,111069,70,405569
9838,0.001135,172.31.40.0-255,66,111135,70,405569
9839,0.001141,74.125.200.0-255,1484,112619,70,405569
9840,0.001146,172.31.40.0-255,66,112685,70,405569
9841,0.00117,74.125.200.0-255,5738,118423,70,405569
9842,0.001178,74.125.200.0-255,7156,125579,70,405569
9843,0.001188,74.125.200.0-255,1484,127063,70,405569
9844,0.001197,172.31.40.0-255,66,127129,70,405569
9845,0.001214,74.125.200.0-255,2902,130031,70,405569
9846,0.001223,172.31.40.0-255,66,130097,70,405569
9847,0.001245,74.125.200.0-255,5020,135117,70,405569
9848,0.001251,172.31.40.0-255,66,135183,70,405569
9849,0.001371,74.125.200.0-255,1484,136667,70,405569
9850,0.001388,74.125.200.0-255,2902,139569,70,405569
9851,0.001404,74.125.200.0-255,1484,141053,70,405569
9852,0.001407,172.31.40.0-255,66,141119,70,405569
9853,0.001416,74.125.200.0-255,2902,144021,70,405569
9854,0.00142,172.31.40.0-255,66,144087,70,405569
9855,0.001441,74.125.200.0-255,5738,149825,70,405569
9856,0.001457,172.31.40.0-255,66,149891,70,405569
9857,0.00147,74.125.200.0-255,4320,154211,70,405569
9858,0.001479,74.125.200.0-255,2902,157113,70,405569
9859,0.001492,172.31.40.0-255,66,157179,70,405569
9860,0.0015,74.125.200.0-255,2902,160081,70,405569
9861,0.00151,74.125.200.0-255,5738,165819,70,405569
9862,0.00152,172.31.40.0-255,66,165885,70,405569
9863,0.001554,74.125.200.0-255,3602,169487,70,405569
9864,0.001569,172.31.40.0-255,66,169553,70,405569
9865,0.001673,74.125.200.0-255,1484,171037,70,405569
9866,0.001694,74.125.200.0-255,2902,173939,70,405569
9867,0.0017,74.125.200.0-255,4320,178259,70,405569
9868,0.001714,172.31.40.0-255,66,178325,70,405569
9869,0.00173,74.125.200.0-255,1484,179809,70,405569
9870,0.001744,74.125.200.0-255,4320,184129,70,405569
9871,0.001753,74.125.200.0-255,4320,188449,70,405569
9872,0.001757,74.125.200.0-255,2902,191351,70,405569
9873,0.001774,74.125.200.0-255,2902,194253,70,405569
9874,0.00178,172.31.40.0-255,66,194319,70,405569
9875,0.001815,74.125.200.0-255,7156,201475,70,405569
9876,0.001821,172.31.40.0-255,66,201541,70,405569
9877,0.001833,74.125.200.0-255,2184,203725,70,405569
9878,0.001852,172.31.40.0-255,66,203791,70,405569
9879,0.001892,74.125.200.0-255,1484,205275,70,405569
9880,0.001909,74.125.200.0-255,1484,206759,70,405569
9881,0.001923,172.31.40.0-255,66,206825,70,405569
9882,0.001934,74.125.200.0-255,1484,208309,70,405569
9883,0.001944,74.125.200.0-255,5738,214047,70,405569
9884,0.001958,74.125.200.0-255,4320,218367,70,405569
9885,0.001969,74.125.200.0-255,2902,221269,70,405569
9886,0.001973,74.125.200.0-255,2902,224171,70,405569
9887,0.001996,74.125.200.0-255,5738,229909,70,405569
9888,0.001999,172.31.40.0-255,66,229975,70,405569
9889,0.00201,172.31.40.0-255,66,230041,70,405569
9890,0.002022,74.125.200.0-255,7856,237897,70,405569
9891,0.002083,172.31.40.0-255,66,237963,70,405569
9892,0.004388,74.125.200.0-255,5738,243701,70,405569
9893,0.004396,172.31.40.0-255,66,243767,70,405569
9894,0.006701,74.125.200.0-255,5738,249505,70,405569
9895,0.006839,172.31.40.0-255,66,249571,70,405569
9896,0.009145,74.125.200.0-255,2902,252473,70,405569
9897,0.009152,172.31.40.0-255,66,252539,70,405569
9898,0.009185,74.125.200.0-255,2902,255441,70,405569
9899,0.009556,172.31.40.0-255,66,255507,70,405569
9900,0.011459,74.125.200.0-255,2902,258409,70,405569
9901,0.011466,172.31.40.0-255,66,258475,70,405569
9902,0.011846,74.125.200.0-255,1484,259959,70,405569
9903,0.011859,74.125.200.0-255,1484,261443,70,405569
9904,0.011919,172.31.40.0-255,66,261509,70,405569
9905,0.013774,74.125.200.0-255,2902,264411,70,405569
9906,0.01378,172.31.40.0-255,66,264477,70,405569
9907,0.01422,74.125.200.0-255,2902,267379,70,405569
9908,0.016081,74.125.200.0-255,2902,270281,70,405569
9909,0.016982,172.31.40.0-255,66,270347,70,405569
9910,0.019297,74.125.200.0-255,5738,276085,70,405569
9911,0.019305,172.31.40.0-255,66,276151,70,405569
9912,0.021619,74.125.200.0-255,5738,281889,70,405569
9913,0.021626,172.31.40.0-255,66,281955,70,405569
9914,0.023945,74.125.200.0-255,5738,287693,70,405569
9915,0.023951,172.31.40.0-255,66,287759,70,405569
9916,0.026256,74.125.200.0-255,5738,293497,70,405569
9917,0.026262,172.31.40.0-255,66,293563,70,405569
9918,0.028577,74.125.200.0-255,4320,297883,70,405569
9919,0.028583,172.31.40.0-255,66,297949,70,405569
9920,0.028626,74.125.200.0-255,1484,299433,70,405569
9921,0.030637,172.31.40.0-255,172,299605,70,405569
9922,0.030708,172.31.40.0-255,1118,300723,70,405569
9923,0.030775,172.31.40.0-255,1514,302237,70,405569
9924,0.030777,172.31.40.0-255,1325,303562,70,405569
9925,0.03088,74.125.200.0-255,2902,306464,70,405569
9926,0.030889,172.31.40.0-255,66,306530,70,405569
9927,0.032214,104.244.42.0-255,66,306596,70,405569
9928,0.03232,104.244.42.0-255,66,306662,70,405569
9929,0.032366,104.244.42.0-255,66,306728,70,405569
9930,0.033211,74.125.200.0-255,5738,312466,70,405569
9931,0.033389,172.31.40.0-255,66,312532,70,405569
9932,0.0357,74.125.200.0-255,5738,318270,70,405569
9933,0.035707,172.31.40.0-255,66,318336,70,405569
9934,0.038043,74.125.200.0-255,5738,324074,70,405569
9935,0.038049,172.31.40.0-255,66,324140,70,405569
9936,0.040364,74.125.200.0-255,5738,329878,70,405569
9937,0.04037,172.31.40.0-255,66,329944,70,405569
9938,0.042687,74.125.200.0-255,5738,335682,70,405569
9939,0.042694,172.31.40.0-255,66,335748,70,405569
9940,0.045007,74.125.200.0-255,5738,341486,70,405569
9941,0.045015,172.31.40.0-255,66,341552,70,405569
9942,0.047329,74.125.200.0-255,5738,347290,70,405569
9943,0.047336,172.31.40.0-255,66,347356,70,405569
9944,0.049644,74.125.200.0-255,4320,351676,70,405569
9945,0.04965,172.31.40.0-255,66,351742,70,405569
9946,0.049677,74.125.200.0-255,1484,353226,70,405569
9947,0.051963,74.125.200.0-255,4320,357546,70,405569
9948,0.051968,172.31.40.0-255,66,357612,70,405569
9949,0.054289,74.125.200.0-255,5738,363350,70,405569
9950,0.054346,172.31.40.0-255,66,363416,70,405569
9951,0.056647,74.125.200.0-255,5738,369154,70,405569
9952,0.056654,172.31.40.0-255,66,369220,70,405569
9953,0.05896,74.125.200.0-255,4320,373540,70,405569
9954,0.058968,172.31.40.0-255,66,373606,70,405569
9955,0.058997,74.125.200.0-255,1484,375090,70,405569
9956,0.061268,74.125.200.0-255,4320,379410,70,405569
9957,0.061275,172.31.40.0-255,66,379476,70,405569
9958,0.063593,74.125.200.0-255,5738,385214,70,405569
9959,0.063646,172.31.40.0-255,66,385280,70,405569
9960,0.065957,74.125.200.0-255,5738,391018,70,405569
9961,0.065965,172.31.40.0-255,66,391084,70,405569
9962,0.068284,74.125.200.0-255,5738,396822,70,405569
9963,0.068291,172.31.40.0-255,66,396888,70,405569
9964,0.070614,74.125.200.0-255,5738,402626,70,405569
9965,0.07062,172.31.40.0-255,66,402692,70,405569
9966,0.072923,74.125.200.0-255,2640,405332,70,405569
9967,0.07293,172.31.40.0-255,66,405398,70,405569
9968,0.073656,172.31.40.0-255,105,405503,70,405569
9969,0.075968,74.125.200.0-255,66,405569,70,405569
9970,0.0,172.253.118.0-255,155,155,70,331198
9971,1.3e-05,172.31.40.0-255,66,221,70,331198
9972,2e-05,172.253.118.0-255,1484,1705,70,331198
9973,2.4e-05,172.31.40.0-255,66,1771,70,331198
9974,2.9e-05,172.253.118.0-255,2902,4673,70,331198
9975,3.3e-05,172.31.40.0-255,66,4739,70,331198
9976,4.7e-05,172.253.118.0-255,7156,11895,70,331198
9977,5e-05,172.31.40.0-255,66,11961,70,331198
9978,5.4e-05,172.253.118.0-255,2099,14060,70,331198
9979,5.6e-05,172.31.40.0-255,66,14126,70,331198
9980,0.000127,172.253.118.0-255,1484,15610,70,331198
9981,0.00013,172.31.40.0-255,66,15676,70,331198
9982,0.000139,172.253.118.0-255,2902,18578,70,331198
9983,0.000141,172.31.40.0-255,66,18644,70,331198
9984,0.000147,172.253.118.0-255,1484,20128,70,331198
9985,0.000149,172.31.40.0-255,66,20194,70,331198
9986,0.00018,172.253.118.0-255,4320,24514,70,331198
9987,0.000182,172.31.40.0-255,66,24580,70,331198
9988,0.000217,172.31.40.0-255,66,24646,70,331198
9989,0.000232,172.253.118.0-255,1484,26130,70,331198
9990,0.000237,172.31.40.0-255,66,26196,70,331198
9991,0.000276,172.253.118.0-255,9992,36188,70,331198
9992,0.000279,172.31.40.0-255,66,36254,70,331198
9993,0.000282,172.253.118.0-255,1125,37379,70,331198
9994,0.000283,172.31.40.0-255,66,37445,70,331198
9995,0.000327,172.31.40.0-255,66,37511,70,331198
9996,0.00036,172.253.118.0-255,2543,40054,70,331198
9997,0.000362,172.31.40.0-255,66,40120,70,331198
9998,0.000527,172.253.118.0-255,645,40765,70,331198
9999,0.000532,172.31.40.0-255,66,40831,70,331198
10000,0.000669,172.253.118.0-255,1484,42315,70,331198
10001,0.000675,172.253.118.0-255,2902,45217,70,331198
10002,0.000679,172.31.40.0-255,66,45283,70,331198
10003,0.000684,172.253.118.0-255,5738,51021,70,331198
10004,0.000686,172.31.40.0-255,66,51087,70,331198
10005,0.000704,172.253.118.0-255,5738,56825,70,331198
10006,0.000707,172.31.40.0-255,66,56891,70,331198
10007,0.000733,172.253.118.0-255,1125,58016,70,331198
10008,0.000739,172.253.118.0-255,4320,62336,70,331198
10009,0.000741,172.31.40.0-255,66,62402,70,331198
10010,0.000775,172.253.118.0-255,9992,72394,70,331198
10011,0.000778,172.31.40.0-255,66,72460,70,331198
10012,0.000801,172.253.118.0-255,2543,75003,70,331198
10013,0.000803,172.31.40.0-255,66,75069,70,331198
10014,0.000966,172.253.118.0-255,1484,76553,70,331198
10015,0.000972,172.253.118.0-255,2902,79455,70,331198
10016,0.000975,172.31.40.0-255,66,79521,70,331198
10017,0.000981,172.253.118.0-255,5738,85259,70,331198
10018,0.000982,172.31.40.0-255,66,85325,70,331198
10019,0.001009,172.253.118.0-255,5738,91063,70,331198
10020,0.001011,172.31.40.0-255,66,91129,70,331198
10021,0.00104,172.253.118.0-255,4320,95449,70,331198
10022,0.001042,172.31.40.0-255,66,95515,70,331198
10023,0.001073,172.31.40.0-255,66,95581,70,331198
10024,0.001672,172.253.118.0-255,1484,97065,70,331198
10025,0.001684,172.253.118.0-255,2902,99967,70,331198
10026,0.001687,172.31.40.0-255,66,100033,70,331198
10027,0.001701,172.253.118.0-255,4320,104353,70,331198
10028,0.001707,172.31.40.0-255,66,104419,70,331198
10029,0.001727,172.253.118.0-255,1484,105903,70,331198
10030,0.001738,172.31.40.0-255,66,105969,70,331198
10031,0.001762,172.253.118.0-255,2902,108871,70,331198
10032,0.001764,172.31.40.0-255,66,108937,70,331198
10033,0.001793,172.253.118.0-255,9274,118211,70,331198
10034,0.001795,172.31.40.0-255,66,118277,70,331198
10035,0.001826,172.253.118.0-255,4320,122597,70,331198
10036,0.001828,172.31.40.0-255,66,122663,70,331198
10037,0.001846,172.253.118.0-255,4320,126983,70,331198
10038,0.001848,172.31.40.0-255,66,127049,70,331198
10039,0.00192,172.31.40.0-255,66,127115,70,331198
10040,0.00198,172.253.118.0-255,2184,129299,70,331198
10041,0.001983,172.31.40.0-255,66,129365,70,331198
10042,0.002076,172.253.118.0-255,1484,130849,70,331198
10043,0.002088,172.253.118.0-255,2902,133751,70,331198
10044,0.00209,172.31.40.0-255,66,133817,70,331198
10045,0.002095,172.253.118.0-255,2902,136719,70,331198
10046,0.002096,172.31.40.0-255,66,136785,70,331198
10047,0.002119,172.253.118.0-255,2902,139687,70,331198
10048,0.002121,172.31.40.0-255,66,139753,70,331198
10049,0.002128,172.253.118.0-255,7156,146909,70,331198
10050,0.00213,172.31.40.0-255,66,146975,70,331198
10051,0.002155,172.253.118.0-255,5738,152713,70,331198
10052,0.00216,172.31.40.0-255,66,152779,70,331198
10053,0.002184,172.253.118.0-255,2902,155681,70,331198
10054,0.002187,172.31.40.0-255,66,155747,70,331198
10055,0.002213,172.253.118.0-255,4320,160067,70,331198
10056,0.002215,172.31.40.0-255,66,160133,70,331198
10057,0.002218,172.253.118.0-255,1484,161617,70,331198
10058,0.00224,172.253.118.0-255,2184,163801,70,331198
10059,0.002242,172.31.40.0-255,66,163867,70,331198
10060,0.004443,172.253.118.0-255,1484,165351,70,331198
10061,0.004496,172.253.118.0-255,4320,169671,70,331198
10062,0.004515,172.31.40.0-255,66,169737,70,331198
10063,0.006771,172.253.118.0-255,5738,175475,70,331198
10064,0.006776,172.31.40.0-255,66,175541,70,331198
10065,0.009031,172.253.118.0-255,5738,181279,70,331198
10066,0.009037,172.31.40.0-255,66,181345,70,331198
10067,0.011282,172.253.118.0-255,5738,187083,70,331198
10068,0.011289,172.31.40.0-255,66,187149,70,331198
10069,0.013562,172.253.118.0-255,5738,192887,70,331198
10070,0.013572,172.31.40.0-255,66,192953,70,331198
10071,0.015837,172.253.118.0-255,5738,198691,70,331198
10072,0.015847,172.31.40.0-255,66,198757,70,331198
10073,0.018101,172.253.118.0-255,5738,204495,70,331198
10074,0.01811,172.31.40.0-255,66,204561,70,331198
10075,0.020376,172.253.118.0-255,5738,210299,70,331198
10076,0.020387,172.31.40.0-255,66,210365,70,331198
10077,0.02268,172.253.118.0-255,5738,216103,70,331198
10078,0.022688,172.31.40.0-255,66,216169,70,331198
10079,0.024963,172.253.118.0-255,5738,221907,70,331198
10080,0.024972,172.31.40.0-255,66,221973,70,331198
10081,0.027204,172.31.40.0-255,172,222145,70,331198
10082,0.027227,172.253.118.0-255,5738,227883,70,331198
10083,0.027231,172.31.40.0-255,66,227949,70,331198
10084,0.027255,172.31.40.0-255,1116,229065,70,331198
10085,0.027365,172.31.40.0-255,1514,230579,70,331198
10086,0.027367,172.31.40.0-255,1514,232093,70,331198
10087,0.027368,172.31.40.0-255,846,232939,70,331198
10088,0.028785,104.244.42.0-255,66,233005,70,331198
10089,0.028828,104.244.42.0-255,66,233071,70,331198
10090,0.028923,104.244.42.0-255,66,233137,70,331198
10091,0.028929,104.244.42.0-255,66,233203,70,331198
10092,0.029492,172.253.118.0-255,5738,238941,70,331198
10093,0.029503,172.31.40.0-255,66,239007,70,331198
10094,0.031773,172.253.118.0-255,5738,244745,70,331198
10095,0.03178,172.31.40.0-255,66,244811,70,331198
10096,0.034043,172.253.118.0-255,5738,250549,70,331198
10097,0.034049,172.31.40.0-255,66,250615,70,331198
10098,0.036313,172.253.118.0-255,5738,256353,70,331198
10099,0.03632,172.31.40.0-255,66,256419,70,331198
10100,0.038596,172.253.118.0-255,5738,262157,70,331198
10101,0.038602,172.31.40.0-255,66,262223,70,331198
10102,0.040874,172.253.118.0-255,5738,267961,70,331198
10103,0.040883,172.31.40.0-255,66,268027,70,331198
10104,0.043144,172.253.118.0-255,5738,273765,70,331198
10105,0.043152,172.31.40.0-255,66,273831,70,331198
10106,0.045408,172.253.118.0-255,5738,279569,70,331198
10107,0.045413,172.31.40.0-255,66,279635,70,331198
10108,0.047689,172.253.118.0-255,5738,285373,70,331198
10109,0.047696,172.31.40.0-255,66,285439,70,331198
10110,0.050015,172.253.118.0-255,5738,291177,70,331198
10111,0.050021,172.31.40.0-255,66,291243,70,331198
10112,0.052307,172.253.118.0-255,5738,296981,70,331198
10113,0.052315,172.31.40.0-255,66,297047,70,331198
10114,0.054587,172.253.118.0-255,5738,302785,70,331198
10115,0.054594,172.31.40.0-255,66,302851,70,331198
10116,0.056876,172.253.118.0-255,5738,308589,70,331198
10117,0.056882,172.31.40.0-255,66,308655,70,331198
10118,0.059156,172.253.118.0-255,5738,314393,70,331198
10119,0.059163,172.31.40.0-255,66,314459,70,331198
10120,0.061431,172.253.118.0-255,5738,320197,70,331198
10121,0.061437,172.31.40.0-255,66,320263,70,331198
10122,0.063722,172.253.118.0-255,5738,326001,70,331198
10123,0.063728,172.31.40.0-255,66,326067,70,331198
10124,0.065996,172.253.118.0-255,4894,330961,70,331198
10125,0.066001,172.31.40.0-255,66,331027,70,331198
10126,0.066151,172.31.40.0-255,105,331132,70,331198
10127,0.06837,172.253.118.0-255,66,331198,70,331198
10128,0.0,172.217.194.0-255,213,213,70,279748
10129,1.9e-05,172.31.40.0-255,66,279,70,279748
10130,2.6e-05,172.217.194.0-255,1484,1763,70,279748
10131,3.1e-05,172.31.40.0-255,66,1829,70,279748
10132,4.4e-05,172.217.194.0-255,4320,6149,70,279748
10133,4.9e-05,172.31.40.0-255,66,6215,70,279748
10134,5.2e-05,172.217.194.0-255,1484,7699,70,279748
10135,5.4e-05,172.31.40.0-255,66,7765,70,279748
10136,8.7e-05,172.217.194.0-255,6111,13876,70,279748
10137,9e-05,172.31.40.0-255,66,13942,70,279748
10138,0.000104,172.31.40.0-255,66,14008,70,279748
10139,0.000108,172.217.194.0-255,2543,16551,70,279748
10140,0.00011,172.31.40.0-255,66,16617,70,279748
10141,0.000153,172.217.194.0-255,5738,22355,70,279748
10142,0.000155,172.31.40.0-255,66,22421,70,279748
10143,0.000183,172.217.194.0-255,2902,25323,70,279748
10144,0.000185,172.31.40.0-255,66,25389,70,279748
10145,0.000193,172.217.194.0-255,9992,35381,70,279748
10146,0.000195,172.31.40.0-255,66,35447,70,279748
10147,0.000198,172.217.194.0-255,1484,36931,70,279748
10148,0.0002,172.31.40.0-255,66,36997,70,279748
10149,0.000249,172.31.40.0-255,66,37063,70,279748
10150,0.000252,172.217.194.0-255,397,37460,70,279748
10151,0.000254,172.31.40.0-255,66,37526,70,279748
10152,0.000448,172.217.194.0-255,1484,39010,70,279748
10153,0.000453,172.31.40.0-255,66,39076,70,279748
10154,0.000459,172.217.194.0-255,2902,41978,70,279748
10155,0.000483,172.31.40.0-255,66,42044,70,279748
10156,0.000489,172.217.194.0-255,5738,47782,70,279748
10157,0.000492,172.31.40.0-255,66,47848,70,279748
10158,0.0005,172.217.194.0-255,8574,56422,70,279748
10159,0.000512,172.31.40.0-255,66,56488,70,279748
10160,0.000546,172.217.194.0-255,7156,63644,70,279748
10161,0.000549,172.31.40.0-255,66,63710,70,279748
10162,0.000585,172.217.194.0-255,7307,71017,70,279748
10163,0.000588,172.31.40.0-255,66,71083,70,279748
10164,0.00062,172.217.194.0-255,1484,72567,70,279748
10165,0.000647,172.217.194.0-255,2902,75469,70,279748
10166,0.000651,172.31.40.0-255,66,75535,70,279748
10167,0.000657,172.217.194.0-255,5738,81273,70,279748
10168,0.00066,172.31.40.0-255,66,81339,70,279748
10169,0.000671,172.217.194.0-255,5738,87077,70,279748
10170,0.000673,172.31.40.0-255,66,87143,70,279748
10171,0.000699,172.217.194.0-255,7156,94299,70,279748
10172,0.000702,172.31.40.0-255,66,94365,70,279748
10173,0.000711,172.217.194.0-255,10692,105057,70,279748
10174,0.000714,172.31.40.0-255,66,105123,70,279748
10175,0.000935,172.217.194.0-255,1484,106607,70,279748
10176,0.000941,172.217.194.0-255,2902,109509,70,279748
10177,0.000947,172.31.40.0-255,66,109575,70,279748
10178,0.000979,172.217.194.0-255,5738,115313,70,279748
10179,0.000982,172.31.40.0-255,66,115379,70,279748
10180,0.000991,172.217.194.0-255,9992,125371,70,279748
10181,0.000994,172.31.40.0-255,66,125437,70,279748
10182,0.00103,172.217.194.0-255,2902,128339,70,279748
10183,0.001034,172.31.40.0-255,66,128405,70,279748
10184,0.001044,172.217.194.0-255,10692,139097,70,279748
10185,0.001047,172.31.40.0-255,66,139163,70,279748
10186,0.001049,172.217.194.0-255,1484,140647,70,279748
10187,0.00108,172.217.194.0-255,2902,143549,70,279748
10188,0.001083,172.31.40.0-255,66,143615,70,279748
10189,0.00109,172.217.194.0-255,5738,149353,70,279748
10190,0.001093,172.31.40.0-255,66,149419,70,279748
10191,0.001141,172.217.194.0-255,9992,159411,70,279748
10192,0.001144,172.31.40.0-255,66,159477,70,279748
10193,0.001168,172.217.194.0-255,2902,162379,70,279748
10194,0.001171,172.31.40.0-255,66,162445,70,279748
10195,0.00118,172.217.194.0-255,10692,173137,70,279748
10196,0.001183,172.31.40.0-255,66,173203,70,279748
10197,0.001186,172.217.194.0-255,1484,174687,70,279748
10198,0.001191,172.217.194.0-255,2902,177589,70,279748
10199,0.001193,172.31.40.0-255,66,177655,70,279748
10200,0.001199,172.217.194.0-255,5738,183393,70,279748
10201,0.001201,172.31.40.0-255,66,183459,70,279748
10202,0.001207,172.217.194.0-255,5738,189197,70,279748
10203,0.00121,172.31.40.0-255,66,189263,70,279748
10204,0.001261,172.31.40.0-255,66,189329,70,279748
10205,0.001293,172.217.194.0-255,1484,190813,70,279748
10206,0.001299,172.217.194.0-255,5020,195833,70,279748
10207,0.001302,172.31.40.0-255,66,195899,70,279748
10208,0.001327,172.217.194.0-255,1484,197383,70,279748
10209,0.001333,172.217.194.0-255,2902,200285,70,279748
10210,0.001335,172.31.40.0-255,66,200351,70,279748
10211,0.00137,172.217.194.0-255,5738,206089,70,279748
10212,0.001373,172.31.40.0-255,66,206155,70,279748
10213,0.001379,172.217.194.0-255,5738,211893,70,279748
10214,0.001382,172.31.40.0-255,66,211959,70,279748
10215,0.001405,172.31.40.0-255,66,212025,70,279748
10216,0.001411,172.217.194.0-255,5020,217045,70,279748
10217,0.001413,172.31.40.0-255,66,217111,70,279748
10218,0.001418,172.217.194.0-255,2902,220013,70,279748
10219,0.00142,172.31.40.0-255,66,220079,70,279748
10220,0.001445,172.217.194.0-255,2902,222981,70,279748
10221,0.001448,172.31.40.0-255,66,223047,70,279748
10222,0.001462,172.31.40.0-255,66,223113,70,279748
10223,0.001469,172.217.194.0-255,5738,228851,70,279748
10224,0.001471,172.31.40.0-255,66,228917,70,279748
10225,0.0015,172.217.194.0-255,2902,231819,70,279748
10226,0.001503,172.31.40.0-255,66,231885,70,279748
10227,0.001542,172.31.40.0-255,66,231951,70,279748
10228,0.001578,172.217.194.0-255,7856,239807,70,279748
10229,0.00158,172.31.40.0-255,66,239873,70,279748
10230,0.001588,172.217.194.0-255,5738,245611,70,279748
10231,0.00159,172.31.40.0-255,66,245677,70,279748
10232,0.001625,172.217.194.0-255,10692,256369,70,279748
10233,0.001628,172.31.40.0-255,66,256435,70,279748
10234,0.001644,172.31.40.0-255,66,256501,70,279748
10235,0.001674,172.217.194.0-255,1484,257985,70,279748
10236,0.001683,172.217.194.0-255,8574,266559,70,279748
10237,0.001685,172.31.40.0-255,66,266625,70,279748
10238,0.001724,172.217.194.0-255,7156,273781,70,279748
10239,0.001727,172.31.40.0-255,66,273847,70,279748
10240,0.001764,172.31.40.0-255,66,273913,70,279748
10241,0.00178,172.31.40.0-255,66,273979,70,279748
10242,0.001783,172.217.194.0-255,105,274084,70,279748
10243,0.004498,172.31.40.0-255,66,274150,70,279748
10244,0.004534,172.31.40.0-255,105,274255,70,279748
10245,0.007247,172.217.194.0-255,66,274321,70,279748
10246,0.035163,172.31.40.0-255,172,274493,70,279748
10247,0.035197,172.31.40.0-255,1118,275611,70,279748
10248,0.035264,172.31.40.0-255,1514,277125,70,279748
10249,0.035266,172.31.40.0-255,1514,278639,70,279748
10250,0.035293,172.31.40.0-255,845,279484,70,279748
10251,0.036831,104.244.42.0-255,66,279550,70,279748
10252,0.036862,104.244.42.0-255,66,279616,70,279748
10253,0.036945,104.244.42.0-255,66,279682,70,279748
10254,0.036959,104.244.42.0-255,66,279748,70,279748
10255,0.0,172.217.194.0-255,153,153,70,358256
10256,1.6e-05,172.31.40.0-255,66,219,70,358256
10257,2.3e-05,172.217.194.0-255,1484,1703,70,358256
10258,2.7e-05,172.31.40.0-255,66,1769,70,358256
10259,4.1e-05,172.217.194.0-255,2902,4671,70,358256
10260,4.6e-05,172.31.40.0-255,66,4737,70,358256
10261,5.3e-05,172.217.194.0-255,7156,11893,70,358256
10262,5.6e-05,172.31.40.0-255,66,11959,70,358256
10263,0.0001,172.217.194.0-255,9153,21112,70,358256
10264,0.000103,172.31.40.0-255,66,21178,70,358256
10265,0.000112,172.217.194.0-255,9633,30811,70,358256
10266,0.000115,172.31.40.0-255,66,30877,70,358256
10267,0.000163,172.217.194.0-255,1484,32361,70,358256
10268,0.000166,172.31.40.0-255,66,32427,70,358256
10269,0.000171,172.217.194.0-255,2902,35329,70,358256
10270,0.000173,172.31.40.0-255,66,35395,70,358256
10271,0.000201,172.217.194.0-255,5738,41133,70,358256
10272,0.000204,172.31.40.0-255,66,41199,70,358256
10273,0.000207,172.217.194.0-255,1484,42683,70,358256
10274,0.000209,172.31.40.0-255,66,42749,70,358256
10275,0.000253,172.31.40.0-255,66,42815,70,358256
10276,0.000262,172.217.194.0-255,8574,51389,70,358256
10277,0.000265,172.31.40.0-255,66,51455,70,358256
10278,0.000269,172.217.194.0-255,2495,53950,70,358256
10279,0.000271,172.31.40.0-255,66,54016,70,358256
10280,0.001015,172.217.194.0-255,98,54114,70,358256
10281,0.001021,172.31.40.0-255,66,54180,70,358256
10282,0.001046,172.217.194.0-255,1484,55664,70,358256
10283,0.001048,172.31.40.0-255,66,55730,70,358256
10284,0.001055,172.217.194.0-255,2902,58632,70,358256
10285,0.001057,172.31.40.0-255,66,58698,70,358256
10286,0.001087,172.217.194.0-255,7156,65854,70,358256
10287,0.00109,172.31.40.0-255,66,65920,70,358256
10288,0.001096,172.217.194.0-255,4320,70240,70,358256
10289,0.001098,172.31.40.0-255,66,70306,70,358256
10290,0.001123,172.217.194.0-255,1484,71790,70,358256
10291,0.001149,172.31.40.0-255,66,71856,70,358256
10292,0.001156,172.217.194.0-255,5020,76876,70,358256
10293,0.001159,172.31.40.0-255,66,76942,70,358256
10294,0.003183,172.217.194.0-255,5738,82680,70,358256
10295,0.00319,172.31.40.0-255,66,82746,70,358256
10296,0.005199,172.217.194.0-255,4320,87066,70,358256
10297,0.005204,172.31.40.0-255,66,87132,70,358256
10298,0.005252,172.217.194.0-255,1484,88616,70,358256
10299,0.0072,172.217.194.0-255,4320,92936,70,358256
10300,0.007207,172.31.40.0-255,66,93002,70,358256
10301,0.00924,172.217.194.0-255,5738,98740,70,358256
10302,0.009247,172.31.40.0-255,66,98806,70,358256
10303,0.011218,172.217.194.0-255,5738,104544,70,358256
10304,0.011227,172.31.40.0-255,66,104610,70,358256
10305,0.013235,172.217.194.0-255,5738,110348,70,358256
10306,0.013242,172.31.40.0-255,66,110414,70,358256
10307,0.015276,172.217.194.0-255,5738,116152,70,358256
10308,0.015284,172.31.40.0-255,66,116218,70,358256
10309,0.017324,172.217.194.0-255,4320,120538,70,358256
10310,0.017333,172.31.40.0-255,66,120604,70,358256
10311,0.017361,172.217.194.0-255,1484,122088,70,358256
10312,0.019346,172.217.194.0-255,4320,126408,70,358256
10313,0.019354,172.31.40.0-255,66,126474,70,358256
10314,0.021394,172.217.194.0-255,5738,132212,70,358256
10315,0.021401,172.31.40.0-255,66,132278,70,358256
10316,0.023465,172.217.194.0-255,5738,138016,70,358256
10317,0.02347,172.31.40.0-255,66,138082,70,358256
10318,0.024087,172.31.40.0-255,172,138254,70,358256
10319,0.024114,172.31.40.0-255,1116,139370,70,358256
10320,0.024166,172.31.40.0-255,1514,140884,70,358256
10321,0.024167,172.31.40.0-255,1514,142398,70,358256
10322,0.02419,172.31.40.0-255,846,143244,70,358256
10323,0.025445,172.217.194.0-255,5738,148982,70,358256
10324,0.025453,172.31.40.0-255,66,149048,70,358256
10325,0.025646,104.244.42.0-255,66,149114,70,358256
10326,0.025694,104.244.42.0-255,66,149180,70,358256
10327,0.025748,104.244.42.0-255,66,149246,70,358256
10328,0.025754,104.244.42.0-255,66,149312,70,358256
10329,0.027481,172.217.194.0-255,5738,155050,70,358256
10330,0.027488,172.31.40.0-255,66,155116,70,358256
10331,0.029525,172.217.194.0-255,5738,160854,70,358256
10332,0.029532,172.31.40.0-255,66,160920,70,358256
10333,0.031587,172.217.194.0-255,5738,166658,70,358256
10334,0.031595,172.31.40.0-255,66,166724,70,358256
10335,0.033671,172.217.194.0-255,5738,172462,70,358256
10336,0.033678,172.31.40.0-255,66,172528,70,358256
10337,0.035754,172.217.194.0-255,5738,178266,70,358256
10338,0.035761,172.31.40.0-255,66,178332,70,358256
10339,0.037768,172.217.194.0-255,5738,184070,70,358256
10340,0.037775,172.31.40.0-255,66,184136,70,358256
10341,0.039828,172.217.194.0-255,5738,189874,70,358256
10342,0.039835,172.31.40.0-255,66,189940,70,358256
10343,0.041879,172.217.194.0-255,5738,195678,70,358256
10344,0.041886,172.31.40.0-255,66,195744,70,358256
10345,0.04388,172.217.194.0-255,5738,201482,70,358256
10346,0.043887,172.31.40.0-255,66,201548,70,358256
10347,0.045943,172.217.194.0-255,5738,207286,70,358256
10348,0.04595,172.31.40.0-255,66,207352,70,358256
10349,0.047983,172.217.194.0-255,5738,213090,70,358256
10350,0.04799,172.31.40.0-255,66,213156,70,358256
10351,0.049977,172.217.194.0-255,5738,218894,70,358256
10352,0.049982,172.31.40.0-255,66,218960,70,358256
10353,0.052059,172.217.194.0-255,5738,224698,70,358256
10354,0.052065,172.31.40.0-255,66,224764,70,358256
10355,0.054091,172.217.194.0-255,5738,230502,70,358256
10356,0.054098,172.31.40.0-255,66,230568,70,358256
10357,0.056152,172.217.194.0-255,5738,236306,70,358256
10358,0.056158,172.31.40.0-255,66,236372,70,358256
10359,0.058185,172.217.194.0-255,5738,242110,70,358256
10360,0.058195,172.31.40.0-255,66,242176,70,358256
10361,0.060212,172.217.194.0-255,5738,247914,70,358256
10362,0.060219,172.31.40.0-255,66,247980,70,358256
10363,0.062224,172.217.194.0-255,5738,253718,70,358256
10364,0.062231,172.31.40.0-255,66,253784,70,358256
10365,0.064234,172.217.194.0-255,5738,259522,70,358256
10366,0.064241,172.31.40.0-255,66,259588,70,358256
10367,0.066256,172.217.194.0-255,5738,265326,70,358256
10368,0.066263,172.31.40.0-255,66,265392,70,358256
10369,0.068247,172.217.194.0-255,5738,271130,70,358256
10370,0.068254,172.31.40.0-255,66,271196,70,358256
10371,0.070233,172.217.194.0-255,5738,276934,70,358256
10372,0.070239,172.31.40.0-255,66,277000,70,358256
10373,0.072261,172.217.194.0-255,5738,282738,70,358256
10374,0.072268,172.31.40.0-255,66,282804,70,358256
10375,0.074264,172.217.194.0-255,5738,288542,70,358256
10376,0.07427,172.31.40.0-255,66,288608,70,358256
10377,0.076333,172.217.194.0-255,5738,294346,70,358256
10378,0.07634,172.31.40.0-255,66,294412,70,358256
10379,0.078356,172.217.194.0-255,5738,300150,70,358256
10380,0.078363,172.31.40.0-255,66,300216,70,358256
10381,0.080458,172.217.194.0-255,5738,305954,70,358256
10382,0.080465,172.31.40.0-255,66,306020,70,358256
10383,0.082448,172.217.194.0-255,5738,311758,70,358256
10384,0.082455,172.31.40.0-255,66,311824,70,358256
10385,0.084483,172.217.194.0-255,5738,317562,70,358256
10386,0.08449,172.31.40.0-255,66,317628,70,358256
10387,0.086491,172.217.194.0-255,5738,323366,70,358256
10388,0.086497,172.31.40.0-255,66,323432,70,358256
10389,0.088543,172.217.194.0-255,5738,329170,70,358256
10390,0.088549,172.31.40.0-255,66,329236,70,358256
10391,0.090554,172.217.194.0-255,5738,334974,70,358256
10392,0.090561,172.31.40.0-255,66,335040,70,358256
10393,0.092536,172.217.194.0-255,5738,340778,70,358256
10394,0.092543,172.31.40.0-255,66,340844,70,358256
10395,0.094558,172.217.194.0-255,5738,346582,70,358256
10396,0.094564,172.31.40.0-255,66,346648,70,358256
10397,0.09659,172.217.194.0-255,5738,352386,70,358256
10398,0.096597,172.31.40.0-255,66,352452,70,358256
10399,0.098585,172.217.194.0-255,5738,358190,70,358256
10400,0.098592,172.31.40.0-255,66,358256,70,358256
10401,0.0,74.125.68.0-255,146,146,70,406378
10402,1.7e-05,172.31.40.0-255,66,212,70,406378
10403,4.1e-05,74.125.68.0-255,1484,1696,70,406378
10404,4.5e-05,172.31.40.0-255,66,1762,70,406378
10405,5.1e-05,74.125.68.0-255,2902,4664,70,406378
10406,5.4e-05,172.31.40.0-255,66,4730,70,406378
10407,7.6e-05,74.125.68.0-255,5738,10468,70,406378
10408,7.9e-05,172.31.40.0-255,66,10534,70,406378
10409,9.6e-05,74.125.68.0-255,1484,12018,70,406378
10410,9.8e-05,172.31.40.0-255,66,12084,70,406378
10411,0.000103,74.125.68.0-255,2064,14148,70,406378
10412,0.000105,172.31.40.0-255,66,14214,70,406378
10413,0.000136,74.125.68.0-255,1484,15698,70,406378
10414,0.000139,172.31.40.0-255,66,15764,70,406378
10415,0.000159,74.125.68.0-255,2902,18666,70,406378
10416,0.000162,172.31.40.0-255,66,18732,70,406378
10417,0.000169,74.125.68.0-255,5738,24470,70,406378
10418,0.000171,172.31.40.0-255,66,24536,70,406378
10419,0.000203,74.125.68.0-255,6797,31333,70,406378
10420,0.000205,172.31.40.0-255,66,31399,70,406378
10421,0.000209,74.125.68.0-255,1484,32883,70,406378
10422,0.000211,172.31.40.0-255,66,32949,70,406378
10423,0.000228,74.125.68.0-255,2902,35851,70,406378
10424,0.000231,172.31.40.0-255,66,35917,70,406378
10425,0.000237,74.125.68.0-255,5738,41655,70,406378
10426,0.000239,172.31.40.0-255,66,41721,70,406378
10427,0.000272,74.125.68.0-255,4320,46041,70,406378
10428,0.000275,172.31.40.0-255,66,46107,70,406378
10429,0.000291,74.125.68.0-255,2543,48650,70,406378
10430,0.000293,172.31.40.0-255,66,48716,70,406378
10431,0.000316,74.125.68.0-255,1484,50200,70,406378
10432,0.000318,172.31.40.0-255,66,50266,70,406378
10433,0.000338,74.125.68.0-255,2902,53168,70,406378
10434,0.000358,74.125.68.0-255,2902,56070,70,406378
10435,0.000378,74.125.68.0-255,2902,58972,70,406378
10436,0.000382,74.125.68.0-255,2902,61874,70,406378
10437,0.000396,74.125.68.0-255,2902,64776,70,406378
10438,0.000408,74.125.68.0-255,1125,65901,70,406378
10439,0.000447,74.125.68.0-255,441,66342,70,406378
10440,0.000512,172.31.40.0-255,66,66408,70,406378
10441,0.000563,74.125.68.0-255,1484,67892,70,406378
10442,0.000594,74.125.68.0-255,2902,70794,70,406378
10443,0.000599,74.125.68.0-255,2902,73696,70,406378
10444,0.00062,74.125.68.0-255,2902,76598,70,406378
10445,0.000628,74.125.68.0-255,6797,83395,70,406378
10446,0.000648,74.125.68.0-255,4320,87715,70,406378
10447,0.000664,74.125.68.0-255,2902,90617,70,406378
10448,0.000681,74.125.68.0-255,4320,94937,70,406378
10449,0.000705,74.125.68.0-255,5379,100316,70,406378
10450,0.000707,74.125.68.0-255,332,100648,70,406378
10451,0.000862,172.31.40.0-255,66,100714,70,406378
10452,0.000886,74.125.68.0-255,1484,102198,70,406378
10453,0.000908,74.125.68.0-255,2902,105100,70,406378
10454,0.000911,74.125.68.0-255,1484,106584,70,406378
10455,0.000917,172.31.40.0-255,66,106650,70,406378
10456,0.00093,74.125.68.0-255,4320,110970,70,406378
10457,0.000933,74.125.68.0-255,1484,112454,70,406378
10458,0.000955,74.125.68.0-255,5738,118192,70,406378
10459,0.000968,172.31.40.0-255,66,118258,70,406378
10460,0.000986,74.125.68.0-255,5738,123996,70,406378
10461,0.001004,74.125.68.0-255,4320,128316,70,406378
10462,0.001014,172.31.40.0-255,66,128382,70,406378
10463,0.001024,74.125.68.0-255,1484,129866,70,406378
10464,0.001044,74.125.68.0-255,5020,134886,70,406378
10465,0.001053,172.31.40.0-255,66,134952,70,406378
10466,0.001108,74.125.68.0-255,1484,136436,70,406378
10467,0.001119,74.125.68.0-255,2902,139338,70,406378
10468,0.001135,74.125.68.0-255,1484,140822,70,406378
10469,0.001148,74.125.68.0-255,2902,143724,70,406378
10470,0.001151,74.125.68.0-255,1484,145208,70,406378
10471,0.001159,172.31.40.0-255,66,145274,70,406378
10472,0.001175,74.125.68.0-255,7156,152430,70,406378
10473,0.001219,74.125.68.0-255,7156,159586,70,406378
10474,0.001224,172.31.40.0-255,66,159652,70,406378
10475,0.001232,74.125.68.0-255,1484,161136,70,406378
10476,0.001237,74.125.68.0-255,4320,165456,70,406378
10477,0.001261,74.125.68.0-255,3602,169058,70,406378
10478,0.001267,172.31.40.0-255,66,169124,70,406378
10479,0.001287,74.125.68.0-255,7156,176280,70,406378
10480,0.001304,74.125.68.0-255,1484,177764,70,406378
10481,0.001308,172.31.40.0-255,66,177830,70,406378
10482,0.001332,74.125.68.0-255,9992,187822,70,406378
10483,0.001335,74.125.68.0-255,1484,189306,70,406378
10484,0.001343,172.31.40.0-255,66,189372,70,406378
10485,0.001359,74.125.68.0-255,8574,197946,70,406378
10486,0.001385,74.125.68.0-255,5020,202966,70,406378
10487,0.001391,172.31.40.0-255,66,203032,70,406378
10488,0.001399,74.125.68.0-255,1484,204516,70,406378
10489,0.001415,74.125.68.0-255,4320,208836,70,406378
10490,0.001441,74.125.68.0-255,7156,215992,70,406378
10491,0.001444,172.31.40.0-255,66,216058,70,406378
10492,0.001452,172.31.40.0-255,66,216124,70,406378
10493,0.00147,74.125.68.0-255,8574,224698,70,406378
10494,0.001489,74.125.68.0-255,2902,227600,70,406378
10495,0.001492,172.31.40.0-255,66,227666,70,406378
10496,0.001505,74.125.68.0-255,8574,236240,70,406378
10497,0.001509,172.31.40.0-255,66,236306,70,406378
10498,0.001516,74.125.68.0-255,766,237072,70,406378
10499,0.001593,74.125.68.0-255,1484,238556,70,406378
10500,0.001605,74.125.68.0-255,2902,241458,70,406378
10501,0.001611,172.31.40.0-255,66,241524,70,406378
10502,0.001631,74.125.68.0-255,4320,245844,70,406378
10503,0.001652,74.125.68.0-255,5738,251582,70,406378
10504,0.001659,172.31.40.0-255,66,251648,70,406378
10505,0.001694,74.125.68.0-255,2902,254550,70,406378
10506,0.001701,74.125.68.0-255,5738,260288,70,406378
10507,0.001708,74.125.68.0-255,7156,267444,70,406378
10508,0.001713,74.125.68.0-255,3602,271046,70,406378
10509,0.001718,172.31.40.0-255,66,271112,70,406378
10510,0.001733,74.125.68.0-255,1484,272596,70,406378
10511,0.001751,74.125.68.0-255,2902,275498,70,406378
10512,0.001767,74.125.68.0-255,1484,276982,70,406378
10513,0.001782,74.125.68.0-255,4320,281302,70,406378
10514,0.001784,74.125.68.0-255,1484,282786,70,406378
10515,0.001787,172.31.40.0-255,66,282852,70,406378
10516,0.001799,74.125.68.0-255,4320,287172,70,406378
10517,0.001804,74.125.68.0-255,2902,290074,70,406378
10518,0.001808,172.31.40.0-255,66,290140,70,406378
10519,0.001819,74.125.68.0-255,4320,294460,70,406378
10520,0.001836,74.125.68.0-255,2902,297362,70,406378
10521,0.001845,172.31.40.0-255,66,297428,70,406378
10522,0.001869,74.125.68.0-255,7856,305284,70,406378
10523,0.001875,172.31.40.0-255,66,305350,70,406378
10524,0.001919,74.125.68.0-255,1484,306834,70,406378
10525,0.001934,74.125.68.0-255,1484,308318,70,406378
10526,0.001948,74.125.68.0-255,2902,311220,70,406378
10527,0.001954,172.31.40.0-255,66,311286,70,406378
10528,0.001965,74.125.68.0-255,1484,312770,70,406378
10529,0.001984,74.125.68.0-255,4320,317090,70,406378
10530,0.001989,74.125.68.0-255,2902,319992,70,406378
10531,0.001993,74.125.68.0-255,2902,322894,70,406378
10532,0.002001,172.31.40.0-255,66,322960,70,406378
10533,0.002012,74.125.68.0-255,1484,324444,70,406378
10534,0.002015,74.125.68.0-255,1484,325928,70,406378
10535,0.002019,172.31.40.0-255,66,325994,70,406378
10536,0.002043,74.125.68.0-255,7156,333150,70,406378
10537,0.00205,74.125.68.0-255,6438,339588,70,406378
10538,0.002074,172.31.40.0-255,66,339654,70,406378
10539,0.002131,74.125.68.0-255,1484,341138,70,406378
10540,0.002136,74.125.68.0-255,1484,342622,70,406378
10541,0.002185,172.31.40.0-255,66,342688,70,406378
10542,0.004192,74.125.68.0-255,2902,345590,70,406378
10543,0.004198,172.31.40.0-255,66,345656,70,406378
10544,0.004299,74.125.68.0-255,2902,348558,70,406378
10545,0.004318,172.31.40.0-255,66,348624,70,406378
10546,0.006323,74.125.68.0-255,2902,351526,70,406378
10547,0.006332,172.31.40.0-255,66,351592,70,406378
10548,0.006438,74.125.68.0-255,2902,354494,70,406378
10549,0.006441,172.31.40.0-255,66,354560,70,406378
10550,0.008447,74.125.68.0-255,2902,357462,70,406378
10551,0.008449,172.31.40.0-255,66,357528,70,406378
10552,0.008546,74.125.68.0-255,2902,360430,70,406378
10553,0.008548,172.31.40.0-255,66,360496,70,406378
10554,0.01057,74.125.68.0-255,2902,363398,70,406378
10555,0.010576,172.31.40.0-255,66,363464,70,406378
10556,0.01066,74.125.68.0-255,2902,366366,70,406378
10557,0.010663,172.31.40.0-255,66,366432,70,406378
10558,0.012703,74.125.68.0-255,2902,369334,70,406378
10559,0.01271,172.31.40.0-255,66,369400,70,406378
10560,0.012774,74.125.68.0-255,2902,372302,70,406378
10561,0.012778,172.31.40.0-255,66,372368,70,406378
10562,0.014839,74.125.68.0-255,2902,375270,70,406378
10563,0.014846,172.31.40.0-255,66,375336,70,406378
10564,0.014872,74.125.68.0-255,1484,376820,70,406378
10565,0.014883,74.125.68.0-255,1484,378304,70,406378
10566,0.014885,172.31.40.0-255,66,378370,70,406378
10567,0.016975,74.125.68.0-255,2902,381272,70,406378
10568,0.016984,172.31.40.0-255,66,381338,70,406378
10569,0.017007,74.125.68.0-255,2902,384240,70,406378
10570,0.01701,172.31.40.0-255,66,384306,70,406378
10571,0.019115,74.125.68.0-255,2902,387208,70,406378
10572,0.019123,172.31.40.0-255,66,387274,70,406378
10573,0.019153,74.125.68.0-255,2902,390176,70,406378
10574,0.019156,172.31.40.0-255,66,390242,70,406378
10575,0.021255,74.125.68.0-255,2902,393144,70,406378
10576,0.021262,172.31.40.0-255,66,393210,70,406378
10577,0.021297,74.125.68.0-255,2902,396112,70,406378
10578,0.0213,172.31.40.0-255,66,396178,70,406378
10579,0.023375,74.125.68.0-255,2902,399080,70,406378
10580,0.023382,172.31.40.0-255,66,399146,70,406378
10581,0.023403,74.125.68.0-255,1395,400541,70,406378
10582,0.02356,172.31.40.0-255,66,400607,70,406378
10583,0.023597,172.31.40.0-255,105,400712,70,406378
10584,0.025682,74.125.68.0-255,66,400778,70,406378
10585,0.03319,172.31.40.0-255,172,400950,70,406378
10586,0.033228,172.31.40.0-255,1116,402066,70,406378
10587,0.033288,172.31.40.0-255,1514,403580,70,406378
10588,0.03329,172.31.40.0-255,1514,405094,70,406378
10589,0.033291,172.31.40.0-255,846,405940,70,406378
10590,0.034855,104.244.42.0-255,66,406006,70,406378
10591,0.034888,104.244.42.0-255,66,406072,70,406378
10592,0.034989,104.244.42.0-255,66,406138,70,406378
10593,0.035003,104.244.42.0-255,66,406204,70,406378
10594,0.038392,104.244.42.0-255,108,406312,70,406378
10595,0.038406,172.31.40.0-255,66,406378,70,406378
10596,0.0,74.125.24.0-255,153,153,70,375514
10597,2.2e-05,172.31.40.0-255,66,219,70,375514
10598,2.9e-05,74.125.24.0-255,1484,1703,70,375514
10599,3.4e-05,172.31.40.0-255,66,1769,70,375514
10600,4e-05,74.125.24.0-255,2902,4671,70,375514
10601,4.3e-05,172.31.40.0-255,66,4737,70,375514
10602,5.1e-05,74.125.24.0-255,7156,11893,70,375514
10603,5.5e-05,172.31.40.0-255,66,11959,70,375514
10604,8.7e-05,74.125.24.0-255,2039,13998,70,375514
10605,9e-05,172.31.40.0-255,66,14064,70,375514
10606,0.000359,74.125.24.0-255,1484,15548,70,375514
10607,0.000364,172.31.40.0-255,66,15614,70,375514
10608,0.000371,74.125.24.0-255,2902,18516,70,375514
10609,0.000374,172.31.40.0-255,66,18582,70,375514
10610,0.00038,74.125.24.0-255,4320,22902,70,375514
10611,0.000382,172.31.40.0-255,66,22968,70,375514
10612,0.0004,74.125.24.0-255,1484,24452,70,375514
10613,0.000403,172.31.40.0-255,66,24518,70,375514
10614,0.000417,74.125.24.0-255,4320,28838,70,375514
10615,0.000419,172.31.40.0-255,66,28904,70,375514
10616,0.000442,74.125.24.0-255,9633,38537,70,375514
10617,0.000445,172.31.40.0-255,66,38603,70,375514
10618,0.000458,172.31.40.0-255,66,38669,70,375514
10619,0.000486,74.125.24.0-255,4320,42989,70,375514
10620,0.000488,172.31.40.0-255,66,43055,70,375514
10621,0.000513,172.31.40.0-255,66,43121,70,375514
10622,0.000548,74.125.24.0-255,6002,49123,70,375514
10623,0.000552,172.31.40.0-255,66,49189,70,375514
10624,0.000559,74.125.24.0-255,7156,56345,70,375514
10625,0.000561,172.31.40.0-255,66,56411,70,375514
10626,0.000587,74.125.24.0-255,1484,57895,70,375514
10627,0.000601,74.125.24.0-255,2543,60438,70,375514
10628,0.000604,172.31.40.0-255,66,60504,70,375514
10629,0.000619,74.125.24.0-255,2902,63406,70,375514
10630,0.000622,172.31.40.0-255,66,63472,70,375514
10631,0.000649,74.125.24.0-255,1484,64956,70,375514
10632,0.000656,74.125.24.0-255,5738,70694,70,375514
10633,0.000659,172.31.40.0-255,66,70760,70,375514
10634,0.000677,74.125.24.0-255,1484,72244,70,375514
10635,0.000697,74.125.24.0-255,5379,77623,70,375514
10636,0.000725,172.31.40.0-255,66,77689,70,375514
10637,0.001172,74.125.24.0-255,1484,79173,70,375514
10638,0.001178,74.125.24.0-255,2902,82075,70,375514
10639,0.001181,172.31.40.0-255,66,82141,70,375514
10640,0.001186,74.125.24.0-255,1484,83625,70,375514
10641,0.001205,74.125.24.0-255,4320,87945,70,375514
10642,0.001207,172.31.40.0-255,66,88011,70,375514
10643,0.001222,74.125.24.0-255,2902,90913,70,375514
10644,0.001225,172.31.40.0-255,66,90979,70,375514
10645,0.001246,74.125.24.0-255,9992,100971,70,375514
10646,0.001248,172.31.40.0-255,66,101037,70,375514
10647,0.001259,74.125.24.0-255,9992,111029,70,375514
10648,0.001261,172.31.40.0-255,66,111095,70,375514
10649,0.001283,74.125.24.0-255,766,111861,70,375514
10650,0.001287,74.125.24.0-255,1484,113345,70,375514
10651,0.001289,172.31.40.0-255,66,113411,70,375514
10652,0.001293,74.125.24.0-255,2902,116313,70,375514
10653,0.001295,172.31.40.0-255,66,116379,70,375514
10654,0.001298,74.125.24.0-255,1484,117863,70,375514
10655,0.001316,74.125.24.0-255,4320,122183,70,375514
10656,0.001318,172.31.40.0-255,66,122249,70,375514
10657,0.001325,74.125.24.0-255,5738,127987,70,375514
10658,0.001327,172.31.40.0-255,66,128053,70,375514
10659,0.001347,74.125.24.0-255,7156,135209,70,375514
10660,0.00135,172.31.40.0-255,66,135275,70,375514
10661,0.001357,74.125.24.0-255,7156,142431,70,375514
10662,0.001359,172.31.40.0-255,66,142497,70,375514
10663,0.001384,74.125.24.0-255,2902,145399,70,375514
10664,0.001388,74.125.24.0-255,3602,149001,70,375514
10665,0.001392,74.125.24.0-255,2902,151903,70,375514
10666,0.001396,172.31.40.0-255,66,151969,70,375514
10667,0.001399,172.31.40.0-255,66,152035,70,375514
10668,0.001405,172.31.40.0-255,66,152101,70,375514
10669,0.001409,74.125.24.0-255,1484,153585,70,375514
10670,0.001416,74.125.24.0-255,5738,159323,70,375514
10671,0.001419,172.31.40.0-255,66,159389,70,375514
10672,0.001435,74.125.24.0-255,4320,163709,70,375514
10673,0.001438,172.31.40.0-255,66,163775,70,375514
10674,0.001468,74.125.24.0-255,8574,172349,70,375514
10675,0.001471,172.31.40.0-255,66,172415,70,375514
10676,0.001496,74.125.24.0-255,7856,180271,70,375514
10677,0.001499,172.31.40.0-255,66,180337,70,375514
10678,0.003553,74.125.24.0-255,5738,186075,70,375514
10679,0.00356,172.31.40.0-255,66,186141,70,375514
10680,0.005618,74.125.24.0-255,5738,191879,70,375514
10681,0.005622,172.31.40.0-255,66,191945,70,375514
10682,0.007685,74.125.24.0-255,5738,197683,70,375514
10683,0.007692,172.31.40.0-255,66,197749,70,375514
10684,0.009744,74.125.24.0-255,5738,203487,70,375514
10685,0.009752,172.31.40.0-255,66,203553,70,375514
10686,0.011807,74.125.24.0-255,5738,209291,70,375514
10687,0.011816,172.31.40.0-255,66,209357,70,375514
10688,0.013872,74.125.24.0-255,5738,215095,70,375514
10689,0.013881,172.31.40.0-255,66,215161,70,375514
10690,0.015948,74.125.24.0-255,5738,220899,70,375514
10691,0.015959,172.31.40.0-255,66,220965,70,375514
10692,0.018024,74.125.24.0-255,5738,226703,70,375514
10693,0.018031,172.31.40.0-255,66,226769,70,375514
10694,0.020082,74.125.24.0-255,5738,232507,70,375514
10695,0.020089,172.31.40.0-255,66,232573,70,375514
10696,0.022152,74.125.24.0-255,4320,236893,70,375514
10697,0.02216,172.31.40.0-255,66,236959,70,375514
10698,0.022179,74.125.24.0-255,1484,238443,70,375514
10699,0.024238,74.125.24.0-255,4320,242763,70,375514
10700,0.024245,172.31.40.0-255,66,242829,70,375514
10701,0.026289,74.125.24.0-255,5738,248567,70,375514
10702,0.026296,172.31.40.0-255,66,248633,70,375514
10703,0.028366,74.125.24.0-255,5738,254371,70,375514
10704,0.028374,172.31.40.0-255,66,254437,70,375514
10705,0.03042,74.125.24.0-255,5738,260175,70,375514
10706,0.030429,172.31.40.0-255,66,260241,70,375514
10707,0.032531,74.125.24.0-255,5738,265979,70,375514
10708,0.032539,172.31.40.0-255,66,266045,70,375514
10709,0.034609,74.125.24.0-255,5738,271783,70,375514
10710,0.034617,172.31.40.0-255,66,271849,70,375514
10711,0.036672,74.125.24.0-255,5738,277587,70,375514
10712,0.03668,172.31.40.0-255,66,277653,70,375514
10713,0.038728,74.125.24.0-255,5738,283391,70,375514
10714,0.038738,172.31.40.0-255,66,283457,70,375514
10715,0.040801,74.125.24.0-255,5738,289195,70,375514
10716,0.040815,172.31.40.0-255,66,289261,70,375514
10717,0.042884,74.125.24.0-255,5738,294999,70,375514
10718,0.042897,172.31.40.0-255,66,295065,70,375514
10719,0.044964,74.125.24.0-255,5738,300803,70,375514
10720,0.044972,172.31.40.0-255,66,300869,70,375514
10721,0.045624,172.31.40.0-255,172,301041,70,375514
10722,0.045656,172.31.40.0-255,1118,302159,70,375514
10723,0.045715,172.31.40.0-255,1514,303673,70,375514
10724,0.045717,172.31.40.0-255,1514,305187,70,375514
10725,0.045721,172.31.40.0-255,1514,306701,70,375514
10726,0.045722,172.31.40.0-255,488,307189,70,375514
10727,0.047044,74.125.24.0-255,5738,312927,70,375514
10728,0.047051,172.31.40.0-255,66,312993,70,375514
10729,0.047182,104.244.42.0-255,66,313059,70,375514
10730,0.047229,104.244.42.0-255,66,313125,70,375514
10731,0.04728,104.244.42.0-255,66,313191,70,375514
10732,0.047286,104.244.42.0-255,66,313257,70,375514
10733,0.049125,74.125.24.0-255,5738,318995,70,375514
10734,0.049132,172.31.40.0-255,66,319061,70,375514
10735,0.051212,74.125.24.0-255,5738,324799,70,375514
10736,0.051219,172.31.40.0-255,66,324865,70,375514
10737,0.051705,172.31.40.0-255,101,324966,70,375514
10738,0.053275,74.125.24.0-255,5738,330704,70,375514
10739,0.053281,172.31.40.0-255,66,330770,70,375514
10740,0.05373,74.125.24.0-255,66,330836,70,375514
10741,0.055312,74.125.24.0-255,5738,336574,70,375514
10742,0.055318,172.31.40.0-255,66,336640,70,375514
10743,0.057367,74.125.24.0-255,5738,342378,70,375514
10744,0.057372,172.31.40.0-255,66,342444,70,375514
10745,0.059427,74.125.24.0-255,5738,348182,70,375514
10746,0.059434,172.31.40.0-255,66,348248,70,375514
10747,0.061495,74.125.24.0-255,5738,353986,70,375514
10748,0.061502,172.31.40.0-255,66,354052,70,375514
10749,0.063547,74.125.24.0-255,5738,359790,70,375514
10750,0.063554,172.31.40.0-255,66,359856,70,375514
10751,0.065635,74.125.24.0-255,5738,365594,70,375514
10752,0.065642,172.31.40.0-255,66,365660,70,375514
10753,0.067697,74.125.24.0-255,5738,371398,70,375514
10754,0.067703,172.31.40.0-255,66,371464,70,375514
10755,0.069757,74.125.24.0-255,3813,375277,70,375514
10756,0.069764,172.31.40.0-255,66,375343,70,375514
10757,0.06995,172.31.40.0-255,105,375448,70,375514
10758,0.077581,74.125.24.0-255,66,375514,70,375514
10759,0.0,74.125.200.0-255,150,150,70,387358
10760,2.1e-05,172.31.40.0-255,66,216,70,387358
10761,5.5e-05,74.125.200.0-255,1484,1700,70,387358
10762,6e-05,172.31.40.0-255,66,1766,70,387358
10763,6.5e-05,74.125.200.0-255,2902,4668,70,387358
10764,6.8e-05,172.31.40.0-255,66,4734,70,387358
10765,7.9e-05,74.125.200.0-255,5738,10472,70,387358
10766,8.2e-05,172.31.40.0-255,66,10538,70,387358
10767,8.5e-05,74.125.200.0-255,1484,12022,70,387358
10768,8.8e-05,172.31.40.0-255,66,12088,70,387358
10769,0.000123,74.125.200.0-255,2103,14191,70,387358
10770,0.000125,172.31.40.0-255,66,14257,70,387358
10771,0.000195,74.125.200.0-255,1484,15741,70,387358
10772,0.0002,172.31.40.0-255,66,15807,70,387358
10773,0.000229,74.125.200.0-255,2902,18709,70,387358
10774,0.000232,172.31.40.0-255,66,18775,70,387358
10775,0.000239,74.125.200.0-255,5738,24513,70,387358
10776,0.000241,172.31.40.0-255,66,24579,70,387358
10777,0.000253,74.125.200.0-255,6797,31376,70,387358
10778,0.000255,172.31.40.0-255,66,31442,70,387358
10779,0.000476,74.125.200.0-255,1484,32926,70,387358
10780,0.000484,172.31.40.0-255,66,32992,70,387358
10781,0.000488,74.125.200.0-255,1484,34476,70,387358
10782,0.00049,172.31.40.0-255,66,34542,70,387358
10783,0.000494,74.125.200.0-255,1484,36026,70,387358
10784,0.000495,172.31.40.0-255,66,36092,70,387358
10785,0.000528,74.125.200.0-255,1484,37576,70,387358
10786,0.00053,172.31.40.0-255,66,37642,70,387358
10787,0.00054,74.125.200.0-255,5738,43380,70,387358
10788,0.000544,172.31.40.0-255,66,43446,70,387358
10789,0.00055,74.125.200.0-255,5379,48825,70,387358
10790,0.000552,172.31.40.0-255,66,48891,70,387358
10791,0.000756,74.125.200.0-255,1484,50375,70,387358
10792,0.000763,74.125.200.0-255,2902,53277,70,387358
10793,0.000768,172.31.40.0-255,66,53343,70,387358
10794,0.000796,74.125.200.0-255,5738,59081,70,387358
10795,0.000799,172.31.40.0-255,66,59147,70,387358
10796,0.000803,74.125.200.0-255,2902,62049,70,387358
10797,0.000805,172.31.40.0-255,66,62115,70,387358
10798,0.000831,74.125.200.0-255,3961,66076,70,387358
10799,0.000834,172.31.40.0-255,66,66142,70,387358
10800,0.000841,74.125.200.0-255,358,66500,70,387358
10801,0.001079,74.125.200.0-255,134,66634,70,387358
10802,0.001334,74.125.200.0-255,1484,68118,70,387358
10803,0.001338,172.31.40.0-255,66,68184,70,387358
10804,0.001342,74.125.200.0-255,1484,69668,70,387358
10805,0.001377,74.125.200.0-255,2902,72570,70,387358
10806,0.001381,172.31.40.0-255,66,72636,70,387358
10807,0.001409,74.125.200.0-255,5738,78374,70,387358
10808,0.001412,172.31.40.0-255,66,78440,70,387358
10809,0.001491,74.125.200.0-255,2902,81342,70,387358
10810,0.001494,172.31.40.0-255,66,81408,70,387358
10811,0.001498,74.125.200.0-255,1484,82892,70,387358
10812,0.001538,74.125.200.0-255,1125,84017,70,387358
10813,0.001544,172.31.40.0-255,66,84083,70,387358
10814,0.001706,74.125.200.0-255,1484,85567,70,387358
10815,0.001727,74.125.200.0-255,2902,88469,70,387358
10816,0.001731,172.31.40.0-255,66,88535,70,387358
10817,0.001734,74.125.200.0-255,1484,90019,70,387358
10818,0.001762,74.125.200.0-255,2902,92921,70,387358
10819,0.001765,172.31.40.0-255,66,92987,70,387358
10820,0.00177,74.125.200.0-255,2902,95889,70,387358
10821,0.001772,172.31.40.0-255,66,95955,70,387358
10822,0.001794,74.125.200.0-255,2902,98857,70,387358
10823,0.001796,172.31.40.0-255,66,98923,70,387358
10824,0.001804,74.125.200.0-255,2543,101466,70,387358
10825,0.001806,172.31.40.0-255,66,101532,70,387358
10826,0.002021,74.125.200.0-255,1484,103016,70,387358
10827,0.002035,74.125.200.0-255,1484,104500,70,387358
10828,0.002038,172.31.40.0-255,66,104566,70,387358
10829,0.002057,74.125.200.0-255,2902,107468,70,387358
10830,0.002059,172.31.40.0-255,66,107534,70,387358
10831,0.002091,74.125.200.0-255,5738,113272,70,387358
10832,0.002094,172.31.40.0-255,66,113338,70,387358
10833,0.002097,74.125.200.0-255,1484,114822,70,387358
10834,0.002121,74.125.200.0-255,2902,117724,70,387358
10835,0.002124,172.31.40.0-255,66,117790,70,387358
10836,0.00213,74.125.200.0-255,4320,122110,70,387358
10837,0.002132,172.31.40.0-255,66,122176,70,387358
10838,0.002155,74.125.200.0-255,1484,123660,70,387358
10839,0.002165,74.125.200.0-255,5738,129398,70,387358
10840,0.002167,172.31.40.0-255,66,129464,70,387358
10841,0.00218,74.125.200.0-255,2902,132366,70,387358
10842,0.002182,172.31.40.0-255,66,132432,70,387358
10843,0.002209,74.125.200.0-255,3602,136034,70,387358
10844,0.002212,172.31.40.0-255,66,136100,70,387358
10845,0.004485,74.125.200.0-255,1484,137584,70,387358
10846,0.004504,74.125.200.0-255,1484,139068,70,387358
10847,0.00451,172.31.40.0-255,66,139134,70,387358
10848,0.004566,74.125.200.0-255,2902,142036,70,387358
10849,0.004568,172.31.40.0-255,66,142102,70,387358
10850,0.006819,74.125.200.0-255,2902,145004,70,387358
10851,0.006825,172.31.40.0-255,66,145070,70,387358
10852,0.006852,74.125.200.0-255,1484,146554,70,387358
10853,0.006869,74.125.200.0-255,1484,148038,70,387358
10854,0.006871,172.31.40.0-255,66,148104,70,387358
10855,0.009157,74.125.200.0-255,2902,151006,70,387358
10856,0.009164,172.31.40.0-255,66,151072,70,387358
10857,0.009197,74.125.200.0-255,2902,153974,70,387358
10858,0.009199,172.31.40.0-255,66,154040,70,387358
10859,0.011462,74.125.200.0-255,2902,156942,70,387358
10860,0.011471,172.31.40.0-255,66,157008,70,387358
10861,0.011505,74.125.200.0-255,2902,159910,70,387358
10862,0.011508,172.31.40.0-255,66,159976,70,387358
10863,0.01378,74.125.200.0-255,2902,162878,70,387358
10864,0.013789,172.31.40.0-255,66,162944,70,387358
10865,0.013818,74.125.200.0-255,2902,165846,70,387358
10866,0.013822,172.31.40.0-255,66,165912,70,387358
10867,0.016102,74.125.200.0-255,2902,168814,70,387358
10868,0.016111,172.31.40.0-255,66,168880,70,387358
10869,0.016146,74.125.200.0-255,2902,171782,70,387358
10870,0.016148,172.31.40.0-255,66,171848,70,387358
10871,0.01842,74.125.200.0-255,2902,174750,70,387358
10872,0.01843,172.31.40.0-255,66,174816,70,387358
10873,0.018462,74.125.200.0-255,2902,177718,70,387358
10874,0.018465,172.31.40.0-255,66,177784,70,387358
10875,0.020736,74.125.200.0-255,2902,180686,70,387358
10876,0.020744,172.31.40.0-255,66,180752,70,387358
10877,0.020777,74.125.200.0-255,2902,183654,70,387358
10878,0.020779,172.31.40.0-255,66,183720,70,387358
10879,0.023066,74.125.200.0-255,2902,186622,70,387358
10880,0.023073,172.31.40.0-255,66,186688,70,387358
10881,0.023102,74.125.200.0-255,2902,189590,70,387358
10882,0.023105,172.31.40.0-255,66,189656,70,387358
10883,0.025386,74.125.200.0-255,2902,192558,70,387358
10884,0.025394,172.31.40.0-255,66,192624,70,387358
10885,0.025425,74.125.200.0-255,2902,195526,70,387358
10886,0.025427,172.31.40.0-255,66,195592,70,387358
10887,0.027688,74.125.200.0-255,2902,198494,70,387358
10888,0.027694,172.31.40.0-255,66,198560,70,387358
10889,0.027725,74.125.200.0-255,1484,200044,70,387358
10890,0.02774,74.125.200.0-255,1484,201528,70,387358
10891,0.027743,172.31.40.0-255,66,201594,70,387358
10892,0.029993,74.125.200.0-255,2902,204496,70,387358
10893,0.030001,172.31.40.0-255,66,204562,70,387358
10894,0.030062,74.125.200.0-255,2902,207464,70,387358
10895,0.030066,172.31.40.0-255,66,207530,70,387358
10896,0.032314,74.125.200.0-255,2902,210432,70,387358
10897,0.03232,172.31.40.0-255,66,210498,70,387358
10898,0.03235,74.125.200.0-255,2902,213400,70,387358
10899,0.032354,172.31.40.0-255,66,213466,70,387358
10900,0.033537,172.31.40.0-255,190,213656,70,387358
10901,0.033577,172.31.40.0-255,1116,214772,70,387358
10902,0.033642,172.31.40.0-255,1514,216286,70,387358
10903,0.033644,172.31.40.0-255,1514,217800,70,387358
10904,0.033645,172.31.40.0-255,846,218646,70,387358
10905,0.034632,74.125.200.0-255,2902,221548,70,387358
10906,0.034639,172.31.40.0-255,66,221614,70,387358
10907,0.03467,74.125.200.0-255,2902,224516,70,387358
10908,0.034673,172.31.40.0-255,66,224582,70,387358
10909,0.035084,104.244.42.0-255,66,224648,70,387358
10910,0.035162,104.244.42.0-255,66,224714,70,387358
10911,0.03525,104.244.42.0-255,66,224780,70,387358
10912,0.035263,104.244.42.0-255,66,224846,70,387358
10913,0.036992,74.125.200.0-255,5738,230584,70,387358
10914,0.036997,172.31.40.0-255,66,230650,70,387358
10915,0.039312,74.125.200.0-255,5738,236388,70,387358
10916,0.039318,172.31.40.0-255,66,236454,70,387358
10917,0.041619,74.125.200.0-255,5738,242192,70,387358
10918,0.041625,172.31.40.0-255,66,242258,70,387358
10919,0.043934,74.125.200.0-255,5738,247996,70,387358
10920,0.043941,172.31.40.0-255,66,248062,70,387358
10921,0.046285,74.125.200.0-255,5738,253800,70,387358
10922,0.046292,172.31.40.0-255,66,253866,70,387358
10923,0.048611,74.125.200.0-255,5738,259604,70,387358
10924,0.048617,172.31.40.0-255,66,259670,70,387358
10925,0.050934,74.125.200.0-255,5738,265408,70,387358
10926,0.05094,172.31.40.0-255,66,265474,70,387358
10927,0.053265,74.125.200.0-255,5738,271212,70,387358
10928,0.053271,172.31.40.0-255,66,271278,70,387358
10929,0.055588,74.125.200.0-255,5738,277016,70,387358
10930,0.055595,172.31.40.0-255,66,277082,70,387358
10931,0.057913,74.125.200.0-255,5738,282820,70,387358
10932,0.057919,172.31.40.0-255,66,282886,70,387358
10933,0.060225,74.125.200.0-255,5738,288624,70,387358
10934,0.060231,172.31.40.0-255,66,288690,70,387358
10935,0.062531,74.125.200.0-255,5738,294428,70,387358
10936,0.062536,172.31.40.0-255,66,294494,70,387358
10937,0.064851,74.125.200.0-255,5738,300232,70,387358
10938,0.064856,172.31.40.0-255,66,300298,70,387358
10939,0.067165,74.125.200.0-255,5738,306036,70,387358
10940,0.067173,172.31.40.0-255,66,306102,70,387358
10941,0.069504,74.125.200.0-255,5738,311840,70,387358
10942,0.069511,172.31.40.0-255,66,311906,70,387358
10943,0.071822,74.125.200.0-255,5738,317644,70,387358
10944,0.071828,172.31.40.0-255,66,317710,70,387358
10945,0.074152,74.125.200.0-255,5738,323448,70,387358
10946,0.074158,172.31.40.0-255,66,323514,70,387358
10947,0.076513,74.125.200.0-255,5738,329252,70,387358
10948,0.076519,172.31.40.0-255,66,329318,70,387358
10949,0.078867,74.125.200.0-255,5738,335056,70,387358
10950,0.078874,172.31.40.0-255,66,335122,70,387358
10951,0.081198,74.125.200.0-255,5738,340860,70,387358
10952,0.081205,172.31.40.0-255,66,340926,70,387358
10953,0.083513,74.125.200.0-255,5738,346664,70,387358
10954,0.083519,172.31.40.0-255,66,346730,70,387358
10955,0.085836,74.125.200.0-255,5738,352468,70,387358
10956,0.085843,172.31.40.0-255,66,352534,70,387358
10957,0.088151,74.125.200.0-255,5738,358272,70,387358
10958,0.088158,172.31.40.0-255,66,358338,70,387358
10959,0.090479,74.125.200.0-255,5738,364076,70,387358
10960,0.090486,172.31.40.0-255,66,364142,70,387358
10961,0.092788,74.125.200.0-255,5738,369880,70,387358
10962,0.092794,172.31.40.0-255,66,369946,70,387358
10963,0.095109,74.125.200.0-255,5738,375684,70,387358
10964,0.095116,172.31.40.0-255,66,375750,70,387358
10965,0.097431,74.125.200.0-255,5738,381488,70,387358
10966,0.097437,172.31.40.0-255,66,381554,70,387358
10967,0.099814,74.125.200.0-255,5738,387292,70,387358
10968,0.09982,172.31.40.0-255,66,387358,70,387358
10969,0.0,74.125.24.0-255,153,153,70,303615
10970,2.4e-05,172.31.40.0-255,66,219,70,303615
10971,3.1e-05,74.125.24.0-255,1484,1703,70,303615
10972,3.6e-05,172.31.40.0-255,66,1769,70,303615
10973,4.1e-05,74.125.24.0-255,2902,4671,70,303615
10974,5.2e-05,172.31.40.0-255,66,4737,70,303615
10975,5.5e-05,74.125.24.0-255,1484,6221,70,303615
10976,5.8e-05,172.31.40.0-255,66,6287,70,303615
10977,6.9e-05,74.125.24.0-255,9188,15475,70,303615
10978,7.1e-05,172.31.40.0-255,66,15541,70,303615
10979,0.000127,172.31.40.0-255,66,15607,70,303615
10980,0.00013,74.125.24.0-255,1125,16732,70,303615
10981,0.000132,172.31.40.0-255,66,16798,70,303615
10982,0.000174,74.125.24.0-255,1484,18282,70,303615
10983,0.000176,172.31.40.0-255,66,18348,70,303615
10984,0.00018,74.125.24.0-255,1484,19832,70,303615
10985,0.000182,172.31.40.0-255,66,19898,70,303615
10986,0.000188,74.125.24.0-255,4320,24218,70,303615
10987,0.00019,172.31.40.0-255,66,24284,70,303615
10988,0.000219,172.31.40.0-255,66,24350,70,303615
10989,0.000255,172.31.40.0-255,66,24416,70,303615
10990,0.000285,74.125.24.0-255,2820,27236,70,303615
10991,0.000288,172.31.40.0-255,66,27302,70,303615
10992,0.000437,74.125.24.0-255,127,27429,70,303615
10993,0.000442,172.31.40.0-255,66,27495,70,303615
10994,0.000446,74.125.24.0-255,348,27843,70,303615
10995,0.000449,172.31.40.0-255,66,27909,70,303615
10996,0.000859,74.125.24.0-255,1484,29393,70,303615
10997,0.000865,172.31.40.0-255,66,29459,70,303615
10998,0.00087,74.125.24.0-255,2902,32361,70,303615
10999,0.000873,172.31.40.0-255,66,32427,70,303615
11000,0.000903,74.125.24.0-255,5738,38165,70,303615
11001,0.000905,172.31.40.0-255,66,38231,70,303615
11002,0.00091,74.125.24.0-255,2902,41133,70,303615
11003,0.000913,172.31.40.0-255,66,41199,70,303615
11004,0.000924,74.125.24.0-255,9992,51191,70,303615
11005,0.000926,172.31.40.0-255,66,51257,70,303615
11006,0.000952,74.125.24.0-255,4320,55577,70,303615
11007,0.000955,172.31.40.0-255,66,55643,70,303615
11008,0.000963,74.125.24.0-255,5889,61532,70,303615
11009,0.000966,172.31.40.0-255,66,61598,70,303615
11010,0.001002,74.125.24.0-255,1484,63082,70,303615
11011,0.001019,74.125.24.0-255,1484,64566,70,303615
11012,0.001022,172.31.40.0-255,66,64632,70,303615
11013,0.001052,74.125.24.0-255,1484,66116,70,303615
11014,0.001058,74.125.24.0-255,5738,71854,70,303615
11015,0.001061,172.31.40.0-255,66,71920,70,303615
11016,0.00107,74.125.24.0-255,8574,80494,70,303615
11017,0.001077,172.31.40.0-255,66,80560,70,303615
11018,0.001111,74.125.24.0-255,2902,83462,70,303615
11019,0.001114,172.31.40.0-255,66,83528,70,303615
11020,0.001157,172.31.40.0-255,66,83594,70,303615
11021,0.001178,172.31.40.0-255,66,83660,70,303615
11022,0.001191,172.31.40.0-255,66,83726,70,303615
11023,0.001194,74.125.24.0-255,1484,85210,70,303615
11024,0.001231,74.125.24.0-255,5020,90230,70,303615
11025,0.001234,172.31.40.0-255,66,90296,70,303615
11026,0.001242,74.125.24.0-255,7156,97452,70,303615
11027,0.001244,172.31.40.0-255,66,97518,70,303615
11028,0.001249,74.125.24.0-255,2902,100420,70,303615
11029,0.001251,172.31.40.0-255,66,100486,70,303615
11030,0.001306,172.31.40.0-255,66,100552,70,303615
11031,0.001315,74.125.24.0-255,9992,110544,70,303615
11032,0.001318,172.31.40.0-255,66,110610,70,303615
11033,0.00132,74.125.24.0-255,766,111376,70,303615
11034,0.001917,74.125.24.0-255,1484,112860,70,303615
11035,0.001922,172.31.40.0-255,66,112926,70,303615
11036,0.001927,74.125.24.0-255,2902,115828,70,303615
11037,0.001929,172.31.40.0-255,66,115894,70,303615
11038,0.001935,74.125.24.0-255,4320,120214,70,303615
11039,0.001937,172.31.40.0-255,66,120280,70,303615
11040,0.001966,74.125.24.0-255,1484,121764,70,303615
11041,0.00198,172.31.40.0-255,66,121830,70,303615
11042,0.001985,74.125.24.0-255,4320,126150,70,303615
11043,0.001987,172.31.40.0-255,66,126216,70,303615
11044,0.002016,74.125.24.0-255,6438,132654,70,303615
11045,0.002018,172.31.40.0-255,66,132720,70,303615
11046,0.002255,74.125.24.0-255,1484,134204,70,303615
11047,0.002262,74.125.24.0-255,2902,137106,70,303615
11048,0.002265,172.31.40.0-255,66,137172,70,303615
11049,0.00227,74.125.24.0-255,2902,140074,70,303615
11050,0.002271,172.31.40.0-255,66,140140,70,303615
11051,0.002294,74.125.24.0-255,2902,143042,70,303615
11052,0.002296,172.31.40.0-255,66,143108,70,303615
11053,0.002314,74.125.24.0-255,8574,151682,70,303615
11054,0.002316,172.31.40.0-255,66,151748,70,303615
11055,0.004604,74.125.24.0-255,5738,157486,70,303615
11056,0.004611,172.31.40.0-255,66,157552,70,303615
11057,0.006894,74.125.24.0-255,5738,163290,70,303615
11058,0.006898,172.31.40.0-255,66,163356,70,303615
11059,0.009196,74.125.24.0-255,5738,169094,70,303615
11060,0.009202,172.31.40.0-255,66,169160,70,303615
11061,0.009815,172.31.40.0-255,101,169261,70,303615
11062,0.01148,74.125.24.0-255,5738,174999,70,303615
11063,0.011488,172.31.40.0-255,66,175065,70,303615
11064,0.01205,74.125.24.0-255,66,175131,70,303615
11065,0.013813,74.125.24.0-255,5738,180869,70,303615
11066,0.013821,172.31.40.0-255,66,180935,70,303615
11067,0.01612,74.125.24.0-255,5738,186673,70,303615
11068,0.016127,172.31.40.0-255,66,186739,70,303615
11069,0.018403,74.125.24.0-255,5738,192477,70,303615
11070,0.018414,172.31.40.0-255,66,192543,70,303615
11071,0.020709,74.125.24.0-255,5738,198281,70,303615
11072,0.020717,172.31.40.0-255,66,198347,70,303615
11073,0.02302,74.125.24.0-255,5738,204085,70,303615
11074,0.02303,172.31.40.0-255,66,204151,70,303615
11075,0.025295,74.125.24.0-255,5738,209889,70,303615
11076,0.025303,172.31.40.0-255,66,209955,70,303615
11077,0.027582,74.125.24.0-255,5738,215693,70,303615
11078,0.027591,172.31.40.0-255,66,215759,70,303615
11079,0.029888,74.125.24.0-255,5738,221497,70,303615
11080,0.029899,172.31.40.0-255,66,221563,70,303615
11081,0.032205,74.125.24.0-255,5738,227301,70,303615
11082,0.032214,172.31.40.0-255,66,227367,70,303615
11083,0.034494,74.125.24.0-255,5738,233105,70,303615
11084,0.034505,172.31.40.0-255,66,233171,70,303615
11085,0.036813,74.125.24.0-255,5738,238909,70,303615
11086,0.036821,172.31.40.0-255,66,238975,70,303615
11087,0.03911,74.125.24.0-255,5738,244713,70,303615
11088,0.039117,172.31.40.0-255,66,244779,70,303615
11089,0.041427,74.125.24.0-255,5738,250517,70,303615
11090,0.041439,172.31.40.0-255,66,250583,70,303615
11091,0.043744,74.125.24.0-255,5738,256321,70,303615
11092,0.043753,172.31.40.0-255,66,256387,70,303615
11093,0.046055,74.125.24.0-255,5738,262125,70,303615
11094,0.046067,172.31.40.0-255,66,262191,70,303615
11095,0.048366,74.125.24.0-255,5738,267929,70,303615
11096,0.048376,172.31.40.0-255,66,267995,70,303615
11097,0.050645,74.125.24.0-255,5738,273733,70,303615
11098,0.050655,172.31.40.0-255,66,273799,70,303615
11099,0.052961,74.125.24.0-255,5738,279537,70,303615
11100,0.052971,172.31.40.0-255,66,279603,70,303615
11101,0.055279,74.125.24.0-255,5738,285341,70,303615
11102,0.055287,172.31.40.0-255,66,285407,70,303615
11103,0.057584,74.125.24.0-255,5738,291145,70,303615
11104,0.057594,172.31.40.0-255,66,291211,70,303615
11105,0.059901,74.125.24.0-255,5738,296949,70,303615
11106,0.059912,172.31.40.0-255,66,297015,70,303615
11107,0.062167,74.125.24.0-255,1003,298018,70,303615
11108,0.06254,172.31.40.0-255,105,298123,70,303615
11109,0.066662,172.31.40.0-255,172,298295,70,303615
11110,0.066694,172.31.40.0-255,1116,299411,70,303615
11111,0.066775,172.31.40.0-255,1514,300925,70,303615
11112,0.066777,172.31.40.0-255,1514,302439,70,303615
11113,0.066803,172.31.40.0-255,846,303285,70,303615
11114,0.068215,104.244.42.0-255,66,303351,70,303615
11115,0.068226,104.244.42.0-255,66,303417,70,303615
11116,0.06834,104.244.42.0-255,66,303483,70,303615
11117,0.068346,104.244.42.0-255,66,303549,70,303615
11118,0.069841,74.125.24.0-255,66,303615,70,303615
11119,0.0,172.217.26.0-255,152,152,70,361361
11120,3.9e-05,172.31.40.0-255,66,218,70,361361
11121,4.7e-05,172.217.26.0-255,1484,1702,70,361361
11122,5.1e-05,172.31.40.0-255,66,1768,70,361361
11123,5.6e-05,172.217.26.0-255,2902,4670,70,361361
11124,5.8e-05,172.31.40.0-255,66,4736,70,361361
11125,6.3e-05,172.217.26.0-255,4320,9056,70,361361
11126,6.6e-05,172.31.40.0-255,66,9122,70,361361
11127,7.2e-05,172.217.26.0-255,4899,14021,70,361361
11128,7.5e-05,172.31.40.0-255,66,14087,70,361361
11129,0.000583,172.217.26.0-255,1484,15571,70,361361
11130,0.000589,172.31.40.0-255,66,15637,70,361361
11131,0.0006,172.217.26.0-255,2902,18539,70,361361
11132,0.000602,172.31.40.0-255,66,18605,70,361361
11133,0.000609,172.217.26.0-255,5738,24343,70,361361
11134,0.000611,172.31.40.0-255,66,24409,70,361361
11135,0.000616,172.217.26.0-255,4320,28729,70,361361
11136,0.000619,172.31.40.0-255,66,28795,70,361361
11137,0.00065,172.217.26.0-255,5379,34174,70,361361
11138,0.000653,172.31.40.0-255,66,34240,70,361361
11139,0.000667,172.217.26.0-255,4320,38560,70,361361
11140,0.000671,172.31.40.0-255,66,38626,70,361361
11141,0.000695,172.217.26.0-255,7156,45782,70,361361
11142,0.000699,172.31.40.0-255,66,45848,70,361361
11143,0.000716,172.217.26.0-255,2543,48391,70,361361
11144,0.000719,172.31.40.0-255,66,48457,70,361361
11145,0.00119,172.217.26.0-255,1484,49941,70,361361
11146,0.001197,172.31.40.0-255,66,50007,70,361361
11147,0.001203,172.217.26.0-255,2902,52909,70,361361
11148,0.001206,172.31.40.0-255,66,52975,70,361361
11149,0.001211,172.217.26.0-255,5738,58713,70,361361
11150,0.001213,172.31.40.0-255,66,58779,70,361361
11151,0.001218,172.217.26.0-255,2902,61681,70,361361
11152,0.00122,172.31.40.0-255,66,61747,70,361361
11153,0.001263,172.217.26.0-255,3961,65708,70,361361
11154,0.001265,172.31.40.0-255,66,65774,70,361361
11155,0.001268,172.217.26.0-255,396,66170,70,361361
11156,0.001887,172.217.26.0-255,347,66517,70,361361
11157,0.003152,172.217.26.0-255,2902,69419,70,361361
11158,0.00316,172.31.40.0-255,66,69485,70,361361
11159,0.005059,172.217.26.0-255,5738,75223,70,361361
11160,0.005066,172.31.40.0-255,66,75289,70,361361
11161,0.006965,172.217.26.0-255,5738,81027,70,361361
11162,0.006972,172.31.40.0-255,66,81093,70,361361
11163,0.008878,172.217.26.0-255,5738,86831,70,361361
11164,0.008885,172.31.40.0-255,66,86897,70,361361
11165,0.010783,172.217.26.0-255,5738,92635,70,361361
11166,0.01079,172.31.40.0-255,66,92701,70,361361
11167,0.012693,172.217.26.0-255,5738,98439,70,361361
11168,0.012702,172.31.40.0-255,66,98505,70,361361
11169,0.014606,172.217.26.0-255,5738,104243,70,361361
11170,0.014613,172.31.40.0-255,66,104309,70,361361
11171,0.016546,172.217.26.0-255,1484,105793,70,361361
11172,0.016583,172.217.26.0-255,4320,110113,70,361361
11173,0.016588,172.31.40.0-255,66,110179,70,361361
11174,0.018482,172.217.26.0-255,5738,115917,70,361361
11175,0.018489,172.31.40.0-255,66,115983,70,361361
11176,0.020468,172.217.26.0-255,5738,121721,70,361361
11177,0.020476,172.31.40.0-255,66,121787,70,361361
11178,0.020784,172.31.40.0-255,172,121959,70,361361
11179,0.020813,172.31.40.0-255,1116,123075,70,361361
11180,0.020851,172.31.40.0-255,1514,124589,70,361361
11181,0.020853,172.31.40.0-255,1514,126103,70,361361
11182,0.020876,172.31.40.0-255,846,126949,70,361361
11183,0.02233,104.244.42.0-255,66,127015,70,361361
11184,0.022373,172.217.26.0-255,5738,132753,70,361361
11185,0.022379,172.31.40.0-255,66,132819,70,361361
11186,0.022398,104.244.42.0-255,66,132885,70,361361
11187,0.022425,104.244.42.0-255,66,132951,70,361361
11188,0.02243,104.244.42.0-255,66,133017,70,361361
11189,0.023048,104.244.42.0-255,108,133125,70,361361
11190,0.023067,172.31.40.0-255,66,133191,70,361361
11191,0.02427,172.217.26.0-255,4320,137511,70,361361
11192,0.024274,172.31.40.0-255,66,137577,70,361361
11193,0.024304,172.217.26.0-255,1484,139061,70,361361
11194,0.026173,172.217.26.0-255,4320,143381,70,361361
11195,0.026179,172.31.40.0-255,66,143447,70,361361
11196,0.028075,172.217.26.0-255,5738,149185,70,361361
11197,0.028081,172.31.40.0-255,66,149251,70,361361
11198,0.029976,172.217.26.0-255,5738,154989,70,361361
11199,0.029982,172.31.40.0-255,66,155055,70,361361
11200,0.03188,172.217.26.0-255,5738,160793,70,361361
11201,0.031889,172.31.40.0-255,66,160859,70,361361
11202,0.034009,172.217.26.0-255,5738,166597,70,361361
11203,0.034015,172.31.40.0-255,66,166663,70,361361
11204,0.035904,172.217.26.0-255,5738,172401,70,361361
11205,0.035909,172.31.40.0-255,66,172467,70,361361
11206,0.037801,172.217.26.0-255,5738,178205,70,361361
11207,0.037807,172.31.40.0-255,66,178271,70,361361
11208,0.039697,172.217.26.0-255,5738,184009,70,361361
11209,0.039703,172.31.40.0-255,66,184075,70,361361
11210,0.041602,172.217.26.0-255,5738,189813,70,361361
11211,0.041607,172.31.40.0-255,66,189879,70,361361
11212,0.043497,172.217.26.0-255,5738,195617,70,361361
11213,0.043502,172.31.40.0-255,66,195683,70,361361
11214,0.0454,172.217.26.0-255,5738,201421,70,361361
11215,0.045406,172.31.40.0-255,66,201487,70,361361
11216,0.047303,172.217.26.0-255,5738,207225,70,361361
11217,0.047309,172.31.40.0-255,66,207291,70,361361
11218,0.049206,172.217.26.0-255,5738,213029,70,361361
11219,0.049212,172.31.40.0-255,66,213095,70,361361
11220,0.051107,172.217.26.0-255,5738,218833,70,361361
11221,0.051113,172.31.40.0-255,66,218899,70,361361
11222,0.053026,172.217.26.0-255,5738,224637,70,361361
11223,0.053034,172.31.40.0-255,66,224703,70,361361
11224,0.054927,172.217.26.0-255,5738,230441,70,361361
11225,0.054933,172.31.40.0-255,66,230507,70,361361
11226,0.056829,172.217.26.0-255,5738,236245,70,361361
11227,0.056834,172.31.40.0-255,66,236311,70,361361
11228,0.058745,172.217.26.0-255,5738,242049,70,361361
11229,0.058751,172.31.40.0-255,66,242115,70,361361
11230,0.060645,172.217.26.0-255,5738,247853,70,361361
11231,0.060652,172.31.40.0-255,66,247919,70,361361
11232,0.062583,172.217.26.0-255,5738,253657,70,361361
11233,0.06259,172.31.40.0-255,66,253723,70,361361
11234,0.064488,172.217.26.0-255,5738,259461,70,361361
11235,0.064494,172.31.40.0-255,66,259527,70,361361
11236,0.066384,172.217.26.0-255,5738,265265,70,361361
11237,0.06639,172.31.40.0-255,66,265331,70,361361
11238,0.068286,172.217.26.0-255,5738,271069,70,361361
11239,0.068291,172.31.40.0-255,66,271135,70,361361
11240,0.070192,172.217.26.0-255,5738,276873,70,361361
11241,0.070198,172.31.40.0-255,66,276939,70,361361
11242,0.072096,172.217.26.0-255,5738,282677,70,361361
11243,0.072102,172.31.40.0-255,66,282743,70,361361
11244,0.074005,172.217.26.0-255,5738,288481,70,361361
11245,0.074011,172.31.40.0-255,66,288547,70,361361
11246,0.075904,172.217.26.0-255,4320,292867,70,361361
11247,0.075909,172.31.40.0-255,66,292933,70,361361
11248,0.07594,172.217.26.0-255,1484,294417,70,361361
11249,0.077803,172.217.26.0-255,4320,298737,70,361361
11250,0.077808,172.31.40.0-255,66,298803,70,361361
11251,0.079701,172.217.26.0-255,5738,304541,70,361361
11252,0.079707,172.31.40.0-255,66,304607,70,361361
11253,0.081601,172.217.26.0-255,4320,308927,70,361361
11254,0.081606,172.31.40.0-255,66,308993,70,361361
11255,0.081636,172.217.26.0-255,1484,310477,70,361361
11256,0.083498,172.217.26.0-255,4320,314797,70,361361
11257,0.083503,172.31.40.0-255,66,314863,70,361361
11258,0.0854,172.217.26.0-255,5738,320601,70,361361
11259,0.085406,172.31.40.0-255,66,320667,70,361361
11260,0.087301,172.217.26.0-255,5738,326405,70,361361
11261,0.087307,172.31.40.0-255,66,326471,70,361361
11262,0.089199,172.217.26.0-255,5738,332209,70,361361
11263,0.089205,172.31.40.0-255,66,332275,70,361361
11264,0.091095,172.217.26.0-255,5738,338013,70,361361
11265,0.091101,172.31.40.0-255,66,338079,70,361361
11266,0.092996,172.217.26.0-255,5738,343817,70,361361
11267,0.093002,172.31.40.0-255,66,343883,70,361361
11268,0.094896,172.217.26.0-255,5738,349621,70,361361
11269,0.094906,172.31.40.0-255,66,349687,70,361361
11270,0.096802,172.217.26.0-255,5738,355425,70,361361
11271,0.096808,172.31.40.0-255,66,355491,70,361361
11272,0.098728,172.217.26.0-255,4320,359811,70,361361
11273,0.098734,172.31.40.0-255,66,359877,70,361361
11274,0.098766,172.217.26.0-255,1484,361361,70,361361
11275,0.0,142.250.4.0-255,291,291,70,282355
11276,1.8e-05,172.31.40.0-255,66,357,70,282355
11277,2.5e-05,142.250.4.0-255,1484,1841,70,282355
11278,2.9e-05,172.31.40.0-255,66,1907,70,282355
11279,6.6e-05,142.250.4.0-255,2902,4809,70,282355
11280,6.9e-05,172.31.40.0-255,66,4875,70,282355
11281,7.6e-05,142.250.4.0-255,5738,10613,70,282355
11282,7.9e-05,172.31.40.0-255,66,10679,70,282355
11283,8.3e-05,142.250.4.0-255,3277,13956,70,282355
11284,8.7e-05,172.31.40.0-255,66,14022,70,282355
11285,0.000127,172.31.40.0-255,66,14088,70,282355
11286,0.000138,142.250.4.0-255,5379,19467,70,282355
11287,0.00014,172.31.40.0-255,66,19533,70,282355
11288,0.000234,142.250.4.0-255,1484,21017,70,282355
11289,0.000237,172.31.40.0-255,66,21083,70,282355
11290,0.000242,142.250.4.0-255,2902,23985,70,282355
11291,0.000245,172.31.40.0-255,66,24051,70,282355
11292,0.000248,142.250.4.0-255,1484,25535,70,282355
11293,0.00025,172.31.40.0-255,66,25601,70,282355
11294,0.00027,142.250.4.0-255,4320,29921,70,282355
11295,0.000273,172.31.40.0-255,66,29987,70,282355
11296,0.000283,142.250.4.0-255,5738,35725,70,282355
11297,0.000286,172.31.40.0-255,66,35791,70,282355
11298,0.000341,172.31.40.0-255,66,35857,70,282355
11299,0.000346,142.250.4.0-255,4274,40131,70,282355
11300,0.000348,172.31.40.0-255,66,40197,70,282355
11301,0.000351,142.250.4.0-255,107,40304,70,282355
11302,0.000354,172.31.40.0-255,66,40370,70,282355
11303,0.000374,142.250.4.0-255,332,40702,70,282355
11304,0.000376,172.31.40.0-255,66,40768,70,282355
11305,0.000666,142.250.4.0-255,1484,42252,70,282355
11306,0.000673,142.250.4.0-255,2902,45154,70,282355
11307,0.000676,172.31.40.0-255,66,45220,70,282355
11308,0.00068,142.250.4.0-255,1484,46704,70,282355
11309,0.000712,142.250.4.0-255,4320,51024,70,282355
11310,0.00072,142.250.4.0-255,7156,58180,70,282355
11311,0.000729,172.31.40.0-255,66,58246,70,282355
11312,0.000759,142.250.4.0-255,5738,63984,70,282355
11313,0.000765,142.250.4.0-255,4320,68304,70,282355
11314,0.000779,142.250.4.0-255,4320,72624,70,282355
11315,0.00079,142.250.4.0-255,2184,74808,70,282355
11316,0.000794,172.31.40.0-255,66,74874,70,282355
11317,0.000799,172.31.40.0-255,66,74940,70,282355
11318,0.001295,142.250.4.0-255,1484,76424,70,282355
11319,0.001298,142.250.4.0-255,1484,77908,70,282355
11320,0.001304,172.31.40.0-255,66,77974,70,282355
11321,0.001315,142.250.4.0-255,1484,79458,70,282355
11322,0.001321,142.250.4.0-255,4320,83778,70,282355
11323,0.001323,172.31.40.0-255,66,83844,70,282355
11324,0.001346,142.250.4.0-255,1484,85328,70,282355
11325,0.00136,142.250.4.0-255,9992,95320,70,282355
11326,0.001362,172.31.40.0-255,66,95386,70,282355
11327,0.001436,172.31.40.0-255,66,95452,70,282355
11328,0.001594,142.250.4.0-255,1484,96936,70,282355
11329,0.001599,142.250.4.0-255,1484,98420,70,282355
11330,0.001602,172.31.40.0-255,66,98486,70,282355
11331,0.001624,142.250.4.0-255,1484,99970,70,282355
11332,0.001631,142.250.4.0-255,5738,105708,70,282355
11333,0.001633,172.31.40.0-255,66,105774,70,282355
11334,0.001642,142.250.4.0-255,8574,114348,70,282355
11335,0.001644,172.31.40.0-255,66,114414,70,282355
11336,0.001669,142.250.4.0-255,1484,115898,70,282355
11337,0.001698,142.250.4.0-255,9992,125890,70,282355
11338,0.001703,172.31.40.0-255,66,125956,70,282355
11339,0.001715,142.250.4.0-255,7856,133812,70,282355
11340,0.001735,172.31.40.0-255,66,133878,70,282355
11341,0.001778,172.31.40.0-255,66,133944,70,282355
11342,0.001847,142.250.4.0-255,1484,135428,70,282355
11343,0.001853,142.250.4.0-255,2902,138330,70,282355
11344,0.001859,142.250.4.0-255,4320,142650,70,282355
11345,0.001864,172.31.40.0-255,66,142716,70,282355
11346,0.001871,142.250.4.0-255,1484,144200,70,282355
11347,0.001904,142.250.4.0-255,5738,149938,70,282355
11348,0.001919,142.250.4.0-255,5020,154958,70,282355
11349,0.001939,172.31.40.0-255,66,155024,70,282355
11350,0.002056,142.250.4.0-255,1484,156508,70,282355
11351,0.002063,142.250.4.0-255,2902,159410,70,282355
11352,0.002078,142.250.4.0-255,2902,162312,70,282355
11353,0.002081,172.31.40.0-255,66,162378,70,282355
11354,0.002086,172.31.40.0-255,66,162444,70,282355
11355,0.002102,142.250.4.0-255,2902,165346,70,282355
11356,0.002109,142.250.4.0-255,5738,171084,70,282355
11357,0.002111,142.250.4.0-255,1484,172568,70,282355
11358,0.002139,142.250.4.0-255,5738,178306,70,282355
11359,0.002167,142.250.4.0-255,10692,188998,70,282355
11360,0.00218,142.250.4.0-255,1484,190482,70,282355
11361,0.002202,142.250.4.0-255,9992,200474,70,282355
11362,0.002205,142.250.4.0-255,1484,201958,70,282355
11363,0.002221,142.250.4.0-255,7156,209114,70,282355
11364,0.002239,142.250.4.0-255,2902,212016,70,282355
11365,0.002242,142.250.4.0-255,1484,213500,70,282355
11366,0.002271,142.250.4.0-255,10692,224192,70,282355
11367,0.002309,142.250.4.0-255,5738,229930,70,282355
11368,0.002322,142.250.4.0-255,1484,231414,70,282355
11369,0.002345,142.250.4.0-255,3602,235016,70,282355
11370,0.00239,142.250.4.0-255,5738,240754,70,282355
11371,0.004019,172.31.40.0-255,66,240820,70,282355
11372,0.00637,142.250.4.0-255,5738,246558,70,282355
11373,0.006377,172.31.40.0-255,66,246624,70,282355
11374,0.008735,142.250.4.0-255,2902,249526,70,282355
11375,0.00874,172.31.40.0-255,66,249592,70,282355
11376,0.008769,142.250.4.0-255,2902,252494,70,282355
11377,0.008771,172.31.40.0-255,66,252560,70,282355
11378,0.011089,142.250.4.0-255,2902,255462,70,282355
11379,0.011096,172.31.40.0-255,66,255528,70,282355
11380,0.01111,142.250.4.0-255,2902,258430,70,282355
11381,0.011116,172.31.40.0-255,66,258496,70,282355
11382,0.013456,142.250.4.0-255,5738,264234,70,282355
11383,0.013468,172.31.40.0-255,66,264300,70,282355
11384,0.01584,142.250.4.0-255,5738,270038,70,282355
11385,0.015849,172.31.40.0-255,66,270104,70,282355
11386,0.018222,142.250.4.0-255,5738,275842,70,282355
11387,0.018233,172.31.40.0-255,66,275908,70,282355
11388,0.020545,142.250.4.0-255,608,276516,70,282355
11389,0.020689,172.31.40.0-255,66,276582,70,282355
11390,0.020728,172.31.40.0-255,105,276687,70,282355
11391,0.023024,142.250.4.0-255,66,276753,70,282355
11392,0.025596,172.31.40.0-255,172,276925,70,282355
11393,0.025626,172.31.40.0-255,1114,278039,70,282355
11394,0.025694,172.31.40.0-255,1514,279553,70,282355
11395,0.025695,172.31.40.0-255,1514,281067,70,282355
11396,0.025721,172.31.40.0-255,850,281917,70,282355
11397,0.027236,104.244.42.0-255,66,281983,70,282355
11398,0.027273,104.244.42.0-255,66,282049,70,282355
11399,0.027371,104.244.42.0-255,66,282115,70,282355
11400,0.027385,104.244.42.0-255,66,282181,70,282355
11401,0.028399,104.244.42.0-255,108,282289,70,282355
11402,0.028408,172.31.40.0-255,66,282355,70,282355
11403,0.0,172.217.194.0-255,153,153,70,242517
11404,1.4e-05,172.31.40.0-255,66,219,70,242517
11405,2e-05,172.217.194.0-255,1484,1703,70,242517
11406,2.4e-05,172.31.40.0-255,66,1769,70,242517
11407,2.8e-05,172.217.194.0-255,2902,4671,70,242517
11408,3.1e-05,172.31.40.0-255,66,4737,70,242517
11409,3.6e-05,172.217.194.0-255,4320,9057,70,242517
11410,3.9e-05,172.31.40.0-255,66,9123,70,242517
11411,7.6e-05,172.217.194.0-255,2902,12025,70,242517
11412,7.8e-05,172.31.40.0-255,66,12091,70,242517
11413,8.6e-05,172.217.194.0-255,7698,19789,70,242517
11414,8.9e-05,172.31.40.0-255,66,19855,70,242517
11415,9.9e-05,172.217.194.0-255,5738,25593,70,242517
11416,0.000101,172.31.40.0-255,66,25659,70,242517
11417,0.000132,172.217.194.0-255,5379,31038,70,242517
11418,0.000134,172.31.40.0-255,66,31104,70,242517
11419,0.000188,172.217.194.0-255,1484,32588,70,242517
11420,0.00019,172.31.40.0-255,66,32654,70,242517
11421,0.000195,172.217.194.0-255,2902,35556,70,242517
11422,0.000197,172.31.40.0-255,66,35622,70,242517
11423,0.000221,172.217.194.0-255,5738,41360,70,242517
11424,0.000223,172.31.40.0-255,66,41426,70,242517
11425,0.000265,172.31.40.0-255,66,41492,70,242517
11426,0.000304,172.217.194.0-255,9889,51381,70,242517
11427,0.000306,172.31.40.0-255,66,51447,70,242517
11428,0.000429,172.217.194.0-255,118,51565,70,242517
11429,0.000434,172.31.40.0-255,66,51631,70,242517
11430,0.000458,172.217.194.0-255,377,52008,70,242517
11431,0.000461,172.31.40.0-255,66,52074,70,242517
11432,0.000644,172.217.194.0-255,1484,53558,70,242517
11433,0.000652,172.31.40.0-255,66,53624,70,242517
11434,0.000658,172.217.194.0-255,2902,56526,70,242517
11435,0.000661,172.31.40.0-255,66,56592,70,242517
11436,0.000667,172.217.194.0-255,5738,62330,70,242517
11437,0.000677,172.31.40.0-255,66,62396,70,242517
11438,0.000722,172.31.40.0-255,66,62462,70,242517
11439,0.000759,172.217.194.0-255,10692,73154,70,242517
11440,0.000763,172.31.40.0-255,66,73220,70,242517
11441,0.00079,172.217.194.0-255,8574,81794,70,242517
11442,0.000795,172.31.40.0-255,66,81860,70,242517
11443,0.000825,172.217.194.0-255,2902,84762,70,242517
11444,0.00083,172.31.40.0-255,66,84828,70,242517
11445,0.000838,172.217.194.0-255,8574,93402,70,242517
11446,0.000841,172.31.40.0-255,66,93468,70,242517
11447,0.000852,172.217.194.0-255,4320,97788,70,242517
11448,0.000856,172.31.40.0-255,66,97854,70,242517
11449,0.000909,172.31.40.0-255,66,97920,70,242517
11450,0.000923,172.31.40.0-255,66,97986,70,242517
11451,0.001428,172.217.194.0-255,1484,99470,70,242517
11452,0.001434,172.217.194.0-255,1484,100954,70,242517
11453,0.001438,172.31.40.0-255,66,101020,70,242517
11454,0.001457,172.217.194.0-255,1484,102504,70,242517
11455,0.001468,172.217.194.0-255,5738,108242,70,242517
11456,0.00147,172.31.40.0-255,66,108308,70,242517
11457,0.001474,172.217.194.0-255,1484,109792,70,242517
11458,0.001477,172.217.194.0-255,1484,111276,70,242517
11459,0.001478,172.31.40.0-255,66,111342,70,242517
11460,0.00152,172.31.40.0-255,66,111408,70,242517
11461,0.001528,172.217.194.0-255,9274,120682,70,242517
11462,0.00153,172.31.40.0-255,66,120748,70,242517
11463,0.001678,172.217.194.0-255,1484,122232,70,242517
11464,0.001703,172.217.194.0-255,2902,125134,70,242517
11465,0.001706,172.31.40.0-255,66,125200,70,242517
11466,0.001711,172.217.194.0-255,5738,130938,70,242517
11467,0.001713,172.31.40.0-255,66,131004,70,242517
11468,0.001744,172.31.40.0-255,66,131070,70,242517
11469,0.001769,172.217.194.0-255,1484,132554,70,242517
11470,0.001773,172.217.194.0-255,2902,135456,70,242517
11471,0.001775,172.31.40.0-255,66,135522,70,242517
11472,0.00181,172.217.194.0-255,7856,143378,70,242517
11473,0.001813,172.31.40.0-255,66,143444,70,242517
11474,0.00185,172.217.194.0-255,1484,144928,70,242517
11475,0.001855,172.217.194.0-255,2902,147830,70,242517
11476,0.001857,172.31.40.0-255,66,147896,70,242517
11477,0.001864,172.217.194.0-255,5738,153634,70,242517
11478,0.001866,172.31.40.0-255,66,153700,70,242517
11479,0.001877,172.217.194.0-255,5738,159438,70,242517
11480,0.001879,172.31.40.0-255,66,159504,70,242517
11481,0.001912,172.217.194.0-255,1484,160988,70,242517
11482,0.001947,172.31.40.0-255,66,161054,70,242517
11483,0.001953,172.217.194.0-255,5020,166074,70,242517
11484,0.001955,172.31.40.0-255,66,166140,70,242517
11485,0.001958,172.217.194.0-255,1484,167624,70,242517
11486,0.001985,172.217.194.0-255,1484,169108,70,242517
11487,0.001987,172.31.40.0-255,66,169174,70,242517
11488,0.002024,172.217.194.0-255,1484,170658,70,242517
11489,0.002031,172.217.194.0-255,5738,176396,70,242517
11490,0.002034,172.31.40.0-255,66,176462,70,242517
11491,0.002059,172.217.194.0-255,8574,185036,70,242517
11492,0.002063,172.217.194.0-255,2184,187220,70,242517
11493,0.002069,172.31.40.0-255,66,187286,70,242517
11494,0.002164,172.217.194.0-255,1484,188770,70,242517
11495,0.002171,172.217.194.0-255,2902,191672,70,242517
11496,0.002188,172.217.194.0-255,5738,197410,70,242517
11497,0.002199,172.31.40.0-255,66,197476,70,242517
11498,0.002246,172.217.194.0-255,10692,208168,70,242517
11499,0.002264,172.31.40.0-255,66,208234,70,242517
11500,0.002277,172.217.194.0-255,4320,212554,70,242517
11501,0.002332,172.217.194.0-255,7856,220410,70,242517
11502,0.002338,172.31.40.0-255,66,220476,70,242517
11503,0.002353,172.217.194.0-255,4320,224796,70,242517
11504,0.002407,172.31.40.0-255,66,224862,70,242517
11505,0.002419,172.217.194.0-255,5020,229882,70,242517
11506,0.002432,172.217.194.0-255,7782,237664,70,242517
11507,0.002434,172.217.194.0-255,97,237761,70,242517
11508,0.002447,172.217.194.0-255,105,237866,70,242517
11509,0.00246,172.31.40.0-255,66,237932,70,242517
11510,0.004581,172.31.40.0-255,105,238037,70,242517
11511,0.007093,172.217.194.0-255,66,238103,70,242517
11512,0.030097,172.31.40.0-255,193,238296,70,242517
11513,0.030129,172.31.40.0-255,1118,239414,70,242517
11514,0.030181,172.31.40.0-255,1514,240928,70,242517
11515,0.030201,172.31.40.0-255,1325,242253,70,242517
11516,0.03168,104.244.42.0-255,66,242319,70,242517
11517,0.031711,104.244.42.0-255,66,242385,70,242517
11518,0.031795,104.244.42.0-255,66,242451,70,242517
11519,0.031809,104.244.42.0-255,66,242517,70,242517
11520,0.0,172.217.194.0-255,146,146,70,316193
11521,2.3e-05,172.31.40.0-255,66,212,70,316193
11522,3e-05,172.217.194.0-255,1484,1696,70,316193
11523,3.4e-05,172.31.40.0-255,66,1762,70,316193
11524,4.7e-05,172.217.194.0-255,2902,4664,70,316193
11525,5.1e-05,172.31.40.0-255,66,4730,70,316193
11526,6.5e-05,172.217.194.0-255,5738,10468,70,316193
11527,6.8e-05,172.31.40.0-255,66,10534,70,316193
11528,0.000101,172.217.194.0-255,1484,12018,70,316193
11529,0.000104,172.31.40.0-255,66,12084,70,316193
11530,0.000122,172.217.194.0-255,3475,15559,70,316193
11531,0.000126,172.31.40.0-255,66,15625,70,316193
11532,0.00014,172.31.40.0-255,66,15691,70,316193
11533,0.000144,172.217.194.0-255,2543,18234,70,316193
11534,0.000147,172.31.40.0-255,66,18300,70,316193
11535,0.00015,172.217.194.0-255,1484,19784,70,316193
11536,0.000153,172.31.40.0-255,66,19850,70,316193
11537,0.000157,172.217.194.0-255,2902,22752,70,316193
11538,0.000159,172.31.40.0-255,66,22818,70,316193
11539,0.000165,172.217.194.0-255,5738,28556,70,316193
11540,0.000169,172.31.40.0-255,66,28622,70,316193
11541,0.000184,172.31.40.0-255,66,28688,70,316193
11542,0.000192,172.217.194.0-255,9633,38321,70,316193
11543,0.000206,172.31.40.0-255,66,38387,70,316193
11544,0.000241,172.217.194.0-255,9992,48379,70,316193
11545,0.000244,172.31.40.0-255,66,48445,70,316193
11546,0.000272,172.217.194.0-255,376,48821,70,316193
11547,0.000274,172.31.40.0-255,66,48887,70,316193
11548,0.000288,172.31.40.0-255,66,48953,70,316193
11549,0.000298,172.217.194.0-255,7156,56109,70,316193
11550,0.000301,172.31.40.0-255,66,56175,70,316193
11551,0.000324,172.217.194.0-255,4320,60495,70,316193
11552,0.000326,172.31.40.0-255,66,60561,70,316193
11553,0.000334,172.217.194.0-255,1125,61686,70,316193
11554,0.000338,172.217.194.0-255,1484,63170,70,316193
11555,0.00034,172.31.40.0-255,66,63236,70,316193
11556,0.000345,172.217.194.0-255,4320,67556,70,316193
11557,0.000348,172.31.40.0-255,66,67622,70,316193
11558,0.000383,172.217.194.0-255,9992,77614,70,316193
11559,0.000386,172.31.40.0-255,66,77680,70,316193
11560,0.000423,172.31.40.0-255,66,77746,70,316193
11561,0.000451,172.217.194.0-255,4369,82115,70,316193
11562,0.000454,172.31.40.0-255,66,82181,70,316193
11563,0.000481,172.217.194.0-255,5738,87919,70,316193
11564,0.000485,172.31.40.0-255,66,87985,70,316193
11565,0.000492,172.217.194.0-255,7156,95141,70,316193
11566,0.000494,172.31.40.0-255,66,95207,70,316193
11567,0.000511,172.217.194.0-255,5379,100586,70,316193
11568,0.000514,172.31.40.0-255,66,100652,70,316193
11569,0.000522,172.217.194.0-255,2902,103554,70,316193
11570,0.000524,172.31.40.0-255,66,103620,70,316193
11571,0.000558,172.217.194.0-255,8574,112194,70,316193
11572,0.000561,172.31.40.0-255,66,112260,70,316193
11573,0.000567,172.217.194.0-255,3961,116221,70,316193
11574,0.000569,172.31.40.0-255,66,116287,70,316193
11575,0.000623,172.217.194.0-255,1484,117771,70,316193
11576,0.000628,172.217.194.0-255,2902,120673,70,316193
11577,0.00063,172.31.40.0-255,66,120739,70,316193
11578,0.000637,172.217.194.0-255,5738,126477,70,316193
11579,0.00064,172.31.40.0-255,66,126543,70,316193
11580,0.000647,172.217.194.0-255,1484,128027,70,316193
11581,0.000672,172.217.194.0-255,5379,133406,70,316193
11582,0.000674,172.31.40.0-255,66,133472,70,316193
11583,0.000929,172.217.194.0-255,1484,134956,70,316193
11584,0.000937,172.217.194.0-255,2902,137858,70,316193
11585,0.000941,172.31.40.0-255,66,137924,70,316193
11586,0.000945,172.217.194.0-255,1484,139408,70,316193
11587,0.000973,172.217.194.0-255,4320,143728,70,316193
11588,0.000977,172.31.40.0-255,66,143794,70,316193
11589,0.000984,172.217.194.0-255,7156,150950,70,316193
11590,0.000987,172.31.40.0-255,66,151016,70,316193
11591,0.001037,172.217.194.0-255,8574,159590,70,316193
11592,0.001039,172.31.40.0-255,66,159656,70,316193
11593,0.001068,172.217.194.0-255,5738,165394,70,316193
11594,0.001071,172.31.40.0-255,66,165460,70,316193
11595,0.001075,172.217.194.0-255,2184,167644,70,316193
11596,0.001077,172.31.40.0-255,66,167710,70,316193
11597,0.001228,172.217.194.0-255,1484,169194,70,316193
11598,0.001234,172.217.194.0-255,1484,170678,70,316193
11599,0.001238,172.31.40.0-255,66,170744,70,316193
11600,0.001269,172.217.194.0-255,1484,172228,70,316193
11601,0.001276,172.217.194.0-255,5738,177966,70,316193
11602,0.001279,172.31.40.0-255,66,178032,70,316193
11603,0.001285,172.217.194.0-255,5738,183770,70,316193
11604,0.001287,172.31.40.0-255,66,183836,70,316193
11605,0.001291,172.217.194.0-255,2902,186738,70,316193
11606,0.001294,172.31.40.0-255,66,186804,70,316193
11607,0.001325,172.217.194.0-255,4320,191124,70,316193
11608,0.001328,172.31.40.0-255,66,191190,70,316193
11609,0.001333,172.217.194.0-255,4320,195510,70,316193
11610,0.001336,172.31.40.0-255,66,195576,70,316193
11611,0.001351,172.217.194.0-255,6438,202014,70,316193
11612,0.001353,172.31.40.0-255,66,202080,70,316193
11613,0.002063,172.217.194.0-255,1484,203564,70,316193
11614,0.002072,172.217.194.0-255,2902,206466,70,316193
11615,0.002077,172.31.40.0-255,66,206532,70,316193
11616,0.002084,172.217.194.0-255,5738,212270,70,316193
11617,0.002087,172.31.40.0-255,66,212336,70,316193
11618,0.00212,172.217.194.0-255,9992,222328,70,316193
11619,0.002123,172.31.40.0-255,66,222394,70,316193
11620,0.002146,172.217.194.0-255,8574,230968,70,316193
11621,0.002149,172.31.40.0-255,66,231034,70,316193
11622,0.002167,172.217.194.0-255,5020,236054,70,316193
11623,0.002171,172.31.40.0-255,66,236120,70,316193
11624,0.002213,172.217.194.0-255,1484,237604,70,316193
11625,0.002231,172.217.194.0-255,2902,240506,70,316193
11626,0.002234,172.31.40.0-255,66,240572,70,316193
11627,0.002242,172.217.194.0-255,5738,246310,70,316193
11628,0.002244,172.31.40.0-255,66,246376,70,316193
11629,0.002252,172.217.194.0-255,1484,247860,70,316193
11630,0.002287,172.31.40.0-255,66,247926,70,316193
11631,0.002293,172.217.194.0-255,4320,252246,70,316193
11632,0.002295,172.31.40.0-255,66,252312,70,316193
11633,0.002319,172.217.194.0-255,6438,258750,70,316193
11634,0.002334,172.31.40.0-255,66,258816,70,316193
11635,0.002337,172.31.40.0-255,66,258882,70,316193
11636,0.002367,172.217.194.0-255,9992,268874,70,316193
11637,0.002376,172.217.194.0-255,8574,277448,70,316193
11638,0.002388,172.217.194.0-255,2902,280350,70,316193
11639,0.002395,172.217.194.0-255,766,281116,70,316193
11640,0.002404,172.31.40.0-255,66,281182,70,316193
11641,0.002433,172.217.194.0-255,7156,288338,70,316193
11642,0.002454,172.217.194.0-255,7156,295494,70,316193
11643,0.002475,172.31.40.0-255,66,295560,70,316193
11644,0.002481,172.31.40.0-255,66,295626,70,316193
11645,0.002503,172.217.194.0-255,5738,301364,70,316193
11646,0.002536,172.217.194.0-255,8995,310359,70,316193
11647,0.002538,172.217.194.0-255,105,310464,70,316193
11648,0.002581,172.31.40.0-255,66,310530,70,316193
11649,0.002589,172.31.40.0-255,66,310596,70,316193
11650,0.005375,172.31.40.0-255,105,310701,70,316193
11651,0.007984,172.217.194.0-255,66,310767,70,316193
11652,0.030826,172.31.40.0-255,172,310939,70,316193
11653,0.030858,172.31.40.0-255,1114,312053,70,316193
11654,0.030921,172.31.40.0-255,1514,313567,70,316193
11655,0.030923,172.31.40.0-255,1514,315081,70,316193
11656,0.030953,172.31.40.0-255,848,315929,70,316193
11657,0.032521,104.244.42.0-255,66,315995,70,316193
11658,0.032558,104.244.42.0-255,66,316061,70,316193
11659,0.032691,104.244.42.0-255,66,316127,70,316193
11660,0.032712,104.244.42.0-255,66,316193,70,316193
11661,0.0,172.31.40.0-255,232,232,70,298
11662,0.007823,74.125.24.0-255,66,298,70,298
11663,0.0,74.125.200.0-255,296,296,70,333534
11664,2.3e-05,172.31.40.0-255,66,362,70,333534
11665,4.6e-05,74.125.200.0-255,1484,1846,70,333534
11666,5e-05,172.31.40.0-255,66,1912,70,333534
11667,5.5e-05,74.125.200.0-255,2902,4814,70,333534
11668,5.9e-05,172.31.40.0-255,66,4880,70,333534
11669,6.5e-05,74.125.200.0-255,4320,9200,70,333534
11670,6.9e-05,172.31.40.0-255,66,9266,70,333534
11671,8.5e-05,74.125.200.0-255,1484,10750,70,333534
11672,8.7e-05,172.31.40.0-255,66,10816,70,333534
11673,9.3e-05,74.125.200.0-255,3316,14132,70,333534
11674,9.6e-05,172.31.40.0-255,66,14198,70,333534
11675,0.000152,74.125.200.0-255,1484,15682,70,333534
11676,0.000154,172.31.40.0-255,66,15748,70,333534
11677,0.000158,74.125.200.0-255,1484,17232,70,333534
11678,0.00016,172.31.40.0-255,66,17298,70,333534
11679,0.000172,74.125.200.0-255,1484,18782,70,333534
11680,0.000174,172.31.40.0-255,66,18848,70,333534
11681,0.000205,74.125.200.0-255,2902,21750,70,333534
11682,0.000208,172.31.40.0-255,66,21816,70,333534
11683,0.000235,74.125.200.0-255,1484,23300,70,333534
11684,0.000237,172.31.40.0-255,66,23366,70,333534
11685,0.000272,74.125.200.0-255,2902,26268,70,333534
11686,0.000275,172.31.40.0-255,66,26334,70,333534
11687,0.000291,74.125.200.0-255,1484,27818,70,333534
11688,0.000293,172.31.40.0-255,66,27884,70,333534
11689,0.000311,74.125.200.0-255,3961,31845,70,333534
11690,0.000313,172.31.40.0-255,66,31911,70,333534
11691,0.000452,74.125.200.0-255,1484,33395,70,333534
11692,0.000456,172.31.40.0-255,66,33461,70,333534
11693,0.000477,74.125.200.0-255,2902,36363,70,333534
11694,0.00048,172.31.40.0-255,66,36429,70,333534
11695,0.000501,74.125.200.0-255,5738,42167,70,333534
11696,0.000503,172.31.40.0-255,66,42233,70,333534
11697,0.000507,74.125.200.0-255,2902,45135,70,333534
11698,0.000509,172.31.40.0-255,66,45201,70,333534
11699,0.000569,172.31.40.0-255,66,45267,70,333534
11700,0.000575,74.125.200.0-255,5738,51005,70,333534
11701,0.000577,172.31.40.0-255,66,51071,70,333534
11702,0.000615,74.125.200.0-255,4237,55308,70,333534
11703,0.000618,172.31.40.0-255,66,55374,70,333534
11704,0.000632,74.125.200.0-255,134,55508,70,333534
11705,0.000762,74.125.200.0-255,1484,56992,70,333534
11706,0.000766,172.31.40.0-255,66,57058,70,333534
11707,0.000771,74.125.200.0-255,2902,59960,70,333534
11708,0.000773,172.31.40.0-255,66,60026,70,333534
11709,0.000784,74.125.200.0-255,1484,61510,70,333534
11710,0.000799,74.125.200.0-255,4320,65830,70,333534
11711,0.000801,172.31.40.0-255,66,65896,70,333534
11712,0.000804,74.125.200.0-255,2902,68798,70,333534
11713,0.000807,172.31.40.0-255,66,68864,70,333534
11714,0.000825,74.125.200.0-255,3961,72825,70,333534
11715,0.000827,172.31.40.0-255,66,72891,70,333534
11716,0.00084,74.125.200.0-255,2902,75793,70,333534
11717,0.000842,172.31.40.0-255,66,75859,70,333534
11718,0.000866,74.125.200.0-255,5738,81597,70,333534
11719,0.000868,172.31.40.0-255,66,81663,70,333534
11720,0.000872,74.125.200.0-255,4320,85983,70,333534
11721,0.000874,172.31.40.0-255,66,86049,70,333534
11722,0.000901,74.125.200.0-255,3961,90010,70,333534
11723,0.000904,172.31.40.0-255,66,90076,70,333534
11724,0.00323,74.125.200.0-255,1484,91560,70,333534
11725,0.003271,74.125.200.0-255,4320,95880,70,333534
11726,0.003276,172.31.40.0-255,66,95946,70,333534
11727,0.005634,74.125.200.0-255,5738,101684,70,333534
11728,0.00564,172.31.40.0-255,66,101750,70,333534
11729,0.00799,74.125.200.0-255,5738,107488,70,333534
11730,0.007996,172.31.40.0-255,66,107554,70,333534
11731,0.010363,74.125.200.0-255,5738,113292,70,333534
11732,0.010372,172.31.40.0-255,66,113358,70,333534
11733,0.012729,74.125.200.0-255,5738,119096,70,333534
11734,0.012737,172.31.40.0-255,66,119162,70,333534
11735,0.015092,74.125.200.0-255,5738,124900,70,333534
11736,0.015099,172.31.40.0-255,66,124966,70,333534
11737,0.017454,74.125.200.0-255,5738,130704,70,333534
11738,0.017461,172.31.40.0-255,66,130770,70,333534
11739,0.019828,74.125.200.0-255,5738,136508,70,333534
11740,0.019836,172.31.40.0-255,66,136574,70,333534
11741,0.022211,74.125.200.0-255,5738,142312,70,333534
11742,0.02222,172.31.40.0-255,66,142378,70,333534
11743,0.024582,74.125.200.0-255,5738,148116,70,333534
11744,0.02459,172.31.40.0-255,66,148182,70,333534
11745,0.026946,74.125.200.0-255,5738,153920,70,333534
11746,0.026955,172.31.40.0-255,66,153986,70,333534
11747,0.029346,74.125.200.0-255,5738,159724,70,333534
11748,0.029353,172.31.40.0-255,66,159790,70,333534
11749,0.031726,74.125.200.0-255,5738,165528,70,333534
11750,0.031736,172.31.40.0-255,66,165594,70,333534
11751,0.034105,74.125.200.0-255,5738,171332,70,333534
11752,0.034111,172.31.40.0-255,66,171398,70,333534
11753,0.036472,74.125.200.0-255,5738,177136,70,333534
11754,0.036481,172.31.40.0-255,66,177202,70,333534
11755,0.038834,74.125.200.0-255,5738,182940,70,333534
11756,0.038841,172.31.40.0-255,66,183006,70,333534
11757,0.04072,172.31.40.0-255,172,183178,70,333534
11758,0.040754,172.31.40.0-255,1116,184294,70,333534
11759,0.040813,172.31.40.0-255,1514,185808,70,333534
11760,0.040815,172.31.40.0-255,1514,187322,70,333534
11761,0.040838,172.31.40.0-255,848,188170,70,333534
11762,0.041198,74.125.200.0-255,5738,193908,70,333534
11763,0.041208,172.31.40.0-255,66,193974,70,333534
11764,0.042362,104.244.42.0-255,66,194040,70,333534
11765,0.042437,104.244.42.0-255,66,194106,70,333534
11766,0.042457,104.244.42.0-255,66,194172,70,333534
11767,0.04246,104.244.42.0-255,66,194238,70,333534
11768,0.043581,74.125.200.0-255,5738,199976,70,333534
11769,0.043588,172.31.40.0-255,66,200042,70,333534
11770,0.045949,74.125.200.0-255,5738,205780,70,333534
11771,0.045955,172.31.40.0-255,66,205846,70,333534
11772,0.048327,74.125.200.0-255,5738,211584,70,333534
11773,0.048335,172.31.40.0-255,66,211650,70,333534
11774,0.050703,74.125.200.0-255,5738,217388,70,333534
11775,0.050709,172.31.40.0-255,66,217454,70,333534
11776,0.053088,74.125.200.0-255,5738,223192,70,333534
11777,0.053095,172.31.40.0-255,66,223258,70,333534
11778,0.055458,74.125.200.0-255,5738,228996,70,333534
11779,0.055463,172.31.40.0-255,66,229062,70,333534
11780,0.057859,74.125.200.0-255,5738,234800,70,333534
11781,0.057866,172.31.40.0-255,66,234866,70,333534
11782,0.060235,74.125.200.0-255,5738,240604,70,333534
11783,0.060242,172.31.40.0-255,66,240670,70,333534
11784,0.062614,74.125.200.0-255,5738,246408,70,333534
11785,0.062621,172.31.40.0-255,66,246474,70,333534
11786,0.065027,74.125.200.0-255,5738,252212,70,333534
11787,0.065034,172.31.40.0-255,66,252278,70,333534
11788,0.067384,74.125.200.0-255,5738,258016,70,333534
11789,0.06739,172.31.40.0-255,66,258082,70,333534
11790,0.06977,74.125.200.0-255,5738,263820,70,333534
11791,0.069777,172.31.40.0-255,66,263886,70,333534
11792,0.072152,74.125.200.0-255,5738,269624,70,333534
11793,0.072159,172.31.40.0-255,66,269690,70,333534
11794,0.074519,74.125.200.0-255,5738,275428,70,333534
11795,0.074525,172.31.40.0-255,66,275494,70,333534
11796,0.076908,74.125.200.0-255,5738,281232,70,333534
11797,0.076914,172.31.40.0-255,66,281298,70,333534
11798,0.079285,74.125.200.0-255,5738,287036,70,333534
11799,0.079292,172.31.40.0-255,66,287102,70,333534
11800,0.081657,74.125.200.0-255,5738,292840,70,333534
11801,0.081664,172.31.40.0-255,66,292906,70,333534
11802,0.08404,74.125.200.0-255,5738,298644,70,333534
11803,0.084046,172.31.40.0-255,66,298710,70,333534
11804,0.086414,74.125.200.0-255,5738,304448,70,333534
11805,0.086421,172.31.40.0-255,66,304514,70,333534
11806,0.088785,74.125.200.0-255,5738,310252,70,333534
11807,0.088792,172.31.40.0-255,66,310318,70,333534
11808,0.091164,74.125.200.0-255,5738,316056,70,333534
11809,0.091171,172.31.40.0-255,66,316122,70,333534
11810,0.093532,74.125.200.0-255,5738,321860,70,333534
11811,0.09354,172.31.40.0-255,66,321926,70,333534
11812,0.095926,74.125.200.0-255,5738,327664,70,333534
11813,0.095932,172.31.40.0-255,66,327730,70,333534
11814,0.0983,74.125.200.0-255,5738,333468,70,333534
11815,0.098306,172.31.40.0-255,66,333534,70,333534
11816,0.0,74.125.200.0-255,146,146,70,268489
11817,2e-05,172.31.40.0-255,66,212,70,268489
11818,6.1e-05,74.125.200.0-255,1484,1696,70,268489
11819,6.6e-05,172.31.40.0-255,66,1762,70,268489
11820,8.4e-05,74.125.200.0-255,2902,4664,70,268489
11821,8.7e-05,172.31.40.0-255,66,4730,70,268489
11822,0.00011,74.125.200.0-255,4320,9050,70,268489
11823,0.000113,172.31.40.0-255,66,9116,70,268489
11824,0.000123,74.125.200.0-255,1484,10600,70,268489
11825,0.000125,172.31.40.0-255,66,10666,70,268489
11826,0.000149,74.125.200.0-255,3483,14149,70,268489
11827,0.000152,172.31.40.0-255,66,14215,70,268489
11828,0.000185,74.125.200.0-255,2902,17117,70,268489
11829,0.000188,172.31.40.0-255,66,17183,70,268489
11830,0.000215,74.125.200.0-255,8574,25757,70,268489
11831,0.000218,172.31.40.0-255,66,25823,70,268489
11832,0.000282,74.125.200.0-255,1484,27307,70,268489
11833,0.000286,172.31.40.0-255,66,27373,70,268489
11834,0.000308,74.125.200.0-255,3961,31334,70,268489
11835,0.00031,172.31.40.0-255,66,31400,70,268489
11836,0.00033,74.125.200.0-255,1484,32884,70,268489
11837,0.000332,172.31.40.0-255,66,32950,70,268489
11838,0.000347,74.125.200.0-255,4320,37270,70,268489
11839,0.00035,172.31.40.0-255,66,37336,70,268489
11840,0.000407,172.31.40.0-255,66,37402,70,268489
11841,0.000514,74.125.200.0-255,4320,41722,70,268489
11842,0.000518,172.31.40.0-255,66,41788,70,268489
11843,0.000543,74.125.200.0-255,1484,43272,70,268489
11844,0.000546,172.31.40.0-255,66,43338,70,268489
11845,0.000578,74.125.200.0-255,9987,53325,70,268489
11846,0.000582,172.31.40.0-255,66,53391,70,268489
11847,0.000638,74.125.200.0-255,332,53723,70,268489
11848,0.000667,74.125.200.0-255,1484,55207,70,268489
11849,0.000693,74.125.200.0-255,2902,58109,70,268489
11850,0.000705,172.31.40.0-255,66,58175,70,268489
11851,0.000708,74.125.200.0-255,1484,59659,70,268489
11852,0.000731,74.125.200.0-255,8574,68233,70,268489
11853,0.000751,172.31.40.0-255,66,68299,70,268489
11854,0.000794,74.125.200.0-255,1484,69783,70,268489
11855,0.000814,74.125.200.0-255,2902,72685,70,268489
11856,0.000822,172.31.40.0-255,66,72751,70,268489
11857,0.000836,74.125.200.0-255,7156,79907,70,268489
11858,0.000856,74.125.200.0-255,4320,84227,70,268489
11859,0.000871,172.31.40.0-255,66,84293,70,268489
11860,0.00095,74.125.200.0-255,3602,87895,70,268489
11861,0.000975,172.31.40.0-255,66,87961,70,268489
11862,0.000979,74.125.200.0-255,1484,89445,70,268489
11863,0.000999,74.125.200.0-255,2902,92347,70,268489
11864,0.001007,172.31.40.0-255,66,92413,70,268489
11865,0.001018,74.125.200.0-255,5738,98151,70,268489
11866,0.001039,172.31.40.0-255,66,98217,70,268489
11867,0.001071,74.125.200.0-255,5738,103955,70,268489
11868,0.001083,172.31.40.0-255,66,104021,70,268489
11869,0.001121,74.125.200.0-255,2902,106923,70,268489
11870,0.001135,74.125.200.0-255,4320,111243,70,268489
11871,0.001137,172.31.40.0-255,66,111309,70,268489
11872,0.00115,74.125.200.0-255,5738,117047,70,268489
11873,0.001153,172.31.40.0-255,66,117113,70,268489
11874,0.00118,172.31.40.0-255,66,117179,70,268489
11875,0.001253,74.125.200.0-255,5020,122199,70,268489
11876,0.001277,172.31.40.0-255,66,122265,70,268489
11877,0.001296,74.125.200.0-255,5738,128003,70,268489
11878,0.001309,172.31.40.0-255,66,128069,70,268489
11879,0.001341,74.125.200.0-255,2902,130971,70,268489
11880,0.001346,172.31.40.0-255,66,131037,70,268489
11881,0.001373,74.125.200.0-255,9992,141029,70,268489
11882,0.001383,172.31.40.0-255,66,141095,70,268489
11883,0.001491,74.125.200.0-255,3602,144697,70,268489
11884,0.001499,172.31.40.0-255,66,144763,70,268489
11885,0.001606,74.125.200.0-255,1484,146247,70,268489
11886,0.001623,74.125.200.0-255,2902,149149,70,268489
11887,0.001629,172.31.40.0-255,66,149215,70,268489
11888,0.00165,74.125.200.0-255,5738,154953,70,268489
11889,0.00167,172.31.40.0-255,66,155019,70,268489
11890,0.001706,74.125.200.0-255,4320,159339,70,268489
11891,0.001715,172.31.40.0-255,66,159405,70,268489
11892,0.001742,74.125.200.0-255,8574,167979,70,268489
11893,0.001757,172.31.40.0-255,66,168045,70,268489
11894,0.001824,74.125.200.0-255,5738,173783,70,268489
11895,0.001827,172.31.40.0-255,66,173849,70,268489
11896,0.001848,74.125.200.0-255,5020,178869,70,268489
11897,0.001866,172.31.40.0-255,66,178935,70,268489
11898,0.001929,74.125.200.0-255,4320,183255,70,268489
11899,0.001942,172.31.40.0-255,66,183321,70,268489
11900,0.001966,172.31.40.0-255,66,183387,70,268489
11901,0.002097,74.125.200.0-255,1484,184871,70,268489
11902,0.002122,74.125.200.0-255,4320,189191,70,268489
11903,0.002125,172.31.40.0-255,66,189257,70,268489
11904,0.002162,74.125.200.0-255,5738,194995,70,268489
11905,0.002177,74.125.200.0-255,3602,198597,70,268489
11906,0.002185,172.31.40.0-255,66,198663,70,268489
11907,0.002241,74.125.200.0-255,7156,205819,70,268489
11908,0.00226,74.125.200.0-255,4320,210139,70,268489
11909,0.002268,172.31.40.0-255,66,210205,70,268489
11910,0.00239,74.125.200.0-255,7156,217361,70,268489
11911,0.002397,172.31.40.0-255,66,217427,70,268489
11912,0.002527,74.125.200.0-255,5738,223165,70,268489
11913,0.002826,74.125.200.0-255,5738,228903,70,268489
11914,0.002841,74.125.200.0-255,2184,231087,70,268489
11915,0.002901,74.125.200.0-255,4320,235407,70,268489
11916,0.002919,74.125.200.0-255,8574,243981,70,268489
11917,0.00294,74.125.200.0-255,9992,253973,70,268489
11918,0.003243,74.125.200.0-255,8574,262547,70,268489
11919,0.003713,74.125.200.0-255,105,262652,70,268489
11920,0.008386,172.31.40.0-255,66,262718,70,268489
11921,0.011162,172.31.40.0-255,105,262823,70,268489
11922,0.013798,74.125.200.0-255,66,262889,70,268489
11923,0.030792,172.31.40.0-255,172,263061,70,268489
11924,0.030822,172.31.40.0-255,1116,264177,70,268489
11925,0.030889,172.31.40.0-255,1514,265691,70,268489
11926,0.030891,172.31.40.0-255,1514,267205,70,268489
11927,0.030892,172.31.40.0-255,846,268051,70,268489
11928,0.032452,104.244.42.0-255,66,268117,70,268489
11929,0.032482,104.244.42.0-255,66,268183,70,268489
11930,0.032542,104.244.42.0-255,66,268249,70,268489
11931,0.032557,104.244.42.0-255,66,268315,70,268489
11932,0.03383,104.244.42.0-255,108,268423,70,268489
11933,0.033839,172.31.40.0-255,66,268489,70,268489
11934,0.0,74.125.68.0-255,297,297,70,402470
11935,1.8e-05,172.31.40.0-255,66,363,70,402470
11936,2.4e-05,74.125.68.0-255,1484,1847,70,402470
11937,2.8e-05,172.31.40.0-255,66,1913,70,402470
11938,3.3e-05,74.125.68.0-255,2902,4815,70,402470
11939,3.7e-05,172.31.40.0-255,66,4881,70,402470
11940,4e-05,74.125.68.0-255,1484,6365,70,402470
11941,4.2e-05,172.31.40.0-255,66,6431,70,402470
11942,5.9e-05,74.125.68.0-255,4320,10751,70,402470
11943,6.2e-05,172.31.40.0-255,66,10817,70,402470
11944,6.5e-05,74.125.68.0-255,1484,12301,70,402470
11945,6.7e-05,172.31.40.0-255,66,12367,70,402470
11946,9.2e-05,74.125.68.0-255,1840,14207,70,402470
11947,9.5e-05,172.31.40.0-255,66,14273,70,402470
11948,0.0001,74.125.68.0-255,4320,18593,70,402470
11949,0.000102,172.31.40.0-255,66,18659,70,402470
11950,0.000132,74.125.68.0-255,4320,22979,70,402470
11951,0.000134,172.31.40.0-255,66,23045,70,402470
11952,0.000153,74.125.68.0-255,5738,28783,70,402470
11953,0.000155,172.31.40.0-255,66,28849,70,402470
11954,0.000178,74.125.68.0-255,2543,31392,70,402470
11955,0.00018,172.31.40.0-255,66,31458,70,402470
11956,0.000569,74.125.68.0-255,1484,32942,70,402470
11957,0.000573,172.31.40.0-255,66,33008,70,402470
11958,0.000577,74.125.68.0-255,1484,34492,70,402470
11959,0.000579,172.31.40.0-255,66,34558,70,402470
11960,0.00059,74.125.68.0-255,1484,36042,70,402470
11961,0.000592,172.31.40.0-255,66,36108,70,402470
11962,0.000597,74.125.68.0-255,4320,40428,70,402470
11963,0.000599,172.31.40.0-255,66,40494,70,402470
11964,0.000615,74.125.68.0-255,1484,41978,70,402470
11965,0.000616,172.31.40.0-255,66,42044,70,402470
11966,0.000621,74.125.68.0-255,4320,46364,70,402470
11967,0.000623,172.31.40.0-255,66,46430,70,402470
11968,0.000659,74.125.68.0-255,2543,48973,70,402470
11969,0.000662,172.31.40.0-255,66,49039,70,402470
11970,0.000718,74.125.68.0-255,2902,51941,70,402470
11971,0.000721,172.31.40.0-255,66,52007,70,402470
11972,0.000726,74.125.68.0-255,2902,54909,70,402470
11973,0.000728,172.31.40.0-255,66,54975,70,402470
11974,0.00074,74.125.68.0-255,1484,56459,70,402470
11975,0.000744,74.125.68.0-255,1484,57943,70,402470
11976,0.000746,172.31.40.0-255,66,58009,70,402470
11977,0.000776,74.125.68.0-255,7156,65165,70,402470
11978,0.000778,172.31.40.0-255,66,65231,70,402470
11979,0.000781,74.125.68.0-255,1125,66356,70,402470
11980,0.000784,74.125.68.0-255,416,66772,70,402470
11981,0.000968,172.31.40.0-255,66,66838,70,402470
11982,0.00106,74.125.68.0-255,329,67167,70,402470
11983,0.001345,74.125.68.0-255,1484,68651,70,402470
11984,0.001352,172.31.40.0-255,66,68717,70,402470
11985,0.001359,74.125.68.0-255,2902,71619,70,402470
11986,0.001361,172.31.40.0-255,66,71685,70,402470
11987,0.001379,74.125.68.0-255,4320,76005,70,402470
11988,0.001381,172.31.40.0-255,66,76071,70,402470
11989,0.001388,74.125.68.0-255,5738,81809,70,402470
11990,0.00139,172.31.40.0-255,66,81875,70,402470
11991,0.001418,74.125.68.0-255,2543,84418,70,402470
11992,0.00142,172.31.40.0-255,66,84484,70,402470
11993,0.001711,74.125.68.0-255,1484,85968,70,402470
11994,0.001734,74.125.68.0-255,2902,88870,70,402470
11995,0.001739,172.31.40.0-255,66,88936,70,402470
11996,0.001746,74.125.68.0-255,4320,93256,70,402470
11997,0.001748,172.31.40.0-255,66,93322,70,402470
11998,0.001783,74.125.68.0-255,2902,96224,70,402470
11999,0.001786,172.31.40.0-255,66,96290,70,402470
12000,0.001809,74.125.68.0-255,5379,101669,70,402470
12001,0.001812,172.31.40.0-255,66,101735,70,402470
12002,0.00189,74.125.68.0-255,1484,103219,70,402470
12003,0.001909,74.125.68.0-255,2902,106121,70,402470
12004,0.001913,172.31.40.0-255,66,106187,70,402470
12005,0.001927,74.125.68.0-255,4320,110507,70,402470
12006,0.00193,172.31.40.0-255,66,110573,70,402470
12007,0.001933,74.125.68.0-255,1484,112057,70,402470
12008,0.001957,74.125.68.0-255,4320,116377,70,402470
12009,0.001961,172.31.40.0-255,66,116443,70,402470
12010,0.001978,74.125.68.0-255,5738,122181,70,402470
12011,0.001981,172.31.40.0-255,66,122247,70,402470
12012,0.001995,74.125.68.0-255,2902,125149,70,402470
12013,0.001997,172.31.40.0-255,66,125215,70,402470
12014,0.00203,74.125.68.0-255,4320,129535,70,402470
12015,0.002033,172.31.40.0-255,66,129601,70,402470
12016,0.002052,74.125.68.0-255,5738,135339,70,402470
12017,0.002055,172.31.40.0-255,66,135405,70,402470
12018,0.002057,74.125.68.0-255,766,136171,70,402470
12019,0.002125,74.125.68.0-255,1484,137655,70,402470
12020,0.002129,172.31.40.0-255,66,137721,70,402470
12021,0.002136,74.125.68.0-255,2902,140623,70,402470
12022,0.002139,172.31.40.0-255,66,140689,70,402470
12023,0.002163,74.125.68.0-255,4320,145009,70,402470
12024,0.002165,172.31.40.0-255,66,145075,70,402470
12025,0.002183,74.125.68.0-255,1484,146559,70,402470
12026,0.002186,74.125.68.0-255,1484,148043,70,402470
12027,0.002189,172.31.40.0-255,66,148109,70,402470
12028,0.002214,74.125.68.0-255,5738,153847,70,402470
12029,0.002217,172.31.40.0-255,66,153913,70,402470
12030,0.002223,74.125.68.0-255,5738,159651,70,402470
12031,0.002225,172.31.40.0-255,66,159717,70,402470
12032,0.002239,74.125.68.0-255,2902,162619,70,402470
12033,0.002241,172.31.40.0-255,66,162685,70,402470
12034,0.00225,74.125.68.0-255,7856,170541,70,402470
12035,0.002253,172.31.40.0-255,66,170607,70,402470
12036,0.004547,74.125.68.0-255,5738,176345,70,402470
12037,0.004551,172.31.40.0-255,66,176411,70,402470
12038,0.006837,74.125.68.0-255,5738,182149,70,402470
12039,0.006846,172.31.40.0-255,66,182215,70,402470
12040,0.009143,74.125.68.0-255,5738,187953,70,402470
12041,0.009152,172.31.40.0-255,66,188019,70,402470
12042,0.011452,74.125.68.0-255,5738,193757,70,402470
12043,0.011462,172.31.40.0-255,66,193823,70,402470
12044,0.013766,74.125.68.0-255,5738,199561,70,402470
12045,0.013776,172.31.40.0-255,66,199627,70,402470
12046,0.016115,74.125.68.0-255,5738,205365,70,402470
12047,0.016124,172.31.40.0-255,66,205431,70,402470
12048,0.018423,74.125.68.0-255,5738,211169,70,402470
12049,0.018431,172.31.40.0-255,66,211235,70,402470
12050,0.020721,74.125.68.0-255,5738,216973,70,402470
12051,0.020728,172.31.40.0-255,66,217039,70,402470
12052,0.023026,74.125.68.0-255,5738,222777,70,402470
12053,0.023034,172.31.40.0-255,66,222843,70,402470
12054,0.025334,74.125.68.0-255,5738,228581,70,402470
12055,0.025342,172.31.40.0-255,66,228647,70,402470
12056,0.027653,74.125.68.0-255,5738,234385,70,402470
12057,0.027661,172.31.40.0-255,66,234451,70,402470
12058,0.029953,74.125.68.0-255,5738,240189,70,402470
12059,0.029961,172.31.40.0-255,66,240255,70,402470
12060,0.032254,74.125.68.0-255,5738,245993,70,402470
12061,0.032262,172.31.40.0-255,66,246059,70,402470
12062,0.034559,74.125.68.0-255,5738,251797,70,402470
12063,0.034566,172.31.40.0-255,66,251863,70,402470
12064,0.036861,74.125.68.0-255,5738,257601,70,402470
12065,0.036868,172.31.40.0-255,66,257667,70,402470
12066,0.03915,74.125.68.0-255,2902,260569,70,402470
12067,0.039157,172.31.40.0-255,66,260635,70,402470
12068,0.039177,74.125.68.0-255,2902,263537,70,402470
12069,0.039181,172.31.40.0-255,66,263603,70,402470
12070,0.039374,172.31.40.0-255,172,263775,70,402470
12071,0.0394,172.31.40.0-255,1118,264893,70,402470
12072,0.039457,172.31.40.0-255,1514,266407,70,402470
12073,0.039459,172.31.40.0-255,1514,267921,70,402470
12074,0.039464,172.31.40.0-255,1514,269435,70,402470
12075,0.039465,172.31.40.0-255,1514,270949,70,402470
12076,0.039489,172.31.40.0-255,1397,272346,70,402470
12077,0.040958,104.244.42.0-255,66,272412,70,402470
12078,0.040968,104.244.42.0-255,66,272478,70,402470
12079,0.041051,104.244.42.0-255,66,272544,70,402470
12080,0.041057,104.244.42.0-255,66,272610,70,402470
12081,0.041455,74.125.68.0-255,5738,278348,70,402470
12082,0.041462,172.31.40.0-255,66,278414,70,402470
12083,0.043746,74.125.68.0-255,5738,284152,70,402470
12084,0.043752,172.31.40.0-255,66,284218,70,402470
12085,0.046042,74.125.68.0-255,5738,289956,70,402470
12086,0.046048,172.31.40.0-255,66,290022,70,402470
12087,0.048345,74.125.68.0-255,5738,295760,70,402470
12088,0.048352,172.31.40.0-255,66,295826,70,402470
12089,0.050644,74.125.68.0-255,5738,301564,70,402470
12090,0.050649,172.31.40.0-255,66,301630,70,402470
12091,0.052944,74.125.68.0-255,5738,307368,70,402470
12092,0.052951,172.31.40.0-255,66,307434,70,402470
12093,0.055245,74.125.68.0-255,5738,313172,70,402470
12094,0.055251,172.31.40.0-255,66,313238,70,402470
12095,0.057578,74.125.68.0-255,5738,318976,70,402470
12096,0.057584,172.31.40.0-255,66,319042,70,402470
12097,0.059867,74.125.68.0-255,5738,324780,70,402470
12098,0.059873,172.31.40.0-255,66,324846,70,402470
12099,0.062164,74.125.68.0-255,5738,330584,70,402470
12100,0.062171,172.31.40.0-255,66,330650,70,402470
12101,0.064458,74.125.68.0-255,5738,336388,70,402470
12102,0.064464,172.31.40.0-255,66,336454,70,402470
12103,0.066752,74.125.68.0-255,5738,342192,70,402470
12104,0.066758,172.31.40.0-255,66,342258,70,402470
12105,0.069056,74.125.68.0-255,5738,347996,70,402470
12106,0.069063,172.31.40.0-255,66,348062,70,402470
12107,0.071357,74.125.68.0-255,5738,353800,70,402470
12108,0.071363,172.31.40.0-255,66,353866,70,402470
12109,0.073662,74.125.68.0-255,5738,359604,70,402470
12110,0.073669,172.31.40.0-255,66,359670,70,402470
12111,0.075974,74.125.68.0-255,5738,365408,70,402470
12112,0.07598,172.31.40.0-255,66,365474,70,402470
12113,0.078304,74.125.68.0-255,5738,371212,70,402470
12114,0.078311,172.31.40.0-255,66,371278,70,402470
12115,0.080611,74.125.68.0-255,5738,377016,70,402470
12116,0.080617,172.31.40.0-255,66,377082,70,402470
12117,0.082911,74.125.68.0-255,5738,382820,70,402470
12118,0.082917,172.31.40.0-255,66,382886,70,402470
12119,0.085208,74.125.68.0-255,5738,388624,70,402470
12120,0.085214,172.31.40.0-255,66,388690,70,402470
12121,0.087507,74.125.68.0-255,5738,394428,70,402470
12122,0.087512,172.31.40.0-255,66,394494,70,402470
12123,0.089843,74.125.68.0-255,5738,400232,70,402470
12124,0.08985,172.31.40.0-255,66,400298,70,402470
12125,0.092155,74.125.68.0-255,1935,402233,70,402470
12126,0.092162,172.31.40.0-255,66,402299,70,402470
12127,0.092332,172.31.40.0-255,105,402404,70,402470
12128,0.094586,74.125.68.0-255,66,402470,70,402470
12129,0.0,172.217.194.0-255,150,150,70,341259
12130,2.1e-05,172.31.40.0-255,66,216,70,341259
12131,2.8e-05,172.217.194.0-255,1484,1700,70,341259
12132,3.2e-05,172.31.40.0-255,66,1766,70,341259
12133,3.8e-05,172.217.194.0-255,2902,4668,70,341259
12134,4e-05,172.31.40.0-255,66,4734,70,341259
12135,4.8e-05,172.217.194.0-255,7156,11890,70,341259
12136,5.1e-05,172.31.40.0-255,66,11956,70,341259
12137,9.8e-05,172.217.194.0-255,2902,14858,70,341259
12138,0.000101,172.31.40.0-255,66,14924,70,341259
12139,0.000135,172.31.40.0-255,66,14990,70,341259
12140,0.000177,172.217.194.0-255,2543,17533,70,341259
12141,0.00018,172.31.40.0-255,66,17599,70,341259
12142,0.000195,172.217.194.0-255,1484,19083,70,341259
12143,0.000197,172.31.40.0-255,66,19149,70,341259
12144,0.000213,172.217.194.0-255,1484,20633,70,341259
12145,0.000215,172.31.40.0-255,66,20699,70,341259
12146,0.000221,172.217.194.0-255,5738,26437,70,341259
12147,0.000223,172.31.40.0-255,66,26503,70,341259
12148,0.000228,172.217.194.0-255,4320,30823,70,341259
12149,0.000231,172.31.40.0-255,66,30889,70,341259
12150,0.00025,172.217.194.0-255,6797,37686,70,341259
12151,0.000253,172.31.40.0-255,66,37752,70,341259
12152,0.000306,172.31.40.0-255,66,37818,70,341259
12153,0.000926,172.217.194.0-255,646,38464,70,341259
12154,0.000932,172.31.40.0-255,66,38530,70,341259
12155,0.001148,172.217.194.0-255,1484,40014,70,341259
12156,0.001153,172.31.40.0-255,66,40080,70,341259
12157,0.001162,172.217.194.0-255,2902,42982,70,341259
12158,0.001164,172.31.40.0-255,66,43048,70,341259
12159,0.001182,172.217.194.0-255,5738,48786,70,341259
12160,0.001198,172.217.194.0-255,4320,53106,70,341259
12161,0.001211,172.217.194.0-255,1994,55100,70,341259
12162,0.001336,172.217.194.0-255,1484,56584,70,341259
12163,0.001353,172.217.194.0-255,2902,59486,70,341259
12164,0.001368,172.217.194.0-255,4320,63806,70,341259
12165,0.001379,172.217.194.0-255,1484,65290,70,341259
12166,0.001406,172.217.194.0-255,4320,69610,70,341259
12167,0.001422,172.217.194.0-255,2543,72153,70,341259
12168,0.001939,172.217.194.0-255,1484,73637,70,341259
12169,0.001947,172.217.194.0-255,2902,76539,70,341259
12170,0.001962,172.217.194.0-255,5738,82277,70,341259
12171,0.001979,172.217.194.0-255,4320,86597,70,341259
12172,0.001995,172.217.194.0-255,4320,90917,70,341259
12173,0.002014,172.217.194.0-255,4320,95237,70,341259
12174,0.002024,172.217.194.0-255,10692,105929,70,341259
12175,0.002109,172.217.194.0-255,1484,107413,70,341259
12176,0.002112,172.217.194.0-255,1484,108897,70,341259
12177,0.002127,172.217.194.0-255,1484,110381,70,341259
12178,0.002132,172.217.194.0-255,2902,113283,70,341259
12179,0.002159,172.217.194.0-255,2902,116185,70,341259
12180,0.002192,172.217.194.0-255,1484,117669,70,341259
12181,0.002202,172.217.194.0-255,9992,127661,70,341259
12182,0.00223,172.217.194.0-255,7156,134817,70,341259
12183,0.002256,172.217.194.0-255,9274,144091,70,341259
12184,0.002274,172.217.194.0-255,5738,149829,70,341259
12185,0.002304,172.217.194.0-255,766,150595,70,341259
12186,0.002366,172.217.194.0-255,1484,152079,70,341259
12187,0.002387,172.217.194.0-255,2902,154981,70,341259
12188,0.002395,172.217.194.0-255,5738,160719,70,341259
12189,0.002428,172.217.194.0-255,1484,162203,70,341259
12190,0.002453,172.217.194.0-255,4320,166523,70,341259
12191,0.002471,172.217.194.0-255,3961,170484,70,341259
12192,0.003438,172.31.40.0-255,66,170550,70,341259
12193,0.005893,172.217.194.0-255,5738,176288,70,341259
12194,0.005903,172.31.40.0-255,66,176354,70,341259
12195,0.008274,172.217.194.0-255,5738,182092,70,341259
12196,0.008282,172.31.40.0-255,66,182158,70,341259
12197,0.010684,172.217.194.0-255,5738,187896,70,341259
12198,0.0107,172.31.40.0-255,66,187962,70,341259
12199,0.013103,172.217.194.0-255,5738,193700,70,341259
12200,0.01912,172.31.40.0-255,66,193766,70,341259
12201,0.021051,172.217.194.0-255,1484,195250,70,341259
12202,0.021515,172.217.194.0-255,4320,199570,70,341259
12203,0.021524,172.31.40.0-255,66,199636,70,341259
12204,0.023931,172.217.194.0-255,5738,205374,70,341259
12205,0.024039,172.31.40.0-255,66,205440,70,341259
12206,0.026455,172.217.194.0-255,5738,211178,70,341259
12207,0.026469,172.31.40.0-255,66,211244,70,341259
12208,0.028882,172.217.194.0-255,5738,216982,70,341259
12209,0.028895,172.31.40.0-255,66,217048,70,341259
12210,0.031308,172.217.194.0-255,5738,222786,70,341259
12211,0.031318,172.31.40.0-255,66,222852,70,341259
12212,0.03373,172.217.194.0-255,5738,228590,70,341259
12213,0.033747,172.31.40.0-255,66,228656,70,341259
12214,0.036135,172.217.194.0-255,5738,234394,70,341259
12215,0.036143,172.31.40.0-255,66,234460,70,341259
12216,0.038099,172.31.40.0-255,172,234632,70,341259
12217,0.038134,172.31.40.0-255,1113,235745,70,341259
12218,0.038203,172.31.40.0-255,1514,237259,70,341259
12219,0.038205,172.31.40.0-255,1514,238773,70,341259
12220,0.038206,172.31.40.0-255,1368,240141,70,341259
12221,0.038557,172.217.194.0-255,5738,245879,70,341259
12222,0.038564,172.31.40.0-255,66,245945,70,341259
12223,0.040267,104.244.42.0-255,66,246011,70,341259
12224,0.040949,172.217.194.0-255,5738,251749,70,341259
12225,0.040954,172.31.40.0-255,66,251815,70,341259
12226,0.043342,172.217.194.0-255,5738,257553,70,341259
12227,0.04335,172.31.40.0-255,66,257619,70,341259
12228,0.045757,172.217.194.0-255,5738,263357,70,341259
12229,0.045763,172.31.40.0-255,66,263423,70,341259
12230,0.048139,172.217.194.0-255,5738,269161,70,341259
12231,0.048146,172.31.40.0-255,66,269227,70,341259
12232,0.050572,172.217.194.0-255,5738,274965,70,341259
12233,0.050578,172.31.40.0-255,66,275031,70,341259
12234,0.052971,172.217.194.0-255,5738,280769,70,341259
12235,0.052977,172.31.40.0-255,66,280835,70,341259
12236,0.055371,172.217.194.0-255,5738,286573,70,341259
12237,0.055378,172.31.40.0-255,66,286639,70,341259
12238,0.057769,172.217.194.0-255,5738,292377,70,341259
12239,0.057775,172.31.40.0-255,66,292443,70,341259
12240,0.060151,172.217.194.0-255,5738,298181,70,341259
12241,0.060157,172.31.40.0-255,66,298247,70,341259
12242,0.062566,172.217.194.0-255,5738,303985,70,341259
12243,0.062573,172.31.40.0-255,66,304051,70,341259
12244,0.064996,172.217.194.0-255,5738,309789,70,341259
12245,0.065006,172.31.40.0-255,66,309855,70,341259
12246,0.067412,172.217.194.0-255,5738,315593,70,341259
12247,0.067418,172.31.40.0-255,66,315659,70,341259
12248,0.069793,172.217.194.0-255,5738,321397,70,341259
12249,0.069799,172.31.40.0-255,66,321463,70,341259
12250,0.072171,172.217.194.0-255,5738,327201,70,341259
12251,0.072178,172.31.40.0-255,66,327267,70,341259
12252,0.074559,172.217.194.0-255,5738,333005,70,341259
12253,0.074565,172.31.40.0-255,66,333071,70,341259
12254,0.076977,172.217.194.0-255,5738,338809,70,341259
12255,0.076983,172.31.40.0-255,66,338875,70,341259
12256,0.079361,172.217.194.0-255,2147,341022,70,341259
12257,0.079367,172.31.40.0-255,66,341088,70,341259
12258,0.079577,172.31.40.0-255,105,341193,70,341259
12259,0.081935,172.217.194.0-255,66,341259,70,341259
12260,0.0,172.217.24.0-255,153,153,70,340668
12261,2.3e-05,172.31.40.0-255,66,219,70,340668
12262,3e-05,172.217.24.0-255,1484,1703,70,340668
12263,3.5e-05,172.31.40.0-255,66,1769,70,340668
12264,4.8e-05,172.217.24.0-255,2902,4671,70,340668
12265,5.1e-05,172.31.40.0-255,66,4737,70,340668
12266,5.7e-05,172.217.24.0-255,4320,9057,70,340668
12267,6e-05,172.31.40.0-255,66,9123,70,340668
12268,9.9e-05,172.217.24.0-255,4892,14015,70,340668
12269,0.000103,172.31.40.0-255,66,14081,70,340668
12270,0.000716,172.217.24.0-255,1484,15565,70,340668
12271,0.000722,172.31.40.0-255,66,15631,70,340668
12272,0.000731,172.217.24.0-255,2902,18533,70,340668
12273,0.000734,172.31.40.0-255,66,18599,70,340668
12274,0.000748,172.217.24.0-255,2902,21501,70,340668
12275,0.00075,172.31.40.0-255,66,21567,70,340668
12276,0.000756,172.217.24.0-255,4320,25887,70,340668
12277,0.000758,172.31.40.0-255,66,25953,70,340668
12278,0.000795,172.217.24.0-255,5379,31332,70,340668
12279,0.000797,172.31.40.0-255,66,31398,70,340668
12280,0.000978,172.217.24.0-255,1484,32882,70,340668
12281,0.000984,172.31.40.0-255,66,32948,70,340668
12282,0.000991,172.217.24.0-255,2902,35850,70,340668
12283,0.000993,172.31.40.0-255,66,35916,70,340668
12284,0.000998,172.217.24.0-255,2902,38818,70,340668
12285,0.001005,172.31.40.0-255,66,38884,70,340668
12286,0.00104,172.217.24.0-255,2902,41786,70,340668
12287,0.001043,172.31.40.0-255,66,41852,70,340668
12288,0.00105,172.217.24.0-255,6797,48649,70,340668
12289,0.001052,172.31.40.0-255,66,48715,70,340668
12290,0.001082,172.217.24.0-255,1484,50199,70,340668
12291,0.001084,172.31.40.0-255,66,50265,70,340668
12292,0.001105,172.217.24.0-255,2902,53167,70,340668
12293,0.001107,172.31.40.0-255,66,53233,70,340668
12294,0.001114,172.217.24.0-255,5738,58971,70,340668
12295,0.001116,172.31.40.0-255,66,59037,70,340668
12296,0.001119,172.217.24.0-255,1484,60521,70,340668
12297,0.001154,172.217.24.0-255,5379,65900,70,340668
12298,0.001157,172.31.40.0-255,66,65966,70,340668
12299,0.001159,172.217.24.0-255,393,66359,70,340668
12300,0.0019,172.217.24.0-255,116,66475,70,340668
12301,0.002113,172.217.24.0-255,1484,67959,70,340668
12302,0.002118,172.31.40.0-255,66,68025,70,340668
12303,0.00322,172.217.24.0-255,1484,69509,70,340668
12304,0.004204,172.217.24.0-255,4320,73829,70,340668
12305,0.004212,172.31.40.0-255,66,73895,70,340668
12306,0.006309,172.217.24.0-255,5738,79633,70,340668
12307,0.006316,172.31.40.0-255,66,79699,70,340668
12308,0.0084,172.217.24.0-255,5738,85437,70,340668
12309,0.008407,172.31.40.0-255,66,85503,70,340668
12310,0.010504,172.217.24.0-255,5738,91241,70,340668
12311,0.010513,172.31.40.0-255,66,91307,70,340668
12312,0.0126,172.217.24.0-255,5738,97045,70,340668
12313,0.012609,172.31.40.0-255,66,97111,70,340668
12314,0.014698,172.217.24.0-255,5738,102849,70,340668
12315,0.014707,172.31.40.0-255,66,102915,70,340668
12316,0.016808,172.217.24.0-255,5738,108653,70,340668
12317,0.016817,172.31.40.0-255,66,108719,70,340668
12318,0.018913,172.217.24.0-255,5738,114457,70,340668
12319,0.018922,172.31.40.0-255,66,114523,70,340668
12320,0.021025,172.217.24.0-255,5738,120261,70,340668
12321,0.021034,172.31.40.0-255,66,120327,70,340668
12322,0.023127,172.217.24.0-255,5738,126065,70,340668
12323,0.023136,172.31.40.0-255,66,126131,70,340668
12324,0.024668,172.31.40.0-255,172,126303,70,340668
12325,0.024701,172.31.40.0-255,1118,127421,70,340668
12326,0.024763,172.31.40.0-255,1514,128935,70,340668
12327,0.024765,172.31.40.0-255,1514,130449,70,340668
12328,0.024798,172.31.40.0-255,844,131293,70,340668
12329,0.02523,172.217.24.0-255,5738,137031,70,340668
12330,0.025237,172.31.40.0-255,66,137097,70,340668
12331,0.026302,104.244.42.0-255,66,137163,70,340668
12332,0.02635,104.244.42.0-255,66,137229,70,340668
12333,0.02645,104.244.42.0-255,66,137295,70,340668
12334,0.026455,104.244.42.0-255,66,137361,70,340668
12335,0.027353,172.217.24.0-255,5738,143099,70,340668
12336,0.027359,172.31.40.0-255,66,143165,70,340668
12337,0.029455,172.217.24.0-255,5738,148903,70,340668
12338,0.029462,172.31.40.0-255,66,148969,70,340668
12339,0.031558,172.217.24.0-255,5738,154707,70,340668
12340,0.031564,172.31.40.0-255,66,154773,70,340668
12341,0.033663,172.217.24.0-255,5738,160511,70,340668
12342,0.03367,172.31.40.0-255,66,160577,70,340668
12343,0.035769,172.217.24.0-255,5738,166315,70,340668
12344,0.035776,172.31.40.0-255,66,166381,70,340668
12345,0.037859,172.217.24.0-255,5738,172119,70,340668
12346,0.037866,172.31.40.0-255,66,172185,70,340668
12347,0.039957,172.217.24.0-255,5738,177923,70,340668
12348,0.039964,172.31.40.0-255,66,177989,70,340668
12349,0.04207,172.217.24.0-255,5738,183727,70,340668
12350,0.042079,172.31.40.0-255,66,183793,70,340668
12351,0.044174,172.217.24.0-255,5738,189531,70,340668
12352,0.044181,172.31.40.0-255,66,189597,70,340668
12353,0.046289,172.217.24.0-255,5738,195335,70,340668
12354,0.046295,172.31.40.0-255,66,195401,70,340668
12355,0.048396,172.217.24.0-255,5738,201139,70,340668
12356,0.048401,172.31.40.0-255,66,201205,70,340668
12357,0.050502,172.217.24.0-255,5738,206943,70,340668
12358,0.050509,172.31.40.0-255,66,207009,70,340668
12359,0.052617,172.217.24.0-255,5738,212747,70,340668
12360,0.052624,172.31.40.0-255,66,212813,70,340668
12361,0.054767,172.217.24.0-255,5738,218551,70,340668
12362,0.054773,172.31.40.0-255,66,218617,70,340668
12363,0.056883,172.217.24.0-255,5738,224355,70,340668
12364,0.056892,172.31.40.0-255,66,224421,70,340668
12365,0.058988,172.217.24.0-255,5738,230159,70,340668
12366,0.058996,172.31.40.0-255,66,230225,70,340668
12367,0.061105,172.217.24.0-255,5738,235963,70,340668
12368,0.061113,172.31.40.0-255,66,236029,70,340668
12369,0.063212,172.217.24.0-255,5738,241767,70,340668
12370,0.063218,172.31.40.0-255,66,241833,70,340668
12371,0.065318,172.217.24.0-255,5738,247571,70,340668
12372,0.06533,172.31.40.0-255,66,247637,70,340668
12373,0.067436,172.217.24.0-255,5738,253375,70,340668
12374,0.067448,172.31.40.0-255,66,253441,70,340668
12375,0.069565,172.217.24.0-255,5738,259179,70,340668
12376,0.069574,172.31.40.0-255,66,259245,70,340668
12377,0.071699,172.217.24.0-255,5738,264983,70,340668
12378,0.071712,172.31.40.0-255,66,265049,70,340668
12379,0.071846,172.31.40.0-255,101,265150,70,340668
12380,0.073882,172.217.24.0-255,5738,270888,70,340668
12381,0.073893,172.31.40.0-255,66,270954,70,340668
12382,0.073924,172.217.24.0-255,66,271020,70,340668
12383,0.075994,172.217.24.0-255,5738,276758,70,340668
12384,0.076001,172.31.40.0-255,66,276824,70,340668
12385,0.078094,172.217.24.0-255,5738,282562,70,340668
12386,0.078101,172.31.40.0-255,66,282628,70,340668
12387,0.080246,172.217.24.0-255,5738,288366,70,340668
12388,0.080254,172.31.40.0-255,66,288432,70,340668
12389,0.082344,172.217.24.0-255,5738,294170,70,340668
12390,0.082351,172.31.40.0-255,66,294236,70,340668
12391,0.084465,172.217.24.0-255,5738,299974,70,340668
12392,0.084472,172.31.40.0-255,66,300040,70,340668
12393,0.086565,172.217.24.0-255,5738,305778,70,340668
12394,0.086572,172.31.40.0-255,66,305844,70,340668
12395,0.088682,172.217.24.0-255,5738,311582,70,340668
12396,0.088689,172.31.40.0-255,66,311648,70,340668
12397,0.090784,172.217.24.0-255,5738,317386,70,340668
12398,0.090791,172.31.40.0-255,66,317452,70,340668
12399,0.09289,172.217.24.0-255,5738,323190,70,340668
12400,0.092896,172.31.40.0-255,66,323256,70,340668
12401,0.095037,172.217.24.0-255,5738,328994,70,340668
12402,0.095044,172.31.40.0-255,66,329060,70,340668
12403,0.097147,172.217.24.0-255,5738,334798,70,340668
12404,0.097153,172.31.40.0-255,66,334864,70,340668
12405,0.099263,172.217.24.0-255,5738,340602,70,340668
12406,0.09927,172.31.40.0-255,66,340668,70,340668
12407,0.0,172.217.194.0-255,150,150,70,296570
12408,2.1e-05,172.31.40.0-255,66,216,70,296570
12409,2.9e-05,172.217.194.0-255,1484,1700,70,296570
12410,3.3e-05,172.31.40.0-255,66,1766,70,296570
12411,4.7e-05,172.217.194.0-255,2902,4668,70,296570
12412,5.1e-05,172.31.40.0-255,66,4734,70,296570
12413,5.9e-05,172.217.194.0-255,7156,11890,70,296570
12414,6.2e-05,172.31.40.0-255,66,11956,70,296570
12415,7e-05,172.217.194.0-255,7797,19753,70,296570
12416,7.3e-05,172.31.40.0-255,66,19819,70,296570
12417,9.2e-05,172.217.194.0-255,1484,21303,70,296570
12418,9.8e-05,172.31.40.0-255,66,21369,70,296570
12419,0.000136,172.217.194.0-255,9633,31002,70,296570
12420,0.000139,172.31.40.0-255,66,31068,70,296570
12421,0.000185,172.217.194.0-255,1484,32552,70,296570
12422,0.000188,172.31.40.0-255,66,32618,70,296570
12423,0.000193,172.217.194.0-255,2902,35520,70,296570
12424,0.000195,172.31.40.0-255,66,35586,70,296570
12425,0.000207,172.217.194.0-255,5738,41324,70,296570
12426,0.00021,172.31.40.0-255,66,41390,70,296570
12427,0.000216,172.217.194.0-255,5738,47128,70,296570
12428,0.000218,172.31.40.0-255,66,47194,70,296570
12429,0.000223,172.217.194.0-255,2902,50096,70,296570
12430,0.000225,172.31.40.0-255,66,50162,70,296570
12431,0.000263,172.217.194.0-255,8574,58736,70,296570
12432,0.000265,172.31.40.0-255,66,58802,70,296570
12433,0.00029,172.217.194.0-255,1484,60286,70,296570
12434,0.000292,172.31.40.0-255,66,60352,70,296570
12435,0.000299,172.217.194.0-255,5020,65372,70,296570
12436,0.000302,172.31.40.0-255,66,65438,70,296570
12437,0.000308,172.217.194.0-255,413,65851,70,296570
12438,0.00031,172.31.40.0-255,66,65917,70,296570
12439,0.0004,172.217.194.0-255,1484,67401,70,296570
12440,0.000418,172.217.194.0-255,2902,70303,70,296570
12441,0.000422,172.31.40.0-255,66,70369,70,296570
12442,0.000441,172.217.194.0-255,4320,74689,70,296570
12443,0.000443,172.31.40.0-255,66,74755,70,296570
12444,0.000473,172.217.194.0-255,1484,76239,70,296570
12445,0.00048,172.217.194.0-255,5738,81977,70,296570
12446,0.000483,172.31.40.0-255,66,82043,70,296570
12447,0.000496,172.31.40.0-255,66,82109,70,296570
12448,0.000529,172.217.194.0-255,1484,83593,70,296570
12449,0.000536,172.217.194.0-255,5020,88613,70,296570
12450,0.000538,172.31.40.0-255,66,88679,70,296570
12451,0.000567,172.217.194.0-255,363,89042,70,296570
12452,0.000587,172.217.194.0-255,1484,90526,70,296570
12453,0.00059,172.31.40.0-255,66,90592,70,296570
12454,0.000595,172.217.194.0-255,2902,93494,70,296570
12455,0.000597,172.31.40.0-255,66,93560,70,296570
12456,0.000614,172.217.194.0-255,1484,95044,70,296570
12457,0.000622,172.217.194.0-255,7156,102200,70,296570
12458,0.000629,172.31.40.0-255,66,102266,70,296570
12459,0.000632,172.217.194.0-255,1484,103750,70,296570
12460,0.000657,172.31.40.0-255,66,103816,70,296570
12461,0.000664,172.217.194.0-255,5738,109554,70,296570
12462,0.000666,172.31.40.0-255,66,109620,70,296570
12463,0.000688,172.217.194.0-255,2184,111804,70,296570
12464,0.00069,172.31.40.0-255,66,111870,70,296570
12465,0.00073,172.217.194.0-255,1484,113354,70,296570
12466,0.000749,172.217.194.0-255,2902,116256,70,296570
12467,0.000752,172.31.40.0-255,66,116322,70,296570
12468,0.00076,172.217.194.0-255,5738,122060,70,296570
12469,0.000857,172.217.194.0-255,8574,130634,70,296570
12470,0.00087,172.217.194.0-255,2184,132818,70,296570
12471,0.000898,172.217.194.0-255,9992,142810,70,296570
12472,0.000917,172.217.194.0-255,7156,149966,70,296570
12473,0.000927,172.217.194.0-255,9992,159958,70,296570
12474,0.000949,172.217.194.0-255,6438,166396,70,296570
12475,0.00096,172.31.40.0-255,66,166462,70,296570
12476,0.001066,172.217.194.0-255,1484,167946,70,296570
12477,0.001074,172.217.194.0-255,2902,170848,70,296570
12478,0.001076,172.217.194.0-255,1484,172332,70,296570
12479,0.001091,172.31.40.0-255,66,172398,70,296570
12480,0.001097,172.217.194.0-255,4320,176718,70,296570
12481,0.001103,172.31.40.0-255,66,176784,70,296570
12482,0.001153,172.31.40.0-255,66,176850,70,296570
12483,0.001164,172.217.194.0-255,5738,182588,70,296570
12484,0.001169,172.31.40.0-255,66,182654,70,296570
12485,0.001194,172.217.194.0-255,5020,187674,70,296570
12486,0.001218,172.217.194.0-255,1484,189158,70,296570
12487,0.001221,172.217.194.0-255,1484,190642,70,296570
12488,0.001231,172.217.194.0-255,1484,192126,70,296570
12489,0.001268,172.217.194.0-255,5738,197864,70,296570
12490,0.001291,172.217.194.0-255,9992,207856,70,296570
12491,0.001304,172.217.194.0-255,2184,210040,70,296570
12492,0.001307,172.31.40.0-255,66,210106,70,296570
12493,0.001313,172.31.40.0-255,66,210172,70,296570
12494,0.001398,172.217.194.0-255,1484,211656,70,296570
12495,0.00142,172.217.194.0-255,2902,214558,70,296570
12496,0.001426,172.217.194.0-255,4320,218878,70,296570
12497,0.001439,172.31.40.0-255,66,218944,70,296570
12498,0.001442,172.217.194.0-255,1484,220428,70,296570
12499,0.001467,172.31.40.0-255,66,220494,70,296570
12500,0.001474,172.217.194.0-255,1484,221978,70,296570
12501,0.001487,172.217.194.0-255,8574,230552,70,296570
12502,0.001516,172.217.194.0-255,2902,233454,70,296570
12503,0.00152,172.31.40.0-255,66,233520,70,296570
12504,0.001525,172.31.40.0-255,66,233586,70,296570
12505,0.001579,172.217.194.0-255,3602,237188,70,296570
12506,0.001641,172.217.194.0-255,9992,247180,70,296570
12507,0.001659,172.217.194.0-255,8574,255754,70,296570
12508,0.00167,172.217.194.0-255,10692,266446,70,296570
12509,0.001679,172.217.194.0-255,9992,276438,70,296570
12510,0.001691,172.31.40.0-255,66,276504,70,296570
12511,0.0017,172.217.194.0-255,9992,286496,70,296570
12512,0.001717,172.217.194.0-255,5452,291948,70,296570
12513,0.001722,172.31.40.0-255,66,292014,70,296570
12514,0.00176,172.217.194.0-255,105,292119,70,296570
12515,0.012867,172.31.40.0-255,66,292185,70,296570
12516,0.012919,172.31.40.0-255,105,292290,70,296570
12517,0.015566,172.217.194.0-255,66,292356,70,296570
12518,0.039664,172.31.40.0-255,190,292546,70,296570
12519,0.039696,172.31.40.0-255,1113,293659,70,296570
12520,0.039763,172.31.40.0-255,1514,295173,70,296570
12521,0.039765,172.31.40.0-255,1331,296504,70,296570
12522,0.042012,104.244.42.0-255,66,296570,70,296570
12523,0.0,74.125.24.0-255,153,153,70,295019
12524,2e-05,172.31.40.0-255,66,219,70,295019
12525,2.9e-05,74.125.24.0-255,1484,1703,70,295019
12526,3.4e-05,172.31.40.0-255,66,1769,70,295019
12527,4e-05,74.125.24.0-255,2902,4671,70,295019
12528,4.2e-05,172.31.40.0-255,66,4737,70,295019
12529,5.1e-05,74.125.24.0-255,7156,11893,70,295019
12530,5.5e-05,172.31.40.0-255,66,11959,70,295019
12531,6.3e-05,74.125.24.0-255,9154,21113,70,295019
12532,6.6e-05,172.31.40.0-255,66,21179,70,295019
12533,7.5e-05,74.125.24.0-255,7156,28335,70,295019
12534,7.8e-05,172.31.40.0-255,66,28401,70,295019
12535,0.000106,74.125.24.0-255,2543,30944,70,295019
12536,0.000109,172.31.40.0-255,66,31010,70,295019
12537,0.000219,74.125.24.0-255,1484,32494,70,295019
12538,0.000223,172.31.40.0-255,66,32560,70,295019
12539,0.000228,74.125.24.0-255,2902,35462,70,295019
12540,0.00023,172.31.40.0-255,66,35528,70,295019
12541,0.000246,74.125.24.0-255,5738,41266,70,295019
12542,0.000249,172.31.40.0-255,66,41332,70,295019
12543,0.000254,74.125.24.0-255,4320,45652,70,295019
12544,0.000256,172.31.40.0-255,66,45718,70,295019
12545,0.000277,74.125.24.0-255,2543,48261,70,295019
12546,0.00028,172.31.40.0-255,66,48327,70,295019
12547,0.000306,74.125.24.0-255,7156,55483,70,295019
12548,0.000308,172.31.40.0-255,66,55549,70,295019
12549,0.00033,74.125.24.0-255,7156,62705,70,295019
12550,0.000333,172.31.40.0-255,66,62771,70,295019
12551,0.000337,74.125.24.0-255,2850,65621,70,295019
12552,0.000339,172.31.40.0-255,66,65687,70,295019
12553,0.000363,74.125.24.0-255,113,65800,70,295019
12554,0.000366,172.31.40.0-255,66,65866,70,295019
12555,0.000503,74.125.24.0-255,1484,67350,70,295019
12556,0.00051,74.125.24.0-255,1484,68834,70,295019
12557,0.000513,172.31.40.0-255,66,68900,70,295019
12558,0.000533,74.125.24.0-255,1484,70384,70,295019
12559,0.00054,74.125.24.0-255,5738,76122,70,295019
12560,0.000543,172.31.40.0-255,66,76188,70,295019
12561,0.000546,74.125.24.0-255,1484,77672,70,295019
12562,0.000576,172.31.40.0-255,66,77738,70,295019
12563,0.000585,74.125.24.0-255,9633,87371,70,295019
12564,0.000588,172.31.40.0-255,66,87437,70,295019
12565,0.001192,74.125.24.0-255,1484,88921,70,295019
12566,0.001199,74.125.24.0-255,2902,91823,70,295019
12567,0.001202,172.31.40.0-255,66,91889,70,295019
12568,0.001206,74.125.24.0-255,1484,93373,70,295019
12569,0.001229,74.125.24.0-255,4320,97693,70,295019
12570,0.001236,74.125.24.0-255,5738,103431,70,295019
12571,0.001239,74.125.24.0-255,2902,106333,70,295019
12572,0.001243,172.31.40.0-255,66,106399,70,295019
12573,0.001246,172.31.40.0-255,66,106465,70,295019
12574,0.001253,172.31.40.0-255,66,106531,70,295019
12575,0.001262,74.125.24.0-255,9992,116523,70,295019
12576,0.001264,172.31.40.0-255,66,116589,70,295019
12577,0.001267,74.125.24.0-255,1484,118073,70,295019
12578,0.001295,74.125.24.0-255,3602,121675,70,295019
12579,0.001297,172.31.40.0-255,66,121741,70,295019
12580,0.001398,74.125.24.0-255,1484,123225,70,295019
12581,0.001404,74.125.24.0-255,2902,126127,70,295019
12582,0.001407,172.31.40.0-255,66,126193,70,295019
12583,0.001431,74.125.24.0-255,5738,131931,70,295019
12584,0.001434,172.31.40.0-255,66,131997,70,295019
12585,0.00144,74.125.24.0-255,5738,137735,70,295019
12586,0.001442,172.31.40.0-255,66,137801,70,295019
12587,0.001453,74.125.24.0-255,1484,139285,70,295019
12588,0.001456,74.125.24.0-255,1484,140769,70,295019
12589,0.001459,172.31.40.0-255,66,140835,70,295019
12590,0.001493,172.31.40.0-255,66,140901,70,295019
12591,0.001499,74.125.24.0-255,5020,145921,70,295019
12592,0.001501,172.31.40.0-255,66,145987,70,295019
12593,0.001519,74.125.24.0-255,2902,148889,70,295019
12594,0.001521,172.31.40.0-255,66,148955,70,295019
12595,0.001547,172.31.40.0-255,66,149021,70,295019
12596,0.001576,74.125.24.0-255,4320,153341,70,295019
12597,0.001579,172.31.40.0-255,66,153407,70,295019
12598,0.001588,74.125.24.0-255,9274,162681,70,295019
12599,0.001591,172.31.40.0-255,66,162747,70,295019
12600,0.001718,74.125.24.0-255,1484,164231,70,295019
12601,0.001723,74.125.24.0-255,2902,167133,70,295019
12602,0.001726,172.31.40.0-255,66,167199,70,295019
12603,0.00173,74.125.24.0-255,1484,168683,70,295019
12604,0.001749,74.125.24.0-255,2902,171585,70,295019
12605,0.001751,172.31.40.0-255,66,171651,70,295019
12606,0.001757,74.125.24.0-255,5738,177389,70,295019
12607,0.001759,172.31.40.0-255,66,177455,70,295019
12608,0.001765,74.125.24.0-255,5738,183193,70,295019
12609,0.001768,172.31.40.0-255,66,183259,70,295019
12610,0.001804,74.125.24.0-255,5738,188997,70,295019
12611,0.001807,172.31.40.0-255,66,189063,70,295019
12612,0.001815,74.125.24.0-255,7856,196919,70,295019
12613,0.001817,172.31.40.0-255,66,196985,70,295019
12614,0.00191,74.125.24.0-255,1484,198469,70,295019
12615,0.001965,74.125.24.0-255,2902,201371,70,295019
12616,0.001968,172.31.40.0-255,66,201437,70,295019
12617,0.001974,74.125.24.0-255,5738,207175,70,295019
12618,0.001977,172.31.40.0-255,66,207241,70,295019
12619,0.001997,172.31.40.0-255,66,207307,70,295019
12620,0.002005,74.125.24.0-255,8574,215881,70,295019
12621,0.002008,172.31.40.0-255,66,215947,70,295019
12622,0.002026,74.125.24.0-255,2184,218131,70,295019
12623,0.002028,172.31.40.0-255,66,218197,70,295019
12624,0.00204,74.125.24.0-255,1484,219681,70,295019
12625,0.002058,74.125.24.0-255,7156,226837,70,295019
12626,0.002061,172.31.40.0-255,66,226903,70,295019
12627,0.002071,74.125.24.0-255,9992,236895,70,295019
12628,0.002073,172.31.40.0-255,66,236961,70,295019
12629,0.002104,74.125.24.0-255,7156,244117,70,295019
12630,0.002107,172.31.40.0-255,66,244183,70,295019
12631,0.002138,74.125.24.0-255,7856,252039,70,295019
12632,0.002141,172.31.40.0-255,66,252105,70,295019
12633,0.002156,172.31.40.0-255,66,252171,70,295019
12634,0.002172,172.31.40.0-255,66,252237,70,295019
12635,0.002204,74.125.24.0-255,7156,259393,70,295019
12636,0.002207,172.31.40.0-255,66,259459,70,295019
12637,0.002228,74.125.24.0-255,9992,269451,70,295019
12638,0.002231,172.31.40.0-255,66,269517,70,295019
12639,0.002264,74.125.24.0-255,9274,278791,70,295019
12640,0.002267,172.31.40.0-255,66,278857,70,295019
12641,0.002288,172.31.40.0-255,66,278923,70,295019
12642,0.002313,74.125.24.0-255,2184,281107,70,295019
12643,0.002316,172.31.40.0-255,66,281173,70,295019
12644,0.002324,74.125.24.0-255,8008,289181,70,295019
12645,0.002326,172.31.40.0-255,66,289247,70,295019
12646,0.00233,74.125.24.0-255,105,289352,70,295019
12647,0.004111,172.31.40.0-255,66,289418,70,295019
12648,0.004148,172.31.40.0-255,105,289523,70,295019
12649,0.006742,74.125.24.0-255,66,289589,70,295019
12650,0.042913,172.31.40.0-255,176,289765,70,295019
12651,0.042948,172.31.40.0-255,1116,290881,70,295019
12652,0.043014,172.31.40.0-255,1514,292395,70,295019
12653,0.043016,172.31.40.0-255,1514,293909,70,295019
12654,0.043017,172.31.40.0-255,846,294755,70,295019
12655,0.044496,104.244.42.0-255,66,294821,70,295019
12656,0.044537,104.244.42.0-255,66,294887,70,295019
12657,0.044612,104.244.42.0-255,66,294953,70,295019
12658,0.044616,104.244.42.0-255,66,295019,70,295019
12659,0.0,74.125.24.0-255,152,152,70,354051
12660,2.1e-05,172.31.40.0-255,66,218,70,354051
12661,2.8e-05,74.125.24.0-255,1484,1702,70,354051
12662,3.3e-05,172.31.40.0-255,66,1768,70,354051
12663,4e-05,74.125.24.0-255,2902,4670,70,354051
12664,4.3e-05,172.31.40.0-255,66,4736,70,354051
12665,4.8e-05,74.125.24.0-255,2902,7638,70,354051
12666,5.1e-05,172.31.40.0-255,66,7704,70,354051
12667,7.3e-05,74.125.24.0-255,4320,12024,70,354051
12668,7.6e-05,172.31.40.0-255,66,12090,70,354051
12669,0.000129,74.125.24.0-255,2902,14992,70,354051
12670,0.000133,172.31.40.0-255,66,15058,70,354051
12671,0.000155,74.125.24.0-255,4899,19957,70,354051
12672,0.000158,172.31.40.0-255,66,20023,70,354051
12673,0.000167,74.125.24.0-255,8574,28597,70,354051
12674,0.000169,172.31.40.0-255,66,28663,70,354051
12675,0.000173,74.125.24.0-255,2543,31206,70,354051
12676,0.000176,172.31.40.0-255,66,31272,70,354051
12677,0.000308,74.125.24.0-255,1484,32756,70,354051
12678,0.000313,172.31.40.0-255,66,32822,70,354051
12679,0.000318,74.125.24.0-255,1484,34306,70,354051
12680,0.00032,172.31.40.0-255,66,34372,70,354051
12681,0.000333,74.125.24.0-255,1484,35856,70,354051
12682,0.000335,172.31.40.0-255,66,35922,70,354051
12683,0.000341,74.125.24.0-255,4320,40242,70,354051
12684,0.000344,172.31.40.0-255,66,40308,70,354051
12685,0.000359,74.125.24.0-255,1484,41792,70,354051
12686,0.000361,172.31.40.0-255,66,41858,70,354051
12687,0.00038,74.125.24.0-255,5738,47596,70,354051
12688,0.000383,172.31.40.0-255,66,47662,70,354051
12689,0.000397,74.125.24.0-255,1125,48787,70,354051
12690,0.000399,172.31.40.0-255,66,48853,70,354051
12691,0.000407,74.125.24.0-255,7156,56009,70,354051
12692,0.000409,172.31.40.0-255,66,56075,70,354051
12693,0.000434,74.125.24.0-255,9633,65708,70,354051
12694,0.000437,172.31.40.0-255,66,65774,70,354051
12695,0.000507,74.125.24.0-255,646,66420,70,354051
12696,0.000953,74.125.24.0-255,1484,67904,70,354051
12697,0.000958,172.31.40.0-255,66,67970,70,354051
12698,0.000962,74.125.24.0-255,1484,69454,70,354051
12699,0.00098,74.125.24.0-255,1484,70938,70,354051
12700,0.000982,172.31.40.0-255,66,71004,70,354051
12701,0.00099,74.125.24.0-255,5738,76742,70,354051
12702,0.000992,172.31.40.0-255,66,76808,70,354051
12703,0.001012,74.125.24.0-255,7156,83964,70,354051
12704,0.001014,172.31.40.0-255,66,84030,70,354051
12705,0.001039,74.125.24.0-255,5738,89768,70,354051
12706,0.001042,172.31.40.0-255,66,89834,70,354051
12707,0.001079,74.125.24.0-255,10692,100526,70,354051
12708,0.001082,172.31.40.0-255,66,100592,70,354051
12709,0.001283,74.125.24.0-255,1484,102076,70,354051
12710,0.001289,74.125.24.0-255,2902,104978,70,354051
12711,0.001293,172.31.40.0-255,66,105044,70,354051
12712,0.001315,74.125.24.0-255,5738,110782,70,354051
12713,0.001318,172.31.40.0-255,66,110848,70,354051
12714,0.001359,172.31.40.0-255,66,110914,70,354051
12715,0.001384,74.125.24.0-255,1484,112398,70,354051
12716,0.001411,74.125.24.0-255,9274,121672,70,354051
12717,0.001414,172.31.40.0-255,66,121738,70,354051
12718,0.001432,74.125.24.0-255,1484,123222,70,354051
12719,0.001455,74.125.24.0-255,5738,128960,70,354051
12720,0.001459,172.31.40.0-255,66,129026,70,354051
12721,0.001467,74.125.24.0-255,8574,137600,70,354051
12722,0.00147,172.31.40.0-255,66,137666,70,354051
12723,0.001529,172.31.40.0-255,66,137732,70,354051
12724,0.001534,74.125.24.0-255,3602,141334,70,354051
12725,0.001536,172.31.40.0-255,66,141400,70,354051
12726,0.001581,74.125.24.0-255,4320,145720,70,354051
12727,0.001585,172.31.40.0-255,66,145786,70,354051
12728,0.001588,74.125.24.0-255,1484,147270,70,354051
12729,0.001605,74.125.24.0-255,4320,151590,70,354051
12730,0.001609,172.31.40.0-255,66,151656,70,354051
12731,0.001616,74.125.24.0-255,7156,158812,70,354051
12732,0.001619,172.31.40.0-255,66,158878,70,354051
12733,0.001639,74.125.24.0-255,4320,163198,70,354051
12734,0.001654,172.31.40.0-255,66,163264,70,354051
12735,0.001662,172.31.40.0-255,66,163330,70,354051
12736,0.001827,74.125.24.0-255,1484,164814,70,354051
12737,0.001833,74.125.24.0-255,2902,167716,70,354051
12738,0.001836,172.31.40.0-255,66,167782,70,354051
12739,0.001859,74.125.24.0-255,5738,173520,70,354051
12740,0.001862,172.31.40.0-255,66,173586,70,354051
12741,0.001865,74.125.24.0-255,1484,175070,70,354051
12742,0.001905,172.31.40.0-255,66,175136,70,354051
12743,0.001915,74.125.24.0-255,10692,185828,70,354051
12744,0.001918,172.31.40.0-255,66,185894,70,354051
12745,0.002256,74.125.24.0-255,1484,187378,70,354051
12746,0.002271,74.125.24.0-255,2902,190280,70,354051
12747,0.002275,172.31.40.0-255,66,190346,70,354051
12748,0.002298,74.125.24.0-255,5738,196084,70,354051
12749,0.002302,172.31.40.0-255,66,196150,70,354051
12750,0.002327,74.125.24.0-255,5738,201888,70,354051
12751,0.00233,172.31.40.0-255,66,201954,70,354051
12752,0.004605,74.125.24.0-255,5738,207692,70,354051
12753,0.004612,172.31.40.0-255,66,207758,70,354051
12754,0.006893,74.125.24.0-255,5738,213496,70,354051
12755,0.0069,172.31.40.0-255,66,213562,70,354051
12756,0.009176,74.125.24.0-255,5738,219300,70,354051
12757,0.009183,172.31.40.0-255,66,219366,70,354051
12758,0.01148,74.125.24.0-255,5738,225104,70,354051
12759,0.011488,172.31.40.0-255,66,225170,70,354051
12760,0.013773,74.125.24.0-255,5738,230908,70,354051
12761,0.01378,172.31.40.0-255,66,230974,70,354051
12762,0.016088,74.125.24.0-255,5738,236712,70,354051
12763,0.016094,172.31.40.0-255,66,236778,70,354051
12764,0.018418,74.125.24.0-255,5738,242516,70,354051
12765,0.018425,172.31.40.0-255,66,242582,70,354051
12766,0.020726,74.125.24.0-255,5738,248320,70,354051
12767,0.020734,172.31.40.0-255,66,248386,70,354051
12768,0.023016,74.125.24.0-255,5738,254124,70,354051
12769,0.023022,172.31.40.0-255,66,254190,70,354051
12770,0.025317,74.125.24.0-255,5738,259928,70,354051
12771,0.025324,172.31.40.0-255,66,259994,70,354051
12772,0.027633,74.125.24.0-255,5738,265732,70,354051
12773,0.027639,172.31.40.0-255,66,265798,70,354051
12774,0.02993,74.125.24.0-255,5738,271536,70,354051
12775,0.029937,172.31.40.0-255,66,271602,70,354051
12776,0.032244,74.125.24.0-255,5738,277340,70,354051
12777,0.032268,172.31.40.0-255,66,277406,70,354051
12778,0.034554,74.125.24.0-255,5738,283144,70,354051
12779,0.034561,172.31.40.0-255,66,283210,70,354051
12780,0.036905,74.125.24.0-255,5738,288948,70,354051
12781,0.036912,172.31.40.0-255,66,289014,70,354051
12782,0.039217,74.125.24.0-255,5738,294752,70,354051
12783,0.039224,172.31.40.0-255,66,294818,70,354051
12784,0.041528,74.125.24.0-255,5738,300556,70,354051
12785,0.041543,172.31.40.0-255,66,300622,70,354051
12786,0.04386,74.125.24.0-255,5738,306360,70,354051
12787,0.04387,172.31.40.0-255,66,306426,70,354051
12788,0.046149,74.125.24.0-255,5738,312164,70,354051
12789,0.046156,172.31.40.0-255,66,312230,70,354051
12790,0.048472,74.125.24.0-255,5738,317968,70,354051
12791,0.048479,172.31.40.0-255,66,318034,70,354051
12792,0.050783,74.125.24.0-255,5738,323772,70,354051
12793,0.050792,172.31.40.0-255,66,323838,70,354051
12794,0.053089,74.125.24.0-255,5738,329576,70,354051
12795,0.053096,172.31.40.0-255,66,329642,70,354051
12796,0.055406,74.125.24.0-255,5738,335380,70,354051
12797,0.055413,172.31.40.0-255,66,335446,70,354051
12798,0.057705,74.125.24.0-255,5738,341184,70,354051
12799,0.057713,172.31.40.0-255,66,341250,70,354051
12800,0.060019,74.125.24.0-255,2902,344152,70,354051
12801,0.060026,172.31.40.0-255,66,344218,70,354051
12802,0.060048,74.125.24.0-255,2902,347120,70,354051
12803,0.060051,172.31.40.0-255,66,347186,70,354051
12804,0.062313,74.125.24.0-255,739,347925,70,354051
12805,0.064341,172.31.40.0-255,105,348030,70,354051
12806,0.064374,172.31.40.0-255,105,348135,70,354051
12807,0.064582,172.31.40.0-255,90,348225,70,354051
12808,0.064592,172.31.40.0-255,66,348291,70,354051
12809,0.066602,74.125.24.0-255,66,348357,70,354051
12810,0.066631,74.125.24.0-255,66,348423,70,354051
12811,0.066839,74.125.24.0-255,66,348489,70,354051
12812,0.066845,74.125.24.0-255,66,348555,70,354051
12813,0.06685,172.31.40.0-255,66,348621,70,354051
12814,0.079506,172.31.40.0-255,176,348797,70,354051
12815,0.079538,172.31.40.0-255,1116,349913,70,354051
12816,0.079617,172.31.40.0-255,1514,351427,70,354051
12817,0.079618,172.31.40.0-255,1514,352941,70,354051
12818,0.079642,172.31.40.0-255,846,353787,70,354051
12819,0.081038,104.244.42.0-255,66,353853,70,354051
12820,0.081065,104.244.42.0-255,66,353919,70,354051
12821,0.081151,104.244.42.0-255,66,353985,70,354051
12822,0.081158,104.244.42.0-255,66,354051,70,354051
12823,0.0,74.125.24.0-255,153,153,70,303089
12824,1.9e-05,172.31.40.0-255,66,219,70,303089
12825,2.5e-05,74.125.24.0-255,1484,1703,70,303089
12826,3e-05,172.31.40.0-255,66,1769,70,303089
12827,4.5e-05,74.125.24.0-255,2902,4671,70,303089
12828,4.9e-05,172.31.40.0-255,66,4737,70,303089
12829,5.7e-05,74.125.24.0-255,7156,11893,70,303089
12830,6e-05,172.31.40.0-255,66,11959,70,303089
12831,9.5e-05,74.125.24.0-255,2066,14025,70,303089
12832,9.8e-05,172.31.40.0-255,66,14091,70,303089
12833,0.000132,172.31.40.0-255,66,14157,70,303089
12834,0.000138,74.125.24.0-255,5379,19536,70,303089
12835,0.000141,172.31.40.0-255,66,19602,70,303089
12836,0.000358,74.125.24.0-255,1484,21086,70,303089
12837,0.000363,172.31.40.0-255,66,21152,70,303089
12838,0.000394,74.125.24.0-255,1484,22636,70,303089
12839,0.000396,172.31.40.0-255,66,22702,70,303089
12840,0.000401,74.125.24.0-255,2902,25604,70,303089
12841,0.000403,172.31.40.0-255,66,25670,70,303089
12842,0.000415,74.125.24.0-255,5738,31408,70,303089
12843,0.000417,172.31.40.0-255,66,31474,70,303089
12844,0.000429,74.125.24.0-255,1484,32958,70,303089
12845,0.000431,172.31.40.0-255,66,33024,70,303089
12846,0.000461,74.125.24.0-255,3961,36985,70,303089
12847,0.000469,172.31.40.0-255,66,37051,70,303089
12848,0.000475,74.125.24.0-255,5738,42789,70,303089
12849,0.000477,172.31.40.0-255,66,42855,70,303089
12850,0.00048,74.125.24.0-255,1484,44339,70,303089
12851,0.000482,172.31.40.0-255,66,44405,70,303089
12852,0.000526,74.125.24.0-255,9968,54373,70,303089
12853,0.000529,172.31.40.0-255,66,54439,70,303089
12854,0.000596,74.125.24.0-255,108,54547,70,303089
12855,0.000799,74.125.24.0-255,1484,56031,70,303089
12856,0.000804,172.31.40.0-255,66,56097,70,303089
12857,0.00081,74.125.24.0-255,2902,58999,70,303089
12858,0.000812,172.31.40.0-255,66,59065,70,303089
12859,0.000818,74.125.24.0-255,4320,63385,70,303089
12860,0.000824,172.31.40.0-255,66,63451,70,303089
12861,0.00086,74.125.24.0-255,1484,64935,70,303089
12862,0.000868,74.125.24.0-255,6797,71732,70,303089
12863,0.000875,74.125.24.0-255,8574,80306,70,303089
12864,0.00088,172.31.40.0-255,66,80372,70,303089
12865,0.000883,172.31.40.0-255,66,80438,70,303089
12866,0.00091,74.125.24.0-255,5738,86176,70,303089
12867,0.000918,172.31.40.0-255,66,86242,70,303089
12868,0.000922,74.125.24.0-255,2543,88785,70,303089
12869,0.000924,172.31.40.0-255,66,88851,70,303089
12870,0.002059,74.125.24.0-255,1484,90335,70,303089
12871,0.002072,74.125.24.0-255,2902,93237,70,303089
12872,0.002076,172.31.40.0-255,66,93303,70,303089
12873,0.002085,74.125.24.0-255,5738,99041,70,303089
12874,0.002087,172.31.40.0-255,66,99107,70,303089
12875,0.002116,172.31.40.0-255,66,99173,70,303089
12876,0.002127,74.125.24.0-255,5738,104911,70,303089
12877,0.002129,172.31.40.0-255,66,104977,70,303089
12878,0.002172,74.125.24.0-255,5020,109997,70,303089
12879,0.002175,172.31.40.0-255,66,110063,70,303089
12880,0.002209,74.125.24.0-255,2902,112965,70,303089
12881,0.002212,172.31.40.0-255,66,113031,70,303089
12882,0.002242,74.125.24.0-255,2902,115933,70,303089
12883,0.002244,172.31.40.0-255,66,115999,70,303089
12884,0.002252,74.125.24.0-255,7156,123155,70,303089
12885,0.002254,172.31.40.0-255,66,123221,70,303089
12886,0.002273,172.31.40.0-255,66,123287,70,303089
12887,0.002294,74.125.24.0-255,1484,124771,70,303089
12888,0.002306,74.125.24.0-255,6438,131209,70,303089
12889,0.002309,172.31.40.0-255,66,131275,70,303089
12890,0.002348,74.125.24.0-255,9992,141267,70,303089
12891,0.002351,172.31.40.0-255,66,141333,70,303089
12892,0.002361,74.125.24.0-255,9992,151325,70,303089
12893,0.002369,172.31.40.0-255,66,151391,70,303089
12894,0.002393,74.125.24.0-255,1484,152875,70,303089
12895,0.002401,74.125.24.0-255,7156,160031,70,303089
12896,0.002403,172.31.40.0-255,66,160097,70,303089
12897,0.002421,74.125.24.0-255,5020,165117,70,303089
12898,0.002424,172.31.40.0-255,66,165183,70,303089
12899,0.002475,74.125.24.0-255,1484,166667,70,303089
12900,0.002493,74.125.24.0-255,2902,169569,70,303089
12901,0.002496,172.31.40.0-255,66,169635,70,303089
12902,0.002523,74.125.24.0-255,5738,175373,70,303089
12903,0.002527,172.31.40.0-255,66,175439,70,303089
12904,0.002532,74.125.24.0-255,4320,179759,70,303089
12905,0.002534,172.31.40.0-255,66,179825,70,303089
12906,0.002539,74.125.24.0-255,4320,184145,70,303089
12907,0.002542,172.31.40.0-255,66,184211,70,303089
12908,0.002572,74.125.24.0-255,7156,191367,70,303089
12909,0.002575,172.31.40.0-255,66,191433,70,303089
12910,0.002588,74.125.24.0-255,7856,199289,70,303089
12911,0.00259,172.31.40.0-255,66,199355,70,303089
12912,0.002693,74.125.24.0-255,1484,200839,70,303089
12913,0.002708,74.125.24.0-255,2902,203741,70,303089
12914,0.002711,172.31.40.0-255,66,203807,70,303089
12915,0.002719,74.125.24.0-255,5738,209545,70,303089
12916,0.002721,172.31.40.0-255,66,209611,70,303089
12917,0.002756,74.125.24.0-255,9992,219603,70,303089
12918,0.002759,172.31.40.0-255,66,219669,70,303089
12919,0.002806,172.31.40.0-255,66,219735,70,303089
12920,0.002845,74.125.24.0-255,1484,221219,70,303089
12921,0.002864,74.125.24.0-255,2902,224121,70,303089
12922,0.002867,172.31.40.0-255,66,224187,70,303089
12923,0.002874,74.125.24.0-255,5738,229925,70,303089
12924,0.002876,172.31.40.0-255,66,229991,70,303089
12925,0.002883,74.125.24.0-255,1484,231475,70,303089
12926,0.002888,74.125.24.0-255,2902,234377,70,303089
12927,0.002892,172.31.40.0-255,66,234443,70,303089
12928,0.002962,172.31.40.0-255,66,234509,70,303089
12929,0.002969,74.125.24.0-255,6438,240947,70,303089
12930,0.002972,172.31.40.0-255,66,241013,70,303089
12931,0.002984,74.125.24.0-255,8574,249587,70,303089
12932,0.002987,172.31.40.0-255,66,249653,70,303089
12933,0.003025,172.31.40.0-255,66,249719,70,303089
12934,0.003033,74.125.24.0-255,8574,258293,70,303089
12935,0.003036,172.31.40.0-255,66,258359,70,303089
12936,0.003038,74.125.24.0-255,1484,259843,70,303089
12937,0.003042,74.125.24.0-255,1484,261327,70,303089
12938,0.003044,172.31.40.0-255,66,261393,70,303089
12939,0.003046,74.125.24.0-255,766,262159,70,303089
12940,0.003049,74.125.24.0-255,1484,263643,70,303089
12941,0.003051,172.31.40.0-255,66,263709,70,303089
12942,0.003055,74.125.24.0-255,2902,266611,70,303089
12943,0.003058,172.31.40.0-255,66,266677,70,303089
12944,0.003064,74.125.24.0-255,5738,272415,70,303089
12945,0.003066,172.31.40.0-255,66,272481,70,303089
12946,0.00308,172.31.40.0-255,66,272547,70,303089
12947,0.003108,74.125.24.0-255,1484,274031,70,303089
12948,0.003116,74.125.24.0-255,7156,281187,70,303089
12949,0.003119,172.31.40.0-255,66,281253,70,303089
12950,0.003147,172.31.40.0-255,66,281319,70,303089
12951,0.003178,74.125.24.0-255,9274,290593,70,303089
12952,0.003181,172.31.40.0-255,66,290659,70,303089
12953,0.003188,74.125.24.0-255,6495,297154,70,303089
12954,0.00319,172.31.40.0-255,66,297220,70,303089
12955,0.003193,74.125.24.0-255,105,297325,70,303089
12956,0.007514,172.31.40.0-255,101,297426,70,303089
12957,0.008538,172.31.40.0-255,105,297531,70,303089
12958,0.010017,74.125.24.0-255,66,297597,70,303089
12959,0.011015,74.125.24.0-255,66,297663,70,303089
12960,0.031216,172.31.40.0-255,172,297835,70,303089
12961,0.03125,172.31.40.0-255,1116,298951,70,303089
12962,0.031311,172.31.40.0-255,1514,300465,70,303089
12963,0.031313,172.31.40.0-255,1514,301979,70,303089
12964,0.031339,172.31.40.0-255,846,302825,70,303089
12965,0.032738,104.244.42.0-255,66,302891,70,303089
12966,0.032786,104.244.42.0-255,66,302957,70,303089
12967,0.032835,104.244.42.0-255,66,303023,70,303089
12968,0.032907,104.244.42.0-255,66,303089,70,303089
12969,0.0,74.125.200.0-255,153,153,70,353936
12970,2.1e-05,172.31.40.0-255,66,219,70,353936
12971,2.8e-05,74.125.200.0-255,1484,1703,70,353936
12972,3.3e-05,172.31.40.0-255,66,1769,70,353936
12973,3.9e-05,74.125.200.0-255,2902,4671,70,353936
12974,5e-05,172.31.40.0-255,66,4737,70,353936
12975,5.5e-05,74.125.200.0-255,2902,7639,70,353936
12976,5.8e-05,172.31.40.0-255,66,7705,70,353936
12977,9.8e-05,74.125.200.0-255,4320,12025,70,353936
12978,0.000102,172.31.40.0-255,66,12091,70,353936
12979,0.000107,74.125.200.0-255,2902,14993,70,353936
12980,0.00011,172.31.40.0-255,66,15059,70,353936
12981,0.000148,74.125.200.0-255,4874,19933,70,353936
12982,0.000151,172.31.40.0-255,66,19999,70,353936
12983,0.000156,74.125.200.0-255,2902,22901,70,353936
12984,0.000157,172.31.40.0-255,66,22967,70,353936
12985,0.000168,74.125.200.0-255,4320,27287,70,353936
12986,0.000171,172.31.40.0-255,66,27353,70,353936
12987,0.0002,74.125.200.0-255,3961,31314,70,353936
12988,0.000203,172.31.40.0-255,66,31380,70,353936
12989,0.000211,74.125.200.0-255,1484,32864,70,353936
12990,0.000213,172.31.40.0-255,66,32930,70,353936
12991,0.000234,74.125.200.0-255,1484,34414,70,353936
12992,0.000236,172.31.40.0-255,66,34480,70,353936
12993,0.000246,74.125.200.0-255,4320,38800,70,353936
12994,0.000249,172.31.40.0-255,66,38866,70,353936
12995,0.000256,74.125.200.0-255,7156,46022,70,353936
12996,0.000259,172.31.40.0-255,66,46088,70,353936
12997,0.000287,74.125.200.0-255,1484,47572,70,353936
12998,0.000289,172.31.40.0-255,66,47638,70,353936
12999,0.000293,74.125.200.0-255,1125,48763,70,353936
13000,0.000295,172.31.40.0-255,66,48829,70,353936
13001,0.000353,74.125.200.0-255,1484,50313,70,353936
13002,0.000359,74.125.200.0-255,2902,53215,70,353936
13003,0.000362,172.31.40.0-255,66,53281,70,353936
13004,0.000382,74.125.200.0-255,2902,56183,70,353936
13005,0.000385,172.31.40.0-255,66,56249,70,353936
13006,0.000409,74.125.200.0-255,1484,57733,70,353936
13007,0.000438,74.125.200.0-255,7156,64889,70,353936
13008,0.000441,172.31.40.0-255,66,64955,70,353936
13009,0.000467,74.125.200.0-255,1469,66424,70,353936
13010,0.000469,74.125.200.0-255,332,66756,70,353936
13011,0.000472,172.31.40.0-255,66,66822,70,353936
13012,0.000578,74.125.200.0-255,1484,68306,70,353936
13013,0.000599,74.125.200.0-255,1484,69790,70,353936
13014,0.000602,172.31.40.0-255,66,69856,70,353936
13015,0.000629,74.125.200.0-255,1484,71340,70,353936
13016,0.000636,74.125.200.0-255,4320,75660,70,353936
13017,0.000638,172.31.40.0-255,66,75726,70,353936
13018,0.000645,74.125.200.0-255,5738,81464,70,353936
13019,0.000647,172.31.40.0-255,66,81530,70,353936
13020,0.000677,74.125.200.0-255,2543,84073,70,353936
13021,0.000679,172.31.40.0-255,66,84139,70,353936
13022,0.000706,74.125.200.0-255,2902,87041,70,353936
13023,0.000715,172.31.40.0-255,66,87107,70,353936
13024,0.00072,74.125.200.0-255,2902,90009,70,353936
13025,0.000722,172.31.40.0-255,66,90075,70,353936
13026,0.000748,74.125.200.0-255,4320,94395,70,353936
13027,0.000755,172.31.40.0-255,66,94461,70,353936
13028,0.000781,74.125.200.0-255,2902,97363,70,353936
13029,0.000784,172.31.40.0-255,66,97429,70,353936
13030,0.000814,74.125.200.0-255,3961,101390,70,353936
13031,0.000817,172.31.40.0-255,66,101456,70,353936
13032,0.001222,74.125.200.0-255,1484,102940,70,353936
13033,0.001251,74.125.200.0-255,2902,105842,70,353936
13034,0.001255,172.31.40.0-255,66,105908,70,353936
13035,0.001287,74.125.200.0-255,5738,111646,70,353936
13036,0.00129,172.31.40.0-255,66,111712,70,353936
13037,0.001295,74.125.200.0-255,2902,114614,70,353936
13038,0.001297,172.31.40.0-255,66,114680,70,353936
13039,0.001335,74.125.200.0-255,5738,120418,70,353936
13040,0.001345,172.31.40.0-255,66,120484,70,353936
13041,0.001351,74.125.200.0-255,4320,124804,70,353936
13042,0.001353,172.31.40.0-255,66,124870,70,353936
13043,0.001382,74.125.200.0-255,5738,130608,70,353936
13044,0.001385,172.31.40.0-255,66,130674,70,353936
13045,0.001413,74.125.200.0-255,5020,135694,70,353936
13046,0.001415,172.31.40.0-255,66,135760,70,353936
13047,0.001457,74.125.200.0-255,1484,137244,70,353936
13048,0.001486,74.125.200.0-255,2902,140146,70,353936
13049,0.00149,172.31.40.0-255,66,140212,70,353936
13050,0.001507,74.125.200.0-255,1484,141696,70,353936
13051,0.001529,74.125.200.0-255,5738,147434,70,353936
13052,0.001532,172.31.40.0-255,66,147500,70,353936
13053,0.001571,74.125.200.0-255,5738,153238,70,353936
13054,0.001575,172.31.40.0-255,66,153304,70,353936
13055,0.001583,74.125.200.0-255,7156,160460,70,353936
13056,0.001585,172.31.40.0-255,66,160526,70,353936
13057,0.001622,74.125.200.0-255,4320,164846,70,353936
13058,0.001625,172.31.40.0-255,66,164912,70,353936
13059,0.001632,74.125.200.0-255,5020,169932,70,353936
13060,0.001634,172.31.40.0-255,66,169998,70,353936
13061,0.001692,74.125.200.0-255,1484,171482,70,353936
13062,0.001696,74.125.200.0-255,1484,172966,70,353936
13063,0.001699,172.31.40.0-255,66,173032,70,353936
13064,0.001724,74.125.200.0-255,1484,174516,70,353936
13065,0.001741,74.125.200.0-255,1484,176000,70,353936
13066,0.001743,172.31.40.0-255,66,176066,70,353936
13067,0.00176,74.125.200.0-255,4320,180386,70,353936
13068,0.001763,172.31.40.0-255,66,180452,70,353936
13069,0.001774,74.125.200.0-255,7156,187608,70,353936
13070,0.001777,172.31.40.0-255,66,187674,70,353936
13071,0.001784,74.125.200.0-255,7156,194830,70,353936
13072,0.001787,172.31.40.0-255,66,194896,70,353936
13073,0.001822,74.125.200.0-255,1484,196380,70,353936
13074,0.00183,74.125.200.0-255,7856,204236,70,353936
13075,0.001836,172.31.40.0-255,66,204302,70,353936
13076,0.00203,74.125.200.0-255,1484,205786,70,353936
13077,0.002034,74.125.200.0-255,1484,207270,70,353936
13078,0.002037,172.31.40.0-255,66,207336,70,353936
13079,0.002069,74.125.200.0-255,2902,210238,70,353936
13080,0.002072,172.31.40.0-255,66,210304,70,353936
13081,0.002078,74.125.200.0-255,5738,216042,70,353936
13082,0.00208,172.31.40.0-255,66,216108,70,353936
13083,0.002106,74.125.200.0-255,5738,221846,70,353936
13084,0.002109,172.31.40.0-255,66,221912,70,353936
13085,0.002135,74.125.200.0-255,1484,223396,70,353936
13086,0.002144,74.125.200.0-255,8574,231970,70,353936
13087,0.002146,172.31.40.0-255,66,232036,70,353936
13088,0.002152,74.125.200.0-255,4320,236356,70,353936
13089,0.002155,172.31.40.0-255,66,236422,70,353936
13090,0.002175,74.125.200.0-255,2184,238606,70,353936
13091,0.002178,172.31.40.0-255,66,238672,70,353936
13092,0.002265,74.125.200.0-255,1484,240156,70,353936
13093,0.00228,74.125.200.0-255,2902,243058,70,353936
13094,0.002284,172.31.40.0-255,66,243124,70,353936
13095,0.002289,74.125.200.0-255,2902,246026,70,353936
13096,0.002291,172.31.40.0-255,66,246092,70,353936
13097,0.002322,74.125.200.0-255,2902,248994,70,353936
13098,0.002326,172.31.40.0-255,66,249060,70,353936
13099,0.002338,74.125.200.0-255,7156,256216,70,353936
13100,0.002345,172.31.40.0-255,66,256282,70,353936
13101,0.002417,172.31.40.0-255,66,256348,70,353936
13102,0.002433,172.31.40.0-255,66,256414,70,353936
13103,0.002439,74.125.200.0-255,5738,262152,70,353936
13104,0.002441,172.31.40.0-255,66,262218,70,353936
13105,0.002462,74.125.200.0-255,1484,263702,70,353936
13106,0.002494,172.31.40.0-255,66,263768,70,353936
13107,0.002531,172.31.40.0-255,66,263834,70,353936
13108,0.002557,74.125.200.0-255,2184,266018,70,353936
13109,0.002559,172.31.40.0-255,66,266084,70,353936
13110,0.002567,74.125.200.0-255,7156,273240,70,353936
13111,0.00257,172.31.40.0-255,66,273306,70,353936
13112,0.002605,74.125.200.0-255,7156,280462,70,353936
13113,0.002608,172.31.40.0-255,66,280528,70,353936
13114,0.002615,74.125.200.0-255,7156,287684,70,353936
13115,0.002623,172.31.40.0-255,66,287750,70,353936
13116,0.002631,74.125.200.0-255,7856,295606,70,353936
13117,0.002634,172.31.40.0-255,66,295672,70,353936
13118,0.002638,74.125.200.0-255,2902,298574,70,353936
13119,0.00264,172.31.40.0-255,66,298640,70,353936
13120,0.002646,74.125.200.0-255,4320,302960,70,353936
13121,0.002649,172.31.40.0-255,66,303026,70,353936
13122,0.002686,74.125.200.0-255,8574,311600,70,353936
13123,0.002693,172.31.40.0-255,66,311666,70,353936
13124,0.0027,74.125.200.0-255,5738,317404,70,353936
13125,0.002702,172.31.40.0-255,66,317470,70,353936
13126,0.005361,74.125.200.0-255,2902,320372,70,353936
13127,0.005369,172.31.40.0-255,66,320438,70,353936
13128,0.005388,74.125.200.0-255,2902,323340,70,353936
13129,0.005392,172.31.40.0-255,66,323406,70,353936
13130,0.008028,74.125.200.0-255,5738,329144,70,353936
13131,0.008035,172.31.40.0-255,66,329210,70,353936
13132,0.01068,74.125.200.0-255,4320,333530,70,353936
13133,0.010687,172.31.40.0-255,66,333596,70,353936
13134,0.010715,74.125.200.0-255,1484,335080,70,353936
13135,0.013329,74.125.200.0-255,4320,339400,70,353936
13136,0.013336,172.31.40.0-255,66,339466,70,353936
13137,0.015999,74.125.200.0-255,5738,345204,70,353936
13138,0.016007,172.31.40.0-255,66,345270,70,353936
13139,0.018676,74.125.200.0-255,3000,348270,70,353936
13140,0.018685,172.31.40.0-255,66,348336,70,353936
13141,0.020215,172.31.40.0-255,105,348441,70,353936
13142,0.022833,74.125.200.0-255,66,348507,70,353936
13143,0.033446,172.31.40.0-255,175,348682,70,353936
13144,0.033487,172.31.40.0-255,1142,349824,70,353936
13145,0.033526,172.31.40.0-255,1514,351338,70,353936
13146,0.033527,172.31.40.0-255,1514,352852,70,353936
13147,0.033551,172.31.40.0-255,820,353672,70,353936
13148,0.03511,104.244.42.0-255,66,353738,70,353936
13149,0.035156,104.244.42.0-255,66,353804,70,353936
13150,0.035218,104.244.42.0-255,66,353870,70,353936
13151,0.035235,104.244.42.0-255,66,353936,70,353936
13152,0.0,74.125.24.0-255,153,153,70,339637
13153,3.1e-05,172.31.40.0-255,66,219,70,339637
13154,3.8e-05,74.125.24.0-255,1484,1703,70,339637
13155,4.3e-05,172.31.40.0-255,66,1769,70,339637
13156,4.8e-05,74.125.24.0-255,2902,4671,70,339637
13157,5.1e-05,172.31.40.0-255,66,4737,70,339637
13158,5.9e-05,74.125.24.0-255,7156,11893,70,339637
13159,6.3e-05,172.31.40.0-255,66,11959,70,339637
13160,6.7e-05,74.125.24.0-255,2102,14061,70,339637
13161,7.1e-05,172.31.40.0-255,66,14127,70,339637
13162,0.000104,172.31.40.0-255,66,14193,70,339637
13163,0.000111,74.125.24.0-255,5379,19572,70,339637
13164,0.000114,172.31.40.0-255,66,19638,70,339637
13165,0.000149,74.125.24.0-255,1484,21122,70,339637
13166,0.000151,172.31.40.0-255,66,21188,70,339637
13167,0.000156,74.125.24.0-255,2902,24090,70,339637
13168,0.000158,172.31.40.0-255,66,24156,70,339637
13169,0.000166,74.125.24.0-255,5738,29894,70,339637
13170,0.000168,172.31.40.0-255,66,29960,70,339637
13171,0.000213,74.125.24.0-255,6797,36757,70,339637
13172,0.000216,172.31.40.0-255,66,36823,70,339637
13173,0.000605,74.125.24.0-255,1484,38307,70,339637
13174,0.000611,172.31.40.0-255,66,38373,70,339637
13175,0.000617,74.125.24.0-255,2902,41275,70,339637
13176,0.000619,172.31.40.0-255,66,41341,70,339637
13177,0.000638,74.125.24.0-255,5738,47079,70,339637
13178,0.000641,172.31.40.0-255,66,47145,70,339637
13179,0.000686,74.125.24.0-255,7377,54522,70,339637
13180,0.00069,172.31.40.0-255,66,54588,70,339637
13181,0.000747,74.125.24.0-255,1484,56072,70,339637
13182,0.000752,74.125.24.0-255,2902,58974,70,339637
13183,0.000756,172.31.40.0-255,66,59040,70,339637
13184,0.000759,172.31.40.0-255,66,59106,70,339637
13185,0.000779,74.125.24.0-255,5738,64844,70,339637
13186,0.000782,172.31.40.0-255,66,64910,70,339637
13187,0.000796,74.125.24.0-255,4320,69230,70,339637
13188,0.000799,172.31.40.0-255,66,69296,70,339637
13189,0.000818,74.125.24.0-255,9633,78929,70,339637
13190,0.000821,172.31.40.0-255,66,78995,70,339637
13191,0.00083,74.125.24.0-255,9633,88628,70,339637
13192,0.000833,172.31.40.0-255,66,88694,70,339637
13193,0.000879,74.125.24.0-255,1484,90178,70,339637
13194,0.000886,74.125.24.0-255,2902,93080,70,339637
13195,0.000889,172.31.40.0-255,66,93146,70,339637
13196,0.000916,74.125.24.0-255,5738,98884,70,339637
13197,0.000919,172.31.40.0-255,66,98950,70,339637
13198,0.000925,74.125.24.0-255,5738,104688,70,339637
13199,0.000928,172.31.40.0-255,66,104754,70,339637
13200,0.000935,74.125.24.0-255,7156,111910,70,339637
13201,0.000937,172.31.40.0-255,66,111976,70,339637
13202,0.000961,74.125.24.0-255,5738,117714,70,339637
13203,0.000964,172.31.40.0-255,66,117780,70,339637
13204,0.000972,74.125.24.0-255,7156,124936,70,339637
13205,0.000974,172.31.40.0-255,66,125002,70,339637
13206,0.000988,74.125.24.0-255,3602,128604,70,339637
13207,0.00099,172.31.40.0-255,66,128670,70,339637
13208,0.001027,74.125.24.0-255,10502,139172,70,339637
13209,0.001031,172.31.40.0-255,66,139238,70,339637
13210,0.001038,74.125.24.0-255,5738,144976,70,339637
13211,0.001039,172.31.40.0-255,66,145042,70,339637
13212,0.001056,74.125.24.0-255,5738,150780,70,339637
13213,0.001059,172.31.40.0-255,66,150846,70,339637
13214,0.001077,74.125.24.0-255,5738,156584,70,339637
13215,0.00108,172.31.40.0-255,66,156650,70,339637
13216,0.001109,172.31.40.0-255,66,156716,70,339637
13217,0.001134,74.125.24.0-255,5020,161736,70,339637
13218,0.001137,172.31.40.0-255,66,161802,70,339637
13219,0.001144,74.125.24.0-255,5738,167540,70,339637
13220,0.001146,172.31.40.0-255,66,167606,70,339637
13221,0.001149,74.125.24.0-255,1484,169090,70,339637
13222,0.001178,172.31.40.0-255,66,169156,70,339637
13223,0.001183,74.125.24.0-255,4320,173476,70,339637
13224,0.001186,172.31.40.0-255,66,173542,70,339637
13225,0.00122,74.125.24.0-255,2902,176444,70,339637
13226,0.001224,172.31.40.0-255,66,176510,70,339637
13227,0.00125,74.125.24.0-255,7856,184366,70,339637
13228,0.001253,172.31.40.0-255,66,184432,70,339637
13229,0.001299,74.125.24.0-255,7156,191588,70,339637
13230,0.001301,172.31.40.0-255,66,191654,70,339637
13231,0.001322,74.125.24.0-255,4320,195974,70,339637
13232,0.001324,172.31.40.0-255,66,196040,70,339637
13233,0.001332,74.125.24.0-255,8574,204614,70,339637
13234,0.001334,172.31.40.0-255,66,204680,70,339637
13235,0.001349,172.31.40.0-255,66,204746,70,339637
13236,0.001363,74.125.24.0-255,9992,214738,70,339637
13237,0.001366,172.31.40.0-255,66,214804,70,339637
13238,0.001393,74.125.24.0-255,4320,219124,70,339637
13239,0.001396,172.31.40.0-255,66,219190,70,339637
13240,0.001411,172.31.40.0-255,66,219256,70,339637
13241,0.001432,74.125.24.0-255,3602,222858,70,339637
13242,0.001435,172.31.40.0-255,66,222924,70,339637
13243,0.001491,74.125.24.0-255,1484,224408,70,339637
13244,0.001496,74.125.24.0-255,2902,227310,70,339637
13245,0.001499,172.31.40.0-255,66,227376,70,339637
13246,0.001503,74.125.24.0-255,1484,228860,70,339637
13247,0.001521,74.125.24.0-255,4320,233180,70,339637
13248,0.001524,172.31.40.0-255,66,233246,70,339637
13249,0.00153,74.125.24.0-255,5738,238984,70,339637
13250,0.001532,172.31.40.0-255,66,239050,70,339637
13251,0.001545,74.125.24.0-255,2902,241952,70,339637
13252,0.001548,172.31.40.0-255,66,242018,70,339637
13253,0.001571,74.125.24.0-255,9992,252010,70,339637
13254,0.001575,172.31.40.0-255,66,252076,70,339637
13255,0.001581,74.125.24.0-255,5020,257096,70,339637
13256,0.001583,172.31.40.0-255,66,257162,70,339637
13257,0.001709,74.125.24.0-255,1484,258646,70,339637
13258,0.001715,74.125.24.0-255,2902,261548,70,339637
13259,0.001718,172.31.40.0-255,66,261614,70,339637
13260,0.001723,74.125.24.0-255,2902,264516,70,339637
13261,0.001725,172.31.40.0-255,66,264582,70,339637
13262,0.001738,74.125.24.0-255,2902,267484,70,339637
13263,0.00174,172.31.40.0-255,66,267550,70,339637
13264,0.001745,74.125.24.0-255,4320,271870,70,339637
13265,0.001748,172.31.40.0-255,66,271936,70,339637
13266,0.001776,74.125.24.0-255,8574,280510,70,339637
13267,0.001779,172.31.40.0-255,66,280576,70,339637
13268,0.001788,74.125.24.0-255,8574,289150,70,339637
13269,0.001791,172.31.40.0-255,66,289216,70,339637
13270,0.001813,74.125.24.0-255,7856,297072,70,339637
13271,0.001822,74.125.24.0-255,8574,305646,70,339637
13272,0.001825,172.31.40.0-255,66,305712,70,339637
13273,0.001828,172.31.40.0-255,66,305778,70,339637
13274,0.001854,74.125.24.0-255,8574,314352,70,339637
13275,0.001864,74.125.24.0-255,10692,325044,70,339637
13276,0.001875,172.31.40.0-255,66,325110,70,339637
13277,0.001883,74.125.24.0-255,7156,332266,70,339637
13278,0.001902,74.125.24.0-255,1601,333867,70,339637
13279,0.001904,74.125.24.0-255,105,333972,70,339637
13280,0.001916,172.31.40.0-255,66,334038,70,339637
13281,0.004415,172.31.40.0-255,105,334143,70,339637
13282,0.006988,74.125.24.0-255,66,334209,70,339637
13283,0.03681,172.31.40.0-255,172,334381,70,339637
13284,0.03684,172.31.40.0-255,1116,335497,70,339637
13285,0.036902,172.31.40.0-255,1514,337011,70,339637
13286,0.036904,172.31.40.0-255,1514,338525,70,339637
13287,0.036934,172.31.40.0-255,848,339373,70,339637
13288,0.038294,104.244.42.0-255,66,339439,70,339637
13289,0.038321,104.244.42.0-255,66,339505,70,339637
13290,0.038412,104.244.42.0-255,66,339571,70,339637
13291,0.038416,104.244.42.0-255,66,339637,70,339637
13292,0.0,172.217.194.0-255,153,153,70,379344
13293,1.4e-05,172.31.40.0-255,66,219,70,379344
13294,2e-05,172.217.194.0-255,1484,1703,70,379344
13295,2.5e-05,172.31.40.0-255,66,1769,70,379344
13296,3.1e-05,172.217.194.0-255,2902,4671,70,379344
13297,3.4e-05,172.31.40.0-255,66,4737,70,379344
13298,4.2e-05,172.217.194.0-255,7156,11893,70,379344
13299,4.5e-05,172.31.40.0-255,66,11959,70,379344
13300,7.1e-05,172.217.194.0-255,2902,14861,70,379344
13301,7.5e-05,172.31.40.0-255,66,14927,70,379344
13302,9.6e-05,172.217.194.0-255,7808,22735,70,379344
13303,9.8e-05,172.31.40.0-255,66,22801,70,379344
13304,0.00011,172.217.194.0-255,1484,24285,70,379344
13305,0.000112,172.31.40.0-255,66,24351,70,379344
13306,0.000137,172.217.194.0-255,6797,31148,70,379344
13307,0.00014,172.31.40.0-255,66,31214,70,379344
13308,0.000219,172.217.194.0-255,1484,32698,70,379344
13309,0.000222,172.31.40.0-255,66,32764,70,379344
13310,0.000227,172.217.194.0-255,2902,35666,70,379344
13311,0.000229,172.31.40.0-255,66,35732,70,379344
13312,0.00025,172.217.194.0-255,5738,41470,70,379344
13313,0.000253,172.31.40.0-255,66,41536,70,379344
13314,0.000264,172.217.194.0-255,1484,43020,70,379344
13315,0.000267,172.31.40.0-255,66,43086,70,379344
13316,0.000288,172.217.194.0-255,5379,48465,70,379344
13317,0.00029,172.31.40.0-255,66,48531,70,379344
13318,0.000466,172.217.194.0-255,1484,50015,70,379344
13319,0.000471,172.31.40.0-255,66,50081,70,379344
13320,0.000477,172.217.194.0-255,2902,52983,70,379344
13321,0.000479,172.31.40.0-255,66,53049,70,379344
13322,0.000484,172.217.194.0-255,2902,55951,70,379344
13323,0.000487,172.31.40.0-255,66,56017,70,379344
13324,0.000511,172.217.194.0-255,2902,58919,70,379344
13325,0.000532,172.31.40.0-255,66,58985,70,379344
13326,0.000554,172.217.194.0-255,5738,64723,70,379344
13327,0.000562,172.31.40.0-255,66,64789,70,379344
13328,0.00057,172.217.194.0-255,1401,66190,70,379344
13329,0.000597,172.217.194.0-255,1484,67674,70,379344
13330,0.000603,172.31.40.0-255,66,67740,70,379344
13331,0.000623,172.217.194.0-255,3237,70977,70,379344
13332,0.000629,172.217.194.0-255,5738,76715,70,379344
13333,0.000632,172.217.194.0-255,1484,78199,70,379344
13334,0.000647,172.217.194.0-255,5379,83578,70,379344
13335,0.000653,172.31.40.0-255,66,83644,70,379344
13336,0.000899,172.217.194.0-255,1484,85128,70,379344
13337,0.000904,172.217.194.0-255,2902,88030,70,379344
13338,0.000907,172.217.194.0-255,1484,89514,70,379344
13339,0.000925,172.217.194.0-255,4320,93834,70,379344
13340,0.000928,172.217.194.0-255,1484,95318,70,379344
13341,0.000931,172.31.40.0-255,66,95384,70,379344
13342,0.000936,172.31.40.0-255,66,95450,70,379344
13343,0.000973,172.31.40.0-255,66,95516,70,379344
13344,0.001015,172.217.194.0-255,2902,98418,70,379344
13345,0.001034,172.217.194.0-255,7856,106274,70,379344
13346,0.001041,172.31.40.0-255,66,106340,70,379344
13347,0.001661,172.217.194.0-255,1484,107824,70,379344
13348,0.001667,172.217.194.0-255,2902,110726,70,379344
13349,0.001671,172.31.40.0-255,66,110792,70,379344
13350,0.001687,172.217.194.0-255,1484,112276,70,379344
13351,0.001704,172.217.194.0-255,4320,116596,70,379344
13352,0.001711,172.217.194.0-255,7156,123752,70,379344
13353,0.001748,172.217.194.0-255,2184,125936,70,379344
13354,0.001754,172.31.40.0-255,66,126002,70,379344
13355,0.001993,172.217.194.0-255,1484,127486,70,379344
13356,0.001997,172.217.194.0-255,1484,128970,70,379344
13357,0.002,172.31.40.0-255,66,129036,70,379344
13358,0.002022,172.217.194.0-255,1484,130520,70,379344
13359,0.002029,172.217.194.0-255,5738,136258,70,379344
13360,0.00204,172.31.40.0-255,66,136324,70,379344
13361,0.004019,172.217.194.0-255,4320,140644,70,379344
13362,0.004026,172.31.40.0-255,66,140710,70,379344
13363,0.004043,172.217.194.0-255,1484,142194,70,379344
13364,0.005991,172.217.194.0-255,4320,146514,70,379344
13365,0.007758,172.31.40.0-255,66,146580,70,379344
13366,0.009745,172.217.194.0-255,5738,152318,70,379344
13367,0.009752,172.31.40.0-255,66,152384,70,379344
13368,0.01173,172.217.194.0-255,5738,158122,70,379344
13369,0.011737,172.31.40.0-255,66,158188,70,379344
13370,0.013727,172.217.194.0-255,5738,163926,70,379344
13371,0.013735,172.31.40.0-255,66,163992,70,379344
13372,0.015715,172.217.194.0-255,5738,169730,70,379344
13373,0.015722,172.31.40.0-255,66,169796,70,379344
13374,0.0177,172.217.194.0-255,5738,175534,70,379344
13375,0.017707,172.31.40.0-255,66,175600,70,379344
13376,0.019741,172.217.194.0-255,5738,181338,70,379344
13377,0.019748,172.31.40.0-255,66,181404,70,379344
13378,0.021747,172.217.194.0-255,5738,187142,70,379344
13379,0.021758,172.31.40.0-255,66,187208,70,379344
13380,0.023773,172.217.194.0-255,5738,192946,70,379344
13381,0.02378,172.31.40.0-255,66,193012,70,379344
13382,0.024706,172.31.40.0-255,172,193184,70,379344
13383,0.024738,172.31.40.0-255,1113,194297,70,379344
13384,0.024807,172.31.40.0-255,1514,195811,70,379344
13385,0.024808,172.31.40.0-255,1514,197325,70,379344
13386,0.024809,172.31.40.0-255,974,198299,70,379344
13387,0.02575,172.217.194.0-255,5738,204037,70,379344
13388,0.025757,172.31.40.0-255,66,204103,70,379344
13389,0.02745,104.244.42.0-255,66,204169,70,379344
13390,0.02773,172.217.194.0-255,5738,209907,70,379344
13391,0.027735,172.31.40.0-255,66,209973,70,379344
13392,0.029721,172.217.194.0-255,5738,215711,70,379344
13393,0.029727,172.31.40.0-255,66,215777,70,379344
13394,0.031723,172.217.194.0-255,5738,221515,70,379344
13395,0.031731,172.31.40.0-255,66,221581,70,379344
13396,0.03374,172.217.194.0-255,5738,227319,70,379344
13397,0.033746,172.31.40.0-255,66,227385,70,379344
13398,0.03576,172.217.194.0-255,5738,233123,70,379344
13399,0.03651,172.31.40.0-255,66,233189,70,379344
13400,0.038522,172.217.194.0-255,5738,238927,70,379344
13401,0.038538,172.31.40.0-255,66,238993,70,379344
13402,0.040536,172.217.194.0-255,5738,244731,70,379344
13403,0.040551,172.31.40.0-255,66,244797,70,379344
13404,0.042537,172.217.194.0-255,5738,250535,70,379344
13405,0.042552,172.31.40.0-255,66,250601,70,379344
13406,0.044546,172.217.194.0-255,5738,256339,70,379344
13407,0.044555,172.31.40.0-255,66,256405,70,379344
13408,0.046552,172.217.194.0-255,5738,262143,70,379344
13409,0.046559,172.31.40.0-255,66,262209,70,379344
13410,0.048516,172.217.194.0-255,5738,267947,70,379344
13411,0.048523,172.31.40.0-255,66,268013,70,379344
13412,0.050578,172.217.194.0-255,5738,273751,70,379344
13413,0.050584,172.31.40.0-255,66,273817,70,379344
13414,0.052592,172.217.194.0-255,5738,279555,70,379344
13415,0.052598,172.31.40.0-255,66,279621,70,379344
13416,0.054577,172.217.194.0-255,5738,285359,70,379344
13417,0.054584,172.31.40.0-255,66,285425,70,379344
13418,0.056603,172.217.194.0-255,5738,291163,70,379344
13419,0.05661,172.31.40.0-255,66,291229,70,379344
13420,0.058582,172.217.194.0-255,5738,296967,70,379344
13421,0.058587,172.31.40.0-255,66,297033,70,379344
13422,0.060582,172.217.194.0-255,5738,302771,70,379344
13423,0.060592,172.31.40.0-255,66,302837,70,379344
13424,0.062578,172.217.194.0-255,5738,308575,70,379344
13425,0.062586,172.31.40.0-255,66,308641,70,379344
13426,0.064582,172.217.194.0-255,5738,314379,70,379344
13427,0.06459,172.31.40.0-255,66,314445,70,379344
13428,0.0666,172.217.194.0-255,5738,320183,70,379344
13429,0.066607,172.31.40.0-255,66,320249,70,379344
13430,0.068593,172.217.194.0-255,5738,325987,70,379344
13431,0.068599,172.31.40.0-255,66,326053,70,379344
13432,0.070607,172.217.194.0-255,5738,331791,70,379344
13433,0.070613,172.31.40.0-255,66,331857,70,379344
13434,0.072616,172.217.194.0-255,5738,337595,70,379344
13435,0.072626,172.31.40.0-255,66,337661,70,379344
13436,0.074625,172.217.194.0-255,5738,343399,70,379344
13437,0.074631,172.31.40.0-255,66,343465,70,379344
13438,0.076596,172.217.194.0-255,5738,349203,70,379344
13439,0.076602,172.31.40.0-255,66,349269,70,379344
13440,0.078576,172.217.194.0-255,5738,355007,70,379344
13441,0.078582,172.31.40.0-255,66,355073,70,379344
13442,0.080573,172.217.194.0-255,5738,360811,70,379344
13443,0.080579,172.31.40.0-255,66,360877,70,379344
13444,0.082585,172.217.194.0-255,5738,366615,70,379344
13445,0.082592,172.31.40.0-255,66,366681,70,379344
13446,0.084584,172.217.194.0-255,5738,372419,70,379344
13447,0.08459,172.31.40.0-255,66,372485,70,379344
13448,0.0866,172.217.194.0-255,5738,378223,70,379344
13449,0.086606,172.31.40.0-255,66,378289,70,379344
13450,0.088576,172.217.194.0-255,818,379107,70,379344
13451,0.088717,172.31.40.0-255,66,379173,70,379344
13452,0.088752,172.31.40.0-255,105,379278,70,379344
13453,0.090709,172.217.194.0-255,66,379344,70,379344
13454,0.0,74.125.68.0-255,152,152,70,402666
13455,1.4e-05,172.31.40.0-255,66,218,70,402666
13456,2.1e-05,74.125.68.0-255,1484,1702,70,402666
13457,2.5e-05,172.31.40.0-255,66,1768,70,402666
13458,3e-05,74.125.68.0-255,2902,4670,70,402666
13459,3.9e-05,172.31.40.0-255,66,4736,70,402666
13460,7.5e-05,74.125.68.0-255,5738,10474,70,402666
13461,7.8e-05,172.31.40.0-255,66,10540,70,402666
13462,8.4e-05,74.125.68.0-255,3456,13996,70,402666
13463,9e-05,172.31.40.0-255,66,14062,70,402666
13464,9.6e-05,74.125.68.0-255,4320,18382,70,402666
13465,9.8e-05,172.31.40.0-255,66,18448,70,402666
13466,0.000146,74.125.68.0-255,9992,28440,70,402666
13467,0.000149,172.31.40.0-255,66,28506,70,402666
13468,0.000153,74.125.68.0-255,2543,31049,70,402666
13469,0.000154,172.31.40.0-255,66,31115,70,402666
13470,0.000237,74.125.68.0-255,1484,32599,70,402666
13471,0.000241,172.31.40.0-255,66,32665,70,402666
13472,0.000275,74.125.68.0-255,2902,35567,70,402666
13473,0.000278,172.31.40.0-255,66,35633,70,402666
13474,0.000282,74.125.68.0-255,2902,38535,70,402666
13475,0.000284,172.31.40.0-255,66,38601,70,402666
13476,0.000288,74.125.68.0-255,2902,41503,70,402666
13477,0.00029,172.31.40.0-255,66,41569,70,402666
13478,0.000325,74.125.68.0-255,1484,43053,70,402666
13479,0.000328,172.31.40.0-255,66,43119,70,402666
13480,0.000337,74.125.68.0-255,8574,51693,70,402666
13481,0.000339,172.31.40.0-255,66,51759,70,402666
13482,0.000349,74.125.68.0-255,5738,57497,70,402666
13483,0.000352,172.31.40.0-255,66,57563,70,402666
13484,0.00041,74.125.68.0-255,1484,59047,70,402666
13485,0.000413,172.31.40.0-255,66,59113,70,402666
13486,0.000438,74.125.68.0-255,6773,65886,70,402666
13487,0.000442,74.125.68.0-255,111,65997,70,402666
13488,0.000463,74.125.68.0-255,328,66325,70,402666
13489,0.000541,172.31.40.0-255,66,66391,70,402666
13490,0.000572,74.125.68.0-255,1484,67875,70,402666
13491,0.000576,74.125.68.0-255,1484,69359,70,402666
13492,0.000591,74.125.68.0-255,2902,72261,70,402666
13493,0.000606,74.125.68.0-255,2902,75163,70,402666
13494,0.00061,172.31.40.0-255,66,75229,70,402666
13495,0.000619,74.125.68.0-255,2902,78131,70,402666
13496,0.00064,74.125.68.0-255,4320,82451,70,402666
13497,0.000644,172.31.40.0-255,66,82517,70,402666
13498,0.000666,74.125.68.0-255,1125,83642,70,402666
13499,0.00068,172.31.40.0-255,66,83708,70,402666
13500,0.000715,74.125.68.0-255,1484,85192,70,402666
13501,0.000728,74.125.68.0-255,1484,86676,70,402666
13502,0.000754,172.31.40.0-255,66,86742,70,402666
13503,0.000759,74.125.68.0-255,2902,89644,70,402666
13504,0.000786,74.125.68.0-255,1484,91128,70,402666
13505,0.000808,74.125.68.0-255,2902,94030,70,402666
13506,0.000821,74.125.68.0-255,1484,95514,70,402666
13507,0.000839,74.125.68.0-255,4320,99834,70,402666
13508,0.000841,74.125.68.0-255,1125,100959,70,402666
13509,0.000969,172.31.40.0-255,66,101025,70,402666
13510,0.001171,74.125.68.0-255,1484,102509,70,402666
13511,0.001213,74.125.68.0-255,1484,103993,70,402666
13512,0.001222,172.31.40.0-255,66,104059,70,402666
13513,0.001252,74.125.68.0-255,2902,106961,70,402666
13514,0.001277,172.31.40.0-255,66,107027,70,402666
13515,0.001301,74.125.68.0-255,4320,111347,70,402666
13516,0.001309,74.125.68.0-255,8574,119921,70,402666
13517,0.001315,74.125.68.0-255,7156,127077,70,402666
13518,0.001323,172.31.40.0-255,66,127143,70,402666
13519,0.001346,74.125.68.0-255,2902,130045,70,402666
13520,0.001358,74.125.68.0-255,5020,135065,70,402666
13521,0.001364,172.31.40.0-255,66,135131,70,402666
13522,0.001493,74.125.68.0-255,1484,136615,70,402666
13523,0.001508,74.125.68.0-255,2902,139517,70,402666
13524,0.001515,172.31.40.0-255,66,139583,70,402666
13525,0.001567,74.125.68.0-255,1484,141067,70,402666
13526,0.001597,74.125.68.0-255,1484,142551,70,402666
13527,0.0016,172.31.40.0-255,66,142617,70,402666
13528,0.001609,74.125.68.0-255,2902,145519,70,402666
13529,0.001628,74.125.68.0-255,2902,148421,70,402666
13530,0.001635,172.31.40.0-255,66,148487,70,402666
13531,0.001645,74.125.68.0-255,2902,151389,70,402666
13532,0.001652,74.125.68.0-255,2902,154291,70,402666
13533,0.001674,172.31.40.0-255,66,154357,70,402666
13534,0.001682,74.125.68.0-255,1484,155841,70,402666
13535,0.0017,74.125.68.0-255,2902,158743,70,402666
13536,0.001703,74.125.68.0-255,2902,161645,70,402666
13537,0.001709,172.31.40.0-255,66,161711,70,402666
13538,0.001725,74.125.68.0-255,4320,166031,70,402666
13539,0.00174,172.31.40.0-255,66,166097,70,402666
13540,0.001756,74.125.68.0-255,3602,169699,70,402666
13541,0.001771,172.31.40.0-255,66,169765,70,402666
13542,0.001832,74.125.68.0-255,1484,171249,70,402666
13543,0.001842,74.125.68.0-255,1484,172733,70,402666
13544,0.001856,172.31.40.0-255,66,172799,70,402666
13545,0.001859,74.125.68.0-255,1484,174283,70,402666
13546,0.001864,74.125.68.0-255,4320,178603,70,402666
13547,0.001882,172.31.40.0-255,66,178669,70,402666
13548,0.001887,74.125.68.0-255,2902,181571,70,402666
13549,0.001912,74.125.68.0-255,5738,187309,70,402666
13550,0.001915,74.125.68.0-255,1484,188793,70,402666
13551,0.001928,74.125.68.0-255,2902,191695,70,402666
13552,0.00193,172.31.40.0-255,66,191761,70,402666
13553,0.001935,172.31.40.0-255,66,191827,70,402666
13554,0.001963,74.125.68.0-255,5738,197565,70,402666
13555,0.001972,172.31.40.0-255,66,197631,70,402666
13556,0.001985,74.125.68.0-255,6438,204069,70,402666
13557,0.002001,172.31.40.0-255,66,204135,70,402666
13558,0.004008,74.125.68.0-255,4320,208455,70,402666
13559,0.004016,172.31.40.0-255,66,208521,70,402666
13560,0.004042,74.125.68.0-255,1484,210005,70,402666
13561,0.00603,74.125.68.0-255,4320,214325,70,402666
13562,0.006034,172.31.40.0-255,66,214391,70,402666
13563,0.008049,74.125.68.0-255,5738,220129,70,402666
13564,0.008126,172.31.40.0-255,66,220195,70,402666
13565,0.010156,74.125.68.0-255,5738,225933,70,402666
13566,0.010163,172.31.40.0-255,66,225999,70,402666
13567,0.012186,74.125.68.0-255,5738,231737,70,402666
13568,0.012193,172.31.40.0-255,66,231803,70,402666
13569,0.014212,74.125.68.0-255,5738,237541,70,402666
13570,0.014219,172.31.40.0-255,66,237607,70,402666
13571,0.016285,74.125.68.0-255,5738,243345,70,402666
13572,0.016291,172.31.40.0-255,66,243411,70,402666
13573,0.018328,74.125.68.0-255,5738,249149,70,402666
13574,0.018337,172.31.40.0-255,66,249215,70,402666
13575,0.020367,74.125.68.0-255,5738,254953,70,402666
13576,0.020375,172.31.40.0-255,66,255019,70,402666
13577,0.022405,74.125.68.0-255,5738,260757,70,402666
13578,0.022415,172.31.40.0-255,66,260823,70,402666
13579,0.024446,74.125.68.0-255,5738,266561,70,402666
13580,0.024453,172.31.40.0-255,66,266627,70,402666
13581,0.026473,74.125.68.0-255,4320,270947,70,402666
13582,0.026479,172.31.40.0-255,66,271013,70,402666
13583,0.026496,74.125.68.0-255,1484,272497,70,402666
13584,0.028516,74.125.68.0-255,4320,276817,70,402666
13585,0.028524,172.31.40.0-255,66,276883,70,402666
13586,0.030548,74.125.68.0-255,5738,282621,70,402666
13587,0.030603,172.31.40.0-255,66,282687,70,402666
13588,0.032623,74.125.68.0-255,5738,288425,70,402666
13589,0.032631,172.31.40.0-255,66,288491,70,402666
13590,0.034701,74.125.68.0-255,5738,294229,70,402666
13591,0.03471,172.31.40.0-255,66,294295,70,402666
13592,0.036783,74.125.68.0-255,5738,300033,70,402666
13593,0.036792,172.31.40.0-255,66,300099,70,402666
13594,0.038828,74.125.68.0-255,5738,305837,70,402666
13595,0.038836,172.31.40.0-255,66,305903,70,402666
13596,0.039674,172.31.40.0-255,172,306075,70,402666
13597,0.039704,172.31.40.0-255,1118,307193,70,402666
13598,0.039769,172.31.40.0-255,1514,308707,70,402666
13599,0.039771,172.31.40.0-255,1514,310221,70,402666
13600,0.039775,172.31.40.0-255,1514,311735,70,402666
13601,0.039776,172.31.40.0-255,488,312223,70,402666
13602,0.040859,74.125.68.0-255,5738,317961,70,402666
13603,0.040866,172.31.40.0-255,66,318027,70,402666
13604,0.041258,104.244.42.0-255,66,318093,70,402666
13605,0.04129,104.244.42.0-255,66,318159,70,402666
13606,0.041331,104.244.42.0-255,66,318225,70,402666
13607,0.041337,104.244.42.0-255,66,318291,70,402666
13608,0.042886,74.125.68.0-255,2902,321193,70,402666
13609,0.042892,172.31.40.0-255,66,321259,70,402666
13610,0.042924,74.125.68.0-255,2902,324161,70,402666
13611,0.043778,172.31.40.0-255,66,324227,70,402666
13612,0.044919,74.125.68.0-255,2902,327129,70,402666
13613,0.044926,172.31.40.0-255,66,327195,70,402666
13614,0.045792,74.125.68.0-255,2902,330097,70,402666
13615,0.045799,172.31.40.0-255,66,330163,70,402666
13616,0.046943,74.125.68.0-255,2902,333065,70,402666
13617,0.046949,172.31.40.0-255,66,333131,70,402666
13618,0.047823,74.125.68.0-255,2902,336033,70,402666
13619,0.047829,172.31.40.0-255,66,336099,70,402666
13620,0.04897,74.125.68.0-255,2902,339001,70,402666
13621,0.048976,172.31.40.0-255,66,339067,70,402666
13622,0.049839,74.125.68.0-255,2902,341969,70,402666
13623,0.049845,172.31.40.0-255,66,342035,70,402666
13624,0.050987,74.125.68.0-255,2902,344937,70,402666
13625,0.050993,172.31.40.0-255,66,345003,70,402666
13626,0.051857,74.125.68.0-255,2902,347905,70,402666
13627,0.051864,172.31.40.0-255,66,347971,70,402666
13628,0.053012,74.125.68.0-255,2902,350873,70,402666
13629,0.053018,172.31.40.0-255,66,350939,70,402666
13630,0.053893,74.125.68.0-255,2902,353841,70,402666
13631,0.053899,172.31.40.0-255,66,353907,70,402666
13632,0.055265,74.125.68.0-255,2902,356809,70,402666
13633,0.05527,172.31.40.0-255,66,356875,70,402666
13634,0.055917,74.125.68.0-255,2902,359777,70,402666
13635,0.055922,172.31.40.0-255,66,359843,70,402666
13636,0.05728,74.125.68.0-255,2902,362745,70,402666
13637,0.057285,172.31.40.0-255,66,362811,70,402666
13638,0.057943,74.125.68.0-255,2902,365713,70,402666
13639,0.057948,172.31.40.0-255,66,365779,70,402666
13640,0.059303,74.125.68.0-255,2902,368681,70,402666
13641,0.05931,172.31.40.0-255,66,368747,70,402666
13642,0.059996,74.125.68.0-255,2902,371649,70,402666
13643,0.060002,172.31.40.0-255,66,371715,70,402666
13644,0.061338,74.125.68.0-255,2902,374617,70,402666
13645,0.061345,172.31.40.0-255,66,374683,70,402666
13646,0.062038,74.125.68.0-255,2902,377585,70,402666
13647,0.062043,172.31.40.0-255,66,377651,70,402666
13648,0.063365,74.125.68.0-255,2902,380553,70,402666
13649,0.063371,172.31.40.0-255,66,380619,70,402666
13650,0.064065,74.125.68.0-255,2902,383521,70,402666
13651,0.064071,172.31.40.0-255,66,383587,70,402666
13652,0.065403,74.125.68.0-255,2902,386489,70,402666
13653,0.065409,172.31.40.0-255,66,386555,70,402666
13654,0.066101,74.125.68.0-255,2902,389457,70,402666
13655,0.066108,172.31.40.0-255,66,389523,70,402666
13656,0.067424,74.125.68.0-255,2902,392425,70,402666
13657,0.067429,172.31.40.0-255,66,392491,70,402666
13658,0.068129,74.125.68.0-255,2902,395393,70,402666
13659,0.068137,172.31.40.0-255,66,395459,70,402666
13660,0.069463,74.125.68.0-255,2902,398361,70,402666
13661,0.069469,172.31.40.0-255,66,398427,70,402666
13662,0.070168,74.125.68.0-255,2902,401329,70,402666
13663,0.070174,172.31.40.0-255,66,401395,70,402666
13664,0.071481,74.125.68.0-255,1034,402429,70,402666
13665,0.071621,172.31.40.0-255,66,402495,70,402666
13666,0.071658,172.31.40.0-255,105,402600,70,402666
13667,0.07364,74.125.68.0-255,66,402666,70,402666
13668,0.0,172.217.194.0-255,152,152,70,359091
13669,2.4e-05,172.31.40.0-255,66,218,70,359091
13670,3.2e-05,172.217.194.0-255,1484,1702,70,359091
13671,3.7e-05,172.31.40.0-255,66,1768,70,359091
13672,4.3e-05,172.217.194.0-255,2902,4670,70,359091
13673,4.7e-05,172.31.40.0-255,66,4736,70,359091
13674,5.4e-05,172.217.194.0-255,7156,11892,70,359091
13675,5.8e-05,172.31.40.0-255,66,11958,70,359091
13676,0.000106,172.217.194.0-255,2030,13988,70,359091
13677,0.000108,172.31.40.0-255,66,14054,70,359091
13678,0.000306,172.217.194.0-255,1484,15538,70,359091
13679,0.00031,172.31.40.0-255,66,15604,70,359091
13680,0.000316,172.217.194.0-255,2902,18506,70,359091
13681,0.000319,172.31.40.0-255,66,18572,70,359091
13682,0.000322,172.217.194.0-255,1484,20056,70,359091
13683,0.000324,172.31.40.0-255,66,20122,70,359091
13684,0.00035,172.217.194.0-255,4320,24442,70,359091
13685,0.000352,172.31.40.0-255,66,24508,70,359091
13686,0.000383,172.217.194.0-255,6797,31305,70,359091
13687,0.000385,172.31.40.0-255,66,31371,70,359091
13688,0.000497,172.217.194.0-255,1484,32855,70,359091
13689,0.000501,172.31.40.0-255,66,32921,70,359091
13690,0.000523,172.217.194.0-255,2902,35823,70,359091
13691,0.000526,172.31.40.0-255,66,35889,70,359091
13692,0.000531,172.217.194.0-255,2902,38791,70,359091
13693,0.000533,172.31.40.0-255,66,38857,70,359091
13694,0.000538,172.217.194.0-255,4320,43177,70,359091
13695,0.000541,172.31.40.0-255,66,43243,70,359091
13696,0.00057,172.217.194.0-255,8574,51817,70,359091
13697,0.000573,172.31.40.0-255,66,51883,70,359091
13698,0.000594,172.217.194.0-255,1125,53008,70,359091
13699,0.000596,172.31.40.0-255,66,53074,70,359091
13700,0.000603,172.217.194.0-255,5738,58812,70,359091
13701,0.000605,172.31.40.0-255,66,58878,70,359091
13702,0.000625,172.217.194.0-255,1484,60362,70,359091
13703,0.000649,172.217.194.0-255,5676,66038,70,359091
13704,0.000652,172.31.40.0-255,66,66104,70,359091
13705,0.000655,172.217.194.0-255,379,66483,70,359091
13706,0.000726,172.217.194.0-255,1484,67967,70,359091
13707,0.000729,172.31.40.0-255,66,68033,70,359091
13708,0.000736,172.217.194.0-255,2902,70935,70,359091
13709,0.000738,172.31.40.0-255,66,71001,70,359091
13710,0.000764,172.217.194.0-255,5738,76739,70,359091
13711,0.000767,172.31.40.0-255,66,76805,70,359091
13712,0.000795,172.217.194.0-255,6249,83054,70,359091
13713,0.000798,172.31.40.0-255,66,83120,70,359091
13714,0.00081,172.217.194.0-255,1484,84604,70,359091
13715,0.00083,172.217.194.0-255,5738,90342,70,359091
13716,0.000835,172.217.194.0-255,4320,94662,70,359091
13717,0.00084,172.31.40.0-255,66,94728,70,359091
13718,0.000847,172.31.40.0-255,66,94794,70,359091
13719,0.000853,172.217.194.0-255,5379,100173,70,359091
13720,0.000855,172.31.40.0-255,66,100239,70,359091
13721,0.000992,172.217.194.0-255,1484,101723,70,359091
13722,0.001011,172.217.194.0-255,2902,104625,70,359091
13723,0.001041,172.217.194.0-255,4320,108945,70,359091
13724,0.001046,172.31.40.0-255,66,109011,70,359091
13725,0.001054,172.31.40.0-255,66,109077,70,359091
13726,0.001057,172.217.194.0-255,1484,110561,70,359091
13727,0.001063,172.217.194.0-255,4320,114881,70,359091
13728,0.001065,172.31.40.0-255,66,114947,70,359091
13729,0.001071,172.217.194.0-255,5738,120685,70,359091
13730,0.001074,172.31.40.0-255,66,120751,70,359091
13731,0.001106,172.217.194.0-255,8574,129325,70,359091
13732,0.001111,172.31.40.0-255,66,129391,70,359091
13733,0.00115,172.217.194.0-255,2902,132293,70,359091
13734,0.001152,172.31.40.0-255,66,132359,70,359091
13735,0.001166,172.217.194.0-255,2184,134543,70,359091
13736,0.001168,172.217.194.0-255,1484,136027,70,359091
13737,0.001172,172.31.40.0-255,66,136093,70,359091
13738,0.001198,172.217.194.0-255,4320,140413,70,359091
13739,0.001201,172.31.40.0-255,66,140479,70,359091
13740,0.001206,172.217.194.0-255,4320,144799,70,359091
13741,0.00121,172.31.40.0-255,66,144865,70,359091
13742,0.001242,172.217.194.0-255,5738,150603,70,359091
13743,0.001249,172.31.40.0-255,66,150669,70,359091
13744,0.001262,172.217.194.0-255,1125,151794,70,359091
13745,0.001281,172.217.194.0-255,2902,154696,70,359091
13746,0.001286,172.31.40.0-255,66,154762,70,359091
13747,0.001296,172.217.194.0-255,4320,159082,70,359091
13748,0.001303,172.217.194.0-255,7156,166238,70,359091
13749,0.001321,172.217.194.0-255,1484,167722,70,359091
13750,0.001332,172.31.40.0-255,66,167788,70,359091
13751,0.001369,172.217.194.0-255,766,168554,70,359091
13752,0.001374,172.31.40.0-255,66,168620,70,359091
13753,0.001498,172.217.194.0-255,1484,170104,70,359091
13754,0.001504,172.217.194.0-255,2902,173006,70,359091
13755,0.001517,172.217.194.0-255,4320,177326,70,359091
13756,0.00153,172.31.40.0-255,66,177392,70,359091
13757,0.001533,172.217.194.0-255,1484,178876,70,359091
13758,0.001554,172.217.194.0-255,4320,183196,70,359091
13759,0.001569,172.217.194.0-255,2902,186098,70,359091
13760,0.001578,172.217.194.0-255,8574,194672,70,359091
13761,0.001585,172.31.40.0-255,66,194738,70,359091
13762,0.001612,172.217.194.0-255,7856,202594,70,359091
13763,0.001622,172.31.40.0-255,66,202660,70,359091
13764,0.001641,172.217.194.0-255,2902,205562,70,359091
13765,0.001661,172.217.194.0-255,4320,209882,70,359091
13766,0.001666,172.31.40.0-255,66,209948,70,359091
13767,0.001682,172.217.194.0-255,4320,214268,70,359091
13768,0.001694,172.31.40.0-255,66,214334,70,359091
13769,0.001707,172.217.194.0-255,4320,218654,70,359091
13770,0.001712,172.217.194.0-255,4320,222974,70,359091
13771,0.001724,172.217.194.0-255,2902,225876,70,359091
13772,0.001747,172.31.40.0-255,66,225942,70,359091
13773,0.001758,172.217.194.0-255,4320,230262,70,359091
13774,0.001763,172.31.40.0-255,66,230328,70,359091
13775,0.00178,172.217.194.0-255,6438,236766,70,359091
13776,0.0018,172.31.40.0-255,66,236832,70,359091
13777,0.002281,172.217.194.0-255,1484,238316,70,359091
13778,0.002305,172.217.194.0-255,2902,241218,70,359091
13779,0.002309,172.31.40.0-255,66,241284,70,359091
13780,0.002331,172.217.194.0-255,4320,245604,70,359091
13781,0.002342,172.31.40.0-255,66,245670,70,359091
13782,0.002358,172.217.194.0-255,8574,254244,70,359091
13783,0.002364,172.217.194.0-255,5738,259982,70,359091
13784,0.002367,172.31.40.0-255,66,260048,70,359091
13785,0.002391,172.217.194.0-255,1484,261532,70,359091
13786,0.0024,172.217.194.0-255,9274,270806,70,359091
13787,0.002431,172.217.194.0-255,5738,276544,70,359091
13788,0.002437,172.31.40.0-255,66,276610,70,359091
13789,0.002474,172.217.194.0-255,7156,283766,70,359091
13790,0.002477,172.217.194.0-255,1484,285250,70,359091
13791,0.002483,172.217.194.0-255,6438,291688,70,359091
13792,0.002488,172.31.40.0-255,66,291754,70,359091
13793,0.002991,172.217.194.0-255,1484,293238,70,359091
13794,0.002997,172.217.194.0-255,2902,296140,70,359091
13795,0.003,172.31.40.0-255,66,296206,70,359091
13796,0.003018,172.217.194.0-255,1484,297690,70,359091
13797,0.003021,172.217.194.0-255,1484,299174,70,359091
13798,0.003031,172.217.194.0-255,1484,300658,70,359091
13799,0.003034,172.217.194.0-255,1484,302142,70,359091
13800,0.003038,172.31.40.0-255,66,302208,70,359091
13801,0.003058,172.217.194.0-255,4320,306528,70,359091
13802,0.003062,172.217.194.0-255,2902,309430,70,359091
13803,0.003066,172.31.40.0-255,66,309496,70,359091
13804,0.003091,172.217.194.0-255,7156,316652,70,359091
13805,0.003093,172.31.40.0-255,66,316718,70,359091
13806,0.003096,172.217.194.0-255,1484,318202,70,359091
13807,0.003126,172.217.194.0-255,5738,323940,70,359091
13808,0.003139,172.217.194.0-255,2184,326124,70,359091
13809,0.003148,172.31.40.0-255,66,326190,70,359091
13810,0.003191,172.217.194.0-255,8574,334764,70,359091
13811,0.003198,172.217.194.0-255,7156,341920,70,359091
13812,0.003201,172.217.194.0-255,1484,343404,70,359091
13813,0.003219,172.217.194.0-255,1484,344888,70,359091
13814,0.003222,172.31.40.0-255,66,344954,70,359091
13815,0.003253,172.31.40.0-255,66,345020,70,359091
13816,0.003522,172.217.194.0-255,1484,346504,70,359091
13817,0.003527,172.217.194.0-255,2902,349406,70,359091
13818,0.00353,172.31.40.0-255,66,349472,70,359091
13819,0.00356,172.217.194.0-255,4320,353792,70,359091
13820,0.00357,172.217.194.0-255,696,354488,70,359091
13821,0.003575,172.31.40.0-255,66,354554,70,359091
13822,0.00359,172.217.194.0-255,105,354659,70,359091
13823,0.004312,172.31.40.0-255,66,354725,70,359091
13824,0.004344,172.31.40.0-255,105,354830,70,359091
13825,0.006291,172.217.194.0-255,66,354896,70,359091
13826,0.039084,172.31.40.0-255,172,355068,70,359091
13827,0.039118,172.31.40.0-255,1118,356186,70,359091
13828,0.039181,172.31.40.0-255,1514,357700,70,359091
13829,0.039182,172.31.40.0-255,1325,359025,70,359091
13830,0.041375,104.244.42.0-255,66,359091,70,359091
13831,0.0,74.125.130.0-255,297,297,70,370580
13832,2.5e-05,172.31.40.0-255,66,363,70,370580
13833,3.2e-05,74.125.130.0-255,1484,1847,70,370580
13834,3.6e-05,172.31.40.0-255,66,1913,70,370580
13835,4.2e-05,74.125.130.0-255,2902,4815,70,370580
13836,4.5e-05,172.31.40.0-255,66,4881,70,370580
13837,6.5e-05,74.125.130.0-255,1484,6365,70,370580
13838,6.8e-05,172.31.40.0-255,66,6431,70,370580
13839,7.7e-05,74.125.130.0-255,7540,13971,70,370580
13840,8e-05,172.31.40.0-255,66,14037,70,370580
13841,8.6e-05,74.125.130.0-255,4320,18357,70,370580
13842,8.8e-05,172.31.40.0-255,66,18423,70,370580
13843,0.000117,74.125.130.0-255,4320,22743,70,370580
13844,0.000119,172.31.40.0-255,66,22809,70,370580
13845,0.000125,74.125.130.0-255,4320,27129,70,370580
13846,0.000127,172.31.40.0-255,66,27195,70,370580
13847,0.000143,74.125.130.0-255,3961,31156,70,370580
13848,0.000146,172.31.40.0-255,66,31222,70,370580
13849,0.000215,74.125.130.0-255,1484,32706,70,370580
13850,0.000218,172.31.40.0-255,66,32772,70,370580
13851,0.000224,74.125.130.0-255,2902,35674,70,370580
13852,0.000226,172.31.40.0-255,66,35740,70,370580
13853,0.000238,74.125.130.0-255,1484,37224,70,370580
13854,0.00024,172.31.40.0-255,66,37290,70,370580
13855,0.000254,74.125.130.0-255,4320,41610,70,370580
13856,0.000257,172.31.40.0-255,66,41676,70,370580
13857,0.000283,74.125.130.0-255,7156,48832,70,370580
13858,0.000286,172.31.40.0-255,66,48898,70,370580
13859,0.000316,74.125.130.0-255,5738,54636,70,370580
13860,0.000318,172.31.40.0-255,66,54702,70,370580
13861,0.000322,74.125.130.0-255,1484,56186,70,370580
13862,0.000324,172.31.40.0-255,66,56252,70,370580
13863,0.000346,74.125.130.0-255,9274,65526,70,370580
13864,0.000348,172.31.40.0-255,66,65592,70,370580
13865,0.000351,74.125.130.0-255,676,66268,70,370580
13866,0.000567,74.125.130.0-255,1484,67752,70,370580
13867,0.000571,172.31.40.0-255,66,67818,70,370580
13868,0.000577,74.125.130.0-255,2902,70720,70,370580
13869,0.000579,172.31.40.0-255,66,70786,70,370580
13870,0.000596,74.125.130.0-255,5738,76524,70,370580
13871,0.000599,172.31.40.0-255,66,76590,70,370580
13872,0.000624,74.125.130.0-255,8574,85164,70,370580
13873,0.000627,172.31.40.0-255,66,85230,70,370580
13874,0.000648,74.125.130.0-255,4320,89550,70,370580
13875,0.00065,172.31.40.0-255,66,89616,70,370580
13876,0.000653,74.125.130.0-255,1484,91100,70,370580
13877,0.000675,74.125.130.0-255,1484,92584,70,370580
13878,0.000677,172.31.40.0-255,66,92650,70,370580
13879,0.000705,74.125.130.0-255,7856,100506,70,370580
13880,0.000708,172.31.40.0-255,66,100572,70,370580
13881,0.000747,74.125.130.0-255,1484,102056,70,370580
13882,0.000752,74.125.130.0-255,2902,104958,70,370580
13883,0.000755,172.31.40.0-255,66,105024,70,370580
13884,0.00076,74.125.130.0-255,2902,107926,70,370580
13885,0.000762,172.31.40.0-255,66,107992,70,370580
13886,0.000778,74.125.130.0-255,2902,110894,70,370580
13887,0.000781,172.31.40.0-255,66,110960,70,370580
13888,0.000785,74.125.130.0-255,4320,115280,70,370580
13889,0.000788,172.31.40.0-255,66,115346,70,370580
13890,0.000804,74.125.130.0-255,1484,116830,70,370580
13891,0.000808,74.125.130.0-255,2902,119732,70,370580
13892,0.000811,172.31.40.0-255,66,119798,70,370580
13893,0.000831,74.125.130.0-255,4320,124118,70,370580
13894,0.000834,172.31.40.0-255,66,124184,70,370580
13895,0.000855,74.125.130.0-255,4320,128504,70,370580
13896,0.000857,172.31.40.0-255,66,128570,70,370580
13897,0.00088,74.125.130.0-255,6438,135008,70,370580
13898,0.000883,172.31.40.0-255,66,135074,70,370580
13899,0.000969,74.125.130.0-255,1484,136558,70,370580
13900,0.000975,74.125.130.0-255,2902,139460,70,370580
13901,0.000978,172.31.40.0-255,66,139526,70,370580
13902,0.000984,74.125.130.0-255,4320,143846,70,370580
13903,0.000986,172.31.40.0-255,66,143912,70,370580
13904,0.000999,74.125.130.0-255,1484,145396,70,370580
13905,0.001006,74.125.130.0-255,7156,152552,70,370580
13906,0.001008,172.31.40.0-255,66,152618,70,370580
13907,0.001011,74.125.130.0-255,1484,154102,70,370580
13908,0.001054,172.31.40.0-255,66,154168,70,370580
13909,0.001058,74.125.130.0-255,2184,156352,70,370580
13910,0.001061,172.31.40.0-255,66,156418,70,370580
13911,0.001086,74.125.130.0-255,1484,157902,70,370580
13912,0.001106,74.125.130.0-255,2902,160804,70,370580
13913,0.001109,172.31.40.0-255,66,160870,70,370580
13914,0.001115,74.125.130.0-255,4320,165190,70,370580
13915,0.001117,172.31.40.0-255,66,165256,70,370580
13916,0.001128,74.125.130.0-255,1484,166740,70,370580
13917,0.001134,74.125.130.0-255,4320,171060,70,370580
13918,0.001136,172.31.40.0-255,66,171126,70,370580
13919,0.001152,74.125.130.0-255,5738,176864,70,370580
13920,0.001154,172.31.40.0-255,66,176930,70,370580
13921,0.00116,74.125.130.0-255,4320,181250,70,370580
13922,0.001162,172.31.40.0-255,66,181316,70,370580
13923,0.001186,74.125.130.0-255,7156,188472,70,370580
13924,0.001189,172.31.40.0-255,66,188538,70,370580
13925,0.001195,74.125.130.0-255,4320,192858,70,370580
13926,0.001197,172.31.40.0-255,66,192924,70,370580
13927,0.001217,74.125.130.0-255,5020,197944,70,370580
13928,0.00122,172.31.40.0-255,66,198010,70,370580
13929,0.001234,74.125.130.0-255,2902,200912,70,370580
13930,0.001237,172.31.40.0-255,66,200978,70,370580
13931,0.001266,74.125.130.0-255,6249,207227,70,370580
13932,0.001269,172.31.40.0-255,66,207293,70,370580
13933,0.001287,74.125.130.0-255,2902,210195,70,370580
13934,0.00129,172.31.40.0-255,66,210261,70,370580
13935,0.001312,74.125.130.0-255,4320,214581,70,370580
13936,0.001315,172.31.40.0-255,66,214647,70,370580
13937,0.001321,74.125.130.0-255,4320,218967,70,370580
13938,0.001323,172.31.40.0-255,66,219033,70,370580
13939,0.001342,74.125.130.0-255,4320,223353,70,370580
13940,0.001346,172.31.40.0-255,66,223419,70,370580
13941,0.001381,172.31.40.0-255,66,223485,70,370580
13942,0.001384,74.125.130.0-255,1484,224969,70,370580
13943,0.00141,74.125.130.0-255,3602,228571,70,370580
13944,0.001414,172.31.40.0-255,66,228637,70,370580
13945,0.001632,74.125.130.0-255,1484,230121,70,370580
13946,0.001637,74.125.130.0-255,1484,231605,70,370580
13947,0.00164,172.31.40.0-255,66,231671,70,370580
13948,0.00166,74.125.130.0-255,1484,233155,70,370580
13949,0.001665,74.125.130.0-255,2902,236057,70,370580
13950,0.001668,172.31.40.0-255,66,236123,70,370580
13951,0.001689,74.125.130.0-255,2902,239025,70,370580
13952,0.001697,74.125.130.0-255,8574,247599,70,370580
13953,0.001699,74.125.130.0-255,1484,249083,70,370580
13954,0.001703,172.31.40.0-255,66,249149,70,370580
13955,0.001705,172.31.40.0-255,66,249215,70,370580
13956,0.001729,74.125.130.0-255,8574,257789,70,370580
13957,0.001731,172.31.40.0-255,66,257855,70,370580
13958,0.001735,74.125.130.0-255,1484,259339,70,370580
13959,0.001759,74.125.130.0-255,3602,262941,70,370580
13960,0.001762,172.31.40.0-255,66,263007,70,370580
13961,0.001858,74.125.130.0-255,1484,264491,70,370580
13962,0.001873,74.125.130.0-255,2902,267393,70,370580
13963,0.001876,172.31.40.0-255,66,267459,70,370580
13964,0.001883,74.125.130.0-255,5738,273197,70,370580
13965,0.001885,172.31.40.0-255,66,273263,70,370580
13966,0.00189,74.125.130.0-255,2902,276165,70,370580
13967,0.001892,172.31.40.0-255,66,276231,70,370580
13968,0.001906,74.125.130.0-255,2902,279133,70,370580
13969,0.001909,172.31.40.0-255,66,279199,70,370580
13970,0.001916,74.125.130.0-255,7156,286355,70,370580
13971,0.001918,172.31.40.0-255,66,286421,70,370580
13972,0.00195,74.125.130.0-255,5738,292159,70,370580
13973,0.001953,172.31.40.0-255,66,292225,70,370580
13974,0.001976,74.125.130.0-255,5020,297245,70,370580
13975,0.001979,172.31.40.0-255,66,297311,70,370580
13976,0.002032,172.31.40.0-255,66,297377,70,370580
13977,0.002045,74.125.130.0-255,7156,304533,70,370580
13978,0.00205,172.31.40.0-255,66,304599,70,370580
13979,0.00206,74.125.130.0-255,4320,308919,70,370580
13980,0.00208,74.125.130.0-255,4320,313239,70,370580
13981,0.002087,74.125.130.0-255,6438,319677,70,370580
13982,0.002096,74.125.130.0-255,1484,321161,70,370580
13983,0.002111,172.31.40.0-255,66,321227,70,370580
13984,0.004217,74.125.130.0-255,5738,326965,70,370580
13985,0.004226,172.31.40.0-255,66,327031,70,370580
13986,0.006334,74.125.130.0-255,5738,332769,70,370580
13987,0.006343,172.31.40.0-255,66,332835,70,370580
13988,0.008457,74.125.130.0-255,5738,338573,70,370580
13989,0.008463,172.31.40.0-255,66,338639,70,370580
13990,0.010551,74.125.130.0-255,4320,342959,70,370580
13991,0.010558,172.31.40.0-255,66,343025,70,370580
13992,0.010575,74.125.130.0-255,1484,344509,70,370580
13993,0.012653,74.125.130.0-255,4320,348829,70,370580
13994,0.012659,172.31.40.0-255,66,348895,70,370580
13995,0.014756,74.125.130.0-255,5738,354633,70,370580
13996,0.014762,172.31.40.0-255,66,354699,70,370580
13997,0.016864,74.125.130.0-255,5738,360437,70,370580
13998,0.016872,172.31.40.0-255,66,360503,70,370580
13999,0.018974,74.125.130.0-255,4240,364743,70,370580
14000,0.018983,172.31.40.0-255,66,364809,70,370580
14001,0.019846,172.31.40.0-255,105,364914,70,370580
14002,0.021896,74.125.130.0-255,66,364980,70,370580
14003,0.032867,172.31.40.0-255,172,365152,70,370580
14004,0.032898,172.31.40.0-255,1116,366268,70,370580
14005,0.032959,172.31.40.0-255,1514,367782,70,370580
14006,0.032961,172.31.40.0-255,1514,369296,70,370580
14007,0.032985,172.31.40.0-255,846,370142,70,370580
14008,0.034414,104.244.42.0-255,66,370208,70,370580
14009,0.034446,104.244.42.0-255,66,370274,70,370580
14010,0.034517,104.244.42.0-255,66,370340,70,370580
14011,0.034578,104.244.42.0-255,66,370406,70,370580
14012,0.035664,104.244.42.0-255,108,370514,70,370580
14013,0.035672,172.31.40.0-255,66,370580,70,370580
14014,0.0,74.125.24.0-255,152,152,70,383930
14015,2.3e-05,172.31.40.0-255,66,218,70,383930
14016,3.1e-05,74.125.24.0-255,1484,1702,70,383930
14017,3.6e-05,172.31.40.0-255,66,1768,70,383930
14018,4e-05,74.125.24.0-255,1484,3252,70,383930
14019,5e-05,172.31.40.0-255,66,3318,70,383930
14020,5.7e-05,74.125.24.0-255,4320,7638,70,383930
14021,6.1e-05,172.31.40.0-255,66,7704,70,383930
14022,0.000121,74.125.24.0-255,10595,18299,70,383930
14023,0.000125,172.31.40.0-255,66,18365,70,383930
14024,0.000136,74.125.24.0-255,9992,28357,70,383930
14025,0.000139,172.31.40.0-255,66,28423,70,383930
14026,0.000143,74.125.24.0-255,2543,30966,70,383930
14027,0.000145,172.31.40.0-255,66,31032,70,383930
14028,0.000199,74.125.24.0-255,1484,32516,70,383930
14029,0.000202,172.31.40.0-255,66,32582,70,383930
14030,0.000221,74.125.24.0-255,2902,35484,70,383930
14031,0.000223,172.31.40.0-255,66,35550,70,383930
14032,0.000228,74.125.24.0-255,2902,38452,70,383930
14033,0.00023,172.31.40.0-255,66,38518,70,383930
14034,0.000251,74.125.24.0-255,2902,41420,70,383930
14035,0.000254,172.31.40.0-255,66,41486,70,383930
14036,0.000265,74.125.24.0-255,5738,47224,70,383930
14037,0.000268,172.31.40.0-255,66,47290,70,383930
14038,0.000273,74.125.24.0-255,4320,51610,70,383930
14039,0.000278,172.31.40.0-255,66,51676,70,383930
14040,0.000318,74.125.24.0-255,9633,61309,70,383930
14041,0.000321,172.31.40.0-255,66,61375,70,383930
14042,0.000326,74.125.24.0-255,4239,65614,70,383930
14043,0.000331,172.31.40.0-255,66,65680,70,383930
14044,0.000435,74.125.24.0-255,133,65813,70,383930
14045,0.00044,172.31.40.0-255,66,65879,70,383930
14046,0.000527,74.125.24.0-255,1484,67363,70,383930
14047,0.000534,74.125.24.0-255,2902,70265,70,383930
14048,0.000537,172.31.40.0-255,66,70331,70,383930
14049,0.000564,74.125.24.0-255,5738,76069,70,383930
14050,0.000567,172.31.40.0-255,66,76135,70,383930
14051,0.000573,74.125.24.0-255,4320,80455,70,383930
14052,0.000575,172.31.40.0-255,66,80521,70,383930
14053,0.000599,74.125.24.0-255,2543,83064,70,383930
14054,0.000602,172.31.40.0-255,66,83130,70,383930
14055,0.000629,172.31.40.0-255,66,83196,70,383930
14056,0.000663,74.125.24.0-255,2902,86098,70,383930
14057,0.000665,172.31.40.0-255,66,86164,70,383930
14058,0.00067,74.125.24.0-255,2543,88707,70,383930
14059,0.000673,172.31.40.0-255,66,88773,70,383930
14060,0.002152,74.125.24.0-255,1484,90257,70,383930
14061,0.002164,74.125.24.0-255,2902,93159,70,383930
14062,0.002169,172.31.40.0-255,66,93225,70,383930
14063,0.002208,74.125.24.0-255,5738,98963,70,383930
14064,0.002211,172.31.40.0-255,66,99029,70,383930
14065,0.00222,74.125.24.0-255,7156,106185,70,383930
14066,0.002222,172.31.40.0-255,66,106251,70,383930
14067,0.002252,74.125.24.0-255,5738,111989,70,383930
14068,0.002255,172.31.40.0-255,66,112055,70,383930
14069,0.00226,74.125.24.0-255,4320,116375,70,383930
14070,0.002262,172.31.40.0-255,66,116441,70,383930
14071,0.002269,74.125.24.0-255,5738,122179,70,383930
14072,0.002272,172.31.40.0-255,66,122245,70,383930
14073,0.002275,74.125.24.0-255,766,123011,70,383930
14074,0.002309,74.125.24.0-255,1484,124495,70,383930
14075,0.002312,172.31.40.0-255,66,124561,70,383930
14076,0.002318,74.125.24.0-255,2902,127463,70,383930
14077,0.00232,172.31.40.0-255,66,127529,70,383930
14078,0.002326,74.125.24.0-255,4320,131849,70,383930
14079,0.002328,172.31.40.0-255,66,131915,70,383930
14080,0.002357,74.125.24.0-255,1484,133399,70,383930
14081,0.002371,172.31.40.0-255,66,133465,70,383930
14082,0.002402,74.125.24.0-255,1484,134949,70,383930
14083,0.002413,74.125.24.0-255,10692,145641,70,383930
14084,0.002415,172.31.40.0-255,66,145707,70,383930
14085,0.002463,74.125.24.0-255,1484,147191,70,383930
14086,0.002473,74.125.24.0-255,1484,148675,70,383930
14087,0.002475,172.31.40.0-255,66,148741,70,383930
14088,0.002486,74.125.24.0-255,1484,150225,70,383930
14089,0.002516,74.125.24.0-255,2902,153127,70,383930
14090,0.002518,172.31.40.0-255,66,153193,70,383930
14091,0.002544,74.125.24.0-255,2902,156095,70,383930
14092,0.002546,172.31.40.0-255,66,156161,70,383930
14093,0.002554,74.125.24.0-255,7156,163317,70,383930
14094,0.002556,172.31.40.0-255,66,163383,70,383930
14095,0.00262,74.125.24.0-255,8574,171957,70,383930
14096,0.002623,172.31.40.0-255,66,172023,70,383930
14097,0.002627,74.125.24.0-255,2902,174925,70,383930
14098,0.002629,172.31.40.0-255,66,174991,70,383930
14099,0.002635,74.125.24.0-255,4320,179311,70,383930
14100,0.002637,172.31.40.0-255,66,179377,70,383930
14101,0.00264,74.125.24.0-255,766,180143,70,383930
14102,0.004843,172.31.40.0-255,66,180209,70,383930
14103,0.005345,74.125.24.0-255,4320,184529,70,383930
14104,0.005351,172.31.40.0-255,66,184595,70,383930
14105,0.007531,74.125.24.0-255,1484,186079,70,383930
14106,0.008026,74.125.24.0-255,4320,190399,70,383930
14107,0.008029,172.31.40.0-255,66,190465,70,383930
14108,0.010727,74.125.24.0-255,5738,196203,70,383930
14109,0.010734,172.31.40.0-255,66,196269,70,383930
14110,0.013452,74.125.24.0-255,5738,202007,70,383930
14111,0.013463,172.31.40.0-255,66,202073,70,383930
14112,0.016143,74.125.24.0-255,5738,207811,70,383930
14113,0.016157,172.31.40.0-255,66,207877,70,383930
14114,0.018857,74.125.24.0-255,5738,213615,70,383930
14115,0.018863,172.31.40.0-255,66,213681,70,383930
14116,0.021546,74.125.24.0-255,5738,219419,70,383930
14117,0.021557,172.31.40.0-255,66,219485,70,383930
14118,0.024245,74.125.24.0-255,5738,225223,70,383930
14119,0.024254,172.31.40.0-255,66,225289,70,383930
14120,0.026993,74.125.24.0-255,5738,231027,70,383930
14121,0.027002,172.31.40.0-255,66,231093,70,383930
14122,0.029377,172.31.40.0-255,172,231265,70,383930
14123,0.02941,172.31.40.0-255,1118,232383,70,383930
14124,0.029474,172.31.40.0-255,1514,233897,70,383930
14125,0.029497,172.31.40.0-255,1514,235411,70,383930
14126,0.0295,172.31.40.0-255,844,236255,70,383930
14127,0.029714,74.125.24.0-255,5738,241993,70,383930
14128,0.029721,172.31.40.0-255,66,242059,70,383930
14129,0.031063,104.244.42.0-255,66,242125,70,383930
14130,0.031119,104.244.42.0-255,66,242191,70,383930
14131,0.031167,104.244.42.0-255,66,242257,70,383930
14132,0.031171,104.244.42.0-255,66,242323,70,383930
14133,0.032428,74.125.24.0-255,5738,248061,70,383930
14134,0.032435,172.31.40.0-255,66,248127,70,383930
14135,0.035159,74.125.24.0-255,5738,253865,70,383930
14136,0.035166,172.31.40.0-255,66,253931,70,383930
14137,0.037884,74.125.24.0-255,5738,259669,70,383930
14138,0.037891,172.31.40.0-255,66,259735,70,383930
14139,0.040653,74.125.24.0-255,5738,265473,70,383930
14140,0.04066,172.31.40.0-255,66,265539,70,383930
14141,0.043363,74.125.24.0-255,5738,271277,70,383930
14142,0.04337,172.31.40.0-255,66,271343,70,383930
14143,0.046055,74.125.24.0-255,5738,277081,70,383930
14144,0.046073,172.31.40.0-255,66,277147,70,383930
14145,0.048794,74.125.24.0-255,5738,282885,70,383930
14146,0.048802,172.31.40.0-255,66,282951,70,383930
14147,0.051523,74.125.24.0-255,5738,288689,70,383930
14148,0.05153,172.31.40.0-255,66,288755,70,383930
14149,0.054234,74.125.24.0-255,5738,294493,70,383930
14150,0.054241,172.31.40.0-255,66,294559,70,383930
14151,0.056948,74.125.24.0-255,5738,300297,70,383930
14152,0.056954,172.31.40.0-255,66,300363,70,383930
14153,0.059666,74.125.24.0-255,5738,306101,70,383930
14154,0.059672,172.31.40.0-255,66,306167,70,383930
14155,0.062375,74.125.24.0-255,5738,311905,70,383930
14156,0.062382,172.31.40.0-255,66,311971,70,383930
14157,0.065067,74.125.24.0-255,5738,317709,70,383930
14158,0.065073,172.31.40.0-255,66,317775,70,383930
14159,0.067762,74.125.24.0-255,5738,323513,70,383930
14160,0.067768,172.31.40.0-255,66,323579,70,383930
14161,0.070458,74.125.24.0-255,5738,329317,70,383930
14162,0.070466,172.31.40.0-255,66,329383,70,383930
14163,0.073166,74.125.24.0-255,5738,335121,70,383930
14164,0.073173,172.31.40.0-255,66,335187,70,383930
14165,0.075865,74.125.24.0-255,5738,340925,70,383930
14166,0.075872,172.31.40.0-255,66,340991,70,383930
14167,0.078549,74.125.24.0-255,5738,346729,70,383930
14168,0.078562,172.31.40.0-255,66,346795,70,383930
14169,0.081321,74.125.24.0-255,5738,352533,70,383930
14170,0.081328,172.31.40.0-255,66,352599,70,383930
14171,0.084009,74.125.24.0-255,5738,358337,70,383930
14172,0.084014,172.31.40.0-255,66,358403,70,383930
14173,0.086726,74.125.24.0-255,5738,364141,70,383930
14174,0.086734,172.31.40.0-255,66,364207,70,383930
14175,0.089436,74.125.24.0-255,5738,369945,70,383930
14176,0.089442,172.31.40.0-255,66,370011,70,383930
14177,0.092135,74.125.24.0-255,5738,375749,70,383930
14178,0.092141,172.31.40.0-255,66,375815,70,383930
14179,0.094834,74.125.24.0-255,5738,381553,70,383930
14180,0.094841,172.31.40.0-255,66,381619,70,383930
14181,0.097548,74.125.24.0-255,2140,383759,70,383930
14182,0.097556,172.31.40.0-255,66,383825,70,383930
14183,0.097729,172.31.40.0-255,105,383930,70,383930
14184,0.0,74.125.24.0-255,219,219,70,391922
14185,1.7e-05,172.31.40.0-255,66,285,70,391922
14186,2.4e-05,74.125.24.0-255,1484,1769,70,391922
14187,2.8e-05,172.31.40.0-255,66,1835,70,391922
14188,3.5e-05,74.125.24.0-255,4320,6155,70,391922
14189,3.8e-05,172.31.40.0-255,66,6221,70,391922
14190,6.7e-05,74.125.24.0-255,2902,9123,70,391922
14191,7e-05,172.31.40.0-255,66,9189,70,391922
14192,0.000111,74.125.24.0-255,8982,18171,70,391922
14193,0.000114,172.31.40.0-255,66,18237,70,391922
14194,0.000135,74.125.24.0-255,4320,22557,70,391922
14195,0.000138,172.31.40.0-255,66,22623,70,391922
14196,0.000149,74.125.24.0-255,2902,25525,70,391922
14197,0.000153,172.31.40.0-255,66,25591,70,391922
14198,0.000166,74.125.24.0-255,5379,30970,70,391922
14199,0.000168,172.31.40.0-255,66,31036,70,391922
14200,0.00025,74.125.24.0-255,1484,32520,70,391922
14201,0.000253,172.31.40.0-255,66,32586,70,391922
14202,0.000257,74.125.24.0-255,1484,34070,70,391922
14203,0.000259,172.31.40.0-255,66,34136,70,391922
14204,0.000274,74.125.24.0-255,1484,35620,70,391922
14205,0.000276,172.31.40.0-255,66,35686,70,391922
14206,0.000282,74.125.24.0-255,4320,40006,70,391922
14207,0.000284,172.31.40.0-255,66,40072,70,391922
14208,0.000311,74.125.24.0-255,1484,41556,70,391922
14209,0.000314,172.31.40.0-255,66,41622,70,391922
14210,0.000321,74.125.24.0-255,6797,48419,70,391922
14211,0.000323,172.31.40.0-255,66,48485,70,391922
14212,0.00047,74.125.24.0-255,1484,49969,70,391922
14213,0.000475,172.31.40.0-255,66,50035,70,391922
14214,0.000481,74.125.24.0-255,2902,52937,70,391922
14215,0.000484,172.31.40.0-255,66,53003,70,391922
14216,0.00049,74.125.24.0-255,5738,58741,70,391922
14217,0.000493,172.31.40.0-255,66,58807,70,391922
14218,0.000498,74.125.24.0-255,4320,63127,70,391922
14219,0.000501,172.31.40.0-255,66,63193,70,391922
14220,0.000525,74.125.24.0-255,2543,65736,70,391922
14221,0.000527,172.31.40.0-255,66,65802,70,391922
14222,0.000547,74.125.24.0-255,1484,67286,70,391922
14223,0.00056,74.125.24.0-255,4320,71606,70,391922
14224,0.000563,172.31.40.0-255,66,71672,70,391922
14225,0.00057,74.125.24.0-255,5738,77410,70,391922
14226,0.000572,172.31.40.0-255,66,77476,70,391922
14227,0.000582,74.125.24.0-255,1484,78960,70,391922
14228,0.000595,74.125.24.0-255,1484,80444,70,391922
14229,0.000597,172.31.40.0-255,66,80510,70,391922
14230,0.000613,74.125.24.0-255,2543,83053,70,391922
14231,0.000616,172.31.40.0-255,66,83119,70,391922
14232,0.000632,74.125.24.0-255,4320,87439,70,391922
14233,0.000635,172.31.40.0-255,66,87505,70,391922
14234,0.000639,74.125.24.0-255,2902,90407,70,391922
14235,0.000641,172.31.40.0-255,66,90473,70,391922
14236,0.000667,74.125.24.0-255,7156,97629,70,391922
14237,0.00067,172.31.40.0-255,66,97695,70,391922
14238,0.000674,74.125.24.0-255,2543,100238,70,391922
14239,0.000676,172.31.40.0-255,66,100304,70,391922
14240,0.000939,74.125.24.0-255,1484,101788,70,391922
14241,0.000969,74.125.24.0-255,2902,104690,70,391922
14242,0.000974,172.31.40.0-255,66,104756,70,391922
14243,0.000994,74.125.24.0-255,5738,110494,70,391922
14244,0.000997,172.31.40.0-255,66,110560,70,391922
14245,0.001002,74.125.24.0-255,4320,114880,70,391922
14246,0.001004,172.31.40.0-255,66,114946,70,391922
14247,0.001039,74.125.24.0-255,8574,123520,70,391922
14248,0.001042,172.31.40.0-255,66,123586,70,391922
14249,0.001048,74.125.24.0-255,4320,127906,70,391922
14250,0.00105,172.31.40.0-255,66,127972,70,391922
14251,0.001068,74.125.24.0-255,2902,130874,70,391922
14252,0.001071,172.31.40.0-255,66,130940,70,391922
14253,0.001077,74.125.24.0-255,3602,134542,70,391922
14254,0.001079,172.31.40.0-255,66,134608,70,391922
14255,0.002369,74.125.24.0-255,1484,136092,70,391922
14256,0.00238,74.125.24.0-255,2902,138994,70,391922
14257,0.002385,172.31.40.0-255,66,139060,70,391922
14258,0.002393,74.125.24.0-255,5738,144798,70,391922
14259,0.002396,172.31.40.0-255,66,144864,70,391922
14260,0.00244,172.31.40.0-255,66,144930,70,391922
14261,0.002451,74.125.24.0-255,10692,155622,70,391922
14262,0.002453,172.31.40.0-255,66,155688,70,391922
14263,0.004837,74.125.24.0-255,5738,161426,70,391922
14264,0.004844,172.31.40.0-255,66,161492,70,391922
14265,0.007228,74.125.24.0-255,5738,167230,70,391922
14266,0.007233,172.31.40.0-255,66,167296,70,391922
14267,0.009649,74.125.24.0-255,5738,173034,70,391922
14268,0.009655,172.31.40.0-255,66,173100,70,391922
14269,0.012108,74.125.24.0-255,5738,178838,70,391922
14270,0.012116,172.31.40.0-255,66,178904,70,391922
14271,0.014492,74.125.24.0-255,5738,184642,70,391922
14272,0.0145,172.31.40.0-255,66,184708,70,391922
14273,0.016887,74.125.24.0-255,5738,190446,70,391922
14274,0.016894,172.31.40.0-255,66,190512,70,391922
14275,0.019283,74.125.24.0-255,5738,196250,70,391922
14276,0.01929,172.31.40.0-255,66,196316,70,391922
14277,0.021687,74.125.24.0-255,5738,202054,70,391922
14278,0.021697,172.31.40.0-255,66,202120,70,391922
14279,0.024058,74.125.24.0-255,5738,207858,70,391922
14280,0.024065,172.31.40.0-255,66,207924,70,391922
14281,0.02647,74.125.24.0-255,5738,213662,70,391922
14282,0.026479,172.31.40.0-255,66,213728,70,391922
14283,0.02764,172.31.40.0-255,172,213900,70,391922
14284,0.027671,172.31.40.0-255,1118,215018,70,391922
14285,0.027754,172.31.40.0-255,1514,216532,70,391922
14286,0.027756,172.31.40.0-255,1514,218046,70,391922
14287,0.027758,172.31.40.0-255,844,218890,70,391922
14288,0.028844,74.125.24.0-255,5738,224628,70,391922
14289,0.02885,172.31.40.0-255,66,224694,70,391922
14290,0.029336,104.244.42.0-255,66,224760,70,391922
14291,0.029426,104.244.42.0-255,66,224826,70,391922
14292,0.02943,104.244.42.0-255,66,224892,70,391922
14293,0.029433,104.244.42.0-255,66,224958,70,391922
14294,0.031214,74.125.24.0-255,5738,230696,70,391922
14295,0.031219,172.31.40.0-255,66,230762,70,391922
14296,0.033605,74.125.24.0-255,5738,236500,70,391922
14297,0.03361,172.31.40.0-255,66,236566,70,391922
14298,0.035994,74.125.24.0-255,5738,242304,70,391922
14299,0.036001,172.31.40.0-255,66,242370,70,391922
14300,0.03839,74.125.24.0-255,5738,248108,70,391922
14301,0.038397,172.31.40.0-255,66,248174,70,391922
14302,0.040776,74.125.24.0-255,5738,253912,70,391922
14303,0.040785,172.31.40.0-255,66,253978,70,391922
14304,0.043224,74.125.24.0-255,5738,259716,70,391922
14305,0.04323,172.31.40.0-255,66,259782,70,391922
14306,0.045605,74.125.24.0-255,5738,265520,70,391922
14307,0.045612,172.31.40.0-255,66,265586,70,391922
14308,0.047995,74.125.24.0-255,5738,271324,70,391922
14309,0.048001,172.31.40.0-255,66,271390,70,391922
14310,0.050425,74.125.24.0-255,5738,277128,70,391922
14311,0.050432,172.31.40.0-255,66,277194,70,391922
14312,0.05284,74.125.24.0-255,5738,282932,70,391922
14313,0.052847,172.31.40.0-255,66,282998,70,391922
14314,0.055206,74.125.24.0-255,5738,288736,70,391922
14315,0.055212,172.31.40.0-255,66,288802,70,391922
14316,0.0576,74.125.24.0-255,5738,294540,70,391922
14317,0.057607,172.31.40.0-255,66,294606,70,391922
14318,0.059991,74.125.24.0-255,5738,300344,70,391922
14319,0.059997,172.31.40.0-255,66,300410,70,391922
14320,0.062382,74.125.24.0-255,5738,306148,70,391922
14321,0.062387,172.31.40.0-255,66,306214,70,391922
14322,0.064756,74.125.24.0-255,5738,311952,70,391922
14323,0.064763,172.31.40.0-255,66,312018,70,391922
14324,0.067149,74.125.24.0-255,5738,317756,70,391922
14325,0.067155,172.31.40.0-255,66,317822,70,391922
14326,0.069531,74.125.24.0-255,5738,323560,70,391922
14327,0.069538,172.31.40.0-255,66,323626,70,391922
14328,0.071907,74.125.24.0-255,5738,329364,70,391922
14329,0.071913,172.31.40.0-255,66,329430,70,391922
14330,0.074327,74.125.24.0-255,4320,333750,70,391922
14331,0.074332,172.31.40.0-255,66,333816,70,391922
14332,0.074351,74.125.24.0-255,1484,335300,70,391922
14333,0.076726,74.125.24.0-255,4320,339620,70,391922
14334,0.076732,172.31.40.0-255,66,339686,70,391922
14335,0.079107,74.125.24.0-255,5738,345424,70,391922
14336,0.079113,172.31.40.0-255,66,345490,70,391922
14337,0.081502,74.125.24.0-255,5738,351228,70,391922
14338,0.081508,172.31.40.0-255,66,351294,70,391922
14339,0.083864,74.125.24.0-255,5738,357032,70,391922
14340,0.08387,172.31.40.0-255,66,357098,70,391922
14341,0.08632,74.125.24.0-255,5738,362836,70,391922
14342,0.086326,172.31.40.0-255,66,362902,70,391922
14343,0.088714,74.125.24.0-255,5738,368640,70,391922
14344,0.08872,172.31.40.0-255,66,368706,70,391922
14345,0.091125,74.125.24.0-255,5738,374444,70,391922
14346,0.091133,172.31.40.0-255,66,374510,70,391922
14347,0.093569,74.125.24.0-255,5738,380248,70,391922
14348,0.093576,172.31.40.0-255,66,380314,70,391922
14349,0.095966,74.125.24.0-255,5738,386052,70,391922
14350,0.095972,172.31.40.0-255,66,386118,70,391922
14351,0.098355,74.125.24.0-255,5738,391856,70,391922
14352,0.098362,172.31.40.0-255,66,391922,70,391922
14353,0.0,172.217.194.0-255,153,153,70,366884
14354,1.6e-05,172.31.40.0-255,66,219,70,366884
14355,2.2e-05,172.217.194.0-255,1484,1703,70,366884
14356,2.8e-05,172.31.40.0-255,66,1769,70,366884
14357,3.3e-05,172.217.194.0-255,2902,4671,70,366884
14358,3.7e-05,172.31.40.0-255,66,4737,70,366884
14359,4.4e-05,172.217.194.0-255,7156,11893,70,366884
14360,4.7e-05,172.31.40.0-255,66,11959,70,366884
14361,6.9e-05,172.217.194.0-255,2081,14040,70,366884
14362,7.2e-05,172.31.40.0-255,66,14106,70,366884
14363,0.000135,172.217.194.0-255,1484,15590,70,366884
14364,0.000139,172.31.40.0-255,66,15656,70,366884
14365,0.000145,172.217.194.0-255,2902,18558,70,366884
14366,0.000148,172.31.40.0-255,66,18624,70,366884
14367,0.000165,172.217.194.0-255,2902,21526,70,366884
14368,0.000168,172.31.40.0-255,66,21592,70,366884
14369,0.000192,172.217.194.0-255,2902,24494,70,366884
14370,0.000194,172.31.40.0-255,66,24560,70,366884
14371,0.000201,172.217.194.0-255,6797,31357,70,366884
14372,0.000204,172.31.40.0-255,66,31423,70,366884
14373,0.000223,172.217.194.0-255,7156,38579,70,366884
14374,0.000225,172.31.40.0-255,66,38645,70,366884
14375,0.000253,172.217.194.0-255,7156,45801,70,366884
14376,0.000255,172.31.40.0-255,66,45867,70,366884
14377,0.000275,172.217.194.0-255,2543,48410,70,366884
14378,0.000277,172.31.40.0-255,66,48476,70,366884
14379,0.00028,172.217.194.0-255,1484,49960,70,366884
14380,0.000282,172.31.40.0-255,66,50026,70,366884
14381,0.000297,172.217.194.0-255,1484,51510,70,366884
14382,0.0003,172.31.40.0-255,66,51576,70,366884
14383,0.000317,172.217.194.0-255,1484,53060,70,366884
14384,0.000319,172.31.40.0-255,66,53126,70,366884
14385,0.000338,172.217.194.0-255,4320,57446,70,366884
14386,0.000341,172.31.40.0-255,66,57512,70,366884
14387,0.000348,172.217.194.0-255,7156,64668,70,366884
14388,0.000351,172.31.40.0-255,66,64734,70,366884
14389,0.000353,172.217.194.0-255,1125,65859,70,366884
14390,0.000404,172.217.194.0-255,381,66240,70,366884
14391,0.000441,172.217.194.0-255,1484,67724,70,366884
14392,0.000445,172.31.40.0-255,66,67790,70,366884
14393,0.00045,172.217.194.0-255,1484,69274,70,366884
14394,0.000466,172.217.194.0-255,2902,72176,70,366884
14395,0.000469,172.31.40.0-255,66,72242,70,366884
14396,0.000477,172.217.194.0-255,8574,80816,70,366884
14397,0.00048,172.31.40.0-255,66,80882,70,366884
14398,0.000517,172.31.40.0-255,66,80948,70,366884
14399,0.000523,172.217.194.0-255,5316,86264,70,366884
14400,0.000526,172.31.40.0-255,66,86330,70,366884
14401,0.000619,172.217.194.0-255,1484,87814,70,366884
14402,0.000624,172.217.194.0-255,2902,90716,70,366884
14403,0.000627,172.31.40.0-255,66,90782,70,366884
14404,0.00063,172.217.194.0-255,1484,92266,70,366884
14405,0.000649,172.217.194.0-255,4320,96586,70,366884
14406,0.000652,172.31.40.0-255,66,96652,70,366884
14407,0.000656,172.217.194.0-255,2902,99554,70,366884
14408,0.000659,172.31.40.0-255,66,99620,70,366884
14409,0.000681,172.217.194.0-255,9992,109612,70,366884
14410,0.000684,172.31.40.0-255,66,109678,70,366884
14411,0.000689,172.217.194.0-255,4320,113998,70,366884
14412,0.000692,172.31.40.0-255,66,114064,70,366884
14413,0.000713,172.217.194.0-255,5889,119953,70,366884
14414,0.000716,172.31.40.0-255,66,120019,70,366884
14415,0.000778,172.217.194.0-255,1484,121503,70,366884
14416,0.000793,172.217.194.0-255,2902,124405,70,366884
14417,0.000796,172.31.40.0-255,66,124471,70,366884
14418,0.000801,172.217.194.0-255,2902,127373,70,366884
14419,0.000804,172.31.40.0-255,66,127439,70,366884
14420,0.000819,172.217.194.0-255,2902,130341,70,366884
14421,0.000821,172.31.40.0-255,66,130407,70,366884
14422,0.000826,172.217.194.0-255,4320,134727,70,366884
14423,0.000829,172.31.40.0-255,66,134793,70,366884
14424,0.000849,172.217.194.0-255,2902,137695,70,366884
14425,0.000851,172.31.40.0-255,66,137761,70,366884
14426,0.000865,172.31.40.0-255,66,137827,70,366884
14427,0.000883,172.217.194.0-255,2902,140729,70,366884
14428,0.000887,172.217.194.0-255,2184,142913,70,366884
14429,0.000891,172.31.40.0-255,66,142979,70,366884
14430,0.000899,172.31.40.0-255,66,143045,70,366884
14431,0.001178,172.217.194.0-255,1484,144529,70,366884
14432,0.001185,172.217.194.0-255,2902,147431,70,366884
14433,0.001189,172.31.40.0-255,66,147497,70,366884
14434,0.001192,172.217.194.0-255,1484,148981,70,366884
14435,0.001215,172.217.194.0-255,4320,153301,70,366884
14436,0.001218,172.31.40.0-255,66,153367,70,366884
14437,0.001224,172.217.194.0-255,5738,159105,70,366884
14438,0.001226,172.31.40.0-255,66,159171,70,366884
14439,0.001253,172.217.194.0-255,1125,160296,70,366884
14440,0.001474,172.217.194.0-255,1484,161780,70,366884
14441,0.001479,172.31.40.0-255,66,161846,70,366884
14442,0.001485,172.217.194.0-255,2902,164748,70,366884
14443,0.001487,172.31.40.0-255,66,164814,70,366884
14444,0.001491,172.217.194.0-255,2902,167716,70,366884
14445,0.001493,172.31.40.0-255,66,167782,70,366884
14446,0.001522,172.217.194.0-255,2902,170684,70,366884
14447,0.001525,172.31.40.0-255,66,170750,70,366884
14448,0.001534,172.217.194.0-255,8574,179324,70,366884
14449,0.001536,172.31.40.0-255,66,179390,70,366884
14450,0.00162,172.31.40.0-255,66,179456,70,366884
14451,0.00164,172.217.194.0-255,1484,180940,70,366884
14452,0.001655,172.217.194.0-255,2902,183842,70,366884
14453,0.001658,172.31.40.0-255,66,183908,70,366884
14454,0.001684,172.217.194.0-255,5738,189646,70,366884
14455,0.001687,172.31.40.0-255,66,189712,70,366884
14456,0.001696,172.217.194.0-255,9992,199704,70,366884
14457,0.001699,172.31.40.0-255,66,199770,70,366884
14458,0.001729,172.217.194.0-255,7156,206926,70,366884
14459,0.001733,172.31.40.0-255,66,206992,70,366884
14460,0.001763,172.217.194.0-255,6438,213430,70,366884
14461,0.001766,172.31.40.0-255,66,213496,70,366884
14462,0.001788,172.217.194.0-255,1484,214980,70,366884
14463,0.001793,172.217.194.0-255,2902,217882,70,366884
14464,0.001795,172.31.40.0-255,66,217948,70,366884
14465,0.001819,172.217.194.0-255,5738,223686,70,366884
14466,0.001822,172.31.40.0-255,66,223752,70,366884
14467,0.001824,172.217.194.0-255,1484,225236,70,366884
14468,0.001829,172.217.194.0-255,2902,228138,70,366884
14469,0.001832,172.31.40.0-255,66,228204,70,366884
14470,0.001834,172.217.194.0-255,1484,229688,70,366884
14471,0.00186,172.217.194.0-255,4320,234008,70,366884
14472,0.001863,172.31.40.0-255,66,234074,70,366884
14473,0.001888,172.217.194.0-255,8574,242648,70,366884
14474,0.001891,172.31.40.0-255,66,242714,70,366884
14475,0.001918,172.217.194.0-255,5020,247734,70,366884
14476,0.001921,172.31.40.0-255,66,247800,70,366884
14477,0.001984,172.217.194.0-255,1484,249284,70,366884
14478,0.001998,172.217.194.0-255,2902,252186,70,366884
14479,0.002001,172.31.40.0-255,66,252252,70,366884
14480,0.002009,172.217.194.0-255,5738,257990,70,366884
14481,0.002012,172.31.40.0-255,66,258056,70,366884
14482,0.002032,172.217.194.0-255,5738,263794,70,366884
14483,0.002035,172.31.40.0-255,66,263860,70,366884
14484,0.002059,172.217.194.0-255,7156,271016,70,366884
14485,0.002061,172.31.40.0-255,66,271082,70,366884
14486,0.002085,172.217.194.0-255,5738,276820,70,366884
14487,0.002088,172.31.40.0-255,66,276886,70,366884
14488,0.002094,172.217.194.0-255,5020,281906,70,366884
14489,0.002098,172.31.40.0-255,66,281972,70,366884
14490,0.002102,172.217.194.0-255,4320,286292,70,366884
14491,0.002105,172.31.40.0-255,66,286358,70,366884
14492,0.00213,172.217.194.0-255,1484,287842,70,366884
14493,0.002135,172.217.194.0-255,4320,292162,70,366884
14494,0.002138,172.31.40.0-255,66,292228,70,366884
14495,0.002473,172.31.40.0-255,101,292329,70,366884
14496,0.004243,172.217.194.0-255,5738,298067,70,366884
14497,0.004249,172.31.40.0-255,66,298133,70,366884
14498,0.004545,172.217.194.0-255,66,298199,70,366884
14499,0.006329,172.217.194.0-255,5738,303937,70,366884
14500,0.006336,172.31.40.0-255,66,304003,70,366884
14501,0.008421,172.217.194.0-255,5738,309741,70,366884
14502,0.008427,172.31.40.0-255,66,309807,70,366884
14503,0.010529,172.217.194.0-255,5738,315545,70,366884
14504,0.010536,172.31.40.0-255,66,315611,70,366884
14505,0.012646,172.217.194.0-255,5738,321349,70,366884
14506,0.012654,172.31.40.0-255,66,321415,70,366884
14507,0.014733,172.217.194.0-255,5738,327153,70,366884
14508,0.014741,172.31.40.0-255,66,327219,70,366884
14509,0.016825,172.217.194.0-255,5738,332957,70,366884
14510,0.016832,172.31.40.0-255,66,333023,70,366884
14511,0.018927,172.217.194.0-255,5738,338761,70,366884
14512,0.018935,172.31.40.0-255,66,338827,70,366884
14513,0.021017,172.217.194.0-255,5738,344565,70,366884
14514,0.021024,172.31.40.0-255,66,344631,70,366884
14515,0.023146,172.217.194.0-255,5738,350369,70,366884
14516,0.023155,172.31.40.0-255,66,350435,70,366884
14517,0.025246,172.217.194.0-255,5738,356173,70,366884
14518,0.025254,172.31.40.0-255,66,356239,70,366884
14519,0.027353,172.217.194.0-255,5246,361485,70,366884
14520,0.02736,172.31.40.0-255,66,361551,70,366884
14521,0.027554,172.31.40.0-255,105,361656,70,366884
14522,0.030817,172.31.40.0-255,172,361828,70,366884
14523,0.03085,172.31.40.0-255,1114,362942,70,366884
14524,0.030906,172.31.40.0-255,1514,364456,70,366884
14525,0.030908,172.31.40.0-255,1514,365970,70,366884
14526,0.030934,172.31.40.0-255,848,366818,70,366884
14527,0.034422,172.217.194.0-255,66,366884,70,366884
14528,0.0,172.217.194.0-255,153,153,70,326431
14529,3.1e-05,172.31.40.0-255,66,219,70,326431
14530,3.8e-05,172.217.194.0-255,1484,1703,70,326431
14531,4.2e-05,172.31.40.0-255,66,1769,70,326431
14532,4.7e-05,172.217.194.0-255,2902,4671,70,326431
14533,5.1e-05,172.31.40.0-255,66,4737,70,326431
14534,5.8e-05,172.217.194.0-255,7156,11893,70,326431
14535,6e-05,172.31.40.0-255,66,11959,70,326431
14536,6.4e-05,172.217.194.0-255,2056,14015,70,326431
14537,6.7e-05,172.31.40.0-255,66,14081,70,326431
14538,8.9e-05,172.217.194.0-255,4320,18401,70,326431
14539,9.2e-05,172.31.40.0-255,66,18467,70,326431
14540,0.000119,172.217.194.0-255,7156,25623,70,326431
14541,0.000124,172.31.40.0-255,66,25689,70,326431
14542,0.000131,172.217.194.0-255,5738,31427,70,326431
14543,0.000133,172.31.40.0-255,66,31493,70,326431
14544,0.000148,172.217.194.0-255,1484,32977,70,326431
14545,0.00015,172.31.40.0-255,66,33043,70,326431
14546,0.000185,172.217.194.0-255,7156,40199,70,326431
14547,0.000189,172.31.40.0-255,66,40265,70,326431
14548,0.000197,172.217.194.0-255,7856,48121,70,326431
14549,0.0002,172.31.40.0-255,66,48187,70,326431
14550,0.000231,172.217.194.0-255,1484,49671,70,326431
14551,0.000234,172.31.40.0-255,66,49737,70,326431
14552,0.000238,172.217.194.0-255,2902,52639,70,326431
14553,0.00024,172.31.40.0-255,66,52705,70,326431
14554,0.000245,172.217.194.0-255,4320,57025,70,326431
14555,0.000248,172.31.40.0-255,66,57091,70,326431
14556,0.000267,172.217.194.0-255,1484,58575,70,326431
14557,0.000269,172.31.40.0-255,66,58641,70,326431
14558,0.000276,172.217.194.0-255,7086,65727,70,326431
14559,0.000279,172.31.40.0-255,66,65793,70,326431
14560,0.000282,172.217.194.0-255,99,65892,70,326431
14561,0.000383,172.217.194.0-255,1484,67376,70,326431
14562,0.000388,172.217.194.0-255,2902,70278,70,326431
14563,0.000388,172.31.40.0-255,66,70344,70,326431
14564,0.000393,172.31.40.0-255,66,70410,70,326431
14565,0.000431,172.217.194.0-255,5738,76148,70,326431
14566,0.000435,172.31.40.0-255,66,76214,70,326431
14567,0.00044,172.217.194.0-255,4320,80534,70,326431
14568,0.000443,172.31.40.0-255,66,80600,70,326431
14569,0.000463,172.217.194.0-255,3961,84561,70,326431
14570,0.000468,172.31.40.0-255,66,84627,70,326431
14571,0.000479,172.31.40.0-255,66,84693,70,326431
14572,0.000535,172.217.194.0-255,1484,86177,70,326431
14573,0.00054,172.217.194.0-255,2902,89079,70,326431
14574,0.000544,172.31.40.0-255,66,89145,70,326431
14575,0.000565,172.217.194.0-255,5738,94883,70,326431
14576,0.000569,172.31.40.0-255,66,94949,70,326431
14577,0.000571,172.217.194.0-255,1484,96433,70,326431
14578,0.000592,172.217.194.0-255,8574,105007,70,326431
14579,0.000596,172.31.40.0-255,66,105073,70,326431
14580,0.000629,172.217.194.0-255,4320,109393,70,326431
14581,0.000633,172.31.40.0-255,66,109459,70,326431
14582,0.000646,172.217.194.0-255,5738,115197,70,326431
14583,0.000649,172.31.40.0-255,66,115263,70,326431
14584,0.000665,172.217.194.0-255,3602,118865,70,326431
14585,0.000669,172.31.40.0-255,66,118931,70,326431
14586,0.00068,172.217.194.0-255,1484,120415,70,326431
14587,0.000685,172.217.194.0-255,2902,123317,70,326431
14588,0.000687,172.31.40.0-255,66,123383,70,326431
14589,0.000693,172.217.194.0-255,4320,127703,70,326431
14590,0.000695,172.31.40.0-255,66,127769,70,326431
14591,0.000714,172.217.194.0-255,1484,129253,70,326431
14592,0.000718,172.217.194.0-255,2902,132155,70,326431
14593,0.000721,172.31.40.0-255,66,132221,70,326431
14594,0.00075,172.217.194.0-255,9992,142213,70,326431
14595,0.000753,172.31.40.0-255,66,142279,70,326431
14596,0.000757,172.217.194.0-255,1484,143763,70,326431
14597,0.000771,172.217.194.0-255,1484,145247,70,326431
14598,0.000773,172.31.40.0-255,66,145313,70,326431
14599,0.000803,172.217.194.0-255,7856,153169,70,326431
14600,0.000807,172.31.40.0-255,66,153235,70,326431
14601,0.000845,172.217.194.0-255,1484,154719,70,326431
14602,0.000858,172.217.194.0-255,2902,157621,70,326431
14603,0.000861,172.31.40.0-255,66,157687,70,326431
14604,0.000884,172.217.194.0-255,1484,159171,70,326431
14605,0.000895,172.217.194.0-255,2902,162073,70,326431
14606,0.000898,172.31.40.0-255,66,162139,70,326431
14607,0.000916,172.217.194.0-255,1484,163623,70,326431
14608,0.000923,172.217.194.0-255,7156,170779,70,326431
14609,0.000925,172.31.40.0-255,66,170845,70,326431
14610,0.00093,172.217.194.0-255,5738,176583,70,326431
14611,0.000932,172.31.40.0-255,66,176649,70,326431
14612,0.00095,172.217.194.0-255,8574,185223,70,326431
14613,0.000953,172.31.40.0-255,66,185289,70,326431
14614,0.000957,172.217.194.0-255,2184,187473,70,326431
14615,0.00096,172.31.40.0-255,66,187539,70,326431
14616,0.000984,172.217.194.0-255,7156,194695,70,326431
14617,0.000987,172.31.40.0-255,66,194761,70,326431
14618,0.00101,172.217.194.0-255,7156,201917,70,326431
14619,0.001014,172.31.40.0-255,66,201983,70,326431
14620,0.001022,172.217.194.0-255,9992,211975,70,326431
14621,0.001026,172.31.40.0-255,66,212041,70,326431
14622,0.001048,172.217.194.0-255,5738,217779,70,326431
14623,0.001051,172.31.40.0-255,66,217845,70,326431
14624,0.001058,172.217.194.0-255,6438,224283,70,326431
14625,0.00106,172.31.40.0-255,66,224349,70,326431
14626,0.001139,172.31.40.0-255,66,224415,70,326431
14627,0.001157,172.217.194.0-255,8574,232989,70,326431
14628,0.001161,172.31.40.0-255,66,233055,70,326431
14629,0.001168,172.217.194.0-255,6438,239493,70,326431
14630,0.001171,172.31.40.0-255,66,239559,70,326431
14631,0.00119,172.217.194.0-255,1484,241043,70,326431
14632,0.001195,172.217.194.0-255,2902,243945,70,326431
14633,0.001198,172.31.40.0-255,66,244011,70,326431
14634,0.001215,172.217.194.0-255,5738,249749,70,326431
14635,0.001218,172.31.40.0-255,66,249815,70,326431
14636,0.001221,172.217.194.0-255,1484,251299,70,326431
14637,0.001252,172.217.194.0-255,9992,261291,70,326431
14638,0.001255,172.31.40.0-255,66,261357,70,326431
14639,0.001267,172.31.40.0-255,66,261423,70,326431
14640,0.001284,172.217.194.0-255,766,262189,70,326431
14641,0.001327,172.217.194.0-255,1484,263673,70,326431
14642,0.00133,172.31.40.0-255,66,263739,70,326431
14643,0.001335,172.217.194.0-255,2902,266641,70,326431
14644,0.001338,172.31.40.0-255,66,266707,70,326431
14645,0.001342,172.217.194.0-255,4320,271027,70,326431
14646,0.001347,172.31.40.0-255,66,271093,70,326431
14647,0.001362,172.217.194.0-255,1484,272577,70,326431
14648,0.001369,172.217.194.0-255,5738,278315,70,326431
14649,0.001372,172.31.40.0-255,66,278381,70,326431
14650,0.001403,172.217.194.0-255,7156,285537,70,326431
14651,0.001407,172.31.40.0-255,66,285603,70,326431
14652,0.001413,172.217.194.0-255,10692,296295,70,326431
14653,0.001415,172.31.40.0-255,66,296361,70,326431
14654,0.001432,172.217.194.0-255,1484,297845,70,326431
14655,0.001453,172.217.194.0-255,7156,305001,70,326431
14656,0.001457,172.31.40.0-255,66,305067,70,326431
14657,0.001466,172.217.194.0-255,9992,315059,70,326431
14658,0.001469,172.31.40.0-255,66,315125,70,326431
14659,0.001485,172.217.194.0-255,1484,316609,70,326431
14660,0.001526,172.31.40.0-255,66,316675,70,326431
14661,0.001544,172.31.40.0-255,66,316741,70,326431
14662,0.001548,172.217.194.0-255,3856,320597,70,326431
14663,0.001551,172.31.40.0-255,66,320663,70,326431
14664,0.001554,172.217.194.0-255,105,320768,70,326431
14665,0.003415,172.31.40.0-255,66,320834,70,326431
14666,0.003443,172.31.40.0-255,105,320939,70,326431
14667,0.005583,172.217.194.0-255,66,321005,70,326431
14668,0.029685,172.31.40.0-255,172,321177,70,326431
14669,0.029712,172.31.40.0-255,1118,322295,70,326431
14670,0.029783,172.31.40.0-255,1514,323809,70,326431
14671,0.029785,172.31.40.0-255,1514,325323,70,326431
14672,0.029786,172.31.40.0-255,844,326167,70,326431
14673,0.031339,104.244.42.0-255,66,326233,70,326431
14674,0.031381,104.244.42.0-255,66,326299,70,326431
14675,0.031483,104.244.42.0-255,66,326365,70,326431
14676,0.031486,104.244.42.0-255,66,326431,70,326431
14677,0.0,74.125.68.0-255,155,155,70,406208
14678,2e-05,172.31.40.0-255,66,221,70,406208
14679,2.7e-05,74.125.68.0-255,1484,1705,70,406208
14680,3.2e-05,172.31.40.0-255,66,1771,70,406208
14681,3.8e-05,74.125.68.0-255,2902,4673,70,406208
14682,4.1e-05,172.31.40.0-255,66,4739,70,406208
14683,4.7e-05,74.125.68.0-255,5738,10477,70,406208
14684,5.1e-05,172.31.40.0-255,66,10543,70,406208
14685,5.4e-05,74.125.68.0-255,1484,12027,70,406208
14686,5.7e-05,172.31.40.0-255,66,12093,70,406208
14687,7.5e-05,74.125.68.0-255,2039,14132,70,406208
14688,7.7e-05,172.31.40.0-255,66,14198,70,406208
14689,8.3e-05,74.125.68.0-255,4320,18518,70,406208
14690,8.6e-05,172.31.40.0-255,66,18584,70,406208
14691,0.000101,74.125.68.0-255,4320,22904,70,406208
14692,0.000103,172.31.40.0-255,66,22970,70,406208
14693,0.000124,74.125.68.0-255,5738,28708,70,406208
14694,0.000127,172.31.40.0-255,66,28774,70,406208
14695,0.000131,74.125.68.0-255,2543,31317,70,406208
14696,0.000133,172.31.40.0-255,66,31383,70,406208
14697,0.000276,74.125.68.0-255,1484,32867,70,406208
14698,0.000281,172.31.40.0-255,66,32933,70,406208
14699,0.000301,74.125.68.0-255,2902,35835,70,406208
14700,0.000304,172.31.40.0-255,66,35901,70,406208
14701,0.000328,74.125.68.0-255,5738,41639,70,406208
14702,0.000331,172.31.40.0-255,66,41705,70,406208
14703,0.000352,74.125.68.0-255,6797,48502,70,406208
14704,0.000355,172.31.40.0-255,66,48568,70,406208
14705,0.000384,74.125.68.0-255,4320,52888,70,406208
14706,0.000386,172.31.40.0-255,66,52954,70,406208
14707,0.000392,74.125.68.0-255,5738,58692,70,406208
14708,0.000395,172.31.40.0-255,66,58758,70,406208
14709,0.000431,74.125.68.0-255,5738,64496,70,406208
14710,0.000434,172.31.40.0-255,66,64562,70,406208
14711,0.000452,74.125.68.0-255,1435,65997,70,406208
14712,0.000456,74.125.68.0-255,112,66109,70,406208
14713,0.000595,74.125.68.0-255,330,66439,70,406208
14714,0.0006,172.31.40.0-255,66,66505,70,406208
14715,0.000744,74.125.68.0-255,1484,67989,70,406208
14716,0.000758,74.125.68.0-255,2902,70891,70,406208
14717,0.000761,172.31.40.0-255,66,70957,70,406208
14718,0.000778,74.125.68.0-255,1484,72441,70,406208
14719,0.000799,74.125.68.0-255,2902,75343,70,406208
14720,0.000802,172.31.40.0-255,66,75409,70,406208
14721,0.000805,74.125.68.0-255,1484,76893,70,406208
14722,0.000826,74.125.68.0-255,4320,81213,70,406208
14723,0.000829,172.31.40.0-255,66,81279,70,406208
14724,0.000834,74.125.68.0-255,2543,83822,70,406208
14725,0.000835,172.31.40.0-255,66,83888,70,406208
14726,0.000873,74.125.68.0-255,1484,85372,70,406208
14727,0.000888,74.125.68.0-255,2902,88274,70,406208
14728,0.00089,172.31.40.0-255,66,88340,70,406208
14729,0.000894,74.125.68.0-255,1484,89824,70,406208
14730,0.000907,74.125.68.0-255,4320,94144,70,406208
14731,0.000912,172.31.40.0-255,66,94210,70,406208
14732,0.000933,74.125.68.0-255,6797,101007,70,406208
14733,0.000936,172.31.40.0-255,66,101073,70,406208
14734,0.001237,74.125.68.0-255,1484,102557,70,406208
14735,0.00124,74.125.68.0-255,1484,104041,70,406208
14736,0.00125,172.31.40.0-255,66,104107,70,406208
14737,0.001254,74.125.68.0-255,1484,105591,70,406208
14738,0.001259,74.125.68.0-255,2902,108493,70,406208
14739,0.001261,172.31.40.0-255,66,108559,70,406208
14740,0.00128,74.125.68.0-255,2902,111461,70,406208
14741,0.001283,172.31.40.0-255,66,111527,70,406208
14742,0.001286,74.125.68.0-255,1484,113011,70,406208
14743,0.00129,74.125.68.0-255,2902,115913,70,406208
14744,0.001292,172.31.40.0-255,66,115979,70,406208
14745,0.001322,74.125.68.0-255,5738,121717,70,406208
14746,0.001325,172.31.40.0-255,66,121783,70,406208
14747,0.001328,74.125.68.0-255,1484,123267,70,406208
14748,0.001356,74.125.68.0-255,8574,131841,70,406208
14749,0.001359,172.31.40.0-255,66,131907,70,406208
14750,0.001377,74.125.68.0-255,1484,133391,70,406208
14751,0.001392,74.125.68.0-255,2184,135575,70,406208
14752,0.001395,172.31.40.0-255,66,135641,70,406208
14753,0.001944,74.125.68.0-255,1484,137125,70,406208
14754,0.001953,74.125.68.0-255,2902,140027,70,406208
14755,0.001958,172.31.40.0-255,66,140093,70,406208
14756,0.001981,74.125.68.0-255,5738,145831,70,406208
14757,0.001983,172.31.40.0-255,66,145897,70,406208
14758,0.001988,74.125.68.0-255,2902,148799,70,406208
14759,0.00199,172.31.40.0-255,66,148865,70,406208
14760,0.002019,74.125.68.0-255,2902,151767,70,406208
14761,0.002022,172.31.40.0-255,66,151833,70,406208
14762,0.00203,74.125.68.0-255,7156,158989,70,406208
14763,0.002031,172.31.40.0-255,66,159055,70,406208
14764,0.002046,74.125.68.0-255,4320,163375,70,406208
14765,0.002049,172.31.40.0-255,66,163441,70,406208
14766,0.002074,74.125.68.0-255,6438,169879,70,406208
14767,0.002077,172.31.40.0-255,66,169945,70,406208
14768,0.002289,74.125.68.0-255,1484,171429,70,406208
14769,0.002297,74.125.68.0-255,2902,174331,70,406208
14770,0.0023,172.31.40.0-255,66,174397,70,406208
14771,0.002304,74.125.68.0-255,1484,175881,70,406208
14772,0.004607,74.125.68.0-255,4320,180201,70,406208
14773,0.004614,172.31.40.0-255,66,180267,70,406208
14774,0.006912,74.125.68.0-255,5738,186005,70,406208
14775,0.00692,172.31.40.0-255,66,186071,70,406208
14776,0.009223,74.125.68.0-255,5738,191809,70,406208
14777,0.00923,172.31.40.0-255,66,191875,70,406208
14778,0.011542,74.125.68.0-255,5738,197613,70,406208
14779,0.011552,172.31.40.0-255,66,197679,70,406208
14780,0.013858,74.125.68.0-255,5738,203417,70,406208
14781,0.013867,172.31.40.0-255,66,203483,70,406208
14782,0.016177,74.125.68.0-255,5738,209221,70,406208
14783,0.016184,172.31.40.0-255,66,209287,70,406208
14784,0.018518,74.125.68.0-255,5738,215025,70,406208
14785,0.018527,172.31.40.0-255,66,215091,70,406208
14786,0.02083,74.125.68.0-255,5738,220829,70,406208
14787,0.020838,172.31.40.0-255,66,220895,70,406208
14788,0.023135,74.125.68.0-255,5738,226633,70,406208
14789,0.023142,172.31.40.0-255,66,226699,70,406208
14790,0.02544,74.125.68.0-255,5738,232437,70,406208
14791,0.025448,172.31.40.0-255,66,232503,70,406208
14792,0.02774,74.125.68.0-255,5738,238241,70,406208
14793,0.027746,172.31.40.0-255,66,238307,70,406208
14794,0.02892,172.31.40.0-255,172,238479,70,406208
14795,0.028952,172.31.40.0-255,1118,239597,70,406208
14796,0.029,172.31.40.0-255,1514,241111,70,406208
14797,0.029002,172.31.40.0-255,1514,242625,70,406208
14798,0.029024,172.31.40.0-255,846,243471,70,406208
14799,0.030034,74.125.68.0-255,5738,249209,70,406208
14800,0.030041,172.31.40.0-255,66,249275,70,406208
14801,0.030483,104.244.42.0-255,66,249341,70,406208
14802,0.030527,104.244.42.0-255,66,249407,70,406208
14803,0.030572,104.244.42.0-255,66,249473,70,406208
14804,0.030576,104.244.42.0-255,66,249539,70,406208
14805,0.031201,104.244.42.0-255,108,249647,70,406208
14806,0.03121,172.31.40.0-255,66,249713,70,406208
14807,0.032345,74.125.68.0-255,5738,255451,70,406208
14808,0.03235,172.31.40.0-255,66,255517,70,406208
14809,0.034656,74.125.68.0-255,5738,261255,70,406208
14810,0.034663,172.31.40.0-255,66,261321,70,406208
14811,0.036974,74.125.68.0-255,5738,267059,70,406208
14812,0.036982,172.31.40.0-255,66,267125,70,406208
14813,0.039284,74.125.68.0-255,5738,272863,70,406208
14814,0.03929,172.31.40.0-255,66,272929,70,406208
14815,0.041608,74.125.68.0-255,5738,278667,70,406208
14816,0.041616,172.31.40.0-255,66,278733,70,406208
14817,0.043923,74.125.68.0-255,5738,284471,70,406208
14818,0.043931,172.31.40.0-255,66,284537,70,406208
14819,0.046243,74.125.68.0-255,5738,290275,70,406208
14820,0.046249,172.31.40.0-255,66,290341,70,406208
14821,0.048555,74.125.68.0-255,5738,296079,70,406208
14822,0.048559,172.31.40.0-255,66,296145,70,406208
14823,0.050855,74.125.68.0-255,5738,301883,70,406208
14824,0.050861,172.31.40.0-255,66,301949,70,406208
14825,0.053168,74.125.68.0-255,5738,307687,70,406208
14826,0.053176,172.31.40.0-255,66,307753,70,406208
14827,0.055483,74.125.68.0-255,5738,313491,70,406208
14828,0.05549,172.31.40.0-255,66,313557,70,406208
14829,0.05779,74.125.68.0-255,5738,319295,70,406208
14830,0.057796,172.31.40.0-255,66,319361,70,406208
14831,0.060109,74.125.68.0-255,5738,325099,70,406208
14832,0.060116,172.31.40.0-255,66,325165,70,406208
14833,0.06242,74.125.68.0-255,5738,330903,70,406208
14834,0.062427,172.31.40.0-255,66,330969,70,406208
14835,0.064741,74.125.68.0-255,5738,336707,70,406208
14836,0.064747,172.31.40.0-255,66,336773,70,406208
14837,0.06706,74.125.68.0-255,5738,342511,70,406208
14838,0.067065,172.31.40.0-255,66,342577,70,406208
14839,0.069369,74.125.68.0-255,5738,348315,70,406208
14840,0.069376,172.31.40.0-255,66,348381,70,406208
14841,0.071687,74.125.68.0-255,5738,354119,70,406208
14842,0.071694,172.31.40.0-255,66,354185,70,406208
14843,0.074013,74.125.68.0-255,5738,359923,70,406208
14844,0.074019,172.31.40.0-255,66,359989,70,406208
14845,0.076336,74.125.68.0-255,5738,365727,70,406208
14846,0.076345,172.31.40.0-255,66,365793,70,406208
14847,0.078632,74.125.68.0-255,5738,371531,70,406208
14848,0.078638,172.31.40.0-255,66,371597,70,406208
14849,0.080945,74.125.68.0-255,5738,377335,70,406208
14850,0.080951,172.31.40.0-255,66,377401,70,406208
14851,0.083255,74.125.68.0-255,5738,383139,70,406208
14852,0.083262,172.31.40.0-255,66,383205,70,406208
14853,0.085563,74.125.68.0-255,5738,388943,70,406208
14854,0.08557,172.31.40.0-255,66,389009,70,406208
14855,0.087891,74.125.68.0-255,5738,394747,70,406208
14856,0.087901,172.31.40.0-255,66,394813,70,406208
14857,0.090211,74.125.68.0-255,5738,400551,70,406208
14858,0.090217,172.31.40.0-255,66,400617,70,406208
14859,0.092528,74.125.68.0-255,5354,405971,70,406208
14860,0.092534,172.31.40.0-255,66,406037,70,406208
14861,0.092752,172.31.40.0-255,105,406142,70,406208
14862,0.095008,74.125.68.0-255,66,406208,70,406208
14863,0.0,74.125.200.0-255,152,152,70,403829
14864,2.3e-05,172.31.40.0-255,66,218,70,403829
14865,3.1e-05,74.125.200.0-255,1484,1702,70,403829
14866,3.6e-05,172.31.40.0-255,66,1768,70,403829
14867,4.9e-05,74.125.200.0-255,2902,4670,70,403829
14868,5.2e-05,172.31.40.0-255,66,4736,70,403829
14869,5.9e-05,74.125.200.0-255,5738,10474,70,403829
14870,6.1e-05,172.31.40.0-255,66,10540,70,403829
14871,8.4e-05,74.125.200.0-255,1484,12024,70,403829
14872,8.7e-05,172.31.40.0-255,66,12090,70,403829
14873,9.6e-05,74.125.200.0-255,2128,14218,70,403829
14874,9.8e-05,172.31.40.0-255,66,14284,70,403829
14875,0.000224,74.125.200.0-255,1484,15768,70,403829
14876,0.000229,172.31.40.0-255,66,15834,70,403829
14877,0.000234,74.125.200.0-255,2902,18736,70,403829
14878,0.000236,172.31.40.0-255,66,18802,70,403829
14879,0.000239,74.125.200.0-255,1484,20286,70,403829
14880,0.000246,172.31.40.0-255,66,20352,70,403829
14881,0.000279,74.125.200.0-255,4320,24672,70,403829
14882,0.000282,172.31.40.0-255,66,24738,70,403829
14883,0.000289,74.125.200.0-255,6797,31535,70,403829
14884,0.000291,172.31.40.0-255,66,31601,70,403829
14885,0.000461,74.125.200.0-255,1484,33085,70,403829
14886,0.000465,172.31.40.0-255,66,33151,70,403829
14887,0.00047,74.125.200.0-255,1484,34635,70,403829
14888,0.000471,172.31.40.0-255,66,34701,70,403829
14889,0.000474,74.125.200.0-255,1484,36185,70,403829
14890,0.000476,172.31.40.0-255,66,36251,70,403829
14891,0.00049,74.125.200.0-255,1484,37735,70,403829
14892,0.000493,172.31.40.0-255,66,37801,70,403829
14893,0.000496,74.125.200.0-255,1484,39285,70,403829
14894,0.000497,172.31.40.0-255,66,39351,70,403829
14895,0.000534,74.125.200.0-255,4320,43671,70,403829
14896,0.000542,74.125.200.0-255,5379,49050,70,403829
14897,0.000549,74.125.200.0-255,5738,54788,70,403829
14898,0.000578,74.125.200.0-255,7156,61944,70,403829
14899,0.000583,172.31.40.0-255,66,62010,70,403829
14900,0.000601,74.125.200.0-255,4268,66278,70,403829
14901,0.000616,172.31.40.0-255,66,66344,70,403829
14902,0.0007,74.125.200.0-255,119,66463,70,403829
14903,0.000849,74.125.200.0-255,1484,67947,70,403829
14904,0.000853,172.31.40.0-255,66,68013,70,403829
14905,0.000856,74.125.200.0-255,1484,69497,70,403829
14906,0.000879,74.125.200.0-255,1484,70981,70,403829
14907,0.000885,74.125.200.0-255,4320,75301,70,403829
14908,0.000887,74.125.200.0-255,1484,76785,70,403829
14909,0.000905,74.125.200.0-255,4320,81105,70,403829
14910,0.000913,172.31.40.0-255,66,81171,70,403829
14911,0.000925,74.125.200.0-255,4320,85491,70,403829
14912,0.000956,74.125.200.0-255,8215,93706,70,403829
14913,0.000978,172.31.40.0-255,66,93772,70,403829
14914,0.001007,74.125.200.0-255,6797,100569,70,403829
14915,0.001016,172.31.40.0-255,66,100635,70,403829
14916,0.001604,74.125.200.0-255,1484,102119,70,403829
14917,0.001626,74.125.200.0-255,2902,105021,70,403829
14918,0.001631,172.31.40.0-255,66,105087,70,403829
14919,0.001636,74.125.200.0-255,2902,107989,70,403829
14920,0.001657,74.125.200.0-255,1484,109473,70,403829
14921,0.001665,74.125.200.0-255,5738,115211,70,403829
14922,0.001677,74.125.200.0-255,2902,118113,70,403829
14923,0.001696,74.125.200.0-255,8574,126687,70,403829
14924,0.001702,74.125.200.0-255,5738,132425,70,403829
14925,0.001759,74.125.200.0-255,2184,134609,70,403829
14926,0.001808,74.125.200.0-255,1484,136093,70,403829
14927,0.001813,74.125.200.0-255,2902,138995,70,403829
14928,0.001849,74.125.200.0-255,1484,140479,70,403829
14929,0.001863,74.125.200.0-255,2902,143381,70,403829
14930,0.001884,74.125.200.0-255,5738,149119,70,403829
14931,0.001899,74.125.200.0-255,1484,150603,70,403829
14932,0.001929,74.125.200.0-255,2902,153505,70,403829
14933,0.001948,74.125.200.0-255,4320,157825,70,403829
14934,0.001964,74.125.200.0-255,1484,159309,70,403829
14935,0.001992,74.125.200.0-255,2902,162211,70,403829
14936,0.002008,74.125.200.0-255,4320,166531,70,403829
14937,0.00206,74.125.200.0-255,2184,168715,70,403829
14938,0.002277,74.125.200.0-255,1484,170199,70,403829
14939,0.002285,74.125.200.0-255,2902,173101,70,403829
14940,0.002312,74.125.200.0-255,5738,178839,70,403829
14941,0.002316,74.125.200.0-255,1484,180323,70,403829
14942,0.002336,74.125.200.0-255,5738,186061,70,403829
14943,0.002356,74.125.200.0-255,7156,193217,70,403829
14944,0.007712,172.31.40.0-255,66,193283,70,403829
14945,0.010048,74.125.200.0-255,5738,199021,70,403829
14946,0.010056,172.31.40.0-255,66,199087,70,403829
14947,0.012393,74.125.200.0-255,5738,204825,70,403829
14948,0.013327,172.31.40.0-255,66,204891,70,403829
14949,0.015661,74.125.200.0-255,5738,210629,70,403829
14950,0.01567,172.31.40.0-255,66,210695,70,403829
14951,0.017996,74.125.200.0-255,5738,216433,70,403829
14952,0.018003,172.31.40.0-255,66,216499,70,403829
14953,0.020333,74.125.200.0-255,5738,222237,70,403829
14954,0.02034,172.31.40.0-255,66,222303,70,403829
14955,0.02266,74.125.200.0-255,5738,228041,70,403829
14956,0.022667,172.31.40.0-255,66,228107,70,403829
14957,0.024985,74.125.200.0-255,5738,233845,70,403829
14958,0.024993,172.31.40.0-255,66,233911,70,403829
14959,0.027321,74.125.200.0-255,5738,239649,70,403829
14960,0.027328,172.31.40.0-255,66,239715,70,403829
14961,0.02784,172.31.40.0-255,172,239887,70,403829
14962,0.02787,172.31.40.0-255,1113,241000,70,403829
14963,0.027927,172.31.40.0-255,1514,242514,70,403829
14964,0.027929,172.31.40.0-255,1330,243844,70,403829
14965,0.029654,74.125.200.0-255,5738,249582,70,403829
14966,0.029661,172.31.40.0-255,66,249648,70,403829
14967,0.030117,104.244.42.0-255,66,249714,70,403829
14968,0.031985,74.125.200.0-255,5738,255452,70,403829
14969,0.03199,172.31.40.0-255,66,255518,70,403829
14970,0.034328,74.125.200.0-255,5738,261256,70,403829
14971,0.034343,172.31.40.0-255,66,261322,70,403829
14972,0.036681,74.125.200.0-255,5738,267060,70,403829
14973,0.037241,172.31.40.0-255,66,267126,70,403829
14974,0.039595,74.125.200.0-255,5738,272864,70,403829
14975,0.039612,172.31.40.0-255,66,272930,70,403829
14976,0.041942,74.125.200.0-255,5738,278668,70,403829
14977,0.041951,172.31.40.0-255,66,278734,70,403829
14978,0.04428,74.125.200.0-255,5738,284472,70,403829
14979,0.044287,172.31.40.0-255,66,284538,70,403829
14980,0.046625,74.125.200.0-255,5738,290276,70,403829
14981,0.046631,172.31.40.0-255,66,290342,70,403829
14982,0.048958,74.125.200.0-255,5738,296080,70,403829
14983,0.048965,172.31.40.0-255,66,296146,70,403829
14984,0.051306,74.125.200.0-255,5738,301884,70,403829
14985,0.051313,172.31.40.0-255,66,301950,70,403829
14986,0.053653,74.125.200.0-255,5738,307688,70,403829
14987,0.05366,172.31.40.0-255,66,307754,70,403829
14988,0.055991,74.125.200.0-255,5738,313492,70,403829
14989,0.055997,172.31.40.0-255,66,313558,70,403829
14990,0.058334,74.125.200.0-255,5738,319296,70,403829
14991,0.058339,172.31.40.0-255,66,319362,70,403829
14992,0.060703,74.125.200.0-255,5738,325100,70,403829
14993,0.060709,172.31.40.0-255,66,325166,70,403829
14994,0.063044,74.125.200.0-255,5738,330904,70,403829
14995,0.063051,172.31.40.0-255,66,330970,70,403829
14996,0.065371,74.125.200.0-255,5738,336708,70,403829
14997,0.065378,172.31.40.0-255,66,336774,70,403829
14998,0.06772,74.125.200.0-255,5738,342512,70,403829
14999,0.067727,172.31.40.0-255,66,342578,70,403829
15000,0.070052,74.125.200.0-255,5738,348316,70,403829
15001,0.070058,172.31.40.0-255,66,348382,70,403829
15002,0.072387,74.125.200.0-255,5738,354120,70,403829
15003,0.072393,172.31.40.0-255,66,354186,70,403829
15004,0.074715,74.125.200.0-255,5738,359924,70,403829
15005,0.074724,172.31.40.0-255,66,359990,70,403829
15006,0.077065,74.125.200.0-255,5738,365728,70,403829
15007,0.077077,172.31.40.0-255,66,365794,70,403829
15008,0.079423,74.125.200.0-255,5738,371532,70,403829
15009,0.079436,172.31.40.0-255,66,371598,70,403829
15010,0.081789,74.125.200.0-255,5738,377336,70,403829
15011,0.0818,172.31.40.0-255,66,377402,70,403829
15012,0.084147,74.125.200.0-255,5738,383140,70,403829
15013,0.084155,172.31.40.0-255,66,383206,70,403829
15014,0.086495,74.125.200.0-255,5738,388944,70,403829
15015,0.086503,172.31.40.0-255,66,389010,70,403829
15016,0.088855,74.125.200.0-255,5738,394748,70,403829
15017,0.088868,172.31.40.0-255,66,394814,70,403829
15018,0.091207,74.125.200.0-255,5738,400552,70,403829
15019,0.091215,172.31.40.0-255,66,400618,70,403829
15020,0.093537,74.125.200.0-255,2974,403592,70,403829
15021,0.093547,172.31.40.0-255,66,403658,70,403829
15022,0.094802,172.31.40.0-255,105,403763,70,403829
15023,0.097095,74.125.200.0-255,66,403829,70,403829
15024,0.0,74.125.24.0-255,150,150,70,325524
15025,2.1e-05,172.31.40.0-255,66,216,70,325524
15026,2.8e-05,74.125.24.0-255,1484,1700,70,325524
15027,3.3e-05,172.31.40.0-255,66,1766,70,325524
15028,3.9e-05,74.125.24.0-255,2902,4668,70,325524
15029,4.2e-05,172.31.40.0-255,66,4734,70,325524
15030,5e-05,74.125.24.0-255,7156,11890,70,325524
15031,5.3e-05,172.31.40.0-255,66,11956,70,325524
15032,6.1e-05,74.125.24.0-255,5738,17694,70,325524
15033,6.3e-05,172.31.40.0-255,66,17760,70,325524
15034,8.8e-05,74.125.24.0-255,2139,19899,70,325524
15035,9.2e-05,172.31.40.0-255,66,19965,70,325524
15036,0.0001,74.125.24.0-255,8574,28539,70,325524
15037,0.000103,172.31.40.0-255,66,28605,70,325524
15038,0.000117,172.31.40.0-255,66,28671,70,325524
15039,0.000139,74.125.24.0-255,5738,34409,70,325524
15040,0.000141,172.31.40.0-255,66,34475,70,325524
15041,0.000145,74.125.24.0-255,766,35241,70,325524
15042,0.000147,172.31.40.0-255,66,35307,70,325524
15043,0.000248,74.125.24.0-255,1484,36791,70,325524
15044,0.000252,172.31.40.0-255,66,36857,70,325524
15045,0.000256,74.125.24.0-255,1484,38341,70,325524
15046,0.000259,172.31.40.0-255,66,38407,70,325524
15047,0.000277,74.125.24.0-255,1484,39891,70,325524
15048,0.000279,172.31.40.0-255,66,39957,70,325524
15049,0.000285,74.125.24.0-255,5738,45695,70,325524
15050,0.000288,172.31.40.0-255,66,45761,70,325524
15051,0.000307,74.125.24.0-255,1484,47245,70,325524
15052,0.000309,172.31.40.0-255,66,47311,70,325524
15053,0.000324,74.125.24.0-255,5716,53027,70,325524
15054,0.000327,172.31.40.0-255,66,53093,70,325524
15055,0.00054,74.125.24.0-255,1484,54577,70,325524
15056,0.000569,74.125.24.0-255,2902,57479,70,325524
15057,0.000573,172.31.40.0-255,66,57545,70,325524
15058,0.000579,74.125.24.0-255,4320,61865,70,325524
15059,0.000581,172.31.40.0-255,66,61931,70,325524
15060,0.000588,74.125.24.0-255,5738,67669,70,325524
15061,0.00059,172.31.40.0-255,66,67735,70,325524
15062,0.000596,74.125.24.0-255,5738,73473,70,325524
15063,0.000599,172.31.40.0-255,66,73539,70,325524
15064,0.000638,74.125.24.0-255,5738,79277,70,325524
15065,0.000642,172.31.40.0-255,66,79343,70,325524
15066,0.000651,74.125.24.0-255,7856,87199,70,325524
15067,0.000653,172.31.40.0-255,66,87265,70,325524
15068,0.000679,74.125.24.0-255,2902,90167,70,325524
15069,0.000682,172.31.40.0-255,66,90233,70,325524
15070,0.000687,74.125.24.0-255,4320,94553,70,325524
15071,0.000689,172.31.40.0-255,66,94619,70,325524
15072,0.000719,74.125.24.0-255,8574,103193,70,325524
15073,0.000722,172.31.40.0-255,66,103259,70,325524
15074,0.000777,172.31.40.0-255,66,103325,70,325524
15075,0.000822,172.31.40.0-255,66,103391,70,325524
15076,0.000845,74.125.24.0-255,5738,109129,70,325524
15077,0.000848,172.31.40.0-255,66,109195,70,325524
15078,0.000857,74.125.24.0-255,9992,119187,70,325524
15079,0.00086,172.31.40.0-255,66,119253,70,325524
15080,0.000866,74.125.24.0-255,5020,124273,70,325524
15081,0.000868,172.31.40.0-255,66,124339,70,325524
15082,0.001245,74.125.24.0-255,1484,125823,70,325524
15083,0.001251,74.125.24.0-255,1484,127307,70,325524
15084,0.001254,172.31.40.0-255,66,127373,70,325524
15085,0.001272,74.125.24.0-255,1484,128857,70,325524
15086,0.001279,74.125.24.0-255,5738,134595,70,325524
15087,0.001281,172.31.40.0-255,66,134661,70,325524
15088,0.001286,74.125.24.0-255,4320,138981,70,325524
15089,0.001288,172.31.40.0-255,66,139047,70,325524
15090,0.00132,172.31.40.0-255,66,139113,70,325524
15091,0.001325,74.125.24.0-255,2902,142015,70,325524
15092,0.001327,172.31.40.0-255,66,142081,70,325524
15093,0.001343,74.125.24.0-255,5020,147101,70,325524
15094,0.001345,172.31.40.0-255,66,147167,70,325524
15095,0.001376,74.125.24.0-255,2902,150069,70,325524
15096,0.001379,172.31.40.0-255,66,150135,70,325524
15097,0.00139,74.125.24.0-255,1484,151619,70,325524
15098,0.001397,74.125.24.0-255,5738,157357,70,325524
15099,0.001399,172.31.40.0-255,66,157423,70,325524
15100,0.001436,172.31.40.0-255,66,157489,70,325524
15101,0.001458,74.125.24.0-255,4320,161809,70,325524
15102,0.001462,172.31.40.0-255,66,161875,70,325524
15103,0.001471,74.125.24.0-255,4320,166195,70,325524
15104,0.001473,172.31.40.0-255,66,166261,70,325524
15105,0.001487,74.125.24.0-255,3602,169863,70,325524
15106,0.00149,172.31.40.0-255,66,169929,70,325524
15107,0.00153,74.125.24.0-255,1484,171413,70,325524
15108,0.001534,74.125.24.0-255,1484,172897,70,325524
15109,0.001537,172.31.40.0-255,66,172963,70,325524
15110,0.001549,74.125.24.0-255,1484,174447,70,325524
15111,0.001554,74.125.24.0-255,4320,178767,70,325524
15112,0.001556,172.31.40.0-255,66,178833,70,325524
15113,0.001584,74.125.24.0-255,1484,180317,70,325524
15114,0.00159,74.125.24.0-255,5738,186055,70,325524
15115,0.001593,172.31.40.0-255,66,186121,70,325524
15116,0.001603,74.125.24.0-255,7156,193277,70,325524
15117,0.001605,172.31.40.0-255,66,193343,70,325524
15118,0.001614,74.125.24.0-255,10692,204035,70,325524
15119,0.001616,172.31.40.0-255,66,204101,70,325524
15120,0.001681,74.125.24.0-255,1484,205585,70,325524
15121,0.001694,74.125.24.0-255,2902,208487,70,325524
15122,0.001696,172.31.40.0-255,66,208553,70,325524
15123,0.001716,74.125.24.0-255,2902,211455,70,325524
15124,0.001718,172.31.40.0-255,66,211521,70,325524
15125,0.001733,74.125.24.0-255,2902,214423,70,325524
15126,0.001735,172.31.40.0-255,66,214489,70,325524
15127,0.001741,74.125.24.0-255,5738,220227,70,325524
15128,0.001743,172.31.40.0-255,66,220293,70,325524
15129,0.001769,74.125.24.0-255,5738,226031,70,325524
15130,0.001772,172.31.40.0-255,66,226097,70,325524
15131,0.001792,74.125.24.0-255,8574,234671,70,325524
15132,0.001795,172.31.40.0-255,66,234737,70,325524
15133,0.001815,74.125.24.0-255,3602,238339,70,325524
15134,0.001818,172.31.40.0-255,66,238405,70,325524
15135,0.001974,74.125.24.0-255,1484,239889,70,325524
15136,0.00198,74.125.24.0-255,2902,242791,70,325524
15137,0.001983,172.31.40.0-255,66,242857,70,325524
15138,0.002006,74.125.24.0-255,5738,248595,70,325524
15139,0.002009,172.31.40.0-255,66,248661,70,325524
15140,0.002041,172.31.40.0-255,66,248727,70,325524
15141,0.002078,74.125.24.0-255,7156,255883,70,325524
15142,0.00208,172.31.40.0-255,66,255949,70,325524
15143,0.002101,74.125.24.0-255,3602,259551,70,325524
15144,0.002104,172.31.40.0-255,66,259617,70,325524
15145,0.00221,74.125.24.0-255,1484,261101,70,325524
15146,0.002223,74.125.24.0-255,2902,264003,70,325524
15147,0.002226,172.31.40.0-255,66,264069,70,325524
15148,0.002233,74.125.24.0-255,4320,268389,70,325524
15149,0.002235,172.31.40.0-255,66,268455,70,325524
15150,0.002251,74.125.24.0-255,1484,269939,70,325524
15151,0.002257,74.125.24.0-255,4320,274259,70,325524
15152,0.00226,172.31.40.0-255,66,274325,70,325524
15153,0.002266,74.125.24.0-255,4320,278645,70,325524
15154,0.002268,172.31.40.0-255,66,278711,70,325524
15155,0.002295,74.125.24.0-255,7156,285867,70,325524
15156,0.002298,172.31.40.0-255,66,285933,70,325524
15157,0.002308,74.125.24.0-255,10692,296625,70,325524
15158,0.00231,172.31.40.0-255,66,296691,70,325524
15159,0.002319,74.125.24.0-255,8574,305265,70,325524
15160,0.002321,172.31.40.0-255,66,305331,70,325524
15161,0.002341,74.125.24.0-255,2902,308233,70,325524
15162,0.002347,74.125.24.0-255,5738,313971,70,325524
15163,0.002351,172.31.40.0-255,66,314037,70,325524
15164,0.002355,172.31.40.0-255,66,314103,70,325524
15165,0.002366,74.125.24.0-255,5265,319368,70,325524
15166,0.002369,172.31.40.0-255,66,319434,70,325524
15167,0.004655,74.125.24.0-255,105,319539,70,325524
15168,0.011994,172.31.40.0-255,66,319605,70,325524
15169,0.012055,172.31.40.0-255,105,319710,70,325524
15170,0.014351,74.125.24.0-255,66,319776,70,325524
15171,0.038679,172.31.40.0-255,172,319948,70,325524
15172,0.038716,172.31.40.0-255,1113,321061,70,325524
15173,0.038785,172.31.40.0-255,1514,322575,70,325524
15174,0.038787,172.31.40.0-255,1514,324089,70,325524
15175,0.038788,172.31.40.0-255,1369,325458,70,325524
15176,0.040946,104.244.42.0-255,66,325524,70,325524
15177,0.0,74.125.68.0-255,297,297,70,360090
15178,2.8e-05,172.31.40.0-255,66,363,70,360090
15179,3.4e-05,74.125.68.0-255,1484,1847,70,360090
15180,3.8e-05,172.31.40.0-255,66,1913,70,360090
15181,4.3e-05,74.125.68.0-255,2902,4815,70,360090
15182,4.6e-05,172.31.40.0-255,66,4881,70,360090
15183,5.9e-05,74.125.68.0-255,5738,10619,70,360090
15184,6.2e-05,172.31.40.0-255,66,10685,70,360090
15185,6.7e-05,74.125.68.0-255,3213,13898,70,360090
15186,7e-05,172.31.40.0-255,66,13964,70,360090
15187,0.000106,74.125.68.0-255,4320,18284,70,360090
15188,0.000109,172.31.40.0-255,66,18350,70,360090
15189,0.000129,74.125.68.0-255,4320,22670,70,360090
15190,0.000133,172.31.40.0-255,66,22736,70,360090
15191,0.000146,74.125.68.0-255,4320,27056,70,360090
15192,0.000153,172.31.40.0-255,66,27122,70,360090
15193,0.000171,74.125.68.0-255,1484,28606,70,360090
15194,0.000176,172.31.40.0-255,66,28672,70,360090
15195,0.000182,74.125.68.0-255,2543,31215,70,360090
15196,0.000184,172.31.40.0-255,66,31281,70,360090
15197,0.000284,74.125.68.0-255,1484,32765,70,360090
15198,0.000289,172.31.40.0-255,66,32831,70,360090
15199,0.000294,74.125.68.0-255,2902,35733,70,360090
15200,0.000296,172.31.40.0-255,66,35799,70,360090
15201,0.000315,74.125.68.0-255,1484,37283,70,360090
15202,0.000318,172.31.40.0-255,66,37349,70,360090
15203,0.000341,74.125.68.0-255,4320,41669,70,360090
15204,0.000344,172.31.40.0-255,66,41735,70,360090
15205,0.000356,74.125.68.0-255,7156,48891,70,360090
15206,0.00036,172.31.40.0-255,66,48957,70,360090
15207,0.00039,74.125.68.0-255,4320,53277,70,360090
15208,0.000393,172.31.40.0-255,66,53343,70,360090
15209,0.000426,74.125.68.0-255,9992,63335,70,360090
15210,0.000431,172.31.40.0-255,66,63401,70,360090
15211,0.000461,74.125.68.0-255,2560,65961,70,360090
15212,0.000464,172.31.40.0-255,66,66027,70,360090
15213,0.000529,74.125.68.0-255,1484,67511,70,360090
15214,0.000535,74.125.68.0-255,2902,70413,70,360090
15215,0.000538,172.31.40.0-255,66,70479,70,360090
15216,0.000544,74.125.68.0-255,5738,76217,70,360090
15217,0.000546,172.31.40.0-255,66,76283,70,360090
15218,0.000577,74.125.68.0-255,5738,82021,70,360090
15219,0.00058,172.31.40.0-255,66,82087,70,360090
15220,0.000607,74.125.68.0-255,4320,86407,70,360090
15221,0.00061,172.31.40.0-255,66,86473,70,360090
15222,0.000623,172.31.40.0-255,66,86539,70,360090
15223,0.000627,74.125.68.0-255,2184,88723,70,360090
15224,0.000631,172.31.40.0-255,66,88789,70,360090
15225,0.000684,74.125.68.0-255,1484,90273,70,360090
15226,0.000689,74.125.68.0-255,2902,93175,70,360090
15227,0.000692,172.31.40.0-255,66,93241,70,360090
15228,0.00072,74.125.68.0-255,5738,98979,70,360090
15229,0.000723,172.31.40.0-255,66,99045,70,360090
15230,0.000737,74.125.68.0-255,2902,101947,70,360090
15231,0.00074,172.31.40.0-255,66,102013,70,360090
15232,0.000746,74.125.68.0-255,4320,106333,70,360090
15233,0.000749,172.31.40.0-255,66,106399,70,360090
15234,0.000752,74.125.68.0-255,1484,107883,70,360090
15235,0.000785,74.125.68.0-255,7156,115039,70,360090
15236,0.000789,172.31.40.0-255,66,115105,70,360090
15237,0.000796,74.125.68.0-255,7156,122261,70,360090
15238,0.000799,172.31.40.0-255,66,122327,70,360090
15239,0.000827,74.125.68.0-255,766,123093,70,360090
15240,0.000853,74.125.68.0-255,1484,124577,70,360090
15241,0.000857,172.31.40.0-255,66,124643,70,360090
15242,0.000886,74.125.68.0-255,1484,126127,70,360090
15243,0.000891,74.125.68.0-255,2902,129029,70,360090
15244,0.000894,172.31.40.0-255,66,129095,70,360090
15245,0.000898,74.125.68.0-255,2902,131997,70,360090
15246,0.000902,172.31.40.0-255,66,132063,70,360090
15247,0.000924,74.125.68.0-255,2902,134965,70,360090
15248,0.000927,172.31.40.0-255,66,135031,70,360090
15249,0.000937,74.125.68.0-255,2902,137933,70,360090
15250,0.000939,172.31.40.0-255,66,137999,70,360090
15251,0.000977,74.125.68.0-255,7156,145155,70,360090
15252,0.00098,172.31.40.0-255,66,145221,70,360090
15253,0.000992,172.31.40.0-255,66,145287,70,360090
15254,0.000995,74.125.68.0-255,766,146053,70,360090
15255,0.001021,74.125.68.0-255,1484,147537,70,360090
15256,0.001024,172.31.40.0-255,66,147603,70,360090
15257,0.001051,74.125.68.0-255,2902,150505,70,360090
15258,0.001054,172.31.40.0-255,66,150571,70,360090
15259,0.00106,74.125.68.0-255,5738,156309,70,360090
15260,0.001062,172.31.40.0-255,66,156375,70,360090
15261,0.001065,74.125.68.0-255,1484,157859,70,360090
15262,0.001098,74.125.68.0-255,4019,161878,70,360090
15263,0.001104,172.31.40.0-255,66,161944,70,360090
15264,0.00111,74.125.68.0-255,5738,167682,70,360090
15265,0.001112,172.31.40.0-255,66,167748,70,360090
15266,0.001174,74.125.68.0-255,9992,177740,70,360090
15267,0.001181,172.31.40.0-255,66,177806,70,360090
15268,0.001198,74.125.68.0-255,6438,184244,70,360090
15269,0.001197,172.31.40.0-255,66,184310,70,360090
15270,0.001204,172.31.40.0-255,66,184376,70,360090
15271,0.001346,74.125.68.0-255,1484,185860,70,360090
15272,0.001352,74.125.68.0-255,2902,188762,70,360090
15273,0.001354,74.125.68.0-255,1484,190246,70,360090
15274,0.001361,172.31.40.0-255,66,190312,70,360090
15275,0.001374,74.125.68.0-255,4320,194632,70,360090
15276,0.001378,172.31.40.0-255,66,194698,70,360090
15277,0.001387,74.125.68.0-255,8574,203272,70,360090
15278,0.001389,172.31.40.0-255,66,203338,70,360090
15279,0.001414,74.125.68.0-255,1484,204822,70,360090
15280,0.001438,74.125.68.0-255,2184,207006,70,360090
15281,0.00144,172.31.40.0-255,66,207072,70,360090
15282,0.001445,172.31.40.0-255,66,207138,70,360090
15283,0.001477,74.125.68.0-255,1484,208622,70,360090
15284,0.001489,74.125.68.0-255,2902,211524,70,360090
15285,0.001495,172.31.40.0-255,66,211590,70,360090
15286,0.001523,74.125.68.0-255,5738,217328,70,360090
15287,0.001527,74.125.68.0-255,2902,220230,70,360090
15288,0.001536,172.31.40.0-255,66,220296,70,360090
15289,0.001544,74.125.68.0-255,5738,226034,70,360090
15290,0.001552,172.31.40.0-255,66,226100,70,360090
15291,0.001584,74.125.68.0-255,9992,236092,70,360090
15292,0.001588,172.31.40.0-255,66,236158,70,360090
15293,0.001591,74.125.68.0-255,1484,237642,70,360090
15294,0.001613,74.125.68.0-255,3602,241244,70,360090
15295,0.00162,172.31.40.0-255,66,241310,70,360090
15296,0.001673,74.125.68.0-255,1484,242794,70,360090
15297,0.001688,74.125.68.0-255,2902,245696,70,360090
15298,0.001692,172.31.40.0-255,66,245762,70,360090
15299,0.00172,74.125.68.0-255,5738,251500,70,360090
15300,0.001733,172.31.40.0-255,66,251566,70,360090
15301,0.001736,74.125.68.0-255,1484,253050,70,360090
15302,0.001759,74.125.68.0-255,8574,261624,70,360090
15303,0.001769,172.31.40.0-255,66,261690,70,360090
15304,0.001773,74.125.68.0-255,1484,263174,70,360090
15305,0.001779,74.125.68.0-255,5738,268912,70,360090
15306,0.001783,172.31.40.0-255,66,268978,70,360090
15307,0.001803,74.125.68.0-255,6438,275416,70,360090
15308,0.001809,172.31.40.0-255,66,275482,70,360090
15309,0.001908,74.125.68.0-255,1484,276966,70,360090
15310,0.001926,74.125.68.0-255,2902,279868,70,360090
15311,0.001929,172.31.40.0-255,66,279934,70,360090
15312,0.00194,74.125.68.0-255,2902,282836,70,360090
15313,0.001943,172.31.40.0-255,66,282902,70,360090
15314,0.001961,74.125.68.0-255,2902,285804,70,360090
15315,0.001975,74.125.68.0-255,4320,290124,70,360090
15316,0.001977,172.31.40.0-255,66,290190,70,360090
15317,0.00198,172.31.40.0-255,66,290256,70,360090
15318,0.002001,74.125.68.0-255,2902,293158,70,360090
15319,0.002009,172.31.40.0-255,66,293224,70,360090
15320,0.002013,74.125.68.0-255,8574,301798,70,360090
15321,0.00202,172.31.40.0-255,66,301864,70,360090
15322,0.002051,74.125.68.0-255,7156,309020,70,360090
15323,0.002055,172.31.40.0-255,66,309086,70,360090
15324,0.002071,74.125.68.0-255,766,309852,70,360090
15325,0.002877,172.31.40.0-255,66,309918,70,360090
15326,0.004667,74.125.68.0-255,4320,314238,70,360090
15327,0.004674,172.31.40.0-255,66,314304,70,360090
15328,0.00548,74.125.68.0-255,1484,315788,70,360090
15329,0.0073,74.125.68.0-255,4320,320108,70,360090
15330,0.007305,172.31.40.0-255,66,320174,70,360090
15331,0.009934,74.125.68.0-255,5738,325912,70,360090
15332,0.00994,172.31.40.0-255,66,325978,70,360090
15333,0.012591,74.125.68.0-255,5738,331716,70,360090
15334,0.012598,172.31.40.0-255,66,331782,70,360090
15335,0.015204,74.125.68.0-255,5738,337520,70,360090
15336,0.01521,172.31.40.0-255,66,337586,70,360090
15337,0.017843,74.125.68.0-255,5738,343324,70,360090
15338,0.017852,172.31.40.0-255,66,343390,70,360090
15339,0.02046,74.125.68.0-255,5738,349128,70,360090
15340,0.020469,172.31.40.0-255,66,349194,70,360090
15341,0.023071,74.125.68.0-255,5738,354932,70,360090
15342,0.023076,172.31.40.0-255,66,354998,70,360090
15343,0.023273,172.31.40.0-255,105,355103,70,360090
15344,0.025675,74.125.68.0-255,69,355172,70,360090
15345,0.025731,172.31.40.0-255,105,355277,70,360090
15346,0.025881,74.125.68.0-255,66,355343,70,360090
15347,0.02596,172.31.40.0-255,90,355433,70,360090
15348,0.025969,172.31.40.0-255,66,355499,70,360090
15349,0.02795,172.31.40.0-255,172,355671,70,360090
15350,0.027979,172.31.40.0-255,1118,356789,70,360090
15351,0.028016,172.31.40.0-255,1514,358303,70,360090
15352,0.028017,172.31.40.0-255,1325,359628,70,360090
15353,0.028302,74.125.68.0-255,66,359694,70,360090
15354,0.028535,74.125.68.0-255,66,359760,70,360090
15355,0.028578,74.125.68.0-255,66,359826,70,360090
15356,0.028585,172.31.40.0-255,66,359892,70,360090
15357,0.029513,104.244.42.0-255,66,359958,70,360090
15358,0.029556,104.244.42.0-255,66,360024,70,360090
15359,0.02961,104.244.42.0-255,66,360090,70,360090
15360,0.0,172.217.194.0-255,152,152,70,373947
15361,2.2e-05,172.31.40.0-255,66,218,70,373947
15362,2.9e-05,172.217.194.0-255,1484,1702,70,373947
15363,3.3e-05,172.31.40.0-255,66,1768,70,373947
15364,4e-05,172.217.194.0-255,2902,4670,70,373947
15365,4.3e-05,172.31.40.0-255,66,4736,70,373947
15366,5.9e-05,172.217.194.0-255,7156,11892,70,373947
15367,6.2e-05,172.31.40.0-255,66,11958,70,373947
15368,6.5e-05,172.217.194.0-255,1484,13442,70,373947
15369,6.9e-05,172.31.40.0-255,66,13508,70,373947
15370,0.000102,172.217.194.0-255,2100,15608,70,373947
15371,0.000104,172.31.40.0-255,66,15674,70,373947
15372,0.000109,172.217.194.0-255,2902,18576,70,373947
15373,0.000111,172.31.40.0-255,66,18642,70,373947
15374,0.000153,172.217.194.0-255,7156,25798,70,373947
15375,0.000155,172.31.40.0-255,66,25864,70,373947
15376,0.000162,172.217.194.0-255,5379,31243,70,373947
15377,0.000164,172.31.40.0-255,66,31309,70,373947
15378,0.000218,172.217.194.0-255,5738,37047,70,373947
15379,0.000221,172.31.40.0-255,66,37113,70,373947
15380,0.000227,172.217.194.0-255,4320,41433,70,373947
15381,0.000229,172.31.40.0-255,66,41499,70,373947
15382,0.000262,172.217.194.0-255,6797,48296,70,373947
15383,0.000265,172.31.40.0-255,66,48362,70,373947
15384,0.000344,172.217.194.0-255,1484,49846,70,373947
15385,0.000347,172.31.40.0-255,66,49912,70,373947
15386,0.000353,172.217.194.0-255,2902,52814,70,373947
15387,0.000356,172.31.40.0-255,66,52880,70,373947
15388,0.000359,172.217.194.0-255,1484,54364,70,373947
15389,0.000361,172.31.40.0-255,66,54430,70,373947
15390,0.000395,172.217.194.0-255,4320,58750,70,373947
15391,0.000397,172.31.40.0-255,66,58816,70,373947
15392,0.000427,172.217.194.0-255,6797,65613,70,373947
15393,0.000568,172.31.40.0-255,66,65679,70,373947
15394,0.000707,172.217.194.0-255,646,66325,70,373947
15395,0.000757,172.217.194.0-255,1484,67809,70,373947
15396,0.000761,172.217.194.0-255,1484,69293,70,373947
15397,0.000767,172.31.40.0-255,66,69359,70,373947
15398,0.000778,172.217.194.0-255,1484,70843,70,373947
15399,0.000789,172.217.194.0-255,5738,76581,70,373947
15400,0.00081,172.31.40.0-255,66,76647,70,373947
15401,0.000826,172.217.194.0-255,6248,82895,70,373947
15402,0.000837,172.31.40.0-255,66,82961,70,373947
15403,0.001495,172.217.194.0-255,1484,84445,70,373947
15404,0.001514,172.217.194.0-255,2902,87347,70,373947
15405,0.001518,172.31.40.0-255,66,87413,70,373947
15406,0.001527,172.217.194.0-255,5738,93151,70,373947
15407,0.001532,172.217.194.0-255,2902,96053,70,373947
15408,0.001557,172.217.194.0-255,4320,100373,70,373947
15409,0.001594,172.217.194.0-255,2184,102557,70,373947
15410,0.002243,172.217.194.0-255,1484,104041,70,373947
15411,0.00225,172.217.194.0-255,2902,106943,70,373947
15412,0.002256,172.217.194.0-255,4320,111263,70,373947
15413,0.002272,172.217.194.0-255,1484,112747,70,373947
15414,0.00229,172.217.194.0-255,7156,119903,70,373947
15415,0.002309,172.217.194.0-255,5738,125641,70,373947
15416,0.002341,172.217.194.0-255,4320,129961,70,373947
15417,0.002355,172.217.194.0-255,6438,136399,70,373947
15418,0.002672,172.217.194.0-255,1484,137883,70,373947
15419,0.002697,172.217.194.0-255,2902,140785,70,373947
15420,0.002703,172.217.194.0-255,5738,146523,70,373947
15421,0.002713,172.217.194.0-255,1484,148007,70,373947
15422,0.002753,172.217.194.0-255,5738,153745,70,373947
15423,0.002766,172.217.194.0-255,5020,158765,70,373947
15424,0.002769,172.217.194.0-255,1484,160249,70,373947
15425,0.002794,172.217.194.0-255,4320,164569,70,373947
15426,0.002801,172.217.194.0-255,7156,171725,70,373947
15427,0.002822,172.217.194.0-255,7156,178881,70,373947
15428,0.002827,172.217.194.0-255,4320,183201,70,373947
15429,0.002857,172.217.194.0-255,9274,192475,70,373947
15430,0.002899,172.217.194.0-255,2902,195377,70,373947
15431,0.002905,172.31.40.0-255,78,195455,70,373947
15432,0.002915,172.217.194.0-255,9992,205447,70,373947
15433,0.002961,172.217.194.0-255,1484,206931,70,373947
15434,0.002968,172.217.194.0-255,6438,213369,70,373947
15435,0.003006,172.217.194.0-255,1484,214853,70,373947
15436,0.003027,172.217.194.0-255,2902,217755,70,373947
15437,0.003032,172.217.194.0-255,2902,220657,70,373947
15438,0.003048,172.217.194.0-255,2902,223559,70,373947
15439,0.003054,172.217.194.0-255,4320,227879,70,373947
15440,0.003073,172.217.194.0-255,4320,232199,70,373947
15441,0.003109,172.217.194.0-255,5738,237937,70,373947
15442,0.003131,172.217.194.0-255,9274,247211,70,373947
15443,0.003198,172.217.194.0-255,1484,248695,70,373947
15444,0.003215,172.217.194.0-255,2902,251597,70,373947
15445,0.003221,172.217.194.0-255,5738,257335,70,373947
15446,0.003247,172.217.194.0-255,4320,261655,70,373947
15447,0.003268,172.217.194.0-255,8574,270229,70,373947
15448,0.003271,172.217.194.0-255,1484,271713,70,373947
15449,0.00329,172.217.194.0-255,5738,277451,70,373947
15450,0.003307,172.217.194.0-255,3602,281053,70,373947
15451,0.003329,172.217.194.0-255,1484,282537,70,373947
15452,0.003343,172.217.194.0-255,2902,285439,70,373947
15453,0.003356,172.217.194.0-255,2902,288341,70,373947
15454,0.003385,172.217.194.0-255,7156,295497,70,373947
15455,0.003392,172.217.194.0-255,7156,302653,70,373947
15456,0.003423,172.217.194.0-255,5738,308391,70,373947
15457,0.003441,172.217.194.0-255,6438,314829,70,373947
15458,0.003446,172.217.194.0-255,4320,319149,70,373947
15459,0.00347,172.217.194.0-255,8574,327723,70,373947
15460,0.003477,172.217.194.0-255,7156,334879,70,373947
15461,0.003499,172.217.194.0-255,7156,342035,70,373947
15462,0.003528,172.217.194.0-255,4320,346355,70,373947
15463,0.003552,172.217.194.0-255,6438,352793,70,373947
15464,0.003557,172.217.194.0-255,4963,357756,70,373947
15465,0.00356,172.217.194.0-255,97,357853,70,373947
15466,0.0036,172.217.194.0-255,105,357958,70,373947
15467,0.00992,172.217.194.0-255,9992,367950,70,373947
15468,0.009943,172.31.40.0-255,78,368028,70,373947
15469,0.014412,172.31.40.0-255,105,368133,70,373947
15470,0.016418,172.217.194.0-255,66,368199,70,373947
15471,0.037891,172.31.40.0-255,172,368371,70,373947
15472,0.037925,172.31.40.0-255,1113,369484,70,373947
15473,0.037996,172.31.40.0-255,1514,370998,70,373947
15474,0.037998,172.31.40.0-255,1514,372512,70,373947
15475,0.037999,172.31.40.0-255,1369,373881,70,373947
15476,0.040013,104.244.42.0-255,66,373947,70,373947
15477,0.0,74.125.24.0-255,150,150,70,407133
15478,1.3e-05,172.31.40.0-255,66,216,70,407133
15479,2e-05,74.125.24.0-255,1484,1700,70,407133
15480,2.4e-05,172.31.40.0-255,66,1766,70,407133
15481,3.1e-05,74.125.24.0-255,2902,4668,70,407133
15482,3.5e-05,172.31.40.0-255,66,4734,70,407133
15483,3.8e-05,74.125.24.0-255,2902,7636,70,407133
15484,4e-05,172.31.40.0-255,66,7702,70,407133
15485,6.1e-05,74.125.24.0-255,4320,12022,70,407133
15486,6.3e-05,172.31.40.0-255,66,12088,70,407133
15487,0.000102,74.125.24.0-255,2037,14125,70,407133
15488,0.000105,172.31.40.0-255,66,14191,70,407133
15489,0.000193,74.125.24.0-255,1484,15675,70,407133
15490,0.000196,172.31.40.0-255,66,15741,70,407133
15491,0.0002,74.125.24.0-255,1484,17225,70,407133
15492,0.000201,172.31.40.0-255,66,17291,70,407133
15493,0.000216,74.125.24.0-255,1484,18775,70,407133
15494,0.000218,172.31.40.0-255,66,18841,70,407133
15495,0.000235,74.125.24.0-255,4320,23161,70,407133
15496,0.000237,172.31.40.0-255,66,23227,70,407133
15497,0.000254,74.125.24.0-255,1484,24711,70,407133
15498,0.000256,172.31.40.0-255,66,24777,70,407133
15499,0.000261,74.125.24.0-255,2902,27679,70,407133
15500,0.000263,172.31.40.0-255,66,27745,70,407133
15501,0.000285,74.125.24.0-255,1484,29229,70,407133
15502,0.000287,172.31.40.0-255,66,29295,70,407133
15503,0.000308,74.125.24.0-255,2543,31838,70,407133
15504,0.00031,172.31.40.0-255,66,31904,70,407133
15505,0.000315,74.125.24.0-255,4320,36224,70,407133
15506,0.000317,172.31.40.0-255,66,36290,70,407133
15507,0.000328,74.125.24.0-255,1484,37774,70,407133
15508,0.00033,172.31.40.0-255,66,37840,70,407133
15509,0.000344,74.125.24.0-255,5738,43578,70,407133
15510,0.000346,172.31.40.0-255,66,43644,70,407133
15511,0.000359,74.125.24.0-255,2902,46546,70,407133
15512,0.000361,172.31.40.0-255,66,46612,70,407133
15513,0.000365,74.125.24.0-255,2543,49155,70,407133
15514,0.000367,172.31.40.0-255,66,49221,70,407133
15515,0.000401,74.125.24.0-255,1484,50705,70,407133
15516,0.000414,74.125.24.0-255,2902,53607,70,407133
15517,0.000416,172.31.40.0-255,66,53673,70,407133
15518,0.000419,74.125.24.0-255,1484,55157,70,407133
15519,0.000438,74.125.24.0-255,4320,59477,70,407133
15520,0.00044,172.31.40.0-255,66,59543,70,407133
15521,0.000476,74.125.24.0-255,5738,65281,70,407133
15522,0.000479,172.31.40.0-255,66,65347,70,407133
15523,0.000496,74.125.24.0-255,1125,66472,70,407133
15524,0.000507,74.125.24.0-255,415,66887,70,407133
15525,0.000542,74.125.24.0-255,327,67214,70,407133
15526,0.000544,172.31.40.0-255,66,67280,70,407133
15527,0.000783,74.125.24.0-255,1484,68764,70,407133
15528,0.000789,74.125.24.0-255,2902,71666,70,407133
15529,0.000793,172.31.40.0-255,66,71732,70,407133
15530,0.000796,74.125.24.0-255,1484,73216,70,407133
15531,0.00082,74.125.24.0-255,4320,77536,70,407133
15532,0.000822,172.31.40.0-255,66,77602,70,407133
15533,0.000915,74.125.24.0-255,1484,79086,70,407133
15534,0.000946,74.125.24.0-255,6797,85883,70,407133
15535,0.000949,172.31.40.0-255,66,85949,70,407133
15536,0.000952,74.125.24.0-255,1484,87433,70,407133
15537,0.000958,74.125.24.0-255,4320,91753,70,407133
15538,0.00096,172.31.40.0-255,66,91819,70,407133
15539,0.000984,74.125.24.0-255,7156,98975,70,407133
15540,0.000987,172.31.40.0-255,66,99041,70,407133
15541,0.000991,74.125.24.0-255,2543,101584,70,407133
15542,0.000993,172.31.40.0-255,66,101650,70,407133
15543,0.001542,74.125.24.0-255,1484,103134,70,407133
15544,0.001563,74.125.24.0-255,2902,106036,70,407133
15545,0.001567,172.31.40.0-255,66,106102,70,407133
15546,0.001574,74.125.24.0-255,5738,111840,70,407133
15547,0.001576,172.31.40.0-255,66,111906,70,407133
15548,0.001582,74.125.24.0-255,5738,117644,70,407133
15549,0.001584,172.31.40.0-255,66,117710,70,407133
15550,0.001611,74.125.24.0-255,5738,123448,70,407133
15551,0.001613,172.31.40.0-255,66,123514,70,407133
15552,0.001644,74.125.24.0-255,7156,130670,70,407133
15553,0.001647,172.31.40.0-255,66,130736,70,407133
15554,0.001652,74.125.24.0-255,5020,135756,70,407133
15555,0.001654,172.31.40.0-255,66,135822,70,407133
15556,0.001797,74.125.24.0-255,1484,137306,70,407133
15557,0.001803,74.125.24.0-255,2902,140208,70,407133
15558,0.001806,172.31.40.0-255,66,140274,70,407133
15559,0.001811,74.125.24.0-255,2902,143176,70,407133
15560,0.001813,172.31.40.0-255,66,143242,70,407133
15561,0.001831,74.125.24.0-255,2902,146144,70,407133
15562,0.001834,172.31.40.0-255,66,146210,70,407133
15563,0.001841,74.125.24.0-255,5738,151948,70,407133
15564,0.001843,172.31.40.0-255,66,152014,70,407133
15565,0.001861,74.125.24.0-255,2902,154916,70,407133
15566,0.001863,172.31.40.0-255,66,154982,70,407133
15567,0.001917,74.125.24.0-255,4320,159302,70,407133
15568,0.001921,172.31.40.0-255,66,159368,70,407133
15569,0.001952,74.125.24.0-255,10692,170060,70,407133
15570,0.001954,172.31.40.0-255,66,170126,70,407133
15571,0.002183,74.125.24.0-255,1484,171610,70,407133
15572,0.002189,74.125.24.0-255,1484,173094,70,407133
15573,0.002194,172.31.40.0-255,66,173160,70,407133
15574,0.002213,74.125.24.0-255,1484,174644,70,407133
15575,0.00222,74.125.24.0-255,4320,178964,70,407133
15576,0.002222,172.31.40.0-255,66,179030,70,407133
15577,0.002234,74.125.24.0-255,1484,180514,70,407133
15578,0.002249,74.125.24.0-255,5738,186252,70,407133
15579,0.002251,172.31.40.0-255,66,186318,70,407133
15580,0.002274,74.125.24.0-255,7156,193474,70,407133
15581,0.002277,172.31.40.0-255,66,193540,70,407133
15582,0.002279,74.125.24.0-255,1484,195024,70,407133
15583,0.002332,74.125.24.0-255,9274,204298,70,407133
15584,0.002335,172.31.40.0-255,66,204364,70,407133
15585,0.002349,74.125.24.0-255,1484,205848,70,407133
15586,0.002379,74.125.24.0-255,2902,208750,70,407133
15587,0.002382,172.31.40.0-255,66,208816,70,407133
15588,0.002402,74.125.24.0-255,4320,213136,70,407133
15589,0.002405,172.31.40.0-255,66,213202,70,407133
15590,0.002409,74.125.24.0-255,2902,216104,70,407133
15591,0.002411,172.31.40.0-255,66,216170,70,407133
15592,0.002439,74.125.24.0-255,5738,221908,70,407133
15593,0.002442,172.31.40.0-255,66,221974,70,407133
15594,0.002446,74.125.24.0-255,1484,223458,70,407133
15595,0.002451,74.125.24.0-255,4320,227778,70,407133
15596,0.002453,172.31.40.0-255,66,227844,70,407133
15597,0.002482,74.125.24.0-255,7156,235000,70,407133
15598,0.002485,172.31.40.0-255,66,235066,70,407133
15599,0.002491,74.125.24.0-255,3602,238668,70,407133
15600,0.002493,172.31.40.0-255,66,238734,70,407133
15601,0.002566,74.125.24.0-255,1484,240218,70,407133
15602,0.002596,74.125.24.0-255,1484,241702,70,407133
15603,0.002599,172.31.40.0-255,66,241768,70,407133
15604,0.002602,74.125.24.0-255,1484,243252,70,407133
15605,0.002624,74.125.24.0-255,1484,244736,70,407133
15606,0.002626,172.31.40.0-255,66,244802,70,407133
15607,0.002629,74.125.24.0-255,1484,246286,70,407133
15608,0.00267,74.125.24.0-255,5738,252024,70,407133
15609,0.002673,172.31.40.0-255,66,252090,70,407133
15610,0.002679,74.125.24.0-255,4320,256410,70,407133
15611,0.002681,172.31.40.0-255,66,256476,70,407133
15612,0.002688,74.125.24.0-255,7156,263632,70,407133
15613,0.00269,172.31.40.0-255,66,263698,70,407133
15614,0.002715,74.125.24.0-255,2902,266600,70,407133
15615,0.002717,172.31.40.0-255,66,266666,70,407133
15616,0.002752,74.125.24.0-255,6438,273104,70,407133
15617,0.002754,172.31.40.0-255,66,273170,70,407133
15618,0.002846,74.125.24.0-255,1484,274654,70,407133
15619,0.00285,74.125.24.0-255,2902,277556,70,407133
15620,0.002853,172.31.40.0-255,66,277622,70,407133
15621,0.002855,74.125.24.0-255,1484,279106,70,407133
15622,0.002875,74.125.24.0-255,4320,283426,70,407133
15623,0.002878,172.31.40.0-255,66,283492,70,407133
15624,0.0029,74.125.24.0-255,7156,290648,70,407133
15625,0.002903,172.31.40.0-255,66,290714,70,407133
15626,0.002933,74.125.24.0-255,5738,296452,70,407133
15627,0.002936,172.31.40.0-255,66,296518,70,407133
15628,0.002947,74.125.24.0-255,10692,307210,70,407133
15629,0.002949,172.31.40.0-255,66,307276,70,407133
15630,0.003065,74.125.24.0-255,1484,308760,70,407133
15631,0.003095,74.125.24.0-255,1484,310244,70,407133
15632,0.003098,172.31.40.0-255,66,310310,70,407133
15633,0.003115,74.125.24.0-255,1484,311794,70,407133
15634,0.003121,74.125.24.0-255,5738,317532,70,407133
15635,0.003124,172.31.40.0-255,66,317598,70,407133
15636,0.003129,74.125.24.0-255,4320,321918,70,407133
15637,0.003131,172.31.40.0-255,66,321984,70,407133
15638,0.003154,74.125.24.0-255,5738,327722,70,407133
15639,0.003156,172.31.40.0-255,66,327788,70,407133
15640,0.003174,74.125.24.0-255,2902,330690,70,407133
15641,0.003177,172.31.40.0-255,66,330756,70,407133
15642,0.003191,74.125.24.0-255,5738,336494,70,407133
15643,0.003193,172.31.40.0-255,66,336560,70,407133
15644,0.003209,74.125.24.0-255,5020,341580,70,407133
15645,0.003211,172.31.40.0-255,66,341646,70,407133
15646,0.003232,74.125.24.0-255,1484,343130,70,407133
15647,0.003237,74.125.24.0-255,2902,346032,70,407133
15648,0.003239,172.31.40.0-255,66,346098,70,407133
15649,0.003241,74.125.24.0-255,1484,347582,70,407133
15650,0.003262,74.125.24.0-255,4320,351902,70,407133
15651,0.003264,172.31.40.0-255,66,351968,70,407133
15652,0.003266,74.125.24.0-255,1484,353452,70,407133
15653,0.003289,74.125.24.0-255,8574,362026,70,407133
15654,0.003291,172.31.40.0-255,66,362092,70,407133
15655,0.003322,74.125.24.0-255,9992,372084,70,407133
15656,0.003324,172.31.40.0-255,66,372150,70,407133
15657,0.003366,74.125.24.0-255,7156,379306,70,407133
15658,0.003368,172.31.40.0-255,66,379372,70,407133
15659,0.003393,74.125.24.0-255,766,380138,70,407133
15660,0.003401,74.125.24.0-255,9992,390130,70,407133
15661,0.003404,172.31.40.0-255,66,390196,70,407133
15662,0.003412,74.125.24.0-255,10581,400777,70,407133
15663,0.003414,172.31.40.0-255,66,400843,70,407133
15664,0.00343,74.125.24.0-255,105,400948,70,407133
15665,0.003466,74.125.24.0-255,129,401077,70,407133
15666,0.007828,172.31.40.0-255,105,401182,70,407133
15667,0.007865,172.31.40.0-255,105,401287,70,407133
15668,0.008093,172.31.40.0-255,90,401377,70,407133
15669,0.008102,172.31.40.0-255,66,401443,70,407133
15670,0.010211,74.125.24.0-255,66,401509,70,407133
15671,0.010219,74.125.24.0-255,66,401575,70,407133
15672,0.010445,74.125.24.0-255,66,401641,70,407133
15673,0.010485,74.125.24.0-255,66,401707,70,407133
15674,0.010491,172.31.40.0-255,66,401773,70,407133
15675,0.034281,172.31.40.0-255,172,401945,70,407133
15676,0.034314,172.31.40.0-255,1118,403063,70,407133
15677,0.034372,172.31.40.0-255,1514,404577,70,407133
15678,0.034374,172.31.40.0-255,1514,406091,70,407133
15679,0.034397,172.31.40.0-255,844,406935,70,407133
15680,0.03596,104.244.42.0-255,66,407001,70,407133
15681,0.036132,104.244.42.0-255,66,407067,70,407133
15682,0.036135,104.244.42.0-255,66,407133,70,407133
15683,0.0,172.217.194.0-255,153,153,70,311435
15684,4.4e-05,172.31.40.0-255,66,219,70,311435
15685,5.1e-05,172.217.194.0-255,1484,1703,70,311435
15686,5.6e-05,172.31.40.0-255,66,1769,70,311435
15687,6.1e-05,172.217.194.0-255,2902,4671,70,311435
15688,6.4e-05,172.31.40.0-255,66,4737,70,311435
15689,9.8e-05,172.217.194.0-255,7156,11893,70,311435
15690,0.000101,172.217.194.0-255,2094,13987,70,311435
15691,0.000103,172.31.40.0-255,66,14053,70,311435
15692,0.000107,172.31.40.0-255,66,14119,70,311435
15693,0.000154,172.217.194.0-255,1484,15603,70,311435
15694,0.000157,172.31.40.0-255,66,15669,70,311435
15695,0.000162,172.217.194.0-255,2902,18571,70,311435
15696,0.000165,172.31.40.0-255,66,18637,70,311435
15697,0.000209,172.217.194.0-255,5738,24375,70,311435
15698,0.000211,172.31.40.0-255,66,24441,70,311435
15699,0.000217,172.217.194.0-255,4320,28761,70,311435
15700,0.00022,172.31.40.0-255,66,28827,70,311435
15701,0.000241,172.217.194.0-255,4320,33147,70,311435
15702,0.000244,172.31.40.0-255,66,33213,70,311435
15703,0.000263,172.217.194.0-255,6797,40010,70,311435
15704,0.000266,172.31.40.0-255,66,40076,70,311435
15705,0.000298,172.217.194.0-255,5738,45814,70,311435
15706,0.000301,172.31.40.0-255,66,45880,70,311435
15707,0.000317,172.217.194.0-255,2543,48423,70,311435
15708,0.00032,172.31.40.0-255,66,48489,70,311435
15709,0.000328,172.217.194.0-255,8574,57063,70,311435
15710,0.000331,172.31.40.0-255,66,57129,70,311435
15711,0.000359,172.217.194.0-255,7156,64285,70,311435
15712,0.000363,172.31.40.0-255,66,64351,70,311435
15713,0.000375,172.217.194.0-255,1125,65476,70,311435
15714,0.000377,172.31.40.0-255,66,65542,70,311435
15715,0.000395,172.217.194.0-255,678,66220,70,311435
15716,0.00063,172.217.194.0-255,1484,67704,70,311435
15717,0.000633,172.31.40.0-255,66,67770,70,311435
15718,0.000638,172.217.194.0-255,2902,70672,70,311435
15719,0.00064,172.31.40.0-255,66,70738,70,311435
15720,0.000643,172.217.194.0-255,1484,72222,70,311435
15721,0.000662,172.217.194.0-255,4320,76542,70,311435
15722,0.000665,172.31.40.0-255,66,76608,70,311435
15723,0.000669,172.217.194.0-255,2902,79510,70,311435
15724,0.000672,172.31.40.0-255,66,79576,70,311435
15725,0.000682,172.217.194.0-255,2902,82478,70,311435
15726,0.000684,172.31.40.0-255,66,82544,70,311435
15727,0.00071,172.217.194.0-255,7156,89700,70,311435
15728,0.000712,172.31.40.0-255,66,89766,70,311435
15729,0.00072,172.217.194.0-255,9992,99758,70,311435
15730,0.000722,172.31.40.0-255,66,99824,70,311435
15731,0.000724,172.217.194.0-255,766,100590,70,311435
15732,0.000869,172.217.194.0-255,1484,102074,70,311435
15733,0.000873,172.31.40.0-255,66,102140,70,311435
15734,0.000878,172.217.194.0-255,2902,105042,70,311435
15735,0.00088,172.31.40.0-255,66,105108,70,311435
15736,0.000883,172.217.194.0-255,1484,106592,70,311435
15737,0.000903,172.217.194.0-255,4320,110912,70,311435
15738,0.000905,172.31.40.0-255,66,110978,70,311435
15739,0.000924,172.217.194.0-255,2902,113880,70,311435
15740,0.000926,172.31.40.0-255,66,113946,70,311435
15741,0.000954,172.217.194.0-255,9992,123938,70,311435
15742,0.000957,172.31.40.0-255,66,124004,70,311435
15743,0.000964,172.217.194.0-255,8574,132578,70,311435
15744,0.000966,172.31.40.0-255,66,132644,70,311435
15745,0.000989,172.217.194.0-255,2184,134828,70,311435
15746,0.000992,172.31.40.0-255,66,134894,70,311435
15747,0.001011,172.217.194.0-255,2902,137796,70,311435
15748,0.001013,172.31.40.0-255,66,137862,70,311435
15749,0.001029,172.217.194.0-255,7156,145018,70,311435
15750,0.001032,172.31.40.0-255,66,145084,70,311435
15751,0.00104,172.217.194.0-255,2902,147986,70,311435
15752,0.001042,172.31.40.0-255,66,148052,70,311435
15753,0.001058,172.217.194.0-255,8574,156626,70,311435
15754,0.00106,172.31.40.0-255,66,156692,70,311435
15755,0.00112,172.217.194.0-255,5738,162430,70,311435
15756,0.001124,172.31.40.0-255,66,162496,70,311435
15757,0.001149,172.217.194.0-255,6438,168934,70,311435
15758,0.001152,172.31.40.0-255,66,169000,70,311435
15759,0.001164,172.31.40.0-255,66,169066,70,311435
15760,0.001186,172.217.194.0-255,2902,171968,70,311435
15761,0.001188,172.31.40.0-255,66,172034,70,311435
15762,0.00122,172.31.40.0-255,66,172100,70,311435
15763,0.001224,172.217.194.0-255,2184,174284,70,311435
15764,0.001226,172.31.40.0-255,66,174350,70,311435
15765,0.001584,172.217.194.0-255,1484,175834,70,311435
15766,0.00159,172.217.194.0-255,2902,178736,70,311435
15767,0.001593,172.31.40.0-255,66,178802,70,311435
15768,0.001594,172.217.194.0-255,5738,184540,70,311435
15769,0.001596,172.31.40.0-255,66,184606,70,311435
15770,0.001598,172.217.194.0-255,4320,188926,70,311435
15771,0.0016,172.31.40.0-255,66,188992,70,311435
15772,0.001615,172.217.194.0-255,1484,190476,70,311435
15773,0.001643,172.31.40.0-255,66,190542,70,311435
15774,0.001663,172.217.194.0-255,5020,195562,70,311435
15775,0.001666,172.31.40.0-255,66,195628,70,311435
15776,0.001909,172.217.194.0-255,1484,197112,70,311435
15777,0.001916,172.217.194.0-255,2902,200014,70,311435
15778,0.00192,172.31.40.0-255,66,200080,70,311435
15779,0.001948,172.217.194.0-255,1484,201564,70,311435
15780,0.001964,172.217.194.0-255,2902,204466,70,311435
15781,0.001967,172.31.40.0-255,66,204532,70,311435
15782,0.001978,172.217.194.0-255,1484,206016,70,311435
15783,0.00201,172.31.40.0-255,66,206082,70,311435
15784,0.002019,172.217.194.0-255,10692,216774,70,311435
15785,0.002021,172.31.40.0-255,66,216840,70,311435
15786,0.002111,172.217.194.0-255,1484,218324,70,311435
15787,0.002116,172.217.194.0-255,2902,221226,70,311435
15788,0.002119,172.31.40.0-255,66,221292,70,311435
15789,0.002125,172.217.194.0-255,5738,227030,70,311435
15790,0.002126,172.31.40.0-255,66,227096,70,311435
15791,0.002132,172.217.194.0-255,5738,232834,70,311435
15792,0.002133,172.31.40.0-255,66,232900,70,311435
15793,0.002177,172.31.40.0-255,66,232966,70,311435
15794,0.002183,172.31.40.0-255,101,233067,70,311435
15795,0.002189,172.31.40.0-255,66,233133,70,311435
15796,0.002194,172.217.194.0-255,4320,237453,70,311435
15797,0.002195,172.31.40.0-255,66,237519,70,311435
15798,0.002221,172.217.194.0-255,8574,246093,70,311435
15799,0.002225,172.31.40.0-255,66,246159,70,311435
15800,0.002253,172.217.194.0-255,2902,249061,70,311435
15801,0.002256,172.31.40.0-255,66,249127,70,311435
15802,0.002263,172.217.194.0-255,7856,256983,70,311435
15803,0.002265,172.31.40.0-255,66,257049,70,311435
15804,0.002272,172.217.194.0-255,8574,265623,70,311435
15805,0.002273,172.31.40.0-255,66,265689,70,311435
15806,0.002277,172.217.194.0-255,2902,268591,70,311435
15807,0.002279,172.31.40.0-255,66,268657,70,311435
15808,0.002299,172.217.194.0-255,2902,271559,70,311435
15809,0.002303,172.31.40.0-255,66,271625,70,311435
15810,0.002333,172.217.194.0-255,9992,281617,70,311435
15811,0.002336,172.31.40.0-255,66,281683,70,311435
15812,0.00235,172.217.194.0-255,2902,284585,70,311435
15813,0.002353,172.31.40.0-255,66,284651,70,311435
15814,0.002386,172.217.194.0-255,6438,291089,70,311435
15815,0.002389,172.31.40.0-255,66,291155,70,311435
15816,0.002397,172.217.194.0-255,9992,301147,70,311435
15817,0.002399,172.31.40.0-255,66,301213,70,311435
15818,0.002404,172.217.194.0-255,4320,305533,70,311435
15819,0.002406,172.31.40.0-255,66,305599,70,311435
15820,0.002462,172.31.40.0-255,66,305665,70,311435
15821,0.002521,172.217.194.0-255,105,305770,70,311435
15822,0.003084,172.31.40.0-255,105,305875,70,311435
15823,0.004787,172.217.194.0-255,66,305941,70,311435
15824,0.005687,172.217.194.0-255,66,306007,70,311435
15825,0.024119,172.31.40.0-255,172,306179,70,311435
15826,0.024147,172.31.40.0-255,1118,307297,70,311435
15827,0.024188,172.31.40.0-255,1514,308811,70,311435
15828,0.02419,172.31.40.0-255,1514,310325,70,311435
15829,0.024211,172.31.40.0-255,846,311171,70,311435
15830,0.025711,104.244.42.0-255,66,311237,70,311435
15831,0.025733,104.244.42.0-255,66,311303,70,311435
15832,0.02579,104.244.42.0-255,66,311369,70,311435
15833,0.025794,104.244.42.0-255,66,311435,70,311435
15834,0.0,74.125.24.0-255,150,150,70,272379
15835,1.5e-05,172.31.40.0-255,66,216,70,272379
15836,2.1e-05,74.125.24.0-255,1484,1700,70,272379
15837,2.6e-05,172.31.40.0-255,66,1766,70,272379
15838,3.2e-05,74.125.24.0-255,2902,4668,70,272379
15839,3.5e-05,172.31.40.0-255,66,4734,70,272379
15840,4.2e-05,74.125.24.0-255,5738,10472,70,272379
15841,4.4e-05,172.31.40.0-255,66,10538,70,272379
15842,6.7e-05,74.125.24.0-255,1484,12022,70,272379
15843,6.9e-05,172.31.40.0-255,66,12088,70,272379
15844,7.3e-05,74.125.24.0-255,2102,14190,70,272379
15845,7.5e-05,172.31.40.0-255,66,14256,70,272379
15846,0.0001,74.125.24.0-255,4320,18576,70,272379
15847,0.000103,172.31.40.0-255,66,18642,70,272379
15848,0.000123,74.125.24.0-255,7156,25798,70,272379
15849,0.000125,172.31.40.0-255,66,25864,70,272379
15850,0.000138,172.31.40.0-255,66,25930,70,272379
15851,0.000179,74.125.24.0-255,9274,35204,70,272379
15852,0.000182,172.31.40.0-255,66,35270,70,272379
15853,0.000613,74.125.24.0-255,1484,36754,70,272379
15854,0.000619,74.125.24.0-255,2902,39656,70,272379
15855,0.000625,172.31.40.0-255,66,39722,70,272379
15856,0.000629,172.31.40.0-255,66,39788,70,272379
15857,0.00064,74.125.24.0-255,5738,45526,70,272379
15858,0.000642,172.31.40.0-255,66,45592,70,272379
15859,0.000672,74.125.24.0-255,7105,52697,70,272379
15860,0.000675,172.31.40.0-255,66,52763,70,272379
15861,0.000797,74.125.24.0-255,114,52877,70,272379
15862,0.000801,172.31.40.0-255,66,52943,70,272379
15863,0.00083,74.125.24.0-255,1484,54427,70,272379
15864,0.000834,172.31.40.0-255,66,54493,70,272379
15865,0.000839,74.125.24.0-255,2902,57395,70,272379
15866,0.000841,172.31.40.0-255,66,57461,70,272379
15867,0.000866,74.125.24.0-255,7156,64617,70,272379
15868,0.000868,172.31.40.0-255,66,64683,70,272379
15869,0.000884,74.125.24.0-255,5738,70421,70,272379
15870,0.000886,172.31.40.0-255,66,70487,70,272379
15871,0.0009,74.125.24.0-255,2902,73389,70,272379
15872,0.000903,172.31.40.0-255,66,73455,70,272379
15873,0.000918,74.125.24.0-255,7156,80611,70,272379
15874,0.000921,172.31.40.0-255,66,80677,70,272379
15875,0.00095,74.125.24.0-255,6438,87115,70,272379
15876,0.000952,172.31.40.0-255,66,87181,70,272379
15877,0.000966,74.125.24.0-255,1484,88665,70,272379
15878,0.000983,74.125.24.0-255,2902,91567,70,272379
15879,0.000986,172.31.40.0-255,66,91633,70,272379
15880,0.000993,74.125.24.0-255,5738,97371,70,272379
15881,0.000995,172.31.40.0-255,66,97437,70,272379
15882,0.001009,74.125.24.0-255,1484,98921,70,272379
15883,0.001045,172.31.40.0-255,66,98987,70,272379
15884,0.001054,74.125.24.0-255,9992,108979,70,272379
15885,0.001057,172.31.40.0-255,66,109045,70,272379
15886,0.00108,74.125.24.0-255,4320,113365,70,272379
15887,0.001083,172.31.40.0-255,66,113431,70,272379
15888,0.00113,172.31.40.0-255,66,113497,70,272379
15889,0.00114,74.125.24.0-255,9274,122771,70,272379
15890,0.001143,172.31.40.0-255,66,122837,70,272379
15891,0.001149,74.125.24.0-255,5738,128575,70,272379
15892,0.001152,172.31.40.0-255,66,128641,70,272379
15893,0.001184,172.31.40.0-255,66,128707,70,272379
15894,0.001206,74.125.24.0-255,5020,133727,70,272379
15895,0.001209,172.31.40.0-255,66,133793,70,272379
15896,0.001212,74.125.24.0-255,331,134124,70,272379
15897,0.001279,74.125.24.0-255,1484,135608,70,272379
15898,0.001283,172.31.40.0-255,66,135674,70,272379
15899,0.001288,74.125.24.0-255,2902,138576,70,272379
15900,0.001294,74.125.24.0-255,4320,142896,70,272379
15901,0.001311,74.125.24.0-255,1484,144380,70,272379
15902,0.001314,74.125.24.0-255,1484,145864,70,272379
15903,0.001322,172.31.40.0-255,66,145930,70,272379
15904,0.001387,74.125.24.0-255,1484,147414,70,272379
15905,0.001392,172.31.40.0-255,66,147480,70,272379
15906,0.001413,74.125.24.0-255,7156,154636,70,272379
15907,0.001417,74.125.24.0-255,2184,156820,70,272379
15908,0.001432,172.31.40.0-255,66,156886,70,272379
15909,0.001622,74.125.24.0-255,1484,158370,70,272379
15910,0.001627,74.125.24.0-255,1484,159854,70,272379
15911,0.001631,172.31.40.0-255,66,159920,70,272379
15912,0.001648,74.125.24.0-255,1484,161404,70,272379
15913,0.001654,74.125.24.0-255,4320,165724,70,272379
15914,0.001662,74.125.24.0-255,8574,174298,70,272379
15915,0.001669,172.31.40.0-255,66,174364,70,272379
15916,0.001717,74.125.24.0-255,4320,178684,70,272379
15917,0.001726,172.31.40.0-255,66,178750,70,272379
15918,0.001777,74.125.24.0-255,2902,181652,70,272379
15919,0.00178,74.125.24.0-255,1484,183136,70,272379
15920,0.001784,172.31.40.0-255,66,183202,70,272379
15921,0.001809,74.125.24.0-255,7156,190358,70,272379
15922,0.001817,172.31.40.0-255,66,190424,70,272379
15923,0.00183,74.125.24.0-255,7856,198280,70,272379
15924,0.001834,172.31.40.0-255,66,198346,70,272379
15925,0.001847,74.125.24.0-255,7156,205502,70,272379
15926,0.001863,172.31.40.0-255,66,205568,70,272379
15927,0.001876,74.125.24.0-255,8574,214142,70,272379
15928,0.001883,74.125.24.0-255,7156,221298,70,272379
15929,0.001895,172.31.40.0-255,66,221364,70,272379
15930,0.001898,74.125.24.0-255,1484,222848,70,272379
15931,0.001921,74.125.24.0-255,10692,233540,70,272379
15932,0.001927,74.125.24.0-255,4320,237860,70,272379
15933,0.00194,172.31.40.0-255,66,237926,70,272379
15934,0.001954,74.125.24.0-255,8574,246500,70,272379
15935,0.001957,74.125.24.0-255,1484,247984,70,272379
15936,0.001998,74.125.24.0-255,6438,254422,70,272379
15937,0.002016,172.31.40.0-255,66,254488,70,272379
15938,0.002028,74.125.24.0-255,5738,260226,70,272379
15939,0.002035,74.125.24.0-255,5801,266027,70,272379
15940,0.00204,172.31.40.0-255,66,266093,70,272379
15941,0.002079,74.125.24.0-255,105,266198,70,272379
15942,0.012528,172.31.40.0-255,66,266264,70,272379
15943,0.012585,172.31.40.0-255,105,266369,70,272379
15944,0.014901,74.125.24.0-255,66,266435,70,272379
15945,0.036886,172.31.40.0-255,171,266606,70,272379
15946,0.036917,172.31.40.0-255,1137,267743,70,272379
15947,0.036981,172.31.40.0-255,1514,269257,70,272379
15948,0.036983,172.31.40.0-255,1514,270771,70,272379
15949,0.036984,172.31.40.0-255,1344,272115,70,272379
15950,0.038445,104.244.42.0-255,66,272181,70,272379
15951,0.03861,104.244.42.0-255,66,272247,70,272379
15952,0.038613,104.244.42.0-255,66,272313,70,272379
15953,0.038663,104.244.42.0-255,66,272379,70,272379
15954,0.0,74.125.24.0-255,150,150,70,392316
15955,2.3e-05,172.31.40.0-255,66,216,70,392316
15956,3.1e-05,74.125.24.0-255,1484,1700,70,392316
15957,3.5e-05,172.31.40.0-255,66,1766,70,392316
15958,6e-05,74.125.24.0-255,1484,3250,70,392316
15959,6.4e-05,172.31.40.0-255,66,3316,70,392316
15960,7e-05,74.125.24.0-255,2902,6218,70,392316
15961,7.3e-05,172.31.40.0-255,66,6284,70,392316
15962,8.1e-05,74.125.24.0-255,5738,12022,70,392316
15963,8.4e-05,172.31.40.0-255,66,12088,70,392316
15964,0.000118,74.125.24.0-255,6309,18397,70,392316
15965,0.000121,172.31.40.0-255,66,18463,70,392316
15966,0.000129,74.125.24.0-255,7156,25619,70,392316
15967,0.000132,172.31.40.0-255,66,25685,70,392316
15968,0.000172,74.125.24.0-255,5379,31064,70,392316
15969,0.000175,172.31.40.0-255,66,31130,70,392316
15970,0.0003,74.125.24.0-255,1484,32614,70,392316
15971,0.000306,172.31.40.0-255,66,32680,70,392316
15972,0.000312,74.125.24.0-255,2902,35582,70,392316
15973,0.000314,172.31.40.0-255,66,35648,70,392316
15974,0.000317,74.125.24.0-255,1484,37132,70,392316
15975,0.00032,172.31.40.0-255,66,37198,70,392316
15976,0.000353,74.125.24.0-255,4320,41518,70,392316
15977,0.000356,172.31.40.0-255,66,41584,70,392316
15978,0.000363,74.125.24.0-255,6797,48381,70,392316
15979,0.000366,172.31.40.0-255,66,48447,70,392316
15980,0.00037,74.125.24.0-255,2902,51349,70,392316
15981,0.000373,172.31.40.0-255,66,51415,70,392316
15982,0.000399,74.125.24.0-255,4320,55735,70,392316
15983,0.000402,172.31.40.0-255,66,55801,70,392316
15984,0.000411,74.125.24.0-255,9948,65749,70,392316
15985,0.000414,172.31.40.0-255,66,65815,70,392316
15986,0.000438,74.125.24.0-255,111,65926,70,392316
15987,0.000986,74.125.24.0-255,327,66253,70,392316
15988,0.001114,172.31.40.0-255,66,66319,70,392316
15989,0.001327,74.125.24.0-255,1484,67803,70,392316
15990,0.001338,74.125.24.0-255,2902,70705,70,392316
15991,0.001343,172.31.40.0-255,66,70771,70,392316
15992,0.001351,74.125.24.0-255,5738,76509,70,392316
15993,0.001353,172.31.40.0-255,66,76575,70,392316
15994,0.001373,74.125.24.0-255,2902,79477,70,392316
15995,0.001379,172.31.40.0-255,66,79543,70,392316
15996,0.001384,74.125.24.0-255,2902,82445,70,392316
15997,0.001386,172.31.40.0-255,66,82511,70,392316
15998,0.001421,74.125.24.0-255,7156,89667,70,392316
15999,0.001423,172.31.40.0-255,66,89733,70,392316
16000,0.001434,74.125.24.0-255,10692,100425,70,392316
16001,0.001437,172.31.40.0-255,66,100491,70,392316
16002,0.001488,74.125.24.0-255,9992,110483,70,392316
16003,0.001491,172.31.40.0-255,66,110549,70,392316
16004,0.001517,74.125.24.0-255,4320,114869,70,392316
16005,0.001519,172.31.40.0-255,66,114935,70,392316
16006,0.001545,74.125.24.0-255,1993,116928,70,392316
16007,0.001547,172.31.40.0-255,66,116994,70,392316
16008,0.001582,74.125.24.0-255,1484,118478,70,392316
16009,0.001588,74.125.24.0-255,2902,121380,70,392316
16010,0.00159,172.31.40.0-255,66,121446,70,392316
16011,0.001601,74.125.24.0-255,1484,122930,70,392316
16012,0.001622,74.125.24.0-255,4320,127250,70,392316
16013,0.001625,172.31.40.0-255,66,127316,70,392316
16014,0.001628,74.125.24.0-255,1484,128800,70,392316
16015,0.001651,74.125.24.0-255,1484,130284,70,392316
16016,0.001653,172.31.40.0-255,66,130350,70,392316
16017,0.001678,74.125.24.0-255,7156,137506,70,392316
16018,0.001696,172.31.40.0-255,66,137572,70,392316
16019,0.001706,74.125.24.0-255,9992,147564,70,392316
16020,0.001709,172.31.40.0-255,66,147630,70,392316
16021,0.001737,74.125.24.0-255,3602,151232,70,392316
16022,0.00174,172.31.40.0-255,66,151298,70,392316
16023,0.002306,74.125.24.0-255,1484,152782,70,392316
16024,0.002313,74.125.24.0-255,1484,154266,70,392316
16025,0.002318,172.31.40.0-255,66,154332,70,392316
16026,0.002339,74.125.24.0-255,1484,155816,70,392316
16027,0.002343,74.125.24.0-255,1484,157300,70,392316
16028,0.002346,172.31.40.0-255,66,157366,70,392316
16029,0.002354,74.125.24.0-255,5738,163104,70,392316
16030,0.002356,172.31.40.0-255,66,163170,70,392316
16031,0.002399,172.31.40.0-255,66,163236,70,392316
16032,0.002406,74.125.24.0-255,5738,168974,70,392316
16033,0.002408,172.31.40.0-255,66,169040,70,392316
16034,0.002427,74.125.24.0-255,1484,170524,70,392316
16035,0.00245,74.125.24.0-255,2184,172708,70,392316
16036,0.002452,172.31.40.0-255,66,172774,70,392316
16037,0.004916,74.125.24.0-255,2902,175676,70,392316
16038,0.004923,172.31.40.0-255,66,175742,70,392316
16039,0.004953,74.125.24.0-255,2902,178644,70,392316
16040,0.004956,172.31.40.0-255,66,178710,70,392316
16041,0.007448,74.125.24.0-255,2902,181612,70,392316
16042,0.007453,172.31.40.0-255,66,181678,70,392316
16043,0.007486,74.125.24.0-255,2902,184580,70,392316
16044,0.007489,172.31.40.0-255,66,184646,70,392316
16045,0.009974,74.125.24.0-255,5738,190384,70,392316
16046,0.00998,172.31.40.0-255,66,190450,70,392316
16047,0.012486,74.125.24.0-255,5738,196188,70,392316
16048,0.012493,172.31.40.0-255,66,196254,70,392316
16049,0.015007,74.125.24.0-255,5738,201992,70,392316
16050,0.015023,172.31.40.0-255,66,202058,70,392316
16051,0.017536,74.125.24.0-255,5738,207796,70,392316
16052,0.017546,172.31.40.0-255,66,207862,70,392316
16053,0.020078,74.125.24.0-255,5738,213600,70,392316
16054,0.02009,172.31.40.0-255,66,213666,70,392316
16055,0.02255,74.125.24.0-255,5738,219404,70,392316
16056,0.022559,172.31.40.0-255,66,219470,70,392316
16057,0.02505,74.125.24.0-255,5738,225208,70,392316
16058,0.025056,172.31.40.0-255,66,225274,70,392316
16059,0.027156,172.31.40.0-255,172,225446,70,392316
16060,0.027189,172.31.40.0-255,1118,226564,70,392316
16061,0.027253,172.31.40.0-255,1514,228078,70,392316
16062,0.027255,172.31.40.0-255,1514,229592,70,392316
16063,0.02728,172.31.40.0-255,846,230438,70,392316
16064,0.027575,74.125.24.0-255,5738,236176,70,392316
16065,0.027581,172.31.40.0-255,66,236242,70,392316
16066,0.028774,104.244.42.0-255,66,236308,70,392316
16067,0.028907,104.244.42.0-255,66,236374,70,392316
16068,0.028913,104.244.42.0-255,66,236440,70,392316
16069,0.028988,104.244.42.0-255,66,236506,70,392316
16070,0.030081,74.125.24.0-255,5738,242244,70,392316
16071,0.030086,172.31.40.0-255,66,242310,70,392316
16072,0.032633,74.125.24.0-255,5738,248048,70,392316
16073,0.032641,172.31.40.0-255,66,248114,70,392316
16074,0.035182,74.125.24.0-255,5738,253852,70,392316
16075,0.035196,172.31.40.0-255,66,253918,70,392316
16076,0.037755,74.125.24.0-255,5738,259656,70,392316
16077,0.037761,172.31.40.0-255,66,259722,70,392316
16078,0.040276,74.125.24.0-255,5738,265460,70,392316
16079,0.040286,172.31.40.0-255,66,265526,70,392316
16080,0.042819,74.125.24.0-255,5738,271264,70,392316
16081,0.042826,172.31.40.0-255,66,271330,70,392316
16082,0.045307,74.125.24.0-255,4320,275650,70,392316
16083,0.045315,172.31.40.0-255,66,275716,70,392316
16084,0.04534,74.125.24.0-255,1484,277200,70,392316
16085,0.047894,74.125.24.0-255,4320,281520,70,392316
16086,0.047902,172.31.40.0-255,66,281586,70,392316
16087,0.050423,74.125.24.0-255,5738,287324,70,392316
16088,0.050435,172.31.40.0-255,66,287390,70,392316
16089,0.052968,74.125.24.0-255,5738,293128,70,392316
16090,0.052977,172.31.40.0-255,66,293194,70,392316
16091,0.05549,74.125.24.0-255,5738,298932,70,392316
16092,0.055495,172.31.40.0-255,66,298998,70,392316
16093,0.057999,74.125.24.0-255,5738,304736,70,392316
16094,0.058006,172.31.40.0-255,66,304802,70,392316
16095,0.060515,74.125.24.0-255,5738,310540,70,392316
16096,0.060522,172.31.40.0-255,66,310606,70,392316
16097,0.063009,74.125.24.0-255,5738,316344,70,392316
16098,0.063015,172.31.40.0-255,66,316410,70,392316
16099,0.065544,74.125.24.0-255,5738,322148,70,392316
16100,0.065552,172.31.40.0-255,66,322214,70,392316
16101,0.068093,74.125.24.0-255,5738,327952,70,392316
16102,0.068107,172.31.40.0-255,66,328018,70,392316
16103,0.070613,74.125.24.0-255,5738,333756,70,392316
16104,0.07062,172.31.40.0-255,66,333822,70,392316
16105,0.073112,74.125.24.0-255,5738,339560,70,392316
16106,0.073118,172.31.40.0-255,66,339626,70,392316
16107,0.075624,74.125.24.0-255,5738,345364,70,392316
16108,0.075632,172.31.40.0-255,66,345430,70,392316
16109,0.078154,74.125.24.0-255,5738,351168,70,392316
16110,0.078161,172.31.40.0-255,66,351234,70,392316
16111,0.080665,74.125.24.0-255,5738,356972,70,392316
16112,0.080672,172.31.40.0-255,66,357038,70,392316
16113,0.083194,74.125.24.0-255,5738,362776,70,392316
16114,0.083205,172.31.40.0-255,66,362842,70,392316
16115,0.08569,74.125.24.0-255,5738,368580,70,392316
16116,0.0857,172.31.40.0-255,66,368646,70,392316
16117,0.088216,74.125.24.0-255,5738,374384,70,392316
16118,0.088224,172.31.40.0-255,66,374450,70,392316
16119,0.090751,74.125.24.0-255,5738,380188,70,392316
16120,0.090757,172.31.40.0-255,66,380254,70,392316
16121,0.093281,74.125.24.0-255,5738,385992,70,392316
16122,0.093288,172.31.40.0-255,66,386058,70,392316
16123,0.09578,74.125.24.0-255,5738,391796,70,392316
16124,0.095785,172.31.40.0-255,66,391862,70,392316
16125,0.09822,74.125.24.0-255,283,392145,70,392316
16126,0.098498,172.31.40.0-255,66,392211,70,392316
16127,0.098538,172.31.40.0-255,105,392316,70,392316
16128,0.0,74.125.130.0-255,156,156,70,395398
16129,2.3e-05,172.31.40.0-255,66,222,70,395398
16130,3e-05,74.125.130.0-255,1484,1706,70,395398
16131,3.5e-05,172.31.40.0-255,66,1772,70,395398
16132,4.1e-05,74.125.130.0-255,2902,4674,70,395398
16133,4.4e-05,172.31.40.0-255,66,4740,70,395398
16134,5e-05,74.125.130.0-255,5738,10478,70,395398
16135,5.3e-05,172.31.40.0-255,66,10544,70,395398
16136,8.1e-05,74.125.130.0-255,3519,14063,70,395398
16137,8.5e-05,172.31.40.0-255,66,14129,70,395398
16138,0.000242,74.125.130.0-255,1484,15613,70,395398
16139,0.000248,172.31.40.0-255,66,15679,70,395398
16140,0.000265,74.125.130.0-255,1484,17163,70,395398
16141,0.000268,172.31.40.0-255,66,17229,70,395398
16142,0.000274,74.125.130.0-255,2902,20131,70,395398
16143,0.000276,172.31.40.0-255,66,20197,70,395398
16144,0.000304,74.125.130.0-255,5738,25935,70,395398
16145,0.000307,172.31.40.0-255,66,26001,70,395398
16146,0.000361,74.125.130.0-255,5379,31380,70,395398
16147,0.000364,172.31.40.0-255,66,31446,70,395398
16148,0.000489,74.125.130.0-255,1484,32930,70,395398
16149,0.000493,172.31.40.0-255,66,32996,70,395398
16150,0.000514,74.125.130.0-255,2902,35898,70,395398
16151,0.00053,172.31.40.0-255,66,35964,70,395398
16152,0.000534,74.125.130.0-255,1484,37448,70,395398
16153,0.000536,172.31.40.0-255,66,37514,70,395398
16154,0.000561,74.125.130.0-255,2902,40416,70,395398
16155,0.000564,172.31.40.0-255,66,40482,70,395398
16156,0.00057,74.125.130.0-255,5738,46220,70,395398
16157,0.000572,172.31.40.0-255,66,46286,70,395398
16158,0.000614,74.125.130.0-255,2543,48829,70,395398
16159,0.000617,172.31.40.0-255,66,48895,70,395398
16160,0.000779,74.125.130.0-255,1484,50379,70,395398
16161,0.000787,74.125.130.0-255,2902,53281,70,395398
16162,0.000791,172.31.40.0-255,66,53347,70,395398
16163,0.000796,74.125.130.0-255,2902,56249,70,395398
16164,0.000798,172.31.40.0-255,66,56315,70,395398
16165,0.000814,74.125.130.0-255,2902,59217,70,395398
16166,0.000817,172.31.40.0-255,66,59283,70,395398
16167,0.000835,74.125.130.0-255,7091,66374,70,395398
16168,0.000837,172.31.40.0-255,66,66440,70,395398
16169,0.000985,74.125.130.0-255,1484,67924,70,395398
16170,0.000991,74.125.130.0-255,2902,70826,70,395398
16171,0.000993,172.31.40.0-255,66,70892,70,395398
16172,0.001019,74.125.130.0-255,5738,76630,70,395398
16173,0.001023,172.31.40.0-255,66,76696,70,395398
16174,0.001043,74.125.130.0-255,6797,83493,70,395398
16175,0.001046,172.31.40.0-255,66,83559,70,395398
16176,0.0012,74.125.130.0-255,1484,85043,70,395398
16177,0.001206,74.125.130.0-255,2902,87945,70,395398
16178,0.001208,172.31.40.0-255,66,88011,70,395398
16179,0.001237,74.125.130.0-255,5738,93749,70,395398
16180,0.001239,172.31.40.0-255,66,93815,70,395398
16181,0.001245,74.125.130.0-255,5738,99553,70,395398
16182,0.001248,172.31.40.0-255,66,99619,70,395398
16183,0.001271,74.125.130.0-255,1125,100744,70,395398
16184,0.001577,172.31.40.0-255,66,100810,70,395398
16185,0.001792,74.125.130.0-255,1484,102294,70,395398
16186,0.001801,74.125.130.0-255,2902,105196,70,395398
16187,0.001805,172.31.40.0-255,66,105262,70,395398
16188,0.001811,74.125.130.0-255,4320,109582,70,395398
16189,0.001813,172.31.40.0-255,66,109648,70,395398
16190,0.001837,74.125.130.0-255,1484,111132,70,395398
16191,0.001864,74.125.130.0-255,4320,115452,70,395398
16192,0.001867,172.31.40.0-255,66,115518,70,395398
16193,0.00188,172.31.40.0-255,66,115584,70,395398
16194,0.001888,74.125.130.0-255,7856,123440,70,395398
16195,0.00189,172.31.40.0-255,66,123506,70,395398
16196,0.002266,74.125.130.0-255,1484,124990,70,395398
16197,0.002274,74.125.130.0-255,2902,127892,70,395398
16198,0.002279,172.31.40.0-255,66,127958,70,395398
16199,0.002285,74.125.130.0-255,2902,130860,70,395398
16200,0.002287,172.31.40.0-255,66,130926,70,395398
16201,0.002293,74.125.130.0-255,4320,135246,70,395398
16202,0.002295,172.31.40.0-255,66,135312,70,395398
16203,0.002327,74.125.130.0-255,8574,143886,70,395398
16204,0.002329,172.31.40.0-255,66,143952,70,395398
16205,0.002333,74.125.130.0-255,2902,146854,70,395398
16206,0.002335,172.31.40.0-255,66,146920,70,395398
16207,0.002365,74.125.130.0-255,10692,157612,70,395398
16208,0.002368,172.31.40.0-255,66,157678,70,395398
16209,0.004698,74.125.130.0-255,5738,163416,70,395398
16210,0.004705,172.31.40.0-255,66,163482,70,395398
16211,0.00705,74.125.130.0-255,5738,169220,70,395398
16212,0.007057,172.31.40.0-255,66,169286,70,395398
16213,0.009397,74.125.130.0-255,5738,175024,70,395398
16214,0.009404,172.31.40.0-255,66,175090,70,395398
16215,0.011746,74.125.130.0-255,5738,180828,70,395398
16216,0.011752,172.31.40.0-255,66,180894,70,395398
16217,0.014096,74.125.130.0-255,5738,186632,70,395398
16218,0.014103,172.31.40.0-255,66,186698,70,395398
16219,0.016442,74.125.130.0-255,5738,192436,70,395398
16220,0.016448,172.31.40.0-255,66,192502,70,395398
16221,0.018793,74.125.130.0-255,5738,198240,70,395398
16222,0.018804,172.31.40.0-255,66,198306,70,395398
16223,0.021166,74.125.130.0-255,5738,204044,70,395398
16224,0.02118,172.31.40.0-255,66,204110,70,395398
16225,0.023527,74.125.130.0-255,5738,209848,70,395398
16226,0.023534,172.31.40.0-255,66,209914,70,395398
16227,0.025888,74.125.130.0-255,5738,215652,70,395398
16228,0.025895,172.31.40.0-255,66,215718,70,395398
16229,0.028239,74.125.130.0-255,5738,221456,70,395398
16230,0.028245,172.31.40.0-255,66,221522,70,395398
16231,0.030598,74.125.130.0-255,5738,227260,70,395398
16232,0.030605,172.31.40.0-255,66,227326,70,395398
16233,0.032954,74.125.130.0-255,5738,233064,70,395398
16234,0.03296,172.31.40.0-255,66,233130,70,395398
16235,0.0353,74.125.130.0-255,5738,238868,70,395398
16236,0.035307,172.31.40.0-255,66,238934,70,395398
16237,0.037682,74.125.130.0-255,5738,244672,70,395398
16238,0.037689,172.31.40.0-255,66,244738,70,395398
16239,0.04003,74.125.130.0-255,5738,250476,70,395398
16240,0.040037,172.31.40.0-255,66,250542,70,395398
16241,0.042378,74.125.130.0-255,5738,256280,70,395398
16242,0.04239,172.31.40.0-255,66,256346,70,395398
16243,0.044729,74.125.130.0-255,5738,262084,70,395398
16244,0.044736,172.31.40.0-255,66,262150,70,395398
16245,0.047082,74.125.130.0-255,5738,267888,70,395398
16246,0.047089,172.31.40.0-255,66,267954,70,395398
16247,0.049434,74.125.130.0-255,5738,273692,70,395398
16248,0.049441,172.31.40.0-255,66,273758,70,395398
16249,0.051775,74.125.130.0-255,5738,279496,70,395398
16250,0.051782,172.31.40.0-255,66,279562,70,395398
16251,0.054181,74.125.130.0-255,5738,285300,70,395398
16252,0.054196,172.31.40.0-255,66,285366,70,395398
16253,0.056547,74.125.130.0-255,5738,291104,70,395398
16254,0.056555,172.31.40.0-255,66,291170,70,395398
16255,0.058907,74.125.130.0-255,5738,296908,70,395398
16256,0.058914,172.31.40.0-255,66,296974,70,395398
16257,0.061268,74.125.130.0-255,5738,302712,70,395398
16258,0.061277,172.31.40.0-255,66,302778,70,395398
16259,0.063624,74.125.130.0-255,5738,308516,70,395398
16260,0.063635,172.31.40.0-255,66,308582,70,395398
16261,0.06599,74.125.130.0-255,5738,314320,70,395398
16262,0.066006,172.31.40.0-255,66,314386,70,395398
16263,0.068359,74.125.130.0-255,5738,320124,70,395398
16264,0.068369,172.31.40.0-255,66,320190,70,395398
16265,0.070721,74.125.130.0-255,5738,325928,70,395398
16266,0.070732,172.31.40.0-255,66,325994,70,395398
16267,0.071512,172.31.40.0-255,172,326166,70,395398
16268,0.07155,172.31.40.0-255,1116,327282,70,395398
16269,0.071617,172.31.40.0-255,1514,328796,70,395398
16270,0.071618,172.31.40.0-255,1514,330310,70,395398
16271,0.071642,172.31.40.0-255,846,331156,70,395398
16272,0.073065,104.244.42.0-255,66,331222,70,395398
16273,0.07308,74.125.130.0-255,5738,336960,70,395398
16274,0.073085,172.31.40.0-255,66,337026,70,395398
16275,0.073116,104.244.42.0-255,66,337092,70,395398
16276,0.073158,104.244.42.0-255,66,337158,70,395398
16277,0.073201,104.244.42.0-255,66,337224,70,395398
16278,0.075456,74.125.130.0-255,5738,342962,70,395398
16279,0.075465,172.31.40.0-255,66,343028,70,395398
16280,0.077827,74.125.130.0-255,5738,348766,70,395398
16281,0.077834,172.31.40.0-255,66,348832,70,395398
16282,0.080186,74.125.130.0-255,5738,354570,70,395398
16283,0.080193,172.31.40.0-255,66,354636,70,395398
16284,0.082548,74.125.130.0-255,5738,360374,70,395398
16285,0.082557,172.31.40.0-255,66,360440,70,395398
16286,0.084911,74.125.130.0-255,5738,366178,70,395398
16287,0.084925,172.31.40.0-255,66,366244,70,395398
16288,0.087294,74.125.130.0-255,5738,371982,70,395398
16289,0.087304,172.31.40.0-255,66,372048,70,395398
16290,0.089658,74.125.130.0-255,5738,377786,70,395398
16291,0.089665,172.31.40.0-255,66,377852,70,395398
16292,0.092016,74.125.130.0-255,5738,383590,70,395398
16293,0.092022,172.31.40.0-255,66,383656,70,395398
16294,0.094372,74.125.130.0-255,5738,389394,70,395398
16295,0.094378,172.31.40.0-255,66,389460,70,395398
16296,0.096731,74.125.130.0-255,5701,395161,70,395398
16297,0.096739,172.31.40.0-255,66,395227,70,395398
16298,0.096942,172.31.40.0-255,105,395332,70,395398
16299,0.099265,74.125.130.0-255,66,395398,70,395398
16300,0.0,74.125.24.0-255,298,298,70,280449
16301,2.2e-05,172.31.40.0-255,66,364,70,280449
16302,2.8e-05,74.125.24.0-255,1484,1848,70,280449
16303,3.2e-05,172.31.40.0-255,66,1914,70,280449
16304,4.8e-05,74.125.24.0-255,4320,6234,70,280449
16305,5.1e-05,172.31.40.0-255,66,6300,70,280449
16306,5.9e-05,74.125.24.0-255,7593,13893,70,280449
16307,6.3e-05,172.31.40.0-255,66,13959,70,280449
16308,6.9e-05,74.125.24.0-255,5738,19697,70,280449
16309,7.2e-05,172.31.40.0-255,66,19763,70,280449
16310,0.000101,74.125.24.0-255,2902,22665,70,280449
16311,0.000108,172.31.40.0-255,66,22731,70,280449
16312,0.000116,74.125.24.0-255,8215,30946,70,280449
16313,0.000119,172.31.40.0-255,66,31012,70,280449
16314,0.000179,74.125.24.0-255,1484,32496,70,280449
16315,0.000182,172.31.40.0-255,66,32562,70,280449
16316,0.000187,74.125.24.0-255,2902,35464,70,280449
16317,0.000189,172.31.40.0-255,66,35530,70,280449
16318,0.000199,74.125.24.0-255,4320,39850,70,280449
16319,0.000201,172.31.40.0-255,66,39916,70,280449
16320,0.000204,74.125.24.0-255,1484,41400,70,280449
16321,0.000206,172.31.40.0-255,66,41466,70,280449
16322,0.000249,74.125.24.0-255,8215,49681,70,280449
16323,0.000252,172.31.40.0-255,66,49747,70,280449
16324,0.000256,74.125.24.0-255,2902,52649,70,280449
16325,0.000258,172.31.40.0-255,66,52715,70,280449
16326,0.000302,172.31.40.0-255,66,52781,70,280449
16327,0.000327,74.125.24.0-255,116,52897,70,280449
16328,0.000329,172.31.40.0-255,66,52963,70,280449
16329,0.000378,74.125.24.0-255,328,53291,70,280449
16330,0.000382,172.31.40.0-255,66,53357,70,280449
16331,0.000611,74.125.24.0-255,1484,54841,70,280449
16332,0.000645,74.125.24.0-255,1484,56325,70,280449
16333,0.000649,172.31.40.0-255,66,56391,70,280449
16334,0.000681,74.125.24.0-255,1484,57875,70,280449
16335,0.000688,74.125.24.0-255,5738,63613,70,280449
16336,0.000692,172.31.40.0-255,66,63679,70,280449
16337,0.000704,172.31.40.0-255,66,63745,70,280449
16338,0.000712,74.125.24.0-255,7156,70901,70,280449
16339,0.000714,172.31.40.0-255,66,70967,70,280449
16340,0.000738,74.125.24.0-255,5020,75987,70,280449
16341,0.000741,172.31.40.0-255,66,76053,70,280449
16342,0.000871,74.125.24.0-255,1484,77537,70,280449
16343,0.000877,74.125.24.0-255,2902,80439,70,280449
16344,0.000881,74.125.24.0-255,2902,83341,70,280449
16345,0.000887,172.31.40.0-255,66,83407,70,280449
16346,0.000891,172.31.40.0-255,66,83473,70,280449
16347,0.000906,74.125.24.0-255,2902,86375,70,280449
16348,0.000908,172.31.40.0-255,66,86441,70,280449
16349,0.000918,74.125.24.0-255,9992,96433,70,280449
16350,0.00092,172.31.40.0-255,66,96499,70,280449
16351,0.000974,172.31.40.0-255,66,96565,70,280449
16352,0.001034,74.125.24.0-255,1484,98049,70,280449
16353,0.00104,74.125.24.0-255,2902,100951,70,280449
16354,0.001042,172.31.40.0-255,66,101017,70,280449
16355,0.001047,74.125.24.0-255,2902,103919,70,280449
16356,0.001049,172.31.40.0-255,66,103985,70,280449
16357,0.001068,74.125.24.0-255,2902,106887,70,280449
16358,0.00107,172.31.40.0-255,66,106953,70,280449
16359,0.001082,74.125.24.0-255,5738,112691,70,280449
16360,0.001085,172.31.40.0-255,66,112757,70,280449
16361,0.001118,74.125.24.0-255,7156,119913,70,280449
16362,0.001121,172.31.40.0-255,66,119979,70,280449
16363,0.00113,74.125.24.0-255,10692,130671,70,280449
16364,0.001133,172.31.40.0-255,66,130737,70,280449
16365,0.001175,74.125.24.0-255,1484,132221,70,280449
16366,0.001179,74.125.24.0-255,1484,133705,70,280449
16367,0.001181,172.31.40.0-255,66,133771,70,280449
16368,0.00121,74.125.24.0-255,1484,135255,70,280449
16369,0.001216,74.125.24.0-255,5738,140993,70,280449
16370,0.001219,172.31.40.0-255,66,141059,70,280449
16371,0.001224,74.125.24.0-255,4320,145379,70,280449
16372,0.001227,172.31.40.0-255,66,145445,70,280449
16373,0.001236,74.125.24.0-255,2902,148347,70,280449
16374,0.001238,172.31.40.0-255,66,148413,70,280449
16375,0.001284,172.31.40.0-255,66,148479,70,280449
16376,0.001289,74.125.24.0-255,3602,152081,70,280449
16377,0.001292,172.31.40.0-255,66,152147,70,280449
16378,0.001357,74.125.24.0-255,1484,153631,70,280449
16379,0.001363,74.125.24.0-255,2902,156533,70,280449
16380,0.001366,172.31.40.0-255,66,156599,70,280449
16381,0.001371,74.125.24.0-255,4320,160919,70,280449
16382,0.001373,172.31.40.0-255,66,160985,70,280449
16383,0.001403,74.125.24.0-255,1484,162469,70,280449
16384,0.001418,172.31.40.0-255,66,162535,70,280449
16385,0.001425,74.125.24.0-255,7156,169691,70,280449
16386,0.001427,172.31.40.0-255,66,169757,70,280449
16387,0.001461,74.125.24.0-255,3602,173359,70,280449
16388,0.001464,172.31.40.0-255,66,173425,70,280449
16389,0.001492,74.125.24.0-255,4320,177745,70,280449
16390,0.001495,172.31.40.0-255,66,177811,70,280449
16391,0.0015,74.125.24.0-255,2902,180713,70,280449
16392,0.001502,172.31.40.0-255,66,180779,70,280449
16393,0.001541,74.125.24.0-255,7156,187935,70,280449
16394,0.001563,74.125.24.0-255,7856,195791,70,280449
16395,0.001604,172.31.40.0-255,66,195857,70,280449
16396,0.001613,172.31.40.0-255,66,195923,70,280449
16397,0.001626,172.31.40.0-255,66,195989,70,280449
16398,0.001721,74.125.24.0-255,1484,197473,70,280449
16399,0.001727,74.125.24.0-255,2902,200375,70,280449
16400,0.00173,172.31.40.0-255,66,200441,70,280449
16401,0.001736,74.125.24.0-255,4320,204761,70,280449
16402,0.001739,172.31.40.0-255,66,204827,70,280449
16403,0.001755,74.125.24.0-255,1484,206311,70,280449
16404,0.001762,74.125.24.0-255,5738,212049,70,280449
16405,0.001769,172.31.40.0-255,66,212115,70,280449
16406,0.001805,74.125.24.0-255,7156,219271,70,280449
16407,0.001812,74.125.24.0-255,7156,226427,70,280449
16408,0.001818,74.125.24.0-255,3602,230029,70,280449
16409,0.001835,74.125.24.0-255,1484,231513,70,280449
16410,0.001847,74.125.24.0-255,2902,234415,70,280449
16411,0.001863,74.125.24.0-255,5738,240153,70,280449
16412,0.001866,172.31.40.0-255,66,240219,70,280449
16413,0.001872,172.31.40.0-255,66,240285,70,280449
16414,0.001896,74.125.24.0-255,4320,244605,70,280449
16415,0.001905,74.125.24.0-255,8574,253179,70,280449
16416,0.001929,74.125.24.0-255,5738,258917,70,280449
16417,0.00194,172.31.40.0-255,66,258983,70,280449
16418,0.001995,74.125.24.0-255,1484,260467,70,280449
16419,0.002005,74.125.24.0-255,7856,268323,70,280449
16420,0.002014,172.31.40.0-255,66,268389,70,280449
16421,0.002035,74.125.24.0-255,7156,275545,70,280449
16422,0.002053,172.31.40.0-255,66,275611,70,280449
16423,0.002081,74.125.24.0-255,105,275716,70,280449
16424,0.002093,172.31.40.0-255,66,275782,70,280449
16425,0.003937,172.31.40.0-255,101,275883,70,280449
16426,0.004734,172.31.40.0-255,105,275988,70,280449
16427,0.006157,74.125.24.0-255,66,276054,70,280449
16428,0.006957,74.125.24.0-255,66,276120,70,280449
16429,0.035927,172.31.40.0-255,172,276292,70,280449
16430,0.03596,172.31.40.0-255,1113,277405,70,280449
16431,0.036023,172.31.40.0-255,1514,278919,70,280449
16432,0.036025,172.31.40.0-255,1332,280251,70,280449
16433,0.037467,104.244.42.0-255,66,280317,70,280449
16434,0.037542,104.244.42.0-255,66,280383,70,280449
16435,0.03763,104.244.42.0-255,66,280449,70,280449
16436,0.0,74.125.130.0-255,150,150,70,377226
16437,2.2e-05,172.31.40.0-255,66,216,70,377226
16438,3e-05,74.125.130.0-255,1484,1700,70,377226
16439,3.6e-05,172.31.40.0-255,66,1766,70,377226
16440,6.1e-05,74.125.130.0-255,2902,4668,70,377226
16441,6.8e-05,172.31.40.0-255,66,4734,70,377226
16442,7.1e-05,74.125.130.0-255,1484,6218,70,377226
16443,7.3e-05,172.31.40.0-255,66,6284,70,377226
16444,7.8e-05,74.125.130.0-255,2902,9186,70,377226
16445,8e-05,172.31.40.0-255,66,9252,70,377226
16446,0.000125,74.125.130.0-255,6329,15581,70,377226
16447,0.000127,172.31.40.0-255,66,15647,70,377226
16448,0.000135,74.125.130.0-255,5738,21385,70,377226
16449,0.000138,172.31.40.0-255,66,21451,70,377226
16450,0.000156,74.125.130.0-255,1484,22935,70,377226
16451,0.000158,172.31.40.0-255,66,23001,70,377226
16452,0.000164,74.125.130.0-255,4320,27321,70,377226
16453,0.000166,172.31.40.0-255,66,27387,70,377226
16454,0.000198,74.125.130.0-255,2902,30289,70,377226
16455,0.000202,172.31.40.0-255,66,30355,70,377226
16456,0.000205,74.125.130.0-255,1125,31480,70,377226
16457,0.000211,172.31.40.0-255,66,31546,70,377226
16458,0.00053,74.125.130.0-255,1484,33030,70,377226
16459,0.000535,172.31.40.0-255,66,33096,70,377226
16460,0.000566,74.125.130.0-255,2902,35998,70,377226
16461,0.000569,172.31.40.0-255,66,36064,70,377226
16462,0.000572,74.125.130.0-255,1484,37548,70,377226
16463,0.000574,172.31.40.0-255,66,37614,70,377226
16464,0.000597,74.125.130.0-255,1484,39098,70,377226
16465,0.000603,172.31.40.0-255,66,39164,70,377226
16466,0.000608,74.125.130.0-255,4320,43484,70,377226
16467,0.000611,172.31.40.0-255,66,43550,70,377226
16468,0.000614,74.125.130.0-255,1484,45034,70,377226
16469,0.000649,74.125.130.0-255,3961,48995,70,377226
16470,0.000652,172.31.40.0-255,66,49061,70,377226
16471,0.000658,74.125.130.0-255,5738,54799,70,377226
16472,0.000661,172.31.40.0-255,66,54865,70,377226
16473,0.000664,74.125.130.0-255,1484,56349,70,377226
16474,0.00068,74.125.130.0-255,2902,59251,70,377226
16475,0.000687,172.31.40.0-255,66,59317,70,377226
16476,0.000717,74.125.130.0-255,5738,65055,70,377226
16477,0.000721,172.31.40.0-255,66,65121,70,377226
16478,0.000724,74.125.130.0-255,1377,66498,70,377226
16479,0.000825,74.125.130.0-255,120,66618,70,377226
16480,0.001142,74.125.130.0-255,1484,68102,70,377226
16481,0.001148,172.31.40.0-255,66,68168,70,377226
16482,0.001155,74.125.130.0-255,2902,71070,70,377226
16483,0.001158,172.31.40.0-255,66,71136,70,377226
16484,0.00119,74.125.130.0-255,1484,72620,70,377226
16485,0.001214,74.125.130.0-255,2902,75522,70,377226
16486,0.001217,172.31.40.0-255,66,75588,70,377226
16487,0.001246,74.125.130.0-255,2902,78490,70,377226
16488,0.001249,172.31.40.0-255,66,78556,70,377226
16489,0.001275,74.125.130.0-255,1484,80040,70,377226
16490,0.001296,74.125.130.0-255,2902,82942,70,377226
16491,0.001299,172.31.40.0-255,66,83008,70,377226
16492,0.001318,74.125.130.0-255,4320,87328,70,377226
16493,0.001336,172.31.40.0-255,66,87394,70,377226
16494,0.00134,74.125.130.0-255,1484,88878,70,377226
16495,0.001343,74.125.130.0-255,1484,90362,70,377226
16496,0.001345,172.31.40.0-255,66,90428,70,377226
16497,0.001388,74.125.130.0-255,1484,91912,70,377226
16498,0.001429,74.125.130.0-255,1484,93396,70,377226
16499,0.001433,172.31.40.0-255,66,93462,70,377226
16500,0.001453,74.125.130.0-255,2902,96364,70,377226
16501,0.001455,172.31.40.0-255,66,96430,70,377226
16502,0.001497,74.125.130.0-255,5020,101450,70,377226
16503,0.0015,172.31.40.0-255,66,101516,70,377226
16504,0.002105,74.125.130.0-255,1484,103000,70,377226
16505,0.003571,74.125.130.0-255,4320,107320,70,377226
16506,0.003578,172.31.40.0-255,66,107386,70,377226
16507,0.00566,74.125.130.0-255,5738,113124,70,377226
16508,0.005665,172.31.40.0-255,66,113190,70,377226
16509,0.007741,74.125.130.0-255,5738,118928,70,377226
16510,0.007747,172.31.40.0-255,66,118994,70,377226
16511,0.009866,74.125.130.0-255,5738,124732,70,377226
16512,0.009872,172.31.40.0-255,66,124798,70,377226
16513,0.011964,74.125.130.0-255,5738,130536,70,377226
16514,0.01197,172.31.40.0-255,66,130602,70,377226
16515,0.014049,74.125.130.0-255,5738,136340,70,377226
16516,0.014056,172.31.40.0-255,66,136406,70,377226
16517,0.016127,74.125.130.0-255,4320,140726,70,377226
16518,0.016135,172.31.40.0-255,66,140792,70,377226
16519,0.016161,74.125.130.0-255,1484,142276,70,377226
16520,0.018207,74.125.130.0-255,4320,146596,70,377226
16521,0.018214,172.31.40.0-255,66,146662,70,377226
16522,0.020291,74.125.130.0-255,5738,152400,70,377226
16523,0.020298,172.31.40.0-255,66,152466,70,377226
16524,0.022398,74.125.130.0-255,5738,158204,70,377226
16525,0.022404,172.31.40.0-255,66,158270,70,377226
16526,0.024478,74.125.130.0-255,5738,164008,70,377226
16527,0.024485,172.31.40.0-255,66,164074,70,377226
16528,0.026566,74.125.130.0-255,5738,169812,70,377226
16529,0.026573,172.31.40.0-255,66,169878,70,377226
16530,0.027884,172.31.40.0-255,172,170050,70,377226
16531,0.027917,172.31.40.0-255,1118,171168,70,377226
16532,0.027973,172.31.40.0-255,1514,172682,70,377226
16533,0.027974,172.31.40.0-255,1074,173756,70,377226
16534,0.028655,74.125.130.0-255,5738,179494,70,377226
16535,0.028661,172.31.40.0-255,66,179560,70,377226
16536,0.029396,104.244.42.0-255,66,179626,70,377226
16537,0.029404,104.244.42.0-255,66,179692,70,377226
16538,0.029486,104.244.42.0-255,66,179758,70,377226
16539,0.030748,74.125.130.0-255,5738,185496,70,377226
16540,0.030754,172.31.40.0-255,66,185562,70,377226
16541,0.032836,74.125.130.0-255,5738,191300,70,377226
16542,0.032843,172.31.40.0-255,66,191366,70,377226
16543,0.034936,74.125.130.0-255,5738,197104,70,377226
16544,0.034942,172.31.40.0-255,66,197170,70,377226
16545,0.037026,74.125.130.0-255,5738,202908,70,377226
16546,0.037032,172.31.40.0-255,66,202974,70,377226
16547,0.039111,74.125.130.0-255,5738,208712,70,377226
16548,0.039118,172.31.40.0-255,66,208778,70,377226
16549,0.041188,74.125.130.0-255,5738,214516,70,377226
16550,0.041194,172.31.40.0-255,66,214582,70,377226
16551,0.043292,74.125.130.0-255,5738,220320,70,377226
16552,0.043299,172.31.40.0-255,66,220386,70,377226
16553,0.045391,74.125.130.0-255,5738,226124,70,377226
16554,0.045397,172.31.40.0-255,66,226190,70,377226
16555,0.047492,74.125.130.0-255,5738,231928,70,377226
16556,0.047499,172.31.40.0-255,66,231994,70,377226
16557,0.04959,74.125.130.0-255,5738,237732,70,377226
16558,0.049597,172.31.40.0-255,66,237798,70,377226
16559,0.051725,74.125.130.0-255,5738,243536,70,377226
16560,0.051732,172.31.40.0-255,66,243602,70,377226
16561,0.053809,74.125.130.0-255,5738,249340,70,377226
16562,0.053816,172.31.40.0-255,66,249406,70,377226
16563,0.055902,74.125.130.0-255,5738,255144,70,377226
16564,0.055911,172.31.40.0-255,66,255210,70,377226
16565,0.057997,74.125.130.0-255,5738,260948,70,377226
16566,0.058004,172.31.40.0-255,66,261014,70,377226
16567,0.060083,74.125.130.0-255,5738,266752,70,377226
16568,0.060089,172.31.40.0-255,66,266818,70,377226
16569,0.062166,74.125.130.0-255,5738,272556,70,377226
16570,0.062172,172.31.40.0-255,66,272622,70,377226
16571,0.064248,74.125.130.0-255,5738,278360,70,377226
16572,0.064255,172.31.40.0-255,66,278426,70,377226
16573,0.066328,74.125.130.0-255,5738,284164,70,377226
16574,0.066335,172.31.40.0-255,66,284230,70,377226
16575,0.068421,74.125.130.0-255,5738,289968,70,377226
16576,0.068428,172.31.40.0-255,66,290034,70,377226
16577,0.070512,74.125.130.0-255,5738,295772,70,377226
16578,0.070518,172.31.40.0-255,66,295838,70,377226
16579,0.072606,74.125.130.0-255,5738,301576,70,377226
16580,0.072612,172.31.40.0-255,66,301642,70,377226
16581,0.074697,74.125.130.0-255,5738,307380,70,377226
16582,0.074704,172.31.40.0-255,66,307446,70,377226
16583,0.076822,74.125.130.0-255,5738,313184,70,377226
16584,0.07683,172.31.40.0-255,66,313250,70,377226
16585,0.07892,74.125.130.0-255,5738,318988,70,377226
16586,0.078927,172.31.40.0-255,66,319054,70,377226
16587,0.081019,74.125.130.0-255,5738,324792,70,377226
16588,0.081026,172.31.40.0-255,66,324858,70,377226
16589,0.083127,74.125.130.0-255,5738,330596,70,377226
16590,0.083134,172.31.40.0-255,66,330662,70,377226
16591,0.085212,74.125.130.0-255,5738,336400,70,377226
16592,0.085218,172.31.40.0-255,66,336466,70,377226
16593,0.087277,74.125.130.0-255,1484,337950,70,377226
16594,0.087301,74.125.130.0-255,4320,342270,70,377226
16595,0.087307,172.31.40.0-255,66,342336,70,377226
16596,0.089379,74.125.130.0-255,1484,343820,70,377226
16597,0.089403,74.125.130.0-255,4320,348140,70,377226
16598,0.089408,172.31.40.0-255,66,348206,70,377226
16599,0.091491,74.125.130.0-255,5738,353944,70,377226
16600,0.091497,172.31.40.0-255,66,354010,70,377226
16601,0.093587,74.125.130.0-255,5738,359748,70,377226
16602,0.093593,172.31.40.0-255,66,359814,70,377226
16603,0.095672,74.125.130.0-255,5738,365552,70,377226
16604,0.095677,172.31.40.0-255,66,365618,70,377226
16605,0.097762,74.125.130.0-255,5738,371356,70,377226
16606,0.097768,172.31.40.0-255,66,371422,70,377226
16607,0.099846,74.125.130.0-255,5738,377160,70,377226
16608,0.099852,172.31.40.0-255,66,377226,70,377226
16609,0.0,74.125.68.0-255,153,153,70,407112
16610,1.9e-05,172.31.40.0-255,66,219,70,407112
16611,2.6e-05,74.125.68.0-255,1484,1703,70,407112
16612,3e-05,172.31.40.0-255,66,1769,70,407112
16613,3.7e-05,74.125.68.0-255,2902,4671,70,407112
16614,4.1e-05,172.31.40.0-255,66,4737,70,407112
16615,5.2e-05,74.125.68.0-255,2902,7639,70,407112
16616,5.5e-05,172.31.40.0-255,66,7705,70,407112
16617,6.1e-05,74.125.68.0-255,4320,12025,70,407112
16618,6.3e-05,172.31.40.0-255,66,12091,70,407112
16619,9.8e-05,74.125.68.0-255,2100,14191,70,407112
16620,0.000101,172.31.40.0-255,66,14257,70,407112
16621,0.000132,74.125.68.0-255,2902,17159,70,407112
16622,0.000134,172.31.40.0-255,66,17225,70,407112
16623,0.000163,74.125.68.0-255,1484,18709,70,407112
16624,0.000166,172.31.40.0-255,66,18775,70,407112
16625,0.000171,74.125.68.0-255,2902,21677,70,407112
16626,0.000173,172.31.40.0-255,66,21743,70,407112
16627,0.00018,74.125.68.0-255,5738,27481,70,407112
16628,0.000186,172.31.40.0-255,66,27547,70,407112
16629,0.000219,74.125.68.0-255,7156,34703,70,407112
16630,0.000227,172.31.40.0-255,66,34769,70,407112
16631,0.000236,74.125.68.0-255,8574,43343,70,407112
16632,0.000239,172.31.40.0-255,66,43409,70,407112
16633,0.000264,74.125.68.0-255,5020,48429,70,407112
16634,0.000267,172.31.40.0-255,66,48495,70,407112
16635,0.000344,74.125.68.0-255,1484,49979,70,407112
16636,0.000347,172.31.40.0-255,66,50045,70,407112
16637,0.000369,74.125.68.0-255,2902,52947,70,407112
16638,0.000372,172.31.40.0-255,66,53013,70,407112
16639,0.000404,74.125.68.0-255,5738,58751,70,407112
16640,0.000407,172.31.40.0-255,66,58817,70,407112
16641,0.000411,74.125.68.0-255,1484,60301,70,407112
16642,0.000416,74.125.68.0-255,2902,63203,70,407112
16643,0.000418,172.31.40.0-255,66,63269,70,407112
16644,0.000448,74.125.68.0-255,1484,64753,70,407112
16645,0.00047,74.125.68.0-255,1705,66458,70,407112
16646,0.000473,172.31.40.0-255,66,66524,70,407112
16647,0.000516,74.125.68.0-255,1484,68008,70,407112
16648,0.000533,74.125.68.0-255,2902,70910,70,407112
16649,0.000536,172.31.40.0-255,66,70976,70,407112
16650,0.000556,74.125.68.0-255,2902,73878,70,407112
16651,0.000559,172.31.40.0-255,66,73944,70,407112
16652,0.000591,74.125.68.0-255,4320,78264,70,407112
16653,0.000594,172.31.40.0-255,66,78330,70,407112
16654,0.000624,74.125.68.0-255,4830,83160,70,407112
16655,0.000627,172.31.40.0-255,66,83226,70,407112
16656,0.000824,74.125.68.0-255,1484,84710,70,407112
16657,0.000842,74.125.68.0-255,2902,87612,70,407112
16658,0.000846,172.31.40.0-255,66,87678,70,407112
16659,0.00087,74.125.68.0-255,2902,90580,70,407112
16660,0.000874,172.31.40.0-255,66,90646,70,407112
16661,0.000879,74.125.68.0-255,4320,94966,70,407112
16662,0.000881,172.31.40.0-255,66,95032,70,407112
16663,0.000886,74.125.68.0-255,2902,97934,70,407112
16664,0.000888,172.31.40.0-255,66,98000,70,407112
16665,0.000917,74.125.68.0-255,5738,103738,70,407112
16666,0.00092,172.31.40.0-255,66,103804,70,407112
16667,0.00093,74.125.68.0-255,5738,109542,70,407112
16668,0.000933,172.31.40.0-255,66,109608,70,407112
16669,0.00094,74.125.68.0-255,7156,116764,70,407112
16670,0.000942,172.31.40.0-255,66,116830,70,407112
16671,0.000944,74.125.68.0-255,766,117596,70,407112
16672,0.001492,74.125.68.0-255,1484,119080,70,407112
16673,0.001497,172.31.40.0-255,66,119146,70,407112
16674,0.001503,74.125.68.0-255,2902,122048,70,407112
16675,0.001505,172.31.40.0-255,66,122114,70,407112
16676,0.001508,74.125.68.0-255,1484,123598,70,407112
16677,0.001524,74.125.68.0-255,2902,126500,70,407112
16678,0.001527,172.31.40.0-255,66,126566,70,407112
16679,0.001556,74.125.68.0-255,5738,132304,70,407112
16680,0.001559,172.31.40.0-255,66,132370,70,407112
16681,0.001566,74.125.68.0-255,1484,133854,70,407112
16682,0.001587,74.125.68.0-255,2902,136756,70,407112
16683,0.00159,172.31.40.0-255,66,136822,70,407112
16684,0.001597,74.125.68.0-255,5738,142560,70,407112
16685,0.001599,172.31.40.0-255,66,142626,70,407112
16686,0.001638,74.125.68.0-255,9274,151900,70,407112
16687,0.001641,172.31.40.0-255,66,151966,70,407112
16688,0.001746,74.125.68.0-255,1484,153450,70,407112
16689,0.001766,74.125.68.0-255,2902,156352,70,407112
16690,0.001769,172.31.40.0-255,66,156418,70,407112
16691,0.001775,74.125.68.0-255,4320,160738,70,407112
16692,0.001777,172.31.40.0-255,66,160804,70,407112
16693,0.001806,74.125.68.0-255,8574,169378,70,407112
16694,0.001808,172.31.40.0-255,66,169444,70,407112
16695,0.001841,74.125.68.0-255,1484,170928,70,407112
16696,0.001877,74.125.68.0-255,4320,175248,70,407112
16697,0.001884,74.125.68.0-255,7156,182404,70,407112
16698,0.001888,74.125.68.0-255,3602,186006,70,407112
16699,0.001891,172.31.40.0-255,66,186072,70,407112
16700,0.001895,172.31.40.0-255,66,186138,70,407112
16701,0.001897,172.31.40.0-255,66,186204,70,407112
16702,0.001932,74.125.68.0-255,1484,187688,70,407112
16703,0.001937,74.125.68.0-255,2902,190590,70,407112
16704,0.001939,172.31.40.0-255,66,190656,70,407112
16705,0.001972,74.125.68.0-255,2902,193558,70,407112
16706,0.001975,172.31.40.0-255,66,193624,70,407112
16707,0.002002,74.125.68.0-255,2902,196526,70,407112
16708,0.002005,172.31.40.0-255,66,196592,70,407112
16709,0.002008,74.125.68.0-255,1484,198076,70,407112
16710,0.002031,74.125.68.0-255,1484,199560,70,407112
16711,0.002033,172.31.40.0-255,66,199626,70,407112
16712,0.002053,74.125.68.0-255,4320,203946,70,407112
16713,0.002057,172.31.40.0-255,66,204012,70,407112
16714,0.002084,74.125.68.0-255,1484,205496,70,407112
16715,0.002088,74.125.68.0-255,2902,208398,70,407112
16716,0.00209,172.31.40.0-255,66,208464,70,407112
16717,0.00211,74.125.68.0-255,5738,214202,70,407112
16718,0.002112,172.31.40.0-255,66,214268,70,407112
16719,0.002139,74.125.68.0-255,1484,215752,70,407112
16720,0.002164,74.125.68.0-255,2902,218654,70,407112
16721,0.002167,172.31.40.0-255,66,218720,70,407112
16722,0.002171,74.125.68.0-255,2184,220904,70,407112
16723,0.002173,172.31.40.0-255,66,220970,70,407112
16724,0.004476,74.125.68.0-255,5738,226708,70,407112
16725,0.004483,172.31.40.0-255,66,226774,70,407112
16726,0.006774,74.125.68.0-255,4320,231094,70,407112
16727,0.006779,172.31.40.0-255,66,231160,70,407112
16728,0.006805,74.125.68.0-255,1484,232644,70,407112
16729,0.009073,74.125.68.0-255,4320,236964,70,407112
16730,0.00908,172.31.40.0-255,66,237030,70,407112
16731,0.011376,74.125.68.0-255,5738,242768,70,407112
16732,0.011384,172.31.40.0-255,66,242834,70,407112
16733,0.0137,74.125.68.0-255,5738,248572,70,407112
16734,0.013709,172.31.40.0-255,66,248638,70,407112
16735,0.016005,74.125.68.0-255,5738,254376,70,407112
16736,0.016014,172.31.40.0-255,66,254442,70,407112
16737,0.018305,74.125.68.0-255,5738,260180,70,407112
16738,0.018314,172.31.40.0-255,66,260246,70,407112
16739,0.0206,74.125.68.0-255,5738,265984,70,407112
16740,0.020608,172.31.40.0-255,66,266050,70,407112
16741,0.022907,74.125.68.0-255,5738,271788,70,407112
16742,0.022915,172.31.40.0-255,66,271854,70,407112
16743,0.025203,74.125.68.0-255,5738,277592,70,407112
16744,0.02521,172.31.40.0-255,66,277658,70,407112
16745,0.025335,172.31.40.0-255,101,277759,70,407112
16746,0.027501,74.125.68.0-255,5738,283497,70,407112
16747,0.027509,172.31.40.0-255,66,283563,70,407112
16748,0.027574,74.125.68.0-255,66,283629,70,407112
16749,0.029823,74.125.68.0-255,5738,289367,70,407112
16750,0.029831,172.31.40.0-255,66,289433,70,407112
16751,0.032136,74.125.68.0-255,5738,295171,70,407112
16752,0.032143,172.31.40.0-255,66,295237,70,407112
16753,0.032589,172.31.40.0-255,172,295409,70,407112
16754,0.032619,172.31.40.0-255,1116,296525,70,407112
16755,0.032679,172.31.40.0-255,1514,298039,70,407112
16756,0.032681,172.31.40.0-255,1514,299553,70,407112
16757,0.032707,172.31.40.0-255,846,300399,70,407112
16758,0.034107,104.244.42.0-255,66,300465,70,407112
16759,0.034185,104.244.42.0-255,66,300531,70,407112
16760,0.034234,104.244.42.0-255,66,300597,70,407112
16761,0.034247,104.244.42.0-255,66,300663,70,407112
16762,0.034435,74.125.68.0-255,5738,306401,70,407112
16763,0.034441,172.31.40.0-255,66,306467,70,407112
16764,0.036741,74.125.68.0-255,5738,312205,70,407112
16765,0.036748,172.31.40.0-255,66,312271,70,407112
16766,0.039046,74.125.68.0-255,5738,318009,70,407112
16767,0.039052,172.31.40.0-255,66,318075,70,407112
16768,0.041355,74.125.68.0-255,5738,323813,70,407112
16769,0.041361,172.31.40.0-255,66,323879,70,407112
16770,0.043641,74.125.68.0-255,2902,326781,70,407112
16771,0.043646,172.31.40.0-255,66,326847,70,407112
16772,0.043672,74.125.68.0-255,2902,329749,70,407112
16773,0.043674,172.31.40.0-255,66,329815,70,407112
16774,0.045937,74.125.68.0-255,2902,332717,70,407112
16775,0.045944,172.31.40.0-255,66,332783,70,407112
16776,0.045977,74.125.68.0-255,2902,335685,70,407112
16777,0.045979,172.31.40.0-255,66,335751,70,407112
16778,0.048229,74.125.68.0-255,2902,338653,70,407112
16779,0.048239,172.31.40.0-255,66,338719,70,407112
16780,0.048272,74.125.68.0-255,2902,341621,70,407112
16781,0.048276,172.31.40.0-255,66,341687,70,407112
16782,0.050521,74.125.68.0-255,2902,344589,70,407112
16783,0.050527,172.31.40.0-255,66,344655,70,407112
16784,0.050555,74.125.68.0-255,2902,347557,70,407112
16785,0.050558,172.31.40.0-255,66,347623,70,407112
16786,0.052867,74.125.68.0-255,5738,353361,70,407112
16787,0.052874,172.31.40.0-255,66,353427,70,407112
16788,0.055159,74.125.68.0-255,5738,359165,70,407112
16789,0.055164,172.31.40.0-255,66,359231,70,407112
16790,0.057468,74.125.68.0-255,5738,364969,70,407112
16791,0.057473,172.31.40.0-255,66,365035,70,407112
16792,0.059772,74.125.68.0-255,5738,370773,70,407112
16793,0.059778,172.31.40.0-255,66,370839,70,407112
16794,0.062063,74.125.68.0-255,5738,376577,70,407112
16795,0.06207,172.31.40.0-255,66,376643,70,407112
16796,0.064362,74.125.68.0-255,5738,382381,70,407112
16797,0.064368,172.31.40.0-255,66,382447,70,407112
16798,0.066673,74.125.68.0-255,5738,388185,70,407112
16799,0.06668,172.31.40.0-255,66,388251,70,407112
16800,0.068968,74.125.68.0-255,5738,393989,70,407112
16801,0.068974,172.31.40.0-255,66,394055,70,407112
16802,0.07126,74.125.68.0-255,5738,399793,70,407112
16803,0.071266,172.31.40.0-255,66,399859,70,407112
16804,0.073561,74.125.68.0-255,5738,405597,70,407112
16805,0.073568,172.31.40.0-255,66,405663,70,407112
16806,0.075848,74.125.68.0-255,1278,406941,70,407112
16807,0.076003,172.31.40.0-255,105,407046,70,407112
16808,0.083927,74.125.68.0-255,66,407112,70,407112
16809,0.0,74.125.68.0-255,155,155,70,329502
16810,1.4e-05,172.31.40.0-255,66,221,70,329502
16811,3.1e-05,74.125.68.0-255,1484,1705,70,329502
16812,3.5e-05,172.31.40.0-255,66,1771,70,329502
16813,4e-05,74.125.68.0-255,2902,4673,70,329502
16814,4.3e-05,172.31.40.0-255,66,4739,70,329502
16815,4.6e-05,74.125.68.0-255,1484,6223,70,329502
16816,4.8e-05,172.31.40.0-255,66,6289,70,329502
16817,7.4e-05,74.125.68.0-255,2902,9191,70,329502
16818,7.7e-05,172.31.40.0-255,66,9257,70,329502
16819,0.000103,74.125.68.0-255,4320,13577,70,329502
16820,0.000105,172.31.40.0-255,66,13643,70,329502
16821,0.000119,74.125.68.0-255,2102,15745,70,329502
16822,0.000121,172.31.40.0-255,66,15811,70,329502
16823,0.000124,74.125.68.0-255,1484,17295,70,329502
16824,0.000125,172.31.40.0-255,66,17361,70,329502
16825,0.000151,74.125.68.0-255,1484,18845,70,329502
16826,0.000154,172.31.40.0-255,66,18911,70,329502
16827,0.000165,172.31.40.0-255,66,18977,70,329502
16828,0.000172,74.125.68.0-255,5738,24715,70,329502
16829,0.000174,172.31.40.0-255,66,24781,70,329502
16830,0.000188,74.125.68.0-255,1484,26265,70,329502
16831,0.00019,172.31.40.0-255,66,26331,70,329502
16832,0.000198,74.125.68.0-255,8574,34905,70,329502
16833,0.0002,172.31.40.0-255,66,34971,70,329502
16834,0.000237,74.125.68.0-255,2184,37155,70,329502
16835,0.000239,172.31.40.0-255,66,37221,70,329502
16836,0.000243,74.125.68.0-255,2902,40123,70,329502
16837,0.000245,172.31.40.0-255,66,40189,70,329502
16838,0.00025,74.125.68.0-255,4320,44509,70,329502
16839,0.000252,172.31.40.0-255,66,44575,70,329502
16840,0.000273,74.125.68.0-255,2902,47477,70,329502
16841,0.000275,172.31.40.0-255,66,47543,70,329502
16842,0.00028,74.125.68.0-255,5738,53281,70,329502
16843,0.000282,172.31.40.0-255,66,53347,70,329502
16844,0.000304,74.125.68.0-255,1463,54810,70,329502
16845,0.000451,74.125.68.0-255,1484,56294,70,329502
16846,0.000455,172.31.40.0-255,66,56360,70,329502
16847,0.000459,74.125.68.0-255,1484,57844,70,329502
16848,0.000473,74.125.68.0-255,1484,59328,70,329502
16849,0.000475,172.31.40.0-255,66,59394,70,329502
16850,0.000478,74.125.68.0-255,1484,60878,70,329502
16851,0.000495,74.125.68.0-255,1484,62362,70,329502
16852,0.000497,172.31.40.0-255,66,62428,70,329502
16853,0.000502,74.125.68.0-255,4320,66748,70,329502
16854,0.000504,172.31.40.0-255,66,66814,70,329502
16855,0.000529,74.125.68.0-255,4320,71134,70,329502
16856,0.000532,172.31.40.0-255,66,71200,70,329502
16857,0.000551,74.125.68.0-255,4320,75520,70,329502
16858,0.000553,172.31.40.0-255,66,75586,70,329502
16859,0.000557,74.125.68.0-255,2902,78488,70,329502
16860,0.000559,172.31.40.0-255,66,78554,70,329502
16861,0.000599,74.125.68.0-255,5738,84292,70,329502
16862,0.000602,172.31.40.0-255,66,84358,70,329502
16863,0.000624,74.125.68.0-255,5020,89378,70,329502
16864,0.000627,172.31.40.0-255,66,89444,70,329502
16865,0.001444,74.125.68.0-255,1484,90928,70,329502
16866,0.001454,74.125.68.0-255,2902,93830,70,329502
16867,0.001458,172.31.40.0-255,66,93896,70,329502
16868,0.001463,74.125.68.0-255,1484,95380,70,329502
16869,0.001484,74.125.68.0-255,4320,99700,70,329502
16870,0.001487,172.31.40.0-255,66,99766,70,329502
16871,0.001492,74.125.68.0-255,2902,102668,70,329502
16872,0.001494,172.31.40.0-255,66,102734,70,329502
16873,0.001513,74.125.68.0-255,7156,109890,70,329502
16874,0.001515,172.31.40.0-255,66,109956,70,329502
16875,0.001554,172.31.40.0-255,66,110022,70,329502
16876,0.001559,74.125.68.0-255,2184,112206,70,329502
16877,0.001561,172.31.40.0-255,66,112272,70,329502
16878,0.001711,74.125.68.0-255,1484,113756,70,329502
16879,0.001717,74.125.68.0-255,2902,116658,70,329502
16880,0.001721,172.31.40.0-255,66,116724,70,329502
16881,0.001749,74.125.68.0-255,2902,119626,70,329502
16882,0.001751,172.31.40.0-255,66,119692,70,329502
16883,0.001757,74.125.68.0-255,4320,124012,70,329502
16884,0.001759,172.31.40.0-255,66,124078,70,329502
16885,0.001782,74.125.68.0-255,2902,126980,70,329502
16886,0.001784,172.31.40.0-255,66,127046,70,329502
16887,0.001801,74.125.68.0-255,5738,132784,70,329502
16888,0.001804,172.31.40.0-255,66,132850,70,329502
16889,0.00181,74.125.68.0-255,5738,138588,70,329502
16890,0.001812,172.31.40.0-255,66,138654,70,329502
16891,0.001845,74.125.68.0-255,7156,145810,70,329502
16892,0.001847,172.31.40.0-255,66,145876,70,329502
16893,0.001855,74.125.68.0-255,6438,152314,70,329502
16894,0.001856,172.31.40.0-255,66,152380,70,329502
16895,0.001886,74.125.68.0-255,7156,159536,70,329502
16896,0.001889,172.31.40.0-255,66,159602,70,329502
16897,0.001911,74.125.68.0-255,5738,165340,70,329502
16898,0.001914,172.31.40.0-255,66,165406,70,329502
16899,0.001929,74.125.68.0-255,5738,171144,70,329502
16900,0.001931,172.31.40.0-255,66,171210,70,329502
16901,0.001949,74.125.68.0-255,1484,172694,70,329502
16902,0.001979,74.125.68.0-255,7856,180550,70,329502
16903,0.001982,172.31.40.0-255,66,180616,70,329502
16904,0.001987,74.125.68.0-255,2902,183518,70,329502
16905,0.00199,172.31.40.0-255,66,183584,70,329502
16906,0.002007,74.125.68.0-255,7156,190740,70,329502
16907,0.002011,172.31.40.0-255,66,190806,70,329502
16908,0.002017,74.125.68.0-255,5738,196544,70,329502
16909,0.00202,172.31.40.0-255,66,196610,70,329502
16910,0.002026,74.125.68.0-255,5738,202348,70,329502
16911,0.002029,172.31.40.0-255,66,202414,70,329502
16912,0.002044,74.125.68.0-255,1484,203898,70,329502
16913,0.002072,74.125.68.0-255,10692,214590,70,329502
16914,0.002075,172.31.40.0-255,66,214656,70,329502
16915,0.002103,74.125.68.0-255,5738,220394,70,329502
16916,0.002106,172.31.40.0-255,66,220460,70,329502
16917,0.00213,74.125.68.0-255,5738,226198,70,329502
16918,0.002134,172.31.40.0-255,66,226264,70,329502
16919,0.002137,74.125.68.0-255,2902,229166,70,329502
16920,0.00214,172.31.40.0-255,66,229232,70,329502
16921,0.002172,74.125.68.0-255,4320,233552,70,329502
16922,0.002175,172.31.40.0-255,66,233618,70,329502
16923,0.002197,74.125.68.0-255,9992,243610,70,329502
16924,0.0022,172.31.40.0-255,66,243676,70,329502
16925,0.002236,172.31.40.0-255,66,243742,70,329502
16926,0.002269,74.125.68.0-255,2184,245926,70,329502
16927,0.002272,172.31.40.0-255,66,245992,70,329502
16928,0.002289,172.31.40.0-255,66,246058,70,329502
16929,0.002294,74.125.68.0-255,4320,250378,70,329502
16930,0.002297,172.31.40.0-255,66,250444,70,329502
16931,0.002343,172.31.40.0-255,66,250510,70,329502
16932,0.002346,74.125.68.0-255,1484,251994,70,329502
16933,0.002407,74.125.68.0-255,7156,259150,70,329502
16934,0.00241,172.31.40.0-255,66,259216,70,329502
16935,0.002445,74.125.68.0-255,5738,264954,70,329502
16936,0.002449,172.31.40.0-255,66,265020,70,329502
16937,0.002455,74.125.68.0-255,5738,270758,70,329502
16938,0.002458,172.31.40.0-255,66,270824,70,329502
16939,0.002471,172.31.40.0-255,66,270890,70,329502
16940,0.002474,74.125.68.0-255,1484,272374,70,329502
16941,0.004887,74.125.68.0-255,4320,276694,70,329502
16942,0.004895,172.31.40.0-255,66,276760,70,329502
16943,0.007322,74.125.68.0-255,5738,282498,70,329502
16944,0.007328,172.31.40.0-255,66,282564,70,329502
16945,0.009741,74.125.68.0-255,5738,288302,70,329502
16946,0.009745,172.31.40.0-255,66,288368,70,329502
16947,0.012173,74.125.68.0-255,5738,294106,70,329502
16948,0.012181,172.31.40.0-255,66,294172,70,329502
16949,0.014618,74.125.68.0-255,5738,299910,70,329502
16950,0.014626,172.31.40.0-255,66,299976,70,329502
16951,0.017067,74.125.68.0-255,5738,305714,70,329502
16952,0.017081,172.31.40.0-255,66,305780,70,329502
16953,0.019514,74.125.68.0-255,5738,311518,70,329502
16954,0.019524,172.31.40.0-255,66,311584,70,329502
16955,0.021955,74.125.68.0-255,5738,317322,70,329502
16956,0.021963,172.31.40.0-255,66,317388,70,329502
16957,0.024393,74.125.68.0-255,5738,323126,70,329502
16958,0.024401,172.31.40.0-255,66,323192,70,329502
16959,0.026822,74.125.68.0-255,471,323663,70,329502
16960,0.026946,172.31.40.0-255,66,323729,70,329502
16961,0.026987,172.31.40.0-255,105,323834,70,329502
16962,0.029356,74.125.68.0-255,66,323900,70,329502
16963,0.03185,172.31.40.0-255,172,324072,70,329502
16964,0.031875,172.31.40.0-255,1116,325188,70,329502
16965,0.031925,172.31.40.0-255,1514,326702,70,329502
16966,0.031927,172.31.40.0-255,1514,328216,70,329502
16967,0.031949,172.31.40.0-255,848,329064,70,329502
16968,0.033496,104.244.42.0-255,66,329130,70,329502
16969,0.033526,104.244.42.0-255,66,329196,70,329502
16970,0.033599,104.244.42.0-255,66,329262,70,329502
16971,0.03362,104.244.42.0-255,66,329328,70,329502
16972,0.034334,104.244.42.0-255,108,329436,70,329502
16973,0.034343,172.31.40.0-255,66,329502,70,329502
16974,0.0,172.253.118.0-255,153,153,70,395118
16975,2.4e-05,172.31.40.0-255,66,219,70,395118
16976,3.1e-05,172.253.118.0-255,1484,1703,70,395118
16977,3.7e-05,172.31.40.0-255,66,1769,70,395118
16978,4.3e-05,172.253.118.0-255,2902,4671,70,395118
16979,4.6e-05,172.31.40.0-255,66,4737,70,395118
16980,5.2e-05,172.253.118.0-255,4320,9057,70,395118
16981,5.5e-05,172.31.40.0-255,66,9123,70,395118
16982,8.4e-05,172.253.118.0-255,4924,14047,70,395118
16983,8.7e-05,172.31.40.0-255,66,14113,70,395118
16984,0.000105,172.253.118.0-255,1484,15597,70,395118
16985,0.000108,172.31.40.0-255,66,15663,70,395118
16986,0.000136,172.253.118.0-255,4320,19983,70,395118
16987,0.000138,172.31.40.0-255,66,20049,70,395118
16988,0.000146,172.253.118.0-255,7156,27205,70,395118
16989,0.000149,172.31.40.0-255,66,27271,70,395118
16990,0.000185,172.253.118.0-255,3961,31232,70,395118
16991,0.000188,172.31.40.0-255,66,31298,70,395118
16992,0.000276,172.253.118.0-255,1484,32782,70,395118
16993,0.00028,172.31.40.0-255,66,32848,70,395118
16994,0.000286,172.253.118.0-255,2902,35750,70,395118
16995,0.000288,172.31.40.0-255,66,35816,70,395118
16996,0.000294,172.253.118.0-255,4320,40136,70,395118
16997,0.000296,172.31.40.0-255,66,40202,70,395118
16998,0.000329,172.253.118.0-255,1484,41686,70,395118
16999,0.000332,172.31.40.0-255,66,41752,70,395118
17000,0.000338,172.253.118.0-255,2902,44654,70,395118
17001,0.000339,172.31.40.0-255,66,44720,70,395118
17002,0.000363,172.253.118.0-255,3961,48681,70,395118
17003,0.000366,172.31.40.0-255,66,48747,70,395118
17004,0.000394,172.253.118.0-255,1484,50231,70,395118
17005,0.000396,172.31.40.0-255,66,50297,70,395118
17006,0.000401,172.253.118.0-255,2902,53199,70,395118
17007,0.000403,172.31.40.0-255,66,53265,70,395118
17008,0.000414,172.253.118.0-255,1484,54749,70,395118
17009,0.000434,172.253.118.0-255,4320,59069,70,395118
17010,0.000437,172.31.40.0-255,66,59135,70,395118
17011,0.00044,172.253.118.0-255,1484,60619,70,395118
17012,0.000456,172.253.118.0-255,2902,63521,70,395118
17013,0.000459,172.31.40.0-255,66,63587,70,395118
17014,0.000481,172.253.118.0-255,2843,66430,70,395118
17015,0.000483,172.31.40.0-255,66,66496,70,395118
17016,0.000532,172.253.118.0-255,126,66622,70,395118
17017,0.000544,172.253.118.0-255,348,66970,70,395118
17018,0.000759,172.253.118.0-255,1484,68454,70,395118
17019,0.000764,172.31.40.0-255,66,68520,70,395118
17020,0.000769,172.253.118.0-255,2902,71422,70,395118
17021,0.000772,172.31.40.0-255,66,71488,70,395118
17022,0.000778,172.253.118.0-255,5738,77226,70,395118
17023,0.000781,172.31.40.0-255,66,77292,70,395118
17024,0.000804,172.253.118.0-255,2902,80194,70,395118
17025,0.000807,172.31.40.0-255,66,80260,70,395118
17026,0.000826,172.253.118.0-255,9992,90252,70,395118
17027,0.000829,172.31.40.0-255,66,90318,70,395118
17028,0.000849,172.253.118.0-255,10692,101010,70,395118
17029,0.000852,172.31.40.0-255,66,101076,70,395118
17030,0.001552,172.253.118.0-255,1484,102560,70,395118
17031,0.001561,172.253.118.0-255,2902,105462,70,395118
17032,0.001566,172.31.40.0-255,66,105528,70,395118
17033,0.001574,172.253.118.0-255,5738,111266,70,395118
17034,0.001576,172.31.40.0-255,66,111332,70,395118
17035,0.001611,172.31.40.0-255,66,111398,70,395118
17036,0.001646,172.253.118.0-255,1484,112882,70,395118
17037,0.001665,172.253.118.0-255,9274,122156,70,395118
17038,0.001668,172.31.40.0-255,66,122222,70,395118
17039,0.00233,172.253.118.0-255,1484,123706,70,395118
17040,0.002338,172.253.118.0-255,2902,126608,70,395118
17041,0.002343,172.31.40.0-255,66,126674,70,395118
17042,0.002348,172.253.118.0-255,2902,129576,70,395118
17043,0.00235,172.31.40.0-255,66,129642,70,395118
17044,0.002383,172.253.118.0-255,7156,136798,70,395118
17045,0.002391,172.31.40.0-255,66,136864,70,395118
17046,0.002395,172.253.118.0-255,1484,138348,70,395118
17047,0.002418,172.253.118.0-255,8574,146922,70,395118
17048,0.00242,172.31.40.0-255,66,146988,70,395118
17049,0.002467,172.253.118.0-255,9274,156262,70,395118
17050,0.00247,172.31.40.0-255,66,156328,70,395118
17051,0.002561,172.253.118.0-255,1484,157812,70,395118
17052,0.002564,172.253.118.0-255,1484,159296,70,395118
17053,0.002569,172.31.40.0-255,66,159362,70,395118
17054,0.002581,172.253.118.0-255,1484,160846,70,395118
17055,0.002584,172.253.118.0-255,1484,162330,70,395118
17056,0.002586,172.31.40.0-255,66,162396,70,395118
17057,0.002615,172.253.118.0-255,4320,166716,70,395118
17058,0.002618,172.31.40.0-255,66,166782,70,395118
17059,0.002624,172.253.118.0-255,4320,171102,70,395118
17060,0.002626,172.31.40.0-255,66,171168,70,395118
17061,0.002629,172.253.118.0-255,1484,172652,70,395118
17062,0.002651,172.253.118.0-255,9992,182644,70,395118
17063,0.002653,172.31.40.0-255,66,182710,70,395118
17064,0.002681,172.253.118.0-255,7856,190566,70,395118
17065,0.002684,172.31.40.0-255,66,190632,70,395118
17066,0.005462,172.253.118.0-255,5738,196370,70,395118
17067,0.00547,172.31.40.0-255,66,196436,70,395118
17068,0.008254,172.253.118.0-255,5738,202174,70,395118
17069,0.008263,172.31.40.0-255,66,202240,70,395118
17070,0.011046,172.253.118.0-255,5738,207978,70,395118
17071,0.011058,172.31.40.0-255,66,208044,70,395118
17072,0.013856,172.253.118.0-255,5738,213782,70,395118
17073,0.013872,172.31.40.0-255,66,213848,70,395118
17074,0.016646,172.253.118.0-255,5738,219586,70,395118
17075,0.016658,172.31.40.0-255,66,219652,70,395118
17076,0.019434,172.253.118.0-255,5738,225390,70,395118
17077,0.019451,172.31.40.0-255,66,225456,70,395118
17078,0.022221,172.253.118.0-255,5738,231194,70,395118
17079,0.022233,172.31.40.0-255,66,231260,70,395118
17080,0.025015,172.253.118.0-255,5738,236998,70,395118
17081,0.025025,172.31.40.0-255,66,237064,70,395118
17082,0.02783,172.253.118.0-255,5738,242802,70,395118
17083,0.027839,172.31.40.0-255,66,242868,70,395118
17084,0.029055,172.31.40.0-255,172,243040,70,395118
17085,0.029089,172.31.40.0-255,1114,244154,70,395118
17086,0.029156,172.31.40.0-255,1514,245668,70,395118
17087,0.029158,172.31.40.0-255,1514,247182,70,395118
17088,0.029159,172.31.40.0-255,1514,248696,70,395118
17089,0.029187,172.31.40.0-255,1514,250210,70,395118
17090,0.029193,172.31.40.0-255,642,250852,70,395118
17091,0.030614,172.253.118.0-255,5738,256590,70,395118
17092,0.030624,172.31.40.0-255,66,256656,70,395118
17093,0.030661,104.244.42.0-255,66,256722,70,395118
17094,0.030696,104.244.42.0-255,66,256788,70,395118
17095,0.030808,104.244.42.0-255,66,256854,70,395118
17096,0.030814,104.244.42.0-255,66,256920,70,395118
17097,0.031921,104.244.42.0-255,108,257028,70,395118
17098,0.031933,172.31.40.0-255,66,257094,70,395118
17099,0.03342,172.253.118.0-255,5738,262832,70,395118
17100,0.033427,172.31.40.0-255,66,262898,70,395118
17101,0.036209,172.253.118.0-255,5738,268636,70,395118
17102,0.036218,172.31.40.0-255,66,268702,70,395118
17103,0.039002,172.253.118.0-255,5738,274440,70,395118
17104,0.039011,172.31.40.0-255,66,274506,70,395118
17105,0.041781,172.253.118.0-255,5738,280244,70,395118
17106,0.041793,172.31.40.0-255,66,280310,70,395118
17107,0.044591,172.253.118.0-255,5738,286048,70,395118
17108,0.0446,172.31.40.0-255,66,286114,70,395118
17109,0.047375,172.253.118.0-255,5738,291852,70,395118
17110,0.047382,172.31.40.0-255,66,291918,70,395118
17111,0.050191,172.253.118.0-255,5738,297656,70,395118
17112,0.050199,172.31.40.0-255,66,297722,70,395118
17113,0.052965,172.253.118.0-255,5738,303460,70,395118
17114,0.052973,172.31.40.0-255,66,303526,70,395118
17115,0.055754,172.253.118.0-255,5738,309264,70,395118
17116,0.055763,172.31.40.0-255,66,309330,70,395118
17117,0.058535,172.253.118.0-255,5738,315068,70,395118
17118,0.058545,172.31.40.0-255,66,315134,70,395118
17119,0.061333,172.253.118.0-255,5738,320872,70,395118
17120,0.061341,172.31.40.0-255,66,320938,70,395118
17121,0.064108,172.253.118.0-255,5738,326676,70,395118
17122,0.064116,172.31.40.0-255,66,326742,70,395118
17123,0.066882,172.253.118.0-255,5738,332480,70,395118
17124,0.066889,172.31.40.0-255,66,332546,70,395118
17125,0.06967,172.253.118.0-255,5738,338284,70,395118
17126,0.069679,172.31.40.0-255,66,338350,70,395118
17127,0.072455,172.253.118.0-255,5738,344088,70,395118
17128,0.072463,172.31.40.0-255,66,344154,70,395118
17129,0.075235,172.253.118.0-255,5738,349892,70,395118
17130,0.075244,172.31.40.0-255,66,349958,70,395118
17131,0.078021,172.253.118.0-255,5738,355696,70,395118
17132,0.078028,172.31.40.0-255,66,355762,70,395118
17133,0.080799,172.253.118.0-255,5738,361500,70,395118
17134,0.080806,172.31.40.0-255,66,361566,70,395118
17135,0.083575,172.253.118.0-255,5738,367304,70,395118
17136,0.083583,172.31.40.0-255,66,367370,70,395118
17137,0.086362,172.253.118.0-255,5738,373108,70,395118
17138,0.086372,172.31.40.0-255,66,373174,70,395118
17139,0.089161,172.253.118.0-255,5738,378912,70,395118
17140,0.089172,172.31.40.0-255,66,378978,70,395118
17141,0.09195,172.253.118.0-255,5738,384716,70,395118
17142,0.091959,172.31.40.0-255,66,384782,70,395118
17143,0.094744,172.253.118.0-255,5738,390520,70,395118
17144,0.094753,172.31.40.0-255,66,390586,70,395118
17145,0.097526,172.253.118.0-255,4361,394947,70,395118
17146,0.097536,172.31.40.0-255,66,395013,70,395118
17147,0.098126,172.31.40.0-255,105,395118,70,395118
17148,0.0,74.125.130.0-255,146,146,70,406215
17149,2.5e-05,172.31.40.0-255,66,212,70,406215
17150,3.1e-05,74.125.130.0-255,1484,1696,70,406215
17151,3.6e-05,172.31.40.0-255,66,1762,70,406215
17152,6.7e-05,74.125.130.0-255,2902,4664,70,406215
17153,7e-05,172.31.40.0-255,66,4730,70,406215
17154,8.2e-05,74.125.130.0-255,2902,7632,70,406215
17155,8.5e-05,172.31.40.0-255,66,7698,70,406215
17156,0.000102,74.125.130.0-255,2902,10600,70,406215
17157,0.000105,172.31.40.0-255,66,10666,70,406215
17158,0.000136,74.125.130.0-255,3520,14186,70,406215
17159,0.000139,172.31.40.0-255,66,14252,70,406215
17160,0.000369,74.125.130.0-255,1484,15736,70,406215
17161,0.000374,172.31.40.0-255,66,15802,70,406215
17162,0.000386,74.125.130.0-255,1484,17286,70,406215
17163,0.000388,172.31.40.0-255,66,17352,70,406215
17164,0.000406,74.125.130.0-255,2902,20254,70,406215
17165,0.000409,172.31.40.0-255,66,20320,70,406215
17166,0.000427,74.125.130.0-255,5738,26058,70,406215
17167,0.000429,172.31.40.0-255,66,26124,70,406215
17168,0.000434,74.125.130.0-255,4320,30444,70,406215
17169,0.000437,172.31.40.0-255,66,30510,70,406215
17170,0.000465,74.125.130.0-255,1484,31994,70,406215
17171,0.000468,172.31.40.0-255,66,32060,70,406215
17172,0.000495,74.125.130.0-255,3961,36021,70,406215
17173,0.000498,172.31.40.0-255,66,36087,70,406215
17174,0.000502,74.125.130.0-255,2902,38989,70,406215
17175,0.000503,172.31.40.0-255,66,39055,70,406215
17176,0.000508,74.125.130.0-255,4320,43375,70,406215
17177,0.00051,172.31.40.0-255,66,43441,70,406215
17178,0.00053,74.125.130.0-255,2902,46343,70,406215
17179,0.000533,172.31.40.0-255,66,46409,70,406215
17180,0.000547,74.125.130.0-255,2902,49311,70,406215
17181,0.000549,172.31.40.0-255,66,49377,70,406215
17182,0.000562,74.125.130.0-255,2902,52279,70,406215
17183,0.000564,172.31.40.0-255,66,52345,70,406215
17184,0.000568,74.125.130.0-255,2902,55247,70,406215
17185,0.00057,172.31.40.0-255,66,55313,70,406215
17186,0.000601,74.125.130.0-255,10692,66005,70,406215
17187,0.000604,172.31.40.0-255,66,66071,70,406215
17188,0.00064,74.125.130.0-255,341,66412,70,406215
17189,0.000843,74.125.130.0-255,401,66813,70,406215
17190,0.000953,74.125.130.0-255,1484,68297,70,406215
17191,0.000958,172.31.40.0-255,66,68363,70,406215
17192,0.000964,74.125.130.0-255,2902,71265,70,406215
17193,0.000966,172.31.40.0-255,66,71331,70,406215
17194,0.000991,74.125.130.0-255,4320,75651,70,406215
17195,0.000993,172.31.40.0-255,66,75717,70,406215
17196,0.001017,74.125.130.0-255,4320,80037,70,406215
17197,0.001019,172.31.40.0-255,66,80103,70,406215
17198,0.001035,74.125.130.0-255,1484,81587,70,406215
17199,0.001041,74.125.130.0-255,4320,85907,70,406215
17200,0.001043,172.31.40.0-255,66,85973,70,406215
17201,0.001063,74.125.130.0-255,2902,88875,70,406215
17202,0.001065,172.31.40.0-255,66,88941,70,406215
17203,0.001073,74.125.130.0-255,5738,94679,70,406215
17204,0.001075,172.31.40.0-255,66,94745,70,406215
17205,0.00109,74.125.130.0-255,2902,97647,70,406215
17206,0.001093,172.31.40.0-255,66,97713,70,406215
17207,0.001098,74.125.130.0-255,3602,101315,70,406215
17208,0.0011,172.31.40.0-255,66,101381,70,406215
17209,0.001187,74.125.130.0-255,1484,102865,70,406215
17210,0.001206,74.125.130.0-255,2902,105767,70,406215
17211,0.001209,172.31.40.0-255,66,105833,70,406215
17212,0.001214,74.125.130.0-255,2902,108735,70,406215
17213,0.001216,172.31.40.0-255,66,108801,70,406215
17214,0.001234,74.125.130.0-255,2902,111703,70,406215
17215,0.001236,172.31.40.0-255,66,111769,70,406215
17216,0.001243,74.125.130.0-255,5738,117507,70,406215
17217,0.001245,172.31.40.0-255,66,117573,70,406215
17218,0.001261,74.125.130.0-255,2902,120475,70,406215
17219,0.001263,172.31.40.0-255,66,120541,70,406215
17220,0.001268,74.125.130.0-255,2902,123443,70,406215
17221,0.00127,172.31.40.0-255,66,123509,70,406215
17222,0.001301,74.125.130.0-255,7156,130665,70,406215
17223,0.001304,172.31.40.0-255,66,130731,70,406215
17224,0.00131,74.125.130.0-255,5020,135751,70,406215
17225,0.001313,172.31.40.0-255,66,135817,70,406215
17226,0.001352,74.125.130.0-255,1484,137301,70,406215
17227,0.001371,74.125.130.0-255,2902,140203,70,406215
17228,0.001374,172.31.40.0-255,66,140269,70,406215
17229,0.001396,74.125.130.0-255,5738,146007,70,406215
17230,0.0014,172.31.40.0-255,66,146073,70,406215
17231,0.001407,74.125.130.0-255,5738,151811,70,406215
17232,0.001409,172.31.40.0-255,66,151877,70,406215
17233,0.00142,74.125.130.0-255,1484,153361,70,406215
17234,0.001484,74.125.130.0-255,8574,161935,70,406215
17235,0.001488,172.31.40.0-255,66,162001,70,406215
17236,0.001509,74.125.130.0-255,4320,166321,70,406215
17237,0.001512,172.31.40.0-255,66,166387,70,406215
17238,0.001517,74.125.130.0-255,3602,169989,70,406215
17239,0.00152,172.31.40.0-255,66,170055,70,406215
17240,0.001724,74.125.130.0-255,1484,171539,70,406215
17241,0.00174,74.125.130.0-255,2902,174441,70,406215
17242,0.001743,172.31.40.0-255,66,174507,70,406215
17243,0.001748,74.125.130.0-255,2902,177409,70,406215
17244,0.00175,172.31.40.0-255,66,177475,70,406215
17245,0.001763,74.125.130.0-255,1484,178959,70,406215
17246,0.001786,74.125.130.0-255,7156,186115,70,406215
17247,0.001788,172.31.40.0-255,66,186181,70,406215
17248,0.001803,74.125.130.0-255,1484,187665,70,406215
17249,0.001807,74.125.130.0-255,2902,190567,70,406215
17250,0.001809,172.31.40.0-255,66,190633,70,406215
17251,0.001827,74.125.130.0-255,1484,192117,70,406215
17252,0.001837,74.125.130.0-255,1484,193601,70,406215
17253,0.001841,172.31.40.0-255,66,193667,70,406215
17254,0.001876,74.125.130.0-255,9992,203659,70,406215
17255,0.001879,172.31.40.0-255,66,203725,70,406215
17256,0.001882,74.125.130.0-255,766,204491,70,406215
17257,0.002571,172.31.40.0-255,66,204557,70,406215
17258,0.003934,74.125.130.0-255,4320,208877,70,406215
17259,0.00394,172.31.40.0-255,66,208943,70,406215
17260,0.00461,74.125.130.0-255,1484,210427,70,406215
17261,0.005989,74.125.130.0-255,4320,214747,70,406215
17262,0.005994,172.31.40.0-255,66,214813,70,406215
17263,0.008056,74.125.130.0-255,5738,220551,70,406215
17264,0.008063,172.31.40.0-255,66,220617,70,406215
17265,0.010129,74.125.130.0-255,5738,226355,70,406215
17266,0.010136,172.31.40.0-255,66,226421,70,406215
17267,0.012204,74.125.130.0-255,5738,232159,70,406215
17268,0.012211,172.31.40.0-255,66,232225,70,406215
17269,0.014271,74.125.130.0-255,5738,237963,70,406215
17270,0.014277,172.31.40.0-255,66,238029,70,406215
17271,0.016334,74.125.130.0-255,5738,243767,70,406215
17272,0.016341,172.31.40.0-255,66,243833,70,406215
17273,0.018398,74.125.130.0-255,5738,249571,70,406215
17274,0.018406,172.31.40.0-255,66,249637,70,406215
17275,0.020467,74.125.130.0-255,4320,253957,70,406215
17276,0.020474,172.31.40.0-255,66,254023,70,406215
17277,0.020493,74.125.130.0-255,1484,255507,70,406215
17278,0.022522,74.125.130.0-255,4320,259827,70,406215
17279,0.022533,172.31.40.0-255,66,259893,70,406215
17280,0.024584,74.125.130.0-255,5738,265631,70,406215
17281,0.024591,172.31.40.0-255,66,265697,70,406215
17282,0.026658,74.125.130.0-255,5738,271435,70,406215
17283,0.026667,172.31.40.0-255,66,271501,70,406215
17284,0.028729,74.125.130.0-255,5738,277239,70,406215
17285,0.028738,172.31.40.0-255,66,277305,70,406215
17286,0.030797,74.125.130.0-255,5738,283043,70,406215
17287,0.030809,172.31.40.0-255,66,283109,70,406215
17288,0.032875,74.125.130.0-255,5738,288847,70,406215
17289,0.032883,172.31.40.0-255,66,288913,70,406215
17290,0.034937,74.125.130.0-255,5738,294651,70,406215
17291,0.034944,172.31.40.0-255,66,294717,70,406215
17292,0.037002,74.125.130.0-255,5738,300455,70,406215
17293,0.037009,172.31.40.0-255,66,300521,70,406215
17294,0.03745,172.31.40.0-255,219,300740,70,406215
17295,0.037477,172.31.40.0-255,1140,301880,70,406215
17296,0.03754,172.31.40.0-255,1514,303394,70,406215
17297,0.037542,172.31.40.0-255,1514,304908,70,406215
17298,0.037567,172.31.40.0-255,822,305730,70,406215
17299,0.03903,104.244.42.0-255,66,305796,70,406215
17300,0.039038,104.244.42.0-255,66,305862,70,406215
17301,0.039055,74.125.130.0-255,2902,308764,70,406215
17302,0.039059,172.31.40.0-255,66,308830,70,406215
17303,0.039078,74.125.130.0-255,2902,311732,70,406215
17304,0.03908,172.31.40.0-255,66,311798,70,406215
17305,0.03912,104.244.42.0-255,66,311864,70,406215
17306,0.039125,104.244.42.0-255,66,311930,70,406215
17307,0.041119,74.125.130.0-255,4320,316250,70,406215
17308,0.041125,172.31.40.0-255,66,316316,70,406215
17309,0.041139,74.125.130.0-255,1484,317800,70,406215
17310,0.043187,74.125.130.0-255,4320,322120,70,406215
17311,0.043193,172.31.40.0-255,66,322186,70,406215
17312,0.045247,74.125.130.0-255,5738,327924,70,406215
17313,0.045253,172.31.40.0-255,66,327990,70,406215
17314,0.047315,74.125.130.0-255,5738,333728,70,406215
17315,0.047321,172.31.40.0-255,66,333794,70,406215
17316,0.049382,74.125.130.0-255,5738,339532,70,406215
17317,0.049388,172.31.40.0-255,66,339598,70,406215
17318,0.051488,74.125.130.0-255,5738,345336,70,406215
17319,0.051495,172.31.40.0-255,66,345402,70,406215
17320,0.053559,74.125.130.0-255,5738,351140,70,406215
17321,0.053565,172.31.40.0-255,66,351206,70,406215
17322,0.055627,74.125.130.0-255,5738,356944,70,406215
17323,0.055634,172.31.40.0-255,66,357010,70,406215
17324,0.057696,74.125.130.0-255,5738,362748,70,406215
17325,0.057704,172.31.40.0-255,66,362814,70,406215
17326,0.059759,74.125.130.0-255,5738,368552,70,406215
17327,0.059766,172.31.40.0-255,66,368618,70,406215
17328,0.061879,74.125.130.0-255,5738,374356,70,406215
17329,0.061888,172.31.40.0-255,66,374422,70,406215
17330,0.063962,74.125.130.0-255,5738,380160,70,406215
17331,0.063967,172.31.40.0-255,66,380226,70,406215
17332,0.066026,74.125.130.0-255,5738,385964,70,406215
17333,0.066031,172.31.40.0-255,66,386030,70,406215
17334,0.068101,74.125.130.0-255,5738,391768,70,406215
17335,0.068108,172.31.40.0-255,66,391834,70,406215
17336,0.070186,74.125.130.0-255,5738,397572,70,406215
17337,0.070192,172.31.40.0-255,66,397638,70,406215
17338,0.07225,74.125.130.0-255,5738,403376,70,406215
17339,0.072259,172.31.40.0-255,66,403442,70,406215
17340,0.074311,74.125.130.0-255,2536,405978,70,406215
17341,0.074317,172.31.40.0-255,66,406044,70,406215
17342,0.074539,172.31.40.0-255,105,406149,70,406215
17343,0.076574,74.125.130.0-255,66,406215,70,406215
17344,0.0,74.125.24.0-255,296,296,70,407837
17345,2.3e-05,172.31.40.0-255,66,362,70,407837
17346,2.9e-05,74.125.24.0-255,1484,1846,70,407837
17347,3.3e-05,172.31.40.0-255,66,1912,70,407837
17348,4e-05,74.125.24.0-255,2902,4814,70,407837
17349,4.3e-05,172.31.40.0-255,66,4880,70,407837
17350,4.9e-05,74.125.24.0-255,5738,10618,70,407837
17351,5.1e-05,172.31.40.0-255,66,10684,70,407837
17352,8.9e-05,74.125.24.0-255,3285,13969,70,407837
17353,9.2e-05,172.31.40.0-255,66,14035,70,407837
17354,0.000209,74.125.24.0-255,1484,15519,70,407837
17355,0.000214,172.31.40.0-255,66,15585,70,407837
17356,0.000233,74.125.24.0-255,1484,17069,70,407837
17357,0.000235,172.31.40.0-255,66,17135,70,407837
17358,0.000251,74.125.24.0-255,1484,18619,70,407837
17359,0.000253,172.31.40.0-255,66,18685,70,407837
17360,0.000261,74.125.24.0-255,5738,24423,70,407837
17361,0.000263,172.31.40.0-255,66,24489,70,407837
17362,0.000302,74.125.24.0-255,6797,31286,70,407837
17363,0.000305,172.31.40.0-255,66,31352,70,407837
17364,0.000313,74.125.24.0-255,7156,38508,70,407837
17365,0.000315,172.31.40.0-255,66,38574,70,407837
17366,0.000343,74.125.24.0-255,8574,47148,70,407837
17367,0.000345,172.31.40.0-255,66,47214,70,407837
17368,0.000375,74.125.24.0-255,1125,48339,70,407837
17369,0.000378,172.31.40.0-255,66,48405,70,407837
17370,0.001053,74.125.24.0-255,1484,49889,70,407837
17371,0.001058,172.31.40.0-255,66,49955,70,407837
17372,0.001066,74.125.24.0-255,2902,52857,70,407837
17373,0.001067,172.31.40.0-255,66,52923,70,407837
17374,0.001072,74.125.24.0-255,4320,57243,70,407837
17375,0.001074,172.31.40.0-255,66,57309,70,407837
17376,0.001086,74.125.24.0-255,1484,58793,70,407837
17377,0.00109,74.125.24.0-255,1484,60277,70,407837
17378,0.001092,172.31.40.0-255,66,60343,70,407837
17379,0.00111,74.125.24.0-255,4320,64663,70,407837
17380,0.001112,172.31.40.0-255,66,64729,70,407837
17381,0.001137,74.125.24.0-255,9633,74362,70,407837
17382,0.001139,172.31.40.0-255,66,74428,70,407837
17383,0.001147,74.125.24.0-255,8215,82643,70,407837
17384,0.001148,172.31.40.0-255,66,82709,70,407837
17385,0.001189,74.125.24.0-255,4320,87029,70,407837
17386,0.001191,172.31.40.0-255,66,87095,70,407837
17387,0.001214,74.125.24.0-255,4320,91415,70,407837
17388,0.001216,172.31.40.0-255,66,91481,70,407837
17389,0.001222,74.125.24.0-255,5738,97219,70,407837
17390,0.001224,172.31.40.0-255,66,97285,70,407837
17391,0.001238,74.125.24.0-255,1484,98769,70,407837
17392,0.001259,74.125.24.0-255,1704,100473,70,407837
17393,0.00126,172.31.40.0-255,66,100539,70,407837
17394,0.001422,74.125.24.0-255,1484,102023,70,407837
17395,0.001427,74.125.24.0-255,1484,103507,70,407837
17396,0.00143,172.31.40.0-255,66,103573,70,407837
17397,0.00145,74.125.24.0-255,1484,105057,70,407837
17398,0.001456,74.125.24.0-255,4320,109377,70,407837
17399,0.001459,172.31.40.0-255,66,109443,70,407837
17400,0.001496,74.125.24.0-255,4320,113763,70,407837
17401,0.001499,172.31.40.0-255,66,113829,70,407837
17402,0.001518,74.125.24.0-255,3298,117127,70,407837
17403,0.00152,172.31.40.0-255,66,117193,70,407837
17404,0.001784,74.125.24.0-255,212,117405,70,407837
17405,0.002114,74.125.24.0-255,1484,118889,70,407837
17406,0.00212,172.31.40.0-255,66,118955,70,407837
17407,0.002126,74.125.24.0-255,2902,121857,70,407837
17408,0.002128,172.31.40.0-255,66,121923,70,407837
17409,0.002132,74.125.24.0-255,1484,123407,70,407837
17410,0.00215,74.125.24.0-255,4320,127727,70,407837
17411,0.002152,172.31.40.0-255,66,127793,70,407837
17412,0.002159,74.125.24.0-255,5738,133531,70,407837
17413,0.002161,172.31.40.0-255,66,133597,70,407837
17414,0.002165,74.125.24.0-255,2902,136499,70,407837
17415,0.002169,172.31.40.0-255,66,136565,70,407837
17416,0.002183,74.125.24.0-255,4320,140885,70,407837
17417,0.002186,172.31.40.0-255,66,140951,70,407837
17418,0.002192,74.125.24.0-255,4320,145271,70,407837
17419,0.002195,172.31.40.0-255,66,145337,70,407837
17420,0.004309,74.125.24.0-255,1484,146821,70,407837
17421,0.004351,74.125.24.0-255,4320,151141,70,407837
17422,0.004354,172.31.40.0-255,66,151207,70,407837
17423,0.00649,74.125.24.0-255,5738,156945,70,407837
17424,0.006499,172.31.40.0-255,66,157011,70,407837
17425,0.008642,74.125.24.0-255,5738,162749,70,407837
17426,0.008647,172.31.40.0-255,66,162815,70,407837
17427,0.010804,74.125.24.0-255,5738,168553,70,407837
17428,0.01081,172.31.40.0-255,66,168619,70,407837
17429,0.012952,74.125.24.0-255,5738,174357,70,407837
17430,0.01296,172.31.40.0-255,66,174423,70,407837
17431,0.01512,74.125.24.0-255,5738,180161,70,407837
17432,0.01513,172.31.40.0-255,66,180227,70,407837
17433,0.017244,74.125.24.0-255,4320,184547,70,407837
17434,0.017252,172.31.40.0-255,66,184613,70,407837
17435,0.01727,74.125.24.0-255,1484,186097,70,407837
17436,0.019369,74.125.24.0-255,4320,190417,70,407837
17437,0.019378,172.31.40.0-255,66,190483,70,407837
17438,0.02151,74.125.24.0-255,5738,196221,70,407837
17439,0.021516,172.31.40.0-255,66,196287,70,407837
17440,0.02367,74.125.24.0-255,5738,202025,70,407837
17441,0.023676,172.31.40.0-255,66,202091,70,407837
17442,0.025818,74.125.24.0-255,5738,207829,70,407837
17443,0.025825,172.31.40.0-255,66,207895,70,407837
17444,0.027965,74.125.24.0-255,5738,213633,70,407837
17445,0.027972,172.31.40.0-255,66,213699,70,407837
17446,0.029788,172.31.40.0-255,199,213898,70,407837
17447,0.029817,172.31.40.0-255,1116,215014,70,407837
17448,0.029866,172.31.40.0-255,1514,216528,70,407837
17449,0.029868,172.31.40.0-255,1514,218042,70,407837
17450,0.029891,172.31.40.0-255,846,218888,70,407837
17451,0.030118,74.125.24.0-255,4320,223208,70,407837
17452,0.030124,172.31.40.0-255,66,223274,70,407837
17453,0.030136,74.125.24.0-255,1484,224758,70,407837
17454,0.031444,104.244.42.0-255,66,224824,70,407837
17455,0.03163,104.244.42.0-255,66,224890,70,407837
17456,0.031647,104.244.42.0-255,66,224956,70,407837
17457,0.031669,104.244.42.0-255,66,225022,70,407837
17458,0.032283,74.125.24.0-255,4320,229342,70,407837
17459,0.032288,172.31.40.0-255,66,229408,70,407837
17460,0.032888,104.244.42.0-255,108,229516,70,407837
17461,0.032896,172.31.40.0-255,66,229582,70,407837
17462,0.034431,74.125.24.0-255,5738,235320,70,407837
17463,0.034436,172.31.40.0-255,66,235386,70,407837
17464,0.036591,74.125.24.0-255,5738,241124,70,407837
17465,0.036597,172.31.40.0-255,66,241190,70,407837
17466,0.038738,74.125.24.0-255,5738,246928,70,407837
17467,0.038749,172.31.40.0-255,66,246994,70,407837
17468,0.040917,74.125.24.0-255,5738,252732,70,407837
17469,0.040924,172.31.40.0-255,66,252798,70,407837
17470,0.043078,74.125.24.0-255,5738,258536,70,407837
17471,0.043083,172.31.40.0-255,66,258602,70,407837
17472,0.045228,74.125.24.0-255,5738,264340,70,407837
17473,0.045235,172.31.40.0-255,66,264406,70,407837
17474,0.047364,74.125.24.0-255,5738,270144,70,407837
17475,0.047371,172.31.40.0-255,66,270210,70,407837
17476,0.049514,74.125.24.0-255,5738,275948,70,407837
17477,0.049521,172.31.40.0-255,66,276014,70,407837
17478,0.051681,74.125.24.0-255,5738,281752,70,407837
17479,0.051686,172.31.40.0-255,66,281818,70,407837
17480,0.053824,74.125.24.0-255,2902,284720,70,407837
17481,0.05383,172.31.40.0-255,66,284786,70,407837
17482,0.053846,74.125.24.0-255,2902,287688,70,407837
17483,0.053849,172.31.40.0-255,66,287754,70,407837
17484,0.055963,74.125.24.0-255,2902,290656,70,407837
17485,0.055969,172.31.40.0-255,66,290722,70,407837
17486,0.056005,74.125.24.0-255,2902,293624,70,407837
17487,0.056008,172.31.40.0-255,66,293690,70,407837
17488,0.058146,74.125.24.0-255,4320,298010,70,407837
17489,0.058153,172.31.40.0-255,66,298076,70,407837
17490,0.058169,74.125.24.0-255,1484,299560,70,407837
17491,0.060344,74.125.24.0-255,4320,303880,70,407837
17492,0.060351,172.31.40.0-255,66,303946,70,407837
17493,0.062477,74.125.24.0-255,5738,309684,70,407837
17494,0.062483,172.31.40.0-255,66,309750,70,407837
17495,0.064647,74.125.24.0-255,5738,315488,70,407837
17496,0.064654,172.31.40.0-255,66,315554,70,407837
17497,0.066788,74.125.24.0-255,5738,321292,70,407837
17498,0.066794,172.31.40.0-255,66,321358,70,407837
17499,0.068917,74.125.24.0-255,5738,327096,70,407837
17500,0.068923,172.31.40.0-255,66,327162,70,407837
17501,0.071078,74.125.24.0-255,5738,332900,70,407837
17502,0.071085,172.31.40.0-255,66,332966,70,407837
17503,0.07322,74.125.24.0-255,5738,338704,70,407837
17504,0.073225,172.31.40.0-255,66,338770,70,407837
17505,0.075338,74.125.24.0-255,2902,341672,70,407837
17506,0.075345,172.31.40.0-255,66,341738,70,407837
17507,0.075365,74.125.24.0-255,2902,344640,70,407837
17508,0.075368,172.31.40.0-255,66,344706,70,407837
17509,0.07748,74.125.24.0-255,2902,347608,70,407837
17510,0.077487,172.31.40.0-255,66,347674,70,407837
17511,0.077527,74.125.24.0-255,2902,350576,70,407837
17512,0.07753,172.31.40.0-255,66,350642,70,407837
17513,0.079698,74.125.24.0-255,1484,352126,70,407837
17514,0.079732,74.125.24.0-255,4320,356446,70,407837
17515,0.079738,172.31.40.0-255,66,356512,70,407837
17516,0.081918,74.125.24.0-255,5738,362250,70,407837
17517,0.081925,172.31.40.0-255,66,362316,70,407837
17518,0.084062,74.125.24.0-255,5738,368054,70,407837
17519,0.084071,172.31.40.0-255,66,368120,70,407837
17520,0.086261,74.125.24.0-255,5738,373858,70,407837
17521,0.086267,172.31.40.0-255,66,373924,70,407837
17522,0.0884,74.125.24.0-255,5738,379662,70,407837
17523,0.088407,172.31.40.0-255,66,379728,70,407837
17524,0.090569,74.125.24.0-255,5738,385466,70,407837
17525,0.090576,172.31.40.0-255,66,385532,70,407837
17526,0.092743,74.125.24.0-255,5738,391270,70,407837
17527,0.092749,172.31.40.0-255,66,391336,70,407837
17528,0.094909,74.125.24.0-255,5738,397074,70,407837
17529,0.094915,172.31.40.0-255,66,397140,70,407837
17530,0.097063,74.125.24.0-255,5738,402878,70,407837
17531,0.09707,172.31.40.0-255,66,402944,70,407837
17532,0.099262,74.125.24.0-255,4722,407666,70,407837
17533,0.099269,172.31.40.0-255,66,407732,70,407837
17534,0.099453,172.31.40.0-255,105,407837,70,407837
17535,0.0,172.217.194.0-255,152,152,70,369386
17536,1.7e-05,172.31.40.0-255,66,218,70,369386
17537,2.4e-05,172.217.194.0-255,1484,1702,70,369386
17538,2.8e-05,172.31.40.0-255,66,1768,70,369386
17539,3.2e-05,172.217.194.0-255,1484,3252,70,369386
17540,3.4e-05,172.31.40.0-255,66,3318,70,369386
17541,6.1e-05,172.217.194.0-255,1484,4802,70,369386
17542,6.4e-05,172.31.40.0-255,66,4868,70,369386
17543,7.3e-05,172.217.194.0-255,7156,12024,70,369386
17544,7.6e-05,172.31.40.0-255,66,12090,70,369386
17545,8e-05,172.217.194.0-255,2064,14154,70,369386
17546,8.2e-05,172.31.40.0-255,66,14220,70,369386
17547,0.000137,172.217.194.0-255,8574,22794,70,369386
17548,0.00014,172.31.40.0-255,66,22860,70,369386
17549,0.00016,172.217.194.0-255,1484,24344,70,369386
17550,0.000162,172.31.40.0-255,66,24410,70,369386
17551,0.000178,172.217.194.0-255,4320,28730,70,369386
17552,0.00018,172.31.40.0-255,66,28796,70,369386
17553,0.000197,172.217.194.0-255,2543,31339,70,369386
17554,0.0002,172.31.40.0-255,66,31405,70,369386
17555,0.000331,172.217.194.0-255,1484,32889,70,369386
17556,0.000335,172.31.40.0-255,66,32955,70,369386
17557,0.000378,172.217.194.0-255,1484,34439,70,369386
17558,0.000381,172.31.40.0-255,66,34505,70,369386
17559,0.000385,172.217.194.0-255,1484,35989,70,369386
17560,0.000387,172.31.40.0-255,66,36055,70,369386
17561,0.000402,172.217.194.0-255,1484,37539,70,369386
17562,0.000404,172.31.40.0-255,66,37605,70,369386
17563,0.000411,172.217.194.0-255,5738,43343,70,369386
17564,0.000413,172.31.40.0-255,66,43409,70,369386
17565,0.000445,172.217.194.0-255,5379,48788,70,369386
17566,0.000448,172.31.40.0-255,66,48854,70,369386
17567,0.000451,172.217.194.0-255,1484,50338,70,369386
17568,0.000473,172.217.194.0-255,4320,54658,70,369386
17569,0.000476,172.31.40.0-255,66,54724,70,369386
17570,0.000482,172.217.194.0-255,4320,59044,70,369386
17571,0.000484,172.31.40.0-255,66,59110,70,369386
17572,0.000499,172.217.194.0-255,2902,62012,70,369386
17573,0.000502,172.31.40.0-255,66,62078,70,369386
17574,0.000533,172.217.194.0-255,4251,66329,70,369386
17575,0.000536,172.31.40.0-255,66,66395,70,369386
17576,0.000987,172.217.194.0-255,365,66760,70,369386
17577,0.001052,172.31.40.0-255,66,66826,70,369386
17578,0.001399,172.217.194.0-255,1484,68310,70,369386
17579,0.00141,172.217.194.0-255,2902,71212,70,369386
17580,0.001414,172.31.40.0-255,66,71278,70,369386
17581,0.001441,172.217.194.0-255,5738,77016,70,369386
17582,0.001444,172.31.40.0-255,66,77082,70,369386
17583,0.001449,172.217.194.0-255,2902,79984,70,369386
17584,0.001451,172.31.40.0-255,66,80050,70,369386
17585,0.00147,172.217.194.0-255,5738,85788,70,369386
17586,0.001473,172.31.40.0-255,66,85854,70,369386
17587,0.001503,172.217.194.0-255,5738,91592,70,369386
17588,0.001506,172.31.40.0-255,66,91658,70,369386
17589,0.001525,172.217.194.0-255,9274,100932,70,369386
17590,0.001527,172.31.40.0-255,66,100998,70,369386
17591,0.001608,172.217.194.0-255,1484,102482,70,369386
17592,0.001622,172.217.194.0-255,2902,105384,70,369386
17593,0.001626,172.31.40.0-255,66,105450,70,369386
17594,0.001648,172.217.194.0-255,5738,111188,70,369386
17595,0.00165,172.31.40.0-255,66,111254,70,369386
17596,0.001674,172.217.194.0-255,7156,118410,70,369386
17597,0.001677,172.31.40.0-255,66,118476,70,369386
17598,0.001731,172.31.40.0-255,66,118542,70,369386
17599,0.001782,172.31.40.0-255,66,118608,70,369386
17600,0.001796,172.31.40.0-255,66,118674,70,369386
17601,0.00182,172.217.194.0-255,1484,120158,70,369386
17602,0.001839,172.217.194.0-255,2902,123060,70,369386
17603,0.001842,172.31.40.0-255,66,123126,70,369386
17604,0.001847,172.217.194.0-255,2902,126028,70,369386
17605,0.001849,172.31.40.0-255,66,126094,70,369386
17606,0.001909,172.217.194.0-255,4320,130414,70,369386
17607,0.001913,172.31.40.0-255,66,130480,70,369386
17608,0.001941,172.217.194.0-255,3602,134082,70,369386
17609,0.001944,172.31.40.0-255,66,134148,70,369386
17610,0.001952,172.217.194.0-255,8574,142722,70,369386
17611,0.001956,172.217.194.0-255,1484,144206,70,369386
17612,0.001979,172.217.194.0-255,2902,147108,70,369386
17613,0.001985,172.217.194.0-255,5738,152846,70,369386
17614,0.001998,172.217.194.0-255,2902,155748,70,369386
17615,0.002031,172.217.194.0-255,7156,162904,70,369386
17616,0.002049,172.217.194.0-255,2902,165806,70,369386
17617,0.002052,172.217.194.0-255,766,166572,70,369386
17618,0.002083,172.217.194.0-255,1484,168056,70,369386
17619,0.002086,172.217.194.0-255,1484,169540,70,369386
17620,0.002115,172.217.194.0-255,2902,172442,70,369386
17621,0.002121,172.217.194.0-255,4320,176762,70,369386
17622,0.002137,172.217.194.0-255,2902,179664,70,369386
17623,0.002171,172.217.194.0-255,7156,186820,70,369386
17624,0.002188,172.217.194.0-255,4320,191140,70,369386
17625,0.002209,172.217.194.0-255,4320,195460,70,369386
17626,0.002231,172.217.194.0-255,5020,200480,70,369386
17627,0.002237,172.217.194.0-255,4320,204800,70,369386
17628,0.002254,172.217.194.0-255,5738,210538,70,369386
17629,0.002282,172.217.194.0-255,8574,219112,70,369386
17630,0.002316,172.217.194.0-255,7156,226268,70,369386
17631,0.002342,172.217.194.0-255,7856,234124,70,369386
17632,0.002345,172.217.194.0-255,1484,235608,70,369386
17633,0.002358,172.217.194.0-255,5738,241346,70,369386
17634,0.002368,172.217.194.0-255,1484,242830,70,369386
17635,0.003912,172.31.40.0-255,66,242896,70,369386
17636,0.006277,172.217.194.0-255,5738,248634,70,369386
17637,0.006283,172.31.40.0-255,66,248700,70,369386
17638,0.008587,172.217.194.0-255,4320,253020,70,369386
17639,0.008591,172.31.40.0-255,66,253086,70,369386
17640,0.008604,172.217.194.0-255,1484,254570,70,369386
17641,0.010934,172.217.194.0-255,4320,258890,70,369386
17642,0.010942,172.31.40.0-255,66,258956,70,369386
17643,0.013307,172.217.194.0-255,5738,264694,70,369386
17644,0.013316,172.31.40.0-255,66,264760,70,369386
17645,0.015664,172.217.194.0-255,5738,270498,70,369386
17646,0.015674,172.31.40.0-255,66,270564,70,369386
17647,0.018025,172.217.194.0-255,5738,276302,70,369386
17648,0.018033,172.31.40.0-255,66,276368,70,369386
17649,0.02037,172.217.194.0-255,5738,282106,70,369386
17650,0.020379,172.31.40.0-255,66,282172,70,369386
17651,0.022712,172.217.194.0-255,5738,287910,70,369386
17652,0.022723,172.31.40.0-255,66,287976,70,369386
17653,0.025044,172.217.194.0-255,5738,293714,70,369386
17654,0.02505,172.31.40.0-255,66,293780,70,369386
17655,0.027376,172.217.194.0-255,5738,299518,70,369386
17656,0.027383,172.31.40.0-255,66,299584,70,369386
17657,0.029718,172.217.194.0-255,5738,305322,70,369386
17658,0.029725,172.31.40.0-255,66,305388,70,369386
17659,0.030864,172.31.40.0-255,172,305560,70,369386
17660,0.030898,172.31.40.0-255,1116,306676,70,369386
17661,0.030958,172.31.40.0-255,1514,308190,70,369386
17662,0.03096,172.31.40.0-255,1514,309704,70,369386
17663,0.030989,172.31.40.0-255,846,310550,70,369386
17664,0.032061,172.217.194.0-255,5738,316288,70,369386
17665,0.032067,172.31.40.0-255,66,316354,70,369386
17666,0.032379,104.244.42.0-255,66,316420,70,369386
17667,0.032411,104.244.42.0-255,66,316486,70,369386
17668,0.032485,104.244.42.0-255,66,316552,70,369386
17669,0.03255,104.244.42.0-255,66,316618,70,369386
17670,0.034404,172.217.194.0-255,5738,322356,70,369386
17671,0.034408,172.31.40.0-255,66,322422,70,369386
17672,0.03675,172.217.194.0-255,5738,328160,70,369386
17673,0.036756,172.31.40.0-255,66,328226,70,369386
17674,0.039099,172.217.194.0-255,5738,333964,70,369386
17675,0.039106,172.31.40.0-255,66,334030,70,369386
17676,0.041438,172.217.194.0-255,5738,339768,70,369386
17677,0.041444,172.31.40.0-255,66,339834,70,369386
17678,0.043766,172.217.194.0-255,5738,345572,70,369386
17679,0.043773,172.31.40.0-255,66,345638,70,369386
17680,0.046123,172.217.194.0-255,5738,351376,70,369386
17681,0.046129,172.31.40.0-255,66,351442,70,369386
17682,0.048461,172.217.194.0-255,5738,357180,70,369386
17683,0.048469,172.31.40.0-255,66,357246,70,369386
17684,0.050804,172.217.194.0-255,5738,362984,70,369386
17685,0.05081,172.31.40.0-255,66,363050,70,369386
17686,0.053124,172.217.194.0-255,5738,368788,70,369386
17687,0.05313,172.31.40.0-255,66,368854,70,369386
17688,0.055432,172.217.194.0-255,295,369149,70,369386
17689,0.055576,172.31.40.0-255,66,369215,70,369386
17690,0.055609,172.31.40.0-255,105,369320,70,369386
17691,0.057906,172.217.194.0-255,66,369386,70,369386
17692,0.0,172.217.194.0-255,146,146,70,331338
17693,2.4e-05,172.31.40.0-255,66,212,70,331338
17694,3.2e-05,172.217.194.0-255,1484,1696,70,331338
17695,3.6e-05,172.31.40.0-255,66,1762,70,331338
17696,4.9e-05,172.217.194.0-255,2902,4664,70,331338
17697,5.3e-05,172.31.40.0-255,66,4730,70,331338
17698,6.1e-05,172.217.194.0-255,7156,11886,70,331338
17699,6.3e-05,172.31.40.0-255,66,11952,70,331338
17700,8.7e-05,172.217.194.0-255,2092,14044,70,331338
17701,8.9e-05,172.31.40.0-255,66,14110,70,331338
17702,0.000137,172.217.194.0-255,1484,15594,70,331338
17703,0.000139,172.31.40.0-255,66,15660,70,331338
17704,0.000157,172.217.194.0-255,2902,18562,70,331338
17705,0.00016,172.31.40.0-255,66,18628,70,331338
17706,0.000166,172.217.194.0-255,5738,24366,70,331338
17707,0.000168,172.31.40.0-255,66,24432,70,331338
17708,0.0002,172.217.194.0-255,4320,28752,70,331338
17709,0.000203,172.31.40.0-255,66,28818,70,331338
17710,0.000222,172.217.194.0-255,2543,31361,70,331338
17711,0.000224,172.31.40.0-255,66,31427,70,331338
17712,0.000231,172.217.194.0-255,7156,38583,70,331338
17713,0.000233,172.31.40.0-255,66,38649,70,331338
17714,0.000274,172.217.194.0-255,9633,48282,70,331338
17715,0.000278,172.31.40.0-255,66,48348,70,331338
17716,0.0003,172.217.194.0-255,1484,49832,70,331338
17717,0.000302,172.31.40.0-255,66,49898,70,331338
17718,0.000326,172.217.194.0-255,2902,52800,70,331338
17719,0.000329,172.31.40.0-255,66,52866,70,331338
17720,0.000334,172.217.194.0-255,2902,55768,70,331338
17721,0.000336,172.31.40.0-255,66,55834,70,331338
17722,0.00036,172.217.194.0-255,2902,58736,70,331338
17723,0.000363,172.31.40.0-255,66,58802,70,331338
17724,0.00037,172.217.194.0-255,5738,64540,70,331338
17725,0.000372,172.31.40.0-255,66,64606,70,331338
17726,0.000399,172.217.194.0-255,1398,66004,70,331338
17727,0.000401,172.31.40.0-255,66,66070,70,331338
17728,0.000623,172.217.194.0-255,119,66189,70,331338
17729,0.000626,172.31.40.0-255,66,66255,70,331338
17730,0.00069,172.217.194.0-255,1484,67739,70,331338
17731,0.000693,172.31.40.0-255,66,67805,70,331338
17732,0.000697,172.217.194.0-255,2902,70707,70,331338
17733,0.000722,172.217.194.0-255,5738,76445,70,331338
17734,0.000753,172.217.194.0-255,4320,80765,70,331338
17735,0.000765,172.217.194.0-255,2543,83308,70,331338
17736,0.000786,172.217.194.0-255,5738,89046,70,331338
17737,0.000798,172.217.194.0-255,1484,90530,70,331338
17738,0.000804,172.217.194.0-255,5738,96268,70,331338
17739,0.000844,172.217.194.0-255,1484,97752,70,331338
17740,0.000859,172.217.194.0-255,2858,100610,70,331338
17741,0.000881,172.31.40.0-255,66,100676,70,331338
17742,0.003308,172.217.194.0-255,5738,106414,70,331338
17743,0.003314,172.31.40.0-255,66,106480,70,331338
17744,0.005751,172.217.194.0-255,5738,112218,70,331338
17745,0.005755,172.31.40.0-255,66,112284,70,331338
17746,0.008163,172.217.194.0-255,5738,118022,70,331338
17747,0.008173,172.31.40.0-255,66,118088,70,331338
17748,0.010608,172.217.194.0-255,4320,122408,70,331338
17749,0.010616,172.31.40.0-255,66,122474,70,331338
17750,0.010646,172.217.194.0-255,1484,123958,70,331338
17751,0.013038,172.217.194.0-255,4320,128278,70,331338
17752,0.013045,172.31.40.0-255,66,128344,70,331338
17753,0.015454,172.217.194.0-255,5738,134082,70,331338
17754,0.015514,172.31.40.0-255,66,134148,70,331338
17755,0.017925,172.217.194.0-255,5738,139886,70,331338
17756,0.017934,172.31.40.0-255,66,139952,70,331338
17757,0.020361,172.217.194.0-255,4320,144272,70,331338
17758,0.020368,172.31.40.0-255,66,144338,70,331338
17759,0.020399,172.217.194.0-255,1484,145822,70,331338
17760,0.022816,172.217.194.0-255,4320,150142,70,331338
17761,0.022824,172.31.40.0-255,66,150208,70,331338
17762,0.025275,172.217.194.0-255,5738,155946,70,331338
17763,0.025332,172.31.40.0-255,66,156012,70,331338
17764,0.027742,172.217.194.0-255,5738,161750,70,331338
17765,0.027749,172.31.40.0-255,66,161816,70,331338
17766,0.030164,172.217.194.0-255,5738,167554,70,331338
17767,0.030173,172.31.40.0-255,66,167620,70,331338
17768,0.030609,172.31.40.0-255,172,167792,70,331338
17769,0.030638,172.31.40.0-255,1118,168910,70,331338
17770,0.030681,172.31.40.0-255,1514,170424,70,331338
17771,0.030683,172.31.40.0-255,1514,171938,70,331338
17772,0.030706,172.31.40.0-255,844,172782,70,331338
17773,0.032333,104.244.42.0-255,66,172848,70,331338
17774,0.032341,104.244.42.0-255,66,172914,70,331338
17775,0.032407,104.244.42.0-255,66,172980,70,331338
17776,0.03241,104.244.42.0-255,66,173046,70,331338
17777,0.03259,172.217.194.0-255,5738,178784,70,331338
17778,0.032594,172.31.40.0-255,66,178850,70,331338
17779,0.034992,172.217.194.0-255,5738,184588,70,331338
17780,0.034998,172.31.40.0-255,66,184654,70,331338
17781,0.037476,172.217.194.0-255,5738,190392,70,331338
17782,0.037481,172.31.40.0-255,66,190458,70,331338
17783,0.039923,172.217.194.0-255,5738,196196,70,331338
17784,0.039929,172.31.40.0-255,66,196262,70,331338
17785,0.042369,172.217.194.0-255,5738,202000,70,331338
17786,0.042376,172.31.40.0-255,66,202066,70,331338
17787,0.04487,172.217.194.0-255,5738,207804,70,331338
17788,0.044877,172.31.40.0-255,66,207870,70,331338
17789,0.047257,172.217.194.0-255,2902,210772,70,331338
17790,0.047262,172.31.40.0-255,66,210838,70,331338
17791,0.047298,172.217.194.0-255,2902,213740,70,331338
17792,0.047319,172.31.40.0-255,66,213806,70,331338
17793,0.049672,172.217.194.0-255,2902,216708,70,331338
17794,0.049677,172.31.40.0-255,66,216774,70,331338
17795,0.049717,172.217.194.0-255,2902,219676,70,331338
17796,0.049731,172.31.40.0-255,66,219742,70,331338
17797,0.05208,172.217.194.0-255,2902,222644,70,331338
17798,0.052085,172.31.40.0-255,66,222710,70,331338
17799,0.052148,172.217.194.0-255,2902,225612,70,331338
17800,0.052165,172.31.40.0-255,66,225678,70,331338
17801,0.05448,172.217.194.0-255,2902,228580,70,331338
17802,0.054485,172.31.40.0-255,66,228646,70,331338
17803,0.054586,172.217.194.0-255,2902,231548,70,331338
17804,0.05459,172.31.40.0-255,66,231614,70,331338
17805,0.056919,172.217.194.0-255,2902,234516,70,331338
17806,0.056925,172.31.40.0-255,66,234582,70,331338
17807,0.057,172.217.194.0-255,2902,237484,70,331338
17808,0.057008,172.31.40.0-255,66,237550,70,331338
17809,0.059409,172.217.194.0-255,2902,240452,70,331338
17810,0.059415,172.31.40.0-255,66,240518,70,331338
17811,0.059462,172.217.194.0-255,1484,242002,70,331338
17812,0.059485,172.217.194.0-255,1484,243486,70,331338
17813,0.059576,172.31.40.0-255,66,243552,70,331338
17814,0.061842,172.217.194.0-255,1484,245036,70,331338
17815,0.061849,172.31.40.0-255,66,245102,70,331338
17816,0.061885,172.217.194.0-255,1484,246586,70,331338
17817,0.062031,172.217.194.0-255,2902,249488,70,331338
17818,0.062219,172.31.40.0-255,66,249554,70,331338
17819,0.064273,172.217.194.0-255,1484,251038,70,331338
17820,0.064631,172.217.194.0-255,4320,255358,70,331338
17821,0.064672,172.31.40.0-255,66,255424,70,331338
17822,0.067127,172.217.194.0-255,1484,256908,70,331338
17823,0.067163,172.217.194.0-255,4320,261228,70,331338
17824,0.067168,172.31.40.0-255,66,261294,70,331338
17825,0.069587,172.217.194.0-255,5738,267032,70,331338
17826,0.069593,172.31.40.0-255,66,267098,70,331338
17827,0.072028,172.217.194.0-255,4320,271418,70,331338
17828,0.072035,172.31.40.0-255,66,271484,70,331338
17829,0.072061,172.217.194.0-255,1484,272968,70,331338
17830,0.074466,172.217.194.0-255,4320,277288,70,331338
17831,0.074472,172.31.40.0-255,66,277354,70,331338
17832,0.07688,172.217.194.0-255,5738,283092,70,331338
17833,0.076944,172.31.40.0-255,66,283158,70,331338
17834,0.079365,172.217.194.0-255,4320,287478,70,331338
17835,0.079371,172.31.40.0-255,66,287544,70,331338
17836,0.079401,172.217.194.0-255,1484,289028,70,331338
17837,0.081796,172.217.194.0-255,2902,291930,70,331338
17838,0.081802,172.31.40.0-255,66,291996,70,331338
17839,0.081833,172.217.194.0-255,1484,293480,70,331338
17840,0.084231,172.217.194.0-255,4320,297800,70,331338
17841,0.084311,172.31.40.0-255,66,297866,70,331338
17842,0.086725,172.217.194.0-255,4320,302186,70,331338
17843,0.086731,172.31.40.0-255,66,302252,70,331338
17844,0.086746,172.217.194.0-255,1484,303736,70,331338
17845,0.089143,172.217.194.0-255,4320,308056,70,331338
17846,0.089149,172.31.40.0-255,66,308122,70,331338
17847,0.091559,172.217.194.0-255,5738,313860,70,331338
17848,0.091635,172.31.40.0-255,66,313926,70,331338
17849,0.094035,172.217.194.0-255,5738,319664,70,331338
17850,0.094041,172.31.40.0-255,66,319730,70,331338
17851,0.096442,172.217.194.0-255,5738,325468,70,331338
17852,0.096447,172.31.40.0-255,66,325534,70,331338
17853,0.098859,172.217.194.0-255,5738,331272,70,331338
17854,0.098865,172.31.40.0-255,66,331338,70,331338
17855,0.0,74.125.24.0-255,152,152,70,319073
17856,1.5e-05,172.31.40.0-255,66,218,70,319073
17857,2.1e-05,74.125.24.0-255,1484,1702,70,319073
17858,2.5e-05,172.31.40.0-255,66,1768,70,319073
17859,3.9e-05,74.125.24.0-255,2902,4670,70,319073
17860,4.2e-05,172.31.40.0-255,66,4736,70,319073
17861,4.9e-05,74.125.24.0-255,5738,10474,70,319073
17862,5.1e-05,172.31.40.0-255,66,10540,70,319073
17863,8.3e-05,74.125.24.0-255,1484,12024,70,319073
17864,8.5e-05,172.31.40.0-255,66,12090,70,319073
17865,9e-05,74.125.24.0-255,2101,14191,70,319073
17866,9.2e-05,172.31.40.0-255,66,14257,70,319073
17867,0.000113,74.125.24.0-255,5738,19995,70,319073
17868,0.000116,172.31.40.0-255,66,20061,70,319073
17869,0.000148,74.125.24.0-255,1484,21545,70,319073
17870,0.00015,172.31.40.0-255,66,21611,70,319073
17871,0.000159,74.125.24.0-255,8574,30185,70,319073
17872,0.000161,172.31.40.0-255,66,30251,70,319073
17873,0.000179,172.31.40.0-255,66,30317,70,319073
17874,0.000207,74.125.24.0-255,1484,31801,70,319073
17875,0.000209,172.31.40.0-255,66,31867,70,319073
17876,0.000213,74.125.24.0-255,1484,33351,70,319073
17877,0.000215,172.31.40.0-255,66,33417,70,319073
17878,0.000242,74.125.24.0-255,3602,37019,70,319073
17879,0.000249,172.31.40.0-255,66,37085,70,319073
17880,0.000365,74.125.24.0-255,1484,38569,70,319073
17881,0.000369,172.31.40.0-255,66,38635,70,319073
17882,0.000374,74.125.24.0-255,2902,41537,70,319073
17883,0.000377,172.31.40.0-255,66,41603,70,319073
17884,0.000379,74.125.24.0-255,1484,43087,70,319073
17885,0.000381,172.31.40.0-255,66,43153,70,319073
17886,0.000416,74.125.24.0-255,4320,47473,70,319073
17887,0.000419,172.31.40.0-255,66,47539,70,319073
17888,0.000427,74.125.24.0-255,7121,54660,70,319073
17889,0.000429,172.31.40.0-255,66,54726,70,319073
17890,0.000741,74.125.24.0-255,1484,56210,70,319073
17891,0.000775,74.125.24.0-255,1484,57694,70,319073
17892,0.000779,172.31.40.0-255,66,57760,70,319073
17893,0.000819,74.125.24.0-255,1484,59244,70,319073
17894,0.000827,74.125.24.0-255,5738,64982,70,319073
17895,0.000829,172.31.40.0-255,66,65048,70,319073
17896,0.000848,172.31.40.0-255,66,65114,70,319073
17897,0.000857,74.125.24.0-255,10692,75806,70,319073
17898,0.00086,172.31.40.0-255,66,75872,70,319073
17899,0.000898,74.125.24.0-255,1484,77356,70,319073
17900,0.000915,74.125.24.0-255,2902,80258,70,319073
17901,0.000918,172.31.40.0-255,66,80324,70,319073
17902,0.000925,74.125.24.0-255,5738,86062,70,319073
17903,0.000928,172.31.40.0-255,66,86128,70,319073
17904,0.000948,74.125.24.0-255,5738,91866,70,319073
17905,0.000965,172.31.40.0-255,66,91932,70,319073
17906,0.000976,74.125.24.0-255,7156,99088,70,319073
17907,0.000989,74.125.24.0-255,9992,109080,70,319073
17908,0.001001,172.31.40.0-255,66,109146,70,319073
17909,0.001058,74.125.24.0-255,6438,115584,70,319073
17910,0.001067,74.125.24.0-255,9274,124858,70,319073
17911,0.001077,172.31.40.0-255,66,124924,70,319073
17912,0.001526,74.125.24.0-255,1484,126408,70,319073
17913,0.001539,74.125.24.0-255,1484,127892,70,319073
17914,0.001543,172.31.40.0-255,66,127958,70,319073
17915,0.001573,74.125.24.0-255,1484,129442,70,319073
17916,0.001579,74.125.24.0-255,5738,135180,70,319073
17917,0.001615,74.125.24.0-255,10692,145872,70,319073
17918,0.001638,172.31.40.0-255,66,145938,70,319073
17919,0.001709,74.125.24.0-255,1484,147422,70,319073
17920,0.00173,74.125.24.0-255,2902,150324,70,319073
17921,0.001736,74.125.24.0-255,5738,156062,70,319073
17922,0.00174,74.125.24.0-255,2902,158964,70,319073
17923,0.001749,172.31.40.0-255,66,159030,70,319073
17924,0.001757,74.125.24.0-255,1484,160514,70,319073
17925,0.001788,74.125.24.0-255,8574,169088,70,319073
17926,0.001794,74.125.24.0-255,4320,173408,70,319073
17927,0.001809,74.125.24.0-255,5738,179146,70,319073
17928,0.001812,172.31.40.0-255,66,179212,70,319073
17929,0.001817,172.31.40.0-255,66,179278,70,319073
17930,0.001836,74.125.24.0-255,766,180044,70,319073
17931,0.001918,74.125.24.0-255,1484,181528,70,319073
17932,0.001923,74.125.24.0-255,2902,184430,70,319073
17933,0.001938,74.125.24.0-255,1484,185914,70,319073
17934,0.001951,74.125.24.0-255,4320,190234,70,319073
17935,0.001955,74.125.24.0-255,4320,194554,70,319073
17936,0.001958,172.31.40.0-255,66,194620,70,319073
17937,0.002008,74.125.24.0-255,2902,197522,70,319073
17938,0.002011,172.31.40.0-255,66,197588,70,319073
17939,0.002034,74.125.24.0-255,8574,206162,70,319073
17940,0.002041,74.125.24.0-255,7856,214018,70,319073
17941,0.002055,74.125.24.0-255,1484,215502,70,319073
17942,0.002058,74.125.24.0-255,1484,216986,70,319073
17943,0.002075,74.125.24.0-255,1484,218470,70,319073
17944,0.002081,74.125.24.0-255,5738,224208,70,319073
17945,0.002089,172.31.40.0-255,66,224274,70,319073
17946,0.002104,74.125.24.0-255,7156,231430,70,319073
17947,0.002124,74.125.24.0-255,4320,235750,70,319073
17948,0.002144,74.125.24.0-255,8574,244324,70,319073
17949,0.002156,172.31.40.0-255,66,244390,70,319073
17950,0.002167,74.125.24.0-255,10692,255082,70,319073
17951,0.002178,74.125.24.0-255,8574,263656,70,319073
17952,0.00219,172.31.40.0-255,66,263722,70,319073
17953,0.002221,74.125.24.0-255,9992,273714,70,319073
17954,0.002241,74.125.24.0-255,9274,282988,70,319073
17955,0.002246,74.125.24.0-255,2902,285890,70,319073
17956,0.002274,172.31.40.0-255,66,285956,70,319073
17957,0.002302,74.125.24.0-255,1484,287440,70,319073
17958,0.002323,74.125.24.0-255,9992,297432,70,319073
17959,0.002332,74.125.24.0-255,9992,307424,70,319073
17960,0.002343,74.125.24.0-255,1484,308908,70,319073
17961,0.002347,74.125.24.0-255,2902,311810,70,319073
17962,0.002352,172.31.40.0-255,66,311876,70,319073
17963,0.00463,74.125.24.0-255,1184,313060,70,319073
17964,0.013826,172.31.40.0-255,66,313126,70,319073
17965,0.013877,172.31.40.0-255,105,313231,70,319073
17966,0.016173,74.125.24.0-255,66,313297,70,319073
17967,0.034969,172.31.40.0-255,200,313497,70,319073
17968,0.035,172.31.40.0-255,1113,314610,70,319073
17969,0.035066,172.31.40.0-255,1514,316124,70,319073
17970,0.035068,172.31.40.0-255,1514,317638,70,319073
17971,0.035069,172.31.40.0-255,1369,319007,70,319073
17972,0.037145,104.244.42.0-255,66,319073,70,319073
17973,0.0,74.125.24.0-255,152,152,70,358857
17974,2.2e-05,172.31.40.0-255,66,218,70,358857
17975,2.9e-05,74.125.24.0-255,1484,1702,70,358857
17976,3.2e-05,172.31.40.0-255,66,1768,70,358857
17977,3.9e-05,74.125.24.0-255,2902,4670,70,358857
17978,4.3e-05,172.31.40.0-255,66,4736,70,358857
17979,4.9e-05,74.125.24.0-255,4320,9056,70,358857
17980,5.2e-05,172.31.40.0-255,66,9122,70,358857
17981,5.5e-05,74.125.24.0-255,1484,10606,70,358857
17982,5.8e-05,172.31.40.0-255,66,10672,70,358857
17983,8.9e-05,74.125.24.0-255,7735,18407,70,358857
17984,9.2e-05,172.31.40.0-255,66,18473,70,358857
17985,0.000119,74.125.24.0-255,8574,27047,70,358857
17986,0.000121,172.31.40.0-255,66,27113,70,358857
17987,0.000145,74.125.24.0-255,3961,31074,70,358857
17988,0.000147,172.31.40.0-255,66,31140,70,358857
17989,0.000292,74.125.24.0-255,1484,32624,70,358857
17990,0.000297,172.31.40.0-255,66,32690,70,358857
17991,0.000303,74.125.24.0-255,2902,35592,70,358857
17992,0.000306,172.31.40.0-255,66,35658,70,358857
17993,0.000323,74.125.24.0-255,5738,41396,70,358857
17994,0.000326,172.31.40.0-255,66,41462,70,358857
17995,0.000358,74.125.24.0-255,7156,48618,70,358857
17996,0.000361,172.31.40.0-255,66,48684,70,358857
17997,0.000386,74.125.24.0-255,3961,52645,70,358857
17998,0.000388,172.31.40.0-255,66,52711,70,358857
17999,0.000402,172.31.40.0-255,66,52777,70,358857
18000,0.001686,74.125.24.0-255,113,52890,70,358857
18001,0.001693,172.31.40.0-255,66,52956,70,358857
18002,0.001818,74.125.24.0-255,1484,54440,70,358857
18003,0.001822,172.31.40.0-255,66,54506,70,358857
18004,0.001835,74.125.24.0-255,2902,57408,70,358857
18005,0.001838,172.31.40.0-255,66,57474,70,358857
18006,0.001846,74.125.24.0-255,5738,63212,70,358857
18007,0.001848,172.31.40.0-255,66,63278,70,358857
18008,0.001874,74.125.24.0-255,1484,64762,70,358857
18009,0.001892,74.125.24.0-255,9992,74754,70,358857
18010,0.001894,172.31.40.0-255,66,74820,70,358857
18011,0.001914,74.125.24.0-255,2543,77363,70,358857
18012,0.001916,172.31.40.0-255,66,77429,70,358857
18013,0.001919,74.125.24.0-255,1484,78913,70,358857
18014,0.001939,74.125.24.0-255,5738,84651,70,358857
18015,0.001941,172.31.40.0-255,66,84717,70,358857
18016,0.001956,74.125.24.0-255,2543,87260,70,358857
18017,0.001958,172.31.40.0-255,66,87326,70,358857
18018,0.003975,74.125.24.0-255,2902,90228,70,358857
18019,0.003982,172.31.40.0-255,66,90294,70,358857
18020,0.004032,74.125.24.0-255,2902,93196,70,358857
18021,0.004034,172.31.40.0-255,66,93262,70,358857
18022,0.006069,74.125.24.0-255,5738,99000,70,358857
18023,0.006075,172.31.40.0-255,66,99066,70,358857
18024,0.008141,74.125.24.0-255,5738,104804,70,358857
18025,0.008147,172.31.40.0-255,66,104870,70,358857
18026,0.008336,172.31.40.0-255,101,104971,70,358857
18027,0.010253,74.125.24.0-255,5738,110709,70,358857
18028,0.010261,172.31.40.0-255,66,110775,70,358857
18029,0.010385,74.125.24.0-255,66,110841,70,358857
18030,0.01232,74.125.24.0-255,5738,116579,70,358857
18031,0.012328,172.31.40.0-255,66,116645,70,358857
18032,0.014433,74.125.24.0-255,5738,122383,70,358857
18033,0.014442,172.31.40.0-255,66,122449,70,358857
18034,0.016515,74.125.24.0-255,5738,128187,70,358857
18035,0.016521,172.31.40.0-255,66,128253,70,358857
18036,0.0186,74.125.24.0-255,5738,133991,70,358857
18037,0.018608,172.31.40.0-255,66,134057,70,358857
18038,0.020665,74.125.24.0-255,5738,139795,70,358857
18039,0.020671,172.31.40.0-255,66,139861,70,358857
18040,0.022796,74.125.24.0-255,5738,145599,70,358857
18041,0.022804,172.31.40.0-255,66,145665,70,358857
18042,0.024893,74.125.24.0-255,5738,151403,70,358857
18043,0.024901,172.31.40.0-255,66,151469,70,358857
18044,0.026444,172.31.40.0-255,172,151641,70,358857
18045,0.026474,172.31.40.0-255,1116,152757,70,358857
18046,0.026533,172.31.40.0-255,1514,154271,70,358857
18047,0.026535,172.31.40.0-255,1514,155785,70,358857
18048,0.02656,172.31.40.0-255,846,156631,70,358857
18049,0.027,74.125.24.0-255,5738,162369,70,358857
18050,0.027006,172.31.40.0-255,66,162435,70,358857
18051,0.028091,104.244.42.0-255,66,162501,70,358857
18052,0.028154,104.244.42.0-255,66,162567,70,358857
18053,0.028197,104.244.42.0-255,66,162633,70,358857
18054,0.028201,104.244.42.0-255,66,162699,70,358857
18055,0.028804,104.244.42.0-255,108,162807,70,358857
18056,0.028812,172.31.40.0-255,66,162873,70,358857
18057,0.029072,74.125.24.0-255,5738,168611,70,358857
18058,0.029076,172.31.40.0-255,66,168677,70,358857
18059,0.031156,74.125.24.0-255,5738,174415,70,358857
18060,0.031162,172.31.40.0-255,66,174481,70,358857
18061,0.033262,74.125.24.0-255,4320,178801,70,358857
18062,0.033269,172.31.40.0-255,66,178867,70,358857
18063,0.033287,74.125.24.0-255,1484,180351,70,358857
18064,0.035314,74.125.24.0-255,4320,184671,70,358857
18065,0.03532,172.31.40.0-255,66,184737,70,358857
18066,0.037366,74.125.24.0-255,5738,190475,70,358857
18067,0.037373,172.31.40.0-255,66,190541,70,358857
18068,0.03946,74.125.24.0-255,5738,196279,70,358857
18069,0.039468,172.31.40.0-255,66,196345,70,358857
18070,0.041543,74.125.24.0-255,5738,202083,70,358857
18071,0.04155,172.31.40.0-255,66,202149,70,358857
18072,0.043638,74.125.24.0-255,5738,207887,70,358857
18073,0.043647,172.31.40.0-255,66,207953,70,358857
18074,0.045749,74.125.24.0-255,5738,213691,70,358857
18075,0.045757,172.31.40.0-255,66,213757,70,358857
18076,0.047844,74.125.24.0-255,5738,219495,70,358857
18077,0.047851,172.31.40.0-255,66,219561,70,358857
18078,0.049964,74.125.24.0-255,5738,225299,70,358857
18079,0.04997,172.31.40.0-255,66,225365,70,358857
18080,0.052036,74.125.24.0-255,5738,231103,70,358857
18081,0.052042,172.31.40.0-255,66,231169,70,358857
18082,0.054101,74.125.24.0-255,5738,236907,70,358857
18083,0.054108,172.31.40.0-255,66,236973,70,358857
18084,0.05617,74.125.24.0-255,5738,242711,70,358857
18085,0.056176,172.31.40.0-255,66,242777,70,358857
18086,0.058235,74.125.24.0-255,5738,248515,70,358857
18087,0.058242,172.31.40.0-255,66,248581,70,358857
18088,0.060327,74.125.24.0-255,5738,254319,70,358857
18089,0.060334,172.31.40.0-255,66,254385,70,358857
18090,0.062403,74.125.24.0-255,5738,260123,70,358857
18091,0.06241,172.31.40.0-255,66,260189,70,358857
18092,0.064499,74.125.24.0-255,5738,265927,70,358857
18093,0.064515,172.31.40.0-255,66,265993,70,358857
18094,0.066583,74.125.24.0-255,5738,271731,70,358857
18095,0.066596,172.31.40.0-255,66,271797,70,358857
18096,0.068685,74.125.24.0-255,5738,277535,70,358857
18097,0.068699,172.31.40.0-255,66,277601,70,358857
18098,0.070788,74.125.24.0-255,5738,283339,70,358857
18099,0.070805,172.31.40.0-255,66,283405,70,358857
18100,0.072955,74.125.24.0-255,5738,289143,70,358857
18101,0.072969,172.31.40.0-255,66,289209,70,358857
18102,0.075031,74.125.24.0-255,5738,294947,70,358857
18103,0.075043,172.31.40.0-255,66,295013,70,358857
18104,0.077182,74.125.24.0-255,5738,300751,70,358857
18105,0.077194,172.31.40.0-255,66,300817,70,358857
18106,0.079244,74.125.24.0-255,5738,306555,70,358857
18107,0.079255,172.31.40.0-255,66,306621,70,358857
18108,0.081375,74.125.24.0-255,5738,312359,70,358857
18109,0.081387,172.31.40.0-255,66,312425,70,358857
18110,0.083443,74.125.24.0-255,5738,318163,70,358857
18111,0.083455,172.31.40.0-255,66,318229,70,358857
18112,0.085505,74.125.24.0-255,5738,323967,70,358857
18113,0.085518,172.31.40.0-255,66,324033,70,358857
18114,0.087619,74.125.24.0-255,5738,329771,70,358857
18115,0.087628,172.31.40.0-255,66,329837,70,358857
18116,0.089722,74.125.24.0-255,5738,335575,70,358857
18117,0.089737,172.31.40.0-255,66,335641,70,358857
18118,0.0918,74.125.24.0-255,5738,341379,70,358857
18119,0.091817,172.31.40.0-255,66,341445,70,358857
18120,0.093902,74.125.24.0-255,5738,347183,70,358857
18121,0.093915,172.31.40.0-255,66,347249,70,358857
18122,0.095978,74.125.24.0-255,5738,352987,70,358857
18123,0.095985,172.31.40.0-255,66,353053,70,358857
18124,0.098086,74.125.24.0-255,5738,358791,70,358857
18125,0.0981,172.31.40.0-255,66,358857,70,358857
18126,0.0,74.125.200.0-255,150,150,70,348143
18127,2.2e-05,172.31.40.0-255,66,216,70,348143
18128,2.9e-05,74.125.200.0-255,1484,1700,70,348143
18129,3.3e-05,172.31.40.0-255,66,1766,70,348143
18130,3.9e-05,74.125.200.0-255,2902,4668,70,348143
18131,4.1e-05,172.31.40.0-255,66,4734,70,348143
18132,4.8e-05,74.125.200.0-255,5738,10472,70,348143
18133,5.1e-05,172.31.40.0-255,66,10538,70,348143
18134,7.4e-05,74.125.200.0-255,1484,12022,70,348143
18135,7.6e-05,172.31.40.0-255,66,12088,70,348143
18136,8.2e-05,74.125.200.0-255,2055,14143,70,348143
18137,8.4e-05,172.31.40.0-255,66,14209,70,348143
18138,9.9e-05,74.125.200.0-255,1484,15693,70,348143
18139,0.000102,172.31.40.0-255,66,15759,70,348143
18140,0.000127,74.125.200.0-255,9992,25751,70,348143
18141,0.00013,172.31.40.0-255,66,25817,70,348143
18142,0.000136,74.125.200.0-255,5379,31196,70,348143
18143,0.000138,172.31.40.0-255,66,31262,70,348143
18144,0.000229,74.125.200.0-255,1484,32746,70,348143
18145,0.000233,172.31.40.0-255,66,32812,70,348143
18146,0.000236,74.125.200.0-255,1484,34296,70,348143
18147,0.000238,172.31.40.0-255,66,34362,70,348143
18148,0.000252,74.125.200.0-255,1484,35846,70,348143
18149,0.000254,172.31.40.0-255,66,35912,70,348143
18150,0.000257,74.125.200.0-255,1484,37396,70,348143
18151,0.000268,172.31.40.0-255,66,37462,70,348143
18152,0.000287,74.125.200.0-255,2902,40364,70,348143
18153,0.000289,172.31.40.0-255,66,40430,70,348143
18154,0.000296,74.125.200.0-255,5738,46168,70,348143
18155,0.000298,172.31.40.0-255,66,46234,70,348143
18156,0.000313,74.125.200.0-255,4320,50554,70,348143
18157,0.000315,172.31.40.0-255,66,50620,70,348143
18158,0.000332,74.125.200.0-255,6797,57417,70,348143
18159,0.000334,172.31.40.0-255,66,57483,70,348143
18160,0.000364,74.125.200.0-255,1484,58967,70,348143
18161,0.000393,74.125.200.0-255,7107,66074,70,348143
18162,0.000396,172.31.40.0-255,66,66140,70,348143
18163,0.000636,74.125.200.0-255,110,66250,70,348143
18164,0.000641,74.125.200.0-255,331,66581,70,348143
18165,0.000973,74.125.200.0-255,1484,68065,70,348143
18166,0.000978,172.31.40.0-255,66,68131,70,348143
18167,0.000984,74.125.200.0-255,2902,71033,70,348143
18168,0.000986,172.31.40.0-255,66,71099,70,348143
18169,0.001006,74.125.200.0-255,5738,76837,70,348143
18170,0.00101,172.31.40.0-255,66,76903,70,348143
18171,0.001036,74.125.200.0-255,7156,84059,70,348143
18172,0.001038,172.31.40.0-255,66,84125,70,348143
18173,0.001061,74.125.200.0-255,4320,88445,70,348143
18174,0.001063,172.31.40.0-255,66,88511,70,348143
18175,0.001071,74.125.200.0-255,7156,95667,70,348143
18176,0.001073,172.31.40.0-255,66,95733,70,348143
18177,0.001094,74.125.200.0-255,5020,100753,70,348143
18178,0.001097,172.31.40.0-255,66,100819,70,348143
18179,0.002363,74.125.200.0-255,1484,102303,70,348143
18180,0.002374,74.125.200.0-255,2902,105205,70,348143
18181,0.002378,172.31.40.0-255,66,105271,70,348143
18182,0.003476,74.125.200.0-255,1484,106755,70,348143
18183,0.004725,74.125.200.0-255,1484,108239,70,348143
18184,0.004729,172.31.40.0-255,66,108305,70,348143
18185,0.00475,74.125.200.0-255,2902,111207,70,348143
18186,0.004752,172.31.40.0-255,66,111273,70,348143
18187,0.007066,74.125.200.0-255,2902,114175,70,348143
18188,0.007069,172.31.40.0-255,66,114241,70,348143
18189,0.007085,74.125.200.0-255,2902,117143,70,348143
18190,0.007087,172.31.40.0-255,66,117209,70,348143
18191,0.009422,74.125.200.0-255,5738,122947,70,348143
18192,0.009429,172.31.40.0-255,66,123013,70,348143
18193,0.011841,74.125.200.0-255,5738,128751,70,348143
18194,0.01185,172.31.40.0-255,66,128817,70,348143
18195,0.014201,74.125.200.0-255,5738,134555,70,348143
18196,0.01421,172.31.40.0-255,66,134621,70,348143
18197,0.016537,74.125.200.0-255,4320,138941,70,348143
18198,0.016542,172.31.40.0-255,66,139007,70,348143
18199,0.016562,74.125.200.0-255,1484,140491,70,348143
18200,0.018894,74.125.200.0-255,4320,144811,70,348143
18201,0.018902,172.31.40.0-255,66,144877,70,348143
18202,0.021248,74.125.200.0-255,2902,147779,70,348143
18203,0.021257,172.31.40.0-255,66,147845,70,348143
18204,0.021276,74.125.200.0-255,2902,150747,70,348143
18205,0.02128,172.31.40.0-255,66,150813,70,348143
18206,0.023601,74.125.200.0-255,5738,156551,70,348143
18207,0.023608,172.31.40.0-255,66,156617,70,348143
18208,0.025949,74.125.200.0-255,5738,162355,70,348143
18209,0.025956,172.31.40.0-255,66,162421,70,348143
18210,0.026625,172.31.40.0-255,172,162593,70,348143
18211,0.026655,172.31.40.0-255,1118,163711,70,348143
18212,0.026715,172.31.40.0-255,1514,165225,70,348143
18213,0.026717,172.31.40.0-255,1514,166739,70,348143
18214,0.026743,172.31.40.0-255,844,167583,70,348143
18215,0.028304,74.125.200.0-255,5738,173321,70,348143
18216,0.028312,172.31.40.0-255,66,173387,70,348143
18217,0.028328,104.244.42.0-255,66,173453,70,348143
18218,0.028339,104.244.42.0-255,66,173519,70,348143
18219,0.028397,104.244.42.0-255,66,173585,70,348143
18220,0.028402,104.244.42.0-255,66,173651,70,348143
18221,0.028818,104.244.42.0-255,108,173759,70,348143
18222,0.028828,172.31.40.0-255,66,173825,70,348143
18223,0.030662,74.125.200.0-255,5738,179563,70,348143
18224,0.030668,172.31.40.0-255,66,179629,70,348143
18225,0.033028,74.125.200.0-255,5738,185367,70,348143
18226,0.033034,172.31.40.0-255,66,185433,70,348143
18227,0.035393,74.125.200.0-255,5738,191171,70,348143
18228,0.0354,172.31.40.0-255,66,191237,70,348143
18229,0.037737,74.125.200.0-255,5738,196975,70,348143
18230,0.037742,172.31.40.0-255,66,197041,70,348143
18231,0.040133,74.125.200.0-255,5738,202779,70,348143
18232,0.040139,172.31.40.0-255,66,202845,70,348143
18233,0.04249,74.125.200.0-255,5738,208583,70,348143
18234,0.042495,172.31.40.0-255,66,208649,70,348143
18235,0.044951,74.125.200.0-255,5738,214387,70,348143
18236,0.044958,172.31.40.0-255,66,214453,70,348143
18237,0.047301,74.125.200.0-255,5738,220191,70,348143
18238,0.047307,172.31.40.0-255,66,220257,70,348143
18239,0.04965,74.125.200.0-255,5738,225995,70,348143
18240,0.049657,172.31.40.0-255,66,226061,70,348143
18241,0.052009,74.125.200.0-255,5738,231799,70,348143
18242,0.052015,172.31.40.0-255,66,231865,70,348143
18243,0.05439,74.125.200.0-255,5738,237603,70,348143
18244,0.054397,172.31.40.0-255,66,237669,70,348143
18245,0.056754,74.125.200.0-255,5738,243407,70,348143
18246,0.056763,172.31.40.0-255,66,243473,70,348143
18247,0.059123,74.125.200.0-255,5738,249211,70,348143
18248,0.059129,172.31.40.0-255,66,249277,70,348143
18249,0.061488,74.125.200.0-255,5738,255015,70,348143
18250,0.061495,172.31.40.0-255,66,255081,70,348143
18251,0.063853,74.125.200.0-255,5738,260819,70,348143
18252,0.06386,172.31.40.0-255,66,260885,70,348143
18253,0.066218,74.125.200.0-255,5738,266623,70,348143
18254,0.066224,172.31.40.0-255,66,266689,70,348143
18255,0.068568,74.125.200.0-255,5738,272427,70,348143
18256,0.068575,172.31.40.0-255,66,272493,70,348143
18257,0.070929,74.125.200.0-255,5738,278231,70,348143
18258,0.070936,172.31.40.0-255,66,278297,70,348143
18259,0.073283,74.125.200.0-255,5738,284035,70,348143
18260,0.073289,172.31.40.0-255,66,284101,70,348143
18261,0.075646,74.125.200.0-255,5738,289839,70,348143
18262,0.075653,172.31.40.0-255,66,289905,70,348143
18263,0.078001,74.125.200.0-255,5738,295643,70,348143
18264,0.078007,172.31.40.0-255,66,295709,70,348143
18265,0.080351,74.125.200.0-255,2902,298611,70,348143
18266,0.080357,172.31.40.0-255,66,298677,70,348143
18267,0.08039,74.125.200.0-255,2902,301579,70,348143
18268,0.080393,172.31.40.0-255,66,301645,70,348143
18269,0.082691,74.125.200.0-255,1484,303129,70,348143
18270,0.082727,74.125.200.0-255,4320,307449,70,348143
18271,0.082732,172.31.40.0-255,66,307515,70,348143
18272,0.085089,74.125.200.0-255,5738,313253,70,348143
18273,0.085095,172.31.40.0-255,66,313319,70,348143
18274,0.087459,74.125.200.0-255,5738,319057,70,348143
18275,0.087467,172.31.40.0-255,66,319123,70,348143
18276,0.089841,74.125.200.0-255,5738,324861,70,348143
18277,0.089847,172.31.40.0-255,66,324927,70,348143
18278,0.092189,74.125.200.0-255,5738,330665,70,348143
18279,0.092195,172.31.40.0-255,66,330731,70,348143
18280,0.094709,74.125.200.0-255,5738,336469,70,348143
18281,0.094715,172.31.40.0-255,66,336535,70,348143
18282,0.097068,74.125.200.0-255,5738,342273,70,348143
18283,0.097074,172.31.40.0-255,66,342339,70,348143
18284,0.09942,74.125.200.0-255,5738,348077,70,348143
18285,0.099427,172.31.40.0-255,66,348143,70,348143
18286,0.0,74.125.24.0-255,152,152,70,341079
18287,1.5e-05,172.31.40.0-255,66,218,70,341079
18288,2.2e-05,74.125.24.0-255,1484,1702,70,341079
18289,2.6e-05,172.31.40.0-255,66,1768,70,341079
18290,3.2e-05,74.125.24.0-255,2902,4670,70,341079
18291,4.3e-05,172.31.40.0-255,66,4736,70,341079
18292,5.2e-05,74.125.24.0-255,7156,11892,70,341079
18293,5.5e-05,172.31.40.0-255,66,11958,70,341079
18294,7.2e-05,172.31.40.0-255,66,12024,70,341079
18295,7.6e-05,74.125.24.0-255,2543,14567,70,341079
18296,7.9e-05,172.31.40.0-255,66,14633,70,341079
18297,0.000193,74.125.24.0-255,1484,16117,70,341079
18298,0.000196,172.31.40.0-255,66,16183,70,341079
18299,0.0002,74.125.24.0-255,1484,17667,70,341079
18300,0.000203,172.31.40.0-255,66,17733,70,341079
18301,0.000233,74.125.24.0-255,1484,19217,70,341079
18302,0.000236,172.31.40.0-255,66,19283,70,341079
18303,0.000241,74.125.24.0-255,2902,22185,70,341079
18304,0.000243,172.31.40.0-255,66,22251,70,341079
18305,0.000255,74.125.24.0-255,7156,29407,70,341079
18306,0.000258,172.31.40.0-255,66,29473,70,341079
18307,0.00028,74.125.24.0-255,2543,32016,70,341079
18308,0.000282,172.31.40.0-255,66,32082,70,341079
18309,0.000887,74.125.24.0-255,1484,33566,70,341079
18310,0.000893,172.31.40.0-255,66,33632,70,341079
18311,0.000898,74.125.24.0-255,2902,36534,70,341079
18312,0.0009,172.31.40.0-255,66,36600,70,341079
18313,0.000904,74.125.24.0-255,2902,39502,70,341079
18314,0.000906,172.31.40.0-255,66,39568,70,341079
18315,0.000935,74.125.24.0-255,2902,42470,70,341079
18316,0.000937,172.31.40.0-255,66,42536,70,341079
18317,0.000946,74.125.24.0-255,9992,52528,70,341079
18318,0.000947,172.31.40.0-255,66,52594,70,341079
18319,0.000976,74.125.24.0-255,1125,53719,70,341079
18320,0.000993,172.31.40.0-255,66,53785,70,341079
18321,0.001006,172.31.40.0-255,66,53851,70,341079
18322,0.001047,74.125.24.0-255,5020,58871,70,341079
18323,0.00105,172.31.40.0-255,66,58937,70,341079
18324,0.001143,74.125.24.0-255,1484,60421,70,341079
18325,0.001167,74.125.24.0-255,1484,61905,70,341079
18326,0.00117,172.31.40.0-255,66,61971,70,341079
18327,0.001195,74.125.24.0-255,1484,63455,70,341079
18328,0.001201,74.125.24.0-255,5738,69193,70,341079
18329,0.001204,172.31.40.0-255,66,69259,70,341079
18330,0.001231,74.125.24.0-255,6797,76056,70,341079
18331,0.001234,172.31.40.0-255,66,76122,70,341079
18332,0.001382,74.125.24.0-255,1484,77606,70,341079
18333,0.001389,74.125.24.0-255,2902,80508,70,341079
18334,0.001392,172.31.40.0-255,66,80574,70,341079
18335,0.001398,74.125.24.0-255,4320,84894,70,341079
18336,0.0014,172.31.40.0-255,66,84960,70,341079
18337,0.001418,74.125.24.0-255,1484,86444,70,341079
18338,0.00142,74.125.24.0-255,1484,87928,70,341079
18339,0.001422,172.31.40.0-255,66,87994,70,341079
18340,0.001463,172.31.40.0-255,66,88060,70,341079
18341,0.001471,74.125.24.0-255,8574,96634,70,341079
18342,0.001472,172.31.40.0-255,66,96700,70,341079
18343,0.001503,74.125.24.0-255,2184,98884,70,341079
18344,0.001505,172.31.40.0-255,66,98950,70,341079
18345,0.001627,74.125.24.0-255,1484,100434,70,341079
18346,0.00164,74.125.24.0-255,2902,103336,70,341079
18347,0.001643,172.31.40.0-255,66,103402,70,341079
18348,0.001671,74.125.24.0-255,5738,109140,70,341079
18349,0.001674,172.31.40.0-255,66,109206,70,341079
18350,0.001706,74.125.24.0-255,2902,112108,70,341079
18351,0.001708,172.31.40.0-255,66,112174,70,341079
18352,0.001724,74.125.24.0-255,2902,115076,70,341079
18353,0.001727,172.31.40.0-255,66,115142,70,341079
18354,0.001747,74.125.24.0-255,7156,122298,70,341079
18355,0.001749,172.31.40.0-255,66,122364,70,341079
18356,0.00179,74.125.24.0-255,10692,133056,70,341079
18357,0.001793,172.31.40.0-255,66,133122,70,341079
18358,0.001804,172.31.40.0-255,66,133188,70,341079
18359,0.001809,74.125.24.0-255,4320,137508,70,341079
18360,0.001811,172.31.40.0-255,66,137574,70,341079
18361,0.001842,74.125.24.0-255,1484,139058,70,341079
18362,0.001872,74.125.24.0-255,7156,146214,70,341079
18363,0.001875,172.31.40.0-255,66,146280,70,341079
18364,0.001904,74.125.24.0-255,9274,155554,70,341079
18365,0.001906,172.31.40.0-255,66,155620,70,341079
18366,0.001957,74.125.24.0-255,1484,157104,70,341079
18367,0.001961,74.125.24.0-255,2902,160006,70,341079
18368,0.001963,172.31.40.0-255,66,160072,70,341079
18369,0.001969,74.125.24.0-255,4320,164392,70,341079
18370,0.00197,172.31.40.0-255,66,164458,70,341079
18371,0.001988,74.125.24.0-255,1484,165942,70,341079
18372,0.001996,74.125.24.0-255,7156,173098,70,341079
18373,0.001998,172.31.40.0-255,66,173164,70,341079
18374,0.002035,74.125.24.0-255,5738,178902,70,341079
18375,0.002038,172.31.40.0-255,66,178968,70,341079
18376,0.002045,74.125.24.0-255,8574,187542,70,341079
18377,0.002047,172.31.40.0-255,66,187608,70,341079
18378,0.002071,74.125.24.0-255,2184,189792,70,341079
18379,0.002073,172.31.40.0-255,66,189858,70,341079
18380,0.004158,74.125.24.0-255,1484,191342,70,341079
18381,0.00417,74.125.24.0-255,1484,192826,70,341079
18382,0.004173,172.31.40.0-255,66,192892,70,341079
18383,0.0042,74.125.24.0-255,2902,195794,70,341079
18384,0.004203,172.31.40.0-255,66,195860,70,341079
18385,0.006337,74.125.24.0-255,5738,201598,70,341079
18386,0.006344,172.31.40.0-255,66,201664,70,341079
18387,0.008491,74.125.24.0-255,5738,207402,70,341079
18388,0.008495,172.31.40.0-255,66,207468,70,341079
18389,0.010627,74.125.24.0-255,4320,211788,70,341079
18390,0.010634,172.31.40.0-255,66,211854,70,341079
18391,0.01066,74.125.24.0-255,1484,213338,70,341079
18392,0.012799,74.125.24.0-255,4320,217658,70,341079
18393,0.012808,172.31.40.0-255,66,217724,70,341079
18394,0.014967,74.125.24.0-255,5738,223462,70,341079
18395,0.014975,172.31.40.0-255,66,223528,70,341079
18396,0.017135,74.125.24.0-255,4320,227848,70,341079
18397,0.017145,172.31.40.0-255,66,227914,70,341079
18398,0.017176,74.125.24.0-255,1484,229398,70,341079
18399,0.019288,74.125.24.0-255,4320,233718,70,341079
18400,0.019295,172.31.40.0-255,66,233784,70,341079
18401,0.021449,74.125.24.0-255,5738,239522,70,341079
18402,0.021456,172.31.40.0-255,66,239588,70,341079
18403,0.023645,74.125.24.0-255,5738,245326,70,341079
18404,0.023652,172.31.40.0-255,66,245392,70,341079
18405,0.025807,74.125.24.0-255,5738,251130,70,341079
18406,0.025814,172.31.40.0-255,66,251196,70,341079
18407,0.027986,74.125.24.0-255,5738,256934,70,341079
18408,0.027993,172.31.40.0-255,66,257000,70,341079
18409,0.029718,172.31.40.0-255,172,257172,70,341079
18410,0.029747,172.31.40.0-255,1118,258290,70,341079
18411,0.02981,172.31.40.0-255,1514,259804,70,341079
18412,0.029811,172.31.40.0-255,1514,261318,70,341079
18413,0.02984,172.31.40.0-255,844,262162,70,341079
18414,0.030147,74.125.24.0-255,5738,267900,70,341079
18415,0.030154,172.31.40.0-255,66,267966,70,341079
18416,0.031395,104.244.42.0-255,66,268032,70,341079
18417,0.031426,104.244.42.0-255,66,268098,70,341079
18418,0.031499,104.244.42.0-255,66,268164,70,341079
18419,0.03151,104.244.42.0-255,66,268230,70,341079
18420,0.032286,74.125.24.0-255,5738,273968,70,341079
18421,0.032291,172.31.40.0-255,66,274034,70,341079
18422,0.034455,74.125.24.0-255,5738,279772,70,341079
18423,0.034461,172.31.40.0-255,66,279838,70,341079
18424,0.03663,74.125.24.0-255,5738,285576,70,341079
18425,0.036637,172.31.40.0-255,66,285642,70,341079
18426,0.038776,74.125.24.0-255,5738,291380,70,341079
18427,0.038782,172.31.40.0-255,66,291446,70,341079
18428,0.040904,74.125.24.0-255,5738,297184,70,341079
18429,0.04091,172.31.40.0-255,66,297250,70,341079
18430,0.043044,74.125.24.0-255,4320,301570,70,341079
18431,0.043051,172.31.40.0-255,66,301636,70,341079
18432,0.043081,74.125.24.0-255,1484,303120,70,341079
18433,0.045208,74.125.24.0-255,4320,307440,70,341079
18434,0.045213,172.31.40.0-255,66,307506,70,341079
18435,0.04738,74.125.24.0-255,4320,311826,70,341079
18436,0.047385,172.31.40.0-255,66,311892,70,341079
18437,0.047411,74.125.24.0-255,1484,313376,70,341079
18438,0.04952,74.125.24.0-255,4320,317696,70,341079
18439,0.049528,172.31.40.0-255,66,317762,70,341079
18440,0.051689,74.125.24.0-255,5738,323500,70,341079
18441,0.051697,172.31.40.0-255,66,323566,70,341079
18442,0.053826,74.125.24.0-255,5738,329304,70,341079
18443,0.053832,172.31.40.0-255,66,329370,70,341079
18444,0.055972,74.125.24.0-255,5738,335108,70,341079
18445,0.055979,172.31.40.0-255,66,335174,70,341079
18446,0.058109,74.125.24.0-255,5668,340842,70,341079
18447,0.058116,172.31.40.0-255,66,340908,70,341079
18448,0.058307,172.31.40.0-255,105,341013,70,341079
18449,0.060415,74.125.24.0-255,66,341079,70,341079
18450,0.0,74.125.24.0-255,148,148,70,274089
18451,1.6e-05,172.31.40.0-255,66,214,70,274089
18452,2.3e-05,74.125.24.0-255,1484,1698,70,274089
18453,2.8e-05,172.31.40.0-255,66,1764,70,274089
18454,3.3e-05,74.125.24.0-255,2902,4666,70,274089
18455,3.7e-05,172.31.40.0-255,66,4732,70,274089
18456,4.3e-05,74.125.24.0-255,2902,7634,70,274089
18457,4.6e-05,172.31.40.0-255,66,7700,70,274089
18458,7.5e-05,74.125.24.0-255,4320,12020,70,274089
18459,7.8e-05,172.31.40.0-255,66,12086,70,274089
18460,8.2e-05,74.125.24.0-255,2100,14186,70,274089
18461,8.4e-05,172.31.40.0-255,66,14252,70,274089
18462,0.000153,74.125.24.0-255,1484,15736,70,274089
18463,0.000156,172.31.40.0-255,66,15802,70,274089
18464,0.000161,74.125.24.0-255,2902,18704,70,274089
18465,0.000163,172.31.40.0-255,66,18770,70,274089
18466,0.00017,74.125.24.0-255,5738,24508,70,274089
18467,0.000173,172.31.40.0-255,66,24574,70,274089
18468,0.000211,172.31.40.0-255,66,24640,70,274089
18469,0.000239,74.125.24.0-255,2543,27183,70,274089
18470,0.000241,172.31.40.0-255,66,27249,70,274089
18471,0.000255,172.31.40.0-255,66,27315,70,274089
18472,0.000275,74.125.24.0-255,8574,35889,70,274089
18473,0.000278,172.31.40.0-255,66,35955,70,274089
18474,0.000303,74.125.24.0-255,6732,42687,70,274089
18475,0.000306,172.31.40.0-255,66,42753,70,274089
18476,0.000393,74.125.24.0-255,383,43136,70,274089
18477,0.000397,172.31.40.0-255,66,43202,70,274089
18478,0.000618,74.125.24.0-255,1484,44686,70,274089
18479,0.000623,172.31.40.0-255,66,44752,70,274089
18480,0.00063,74.125.24.0-255,2902,47654,70,274089
18481,0.000632,172.31.40.0-255,66,47720,70,274089
18482,0.000649,74.125.24.0-255,5738,53458,70,274089
18483,0.000652,172.31.40.0-255,66,53524,70,274089
18484,0.000671,74.125.24.0-255,1484,55008,70,274089
18485,0.000692,74.125.24.0-255,8574,63582,70,274089
18486,0.000695,172.31.40.0-255,66,63648,70,274089
18487,0.000718,74.125.24.0-255,8574,72222,70,274089
18488,0.000721,172.31.40.0-255,66,72288,70,274089
18489,0.000759,74.125.24.0-255,2902,75190,70,274089
18490,0.000762,172.31.40.0-255,66,75256,70,274089
18491,0.000782,74.125.24.0-255,2184,77440,70,274089
18492,0.000785,172.31.40.0-255,66,77506,70,274089
18493,0.000809,74.125.24.0-255,1484,78990,70,274089
18494,0.00082,74.125.24.0-255,1484,80474,70,274089
18495,0.000823,172.31.40.0-255,66,80540,70,274089
18496,0.000826,74.125.24.0-255,1484,82024,70,274089
18497,0.00085,74.125.24.0-255,5738,87762,70,274089
18498,0.000853,172.31.40.0-255,66,87828,70,274089
18499,0.000861,74.125.24.0-255,7156,94984,70,274089
18500,0.000865,172.31.40.0-255,66,95050,70,274089
18501,0.000879,74.125.24.0-255,4320,99370,70,274089
18502,0.000881,172.31.40.0-255,66,99436,70,274089
18503,0.000914,74.125.24.0-255,5738,105174,70,274089
18504,0.000922,172.31.40.0-255,66,105240,70,274089
18505,0.000941,74.125.24.0-255,6438,111678,70,274089
18506,0.000944,172.31.40.0-255,66,111744,70,274089
18507,0.000947,74.125.24.0-255,1484,113228,70,274089
18508,0.000967,74.125.24.0-255,7156,120384,70,274089
18509,0.00097,172.31.40.0-255,66,120450,70,274089
18510,0.000992,74.125.24.0-255,4320,124770,70,274089
18511,0.001,74.125.24.0-255,8574,133344,70,274089
18512,0.001004,172.31.40.0-255,66,133410,70,274089
18513,0.001012,172.31.40.0-255,66,133476,70,274089
18514,0.001034,74.125.24.0-255,2902,136378,70,274089
18515,0.001036,172.31.40.0-255,66,136444,70,274089
18516,0.001062,74.125.24.0-255,5738,142182,70,274089
18517,0.001065,172.31.40.0-255,66,142248,70,274089
18518,0.001087,74.125.24.0-255,3602,145850,70,274089
18519,0.001091,172.31.40.0-255,66,145916,70,274089
18520,0.001094,74.125.24.0-255,1484,147400,70,274089
18521,0.001098,74.125.24.0-255,2902,150302,70,274089
18522,0.001101,172.31.40.0-255,66,150368,70,274089
18523,0.001104,74.125.24.0-255,1484,151852,70,274089
18524,0.001124,74.125.24.0-255,4320,156172,70,274089
18525,0.001127,172.31.40.0-255,66,156238,70,274089
18526,0.001185,74.125.24.0-255,7156,163394,70,274089
18527,0.001188,172.31.40.0-255,66,163460,70,274089
18528,0.001217,74.125.24.0-255,5738,169198,70,274089
18529,0.00122,172.31.40.0-255,66,169264,70,274089
18530,0.00123,74.125.24.0-255,10692,179956,70,274089
18531,0.001232,172.31.40.0-255,66,180022,70,274089
18532,0.0014,74.125.24.0-255,1484,181506,70,274089
18533,0.001407,74.125.24.0-255,2902,184408,70,274089
18534,0.001411,172.31.40.0-255,66,184474,70,274089
18535,0.001437,74.125.24.0-255,5738,190212,70,274089
18536,0.00144,172.31.40.0-255,66,190278,70,274089
18537,0.001447,74.125.24.0-255,7156,197434,70,274089
18538,0.001449,172.31.40.0-255,66,197500,70,274089
18539,0.001466,74.125.24.0-255,5738,203238,70,274089
18540,0.001469,172.31.40.0-255,66,203304,70,274089
18541,0.001475,74.125.24.0-255,5738,209042,70,274089
18542,0.001478,172.31.40.0-255,66,209108,70,274089
18543,0.001501,74.125.24.0-255,2902,212010,70,274089
18544,0.001505,172.31.40.0-255,66,212076,70,274089
18545,0.001544,74.125.24.0-255,5738,217814,70,274089
18546,0.001549,172.31.40.0-255,66,217880,70,274089
18547,0.001591,172.31.40.0-255,66,217946,70,274089
18548,0.001614,74.125.24.0-255,3602,221548,70,274089
18549,0.001616,172.31.40.0-255,66,221614,70,274089
18550,0.00163,172.31.40.0-255,66,221680,70,274089
18551,0.001643,172.31.40.0-255,66,221746,70,274089
18552,0.001659,172.31.40.0-255,66,221812,70,274089
18553,0.001663,74.125.24.0-255,2902,224714,70,274089
18554,0.001666,172.31.40.0-255,66,224780,70,274089
18555,0.001703,172.31.40.0-255,66,224846,70,274089
18556,0.001752,172.31.40.0-255,66,224912,70,274089
18557,0.001757,74.125.24.0-255,4320,229232,70,274089
18558,0.00176,172.31.40.0-255,66,229298,70,274089
18559,0.001794,172.31.40.0-255,66,229364,70,274089
18560,0.001803,74.125.24.0-255,9992,239356,70,274089
18561,0.001805,172.31.40.0-255,66,239422,70,274089
18562,0.001854,74.125.24.0-255,1484,240906,70,274089
18563,0.001884,74.125.24.0-255,2184,243090,70,274089
18564,0.001887,172.31.40.0-255,66,243156,70,274089
18565,0.001893,74.125.24.0-255,4320,247476,70,274089
18566,0.001895,172.31.40.0-255,66,247542,70,274089
18567,0.001904,74.125.24.0-255,9992,257534,70,274089
18568,0.001907,172.31.40.0-255,66,257600,70,274089
18569,0.001914,74.125.24.0-255,7156,264756,70,274089
18570,0.001916,172.31.40.0-255,66,264822,70,274089
18571,0.001921,74.125.24.0-255,3433,268255,70,274089
18572,0.001923,172.31.40.0-255,66,268321,70,274089
18573,0.001948,74.125.24.0-255,105,268426,70,274089
18574,0.0084,172.31.40.0-255,66,268492,70,274089
18575,0.008437,172.31.40.0-255,105,268597,70,274089
18576,0.010591,74.125.24.0-255,66,268663,70,274089
18577,0.030182,172.31.40.0-255,172,268835,70,274089
18578,0.030216,172.31.40.0-255,1116,269951,70,274089
18579,0.030285,172.31.40.0-255,1514,271465,70,274089
18580,0.030286,172.31.40.0-255,1514,272979,70,274089
18581,0.030312,172.31.40.0-255,846,273825,70,274089
18582,0.031846,104.244.42.0-255,66,273891,70,274089
18583,0.031921,104.244.42.0-255,66,273957,70,274089
18584,0.031977,104.244.42.0-255,66,274023,70,274089
18585,0.03199,104.244.42.0-255,66,274089,70,274089
18586,0.0,74.125.200.0-255,153,153,70,239533
18587,2.1e-05,172.31.40.0-255,66,219,70,239533
18588,2.8e-05,74.125.200.0-255,1484,1703,70,239533
18589,3.3e-05,172.31.40.0-255,66,1769,70,239533
18590,3.8e-05,74.125.200.0-255,2902,4671,70,239533
18591,4.1e-05,172.31.40.0-255,66,4737,70,239533
18592,6e-05,74.125.200.0-255,2902,7639,70,239533
18593,6.3e-05,172.31.40.0-255,66,7705,70,239533
18594,9e-05,74.125.200.0-255,4320,12025,70,239533
18595,9.4e-05,172.31.40.0-255,66,12091,70,239533
18596,0.000123,74.125.200.0-255,2090,14181,70,239533
18597,0.000126,172.31.40.0-255,66,14247,70,239533
18598,0.009323,74.125.200.0-255,1484,15731,70,239533
18599,0.009341,172.31.40.0-255,66,15797,70,239533
18600,0.009354,74.125.200.0-255,2902,18699,70,239533
18601,0.009357,172.31.40.0-255,66,18765,70,239533
18602,0.009361,74.125.200.0-255,1484,20249,70,239533
18603,0.009363,172.31.40.0-255,66,20315,70,239533
18604,0.011759,74.125.200.0-255,2902,23217,70,239533
18605,0.011768,172.31.40.0-255,66,23283,70,239533
18606,0.011789,74.125.200.0-255,2902,26185,70,239533
18607,0.011792,172.31.40.0-255,66,26251,70,239533
18608,0.014192,74.125.200.0-255,4320,30571,70,239533
18609,0.0142,172.31.40.0-255,66,30637,70,239533
18610,0.01422,74.125.200.0-255,1484,32121,70,239533
18611,0.014222,172.31.40.0-255,66,32187,70,239533
18612,0.016483,172.31.40.0-255,172,32359,70,239533
18613,0.016515,172.31.40.0-255,1114,33473,70,239533
18614,0.016579,172.31.40.0-255,1514,34987,70,239533
18615,0.016581,172.31.40.0-255,1514,36501,70,239533
18616,0.016618,74.125.200.0-255,5738,42239,70,239533
18617,0.016624,172.31.40.0-255,66,42305,70,239533
18618,0.01663,172.31.40.0-255,848,43153,70,239533
18619,0.018155,104.244.42.0-255,66,43219,70,239533
18620,0.018267,104.244.42.0-255,66,43285,70,239533
18621,0.018271,104.244.42.0-255,66,43351,70,239533
18622,0.018315,104.244.42.0-255,66,43417,70,239533
18623,0.019047,74.125.200.0-255,5738,49155,70,239533
18624,0.019059,172.31.40.0-255,66,49221,70,239533
18625,0.021486,74.125.200.0-255,5738,54959,70,239533
18626,0.021493,172.31.40.0-255,66,55025,70,239533
18627,0.023912,74.125.200.0-255,5738,60763,70,239533
18628,0.02392,172.31.40.0-255,66,60829,70,239533
18629,0.02635,74.125.200.0-255,5738,66567,70,239533
18630,0.026358,172.31.40.0-255,66,66633,70,239533
18631,0.028792,74.125.200.0-255,5738,72371,70,239533
18632,0.028799,172.31.40.0-255,66,72437,70,239533
18633,0.031229,74.125.200.0-255,5738,78175,70,239533
18634,0.031236,172.31.40.0-255,66,78241,70,239533
18635,0.033659,74.125.200.0-255,5738,83979,70,239533
18636,0.033666,172.31.40.0-255,66,84045,70,239533
18637,0.03609,74.125.200.0-255,5738,89783,70,239533
18638,0.0361,172.31.40.0-255,66,89849,70,239533
18639,0.038518,74.125.200.0-255,5738,95587,70,239533
18640,0.038526,172.31.40.0-255,66,95653,70,239533
18641,0.04095,74.125.200.0-255,5738,101391,70,239533
18642,0.040957,172.31.40.0-255,66,101457,70,239533
18643,0.043412,74.125.200.0-255,5738,107195,70,239533
18644,0.04342,172.31.40.0-255,66,107261,70,239533
18645,0.045865,74.125.200.0-255,5738,112999,70,239533
18646,0.045873,172.31.40.0-255,66,113065,70,239533
18647,0.048318,74.125.200.0-255,5738,118803,70,239533
18648,0.048326,172.31.40.0-255,66,118869,70,239533
18649,0.050752,74.125.200.0-255,5738,124607,70,239533
18650,0.050763,172.31.40.0-255,66,124673,70,239533
18651,0.053195,74.125.200.0-255,5738,130411,70,239533
18652,0.053203,172.31.40.0-255,66,130477,70,239533
18653,0.055637,74.125.200.0-255,5738,136215,70,239533
18654,0.055644,172.31.40.0-255,66,136281,70,239533
18655,0.058069,74.125.200.0-255,5738,142019,70,239533
18656,0.058076,172.31.40.0-255,66,142085,70,239533
18657,0.060507,74.125.200.0-255,5738,147823,70,239533
18658,0.060514,172.31.40.0-255,66,147889,70,239533
18659,0.062948,74.125.200.0-255,5738,153627,70,239533
18660,0.062955,172.31.40.0-255,66,153693,70,239533
18661,0.065375,74.125.200.0-255,5738,159431,70,239533
18662,0.065383,172.31.40.0-255,66,159497,70,239533
18663,0.067807,74.125.200.0-255,5738,165235,70,239533
18664,0.067813,172.31.40.0-255,66,165301,70,239533
18665,0.070227,74.125.200.0-255,5738,171039,70,239533
18666,0.070245,172.31.40.0-255,66,171105,70,239533
18667,0.072667,74.125.200.0-255,5738,176843,70,239533
18668,0.072674,172.31.40.0-255,66,176909,70,239533
18669,0.075099,74.125.200.0-255,5738,182647,70,239533
18670,0.075106,172.31.40.0-255,66,182713,70,239533
18671,0.077524,74.125.200.0-255,5738,188451,70,239533
18672,0.07753,172.31.40.0-255,66,188517,70,239533
18673,0.07995,74.125.200.0-255,5738,194255,70,239533
18674,0.079956,172.31.40.0-255,66,194321,70,239533
18675,0.082388,74.125.200.0-255,5738,200059,70,239533
18676,0.082399,172.31.40.0-255,66,200125,70,239533
18677,0.084817,74.125.200.0-255,5738,205863,70,239533
18678,0.084824,172.31.40.0-255,66,205929,70,239533
18679,0.08724,74.125.200.0-255,5738,211667,70,239533
18680,0.087247,172.31.40.0-255,66,211733,70,239533
18681,0.089678,74.125.200.0-255,5738,217471,70,239533
18682,0.089685,172.31.40.0-255,66,217537,70,239533
18683,0.092105,74.125.200.0-255,5738,223275,70,239533
18684,0.09211,172.31.40.0-255,66,223341,70,239533
18685,0.094574,74.125.200.0-255,2902,226243,70,239533
18686,0.094581,172.31.40.0-255,66,226309,70,239533
18687,0.094601,74.125.200.0-255,2902,229211,70,239533
18688,0.094604,172.31.40.0-255,66,229277,70,239533
18689,0.097013,74.125.200.0-255,4320,233597,70,239533
18690,0.097019,172.31.40.0-255,66,233663,70,239533
18691,0.097036,74.125.200.0-255,1484,235147,70,239533
18692,0.099437,74.125.200.0-255,4320,239467,70,239533
18693,0.099445,172.31.40.0-255,66,239533,70,239533
18694,0.0,74.125.24.0-255,431,431,70,134383
18695,2e-05,74.125.24.0-255,1484,1915,70,134383
18696,3.2e-05,172.31.40.0-255,66,1981,70,134383
18697,4.2e-05,74.125.24.0-255,4320,6301,70,134383
18698,4.6e-05,172.31.40.0-255,66,6367,70,134383
18699,0.00018,74.125.24.0-255,7797,14164,70,134383
18700,0.000185,172.31.40.0-255,66,14230,70,134383
18701,0.000494,74.125.24.0-255,8574,22804,70,134383
18702,0.0005,172.31.40.0-255,66,22870,70,134383
18703,0.000838,74.125.24.0-255,7156,30026,70,134383
18704,0.000845,172.31.40.0-255,66,30092,70,134383
18705,0.002274,74.125.24.0-255,4320,34412,70,134383
18706,0.002496,74.125.24.0-255,4320,38732,70,134383
18707,0.003031,172.31.40.0-255,66,38798,70,134383
18708,0.003113,74.125.24.0-255,7156,45954,70,134383
18709,0.003145,172.31.40.0-255,66,46020,70,134383
18710,0.003482,172.31.40.0-255,66,46086,70,134383
18711,0.003695,74.125.24.0-255,7156,53242,70,134383
18712,0.0037,172.31.40.0-255,66,53308,70,134383
18713,0.005007,74.125.24.0-255,7156,60464,70,134383
18714,0.005023,74.125.24.0-255,4320,64784,70,134383
18715,0.005108,74.125.24.0-255,7156,71940,70,134383
18716,0.005479,74.125.24.0-255,7156,79096,70,134383
18717,0.005745,74.125.24.0-255,1484,80580,70,134383
18718,0.00635,172.31.40.0-255,66,80646,70,134383
18719,0.006474,74.125.24.0-255,1484,82130,70,134383
18720,0.006501,74.125.24.0-255,6652,88782,70,134383
18721,0.006505,172.31.40.0-255,66,88848,70,134383
18722,0.008336,172.31.40.0-255,66,88914,70,134383
18723,0.008388,172.31.40.0-255,66,88980,70,134383
18724,0.008428,74.125.24.0-255,4320,93300,70,134383
18725,0.008431,172.31.40.0-255,66,93366,70,134383
18726,0.00846,172.31.40.0-255,66,93432,70,134383
18727,0.008513,172.31.40.0-255,66,93498,70,134383
18728,0.008892,74.125.24.0-255,9992,103490,70,134383
18729,0.008899,172.31.40.0-255,66,103556,70,134383
18730,0.008942,172.31.40.0-255,66,103622,70,134383
18731,0.008977,74.125.24.0-255,7968,111590,70,134383
18732,0.008981,172.31.40.0-255,66,111656,70,134383
18733,0.010308,74.125.24.0-255,6344,118000,70,134383
18734,0.010317,172.31.40.0-255,66,118066,70,134383
18735,0.01037,74.125.24.0-255,7156,125222,70,134383
18736,0.010374,172.31.40.0-255,66,125288,70,134383
18737,0.010457,74.125.24.0-255,1484,126772,70,134383
18738,0.010775,74.125.24.0-255,3178,129950,70,134383
18739,0.013983,172.31.40.0-255,66,130016,70,134383
18740,0.02087,172.31.40.0-255,105,130121,70,134383
18741,0.022848,74.125.24.0-255,66,130187,70,134383
18742,0.038687,172.31.40.0-255,172,130359,70,134383
18743,0.03872,172.31.40.0-255,1113,131472,70,134383
18744,0.038784,172.31.40.0-255,1514,132986,70,134383
18745,0.038786,172.31.40.0-255,1331,134317,70,134383
18746,0.041167,104.244.42.0-255,66,134383,70,134383
18747,0.0,172.217.194.0-255,152,152,70,347162
18748,2.8e-05,172.31.40.0-255,66,218,70,347162
18749,3.5e-05,172.217.194.0-255,1484,1702,70,347162
18750,3.9e-05,172.31.40.0-255,66,1768,70,347162
18751,4.5e-05,172.217.194.0-255,2902,4670,70,347162
18752,4.8e-05,172.31.40.0-255,66,4736,70,347162
18753,5.5e-05,172.217.194.0-255,7156,11892,70,347162
18754,5.8e-05,172.31.40.0-255,66,11958,70,347162
18755,0.000109,172.31.40.0-255,66,12024,70,347162
18756,0.000113,172.217.194.0-255,2543,14567,70,347162
18757,0.000115,172.31.40.0-255,66,14633,70,347162
18758,0.000149,172.217.194.0-255,1484,16117,70,347162
18759,0.000151,172.31.40.0-255,66,16183,70,347162
18760,0.000154,172.217.194.0-255,1484,17667,70,347162
18761,0.000156,172.31.40.0-255,66,17733,70,347162
18762,0.000171,172.217.194.0-255,1484,19217,70,347162
18763,0.000173,172.31.40.0-255,66,19283,70,347162
18764,0.00018,172.217.194.0-255,5738,25021,70,347162
18765,0.000182,172.31.40.0-255,66,25087,70,347162
18766,0.000187,172.217.194.0-255,4320,29407,70,347162
18767,0.000189,172.31.40.0-255,66,29473,70,347162
18768,0.000205,172.217.194.0-255,2902,32375,70,347162
18769,0.000207,172.31.40.0-255,66,32441,70,347162
18770,0.000215,172.217.194.0-255,8574,41015,70,347162
18771,0.000217,172.31.40.0-255,66,41081,70,347162
18772,0.000249,172.217.194.0-255,4320,45401,70,347162
18773,0.000251,172.31.40.0-255,66,45467,70,347162
18774,0.000269,172.217.194.0-255,3881,49348,70,347162
18775,0.000271,172.31.40.0-255,66,49414,70,347162
18776,0.000274,172.217.194.0-255,116,49530,70,347162
18777,0.000276,172.31.40.0-255,66,49596,70,347162
18778,0.000515,172.217.194.0-255,378,49974,70,347162
18779,0.000758,172.217.194.0-255,1484,51458,70,347162
18780,0.000762,172.31.40.0-255,66,51524,70,347162
18781,0.000768,172.217.194.0-255,2902,54426,70,347162
18782,0.000769,172.31.40.0-255,66,54492,70,347162
18783,0.000772,172.217.194.0-255,1484,55976,70,347162
18784,0.000796,172.217.194.0-255,4320,60296,70,347162
18785,0.000799,172.31.40.0-255,66,60362,70,347162
18786,0.000804,172.217.194.0-255,5738,66100,70,347162
18787,0.000806,172.31.40.0-255,66,66166,70,347162
18788,0.000819,172.217.194.0-255,2902,69068,70,347162
18789,0.000821,172.31.40.0-255,66,69134,70,347162
18790,0.000854,172.217.194.0-255,2902,72036,70,347162
18791,0.000857,172.31.40.0-255,66,72102,70,347162
18792,0.000886,172.31.40.0-255,66,72168,70,347162
18793,0.001523,172.217.194.0-255,1484,73652,70,347162
18794,0.001534,172.217.194.0-255,2902,76554,70,347162
18795,0.001539,172.31.40.0-255,66,76620,70,347162
18796,0.001547,172.217.194.0-255,5738,82358,70,347162
18797,0.001549,172.31.40.0-255,66,82424,70,347162
18798,0.001552,172.217.194.0-255,1484,83908,70,347162
18799,0.001579,172.217.194.0-255,7156,91064,70,347162
18800,0.001582,172.31.40.0-255,66,91130,70,347162
18801,0.001616,172.217.194.0-255,4320,95450,70,347162
18802,0.001619,172.31.40.0-255,66,95516,70,347162
18803,0.001647,172.217.194.0-255,10692,106208,70,347162
18804,0.00165,172.31.40.0-255,66,106274,70,347162
18805,0.001686,172.217.194.0-255,1484,107758,70,347162
18806,0.001706,172.217.194.0-255,2902,110660,70,347162
18807,0.00171,172.31.40.0-255,66,110726,70,347162
18808,0.001715,172.217.194.0-255,2902,113628,70,347162
18809,0.001717,172.31.40.0-255,66,113694,70,347162
18810,0.001734,172.217.194.0-255,2902,116596,70,347162
18811,0.001736,172.31.40.0-255,66,116662,70,347162
18812,0.001753,172.217.194.0-255,5738,122400,70,347162
18813,0.001755,172.31.40.0-255,66,122466,70,347162
18814,0.00178,172.217.194.0-255,7156,129622,70,347162
18815,0.001782,172.31.40.0-255,66,129688,70,347162
18816,0.001789,172.217.194.0-255,5738,135426,70,347162
18817,0.001791,172.31.40.0-255,66,135492,70,347162
18818,0.001821,172.217.194.0-255,5020,140512,70,347162
18819,0.001824,172.31.40.0-255,66,140578,70,347162
18820,0.001943,172.217.194.0-255,1484,142062,70,347162
18821,0.001949,172.217.194.0-255,2902,144964,70,347162
18822,0.001954,172.31.40.0-255,66,145030,70,347162
18823,0.001961,172.217.194.0-255,5738,150768,70,347162
18824,0.001964,172.31.40.0-255,66,150834,70,347162
18825,0.001969,172.217.194.0-255,4320,155154,70,347162
18826,0.001972,172.31.40.0-255,66,155220,70,347162
18827,0.002,172.217.194.0-255,2902,158122,70,347162
18828,0.002003,172.31.40.0-255,66,158188,70,347162
18829,0.002029,172.217.194.0-255,8574,166762,70,347162
18830,0.002033,172.31.40.0-255,66,166828,70,347162
18831,0.00204,172.217.194.0-255,7856,174684,70,347162
18832,0.002043,172.31.40.0-255,66,174750,70,347162
18833,0.002074,172.217.194.0-255,1484,176234,70,347162
18834,0.002117,172.31.40.0-255,66,176300,70,347162
18835,0.002155,172.217.194.0-255,2902,179202,70,347162
18836,0.002157,172.31.40.0-255,66,179268,70,347162
18837,0.002246,172.217.194.0-255,1484,180752,70,347162
18838,0.002265,172.217.194.0-255,2902,183654,70,347162
18839,0.002271,172.217.194.0-255,4320,187974,70,347162
18840,0.002289,172.217.194.0-255,1484,189458,70,347162
18841,0.002294,172.217.194.0-255,2902,192360,70,347162
18842,0.002309,172.217.194.0-255,2902,195262,70,347162
18843,0.002341,172.217.194.0-255,7156,202418,70,347162
18844,0.002345,172.217.194.0-255,2902,205320,70,347162
18845,0.00735,172.31.40.0-255,66,205386,70,347162
18846,0.007507,172.31.40.0-255,101,205487,70,347162
18847,0.009641,172.217.194.0-255,5738,211225,70,347162
18848,0.009648,172.31.40.0-255,66,211291,70,347162
18849,0.009756,172.217.194.0-255,66,211357,70,347162
18850,0.011928,172.217.194.0-255,2902,214259,70,347162
18851,0.011936,172.31.40.0-255,66,214325,70,347162
18852,0.011957,172.217.194.0-255,2902,217227,70,347162
18853,0.01196,172.31.40.0-255,66,217293,70,347162
18854,0.014218,172.217.194.0-255,5738,223031,70,347162
18855,0.014226,172.31.40.0-255,66,223097,70,347162
18856,0.016535,172.217.194.0-255,5738,228835,70,347162
18857,0.016544,172.31.40.0-255,66,228901,70,347162
18858,0.018812,172.217.194.0-255,5738,234639,70,347162
18859,0.018819,172.31.40.0-255,66,234705,70,347162
18860,0.021109,172.217.194.0-255,5738,240443,70,347162
18861,0.021117,172.31.40.0-255,66,240509,70,347162
18862,0.0234,172.217.194.0-255,5738,246247,70,347162
18863,0.023408,172.31.40.0-255,66,246313,70,347162
18864,0.025681,172.217.194.0-255,5738,252051,70,347162
18865,0.025686,172.31.40.0-255,66,252117,70,347162
18866,0.025848,172.31.40.0-255,172,252289,70,347162
18867,0.025873,172.31.40.0-255,1118,253407,70,347162
18868,0.025984,172.31.40.0-255,1514,254921,70,347162
18869,0.025986,172.31.40.0-255,1324,256245,70,347162
18870,0.027417,104.244.42.0-255,66,256311,70,347162
18871,0.027427,104.244.42.0-255,66,256377,70,347162
18872,0.027518,104.244.42.0-255,66,256443,70,347162
18873,0.027947,172.217.194.0-255,5738,262181,70,347162
18874,0.027954,172.31.40.0-255,66,262247,70,347162
18875,0.030253,172.217.194.0-255,5738,267985,70,347162
18876,0.030259,172.31.40.0-255,66,268051,70,347162
18877,0.03255,172.217.194.0-255,5738,273789,70,347162
18878,0.032557,172.31.40.0-255,66,273855,70,347162
18879,0.034858,172.217.194.0-255,5738,279593,70,347162
18880,0.034865,172.31.40.0-255,66,279659,70,347162
18881,0.03715,172.217.194.0-255,5738,285397,70,347162
18882,0.037156,172.31.40.0-255,66,285463,70,347162
18883,0.039453,172.217.194.0-255,5738,291201,70,347162
18884,0.039459,172.31.40.0-255,66,291267,70,347162
18885,0.041769,172.217.194.0-255,5738,297005,70,347162
18886,0.041776,172.31.40.0-255,66,297071,70,347162
18887,0.044075,172.217.194.0-255,5738,302809,70,347162
18888,0.044082,172.31.40.0-255,66,302875,70,347162
18889,0.046366,172.217.194.0-255,4320,307195,70,347162
18890,0.04637,172.31.40.0-255,66,307261,70,347162
18891,0.046386,172.217.194.0-255,1484,308745,70,347162
18892,0.048637,172.217.194.0-255,4320,313065,70,347162
18893,0.048644,172.31.40.0-255,66,313131,70,347162
18894,0.050938,172.217.194.0-255,5738,318869,70,347162
18895,0.050944,172.31.40.0-255,66,318935,70,347162
18896,0.053218,172.217.194.0-255,5738,324673,70,347162
18897,0.053223,172.31.40.0-255,66,324739,70,347162
18898,0.055498,172.217.194.0-255,5738,330477,70,347162
18899,0.055503,172.31.40.0-255,66,330543,70,347162
18900,0.057777,172.217.194.0-255,4320,334863,70,347162
18901,0.057783,172.31.40.0-255,66,334929,70,347162
18902,0.057801,172.217.194.0-255,1484,336413,70,347162
18903,0.06007,172.217.194.0-255,4320,340733,70,347162
18904,0.060077,172.31.40.0-255,66,340799,70,347162
18905,0.062354,172.217.194.0-255,5738,346537,70,347162
18906,0.062361,172.31.40.0-255,66,346603,70,347162
18907,0.064622,172.217.194.0-255,388,346991,70,347162
18908,0.06478,172.31.40.0-255,105,347096,70,347162
18909,0.071692,172.217.194.0-255,66,347162,70,347162
18910,0.0,74.125.68.0-255,153,153,70,339433
18911,1.7e-05,172.31.40.0-255,66,219,70,339433
18912,2.5e-05,74.125.68.0-255,1484,1703,70,339433
18913,2.8e-05,172.31.40.0-255,66,1769,70,339433
18914,4.3e-05,74.125.68.0-255,2902,4671,70,339433
18915,4.8e-05,172.31.40.0-255,66,4737,70,339433
18916,5.5e-05,74.125.68.0-255,5738,10475,70,339433
18917,5.8e-05,172.31.40.0-255,66,10541,70,339433
18918,6.3e-05,74.125.68.0-255,3473,14014,70,339433
18919,6.6e-05,172.31.40.0-255,66,14080,70,339433
18920,0.000365,74.125.68.0-255,1484,15564,70,339433
18921,0.000373,172.31.40.0-255,66,15630,70,339433
18922,0.000378,74.125.68.0-255,2902,18532,70,339433
18923,0.000381,172.31.40.0-255,66,18598,70,339433
18924,0.000418,74.125.68.0-255,5738,24336,70,339433
18925,0.000421,172.31.40.0-255,66,24402,70,339433
18926,0.000427,74.125.68.0-255,5738,30140,70,339433
18927,0.00043,172.31.40.0-255,66,30206,70,339433
18928,0.000473,74.125.68.0-255,1484,31690,70,339433
18929,0.000476,172.31.40.0-255,66,31756,70,339433
18930,0.000516,172.31.40.0-255,66,31822,70,339433
18931,0.00053,172.31.40.0-255,66,31888,70,339433
18932,0.000541,74.125.68.0-255,5738,37626,70,339433
18933,0.000543,172.31.40.0-255,66,37692,70,339433
18934,0.000547,74.125.68.0-255,766,38458,70,339433
18935,0.000548,172.31.40.0-255,66,38524,70,339433
18936,0.000601,74.125.68.0-255,399,38923,70,339433
18937,0.000609,172.31.40.0-255,66,38989,70,339433
18938,0.000675,74.125.68.0-255,111,39100,70,339433
18939,0.000678,172.31.40.0-255,66,39166,70,339433
18940,0.000953,74.125.68.0-255,1484,40650,70,339433
18941,0.000989,74.125.68.0-255,2902,43552,70,339433
18942,0.00101,74.125.68.0-255,2902,46454,70,339433
18943,0.001014,172.31.40.0-255,66,46520,70,339433
18944,0.00102,172.31.40.0-255,66,46586,70,339433
18945,0.001046,74.125.68.0-255,1484,48070,70,339433
18946,0.001058,74.125.68.0-255,5738,53808,70,339433
18947,0.001085,74.125.68.0-255,4320,58128,70,339433
18948,0.001094,172.31.40.0-255,66,58194,70,339433
18949,0.001102,74.125.68.0-255,2902,61096,70,339433
18950,0.001106,74.125.68.0-255,2902,63998,70,339433
18951,0.001111,74.125.68.0-255,4320,68318,70,339433
18952,0.001124,74.125.68.0-255,1484,69802,70,339433
18953,0.001134,172.31.40.0-255,66,69868,70,339433
18954,0.001138,74.125.68.0-255,2902,72770,70,339433
18955,0.001174,74.125.68.0-255,766,73536,70,339433
18956,0.001184,172.31.40.0-255,66,73602,70,339433
18957,0.003033,74.125.68.0-255,1484,75086,70,339433
18958,0.003044,74.125.68.0-255,1484,76570,70,339433
18959,0.003048,172.31.40.0-255,66,76636,70,339433
18960,0.003081,74.125.68.0-255,2902,79538,70,339433
18961,0.003092,74.125.68.0-255,1484,81022,70,339433
18962,0.003106,74.125.68.0-255,2902,83924,70,339433
18963,0.00312,74.125.68.0-255,1484,85408,70,339433
18964,0.003135,74.125.68.0-255,1484,86892,70,339433
18965,0.003164,74.125.68.0-255,1484,88376,70,339433
18966,0.003175,74.125.68.0-255,2902,91278,70,339433
18967,0.003193,74.125.68.0-255,2902,94180,70,339433
18968,0.003214,74.125.68.0-255,4320,98500,70,339433
18969,0.003233,74.125.68.0-255,1484,99984,70,339433
18970,0.003247,74.125.68.0-255,4320,104304,70,339433
18971,0.003266,74.125.68.0-255,1484,105788,70,339433
18972,0.003269,74.125.68.0-255,1484,107272,70,339433
18973,0.003272,74.125.68.0-255,766,108038,70,339433
18974,0.003953,74.125.68.0-255,1484,109522,70,339433
18975,0.003969,74.125.68.0-255,2902,112424,70,339433
18976,0.003983,74.125.68.0-255,1484,113908,70,339433
18977,0.003997,74.125.68.0-255,4320,118228,70,339433
18978,0.004018,74.125.68.0-255,5738,123966,70,339433
18979,0.004038,74.125.68.0-255,5738,129704,70,339433
18980,0.004053,74.125.68.0-255,1484,131188,70,339433
18981,0.004083,74.125.68.0-255,7156,138344,70,339433
18982,0.004105,74.125.68.0-255,3602,141946,70,339433
18983,0.004111,74.125.68.0-255,7156,149102,70,339433
18984,0.004129,74.125.68.0-255,4320,153422,70,339433
18985,0.004134,74.125.68.0-255,4320,157742,70,339433
18986,0.004138,74.125.68.0-255,2902,160644,70,339433
18987,0.004151,74.125.68.0-255,2902,163546,70,339433
18988,0.004154,74.125.68.0-255,1484,165030,70,339433
18989,0.004179,74.125.68.0-255,9992,175022,70,339433
18990,0.004181,74.125.68.0-255,766,175788,70,339433
18991,0.004214,74.125.68.0-255,2902,178690,70,339433
18992,0.004241,74.125.68.0-255,9992,188682,70,339433
18993,0.004244,74.125.68.0-255,1484,190166,70,339433
18994,0.004261,74.125.68.0-255,9992,200158,70,339433
18995,0.004279,74.125.68.0-255,2902,203060,70,339433
18996,0.004282,74.125.68.0-255,2902,205962,70,339433
18997,0.004298,74.125.68.0-255,2902,208864,70,339433
18998,0.004317,74.125.68.0-255,5020,213884,70,339433
18999,0.00434,74.125.68.0-255,2902,216786,70,339433
19000,0.004359,74.125.68.0-255,2902,219688,70,339433
19001,0.004372,74.125.68.0-255,2902,222590,70,339433
19002,0.004382,74.125.68.0-255,1484,224074,70,339433
19003,0.004406,74.125.68.0-255,5738,229812,70,339433
19004,0.004422,74.125.68.0-255,2184,231996,70,339433
19005,0.004426,74.125.68.0-255,2902,234898,70,339433
19006,0.00448,74.125.68.0-255,7156,242054,70,339433
19007,0.004487,74.125.68.0-255,5738,247792,70,339433
19008,0.004494,74.125.68.0-255,7156,254948,70,339433
19009,0.00451,74.125.68.0-255,1484,256432,70,339433
19010,0.004526,74.125.68.0-255,5738,262170,70,339433
19011,0.004559,74.125.68.0-255,4320,266490,70,339433
19012,0.004596,74.125.68.0-255,3602,270092,70,339433
19013,0.004602,74.125.68.0-255,2902,272994,70,339433
19014,0.004616,74.125.68.0-255,1484,274478,70,339433
19015,0.004633,74.125.68.0-255,7156,281634,70,339433
19016,0.004667,74.125.68.0-255,4320,285954,70,339433
19017,0.004684,74.125.68.0-255,5020,290974,70,339433
19018,0.004688,74.125.68.0-255,2902,293876,70,339433
19019,0.00471,74.125.68.0-255,7156,301032,70,339433
19020,0.004732,74.125.68.0-255,9992,311024,70,339433
19021,0.004747,74.125.68.0-255,1484,312508,70,339433
19022,0.004767,74.125.68.0-255,4320,316828,70,339433
19023,0.004792,74.125.68.0-255,7856,324684,70,339433
19024,0.004798,74.125.68.0-255,4320,329004,70,339433
19025,0.004837,74.125.68.0-255,4320,333324,70,339433
19026,0.004877,74.125.68.0-255,105,333429,70,339433
19027,0.005154,172.31.40.0-255,66,333495,70,339433
19028,0.006335,172.31.40.0-255,101,333596,70,339433
19029,0.009006,74.125.68.0-255,66,333662,70,339433
19030,0.009401,172.31.40.0-255,105,333767,70,339433
19031,0.012059,74.125.68.0-255,66,333833,70,339433
19032,0.033445,172.31.40.0-255,172,334005,70,339433
19033,0.033481,172.31.40.0-255,1118,335123,70,339433
19034,0.033547,172.31.40.0-255,1514,336637,70,339433
19035,0.033549,172.31.40.0-255,1514,338151,70,339433
19036,0.033551,172.31.40.0-255,844,338995,70,339433
19037,0.035111,104.244.42.0-255,66,339061,70,339433
19038,0.035193,104.244.42.0-255,66,339127,70,339433
19039,0.035237,104.244.42.0-255,66,339193,70,339433
19040,0.035251,104.244.42.0-255,66,339259,70,339433
19041,0.036598,104.244.42.0-255,108,339367,70,339433
19042,0.036608,172.31.40.0-255,66,339433,70,339433
