,TIME,SRC,PACKET_SIZE,CUMULATIVE_PACKET_SIZE,PAGE_NUMBER,TOTAL_PACKET_SIZE
0,0.0,74.125.24.0-255,298,298,53,269287
1,1.7e-05,172.31.46.0-255,66,364,53,269287
2,2.3e-05,74.125.24.0-255,1484,1848,53,269287
3,2.7e-05,172.31.46.0-255,66,1914,53,269287
4,6.2e-05,74.125.24.0-255,4320,6234,53,269287
5,6.6e-05,172.31.46.0-255,66,6300,53,269287
6,7.3e-05,74.125.24.0-255,7156,13456,53,269287
7,7.5e-05,172.31.46.0-255,66,13522,53,269287
8,0.000121,172.31.46.0-255,66,13588,53,269287
9,0.000141,172.31.46.0-255,66,13654,53,269287
10,0.000153,172.31.46.0-255,66,13720,53,269287
11,0.000189,172.31.46.0-255,66,13786,53,269287
12,0.000211,74.125.24.0-255,5738,19524,53,269287
13,0.000213,172.31.46.0-255,66,19590,53,269287
14,0.000247,172.31.46.0-255,66,19656,53,269287
15,0.00025,74.125.24.0-255,347,20003,53,269287
16,0.000251,172.31.46.0-255,66,20069,53,269287
17,0.000311,74.125.24.0-255,1484,21553,53,269287
18,0.000314,172.31.46.0-255,66,21619,53,269287
19,0.000318,74.125.24.0-255,2902,24521,53,269287
20,0.00032,172.31.46.0-255,66,24587,53,269287
21,0.000347,74.125.24.0-255,5738,30325,53,269287
22,0.000349,172.31.46.0-255,66,30391,53,269287
23,0.000383,74.125.24.0-255,6797,37188,53,269287
24,0.000385,172.31.46.0-255,66,37254,53,269287
25,0.000411,74.125.24.0-255,4320,41574,53,269287
26,0.000413,172.31.46.0-255,66,41640,53,269287
27,0.000419,74.125.24.0-255,5738,47378,53,269287
28,0.000422,172.31.46.0-255,66,47444,53,269287
29,0.000456,74.125.24.0-255,4320,51764,53,269287
30,0.000459,172.31.46.0-255,66,51830,53,269287
31,0.00048,74.125.24.0-255,2543,54373,53,269287
32,0.000483,172.31.46.0-255,66,54439,53,269287
33,0.000822,74.125.24.0-255,1484,55923,53,269287
34,0.000829,74.125.24.0-255,2902,58825,53,269287
35,0.000832,172.31.46.0-255,66,58891,53,269287
36,0.000837,74.125.24.0-255,4320,63211,53,269287
37,0.000839,172.31.46.0-255,66,63277,53,269287
38,0.000864,74.125.24.0-255,1484,64761,53,269287
39,0.00087,74.125.24.0-255,7156,71917,53,269287
40,0.000872,172.31.46.0-255,66,71983,53,269287
41,0.000875,74.125.24.0-255,1484,73467,53,269287
42,0.000903,74.125.24.0-255,7156,80623,53,269287
43,0.000906,172.31.46.0-255,66,80689,53,269287
44,0.000911,74.125.24.0-255,4320,85009,53,269287
45,0.000913,172.31.46.0-255,66,85075,53,269287
46,0.000947,74.125.24.0-255,3054,88129,53,269287
47,0.000949,172.31.46.0-255,66,88195,53,269287
48,0.000959,172.31.46.0-255,66,88261,53,269287
49,0.000963,74.125.24.0-255,4320,92581,53,269287
50,0.000965,172.31.46.0-255,66,92647,53,269287
51,0.001001,74.125.24.0-255,3961,96608,53,269287
52,0.001004,172.31.46.0-255,66,96674,53,269287
53,0.001159,74.125.24.0-255,1484,98158,53,269287
54,0.001164,74.125.24.0-255,2902,101060,53,269287
55,0.001167,172.31.46.0-255,66,101126,53,269287
56,0.001172,74.125.24.0-255,4320,105446,53,269287
57,0.001174,172.31.46.0-255,66,105512,53,269287
58,0.001194,74.125.24.0-255,1484,106996,53,269287
59,0.001208,172.31.46.0-255,66,107062,53,269287
60,0.001211,74.125.24.0-255,1484,108546,53,269287
61,0.001252,172.31.46.0-255,66,108612,53,269287
62,0.001342,74.125.24.0-255,1484,110096,53,269287
63,0.001346,74.125.24.0-255,2902,112998,53,269287
64,0.00135,172.31.46.0-255,66,113064,53,269287
65,0.001353,74.125.24.0-255,1484,114548,53,269287
66,0.001379,74.125.24.0-255,4320,118868,53,269287
67,0.001381,172.31.46.0-255,66,118934,53,269287
68,0.001443,74.125.24.0-255,6797,125731,53,269287
69,0.001446,172.31.46.0-255,66,125797,53,269287
70,0.001477,74.125.24.0-255,1484,127281,53,269287
71,0.001493,74.125.24.0-255,1484,128765,53,269287
72,0.001495,172.31.46.0-255,66,128831,53,269287
73,0.001521,74.125.24.0-255,1484,130315,53,269287
74,0.001527,74.125.24.0-255,5738,136053,53,269287
75,0.00153,172.31.46.0-255,66,136119,53,269287
76,0.001534,74.125.24.0-255,2902,139021,53,269287
77,0.001536,172.31.46.0-255,66,139087,53,269287
78,0.001541,74.125.24.0-255,4320,143407,53,269287
79,0.001544,172.31.46.0-255,66,143473,53,269287
80,0.001576,74.125.24.0-255,5738,149211,53,269287
81,0.001579,172.31.46.0-255,66,149277,53,269287
82,0.001586,74.125.24.0-255,5738,155015,53,269287
83,0.001589,172.31.46.0-255,66,155081,53,269287
84,0.001622,74.125.24.0-255,5020,160101,53,269287
85,0.001625,172.31.46.0-255,66,160167,53,269287
86,0.00175,74.125.24.0-255,1484,161651,53,269287
87,0.001765,74.125.24.0-255,2902,164553,53,269287
88,0.001769,172.31.46.0-255,66,164619,53,269287
89,0.001775,74.125.24.0-255,5738,170357,53,269287
90,0.001777,172.31.46.0-255,66,170423,53,269287
91,0.001807,74.125.24.0-255,2902,173325,53,269287
92,0.001809,172.31.46.0-255,66,173391,53,269287
93,0.00184,172.31.46.0-255,66,173457,53,269287
94,0.001848,74.125.24.0-255,7156,180613,53,269287
95,0.001851,172.31.46.0-255,66,180679,53,269287
96,0.001882,74.125.24.0-255,3602,184281,53,269287
97,0.001887,172.31.46.0-255,66,184347,53,269287
98,0.001921,74.125.24.0-255,4320,188667,53,269287
99,0.001924,172.31.46.0-255,66,188733,53,269287
100,0.001932,74.125.24.0-255,7156,195889,53,269287
101,0.001934,172.31.46.0-255,66,195955,53,269287
102,0.001969,172.31.46.0-255,66,196021,53,269287
103,0.001996,74.125.24.0-255,1484,197505,53,269287
104,0.002007,172.31.46.0-255,66,197571,53,269287
105,0.00201,74.125.24.0-255,766,198337,53,269287
106,0.002092,74.125.24.0-255,1484,199821,53,269287
107,0.002096,172.31.46.0-255,66,199887,53,269287
108,0.002102,74.125.24.0-255,2902,202789,53,269287
109,0.002104,172.31.46.0-255,66,202855,53,269287
110,0.00211,74.125.24.0-255,5738,208593,53,269287
111,0.002117,172.31.46.0-255,66,208659,53,269287
112,0.00212,74.125.24.0-255,1484,210143,53,269287
113,0.002167,172.31.46.0-255,66,210209,53,269287
114,0.002177,172.31.46.0-255,66,210275,53,269287
115,0.004305,74.125.24.0-255,5738,216013,53,269287
116,0.004312,172.31.46.0-255,66,216079,53,269287
117,0.00641,74.125.24.0-255,5738,221817,53,269287
118,0.006414,172.31.46.0-255,66,221883,53,269287
119,0.008523,74.125.24.0-255,5738,227621,53,269287
120,0.00853,172.31.46.0-255,66,227687,53,269287
121,0.010709,74.125.24.0-255,4320,232007,53,269287
122,0.010715,172.31.46.0-255,66,232073,53,269287
123,0.010735,74.125.24.0-255,1484,233557,53,269287
124,0.012898,74.125.24.0-255,4320,237877,53,269287
125,0.012905,172.31.46.0-255,66,237943,53,269287
126,0.015059,74.125.24.0-255,2902,240845,53,269287
127,0.015066,172.31.46.0-255,66,240911,53,269287
128,0.015084,74.125.24.0-255,2902,243813,53,269287
129,0.015086,172.31.46.0-255,66,243879,53,269287
130,0.017209,74.125.24.0-255,5738,249617,53,269287
131,0.017217,172.31.46.0-255,66,249683,53,269287
132,0.019369,74.125.24.0-255,5738,255421,53,269287
133,0.019375,172.31.46.0-255,66,255487,53,269287
134,0.021499,74.125.24.0-255,5738,261225,53,269287
135,0.021506,172.31.46.0-255,66,261291,53,269287
136,0.023691,74.125.24.0-255,3575,264866,53,269287
137,0.0237,172.31.46.0-255,66,264932,53,269287
138,0.024142,172.31.46.0-255,105,265037,53,269287
139,0.02621,74.125.24.0-255,66,265103,53,269287
140,0.039332,172.31.46.0-255,172,265275,53,269287
141,0.039366,172.31.46.0-255,1111,266386,53,269287
142,0.039434,172.31.46.0-255,1514,267900,53,269287
143,0.039436,172.31.46.0-255,1189,269089,53,269287
144,0.040897,104.244.42.0-255,66,269155,53,269287
145,0.040908,104.244.42.0-255,66,269221,53,269287
146,0.041011,104.244.42.0-255,66,269287,53,269287
147,0.0,74.125.24.0-255,152,152,53,345483
148,2e-05,172.31.46.0-255,66,218,53,345483
149,2.6e-05,74.125.24.0-255,1484,1702,53,345483
150,3.1e-05,172.31.46.0-255,66,1768,53,345483
151,3.6e-05,74.125.24.0-255,2902,4670,53,345483
152,3.9e-05,172.31.46.0-255,66,4736,53,345483
153,4.5e-05,74.125.24.0-255,4320,9056,53,345483
154,4.8e-05,172.31.46.0-255,66,9122,53,345483
155,9.6e-05,74.125.24.0-255,4889,14011,53,345483
156,9.9e-05,172.31.46.0-255,66,14077,53,345483
157,0.00018,74.125.24.0-255,1484,15561,53,345483
158,0.000183,172.31.46.0-255,66,15627,53,345483
159,0.000189,74.125.24.0-255,2902,18529,53,345483
160,0.000192,172.31.46.0-255,66,18595,53,345483
161,0.000195,74.125.24.0-255,1484,20079,53,345483
162,0.000197,172.31.46.0-255,66,20145,53,345483
163,0.000222,74.125.24.0-255,4320,24465,53,345483
164,0.000225,172.31.46.0-255,66,24531,53,345483
165,0.00024,74.125.24.0-255,1484,26015,53,345483
166,0.000242,172.31.46.0-255,66,26081,53,345483
167,0.000261,74.125.24.0-255,5738,31819,53,345483
168,0.000264,172.31.46.0-255,66,31885,53,345483
169,0.000297,74.125.24.0-255,6797,38682,53,345483
170,0.0003,172.31.46.0-255,66,38748,53,345483
171,0.000314,172.31.46.0-255,66,38814,53,345483
172,0.000345,74.125.24.0-255,4320,43134,53,345483
173,0.000347,172.31.46.0-255,66,43200,53,345483
174,0.000379,172.31.46.0-255,66,43266,53,345483
175,0.000382,74.125.24.0-255,399,43665,53,345483
176,0.000384,172.31.46.0-255,66,43731,53,345483
177,0.000438,74.125.24.0-255,343,44074,53,345483
178,0.000844,74.125.24.0-255,1484,45558,53,345483
179,0.000848,172.31.46.0-255,66,45624,53,345483
180,0.000852,74.125.24.0-255,1484,47108,53,345483
181,0.000865,74.125.24.0-255,1484,48592,53,345483
182,0.000868,172.31.46.0-255,66,48658,53,345483
183,0.000873,74.125.24.0-255,2902,51560,53,345483
184,0.000874,172.31.46.0-255,66,51626,53,345483
185,0.000898,74.125.24.0-255,2902,54528,53,345483
186,0.000901,172.31.46.0-255,66,54594,53,345483
187,0.000912,172.31.46.0-255,66,54660,53,345483
188,0.000919,74.125.24.0-255,7156,61816,53,345483
189,0.000921,172.31.46.0-255,66,61882,53,345483
190,0.000943,74.125.24.0-255,3602,65484,53,345483
191,0.000945,172.31.46.0-255,66,65550,53,345483
192,0.001137,74.125.24.0-255,1484,67034,53,345483
193,0.00114,74.125.24.0-255,1484,68518,53,345483
194,0.001149,172.31.46.0-255,66,68584,53,345483
195,0.001153,74.125.24.0-255,1484,70068,53,345483
196,0.001158,74.125.24.0-255,4320,74388,53,345483
197,0.00116,172.31.46.0-255,66,74454,53,345483
198,0.001185,74.125.24.0-255,1484,75938,53,345483
199,0.001188,74.125.24.0-255,1484,77422,53,345483
200,0.00119,172.31.46.0-255,66,77488,53,345483
201,0.001198,172.31.46.0-255,66,77554,53,345483
202,0.001222,74.125.24.0-255,1484,79038,53,345483
203,0.001247,172.31.46.0-255,66,79104,53,345483
204,0.003306,74.125.24.0-255,5738,84842,53,345483
205,0.003312,172.31.46.0-255,66,84908,53,345483
206,0.005346,74.125.24.0-255,4320,89228,53,345483
207,0.005349,172.31.46.0-255,66,89294,53,345483
208,0.005363,74.125.24.0-255,1484,90778,53,345483
209,0.007401,74.125.24.0-255,4320,95098,53,345483
210,0.007407,172.31.46.0-255,66,95164,53,345483
211,0.009462,74.125.24.0-255,5738,100902,53,345483
212,0.00947,172.31.46.0-255,66,100968,53,345483
213,0.011494,74.125.24.0-255,5738,106706,53,345483
214,0.011502,172.31.46.0-255,66,106772,53,345483
215,0.013544,74.125.24.0-255,5738,112510,53,345483
216,0.013554,172.31.46.0-255,66,112576,53,345483
217,0.015559,74.125.24.0-255,5738,118314,53,345483
218,0.015565,172.31.46.0-255,66,118380,53,345483
219,0.017629,74.125.24.0-255,5738,124118,53,345483
220,0.017636,172.31.46.0-255,66,124184,53,345483
221,0.019692,74.125.24.0-255,5738,129922,53,345483
222,0.019716,172.31.46.0-255,66,129988,53,345483
223,0.021742,74.125.24.0-255,5738,135726,53,345483
224,0.021748,172.31.46.0-255,66,135792,53,345483
225,0.02265,172.31.46.0-255,172,135964,53,345483
226,0.022677,172.31.46.0-255,1112,137076,53,345483
227,0.022729,172.31.46.0-255,1514,138590,53,345483
228,0.022731,172.31.46.0-255,1291,139881,53,345483
229,0.02377,74.125.24.0-255,4320,144201,53,345483
230,0.023776,172.31.46.0-255,66,144267,53,345483
231,0.023792,74.125.24.0-255,1484,145751,53,345483
232,0.024176,104.244.42.0-255,66,145817,53,345483
233,0.024213,104.244.42.0-255,66,145883,53,345483
234,0.024263,104.244.42.0-255,66,145949,53,345483
235,0.025855,74.125.24.0-255,4320,150269,53,345483
236,0.025861,172.31.46.0-255,66,150335,53,345483
237,0.02795,74.125.24.0-255,5738,156073,53,345483
238,0.027956,172.31.46.0-255,66,156139,53,345483
239,0.030022,74.125.24.0-255,5738,161877,53,345483
240,0.03003,172.31.46.0-255,66,161943,53,345483
241,0.032111,74.125.24.0-255,5738,167681,53,345483
242,0.032117,172.31.46.0-255,66,167747,53,345483
243,0.034185,74.125.24.0-255,5738,173485,53,345483
244,0.034191,172.31.46.0-255,66,173551,53,345483
245,0.036219,74.125.24.0-255,5738,179289,53,345483
246,0.036225,172.31.46.0-255,66,179355,53,345483
247,0.038283,74.125.24.0-255,5738,185093,53,345483
248,0.038289,172.31.46.0-255,66,185159,53,345483
249,0.040397,74.125.24.0-255,5738,190897,53,345483
250,0.040403,172.31.46.0-255,66,190963,53,345483
251,0.042451,74.125.24.0-255,5738,196701,53,345483
252,0.042462,172.31.46.0-255,66,196767,53,345483
253,0.044492,74.125.24.0-255,5738,202505,53,345483
254,0.044498,172.31.46.0-255,66,202571,53,345483
255,0.04657,74.125.24.0-255,5738,208309,53,345483
256,0.046577,172.31.46.0-255,66,208375,53,345483
257,0.048606,74.125.24.0-255,5738,214113,53,345483
258,0.048613,172.31.46.0-255,66,214179,53,345483
259,0.050688,74.125.24.0-255,4320,218499,53,345483
260,0.050694,172.31.46.0-255,66,218565,53,345483
261,0.050714,74.125.24.0-255,1484,220049,53,345483
262,0.052731,74.125.24.0-255,4320,224369,53,345483
263,0.052737,172.31.46.0-255,66,224435,53,345483
264,0.055567,74.125.24.0-255,5738,230173,53,345483
265,0.055574,172.31.46.0-255,66,230239,53,345483
266,0.057676,74.125.24.0-255,5738,235977,53,345483
267,0.057682,172.31.46.0-255,66,236043,53,345483
268,0.059754,74.125.24.0-255,5738,241781,53,345483
269,0.059761,172.31.46.0-255,66,241847,53,345483
270,0.061777,74.125.24.0-255,5738,247585,53,345483
271,0.061782,172.31.46.0-255,66,247651,53,345483
272,0.063812,74.125.24.0-255,5738,253389,53,345483
273,0.063818,172.31.46.0-255,66,253455,53,345483
274,0.065834,74.125.24.0-255,5738,259193,53,345483
275,0.065839,172.31.46.0-255,66,259259,53,345483
276,0.067887,74.125.24.0-255,5738,264997,53,345483
277,0.067893,172.31.46.0-255,66,265063,53,345483
278,0.069967,74.125.24.0-255,5738,270801,53,345483
279,0.069973,172.31.46.0-255,66,270867,53,345483
280,0.072054,74.125.24.0-255,5738,276605,53,345483
281,0.072061,172.31.46.0-255,66,276671,53,345483
282,0.074115,74.125.24.0-255,5738,282409,53,345483
283,0.07412,172.31.46.0-255,66,282475,53,345483
284,0.076142,74.125.24.0-255,5738,288213,53,345483
285,0.076147,172.31.46.0-255,66,288279,53,345483
286,0.078247,74.125.24.0-255,5738,294017,53,345483
287,0.078253,172.31.46.0-255,66,294083,53,345483
288,0.08035,74.125.24.0-255,5738,299821,53,345483
289,0.080356,172.31.46.0-255,66,299887,53,345483
290,0.082374,74.125.24.0-255,5738,305625,53,345483
291,0.08238,172.31.46.0-255,66,305691,53,345483
292,0.084428,74.125.24.0-255,5738,311429,53,345483
293,0.084433,172.31.46.0-255,66,311495,53,345483
294,0.086517,74.125.24.0-255,5738,317233,53,345483
295,0.086522,172.31.46.0-255,66,317299,53,345483
296,0.088549,74.125.24.0-255,5738,323037,53,345483
297,0.088557,172.31.46.0-255,66,323103,53,345483
298,0.0906,74.125.24.0-255,5738,328841,53,345483
299,0.090607,172.31.46.0-255,66,328907,53,345483
300,0.092677,74.125.24.0-255,5738,334645,53,345483
301,0.092682,172.31.46.0-255,66,334711,53,345483
302,0.094746,74.125.24.0-255,5738,340449,53,345483
303,0.094752,172.31.46.0-255,66,340515,53,345483
304,0.096781,74.125.24.0-255,4731,345246,53,345483
305,0.096787,172.31.46.0-255,66,345312,53,345483
306,0.096937,172.31.46.0-255,105,345417,53,345483
307,0.098967,74.125.24.0-255,66,345483,53,345483
308,0.0,172.217.194.0-255,156,156,53,265494
309,2.3e-05,172.31.46.0-255,66,222,53,265494
310,3e-05,172.217.194.0-255,1484,1706,53,265494
311,3.4e-05,172.31.46.0-255,66,1772,53,265494
312,3.9e-05,172.217.194.0-255,2902,4674,53,265494
313,4.3e-05,172.31.46.0-255,66,4740,53,265494
314,5.1e-05,172.217.194.0-255,7156,11896,53,265494
315,5.4e-05,172.31.46.0-255,66,11962,53,265494
316,0.000108,172.31.46.0-255,66,12028,53,265494
317,0.000113,172.217.194.0-255,4320,16348,53,265494
318,0.000115,172.31.46.0-255,66,16414,53,265494
319,0.000128,172.217.194.0-255,1484,17898,53,265494
320,0.00013,172.31.46.0-255,66,17964,53,265494
321,0.000143,172.217.194.0-255,1125,19089,53,265494
322,0.000146,172.31.46.0-255,66,19155,53,265494
323,0.000181,172.217.194.0-255,1484,20639,53,265494
324,0.000183,172.31.46.0-255,66,20705,53,265494
325,0.000186,172.217.194.0-255,1484,22189,53,265494
326,0.000188,172.31.46.0-255,66,22255,53,265494
327,0.000201,172.217.194.0-255,1484,23739,53,265494
328,0.000203,172.31.46.0-255,66,23805,53,265494
329,0.000231,172.217.194.0-255,5738,29543,53,265494
330,0.000236,172.217.194.0-255,4320,33863,53,265494
331,0.000239,172.31.46.0-255,66,33929,53,265494
332,0.000242,172.31.46.0-255,66,33995,53,265494
333,0.00025,172.217.194.0-255,2543,36538,53,265494
334,0.000253,172.31.46.0-255,66,36604,53,265494
335,0.000259,172.217.194.0-255,7156,43760,53,265494
336,0.000262,172.31.46.0-255,66,43826,53,265494
337,0.000282,172.217.194.0-255,1484,45310,53,265494
338,0.000285,172.31.46.0-255,66,45376,53,265494
339,0.000323,172.217.194.0-255,431,45807,53,265494
340,0.000452,172.217.194.0-255,1484,47291,53,265494
341,0.000459,172.217.194.0-255,2902,50193,53,265494
342,0.000482,172.217.194.0-255,5738,55931,53,265494
343,0.000519,172.217.194.0-255,4320,60251,53,265494
344,0.000538,172.217.194.0-255,7156,67407,53,265494
345,0.000541,172.217.194.0-255,2184,69591,53,265494
346,0.000576,172.31.46.0-255,66,69657,53,265494
347,0.000668,172.217.194.0-255,1484,71141,53,265494
348,0.000674,172.217.194.0-255,2902,74043,53,265494
349,0.000691,172.31.46.0-255,66,74109,53,265494
350,0.000702,172.217.194.0-255,5738,79847,53,265494
351,0.000708,172.31.46.0-255,66,79913,53,265494
352,0.000774,172.31.46.0-255,66,79979,53,265494
353,0.000795,172.217.194.0-255,4320,84299,53,265494
354,0.000807,172.217.194.0-255,1484,85783,53,265494
355,0.000815,172.217.194.0-255,7156,92939,53,265494
356,0.000825,172.31.46.0-255,66,93005,53,265494
357,0.000865,172.217.194.0-255,6438,99443,53,265494
358,0.00087,172.31.46.0-255,66,99509,53,265494
359,0.001506,172.217.194.0-255,1484,100993,53,265494
360,0.001511,172.217.194.0-255,1484,102477,53,265494
361,0.001514,172.31.46.0-255,66,102543,53,265494
362,0.001528,172.217.194.0-255,1484,104027,53,265494
363,0.001535,172.217.194.0-255,5738,109765,53,265494
364,0.001543,172.31.46.0-255,66,109831,53,265494
365,0.001553,172.217.194.0-255,2902,112733,53,265494
366,0.001558,172.31.46.0-255,66,112799,53,265494
367,0.001571,172.217.194.0-255,7156,119955,53,265494
368,0.001611,172.217.194.0-255,5738,125693,53,265494
369,0.001628,172.217.194.0-255,5738,131431,53,265494
370,0.001632,172.217.194.0-255,2184,133615,53,265494
371,0.001642,172.31.46.0-255,66,133681,53,265494
372,0.001652,172.217.194.0-255,2902,136583,53,265494
373,0.001657,172.31.46.0-255,66,136649,53,265494
374,0.001667,172.217.194.0-255,4320,140969,53,265494
375,0.00167,172.217.194.0-255,1484,142453,53,265494
376,0.001693,172.217.194.0-255,7156,149609,53,265494
377,0.00171,172.217.194.0-255,5738,155347,53,265494
378,0.001712,172.31.46.0-255,66,155413,53,265494
379,0.001717,172.31.46.0-255,66,155479,53,265494
380,0.00175,172.31.46.0-255,66,155545,53,265494
381,0.001848,172.217.194.0-255,1484,157029,53,265494
382,0.001855,172.217.194.0-255,2902,159931,53,265494
383,0.001872,172.217.194.0-255,5738,165669,53,265494
384,0.001877,172.31.46.0-255,66,165735,53,265494
385,0.001934,172.217.194.0-255,2184,167919,53,265494
386,0.001941,172.31.46.0-255,66,167985,53,265494
387,0.001958,172.217.194.0-255,1484,169469,53,265494
388,0.001978,172.217.194.0-255,2902,172371,53,265494
389,0.001982,172.217.194.0-255,2902,175273,53,265494
390,0.001998,172.217.194.0-255,2902,178175,53,265494
391,0.002005,172.217.194.0-255,5738,183913,53,265494
392,0.002008,172.31.46.0-255,66,183979,53,265494
393,0.002018,172.217.194.0-255,1484,185463,53,265494
394,0.002021,172.217.194.0-255,1484,186947,53,265494
395,0.002023,172.31.46.0-255,66,187013,53,265494
396,0.002052,172.217.194.0-255,2184,189197,53,265494
397,0.002073,172.31.46.0-255,66,189263,53,265494
398,0.002113,172.217.194.0-255,1484,190747,53,265494
399,0.002116,172.217.194.0-255,1484,192231,53,265494
400,0.002127,172.31.46.0-255,66,192297,53,265494
401,0.002145,172.217.194.0-255,1484,193781,53,265494
402,0.002152,172.217.194.0-255,5738,199519,53,265494
403,0.00217,172.217.194.0-255,7156,206675,53,265494
404,0.002179,172.217.194.0-255,1484,208159,53,265494
405,0.002192,172.31.46.0-255,66,208225,53,265494
406,0.002236,172.217.194.0-255,2184,210409,53,265494
407,0.002241,172.217.194.0-255,2902,213311,53,265494
408,0.002248,172.217.194.0-255,5738,219049,53,265494
409,0.002258,172.31.46.0-255,66,219115,53,265494
410,0.002261,172.217.194.0-255,1484,220599,53,265494
411,0.002305,172.31.46.0-255,66,220665,53,265494
412,0.004566,172.217.194.0-255,5738,226403,53,265494
413,0.004573,172.31.46.0-255,66,226469,53,265494
414,0.006879,172.217.194.0-255,5738,232207,53,265494
415,0.011151,172.31.46.0-255,66,232273,53,265494
416,0.013478,172.217.194.0-255,5738,238011,53,265494
417,0.013489,172.31.46.0-255,66,238077,53,265494
418,0.015766,172.217.194.0-255,5738,243815,53,265494
419,0.016934,172.31.46.0-255,66,243881,53,265494
420,0.019219,172.217.194.0-255,5738,249619,53,265494
421,0.019234,172.31.46.0-255,66,249685,53,265494
422,0.021491,172.217.194.0-255,5738,255423,53,265494
423,0.021501,172.31.46.0-255,66,255489,53,265494
424,0.023762,172.217.194.0-255,567,256056,53,265494
425,0.027137,172.31.46.0-255,66,256122,53,265494
426,0.027181,172.31.46.0-255,105,256227,53,265494
427,0.029408,172.217.194.0-255,66,256293,53,265494
428,0.037592,172.31.46.0-255,208,256501,53,265494
429,0.037627,172.31.46.0-255,953,257454,53,265494
430,0.0377,172.31.46.0-255,1514,258968,53,265494
431,0.037702,172.31.46.0-255,1514,260482,53,265494
432,0.037703,172.31.46.0-255,1514,261996,53,265494
433,0.037704,172.31.46.0-255,1514,263510,53,265494
434,0.037734,172.31.46.0-255,1514,265024,53,265494
435,0.037736,172.31.46.0-255,206,265230,53,265494
436,0.03914,104.244.42.0-255,66,265296,53,265494
437,0.039177,104.244.42.0-255,66,265362,53,265494
438,0.039237,104.244.42.0-255,66,265428,53,265494
439,0.039347,104.244.42.0-255,66,265494,53,265494
440,0.0,172.31.46.0-255,66,66,53,66
441,0.0,172.253.118.0-255,153,153,53,220296
442,1.4e-05,172.31.46.0-255,66,219,53,220296
443,2e-05,172.253.118.0-255,1484,1703,53,220296
444,2.5e-05,172.31.46.0-255,66,1769,53,220296
445,3e-05,172.253.118.0-255,2902,4671,53,220296
446,3.3e-05,172.31.46.0-255,66,4737,53,220296
447,5.9e-05,172.253.118.0-255,7156,11893,53,220296
448,6.3e-05,172.31.46.0-255,66,11959,53,220296
449,0.000101,172.253.118.0-255,2056,14015,53,220296
450,0.000104,172.31.46.0-255,66,14081,53,220296
451,0.000132,172.253.118.0-255,2902,16983,53,220296
452,0.000136,172.31.46.0-255,66,17049,53,220296
453,0.000174,172.253.118.0-255,1484,18533,53,220296
454,0.000176,172.31.46.0-255,66,18599,53,220296
455,0.000182,172.253.118.0-255,2902,21501,53,220296
456,0.000185,172.31.46.0-255,66,21567,53,220296
457,0.000191,172.253.118.0-255,5738,27305,53,220296
458,0.000194,172.31.46.0-255,66,27371,53,220296
459,0.000219,172.253.118.0-255,3961,31332,53,220296
460,0.000222,172.31.46.0-255,66,31398,53,220296
461,0.000312,172.253.118.0-255,1484,32882,53,220296
462,0.000317,172.31.46.0-255,66,32948,53,220296
463,0.000322,172.253.118.0-255,2902,35850,53,220296
464,0.000324,172.31.46.0-255,66,35916,53,220296
465,0.00033,172.253.118.0-255,4320,40236,53,220296
466,0.000333,172.31.46.0-255,66,40302,53,220296
467,0.000346,172.253.118.0-255,1484,41786,53,220296
468,0.000348,172.31.46.0-255,66,41852,53,220296
469,0.00039,172.31.46.0-255,66,41918,53,220296
470,0.000402,172.31.46.0-255,66,41984,53,220296
471,0.000405,172.253.118.0-255,1438,43422,53,220296
472,0.000437,172.253.118.0-255,373,43795,53,220296
473,0.00044,172.31.46.0-255,66,43861,53,220296
474,0.000667,172.253.118.0-255,1484,45345,53,220296
475,0.000673,172.253.118.0-255,2902,48247,53,220296
476,0.000676,172.31.46.0-255,66,48313,53,220296
477,0.000682,172.253.118.0-255,2902,51215,53,220296
478,0.000685,172.31.46.0-255,66,51281,53,220296
479,0.000702,172.253.118.0-255,2902,54183,53,220296
480,0.000705,172.31.46.0-255,66,54249,53,220296
481,0.000751,172.31.46.0-255,66,54315,53,220296
482,0.000812,172.31.46.0-255,66,54381,53,220296
483,0.000941,172.253.118.0-255,1484,55865,53,220296
484,0.000948,172.253.118.0-255,2902,58767,53,220296
485,0.000953,172.31.46.0-255,66,58833,53,220296
486,0.00097,172.253.118.0-255,2902,61735,53,220296
487,0.000973,172.31.46.0-255,66,61801,53,220296
488,0.001004,172.253.118.0-255,2902,64703,53,220296
489,0.001008,172.31.46.0-255,66,64769,53,220296
490,0.001023,172.31.46.0-255,66,64835,53,220296
491,0.001035,172.31.46.0-255,66,64901,53,220296
492,0.00107,172.253.118.0-255,1484,66385,53,220296
493,0.001091,172.253.118.0-255,2902,69287,53,220296
494,0.001096,172.31.46.0-255,66,69353,53,220296
495,0.001103,172.253.118.0-255,5738,75091,53,220296
496,0.001105,172.31.46.0-255,66,75157,53,220296
497,0.001108,172.253.118.0-255,1484,76641,53,220296
498,0.001129,172.253.118.0-255,2902,79543,53,220296
499,0.001132,172.31.46.0-255,66,79609,53,220296
500,0.001155,172.253.118.0-255,5738,85347,53,220296
501,0.001158,172.31.46.0-255,66,85413,53,220296
502,0.001162,172.253.118.0-255,2902,88315,53,220296
503,0.001165,172.31.46.0-255,66,88381,53,220296
504,0.001209,172.31.46.0-255,66,88447,53,220296
505,0.001238,172.253.118.0-255,1484,89931,53,220296
506,0.001244,172.253.118.0-255,2902,92833,53,220296
507,0.001246,172.31.46.0-255,66,92899,53,220296
508,0.001269,172.253.118.0-255,5738,98637,53,220296
509,0.001272,172.31.46.0-255,66,98703,53,220296
510,0.001304,172.31.46.0-255,66,98769,53,220296
511,0.001324,172.253.118.0-255,4320,103089,53,220296
512,0.001327,172.31.46.0-255,66,103155,53,220296
513,0.001346,172.253.118.0-255,6438,109593,53,220296
514,0.001348,172.31.46.0-255,66,109659,53,220296
515,0.001375,172.253.118.0-255,1484,111143,53,220296
516,0.001393,172.253.118.0-255,2902,114045,53,220296
517,0.001397,172.31.46.0-255,66,114111,53,220296
518,0.001401,172.253.118.0-255,2902,117013,53,220296
519,0.001404,172.31.46.0-255,66,117079,53,220296
520,0.001417,172.253.118.0-255,2902,119981,53,220296
521,0.001419,172.31.46.0-255,66,120047,53,220296
522,0.001422,172.253.118.0-255,1484,121531,53,220296
523,0.001438,172.253.118.0-255,5738,127269,53,220296
524,0.001441,172.31.46.0-255,66,127335,53,220296
525,0.001461,172.253.118.0-255,4320,131655,53,220296
526,0.001491,172.253.118.0-255,2184,133839,53,220296
527,0.001553,172.253.118.0-255,1484,135323,53,220296
528,0.001558,172.253.118.0-255,1484,136807,53,220296
529,0.00157,172.253.118.0-255,1484,138291,53,220296
530,0.00159,172.253.118.0-255,5738,144029,53,220296
531,0.001614,172.253.118.0-255,4320,148349,53,220296
532,0.001647,172.253.118.0-255,7156,155505,53,220296
533,0.001675,172.253.118.0-255,3602,159107,53,220296
534,0.001754,172.253.118.0-255,1484,160591,53,220296
535,0.001805,172.253.118.0-255,2902,163493,53,220296
536,0.001812,172.253.118.0-255,5738,169231,53,220296
537,0.001819,172.253.118.0-255,7156,176387,53,220296
538,0.001845,172.253.118.0-255,5738,182125,53,220296
539,0.001882,172.253.118.0-255,2184,184309,53,220296
540,0.001939,172.253.118.0-255,1484,185793,53,220296
541,0.001944,172.253.118.0-255,2902,188695,53,220296
542,0.001963,172.253.118.0-255,5738,194433,53,220296
543,0.002014,172.253.118.0-255,4320,198753,53,220296
544,0.002057,172.253.118.0-255,1484,200237,53,220296
545,0.002099,172.253.118.0-255,4320,204557,53,220296
546,0.002145,172.253.118.0-255,3602,208159,53,220296
547,0.002175,172.253.118.0-255,3709,211868,53,220296
548,0.002178,172.253.118.0-255,105,211973,53,220296
549,0.004563,172.31.46.0-255,66,212039,53,220296
550,0.013268,172.31.46.0-255,105,212144,53,220296
551,0.015784,172.253.118.0-255,66,212210,53,220296
552,0.027875,172.31.46.0-255,172,212382,53,220296
553,0.027906,172.31.46.0-255,1112,213494,53,220296
554,0.027972,172.31.46.0-255,1514,215008,53,220296
555,0.027973,172.31.46.0-255,1514,216522,53,220296
556,0.027979,172.31.46.0-255,1514,218036,53,220296
557,0.02798,172.31.46.0-255,1514,219550,53,220296
558,0.027999,172.31.46.0-255,482,220032,53,220296
559,0.029395,104.244.42.0-255,66,220098,53,220296
560,0.029448,104.244.42.0-255,66,220164,53,220296
561,0.029545,104.244.42.0-255,66,220230,53,220296
562,0.029551,104.244.42.0-255,66,220296,53,220296
563,0.0,74.125.24.0-255,298,298,53,251551
564,1.6e-05,172.31.46.0-255,66,364,53,251551
565,2.3e-05,74.125.24.0-255,1484,1848,53,251551
566,2.7e-05,172.31.46.0-255,66,1914,53,251551
567,3.4e-05,74.125.24.0-255,4320,6234,53,251551
568,3.7e-05,172.31.46.0-255,66,6300,53,251551
569,4e-05,74.125.24.0-255,1484,7784,53,251551
570,4.3e-05,172.31.46.0-255,66,7850,53,251551
571,7.3e-05,74.125.24.0-255,5738,13588,53,251551
572,7.6e-05,172.31.46.0-255,66,13654,53,251551
573,9.7e-05,74.125.24.0-255,5738,19392,53,251551
574,0.0001,172.31.46.0-255,66,19458,53,251551
575,0.000129,172.31.46.0-255,66,19524,53,251551
576,0.000132,74.125.24.0-255,1125,20649,53,251551
577,0.000134,172.31.46.0-255,66,20715,53,251551
578,0.000182,74.125.24.0-255,1484,22199,53,251551
579,0.000185,172.31.46.0-255,66,22265,53,251551
580,0.000191,74.125.24.0-255,2902,25167,53,251551
581,0.000193,172.31.46.0-255,66,25233,53,251551
582,0.000222,74.125.24.0-255,5738,30971,53,251551
583,0.000225,172.31.46.0-255,66,31037,53,251551
584,0.000261,172.31.46.0-255,66,31103,53,251551
585,0.000263,74.125.24.0-255,1484,32587,53,251551
586,0.000265,172.31.46.0-255,66,32653,53,251551
587,0.000323,74.125.24.0-255,5738,38391,53,251551
588,0.000328,172.31.46.0-255,66,38457,53,251551
589,0.000345,74.125.24.0-255,2543,41000,53,251551
590,0.000347,172.31.46.0-255,66,41066,53,251551
591,0.000455,74.125.24.0-255,645,41711,53,251551
592,0.000461,172.31.46.0-255,66,41777,53,251551
593,0.000564,74.125.24.0-255,1484,43261,53,251551
594,0.000571,74.125.24.0-255,2902,46163,53,251551
595,0.000575,172.31.46.0-255,66,46229,53,251551
596,0.00058,74.125.24.0-255,2902,49131,53,251551
597,0.000582,172.31.46.0-255,66,49197,53,251551
598,0.000595,74.125.24.0-255,2902,52099,53,251551
599,0.000598,172.31.46.0-255,66,52165,53,251551
600,0.000616,74.125.24.0-255,2902,55067,53,251551
601,0.000619,172.31.46.0-255,66,55133,53,251551
602,0.000633,74.125.24.0-255,3413,58546,53,251551
603,0.000636,172.31.46.0-255,66,58612,53,251551
604,0.000783,74.125.24.0-255,1484,60096,53,251551
605,0.000798,74.125.24.0-255,2902,62998,53,251551
606,0.000802,172.31.46.0-255,66,63064,53,251551
607,0.000809,74.125.24.0-255,4320,67384,53,251551
608,0.000811,172.31.46.0-255,66,67450,53,251551
609,0.000823,74.125.24.0-255,1484,68934,53,251551
610,0.000866,74.125.24.0-255,6797,75731,53,251551
611,0.000868,172.31.46.0-255,66,75797,53,251551
612,0.001219,74.125.24.0-255,1484,77281,53,251551
613,0.001226,74.125.24.0-255,2902,80183,53,251551
614,0.001229,172.31.46.0-255,66,80249,53,251551
615,0.001235,74.125.24.0-255,2902,83151,53,251551
616,0.001237,172.31.46.0-255,66,83217,53,251551
617,0.00125,74.125.24.0-255,2902,86119,53,251551
618,0.001253,172.31.46.0-255,66,86185,53,251551
619,0.001256,74.125.24.0-255,1484,87669,53,251551
620,0.001282,74.125.24.0-255,5379,93048,53,251551
621,0.001285,172.31.46.0-255,66,93114,53,251551
622,0.001291,74.125.24.0-255,2902,96016,53,251551
623,0.001293,172.31.46.0-255,66,96082,53,251551
624,0.001315,172.31.46.0-255,66,96148,53,251551
625,0.001332,74.125.24.0-255,2902,99050,53,251551
626,0.001334,172.31.46.0-255,66,99116,53,251551
627,0.001339,74.125.24.0-255,2543,101659,53,251551
628,0.001342,172.31.46.0-255,66,101725,53,251551
629,0.001362,74.125.24.0-255,1484,103209,53,251551
630,0.001367,74.125.24.0-255,2902,106111,53,251551
631,0.001369,172.31.46.0-255,66,106177,53,251551
632,0.001388,74.125.24.0-255,5738,111915,53,251551
633,0.00139,172.31.46.0-255,66,111981,53,251551
634,0.001425,74.125.24.0-255,5738,117719,53,251551
635,0.00143,172.31.46.0-255,66,117785,53,251551
636,0.001454,74.125.24.0-255,6797,124582,53,251551
637,0.001457,172.31.46.0-255,66,124648,53,251551
638,0.001463,74.125.24.0-255,5738,130386,53,251551
639,0.001466,172.31.46.0-255,66,130452,53,251551
640,0.001477,74.125.24.0-255,1484,131936,53,251551
641,0.001512,74.125.24.0-255,3961,135897,53,251551
642,0.001516,172.31.46.0-255,66,135963,53,251551
643,0.001636,74.125.24.0-255,1484,137447,53,251551
644,0.001642,74.125.24.0-255,2902,140349,53,251551
645,0.001645,172.31.46.0-255,66,140415,53,251551
646,0.001673,74.125.24.0-255,2902,143317,53,251551
647,0.001676,172.31.46.0-255,66,143383,53,251551
648,0.001682,74.125.24.0-255,4320,147703,53,251551
649,0.001684,172.31.46.0-255,66,147769,53,251551
650,0.001707,74.125.24.0-255,1484,149253,53,251551
651,0.001724,74.125.24.0-255,3961,153214,53,251551
652,0.001726,172.31.46.0-255,66,153280,53,251551
653,0.001857,74.125.24.0-255,1484,154764,53,251551
654,0.001862,74.125.24.0-255,2902,157666,53,251551
655,0.001865,172.31.46.0-255,66,157732,53,251551
656,0.001871,74.125.24.0-255,2902,160634,53,251551
657,0.001873,172.31.46.0-255,66,160700,53,251551
658,0.001889,74.125.24.0-255,2902,163602,53,251551
659,0.001892,172.31.46.0-255,66,163668,53,251551
660,0.001895,74.125.24.0-255,1484,165152,53,251551
661,0.001926,172.31.46.0-255,66,165218,53,251551
662,0.001933,74.125.24.0-255,5738,170956,53,251551
663,0.001935,172.31.46.0-255,66,171022,53,251551
664,0.001959,74.125.24.0-255,5020,176042,53,251551
665,0.001961,172.31.46.0-255,66,176108,53,251551
666,0.002034,74.125.24.0-255,1484,177592,53,251551
667,0.002039,74.125.24.0-255,1484,179076,53,251551
668,0.002041,172.31.46.0-255,66,179142,53,251551
669,0.002058,74.125.24.0-255,1484,180626,53,251551
670,0.002062,74.125.24.0-255,2902,183528,53,251551
671,0.002067,172.31.46.0-255,66,183594,53,251551
672,0.002077,74.125.24.0-255,2902,186496,53,251551
673,0.002079,172.31.46.0-255,66,186562,53,251551
674,0.002113,74.125.24.0-255,7156,193718,53,251551
675,0.002116,172.31.46.0-255,66,193784,53,251551
676,0.002129,172.31.46.0-255,66,193850,53,251551
677,0.002159,74.125.24.0-255,5738,199588,53,251551
678,0.002162,172.31.46.0-255,66,199654,53,251551
679,0.002166,74.125.24.0-255,2184,201838,53,251551
680,0.002169,172.31.46.0-255,66,201904,53,251551
681,0.002735,74.125.24.0-255,1484,203388,53,251551
682,0.002754,74.125.24.0-255,2902,206290,53,251551
683,0.002759,172.31.46.0-255,66,206356,53,251551
684,0.002766,74.125.24.0-255,5738,212094,53,251551
685,0.002768,172.31.46.0-255,66,212160,53,251551
686,0.002794,172.31.46.0-255,66,212226,53,251551
687,0.002854,74.125.24.0-255,5738,217964,53,251551
688,0.002856,172.31.46.0-255,66,218030,53,251551
689,0.002882,172.31.46.0-255,66,218096,53,251551
690,0.002885,74.125.24.0-255,1484,219580,53,251551
691,0.002904,74.125.24.0-255,1484,221064,53,251551
692,0.002906,172.31.46.0-255,66,221130,53,251551
693,0.002929,74.125.24.0-255,1484,222614,53,251551
694,0.002935,74.125.24.0-255,5738,228352,53,251551
695,0.002938,172.31.46.0-255,66,228418,53,251551
696,0.002952,172.31.46.0-255,66,228484,53,251551
697,0.002977,74.125.24.0-255,4320,232804,53,251551
698,0.002979,172.31.46.0-255,66,232870,53,251551
699,0.003042,172.31.46.0-255,66,232936,53,251551
700,0.003046,172.31.46.0-255,66,233002,53,251551
701,0.003054,74.125.24.0-255,1484,234486,53,251551
702,0.003059,74.125.24.0-255,2184,236670,53,251551
703,0.003061,172.31.46.0-255,66,236736,53,251551
704,0.003064,74.125.24.0-255,1484,238220,53,251551
705,0.003127,172.31.46.0-255,66,238286,53,251551
706,0.003161,172.31.46.0-255,66,238352,53,251551
707,0.003167,74.125.24.0-255,3602,241954,53,251551
708,0.00317,172.31.46.0-255,66,242020,53,251551
709,0.003173,74.125.24.0-255,1484,243504,53,251551
710,0.003179,74.125.24.0-255,3352,246856,53,251551
711,0.003181,172.31.46.0-255,66,246922,53,251551
712,0.003184,74.125.24.0-255,105,247027,53,251551
713,0.010125,172.31.46.0-255,66,247093,53,251551
714,0.010178,172.31.46.0-255,105,247198,53,251551
715,0.012357,74.125.24.0-255,66,247264,53,251551
716,0.037464,172.31.46.0-255,172,247436,53,251551
717,0.037499,172.31.46.0-255,1112,248548,53,251551
718,0.03758,172.31.46.0-255,1514,250062,53,251551
719,0.037582,172.31.46.0-255,1291,251353,53,251551
720,0.039011,104.244.42.0-255,66,251419,53,251551
721,0.039057,104.244.42.0-255,66,251485,53,251551
722,0.039146,104.244.42.0-255,66,251551,53,251551
723,0.0,74.125.24.0-255,153,153,53,198640
724,1.4e-05,172.31.46.0-255,66,219,53,198640
725,1.9e-05,74.125.24.0-255,1484,1703,53,198640
726,2.3e-05,172.31.46.0-255,66,1769,53,198640
727,2.7e-05,74.125.24.0-255,2902,4671,53,198640
728,3e-05,172.31.46.0-255,66,4737,53,198640
729,3.3e-05,74.125.24.0-255,1484,6221,53,198640
730,4.1e-05,172.31.46.0-255,66,6287,53,198640
731,6.6e-05,74.125.24.0-255,5738,12025,53,198640
732,6.9e-05,172.31.46.0-255,66,12091,53,198640
733,9.7e-05,74.125.24.0-255,2053,14144,53,198640
734,9.9e-05,172.31.46.0-255,66,14210,53,198640
735,0.000202,74.125.24.0-255,1484,15694,53,198640
736,0.000206,172.31.46.0-255,66,15760,53,198640
737,0.000211,74.125.24.0-255,2902,18662,53,198640
738,0.000213,172.31.46.0-255,66,18728,53,198640
739,0.000238,74.125.24.0-255,5738,24466,53,198640
740,0.000241,172.31.46.0-255,66,24532,53,198640
741,0.000243,74.125.24.0-255,1484,26016,53,198640
742,0.000245,172.31.46.0-255,66,26082,53,198640
743,0.000248,74.125.24.0-255,1484,27566,53,198640
744,0.00025,172.31.46.0-255,66,27632,53,198640
745,0.000279,172.31.46.0-255,66,27698,53,198640
746,0.000295,172.31.46.0-255,66,27764,53,198640
747,0.000317,74.125.24.0-255,2902,30666,53,198640
748,0.000319,172.31.46.0-255,66,30732,53,198640
749,0.000383,74.125.24.0-255,7156,37888,53,198640
750,0.000386,172.31.46.0-255,66,37954,53,198640
751,0.000412,172.31.46.0-255,66,38020,53,198640
752,0.000415,74.125.24.0-255,113,38133,53,198640
753,0.000435,74.125.24.0-255,329,38462,53,198640
754,0.000582,74.125.24.0-255,1484,39946,53,198640
755,0.000587,172.31.46.0-255,66,40012,53,198640
756,0.000593,74.125.24.0-255,2902,42914,53,198640
757,0.000596,172.31.46.0-255,66,42980,53,198640
758,0.000599,74.125.24.0-255,1484,44464,53,198640
759,0.000633,74.125.24.0-255,4320,48784,53,198640
760,0.000637,172.31.46.0-255,66,48850,53,198640
761,0.000651,172.31.46.0-255,66,48916,53,198640
762,0.000667,172.31.46.0-255,66,48982,53,198640
763,0.00067,74.125.24.0-255,217,49199,53,198640
764,0.00091,74.125.24.0-255,1484,50683,53,198640
765,0.000916,172.31.46.0-255,66,50749,53,198640
766,0.000921,74.125.24.0-255,2902,53651,53,198640
767,0.000924,172.31.46.0-255,66,53717,53,198640
768,0.000928,74.125.24.0-255,2902,56619,53,198640
769,0.00093,172.31.46.0-255,66,56685,53,198640
770,0.000959,74.125.24.0-255,2902,59587,53,198640
771,0.000962,172.31.46.0-255,66,59653,53,198640
772,0.00097,74.125.24.0-255,5738,65391,53,198640
773,0.000977,172.31.46.0-255,66,65457,53,198640
774,0.000988,172.31.46.0-255,66,65523,53,198640
775,0.001024,74.125.24.0-255,2902,68425,53,198640
776,0.001027,172.31.46.0-255,66,68491,53,198640
777,0.001034,74.125.24.0-255,5020,73511,53,198640
778,0.001037,172.31.46.0-255,66,73577,53,198640
779,0.001198,74.125.24.0-255,1484,75061,53,198640
780,0.001205,74.125.24.0-255,2902,77963,53,198640
781,0.001209,172.31.46.0-255,66,78029,53,198640
782,0.001215,74.125.24.0-255,2902,80931,53,198640
783,0.001217,172.31.46.0-255,66,80997,53,198640
784,0.001241,74.125.24.0-255,2902,83899,53,198640
785,0.001245,172.31.46.0-255,66,83965,53,198640
786,0.001255,74.125.24.0-255,4320,88285,53,198640
787,0.001257,172.31.46.0-255,66,88351,53,198640
788,0.001298,172.31.46.0-255,66,88417,53,198640
789,0.001305,74.125.24.0-255,5738,94155,53,198640
790,0.001308,172.31.46.0-255,66,94221,53,198640
791,0.001333,74.125.24.0-255,4320,98541,53,198640
792,0.001335,172.31.46.0-255,66,98607,53,198640
793,0.001338,74.125.24.0-255,766,99373,53,198640
794,0.001341,74.125.24.0-255,1484,100857,53,198640
795,0.001343,172.31.46.0-255,66,100923,53,198640
796,0.001349,74.125.24.0-255,4320,105243,53,198640
797,0.001351,172.31.46.0-255,66,105309,53,198640
798,0.001363,172.31.46.0-255,66,105375,53,198640
799,0.001367,74.125.24.0-255,2902,108277,53,198640
800,0.001369,172.31.46.0-255,66,108343,53,198640
801,0.001411,74.125.24.0-255,7156,115499,53,198640
802,0.001416,172.31.46.0-255,66,115565,53,198640
803,0.001425,172.31.46.0-255,66,115631,53,198640
804,0.001429,74.125.24.0-255,2902,118533,53,198640
805,0.001431,172.31.46.0-255,66,118599,53,198640
806,0.001465,74.125.24.0-255,5738,124337,53,198640
807,0.001469,172.31.46.0-255,66,124403,53,198640
808,0.001474,74.125.24.0-255,5738,130141,53,198640
809,0.001476,172.31.46.0-255,66,130207,53,198640
810,0.001521,172.31.46.0-255,66,130273,53,198640
811,0.001548,74.125.24.0-255,4320,134593,53,198640
812,0.001551,172.31.46.0-255,66,134659,53,198640
813,0.001556,74.125.24.0-255,3602,138261,53,198640
814,0.001558,172.31.46.0-255,66,138327,53,198640
815,0.001753,74.125.24.0-255,1484,139811,53,198640
816,0.00176,74.125.24.0-255,2902,142713,53,198640
817,0.001763,172.31.46.0-255,66,142779,53,198640
818,0.001768,74.125.24.0-255,2902,145681,53,198640
819,0.001771,172.31.46.0-255,66,145747,53,198640
820,0.001792,74.125.24.0-255,2902,148649,53,198640
821,0.001795,172.31.46.0-255,66,148715,53,198640
822,0.001818,172.31.46.0-255,66,148781,53,198640
823,0.001828,172.31.46.0-255,66,148847,53,198640
824,0.00185,74.125.24.0-255,2184,151031,53,198640
825,0.001857,172.31.46.0-255,66,151097,53,198640
826,0.001929,74.125.24.0-255,1484,152581,53,198640
827,0.001935,74.125.24.0-255,2902,155483,53,198640
828,0.001939,172.31.46.0-255,66,155549,53,198640
829,0.001945,74.125.24.0-255,5738,161287,53,198640
830,0.001946,172.31.46.0-255,66,161353,53,198640
831,0.00195,74.125.24.0-255,2902,164255,53,198640
832,0.001957,172.31.46.0-255,66,164321,53,198640
833,0.002007,172.31.46.0-255,66,164387,53,198640
834,0.002016,172.31.46.0-255,66,164453,53,198640
835,0.002025,74.125.24.0-255,2184,166637,53,198640
836,0.002027,172.31.46.0-255,66,166703,53,198640
837,0.00212,74.125.24.0-255,1484,168187,53,198640
838,0.002138,74.125.24.0-255,2902,171089,53,198640
839,0.002142,172.31.46.0-255,66,171155,53,198640
840,0.002148,74.125.24.0-255,5738,176893,53,198640
841,0.00215,172.31.46.0-255,66,176959,53,198640
842,0.002187,74.125.24.0-255,7156,184115,53,198640
843,0.002191,172.31.46.0-255,66,184181,53,198640
844,0.0022,172.31.46.0-255,66,184247,53,198640
845,0.002228,74.125.24.0-255,2902,187149,53,198640
846,0.002231,172.31.46.0-255,66,187215,53,198640
847,0.002271,74.125.24.0-255,5020,192235,53,198640
848,0.002274,172.31.46.0-255,66,192301,53,198640
849,0.002284,172.31.46.0-255,66,192367,53,198640
850,0.002302,172.31.46.0-255,66,192433,53,198640
851,0.002306,74.125.24.0-255,2902,195335,53,198640
852,0.002308,172.31.46.0-255,66,195401,53,198640
853,0.002354,172.31.46.0-255,66,195467,53,198640
854,0.002365,172.31.46.0-255,66,195533,53,198640
855,0.002367,74.125.24.0-255,1387,196920,53,198640
856,0.002398,74.125.24.0-255,105,197025,53,198640
857,0.004313,172.31.46.0-255,66,197091,53,198640
858,0.004352,172.31.46.0-255,105,197196,53,198640
859,0.006884,74.125.24.0-255,66,197262,53,198640
860,0.035856,172.31.46.0-255,172,197434,53,198640
861,0.035895,172.31.46.0-255,1074,198508,53,198640
862,0.037385,104.244.42.0-255,66,198574,53,198640
863,0.037471,104.244.42.0-255,66,198640,53,198640
864,0.0,74.125.200.0-255,152,152,53,312585
865,1.3e-05,172.31.46.0-255,66,218,53,312585
866,1.9e-05,74.125.200.0-255,1484,1702,53,312585
867,2.3e-05,172.31.46.0-255,66,1768,53,312585
868,2.8e-05,74.125.200.0-255,2902,4670,53,312585
869,3e-05,172.31.46.0-255,66,4736,53,312585
870,6.4e-05,74.125.200.0-255,7156,11892,53,312585
871,6.7e-05,172.31.46.0-255,66,11958,53,312585
872,7.3e-05,74.125.200.0-255,5738,17696,53,312585
873,7.5e-05,172.31.46.0-255,66,17762,53,312585
874,0.000102,74.125.200.0-255,2083,19845,53,312585
875,0.000104,172.31.46.0-255,66,19911,53,312585
876,0.000115,172.31.46.0-255,66,19977,53,312585
877,0.000173,74.125.200.0-255,2543,22520,53,312585
878,0.000175,172.31.46.0-255,66,22586,53,312585
879,0.000196,74.125.200.0-255,1484,24070,53,312585
880,0.000198,172.31.46.0-255,66,24136,53,312585
881,0.000202,74.125.200.0-255,2902,27038,53,312585
882,0.000204,172.31.46.0-255,66,27104,53,312585
883,0.000229,74.125.200.0-255,5738,32842,53,312585
884,0.000231,172.31.46.0-255,66,32908,53,312585
885,0.00026,172.31.46.0-255,66,32974,53,312585
886,0.000287,74.125.200.0-255,1484,34458,53,312585
887,0.000289,172.31.46.0-255,66,34524,53,312585
888,0.000321,172.31.46.0-255,66,34590,53,312585
889,0.000325,74.125.200.0-255,4320,38910,53,312585
890,0.000327,172.31.46.0-255,66,38976,53,312585
891,0.000365,74.125.200.0-255,766,39742,53,312585
892,0.000367,172.31.46.0-255,66,39808,53,312585
893,0.000482,74.125.200.0-255,398,40206,53,312585
894,0.000551,74.125.200.0-255,110,40316,53,312585
895,0.000674,74.125.200.0-255,1484,41800,53,312585
896,0.000679,172.31.46.0-255,66,41866,53,312585
897,0.000684,74.125.200.0-255,2902,44768,53,312585
898,0.000686,172.31.46.0-255,66,44834,53,312585
899,0.000689,74.125.200.0-255,1484,46318,53,312585
900,0.000703,74.125.200.0-255,2902,49220,53,312585
901,0.000705,172.31.46.0-255,66,49286,53,312585
902,0.000732,74.125.200.0-255,5738,55024,53,312585
903,0.000734,172.31.46.0-255,66,55090,53,312585
904,0.000784,74.125.200.0-255,5738,60828,53,312585
905,0.000786,172.31.46.0-255,66,60894,53,312585
906,0.000806,74.125.200.0-255,7156,68050,53,312585
907,0.000808,172.31.46.0-255,66,68116,53,312585
908,0.000821,172.31.46.0-255,66,68182,53,312585
909,0.000839,74.125.200.0-255,766,68948,53,312585
910,0.000858,74.125.200.0-255,7156,76104,53,312585
911,0.000861,172.31.46.0-255,66,76170,53,312585
912,0.000887,74.125.200.0-255,7156,83326,53,312585
913,0.000889,172.31.46.0-255,66,83392,53,312585
914,0.000895,74.125.200.0-255,5738,89130,53,312585
915,0.000897,172.31.46.0-255,66,89196,53,312585
916,0.000917,74.125.200.0-255,7156,96352,53,312585
917,0.000919,172.31.46.0-255,66,96418,53,312585
918,0.000945,74.125.200.0-255,2184,98602,53,312585
919,0.000948,172.31.46.0-255,66,98668,53,312585
920,0.000982,172.31.46.0-255,66,98734,53,312585
921,0.001006,74.125.200.0-255,1484,100218,53,312585
922,0.001009,74.125.200.0-255,1484,101702,53,312585
923,0.001011,172.31.46.0-255,66,101768,53,312585
924,0.001022,172.31.46.0-255,66,101834,53,312585
925,0.001045,74.125.200.0-255,2902,104736,53,312585
926,0.001047,172.31.46.0-255,66,104802,53,312585
927,0.00107,172.31.46.0-255,66,104868,53,312585
928,0.001587,74.125.200.0-255,1484,106352,53,312585
929,0.001595,74.125.200.0-255,2902,109254,53,312585
930,0.001601,172.31.46.0-255,66,109320,53,312585
931,0.001606,74.125.200.0-255,2902,112222,53,312585
932,0.001609,172.31.46.0-255,66,112288,53,312585
933,0.001643,74.125.200.0-255,2902,115190,53,312585
934,0.001645,172.31.46.0-255,66,115256,53,312585
935,0.001652,74.125.200.0-255,7156,122412,53,312585
936,0.001655,172.31.46.0-255,66,122478,53,312585
937,0.001699,172.31.46.0-255,66,122544,53,312585
938,0.001725,74.125.200.0-255,2184,124728,53,312585
939,0.001728,172.31.46.0-255,66,124794,53,312585
940,0.001968,74.125.200.0-255,1484,126278,53,312585
941,0.001996,74.125.200.0-255,2902,129180,53,312585
942,0.001999,172.31.46.0-255,66,129246,53,312585
943,0.00203,74.125.200.0-255,1484,130730,53,312585
944,0.00208,74.125.200.0-255,1484,132214,53,312585
945,0.002083,172.31.46.0-255,66,132280,53,312585
946,0.002128,74.125.200.0-255,1484,133764,53,312585
947,0.00214,74.125.200.0-255,1484,135248,53,312585
948,0.002142,172.31.46.0-255,66,135314,53,312585
949,0.002149,74.125.200.0-255,5738,141052,53,312585
950,0.002152,172.31.46.0-255,66,141118,53,312585
951,0.00216,74.125.200.0-255,2902,144020,53,312585
952,0.002163,172.31.46.0-255,66,144086,53,312585
953,0.002168,74.125.200.0-255,4320,148406,53,312585
954,0.002171,172.31.46.0-255,66,148472,53,312585
955,0.002182,172.31.46.0-255,66,148538,53,312585
956,0.002185,74.125.200.0-255,2184,150722,53,312585
957,0.002188,172.31.46.0-255,66,150788,53,312585
958,0.004421,74.125.200.0-255,5738,156526,53,312585
959,0.004427,172.31.46.0-255,66,156592,53,312585
960,0.006675,74.125.200.0-255,5738,162330,53,312585
961,0.006681,172.31.46.0-255,66,162396,53,312585
962,0.008934,74.125.200.0-255,5738,168134,53,312585
963,0.008941,172.31.46.0-255,66,168200,53,312585
964,0.011196,74.125.200.0-255,5738,173938,53,312585
965,0.011203,172.31.46.0-255,66,174004,53,312585
966,0.013458,74.125.200.0-255,5738,179742,53,312585
967,0.013465,172.31.46.0-255,66,179808,53,312585
968,0.015713,74.125.200.0-255,5738,185546,53,312585
969,0.01572,172.31.46.0-255,66,185612,53,312585
970,0.017969,74.125.200.0-255,5738,191350,53,312585
971,0.017977,172.31.46.0-255,66,191416,53,312585
972,0.020233,74.125.200.0-255,5738,197154,53,312585
973,0.020239,172.31.46.0-255,66,197220,53,312585
974,0.022506,74.125.200.0-255,5738,202958,53,312585
975,0.022514,172.31.46.0-255,66,203024,53,312585
976,0.024771,74.125.200.0-255,5738,208762,53,312585
977,0.024778,172.31.46.0-255,66,208828,53,312585
978,0.027034,74.125.200.0-255,5738,214566,53,312585
979,0.027042,172.31.46.0-255,66,214632,53,312585
980,0.029286,74.125.200.0-255,5738,220370,53,312585
981,0.029295,172.31.46.0-255,66,220436,53,312585
982,0.030989,172.31.46.0-255,172,220608,53,312585
983,0.031022,172.31.46.0-255,1112,221720,53,312585
984,0.031078,172.31.46.0-255,569,222289,53,312585
985,0.031546,74.125.200.0-255,5738,228027,53,312585
986,0.031553,172.31.46.0-255,66,228093,53,312585
987,0.032523,104.244.42.0-255,66,228159,53,312585
988,0.032572,104.244.42.0-255,66,228225,53,312585
989,0.032623,104.244.42.0-255,66,228291,53,312585
990,0.033811,74.125.200.0-255,5738,234029,53,312585
991,0.033818,172.31.46.0-255,66,234095,53,312585
992,0.036084,74.125.200.0-255,5738,239833,53,312585
993,0.036091,172.31.46.0-255,66,239899,53,312585
994,0.038347,74.125.200.0-255,5738,245637,53,312585
995,0.038352,172.31.46.0-255,66,245703,53,312585
996,0.040611,74.125.200.0-255,5738,251441,53,312585
997,0.040617,172.31.46.0-255,66,251507,53,312585
998,0.042874,74.125.200.0-255,5738,257245,53,312585
999,0.042881,172.31.46.0-255,66,257311,53,312585
1000,0.045126,74.125.200.0-255,5738,263049,53,312585
1001,0.045132,172.31.46.0-255,66,263115,53,312585
1002,0.047392,74.125.200.0-255,5738,268853,53,312585
1003,0.047398,172.31.46.0-255,66,268919,53,312585
1004,0.049657,74.125.200.0-255,5738,274657,53,312585
1005,0.049664,172.31.46.0-255,66,274723,53,312585
1006,0.05192,74.125.200.0-255,5738,280461,53,312585
1007,0.051927,172.31.46.0-255,66,280527,53,312585
1008,0.054181,74.125.200.0-255,5738,286265,53,312585
1009,0.054188,172.31.46.0-255,66,286331,53,312585
1010,0.05645,74.125.200.0-255,5738,292069,53,312585
1011,0.056456,172.31.46.0-255,66,292135,53,312585
1012,0.05871,74.125.200.0-255,5738,297873,53,312585
1013,0.058716,172.31.46.0-255,66,297939,53,312585
1014,0.060994,74.125.200.0-255,5738,303677,53,312585
1015,0.061001,172.31.46.0-255,66,303743,53,312585
1016,0.063247,74.125.200.0-255,5738,309481,53,312585
1017,0.063254,172.31.46.0-255,66,309547,53,312585
1018,0.065519,74.125.200.0-255,2801,312348,53,312585
1019,0.065526,172.31.46.0-255,66,312414,53,312585
1020,0.066017,172.31.46.0-255,105,312519,53,312585
1021,0.068234,74.125.200.0-255,66,312585,53,312585
1022,0.0,172.217.194.0-255,146,146,53,281719
1023,2.1e-05,172.31.46.0-255,66,212,53,281719
1024,2.8e-05,172.217.194.0-255,1484,1696,53,281719
1025,3.3e-05,172.31.46.0-255,66,1762,53,281719
1026,3.8e-05,172.217.194.0-255,2902,4664,53,281719
1027,4.9e-05,172.31.46.0-255,66,4730,53,281719
1028,5.6e-05,172.217.194.0-255,5738,10468,53,281719
1029,5.9e-05,172.31.46.0-255,66,10534,53,281719
1030,8.4e-05,172.217.194.0-255,3447,13981,53,281719
1031,9.1e-05,172.31.46.0-255,66,14047,53,281719
1032,0.000432,172.217.194.0-255,1484,15531,53,281719
1033,0.000438,172.31.46.0-255,66,15597,53,281719
1034,0.000444,172.217.194.0-255,2902,18499,53,281719
1035,0.000446,172.31.46.0-255,66,18565,53,281719
1036,0.000458,172.217.194.0-255,5738,24303,53,281719
1037,0.000461,172.31.46.0-255,66,24369,53,281719
1038,0.000491,172.217.194.0-255,6797,31166,53,281719
1039,0.000494,172.31.46.0-255,66,31232,53,281719
1040,0.000596,172.217.194.0-255,1484,32716,53,281719
1041,0.0006,172.31.46.0-255,66,32782,53,281719
1042,0.000605,172.217.194.0-255,2902,35684,53,281719
1043,0.000607,172.31.46.0-255,66,35750,53,281719
1044,0.000613,172.217.194.0-255,4320,40070,53,281719
1045,0.00062,172.31.46.0-255,66,40136,53,281719
1046,0.000658,172.217.194.0-255,1484,41620,53,281719
1047,0.000661,172.31.46.0-255,66,41686,53,281719
1048,0.000669,172.217.194.0-255,6797,48483,53,281719
1049,0.000672,172.31.46.0-255,66,48549,53,281719
1050,0.000686,172.31.46.0-255,66,48615,53,281719
1051,0.00069,172.217.194.0-255,2821,51436,53,281719
1052,0.000694,172.31.46.0-255,66,51502,53,281719
1053,0.000722,172.217.194.0-255,398,51900,53,281719
1054,0.000725,172.31.46.0-255,66,51966,53,281719
1055,0.000957,172.217.194.0-255,1484,53450,53,281719
1056,0.000962,172.31.46.0-255,66,53516,53,281719
1057,0.000967,172.217.194.0-255,2902,56418,53,281719
1058,0.00097,172.31.46.0-255,66,56484,53,281719
1059,0.001003,172.217.194.0-255,5738,62222,53,281719
1060,0.001006,172.31.46.0-255,66,62288,53,281719
1061,0.001029,172.217.194.0-255,5738,68026,53,281719
1062,0.001031,172.31.46.0-255,66,68092,53,281719
1063,0.001053,172.217.194.0-255,7156,75248,53,281719
1064,0.001055,172.31.46.0-255,66,75314,53,281719
1065,0.001089,172.31.46.0-255,66,75380,53,281719
1066,0.001161,172.31.46.0-255,66,75446,53,281719
1067,0.001184,172.31.46.0-255,66,75512,53,281719
1068,0.001195,172.31.46.0-255,66,75578,53,281719
1069,0.001219,172.217.194.0-255,1484,77062,53,281719
1070,0.001221,172.31.46.0-255,66,77128,53,281719
1071,0.001225,172.217.194.0-255,2902,80030,53,281719
1072,0.001227,172.31.46.0-255,66,80096,53,281719
1073,0.00123,172.217.194.0-255,1484,81580,53,281719
1074,0.001232,172.31.46.0-255,66,81646,53,281719
1075,0.001274,172.217.194.0-255,4320,85966,53,281719
1076,0.001277,172.31.46.0-255,66,86032,53,281719
1077,0.001292,172.31.46.0-255,66,86098,53,281719
1078,0.001299,172.217.194.0-255,7156,93254,53,281719
1079,0.001301,172.31.46.0-255,66,93320,53,281719
1080,0.001329,172.217.194.0-255,3602,96922,53,281719
1081,0.001337,172.31.46.0-255,66,96988,53,281719
1082,0.001386,172.217.194.0-255,1484,98472,53,281719
1083,0.001389,172.31.46.0-255,66,98538,53,281719
1084,0.001393,172.217.194.0-255,1484,100022,53,281719
1085,0.001415,172.217.194.0-255,1484,101506,53,281719
1086,0.001421,172.217.194.0-255,5738,107244,53,281719
1087,0.001424,172.217.194.0-255,1484,108728,53,281719
1088,0.001437,172.217.194.0-255,4320,113048,53,281719
1089,0.001439,172.31.46.0-255,66,113114,53,281719
1090,0.00146,172.217.194.0-255,7156,120270,53,281719
1091,0.001464,172.217.194.0-255,2902,123172,53,281719
1092,0.001477,172.217.194.0-255,2902,126074,53,281719
1093,0.001488,172.31.46.0-255,66,126140,53,281719
1094,0.001508,172.217.194.0-255,4320,130460,53,281719
1095,0.001511,172.217.194.0-255,766,131226,53,281719
1096,0.001528,172.31.46.0-255,66,131292,53,281719
1097,0.001809,172.217.194.0-255,1484,132776,53,281719
1098,0.001838,172.217.194.0-255,2902,135678,53,281719
1099,0.001842,172.31.46.0-255,66,135744,53,281719
1100,0.001848,172.217.194.0-255,5738,141482,53,281719
1101,0.001852,172.217.194.0-255,2902,144384,53,281719
1102,0.001868,172.217.194.0-255,5738,150122,53,281719
1103,0.001881,172.217.194.0-255,4320,154442,53,281719
1104,0.00189,172.31.46.0-255,66,154508,53,281719
1105,0.001916,172.217.194.0-255,5738,160246,53,281719
1106,0.001926,172.31.46.0-255,66,160312,53,281719
1107,0.001952,172.217.194.0-255,5020,165332,53,281719
1108,0.001987,172.217.194.0-255,1484,166816,53,281719
1109,0.002009,172.31.46.0-255,66,166882,53,281719
1110,0.002021,172.31.46.0-255,66,166948,53,281719
1111,0.002054,172.217.194.0-255,5738,172686,53,281719
1112,0.002088,172.31.46.0-255,66,172752,53,281719
1113,0.00211,172.217.194.0-255,6438,179190,53,281719
1114,0.002175,172.217.194.0-255,5020,184210,53,281719
1115,0.002183,172.31.46.0-255,66,184276,53,281719
1116,0.002235,172.217.194.0-255,1484,185760,53,281719
1117,0.002241,172.217.194.0-255,2902,188662,53,281719
1118,0.00225,172.31.46.0-255,66,188728,53,281719
1119,0.002259,172.217.194.0-255,4320,193048,53,281719
1120,0.002277,172.217.194.0-255,1484,194532,53,281719
1121,0.002281,172.217.194.0-255,2902,197434,53,281719
1122,0.002288,172.217.194.0-255,7156,204590,53,281719
1123,0.002291,172.31.46.0-255,66,204656,53,281719
1124,0.002324,172.31.46.0-255,66,204722,53,281719
1125,0.004588,172.217.194.0-255,5738,210460,53,281719
1126,0.004595,172.31.46.0-255,66,210526,53,281719
1127,0.006825,172.217.194.0-255,5738,216264,53,281719
1128,0.006832,172.31.46.0-255,66,216330,53,281719
1129,0.009051,172.217.194.0-255,4320,220650,53,281719
1130,0.009055,172.31.46.0-255,66,220716,53,281719
1131,0.009079,172.217.194.0-255,1484,222200,53,281719
1132,0.009082,172.31.46.0-255,66,222266,53,281719
1133,0.011277,172.217.194.0-255,4320,226586,53,281719
1134,0.011283,172.31.46.0-255,66,226652,53,281719
1135,0.011309,172.217.194.0-255,1484,228136,53,281719
1136,0.011311,172.31.46.0-255,66,228202,53,281719
1137,0.013505,172.217.194.0-255,4320,232522,53,281719
1138,0.013512,172.31.46.0-255,66,232588,53,281719
1139,0.013538,172.217.194.0-255,1484,234072,53,281719
1140,0.01354,172.31.46.0-255,66,234138,53,281719
1141,0.015758,172.217.194.0-255,4320,238458,53,281719
1142,0.015766,172.31.46.0-255,66,238524,53,281719
1143,0.015794,172.217.194.0-255,1484,240008,53,281719
1144,0.015797,172.31.46.0-255,66,240074,53,281719
1145,0.01805,172.217.194.0-255,4320,244394,53,281719
1146,0.018058,172.31.46.0-255,66,244460,53,281719
1147,0.01809,172.217.194.0-255,1484,245944,53,281719
1148,0.020303,172.217.194.0-255,4320,250264,53,281719
1149,0.020313,172.31.46.0-255,66,250330,53,281719
1150,0.022545,172.217.194.0-255,5738,256068,53,281719
1151,0.022641,172.31.46.0-255,66,256134,53,281719
1152,0.024905,172.217.194.0-255,5738,261872,53,281719
1153,0.024915,172.31.46.0-255,66,261938,53,281719
1154,0.027171,172.217.194.0-255,5738,267676,53,281719
1155,0.02718,172.31.46.0-255,66,267742,53,281719
1156,0.029427,172.217.194.0-255,5738,273480,53,281719
1157,0.029435,172.31.46.0-255,66,273546,53,281719
1158,0.031676,172.217.194.0-255,2654,276200,53,281719
1159,0.031684,172.31.46.0-255,66,276266,53,281719
1160,0.031931,172.31.46.0-255,105,276371,53,281719
1161,0.033588,172.31.46.0-255,176,276547,53,281719
1162,0.033618,172.31.46.0-255,1112,277659,53,281719
1163,0.033685,172.31.46.0-255,1514,279173,53,281719
1164,0.033686,172.31.46.0-255,1514,280687,53,281719
1165,0.033709,172.31.46.0-255,702,281389,53,281719
1166,0.034137,172.217.194.0-255,66,281455,53,281719
1167,0.035136,104.244.42.0-255,66,281521,53,281719
1168,0.035195,104.244.42.0-255,66,281587,53,281719
1169,0.035239,104.244.42.0-255,66,281653,53,281719
1170,0.035244,104.244.42.0-255,66,281719,53,281719
1171,0.0,74.125.24.0-255,298,298,53,340827
1172,2.6e-05,172.31.46.0-255,66,364,53,340827
1173,3.2e-05,74.125.24.0-255,1484,1848,53,340827
1174,3.6e-05,172.31.46.0-255,66,1914,53,340827
1175,4.1e-05,74.125.24.0-255,4320,6234,53,340827
1176,4.3e-05,172.31.46.0-255,66,6300,53,340827
1177,4.6e-05,74.125.24.0-255,1484,7784,53,340827
1178,4.9e-05,172.31.46.0-255,66,7850,53,340827
1179,7.3e-05,74.125.24.0-255,5738,13588,53,340827
1180,7.6e-05,172.31.46.0-255,66,13654,53,340827
1181,7.9e-05,74.125.24.0-255,459,14113,53,340827
1182,8.1e-05,172.31.46.0-255,66,14179,53,340827
1183,0.000148,74.125.24.0-255,1484,15663,53,340827
1184,0.000151,172.31.46.0-255,66,15729,53,340827
1185,0.000155,74.125.24.0-255,2902,18631,53,340827
1186,0.000158,172.31.46.0-255,66,18697,53,340827
1187,0.000188,74.125.24.0-255,5738,24435,53,340827
1188,0.00019,172.31.46.0-255,66,24501,53,340827
1189,0.000195,74.125.24.0-255,5738,30239,53,340827
1190,0.0002,172.31.46.0-255,66,30305,53,340827
1191,0.000233,74.125.24.0-255,1125,31430,53,340827
1192,0.000235,172.31.46.0-255,66,31496,53,340827
1193,0.000377,74.125.24.0-255,1484,32980,53,340827
1194,0.000381,172.31.46.0-255,66,33046,53,340827
1195,0.000387,74.125.24.0-255,2902,35948,53,340827
1196,0.000389,172.31.46.0-255,66,36014,53,340827
1197,0.000411,74.125.24.0-255,5738,41752,53,340827
1198,0.000414,172.31.46.0-255,66,41818,53,340827
1199,0.000455,74.125.24.0-255,4320,46138,53,340827
1200,0.000459,172.31.46.0-255,66,46204,53,340827
1201,0.000487,172.31.46.0-255,66,46270,53,340827
1202,0.000525,172.31.46.0-255,66,46336,53,340827
1203,0.000528,74.125.24.0-255,648,46984,53,340827
1204,0.000842,172.31.46.0-255,66,47050,53,340827
1205,0.000848,74.125.24.0-255,1484,48534,53,340827
1206,0.000865,74.125.24.0-255,2902,51436,53,340827
1207,0.000867,172.31.46.0-255,66,51502,53,340827
1208,0.000871,74.125.24.0-255,2902,54404,53,340827
1209,0.000873,172.31.46.0-255,66,54470,53,340827
1210,0.00089,74.125.24.0-255,2902,57372,53,340827
1211,0.000893,172.31.46.0-255,66,57438,53,340827
1212,0.000898,74.125.24.0-255,2902,60340,53,340827
1213,0.000901,172.31.46.0-255,66,60406,53,340827
1214,0.000935,172.31.46.0-255,66,60472,53,340827
1215,0.000954,74.125.24.0-255,2902,63374,53,340827
1216,0.000957,172.31.46.0-255,66,63440,53,340827
1217,0.000982,172.31.46.0-255,66,63506,53,340827
1218,0.001091,74.125.24.0-255,1484,64990,53,340827
1219,0.001131,74.125.24.0-255,1484,66474,53,340827
1220,0.001135,172.31.46.0-255,66,66540,53,340827
1221,0.001156,74.125.24.0-255,1484,68024,53,340827
1222,0.001164,74.125.24.0-255,5738,73762,53,340827
1223,0.001167,172.31.46.0-255,66,73828,53,340827
1224,0.001181,172.31.46.0-255,66,73894,53,340827
1225,0.001188,172.31.46.0-255,66,73960,53,340827
1226,0.003222,74.125.24.0-255,5738,79698,53,340827
1227,0.003231,172.31.46.0-255,66,79764,53,340827
1228,0.005247,74.125.24.0-255,5738,85502,53,340827
1229,0.005253,172.31.46.0-255,66,85568,53,340827
1230,0.007287,74.125.24.0-255,5738,91306,53,340827
1231,0.007299,172.31.46.0-255,66,91372,53,340827
1232,0.009302,74.125.24.0-255,5738,97110,53,340827
1233,0.009313,172.31.46.0-255,66,97176,53,340827
1234,0.011333,74.125.24.0-255,5738,102914,53,340827
1235,0.011346,172.31.46.0-255,66,102980,53,340827
1236,0.013379,74.125.24.0-255,5738,108718,53,340827
1237,0.013388,172.31.46.0-255,66,108784,53,340827
1238,0.015416,74.125.24.0-255,5738,114522,53,340827
1239,0.015427,172.31.46.0-255,66,114588,53,340827
1240,0.017457,74.125.24.0-255,5738,120326,53,340827
1241,0.017464,172.31.46.0-255,66,120392,53,340827
1242,0.01948,74.125.24.0-255,5738,126130,53,340827
1243,0.019488,172.31.46.0-255,66,126196,53,340827
1244,0.021502,74.125.24.0-255,5738,131934,53,340827
1245,0.021511,172.31.46.0-255,66,132000,53,340827
1246,0.023526,74.125.24.0-255,5738,137738,53,340827
1247,0.023539,172.31.46.0-255,66,137804,53,340827
1248,0.025573,74.125.24.0-255,5738,143542,53,340827
1249,0.025584,172.31.46.0-255,66,143608,53,340827
1250,0.027578,172.31.46.0-255,167,143775,53,340827
1251,0.027599,74.125.24.0-255,5738,149513,53,340827
1252,0.027606,172.31.46.0-255,66,149579,53,340827
1253,0.027647,172.31.46.0-255,1112,150691,53,340827
1254,0.027838,172.31.46.0-255,1514,152205,53,340827
1255,0.02784,172.31.46.0-255,1291,153496,53,340827
1256,0.029147,104.244.42.0-255,66,153562,53,340827
1257,0.029177,104.244.42.0-255,66,153628,53,340827
1258,0.029375,104.244.42.0-255,66,153694,53,340827
1259,0.029611,74.125.24.0-255,5738,159432,53,340827
1260,0.029617,172.31.46.0-255,66,159498,53,340827
1261,0.031604,74.125.24.0-255,5738,165236,53,340827
1262,0.031611,172.31.46.0-255,66,165302,53,340827
1263,0.033631,74.125.24.0-255,5738,171040,53,340827
1264,0.033637,172.31.46.0-255,66,171106,53,340827
1265,0.03564,74.125.24.0-255,5738,176844,53,340827
1266,0.035646,172.31.46.0-255,66,176910,53,340827
1267,0.037676,74.125.24.0-255,5738,182648,53,340827
1268,0.037681,172.31.46.0-255,66,182714,53,340827
1269,0.039705,74.125.24.0-255,5738,188452,53,340827
1270,0.039715,172.31.46.0-255,66,188518,53,340827
1271,0.04176,74.125.24.0-255,5738,194256,53,340827
1272,0.041768,172.31.46.0-255,66,194322,53,340827
1273,0.043802,74.125.24.0-255,5738,200060,53,340827
1274,0.043808,172.31.46.0-255,66,200126,53,340827
1275,0.045817,74.125.24.0-255,5738,205864,53,340827
1276,0.045822,172.31.46.0-255,66,205930,53,340827
1277,0.04783,74.125.24.0-255,5738,211668,53,340827
1278,0.047837,172.31.46.0-255,66,211734,53,340827
1279,0.049859,74.125.24.0-255,5738,217472,53,340827
1280,0.049864,172.31.46.0-255,66,217538,53,340827
1281,0.051886,74.125.24.0-255,5738,223276,53,340827
1282,0.051893,172.31.46.0-255,66,223342,53,340827
1283,0.05403,74.125.24.0-255,5738,229080,53,340827
1284,0.054036,172.31.46.0-255,66,229146,53,340827
1285,0.056033,74.125.24.0-255,5738,234884,53,340827
1286,0.05604,172.31.46.0-255,66,234950,53,340827
1287,0.05811,74.125.24.0-255,5738,240688,53,340827
1288,0.058133,172.31.46.0-255,66,240754,53,340827
1289,0.060177,74.125.24.0-255,5738,246492,53,340827
1290,0.060199,172.31.46.0-255,66,246558,53,340827
1291,0.062237,74.125.24.0-255,5738,252296,53,340827
1292,0.062256,172.31.46.0-255,66,252362,53,340827
1293,0.064301,74.125.24.0-255,5738,258100,53,340827
1294,0.064312,172.31.46.0-255,66,258166,53,340827
1295,0.066338,74.125.24.0-255,5738,263904,53,340827
1296,0.066348,172.31.46.0-255,66,263970,53,340827
1297,0.068351,74.125.24.0-255,5738,269708,53,340827
1298,0.068359,172.31.46.0-255,66,269774,53,340827
1299,0.070371,74.125.24.0-255,5738,275512,53,340827
1300,0.070379,172.31.46.0-255,66,275578,53,340827
1301,0.072404,74.125.24.0-255,5738,281316,53,340827
1302,0.072411,172.31.46.0-255,66,281382,53,340827
1303,0.074429,74.125.24.0-255,5738,287120,53,340827
1304,0.074436,172.31.46.0-255,66,287186,53,340827
1305,0.076474,74.125.24.0-255,5738,292924,53,340827
1306,0.076483,172.31.46.0-255,66,292990,53,340827
1307,0.078523,74.125.24.0-255,5738,298728,53,340827
1308,0.078533,172.31.46.0-255,66,298794,53,340827
1309,0.080547,74.125.24.0-255,5738,304532,53,340827
1310,0.080554,172.31.46.0-255,66,304598,53,340827
1311,0.082584,74.125.24.0-255,5738,310336,53,340827
1312,0.082591,172.31.46.0-255,66,310402,53,340827
1313,0.084618,74.125.24.0-255,5738,316140,53,340827
1314,0.084624,172.31.46.0-255,66,316206,53,340827
1315,0.086654,74.125.24.0-255,5738,321944,53,340827
1316,0.08666,172.31.46.0-255,66,322010,53,340827
1317,0.088679,74.125.24.0-255,5738,327748,53,340827
1318,0.088685,172.31.46.0-255,66,327814,53,340827
1319,0.090705,74.125.24.0-255,5738,333552,53,340827
1320,0.090712,172.31.46.0-255,66,333618,53,340827
1321,0.092727,74.125.24.0-255,5738,339356,53,340827
1322,0.092734,172.31.46.0-255,66,339422,53,340827
1323,0.094752,74.125.24.0-255,1168,340590,53,340827
1324,0.094893,172.31.46.0-255,66,340656,53,340827
1325,0.094929,172.31.46.0-255,105,340761,53,340827
1326,0.0969,74.125.24.0-255,66,340827,53,340827
1327,0.0,74.125.24.0-255,150,150,53,333613
1328,2.5e-05,172.31.46.0-255,66,216,53,333613
1329,3.2e-05,74.125.24.0-255,1484,1700,53,333613
1330,3.7e-05,172.31.46.0-255,66,1766,53,333613
1331,4.9e-05,74.125.24.0-255,2902,4668,53,333613
1332,5.2e-05,172.31.46.0-255,66,4734,53,333613
1333,6.2e-05,74.125.24.0-255,7156,11890,53,333613
1334,6.6e-05,172.31.46.0-255,66,11956,53,333613
1335,8.8e-05,74.125.24.0-255,2005,13961,53,333613
1336,9.1e-05,172.31.46.0-255,66,14027,53,333613
1337,0.000297,74.125.24.0-255,1484,15511,53,333613
1338,0.000302,172.31.46.0-255,66,15577,53,333613
1339,0.000309,74.125.24.0-255,2902,18479,53,333613
1340,0.000312,172.31.46.0-255,66,18545,53,333613
1341,0.000314,74.125.24.0-255,1484,20029,53,333613
1342,0.000321,172.31.46.0-255,66,20095,53,333613
1343,0.000353,74.125.24.0-255,4320,24415,53,333613
1344,0.000356,172.31.46.0-255,66,24481,53,333613
1345,0.000385,74.125.24.0-255,6797,31278,53,333613
1346,0.000388,172.31.46.0-255,66,31344,53,333613
1347,0.000454,74.125.24.0-255,1484,32828,53,333613
1348,0.000456,172.31.46.0-255,66,32894,53,333613
1349,0.000469,74.125.24.0-255,2902,35796,53,333613
1350,0.000476,172.31.46.0-255,66,35862,53,333613
1351,0.000482,74.125.24.0-255,4320,40182,53,333613
1352,0.000484,172.31.46.0-255,66,40248,53,333613
1353,0.000515,74.125.24.0-255,1484,41732,53,333613
1354,0.000517,172.31.46.0-255,66,41798,53,333613
1355,0.000525,74.125.24.0-255,6797,48595,53,333613
1356,0.000528,172.31.46.0-255,66,48661,53,333613
1357,0.000581,74.125.24.0-255,1484,50145,53,333613
1358,0.000585,172.31.46.0-255,66,50211,53,333613
1359,0.00059,74.125.24.0-255,2902,53113,53,333613
1360,0.000609,74.125.24.0-255,1484,54597,53,333613
1361,0.000627,74.125.24.0-255,4320,58917,53,333613
1362,0.000635,172.31.46.0-255,66,58983,53,333613
1363,0.000645,74.125.24.0-255,2902,61885,53,333613
1364,0.000666,74.125.24.0-255,3961,65846,53,333613
1365,0.000679,172.31.46.0-255,66,65912,53,333613
1366,0.001379,74.125.24.0-255,645,66557,53,333613
1367,0.0014,74.125.24.0-255,1484,68041,53,333613
1368,0.001405,172.31.46.0-255,66,68107,53,333613
1369,0.001426,74.125.24.0-255,1484,69591,53,333613
1370,0.001443,74.125.24.0-255,1484,71075,53,333613
1371,0.001451,74.125.24.0-255,5738,76813,53,333613
1372,0.001497,74.125.24.0-255,4320,81133,53,333613
1373,0.001591,74.125.24.0-255,4320,85453,53,333613
1374,0.001612,74.125.24.0-255,6438,91891,53,333613
1375,0.001645,74.125.24.0-255,2902,94793,53,333613
1376,0.001764,74.125.24.0-255,5738,100531,53,333613
1377,0.00193,74.125.24.0-255,5738,106269,53,333613
1378,0.007001,172.31.46.0-255,66,106335,53,333613
1379,0.009419,74.125.24.0-255,5738,112073,53,333613
1380,0.009428,172.31.46.0-255,66,112139,53,333613
1381,0.011748,74.125.24.0-255,5738,117877,53,333613
1382,0.011969,172.31.46.0-255,66,117943,53,333613
1383,0.014258,74.125.24.0-255,5738,123681,53,333613
1384,0.014269,172.31.46.0-255,66,123747,53,333613
1385,0.016565,74.125.24.0-255,5738,129485,53,333613
1386,0.01658,172.31.46.0-255,66,129551,53,333613
1387,0.018832,74.125.24.0-255,5738,135289,53,333613
1388,0.018844,172.31.46.0-255,66,135355,53,333613
1389,0.02117,74.125.24.0-255,5738,141093,53,333613
1390,0.02118,172.31.46.0-255,66,141159,53,333613
1391,0.023494,74.125.24.0-255,5738,146897,53,333613
1392,0.023505,172.31.46.0-255,66,146963,53,333613
1393,0.02582,74.125.24.0-255,5738,152701,53,333613
1394,0.025832,172.31.46.0-255,66,152767,53,333613
1395,0.028124,74.125.24.0-255,5738,158505,53,333613
1396,0.028137,172.31.46.0-255,66,158571,53,333613
1397,0.030441,74.125.24.0-255,5738,164309,53,333613
1398,0.030456,172.31.46.0-255,66,164375,53,333613
1399,0.032738,74.125.24.0-255,5738,170113,53,333613
1400,0.032746,172.31.46.0-255,66,170179,53,333613
1401,0.035045,74.125.24.0-255,5738,175917,53,333613
1402,0.035058,172.31.46.0-255,66,175983,53,333613
1403,0.037308,172.31.46.0-255,172,176155,53,333613
1404,0.037339,172.31.46.0-255,1074,177229,53,333613
1405,0.037393,74.125.24.0-255,5738,182967,53,333613
1406,0.037399,172.31.46.0-255,66,183033,53,333613
1407,0.038888,104.244.42.0-255,66,183099,53,333613
1408,0.038925,104.244.42.0-255,66,183165,53,333613
1409,0.039681,74.125.24.0-255,5738,188903,53,333613
1410,0.039696,172.31.46.0-255,66,188969,53,333613
1411,0.042026,74.125.24.0-255,5738,194707,53,333613
1412,0.042045,172.31.46.0-255,66,194773,53,333613
1413,0.044329,74.125.24.0-255,5738,200511,53,333613
1414,0.044351,172.31.46.0-255,66,200577,53,333613
1415,0.046653,74.125.24.0-255,5738,206315,53,333613
1416,0.046665,172.31.46.0-255,66,206381,53,333613
1417,0.049006,74.125.24.0-255,5738,212119,53,333613
1418,0.049013,172.31.46.0-255,66,212185,53,333613
1419,0.051356,74.125.24.0-255,5738,217923,53,333613
1420,0.051369,172.31.46.0-255,66,217989,53,333613
1421,0.053689,74.125.24.0-255,5738,223727,53,333613
1422,0.053702,172.31.46.0-255,66,223793,53,333613
1423,0.056011,74.125.24.0-255,5738,229531,53,333613
1424,0.056019,172.31.46.0-255,66,229597,53,333613
1425,0.058359,74.125.24.0-255,5738,235335,53,333613
1426,0.058372,172.31.46.0-255,66,235401,53,333613
1427,0.060666,74.125.24.0-255,5738,241139,53,333613
1428,0.060681,172.31.46.0-255,66,241205,53,333613
1429,0.062983,74.125.24.0-255,5738,246943,53,333613
1430,0.062993,172.31.46.0-255,66,247009,53,333613
1431,0.065322,74.125.24.0-255,5738,252747,53,333613
1432,0.065329,172.31.46.0-255,66,252813,53,333613
1433,0.067663,74.125.24.0-255,5738,258551,53,333613
1434,0.06767,172.31.46.0-255,66,258617,53,333613
1435,0.070003,74.125.24.0-255,5738,264355,53,333613
1436,0.07001,172.31.46.0-255,66,264421,53,333613
1437,0.072268,74.125.24.0-255,5738,270159,53,333613
1438,0.072275,172.31.46.0-255,66,270225,53,333613
1439,0.074586,74.125.24.0-255,5738,275963,53,333613
1440,0.074593,172.31.46.0-255,66,276029,53,333613
1441,0.076963,74.125.24.0-255,5738,281767,53,333613
1442,0.076977,172.31.46.0-255,66,281833,53,333613
1443,0.079294,74.125.24.0-255,5738,287571,53,333613
1444,0.079311,172.31.46.0-255,66,287637,53,333613
1445,0.081666,74.125.24.0-255,5738,293375,53,333613
1446,0.081673,172.31.46.0-255,66,293441,53,333613
1447,0.084011,74.125.24.0-255,5738,299179,53,333613
1448,0.08402,172.31.46.0-255,66,299245,53,333613
1449,0.086373,74.125.24.0-255,5738,304983,53,333613
1450,0.08638,172.31.46.0-255,66,305049,53,333613
1451,0.088703,74.125.24.0-255,5738,310787,53,333613
1452,0.08871,172.31.46.0-255,66,310853,53,333613
1453,0.091036,74.125.24.0-255,5738,316591,53,333613
1454,0.091045,172.31.46.0-255,66,316657,53,333613
1455,0.093352,74.125.24.0-255,5738,322395,53,333613
1456,0.093364,172.31.46.0-255,66,322461,53,333613
1457,0.095704,74.125.24.0-255,5738,328199,53,333613
1458,0.095716,172.31.46.0-255,66,328265,53,333613
1459,0.098009,74.125.24.0-255,5177,333442,53,333613
1460,0.098025,172.31.46.0-255,66,333508,53,333613
1461,0.098339,172.31.46.0-255,105,333613,53,333613
1462,0.0,74.125.68.0-255,296,296,53,346854
1463,2.1e-05,172.31.46.0-255,66,362,53,346854
1464,2.7e-05,74.125.68.0-255,1484,1846,53,346854
1465,3.1e-05,172.31.46.0-255,66,1912,53,346854
1466,5.3e-05,74.125.68.0-255,1484,3396,53,346854
1467,5.6e-05,172.31.46.0-255,66,3462,53,346854
1468,8e-05,74.125.68.0-255,2902,6364,53,346854
1469,8.3e-05,172.31.46.0-255,66,6430,53,346854
1470,8.6e-05,74.125.68.0-255,1484,7914,53,346854
1471,8.8e-05,172.31.46.0-255,66,7980,53,346854
1472,0.000108,74.125.68.0-255,4320,12300,53,346854
1473,0.000113,172.31.46.0-255,66,12366,53,346854
1474,0.000116,74.125.68.0-255,1484,13850,53,346854
1475,0.000117,172.31.46.0-255,66,13916,53,346854
1476,0.000141,74.125.68.0-255,4711,18627,53,346854
1477,0.000144,172.31.46.0-255,66,18693,53,346854
1478,0.000149,74.125.68.0-255,4320,23013,53,346854
1479,0.000151,172.31.46.0-255,66,23079,53,346854
1480,0.000179,74.125.68.0-255,4320,27399,53,346854
1481,0.000182,172.31.46.0-255,66,27465,53,346854
1482,0.000204,74.125.68.0-255,3961,31426,53,346854
1483,0.000206,172.31.46.0-255,66,31492,53,346854
1484,0.000383,74.125.68.0-255,1484,32976,53,346854
1485,0.000388,172.31.46.0-255,66,33042,53,346854
1486,0.000392,74.125.68.0-255,2902,35944,53,346854
1487,0.000394,172.31.46.0-255,66,36010,53,346854
1488,0.000396,74.125.68.0-255,1484,37494,53,346854
1489,0.000398,172.31.46.0-255,66,37560,53,346854
1490,0.000405,74.125.68.0-255,1484,39044,53,346854
1491,0.000406,172.31.46.0-255,66,39110,53,346854
1492,0.000432,74.125.68.0-255,1484,40594,53,346854
1493,0.000435,172.31.46.0-255,66,40660,53,346854
1494,0.00044,74.125.68.0-255,5738,46398,53,346854
1495,0.000442,172.31.46.0-255,66,46464,53,346854
1496,0.000472,74.125.68.0-255,3961,50425,53,346854
1497,0.000479,172.31.46.0-255,66,50491,53,346854
1498,0.000502,74.125.68.0-255,4320,54811,53,346854
1499,0.000504,172.31.46.0-255,66,54877,53,346854
1500,0.000525,74.125.68.0-255,2902,57779,53,346854
1501,0.000527,172.31.46.0-255,66,57845,53,346854
1502,0.000549,74.125.68.0-255,2902,60747,53,346854
1503,0.000551,172.31.46.0-255,66,60813,53,346854
1504,0.000556,74.125.68.0-255,5685,66498,53,346854
1505,0.000558,172.31.46.0-255,66,66564,53,346854
1506,0.000582,74.125.68.0-255,116,66680,53,346854
1507,0.000701,74.125.68.0-255,1484,68164,53,346854
1508,0.000705,172.31.46.0-255,66,68230,53,346854
1509,0.000709,74.125.68.0-255,1484,69714,53,346854
1510,0.000731,74.125.68.0-255,1484,71198,53,346854
1511,0.000733,172.31.46.0-255,66,71264,53,346854
1512,0.000744,74.125.68.0-255,1484,72748,53,346854
1513,0.00075,74.125.68.0-255,1484,74232,53,346854
1514,0.000752,172.31.46.0-255,66,74298,53,346854
1515,0.000774,74.125.68.0-255,2902,77200,53,346854
1516,0.000776,172.31.46.0-255,66,77266,53,346854
1517,0.000816,74.125.68.0-255,4320,81586,53,346854
1518,0.000819,172.31.46.0-255,66,81652,53,346854
1519,0.000846,74.125.68.0-255,5738,87390,53,346854
1520,0.000849,172.31.46.0-255,66,87456,53,346854
1521,0.000873,74.125.68.0-255,1484,88940,53,346854
1522,0.000877,74.125.68.0-255,2902,91842,53,346854
1523,0.000879,172.31.46.0-255,66,91908,53,346854
1524,0.000884,74.125.68.0-255,5738,97646,53,346854
1525,0.000887,172.31.46.0-255,66,97712,53,346854
1526,0.000907,74.125.68.0-255,1484,99196,53,346854
1527,0.000922,74.125.68.0-255,2184,101380,53,346854
1528,0.000925,172.31.46.0-255,66,101446,53,346854
1529,0.001007,74.125.68.0-255,330,101776,53,346854
1530,0.001076,74.125.68.0-255,1484,103260,53,346854
1531,0.00108,172.31.46.0-255,66,103326,53,346854
1532,0.001102,74.125.68.0-255,2902,106228,53,346854
1533,0.001104,172.31.46.0-255,66,106294,53,346854
1534,0.001107,74.125.68.0-255,2902,109196,53,346854
1535,0.00111,172.31.46.0-255,66,109262,53,346854
1536,0.001133,74.125.68.0-255,1484,110746,53,346854
1537,0.001138,74.125.68.0-255,5738,116484,53,346854
1538,0.001145,172.31.46.0-255,66,116550,53,346854
1539,0.001157,74.125.68.0-255,2902,119452,53,346854
1540,0.001159,172.31.46.0-255,66,119518,53,346854
1541,0.001191,172.31.46.0-255,66,119584,53,346854
1542,0.001194,74.125.68.0-255,2902,122486,53,346854
1543,0.001197,172.31.46.0-255,66,122552,53,346854
1544,0.00126,74.125.68.0-255,5020,127572,53,346854
1545,0.001263,172.31.46.0-255,66,127638,53,346854
1546,0.001396,74.125.68.0-255,1484,129122,53,346854
1547,0.001438,74.125.68.0-255,1484,130606,53,346854
1548,0.001442,172.31.46.0-255,66,130672,53,346854
1549,0.001447,74.125.68.0-255,2902,133574,53,346854
1550,0.001449,172.31.46.0-255,66,133640,53,346854
1551,0.001465,74.125.68.0-255,1484,135124,53,346854
1552,0.001488,74.125.68.0-255,4320,139444,53,346854
1553,0.001491,172.31.46.0-255,66,139510,53,346854
1554,0.001499,74.125.68.0-255,7156,146666,53,346854
1555,0.001501,172.31.46.0-255,66,146732,53,346854
1556,0.00153,74.125.68.0-255,7156,153888,53,346854
1557,0.001533,172.31.46.0-255,66,153954,53,346854
1558,0.001568,74.125.68.0-255,7156,161110,53,346854
1559,0.001572,172.31.46.0-255,66,161176,53,346854
1560,0.001575,74.125.68.0-255,766,161942,53,346854
1561,0.001723,74.125.68.0-255,1484,163426,53,346854
1562,0.001728,172.31.46.0-255,66,163492,53,346854
1563,0.001733,74.125.68.0-255,2902,166394,53,346854
1564,0.001735,172.31.46.0-255,66,166460,53,346854
1565,0.001771,74.125.68.0-255,5738,172198,53,346854
1566,0.001774,172.31.46.0-255,66,172264,53,346854
1567,0.001785,172.31.46.0-255,66,172330,53,346854
1568,0.00182,172.31.46.0-255,66,172396,53,346854
1569,0.001827,74.125.68.0-255,5020,177416,53,346854
1570,0.001828,172.31.46.0-255,66,177482,53,346854
1571,0.001839,74.125.68.0-255,5738,183220,53,346854
1572,0.001842,172.31.46.0-255,66,183286,53,346854
1573,0.001871,74.125.68.0-255,1484,184770,53,346854
1574,0.001875,74.125.68.0-255,2902,187672,53,346854
1575,0.001878,172.31.46.0-255,66,187738,53,346854
1576,0.001897,74.125.68.0-255,5738,193476,53,346854
1577,0.0019,172.31.46.0-255,66,193542,53,346854
1578,0.001943,172.31.46.0-255,66,193608,53,346854
1579,0.001946,74.125.68.0-255,1484,195092,53,346854
1580,0.001978,172.31.46.0-255,66,195158,53,346854
1581,0.001981,74.125.68.0-255,1484,196642,53,346854
1582,0.002001,74.125.68.0-255,2902,199544,53,346854
1583,0.002003,172.31.46.0-255,66,199610,53,346854
1584,0.002006,74.125.68.0-255,1484,201094,53,346854
1585,0.002033,74.125.68.0-255,4320,205414,53,346854
1586,0.002036,172.31.46.0-255,66,205480,53,346854
1587,0.002049,74.125.68.0-255,5738,211218,53,346854
1588,0.002056,172.31.46.0-255,66,211284,53,346854
1589,0.002063,74.125.68.0-255,7156,218440,53,346854
1590,0.002066,172.31.46.0-255,66,218506,53,346854
1591,0.002104,172.31.46.0-255,66,218572,53,346854
1592,0.004175,74.125.68.0-255,5738,224310,53,346854
1593,0.004183,172.31.46.0-255,66,224376,53,346854
1594,0.006256,74.125.68.0-255,5738,230114,53,346854
1595,0.006263,172.31.46.0-255,66,230180,53,346854
1596,0.008339,74.125.68.0-255,5738,235918,53,346854
1597,0.008345,172.31.46.0-255,66,235984,53,346854
1598,0.010422,74.125.68.0-255,5738,241722,53,346854
1599,0.010428,172.31.46.0-255,66,241788,53,346854
1600,0.012497,74.125.68.0-255,5738,247526,53,346854
1601,0.012505,172.31.46.0-255,66,247592,53,346854
1602,0.014585,74.125.68.0-255,5738,253330,53,346854
1603,0.014593,172.31.46.0-255,66,253396,53,346854
1604,0.016672,74.125.68.0-255,5738,259134,53,346854
1605,0.016683,172.31.46.0-255,66,259200,53,346854
1606,0.01879,74.125.68.0-255,5738,264938,53,346854
1607,0.018799,172.31.46.0-255,66,265004,53,346854
1608,0.020879,74.125.68.0-255,5738,270742,53,346854
1609,0.020886,172.31.46.0-255,66,270808,53,346854
1610,0.022956,74.125.68.0-255,5738,276546,53,346854
1611,0.022962,172.31.46.0-255,66,276612,53,346854
1612,0.025026,74.125.68.0-255,1484,278096,53,346854
1613,0.025047,74.125.68.0-255,4320,282416,53,346854
1614,0.025051,172.31.46.0-255,66,282482,53,346854
1615,0.027135,74.125.68.0-255,5738,288220,53,346854
1616,0.027142,172.31.46.0-255,66,288286,53,346854
1617,0.029207,74.125.68.0-255,5738,294024,53,346854
1618,0.029215,172.31.46.0-255,66,294090,53,346854
1619,0.031297,74.125.68.0-255,5738,299828,53,346854
1620,0.031303,172.31.46.0-255,66,299894,53,346854
1621,0.0323,172.31.46.0-255,172,300066,53,346854
1622,0.032332,172.31.46.0-255,1112,301178,53,346854
1623,0.032393,172.31.46.0-255,1514,302692,53,346854
1624,0.032396,172.31.46.0-255,1291,303983,53,346854
1625,0.033378,74.125.68.0-255,5738,309721,53,346854
1626,0.033385,172.31.46.0-255,66,309787,53,346854
1627,0.033826,104.244.42.0-255,66,309853,53,346854
1628,0.033858,104.244.42.0-255,66,309919,53,346854
1629,0.033922,104.244.42.0-255,66,309985,53,346854
1630,0.034692,104.244.42.0-255,108,310093,53,346854
1631,0.034699,172.31.46.0-255,66,310159,53,346854
1632,0.035447,74.125.68.0-255,5738,315897,53,346854
1633,0.035451,172.31.46.0-255,66,315963,53,346854
1634,0.037522,74.125.68.0-255,5738,321701,53,346854
1635,0.037527,172.31.46.0-255,66,321767,53,346854
1636,0.039613,74.125.68.0-255,5738,327505,53,346854
1637,0.039619,172.31.46.0-255,66,327571,53,346854
1638,0.041681,74.125.68.0-255,5738,333309,53,346854
1639,0.041687,172.31.46.0-255,66,333375,53,346854
1640,0.043766,74.125.68.0-255,5738,339113,53,346854
1641,0.043775,172.31.46.0-255,66,339179,53,346854
1642,0.045859,74.125.68.0-255,5738,344917,53,346854
1643,0.045872,172.31.46.0-255,66,344983,53,346854
1644,0.047942,74.125.68.0-255,1634,346617,53,346854
1645,0.047955,172.31.46.0-255,66,346683,53,346854
1646,0.048231,172.31.46.0-255,105,346788,53,346854
1647,0.05027,74.125.68.0-255,66,346854,53,346854
1648,0.0,74.125.130.0-255,152,152,53,393778
1649,1.6e-05,172.31.46.0-255,66,218,53,393778
1650,2.2e-05,74.125.130.0-255,1484,1702,53,393778
1651,2.7e-05,172.31.46.0-255,66,1768,53,393778
1652,3.2e-05,74.125.130.0-255,2902,4670,53,393778
1653,3.5e-05,172.31.46.0-255,66,4736,53,393778
1654,4.6e-05,74.125.130.0-255,4320,9056,53,393778
1655,4.9e-05,172.31.46.0-255,66,9122,53,393778
1656,8.8e-05,74.125.130.0-255,4775,13897,53,393778
1657,9e-05,172.31.46.0-255,66,13963,53,393778
1658,0.000174,74.125.130.0-255,1484,15447,53,393778
1659,0.000177,172.31.46.0-255,66,15513,53,393778
1660,0.000182,74.125.130.0-255,2902,18415,53,393778
1661,0.000184,172.31.46.0-255,66,18481,53,393778
1662,0.000217,74.125.130.0-255,5738,24219,53,393778
1663,0.00022,172.31.46.0-255,66,24285,53,393778
1664,0.000247,74.125.130.0-255,6797,31082,53,393778
1665,0.000249,172.31.46.0-255,66,31148,53,393778
1666,0.000281,74.125.130.0-255,5738,36886,53,393778
1667,0.000284,172.31.46.0-255,66,36952,53,393778
1668,0.000311,74.125.130.0-255,7156,44108,53,393778
1669,0.000314,172.31.46.0-255,66,44174,53,393778
1670,0.000331,74.125.130.0-255,3961,48135,53,393778
1671,0.000333,172.31.46.0-255,66,48201,53,393778
1672,0.000389,74.125.130.0-255,1484,49685,53,393778
1673,0.000392,172.31.46.0-255,66,49751,53,393778
1674,0.000419,74.125.130.0-255,2902,52653,53,393778
1675,0.000421,172.31.46.0-255,66,52719,53,393778
1676,0.000428,74.125.130.0-255,5738,58457,53,393778
1677,0.00043,172.31.46.0-255,66,58523,53,393778
1678,0.00044,74.125.130.0-255,5738,64261,53,393778
1679,0.000442,172.31.46.0-255,66,64327,53,393778
1680,0.00047,74.125.130.0-255,1125,65452,53,393778
1681,0.000588,74.125.130.0-255,677,66129,53,393778
1682,0.000592,172.31.46.0-255,66,66195,53,393778
1683,0.000657,74.125.130.0-255,1484,67679,53,393778
1684,0.00066,74.125.130.0-255,1484,69163,53,393778
1685,0.000663,172.31.46.0-255,66,69229,53,393778
1686,0.000689,74.125.130.0-255,1484,70713,53,393778
1687,0.000693,74.125.130.0-255,2902,73615,53,393778
1688,0.000696,172.31.46.0-255,66,73681,53,393778
1689,0.000702,74.125.130.0-255,4320,78001,53,393778
1690,0.000704,172.31.46.0-255,66,78067,53,393778
1691,0.000722,74.125.130.0-255,2902,80969,53,393778
1692,0.000724,172.31.46.0-255,66,81035,53,393778
1693,0.000757,74.125.130.0-255,6797,87832,53,393778
1694,0.000759,172.31.46.0-255,66,87898,53,393778
1695,0.000764,74.125.130.0-255,4320,92218,53,393778
1696,0.000766,172.31.46.0-255,66,92284,53,393778
1697,0.000798,172.31.46.0-255,66,92350,53,393778
1698,0.001252,74.125.130.0-255,1484,93834,53,393778
1699,0.001265,74.125.130.0-255,2902,96736,53,393778
1700,0.001268,172.31.46.0-255,66,96802,53,393778
1701,0.001271,74.125.130.0-255,1484,98286,53,393778
1702,0.001303,74.125.130.0-255,4320,102606,53,393778
1703,0.001305,172.31.46.0-255,66,102672,53,393778
1704,0.001309,74.125.130.0-255,2902,105574,53,393778
1705,0.001311,172.31.46.0-255,66,105640,53,393778
1706,0.001316,74.125.130.0-255,4320,109960,53,393778
1707,0.001318,172.31.46.0-255,66,110026,53,393778
1708,0.001327,74.125.130.0-255,7156,117182,53,393778
1709,0.001329,172.31.46.0-255,66,117248,53,393778
1710,0.00136,74.125.130.0-255,1484,118732,53,393778
1711,0.001365,74.125.130.0-255,5738,124470,53,393778
1712,0.001367,172.31.46.0-255,66,124536,53,393778
1713,0.001393,74.125.130.0-255,2184,126720,53,393778
1714,0.001395,172.31.46.0-255,66,126786,53,393778
1715,0.00146,74.125.130.0-255,1484,128270,53,393778
1716,0.001473,74.125.130.0-255,2902,131172,53,393778
1717,0.001477,172.31.46.0-255,66,131238,53,393778
1718,0.001488,74.125.130.0-255,4320,135558,53,393778
1719,0.00149,172.31.46.0-255,66,135624,53,393778
1720,0.001512,74.125.130.0-255,1484,137108,53,393778
1721,0.001519,74.125.130.0-255,7156,144264,53,393778
1722,0.001521,172.31.46.0-255,66,144330,53,393778
1723,0.001544,74.125.130.0-255,2902,147232,53,393778
1724,0.001546,172.31.46.0-255,66,147298,53,393778
1725,0.001577,74.125.130.0-255,7156,154454,53,393778
1726,0.001608,172.31.46.0-255,66,154520,53,393778
1727,0.001623,74.125.130.0-255,6438,160958,53,393778
1728,0.001625,172.31.46.0-255,66,161024,53,393778
1729,0.001802,74.125.130.0-255,1484,162508,53,393778
1730,0.001819,74.125.130.0-255,1484,163992,53,393778
1731,0.001822,172.31.46.0-255,66,164058,53,393778
1732,0.001833,74.125.130.0-255,1484,165542,53,393778
1733,0.001839,74.125.130.0-255,1484,167026,53,393778
1734,0.001841,172.31.46.0-255,66,167092,53,393778
1735,0.001867,74.125.130.0-255,4320,171412,53,393778
1736,0.001869,172.31.46.0-255,66,171478,53,393778
1737,0.001876,74.125.130.0-255,7156,178634,53,393778
1738,0.001878,172.31.46.0-255,66,178700,53,393778
1739,0.001918,74.125.130.0-255,7156,185856,53,393778
1740,0.00192,172.31.46.0-255,66,185922,53,393778
1741,0.00195,74.125.130.0-255,7156,193078,53,393778
1742,0.001953,172.31.46.0-255,66,193144,53,393778
1743,0.001956,74.125.130.0-255,2184,195328,53,393778
1744,0.001958,172.31.46.0-255,66,195394,53,393778
1745,0.002221,74.125.130.0-255,1484,196878,53,393778
1746,0.002244,74.125.130.0-255,2902,199780,53,393778
1747,0.002247,172.31.46.0-255,66,199846,53,393778
1748,0.002286,74.125.130.0-255,4320,204166,53,393778
1749,0.002289,172.31.46.0-255,66,204232,53,393778
1750,0.004483,74.125.130.0-255,1484,205716,53,393778
1751,0.004521,74.125.130.0-255,4320,210036,53,393778
1752,0.004525,172.31.46.0-255,66,210102,53,393778
1753,0.006764,74.125.130.0-255,5738,215840,53,393778
1754,0.006769,172.31.46.0-255,66,215906,53,393778
1755,0.009014,74.125.130.0-255,5738,221644,53,393778
1756,0.009021,172.31.46.0-255,66,221710,53,393778
1757,0.011274,74.125.130.0-255,5738,227448,53,393778
1758,0.01128,172.31.46.0-255,66,227514,53,393778
1759,0.013535,74.125.130.0-255,5738,233252,53,393778
1760,0.013543,172.31.46.0-255,66,233318,53,393778
1761,0.015794,74.125.130.0-255,5738,239056,53,393778
1762,0.015801,172.31.46.0-255,66,239122,53,393778
1763,0.018064,74.125.130.0-255,5738,244860,53,393778
1764,0.01807,172.31.46.0-255,66,244926,53,393778
1765,0.020317,74.125.130.0-255,5738,250664,53,393778
1766,0.020329,172.31.46.0-255,66,250730,53,393778
1767,0.022577,74.125.130.0-255,5738,256468,53,393778
1768,0.022585,172.31.46.0-255,66,256534,53,393778
1769,0.024833,74.125.130.0-255,5738,262272,53,393778
1770,0.024839,172.31.46.0-255,66,262338,53,393778
1771,0.02708,74.125.130.0-255,4320,266658,53,393778
1772,0.027085,172.31.46.0-255,66,266724,53,393778
1773,0.027114,74.125.130.0-255,1484,268208,53,393778
1774,0.028031,172.31.46.0-255,172,268380,53,393778
1775,0.028058,172.31.46.0-255,1111,269491,53,393778
1776,0.028119,172.31.46.0-255,1514,271005,53,393778
1777,0.028121,172.31.46.0-255,1514,272519,53,393778
1778,0.028122,172.31.46.0-255,1514,274033,53,393778
1779,0.028123,172.31.46.0-255,1514,275547,53,393778
1780,0.028124,172.31.46.0-255,533,276080,53,393778
1781,0.029337,74.125.130.0-255,4320,280400,53,393778
1782,0.029343,172.31.46.0-255,66,280466,53,393778
1783,0.029504,104.244.42.0-255,66,280532,53,393778
1784,0.02953,104.244.42.0-255,66,280598,53,393778
1785,0.029621,104.244.42.0-255,66,280664,53,393778
1786,0.029626,104.244.42.0-255,66,280730,53,393778
1787,0.030322,104.244.42.0-255,108,280838,53,393778
1788,0.030327,172.31.46.0-255,66,280904,53,393778
1789,0.031588,74.125.130.0-255,5738,286642,53,393778
1790,0.031592,172.31.46.0-255,66,286708,53,393778
1791,0.033836,74.125.130.0-255,5738,292446,53,393778
1792,0.033841,172.31.46.0-255,66,292512,53,393778
1793,0.036089,74.125.130.0-255,5738,298250,53,393778
1794,0.036096,172.31.46.0-255,66,298316,53,393778
1795,0.038351,74.125.130.0-255,5738,304054,53,393778
1796,0.038358,172.31.46.0-255,66,304120,53,393778
1797,0.040602,74.125.130.0-255,5738,309858,53,393778
1798,0.040607,172.31.46.0-255,66,309924,53,393778
1799,0.042851,74.125.130.0-255,5738,315662,53,393778
1800,0.042857,172.31.46.0-255,66,315728,53,393778
1801,0.045109,74.125.130.0-255,5738,321466,53,393778
1802,0.045115,172.31.46.0-255,66,321532,53,393778
1803,0.04737,74.125.130.0-255,5738,327270,53,393778
1804,0.047375,172.31.46.0-255,66,327336,53,393778
1805,0.049634,74.125.130.0-255,5738,333074,53,393778
1806,0.049639,172.31.46.0-255,66,333140,53,393778
1807,0.051924,74.125.130.0-255,5738,338878,53,393778
1808,0.051929,172.31.46.0-255,66,338944,53,393778
1809,0.054179,74.125.130.0-255,5738,344682,53,393778
1810,0.054188,172.31.46.0-255,66,344748,53,393778
1811,0.056442,74.125.130.0-255,5738,350486,53,393778
1812,0.056449,172.31.46.0-255,66,350552,53,393778
1813,0.05869,74.125.130.0-255,5738,356290,53,393778
1814,0.058697,172.31.46.0-255,66,356356,53,393778
1815,0.060956,74.125.130.0-255,5738,362094,53,393778
1816,0.060962,172.31.46.0-255,66,362160,53,393778
1817,0.063219,74.125.130.0-255,5738,367898,53,393778
1818,0.063226,172.31.46.0-255,66,367964,53,393778
1819,0.065483,74.125.130.0-255,5738,373702,53,393778
1820,0.06549,172.31.46.0-255,66,373768,53,393778
1821,0.06774,74.125.130.0-255,5738,379506,53,393778
1822,0.067748,172.31.46.0-255,66,379572,53,393778
1823,0.069999,74.125.130.0-255,5738,385310,53,393778
1824,0.070004,172.31.46.0-255,66,385376,53,393778
1825,0.072258,74.125.130.0-255,5738,391114,53,393778
1826,0.072264,172.31.46.0-255,66,391180,53,393778
1827,0.074521,74.125.130.0-255,2361,393541,53,393778
1828,0.074527,172.31.46.0-255,66,393607,53,393778
1829,0.074696,172.31.46.0-255,105,393712,53,393778
1830,0.0769,74.125.130.0-255,66,393778,53,393778
1831,0.0,172.217.194.0-255,296,296,53,156155
1832,2.2e-05,172.31.46.0-255,66,362,53,156155
1833,2.8e-05,172.217.194.0-255,1484,1846,53,156155
1834,3.2e-05,172.31.46.0-255,66,1912,53,156155
1835,3.8e-05,172.217.194.0-255,4320,6232,53,156155
1836,4.1e-05,172.31.46.0-255,66,6298,53,156155
1837,5.1e-05,172.31.46.0-255,66,6364,53,156155
1838,6e-05,172.31.46.0-255,66,6430,53,156155
1839,8.2e-05,172.217.194.0-255,5738,12168,53,156155
1840,8.4e-05,172.31.46.0-255,66,12234,53,156155
1841,0.000103,172.217.194.0-255,2543,14777,53,156155
1842,0.000105,172.31.46.0-255,66,14843,53,156155
1843,0.000129,172.217.194.0-255,1484,16327,53,156155
1844,0.00013,172.31.46.0-255,66,16393,53,156155
1845,0.000135,172.217.194.0-255,2902,19295,53,156155
1846,0.000136,172.31.46.0-255,66,19361,53,156155
1847,0.000148,172.217.194.0-255,2902,22263,53,156155
1848,0.00015,172.31.46.0-255,66,22329,53,156155
1849,0.000171,172.217.194.0-255,2902,25231,53,156155
1850,0.000173,172.31.46.0-255,66,25297,53,156155
1851,0.000177,172.217.194.0-255,4320,29617,53,156155
1852,0.000179,172.31.46.0-255,66,29683,53,156155
1853,0.000198,172.217.194.0-255,1484,31167,53,156155
1854,0.000201,172.31.46.0-255,66,31233,53,156155
1855,0.000203,172.31.46.0-255,66,31299,53,156155
1856,0.000219,172.31.46.0-255,66,31365,53,156155
1857,0.000234,172.217.194.0-255,365,31730,53,156155
1858,0.000236,172.31.46.0-255,66,31796,53,156155
1859,0.000387,172.217.194.0-255,1484,33280,53,156155
1860,0.000394,172.217.194.0-255,2902,36182,53,156155
1861,0.000417,172.217.194.0-255,1484,37666,53,156155
1862,0.000435,172.217.194.0-255,4320,41986,53,156155
1863,0.000438,172.217.194.0-255,1484,43470,53,156155
1864,0.00048,172.31.46.0-255,66,43536,53,156155
1865,0.000495,172.217.194.0-255,7156,50692,53,156155
1866,0.000512,172.217.194.0-255,4470,55162,53,156155
1867,0.000561,172.31.46.0-255,66,55228,53,156155
1868,0.000749,172.217.194.0-255,1484,56712,53,156155
1869,0.000754,172.217.194.0-255,2902,59614,53,156155
1870,0.00076,172.31.46.0-255,66,59680,53,156155
1871,0.000778,172.217.194.0-255,5738,65418,53,156155
1872,0.000786,172.31.46.0-255,66,65484,53,156155
1873,0.000816,172.217.194.0-255,4320,69804,53,156155
1874,0.000821,172.217.194.0-255,5738,75542,53,156155
1875,0.000828,172.31.46.0-255,66,75608,53,156155
1876,0.000844,172.217.194.0-255,5020,80628,53,156155
1877,0.000861,172.31.46.0-255,66,80694,53,156155
1878,0.000885,172.217.194.0-255,1484,82178,53,156155
1879,0.000888,172.217.194.0-255,1484,83662,53,156155
1880,0.000891,172.31.46.0-255,66,83728,53,156155
1881,0.000909,172.217.194.0-255,1484,85212,53,156155
1882,0.000915,172.217.194.0-255,5738,90950,53,156155
1883,0.000918,172.217.194.0-255,1484,92434,53,156155
1884,0.000958,172.217.194.0-255,1484,93918,53,156155
1885,0.000964,172.31.46.0-255,66,93984,53,156155
1886,0.001005,172.31.46.0-255,66,94050,53,156155
1887,0.001046,172.217.194.0-255,1484,95534,53,156155
1888,0.001048,172.217.194.0-255,1484,97018,53,156155
1889,0.001059,172.217.194.0-255,1484,98502,53,156155
1890,0.001064,172.217.194.0-255,4320,102822,53,156155
1891,0.001068,172.217.194.0-255,4320,107142,53,156155
1892,0.001081,172.31.46.0-255,66,107208,53,156155
1893,0.00109,172.217.194.0-255,1484,108692,53,156155
1894,0.001102,172.217.194.0-255,1484,110176,53,156155
1895,0.001122,172.217.194.0-255,6438,116614,53,156155
1896,0.00113,172.31.46.0-255,66,116680,53,156155
1897,0.001314,172.217.194.0-255,1484,118164,53,156155
1898,0.001332,172.217.194.0-255,2902,121066,53,156155
1899,0.001338,172.217.194.0-255,5738,126804,53,156155
1900,0.001347,172.31.46.0-255,66,126870,53,156155
1901,0.001357,172.217.194.0-255,2902,129772,53,156155
1902,0.001374,172.31.46.0-255,66,129838,53,156155
1903,0.0014,172.31.46.0-255,66,129904,53,156155
1904,0.001446,172.31.46.0-255,66,129970,53,156155
1905,0.001479,172.31.46.0-255,66,130036,53,156155
1906,0.00149,172.217.194.0-255,7156,137192,53,156155
1907,0.001573,172.31.46.0-255,66,137258,53,156155
1908,0.001579,172.31.46.0-255,66,137324,53,156155
1909,0.001589,172.217.194.0-255,1484,138808,53,156155
1910,0.001606,172.217.194.0-255,3602,142410,53,156155
1911,0.00161,172.217.194.0-255,2902,145312,53,156155
1912,0.001628,172.31.46.0-255,66,145378,53,156155
1913,0.001694,172.217.194.0-255,2902,148280,53,156155
1914,0.001701,172.31.46.0-255,66,148346,53,156155
1915,0.001741,172.217.194.0-255,1484,149830,53,156155
1916,0.001751,172.31.46.0-255,66,149896,53,156155
1917,0.00178,172.217.194.0-255,105,150001,53,156155
1918,0.001798,172.217.194.0-255,129,150130,53,156155
1919,0.001805,172.31.46.0-255,66,150196,53,156155
1920,0.011427,172.31.46.0-255,105,150301,53,156155
1921,0.011468,172.31.46.0-255,105,150406,53,156155
1922,0.011652,172.31.46.0-255,90,150496,53,156155
1923,0.011661,172.31.46.0-255,66,150562,53,156155
1924,0.013656,172.217.194.0-255,66,150628,53,156155
1925,0.013694,172.217.194.0-255,66,150694,53,156155
1926,0.013907,172.217.194.0-255,66,150760,53,156155
1927,0.013926,172.217.194.0-255,66,150826,53,156155
1928,0.013931,172.31.46.0-255,66,150892,53,156155
1929,0.032105,172.31.46.0-255,172,151064,53,156155
1930,0.032155,172.31.46.0-255,1112,152176,53,156155
1931,0.032217,172.31.46.0-255,1514,153690,53,156155
1932,0.032218,172.31.46.0-255,1514,155204,53,156155
1933,0.032241,172.31.46.0-255,687,155891,53,156155
1934,0.033639,104.244.42.0-255,66,155957,53,156155
1935,0.033648,104.244.42.0-255,66,156023,53,156155
1936,0.03378,104.244.42.0-255,66,156089,53,156155
1937,0.033783,104.244.42.0-255,66,156155,53,156155
1938,0.0,74.125.24.0-255,156,156,53,360164
1939,1.3e-05,172.31.46.0-255,66,222,53,360164
1940,1.9e-05,74.125.24.0-255,1484,1706,53,360164
1941,2.4e-05,172.31.46.0-255,66,1772,53,360164
1942,2.9e-05,74.125.24.0-255,2902,4674,53,360164
1943,3.3e-05,172.31.46.0-255,66,4740,53,360164
1944,6.6e-05,74.125.24.0-255,7156,11896,53,360164
1945,6.9e-05,172.31.46.0-255,66,11962,53,360164
1946,0.00012,172.31.46.0-255,66,12028,53,360164
1947,0.000128,74.125.24.0-255,6797,18825,53,360164
1948,0.00013,172.31.46.0-255,66,18891,53,360164
1949,0.00016,74.125.24.0-255,7156,26047,53,360164
1950,0.000162,172.31.46.0-255,66,26113,53,360164
1951,0.000196,172.31.46.0-255,66,26179,53,360164
1952,0.000223,74.125.24.0-255,1484,27663,53,360164
1953,0.000225,172.31.46.0-255,66,27729,53,360164
1954,0.00024,74.125.24.0-255,2902,30631,53,360164
1955,0.000242,172.31.46.0-255,66,30697,53,360164
1956,0.000246,74.125.24.0-255,2902,33599,53,360164
1957,0.000248,172.31.46.0-255,66,33665,53,360164
1958,0.000275,74.125.24.0-255,2902,36567,53,360164
1959,0.000277,172.31.46.0-255,66,36633,53,360164
1960,0.000332,74.125.24.0-255,7129,43762,53,360164
1961,0.000336,172.31.46.0-255,66,43828,53,360164
1962,0.000351,74.125.24.0-255,344,44172,53,360164
1963,0.000353,172.31.46.0-255,66,44238,53,360164
1964,0.000432,74.125.24.0-255,1484,45722,53,360164
1965,0.000436,172.31.46.0-255,66,45788,53,360164
1966,0.000441,74.125.24.0-255,2902,48690,53,360164
1967,0.000443,172.31.46.0-255,66,48756,53,360164
1968,0.000446,74.125.24.0-255,1484,50240,53,360164
1969,0.000475,74.125.24.0-255,4320,54560,53,360164
1970,0.000477,172.31.46.0-255,66,54626,53,360164
1971,0.000492,74.125.24.0-255,1484,56110,53,360164
1972,0.000532,74.125.24.0-255,6797,62907,53,360164
1973,0.000535,172.31.46.0-255,66,62973,53,360164
1974,0.000543,74.125.24.0-255,7156,70129,53,360164
1975,0.000545,172.31.46.0-255,66,70195,53,360164
1976,0.000562,74.125.24.0-255,1484,71679,53,360164
1977,0.000569,74.125.24.0-255,6797,78476,53,360164
1978,0.000571,172.31.46.0-255,66,78542,53,360164
1979,0.000765,74.125.24.0-255,1484,80026,53,360164
1980,0.000771,74.125.24.0-255,2902,82928,53,360164
1981,0.000774,172.31.46.0-255,66,82994,53,360164
1982,0.000794,74.125.24.0-255,5738,88732,53,360164
1983,0.000797,172.31.46.0-255,66,88798,53,360164
1984,0.000824,74.125.24.0-255,4320,93118,53,360164
1985,0.000829,172.31.46.0-255,66,93184,53,360164
1986,0.000853,172.31.46.0-255,66,93250,53,360164
1987,0.000856,74.125.24.0-255,1484,94734,53,360164
1988,0.000874,74.125.24.0-255,5738,100472,53,360164
1989,0.000877,172.31.46.0-255,66,100538,53,360164
1990,0.00089,74.125.24.0-255,3602,104140,53,360164
1991,0.000893,172.31.46.0-255,66,104206,53,360164
1992,0.001854,74.125.24.0-255,1484,105690,53,360164
1993,0.001864,74.125.24.0-255,2902,108592,53,360164
1994,0.001869,172.31.46.0-255,66,108658,53,360164
1995,0.0019,74.125.24.0-255,2902,111560,53,360164
1996,0.001903,172.31.46.0-255,66,111626,53,360164
1997,0.00192,74.125.24.0-255,2902,114528,53,360164
1998,0.001923,172.31.46.0-255,66,114594,53,360164
1999,0.001954,74.125.24.0-255,7156,121750,53,360164
2000,0.001958,172.31.46.0-255,66,121816,53,360164
2001,0.001962,74.125.24.0-255,2902,124718,53,360164
2002,0.001964,172.31.46.0-255,66,124784,53,360164
2003,0.001975,74.125.24.0-255,1484,126268,53,360164
2004,0.00204,172.31.46.0-255,66,126334,53,360164
2005,0.00206,74.125.24.0-255,3602,129936,53,360164
2006,0.002062,172.31.46.0-255,66,130002,53,360164
2007,0.004021,74.125.24.0-255,2902,132904,53,360164
2008,0.004028,172.31.46.0-255,66,132970,53,360164
2009,0.004049,74.125.24.0-255,2902,135872,53,360164
2010,0.004051,172.31.46.0-255,66,135938,53,360164
2011,0.006024,74.125.24.0-255,5738,141676,53,360164
2012,0.006027,172.31.46.0-255,66,141742,53,360164
2013,0.008061,74.125.24.0-255,5738,147480,53,360164
2014,0.008067,172.31.46.0-255,66,147546,53,360164
2015,0.010096,74.125.24.0-255,5738,153284,53,360164
2016,0.010103,172.31.46.0-255,66,153350,53,360164
2017,0.012131,74.125.24.0-255,5738,159088,53,360164
2018,0.012138,172.31.46.0-255,66,159154,53,360164
2019,0.014148,74.125.24.0-255,5738,164892,53,360164
2020,0.014155,172.31.46.0-255,66,164958,53,360164
2021,0.016227,74.125.24.0-255,5738,170696,53,360164
2022,0.016233,172.31.46.0-255,66,170762,53,360164
2023,0.01828,74.125.24.0-255,5738,176500,53,360164
2024,0.018288,172.31.46.0-255,66,176566,53,360164
2025,0.020308,74.125.24.0-255,5738,182304,53,360164
2026,0.020314,172.31.46.0-255,66,182370,53,360164
2027,0.022343,74.125.24.0-255,5738,188108,53,360164
2028,0.022349,172.31.46.0-255,66,188174,53,360164
2029,0.024331,74.125.24.0-255,5738,193912,53,360164
2030,0.024337,172.31.46.0-255,66,193978,53,360164
2031,0.026341,74.125.24.0-255,5738,199716,53,360164
2032,0.026346,172.31.46.0-255,66,199782,53,360164
2033,0.028399,74.125.24.0-255,5738,205520,53,360164
2034,0.028406,172.31.46.0-255,66,205586,53,360164
2035,0.028605,172.31.46.0-255,172,205758,53,360164
2036,0.028634,172.31.46.0-255,1112,206870,53,360164
2037,0.028744,172.31.46.0-255,1514,208384,53,360164
2038,0.028747,172.31.46.0-255,1189,209573,53,360164
2039,0.030143,104.244.42.0-255,66,209639,53,360164
2040,0.030195,104.244.42.0-255,66,209705,53,360164
2041,0.030337,104.244.42.0-255,66,209771,53,360164
2042,0.030406,74.125.24.0-255,5738,215509,53,360164
2043,0.03041,172.31.46.0-255,66,215575,53,360164
2044,0.032474,74.125.24.0-255,5738,221313,53,360164
2045,0.032481,172.31.46.0-255,66,221379,53,360164
2046,0.03454,74.125.24.0-255,5738,227117,53,360164
2047,0.034547,172.31.46.0-255,66,227183,53,360164
2048,0.036577,74.125.24.0-255,5738,232921,53,360164
2049,0.036585,172.31.46.0-255,66,232987,53,360164
2050,0.038609,74.125.24.0-255,5738,238725,53,360164
2051,0.038615,172.31.46.0-255,66,238791,53,360164
2052,0.040596,74.125.24.0-255,5738,244529,53,360164
2053,0.040604,172.31.46.0-255,66,244595,53,360164
2054,0.042649,74.125.24.0-255,5738,250333,53,360164
2055,0.042655,172.31.46.0-255,66,250399,53,360164
2056,0.044717,74.125.24.0-255,5738,256137,53,360164
2057,0.044723,172.31.46.0-255,66,256203,53,360164
2058,0.04677,74.125.24.0-255,5738,261941,53,360164
2059,0.046775,172.31.46.0-255,66,262007,53,360164
2060,0.04876,74.125.24.0-255,5738,267745,53,360164
2061,0.048766,172.31.46.0-255,66,267811,53,360164
2062,0.050761,74.125.24.0-255,5738,273549,53,360164
2063,0.050768,172.31.46.0-255,66,273615,53,360164
2064,0.052792,74.125.24.0-255,5738,279353,53,360164
2065,0.052797,172.31.46.0-255,66,279419,53,360164
2066,0.054796,74.125.24.0-255,5738,285157,53,360164
2067,0.054802,172.31.46.0-255,66,285223,53,360164
2068,0.05682,74.125.24.0-255,5738,290961,53,360164
2069,0.056826,172.31.46.0-255,66,291027,53,360164
2070,0.05882,74.125.24.0-255,5738,296765,53,360164
2071,0.058826,172.31.46.0-255,66,296831,53,360164
2072,0.060875,74.125.24.0-255,5738,302569,53,360164
2073,0.06088,172.31.46.0-255,66,302635,53,360164
2074,0.062891,74.125.24.0-255,5738,308373,53,360164
2075,0.062897,172.31.46.0-255,66,308439,53,360164
2076,0.064871,74.125.24.0-255,5738,314177,53,360164
2077,0.064876,172.31.46.0-255,66,314243,53,360164
2078,0.06687,74.125.24.0-255,5738,319981,53,360164
2079,0.066876,172.31.46.0-255,66,320047,53,360164
2080,0.06887,74.125.24.0-255,5738,325785,53,360164
2081,0.068876,172.31.46.0-255,66,325851,53,360164
2082,0.070887,74.125.24.0-255,5738,331589,53,360164
2083,0.070893,172.31.46.0-255,66,331655,53,360164
2084,0.072939,74.125.24.0-255,5738,337393,53,360164
2085,0.072944,172.31.46.0-255,66,337459,53,360164
2086,0.074993,74.125.24.0-255,5738,343197,53,360164
2087,0.074999,172.31.46.0-255,66,343263,53,360164
2088,0.077062,74.125.24.0-255,5738,349001,53,360164
2089,0.077068,172.31.46.0-255,66,349067,53,360164
2090,0.079117,74.125.24.0-255,5738,354805,53,360164
2091,0.079125,172.31.46.0-255,66,354871,53,360164
2092,0.081146,74.125.24.0-255,5056,359927,53,360164
2093,0.081151,172.31.46.0-255,66,359993,53,360164
2094,0.081313,172.31.46.0-255,105,360098,53,360164
2095,0.083265,74.125.24.0-255,66,360164,53,360164
2096,0.0,74.125.200.0-255,147,147,53,299271
2097,2.5e-05,172.31.46.0-255,66,213,53,299271
2098,3.2e-05,74.125.200.0-255,1484,1697,53,299271
2099,3.7e-05,172.31.46.0-255,66,1763,53,299271
2100,4.3e-05,74.125.200.0-255,2902,4665,53,299271
2101,4.6e-05,172.31.46.0-255,66,4731,53,299271
2102,5.2e-05,74.125.200.0-255,4320,9051,53,299271
2103,5.4e-05,172.31.46.0-255,66,9117,53,299271
2104,8.5e-05,74.125.200.0-255,4320,13437,53,299271
2105,8.8e-05,172.31.46.0-255,66,13503,53,299271
2106,0.000109,74.125.200.0-255,4889,18392,53,299271
2107,0.000112,172.31.46.0-255,66,18458,53,299271
2108,0.000116,74.125.200.0-255,2902,21360,53,299271
2109,0.000118,172.31.46.0-255,66,21426,53,299271
2110,0.000139,74.125.200.0-255,7156,28582,53,299271
2111,0.000141,172.31.46.0-255,66,28648,53,299271
2112,0.000144,74.125.200.0-255,1484,30132,53,299271
2113,0.000145,172.31.46.0-255,66,30198,53,299271
2114,0.00015,74.125.200.0-255,2902,33100,53,299271
2115,0.000152,172.31.46.0-255,66,33166,53,299271
2116,0.000176,74.125.200.0-255,5738,38904,53,299271
2117,0.000178,172.31.46.0-255,66,38970,53,299271
2118,0.000182,74.125.200.0-255,2902,41872,53,299271
2119,0.000184,172.31.46.0-255,66,41938,53,299271
2120,0.000224,74.125.200.0-255,2902,44840,53,299271
2121,0.000227,172.31.46.0-255,66,44906,53,299271
2122,0.000247,74.125.200.0-255,3602,48508,53,299271
2123,0.000249,172.31.46.0-255,66,48574,53,299271
2124,0.000675,74.125.200.0-255,1484,50058,53,299271
2125,0.00068,172.31.46.0-255,66,50124,53,299271
2126,0.000686,74.125.200.0-255,2902,53026,53,299271
2127,0.000688,172.31.46.0-255,66,53092,53,299271
2128,0.000712,74.125.200.0-255,2902,55994,53,299271
2129,0.000721,172.31.46.0-255,66,56060,53,299271
2130,0.000738,74.125.200.0-255,2902,58962,53,299271
2131,0.000744,74.125.200.0-255,5738,64700,53,299271
2132,0.000757,74.125.200.0-255,1479,66179,53,299271
2133,0.00076,172.31.46.0-255,66,66245,53,299271
2134,0.000931,172.31.46.0-255,66,66311,53,299271
2135,0.0012,74.125.200.0-255,1484,67795,53,299271
2136,0.001211,74.125.200.0-255,2902,70697,53,299271
2137,0.001216,172.31.46.0-255,66,70763,53,299271
2138,0.001241,74.125.200.0-255,4320,75083,53,299271
2139,0.001243,172.31.46.0-255,66,75149,53,299271
2140,0.001256,74.125.200.0-255,1484,76633,53,299271
2141,0.001261,74.125.200.0-255,2902,79535,53,299271
2142,0.001263,172.31.46.0-255,66,79601,53,299271
2143,0.001268,74.125.200.0-255,4320,83921,53,299271
2144,0.001274,74.125.200.0-255,4320,88241,53,299271
2145,0.001298,74.125.200.0-255,4320,92561,53,299271
2146,0.001306,74.125.200.0-255,7156,99717,53,299271
2147,0.001316,74.125.200.0-255,766,100483,53,299271
2148,0.001391,74.125.200.0-255,1484,101967,53,299271
2149,0.001416,74.125.200.0-255,2902,104869,53,299271
2150,0.001423,74.125.200.0-255,5738,110607,53,299271
2151,0.001439,74.125.200.0-255,4320,114927,53,299271
2152,0.001452,74.125.200.0-255,2902,117829,53,299271
2153,0.001455,74.125.200.0-255,1484,119313,53,299271
2154,0.001482,74.125.200.0-255,7156,126469,53,299271
2155,0.001488,74.125.200.0-255,2902,129371,53,299271
2156,0.001503,74.125.200.0-255,5020,134391,53,299271
2157,0.001518,74.125.200.0-255,4320,138711,53,299271
2158,0.00154,74.125.200.0-255,4320,143031,53,299271
2159,0.001546,74.125.200.0-255,4320,147351,53,299271
2160,0.001559,74.125.200.0-255,4320,151671,53,299271
2161,0.001574,74.125.200.0-255,1484,153155,53,299271
2162,0.001593,74.125.200.0-255,4320,157475,53,299271
2163,0.001618,74.125.200.0-255,7156,164631,53,299271
2164,0.001644,74.125.200.0-255,4320,168951,53,299271
2165,0.001663,74.125.200.0-255,5020,173971,53,299271
2166,0.00167,74.125.200.0-255,5738,179709,53,299271
2167,0.00169,74.125.200.0-255,4320,184029,53,299271
2168,0.001693,74.125.200.0-255,1484,185513,53,299271
2169,0.001735,74.125.200.0-255,4320,189833,53,299271
2170,0.00176,74.125.200.0-255,6438,196271,53,299271
2171,0.001765,74.125.200.0-255,4320,200591,53,299271
2172,0.00181,74.125.200.0-255,2902,203493,53,299271
2173,0.001827,74.125.200.0-255,7156,210649,53,299271
2174,0.001843,74.125.200.0-255,5738,216387,53,299271
2175,0.00186,74.125.200.0-255,1484,217871,53,299271
2176,0.001877,74.125.200.0-255,4320,222191,53,299271
2177,0.0019,74.125.200.0-255,7156,229347,53,299271
2178,0.001927,74.125.200.0-255,2184,231531,53,299271
2179,0.001953,74.125.200.0-255,5738,237269,53,299271
2180,0.00203,74.125.200.0-255,1484,238753,53,299271
2181,0.002047,74.125.200.0-255,5738,244491,53,299271
2182,0.002082,74.125.200.0-255,4320,248811,53,299271
2183,0.002117,74.125.200.0-255,1484,250295,53,299271
2184,0.002138,74.125.200.0-255,5020,255315,53,299271
2185,0.002154,74.125.200.0-255,4320,259635,53,299271
2186,0.002173,74.125.200.0-255,2902,262537,53,299271
2187,0.002181,74.125.200.0-255,7156,269693,53,299271
2188,0.002202,74.125.200.0-255,4320,274013,53,299271
2189,0.002212,74.125.200.0-255,1484,275497,53,299271
2190,0.002224,74.125.200.0-255,2902,278399,53,299271
2191,0.002307,74.125.200.0-255,2902,281301,53,299271
2192,0.002313,74.125.200.0-255,4320,285621,53,299271
2193,0.002329,74.125.200.0-255,1484,287105,53,299271
2194,0.002344,74.125.200.0-255,4320,291425,53,299271
2195,0.002374,74.125.200.0-255,766,292191,53,299271
2196,0.002444,74.125.200.0-255,2371,294562,53,299271
2197,0.002447,74.125.200.0-255,105,294667,53,299271
2198,0.012469,172.31.46.0-255,66,294733,53,299271
2199,0.013391,74.125.200.0-255,105,294838,53,299271
2200,0.013404,172.31.46.0-255,78,294916,53,299271
2201,0.015212,172.31.46.0-255,105,295021,53,299271
2202,0.017749,74.125.200.0-255,66,295087,53,299271
2203,0.042273,172.31.46.0-255,172,295259,53,299271
2204,0.042304,172.31.46.0-255,1112,296371,53,299271
2205,0.042371,172.31.46.0-255,1514,297885,53,299271
2206,0.042373,172.31.46.0-255,1188,299073,53,299271
2207,0.043807,104.244.42.0-255,66,299139,53,299271
2208,0.043849,104.244.42.0-255,66,299205,53,299271
2209,0.043934,104.244.42.0-255,66,299271,53,299271
2210,0.0,172.217.194.0-255,150,150,53,220725
2211,1.4e-05,172.31.46.0-255,66,216,53,220725
2212,3.3e-05,172.217.194.0-255,1484,1700,53,220725
2213,3.7e-05,172.31.46.0-255,66,1766,53,220725
2214,4.2e-05,172.217.194.0-255,2902,4668,53,220725
2215,4.4e-05,172.31.46.0-255,66,4734,53,220725
2216,4.7e-05,172.217.194.0-255,1484,6218,53,220725
2217,4.9e-05,172.31.46.0-255,66,6284,53,220725
2218,7.2e-05,172.217.194.0-255,5738,12022,53,220725
2219,7.4e-05,172.31.46.0-255,66,12088,53,220725
2220,7.8e-05,172.217.194.0-255,2101,14189,53,220725
2221,8e-05,172.31.46.0-255,66,14255,53,220725
2222,8.3e-05,172.217.194.0-255,1484,15739,53,220725
2223,8.5e-05,172.31.46.0-255,66,15805,53,220725
2224,0.000106,172.31.46.0-255,66,15871,53,220725
2225,0.000126,172.217.194.0-255,1484,17355,53,220725
2226,0.000127,172.31.46.0-255,66,17421,53,220725
2227,0.000133,172.217.194.0-255,5379,22800,53,220725
2228,0.000135,172.31.46.0-255,66,22866,53,220725
2229,0.000182,172.217.194.0-255,1484,24350,53,220725
2230,0.000185,172.31.46.0-255,66,24416,53,220725
2231,0.00019,172.217.194.0-255,2902,27318,53,220725
2232,0.000192,172.31.46.0-255,66,27384,53,220725
2233,0.00021,172.217.194.0-255,5738,33122,53,220725
2234,0.000212,172.31.46.0-255,66,33188,53,220725
2235,0.000216,172.217.194.0-255,4320,37508,53,220725
2236,0.000218,172.31.46.0-255,66,37574,53,220725
2237,0.000241,172.217.194.0-255,1484,39058,53,220725
2238,0.000244,172.31.46.0-255,66,39124,53,220725
2239,0.000254,172.31.46.0-255,66,39190,53,220725
2240,0.000267,172.217.194.0-255,3961,43151,53,220725
2241,0.000272,172.217.194.0-255,4249,47400,53,220725
2242,0.000294,172.217.194.0-255,398,47798,53,220725
2243,0.000391,172.31.46.0-255,66,47864,53,220725
2244,0.000583,172.217.194.0-255,1484,49348,53,220725
2245,0.000589,172.217.194.0-255,2902,52250,53,220725
2246,0.000592,172.217.194.0-255,1484,53734,53,220725
2247,0.000605,172.217.194.0-255,4320,58054,53,220725
2248,0.000609,172.31.46.0-255,66,58120,53,220725
2249,0.000613,172.31.46.0-255,66,58186,53,220725
2250,0.000639,172.217.194.0-255,1484,59670,53,220725
2251,0.000673,172.31.46.0-255,66,59736,53,220725
2252,0.000709,172.31.46.0-255,66,59802,53,220725
2253,0.000885,172.217.194.0-255,1484,61286,53,220725
2254,0.00089,172.217.194.0-255,1484,62770,53,220725
2255,0.000892,172.31.46.0-255,66,62836,53,220725
2256,0.000913,172.217.194.0-255,1484,64320,53,220725
2257,0.000919,172.217.194.0-255,5738,70058,53,220725
2258,0.000923,172.217.194.0-255,2902,72960,53,220725
2259,0.000941,172.31.46.0-255,66,73026,53,220725
2260,0.000947,172.217.194.0-255,1484,74510,53,220725
2261,0.000952,172.31.46.0-255,66,74576,53,220725
2262,0.000984,172.217.194.0-255,7156,81732,53,220725
2263,0.000989,172.31.46.0-255,66,81798,53,220725
2264,0.001007,172.217.194.0-255,3602,85400,53,220725
2265,0.001013,172.31.46.0-255,66,85466,53,220725
2266,0.001379,172.217.194.0-255,1484,86950,53,220725
2267,0.001384,172.217.194.0-255,2902,89852,53,220725
2268,0.001388,172.31.46.0-255,66,89918,53,220725
2269,0.001414,172.217.194.0-255,4320,94238,53,220725
2270,0.001419,172.31.46.0-255,66,94304,53,220725
2271,0.001425,172.217.194.0-255,1484,95788,53,220725
2272,0.001439,172.217.194.0-255,5738,101526,53,220725
2273,0.00145,172.31.46.0-255,66,101592,53,220725
2274,0.001457,172.217.194.0-255,1484,103076,53,220725
2275,0.001476,172.217.194.0-255,1484,104560,53,220725
2276,0.001492,172.217.194.0-255,3602,108162,53,220725
2277,0.0015,172.31.46.0-255,66,108228,53,220725
2278,0.001642,172.217.194.0-255,1484,109712,53,220725
2279,0.001647,172.217.194.0-255,2902,112614,53,220725
2280,0.00165,172.31.46.0-255,66,112680,53,220725
2281,0.001653,172.217.194.0-255,1484,114164,53,220725
2282,0.001671,172.217.194.0-255,4320,118484,53,220725
2283,0.001682,172.217.194.0-255,1484,119968,53,220725
2284,0.001689,172.31.46.0-255,66,120034,53,220725
2285,0.001701,172.217.194.0-255,5738,125772,53,220725
2286,0.001719,172.31.46.0-255,66,125838,53,220725
2287,0.001736,172.31.46.0-255,66,125904,53,220725
2288,0.00175,172.217.194.0-255,2902,128806,53,220725
2289,0.001754,172.217.194.0-255,2184,130990,53,220725
2290,0.001765,172.31.46.0-255,66,131056,53,220725
2291,0.002124,172.217.194.0-255,1484,132540,53,220725
2292,0.00214,172.217.194.0-255,2902,135442,53,220725
2293,0.002143,172.31.46.0-255,66,135508,53,220725
2294,0.002147,172.217.194.0-255,1484,136992,53,220725
2295,0.002164,172.217.194.0-255,4320,141312,53,220725
2296,0.002167,172.217.194.0-255,1484,142796,53,220725
2297,0.002176,172.31.46.0-255,66,142862,53,220725
2298,0.002201,172.217.194.0-255,2902,145764,53,220725
2299,0.002207,172.217.194.0-255,7156,152920,53,220725
2300,0.002225,172.217.194.0-255,3602,156522,53,220725
2301,0.002234,172.31.46.0-255,66,156588,53,220725
2302,0.00225,172.217.194.0-255,1484,158072,53,220725
2303,0.002271,172.217.194.0-255,2902,160974,53,220725
2304,0.002276,172.217.194.0-255,5738,166712,53,220725
2305,0.002288,172.217.194.0-255,1484,168196,53,220725
2306,0.002294,172.31.46.0-255,66,168262,53,220725
2307,0.002358,172.217.194.0-255,1484,169746,53,220725
2308,0.002452,172.217.194.0-255,1484,171230,53,220725
2309,0.002454,172.217.194.0-255,1484,172714,53,220725
2310,0.002475,172.217.194.0-255,1484,174198,53,220725
2311,0.002481,172.217.194.0-255,5738,179936,53,220725
2312,0.002483,172.217.194.0-255,1484,181420,53,220725
2313,0.002526,172.217.194.0-255,1484,182904,53,220725
2314,0.002565,172.217.194.0-255,5738,188642,53,220725
2315,0.002586,172.217.194.0-255,2902,191544,53,220725
2316,0.002632,172.217.194.0-255,7156,198700,53,220725
2317,0.002647,172.217.194.0-255,7156,205856,53,220725
2318,0.002657,172.217.194.0-255,2184,208040,53,220725
2319,0.002659,172.217.194.0-255,1484,209524,53,220725
2320,0.007828,172.31.46.0-255,66,209590,53,220725
2321,0.010449,172.217.194.0-255,5738,215328,53,220725
2322,0.010457,172.31.46.0-255,66,215394,53,220725
2323,0.013045,172.217.194.0-255,812,216206,53,220725
2324,0.016928,172.31.46.0-255,66,216272,53,220725
2325,0.016976,172.31.46.0-255,105,216377,53,220725
2326,0.019568,172.217.194.0-255,66,216443,53,220725
2327,0.030895,172.31.46.0-255,167,216610,53,220725
2328,0.030924,172.31.46.0-255,1112,217722,53,220725
2329,0.030984,172.31.46.0-255,1514,219236,53,220725
2330,0.030986,172.31.46.0-255,1291,220527,53,220725
2331,0.032478,104.244.42.0-255,66,220593,53,220725
2332,0.032509,104.244.42.0-255,66,220659,53,220725
2333,0.032545,104.244.42.0-255,66,220725,53,220725
2334,0.0,172.217.194.0-255,150,150,53,145833
2335,1.8e-05,172.31.46.0-255,66,216,53,145833
2336,2.5e-05,172.217.194.0-255,1484,1700,53,145833
2337,2.9e-05,172.31.46.0-255,66,1766,53,145833
2338,4.3e-05,172.217.194.0-255,2902,4668,53,145833
2339,4.7e-05,172.31.46.0-255,66,4734,53,145833
2340,5.5e-05,172.217.194.0-255,5738,10472,53,145833
2341,5.8e-05,172.31.46.0-255,66,10538,53,145833
2342,7.9e-05,172.217.194.0-255,7156,17694,53,145833
2343,8.2e-05,172.31.46.0-255,66,17760,53,145833
2344,0.000114,172.217.194.0-255,6233,23993,53,145833
2345,0.000117,172.31.46.0-255,66,24059,53,145833
2346,0.000122,172.217.194.0-255,2902,26961,53,145833
2347,0.000124,172.31.46.0-255,66,27027,53,145833
2348,0.000158,172.217.194.0-255,3961,30988,53,145833
2349,0.000161,172.31.46.0-255,66,31054,53,145833
2350,0.000212,172.217.194.0-255,1484,32538,53,145833
2351,0.000215,172.31.46.0-255,66,32604,53,145833
2352,0.000228,172.217.194.0-255,2902,35506,53,145833
2353,0.000235,172.31.46.0-255,66,35572,53,145833
2354,0.000242,172.217.194.0-255,5738,41310,53,145833
2355,0.000244,172.31.46.0-255,66,41376,53,145833
2356,0.000271,172.217.194.0-255,1484,42860,53,145833
2357,0.000274,172.31.46.0-255,66,42926,53,145833
2358,0.000324,172.31.46.0-255,66,42992,53,145833
2359,0.000327,172.217.194.0-255,1484,44476,53,145833
2360,0.000329,172.31.46.0-255,66,44542,53,145833
2361,0.00036,172.31.46.0-255,66,44608,53,145833
2362,0.000363,172.217.194.0-255,435,45043,53,145833
2363,0.000365,172.31.46.0-255,66,45109,53,145833
2364,0.000565,172.217.194.0-255,1484,46593,53,145833
2365,0.000572,172.217.194.0-255,2902,49495,53,145833
2366,0.000578,172.31.46.0-255,66,49561,53,145833
2367,0.000604,172.217.194.0-255,5738,55299,53,145833
2368,0.000607,172.217.194.0-255,1484,56783,53,145833
2369,0.000627,172.31.46.0-255,66,56849,53,145833
2370,0.000633,172.217.194.0-255,5738,62587,53,145833
2371,0.000651,172.217.194.0-255,2184,64771,53,145833
2372,0.000657,172.31.46.0-255,66,64837,53,145833
2373,0.000701,172.217.194.0-255,1484,66321,53,145833
2374,0.000706,172.217.194.0-255,2902,69223,53,145833
2375,0.000711,172.31.46.0-255,66,69289,53,145833
2376,0.000754,172.217.194.0-255,5738,75027,53,145833
2377,0.000768,172.31.46.0-255,66,75093,53,145833
2378,0.000795,172.217.194.0-255,4320,79413,53,145833
2379,0.000801,172.31.46.0-255,66,79479,53,145833
2380,0.000869,172.217.194.0-255,7156,86635,53,145833
2381,0.000877,172.31.46.0-255,66,86701,53,145833
2382,0.000903,172.31.46.0-255,66,86767,53,145833
2383,0.000953,172.31.46.0-255,66,86833,53,145833
2384,0.000974,172.217.194.0-255,6438,93271,53,145833
2385,0.000999,172.217.194.0-255,1484,94755,53,145833
2386,0.001004,172.217.194.0-255,2902,97657,53,145833
2387,0.001008,172.217.194.0-255,2902,100559,53,145833
2388,0.001018,172.31.46.0-255,66,100625,53,145833
2389,0.001022,172.217.194.0-255,2902,103527,53,145833
2390,0.001027,172.31.46.0-255,66,103593,53,145833
2391,0.001072,172.217.194.0-255,1484,105077,53,145833
2392,0.001081,172.31.46.0-255,66,105143,53,145833
2393,0.001111,172.217.194.0-255,7156,112299,53,145833
2394,0.001124,172.217.194.0-255,3602,115901,53,145833
2395,0.001131,172.31.46.0-255,66,115967,53,145833
2396,0.001139,172.217.194.0-255,2902,118869,53,145833
2397,0.00116,172.217.194.0-255,4320,123189,53,145833
2398,0.001178,172.31.46.0-255,66,123255,53,145833
2399,0.001198,172.31.46.0-255,66,123321,53,145833
2400,0.001251,172.31.46.0-255,66,123387,53,145833
2401,0.001306,172.217.194.0-255,1484,124871,53,145833
2402,0.00131,172.217.194.0-255,1484,126355,53,145833
2403,0.001314,172.31.46.0-255,66,126421,53,145833
2404,0.001343,172.217.194.0-255,1484,127905,53,145833
2405,0.00135,172.217.194.0-255,5738,133643,53,145833
2406,0.001367,172.217.194.0-255,1484,135127,53,145833
2407,0.001403,172.217.194.0-255,1484,136611,53,145833
2408,0.00145,172.217.194.0-255,3602,140213,53,145833
2409,0.001556,172.217.194.0-255,105,140318,53,145833
2410,0.005076,172.31.46.0-255,66,140384,53,145833
2411,0.007764,172.31.46.0-255,105,140489,53,145833
2412,0.010271,172.217.194.0-255,66,140555,53,145833
2413,0.029662,172.31.46.0-255,172,140727,53,145833
2414,0.02969,172.31.46.0-255,1111,141838,53,145833
2415,0.029748,172.31.46.0-255,1514,143352,53,145833
2416,0.029749,172.31.46.0-255,1514,144866,53,145833
2417,0.029772,172.31.46.0-255,703,145569,53,145833
2418,0.031224,104.244.42.0-255,66,145635,53,145833
2419,0.031234,104.244.42.0-255,66,145701,53,145833
2420,0.031301,104.244.42.0-255,66,145767,53,145833
2421,0.031305,104.244.42.0-255,66,145833,53,145833
2422,0.0,172.217.194.0-255,156,156,53,227585
2423,2.3e-05,172.31.46.0-255,66,222,53,227585
2424,2.9e-05,172.217.194.0-255,1484,1706,53,227585
2425,3.2e-05,172.31.46.0-255,66,1772,53,227585
2426,3.6e-05,172.217.194.0-255,2902,4674,53,227585
2427,3.8e-05,172.31.46.0-255,66,4740,53,227585
2428,4.3e-05,172.217.194.0-255,4320,9060,53,227585
2429,4.6e-05,172.31.46.0-255,66,9126,53,227585
2430,7e-05,172.217.194.0-255,2902,12028,53,227585
2431,7.2e-05,172.217.194.0-255,1484,13512,53,227585
2432,7.5e-05,172.31.46.0-255,66,13578,53,227585
2433,7.8e-05,172.31.46.0-255,66,13644,53,227585
2434,8.2e-05,172.217.194.0-255,626,14270,53,227585
2435,8.5e-05,172.31.46.0-255,66,14336,53,227585
2436,0.000128,172.217.194.0-255,1484,15820,53,227585
2437,0.000131,172.31.46.0-255,66,15886,53,227585
2438,0.000152,172.217.194.0-255,4320,20206,53,227585
2439,0.000155,172.31.46.0-255,66,20272,53,227585
2440,0.000161,172.217.194.0-255,7156,27428,53,227585
2441,0.000165,172.31.46.0-255,66,27494,53,227585
2442,0.000195,172.217.194.0-255,3961,31455,53,227585
2443,0.000198,172.31.46.0-255,66,31521,53,227585
2444,0.000587,172.217.194.0-255,1484,33005,53,227585
2445,0.000591,172.31.46.0-255,66,33071,53,227585
2446,0.0006,172.217.194.0-255,2902,35973,53,227585
2447,0.000602,172.31.46.0-255,66,36039,53,227585
2448,0.000608,172.217.194.0-255,5738,41777,53,227585
2449,0.00061,172.31.46.0-255,66,41843,53,227585
2450,0.000635,172.217.194.0-255,2902,44745,53,227585
2451,0.000638,172.31.46.0-255,66,44811,53,227585
2452,0.000659,172.31.46.0-255,66,44877,53,227585
2453,0.000662,172.217.194.0-255,1484,46361,53,227585
2454,0.00069,172.31.46.0-255,66,46427,53,227585
2455,0.000693,172.217.194.0-255,117,46544,53,227585
2456,0.000749,172.217.194.0-255,1484,48028,53,227585
2457,0.000752,172.31.46.0-255,66,48094,53,227585
2458,0.000772,172.217.194.0-255,2902,50996,53,227585
2459,0.000775,172.31.46.0-255,66,51062,53,227585
2460,0.000777,172.217.194.0-255,1484,52546,53,227585
2461,0.000795,172.217.194.0-255,4320,56866,53,227585
2462,0.000798,172.31.46.0-255,66,56932,53,227585
2463,0.000801,172.217.194.0-255,2902,59834,53,227585
2464,0.000803,172.31.46.0-255,66,59900,53,227585
2465,0.000847,172.217.194.0-255,4254,64154,53,227585
2466,0.000851,172.31.46.0-255,66,64220,53,227585
2467,0.000856,172.217.194.0-255,4320,68540,53,227585
2468,0.000858,172.31.46.0-255,66,68606,53,227585
2469,0.000891,172.31.46.0-255,66,68672,53,227585
2470,0.000895,172.217.194.0-255,2543,71215,53,227585
2471,0.000898,172.31.46.0-255,66,71281,53,227585
2472,0.001216,172.217.194.0-255,1484,72765,53,227585
2473,0.001223,172.217.194.0-255,2902,75667,53,227585
2474,0.001226,172.31.46.0-255,66,75733,53,227585
2475,0.001256,172.217.194.0-255,4320,80053,53,227585
2476,0.001258,172.31.46.0-255,66,80119,53,227585
2477,0.001274,172.217.194.0-255,1484,81603,53,227585
2478,0.001278,172.217.194.0-255,4320,85923,53,227585
2479,0.00128,172.31.46.0-255,66,85989,53,227585
2480,0.001307,172.217.194.0-255,7156,93145,53,227585
2481,0.001309,172.31.46.0-255,66,93211,53,227585
2482,0.001326,172.217.194.0-255,2902,96113,53,227585
2483,0.001327,172.31.46.0-255,66,96179,53,227585
2484,0.001357,172.31.46.0-255,66,96245,53,227585
2485,0.001368,172.31.46.0-255,66,96311,53,227585
2486,0.001374,172.217.194.0-255,7156,103467,53,227585
2487,0.001376,172.31.46.0-255,66,103533,53,227585
2488,0.001401,172.217.194.0-255,1484,105017,53,227585
2489,0.001437,172.31.46.0-255,66,105083,53,227585
2490,0.001503,172.217.194.0-255,1484,106567,53,227585
2491,0.001521,172.217.194.0-255,7156,113723,53,227585
2492,0.001524,172.31.46.0-255,66,113789,53,227585
2493,0.001526,172.217.194.0-255,1484,115273,53,227585
2494,0.001557,172.31.46.0-255,66,115339,53,227585
2495,0.001571,172.31.46.0-255,66,115405,53,227585
2496,0.001576,172.217.194.0-255,4320,119725,53,227585
2497,0.001578,172.31.46.0-255,66,119791,53,227585
2498,0.001617,172.31.46.0-255,66,119857,53,227585
2499,0.00162,172.217.194.0-255,1484,121341,53,227585
2500,0.001627,172.217.194.0-255,7156,128497,53,227585
2501,0.001629,172.31.46.0-255,66,128563,53,227585
2502,0.00166,172.31.46.0-255,66,128629,53,227585
2503,0.002863,172.217.194.0-255,1484,130113,53,227585
2504,0.00287,172.217.194.0-255,2902,133015,53,227585
2505,0.002873,172.31.46.0-255,66,133081,53,227585
2506,0.002879,172.217.194.0-255,4320,137401,53,227585
2507,0.002882,172.31.46.0-255,66,137467,53,227585
2508,0.002894,172.217.194.0-255,1484,138951,53,227585
2509,0.002912,172.217.194.0-255,7156,146107,53,227585
2510,0.002915,172.31.46.0-255,66,146173,53,227585
2511,0.002935,172.217.194.0-255,5738,151911,53,227585
2512,0.002938,172.31.46.0-255,66,151977,53,227585
2513,0.00295,172.31.46.0-255,66,152043,53,227585
2514,0.003089,172.217.194.0-255,1484,153527,53,227585
2515,0.003093,172.217.194.0-255,1484,155011,53,227585
2516,0.003096,172.31.46.0-255,66,155077,53,227585
2517,0.003108,172.217.194.0-255,1484,156561,53,227585
2518,0.003112,172.217.194.0-255,2902,159463,53,227585
2519,0.003115,172.31.46.0-255,66,159529,53,227585
2520,0.003141,172.217.194.0-255,2902,162431,53,227585
2521,0.003144,172.31.46.0-255,66,162497,53,227585
2522,0.003157,172.31.46.0-255,66,162563,53,227585
2523,0.00323,172.217.194.0-255,4320,166883,53,227585
2524,0.003232,172.31.46.0-255,66,166949,53,227585
2525,0.003254,172.217.194.0-255,6438,173387,53,227585
2526,0.003257,172.31.46.0-255,66,173453,53,227585
2527,0.003851,172.217.194.0-255,1484,174937,53,227585
2528,0.003856,172.217.194.0-255,1484,176421,53,227585
2529,0.00386,172.31.46.0-255,66,176487,53,227585
2530,0.003883,172.217.194.0-255,1484,177971,53,227585
2531,0.003886,172.217.194.0-255,1484,179455,53,227585
2532,0.003888,172.31.46.0-255,66,179521,53,227585
2533,0.003896,172.217.194.0-255,7156,186677,53,227585
2534,0.003898,172.31.46.0-255,66,186743,53,227585
2535,0.00391,172.217.194.0-255,1484,188227,53,227585
2536,0.003914,172.217.194.0-255,2902,191129,53,227585
2537,0.003917,172.31.46.0-255,66,191195,53,227585
2538,0.003944,172.217.194.0-255,4320,195515,53,227585
2539,0.003947,172.31.46.0-255,66,195581,53,227585
2540,0.003957,172.31.46.0-255,66,195647,53,227585
2541,0.00396,172.217.194.0-255,2184,197831,53,227585
2542,0.003963,172.31.46.0-255,66,197897,53,227585
2543,0.004355,172.217.194.0-255,1484,199381,53,227585
2544,0.004363,172.217.194.0-255,2902,202283,53,227585
2545,0.004368,172.31.46.0-255,66,202349,53,227585
2546,0.004375,172.217.194.0-255,5738,208087,53,227585
2547,0.004378,172.31.46.0-255,66,208153,53,227585
2548,0.004403,172.217.194.0-255,7156,215309,53,227585
2549,0.004406,172.31.46.0-255,66,215375,53,227585
2550,0.004431,172.217.194.0-255,5738,221113,53,227585
2551,0.004433,172.31.46.0-255,66,221179,53,227585
2552,0.004445,172.31.46.0-255,66,221245,53,227585
2553,0.004485,172.31.46.0-255,66,221311,53,227585
2554,0.004515,172.31.46.0-255,66,221377,53,227585
2555,0.004518,172.217.194.0-255,105,221482,53,227585
2556,0.004678,172.217.194.0-255,129,221611,53,227585
2557,0.007534,172.31.46.0-255,105,221716,53,227585
2558,0.007561,172.31.46.0-255,105,221821,53,227585
2559,0.007793,172.31.46.0-255,90,221911,53,227585
2560,0.007802,172.31.46.0-255,66,221977,53,227585
2561,0.010125,172.217.194.0-255,66,222043,53,227585
2562,0.010148,172.217.194.0-255,66,222109,53,227585
2563,0.010374,172.217.194.0-255,66,222175,53,227585
2564,0.010395,172.217.194.0-255,66,222241,53,227585
2565,0.010403,172.31.46.0-255,66,222307,53,227585
2566,0.025802,172.31.46.0-255,172,222479,53,227585
2567,0.025825,172.31.46.0-255,1112,223591,53,227585
2568,0.025882,172.31.46.0-255,1514,225105,53,227585
2569,0.025884,172.31.46.0-255,1514,226619,53,227585
2570,0.025908,172.31.46.0-255,702,227321,53,227585
2571,0.027351,104.244.42.0-255,66,227387,53,227585
2572,0.027419,104.244.42.0-255,66,227453,53,227585
2573,0.027456,104.244.42.0-255,66,227519,53,227585
2574,0.027459,104.244.42.0-255,66,227585,53,227585
2575,0.0,172.217.194.0-255,146,146,53,289744
2576,2.2e-05,172.31.46.0-255,66,212,53,289744
2577,2.9e-05,172.217.194.0-255,1484,1696,53,289744
2578,3.3e-05,172.31.46.0-255,66,1762,53,289744
2579,3.8e-05,172.217.194.0-255,2902,4664,53,289744
2580,4.1e-05,172.31.46.0-255,66,4730,53,289744
2581,4.9e-05,172.217.194.0-255,7156,11886,53,289744
2582,5.3e-05,172.31.46.0-255,66,11952,53,289744
2583,0.000102,172.31.46.0-255,66,12018,53,289744
2584,0.000133,172.31.46.0-255,66,12084,53,289744
2585,0.000136,172.217.194.0-255,1484,13568,53,289744
2586,0.000138,172.31.46.0-255,66,13634,53,289744
2587,0.000142,172.217.194.0-255,1125,14759,53,289744
2588,0.000143,172.31.46.0-255,66,14825,53,289744
2589,0.000286,172.217.194.0-255,1484,16309,53,289744
2590,0.000291,172.31.46.0-255,66,16375,53,289744
2591,0.000295,172.217.194.0-255,1484,17859,53,289744
2592,0.000297,172.31.46.0-255,66,17925,53,289744
2593,0.000314,172.217.194.0-255,1484,19409,53,289744
2594,0.000316,172.31.46.0-255,66,19475,53,289744
2595,0.000323,172.217.194.0-255,5738,25213,53,289744
2596,0.000326,172.31.46.0-255,66,25279,53,289744
2597,0.00033,172.217.194.0-255,2902,28181,53,289744
2598,0.000332,172.31.46.0-255,66,28247,53,289744
2599,0.000354,172.217.194.0-255,3961,32208,53,289744
2600,0.000357,172.31.46.0-255,66,32274,53,289744
2601,0.000394,172.217.194.0-255,4320,36594,53,289744
2602,0.000396,172.31.46.0-255,66,36660,53,289744
2603,0.000418,172.31.46.0-255,66,36726,53,289744
2604,0.000421,172.217.194.0-255,1484,38210,53,289744
2605,0.000442,172.217.194.0-255,1444,39654,53,289744
2606,0.000501,172.31.46.0-255,66,39720,53,289744
2607,0.000523,172.217.194.0-255,1484,41204,53,289744
2608,0.000544,172.217.194.0-255,2902,44106,53,289744
2609,0.000547,172.217.194.0-255,1484,45590,53,289744
2610,0.000555,172.31.46.0-255,66,45656,53,289744
2611,0.000568,172.217.194.0-255,4320,49976,53,289744
2612,0.000573,172.31.46.0-255,66,50042,53,289744
2613,0.000588,172.217.194.0-255,1484,51526,53,289744
2614,0.000605,172.217.194.0-255,5738,57264,53,289744
2615,0.00061,172.31.46.0-255,66,57330,53,289744
2616,0.000633,172.217.194.0-255,6797,64127,53,289744
2617,0.000636,172.217.194.0-255,1484,65611,53,289744
2618,0.000646,172.31.46.0-255,66,65677,53,289744
2619,0.000683,172.31.46.0-255,66,65743,53,289744
2620,0.001041,172.217.194.0-255,1484,67227,53,289744
2621,0.001048,172.217.194.0-255,2902,70129,53,289744
2622,0.001052,172.31.46.0-255,66,70195,53,289744
2623,0.001056,172.217.194.0-255,1484,71679,53,289744
2624,0.001073,172.217.194.0-255,4320,75999,53,289744
2625,0.001075,172.217.194.0-255,1484,77483,53,289744
2626,0.001094,172.217.194.0-255,7156,84639,53,289744
2627,0.001106,172.31.46.0-255,66,84705,53,289744
2628,0.001122,172.217.194.0-255,4320,89025,53,289744
2629,0.001148,172.217.194.0-255,7156,96181,53,289744
2630,0.001159,172.31.46.0-255,66,96247,53,289744
2631,0.00121,172.31.46.0-255,66,96313,53,289744
2632,0.00162,172.217.194.0-255,1484,97797,53,289744
2633,0.001627,172.217.194.0-255,2902,100699,53,289744
2634,0.00163,172.31.46.0-255,66,100765,53,289744
2635,0.001634,172.217.194.0-255,1484,102249,53,289744
2636,0.001651,172.217.194.0-255,4320,106569,53,289744
2637,0.001664,172.217.194.0-255,2902,109471,53,289744
2638,0.001687,172.31.46.0-255,66,109537,53,289744
2639,0.00171,172.217.194.0-255,1484,111021,53,289744
2640,0.001722,172.217.194.0-255,766,111787,53,289744
2641,0.001733,172.31.46.0-255,66,111853,53,289744
2642,0.00207,172.217.194.0-255,1484,113337,53,289744
2643,0.002076,172.217.194.0-255,2902,116239,53,289744
2644,0.002114,172.31.46.0-255,66,116305,53,289744
2645,0.002126,172.217.194.0-255,5738,122043,53,289744
2646,0.002131,172.217.194.0-255,2902,124945,53,289744
2647,0.002156,172.217.194.0-255,1484,126429,53,289744
2648,0.002178,172.31.46.0-255,66,126495,53,289744
2649,0.002192,172.217.194.0-255,7156,133651,53,289744
2650,0.002204,172.217.194.0-255,2184,135835,53,289744
2651,0.002222,172.31.46.0-255,66,135901,53,289744
2652,0.002227,172.217.194.0-255,4320,140221,53,289744
2653,0.002232,172.31.46.0-255,66,140287,53,289744
2654,0.002245,172.217.194.0-255,5738,146025,53,289744
2655,0.002256,172.217.194.0-255,1484,147509,53,289744
2656,0.002265,172.31.46.0-255,66,147575,53,289744
2657,0.002293,172.217.194.0-255,4320,151895,53,289744
2658,0.002318,172.217.194.0-255,1484,153379,53,289744
2659,0.002325,172.217.194.0-255,6438,159817,53,289744
2660,0.006017,172.31.46.0-255,66,159883,53,289744
2661,0.008399,172.217.194.0-255,5738,165621,53,289744
2662,0.008406,172.31.46.0-255,66,165687,53,289744
2663,0.010756,172.217.194.0-255,5738,171425,53,289744
2664,0.010762,172.31.46.0-255,66,171491,53,289744
2665,0.013135,172.217.194.0-255,5738,177229,53,289744
2666,0.013144,172.31.46.0-255,66,177295,53,289744
2667,0.015511,172.217.194.0-255,4320,181615,53,289744
2668,0.015518,172.31.46.0-255,66,181681,53,289744
2669,0.015535,172.217.194.0-255,1484,183165,53,289744
2670,0.017874,172.217.194.0-255,4320,187485,53,289744
2671,0.017928,172.31.46.0-255,66,187551,53,289744
2672,0.020318,172.217.194.0-255,5738,193289,53,289744
2673,0.020324,172.31.46.0-255,66,193355,53,289744
2674,0.022672,172.217.194.0-255,5738,199093,53,289744
2675,0.022679,172.31.46.0-255,66,199159,53,289744
2676,0.025031,172.217.194.0-255,5738,204897,53,289744
2677,0.025036,172.31.46.0-255,66,204963,53,289744
2678,0.026418,172.31.46.0-255,172,205135,53,289744
2679,0.026443,172.31.46.0-255,1111,206246,53,289744
2680,0.026499,172.31.46.0-255,1514,207760,53,289744
2681,0.026501,172.31.46.0-255,1514,209274,53,289744
2682,0.026502,172.31.46.0-255,1514,210788,53,289744
2683,0.026503,172.31.46.0-255,1514,212302,53,289744
2684,0.026503,172.31.46.0-255,531,212833,53,289744
2685,0.027381,172.217.194.0-255,5738,218571,53,289744
2686,0.027387,172.31.46.0-255,66,218637,53,289744
2687,0.027955,104.244.42.0-255,66,218703,53,289744
2688,0.027987,104.244.42.0-255,66,218769,53,289744
2689,0.028074,104.244.42.0-255,66,218835,53,289744
2690,0.028091,104.244.42.0-255,66,218901,53,289744
2691,0.029719,172.217.194.0-255,5738,224639,53,289744
2692,0.029725,172.31.46.0-255,66,224705,53,289744
2693,0.029945,104.244.42.0-255,108,224813,53,289744
2694,0.029948,172.31.46.0-255,66,224879,53,289744
2695,0.032069,172.217.194.0-255,5738,230617,53,289744
2696,0.032076,172.31.46.0-255,66,230683,53,289744
2697,0.034453,172.217.194.0-255,5738,236421,53,289744
2698,0.034458,172.31.46.0-255,66,236487,53,289744
2699,0.036826,172.217.194.0-255,5738,242225,53,289744
2700,0.036831,172.31.46.0-255,66,242291,53,289744
2701,0.039195,172.217.194.0-255,4320,246611,53,289744
2702,0.039202,172.31.46.0-255,66,246677,53,289744
2703,0.039224,172.217.194.0-255,1484,248161,53,289744
2704,0.04161,172.217.194.0-255,4320,252481,53,289744
2705,0.041617,172.31.46.0-255,66,252547,53,289744
2706,0.043983,172.217.194.0-255,5738,258285,53,289744
2707,0.044031,172.31.46.0-255,66,258351,53,289744
2708,0.046376,172.217.194.0-255,5738,264089,53,289744
2709,0.046382,172.31.46.0-255,66,264155,53,289744
2710,0.048785,172.217.194.0-255,5738,269893,53,289744
2711,0.048791,172.31.46.0-255,66,269959,53,289744
2712,0.051152,172.217.194.0-255,5738,275697,53,289744
2713,0.051168,172.31.46.0-255,66,275763,53,289744
2714,0.053588,172.217.194.0-255,5738,281501,53,289744
2715,0.053595,172.31.46.0-255,66,281567,53,289744
2716,0.055969,172.217.194.0-255,5738,287305,53,289744
2717,0.055976,172.31.46.0-255,66,287371,53,289744
2718,0.058356,172.217.194.0-255,2136,289507,53,289744
2719,0.058363,172.31.46.0-255,66,289573,53,289744
2720,0.058525,172.31.46.0-255,105,289678,53,289744
2721,0.060888,172.217.194.0-255,66,289744,53,289744
2722,0.0,74.125.24.0-255,146,146,53,255982
2723,1.3e-05,172.31.46.0-255,66,212,53,255982
2724,1.8e-05,74.125.24.0-255,1484,1696,53,255982
2725,2.2e-05,172.31.46.0-255,66,1762,53,255982
2726,2.8e-05,74.125.24.0-255,2902,4664,53,255982
2727,3.8e-05,172.31.46.0-255,66,4730,53,255982
2728,4.4e-05,74.125.24.0-255,7156,11886,53,255982
2729,4.7e-05,172.31.46.0-255,66,11952,53,255982
2730,5.1e-05,74.125.24.0-255,2100,14052,53,255982
2731,5.3e-05,172.31.46.0-255,66,14118,53,255982
2732,9e-05,74.125.24.0-255,2902,17020,53,255982
2733,9.3e-05,172.31.46.0-255,66,17086,53,255982
2734,9.5e-05,74.125.24.0-255,1484,18570,53,255982
2735,9.7e-05,172.31.46.0-255,66,18636,53,255982
2736,0.000124,74.125.24.0-255,5738,24374,53,255982
2737,0.000126,172.31.46.0-255,66,24440,53,255982
2738,0.000131,74.125.24.0-255,4320,28760,53,255982
2739,0.000132,172.31.46.0-255,66,28826,53,255982
2740,0.000172,74.125.24.0-255,2543,31369,53,255982
2741,0.000174,172.31.46.0-255,66,31435,53,255982
2742,0.000311,74.125.24.0-255,1484,32919,53,255982
2743,0.000315,172.31.46.0-255,66,32985,53,255982
2744,0.00032,74.125.24.0-255,2902,35887,53,255982
2745,0.000322,172.31.46.0-255,66,35953,53,255982
2746,0.000349,74.125.24.0-255,5738,41691,53,255982
2747,0.000352,172.31.46.0-255,66,41757,53,255982
2748,0.000388,172.31.46.0-255,66,41823,53,255982
2749,0.000399,172.31.46.0-255,66,41889,53,255982
2750,0.000432,74.125.24.0-255,1706,43595,53,255982
2751,0.000434,172.31.46.0-255,66,43661,53,255982
2752,0.000681,74.125.24.0-255,1484,45145,53,255982
2753,0.000687,74.125.24.0-255,2902,48047,53,255982
2754,0.00069,172.31.46.0-255,66,48113,53,255982
2755,0.000722,74.125.24.0-255,5738,53851,53,255982
2756,0.000724,172.31.46.0-255,66,53917,53,255982
2757,0.000735,172.31.46.0-255,66,53983,53,255982
2758,0.000745,74.125.24.0-255,5738,59721,53,255982
2759,0.000746,172.31.46.0-255,66,59787,53,255982
2760,0.000767,74.125.24.0-255,6438,66225,53,255982
2761,0.000773,172.31.46.0-255,66,66291,53,255982
2762,0.000936,74.125.24.0-255,1484,67775,53,255982
2763,0.000948,74.125.24.0-255,2902,70677,53,255982
2764,0.000951,172.31.46.0-255,66,70743,53,255982
2765,0.000975,74.125.24.0-255,5738,76481,53,255982
2766,0.000977,172.31.46.0-255,66,76547,53,255982
2767,0.001007,172.31.46.0-255,66,76613,53,255982
2768,0.001031,74.125.24.0-255,1484,78097,53,255982
2769,0.001053,172.31.46.0-255,66,78163,53,255982
2770,0.001102,74.125.24.0-255,1484,79647,53,255982
2771,0.001108,74.125.24.0-255,2902,82549,53,255982
2772,0.00111,172.31.46.0-255,66,82615,53,255982
2773,0.001137,74.125.24.0-255,5738,88353,53,255982
2774,0.00114,172.31.46.0-255,66,88419,53,255982
2775,0.001144,74.125.24.0-255,2902,91321,53,255982
2776,0.001146,172.31.46.0-255,66,91387,53,255982
2777,0.001181,172.31.46.0-255,66,91453,53,255982
2778,0.00119,172.31.46.0-255,66,91519,53,255982
2779,0.001213,74.125.24.0-255,2184,93703,53,255982
2780,0.001215,172.31.46.0-255,66,93769,53,255982
2781,0.001533,74.125.24.0-255,1484,95253,53,255982
2782,0.001538,74.125.24.0-255,2902,98155,53,255982
2783,0.001541,172.31.46.0-255,66,98221,53,255982
2784,0.001568,74.125.24.0-255,5738,103959,53,255982
2785,0.00157,172.31.46.0-255,66,104025,53,255982
2786,0.001576,74.125.24.0-255,5738,109763,53,255982
2787,0.001578,172.31.46.0-255,66,109829,53,255982
2788,0.001609,74.125.24.0-255,5738,115567,53,255982
2789,0.001612,172.31.46.0-255,66,115633,53,255982
2790,0.001627,172.31.46.0-255,66,115699,53,255982
2791,0.001762,74.125.24.0-255,1484,117183,53,255982
2792,0.001767,74.125.24.0-255,2902,120085,53,255982
2793,0.001769,172.31.46.0-255,66,120151,53,255982
2794,0.001772,74.125.24.0-255,1484,121635,53,255982
2795,0.001795,74.125.24.0-255,4320,125955,53,255982
2796,0.001797,172.31.46.0-255,66,126021,53,255982
2797,0.001803,74.125.24.0-255,4320,130341,53,255982
2798,0.001804,172.31.46.0-255,66,130407,53,255982
2799,0.00184,172.31.46.0-255,66,130473,53,255982
2800,0.001852,172.31.46.0-255,66,130539,53,255982
2801,0.00195,74.125.24.0-255,1484,132023,53,255982
2802,0.001964,74.125.24.0-255,2902,134925,53,255982
2803,0.001967,172.31.46.0-255,66,134991,53,255982
2804,0.001973,74.125.24.0-255,5738,140729,53,255982
2805,0.001975,172.31.46.0-255,66,140795,53,255982
2806,0.001979,74.125.24.0-255,2902,143697,53,255982
2807,0.00198,172.31.46.0-255,66,143763,53,255982
2808,0.002037,172.31.46.0-255,66,143829,53,255982
2809,0.002045,74.125.24.0-255,7156,150985,53,255982
2810,0.002047,172.31.46.0-255,66,151051,53,255982
2811,0.002073,74.125.24.0-255,3602,154653,53,255982
2812,0.002075,172.31.46.0-255,66,154719,53,255982
2813,0.002098,74.125.24.0-255,1484,156203,53,255982
2814,0.002113,74.125.24.0-255,2902,159105,53,255982
2815,0.002115,172.31.46.0-255,66,159171,53,255982
2816,0.002118,74.125.24.0-255,1484,160655,53,255982
2817,0.002147,74.125.24.0-255,4320,164975,53,255982
2818,0.002149,172.31.46.0-255,66,165041,53,255982
2819,0.002155,74.125.24.0-255,5738,170779,53,255982
2820,0.002157,172.31.46.0-255,66,170845,53,255982
2821,0.002172,172.31.46.0-255,66,170911,53,255982
2822,0.002202,74.125.24.0-255,1484,172395,53,255982
2823,0.002208,74.125.24.0-255,5020,177415,53,255982
2824,0.00221,172.31.46.0-255,66,177481,53,255982
2825,0.002232,74.125.24.0-255,5738,183219,53,255982
2826,0.002234,172.31.46.0-255,66,183285,53,255982
2827,0.002238,74.125.24.0-255,2902,186187,53,255982
2828,0.00224,172.31.46.0-255,66,186253,53,255982
2829,0.002277,172.31.46.0-255,66,186319,53,255982
2830,0.002279,74.125.24.0-255,1484,187803,53,255982
2831,0.004555,74.125.24.0-255,4320,192123,53,255982
2832,0.004561,172.31.46.0-255,66,192189,53,255982
2833,0.00682,74.125.24.0-255,5738,197927,53,255982
2834,0.006829,172.31.46.0-255,66,197993,53,255982
2835,0.009076,74.125.24.0-255,5738,203731,53,255982
2836,0.009081,172.31.46.0-255,66,203797,53,255982
2837,0.011356,74.125.24.0-255,5738,209535,53,255982
2838,0.011362,172.31.46.0-255,66,209601,53,255982
2839,0.01363,74.125.24.0-255,5738,215339,53,255982
2840,0.013637,172.31.46.0-255,66,215405,53,255982
2841,0.01593,74.125.24.0-255,5738,221143,53,255982
2842,0.015937,172.31.46.0-255,66,221209,53,255982
2843,0.018193,74.125.24.0-255,5738,226947,53,255982
2844,0.018199,172.31.46.0-255,66,227013,53,255982
2845,0.020494,74.125.24.0-255,5738,232751,53,255982
2846,0.0205,172.31.46.0-255,66,232817,53,255982
2847,0.022758,74.125.24.0-255,5738,238555,53,255982
2848,0.022765,172.31.46.0-255,66,238621,53,255982
2849,0.025022,74.125.24.0-255,5738,244359,53,255982
2850,0.02503,172.31.46.0-255,66,244425,53,255982
2851,0.027295,74.125.24.0-255,5738,250163,53,255982
2852,0.027302,172.31.46.0-255,66,250229,53,255982
2853,0.029565,74.125.24.0-255,4138,254367,53,255982
2854,0.029571,172.31.46.0-255,66,254433,53,255982
2855,0.029738,172.31.46.0-255,105,254538,53,255982
2856,0.031954,74.125.24.0-255,66,254604,53,255982
2857,0.03552,172.31.46.0-255,172,254776,53,255982
2858,0.035545,172.31.46.0-255,1074,255850,53,255982
2859,0.037031,104.244.42.0-255,66,255916,53,255982
2860,0.037053,104.244.42.0-255,66,255982,53,255982
2861,0.0,74.125.24.0-255,153,153,53,356007
2862,1.4e-05,172.31.46.0-255,66,219,53,356007
2863,2.1e-05,74.125.24.0-255,1484,1703,53,356007
2864,2.5e-05,172.31.46.0-255,66,1769,53,356007
2865,3.2e-05,74.125.24.0-255,2902,4671,53,356007
2866,3.5e-05,172.31.46.0-255,66,4737,53,356007
2867,4.3e-05,74.125.24.0-255,7156,11893,53,356007
2868,4.5e-05,172.31.46.0-255,66,11959,53,356007
2869,4.9e-05,74.125.24.0-255,2093,14052,53,356007
2870,5.2e-05,172.31.46.0-255,66,14118,53,356007
2871,0.00018,74.125.24.0-255,1484,15602,53,356007
2872,0.000185,172.31.46.0-255,66,15668,53,356007
2873,0.000191,74.125.24.0-255,2902,18570,53,356007
2874,0.000194,172.31.46.0-255,66,18636,53,356007
2875,0.000216,74.125.24.0-255,5738,24374,53,356007
2876,0.000219,172.31.46.0-255,66,24440,53,356007
2877,0.000263,74.125.24.0-255,6797,31237,53,356007
2878,0.000266,172.31.46.0-255,66,31303,53,356007
2879,0.000818,74.125.24.0-255,1484,32787,53,356007
2880,0.000824,172.31.46.0-255,66,32853,53,356007
2881,0.000833,74.125.24.0-255,2902,35755,53,356007
2882,0.000835,172.31.46.0-255,66,35821,53,356007
2883,0.000842,74.125.24.0-255,5738,41559,53,356007
2884,0.000844,172.31.46.0-255,66,41625,53,356007
2885,0.00088,172.31.46.0-255,66,41691,53,356007
2886,0.000902,74.125.24.0-255,5738,47429,53,356007
2887,0.000905,172.31.46.0-255,66,47495,53,356007
2888,0.000927,74.125.24.0-255,5652,53147,53,356007
2889,0.000929,172.31.46.0-255,66,53213,53,356007
2890,0.000958,74.125.24.0-255,130,53343,53,356007
2891,0.000961,172.31.46.0-255,66,53409,53,356007
2892,0.00105,74.125.24.0-255,1484,54893,53,356007
2893,0.001069,74.125.24.0-255,2902,57795,53,356007
2894,0.001073,172.31.46.0-255,66,57861,53,356007
2895,0.00108,74.125.24.0-255,5738,63599,53,356007
2896,0.001082,172.31.46.0-255,66,63665,53,356007
2897,0.00112,172.31.46.0-255,66,63731,53,356007
2898,0.001141,74.125.24.0-255,2902,66633,53,356007
2899,0.001143,172.31.46.0-255,66,66699,53,356007
2900,0.001157,172.31.46.0-255,66,66765,53,356007
2901,0.001607,74.125.24.0-255,1484,68249,53,356007
2902,0.001615,74.125.24.0-255,2902,71151,53,356007
2903,0.00162,172.31.46.0-255,66,71217,53,356007
2904,0.001627,74.125.24.0-255,4320,75537,53,356007
2905,0.001629,172.31.46.0-255,66,75603,53,356007
2906,0.001655,74.125.24.0-255,7156,82759,53,356007
2907,0.001657,172.31.46.0-255,66,82825,53,356007
2908,0.001674,74.125.24.0-255,1484,84309,53,356007
2909,0.001679,74.125.24.0-255,4320,88629,53,356007
2910,0.001682,172.31.46.0-255,66,88695,53,356007
2911,0.001685,74.125.24.0-255,1484,90179,53,356007
2912,0.001702,74.125.24.0-255,4320,94499,53,356007
2913,0.001705,172.31.46.0-255,66,94565,53,356007
2914,0.001719,74.125.24.0-255,1484,96049,53,356007
2915,0.001735,74.125.24.0-255,5020,101069,53,356007
2916,0.001738,172.31.46.0-255,66,101135,53,356007
2917,0.001845,74.125.24.0-255,1484,102619,53,356007
2918,0.001869,74.125.24.0-255,2902,105521,53,356007
2919,0.001871,172.31.46.0-255,66,105587,53,356007
2920,0.001882,74.125.24.0-255,1484,107071,53,356007
2921,0.001901,74.125.24.0-255,4320,111391,53,356007
2922,0.001903,172.31.46.0-255,66,111457,53,356007
2923,0.001918,74.125.24.0-255,5738,117195,53,356007
2924,0.00192,172.31.46.0-255,66,117261,53,356007
2925,0.001938,74.125.24.0-255,7156,124417,53,356007
2926,0.00194,172.31.46.0-255,66,124483,53,356007
2927,0.001948,74.125.24.0-255,7156,131639,53,356007
2928,0.00195,172.31.46.0-255,66,131705,53,356007
2929,0.001979,74.125.24.0-255,3602,135307,53,356007
2930,0.001981,172.31.46.0-255,66,135373,53,356007
2931,0.002139,74.125.24.0-255,1484,136857,53,356007
2932,0.002156,74.125.24.0-255,2902,139759,53,356007
2933,0.002159,172.31.46.0-255,66,139825,53,356007
2934,0.00218,74.125.24.0-255,5738,145563,53,356007
2935,0.002182,172.31.46.0-255,66,145629,53,356007
2936,0.002214,74.125.24.0-255,5738,151367,53,356007
2937,0.002217,172.31.46.0-255,66,151433,53,356007
2938,0.00224,74.125.24.0-255,4320,155753,53,356007
2939,0.002242,172.31.46.0-255,66,155819,53,356007
2940,0.002253,172.31.46.0-255,66,155885,53,356007
2941,0.002284,74.125.24.0-255,3602,159487,53,356007
2942,0.002287,172.31.46.0-255,66,159553,53,356007
2943,0.004583,74.125.24.0-255,1484,161037,53,356007
2944,0.004654,74.125.24.0-255,4320,165357,53,356007
2945,0.004659,172.31.46.0-255,66,165423,53,356007
2946,0.00705,74.125.24.0-255,5738,171161,53,356007
2947,0.007055,172.31.46.0-255,66,171227,53,356007
2948,0.009392,74.125.24.0-255,5738,176965,53,356007
2949,0.009399,172.31.46.0-255,66,177031,53,356007
2950,0.011774,74.125.24.0-255,5738,182769,53,356007
2951,0.011782,172.31.46.0-255,66,182835,53,356007
2952,0.014141,74.125.24.0-255,5738,188573,53,356007
2953,0.014152,172.31.46.0-255,66,188639,53,356007
2954,0.016517,74.125.24.0-255,5738,194377,53,356007
2955,0.016526,172.31.46.0-255,66,194443,53,356007
2956,0.018919,74.125.24.0-255,5738,200181,53,356007
2957,0.018926,172.31.46.0-255,66,200247,53,356007
2958,0.021276,74.125.24.0-255,5738,205985,53,356007
2959,0.021283,172.31.46.0-255,66,206051,53,356007
2960,0.023653,74.125.24.0-255,5738,211789,53,356007
2961,0.023661,172.31.46.0-255,66,211855,53,356007
2962,0.026026,74.125.24.0-255,5738,217593,53,356007
2963,0.026035,172.31.46.0-255,66,217659,53,356007
2964,0.028419,74.125.24.0-255,5738,223397,53,356007
2965,0.028427,172.31.46.0-255,66,223463,53,356007
2966,0.030715,172.31.46.0-255,188,223651,53,356007
2967,0.030748,172.31.46.0-255,953,224604,53,356007
2968,0.030804,74.125.24.0-255,5738,230342,53,356007
2969,0.030809,172.31.46.0-255,66,230408,53,356007
2970,0.030841,172.31.46.0-255,1514,231922,53,356007
2971,0.030846,172.31.46.0-255,1450,233372,53,356007
2972,0.032306,104.244.42.0-255,66,233438,53,356007
2973,0.032341,104.244.42.0-255,66,233504,53,356007
2974,0.032445,104.244.42.0-255,66,233570,53,356007
2975,0.033188,74.125.24.0-255,5738,239308,53,356007
2976,0.033193,172.31.46.0-255,66,239374,53,356007
2977,0.035559,74.125.24.0-255,5738,245112,53,356007
2978,0.035565,172.31.46.0-255,66,245178,53,356007
2979,0.03796,74.125.24.0-255,5738,250916,53,356007
2980,0.037966,172.31.46.0-255,66,250982,53,356007
2981,0.040333,74.125.24.0-255,5738,256720,53,356007
2982,0.040339,172.31.46.0-255,66,256786,53,356007
2983,0.042717,74.125.24.0-255,5738,262524,53,356007
2984,0.042723,172.31.46.0-255,66,262590,53,356007
2985,0.045091,74.125.24.0-255,5738,268328,53,356007
2986,0.0451,172.31.46.0-255,66,268394,53,356007
2987,0.047459,74.125.24.0-255,5738,274132,53,356007
2988,0.047466,172.31.46.0-255,66,274198,53,356007
2989,0.049871,74.125.24.0-255,5738,279936,53,356007
2990,0.049877,172.31.46.0-255,66,280002,53,356007
2991,0.052233,74.125.24.0-255,5738,285740,53,356007
2992,0.05224,172.31.46.0-255,66,285806,53,356007
2993,0.054606,74.125.24.0-255,5738,291544,53,356007
2994,0.054613,172.31.46.0-255,66,291610,53,356007
2995,0.057007,74.125.24.0-255,5738,297348,53,356007
2996,0.057014,172.31.46.0-255,66,297414,53,356007
2997,0.059404,74.125.24.0-255,5738,303152,53,356007
2998,0.059411,172.31.46.0-255,66,303218,53,356007
2999,0.061792,74.125.24.0-255,5738,308956,53,356007
3000,0.061799,172.31.46.0-255,66,309022,53,356007
3001,0.064193,74.125.24.0-255,5738,314760,53,356007
3002,0.0642,172.31.46.0-255,66,314826,53,356007
3003,0.066571,74.125.24.0-255,5738,320564,53,356007
3004,0.066578,172.31.46.0-255,66,320630,53,356007
3005,0.068946,74.125.24.0-255,5738,326368,53,356007
3006,0.068952,172.31.46.0-255,66,326434,53,356007
3007,0.071351,74.125.24.0-255,5738,332172,53,356007
3008,0.071357,172.31.46.0-255,66,332238,53,356007
3009,0.073776,74.125.24.0-255,5738,337976,53,356007
3010,0.073782,172.31.46.0-255,66,338042,53,356007
3011,0.076167,74.125.24.0-255,5738,343780,53,356007
3012,0.076174,172.31.46.0-255,66,343846,53,356007
3013,0.078557,74.125.24.0-255,5738,349584,53,356007
3014,0.078564,172.31.46.0-255,66,349650,53,356007
3015,0.080968,74.125.24.0-255,5738,355388,53,356007
3016,0.080974,172.31.46.0-255,66,355454,53,356007
3017,0.083322,74.125.24.0-255,316,355770,53,356007
3018,0.083448,172.31.46.0-255,66,355836,53,356007
3019,0.083484,172.31.46.0-255,105,355941,53,356007
3020,0.085822,74.125.24.0-255,66,356007,53,356007
3021,0.0,74.125.24.0-255,162,162,53,221542
3022,2.3e-05,172.31.46.0-255,66,228,53,221542
3023,3e-05,74.125.24.0-255,1484,1712,53,221542
3024,3.4e-05,172.31.46.0-255,66,1778,53,221542
3025,4e-05,74.125.24.0-255,2902,4680,53,221542
3026,4.2e-05,172.31.46.0-255,66,4746,53,221542
3027,4.9e-05,74.125.24.0-255,5738,10484,53,221542
3028,5.3e-05,172.31.46.0-255,66,10550,53,221542
3029,9.2e-05,74.125.24.0-255,3362,13912,53,221542
3030,9.5e-05,172.31.46.0-255,66,13978,53,221542
3031,0.000197,74.125.24.0-255,1484,15462,53,221542
3032,0.000201,172.31.46.0-255,66,15528,53,221542
3033,0.000206,74.125.24.0-255,2902,18430,53,221542
3034,0.000209,172.31.46.0-255,66,18496,53,221542
3035,0.000223,74.125.24.0-255,1484,19980,53,221542
3036,0.000225,172.31.46.0-255,66,20046,53,221542
3037,0.000246,74.125.24.0-255,2902,22948,53,221542
3038,0.000249,172.31.46.0-255,66,23014,53,221542
3039,0.000256,74.125.24.0-255,5738,28752,53,221542
3040,0.000258,172.31.46.0-255,66,28818,53,221542
3041,0.000284,74.125.24.0-255,2543,31361,53,221542
3042,0.000287,172.31.46.0-255,66,31427,53,221542
3043,0.000291,74.125.24.0-255,2902,34329,53,221542
3044,0.000293,172.31.46.0-255,66,34395,53,221542
3045,0.00031,74.125.24.0-255,5738,40133,53,221542
3046,0.000312,172.31.46.0-255,66,40199,53,221542
3047,0.000337,74.125.24.0-255,1484,41683,53,221542
3048,0.000339,172.31.46.0-255,66,41749,53,221542
3049,0.000346,74.125.24.0-255,6797,48546,53,221542
3050,0.000349,172.31.46.0-255,66,48612,53,221542
3051,0.00038,74.125.24.0-255,1484,50096,53,221542
3052,0.000383,172.31.46.0-255,66,50162,53,221542
3053,0.000403,74.125.24.0-255,2902,53064,53,221542
3054,0.000405,172.31.46.0-255,66,53130,53,221542
3055,0.000408,74.125.24.0-255,1484,54614,53,221542
3056,0.000427,74.125.24.0-255,4320,58934,53,221542
3057,0.000429,172.31.46.0-255,66,59000,53,221542
3058,0.000435,74.125.24.0-255,4320,63320,53,221542
3059,0.000438,172.31.46.0-255,66,63386,53,221542
3060,0.00048,74.125.24.0-255,2818,66204,53,221542
3061,0.000483,172.31.46.0-255,66,66270,53,221542
3062,0.000568,74.125.24.0-255,132,66402,53,221542
3063,0.000698,74.125.24.0-255,1484,67886,53,221542
3064,0.000703,172.31.46.0-255,66,67952,53,221542
3065,0.000709,74.125.24.0-255,2902,70854,53,221542
3066,0.000713,172.31.46.0-255,66,70920,53,221542
3067,0.000717,74.125.24.0-255,2902,73822,53,221542
3068,0.00072,172.31.46.0-255,66,73888,53,221542
3069,0.000746,74.125.24.0-255,2902,76790,53,221542
3070,0.00075,172.31.46.0-255,66,76856,53,221542
3071,0.000755,74.125.24.0-255,4320,81176,53,221542
3072,0.000758,172.31.46.0-255,66,81242,53,221542
3073,0.000779,74.125.24.0-255,2543,83785,53,221542
3074,0.000782,172.31.46.0-255,66,83851,53,221542
3075,0.000801,74.125.24.0-255,2902,86753,53,221542
3076,0.000804,172.31.46.0-255,66,86819,53,221542
3077,0.000831,74.125.24.0-255,7156,93975,53,221542
3078,0.000834,172.31.46.0-255,66,94041,53,221542
3079,0.00084,74.125.24.0-255,5738,99779,53,221542
3080,0.000842,172.31.46.0-255,66,99845,53,221542
3081,0.000875,74.125.24.0-255,1125,100970,53,221542
3082,0.001403,74.125.24.0-255,1484,102454,53,221542
3083,0.001408,172.31.46.0-255,66,102520,53,221542
3084,0.001414,74.125.24.0-255,2902,105422,53,221542
3085,0.001416,172.31.46.0-255,66,105488,53,221542
3086,0.001422,74.125.24.0-255,5738,111226,53,221542
3087,0.001424,172.31.46.0-255,66,111292,53,221542
3088,0.001465,172.31.46.0-255,66,111358,53,221542
3089,0.001501,172.31.46.0-255,66,111424,53,221542
3090,0.001524,74.125.24.0-255,2184,113608,53,221542
3091,0.001526,172.31.46.0-255,66,113674,53,221542
3092,0.001649,74.125.24.0-255,1484,115158,53,221542
3093,0.001655,74.125.24.0-255,2902,118060,53,221542
3094,0.001658,172.31.46.0-255,66,118126,53,221542
3095,0.001662,74.125.24.0-255,1484,119610,53,221542
3096,0.001678,74.125.24.0-255,4320,123930,53,221542
3097,0.001681,172.31.46.0-255,66,123996,53,221542
3098,0.001701,74.125.24.0-255,7156,131152,53,221542
3099,0.001703,172.31.46.0-255,66,131218,53,221542
3100,0.001733,74.125.24.0-255,5738,136956,53,221542
3101,0.001736,172.31.46.0-255,66,137022,53,221542
3102,0.00175,172.31.46.0-255,66,137088,53,221542
3103,0.001756,74.125.24.0-255,5738,142826,53,221542
3104,0.001759,172.31.46.0-255,66,142892,53,221542
3105,0.001778,74.125.24.0-255,2902,145794,53,221542
3106,0.001781,172.31.46.0-255,66,145860,53,221542
3107,0.001804,74.125.24.0-255,5738,151598,53,221542
3108,0.001806,172.31.46.0-255,66,151664,53,221542
3109,0.001842,172.31.46.0-255,66,151730,53,221542
3110,0.001868,74.125.24.0-255,1484,153214,53,221542
3111,0.001882,74.125.24.0-255,2902,156116,53,221542
3112,0.001885,172.31.46.0-255,66,156182,53,221542
3113,0.00191,74.125.24.0-255,5738,161920,53,221542
3114,0.001914,172.31.46.0-255,66,161986,53,221542
3115,0.001919,74.125.24.0-255,4320,166306,53,221542
3116,0.001921,172.31.46.0-255,66,166372,53,221542
3117,0.001946,172.31.46.0-255,66,166438,53,221542
3118,0.001952,74.125.24.0-255,5738,172176,53,221542
3119,0.001955,172.31.46.0-255,66,172242,53,221542
3120,0.001977,74.125.24.0-255,5020,177262,53,221542
3121,0.00198,172.31.46.0-255,66,177328,53,221542
3122,0.002016,74.125.24.0-255,1484,178812,53,221542
3123,0.002048,74.125.24.0-255,2902,181714,53,221542
3124,0.002052,172.31.46.0-255,66,181780,53,221542
3125,0.002057,74.125.24.0-255,4320,186100,53,221542
3126,0.00206,172.31.46.0-255,66,186166,53,221542
3127,0.002101,74.125.24.0-255,1484,187650,53,221542
3128,0.002126,74.125.24.0-255,7156,194806,53,221542
3129,0.002167,74.125.24.0-255,4320,199126,53,221542
3130,0.002203,74.125.24.0-255,4320,203446,53,221542
3131,0.002239,74.125.24.0-255,5738,209184,53,221542
3132,0.002377,74.125.24.0-255,2184,211368,53,221542
3133,0.006261,172.31.46.0-255,66,211434,53,221542
3134,0.0086,74.125.24.0-255,5580,217014,53,221542
3135,0.008607,172.31.46.0-255,66,217080,53,221542
3136,0.011201,172.31.46.0-255,105,217185,53,221542
3137,0.013517,74.125.24.0-255,66,217251,53,221542
3138,0.032451,172.31.46.0-255,176,217427,53,221542
3139,0.032486,172.31.46.0-255,1107,218534,53,221542
3140,0.032546,172.31.46.0-255,1514,220048,53,221542
3141,0.032548,172.31.46.0-255,1296,221344,53,221542
3142,0.034033,104.244.42.0-255,66,221410,53,221542
3143,0.034067,104.244.42.0-255,66,221476,53,221542
3144,0.034123,104.244.42.0-255,66,221542,53,221542
3145,0.0,172.217.194.0-255,153,153,53,283831
3146,1.7e-05,172.31.46.0-255,66,219,53,283831
3147,2.5e-05,172.217.194.0-255,1484,1703,53,283831
3148,3e-05,172.31.46.0-255,66,1769,53,283831
3149,4.2e-05,172.217.194.0-255,2902,4671,53,283831
3150,4.6e-05,172.31.46.0-255,66,4737,53,283831
3151,5.4e-05,172.217.194.0-255,7156,11893,53,283831
3152,5.8e-05,172.31.46.0-255,66,11959,53,283831
3153,8.1e-05,172.217.194.0-255,2053,14012,53,283831
3154,8.9e-05,172.31.46.0-255,66,14078,53,283831
3155,0.000549,172.217.194.0-255,1484,15562,53,283831
3156,0.000555,172.31.46.0-255,66,15628,53,283831
3157,0.000564,172.217.194.0-255,2902,18530,53,283831
3158,0.000566,172.31.46.0-255,66,18596,53,283831
3159,0.000579,172.217.194.0-255,5738,24334,53,283831
3160,0.000582,172.31.46.0-255,66,24400,53,283831
3161,0.000588,172.217.194.0-255,4320,28720,53,283831
3162,0.00059,172.31.46.0-255,66,28786,53,283831
3163,0.000621,172.217.194.0-255,1484,30270,53,283831
3164,0.000624,172.31.46.0-255,66,30336,53,283831
3165,0.000662,172.31.46.0-255,66,30402,53,283831
3166,0.000673,172.31.46.0-255,66,30468,53,283831
3167,0.000702,172.217.194.0-255,1484,31952,53,283831
3168,0.000705,172.31.46.0-255,66,32018,53,283831
3169,0.000745,172.31.46.0-255,66,32084,53,283831
3170,0.000748,172.217.194.0-255,645,32729,53,283831
3171,0.000751,172.31.46.0-255,66,32795,53,283831
3172,0.000878,172.217.194.0-255,1484,34279,53,283831
3173,0.000882,172.31.46.0-255,66,34345,53,283831
3174,0.000888,172.217.194.0-255,2902,37247,53,283831
3175,0.000892,172.31.46.0-255,66,37313,53,283831
3176,0.000903,172.217.194.0-255,5738,43051,53,283831
3177,0.000906,172.31.46.0-255,66,43117,53,283831
3178,0.000947,172.217.194.0-255,5738,48855,53,283831
3179,0.000952,172.31.46.0-255,66,48921,53,283831
3180,0.000985,172.217.194.0-255,7156,56077,53,283831
3181,0.000988,172.31.46.0-255,66,56143,53,283831
3182,0.001007,172.31.46.0-255,66,56209,53,283831
3183,0.001021,172.31.46.0-255,66,56275,53,283831
3184,0.001027,172.217.194.0-255,4831,61106,53,283831
3185,0.001029,172.31.46.0-255,66,61172,53,283831
3186,0.001162,172.217.194.0-255,1484,62656,53,283831
3187,0.001169,172.217.194.0-255,2902,65558,53,283831
3188,0.001173,172.31.46.0-255,66,65624,53,283831
3189,0.001179,172.217.194.0-255,4320,69944,53,283831
3190,0.001181,172.31.46.0-255,66,70010,53,283831
3191,0.001202,172.217.194.0-255,1484,71494,53,283831
3192,0.001225,172.217.194.0-255,4320,75814,53,283831
3193,0.001228,172.31.46.0-255,66,75880,53,283831
3194,0.001262,172.31.46.0-255,66,75946,53,283831
3195,0.001268,172.217.194.0-255,7156,83102,53,283831
3196,0.001271,172.31.46.0-255,66,83168,53,283831
3197,0.001309,172.217.194.0-255,3602,86770,53,283831
3198,0.001311,172.31.46.0-255,66,86836,53,283831
3199,0.001314,172.217.194.0-255,1484,88320,53,283831
3200,0.001333,172.217.194.0-255,1484,89804,53,283831
3201,0.001335,172.31.46.0-255,66,89870,53,283831
3202,0.001361,172.217.194.0-255,1484,91354,53,283831
3203,0.001372,172.31.46.0-255,66,91420,53,283831
3204,0.001375,172.217.194.0-255,1484,92904,53,283831
3205,0.001394,172.31.46.0-255,66,92970,53,283831
3206,0.001453,172.217.194.0-255,1484,94454,53,283831
3207,0.001471,172.217.194.0-255,2902,97356,53,283831
3208,0.001474,172.31.46.0-255,66,97422,53,283831
3209,0.001481,172.217.194.0-255,5738,103160,53,283831
3210,0.001483,172.31.46.0-255,66,103226,53,283831
3211,0.001509,172.217.194.0-255,7156,110382,53,283831
3212,0.001512,172.31.46.0-255,66,110448,53,283831
3213,0.001555,172.217.194.0-255,2184,112632,53,283831
3214,0.001706,172.217.194.0-255,1484,114116,53,283831
3215,0.00172,172.217.194.0-255,2902,117018,53,283831
3216,0.001732,172.217.194.0-255,2902,119920,53,283831
3217,0.001754,172.217.194.0-255,2902,122822,53,283831
3218,0.001758,172.217.194.0-255,2902,125724,53,283831
3219,0.001781,172.217.194.0-255,7156,132880,53,283831
3220,0.001811,172.217.194.0-255,2902,135782,53,283831
3221,0.001854,172.217.194.0-255,2184,137966,53,283831
3222,0.001904,172.217.194.0-255,1484,139450,53,283831
3223,0.00192,172.217.194.0-255,2902,142352,53,283831
3224,0.00193,172.217.194.0-255,1484,143836,53,283831
3225,0.001953,172.217.194.0-255,4320,148156,53,283831
3226,0.001968,172.217.194.0-255,1484,149640,53,283831
3227,0.001983,172.217.194.0-255,5738,155378,53,283831
3228,0.002004,172.217.194.0-255,4320,159698,53,283831
3229,0.002007,172.217.194.0-255,2902,162600,53,283831
3230,0.002024,172.217.194.0-255,5738,168338,53,283831
3231,0.002042,172.217.194.0-255,3602,171940,53,283831
3232,0.002045,172.217.194.0-255,1484,173424,53,283831
3233,0.002065,172.217.194.0-255,5738,179162,53,283831
3234,0.004245,172.31.46.0-255,66,179228,53,283831
3235,0.006277,172.217.194.0-255,5738,184966,53,283831
3236,0.006283,172.31.46.0-255,66,185032,53,283831
3237,0.008303,172.217.194.0-255,5738,190770,53,283831
3238,0.008312,172.31.46.0-255,66,190836,53,283831
3239,0.010316,172.217.194.0-255,5738,196574,53,283831
3240,0.010321,172.31.46.0-255,66,196640,53,283831
3241,0.01236,172.217.194.0-255,5738,202378,53,283831
3242,0.012369,172.31.46.0-255,66,202444,53,283831
3243,0.014397,172.217.194.0-255,5738,208182,53,283831
3244,0.014404,172.31.46.0-255,66,208248,53,283831
3245,0.016412,172.217.194.0-255,4320,212568,53,283831
3246,0.016417,172.31.46.0-255,66,212634,53,283831
3247,0.016441,172.217.194.0-255,1484,214118,53,283831
3248,0.018416,172.217.194.0-255,4320,218438,53,283831
3249,0.018422,172.31.46.0-255,66,218504,53,283831
3250,0.020412,172.217.194.0-255,4320,222824,53,283831
3251,0.020417,172.31.46.0-255,66,222890,53,283831
3252,0.020442,172.217.194.0-255,1484,224374,53,283831
3253,0.022439,172.217.194.0-255,4320,228694,53,283831
3254,0.022446,172.31.46.0-255,66,228760,53,283831
3255,0.024448,172.217.194.0-255,5738,234498,53,283831
3256,0.024456,172.31.46.0-255,66,234564,53,283831
3257,0.026488,172.217.194.0-255,5738,240302,53,283831
3258,0.026495,172.31.46.0-255,66,240368,53,283831
3259,0.026863,172.31.46.0-255,172,240540,53,283831
3260,0.026893,172.31.46.0-255,1112,241652,53,283831
3261,0.026953,172.31.46.0-255,1514,243166,53,283831
3262,0.026955,172.31.46.0-255,1291,244457,53,283831
3263,0.02841,104.244.42.0-255,66,244523,53,283831
3264,0.028418,104.244.42.0-255,66,244589,53,283831
3265,0.028489,172.217.194.0-255,5738,250327,53,283831
3266,0.028495,172.31.46.0-255,66,250393,53,283831
3267,0.028525,104.244.42.0-255,66,250459,53,283831
3268,0.030554,172.217.194.0-255,5738,256197,53,283831
3269,0.030562,172.31.46.0-255,66,256263,53,283831
3270,0.032571,172.217.194.0-255,5738,262001,53,283831
3271,0.032578,172.31.46.0-255,66,262067,53,283831
3272,0.03458,172.217.194.0-255,2902,264969,53,283831
3273,0.034586,172.31.46.0-255,66,265035,53,283831
3274,0.034613,172.217.194.0-255,2902,267937,53,283831
3275,0.034616,172.31.46.0-255,66,268003,53,283831
3276,0.03662,172.217.194.0-255,5738,273741,53,283831
3277,0.036626,172.31.46.0-255,66,273807,53,283831
3278,0.038639,172.217.194.0-255,5738,279545,53,283831
3279,0.038646,172.31.46.0-255,66,279611,53,283831
3280,0.040643,172.217.194.0-255,3983,283594,53,283831
3281,0.040649,172.31.46.0-255,66,283660,53,283831
3282,0.040823,172.31.46.0-255,105,283765,53,283831
3283,0.042851,172.217.194.0-255,66,283831,53,283831
3284,0.0,172.253.118.0-255,150,150,53,318745
3285,2.3e-05,172.31.46.0-255,66,216,53,318745
3286,3e-05,172.253.118.0-255,1484,1700,53,318745
3287,3.4e-05,172.31.46.0-255,66,1766,53,318745
3288,4.8e-05,172.253.118.0-255,2902,4668,53,318745
3289,5.1e-05,172.31.46.0-255,66,4734,53,318745
3290,6e-05,172.253.118.0-255,7156,11890,53,318745
3291,6.3e-05,172.31.46.0-255,66,11956,53,318745
3292,0.000111,172.31.46.0-255,66,12022,53,318745
3293,0.00014,172.253.118.0-255,5379,17401,53,318745
3294,0.000143,172.31.46.0-255,66,17467,53,318745
3295,0.00044,172.253.118.0-255,1484,18951,53,318745
3296,0.000444,172.31.46.0-255,66,19017,53,318745
3297,0.000448,172.253.118.0-255,2902,21919,53,318745
3298,0.00045,172.31.46.0-255,66,21985,53,318745
3299,0.000485,172.253.118.0-255,5738,27723,53,318745
3300,0.000488,172.31.46.0-255,66,27789,53,318745
3301,0.00049,172.253.118.0-255,1484,29273,53,318745
3302,0.000492,172.31.46.0-255,66,29339,53,318745
3303,0.000544,172.253.118.0-255,1484,30823,53,318745
3304,0.000546,172.31.46.0-255,66,30889,53,318745
3305,0.00057,172.253.118.0-255,3961,34850,53,318745
3306,0.000573,172.31.46.0-255,66,34916,53,318745
3307,0.001693,172.253.118.0-255,1484,36400,53,318745
3308,0.001698,172.31.46.0-255,66,36466,53,318745
3309,0.001702,172.253.118.0-255,1484,37950,53,318745
3310,0.001704,172.31.46.0-255,66,38016,53,318745
3311,0.001722,172.253.118.0-255,1484,39500,53,318745
3312,0.001725,172.31.46.0-255,66,39566,53,318745
3313,0.001732,172.253.118.0-255,4320,43886,53,318745
3314,0.001734,172.31.46.0-255,66,43952,53,318745
3315,0.001765,172.253.118.0-255,1484,45436,53,318745
3316,0.001778,172.31.46.0-255,66,45502,53,318745
3317,0.001914,172.253.118.0-255,1484,46986,53,318745
3318,0.001919,172.253.118.0-255,2902,49888,53,318745
3319,0.001922,172.31.46.0-255,66,49954,53,318745
3320,0.00195,172.253.118.0-255,5738,55692,53,318745
3321,0.001953,172.31.46.0-255,66,55758,53,318745
3322,0.00196,172.253.118.0-255,7156,62914,53,318745
3323,0.001962,172.31.46.0-255,66,62980,53,318745
3324,0.00199,172.253.118.0-255,2902,65882,53,318745
3325,0.001992,172.31.46.0-255,66,65948,53,318745
3326,0.002025,172.31.46.0-255,66,66014,53,318745
3327,0.002064,172.253.118.0-255,4320,70334,53,318745
3328,0.002067,172.31.46.0-255,66,70400,53,318745
3329,0.002072,172.253.118.0-255,2902,73302,53,318745
3330,0.002074,172.31.46.0-255,66,73368,53,318745
3331,0.002093,172.253.118.0-255,2902,76270,53,318745
3332,0.002096,172.31.46.0-255,66,76336,53,318745
3333,0.002103,172.253.118.0-255,5738,82074,53,318745
3334,0.002105,172.31.46.0-255,66,82140,53,318745
3335,0.002132,172.253.118.0-255,5738,87878,53,318745
3336,0.002135,172.31.46.0-255,66,87944,53,318745
3337,0.002148,172.31.46.0-255,66,88010,53,318745
3338,0.002168,172.253.118.0-255,1484,89494,53,318745
3339,0.002209,172.31.46.0-255,66,89560,53,318745
3340,0.002252,172.253.118.0-255,5738,95298,53,318745
3341,0.002255,172.31.46.0-255,66,95364,53,318745
3342,0.00229,172.31.46.0-255,66,95430,53,318745
3343,0.004567,172.253.118.0-255,5738,101168,53,318745
3344,0.004576,172.31.46.0-255,66,101234,53,318745
3345,0.006861,172.253.118.0-255,5738,106972,53,318745
3346,0.006867,172.31.46.0-255,66,107038,53,318745
3347,0.009143,172.253.118.0-255,5738,112776,53,318745
3348,0.009146,172.31.46.0-255,66,112842,53,318745
3349,0.011418,172.253.118.0-255,5738,118580,53,318745
3350,0.011426,172.31.46.0-255,66,118646,53,318745
3351,0.013707,172.253.118.0-255,5738,124384,53,318745
3352,0.013715,172.31.46.0-255,66,124450,53,318745
3353,0.015993,172.253.118.0-255,5738,130188,53,318745
3354,0.016,172.31.46.0-255,66,130254,53,318745
3355,0.01828,172.253.118.0-255,5738,135992,53,318745
3356,0.018291,172.31.46.0-255,66,136058,53,318745
3357,0.02058,172.253.118.0-255,5738,141796,53,318745
3358,0.020588,172.31.46.0-255,66,141862,53,318745
3359,0.022853,172.253.118.0-255,5738,147600,53,318745
3360,0.022861,172.31.46.0-255,66,147666,53,318745
3361,0.025143,172.253.118.0-255,5738,153404,53,318745
3362,0.025152,172.31.46.0-255,66,153470,53,318745
3363,0.027438,172.253.118.0-255,5738,159208,53,318745
3364,0.027447,172.31.46.0-255,66,159274,53,318745
3365,0.029731,172.253.118.0-255,5738,165012,53,318745
3366,0.02974,172.31.46.0-255,66,165078,53,318745
3367,0.032009,172.253.118.0-255,5738,170816,53,318745
3368,0.032018,172.31.46.0-255,66,170882,53,318745
3369,0.034296,172.253.118.0-255,4320,175202,53,318745
3370,0.034303,172.31.46.0-255,66,175268,53,318745
3371,0.034324,172.253.118.0-255,1484,176752,53,318745
3372,0.036583,172.253.118.0-255,4320,181072,53,318745
3373,0.036595,172.31.46.0-255,66,181138,53,318745
3374,0.038889,172.253.118.0-255,5738,186876,53,318745
3375,0.038894,172.31.46.0-255,66,186942,53,318745
3376,0.040193,172.31.46.0-255,172,187114,53,318745
3377,0.040245,172.31.46.0-255,1074,188188,53,318745
3378,0.041174,172.253.118.0-255,5738,193926,53,318745
3379,0.041181,172.31.46.0-255,66,193992,53,318745
3380,0.041751,104.244.42.0-255,66,194058,53,318745
3381,0.041812,104.244.42.0-255,66,194124,53,318745
3382,0.043466,172.253.118.0-255,5738,199862,53,318745
3383,0.043473,172.31.46.0-255,66,199928,53,318745
3384,0.045763,172.253.118.0-255,5738,205666,53,318745
3385,0.04577,172.31.46.0-255,66,205732,53,318745
3386,0.048056,172.253.118.0-255,5738,211470,53,318745
3387,0.048062,172.31.46.0-255,66,211536,53,318745
3388,0.050341,172.253.118.0-255,5738,217274,53,318745
3389,0.050348,172.31.46.0-255,66,217340,53,318745
3390,0.052607,172.253.118.0-255,5738,223078,53,318745
3391,0.052613,172.31.46.0-255,66,223144,53,318745
3392,0.054904,172.253.118.0-255,5738,228882,53,318745
3393,0.05491,172.31.46.0-255,66,228948,53,318745
3394,0.057193,172.253.118.0-255,5738,234686,53,318745
3395,0.0572,172.31.46.0-255,66,234752,53,318745
3396,0.059489,172.253.118.0-255,5738,240490,53,318745
3397,0.059494,172.31.46.0-255,66,240556,53,318745
3398,0.061782,172.253.118.0-255,5738,246294,53,318745
3399,0.061788,172.31.46.0-255,66,246360,53,318745
3400,0.064074,172.253.118.0-255,5738,252098,53,318745
3401,0.064081,172.31.46.0-255,66,252164,53,318745
3402,0.066373,172.253.118.0-255,5738,257902,53,318745
3403,0.066379,172.31.46.0-255,66,257968,53,318745
3404,0.068654,172.253.118.0-255,5738,263706,53,318745
3405,0.06866,172.31.46.0-255,66,263772,53,318745
3406,0.070937,172.253.118.0-255,5738,269510,53,318745
3407,0.070945,172.31.46.0-255,66,269576,53,318745
3408,0.073242,172.253.118.0-255,5738,275314,53,318745
3409,0.073248,172.31.46.0-255,66,275380,53,318745
3410,0.075532,172.253.118.0-255,5738,281118,53,318745
3411,0.075542,172.31.46.0-255,66,281184,53,318745
3412,0.077866,172.253.118.0-255,5738,286922,53,318745
3413,0.077872,172.31.46.0-255,66,286988,53,318745
3414,0.080159,172.253.118.0-255,5738,292726,53,318745
3415,0.080166,172.31.46.0-255,66,292792,53,318745
3416,0.082445,172.253.118.0-255,5738,298530,53,318745
3417,0.082452,172.31.46.0-255,66,298596,53,318745
3418,0.084735,172.253.118.0-255,5738,304334,53,318745
3419,0.084742,172.31.46.0-255,66,304400,53,318745
3420,0.087027,172.253.118.0-255,5738,310138,53,318745
3421,0.087033,172.31.46.0-255,66,310204,53,318745
3422,0.089314,172.253.118.0-255,5738,315942,53,318745
3423,0.089321,172.31.46.0-255,66,316008,53,318745
3424,0.091603,172.253.118.0-255,2500,318508,53,318745
3425,0.09161,172.31.46.0-255,66,318574,53,318745
3426,0.091795,172.31.46.0-255,105,318679,53,318745
3427,0.094046,172.253.118.0-255,66,318745,53,318745
3428,0.0,172.217.27.0-255,147,147,53,236502
3429,1.7e-05,172.31.46.0-255,66,213,53,236502
3430,2.5e-05,172.217.27.0-255,1484,1697,53,236502
3431,2.9e-05,172.31.46.0-255,66,1763,53,236502
3432,3.5e-05,172.217.27.0-255,2902,4665,53,236502
3433,4.5e-05,172.31.46.0-255,66,4731,53,236502
3434,5.4e-05,172.217.27.0-255,7156,11887,53,236502
3435,5.6e-05,172.31.46.0-255,66,11953,53,236502
3436,5.9e-05,172.217.27.0-255,1484,13437,53,236502
3437,6.2e-05,172.31.46.0-255,66,13503,53,236502
3438,6.5e-05,172.217.27.0-255,623,14126,53,236502
3439,6.9e-05,172.31.46.0-255,66,14192,53,236502
3440,9.9e-05,172.217.27.0-255,1484,15676,53,236502
3441,0.000102,172.31.46.0-255,66,15742,53,236502
3442,0.000131,172.217.27.0-255,4320,20062,53,236502
3443,0.000134,172.31.46.0-255,66,20128,53,236502
3444,0.000144,172.31.46.0-255,66,20194,53,236502
3445,0.000163,172.217.27.0-255,1484,21678,53,236502
3446,0.000165,172.31.46.0-255,66,21744,53,236502
3447,0.000169,172.217.27.0-255,1125,22869,53,236502
3448,0.000175,172.31.46.0-255,66,22935,53,236502
3449,0.000276,172.217.27.0-255,1484,24419,53,236502
3450,0.00028,172.31.46.0-255,66,24485,53,236502
3451,0.000285,172.217.27.0-255,2902,27387,53,236502
3452,0.000287,172.31.46.0-255,66,27453,53,236502
3453,0.00029,172.217.27.0-255,1484,28937,53,236502
3454,0.000296,172.31.46.0-255,66,29003,53,236502
3455,0.000332,172.217.27.0-255,4320,33323,53,236502
3456,0.000335,172.31.46.0-255,66,33389,53,236502
3457,0.000342,172.217.27.0-255,6797,40186,53,236502
3458,0.000344,172.31.46.0-255,66,40252,53,236502
3459,0.00035,172.217.27.0-255,4320,44572,53,236502
3460,0.000355,172.31.46.0-255,66,44638,53,236502
3461,0.00038,172.31.46.0-255,66,44704,53,236502
3462,0.000384,172.217.27.0-255,2543,47247,53,236502
3463,0.000388,172.31.46.0-255,66,47313,53,236502
3464,0.00042,172.217.27.0-255,357,47670,53,236502
3465,0.000843,172.217.27.0-255,136,47806,53,236502
3466,0.000971,172.217.27.0-255,1484,49290,53,236502
3467,0.000976,172.31.46.0-255,66,49356,53,236502
3468,0.00098,172.217.27.0-255,1484,50840,53,236502
3469,0.001,172.217.27.0-255,1484,52324,53,236502
3470,0.001002,172.31.46.0-255,66,52390,53,236502
3471,0.001009,172.217.27.0-255,5738,58128,53,236502
3472,0.001011,172.31.46.0-255,66,58194,53,236502
3473,0.001036,172.217.27.0-255,2902,61096,53,236502
3474,0.001038,172.31.46.0-255,66,61162,53,236502
3475,0.001069,172.217.27.0-255,6797,67959,53,236502
3476,0.001072,172.31.46.0-255,66,68025,53,236502
3477,0.001084,172.31.46.0-255,66,68091,53,236502
3478,0.001108,172.217.27.0-255,3961,72052,53,236502
3479,0.001111,172.31.46.0-255,66,72118,53,236502
3480,0.001545,172.217.27.0-255,1484,73602,53,236502
3481,0.001552,172.217.27.0-255,2902,76504,53,236502
3482,0.001555,172.31.46.0-255,66,76570,53,236502
3483,0.001589,172.217.27.0-255,1484,78054,53,236502
3484,0.00161,172.217.27.0-255,4320,82374,53,236502
3485,0.001614,172.217.27.0-255,2902,85276,53,236502
3486,0.00164,172.31.46.0-255,66,85342,53,236502
3487,0.001643,172.31.46.0-255,66,85408,53,236502
3488,0.001646,172.31.46.0-255,66,85474,53,236502
3489,0.001649,172.31.46.0-255,66,85540,53,236502
3490,0.001652,172.217.27.0-255,1484,87024,53,236502
3491,0.001661,172.217.27.0-255,2902,89926,53,236502
3492,0.001663,172.31.46.0-255,66,89992,53,236502
3493,0.001669,172.217.27.0-255,4320,94312,53,236502
3494,0.001674,172.31.46.0-255,66,94378,53,236502
3495,0.001703,172.217.27.0-255,1484,95862,53,236502
3496,0.001707,172.217.27.0-255,1484,97346,53,236502
3497,0.001709,172.31.46.0-255,66,97412,53,236502
3498,0.001712,172.217.27.0-255,1484,98896,53,236502
3499,0.001725,172.31.46.0-255,66,98962,53,236502
3500,0.001736,172.31.46.0-255,66,99028,53,236502
3501,0.001781,172.217.27.0-255,1484,100512,53,236502
3502,0.001786,172.217.27.0-255,2902,103414,53,236502
3503,0.001788,172.31.46.0-255,66,103480,53,236502
3504,0.001791,172.217.27.0-255,1484,104964,53,236502
3505,0.001808,172.217.27.0-255,4320,109284,53,236502
3506,0.00181,172.31.46.0-255,66,109350,53,236502
3507,0.001845,172.217.27.0-255,4320,113670,53,236502
3508,0.001848,172.31.46.0-255,66,113736,53,236502
3509,0.001865,172.31.46.0-255,66,113802,53,236502
3510,0.00189,172.31.46.0-255,66,113868,53,236502
3511,0.001913,172.217.27.0-255,1484,115352,53,236502
3512,0.001925,172.217.27.0-255,2902,118254,53,236502
3513,0.001928,172.31.46.0-255,66,118320,53,236502
3514,0.00196,172.217.27.0-255,5738,124058,53,236502
3515,0.001963,172.31.46.0-255,66,124124,53,236502
3516,0.00197,172.217.27.0-255,5738,129862,53,236502
3517,0.001972,172.31.46.0-255,66,129928,53,236502
3518,0.001975,172.217.27.0-255,1484,131412,53,236502
3519,0.002004,172.217.27.0-255,4320,135732,53,236502
3520,0.002006,172.31.46.0-255,66,135798,53,236502
3521,0.002017,172.31.46.0-255,66,135864,53,236502
3522,0.002025,172.217.27.0-255,1484,137348,53,236502
3523,0.002029,172.217.27.0-255,2184,139532,53,236502
3524,0.002031,172.31.46.0-255,66,139598,53,236502
3525,0.002103,172.217.27.0-255,1484,141082,53,236502
3526,0.00212,172.217.27.0-255,2902,143984,53,236502
3527,0.002123,172.31.46.0-255,66,144050,53,236502
3528,0.002129,172.217.27.0-255,5738,149788,53,236502
3529,0.002132,172.31.46.0-255,66,149854,53,236502
3530,0.002149,172.217.27.0-255,5738,155592,53,236502
3531,0.002152,172.31.46.0-255,66,155658,53,236502
3532,0.002165,172.217.27.0-255,1484,157142,53,236502
3533,0.00218,172.31.46.0-255,66,157208,53,236502
3534,0.002186,172.217.27.0-255,4320,161528,53,236502
3535,0.002188,172.31.46.0-255,66,161594,53,236502
3536,0.002207,172.217.27.0-255,3602,165196,53,236502
3537,0.002214,172.31.46.0-255,66,165262,53,236502
3538,0.002239,172.217.27.0-255,1484,166746,53,236502
3539,0.002255,172.217.27.0-255,2902,169648,53,236502
3540,0.002257,172.31.46.0-255,66,169714,53,236502
3541,0.002264,172.217.27.0-255,5738,175452,53,236502
3542,0.002266,172.31.46.0-255,66,175518,53,236502
3543,0.002313,172.217.27.0-255,5738,181256,53,236502
3544,0.002316,172.31.46.0-255,66,181322,53,236502
3545,0.002345,172.217.27.0-255,7156,188478,53,236502
3546,0.002348,172.31.46.0-255,66,188544,53,236502
3547,0.002417,172.31.46.0-255,66,188610,53,236502
3548,0.00242,172.217.27.0-255,1484,190094,53,236502
3549,0.002424,172.217.27.0-255,2902,192996,53,236502
3550,0.002426,172.31.46.0-255,66,193062,53,236502
3551,0.002432,172.217.27.0-255,4320,197382,53,236502
3552,0.002434,172.31.46.0-255,66,197448,53,236502
3553,0.002459,172.217.27.0-255,1484,198932,53,236502
3554,0.002485,172.217.27.0-255,5738,204670,53,236502
3555,0.002488,172.31.46.0-255,66,204736,53,236502
3556,0.002524,172.217.27.0-255,7156,211892,53,236502
3557,0.002527,172.31.46.0-255,66,211958,53,236502
3558,0.00254,172.31.46.0-255,66,212024,53,236502
3559,0.00255,172.217.27.0-255,5738,217762,53,236502
3560,0.002553,172.31.46.0-255,66,217828,53,236502
3561,0.002581,172.217.27.0-255,5738,223566,53,236502
3562,0.002584,172.31.46.0-255,66,223632,53,236502
3563,0.0026,172.217.27.0-255,4320,227952,53,236502
3564,0.002602,172.31.46.0-255,66,228018,53,236502
3565,0.002643,172.31.46.0-255,66,228084,53,236502
3566,0.002678,172.217.27.0-255,2448,230532,53,236502
3567,0.00268,172.217.27.0-255,105,230637,53,236502
3568,0.008335,172.31.46.0-255,66,230703,53,236502
3569,0.0097,172.31.46.0-255,101,230804,53,236502
3570,0.009936,172.217.27.0-255,105,230909,53,236502
3571,0.009944,172.31.46.0-255,78,230987,53,236502
3572,0.010674,172.31.46.0-255,105,231092,53,236502
3573,0.011306,172.217.27.0-255,66,231158,53,236502
3574,0.012271,172.217.27.0-255,66,231224,53,236502
3575,0.03714,172.31.46.0-255,172,231396,53,236502
3576,0.037175,172.31.46.0-255,1112,232508,53,236502
3577,0.037247,172.31.46.0-255,1514,234022,53,236502
3578,0.037249,172.31.46.0-255,1514,235536,53,236502
3579,0.03727,172.31.46.0-255,702,236238,53,236502
3580,0.038713,104.244.42.0-255,66,236304,53,236502
3581,0.038768,104.244.42.0-255,66,236370,53,236502
3582,0.038833,104.244.42.0-255,66,236436,53,236502
3583,0.038846,104.244.42.0-255,66,236502,53,236502
3584,0.0,74.125.68.0-255,152,152,53,349080
3585,1.8e-05,172.31.46.0-255,66,218,53,349080
3586,3.4e-05,74.125.68.0-255,1484,1702,53,349080
3587,3.9e-05,172.31.46.0-255,66,1768,53,349080
3588,4.4e-05,74.125.68.0-255,2902,4670,53,349080
3589,4.7e-05,172.31.46.0-255,66,4736,53,349080
3590,5e-05,74.125.68.0-255,1484,6220,53,349080
3591,5.2e-05,172.31.46.0-255,66,6286,53,349080
3592,7.5e-05,74.125.68.0-255,4320,10606,53,349080
3593,7.8e-05,172.31.46.0-255,66,10672,53,349080
3594,9.7e-05,74.125.68.0-255,1484,12156,53,349080
3595,9.8e-05,172.31.46.0-255,66,12222,53,349080
3596,0.000118,74.125.68.0-255,2099,14321,53,349080
3597,0.00012,172.31.46.0-255,66,14387,53,349080
3598,0.001553,74.125.68.0-255,1484,15871,53,349080
3599,0.001559,172.31.46.0-255,66,15937,53,349080
3600,0.001568,74.125.68.0-255,2902,18839,53,349080
3601,0.00157,172.31.46.0-255,66,18905,53,349080
3602,0.001576,74.125.68.0-255,2902,21807,53,349080
3603,0.001577,172.31.46.0-255,66,21873,53,349080
3604,0.001603,74.125.68.0-255,2902,24775,53,349080
3605,0.001605,172.31.46.0-255,66,24841,53,349080
3606,0.001612,74.125.68.0-255,6797,31638,53,349080
3607,0.001614,172.31.46.0-255,66,31704,53,349080
3608,0.001634,74.125.68.0-255,1484,33188,53,349080
3609,0.001637,172.31.46.0-255,66,33254,53,349080
3610,0.001683,74.125.68.0-255,2902,36156,53,349080
3611,0.001687,172.31.46.0-255,66,36222,53,349080
3612,0.001692,74.125.68.0-255,4320,40542,53,349080
3613,0.001694,172.31.46.0-255,66,40608,53,349080
3614,0.001698,74.125.68.0-255,2902,43510,53,349080
3615,0.0017,172.31.46.0-255,66,43576,53,349080
3616,0.001724,74.125.68.0-255,2902,46478,53,349080
3617,0.001736,74.125.68.0-255,2902,49380,53,349080
3618,0.001756,74.125.68.0-255,1484,50864,53,349080
3619,0.001759,172.31.46.0-255,66,50930,53,349080
3620,0.001768,74.125.68.0-255,2902,53832,53,349080
3621,0.001781,74.125.68.0-255,1484,55316,53,349080
3622,0.001797,74.125.68.0-255,7156,62472,53,349080
3623,0.001801,74.125.68.0-255,2902,65374,53,349080
3624,0.001835,74.125.68.0-255,766,66140,53,349080
3625,0.001842,172.31.46.0-255,66,66206,53,349080
3626,0.003838,74.125.68.0-255,5738,71944,53,349080
3627,0.003844,172.31.46.0-255,66,72010,53,349080
3628,0.005849,74.125.68.0-255,5738,77748,53,349080
3629,0.005857,172.31.46.0-255,66,77814,53,349080
3630,0.007869,74.125.68.0-255,5738,83552,53,349080
3631,0.007876,172.31.46.0-255,66,83618,53,349080
3632,0.009882,74.125.68.0-255,5738,89356,53,349080
3633,0.00989,172.31.46.0-255,66,89422,53,349080
3634,0.01189,74.125.68.0-255,5738,95160,53,349080
3635,0.011902,172.31.46.0-255,66,95226,53,349080
3636,0.013909,74.125.68.0-255,5738,100964,53,349080
3637,0.013918,172.31.46.0-255,66,101030,53,349080
3638,0.015925,74.125.68.0-255,5738,106768,53,349080
3639,0.015933,172.31.46.0-255,66,106834,53,349080
3640,0.017935,74.125.68.0-255,5738,112572,53,349080
3641,0.017941,172.31.46.0-255,66,112638,53,349080
3642,0.019203,172.31.46.0-255,167,112805,53,349080
3643,0.01923,172.31.46.0-255,1112,113917,53,349080
3644,0.019281,172.31.46.0-255,1514,115431,53,349080
3645,0.019282,172.31.46.0-255,1291,116722,53,349080
3646,0.019934,74.125.68.0-255,5738,122460,53,349080
3647,0.01994,172.31.46.0-255,66,122526,53,349080
3648,0.020747,104.244.42.0-255,66,122592,53,349080
3649,0.020786,104.244.42.0-255,66,122658,53,349080
3650,0.020841,104.244.42.0-255,66,122724,53,349080
3651,0.02201,74.125.68.0-255,5738,128462,53,349080
3652,0.022018,172.31.46.0-255,66,128528,53,349080
3653,0.024029,74.125.68.0-255,5738,134266,53,349080
3654,0.024034,172.31.46.0-255,66,134332,53,349080
3655,0.026039,74.125.68.0-255,5738,140070,53,349080
3656,0.026046,172.31.46.0-255,66,140136,53,349080
3657,0.028068,74.125.68.0-255,5738,145874,53,349080
3658,0.028075,172.31.46.0-255,66,145940,53,349080
3659,0.030115,74.125.68.0-255,5738,151678,53,349080
3660,0.030122,172.31.46.0-255,66,151744,53,349080
3661,0.032169,74.125.68.0-255,5738,157482,53,349080
3662,0.032177,172.31.46.0-255,66,157548,53,349080
3663,0.034173,74.125.68.0-255,5738,163286,53,349080
3664,0.03418,172.31.46.0-255,66,163352,53,349080
3665,0.036192,74.125.68.0-255,5738,169090,53,349080
3666,0.036198,172.31.46.0-255,66,169156,53,349080
3667,0.038212,74.125.68.0-255,5738,174894,53,349080
3668,0.038221,172.31.46.0-255,66,174960,53,349080
3669,0.040228,74.125.68.0-255,5738,180698,53,349080
3670,0.040233,172.31.46.0-255,66,180764,53,349080
3671,0.042239,74.125.68.0-255,5738,186502,53,349080
3672,0.042245,172.31.46.0-255,66,186568,53,349080
3673,0.044255,74.125.68.0-255,5738,192306,53,349080
3674,0.044261,172.31.46.0-255,66,192372,53,349080
3675,0.046277,74.125.68.0-255,5738,198110,53,349080
3676,0.046284,172.31.46.0-255,66,198176,53,349080
3677,0.048295,74.125.68.0-255,5738,203914,53,349080
3678,0.048301,172.31.46.0-255,66,203980,53,349080
3679,0.050313,74.125.68.0-255,5738,209718,53,349080
3680,0.05032,172.31.46.0-255,66,209784,53,349080
3681,0.052347,74.125.68.0-255,5738,215522,53,349080
3682,0.052354,172.31.46.0-255,66,215588,53,349080
3683,0.054373,74.125.68.0-255,5738,221326,53,349080
3684,0.054381,172.31.46.0-255,66,221392,53,349080
3685,0.056385,74.125.68.0-255,5738,227130,53,349080
3686,0.056391,172.31.46.0-255,66,227196,53,349080
3687,0.058405,74.125.68.0-255,5738,232934,53,349080
3688,0.058412,172.31.46.0-255,66,233000,53,349080
3689,0.060428,74.125.68.0-255,5738,238738,53,349080
3690,0.060435,172.31.46.0-255,66,238804,53,349080
3691,0.062445,74.125.68.0-255,5738,244542,53,349080
3692,0.062451,172.31.46.0-255,66,244608,53,349080
3693,0.064461,74.125.68.0-255,5738,250346,53,349080
3694,0.064468,172.31.46.0-255,66,250412,53,349080
3695,0.066464,74.125.68.0-255,5738,256150,53,349080
3696,0.06647,172.31.46.0-255,66,256216,53,349080
3697,0.068486,74.125.68.0-255,5738,261954,53,349080
3698,0.068516,172.31.46.0-255,66,262020,53,349080
3699,0.070533,74.125.68.0-255,5738,267758,53,349080
3700,0.070541,172.31.46.0-255,66,267824,53,349080
3701,0.07255,74.125.68.0-255,5738,273562,53,349080
3702,0.072556,172.31.46.0-255,66,273628,53,349080
3703,0.07461,74.125.68.0-255,5738,279366,53,349080
3704,0.074616,172.31.46.0-255,66,279432,53,349080
3705,0.076639,74.125.68.0-255,5738,285170,53,349080
3706,0.076648,172.31.46.0-255,66,285236,53,349080
3707,0.078647,74.125.68.0-255,5738,290974,53,349080
3708,0.078652,172.31.46.0-255,66,291040,53,349080
3709,0.080654,74.125.68.0-255,5738,296778,53,349080
3710,0.080659,172.31.46.0-255,66,296844,53,349080
3711,0.08267,74.125.68.0-255,5738,302582,53,349080
3712,0.082676,172.31.46.0-255,66,302648,53,349080
3713,0.084684,74.125.68.0-255,5738,308386,53,349080
3714,0.084689,172.31.46.0-255,66,308452,53,349080
3715,0.086689,74.125.68.0-255,5738,314190,53,349080
3716,0.086694,172.31.46.0-255,66,314256,53,349080
3717,0.0887,74.125.68.0-255,5738,319994,53,349080
3718,0.088708,172.31.46.0-255,66,320060,53,349080
3719,0.090722,74.125.68.0-255,5738,325798,53,349080
3720,0.090729,172.31.46.0-255,66,325864,53,349080
3721,0.092739,74.125.68.0-255,5738,331602,53,349080
3722,0.092746,172.31.46.0-255,66,331668,53,349080
3723,0.094768,74.125.68.0-255,5738,337406,53,349080
3724,0.094775,172.31.46.0-255,66,337472,53,349080
3725,0.096791,74.125.68.0-255,5738,343210,53,349080
3726,0.096798,172.31.46.0-255,66,343276,53,349080
3727,0.098842,74.125.68.0-255,5738,349014,53,349080
3728,0.098848,172.31.46.0-255,66,349080,53,349080
3729,0.0,172.217.194.0-255,150,150,53,139716
3730,1.6e-05,172.31.46.0-255,66,216,53,139716
3731,2.2e-05,172.217.194.0-255,1484,1700,53,139716
3732,2.6e-05,172.31.46.0-255,66,1766,53,139716
3733,3.1e-05,172.217.194.0-255,2902,4668,53,139716
3734,4e-05,172.31.46.0-255,66,4734,53,139716
3735,4.7e-05,172.217.194.0-255,7156,11890,53,139716
3736,5e-05,172.31.46.0-255,66,11956,53,139716
3737,5.3e-05,172.217.194.0-255,2010,13966,53,139716
3738,5.6e-05,172.31.46.0-255,66,14032,53,139716
3739,0.000109,172.31.46.0-255,66,14098,53,139716
3740,0.000114,172.217.194.0-255,5379,19477,53,139716
3741,0.000116,172.31.46.0-255,66,19543,53,139716
3742,0.000155,172.217.194.0-255,1484,21027,53,139716
3743,0.000157,172.31.46.0-255,66,21093,53,139716
3744,0.00018,172.217.194.0-255,2902,23995,53,139716
3745,0.000181,172.31.46.0-255,66,24061,53,139716
3746,0.000187,172.217.194.0-255,5738,29799,53,139716
3747,0.000189,172.31.46.0-255,66,29865,53,139716
3748,0.000224,172.31.46.0-255,66,29931,53,139716
3749,0.000233,172.31.46.0-255,66,29997,53,139716
3750,0.000266,172.217.194.0-255,6797,36794,53,139716
3751,0.000268,172.31.46.0-255,66,36860,53,139716
3752,0.000271,172.217.194.0-255,379,37239,53,139716
3753,0.000272,172.31.46.0-255,66,37305,53,139716
3754,0.000275,172.217.194.0-255,99,37404,53,139716
3755,0.000277,172.31.46.0-255,66,37470,53,139716
3756,0.000339,172.217.194.0-255,363,37833,53,139716
3757,0.000342,172.31.46.0-255,66,37899,53,139716
3758,0.000622,172.217.194.0-255,1484,39383,53,139716
3759,0.000628,172.217.194.0-255,2902,42285,53,139716
3760,0.000631,172.31.46.0-255,66,42351,53,139716
3761,0.000634,172.217.194.0-255,1484,43835,53,139716
3762,0.000662,172.217.194.0-255,4320,48155,53,139716
3763,0.000664,172.31.46.0-255,66,48221,53,139716
3764,0.000673,172.31.46.0-255,66,48287,53,139716
3765,0.000745,172.217.194.0-255,4320,52607,53,139716
3766,0.000748,172.31.46.0-255,66,52673,53,139716
3767,0.000782,172.31.46.0-255,66,52739,53,139716
3768,0.000797,172.31.46.0-255,66,52805,53,139716
3769,0.000808,172.31.46.0-255,66,52871,53,139716
3770,0.000814,172.217.194.0-255,6438,59309,53,139716
3771,0.000816,172.31.46.0-255,66,59375,53,139716
3772,0.000853,172.217.194.0-255,7156,66531,53,139716
3773,0.000856,172.31.46.0-255,66,66597,53,139716
3774,0.000898,172.31.46.0-255,66,66663,53,139716
3775,0.000915,172.31.46.0-255,66,66729,53,139716
3776,0.001528,172.217.194.0-255,1484,68213,53,139716
3777,0.001534,172.217.194.0-255,2902,71115,53,139716
3778,0.001537,172.31.46.0-255,66,71181,53,139716
3779,0.001545,172.217.194.0-255,5738,76919,53,139716
3780,0.001547,172.31.46.0-255,66,76985,53,139716
3781,0.001595,172.31.46.0-255,66,77051,53,139716
3782,0.001611,172.31.46.0-255,66,77117,53,139716
3783,0.00164,172.217.194.0-255,2184,79301,53,139716
3784,0.001644,172.31.46.0-255,66,79367,53,139716
3785,0.00167,172.217.194.0-255,2902,82269,53,139716
3786,0.001672,172.31.46.0-255,66,82335,53,139716
3787,0.00168,172.217.194.0-255,7156,89491,53,139716
3788,0.001682,172.31.46.0-255,66,89557,53,139716
3789,0.001694,172.217.194.0-255,7156,96713,53,139716
3790,0.001696,172.31.46.0-255,66,96779,53,139716
3791,0.001738,172.31.46.0-255,66,96845,53,139716
3792,0.001741,172.217.194.0-255,766,97611,53,139716
3793,0.001797,172.217.194.0-255,1484,99095,53,139716
3794,0.001801,172.31.46.0-255,66,99161,53,139716
3795,0.001826,172.217.194.0-255,2902,102063,53,139716
3796,0.001828,172.31.46.0-255,66,102129,53,139716
3797,0.001835,172.217.194.0-255,5738,107867,53,139716
3798,0.001836,172.31.46.0-255,66,107933,53,139716
3799,0.001844,172.217.194.0-255,1484,109417,53,139716
3800,0.001878,172.31.46.0-255,66,109483,53,139716
3801,0.001917,172.31.46.0-255,66,109549,53,139716
3802,0.001941,172.217.194.0-255,1484,111033,53,139716
3803,0.001945,172.217.194.0-255,2902,113935,53,139716
3804,0.001948,172.31.46.0-255,66,114001,53,139716
3805,0.001955,172.217.194.0-255,5738,119739,53,139716
3806,0.001958,172.31.46.0-255,66,119805,53,139716
3807,0.002037,172.31.46.0-255,66,119871,53,139716
3808,0.002048,172.31.46.0-255,66,119937,53,139716
3809,0.002098,172.217.194.0-255,3602,123539,53,139716
3810,0.002128,172.31.46.0-255,66,123605,53,139716
3811,0.002172,172.31.46.0-255,66,123671,53,139716
3812,0.002201,172.217.194.0-255,4320,127991,53,139716
3813,0.002211,172.31.46.0-255,66,128057,53,139716
3814,0.002237,172.217.194.0-255,1484,129541,53,139716
3815,0.00224,172.217.194.0-255,1410,130951,53,139716
3816,0.002244,172.217.194.0-255,97,131048,53,139716
3817,0.002256,172.31.46.0-255,66,131114,53,139716
3818,0.002266,172.217.194.0-255,105,131219,53,139716
3819,0.004229,172.31.46.0-255,66,131285,53,139716
3820,0.004268,172.31.46.0-255,105,131390,53,139716
3821,0.006363,172.217.194.0-255,66,131456,53,139716
3822,0.031644,172.31.46.0-255,172,131628,53,139716
3823,0.03168,172.31.46.0-255,1113,132741,53,139716
3824,0.031745,172.31.46.0-255,1514,134255,53,139716
3825,0.031747,172.31.46.0-255,1514,135769,53,139716
3826,0.031753,172.31.46.0-255,1514,137283,53,139716
3827,0.031754,172.31.46.0-255,1514,138797,53,139716
3828,0.031771,172.31.46.0-255,481,139278,53,139716
3829,0.033179,104.244.42.0-255,66,139344,53,139716
3830,0.033231,104.244.42.0-255,66,139410,53,139716
3831,0.033324,104.244.42.0-255,66,139476,53,139716
3832,0.033328,104.244.42.0-255,66,139542,53,139716
3833,0.033983,104.244.42.0-255,108,139650,53,139716
3834,0.033992,172.31.46.0-255,66,139716,53,139716
3835,0.0,172.217.194.0-255,152,152,53,208244
3836,1.7e-05,172.31.46.0-255,66,218,53,208244
3837,2.5e-05,172.217.194.0-255,1484,1702,53,208244
3838,3e-05,172.31.46.0-255,66,1768,53,208244
3839,4.2e-05,172.217.194.0-255,2902,4670,53,208244
3840,4.5e-05,172.31.46.0-255,66,4736,53,208244
3841,5.3e-05,172.217.194.0-255,5738,10474,53,208244
3842,5.5e-05,172.31.46.0-255,66,10540,53,208244
3843,9.6e-05,172.31.46.0-255,66,10606,53,208244
3844,0.00012,172.217.194.0-255,2073,12679,53,208244
3845,0.000122,172.31.46.0-255,66,12745,53,208244
3846,0.000126,172.217.194.0-255,1484,14229,53,208244
3847,0.000128,172.31.46.0-255,66,14295,53,208244
3848,0.000134,172.217.194.0-255,5379,19674,53,208244
3849,0.000137,172.31.46.0-255,66,19740,53,208244
3850,0.000298,172.217.194.0-255,1484,21224,53,208244
3851,0.000302,172.31.46.0-255,66,21290,53,208244
3852,0.000308,172.217.194.0-255,2902,24192,53,208244
3853,0.000311,172.31.46.0-255,66,24258,53,208244
3854,0.000337,172.217.194.0-255,5738,29996,53,208244
3855,0.00034,172.31.46.0-255,66,30062,53,208244
3856,0.000371,172.217.194.0-255,6797,36859,53,208244
3857,0.000373,172.31.46.0-255,66,36925,53,208244
3858,0.000403,172.217.194.0-255,7156,44081,53,208244
3859,0.000406,172.31.46.0-255,66,44147,53,208244
3860,0.000411,172.217.194.0-255,4320,48467,53,208244
3861,0.000414,172.31.46.0-255,66,48533,53,208244
3862,0.000439,172.217.194.0-255,4320,52853,53,208244
3863,0.000442,172.31.46.0-255,66,52919,53,208244
3864,0.000445,172.217.194.0-255,1413,54332,53,208244
3865,0.000447,172.31.46.0-255,66,54398,53,208244
3866,0.000511,172.217.194.0-255,98,54496,53,208244
3867,0.000625,172.217.194.0-255,1484,55980,53,208244
3868,0.00063,172.31.46.0-255,66,56046,53,208244
3869,0.000636,172.217.194.0-255,2902,58948,53,208244
3870,0.000638,172.31.46.0-255,66,59014,53,208244
3871,0.000641,172.217.194.0-255,1484,60498,53,208244
3872,0.000674,172.217.194.0-255,4320,64818,53,208244
3873,0.000677,172.31.46.0-255,66,64884,53,208244
3874,0.000707,172.217.194.0-255,7156,72040,53,208244
3875,0.00071,172.31.46.0-255,66,72106,53,208244
3876,0.000739,172.217.194.0-255,6797,78903,53,208244
3877,0.000742,172.31.46.0-255,66,78969,53,208244
3878,0.000754,172.31.46.0-255,66,79035,53,208244
3879,0.000782,172.217.194.0-255,4320,83355,53,208244
3880,0.000785,172.31.46.0-255,66,83421,53,208244
3881,0.000799,172.31.46.0-255,66,83487,53,208244
3882,0.00084,172.217.194.0-255,1484,84971,53,208244
3883,0.000849,172.217.194.0-255,2902,87873,53,208244
3884,0.000851,172.31.46.0-255,66,87939,53,208244
3885,0.000857,172.217.194.0-255,5738,93677,53,208244
3886,0.00086,172.31.46.0-255,66,93743,53,208244
3887,0.000867,172.217.194.0-255,5738,99481,53,208244
3888,0.000869,172.31.46.0-255,66,99547,53,208244
3889,0.000872,172.217.194.0-255,1125,100672,53,208244
3890,0.000955,172.217.194.0-255,1484,102156,53,208244
3891,0.000959,172.31.46.0-255,66,102222,53,208244
3892,0.000963,172.217.194.0-255,1484,103706,53,208244
3893,0.000983,172.217.194.0-255,1484,105190,53,208244
3894,0.000985,172.31.46.0-255,66,105256,53,208244
3895,0.000992,172.217.194.0-255,5738,110994,53,208244
3896,0.000994,172.31.46.0-255,66,111060,53,208244
3897,0.000997,172.217.194.0-255,1484,112544,53,208244
3898,0.001053,172.217.194.0-255,4320,116864,53,208244
3899,0.001058,172.31.46.0-255,66,116930,53,208244
3900,0.001065,172.217.194.0-255,7156,124086,53,208244
3901,0.001068,172.31.46.0-255,66,124152,53,208244
3902,0.00108,172.31.46.0-255,66,124218,53,208244
3903,0.001152,172.217.194.0-255,1484,125702,53,208244
3904,0.001158,172.217.194.0-255,2902,128604,53,208244
3905,0.001161,172.31.46.0-255,66,128670,53,208244
3906,0.00119,172.217.194.0-255,5738,134408,53,208244
3907,0.001193,172.31.46.0-255,66,134474,53,208244
3908,0.001199,172.217.194.0-255,5738,140212,53,208244
3909,0.001201,172.31.46.0-255,66,140278,53,208244
3910,0.001231,172.217.194.0-255,7156,147434,53,208244
3911,0.001234,172.31.46.0-255,66,147500,53,208244
3912,0.001262,172.31.46.0-255,66,147566,53,208244
3913,0.001292,172.31.46.0-255,66,147632,53,208244
3914,0.001306,172.31.46.0-255,66,147698,53,208244
3915,0.001344,172.31.46.0-255,66,147764,53,208244
3916,0.00143,172.217.194.0-255,1484,149248,53,208244
3917,0.001436,172.217.194.0-255,2902,152150,53,208244
3918,0.001439,172.31.46.0-255,66,152216,53,208244
3919,0.001469,172.217.194.0-255,5738,157954,53,208244
3920,0.001473,172.31.46.0-255,66,158020,53,208244
3921,0.001479,172.217.194.0-255,5738,163758,53,208244
3922,0.001482,172.31.46.0-255,66,163824,53,208244
3923,0.001496,172.217.194.0-255,4320,168144,53,208244
3924,0.001499,172.31.46.0-255,66,168210,53,208244
3925,0.001539,172.31.46.0-255,66,168276,53,208244
3926,0.001545,172.217.194.0-255,5020,173296,53,208244
3927,0.001548,172.31.46.0-255,66,173362,53,208244
3928,0.001581,172.217.194.0-255,1484,174846,53,208244
3929,0.0016,172.217.194.0-255,2902,177748,53,208244
3930,0.001603,172.31.46.0-255,66,177814,53,208244
3931,0.001609,172.217.194.0-255,5738,183552,53,208244
3932,0.001612,172.31.46.0-255,66,183618,53,208244
3933,0.001622,172.217.194.0-255,4320,187938,53,208244
3934,0.001624,172.31.46.0-255,66,188004,53,208244
3935,0.001656,172.217.194.0-255,2902,190906,53,208244
3936,0.001658,172.31.46.0-255,66,190972,53,208244
3937,0.001674,172.31.46.0-255,66,191038,53,208244
3938,0.001686,172.31.46.0-255,66,191104,53,208244
3939,0.001785,172.31.46.0-255,66,191170,53,208244
3940,0.001802,172.31.46.0-255,66,191236,53,208244
3941,0.001818,172.31.46.0-255,66,191302,53,208244
3942,0.001865,172.31.46.0-255,66,191368,53,208244
3943,0.001873,172.217.194.0-255,7156,198524,53,208244
3944,0.001875,172.31.46.0-255,66,198590,53,208244
3945,0.001924,172.31.46.0-255,66,198656,53,208244
3946,0.001936,172.31.46.0-255,66,198722,53,208244
3947,0.001939,172.217.194.0-255,105,198827,53,208244
3948,0.00751,172.31.46.0-255,66,198893,53,208244
3949,0.007544,172.31.46.0-255,105,198998,53,208244
3950,0.009803,172.217.194.0-255,66,199064,53,208244
3951,0.031624,172.31.46.0-255,188,199252,53,208244
3952,0.031659,172.31.46.0-255,953,200205,53,208244
3953,0.031726,172.31.46.0-255,1514,201719,53,208244
3954,0.031727,172.31.46.0-255,1514,203233,53,208244
3955,0.031732,172.31.46.0-255,1514,204747,53,208244
3956,0.031733,172.31.46.0-255,1514,206261,53,208244
3957,0.031752,172.31.46.0-255,1514,207775,53,208244
3958,0.031753,172.31.46.0-255,205,207980,53,208244
3959,0.033148,104.244.42.0-255,66,208046,53,208244
3960,0.033176,104.244.42.0-255,66,208112,53,208244
3961,0.03328,104.244.42.0-255,66,208178,53,208244
3962,0.033286,104.244.42.0-255,66,208244,53,208244
3963,0.0,74.125.24.0-255,152,152,53,289788
3964,1.3e-05,172.31.46.0-255,66,218,53,289788
3965,1.8e-05,74.125.24.0-255,1484,1702,53,289788
3966,2.1e-05,172.31.46.0-255,66,1768,53,289788
3967,3.4e-05,74.125.24.0-255,2902,4670,53,289788
3968,3.7e-05,172.31.46.0-255,66,4736,53,289788
3969,4.4e-05,74.125.24.0-255,5738,10474,53,289788
3970,4.7e-05,172.31.46.0-255,66,10540,53,289788
3971,7.9e-05,74.125.24.0-255,1484,12024,53,289788
3972,8.2e-05,172.31.46.0-255,66,12090,53,289788
3973,8.6e-05,74.125.24.0-255,1937,14027,53,289788
3974,8.8e-05,172.31.46.0-255,66,14093,53,289788
3975,0.000125,74.125.24.0-255,1484,15577,53,289788
3976,0.000128,172.31.46.0-255,66,15643,53,289788
3977,0.000132,74.125.24.0-255,2902,18545,53,289788
3978,0.000134,172.31.46.0-255,66,18611,53,289788
3979,0.000136,74.125.24.0-255,1484,20095,53,289788
3980,0.000138,172.31.46.0-255,66,20161,53,289788
3981,0.000171,74.125.24.0-255,4320,24481,53,289788
3982,0.000173,172.31.46.0-255,66,24547,53,289788
3983,0.00018,74.125.24.0-255,6797,31344,53,289788
3984,0.000182,172.31.46.0-255,66,31410,53,289788
3985,0.000221,172.31.46.0-255,66,31476,53,289788
3986,0.000224,74.125.24.0-255,2543,34019,53,289788
3987,0.000226,172.31.46.0-255,66,34085,53,289788
3988,0.000266,74.125.24.0-255,2902,36987,53,289788
3989,0.000268,172.31.46.0-255,66,37053,53,289788
3990,0.000303,172.31.46.0-255,66,37119,53,289788
3991,0.000327,74.125.24.0-255,1505,38624,53,289788
3992,0.00033,172.31.46.0-255,66,38690,53,289788
3993,0.000353,74.125.24.0-255,329,39019,53,289788
3994,0.000905,172.31.46.0-255,66,39085,53,289788
3995,0.000932,74.125.24.0-255,1484,40569,53,289788
3996,0.000937,74.125.24.0-255,2902,43471,53,289788
3997,0.000939,172.31.46.0-255,66,43537,53,289788
3998,0.000946,74.125.24.0-255,5738,49275,53,289788
3999,0.000948,172.31.46.0-255,66,49341,53,289788
4000,0.000993,172.31.46.0-255,66,49407,53,289788
4001,0.001,74.125.24.0-255,7156,56563,53,289788
4002,0.001001,172.31.46.0-255,66,56629,53,289788
4003,0.001028,74.125.24.0-255,3602,60231,53,289788
4004,0.00103,172.31.46.0-255,66,60297,53,289788
4005,0.001767,74.125.24.0-255,1484,61781,53,289788
4006,0.001777,74.125.24.0-255,2902,64683,53,289788
4007,0.00178,172.31.46.0-255,66,64749,53,289788
4008,0.001788,74.125.24.0-255,5738,70487,53,289788
4009,0.00179,172.31.46.0-255,66,70553,53,289788
4010,0.001823,172.31.46.0-255,66,70619,53,289788
4011,0.001867,172.31.46.0-255,66,70685,53,289788
4012,0.004433,74.125.24.0-255,5738,76423,53,289788
4013,0.004438,172.31.46.0-255,66,76489,53,289788
4014,0.00701,74.125.24.0-255,5738,82227,53,289788
4015,0.007016,172.31.46.0-255,66,82293,53,289788
4016,0.009579,74.125.24.0-255,5738,88031,53,289788
4017,0.009587,172.31.46.0-255,66,88097,53,289788
4018,0.012169,74.125.24.0-255,5738,93835,53,289788
4019,0.01218,172.31.46.0-255,66,93901,53,289788
4020,0.014766,74.125.24.0-255,5738,99639,53,289788
4021,0.014778,172.31.46.0-255,66,99705,53,289788
4022,0.01734,74.125.24.0-255,5738,105443,53,289788
4023,0.017347,172.31.46.0-255,66,105509,53,289788
4024,0.01993,74.125.24.0-255,5738,111247,53,289788
4025,0.019937,172.31.46.0-255,66,111313,53,289788
4026,0.022529,74.125.24.0-255,5738,117051,53,289788
4027,0.022538,172.31.46.0-255,66,117117,53,289788
4028,0.025058,172.31.46.0-255,172,117289,53,289788
4029,0.02509,172.31.46.0-255,1111,118400,53,289788
4030,0.02511,74.125.24.0-255,5738,124138,53,289788
4031,0.025116,172.31.46.0-255,66,124204,53,289788
4032,0.025178,172.31.46.0-255,1514,125718,53,289788
4033,0.02518,172.31.46.0-255,1294,127012,53,289788
4034,0.026583,104.244.42.0-255,66,127078,53,289788
4035,0.026621,104.244.42.0-255,66,127144,53,289788
4036,0.026712,104.244.42.0-255,66,127210,53,289788
4037,0.027687,74.125.24.0-255,5738,132948,53,289788
4038,0.027693,172.31.46.0-255,66,133014,53,289788
4039,0.030267,74.125.24.0-255,5738,138752,53,289788
4040,0.030273,172.31.46.0-255,66,138818,53,289788
4041,0.032852,74.125.24.0-255,5738,144556,53,289788
4042,0.032858,172.31.46.0-255,66,144622,53,289788
4043,0.035424,74.125.24.0-255,5738,150360,53,289788
4044,0.03543,172.31.46.0-255,66,150426,53,289788
4045,0.037997,74.125.24.0-255,5738,156164,53,289788
4046,0.038003,172.31.46.0-255,66,156230,53,289788
4047,0.040622,74.125.24.0-255,5738,161968,53,289788
4048,0.040627,172.31.46.0-255,66,162034,53,289788
4049,0.043188,74.125.24.0-255,5738,167772,53,289788
4050,0.043194,172.31.46.0-255,66,167838,53,289788
4051,0.045782,74.125.24.0-255,5738,173576,53,289788
4052,0.045789,172.31.46.0-255,66,173642,53,289788
4053,0.048356,74.125.24.0-255,5738,179380,53,289788
4054,0.048363,172.31.46.0-255,66,179446,53,289788
4055,0.050942,74.125.24.0-255,5738,185184,53,289788
4056,0.050948,172.31.46.0-255,66,185250,53,289788
4057,0.053532,74.125.24.0-255,5738,190988,53,289788
4058,0.053538,172.31.46.0-255,66,191054,53,289788
4059,0.056103,74.125.24.0-255,5738,196792,53,289788
4060,0.056109,172.31.46.0-255,66,196858,53,289788
4061,0.058694,74.125.24.0-255,5738,202596,53,289788
4062,0.058701,172.31.46.0-255,66,202662,53,289788
4063,0.061277,74.125.24.0-255,5738,208400,53,289788
4064,0.061283,172.31.46.0-255,66,208466,53,289788
4065,0.06386,74.125.24.0-255,5738,214204,53,289788
4066,0.063865,172.31.46.0-255,66,214270,53,289788
4067,0.066439,74.125.24.0-255,5738,220008,53,289788
4068,0.066444,172.31.46.0-255,66,220074,53,289788
4069,0.069016,74.125.24.0-255,5738,225812,53,289788
4070,0.069022,172.31.46.0-255,66,225878,53,289788
4071,0.071621,74.125.24.0-255,5738,231616,53,289788
4072,0.071626,172.31.46.0-255,66,231682,53,289788
4073,0.074196,74.125.24.0-255,5738,237420,53,289788
4074,0.074201,172.31.46.0-255,66,237486,53,289788
4075,0.076792,74.125.24.0-255,5738,243224,53,289788
4076,0.076798,172.31.46.0-255,66,243290,53,289788
4077,0.079413,74.125.24.0-255,5738,249028,53,289788
4078,0.079418,172.31.46.0-255,66,249094,53,289788
4079,0.082023,74.125.24.0-255,5738,254832,53,289788
4080,0.082028,172.31.46.0-255,66,254898,53,289788
4081,0.084613,74.125.24.0-255,5738,260636,53,289788
4082,0.08462,172.31.46.0-255,66,260702,53,289788
4083,0.087212,74.125.24.0-255,5738,266440,53,289788
4084,0.087219,172.31.46.0-255,66,266506,53,289788
4085,0.089789,74.125.24.0-255,5738,272244,53,289788
4086,0.089795,172.31.46.0-255,66,272310,53,289788
4087,0.092354,74.125.24.0-255,5738,278048,53,289788
4088,0.092359,172.31.46.0-255,66,278114,53,289788
4089,0.094949,74.125.24.0-255,5738,283852,53,289788
4090,0.094955,172.31.46.0-255,66,283918,53,289788
4091,0.097535,74.125.24.0-255,1484,285402,53,289788
4092,0.097559,74.125.24.0-255,4320,289722,53,289788
4093,0.097563,172.31.46.0-255,66,289788,53,289788
4094,0.0,74.125.130.0-255,153,153,53,273823
4095,2.4e-05,172.31.46.0-255,66,219,53,273823
4096,3.1e-05,74.125.130.0-255,1484,1703,53,273823
4097,3.6e-05,172.31.46.0-255,66,1769,53,273823
4098,3.9e-05,74.125.130.0-255,1484,3253,53,273823
4099,4.3e-05,172.31.46.0-255,66,3319,53,273823
4100,5e-05,74.125.130.0-255,2902,6221,53,273823
4101,5.3e-05,172.31.46.0-255,66,6287,53,273823
4102,5.9e-05,74.125.130.0-255,5738,12025,53,273823
4103,6.2e-05,172.31.46.0-255,66,12091,53,273823
4104,9.7e-05,172.31.46.0-255,66,12157,53,273823
4105,0.000138,74.125.130.0-255,4320,16477,53,273823
4106,0.000141,172.31.46.0-255,66,16543,53,273823
4107,0.000158,74.125.130.0-255,1125,17668,53,273823
4108,0.000161,172.31.46.0-255,66,17734,53,273823
4109,0.000313,74.125.130.0-255,1484,19218,53,273823
4110,0.000318,172.31.46.0-255,66,19284,53,273823
4111,0.000324,74.125.130.0-255,2902,22186,53,273823
4112,0.000327,172.31.46.0-255,66,22252,53,273823
4113,0.00033,74.125.130.0-255,1484,23736,53,273823
4114,0.000332,172.31.46.0-255,66,23802,53,273823
4115,0.000337,74.125.130.0-255,2902,26704,53,273823
4116,0.000339,172.31.46.0-255,66,26770,53,273823
4117,0.000368,74.125.130.0-255,5738,32508,53,273823
4118,0.000371,172.31.46.0-255,66,32574,53,273823
4119,0.000378,74.125.130.0-255,5738,38312,53,273823
4120,0.000381,172.31.46.0-255,66,38378,53,273823
4121,0.000399,74.125.130.0-255,7156,45534,53,273823
4122,0.000402,172.31.46.0-255,66,45600,53,273823
4123,0.000404,74.125.130.0-255,1484,47084,53,273823
4124,0.000406,172.31.46.0-255,66,47150,53,273823
4125,0.000411,74.125.130.0-255,2902,50052,53,273823
4126,0.000471,74.125.130.0-255,2184,52236,53,273823
4127,0.000474,74.125.130.0-255,411,52647,53,273823
4128,0.000479,172.31.46.0-255,66,52713,53,273823
4129,0.000644,74.125.130.0-255,1484,54197,53,273823
4130,0.000662,74.125.130.0-255,1484,55681,53,273823
4131,0.000666,74.125.130.0-255,2902,58583,53,273823
4132,0.000673,172.31.46.0-255,66,58649,53,273823
4133,0.000686,74.125.130.0-255,5738,64387,53,273823
4134,0.000723,74.125.130.0-255,7156,71543,53,273823
4135,0.000742,74.125.130.0-255,2184,73727,53,273823
4136,0.000746,172.31.46.0-255,66,73793,53,273823
4137,0.000751,172.31.46.0-255,66,73859,53,273823
4138,0.000875,74.125.130.0-255,1484,75343,53,273823
4139,0.000903,74.125.130.0-255,2902,78245,53,273823
4140,0.000909,74.125.130.0-255,4320,82565,53,273823
4141,0.000924,172.31.46.0-255,66,82631,53,273823
4142,0.000936,74.125.130.0-255,5738,88369,53,273823
4143,0.000944,172.31.46.0-255,66,88435,53,273823
4144,0.000955,74.125.130.0-255,2902,91337,53,273823
4145,0.000959,74.125.130.0-255,1484,92821,53,273823
4146,0.000972,74.125.130.0-255,2902,95723,53,273823
4147,0.000974,74.125.130.0-255,1484,97207,53,273823
4148,0.001002,74.125.130.0-255,4320,101527,53,273823
4149,0.001005,74.125.130.0-255,2902,104429,53,273823
4150,0.00101,74.125.130.0-255,3602,108031,53,273823
4151,0.001013,172.31.46.0-255,66,108097,53,273823
4152,0.001019,172.31.46.0-255,66,108163,53,273823
4153,0.001313,74.125.130.0-255,1484,109647,53,273823
4154,0.00132,74.125.130.0-255,2902,112549,53,273823
4155,0.001323,172.31.46.0-255,66,112615,53,273823
4156,0.001348,74.125.130.0-255,1484,114099,53,273823
4157,0.00137,74.125.130.0-255,2902,117001,53,273823
4158,0.001383,172.31.46.0-255,66,117067,53,273823
4159,0.001413,74.125.130.0-255,1484,118551,53,273823
4160,0.001427,74.125.130.0-255,2902,121453,53,273823
4161,0.001438,172.31.46.0-255,66,121519,53,273823
4162,0.001449,74.125.130.0-255,5738,127257,53,273823
4163,0.001464,172.31.46.0-255,66,127323,53,273823
4164,0.001499,74.125.130.0-255,4320,131643,53,273823
4165,0.001514,74.125.130.0-255,2184,133827,53,273823
4166,0.001523,172.31.46.0-255,66,133893,53,273823
4167,0.001672,74.125.130.0-255,1484,135377,53,273823
4168,0.001678,74.125.130.0-255,2902,138279,53,273823
4169,0.001684,172.31.46.0-255,66,138345,53,273823
4170,0.001708,74.125.130.0-255,5738,144083,53,273823
4171,0.001714,74.125.130.0-255,4320,148403,53,273823
4172,0.001752,172.31.46.0-255,66,148469,53,273823
4173,0.001795,172.31.46.0-255,66,148535,53,273823
4174,0.001884,74.125.130.0-255,1484,150019,53,273823
4175,0.0019,74.125.130.0-255,2902,152921,53,273823
4176,0.001903,172.31.46.0-255,66,152987,53,273823
4177,0.00192,74.125.130.0-255,4320,157307,53,273823
4178,0.001928,172.31.46.0-255,66,157373,53,273823
4179,0.001952,74.125.130.0-255,1484,158857,53,273823
4180,0.001961,172.31.46.0-255,66,158923,53,273823
4181,0.001972,74.125.130.0-255,4320,163243,53,273823
4182,0.001983,172.31.46.0-255,66,163309,53,273823
4183,0.001991,74.125.130.0-255,7156,170465,53,273823
4184,0.002016,74.125.130.0-255,3602,174067,53,273823
4185,0.002022,172.31.46.0-255,66,174133,53,273823
4186,0.002047,74.125.130.0-255,4320,178453,53,273823
4187,0.002055,172.31.46.0-255,66,178519,53,273823
4188,0.002064,74.125.130.0-255,2902,181421,53,273823
4189,0.002069,74.125.130.0-255,4320,185741,53,273823
4190,0.002081,172.31.46.0-255,66,185807,53,273823
4191,0.002165,74.125.130.0-255,5738,191545,53,273823
4192,0.002192,74.125.130.0-255,5020,196565,53,273823
4193,0.002283,74.125.130.0-255,7156,203721,53,273823
4194,0.011086,172.31.46.0-255,66,203787,53,273823
4195,0.011192,74.125.130.0-255,1484,205271,53,273823
4196,0.013333,74.125.130.0-255,4320,209591,53,273823
4197,0.013341,172.31.46.0-255,66,209657,53,273823
4198,0.015577,74.125.130.0-255,5738,215395,53,273823
4199,0.015586,172.31.46.0-255,66,215461,53,273823
4200,0.01782,74.125.130.0-255,5738,221199,53,273823
4201,0.01783,172.31.46.0-255,66,221265,53,273823
4202,0.020073,74.125.130.0-255,5738,227003,53,273823
4203,0.020084,172.31.46.0-255,66,227069,53,273823
4204,0.022321,74.125.130.0-255,5738,232807,53,273823
4205,0.022329,172.31.46.0-255,66,232873,53,273823
4206,0.024567,74.125.130.0-255,5738,238611,53,273823
4207,0.024577,172.31.46.0-255,66,238677,53,273823
4208,0.026819,74.125.130.0-255,5738,244415,53,273823
4209,0.026827,172.31.46.0-255,66,244481,53,273823
4210,0.029099,74.125.130.0-255,5738,250219,53,273823
4211,0.029107,172.31.46.0-255,66,250285,53,273823
4212,0.031354,74.125.130.0-255,5738,256023,53,273823
4213,0.031364,172.31.46.0-255,66,256089,53,273823
4214,0.033602,74.125.130.0-255,5738,261827,53,273823
4215,0.033611,172.31.46.0-255,66,261893,53,273823
4216,0.035844,74.125.130.0-255,5738,267631,53,273823
4217,0.035852,172.31.46.0-255,66,267697,53,273823
4218,0.037362,172.31.46.0-255,172,267869,53,273823
4219,0.037403,172.31.46.0-255,1107,268976,53,273823
4220,0.037461,172.31.46.0-255,1514,270490,53,273823
4221,0.037463,172.31.46.0-255,1296,271786,53,273823
4222,0.038083,74.125.130.0-255,1602,273388,53,273823
4223,0.038091,172.31.46.0-255,66,273454,53,273823
4224,0.038246,172.31.46.0-255,105,273559,53,273823
4225,0.038945,104.244.42.0-255,66,273625,53,273823
4226,0.038978,104.244.42.0-255,66,273691,53,273823
4227,0.039028,104.244.42.0-255,66,273757,53,273823
4228,0.040437,74.125.130.0-255,66,273823,53,273823
4229,0.0,172.217.194.0-255,149,149,53,172481
4230,2.1e-05,172.31.46.0-255,66,215,53,172481
4231,2.7e-05,172.217.194.0-255,1484,1699,53,172481
4232,3.1e-05,172.31.46.0-255,66,1765,53,172481
4233,3.7e-05,172.217.194.0-255,2902,4667,53,172481
4234,4.7e-05,172.31.46.0-255,66,4733,53,172481
4235,5.4e-05,172.217.194.0-255,7156,11889,53,172481
4236,5.7e-05,172.31.46.0-255,66,11955,53,172481
4237,7.4e-05,172.31.46.0-255,66,12021,53,172481
4238,7.8e-05,172.217.194.0-255,2543,14564,53,172481
4239,8e-05,172.31.46.0-255,66,14630,53,172481
4240,0.000145,172.217.194.0-255,1484,16114,53,172481
4241,0.000148,172.31.46.0-255,66,16180,53,172481
4242,0.000153,172.217.194.0-255,2902,19082,53,172481
4243,0.000155,172.31.46.0-255,66,19148,53,172481
4244,0.00016,172.217.194.0-255,4320,23468,53,172481
4245,0.000162,172.31.46.0-255,66,23534,53,172481
4246,0.000183,172.217.194.0-255,1484,25018,53,172481
4247,0.000185,172.31.46.0-255,66,25084,53,172481
4248,0.000228,172.217.194.0-255,7156,32240,53,172481
4249,0.000231,172.31.46.0-255,66,32306,53,172481
4250,0.000234,172.31.46.0-255,66,32372,53,172481
4251,0.000248,172.217.194.0-255,1484,33856,53,172481
4252,0.00025,172.31.46.0-255,66,33922,53,172481
4253,0.000275,172.217.194.0-255,1746,35668,53,172481
4254,0.000276,172.31.46.0-255,66,35734,53,172481
4255,0.000563,172.217.194.0-255,1484,37218,53,172481
4256,0.000567,172.31.46.0-255,66,37284,53,172481
4257,0.000572,172.217.194.0-255,2902,40186,53,172481
4258,0.000574,172.31.46.0-255,66,40252,53,172481
4259,0.000577,172.217.194.0-255,1484,41736,53,172481
4260,0.000601,172.217.194.0-255,4320,46056,53,172481
4261,0.000603,172.31.46.0-255,66,46122,53,172481
4262,0.000606,172.217.194.0-255,1484,47606,53,172481
4263,0.000628,172.217.194.0-255,7156,54762,53,172481
4264,0.000631,172.31.46.0-255,66,54828,53,172481
4265,0.000671,172.217.194.0-255,4320,59148,53,172481
4266,0.000674,172.31.46.0-255,66,59214,53,172481
4267,0.000692,172.31.46.0-255,66,59280,53,172481
4268,0.000702,172.31.46.0-255,66,59346,53,172481
4269,0.000733,172.217.194.0-255,3961,63307,53,172481
4270,0.000736,172.31.46.0-255,66,63373,53,172481
4271,0.0008,172.31.46.0-255,66,63439,53,172481
4272,0.000812,172.31.46.0-255,66,63505,53,172481
4273,0.000828,172.31.46.0-255,66,63571,53,172481
4274,0.000877,172.31.46.0-255,66,63637,53,172481
4275,0.000884,172.217.194.0-255,6797,70434,53,172481
4276,0.000886,172.31.46.0-255,66,70500,53,172481
4277,0.001489,172.217.194.0-255,1484,71984,53,172481
4278,0.001497,172.217.194.0-255,2902,74886,53,172481
4279,0.001501,172.31.46.0-255,66,74952,53,172481
4280,0.001505,172.217.194.0-255,1484,76436,53,172481
4281,0.001539,172.217.194.0-255,4320,80756,53,172481
4282,0.001542,172.31.46.0-255,66,80822,53,172481
4283,0.001548,172.217.194.0-255,4320,85142,53,172481
4284,0.00155,172.31.46.0-255,66,85208,53,172481
4285,0.001592,172.217.194.0-255,2543,87751,53,172481
4286,0.001595,172.31.46.0-255,66,87817,53,172481
4287,0.002052,172.217.194.0-255,1484,89301,53,172481
4288,0.002079,172.217.194.0-255,2902,92203,53,172481
4289,0.002082,172.31.46.0-255,66,92269,53,172481
4290,0.002088,172.217.194.0-255,4320,96589,53,172481
4291,0.00209,172.31.46.0-255,66,96655,53,172481
4292,0.002096,172.217.194.0-255,4320,100975,53,172481
4293,0.002098,172.31.46.0-255,66,101041,53,172481
4294,0.002141,172.217.194.0-255,4320,105361,53,172481
4295,0.002144,172.31.46.0-255,66,105427,53,172481
4296,0.002164,172.31.46.0-255,66,105493,53,172481
4297,0.002187,172.217.194.0-255,766,106259,53,172481
4298,0.002191,172.217.194.0-255,1484,107743,53,172481
4299,0.002193,172.31.46.0-255,66,107809,53,172481
4300,0.002197,172.217.194.0-255,2902,110711,53,172481
4301,0.002199,172.31.46.0-255,66,110777,53,172481
4302,0.002205,172.217.194.0-255,5738,116515,53,172481
4303,0.002212,172.31.46.0-255,66,116581,53,172481
4304,0.002215,172.217.194.0-255,1484,118065,53,172481
4305,0.002229,172.217.194.0-255,4320,122385,53,172481
4306,0.002232,172.31.46.0-255,66,122451,53,172481
4307,0.002263,172.217.194.0-255,7156,129607,53,172481
4308,0.002265,172.31.46.0-255,66,129673,53,172481
4309,0.00228,172.31.46.0-255,66,129739,53,172481
4310,0.002301,172.31.46.0-255,66,129805,53,172481
4311,0.002313,172.31.46.0-255,66,129871,53,172481
4312,0.002369,172.31.46.0-255,66,129937,53,172481
4313,0.002407,172.217.194.0-255,1484,131421,53,172481
4314,0.002411,172.217.194.0-255,2902,134323,53,172481
4315,0.002414,172.31.46.0-255,66,134389,53,172481
4316,0.002421,172.217.194.0-255,5738,140127,53,172481
4317,0.002423,172.31.46.0-255,66,140193,53,172481
4318,0.002438,172.31.46.0-255,66,140259,53,172481
4319,0.002441,172.217.194.0-255,1484,141743,53,172481
4320,0.002501,172.31.46.0-255,66,141809,53,172481
4321,0.002506,172.217.194.0-255,2184,143993,53,172481
4322,0.002508,172.31.46.0-255,66,144059,53,172481
4323,0.002513,172.217.194.0-255,2902,146961,53,172481
4324,0.002515,172.31.46.0-255,66,147027,53,172481
4325,0.002559,172.217.194.0-255,4320,151347,53,172481
4326,0.002562,172.31.46.0-255,66,151413,53,172481
4327,0.002573,172.31.46.0-255,66,151479,53,172481
4328,0.002593,172.31.46.0-255,66,151545,53,172481
4329,0.002599,172.217.194.0-255,4320,155865,53,172481
4330,0.002601,172.31.46.0-255,66,155931,53,172481
4331,0.002648,172.31.46.0-255,66,155997,53,172481
4332,0.002666,172.31.46.0-255,66,156063,53,172481
4333,0.002668,172.217.194.0-255,1484,157547,53,172481
4334,0.002672,172.217.194.0-255,2184,159731,53,172481
4335,0.002675,172.31.46.0-255,66,159797,53,172481
4336,0.002734,172.217.194.0-255,3183,162980,53,172481
4337,0.002738,172.31.46.0-255,66,163046,53,172481
4338,0.002741,172.217.194.0-255,105,163151,53,172481
4339,0.010517,172.31.46.0-255,66,163217,53,172481
4340,0.010556,172.31.46.0-255,105,163322,53,172481
4341,0.01284,172.217.194.0-255,66,163388,53,172481
4342,0.036455,172.31.46.0-255,167,163555,53,172481
4343,0.036501,172.31.46.0-255,1112,164667,53,172481
4344,0.036567,172.31.46.0-255,1514,166181,53,172481
4345,0.036587,172.31.46.0-255,1514,167695,53,172481
4346,0.036591,172.31.46.0-255,1514,169209,53,172481
4347,0.036608,172.31.46.0-255,1514,170723,53,172481
4348,0.036611,172.31.46.0-255,1494,172217,53,172481
4349,0.038007,104.244.42.0-255,66,172283,53,172481
4350,0.038044,104.244.42.0-255,66,172349,53,172481
4351,0.038158,104.244.42.0-255,66,172415,53,172481
4352,0.038181,104.244.42.0-255,66,172481,53,172481
4353,0.0,74.125.24.0-255,146,146,53,293039
4354,2.7e-05,172.31.46.0-255,66,212,53,293039
4355,3.4e-05,74.125.24.0-255,1484,1696,53,293039
4356,3.9e-05,172.31.46.0-255,66,1762,53,293039
4357,4.8e-05,74.125.24.0-255,1484,3246,53,293039
4358,5.1e-05,172.31.46.0-255,66,3312,53,293039
4359,5.9e-05,74.125.24.0-255,4320,7632,53,293039
4360,7.2e-05,172.31.46.0-255,66,7698,53,293039
4361,8e-05,74.125.24.0-255,6193,13891,53,293039
4362,8.3e-05,172.31.46.0-255,66,13957,53,293039
4363,9.1e-05,74.125.24.0-255,7156,21113,53,293039
4364,9.4e-05,172.31.46.0-255,66,21179,53,293039
4365,0.000116,74.125.24.0-255,2902,24081,53,293039
4366,0.000118,172.31.46.0-255,66,24147,53,293039
4367,0.000154,74.125.24.0-255,6797,30944,53,293039
4368,0.000157,172.31.46.0-255,66,31010,53,293039
4369,0.000184,74.125.24.0-255,1484,32494,53,293039
4370,0.000186,172.31.46.0-255,66,32560,53,293039
4371,0.000191,74.125.24.0-255,2902,35462,53,293039
4372,0.000194,172.31.46.0-255,66,35528,53,293039
4373,0.0002,74.125.24.0-255,5738,41266,53,293039
4374,0.000207,172.31.46.0-255,66,41332,53,293039
4375,0.000219,74.125.24.0-255,2902,44234,53,293039
4376,0.000222,172.31.46.0-255,66,44300,53,293039
4377,0.000252,74.125.24.0-255,3961,48261,53,293039
4378,0.000258,172.31.46.0-255,66,48327,53,293039
4379,0.000431,74.125.24.0-255,1484,49811,53,293039
4380,0.000436,172.31.46.0-255,66,49877,53,293039
4381,0.000442,74.125.24.0-255,2902,52779,53,293039
4382,0.000444,172.31.46.0-255,66,52845,53,293039
4383,0.00045,74.125.24.0-255,5738,58583,53,293039
4384,0.000458,172.31.46.0-255,66,58649,53,293039
4385,0.000507,74.125.24.0-255,6797,65446,53,293039
4386,0.00051,172.31.46.0-255,66,65512,53,293039
4387,0.000555,74.125.24.0-255,1484,66996,53,293039
4388,0.000568,74.125.24.0-255,2902,69898,53,293039
4389,0.000571,172.31.46.0-255,66,69964,53,293039
4390,0.000601,74.125.24.0-255,5738,75702,53,293039
4391,0.000603,172.31.46.0-255,66,75768,53,293039
4392,0.00063,74.125.24.0-255,5738,81506,53,293039
4393,0.000633,172.31.46.0-255,66,81572,53,293039
4394,0.00065,172.31.46.0-255,66,81638,53,293039
4395,0.000674,74.125.24.0-255,4542,86180,53,293039
4396,0.000681,172.31.46.0-255,66,86246,53,293039
4397,0.000855,74.125.24.0-255,1484,87730,53,293039
4398,0.000863,74.125.24.0-255,2902,90632,53,293039
4399,0.000866,172.31.46.0-255,66,90698,53,293039
4400,0.000874,74.125.24.0-255,5738,96436,53,293039
4401,0.000876,172.31.46.0-255,66,96502,53,293039
4402,0.000894,172.31.46.0-255,66,96568,53,293039
4403,0.000918,74.125.24.0-255,4320,100888,53,293039
4404,0.000925,172.31.46.0-255,66,100954,53,293039
4405,0.000938,172.31.46.0-255,66,101020,53,293039
4406,0.00099,74.125.24.0-255,1484,102504,53,293039
4407,0.000994,74.125.24.0-255,1484,103988,53,293039
4408,0.000996,172.31.46.0-255,66,104054,53,293039
4409,0.001019,74.125.24.0-255,1484,105538,53,293039
4410,0.001024,74.125.24.0-255,4320,109858,53,293039
4411,0.001026,172.31.46.0-255,66,109924,53,293039
4412,0.00107,74.125.24.0-255,1484,111408,53,293039
4413,0.001094,74.125.24.0-255,4320,115728,53,293039
4414,0.001097,172.31.46.0-255,66,115794,53,293039
4415,0.00111,172.31.46.0-255,66,115860,53,293039
4416,0.001122,74.125.24.0-255,7156,123016,53,293039
4417,0.001124,172.31.46.0-255,66,123082,53,293039
4418,0.001127,74.125.24.0-255,766,123848,53,293039
4419,0.00115,74.125.24.0-255,1484,125332,53,293039
4420,0.001152,172.31.46.0-255,66,125398,53,293039
4421,0.001177,74.125.24.0-255,4320,129718,53,293039
4422,0.00118,172.31.46.0-255,66,129784,53,293039
4423,0.001221,172.31.46.0-255,66,129850,53,293039
4424,0.001229,74.125.24.0-255,7156,137006,53,293039
4425,0.001231,172.31.46.0-255,66,137072,53,293039
4426,0.00126,74.125.24.0-255,4320,141392,53,293039
4427,0.001262,172.31.46.0-255,66,141458,53,293039
4428,0.001269,74.125.24.0-255,6438,147896,53,293039
4429,0.001272,172.31.46.0-255,66,147962,53,293039
4430,0.001303,74.125.24.0-255,7156,155118,53,293039
4431,0.001306,172.31.46.0-255,66,155184,53,293039
4432,0.001332,74.125.24.0-255,7156,162340,53,293039
4433,0.001335,172.31.46.0-255,66,162406,53,293039
4434,0.001366,74.125.24.0-255,4320,166726,53,293039
4435,0.001369,172.31.46.0-255,66,166792,53,293039
4436,0.001398,74.125.24.0-255,7156,173948,53,293039
4437,0.001401,172.31.46.0-255,66,174014,53,293039
4438,0.001436,172.31.46.0-255,66,174080,53,293039
4439,0.001464,74.125.24.0-255,1484,175564,53,293039
4440,0.001485,74.125.24.0-255,2902,178466,53,293039
4441,0.001488,172.31.46.0-255,66,178532,53,293039
4442,0.001494,74.125.24.0-255,4320,182852,53,293039
4443,0.001496,172.31.46.0-255,66,182918,53,293039
4444,0.001527,74.125.24.0-255,1484,184402,53,293039
4445,0.00154,74.125.24.0-255,7156,191558,53,293039
4446,0.001554,172.31.46.0-255,66,191624,53,293039
4447,0.001557,172.31.46.0-255,66,191690,53,293039
4448,0.001584,74.125.24.0-255,4320,196010,53,293039
4449,0.001591,172.31.46.0-255,66,196076,53,293039
4450,0.001596,74.125.24.0-255,2184,198260,53,293039
4451,0.001598,172.31.46.0-255,66,198326,53,293039
4452,0.0017,74.125.24.0-255,1484,199810,53,293039
4453,0.001706,74.125.24.0-255,2902,202712,53,293039
4454,0.001709,172.31.46.0-255,66,202778,53,293039
4455,0.00174,74.125.24.0-255,1484,204262,53,293039
4456,0.001744,74.125.24.0-255,2902,207164,53,293039
4457,0.001759,74.125.24.0-255,5738,212902,53,293039
4458,0.001771,172.31.46.0-255,66,212968,53,293039
4459,0.001778,74.125.24.0-255,4320,217288,53,293039
4460,0.001793,172.31.46.0-255,66,217354,53,293039
4461,0.001797,74.125.24.0-255,1484,218838,53,293039
4462,0.001805,74.125.24.0-255,7156,225994,53,293039
4463,0.001838,172.31.46.0-255,66,226060,53,293039
4464,0.001881,74.125.24.0-255,4320,230380,53,293039
4465,0.0019,172.31.46.0-255,66,230446,53,293039
4466,0.001905,74.125.24.0-255,2184,232630,53,293039
4467,0.001914,172.31.46.0-255,66,232696,53,293039
4468,0.001941,74.125.24.0-255,7156,239852,53,293039
4469,0.001948,74.125.24.0-255,5738,245590,53,293039
4470,0.001965,74.125.24.0-255,4320,249910,53,293039
4471,0.001972,172.31.46.0-255,66,249976,53,293039
4472,0.002001,74.125.24.0-255,6438,256414,53,293039
4473,0.002054,74.125.24.0-255,7156,263570,53,293039
4474,0.002061,74.125.24.0-255,4320,267890,53,293039
4475,0.002072,172.31.46.0-255,66,267956,53,293039
4476,0.002075,74.125.24.0-255,1484,269440,53,293039
4477,0.002079,74.125.24.0-255,4320,273760,53,293039
4478,0.002092,172.31.46.0-255,66,273826,53,293039
4479,0.002113,74.125.24.0-255,6438,280264,53,293039
4480,0.002124,74.125.24.0-255,7156,287420,53,293039
4481,0.002136,74.125.24.0-255,105,287525,53,293039
4482,0.002163,172.31.46.0-255,66,287591,53,293039
4483,0.010944,172.31.46.0-255,105,287696,53,293039
4484,0.013303,74.125.24.0-255,66,287762,53,293039
4485,0.034107,172.31.46.0-255,171,287933,53,293039
4486,0.034146,172.31.46.0-255,1149,289082,53,293039
4487,0.034208,172.31.46.0-255,1514,290596,53,293039
4488,0.03421,172.31.46.0-255,1514,292110,53,293039
4489,0.034211,172.31.46.0-255,665,292775,53,293039
4490,0.035678,104.244.42.0-255,66,292841,53,293039
4491,0.035706,104.244.42.0-255,66,292907,53,293039
4492,0.035762,104.244.42.0-255,66,292973,53,293039
4493,0.035765,104.244.42.0-255,66,293039,53,293039
4494,0.0,74.125.68.0-255,296,296,53,354785
4495,1.7e-05,172.31.46.0-255,66,362,53,354785
4496,2.3e-05,74.125.68.0-255,1484,1846,53,354785
4497,2.7e-05,172.31.46.0-255,66,1912,53,354785
4498,3.2e-05,74.125.68.0-255,2902,4814,53,354785
4499,3.6e-05,172.31.46.0-255,66,4880,53,354785
4500,7e-05,74.125.68.0-255,5738,10618,53,354785
4501,7.3e-05,172.31.46.0-255,66,10684,53,354785
4502,7.9e-05,74.125.68.0-255,3233,13917,53,354785
4503,8.1e-05,172.31.46.0-255,66,13983,53,354785
4504,0.000158,74.125.68.0-255,1484,15467,53,354785
4505,0.000161,172.31.46.0-255,66,15533,53,354785
4506,0.000181,74.125.68.0-255,2902,18435,53,354785
4507,0.000184,172.31.46.0-255,66,18501,53,354785
4508,0.000216,74.125.68.0-255,5738,24239,53,354785
4509,0.000219,172.31.46.0-255,66,24305,53,354785
4510,0.000239,74.125.68.0-255,1484,25789,53,354785
4511,0.000242,172.31.46.0-255,66,25855,53,354785
4512,0.000276,74.125.68.0-255,5379,31234,53,354785
4513,0.000279,172.31.46.0-255,66,31300,53,354785
4514,0.000368,74.125.68.0-255,1484,32784,53,354785
4515,0.000371,172.31.46.0-255,66,32850,53,354785
4516,0.000375,74.125.68.0-255,1484,34334,53,354785
4517,0.000377,172.31.46.0-255,66,34400,53,354785
4518,0.000391,74.125.68.0-255,1484,35884,53,354785
4519,0.000394,172.31.46.0-255,66,35950,53,354785
4520,0.0004,74.125.68.0-255,5738,41688,53,354785
4521,0.000403,172.31.46.0-255,66,41754,53,354785
4522,0.000438,74.125.68.0-255,6797,48551,53,354785
4523,0.00044,172.31.46.0-255,66,48617,53,354785
4524,0.000499,74.125.68.0-255,7156,55773,53,354785
4525,0.000503,172.31.46.0-255,66,55839,53,354785
4526,0.000602,172.31.46.0-255,66,55905,53,354785
4527,0.000609,74.125.68.0-255,395,56300,53,354785
4528,0.000894,74.125.68.0-255,1484,57784,53,354785
4529,0.000912,74.125.68.0-255,2902,60686,53,354785
4530,0.000916,172.31.46.0-255,66,60752,53,354785
4531,0.000923,74.125.68.0-255,1484,62236,53,354785
4532,0.000929,172.31.46.0-255,66,62302,53,354785
4533,0.000941,74.125.68.0-255,2902,65204,53,354785
4534,0.000948,74.125.68.0-255,4320,69524,53,354785
4535,0.000964,74.125.68.0-255,1484,71008,53,354785
4536,0.000974,172.31.46.0-255,66,71074,53,354785
4537,0.000992,74.125.68.0-255,1484,72558,53,354785
4538,0.001011,74.125.68.0-255,5738,78296,53,354785
4539,0.001034,172.31.46.0-255,66,78362,53,354785
4540,0.001086,74.125.68.0-255,4320,82682,53,354785
4541,0.001091,172.31.46.0-255,66,82748,53,354785
4542,0.001103,74.125.68.0-255,4320,87068,53,354785
4543,0.00113,74.125.68.0-255,3304,90372,53,354785
4544,0.001135,172.31.46.0-255,66,90438,53,354785
4545,0.001344,74.125.68.0-255,1484,91922,53,354785
4546,0.001364,74.125.68.0-255,2902,94824,53,354785
4547,0.001367,172.31.46.0-255,66,94890,53,354785
4548,0.001373,74.125.68.0-255,2902,97792,53,354785
4549,0.001385,74.125.68.0-255,2902,100694,53,354785
4550,0.001404,74.125.68.0-255,2902,103596,53,354785
4551,0.00141,172.31.46.0-255,66,103662,53,354785
4552,0.001431,74.125.68.0-255,4320,107982,53,354785
4553,0.001445,172.31.46.0-255,66,108048,53,354785
4554,0.001478,74.125.68.0-255,5738,113786,53,354785
4555,0.001498,74.125.68.0-255,5738,119524,53,354785
4556,0.001515,172.31.46.0-255,66,119590,53,354785
4557,0.00157,74.125.68.0-255,5738,125328,53,354785
4558,0.001581,172.31.46.0-255,66,125394,53,354785
4559,0.001598,74.125.68.0-255,6438,131832,53,354785
4560,0.001609,172.31.46.0-255,66,131898,53,354785
4561,0.001664,74.125.68.0-255,1484,133382,53,354785
4562,0.001679,74.125.68.0-255,4320,137702,53,354785
4563,0.001715,172.31.46.0-255,66,137768,53,354785
4564,0.00179,74.125.68.0-255,2902,140670,53,354785
4565,0.001794,172.31.46.0-255,66,140736,53,354785
4566,0.001834,172.31.46.0-255,66,140802,53,354785
4567,0.001896,74.125.68.0-255,4320,145122,53,354785
4568,0.001902,172.31.46.0-255,66,145188,53,354785
4569,0.001928,74.125.68.0-255,5738,150926,53,354785
4570,0.001945,172.31.46.0-255,66,150992,53,354785
4571,0.001983,74.125.68.0-255,2902,153894,53,354785
4572,0.00199,172.31.46.0-255,66,153960,53,354785
4573,0.002019,172.31.46.0-255,66,154026,53,354785
4574,0.002089,172.31.46.0-255,66,154092,53,354785
4575,0.002096,74.125.68.0-255,1484,155576,53,354785
4576,0.002144,74.125.68.0-255,766,156342,53,354785
4577,0.002147,172.31.46.0-255,66,156408,53,354785
4578,0.004122,74.125.68.0-255,2902,159310,53,354785
4579,0.004131,172.31.46.0-255,66,159376,53,354785
4580,0.004167,74.125.68.0-255,2902,162278,53,354785
4581,0.006087,172.31.46.0-255,66,162344,53,354785
4582,0.006143,74.125.68.0-255,2902,165246,53,354785
4583,0.006162,172.31.46.0-255,66,165312,53,354785
4584,0.008104,74.125.68.0-255,2902,168214,53,354785
4585,0.008111,172.31.46.0-255,66,168280,53,354785
4586,0.008161,74.125.68.0-255,1484,169764,53,354785
4587,0.008179,74.125.68.0-255,1484,171248,53,354785
4588,0.008192,172.31.46.0-255,66,171314,53,354785
4589,0.01013,74.125.68.0-255,2902,174216,53,354785
4590,0.010139,172.31.46.0-255,66,174282,53,354785
4591,0.010199,74.125.68.0-255,2902,177184,53,354785
4592,0.010219,172.31.46.0-255,66,177250,53,354785
4593,0.01216,74.125.68.0-255,2902,180152,53,354785
4594,0.012168,172.31.46.0-255,66,180218,53,354785
4595,0.012224,74.125.68.0-255,2902,183120,53,354785
4596,0.012594,172.31.46.0-255,66,183186,53,354785
4597,0.014207,74.125.68.0-255,2902,186088,53,354785
4598,0.014218,172.31.46.0-255,66,186154,53,354785
4599,0.014612,74.125.68.0-255,2902,189056,53,354785
4600,0.014617,172.31.46.0-255,66,189122,53,354785
4601,0.016243,74.125.68.0-255,2902,192024,53,354785
4602,0.016253,172.31.46.0-255,66,192090,53,354785
4603,0.016634,74.125.68.0-255,2902,194992,53,354785
4604,0.016641,172.31.46.0-255,66,195058,53,354785
4605,0.018281,74.125.68.0-255,2902,197960,53,354785
4606,0.018294,172.31.46.0-255,66,198026,53,354785
4607,0.018649,74.125.68.0-255,2902,200928,53,354785
4608,0.018655,172.31.46.0-255,66,200994,53,354785
4609,0.020313,74.125.68.0-255,2902,203896,53,354785
4610,0.020319,172.31.46.0-255,66,203962,53,354785
4611,0.02067,74.125.68.0-255,2902,206864,53,354785
4612,0.020678,172.31.46.0-255,66,206930,53,354785
4613,0.02234,74.125.68.0-255,2902,209832,53,354785
4614,0.022351,172.31.46.0-255,66,209898,53,354785
4615,0.022685,74.125.68.0-255,2902,212800,53,354785
4616,0.022691,172.31.46.0-255,66,212866,53,354785
4617,0.024376,74.125.68.0-255,2902,215768,53,354785
4618,0.024386,172.31.46.0-255,66,215834,53,354785
4619,0.024714,74.125.68.0-255,2902,218736,53,354785
4620,0.024721,172.31.46.0-255,66,218802,53,354785
4621,0.026416,74.125.68.0-255,2902,221704,53,354785
4622,0.026427,172.31.46.0-255,66,221770,53,354785
4623,0.026731,74.125.68.0-255,2902,224672,53,354785
4624,0.026737,172.31.46.0-255,66,224738,53,354785
4625,0.028462,74.125.68.0-255,2902,227640,53,354785
4626,0.028471,172.31.46.0-255,66,227706,53,354785
4627,0.028748,74.125.68.0-255,2902,230608,53,354785
4628,0.028755,172.31.46.0-255,66,230674,53,354785
4629,0.030494,74.125.68.0-255,2902,233576,53,354785
4630,0.030502,172.31.46.0-255,66,233642,53,354785
4631,0.030774,74.125.68.0-255,2902,236544,53,354785
4632,0.03078,172.31.46.0-255,66,236610,53,354785
4633,0.03235,172.31.46.0-255,171,236781,53,354785
4634,0.03239,172.31.46.0-255,1107,237888,53,354785
4635,0.03245,172.31.46.0-255,1514,239402,53,354785
4636,0.032452,172.31.46.0-255,1296,240698,53,354785
4637,0.032523,74.125.68.0-255,2902,243600,53,354785
4638,0.03255,172.31.46.0-255,66,243666,53,354785
4639,0.03279,74.125.68.0-255,2902,246568,53,354785
4640,0.032796,172.31.46.0-255,66,246634,53,354785
4641,0.033884,104.244.42.0-255,66,246700,53,354785
4642,0.033921,104.244.42.0-255,66,246766,53,354785
4643,0.034008,104.244.42.0-255,66,246832,53,354785
4644,0.034569,74.125.68.0-255,2902,249734,53,354785
4645,0.034575,172.31.46.0-255,66,249800,53,354785
4646,0.034804,74.125.68.0-255,2902,252702,53,354785
4647,0.03481,172.31.46.0-255,66,252768,53,354785
4648,0.03568,104.244.42.0-255,108,252876,53,354785
4649,0.035689,172.31.46.0-255,66,252942,53,354785
4650,0.036614,74.125.68.0-255,2902,255844,53,354785
4651,0.03662,172.31.46.0-255,66,255910,53,354785
4652,0.036831,74.125.68.0-255,2902,258812,53,354785
4653,0.036837,172.31.46.0-255,66,258878,53,354785
4654,0.038651,74.125.68.0-255,2902,261780,53,354785
4655,0.038658,172.31.46.0-255,66,261846,53,354785
4656,0.038862,74.125.68.0-255,2902,264748,53,354785
4657,0.038868,172.31.46.0-255,66,264814,53,354785
4658,0.04074,74.125.68.0-255,2902,267716,53,354785
4659,0.040749,172.31.46.0-255,66,267782,53,354785
4660,0.040878,74.125.68.0-255,2902,270684,53,354785
4661,0.040884,172.31.46.0-255,66,270750,53,354785
4662,0.042764,74.125.68.0-255,2902,273652,53,354785
4663,0.042771,172.31.46.0-255,66,273718,53,354785
4664,0.042898,74.125.68.0-255,2902,276620,53,354785
4665,0.042903,172.31.46.0-255,66,276686,53,354785
4666,0.044803,74.125.68.0-255,2902,279588,53,354785
4667,0.044812,172.31.46.0-255,66,279654,53,354785
4668,0.044921,74.125.68.0-255,2902,282556,53,354785
4669,0.044927,172.31.46.0-255,66,282622,53,354785
4670,0.046843,74.125.68.0-255,2902,285524,53,354785
4671,0.04685,172.31.46.0-255,66,285590,53,354785
4672,0.046947,74.125.68.0-255,2902,288492,53,354785
4673,0.046969,172.31.46.0-255,66,288558,53,354785
4674,0.048868,74.125.68.0-255,2902,291460,53,354785
4675,0.048879,172.31.46.0-255,66,291526,53,354785
4676,0.048973,74.125.68.0-255,2902,294428,53,354785
4677,0.048997,172.31.46.0-255,66,294494,53,354785
4678,0.050898,74.125.68.0-255,2902,297396,53,354785
4679,0.050908,172.31.46.0-255,66,297462,53,354785
4680,0.051001,74.125.68.0-255,2902,300364,53,354785
4681,0.051134,172.31.46.0-255,66,300430,53,354785
4682,0.052933,74.125.68.0-255,2902,303332,53,354785
4683,0.05294,172.31.46.0-255,66,303398,53,354785
4684,0.053138,74.125.68.0-255,2902,306300,53,354785
4685,0.053144,172.31.46.0-255,66,306366,53,354785
4686,0.05496,74.125.68.0-255,2902,309268,53,354785
4687,0.054969,172.31.46.0-255,66,309334,53,354785
4688,0.055163,74.125.68.0-255,2902,312236,53,354785
4689,0.055169,172.31.46.0-255,66,312302,53,354785
4690,0.056992,74.125.68.0-255,2902,315204,53,354785
4691,0.057001,172.31.46.0-255,66,315270,53,354785
4692,0.057181,74.125.68.0-255,2902,318172,53,354785
4693,0.057186,172.31.46.0-255,66,318238,53,354785
4694,0.059029,74.125.68.0-255,2902,321140,53,354785
4695,0.059039,172.31.46.0-255,66,321206,53,354785
4696,0.059192,74.125.68.0-255,2902,324108,53,354785
4697,0.059198,172.31.46.0-255,66,324174,53,354785
4698,0.061055,74.125.68.0-255,2902,327076,53,354785
4699,0.061063,172.31.46.0-255,66,327142,53,354785
4700,0.061201,74.125.68.0-255,2902,330044,53,354785
4701,0.061205,172.31.46.0-255,66,330110,53,354785
4702,0.063101,74.125.68.0-255,2902,333012,53,354785
4703,0.06311,172.31.46.0-255,66,333078,53,354785
4704,0.063221,74.125.68.0-255,2902,335980,53,354785
4705,0.063226,172.31.46.0-255,66,336046,53,354785
4706,0.065135,74.125.68.0-255,2902,338948,53,354785
4707,0.065143,172.31.46.0-255,66,339014,53,354785
4708,0.065232,74.125.68.0-255,2902,341916,53,354785
4709,0.065257,172.31.46.0-255,66,341982,53,354785
4710,0.067185,74.125.68.0-255,2902,344884,53,354785
4711,0.067193,172.31.46.0-255,66,344950,53,354785
4712,0.06726,74.125.68.0-255,2902,347852,53,354785
4713,0.06729,172.31.46.0-255,66,347918,53,354785
4714,0.069221,74.125.68.0-255,2902,350820,53,354785
4715,0.069229,172.31.46.0-255,66,350886,53,354785
4716,0.069296,74.125.68.0-255,1484,352370,53,354785
4717,0.06932,74.125.68.0-255,1484,353854,53,354785
4718,0.069331,172.31.46.0-255,66,353920,53,354785
4719,0.071218,74.125.68.0-255,169,354089,53,354785
4720,0.07133,172.31.46.0-255,105,354194,53,354785
4721,0.071361,172.31.46.0-255,105,354299,53,354785
4722,0.071556,172.31.46.0-255,90,354389,53,354785
4723,0.071565,172.31.46.0-255,66,354455,53,354785
4724,0.073328,74.125.68.0-255,66,354521,53,354785
4725,0.073362,74.125.68.0-255,66,354587,53,354785
4726,0.073534,74.125.68.0-255,66,354653,53,354785
4727,0.073603,74.125.68.0-255,66,354719,53,354785
4728,0.073623,172.31.46.0-255,66,354785,53,354785
4729,0.0,74.125.200.0-255,146,146,53,340551
4730,1.6e-05,172.31.46.0-255,66,212,53,340551
4731,2.2e-05,74.125.200.0-255,1484,1696,53,340551
4732,2.7e-05,172.31.46.0-255,66,1762,53,340551
4733,3.3e-05,74.125.200.0-255,2902,4664,53,340551
4734,3.6e-05,172.31.46.0-255,66,4730,53,340551
4735,4.1e-05,74.125.200.0-255,2902,7632,53,340551
4736,4.4e-05,172.31.46.0-255,66,7698,53,340551
4737,5e-05,74.125.200.0-255,4320,12018,53,340551
4738,5.3e-05,172.31.46.0-255,66,12084,53,340551
4739,8.4e-05,74.125.200.0-255,2902,14986,53,340551
4740,8.7e-05,172.31.46.0-255,66,15052,53,340551
4741,0.000103,74.125.200.0-255,2047,17099,53,340551
4742,0.000105,172.31.46.0-255,66,17165,53,340551
4743,0.000112,74.125.200.0-255,5738,22903,53,340551
4744,0.000115,172.31.46.0-255,66,22969,53,340551
4745,0.000134,74.125.200.0-255,5738,28707,53,340551
4746,0.000136,172.31.46.0-255,66,28773,53,340551
4747,0.000154,74.125.200.0-255,1484,30257,53,340551
4748,0.000156,172.31.46.0-255,66,30323,53,340551
4749,0.000173,74.125.200.0-255,1125,31448,53,340551
4750,0.000175,172.31.46.0-255,66,31514,53,340551
4751,0.000276,74.125.200.0-255,1484,32998,53,340551
4752,0.000281,172.31.46.0-255,66,33064,53,340551
4753,0.000295,74.125.200.0-255,2902,35966,53,340551
4754,0.000298,172.31.46.0-255,66,36032,53,340551
4755,0.000325,74.125.200.0-255,5738,41770,53,340551
4756,0.000328,172.31.46.0-255,66,41836,53,340551
4757,0.000348,74.125.200.0-255,1484,43320,53,340551
4758,0.00035,172.31.46.0-255,66,43386,53,340551
4759,0.000379,74.125.200.0-255,4320,47706,53,340551
4760,0.000382,172.31.46.0-255,66,47772,53,340551
4761,0.000389,74.125.200.0-255,6797,54569,53,340551
4762,0.000392,172.31.46.0-255,66,54635,53,340551
4763,0.000394,74.125.200.0-255,1484,56119,53,340551
4764,0.000396,172.31.46.0-255,66,56185,53,340551
4765,0.000401,74.125.200.0-255,2902,59087,53,340551
4766,0.000403,172.31.46.0-255,66,59153,53,340551
4767,0.000406,74.125.200.0-255,1484,60637,53,340551
4768,0.000408,172.31.46.0-255,66,60703,53,340551
4769,0.000441,74.125.200.0-255,4320,65023,53,340551
4770,0.000445,172.31.46.0-255,66,65089,53,340551
4771,0.000448,74.125.200.0-255,1435,66524,53,340551
4772,0.000449,172.31.46.0-255,66,66590,53,340551
4773,0.000462,74.125.200.0-255,109,66699,53,340551
4774,0.000464,172.31.46.0-255,66,66765,53,340551
4775,0.000556,74.125.200.0-255,1484,68249,53,340551
4776,0.00056,172.31.46.0-255,66,68315,53,340551
4777,0.000565,74.125.200.0-255,2902,71217,53,340551
4778,0.000567,172.31.46.0-255,66,71283,53,340551
4779,0.000584,74.125.200.0-255,5738,77021,53,340551
4780,0.000587,172.31.46.0-255,66,77087,53,340551
4781,0.000591,74.125.200.0-255,2902,79989,53,340551
4782,0.000593,172.31.46.0-255,66,80055,53,340551
4783,0.000615,74.125.200.0-255,2902,82957,53,340551
4784,0.000618,172.31.46.0-255,66,83023,53,340551
4785,0.000635,74.125.200.0-255,1125,84148,53,340551
4786,0.000637,172.31.46.0-255,66,84214,53,340551
4787,0.00065,74.125.200.0-255,1484,85698,53,340551
4788,0.000653,172.31.46.0-255,66,85764,53,340551
4789,0.000656,74.125.200.0-255,1484,87248,53,340551
4790,0.000658,172.31.46.0-255,66,87314,53,340551
4791,0.000682,74.125.200.0-255,2902,90216,53,340551
4792,0.000685,172.31.46.0-255,66,90282,53,340551
4793,0.000691,74.125.200.0-255,5738,96020,53,340551
4794,0.000694,172.31.46.0-255,66,96086,53,340551
4795,0.000708,74.125.200.0-255,4320,100406,53,340551
4796,0.00071,172.31.46.0-255,66,100472,53,340551
4797,0.000713,74.125.200.0-255,1125,101597,53,340551
4798,0.000715,172.31.46.0-255,66,101663,53,340551
4799,0.000718,74.125.200.0-255,333,101996,53,340551
4800,0.00072,172.31.46.0-255,66,102062,53,340551
4801,0.000977,74.125.200.0-255,1484,103546,53,340551
4802,0.000983,74.125.200.0-255,2902,106448,53,340551
4803,0.000986,172.31.46.0-255,66,106514,53,340551
4804,0.001008,74.125.200.0-255,4320,110834,53,340551
4805,0.00101,172.31.46.0-255,66,110900,53,340551
4806,0.001017,74.125.200.0-255,5738,116638,53,340551
4807,0.00102,172.31.46.0-255,66,116704,53,340551
4808,0.00106,172.31.46.0-255,66,116770,53,340551
4809,0.001065,74.125.200.0-255,4320,121090,53,340551
4810,0.001067,172.31.46.0-255,66,121156,53,340551
4811,0.001101,74.125.200.0-255,3602,124758,53,340551
4812,0.001104,172.31.46.0-255,66,124824,53,340551
4813,0.00119,74.125.200.0-255,1484,126308,53,340551
4814,0.001194,74.125.200.0-255,1484,127792,53,340551
4815,0.001197,172.31.46.0-255,66,127858,53,340551
4816,0.001212,74.125.200.0-255,1484,129342,53,340551
4817,0.001219,74.125.200.0-255,5738,135080,53,340551
4818,0.001224,172.31.46.0-255,66,135146,53,340551
4819,0.001243,74.125.200.0-255,4320,139466,53,340551
4820,0.001246,172.31.46.0-255,66,139532,53,340551
4821,0.001273,172.31.46.0-255,66,139598,53,340551
4822,0.001279,74.125.200.0-255,4320,143918,53,340551
4823,0.001283,172.31.46.0-255,66,143984,53,340551
4824,0.001301,74.125.200.0-255,2902,146886,53,340551
4825,0.001321,74.125.200.0-255,3602,150488,53,340551
4826,0.001331,172.31.46.0-255,66,150554,53,340551
4827,0.001693,74.125.200.0-255,1484,152038,53,340551
4828,0.001698,74.125.200.0-255,1484,153522,53,340551
4829,0.001702,172.31.46.0-255,66,153588,53,340551
4830,0.001721,74.125.200.0-255,1484,155072,53,340551
4831,0.001726,74.125.200.0-255,4320,159392,53,340551
4832,0.001728,172.31.46.0-255,66,159458,53,340551
4833,0.001747,74.125.200.0-255,4320,163778,53,340551
4834,0.001749,172.31.46.0-255,66,163844,53,340551
4835,0.001773,74.125.200.0-255,4320,168164,53,340551
4836,0.001776,172.31.46.0-255,66,168230,53,340551
4837,0.001787,172.31.46.0-255,66,168296,53,340551
4838,0.001814,74.125.200.0-255,6438,174734,53,340551
4839,0.001817,172.31.46.0-255,66,174800,53,340551
4840,0.001976,74.125.200.0-255,1484,176284,53,340551
4841,0.001997,74.125.200.0-255,2902,179186,53,340551
4842,0.002002,172.31.46.0-255,66,179252,53,340551
4843,0.002009,74.125.200.0-255,5738,184990,53,340551
4844,0.002011,172.31.46.0-255,66,185056,53,340551
4845,0.002015,74.125.200.0-255,2902,187958,53,340551
4846,0.002017,172.31.46.0-255,66,188024,53,340551
4847,0.002022,74.125.200.0-255,2902,190926,53,340551
4848,0.002024,172.31.46.0-255,66,190992,53,340551
4849,0.002046,74.125.200.0-255,1484,192476,53,340551
4850,0.00209,172.31.46.0-255,66,192542,53,340551
4851,0.002108,74.125.200.0-255,7156,199698,53,340551
4852,0.002115,74.125.200.0-255,4320,204018,53,340551
4853,0.002129,74.125.200.0-255,3602,207620,53,340551
4854,0.002149,74.125.200.0-255,7156,214776,53,340551
4855,0.002171,74.125.200.0-255,1484,216260,53,340551
4856,0.002214,74.125.200.0-255,2902,219162,53,340551
4857,0.002217,74.125.200.0-255,1484,220646,53,340551
4858,0.002233,74.125.200.0-255,2902,223548,53,340551
4859,0.002254,74.125.200.0-255,5738,229286,53,340551
4860,0.002266,74.125.200.0-255,2902,232188,53,340551
4861,0.002272,74.125.200.0-255,7156,239344,53,340551
4862,0.002315,74.125.200.0-255,3602,242946,53,340551
4863,0.006647,172.31.46.0-255,66,243012,53,340551
4864,0.008969,74.125.200.0-255,5738,248750,53,340551
4865,0.008976,172.31.46.0-255,66,248816,53,340551
4866,0.011282,74.125.200.0-255,5738,254554,53,340551
4867,0.011289,172.31.46.0-255,66,254620,53,340551
4868,0.013601,74.125.200.0-255,5738,260358,53,340551
4869,0.01361,172.31.46.0-255,66,260424,53,340551
4870,0.015922,74.125.200.0-255,5738,266162,53,340551
4871,0.015929,172.31.46.0-255,66,266228,53,340551
4872,0.018239,74.125.200.0-255,5738,271966,53,340551
4873,0.018249,172.31.46.0-255,66,272032,53,340551
4874,0.020563,74.125.200.0-255,5738,277770,53,340551
4875,0.02057,172.31.46.0-255,66,277836,53,340551
4876,0.022875,74.125.200.0-255,5738,283574,53,340551
4877,0.022883,172.31.46.0-255,66,283640,53,340551
4878,0.025185,74.125.200.0-255,5738,289378,53,340551
4879,0.025191,172.31.46.0-255,66,289444,53,340551
4880,0.027499,74.125.200.0-255,5738,295182,53,340551
4881,0.027507,172.31.46.0-255,66,295248,53,340551
4882,0.029819,74.125.200.0-255,5738,300986,53,340551
4883,0.029828,172.31.46.0-255,66,301052,53,340551
4884,0.032135,74.125.200.0-255,5738,306790,53,340551
4885,0.032143,172.31.46.0-255,66,306856,53,340551
4886,0.034457,74.125.200.0-255,5738,312594,53,340551
4887,0.034465,172.31.46.0-255,66,312660,53,340551
4888,0.035272,172.31.46.0-255,188,312848,53,340551
4889,0.035303,172.31.46.0-255,953,313801,53,340551
4890,0.03539,172.31.46.0-255,1514,315315,53,340551
4891,0.035392,172.31.46.0-255,1514,316829,53,340551
4892,0.035397,172.31.46.0-255,1514,318343,53,340551
4893,0.035399,172.31.46.0-255,1514,319857,53,340551
4894,0.035418,172.31.46.0-255,1514,321371,53,340551
4895,0.035419,172.31.46.0-255,301,321672,53,340551
4896,0.036772,74.125.200.0-255,5738,327410,53,340551
4897,0.036779,172.31.46.0-255,66,327476,53,340551
4898,0.036794,104.244.42.0-255,66,327542,53,340551
4899,0.036823,104.244.42.0-255,66,327608,53,340551
4900,0.036942,104.244.42.0-255,66,327674,53,340551
4901,0.036947,104.244.42.0-255,66,327740,53,340551
4902,0.036951,104.244.42.0-255,66,327806,53,340551
4903,0.039087,74.125.200.0-255,1484,329290,53,340551
4904,0.039115,74.125.200.0-255,4320,333610,53,340551
4905,0.039122,172.31.46.0-255,66,333676,53,340551
4906,0.041451,74.125.200.0-255,5738,339414,53,340551
4907,0.041458,172.31.46.0-255,66,339480,53,340551
4908,0.043743,74.125.200.0-255,834,340314,53,340551
4909,0.043852,172.31.46.0-255,66,340380,53,340551
4910,0.043882,172.31.46.0-255,105,340485,53,340551
4911,0.046151,74.125.200.0-255,66,340551,53,340551
4912,0.0,172.217.194.0-255,297,297,53,177799
4913,2.2e-05,172.31.46.0-255,66,363,53,177799
4914,2.9e-05,172.217.194.0-255,1484,1847,53,177799
4915,3.2e-05,172.31.46.0-255,66,1913,53,177799
4916,6.4e-05,172.217.194.0-255,4320,6233,53,177799
4917,7.2e-05,172.31.46.0-255,66,6299,53,177799
4918,8e-05,172.217.194.0-255,7156,13455,53,177799
4919,8.2e-05,172.31.46.0-255,66,13521,53,177799
4920,0.0001,172.217.194.0-255,379,13900,53,177799
4921,0.000102,172.31.46.0-255,66,13966,53,177799
4922,0.000119,172.31.46.0-255,66,14032,53,177799
4923,0.000124,172.217.194.0-255,2902,16934,53,177799
4924,0.000126,172.31.46.0-255,66,17000,53,177799
4925,0.000162,172.217.194.0-255,5379,22379,53,177799
4926,0.000165,172.31.46.0-255,66,22445,53,177799
4927,0.00022,172.217.194.0-255,1484,23929,53,177799
4928,0.000223,172.31.46.0-255,66,23995,53,177799
4929,0.000227,172.217.194.0-255,2902,26897,53,177799
4930,0.000229,172.31.46.0-255,66,26963,53,177799
4931,0.000234,172.217.194.0-255,2902,29865,53,177799
4932,0.00024,172.31.46.0-255,66,29931,53,177799
4933,0.000265,172.217.194.0-255,2902,32833,53,177799
4934,0.000267,172.31.46.0-255,66,32899,53,177799
4935,0.000279,172.217.194.0-255,5738,38637,53,177799
4936,0.000281,172.31.46.0-255,66,38703,53,177799
4937,0.000308,172.217.194.0-255,3961,42664,53,177799
4938,0.00031,172.31.46.0-255,66,42730,53,177799
4939,0.000326,172.31.46.0-255,66,42796,53,177799
4940,0.000332,172.217.194.0-255,4250,47046,53,177799
4941,0.000334,172.31.46.0-255,66,47112,53,177799
4942,0.000414,172.217.194.0-255,365,47477,53,177799
4943,0.000533,172.217.194.0-255,1484,48961,53,177799
4944,0.000538,172.31.46.0-255,66,49027,53,177799
4945,0.000544,172.217.194.0-255,2902,51929,53,177799
4946,0.000547,172.31.46.0-255,66,51995,53,177799
4947,0.000553,172.217.194.0-255,5738,57733,53,177799
4948,0.000555,172.31.46.0-255,66,57799,53,177799
4949,0.000566,172.217.194.0-255,5738,63537,53,177799
4950,0.000569,172.31.46.0-255,66,63603,53,177799
4951,0.000635,172.31.46.0-255,66,63669,53,177799
4952,0.000651,172.217.194.0-255,1125,64794,53,177799
4953,0.000672,172.217.194.0-255,6797,71591,53,177799
4954,0.000675,172.31.46.0-255,66,71657,53,177799
4955,0.000715,172.217.194.0-255,7156,78813,53,177799
4956,0.000718,172.31.46.0-255,66,78879,53,177799
4957,0.000726,172.217.194.0-255,7156,86035,53,177799
4958,0.000728,172.31.46.0-255,66,86101,53,177799
4959,0.000736,172.217.194.0-255,1484,87585,53,177799
4960,0.000772,172.31.46.0-255,66,87651,53,177799
4961,0.000778,172.217.194.0-255,3602,91253,53,177799
4962,0.00078,172.31.46.0-255,66,91319,53,177799
4963,0.000954,172.217.194.0-255,1484,92803,53,177799
4964,0.00096,172.217.194.0-255,2902,95705,53,177799
4965,0.000964,172.31.46.0-255,66,95771,53,177799
4966,0.000967,172.217.194.0-255,1484,97255,53,177799
4967,0.000996,172.217.194.0-255,4320,101575,53,177799
4968,0.000999,172.31.46.0-255,66,101641,53,177799
4969,0.001018,172.31.46.0-255,66,101707,53,177799
4970,0.001055,172.217.194.0-255,4320,106027,53,177799
4971,0.001058,172.31.46.0-255,66,106093,53,177799
4972,0.001089,172.217.194.0-255,6438,112531,53,177799
4973,0.001092,172.31.46.0-255,66,112597,53,177799
4974,0.001517,172.217.194.0-255,1484,114081,53,177799
4975,0.001524,172.217.194.0-255,2902,116983,53,177799
4976,0.001527,172.31.46.0-255,66,117049,53,177799
4977,0.001562,172.217.194.0-255,4320,121369,53,177799
4978,0.001564,172.31.46.0-255,66,121435,53,177799
4979,0.001585,172.217.194.0-255,1484,122919,53,177799
4980,0.001604,172.217.194.0-255,4320,127239,53,177799
4981,0.001606,172.31.46.0-255,66,127305,53,177799
4982,0.001632,172.217.194.0-255,1484,128789,53,177799
4983,0.001639,172.217.194.0-255,7156,135945,53,177799
4984,0.001642,172.31.46.0-255,66,136011,53,177799
4985,0.001652,172.31.46.0-255,66,136077,53,177799
4986,0.00168,172.217.194.0-255,2184,138261,53,177799
4987,0.001682,172.31.46.0-255,66,138327,53,177799
4988,0.001792,172.217.194.0-255,1484,139811,53,177799
4989,0.0018,172.217.194.0-255,2902,142713,53,177799
4990,0.001803,172.31.46.0-255,66,142779,53,177799
4991,0.00181,172.217.194.0-255,5738,148517,53,177799
4992,0.001812,172.31.46.0-255,66,148583,53,177799
4993,0.001859,172.31.46.0-255,66,148649,53,177799
4994,0.001885,172.217.194.0-255,2902,151551,53,177799
4995,0.001887,172.31.46.0-255,66,151617,53,177799
4996,0.001913,172.31.46.0-255,66,151683,53,177799
4997,0.001924,172.31.46.0-255,66,151749,53,177799
4998,0.00196,172.217.194.0-255,5738,157487,53,177799
4999,0.001964,172.31.46.0-255,66,157553,53,177799
5000,0.00198,172.31.46.0-255,66,157619,53,177799
5001,0.002069,172.31.46.0-255,66,157685,53,177799
5002,0.002075,172.217.194.0-255,5020,162705,53,177799
5003,0.002077,172.31.46.0-255,66,162771,53,177799
5004,0.002088,172.217.194.0-255,5738,168509,53,177799
5005,0.002091,172.31.46.0-255,66,168575,53,177799
5006,0.002103,172.31.46.0-255,66,168641,53,177799
5007,0.002106,172.217.194.0-255,1484,170125,53,177799
5008,0.002149,172.31.46.0-255,66,170191,53,177799
5009,0.002164,172.31.46.0-255,66,170257,53,177799
5010,0.002182,172.31.46.0-255,66,170323,53,177799
5011,0.002185,172.217.194.0-255,1484,171807,53,177799
5012,0.00223,172.31.46.0-255,66,171873,53,177799
5013,0.00225,172.31.46.0-255,66,171939,53,177799
5014,0.002262,172.31.46.0-255,66,172005,53,177799
5015,0.002292,172.217.194.0-255,105,172110,53,177799
5016,0.004471,172.31.46.0-255,66,172176,53,177799
5017,0.004509,172.31.46.0-255,105,172281,53,177799
5018,0.006746,172.217.194.0-255,66,172347,53,177799
5019,0.036092,172.31.46.0-255,172,172519,53,177799
5020,0.036124,172.31.46.0-255,1112,173631,53,177799
5021,0.036193,172.31.46.0-255,1514,175145,53,177799
5022,0.036195,172.31.46.0-255,1514,176659,53,177799
5023,0.036254,172.31.46.0-255,702,177361,53,177799
5024,0.037674,104.244.42.0-255,66,177427,53,177799
5025,0.037721,104.244.42.0-255,66,177493,53,177799
5026,0.0378,104.244.42.0-255,66,177559,53,177799
5027,0.037823,104.244.42.0-255,66,177625,53,177799
5028,0.038381,104.244.42.0-255,108,177733,53,177799
5029,0.038389,172.31.46.0-255,66,177799,53,177799
5030,0.0,172.217.194.0-255,152,152,53,307300
5031,2.2e-05,172.31.46.0-255,66,218,53,307300
5032,2.9e-05,172.217.194.0-255,1484,1702,53,307300
5033,3.4e-05,172.31.46.0-255,66,1768,53,307300
5034,4e-05,172.217.194.0-255,2902,4670,53,307300
5035,4.5e-05,172.31.46.0-255,66,4736,53,307300
5036,5.3e-05,172.217.194.0-255,7156,11892,53,307300
5037,5.6e-05,172.31.46.0-255,66,11958,53,307300
5038,6.2e-05,172.217.194.0-255,4320,16278,53,307300
5039,6.5e-05,172.31.46.0-255,66,16344,53,307300
5040,9.2e-05,172.217.194.0-255,4943,21287,53,307300
5041,9.5e-05,172.31.46.0-255,66,21353,53,307300
5042,0.000127,172.31.46.0-255,66,21419,53,307300
5043,0.000159,172.217.194.0-255,1484,22903,53,307300
5044,0.000163,172.31.46.0-255,66,22969,53,307300
5045,0.000167,172.217.194.0-255,2902,25871,53,307300
5046,0.00017,172.31.46.0-255,66,25937,53,307300
5047,0.000175,172.217.194.0-255,2902,28839,53,307300
5048,0.000177,172.31.46.0-255,66,28905,53,307300
5049,0.000203,172.217.194.0-255,2902,31807,53,307300
5050,0.000206,172.31.46.0-255,66,31873,53,307300
5051,0.000217,172.31.46.0-255,66,31939,53,307300
5052,0.000244,172.217.194.0-255,2543,34482,53,307300
5053,0.000246,172.31.46.0-255,66,34548,53,307300
5054,0.000258,172.31.46.0-255,66,34614,53,307300
5055,0.000261,172.217.194.0-255,1437,36051,53,307300
5056,0.000263,172.31.46.0-255,66,36117,53,307300
5057,0.000284,172.217.194.0-255,374,36491,53,307300
5058,0.000287,172.31.46.0-255,66,36557,53,307300
5059,0.000534,172.217.194.0-255,1484,38041,53,307300
5060,0.000543,172.217.194.0-255,2902,40943,53,307300
5061,0.000548,172.31.46.0-255,66,41009,53,307300
5062,0.000556,172.217.194.0-255,5738,46747,53,307300
5063,0.000558,172.31.46.0-255,66,46813,53,307300
5064,0.000564,172.217.194.0-255,4320,51133,53,307300
5065,0.000566,172.31.46.0-255,66,51199,53,307300
5066,0.000595,172.217.194.0-255,2902,54101,53,307300
5067,0.000599,172.31.46.0-255,66,54167,53,307300
5068,0.000614,172.31.46.0-255,66,54233,53,307300
5069,0.000617,172.217.194.0-255,2184,56417,53,307300
5070,0.000619,172.31.46.0-255,66,56483,53,307300
5071,0.001283,172.217.194.0-255,1484,57967,53,307300
5072,0.001289,172.217.194.0-255,1484,59451,53,307300
5073,0.001293,172.31.46.0-255,66,59517,53,307300
5074,0.001313,172.217.194.0-255,1484,61001,53,307300
5075,0.001319,172.217.194.0-255,5738,66739,53,307300
5076,0.001322,172.217.194.0-255,1484,68223,53,307300
5077,0.001326,172.31.46.0-255,66,68289,53,307300
5078,0.001357,172.31.46.0-255,66,68355,53,307300
5079,0.001384,172.217.194.0-255,5738,74093,53,307300
5080,0.001387,172.31.46.0-255,66,74159,53,307300
5081,0.00141,172.217.194.0-255,6438,80597,53,307300
5082,0.001413,172.31.46.0-255,66,80663,53,307300
5083,0.001545,172.217.194.0-255,1484,82147,53,307300
5084,0.001551,172.217.194.0-255,2902,85049,53,307300
5085,0.001554,172.31.46.0-255,66,85115,53,307300
5086,0.001576,172.217.194.0-255,5738,90853,53,307300
5087,0.001578,172.31.46.0-255,66,90919,53,307300
5088,0.001581,172.217.194.0-255,1484,92403,53,307300
5089,0.001609,172.31.46.0-255,66,92469,53,307300
5090,0.001643,172.217.194.0-255,4320,96789,53,307300
5091,0.001647,172.31.46.0-255,66,96855,53,307300
5092,0.001676,172.31.46.0-255,66,96921,53,307300
5093,0.002445,172.217.194.0-255,1484,98405,53,307300
5094,0.002457,172.217.194.0-255,2902,101307,53,307300
5095,0.002462,172.31.46.0-255,66,101373,53,307300
5096,0.00247,172.217.194.0-255,5738,107111,53,307300
5097,0.002472,172.31.46.0-255,66,107177,53,307300
5098,0.00253,172.31.46.0-255,66,107243,53,307300
5099,0.002541,172.31.46.0-255,66,107309,53,307300
5100,0.002544,172.217.194.0-255,766,108075,53,307300
5101,0.00512,172.217.194.0-255,4320,112395,53,307300
5102,0.005128,172.31.46.0-255,66,112461,53,307300
5103,0.007702,172.217.194.0-255,1484,113945,53,307300
5104,0.007726,172.217.194.0-255,4320,118265,53,307300
5105,0.007729,172.31.46.0-255,66,118331,53,307300
5106,0.010286,172.217.194.0-255,5738,124069,53,307300
5107,0.010294,172.31.46.0-255,66,124135,53,307300
5108,0.012887,172.217.194.0-255,5738,129873,53,307300
5109,0.012896,172.31.46.0-255,66,129939,53,307300
5110,0.015505,172.217.194.0-255,5738,135677,53,307300
5111,0.015519,172.31.46.0-255,66,135743,53,307300
5112,0.018133,172.217.194.0-255,5738,141481,53,307300
5113,0.018145,172.31.46.0-255,66,141547,53,307300
5114,0.020717,172.217.194.0-255,4320,145867,53,307300
5115,0.020727,172.31.46.0-255,66,145933,53,307300
5116,0.020747,172.217.194.0-255,1484,147417,53,307300
5117,0.02331,172.217.194.0-255,4320,151737,53,307300
5118,0.023318,172.31.46.0-255,66,151803,53,307300
5119,0.025863,172.217.194.0-255,5738,157541,53,307300
5120,0.025873,172.31.46.0-255,66,157607,53,307300
5121,0.028454,172.217.194.0-255,5738,163345,53,307300
5122,0.028463,172.31.46.0-255,66,163411,53,307300
5123,0.031082,172.217.194.0-255,5738,169149,53,307300
5124,0.031089,172.31.46.0-255,66,169215,53,307300
5125,0.031094,172.31.46.0-255,192,169407,53,307300
5126,0.03113,172.31.46.0-255,953,170360,53,307300
5127,0.031192,172.31.46.0-255,1514,171874,53,307300
5128,0.031194,172.31.46.0-255,1450,173324,53,307300
5129,0.032632,104.244.42.0-255,66,173390,53,307300
5130,0.032662,104.244.42.0-255,66,173456,53,307300
5131,0.032779,104.244.42.0-255,66,173522,53,307300
5132,0.033652,172.217.194.0-255,5738,179260,53,307300
5133,0.033659,172.31.46.0-255,66,179326,53,307300
5134,0.036253,172.217.194.0-255,5738,185064,53,307300
5135,0.03626,172.31.46.0-255,66,185130,53,307300
5136,0.038837,172.217.194.0-255,5738,190868,53,307300
5137,0.038844,172.31.46.0-255,66,190934,53,307300
5138,0.041426,172.217.194.0-255,5738,196672,53,307300
5139,0.041433,172.31.46.0-255,66,196738,53,307300
5140,0.044044,172.217.194.0-255,5738,202476,53,307300
5141,0.044049,172.31.46.0-255,66,202542,53,307300
5142,0.046636,172.217.194.0-255,5738,208280,53,307300
5143,0.046644,172.31.46.0-255,66,208346,53,307300
5144,0.049207,172.217.194.0-255,5738,214084,53,307300
5145,0.049213,172.31.46.0-255,66,214150,53,307300
5146,0.051793,172.217.194.0-255,5738,219888,53,307300
5147,0.051799,172.31.46.0-255,66,219954,53,307300
5148,0.054387,172.217.194.0-255,5738,225692,53,307300
5149,0.054394,172.31.46.0-255,66,225758,53,307300
5150,0.056961,172.217.194.0-255,2902,228660,53,307300
5151,0.056967,172.31.46.0-255,66,228726,53,307300
5152,0.056987,172.217.194.0-255,2902,231628,53,307300
5153,0.056991,172.31.46.0-255,66,231694,53,307300
5154,0.059575,172.217.194.0-255,5738,237432,53,307300
5155,0.059582,172.31.46.0-255,66,237498,53,307300
5156,0.062158,172.217.194.0-255,5738,243236,53,307300
5157,0.062167,172.31.46.0-255,66,243302,53,307300
5158,0.064731,172.217.194.0-255,5738,249040,53,307300
5159,0.064738,172.31.46.0-255,66,249106,53,307300
5160,0.067306,172.217.194.0-255,5738,254844,53,307300
5161,0.067313,172.31.46.0-255,66,254910,53,307300
5162,0.069912,172.217.194.0-255,5738,260648,53,307300
5163,0.069918,172.31.46.0-255,66,260714,53,307300
5164,0.072498,172.217.194.0-255,5738,266452,53,307300
5165,0.072504,172.31.46.0-255,66,266518,53,307300
5166,0.075096,172.217.194.0-255,5738,272256,53,307300
5167,0.075103,172.31.46.0-255,66,272322,53,307300
5168,0.077742,172.217.194.0-255,5738,278060,53,307300
5169,0.077749,172.31.46.0-255,66,278126,53,307300
5170,0.080364,172.217.194.0-255,5738,283864,53,307300
5171,0.080371,172.31.46.0-255,66,283930,53,307300
5172,0.082942,172.217.194.0-255,5738,289668,53,307300
5173,0.082948,172.31.46.0-255,66,289734,53,307300
5174,0.085537,172.217.194.0-255,4320,294054,53,307300
5175,0.085543,172.31.46.0-255,66,294120,53,307300
5176,0.085559,172.217.194.0-255,1484,295604,53,307300
5177,0.088162,172.217.194.0-255,4320,299924,53,307300
5178,0.088169,172.31.46.0-255,66,299990,53,307300
5179,0.090752,172.217.194.0-255,5738,305728,53,307300
5180,0.090759,172.31.46.0-255,66,305794,53,307300
5181,0.093315,172.217.194.0-255,1269,307063,53,307300
5182,0.093456,172.31.46.0-255,66,307129,53,307300
5183,0.093499,172.31.46.0-255,105,307234,53,307300
5184,0.096026,172.217.194.0-255,66,307300,53,307300
5185,0.0,216.58.221.0-255,152,152,53,359689
5186,1.5e-05,172.31.46.0-255,66,218,53,359689
5187,2.1e-05,216.58.221.0-255,1484,1702,53,359689
5188,2.6e-05,172.31.46.0-255,66,1768,53,359689
5189,2.9e-05,216.58.221.0-255,1484,3252,53,359689
5190,3.3e-05,172.31.46.0-255,66,3318,53,359689
5191,4e-05,216.58.221.0-255,2902,6220,53,359689
5192,4.3e-05,172.31.46.0-255,66,6286,53,359689
5193,5e-05,216.58.221.0-255,5738,12024,53,359689
5194,5.3e-05,172.31.46.0-255,66,12090,53,359689
5195,8.1e-05,216.58.221.0-255,2114,14204,53,359689
5196,8.3e-05,172.31.46.0-255,66,14270,53,359689
5197,0.000152,216.58.221.0-255,1484,15754,53,359689
5198,0.000155,172.31.46.0-255,66,15820,53,359689
5199,0.00016,216.58.221.0-255,2902,18722,53,359689
5200,0.000163,172.31.46.0-255,66,18788,53,359689
5201,0.000178,216.58.221.0-255,4320,23108,53,359689
5202,0.000181,172.31.46.0-255,66,23174,53,359689
5203,0.000184,216.58.221.0-255,1484,24658,53,359689
5204,0.000186,172.31.46.0-255,66,24724,53,359689
5205,0.000224,216.58.221.0-255,6797,31521,53,359689
5206,0.000227,172.31.46.0-255,66,31587,53,359689
5207,0.000262,216.58.221.0-255,1484,33071,53,359689
5208,0.000264,172.31.46.0-255,66,33137,53,359689
5209,0.000281,216.58.221.0-255,2902,36039,53,359689
5210,0.000283,172.31.46.0-255,66,36105,53,359689
5211,0.00029,216.58.221.0-255,4320,40425,53,359689
5212,0.000292,172.31.46.0-255,66,40491,53,359689
5213,0.000308,216.58.221.0-255,1484,41975,53,359689
5214,0.00031,172.31.46.0-255,66,42041,53,359689
5215,0.000321,216.58.221.0-255,1484,43525,53,359689
5216,0.000324,172.31.46.0-255,66,43591,53,359689
5217,0.000344,216.58.221.0-255,5379,48970,53,359689
5218,0.000347,172.31.46.0-255,66,49036,53,359689
5219,0.000424,216.58.221.0-255,1484,50520,53,359689
5220,0.00043,216.58.221.0-255,2902,53422,53,359689
5221,0.000433,172.31.46.0-255,66,53488,53,359689
5222,0.00047,216.58.221.0-255,4320,57808,53,359689
5223,0.000473,172.31.46.0-255,66,57874,53,359689
5224,0.000479,216.58.221.0-255,4320,62194,53,359689
5225,0.000481,172.31.46.0-255,66,62260,53,359689
5226,0.00052,216.58.221.0-255,3961,66221,53,359689
5227,0.000523,172.31.46.0-255,66,66287,53,359689
5228,0.000538,216.58.221.0-255,356,66643,53,359689
5229,0.001066,216.58.221.0-255,387,67030,53,359689
5230,0.001138,172.31.46.0-255,66,67096,53,359689
5231,0.001179,216.58.221.0-255,1484,68580,53,359689
5232,0.001185,216.58.221.0-255,2902,71482,53,359689
5233,0.001188,172.31.46.0-255,66,71548,53,359689
5234,0.001215,216.58.221.0-255,5738,77286,53,359689
5235,0.001217,172.31.46.0-255,66,77352,53,359689
5236,0.001254,216.58.221.0-255,6797,84149,53,359689
5237,0.001258,172.31.46.0-255,66,84215,53,359689
5238,0.001265,216.58.221.0-255,4320,88535,53,359689
5239,0.001267,172.31.46.0-255,66,88601,53,359689
5240,0.001298,216.58.221.0-255,2902,91503,53,359689
5241,0.001301,172.31.46.0-255,66,91569,53,359689
5242,0.001307,216.58.221.0-255,4320,95889,53,359689
5243,0.001309,172.31.46.0-255,66,95955,53,359689
5244,0.001316,216.58.221.0-255,5379,101334,53,359689
5245,0.001318,172.31.46.0-255,66,101400,53,359689
5246,0.001408,216.58.221.0-255,1484,102884,53,359689
5247,0.001412,216.58.221.0-255,1484,104368,53,359689
5248,0.001416,172.31.46.0-255,66,104434,53,359689
5249,0.001438,216.58.221.0-255,1484,105918,53,359689
5250,0.001446,216.58.221.0-255,5738,111656,53,359689
5251,0.001448,172.31.46.0-255,66,111722,53,359689
5252,0.001456,216.58.221.0-255,7156,118878,53,359689
5253,0.001458,172.31.46.0-255,66,118944,53,359689
5254,0.001461,216.58.221.0-255,1484,120428,53,359689
5255,0.001491,172.31.46.0-255,66,120494,53,359689
5256,0.001509,216.58.221.0-255,1484,121978,53,359689
5257,0.001513,216.58.221.0-255,2184,124162,53,359689
5258,0.001516,172.31.46.0-255,66,124228,53,359689
5259,0.001599,216.58.221.0-255,1484,125712,53,359689
5260,0.001604,216.58.221.0-255,1484,127196,53,359689
5261,0.001607,172.31.46.0-255,66,127262,53,359689
5262,0.001621,216.58.221.0-255,1484,128746,53,359689
5263,0.001629,216.58.221.0-255,5738,134484,53,359689
5264,0.001632,172.31.46.0-255,66,134550,53,359689
5265,0.001634,216.58.221.0-255,1484,136034,53,359689
5266,0.001669,216.58.221.0-255,1484,137518,53,359689
5267,0.001672,172.31.46.0-255,66,137584,53,359689
5268,0.001677,216.58.221.0-255,4320,141904,53,359689
5269,0.00168,172.31.46.0-255,66,141970,53,359689
5270,0.001692,172.31.46.0-255,66,142036,53,359689
5271,0.001703,172.31.46.0-255,66,142102,53,359689
5272,0.001801,216.58.221.0-255,1484,143586,53,359689
5273,0.001808,216.58.221.0-255,2902,146488,53,359689
5274,0.001811,172.31.46.0-255,66,146554,53,359689
5275,0.001835,216.58.221.0-255,5738,152292,53,359689
5276,0.001838,172.31.46.0-255,66,152358,53,359689
5277,0.001894,216.58.221.0-255,4320,156678,53,359689
5278,0.001897,172.31.46.0-255,66,156744,53,359689
5279,0.001903,216.58.221.0-255,5738,162482,53,359689
5280,0.001905,172.31.46.0-255,66,162548,53,359689
5281,0.001918,172.31.46.0-255,66,162614,53,359689
5282,0.001922,216.58.221.0-255,2184,164798,53,359689
5283,0.001924,172.31.46.0-255,66,164864,53,359689
5284,0.003883,216.58.221.0-255,5738,170602,53,359689
5285,0.003896,172.31.46.0-255,66,170668,53,359689
5286,0.005865,216.58.221.0-255,5738,176406,53,359689
5287,0.005872,172.31.46.0-255,66,176472,53,359689
5288,0.007843,216.58.221.0-255,5738,182210,53,359689
5289,0.007851,172.31.46.0-255,66,182276,53,359689
5290,0.009827,216.58.221.0-255,5738,188014,53,359689
5291,0.009839,172.31.46.0-255,66,188080,53,359689
5292,0.011818,216.58.221.0-255,5738,193818,53,359689
5293,0.01183,172.31.46.0-255,66,193884,53,359689
5294,0.013804,216.58.221.0-255,5738,199622,53,359689
5295,0.013822,172.31.46.0-255,66,199688,53,359689
5296,0.015816,216.58.221.0-255,5738,205426,53,359689
5297,0.015832,172.31.46.0-255,66,205492,53,359689
5298,0.017808,216.58.221.0-255,5738,211230,53,359689
5299,0.017823,172.31.46.0-255,66,211296,53,359689
5300,0.019819,216.58.221.0-255,5738,217034,53,359689
5301,0.019833,172.31.46.0-255,66,217100,53,359689
5302,0.02182,216.58.221.0-255,5738,222838,53,359689
5303,0.02183,172.31.46.0-255,66,222904,53,359689
5304,0.023817,216.58.221.0-255,5738,228642,53,359689
5305,0.023829,172.31.46.0-255,66,228708,53,359689
5306,0.025815,216.58.221.0-255,5738,234446,53,359689
5307,0.025827,172.31.46.0-255,66,234512,53,359689
5308,0.027806,216.58.221.0-255,5738,240250,53,359689
5309,0.027819,172.31.46.0-255,66,240316,53,359689
5310,0.029802,216.58.221.0-255,5738,246054,53,359689
5311,0.029815,172.31.46.0-255,66,246120,53,359689
5312,0.031801,216.58.221.0-255,5738,251858,53,359689
5313,0.031812,172.31.46.0-255,66,251924,53,359689
5314,0.033751,172.31.46.0-255,167,252091,53,359689
5315,0.033782,216.58.221.0-255,5738,257829,53,359689
5316,0.03379,172.31.46.0-255,66,257895,53,359689
5317,0.033813,172.31.46.0-255,1112,259007,53,359689
5318,0.033875,172.31.46.0-255,1514,260521,53,359689
5319,0.033877,172.31.46.0-255,1291,261812,53,359689
5320,0.035297,104.244.42.0-255,66,261878,53,359689
5321,0.035337,104.244.42.0-255,66,261944,53,359689
5322,0.035426,104.244.42.0-255,66,262010,53,359689
5323,0.035775,216.58.221.0-255,5738,267748,53,359689
5324,0.035784,172.31.46.0-255,66,267814,53,359689
5325,0.037762,216.58.221.0-255,5738,273552,53,359689
5326,0.037772,172.31.46.0-255,66,273618,53,359689
5327,0.039769,216.58.221.0-255,4320,277938,53,359689
5328,0.03978,172.31.46.0-255,66,278004,53,359689
5329,0.039801,216.58.221.0-255,1484,279488,53,359689
5330,0.041765,216.58.221.0-255,4320,283808,53,359689
5331,0.041777,172.31.46.0-255,66,283874,53,359689
5332,0.043764,216.58.221.0-255,5738,289612,53,359689
5333,0.043777,172.31.46.0-255,66,289678,53,359689
5334,0.045768,216.58.221.0-255,5738,295416,53,359689
5335,0.045786,172.31.46.0-255,66,295482,53,359689
5336,0.047767,216.58.221.0-255,5738,301220,53,359689
5337,0.047777,172.31.46.0-255,66,301286,53,359689
5338,0.049768,216.58.221.0-255,5738,307024,53,359689
5339,0.049777,172.31.46.0-255,66,307090,53,359689
5340,0.05176,216.58.221.0-255,5738,312828,53,359689
5341,0.051771,172.31.46.0-255,66,312894,53,359689
5342,0.053757,216.58.221.0-255,5738,318632,53,359689
5343,0.053767,172.31.46.0-255,66,318698,53,359689
5344,0.055753,216.58.221.0-255,5738,324436,53,359689
5345,0.055763,172.31.46.0-255,66,324502,53,359689
5346,0.057785,216.58.221.0-255,5738,330240,53,359689
5347,0.057795,172.31.46.0-255,66,330306,53,359689
5348,0.059787,216.58.221.0-255,5738,336044,53,359689
5349,0.059801,172.31.46.0-255,66,336110,53,359689
5350,0.061781,216.58.221.0-255,5738,341848,53,359689
5351,0.06179,172.31.46.0-255,66,341914,53,359689
5352,0.063781,216.58.221.0-255,5738,347652,53,359689
5353,0.063791,172.31.46.0-255,66,347718,53,359689
5354,0.06577,216.58.221.0-255,5738,353456,53,359689
5355,0.065778,172.31.46.0-255,66,353522,53,359689
5356,0.067762,216.58.221.0-255,5738,359260,53,359689
5357,0.067771,172.31.46.0-255,66,359326,53,359689
5358,0.06978,216.58.221.0-255,126,359452,53,359689
5359,0.069927,172.31.46.0-255,66,359518,53,359689
5360,0.069968,172.31.46.0-255,105,359623,53,359689
5361,0.071912,216.58.221.0-255,66,359689,53,359689
5362,0.0,172.217.194.0-255,298,298,53,226687
5363,1.6e-05,172.31.46.0-255,66,364,53,226687
5364,2.2e-05,172.217.194.0-255,1484,1848,53,226687
5365,2.8e-05,172.31.46.0-255,66,1914,53,226687
5366,3.5e-05,172.217.194.0-255,4320,6234,53,226687
5367,4.5e-05,172.31.46.0-255,66,6300,53,226687
5368,8.8e-05,172.31.46.0-255,66,6366,53,226687
5369,0.000126,172.31.46.0-255,66,6432,53,226687
5370,0.000137,172.31.46.0-255,66,6498,53,226687
5371,0.000235,172.217.194.0-255,1484,7982,53,226687
5372,0.000238,172.31.46.0-255,66,8048,53,226687
5373,0.000242,172.217.194.0-255,1484,9532,53,226687
5374,0.000244,172.31.46.0-255,66,9598,53,226687
5375,0.000279,172.217.194.0-255,1484,11082,53,226687
5376,0.000282,172.31.46.0-255,66,11148,53,226687
5377,0.00029,172.217.194.0-255,5738,16886,53,226687
5378,0.000292,172.31.46.0-255,66,16952,53,226687
5379,0.000299,172.217.194.0-255,6797,23749,53,226687
5380,0.000302,172.31.46.0-255,66,23815,53,226687
5381,0.000305,172.217.194.0-255,1484,25299,53,226687
5382,0.000307,172.31.46.0-255,66,25365,53,226687
5383,0.00035,172.31.46.0-255,66,25431,53,226687
5384,0.000354,172.217.194.0-255,2798,28229,53,226687
5385,0.000356,172.31.46.0-255,66,28295,53,226687
5386,0.000359,172.217.194.0-255,402,28697,53,226687
5387,0.000361,172.31.46.0-255,66,28763,53,226687
5388,0.000429,172.217.194.0-255,1484,30247,53,226687
5389,0.000433,172.31.46.0-255,66,30313,53,226687
5390,0.00045,172.217.194.0-255,2902,33215,53,226687
5391,0.000453,172.31.46.0-255,66,33281,53,226687
5392,0.000476,172.217.194.0-255,1484,34765,53,226687
5393,0.000501,172.217.194.0-255,5738,40503,53,226687
5394,0.000514,172.217.194.0-255,1484,41987,53,226687
5395,0.000526,172.217.194.0-255,2902,44889,53,226687
5396,0.000554,172.217.194.0-255,5738,50627,53,226687
5397,0.000574,172.217.194.0-255,2902,53529,53,226687
5398,0.000628,172.217.194.0-255,1484,55013,53,226687
5399,0.000632,172.217.194.0-255,1484,56497,53,226687
5400,0.000645,172.217.194.0-255,1484,57981,53,226687
5401,0.00065,172.217.194.0-255,4320,62301,53,226687
5402,0.000665,172.217.194.0-255,1484,63785,53,226687
5403,0.000669,172.217.194.0-255,2902,66687,53,226687
5404,0.000689,172.217.194.0-255,5262,71949,53,226687
5405,0.000763,172.217.194.0-255,4087,76036,53,226687
5406,0.000862,172.217.194.0-255,1484,77520,53,226687
5407,0.000902,172.217.194.0-255,2902,80422,53,226687
5408,0.000906,172.217.194.0-255,1484,81906,53,226687
5409,0.000923,172.217.194.0-255,4320,86226,53,226687
5410,0.000927,172.217.194.0-255,2902,89128,53,226687
5411,0.000932,172.217.194.0-255,4320,93448,53,226687
5412,0.000973,172.217.194.0-255,4320,97768,53,226687
5413,0.000987,172.217.194.0-255,3602,101370,53,226687
5414,0.001203,172.217.194.0-255,1484,102854,53,226687
5415,0.001225,172.217.194.0-255,2902,105756,53,226687
5416,0.001231,172.217.194.0-255,5738,111494,53,226687
5417,0.001258,172.217.194.0-255,1484,112978,53,226687
5418,0.001271,172.217.194.0-255,5738,118716,53,226687
5419,0.001287,172.217.194.0-255,5738,124454,53,226687
5420,0.001501,172.217.194.0-255,1484,125938,53,226687
5421,0.001516,172.217.194.0-255,2902,128840,53,226687
5422,0.001521,172.217.194.0-255,4320,133160,53,226687
5423,0.001535,172.217.194.0-255,1484,134644,53,226687
5424,0.00154,172.217.194.0-255,4320,138964,53,226687
5425,0.001555,172.217.194.0-255,5738,144702,53,226687
5426,0.001568,172.217.194.0-255,5738,150440,53,226687
5427,0.001585,172.217.194.0-255,4320,154760,53,226687
5428,0.001601,172.217.194.0-255,3602,158362,53,226687
5429,0.001628,172.217.194.0-255,1484,159846,53,226687
5430,0.001639,172.217.194.0-255,2902,162748,53,226687
5431,0.001656,172.217.194.0-255,5738,168486,53,226687
5432,0.001679,172.217.194.0-255,7156,175642,53,226687
5433,0.001701,172.217.194.0-255,5738,181380,53,226687
5434,0.001747,172.217.194.0-255,2184,183564,53,226687
5435,0.001886,172.217.194.0-255,1484,185048,53,226687
5436,0.00189,172.217.194.0-255,2902,187950,53,226687
5437,0.001893,172.217.194.0-255,1484,189434,53,226687
5438,0.001911,172.217.194.0-255,4320,193754,53,226687
5439,0.002004,172.217.194.0-255,1484,195238,53,226687
5440,0.002007,172.217.194.0-255,1484,196722,53,226687
5441,0.002019,172.217.194.0-255,1484,198206,53,226687
5442,0.002021,172.217.194.0-255,1484,199690,53,226687
5443,0.002034,172.217.194.0-255,4320,204010,53,226687
5444,0.002067,172.217.194.0-255,1484,205494,53,226687
5445,0.002134,172.217.194.0-255,7156,212650,53,226687
5446,0.002155,172.217.194.0-255,4320,216970,53,226687
5447,0.002194,172.217.194.0-255,2184,219154,53,226687
5448,0.002198,172.217.194.0-255,2902,222056,53,226687
5449,0.00224,172.217.194.0-255,105,222161,53,226687
5450,0.002304,172.31.46.0-255,66,222227,53,226687
5451,0.010357,172.31.46.0-255,105,222332,53,226687
5452,0.012993,172.217.194.0-255,66,222398,53,226687
5453,0.031102,172.31.46.0-255,172,222570,53,226687
5454,0.031131,172.31.46.0-255,1107,223677,53,226687
5455,0.031182,172.31.46.0-255,1514,225191,53,226687
5456,0.031184,172.31.46.0-255,1298,226489,53,226687
5457,0.032659,104.244.42.0-255,66,226555,53,226687
5458,0.0327,104.244.42.0-255,66,226621,53,226687
5459,0.032751,104.244.42.0-255,66,226687,53,226687
5460,0.0,172.217.194.0-255,297,297,53,265031
5461,1.8e-05,172.31.46.0-255,66,363,53,265031
5462,2.5e-05,172.217.194.0-255,1484,1847,53,265031
5463,2.9e-05,172.31.46.0-255,66,1913,53,265031
5464,3.7e-05,172.217.194.0-255,4320,6233,53,265031
5465,4e-05,172.31.46.0-255,66,6299,53,265031
5466,5.4e-05,172.31.46.0-255,66,6365,53,265031
5467,7.1e-05,172.31.46.0-255,66,6431,53,265031
5468,0.000915,172.217.194.0-255,1484,7915,53,265031
5469,0.000923,172.31.46.0-255,66,7981,53,265031
5470,0.000932,172.217.194.0-255,2902,10883,53,265031
5471,0.000935,172.31.46.0-255,66,10949,53,265031
5472,0.000942,172.217.194.0-255,5738,16687,53,265031
5473,0.000944,172.31.46.0-255,66,16753,53,265031
5474,0.000966,172.217.194.0-255,4320,21073,53,265031
5475,0.000968,172.31.46.0-255,66,21139,53,265031
5476,0.000983,172.217.194.0-255,2543,23682,53,265031
5477,0.000985,172.31.46.0-255,66,23748,53,265031
5478,0.001015,172.217.194.0-255,1484,25232,53,265031
5479,0.001019,172.31.46.0-255,66,25298,53,265031
5480,0.001023,172.217.194.0-255,1484,26782,53,265031
5481,0.001024,172.31.46.0-255,66,26848,53,265031
5482,0.001039,172.217.194.0-255,1484,28332,53,265031
5483,0.001042,172.31.46.0-255,66,28398,53,265031
5484,0.001049,172.217.194.0-255,5738,34136,53,265031
5485,0.001051,172.31.46.0-255,66,34202,53,265031
5486,0.001057,172.217.194.0-255,4320,38522,53,265031
5487,0.001059,172.31.46.0-255,66,38588,53,265031
5488,0.001083,172.217.194.0-255,2854,41442,53,265031
5489,0.001086,172.31.46.0-255,66,41508,53,265031
5490,0.001105,172.217.194.0-255,2902,44410,53,265031
5491,0.001118,172.217.194.0-255,1484,45894,53,265031
5492,0.001125,172.217.194.0-255,5738,51632,53,265031
5493,0.001161,172.217.194.0-255,6517,58149,53,265031
5494,0.001167,172.217.194.0-255,2902,61051,53,265031
5495,0.001188,172.217.194.0-255,4320,65371,53,265031
5496,0.001379,172.217.194.0-255,1484,66855,53,265031
5497,0.001385,172.217.194.0-255,2902,69757,53,265031
5498,0.001391,172.217.194.0-255,2902,72659,53,265031
5499,0.001408,172.217.194.0-255,2902,75561,53,265031
5500,0.001416,172.217.194.0-255,7156,82717,53,265031
5501,0.001467,172.217.194.0-255,2184,84901,53,265031
5502,0.001781,172.217.194.0-255,1484,86385,53,265031
5503,0.00179,172.217.194.0-255,2902,89287,53,265031
5504,0.001805,172.217.194.0-255,5738,95025,53,265031
5505,0.001867,172.217.194.0-255,4320,99345,53,265031
5506,0.00195,172.217.194.0-255,1484,100829,53,265031
5507,0.001955,172.217.194.0-255,2902,103731,53,265031
5508,0.001961,172.217.194.0-255,5738,109469,53,265031
5509,0.002039,172.217.194.0-255,3602,113071,53,265031
5510,0.002093,172.217.194.0-255,1484,114555,53,265031
5511,0.002127,172.217.194.0-255,2902,117457,53,265031
5512,0.002135,172.217.194.0-255,5738,123195,53,265031
5513,0.002169,172.217.194.0-255,4320,127515,53,265031
5514,0.002191,172.217.194.0-255,2184,129699,53,265031
5515,0.002219,172.217.194.0-255,2902,132601,53,265031
5516,0.002283,172.217.194.0-255,4320,136921,53,265031
5517,0.003898,172.31.46.0-255,66,136987,53,265031
5518,0.006206,172.217.194.0-255,5738,142725,53,265031
5519,0.006213,172.31.46.0-255,66,142791,53,265031
5520,0.00848,172.217.194.0-255,5738,148529,53,265031
5521,0.008486,172.31.46.0-255,66,148595,53,265031
5522,0.01077,172.217.194.0-255,5738,154333,53,265031
5523,0.010777,172.31.46.0-255,66,154399,53,265031
5524,0.013039,172.217.194.0-255,5738,160137,53,265031
5525,0.013048,172.31.46.0-255,66,160203,53,265031
5526,0.015329,172.217.194.0-255,4320,164523,53,265031
5527,0.015338,172.31.46.0-255,66,164589,53,265031
5528,0.015357,172.217.194.0-255,1484,166073,53,265031
5529,0.017641,172.217.194.0-255,4320,170393,53,265031
5530,0.01765,172.31.46.0-255,66,170459,53,265031
5531,0.019925,172.217.194.0-255,5738,176197,53,265031
5532,0.020154,172.31.46.0-255,66,176263,53,265031
5533,0.022441,172.217.194.0-255,5738,182001,53,265031
5534,0.022448,172.31.46.0-255,66,182067,53,265031
5535,0.024827,172.217.194.0-255,5738,187805,53,265031
5536,0.024834,172.31.46.0-255,66,187871,53,265031
5537,0.027138,172.217.194.0-255,5738,193609,53,265031
5538,0.027145,172.31.46.0-255,66,193675,53,265031
5539,0.029435,172.217.194.0-255,5738,199413,53,265031
5540,0.029443,172.31.46.0-255,66,199479,53,265031
5541,0.03172,172.217.194.0-255,5738,205217,53,265031
5542,0.031727,172.31.46.0-255,66,205283,53,265031
5543,0.034017,172.217.194.0-255,5738,211021,53,265031
5544,0.034024,172.31.46.0-255,66,211087,53,265031
5545,0.036335,172.217.194.0-255,5738,216825,53,265031
5546,0.036343,172.31.46.0-255,66,216891,53,265031
5547,0.038686,172.217.194.0-255,5738,222629,53,265031
5548,0.038694,172.31.46.0-255,66,222695,53,265031
5549,0.040987,172.217.194.0-255,5738,228433,53,265031
5550,0.040995,172.31.46.0-255,66,228499,53,265031
5551,0.041406,172.31.46.0-255,172,228671,53,265031
5552,0.041437,172.31.46.0-255,1074,229745,53,265031
5553,0.042948,104.244.42.0-255,66,229811,53,265031
5554,0.042992,104.244.42.0-255,66,229877,53,265031
5555,0.043268,172.217.194.0-255,5738,235615,53,265031
5556,0.043273,172.31.46.0-255,66,235681,53,265031
5557,0.045565,172.217.194.0-255,5738,241419,53,265031
5558,0.045574,172.31.46.0-255,66,241485,53,265031
5559,0.047861,172.217.194.0-255,5738,247223,53,265031
5560,0.047875,172.31.46.0-255,66,247289,53,265031
5561,0.050176,172.217.194.0-255,5738,253027,53,265031
5562,0.050183,172.31.46.0-255,66,253093,53,265031
5563,0.052505,172.217.194.0-255,5738,258831,53,265031
5564,0.052513,172.31.46.0-255,66,258897,53,265031
5565,0.054819,172.217.194.0-255,5738,264635,53,265031
5566,0.054826,172.31.46.0-255,66,264701,53,265031
5567,0.057092,172.217.194.0-255,93,264794,53,265031
5568,0.05886,172.31.46.0-255,66,264860,53,265031
5569,0.058911,172.31.46.0-255,105,264965,53,265031
5570,0.061161,172.217.194.0-255,66,265031,53,265031
5571,0.0,74.125.130.0-255,146,146,53,360442
5572,2.3e-05,172.31.46.0-255,66,212,53,360442
5573,3e-05,74.125.130.0-255,1484,1696,53,360442
5574,3.4e-05,172.31.46.0-255,66,1762,53,360442
5575,4.8e-05,74.125.130.0-255,2902,4664,53,360442
5576,5.2e-05,172.31.46.0-255,66,4730,53,360442
5577,5.5e-05,74.125.130.0-255,1484,6214,53,360442
5578,5.8e-05,172.31.46.0-255,66,6280,53,360442
5579,6.3e-05,74.125.130.0-255,2902,9182,53,360442
5580,6.6e-05,172.31.46.0-255,66,9248,53,360442
5581,9.1e-05,74.125.130.0-255,2902,12150,53,360442
5582,9.8e-05,172.31.46.0-255,66,12216,53,360442
5583,0.000123,74.125.130.0-255,1929,14145,53,360442
5584,0.000126,172.31.46.0-255,66,14211,53,360442
5585,0.000153,74.125.130.0-255,5738,19949,53,360442
5586,0.000157,172.31.46.0-255,66,20015,53,360442
5587,0.000185,74.125.130.0-255,7156,27171,53,360442
5588,0.000188,172.31.46.0-255,66,27237,53,360442
5589,0.000192,74.125.130.0-255,2902,30139,53,360442
5590,0.000194,172.31.46.0-255,66,30205,53,360442
5591,0.000246,74.125.130.0-255,1125,31330,53,360442
5592,0.000249,172.31.46.0-255,66,31396,53,360442
5593,0.00045,74.125.130.0-255,1484,32880,53,360442
5594,0.000455,172.31.46.0-255,66,32946,53,360442
5595,0.000461,74.125.130.0-255,2902,35848,53,360442
5596,0.000463,172.31.46.0-255,66,35914,53,360442
5597,0.000514,74.125.130.0-255,5738,41652,53,360442
5598,0.000517,172.31.46.0-255,66,41718,53,360442
5599,0.000549,74.125.130.0-255,6797,48515,53,360442
5600,0.000552,172.31.46.0-255,66,48581,53,360442
5601,0.000555,74.125.130.0-255,1484,50065,53,360442
5602,0.000557,172.31.46.0-255,66,50131,53,360442
5603,0.000561,74.125.130.0-255,2902,53033,53,360442
5604,0.000564,172.31.46.0-255,66,53099,53,360442
5605,0.000603,74.125.130.0-255,5738,58837,53,360442
5606,0.000607,172.31.46.0-255,66,58903,53,360442
5607,0.000613,74.125.130.0-255,4320,63223,53,360442
5608,0.000616,172.31.46.0-255,66,63289,53,360442
5609,0.000655,74.125.130.0-255,2834,66123,53,360442
5610,0.000658,172.31.46.0-255,66,66189,53,360442
5611,0.000675,74.125.130.0-255,365,66554,53,360442
5612,0.000761,74.125.130.0-255,1484,68038,53,360442
5613,0.000765,172.31.46.0-255,66,68104,53,360442
5614,0.000784,74.125.130.0-255,2902,71006,53,360442
5615,0.000787,172.31.46.0-255,66,71072,53,360442
5616,0.000792,74.125.130.0-255,2902,73974,53,360442
5617,0.000794,172.31.46.0-255,66,74040,53,360442
5618,0.00084,74.125.130.0-255,2902,76942,53,360442
5619,0.000843,172.31.46.0-255,66,77008,53,360442
5620,0.000847,74.125.130.0-255,1484,78492,53,360442
5621,0.000881,74.125.130.0-255,1484,79976,53,360442
5622,0.000884,172.31.46.0-255,66,80042,53,360442
5623,0.000889,74.125.130.0-255,2902,82944,53,360442
5624,0.000891,172.31.46.0-255,66,83010,53,360442
5625,0.000914,74.125.130.0-255,1484,84494,53,360442
5626,0.000918,74.125.130.0-255,2902,87396,53,360442
5627,0.000927,172.31.46.0-255,66,87462,53,360442
5628,0.000957,74.125.130.0-255,5738,93200,53,360442
5629,0.00096,172.31.46.0-255,66,93266,53,360442
5630,0.000993,74.125.130.0-255,7156,100422,53,360442
5631,0.000996,74.125.130.0-255,766,101188,53,360442
5632,0.001003,172.31.46.0-255,66,101254,53,360442
5633,0.001169,74.125.130.0-255,1484,102738,53,360442
5634,0.001173,172.31.46.0-255,66,102804,53,360442
5635,0.0012,74.125.130.0-255,2902,105706,53,360442
5636,0.001202,172.31.46.0-255,66,105772,53,360442
5637,0.001221,74.125.130.0-255,2902,108674,53,360442
5638,0.001223,172.31.46.0-255,66,108740,53,360442
5639,0.001229,74.125.130.0-255,4320,113060,53,360442
5640,0.001231,172.31.46.0-255,66,113126,53,360442
5641,0.001263,74.125.130.0-255,5738,118864,53,360442
5642,0.001266,172.31.46.0-255,66,118930,53,360442
5643,0.001311,74.125.130.0-255,5738,124668,53,360442
5644,0.001315,172.31.46.0-255,66,124734,53,360442
5645,0.00134,74.125.130.0-255,1484,126218,53,360442
5646,0.001352,172.31.46.0-255,66,126284,53,360442
5647,0.001355,74.125.130.0-255,766,127050,53,360442
5648,0.001671,74.125.130.0-255,1484,128534,53,360442
5649,0.001676,172.31.46.0-255,66,128600,53,360442
5650,0.001682,74.125.130.0-255,2902,131502,53,360442
5651,0.001684,172.31.46.0-255,66,131568,53,360442
5652,0.00172,74.125.130.0-255,2902,134470,53,360442
5653,0.001723,172.31.46.0-255,66,134536,53,360442
5654,0.001729,74.125.130.0-255,4320,138856,53,360442
5655,0.001731,172.31.46.0-255,66,138922,53,360442
5656,0.001775,74.125.130.0-255,7156,146078,53,360442
5657,0.001778,172.31.46.0-255,66,146144,53,360442
5658,0.001785,74.125.130.0-255,5738,151882,53,360442
5659,0.001787,172.31.46.0-255,66,151948,53,360442
5660,0.001807,74.125.130.0-255,2902,154850,53,360442
5661,0.001809,172.31.46.0-255,66,154916,53,360442
5662,0.001818,74.125.130.0-255,6438,161354,53,360442
5663,0.00182,172.31.46.0-255,66,161420,53,360442
5664,0.002183,74.125.130.0-255,1484,162904,53,360442
5665,0.00219,74.125.130.0-255,2902,165806,53,360442
5666,0.002193,172.31.46.0-255,66,165872,53,360442
5667,0.002219,74.125.130.0-255,5738,171610,53,360442
5668,0.002222,172.31.46.0-255,66,171676,53,360442
5669,0.002265,74.125.130.0-255,2902,174578,53,360442
5670,0.002267,172.31.46.0-255,66,174644,53,360442
5671,0.002296,74.125.130.0-255,4320,178964,53,360442
5672,0.002298,172.31.46.0-255,66,179030,53,360442
5673,0.002316,172.31.46.0-255,66,179096,53,360442
5674,0.002353,172.31.46.0-255,66,179162,53,360442
5675,0.002379,74.125.130.0-255,7156,186318,53,360442
5676,0.002382,172.31.46.0-255,66,186384,53,360442
5677,0.002415,74.125.130.0-255,7156,193540,53,360442
5678,0.002418,172.31.46.0-255,66,193606,53,360442
5679,0.002442,74.125.130.0-255,1484,195090,53,360442
5680,0.002446,74.125.130.0-255,1484,196574,53,360442
5681,0.002448,172.31.46.0-255,66,196640,53,360442
5682,0.002453,74.125.130.0-255,2902,199542,53,360442
5683,0.002455,172.31.46.0-255,66,199608,53,360442
5684,0.002475,74.125.130.0-255,5020,204628,53,360442
5685,0.002482,172.31.46.0-255,66,204694,53,360442
5686,0.002538,74.125.130.0-255,1484,206178,53,360442
5687,0.002566,74.125.130.0-255,1484,207662,53,360442
5688,0.00257,172.31.46.0-255,66,207728,53,360442
5689,0.002573,74.125.130.0-255,1484,209212,53,360442
5690,0.002595,74.125.130.0-255,1484,210696,53,360442
5691,0.002597,172.31.46.0-255,66,210762,53,360442
5692,0.002628,74.125.130.0-255,5738,216500,53,360442
5693,0.002631,172.31.46.0-255,66,216566,53,360442
5694,0.002651,74.125.130.0-255,4320,220886,53,360442
5695,0.002654,172.31.46.0-255,66,220952,53,360442
5696,0.002682,74.125.130.0-255,2902,223854,53,360442
5697,0.002685,172.31.46.0-255,66,223920,53,360442
5698,0.005271,74.125.130.0-255,5738,229658,53,360442
5699,0.005294,172.31.46.0-255,66,229724,53,360442
5700,0.007889,74.125.130.0-255,2902,232626,53,360442
5701,0.007896,172.31.46.0-255,66,232692,53,360442
5702,0.007913,74.125.130.0-255,2902,235594,53,360442
5703,0.007917,172.31.46.0-255,66,235660,53,360442
5704,0.01054,74.125.130.0-255,5738,241398,53,360442
5705,0.010555,172.31.46.0-255,66,241464,53,360442
5706,0.013181,74.125.130.0-255,5738,247202,53,360442
5707,0.0132,172.31.46.0-255,66,247268,53,360442
5708,0.015825,74.125.130.0-255,5738,253006,53,360442
5709,0.015845,172.31.46.0-255,66,253072,53,360442
5710,0.018474,74.125.130.0-255,5738,258810,53,360442
5711,0.018492,172.31.46.0-255,66,258876,53,360442
5712,0.02112,74.125.130.0-255,5738,264614,53,360442
5713,0.021133,172.31.46.0-255,66,264680,53,360442
5714,0.023756,74.125.130.0-255,5738,270418,53,360442
5715,0.023774,172.31.46.0-255,66,270484,53,360442
5716,0.026405,74.125.130.0-255,5738,276222,53,360442
5717,0.026421,172.31.46.0-255,66,276288,53,360442
5718,0.029035,74.125.130.0-255,5738,282026,53,360442
5719,0.029047,172.31.46.0-255,66,282092,53,360442
5720,0.031665,74.125.130.0-255,5738,287830,53,360442
5721,0.031678,172.31.46.0-255,66,287896,53,360442
5722,0.034291,74.125.130.0-255,5738,293634,53,360442
5723,0.03431,172.31.46.0-255,66,293700,53,360442
5724,0.036943,74.125.130.0-255,5738,299438,53,360442
5725,0.036962,172.31.46.0-255,66,299504,53,360442
5726,0.039597,74.125.130.0-255,5738,305242,53,360442
5727,0.039628,172.31.46.0-255,66,305308,53,360442
5728,0.042247,74.125.130.0-255,5738,311046,53,360442
5729,0.042261,172.31.46.0-255,66,311112,53,360442
5730,0.044872,74.125.130.0-255,5738,316850,53,360442
5731,0.044885,172.31.46.0-255,66,316916,53,360442
5732,0.045326,172.31.46.0-255,172,317088,53,360442
5733,0.04536,172.31.46.0-255,1074,318162,53,360442
5734,0.046893,104.244.42.0-255,66,318228,53,360442
5735,0.046934,104.244.42.0-255,66,318294,53,360442
5736,0.047546,74.125.130.0-255,5738,324032,53,360442
5737,0.047558,172.31.46.0-255,66,324098,53,360442
5738,0.050199,74.125.130.0-255,5738,329836,53,360442
5739,0.050218,172.31.46.0-255,66,329902,53,360442
5740,0.052895,74.125.130.0-255,5738,335640,53,360442
5741,0.052909,172.31.46.0-255,66,335706,53,360442
5742,0.055548,74.125.130.0-255,5738,341444,53,360442
5743,0.055567,172.31.46.0-255,66,341510,53,360442
5744,0.058199,74.125.130.0-255,5738,347248,53,360442
5745,0.05822,172.31.46.0-255,66,347314,53,360442
5746,0.060851,74.125.130.0-255,5738,353052,53,360442
5747,0.060869,172.31.46.0-255,66,353118,53,360442
5748,0.06349,74.125.130.0-255,5738,358856,53,360442
5749,0.063508,172.31.46.0-255,66,358922,53,360442
5750,0.066119,74.125.130.0-255,1283,360205,53,360442
5751,0.066411,172.31.46.0-255,66,360271,53,360442
5752,0.066456,172.31.46.0-255,105,360376,53,360442
5753,0.069056,74.125.130.0-255,66,360442,53,360442
5754,0.0,74.125.24.0-255,145,145,53,357886
5755,2.3e-05,172.31.46.0-255,66,211,53,357886
5756,3e-05,74.125.24.0-255,1484,1695,53,357886
5757,3.6e-05,172.31.46.0-255,66,1761,53,357886
5758,4.9e-05,74.125.24.0-255,2902,4663,53,357886
5759,5.3e-05,172.31.46.0-255,66,4729,53,357886
5760,5.6e-05,74.125.24.0-255,1484,6213,53,357886
5761,5.9e-05,172.31.46.0-255,66,6279,53,357886
5762,6.7e-05,74.125.24.0-255,5738,12017,53,357886
5763,7e-05,172.31.46.0-255,66,12083,53,357886
5764,8.2e-05,74.125.24.0-255,1484,13567,53,357886
5765,8.4e-05,172.31.46.0-255,66,13633,53,357886
5766,0.000108,74.125.24.0-255,662,14295,53,357886
5767,0.00011,172.31.46.0-255,66,14361,53,357886
5768,0.000137,74.125.24.0-255,2902,17263,53,357886
5769,0.00014,172.31.46.0-255,66,17329,53,357886
5770,0.000167,74.125.24.0-255,1484,18813,53,357886
5771,0.000169,172.31.46.0-255,66,18879,53,357886
5772,0.000176,74.125.24.0-255,5738,24617,53,357886
5773,0.000179,172.31.46.0-255,66,24683,53,357886
5774,0.000204,74.125.24.0-255,6797,31480,53,357886
5775,0.00021,172.31.46.0-255,66,31546,53,357886
5776,0.000285,74.125.24.0-255,1484,33030,53,357886
5777,0.000288,172.31.46.0-255,66,33096,53,357886
5778,0.000315,74.125.24.0-255,2902,35998,53,357886
5779,0.000318,172.31.46.0-255,66,36064,53,357886
5780,0.000324,74.125.24.0-255,5738,41802,53,357886
5781,0.000326,172.31.46.0-255,66,41868,53,357886
5782,0.000358,74.125.24.0-255,6797,48665,53,357886
5783,0.00036,172.31.46.0-255,66,48731,53,357886
5784,0.000888,74.125.24.0-255,1484,50215,53,357886
5785,0.000895,172.31.46.0-255,66,50281,53,357886
5786,0.000901,74.125.24.0-255,2902,53183,53,357886
5787,0.000903,172.31.46.0-255,66,53249,53,357886
5788,0.000916,74.125.24.0-255,5738,58987,53,357886
5789,0.000919,172.31.46.0-255,66,59053,53,357886
5790,0.000964,74.125.24.0-255,4320,63373,53,357886
5791,0.000967,172.31.46.0-255,66,63439,53,357886
5792,0.000991,74.125.24.0-255,2543,65982,53,357886
5793,0.000994,172.31.46.0-255,66,66048,53,357886
5794,0.001674,74.125.24.0-255,1484,67532,53,357886
5795,0.001686,74.125.24.0-255,2902,70434,53,357886
5796,0.00169,172.31.46.0-255,66,70500,53,357886
5797,0.001698,74.125.24.0-255,5738,76238,53,357886
5798,0.0017,172.31.46.0-255,66,76304,53,357886
5799,0.00172,74.125.24.0-255,2902,79206,53,357886
5800,0.001726,172.31.46.0-255,66,79272,53,357886
5801,0.001765,172.31.46.0-255,66,79338,53,357886
5802,0.001772,74.125.24.0-255,5738,85076,53,357886
5803,0.001774,172.31.46.0-255,66,85142,53,357886
5804,0.001806,74.125.24.0-255,5020,90162,53,357886
5805,0.001808,172.31.46.0-255,66,90228,53,357886
5806,0.001841,74.125.24.0-255,2902,93130,53,357886
5807,0.001844,172.31.46.0-255,66,93196,53,357886
5808,0.00185,74.125.24.0-255,4320,97516,53,357886
5809,0.001852,172.31.46.0-255,66,97582,53,357886
5810,0.001866,172.31.46.0-255,66,97648,53,357886
5811,0.001873,74.125.24.0-255,5738,103386,53,357886
5812,0.001876,172.31.46.0-255,66,103452,53,357886
5813,0.001913,74.125.24.0-255,7156,110608,53,357886
5814,0.001917,172.31.46.0-255,66,110674,53,357886
5815,0.001922,74.125.24.0-255,2902,113576,53,357886
5816,0.001924,172.31.46.0-255,66,113642,53,357886
5817,0.001966,74.125.24.0-255,2184,115826,53,357886
5818,0.001973,172.31.46.0-255,66,115892,53,357886
5819,0.001998,74.125.24.0-255,1484,117376,53,357886
5820,0.002004,74.125.24.0-255,2902,120278,53,357886
5821,0.002007,172.31.46.0-255,66,120344,53,357886
5822,0.002046,74.125.24.0-255,2902,123246,53,357886
5823,0.002048,172.31.46.0-255,66,123312,53,357886
5824,0.002077,74.125.24.0-255,2902,126214,53,357886
5825,0.00208,172.31.46.0-255,66,126280,53,357886
5826,0.002083,74.125.24.0-255,1484,127764,53,357886
5827,0.002095,172.31.46.0-255,66,127830,53,357886
5828,0.002114,172.31.46.0-255,66,127896,53,357886
5829,0.004489,74.125.24.0-255,5738,133634,53,357886
5830,0.0045,172.31.46.0-255,66,133700,53,357886
5831,0.006874,74.125.24.0-255,5738,139438,53,357886
5832,0.00688,172.31.46.0-255,66,139504,53,357886
5833,0.009257,74.125.24.0-255,5738,145242,53,357886
5834,0.009268,172.31.46.0-255,66,145308,53,357886
5835,0.011622,74.125.24.0-255,5738,151046,53,357886
5836,0.011639,172.31.46.0-255,66,151112,53,357886
5837,0.014017,74.125.24.0-255,5738,156850,53,357886
5838,0.014034,172.31.46.0-255,66,156916,53,357886
5839,0.016405,74.125.24.0-255,5738,162654,53,357886
5840,0.016419,172.31.46.0-255,66,162720,53,357886
5841,0.018791,74.125.24.0-255,5738,168458,53,357886
5842,0.018808,172.31.46.0-255,66,168524,53,357886
5843,0.021202,74.125.24.0-255,5738,174262,53,357886
5844,0.021221,172.31.46.0-255,66,174328,53,357886
5845,0.023603,74.125.24.0-255,5738,180066,53,357886
5846,0.023619,172.31.46.0-255,66,180132,53,357886
5847,0.026003,74.125.24.0-255,5738,185870,53,357886
5848,0.02602,172.31.46.0-255,66,185936,53,357886
5849,0.02841,74.125.24.0-255,5738,191674,53,357886
5850,0.028425,172.31.46.0-255,66,191740,53,357886
5851,0.030215,172.31.46.0-255,172,191912,53,357886
5852,0.03025,172.31.46.0-255,1112,193024,53,357886
5853,0.030314,172.31.46.0-255,1514,194538,53,357886
5854,0.030316,172.31.46.0-255,1291,195829,53,357886
5855,0.030804,74.125.24.0-255,5738,201567,53,357886
5856,0.030814,172.31.46.0-255,66,201633,53,357886
5857,0.031824,104.244.42.0-255,66,201699,53,357886
5858,0.031861,104.244.42.0-255,66,201765,53,357886
5859,0.031865,104.244.42.0-255,66,201831,53,357886
5860,0.033194,74.125.24.0-255,5738,207569,53,357886
5861,0.033209,172.31.46.0-255,66,207635,53,357886
5862,0.035589,74.125.24.0-255,5738,213373,53,357886
5863,0.035607,172.31.46.0-255,66,213439,53,357886
5864,0.037997,74.125.24.0-255,5738,219177,53,357886
5865,0.038014,172.31.46.0-255,66,219243,53,357886
5866,0.040392,74.125.24.0-255,5738,224981,53,357886
5867,0.040403,172.31.46.0-255,66,225047,53,357886
5868,0.042784,74.125.24.0-255,5738,230785,53,357886
5869,0.042799,172.31.46.0-255,66,230851,53,357886
5870,0.04519,74.125.24.0-255,5738,236589,53,357886
5871,0.045207,172.31.46.0-255,66,236655,53,357886
5872,0.047595,74.125.24.0-255,5738,242393,53,357886
5873,0.047612,172.31.46.0-255,66,242459,53,357886
5874,0.049997,74.125.24.0-255,5738,248197,53,357886
5875,0.050014,172.31.46.0-255,66,248263,53,357886
5876,0.052385,74.125.24.0-255,5738,254001,53,357886
5877,0.052398,172.31.46.0-255,66,254067,53,357886
5878,0.054763,74.125.24.0-255,5738,259805,53,357886
5879,0.054778,172.31.46.0-255,66,259871,53,357886
5880,0.057167,74.125.24.0-255,5738,265609,53,357886
5881,0.057185,172.31.46.0-255,66,265675,53,357886
5882,0.059559,74.125.24.0-255,5738,271413,53,357886
5883,0.059571,172.31.46.0-255,66,271479,53,357886
5884,0.061959,74.125.24.0-255,5738,277217,53,357886
5885,0.061978,172.31.46.0-255,66,277283,53,357886
5886,0.064351,74.125.24.0-255,5738,283021,53,357886
5887,0.064363,172.31.46.0-255,66,283087,53,357886
5888,0.066806,74.125.24.0-255,5738,288825,53,357886
5889,0.066822,172.31.46.0-255,66,288891,53,357886
5890,0.069193,74.125.24.0-255,5738,294629,53,357886
5891,0.069229,172.31.46.0-255,66,294695,53,357886
5892,0.071615,74.125.24.0-255,5738,300433,53,357886
5893,0.071632,172.31.46.0-255,66,300499,53,357886
5894,0.074052,74.125.24.0-255,5738,306237,53,357886
5895,0.074067,172.31.46.0-255,66,306303,53,357886
5896,0.076435,74.125.24.0-255,5738,312041,53,357886
5897,0.07645,172.31.46.0-255,66,312107,53,357886
5898,0.078852,74.125.24.0-255,5738,317845,53,357886
5899,0.078867,172.31.46.0-255,66,317911,53,357886
5900,0.081237,74.125.24.0-255,5738,323649,53,357886
5901,0.081255,172.31.46.0-255,66,323715,53,357886
5902,0.083625,74.125.24.0-255,5738,329453,53,357886
5903,0.083643,172.31.46.0-255,66,329519,53,357886
5904,0.086041,74.125.24.0-255,5738,335257,53,357886
5905,0.086072,172.31.46.0-255,66,335323,53,357886
5906,0.088447,74.125.24.0-255,5738,341061,53,357886
5907,0.088459,172.31.46.0-255,66,341127,53,357886
5908,0.090838,74.125.24.0-255,5738,346865,53,357886
5909,0.090856,172.31.46.0-255,66,346931,53,357886
5910,0.093234,74.125.24.0-255,5738,352669,53,357886
5911,0.09325,172.31.46.0-255,66,352735,53,357886
5912,0.095622,74.125.24.0-255,4914,357649,53,357886
5913,0.095638,172.31.46.0-255,66,357715,53,357886
5914,0.095927,172.31.46.0-255,105,357820,53,357886
5915,0.098264,74.125.24.0-255,66,357886,53,357886
5916,0.0,74.125.130.0-255,153,153,53,366525
5917,2.2e-05,172.31.46.0-255,66,219,53,366525
5918,3e-05,74.125.130.0-255,1484,1703,53,366525
5919,3.4e-05,172.31.46.0-255,66,1769,53,366525
5920,5e-05,74.125.130.0-255,1484,3253,53,366525
5921,5.2e-05,172.31.46.0-255,66,3319,53,366525
5922,7.5e-05,74.125.130.0-255,1484,4803,53,366525
5923,7.7e-05,172.31.46.0-255,66,4869,53,366525
5924,8.5e-05,74.125.130.0-255,4320,9189,53,366525
5925,8.7e-05,172.31.46.0-255,66,9255,53,366525
5926,0.000109,74.125.130.0-255,4320,13575,53,366525
5927,0.000112,172.31.46.0-255,66,13641,53,366525
5928,0.000134,74.125.130.0-255,4919,18560,53,366525
5929,0.000137,172.31.46.0-255,66,18626,53,366525
5930,0.000194,172.31.46.0-255,66,18692,53,366525
5931,0.000206,74.125.130.0-255,1484,20176,53,366525
5932,0.000208,172.31.46.0-255,66,20242,53,366525
5933,0.000283,74.125.130.0-255,2543,22785,53,366525
5934,0.000287,172.31.46.0-255,66,22851,53,366525
5935,0.00036,74.125.130.0-255,1484,24335,53,366525
5936,0.000363,172.31.46.0-255,66,24401,53,366525
5937,0.00038,74.125.130.0-255,2902,27303,53,366525
5938,0.000382,172.31.46.0-255,66,27369,53,366525
5939,0.000409,74.125.130.0-255,5738,33107,53,366525
5940,0.000411,172.31.46.0-255,66,33173,53,366525
5941,0.000444,74.125.130.0-255,5738,38911,53,366525
5942,0.000446,172.31.46.0-255,66,38977,53,366525
5943,0.000496,74.125.130.0-255,4320,43297,53,366525
5944,0.000499,172.31.46.0-255,66,43363,53,366525
5945,0.000516,74.125.130.0-255,2543,45906,53,366525
5946,0.000519,172.31.46.0-255,66,45972,53,366525
5947,0.000565,74.125.130.0-255,7156,53128,53,366525
5948,0.00057,172.31.46.0-255,66,53194,53,366525
5949,0.000622,74.125.130.0-255,1484,54678,53,366525
5950,0.000641,74.125.130.0-255,2831,57509,53,366525
5951,0.000644,172.31.46.0-255,66,57575,53,366525
5952,0.000647,74.125.130.0-255,367,57942,53,366525
5953,0.000809,74.125.130.0-255,1484,59426,53,366525
5954,0.000813,172.31.46.0-255,66,59492,53,366525
5955,0.000872,74.125.130.0-255,2902,62394,53,366525
5956,0.000875,172.31.46.0-255,66,62460,53,366525
5957,0.000883,74.125.130.0-255,5738,68198,53,366525
5958,0.000886,172.31.46.0-255,66,68264,53,366525
5959,0.000892,74.125.130.0-255,2902,71166,53,366525
5960,0.000894,172.31.46.0-255,66,71232,53,366525
5961,0.000923,74.125.130.0-255,5738,76970,53,366525
5962,0.000926,172.31.46.0-255,66,77036,53,366525
5963,0.000979,74.125.130.0-255,2902,79938,53,366525
5964,0.000982,172.31.46.0-255,66,80004,53,366525
5965,0.001006,74.125.130.0-255,7156,87160,53,366525
5966,0.001009,172.31.46.0-255,66,87226,53,366525
5967,0.001067,74.125.130.0-255,2902,90128,53,366525
5968,0.001071,172.31.46.0-255,66,90194,53,366525
5969,0.001086,74.125.130.0-255,2184,92378,53,366525
5970,0.001088,172.31.46.0-255,66,92444,53,366525
5971,0.001431,74.125.130.0-255,1484,93928,53,366525
5972,0.001446,74.125.130.0-255,2902,96830,53,366525
5973,0.001449,172.31.46.0-255,66,96896,53,366525
5974,0.001466,74.125.130.0-255,5738,102634,53,366525
5975,0.001469,172.31.46.0-255,66,102700,53,366525
5976,0.001519,74.125.130.0-255,1484,104184,53,366525
5977,0.001532,74.125.130.0-255,1484,105668,53,366525
5978,0.001535,172.31.46.0-255,66,105734,53,366525
5979,0.001559,74.125.130.0-255,4320,110054,53,366525
5980,0.001562,172.31.46.0-255,66,110120,53,366525
5981,0.001606,74.125.130.0-255,4320,114440,53,366525
5982,0.001609,172.31.46.0-255,66,114506,53,366525
5983,0.001638,74.125.130.0-255,4320,118826,53,366525
5984,0.00164,172.31.46.0-255,66,118892,53,366525
5985,0.001702,74.125.130.0-255,4320,123212,53,366525
5986,0.001705,172.31.46.0-255,66,123278,53,366525
5987,0.001746,74.125.130.0-255,3602,126880,53,366525
5988,0.00175,172.31.46.0-255,66,126946,53,366525
5989,0.00176,172.31.46.0-255,66,127012,53,366525
5990,0.001828,74.125.130.0-255,5738,132750,53,366525
5991,0.001831,172.31.46.0-255,66,132816,53,366525
5992,0.001865,172.31.46.0-255,66,132882,53,366525
5993,0.001991,74.125.130.0-255,4320,137202,53,366525
5994,0.001997,172.31.46.0-255,66,137268,53,366525
5995,0.002006,74.125.130.0-255,1484,138752,53,366525
5996,0.002033,74.125.130.0-255,766,139518,53,366525
5997,0.002035,172.31.46.0-255,66,139584,53,366525
5998,0.00216,74.125.130.0-255,1484,141068,53,366525
5999,0.002181,74.125.130.0-255,2902,143970,53,366525
6000,0.002185,172.31.46.0-255,66,144036,53,366525
6001,0.002203,74.125.130.0-255,1484,145520,53,366525
6002,0.002208,74.125.130.0-255,2902,148422,53,366525
6003,0.002211,172.31.46.0-255,66,148488,53,366525
6004,0.002251,74.125.130.0-255,5738,154226,53,366525
6005,0.002255,172.31.46.0-255,66,154292,53,366525
6006,0.00228,74.125.130.0-255,2902,157194,53,366525
6007,0.002283,172.31.46.0-255,66,157260,53,366525
6008,0.002301,74.125.130.0-255,1484,158744,53,366525
6009,0.002319,74.125.130.0-255,2902,161646,53,366525
6010,0.002321,172.31.46.0-255,66,161712,53,366525
6011,0.002377,172.31.46.0-255,66,161778,53,366525
6012,0.002428,74.125.130.0-255,3602,165380,53,366525
6013,0.002431,172.31.46.0-255,66,165446,53,366525
6014,0.002538,74.125.130.0-255,1484,166930,53,366525
6015,0.002559,74.125.130.0-255,2902,169832,53,366525
6016,0.002562,172.31.46.0-255,66,169898,53,366525
6017,0.002566,74.125.130.0-255,1484,171382,53,366525
6018,0.005124,74.125.130.0-255,4320,175702,53,366525
6019,0.005142,172.31.46.0-255,66,175768,53,366525
6020,0.007713,74.125.130.0-255,2902,178670,53,366525
6021,0.007721,172.31.46.0-255,66,178736,53,366525
6022,0.007741,74.125.130.0-255,2902,181638,53,366525
6023,0.007744,172.31.46.0-255,66,181704,53,366525
6024,0.010287,74.125.130.0-255,5738,187442,53,366525
6025,0.010304,172.31.46.0-255,66,187508,53,366525
6026,0.012898,74.125.130.0-255,5738,193246,53,366525
6027,0.012917,172.31.46.0-255,66,193312,53,366525
6028,0.015484,74.125.130.0-255,5738,199050,53,366525
6029,0.015506,172.31.46.0-255,66,199116,53,366525
6030,0.018073,74.125.130.0-255,5738,204854,53,366525
6031,0.018092,172.31.46.0-255,66,204920,53,366525
6032,0.020654,74.125.130.0-255,5738,210658,53,366525
6033,0.020674,172.31.46.0-255,66,210724,53,366525
6034,0.023254,74.125.130.0-255,5738,216462,53,366525
6035,0.023272,172.31.46.0-255,66,216528,53,366525
6036,0.025849,74.125.130.0-255,5738,222266,53,366525
6037,0.025868,172.31.46.0-255,66,222332,53,366525
6038,0.028448,74.125.130.0-255,5738,228070,53,366525
6039,0.028469,172.31.46.0-255,66,228136,53,366525
6040,0.031031,74.125.130.0-255,5738,233874,53,366525
6041,0.031052,172.31.46.0-255,66,233940,53,366525
6042,0.033616,74.125.130.0-255,5738,239678,53,366525
6043,0.033634,172.31.46.0-255,66,239744,53,366525
6044,0.036202,74.125.130.0-255,5738,245482,53,366525
6045,0.036222,172.31.46.0-255,66,245548,53,366525
6046,0.038835,74.125.130.0-255,5738,251286,53,366525
6047,0.038853,172.31.46.0-255,66,251352,53,366525
6048,0.041413,74.125.130.0-255,5738,257090,53,366525
6049,0.041435,172.31.46.0-255,66,257156,53,366525
6050,0.044008,74.125.130.0-255,5738,262894,53,366525
6051,0.044027,172.31.46.0-255,66,262960,53,366525
6052,0.046572,74.125.130.0-255,5738,268698,53,366525
6053,0.046582,172.31.46.0-255,66,268764,53,366525
6054,0.046757,172.31.46.0-255,167,268931,53,366525
6055,0.046783,172.31.46.0-255,1112,270043,53,366525
6056,0.046916,172.31.46.0-255,1514,271557,53,366525
6057,0.046917,172.31.46.0-255,1514,273071,53,366525
6058,0.046919,172.31.46.0-255,1514,274585,53,366525
6059,0.04692,172.31.46.0-255,1514,276099,53,366525
6060,0.046946,172.31.46.0-255,1493,277592,53,366525
6061,0.048349,104.244.42.0-255,66,277658,53,366525
6062,0.048361,104.244.42.0-255,66,277724,53,366525
6063,0.048547,104.244.42.0-255,66,277790,53,366525
6064,0.049193,74.125.130.0-255,5738,283528,53,366525
6065,0.049204,172.31.46.0-255,66,283594,53,366525
6066,0.051794,74.125.130.0-255,5738,289332,53,366525
6067,0.051808,172.31.46.0-255,66,289398,53,366525
6068,0.054428,74.125.130.0-255,5738,295136,53,366525
6069,0.054438,172.31.46.0-255,66,295202,53,366525
6070,0.056991,74.125.130.0-255,5738,300940,53,366525
6071,0.056999,172.31.46.0-255,66,301006,53,366525
6072,0.059555,74.125.130.0-255,5738,306744,53,366525
6073,0.059564,172.31.46.0-255,66,306810,53,366525
6074,0.06212,74.125.130.0-255,5738,312548,53,366525
6075,0.062128,172.31.46.0-255,66,312614,53,366525
6076,0.064684,74.125.130.0-255,5738,318352,53,366525
6077,0.064692,172.31.46.0-255,66,318418,53,366525
6078,0.06728,74.125.130.0-255,5738,324156,53,366525
6079,0.067287,172.31.46.0-255,66,324222,53,366525
6080,0.069862,74.125.130.0-255,5738,329960,53,366525
6081,0.069869,172.31.46.0-255,66,330026,53,366525
6082,0.072425,74.125.130.0-255,5738,335764,53,366525
6083,0.072432,172.31.46.0-255,66,335830,53,366525
6084,0.074985,74.125.130.0-255,5738,341568,53,366525
6085,0.074998,172.31.46.0-255,66,341634,53,366525
6086,0.077551,74.125.130.0-255,5738,347372,53,366525
6087,0.077566,172.31.46.0-255,66,347438,53,366525
6088,0.080143,74.125.130.0-255,5738,353176,53,366525
6089,0.08016,172.31.46.0-255,66,353242,53,366525
6090,0.082874,74.125.130.0-255,5738,358980,53,366525
6091,0.082892,172.31.46.0-255,66,359046,53,366525
6092,0.085453,74.125.130.0-255,5738,364784,53,366525
6093,0.085467,172.31.46.0-255,66,364850,53,366525
6094,0.088064,74.125.130.0-255,1438,366288,53,366525
6095,0.088332,172.31.46.0-255,66,366354,53,366525
6096,0.088375,172.31.46.0-255,105,366459,53,366525
6097,0.090934,74.125.130.0-255,66,366525,53,366525
6098,0.0,172.217.194.0-255,153,153,53,307099
6099,2.3e-05,172.31.46.0-255,66,219,53,307099
6100,3.1e-05,172.217.194.0-255,1484,1703,53,307099
6101,3.5e-05,172.31.46.0-255,66,1769,53,307099
6102,4.8e-05,172.217.194.0-255,2902,4671,53,307099
6103,5.2e-05,172.31.46.0-255,66,4737,53,307099
6104,6.1e-05,172.217.194.0-255,7156,11893,53,307099
6105,6.3e-05,172.31.46.0-255,66,11959,53,307099
6106,7e-05,172.217.194.0-255,4950,16909,53,307099
6107,7.2e-05,172.31.46.0-255,66,16975,53,307099
6108,0.000118,172.31.46.0-255,66,17041,53,307099
6109,0.000202,172.217.194.0-255,1484,18525,53,307099
6110,0.000206,172.31.46.0-255,66,18591,53,307099
6111,0.000211,172.217.194.0-255,2902,21493,53,307099
6112,0.000213,172.31.46.0-255,66,21559,53,307099
6113,0.000222,172.217.194.0-255,1484,23043,53,307099
6114,0.000224,172.31.46.0-255,66,23109,53,307099
6115,0.000254,172.217.194.0-255,4320,27429,53,307099
6116,0.000257,172.31.46.0-255,66,27495,53,307099
6117,0.000273,172.31.46.0-255,66,27561,53,307099
6118,0.000292,172.217.194.0-255,2543,30104,53,307099
6119,0.000294,172.31.46.0-255,66,30170,53,307099
6120,0.000307,172.31.46.0-255,66,30236,53,307099
6121,0.001167,172.217.194.0-255,362,30598,53,307099
6122,0.001174,172.31.46.0-255,66,30664,53,307099
6123,0.001352,172.217.194.0-255,1484,32148,53,307099
6124,0.001357,172.31.46.0-255,66,32214,53,307099
6125,0.001363,172.217.194.0-255,2902,35116,53,307099
6126,0.001365,172.31.46.0-255,66,35182,53,307099
6127,0.001377,172.217.194.0-255,5738,40920,53,307099
6128,0.001379,172.31.46.0-255,66,40986,53,307099
6129,0.001417,172.217.194.0-255,7156,48142,53,307099
6130,0.00142,172.31.46.0-255,66,48208,53,307099
6131,0.001431,172.31.46.0-255,66,48274,53,307099
6132,0.001458,172.217.194.0-255,5738,54012,53,307099
6133,0.001461,172.31.46.0-255,66,54078,53,307099
6134,0.001465,172.217.194.0-255,2499,56577,53,307099
6135,0.001467,172.31.46.0-255,66,56643,53,307099
6136,0.001509,172.217.194.0-255,1484,58127,53,307099
6137,0.001516,172.217.194.0-255,2902,61029,53,307099
6138,0.001519,172.31.46.0-255,66,61095,53,307099
6139,0.001551,172.217.194.0-255,5738,66833,53,307099
6140,0.001554,172.31.46.0-255,66,66899,53,307099
6141,0.001582,172.31.46.0-255,66,66965,53,307099
6142,0.001587,172.217.194.0-255,2902,69867,53,307099
6143,0.001589,172.31.46.0-255,66,69933,53,307099
6144,0.001625,172.217.194.0-255,5738,75671,53,307099
6145,0.001627,172.31.46.0-255,66,75737,53,307099
6146,0.001631,172.217.194.0-255,1484,77221,53,307099
6147,0.001657,172.217.194.0-255,5020,82241,53,307099
6148,0.00166,172.31.46.0-255,66,82307,53,307099
6149,0.001667,172.217.194.0-255,7156,89463,53,307099
6150,0.00167,172.31.46.0-255,66,89529,53,307099
6151,0.001679,172.217.194.0-255,2902,92431,53,307099
6152,0.001681,172.31.46.0-255,66,92497,53,307099
6153,0.001724,172.31.46.0-255,66,92563,53,307099
6154,0.001731,172.217.194.0-255,5738,98301,53,307099
6155,0.001733,172.31.46.0-255,66,98367,53,307099
6156,0.001736,172.217.194.0-255,1484,99851,53,307099
6157,0.001772,172.31.46.0-255,66,99917,53,307099
6158,0.001784,172.31.46.0-255,66,99983,53,307099
6159,0.001825,172.31.46.0-255,66,100049,53,307099
6160,0.001855,172.217.194.0-255,6438,106487,53,307099
6161,0.001858,172.31.46.0-255,66,106553,53,307099
6162,0.003845,172.217.194.0-255,5738,112291,53,307099
6163,0.003854,172.31.46.0-255,66,112357,53,307099
6164,0.005862,172.217.194.0-255,5738,118095,53,307099
6165,0.005866,172.31.46.0-255,66,118161,53,307099
6166,0.007887,172.217.194.0-255,5738,123899,53,307099
6167,0.007895,172.31.46.0-255,66,123965,53,307099
6168,0.009933,172.217.194.0-255,5738,129703,53,307099
6169,0.00994,172.31.46.0-255,66,129769,53,307099
6170,0.01197,172.217.194.0-255,5738,135507,53,307099
6171,0.011983,172.31.46.0-255,66,135573,53,307099
6172,0.014006,172.217.194.0-255,5738,141311,53,307099
6173,0.014016,172.31.46.0-255,66,141377,53,307099
6174,0.016061,172.217.194.0-255,5738,147115,53,307099
6175,0.016076,172.31.46.0-255,66,147181,53,307099
6176,0.018172,172.217.194.0-255,5738,152919,53,307099
6177,0.018183,172.31.46.0-255,66,152985,53,307099
6178,0.020238,172.217.194.0-255,5738,158723,53,307099
6179,0.020251,172.31.46.0-255,66,158789,53,307099
6180,0.022281,172.217.194.0-255,5738,164527,53,307099
6181,0.022291,172.31.46.0-255,66,164593,53,307099
6182,0.024326,172.217.194.0-255,5738,170331,53,307099
6183,0.024335,172.31.46.0-255,66,170397,53,307099
6184,0.026369,172.217.194.0-255,5738,176135,53,307099
6185,0.026384,172.31.46.0-255,66,176201,53,307099
6186,0.028406,172.217.194.0-255,5738,181939,53,307099
6187,0.028417,172.31.46.0-255,66,182005,53,307099
6188,0.03045,172.217.194.0-255,5738,187743,53,307099
6189,0.030458,172.31.46.0-255,66,187809,53,307099
6190,0.032509,172.217.194.0-255,5738,193547,53,307099
6191,0.032516,172.31.46.0-255,66,193613,53,307099
6192,0.032702,172.31.46.0-255,172,193785,53,307099
6193,0.032733,172.31.46.0-255,1112,194897,53,307099
6194,0.032793,172.31.46.0-255,1514,196411,53,307099
6195,0.032795,172.31.46.0-255,1514,197925,53,307099
6196,0.0328,172.31.46.0-255,1514,199439,53,307099
6197,0.032801,172.31.46.0-255,1514,200953,53,307099
6198,0.032818,172.31.46.0-255,482,201435,53,307099
6199,0.03423,104.244.42.0-255,66,201501,53,307099
6200,0.034297,104.244.42.0-255,66,201567,53,307099
6201,0.034399,104.244.42.0-255,66,201633,53,307099
6202,0.034412,104.244.42.0-255,66,201699,53,307099
6203,0.034544,172.217.194.0-255,5738,207437,53,307099
6204,0.034551,172.31.46.0-255,66,207503,53,307099
6205,0.036597,172.217.194.0-255,5738,213241,53,307099
6206,0.036606,172.31.46.0-255,66,213307,53,307099
6207,0.038605,172.217.194.0-255,5738,219045,53,307099
6208,0.038612,172.31.46.0-255,66,219111,53,307099
6209,0.040683,172.217.194.0-255,5738,224849,53,307099
6210,0.040698,172.31.46.0-255,66,224915,53,307099
6211,0.042723,172.217.194.0-255,5738,230653,53,307099
6212,0.042734,172.31.46.0-255,66,230719,53,307099
6213,0.044738,172.217.194.0-255,5738,236457,53,307099
6214,0.044747,172.31.46.0-255,66,236523,53,307099
6215,0.046762,172.217.194.0-255,5738,242261,53,307099
6216,0.046769,172.31.46.0-255,66,242327,53,307099
6217,0.048788,172.217.194.0-255,5738,248065,53,307099
6218,0.048796,172.31.46.0-255,66,248131,53,307099
6219,0.050848,172.217.194.0-255,5738,253869,53,307099
6220,0.050855,172.31.46.0-255,66,253935,53,307099
6221,0.052874,172.217.194.0-255,5738,259673,53,307099
6222,0.052885,172.31.46.0-255,66,259739,53,307099
6223,0.054929,172.217.194.0-255,5738,265477,53,307099
6224,0.054939,172.31.46.0-255,66,265543,53,307099
6225,0.05694,172.217.194.0-255,5738,271281,53,307099
6226,0.056948,172.31.46.0-255,66,271347,53,307099
6227,0.058943,172.217.194.0-255,5738,277085,53,307099
6228,0.058954,172.31.46.0-255,66,277151,53,307099
6229,0.060993,172.217.194.0-255,5738,282889,53,307099
6230,0.061011,172.31.46.0-255,66,282955,53,307099
6231,0.063065,172.217.194.0-255,5738,288693,53,307099
6232,0.063073,172.31.46.0-255,66,288759,53,307099
6233,0.065154,172.217.194.0-255,5738,294497,53,307099
6234,0.065162,172.31.46.0-255,66,294563,53,307099
6235,0.067216,172.217.194.0-255,5738,300301,53,307099
6236,0.067223,172.31.46.0-255,66,300367,53,307099
6237,0.069238,172.217.194.0-255,1484,301851,53,307099
6238,0.069277,172.217.194.0-255,4320,306171,53,307099
6239,0.069283,172.31.46.0-255,66,306237,53,307099
6240,0.071279,172.217.194.0-255,166,306403,53,307099
6241,0.071354,172.31.46.0-255,105,306508,53,307099
6242,0.07139,172.31.46.0-255,105,306613,53,307099
6243,0.071664,172.31.46.0-255,90,306703,53,307099
6244,0.071674,172.31.46.0-255,66,306769,53,307099
6245,0.073313,172.217.194.0-255,66,306835,53,307099
6246,0.073365,172.217.194.0-255,66,306901,53,307099
6247,0.073612,172.217.194.0-255,66,306967,53,307099
6248,0.073931,172.217.194.0-255,66,307033,53,307099
6249,0.073938,172.31.46.0-255,66,307099,53,307099
6250,0.0,74.125.24.0-255,146,146,53,295956
6251,2.3e-05,172.31.46.0-255,66,212,53,295956
6252,3e-05,74.125.24.0-255,1484,1696,53,295956
6253,3.4e-05,172.31.46.0-255,66,1762,53,295956
6254,4.6e-05,74.125.24.0-255,2902,4664,53,295956
6255,4.9e-05,172.31.46.0-255,66,4730,53,295956
6256,5.4e-05,74.125.24.0-255,2902,7632,53,295956
6257,5.6e-05,172.31.46.0-255,66,7698,53,295956
6258,9e-05,74.125.24.0-255,2902,10600,53,295956
6259,9.3e-05,172.31.46.0-255,66,10666,53,295956
6260,9.6e-05,74.125.24.0-255,1484,12150,53,295956
6261,9.8e-05,172.31.46.0-255,66,12216,53,295956
6262,0.000122,74.125.24.0-255,2106,14322,53,295956
6263,0.000124,172.31.46.0-255,66,14388,53,295956
6264,0.000146,74.125.24.0-255,1484,15872,53,295956
6265,0.000148,172.31.46.0-255,66,15938,53,295956
6266,0.000174,74.125.24.0-255,2902,18840,53,295956
6267,0.000176,172.31.46.0-255,66,18906,53,295956
6268,0.000182,74.125.24.0-255,5738,24644,53,295956
6269,0.000184,172.31.46.0-255,66,24710,53,295956
6270,0.000189,74.125.24.0-255,4320,29030,53,295956
6271,0.000191,172.31.46.0-255,66,29096,53,295956
6272,0.000222,74.125.24.0-255,2543,31639,53,295956
6273,0.000224,172.31.46.0-255,66,31705,53,295956
6274,0.000231,74.125.24.0-255,7156,38861,53,295956
6275,0.000233,172.31.46.0-255,66,38927,53,295956
6276,0.000238,74.125.24.0-255,4320,43247,53,295956
6277,0.00024,172.31.46.0-255,66,43313,53,295956
6278,0.000259,74.125.24.0-255,2902,46215,53,295956
6279,0.000261,172.31.46.0-255,66,46281,53,295956
6280,0.000291,74.125.24.0-255,2543,48824,53,295956
6281,0.000293,172.31.46.0-255,66,48890,53,295956
6282,0.000681,74.125.24.0-255,1484,50374,53,295956
6283,0.000686,172.31.46.0-255,66,50440,53,295956
6284,0.00069,74.125.24.0-255,1484,51924,53,295956
6285,0.000692,172.31.46.0-255,66,51990,53,295956
6286,0.000722,74.125.24.0-255,1484,53474,53,295956
6287,0.000724,172.31.46.0-255,66,53540,53,295956
6288,0.00073,74.125.24.0-255,5738,59278,53,295956
6289,0.000732,172.31.46.0-255,66,59344,53,295956
6290,0.00075,74.125.24.0-255,7156,66500,53,295956
6291,0.000766,172.31.46.0-255,66,66566,53,295956
6292,0.000786,74.125.24.0-255,6797,73363,53,295956
6293,0.000798,74.125.24.0-255,2902,76265,53,295956
6294,0.00081,172.31.46.0-255,66,76331,53,295956
6295,0.000858,172.31.46.0-255,66,76397,53,295956
6296,0.00126,74.125.24.0-255,1484,77881,53,295956
6297,0.001264,172.31.46.0-255,66,77947,53,295956
6298,0.00129,74.125.24.0-255,2902,80849,53,295956
6299,0.001292,172.31.46.0-255,66,80915,53,295956
6300,0.001297,74.125.24.0-255,5738,86653,53,295956
6301,0.0013,74.125.24.0-255,1484,88137,53,295956
6302,0.001323,74.125.24.0-255,5264,93401,53,295956
6303,0.001363,172.31.46.0-255,66,93467,53,295956
6304,0.001546,74.125.24.0-255,1484,94951,53,295956
6305,0.00155,172.31.46.0-255,66,95017,53,295956
6306,0.001557,74.125.24.0-255,2902,97919,53,295956
6307,0.001559,172.31.46.0-255,66,97985,53,295956
6308,0.00159,74.125.24.0-255,5738,103723,53,295956
6309,0.001606,74.125.24.0-255,4320,108043,53,295956
6310,0.001667,74.125.24.0-255,2902,110945,53,295956
6311,0.001746,74.125.24.0-255,1484,112429,53,295956
6312,0.001751,74.125.24.0-255,2902,115331,53,295956
6313,0.001775,74.125.24.0-255,5738,121069,53,295956
6314,0.001801,74.125.24.0-255,7156,128225,53,295956
6315,0.00182,74.125.24.0-255,5738,133963,53,295956
6316,0.001842,74.125.24.0-255,2184,136147,53,295956
6317,0.002034,74.125.24.0-255,1484,137631,53,295956
6318,0.002041,74.125.24.0-255,2902,140533,53,295956
6319,0.00207,74.125.24.0-255,5738,146271,53,295956
6320,0.002073,74.125.24.0-255,1484,147755,53,295956
6321,0.002084,74.125.24.0-255,2902,150657,53,295956
6322,0.00212,74.125.24.0-255,1484,152141,53,295956
6323,0.002246,74.125.24.0-255,1484,153625,53,295956
6324,0.002254,74.125.24.0-255,2902,156527,53,295956
6325,0.002258,74.125.24.0-255,1484,158011,53,295956
6326,0.002271,74.125.24.0-255,4320,162331,53,295956
6327,0.00726,172.31.46.0-255,66,162397,53,295956
6328,0.009578,74.125.24.0-255,5738,168135,53,295956
6329,0.009584,172.31.46.0-255,66,168201,53,295956
6330,0.011907,74.125.24.0-255,5738,173939,53,295956
6331,0.012045,172.31.46.0-255,66,174005,53,295956
6332,0.014351,74.125.24.0-255,5738,179743,53,295956
6333,0.01436,172.31.46.0-255,66,179809,53,295956
6334,0.016667,74.125.24.0-255,5738,185547,53,295956
6335,0.016675,172.31.46.0-255,66,185613,53,295956
6336,0.018988,74.125.24.0-255,5738,191351,53,295956
6337,0.018997,172.31.46.0-255,66,191417,53,295956
6338,0.021323,74.125.24.0-255,5738,197155,53,295956
6339,0.02133,172.31.46.0-255,66,197221,53,295956
6340,0.023613,74.125.24.0-255,5738,202959,53,295956
6341,0.023621,172.31.46.0-255,66,203025,53,295956
6342,0.025949,74.125.24.0-255,5738,208763,53,295956
6343,0.025956,172.31.46.0-255,66,208829,53,295956
6344,0.028239,74.125.24.0-255,5738,214567,53,295956
6345,0.028247,172.31.46.0-255,66,214633,53,295956
6346,0.030543,74.125.24.0-255,5738,220371,53,295956
6347,0.030552,172.31.46.0-255,66,220437,53,295956
6348,0.032171,172.31.46.0-255,167,220604,53,295956
6349,0.032204,172.31.46.0-255,1112,221716,53,295956
6350,0.032266,172.31.46.0-255,1514,223230,53,295956
6351,0.032268,172.31.46.0-255,1514,224744,53,295956
6352,0.032269,172.31.46.0-255,1514,226258,53,295956
6353,0.03227,172.31.46.0-255,1514,227772,53,295956
6354,0.032296,172.31.46.0-255,1507,229279,53,295956
6355,0.032834,74.125.24.0-255,5738,235017,53,295956
6356,0.03284,172.31.46.0-255,66,235083,53,295956
6357,0.033683,104.244.42.0-255,66,235149,53,295956
6358,0.033743,104.244.42.0-255,66,235215,53,295956
6359,0.033806,104.244.42.0-255,66,235281,53,295956
6360,0.033841,104.244.42.0-255,66,235347,53,295956
6361,0.03515,74.125.24.0-255,5738,241085,53,295956
6362,0.035157,172.31.46.0-255,66,241151,53,295956
6363,0.037459,74.125.24.0-255,5738,246889,53,295956
6364,0.037466,172.31.46.0-255,66,246955,53,295956
6365,0.039771,74.125.24.0-255,5738,252693,53,295956
6366,0.039777,172.31.46.0-255,66,252759,53,295956
6367,0.04207,74.125.24.0-255,5738,258497,53,295956
6368,0.042076,172.31.46.0-255,66,258563,53,295956
6369,0.044382,74.125.24.0-255,5738,264301,53,295956
6370,0.044389,172.31.46.0-255,66,264367,53,295956
6371,0.046686,74.125.24.0-255,5738,270105,53,295956
6372,0.046693,172.31.46.0-255,66,270171,53,295956
6373,0.048994,74.125.24.0-255,5738,275909,53,295956
6374,0.049001,172.31.46.0-255,66,275975,53,295956
6375,0.051273,74.125.24.0-255,5738,281713,53,295956
6376,0.05128,172.31.46.0-255,66,281779,53,295956
6377,0.053561,74.125.24.0-255,5738,287517,53,295956
6378,0.053568,172.31.46.0-255,66,287583,53,295956
6379,0.055865,74.125.24.0-255,5738,293321,53,295956
6380,0.055871,172.31.46.0-255,66,293387,53,295956
6381,0.058133,74.125.24.0-255,2332,295719,53,295956
6382,0.058138,172.31.46.0-255,66,295785,53,295956
6383,0.058298,172.31.46.0-255,105,295890,53,295956
6384,0.060536,74.125.24.0-255,66,295956,53,295956
6385,0.0,172.217.194.0-255,153,153,53,332164
6386,2.2e-05,172.31.46.0-255,66,219,53,332164
6387,2.9e-05,172.217.194.0-255,1484,1703,53,332164
6388,3.3e-05,172.31.46.0-255,66,1769,53,332164
6389,3.9e-05,172.217.194.0-255,2902,4671,53,332164
6390,5e-05,172.31.46.0-255,66,4737,53,332164
6391,5.8e-05,172.217.194.0-255,7156,11893,53,332164
6392,6.1e-05,172.31.46.0-255,66,11959,53,332164
6393,6.6e-05,172.217.194.0-255,2105,14064,53,332164
6394,6.8e-05,172.31.46.0-255,66,14130,53,332164
6395,0.000109,172.217.194.0-255,2902,17032,53,332164
6396,0.000113,172.31.46.0-255,66,17098,53,332164
6397,0.000116,172.217.194.0-255,1484,18582,53,332164
6398,0.000118,172.31.46.0-255,66,18648,53,332164
6399,0.000146,172.217.194.0-255,5738,24386,53,332164
6400,0.000149,172.31.46.0-255,66,24452,53,332164
6401,0.000193,172.217.194.0-255,6797,31249,53,332164
6402,0.000196,172.31.46.0-255,66,31315,53,332164
6403,0.000266,172.217.194.0-255,1484,32799,53,332164
6404,0.00027,172.31.46.0-255,66,32865,53,332164
6405,0.000276,172.217.194.0-255,2902,35767,53,332164
6406,0.000278,172.31.46.0-255,66,35833,53,332164
6407,0.000282,172.217.194.0-255,1484,37317,53,332164
6408,0.00029,172.31.46.0-255,66,37383,53,332164
6409,0.000315,172.217.194.0-255,4320,41703,53,332164
6410,0.000318,172.31.46.0-255,66,41769,53,332164
6411,0.000321,172.217.194.0-255,1484,43253,53,332164
6412,0.000323,172.31.46.0-255,66,43319,53,332164
6413,0.000361,172.31.46.0-255,66,43385,53,332164
6414,0.000375,172.31.46.0-255,66,43451,53,332164
6415,0.00043,172.217.194.0-255,4214,47665,53,332164
6416,0.000434,172.217.194.0-255,118,47783,53,332164
6417,0.000482,172.31.46.0-255,66,47849,53,332164
6418,0.003383,172.217.194.0-255,382,48231,53,332164
6419,0.003581,172.31.46.0-255,66,48297,53,332164
6420,0.003666,172.217.194.0-255,1484,49781,53,332164
6421,0.003681,172.217.194.0-255,2902,52683,53,332164
6422,0.003684,172.31.46.0-255,66,52749,53,332164
6423,0.005583,172.217.194.0-255,1484,54233,53,332164
6424,0.00567,172.217.194.0-255,4320,58553,53,332164
6425,0.005674,172.31.46.0-255,66,58619,53,332164
6426,0.007676,172.217.194.0-255,5738,64357,53,332164
6427,0.007683,172.31.46.0-255,66,64423,53,332164
6428,0.0097,172.217.194.0-255,5738,70161,53,332164
6429,0.009709,172.31.46.0-255,66,70227,53,332164
6430,0.011692,172.217.194.0-255,2902,73129,53,332164
6431,0.0117,172.31.46.0-255,66,73195,53,332164
6432,0.011731,172.217.194.0-255,2902,76097,53,332164
6433,0.01177,172.31.46.0-255,66,76163,53,332164
6434,0.013671,172.217.194.0-255,2902,79065,53,332164
6435,0.013682,172.31.46.0-255,66,79131,53,332164
6436,0.013747,172.217.194.0-255,2902,82033,53,332164
6437,0.01375,172.31.46.0-255,66,82099,53,332164
6438,0.015687,172.217.194.0-255,2902,85001,53,332164
6439,0.015704,172.31.46.0-255,66,85067,53,332164
6440,0.015743,172.217.194.0-255,2902,87969,53,332164
6441,0.015747,172.31.46.0-255,66,88035,53,332164
6442,0.017694,172.217.194.0-255,2902,90937,53,332164
6443,0.017703,172.31.46.0-255,66,91003,53,332164
6444,0.017735,172.217.194.0-255,2902,93905,53,332164
6445,0.017738,172.31.46.0-255,66,93971,53,332164
6446,0.019673,172.217.194.0-255,2902,96873,53,332164
6447,0.019679,172.31.46.0-255,66,96939,53,332164
6448,0.019707,172.217.194.0-255,2902,99841,53,332164
6449,0.01971,172.31.46.0-255,66,99907,53,332164
6450,0.021686,172.217.194.0-255,5738,105645,53,332164
6451,0.021694,172.31.46.0-255,66,105711,53,332164
6452,0.023703,172.217.194.0-255,5738,111449,53,332164
6453,0.023713,172.31.46.0-255,66,111515,53,332164
6454,0.025708,172.217.194.0-255,5738,117253,53,332164
6455,0.025714,172.31.46.0-255,66,117319,53,332164
6456,0.027706,172.217.194.0-255,5738,123057,53,332164
6457,0.027714,172.31.46.0-255,66,123123,53,332164
6458,0.029735,172.217.194.0-255,5738,128861,53,332164
6459,0.029742,172.31.46.0-255,66,128927,53,332164
6460,0.031746,172.217.194.0-255,5738,134665,53,332164
6461,0.031755,172.31.46.0-255,66,134731,53,332164
6462,0.033761,172.217.194.0-255,5738,140469,53,332164
6463,0.033769,172.31.46.0-255,66,140535,53,332164
6464,0.034797,172.31.46.0-255,172,140707,53,332164
6465,0.034829,172.31.46.0-255,1112,141819,53,332164
6466,0.034898,172.31.46.0-255,1514,143333,53,332164
6467,0.0349,172.31.46.0-255,1514,144847,53,332164
6468,0.034905,172.31.46.0-255,1514,146361,53,332164
6469,0.034906,172.31.46.0-255,1514,147875,53,332164
6470,0.034924,172.31.46.0-255,1514,149389,53,332164
6471,0.034925,172.31.46.0-255,905,150294,53,332164
6472,0.03577,172.217.194.0-255,5738,156032,53,332164
6473,0.035776,172.31.46.0-255,66,156098,53,332164
6474,0.036333,104.244.42.0-255,66,156164,53,332164
6475,0.036366,104.244.42.0-255,66,156230,53,332164
6476,0.036487,104.244.42.0-255,66,156296,53,332164
6477,0.036519,104.244.42.0-255,66,156362,53,332164
6478,0.037749,172.217.194.0-255,5738,162100,53,332164
6479,0.037755,172.31.46.0-255,66,162166,53,332164
6480,0.039737,172.217.194.0-255,5738,167904,53,332164
6481,0.039742,172.31.46.0-255,66,167970,53,332164
6482,0.041732,172.217.194.0-255,5738,173708,53,332164
6483,0.041738,172.31.46.0-255,66,173774,53,332164
6484,0.0438,172.217.194.0-255,5738,179512,53,332164
6485,0.043806,172.31.46.0-255,66,179578,53,332164
6486,0.045802,172.217.194.0-255,5738,185316,53,332164
6487,0.045809,172.31.46.0-255,66,185382,53,332164
6488,0.047813,172.217.194.0-255,5738,191120,53,332164
6489,0.04782,172.31.46.0-255,66,191186,53,332164
6490,0.049814,172.217.194.0-255,5738,196924,53,332164
6491,0.04982,172.31.46.0-255,66,196990,53,332164
6492,0.051813,172.217.194.0-255,5738,202728,53,332164
6493,0.051834,172.31.46.0-255,66,202794,53,332164
6494,0.053848,172.217.194.0-255,5738,208532,53,332164
6495,0.053862,172.31.46.0-255,66,208598,53,332164
6496,0.055879,172.217.194.0-255,5738,214336,53,332164
6497,0.05589,172.31.46.0-255,66,214402,53,332164
6498,0.057872,172.217.194.0-255,5738,220140,53,332164
6499,0.057879,172.31.46.0-255,66,220206,53,332164
6500,0.059872,172.217.194.0-255,5738,225944,53,332164
6501,0.059877,172.31.46.0-255,66,226010,53,332164
6502,0.061867,172.217.194.0-255,5738,231748,53,332164
6503,0.061872,172.31.46.0-255,66,231814,53,332164
6504,0.063919,172.217.194.0-255,5738,237552,53,332164
6505,0.063926,172.31.46.0-255,66,237618,53,332164
6506,0.065951,172.217.194.0-255,5738,243356,53,332164
6507,0.065956,172.31.46.0-255,66,243422,53,332164
6508,0.067964,172.217.194.0-255,5738,249160,53,332164
6509,0.067971,172.31.46.0-255,66,249226,53,332164
6510,0.069976,172.217.194.0-255,5738,254964,53,332164
6511,0.069983,172.31.46.0-255,66,255030,53,332164
6512,0.071968,172.217.194.0-255,4320,259350,53,332164
6513,0.071975,172.31.46.0-255,66,259416,53,332164
6514,0.072003,172.217.194.0-255,1484,260900,53,332164
6515,0.073962,172.217.194.0-255,2902,263802,53,332164
6516,0.073968,172.31.46.0-255,66,263868,53,332164
6517,0.075966,172.217.194.0-255,4320,268188,53,332164
6518,0.075971,172.31.46.0-255,66,268254,53,332164
6519,0.075996,172.217.194.0-255,1484,269738,53,332164
6520,0.077954,172.217.194.0-255,4320,274058,53,332164
6521,0.077959,172.31.46.0-255,66,274124,53,332164
6522,0.079966,172.217.194.0-255,5738,279862,53,332164
6523,0.079971,172.31.46.0-255,66,279928,53,332164
6524,0.081973,172.217.194.0-255,5738,285666,53,332164
6525,0.081979,172.31.46.0-255,66,285732,53,332164
6526,0.083992,172.217.194.0-255,5738,291470,53,332164
6527,0.083999,172.31.46.0-255,66,291536,53,332164
6528,0.085996,172.217.194.0-255,5738,297274,53,332164
6529,0.086001,172.31.46.0-255,66,297340,53,332164
6530,0.088014,172.217.194.0-255,5738,303078,53,332164
6531,0.088019,172.31.46.0-255,66,303144,53,332164
6532,0.090023,172.217.194.0-255,5738,308882,53,332164
6533,0.090028,172.31.46.0-255,66,308948,53,332164
6534,0.092021,172.217.194.0-255,5738,314686,53,332164
6535,0.092027,172.31.46.0-255,66,314752,53,332164
6536,0.094001,172.217.194.0-255,5738,320490,53,332164
6537,0.094008,172.31.46.0-255,66,320556,53,332164
6538,0.095992,172.217.194.0-255,5738,326294,53,332164
6539,0.095998,172.31.46.0-255,66,326360,53,332164
6540,0.09802,172.217.194.0-255,5738,332098,53,332164
6541,0.098025,172.31.46.0-255,66,332164,53,332164
6542,0.0,74.125.24.0-255,151,151,53,337727
6543,2.4e-05,172.31.46.0-255,66,217,53,337727
6544,3.1e-05,74.125.24.0-255,1484,1701,53,337727
6545,3.6e-05,172.31.46.0-255,66,1767,53,337727
6546,5.1e-05,74.125.24.0-255,2902,4669,53,337727
6547,5.5e-05,172.31.46.0-255,66,4735,53,337727
6548,6.3e-05,74.125.24.0-255,7156,11891,53,337727
6549,6.6e-05,172.31.46.0-255,66,11957,53,337727
6550,7.1e-05,74.125.24.0-255,1984,13941,53,337727
6551,7.4e-05,172.31.46.0-255,66,14007,53,337727
6552,0.000222,74.125.24.0-255,1484,15491,53,337727
6553,0.000225,172.31.46.0-255,66,15557,53,337727
6554,0.000231,74.125.24.0-255,2902,18459,53,337727
6555,0.000233,172.31.46.0-255,66,18525,53,337727
6556,0.000244,74.125.24.0-255,5738,24263,53,337727
6557,0.000247,172.31.46.0-255,66,24329,53,337727
6558,0.000272,74.125.24.0-255,6797,31126,53,337727
6559,0.000279,172.31.46.0-255,66,31192,53,337727
6560,0.000394,74.125.24.0-255,1484,32676,53,337727
6561,0.000399,172.31.46.0-255,66,32742,53,337727
6562,0.000403,74.125.24.0-255,1484,34226,53,337727
6563,0.000405,172.31.46.0-255,66,34292,53,337727
6564,0.000439,74.125.24.0-255,1484,35776,53,337727
6565,0.000441,172.31.46.0-255,66,35842,53,337727
6566,0.000448,74.125.24.0-255,5738,41580,53,337727
6567,0.000451,172.31.46.0-255,66,41646,53,337727
6568,0.000481,74.125.24.0-255,6797,48443,53,337727
6569,0.000484,172.31.46.0-255,66,48509,53,337727
6570,0.000531,74.125.24.0-255,1484,49993,53,337727
6571,0.000533,172.31.46.0-255,66,50059,53,337727
6572,0.000538,74.125.24.0-255,2902,52961,53,337727
6573,0.00054,172.31.46.0-255,66,53027,53,337727
6574,0.000569,74.125.24.0-255,5738,58765,53,337727
6575,0.000571,172.31.46.0-255,66,58831,53,337727
6576,0.000577,74.125.24.0-255,4320,63151,53,337727
6577,0.000579,172.31.46.0-255,66,63217,53,337727
6578,0.000607,74.125.24.0-255,2543,65760,53,337727
6579,0.00061,172.31.46.0-255,66,65826,53,337727
6580,0.001808,74.125.24.0-255,646,66472,53,337727
6581,0.001985,74.125.24.0-255,1484,67956,53,337727
6582,0.001993,172.31.46.0-255,66,68022,53,337727
6583,0.002001,74.125.24.0-255,2902,70924,53,337727
6584,0.002003,172.31.46.0-255,66,70990,53,337727
6585,0.002015,74.125.24.0-255,5738,76728,53,337727
6586,0.002018,172.31.46.0-255,66,76794,53,337727
6587,0.002023,74.125.24.0-255,2902,79696,53,337727
6588,0.002025,172.31.46.0-255,66,79762,53,337727
6589,0.002066,172.31.46.0-255,66,79828,53,337727
6590,0.002075,74.125.24.0-255,7156,86984,53,337727
6591,0.002082,172.31.46.0-255,66,87050,53,337727
6592,0.002085,74.125.24.0-255,1484,88534,53,337727
6593,0.002113,74.125.24.0-255,2184,90718,53,337727
6594,0.002115,172.31.46.0-255,66,90784,53,337727
6595,0.004357,74.125.24.0-255,1484,92268,53,337727
6596,0.004372,74.125.24.0-255,4320,96588,53,337727
6597,0.004375,172.31.46.0-255,66,96654,53,337727
6598,0.006651,74.125.24.0-255,5738,102392,53,337727
6599,0.00666,172.31.46.0-255,66,102458,53,337727
6600,0.008954,74.125.24.0-255,5738,108196,53,337727
6601,0.008962,172.31.46.0-255,66,108262,53,337727
6602,0.011261,74.125.24.0-255,5738,114000,53,337727
6603,0.011274,172.31.46.0-255,66,114066,53,337727
6604,0.013541,74.125.24.0-255,5738,119804,53,337727
6605,0.013551,172.31.46.0-255,66,119870,53,337727
6606,0.01584,74.125.24.0-255,5738,125608,53,337727
6607,0.01585,172.31.46.0-255,66,125674,53,337727
6608,0.018136,74.125.24.0-255,5738,131412,53,337727
6609,0.018144,172.31.46.0-255,66,131478,53,337727
6610,0.020426,74.125.24.0-255,5738,137216,53,337727
6611,0.020434,172.31.46.0-255,66,137282,53,337727
6612,0.022721,74.125.24.0-255,5738,143020,53,337727
6613,0.022735,172.31.46.0-255,66,143086,53,337727
6614,0.025062,74.125.24.0-255,5738,148824,53,337727
6615,0.025082,172.31.46.0-255,66,148890,53,337727
6616,0.027383,74.125.24.0-255,5738,154628,53,337727
6617,0.027401,172.31.46.0-255,66,154694,53,337727
6618,0.029587,172.31.46.0-255,172,154866,53,337727
6619,0.029625,172.31.46.0-255,1113,155979,53,337727
6620,0.029679,74.125.24.0-255,5738,161717,53,337727
6621,0.029687,172.31.46.0-255,66,161783,53,337727
6622,0.029726,172.31.46.0-255,1514,163297,53,337727
6623,0.029728,172.31.46.0-255,1290,164587,53,337727
6624,0.031137,104.244.42.0-255,66,164653,53,337727
6625,0.031166,104.244.42.0-255,66,164719,53,337727
6626,0.031281,104.244.42.0-255,66,164785,53,337727
6627,0.031929,104.244.42.0-255,108,164893,53,337727
6628,0.031945,172.31.46.0-255,66,164959,53,337727
6629,0.031972,74.125.24.0-255,5738,170697,53,337727
6630,0.031975,172.31.46.0-255,66,170763,53,337727
6631,0.034288,74.125.24.0-255,5738,176501,53,337727
6632,0.034301,172.31.46.0-255,66,176567,53,337727
6633,0.036584,74.125.24.0-255,5738,182305,53,337727
6634,0.036603,172.31.46.0-255,66,182371,53,337727
6635,0.038941,74.125.24.0-255,5738,188109,53,337727
6636,0.038954,172.31.46.0-255,66,188175,53,337727
6637,0.041247,74.125.24.0-255,5738,193913,53,337727
6638,0.041261,172.31.46.0-255,66,193979,53,337727
6639,0.043534,74.125.24.0-255,5738,199717,53,337727
6640,0.043551,172.31.46.0-255,66,199783,53,337727
6641,0.045857,74.125.24.0-255,5738,205521,53,337727
6642,0.045872,172.31.46.0-255,66,205587,53,337727
6643,0.048162,74.125.24.0-255,5738,211325,53,337727
6644,0.048172,172.31.46.0-255,66,211391,53,337727
6645,0.050469,74.125.24.0-255,5738,217129,53,337727
6646,0.050476,172.31.46.0-255,66,217195,53,337727
6647,0.052753,74.125.24.0-255,5738,222933,53,337727
6648,0.052762,172.31.46.0-255,66,222999,53,337727
6649,0.055102,74.125.24.0-255,5738,228737,53,337727
6650,0.055112,172.31.46.0-255,66,228803,53,337727
6651,0.057442,74.125.24.0-255,5738,234541,53,337727
6652,0.057456,172.31.46.0-255,66,234607,53,337727
6653,0.059772,74.125.24.0-255,5738,240345,53,337727
6654,0.059784,172.31.46.0-255,66,240411,53,337727
6655,0.062107,74.125.24.0-255,5738,246149,53,337727
6656,0.06212,172.31.46.0-255,66,246215,53,337727
6657,0.064419,74.125.24.0-255,5738,251953,53,337727
6658,0.064439,172.31.46.0-255,66,252019,53,337727
6659,0.066721,74.125.24.0-255,5738,257757,53,337727
6660,0.066739,172.31.46.0-255,66,257823,53,337727
6661,0.069102,74.125.24.0-255,5738,263561,53,337727
6662,0.069114,172.31.46.0-255,66,263627,53,337727
6663,0.071416,74.125.24.0-255,5738,269365,53,337727
6664,0.071428,172.31.46.0-255,66,269431,53,337727
6665,0.073735,74.125.24.0-255,5738,275169,53,337727
6666,0.073751,172.31.46.0-255,66,275235,53,337727
6667,0.076066,74.125.24.0-255,5738,280973,53,337727
6668,0.07608,172.31.46.0-255,66,281039,53,337727
6669,0.078367,74.125.24.0-255,5738,286777,53,337727
6670,0.078382,172.31.46.0-255,66,286843,53,337727
6671,0.080695,74.125.24.0-255,5738,292581,53,337727
6672,0.080709,172.31.46.0-255,66,292647,53,337727
6673,0.083001,74.125.24.0-255,5738,298385,53,337727
6674,0.083013,172.31.46.0-255,66,298451,53,337727
6675,0.08531,74.125.24.0-255,5738,304189,53,337727
6676,0.085327,172.31.46.0-255,66,304255,53,337727
6677,0.0876,74.125.24.0-255,5738,309993,53,337727
6678,0.08761,172.31.46.0-255,66,310059,53,337727
6679,0.089873,74.125.24.0-255,5738,315797,53,337727
6680,0.089879,172.31.46.0-255,66,315863,53,337727
6681,0.092148,74.125.24.0-255,5738,321601,53,337727
6682,0.092154,172.31.46.0-255,66,321667,53,337727
6683,0.094455,74.125.24.0-255,5738,327405,53,337727
6684,0.094462,172.31.46.0-255,66,327471,53,337727
6685,0.096721,74.125.24.0-255,4320,331791,53,337727
6686,0.096727,172.31.46.0-255,66,331857,53,337727
6687,0.096754,74.125.24.0-255,1484,333341,53,337727
6688,0.099006,74.125.24.0-255,4320,337661,53,337727
6689,0.099016,172.31.46.0-255,66,337727,53,337727
6690,0.0,172.217.194.0-255,153,153,53,170201
6691,2.2e-05,172.31.46.0-255,66,219,53,170201
6692,2.9e-05,172.217.194.0-255,1484,1703,53,170201
6693,3.4e-05,172.31.46.0-255,66,1769,53,170201
6694,3.9e-05,172.217.194.0-255,2902,4671,53,170201
6695,4.2e-05,172.31.46.0-255,66,4737,53,170201
6696,5e-05,172.217.194.0-255,7156,11893,53,170201
6697,5.2e-05,172.31.46.0-255,66,11959,53,170201
6698,5.6e-05,172.217.194.0-255,2053,14012,53,170201
6699,5.9e-05,172.31.46.0-255,66,14078,53,170201
6700,9.9e-05,172.217.194.0-255,5738,19816,53,170201
6701,0.000102,172.31.46.0-255,66,19882,53,170201
6702,0.000121,172.217.194.0-255,2902,22784,53,170201
6703,0.000123,172.31.46.0-255,66,22850,53,170201
6704,0.000153,172.217.194.0-255,2902,25752,53,170201
6705,0.000155,172.31.46.0-255,66,25818,53,170201
6706,0.00017,172.217.194.0-255,5379,31197,53,170201
6707,0.000173,172.31.46.0-255,66,31263,53,170201
6708,0.000213,172.217.194.0-255,1484,32747,53,170201
6709,0.000216,172.31.46.0-255,66,32813,53,170201
6710,0.00023,172.217.194.0-255,2902,35715,53,170201
6711,0.000232,172.31.46.0-255,66,35781,53,170201
6712,0.000238,172.217.194.0-255,5738,41519,53,170201
6713,0.000241,172.31.46.0-255,66,41585,53,170201
6714,0.000266,172.31.46.0-255,66,41651,53,170201
6715,0.00027,172.217.194.0-255,2902,44553,53,170201
6716,0.000272,172.31.46.0-255,66,44619,53,170201
6717,0.000304,172.217.194.0-255,7156,51775,53,170201
6718,0.000307,172.31.46.0-255,66,51841,53,170201
6719,0.000312,172.217.194.0-255,3961,55802,53,170201
6720,0.000314,172.31.46.0-255,66,55868,53,170201
6721,0.000364,172.217.194.0-255,645,56513,53,170201
6722,0.000494,172.31.46.0-255,101,56614,53,170201
6723,0.000532,172.217.194.0-255,1484,58098,53,170201
6724,0.000538,172.217.194.0-255,2902,61000,53,170201
6725,0.000557,172.31.46.0-255,66,61066,53,170201
6726,0.000563,172.217.194.0-255,5738,66804,53,170201
6727,0.000576,172.217.194.0-255,5738,72542,53,170201
6728,0.000578,172.31.46.0-255,66,72608,53,170201
6729,0.0006,172.217.194.0-255,7156,79764,53,170201
6730,0.000603,172.217.194.0-255,1484,81248,53,170201
6731,0.000608,172.31.46.0-255,66,81314,53,170201
6732,0.00067,172.217.194.0-255,1484,82798,53,170201
6733,0.000673,172.31.46.0-255,66,82864,53,170201
6734,0.000706,172.31.46.0-255,66,82930,53,170201
6735,0.00075,172.217.194.0-255,1484,84414,53,170201
6736,0.000761,172.31.46.0-255,66,84480,53,170201
6737,0.000768,172.217.194.0-255,7156,91636,53,170201
6738,0.000774,172.31.46.0-255,66,91702,53,170201
6739,0.000812,172.217.194.0-255,2902,94604,53,170201
6740,0.000819,172.31.46.0-255,66,94670,53,170201
6741,0.000868,172.217.194.0-255,766,95436,53,170201
6742,0.000887,172.31.46.0-255,66,95502,53,170201
6743,0.000914,172.31.46.0-255,66,95568,53,170201
6744,0.000966,172.31.46.0-255,66,95634,53,170201
6745,0.001048,172.217.194.0-255,1484,97118,53,170201
6746,0.00106,172.217.194.0-255,2902,100020,53,170201
6747,0.00108,172.217.194.0-255,4320,104340,53,170201
6748,0.001083,172.217.194.0-255,1484,105824,53,170201
6749,0.001088,172.31.46.0-255,66,105890,53,170201
6750,0.001108,172.217.194.0-255,7156,113046,53,170201
6751,0.001119,172.31.46.0-255,66,113112,53,170201
6752,0.001122,172.217.194.0-255,1484,114596,53,170201
6753,0.00116,172.217.194.0-255,766,115362,53,170201
6754,0.001172,172.217.194.0-255,5738,121100,53,170201
6755,0.001175,172.31.46.0-255,66,121166,53,170201
6756,0.001179,172.31.46.0-255,66,121232,53,170201
6757,0.001185,172.217.194.0-255,1484,122716,53,170201
6758,0.001248,172.217.194.0-255,766,123482,53,170201
6759,0.00127,172.31.46.0-255,66,123548,53,170201
6760,0.00128,172.217.194.0-255,4320,127868,53,170201
6761,0.001285,172.31.46.0-255,66,127934,53,170201
6762,0.001324,172.31.46.0-255,66,128000,53,170201
6763,0.001339,172.217.194.0-255,2184,130184,53,170201
6764,0.001355,172.31.46.0-255,66,130250,53,170201
6765,0.001575,172.217.194.0-255,1484,131734,53,170201
6766,0.0016,172.217.194.0-255,2902,134636,53,170201
6767,0.001606,172.217.194.0-255,5738,140374,53,170201
6768,0.001624,172.217.194.0-255,1484,141858,53,170201
6769,0.00163,172.31.46.0-255,66,141924,53,170201
6770,0.001668,172.217.194.0-255,1484,143408,53,170201
6771,0.001671,172.31.46.0-255,66,143474,53,170201
6772,0.001688,172.217.194.0-255,766,144240,53,170201
6773,0.001691,172.31.46.0-255,66,144306,53,170201
6774,0.001704,172.217.194.0-255,1484,145790,53,170201
6775,0.001726,172.217.194.0-255,4320,150110,53,170201
6776,0.001731,172.217.194.0-255,4320,154430,53,170201
6777,0.001735,172.31.46.0-255,66,154496,53,170201
6778,0.001756,172.217.194.0-255,5738,160234,53,170201
6779,0.001763,172.217.194.0-255,5175,165409,53,170201
6780,0.001776,172.217.194.0-255,97,165506,53,170201
6781,0.001786,172.31.46.0-255,66,165572,53,170201
6782,0.001804,172.217.194.0-255,105,165677,53,170201
6783,0.002459,172.217.194.0-255,66,165743,53,170201
6784,0.003784,172.31.46.0-255,105,165848,53,170201
6785,0.005774,172.217.194.0-255,66,165914,53,170201
6786,0.031164,172.31.46.0-255,172,166086,53,170201
6787,0.031195,172.31.46.0-255,1112,167198,53,170201
6788,0.03125,172.31.46.0-255,1514,168712,53,170201
6789,0.031251,172.31.46.0-255,1291,170003,53,170201
6790,0.032691,104.244.42.0-255,66,170069,53,170201
6791,0.032766,104.244.42.0-255,66,170135,53,170201
6792,0.032813,104.244.42.0-255,66,170201,53,170201
6793,0.0,74.125.24.0-255,151,151,53,207838
6794,1.1e-05,172.31.46.0-255,66,217,53,207838
6795,1.6e-05,74.125.24.0-255,1484,1701,53,207838
6796,2e-05,172.31.46.0-255,66,1767,53,207838
6797,2.6e-05,74.125.24.0-255,2902,4669,53,207838
6798,2.8e-05,172.31.46.0-255,66,4735,53,207838
6799,7.8e-05,74.125.24.0-255,7156,11891,53,207838
6800,8.1e-05,172.31.46.0-255,66,11957,53,207838
6801,8.5e-05,74.125.24.0-255,2136,14093,53,207838
6802,8.6e-05,172.31.46.0-255,66,14159,53,207838
6803,0.000206,74.125.24.0-255,1484,15643,53,207838
6804,0.000209,172.31.46.0-255,66,15709,53,207838
6805,0.000213,74.125.24.0-255,1484,17193,53,207838
6806,0.000215,172.31.46.0-255,66,17259,53,207838
6807,0.000227,74.125.24.0-255,1484,18743,53,207838
6808,0.000229,172.31.46.0-255,66,18809,53,207838
6809,0.000243,74.125.24.0-255,4320,23129,53,207838
6810,0.000246,172.31.46.0-255,66,23195,53,207838
6811,0.000267,74.125.24.0-255,1484,24679,53,207838
6812,0.000269,172.31.46.0-255,66,24745,53,207838
6813,0.000274,74.125.24.0-255,4320,29065,53,207838
6814,0.000276,172.31.46.0-255,66,29131,53,207838
6815,0.00031,74.125.24.0-255,2543,31674,53,207838
6816,0.000313,172.31.46.0-255,66,31740,53,207838
6817,0.000478,74.125.24.0-255,1484,33224,53,207838
6818,0.000482,172.31.46.0-255,66,33290,53,207838
6819,0.000487,74.125.24.0-255,2902,36192,53,207838
6820,0.000489,172.31.46.0-255,66,36258,53,207838
6821,0.000493,74.125.24.0-255,2902,39160,53,207838
6822,0.000495,172.31.46.0-255,66,39226,53,207838
6823,0.000519,74.125.24.0-255,2902,42128,53,207838
6824,0.000522,172.31.46.0-255,66,42194,53,207838
6825,0.000533,172.31.46.0-255,66,42260,53,207838
6826,0.000547,74.125.24.0-255,3961,46221,53,207838
6827,0.000549,172.31.46.0-255,66,46287,53,207838
6828,0.000555,74.125.24.0-255,7156,53443,53,207838
6829,0.000557,172.31.46.0-255,66,53509,53,207838
6830,0.000577,74.125.24.0-255,2543,56052,53,207838
6831,0.000579,172.31.46.0-255,66,56118,53,207838
6832,0.001216,74.125.24.0-255,648,56766,53,207838
6833,0.001325,74.125.24.0-255,1484,58250,53,207838
6834,0.00133,172.31.46.0-255,66,58316,53,207838
6835,0.001352,74.125.24.0-255,2902,61218,53,207838
6836,0.001354,172.31.46.0-255,66,61284,53,207838
6837,0.00136,74.125.24.0-255,5738,67022,53,207838
6838,0.001362,172.31.46.0-255,66,67088,53,207838
6839,0.001389,172.31.46.0-255,66,67154,53,207838
6840,0.001406,74.125.24.0-255,1484,68638,53,207838
6841,0.001409,74.125.24.0-255,1484,70122,53,207838
6842,0.001411,172.31.46.0-255,66,70188,53,207838
6843,0.001439,172.31.46.0-255,66,70254,53,207838
6844,0.002122,74.125.24.0-255,1484,71738,53,207838
6845,0.00213,74.125.24.0-255,2902,74640,53,207838
6846,0.002134,172.31.46.0-255,66,74706,53,207838
6847,0.002142,74.125.24.0-255,5738,80444,53,207838
6848,0.002144,172.31.46.0-255,66,80510,53,207838
6849,0.002168,74.125.24.0-255,2902,83412,53,207838
6850,0.00217,172.31.46.0-255,66,83478,53,207838
6851,0.002176,74.125.24.0-255,4320,87798,53,207838
6852,0.002178,172.31.46.0-255,66,87864,53,207838
6853,0.002193,74.125.24.0-255,5738,93602,53,207838
6854,0.002195,172.31.46.0-255,66,93668,53,207838
6855,0.002234,172.31.46.0-255,66,93734,53,207838
6856,0.002335,74.125.24.0-255,1484,95218,53,207838
6857,0.002339,74.125.24.0-255,2902,98120,53,207838
6858,0.002342,172.31.46.0-255,66,98186,53,207838
6859,0.002345,74.125.24.0-255,1484,99670,53,207838
6860,0.002358,74.125.24.0-255,1484,101154,53,207838
6861,0.00236,172.31.46.0-255,66,101220,53,207838
6862,0.002364,74.125.24.0-255,1484,102704,53,207838
6863,0.002386,172.31.46.0-255,66,102770,53,207838
6864,0.00241,74.125.24.0-255,5738,108508,53,207838
6865,0.002413,172.31.46.0-255,66,108574,53,207838
6866,0.002444,172.31.46.0-255,66,108640,53,207838
6867,0.00247,74.125.24.0-255,1484,110124,53,207838
6868,0.002475,74.125.24.0-255,2902,113026,53,207838
6869,0.002477,172.31.46.0-255,66,113092,53,207838
6870,0.00248,74.125.24.0-255,1484,114576,53,207838
6871,0.002496,74.125.24.0-255,4320,118896,53,207838
6872,0.002499,172.31.46.0-255,66,118962,53,207838
6873,0.002504,74.125.24.0-255,4320,123282,53,207838
6874,0.002507,172.31.46.0-255,66,123348,53,207838
6875,0.002522,74.125.24.0-255,5738,129086,53,207838
6876,0.002525,172.31.46.0-255,66,129152,53,207838
6877,0.002594,172.31.46.0-255,66,129218,53,207838
6878,0.002598,74.125.24.0-255,2902,132120,53,207838
6879,0.0026,172.31.46.0-255,66,132186,53,207838
6880,0.002603,74.125.24.0-255,1484,133670,53,207838
6881,0.002636,172.31.46.0-255,66,133736,53,207838
6882,0.002647,172.31.46.0-255,66,133802,53,207838
6883,0.002679,74.125.24.0-255,6438,140240,53,207838
6884,0.002683,172.31.46.0-255,66,140306,53,207838
6885,0.002754,74.125.24.0-255,1484,141790,53,207838
6886,0.002768,74.125.24.0-255,2902,144692,53,207838
6887,0.00277,172.31.46.0-255,66,144758,53,207838
6888,0.002775,74.125.24.0-255,2902,147660,53,207838
6889,0.002777,172.31.46.0-255,66,147726,53,207838
6890,0.00279,74.125.24.0-255,2902,150628,53,207838
6891,0.002792,172.31.46.0-255,66,150694,53,207838
6892,0.002809,172.31.46.0-255,66,150760,53,207838
6893,0.002838,74.125.24.0-255,2902,153662,53,207838
6894,0.002841,172.31.46.0-255,66,153728,53,207838
6895,0.002844,74.125.24.0-255,1484,155212,53,207838
6896,0.002847,172.31.46.0-255,78,155290,53,207838
6897,0.00285,74.125.24.0-255,1484,156774,53,207838
6898,0.002853,172.31.46.0-255,66,156840,53,207838
6899,0.002859,74.125.24.0-255,4320,161160,53,207838
6900,0.002861,172.31.46.0-255,66,161226,53,207838
6901,0.002866,74.125.24.0-255,3602,164828,53,207838
6902,0.002869,172.31.46.0-255,66,164894,53,207838
6903,0.002937,74.125.24.0-255,1484,166378,53,207838
6904,0.002942,74.125.24.0-255,2902,169280,53,207838
6905,0.002944,172.31.46.0-255,66,169346,53,207838
6906,0.002962,74.125.24.0-255,2902,172248,53,207838
6907,0.002965,172.31.46.0-255,66,172314,53,207838
6908,0.00297,74.125.24.0-255,4320,176634,53,207838
6909,0.002972,172.31.46.0-255,66,176700,53,207838
6910,0.002999,74.125.24.0-255,2902,179602,53,207838
6911,0.003001,172.31.46.0-255,66,179668,53,207838
6912,0.003026,74.125.24.0-255,5738,185406,53,207838
6913,0.003028,172.31.46.0-255,66,185472,53,207838
6914,0.003034,74.125.24.0-255,5738,191210,53,207838
6915,0.003036,172.31.46.0-255,66,191276,53,207838
6916,0.003051,74.125.24.0-255,2902,194178,53,207838
6917,0.003054,172.31.46.0-255,66,194244,53,207838
6918,0.003098,172.31.46.0-255,66,194310,53,207838
6919,0.003111,172.31.46.0-255,66,194376,53,207838
6920,0.003129,74.125.24.0-255,4320,198696,53,207838
6921,0.003132,172.31.46.0-255,66,198762,53,207838
6922,0.003251,74.125.24.0-255,3456,202218,53,207838
6923,0.003253,74.125.24.0-255,105,202323,53,207838
6924,0.006171,172.31.46.0-255,66,202389,53,207838
6925,0.008775,172.31.46.0-255,105,202494,53,207838
6926,0.011065,74.125.24.0-255,66,202560,53,207838
6927,0.031829,172.31.46.0-255,172,202732,53,207838
6928,0.031857,172.31.46.0-255,1112,203844,53,207838
6929,0.03191,172.31.46.0-255,1514,205358,53,207838
6930,0.031911,172.31.46.0-255,1514,206872,53,207838
6931,0.031933,172.31.46.0-255,702,207574,53,207838
6932,0.03336,104.244.42.0-255,66,207640,53,207838
6933,0.033391,104.244.42.0-255,66,207706,53,207838
6934,0.033447,104.244.42.0-255,66,207772,53,207838
6935,0.033462,104.244.42.0-255,66,207838,53,207838
6936,0.0,74.125.24.0-255,148,148,53,221750
6937,2.2e-05,172.31.46.0-255,66,214,53,221750
6938,2.9e-05,74.125.24.0-255,1484,1698,53,221750
6939,3.5e-05,172.31.46.0-255,66,1764,53,221750
6940,4.2e-05,74.125.24.0-255,2902,4666,53,221750
6941,4.5e-05,172.31.46.0-255,66,4732,53,221750
6942,4.8e-05,74.125.24.0-255,1484,6216,53,221750
6943,5.1e-05,172.31.46.0-255,66,6282,53,221750
6944,5.6e-05,74.125.24.0-255,2902,9184,53,221750
6945,5.9e-05,172.31.46.0-255,66,9250,53,221750
6946,9.7e-05,74.125.24.0-255,6363,15613,53,221750
6947,0.0001,172.31.46.0-255,66,15679,53,221750
6948,0.000119,74.125.24.0-255,5738,21417,53,221750
6949,0.000122,172.31.46.0-255,66,21483,53,221750
6950,0.000141,74.125.24.0-255,1484,22967,53,221750
6951,0.000144,172.31.46.0-255,66,23033,53,221750
6952,0.00016,172.31.46.0-255,66,23099,53,221750
6953,0.000171,172.31.46.0-255,66,23165,53,221750
6954,0.000185,74.125.24.0-255,766,23931,53,221750
6955,0.000187,172.31.46.0-255,66,23997,53,221750
6956,0.000225,74.125.24.0-255,1484,25481,53,221750
6957,0.000228,172.31.46.0-255,66,25547,53,221750
6958,0.000233,74.125.24.0-255,2902,28449,53,221750
6959,0.000234,172.31.46.0-255,66,28515,53,221750
6960,0.000247,74.125.24.0-255,1484,29999,53,221750
6961,0.000249,172.31.46.0-255,66,30065,53,221750
6962,0.000253,74.125.24.0-255,2902,32967,53,221750
6963,0.000256,172.31.46.0-255,66,33033,53,221750
6964,0.000278,74.125.24.0-255,5738,38771,53,221750
6965,0.00028,172.31.46.0-255,66,38837,53,221750
6966,0.000304,74.125.24.0-255,2543,41380,53,221750
6967,0.000307,172.31.46.0-255,66,41446,53,221750
6968,0.000388,74.125.24.0-255,396,41842,53,221750
6969,0.000426,74.125.24.0-255,1484,43326,53,221750
6970,0.000429,172.31.46.0-255,66,43392,53,221750
6971,0.000436,74.125.24.0-255,4320,47712,53,221750
6972,0.000438,172.31.46.0-255,66,47778,53,221750
6973,0.000452,74.125.24.0-255,1484,49262,53,221750
6974,0.000468,74.125.24.0-255,7156,56418,53,221750
6975,0.000471,172.31.46.0-255,66,56484,53,221750
6976,0.000481,172.31.46.0-255,66,56550,53,221750
6977,0.000498,74.125.24.0-255,1484,58034,53,221750
6978,0.00051,74.125.24.0-255,1484,59518,53,221750
6979,0.000512,172.31.46.0-255,66,59584,53,221750
6980,0.000543,172.31.46.0-255,66,59650,53,221750
6981,0.000545,74.125.24.0-255,348,59998,53,221750
6982,0.000894,74.125.24.0-255,1484,61482,53,221750
6983,0.0009,172.31.46.0-255,66,61548,53,221750
6984,0.000906,74.125.24.0-255,2902,64450,53,221750
6985,0.000909,172.31.46.0-255,66,64516,53,221750
6986,0.000913,74.125.24.0-255,2902,67418,53,221750
6987,0.000915,172.31.46.0-255,66,67484,53,221750
6988,0.000947,74.125.24.0-255,7156,74640,53,221750
6989,0.000949,172.31.46.0-255,66,74706,53,221750
6990,0.000961,74.125.24.0-255,4320,79026,53,221750
6991,0.000963,172.31.46.0-255,66,79092,53,221750
6992,0.000992,172.31.46.0-255,66,79158,53,221750
6993,0.000997,74.125.24.0-255,3052,82210,53,221750
6994,0.000999,172.31.46.0-255,66,82276,53,221750
6995,0.001029,74.125.24.0-255,4320,86596,53,221750
6996,0.001031,172.31.46.0-255,66,86662,53,221750
6997,0.001053,74.125.24.0-255,7156,93818,53,221750
6998,0.001057,172.31.46.0-255,66,93884,53,221750
6999,0.001064,74.125.24.0-255,1484,95368,53,221750
7000,0.001084,172.31.46.0-255,66,95434,53,221750
7001,0.001086,74.125.24.0-255,1484,96918,53,221750
7002,0.00113,74.125.24.0-255,4320,101238,53,221750
7003,0.001132,172.31.46.0-255,66,101304,53,221750
7004,0.001148,74.125.24.0-255,3602,104906,53,221750
7005,0.00115,172.31.46.0-255,66,104972,53,221750
7006,0.001196,74.125.24.0-255,1484,106456,53,221750
7007,0.001208,74.125.24.0-255,2902,109358,53,221750
7008,0.00121,172.31.46.0-255,66,109424,53,221750
7009,0.001244,74.125.24.0-255,5738,115162,53,221750
7010,0.001246,172.31.46.0-255,66,115228,53,221750
7011,0.001258,172.31.46.0-255,66,115294,53,221750
7012,0.001305,74.125.24.0-255,4320,119614,53,221750
7013,0.001307,172.31.46.0-255,66,119680,53,221750
7014,0.001364,172.31.46.0-255,66,119746,53,221750
7015,0.001387,74.125.24.0-255,1484,121230,53,221750
7016,0.001402,74.125.24.0-255,2902,124132,53,221750
7017,0.001405,172.31.46.0-255,66,124198,53,221750
7018,0.001408,74.125.24.0-255,1484,125682,53,221750
7019,0.001425,74.125.24.0-255,4320,130002,53,221750
7020,0.001427,172.31.46.0-255,66,130068,53,221750
7021,0.001445,74.125.24.0-255,7156,137224,53,221750
7022,0.001448,172.31.46.0-255,66,137290,53,221750
7023,0.00147,74.125.24.0-255,5738,143028,53,221750
7024,0.001482,172.31.46.0-255,66,143094,53,221750
7025,0.001485,172.31.46.0-255,66,143160,53,221750
7026,0.001499,74.125.24.0-255,766,143926,53,221750
7027,0.001623,74.125.24.0-255,1484,145410,53,221750
7028,0.001627,172.31.46.0-255,66,145476,53,221750
7029,0.001659,74.125.24.0-255,1484,146960,53,221750
7030,0.001687,74.125.24.0-255,2902,149862,53,221750
7031,0.00169,172.31.46.0-255,66,149928,53,221750
7032,0.001711,74.125.24.0-255,4320,154248,53,221750
7033,0.001713,172.31.46.0-255,66,154314,53,221750
7034,0.001742,74.125.24.0-255,5738,160052,53,221750
7035,0.001754,172.31.46.0-255,66,160118,53,221750
7036,0.001757,172.31.46.0-255,66,160184,53,221750
7037,0.001779,74.125.24.0-255,2902,163086,53,221750
7038,0.001781,172.31.46.0-255,66,163152,53,221750
7039,0.001787,74.125.24.0-255,5738,168890,53,221750
7040,0.00179,172.31.46.0-255,66,168956,53,221750
7041,0.001807,74.125.24.0-255,4320,173276,53,221750
7042,0.001809,172.31.46.0-255,66,173342,53,221750
7043,0.001847,172.31.46.0-255,66,173408,53,221750
7044,0.001859,172.31.46.0-255,66,173474,53,221750
7045,0.001887,74.125.24.0-255,3602,177076,53,221750
7046,0.00189,172.31.46.0-255,66,177142,53,221750
7047,0.001896,74.125.24.0-255,4320,181462,53,221750
7048,0.001898,172.31.46.0-255,66,181528,53,221750
7049,0.001917,74.125.24.0-255,4320,185848,53,221750
7050,0.001931,74.125.24.0-255,4320,190168,53,221750
7051,0.001935,172.31.46.0-255,66,190234,53,221750
7052,0.001937,172.31.46.0-255,66,190300,53,221750
7053,0.001955,74.125.24.0-255,1484,191784,53,221750
7054,0.001962,74.125.24.0-255,7156,198940,53,221750
7055,0.001965,172.31.46.0-255,66,199006,53,221750
7056,0.001979,74.125.24.0-255,4320,203326,53,221750
7057,0.001982,172.31.46.0-255,66,203392,53,221750
7058,0.002007,172.31.46.0-255,66,203458,53,221750
7059,0.002021,172.31.46.0-255,66,203524,53,221750
7060,0.00205,74.125.24.0-255,2902,206426,53,221750
7061,0.002053,172.31.46.0-255,66,206492,53,221750
7062,0.002068,172.31.46.0-255,66,206558,53,221750
7063,0.002072,74.125.24.0-255,2902,209460,53,221750
7064,0.002074,172.31.46.0-255,66,209526,53,221750
7065,0.002118,172.31.46.0-255,66,209592,53,221750
7066,0.00213,172.31.46.0-255,66,209658,53,221750
7067,0.002134,74.125.24.0-255,2573,212231,53,221750
7068,0.002136,172.31.46.0-255,66,212297,53,221750
7069,0.004213,74.125.24.0-255,105,212402,53,221750
7070,0.004569,172.31.46.0-255,66,212468,53,221750
7071,0.004601,172.31.46.0-255,105,212573,53,221750
7072,0.006653,74.125.24.0-255,66,212639,53,221750
7073,0.036436,172.31.46.0-255,172,212811,53,221750
7074,0.036467,172.31.46.0-255,1112,213923,53,221750
7075,0.036538,172.31.46.0-255,1514,215437,53,221750
7076,0.03654,172.31.46.0-255,1514,216951,53,221750
7077,0.036542,172.31.46.0-255,1514,218465,53,221750
7078,0.036543,172.31.46.0-255,1514,219979,53,221750
7079,0.036569,172.31.46.0-255,1507,221486,53,221750
7080,0.03796,104.244.42.0-255,66,221552,53,221750
7081,0.03798,104.244.42.0-255,66,221618,53,221750
7082,0.038121,104.244.42.0-255,66,221684,53,221750
7083,0.038162,104.244.42.0-255,66,221750,53,221750
7084,0.0,172.217.194.0-255,150,150,53,286895
7085,2.6e-05,172.31.46.0-255,66,216,53,286895
7086,3.2e-05,172.217.194.0-255,1484,1700,53,286895
7087,3.6e-05,172.31.46.0-255,66,1766,53,286895
7088,4.2e-05,172.217.194.0-255,2902,4668,53,286895
7089,4.5e-05,172.31.46.0-255,66,4734,53,286895
7090,5.9e-05,172.217.194.0-255,7156,11890,53,286895
7091,6.2e-05,172.31.46.0-255,66,11956,53,286895
7092,9.4e-05,172.217.194.0-255,2072,14028,53,286895
7093,9.6e-05,172.31.46.0-255,66,14094,53,286895
7094,0.00015,172.217.194.0-255,1484,15578,53,286895
7095,0.000153,172.31.46.0-255,66,15644,53,286895
7096,0.000156,172.217.194.0-255,1484,17128,53,286895
7097,0.00016,172.31.46.0-255,66,17194,53,286895
7098,0.00018,172.217.194.0-255,1484,18678,53,286895
7099,0.000186,172.31.46.0-255,66,18744,53,286895
7100,0.000193,172.217.194.0-255,5738,24482,53,286895
7101,0.000195,172.31.46.0-255,66,24548,53,286895
7102,0.000203,172.217.194.0-255,6797,31345,53,286895
7103,0.000206,172.31.46.0-255,66,31411,53,286895
7104,0.000259,172.217.194.0-255,1484,32895,53,286895
7105,0.000262,172.31.46.0-255,66,32961,53,286895
7106,0.000267,172.217.194.0-255,2902,35863,53,286895
7107,0.000269,172.31.46.0-255,66,35929,53,286895
7108,0.000299,172.217.194.0-255,5738,41667,53,286895
7109,0.000303,172.31.46.0-255,66,41733,53,286895
7110,0.000309,172.217.194.0-255,4320,46053,53,286895
7111,0.000311,172.31.46.0-255,66,46119,53,286895
7112,0.000341,172.217.194.0-255,1484,47603,53,286895
7113,0.000344,172.31.46.0-255,66,47669,53,286895
7114,0.000354,172.217.194.0-255,1125,48794,53,286895
7115,0.000362,172.31.46.0-255,66,48860,53,286895
7116,0.000793,172.217.194.0-255,1484,50344,53,286895
7117,0.000805,172.217.194.0-255,2902,53246,53,286895
7118,0.000809,172.31.46.0-255,66,53312,53,286895
7119,0.000815,172.217.194.0-255,1484,54796,53,286895
7120,0.000849,172.217.194.0-255,4320,59116,53,286895
7121,0.000853,172.31.46.0-255,66,59182,53,286895
7122,0.00086,172.217.194.0-255,5738,64920,53,286895
7123,0.000863,172.31.46.0-255,66,64986,53,286895
7124,0.000895,172.217.194.0-255,1125,66111,53,286895
7125,0.0009,172.217.194.0-255,1484,67595,53,286895
7126,0.000903,172.31.46.0-255,66,67661,53,286895
7127,0.000908,172.217.194.0-255,2902,70563,53,286895
7128,0.000911,172.31.46.0-255,66,70629,53,286895
7129,0.000931,172.217.194.0-255,1484,72113,53,286895
7130,0.000934,172.217.194.0-255,1484,73597,53,286895
7131,0.000936,172.31.46.0-255,66,73663,53,286895
7132,0.000976,172.31.46.0-255,66,73729,53,286895
7133,0.000989,172.31.46.0-255,66,73795,53,286895
7134,0.00101,172.31.46.0-255,66,73861,53,286895
7135,0.001263,172.217.194.0-255,1484,75345,53,286895
7136,0.00127,172.217.194.0-255,2902,78247,53,286895
7137,0.001275,172.31.46.0-255,66,78313,53,286895
7138,0.001282,172.217.194.0-255,5738,84051,53,286895
7139,0.001286,172.31.46.0-255,66,84117,53,286895
7140,0.001323,172.217.194.0-255,5738,89855,53,286895
7141,0.001336,172.217.194.0-255,1484,91339,53,286895
7142,0.001341,172.31.46.0-255,66,91405,53,286895
7143,0.001344,172.31.46.0-255,66,91471,53,286895
7144,0.001375,172.217.194.0-255,3054,94525,53,286895
7145,0.001379,172.31.46.0-255,66,94591,53,286895
7146,0.001386,172.217.194.0-255,5738,100329,53,286895
7147,0.001389,172.31.46.0-255,66,100395,53,286895
7148,0.001404,172.217.194.0-255,4320,104715,53,286895
7149,0.001406,172.31.46.0-255,66,104781,53,286895
7150,0.00143,172.217.194.0-255,2902,107683,53,286895
7151,0.001433,172.31.46.0-255,66,107749,53,286895
7152,0.001441,172.217.194.0-255,7156,114905,53,286895
7153,0.001443,172.31.46.0-255,66,114971,53,286895
7154,0.001481,172.217.194.0-255,7156,122127,53,286895
7155,0.001488,172.217.194.0-255,6438,128565,53,286895
7156,0.00153,172.31.46.0-255,66,128631,53,286895
7157,0.001542,172.31.46.0-255,66,128697,53,286895
7158,0.002139,172.217.194.0-255,1484,130181,53,286895
7159,0.002145,172.217.194.0-255,2902,133083,53,286895
7160,0.002149,172.31.46.0-255,66,133149,53,286895
7161,0.002175,172.217.194.0-255,5738,138887,53,286895
7162,0.002177,172.31.46.0-255,66,138953,53,286895
7163,0.002183,172.217.194.0-255,4320,143273,53,286895
7164,0.002184,172.31.46.0-255,66,143339,53,286895
7165,0.002212,172.217.194.0-255,5738,149077,53,286895
7166,0.002214,172.31.46.0-255,66,149143,53,286895
7167,0.002219,172.217.194.0-255,4320,153463,53,286895
7168,0.002221,172.31.46.0-255,66,153529,53,286895
7169,0.002263,172.31.46.0-255,66,153595,53,286895
7170,0.002343,172.217.194.0-255,1484,155079,53,286895
7171,0.00236,172.217.194.0-255,2902,157981,53,286895
7172,0.002362,172.31.46.0-255,66,158047,53,286895
7173,0.002369,172.217.194.0-255,5738,163785,53,286895
7174,0.002371,172.31.46.0-255,66,163851,53,286895
7175,0.002374,172.217.194.0-255,1484,165335,53,286895
7176,0.002413,172.217.194.0-255,7156,172491,53,286895
7177,0.002416,172.31.46.0-255,66,172557,53,286895
7178,0.002419,172.217.194.0-255,1484,174041,53,286895
7179,0.002424,172.217.194.0-255,4320,178361,53,286895
7180,0.002425,172.31.46.0-255,66,178427,53,286895
7181,0.002461,172.217.194.0-255,766,179193,53,286895
7182,0.002464,172.31.46.0-255,66,179259,53,286895
7183,0.002781,172.217.194.0-255,1484,180743,53,286895
7184,0.002785,172.31.46.0-255,66,180809,53,286895
7185,0.002813,172.217.194.0-255,2902,183711,53,286895
7186,0.002817,172.31.46.0-255,66,183777,53,286895
7187,0.002825,172.217.194.0-255,1484,185261,53,286895
7188,0.002848,172.217.194.0-255,4320,189581,53,286895
7189,0.002851,172.31.46.0-255,66,189647,53,286895
7190,0.002864,172.217.194.0-255,7156,196803,53,286895
7191,0.002866,172.31.46.0-255,66,196869,53,286895
7192,0.002889,172.217.194.0-255,2902,199771,53,286895
7193,0.002891,172.31.46.0-255,66,199837,53,286895
7194,0.00291,172.31.46.0-255,66,199903,53,286895
7195,0.00297,172.217.194.0-255,1484,201387,53,286895
7196,0.002974,172.217.194.0-255,1484,202871,53,286895
7197,0.002977,172.31.46.0-255,66,202937,53,286895
7198,0.003,172.217.194.0-255,1484,204421,53,286895
7199,0.003003,172.217.194.0-255,1484,205905,53,286895
7200,0.003006,172.31.46.0-255,66,205971,53,286895
7201,0.003013,172.217.194.0-255,7156,213127,53,286895
7202,0.003015,172.31.46.0-255,66,213193,53,286895
7203,0.003029,172.217.194.0-255,1484,214677,53,286895
7204,0.003041,172.217.194.0-255,5738,220415,53,286895
7205,0.003043,172.31.46.0-255,66,220481,53,286895
7206,0.003075,172.217.194.0-255,2902,223383,53,286895
7207,0.003077,172.31.46.0-255,66,223449,53,286895
7208,0.003087,172.31.46.0-255,66,223515,53,286895
7209,0.003112,172.217.194.0-255,2184,225699,53,286895
7210,0.003115,172.31.46.0-255,66,225765,53,286895
7211,0.003118,172.217.194.0-255,1484,227249,53,286895
7212,0.003141,172.217.194.0-255,1484,228733,53,286895
7213,0.003143,172.31.46.0-255,66,228799,53,286895
7214,0.003149,172.217.194.0-255,4320,233119,53,286895
7215,0.003151,172.31.46.0-255,66,233185,53,286895
7216,0.003166,172.31.46.0-255,66,233251,53,286895
7217,0.003205,172.31.46.0-255,66,233317,53,286895
7218,0.003231,172.217.194.0-255,6438,239755,53,286895
7219,0.003234,172.31.46.0-255,66,239821,53,286895
7220,0.003264,172.217.194.0-255,7156,246977,53,286895
7221,0.003267,172.31.46.0-255,66,247043,53,286895
7222,0.003312,172.31.46.0-255,66,247109,53,286895
7223,0.003319,172.217.194.0-255,7156,254265,53,286895
7224,0.003321,172.31.46.0-255,66,254331,53,286895
7225,0.003324,172.217.194.0-255,1484,255815,53,286895
7226,0.003326,172.31.46.0-255,78,255893,53,286895
7227,0.003334,172.217.194.0-255,1484,257377,53,286895
7228,0.003336,172.31.46.0-255,78,257455,53,286895
7229,0.003338,172.217.194.0-255,766,258221,53,286895
7230,0.00334,172.31.46.0-255,78,258299,53,286895
7231,0.003344,172.217.194.0-255,2902,261201,53,286895
7232,0.003347,172.31.46.0-255,66,261267,53,286895
7233,0.003385,172.217.194.0-255,4320,265587,53,286895
7234,0.003387,172.31.46.0-255,66,265653,53,286895
7235,0.003417,172.217.194.0-255,5738,271391,53,286895
7236,0.00342,172.31.46.0-255,66,271457,53,286895
7237,0.003427,172.217.194.0-255,6903,278360,53,286895
7238,0.003429,172.31.46.0-255,66,278426,53,286895
7239,0.003435,172.217.194.0-255,105,278531,53,286895
7240,0.005021,172.31.46.0-255,66,278597,53,286895
7241,0.005071,172.31.46.0-255,105,278702,53,286895
7242,0.007052,172.217.194.0-255,66,278768,53,286895
7243,0.023092,172.31.46.0-255,164,278932,53,286895
7244,0.023146,172.31.46.0-255,1121,280053,53,286895
7245,0.023229,172.31.46.0-255,1514,281567,53,286895
7246,0.023232,172.31.46.0-255,1514,283081,53,286895
7247,0.023233,172.31.46.0-255,1514,284595,53,286895
7248,0.023234,172.31.46.0-255,1514,286109,53,286895
7249,0.02324,172.31.46.0-255,522,286631,53,286895
7250,0.024603,104.244.42.0-255,66,286697,53,286895
7251,0.02466,104.244.42.0-255,66,286763,53,286895
7252,0.024785,104.244.42.0-255,66,286829,53,286895
7253,0.024787,104.244.42.0-255,66,286895,53,286895
7254,0.0,74.125.24.0-255,153,153,53,192971
7255,2.3e-05,172.31.46.0-255,66,219,53,192971
7256,2.9e-05,74.125.24.0-255,1484,1703,53,192971
7257,3.4e-05,172.31.46.0-255,66,1769,53,192971
7258,3.9e-05,74.125.24.0-255,2902,4671,53,192971
7259,4.3e-05,172.31.46.0-255,66,4737,53,192971
7260,4.7e-05,74.125.24.0-255,2902,7639,53,192971
7261,5.1e-05,172.31.46.0-255,66,7705,53,192971
7262,5.6e-05,74.125.24.0-255,2902,10607,53,192971
7263,6e-05,172.31.46.0-255,66,10673,53,192971
7264,9e-05,172.31.46.0-255,66,10739,53,192971
7265,0.000104,172.31.46.0-255,66,10805,53,192971
7266,0.000155,74.125.24.0-255,1484,12289,53,192971
7267,0.000157,172.31.46.0-255,66,12355,53,192971
7268,0.000162,74.125.24.0-255,2902,15257,53,192971
7269,0.000164,172.31.46.0-255,66,15323,53,192971
7270,0.000187,74.125.24.0-255,5738,21061,53,192971
7271,0.000191,172.31.46.0-255,66,21127,53,192971
7272,0.000206,74.125.24.0-255,2902,24029,53,192971
7273,0.000208,172.31.46.0-255,66,24095,53,192971
7274,0.000241,172.31.46.0-255,66,24161,53,192971
7275,0.00026,74.125.24.0-255,7156,31317,53,192971
7276,0.000262,172.31.46.0-255,66,31383,53,192971
7277,0.000285,74.125.24.0-255,2851,34234,53,192971
7278,0.000287,172.31.46.0-255,66,34300,53,192971
7279,0.000299,74.125.24.0-255,115,34415,53,192971
7280,0.000301,172.31.46.0-255,66,34481,53,192971
7281,0.000329,74.125.24.0-255,329,34810,53,192971
7282,0.000332,172.31.46.0-255,66,34876,53,192971
7283,0.000495,74.125.24.0-255,1484,36360,53,192971
7284,0.000503,74.125.24.0-255,2902,39262,53,192971
7285,0.000507,172.31.46.0-255,66,39328,53,192971
7286,0.00053,74.125.24.0-255,5738,45066,53,192971
7287,0.000534,172.31.46.0-255,66,45132,53,192971
7288,0.000537,74.125.24.0-255,1484,46616,53,192971
7289,0.00055,74.125.24.0-255,4320,50936,53,192971
7290,0.000553,172.31.46.0-255,66,51002,53,192971
7291,0.000589,172.31.46.0-255,66,51068,53,192971
7292,0.000595,74.125.24.0-255,5020,56088,53,192971
7293,0.000598,172.31.46.0-255,66,56154,53,192971
7294,0.000758,74.125.24.0-255,1484,57638,53,192971
7295,0.000763,74.125.24.0-255,1484,59122,53,192971
7296,0.000766,172.31.46.0-255,66,59188,53,192971
7297,0.000788,74.125.24.0-255,1484,60672,53,192971
7298,0.000794,74.125.24.0-255,5738,66410,53,192971
7299,0.000796,172.31.46.0-255,66,66476,53,192971
7300,0.000801,74.125.24.0-255,2902,69378,53,192971
7301,0.000803,172.31.46.0-255,66,69444,53,192971
7302,0.000824,74.125.24.0-255,4320,73764,53,192971
7303,0.000826,172.31.46.0-255,66,73830,53,192971
7304,0.00087,172.31.46.0-255,66,73896,53,192971
7305,0.000894,74.125.24.0-255,4320,78216,53,192971
7306,0.000897,172.31.46.0-255,66,78282,53,192971
7307,0.000904,74.125.24.0-255,6438,84720,53,192971
7308,0.000906,172.31.46.0-255,66,84786,53,192971
7309,0.000956,172.31.46.0-255,66,84852,53,192971
7310,0.000967,172.31.46.0-255,66,84918,53,192971
7311,0.000973,74.125.24.0-255,5738,90656,53,192971
7312,0.000976,172.31.46.0-255,66,90722,53,192971
7313,0.000995,74.125.24.0-255,4320,95042,53,192971
7314,0.000997,172.31.46.0-255,66,95108,53,192971
7315,0.001001,74.125.24.0-255,1484,96592,53,192971
7316,0.001014,74.125.24.0-255,2902,99494,53,192971
7317,0.001017,172.31.46.0-255,66,99560,53,192971
7318,0.001034,172.31.46.0-255,66,99626,53,192971
7319,0.001057,172.31.46.0-255,66,99692,53,192971
7320,0.001061,74.125.24.0-255,2184,101876,53,192971
7321,0.001063,172.31.46.0-255,66,101942,53,192971
7322,0.001222,74.125.24.0-255,1484,103426,53,192971
7323,0.00123,74.125.24.0-255,2902,106328,53,192971
7324,0.001233,172.31.46.0-255,66,106394,53,192971
7325,0.001239,74.125.24.0-255,4320,110714,53,192971
7326,0.001241,172.31.46.0-255,66,110780,53,192971
7327,0.001253,74.125.24.0-255,1484,112264,53,192971
7328,0.001257,74.125.24.0-255,1484,113748,53,192971
7329,0.001259,172.31.46.0-255,66,113814,53,192971
7330,0.001289,172.31.46.0-255,66,113880,53,192971
7331,0.001326,172.31.46.0-255,66,113946,53,192971
7332,0.001355,172.31.46.0-255,66,114012,53,192971
7333,0.001378,74.125.24.0-255,7156,121168,53,192971
7334,0.001381,172.31.46.0-255,66,121234,53,192971
7335,0.001428,172.31.46.0-255,66,121300,53,192971
7336,0.001435,74.125.24.0-255,6438,127738,53,192971
7337,0.001437,172.31.46.0-255,66,127804,53,192971
7338,0.001459,74.125.24.0-255,1484,129288,53,192971
7339,0.001481,74.125.24.0-255,2902,132190,53,192971
7340,0.001485,172.31.46.0-255,66,132256,53,192971
7341,0.001491,74.125.24.0-255,5738,137994,53,192971
7342,0.001493,172.31.46.0-255,66,138060,53,192971
7343,0.001498,74.125.24.0-255,4320,142380,53,192971
7344,0.0015,172.31.46.0-255,66,142446,53,192971
7345,0.001524,74.125.24.0-255,2902,145348,53,192971
7346,0.001526,172.31.46.0-255,66,145414,53,192971
7347,0.00156,172.31.46.0-255,66,145480,53,192971
7348,0.001589,74.125.24.0-255,1484,146964,53,192971
7349,0.001604,74.125.24.0-255,5020,151984,53,192971
7350,0.001607,172.31.46.0-255,66,152050,53,192971
7351,0.001614,74.125.24.0-255,7156,159206,53,192971
7352,0.001617,172.31.46.0-255,66,159272,53,192971
7353,0.001653,74.125.24.0-255,2902,162174,53,192971
7354,0.001655,172.31.46.0-255,66,162240,53,192971
7355,0.001684,172.31.46.0-255,66,162306,53,192971
7356,0.001694,172.31.46.0-255,66,162372,53,192971
7357,0.0017,74.125.24.0-255,5738,168110,53,192971
7358,0.001703,172.31.46.0-255,66,168176,53,192971
7359,0.001757,74.125.24.0-255,6438,174614,53,192971
7360,0.001761,172.31.46.0-255,66,174680,53,192971
7361,0.001764,172.31.46.0-255,66,174746,53,192971
7362,0.001801,74.125.24.0-255,1484,176230,53,192971
7363,0.001814,74.125.24.0-255,2902,179132,53,192971
7364,0.001818,172.31.46.0-255,66,179198,53,192971
7365,0.001822,74.125.24.0-255,2902,182100,53,192971
7366,0.001824,172.31.46.0-255,66,182166,53,192971
7367,0.001839,74.125.24.0-255,2902,185068,53,192971
7368,0.001842,172.31.46.0-255,66,185134,53,192971
7369,0.00186,74.125.24.0-255,2902,188036,53,192971
7370,0.001863,172.31.46.0-255,66,188102,53,192971
7371,0.001884,172.31.46.0-255,66,188168,53,192971
7372,0.001902,74.125.24.0-255,105,188273,53,192971
7373,0.008214,172.31.46.0-255,66,188339,53,192971
7374,0.008257,172.31.46.0-255,105,188444,53,192971
7375,0.010281,74.125.24.0-255,66,188510,53,192971
7376,0.037518,172.31.46.0-255,172,188682,53,192971
7377,0.037552,172.31.46.0-255,1112,189794,53,192971
7378,0.037616,172.31.46.0-255,1514,191308,53,192971
7379,0.037618,172.31.46.0-255,1291,192599,53,192971
7380,0.039042,104.244.42.0-255,66,192665,53,192971
7381,0.039137,104.244.42.0-255,66,192731,53,192971
7382,0.039179,104.244.42.0-255,66,192797,53,192971
7383,0.039798,104.244.42.0-255,108,192905,53,192971
7384,0.039809,172.31.46.0-255,66,192971,53,192971
7385,0.0,74.125.24.0-255,153,153,53,332403
7386,1.7e-05,172.31.46.0-255,66,219,53,332403
7387,2.4e-05,74.125.24.0-255,1484,1703,53,332403
7388,2.9e-05,172.31.46.0-255,66,1769,53,332403
7389,3.4e-05,74.125.24.0-255,2902,4671,53,332403
7390,3.8e-05,172.31.46.0-255,66,4737,53,332403
7391,4.3e-05,74.125.24.0-255,2902,7639,53,332403
7392,4.6e-05,172.31.46.0-255,66,7705,53,332403
7393,6e-05,172.31.46.0-255,66,7771,53,332403
7394,0.000105,172.31.46.0-255,66,7837,53,332403
7395,0.000123,74.125.24.0-255,1125,8962,53,332403
7396,0.000125,172.31.46.0-255,66,9028,53,332403
7397,0.000187,74.125.24.0-255,1484,10512,53,332403
7398,0.000191,172.31.46.0-255,66,10578,53,332403
7399,0.000201,74.125.24.0-255,2902,13480,53,332403
7400,0.000205,172.31.46.0-255,66,13546,53,332403
7401,0.000217,74.125.24.0-255,2902,16448,53,332403
7402,0.000219,172.31.46.0-255,66,16514,53,332403
7403,0.00023,74.125.24.0-255,1484,17998,53,332403
7404,0.000232,172.31.46.0-255,66,18064,53,332403
7405,0.000239,74.125.24.0-255,5738,23802,53,332403
7406,0.000241,172.31.46.0-255,66,23868,53,332403
7407,0.000292,74.125.24.0-255,2543,26411,53,332403
7408,0.000295,172.31.46.0-255,66,26477,53,332403
7409,0.000462,74.125.24.0-255,1484,27961,53,332403
7410,0.000468,172.31.46.0-255,66,28027,53,332403
7411,0.000473,74.125.24.0-255,2902,30929,53,332403
7412,0.000476,172.31.46.0-255,66,30995,53,332403
7413,0.000497,74.125.24.0-255,5738,36733,53,332403
7414,0.000501,172.31.46.0-255,66,36799,53,332403
7415,0.000542,74.125.24.0-255,6797,43596,53,332403
7416,0.000546,172.31.46.0-255,66,43662,53,332403
7417,0.000886,74.125.24.0-255,646,44308,53,332403
7418,0.001214,172.31.46.0-255,66,44374,53,332403
7419,0.001297,74.125.24.0-255,1484,45858,53,332403
7420,0.001305,74.125.24.0-255,2902,48760,53,332403
7421,0.001308,172.31.46.0-255,66,48826,53,332403
7422,0.001314,74.125.24.0-255,2902,51728,53,332403
7423,0.001316,172.31.46.0-255,66,51794,53,332403
7424,0.001331,74.125.24.0-255,2902,54696,53,332403
7425,0.001333,172.31.46.0-255,66,54762,53,332403
7426,0.001349,74.125.24.0-255,1484,56246,53,332403
7427,0.001366,74.125.24.0-255,7156,63402,53,332403
7428,0.001368,172.31.46.0-255,66,63468,53,332403
7429,0.001394,74.125.24.0-255,4320,67788,53,332403
7430,0.001396,172.31.46.0-255,66,67854,53,332403
7431,0.001408,172.31.46.0-255,66,67920,53,332403
7432,0.001411,74.125.24.0-255,766,68686,53,332403
7433,0.001503,74.125.24.0-255,1484,70170,53,332403
7434,0.001507,172.31.46.0-255,66,70236,53,332403
7435,0.001513,74.125.24.0-255,2902,73138,53,332403
7436,0.001515,172.31.46.0-255,66,73204,53,332403
7437,0.001531,74.125.24.0-255,5738,78942,53,332403
7438,0.001534,172.31.46.0-255,66,79008,53,332403
7439,0.001561,172.31.46.0-255,66,79074,53,332403
7440,0.00158,74.125.24.0-255,4320,83394,53,332403
7441,0.001582,172.31.46.0-255,66,83460,53,332403
7442,0.001588,74.125.24.0-255,4320,87780,53,332403
7443,0.00159,172.31.46.0-255,66,87846,53,332403
7444,0.001611,74.125.24.0-255,4320,92166,53,332403
7445,0.001613,172.31.46.0-255,66,92232,53,332403
7446,0.001629,74.125.24.0-255,2184,94416,53,332403
7447,0.001631,172.31.46.0-255,66,94482,53,332403
7448,0.001665,74.125.24.0-255,4320,98802,53,332403
7449,0.001669,172.31.46.0-255,66,98868,53,332403
7450,0.001683,74.125.24.0-255,2902,101770,53,332403
7451,0.001686,172.31.46.0-255,66,101836,53,332403
7452,0.00169,74.125.24.0-255,2902,104738,53,332403
7453,0.001692,172.31.46.0-255,66,104804,53,332403
7454,0.001719,74.125.24.0-255,5738,110542,53,332403
7455,0.001722,172.31.46.0-255,66,110608,53,332403
7456,0.001732,172.31.46.0-255,66,110674,53,332403
7457,0.001751,74.125.24.0-255,1484,112158,53,332403
7458,0.001779,74.125.24.0-255,1484,113642,53,332403
7459,0.001781,172.31.46.0-255,66,113708,53,332403
7460,0.001806,74.125.24.0-255,6438,120146,53,332403
7461,0.001809,172.31.46.0-255,66,120212,53,332403
7462,0.001846,74.125.24.0-255,1484,121696,53,332403
7463,0.001859,74.125.24.0-255,2902,124598,53,332403
7464,0.001862,172.31.46.0-255,66,124664,53,332403
7465,0.00189,74.125.24.0-255,4320,128984,53,332403
7466,0.001893,172.31.46.0-255,66,129050,53,332403
7467,0.00191,74.125.24.0-255,1484,130534,53,332403
7468,0.001935,74.125.24.0-255,7156,137690,53,332403
7469,0.001938,172.31.46.0-255,66,137756,53,332403
7470,0.001957,74.125.24.0-255,2902,140658,53,332403
7471,0.00196,172.31.46.0-255,66,140724,53,332403
7472,0.001974,172.31.46.0-255,66,140790,53,332403
7473,0.001978,74.125.24.0-255,2184,142974,53,332403
7474,0.00198,172.31.46.0-255,66,143040,53,332403
7475,0.002037,74.125.24.0-255,1484,144524,53,332403
7476,0.002056,74.125.24.0-255,2902,147426,53,332403
7477,0.002059,172.31.46.0-255,66,147492,53,332403
7478,0.002064,74.125.24.0-255,4320,151812,53,332403
7479,0.002066,172.31.46.0-255,66,151878,53,332403
7480,0.002085,74.125.24.0-255,1484,153362,53,332403
7481,0.002091,74.125.24.0-255,4320,157682,53,332403
7482,0.002093,172.31.46.0-255,66,157748,53,332403
7483,0.0021,74.125.24.0-255,5738,163486,53,332403
7484,0.002103,172.31.46.0-255,66,163552,53,332403
7485,0.002129,74.125.24.0-255,5738,169290,53,332403
7486,0.002132,172.31.46.0-255,66,169356,53,332403
7487,0.002143,172.31.46.0-255,66,169422,53,332403
7488,0.004418,74.125.24.0-255,5738,175160,53,332403
7489,0.004425,172.31.46.0-255,66,175226,53,332403
7490,0.006712,74.125.24.0-255,4320,179546,53,332403
7491,0.006717,172.31.46.0-255,66,179612,53,332403
7492,0.006735,74.125.24.0-255,1484,181096,53,332403
7493,0.009017,74.125.24.0-255,4320,185416,53,332403
7494,0.009023,172.31.46.0-255,66,185482,53,332403
7495,0.011357,74.125.24.0-255,5738,191220,53,332403
7496,0.011366,172.31.46.0-255,66,191286,53,332403
7497,0.013731,74.125.24.0-255,5738,197024,53,332403
7498,0.01374,172.31.46.0-255,66,197090,53,332403
7499,0.016048,74.125.24.0-255,5738,202828,53,332403
7500,0.016058,172.31.46.0-255,66,202894,53,332403
7501,0.018367,74.125.24.0-255,5738,208632,53,332403
7502,0.018375,172.31.46.0-255,66,208698,53,332403
7503,0.020667,74.125.24.0-255,5738,214436,53,332403
7504,0.020676,172.31.46.0-255,66,214502,53,332403
7505,0.022984,74.125.24.0-255,5738,220240,53,332403
7506,0.022991,172.31.46.0-255,66,220306,53,332403
7507,0.025308,74.125.24.0-255,5738,226044,53,332403
7508,0.025314,172.31.46.0-255,66,226110,53,332403
7509,0.027603,74.125.24.0-255,5738,231848,53,332403
7510,0.027609,172.31.46.0-255,66,231914,53,332403
7511,0.029383,172.31.46.0-255,439,232353,53,332403
7512,0.029414,172.31.46.0-255,1112,233465,53,332403
7513,0.029475,172.31.46.0-255,1514,234979,53,332403
7514,0.029477,172.31.46.0-255,1514,236493,53,332403
7515,0.029501,172.31.46.0-255,702,237195,53,332403
7516,0.029889,74.125.24.0-255,4320,241515,53,332403
7517,0.029897,172.31.46.0-255,66,241581,53,332403
7518,0.029918,74.125.24.0-255,1484,243065,53,332403
7519,0.031027,104.244.42.0-255,66,243131,53,332403
7520,0.031056,104.244.42.0-255,66,243197,53,332403
7521,0.031074,104.244.42.0-255,66,243263,53,332403
7522,0.031085,104.244.42.0-255,66,243329,53,332403
7523,0.032211,74.125.24.0-255,4320,247649,53,332403
7524,0.032216,172.31.46.0-255,66,247715,53,332403
7525,0.034517,74.125.24.0-255,5738,253453,53,332403
7526,0.034523,172.31.46.0-255,66,253519,53,332403
7527,0.036829,74.125.24.0-255,5738,259257,53,332403
7528,0.036836,172.31.46.0-255,66,259323,53,332403
7529,0.039139,74.125.24.0-255,5738,265061,53,332403
7530,0.039145,172.31.46.0-255,66,265127,53,332403
7531,0.041456,74.125.24.0-255,5738,270865,53,332403
7532,0.041464,172.31.46.0-255,66,270931,53,332403
7533,0.043754,74.125.24.0-255,5738,276669,53,332403
7534,0.043761,172.31.46.0-255,66,276735,53,332403
7535,0.046065,74.125.24.0-255,5738,282473,53,332403
7536,0.046072,172.31.46.0-255,66,282539,53,332403
7537,0.04839,74.125.24.0-255,5738,288277,53,332403
7538,0.048396,172.31.46.0-255,66,288343,53,332403
7539,0.050684,74.125.24.0-255,5738,294081,53,332403
7540,0.050692,172.31.46.0-255,66,294147,53,332403
7541,0.053007,74.125.24.0-255,5738,299885,53,332403
7542,0.053014,172.31.46.0-255,66,299951,53,332403
7543,0.05531,74.125.24.0-255,5738,305689,53,332403
7544,0.055317,172.31.46.0-255,66,305755,53,332403
7545,0.057583,74.125.24.0-255,5738,311493,53,332403
7546,0.057591,172.31.46.0-255,66,311559,53,332403
7547,0.05989,74.125.24.0-255,5738,317297,53,332403
7548,0.059896,172.31.46.0-255,66,317363,53,332403
7549,0.062187,74.125.24.0-255,5738,323101,53,332403
7550,0.062194,172.31.46.0-255,66,323167,53,332403
7551,0.06452,74.125.24.0-255,5738,328905,53,332403
7552,0.064542,172.31.46.0-255,66,328971,53,332403
7553,0.066848,74.125.24.0-255,3195,332166,53,332403
7554,0.066855,172.31.46.0-255,66,332232,53,332403
7555,0.067017,172.31.46.0-255,105,332337,53,332403
7556,0.069286,74.125.24.0-255,66,332403,53,332403
7557,0.0,172.217.194.0-255,152,152,53,305617
7558,2.2e-05,172.31.46.0-255,66,218,53,305617
7559,2.9e-05,172.217.194.0-255,1484,1702,53,305617
7560,3.3e-05,172.31.46.0-255,66,1768,53,305617
7561,3.9e-05,172.217.194.0-255,2902,4670,53,305617
7562,4.2e-05,172.31.46.0-255,66,4736,53,305617
7563,4.8e-05,172.217.194.0-255,5738,10474,53,305617
7564,5e-05,172.31.46.0-255,66,10540,53,305617
7565,9.6e-05,172.217.194.0-255,3498,14038,53,305617
7566,0.0001,172.31.46.0-255,66,14104,53,305617
7567,0.000155,172.217.194.0-255,1484,15588,53,305617
7568,0.000158,172.31.46.0-255,66,15654,53,305617
7569,0.000163,172.217.194.0-255,2902,18556,53,305617
7570,0.000165,172.31.46.0-255,66,18622,53,305617
7571,0.000189,172.217.194.0-255,5738,24360,53,305617
7572,0.000192,172.31.46.0-255,66,24426,53,305617
7573,0.000223,172.217.194.0-255,1484,25910,53,305617
7574,0.000225,172.31.46.0-255,66,25976,53,305617
7575,0.000252,172.217.194.0-255,4320,30296,53,305617
7576,0.000255,172.31.46.0-255,66,30362,53,305617
7577,0.000268,172.31.46.0-255,66,30428,53,305617
7578,0.000296,172.217.194.0-255,2543,32971,53,305617
7579,0.000298,172.31.46.0-255,66,33037,53,305617
7580,0.000308,172.31.46.0-255,66,33103,53,305617
7581,0.000314,172.217.194.0-255,4320,37423,53,305617
7582,0.000315,172.31.46.0-255,66,37489,53,305617
7583,0.000355,172.31.46.0-255,66,37555,53,305617
7584,0.000358,172.217.194.0-255,381,37936,53,305617
7585,0.00036,172.31.46.0-255,66,38002,53,305617
7586,0.000491,172.217.194.0-255,1484,39486,53,305617
7587,0.000498,172.217.194.0-255,2902,42388,53,305617
7588,0.0005,172.31.46.0-255,66,42454,53,305617
7589,0.000507,172.217.194.0-255,5738,48192,53,305617
7590,0.00051,172.31.46.0-255,66,48258,53,305617
7591,0.000514,172.217.194.0-255,2902,51160,53,305617
7592,0.000515,172.31.46.0-255,66,51226,53,305617
7593,0.000521,172.217.194.0-255,2902,54128,53,305617
7594,0.000523,172.31.46.0-255,66,54194,53,305617
7595,0.00055,172.217.194.0-255,7156,61350,53,305617
7596,0.000553,172.31.46.0-255,66,61416,53,305617
7597,0.000581,172.31.46.0-255,66,61482,53,305617
7598,0.000646,172.217.194.0-255,1484,62966,53,305617
7599,0.000651,172.217.194.0-255,2902,65868,53,305617
7600,0.000653,172.31.46.0-255,66,65934,53,305617
7601,0.000676,172.217.194.0-255,5738,71672,53,305617
7602,0.000679,172.31.46.0-255,66,71738,53,305617
7603,0.000707,172.31.46.0-255,66,71804,53,305617
7604,0.000735,172.31.46.0-255,66,71870,53,305617
7605,0.000825,172.217.194.0-255,1484,73354,53,305617
7606,0.000829,172.217.194.0-255,1484,74838,53,305617
7607,0.000831,172.31.46.0-255,66,74904,53,305617
7608,0.000846,172.217.194.0-255,1484,76388,53,305617
7609,0.000852,172.217.194.0-255,5738,82126,53,305617
7610,0.000856,172.31.46.0-255,66,82192,53,305617
7611,0.000859,172.217.194.0-255,1484,83676,53,305617
7612,0.000884,172.31.46.0-255,66,83742,53,305617
7613,0.000888,172.217.194.0-255,1484,85226,53,305617
7614,0.000905,172.217.194.0-255,5738,90964,53,305617
7615,0.000907,172.31.46.0-255,66,91030,53,305617
7616,0.000933,172.217.194.0-255,5020,96050,53,305617
7617,0.000936,172.31.46.0-255,66,96116,53,305617
7618,0.000988,172.217.194.0-255,1484,97600,53,305617
7619,0.000992,172.217.194.0-255,1484,99084,53,305617
7620,0.000994,172.31.46.0-255,66,99150,53,305617
7621,0.001018,172.217.194.0-255,1484,100634,53,305617
7622,0.001024,172.217.194.0-255,5738,106372,53,305617
7623,0.001028,172.31.46.0-255,66,106438,53,305617
7624,0.001034,172.217.194.0-255,5738,112176,53,305617
7625,0.001037,172.31.46.0-255,66,112242,53,305617
7626,0.001061,172.217.194.0-255,7156,119398,53,305617
7627,0.001064,172.31.46.0-255,66,119464,53,305617
7628,0.001094,172.31.46.0-255,66,119530,53,305617
7629,0.001658,172.217.194.0-255,1484,121014,53,305617
7630,0.001665,172.217.194.0-255,2902,123916,53,305617
7631,0.001669,172.31.46.0-255,66,123982,53,305617
7632,0.001693,172.217.194.0-255,5738,129720,53,305617
7633,0.001696,172.31.46.0-255,66,129786,53,305617
7634,0.00175,172.217.194.0-255,6797,136583,53,305617
7635,0.001753,172.31.46.0-255,66,136649,53,305617
7636,0.001849,172.217.194.0-255,1484,138133,53,305617
7637,0.001863,172.217.194.0-255,2902,141035,53,305617
7638,0.001866,172.31.46.0-255,66,141101,53,305617
7639,0.001869,172.217.194.0-255,1484,142585,53,305617
7640,0.001889,172.217.194.0-255,4320,146905,53,305617
7641,0.001909,172.31.46.0-255,66,146971,53,305617
7642,0.001918,172.217.194.0-255,7156,154127,53,305617
7643,0.001921,172.31.46.0-255,66,154193,53,305617
7644,0.001935,172.31.46.0-255,66,154259,53,305617
7645,0.001939,172.217.194.0-255,2184,156443,53,305617
7646,0.001941,172.31.46.0-255,66,156509,53,305617
7647,0.004007,172.217.194.0-255,5738,162247,53,305617
7648,0.004015,172.31.46.0-255,66,162313,53,305617
7649,0.006058,172.217.194.0-255,5738,168051,53,305617
7650,0.006068,172.31.46.0-255,66,168117,53,305617
7651,0.008128,172.217.194.0-255,5738,173855,53,305617
7652,0.008134,172.31.46.0-255,66,173921,53,305617
7653,0.010197,172.217.194.0-255,5738,179659,53,305617
7654,0.010206,172.31.46.0-255,66,179725,53,305617
7655,0.01227,172.217.194.0-255,5738,185463,53,305617
7656,0.012286,172.31.46.0-255,66,185529,53,305617
7657,0.014357,172.217.194.0-255,5738,191267,53,305617
7658,0.014369,172.31.46.0-255,66,191333,53,305617
7659,0.016438,172.217.194.0-255,5738,197071,53,305617
7660,0.01645,172.31.46.0-255,66,197137,53,305617
7661,0.018522,172.217.194.0-255,5738,202875,53,305617
7662,0.018536,172.31.46.0-255,66,202941,53,305617
7663,0.020621,172.217.194.0-255,5738,208679,53,305617
7664,0.020634,172.31.46.0-255,66,208745,53,305617
7665,0.022711,172.217.194.0-255,5738,214483,53,305617
7666,0.022721,172.31.46.0-255,66,214549,53,305617
7667,0.0248,172.217.194.0-255,5738,220287,53,305617
7668,0.024808,172.31.46.0-255,66,220353,53,305617
7669,0.02685,172.217.194.0-255,5738,226091,53,305617
7670,0.026858,172.31.46.0-255,66,226157,53,305617
7671,0.028912,172.217.194.0-255,5738,231895,53,305617
7672,0.028925,172.31.46.0-255,66,231961,53,305617
7673,0.031015,172.217.194.0-255,5738,237699,53,305617
7674,0.031025,172.31.46.0-255,66,237765,53,305617
7675,0.033105,172.217.194.0-255,5738,243503,53,305617
7676,0.033118,172.31.46.0-255,66,243569,53,305617
7677,0.035201,172.217.194.0-255,5738,249307,53,305617
7678,0.035209,172.31.46.0-255,66,249373,53,305617
7679,0.037299,172.217.194.0-255,5738,255111,53,305617
7680,0.037308,172.31.46.0-255,66,255177,53,305617
7681,0.039369,172.217.194.0-255,1484,256661,53,305617
7682,0.039394,172.217.194.0-255,4320,260981,53,305617
7683,0.039399,172.31.46.0-255,66,261047,53,305617
7684,0.041461,172.217.194.0-255,5738,266785,53,305617
7685,0.041476,172.31.46.0-255,66,266851,53,305617
7686,0.04353,172.217.194.0-255,5738,272589,53,305617
7687,0.043544,172.31.46.0-255,66,272655,53,305617
7688,0.045602,172.217.194.0-255,5738,278393,53,305617
7689,0.04562,172.31.46.0-255,66,278459,53,305617
7690,0.047689,172.217.194.0-255,5738,284197,53,305617
7691,0.047706,172.31.46.0-255,66,284263,53,305617
7692,0.049789,172.217.194.0-255,5738,290001,53,305617
7693,0.049807,172.31.46.0-255,66,290067,53,305617
7694,0.05191,172.217.194.0-255,5738,295805,53,305617
7695,0.051928,172.31.46.0-255,66,295871,53,305617
7696,0.051972,172.31.46.0-255,172,296043,53,305617
7697,0.052032,172.31.46.0-255,1112,297155,53,305617
7698,0.052141,172.31.46.0-255,1514,298669,53,305617
7699,0.052143,172.31.46.0-255,1514,300183,53,305617
7700,0.052149,172.31.46.0-255,1514,301697,53,305617
7701,0.052151,172.31.46.0-255,1514,303211,53,305617
7702,0.052173,172.31.46.0-255,482,303693,53,305617
7703,0.053531,104.244.42.0-255,66,303759,53,305617
7704,0.053562,104.244.42.0-255,66,303825,53,305617
7705,0.053724,104.244.42.0-255,66,303891,53,305617
7706,0.053731,104.244.42.0-255,66,303957,53,305617
7707,0.054002,172.217.194.0-255,1423,305380,53,305617
7708,0.05414,172.31.46.0-255,66,305446,53,305617
7709,0.054175,172.31.46.0-255,105,305551,53,305617
7710,0.05622,172.217.194.0-255,66,305617,53,305617
7711,0.0,172.217.194.0-255,156,156,53,310835
7712,1.4e-05,172.31.46.0-255,66,222,53,310835
7713,2e-05,172.217.194.0-255,1484,1706,53,310835
7714,2.4e-05,172.31.46.0-255,66,1772,53,310835
7715,3.6e-05,172.217.194.0-255,2902,4674,53,310835
7716,3.8e-05,172.31.46.0-255,66,4740,53,310835
7717,4.3e-05,172.217.194.0-255,2902,7642,53,310835
7718,4.5e-05,172.31.46.0-255,66,7708,53,310835
7719,9.4e-05,172.217.194.0-255,6226,13934,53,310835
7720,9.7e-05,172.31.46.0-255,66,14000,53,310835
7721,0.000128,172.217.194.0-255,4320,18320,53,310835
7722,0.00013,172.31.46.0-255,66,18386,53,310835
7723,0.000155,172.217.194.0-255,2902,21288,53,310835
7724,0.000157,172.31.46.0-255,66,21354,53,310835
7725,0.000166,172.31.46.0-255,66,21420,53,310835
7726,0.000195,172.217.194.0-255,1125,22545,53,310835
7727,0.000197,172.31.46.0-255,66,22611,53,310835
7728,0.000417,172.217.194.0-255,1484,24095,53,310835
7729,0.000423,172.31.46.0-255,66,24161,53,310835
7730,0.000428,172.217.194.0-255,2902,27063,53,310835
7731,0.000429,172.31.46.0-255,66,27129,53,310835
7732,0.000485,172.217.194.0-255,1484,28613,53,310835
7733,0.000488,172.31.46.0-255,66,28679,53,310835
7734,0.000498,172.217.194.0-255,2902,31581,53,310835
7735,0.000501,172.31.46.0-255,66,31647,53,310835
7736,0.000511,172.217.194.0-255,5738,37385,53,310835
7737,0.000512,172.31.46.0-255,66,37451,53,310835
7738,0.000549,172.31.46.0-255,66,37517,53,310835
7739,0.000576,172.217.194.0-255,3961,41478,53,310835
7740,0.000578,172.31.46.0-255,66,41544,53,310835
7741,0.000584,172.217.194.0-255,5379,46923,53,310835
7742,0.000586,172.217.194.0-255,379,47302,53,310835
7743,0.000605,172.31.46.0-255,66,47368,53,310835
7744,0.000806,172.217.194.0-255,365,47733,53,310835
7745,0.001007,172.31.46.0-255,66,47799,53,310835
7746,0.001122,172.217.194.0-255,1484,49283,53,310835
7747,0.001131,172.217.194.0-255,2902,52185,53,310835
7748,0.001156,172.217.194.0-255,5738,57923,53,310835
7749,0.00116,172.217.194.0-255,2902,60825,53,310835
7750,0.001172,172.217.194.0-255,1484,62309,53,310835
7751,0.001195,172.217.194.0-255,5738,68047,53,310835
7752,0.001212,172.217.194.0-255,5738,73785,53,310835
7753,0.001229,172.217.194.0-255,5738,79523,53,310835
7754,0.001248,172.217.194.0-255,1484,81007,53,310835
7755,0.001251,172.217.194.0-255,766,81773,53,310835
7756,0.002284,172.217.194.0-255,1484,83257,53,310835
7757,0.002292,172.217.194.0-255,2902,86159,53,310835
7758,0.002295,172.217.194.0-255,1484,87643,53,310835
7759,0.002311,172.217.194.0-255,4320,91963,53,310835
7760,0.002374,172.217.194.0-255,4320,96283,53,310835
7761,0.003263,172.31.46.0-255,66,96349,53,310835
7762,0.005922,172.217.194.0-255,5738,102087,53,310835
7763,0.005927,172.31.46.0-255,66,102153,53,310835
7764,0.008544,172.217.194.0-255,5738,107891,53,310835
7765,0.008551,172.31.46.0-255,66,107957,53,310835
7766,0.01124,172.217.194.0-255,5738,113695,53,310835
7767,0.011248,172.31.46.0-255,66,113761,53,310835
7768,0.013881,172.217.194.0-255,5738,119499,53,310835
7769,0.01389,172.31.46.0-255,66,119565,53,310835
7770,0.016527,172.217.194.0-255,5738,125303,53,310835
7771,0.016537,172.31.46.0-255,66,125369,53,310835
7772,0.019196,172.217.194.0-255,5738,131107,53,310835
7773,0.019213,172.31.46.0-255,66,131173,53,310835
7774,0.0219,172.217.194.0-255,5738,136911,53,310835
7775,0.021917,172.31.46.0-255,66,136977,53,310835
7776,0.024596,172.217.194.0-255,5738,142715,53,310835
7777,0.024613,172.31.46.0-255,66,142781,53,310835
7778,0.02727,172.217.194.0-255,5738,148519,53,310835
7779,0.027282,172.31.46.0-255,66,148585,53,310835
7780,0.027537,172.31.46.0-255,172,148757,53,310835
7781,0.027567,172.31.46.0-255,1107,149864,53,310835
7782,0.027628,172.31.46.0-255,1514,151378,53,310835
7783,0.02763,172.31.46.0-255,1514,152892,53,310835
7784,0.027653,172.31.46.0-255,707,153599,53,310835
7785,0.029084,104.244.42.0-255,66,153665,53,310835
7786,0.02912,104.244.42.0-255,66,153731,53,310835
7787,0.029224,104.244.42.0-255,66,153797,53,310835
7788,0.02923,104.244.42.0-255,66,153863,53,310835
7789,0.029923,172.217.194.0-255,5738,159601,53,310835
7790,0.029933,172.31.46.0-255,66,159667,53,310835
7791,0.0326,172.217.194.0-255,5738,165405,53,310835
7792,0.032615,172.31.46.0-255,66,165471,53,310835
7793,0.035279,172.217.194.0-255,5738,171209,53,310835
7794,0.035289,172.31.46.0-255,66,171275,53,310835
7795,0.037925,172.217.194.0-255,5738,177013,53,310835
7796,0.037937,172.31.46.0-255,66,177079,53,310835
7797,0.040567,172.217.194.0-255,5738,182817,53,310835
7798,0.040583,172.31.46.0-255,66,182883,53,310835
7799,0.043197,172.217.194.0-255,5738,188621,53,310835
7800,0.043208,172.31.46.0-255,66,188687,53,310835
7801,0.04584,172.217.194.0-255,5738,194425,53,310835
7802,0.045852,172.31.46.0-255,66,194491,53,310835
7803,0.048505,172.217.194.0-255,5738,200229,53,310835
7804,0.048517,172.31.46.0-255,66,200295,53,310835
7805,0.051168,172.217.194.0-255,5738,206033,53,310835
7806,0.051179,172.31.46.0-255,66,206099,53,310835
7807,0.053814,172.217.194.0-255,5738,211837,53,310835
7808,0.05382,172.31.46.0-255,66,211903,53,310835
7809,0.056485,172.217.194.0-255,5738,217641,53,310835
7810,0.056491,172.31.46.0-255,66,217707,53,310835
7811,0.059121,172.217.194.0-255,5738,223445,53,310835
7812,0.059127,172.31.46.0-255,66,223511,53,310835
7813,0.061783,172.217.194.0-255,5738,229249,53,310835
7814,0.061788,172.31.46.0-255,66,229315,53,310835
7815,0.064423,172.217.194.0-255,5738,235053,53,310835
7816,0.06443,172.31.46.0-255,66,235119,53,310835
7817,0.067048,172.217.194.0-255,5738,240857,53,310835
7818,0.067054,172.31.46.0-255,66,240923,53,310835
7819,0.06968,172.217.194.0-255,5738,246661,53,310835
7820,0.069685,172.31.46.0-255,66,246727,53,310835
7821,0.072293,172.217.194.0-255,5738,252465,53,310835
7822,0.072298,172.31.46.0-255,66,252531,53,310835
7823,0.074957,172.217.194.0-255,5738,258269,53,310835
7824,0.074963,172.31.46.0-255,66,258335,53,310835
7825,0.077571,172.217.194.0-255,5738,264073,53,310835
7826,0.077578,172.31.46.0-255,66,264139,53,310835
7827,0.080191,172.217.194.0-255,5738,269877,53,310835
7828,0.080198,172.31.46.0-255,66,269943,53,310835
7829,0.082823,172.217.194.0-255,5738,275681,53,310835
7830,0.08283,172.31.46.0-255,66,275747,53,310835
7831,0.085514,172.217.194.0-255,5738,281485,53,310835
7832,0.085521,172.31.46.0-255,66,281551,53,310835
7833,0.088144,172.217.194.0-255,5738,287289,53,310835
7834,0.08815,172.31.46.0-255,66,287355,53,310835
7835,0.090818,172.217.194.0-255,5738,293093,53,310835
7836,0.090824,172.31.46.0-255,66,293159,53,310835
7837,0.093493,172.217.194.0-255,5738,298897,53,310835
7838,0.093501,172.31.46.0-255,66,298963,53,310835
7839,0.096207,172.217.194.0-255,2902,301865,53,310835
7840,0.096216,172.31.46.0-255,66,301931,53,310835
7841,0.096224,172.217.194.0-255,2902,304833,53,310835
7842,0.096283,172.31.46.0-255,66,304899,53,310835
7843,0.098895,172.217.194.0-255,2902,307801,53,310835
7844,0.098909,172.31.46.0-255,66,307867,53,310835
7845,0.098947,172.217.194.0-255,2902,310769,53,310835
7846,0.098993,172.31.46.0-255,66,310835,53,310835
7847,0.0,74.125.200.0-255,153,153,53,348776
7848,2.1e-05,172.31.46.0-255,66,219,53,348776
7849,2.8e-05,74.125.200.0-255,1484,1703,53,348776
7850,3.3e-05,172.31.46.0-255,66,1769,53,348776
7851,3.9e-05,74.125.200.0-255,2902,4671,53,348776
7852,4.4e-05,172.31.46.0-255,66,4737,53,348776
7853,6.7e-05,74.125.200.0-255,4320,9057,53,348776
7854,7e-05,172.31.46.0-255,66,9123,53,348776
7855,9.4e-05,74.125.200.0-255,4777,13900,53,348776
7856,9.7e-05,172.31.46.0-255,66,13966,53,348776
7857,0.000154,74.125.200.0-255,1484,15450,53,348776
7858,0.000157,172.31.46.0-255,66,15516,53,348776
7859,0.000176,74.125.200.0-255,2902,18418,53,348776
7860,0.000178,172.31.46.0-255,66,18484,53,348776
7861,0.000181,74.125.200.0-255,1484,19968,53,348776
7862,0.000183,172.31.46.0-255,66,20034,53,348776
7863,0.000213,74.125.200.0-255,2902,22936,53,348776
7864,0.000217,172.31.46.0-255,66,23002,53,348776
7865,0.00022,74.125.200.0-255,1484,24486,53,348776
7866,0.000222,172.31.46.0-255,66,24552,53,348776
7867,0.000241,74.125.200.0-255,4320,28872,53,348776
7868,0.000244,172.31.46.0-255,66,28938,53,348776
7869,0.000247,74.125.200.0-255,1484,30422,53,348776
7870,0.000249,172.31.46.0-255,66,30488,53,348776
7871,0.000282,74.125.200.0-255,1125,31613,53,348776
7872,0.000285,172.31.46.0-255,66,31679,53,348776
7873,0.00038,74.125.200.0-255,1484,33163,53,348776
7874,0.000385,172.31.46.0-255,66,33229,53,348776
7875,0.000388,74.125.200.0-255,1484,34713,53,348776
7876,0.000391,172.31.46.0-255,66,34779,53,348776
7877,0.000405,74.125.200.0-255,1484,36263,53,348776
7878,0.000407,172.31.46.0-255,66,36329,53,348776
7879,0.000414,74.125.200.0-255,5738,42067,53,348776
7880,0.000444,74.125.200.0-255,5738,47805,53,348776
7881,0.000454,74.125.200.0-255,1125,48930,53,348776
7882,0.000459,74.125.200.0-255,2902,51832,53,348776
7883,0.000482,74.125.200.0-255,4320,56152,53,348776
7884,0.000519,74.125.200.0-255,114,56266,53,348776
7885,0.000539,74.125.200.0-255,334,56600,53,348776
7886,0.000595,172.31.46.0-255,66,56666,53,348776
7887,0.000922,74.125.200.0-255,1484,58150,53,348776
7888,0.000941,74.125.200.0-255,2902,61052,53,348776
7889,0.000945,172.31.46.0-255,66,61118,53,348776
7890,0.000949,74.125.200.0-255,1484,62602,53,348776
7891,0.00097,74.125.200.0-255,2902,65504,53,348776
7892,0.000976,74.125.200.0-255,5738,71242,53,348776
7893,0.001,74.125.200.0-255,4320,75562,53,348776
7894,0.001009,172.31.46.0-255,66,75628,53,348776
7895,0.001025,74.125.200.0-255,5738,81366,53,348776
7896,0.001051,74.125.200.0-255,4320,85686,53,348776
7897,0.001057,172.31.46.0-255,66,85752,53,348776
7898,0.001068,74.125.200.0-255,5020,90772,53,348776
7899,0.001074,172.31.46.0-255,66,90838,53,348776
7900,0.001275,74.125.200.0-255,1484,92322,53,348776
7901,0.001293,74.125.200.0-255,2902,95224,53,348776
7902,0.001296,172.31.46.0-255,66,95290,53,348776
7903,0.0013,74.125.200.0-255,1484,96774,53,348776
7904,0.001303,74.125.200.0-255,1484,98258,53,348776
7905,0.001321,74.125.200.0-255,1484,99742,53,348776
7906,0.001327,74.125.200.0-255,5738,105480,53,348776
7907,0.00133,172.31.46.0-255,66,105546,53,348776
7908,0.00134,172.31.46.0-255,66,105612,53,348776
7909,0.001348,74.125.200.0-255,2902,108514,53,348776
7910,0.001419,172.31.46.0-255,66,108580,53,348776
7911,0.001432,74.125.200.0-255,6438,115018,53,348776
7912,0.001455,172.31.46.0-255,66,115084,53,348776
7913,0.00183,74.125.200.0-255,1484,116568,53,348776
7914,0.001853,74.125.200.0-255,2902,119470,53,348776
7915,0.001857,74.125.200.0-255,2902,122372,53,348776
7916,0.00186,74.125.200.0-255,1484,123856,53,348776
7917,0.001864,172.31.46.0-255,66,123922,53,348776
7918,0.001871,172.31.46.0-255,66,123988,53,348776
7919,0.001877,74.125.200.0-255,2902,126890,53,348776
7920,0.001892,74.125.200.0-255,4320,131210,53,348776
7921,0.001917,74.125.200.0-255,4320,135530,53,348776
7922,0.001924,74.125.200.0-255,7156,142686,53,348776
7923,0.001927,172.31.46.0-255,66,142752,53,348776
7924,0.001932,172.31.46.0-255,66,142818,53,348776
7925,0.001959,74.125.200.0-255,6438,149256,53,348776
7926,0.001971,172.31.46.0-255,66,149322,53,348776
7927,0.002002,74.125.200.0-255,1484,150806,53,348776
7928,0.002018,74.125.200.0-255,2902,153708,53,348776
7929,0.002021,74.125.200.0-255,1484,155192,53,348776
7930,0.002038,74.125.200.0-255,4320,159512,53,348776
7931,0.002042,172.31.46.0-255,66,159578,53,348776
7932,0.002052,172.31.46.0-255,66,159644,53,348776
7933,0.002069,74.125.200.0-255,1484,161128,53,348776
7934,0.002115,172.31.46.0-255,66,161194,53,348776
7935,0.002124,74.125.200.0-255,1484,162678,53,348776
7936,0.00213,74.125.200.0-255,2184,164862,53,348776
7937,0.002148,172.31.46.0-255,66,164928,53,348776
7938,0.002317,74.125.200.0-255,1484,166412,53,348776
7939,0.002322,74.125.200.0-255,2902,169314,53,348776
7940,0.002328,74.125.200.0-255,4320,173634,53,348776
7941,0.002337,172.31.46.0-255,66,173700,53,348776
7942,0.00234,74.125.200.0-255,1484,175184,53,348776
7943,0.002383,74.125.200.0-255,2902,178086,53,348776
7944,0.00239,172.31.46.0-255,66,178152,53,348776
7945,0.004761,74.125.200.0-255,5738,183890,53,348776
7946,0.004773,172.31.46.0-255,66,183956,53,348776
7947,0.007115,74.125.200.0-255,5738,189694,53,348776
7948,0.007121,172.31.46.0-255,66,189760,53,348776
7949,0.009457,74.125.200.0-255,5738,195498,53,348776
7950,0.009464,172.31.46.0-255,66,195564,53,348776
7951,0.011825,74.125.200.0-255,5738,201302,53,348776
7952,0.011837,172.31.46.0-255,66,201368,53,348776
7953,0.014214,74.125.200.0-255,5738,207106,53,348776
7954,0.014234,172.31.46.0-255,66,207172,53,348776
7955,0.016584,74.125.200.0-255,5738,212910,53,348776
7956,0.016601,172.31.46.0-255,66,212976,53,348776
7957,0.018948,74.125.200.0-255,5738,218714,53,348776
7958,0.018966,172.31.46.0-255,66,218780,53,348776
7959,0.021324,74.125.200.0-255,5738,224518,53,348776
7960,0.021343,172.31.46.0-255,66,224584,53,348776
7961,0.023713,74.125.200.0-255,5738,230322,53,348776
7962,0.023732,172.31.46.0-255,66,230388,53,348776
7963,0.026084,74.125.200.0-255,5738,236126,53,348776
7964,0.0261,172.31.46.0-255,66,236192,53,348776
7965,0.028467,74.125.200.0-255,5738,241930,53,348776
7966,0.028486,172.31.46.0-255,66,241996,53,348776
7967,0.030793,172.31.46.0-255,172,242168,53,348776
7968,0.030831,74.125.200.0-255,5738,247906,53,348776
7969,0.03084,172.31.46.0-255,66,247972,53,348776
7970,0.03085,172.31.46.0-255,1111,249083,53,348776
7971,0.030982,172.31.46.0-255,1514,250597,53,348776
7972,0.030985,172.31.46.0-255,1190,251787,53,348776
7973,0.032326,104.244.42.0-255,66,251853,53,348776
7974,0.032386,104.244.42.0-255,66,251919,53,348776
7975,0.032545,104.244.42.0-255,66,251985,53,348776
7976,0.033183,74.125.200.0-255,5738,257723,53,348776
7977,0.033193,172.31.46.0-255,66,257789,53,348776
7978,0.0356,74.125.200.0-255,5738,263527,53,348776
7979,0.035619,172.31.46.0-255,66,263593,53,348776
7980,0.037994,74.125.200.0-255,5738,269331,53,348776
7981,0.03801,172.31.46.0-255,66,269397,53,348776
7982,0.040386,74.125.200.0-255,5738,275135,53,348776
7983,0.040409,172.31.46.0-255,66,275201,53,348776
7984,0.042761,74.125.200.0-255,5738,280939,53,348776
7985,0.042779,172.31.46.0-255,66,281005,53,348776
7986,0.045155,74.125.200.0-255,5738,286743,53,348776
7987,0.045171,172.31.46.0-255,66,286809,53,348776
7988,0.04758,74.125.200.0-255,5738,292547,53,348776
7989,0.047592,172.31.46.0-255,66,292613,53,348776
7990,0.049951,74.125.200.0-255,5738,298351,53,348776
7991,0.049964,172.31.46.0-255,66,298417,53,348776
7992,0.052326,74.125.200.0-255,5738,304155,53,348776
7993,0.05234,172.31.46.0-255,66,304221,53,348776
7994,0.054733,74.125.200.0-255,5738,309959,53,348776
7995,0.054748,172.31.46.0-255,66,310025,53,348776
7996,0.05712,74.125.200.0-255,5738,315763,53,348776
7997,0.05713,172.31.46.0-255,66,315829,53,348776
7998,0.059485,74.125.200.0-255,5738,321567,53,348776
7999,0.059495,172.31.46.0-255,66,321633,53,348776
8000,0.061868,74.125.200.0-255,5738,327371,53,348776
8001,0.061879,172.31.46.0-255,66,327437,53,348776
8002,0.06424,74.125.200.0-255,5738,333175,53,348776
8003,0.064257,172.31.46.0-255,66,333241,53,348776
8004,0.066616,74.125.200.0-255,5738,338979,53,348776
8005,0.066633,172.31.46.0-255,66,339045,53,348776
8006,0.069004,74.125.200.0-255,5738,344783,53,348776
8007,0.069015,172.31.46.0-255,66,344849,53,348776
8008,0.07136,74.125.200.0-255,3690,348539,53,348776
8009,0.071376,172.31.46.0-255,66,348605,53,348776
8010,0.071645,172.31.46.0-255,105,348710,53,348776
8011,0.073961,74.125.200.0-255,66,348776,53,348776
8012,0.0,74.125.24.0-255,298,298,53,291914
8013,2.4e-05,172.31.46.0-255,66,364,53,291914
8014,3.2e-05,74.125.24.0-255,1484,1848,53,291914
8015,3.6e-05,172.31.46.0-255,66,1914,53,291914
8016,4.3e-05,74.125.24.0-255,4320,6234,53,291914
8017,4.6e-05,172.31.46.0-255,66,6300,53,291914
8018,5.1e-05,74.125.24.0-255,4320,10620,53,291914
8019,5.5e-05,172.31.46.0-255,66,10686,53,291914
8020,8.3e-05,172.31.46.0-255,66,10752,53,291914
8021,9.2e-05,74.125.24.0-255,7156,17908,53,291914
8022,9.4e-05,172.31.46.0-255,66,17974,53,291914
8023,0.000111,74.125.24.0-255,1484,19458,53,291914
8024,0.000114,172.31.46.0-255,66,19524,53,291914
8025,0.000133,74.125.24.0-255,1125,20649,53,291914
8026,0.000135,172.31.46.0-255,66,20715,53,291914
8027,0.00027,74.125.24.0-255,1484,22199,53,291914
8028,0.000274,172.31.46.0-255,66,22265,53,291914
8029,0.000281,74.125.24.0-255,2902,25167,53,291914
8030,0.000283,172.31.46.0-255,66,25233,53,291914
8031,0.000304,74.125.24.0-255,5738,30971,53,291914
8032,0.000308,172.31.46.0-255,66,31037,53,291914
8033,0.000337,74.125.24.0-255,2902,33939,53,291914
8034,0.000339,172.31.46.0-255,66,34005,53,291914
8035,0.000376,172.31.46.0-255,66,34071,53,291914
8036,0.000378,74.125.24.0-255,1484,35555,53,291914
8037,0.00038,172.31.46.0-255,66,35621,53,291914
8038,0.000401,74.125.24.0-255,5738,41359,53,291914
8039,0.000404,172.31.46.0-255,66,41425,53,291914
8040,0.000426,74.125.24.0-255,2819,44244,53,291914
8041,0.000428,172.31.46.0-255,66,44310,53,291914
8042,0.000529,74.125.24.0-255,378,44688,53,291914
8043,0.000631,74.125.24.0-255,1484,46172,53,291914
8044,0.000636,172.31.46.0-255,66,46238,53,291914
8045,0.000642,74.125.24.0-255,2902,49140,53,291914
8046,0.000645,172.31.46.0-255,66,49206,53,291914
8047,0.000667,74.125.24.0-255,5738,54944,53,291914
8048,0.000671,172.31.46.0-255,66,55010,53,291914
8049,0.000701,172.31.46.0-255,66,55076,53,291914
8050,0.000709,74.125.24.0-255,7156,62232,53,291914
8051,0.000711,172.31.46.0-255,66,62298,53,291914
8052,0.000751,74.125.24.0-255,3602,65900,53,291914
8053,0.000755,172.31.46.0-255,66,65966,53,291914
8054,0.000854,74.125.24.0-255,1484,67450,53,291914
8055,0.00086,74.125.24.0-255,2902,70352,53,291914
8056,0.000863,172.31.46.0-255,66,70418,53,291914
8057,0.000867,74.125.24.0-255,1484,71902,53,291914
8058,0.000889,74.125.24.0-255,4320,76222,53,291914
8059,0.000892,172.31.46.0-255,66,76288,53,291914
8060,0.000895,74.125.24.0-255,1484,77772,53,291914
8061,0.000931,172.31.46.0-255,66,77838,53,291914
8062,0.000934,74.125.24.0-255,1484,79322,53,291914
8063,0.000948,74.125.24.0-255,1484,80806,53,291914
8064,0.000951,172.31.46.0-255,66,80872,53,291914
8065,0.000977,172.31.46.0-255,66,80938,53,291914
8066,0.001054,74.125.24.0-255,4320,85258,53,291914
8067,0.001059,172.31.46.0-255,66,85324,53,291914
8068,0.001062,172.31.46.0-255,66,85390,53,291914
8069,0.001065,172.31.46.0-255,66,85456,53,291914
8070,0.001096,172.31.46.0-255,66,85522,53,291914
8071,0.001608,74.125.24.0-255,1484,87006,53,291914
8072,0.001615,74.125.24.0-255,2902,89908,53,291914
8073,0.00162,172.31.46.0-255,66,89974,53,291914
8074,0.001628,74.125.24.0-255,5738,95712,53,291914
8075,0.00163,172.31.46.0-255,66,95778,53,291914
8076,0.001666,172.31.46.0-255,66,95844,53,291914
8077,0.001683,74.125.24.0-255,4320,100164,53,291914
8078,0.001686,172.31.46.0-255,66,100230,53,291914
8079,0.001699,172.31.46.0-255,66,100296,53,291914
8080,0.001774,74.125.24.0-255,1484,101780,53,291914
8081,0.00178,74.125.24.0-255,2902,104682,53,291914
8082,0.001783,172.31.46.0-255,66,104748,53,291914
8083,0.001787,74.125.24.0-255,1484,106232,53,291914
8084,0.00181,74.125.24.0-255,4320,110552,53,291914
8085,0.001813,172.31.46.0-255,66,110618,53,291914
8086,0.00182,74.125.24.0-255,5738,116356,53,291914
8087,0.001822,172.31.46.0-255,66,116422,53,291914
8088,0.001844,74.125.24.0-255,7156,123578,53,291914
8089,0.001847,172.31.46.0-255,66,123644,53,291914
8090,0.001853,74.125.24.0-255,5738,129382,53,291914
8091,0.001855,172.31.46.0-255,66,129448,53,291914
8092,0.001879,74.125.24.0-255,5020,134468,53,291914
8093,0.001882,172.31.46.0-255,66,134534,53,291914
8094,0.002154,74.125.24.0-255,1484,136018,53,291914
8095,0.002173,74.125.24.0-255,2902,138920,53,291914
8096,0.002177,172.31.46.0-255,66,138986,53,291914
8097,0.002184,74.125.24.0-255,5738,144724,53,291914
8098,0.002186,172.31.46.0-255,66,144790,53,291914
8099,0.002202,74.125.24.0-255,2902,147692,53,291914
8100,0.002205,172.31.46.0-255,66,147758,53,291914
8101,0.002239,172.31.46.0-255,66,147824,53,291914
8102,0.002243,74.125.24.0-255,2902,150726,53,291914
8103,0.002245,172.31.46.0-255,66,150792,53,291914
8104,0.002248,74.125.24.0-255,1484,152276,53,291914
8105,0.00228,74.125.24.0-255,6438,158714,53,291914
8106,0.002282,172.31.46.0-255,66,158780,53,291914
8107,0.004569,74.125.24.0-255,5738,164518,53,291914
8108,0.004585,172.31.46.0-255,66,164584,53,291914
8109,0.006883,74.125.24.0-255,5738,170322,53,291914
8110,0.006898,172.31.46.0-255,66,170388,53,291914
8111,0.009199,74.125.24.0-255,5738,176126,53,291914
8112,0.00921,172.31.46.0-255,66,176192,53,291914
8113,0.01147,74.125.24.0-255,5738,181930,53,291914
8114,0.011481,172.31.46.0-255,66,181996,53,291914
8115,0.013744,74.125.24.0-255,5738,187734,53,291914
8116,0.013765,172.31.46.0-255,66,187800,53,291914
8117,0.016074,74.125.24.0-255,5738,193538,53,291914
8118,0.016095,172.31.46.0-255,66,193604,53,291914
8119,0.018356,74.125.24.0-255,5738,199342,53,291914
8120,0.018376,172.31.46.0-255,66,199408,53,291914
8121,0.020667,74.125.24.0-255,5738,205146,53,291914
8122,0.020685,172.31.46.0-255,66,205212,53,291914
8123,0.023017,74.125.24.0-255,5738,210950,53,291914
8124,0.023032,172.31.46.0-255,66,211016,53,291914
8125,0.025298,74.125.24.0-255,5738,216754,53,291914
8126,0.025315,172.31.46.0-255,66,216820,53,291914
8127,0.027642,74.125.24.0-255,5738,222558,53,291914
8128,0.027661,172.31.46.0-255,66,222624,53,291914
8129,0.029954,74.125.24.0-255,5738,228362,53,291914
8130,0.029974,172.31.46.0-255,66,228428,53,291914
8131,0.032215,74.125.24.0-255,5738,234166,53,291914
8132,0.032224,172.31.46.0-255,66,234232,53,291914
8133,0.034476,74.125.24.0-255,5738,239970,53,291914
8134,0.034488,172.31.46.0-255,66,240036,53,291914
8135,0.036773,74.125.24.0-255,5738,245774,53,291914
8136,0.036781,172.31.46.0-255,66,245840,53,291914
8137,0.03908,74.125.24.0-255,5738,251578,53,291914
8138,0.039093,172.31.46.0-255,66,251644,53,291914
8139,0.041393,74.125.24.0-255,5738,257382,53,291914
8140,0.041408,172.31.46.0-255,66,257448,53,291914
8141,0.043712,74.125.24.0-255,5738,263186,53,291914
8142,0.043724,172.31.46.0-255,66,263252,53,291914
8143,0.045677,172.31.46.0-255,188,263440,53,291914
8144,0.045709,172.31.46.0-255,953,264393,53,291914
8145,0.045781,172.31.46.0-255,1514,265907,53,291914
8146,0.045783,172.31.46.0-255,1514,267421,53,291914
8147,0.045785,172.31.46.0-255,1514,268935,53,291914
8148,0.045786,172.31.46.0-255,1514,270449,53,291914
8149,0.045821,172.31.46.0-255,1514,271963,53,291914
8150,0.045822,172.31.46.0-255,205,272168,53,291914
8151,0.045994,74.125.24.0-255,5738,277906,53,291914
8152,0.046001,172.31.46.0-255,66,277972,53,291914
8153,0.047222,104.244.42.0-255,66,278038,53,291914
8154,0.04723,104.244.42.0-255,66,278104,53,291914
8155,0.047402,104.244.42.0-255,66,278170,53,291914
8156,0.047408,104.244.42.0-255,66,278236,53,291914
8157,0.048116,104.244.42.0-255,108,278344,53,291914
8158,0.048126,172.31.46.0-255,66,278410,53,291914
8159,0.048254,74.125.24.0-255,5738,284148,53,291914
8160,0.048259,172.31.46.0-255,66,284214,53,291914
8161,0.050564,74.125.24.0-255,5738,289952,53,291914
8162,0.050573,172.31.46.0-255,66,290018,53,291914
8163,0.052865,74.125.24.0-255,1659,291677,53,291914
8164,0.052877,172.31.46.0-255,66,291743,53,291914
8165,0.05309,172.31.46.0-255,105,291848,53,291914
8166,0.055358,74.125.24.0-255,66,291914,53,291914
8167,0.0,172.217.194.0-255,152,152,53,319917
8168,2.4e-05,172.31.46.0-255,66,218,53,319917
8169,3.2e-05,172.217.194.0-255,1484,1702,53,319917
8170,3.8e-05,172.31.46.0-255,66,1768,53,319917
8171,5.1e-05,172.217.194.0-255,2902,4670,53,319917
8172,5.5e-05,172.31.46.0-255,66,4736,53,319917
8173,6.4e-05,172.217.194.0-255,7156,11892,53,319917
8174,6.8e-05,172.31.46.0-255,66,11958,53,319917
8175,7.2e-05,172.217.194.0-255,2080,14038,53,319917
8176,7.5e-05,172.31.46.0-255,66,14104,53,319917
8177,0.000211,172.217.194.0-255,1484,15588,53,319917
8178,0.000216,172.31.46.0-255,66,15654,53,319917
8179,0.000221,172.217.194.0-255,2902,18556,53,319917
8180,0.000224,172.31.46.0-255,66,18622,53,319917
8181,0.000257,172.217.194.0-255,5738,24360,53,319917
8182,0.000259,172.31.46.0-255,66,24426,53,319917
8183,0.000267,172.217.194.0-255,6797,31223,53,319917
8184,0.000269,172.31.46.0-255,66,31289,53,319917
8185,0.000519,172.217.194.0-255,1484,32773,53,319917
8186,0.000524,172.31.46.0-255,66,32839,53,319917
8187,0.00053,172.217.194.0-255,2902,35741,53,319917
8188,0.000532,172.31.46.0-255,66,35807,53,319917
8189,0.000542,172.217.194.0-255,2902,38709,53,319917
8190,0.000545,172.31.46.0-255,66,38775,53,319917
8191,0.000577,172.217.194.0-255,2902,41677,53,319917
8192,0.00058,172.31.46.0-255,66,41743,53,319917
8193,0.000592,172.31.46.0-255,66,41809,53,319917
8194,0.000625,172.217.194.0-255,7156,48965,53,319917
8195,0.000628,172.31.46.0-255,66,49031,53,319917
8196,0.00066,172.217.194.0-255,7074,56105,53,319917
8197,0.000663,172.31.46.0-255,66,56171,53,319917
8198,0.001257,172.217.194.0-255,114,56285,53,319917
8199,0.001265,172.217.194.0-255,382,56667,53,319917
8200,0.001794,172.217.194.0-255,1484,58151,53,319917
8201,0.0018,172.31.46.0-255,66,58217,53,319917
8202,0.001807,172.217.194.0-255,2902,61119,53,319917
8203,0.00181,172.31.46.0-255,66,61185,53,319917
8204,0.001821,172.217.194.0-255,5738,66923,53,319917
8205,0.001824,172.31.46.0-255,66,66989,53,319917
8206,0.001827,172.217.194.0-255,1484,68473,53,319917
8207,0.001865,172.31.46.0-255,66,68539,53,319917
8208,0.00188,172.31.46.0-255,66,68605,53,319917
8209,0.001903,172.217.194.0-255,2184,70789,53,319917
8210,0.001905,172.31.46.0-255,66,70855,53,319917
8211,0.004159,172.217.194.0-255,5738,76593,53,319917
8212,0.004166,172.31.46.0-255,66,76659,53,319917
8213,0.006469,172.217.194.0-255,5738,82397,53,319917
8214,0.006475,172.31.46.0-255,66,82463,53,319917
8215,0.008793,172.217.194.0-255,5738,88201,53,319917
8216,0.008801,172.31.46.0-255,66,88267,53,319917
8217,0.011106,172.217.194.0-255,5738,94005,53,319917
8218,0.011114,172.31.46.0-255,66,94071,53,319917
8219,0.013401,172.217.194.0-255,5738,99809,53,319917
8220,0.013409,172.31.46.0-255,66,99875,53,319917
8221,0.015689,172.217.194.0-255,5738,105613,53,319917
8222,0.015699,172.31.46.0-255,66,105679,53,319917
8223,0.017993,172.217.194.0-255,5738,111417,53,319917
8224,0.018001,172.31.46.0-255,66,111483,53,319917
8225,0.020275,172.217.194.0-255,5738,117221,53,319917
8226,0.020282,172.31.46.0-255,66,117287,53,319917
8227,0.022582,172.217.194.0-255,5738,123025,53,319917
8228,0.02259,172.31.46.0-255,66,123091,53,319917
8229,0.02486,172.217.194.0-255,5738,128829,53,319917
8230,0.024868,172.31.46.0-255,66,128895,53,319917
8231,0.026359,172.31.46.0-255,188,129083,53,319917
8232,0.026386,172.31.46.0-255,953,130036,53,319917
8233,0.026448,172.31.46.0-255,1514,131550,53,319917
8234,0.026449,172.31.46.0-255,1514,133064,53,319917
8235,0.026475,172.31.46.0-255,861,133925,53,319917
8236,0.027142,172.217.194.0-255,5738,139663,53,319917
8237,0.027148,172.31.46.0-255,66,139729,53,319917
8238,0.027923,104.244.42.0-255,66,139795,53,319917
8239,0.027931,104.244.42.0-255,66,139861,53,319917
8240,0.028049,104.244.42.0-255,66,139927,53,319917
8241,0.028056,104.244.42.0-255,66,139993,53,319917
8242,0.029464,172.217.194.0-255,5738,145731,53,319917
8243,0.029471,172.31.46.0-255,66,145797,53,319917
8244,0.031775,172.217.194.0-255,5738,151535,53,319917
8245,0.031781,172.31.46.0-255,66,151601,53,319917
8246,0.034063,172.217.194.0-255,5738,157339,53,319917
8247,0.034069,172.31.46.0-255,66,157405,53,319917
8248,0.036328,172.217.194.0-255,5738,163143,53,319917
8249,0.036334,172.31.46.0-255,66,163209,53,319917
8250,0.038603,172.217.194.0-255,5738,168947,53,319917
8251,0.03861,172.31.46.0-255,66,169013,53,319917
8252,0.040887,172.217.194.0-255,5738,174751,53,319917
8253,0.040897,172.31.46.0-255,66,174817,53,319917
8254,0.04318,172.217.194.0-255,5738,180555,53,319917
8255,0.043187,172.31.46.0-255,66,180621,53,319917
8256,0.045468,172.217.194.0-255,5738,186359,53,319917
8257,0.045475,172.31.46.0-255,66,186425,53,319917
8258,0.047779,172.217.194.0-255,5738,192163,53,319917
8259,0.047787,172.31.46.0-255,66,192229,53,319917
8260,0.050089,172.217.194.0-255,5738,197967,53,319917
8261,0.050097,172.31.46.0-255,66,198033,53,319917
8262,0.052391,172.217.194.0-255,5738,203771,53,319917
8263,0.052398,172.31.46.0-255,66,203837,53,319917
8264,0.054692,172.217.194.0-255,5738,209575,53,319917
8265,0.054699,172.31.46.0-255,66,209641,53,319917
8266,0.056982,172.217.194.0-255,5738,215379,53,319917
8267,0.056988,172.31.46.0-255,66,215445,53,319917
8268,0.059276,172.217.194.0-255,5738,221183,53,319917
8269,0.059282,172.31.46.0-255,66,221249,53,319917
8270,0.061565,172.217.194.0-255,5738,226987,53,319917
8271,0.061571,172.31.46.0-255,66,227053,53,319917
8272,0.063848,172.217.194.0-255,5738,232791,53,319917
8273,0.063854,172.31.46.0-255,66,232857,53,319917
8274,0.066154,172.217.194.0-255,5738,238595,53,319917
8275,0.06616,172.31.46.0-255,66,238661,53,319917
8276,0.06846,172.217.194.0-255,5738,244399,53,319917
8277,0.068466,172.31.46.0-255,66,244465,53,319917
8278,0.070778,172.217.194.0-255,5738,250203,53,319917
8279,0.070785,172.31.46.0-255,66,250269,53,319917
8280,0.073055,172.217.194.0-255,5738,256007,53,319917
8281,0.073061,172.31.46.0-255,66,256073,53,319917
8282,0.075338,172.217.194.0-255,5738,261811,53,319917
8283,0.075344,172.31.46.0-255,66,261877,53,319917
8284,0.077632,172.217.194.0-255,5738,267615,53,319917
8285,0.077638,172.31.46.0-255,66,267681,53,319917
8286,0.079926,172.217.194.0-255,5738,273419,53,319917
8287,0.079933,172.31.46.0-255,66,273485,53,319917
8288,0.082202,172.217.194.0-255,5738,279223,53,319917
8289,0.082209,172.31.46.0-255,66,279289,53,319917
8290,0.084546,172.217.194.0-255,5738,285027,53,319917
8291,0.084553,172.31.46.0-255,66,285093,53,319917
8292,0.086836,172.217.194.0-255,5738,290831,53,319917
8293,0.086844,172.31.46.0-255,66,290897,53,319917
8294,0.089126,172.217.194.0-255,5738,296635,53,319917
8295,0.089133,172.31.46.0-255,66,296701,53,319917
8296,0.091428,172.217.194.0-255,5738,302439,53,319917
8297,0.091433,172.31.46.0-255,66,302505,53,319917
8298,0.093725,172.217.194.0-255,5738,308243,53,319917
8299,0.093732,172.31.46.0-255,66,308309,53,319917
8300,0.096029,172.217.194.0-255,5738,314047,53,319917
8301,0.096035,172.31.46.0-255,66,314113,53,319917
8302,0.098317,172.217.194.0-255,5738,319851,53,319917
8303,0.098323,172.31.46.0-255,66,319917,53,319917
8304,0.0,172.217.194.0-255,152,152,53,248332
8305,2.5e-05,172.31.46.0-255,66,218,53,248332
8306,3.3e-05,172.217.194.0-255,1484,1702,53,248332
8307,3.7e-05,172.31.46.0-255,66,1768,53,248332
8308,4.2e-05,172.217.194.0-255,2902,4670,53,248332
8309,5.2e-05,172.31.46.0-255,66,4736,53,248332
8310,5.9e-05,172.217.194.0-255,5738,10474,53,248332
8311,6.2e-05,172.31.46.0-255,66,10540,53,248332
8312,0.000105,172.217.194.0-255,6348,16888,53,248332
8313,0.000108,172.31.46.0-255,66,16954,53,248332
8314,0.000116,172.217.194.0-255,7156,24110,53,248332
8315,0.000119,172.31.46.0-255,66,24176,53,248332
8316,0.000157,172.217.194.0-255,6797,30973,53,248332
8317,0.000161,172.31.46.0-255,66,31039,53,248332
8318,0.000189,172.217.194.0-255,1484,32523,53,248332
8319,0.000192,172.31.46.0-255,66,32589,53,248332
8320,0.000205,172.217.194.0-255,1484,34073,53,248332
8321,0.000207,172.31.46.0-255,66,34139,53,248332
8322,0.000222,172.217.194.0-255,1484,35623,53,248332
8323,0.000225,172.31.46.0-255,66,35689,53,248332
8324,0.000237,172.217.194.0-255,5738,41427,53,248332
8325,0.00024,172.31.46.0-255,66,41493,53,248332
8326,0.000246,172.217.194.0-255,6797,48290,53,248332
8327,0.000249,172.31.46.0-255,66,48356,53,248332
8328,0.000252,172.217.194.0-255,1484,49840,53,248332
8329,0.000254,172.31.46.0-255,66,49906,53,248332
8330,0.000287,172.31.46.0-255,66,49972,53,248332
8331,0.000292,172.217.194.0-255,2816,52788,53,248332
8332,0.000294,172.31.46.0-255,66,52854,53,248332
8333,0.000328,172.217.194.0-255,115,52969,53,248332
8334,0.00033,172.31.46.0-255,66,53035,53,248332
8335,0.000352,172.217.194.0-255,386,53421,53,248332
8336,0.000606,172.217.194.0-255,1484,54905,53,248332
8337,0.000611,172.31.46.0-255,66,54971,53,248332
8338,0.000617,172.217.194.0-255,2902,57873,53,248332
8339,0.00062,172.31.46.0-255,66,57939,53,248332
8340,0.000647,172.217.194.0-255,5738,63677,53,248332
8341,0.00065,172.31.46.0-255,66,63743,53,248332
8342,0.000657,172.217.194.0-255,5738,69481,53,248332
8343,0.000663,172.31.46.0-255,66,69547,53,248332
8344,0.000706,172.31.46.0-255,66,69613,53,248332
8345,0.000715,172.217.194.0-255,5020,74633,53,248332
8346,0.000717,172.31.46.0-255,66,74699,53,248332
8347,0.000952,172.217.194.0-255,1484,76183,53,248332
8348,0.000958,172.217.194.0-255,2902,79085,53,248332
8349,0.000962,172.31.46.0-255,66,79151,53,248332
8350,0.000984,172.217.194.0-255,4320,83471,53,248332
8351,0.000987,172.31.46.0-255,66,83537,53,248332
8352,0.001015,172.217.194.0-255,1484,85021,53,248332
8353,0.001029,172.31.46.0-255,66,85087,53,248332
8354,0.001046,172.31.46.0-255,66,85153,53,248332
8355,0.001051,172.217.194.0-255,2902,88055,53,248332
8356,0.001054,172.31.46.0-255,66,88121,53,248332
8357,0.00106,172.217.194.0-255,4320,92441,53,248332
8358,0.001063,172.31.46.0-255,66,92507,53,248332
8359,0.001157,172.31.46.0-255,66,92573,53,248332
8360,0.001173,172.31.46.0-255,66,92639,53,248332
8361,0.001177,172.217.194.0-255,2184,94823,53,248332
8362,0.001179,172.31.46.0-255,66,94889,53,248332
8363,0.001372,172.217.194.0-255,1484,96373,53,248332
8364,0.00138,172.217.194.0-255,2902,99275,53,248332
8365,0.001384,172.31.46.0-255,66,99341,53,248332
8366,0.001391,172.217.194.0-255,5738,105079,53,248332
8367,0.001393,172.31.46.0-255,66,105145,53,248332
8368,0.001401,172.217.194.0-255,1484,106629,53,248332
8369,0.001438,172.31.46.0-255,66,106695,53,248332
8370,0.00145,172.31.46.0-255,66,106761,53,248332
8371,0.001816,172.217.194.0-255,1484,108245,53,248332
8372,0.001825,172.217.194.0-255,2902,111147,53,248332
8373,0.00183,172.31.46.0-255,66,111213,53,248332
8374,0.001837,172.217.194.0-255,5738,116951,53,248332
8375,0.00184,172.31.46.0-255,66,117017,53,248332
8376,0.001848,172.217.194.0-255,1484,118501,53,248332
8377,0.001883,172.31.46.0-255,66,118567,53,248332
8378,0.001895,172.31.46.0-255,66,118633,53,248332
8379,0.001916,172.217.194.0-255,3602,122235,53,248332
8380,0.001919,172.31.46.0-255,66,122301,53,248332
8381,0.002262,172.217.194.0-255,1484,123785,53,248332
8382,0.002269,172.217.194.0-255,2902,126687,53,248332
8383,0.002272,172.31.46.0-255,66,126753,53,248332
8384,0.002276,172.217.194.0-255,1484,128237,53,248332
8385,0.002307,172.217.194.0-255,4320,132557,53,248332
8386,0.00231,172.31.46.0-255,66,132623,53,248332
8387,0.002314,172.217.194.0-255,1484,134107,53,248332
8388,0.002336,172.31.46.0-255,66,134173,53,248332
8389,0.002363,172.217.194.0-255,5738,139911,53,248332
8390,0.002367,172.31.46.0-255,66,139977,53,248332
8391,0.002405,172.31.46.0-255,66,140043,53,248332
8392,0.002449,172.217.194.0-255,1484,141527,53,248332
8393,0.002454,172.217.194.0-255,2902,144429,53,248332
8394,0.002457,172.31.46.0-255,66,144495,53,248332
8395,0.002464,172.217.194.0-255,5738,150233,53,248332
8396,0.002466,172.31.46.0-255,66,150299,53,248332
8397,0.002501,172.31.46.0-255,66,150365,53,248332
8398,0.002504,172.217.194.0-255,1484,151849,53,248332
8399,0.002536,172.31.46.0-255,66,151915,53,248332
8400,0.002539,172.217.194.0-255,766,152681,53,248332
8401,0.002604,172.217.194.0-255,1484,154165,53,248332
8402,0.002608,172.31.46.0-255,66,154231,53,248332
8403,0.005108,172.217.194.0-255,2902,157133,53,248332
8404,0.005117,172.31.46.0-255,66,157199,53,248332
8405,0.005199,172.217.194.0-255,2902,160101,53,248332
8406,0.005204,172.31.46.0-255,66,160167,53,248332
8407,0.007713,172.217.194.0-255,2902,163069,53,248332
8408,0.007721,172.31.46.0-255,66,163135,53,248332
8409,0.007775,172.217.194.0-255,2902,166037,53,248332
8410,0.007778,172.31.46.0-255,66,166103,53,248332
8411,0.010301,172.217.194.0-255,1484,167587,53,248332
8412,0.010324,172.217.194.0-255,1484,169071,53,248332
8413,0.010328,172.31.46.0-255,66,169137,53,248332
8414,0.01035,172.217.194.0-255,2902,172039,53,248332
8415,0.010352,172.31.46.0-255,66,172105,53,248332
8416,0.012953,172.217.194.0-255,2902,175007,53,248332
8417,0.012967,172.31.46.0-255,66,175073,53,248332
8418,0.013002,172.217.194.0-255,2902,177975,53,248332
8419,0.013006,172.31.46.0-255,66,178041,53,248332
8420,0.015576,172.217.194.0-255,2902,180943,53,248332
8421,0.015592,172.31.46.0-255,66,181009,53,248332
8422,0.015625,172.217.194.0-255,2902,183911,53,248332
8423,0.015628,172.31.46.0-255,66,183977,53,248332
8424,0.018176,172.217.194.0-255,2902,186879,53,248332
8425,0.01819,172.31.46.0-255,66,186945,53,248332
8426,0.018224,172.217.194.0-255,2902,189847,53,248332
8427,0.018227,172.31.46.0-255,66,189913,53,248332
8428,0.020784,172.217.194.0-255,2902,192815,53,248332
8429,0.020795,172.31.46.0-255,66,192881,53,248332
8430,0.020839,172.217.194.0-255,2902,195783,53,248332
8431,0.020842,172.31.46.0-255,66,195849,53,248332
8432,0.023357,172.217.194.0-255,2902,198751,53,248332
8433,0.023364,172.31.46.0-255,66,198817,53,248332
8434,0.023407,172.217.194.0-255,2902,201719,53,248332
8435,0.02341,172.31.46.0-255,66,201785,53,248332
8436,0.025947,172.217.194.0-255,2902,204687,53,248332
8437,0.025955,172.31.46.0-255,66,204753,53,248332
8438,0.025986,172.217.194.0-255,2902,207655,53,248332
8439,0.025989,172.31.46.0-255,66,207721,53,248332
8440,0.028558,172.217.194.0-255,2902,210623,53,248332
8441,0.028573,172.31.46.0-255,66,210689,53,248332
8442,0.028606,172.217.194.0-255,2902,213591,53,248332
8443,0.028609,172.31.46.0-255,66,213657,53,248332
8444,0.031212,172.217.194.0-255,5738,219395,53,248332
8445,0.031221,172.31.46.0-255,66,219461,53,248332
8446,0.032617,172.31.46.0-255,172,219633,53,248332
8447,0.032651,172.31.46.0-255,1112,220745,53,248332
8448,0.032721,172.31.46.0-255,1514,222259,53,248332
8449,0.032723,172.31.46.0-255,1189,223448,53,248332
8450,0.033827,172.217.194.0-255,5738,229186,53,248332
8451,0.033836,172.31.46.0-255,66,229252,53,248332
8452,0.03415,104.244.42.0-255,66,229318,53,248332
8453,0.034192,104.244.42.0-255,66,229384,53,248332
8454,0.034296,104.244.42.0-255,66,229450,53,248332
8455,0.03643,172.217.194.0-255,5738,235188,53,248332
8456,0.036438,172.31.46.0-255,66,235254,53,248332
8457,0.03903,172.217.194.0-255,5738,240992,53,248332
8458,0.039037,172.31.46.0-255,66,241058,53,248332
8459,0.041625,172.217.194.0-255,5738,246796,53,248332
8460,0.041635,172.31.46.0-255,66,246862,53,248332
8461,0.044212,172.217.194.0-255,774,247636,53,248332
8462,0.044375,172.31.46.0-255,105,247741,53,248332
8463,0.044411,172.31.46.0-255,105,247846,53,248332
8464,0.04464,172.31.46.0-255,90,247936,53,248332
8465,0.044651,172.31.46.0-255,66,248002,53,248332
8466,0.046926,172.217.194.0-255,66,248068,53,248332
8467,0.04696,172.217.194.0-255,66,248134,53,248332
8468,0.047185,172.217.194.0-255,66,248200,53,248332
8469,0.047207,172.217.194.0-255,66,248266,53,248332
8470,0.047227,172.31.46.0-255,66,248332,53,248332
8471,0.0,172.217.160.0-255,152,152,53,285481
8472,2.1e-05,172.31.46.0-255,66,218,53,285481
8473,2.8e-05,172.217.160.0-255,1484,1702,53,285481
8474,3.3e-05,172.31.46.0-255,66,1768,53,285481
8475,3.7e-05,172.217.160.0-255,1484,3252,53,285481
8476,3.9e-05,172.31.46.0-255,66,3318,53,285481
8477,4.4e-05,172.217.160.0-255,2902,6220,53,285481
8478,4.7e-05,172.31.46.0-255,66,6286,53,285481
8479,5.4e-05,172.217.160.0-255,5738,12024,53,285481
8480,5.7e-05,172.31.46.0-255,66,12090,53,285481
8481,8e-05,172.217.160.0-255,1484,13574,53,285481
8482,8.2e-05,172.31.46.0-255,66,13640,53,285481
8483,8.7e-05,172.217.160.0-255,2061,15701,53,285481
8484,9e-05,172.31.46.0-255,66,15767,53,285481
8485,0.000125,172.217.160.0-255,5738,21505,53,285481
8486,0.000128,172.31.46.0-255,66,21571,53,285481
8487,0.000134,172.217.160.0-255,5738,27309,53,285481
8488,0.000136,172.31.46.0-255,66,27375,53,285481
8489,0.000177,172.217.160.0-255,3961,31336,53,285481
8490,0.000179,172.31.46.0-255,66,31402,53,285481
8491,0.000206,172.217.160.0-255,4320,35722,53,285481
8492,0.000209,172.31.46.0-255,66,35788,53,285481
8493,0.00024,172.31.46.0-255,66,35854,53,285481
8494,0.000244,172.217.160.0-255,2543,38397,53,285481
8495,0.000246,172.31.46.0-255,66,38463,53,285481
8496,0.000266,172.217.160.0-255,1484,39947,53,285481
8497,0.000268,172.31.46.0-255,66,40013,53,285481
8498,0.000293,172.31.46.0-255,66,40079,53,285481
8499,0.000297,172.217.160.0-255,2543,42622,53,285481
8500,0.000299,172.31.46.0-255,66,42688,53,285481
8501,0.000321,172.217.160.0-255,372,43060,53,285481
8502,0.000558,172.217.160.0-255,373,43433,53,285481
8503,0.000676,172.217.160.0-255,1484,44917,53,285481
8504,0.000682,172.31.46.0-255,66,44983,53,285481
8505,0.000688,172.217.160.0-255,2902,47885,53,285481
8506,0.000691,172.31.46.0-255,66,47951,53,285481
8507,0.000697,172.217.160.0-255,5738,53689,53,285481
8508,0.000699,172.31.46.0-255,66,53755,53,285481
8509,0.000736,172.31.46.0-255,66,53821,53,285481
8510,0.000739,172.217.160.0-255,1484,55305,53,285481
8511,0.000744,172.217.160.0-255,2902,58207,53,285481
8512,0.000746,172.31.46.0-255,66,58273,53,285481
8513,0.000786,172.217.160.0-255,5379,63652,53,285481
8514,0.000788,172.31.46.0-255,66,63718,53,285481
8515,0.000792,172.217.160.0-255,1484,65202,53,285481
8516,0.00081,172.217.160.0-255,4320,69522,53,285481
8517,0.000812,172.31.46.0-255,66,69588,53,285481
8518,0.000849,172.31.46.0-255,66,69654,53,285481
8519,0.000873,172.217.160.0-255,2902,72556,53,285481
8520,0.000876,172.31.46.0-255,66,72622,53,285481
8521,0.00089,172.31.46.0-255,66,72688,53,285481
8522,0.000895,172.217.160.0-255,3602,76290,53,285481
8523,0.000898,172.31.46.0-255,66,76356,53,285481
8524,0.000903,172.217.160.0-255,4320,80676,53,285481
8525,0.000906,172.31.46.0-255,66,80742,53,285481
8526,0.000914,172.217.160.0-255,7156,87898,53,285481
8527,0.000916,172.31.46.0-255,66,87964,53,285481
8528,0.00094,172.217.160.0-255,2902,90866,53,285481
8529,0.000943,172.31.46.0-255,66,90932,53,285481
8530,0.000956,172.31.46.0-255,66,90998,53,285481
8531,0.000989,172.31.46.0-255,66,91064,53,285481
8532,0.001101,172.217.160.0-255,1484,92548,53,285481
8533,0.001106,172.217.160.0-255,1484,94032,53,285481
8534,0.001109,172.31.46.0-255,66,94098,53,285481
8535,0.00113,172.217.160.0-255,1484,95582,53,285481
8536,0.001137,172.217.160.0-255,5738,101320,53,285481
8537,0.001139,172.31.46.0-255,66,101386,53,285481
8538,0.00115,172.31.46.0-255,66,101452,53,285481
8539,0.001184,172.217.160.0-255,4320,105772,53,285481
8540,0.001187,172.31.46.0-255,66,105838,53,285481
8541,0.001195,172.217.160.0-255,7156,112994,53,285481
8542,0.001197,172.31.46.0-255,66,113060,53,285481
8543,0.001202,172.217.160.0-255,3602,116662,53,285481
8544,0.001204,172.31.46.0-255,66,116728,53,285481
8545,0.001468,172.217.160.0-255,1484,118212,53,285481
8546,0.001474,172.217.160.0-255,2902,121114,53,285481
8547,0.001478,172.31.46.0-255,66,121180,53,285481
8548,0.001485,172.217.160.0-255,5738,126918,53,285481
8549,0.001488,172.31.46.0-255,66,126984,53,285481
8550,0.001547,172.217.160.0-255,7156,134140,53,285481
8551,0.00155,172.31.46.0-255,66,134206,53,285481
8552,0.001564,172.31.46.0-255,66,134272,53,285481
8553,0.001569,172.217.160.0-255,2184,136456,53,285481
8554,0.001571,172.31.46.0-255,66,136522,53,285481
8555,0.001595,172.217.160.0-255,2902,139424,53,285481
8556,0.001598,172.31.46.0-255,66,139490,53,285481
8557,0.001603,172.217.160.0-255,2902,142392,53,285481
8558,0.001604,172.31.46.0-255,66,142458,53,285481
8559,0.001628,172.217.160.0-255,7156,149614,53,285481
8560,0.001631,172.31.46.0-255,66,149680,53,285481
8561,0.001634,172.217.160.0-255,1484,151164,53,285481
8562,0.001679,172.31.46.0-255,66,151230,53,285481
8563,0.001685,172.217.160.0-255,5020,156250,53,285481
8564,0.001687,172.31.46.0-255,66,156316,53,285481
8565,0.003349,172.217.160.0-255,5738,162054,53,285481
8566,0.003355,172.31.46.0-255,66,162120,53,285481
8567,0.005027,172.217.160.0-255,5738,167858,53,285481
8568,0.005033,172.31.46.0-255,66,167924,53,285481
8569,0.006692,172.217.160.0-255,5738,173662,53,285481
8570,0.006698,172.31.46.0-255,66,173728,53,285481
8571,0.008364,172.217.160.0-255,5738,179466,53,285481
8572,0.008369,172.31.46.0-255,66,179532,53,285481
8573,0.010035,172.217.160.0-255,5738,185270,53,285481
8574,0.010041,172.31.46.0-255,66,185336,53,285481
8575,0.011703,172.217.160.0-255,5738,191074,53,285481
8576,0.011709,172.31.46.0-255,66,191140,53,285481
8577,0.013389,172.217.160.0-255,5738,196878,53,285481
8578,0.013395,172.31.46.0-255,66,196944,53,285481
8579,0.015063,172.217.160.0-255,5738,202682,53,285481
8580,0.01507,172.31.46.0-255,66,202748,53,285481
8581,0.016744,172.217.160.0-255,5738,208486,53,285481
8582,0.016754,172.31.46.0-255,66,208552,53,285481
8583,0.018423,172.217.160.0-255,5738,214290,53,285481
8584,0.018429,172.31.46.0-255,66,214356,53,285481
8585,0.020092,172.217.160.0-255,5738,220094,53,285481
8586,0.020098,172.31.46.0-255,66,220160,53,285481
8587,0.021768,172.217.160.0-255,5738,225898,53,285481
8588,0.021775,172.31.46.0-255,66,225964,53,285481
8589,0.023443,172.217.160.0-255,5738,231702,53,285481
8590,0.02345,172.31.46.0-255,66,231768,53,285481
8591,0.025122,172.217.160.0-255,5738,237506,53,285481
8592,0.025128,172.31.46.0-255,66,237572,53,285481
8593,0.026794,172.217.160.0-255,5738,243310,53,285481
8594,0.0268,172.31.46.0-255,66,243376,53,285481
8595,0.028466,172.217.160.0-255,5738,249114,53,285481
8596,0.028471,172.31.46.0-255,66,249180,53,285481
8597,0.030133,172.217.160.0-255,5738,254918,53,285481
8598,0.030139,172.31.46.0-255,66,254984,53,285481
8599,0.031159,172.31.46.0-255,172,255156,53,285481
8600,0.031188,172.31.46.0-255,1112,256268,53,285481
8601,0.031239,172.31.46.0-255,1514,257782,53,285481
8602,0.031241,172.31.46.0-255,1514,259296,53,285481
8603,0.031242,172.31.46.0-255,704,260000,53,285481
8604,0.031828,172.217.160.0-255,5738,265738,53,285481
8605,0.031833,172.31.46.0-255,66,265804,53,285481
8606,0.032681,104.244.42.0-255,66,265870,53,285481
8607,0.032731,104.244.42.0-255,66,265936,53,285481
8608,0.03278,104.244.42.0-255,66,266002,53,285481
8609,0.032793,104.244.42.0-255,66,266068,53,285481
8610,0.033511,172.217.160.0-255,5738,271806,53,285481
8611,0.033516,172.31.46.0-255,66,271872,53,285481
8612,0.035187,172.217.160.0-255,5738,277610,53,285481
8613,0.035192,172.31.46.0-255,66,277676,53,285481
8614,0.036895,172.217.160.0-255,5738,283414,53,285481
8615,0.036901,172.31.46.0-255,66,283480,53,285481
8616,0.038569,172.217.160.0-255,1305,284785,53,285481
8617,0.038754,172.31.46.0-255,105,284890,53,285481
8618,0.038789,172.31.46.0-255,105,284995,53,285481
8619,0.039019,172.31.46.0-255,90,285085,53,285481
8620,0.039029,172.31.46.0-255,66,285151,53,285481
8621,0.040413,172.217.160.0-255,66,285217,53,285481
8622,0.040442,172.217.160.0-255,66,285283,53,285481
8623,0.040646,172.217.160.0-255,66,285349,53,285481
8624,0.040673,172.217.160.0-255,66,285415,53,285481
8625,0.040688,172.31.46.0-255,66,285481,53,285481
8626,0.0,74.125.68.0-255,146,146,53,325335
8627,2.3e-05,172.31.46.0-255,66,212,53,325335
8628,3.1e-05,74.125.68.0-255,1484,1696,53,325335
8629,3.6e-05,172.31.46.0-255,66,1762,53,325335
8630,4.8e-05,74.125.68.0-255,2902,4664,53,325335
8631,5.2e-05,172.31.46.0-255,66,4730,53,325335
8632,5.8e-05,74.125.68.0-255,4320,9050,53,325335
8633,6.2e-05,172.31.46.0-255,66,9116,53,325335
8634,9.5e-05,172.31.46.0-255,66,9182,53,325335
8635,0.0001,74.125.68.0-255,2902,12084,53,325335
8636,0.000102,172.31.46.0-255,66,12150,53,325335
8637,0.000154,74.125.68.0-255,5738,17888,53,325335
8638,0.000156,172.31.46.0-255,66,17954,53,325335
8639,0.000175,74.125.68.0-255,3961,21915,53,325335
8640,0.000177,172.31.46.0-255,66,21981,53,325335
8641,0.000208,74.125.68.0-255,1484,23465,53,325335
8642,0.00021,172.31.46.0-255,66,23531,53,325335
8643,0.000231,74.125.68.0-255,2902,26433,53,325335
8644,0.000234,172.31.46.0-255,66,26499,53,325335
8645,0.000259,74.125.68.0-255,4320,30819,53,325335
8646,0.000262,172.31.46.0-255,66,30885,53,325335
8647,0.000268,74.125.68.0-255,5738,36623,53,325335
8648,0.000271,172.31.46.0-255,66,36689,53,325335
8649,0.000289,74.125.68.0-255,1484,38173,53,325335
8650,0.000291,172.31.46.0-255,66,38239,53,325335
8651,0.000332,172.31.46.0-255,66,38305,53,325335
8652,0.000371,172.31.46.0-255,66,38371,53,325335
8653,0.000374,74.125.68.0-255,111,38482,53,325335
8654,0.000377,172.31.46.0-255,66,38548,53,325335
8655,0.000379,74.125.68.0-255,332,38880,53,325335
8656,0.000561,74.125.68.0-255,1484,40364,53,325335
8657,0.000565,172.31.46.0-255,66,40430,53,325335
8658,0.000572,74.125.68.0-255,2902,43332,53,325335
8659,0.000574,172.31.46.0-255,66,43398,53,325335
8660,0.000604,74.125.68.0-255,5738,49136,53,325335
8661,0.000607,172.31.46.0-255,66,49202,53,325335
8662,0.000636,74.125.68.0-255,7156,56358,53,325335
8663,0.000638,172.31.46.0-255,66,56424,53,325335
8664,0.000675,74.125.68.0-255,7156,63580,53,325335
8665,0.000678,172.31.46.0-255,66,63646,53,325335
8666,0.000688,172.31.46.0-255,66,63712,53,325335
8667,0.000695,74.125.68.0-255,766,64478,53,325335
8668,0.001079,74.125.68.0-255,1484,65962,53,325335
8669,0.001083,172.31.46.0-255,66,66028,53,325335
8670,0.001089,74.125.68.0-255,2902,68930,53,325335
8671,0.001091,172.31.46.0-255,66,68996,53,325335
8672,0.001093,74.125.68.0-255,1484,70480,53,325335
8673,0.001117,74.125.68.0-255,1484,71964,53,325335
8674,0.001119,172.31.46.0-255,66,72030,53,325335
8675,0.001124,74.125.68.0-255,4320,76350,53,325335
8676,0.001126,172.31.46.0-255,66,76416,53,325335
8677,0.001153,172.31.46.0-255,66,76482,53,325335
8678,0.001163,74.125.68.0-255,7156,83638,53,325335
8679,0.001165,172.31.46.0-255,66,83704,53,325335
8680,0.001225,74.125.68.0-255,6438,90142,53,325335
8681,0.001228,172.31.46.0-255,66,90208,53,325335
8682,0.001832,74.125.68.0-255,1484,91692,53,325335
8683,0.001839,74.125.68.0-255,1484,93176,53,325335
8684,0.001843,172.31.46.0-255,66,93242,53,325335
8685,0.001876,74.125.68.0-255,1484,94726,53,325335
8686,0.001881,74.125.68.0-255,2902,97628,53,325335
8687,0.001883,172.31.46.0-255,66,97694,53,325335
8688,0.001889,74.125.68.0-255,4320,102014,53,325335
8689,0.001891,172.31.46.0-255,66,102080,53,325335
8690,0.001924,172.31.46.0-255,66,102146,53,325335
8691,0.00195,74.125.68.0-255,4320,106466,53,325335
8692,0.001953,172.31.46.0-255,66,106532,53,325335
8693,0.001986,74.125.68.0-255,5738,112270,53,325335
8694,0.001989,172.31.46.0-255,66,112336,53,325335
8695,0.001994,74.125.68.0-255,3602,115938,53,325335
8696,0.001996,172.31.46.0-255,66,116004,53,325335
8697,0.002159,74.125.68.0-255,1484,117488,53,325335
8698,0.002167,74.125.68.0-255,2902,120390,53,325335
8699,0.00217,172.31.46.0-255,66,120456,53,325335
8700,0.002177,74.125.68.0-255,5738,126194,53,325335
8701,0.002179,172.31.46.0-255,66,126260,53,325335
8702,0.002254,172.31.46.0-255,66,126326,53,325335
8703,0.002264,74.125.68.0-255,7156,133482,53,325335
8704,0.002266,172.31.46.0-255,66,133548,53,325335
8705,0.002298,74.125.68.0-255,6438,139986,53,325335
8706,0.0023,172.31.46.0-255,66,140052,53,325335
8707,0.002306,74.125.68.0-255,4320,144372,53,325335
8708,0.002308,172.31.46.0-255,66,144438,53,325335
8709,0.002323,172.31.46.0-255,66,144504,53,325335
8710,0.004623,74.125.68.0-255,5738,150242,53,325335
8711,0.004629,172.31.46.0-255,66,150308,53,325335
8712,0.006912,74.125.68.0-255,5738,156046,53,325335
8713,0.00692,172.31.46.0-255,66,156112,53,325335
8714,0.009262,74.125.68.0-255,4320,160432,53,325335
8715,0.009269,172.31.46.0-255,66,160498,53,325335
8716,0.009296,74.125.68.0-255,1484,161982,53,325335
8717,0.011561,74.125.68.0-255,4320,166302,53,325335
8718,0.01157,172.31.46.0-255,66,166368,53,325335
8719,0.013861,74.125.68.0-255,5738,172106,53,325335
8720,0.013869,172.31.46.0-255,66,172172,53,325335
8721,0.016162,74.125.68.0-255,5738,177910,53,325335
8722,0.01617,172.31.46.0-255,66,177976,53,325335
8723,0.018465,74.125.68.0-255,5738,183714,53,325335
8724,0.018473,172.31.46.0-255,66,183780,53,325335
8725,0.02077,74.125.68.0-255,4320,188100,53,325335
8726,0.020776,172.31.46.0-255,66,188166,53,325335
8727,0.020803,74.125.68.0-255,1484,189650,53,325335
8728,0.023062,74.125.68.0-255,4320,193970,53,325335
8729,0.023068,172.31.46.0-255,66,194036,53,325335
8730,0.025348,74.125.68.0-255,4320,198356,53,325335
8731,0.025354,172.31.46.0-255,66,198422,53,325335
8732,0.025379,74.125.68.0-255,1484,199906,53,325335
8733,0.027641,74.125.68.0-255,4320,204226,53,325335
8734,0.027648,172.31.46.0-255,66,204292,53,325335
8735,0.029341,172.31.46.0-255,172,204464,53,325335
8736,0.029371,172.31.46.0-255,1112,205576,53,325335
8737,0.029436,172.31.46.0-255,1514,207090,53,325335
8738,0.029437,172.31.46.0-255,1291,208381,53,325335
8739,0.029931,74.125.68.0-255,5738,214119,53,325335
8740,0.029938,172.31.46.0-255,66,214185,53,325335
8741,0.030883,104.244.42.0-255,66,214251,53,325335
8742,0.030911,104.244.42.0-255,66,214317,53,325335
8743,0.030971,104.244.42.0-255,66,214383,53,325335
8744,0.032225,74.125.68.0-255,5738,220121,53,325335
8745,0.03223,172.31.46.0-255,66,220187,53,325335
8746,0.034514,74.125.68.0-255,5738,225925,53,325335
8747,0.034521,172.31.46.0-255,66,225991,53,325335
8748,0.036814,74.125.68.0-255,5738,231729,53,325335
8749,0.036821,172.31.46.0-255,66,231795,53,325335
8750,0.039105,74.125.68.0-255,5738,237533,53,325335
8751,0.039112,172.31.46.0-255,66,237599,53,325335
8752,0.041387,74.125.68.0-255,2902,240501,53,325335
8753,0.041392,172.31.46.0-255,66,240567,53,325335
8754,0.041421,74.125.68.0-255,2902,243469,53,325335
8755,0.041424,172.31.46.0-255,66,243535,53,325335
8756,0.043679,74.125.68.0-255,2902,246437,53,325335
8757,0.043686,172.31.46.0-255,66,246503,53,325335
8758,0.043719,74.125.68.0-255,2902,249405,53,325335
8759,0.043722,172.31.46.0-255,66,249471,53,325335
8760,0.045984,74.125.68.0-255,4320,253791,53,325335
8761,0.04599,172.31.46.0-255,66,253857,53,325335
8762,0.046019,74.125.68.0-255,1484,255341,53,325335
8763,0.04828,74.125.68.0-255,4320,259661,53,325335
8764,0.048286,172.31.46.0-255,66,259727,53,325335
8765,0.050588,74.125.68.0-255,5738,265465,53,325335
8766,0.050594,172.31.46.0-255,66,265531,53,325335
8767,0.052892,74.125.68.0-255,5738,271269,53,325335
8768,0.052897,172.31.46.0-255,66,271335,53,325335
8769,0.055193,74.125.68.0-255,5738,277073,53,325335
8770,0.055199,172.31.46.0-255,66,277139,53,325335
8771,0.057503,74.125.68.0-255,5738,282877,53,325335
8772,0.05751,172.31.46.0-255,66,282943,53,325335
8773,0.059814,74.125.68.0-255,5738,288681,53,325335
8774,0.05982,172.31.46.0-255,66,288747,53,325335
8775,0.062143,74.125.68.0-255,5738,294485,53,325335
8776,0.062149,172.31.46.0-255,66,294551,53,325335
8777,0.064436,74.125.68.0-255,5738,300289,53,325335
8778,0.064441,172.31.46.0-255,66,300355,53,325335
8779,0.066734,74.125.68.0-255,5738,306093,53,325335
8780,0.066739,172.31.46.0-255,66,306159,53,325335
8781,0.069034,74.125.68.0-255,5738,311897,53,325335
8782,0.06904,172.31.46.0-255,66,311963,53,325335
8783,0.071331,74.125.68.0-255,5738,317701,53,325335
8784,0.071336,172.31.46.0-255,66,317767,53,325335
8785,0.073632,74.125.68.0-255,5738,323505,53,325335
8786,0.073637,172.31.46.0-255,66,323571,53,325335
8787,0.075931,74.125.68.0-255,1527,325098,53,325335
8788,0.075938,172.31.46.0-255,66,325164,53,325335
8789,0.076092,172.31.46.0-255,105,325269,53,325335
8790,0.078348,74.125.68.0-255,66,325335,53,325335
8791,0.0,74.125.68.0-255,150,150,53,363694
8792,1.6e-05,172.31.46.0-255,66,216,53,363694
8793,5.1e-05,74.125.68.0-255,1484,1700,53,363694
8794,5.6e-05,172.31.46.0-255,66,1766,53,363694
8795,6.2e-05,74.125.68.0-255,2902,4668,53,363694
8796,6.5e-05,172.31.46.0-255,66,4734,53,363694
8797,0.000112,74.125.68.0-255,4320,9054,53,363694
8798,0.000115,172.31.46.0-255,66,9120,53,363694
8799,0.000144,74.125.68.0-255,2902,12022,53,363694
8800,0.000147,172.31.46.0-255,66,12088,53,363694
8801,0.000165,74.125.68.0-255,3476,15564,53,363694
8802,0.000168,172.31.46.0-255,66,15630,53,363694
8803,0.000187,74.125.68.0-255,2902,18532,53,363694
8804,0.000189,172.31.46.0-255,66,18598,53,363694
8805,0.000206,74.125.68.0-255,5738,24336,53,363694
8806,0.000209,172.31.46.0-255,66,24402,53,363694
8807,0.000244,74.125.68.0-255,2902,27304,53,363694
8808,0.000247,172.31.46.0-255,66,27370,53,363694
8809,0.000266,74.125.68.0-255,3961,31331,53,363694
8810,0.000269,172.31.46.0-255,66,31397,53,363694
8811,0.000352,74.125.68.0-255,1484,32881,53,363694
8812,0.000356,172.31.46.0-255,66,32947,53,363694
8813,0.000374,74.125.68.0-255,2902,35849,53,363694
8814,0.000376,172.31.46.0-255,66,35915,53,363694
8815,0.000406,74.125.68.0-255,5738,41653,53,363694
8816,0.00041,172.31.46.0-255,66,41719,53,363694
8817,0.000435,74.125.68.0-255,6797,48516,53,363694
8818,0.000437,172.31.46.0-255,66,48582,53,363694
8819,0.000442,74.125.68.0-255,2902,51484,53,363694
8820,0.000444,172.31.46.0-255,66,51550,53,363694
8821,0.000458,74.125.68.0-255,1484,53034,53,363694
8822,0.000461,172.31.46.0-255,66,53100,53,363694
8823,0.000465,74.125.68.0-255,2902,56002,53,363694
8824,0.000468,172.31.46.0-255,66,56068,53,363694
8825,0.000484,74.125.68.0-255,2902,58970,53,363694
8826,0.000487,172.31.46.0-255,66,59036,53,363694
8827,0.000502,74.125.68.0-255,4320,63356,53,363694
8828,0.000505,172.31.46.0-255,66,63422,53,363694
8829,0.000522,74.125.68.0-255,2857,66279,53,363694
8830,0.000524,172.31.46.0-255,66,66345,53,363694
8831,0.00054,74.125.68.0-255,111,66456,53,363694
8832,0.000662,74.125.68.0-255,1484,67940,53,363694
8833,0.000667,172.31.46.0-255,66,68006,53,363694
8834,0.000673,74.125.68.0-255,2902,70908,53,363694
8835,0.000675,172.31.46.0-255,66,70974,53,363694
8836,0.0007,74.125.68.0-255,5738,76712,53,363694
8837,0.000703,172.31.46.0-255,66,76778,53,363694
8838,0.000707,74.125.68.0-255,2902,79680,53,363694
8839,0.00071,172.31.46.0-255,66,79746,53,363694
8840,0.000715,74.125.68.0-255,4320,84066,53,363694
8841,0.000718,172.31.46.0-255,66,84132,53,363694
8842,0.000767,172.31.46.0-255,66,84198,53,363694
8843,0.000772,74.125.68.0-255,4320,88518,53,363694
8844,0.000774,172.31.46.0-255,66,88584,53,363694
8845,0.000802,74.125.68.0-255,3865,92449,53,363694
8846,0.000805,172.31.46.0-255,66,92515,53,363694
8847,0.001296,74.125.68.0-255,1484,93999,53,363694
8848,0.001301,74.125.68.0-255,1484,95483,53,363694
8849,0.001304,172.31.46.0-255,66,95549,53,363694
8850,0.001328,74.125.68.0-255,2902,98451,53,363694
8851,0.001331,172.31.46.0-255,66,98517,53,363694
8852,0.001338,74.125.68.0-255,5738,104255,53,363694
8853,0.00134,172.31.46.0-255,66,104321,53,363694
8854,0.001366,74.125.68.0-255,7156,111477,53,363694
8855,0.001369,172.31.46.0-255,66,111543,53,363694
8856,0.001385,74.125.68.0-255,1484,113027,53,363694
8857,0.001397,172.31.46.0-255,66,113093,53,363694
8858,0.001419,74.125.68.0-255,3602,116695,53,363694
8859,0.001422,172.31.46.0-255,66,116761,53,363694
8860,0.001703,74.125.68.0-255,1484,118245,53,363694
8861,0.001718,74.125.68.0-255,2902,121147,53,363694
8862,0.001721,172.31.46.0-255,66,121213,53,363694
8863,0.001738,74.125.68.0-255,5738,126951,53,363694
8864,0.001741,172.31.46.0-255,66,127017,53,363694
8865,0.001783,172.31.46.0-255,66,127083,53,363694
8866,0.001811,172.31.46.0-255,66,127149,53,363694
8867,0.00183,74.125.68.0-255,2184,129333,53,363694
8868,0.001832,172.31.46.0-255,66,129399,53,363694
8869,0.002234,74.125.68.0-255,1484,130883,53,363694
8870,0.002243,74.125.68.0-255,2902,133785,53,363694
8871,0.002247,172.31.46.0-255,66,133851,53,363694
8872,0.002254,74.125.68.0-255,5738,139589,53,363694
8873,0.002256,172.31.46.0-255,66,139655,53,363694
8874,0.00226,74.125.68.0-255,1484,141139,53,363694
8875,0.002277,74.125.68.0-255,2902,144041,53,363694
8876,0.002279,172.31.46.0-255,66,144107,53,363694
8877,0.002282,74.125.68.0-255,1484,145591,53,363694
8878,0.002305,74.125.68.0-255,4320,149911,53,363694
8879,0.002307,172.31.46.0-255,66,149977,53,363694
8880,0.004562,74.125.68.0-255,5738,155715,53,363694
8881,0.004569,172.31.46.0-255,66,155781,53,363694
8882,0.006821,74.125.68.0-255,5738,161519,53,363694
8883,0.006825,172.31.46.0-255,66,161585,53,363694
8884,0.007526,172.31.46.0-255,101,161686,53,363694
8885,0.009099,74.125.68.0-255,5738,167424,53,363694
8886,0.009106,172.31.46.0-255,66,167490,53,363694
8887,0.009748,74.125.68.0-255,66,167556,53,363694
8888,0.011388,74.125.68.0-255,5738,173294,53,363694
8889,0.011406,172.31.46.0-255,66,173360,53,363694
8890,0.013671,74.125.68.0-255,5738,179098,53,363694
8891,0.013679,172.31.46.0-255,66,179164,53,363694
8892,0.015974,74.125.68.0-255,5738,184902,53,363694
8893,0.015993,172.31.46.0-255,66,184968,53,363694
8894,0.018253,74.125.68.0-255,5738,190706,53,363694
8895,0.018261,172.31.46.0-255,66,190772,53,363694
8896,0.020526,74.125.68.0-255,5738,196510,53,363694
8897,0.020534,172.31.46.0-255,66,196576,53,363694
8898,0.022801,74.125.68.0-255,5738,202314,53,363694
8899,0.022809,172.31.46.0-255,66,202380,53,363694
8900,0.025073,74.125.68.0-255,5738,208118,53,363694
8901,0.025081,172.31.46.0-255,66,208184,53,363694
8902,0.027358,74.125.68.0-255,5738,213922,53,363694
8903,0.027372,172.31.46.0-255,66,213988,53,363694
8904,0.029637,74.125.68.0-255,5738,219726,53,363694
8905,0.029643,172.31.46.0-255,66,219792,53,363694
8906,0.03118,172.31.46.0-255,194,219986,53,363694
8907,0.031219,172.31.46.0-255,1112,221098,53,363694
8908,0.031287,172.31.46.0-255,1514,222612,53,363694
8909,0.03129,172.31.46.0-255,1514,224126,53,363694
8910,0.031296,172.31.46.0-255,1514,225640,53,363694
8911,0.031297,172.31.46.0-255,1514,227154,53,363694
8912,0.031314,172.31.46.0-255,486,227640,53,363694
8913,0.031905,74.125.68.0-255,5738,233378,53,363694
8914,0.031915,172.31.46.0-255,66,233444,53,363694
8915,0.03269,104.244.42.0-255,66,233510,53,363694
8916,0.032731,104.244.42.0-255,66,233576,53,363694
8917,0.032817,104.244.42.0-255,66,233642,53,363694
8918,0.032824,104.244.42.0-255,66,233708,53,363694
8919,0.034191,74.125.68.0-255,5738,239446,53,363694
8920,0.034198,172.31.46.0-255,66,239512,53,363694
8921,0.036481,74.125.68.0-255,5738,245250,53,363694
8922,0.036493,172.31.46.0-255,66,245316,53,363694
8923,0.038761,74.125.68.0-255,5738,251054,53,363694
8924,0.03877,172.31.46.0-255,66,251120,53,363694
8925,0.041033,74.125.68.0-255,4320,255440,53,363694
8926,0.041041,172.31.46.0-255,66,255506,53,363694
8927,0.04106,74.125.68.0-255,1484,256990,53,363694
8928,0.043301,74.125.68.0-255,4320,261310,53,363694
8929,0.043308,172.31.46.0-255,66,261376,53,363694
8930,0.045596,74.125.68.0-255,5738,267114,53,363694
8931,0.045603,172.31.46.0-255,66,267180,53,363694
8932,0.047892,74.125.68.0-255,5738,272918,53,363694
8933,0.047899,172.31.46.0-255,66,272984,53,363694
8934,0.050165,74.125.68.0-255,5738,278722,53,363694
8935,0.050172,172.31.46.0-255,66,278788,53,363694
8936,0.052453,74.125.68.0-255,4320,283108,53,363694
8937,0.052461,172.31.46.0-255,66,283174,53,363694
8938,0.052479,74.125.68.0-255,1484,284658,53,363694
8939,0.054726,74.125.68.0-255,4320,288978,53,363694
8940,0.054733,172.31.46.0-255,66,289044,53,363694
8941,0.057005,74.125.68.0-255,5738,294782,53,363694
8942,0.057012,172.31.46.0-255,66,294848,53,363694
8943,0.059288,74.125.68.0-255,5738,300586,53,363694
8944,0.059295,172.31.46.0-255,66,300652,53,363694
8945,0.061576,74.125.68.0-255,5738,306390,53,363694
8946,0.061582,172.31.46.0-255,66,306456,53,363694
8947,0.063858,74.125.68.0-255,5738,312194,53,363694
8948,0.063865,172.31.46.0-255,66,312260,53,363694
8949,0.066153,74.125.68.0-255,5738,317998,53,363694
8950,0.06616,172.31.46.0-255,66,318064,53,363694
8951,0.068414,74.125.68.0-255,5738,323802,53,363694
8952,0.068422,172.31.46.0-255,66,323868,53,363694
8953,0.070699,74.125.68.0-255,5738,329606,53,363694
8954,0.070706,172.31.46.0-255,66,329672,53,363694
8955,0.07298,74.125.68.0-255,5738,335410,53,363694
8956,0.072987,172.31.46.0-255,66,335476,53,363694
8957,0.075293,74.125.68.0-255,5738,341214,53,363694
8958,0.0753,172.31.46.0-255,66,341280,53,363694
8959,0.077579,74.125.68.0-255,5738,347018,53,363694
8960,0.077588,172.31.46.0-255,66,347084,53,363694
8961,0.079854,74.125.68.0-255,5738,352822,53,363694
8962,0.079865,172.31.46.0-255,66,352888,53,363694
8963,0.082146,74.125.68.0-255,5738,358626,53,363694
8964,0.082153,172.31.46.0-255,66,358692,53,363694
8965,0.084416,74.125.68.0-255,4765,363457,53,363694
8966,0.084423,172.31.46.0-255,66,363523,53,363694
8967,0.084627,172.31.46.0-255,105,363628,53,363694
8968,0.091453,74.125.68.0-255,66,363694,53,363694
8969,0.0,172.217.194.0-255,296,296,53,206119
8970,1.6e-05,172.31.46.0-255,66,362,53,206119
8971,2.2e-05,172.217.194.0-255,1484,1846,53,206119
8972,2.6e-05,172.31.46.0-255,66,1912,53,206119
8973,4e-05,172.217.194.0-255,4320,6232,53,206119
8974,4.3e-05,172.31.46.0-255,66,6298,53,206119
8975,5.7e-05,172.31.46.0-255,66,6364,53,206119
8976,6e-05,172.217.194.0-255,1484,7848,53,206119
8977,6.3e-05,172.31.46.0-255,66,7914,53,206119
8978,0.000107,172.31.46.0-255,66,7980,53,206119
8979,0.000112,172.217.194.0-255,2543,10523,53,206119
8980,0.000114,172.31.46.0-255,66,10589,53,206119
8981,0.00138,172.217.194.0-255,1484,12073,53,206119
8982,0.001391,172.31.46.0-255,66,12139,53,206119
8983,0.001401,172.217.194.0-255,2902,15041,53,206119
8984,0.00141,172.31.46.0-255,66,15107,53,206119
8985,0.001418,172.217.194.0-255,5738,20845,53,206119
8986,0.001421,172.31.46.0-255,66,20911,53,206119
8987,0.001432,172.31.46.0-255,66,20977,53,206119
8988,0.001468,172.217.194.0-255,5379,26356,53,206119
8989,0.001471,172.31.46.0-255,66,26422,53,206119
8990,0.001481,172.31.46.0-255,66,26488,53,206119
8991,0.001484,172.217.194.0-255,1449,27937,53,206119
8992,0.001487,172.31.46.0-255,66,28003,53,206119
8993,0.001588,172.217.194.0-255,1484,29487,53,206119
8994,0.001594,172.31.46.0-255,66,29553,53,206119
8995,0.001599,172.217.194.0-255,2902,32455,53,206119
8996,0.001602,172.31.46.0-255,66,32521,53,206119
8997,0.001607,172.217.194.0-255,2902,35423,53,206119
8998,0.00161,172.31.46.0-255,66,35489,53,206119
8999,0.00164,172.217.194.0-255,2902,38391,53,206119
9000,0.001643,172.31.46.0-255,66,38457,53,206119
9001,0.001651,172.217.194.0-255,6797,45254,53,206119
9002,0.001653,172.31.46.0-255,66,45320,53,206119
9003,0.001659,172.217.194.0-255,5738,51058,53,206119
9004,0.001662,172.31.46.0-255,66,51124,53,206119
9005,0.001689,172.217.194.0-255,1484,52608,53,206119
9006,0.001704,172.31.46.0-255,66,52674,53,206119
9007,0.001735,172.217.194.0-255,7156,59830,53,206119
9008,0.001738,172.31.46.0-255,66,59896,53,206119
9009,0.001751,172.31.46.0-255,66,59962,53,206119
9010,0.001816,172.217.194.0-255,5738,65700,53,206119
9011,0.001819,172.31.46.0-255,66,65766,53,206119
9012,0.001827,172.217.194.0-255,7156,72922,53,206119
9013,0.001829,172.31.46.0-255,66,72988,53,206119
9014,0.001841,172.31.46.0-255,66,73054,53,206119
9015,0.001874,172.217.194.0-255,5379,78433,53,206119
9016,0.001877,172.31.46.0-255,66,78499,53,206119
9017,0.00189,172.31.46.0-255,66,78565,53,206119
9018,0.001902,172.31.46.0-255,66,78631,53,206119
9019,0.001957,172.217.194.0-255,1484,80115,53,206119
9020,0.001962,172.217.194.0-255,2902,83017,53,206119
9021,0.001965,172.31.46.0-255,66,83083,53,206119
9022,0.00197,172.217.194.0-255,2902,85985,53,206119
9023,0.001972,172.31.46.0-255,66,86051,53,206119
9024,0.001996,172.217.194.0-255,2902,88953,53,206119
9025,0.001999,172.31.46.0-255,66,89019,53,206119
9026,0.002017,172.31.46.0-255,66,89085,53,206119
9027,0.002023,172.217.194.0-255,5738,94823,53,206119
9028,0.002026,172.31.46.0-255,66,94889,53,206119
9029,0.002065,172.217.194.0-255,5020,99909,53,206119
9030,0.002068,172.31.46.0-255,66,99975,53,206119
9031,0.00209,172.217.194.0-255,1484,101459,53,206119
9032,0.002095,172.217.194.0-255,2902,104361,53,206119
9033,0.002097,172.31.46.0-255,66,104427,53,206119
9034,0.0021,172.217.194.0-255,1484,105911,53,206119
9035,0.002123,172.217.194.0-255,4320,110231,53,206119
9036,0.002126,172.31.46.0-255,66,110297,53,206119
9037,0.002129,172.217.194.0-255,1484,111781,53,206119
9038,0.00216,172.31.46.0-255,66,111847,53,206119
9039,0.002165,172.217.194.0-255,2902,114749,53,206119
9040,0.002168,172.31.46.0-255,66,114815,53,206119
9041,0.002205,172.31.46.0-255,66,114881,53,206119
9042,0.002249,172.217.194.0-255,1484,116365,53,206119
9043,0.002267,172.217.194.0-255,2902,119267,53,206119
9044,0.002269,172.31.46.0-255,66,119333,53,206119
9045,0.002299,172.217.194.0-255,5738,125071,53,206119
9046,0.002302,172.31.46.0-255,66,125137,53,206119
9047,0.002309,172.217.194.0-255,5738,130875,53,206119
9048,0.002311,172.31.46.0-255,66,130941,53,206119
9049,0.002357,172.217.194.0-255,7156,138097,53,206119
9050,0.002371,172.217.194.0-255,1484,139581,53,206119
9051,0.00239,172.217.194.0-255,2902,142483,53,206119
9052,0.002396,172.217.194.0-255,5738,148221,53,206119
9053,0.002416,172.217.194.0-255,4320,152541,53,206119
9054,0.002429,172.217.194.0-255,4320,156861,53,206119
9055,0.002449,172.217.194.0-255,2902,159763,53,206119
9056,0.002452,172.217.194.0-255,1484,161247,53,206119
9057,0.002553,172.217.194.0-255,5738,166985,53,206119
9058,0.002559,172.217.194.0-255,5738,172723,53,206119
9059,0.002563,172.217.194.0-255,1484,174207,53,206119
9060,0.00261,172.217.194.0-255,5020,179227,53,206119
9061,0.00263,172.217.194.0-255,2902,182129,53,206119
9062,0.002645,172.217.194.0-255,2184,184313,53,206119
9063,0.002665,172.217.194.0-255,2902,187215,53,206119
9064,0.002679,172.217.194.0-255,2902,190117,53,206119
9065,0.002682,172.217.194.0-255,1484,191601,53,206119
9066,0.002746,172.217.194.0-255,2902,194503,53,206119
9067,0.00276,172.217.194.0-255,2464,196967,53,206119
9068,0.002793,172.217.194.0-255,105,197072,53,206119
9069,0.002795,172.217.194.0-255,129,197201,53,206119
9070,0.006075,172.31.46.0-255,66,197267,53,206119
9071,0.008911,172.31.46.0-255,105,197372,53,206119
9072,0.008981,172.31.46.0-255,105,197477,53,206119
9073,0.009211,172.31.46.0-255,90,197567,53,206119
9074,0.009221,172.31.46.0-255,66,197633,53,206119
9075,0.011237,172.217.194.0-255,66,197699,53,206119
9076,0.011298,172.217.194.0-255,66,197765,53,206119
9077,0.011551,172.217.194.0-255,66,197831,53,206119
9078,0.011589,172.217.194.0-255,66,197897,53,206119
9079,0.011595,172.31.46.0-255,66,197963,53,206119
9080,0.039036,172.31.46.0-255,176,198139,53,206119
9081,0.03907,172.31.46.0-255,1112,199251,53,206119
9082,0.03913,172.31.46.0-255,1514,200765,53,206119
9083,0.039132,172.31.46.0-255,1514,202279,53,206119
9084,0.039138,172.31.46.0-255,1514,203793,53,206119
9085,0.03914,172.31.46.0-255,1514,205307,53,206119
9086,0.039164,172.31.46.0-255,482,205789,53,206119
9087,0.040601,104.244.42.0-255,66,205855,53,206119
9088,0.040636,104.244.42.0-255,66,205921,53,206119
9089,0.040698,104.244.42.0-255,66,205987,53,206119
9090,0.040742,104.244.42.0-255,66,206053,53,206119
9091,0.040744,104.244.42.0-255,66,206119,53,206119
9092,0.0,74.125.200.0-255,150,150,53,308358
9093,2.3e-05,172.31.46.0-255,66,216,53,308358
9094,3e-05,74.125.200.0-255,1484,1700,53,308358
9095,3.4e-05,172.31.46.0-255,66,1766,53,308358
9096,4.1e-05,74.125.200.0-255,2902,4668,53,308358
9097,4.5e-05,172.31.46.0-255,66,4734,53,308358
9098,5.1e-05,74.125.200.0-255,5738,10472,53,308358
9099,5.4e-05,172.31.46.0-255,66,10538,53,308358
9100,5.9e-05,74.125.200.0-255,3472,14010,53,308358
9101,6.2e-05,172.31.46.0-255,66,14076,53,308358
9102,0.000199,74.125.200.0-255,1484,15560,53,308358
9103,0.000205,172.31.46.0-255,66,15626,53,308358
9104,0.000209,74.125.200.0-255,1484,17110,53,308358
9105,0.000211,172.31.46.0-255,66,17176,53,308358
9106,0.000215,74.125.200.0-255,2902,20078,53,308358
9107,0.000218,172.31.46.0-255,66,20144,53,308358
9108,0.00025,74.125.200.0-255,5738,25882,53,308358
9109,0.000253,172.31.46.0-255,66,25948,53,308358
9110,0.000259,74.125.200.0-255,5379,31327,53,308358
9111,0.000261,172.31.46.0-255,66,31393,53,308358
9112,0.000274,74.125.200.0-255,1484,32877,53,308358
9113,0.000276,172.31.46.0-255,66,32943,53,308358
9114,0.000291,74.125.200.0-255,4320,37263,53,308358
9115,0.000293,172.31.46.0-255,66,37329,53,308358
9116,0.000337,172.31.46.0-255,66,37395,53,308358
9117,0.000343,74.125.200.0-255,5738,43133,53,308358
9118,0.000345,172.31.46.0-255,66,43199,53,308358
9119,0.00037,74.125.200.0-255,4320,47519,53,308358
9120,0.000373,172.31.46.0-255,66,47585,53,308358
9121,0.000394,74.125.200.0-255,5020,52605,53,308358
9122,0.000397,172.31.46.0-255,66,52671,53,308358
9123,0.0004,74.125.200.0-255,400,53071,53,308358
9124,0.000439,74.125.200.0-255,108,53179,53,308358
9125,0.000533,74.125.200.0-255,1484,54663,53,308358
9126,0.000538,74.125.200.0-255,1484,56147,53,308358
9127,0.000541,74.125.200.0-255,1484,57631,53,308358
9128,0.000551,172.31.46.0-255,66,57697,53,308358
9129,0.000559,74.125.200.0-255,1484,59181,53,308358
9130,0.000566,74.125.200.0-255,5738,64919,53,308358
9131,0.00057,172.31.46.0-255,66,64985,53,308358
9132,0.000588,74.125.200.0-255,4320,69305,53,308358
9133,0.000602,172.31.46.0-255,66,69371,53,308358
9134,0.000615,172.31.46.0-255,66,69437,53,308358
9135,0.000665,172.31.46.0-255,66,69503,53,308358
9136,0.00115,74.125.200.0-255,1484,70987,53,308358
9137,0.001164,74.125.200.0-255,2902,73889,53,308358
9138,0.001167,172.31.46.0-255,66,73955,53,308358
9139,0.001171,74.125.200.0-255,1484,75439,53,308358
9140,0.001189,74.125.200.0-255,2902,78341,53,308358
9141,0.001214,74.125.200.0-255,5738,84079,53,308358
9142,0.001221,172.31.46.0-255,66,84145,53,308358
9143,0.001232,74.125.200.0-255,4320,88465,53,308358
9144,0.001237,172.31.46.0-255,66,88531,53,308358
9145,0.001257,74.125.200.0-255,7156,95687,53,308358
9146,0.001295,172.31.46.0-255,66,95753,53,308358
9147,0.001307,74.125.200.0-255,2902,98655,53,308358
9148,0.001318,172.31.46.0-255,66,98721,53,308358
9149,0.001335,74.125.200.0-255,5020,103741,53,308358
9150,0.001353,172.31.46.0-255,66,103807,53,308358
9151,0.002207,74.125.200.0-255,1484,105291,53,308358
9152,0.00223,74.125.200.0-255,2902,108193,53,308358
9153,0.002234,172.31.46.0-255,66,108259,53,308358
9154,0.002239,74.125.200.0-255,1484,109743,53,308358
9155,0.002256,74.125.200.0-255,2902,112645,53,308358
9156,0.002269,74.125.200.0-255,1484,114129,53,308358
9157,0.002292,74.125.200.0-255,4320,118449,53,308358
9158,0.002296,74.125.200.0-255,2902,121351,53,308358
9159,0.002311,74.125.200.0-255,4320,125671,53,308358
9160,0.002353,74.125.200.0-255,5738,131409,53,308358
9161,0.002372,74.125.200.0-255,2902,134311,53,308358
9162,0.002374,74.125.200.0-255,1484,135795,53,308358
9163,0.002388,74.125.200.0-255,2184,137979,53,308358
9164,0.002973,74.125.200.0-255,1484,139463,53,308358
9165,0.002998,74.125.200.0-255,2902,142365,53,308358
9166,0.003004,74.125.200.0-255,4320,146685,53,308358
9167,0.003019,74.125.200.0-255,5738,152423,53,308358
9168,0.003047,74.125.200.0-255,2902,155325,53,308358
9169,0.003068,74.125.200.0-255,4320,159645,53,308358
9170,0.003108,74.125.200.0-255,3602,163247,53,308358
9171,0.003617,74.125.200.0-255,1484,164731,53,308358
9172,0.003622,74.125.200.0-255,2902,167633,53,308358
9173,0.003655,74.125.200.0-255,5738,173371,53,308358
9174,0.00366,74.125.200.0-255,4320,177691,53,308358
9175,0.003675,74.125.200.0-255,1484,179175,53,308358
9176,0.003678,74.125.200.0-255,1484,180659,53,308358
9177,0.003693,74.125.200.0-255,5738,186397,53,308358
9178,0.003711,74.125.200.0-255,2902,189299,53,308358
9179,0.003714,74.125.200.0-255,2902,192201,53,308358
9180,0.003735,74.125.200.0-255,4320,196521,53,308358
9181,0.003737,74.125.200.0-255,766,197287,53,308358
9182,0.003917,74.125.200.0-255,1484,198771,53,308358
9183,0.003929,74.125.200.0-255,2902,201673,53,308358
9184,0.003948,74.125.200.0-255,2902,204575,53,308358
9185,0.003963,74.125.200.0-255,2902,207477,53,308358
9186,0.003969,74.125.200.0-255,5738,213215,53,308358
9187,0.003985,74.125.200.0-255,1484,214699,53,308358
9188,0.004008,74.125.200.0-255,5738,220437,53,308358
9189,0.004013,74.125.200.0-255,2902,223339,53,308358
9190,0.004026,74.125.200.0-255,5738,229077,53,308358
9191,0.004044,74.125.200.0-255,2184,231261,53,308358
9192,0.004049,74.125.200.0-255,4320,235581,53,308358
9193,0.004074,74.125.200.0-255,7156,242737,53,308358
9194,0.00408,74.125.200.0-255,5738,248475,53,308358
9195,0.00412,74.125.200.0-255,4320,252795,53,308358
9196,0.004279,74.125.200.0-255,1484,254279,53,308358
9197,0.004283,74.125.200.0-255,1484,255763,53,308358
9198,0.004297,74.125.200.0-255,1484,257247,53,308358
9199,0.004331,74.125.200.0-255,1484,258731,53,308358
9200,0.004348,74.125.200.0-255,4320,263051,53,308358
9201,0.004353,74.125.200.0-255,2902,265953,53,308358
9202,0.004359,74.125.200.0-255,4320,270273,53,308358
9203,0.004371,74.125.200.0-255,2902,273175,53,308358
9204,0.004395,74.125.200.0-255,1484,274659,53,308358
9205,0.004411,74.125.200.0-255,1484,276143,53,308358
9206,0.004437,74.125.200.0-255,3602,279745,53,308358
9207,0.00444,74.125.200.0-255,1484,281229,53,308358
9208,0.004473,74.125.200.0-255,1484,282713,53,308358
9209,0.004515,74.125.200.0-255,4320,287033,53,308358
9210,0.004519,74.125.200.0-255,2902,289935,53,308358
9211,0.004551,74.125.200.0-255,5738,295673,53,308358
9212,0.004554,74.125.200.0-255,1484,297157,53,308358
9213,0.004581,74.125.200.0-255,1484,298641,53,308358
9214,0.0046,74.125.200.0-255,5088,303729,53,308358
9215,0.004638,74.125.200.0-255,105,303834,53,308358
9216,0.004723,172.31.46.0-255,66,303900,53,308358
9217,0.006713,172.31.46.0-255,105,304005,53,308358
9218,0.008989,74.125.200.0-255,66,304071,53,308358
9219,0.032729,172.31.46.0-255,172,304243,53,308358
9220,0.032768,172.31.46.0-255,1112,305355,53,308358
9221,0.032832,172.31.46.0-255,1514,306869,53,308358
9222,0.032834,172.31.46.0-255,1291,308160,53,308358
9223,0.034273,104.244.42.0-255,66,308226,53,308358
9224,0.034314,104.244.42.0-255,66,308292,53,308358
9225,0.034417,104.244.42.0-255,66,308358,53,308358
9226,0.0,74.125.68.0-255,153,153,53,379407
9227,2.1e-05,172.31.46.0-255,66,219,53,379407
9228,2.8e-05,74.125.68.0-255,1484,1703,53,379407
9229,3.3e-05,172.31.46.0-255,66,1769,53,379407
9230,3.8e-05,74.125.68.0-255,2902,4671,53,379407
9231,4.9e-05,172.31.46.0-255,66,4737,53,379407
9232,5.5e-05,74.125.68.0-255,5738,10475,53,379407
9233,5.9e-05,172.31.46.0-255,66,10541,53,379407
9234,9.8e-05,74.125.68.0-255,6258,16799,53,379407
9235,0.000101,172.31.46.0-255,66,16865,53,379407
9236,0.000109,74.125.68.0-255,7156,24021,53,379407
9237,0.000111,172.31.46.0-255,66,24087,53,379407
9238,0.000143,74.125.68.0-255,6797,30884,53,379407
9239,0.000145,172.31.46.0-255,66,30950,53,379407
9240,0.000234,74.125.68.0-255,1484,32434,53,379407
9241,0.000238,172.31.46.0-255,66,32500,53,379407
9242,0.000267,74.125.68.0-255,2902,35402,53,379407
9243,0.00027,172.31.46.0-255,66,35468,53,379407
9244,0.000276,74.125.68.0-255,5738,41206,53,379407
9245,0.000279,172.31.46.0-255,66,41272,53,379407
9246,0.00031,74.125.68.0-255,6797,48069,53,379407
9247,0.000313,172.31.46.0-255,66,48135,53,379407
9248,0.000552,74.125.68.0-255,1484,49619,53,379407
9249,0.000568,172.31.46.0-255,66,49685,53,379407
9250,0.000575,74.125.68.0-255,2902,52587,53,379407
9251,0.000577,172.31.46.0-255,66,52653,53,379407
9252,0.000581,74.125.68.0-255,1484,54137,53,379407
9253,0.000588,172.31.46.0-255,66,54203,53,379407
9254,0.000591,74.125.68.0-255,1484,55687,53,379407
9255,0.000594,172.31.46.0-255,66,55753,53,379407
9256,0.000615,74.125.68.0-255,1484,57237,53,379407
9257,0.000617,172.31.46.0-255,66,57303,53,379407
9258,0.00062,74.125.68.0-255,1484,58787,53,379407
9259,0.000646,74.125.68.0-255,4320,63107,53,379407
9260,0.000649,172.31.46.0-255,66,63173,53,379407
9261,0.000652,74.125.68.0-255,1484,64657,53,379407
9262,0.000676,74.125.68.0-255,1125,65782,53,379407
9263,0.000678,172.31.46.0-255,66,65848,53,379407
9264,0.001105,74.125.68.0-255,1484,67332,53,379407
9265,0.001114,74.125.68.0-255,2902,70234,53,379407
9266,0.00112,172.31.46.0-255,66,70300,53,379407
9267,0.001126,74.125.68.0-255,2902,73202,53,379407
9268,0.001128,172.31.46.0-255,66,73268,53,379407
9269,0.001154,74.125.68.0-255,2902,76170,53,379407
9270,0.001162,172.31.46.0-255,66,76236,53,379407
9271,0.001167,74.125.68.0-255,2902,79138,53,379407
9272,0.001169,172.31.46.0-255,66,79204,53,379407
9273,0.001202,74.125.68.0-255,3961,83165,53,379407
9274,0.001206,172.31.46.0-255,66,83231,53,379407
9275,0.00121,74.125.68.0-255,2902,86133,53,379407
9276,0.001212,172.31.46.0-255,66,86199,53,379407
9277,0.00123,74.125.68.0-255,1484,87683,53,379407
9278,0.001234,74.125.68.0-255,1484,89167,53,379407
9279,0.001236,172.31.46.0-255,66,89233,53,379407
9280,0.00127,74.125.68.0-255,7156,96389,53,379407
9281,0.001274,172.31.46.0-255,66,96455,53,379407
9282,0.001303,74.125.68.0-255,3961,100416,53,379407
9283,0.001306,172.31.46.0-255,66,100482,53,379407
9284,0.002085,74.125.68.0-255,1484,101966,53,379407
9285,0.002104,74.125.68.0-255,1484,103450,53,379407
9286,0.002109,172.31.46.0-255,66,103516,53,379407
9287,0.002114,74.125.68.0-255,1484,105000,53,379407
9288,0.002136,74.125.68.0-255,1484,106484,53,379407
9289,0.002138,172.31.46.0-255,66,106550,53,379407
9290,0.002145,74.125.68.0-255,4320,110870,53,379407
9291,0.002147,172.31.46.0-255,66,110936,53,379407
9292,0.002179,74.125.68.0-255,1484,112420,53,379407
9293,0.002187,74.125.68.0-255,7156,119576,53,379407
9294,0.002189,172.31.46.0-255,66,119642,53,379407
9295,0.002194,74.125.68.0-255,2902,122544,53,379407
9296,0.002196,172.31.46.0-255,66,122610,53,379407
9297,0.00224,172.31.46.0-255,66,122676,53,379407
9298,0.002243,74.125.68.0-255,766,123442,53,379407
9299,0.002975,172.31.46.0-255,66,123508,53,379407
9300,0.004515,74.125.68.0-255,4320,127828,53,379407
9301,0.004523,172.31.46.0-255,66,127894,53,379407
9302,0.005204,74.125.68.0-255,1484,129378,53,379407
9303,0.006749,74.125.68.0-255,2902,132280,53,379407
9304,0.006753,172.31.46.0-255,66,132346,53,379407
9305,0.006776,74.125.68.0-255,1484,133830,53,379407
9306,0.00898,74.125.68.0-255,4320,138150,53,379407
9307,0.008987,172.31.46.0-255,66,138216,53,379407
9308,0.011235,74.125.68.0-255,5738,143954,53,379407
9309,0.011243,172.31.46.0-255,66,144020,53,379407
9310,0.013482,74.125.68.0-255,5738,149758,53,379407
9311,0.01349,172.31.46.0-255,66,149824,53,379407
9312,0.015723,74.125.68.0-255,5738,155562,53,379407
9313,0.01573,172.31.46.0-255,66,155628,53,379407
9314,0.01797,74.125.68.0-255,5738,161366,53,379407
9315,0.01798,172.31.46.0-255,66,161432,53,379407
9316,0.02022,74.125.68.0-255,5738,167170,53,379407
9317,0.020227,172.31.46.0-255,66,167236,53,379407
9318,0.022469,74.125.68.0-255,5738,172974,53,379407
9319,0.022478,172.31.46.0-255,66,173040,53,379407
9320,0.024734,74.125.68.0-255,5738,178778,53,379407
9321,0.024745,172.31.46.0-255,66,178844,53,379407
9322,0.026984,74.125.68.0-255,5738,184582,53,379407
9323,0.026992,172.31.46.0-255,66,184648,53,379407
9324,0.029241,74.125.68.0-255,5738,190386,53,379407
9325,0.029249,172.31.46.0-255,66,190452,53,379407
9326,0.031514,74.125.68.0-255,5738,196190,53,379407
9327,0.031524,172.31.46.0-255,66,196256,53,379407
9328,0.033796,74.125.68.0-255,5738,201994,53,379407
9329,0.033806,172.31.46.0-255,66,202060,53,379407
9330,0.036057,74.125.68.0-255,5738,207798,53,379407
9331,0.036066,172.31.46.0-255,66,207864,53,379407
9332,0.037151,172.31.46.0-255,172,208036,53,379407
9333,0.037183,172.31.46.0-255,1112,209148,53,379407
9334,0.037259,172.31.46.0-255,1514,210662,53,379407
9335,0.037261,172.31.46.0-255,1514,212176,53,379407
9336,0.037262,172.31.46.0-255,1514,213690,53,379407
9337,0.037263,172.31.46.0-255,1514,215204,53,379407
9338,0.037289,172.31.46.0-255,1493,216697,53,379407
9339,0.038327,74.125.68.0-255,5738,222435,53,379407
9340,0.038335,172.31.46.0-255,66,222501,53,379407
9341,0.038699,104.244.42.0-255,66,222567,53,379407
9342,0.038707,104.244.42.0-255,66,222633,53,379407
9343,0.038813,104.244.42.0-255,66,222699,53,379407
9344,0.04058,74.125.68.0-255,5738,228437,53,379407
9345,0.040588,172.31.46.0-255,66,228503,53,379407
9346,0.042863,74.125.68.0-255,5738,234241,53,379407
9347,0.04287,172.31.46.0-255,66,234307,53,379407
9348,0.045143,74.125.68.0-255,5738,240045,53,379407
9349,0.045152,172.31.46.0-255,66,240111,53,379407
9350,0.047405,74.125.68.0-255,5738,245849,53,379407
9351,0.047412,172.31.46.0-255,66,245915,53,379407
9352,0.049654,74.125.68.0-255,5738,251653,53,379407
9353,0.049661,172.31.46.0-255,66,251719,53,379407
9354,0.051916,74.125.68.0-255,5738,257457,53,379407
9355,0.051925,172.31.46.0-255,66,257523,53,379407
9356,0.054166,74.125.68.0-255,5738,263261,53,379407
9357,0.054174,172.31.46.0-255,66,263327,53,379407
9358,0.056427,74.125.68.0-255,5738,269065,53,379407
9359,0.056434,172.31.46.0-255,66,269131,53,379407
9360,0.058697,74.125.68.0-255,5738,274869,53,379407
9361,0.058703,172.31.46.0-255,66,274935,53,379407
9362,0.060944,74.125.68.0-255,5738,280673,53,379407
9363,0.060951,172.31.46.0-255,66,280739,53,379407
9364,0.063213,74.125.68.0-255,5738,286477,53,379407
9365,0.06322,172.31.46.0-255,66,286543,53,379407
9366,0.065461,74.125.68.0-255,5738,292281,53,379407
9367,0.065468,172.31.46.0-255,66,292347,53,379407
9368,0.067711,74.125.68.0-255,5738,298085,53,379407
9369,0.067719,172.31.46.0-255,66,298151,53,379407
9370,0.069976,74.125.68.0-255,5738,303889,53,379407
9371,0.069983,172.31.46.0-255,66,303955,53,379407
9372,0.07223,74.125.68.0-255,5738,309693,53,379407
9373,0.072237,172.31.46.0-255,66,309759,53,379407
9374,0.07453,74.125.68.0-255,5738,315497,53,379407
9375,0.074537,172.31.46.0-255,66,315563,53,379407
9376,0.076779,74.125.68.0-255,5738,321301,53,379407
9377,0.076787,172.31.46.0-255,66,321367,53,379407
9378,0.079039,74.125.68.0-255,5738,327105,53,379407
9379,0.079047,172.31.46.0-255,66,327171,53,379407
9380,0.081286,74.125.68.0-255,5738,332909,53,379407
9381,0.081293,172.31.46.0-255,66,332975,53,379407
9382,0.083547,74.125.68.0-255,5738,338713,53,379407
9383,0.083554,172.31.46.0-255,66,338779,53,379407
9384,0.085799,74.125.68.0-255,5738,344517,53,379407
9385,0.085807,172.31.46.0-255,66,344583,53,379407
9386,0.08807,74.125.68.0-255,5738,350321,53,379407
9387,0.088077,172.31.46.0-255,66,350387,53,379407
9388,0.090353,74.125.68.0-255,5738,356125,53,379407
9389,0.090361,172.31.46.0-255,66,356191,53,379407
9390,0.092607,74.125.68.0-255,5738,361929,53,379407
9391,0.092614,172.31.46.0-255,66,361995,53,379407
9392,0.094861,74.125.68.0-255,5738,367733,53,379407
9393,0.094868,172.31.46.0-255,66,367799,53,379407
9394,0.097115,74.125.68.0-255,5738,373537,53,379407
9395,0.097122,172.31.46.0-255,66,373603,53,379407
9396,0.099369,74.125.68.0-255,5738,379341,53,379407
9397,0.099376,172.31.46.0-255,66,379407,53,379407
9398,0.0,74.125.24.0-255,299,299,53,310880
9399,1.4e-05,172.31.46.0-255,66,365,53,310880
9400,2.1e-05,74.125.24.0-255,1484,1849,53,310880
9401,2.5e-05,172.31.46.0-255,66,1915,53,310880
9402,3e-05,74.125.24.0-255,4320,6235,53,310880
9403,3.4e-05,172.31.46.0-255,66,6301,53,310880
9404,3.6e-05,74.125.24.0-255,1484,7785,53,310880
9405,3.9e-05,172.31.46.0-255,66,7851,53,310880
9406,7.3e-05,172.31.46.0-255,66,7917,53,310880
9407,8.1e-05,74.125.24.0-255,7156,15073,53,310880
9408,8.3e-05,172.31.46.0-255,66,15139,53,310880
9409,0.000105,172.31.46.0-255,66,15205,53,310880
9410,0.000122,74.125.24.0-255,5738,20943,53,310880
9411,0.000124,172.31.46.0-255,66,21009,53,310880
9412,0.000143,74.125.24.0-255,4320,25329,53,310880
9413,0.000145,172.31.46.0-255,66,25395,53,310880
9414,0.000166,74.125.24.0-255,1484,26879,53,310880
9415,0.000168,172.31.46.0-255,66,26945,53,310880
9416,0.000184,74.125.24.0-255,5379,32324,53,310880
9417,0.000186,172.31.46.0-255,66,32390,53,310880
9418,0.000419,74.125.24.0-255,1484,33874,53,310880
9419,0.000424,172.31.46.0-255,66,33940,53,310880
9420,0.000429,74.125.24.0-255,2902,36842,53,310880
9421,0.000431,172.31.46.0-255,66,36908,53,310880
9422,0.000436,74.125.24.0-255,4320,41228,53,310880
9423,0.000438,172.31.46.0-255,66,41294,53,310880
9424,0.000458,74.125.24.0-255,1484,42778,53,310880
9425,0.000461,172.31.46.0-255,66,42844,53,310880
9426,0.000487,172.31.46.0-255,66,42910,53,310880
9427,0.000509,74.125.24.0-255,7156,50066,53,310880
9428,0.000518,172.31.46.0-255,66,50132,53,310880
9429,0.000526,74.125.24.0-255,1484,51616,53,310880
9430,0.000533,74.125.24.0-255,6797,58413,53,310880
9431,0.000549,172.31.46.0-255,66,58479,53,310880
9432,0.000566,172.31.46.0-255,66,58545,53,310880
9433,0.000574,74.125.24.0-255,4320,62865,53,310880
9434,0.00059,74.125.24.0-255,5379,68244,53,310880
9435,0.0006,172.31.46.0-255,66,68310,53,310880
9436,0.000806,74.125.24.0-255,1484,69794,53,310880
9437,0.000826,74.125.24.0-255,2902,72696,53,310880
9438,0.000832,74.125.24.0-255,5738,78434,53,310880
9439,0.000855,74.125.24.0-255,5738,84172,53,310880
9440,0.00087,74.125.24.0-255,7156,91328,53,310880
9441,0.000872,74.125.24.0-255,1484,92812,53,310880
9442,0.001512,74.125.24.0-255,1484,94296,53,310880
9443,0.00152,74.125.24.0-255,2902,97198,53,310880
9444,0.001526,74.125.24.0-255,5738,102936,53,310880
9445,0.00153,74.125.24.0-255,1484,104420,53,310880
9446,0.001546,74.125.24.0-255,1484,105904,53,310880
9447,0.001552,74.125.24.0-255,4320,110224,53,310880
9448,0.001571,74.125.24.0-255,5738,115962,53,310880
9449,0.001585,74.125.24.0-255,5738,121700,53,310880
9450,0.001602,74.125.24.0-255,5020,126720,53,310880
9451,0.00163,74.125.24.0-255,2902,129622,53,310880
9452,0.001678,74.125.24.0-255,2902,132524,53,310880
9453,0.001693,74.125.24.0-255,7156,139680,53,310880
9454,0.001707,74.125.24.0-255,2184,141864,53,310880
9455,0.001827,74.125.24.0-255,1484,143348,53,310880
9456,0.001831,74.125.24.0-255,2902,146250,53,310880
9457,0.001855,74.125.24.0-255,5738,151988,53,310880
9458,0.001898,74.125.24.0-255,2902,154890,53,310880
9459,0.002013,74.125.24.0-255,1484,156374,53,310880
9460,0.002018,74.125.24.0-255,2902,159276,53,310880
9461,0.002046,74.125.24.0-255,1484,160760,53,310880
9462,0.002066,74.125.24.0-255,4320,165080,53,310880
9463,0.005924,172.31.46.0-255,66,165146,53,310880
9464,0.007221,172.31.46.0-255,101,165247,53,310880
9465,0.007968,74.125.24.0-255,5738,170985,53,310880
9466,0.007976,172.31.46.0-255,66,171051,53,310880
9467,0.009165,74.125.24.0-255,66,171117,53,310880
9468,0.009957,74.125.24.0-255,5738,176855,53,310880
9469,0.010726,172.31.46.0-255,66,176921,53,310880
9470,0.012743,74.125.24.0-255,5738,182659,53,310880
9471,0.012749,172.31.46.0-255,66,182725,53,310880
9472,0.014772,74.125.24.0-255,5738,188463,53,310880
9473,0.014779,172.31.46.0-255,66,188529,53,310880
9474,0.016759,74.125.24.0-255,5738,194267,53,310880
9475,0.016766,172.31.46.0-255,66,194333,53,310880
9476,0.018764,74.125.24.0-255,5738,200071,53,310880
9477,0.018771,172.31.46.0-255,66,200137,53,310880
9478,0.020773,74.125.24.0-255,5738,205875,53,310880
9479,0.02078,172.31.46.0-255,66,205941,53,310880
9480,0.022888,74.125.24.0-255,5738,211679,53,310880
9481,0.022896,172.31.46.0-255,66,211745,53,310880
9482,0.024904,74.125.24.0-255,5738,217483,53,310880
9483,0.024916,172.31.46.0-255,66,217549,53,310880
9484,0.026893,74.125.24.0-255,5738,223287,53,310880
9485,0.026902,172.31.46.0-255,66,223353,53,310880
9486,0.028919,74.125.24.0-255,5738,229091,53,310880
9487,0.028925,172.31.46.0-255,66,229157,53,310880
9488,0.030947,74.125.24.0-255,5738,234895,53,310880
9489,0.030953,172.31.46.0-255,66,234961,53,310880
9490,0.032966,74.125.24.0-255,5738,240699,53,310880
9491,0.032973,172.31.46.0-255,66,240765,53,310880
9492,0.034938,74.125.24.0-255,5738,246503,53,310880
9493,0.034945,172.31.46.0-255,66,246569,53,310880
9494,0.036952,74.125.24.0-255,5738,252307,53,310880
9495,0.03696,172.31.46.0-255,66,252373,53,310880
9496,0.038959,74.125.24.0-255,5738,258111,53,310880
9497,0.039407,172.31.46.0-255,66,258177,53,310880
9498,0.041379,74.125.24.0-255,5738,263915,53,310880
9499,0.041385,172.31.46.0-255,66,263981,53,310880
9500,0.043391,74.125.24.0-255,5738,269719,53,310880
9501,0.043398,172.31.46.0-255,66,269785,53,310880
9502,0.045417,74.125.24.0-255,5738,275523,53,310880
9503,0.045423,172.31.46.0-255,66,275589,53,310880
9504,0.04745,74.125.24.0-255,5738,281327,53,310880
9505,0.047457,172.31.46.0-255,66,281393,53,310880
9506,0.049415,74.125.24.0-255,5738,287131,53,310880
9507,0.049422,172.31.46.0-255,66,287197,53,310880
9508,0.051451,74.125.24.0-255,5738,292935,53,310880
9509,0.051459,172.31.46.0-255,66,293001,53,310880
9510,0.053466,74.125.24.0-255,5738,298739,53,310880
9511,0.053473,172.31.46.0-255,66,298805,53,310880
9512,0.055453,74.125.24.0-255,5738,304543,53,310880
9513,0.05546,172.31.46.0-255,66,304609,53,310880
9514,0.057449,74.125.24.0-255,5738,310347,53,310880
9515,0.057457,172.31.46.0-255,66,310413,53,310880
9516,0.059393,74.125.24.0-255,296,310709,53,310880
9517,0.059569,172.31.46.0-255,105,310814,53,310880
9518,0.065434,74.125.24.0-255,66,310880,53,310880
9519,0.0,74.125.68.0-255,152,152,53,356691
9520,1.4e-05,172.31.46.0-255,66,218,53,356691
9521,3.7e-05,74.125.68.0-255,1484,1702,53,356691
9522,4.1e-05,172.31.46.0-255,66,1768,53,356691
9523,6.8e-05,74.125.68.0-255,2902,4670,53,356691
9524,7.1e-05,172.31.46.0-255,66,4736,53,356691
9525,9.6e-05,74.125.68.0-255,1484,6220,53,356691
9526,9.9e-05,172.31.46.0-255,66,6286,53,356691
9527,0.000116,74.125.68.0-255,2902,9188,53,356691
9528,0.000118,172.31.46.0-255,66,9254,53,356691
9529,0.000141,74.125.68.0-255,4921,14175,53,356691
9530,0.000144,172.31.46.0-255,66,14241,53,356691
9531,0.000361,74.125.68.0-255,1484,15725,53,356691
9532,0.000367,172.31.46.0-255,66,15791,53,356691
9533,0.000374,74.125.68.0-255,2902,18693,53,356691
9534,0.000377,172.31.46.0-255,66,18759,53,356691
9535,0.000384,74.125.68.0-255,5738,24497,53,356691
9536,0.000387,172.31.46.0-255,66,24563,53,356691
9537,0.000391,74.125.68.0-255,2902,27465,53,356691
9538,0.000393,172.31.46.0-255,66,27531,53,356691
9539,0.000453,172.31.46.0-255,66,27597,53,356691
9540,0.00047,74.125.68.0-255,1125,28722,53,356691
9541,0.000476,74.125.68.0-255,4320,33042,53,356691
9542,0.000479,172.31.46.0-255,66,33108,53,356691
9543,0.000482,172.31.46.0-255,66,33174,53,356691
9544,0.000504,74.125.68.0-255,5738,38912,53,356691
9545,0.000506,172.31.46.0-255,66,38978,53,356691
9546,0.00051,74.125.68.0-255,2902,41880,53,356691
9547,0.000512,172.31.46.0-255,66,41946,53,356691
9548,0.000531,74.125.68.0-255,5738,47684,53,356691
9549,0.000534,172.31.46.0-255,66,47750,53,356691
9550,0.000582,74.125.68.0-255,7156,54906,53,356691
9551,0.000585,172.31.46.0-255,66,54972,53,356691
9552,0.000601,74.125.68.0-255,1484,56456,53,356691
9553,0.000604,74.125.68.0-255,766,57222,53,356691
9554,0.000609,172.31.46.0-255,66,57288,53,356691
9555,0.000691,74.125.68.0-255,646,57934,53,356691
9556,0.001096,172.31.46.0-255,66,58000,53,356691
9557,0.001258,74.125.68.0-255,1484,59484,53,356691
9558,0.001267,74.125.68.0-255,1484,60968,53,356691
9559,0.00127,172.31.46.0-255,66,61034,53,356691
9560,0.001288,74.125.68.0-255,1484,62518,53,356691
9561,0.001295,74.125.68.0-255,5738,68256,53,356691
9562,0.001298,172.31.46.0-255,66,68322,53,356691
9563,0.001301,74.125.68.0-255,1484,69806,53,356691
9564,0.001303,74.125.68.0-255,1484,71290,53,356691
9565,0.001305,172.31.46.0-255,66,71356,53,356691
9566,0.001331,74.125.68.0-255,1484,72840,53,356691
9567,0.001337,74.125.68.0-255,5738,78578,53,356691
9568,0.00134,172.31.46.0-255,66,78644,53,356691
9569,0.001368,172.31.46.0-255,66,78710,53,356691
9570,0.001404,74.125.68.0-255,3602,82312,53,356691
9571,0.001407,172.31.46.0-255,66,82378,53,356691
9572,0.002057,74.125.68.0-255,1484,83862,53,356691
9573,0.002081,74.125.68.0-255,2902,86764,53,356691
9574,0.002086,172.31.46.0-255,66,86830,53,356691
9575,0.00209,74.125.68.0-255,1484,88314,53,356691
9576,0.002109,74.125.68.0-255,4320,92634,53,356691
9577,0.002111,172.31.46.0-255,66,92700,53,356691
9578,0.002115,74.125.68.0-255,2902,95602,53,356691
9579,0.002118,172.31.46.0-255,66,95668,53,356691
9580,0.002123,74.125.68.0-255,4320,99988,53,356691
9581,0.002125,172.31.46.0-255,66,100054,53,356691
9582,0.002165,74.125.68.0-255,5738,105792,53,356691
9583,0.002167,172.31.46.0-255,66,105858,53,356691
9584,0.00219,74.125.68.0-255,7156,113014,53,356691
9585,0.002192,172.31.46.0-255,66,113080,53,356691
9586,0.002229,74.125.68.0-255,3602,116682,53,356691
9587,0.002231,172.31.46.0-255,66,116748,53,356691
9588,0.004532,74.125.68.0-255,1484,118232,53,356691
9589,0.004568,74.125.68.0-255,2902,121134,53,356691
9590,0.004573,172.31.46.0-255,66,121200,53,356691
9591,0.004593,74.125.68.0-255,1484,122684,53,356691
9592,0.006933,74.125.68.0-255,4320,127004,53,356691
9593,0.00694,172.31.46.0-255,66,127070,53,356691
9594,0.009304,74.125.68.0-255,5738,132808,53,356691
9595,0.00932,172.31.46.0-255,66,132874,53,356691
9596,0.011677,74.125.68.0-255,5738,138612,53,356691
9597,0.01169,172.31.46.0-255,66,138678,53,356691
9598,0.014054,74.125.68.0-255,5738,144416,53,356691
9599,0.014065,172.31.46.0-255,66,144482,53,356691
9600,0.016431,74.125.68.0-255,5738,150220,53,356691
9601,0.016445,172.31.46.0-255,66,150286,53,356691
9602,0.018815,74.125.68.0-255,5738,156024,53,356691
9603,0.018825,172.31.46.0-255,66,156090,53,356691
9604,0.021205,74.125.68.0-255,5738,161828,53,356691
9605,0.021215,172.31.46.0-255,66,161894,53,356691
9606,0.023581,74.125.68.0-255,5738,167632,53,356691
9607,0.02359,172.31.46.0-255,66,167698,53,356691
9608,0.025952,74.125.68.0-255,5738,173436,53,356691
9609,0.02596,172.31.46.0-255,66,173502,53,356691
9610,0.027913,172.31.46.0-255,172,173674,53,356691
9611,0.027941,172.31.46.0-255,1112,174786,53,356691
9612,0.028002,172.31.46.0-255,1514,176300,53,356691
9613,0.028004,172.31.46.0-255,1291,177591,53,356691
9614,0.028306,74.125.68.0-255,5738,183329,53,356691
9615,0.028313,172.31.46.0-255,66,183395,53,356691
9616,0.029456,104.244.42.0-255,66,183461,53,356691
9617,0.029483,104.244.42.0-255,66,183527,53,356691
9618,0.029535,104.244.42.0-255,66,183593,53,356691
9619,0.03066,74.125.68.0-255,4320,187913,53,356691
9620,0.030666,172.31.46.0-255,66,187979,53,356691
9621,0.030682,74.125.68.0-255,1484,189463,53,356691
9622,0.033023,74.125.68.0-255,4320,193783,53,356691
9623,0.033029,172.31.46.0-255,66,193849,53,356691
9624,0.035391,74.125.68.0-255,5738,199587,53,356691
9625,0.035398,172.31.46.0-255,66,199653,53,356691
9626,0.037759,74.125.68.0-255,5738,205391,53,356691
9627,0.037766,172.31.46.0-255,66,205457,53,356691
9628,0.040123,74.125.68.0-255,5738,211195,53,356691
9629,0.040129,172.31.46.0-255,66,211261,53,356691
9630,0.042489,74.125.68.0-255,5738,216999,53,356691
9631,0.042496,172.31.46.0-255,66,217065,53,356691
9632,0.044852,74.125.68.0-255,5738,222803,53,356691
9633,0.044859,172.31.46.0-255,66,222869,53,356691
9634,0.047229,74.125.68.0-255,5738,228607,53,356691
9635,0.047235,172.31.46.0-255,66,228673,53,356691
9636,0.049654,74.125.68.0-255,5738,234411,53,356691
9637,0.049661,172.31.46.0-255,66,234477,53,356691
9638,0.052018,74.125.68.0-255,5738,240215,53,356691
9639,0.052025,172.31.46.0-255,66,240281,53,356691
9640,0.054383,74.125.68.0-255,5738,246019,53,356691
9641,0.054389,172.31.46.0-255,66,246085,53,356691
9642,0.056742,74.125.68.0-255,5738,251823,53,356691
9643,0.056748,172.31.46.0-255,66,251889,53,356691
9644,0.059109,74.125.68.0-255,5738,257627,53,356691
9645,0.059115,172.31.46.0-255,66,257693,53,356691
9646,0.061461,74.125.68.0-255,5738,263431,53,356691
9647,0.061467,172.31.46.0-255,66,263497,53,356691
9648,0.063818,74.125.68.0-255,5738,269235,53,356691
9649,0.063825,172.31.46.0-255,66,269301,53,356691
9650,0.06617,74.125.68.0-255,5738,275039,53,356691
9651,0.066176,172.31.46.0-255,66,275105,53,356691
9652,0.068524,74.125.68.0-255,5738,280843,53,356691
9653,0.068534,172.31.46.0-255,66,280909,53,356691
9654,0.070889,74.125.68.0-255,5738,286647,53,356691
9655,0.070894,172.31.46.0-255,66,286713,53,356691
9656,0.073254,74.125.68.0-255,5738,292451,53,356691
9657,0.073261,172.31.46.0-255,66,292517,53,356691
9658,0.075616,74.125.68.0-255,5738,298255,53,356691
9659,0.075622,172.31.46.0-255,66,298321,53,356691
9660,0.077984,74.125.68.0-255,5738,304059,53,356691
9661,0.077989,172.31.46.0-255,66,304125,53,356691
9662,0.080351,74.125.68.0-255,5738,309863,53,356691
9663,0.080356,172.31.46.0-255,66,309929,53,356691
9664,0.082731,74.125.68.0-255,5738,315667,53,356691
9665,0.082737,172.31.46.0-255,66,315733,53,356691
9666,0.085085,74.125.68.0-255,5738,321471,53,356691
9667,0.08509,172.31.46.0-255,66,321537,53,356691
9668,0.087447,74.125.68.0-255,5738,327275,53,356691
9669,0.087456,172.31.46.0-255,66,327341,53,356691
9670,0.089824,74.125.68.0-255,5738,333079,53,356691
9671,0.089836,172.31.46.0-255,66,333145,53,356691
9672,0.092206,74.125.68.0-255,5738,338883,53,356691
9673,0.092212,172.31.46.0-255,66,338949,53,356691
9674,0.094563,74.125.68.0-255,2902,341851,53,356691
9675,0.09457,172.31.46.0-255,66,341917,53,356691
9676,0.094592,74.125.68.0-255,2902,344819,53,356691
9677,0.094594,172.31.46.0-255,66,344885,53,356691
9678,0.096924,74.125.68.0-255,2902,347787,53,356691
9679,0.096931,172.31.46.0-255,66,347853,53,356691
9680,0.096949,74.125.68.0-255,2902,350755,53,356691
9681,0.096951,172.31.46.0-255,66,350821,53,356691
9682,0.099271,74.125.68.0-255,4320,355141,53,356691
9683,0.099278,172.31.46.0-255,66,355207,53,356691
9684,0.099297,74.125.68.0-255,1484,356691,53,356691
9685,0.0,74.125.130.0-255,157,157,53,400757
9686,2.5e-05,172.31.46.0-255,66,223,53,400757
9687,3.1e-05,74.125.130.0-255,1484,1707,53,400757
9688,3.6e-05,172.31.46.0-255,66,1773,53,400757
9689,6.1e-05,74.125.130.0-255,2902,4675,53,400757
9690,6.5e-05,172.31.46.0-255,66,4741,53,400757
9691,7.1e-05,74.125.130.0-255,4320,9061,53,400757
9692,7.4e-05,172.31.46.0-255,66,9127,53,400757
9693,0.000101,74.125.130.0-255,4890,14017,53,400757
9694,0.000103,172.31.46.0-255,66,14083,53,400757
9695,0.000289,74.125.130.0-255,1484,15567,53,400757
9696,0.000295,172.31.46.0-255,66,15633,53,400757
9697,0.000311,74.125.130.0-255,1484,17117,53,400757
9698,0.000314,172.31.46.0-255,66,17183,53,400757
9699,0.000317,74.125.130.0-255,1484,18667,53,400757
9700,0.00032,172.31.46.0-255,66,18733,53,400757
9701,0.000338,74.125.130.0-255,1484,20217,53,400757
9702,0.00034,172.31.46.0-255,66,20283,53,400757
9703,0.000343,74.125.130.0-255,1484,21767,53,400757
9704,0.000346,172.31.46.0-255,66,21833,53,400757
9705,0.000365,74.125.130.0-255,2902,24735,53,400757
9706,0.000367,172.31.46.0-255,66,24801,53,400757
9707,0.00037,74.125.130.0-255,1484,26285,53,400757
9708,0.000372,172.31.46.0-255,66,26351,53,400757
9709,0.000389,74.125.130.0-255,4320,30671,53,400757
9710,0.000392,172.31.46.0-255,66,30737,53,400757
9711,0.000395,74.125.130.0-255,1125,31862,53,400757
9712,0.000396,172.31.46.0-255,66,31928,53,400757
9713,0.0004,74.125.130.0-255,1484,33412,53,400757
9714,0.000402,172.31.46.0-255,66,33478,53,400757
9715,0.000424,74.125.130.0-255,1484,34962,53,400757
9716,0.000427,172.31.46.0-255,66,35028,53,400757
9717,0.000446,74.125.130.0-255,2902,37930,53,400757
9718,0.000449,172.31.46.0-255,66,37996,53,400757
9719,0.000454,74.125.130.0-255,4320,42316,53,400757
9720,0.000456,172.31.46.0-255,66,42382,53,400757
9721,0.000498,74.125.130.0-255,5738,48120,53,400757
9722,0.000502,172.31.46.0-255,66,48186,53,400757
9723,0.000508,74.125.130.0-255,5738,53924,53,400757
9724,0.00051,172.31.46.0-255,66,53990,53,400757
9725,0.000561,74.125.130.0-255,7156,61146,53,400757
9726,0.000564,172.31.46.0-255,66,61212,53,400757
9727,0.000569,74.125.130.0-255,4320,65532,53,400757
9728,0.000571,172.31.46.0-255,66,65598,53,400757
9729,0.000585,74.125.130.0-255,766,66364,53,400757
9730,0.000638,74.125.130.0-255,647,67011,53,400757
9731,0.000985,74.125.130.0-255,1484,68495,53,400757
9732,0.00099,172.31.46.0-255,66,68561,53,400757
9733,0.001021,74.125.130.0-255,2902,71463,53,400757
9734,0.001024,172.31.46.0-255,66,71529,53,400757
9735,0.001036,74.125.130.0-255,1484,73013,53,400757
9736,0.00106,74.125.130.0-255,2902,75915,53,400757
9737,0.001063,172.31.46.0-255,66,75981,53,400757
9738,0.001067,74.125.130.0-255,1484,77465,53,400757
9739,0.001071,74.125.130.0-255,2902,80367,53,400757
9740,0.001073,172.31.46.0-255,66,80433,53,400757
9741,0.001107,74.125.130.0-255,5738,86171,53,400757
9742,0.00111,172.31.46.0-255,66,86237,53,400757
9743,0.001116,74.125.130.0-255,4320,90557,53,400757
9744,0.001118,172.31.46.0-255,66,90623,53,400757
9745,0.001141,74.125.130.0-255,5738,96361,53,400757
9746,0.001144,172.31.46.0-255,66,96427,53,400757
9747,0.001162,74.125.130.0-255,5020,101447,53,400757
9748,0.001164,172.31.46.0-255,66,101513,53,400757
9749,0.001557,74.125.130.0-255,1484,102997,53,400757
9750,0.001576,74.125.130.0-255,2902,105899,53,400757
9751,0.00158,172.31.46.0-255,66,105965,53,400757
9752,0.0016,74.125.130.0-255,1484,107449,53,400757
9753,0.001629,74.125.130.0-255,4320,111769,53,400757
9754,0.001631,172.31.46.0-255,66,111835,53,400757
9755,0.001635,74.125.130.0-255,1484,113319,53,400757
9756,0.001654,74.125.130.0-255,5738,119057,53,400757
9757,0.001657,172.31.46.0-255,66,119123,53,400757
9758,0.001664,74.125.130.0-255,4320,123443,53,400757
9759,0.001666,172.31.46.0-255,66,123509,53,400757
9760,0.001688,74.125.130.0-255,1484,124993,53,400757
9761,0.001692,74.125.130.0-255,1484,126477,53,400757
9762,0.001694,172.31.46.0-255,66,126543,53,400757
9763,0.001716,74.125.130.0-255,5738,132281,53,400757
9764,0.001719,172.31.46.0-255,66,132347,53,400757
9765,0.001723,74.125.130.0-255,2902,135249,53,400757
9766,0.001725,172.31.46.0-255,66,135315,53,400757
9767,0.001748,74.125.130.0-255,766,136081,53,400757
9768,0.001989,172.31.46.0-255,66,136147,53,400757
9769,0.003746,74.125.130.0-255,4320,140467,53,400757
9770,0.003753,172.31.46.0-255,66,140533,53,400757
9771,0.00399,74.125.130.0-255,1484,142017,53,400757
9772,0.005766,74.125.130.0-255,4320,146337,53,400757
9773,0.005771,172.31.46.0-255,66,146403,53,400757
9774,0.007791,74.125.130.0-255,5738,152141,53,400757
9775,0.007798,172.31.46.0-255,66,152207,53,400757
9776,0.009822,74.125.130.0-255,5738,157945,53,400757
9777,0.009832,172.31.46.0-255,66,158011,53,400757
9778,0.011854,74.125.130.0-255,5738,163749,53,400757
9779,0.011865,172.31.46.0-255,66,163815,53,400757
9780,0.013895,74.125.130.0-255,5738,169553,53,400757
9781,0.013907,172.31.46.0-255,66,169619,53,400757
9782,0.015931,74.125.130.0-255,5738,175357,53,400757
9783,0.01594,172.31.46.0-255,66,175423,53,400757
9784,0.01797,74.125.130.0-255,5738,181161,53,400757
9785,0.017977,172.31.46.0-255,66,181227,53,400757
9786,0.020003,74.125.130.0-255,5738,186965,53,400757
9787,0.020012,172.31.46.0-255,66,187031,53,400757
9788,0.022031,74.125.130.0-255,5738,192769,53,400757
9789,0.022039,172.31.46.0-255,66,192835,53,400757
9790,0.024064,74.125.130.0-255,5738,198573,53,400757
9791,0.024074,172.31.46.0-255,66,198639,53,400757
9792,0.026105,74.125.130.0-255,5738,204377,53,400757
9793,0.026117,172.31.46.0-255,66,204443,53,400757
9794,0.028158,74.125.130.0-255,5738,210181,53,400757
9795,0.028183,172.31.46.0-255,66,210247,53,400757
9796,0.029194,172.31.46.0-255,172,210419,53,400757
9797,0.029228,172.31.46.0-255,1112,211531,53,400757
9798,0.02929,172.31.46.0-255,1514,213045,53,400757
9799,0.029292,172.31.46.0-255,1291,214336,53,400757
9800,0.030212,74.125.130.0-255,5738,220074,53,400757
9801,0.03022,172.31.46.0-255,66,220140,53,400757
9802,0.030763,104.244.42.0-255,66,220206,53,400757
9803,0.030772,104.244.42.0-255,66,220272,53,400757
9804,0.030855,104.244.42.0-255,66,220338,53,400757
9805,0.031443,104.244.42.0-255,108,220446,53,400757
9806,0.031455,172.31.46.0-255,66,220512,53,400757
9807,0.032242,74.125.130.0-255,5738,226250,53,400757
9808,0.032249,172.31.46.0-255,66,226316,53,400757
9809,0.034294,74.125.130.0-255,5738,232054,53,400757
9810,0.034304,172.31.46.0-255,66,232120,53,400757
9811,0.036415,74.125.130.0-255,5738,237858,53,400757
9812,0.036424,172.31.46.0-255,66,237924,53,400757
9813,0.038457,74.125.130.0-255,5738,243662,53,400757
9814,0.038463,172.31.46.0-255,66,243728,53,400757
9815,0.040489,74.125.130.0-255,5738,249466,53,400757
9816,0.040498,172.31.46.0-255,66,249532,53,400757
9817,0.042538,74.125.130.0-255,5738,255270,53,400757
9818,0.042544,172.31.46.0-255,66,255336,53,400757
9819,0.044574,74.125.130.0-255,5738,261074,53,400757
9820,0.044582,172.31.46.0-255,66,261140,53,400757
9821,0.046655,74.125.130.0-255,5738,266878,53,400757
9822,0.046662,172.31.46.0-255,66,266944,53,400757
9823,0.048695,74.125.130.0-255,5738,272682,53,400757
9824,0.048702,172.31.46.0-255,66,272748,53,400757
9825,0.050727,74.125.130.0-255,5738,278486,53,400757
9826,0.050732,172.31.46.0-255,66,278552,53,400757
9827,0.05083,172.31.46.0-255,101,278653,53,400757
9828,0.052764,74.125.130.0-255,5738,284391,53,400757
9829,0.052771,172.31.46.0-255,66,284457,53,400757
9830,0.0528,74.125.130.0-255,66,284523,53,400757
9831,0.0548,74.125.130.0-255,5738,290261,53,400757
9832,0.054806,172.31.46.0-255,66,290327,53,400757
9833,0.056838,74.125.130.0-255,5738,296065,53,400757
9834,0.056845,172.31.46.0-255,66,296131,53,400757
9835,0.058882,74.125.130.0-255,5738,301869,53,400757
9836,0.058889,172.31.46.0-255,66,301935,53,400757
9837,0.060911,74.125.130.0-255,5738,307673,53,400757
9838,0.060918,172.31.46.0-255,66,307739,53,400757
9839,0.062944,74.125.130.0-255,5738,313477,53,400757
9840,0.06295,172.31.46.0-255,66,313543,53,400757
9841,0.064974,74.125.130.0-255,5738,319281,53,400757
9842,0.06498,172.31.46.0-255,66,319347,53,400757
9843,0.067016,74.125.130.0-255,5738,325085,53,400757
9844,0.067023,172.31.46.0-255,66,325151,53,400757
9845,0.069051,74.125.130.0-255,5738,330889,53,400757
9846,0.069057,172.31.46.0-255,66,330955,53,400757
9847,0.071086,74.125.130.0-255,5738,336693,53,400757
9848,0.071092,172.31.46.0-255,66,336759,53,400757
9849,0.073128,74.125.130.0-255,5738,342497,53,400757
9850,0.073133,172.31.46.0-255,66,342563,53,400757
9851,0.075162,74.125.130.0-255,5738,348301,53,400757
9852,0.075168,172.31.46.0-255,66,348367,53,400757
9853,0.077197,74.125.130.0-255,5738,354105,53,400757
9854,0.077204,172.31.46.0-255,66,354171,53,400757
9855,0.079237,74.125.130.0-255,5738,359909,53,400757
9856,0.079243,172.31.46.0-255,66,359975,53,400757
9857,0.081276,74.125.130.0-255,5738,365713,53,400757
9858,0.081283,172.31.46.0-255,66,365779,53,400757
9859,0.083307,74.125.130.0-255,5738,371517,53,400757
9860,0.083313,172.31.46.0-255,66,371583,53,400757
9861,0.085346,74.125.130.0-255,5738,377321,53,400757
9862,0.085353,172.31.46.0-255,66,377387,53,400757
9863,0.087375,74.125.130.0-255,5738,383125,53,400757
9864,0.087382,172.31.46.0-255,66,383191,53,400757
9865,0.08941,74.125.130.0-255,5738,388929,53,400757
9866,0.089415,172.31.46.0-255,66,388995,53,400757
9867,0.091448,74.125.130.0-255,5738,394733,53,400757
9868,0.091455,172.31.46.0-255,66,394799,53,400757
9869,0.093485,74.125.130.0-255,5721,400520,53,400757
9870,0.093492,172.31.46.0-255,66,400586,53,400757
9871,0.093684,172.31.46.0-255,105,400691,53,400757
9872,0.099788,74.125.130.0-255,66,400757,53,400757
9873,0.0,172.217.194.0-255,297,297,53,206862
9874,2.4e-05,172.31.46.0-255,66,363,53,206862
9875,3.2e-05,172.217.194.0-255,1484,1847,53,206862
9876,3.6e-05,172.31.46.0-255,66,1913,53,206862
9877,5.1e-05,172.217.194.0-255,4320,6233,53,206862
9878,5.3e-05,172.31.46.0-255,66,6299,53,206862
9879,6.1e-05,172.217.194.0-255,7156,13455,53,206862
9880,6.5e-05,172.31.46.0-255,66,13521,53,206862
9881,7.8e-05,172.31.46.0-255,66,13587,53,206862
9882,0.000103,172.217.194.0-255,4579,18166,53,206862
9883,0.000106,172.31.46.0-255,66,18232,53,206862
9884,0.000114,172.217.194.0-255,1125,19357,53,206862
9885,0.000118,172.31.46.0-255,66,19423,53,206862
9886,0.000121,172.217.194.0-255,1484,20907,53,206862
9887,0.000123,172.31.46.0-255,66,20973,53,206862
9888,0.000162,172.217.194.0-255,2902,23875,53,206862
9889,0.000165,172.31.46.0-255,66,23941,53,206862
9890,0.000172,172.217.194.0-255,5738,29679,53,206862
9891,0.000174,172.31.46.0-255,66,29745,53,206862
9892,0.00018,172.217.194.0-255,6797,36542,53,206862
9893,0.000184,172.31.46.0-255,66,36608,53,206862
9894,0.000195,172.217.194.0-255,7156,43764,53,206862
9895,0.000198,172.31.46.0-255,66,43830,53,206862
9896,0.000272,172.31.46.0-255,66,43896,53,206862
9897,0.000274,172.217.194.0-255,677,44573,53,206862
9898,0.000276,172.31.46.0-255,66,44639,53,206862
9899,0.000553,172.217.194.0-255,1484,46123,53,206862
9900,0.000559,172.31.46.0-255,66,46189,53,206862
9901,0.000565,172.217.194.0-255,2902,49091,53,206862
9902,0.000568,172.31.46.0-255,66,49157,53,206862
9903,0.000574,172.217.194.0-255,5738,54895,53,206862
9904,0.000581,172.31.46.0-255,66,54961,53,206862
9905,0.000596,172.31.46.0-255,66,55027,53,206862
9906,0.000624,172.217.194.0-255,7156,62183,53,206862
9907,0.000627,172.31.46.0-255,66,62249,53,206862
9908,0.000669,172.217.194.0-255,3602,65851,53,206862
9909,0.000672,172.31.46.0-255,66,65917,53,206862
9910,0.000929,172.217.194.0-255,1484,67401,53,206862
9911,0.000937,172.217.194.0-255,2902,70303,53,206862
9912,0.00094,172.31.46.0-255,66,70369,53,206862
9913,0.000948,172.217.194.0-255,5738,76107,53,206862
9914,0.00095,172.31.46.0-255,66,76173,53,206862
9915,0.000977,172.217.194.0-255,4320,80493,53,206862
9916,0.000983,172.31.46.0-255,66,80559,53,206862
9917,0.001018,172.31.46.0-255,66,80625,53,206862
9918,0.001026,172.217.194.0-255,7156,87781,53,206862
9919,0.001028,172.31.46.0-255,66,87847,53,206862
9920,0.001046,172.217.194.0-255,3602,91449,53,206862
9921,0.00105,172.31.46.0-255,66,91515,53,206862
9922,0.001306,172.217.194.0-255,1484,92999,53,206862
9923,0.001312,172.217.194.0-255,2902,95901,53,206862
9924,0.001315,172.31.46.0-255,66,95967,53,206862
9925,0.00132,172.217.194.0-255,2902,98869,53,206862
9926,0.001322,172.31.46.0-255,66,98935,53,206862
9927,0.001349,172.217.194.0-255,2902,101837,53,206862
9928,0.001351,172.31.46.0-255,66,101903,53,206862
9929,0.001362,172.217.194.0-255,7156,109059,53,206862
9930,0.001364,172.31.46.0-255,66,109125,53,206862
9931,0.001399,172.217.194.0-255,5738,114863,53,206862
9932,0.001406,172.31.46.0-255,66,114929,53,206862
9933,0.001417,172.31.46.0-255,66,114995,53,206862
9934,0.001421,172.217.194.0-255,2184,117179,53,206862
9935,0.001423,172.31.46.0-255,66,117245,53,206862
9936,0.001428,172.217.194.0-255,2902,120147,53,206862
9937,0.00143,172.31.46.0-255,66,120213,53,206862
9938,0.001458,172.217.194.0-255,7156,127369,53,206862
9939,0.001465,172.31.46.0-255,66,127435,53,206862
9940,0.001511,172.31.46.0-255,66,127501,53,206862
9941,0.001528,172.31.46.0-255,66,127567,53,206862
9942,0.001532,172.217.194.0-255,2184,129751,53,206862
9943,0.001535,172.31.46.0-255,66,129817,53,206862
9944,0.001997,172.217.194.0-255,1484,131301,53,206862
9945,0.002013,172.217.194.0-255,2902,134203,53,206862
9946,0.002017,172.31.46.0-255,66,134269,53,206862
9947,0.002024,172.217.194.0-255,5738,140007,53,206862
9948,0.002026,172.31.46.0-255,66,140073,53,206862
9949,0.002064,172.31.46.0-255,66,140139,53,206862
9950,0.002087,172.217.194.0-255,1484,141623,53,206862
9951,0.002111,172.31.46.0-255,66,141689,53,206862
9952,0.002136,172.217.194.0-255,2184,143873,53,206862
9953,0.002139,172.31.46.0-255,66,143939,53,206862
9954,0.002165,172.217.194.0-255,1484,145423,53,206862
9955,0.002197,172.217.194.0-255,1484,146907,53,206862
9956,0.002199,172.31.46.0-255,66,146973,53,206862
9957,0.002229,172.217.194.0-255,1484,148457,53,206862
9958,0.002235,172.217.194.0-255,5738,154195,53,206862
9959,0.002241,172.217.194.0-255,5738,159933,53,206862
9960,0.00226,172.217.194.0-255,766,160699,53,206862
9961,0.002293,172.217.194.0-255,4320,165019,53,206862
9962,0.002318,172.217.194.0-255,5738,170757,53,206862
9963,0.002322,172.217.194.0-255,4320,175077,53,206862
9964,0.002353,172.217.194.0-255,7156,182233,53,206862
9965,0.002374,172.217.194.0-255,2184,184417,53,206862
9966,0.00241,172.217.194.0-255,5738,190155,53,206862
9967,0.002433,172.217.194.0-255,4320,194475,53,206862
9968,0.002487,172.217.194.0-255,2184,196659,53,206862
9969,0.0025,172.217.194.0-255,1484,198143,53,206862
9970,0.00257,172.217.194.0-255,2902,201045,53,206862
9971,0.002611,172.217.194.0-255,105,201150,53,206862
9972,0.008621,172.31.46.0-255,66,201216,53,206862
9973,0.008628,172.31.46.0-255,66,201282,53,206862
9974,0.008631,172.31.46.0-255,66,201348,53,206862
9975,0.008646,172.31.46.0-255,66,201414,53,206862
9976,0.008649,172.31.46.0-255,66,201480,53,206862
9977,0.008652,172.31.46.0-255,66,201546,53,206862
9978,0.008656,172.31.46.0-255,66,201612,53,206862
9979,0.008658,172.31.46.0-255,66,201678,53,206862
9980,0.008661,172.31.46.0-255,66,201744,53,206862
9981,0.008665,172.31.46.0-255,66,201810,53,206862
9982,0.008668,172.31.46.0-255,66,201876,53,206862
9983,0.008671,172.31.46.0-255,66,201942,53,206862
9984,0.008675,172.31.46.0-255,66,202008,53,206862
9985,0.008677,172.31.46.0-255,66,202074,53,206862
9986,0.008681,172.31.46.0-255,66,202140,53,206862
9987,0.008684,172.31.46.0-255,66,202206,53,206862
9988,0.008687,172.31.46.0-255,66,202272,53,206862
9989,0.008689,172.31.46.0-255,66,202338,53,206862
9990,0.011973,172.31.46.0-255,66,202404,53,206862
9991,0.012018,172.31.46.0-255,105,202509,53,206862
9992,0.014348,172.217.194.0-255,66,202575,53,206862
9993,0.038979,172.31.46.0-255,172,202747,53,206862
9994,0.039015,172.31.46.0-255,1107,203854,53,206862
9995,0.039088,172.31.46.0-255,1514,205368,53,206862
9996,0.03909,172.31.46.0-255,1296,206664,53,206862
9997,0.040558,104.244.42.0-255,66,206730,53,206862
9998,0.040568,104.244.42.0-255,66,206796,53,206862
9999,0.040675,104.244.42.0-255,66,206862,53,206862
10000,0.0,74.125.200.0-255,152,152,53,318928
10001,3.3e-05,172.31.46.0-255,66,218,53,318928
10002,3.9e-05,74.125.200.0-255,1484,1702,53,318928
10003,4.4e-05,172.31.46.0-255,66,1768,53,318928
10004,4.7e-05,74.125.200.0-255,1484,3252,53,318928
10005,4.9e-05,172.31.46.0-255,66,3318,53,318928
10006,5.4e-05,74.125.200.0-255,2902,6220,53,318928
10007,5.7e-05,172.31.46.0-255,66,6286,53,318928
10008,8.1e-05,74.125.200.0-255,5738,12024,53,318928
10009,8.4e-05,172.31.46.0-255,66,12090,53,318928
10010,8.7e-05,74.125.200.0-255,2004,14094,53,318928
10011,8.9e-05,172.31.46.0-255,66,14160,53,318928
10012,0.000186,74.125.200.0-255,1484,15644,53,318928
10013,0.000191,172.31.46.0-255,66,15710,53,318928
10014,0.000206,74.125.200.0-255,2902,18612,53,318928
10015,0.00021,172.31.46.0-255,66,18678,53,318928
10016,0.000213,74.125.200.0-255,1484,20162,53,318928
10017,0.000215,172.31.46.0-255,66,20228,53,318928
10018,0.000245,74.125.200.0-255,4320,24548,53,318928
10019,0.000248,172.31.46.0-255,66,24614,53,318928
10020,0.000254,74.125.200.0-255,6797,31411,53,318928
10021,0.000257,172.31.46.0-255,66,31477,53,318928
10022,0.000413,74.125.200.0-255,1484,32961,53,318928
10023,0.000417,172.31.46.0-255,66,33027,53,318928
10024,0.000422,74.125.200.0-255,2902,35929,53,318928
10025,0.000426,172.31.46.0-255,66,35995,53,318928
10026,0.000427,74.125.200.0-255,5738,41733,53,318928
10027,0.00043,172.31.46.0-255,66,41799,53,318928
10028,0.000442,74.125.200.0-255,1484,43283,53,318928
10029,0.000446,172.31.46.0-255,66,43349,53,318928
10030,0.000482,172.31.46.0-255,66,43415,53,318928
10031,0.000495,74.125.200.0-255,1484,44899,53,318928
10032,0.000525,172.31.46.0-255,66,44965,53,318928
10033,0.001059,74.125.200.0-255,645,45610,53,318928
10034,0.001939,74.125.200.0-255,1484,47094,53,318928
10035,0.001945,172.31.46.0-255,66,47160,53,318928
10036,0.001951,74.125.200.0-255,2902,50062,53,318928
10037,0.001953,172.31.46.0-255,66,50128,53,318928
10038,0.001957,74.125.200.0-255,1484,51612,53,318928
10039,0.001972,74.125.200.0-255,2902,54514,53,318928
10040,0.001975,172.31.46.0-255,66,54580,53,318928
10041,0.001981,74.125.200.0-255,5738,60318,53,318928
10042,0.001983,172.31.46.0-255,66,60384,53,318928
10043,0.002002,74.125.200.0-255,1484,61868,53,318928
10044,0.002024,172.31.46.0-255,66,61934,53,318928
10045,0.002065,74.125.200.0-255,4320,66254,53,318928
10046,0.002068,172.31.46.0-255,66,66320,53,318928
10047,0.002073,74.125.200.0-255,3602,69922,53,318928
10048,0.002075,172.31.46.0-255,66,69988,53,318928
10049,0.004278,74.125.200.0-255,1484,71472,53,318928
10050,0.004311,74.125.200.0-255,4320,75792,53,318928
10051,0.004315,172.31.46.0-255,66,75858,53,318928
10052,0.006528,74.125.200.0-255,4320,80178,53,318928
10053,0.006533,172.31.46.0-255,66,80244,53,318928
10054,0.006563,74.125.200.0-255,1484,81728,53,318928
10055,0.008756,74.125.200.0-255,4320,86048,53,318928
10056,0.008762,172.31.46.0-255,66,86114,53,318928
10057,0.011192,74.125.200.0-255,5738,91852,53,318928
10058,0.011261,172.31.46.0-255,66,91918,53,318928
10059,0.013512,74.125.200.0-255,5738,97656,53,318928
10060,0.013519,172.31.46.0-255,66,97722,53,318928
10061,0.015739,74.125.200.0-255,5738,103460,53,318928
10062,0.015747,172.31.46.0-255,66,103526,53,318928
10063,0.017976,74.125.200.0-255,5738,109264,53,318928
10064,0.017988,172.31.46.0-255,66,109330,53,318928
10065,0.020207,74.125.200.0-255,5738,115068,53,318928
10066,0.020214,172.31.46.0-255,66,115134,53,318928
10067,0.022437,74.125.200.0-255,5738,120872,53,318928
10068,0.022445,172.31.46.0-255,66,120938,53,318928
10069,0.02467,74.125.200.0-255,5738,126676,53,318928
10070,0.024678,172.31.46.0-255,66,126742,53,318928
10071,0.026933,74.125.200.0-255,1484,128226,53,318928
10072,0.026965,74.125.200.0-255,4320,132546,53,318928
10073,0.02697,172.31.46.0-255,66,132612,53,318928
10074,0.029195,74.125.200.0-255,5738,138350,53,318928
10075,0.029202,172.31.46.0-255,66,138416,53,318928
10076,0.031429,74.125.200.0-255,5738,144154,53,318928
10077,0.031437,172.31.46.0-255,66,144220,53,318928
10078,0.032341,172.31.46.0-255,172,144392,53,318928
10079,0.03237,172.31.46.0-255,1074,145466,53,318928
10080,0.03367,74.125.200.0-255,5738,151204,53,318928
10081,0.033678,172.31.46.0-255,66,151270,53,318928
10082,0.033867,104.244.42.0-255,66,151336,53,318928
10083,0.033908,104.244.42.0-255,66,151402,53,318928
10084,0.035901,74.125.200.0-255,5738,157140,53,318928
10085,0.035907,172.31.46.0-255,66,157206,53,318928
10086,0.038132,74.125.200.0-255,5738,162944,53,318928
10087,0.038137,172.31.46.0-255,66,163010,53,318928
10088,0.040353,74.125.200.0-255,2902,165912,53,318928
10089,0.040358,172.31.46.0-255,66,165978,53,318928
10090,0.040388,74.125.200.0-255,2902,168880,53,318928
10091,0.040391,172.31.46.0-255,66,168946,53,318928
10092,0.042587,74.125.200.0-255,2902,171848,53,318928
10093,0.042592,172.31.46.0-255,66,171914,53,318928
10094,0.042626,74.125.200.0-255,2902,174816,53,318928
10095,0.04263,172.31.46.0-255,66,174882,53,318928
10096,0.044807,74.125.200.0-255,2902,177784,53,318928
10097,0.044813,172.31.46.0-255,66,177850,53,318928
10098,0.044844,74.125.200.0-255,2902,180752,53,318928
10099,0.044847,172.31.46.0-255,66,180818,53,318928
10100,0.047042,74.125.200.0-255,2902,183720,53,318928
10101,0.047047,172.31.46.0-255,66,183786,53,318928
10102,0.047077,74.125.200.0-255,2902,186688,53,318928
10103,0.047079,172.31.46.0-255,66,186754,53,318928
10104,0.049268,74.125.200.0-255,2902,189656,53,318928
10105,0.049274,172.31.46.0-255,66,189722,53,318928
10106,0.049307,74.125.200.0-255,2902,192624,53,318928
10107,0.049311,172.31.46.0-255,66,192690,53,318928
10108,0.051494,74.125.200.0-255,2902,195592,53,318928
10109,0.051499,172.31.46.0-255,66,195658,53,318928
10110,0.05153,74.125.200.0-255,2902,198560,53,318928
10111,0.051533,172.31.46.0-255,66,198626,53,318928
10112,0.053708,74.125.200.0-255,1484,200110,53,318928
10113,0.053741,74.125.200.0-255,4320,204430,53,318928
10114,0.053746,172.31.46.0-255,66,204496,53,318928
10115,0.05596,74.125.200.0-255,2902,207398,53,318928
10116,0.055965,172.31.46.0-255,66,207464,53,318928
10117,0.055993,74.125.200.0-255,2902,210366,53,318928
10118,0.055996,172.31.46.0-255,66,210432,53,318928
10119,0.058194,74.125.200.0-255,1484,211916,53,318928
10120,0.05823,74.125.200.0-255,4320,216236,53,318928
10121,0.058234,172.31.46.0-255,66,216302,53,318928
10122,0.060473,74.125.200.0-255,5738,222040,53,318928
10123,0.060481,172.31.46.0-255,66,222106,53,318928
10124,0.0627,74.125.200.0-255,5738,227844,53,318928
10125,0.062706,172.31.46.0-255,66,227910,53,318928
10126,0.064938,74.125.200.0-255,5738,233648,53,318928
10127,0.064945,172.31.46.0-255,66,233714,53,318928
10128,0.067159,74.125.200.0-255,5738,239452,53,318928
10129,0.067164,172.31.46.0-255,66,239518,53,318928
10130,0.069381,74.125.200.0-255,5738,245256,53,318928
10131,0.069386,172.31.46.0-255,66,245322,53,318928
10132,0.071639,74.125.200.0-255,4320,249642,53,318928
10133,0.071644,172.31.46.0-255,66,249708,53,318928
10134,0.071673,74.125.200.0-255,1484,251192,53,318928
10135,0.07388,74.125.200.0-255,4320,255512,53,318928
10136,0.073885,172.31.46.0-255,66,255578,53,318928
10137,0.076103,74.125.200.0-255,5738,261316,53,318928
10138,0.076108,172.31.46.0-255,66,261382,53,318928
10139,0.078323,74.125.200.0-255,4320,265702,53,318928
10140,0.078328,172.31.46.0-255,66,265768,53,318928
10141,0.078364,74.125.200.0-255,1484,267252,53,318928
10142,0.080552,74.125.200.0-255,4320,271572,53,318928
10143,0.080558,172.31.46.0-255,66,271638,53,318928
10144,0.082769,74.125.200.0-255,2902,274540,53,318928
10145,0.082775,172.31.46.0-255,66,274606,53,318928
10146,0.082803,74.125.200.0-255,2902,277508,53,318928
10147,0.082806,172.31.46.0-255,66,277574,53,318928
10148,0.084986,74.125.200.0-255,2902,280476,53,318928
10149,0.084991,172.31.46.0-255,66,280542,53,318928
10150,0.085022,74.125.200.0-255,2902,283444,53,318928
10151,0.085025,172.31.46.0-255,66,283510,53,318928
10152,0.087197,74.125.200.0-255,1484,284994,53,318928
10153,0.087246,74.125.200.0-255,4320,289314,53,318928
10154,0.087252,172.31.46.0-255,66,289380,53,318928
10155,0.089467,74.125.200.0-255,5738,295118,53,318928
10156,0.089473,172.31.46.0-255,66,295184,53,318928
10157,0.091683,74.125.200.0-255,2902,298086,53,318928
10158,0.091688,172.31.46.0-255,66,298152,53,318928
10159,0.091718,74.125.200.0-255,2902,301054,53,318928
10160,0.091722,172.31.46.0-255,66,301120,53,318928
10161,0.093897,74.125.200.0-255,2902,304022,53,318928
10162,0.093902,172.31.46.0-255,66,304088,53,318928
10163,0.093933,74.125.200.0-255,2902,306990,53,318928
10164,0.093937,172.31.46.0-255,66,307056,53,318928
10165,0.096118,74.125.200.0-255,2902,309958,53,318928
10166,0.096124,172.31.46.0-255,66,310024,53,318928
10167,0.096158,74.125.200.0-255,2902,312926,53,318928
10168,0.096161,172.31.46.0-255,66,312992,53,318928
10169,0.098341,74.125.200.0-255,2902,315894,53,318928
10170,0.098346,172.31.46.0-255,66,315960,53,318928
10171,0.098381,74.125.200.0-255,2902,318862,53,318928
10172,0.098384,172.31.46.0-255,66,318928,53,318928
10173,0.0,74.125.130.0-255,301,301,53,377840
10174,2.2e-05,172.31.46.0-255,66,367,53,377840
10175,2.9e-05,74.125.130.0-255,1484,1851,53,377840
10176,3.4e-05,172.31.46.0-255,66,1917,53,377840
10177,4.9e-05,74.125.130.0-255,4320,6237,53,377840
10178,5.3e-05,172.31.46.0-255,66,6303,53,377840
10179,6e-05,74.125.130.0-255,5738,12041,53,377840
10180,6.2e-05,172.31.46.0-255,66,12107,53,377840
10181,9.8e-05,172.31.46.0-255,66,12173,53,377840
10182,0.000138,74.125.130.0-255,4320,16493,53,377840
10183,0.000141,172.31.46.0-255,66,16559,53,377840
10184,0.000171,74.125.130.0-255,4320,20879,53,377840
10185,0.000174,172.31.46.0-255,66,20945,53,377840
10186,0.000178,74.125.130.0-255,2543,23488,53,377840
10187,0.00018,172.31.46.0-255,66,23554,53,377840
10188,0.000304,74.125.130.0-255,1484,25038,53,377840
10189,0.000309,172.31.46.0-255,66,25104,53,377840
10190,0.000315,74.125.130.0-255,2902,28006,53,377840
10191,0.000317,172.31.46.0-255,66,28072,53,377840
10192,0.000346,74.125.130.0-255,2902,30974,53,377840
10193,0.000348,172.31.46.0-255,66,31040,53,377840
10194,0.000354,74.125.130.0-255,4320,35360,53,377840
10195,0.000356,172.31.46.0-255,66,35426,53,377840
10196,0.000392,74.125.130.0-255,5379,40805,53,377840
10197,0.000394,172.31.46.0-255,66,40871,53,377840
10198,0.000423,74.125.130.0-255,5738,46609,53,377840
10199,0.000426,172.31.46.0-255,66,46675,53,377840
10200,0.00043,74.125.130.0-255,2902,49577,53,377840
10201,0.000433,172.31.46.0-255,66,49643,53,377840
10202,0.000467,74.125.130.0-255,1484,51127,53,377840
10203,0.00047,172.31.46.0-255,66,51193,53,377840
10204,0.000477,74.125.130.0-255,5738,56931,53,377840
10205,0.000479,172.31.46.0-255,66,56997,53,377840
10206,0.000487,74.125.130.0-255,1414,58411,53,377840
10207,0.000515,74.125.130.0-255,98,58509,53,377840
10208,0.000647,74.125.130.0-255,1484,59993,53,377840
10209,0.000652,172.31.46.0-255,66,60059,53,377840
10210,0.000656,74.125.130.0-255,1484,61543,53,377840
10211,0.00068,74.125.130.0-255,1484,63027,53,377840
10212,0.000683,172.31.46.0-255,66,63093,53,377840
10213,0.00069,74.125.130.0-255,5738,68831,53,377840
10214,0.000693,172.31.46.0-255,66,68897,53,377840
10215,0.000701,74.125.130.0-255,1484,70381,53,377840
10216,0.000732,74.125.130.0-255,2902,73283,53,377840
10217,0.000735,172.31.46.0-255,66,73349,53,377840
10218,0.000741,74.125.130.0-255,5738,79087,53,377840
10219,0.000744,172.31.46.0-255,66,79153,53,377840
10220,0.000752,74.125.130.0-255,2902,82055,53,377840
10221,0.000754,172.31.46.0-255,66,82121,53,377840
10222,0.00076,74.125.130.0-255,4320,86441,53,377840
10223,0.000762,172.31.46.0-255,66,86507,53,377840
10224,0.000798,74.125.130.0-255,6438,92945,53,377840
10225,0.000802,172.31.46.0-255,66,93011,53,377840
10226,0.00083,74.125.130.0-255,365,93376,53,377840
10227,0.001539,172.31.46.0-255,66,93442,53,377840
10228,0.00278,74.125.130.0-255,4320,97762,53,377840
10229,0.002786,172.31.46.0-255,66,97828,53,377840
10230,0.003499,74.125.130.0-255,1484,99312,53,377840
10231,0.004774,74.125.130.0-255,4320,103632,53,377840
10232,0.004778,172.31.46.0-255,66,103698,53,377840
10233,0.006762,74.125.130.0-255,5738,109436,53,377840
10234,0.00677,172.31.46.0-255,66,109502,53,377840
10235,0.008749,74.125.130.0-255,5738,115240,53,377840
10236,0.008756,172.31.46.0-255,66,115306,53,377840
10237,0.010745,74.125.130.0-255,5738,121044,53,377840
10238,0.010752,172.31.46.0-255,66,121110,53,377840
10239,0.012754,74.125.130.0-255,5738,126848,53,377840
10240,0.012762,172.31.46.0-255,66,126914,53,377840
10241,0.014738,74.125.130.0-255,5738,132652,53,377840
10242,0.014748,172.31.46.0-255,66,132718,53,377840
10243,0.016737,74.125.130.0-255,5738,138456,53,377840
10244,0.016746,172.31.46.0-255,66,138522,53,377840
10245,0.018727,74.125.130.0-255,5738,144260,53,377840
10246,0.018733,172.31.46.0-255,66,144326,53,377840
10247,0.02071,74.125.130.0-255,4320,148646,53,377840
10248,0.020718,172.31.46.0-255,66,148712,53,377840
10249,0.020745,74.125.130.0-255,1484,150196,53,377840
10250,0.022702,74.125.130.0-255,4320,154516,53,377840
10251,0.022709,172.31.46.0-255,66,154582,53,377840
10252,0.02467,74.125.130.0-255,2902,157484,53,377840
10253,0.024676,172.31.46.0-255,66,157550,53,377840
10254,0.024703,74.125.130.0-255,2902,160452,53,377840
10255,0.024705,172.31.46.0-255,66,160518,53,377840
10256,0.026052,172.31.46.0-255,172,160690,53,377840
10257,0.02609,172.31.46.0-255,1111,161801,53,377840
10258,0.026157,172.31.46.0-255,1514,163315,53,377840
10259,0.026159,172.31.46.0-255,1514,164829,53,377840
10260,0.026182,172.31.46.0-255,703,165532,53,377840
10261,0.026662,74.125.130.0-255,5738,171270,53,377840
10262,0.026669,172.31.46.0-255,66,171336,53,377840
10263,0.02762,104.244.42.0-255,66,171402,53,377840
10264,0.027655,104.244.42.0-255,66,171468,53,377840
10265,0.027709,104.244.42.0-255,66,171534,53,377840
10266,0.027715,104.244.42.0-255,66,171600,53,377840
10267,0.028647,74.125.130.0-255,5738,177338,53,377840
10268,0.028653,172.31.46.0-255,66,177404,53,377840
10269,0.030628,74.125.130.0-255,5738,183142,53,377840
10270,0.030633,172.31.46.0-255,66,183208,53,377840
10271,0.032619,74.125.130.0-255,5738,188946,53,377840
10272,0.032625,172.31.46.0-255,66,189012,53,377840
10273,0.034607,74.125.130.0-255,5738,194750,53,377840
10274,0.034613,172.31.46.0-255,66,194816,53,377840
10275,0.036584,74.125.130.0-255,5738,200554,53,377840
10276,0.03659,172.31.46.0-255,66,200620,53,377840
10277,0.038587,74.125.130.0-255,4320,204940,53,377840
10278,0.038593,172.31.46.0-255,66,205006,53,377840
10279,0.038618,74.125.130.0-255,1484,206490,53,377840
10280,0.040556,74.125.130.0-255,4320,210810,53,377840
10281,0.040561,172.31.46.0-255,66,210876,53,377840
10282,0.042526,74.125.130.0-255,4320,215196,53,377840
10283,0.042532,172.31.46.0-255,66,215262,53,377840
10284,0.042557,74.125.130.0-255,1484,216746,53,377840
10285,0.044522,74.125.130.0-255,4320,221066,53,377840
10286,0.04453,172.31.46.0-255,66,221132,53,377840
10287,0.0465,74.125.130.0-255,5738,226870,53,377840
10288,0.046506,172.31.46.0-255,66,226936,53,377840
10289,0.048489,74.125.130.0-255,5738,232674,53,377840
10290,0.048494,172.31.46.0-255,66,232740,53,377840
10291,0.050478,74.125.130.0-255,5738,238478,53,377840
10292,0.050483,172.31.46.0-255,66,238544,53,377840
10293,0.052453,74.125.130.0-255,5738,244282,53,377840
10294,0.052459,172.31.46.0-255,66,244348,53,377840
10295,0.054432,74.125.130.0-255,5738,250086,53,377840
10296,0.054438,172.31.46.0-255,66,250152,53,377840
10297,0.056416,74.125.130.0-255,5738,255890,53,377840
10298,0.056422,172.31.46.0-255,66,255956,53,377840
10299,0.058401,74.125.130.0-255,5738,261694,53,377840
10300,0.058407,172.31.46.0-255,66,261760,53,377840
10301,0.060382,74.125.130.0-255,5738,267498,53,377840
10302,0.060389,172.31.46.0-255,66,267564,53,377840
10303,0.062365,74.125.130.0-255,5738,273302,53,377840
10304,0.062371,172.31.46.0-255,66,273368,53,377840
10305,0.064358,74.125.130.0-255,5738,279106,53,377840
10306,0.064365,172.31.46.0-255,66,279172,53,377840
10307,0.066339,74.125.130.0-255,5738,284910,53,377840
10308,0.066346,172.31.46.0-255,66,284976,53,377840
10309,0.068308,74.125.130.0-255,5738,290714,53,377840
10310,0.068314,172.31.46.0-255,66,290780,53,377840
10311,0.070288,74.125.130.0-255,5738,296518,53,377840
10312,0.070293,172.31.46.0-255,66,296584,53,377840
10313,0.072266,74.125.130.0-255,5738,302322,53,377840
10314,0.072272,172.31.46.0-255,66,302388,53,377840
10315,0.074255,74.125.130.0-255,5738,308126,53,377840
10316,0.07426,172.31.46.0-255,66,308192,53,377840
10317,0.076239,74.125.130.0-255,5738,313930,53,377840
10318,0.076244,172.31.46.0-255,66,313996,53,377840
10319,0.078226,74.125.130.0-255,5738,319734,53,377840
10320,0.078232,172.31.46.0-255,66,319800,53,377840
10321,0.080209,74.125.130.0-255,5738,325538,53,377840
10322,0.080215,172.31.46.0-255,66,325604,53,377840
10323,0.082198,74.125.130.0-255,5738,331342,53,377840
10324,0.082206,172.31.46.0-255,66,331408,53,377840
10325,0.084194,74.125.130.0-255,5738,337146,53,377840
10326,0.0842,172.31.46.0-255,66,337212,53,377840
10327,0.086171,74.125.130.0-255,5738,342950,53,377840
10328,0.086177,172.31.46.0-255,66,343016,53,377840
10329,0.088159,74.125.130.0-255,5738,348754,53,377840
10330,0.088166,172.31.46.0-255,66,348820,53,377840
10331,0.090157,74.125.130.0-255,5738,354558,53,377840
10332,0.090162,172.31.46.0-255,66,354624,53,377840
10333,0.092152,74.125.130.0-255,5738,360362,53,377840
10334,0.092157,172.31.46.0-255,66,360428,53,377840
10335,0.094135,74.125.130.0-255,5738,366166,53,377840
10336,0.09414,172.31.46.0-255,66,366232,53,377840
10337,0.096124,74.125.130.0-255,5738,371970,53,377840
10338,0.096131,172.31.46.0-255,66,372036,53,377840
10339,0.098092,74.125.130.0-255,5738,377774,53,377840
10340,0.098099,172.31.46.0-255,66,377840,53,377840
10341,0.0,74.125.130.0-255,150,150,53,334814
10342,2.4e-05,172.31.46.0-255,66,216,53,334814
10343,3.2e-05,74.125.130.0-255,1484,1700,53,334814
10344,3.6e-05,172.31.46.0-255,66,1766,53,334814
10345,4.8e-05,74.125.130.0-255,1484,3250,53,334814
10346,5.2e-05,172.31.46.0-255,66,3316,53,334814
10347,9e-05,74.125.130.0-255,2902,6218,53,334814
10348,9.3e-05,172.31.46.0-255,66,6284,53,334814
10349,9.7e-05,74.125.130.0-255,1484,7768,53,334814
10350,9.9e-05,172.31.46.0-255,66,7834,53,334814
10351,0.000125,74.125.130.0-255,4320,12154,53,334814
10352,0.000129,172.31.46.0-255,66,12220,53,334814
10353,0.000154,74.125.130.0-255,2056,14276,53,334814
10354,0.000156,172.31.46.0-255,66,14342,53,334814
10355,0.000198,74.125.130.0-255,1484,15826,53,334814
10356,0.000201,172.31.46.0-255,66,15892,53,334814
10357,0.000225,74.125.130.0-255,2902,18794,53,334814
10358,0.000228,172.31.46.0-255,66,18860,53,334814
10359,0.000243,74.125.130.0-255,4320,23180,53,334814
10360,0.00025,172.31.46.0-255,66,23246,53,334814
10361,0.000279,74.125.130.0-255,2902,26148,53,334814
10362,0.000281,172.31.46.0-255,66,26214,53,334814
10363,0.000308,74.125.130.0-255,5379,31593,53,334814
10364,0.000311,172.31.46.0-255,66,31659,53,334814
10365,0.000782,74.125.130.0-255,1484,33143,53,334814
10366,0.000787,172.31.46.0-255,66,33209,53,334814
10367,0.000794,74.125.130.0-255,2902,36111,53,334814
10368,0.000796,172.31.46.0-255,66,36177,53,334814
10369,0.000805,74.125.130.0-255,1484,37661,53,334814
10370,0.000807,172.31.46.0-255,66,37727,53,334814
10371,0.000841,74.125.130.0-255,4320,42047,53,334814
10372,0.000844,172.31.46.0-255,66,42113,53,334814
10373,0.000852,74.125.130.0-255,6797,48910,53,334814
10374,0.000854,172.31.46.0-255,66,48976,53,334814
10375,0.000894,74.125.130.0-255,7156,56132,53,334814
10376,0.000924,172.31.46.0-255,66,56198,53,334814
10377,0.000973,74.125.130.0-255,379,56577,53,334814
10378,0.001009,74.125.130.0-255,365,56942,53,334814
10379,0.001184,172.31.46.0-255,66,57008,53,334814
10380,0.001383,74.125.130.0-255,1484,58492,53,334814
10381,0.001392,74.125.130.0-255,1484,59976,53,334814
10382,0.001396,172.31.46.0-255,66,60042,53,334814
10383,0.001403,74.125.130.0-255,2902,62944,53,334814
10384,0.001405,172.31.46.0-255,66,63010,53,334814
10385,0.001423,74.125.130.0-255,2902,65912,53,334814
10386,0.001426,172.31.46.0-255,66,65978,53,334814
10387,0.001447,74.125.130.0-255,2902,68880,53,334814
10388,0.00145,172.31.46.0-255,66,68946,53,334814
10389,0.001454,74.125.130.0-255,1484,70430,53,334814
10390,0.001498,74.125.130.0-255,2902,73332,53,334814
10391,0.0015,172.31.46.0-255,66,73398,53,334814
10392,0.001507,74.125.130.0-255,5738,79136,53,334814
10393,0.001511,74.125.130.0-255,2902,82038,53,334814
10394,0.001517,74.125.130.0-255,4320,86358,53,334814
10395,0.00154,74.125.130.0-255,1484,87842,53,334814
10396,0.001563,74.125.130.0-255,3602,91444,53,334814
10397,0.002036,74.125.130.0-255,1484,92928,53,334814
10398,0.002045,74.125.130.0-255,2902,95830,53,334814
10399,0.002066,74.125.130.0-255,4320,100150,53,334814
10400,0.002097,74.125.130.0-255,4320,104470,53,334814
10401,0.002116,74.125.130.0-255,4320,108790,53,334814
10402,0.002136,74.125.130.0-255,1484,110274,53,334814
10403,0.002157,74.125.130.0-255,1484,111758,53,334814
10404,0.002207,74.125.130.0-255,5020,116778,53,334814
10405,0.005135,172.31.46.0-255,66,116844,53,334814
10406,0.007738,74.125.130.0-255,5738,122582,53,334814
10407,0.007746,172.31.46.0-255,66,122648,53,334814
10408,0.010332,74.125.130.0-255,5738,128386,53,334814
10409,0.010342,172.31.46.0-255,66,128452,53,334814
10410,0.01295,74.125.130.0-255,5738,134190,53,334814
10411,0.012969,172.31.46.0-255,66,134256,53,334814
10412,0.015563,74.125.130.0-255,5738,139994,53,334814
10413,0.01558,172.31.46.0-255,66,140060,53,334814
10414,0.018172,74.125.130.0-255,5738,145798,53,334814
10415,0.018187,172.31.46.0-255,66,145864,53,334814
10416,0.020789,74.125.130.0-255,5738,151602,53,334814
10417,0.020807,172.31.46.0-255,66,151668,53,334814
10418,0.023408,74.125.130.0-255,5738,157406,53,334814
10419,0.023427,172.31.46.0-255,66,157472,53,334814
10420,0.026113,74.125.130.0-255,5738,163210,53,334814
10421,0.02613,172.31.46.0-255,66,163276,53,334814
10422,0.028717,74.125.130.0-255,5738,169014,53,334814
10423,0.028734,172.31.46.0-255,66,169080,53,334814
10424,0.031329,74.125.130.0-255,5738,174818,53,334814
10425,0.03134,172.31.46.0-255,66,174884,53,334814
10426,0.03393,74.125.130.0-255,5738,180622,53,334814
10427,0.033948,172.31.46.0-255,66,180688,53,334814
10428,0.035719,172.31.46.0-255,167,180855,53,334814
10429,0.035751,172.31.46.0-255,1112,181967,53,334814
10430,0.035828,172.31.46.0-255,1514,183481,53,334814
10431,0.03583,172.31.46.0-255,1514,184995,53,334814
10432,0.035835,172.31.46.0-255,1514,186509,53,334814
10433,0.035836,172.31.46.0-255,1514,188023,53,334814
10434,0.035855,172.31.46.0-255,1493,189516,53,334814
10435,0.036529,74.125.130.0-255,5738,195254,53,334814
10436,0.036539,172.31.46.0-255,66,195320,53,334814
10437,0.037237,104.244.42.0-255,66,195386,53,334814
10438,0.037255,104.244.42.0-255,66,195452,53,334814
10439,0.037405,104.244.42.0-255,66,195518,53,334814
10440,0.039132,74.125.130.0-255,5738,201256,53,334814
10441,0.03915,172.31.46.0-255,66,201322,53,334814
10442,0.041747,74.125.130.0-255,5738,207060,53,334814
10443,0.041762,172.31.46.0-255,66,207126,53,334814
10444,0.044354,74.125.130.0-255,5738,212864,53,334814
10445,0.044364,172.31.46.0-255,66,212930,53,334814
10446,0.046957,74.125.130.0-255,5738,218668,53,334814
10447,0.046965,172.31.46.0-255,66,218734,53,334814
10448,0.049563,74.125.130.0-255,5738,224472,53,334814
10449,0.049574,172.31.46.0-255,66,224538,53,334814
10450,0.052173,74.125.130.0-255,5738,230276,53,334814
10451,0.052182,172.31.46.0-255,66,230342,53,334814
10452,0.054797,74.125.130.0-255,5738,236080,53,334814
10453,0.054809,172.31.46.0-255,66,236146,53,334814
10454,0.057398,74.125.130.0-255,5738,241884,53,334814
10455,0.05741,172.31.46.0-255,66,241950,53,334814
10456,0.059999,74.125.130.0-255,5738,247688,53,334814
10457,0.060009,172.31.46.0-255,66,247754,53,334814
10458,0.062667,74.125.130.0-255,5738,253492,53,334814
10459,0.062684,172.31.46.0-255,66,253558,53,334814
10460,0.065305,74.125.130.0-255,5738,259296,53,334814
10461,0.06532,172.31.46.0-255,66,259362,53,334814
10462,0.067943,74.125.130.0-255,5738,265100,53,334814
10463,0.067956,172.31.46.0-255,66,265166,53,334814
10464,0.070579,74.125.130.0-255,5738,270904,53,334814
10465,0.070591,172.31.46.0-255,66,270970,53,334814
10466,0.0732,74.125.130.0-255,5738,276708,53,334814
10467,0.073217,172.31.46.0-255,66,276774,53,334814
10468,0.075804,74.125.130.0-255,5738,282512,53,334814
10469,0.075814,172.31.46.0-255,66,282578,53,334814
10470,0.078417,74.125.130.0-255,5738,288316,53,334814
10471,0.078428,172.31.46.0-255,66,288382,53,334814
10472,0.081035,74.125.130.0-255,5738,294120,53,334814
10473,0.081048,172.31.46.0-255,66,294186,53,334814
10474,0.083648,74.125.130.0-255,5738,299924,53,334814
10475,0.08366,172.31.46.0-255,66,299990,53,334814
10476,0.08627,74.125.130.0-255,5738,305728,53,334814
10477,0.086283,172.31.46.0-255,66,305794,53,334814
10478,0.088865,74.125.130.0-255,5738,311532,53,334814
10479,0.088877,172.31.46.0-255,66,311598,53,334814
10480,0.091482,74.125.130.0-255,5738,317336,53,334814
10481,0.091494,172.31.46.0-255,66,317402,53,334814
10482,0.094092,74.125.130.0-255,5738,323140,53,334814
10483,0.094105,172.31.46.0-255,66,323206,53,334814
10484,0.09672,74.125.130.0-255,5738,328944,53,334814
10485,0.096737,172.31.46.0-255,66,329010,53,334814
10486,0.099332,74.125.130.0-255,5738,334748,53,334814
10487,0.099347,172.31.46.0-255,66,334814,53,334814
10488,0.0,74.125.24.0-255,297,297,53,185760
10489,2.6e-05,172.31.46.0-255,66,363,53,185760
10490,3.3e-05,74.125.24.0-255,1484,1847,53,185760
10491,3.7e-05,172.31.46.0-255,66,1913,53,185760
10492,4.5e-05,74.125.24.0-255,4320,6233,53,185760
10493,4.8e-05,172.31.46.0-255,66,6299,53,185760
10494,5.7e-05,74.125.24.0-255,7156,13455,53,185760
10495,6e-05,172.31.46.0-255,66,13521,53,185760
10496,8.5e-05,74.125.24.0-255,360,13881,53,185760
10497,8.7e-05,172.31.46.0-255,66,13947,53,185760
10498,9.9e-05,172.31.46.0-255,66,14013,53,185760
10499,0.000111,172.31.46.0-255,66,14079,53,185760
10500,0.000168,74.125.24.0-255,1484,15563,53,185760
10501,0.000171,172.31.46.0-255,66,15629,53,185760
10502,0.000174,74.125.24.0-255,1484,17113,53,185760
10503,0.000176,172.31.46.0-255,66,17179,53,185760
10504,0.000192,74.125.24.0-255,1484,18663,53,185760
10505,0.000194,172.31.46.0-255,66,18729,53,185760
10506,0.000197,74.125.24.0-255,1484,20213,53,185760
10507,0.000199,172.31.46.0-255,66,20279,53,185760
10508,0.000206,74.125.24.0-255,5738,26017,53,185760
10509,0.000209,172.31.46.0-255,66,26083,53,185760
10510,0.000239,172.31.46.0-255,66,26149,53,185760
10511,0.000265,74.125.24.0-255,2543,28692,53,185760
10512,0.000267,172.31.46.0-255,66,28758,53,185760
10513,0.000279,172.31.46.0-255,66,28824,53,185760
10514,0.000341,74.125.24.0-255,133,28957,53,185760
10515,0.000345,172.31.46.0-255,66,29023,53,185760
10516,0.000348,74.125.24.0-255,347,29370,53,185760
10517,0.001019,74.125.24.0-255,1484,30854,53,185760
10518,0.001025,172.31.46.0-255,66,30920,53,185760
10519,0.001049,74.125.24.0-255,2902,33822,53,185760
10520,0.001052,172.31.46.0-255,66,33888,53,185760
10521,0.001057,74.125.24.0-255,2902,36790,53,185760
10522,0.001059,172.31.46.0-255,66,36856,53,185760
10523,0.001075,74.125.24.0-255,1484,38340,53,185760
10524,0.001083,74.125.24.0-255,5738,44078,53,185760
10525,0.001085,172.31.46.0-255,66,44144,53,185760
10526,0.00111,74.125.24.0-255,2902,47046,53,185760
10527,0.001113,172.31.46.0-255,66,47112,53,185760
10528,0.001124,172.31.46.0-255,66,47178,53,185760
10529,0.001153,74.125.24.0-255,4320,51498,53,185760
10530,0.001156,172.31.46.0-255,66,51564,53,185760
10531,0.001174,74.125.24.0-255,2184,53748,53,185760
10532,0.001177,172.31.46.0-255,66,53814,53,185760
10533,0.001585,74.125.24.0-255,1484,55298,53,185760
10534,0.001595,74.125.24.0-255,2902,58200,53,185760
10535,0.001599,172.31.46.0-255,66,58266,53,185760
10536,0.001607,74.125.24.0-255,5738,64004,53,185760
10537,0.001609,172.31.46.0-255,66,64070,53,185760
10538,0.001654,74.125.24.0-255,2902,66972,53,185760
10539,0.001657,172.31.46.0-255,66,67038,53,185760
10540,0.001685,172.31.46.0-255,66,67104,53,185760
10541,0.001698,172.31.46.0-255,66,67170,53,185760
10542,0.001731,74.125.24.0-255,766,67936,53,185760
10543,0.003009,74.125.24.0-255,1484,69420,53,185760
10544,0.003027,172.31.46.0-255,66,69486,53,185760
10545,0.003037,74.125.24.0-255,2902,72388,53,185760
10546,0.00304,172.31.46.0-255,66,72454,53,185760
10547,0.003047,74.125.24.0-255,5738,78192,53,185760
10548,0.003049,172.31.46.0-255,66,78258,53,185760
10549,0.003064,172.31.46.0-255,66,78324,53,185760
10550,0.00307,74.125.24.0-255,2902,81226,53,185760
10551,0.003072,172.31.46.0-255,66,81292,53,185760
10552,0.003106,172.31.46.0-255,66,81358,53,185760
10553,0.003367,74.125.24.0-255,1484,82842,53,185760
10554,0.003374,74.125.24.0-255,2902,85744,53,185760
10555,0.003379,172.31.46.0-255,66,85810,53,185760
10556,0.003424,74.125.24.0-255,2902,88712,53,185760
10557,0.003426,172.31.46.0-255,66,88778,53,185760
10558,0.003445,74.125.24.0-255,1484,90262,53,185760
10559,0.003459,172.31.46.0-255,66,90328,53,185760
10560,0.003473,172.31.46.0-255,66,90394,53,185760
10561,0.003475,74.125.24.0-255,766,91160,53,185760
10562,0.003493,74.125.24.0-255,1484,92644,53,185760
10563,0.003495,172.31.46.0-255,66,92710,53,185760
10564,0.003501,74.125.24.0-255,4320,97030,53,185760
10565,0.003504,172.31.46.0-255,66,97096,53,185760
10566,0.003508,74.125.24.0-255,2902,99998,53,185760
10567,0.00351,172.31.46.0-255,66,100064,53,185760
10568,0.003539,74.125.24.0-255,4320,104384,53,185760
10569,0.003541,172.31.46.0-255,66,104450,53,185760
10570,0.003556,172.31.46.0-255,66,104516,53,185760
10571,0.003559,74.125.24.0-255,1484,106000,53,185760
10572,0.003585,74.125.24.0-255,6438,112438,53,185760
10573,0.003588,172.31.46.0-255,66,112504,53,185760
10574,0.003655,74.125.24.0-255,1484,113988,53,185760
10575,0.003668,74.125.24.0-255,2902,116890,53,185760
10576,0.00367,172.31.46.0-255,66,116956,53,185760
10577,0.003692,74.125.24.0-255,5738,122694,53,185760
10578,0.003695,172.31.46.0-255,66,122760,53,185760
10579,0.003707,74.125.24.0-255,7156,129916,53,185760
10580,0.00371,172.31.46.0-255,66,129982,53,185760
10581,0.00374,74.125.24.0-255,5738,135720,53,185760
10582,0.003742,172.31.46.0-255,66,135786,53,185760
10583,0.003755,172.31.46.0-255,66,135852,53,185760
10584,0.003757,74.125.24.0-255,766,136618,53,185760
10585,0.003823,74.125.24.0-255,1484,138102,53,185760
10586,0.003826,172.31.46.0-255,66,138168,53,185760
10587,0.003832,74.125.24.0-255,2902,141070,53,185760
10588,0.003834,172.31.46.0-255,66,141136,53,185760
10589,0.003841,74.125.24.0-255,5738,146874,53,185760
10590,0.003844,172.31.46.0-255,66,146940,53,185760
10591,0.003848,74.125.24.0-255,2902,149842,53,185760
10592,0.003851,172.31.46.0-255,66,149908,53,185760
10593,0.003883,74.125.24.0-255,5738,155646,53,185760
10594,0.003886,172.31.46.0-255,66,155712,53,185760
10595,0.003889,74.125.24.0-255,1484,157196,53,185760
10596,0.003903,172.31.46.0-255,66,157262,53,185760
10597,0.003924,74.125.24.0-255,2184,159446,53,185760
10598,0.003927,172.31.46.0-255,66,159512,53,185760
10599,0.003942,74.125.24.0-255,2902,162414,53,185760
10600,0.003944,172.31.46.0-255,66,162480,53,185760
10601,0.003981,74.125.24.0-255,7156,169636,53,185760
10602,0.003985,172.31.46.0-255,66,169702,53,185760
10603,0.003996,172.31.46.0-255,66,169768,53,185760
10604,0.003999,74.125.24.0-255,1484,171252,53,185760
10605,0.004014,74.125.24.0-255,1484,172736,53,185760
10606,0.004016,172.31.46.0-255,66,172802,53,185760
10607,0.004055,172.31.46.0-255,66,172868,53,185760
10608,0.004165,74.125.24.0-255,7113,179981,53,185760
10609,0.004168,74.125.24.0-255,105,180086,53,185760
10610,0.00533,172.31.46.0-255,66,180152,53,185760
10611,0.011958,172.31.46.0-255,105,180257,53,185760
10612,0.014226,74.125.24.0-255,66,180323,53,185760
10613,0.041037,172.31.46.0-255,172,180495,53,185760
10614,0.04108,172.31.46.0-255,1107,181602,53,185760
10615,0.041151,172.31.46.0-255,1514,183116,53,185760
10616,0.041153,172.31.46.0-255,1514,184630,53,185760
10617,0.04118,172.31.46.0-255,692,185322,53,185760
10618,0.042619,104.244.42.0-255,66,185388,53,185760
10619,0.042671,104.244.42.0-255,66,185454,53,185760
10620,0.042692,104.244.42.0-255,66,185520,53,185760
10621,0.042704,104.244.42.0-255,66,185586,53,185760
10622,0.043451,104.244.42.0-255,108,185694,53,185760
10623,0.043464,172.31.46.0-255,66,185760,53,185760
10624,0.0,74.125.24.0-255,152,152,53,208387
10625,2.2e-05,172.31.46.0-255,66,218,53,208387
10626,2.9e-05,74.125.24.0-255,1484,1702,53,208387
10627,3.4e-05,172.31.46.0-255,66,1768,53,208387
10628,4.7e-05,74.125.24.0-255,2902,4670,53,208387
10629,5.1e-05,172.31.46.0-255,66,4736,53,208387
10630,5.6e-05,74.125.24.0-255,2902,7638,53,208387
10631,5.9e-05,172.31.46.0-255,66,7704,53,208387
10632,8.8e-05,74.125.24.0-255,6374,14078,53,208387
10633,9.2e-05,172.31.46.0-255,66,14144,53,208387
10634,0.00012,74.125.24.0-255,5738,19882,53,208387
10635,0.000124,172.31.46.0-255,66,19948,53,208387
10636,0.000146,74.125.24.0-255,1484,21432,53,208387
10637,0.000149,172.31.46.0-255,66,21498,53,208387
10638,0.000164,172.31.46.0-255,66,21564,53,208387
10639,0.000188,74.125.24.0-255,1125,22689,53,208387
10640,0.00019,172.31.46.0-255,66,22755,53,208387
10641,0.000519,74.125.24.0-255,1484,24239,53,208387
10642,0.000525,172.31.46.0-255,66,24305,53,208387
10643,0.000531,74.125.24.0-255,2902,27207,53,208387
10644,0.000535,172.31.46.0-255,66,27273,53,208387
10645,0.000546,74.125.24.0-255,5738,33011,53,208387
10646,0.000548,172.31.46.0-255,66,33077,53,208387
10647,0.000551,74.125.24.0-255,1484,34561,53,208387
10648,0.000553,172.31.46.0-255,66,34627,53,208387
10649,0.000558,74.125.24.0-255,2902,37529,53,208387
10650,0.000561,172.31.46.0-255,66,37595,53,208387
10651,0.000592,74.125.24.0-255,6797,44392,53,208387
10652,0.000596,172.31.46.0-255,66,44458,53,208387
10653,0.000639,172.31.46.0-255,66,44524,53,208387
10654,0.000677,74.125.24.0-255,357,44881,53,208387
10655,0.000773,74.125.24.0-255,386,45267,53,208387
10656,0.000904,74.125.24.0-255,1484,46751,53,208387
10657,0.000909,172.31.46.0-255,66,46817,53,208387
10658,0.000914,74.125.24.0-255,2902,49719,53,208387
10659,0.000916,172.31.46.0-255,66,49785,53,208387
10660,0.000921,74.125.24.0-255,2902,52687,53,208387
10661,0.000923,172.31.46.0-255,66,52753,53,208387
10662,0.00096,74.125.24.0-255,2902,55655,53,208387
10663,0.000963,172.31.46.0-255,66,55721,53,208387
10664,0.000974,172.31.46.0-255,66,55787,53,208387
10665,0.000984,172.31.46.0-255,66,55853,53,208387
10666,0.001022,74.125.24.0-255,6797,62650,53,208387
10667,0.001026,172.31.46.0-255,66,62716,53,208387
10668,0.001449,74.125.24.0-255,1484,64200,53,208387
10669,0.001467,74.125.24.0-255,2902,67102,53,208387
10670,0.00147,172.31.46.0-255,66,67168,53,208387
10671,0.001478,74.125.24.0-255,5738,72906,53,208387
10672,0.00148,172.31.46.0-255,66,72972,53,208387
10673,0.00149,74.125.24.0-255,4320,77292,53,208387
10674,0.001491,172.31.46.0-255,66,77358,53,208387
10675,0.001522,74.125.24.0-255,5738,83096,53,208387
10676,0.001524,172.31.46.0-255,66,83162,53,208387
10677,0.001564,172.31.46.0-255,66,83228,53,208387
10678,0.001693,74.125.24.0-255,1484,84712,53,208387
10679,0.001699,74.125.24.0-255,2902,87614,53,208387
10680,0.001702,172.31.46.0-255,66,87680,53,208387
10681,0.001706,74.125.24.0-255,1484,89164,53,208387
10682,0.001729,74.125.24.0-255,4320,93484,53,208387
10683,0.00176,74.125.24.0-255,4320,97804,53,208387
10684,0.001769,172.31.46.0-255,66,97870,53,208387
10685,0.001772,172.31.46.0-255,66,97936,53,208387
10686,0.001779,74.125.24.0-255,7156,105092,53,208387
10687,0.001781,172.31.46.0-255,66,105158,53,208387
10688,0.001799,172.31.46.0-255,66,105224,53,208387
10689,0.001823,74.125.24.0-255,6438,111662,53,208387
10690,0.001825,172.31.46.0-255,66,111728,53,208387
10691,0.001842,172.31.46.0-255,66,111794,53,208387
10692,0.001847,74.125.24.0-255,4320,116114,53,208387
10693,0.001849,172.31.46.0-255,66,116180,53,208387
10694,0.001883,74.125.24.0-255,5020,121200,53,208387
10695,0.001886,172.31.46.0-255,66,121266,53,208387
10696,0.001899,172.31.46.0-255,66,121332,53,208387
10697,0.001904,74.125.24.0-255,4320,125652,53,208387
10698,0.001906,172.31.46.0-255,66,125718,53,208387
10699,0.00194,74.125.24.0-255,5738,131456,53,208387
10700,0.001943,172.31.46.0-255,66,131522,53,208387
10701,0.001955,172.31.46.0-255,66,131588,53,208387
10702,0.001979,74.125.24.0-255,5020,136608,53,208387
10703,0.001982,172.31.46.0-255,66,136674,53,208387
10704,0.002008,74.125.24.0-255,2902,139576,53,208387
10705,0.002011,172.31.46.0-255,66,139642,53,208387
10706,0.002051,172.31.46.0-255,66,139708,53,208387
10707,0.002079,172.31.46.0-255,66,139774,53,208387
10708,0.002095,172.31.46.0-255,66,139840,53,208387
10709,0.002097,74.125.24.0-255,766,140606,53,208387
10710,0.0021,172.31.46.0-255,78,140684,53,208387
10711,0.002117,172.31.46.0-255,78,140762,53,208387
10712,0.002148,74.125.24.0-255,1484,142246,53,208387
10713,0.002152,172.31.46.0-255,66,142312,53,208387
10714,0.00216,74.125.24.0-255,7156,149468,53,208387
10715,0.002162,172.31.46.0-255,66,149534,53,208387
10716,0.002184,172.31.46.0-255,66,149600,53,208387
10717,0.004261,74.125.24.0-255,5738,155338,53,208387
10718,0.004268,172.31.46.0-255,66,155404,53,208387
10719,0.006379,74.125.24.0-255,5738,161142,53,208387
10720,0.006386,172.31.46.0-255,66,161208,53,208387
10721,0.00845,74.125.24.0-255,5738,166946,53,208387
10722,0.008454,172.31.46.0-255,66,167012,53,208387
10723,0.010569,74.125.24.0-255,5738,172750,53,208387
10724,0.010575,172.31.46.0-255,66,172816,53,208387
10725,0.012666,74.125.24.0-255,5738,178554,53,208387
10726,0.012675,172.31.46.0-255,66,178620,53,208387
10727,0.014741,74.125.24.0-255,5738,184358,53,208387
10728,0.014749,172.31.46.0-255,66,184424,53,208387
10729,0.016836,74.125.24.0-255,5738,190162,53,208387
10730,0.016844,172.31.46.0-255,66,190228,53,208387
10731,0.018964,74.125.24.0-255,5738,195966,53,208387
10732,0.018973,172.31.46.0-255,66,196032,53,208387
10733,0.021059,74.125.24.0-255,5738,201770,53,208387
10734,0.021066,172.31.46.0-255,66,201836,53,208387
10735,0.023135,74.125.24.0-255,4936,206772,53,208387
10736,0.023144,172.31.46.0-255,66,206838,53,208387
10737,0.023997,172.31.46.0-255,105,206943,53,208387
10738,0.026039,74.125.24.0-255,66,207009,53,208387
10739,0.039137,172.31.46.0-255,172,207181,53,208387
10740,0.03917,172.31.46.0-255,1074,208255,53,208387
10741,0.040731,104.244.42.0-255,66,208321,53,208387
10742,0.040778,104.244.42.0-255,66,208387,53,208387
10743,0.0,74.125.68.0-255,148,148,53,362511
10744,1.9e-05,172.31.46.0-255,66,214,53,362511
10745,2.5e-05,74.125.68.0-255,1484,1698,53,362511
10746,2.9e-05,172.31.46.0-255,66,1764,53,362511
10747,3.4e-05,74.125.68.0-255,2902,4666,53,362511
10748,3.7e-05,172.31.46.0-255,66,4732,53,362511
10749,6.2e-05,74.125.68.0-255,1484,6216,53,362511
10750,6.4e-05,172.31.46.0-255,66,6282,53,362511
10751,8.5e-05,74.125.68.0-255,2902,9184,53,362511
10752,8.8e-05,172.31.46.0-255,66,9250,53,362511
10753,9.4e-05,74.125.68.0-255,4921,14171,53,362511
10754,9.6e-05,172.31.46.0-255,66,14237,53,362511
10755,0.000114,74.125.68.0-255,5738,19975,53,362511
10756,0.000116,172.31.46.0-255,66,20041,53,362511
10757,0.000136,74.125.68.0-255,1484,21525,53,362511
10758,0.000138,172.31.46.0-255,66,21591,53,362511
10759,0.000167,172.31.46.0-255,66,21657,53,362511
10760,0.000172,74.125.68.0-255,4320,25977,53,362511
10761,0.000174,172.31.46.0-255,66,26043,53,362511
10762,0.000199,172.31.46.0-255,66,26109,53,362511
10763,0.000204,74.125.68.0-255,3602,29711,53,362511
10764,0.000206,172.31.46.0-255,66,29777,53,362511
10765,0.000249,74.125.68.0-255,1484,31261,53,362511
10766,0.000251,172.31.46.0-255,66,31327,53,362511
10767,0.000264,74.125.68.0-255,2902,34229,53,362511
10768,0.000266,172.31.46.0-255,66,34295,53,362511
10769,0.000276,74.125.68.0-255,1484,35779,53,362511
10770,0.000278,172.31.46.0-255,66,35845,53,362511
10771,0.0003,74.125.68.0-255,4320,40165,53,362511
10772,0.000302,172.31.46.0-255,66,40231,53,362511
10773,0.000309,74.125.68.0-255,6797,47028,53,362511
10774,0.000357,74.125.68.0-255,414,47442,53,362511
10775,0.000433,172.31.46.0-255,66,47508,53,362511
10776,0.00051,74.125.68.0-255,331,47839,53,362511
10777,0.000798,74.125.68.0-255,1484,49323,53,362511
10778,0.000802,172.31.46.0-255,66,49389,53,362511
10779,0.000807,74.125.68.0-255,2902,52291,53,362511
10780,0.000819,172.31.46.0-255,66,52357,53,362511
10781,0.000839,74.125.68.0-255,5738,58095,53,362511
10782,0.000842,74.125.68.0-255,1484,59579,53,362511
10783,0.000846,74.125.68.0-255,2902,62481,53,362511
10784,0.000864,172.31.46.0-255,66,62547,53,362511
10785,0.00087,74.125.68.0-255,1484,64031,53,362511
10786,0.000885,74.125.68.0-255,4320,68351,53,362511
10787,0.000891,74.125.68.0-255,5738,74089,53,362511
10788,0.000904,74.125.68.0-255,2902,76991,53,362511
10789,0.000908,172.31.46.0-255,66,77057,53,362511
10790,0.000919,74.125.68.0-255,4320,81377,53,362511
10791,0.000921,74.125.68.0-255,766,82143,53,362511
10792,0.000937,172.31.46.0-255,66,82209,53,362511
10793,0.001007,74.125.68.0-255,1484,83693,53,362511
10794,0.00102,74.125.68.0-255,2902,86595,53,362511
10795,0.001039,74.125.68.0-255,5738,92333,53,362511
10796,0.001042,74.125.68.0-255,1484,93817,53,362511
10797,0.001046,172.31.46.0-255,66,93883,53,362511
10798,0.001062,74.125.68.0-255,1484,95367,53,362511
10799,0.0011,74.125.68.0-255,5738,101105,53,362511
10800,0.001103,172.31.46.0-255,66,101171,53,362511
10801,0.001118,74.125.68.0-255,2902,104073,53,362511
10802,0.001129,172.31.46.0-255,66,104139,53,362511
10803,0.001134,74.125.68.0-255,4320,108459,53,362511
10804,0.001138,172.31.46.0-255,66,108525,53,362511
10805,0.001151,74.125.68.0-255,5738,114263,53,362511
10806,0.001155,74.125.68.0-255,2184,116447,53,362511
10807,0.00117,172.31.46.0-255,66,116513,53,362511
10808,0.001202,74.125.68.0-255,1484,117997,53,362511
10809,0.001219,74.125.68.0-255,2902,120899,53,362511
10810,0.001227,172.31.46.0-255,66,120965,53,362511
10811,0.001241,74.125.68.0-255,5738,126703,53,362511
10812,0.001244,74.125.68.0-255,1484,128187,53,362511
10813,0.001254,172.31.46.0-255,66,128253,53,362511
10814,0.001267,74.125.68.0-255,2902,131155,53,362511
10815,0.00127,74.125.68.0-255,1484,132639,53,362511
10816,0.001277,172.31.46.0-255,66,132705,53,362511
10817,0.00129,74.125.68.0-255,4320,137025,53,362511
10818,0.001303,74.125.68.0-255,4320,141345,53,362511
10819,0.001309,172.31.46.0-255,66,141411,53,362511
10820,0.001322,74.125.68.0-255,5738,147149,53,362511
10821,0.001338,172.31.46.0-255,66,147215,53,362511
10822,0.001355,74.125.68.0-255,3602,150817,53,362511
10823,0.001368,172.31.46.0-255,66,150883,53,362511
10824,0.001415,74.125.68.0-255,1484,152367,53,362511
10825,0.001426,74.125.68.0-255,1484,153851,53,362511
10826,0.001428,172.31.46.0-255,66,153917,53,362511
10827,0.001438,74.125.68.0-255,1484,155401,53,362511
10828,0.00144,74.125.68.0-255,1484,156885,53,362511
10829,0.00145,172.31.46.0-255,66,156951,53,362511
10830,0.00146,74.125.68.0-255,4320,161271,53,362511
10831,0.001463,74.125.68.0-255,2902,164173,53,362511
10832,0.001467,172.31.46.0-255,66,164239,53,362511
10833,0.001512,74.125.68.0-255,5738,169977,53,362511
10834,0.001521,172.31.46.0-255,66,170043,53,362511
10835,0.001531,74.125.68.0-255,4320,174363,53,362511
10836,0.001536,74.125.68.0-255,5738,180101,53,362511
10837,0.00154,172.31.46.0-255,66,180167,53,362511
10838,0.001556,74.125.68.0-255,1484,181651,53,362511
10839,0.00157,74.125.68.0-255,3602,185253,53,362511
10840,0.001577,172.31.46.0-255,66,185319,53,362511
10841,0.001607,74.125.68.0-255,1484,186803,53,362511
10842,0.001611,74.125.68.0-255,2902,189705,53,362511
10843,0.001616,172.31.46.0-255,66,189771,53,362511
10844,0.001622,74.125.68.0-255,1484,191255,53,362511
10845,0.001636,74.125.68.0-255,4320,195575,53,362511
10846,0.001653,172.31.46.0-255,66,195641,53,362511
10847,0.001685,172.31.46.0-255,66,195707,53,362511
10848,0.001691,74.125.68.0-255,4320,200027,53,362511
10849,0.001694,172.31.46.0-255,66,200093,53,362511
10850,0.001728,172.31.46.0-255,66,200159,53,362511
10851,0.001812,74.125.68.0-255,1484,201643,53,362511
10852,0.001817,74.125.68.0-255,2902,204545,53,362511
10853,0.001824,172.31.46.0-255,66,204611,53,362511
10854,0.001836,74.125.68.0-255,4320,208931,53,362511
10855,0.001849,74.125.68.0-255,1484,210415,53,362511
10856,0.001852,172.31.46.0-255,66,210481,53,362511
10857,0.00187,74.125.68.0-255,7156,217637,53,362511
10858,0.001888,74.125.68.0-255,2902,220539,53,362511
10859,0.001893,74.125.68.0-255,4320,224859,53,362511
10860,0.001897,172.31.46.0-255,66,224925,53,362511
10861,0.001919,74.125.68.0-255,7156,232081,53,362511
10862,0.001923,74.125.68.0-255,2184,234265,53,362511
10863,0.001934,172.31.46.0-255,66,234331,53,362511
10864,0.001974,74.125.68.0-255,1484,235815,53,362511
10865,0.001986,74.125.68.0-255,2902,238717,53,362511
10866,0.001993,172.31.46.0-255,66,238783,53,362511
10867,0.002014,74.125.68.0-255,5738,244521,53,362511
10868,0.002018,74.125.68.0-255,2902,247423,53,362511
10869,0.002021,74.125.68.0-255,2902,250325,53,362511
10870,0.002031,74.125.68.0-255,1484,251809,53,362511
10871,0.002038,172.31.46.0-255,66,251875,53,362511
10872,0.002046,74.125.68.0-255,4320,256195,53,362511
10873,0.00205,172.31.46.0-255,66,256261,53,362511
10874,0.002061,74.125.68.0-255,4320,260581,53,362511
10875,0.002073,74.125.68.0-255,2902,263483,53,362511
10876,0.002079,172.31.46.0-255,66,263549,53,362511
10877,0.002086,74.125.68.0-255,1484,265033,53,362511
10878,0.002108,74.125.68.0-255,1484,266517,53,362511
10879,0.00212,172.31.46.0-255,66,266583,53,362511
10880,0.002128,74.125.68.0-255,2184,268767,53,362511
10881,0.002137,172.31.46.0-255,66,268833,53,362511
10882,0.002195,74.125.68.0-255,1484,270317,53,362511
10883,0.002214,74.125.68.0-255,2902,273219,53,362511
10884,0.002216,74.125.68.0-255,1484,274703,53,362511
10885,0.002222,172.31.46.0-255,66,274769,53,362511
10886,0.002229,74.125.68.0-255,2902,277671,53,362511
10887,0.002233,172.31.46.0-255,66,277737,53,362511
10888,0.002249,74.125.68.0-255,5738,283475,53,362511
10889,0.002255,172.31.46.0-255,66,283541,53,362511
10890,0.002271,74.125.68.0-255,2902,286443,53,362511
10891,0.002275,172.31.46.0-255,66,286509,53,362511
10892,0.002289,74.125.68.0-255,5738,292247,53,362511
10893,0.002299,172.31.46.0-255,66,292313,53,362511
10894,0.004555,74.125.68.0-255,5738,298051,53,362511
10895,0.008545,172.31.46.0-255,66,298117,53,362511
10896,0.01081,74.125.68.0-255,5738,303855,53,362511
10897,0.010817,172.31.46.0-255,66,303921,53,362511
10898,0.01308,74.125.68.0-255,2902,306823,53,362511
10899,0.013098,74.125.68.0-255,2902,309725,53,362511
10900,0.013516,172.31.46.0-255,66,309791,53,362511
10901,0.01579,74.125.68.0-255,5738,315529,53,362511
10902,0.015799,172.31.46.0-255,66,315595,53,362511
10903,0.018062,74.125.68.0-255,5738,321333,53,362511
10904,0.019071,172.31.46.0-255,66,321399,53,362511
10905,0.021341,74.125.68.0-255,5738,327137,53,362511
10906,0.021349,172.31.46.0-255,66,327203,53,362511
10907,0.023624,74.125.68.0-255,5738,332941,53,362511
10908,0.023631,172.31.46.0-255,66,333007,53,362511
10909,0.025917,74.125.68.0-255,5738,338745,53,362511
10910,0.025923,172.31.46.0-255,66,338811,53,362511
10911,0.028178,74.125.68.0-255,5738,344549,53,362511
10912,0.028183,172.31.46.0-255,66,344615,53,362511
10913,0.029488,172.31.46.0-255,172,344787,53,362511
10914,0.029518,172.31.46.0-255,1112,345899,53,362511
10915,0.02957,172.31.46.0-255,1514,347413,53,362511
10916,0.029571,172.31.46.0-255,1514,348927,53,362511
10917,0.029592,172.31.46.0-255,702,349629,53,362511
10918,0.030457,74.125.68.0-255,5738,355367,53,362511
10919,0.030463,172.31.46.0-255,66,355433,53,362511
10920,0.030986,104.244.42.0-255,66,355499,53,362511
10921,0.031034,104.244.42.0-255,66,355565,53,362511
10922,0.031089,104.244.42.0-255,66,355631,53,362511
10923,0.0311,104.244.42.0-255,66,355697,53,362511
10924,0.032736,74.125.68.0-255,5738,361435,53,362511
10925,0.032743,172.31.46.0-255,66,361501,53,362511
10926,0.035004,74.125.68.0-255,773,362274,53,362511
10927,0.035134,172.31.46.0-255,66,362340,53,362511
10928,0.035168,172.31.46.0-255,105,362445,53,362511
10929,0.037391,74.125.68.0-255,66,362511,53,362511
10930,0.0,74.125.24.0-255,152,152,53,182837
10931,2.5e-05,172.31.46.0-255,66,218,53,182837
10932,3.3e-05,74.125.24.0-255,1484,1702,53,182837
10933,3.8e-05,172.31.46.0-255,66,1768,53,182837
10934,5.6e-05,74.125.24.0-255,2902,4670,53,182837
10935,6.1e-05,172.31.46.0-255,66,4736,53,182837
10936,6.9e-05,74.125.24.0-255,7156,11892,53,182837
10937,7.4e-05,172.31.46.0-255,66,11958,53,182837
10938,7.8e-05,74.125.24.0-255,2093,14051,53,182837
10939,8.1e-05,172.31.46.0-255,66,14117,53,182837
10940,0.000106,74.125.24.0-255,1484,15601,53,182837
10941,0.000109,172.31.46.0-255,66,15667,53,182837
10942,0.000115,74.125.24.0-255,2902,18569,53,182837
10943,0.000118,172.31.46.0-255,66,18635,53,182837
10944,0.000142,74.125.24.0-255,5738,24373,53,182837
10945,0.000145,172.31.46.0-255,66,24439,53,182837
10946,0.000153,74.125.24.0-255,6797,31236,53,182837
10947,0.000155,172.31.46.0-255,66,31302,53,182837
10948,0.000229,74.125.24.0-255,1484,32786,53,182837
10949,0.000232,172.31.46.0-255,66,32852,53,182837
10950,0.000237,74.125.24.0-255,2902,35754,53,182837
10951,0.000239,172.31.46.0-255,66,35820,53,182837
10952,0.000269,74.125.24.0-255,5738,41558,53,182837
10953,0.000272,172.31.46.0-255,66,41624,53,182837
10954,0.000287,74.125.24.0-255,5738,47362,53,182837
10955,0.00029,172.31.46.0-255,66,47428,53,182837
10956,0.000326,172.31.46.0-255,66,47494,53,182837
10957,0.000336,172.31.46.0-255,66,47560,53,182837
10958,0.000352,74.125.24.0-255,1399,48959,53,182837
10959,0.000354,172.31.46.0-255,66,49025,53,182837
10960,0.000447,74.125.24.0-255,381,49406,53,182837
10961,0.000553,74.125.24.0-255,1484,50890,53,182837
10962,0.000558,172.31.46.0-255,66,50956,53,182837
10963,0.000563,74.125.24.0-255,2902,53858,53,182837
10964,0.000566,172.31.46.0-255,66,53924,53,182837
10965,0.000571,74.125.24.0-255,4320,58244,53,182837
10966,0.000573,172.31.46.0-255,66,58310,53,182837
10967,0.000599,74.125.24.0-255,1484,59794,53,182837
10968,0.000606,74.125.24.0-255,6797,66591,53,182837
10969,0.000609,172.31.46.0-255,66,66657,53,182837
10970,0.000635,74.125.24.0-255,4320,70977,53,182837
10971,0.000638,172.31.46.0-255,66,71043,53,182837
10972,0.00067,172.31.46.0-255,66,71109,53,182837
10973,0.000674,74.125.24.0-255,2543,73652,53,182837
10974,0.000676,172.31.46.0-255,66,73718,53,182837
10975,0.000814,74.125.24.0-255,1484,75202,53,182837
10976,0.000819,74.125.24.0-255,1484,76686,53,182837
10977,0.000822,172.31.46.0-255,66,76752,53,182837
10978,0.000834,74.125.24.0-255,1484,78236,53,182837
10979,0.000841,74.125.24.0-255,5738,83974,53,182837
10980,0.000843,172.31.46.0-255,66,84040,53,182837
10981,0.0009,172.31.46.0-255,66,84106,53,182837
10982,0.000933,172.31.46.0-255,66,84172,53,182837
10983,0.000977,172.31.46.0-255,66,84238,53,182837
10984,0.000984,74.125.24.0-255,7156,91394,53,182837
10985,0.000988,172.31.46.0-255,66,91460,53,182837
10986,0.001011,172.31.46.0-255,66,91526,53,182837
10987,0.001024,172.31.46.0-255,66,91592,53,182837
10988,0.001071,74.125.24.0-255,5738,97330,53,182837
10989,0.001074,172.31.46.0-255,66,97396,53,182837
10990,0.001113,172.31.46.0-255,66,97462,53,182837
10991,0.001115,74.125.24.0-255,1484,98946,53,182837
10992,0.00112,74.125.24.0-255,2902,101848,53,182837
10993,0.001123,172.31.46.0-255,66,101914,53,182837
10994,0.00115,74.125.24.0-255,5738,107652,53,182837
10995,0.001153,172.31.46.0-255,66,107718,53,182837
10996,0.001177,74.125.24.0-255,5738,113456,53,182837
10997,0.00118,172.31.46.0-255,66,113522,53,182837
10998,0.001212,172.31.46.0-255,66,113588,53,182837
10999,0.001216,74.125.24.0-255,2902,116490,53,182837
11000,0.001218,172.31.46.0-255,66,116556,53,182837
11001,0.001231,74.125.24.0-255,2184,118740,53,182837
11002,0.001233,172.31.46.0-255,66,118806,53,182837
11003,0.001312,74.125.24.0-255,1484,120290,53,182837
11004,0.001317,74.125.24.0-255,2902,123192,53,182837
11005,0.00132,172.31.46.0-255,66,123258,53,182837
11006,0.001341,74.125.24.0-255,5738,128996,53,182837
11007,0.001344,172.31.46.0-255,66,129062,53,182837
11008,0.001377,172.31.46.0-255,66,129128,53,182837
11009,0.001384,74.125.24.0-255,7156,136284,53,182837
11010,0.001386,172.31.46.0-255,66,136350,53,182837
11011,0.001408,74.125.24.0-255,1484,137834,53,182837
11012,0.001413,74.125.24.0-255,2184,140018,53,182837
11013,0.001416,172.31.46.0-255,66,140084,53,182837
11014,0.001473,74.125.24.0-255,1484,141568,53,182837
11015,0.001478,74.125.24.0-255,2902,144470,53,182837
11016,0.001481,172.31.46.0-255,66,144536,53,182837
11017,0.001502,74.125.24.0-255,5738,150274,53,182837
11018,0.001505,172.31.46.0-255,66,150340,53,182837
11019,0.001527,74.125.24.0-255,7156,157496,53,182837
11020,0.001529,172.31.46.0-255,66,157562,53,182837
11021,0.001556,74.125.24.0-255,5738,163300,53,182837
11022,0.001559,172.31.46.0-255,66,163366,53,182837
11023,0.001625,172.31.46.0-255,66,163432,53,182837
11024,0.001637,172.31.46.0-255,66,163498,53,182837
11025,0.001644,74.125.24.0-255,7156,170654,53,182837
11026,0.001647,172.31.46.0-255,66,170720,53,182837
11027,0.001682,172.31.46.0-255,66,170786,53,182837
11028,0.001698,172.31.46.0-255,66,170852,53,182837
11029,0.001713,172.31.46.0-255,66,170918,53,182837
11030,0.001753,74.125.24.0-255,7156,178074,53,182837
11031,0.001755,172.31.46.0-255,66,178140,53,182837
11032,0.001791,172.31.46.0-255,66,178206,53,182837
11033,0.001794,74.125.24.0-255,105,178311,53,182837
11034,0.01349,172.31.46.0-255,66,178377,53,182837
11035,0.013532,172.31.46.0-255,105,178482,53,182837
11036,0.015814,74.125.24.0-255,66,178548,53,182837
11037,0.033476,172.31.46.0-255,172,178720,53,182837
11038,0.033505,172.31.46.0-255,1112,179832,53,182837
11039,0.033557,172.31.46.0-255,1514,181346,53,182837
11040,0.033558,172.31.46.0-255,1293,182639,53,182837
11041,0.03495,104.244.42.0-255,66,182705,53,182837
11042,0.034975,104.244.42.0-255,66,182771,53,182837
11043,0.035044,104.244.42.0-255,66,182837,53,182837
11044,0.0,74.125.24.0-255,154,154,53,172864
11045,1.7e-05,172.31.46.0-255,66,220,53,172864
11046,2.4e-05,74.125.24.0-255,1484,1704,53,172864
11047,2.8e-05,172.31.46.0-255,66,1770,53,172864
11048,3.3e-05,74.125.24.0-255,2902,4672,53,172864
11049,4.3e-05,172.31.46.0-255,66,4738,53,172864
11050,5.1e-05,74.125.24.0-255,7156,11894,53,172864
11051,5.3e-05,172.31.46.0-255,66,11960,53,172864
11052,8.4e-05,74.125.24.0-255,2042,14002,53,172864
11053,8.7e-05,172.31.46.0-255,66,14068,53,172864
11054,0.00015,74.125.24.0-255,1484,15552,53,172864
11055,0.000153,172.31.46.0-255,66,15618,53,172864
11056,0.000157,74.125.24.0-255,2902,18520,53,172864
11057,0.00016,172.31.46.0-255,66,18586,53,172864
11058,0.000162,74.125.24.0-255,1484,20070,53,172864
11059,0.000164,172.31.46.0-255,66,20136,53,172864
11060,0.000198,74.125.24.0-255,4320,24456,53,172864
11061,0.000201,172.31.46.0-255,66,24522,53,172864
11062,0.000232,74.125.24.0-255,6797,31319,53,172864
11063,0.000234,172.31.46.0-255,66,31385,53,172864
11064,0.000284,74.125.24.0-255,7156,38541,53,172864
11065,0.000287,172.31.46.0-255,66,38607,53,172864
11066,0.00029,74.125.24.0-255,1484,40091,53,172864
11067,0.000292,172.31.46.0-255,66,40157,53,172864
11068,0.000324,74.125.24.0-255,7156,47313,53,172864
11069,0.000326,172.31.46.0-255,66,47379,53,172864
11070,0.000377,172.31.46.0-255,66,47445,53,172864
11071,0.000413,74.125.24.0-255,397,47842,53,172864
11072,0.000416,172.31.46.0-255,66,47908,53,172864
11073,0.00049,74.125.24.0-255,347,48255,53,172864
11074,0.000495,172.31.46.0-255,66,48321,53,172864
11075,0.000659,74.125.24.0-255,1484,49805,53,172864
11076,0.000667,74.125.24.0-255,2902,52707,53,172864
11077,0.000671,172.31.46.0-255,66,52773,53,172864
11078,0.000679,74.125.24.0-255,5738,58511,53,172864
11079,0.000682,172.31.46.0-255,66,58577,53,172864
11080,0.000715,172.31.46.0-255,66,58643,53,172864
11081,0.000749,74.125.24.0-255,4320,62963,53,172864
11082,0.000751,172.31.46.0-255,66,63029,53,172864
11083,0.000776,172.31.46.0-255,66,63095,53,172864
11084,0.001034,74.125.24.0-255,1484,64579,53,172864
11085,0.001041,74.125.24.0-255,2902,67481,53,172864
11086,0.001045,172.31.46.0-255,66,67547,53,172864
11087,0.001052,74.125.24.0-255,4320,71867,53,172864
11088,0.001055,172.31.46.0-255,66,71933,53,172864
11089,0.001085,74.125.24.0-255,1484,73417,53,172864
11090,0.001131,172.31.46.0-255,66,73483,53,172864
11091,0.001137,74.125.24.0-255,2902,76385,53,172864
11092,0.001139,172.31.46.0-255,66,76451,53,172864
11093,0.001154,172.31.46.0-255,66,76517,53,172864
11094,0.001159,74.125.24.0-255,2184,78701,53,172864
11095,0.001161,172.31.46.0-255,66,78767,53,172864
11096,0.001262,74.125.24.0-255,1484,80251,53,172864
11097,0.001266,74.125.24.0-255,1484,81735,53,172864
11098,0.00127,172.31.46.0-255,66,81801,53,172864
11099,0.001301,74.125.24.0-255,1484,83285,53,172864
11100,0.001308,74.125.24.0-255,5738,89023,53,172864
11101,0.001311,172.31.46.0-255,66,89089,53,172864
11102,0.001322,172.31.46.0-255,66,89155,53,172864
11103,0.001351,74.125.24.0-255,4320,93475,53,172864
11104,0.001354,172.31.46.0-255,66,93541,53,172864
11105,0.001364,172.31.46.0-255,66,93607,53,172864
11106,0.001387,74.125.24.0-255,2184,95791,53,172864
11107,0.001389,172.31.46.0-255,66,95857,53,172864
11108,0.00142,74.125.24.0-255,2902,98759,53,172864
11109,0.001423,172.31.46.0-255,66,98825,53,172864
11110,0.001428,74.125.24.0-255,2902,101727,53,172864
11111,0.00143,172.31.46.0-255,66,101793,53,172864
11112,0.001464,74.125.24.0-255,7156,108949,53,172864
11113,0.001467,172.31.46.0-255,66,109015,53,172864
11114,0.001474,74.125.24.0-255,5738,114753,53,172864
11115,0.001476,172.31.46.0-255,66,114819,53,172864
11116,0.001516,172.31.46.0-255,66,114885,53,172864
11117,0.001522,74.125.24.0-255,5020,119905,53,172864
11118,0.001524,172.31.46.0-255,66,119971,53,172864
11119,0.001579,74.125.24.0-255,1484,121455,53,172864
11120,0.001593,74.125.24.0-255,2902,124357,53,172864
11121,0.001595,172.31.46.0-255,66,124423,53,172864
11122,0.001602,74.125.24.0-255,5738,130161,53,172864
11123,0.001604,172.31.46.0-255,66,130227,53,172864
11124,0.001646,172.31.46.0-255,66,130293,53,172864
11125,0.001657,172.31.46.0-255,66,130359,53,172864
11126,0.001689,74.125.24.0-255,2184,132543,53,172864
11127,0.001692,172.31.46.0-255,66,132609,53,172864
11128,0.001746,74.125.24.0-255,2902,135511,53,172864
11129,0.00175,172.31.46.0-255,66,135577,53,172864
11130,0.001753,74.125.24.0-255,1484,137061,53,172864
11131,0.001778,74.125.24.0-255,5738,142799,53,172864
11132,0.001783,74.125.24.0-255,4320,147119,53,172864
11133,0.001787,172.31.46.0-255,66,147185,53,172864
11134,0.00179,172.31.46.0-255,66,147251,53,172864
11135,0.001836,172.31.46.0-255,66,147317,53,172864
11136,0.001843,74.125.24.0-255,5738,153055,53,172864
11137,0.001845,172.31.46.0-255,66,153121,53,172864
11138,0.001861,172.31.46.0-255,66,153187,53,172864
11139,0.001909,172.31.46.0-255,66,153253,53,172864
11140,0.001921,172.31.46.0-255,66,153319,53,172864
11141,0.001997,172.31.46.0-255,66,153385,53,172864
11142,0.002044,74.125.24.0-255,1484,154869,53,172864
11143,0.00207,74.125.24.0-255,1484,156353,53,172864
11144,0.002076,74.125.24.0-255,5738,162091,53,172864
11145,0.0021,74.125.24.0-255,5081,167172,53,172864
11146,0.002107,172.31.46.0-255,66,167238,53,172864
11147,0.004113,74.125.24.0-255,105,167343,53,172864
11148,0.010497,172.31.46.0-255,66,167409,53,172864
11149,0.010537,172.31.46.0-255,105,167514,53,172864
11150,0.012546,74.125.24.0-255,66,167580,53,172864
11151,0.03249,172.31.46.0-255,176,167756,53,172864
11152,0.032525,172.31.46.0-255,1112,168868,53,172864
11153,0.032593,172.31.46.0-255,1514,170382,53,172864
11154,0.032595,172.31.46.0-255,1514,171896,53,172864
11155,0.032596,172.31.46.0-255,704,172600,53,172864
11156,0.03401,104.244.42.0-255,66,172666,53,172864
11157,0.034043,104.244.42.0-255,66,172732,53,172864
11158,0.034096,104.244.42.0-255,66,172798,53,172864
11159,0.034109,104.244.42.0-255,66,172864,53,172864
11160,0.0,74.125.24.0-255,153,153,53,259486
11161,1.8e-05,172.31.46.0-255,66,219,53,259486
11162,2.5e-05,74.125.24.0-255,1484,1703,53,259486
11163,2.9e-05,172.31.46.0-255,66,1769,53,259486
11164,3.1e-05,74.125.24.0-255,1484,3253,53,259486
11165,3.4e-05,172.31.46.0-255,66,3319,53,259486
11166,4.1e-05,74.125.24.0-255,4320,7639,53,259486
11167,4.4e-05,172.31.46.0-255,66,7705,53,259486
11168,8e-05,172.31.46.0-255,66,7771,53,259486
11169,8.6e-05,74.125.24.0-255,5738,13509,53,259486
11170,8.8e-05,172.31.46.0-255,66,13575,53,259486
11171,0.000131,74.125.24.0-255,2902,16477,53,259486
11172,0.000133,172.31.46.0-255,66,16543,53,259486
11173,0.000149,74.125.24.0-255,3961,20504,53,259486
11174,0.000151,172.31.46.0-255,66,20570,53,259486
11175,0.000175,74.125.24.0-255,2902,23472,53,259486
11176,0.000177,172.31.46.0-255,66,23538,53,259486
11177,0.000195,74.125.24.0-255,4320,27858,53,259486
11178,0.000197,172.31.46.0-255,66,27924,53,259486
11179,0.000203,74.125.24.0-255,5738,33662,53,259486
11180,0.000205,172.31.46.0-255,66,33728,53,259486
11181,0.000227,74.125.24.0-255,2902,36630,53,259486
11182,0.000229,172.31.46.0-255,66,36696,53,259486
11183,0.000232,74.125.24.0-255,1125,37821,53,259486
11184,0.000235,172.31.46.0-255,66,37887,53,259486
11185,0.000629,74.125.24.0-255,1484,39371,53,259486
11186,0.000634,172.31.46.0-255,66,39437,53,259486
11187,0.00064,74.125.24.0-255,2902,42339,53,259486
11188,0.000642,172.31.46.0-255,66,42405,53,259486
11189,0.000646,74.125.24.0-255,1484,43889,53,259486
11190,0.000649,172.31.46.0-255,66,43955,53,259486
11191,0.000671,74.125.24.0-255,4320,48275,53,259486
11192,0.000674,172.31.46.0-255,66,48341,53,259486
11193,0.000705,74.125.24.0-255,6797,55138,53,259486
11194,0.000708,172.31.46.0-255,66,55204,53,259486
11195,0.000714,74.125.24.0-255,4320,59524,53,259486
11196,0.000716,172.31.46.0-255,66,59590,53,259486
11197,0.000729,74.125.24.0-255,2902,62492,53,259486
11198,0.000732,172.31.46.0-255,66,62558,53,259486
11199,0.000739,74.125.24.0-255,7156,69714,53,259486
11200,0.000742,172.31.46.0-255,66,69780,53,259486
11201,0.000783,74.125.24.0-255,3123,72903,53,259486
11202,0.000786,172.31.46.0-255,66,72969,53,259486
11203,0.000825,74.125.24.0-255,4320,77289,53,259486
11204,0.000828,172.31.46.0-255,66,77355,53,259486
11205,0.000833,74.125.24.0-255,2902,80257,53,259486
11206,0.000836,172.31.46.0-255,66,80323,53,259486
11207,0.000848,74.125.24.0-255,2902,83225,53,259486
11208,0.00085,172.31.46.0-255,66,83291,53,259486
11209,0.000868,74.125.24.0-255,5738,89029,53,259486
11210,0.000871,172.31.46.0-255,66,89095,53,259486
11211,0.000887,74.125.24.0-255,4320,93415,53,259486
11212,0.00089,172.31.46.0-255,66,93481,53,259486
11213,0.000905,74.125.24.0-255,4320,97801,53,259486
11214,0.000907,172.31.46.0-255,66,97867,53,259486
11215,0.000939,172.31.46.0-255,66,97933,53,259486
11216,0.001038,74.125.24.0-255,1484,99417,53,259486
11217,0.001054,74.125.24.0-255,2902,102319,53,259486
11218,0.001057,172.31.46.0-255,66,102385,53,259486
11219,0.001084,74.125.24.0-255,5738,108123,53,259486
11220,0.001086,172.31.46.0-255,66,108189,53,259486
11221,0.001092,74.125.24.0-255,4320,112509,53,259486
11222,0.001094,172.31.46.0-255,66,112575,53,259486
11223,0.001122,172.31.46.0-255,66,112641,53,259486
11224,0.00114,74.125.24.0-255,2902,115543,53,259486
11225,0.001142,172.31.46.0-255,66,115609,53,259486
11226,0.001154,172.31.46.0-255,66,115675,53,259486
11227,0.001236,74.125.24.0-255,198,115873,53,259486
11228,0.0013,74.125.24.0-255,1484,117357,53,259486
11229,0.001303,172.31.46.0-255,66,117423,53,259486
11230,0.00131,74.125.24.0-255,2902,120325,53,259486
11231,0.001313,172.31.46.0-255,66,120391,53,259486
11232,0.001337,74.125.24.0-255,4320,124711,53,259486
11233,0.00134,172.31.46.0-255,66,124777,53,259486
11234,0.001358,74.125.24.0-255,1484,126261,53,259486
11235,0.001361,74.125.24.0-255,1484,127745,53,259486
11236,0.001363,172.31.46.0-255,66,127811,53,259486
11237,0.001381,74.125.24.0-255,7156,134967,53,259486
11238,0.001383,172.31.46.0-255,66,135033,53,259486
11239,0.001398,74.125.24.0-255,1484,136517,53,259486
11240,0.001405,74.125.24.0-255,5738,142255,53,259486
11241,0.001408,172.31.46.0-255,66,142321,53,259486
11242,0.001484,74.125.24.0-255,4320,146641,53,259486
11243,0.001488,172.31.46.0-255,66,146707,53,259486
11244,0.0015,74.125.24.0-255,3602,150309,53,259486
11245,0.001503,172.31.46.0-255,66,150375,53,259486
11246,0.001654,74.125.24.0-255,1484,151859,53,259486
11247,0.00166,74.125.24.0-255,2902,154761,53,259486
11248,0.001663,172.31.46.0-255,66,154827,53,259486
11249,0.001684,74.125.24.0-255,5738,160565,53,259486
11250,0.001687,172.31.46.0-255,66,160631,53,259486
11251,0.001723,172.31.46.0-255,66,160697,53,259486
11252,0.001782,172.31.46.0-255,66,160763,53,259486
11253,0.001926,74.125.24.0-255,1484,162247,53,259486
11254,0.001949,74.125.24.0-255,2902,165149,53,259486
11255,0.001952,172.31.46.0-255,66,165215,53,259486
11256,0.001956,74.125.24.0-255,2902,168117,53,259486
11257,0.001958,172.31.46.0-255,66,168183,53,259486
11258,0.001971,74.125.24.0-255,4320,172503,53,259486
11259,0.001974,172.31.46.0-255,66,172569,53,259486
11260,0.001995,74.125.24.0-255,2902,175471,53,259486
11261,0.001997,172.31.46.0-255,66,175537,53,259486
11262,0.002013,74.125.24.0-255,1484,177021,53,259486
11263,0.002032,172.31.46.0-255,66,177087,53,259486
11264,0.002052,74.125.24.0-255,4320,181407,53,259486
11265,0.002054,172.31.46.0-255,66,181473,53,259486
11266,0.002062,74.125.24.0-255,2902,184375,53,259486
11267,0.002064,172.31.46.0-255,66,184441,53,259486
11268,0.002083,172.31.46.0-255,66,184507,53,259486
11269,0.002095,172.31.46.0-255,66,184573,53,259486
11270,0.002125,172.31.46.0-255,66,184639,53,259486
11271,0.0022,74.125.24.0-255,1484,186123,53,259486
11272,0.002219,74.125.24.0-255,2902,189025,53,259486
11273,0.002222,172.31.46.0-255,66,189091,53,259486
11274,0.002229,74.125.24.0-255,5738,194829,53,259486
11275,0.002231,172.31.46.0-255,66,194895,53,259486
11276,0.00227,172.31.46.0-255,66,194961,53,259486
11277,0.00229,74.125.24.0-255,1484,196445,53,259486
11278,0.002297,74.125.24.0-255,7156,203601,53,259486
11279,0.0023,172.31.46.0-255,66,203667,53,259486
11280,0.002333,172.31.46.0-255,66,203733,53,259486
11281,0.002338,74.125.24.0-255,2902,206635,53,259486
11282,0.00234,172.31.46.0-255,66,206701,53,259486
11283,0.002365,172.31.46.0-255,66,206767,53,259486
11284,0.00237,74.125.24.0-255,5738,212505,53,259486
11285,0.002373,172.31.46.0-255,66,212571,53,259486
11286,0.002396,74.125.24.0-255,3602,216173,53,259486
11287,0.002398,172.31.46.0-255,66,216239,53,259486
11288,0.004703,74.125.24.0-255,1484,217723,53,259486
11289,0.004749,74.125.24.0-255,2902,220625,53,259486
11290,0.004754,172.31.46.0-255,66,220691,53,259486
11291,0.004771,74.125.24.0-255,1484,222175,53,259486
11292,0.007117,74.125.24.0-255,4320,226495,53,259486
11293,0.007121,172.31.46.0-255,66,226561,53,259486
11294,0.009471,74.125.24.0-255,5738,232299,53,259486
11295,0.009477,172.31.46.0-255,66,232365,53,259486
11296,0.011855,74.125.24.0-255,5738,238103,53,259486
11297,0.011863,172.31.46.0-255,66,238169,53,259486
11298,0.014208,74.125.24.0-255,5738,243907,53,259486
11299,0.014215,172.31.46.0-255,66,243973,53,259486
11300,0.016579,74.125.24.0-255,5738,249711,53,259486
11301,0.016585,172.31.46.0-255,66,249777,53,259486
11302,0.018955,74.125.24.0-255,5183,254960,53,259486
11303,0.018961,172.31.46.0-255,66,255026,53,259486
11304,0.019162,172.31.46.0-255,105,255131,53,259486
11305,0.021483,74.125.24.0-255,66,255197,53,259486
11306,0.037797,172.31.46.0-255,172,255369,53,259486
11307,0.037831,172.31.46.0-255,1112,256481,53,259486
11308,0.037894,172.31.46.0-255,1514,257995,53,259486
11309,0.037896,172.31.46.0-255,1293,259288,53,259486
11310,0.039292,104.244.42.0-255,66,259354,53,259486
11311,0.039324,104.244.42.0-255,66,259420,53,259486
11312,0.039386,104.244.42.0-255,66,259486,53,259486
11313,0.0,74.125.200.0-255,302,302,53,363456
11314,2.3e-05,172.31.46.0-255,66,368,53,363456
11315,2.9e-05,74.125.200.0-255,1484,1852,53,363456
11316,3.4e-05,172.31.46.0-255,66,1918,53,363456
11317,4.1e-05,74.125.200.0-255,4320,6238,53,363456
11318,4.4e-05,172.31.46.0-255,66,6304,53,363456
11319,5.5e-05,172.31.46.0-255,66,6370,53,363456
11320,0.000101,74.125.200.0-255,1484,7854,53,363456
11321,0.000104,172.31.46.0-255,66,7920,53,363456
11322,0.00012,74.125.200.0-255,2902,10822,53,363456
11323,0.000122,172.31.46.0-255,66,10888,53,363456
11324,0.000139,74.125.200.0-255,5738,16626,53,363456
11325,0.000141,172.31.46.0-255,66,16692,53,363456
11326,0.000166,74.125.200.0-255,6797,23489,53,363456
11327,0.000169,172.31.46.0-255,66,23555,53,363456
11328,0.000191,74.125.200.0-255,5738,29293,53,363456
11329,0.000194,172.31.46.0-255,66,29359,53,363456
11330,0.000205,74.125.200.0-255,1484,30843,53,363456
11331,0.000207,172.31.46.0-255,66,30909,53,363456
11332,0.000222,74.125.200.0-255,1484,32393,53,363456
11333,0.000225,172.31.46.0-255,66,32459,53,363456
11334,0.00025,74.125.200.0-255,7156,39615,53,363456
11335,0.000253,172.31.46.0-255,66,39681,53,363456
11336,0.000256,74.125.200.0-255,1125,40806,53,363456
11337,0.000258,172.31.46.0-255,66,40872,53,363456
11338,0.001388,74.125.200.0-255,1484,42356,53,363456
11339,0.001409,172.31.46.0-255,66,42422,53,363456
11340,0.001416,74.125.200.0-255,2902,45324,53,363456
11341,0.001418,172.31.46.0-255,66,45390,53,363456
11342,0.001424,74.125.200.0-255,5738,51128,53,363456
11343,0.001426,172.31.46.0-255,66,51194,53,363456
11344,0.001429,74.125.200.0-255,1484,52678,53,363456
11345,0.001451,74.125.200.0-255,4320,56998,53,363456
11346,0.001453,172.31.46.0-255,66,57064,53,363456
11347,0.001468,74.125.200.0-255,4320,61384,53,363456
11348,0.00147,172.31.46.0-255,66,61450,53,363456
11349,0.001481,74.125.200.0-255,2543,63993,53,363456
11350,0.001483,172.31.46.0-255,66,64059,53,363456
11351,0.001486,74.125.200.0-255,1484,65543,53,363456
11352,0.001509,74.125.200.0-255,2902,68445,53,363456
11353,0.00151,172.31.46.0-255,66,68511,53,363456
11354,0.001516,74.125.200.0-255,5738,74249,53,363456
11355,0.001518,172.31.46.0-255,66,74315,53,363456
11356,0.001545,172.31.46.0-255,66,74381,53,363456
11357,0.00155,74.125.200.0-255,4320,78701,53,363456
11358,0.001552,172.31.46.0-255,66,78767,53,363456
11359,0.00159,74.125.200.0-255,2764,81531,53,363456
11360,0.001592,172.31.46.0-255,66,81597,53,363456
11361,0.003616,74.125.200.0-255,2902,84499,53,363456
11362,0.003626,172.31.46.0-255,66,84565,53,363456
11363,0.003647,74.125.200.0-255,2902,87467,53,363456
11364,0.003649,172.31.46.0-255,66,87533,53,363456
11365,0.005674,74.125.200.0-255,2902,90435,53,363456
11366,0.00568,172.31.46.0-255,66,90501,53,363456
11367,0.005701,74.125.200.0-255,2902,93403,53,363456
11368,0.005703,172.31.46.0-255,66,93469,53,363456
11369,0.007718,74.125.200.0-255,1484,94953,53,363456
11370,0.007739,74.125.200.0-255,4320,99273,53,363456
11371,0.007742,172.31.46.0-255,66,99339,53,363456
11372,0.009794,74.125.200.0-255,5738,105077,53,363456
11373,0.0098,172.31.46.0-255,66,105143,53,363456
11374,0.011851,74.125.200.0-255,5738,110881,53,363456
11375,0.011858,172.31.46.0-255,66,110947,53,363456
11376,0.013904,74.125.200.0-255,5738,116685,53,363456
11377,0.013913,172.31.46.0-255,66,116751,53,363456
11378,0.015951,74.125.200.0-255,5738,122489,53,363456
11379,0.015961,172.31.46.0-255,66,122555,53,363456
11380,0.018041,74.125.200.0-255,5738,128293,53,363456
11381,0.018048,172.31.46.0-255,66,128359,53,363456
11382,0.020089,74.125.200.0-255,5738,134097,53,363456
11383,0.020096,172.31.46.0-255,66,134163,53,363456
11384,0.022149,74.125.200.0-255,5738,139901,53,363456
11385,0.022156,172.31.46.0-255,66,139967,53,363456
11386,0.024219,74.125.200.0-255,5738,145705,53,363456
11387,0.024225,172.31.46.0-255,66,145771,53,363456
11388,0.02628,74.125.200.0-255,5738,151509,53,363456
11389,0.026286,172.31.46.0-255,66,151575,53,363456
11390,0.028338,74.125.200.0-255,5738,157313,53,363456
11391,0.028345,172.31.46.0-255,66,157379,53,363456
11392,0.030396,74.125.200.0-255,5738,163117,53,363456
11393,0.030402,172.31.46.0-255,66,163183,53,363456
11394,0.030845,172.31.46.0-255,176,163359,53,363456
11395,0.030875,172.31.46.0-255,1112,164471,53,363456
11396,0.030936,172.31.46.0-255,1514,165985,53,363456
11397,0.030938,172.31.46.0-255,1514,167499,53,363456
11398,0.030943,172.31.46.0-255,1514,169013,53,363456
11399,0.030944,172.31.46.0-255,1514,170527,53,363456
11400,0.030985,172.31.46.0-255,1514,172041,53,363456
11401,0.030986,172.31.46.0-255,905,172946,53,363456
11402,0.032381,104.244.42.0-255,66,173012,53,363456
11403,0.032456,74.125.200.0-255,5738,178750,53,363456
11404,0.03246,172.31.46.0-255,66,178816,53,363456
11405,0.032488,104.244.42.0-255,66,178882,53,363456
11406,0.032491,104.244.42.0-255,66,178948,53,363456
11407,0.032586,104.244.42.0-255,66,179014,53,363456
11408,0.032591,104.244.42.0-255,66,179080,53,363456
11409,0.034526,74.125.200.0-255,5738,184818,53,363456
11410,0.034533,172.31.46.0-255,66,184884,53,363456
11411,0.036589,74.125.200.0-255,5738,190622,53,363456
11412,0.036595,172.31.46.0-255,66,190688,53,363456
11413,0.038677,74.125.200.0-255,5738,196426,53,363456
11414,0.038683,172.31.46.0-255,66,196492,53,363456
11415,0.04073,74.125.200.0-255,5738,202230,53,363456
11416,0.040736,172.31.46.0-255,66,202296,53,363456
11417,0.042792,74.125.200.0-255,5738,208034,53,363456
11418,0.042799,172.31.46.0-255,66,208100,53,363456
11419,0.044861,74.125.200.0-255,5738,213838,53,363456
11420,0.044868,172.31.46.0-255,66,213904,53,363456
11421,0.046912,74.125.200.0-255,5738,219642,53,363456
11422,0.046921,172.31.46.0-255,66,219708,53,363456
11423,0.04897,74.125.200.0-255,5738,225446,53,363456
11424,0.048975,172.31.46.0-255,66,225512,53,363456
11425,0.051037,74.125.200.0-255,5738,231250,53,363456
11426,0.051042,172.31.46.0-255,66,231316,53,363456
11427,0.053098,74.125.200.0-255,5738,237054,53,363456
11428,0.053105,172.31.46.0-255,66,237120,53,363456
11429,0.05516,74.125.200.0-255,5738,242858,53,363456
11430,0.055166,172.31.46.0-255,66,242924,53,363456
11431,0.057234,74.125.200.0-255,5738,248662,53,363456
11432,0.057241,172.31.46.0-255,66,248728,53,363456
11433,0.059315,74.125.200.0-255,5738,254466,53,363456
11434,0.05932,172.31.46.0-255,66,254532,53,363456
11435,0.061393,74.125.200.0-255,5738,260270,53,363456
11436,0.0614,172.31.46.0-255,66,260336,53,363456
11437,0.063451,74.125.200.0-255,5738,266074,53,363456
11438,0.063459,172.31.46.0-255,66,266140,53,363456
11439,0.065526,74.125.200.0-255,5738,271878,53,363456
11440,0.065532,172.31.46.0-255,66,271944,53,363456
11441,0.067592,74.125.200.0-255,5738,277682,53,363456
11442,0.067597,172.31.46.0-255,66,277748,53,363456
11443,0.06966,74.125.200.0-255,5738,283486,53,363456
11444,0.069667,172.31.46.0-255,66,283552,53,363456
11445,0.071722,74.125.200.0-255,5738,289290,53,363456
11446,0.071727,172.31.46.0-255,66,289356,53,363456
11447,0.073782,74.125.200.0-255,5738,295094,53,363456
11448,0.073788,172.31.46.0-255,66,295160,53,363456
11449,0.075845,74.125.200.0-255,5738,300898,53,363456
11450,0.075851,172.31.46.0-255,66,300964,53,363456
11451,0.077903,74.125.200.0-255,4320,305284,53,363456
11452,0.07791,172.31.46.0-255,66,305350,53,363456
11453,0.077932,74.125.200.0-255,1484,306834,53,363456
11454,0.07996,74.125.200.0-255,4320,311154,53,363456
11455,0.079966,172.31.46.0-255,66,311220,53,363456
11456,0.082032,74.125.200.0-255,5738,316958,53,363456
11457,0.082038,172.31.46.0-255,66,317024,53,363456
11458,0.084143,74.125.200.0-255,5738,322762,53,363456
11459,0.084149,172.31.46.0-255,66,322828,53,363456
11460,0.086208,74.125.200.0-255,5738,328566,53,363456
11461,0.086215,172.31.46.0-255,66,328632,53,363456
11462,0.088275,74.125.200.0-255,5738,334370,53,363456
11463,0.088282,172.31.46.0-255,66,334436,53,363456
11464,0.090363,74.125.200.0-255,5738,340174,53,363456
11465,0.090369,172.31.46.0-255,66,340240,53,363456
11466,0.092425,74.125.200.0-255,5738,345978,53,363456
11467,0.092432,172.31.46.0-255,66,346044,53,363456
11468,0.094511,74.125.200.0-255,5738,351782,53,363456
11469,0.09452,172.31.46.0-255,66,351848,53,363456
11470,0.096572,74.125.200.0-255,5738,357586,53,363456
11471,0.09658,172.31.46.0-255,66,357652,53,363456
11472,0.098646,74.125.200.0-255,5738,363390,53,363456
11473,0.098652,172.31.46.0-255,66,363456,53,363456
11474,0.0,74.125.24.0-255,153,153,53,126810
11475,2.5e-05,172.31.46.0-255,66,219,53,126810
11476,3.2e-05,74.125.24.0-255,1484,1703,53,126810
11477,3.6e-05,172.31.46.0-255,66,1769,53,126810
11478,4.1e-05,74.125.24.0-255,2902,4671,53,126810
11479,4.5e-05,172.31.46.0-255,66,4737,53,126810
11480,5.3e-05,74.125.24.0-255,7156,11893,53,126810
11481,5.6e-05,172.31.46.0-255,66,11959,53,126810
11482,9.9e-05,74.125.24.0-255,1975,13934,53,126810
11483,0.000102,172.31.46.0-255,66,14000,53,126810
11484,0.000115,172.31.46.0-255,66,14066,53,126810
11485,0.000138,74.125.24.0-255,2902,16968,53,126810
11486,0.00014,172.31.46.0-255,66,17034,53,126810
11487,0.000193,74.125.24.0-255,5379,22413,53,126810
11488,0.000196,172.31.46.0-255,66,22479,53,126810
11489,0.000219,74.125.24.0-255,1484,23963,53,126810
11490,0.000221,172.31.46.0-255,66,24029,53,126810
11491,0.000255,74.125.24.0-255,7156,31185,53,126810
11492,0.000258,172.31.46.0-255,66,31251,53,126810
11493,0.000273,74.125.24.0-255,1484,32735,53,126810
11494,0.000275,172.31.46.0-255,66,32801,53,126810
11495,0.000327,172.31.46.0-255,66,32867,53,126810
11496,0.000355,172.31.46.0-255,66,32933,53,126810
11497,0.000459,74.125.24.0-255,5315,38248,53,126810
11498,0.000463,172.31.46.0-255,66,38314,53,126810
11499,0.000477,74.125.24.0-255,128,38442,53,126810
11500,0.00048,172.31.46.0-255,66,38508,53,126810
11501,0.000507,74.125.24.0-255,7156,45664,53,126810
11502,0.00051,172.31.46.0-255,66,45730,53,126810
11503,0.000558,74.125.24.0-255,2902,48632,53,126810
11504,0.000561,172.31.46.0-255,66,48698,53,126810
11505,0.000594,172.31.46.0-255,66,48764,53,126810
11506,0.000687,74.125.24.0-255,5738,54502,53,126810
11507,0.000691,172.31.46.0-255,66,54568,53,126810
11508,0.000713,74.125.24.0-255,5020,59588,53,126810
11509,0.000716,172.31.46.0-255,66,59654,53,126810
11510,0.00078,172.31.46.0-255,66,59720,53,126810
11511,0.000883,74.125.24.0-255,7156,66876,53,126810
11512,0.000889,172.31.46.0-255,66,66942,53,126810
11513,0.000913,172.31.46.0-255,66,67008,53,126810
11514,0.001042,74.125.24.0-255,5738,72746,53,126810
11515,0.001046,172.31.46.0-255,66,72812,53,126810
11516,0.0011,172.31.46.0-255,66,72878,53,126810
11517,0.001301,74.125.24.0-255,7156,80034,53,126810
11518,0.001306,172.31.46.0-255,66,80100,53,126810
11519,0.001349,172.31.46.0-255,66,80166,53,126810
11520,0.001571,172.31.46.0-255,66,80232,53,126810
11521,0.001612,172.31.46.0-255,66,80298,53,126810
11522,0.001625,74.125.24.0-255,3602,83900,53,126810
11523,0.001628,172.31.46.0-255,66,83966,53,126810
11524,0.001852,172.31.46.0-255,66,84032,53,126810
11525,0.001869,172.31.46.0-255,66,84098,53,126810
11526,0.001922,172.31.46.0-255,66,84164,53,126810
11527,0.001966,172.31.46.0-255,66,84230,53,126810
11528,0.002355,74.125.24.0-255,4320,88550,53,126810
11529,0.00236,172.31.46.0-255,66,88616,53,126810
11530,0.002395,172.31.46.0-255,66,88682,53,126810
11531,0.002418,74.125.24.0-255,6438,95120,53,126810
11532,0.00243,172.31.46.0-255,66,95186,53,126810
11533,0.002627,74.125.24.0-255,5738,100924,53,126810
11534,0.002633,172.31.46.0-255,66,100990,53,126810
11535,0.002666,172.31.46.0-255,66,101056,53,126810
11536,0.002702,172.31.46.0-255,66,101122,53,126810
11537,0.002714,74.125.24.0-255,3602,104724,53,126810
11538,0.002719,172.31.46.0-255,66,104790,53,126810
11539,0.002933,74.125.24.0-255,7156,111946,53,126810
11540,0.002938,172.31.46.0-255,66,112012,53,126810
11541,0.002957,74.125.24.0-255,6475,118487,53,126810
11542,0.00296,172.31.46.0-255,66,118553,53,126810
11543,0.010866,172.31.46.0-255,105,118658,53,126810
11544,0.013193,74.125.24.0-255,66,118724,53,126810
11545,0.032716,172.31.46.0-255,172,118896,53,126810
11546,0.032745,172.31.46.0-255,1111,120007,53,126810
11547,0.0328,172.31.46.0-255,1514,121521,53,126810
11548,0.032802,172.31.46.0-255,1514,123035,53,126810
11549,0.032807,172.31.46.0-255,1514,124549,53,126810
11550,0.032808,172.31.46.0-255,1514,126063,53,126810
11551,0.032837,172.31.46.0-255,483,126546,53,126810
11552,0.034313,104.244.42.0-255,66,126612,53,126810
11553,0.034323,104.244.42.0-255,66,126678,53,126810
11554,0.034399,104.244.42.0-255,66,126744,53,126810
11555,0.034404,104.244.42.0-255,66,126810,53,126810
11556,0.0,74.125.24.0-255,152,152,53,341466
11557,1.9e-05,172.31.46.0-255,66,218,53,341466
11558,2.6e-05,74.125.24.0-255,1484,1702,53,341466
11559,3.1e-05,172.31.46.0-255,66,1768,53,341466
11560,3.6e-05,74.125.24.0-255,2902,4670,53,341466
11561,4.7e-05,172.31.46.0-255,66,4736,53,341466
11562,5.4e-05,74.125.24.0-255,5738,10474,53,341466
11563,5.7e-05,172.31.46.0-255,66,10540,53,341466
11564,9e-05,74.125.24.0-255,3503,14043,53,341466
11565,9.3e-05,172.31.46.0-255,66,14109,53,341466
11566,0.000424,74.125.24.0-255,1484,15593,53,341466
11567,0.000431,172.31.46.0-255,66,15659,53,341466
11568,0.000437,74.125.24.0-255,2902,18561,53,341466
11569,0.000439,172.31.46.0-255,66,18627,53,341466
11570,0.000468,74.125.24.0-255,5738,24365,53,341466
11571,0.00047,172.31.46.0-255,66,24431,53,341466
11572,0.000475,74.125.24.0-255,2902,27333,53,341466
11573,0.000477,172.31.46.0-255,66,27399,53,341466
11574,0.000502,74.125.24.0-255,3961,31360,53,341466
11575,0.000505,172.31.46.0-255,66,31426,53,341466
11576,0.000546,74.125.24.0-255,1484,32910,53,341466
11577,0.000549,172.31.46.0-255,66,32976,53,341466
11578,0.000567,74.125.24.0-255,2902,35878,53,341466
11579,0.00057,172.31.46.0-255,66,35944,53,341466
11580,0.000575,74.125.24.0-255,2902,38846,53,341466
11581,0.000577,172.31.46.0-255,66,38912,53,341466
11582,0.0006,74.125.24.0-255,2902,41814,53,341466
11583,0.000603,172.31.46.0-255,66,41880,53,341466
11584,0.000637,74.125.24.0-255,6797,48677,53,341466
11585,0.00064,172.31.46.0-255,66,48743,53,341466
11586,0.000754,74.125.24.0-255,1484,50227,53,341466
11587,0.000758,172.31.46.0-255,66,50293,53,341466
11588,0.000764,74.125.24.0-255,2902,53195,53,341466
11589,0.000767,172.31.46.0-255,66,53261,53,341466
11590,0.000826,74.125.24.0-255,5738,58999,53,341466
11591,0.000829,172.31.46.0-255,66,59065,53,341466
11592,0.000836,74.125.24.0-255,6797,65862,53,341466
11593,0.000838,172.31.46.0-255,66,65928,53,341466
11594,0.004828,74.125.24.0-255,645,66573,53,341466
11595,0.00489,172.31.46.0-255,66,66639,53,341466
11596,0.005219,74.125.24.0-255,1484,68123,53,341466
11597,0.005227,74.125.24.0-255,2902,71025,53,341466
11598,0.005231,172.31.46.0-255,66,71091,53,341466
11599,0.006944,74.125.24.0-255,1484,72575,53,341466
11600,0.007268,74.125.24.0-255,4320,76895,53,341466
11601,0.007274,172.31.46.0-255,66,76961,53,341466
11602,0.009301,74.125.24.0-255,5738,82699,53,341466
11603,0.009312,172.31.46.0-255,66,82765,53,341466
11604,0.011344,74.125.24.0-255,5738,88503,53,341466
11605,0.011358,172.31.46.0-255,66,88569,53,341466
11606,0.013426,74.125.24.0-255,5738,94307,53,341466
11607,0.013441,172.31.46.0-255,66,94373,53,341466
11608,0.015473,74.125.24.0-255,5738,100111,53,341466
11609,0.015487,172.31.46.0-255,66,100177,53,341466
11610,0.017565,74.125.24.0-255,5738,105915,53,341466
11611,0.017578,172.31.46.0-255,66,105981,53,341466
11612,0.019615,74.125.24.0-255,5738,111719,53,341466
11613,0.019622,172.31.46.0-255,66,111785,53,341466
11614,0.021666,74.125.24.0-255,5738,117523,53,341466
11615,0.021671,172.31.46.0-255,66,117589,53,341466
11616,0.02283,172.31.46.0-255,172,117761,53,341466
11617,0.022863,172.31.46.0-255,1112,118873,53,341466
11618,0.022926,172.31.46.0-255,1514,120387,53,341466
11619,0.022928,172.31.46.0-255,329,120716,53,341466
11620,0.023736,74.125.24.0-255,5738,126454,53,341466
11621,0.023744,172.31.46.0-255,66,126520,53,341466
11622,0.024357,104.244.42.0-255,66,126586,53,341466
11623,0.024399,104.244.42.0-255,66,126652,53,341466
11624,0.024518,104.244.42.0-255,66,126718,53,341466
11625,0.02579,74.125.24.0-255,5738,132456,53,341466
11626,0.025798,172.31.46.0-255,66,132522,53,341466
11627,0.027829,74.125.24.0-255,5738,138260,53,341466
11628,0.027836,172.31.46.0-255,66,138326,53,341466
11629,0.029858,74.125.24.0-255,5738,144064,53,341466
11630,0.029865,172.31.46.0-255,66,144130,53,341466
11631,0.031895,74.125.24.0-255,5738,149868,53,341466
11632,0.031902,172.31.46.0-255,66,149934,53,341466
11633,0.033936,74.125.24.0-255,5738,155672,53,341466
11634,0.033947,172.31.46.0-255,66,155738,53,341466
11635,0.036004,74.125.24.0-255,5738,161476,53,341466
11636,0.036013,172.31.46.0-255,66,161542,53,341466
11637,0.038058,74.125.24.0-255,5738,167280,53,341466
11638,0.03807,172.31.46.0-255,66,167346,53,341466
11639,0.040112,74.125.24.0-255,5738,173084,53,341466
11640,0.040122,172.31.46.0-255,66,173150,53,341466
11641,0.04214,74.125.24.0-255,5738,178888,53,341466
11642,0.042152,172.31.46.0-255,66,178954,53,341466
11643,0.044177,74.125.24.0-255,5738,184692,53,341466
11644,0.044194,172.31.46.0-255,66,184758,53,341466
11645,0.046238,74.125.24.0-255,5738,190496,53,341466
11646,0.046248,172.31.46.0-255,66,190562,53,341466
11647,0.048302,74.125.24.0-255,5738,196300,53,341466
11648,0.048313,172.31.46.0-255,66,196366,53,341466
11649,0.050368,74.125.24.0-255,5738,202104,53,341466
11650,0.050377,172.31.46.0-255,66,202170,53,341466
11651,0.052437,74.125.24.0-255,5738,207908,53,341466
11652,0.052445,172.31.46.0-255,66,207974,53,341466
11653,0.054489,74.125.24.0-255,5738,213712,53,341466
11654,0.054497,172.31.46.0-255,66,213778,53,341466
11655,0.056547,74.125.24.0-255,5738,219516,53,341466
11656,0.056557,172.31.46.0-255,66,219582,53,341466
11657,0.058582,74.125.24.0-255,5738,225320,53,341466
11658,0.058593,172.31.46.0-255,66,225386,53,341466
11659,0.06066,74.125.24.0-255,5738,231124,53,341466
11660,0.060667,172.31.46.0-255,66,231190,53,341466
11661,0.062708,74.125.24.0-255,5738,236928,53,341466
11662,0.062715,172.31.46.0-255,66,236994,53,341466
11663,0.06479,74.125.24.0-255,5738,242732,53,341466
11664,0.064796,172.31.46.0-255,66,242798,53,341466
11665,0.066828,74.125.24.0-255,5738,248536,53,341466
11666,0.066835,172.31.46.0-255,66,248602,53,341466
11667,0.068887,74.125.24.0-255,5738,254340,53,341466
11668,0.068894,172.31.46.0-255,66,254406,53,341466
11669,0.070936,74.125.24.0-255,5738,260144,53,341466
11670,0.070943,172.31.46.0-255,66,260210,53,341466
11671,0.072967,74.125.24.0-255,5738,265948,53,341466
11672,0.072974,172.31.46.0-255,66,266014,53,341466
11673,0.074997,74.125.24.0-255,5738,271752,53,341466
11674,0.075003,172.31.46.0-255,66,271818,53,341466
11675,0.077041,74.125.24.0-255,5738,277556,53,341466
11676,0.07705,172.31.46.0-255,66,277622,53,341466
11677,0.07908,74.125.24.0-255,5738,283360,53,341466
11678,0.07909,172.31.46.0-255,66,283426,53,341466
11679,0.081128,74.125.24.0-255,5738,289164,53,341466
11680,0.081136,172.31.46.0-255,66,289230,53,341466
11681,0.083159,74.125.24.0-255,5738,294968,53,341466
11682,0.08317,172.31.46.0-255,66,295034,53,341466
11683,0.085207,74.125.24.0-255,5738,300772,53,341466
11684,0.085216,172.31.46.0-255,66,300838,53,341466
11685,0.087261,74.125.24.0-255,5738,306576,53,341466
11686,0.087271,172.31.46.0-255,66,306642,53,341466
11687,0.08933,74.125.24.0-255,5738,312380,53,341466
11688,0.089339,172.31.46.0-255,66,312446,53,341466
11689,0.091367,74.125.24.0-255,5738,318184,53,341466
11690,0.09138,172.31.46.0-255,66,318250,53,341466
11691,0.09343,74.125.24.0-255,5738,323988,53,341466
11692,0.09344,172.31.46.0-255,66,324054,53,341466
11693,0.095482,74.125.24.0-255,5738,329792,53,341466
11694,0.095491,172.31.46.0-255,66,329858,53,341466
11695,0.097516,74.125.24.0-255,5738,335596,53,341466
11696,0.097525,172.31.46.0-255,66,335662,53,341466
11697,0.099552,74.125.24.0-255,5738,341400,53,341466
11698,0.09956,172.31.46.0-255,66,341466,53,341466
11699,0.0,74.125.68.0-255,146,146,53,309070
11700,2.1e-05,172.31.46.0-255,66,212,53,309070
11701,2.8e-05,74.125.68.0-255,1484,1696,53,309070
11702,3.2e-05,172.31.46.0-255,66,1762,53,309070
11703,3.5e-05,74.125.68.0-255,1484,3246,53,309070
11704,3.8e-05,172.31.46.0-255,66,3312,53,309070
11705,5.7e-05,74.125.68.0-255,1484,4796,53,309070
11706,6e-05,172.31.46.0-255,66,4862,53,309070
11707,6.9e-05,74.125.68.0-255,1484,6346,53,309070
11708,7.1e-05,172.31.46.0-255,66,6412,53,309070
11709,8.6e-05,74.125.68.0-255,4320,10732,53,309070
11710,8.8e-05,172.31.46.0-255,66,10798,53,309070
11711,0.000123,74.125.68.0-255,3540,14338,53,309070
11712,0.000126,172.31.46.0-255,66,14404,53,309070
11713,0.000147,74.125.68.0-255,4320,18724,53,309070
11714,0.00015,172.31.46.0-255,66,18790,53,309070
11715,0.000179,74.125.68.0-255,2902,21692,53,309070
11716,0.000181,172.31.46.0-255,66,21758,53,309070
11717,0.000194,74.125.68.0-255,4320,26078,53,309070
11718,0.000196,172.31.46.0-255,66,26144,53,309070
11719,0.000229,74.125.68.0-255,5738,31882,53,309070
11720,0.000232,172.31.46.0-255,66,31948,53,309070
11721,0.000275,74.125.68.0-255,1484,33432,53,309070
11722,0.000277,172.31.46.0-255,66,33498,53,309070
11723,0.000295,74.125.68.0-255,5738,39236,53,309070
11724,0.000297,172.31.46.0-255,66,39302,53,309070
11725,0.000312,74.125.68.0-255,4320,43622,53,309070
11726,0.000314,172.31.46.0-255,66,43688,53,309070
11727,0.000335,74.125.68.0-255,4320,48008,53,309070
11728,0.000337,172.31.46.0-255,66,48074,53,309070
11729,0.00034,74.125.68.0-255,766,48840,53,309070
11730,0.000341,172.31.46.0-255,66,48906,53,309070
11731,0.000492,74.125.68.0-255,1484,50390,53,309070
11732,0.000517,74.125.68.0-255,2902,53292,53,309070
11733,0.000521,172.31.46.0-255,66,53358,53,309070
11734,0.000524,74.125.68.0-255,1484,54842,53,309070
11735,0.000542,74.125.68.0-255,2902,57744,53,309070
11736,0.000544,172.31.46.0-255,66,57810,53,309070
11737,0.000549,74.125.68.0-255,2902,60712,53,309070
11738,0.000551,172.31.46.0-255,66,60778,53,309070
11739,0.000565,74.125.68.0-255,2902,63680,53,309070
11740,0.000567,172.31.46.0-255,66,63746,53,309070
11741,0.000582,74.125.68.0-255,3125,66871,53,309070
11742,0.000584,172.31.46.0-255,66,66937,53,309070
11743,0.000644,74.125.68.0-255,1484,68421,53,309070
11744,0.00066,74.125.68.0-255,2902,71323,53,309070
11745,0.000662,172.31.46.0-255,66,71389,53,309070
11746,0.000684,74.125.68.0-255,4320,75709,53,309070
11747,0.000686,172.31.46.0-255,66,75775,53,309070
11748,0.000689,74.125.68.0-255,1484,77259,53,309070
11749,0.000707,74.125.68.0-255,4320,81579,53,309070
11750,0.000709,172.31.46.0-255,66,81645,53,309070
11751,0.000722,74.125.68.0-255,2902,84547,53,309070
11752,0.000724,172.31.46.0-255,66,84613,53,309070
11753,0.000743,172.31.46.0-255,66,84679,53,309070
11754,0.000748,74.125.68.0-255,4320,88999,53,309070
11755,0.00075,172.31.46.0-255,66,89065,53,309070
11756,0.000799,74.125.68.0-255,3602,92667,53,309070
11757,0.000803,172.31.46.0-255,66,92733,53,309070
11758,0.000807,74.125.68.0-255,2902,95635,53,309070
11759,0.000808,172.31.46.0-255,66,95701,53,309070
11760,0.000819,74.125.68.0-255,1484,97185,53,309070
11761,0.000851,172.31.46.0-255,66,97251,53,309070
11762,0.000884,74.125.68.0-255,3410,100661,53,309070
11763,0.000887,172.31.46.0-255,66,100727,53,309070
11764,0.00099,74.125.68.0-255,1484,102211,53,309070
11765,0.001003,74.125.68.0-255,2902,105113,53,309070
11766,0.001006,172.31.46.0-255,66,105179,53,309070
11767,0.001043,74.125.68.0-255,1484,106663,53,309070
11768,0.001061,74.125.68.0-255,2902,109565,53,309070
11769,0.001063,172.31.46.0-255,66,109631,53,309070
11770,0.001086,74.125.68.0-255,1484,111115,53,309070
11771,0.001107,74.125.68.0-255,2902,114017,53,309070
11772,0.001109,172.31.46.0-255,66,114083,53,309070
11773,0.001114,74.125.68.0-255,2902,116985,53,309070
11774,0.001116,172.31.46.0-255,66,117051,53,309070
11775,0.00113,74.125.68.0-255,2902,119953,53,309070
11776,0.001132,172.31.46.0-255,66,120019,53,309070
11777,0.001136,74.125.68.0-255,2902,122921,53,309070
11778,0.001137,172.31.46.0-255,66,122987,53,309070
11779,0.001148,74.125.68.0-255,1484,124471,53,309070
11780,0.00115,74.125.68.0-255,1484,125955,53,309070
11781,0.001152,172.31.46.0-255,66,126021,53,309070
11782,0.001172,74.125.68.0-255,4320,130341,53,309070
11783,0.001175,172.31.46.0-255,66,130407,53,309070
11784,0.001195,74.125.68.0-255,5020,135427,53,309070
11785,0.001199,172.31.46.0-255,66,135493,53,309070
11786,0.001328,74.125.68.0-255,1484,136977,53,309070
11787,0.001348,74.125.68.0-255,2902,139879,53,309070
11788,0.00135,172.31.46.0-255,66,139945,53,309070
11789,0.001356,74.125.68.0-255,4320,144265,53,309070
11790,0.001358,172.31.46.0-255,66,144331,53,309070
11791,0.001369,74.125.68.0-255,1484,145815,53,309070
11792,0.001394,74.125.68.0-255,1484,147299,53,309070
11793,0.001396,172.31.46.0-255,66,147365,53,309070
11794,0.001412,74.125.68.0-255,1484,148849,53,309070
11795,0.001456,74.125.68.0-255,1484,150333,53,309070
11796,0.001459,172.31.46.0-255,66,150399,53,309070
11797,0.001475,74.125.68.0-255,2902,153301,53,309070
11798,0.001478,172.31.46.0-255,66,153367,53,309070
11799,0.001503,74.125.68.0-255,4320,157687,53,309070
11800,0.001506,172.31.46.0-255,66,157753,53,309070
11801,0.001511,74.125.68.0-255,2902,160655,53,309070
11802,0.001513,172.31.46.0-255,66,160721,53,309070
11803,0.00153,74.125.68.0-255,2902,163623,53,309070
11804,0.001532,172.31.46.0-255,66,163689,53,309070
11805,0.001569,172.31.46.0-255,66,163755,53,309070
11806,0.001572,74.125.68.0-255,1484,165239,53,309070
11807,0.001599,74.125.68.0-255,7156,172395,53,309070
11808,0.001601,172.31.46.0-255,66,172461,53,309070
11809,0.001609,74.125.68.0-255,7156,179617,53,309070
11810,0.001611,172.31.46.0-255,66,179683,53,309070
11811,0.001651,172.31.46.0-255,66,179749,53,309070
11812,0.001654,74.125.68.0-255,1484,181233,53,309070
11813,0.001673,74.125.68.0-255,5738,186971,53,309070
11814,0.001676,172.31.46.0-255,66,187037,53,309070
11815,0.001693,74.125.68.0-255,766,187803,53,309070
11816,0.001748,74.125.68.0-255,1484,189287,53,309070
11817,0.001751,172.31.46.0-255,66,189353,53,309070
11818,0.001773,74.125.68.0-255,2902,192255,53,309070
11819,0.001776,172.31.46.0-255,66,192321,53,309070
11820,0.001781,74.125.68.0-255,4320,196641,53,309070
11821,0.001784,172.31.46.0-255,66,196707,53,309070
11822,0.001795,74.125.68.0-255,1484,198191,53,309070
11823,0.001803,74.125.68.0-255,7156,205347,53,309070
11824,0.001806,172.31.46.0-255,66,205413,53,309070
11825,0.001823,74.125.68.0-255,1484,206897,53,309070
11826,0.00184,172.31.46.0-255,66,206963,53,309070
11827,0.001844,74.125.68.0-255,2902,209865,53,309070
11828,0.001846,172.31.46.0-255,66,209931,53,309070
11829,0.001865,74.125.68.0-255,2184,212115,53,309070
11830,0.001868,172.31.46.0-255,66,212181,53,309070
11831,0.001906,74.125.68.0-255,1484,213665,53,309070
11832,0.001924,74.125.68.0-255,2902,216567,53,309070
11833,0.001927,172.31.46.0-255,66,216633,53,309070
11834,0.00193,74.125.68.0-255,1484,218117,53,309070
11835,0.001947,74.125.68.0-255,4320,222437,53,309070
11836,0.00195,172.31.46.0-255,66,222503,53,309070
11837,0.001953,74.125.68.0-255,1484,223987,53,309070
11838,0.001977,74.125.68.0-255,2902,226889,53,309070
11839,0.00198,172.31.46.0-255,66,226955,53,309070
11840,0.002,74.125.68.0-255,4320,231275,53,309070
11841,0.002002,172.31.46.0-255,66,231341,53,309070
11842,0.002019,74.125.68.0-255,1484,232825,53,309070
11843,0.002026,74.125.68.0-255,7156,239981,53,309070
11844,0.002028,172.31.46.0-255,66,240047,53,309070
11845,0.002052,74.125.68.0-255,4320,244367,53,309070
11846,0.002055,172.31.46.0-255,66,244433,53,309070
11847,0.002077,74.125.68.0-255,2184,246617,53,309070
11848,0.002079,172.31.46.0-255,66,246683,53,309070
11849,0.002087,74.125.68.0-255,7156,253839,53,309070
11850,0.002089,172.31.46.0-255,66,253905,53,309070
11851,0.00212,172.31.46.0-255,66,253971,53,309070
11852,0.002141,74.125.68.0-255,5738,259709,53,309070
11853,0.002144,172.31.46.0-255,66,259775,53,309070
11854,0.002165,74.125.68.0-255,4320,264095,53,309070
11855,0.002167,172.31.46.0-255,66,264161,53,309070
11856,0.002195,172.31.46.0-255,66,264227,53,309070
11857,0.002202,74.125.68.0-255,7156,271383,53,309070
11858,0.002204,172.31.46.0-255,66,271449,53,309070
11859,0.00224,172.31.46.0-255,66,271515,53,309070
11860,0.002246,74.125.68.0-255,5738,277253,53,309070
11861,0.002248,172.31.46.0-255,66,277319,53,309070
11862,0.002281,172.31.46.0-255,66,277385,53,309070
11863,0.002317,74.125.68.0-255,1484,278869,53,309070
11864,0.002349,74.125.68.0-255,7156,286025,53,309070
11865,0.002353,172.31.46.0-255,66,286091,53,309070
11866,0.002939,172.31.46.0-255,101,286192,53,309070
11867,0.004644,74.125.68.0-255,5738,291930,53,309070
11868,0.004651,172.31.46.0-255,66,291996,53,309070
11869,0.005192,74.125.68.0-255,66,292062,53,309070
11870,0.006949,74.125.68.0-255,5738,297800,53,309070
11871,0.006953,172.31.46.0-255,66,297866,53,309070
11872,0.009255,74.125.68.0-255,5738,303604,53,309070
11873,0.009261,172.31.46.0-255,66,303670,53,309070
11874,0.011577,74.125.68.0-255,3781,307451,53,309070
11875,0.011588,172.31.46.0-255,66,307517,53,309070
11876,0.015513,172.31.46.0-255,105,307622,53,309070
11877,0.022863,74.125.68.0-255,66,307688,53,309070
11878,0.035517,172.31.46.0-255,176,307864,53,309070
11879,0.035598,172.31.46.0-255,1074,308938,53,309070
11880,0.037017,104.244.42.0-255,66,309004,53,309070
11881,0.037096,104.244.42.0-255,66,309070,53,309070
11882,0.0,74.125.130.0-255,152,152,53,370444
11883,2.2e-05,172.31.46.0-255,66,218,53,370444
11884,3e-05,74.125.130.0-255,1484,1702,53,370444
11885,3.5e-05,172.31.46.0-255,66,1768,53,370444
11886,4.2e-05,74.125.130.0-255,2902,4670,53,370444
11887,4.5e-05,172.31.46.0-255,66,4736,53,370444
11888,5.2e-05,74.125.130.0-255,5738,10474,53,370444
11889,5.5e-05,172.31.46.0-255,66,10540,53,370444
11890,6.1e-05,74.125.130.0-255,3390,13930,53,370444
11891,6.3e-05,172.31.46.0-255,66,13996,53,370444
11892,8.9e-05,74.125.130.0-255,4320,18316,53,370444
11893,9.1e-05,172.31.46.0-255,66,18382,53,370444
11894,0.000112,74.125.130.0-255,1484,19866,53,370444
11895,0.000114,172.31.46.0-255,66,19932,53,370444
11896,0.000141,172.31.46.0-255,66,19998,53,370444
11897,0.000172,74.125.130.0-255,2543,22541,53,370444
11898,0.000175,172.31.46.0-255,66,22607,53,370444
11899,0.000384,74.125.130.0-255,1484,24091,53,370444
11900,0.000388,172.31.46.0-255,66,24157,53,370444
11901,0.000394,74.125.130.0-255,2902,27059,53,370444
11902,0.000397,172.31.46.0-255,66,27125,53,370444
11903,0.000421,74.125.130.0-255,4320,31445,53,370444
11904,0.000424,172.31.46.0-255,66,31511,53,370444
11905,0.000442,74.125.130.0-255,1484,32995,53,370444
11906,0.000444,172.31.46.0-255,66,33061,53,370444
11907,0.000452,74.125.130.0-255,6797,39858,53,370444
11908,0.000455,172.31.46.0-255,66,39924,53,370444
11909,0.000477,74.125.130.0-255,1484,41408,53,370444
11910,0.000479,172.31.46.0-255,66,41474,53,370444
11911,0.000508,74.125.130.0-255,7156,48630,53,370444
11912,0.000512,172.31.46.0-255,66,48696,53,370444
11913,0.000526,74.125.130.0-255,4320,53016,53,370444
11914,0.000529,172.31.46.0-255,66,53082,53,370444
11915,0.00055,74.125.130.0-255,3961,57043,53,370444
11916,0.000553,172.31.46.0-255,66,57109,53,370444
11917,0.000556,74.125.130.0-255,378,57487,53,370444
11918,0.000608,74.125.130.0-255,365,57852,53,370444
11919,0.000862,74.125.130.0-255,1484,59336,53,370444
11920,0.000867,172.31.46.0-255,66,59402,53,370444
11921,0.000873,74.125.130.0-255,2902,62304,53,370444
11922,0.000875,172.31.46.0-255,66,62370,53,370444
11923,0.000881,74.125.130.0-255,4320,66690,53,370444
11924,0.000883,172.31.46.0-255,66,66756,53,370444
11925,0.000902,74.125.130.0-255,1484,68240,53,370444
11926,0.000909,74.125.130.0-255,5738,73978,53,370444
11927,0.000911,172.31.46.0-255,66,74044,53,370444
11928,0.000943,74.125.130.0-255,7156,81200,53,370444
11929,0.000956,172.31.46.0-255,66,81266,53,370444
11930,0.000959,172.31.46.0-255,66,81332,53,370444
11931,0.001002,74.125.130.0-255,2184,83516,53,370444
11932,0.001005,172.31.46.0-255,66,83582,53,370444
11933,0.001617,74.125.130.0-255,1484,85066,53,370444
11934,0.001639,74.125.130.0-255,2902,87968,53,370444
11935,0.001643,172.31.46.0-255,66,88034,53,370444
11936,0.00165,74.125.130.0-255,4320,92354,53,370444
11937,0.001652,172.31.46.0-255,66,92420,53,370444
11938,0.001699,172.31.46.0-255,66,92486,53,370444
11939,0.001706,74.125.130.0-255,5738,98224,53,370444
11940,0.001708,172.31.46.0-255,66,98290,53,370444
11941,0.001738,74.125.130.0-255,5738,104028,53,370444
11942,0.00174,172.31.46.0-255,66,104094,53,370444
11943,0.00176,74.125.130.0-255,1484,105578,53,370444
11944,0.001766,74.125.130.0-255,3602,109180,53,370444
11945,0.001768,172.31.46.0-255,66,109246,53,370444
11946,0.002159,74.125.130.0-255,1484,110730,53,370444
11947,0.002167,74.125.130.0-255,2902,113632,53,370444
11948,0.002171,172.31.46.0-255,66,113698,53,370444
11949,0.002193,74.125.130.0-255,4320,118018,53,370444
11950,0.002196,172.31.46.0-255,66,118084,53,370444
11951,0.002219,74.125.130.0-255,1484,119568,53,370444
11952,0.002226,74.125.130.0-255,7156,126724,53,370444
11953,0.002228,172.31.46.0-255,66,126790,53,370444
11954,0.002245,74.125.130.0-255,4320,131110,53,370444
11955,0.002247,172.31.46.0-255,66,131176,53,370444
11956,0.00227,74.125.130.0-255,7156,138332,53,370444
11957,0.002272,172.31.46.0-255,66,138398,53,370444
11958,0.002286,74.125.130.0-255,2902,141300,53,370444
11959,0.002288,172.31.46.0-255,66,141366,53,370444
11960,0.002303,74.125.130.0-255,2184,143550,53,370444
11961,0.002305,172.31.46.0-255,66,143616,53,370444
11962,0.004522,74.125.130.0-255,2902,146518,53,370444
11963,0.004527,172.31.46.0-255,66,146584,53,370444
11964,0.00454,74.125.130.0-255,2902,149486,53,370444
11965,0.004542,172.31.46.0-255,66,149552,53,370444
11966,0.006787,74.125.130.0-255,2902,152454,53,370444
11967,0.00679,172.31.46.0-255,66,152520,53,370444
11968,0.006812,74.125.130.0-255,2902,155422,53,370444
11969,0.006814,172.31.46.0-255,66,155488,53,370444
11970,0.009031,74.125.130.0-255,2902,158390,53,370444
11971,0.009039,172.31.46.0-255,66,158456,53,370444
11972,0.009059,74.125.130.0-255,2902,161358,53,370444
11973,0.009061,172.31.46.0-255,66,161424,53,370444
11974,0.011294,74.125.130.0-255,5738,167162,53,370444
11975,0.011301,172.31.46.0-255,66,167228,53,370444
11976,0.013552,74.125.130.0-255,5738,172966,53,370444
11977,0.013559,172.31.46.0-255,66,173032,53,370444
11978,0.015808,74.125.130.0-255,5738,178770,53,370444
11979,0.015814,172.31.46.0-255,66,178836,53,370444
11980,0.018089,74.125.130.0-255,5738,184574,53,370444
11981,0.018107,172.31.46.0-255,66,184640,53,370444
11982,0.020368,74.125.130.0-255,5738,190378,53,370444
11983,0.020385,172.31.46.0-255,66,190444,53,370444
11984,0.022651,74.125.130.0-255,5738,196182,53,370444
11985,0.022668,172.31.46.0-255,66,196248,53,370444
11986,0.02493,74.125.130.0-255,5738,201986,53,370444
11987,0.024944,172.31.46.0-255,66,202052,53,370444
11988,0.027209,74.125.130.0-255,5738,207790,53,370444
11989,0.027224,172.31.46.0-255,66,207856,53,370444
11990,0.029493,74.125.130.0-255,5738,213594,53,370444
11991,0.029509,172.31.46.0-255,66,213660,53,370444
11992,0.031763,74.125.130.0-255,5738,219398,53,370444
11993,0.031771,172.31.46.0-255,66,219464,53,370444
11994,0.032772,172.31.46.0-255,167,219631,53,370444
11995,0.032804,172.31.46.0-255,1107,220738,53,370444
11996,0.032862,172.31.46.0-255,1514,222252,53,370444
11997,0.032864,172.31.46.0-255,1296,223548,53,370444
11998,0.034042,74.125.130.0-255,5738,229286,53,370444
11999,0.03405,172.31.46.0-255,66,229352,53,370444
12000,0.034295,104.244.42.0-255,66,229418,53,370444
12001,0.034328,104.244.42.0-255,66,229484,53,370444
12002,0.034435,104.244.42.0-255,66,229550,53,370444
12003,0.036315,74.125.130.0-255,5738,235288,53,370444
12004,0.036324,172.31.46.0-255,66,235354,53,370444
12005,0.038577,74.125.130.0-255,5738,241092,53,370444
12006,0.038586,172.31.46.0-255,66,241158,53,370444
12007,0.040845,74.125.130.0-255,5738,246896,53,370444
12008,0.040855,172.31.46.0-255,66,246962,53,370444
12009,0.043118,74.125.130.0-255,5738,252700,53,370444
12010,0.043128,172.31.46.0-255,66,252766,53,370444
12011,0.045396,74.125.130.0-255,5738,258504,53,370444
12012,0.045403,172.31.46.0-255,66,258570,53,370444
12013,0.047673,74.125.130.0-255,5738,264308,53,370444
12014,0.04768,172.31.46.0-255,66,264374,53,370444
12015,0.049942,74.125.130.0-255,5738,270112,53,370444
12016,0.049949,172.31.46.0-255,66,270178,53,370444
12017,0.052218,74.125.130.0-255,5738,275916,53,370444
12018,0.052225,172.31.46.0-255,66,275982,53,370444
12019,0.054491,74.125.130.0-255,5738,281720,53,370444
12020,0.054497,172.31.46.0-255,66,281786,53,370444
12021,0.056743,74.125.130.0-255,5738,287524,53,370444
12022,0.056749,172.31.46.0-255,66,287590,53,370444
12023,0.059002,74.125.130.0-255,5738,293328,53,370444
12024,0.059009,172.31.46.0-255,66,293394,53,370444
12025,0.06127,74.125.130.0-255,5738,299132,53,370444
12026,0.061281,172.31.46.0-255,66,299198,53,370444
12027,0.063544,74.125.130.0-255,5738,304936,53,370444
12028,0.063552,172.31.46.0-255,66,305002,53,370444
12029,0.065867,74.125.130.0-255,5738,310740,53,370444
12030,0.065875,172.31.46.0-255,66,310806,53,370444
12031,0.068135,74.125.130.0-255,5738,316544,53,370444
12032,0.068145,172.31.46.0-255,66,316610,53,370444
12033,0.070419,74.125.130.0-255,5738,322348,53,370444
12034,0.070427,172.31.46.0-255,66,322414,53,370444
12035,0.0727,74.125.130.0-255,5738,328152,53,370444
12036,0.072708,172.31.46.0-255,66,328218,53,370444
12037,0.074984,74.125.130.0-255,5738,333956,53,370444
12038,0.074999,172.31.46.0-255,66,334022,53,370444
12039,0.077285,74.125.130.0-255,5738,339760,53,370444
12040,0.0773,172.31.46.0-255,66,339826,53,370444
12041,0.079559,74.125.130.0-255,5738,345564,53,370444
12042,0.079573,172.31.46.0-255,66,345630,53,370444
12043,0.081837,74.125.130.0-255,5738,351368,53,370444
12044,0.081857,172.31.46.0-255,66,351434,53,370444
12045,0.084139,74.125.130.0-255,5738,357172,53,370444
12046,0.084157,172.31.46.0-255,66,357238,53,370444
12047,0.086427,74.125.130.0-255,5738,362976,53,370444
12048,0.086437,172.31.46.0-255,66,363042,53,370444
12049,0.088705,74.125.130.0-255,5738,368780,53,370444
12050,0.088717,172.31.46.0-255,66,368846,53,370444
12051,0.090997,74.125.130.0-255,1361,370207,53,370444
12052,0.091171,172.31.46.0-255,66,370273,53,370444
12053,0.091211,172.31.46.0-255,105,370378,53,370444
12054,0.093436,74.125.130.0-255,66,370444,53,370444
12055,0.0,74.125.68.0-255,152,152,53,372158
12056,2e-05,172.31.46.0-255,66,218,53,372158
12057,5.4e-05,74.125.68.0-255,1484,1702,53,372158
12058,6e-05,172.31.46.0-255,66,1768,53,372158
12059,6.5e-05,74.125.68.0-255,2902,4670,53,372158
12060,6.9e-05,172.31.46.0-255,66,4736,53,372158
12061,7.5e-05,74.125.68.0-255,4320,9056,53,372158
12062,7.7e-05,172.31.46.0-255,66,9122,53,372158
12063,8.2e-05,74.125.68.0-255,2902,12024,53,372158
12064,8.5e-05,172.31.46.0-255,66,12090,53,372158
12065,0.00011,74.125.68.0-255,2053,14143,53,372158
12066,0.000113,172.31.46.0-255,66,14209,53,372158
12067,0.000136,74.125.68.0-255,1484,15693,53,372158
12068,0.000138,172.31.46.0-255,66,15759,53,372158
12069,0.000143,74.125.68.0-255,2902,18661,53,372158
12070,0.000146,172.31.46.0-255,66,18727,53,372158
12071,0.000184,74.125.68.0-255,4320,23047,53,372158
12072,0.000187,172.31.46.0-255,66,23113,53,372158
12073,0.000193,74.125.68.0-255,5738,28851,53,372158
12074,0.000195,172.31.46.0-255,66,28917,53,372158
12075,0.000218,74.125.68.0-255,2543,31460,53,372158
12076,0.00022,172.31.46.0-255,66,31526,53,372158
12077,0.000256,74.125.68.0-255,2902,34428,53,372158
12078,0.000259,172.31.46.0-255,66,34494,53,372158
12079,0.000286,74.125.68.0-255,4320,38814,53,372158
12080,0.000289,172.31.46.0-255,66,38880,53,372158
12081,0.000293,74.125.68.0-255,2902,41782,53,372158
12082,0.000296,172.31.46.0-255,66,41848,53,372158
12083,0.000326,74.125.68.0-255,5738,47586,53,372158
12084,0.000329,172.31.46.0-255,66,47652,53,372158
12085,0.000332,74.125.68.0-255,1125,48777,53,372158
12086,0.000334,172.31.46.0-255,66,48843,53,372158
12087,0.000597,74.125.68.0-255,1484,50327,53,372158
12088,0.000603,74.125.68.0-255,1484,51811,53,372158
12089,0.000607,172.31.46.0-255,66,51877,53,372158
12090,0.000611,74.125.68.0-255,1484,53361,53,372158
12091,0.000634,74.125.68.0-255,1484,54845,53,372158
12092,0.000636,172.31.46.0-255,66,54911,53,372158
12093,0.000644,74.125.68.0-255,5738,60649,53,372158
12094,0.000646,172.31.46.0-255,66,60715,53,372158
12095,0.000673,74.125.68.0-255,1484,62199,53,372158
12096,0.000696,74.125.68.0-255,3961,66160,53,372158
12097,0.000699,172.31.46.0-255,66,66226,53,372158
12098,0.000702,74.125.68.0-255,413,66639,53,372158
12099,0.001091,74.125.68.0-255,330,66969,53,372158
12100,0.001176,172.31.46.0-255,66,67035,53,372158
12101,0.001382,74.125.68.0-255,1484,68519,53,372158
12102,0.001391,74.125.68.0-255,2902,71421,53,372158
12103,0.001395,172.31.46.0-255,66,71487,53,372158
12104,0.001421,74.125.68.0-255,4320,75807,53,372158
12105,0.001423,172.31.46.0-255,66,75873,53,372158
12106,0.001429,74.125.68.0-255,4320,80193,53,372158
12107,0.00143,172.31.46.0-255,66,80259,53,372158
12108,0.001447,74.125.68.0-255,1484,81743,53,372158
12109,0.001458,74.125.68.0-255,1484,83227,53,372158
12110,0.00146,172.31.46.0-255,66,83293,53,372158
12111,0.001493,172.31.46.0-255,66,83359,53,372158
12112,0.001498,74.125.68.0-255,5738,89097,53,372158
12113,0.0015,172.31.46.0-255,66,89163,53,372158
12114,0.001531,74.125.68.0-255,2184,91347,53,372158
12115,0.001533,172.31.46.0-255,66,91413,53,372158
12116,0.001637,74.125.68.0-255,1484,92897,53,372158
12117,0.001658,74.125.68.0-255,2902,95799,53,372158
12118,0.001661,172.31.46.0-255,66,95865,53,372158
12119,0.001665,74.125.68.0-255,1484,97349,53,372158
12120,0.001687,74.125.68.0-255,2902,100251,53,372158
12121,0.001689,172.31.46.0-255,66,100317,53,372158
12122,0.001696,74.125.68.0-255,5738,106055,53,372158
12123,0.001697,172.31.46.0-255,66,106121,53,372158
12124,0.001721,74.125.68.0-255,5738,111859,53,372158
12125,0.001723,172.31.46.0-255,66,111925,53,372158
12126,0.001755,74.125.68.0-255,5738,117663,53,372158
12127,0.001757,172.31.46.0-255,66,117729,53,372158
12128,0.001762,74.125.68.0-255,4320,122049,53,372158
12129,0.001764,172.31.46.0-255,66,122115,53,372158
12130,0.001785,74.125.68.0-255,3602,125717,53,372158
12131,0.001788,172.31.46.0-255,66,125783,53,372158
12132,0.001828,74.125.68.0-255,1484,127267,53,372158
12133,0.00184,74.125.68.0-255,2902,130169,53,372158
12134,0.001843,172.31.46.0-255,66,130235,53,372158
12135,0.001872,74.125.68.0-255,1484,131719,53,372158
12136,0.001891,74.125.68.0-255,2902,134621,53,372158
12137,0.001894,172.31.46.0-255,66,134687,53,372158
12138,0.0019,74.125.68.0-255,5738,140425,53,372158
12139,0.001902,172.31.46.0-255,66,140491,53,372158
12140,0.001938,172.31.46.0-255,66,140557,53,372158
12141,0.001961,74.125.68.0-255,1484,142041,53,372158
12142,0.001966,74.125.68.0-255,4320,146361,53,372158
12143,0.001969,172.31.46.0-255,66,146427,53,372158
12144,0.001995,74.125.68.0-255,1484,147911,53,372158
12145,0.00201,74.125.68.0-255,2184,150095,53,372158
12146,0.002013,172.31.46.0-255,66,150161,53,372158
12147,0.002075,74.125.68.0-255,1484,151645,53,372158
12148,0.002092,74.125.68.0-255,2902,154547,53,372158
12149,0.002095,172.31.46.0-255,66,154613,53,372158
12150,0.002119,74.125.68.0-255,5738,160351,53,372158
12151,0.002122,172.31.46.0-255,66,160417,53,372158
12152,0.00214,74.125.68.0-255,2902,163319,53,372158
12153,0.002143,172.31.46.0-255,66,163385,53,372158
12154,0.002149,74.125.68.0-255,4320,167705,53,372158
12155,0.002151,172.31.46.0-255,66,167771,53,372158
12156,0.002186,172.31.46.0-255,66,167837,53,372158
12157,0.002192,74.125.68.0-255,7156,174993,53,372158
12158,0.002224,74.125.68.0-255,766,175759,53,372158
12159,0.002246,74.125.68.0-255,1484,177243,53,372158
12160,0.002295,74.125.68.0-255,4320,181563,53,372158
12161,0.002299,74.125.68.0-255,1484,183047,53,372158
12162,0.002302,74.125.68.0-255,1484,184531,53,372158
12163,0.002311,74.125.68.0-255,1484,186015,53,372158
12164,0.002323,74.125.68.0-255,4320,190335,53,372158
12165,0.002341,74.125.68.0-255,1484,191819,53,372158
12166,0.002345,74.125.68.0-255,2902,194721,53,372158
12167,0.002348,74.125.68.0-255,1484,196205,53,372158
12168,0.002361,74.125.68.0-255,2902,199107,53,372158
12169,0.002375,74.125.68.0-255,1484,200591,53,372158
12170,0.002389,74.125.68.0-255,5738,206329,53,372158
12171,0.002403,74.125.68.0-255,1484,207813,53,372158
12172,0.002437,74.125.68.0-255,2184,209997,53,372158
12173,0.003632,172.31.46.0-255,66,210063,53,372158
12174,0.006223,74.125.68.0-255,5738,215801,53,372158
12175,0.006228,172.31.46.0-255,66,215867,53,372158
12176,0.008787,74.125.68.0-255,4320,220187,53,372158
12177,0.008793,172.31.46.0-255,66,220253,53,372158
12178,0.008818,74.125.68.0-255,1484,221737,53,372158
12179,0.011353,74.125.68.0-255,4320,226057,53,372158
12180,0.01136,172.31.46.0-255,66,226123,53,372158
12181,0.013919,74.125.68.0-255,5738,231861,53,372158
12182,0.013927,172.31.46.0-255,66,231927,53,372158
12183,0.016497,74.125.68.0-255,5738,237665,53,372158
12184,0.016505,172.31.46.0-255,66,237731,53,372158
12185,0.019073,74.125.68.0-255,5738,243469,53,372158
12186,0.019082,172.31.46.0-255,66,243535,53,372158
12187,0.021636,74.125.68.0-255,5738,249273,53,372158
12188,0.021643,172.31.46.0-255,66,249339,53,372158
12189,0.024202,74.125.68.0-255,5738,255077,53,372158
12190,0.024211,172.31.46.0-255,66,255143,53,372158
12191,0.026775,74.125.68.0-255,5738,260881,53,372158
12192,0.026782,172.31.46.0-255,66,260947,53,372158
12193,0.029332,74.125.68.0-255,5738,266685,53,372158
12194,0.029339,172.31.46.0-255,66,266751,53,372158
12195,0.031159,172.31.46.0-255,172,266923,53,372158
12196,0.03119,172.31.46.0-255,1112,268035,53,372158
12197,0.031247,172.31.46.0-255,1514,269549,53,372158
12198,0.031249,172.31.46.0-255,1187,270736,53,372158
12199,0.03189,74.125.68.0-255,5738,276474,53,372158
12200,0.031896,172.31.46.0-255,66,276540,53,372158
12201,0.032713,104.244.42.0-255,66,276606,53,372158
12202,0.032736,104.244.42.0-255,66,276672,53,372158
12203,0.032765,104.244.42.0-255,66,276738,53,372158
12204,0.034449,74.125.68.0-255,5738,282476,53,372158
12205,0.034455,172.31.46.0-255,66,282542,53,372158
12206,0.037018,74.125.68.0-255,5738,288280,53,372158
12207,0.037023,172.31.46.0-255,66,288346,53,372158
12208,0.039589,74.125.68.0-255,5738,294084,53,372158
12209,0.039596,172.31.46.0-255,66,294150,53,372158
12210,0.042145,74.125.68.0-255,5738,299888,53,372158
12211,0.04215,172.31.46.0-255,66,299954,53,372158
12212,0.044706,74.125.68.0-255,5738,305692,53,372158
12213,0.044713,172.31.46.0-255,66,305758,53,372158
12214,0.047287,74.125.68.0-255,5738,311496,53,372158
12215,0.047299,172.31.46.0-255,66,311562,53,372158
12216,0.049865,74.125.68.0-255,5738,317300,53,372158
12217,0.049872,172.31.46.0-255,66,317366,53,372158
12218,0.05242,74.125.68.0-255,5738,323104,53,372158
12219,0.052425,172.31.46.0-255,66,323170,53,372158
12220,0.054992,74.125.68.0-255,5738,328908,53,372158
12221,0.054998,172.31.46.0-255,66,328974,53,372158
12222,0.057548,74.125.68.0-255,5738,334712,53,372158
12223,0.057553,172.31.46.0-255,66,334778,53,372158
12224,0.060116,74.125.68.0-255,5738,340516,53,372158
12225,0.060125,172.31.46.0-255,66,340582,53,372158
12226,0.062673,74.125.68.0-255,4320,344902,53,372158
12227,0.062679,172.31.46.0-255,66,344968,53,372158
12228,0.062707,74.125.68.0-255,1484,346452,53,372158
12229,0.065235,74.125.68.0-255,4320,350772,53,372158
12230,0.065242,172.31.46.0-255,66,350838,53,372158
12231,0.067802,74.125.68.0-255,5738,356576,53,372158
12232,0.06781,172.31.46.0-255,66,356642,53,372158
12233,0.07037,74.125.68.0-255,5738,362380,53,372158
12234,0.070378,172.31.46.0-255,66,362446,53,372158
12235,0.072959,74.125.68.0-255,5738,368184,53,372158
12236,0.072969,172.31.46.0-255,66,368250,53,372158
12237,0.075526,74.125.68.0-255,3671,371921,53,372158
12238,0.075531,172.31.46.0-255,66,371987,53,372158
12239,0.075703,172.31.46.0-255,105,372092,53,372158
12240,0.078209,74.125.68.0-255,66,372158,53,372158
12241,0.0,172.217.194.0-255,152,152,53,315470
12242,2.5e-05,172.31.46.0-255,66,218,53,315470
12243,3.2e-05,172.217.194.0-255,1484,1702,53,315470
12244,3.6e-05,172.31.46.0-255,66,1768,53,315470
12245,5e-05,172.217.194.0-255,2902,4670,53,315470
12246,5.3e-05,172.31.46.0-255,66,4736,53,315470
12247,6e-05,172.217.194.0-255,7156,11892,53,315470
12248,6.4e-05,172.31.46.0-255,66,11958,53,315470
12249,7.9e-05,172.31.46.0-255,66,12024,53,315470
12250,0.000121,172.31.46.0-255,66,12090,53,315470
12251,0.000169,172.217.194.0-255,1484,13574,53,315470
12252,0.000172,172.31.46.0-255,66,13640,53,315470
12253,0.000177,172.217.194.0-255,2902,16542,53,315470
12254,0.000179,172.31.46.0-255,66,16608,53,315470
12255,0.000183,172.217.194.0-255,1484,18092,53,315470
12256,0.000189,172.31.46.0-255,66,18158,53,315470
12257,0.000212,172.217.194.0-255,4320,22478,53,315470
12258,0.000215,172.31.46.0-255,66,22544,53,315470
12259,0.000221,172.217.194.0-255,5738,28282,53,315470
12260,0.000223,172.31.46.0-255,66,28348,53,315470
12261,0.000247,172.217.194.0-255,1125,29473,53,315470
12262,0.000249,172.31.46.0-255,66,29539,53,315470
12263,0.000582,172.217.194.0-255,1484,31023,53,315470
12264,0.000588,172.31.46.0-255,66,31089,53,315470
12265,0.000594,172.217.194.0-255,2902,33991,53,315470
12266,0.000597,172.31.46.0-255,66,34057,53,315470
12267,0.000609,172.217.194.0-255,5738,39795,53,315470
12268,0.000611,172.31.46.0-255,66,39861,53,315470
12269,0.000615,172.217.194.0-255,1484,41345,53,315470
12270,0.000617,172.31.46.0-255,66,41411,53,315470
12271,0.000664,172.217.194.0-255,5379,46790,53,315470
12272,0.000668,172.31.46.0-255,66,46856,53,315470
12273,0.000696,172.217.194.0-255,5738,52594,53,315470
12274,0.000699,172.31.46.0-255,66,52660,53,315470
12275,0.000718,172.217.194.0-255,4320,56980,53,315470
12276,0.00072,172.31.46.0-255,66,57046,53,315470
12277,0.000758,172.31.46.0-255,66,57112,53,315470
12278,0.001092,172.217.194.0-255,1484,58596,53,315470
12279,0.001098,172.217.194.0-255,1484,60080,53,315470
12280,0.001101,172.31.46.0-255,66,60146,53,315470
12281,0.001127,172.217.194.0-255,1484,61630,53,315470
12282,0.001133,172.217.194.0-255,4320,65950,53,315470
12283,0.001136,172.31.46.0-255,66,66016,53,315470
12284,0.001147,172.31.46.0-255,66,66082,53,315470
12285,0.001189,172.31.46.0-255,66,66148,53,315470
12286,0.001222,172.31.46.0-255,66,66214,53,315470
12287,0.001226,172.217.194.0-255,1484,67698,53,315470
12288,0.00123,172.217.194.0-255,2902,70600,53,315470
12289,0.001232,172.31.46.0-255,66,70666,53,315470
12290,0.001243,172.217.194.0-255,5738,76404,53,315470
12291,0.001246,172.31.46.0-255,66,76470,53,315470
12292,0.001249,172.217.194.0-255,1484,77954,53,315470
12293,0.001306,172.31.46.0-255,66,78020,53,315470
12294,0.001319,172.31.46.0-255,66,78086,53,315470
12295,0.001323,172.217.194.0-255,2184,80270,53,315470
12296,0.001325,172.31.46.0-255,66,80336,53,315470
12297,0.001738,172.217.194.0-255,1484,81820,53,315470
12298,0.001748,172.217.194.0-255,2902,84722,53,315470
12299,0.001752,172.31.46.0-255,66,84788,53,315470
12300,0.001759,172.217.194.0-255,5738,90526,53,315470
12301,0.001762,172.31.46.0-255,66,90592,53,315470
12302,0.001789,172.217.194.0-255,5738,96330,53,315470
12303,0.001792,172.31.46.0-255,66,96396,53,315470
12304,0.001819,172.217.194.0-255,7156,103552,53,315470
12305,0.001823,172.31.46.0-255,66,103618,53,315470
12306,0.001858,172.31.46.0-255,66,103684,53,315470
12307,0.00187,172.217.194.0-255,766,104450,53,315470
12308,0.003893,172.217.194.0-255,4320,108770,53,315470
12309,0.0039,172.31.46.0-255,66,108836,53,315470
12310,0.005985,172.217.194.0-255,5738,114574,53,315470
12311,0.00599,172.31.46.0-255,66,114640,53,315470
12312,0.008036,172.217.194.0-255,5738,120378,53,315470
12313,0.008043,172.31.46.0-255,66,120444,53,315470
12314,0.010149,172.217.194.0-255,5738,126182,53,315470
12315,0.010161,172.31.46.0-255,66,126248,53,315470
12316,0.012241,172.217.194.0-255,5738,131986,53,315470
12317,0.01225,172.31.46.0-255,66,132052,53,315470
12318,0.014311,172.217.194.0-255,5738,137790,53,315470
12319,0.01432,172.31.46.0-255,66,137856,53,315470
12320,0.016373,172.217.194.0-255,5738,143594,53,315470
12321,0.01638,172.31.46.0-255,66,143660,53,315470
12322,0.01842,172.217.194.0-255,2902,146562,53,315470
12323,0.018427,172.31.46.0-255,66,146628,53,315470
12324,0.018452,172.217.194.0-255,2902,149530,53,315470
12325,0.018456,172.31.46.0-255,66,149596,53,315470
12326,0.020503,172.217.194.0-255,5738,155334,53,315470
12327,0.020512,172.31.46.0-255,66,155400,53,315470
12328,0.022552,172.217.194.0-255,5738,161138,53,315470
12329,0.022558,172.31.46.0-255,66,161204,53,315470
12330,0.02459,172.217.194.0-255,5738,166942,53,315470
12331,0.024601,172.31.46.0-255,66,167008,53,315470
12332,0.026693,172.217.194.0-255,5738,172746,53,315470
12333,0.026701,172.31.46.0-255,66,172812,53,315470
12334,0.028748,172.217.194.0-255,5738,178550,53,315470
12335,0.028756,172.31.46.0-255,66,178616,53,315470
12336,0.030789,172.217.194.0-255,5738,184354,53,315470
12337,0.030797,172.31.46.0-255,66,184420,53,315470
12338,0.032861,172.217.194.0-255,5738,190158,53,315470
12339,0.032868,172.31.46.0-255,66,190224,53,315470
12340,0.034902,172.217.194.0-255,5738,195962,53,315470
12341,0.03491,172.31.46.0-255,66,196028,53,315470
12342,0.036963,172.217.194.0-255,5738,201766,53,315470
12343,0.036971,172.31.46.0-255,66,201832,53,315470
12344,0.038575,172.31.46.0-255,172,202004,53,315470
12345,0.038606,172.31.46.0-255,1074,203078,53,315470
12346,0.039003,172.217.194.0-255,5738,208816,53,315470
12347,0.03901,172.31.46.0-255,66,208882,53,315470
12348,0.040132,104.244.42.0-255,66,208948,53,315470
12349,0.040183,104.244.42.0-255,66,209014,53,315470
12350,0.041068,172.217.194.0-255,5738,214752,53,315470
12351,0.041079,172.31.46.0-255,66,214818,53,315470
12352,0.043173,172.217.194.0-255,5738,220556,53,315470
12353,0.043188,172.31.46.0-255,66,220622,53,315470
12354,0.045263,172.217.194.0-255,5738,226360,53,315470
12355,0.045271,172.31.46.0-255,66,226426,53,315470
12356,0.04731,172.217.194.0-255,5738,232164,53,315470
12357,0.047318,172.31.46.0-255,66,232230,53,315470
12358,0.049384,172.217.194.0-255,5738,237968,53,315470
12359,0.049391,172.31.46.0-255,66,238034,53,315470
12360,0.051481,172.217.194.0-255,5738,243772,53,315470
12361,0.051487,172.31.46.0-255,66,243838,53,315470
12362,0.053542,172.217.194.0-255,5738,249576,53,315470
12363,0.053549,172.31.46.0-255,66,249642,53,315470
12364,0.055628,172.217.194.0-255,5738,255380,53,315470
12365,0.055635,172.31.46.0-255,66,255446,53,315470
12366,0.05773,172.217.194.0-255,5738,261184,53,315470
12367,0.057737,172.31.46.0-255,66,261250,53,315470
12368,0.059794,172.217.194.0-255,5738,266988,53,315470
12369,0.059802,172.31.46.0-255,66,267054,53,315470
12370,0.061833,172.217.194.0-255,5738,272792,53,315470
12371,0.06184,172.31.46.0-255,66,272858,53,315470
12372,0.06391,172.217.194.0-255,5738,278596,53,315470
12373,0.063915,172.31.46.0-255,66,278662,53,315470
12374,0.065987,172.217.194.0-255,5738,284400,53,315470
12375,0.065993,172.31.46.0-255,66,284466,53,315470
12376,0.068034,172.217.194.0-255,5738,290204,53,315470
12377,0.06804,172.31.46.0-255,66,290270,53,315470
12378,0.070152,172.217.194.0-255,5738,296008,53,315470
12379,0.070159,172.31.46.0-255,66,296074,53,315470
12380,0.072217,172.217.194.0-255,5738,301812,53,315470
12381,0.072224,172.31.46.0-255,66,301878,53,315470
12382,0.074269,172.217.194.0-255,5738,307616,53,315470
12383,0.074275,172.31.46.0-255,66,307682,53,315470
12384,0.076331,172.217.194.0-255,5738,313420,53,315470
12385,0.076337,172.31.46.0-255,66,313486,53,315470
12386,0.078389,172.217.194.0-255,1747,315233,53,315470
12387,0.078396,172.31.46.0-255,66,315299,53,315470
12388,0.078739,172.31.46.0-255,105,315404,53,315470
12389,0.080737,172.217.194.0-255,66,315470,53,315470
12390,0.0,172.217.194.0-255,153,153,53,156451
12391,1.3e-05,172.31.46.0-255,66,219,53,156451
12392,1.9e-05,172.217.194.0-255,1484,1703,53,156451
12393,2.2e-05,172.31.46.0-255,66,1769,53,156451
12394,2.7e-05,172.217.194.0-255,2902,4671,53,156451
12395,2.9e-05,172.31.46.0-255,66,4737,53,156451
12396,3.5e-05,172.217.194.0-255,4320,9057,53,156451
12397,3.8e-05,172.31.46.0-255,66,9123,53,156451
12398,6.5e-05,172.217.194.0-255,2902,12025,53,156451
12399,6.7e-05,172.31.46.0-255,66,12091,53,156451
12400,7e-05,172.217.194.0-255,1484,13575,53,156451
12401,7.1e-05,172.31.46.0-255,66,13641,53,156451
12402,8.3e-05,172.31.46.0-255,66,13707,53,156451
12403,8.8e-05,172.217.194.0-255,4320,18027,53,156451
12404,9e-05,172.31.46.0-255,66,18093,53,156451
12405,0.000116,172.217.194.0-255,2543,20636,53,156451
12406,0.000118,172.31.46.0-255,66,20702,53,156451
12407,0.000134,172.217.194.0-255,1484,22186,53,156451
12408,0.000136,172.31.46.0-255,66,22252,53,156451
12409,0.000154,172.217.194.0-255,2902,25154,53,156451
12410,0.000156,172.31.46.0-255,66,25220,53,156451
12411,0.000161,172.217.194.0-255,5738,30958,53,156451
12412,0.000163,172.31.46.0-255,66,31024,53,156451
12413,0.000183,172.217.194.0-255,1484,32508,53,156451
12414,0.000185,172.31.46.0-255,66,32574,53,156451
12415,0.00021,172.31.46.0-255,66,32640,53,156451
12416,0.00022,172.31.46.0-255,66,32706,53,156451
12417,0.000242,172.217.194.0-255,1714,34420,53,156451
12418,0.000243,172.31.46.0-255,66,34486,53,156451
12419,0.000319,172.217.194.0-255,1484,35970,53,156451
12420,0.000331,172.217.194.0-255,2902,38872,53,156451
12421,0.000334,172.31.46.0-255,66,38938,53,156451
12422,0.000339,172.217.194.0-255,4320,43258,53,156451
12423,0.000341,172.31.46.0-255,66,43324,53,156451
12424,0.000351,172.217.194.0-255,1484,44808,53,156451
12425,0.000356,172.217.194.0-255,4320,49128,53,156451
12426,0.000358,172.31.46.0-255,66,49194,53,156451
12427,0.000386,172.31.46.0-255,66,49260,53,156451
12428,0.000408,172.217.194.0-255,2543,51803,53,156451
12429,0.00041,172.31.46.0-255,66,51869,53,156451
12430,0.000416,172.217.194.0-255,6797,58666,53,156451
12431,0.000418,172.31.46.0-255,66,58732,53,156451
12432,0.000488,172.217.194.0-255,1484,60216,53,156451
12433,0.000492,172.217.194.0-255,1484,61700,53,156451
12434,0.000494,172.31.46.0-255,66,61766,53,156451
12435,0.000511,172.217.194.0-255,1484,63250,53,156451
12436,0.000517,172.217.194.0-255,5738,68988,53,156451
12437,0.000519,172.31.46.0-255,66,69054,53,156451
12438,0.000541,172.217.194.0-255,1484,70538,53,156451
12439,0.000578,172.31.46.0-255,66,70604,53,156451
12440,0.00059,172.31.46.0-255,66,70670,53,156451
12441,0.000621,172.31.46.0-255,66,70736,53,156451
12442,0.000631,172.31.46.0-255,66,70802,53,156451
12443,0.000645,172.217.194.0-255,1484,72286,53,156451
12444,0.000703,172.31.46.0-255,66,72352,53,156451
12445,0.000714,172.217.194.0-255,5020,77372,53,156451
12446,0.000716,172.31.46.0-255,66,77438,53,156451
12447,0.001011,172.217.194.0-255,1484,78922,53,156451
12448,0.001025,172.217.194.0-255,2902,81824,53,156451
12449,0.001029,172.31.46.0-255,66,81890,53,156451
12450,0.001032,172.217.194.0-255,1484,83374,53,156451
12451,0.001051,172.217.194.0-255,4320,87694,53,156451
12452,0.001053,172.31.46.0-255,66,87760,53,156451
12453,0.001082,172.31.46.0-255,66,87826,53,156451
12454,0.001122,172.217.194.0-255,7156,94982,53,156451
12455,0.001124,172.31.46.0-255,66,95048,53,156451
12456,0.001146,172.217.194.0-255,6438,101486,53,156451
12457,0.001149,172.31.46.0-255,66,101552,53,156451
12458,0.001262,172.217.194.0-255,1484,103036,53,156451
12459,0.001277,172.217.194.0-255,2902,105938,53,156451
12460,0.00128,172.31.46.0-255,66,106004,53,156451
12461,0.001286,172.217.194.0-255,4320,110324,53,156451
12462,0.001288,172.31.46.0-255,66,110390,53,156451
12463,0.0013,172.217.194.0-255,1484,111874,53,156451
12464,0.001337,172.31.46.0-255,66,111940,53,156451
12465,0.001339,172.217.194.0-255,1484,113424,53,156451
12466,0.001366,172.217.194.0-255,5738,119162,53,156451
12467,0.001368,172.31.46.0-255,66,119228,53,156451
12468,0.001381,172.217.194.0-255,3602,122830,53,156451
12469,0.001383,172.31.46.0-255,66,122896,53,156451
12470,0.001412,172.217.194.0-255,1484,124380,53,156451
12471,0.001427,172.217.194.0-255,2902,127282,53,156451
12472,0.001429,172.31.46.0-255,66,127348,53,156451
12473,0.001452,172.217.194.0-255,5738,133086,53,156451
12474,0.001455,172.31.46.0-255,66,133152,53,156451
12475,0.00146,172.217.194.0-255,4320,137472,53,156451
12476,0.001462,172.31.46.0-255,66,137538,53,156451
12477,0.001495,172.31.46.0-255,66,137604,53,156451
12478,0.001505,172.31.46.0-255,66,137670,53,156451
12479,0.00153,172.217.194.0-255,1484,139154,53,156451
12480,0.001565,172.31.46.0-255,66,139220,53,156451
12481,0.001583,172.217.194.0-255,4320,143540,53,156451
12482,0.001585,172.31.46.0-255,66,143606,53,156451
12483,0.001619,172.31.46.0-255,66,143672,53,156451
12484,0.001626,172.217.194.0-255,7156,150828,53,156451
12485,0.001628,172.31.46.0-255,66,150894,53,156451
12486,0.001661,172.31.46.0-255,66,150960,53,156451
12487,0.001672,172.31.46.0-255,66,151026,53,156451
12488,0.001723,172.31.46.0-255,66,151092,53,156451
12489,0.001776,172.217.194.0-255,736,151828,53,156451
12490,0.001779,172.217.194.0-255,105,151933,53,156451
12491,0.006229,172.31.46.0-255,66,151999,53,156451
12492,0.008435,172.31.46.0-255,105,152104,53,156451
12493,0.010949,172.217.194.0-255,66,152170,53,156451
12494,0.035701,172.31.46.0-255,164,152334,53,156451
12495,0.035748,172.31.46.0-255,1121,153455,53,156451
12496,0.035815,172.31.46.0-255,1514,154969,53,156451
12497,0.035816,172.31.46.0-255,1284,156253,53,156451
12498,0.037192,104.244.42.0-255,66,156319,53,156451
12499,0.037227,104.244.42.0-255,66,156385,53,156451
12500,0.03729,104.244.42.0-255,66,156451,53,156451
12501,0.0,74.125.200.0-255,293,293,53,354448
12502,1.5e-05,172.31.46.0-255,66,359,53,354448
12503,2.2e-05,74.125.200.0-255,1484,1843,53,354448
12504,2.7e-05,172.31.46.0-255,66,1909,53,354448
12505,4.2e-05,74.125.200.0-255,4320,6229,53,354448
12506,4.6e-05,172.31.46.0-255,66,6295,53,354448
12507,4.9e-05,74.125.200.0-255,1484,7779,53,354448
12508,5.2e-05,172.31.46.0-255,66,7845,53,354448
12509,5.7e-05,74.125.200.0-255,2902,10747,53,354448
12510,6e-05,172.31.46.0-255,66,10813,53,354448
12511,6.3e-05,74.125.200.0-255,1484,12297,53,354448
12512,6.6e-05,172.31.46.0-255,66,12363,53,354448
12513,0.000109,74.125.200.0-255,3341,15704,53,354448
12514,0.000112,172.31.46.0-255,66,15770,53,354448
12515,0.000119,74.125.200.0-255,5738,21508,53,354448
12516,0.000125,172.31.46.0-255,66,21574,53,354448
12517,0.000154,74.125.200.0-255,7156,28730,53,354448
12518,0.000157,172.31.46.0-255,66,28796,53,354448
12519,0.000165,74.125.200.0-255,2543,31339,53,354448
12520,0.000168,172.31.46.0-255,66,31405,53,354448
12521,0.000229,74.125.200.0-255,1484,32889,53,354448
12522,0.000231,172.31.46.0-255,66,32955,53,354448
12523,0.000277,74.125.200.0-255,1484,34439,53,354448
12524,0.000279,172.31.46.0-255,66,34505,53,354448
12525,0.000294,74.125.200.0-255,1484,35989,53,354448
12526,0.000297,172.31.46.0-255,66,36055,53,354448
12527,0.000301,74.125.200.0-255,2902,38957,53,354448
12528,0.000303,172.31.46.0-255,66,39023,53,354448
12529,0.000308,74.125.200.0-255,4320,43343,53,354448
12530,0.000311,172.31.46.0-255,66,43409,53,354448
12531,0.00033,74.125.200.0-255,5379,48788,53,354448
12532,0.000333,172.31.46.0-255,66,48854,53,354448
12533,0.00059,74.125.200.0-255,1484,50338,53,354448
12534,0.000595,74.125.200.0-255,1484,51822,53,354448
12535,0.000599,172.31.46.0-255,66,51888,53,354448
12536,0.000634,74.125.200.0-255,2902,54790,53,354448
12537,0.000637,172.31.46.0-255,66,54856,53,354448
12538,0.000652,74.125.200.0-255,1484,56340,53,354448
12539,0.000667,74.125.200.0-255,1484,57824,53,354448
12540,0.000669,172.31.46.0-255,66,57890,53,354448
12541,0.000675,74.125.200.0-255,4320,62210,53,354448
12542,0.000678,172.31.46.0-255,66,62276,53,354448
12543,0.000707,74.125.200.0-255,1484,63760,53,354448
12544,0.000737,74.125.200.0-255,2543,66303,53,354448
12545,0.00074,172.31.46.0-255,66,66369,53,354448
12546,0.0008,74.125.200.0-255,1484,67853,53,354448
12547,0.000818,74.125.200.0-255,2902,70755,53,354448
12548,0.000821,172.31.46.0-255,66,70821,53,354448
12549,0.000902,74.125.200.0-255,5738,76559,53,354448
12550,0.000906,172.31.46.0-255,66,76625,53,354448
12551,0.00091,74.125.200.0-255,2902,79527,53,354448
12552,0.000912,172.31.46.0-255,66,79593,53,354448
12553,0.000958,172.31.46.0-255,66,79659,53,354448
12554,0.001005,172.31.46.0-255,66,79725,53,354448
12555,0.001009,74.125.200.0-255,1706,81431,53,354448
12556,0.001011,172.31.46.0-255,66,81497,53,354448
12557,0.00145,74.125.200.0-255,1484,82981,53,354448
12558,0.001517,74.125.200.0-255,2902,85883,53,354448
12559,0.001523,172.31.46.0-255,66,85949,53,354448
12560,0.00153,74.125.200.0-255,4320,90269,53,354448
12561,0.001532,172.31.46.0-255,66,90335,53,354448
12562,0.001547,172.31.46.0-255,66,90401,53,354448
12563,0.001585,172.31.46.0-255,66,90467,53,354448
12564,0.001626,74.125.200.0-255,2902,93369,53,354448
12565,0.001628,172.31.46.0-255,66,93435,53,354448
12566,0.001641,74.125.200.0-255,1484,94919,53,354448
12567,0.001649,74.125.200.0-255,2184,97103,53,354448
12568,0.001652,172.31.46.0-255,66,97169,53,354448
12569,0.001975,74.125.200.0-255,1484,98653,53,354448
12570,0.001982,74.125.200.0-255,2902,101555,53,354448
12571,0.001986,172.31.46.0-255,66,101621,53,354448
12572,0.002031,74.125.200.0-255,2902,104523,53,354448
12573,0.002034,172.31.46.0-255,66,104589,53,354448
12574,0.002066,74.125.200.0-255,4320,108909,53,354448
12575,0.002068,172.31.46.0-255,66,108975,53,354448
12576,0.002099,74.125.200.0-255,4320,113295,53,354448
12577,0.002102,172.31.46.0-255,66,113361,53,354448
12578,0.002125,74.125.200.0-255,1484,114845,53,354448
12579,0.002133,74.125.200.0-255,7156,122001,53,354448
12580,0.002135,172.31.46.0-255,66,122067,53,354448
12581,0.002139,74.125.200.0-255,1484,123551,53,354448
12582,0.002172,172.31.46.0-255,66,123617,53,354448
12583,0.002175,74.125.200.0-255,1484,125101,53,354448
12584,0.002202,74.125.200.0-255,2902,128003,53,354448
12585,0.002204,172.31.46.0-255,66,128069,53,354448
12586,0.00221,74.125.200.0-255,5738,133807,53,354448
12587,0.002212,172.31.46.0-255,66,133873,53,354448
12588,0.002216,74.125.200.0-255,1484,135357,53,354448
12589,0.002237,74.125.200.0-255,2902,138259,53,354448
12590,0.002239,172.31.46.0-255,66,138325,53,354448
12591,0.002293,74.125.200.0-255,2902,141227,53,354448
12592,0.002297,172.31.46.0-255,66,141293,53,354448
12593,0.002318,74.125.200.0-255,1484,142777,53,354448
12594,0.002323,74.125.200.0-255,2902,145679,53,354448
12595,0.002326,172.31.46.0-255,66,145745,53,354448
12596,0.004568,74.125.200.0-255,1484,147229,53,354448
12597,0.004594,74.125.200.0-255,4320,151549,53,354448
12598,0.004599,172.31.46.0-255,66,151615,53,354448
12599,0.006877,74.125.200.0-255,5738,157353,53,354448
12600,0.006884,172.31.46.0-255,66,157419,53,354448
12601,0.009156,74.125.200.0-255,5738,163157,53,354448
12602,0.009163,172.31.46.0-255,66,163223,53,354448
12603,0.011464,74.125.200.0-255,5738,168961,53,354448
12604,0.011471,172.31.46.0-255,66,169027,53,354448
12605,0.013762,74.125.200.0-255,5738,174765,53,354448
12606,0.01377,172.31.46.0-255,66,174831,53,354448
12607,0.016059,74.125.200.0-255,5738,180569,53,354448
12608,0.016066,172.31.46.0-255,66,180635,53,354448
12609,0.018354,74.125.200.0-255,5738,186373,53,354448
12610,0.018363,172.31.46.0-255,66,186439,53,354448
12611,0.020635,74.125.200.0-255,5738,192177,53,354448
12612,0.020643,172.31.46.0-255,66,192243,53,354448
12613,0.022929,74.125.200.0-255,5738,197981,53,354448
12614,0.022936,172.31.46.0-255,66,198047,53,354448
12615,0.025213,74.125.200.0-255,5738,203785,53,354448
12616,0.025222,172.31.46.0-255,66,203851,53,354448
12617,0.027509,74.125.200.0-255,5738,209589,53,354448
12618,0.02752,172.31.46.0-255,66,209655,53,354448
12619,0.029791,74.125.200.0-255,4320,213975,53,354448
12620,0.029799,172.31.46.0-255,66,214041,53,354448
12621,0.029817,74.125.200.0-255,1484,215525,53,354448
12622,0.032012,172.31.46.0-255,172,215697,53,354448
12623,0.032041,172.31.46.0-255,1112,216809,53,354448
12624,0.032075,74.125.200.0-255,4320,221129,53,354448
12625,0.03208,172.31.46.0-255,66,221195,53,354448
12626,0.032134,172.31.46.0-255,1514,222709,53,354448
12627,0.032136,172.31.46.0-255,1514,224223,53,354448
12628,0.03216,172.31.46.0-255,702,224925,53,354448
12629,0.033522,104.244.42.0-255,66,224991,53,354448
12630,0.033575,104.244.42.0-255,66,225057,53,354448
12631,0.033706,104.244.42.0-255,66,225123,53,354448
12632,0.033709,104.244.42.0-255,66,225189,53,354448
12633,0.034346,74.125.200.0-255,5738,230927,53,354448
12634,0.03435,172.31.46.0-255,66,230993,53,354448
12635,0.036642,74.125.200.0-255,5738,236731,53,354448
12636,0.036648,172.31.46.0-255,66,236797,53,354448
12637,0.038922,74.125.200.0-255,5738,242535,53,354448
12638,0.038929,172.31.46.0-255,66,242601,53,354448
12639,0.04121,74.125.200.0-255,5738,248339,53,354448
12640,0.041222,172.31.46.0-255,66,248405,53,354448
12641,0.043517,74.125.200.0-255,5738,254143,53,354448
12642,0.043524,172.31.46.0-255,66,254209,53,354448
12643,0.045803,74.125.200.0-255,5738,259947,53,354448
12644,0.045811,172.31.46.0-255,66,260013,53,354448
12645,0.048095,74.125.200.0-255,5738,265751,53,354448
12646,0.048101,172.31.46.0-255,66,265817,53,354448
12647,0.050441,74.125.200.0-255,5738,271555,53,354448
12648,0.050447,172.31.46.0-255,66,271621,53,354448
12649,0.052771,74.125.200.0-255,5738,277359,53,354448
12650,0.052777,172.31.46.0-255,66,277425,53,354448
12651,0.055056,74.125.200.0-255,5738,283163,53,354448
12652,0.055062,172.31.46.0-255,66,283229,53,354448
12653,0.057349,74.125.200.0-255,5738,288967,53,354448
12654,0.057356,172.31.46.0-255,66,289033,53,354448
12655,0.059651,74.125.200.0-255,5738,294771,53,354448
12656,0.059658,172.31.46.0-255,66,294837,53,354448
12657,0.061954,74.125.200.0-255,5738,300575,53,354448
12658,0.061961,172.31.46.0-255,66,300641,53,354448
12659,0.064253,74.125.200.0-255,5738,306379,53,354448
12660,0.064259,172.31.46.0-255,66,306445,53,354448
12661,0.066536,74.125.200.0-255,5738,312183,53,354448
12662,0.066543,172.31.46.0-255,66,312249,53,354448
12663,0.068819,74.125.200.0-255,5738,317987,53,354448
12664,0.068826,172.31.46.0-255,66,318053,53,354448
12665,0.071113,74.125.200.0-255,5738,323791,53,354448
12666,0.071122,172.31.46.0-255,66,323857,53,354448
12667,0.073401,74.125.200.0-255,5738,329595,53,354448
12668,0.073407,172.31.46.0-255,66,329661,53,354448
12669,0.075702,74.125.200.0-255,5738,335399,53,354448
12670,0.075709,172.31.46.0-255,66,335465,53,354448
12671,0.077993,74.125.200.0-255,5738,341203,53,354448
12672,0.078,172.31.46.0-255,66,341269,53,354448
12673,0.080266,74.125.200.0-255,2902,344171,53,354448
12674,0.080273,172.31.46.0-255,66,344237,53,354448
12675,0.0803,74.125.200.0-255,2902,347139,53,354448
12676,0.080303,172.31.46.0-255,66,347205,53,354448
12677,0.082551,74.125.200.0-255,4320,351525,53,354448
12678,0.082558,172.31.46.0-255,66,351591,53,354448
12679,0.082585,74.125.200.0-255,1484,353075,53,354448
12680,0.084844,74.125.200.0-255,1136,354211,53,354448
12681,0.08485,172.31.46.0-255,66,354277,53,354448
12682,0.084997,172.31.46.0-255,105,354382,53,354448
12683,0.087259,74.125.200.0-255,66,354448,53,354448
12684,0.0,74.125.24.0-255,291,291,53,247595
12685,1.5e-05,172.31.46.0-255,66,357,53,247595
12686,4.9e-05,74.125.24.0-255,1484,1841,53,247595
12687,5.4e-05,172.31.46.0-255,66,1907,53,247595
12688,5.7e-05,74.125.24.0-255,1484,3391,53,247595
12689,6e-05,172.31.46.0-255,66,3457,53,247595
12690,9.1e-05,74.125.24.0-255,2902,6359,53,247595
12691,9.4e-05,172.31.46.0-255,66,6425,53,247595
12692,9.8e-05,74.125.24.0-255,2902,9327,53,247595
12693,0.000101,172.31.46.0-255,66,9393,53,247595
12694,0.000137,74.125.24.0-255,4684,14077,53,247595
12695,0.00014,172.31.46.0-255,66,14143,53,247595
12696,0.000164,74.125.24.0-255,1484,15627,53,247595
12697,0.000166,172.31.46.0-255,66,15693,53,247595
12698,0.000192,74.125.24.0-255,4320,20013,53,247595
12699,0.000196,74.125.24.0-255,2902,22915,53,247595
12700,0.0002,172.31.46.0-255,66,22981,53,247595
12701,0.000202,172.31.46.0-255,66,23047,53,247595
12702,0.00025,172.31.46.0-255,66,23113,53,247595
12703,0.000257,74.125.24.0-255,7156,30269,53,247595
12704,0.000259,172.31.46.0-255,66,30335,53,247595
12705,0.00029,74.125.24.0-255,4320,34655,53,247595
12706,0.000292,172.31.46.0-255,66,34721,53,247595
12707,0.000296,74.125.24.0-255,2543,37264,53,247595
12708,0.000299,172.31.46.0-255,66,37330,53,247595
12709,0.000327,74.125.24.0-255,2902,40232,53,247595
12710,0.00033,172.31.46.0-255,66,40298,53,247595
12711,0.000364,74.125.24.0-255,5738,46036,53,247595
12712,0.000367,172.31.46.0-255,66,46102,53,247595
12713,0.000396,74.125.24.0-255,4320,50422,53,247595
12714,0.000399,172.31.46.0-255,66,50488,53,247595
12715,0.000419,74.125.24.0-255,4293,54781,53,247595
12716,0.000421,172.31.46.0-255,66,54847,53,247595
12717,0.000561,74.125.24.0-255,345,55192,53,247595
12718,0.000664,74.125.24.0-255,1484,56676,53,247595
12719,0.000669,172.31.46.0-255,66,56742,53,247595
12720,0.000675,74.125.24.0-255,2902,59644,53,247595
12721,0.000677,172.31.46.0-255,66,59710,53,247595
12722,0.000685,74.125.24.0-255,5738,65448,53,247595
12723,0.000694,172.31.46.0-255,66,65514,53,247595
12724,0.000699,74.125.24.0-255,4320,69834,53,247595
12725,0.000703,172.31.46.0-255,66,69900,53,247595
12726,0.000745,74.125.24.0-255,3961,73861,53,247595
12727,0.000748,172.31.46.0-255,66,73927,53,247595
12728,0.000754,74.125.24.0-255,4320,78247,53,247595
12729,0.000756,172.31.46.0-255,66,78313,53,247595
12730,0.000794,74.125.24.0-255,1125,79438,53,247595
12731,0.000798,172.31.46.0-255,66,79504,53,247595
12732,0.000911,172.31.46.0-255,101,79605,53,247595
12733,0.00134,74.125.24.0-255,1484,81089,53,247595
12734,0.001345,74.125.24.0-255,1484,82573,53,247595
12735,0.001349,172.31.46.0-255,66,82639,53,247595
12736,0.001374,74.125.24.0-255,1484,84123,53,247595
12737,0.001381,74.125.24.0-255,5738,89861,53,247595
12738,0.001384,172.31.46.0-255,66,89927,53,247595
12739,0.001391,74.125.24.0-255,7156,97083,53,247595
12740,0.001394,172.31.46.0-255,66,97149,53,247595
12741,0.001423,74.125.24.0-255,5738,102887,53,247595
12742,0.001425,172.31.46.0-255,66,102953,53,247595
12743,0.00144,172.31.46.0-255,66,103019,53,247595
12744,0.001497,74.125.24.0-255,2184,105203,53,247595
12745,0.0015,172.31.46.0-255,66,105269,53,247595
12746,0.00176,74.125.24.0-255,1484,106753,53,247595
12747,0.001767,74.125.24.0-255,2902,109655,53,247595
12748,0.001771,172.31.46.0-255,66,109721,53,247595
12749,0.0018,74.125.24.0-255,5738,115459,53,247595
12750,0.001803,172.31.46.0-255,66,115525,53,247595
12751,0.001809,74.125.24.0-255,5738,121263,53,247595
12752,0.001811,172.31.46.0-255,66,121329,53,247595
12753,0.001819,74.125.24.0-255,1484,122813,53,247595
12754,0.001853,172.31.46.0-255,66,122879,53,247595
12755,0.001859,74.125.24.0-255,5020,127899,53,247595
12756,0.001861,172.31.46.0-255,66,127965,53,247595
12757,0.001904,74.125.24.0-255,1484,129449,53,247595
12758,0.001909,74.125.24.0-255,2902,132351,53,247595
12759,0.001911,172.31.46.0-255,66,132417,53,247595
12760,0.001943,74.125.24.0-255,5738,138155,53,247595
12761,0.001946,172.31.46.0-255,66,138221,53,247595
12762,0.001959,172.31.46.0-255,66,138287,53,247595
12763,0.001975,74.125.24.0-255,1484,139771,53,247595
12764,0.001997,74.125.24.0-255,5738,145509,53,247595
12765,0.002002,172.31.46.0-255,66,145575,53,247595
12766,0.00202,74.125.24.0-255,5020,150595,53,247595
12767,0.002023,172.31.46.0-255,66,150661,53,247595
12768,0.00205,172.31.46.0-255,66,150727,53,247595
12769,0.002057,74.125.24.0-255,5738,156465,53,247595
12770,0.00206,172.31.46.0-255,66,156531,53,247595
12771,0.002084,74.125.24.0-255,4320,160851,53,247595
12772,0.00209,172.31.46.0-255,66,160917,53,247595
12773,0.002093,74.125.24.0-255,1484,162401,53,247595
12774,0.002133,172.31.46.0-255,66,162467,53,247595
12775,0.002139,74.125.24.0-255,4320,166787,53,247595
12776,0.002141,172.31.46.0-255,66,166853,53,247595
12777,0.002172,172.31.46.0-255,66,166919,53,247595
12778,0.00219,172.31.46.0-255,66,166985,53,247595
12779,0.002236,172.31.46.0-255,66,167051,53,247595
12780,0.002273,172.31.46.0-255,66,167117,53,247595
12781,0.002291,172.31.46.0-255,66,167183,53,247595
12782,0.002298,74.125.24.0-255,6438,173621,53,247595
12783,0.0023,172.31.46.0-255,66,173687,53,247595
12784,0.002308,74.125.24.0-255,7156,180843,53,247595
12785,0.00231,172.31.46.0-255,66,180909,53,247595
12786,0.002313,74.125.24.0-255,1484,182393,53,247595
12787,0.002356,172.31.46.0-255,66,182459,53,247595
12788,0.002423,172.31.46.0-255,66,182525,53,247595
12789,0.003216,74.125.24.0-255,66,182591,53,247595
12790,0.00475,74.125.24.0-255,5738,188329,53,247595
12791,0.004757,172.31.46.0-255,66,188395,53,247595
12792,0.007098,74.125.24.0-255,5738,194133,53,247595
12793,0.007104,172.31.46.0-255,66,194199,53,247595
12794,0.009438,74.125.24.0-255,5738,199937,53,247595
12795,0.009441,172.31.46.0-255,66,200003,53,247595
12796,0.011754,74.125.24.0-255,5738,205741,53,247595
12797,0.011761,172.31.46.0-255,66,205807,53,247595
12798,0.014061,74.125.24.0-255,5738,211545,53,247595
12799,0.01407,172.31.46.0-255,66,211611,53,247595
12800,0.016417,74.125.24.0-255,5738,217349,53,247595
12801,0.016425,172.31.46.0-255,66,217415,53,247595
12802,0.018778,74.125.24.0-255,5738,223153,53,247595
12803,0.018787,172.31.46.0-255,66,223219,53,247595
12804,0.021145,74.125.24.0-255,5738,228957,53,247595
12805,0.021157,172.31.46.0-255,66,229023,53,247595
12806,0.023496,74.125.24.0-255,5738,234761,53,247595
12807,0.023505,172.31.46.0-255,66,234827,53,247595
12808,0.025858,74.125.24.0-255,3256,238083,53,247595
12809,0.025866,172.31.46.0-255,66,238149,53,247595
12810,0.026067,172.31.46.0-255,105,238254,53,247595
12811,0.033553,74.125.24.0-255,66,238320,53,247595
12812,0.040312,172.31.46.0-255,188,238508,53,247595
12813,0.040348,172.31.46.0-255,953,239461,53,247595
12814,0.040417,172.31.46.0-255,1514,240975,53,247595
12815,0.040419,172.31.46.0-255,1514,242489,53,247595
12816,0.04042,172.31.46.0-255,1514,244003,53,247595
12817,0.040421,172.31.46.0-255,1514,245517,53,247595
12818,0.040448,172.31.46.0-255,1514,247031,53,247595
12819,0.040449,172.31.46.0-255,300,247331,53,247595
12820,0.041801,104.244.42.0-255,66,247397,53,247595
12821,0.041831,104.244.42.0-255,66,247463,53,247595
12822,0.041963,104.244.42.0-255,66,247529,53,247595
12823,0.04199,104.244.42.0-255,66,247595,53,247595
12824,0.0,52.33.55.0-255,66,66,53,66
12825,0.0,74.125.24.0-255,152,152,53,323970
12826,1.6e-05,172.31.46.0-255,66,218,53,323970
12827,2.3e-05,74.125.24.0-255,1484,1702,53,323970
12828,2.8e-05,172.31.46.0-255,66,1768,53,323970
12829,3.4e-05,74.125.24.0-255,2902,4670,53,323970
12830,3.7e-05,172.31.46.0-255,66,4736,53,323970
12831,4.3e-05,74.125.24.0-255,4320,9056,53,323970
12832,4.6e-05,172.31.46.0-255,66,9122,53,323970
12833,6.3e-05,74.125.24.0-255,2902,12024,53,323970
12834,6.5e-05,172.31.46.0-255,66,12090,53,323970
12835,7e-05,74.125.24.0-255,2107,14197,53,323970
12836,7.2e-05,172.31.46.0-255,66,14263,53,323970
12837,0.000144,74.125.24.0-255,1484,15747,53,323970
12838,0.000147,172.31.46.0-255,66,15813,53,323970
12839,0.000166,74.125.24.0-255,2902,18715,53,323970
12840,0.000168,172.31.46.0-255,66,18781,53,323970
12841,0.000193,74.125.24.0-255,5738,24519,53,323970
12842,0.000196,172.31.46.0-255,66,24585,53,323970
12843,0.000272,74.125.24.0-255,4320,28905,53,323970
12844,0.000275,172.31.46.0-255,66,28971,53,323970
12845,0.000305,172.31.46.0-255,66,29037,53,323970
12846,0.000317,172.31.46.0-255,66,29103,53,323970
12847,0.000753,74.125.24.0-255,1484,30587,53,323970
12848,0.00076,172.31.46.0-255,66,30653,53,323970
12849,0.000766,74.125.24.0-255,2902,33555,53,323970
12850,0.00077,172.31.46.0-255,66,33621,53,323970
12851,0.000776,74.125.24.0-255,5738,39359,53,323970
12852,0.000779,172.31.46.0-255,66,39425,53,323970
12853,0.000786,74.125.24.0-255,6797,46222,53,323970
12854,0.000789,172.31.46.0-255,66,46288,53,323970
12855,0.000824,74.125.24.0-255,2063,48351,53,323970
12856,0.000828,172.31.46.0-255,66,48417,53,323970
12857,0.000831,74.125.24.0-255,1484,49901,53,323970
12858,0.000847,74.125.24.0-255,1484,51385,53,323970
12859,0.00085,172.31.46.0-255,66,51451,53,323970
12860,0.000857,74.125.24.0-255,7156,58607,53,323970
12861,0.00086,172.31.46.0-255,66,58673,53,323970
12862,0.000883,74.125.24.0-255,5379,64052,53,323970
12863,0.000886,172.31.46.0-255,66,64118,53,323970
12864,0.000898,74.125.24.0-255,1484,65602,53,323970
12865,0.000917,74.125.24.0-255,4320,69922,53,323970
12866,0.00092,172.31.46.0-255,66,69988,53,323970
12867,0.000963,172.31.46.0-255,66,70054,53,323970
12868,0.000977,74.125.24.0-255,2543,72597,53,323970
12869,0.00098,172.31.46.0-255,66,72663,53,323970
12870,0.001209,74.125.24.0-255,1484,74147,53,323970
12871,0.001228,74.125.24.0-255,2902,77049,53,323970
12872,0.001232,172.31.46.0-255,66,77115,53,323970
12873,0.001239,74.125.24.0-255,4320,81435,53,323970
12874,0.001241,172.31.46.0-255,66,81501,53,323970
12875,0.001256,74.125.24.0-255,1484,82985,53,323970
12876,0.001263,74.125.24.0-255,5738,88723,53,323970
12877,0.001266,172.31.46.0-255,66,88789,53,323970
12878,0.001291,74.125.24.0-255,4320,93109,53,323970
12879,0.001293,172.31.46.0-255,66,93175,53,323970
12880,0.001307,172.31.46.0-255,66,93241,53,323970
12881,0.001322,74.125.24.0-255,766,94007,53,323970
12882,0.002233,74.125.24.0-255,1484,95491,53,323970
12883,0.00224,172.31.46.0-255,66,95557,53,323970
12884,0.002246,74.125.24.0-255,2902,98459,53,323970
12885,0.002249,172.31.46.0-255,66,98525,53,323970
12886,0.002255,74.125.24.0-255,4320,102845,53,323970
12887,0.002258,172.31.46.0-255,66,102911,53,323970
12888,0.002281,74.125.24.0-255,1484,104395,53,323970
12889,0.002285,74.125.24.0-255,2902,107297,53,323970
12890,0.002288,172.31.46.0-255,66,107363,53,323970
12891,0.002315,172.31.46.0-255,66,107429,53,323970
12892,0.002349,74.125.24.0-255,1484,108913,53,323970
12893,0.002371,74.125.24.0-255,7156,116069,53,323970
12894,0.002373,172.31.46.0-255,66,116135,53,323970
12895,0.002392,74.125.24.0-255,2184,118319,53,323970
12896,0.002395,172.31.46.0-255,66,118385,53,323970
12897,0.002443,74.125.24.0-255,1484,119869,53,323970
12898,0.002449,74.125.24.0-255,2902,122771,53,323970
12899,0.002452,172.31.46.0-255,66,122837,53,323970
12900,0.002458,74.125.24.0-255,5738,128575,53,323970
12901,0.002461,172.31.46.0-255,66,128641,53,323970
12902,0.002483,74.125.24.0-255,4320,132961,53,323970
12903,0.002486,172.31.46.0-255,66,133027,53,323970
12904,0.002512,172.31.46.0-255,66,133093,53,323970
12905,0.002525,172.31.46.0-255,66,133159,53,323970
12906,0.002601,172.31.46.0-255,66,133225,53,323970
12907,0.00263,172.31.46.0-255,66,133291,53,323970
12908,0.002636,74.125.24.0-255,5738,139029,53,323970
12909,0.002639,172.31.46.0-255,66,139095,53,323970
12910,0.005231,74.125.24.0-255,5738,144833,53,323970
12911,0.005238,172.31.46.0-255,66,144899,53,323970
12912,0.007787,74.125.24.0-255,5738,150637,53,323970
12913,0.007796,172.31.46.0-255,66,150703,53,323970
12914,0.010322,74.125.24.0-255,5738,156441,53,323970
12915,0.010331,172.31.46.0-255,66,156507,53,323970
12916,0.012875,74.125.24.0-255,5738,162245,53,323970
12917,0.012883,172.31.46.0-255,66,162311,53,323970
12918,0.015421,74.125.24.0-255,5738,168049,53,323970
12919,0.015429,172.31.46.0-255,66,168115,53,323970
12920,0.017993,74.125.24.0-255,5738,173853,53,323970
12921,0.018003,172.31.46.0-255,66,173919,53,323970
12922,0.020577,74.125.24.0-255,5738,179657,53,323970
12923,0.020605,172.31.46.0-255,66,179723,53,323970
12924,0.023194,74.125.24.0-255,5738,185461,53,323970
12925,0.02321,172.31.46.0-255,66,185527,53,323970
12926,0.025789,74.125.24.0-255,5738,191265,53,323970
12927,0.025799,172.31.46.0-255,66,191331,53,323970
12928,0.028383,74.125.24.0-255,5738,197069,53,323970
12929,0.028398,172.31.46.0-255,66,197135,53,323970
12930,0.030855,172.31.46.0-255,188,197323,53,323970
12931,0.030884,172.31.46.0-255,953,198276,53,323970
12932,0.030918,74.125.24.0-255,4320,202596,53,323970
12933,0.030924,172.31.46.0-255,66,202662,53,323970
12934,0.030936,74.125.24.0-255,1484,204146,53,323970
12935,0.030975,172.31.46.0-255,1514,205660,53,323970
12936,0.030977,172.31.46.0-255,1514,207174,53,323970
12937,0.031003,172.31.46.0-255,860,208034,53,323970
12938,0.032439,104.244.42.0-255,66,208100,53,323970
12939,0.032449,104.244.42.0-255,66,208166,53,323970
12940,0.032529,104.244.42.0-255,66,208232,53,323970
12941,0.032533,104.244.42.0-255,66,208298,53,323970
12942,0.0332,104.244.42.0-255,108,208406,53,323970
12943,0.033212,172.31.46.0-255,66,208472,53,323970
12944,0.033522,74.125.24.0-255,2902,211374,53,323970
12945,0.033529,172.31.46.0-255,66,211440,53,323970
12946,0.036094,74.125.24.0-255,5738,217178,53,323970
12947,0.0361,172.31.46.0-255,66,217244,53,323970
12948,0.038656,74.125.24.0-255,5738,222982,53,323970
12949,0.038664,172.31.46.0-255,66,223048,53,323970
12950,0.041192,74.125.24.0-255,5738,228786,53,323970
12951,0.041199,172.31.46.0-255,66,228852,53,323970
12952,0.043806,74.125.24.0-255,5738,234590,53,323970
12953,0.043813,172.31.46.0-255,66,234656,53,323970
12954,0.046376,74.125.24.0-255,5738,240394,53,323970
12955,0.046383,172.31.46.0-255,66,240460,53,323970
12956,0.048943,74.125.24.0-255,5738,246198,53,323970
12957,0.04895,172.31.46.0-255,66,246264,53,323970
12958,0.051538,74.125.24.0-255,5738,252002,53,323970
12959,0.051545,172.31.46.0-255,66,252068,53,323970
12960,0.054102,74.125.24.0-255,5738,257806,53,323970
12961,0.054109,172.31.46.0-255,66,257872,53,323970
12962,0.056633,74.125.24.0-255,5738,263610,53,323970
12963,0.05664,172.31.46.0-255,66,263676,53,323970
12964,0.059194,74.125.24.0-255,5738,269414,53,323970
12965,0.059203,172.31.46.0-255,66,269480,53,323970
12966,0.061812,74.125.24.0-255,5738,275218,53,323970
12967,0.061821,172.31.46.0-255,66,275284,53,323970
12968,0.064398,74.125.24.0-255,5738,281022,53,323970
12969,0.064405,172.31.46.0-255,66,281088,53,323970
12970,0.066949,74.125.24.0-255,5738,286826,53,323970
12971,0.066957,172.31.46.0-255,66,286892,53,323970
12972,0.069499,74.125.24.0-255,5738,292630,53,323970
12973,0.06951,172.31.46.0-255,66,292696,53,323970
12974,0.072074,74.125.24.0-255,5738,298434,53,323970
12975,0.07208,172.31.46.0-255,66,298500,53,323970
12976,0.07468,74.125.24.0-255,5738,304238,53,323970
12977,0.074692,172.31.46.0-255,66,304304,53,323970
12978,0.077216,74.125.24.0-255,5738,310042,53,323970
12979,0.077228,172.31.46.0-255,66,310108,53,323970
12980,0.079809,74.125.24.0-255,5738,315846,53,323970
12981,0.079825,172.31.46.0-255,66,315912,53,323970
12982,0.08245,74.125.24.0-255,5738,321650,53,323970
12983,0.082467,172.31.46.0-255,66,321716,53,323970
12984,0.084989,74.125.24.0-255,2017,323733,53,323970
12985,0.085,172.31.46.0-255,66,323799,53,323970
12986,0.085196,172.31.46.0-255,105,323904,53,323970
12987,0.087742,74.125.24.0-255,66,323970,53,323970
12988,0.0,172.217.194.0-255,152,152,53,264412
12989,2e-05,172.31.46.0-255,66,218,53,264412
12990,2.7e-05,172.217.194.0-255,1484,1702,53,264412
12991,3.1e-05,172.31.46.0-255,66,1768,53,264412
12992,3.6e-05,172.217.194.0-255,2902,4670,53,264412
12993,3.9e-05,172.31.46.0-255,66,4736,53,264412
12994,4.2e-05,172.217.194.0-255,1484,6220,53,264412
12995,4.4e-05,172.31.46.0-255,66,6286,53,264412
12996,6.6e-05,172.217.194.0-255,4320,10606,53,264412
12997,6.8e-05,172.31.46.0-255,66,10672,53,264412
12998,7.1e-05,172.217.194.0-255,1484,12156,53,264412
12999,7.3e-05,172.31.46.0-255,66,12222,53,264412
13000,0.000111,172.31.46.0-255,66,12288,53,264412
13001,0.000114,172.217.194.0-255,1484,13772,53,264412
13002,0.000115,172.31.46.0-255,66,13838,53,264412
13003,0.000153,172.217.194.0-255,1484,15322,53,264412
13004,0.000155,172.31.46.0-255,66,15388,53,264412
13005,0.000177,172.217.194.0-255,6797,22185,53,264412
13006,0.000179,172.31.46.0-255,66,22251,53,264412
13007,0.000219,172.217.194.0-255,1484,23735,53,264412
13008,0.000222,172.31.46.0-255,66,23801,53,264412
13009,0.000226,172.217.194.0-255,2902,26703,53,264412
13010,0.000228,172.31.46.0-255,66,26769,53,264412
13011,0.000243,172.217.194.0-255,2902,29671,53,264412
13012,0.000245,172.31.46.0-255,66,29737,53,264412
13013,0.000262,172.217.194.0-255,2902,32639,53,264412
13014,0.000264,172.31.46.0-255,66,32705,53,264412
13015,0.000296,172.31.46.0-255,66,32771,53,264412
13016,0.000311,172.217.194.0-255,7156,39927,53,264412
13017,0.000314,172.31.46.0-255,66,39993,53,264412
13018,0.000345,172.217.194.0-255,5738,45731,53,264412
13019,0.000347,172.31.46.0-255,66,45797,53,264412
13020,0.00035,172.217.194.0-255,766,46563,53,264412
13021,0.000396,172.217.194.0-255,336,46899,53,264412
13022,0.000423,172.217.194.0-255,117,47016,53,264412
13023,0.000697,172.217.194.0-255,1484,48500,53,264412
13024,0.000701,172.31.46.0-255,66,48566,53,264412
13025,0.000706,172.217.194.0-255,2902,51468,53,264412
13026,0.000708,172.31.46.0-255,66,51534,53,264412
13027,0.000711,172.217.194.0-255,1484,53018,53,264412
13028,0.000736,172.217.194.0-255,4320,57338,53,264412
13029,0.000739,172.31.46.0-255,66,57404,53,264412
13030,0.000796,172.31.46.0-255,66,57470,53,264412
13031,0.0008,172.217.194.0-255,4320,61790,53,264412
13032,0.000802,172.31.46.0-255,66,61856,53,264412
13033,0.000816,172.217.194.0-255,5738,67594,53,264412
13034,0.000818,172.31.46.0-255,66,67660,53,264412
13035,0.000838,172.217.194.0-255,766,68426,53,264412
13036,0.000901,172.217.194.0-255,1484,69910,53,264412
13037,0.000907,172.31.46.0-255,101,70011,53,264412
13038,0.000915,172.217.194.0-255,2902,72913,53,264412
13039,0.000917,172.217.194.0-255,1484,74397,53,264412
13040,0.000925,172.31.46.0-255,66,74463,53,264412
13041,0.000944,172.217.194.0-255,4320,78783,53,264412
13042,0.000946,172.217.194.0-255,1484,80267,53,264412
13043,0.00095,172.31.46.0-255,66,80333,53,264412
13044,0.000979,172.217.194.0-255,4320,84653,53,264412
13045,0.000983,172.31.46.0-255,66,84719,53,264412
13046,0.000986,172.31.46.0-255,66,84785,53,264412
13047,0.000995,172.217.194.0-255,5738,90523,53,264412
13048,0.000998,172.31.46.0-255,66,90589,53,264412
13049,0.00104,172.31.46.0-255,66,90655,53,264412
13050,0.00106,172.217.194.0-255,5020,95675,53,264412
13051,0.001062,172.31.46.0-255,66,95741,53,264412
13052,0.001066,172.217.194.0-255,2902,98643,53,264412
13053,0.001068,172.31.46.0-255,66,98709,53,264412
13054,0.001102,172.31.46.0-255,66,98775,53,264412
13055,0.001108,172.217.194.0-255,6438,105213,53,264412
13056,0.001111,172.31.46.0-255,66,105279,53,264412
13057,0.001249,172.217.194.0-255,1484,106763,53,264412
13058,0.001253,172.217.194.0-255,1484,108247,53,264412
13059,0.001256,172.31.46.0-255,66,108313,53,264412
13060,0.001274,172.217.194.0-255,1484,109797,53,264412
13061,0.00128,172.217.194.0-255,5738,115535,53,264412
13062,0.001282,172.31.46.0-255,66,115601,53,264412
13063,0.001288,172.217.194.0-255,4320,119921,53,264412
13064,0.001289,172.31.46.0-255,66,119987,53,264412
13065,0.001303,172.217.194.0-255,2902,122889,53,264412
13066,0.001305,172.31.46.0-255,66,122955,53,264412
13067,0.001342,172.31.46.0-255,66,123021,53,264412
13068,0.001346,172.217.194.0-255,2184,125205,53,264412
13069,0.001348,172.31.46.0-255,66,125271,53,264412
13070,0.001604,172.217.194.0-255,1484,126755,53,264412
13071,0.001609,172.217.194.0-255,2902,129657,53,264412
13072,0.001613,172.31.46.0-255,66,129723,53,264412
13073,0.001639,172.217.194.0-255,5738,135461,53,264412
13074,0.001642,172.217.194.0-255,2902,138363,53,264412
13075,0.001645,172.31.46.0-255,66,138429,53,264412
13076,0.001651,172.31.46.0-255,66,138495,53,264412
13077,0.001655,172.217.194.0-255,1484,139979,53,264412
13078,0.001674,172.217.194.0-255,7156,147135,53,264412
13079,0.001676,172.31.46.0-255,66,147201,53,264412
13080,0.0017,172.217.194.0-255,1484,148685,53,264412
13081,0.001713,172.31.46.0-255,66,148751,53,264412
13082,0.001733,172.217.194.0-255,5738,154489,53,264412
13083,0.001736,172.31.46.0-255,66,154555,53,264412
13084,0.001759,172.217.194.0-255,5738,160293,53,264412
13085,0.001763,172.31.46.0-255,66,160359,53,264412
13086,0.001766,172.217.194.0-255,2902,163261,53,264412
13087,0.001768,172.31.46.0-255,66,163327,53,264412
13088,0.001791,172.217.194.0-255,7156,170483,53,264412
13089,0.001795,172.31.46.0-255,66,170549,53,264412
13090,0.001827,172.217.194.0-255,7156,177705,53,264412
13091,0.001829,172.31.46.0-255,66,177771,53,264412
13092,0.001843,172.217.194.0-255,5020,182791,53,264412
13093,0.001845,172.31.46.0-255,66,182857,53,264412
13094,0.001849,172.217.194.0-255,2902,185759,53,264412
13095,0.00185,172.31.46.0-255,66,185825,53,264412
13096,0.001855,172.217.194.0-255,4320,190145,53,264412
13097,0.001858,172.31.46.0-255,66,190211,53,264412
13098,0.00186,172.217.194.0-255,1484,191695,53,264412
13099,0.001883,172.217.194.0-255,7156,198851,53,264412
13100,0.001885,172.31.46.0-255,66,198917,53,264412
13101,0.001907,172.217.194.0-255,5738,204655,53,264412
13102,0.00191,172.31.46.0-255,66,204721,53,264412
13103,0.001916,172.217.194.0-255,7156,211877,53,264412
13104,0.001918,172.31.46.0-255,66,211943,53,264412
13105,0.001953,172.217.194.0-255,5020,216963,53,264412
13106,0.001956,172.31.46.0-255,66,217029,53,264412
13107,0.001972,172.217.194.0-255,1484,218513,53,264412
13108,0.00199,172.217.194.0-255,4320,222833,53,264412
13109,0.001992,172.31.46.0-255,66,222899,53,264412
13110,0.002003,172.31.46.0-255,66,222965,53,264412
13111,0.002013,172.217.194.0-255,1484,224449,53,264412
13112,0.002033,172.31.46.0-255,66,224515,53,264412
13113,0.002048,172.217.194.0-255,4320,228835,53,264412
13114,0.00205,172.31.46.0-255,66,228901,53,264412
13115,0.002056,172.217.194.0-255,5738,234639,53,264412
13116,0.002058,172.31.46.0-255,66,234705,53,264412
13117,0.002093,172.31.46.0-255,66,234771,53,264412
13118,0.00211,172.217.194.0-255,2902,237673,53,264412
13119,0.002124,172.31.46.0-255,66,237739,53,264412
13120,0.00214,172.217.194.0-255,3602,241341,53,264412
13121,0.002145,172.217.194.0-255,5738,247079,53,264412
13122,0.002162,172.31.46.0-255,66,247145,53,264412
13123,0.002951,172.217.194.0-255,66,247211,53,264412
13124,0.004261,172.217.194.0-255,5738,252949,53,264412
13125,0.010207,172.31.46.0-255,66,253015,53,264412
13126,0.011918,172.217.194.0-255,1484,254499,53,264412
13127,0.012309,172.217.194.0-255,4320,258819,53,264412
13128,0.012315,172.31.46.0-255,66,258885,53,264412
13129,0.014407,172.217.194.0-255,1074,259959,53,264412
13130,0.017904,172.31.46.0-255,105,260064,53,264412
13131,0.0239,172.217.194.0-255,66,260130,53,264412
13132,0.032601,172.31.46.0-255,167,260297,53,264412
13133,0.032628,172.31.46.0-255,1112,261409,53,264412
13134,0.03268,172.31.46.0-255,1514,262923,53,264412
13135,0.032681,172.31.46.0-255,1291,264214,53,264412
13136,0.034167,104.244.42.0-255,66,264280,53,264412
13137,0.0342,104.244.42.0-255,66,264346,53,264412
13138,0.034223,104.244.42.0-255,66,264412,53,264412
13139,0.0,74.125.24.0-255,146,146,53,309259
13140,2.6e-05,172.31.46.0-255,66,212,53,309259
13141,3.3e-05,74.125.24.0-255,1484,1696,53,309259
13142,3.8e-05,172.31.46.0-255,66,1762,53,309259
13143,4.4e-05,74.125.24.0-255,2902,4664,53,309259
13144,4.7e-05,172.31.46.0-255,66,4730,53,309259
13145,5.3e-05,74.125.24.0-255,4320,9050,53,309259
13146,5.6e-05,172.31.46.0-255,66,9116,53,309259
13147,9.1e-05,74.125.24.0-255,1484,10600,53,309259
13148,9.3e-05,172.31.46.0-255,66,10666,53,309259
13149,0.000111,74.125.24.0-255,3547,14213,53,309259
13150,0.000114,172.31.46.0-255,66,14279,53,309259
13151,0.00016,74.125.24.0-255,1484,15763,53,309259
13152,0.000163,172.31.46.0-255,66,15829,53,309259
13153,0.000167,74.125.24.0-255,1484,17313,53,309259
13154,0.000168,172.31.46.0-255,66,17379,53,309259
13155,0.000182,74.125.24.0-255,1484,18863,53,309259
13156,0.000184,172.31.46.0-255,66,18929,53,309259
13157,0.000201,74.125.24.0-255,2902,21831,53,309259
13158,0.000203,172.31.46.0-255,66,21897,53,309259
13159,0.00022,74.125.24.0-255,1484,23381,53,309259
13160,0.000222,172.31.46.0-255,66,23447,53,309259
13161,0.000265,172.31.46.0-255,66,23513,53,309259
13162,0.000365,74.125.24.0-255,1484,24997,53,309259
13163,0.000369,172.31.46.0-255,66,25063,53,309259
13164,0.000373,74.125.24.0-255,1484,26547,53,309259
13165,0.000376,172.31.46.0-255,66,26613,53,309259
13166,0.000394,74.125.24.0-255,1484,28097,53,309259
13167,0.000397,172.31.46.0-255,66,28163,53,309259
13168,0.000405,74.125.24.0-255,5738,33901,53,309259
13169,0.000407,172.31.46.0-255,66,33967,53,309259
13170,0.000422,172.31.46.0-255,66,34033,53,309259
13171,0.000441,74.125.24.0-255,2902,36935,53,309259
13172,0.000444,172.31.46.0-255,66,37001,53,309259
13173,0.000464,74.125.24.0-255,7135,44136,53,309259
13174,0.000466,172.31.46.0-255,66,44202,53,309259
13175,0.000705,74.125.24.0-255,348,44550,53,309259
13176,0.001071,74.125.24.0-255,1484,46034,53,309259
13177,0.001077,172.31.46.0-255,66,46100,53,309259
13178,0.001083,74.125.24.0-255,2902,49002,53,309259
13179,0.001085,172.31.46.0-255,66,49068,53,309259
13180,0.001112,74.125.24.0-255,5738,54806,53,309259
13181,0.001114,172.31.46.0-255,66,54872,53,309259
13182,0.001119,74.125.24.0-255,2902,57774,53,309259
13183,0.001121,172.31.46.0-255,66,57840,53,309259
13184,0.001125,74.125.24.0-255,2902,60742,53,309259
13185,0.001127,172.31.46.0-255,66,60808,53,309259
13186,0.00116,74.125.24.0-255,7156,67964,53,309259
13187,0.001163,172.31.46.0-255,66,68030,53,309259
13188,0.001175,172.31.46.0-255,66,68096,53,309259
13189,0.003713,74.125.24.0-255,5738,73834,53,309259
13190,0.003721,172.31.46.0-255,66,73900,53,309259
13191,0.006124,74.125.24.0-255,5738,79638,53,309259
13192,0.00613,172.31.46.0-255,66,79704,53,309259
13193,0.008528,74.125.24.0-255,2902,82606,53,309259
13194,0.008534,172.31.46.0-255,66,82672,53,309259
13195,0.008554,74.125.24.0-255,2902,85574,53,309259
13196,0.008557,172.31.46.0-255,66,85640,53,309259
13197,0.010922,74.125.24.0-255,2902,88542,53,309259
13198,0.01093,172.31.46.0-255,66,88608,53,309259
13199,0.010946,74.125.24.0-255,2902,91510,53,309259
13200,0.010949,172.31.46.0-255,66,91576,53,309259
13201,0.01333,74.125.24.0-255,5738,97314,53,309259
13202,0.013341,172.31.46.0-255,66,97380,53,309259
13203,0.01575,74.125.24.0-255,5738,103118,53,309259
13204,0.015758,172.31.46.0-255,66,103184,53,309259
13205,0.018106,74.125.24.0-255,5738,108922,53,309259
13206,0.018114,172.31.46.0-255,66,108988,53,309259
13207,0.020471,74.125.24.0-255,5738,114726,53,309259
13208,0.020478,172.31.46.0-255,66,114792,53,309259
13209,0.022838,74.125.24.0-255,5738,120530,53,309259
13210,0.022848,172.31.46.0-255,66,120596,53,309259
13211,0.025238,74.125.24.0-255,5738,126334,53,309259
13212,0.025245,172.31.46.0-255,66,126400,53,309259
13213,0.025286,172.31.46.0-255,172,126572,53,309259
13214,0.025312,172.31.46.0-255,1112,127684,53,309259
13215,0.025363,172.31.46.0-255,1514,129198,53,309259
13216,0.025364,172.31.46.0-255,1291,130489,53,309259
13217,0.02683,104.244.42.0-255,66,130555,53,309259
13218,0.026869,104.244.42.0-255,66,130621,53,309259
13219,0.026919,104.244.42.0-255,66,130687,53,309259
13220,0.027612,74.125.24.0-255,5738,136425,53,309259
13221,0.027617,172.31.46.0-255,66,136491,53,309259
13222,0.029987,74.125.24.0-255,5738,142229,53,309259
13223,0.029995,172.31.46.0-255,66,142295,53,309259
13224,0.032383,74.125.24.0-255,5738,148033,53,309259
13225,0.032389,172.31.46.0-255,66,148099,53,309259
13226,0.034781,74.125.24.0-255,5738,153837,53,309259
13227,0.034791,172.31.46.0-255,66,153903,53,309259
13228,0.037165,74.125.24.0-255,5738,159641,53,309259
13229,0.037175,172.31.46.0-255,66,159707,53,309259
13230,0.03955,74.125.24.0-255,5738,165445,53,309259
13231,0.039555,172.31.46.0-255,66,165511,53,309259
13232,0.041972,74.125.24.0-255,5738,171249,53,309259
13233,0.04198,172.31.46.0-255,66,171315,53,309259
13234,0.044352,74.125.24.0-255,5738,177053,53,309259
13235,0.044359,172.31.46.0-255,66,177119,53,309259
13236,0.046764,74.125.24.0-255,5738,182857,53,309259
13237,0.046771,172.31.46.0-255,66,182923,53,309259
13238,0.049156,74.125.24.0-255,5738,188661,53,309259
13239,0.049162,172.31.46.0-255,66,188727,53,309259
13240,0.051579,74.125.24.0-255,5738,194465,53,309259
13241,0.051585,172.31.46.0-255,66,194531,53,309259
13242,0.053964,74.125.24.0-255,5738,200269,53,309259
13243,0.053975,172.31.46.0-255,66,200335,53,309259
13244,0.056347,74.125.24.0-255,5738,206073,53,309259
13245,0.056354,172.31.46.0-255,66,206139,53,309259
13246,0.058746,74.125.24.0-255,5738,211877,53,309259
13247,0.058752,172.31.46.0-255,66,211943,53,309259
13248,0.061134,74.125.24.0-255,5738,217681,53,309259
13249,0.06114,172.31.46.0-255,66,217747,53,309259
13250,0.063518,74.125.24.0-255,5738,223485,53,309259
13251,0.063525,172.31.46.0-255,66,223551,53,309259
13252,0.065909,74.125.24.0-255,5738,229289,53,309259
13253,0.065915,172.31.46.0-255,66,229355,53,309259
13254,0.068287,74.125.24.0-255,5738,235093,53,309259
13255,0.068294,172.31.46.0-255,66,235159,53,309259
13256,0.070658,74.125.24.0-255,5738,240897,53,309259
13257,0.070664,172.31.46.0-255,66,240963,53,309259
13258,0.073032,74.125.24.0-255,5738,246701,53,309259
13259,0.073039,172.31.46.0-255,66,246767,53,309259
13260,0.075432,74.125.24.0-255,5738,252505,53,309259
13261,0.075438,172.31.46.0-255,66,252571,53,309259
13262,0.077856,74.125.24.0-255,5738,258309,53,309259
13263,0.077862,172.31.46.0-255,66,258375,53,309259
13264,0.080226,74.125.24.0-255,5738,264113,53,309259
13265,0.080232,172.31.46.0-255,66,264179,53,309259
13266,0.08264,74.125.24.0-255,5738,269917,53,309259
13267,0.082645,172.31.46.0-255,66,269983,53,309259
13268,0.085017,74.125.24.0-255,4320,274303,53,309259
13269,0.085024,172.31.46.0-255,66,274369,53,309259
13270,0.085044,74.125.24.0-255,1484,275853,53,309259
13271,0.08739,74.125.24.0-255,4320,280173,53,309259
13272,0.087398,172.31.46.0-255,66,280239,53,309259
13273,0.089757,74.125.24.0-255,5738,285977,53,309259
13274,0.089763,172.31.46.0-255,66,286043,53,309259
13275,0.092164,74.125.24.0-255,5738,291781,53,309259
13276,0.092177,172.31.46.0-255,66,291847,53,309259
13277,0.094563,74.125.24.0-255,5738,297585,53,309259
13278,0.094569,172.31.46.0-255,66,297651,53,309259
13279,0.096938,74.125.24.0-255,5738,303389,53,309259
13280,0.096943,172.31.46.0-255,66,303455,53,309259
13281,0.099309,74.125.24.0-255,5738,309193,53,309259
13282,0.099314,172.31.46.0-255,66,309259,53,309259
13283,0.0,74.125.200.0-255,152,152,53,282050
13284,1.9e-05,172.31.46.0-255,66,218,53,282050
13285,2.6e-05,74.125.200.0-255,1484,1702,53,282050
13286,3.1e-05,172.31.46.0-255,66,1768,53,282050
13287,3.4e-05,74.125.200.0-255,1484,3252,53,282050
13288,3.8e-05,172.31.46.0-255,66,3318,53,282050
13289,6.1e-05,74.125.200.0-255,1484,4802,53,282050
13290,6.3e-05,172.31.46.0-255,66,4868,53,282050
13291,7.1e-05,74.125.200.0-255,4320,9188,53,282050
13292,7.3e-05,172.31.46.0-255,66,9254,53,282050
13293,0.000101,74.125.200.0-255,4948,14202,53,282050
13294,0.000104,172.31.46.0-255,66,14268,53,282050
13295,0.000121,74.125.200.0-255,1484,15752,53,282050
13296,0.000123,172.31.46.0-255,66,15818,53,282050
13297,0.000146,74.125.200.0-255,4320,20138,53,282050
13298,0.000148,172.31.46.0-255,66,20204,53,282050
13299,0.000152,74.125.200.0-255,2902,23106,53,282050
13300,0.000154,172.31.46.0-255,66,23172,53,282050
13301,0.00016,74.125.200.0-255,4320,27492,53,282050
13302,0.000162,172.31.46.0-255,66,27558,53,282050
13303,0.000195,74.125.200.0-255,3961,31519,53,282050
13304,0.000199,172.31.46.0-255,66,31585,53,282050
13305,0.000299,74.125.200.0-255,1484,33069,53,282050
13306,0.000304,172.31.46.0-255,66,33135,53,282050
13307,0.00031,74.125.200.0-255,2902,36037,53,282050
13308,0.000312,172.31.46.0-255,66,36103,53,282050
13309,0.000344,74.125.200.0-255,4320,40423,53,282050
13310,0.000348,172.31.46.0-255,66,40489,53,282050
13311,0.000364,74.125.200.0-255,1484,41973,53,282050
13312,0.000366,172.31.46.0-255,66,42039,53,282050
13313,0.000371,74.125.200.0-255,4320,46359,53,282050
13314,0.000374,172.31.46.0-255,66,46425,53,282050
13315,0.00041,74.125.200.0-255,2902,49327,53,282050
13316,0.000413,172.31.46.0-255,66,49393,53,282050
13317,0.000419,74.125.200.0-255,4320,53713,53,282050
13318,0.000421,172.31.46.0-255,66,53779,53,282050
13319,0.000427,74.125.200.0-255,5738,59517,53,282050
13320,0.00043,172.31.46.0-255,66,59583,53,282050
13321,0.000449,74.125.200.0-255,6438,66021,53,282050
13322,0.000452,172.31.46.0-255,66,66087,53,282050
13323,0.000469,74.125.200.0-255,362,66449,53,282050
13324,0.000505,74.125.200.0-255,131,66580,53,282050
13325,0.000558,74.125.200.0-255,1484,68064,53,282050
13326,0.000562,172.31.46.0-255,66,68130,53,282050
13327,0.000579,74.125.200.0-255,2902,71032,53,282050
13328,0.000582,172.31.46.0-255,66,71098,53,282050
13329,0.000585,74.125.200.0-255,1484,72582,53,282050
13330,0.000603,74.125.200.0-255,1484,74066,53,282050
13331,0.000605,172.31.46.0-255,66,74132,53,282050
13332,0.000627,74.125.200.0-255,1484,75616,53,282050
13333,0.000676,74.125.200.0-255,4320,79936,53,282050
13334,0.000682,172.31.46.0-255,66,80002,53,282050
13335,0.0007,74.125.200.0-255,1484,81486,53,282050
13336,0.000705,74.125.200.0-255,2244,83730,53,282050
13337,0.000708,172.31.46.0-255,66,83796,53,282050
13338,0.000741,74.125.200.0-255,1484,85280,53,282050
13339,0.000759,74.125.200.0-255,2902,88182,53,282050
13340,0.000762,172.31.46.0-255,66,88248,53,282050
13341,0.000776,74.125.200.0-255,2902,91150,53,282050
13342,0.000779,172.31.46.0-255,66,91216,53,282050
13343,0.000795,74.125.200.0-255,2902,94118,53,282050
13344,0.000798,172.31.46.0-255,66,94184,53,282050
13345,0.000803,74.125.200.0-255,4320,98504,53,282050
13346,0.000805,172.31.46.0-255,66,98570,53,282050
13347,0.000836,74.125.200.0-255,5738,104308,53,282050
13348,0.00084,172.31.46.0-255,66,104374,53,282050
13349,0.000876,172.31.46.0-255,66,104440,53,282050
13350,0.000894,74.125.200.0-255,1484,105924,53,282050
13351,0.000905,74.125.200.0-255,2184,108108,53,282050
13352,0.000908,172.31.46.0-255,66,108174,53,282050
13353,0.000959,74.125.200.0-255,1484,109658,53,282050
13354,0.000975,74.125.200.0-255,2902,112560,53,282050
13355,0.000978,172.31.46.0-255,66,112626,53,282050
13356,0.000994,74.125.200.0-255,1484,114110,53,282050
13357,0.001014,74.125.200.0-255,2902,117012,53,282050
13358,0.001016,172.31.46.0-255,66,117078,53,282050
13359,0.001022,74.125.200.0-255,5738,122816,53,282050
13360,0.001025,172.31.46.0-255,66,122882,53,282050
13361,0.001083,172.31.46.0-255,66,122948,53,282050
13362,0.001115,74.125.200.0-255,5738,128686,53,282050
13363,0.001118,172.31.46.0-255,66,128752,53,282050
13364,0.001146,74.125.200.0-255,3602,132354,53,282050
13365,0.001149,172.31.46.0-255,66,132420,53,282050
13366,0.001205,74.125.200.0-255,1484,133904,53,282050
13367,0.001222,74.125.200.0-255,2902,136806,53,282050
13368,0.001225,172.31.46.0-255,66,136872,53,282050
13369,0.001247,74.125.200.0-255,5738,142610,53,282050
13370,0.00125,172.31.46.0-255,66,142676,53,282050
13371,0.001255,74.125.200.0-255,2902,145578,53,282050
13372,0.001257,172.31.46.0-255,66,145644,53,282050
13373,0.001301,172.31.46.0-255,66,145710,53,282050
13374,0.001312,172.31.46.0-255,66,145776,53,282050
13375,0.001326,74.125.200.0-255,2184,147960,53,282050
13376,0.001329,172.31.46.0-255,66,148026,53,282050
13377,0.00138,74.125.200.0-255,1484,149510,53,282050
13378,0.001397,74.125.200.0-255,2902,152412,53,282050
13379,0.001401,172.31.46.0-255,66,152478,53,282050
13380,0.001417,74.125.200.0-255,4320,156798,53,282050
13381,0.001419,172.31.46.0-255,66,156864,53,282050
13382,0.00146,172.31.46.0-255,66,156930,53,282050
13383,0.001466,74.125.200.0-255,4320,161250,53,282050
13384,0.001468,172.31.46.0-255,66,161316,53,282050
13385,0.001474,74.125.200.0-255,5738,167054,53,282050
13386,0.001477,172.31.46.0-255,66,167120,53,282050
13387,0.00157,172.31.46.0-255,66,167186,53,282050
13388,0.001581,172.31.46.0-255,66,167252,53,282050
13389,0.001594,172.31.46.0-255,66,167318,53,282050
13390,0.001597,74.125.200.0-255,1484,168802,53,282050
13391,0.001632,172.31.46.0-255,66,168868,53,282050
13392,0.001668,74.125.200.0-255,1484,170352,53,282050
13393,0.00169,74.125.200.0-255,2902,173254,53,282050
13394,0.001694,172.31.46.0-255,66,173320,53,282050
13395,0.001729,74.125.200.0-255,2902,176222,53,282050
13396,0.001732,172.31.46.0-255,66,176288,53,282050
13397,0.001738,74.125.200.0-255,4320,180608,53,282050
13398,0.001741,172.31.46.0-255,66,180674,53,282050
13399,0.001792,74.125.200.0-255,2902,183576,53,282050
13400,0.001795,172.31.46.0-255,66,183642,53,282050
13401,0.0018,74.125.200.0-255,4320,187962,53,282050
13402,0.001802,172.31.46.0-255,66,188028,53,282050
13403,0.001824,74.125.200.0-255,7156,195184,53,282050
13404,0.001827,172.31.46.0-255,66,195250,53,282050
13405,0.001853,172.31.46.0-255,66,195316,53,282050
13406,0.001917,74.125.200.0-255,1484,196800,53,282050
13407,0.001931,74.125.200.0-255,2902,199702,53,282050
13408,0.001933,172.31.46.0-255,66,199768,53,282050
13409,0.001956,74.125.200.0-255,5738,205506,53,282050
13410,0.001959,172.31.46.0-255,66,205572,53,282050
13411,0.001962,74.125.200.0-255,1484,207056,53,282050
13412,0.001966,74.125.200.0-255,2902,209958,53,282050
13413,0.001969,172.31.46.0-255,66,210024,53,282050
13414,0.001998,74.125.200.0-255,5738,215762,53,282050
13415,0.002001,172.31.46.0-255,66,215828,53,282050
13416,0.002005,74.125.200.0-255,1484,217312,53,282050
13417,0.002025,74.125.200.0-255,5738,223050,53,282050
13418,0.002028,172.31.46.0-255,66,223116,53,282050
13419,0.002041,74.125.200.0-255,2902,226018,53,282050
13420,0.002044,172.31.46.0-255,66,226084,53,282050
13421,0.002062,74.125.200.0-255,5020,231104,53,282050
13422,0.002065,172.31.46.0-255,66,231170,53,282050
13423,0.002071,74.125.200.0-255,7156,238326,53,282050
13424,0.002074,172.31.46.0-255,66,238392,53,282050
13425,0.002099,172.31.46.0-255,66,238458,53,282050
13426,0.002142,172.31.46.0-255,66,238524,53,282050
13427,0.002147,74.125.200.0-255,2902,241426,53,282050
13428,0.002149,172.31.46.0-255,66,241492,53,282050
13429,0.002165,74.125.200.0-255,4320,245812,53,282050
13430,0.002168,172.31.46.0-255,66,245878,53,282050
13431,0.002193,74.125.200.0-255,2184,248062,53,282050
13432,0.002196,172.31.46.0-255,66,248128,53,282050
13433,0.002204,74.125.200.0-255,7156,255284,53,282050
13434,0.002205,172.31.46.0-255,66,255350,53,282050
13435,0.002208,74.125.200.0-255,1484,256834,53,282050
13436,0.002236,172.31.46.0-255,66,256900,53,282050
13437,0.002258,74.125.200.0-255,7156,264056,53,282050
13438,0.002261,172.31.46.0-255,66,264122,53,282050
13439,0.002309,74.125.200.0-255,5738,269860,53,282050
13440,0.002312,172.31.46.0-255,66,269926,53,282050
13441,0.002315,74.125.200.0-255,766,270692,53,282050
13442,0.002318,74.125.200.0-255,1484,272176,53,282050
13443,0.00232,172.31.46.0-255,66,272242,53,282050
13444,0.002325,74.125.200.0-255,4320,276562,53,282050
13445,0.002328,172.31.46.0-255,66,276628,53,282050
13446,0.002331,74.125.200.0-255,692,277320,53,282050
13447,0.00303,172.31.46.0-255,101,277421,53,282050
13448,0.004595,74.125.200.0-255,105,277526,53,282050
13449,0.004705,172.31.46.0-255,105,277631,53,282050
13450,0.0053,74.125.200.0-255,66,277697,53,282050
13451,0.006979,74.125.200.0-255,66,277763,53,282050
13452,0.033417,172.31.46.0-255,172,277935,53,282050
13453,0.033452,172.31.46.0-255,1112,279047,53,282050
13454,0.033518,172.31.46.0-255,1514,280561,53,282050
13455,0.03352,172.31.46.0-255,1291,281852,53,282050
13456,0.034964,104.244.42.0-255,66,281918,53,282050
13457,0.035004,104.244.42.0-255,66,281984,53,282050
13458,0.03512,104.244.42.0-255,66,282050,53,282050
13459,0.0,74.125.24.0-255,298,298,53,155799
13460,2.3e-05,172.31.46.0-255,66,364,53,155799
13461,2.9e-05,74.125.24.0-255,1484,1848,53,155799
13462,3.4e-05,172.31.46.0-255,66,1914,53,155799
13463,4.8e-05,74.125.24.0-255,4320,6234,53,155799
13464,5.1e-05,172.31.46.0-255,66,6300,53,155799
13465,6.5e-05,172.31.46.0-255,66,6366,53,155799
13466,7.8e-05,172.31.46.0-255,66,6432,53,155799
13467,9.5e-05,74.125.24.0-255,1484,7916,53,155799
13468,9.8e-05,172.31.46.0-255,66,7982,53,155799
13469,0.000109,74.125.24.0-255,3961,11943,53,155799
13470,0.000112,172.31.46.0-255,66,12009,53,155799
13471,0.000142,74.125.24.0-255,4320,16329,53,155799
13472,0.000145,172.31.46.0-255,66,16395,53,155799
13473,0.000163,74.125.24.0-255,2902,19297,53,155799
13474,0.000166,172.31.46.0-255,66,19363,53,155799
13475,0.000197,74.125.24.0-255,5738,25101,53,155799
13476,0.0002,172.31.46.0-255,66,25167,53,155799
13477,0.000219,172.31.46.0-255,66,25233,53,155799
13478,0.000226,74.125.24.0-255,6438,31671,53,155799
13479,0.000229,172.31.46.0-255,66,31737,53,155799
13480,0.000231,74.125.24.0-255,428,32165,53,155799
13481,0.000233,172.31.46.0-255,66,32231,53,155799
13482,0.000525,74.125.24.0-255,346,32577,53,155799
13483,0.00053,172.31.46.0-255,66,32643,53,155799
13484,0.000698,74.125.24.0-255,1484,34127,53,155799
13485,0.000703,172.31.46.0-255,66,34193,53,155799
13486,0.000709,74.125.24.0-255,2902,37095,53,155799
13487,0.000711,172.31.46.0-255,66,37161,53,155799
13488,0.000722,74.125.24.0-255,5738,42899,53,155799
13489,0.000724,172.31.46.0-255,66,42965,53,155799
13490,0.000751,74.125.24.0-255,5738,48703,53,155799
13491,0.000754,172.31.46.0-255,66,48769,53,155799
13492,0.000783,74.125.24.0-255,576,49345,53,155799
13493,0.001338,172.31.46.0-255,66,49411,53,155799
13494,0.001374,74.125.24.0-255,1484,50895,53,155799
13495,0.00138,74.125.24.0-255,2902,53797,53,155799
13496,0.001383,172.31.46.0-255,66,53863,53,155799
13497,0.001419,74.125.24.0-255,5738,59601,53,155799
13498,0.001422,172.31.46.0-255,66,59667,53,155799
13499,0.001448,74.125.24.0-255,5738,65405,53,155799
13500,0.00145,172.31.46.0-255,66,65471,53,155799
13501,0.001471,74.125.24.0-255,5738,71209,53,155799
13502,0.001474,172.31.46.0-255,66,71275,53,155799
13503,0.001501,74.125.24.0-255,1484,72759,53,155799
13504,0.001514,172.31.46.0-255,66,72825,53,155799
13505,0.001609,74.125.24.0-255,1484,74309,53,155799
13506,0.001615,74.125.24.0-255,2902,77211,53,155799
13507,0.001618,172.31.46.0-255,66,77277,53,155799
13508,0.001646,74.125.24.0-255,5738,83015,53,155799
13509,0.001648,172.31.46.0-255,66,83081,53,155799
13510,0.001655,74.125.24.0-255,5738,88819,53,155799
13511,0.001657,172.31.46.0-255,66,88885,53,155799
13512,0.001695,74.125.24.0-255,1484,90369,53,155799
13513,0.00171,172.31.46.0-255,66,90435,53,155799
13514,0.001715,74.125.24.0-255,3602,94037,53,155799
13515,0.001717,172.31.46.0-255,66,94103,53,155799
13516,0.001721,74.125.24.0-255,2902,97005,53,155799
13517,0.001727,172.31.46.0-255,66,97071,53,155799
13518,0.001778,172.31.46.0-255,66,97137,53,155799
13519,0.001789,172.31.46.0-255,66,97203,53,155799
13520,0.001807,172.31.46.0-255,66,97269,53,155799
13521,0.00185,74.125.24.0-255,5020,102289,53,155799
13522,0.001853,172.31.46.0-255,66,102355,53,155799
13523,0.001874,172.31.46.0-255,66,102421,53,155799
13524,0.001879,74.125.24.0-255,3602,106023,53,155799
13525,0.001881,172.31.46.0-255,66,106089,53,155799
13526,0.001886,74.125.24.0-255,2902,108991,53,155799
13527,0.001888,172.31.46.0-255,66,109057,53,155799
13528,0.00193,172.31.46.0-255,66,109123,53,155799
13529,0.00195,74.125.24.0-255,5738,114861,53,155799
13530,0.001953,172.31.46.0-255,66,114927,53,155799
13531,0.001978,74.125.24.0-255,4320,119247,53,155799
13532,0.001981,172.31.46.0-255,66,119313,53,155799
13533,0.001993,172.31.46.0-255,66,119379,53,155799
13534,0.002043,172.31.46.0-255,66,119445,53,155799
13535,0.00208,172.31.46.0-255,66,119511,53,155799
13536,0.002099,172.31.46.0-255,66,119577,53,155799
13537,0.002112,172.31.46.0-255,66,119643,53,155799
13538,0.002351,74.125.24.0-255,1484,121127,53,155799
13539,0.002358,74.125.24.0-255,2902,124029,53,155799
13540,0.002362,172.31.46.0-255,66,124095,53,155799
13541,0.002368,74.125.24.0-255,4320,128415,53,155799
13542,0.00237,172.31.46.0-255,66,128481,53,155799
13543,0.002397,74.125.24.0-255,1484,129965,53,155799
13544,0.002404,74.125.24.0-255,5738,135703,53,155799
13545,0.002406,172.31.46.0-255,66,135769,53,155799
13546,0.002454,74.125.24.0-255,7156,142925,53,155799
13547,0.002458,172.31.46.0-255,66,142991,53,155799
13548,0.002474,172.31.46.0-255,66,143057,53,155799
13549,0.002513,74.125.24.0-255,7156,150213,53,155799
13550,0.002515,172.31.46.0-255,66,150279,53,155799
13551,0.002536,74.125.24.0-255,3602,153881,53,155799
13552,0.002538,172.31.46.0-255,66,153947,53,155799
13553,0.002548,172.31.46.0-255,66,154013,53,155799
13554,0.002566,172.31.46.0-255,66,154079,53,155799
13555,0.002569,74.125.24.0-255,105,154184,53,155799
13556,0.014281,172.31.46.0-255,66,154250,53,155799
13557,0.014334,172.31.46.0-255,105,154355,53,155799
13558,0.016382,74.125.24.0-255,66,154421,53,155799
13559,0.045044,172.31.46.0-255,172,154593,53,155799
13560,0.045075,172.31.46.0-255,1074,155667,53,155799
13561,0.046629,104.244.42.0-255,66,155733,53,155799
13562,0.046641,104.244.42.0-255,66,155799,53,155799
13563,0.0,74.125.24.0-255,150,150,53,192174
13564,2.4e-05,172.31.46.0-255,66,216,53,192174
13565,3.1e-05,74.125.24.0-255,1484,1700,53,192174
13566,3.5e-05,172.31.46.0-255,66,1766,53,192174
13567,4.2e-05,74.125.24.0-255,2902,4668,53,192174
13568,4.5e-05,172.31.46.0-255,66,4734,53,192174
13569,5.3e-05,74.125.24.0-255,7156,11890,53,192174
13570,5.7e-05,172.31.46.0-255,66,11956,53,192174
13571,9.3e-05,74.125.24.0-255,2012,13968,53,192174
13572,9.6e-05,172.31.46.0-255,66,14034,53,192174
13573,0.0003,74.125.24.0-255,1484,15518,53,192174
13574,0.000305,172.31.46.0-255,66,15584,53,192174
13575,0.000312,74.125.24.0-255,2902,18486,53,192174
13576,0.000315,172.31.46.0-255,66,18552,53,192174
13577,0.000322,74.125.24.0-255,5738,24290,53,192174
13578,0.000324,172.31.46.0-255,66,24356,53,192174
13579,0.000361,74.125.24.0-255,4320,28676,53,192174
13580,0.000364,172.31.46.0-255,66,28742,53,192174
13581,0.000381,74.125.24.0-255,2543,31285,53,192174
13582,0.000384,172.31.46.0-255,66,31351,53,192174
13583,0.000789,74.125.24.0-255,1484,32835,53,192174
13584,0.000793,172.31.46.0-255,66,32901,53,192174
13585,0.000801,74.125.24.0-255,2902,35803,53,192174
13586,0.000803,172.31.46.0-255,66,35869,53,192174
13587,0.000811,74.125.24.0-255,5738,41607,53,192174
13588,0.000814,172.31.46.0-255,66,41673,53,192174
13589,0.00088,172.31.46.0-255,66,41739,53,192174
13590,0.000951,74.125.24.0-255,4320,46059,53,192174
13591,0.000955,172.31.46.0-255,66,46125,53,192174
13592,0.000976,74.125.24.0-255,5379,51504,53,192174
13593,0.00098,172.31.46.0-255,66,51570,53,192174
13594,0.001022,74.125.24.0-255,648,52218,53,192174
13595,0.001101,74.125.24.0-255,1484,53702,53,192174
13596,0.001107,74.125.24.0-255,2902,56604,53,192174
13597,0.00112,74.125.24.0-255,2902,59506,53,192174
13598,0.001141,74.125.24.0-255,2902,62408,53,192174
13599,0.001165,74.125.24.0-255,6797,69205,53,192174
13600,0.001221,74.125.24.0-255,4320,73525,53,192174
13601,0.001238,74.125.24.0-255,2902,76427,53,192174
13602,0.001272,74.125.24.0-255,4320,80747,53,192174
13603,0.001296,74.125.24.0-255,5379,86126,53,192174
13604,0.001615,74.125.24.0-255,1484,87610,53,192174
13605,0.001623,74.125.24.0-255,2902,90512,53,192174
13606,0.001637,74.125.24.0-255,2902,93414,53,192174
13607,0.00165,74.125.24.0-255,2902,96316,53,192174
13608,0.001669,74.125.24.0-255,2902,99218,53,192174
13609,0.001686,74.125.24.0-255,4320,103538,53,192174
13610,0.00173,74.125.24.0-255,5738,109276,53,192174
13611,0.001833,74.125.24.0-255,2184,111460,53,192174
13612,0.001847,74.125.24.0-255,1484,112944,53,192174
13613,0.001858,74.125.24.0-255,1484,114428,53,192174
13614,0.001876,74.125.24.0-255,7156,121584,53,192174
13615,0.001936,74.125.24.0-255,7156,128740,53,192174
13616,0.002061,74.125.24.0-255,5738,134478,53,192174
13617,0.00208,74.125.24.0-255,2184,136662,53,192174
13618,0.002122,74.125.24.0-255,7156,143818,53,192174
13619,0.002135,74.125.24.0-255,1484,145302,53,192174
13620,0.002182,74.125.24.0-255,1484,146786,53,192174
13621,0.002222,74.125.24.0-255,2902,149688,53,192174
13622,0.002327,74.125.24.0-255,4320,154008,53,192174
13623,0.002342,74.125.24.0-255,2184,156192,53,192174
13624,0.002379,74.125.24.0-255,2902,159094,53,192174
13625,0.002398,74.125.24.0-255,4320,163414,53,192174
13626,0.002423,74.125.24.0-255,2902,166316,53,192174
13627,0.002605,172.31.46.0-255,66,166382,53,192174
13628,0.002615,172.31.46.0-255,66,166448,53,192174
13629,0.002822,172.31.46.0-255,66,166514,53,192174
13630,0.002857,172.31.46.0-255,66,166580,53,192174
13631,0.003018,74.125.24.0-255,4320,170900,53,192174
13632,0.003023,172.31.46.0-255,66,170966,53,192174
13633,0.003065,172.31.46.0-255,66,171032,53,192174
13634,0.003073,172.31.46.0-255,66,171098,53,192174
13635,0.003259,74.125.24.0-255,7156,178254,53,192174
13636,0.003268,172.31.46.0-255,66,178320,53,192174
13637,0.003286,172.31.46.0-255,66,178386,53,192174
13638,0.00335,172.31.46.0-255,66,178452,53,192174
13639,0.003531,74.125.24.0-255,4320,182772,53,192174
13640,0.003542,172.31.46.0-255,66,182838,53,192174
13641,0.003594,172.31.46.0-255,66,182904,53,192174
13642,0.005201,172.31.46.0-255,105,183009,53,192174
13643,0.007724,74.125.24.0-255,66,183075,53,192174
13644,0.03814,172.31.46.0-255,172,183247,53,192174
13645,0.038174,172.31.46.0-255,1107,184354,53,192174
13646,0.038243,172.31.46.0-255,1514,185868,53,192174
13647,0.038245,172.31.46.0-255,1514,187382,53,192174
13648,0.038252,172.31.46.0-255,1514,188896,53,192174
13649,0.038253,172.31.46.0-255,1514,190410,53,192174
13650,0.03828,172.31.46.0-255,1500,191910,53,192174
13651,0.039696,104.244.42.0-255,66,191976,53,192174
13652,0.039738,104.244.42.0-255,66,192042,53,192174
13653,0.039787,104.244.42.0-255,66,192108,53,192174
13654,0.039832,104.244.42.0-255,66,192174,53,192174
13655,0.0,172.217.194.0-255,146,146,53,193161
13656,2.1e-05,172.31.46.0-255,66,212,53,193161
13657,2.8e-05,172.217.194.0-255,1484,1696,53,193161
13658,3.4e-05,172.31.46.0-255,66,1762,53,193161
13659,4e-05,172.217.194.0-255,2902,4664,53,193161
13660,4.3e-05,172.31.46.0-255,66,4730,53,193161
13661,5.1e-05,172.217.194.0-255,7156,11886,53,193161
13662,5.5e-05,172.31.46.0-255,66,11952,53,193161
13663,8e-05,172.217.194.0-255,6327,18279,53,193161
13664,8.3e-05,172.31.46.0-255,66,18345,53,193161
13665,8.8e-05,172.217.194.0-255,4320,22665,53,193161
13666,9.1e-05,172.31.46.0-255,66,22731,53,193161
13667,0.000112,172.217.194.0-255,2902,25633,53,193161
13668,0.000114,172.31.46.0-255,66,25699,53,193161
13669,0.00012,172.217.194.0-255,4320,30019,53,193161
13670,0.000123,172.31.46.0-255,66,30085,53,193161
13671,0.000144,172.217.194.0-255,1125,31210,53,193161
13672,0.000147,172.31.46.0-255,66,31276,53,193161
13673,0.000172,172.217.194.0-255,1484,32760,53,193161
13674,0.000174,172.31.46.0-255,66,32826,53,193161
13675,0.000178,172.217.194.0-255,1484,34310,53,193161
13676,0.00018,172.31.46.0-255,66,34376,53,193161
13677,0.000193,172.217.194.0-255,1484,35860,53,193161
13678,0.000196,172.31.46.0-255,66,35926,53,193161
13679,0.000203,172.217.194.0-255,5738,41664,53,193161
13680,0.000205,172.31.46.0-255,66,41730,53,193161
13681,0.000209,172.217.194.0-255,2902,44632,53,193161
13682,0.000212,172.31.46.0-255,66,44698,53,193161
13683,0.00025,172.31.46.0-255,66,44764,53,193161
13684,0.000267,172.217.194.0-255,1484,46248,53,193161
13685,0.000269,172.31.46.0-255,66,46314,53,193161
13686,0.000291,172.31.46.0-255,66,46380,53,193161
13687,0.000604,172.217.194.0-255,365,46745,53,193161
13688,0.000607,172.31.46.0-255,66,46811,53,193161
13689,0.000665,172.217.194.0-255,1484,48295,53,193161
13690,0.000669,172.31.46.0-255,66,48361,53,193161
13691,0.000673,172.217.194.0-255,2902,51263,53,193161
13692,0.000727,172.217.194.0-255,5738,57001,53,193161
13693,0.000735,172.217.194.0-255,6797,63798,53,193161
13694,0.000743,172.217.194.0-255,7156,70954,53,193161
13695,0.000761,172.217.194.0-255,4320,75274,53,193161
13696,0.000777,172.217.194.0-255,5379,80653,53,193161
13697,0.000955,172.31.46.0-255,66,80719,53,193161
13698,0.001386,172.217.194.0-255,1484,82203,53,193161
13699,0.001395,172.217.194.0-255,2902,85105,53,193161
13700,0.001399,172.217.194.0-255,1484,86589,53,193161
13701,0.001406,172.31.46.0-255,66,86655,53,193161
13702,0.001419,172.217.194.0-255,4320,90975,53,193161
13703,0.001446,172.217.194.0-255,2902,93877,53,193161
13704,0.001452,172.31.46.0-255,66,93943,53,193161
13705,0.001495,172.31.46.0-255,66,94009,53,193161
13706,0.001526,172.217.194.0-255,1484,95493,53,193161
13707,0.001542,172.217.194.0-255,2902,98395,53,193161
13708,0.001552,172.31.46.0-255,66,98461,53,193161
13709,0.001564,172.217.194.0-255,6438,104899,53,193161
13710,0.00157,172.217.194.0-255,4320,109219,53,193161
13711,0.001575,172.31.46.0-255,66,109285,53,193161
13712,0.001623,172.31.46.0-255,66,109351,53,193161
13713,0.001626,172.217.194.0-255,1484,110835,53,193161
13714,0.001645,172.217.194.0-255,2902,113737,53,193161
13715,0.001677,172.31.46.0-255,66,113803,53,193161
13716,0.001686,172.217.194.0-255,1484,115287,53,193161
13717,0.00169,172.217.194.0-255,2902,118189,53,193161
13718,0.0017,172.217.194.0-255,1484,119673,53,193161
13719,0.001721,172.217.194.0-255,4320,123993,53,193161
13720,0.001724,172.217.194.0-255,1484,125477,53,193161
13721,0.001727,172.31.46.0-255,66,125543,53,193161
13722,0.001732,172.31.46.0-255,66,125609,53,193161
13723,0.001768,172.31.46.0-255,66,125675,53,193161
13724,0.001775,172.217.194.0-255,1484,127159,53,193161
13725,0.001791,172.217.194.0-255,7156,134315,53,193161
13726,0.001803,172.217.194.0-255,2184,136499,53,193161
13727,0.001815,172.31.46.0-255,66,136565,53,193161
13728,0.001848,172.217.194.0-255,1484,138049,53,193161
13729,0.001853,172.217.194.0-255,2902,140951,53,193161
13730,0.001868,172.31.46.0-255,66,141017,53,193161
13731,0.001875,172.217.194.0-255,5738,146755,53,193161
13732,0.00188,172.31.46.0-255,66,146821,53,193161
13733,0.001892,172.217.194.0-255,5738,152559,53,193161
13734,0.001907,172.217.194.0-255,1484,154043,53,193161
13735,0.001915,172.31.46.0-255,66,154109,53,193161
13736,0.001952,172.31.46.0-255,66,154175,53,193161
13737,0.001965,172.217.194.0-255,5020,159195,53,193161
13738,0.001978,172.217.194.0-255,2902,162097,53,193161
13739,0.00199,172.217.194.0-255,2902,164999,53,193161
13740,0.002014,172.217.194.0-255,4320,169319,53,193161
13741,0.002017,172.31.46.0-255,66,169385,53,193161
13742,0.002023,172.31.46.0-255,66,169451,53,193161
13743,0.002125,172.217.194.0-255,2184,171635,53,193161
13744,0.00213,172.31.46.0-255,66,171701,53,193161
13745,0.002204,172.217.194.0-255,7156,178857,53,193161
13746,0.00221,172.31.46.0-255,66,178923,53,193161
13747,0.002245,172.31.46.0-255,66,178989,53,193161
13748,0.002306,172.31.46.0-255,66,179055,53,193161
13749,0.002385,172.31.46.0-255,66,179121,53,193161
13750,0.002438,172.31.46.0-255,66,179187,53,193161
13751,0.002538,172.217.194.0-255,4320,183507,53,193161
13752,0.002566,172.31.46.0-255,66,183573,53,193161
13753,0.002603,172.31.46.0-255,66,183639,53,193161
13754,0.002636,172.217.194.0-255,105,183744,53,193161
13755,0.004916,172.31.46.0-255,66,183810,53,193161
13756,0.004955,172.31.46.0-255,105,183915,53,193161
13757,0.007182,172.217.194.0-255,66,183981,53,193161
13758,0.039282,172.31.46.0-255,188,184169,53,193161
13759,0.039335,172.31.46.0-255,953,185122,53,193161
13760,0.039403,172.31.46.0-255,1514,186636,53,193161
13761,0.039405,172.31.46.0-255,1514,188150,53,193161
13762,0.03941,172.31.46.0-255,1514,189664,53,193161
13763,0.039412,172.31.46.0-255,1514,191178,53,193161
13764,0.03943,172.31.46.0-255,1514,192692,53,193161
13765,0.039431,172.31.46.0-255,205,192897,53,193161
13766,0.040849,104.244.42.0-255,66,192963,53,193161
13767,0.040904,104.244.42.0-255,66,193029,53,193161
13768,0.040943,104.244.42.0-255,66,193095,53,193161
13769,0.040999,104.244.42.0-255,66,193161,53,193161
13770,0.0,74.125.68.0-255,154,154,53,374077
13771,2.4e-05,172.31.46.0-255,66,220,53,374077
13772,3.1e-05,74.125.68.0-255,1484,1704,53,374077
13773,3.6e-05,172.31.46.0-255,66,1770,53,374077
13774,5.4e-05,74.125.68.0-255,2902,4672,53,374077
13775,5.7e-05,172.31.46.0-255,66,4738,53,374077
13776,6.3e-05,74.125.68.0-255,5738,10476,53,374077
13777,6.6e-05,172.31.46.0-255,66,10542,53,374077
13778,6.9e-05,74.125.68.0-255,2902,13444,53,374077
13779,7.2e-05,172.31.46.0-255,66,13510,53,374077
13780,8.9e-05,74.125.68.0-255,704,14214,53,374077
13781,9.1e-05,172.31.46.0-255,66,14280,53,374077
13782,0.000123,74.125.68.0-255,1484,15764,53,374077
13783,0.000125,172.31.46.0-255,66,15830,53,374077
13784,0.000137,74.125.68.0-255,1484,17314,53,374077
13785,0.000139,172.31.46.0-255,66,17380,53,374077
13786,0.000157,74.125.68.0-255,1484,18864,53,374077
13787,0.000159,172.31.46.0-255,66,18930,53,374077
13788,0.000184,74.125.68.0-255,4320,23250,53,374077
13789,0.000186,172.31.46.0-255,66,23316,53,374077
13790,0.000208,74.125.68.0-255,1484,24800,53,374077
13791,0.000209,172.31.46.0-255,66,24866,53,374077
13792,0.00022,172.31.46.0-255,66,24932,53,374077
13793,0.000229,172.31.46.0-255,66,24998,53,374077
13794,0.00024,74.125.68.0-255,1484,26482,53,374077
13795,0.000242,172.31.46.0-255,66,26548,53,374077
13796,0.000248,74.125.68.0-255,4320,30868,53,374077
13797,0.00025,172.31.46.0-255,66,30934,53,374077
13798,0.000266,74.125.68.0-255,766,31700,53,374077
13799,0.000267,172.31.46.0-255,66,31766,53,374077
13800,0.000294,74.125.68.0-255,1484,33250,53,374077
13801,0.000309,74.125.68.0-255,2902,36152,53,374077
13802,0.000322,74.125.68.0-255,1484,37636,53,374077
13803,0.000326,74.125.68.0-255,2902,40538,53,374077
13804,0.00034,74.125.68.0-255,4320,44858,53,374077
13805,0.000372,74.125.68.0-255,4234,49092,53,374077
13806,0.0004,74.125.68.0-255,383,49475,53,374077
13807,0.000502,172.31.46.0-255,66,49541,53,374077
13808,0.000672,74.125.68.0-255,1484,51025,53,374077
13809,0.000699,74.125.68.0-255,2902,53927,53,374077
13810,0.000708,172.31.46.0-255,66,53993,53,374077
13811,0.000718,74.125.68.0-255,5738,59731,53,374077
13812,0.000722,172.31.46.0-255,66,59797,53,374077
13813,0.000745,74.125.68.0-255,5738,65535,53,374077
13814,0.00075,172.31.46.0-255,66,65601,53,374077
13815,0.000773,74.125.68.0-255,575,66176,53,374077
13816,0.001119,172.31.46.0-255,66,66242,53,374077
13817,0.001389,74.125.68.0-255,1484,67726,53,374077
13818,0.001396,74.125.68.0-255,1484,69210,53,374077
13819,0.001413,74.125.68.0-255,1484,70694,53,374077
13820,0.001416,74.125.68.0-255,1484,72178,53,374077
13821,0.001433,74.125.68.0-255,4320,76498,53,374077
13822,0.001436,74.125.68.0-255,1484,77982,53,374077
13823,0.001449,74.125.68.0-255,1484,79466,53,374077
13824,0.00147,74.125.68.0-255,4320,83786,53,374077
13825,0.001489,74.125.68.0-255,7156,90942,53,374077
13826,0.001498,74.125.68.0-255,1484,92426,53,374077
13827,0.001503,74.125.68.0-255,4320,96746,53,374077
13828,0.001533,74.125.68.0-255,1484,98230,53,374077
13829,0.001551,74.125.68.0-255,2184,100414,53,374077
13830,0.001856,74.125.68.0-255,1484,101898,53,374077
13831,0.001874,74.125.68.0-255,2902,104800,53,374077
13832,0.001885,74.125.68.0-255,2902,107702,53,374077
13833,0.001895,74.125.68.0-255,1484,109186,53,374077
13834,0.001898,74.125.68.0-255,1484,110670,53,374077
13835,0.001919,74.125.68.0-255,4320,114990,53,374077
13836,0.001932,74.125.68.0-255,4320,119310,53,374077
13837,0.001949,74.125.68.0-255,7156,126466,53,374077
13838,0.001954,74.125.68.0-255,4320,130786,53,374077
13839,0.001996,74.125.68.0-255,1484,132270,53,374077
13840,0.002012,74.125.68.0-255,2184,134454,53,374077
13841,0.002142,74.125.68.0-255,1484,135938,53,374077
13842,0.002153,74.125.68.0-255,2902,138840,53,374077
13843,0.002173,74.125.68.0-255,1484,140324,53,374077
13844,0.002186,74.125.68.0-255,4320,144644,53,374077
13845,0.002207,74.125.68.0-255,5738,150382,53,374077
13846,0.002223,74.125.68.0-255,7156,157538,53,374077
13847,0.002251,74.125.68.0-255,2902,160440,53,374077
13848,0.004355,172.31.46.0-255,66,160506,53,374077
13849,0.006686,74.125.68.0-255,5738,166244,53,374077
13850,0.006692,172.31.46.0-255,66,166310,53,374077
13851,0.009002,74.125.68.0-255,5738,172048,53,374077
13852,0.009009,172.31.46.0-255,66,172114,53,374077
13853,0.011328,74.125.68.0-255,5738,177852,53,374077
13854,0.012623,172.31.46.0-255,66,177918,53,374077
13855,0.014981,74.125.68.0-255,5738,183656,53,374077
13856,0.014993,172.31.46.0-255,66,183722,53,374077
13857,0.017301,74.125.68.0-255,5738,189460,53,374077
13858,0.017308,172.31.46.0-255,66,189526,53,374077
13859,0.019623,74.125.68.0-255,5738,195264,53,374077
13860,0.019631,172.31.46.0-255,66,195330,53,374077
13861,0.021953,74.125.68.0-255,5738,201068,53,374077
13862,0.02197,172.31.46.0-255,66,201134,53,374077
13863,0.024295,74.125.68.0-255,5738,206872,53,374077
13864,0.02431,172.31.46.0-255,66,206938,53,374077
13865,0.026643,74.125.68.0-255,5738,212676,53,374077
13866,0.02666,172.31.46.0-255,66,212742,53,374077
13867,0.02898,74.125.68.0-255,5738,218480,53,374077
13868,0.028991,172.31.46.0-255,66,218546,53,374077
13869,0.029172,172.31.46.0-255,172,218718,53,374077
13870,0.029202,172.31.46.0-255,1112,219830,53,374077
13871,0.029265,172.31.46.0-255,1514,221344,53,374077
13872,0.029267,172.31.46.0-255,1514,222858,53,374077
13873,0.029291,172.31.46.0-255,702,223560,53,374077
13874,0.030711,104.244.42.0-255,66,223626,53,374077
13875,0.030732,104.244.42.0-255,66,223692,53,374077
13876,0.030826,104.244.42.0-255,66,223758,53,374077
13877,0.03083,104.244.42.0-255,66,223824,53,374077
13878,0.031297,74.125.68.0-255,5738,229562,53,374077
13879,0.031304,172.31.46.0-255,66,229628,53,374077
13880,0.033611,74.125.68.0-255,5738,235366,53,374077
13881,0.033621,172.31.46.0-255,66,235432,53,374077
13882,0.035959,74.125.68.0-255,5738,241170,53,374077
13883,0.035971,172.31.46.0-255,66,241236,53,374077
13884,0.038305,74.125.68.0-255,5738,246974,53,374077
13885,0.03832,172.31.46.0-255,66,247040,53,374077
13886,0.040646,74.125.68.0-255,5738,252778,53,374077
13887,0.040655,172.31.46.0-255,66,252844,53,374077
13888,0.042977,74.125.68.0-255,5738,258582,53,374077
13889,0.042985,172.31.46.0-255,66,258648,53,374077
13890,0.045299,74.125.68.0-255,5738,264386,53,374077
13891,0.045307,172.31.46.0-255,66,264452,53,374077
13892,0.047638,74.125.68.0-255,5738,270190,53,374077
13893,0.047647,172.31.46.0-255,66,270256,53,374077
13894,0.049983,74.125.68.0-255,5738,275994,53,374077
13895,0.050002,172.31.46.0-255,66,276060,53,374077
13896,0.052314,74.125.68.0-255,5738,281798,53,374077
13897,0.052325,172.31.46.0-255,66,281864,53,374077
13898,0.054665,74.125.68.0-255,5738,287602,53,374077
13899,0.05468,172.31.46.0-255,66,287668,53,374077
13900,0.057004,74.125.68.0-255,5738,293406,53,374077
13901,0.057016,172.31.46.0-255,66,293472,53,374077
13902,0.059355,74.125.68.0-255,5738,299210,53,374077
13903,0.059374,172.31.46.0-255,66,299276,53,374077
13904,0.0617,74.125.68.0-255,5738,305014,53,374077
13905,0.061711,172.31.46.0-255,66,305080,53,374077
13906,0.064031,74.125.68.0-255,5738,310818,53,374077
13907,0.06404,172.31.46.0-255,66,310884,53,374077
13908,0.066383,74.125.68.0-255,4320,315204,53,374077
13909,0.066392,172.31.46.0-255,66,315270,53,374077
13910,0.066414,74.125.68.0-255,1484,316754,53,374077
13911,0.068945,74.125.68.0-255,4320,321074,53,374077
13912,0.068954,172.31.46.0-255,66,321140,53,374077
13913,0.071474,74.125.68.0-255,5738,326878,53,374077
13914,0.071525,172.31.46.0-255,66,326944,53,374077
13915,0.073849,74.125.68.0-255,5738,332682,53,374077
13916,0.07386,172.31.46.0-255,66,332748,53,374077
13917,0.076183,74.125.68.0-255,5738,338486,53,374077
13918,0.076192,172.31.46.0-255,66,338552,53,374077
13919,0.078505,74.125.68.0-255,5738,344290,53,374077
13920,0.078513,172.31.46.0-255,66,344356,53,374077
13921,0.080841,74.125.68.0-255,5738,350094,53,374077
13922,0.080858,172.31.46.0-255,66,350160,53,374077
13923,0.083183,74.125.68.0-255,5738,355898,53,374077
13924,0.083191,172.31.46.0-255,66,355964,53,374077
13925,0.085503,74.125.68.0-255,5738,361702,53,374077
13926,0.085511,172.31.46.0-255,66,361768,53,374077
13927,0.087827,74.125.68.0-255,5738,367506,53,374077
13928,0.087833,172.31.46.0-255,66,367572,53,374077
13929,0.090175,74.125.68.0-255,2902,370474,53,374077
13930,0.090185,172.31.46.0-255,66,370540,53,374077
13931,0.090206,74.125.68.0-255,2902,373442,53,374077
13932,0.090244,172.31.46.0-255,66,373508,53,374077
13933,0.09246,74.125.68.0-255,332,373840,53,374077
13934,0.092649,172.31.46.0-255,66,373906,53,374077
13935,0.092688,172.31.46.0-255,105,374011,53,374077
13936,0.094953,74.125.68.0-255,66,374077,53,374077
13937,0.0,172.217.194.0-255,152,152,53,258268
13938,2.1e-05,172.31.46.0-255,66,218,53,258268
13939,2.8e-05,172.217.194.0-255,1484,1702,53,258268
13940,3.2e-05,172.31.46.0-255,66,1768,53,258268
13941,3.7e-05,172.217.194.0-255,2902,4670,53,258268
13942,3.9e-05,172.31.46.0-255,66,4736,53,258268
13943,4.6e-05,172.217.194.0-255,5738,10474,53,258268
13944,4.8e-05,172.31.46.0-255,66,10540,53,258268
13945,8.1e-05,172.31.46.0-255,66,10606,53,258268
13946,0.0001,172.217.194.0-255,3483,14089,53,258268
13947,0.000102,172.31.46.0-255,66,14155,53,258268
13948,0.000115,172.217.194.0-255,2902,17057,53,258268
13949,0.000117,172.31.46.0-255,66,17123,53,258268
13950,0.00013,172.217.194.0-255,3961,21084,53,258268
13951,0.000132,172.31.46.0-255,66,21150,53,258268
13952,0.000153,172.217.194.0-255,4320,25470,53,258268
13953,0.000155,172.31.46.0-255,66,25536,53,258268
13954,0.00017,172.217.194.0-255,2902,28438,53,258268
13955,0.000172,172.31.46.0-255,66,28504,53,258268
13956,0.000184,172.217.194.0-255,1484,29988,53,258268
13957,0.000186,172.31.46.0-255,66,30054,53,258268
13958,0.000223,172.31.46.0-255,66,30120,53,258268
13959,0.000275,172.217.194.0-255,4320,34440,53,258268
13960,0.000278,172.31.46.0-255,66,34506,53,258268
13961,0.000299,172.217.194.0-255,5738,40244,53,258268
13962,0.000301,172.31.46.0-255,66,40310,53,258268
13963,0.000315,172.217.194.0-255,1378,41688,53,258268
13964,0.000317,172.31.46.0-255,66,41754,53,258268
13965,0.00033,172.217.194.0-255,1484,43238,53,258268
13966,0.000332,172.31.46.0-255,66,43304,53,258268
13967,0.000366,172.31.46.0-255,66,43370,53,258268
13968,0.000398,172.217.194.0-255,4829,48199,53,258268
13969,0.0004,172.31.46.0-255,66,48265,53,258268
13970,0.000452,172.217.194.0-255,1484,49749,53,258268
13971,0.000458,172.217.194.0-255,2902,52651,53,258268
13972,0.00046,172.31.46.0-255,66,52717,53,258268
13973,0.00047,172.217.194.0-255,1484,54201,53,258268
13974,0.000489,172.217.194.0-255,4320,58521,53,258268
13975,0.000491,172.31.46.0-255,66,58587,53,258268
13976,0.000493,172.217.194.0-255,1484,60071,53,258268
13977,0.000509,172.217.194.0-255,2902,62973,53,258268
13978,0.000512,172.31.46.0-255,66,63039,53,258268
13979,0.000543,172.31.46.0-255,66,63105,53,258268
13980,0.000584,172.217.194.0-255,4320,67425,53,258268
13981,0.000586,172.31.46.0-255,66,67491,53,258268
13982,0.000601,172.217.194.0-255,3602,71093,53,258268
13983,0.000603,172.31.46.0-255,66,71159,53,258268
13984,0.000864,172.217.194.0-255,1484,72643,53,258268
13985,0.000881,172.217.194.0-255,2902,75545,53,258268
13986,0.000886,172.31.46.0-255,66,75611,53,258268
13987,0.000897,172.217.194.0-255,2902,78513,53,258268
13988,0.000899,172.31.46.0-255,66,78579,53,258268
13989,0.00092,172.217.194.0-255,2902,81481,53,258268
13990,0.000923,172.31.46.0-255,66,81547,53,258268
13991,0.00093,172.217.194.0-255,7156,88703,53,258268
13992,0.000933,172.31.46.0-255,66,88769,53,258268
13993,0.000988,172.31.46.0-255,66,88835,53,258268
13994,0.001022,172.217.194.0-255,2184,91019,53,258268
13995,0.001025,172.31.46.0-255,66,91085,53,258268
13996,0.001592,172.217.194.0-255,1484,92569,53,258268
13997,0.001599,172.217.194.0-255,2902,95471,53,258268
13998,0.001603,172.31.46.0-255,66,95537,53,258268
13999,0.001623,172.31.46.0-255,101,95638,53,258268
14000,0.001641,172.217.194.0-255,5738,101376,53,258268
14001,0.001644,172.31.46.0-255,66,101442,53,258268
14002,0.001661,172.217.194.0-255,4320,105762,53,258268
14003,0.001663,172.31.46.0-255,66,105828,53,258268
14004,0.001692,172.31.46.0-255,66,105894,53,258268
14005,0.001724,172.31.46.0-255,66,105960,53,258268
14006,0.001901,172.217.194.0-255,1484,107444,53,258268
14007,0.001908,172.217.194.0-255,2902,110346,53,258268
14008,0.001911,172.31.46.0-255,66,110412,53,258268
14009,0.001934,172.217.194.0-255,1484,111896,53,258268
14010,0.001948,172.217.194.0-255,4320,116216,53,258268
14011,0.00195,172.31.46.0-255,66,116282,53,258268
14012,0.001958,172.217.194.0-255,7156,123438,53,258268
14013,0.00196,172.31.46.0-255,66,123504,53,258268
14014,0.002002,172.31.46.0-255,66,123570,53,258268
14015,0.002057,172.217.194.0-255,2184,125754,53,258268
14016,0.00206,172.31.46.0-255,66,125820,53,258268
14017,0.002066,172.217.194.0-255,4320,130140,53,258268
14018,0.002068,172.31.46.0-255,66,130206,53,258268
14019,0.002082,172.217.194.0-255,5738,135944,53,258268
14020,0.002085,172.31.46.0-255,66,136010,53,258268
14021,0.002117,172.31.46.0-255,66,136076,53,258268
14022,0.002159,172.217.194.0-255,5738,141814,53,258268
14023,0.002162,172.31.46.0-255,66,141880,53,258268
14024,0.00219,172.31.46.0-255,66,141946,53,258268
14025,0.00224,172.217.194.0-255,4320,146266,53,258268
14026,0.002243,172.31.46.0-255,66,146332,53,258268
14027,0.002279,172.31.46.0-255,66,146398,53,258268
14028,0.002342,172.217.194.0-255,1484,147882,53,258268
14029,0.002392,172.31.46.0-255,66,147948,53,258268
14030,0.003677,172.217.194.0-255,66,148014,53,258268
14031,0.004472,172.217.194.0-255,5738,153752,53,258268
14032,0.004476,172.31.46.0-255,66,153818,53,258268
14033,0.006589,172.217.194.0-255,5738,159556,53,258268
14034,0.006595,172.31.46.0-255,66,159622,53,258268
14035,0.008685,172.217.194.0-255,5738,165360,53,258268
14036,0.00869,172.31.46.0-255,66,165426,53,258268
14037,0.0108,172.217.194.0-255,5738,171164,53,258268
14038,0.010807,172.31.46.0-255,66,171230,53,258268
14039,0.012905,172.217.194.0-255,5738,176968,53,258268
14040,0.012921,172.31.46.0-255,66,177034,53,258268
14041,0.015021,172.217.194.0-255,5738,182772,53,258268
14042,0.015034,172.31.46.0-255,66,182838,53,258268
14043,0.017161,172.217.194.0-255,5738,188576,53,258268
14044,0.01717,172.31.46.0-255,66,188642,53,258268
14045,0.019293,172.217.194.0-255,5738,194380,53,258268
14046,0.019301,172.31.46.0-255,66,194446,53,258268
14047,0.021395,172.217.194.0-255,5738,200184,53,258268
14048,0.021402,172.31.46.0-255,66,200250,53,258268
14049,0.023556,172.217.194.0-255,5738,205988,53,258268
14050,0.023564,172.31.46.0-255,66,206054,53,258268
14051,0.025674,172.217.194.0-255,5738,211792,53,258268
14052,0.02568,172.31.46.0-255,66,211858,53,258268
14053,0.02778,172.217.194.0-255,5738,217596,53,258268
14054,0.027787,172.31.46.0-255,66,217662,53,258268
14055,0.029923,172.217.194.0-255,5738,223400,53,258268
14056,0.029929,172.31.46.0-255,66,223466,53,258268
14057,0.032031,172.217.194.0-255,5738,229204,53,258268
14058,0.032037,172.31.46.0-255,66,229270,53,258268
14059,0.034147,172.217.194.0-255,5738,235008,53,258268
14060,0.034156,172.31.46.0-255,66,235074,53,258268
14061,0.03627,172.217.194.0-255,5738,240812,53,258268
14062,0.036278,172.31.46.0-255,66,240878,53,258268
14063,0.037696,172.31.46.0-255,172,241050,53,258268
14064,0.037721,172.31.46.0-255,1112,242162,53,258268
14065,0.037772,172.31.46.0-255,1514,243676,53,258268
14066,0.037774,172.31.46.0-255,1514,245190,53,258268
14067,0.037779,172.31.46.0-255,1514,246704,53,258268
14068,0.03778,172.31.46.0-255,1514,248218,53,258268
14069,0.037807,172.31.46.0-255,1509,249727,53,258268
14070,0.03837,172.217.194.0-255,4320,254047,53,258268
14071,0.038376,172.31.46.0-255,66,254113,53,258268
14072,0.038394,172.217.194.0-255,1484,255597,53,258268
14073,0.039211,104.244.42.0-255,66,255663,53,258268
14074,0.039231,104.244.42.0-255,66,255729,53,258268
14075,0.039301,104.244.42.0-255,66,255795,53,258268
14076,0.039335,104.244.42.0-255,66,255861,53,258268
14077,0.040488,172.217.194.0-255,2170,258031,53,258268
14078,0.040494,172.31.46.0-255,66,258097,53,258268
14079,0.040624,172.31.46.0-255,105,258202,53,258268
14080,0.046618,172.217.194.0-255,66,258268,53,258268
14081,0.0,74.125.24.0-255,153,153,53,345133
14082,2.5e-05,172.31.46.0-255,66,219,53,345133
14083,3.3e-05,74.125.24.0-255,1484,1703,53,345133
14084,3.7e-05,172.31.46.0-255,66,1769,53,345133
14085,4.3e-05,74.125.24.0-255,2902,4671,53,345133
14086,4.7e-05,172.31.46.0-255,66,4737,53,345133
14087,6.2e-05,74.125.24.0-255,7156,11893,53,345133
14088,6.5e-05,172.31.46.0-255,66,11959,53,345133
14089,7e-05,74.125.24.0-255,2013,13972,53,345133
14090,7.3e-05,172.31.46.0-255,66,14038,53,345133
14091,0.000222,74.125.24.0-255,1484,15522,53,345133
14092,0.000227,172.31.46.0-255,66,15588,53,345133
14093,0.000232,74.125.24.0-255,1484,17072,53,345133
14094,0.000234,172.31.46.0-255,66,17138,53,345133
14095,0.000261,74.125.24.0-255,1484,18622,53,345133
14096,0.000264,172.31.46.0-255,66,18688,53,345133
14097,0.000271,74.125.24.0-255,5738,24426,53,345133
14098,0.000274,172.31.46.0-255,66,24492,53,345133
14099,0.000307,74.125.24.0-255,6797,31289,53,345133
14100,0.00031,172.31.46.0-255,66,31355,53,345133
14101,0.000317,74.125.24.0-255,7156,38511,53,345133
14102,0.00032,172.31.46.0-255,66,38577,53,345133
14103,0.000363,172.31.46.0-255,66,38643,53,345133
14104,0.001277,74.125.24.0-255,1484,40127,53,345133
14105,0.001284,172.31.46.0-255,66,40193,53,345133
14106,0.001294,74.125.24.0-255,2902,43095,53,345133
14107,0.001298,172.31.46.0-255,66,43161,53,345133
14108,0.001312,74.125.24.0-255,5738,48899,53,345133
14109,0.001315,172.31.46.0-255,66,48965,53,345133
14110,0.001321,74.125.24.0-255,4320,53285,53,345133
14111,0.001323,172.31.46.0-255,66,53351,53,345133
14112,0.001375,172.31.46.0-255,66,53417,53,345133
14113,0.001382,74.125.24.0-255,5738,59155,53,345133
14114,0.001383,172.31.46.0-255,66,59221,53,345133
14115,0.001413,74.125.24.0-255,1484,60705,53,345133
14116,0.001456,172.31.46.0-255,66,60771,53,345133
14117,0.001479,74.125.24.0-255,1484,62255,53,345133
14118,0.001497,74.125.24.0-255,2902,65157,53,345133
14119,0.0015,172.31.46.0-255,66,65223,53,345133
14120,0.001537,74.125.24.0-255,4320,69543,53,345133
14121,0.001539,172.31.46.0-255,66,69609,53,345133
14122,0.00156,74.125.24.0-255,1484,71093,53,345133
14123,0.001569,74.125.24.0-255,6682,77775,53,345133
14124,0.001572,172.31.46.0-255,66,77841,53,345133
14125,0.001747,74.125.24.0-255,1484,79325,53,345133
14126,0.001753,74.125.24.0-255,2902,82227,53,345133
14127,0.001757,172.31.46.0-255,66,82293,53,345133
14128,0.001763,74.125.24.0-255,4320,86613,53,345133
14129,0.001765,172.31.46.0-255,66,86679,53,345133
14130,0.001782,74.125.24.0-255,1484,88163,53,345133
14131,0.001811,74.125.24.0-255,4320,92483,53,345133
14132,0.001814,172.31.46.0-255,66,92549,53,345133
14133,0.001841,74.125.24.0-255,3238,95787,53,345133
14134,0.001845,172.31.46.0-255,66,95853,53,345133
14135,0.001872,74.125.24.0-255,1484,97337,53,345133
14136,0.001878,74.125.24.0-255,2902,100239,53,345133
14137,0.001881,172.31.46.0-255,66,100305,53,345133
14138,0.001888,74.125.24.0-255,5738,106043,53,345133
14139,0.00189,172.31.46.0-255,66,106109,53,345133
14140,0.001924,172.31.46.0-255,66,106175,53,345133
14141,0.001944,74.125.24.0-255,1484,107659,53,345133
14142,0.001964,74.125.24.0-255,4320,111979,53,345133
14143,0.001967,172.31.46.0-255,66,112045,53,345133
14144,0.002,74.125.24.0-255,6438,118483,53,345133
14145,0.002004,172.31.46.0-255,66,118549,53,345133
14146,0.004294,74.125.24.0-255,5738,124287,53,345133
14147,0.004305,172.31.46.0-255,66,124353,53,345133
14148,0.006584,74.125.24.0-255,5738,130091,53,345133
14149,0.006591,172.31.46.0-255,66,130157,53,345133
14150,0.008848,74.125.24.0-255,2902,133059,53,345133
14151,0.008857,172.31.46.0-255,66,133125,53,345133
14152,0.008884,74.125.24.0-255,2902,136027,53,345133
14153,0.008888,172.31.46.0-255,66,136093,53,345133
14154,0.011145,74.125.24.0-255,2902,138995,53,345133
14155,0.011153,172.31.46.0-255,66,139061,53,345133
14156,0.011187,74.125.24.0-255,2902,141963,53,345133
14157,0.01119,172.31.46.0-255,66,142029,53,345133
14158,0.01349,74.125.24.0-255,5738,147767,53,345133
14159,0.013497,172.31.46.0-255,66,147833,53,345133
14160,0.01579,74.125.24.0-255,5738,153571,53,345133
14161,0.015798,172.31.46.0-255,66,153637,53,345133
14162,0.018053,74.125.24.0-255,5738,159375,53,345133
14163,0.01806,172.31.46.0-255,66,159441,53,345133
14164,0.020429,74.125.24.0-255,5738,165179,53,345133
14165,0.020447,172.31.46.0-255,66,165245,53,345133
14166,0.022769,74.125.24.0-255,5738,170983,53,345133
14167,0.022785,172.31.46.0-255,66,171049,53,345133
14168,0.025074,74.125.24.0-255,5738,176787,53,345133
14169,0.025092,172.31.46.0-255,66,176853,53,345133
14170,0.02738,74.125.24.0-255,5738,182591,53,345133
14171,0.027395,172.31.46.0-255,66,182657,53,345133
14172,0.029032,172.31.46.0-255,172,182829,53,345133
14173,0.029079,172.31.46.0-255,1107,183936,53,345133
14174,0.029148,172.31.46.0-255,1514,185450,53,345133
14175,0.02915,172.31.46.0-255,1296,186746,53,345133
14176,0.029713,74.125.24.0-255,5738,192484,53,345133
14177,0.029726,172.31.46.0-255,66,192550,53,345133
14178,0.030564,104.244.42.0-255,66,192616,53,345133
14179,0.030611,104.244.42.0-255,66,192682,53,345133
14180,0.030687,104.244.42.0-255,66,192748,53,345133
14181,0.032014,74.125.24.0-255,5738,198486,53,345133
14182,0.03203,172.31.46.0-255,66,198552,53,345133
14183,0.034331,74.125.24.0-255,5738,204290,53,345133
14184,0.034348,172.31.46.0-255,66,204356,53,345133
14185,0.036639,74.125.24.0-255,5738,210094,53,345133
14186,0.036658,172.31.46.0-255,66,210160,53,345133
14187,0.038991,74.125.24.0-255,5738,215898,53,345133
14188,0.039008,172.31.46.0-255,66,215964,53,345133
14189,0.041379,74.125.24.0-255,5738,221702,53,345133
14190,0.041402,172.31.46.0-255,66,221768,53,345133
14191,0.043671,74.125.24.0-255,5738,227506,53,345133
14192,0.04368,172.31.46.0-255,66,227572,53,345133
14193,0.045991,74.125.24.0-255,5738,233310,53,345133
14194,0.045999,172.31.46.0-255,66,233376,53,345133
14195,0.048285,74.125.24.0-255,5738,239114,53,345133
14196,0.048293,172.31.46.0-255,66,239180,53,345133
14197,0.050627,74.125.24.0-255,5738,244918,53,345133
14198,0.050636,172.31.46.0-255,66,244984,53,345133
14199,0.053155,74.125.24.0-255,5738,250722,53,345133
14200,0.053172,172.31.46.0-255,66,250788,53,345133
14201,0.055507,74.125.24.0-255,5738,256526,53,345133
14202,0.055524,172.31.46.0-255,66,256592,53,345133
14203,0.057839,74.125.24.0-255,5738,262330,53,345133
14204,0.057852,172.31.46.0-255,66,262396,53,345133
14205,0.060192,74.125.24.0-255,5738,268134,53,345133
14206,0.060199,172.31.46.0-255,66,268200,53,345133
14207,0.062495,74.125.24.0-255,5738,273938,53,345133
14208,0.062502,172.31.46.0-255,66,274004,53,345133
14209,0.064802,74.125.24.0-255,5738,279742,53,345133
14210,0.064809,172.31.46.0-255,66,279808,53,345133
14211,0.067118,74.125.24.0-255,5738,285546,53,345133
14212,0.067124,172.31.46.0-255,66,285612,53,345133
14213,0.06943,74.125.24.0-255,5738,291350,53,345133
14214,0.069437,172.31.46.0-255,66,291416,53,345133
14215,0.071748,74.125.24.0-255,5738,297154,53,345133
14216,0.071756,172.31.46.0-255,66,297220,53,345133
14217,0.074061,74.125.24.0-255,5738,302958,53,345133
14218,0.074069,172.31.46.0-255,66,303024,53,345133
14219,0.076393,74.125.24.0-255,5738,308762,53,345133
14220,0.076403,172.31.46.0-255,66,308828,53,345133
14221,0.078684,74.125.24.0-255,5738,314566,53,345133
14222,0.078695,172.31.46.0-255,66,314632,53,345133
14223,0.080969,74.125.24.0-255,5738,320370,53,345133
14224,0.080977,172.31.46.0-255,66,320436,53,345133
14225,0.083269,74.125.24.0-255,5738,326174,53,345133
14226,0.083278,172.31.46.0-255,66,326240,53,345133
14227,0.085601,74.125.24.0-255,5738,331978,53,345133
14228,0.08561,172.31.46.0-255,66,332044,53,345133
14229,0.087904,74.125.24.0-255,5738,337782,53,345133
14230,0.087914,172.31.46.0-255,66,337848,53,345133
14231,0.0902,74.125.24.0-255,5738,343586,53,345133
14232,0.090208,172.31.46.0-255,66,343652,53,345133
14233,0.09249,74.125.24.0-255,1244,344896,53,345133
14234,0.092638,172.31.46.0-255,66,344962,53,345133
14235,0.092678,172.31.46.0-255,105,345067,53,345133
14236,0.094946,74.125.24.0-255,66,345133,53,345133
14237,0.0,74.125.24.0-255,155,155,53,305471
14238,2.3e-05,172.31.46.0-255,66,221,53,305471
14239,2.9e-05,74.125.24.0-255,1484,1705,53,305471
14240,3.3e-05,172.31.46.0-255,66,1771,53,305471
14241,3.8e-05,74.125.24.0-255,2902,4673,53,305471
14242,4e-05,172.31.46.0-255,66,4739,53,305471
14243,4.7e-05,74.125.24.0-255,7156,11895,53,305471
14244,5.1e-05,172.31.46.0-255,66,11961,53,305471
14245,6.5e-05,172.31.46.0-255,66,12027,53,305471
14246,9.5e-05,74.125.24.0-255,1484,13511,53,305471
14247,9.7e-05,172.31.46.0-255,66,13577,53,305471
14248,0.000117,74.125.24.0-255,5379,18956,53,305471
14249,0.00012,172.31.46.0-255,66,19022,53,305471
14250,0.000143,74.125.24.0-255,1484,20506,53,305471
14251,0.000145,172.31.46.0-255,66,20572,53,305471
14252,0.000162,74.125.24.0-255,1484,22056,53,305471
14253,0.000163,172.31.46.0-255,66,22122,53,305471
14254,0.000178,74.125.24.0-255,1484,23606,53,305471
14255,0.00018,172.31.46.0-255,66,23672,53,305471
14256,0.000183,74.125.24.0-255,1484,25156,53,305471
14257,0.000184,172.31.46.0-255,66,25222,53,305471
14258,0.00019,74.125.24.0-255,5738,30960,53,305471
14259,0.000192,172.31.46.0-255,66,31026,53,305471
14260,0.00021,74.125.24.0-255,1484,32510,53,305471
14261,0.000212,172.31.46.0-255,66,32576,53,305471
14262,0.000231,172.31.46.0-255,66,32642,53,305471
14263,0.000242,74.125.24.0-255,1484,34126,53,305471
14264,0.000244,172.31.46.0-255,66,34192,53,305471
14265,0.000249,74.125.24.0-255,4320,38512,53,305471
14266,0.000251,172.31.46.0-255,66,38578,53,305471
14267,0.000275,74.125.24.0-255,1484,40062,53,305471
14268,0.00029,74.125.24.0-255,3602,43664,53,305471
14269,0.000292,172.31.46.0-255,66,43730,53,305471
14270,0.000336,74.125.24.0-255,363,44093,53,305471
14271,0.000354,74.125.24.0-255,130,44223,53,305471
14272,0.000417,74.125.24.0-255,1484,45707,53,305471
14273,0.00042,172.31.46.0-255,66,45773,53,305471
14274,0.000448,74.125.24.0-255,2902,48675,53,305471
14275,0.00045,172.31.46.0-255,66,48741,53,305471
14276,0.000453,74.125.24.0-255,1484,50225,53,305471
14277,0.000471,74.125.24.0-255,4320,54545,53,305471
14278,0.000473,172.31.46.0-255,66,54611,53,305471
14279,0.000478,74.125.24.0-255,4320,58931,53,305471
14280,0.00048,172.31.46.0-255,66,58997,53,305471
14281,0.000503,172.31.46.0-255,66,59063,53,305471
14282,0.00051,74.125.24.0-255,7156,66219,53,305471
14283,0.000512,172.31.46.0-255,66,66285,53,305471
14284,0.000538,74.125.24.0-255,3303,69588,53,305471
14285,0.000541,172.31.46.0-255,66,69654,53,305471
14286,0.000607,74.125.24.0-255,1484,71138,53,305471
14287,0.000636,74.125.24.0-255,2902,74040,53,305471
14288,0.00064,172.31.46.0-255,66,74106,53,305471
14289,0.000646,74.125.24.0-255,5738,79844,53,305471
14290,0.000648,172.31.46.0-255,66,79910,53,305471
14291,0.000653,74.125.24.0-255,4320,84230,53,305471
14292,0.000655,172.31.46.0-255,66,84296,53,305471
14293,0.000659,74.125.24.0-255,2902,87198,53,305471
14294,0.000661,172.31.46.0-255,66,87264,53,305471
14295,0.000692,172.31.46.0-255,66,87330,53,305471
14296,0.000703,172.31.46.0-255,66,87396,53,305471
14297,0.001175,74.125.24.0-255,1484,88880,53,305471
14298,0.001193,74.125.24.0-255,2902,91782,53,305471
14299,0.001197,172.31.46.0-255,66,91848,53,305471
14300,0.001204,74.125.24.0-255,5738,97586,53,305471
14301,0.001205,172.31.46.0-255,66,97652,53,305471
14302,0.001234,74.125.24.0-255,7156,104808,53,305471
14303,0.001237,172.31.46.0-255,66,104874,53,305471
14304,0.00126,74.125.24.0-255,5738,110612,53,305471
14305,0.001262,172.31.46.0-255,66,110678,53,305471
14306,0.001267,74.125.24.0-255,4320,114998,53,305471
14307,0.001269,172.31.46.0-255,66,115064,53,305471
14308,0.001275,74.125.24.0-255,5738,120802,53,305471
14309,0.001276,172.31.46.0-255,66,120868,53,305471
14310,0.001279,74.125.24.0-255,766,121634,53,305471
14311,0.001451,74.125.24.0-255,1484,123118,53,305471
14312,0.001455,172.31.46.0-255,66,123184,53,305471
14313,0.001459,74.125.24.0-255,2902,126086,53,305471
14314,0.001461,172.31.46.0-255,66,126152,53,305471
14315,0.001472,74.125.24.0-255,1484,127636,53,305471
14316,0.001487,74.125.24.0-255,4320,131956,53,305471
14317,0.00149,172.31.46.0-255,66,132022,53,305471
14318,0.001501,74.125.24.0-255,1484,133506,53,305471
14319,0.001527,172.31.46.0-255,66,133572,53,305471
14320,0.001573,172.31.46.0-255,66,133638,53,305471
14321,0.001759,74.125.24.0-255,1484,135122,53,305471
14322,0.001774,74.125.24.0-255,2902,138024,53,305471
14323,0.001777,172.31.46.0-255,66,138090,53,305471
14324,0.001809,74.125.24.0-255,2902,140992,53,305471
14325,0.001811,172.31.46.0-255,66,141058,53,305471
14326,0.001828,74.125.24.0-255,2902,143960,53,305471
14327,0.00183,172.31.46.0-255,66,144026,53,305471
14328,0.00184,172.31.46.0-255,66,144092,53,305471
14329,0.001857,74.125.24.0-255,1484,145576,53,305471
14330,0.001881,172.31.46.0-255,66,145642,53,305471
14331,0.004112,74.125.24.0-255,5738,151380,53,305471
14332,0.004119,172.31.46.0-255,66,151446,53,305471
14333,0.006343,74.125.24.0-255,5738,157184,53,305471
14334,0.006347,172.31.46.0-255,66,157250,53,305471
14335,0.008598,74.125.24.0-255,5738,162988,53,305471
14336,0.008605,172.31.46.0-255,66,163054,53,305471
14337,0.010845,74.125.24.0-255,5738,168792,53,305471
14338,0.010852,172.31.46.0-255,66,168858,53,305471
14339,0.013091,74.125.24.0-255,5738,174596,53,305471
14340,0.013098,172.31.46.0-255,66,174662,53,305471
14341,0.015339,74.125.24.0-255,5738,180400,53,305471
14342,0.015349,172.31.46.0-255,66,180466,53,305471
14343,0.017597,74.125.24.0-255,5738,186204,53,305471
14344,0.017605,172.31.46.0-255,66,186270,53,305471
14345,0.019847,74.125.24.0-255,5738,192008,53,305471
14346,0.019855,172.31.46.0-255,66,192074,53,305471
14347,0.022114,74.125.24.0-255,5738,197812,53,305471
14348,0.022121,172.31.46.0-255,66,197878,53,305471
14349,0.024356,74.125.24.0-255,5738,203616,53,305471
14350,0.024362,172.31.46.0-255,66,203682,53,305471
14351,0.026646,74.125.24.0-255,5738,209420,53,305471
14352,0.026654,172.31.46.0-255,66,209486,53,305471
14353,0.028903,74.125.24.0-255,5738,215224,53,305471
14354,0.028912,172.31.46.0-255,66,215290,53,305471
14355,0.031157,74.125.24.0-255,5738,221028,53,305471
14356,0.031166,172.31.46.0-255,66,221094,53,305471
14357,0.0334,74.125.24.0-255,5738,226832,53,305471
14358,0.033408,172.31.46.0-255,66,226898,53,305471
14359,0.033446,172.31.46.0-255,172,227070,53,305471
14360,0.033477,172.31.46.0-255,1107,228177,53,305471
14361,0.033534,172.31.46.0-255,1514,229691,53,305471
14362,0.033536,172.31.46.0-255,1514,231205,53,305471
14363,0.033559,172.31.46.0-255,709,231914,53,305471
14364,0.034979,104.244.42.0-255,66,231980,53,305471
14365,0.03503,104.244.42.0-255,66,232046,53,305471
14366,0.035079,104.244.42.0-255,66,232112,53,305471
14367,0.035083,104.244.42.0-255,66,232178,53,305471
14368,0.035676,74.125.24.0-255,5738,237916,53,305471
14369,0.035682,172.31.46.0-255,66,237982,53,305471
14370,0.037915,74.125.24.0-255,5738,243720,53,305471
14371,0.037922,172.31.46.0-255,66,243786,53,305471
14372,0.040175,74.125.24.0-255,5738,249524,53,305471
14373,0.040182,172.31.46.0-255,66,249590,53,305471
14374,0.042436,74.125.24.0-255,5738,255328,53,305471
14375,0.042444,172.31.46.0-255,66,255394,53,305471
14376,0.044689,74.125.24.0-255,5738,261132,53,305471
14377,0.044696,172.31.46.0-255,66,261198,53,305471
14378,0.04696,74.125.24.0-255,5738,266936,53,305471
14379,0.046967,172.31.46.0-255,66,267002,53,305471
14380,0.049188,74.125.24.0-255,5738,272740,53,305471
14381,0.049195,172.31.46.0-255,66,272806,53,305471
14382,0.051442,74.125.24.0-255,5738,278544,53,305471
14383,0.051447,172.31.46.0-255,66,278610,53,305471
14384,0.053687,74.125.24.0-255,5738,284348,53,305471
14385,0.053694,172.31.46.0-255,66,284414,53,305471
14386,0.055953,74.125.24.0-255,5738,290152,53,305471
14387,0.055959,172.31.46.0-255,66,290218,53,305471
14388,0.058216,74.125.24.0-255,5738,295956,53,305471
14389,0.058225,172.31.46.0-255,66,296022,53,305471
14390,0.060475,74.125.24.0-255,5738,301760,53,305471
14391,0.060481,172.31.46.0-255,66,301826,53,305471
14392,0.062728,74.125.24.0-255,3408,305234,53,305471
14393,0.062735,172.31.46.0-255,66,305300,53,305471
14394,0.062918,172.31.46.0-255,105,305405,53,305471
14395,0.065135,74.125.24.0-255,66,305471,53,305471
14396,0.0,172.217.160.0-255,148,148,53,311152
14397,2.5e-05,172.31.46.0-255,66,214,53,311152
14398,3.2e-05,172.217.160.0-255,1484,1698,53,311152
14399,3.6e-05,172.31.46.0-255,66,1764,53,311152
14400,4.2e-05,172.217.160.0-255,2902,4666,53,311152
14401,4.5e-05,172.31.46.0-255,66,4732,53,311152
14402,6e-05,172.217.160.0-255,7156,11888,53,311152
14403,6.5e-05,172.31.46.0-255,66,11954,53,311152
14404,8.2e-05,172.31.46.0-255,66,12020,53,311152
14405,8.5e-05,172.217.160.0-255,1484,13504,53,311152
14406,8.8e-05,172.31.46.0-255,66,13570,53,311152
14407,9.1e-05,172.217.160.0-255,1125,14695,53,311152
14408,9.5e-05,172.31.46.0-255,66,14761,53,311152
14409,0.00026,172.217.160.0-255,1484,16245,53,311152
14410,0.000264,172.31.46.0-255,66,16311,53,311152
14411,0.000269,172.217.160.0-255,2902,19213,53,311152
14412,0.000273,172.31.46.0-255,66,19279,53,311152
14413,0.000283,172.217.160.0-255,5738,25017,53,311152
14414,0.000286,172.31.46.0-255,66,25083,53,311152
14415,0.00029,172.217.160.0-255,2902,27985,53,311152
14416,0.000292,172.31.46.0-255,66,28051,53,311152
14417,0.000324,172.31.46.0-255,66,28117,53,311152
14418,0.000341,172.31.46.0-255,66,28183,53,311152
14419,0.000343,172.217.160.0-255,1125,29308,53,311152
14420,0.000345,172.31.46.0-255,66,29374,53,311152
14421,0.000392,172.217.160.0-255,374,29748,53,311152
14422,0.000394,172.31.46.0-255,66,29814,53,311152
14423,0.001101,172.217.160.0-255,368,30182,53,311152
14424,0.001106,172.31.46.0-255,66,30248,53,311152
14425,0.001208,172.217.160.0-255,1484,31732,53,311152
14426,0.001215,172.217.160.0-255,1484,33216,53,311152
14427,0.001218,172.31.46.0-255,66,33282,53,311152
14428,0.001251,172.217.160.0-255,1484,34766,53,311152
14429,0.001257,172.217.160.0-255,5738,40504,53,311152
14430,0.001259,172.31.46.0-255,66,40570,53,311152
14431,0.001265,172.217.160.0-255,4320,44890,53,311152
14432,0.001267,172.31.46.0-255,66,44956,53,311152
14433,0.001288,172.217.160.0-255,2543,47499,53,311152
14434,0.00129,172.31.46.0-255,66,47565,53,311152
14435,0.001298,172.217.160.0-255,7156,54721,53,311152
14436,0.0013,172.31.46.0-255,66,54787,53,311152
14437,0.001343,172.31.46.0-255,66,54853,53,311152
14438,0.001484,172.217.160.0-255,1484,56337,53,311152
14439,0.00149,172.217.160.0-255,2902,59239,53,311152
14440,0.001493,172.31.46.0-255,66,59305,53,311152
14441,0.001524,172.217.160.0-255,5738,65043,53,311152
14442,0.001527,172.31.46.0-255,66,65109,53,311152
14443,0.001535,172.217.160.0-255,7156,72265,53,311152
14444,0.001537,172.31.46.0-255,66,72331,53,311152
14445,0.001559,172.217.160.0-255,4320,76651,53,311152
14446,0.001566,172.31.46.0-255,66,76717,53,311152
14447,0.001571,172.217.160.0-255,2902,79619,53,311152
14448,0.001573,172.31.46.0-255,66,79685,53,311152
14449,0.001597,172.31.46.0-255,66,79751,53,311152
14450,0.001634,172.31.46.0-255,66,79817,53,311152
14451,0.00165,172.31.46.0-255,66,79883,53,311152
14452,0.001682,172.217.160.0-255,1484,81367,53,311152
14453,0.001691,172.217.160.0-255,5020,86387,53,311152
14454,0.001695,172.31.46.0-255,66,86453,53,311152
14455,0.001784,172.217.160.0-255,1484,87937,53,311152
14456,0.00179,172.217.160.0-255,2902,90839,53,311152
14457,0.001794,172.31.46.0-255,66,90905,53,311152
14458,0.001797,172.217.160.0-255,1484,92389,53,311152
14459,0.001823,172.217.160.0-255,4320,96709,53,311152
14460,0.001827,172.31.46.0-255,66,96775,53,311152
14461,0.001838,172.31.46.0-255,66,96841,53,311152
14462,0.001846,172.217.160.0-255,7156,103997,53,311152
14463,0.001848,172.31.46.0-255,66,104063,53,311152
14464,0.001878,172.217.160.0-255,2902,106965,53,311152
14465,0.001881,172.31.46.0-255,66,107031,53,311152
14466,0.001888,172.217.160.0-255,5020,112051,53,311152
14467,0.001891,172.31.46.0-255,66,112117,53,311152
14468,0.003823,172.217.160.0-255,5738,117855,53,311152
14469,0.003834,172.31.46.0-255,66,117921,53,311152
14470,0.005779,172.217.160.0-255,5738,123659,53,311152
14471,0.005788,172.31.46.0-255,66,123725,53,311152
14472,0.007765,172.217.160.0-255,5738,129463,53,311152
14473,0.007772,172.31.46.0-255,66,129529,53,311152
14474,0.009733,172.217.160.0-255,5738,135267,53,311152
14475,0.009741,172.31.46.0-255,66,135333,53,311152
14476,0.011682,172.217.160.0-255,5738,141071,53,311152
14477,0.01169,172.31.46.0-255,66,141137,53,311152
14478,0.013634,172.217.160.0-255,5738,146875,53,311152
14479,0.013643,172.31.46.0-255,66,146941,53,311152
14480,0.015583,172.217.160.0-255,5738,152679,53,311152
14481,0.015591,172.31.46.0-255,66,152745,53,311152
14482,0.017571,172.217.160.0-255,5738,158483,53,311152
14483,0.017581,172.31.46.0-255,66,158549,53,311152
14484,0.019539,172.217.160.0-255,5738,164287,53,311152
14485,0.019551,172.31.46.0-255,66,164353,53,311152
14486,0.021492,172.217.160.0-255,5738,170091,53,311152
14487,0.021502,172.31.46.0-255,66,170157,53,311152
14488,0.023442,172.217.160.0-255,5738,175895,53,311152
14489,0.023455,172.31.46.0-255,66,175961,53,311152
14490,0.025402,172.217.160.0-255,5738,181699,53,311152
14491,0.025414,172.31.46.0-255,66,181765,53,311152
14492,0.027356,172.217.160.0-255,5738,187503,53,311152
14493,0.02737,172.31.46.0-255,66,187569,53,311152
14494,0.029315,172.217.160.0-255,5738,193307,53,311152
14495,0.029323,172.31.46.0-255,66,193373,53,311152
14496,0.031276,172.217.160.0-255,5738,199111,53,311152
14497,0.031285,172.31.46.0-255,66,199177,53,311152
14498,0.033225,172.217.160.0-255,5738,204915,53,311152
14499,0.033232,172.31.46.0-255,66,204981,53,311152
14500,0.034994,172.31.46.0-255,172,205153,53,311152
14501,0.035024,172.31.46.0-255,1112,206265,53,311152
14502,0.035088,172.31.46.0-255,1514,207779,53,311152
14503,0.03509,172.31.46.0-255,1514,209293,53,311152
14504,0.035113,172.31.46.0-255,702,209995,53,311152
14505,0.035177,172.217.160.0-255,5738,215733,53,311152
14506,0.035182,172.31.46.0-255,66,215799,53,311152
14507,0.036565,104.244.42.0-255,66,215865,53,311152
14508,0.03659,104.244.42.0-255,66,215931,53,311152
14509,0.036608,104.244.42.0-255,66,215997,53,311152
14510,0.036611,104.244.42.0-255,66,216063,53,311152
14511,0.037115,172.217.160.0-255,5738,221801,53,311152
14512,0.037121,172.31.46.0-255,66,221867,53,311152
14513,0.039058,172.217.160.0-255,5738,227605,53,311152
14514,0.03907,172.31.46.0-255,66,227671,53,311152
14515,0.041012,172.217.160.0-255,5738,233409,53,311152
14516,0.041024,172.31.46.0-255,66,233475,53,311152
14517,0.042994,172.217.160.0-255,5738,239213,53,311152
14518,0.043012,172.31.46.0-255,66,239279,53,311152
14519,0.044958,172.217.160.0-255,5738,245017,53,311152
14520,0.044967,172.31.46.0-255,66,245083,53,311152
14521,0.047081,172.217.160.0-255,5738,250821,53,311152
14522,0.047091,172.31.46.0-255,66,250887,53,311152
14523,0.049044,172.217.160.0-255,5738,256625,53,311152
14524,0.049056,172.31.46.0-255,66,256691,53,311152
14525,0.050999,172.217.160.0-255,5738,262429,53,311152
14526,0.051011,172.31.46.0-255,66,262495,53,311152
14527,0.052965,172.217.160.0-255,5738,268233,53,311152
14528,0.052973,172.31.46.0-255,66,268299,53,311152
14529,0.05492,172.217.160.0-255,5738,274037,53,311152
14530,0.054926,172.31.46.0-255,66,274103,53,311152
14531,0.056901,172.217.160.0-255,5738,279841,53,311152
14532,0.056919,172.31.46.0-255,66,279907,53,311152
14533,0.058895,172.217.160.0-255,5738,285645,53,311152
14534,0.058907,172.31.46.0-255,66,285711,53,311152
14535,0.060862,172.217.160.0-255,5738,291449,53,311152
14536,0.060877,172.31.46.0-255,66,291515,53,311152
14537,0.062846,172.217.160.0-255,5738,297253,53,311152
14538,0.062858,172.31.46.0-255,66,297319,53,311152
14539,0.064842,172.217.160.0-255,5738,303057,53,311152
14540,0.06486,172.31.46.0-255,66,303123,53,311152
14541,0.066815,172.217.160.0-255,5738,308861,53,311152
14542,0.066826,172.31.46.0-255,66,308927,53,311152
14543,0.068763,172.217.160.0-255,1988,310915,53,311152
14544,0.068774,172.31.46.0-255,66,310981,53,311152
14545,0.068988,172.31.46.0-255,105,311086,53,311152
14546,0.070899,172.217.160.0-255,66,311152,53,311152
14547,0.0,74.125.24.0-255,146,146,53,192662
14548,2.1e-05,172.31.46.0-255,66,212,53,192662
14549,2.7e-05,74.125.24.0-255,1484,1696,53,192662
14550,3.1e-05,172.31.46.0-255,66,1762,53,192662
14551,4.3e-05,74.125.24.0-255,2902,4664,53,192662
14552,4.5e-05,172.31.46.0-255,66,4730,53,192662
14553,5.2e-05,74.125.24.0-255,7156,11886,53,192662
14554,5.5e-05,172.31.46.0-255,66,11952,53,192662
14555,5.7e-05,74.125.24.0-255,1484,13436,53,192662
14556,6e-05,172.31.46.0-255,66,13502,53,192662
14557,6.3e-05,74.125.24.0-255,669,14171,53,192662
14558,6.6e-05,172.31.46.0-255,66,14237,53,192662
14559,8.7e-05,74.125.24.0-255,1484,15721,53,192662
14560,9.2e-05,172.31.46.0-255,66,15787,53,192662
14561,9.8e-05,74.125.24.0-255,4320,20107,53,192662
14562,0.0001,172.31.46.0-255,66,20173,53,192662
14563,0.000143,172.31.46.0-255,66,20239,53,192662
14564,0.000146,74.125.24.0-255,1125,21364,53,192662
14565,0.000147,172.31.46.0-255,66,21430,53,192662
14566,0.000262,74.125.24.0-255,1484,22914,53,192662
14567,0.000266,172.31.46.0-255,66,22980,53,192662
14568,0.000271,74.125.24.0-255,2902,25882,53,192662
14569,0.000273,172.31.46.0-255,66,25948,53,192662
14570,0.000307,74.125.24.0-255,5738,31686,53,192662
14571,0.00031,172.31.46.0-255,66,31752,53,192662
14572,0.000325,172.31.46.0-255,66,31818,53,192662
14573,0.000357,172.31.46.0-255,66,31884,53,192662
14574,0.000379,74.125.24.0-255,1421,33305,53,192662
14575,0.00038,172.31.46.0-255,66,33371,53,192662
14576,0.000383,74.125.24.0-255,134,33505,53,192662
14577,0.000385,172.31.46.0-255,66,33571,53,192662
14578,0.000425,74.125.24.0-255,344,33915,53,192662
14579,0.000427,172.31.46.0-255,66,33981,53,192662
14580,0.000729,74.125.24.0-255,1484,35465,53,192662
14581,0.000733,172.31.46.0-255,66,35531,53,192662
14582,0.000738,74.125.24.0-255,2902,38433,53,192662
14583,0.00074,172.31.46.0-255,66,38499,53,192662
14584,0.000742,74.125.24.0-255,1484,39983,53,192662
14585,0.000744,172.31.46.0-255,66,40049,53,192662
14586,0.000779,74.125.24.0-255,4320,44369,53,192662
14587,0.000781,172.31.46.0-255,66,44435,53,192662
14588,0.000794,172.31.46.0-255,66,44501,53,192662
14589,0.000836,172.31.46.0-255,66,44567,53,192662
14590,0.001009,74.125.24.0-255,1484,46051,53,192662
14591,0.001013,172.31.46.0-255,66,46117,53,192662
14592,0.001017,74.125.24.0-255,1484,47601,53,192662
14593,0.001018,172.31.46.0-255,66,47667,53,192662
14594,0.001043,74.125.24.0-255,1484,49151,53,192662
14595,0.001045,172.31.46.0-255,66,49217,53,192662
14596,0.001051,74.125.24.0-255,5738,54955,53,192662
14597,0.001053,172.31.46.0-255,66,55021,53,192662
14598,0.001069,172.31.46.0-255,66,55087,53,192662
14599,0.001113,172.31.46.0-255,66,55153,53,192662
14600,0.001116,74.125.24.0-255,766,55919,53,192662
14601,0.001117,172.31.46.0-255,66,55985,53,192662
14602,0.001306,74.125.24.0-255,1484,57469,53,192662
14603,0.001309,172.31.46.0-255,66,57535,53,192662
14604,0.001313,74.125.24.0-255,1484,59019,53,192662
14605,0.001315,172.31.46.0-255,66,59085,53,192662
14606,0.001336,74.125.24.0-255,1484,60569,53,192662
14607,0.001345,74.125.24.0-255,5738,66307,53,192662
14608,0.001356,172.31.46.0-255,66,66373,53,192662
14609,0.00137,74.125.24.0-255,7156,73529,53,192662
14610,0.001391,74.125.24.0-255,5738,79267,53,192662
14611,0.001401,74.125.24.0-255,766,80033,53,192662
14612,0.001415,172.31.46.0-255,66,80099,53,192662
14613,0.001453,74.125.24.0-255,1484,81583,53,192662
14614,0.001468,74.125.24.0-255,4320,85903,53,192662
14615,0.00147,172.31.46.0-255,66,85969,53,192662
14616,0.001493,74.125.24.0-255,7156,93125,53,192662
14617,0.0015,172.31.46.0-255,66,93191,53,192662
14618,0.001546,74.125.24.0-255,4320,97511,53,192662
14619,0.001549,74.125.24.0-255,1484,98995,53,192662
14620,0.001562,172.31.46.0-255,66,99061,53,192662
14621,0.001578,74.125.24.0-255,3602,102663,53,192662
14622,0.001588,172.31.46.0-255,66,102729,53,192662
14623,0.001609,74.125.24.0-255,4320,107049,53,192662
14624,0.00162,74.125.24.0-255,1484,108533,53,192662
14625,0.001625,172.31.46.0-255,66,108599,53,192662
14626,0.001661,74.125.24.0-255,2902,111501,53,192662
14627,0.001667,74.125.24.0-255,5738,117239,53,192662
14628,0.001678,74.125.24.0-255,2902,120141,53,192662
14629,0.001696,74.125.24.0-255,6438,126579,53,192662
14630,0.001699,172.31.46.0-255,66,126645,53,192662
14631,0.001703,172.31.46.0-255,66,126711,53,192662
14632,0.001775,74.125.24.0-255,1484,128195,53,192662
14633,0.001794,74.125.24.0-255,2902,131097,53,192662
14634,0.001802,74.125.24.0-255,5738,136835,53,192662
14635,0.001821,172.31.46.0-255,66,136901,53,192662
14636,0.001833,74.125.24.0-255,4320,141221,53,192662
14637,0.001861,74.125.24.0-255,5738,146959,53,192662
14638,0.001889,74.125.24.0-255,2184,149143,53,192662
14639,0.001896,172.31.46.0-255,66,149209,53,192662
14640,0.001961,74.125.24.0-255,1484,150693,53,192662
14641,0.001967,74.125.24.0-255,2902,153595,53,192662
14642,0.001973,74.125.24.0-255,4320,157915,53,192662
14643,0.001986,74.125.24.0-255,1484,159399,53,192662
14644,0.001992,74.125.24.0-255,5738,165137,53,192662
14645,0.002003,172.31.46.0-255,66,165203,53,192662
14646,0.002022,74.125.24.0-255,4320,169523,53,192662
14647,0.002041,172.31.46.0-255,66,169589,53,192662
14648,0.002058,74.125.24.0-255,766,170355,53,192662
14649,0.002065,172.31.46.0-255,66,170421,53,192662
14650,0.002127,74.125.24.0-255,7156,177577,53,192662
14651,0.002151,74.125.24.0-255,1484,179061,53,192662
14652,0.002158,74.125.24.0-255,5738,184799,53,192662
14653,0.002169,172.31.46.0-255,66,184865,53,192662
14654,0.002219,172.31.46.0-255,66,184931,53,192662
14655,0.00225,74.125.24.0-255,2902,187833,53,192662
14656,0.002271,172.31.46.0-255,66,187899,53,192662
14657,0.002317,172.31.46.0-255,66,187965,53,192662
14658,0.002362,172.31.46.0-255,66,188031,53,192662
14659,0.002385,74.125.24.0-255,105,188136,53,192662
14660,0.004196,172.31.46.0-255,66,188202,53,192662
14661,0.004228,172.31.46.0-255,105,188307,53,192662
14662,0.006783,74.125.24.0-255,66,188373,53,192662
14663,0.032844,172.31.46.0-255,172,188545,53,192662
14664,0.032879,172.31.46.0-255,1112,189657,53,192662
14665,0.032945,172.31.46.0-255,1514,191171,53,192662
14666,0.032947,172.31.46.0-255,1293,192464,53,192662
14667,0.034375,104.244.42.0-255,66,192530,53,192662
14668,0.034415,104.244.42.0-255,66,192596,53,192662
14669,0.034508,104.244.42.0-255,66,192662,53,192662
14670,0.0,172.217.24.0-255,152,152,53,312690
14671,1.3e-05,172.31.46.0-255,66,218,53,312690
14672,1.9e-05,172.217.24.0-255,1484,1702,53,312690
14673,2.3e-05,172.31.46.0-255,66,1768,53,312690
14674,2.8e-05,172.217.24.0-255,2902,4670,53,312690
14675,3.1e-05,172.31.46.0-255,66,4736,53,312690
14676,3.6e-05,172.217.24.0-255,4320,9056,53,312690
14677,3.8e-05,172.31.46.0-255,66,9122,53,312690
14678,4.4e-05,172.217.24.0-255,4887,14009,53,312690
14679,4.6e-05,172.31.46.0-255,66,14075,53,312690
14680,0.00012,172.217.24.0-255,1484,15559,53,312690
14681,0.000123,172.31.46.0-255,66,15625,53,312690
14682,0.000127,172.217.24.0-255,2902,18527,53,312690
14683,0.000129,172.31.46.0-255,66,18593,53,312690
14684,0.000142,172.217.24.0-255,4320,22913,53,312690
14685,0.000144,172.31.46.0-255,66,22979,53,312690
14686,0.000159,172.217.24.0-255,1484,24463,53,312690
14687,0.000173,172.31.46.0-255,66,24529,53,312690
14688,0.000188,172.217.24.0-255,4320,28849,53,312690
14689,0.00019,172.31.46.0-255,66,28915,53,312690
14690,0.000224,172.31.46.0-255,66,28981,53,312690
14691,0.00025,172.31.46.0-255,66,29047,53,312690
14692,0.000276,172.217.24.0-255,1484,30531,53,312690
14693,0.000278,172.31.46.0-255,66,30597,53,312690
14694,0.0003,172.217.24.0-255,4320,34917,53,312690
14695,0.000303,172.31.46.0-255,66,34983,53,312690
14696,0.00031,172.217.24.0-255,7156,42139,53,312690
14697,0.000312,172.31.46.0-255,66,42205,53,312690
14698,0.000328,172.217.24.0-255,1484,43689,53,312690
14699,0.00033,172.31.46.0-255,66,43755,53,312690
14700,0.000353,172.217.24.0-255,2836,46591,53,312690
14701,0.000356,172.31.46.0-255,66,46657,53,312690
14702,0.000991,172.217.24.0-255,137,46794,53,312690
14703,0.001012,172.31.46.0-255,66,46860,53,312690
14704,0.00117,172.217.24.0-255,1484,48344,53,312690
14705,0.00118,172.217.24.0-255,2902,51246,53,312690
14706,0.001184,172.31.46.0-255,66,51312,53,312690
14707,0.001192,172.217.24.0-255,5738,57050,53,312690
14708,0.001194,172.31.46.0-255,66,57116,53,312690
14709,0.001223,172.217.24.0-255,6797,63913,53,312690
14710,0.001226,172.31.46.0-255,66,63979,53,312690
14711,0.001257,172.31.46.0-255,66,64045,53,312690
14712,0.001262,172.217.24.0-255,2543,66588,53,312690
14713,0.001263,172.31.46.0-255,66,66654,53,312690
14714,0.001435,172.217.24.0-255,1484,68138,53,312690
14715,0.001441,172.217.24.0-255,2902,71040,53,312690
14716,0.001444,172.31.46.0-255,66,71106,53,312690
14717,0.001448,172.217.24.0-255,1484,72590,53,312690
14718,0.001466,172.217.24.0-255,2902,75492,53,312690
14719,0.001468,172.31.46.0-255,66,75558,53,312690
14720,0.001474,172.217.24.0-255,5738,81296,53,312690
14721,0.001476,172.31.46.0-255,66,81362,53,312690
14722,0.001504,172.31.46.0-255,66,81428,53,312690
14723,0.001512,172.217.24.0-255,7156,88584,53,312690
14724,0.001514,172.31.46.0-255,66,88650,53,312690
14725,0.001561,172.217.24.0-255,766,89416,53,312690
14726,0.001577,172.217.24.0-255,1484,90900,53,312690
14727,0.001579,172.31.46.0-255,66,90966,53,312690
14728,0.001585,172.217.24.0-255,4320,95286,53,312690
14729,0.001587,172.31.46.0-255,66,95352,53,312690
14730,0.001614,172.31.46.0-255,66,95418,53,312690
14731,0.001617,172.217.24.0-255,1484,96902,53,312690
14732,0.001649,172.31.46.0-255,66,96968,53,312690
14733,0.001656,172.217.24.0-255,5738,102706,53,312690
14734,0.001658,172.31.46.0-255,66,102772,53,312690
14735,0.00166,172.217.24.0-255,766,103538,53,312690
14736,0.001724,172.217.24.0-255,1484,105022,53,312690
14737,0.001727,172.31.46.0-255,66,105088,53,312690
14738,0.001732,172.217.24.0-255,2902,107990,53,312690
14739,0.001734,172.31.46.0-255,66,108056,53,312690
14740,0.001767,172.217.24.0-255,5738,113794,53,312690
14741,0.00177,172.31.46.0-255,66,113860,53,312690
14742,0.001777,172.217.24.0-255,5738,119598,53,312690
14743,0.001779,172.31.46.0-255,66,119664,53,312690
14744,0.001786,172.217.24.0-255,7156,126820,53,312690
14745,0.001789,172.31.46.0-255,66,126886,53,312690
14746,0.001805,172.217.24.0-255,1484,128370,53,312690
14747,0.00182,172.217.24.0-255,4320,132690,53,312690
14748,0.001823,172.31.46.0-255,66,132756,53,312690
14749,0.001845,172.217.24.0-255,5020,137776,53,312690
14750,0.001848,172.31.46.0-255,66,137842,53,312690
14751,0.001851,172.217.24.0-255,1484,139326,53,312690
14752,0.001864,172.217.24.0-255,2902,142228,53,312690
14753,0.001866,172.31.46.0-255,66,142294,53,312690
14754,0.001873,172.217.24.0-255,5738,148032,53,312690
14755,0.001876,172.31.46.0-255,66,148098,53,312690
14756,0.001903,172.31.46.0-255,66,148164,53,312690
14757,0.001908,172.217.24.0-255,2902,151066,53,312690
14758,0.00191,172.31.46.0-255,66,151132,53,312690
14759,0.001937,172.31.46.0-255,66,151198,53,312690
14760,0.003851,172.217.24.0-255,5738,156936,53,312690
14761,0.003857,172.31.46.0-255,66,157002,53,312690
14762,0.005781,172.217.24.0-255,4320,161322,53,312690
14763,0.005784,172.31.46.0-255,66,161388,53,312690
14764,0.005802,172.217.24.0-255,1484,162872,53,312690
14765,0.007705,172.217.24.0-255,4320,167192,53,312690
14766,0.007714,172.31.46.0-255,66,167258,53,312690
14767,0.009659,172.217.24.0-255,5738,172996,53,312690
14768,0.009667,172.31.46.0-255,66,173062,53,312690
14769,0.011593,172.217.24.0-255,5738,178800,53,312690
14770,0.011608,172.31.46.0-255,66,178866,53,312690
14771,0.013545,172.217.24.0-255,5738,184604,53,312690
14772,0.013555,172.31.46.0-255,66,184670,53,312690
14773,0.015504,172.217.24.0-255,5738,190408,53,312690
14774,0.015519,172.31.46.0-255,66,190474,53,312690
14775,0.017456,172.217.24.0-255,5738,196212,53,312690
14776,0.017467,172.31.46.0-255,66,196278,53,312690
14777,0.019389,172.217.24.0-255,5738,202016,53,312690
14778,0.019396,172.31.46.0-255,66,202082,53,312690
14779,0.02133,172.217.24.0-255,5738,207820,53,312690
14780,0.021339,172.31.46.0-255,66,207886,53,312690
14781,0.023272,172.217.24.0-255,5738,213624,53,312690
14782,0.023278,172.31.46.0-255,66,213690,53,312690
14783,0.025201,172.217.24.0-255,5738,219428,53,312690
14784,0.025213,172.31.46.0-255,66,219494,53,312690
14785,0.027146,172.217.24.0-255,5738,225232,53,312690
14786,0.027157,172.31.46.0-255,66,225298,53,312690
14787,0.029093,172.217.24.0-255,5738,231036,53,312690
14788,0.029102,172.31.46.0-255,66,231102,53,312690
14789,0.03095,172.31.46.0-255,172,231274,53,312690
14790,0.030985,172.31.46.0-255,1113,232387,53,312690
14791,0.031027,172.217.24.0-255,5738,238125,53,312690
14792,0.031044,172.31.46.0-255,66,238191,53,312690
14793,0.031153,172.31.46.0-255,1514,239705,53,312690
14794,0.031154,172.31.46.0-255,1514,241219,53,312690
14795,0.031155,172.31.46.0-255,703,241922,53,312690
14796,0.032509,104.244.42.0-255,66,241988,53,312690
14797,0.032533,104.244.42.0-255,66,242054,53,312690
14798,0.032661,104.244.42.0-255,66,242120,53,312690
14799,0.032666,104.244.42.0-255,66,242186,53,312690
14800,0.032981,172.217.24.0-255,5738,247924,53,312690
14801,0.032989,172.31.46.0-255,66,247990,53,312690
14802,0.033237,104.244.42.0-255,108,248098,53,312690
14803,0.033244,172.31.46.0-255,66,248164,53,312690
14804,0.034978,172.217.24.0-255,5738,253902,53,312690
14805,0.034986,172.31.46.0-255,66,253968,53,312690
14806,0.036926,172.217.24.0-255,5738,259706,53,312690
14807,0.036932,172.31.46.0-255,66,259772,53,312690
14808,0.038866,172.217.24.0-255,5738,265510,53,312690
14809,0.038874,172.31.46.0-255,66,265576,53,312690
14810,0.040802,172.217.24.0-255,5738,271314,53,312690
14811,0.040809,172.31.46.0-255,66,271380,53,312690
14812,0.042742,172.217.24.0-255,5738,277118,53,312690
14813,0.042749,172.31.46.0-255,66,277184,53,312690
14814,0.0447,172.217.24.0-255,5738,282922,53,312690
14815,0.044711,172.31.46.0-255,66,282988,53,312690
14816,0.046636,172.217.24.0-255,5738,288726,53,312690
14817,0.046643,172.31.46.0-255,66,288792,53,312690
14818,0.048576,172.217.24.0-255,5738,294530,53,312690
14819,0.048581,172.31.46.0-255,66,294596,53,312690
14820,0.050521,172.217.24.0-255,5738,300334,53,312690
14821,0.050528,172.31.46.0-255,66,300400,53,312690
14822,0.052461,172.217.24.0-255,5738,306138,53,312690
14823,0.052467,172.31.46.0-255,66,306204,53,312690
14824,0.054397,172.217.24.0-255,5738,311942,53,312690
14825,0.054403,172.31.46.0-255,66,312008,53,312690
14826,0.056313,172.217.24.0-255,445,312453,53,312690
14827,0.05645,172.31.46.0-255,66,312519,53,312690
14828,0.056487,172.31.46.0-255,105,312624,53,312690
14829,0.058375,172.217.24.0-255,66,312690,53,312690
14830,0.0,74.125.24.0-255,66,66,53,66
14831,0.0,74.125.130.0-255,156,156,53,392272
14832,1.5e-05,172.31.46.0-255,66,222,53,392272
14833,2.2e-05,74.125.130.0-255,1484,1706,53,392272
14834,2.6e-05,172.31.46.0-255,66,1772,53,392272
14835,3.2e-05,74.125.130.0-255,2902,4674,53,392272
14836,3.6e-05,172.31.46.0-255,66,4740,53,392272
14837,5.5e-05,74.125.130.0-255,5738,10478,53,392272
14838,5.8e-05,172.31.46.0-255,66,10544,53,392272
14839,7.8e-05,74.125.130.0-255,3358,13902,53,392272
14840,8.1e-05,172.31.46.0-255,66,13968,53,392272
14841,0.000247,74.125.130.0-255,1484,15452,53,392272
14842,0.000252,172.31.46.0-255,66,15518,53,392272
14843,0.000258,74.125.130.0-255,2902,18420,53,392272
14844,0.00026,172.31.46.0-255,66,18486,53,392272
14845,0.000287,74.125.130.0-255,2902,21388,53,392272
14846,0.000289,172.31.46.0-255,66,21454,53,392272
14847,0.000294,74.125.130.0-255,2902,24356,53,392272
14848,0.000297,172.31.46.0-255,66,24422,53,392272
14849,0.000311,74.125.130.0-255,4320,28742,53,392272
14850,0.000313,172.31.46.0-255,66,28808,53,392272
14851,0.00033,74.125.130.0-255,2543,31351,53,392272
14852,0.000333,172.31.46.0-255,66,31417,53,392272
14853,0.000358,74.125.130.0-255,1484,32901,53,392272
14854,0.000361,172.31.46.0-255,66,32967,53,392272
14855,0.00038,74.125.130.0-255,1484,34451,53,392272
14856,0.000383,172.31.46.0-255,66,34517,53,392272
14857,0.000386,74.125.130.0-255,1484,36001,53,392272
14858,0.000388,172.31.46.0-255,66,36067,53,392272
14859,0.000402,74.125.130.0-255,2902,38969,53,392272
14860,0.000405,172.31.46.0-255,66,39035,53,392272
14861,0.000426,74.125.130.0-255,2902,41937,53,392272
14862,0.000428,172.31.46.0-255,66,42003,53,392272
14863,0.000449,74.125.130.0-255,2902,44905,53,392272
14864,0.000452,172.31.46.0-255,66,44971,53,392272
14865,0.000457,74.125.130.0-255,3961,48932,53,392272
14866,0.000459,172.31.46.0-255,66,48998,53,392272
14867,0.000758,74.125.130.0-255,1484,50482,53,392272
14868,0.000774,74.125.130.0-255,1484,51966,53,392272
14869,0.000778,172.31.46.0-255,66,52032,53,392272
14870,0.0008,74.125.130.0-255,1484,53516,53,392272
14871,0.000806,74.125.130.0-255,4320,57836,53,392272
14872,0.000808,172.31.46.0-255,66,57902,53,392272
14873,0.000813,74.125.130.0-255,2902,60804,53,392272
14874,0.000815,172.31.46.0-255,66,60870,53,392272
14875,0.000833,74.125.130.0-255,5669,66539,53,392272
14876,0.000835,172.31.46.0-255,66,66605,53,392272
14877,0.001269,74.125.130.0-255,1484,68089,53,392272
14878,0.001286,74.125.130.0-255,1484,69573,53,392272
14879,0.001291,172.31.46.0-255,66,69639,53,392272
14880,0.001295,74.125.130.0-255,1484,71123,53,392272
14881,0.001311,74.125.130.0-255,1484,72607,53,392272
14882,0.001314,172.31.46.0-255,66,72673,53,392272
14883,0.001317,74.125.130.0-255,1484,74157,53,392272
14884,0.001336,74.125.130.0-255,4320,78477,53,392272
14885,0.001338,172.31.46.0-255,66,78543,53,392272
14886,0.001369,74.125.130.0-255,1484,80027,53,392272
14887,0.001384,74.125.130.0-255,2902,82929,53,392272
14888,0.001387,172.31.46.0-255,66,82995,53,392272
14889,0.001443,74.125.130.0-255,4320,87315,53,392272
14890,0.001446,172.31.46.0-255,66,87381,53,392272
14891,0.001464,74.125.130.0-255,1484,88865,53,392272
14892,0.001478,74.125.130.0-255,4320,93185,53,392272
14893,0.00148,172.31.46.0-255,66,93251,53,392272
14894,0.001509,74.125.130.0-255,5738,98989,53,392272
14895,0.001511,172.31.46.0-255,66,99055,53,392272
14896,0.001575,74.125.130.0-255,2184,101239,53,392272
14897,0.001578,172.31.46.0-255,66,101305,53,392272
14898,0.00196,74.125.130.0-255,1484,102789,53,392272
14899,0.001986,74.125.130.0-255,2902,105691,53,392272
14900,0.00199,172.31.46.0-255,66,105757,53,392272
14901,0.001996,74.125.130.0-255,2902,108659,53,392272
14902,0.001998,172.31.46.0-255,66,108725,53,392272
14903,0.002012,74.125.130.0-255,1484,110209,53,392272
14904,0.002029,74.125.130.0-255,2902,113111,53,392272
14905,0.002031,172.31.46.0-255,66,113177,53,392272
14906,0.002049,74.125.130.0-255,2902,116079,53,392272
14907,0.002051,172.31.46.0-255,66,116145,53,392272
14908,0.002063,74.125.130.0-255,2902,119047,53,392272
14909,0.002065,172.31.46.0-255,66,119113,53,392272
14910,0.002081,74.125.130.0-255,2902,122015,53,392272
14911,0.002084,172.31.46.0-255,66,122081,53,392272
14912,0.002107,74.125.130.0-255,4320,126401,53,392272
14913,0.00211,172.31.46.0-255,66,126467,53,392272
14914,0.002114,74.125.130.0-255,2902,129369,53,392272
14915,0.002116,172.31.46.0-255,66,129435,53,392272
14916,0.002136,74.125.130.0-255,2902,132337,53,392272
14917,0.002139,172.31.46.0-255,66,132403,53,392272
14918,0.00215,74.125.130.0-255,1484,133887,53,392272
14919,0.002153,74.125.130.0-255,1484,135371,53,392272
14920,0.002155,172.31.46.0-255,66,135437,53,392272
14921,0.00219,74.125.130.0-255,766,136203,53,392272
14922,0.002205,74.125.130.0-255,1484,137687,53,392272
14923,0.002208,172.31.46.0-255,66,137753,53,392272
14924,0.002211,74.125.130.0-255,1484,139237,53,392272
14925,0.004359,74.125.130.0-255,1484,140721,53,392272
14926,0.004363,172.31.46.0-255,66,140787,53,392272
14927,0.00442,74.125.130.0-255,2902,143689,53,392272
14928,0.004424,172.31.46.0-255,66,143755,53,392272
14929,0.006597,74.125.130.0-255,2902,146657,53,392272
14930,0.006602,172.31.46.0-255,66,146723,53,392272
14931,0.006618,74.125.130.0-255,1484,148207,53,392272
14932,0.006636,74.125.130.0-255,1484,149691,53,392272
14933,0.006639,172.31.46.0-255,66,149757,53,392272
14934,0.008804,74.125.130.0-255,2902,152659,53,392272
14935,0.008811,172.31.46.0-255,66,152725,53,392272
14936,0.008832,74.125.130.0-255,2902,155627,53,392272
14937,0.008835,172.31.46.0-255,66,155693,53,392272
14938,0.011036,74.125.130.0-255,5738,161431,53,392272
14939,0.011058,172.31.46.0-255,66,161497,53,392272
14940,0.013281,74.125.130.0-255,5738,167235,53,392272
14941,0.013292,172.31.46.0-255,66,167301,53,392272
14942,0.015524,74.125.130.0-255,5738,173039,53,392272
14943,0.015532,172.31.46.0-255,66,173105,53,392272
14944,0.017767,74.125.130.0-255,5738,178843,53,392272
14945,0.017776,172.31.46.0-255,66,178909,53,392272
14946,0.019994,74.125.130.0-255,5738,184647,53,392272
14947,0.020003,172.31.46.0-255,66,184713,53,392272
14948,0.022232,74.125.130.0-255,5738,190451,53,392272
14949,0.022241,172.31.46.0-255,66,190517,53,392272
14950,0.024462,74.125.130.0-255,5738,196255,53,392272
14951,0.024471,172.31.46.0-255,66,196321,53,392272
14952,0.025839,172.31.46.0-255,172,196493,53,392272
14953,0.025873,172.31.46.0-255,1111,197604,53,392272
14954,0.025932,172.31.46.0-255,1514,199118,53,392272
14955,0.025934,172.31.46.0-255,1292,200410,53,392272
14956,0.026678,74.125.130.0-255,5738,206148,53,392272
14957,0.026685,172.31.46.0-255,66,206214,53,392272
14958,0.027425,104.244.42.0-255,66,206280,53,392272
14959,0.027599,104.244.42.0-255,66,206346,53,392272
14960,0.027643,104.244.42.0-255,66,206412,53,392272
14961,0.028912,74.125.130.0-255,5738,212150,53,392272
14962,0.028919,172.31.46.0-255,66,212216,53,392272
14963,0.031129,74.125.130.0-255,5738,217954,53,392272
14964,0.031136,172.31.46.0-255,66,218020,53,392272
14965,0.033358,74.125.130.0-255,5738,223758,53,392272
14966,0.033365,172.31.46.0-255,66,223824,53,392272
14967,0.035575,74.125.130.0-255,5738,229562,53,392272
14968,0.035581,172.31.46.0-255,66,229628,53,392272
14969,0.037798,74.125.130.0-255,5738,235366,53,392272
14970,0.037804,172.31.46.0-255,66,235432,53,392272
14971,0.040007,74.125.130.0-255,5738,241170,53,392272
14972,0.040014,172.31.46.0-255,66,241236,53,392272
14973,0.042239,74.125.130.0-255,5738,246974,53,392272
14974,0.042245,172.31.46.0-255,66,247040,53,392272
14975,0.044512,74.125.130.0-255,5738,252778,53,392272
14976,0.044521,172.31.46.0-255,66,252844,53,392272
14977,0.046772,74.125.130.0-255,5738,258582,53,392272
14978,0.046779,172.31.46.0-255,66,258648,53,392272
14979,0.049,74.125.130.0-255,5738,264386,53,392272
14980,0.049007,172.31.46.0-255,66,264452,53,392272
14981,0.051239,74.125.130.0-255,5738,270190,53,392272
14982,0.051246,172.31.46.0-255,66,270256,53,392272
14983,0.053462,74.125.130.0-255,5738,275994,53,392272
14984,0.053468,172.31.46.0-255,66,276060,53,392272
14985,0.055677,74.125.130.0-255,5738,281798,53,392272
14986,0.055683,172.31.46.0-255,66,281864,53,392272
14987,0.057937,74.125.130.0-255,5738,287602,53,392272
14988,0.057944,172.31.46.0-255,66,287668,53,392272
14989,0.060158,74.125.130.0-255,5738,293406,53,392272
14990,0.060165,172.31.46.0-255,66,293472,53,392272
14991,0.06238,74.125.130.0-255,5738,299210,53,392272
14992,0.062388,172.31.46.0-255,66,299276,53,392272
14993,0.064624,74.125.130.0-255,5738,305014,53,392272
14994,0.064631,172.31.46.0-255,66,305080,53,392272
14995,0.066865,74.125.130.0-255,5738,310818,53,392272
14996,0.066876,172.31.46.0-255,66,310884,53,392272
14997,0.069097,74.125.130.0-255,5738,316622,53,392272
14998,0.069105,172.31.46.0-255,66,316688,53,392272
14999,0.071361,74.125.130.0-255,5738,322426,53,392272
15000,0.07137,172.31.46.0-255,66,322492,53,392272
15001,0.073583,74.125.130.0-255,5738,328230,53,392272
15002,0.07359,172.31.46.0-255,66,328296,53,392272
15003,0.075828,74.125.130.0-255,5738,334034,53,392272
15004,0.075838,172.31.46.0-255,66,334100,53,392272
15005,0.078073,74.125.130.0-255,5738,339838,53,392272
15006,0.07808,172.31.46.0-255,66,339904,53,392272
15007,0.080298,74.125.130.0-255,5738,345642,53,392272
15008,0.080304,172.31.46.0-255,66,345708,53,392272
15009,0.082526,74.125.130.0-255,5738,351446,53,392272
15010,0.082549,172.31.46.0-255,66,351512,53,392272
15011,0.084773,74.125.130.0-255,5738,357250,53,392272
15012,0.08478,172.31.46.0-255,66,357316,53,392272
15013,0.087017,74.125.130.0-255,5738,363054,53,392272
15014,0.087024,172.31.46.0-255,66,363120,53,392272
15015,0.089252,74.125.130.0-255,5738,368858,53,392272
15016,0.089258,172.31.46.0-255,66,368924,53,392272
15017,0.091489,74.125.130.0-255,5738,374662,53,392272
15018,0.091495,172.31.46.0-255,66,374728,53,392272
15019,0.093721,74.125.130.0-255,5738,380466,53,392272
15020,0.093727,172.31.46.0-255,66,380532,53,392272
15021,0.095951,74.125.130.0-255,5738,386270,53,392272
15022,0.095958,172.31.46.0-255,66,386336,53,392272
15023,0.09817,74.125.130.0-255,2902,389238,53,392272
15024,0.098177,172.31.46.0-255,66,389304,53,392272
15025,0.098194,74.125.130.0-255,2902,392206,53,392272
15026,0.098197,172.31.46.0-255,66,392272,53,392272
15027,0.0,172.217.194.0-255,151,151,53,327977
15028,2.1e-05,172.31.46.0-255,66,217,53,327977
15029,2.7e-05,172.217.194.0-255,1484,1701,53,327977
15030,3.1e-05,172.31.46.0-255,66,1767,53,327977
15031,3.5e-05,172.217.194.0-255,2902,4669,53,327977
15032,3.8e-05,172.31.46.0-255,66,4735,53,327977
15033,5.1e-05,172.217.194.0-255,7156,11891,53,327977
15034,5.5e-05,172.31.46.0-255,66,11957,53,327977
15035,5.8e-05,172.217.194.0-255,2137,14094,53,327977
15036,6e-05,172.31.46.0-255,66,14160,53,327977
15037,0.000518,172.217.194.0-255,1484,15644,53,327977
15038,0.000523,172.31.46.0-255,66,15710,53,327977
15039,0.00053,172.217.194.0-255,2902,18612,53,327977
15040,0.000532,172.31.46.0-255,66,18678,53,327977
15041,0.000543,172.217.194.0-255,5738,24416,53,327977
15042,0.000545,172.31.46.0-255,66,24482,53,327977
15043,0.000585,172.217.194.0-255,6797,31279,53,327977
15044,0.000588,172.31.46.0-255,66,31345,53,327977
15045,0.000645,172.217.194.0-255,1484,32829,53,327977
15046,0.000648,172.31.46.0-255,66,32895,53,327977
15047,0.000653,172.217.194.0-255,2902,35797,53,327977
15048,0.000655,172.31.46.0-255,66,35863,53,327977
15049,0.000673,172.217.194.0-255,4320,40183,53,327977
15050,0.000676,172.31.46.0-255,66,40249,53,327977
15051,0.000704,172.217.194.0-255,1484,41733,53,327977
15052,0.000706,172.31.46.0-255,66,41799,53,327977
15053,0.000713,172.217.194.0-255,6797,48596,53,327977
15054,0.000716,172.31.46.0-255,66,48662,53,327977
15055,0.001591,172.217.194.0-255,1484,50146,53,327977
15056,0.001596,172.31.46.0-255,66,50212,53,327977
15057,0.001604,172.217.194.0-255,2902,53114,53,327977
15058,0.001606,172.31.46.0-255,66,53180,53,327977
15059,0.001616,172.217.194.0-255,5738,58918,53,327977
15060,0.001619,172.31.46.0-255,66,58984,53,327977
15061,0.001622,172.217.194.0-255,2902,61886,53,327977
15062,0.001624,172.31.46.0-255,66,61952,53,327977
15063,0.001645,172.217.194.0-255,2902,64854,53,327977
15064,0.001647,172.31.46.0-255,66,64920,53,327977
15065,0.001668,172.217.194.0-255,1125,66045,53,327977
15066,0.001728,172.217.194.0-255,1484,67529,53,327977
15067,0.00173,172.31.46.0-255,66,67595,53,327977
15068,0.001735,172.217.194.0-255,2902,70497,53,327977
15069,0.001736,172.31.46.0-255,66,70563,53,327977
15070,0.001739,172.217.194.0-255,1484,72047,53,327977
15071,0.001768,172.217.194.0-255,4320,76367,53,327977
15072,0.00177,172.31.46.0-255,66,76433,53,327977
15073,0.001793,172.217.194.0-255,4320,80753,53,327977
15074,0.001795,172.31.46.0-255,66,80819,53,327977
15075,0.001823,172.217.194.0-255,2543,83362,53,327977
15076,0.001825,172.31.46.0-255,66,83428,53,327977
15077,0.001827,172.217.194.0-255,645,84073,53,327977
15078,0.00185,172.217.194.0-255,1484,85557,53,327977
15079,0.001852,172.31.46.0-255,66,85623,53,327977
15080,0.001855,172.217.194.0-255,1484,87107,53,327977
15081,0.001881,172.217.194.0-255,2902,90009,53,327977
15082,0.001883,172.31.46.0-255,66,90075,53,327977
15083,0.001892,172.31.46.0-255,66,90141,53,327977
15084,0.001941,172.217.194.0-255,2543,92684,53,327977
15085,0.001943,172.31.46.0-255,66,92750,53,327977
15086,0.004287,172.217.194.0-255,2902,95652,53,327977
15087,0.004292,172.31.46.0-255,66,95718,53,327977
15088,0.004333,172.217.194.0-255,2902,98620,53,327977
15089,0.004336,172.31.46.0-255,66,98686,53,327977
15090,0.00675,172.217.194.0-255,4320,103006,53,327977
15091,0.006757,172.31.46.0-255,66,103072,53,327977
15092,0.006779,172.217.194.0-255,1484,104556,53,327977
15093,0.009154,172.217.194.0-255,4320,108876,53,327977
15094,0.00916,172.31.46.0-255,66,108942,53,327977
15095,0.011571,172.217.194.0-255,5738,114680,53,327977
15096,0.01158,172.31.46.0-255,66,114746,53,327977
15097,0.013956,172.217.194.0-255,5738,120484,53,327977
15098,0.013964,172.31.46.0-255,66,120550,53,327977
15099,0.016381,172.217.194.0-255,5738,126288,53,327977
15100,0.016392,172.31.46.0-255,66,126354,53,327977
15101,0.018794,172.217.194.0-255,5738,132092,53,327977
15102,0.018808,172.31.46.0-255,66,132158,53,327977
15103,0.021225,172.217.194.0-255,5738,137896,53,327977
15104,0.021232,172.31.46.0-255,66,137962,53,327977
15105,0.023608,172.217.194.0-255,5738,143700,53,327977
15106,0.023632,172.31.46.0-255,66,143766,53,327977
15107,0.026056,172.217.194.0-255,5738,149504,53,327977
15108,0.02606,172.31.46.0-255,66,149570,53,327977
15109,0.02689,172.31.46.0-255,172,149742,53,327977
15110,0.026917,172.31.46.0-255,1112,150854,53,327977
15111,0.026968,172.31.46.0-255,1514,152368,53,327977
15112,0.026969,172.31.46.0-255,1291,153659,53,327977
15113,0.028452,104.244.42.0-255,66,153725,53,327977
15114,0.028461,104.244.42.0-255,66,153791,53,327977
15115,0.02847,172.217.194.0-255,5738,159529,53,327977
15116,0.028479,172.31.46.0-255,66,159595,53,327977
15117,0.028541,104.244.42.0-255,66,159661,53,327977
15118,0.030904,172.217.194.0-255,5738,165399,53,327977
15119,0.030911,172.31.46.0-255,66,165465,53,327977
15120,0.033282,172.217.194.0-255,5738,171203,53,327977
15121,0.033289,172.31.46.0-255,66,171269,53,327977
15122,0.035703,172.217.194.0-255,5738,177007,53,327977
15123,0.035711,172.31.46.0-255,66,177073,53,327977
15124,0.038134,172.217.194.0-255,5738,182811,53,327977
15125,0.03814,172.31.46.0-255,66,182877,53,327977
15126,0.04054,172.217.194.0-255,5738,188615,53,327977
15127,0.040546,172.31.46.0-255,66,188681,53,327977
15128,0.042937,172.217.194.0-255,5738,194419,53,327977
15129,0.042942,172.31.46.0-255,66,194485,53,327977
15130,0.045322,172.217.194.0-255,5738,200223,53,327977
15131,0.04533,172.31.46.0-255,66,200289,53,327977
15132,0.047707,172.217.194.0-255,5738,206027,53,327977
15133,0.047714,172.31.46.0-255,66,206093,53,327977
15134,0.050116,172.217.194.0-255,5738,211831,53,327977
15135,0.050123,172.31.46.0-255,66,211897,53,327977
15136,0.052534,172.217.194.0-255,5738,217635,53,327977
15137,0.052542,172.31.46.0-255,66,217701,53,327977
15138,0.054919,172.217.194.0-255,5738,223439,53,327977
15139,0.054925,172.31.46.0-255,66,223505,53,327977
15140,0.057359,172.217.194.0-255,5738,229243,53,327977
15141,0.057366,172.31.46.0-255,66,229309,53,327977
15142,0.059748,172.217.194.0-255,5738,235047,53,327977
15143,0.059753,172.31.46.0-255,66,235113,53,327977
15144,0.062128,172.217.194.0-255,5738,240851,53,327977
15145,0.062135,172.31.46.0-255,66,240917,53,327977
15146,0.06454,172.217.194.0-255,5738,246655,53,327977
15147,0.064545,172.31.46.0-255,66,246721,53,327977
15148,0.066966,172.217.194.0-255,5738,252459,53,327977
15149,0.066975,172.31.46.0-255,66,252525,53,327977
15150,0.069377,172.217.194.0-255,5738,258263,53,327977
15151,0.069386,172.31.46.0-255,66,258329,53,327977
15152,0.071851,172.217.194.0-255,5738,264067,53,327977
15153,0.071861,172.31.46.0-255,66,264133,53,327977
15154,0.074261,172.217.194.0-255,5738,269871,53,327977
15155,0.074267,172.31.46.0-255,66,269937,53,327977
15156,0.076679,172.217.194.0-255,5738,275675,53,327977
15157,0.076685,172.31.46.0-255,66,275741,53,327977
15158,0.079209,172.217.194.0-255,5738,281479,53,327977
15159,0.079216,172.31.46.0-255,66,281545,53,327977
15160,0.081615,172.217.194.0-255,5738,287283,53,327977
15161,0.081621,172.31.46.0-255,66,287349,53,327977
15162,0.084032,172.217.194.0-255,5738,293087,53,327977
15163,0.084038,172.31.46.0-255,66,293153,53,327977
15164,0.086481,172.217.194.0-255,5738,298891,53,327977
15165,0.086491,172.31.46.0-255,66,298957,53,327977
15166,0.088925,172.217.194.0-255,5738,304695,53,327977
15167,0.088932,172.31.46.0-255,66,304761,53,327977
15168,0.0913,172.217.194.0-255,5738,310499,53,327977
15169,0.091307,172.31.46.0-255,66,310565,53,327977
15170,0.093688,172.217.194.0-255,5738,316303,53,327977
15171,0.093695,172.31.46.0-255,66,316369,53,327977
15172,0.096072,172.217.194.0-255,5738,322107,53,327977
15173,0.096079,172.31.46.0-255,66,322173,53,327977
15174,0.098498,172.217.194.0-255,5738,327911,53,327977
15175,0.098505,172.31.46.0-255,66,327977,53,327977
15176,0.0,172.31.46.0-255,105,105,53,276
15177,0.070285,31.13.82.0-255,105,210,53,276
15178,0.070307,172.31.46.0-255,66,276,53,276
15179,0.0,172.31.46.0-255,66,66,53,66
15180,0.0,74.125.24.0-255,148,148,53,181237
15181,2.3e-05,172.31.46.0-255,66,214,53,181237
15182,2.9e-05,74.125.24.0-255,1484,1698,53,181237
15183,3.3e-05,172.31.46.0-255,66,1764,53,181237
15184,3.9e-05,74.125.24.0-255,2902,4666,53,181237
15185,4.2e-05,172.31.46.0-255,66,4732,53,181237
15186,5.6e-05,74.125.24.0-255,7156,11888,53,181237
15187,5.9e-05,172.31.46.0-255,66,11954,53,181237
15188,6.2e-05,74.125.24.0-255,2013,13967,53,181237
15189,6.5e-05,172.31.46.0-255,66,14033,53,181237
15190,0.000108,74.125.24.0-255,7156,21189,53,181237
15191,0.000114,172.31.46.0-255,66,21255,53,181237
15192,0.000125,172.31.46.0-255,66,21321,53,181237
15193,0.000148,74.125.24.0-255,1125,22446,53,181237
15194,0.00015,172.31.46.0-255,66,22512,53,181237
15195,0.000237,74.125.24.0-255,1484,23996,53,181237
15196,0.000241,172.31.46.0-255,66,24062,53,181237
15197,0.000245,74.125.24.0-255,2902,26964,53,181237
15198,0.000247,172.31.46.0-255,66,27030,53,181237
15199,0.000272,74.125.24.0-255,5738,32768,53,181237
15200,0.000274,172.31.46.0-255,66,32834,53,181237
15201,0.000304,172.31.46.0-255,66,32900,53,181237
15202,0.000335,74.125.24.0-255,3961,36861,53,181237
15203,0.000337,172.31.46.0-255,66,36927,53,181237
15204,0.000347,172.31.46.0-255,66,36993,53,181237
15205,0.000353,74.125.24.0-255,1397,38390,53,181237
15206,0.000355,172.31.46.0-255,66,38456,53,181237
15207,0.000376,74.125.24.0-255,415,38871,53,181237
15208,0.000378,172.31.46.0-255,66,38937,53,181237
15209,0.000577,74.125.24.0-255,1484,40421,53,181237
15210,0.000584,74.125.24.0-255,2902,43323,53,181237
15211,0.000587,172.31.46.0-255,66,43389,53,181237
15212,0.00062,74.125.24.0-255,5738,49127,53,181237
15213,0.000623,172.31.46.0-255,66,49193,53,181237
15214,0.000629,74.125.24.0-255,4320,53513,53,181237
15215,0.000631,172.31.46.0-255,66,53579,53,181237
15216,0.000648,172.31.46.0-255,66,53645,53,181237
15217,0.000651,74.125.24.0-255,1484,55129,53,181237
15218,0.000684,74.125.24.0-255,6438,61567,53,181237
15219,0.000687,172.31.46.0-255,66,61633,53,181237
15220,0.000847,74.125.24.0-255,1484,63117,53,181237
15221,0.000853,74.125.24.0-255,2902,66019,53,181237
15222,0.000866,172.31.46.0-255,66,66085,53,181237
15223,0.000873,74.125.24.0-255,5738,71823,53,181237
15224,0.000875,172.31.46.0-255,66,71889,53,181237
15225,0.000925,172.31.46.0-255,66,71955,53,181237
15226,0.000942,172.31.46.0-255,66,72021,53,181237
15227,0.000962,74.125.24.0-255,1484,73505,53,181237
15228,0.000966,74.125.24.0-255,2902,76407,53,181237
15229,0.000968,172.31.46.0-255,66,76473,53,181237
15230,0.000971,74.125.24.0-255,1484,77957,53,181237
15231,0.000997,74.125.24.0-255,4320,82277,53,181237
15232,0.001001,172.31.46.0-255,66,82343,53,181237
15233,0.001013,172.31.46.0-255,66,82409,53,181237
15234,0.001031,172.31.46.0-255,66,82475,53,181237
15235,0.001103,74.125.24.0-255,1484,83959,53,181237
15236,0.001108,74.125.24.0-255,2902,86861,53,181237
15237,0.001111,172.31.46.0-255,66,86927,53,181237
15238,0.001116,74.125.24.0-255,2902,89829,53,181237
15239,0.001118,172.31.46.0-255,66,89895,53,181237
15240,0.001148,74.125.24.0-255,2902,92797,53,181237
15241,0.001151,172.31.46.0-255,66,92863,53,181237
15242,0.001155,74.125.24.0-255,2902,95765,53,181237
15243,0.001157,172.31.46.0-255,66,95831,53,181237
15244,0.001198,172.31.46.0-255,66,95897,53,181237
15245,0.001213,172.31.46.0-255,66,95963,53,181237
15246,0.001216,74.125.24.0-255,766,96729,53,181237
15247,0.001598,74.125.24.0-255,1484,98213,53,181237
15248,0.001602,172.31.46.0-255,66,98279,53,181237
15249,0.001608,74.125.24.0-255,2902,101181,53,181237
15250,0.00161,172.31.46.0-255,66,101247,53,181237
15251,0.001616,74.125.24.0-255,5738,106985,53,181237
15252,0.001623,172.31.46.0-255,66,107051,53,181237
15253,0.001666,172.31.46.0-255,66,107117,53,181237
15254,0.001672,74.125.24.0-255,4320,111437,53,181237
15255,0.001674,172.31.46.0-255,66,111503,53,181237
15256,0.001703,74.125.24.0-255,6438,117941,53,181237
15257,0.001705,172.31.46.0-255,66,118007,53,181237
15258,0.001782,74.125.24.0-255,1484,119491,53,181237
15259,0.001787,74.125.24.0-255,2902,122393,53,181237
15260,0.00179,172.31.46.0-255,66,122459,53,181237
15261,0.001795,74.125.24.0-255,1484,123943,53,181237
15262,0.001829,74.125.24.0-255,4320,128263,53,181237
15263,0.001832,172.31.46.0-255,66,128329,53,181237
15264,0.001849,172.31.46.0-255,66,128395,53,181237
15265,0.001868,172.31.46.0-255,66,128461,53,181237
15266,0.001872,74.125.24.0-255,2184,130645,53,181237
15267,0.001874,172.31.46.0-255,66,130711,53,181237
15268,0.001938,74.125.24.0-255,1484,132195,53,181237
15269,0.001943,74.125.24.0-255,2902,135097,53,181237
15270,0.001946,172.31.46.0-255,66,135163,53,181237
15271,0.001967,74.125.24.0-255,5738,140901,53,181237
15272,0.001972,74.125.24.0-255,2902,143803,53,181237
15273,0.001991,74.125.24.0-255,7156,150959,53,181237
15274,0.002002,172.31.46.0-255,66,151025,53,181237
15275,0.002006,74.125.24.0-255,2902,153927,53,181237
15276,0.002011,172.31.46.0-255,66,153993,53,181237
15277,0.00206,172.31.46.0-255,66,154059,53,181237
15278,0.002091,74.125.24.0-255,7156,161215,53,181237
15279,0.002105,172.31.46.0-255,66,161281,53,181237
15280,0.002118,74.125.24.0-255,2902,164183,53,181237
15281,0.002135,172.31.46.0-255,66,164249,53,181237
15282,0.002191,74.125.24.0-255,2902,167151,53,181237
15283,0.002207,172.31.46.0-255,66,167217,53,181237
15284,0.002234,172.31.46.0-255,66,167283,53,181237
15285,0.00228,74.125.24.0-255,2902,170185,53,181237
15286,0.002296,74.125.24.0-255,1611,171796,53,181237
15287,0.002298,74.125.24.0-255,105,171901,53,181237
15288,0.002306,172.31.46.0-255,66,171967,53,181237
15289,0.004187,172.31.46.0-255,105,172072,53,181237
15290,0.006706,74.125.24.0-255,66,172138,53,181237
15291,0.032605,172.31.46.0-255,172,172310,53,181237
15292,0.032641,172.31.46.0-255,1107,173417,53,181237
15293,0.032875,172.31.46.0-255,1514,174931,53,181237
15294,0.032878,172.31.46.0-255,1514,176445,53,181237
15295,0.032883,172.31.46.0-255,1514,177959,53,181237
15296,0.032884,172.31.46.0-255,1514,179473,53,181237
15297,0.03291,172.31.46.0-255,1500,180973,53,181237
15298,0.03411,104.244.42.0-255,66,181039,53,181237
15299,0.034136,104.244.42.0-255,66,181105,53,181237
15300,0.034418,104.244.42.0-255,66,181171,53,181237
15301,0.034438,104.244.42.0-255,66,181237,53,181237
15302,0.0,74.125.24.0-255,153,153,53,259385
15303,2e-05,172.31.46.0-255,66,219,53,259385
15304,2.6e-05,74.125.24.0-255,1484,1703,53,259385
15305,3.1e-05,172.31.46.0-255,66,1769,53,259385
15306,3.6e-05,74.125.24.0-255,2902,4671,53,259385
15307,3.9e-05,172.31.46.0-255,66,4737,53,259385
15308,4.6e-05,74.125.24.0-255,7156,11893,53,259385
15309,4.8e-05,172.31.46.0-255,66,11959,53,259385
15310,5.2e-05,74.125.24.0-255,2139,14098,53,259385
15311,5.4e-05,172.31.46.0-255,66,14164,53,259385
15312,0.00011,74.125.24.0-255,1484,15648,53,259385
15313,0.000113,172.31.46.0-255,66,15714,53,259385
15314,0.000117,74.125.24.0-255,2902,18616,53,259385
15315,0.000119,172.31.46.0-255,66,18682,53,259385
15316,0.000133,74.125.24.0-255,4320,23002,53,259385
15317,0.000136,172.31.46.0-255,66,23068,53,259385
15318,0.000158,74.125.24.0-255,1484,24552,53,259385
15319,0.000159,172.31.46.0-255,66,24618,53,259385
15320,0.000166,74.125.24.0-255,6797,31415,53,259385
15321,0.000168,172.31.46.0-255,66,31481,53,259385
15322,0.000187,74.125.24.0-255,1484,32965,53,259385
15323,0.000189,172.31.46.0-255,66,33031,53,259385
15324,0.00022,172.31.46.0-255,66,33097,53,259385
15325,0.000224,74.125.24.0-255,2543,35640,53,259385
15326,0.000225,172.31.46.0-255,66,35706,53,259385
15327,0.000685,74.125.24.0-255,1484,37190,53,259385
15328,0.00069,172.31.46.0-255,66,37256,53,259385
15329,0.000695,74.125.24.0-255,2902,40158,53,259385
15330,0.000698,172.31.46.0-255,66,40224,53,259385
15331,0.000704,74.125.24.0-255,5738,45962,53,259385
15332,0.000705,172.31.46.0-255,66,46028,53,259385
15333,0.000708,74.125.24.0-255,1484,47512,53,259385
15334,0.000756,74.125.24.0-255,1484,48996,53,259385
15335,0.000765,172.31.46.0-255,66,49062,53,259385
15336,0.000774,74.125.24.0-255,3961,53023,53,259385
15337,0.000779,172.31.46.0-255,66,53089,53,259385
15338,0.000789,74.125.24.0-255,5738,58827,53,259385
15339,0.000808,172.31.46.0-255,66,58893,53,259385
15340,0.000816,74.125.24.0-255,4320,63213,53,259385
15341,0.000821,172.31.46.0-255,66,63279,53,259385
15342,0.000834,74.125.24.0-255,6797,70076,53,259385
15343,0.000849,172.31.46.0-255,66,70142,53,259385
15344,0.000887,172.31.46.0-255,66,70208,53,259385
15345,0.000918,74.125.24.0-255,5738,75946,53,259385
15346,0.000928,172.31.46.0-255,66,76012,53,259385
15347,0.000969,172.31.46.0-255,66,76078,53,259385
15348,0.001404,74.125.24.0-255,1484,77562,53,259385
15349,0.001418,74.125.24.0-255,2902,80464,53,259385
15350,0.001422,172.31.46.0-255,66,80530,53,259385
15351,0.001428,74.125.24.0-255,5738,86268,53,259385
15352,0.001441,172.31.46.0-255,66,86334,53,259385
15353,0.001478,74.125.24.0-255,5887,92221,53,259385
15354,0.001498,172.31.46.0-255,66,92287,53,259385
15355,0.001654,74.125.24.0-255,1484,93771,53,259385
15356,0.001662,74.125.24.0-255,2902,96673,53,259385
15357,0.001665,172.31.46.0-255,66,96739,53,259385
15358,0.001668,74.125.24.0-255,1484,98223,53,259385
15359,0.001685,74.125.24.0-255,2902,101125,53,259385
15360,0.001704,74.125.24.0-255,1484,102609,53,259385
15361,0.001726,74.125.24.0-255,7156,109765,53,259385
15362,0.001732,74.125.24.0-255,5738,115503,53,259385
15363,0.001764,74.125.24.0-255,766,116269,53,259385
15364,0.00228,74.125.24.0-255,1484,117753,53,259385
15365,0.002286,74.125.24.0-255,1484,119237,53,259385
15366,0.002307,74.125.24.0-255,1484,120721,53,259385
15367,0.002324,74.125.24.0-255,2902,123623,53,259385
15368,0.002351,74.125.24.0-255,4320,127943,53,259385
15369,0.002384,74.125.24.0-255,5738,133681,53,259385
15370,0.002387,74.125.24.0-255,1484,135165,53,259385
15371,0.002402,74.125.24.0-255,2184,137349,53,259385
15372,0.002448,74.125.24.0-255,1484,138833,53,259385
15373,0.002452,74.125.24.0-255,2902,141735,53,259385
15374,0.002457,74.125.24.0-255,2902,144637,53,259385
15375,0.002471,74.125.24.0-255,2902,147539,53,259385
15376,0.002493,74.125.24.0-255,7156,154695,53,259385
15377,0.002509,74.125.24.0-255,2902,157597,53,259385
15378,0.002535,74.125.24.0-255,5738,163335,53,259385
15379,0.002826,74.125.24.0-255,1484,164819,53,259385
15380,0.002831,74.125.24.0-255,2902,167721,53,259385
15381,0.002842,74.125.24.0-255,1484,169205,53,259385
15382,0.002855,74.125.24.0-255,4320,173525,53,259385
15383,0.002876,74.125.24.0-255,5738,179263,53,259385
15384,0.002905,74.125.24.0-255,7156,186419,53,259385
15385,0.002918,74.125.24.0-255,766,187185,53,259385
15386,0.002935,74.125.24.0-255,1484,188669,53,259385
15387,0.002971,74.125.24.0-255,4320,192989,53,259385
15388,0.002974,74.125.24.0-255,1484,194473,53,259385
15389,0.002985,74.125.24.0-255,1484,195957,53,259385
15390,0.003029,74.125.24.0-255,5738,201695,53,259385
15391,0.003043,74.125.24.0-255,7156,208851,53,259385
15392,0.003047,74.125.24.0-255,2184,211035,53,259385
15393,0.00308,74.125.24.0-255,2902,213937,53,259385
15394,0.003099,74.125.24.0-255,4320,218257,53,259385
15395,0.003227,74.125.24.0-255,1484,219741,53,259385
15396,0.003247,74.125.24.0-255,5738,225479,53,259385
15397,0.003268,74.125.24.0-255,6438,231917,53,259385
15398,0.003551,74.125.24.0-255,1484,233401,53,259385
15399,0.003558,74.125.24.0-255,2902,236303,53,259385
15400,0.003582,74.125.24.0-255,5738,242041,53,259385
15401,0.003636,74.125.24.0-255,5738,247779,53,259385
15402,0.003651,74.125.24.0-255,2233,250012,53,259385
15403,0.003654,74.125.24.0-255,105,250117,53,259385
15404,0.006008,172.31.46.0-255,66,250183,53,259385
15405,0.008075,172.31.46.0-255,105,250288,53,259385
15406,0.010106,74.125.24.0-255,66,250354,53,259385
15407,0.037018,172.31.46.0-255,172,250526,53,259385
15408,0.037054,172.31.46.0-255,1112,251638,53,259385
15409,0.03727,172.31.46.0-255,1514,253152,53,259385
15410,0.037272,172.31.46.0-255,1514,254666,53,259385
15411,0.037274,172.31.46.0-255,1514,256180,53,259385
15412,0.037275,172.31.46.0-255,1514,257694,53,259385
15413,0.037303,172.31.46.0-255,1493,259187,53,259385
15414,0.038548,104.244.42.0-255,66,259253,53,259385
15415,0.038606,104.244.42.0-255,66,259319,53,259385
15416,0.038851,104.244.42.0-255,66,259385,53,259385
15417,0.0,74.125.24.0-255,152,152,53,229115
15418,1.2e-05,172.31.46.0-255,66,218,53,229115
15419,2.8e-05,74.125.24.0-255,1484,1702,53,229115
15420,3.2e-05,172.31.46.0-255,66,1768,53,229115
15421,3.8e-05,74.125.24.0-255,2902,4670,53,229115
15422,4.1e-05,172.31.46.0-255,66,4736,53,229115
15423,7.1e-05,74.125.24.0-255,5738,10474,53,229115
15424,7.4e-05,172.31.46.0-255,66,10540,53,229115
15425,7.9e-05,74.125.24.0-255,3538,14078,53,229115
15426,8e-05,172.31.46.0-255,66,14144,53,229115
15427,0.000105,74.125.24.0-255,4320,18464,53,229115
15428,0.000107,172.31.46.0-255,66,18530,53,229115
15429,0.000128,74.125.24.0-255,7156,25686,53,229115
15430,0.00013,172.31.46.0-255,66,25752,53,229115
15431,0.000152,74.125.24.0-255,2902,28654,53,229115
15432,0.000155,172.31.46.0-255,66,28720,53,229115
15433,0.000173,74.125.24.0-255,2543,31263,53,229115
15434,0.000176,172.31.46.0-255,66,31329,53,229115
15435,0.000226,74.125.24.0-255,1484,32813,53,229115
15436,0.000229,172.31.46.0-255,66,32879,53,229115
15437,0.000233,74.125.24.0-255,2902,35781,53,229115
15438,0.000236,172.31.46.0-255,66,35847,53,229115
15439,0.000249,74.125.24.0-255,5738,41585,53,229115
15440,0.000251,172.31.46.0-255,66,41651,53,229115
15441,0.000271,74.125.24.0-255,4320,45971,53,229115
15442,0.000273,172.31.46.0-255,66,46037,53,229115
15443,0.000297,172.31.46.0-255,66,46103,53,229115
15444,0.000332,74.125.24.0-255,5738,51841,53,229115
15445,0.000335,172.31.46.0-255,66,51907,53,229115
15446,0.000354,74.125.24.0-255,5020,56927,53,229115
15447,0.000357,172.31.46.0-255,66,56993,53,229115
15448,0.000474,74.125.24.0-255,362,57355,53,229115
15449,0.000486,74.125.24.0-255,381,57736,53,229115
15450,0.000578,74.125.24.0-255,1484,59220,53,229115
15451,0.000583,172.31.46.0-255,66,59286,53,229115
15452,0.000588,74.125.24.0-255,2902,62188,53,229115
15453,0.00059,172.31.46.0-255,66,62254,53,229115
15454,0.000615,74.125.24.0-255,5738,67992,53,229115
15455,0.000617,172.31.46.0-255,66,68058,53,229115
15456,0.000628,172.31.46.0-255,66,68124,53,229115
15457,0.00064,74.125.24.0-255,2902,71026,53,229115
15458,0.000642,172.31.46.0-255,66,71092,53,229115
15459,0.000653,172.31.46.0-255,66,71158,53,229115
15460,0.000674,74.125.24.0-255,766,71924,53,229115
15461,0.00093,74.125.24.0-255,1484,73408,53,229115
15462,0.000934,172.31.46.0-255,66,73474,53,229115
15463,0.000941,74.125.24.0-255,2902,76376,53,229115
15464,0.000944,172.31.46.0-255,66,76442,53,229115
15465,0.00095,74.125.24.0-255,5738,82180,53,229115
15466,0.000952,172.31.46.0-255,66,82246,53,229115
15467,0.000974,74.125.24.0-255,7156,89402,53,229115
15468,0.000977,172.31.46.0-255,66,89468,53,229115
15469,0.001008,74.125.24.0-255,5738,95206,53,229115
15470,0.001011,172.31.46.0-255,66,95272,53,229115
15471,0.001019,74.125.24.0-255,7156,102428,53,229115
15472,0.001022,172.31.46.0-255,66,102494,53,229115
15473,0.001067,74.125.24.0-255,3602,106096,53,229115
15474,0.001071,172.31.46.0-255,66,106162,53,229115
15475,0.001078,74.125.24.0-255,4320,110482,53,229115
15476,0.001081,172.31.46.0-255,66,110548,53,229115
15477,0.001092,172.31.46.0-255,66,110614,53,229115
15478,0.001099,74.125.24.0-255,5738,116352,53,229115
15479,0.001101,172.31.46.0-255,66,116418,53,229115
15480,0.00113,74.125.24.0-255,5738,122156,53,229115
15481,0.001133,172.31.46.0-255,66,122222,53,229115
15482,0.001186,172.31.46.0-255,66,122288,53,229115
15483,0.001234,172.31.46.0-255,66,122354,53,229115
15484,0.001258,74.125.24.0-255,4320,126674,53,229115
15485,0.001261,172.31.46.0-255,66,126740,53,229115
15486,0.001272,172.31.46.0-255,66,126806,53,229115
15487,0.001277,74.125.24.0-255,3602,130408,53,229115
15488,0.001279,172.31.46.0-255,66,130474,53,229115
15489,0.001284,74.125.24.0-255,4320,134794,53,229115
15490,0.001286,172.31.46.0-255,66,134860,53,229115
15491,0.001297,172.31.46.0-255,66,134926,53,229115
15492,0.001328,172.31.46.0-255,66,134992,53,229115
15493,0.001341,74.125.24.0-255,1484,136476,53,229115
15494,0.001363,172.31.46.0-255,66,136542,53,229115
15495,0.001394,172.31.46.0-255,66,136608,53,229115
15496,0.001399,74.125.24.0-255,2902,139510,53,229115
15497,0.001401,172.31.46.0-255,66,139576,53,229115
15498,0.001424,74.125.24.0-255,4320,143896,53,229115
15499,0.001427,172.31.46.0-255,66,143962,53,229115
15500,0.001437,74.125.24.0-255,5738,149700,53,229115
15501,0.00144,172.31.46.0-255,66,149766,53,229115
15502,0.001467,74.125.24.0-255,2902,152668,53,229115
15503,0.00147,172.31.46.0-255,66,152734,53,229115
15504,0.00148,172.31.46.0-255,66,152800,53,229115
15505,0.001483,74.125.24.0-255,1484,154284,53,229115
15506,0.001502,74.125.24.0-255,7156,161440,53,229115
15507,0.001505,172.31.46.0-255,66,161506,53,229115
15508,0.001511,74.125.24.0-255,4320,165826,53,229115
15509,0.001513,172.31.46.0-255,66,165892,53,229115
15510,0.001532,74.125.24.0-255,5738,171630,53,229115
15511,0.001535,172.31.46.0-255,66,171696,53,229115
15512,0.001558,74.125.24.0-255,4320,176016,53,229115
15513,0.001561,172.31.46.0-255,66,176082,53,229115
15514,0.001593,172.31.46.0-255,66,176148,53,229115
15515,0.00161,74.125.24.0-255,2902,179050,53,229115
15516,0.001613,172.31.46.0-255,66,179116,53,229115
15517,0.001618,74.125.24.0-255,4320,183436,53,229115
15518,0.001621,172.31.46.0-255,66,183502,53,229115
15519,0.001643,74.125.24.0-255,4320,187822,53,229115
15520,0.001646,172.31.46.0-255,66,187888,53,229115
15521,0.001677,74.125.24.0-255,4320,192208,53,229115
15522,0.00168,172.31.46.0-255,66,192274,53,229115
15523,0.001694,172.31.46.0-255,66,192340,53,229115
15524,0.001697,74.125.24.0-255,1484,193824,53,229115
15525,0.001723,74.125.24.0-255,2184,196008,53,229115
15526,0.001725,172.31.46.0-255,66,196074,53,229115
15527,0.001732,74.125.24.0-255,4320,200394,53,229115
15528,0.001734,172.31.46.0-255,66,200460,53,229115
15529,0.00174,74.125.24.0-255,5738,206198,53,229115
15530,0.001742,172.31.46.0-255,66,206264,53,229115
15531,0.001762,74.125.24.0-255,4320,210584,53,229115
15532,0.001765,172.31.46.0-255,66,210650,53,229115
15533,0.001782,172.31.46.0-255,66,210716,53,229115
15534,0.001829,74.125.24.0-255,2184,212900,53,229115
15535,0.001831,172.31.46.0-255,66,212966,53,229115
15536,0.001835,74.125.24.0-255,2902,215868,53,229115
15537,0.001837,172.31.46.0-255,66,215934,53,229115
15538,0.001845,74.125.24.0-255,7156,223090,53,229115
15539,0.001847,172.31.46.0-255,66,223156,53,229115
15540,0.001885,172.31.46.0-255,66,223222,53,229115
15541,0.001888,74.125.24.0-255,97,223319,53,229115
15542,0.001916,74.125.24.0-255,105,223424,53,229115
15543,0.005648,172.31.46.0-255,66,223490,53,229115
15544,0.005687,172.31.46.0-255,105,223595,53,229115
15545,0.00793,74.125.24.0-255,66,223661,53,229115
15546,0.03056,172.31.46.0-255,172,223833,53,229115
15547,0.030595,172.31.46.0-255,1112,224945,53,229115
15548,0.03066,172.31.46.0-255,1514,226459,53,229115
15549,0.030662,172.31.46.0-255,1514,227973,53,229115
15550,0.030687,172.31.46.0-255,704,228677,53,229115
15551,0.032135,104.244.42.0-255,66,228743,53,229115
15552,0.032162,104.244.42.0-255,66,228809,53,229115
15553,0.032209,104.244.42.0-255,66,228875,53,229115
15554,0.032221,104.244.42.0-255,66,228941,53,229115
15555,0.032568,104.244.42.0-255,108,229049,53,229115
15556,0.032575,172.31.46.0-255,66,229115,53,229115
15557,0.0,74.125.24.0-255,153,153,53,310506
15558,1.4e-05,172.31.46.0-255,66,219,53,310506
15559,2.1e-05,74.125.24.0-255,1484,1703,53,310506
15560,2.5e-05,172.31.46.0-255,66,1769,53,310506
15561,3e-05,74.125.24.0-255,2902,4671,53,310506
15562,3.3e-05,172.31.46.0-255,66,4737,53,310506
15563,5.4e-05,74.125.24.0-255,7156,11893,53,310506
15564,5.7e-05,172.31.46.0-255,66,11959,53,310506
15565,7.9e-05,74.125.24.0-255,5738,17697,53,310506
15566,8.2e-05,172.31.46.0-255,66,17763,53,310506
15567,0.000105,74.125.24.0-255,4965,22728,53,310506
15568,0.000107,172.31.46.0-255,66,22794,53,310506
15569,0.00011,74.125.24.0-255,1484,24278,53,310506
15570,0.000112,172.31.46.0-255,66,24344,53,310506
15571,0.000133,74.125.24.0-255,6797,31141,53,310506
15572,0.000135,172.31.46.0-255,66,31207,53,310506
15573,0.000169,74.125.24.0-255,1484,32691,53,310506
15574,0.000171,172.31.46.0-255,66,32757,53,310506
15575,0.000191,74.125.24.0-255,2902,35659,53,310506
15576,0.000194,172.31.46.0-255,66,35725,53,310506
15577,0.000199,74.125.24.0-255,5738,41463,53,310506
15578,0.000202,172.31.46.0-255,66,41529,53,310506
15579,0.000235,172.31.46.0-255,66,41595,53,310506
15580,0.000253,74.125.24.0-255,1484,43079,53,310506
15581,0.000255,172.31.46.0-255,66,43145,53,310506
15582,0.00027,172.31.46.0-255,66,43211,53,310506
15583,0.000272,74.125.24.0-255,363,43574,53,310506
15584,0.000274,172.31.46.0-255,66,43640,53,310506
15585,0.00044,74.125.24.0-255,130,43770,53,310506
15586,0.000446,172.31.46.0-255,66,43836,53,310506
15587,0.000606,74.125.24.0-255,1484,45320,53,310506
15588,0.000613,74.125.24.0-255,2902,48222,53,310506
15589,0.000617,172.31.46.0-255,66,48288,53,310506
15590,0.000623,74.125.24.0-255,4320,52608,53,310506
15591,0.000625,172.31.46.0-255,66,52674,53,310506
15592,0.000642,74.125.24.0-255,1484,54158,53,310506
15593,0.000648,74.125.24.0-255,5738,59896,53,310506
15594,0.000651,172.31.46.0-255,66,59962,53,310506
15595,0.000654,74.125.24.0-255,1484,61446,53,310506
15596,0.000686,172.31.46.0-255,66,61512,53,310506
15597,0.000692,74.125.24.0-255,4320,65832,53,310506
15598,0.000694,172.31.46.0-255,66,65898,53,310506
15599,0.000706,74.125.24.0-255,766,66664,53,310506
15600,0.001131,74.125.24.0-255,1484,68148,53,310506
15601,0.001135,172.31.46.0-255,66,68214,53,310506
15602,0.001155,74.125.24.0-255,2902,71116,53,310506
15603,0.001157,172.31.46.0-255,66,71182,53,310506
15604,0.001162,74.125.24.0-255,4320,75502,53,310506
15605,0.001165,172.31.46.0-255,66,75568,53,310506
15606,0.001208,74.125.24.0-255,2902,78470,53,310506
15607,0.00121,172.31.46.0-255,66,78536,53,310506
15608,0.001238,74.125.24.0-255,5738,84274,53,310506
15609,0.001241,172.31.46.0-255,66,84340,53,310506
15610,0.001257,172.31.46.0-255,66,84406,53,310506
15611,0.001645,74.125.24.0-255,1484,85890,53,310506
15612,0.00167,74.125.24.0-255,2902,88792,53,310506
15613,0.001673,172.31.46.0-255,66,88858,53,310506
15614,0.00168,74.125.24.0-255,4320,93178,53,310506
15615,0.001682,172.31.46.0-255,66,93244,53,310506
15616,0.001719,172.31.46.0-255,66,93310,53,310506
15617,0.001722,74.125.24.0-255,1484,94794,53,310506
15618,0.001748,172.31.46.0-255,66,94860,53,310506
15619,0.001764,74.125.24.0-255,1484,96344,53,310506
15620,0.001799,172.31.46.0-255,66,96410,53,310506
15621,0.001804,74.125.24.0-255,2902,99312,53,310506
15622,0.001806,172.31.46.0-255,66,99378,53,310506
15623,0.001831,74.125.24.0-255,2902,102280,53,310506
15624,0.001834,172.31.46.0-255,66,102346,53,310506
15625,0.001841,74.125.24.0-255,7156,109502,53,310506
15626,0.001844,172.31.46.0-255,66,109568,53,310506
15627,0.001848,74.125.24.0-255,4320,113888,53,310506
15628,0.001851,172.31.46.0-255,66,113954,53,310506
15629,0.001873,74.125.24.0-255,2902,116856,53,310506
15630,0.001875,172.31.46.0-255,66,116922,53,310506
15631,0.00189,74.125.24.0-255,3602,120524,53,310506
15632,0.001893,172.31.46.0-255,66,120590,53,310506
15633,0.002051,74.125.24.0-255,1484,122074,53,310506
15634,0.002057,74.125.24.0-255,2902,124976,53,310506
15635,0.00206,172.31.46.0-255,66,125042,53,310506
15636,0.002084,74.125.24.0-255,5738,130780,53,310506
15637,0.002087,172.31.46.0-255,66,130846,53,310506
15638,0.002094,74.125.24.0-255,7156,138002,53,310506
15639,0.002096,172.31.46.0-255,66,138068,53,310506
15640,0.002124,74.125.24.0-255,4320,142388,53,310506
15641,0.002126,172.31.46.0-255,66,142454,53,310506
15642,0.002156,172.31.46.0-255,66,142520,53,310506
15643,0.002161,74.125.24.0-255,2184,144704,53,310506
15644,0.002163,172.31.46.0-255,66,144770,53,310506
15645,0.002247,74.125.24.0-255,1484,146254,53,310506
15646,0.002252,74.125.24.0-255,2902,149156,53,310506
15647,0.002255,172.31.46.0-255,66,149222,53,310506
15648,0.002275,74.125.24.0-255,2902,152124,53,310506
15649,0.002277,172.31.46.0-255,66,152190,53,310506
15650,0.00229,74.125.24.0-255,2902,155092,53,310506
15651,0.002292,172.31.46.0-255,66,155158,53,310506
15652,0.002297,74.125.24.0-255,2902,158060,53,310506
15653,0.002299,172.31.46.0-255,66,158126,53,310506
15654,0.002318,74.125.24.0-255,1484,159610,53,310506
15655,0.004583,74.125.24.0-255,1484,161094,53,310506
15656,0.004591,172.31.46.0-255,66,161160,53,310506
15657,0.004597,74.125.24.0-255,2902,164062,53,310506
15658,0.004599,172.31.46.0-255,66,164128,53,310506
15659,0.006899,74.125.24.0-255,5738,169866,53,310506
15660,0.006906,172.31.46.0-255,66,169932,53,310506
15661,0.009208,74.125.24.0-255,5738,175670,53,310506
15662,0.009214,172.31.46.0-255,66,175736,53,310506
15663,0.011509,74.125.24.0-255,5738,181474,53,310506
15664,0.011516,172.31.46.0-255,66,181540,53,310506
15665,0.013781,74.125.24.0-255,5738,187278,53,310506
15666,0.013788,172.31.46.0-255,66,187344,53,310506
15667,0.016045,74.125.24.0-255,5738,193082,53,310506
15668,0.016052,172.31.46.0-255,66,193148,53,310506
15669,0.018359,74.125.24.0-255,5738,198886,53,310506
15670,0.018368,172.31.46.0-255,66,198952,53,310506
15671,0.02072,74.125.24.0-255,5738,204690,53,310506
15672,0.02073,172.31.46.0-255,66,204756,53,310506
15673,0.023021,74.125.24.0-255,5738,210494,53,310506
15674,0.023028,172.31.46.0-255,66,210560,53,310506
15675,0.025333,74.125.24.0-255,5738,216298,53,310506
15676,0.025342,172.31.46.0-255,66,216364,53,310506
15677,0.027619,74.125.24.0-255,5738,222102,53,310506
15678,0.027626,172.31.46.0-255,66,222168,53,310506
15679,0.029029,172.31.46.0-255,172,222340,53,310506
15680,0.029064,172.31.46.0-255,1112,223452,53,310506
15681,0.029124,172.31.46.0-255,1514,224966,53,310506
15682,0.029126,172.31.46.0-255,1514,226480,53,310506
15683,0.029156,172.31.46.0-255,702,227182,53,310506
15684,0.02992,74.125.24.0-255,5738,232920,53,310506
15685,0.029927,172.31.46.0-255,66,232986,53,310506
15686,0.030604,104.244.42.0-255,66,233052,53,310506
15687,0.030804,104.244.42.0-255,66,233118,53,310506
15688,0.030811,104.244.42.0-255,66,233184,53,310506
15689,0.030826,104.244.42.0-255,66,233250,53,310506
15690,0.03222,74.125.24.0-255,5738,238988,53,310506
15691,0.032226,172.31.46.0-255,66,239054,53,310506
15692,0.034542,74.125.24.0-255,5738,244792,53,310506
15693,0.034549,172.31.46.0-255,66,244858,53,310506
15694,0.036848,74.125.24.0-255,5738,250596,53,310506
15695,0.036855,172.31.46.0-255,66,250662,53,310506
15696,0.039117,74.125.24.0-255,5738,256400,53,310506
15697,0.039126,172.31.46.0-255,66,256466,53,310506
15698,0.041412,74.125.24.0-255,5738,262204,53,310506
15699,0.041419,172.31.46.0-255,66,262270,53,310506
15700,0.043702,74.125.24.0-255,5738,268008,53,310506
15701,0.043709,172.31.46.0-255,66,268074,53,310506
15702,0.045987,74.125.24.0-255,5738,273812,53,310506
15703,0.045993,172.31.46.0-255,66,273878,53,310506
15704,0.048271,74.125.24.0-255,5738,279616,53,310506
15705,0.048278,172.31.46.0-255,66,279682,53,310506
15706,0.050562,74.125.24.0-255,5738,285420,53,310506
15707,0.050569,172.31.46.0-255,66,285486,53,310506
15708,0.052902,74.125.24.0-255,5738,291224,53,310506
15709,0.052909,172.31.46.0-255,66,291290,53,310506
15710,0.055205,74.125.24.0-255,5738,297028,53,310506
15711,0.055212,172.31.46.0-255,66,297094,53,310506
15712,0.057531,74.125.24.0-255,5738,302832,53,310506
15713,0.057538,172.31.46.0-255,66,302898,53,310506
15714,0.059835,74.125.24.0-255,5738,308636,53,310506
15715,0.059841,172.31.46.0-255,66,308702,53,310506
15716,0.062125,74.125.24.0-255,1567,310269,53,310506
15717,0.062131,172.31.46.0-255,66,310335,53,310506
15718,0.062295,172.31.46.0-255,105,310440,53,310506
15719,0.064558,74.125.24.0-255,66,310506,53,310506
15720,0.0,74.125.24.0-255,153,153,53,313282
15721,2.6e-05,172.31.46.0-255,66,219,53,313282
15722,3.4e-05,74.125.24.0-255,1484,1703,53,313282
15723,3.8e-05,172.31.46.0-255,66,1769,53,313282
15724,5.3e-05,74.125.24.0-255,2902,4671,53,313282
15725,5.8e-05,172.31.46.0-255,66,4737,53,313282
15726,6.2e-05,74.125.24.0-255,2902,7639,53,313282
15727,6.5e-05,172.31.46.0-255,66,7705,53,313282
15728,6.9e-05,74.125.24.0-255,1484,9189,53,313282
15729,7.1e-05,172.31.46.0-255,66,9255,53,313282
15730,0.000112,74.125.24.0-255,4815,14070,53,313282
15731,0.000115,172.31.46.0-255,66,14136,53,313282
15732,0.000124,74.125.24.0-255,7156,21292,53,313282
15733,0.000126,172.31.46.0-255,66,21358,53,313282
15734,0.000133,74.125.24.0-255,5738,27096,53,313282
15735,0.000135,172.31.46.0-255,66,27162,53,313282
15736,0.000175,74.125.24.0-255,3961,31123,53,313282
15737,0.000178,172.31.46.0-255,66,31189,53,313282
15738,0.000376,74.125.24.0-255,1484,32673,53,313282
15739,0.000382,172.31.46.0-255,66,32739,53,313282
15740,0.000388,74.125.24.0-255,2902,35641,53,313282
15741,0.000391,172.31.46.0-255,66,35707,53,313282
15742,0.000402,74.125.24.0-255,5738,41445,53,313282
15743,0.000404,172.31.46.0-255,66,41511,53,313282
15744,0.000446,172.31.46.0-255,66,41577,53,313282
15745,0.000452,74.125.24.0-255,5738,47315,53,313282
15746,0.000455,172.31.46.0-255,66,47381,53,313282
15747,0.000474,74.125.24.0-255,1484,48865,53,313282
15748,0.000477,172.31.46.0-255,66,48931,53,313282
15749,0.000518,74.125.24.0-255,2543,51474,53,313282
15750,0.000521,172.31.46.0-255,66,51540,53,313282
15751,0.000847,74.125.24.0-255,646,52186,53,313282
15752,0.001013,74.125.24.0-255,1484,53670,53,313282
15753,0.00102,74.125.24.0-255,2902,56572,53,313282
15754,0.001034,172.31.46.0-255,66,56638,53,313282
15755,0.001046,74.125.24.0-255,5738,62376,53,313282
15756,0.001049,74.125.24.0-255,1484,63860,53,313282
15757,0.001067,74.125.24.0-255,7156,71016,53,313282
15758,0.001073,172.31.46.0-255,66,71082,53,313282
15759,0.001081,74.125.24.0-255,2543,73625,53,313282
15760,0.001142,74.125.24.0-255,2543,76168,53,313282
15761,0.001151,172.31.46.0-255,66,76234,53,313282
15762,0.002391,74.125.24.0-255,1484,77718,53,313282
15763,0.002403,74.125.24.0-255,2902,80620,53,313282
15764,0.00241,172.31.46.0-255,66,80686,53,313282
15765,0.002419,74.125.24.0-255,5738,86424,53,313282
15766,0.002445,74.125.24.0-255,7156,93580,53,313282
15767,0.002466,74.125.24.0-255,5738,99318,53,313282
15768,0.002473,74.125.24.0-255,5738,105056,53,313282
15769,0.002505,74.125.24.0-255,5020,110076,53,313282
15770,0.007725,172.31.46.0-255,66,110142,53,313282
15771,0.010248,74.125.24.0-255,5738,115880,53,313282
15772,0.010262,172.31.46.0-255,66,115946,53,313282
15773,0.01276,74.125.24.0-255,5738,121684,53,313282
15774,0.01281,172.31.46.0-255,66,121750,53,313282
15775,0.015286,74.125.24.0-255,5738,127488,53,313282
15776,0.015297,172.31.46.0-255,66,127554,53,313282
15777,0.017842,74.125.24.0-255,5738,133292,53,313282
15778,0.017857,172.31.46.0-255,66,133358,53,313282
15779,0.020377,74.125.24.0-255,5738,139096,53,313282
15780,0.020393,172.31.46.0-255,66,139162,53,313282
15781,0.022883,74.125.24.0-255,5738,144900,53,313282
15782,0.0229,172.31.46.0-255,66,144966,53,313282
15783,0.02545,74.125.24.0-255,5738,150704,53,313282
15784,0.025467,172.31.46.0-255,66,150770,53,313282
15785,0.027972,74.125.24.0-255,5738,156508,53,313282
15786,0.02799,172.31.46.0-255,66,156574,53,313282
15787,0.030533,74.125.24.0-255,5738,162312,53,313282
15788,0.030547,172.31.46.0-255,66,162378,53,313282
15789,0.033044,74.125.24.0-255,5738,168116,53,313282
15790,0.033058,172.31.46.0-255,66,168182,53,313282
15791,0.035613,74.125.24.0-255,5738,173920,53,313282
15792,0.035628,172.31.46.0-255,66,173986,53,313282
15793,0.038115,74.125.24.0-255,5738,179724,53,313282
15794,0.038128,172.31.46.0-255,66,179790,53,313282
15795,0.040614,74.125.24.0-255,5738,185528,53,313282
15796,0.040632,172.31.46.0-255,66,185594,53,313282
15797,0.043142,74.125.24.0-255,5738,191332,53,313282
15798,0.0447,172.31.46.0-255,66,191398,53,313282
15799,0.047184,74.125.24.0-255,5738,197136,53,313282
15800,0.047201,172.31.46.0-255,66,197202,53,313282
15801,0.049699,74.125.24.0-255,5738,202940,53,313282
15802,0.049718,172.31.46.0-255,66,203006,53,313282
15803,0.052219,74.125.24.0-255,5738,208744,53,313282
15804,0.052234,172.31.46.0-255,66,208810,53,313282
15805,0.054721,74.125.24.0-255,5738,214548,53,313282
15806,0.05474,172.31.46.0-255,66,214614,53,313282
15807,0.057227,74.125.24.0-255,5738,220352,53,313282
15808,0.057242,172.31.46.0-255,66,220418,53,313282
15809,0.059756,74.125.24.0-255,5738,226156,53,313282
15810,0.059771,172.31.46.0-255,66,226222,53,313282
15811,0.062319,74.125.24.0-255,5738,231960,53,313282
15812,0.062333,172.31.46.0-255,66,232026,53,313282
15813,0.064854,74.125.24.0-255,5738,237764,53,313282
15814,0.06487,172.31.46.0-255,66,237830,53,313282
15815,0.067378,74.125.24.0-255,5738,243568,53,313282
15816,0.067396,172.31.46.0-255,66,243634,53,313282
15817,0.06989,74.125.24.0-255,5738,249372,53,313282
15818,0.069906,172.31.46.0-255,66,249438,53,313282
15819,0.072501,74.125.24.0-255,5738,255176,53,313282
15820,0.072519,172.31.46.0-255,66,255242,53,313282
15821,0.075116,74.125.24.0-255,5738,260980,53,313282
15822,0.075133,172.31.46.0-255,66,261046,53,313282
15823,0.077656,74.125.24.0-255,5738,266784,53,313282
15824,0.077672,172.31.46.0-255,66,266850,53,313282
15825,0.08015,74.125.24.0-255,5738,272588,53,313282
15826,0.080699,172.31.46.0-255,66,272654,53,313282
15827,0.08323,74.125.24.0-255,5738,278392,53,313282
15828,0.083243,172.31.46.0-255,66,278458,53,313282
15829,0.085794,74.125.24.0-255,5738,284196,53,313282
15830,0.085808,172.31.46.0-255,66,284262,53,313282
15831,0.08831,74.125.24.0-255,5738,290000,53,313282
15832,0.088321,172.31.46.0-255,66,290066,53,313282
15833,0.090824,74.125.24.0-255,5738,295804,53,313282
15834,0.090837,172.31.46.0-255,66,295870,53,313282
15835,0.093321,74.125.24.0-255,5738,301608,53,313282
15836,0.093333,172.31.46.0-255,66,301674,53,313282
15837,0.095825,74.125.24.0-255,5738,307412,53,313282
15838,0.095841,172.31.46.0-255,66,307478,53,313282
15839,0.098331,74.125.24.0-255,5738,313216,53,313282
15840,0.098343,172.31.46.0-255,66,313282,53,313282
15841,0.0,74.125.130.0-255,153,153,53,185594
15842,2.5e-05,172.31.46.0-255,66,219,53,185594
15843,3.1e-05,74.125.130.0-255,1484,1703,53,185594
15844,3.6e-05,172.31.46.0-255,66,1769,53,185594
15845,4.2e-05,74.125.130.0-255,2902,4671,53,185594
15846,4.6e-05,172.31.46.0-255,66,4737,53,185594
15847,4.9e-05,74.125.130.0-255,1484,6221,53,185594
15848,5.3e-05,172.31.46.0-255,66,6287,53,185594
15849,6.1e-05,74.125.130.0-255,5738,12025,53,185594
15850,6.4e-05,172.31.46.0-255,66,12091,53,185594
15851,9.4e-05,172.31.46.0-255,66,12157,53,185594
15852,0.000122,74.125.130.0-255,3455,15612,53,185594
15853,0.000125,172.31.46.0-255,66,15678,53,185594
15854,0.000131,74.125.130.0-255,5379,21057,53,185594
15855,0.000134,172.31.46.0-255,66,21123,53,185594
15856,0.000163,74.125.130.0-255,1484,22607,53,185594
15857,0.000166,172.31.46.0-255,66,22673,53,185594
15858,0.000187,74.125.130.0-255,2902,25575,53,185594
15859,0.00019,172.31.46.0-255,66,25641,53,185594
15860,0.000195,74.125.130.0-255,4320,29961,53,185594
15861,0.000198,172.31.46.0-255,66,30027,53,185594
15862,0.000214,74.125.130.0-255,1484,31511,53,185594
15863,0.000217,172.31.46.0-255,66,31577,53,185594
15864,0.000228,172.31.46.0-255,66,31643,53,185594
15865,0.000252,74.125.130.0-255,4320,35963,53,185594
15866,0.000255,172.31.46.0-255,66,36029,53,185594
15867,0.000266,172.31.46.0-255,66,36095,53,185594
15868,0.000291,74.125.130.0-255,2462,38557,53,185594
15869,0.000294,172.31.46.0-255,66,38623,53,185594
15870,0.000307,74.125.130.0-255,430,39053,53,185594
15871,0.000474,74.125.130.0-255,1484,40537,53,185594
15872,0.000481,172.31.46.0-255,66,40603,53,185594
15873,0.000486,74.125.130.0-255,2902,43505,53,185594
15874,0.000489,172.31.46.0-255,66,43571,53,185594
15875,0.000517,74.125.130.0-255,5738,49309,53,185594
15876,0.00052,172.31.46.0-255,66,49375,53,185594
15877,0.000552,172.31.46.0-255,66,49441,53,185594
15878,0.000564,172.31.46.0-255,66,49507,53,185594
15879,0.000939,74.125.130.0-255,1484,50991,53,185594
15880,0.000957,74.125.130.0-255,2902,53893,53,185594
15881,0.000962,172.31.46.0-255,66,53959,53,185594
15882,0.000969,74.125.130.0-255,5738,59697,53,185594
15883,0.000971,172.31.46.0-255,66,59763,53,185594
15884,0.001015,172.31.46.0-255,66,59829,53,185594
15885,0.001034,74.125.130.0-255,1484,61313,53,185594
15886,0.001047,172.31.46.0-255,66,61379,53,185594
15887,0.00105,74.125.130.0-255,1484,62863,53,185594
15888,0.00107,74.125.130.0-255,2902,65765,53,185594
15889,0.001073,74.125.130.0-255,1484,67249,53,185594
15890,0.001076,172.31.46.0-255,66,67315,53,185594
15891,0.001095,74.125.130.0-255,4320,71635,53,185594
15892,0.001097,172.31.46.0-255,66,71701,53,185594
15893,0.0011,74.125.130.0-255,1484,73185,53,185594
15894,0.001136,172.31.46.0-255,66,73251,53,185594
15895,0.001154,74.125.130.0-255,1484,74735,53,185594
15896,0.001188,172.31.46.0-255,66,74801,53,185594
15897,0.001192,74.125.130.0-255,1484,76285,53,185594
15898,0.001216,172.31.46.0-255,66,76351,53,185594
15899,0.001222,74.125.130.0-255,5738,82089,53,185594
15900,0.001224,172.31.46.0-255,66,82155,53,185594
15901,0.001275,74.125.130.0-255,5738,87893,53,185594
15902,0.001279,172.31.46.0-255,66,87959,53,185594
15903,0.00131,172.31.46.0-255,66,88025,53,185594
15904,0.001351,74.125.130.0-255,2902,90927,53,185594
15905,0.001354,172.31.46.0-255,66,90993,53,185594
15906,0.001393,74.125.130.0-255,4320,95313,53,185594
15907,0.001396,172.31.46.0-255,66,95379,53,185594
15908,0.001407,172.31.46.0-255,66,95445,53,185594
15909,0.00144,74.125.130.0-255,766,96211,53,185594
15910,0.001444,74.125.130.0-255,1484,97695,53,185594
15911,0.001449,74.125.130.0-255,2902,100597,53,185594
15912,0.001454,74.125.130.0-255,5738,106335,53,185594
15913,0.00146,172.31.46.0-255,66,106401,53,185594
15914,0.001498,74.125.130.0-255,7156,113557,53,185594
15915,0.001516,172.31.46.0-255,66,113623,53,185594
15916,0.001532,74.125.130.0-255,3602,117225,53,185594
15917,0.001548,172.31.46.0-255,66,117291,53,185594
15918,0.001641,74.125.130.0-255,1484,118775,53,185594
15919,0.001646,74.125.130.0-255,2902,121677,53,185594
15920,0.001648,172.31.46.0-255,66,121743,53,185594
15921,0.001661,74.125.130.0-255,2902,124645,53,185594
15922,0.001677,74.125.130.0-255,2902,127547,53,185594
15923,0.001684,74.125.130.0-255,5738,133285,53,185594
15924,0.00169,172.31.46.0-255,66,133351,53,185594
15925,0.001702,74.125.130.0-255,5738,139089,53,185594
15926,0.001709,74.125.130.0-255,5738,144827,53,185594
15927,0.001733,74.125.130.0-255,6438,151265,53,185594
15928,0.001739,172.31.46.0-255,66,151331,53,185594
15929,0.001813,74.125.130.0-255,1484,152815,53,185594
15930,0.001827,74.125.130.0-255,2902,155717,53,185594
15931,0.001848,74.125.130.0-255,4320,160037,53,185594
15932,0.001851,74.125.130.0-255,1484,161521,53,185594
15933,0.001858,172.31.46.0-255,66,161587,53,185594
15934,0.001874,74.125.130.0-255,7156,168743,53,185594
15935,0.001888,74.125.130.0-255,2902,171645,53,185594
15936,0.001902,172.31.46.0-255,66,171711,53,185594
15937,0.00192,172.31.46.0-255,66,171777,53,185594
15938,0.001953,172.31.46.0-255,66,171843,53,185594
15939,0.001995,172.31.46.0-255,66,171909,53,185594
15940,0.002008,74.125.130.0-255,2902,174811,53,185594
15941,0.00202,172.31.46.0-255,66,174877,53,185594
15942,0.002058,74.125.130.0-255,1275,176152,53,185594
15943,0.00206,74.125.130.0-255,105,176257,53,185594
15944,0.002098,172.31.46.0-255,66,176323,53,185594
15945,0.011007,172.31.46.0-255,105,176428,53,185594
15946,0.01325,74.125.130.0-255,66,176494,53,185594
15947,0.048575,172.31.46.0-255,172,176666,53,185594
15948,0.04861,172.31.46.0-255,1112,177778,53,185594
15949,0.048681,172.31.46.0-255,1514,179292,53,185594
15950,0.048682,172.31.46.0-255,1514,180806,53,185594
15951,0.048688,172.31.46.0-255,1514,182320,53,185594
15952,0.048689,172.31.46.0-255,1514,183834,53,185594
15953,0.048708,172.31.46.0-255,1496,185330,53,185594
15954,0.050124,104.244.42.0-255,66,185396,53,185594
15955,0.050163,104.244.42.0-255,66,185462,53,185594
15956,0.05021,104.244.42.0-255,66,185528,53,185594
15957,0.050257,104.244.42.0-255,66,185594,53,185594
15958,0.0,74.125.200.0-255,298,298,53,328260
15959,2.5e-05,172.31.46.0-255,66,364,53,328260
15960,3.1e-05,74.125.200.0-255,1484,1848,53,328260
15961,3.7e-05,172.31.46.0-255,66,1914,53,328260
15962,5.1e-05,74.125.200.0-255,4320,6234,53,328260
15963,5.5e-05,172.31.46.0-255,66,6300,53,328260
15964,6.1e-05,74.125.200.0-255,4320,10620,53,328260
15965,6.4e-05,172.31.46.0-255,66,10686,53,328260
15966,8.7e-05,74.125.200.0-255,1484,12170,53,328260
15967,9e-05,172.31.46.0-255,66,12236,53,328260
15968,9.5e-05,74.125.200.0-255,2902,15138,53,328260
15969,9.7e-05,172.31.46.0-255,66,15204,53,328260
15970,0.000138,74.125.200.0-255,6109,21313,53,328260
15971,0.000141,172.31.46.0-255,66,21379,53,328260
15972,0.000153,172.31.46.0-255,66,21445,53,328260
15973,0.00017,172.31.46.0-255,66,21511,53,328260
15974,0.000191,74.125.200.0-255,1484,22995,53,328260
15975,0.000193,172.31.46.0-255,66,23061,53,328260
15976,0.000222,74.125.200.0-255,5020,28081,53,328260
15977,0.000229,172.31.46.0-255,66,28147,53,328260
15978,0.000292,74.125.200.0-255,1484,29631,53,328260
15979,0.000295,172.31.46.0-255,66,29697,53,328260
15980,0.000302,74.125.200.0-255,2902,32599,53,328260
15981,0.000304,172.31.46.0-255,66,32665,53,328260
15982,0.000334,74.125.200.0-255,5738,38403,53,328260
15983,0.000336,172.31.46.0-255,66,38469,53,328260
15984,0.000366,74.125.200.0-255,7156,45625,53,328260
15985,0.000369,172.31.46.0-255,66,45691,53,328260
15986,0.000391,74.125.200.0-255,295,45986,53,328260
15987,0.000393,172.31.46.0-255,66,46052,53,328260
15988,0.000459,74.125.200.0-255,1484,47536,53,328260
15989,0.000465,74.125.200.0-255,2902,50438,53,328260
15990,0.000468,172.31.46.0-255,66,50504,53,328260
15991,0.000499,74.125.200.0-255,5738,56242,53,328260
15992,0.000503,172.31.46.0-255,66,56308,53,328260
15993,0.000536,172.31.46.0-255,66,56374,53,328260
15994,0.000584,172.31.46.0-255,66,56440,53,328260
15995,0.000811,74.125.200.0-255,1484,57924,53,328260
15996,0.000826,74.125.200.0-255,2902,60826,53,328260
15997,0.000829,172.31.46.0-255,66,60892,53,328260
15998,0.00086,74.125.200.0-255,4320,65212,53,328260
15999,0.000863,172.31.46.0-255,66,65278,53,328260
16000,0.000888,74.125.200.0-255,4320,69598,53,328260
16001,0.000892,172.31.46.0-255,66,69664,53,328260
16002,0.000908,74.125.200.0-255,2902,72566,53,328260
16003,0.000911,172.31.46.0-255,66,72632,53,328260
16004,0.000944,172.31.46.0-255,66,72698,53,328260
16005,0.000947,74.125.200.0-255,1484,74182,53,328260
16006,0.000952,74.125.200.0-255,2902,77084,53,328260
16007,0.000954,172.31.46.0-255,66,77150,53,328260
16008,0.001005,74.125.200.0-255,5020,82170,53,328260
16009,0.001008,172.31.46.0-255,66,82236,53,328260
16010,0.001226,74.125.200.0-255,1484,83720,53,328260
16011,0.001241,74.125.200.0-255,2902,86622,53,328260
16012,0.001245,172.31.46.0-255,66,86688,53,328260
16013,0.001297,74.125.200.0-255,5738,92426,53,328260
16014,0.0013,172.31.46.0-255,66,92492,53,328260
16015,0.001306,74.125.200.0-255,5738,98230,53,328260
16016,0.001308,172.31.46.0-255,66,98296,53,328260
16017,0.001316,74.125.200.0-255,1484,99780,53,328260
16018,0.00134,74.125.200.0-255,5738,105518,53,328260
16019,0.001344,74.125.200.0-255,2902,108420,53,328260
16020,0.001347,172.31.46.0-255,66,108486,53,328260
16021,0.00135,172.31.46.0-255,66,108552,53,328260
16022,0.001375,74.125.200.0-255,1484,110036,53,328260
16023,0.001406,74.125.200.0-255,2902,112938,53,328260
16024,0.001409,172.31.46.0-255,66,113004,53,328260
16025,0.001439,74.125.200.0-255,2902,115906,53,328260
16026,0.001442,172.31.46.0-255,66,115972,53,328260
16027,0.001445,74.125.200.0-255,766,116738,53,328260
16028,0.001745,74.125.200.0-255,1484,118222,53,328260
16029,0.001751,172.31.46.0-255,66,118288,53,328260
16030,0.001762,74.125.200.0-255,2902,121190,53,328260
16031,0.001768,172.31.46.0-255,66,121256,53,328260
16032,0.001798,74.125.200.0-255,5738,126994,53,328260
16033,0.0018,172.31.46.0-255,66,127060,53,328260
16034,0.001807,74.125.200.0-255,5738,132798,53,328260
16035,0.001809,172.31.46.0-255,66,132864,53,328260
16036,0.001816,74.125.200.0-255,1484,134348,53,328260
16037,0.001837,74.125.200.0-255,5738,140086,53,328260
16038,0.001843,172.31.46.0-255,66,140152,53,328260
16039,0.001854,74.125.200.0-255,4320,144472,53,328260
16040,0.00186,172.31.46.0-255,66,144538,53,328260
16041,0.001895,74.125.200.0-255,6438,150976,53,328260
16042,0.001897,172.31.46.0-255,66,151042,53,328260
16043,0.001908,172.31.46.0-255,66,151108,53,328260
16044,0.00193,74.125.200.0-255,2902,154010,53,328260
16045,0.001932,172.31.46.0-255,66,154076,53,328260
16046,0.001936,74.125.200.0-255,2902,156978,53,328260
16047,0.001939,172.31.46.0-255,66,157044,53,328260
16048,0.001959,172.31.46.0-255,66,157110,53,328260
16049,0.001964,74.125.200.0-255,3602,160712,53,328260
16050,0.001967,172.31.46.0-255,66,160778,53,328260
16051,0.002006,74.125.200.0-255,1484,162262,53,328260
16052,0.00201,74.125.200.0-255,1484,163746,53,328260
16053,0.002012,172.31.46.0-255,66,163812,53,328260
16054,0.002042,74.125.200.0-255,1484,165296,53,328260
16055,0.002049,74.125.200.0-255,5738,171034,53,328260
16056,0.002052,172.31.46.0-255,66,171100,53,328260
16057,0.002077,74.125.200.0-255,7156,178256,53,328260
16058,0.00208,172.31.46.0-255,66,178322,53,328260
16059,0.002085,74.125.200.0-255,2902,181224,53,328260
16060,0.002086,172.31.46.0-255,66,181290,53,328260
16061,0.002116,74.125.200.0-255,5738,187028,53,328260
16062,0.002119,172.31.46.0-255,66,187094,53,328260
16063,0.002124,74.125.200.0-255,4320,191414,53,328260
16064,0.002127,172.31.46.0-255,66,191480,53,328260
16065,0.002159,74.125.200.0-255,3602,195082,53,328260
16066,0.002162,172.31.46.0-255,66,195148,53,328260
16067,0.00444,74.125.200.0-255,1484,196632,53,328260
16068,0.004473,74.125.200.0-255,4320,200952,53,328260
16069,0.00448,172.31.46.0-255,66,201018,53,328260
16070,0.006786,74.125.200.0-255,5738,206756,53,328260
16071,0.006798,172.31.46.0-255,66,206822,53,328260
16072,0.009096,74.125.200.0-255,5738,212560,53,328260
16073,0.009106,172.31.46.0-255,66,212626,53,328260
16074,0.011393,74.125.200.0-255,5738,218364,53,328260
16075,0.011403,172.31.46.0-255,66,218430,53,328260
16076,0.013707,74.125.200.0-255,5738,224168,53,328260
16077,0.013725,172.31.46.0-255,66,224234,53,328260
16078,0.016019,74.125.200.0-255,5738,229972,53,328260
16079,0.016028,172.31.46.0-255,66,230038,53,328260
16080,0.01833,74.125.200.0-255,5738,235776,53,328260
16081,0.018349,172.31.46.0-255,66,235842,53,328260
16082,0.020652,74.125.200.0-255,5738,241580,53,328260
16083,0.020672,172.31.46.0-255,66,241646,53,328260
16084,0.022998,74.125.200.0-255,5738,247384,53,328260
16085,0.02301,172.31.46.0-255,66,247450,53,328260
16086,0.0253,74.125.200.0-255,5738,253188,53,328260
16087,0.025317,172.31.46.0-255,66,253254,53,328260
16088,0.02763,74.125.200.0-255,5738,258992,53,328260
16089,0.027647,172.31.46.0-255,66,259058,53,328260
16090,0.029953,74.125.200.0-255,5738,264796,53,328260
16091,0.029969,172.31.46.0-255,66,264862,53,328260
16092,0.032263,74.125.200.0-255,5738,270600,53,328260
16093,0.032281,172.31.46.0-255,66,270666,53,328260
16094,0.03458,74.125.200.0-255,5738,276404,53,328260
16095,0.0346,172.31.46.0-255,66,276470,53,328260
16096,0.036902,74.125.200.0-255,5738,282208,53,328260
16097,0.036918,172.31.46.0-255,66,282274,53,328260
16098,0.039213,74.125.200.0-255,5738,288012,53,328260
16099,0.039231,172.31.46.0-255,66,288078,53,328260
16100,0.041541,74.125.200.0-255,5738,293816,53,328260
16101,0.041559,172.31.46.0-255,66,293882,53,328260
16102,0.043848,74.125.200.0-255,5738,299620,53,328260
16103,0.04388,172.31.46.0-255,66,299686,53,328260
16104,0.044518,172.31.46.0-255,189,299875,53,328260
16105,0.044554,172.31.46.0-255,920,300795,53,328260
16106,0.044617,172.31.46.0-255,1514,302309,53,328260
16107,0.044619,172.31.46.0-255,1514,303823,53,328260
16108,0.044623,172.31.46.0-255,1514,305337,53,328260
16109,0.044624,172.31.46.0-255,1514,306851,53,328260
16110,0.044642,172.31.46.0-255,1514,308365,53,328260
16111,0.044643,172.31.46.0-255,238,308603,53,328260
16112,0.046023,104.244.42.0-255,66,308669,53,328260
16113,0.046086,104.244.42.0-255,66,308735,53,328260
16114,0.046171,74.125.200.0-255,5738,314473,53,328260
16115,0.046183,172.31.46.0-255,66,314539,53,328260
16116,0.046203,104.244.42.0-255,66,314605,53,328260
16117,0.046209,104.244.42.0-255,66,314671,53,328260
16118,0.048484,74.125.200.0-255,5738,320409,53,328260
16119,0.048495,172.31.46.0-255,66,320475,53,328260
16120,0.0508,74.125.200.0-255,5738,326213,53,328260
16121,0.050816,172.31.46.0-255,66,326279,53,328260
16122,0.05311,74.125.200.0-255,1744,328023,53,328260
16123,0.053121,172.31.46.0-255,66,328089,53,328260
16124,0.053327,172.31.46.0-255,105,328194,53,328260
16125,0.0556,74.125.200.0-255,66,328260,53,328260
16126,0.0,74.125.130.0-255,143,143,53,388474
16127,3e-05,172.31.46.0-255,66,209,53,388474
16128,3.6e-05,74.125.130.0-255,1484,1693,53,388474
16129,3.9e-05,172.31.46.0-255,66,1759,53,388474
16130,5.2e-05,74.125.130.0-255,1484,3243,53,388474
16131,5.3e-05,172.31.46.0-255,66,3309,53,388474
16132,8.7e-05,74.125.130.0-255,2902,6211,53,388474
16133,9e-05,172.31.46.0-255,66,6277,53,388474
16134,9.2e-05,74.125.130.0-255,1484,7761,53,388474
16135,9.4e-05,172.31.46.0-255,66,7827,53,388474
16136,0.000126,74.125.130.0-255,2902,10729,53,388474
16137,0.00013,172.31.46.0-255,66,10795,53,388474
16138,0.000141,74.125.130.0-255,1484,12279,53,388474
16139,0.000144,172.31.46.0-255,66,12345,53,388474
16140,0.000159,74.125.130.0-255,2119,14464,53,388474
16141,0.000161,172.31.46.0-255,66,14530,53,388474
16142,0.000182,74.125.130.0-255,4320,18850,53,388474
16143,0.000184,172.31.46.0-255,66,18916,53,388474
16144,0.0002,74.125.130.0-255,1484,20400,53,388474
16145,0.000202,172.31.46.0-255,66,20466,53,388474
16146,0.000228,74.125.130.0-255,5738,26204,53,388474
16147,0.000231,172.31.46.0-255,66,26270,53,388474
16148,0.000235,74.125.130.0-255,2902,29172,53,388474
16149,0.000237,172.31.46.0-255,66,29238,53,388474
16150,0.000253,74.125.130.0-255,5738,34976,53,388474
16151,0.000256,172.31.46.0-255,66,35042,53,388474
16152,0.00026,74.125.130.0-255,2902,37944,53,388474
16153,0.000262,172.31.46.0-255,66,38010,53,388474
16154,0.000305,74.125.130.0-255,1484,39494,53,388474
16155,0.000307,172.31.46.0-255,66,39560,53,388474
16156,0.00033,172.31.46.0-255,66,39626,53,388474
16157,0.000333,74.125.130.0-255,766,40392,53,388474
16158,0.000465,74.125.130.0-255,1484,41876,53,388474
16159,0.000468,172.31.46.0-255,66,41942,53,388474
16160,0.000473,74.125.130.0-255,1484,43426,53,388474
16161,0.000483,74.125.130.0-255,1484,44910,53,388474
16162,0.000488,172.31.46.0-255,66,44976,53,388474
16163,0.000501,74.125.130.0-255,4320,49296,53,388474
16164,0.000503,172.31.46.0-255,66,49362,53,388474
16165,0.000533,74.125.130.0-255,1484,50846,53,388474
16166,0.000539,74.125.130.0-255,7088,57934,53,388474
16167,0.000541,74.125.130.0-255,98,58032,53,388474
16168,0.000543,172.31.46.0-255,66,58098,53,388474
16169,0.000693,172.31.46.0-255,66,58164,53,388474
16170,0.000736,74.125.130.0-255,1484,59648,53,388474
16171,0.00075,74.125.130.0-255,1484,61132,53,388474
16172,0.000754,172.31.46.0-255,66,61198,53,388474
16173,0.000763,74.125.130.0-255,2902,64100,53,388474
16174,0.000774,172.31.46.0-255,66,64166,53,388474
16175,0.000779,74.125.130.0-255,5738,69904,53,388474
16176,0.000789,172.31.46.0-255,66,69970,53,388474
16177,0.000802,74.125.130.0-255,2902,72872,53,388474
16178,0.000813,172.31.46.0-255,66,72938,53,388474
16179,0.000824,74.125.130.0-255,4320,77258,53,388474
16180,0.000828,172.31.46.0-255,66,77324,53,388474
16181,0.000829,74.125.130.0-255,4320,81644,53,388474
16182,0.000832,172.31.46.0-255,66,81710,53,388474
16183,0.00085,74.125.130.0-255,4320,86030,53,388474
16184,0.000854,74.125.130.0-255,2902,88932,53,388474
16185,0.000857,172.31.46.0-255,66,88998,53,388474
16186,0.000861,172.31.46.0-255,66,89064,53,388474
16187,0.000879,74.125.130.0-255,3602,92666,53,388474
16188,0.000889,172.31.46.0-255,66,92732,53,388474
16189,0.000901,74.125.130.0-255,7156,99888,53,388474
16190,0.000904,172.31.46.0-255,66,99954,53,388474
16191,0.000925,74.125.130.0-255,2902,102856,53,388474
16192,0.00093,172.31.46.0-255,66,102922,53,388474
16193,0.000944,74.125.130.0-255,4320,107242,53,388474
16194,0.00095,172.31.46.0-255,66,107308,53,388474
16195,0.000969,74.125.130.0-255,7156,114464,53,388474
16196,0.000975,74.125.130.0-255,4320,118784,53,388474
16197,0.000976,172.31.46.0-255,66,118850,53,388474
16198,0.000981,74.125.130.0-255,5738,124588,53,388474
16199,0.000981,172.31.46.0-255,66,124654,53,388474
16200,0.000995,172.31.46.0-255,66,124720,53,388474
16201,0.001007,74.125.130.0-255,1484,126204,53,388474
16202,0.001026,74.125.130.0-255,5020,131224,53,388474
16203,0.001032,74.125.130.0-255,5738,136962,53,388474
16204,0.001033,172.31.46.0-255,66,137028,53,388474
16205,0.001038,172.31.46.0-255,66,137094,53,388474
16206,0.001051,74.125.130.0-255,1484,138578,53,388474
16207,0.001066,74.125.130.0-255,1484,140062,53,388474
16208,0.001073,172.31.46.0-255,66,140128,53,388474
16209,0.001099,172.31.46.0-255,66,140194,53,388474
16210,0.001103,74.125.130.0-255,1484,141678,53,388474
16211,0.001121,74.125.130.0-255,5738,147416,53,388474
16212,0.001126,172.31.46.0-255,66,147482,53,388474
16213,0.001146,74.125.130.0-255,3602,151084,53,388474
16214,0.001157,172.31.46.0-255,66,151150,53,388474
16215,0.001346,74.125.130.0-255,1484,152634,53,388474
16216,0.001362,74.125.130.0-255,2902,155536,53,388474
16217,0.001365,172.31.46.0-255,66,155602,53,388474
16218,0.001401,74.125.130.0-255,1484,157086,53,388474
16219,0.001416,74.125.130.0-255,4320,161406,53,388474
16220,0.001421,74.125.130.0-255,4320,165726,53,388474
16221,0.001426,172.31.46.0-255,66,165792,53,388474
16222,0.001451,172.31.46.0-255,66,165858,53,388474
16223,0.00147,74.125.130.0-255,4320,170178,53,388474
16224,0.001475,172.31.46.0-255,66,170244,53,388474
16225,0.001487,74.125.130.0-255,6438,176682,53,388474
16226,0.001491,172.31.46.0-255,66,176748,53,388474
16227,0.001692,74.125.130.0-255,1484,178232,53,388474
16228,0.001706,74.125.130.0-255,2902,181134,53,388474
16229,0.001709,172.31.46.0-255,66,181200,53,388474
16230,0.001713,74.125.130.0-255,1484,182684,53,388474
16231,0.00173,74.125.130.0-255,2902,185586,53,388474
16232,0.001732,172.31.46.0-255,66,185652,53,388474
16233,0.001736,74.125.130.0-255,1484,187136,53,388474
16234,0.001754,74.125.130.0-255,4320,191456,53,388474
16235,0.001758,74.125.130.0-255,2902,194358,53,388474
16236,0.001758,172.31.46.0-255,66,194424,53,388474
16237,0.001762,172.31.46.0-255,66,194490,53,388474
16238,0.001781,74.125.130.0-255,4320,198810,53,388474
16239,0.001794,74.125.130.0-255,1484,200294,53,388474
16240,0.001794,172.31.46.0-255,66,200360,53,388474
16241,0.00182,74.125.130.0-255,7156,207516,53,388474
16242,0.001824,74.125.130.0-255,3602,211118,53,388474
16243,0.001833,172.31.46.0-255,66,211184,53,388474
16244,0.001925,74.125.130.0-255,1484,212668,53,388474
16245,0.001945,74.125.130.0-255,2902,215570,53,388474
16246,0.001948,172.31.46.0-255,66,215636,53,388474
16247,0.001951,74.125.130.0-255,1484,217120,53,388474
16248,0.00197,74.125.130.0-255,4320,221440,53,388474
16249,0.001972,74.125.130.0-255,1484,222924,53,388474
16250,0.001986,172.31.46.0-255,66,222990,53,388474
16251,0.002032,74.125.130.0-255,1484,224474,53,388474
16252,0.00205,74.125.130.0-255,7156,231630,53,388474
16253,0.002055,74.125.130.0-255,4320,235950,53,388474
16254,0.006269,172.31.46.0-255,66,236016,53,388474
16255,0.008282,74.125.130.0-255,4320,240336,53,388474
16256,0.008288,172.31.46.0-255,66,240402,53,388474
16257,0.008306,74.125.130.0-255,1484,241886,53,388474
16258,0.010287,74.125.130.0-255,4320,246206,53,388474
16259,0.010292,172.31.46.0-255,66,246272,53,388474
16260,0.012319,74.125.130.0-255,5738,252010,53,388474
16261,0.012366,172.31.46.0-255,66,252076,53,388474
16262,0.014376,74.125.130.0-255,5738,257814,53,388474
16263,0.014384,172.31.46.0-255,66,257880,53,388474
16264,0.016391,74.125.130.0-255,5738,263618,53,388474
16265,0.0164,172.31.46.0-255,66,263684,53,388474
16266,0.018413,74.125.130.0-255,5738,269422,53,388474
16267,0.01842,172.31.46.0-255,66,269488,53,388474
16268,0.020434,74.125.130.0-255,5738,275226,53,388474
16269,0.020443,172.31.46.0-255,66,275292,53,388474
16270,0.022438,74.125.130.0-255,5738,281030,53,388474
16271,0.022445,172.31.46.0-255,66,281096,53,388474
16272,0.024438,74.125.130.0-255,2902,283998,53,388474
16273,0.024443,172.31.46.0-255,66,284064,53,388474
16274,0.024465,74.125.130.0-255,2902,286966,53,388474
16275,0.024482,172.31.46.0-255,66,287032,53,388474
16276,0.026442,74.125.130.0-255,2902,289934,53,388474
16277,0.026448,172.31.46.0-255,66,290000,53,388474
16278,0.02652,74.125.130.0-255,2902,292902,53,388474
16279,0.02653,172.31.46.0-255,66,292968,53,388474
16280,0.028507,74.125.130.0-255,2902,295870,53,388474
16281,0.028514,172.31.46.0-255,66,295936,53,388474
16282,0.028537,74.125.130.0-255,2902,298838,53,388474
16283,0.028554,172.31.46.0-255,66,298904,53,388474
16284,0.029797,172.31.46.0-255,164,299068,53,388474
16285,0.029887,172.31.46.0-255,1121,300189,53,388474
16286,0.030183,172.31.46.0-255,1514,301703,53,388474
16287,0.030186,172.31.46.0-255,1281,302984,53,388474
16288,0.03051,74.125.130.0-255,1484,304468,53,388474
16289,0.030553,74.125.130.0-255,4320,308788,53,388474
16290,0.03057,172.31.46.0-255,66,308854,53,388474
16291,0.031307,104.244.42.0-255,66,308920,53,388474
16292,0.031419,104.244.42.0-255,66,308986,53,388474
16293,0.031773,104.244.42.0-255,66,309052,53,388474
16294,0.032579,74.125.130.0-255,5738,314790,53,388474
16295,0.032584,172.31.46.0-255,66,314856,53,388474
16296,0.034587,74.125.130.0-255,5738,320594,53,388474
16297,0.034593,172.31.46.0-255,66,320660,53,388474
16298,0.036608,74.125.130.0-255,4320,324980,53,388474
16299,0.036614,172.31.46.0-255,66,325046,53,388474
16300,0.036636,74.125.130.0-255,1484,326530,53,388474
16301,0.038611,74.125.130.0-255,4320,330850,53,388474
16302,0.038617,172.31.46.0-255,66,330916,53,388474
16303,0.040654,74.125.130.0-255,5738,336654,53,388474
16304,0.040687,172.31.46.0-255,66,336720,53,388474
16305,0.042681,74.125.130.0-255,5738,342458,53,388474
16306,0.042688,172.31.46.0-255,66,342524,53,388474
16307,0.044681,74.125.130.0-255,5738,348262,53,388474
16308,0.044686,172.31.46.0-255,66,348328,53,388474
16309,0.046681,74.125.130.0-255,5738,354066,53,388474
16310,0.046687,172.31.46.0-255,66,354132,53,388474
16311,0.048688,74.125.130.0-255,5738,359870,53,388474
16312,0.048692,172.31.46.0-255,66,359936,53,388474
16313,0.050691,74.125.130.0-255,5738,365674,53,388474
16314,0.050695,172.31.46.0-255,66,365740,53,388474
16315,0.052699,74.125.130.0-255,5738,371478,53,388474
16316,0.052704,172.31.46.0-255,66,371544,53,388474
16317,0.054734,74.125.130.0-255,5738,377282,53,388474
16318,0.054739,172.31.46.0-255,66,377348,53,388474
16319,0.056738,74.125.130.0-255,5738,383086,53,388474
16320,0.056744,172.31.46.0-255,66,383152,53,388474
16321,0.058745,74.125.130.0-255,5085,388237,53,388474
16322,0.058751,172.31.46.0-255,66,388303,53,388474
16323,0.058951,172.31.46.0-255,105,388408,53,388474
16324,0.06092,74.125.130.0-255,66,388474,53,388474
16325,0.0,172.217.194.0-255,298,298,53,332685
16326,2.3e-05,172.31.46.0-255,66,364,53,332685
16327,3e-05,172.217.194.0-255,1484,1848,53,332685
16328,3.5e-05,172.31.46.0-255,66,1914,53,332685
16329,4.2e-05,172.217.194.0-255,4320,6234,53,332685
16330,4.5e-05,172.31.46.0-255,66,6300,53,332685
16331,5.6e-05,172.31.46.0-255,66,6366,53,332685
16332,0.000212,172.217.194.0-255,1484,7850,53,332685
16333,0.000216,172.31.46.0-255,66,7916,53,332685
16334,0.000221,172.217.194.0-255,2902,10818,53,332685
16335,0.000223,172.31.46.0-255,66,10884,53,332685
16336,0.000227,172.217.194.0-255,1484,12368,53,332685
16337,0.000229,172.31.46.0-255,66,12434,53,332685
16338,0.000256,172.217.194.0-255,4320,16754,53,332685
16339,0.00026,172.31.46.0-255,66,16820,53,332685
16340,0.000267,172.217.194.0-255,6797,23617,53,332685
16341,0.000269,172.31.46.0-255,66,23683,53,332685
16342,0.000335,172.217.194.0-255,1484,25167,53,332685
16343,0.000338,172.31.46.0-255,66,25233,53,332685
16344,0.000343,172.217.194.0-255,2902,28135,53,332685
16345,0.000345,172.31.46.0-255,66,28201,53,332685
16346,0.000348,172.217.194.0-255,1484,29685,53,332685
16347,0.00035,172.31.46.0-255,66,29751,53,332685
16348,0.000374,172.217.194.0-255,2902,32653,53,332685
16349,0.000377,172.31.46.0-255,66,32719,53,332685
16350,0.000382,172.217.194.0-255,4320,37039,53,332685
16351,0.000384,172.31.46.0-255,66,37105,53,332685
16352,0.000402,172.217.194.0-255,5379,42484,53,332685
16353,0.000404,172.31.46.0-255,66,42550,53,332685
16354,0.00041,172.217.194.0-255,4320,46870,53,332685
16355,0.000413,172.31.46.0-255,66,46936,53,332685
16356,0.000452,172.31.46.0-255,66,47002,53,332685
16357,0.000598,172.217.194.0-255,364,47366,53,332685
16358,0.000853,172.217.194.0-255,1484,48850,53,332685
16359,0.000858,172.31.46.0-255,66,48916,53,332685
16360,0.000863,172.217.194.0-255,2902,51818,53,332685
16361,0.000865,172.31.46.0-255,66,51884,53,332685
16362,0.000883,172.217.194.0-255,4320,56204,53,332685
16363,0.000885,172.31.46.0-255,66,56270,53,332685
16364,0.000892,172.217.194.0-255,5738,62008,53,332685
16365,0.000895,172.31.46.0-255,66,62074,53,332685
16366,0.000918,172.217.194.0-255,2902,64976,53,332685
16367,0.00092,172.31.46.0-255,66,65042,53,332685
16368,0.000932,172.31.46.0-255,66,65108,53,332685
16369,0.000958,172.31.46.0-255,66,65174,53,332685
16370,0.001688,172.217.194.0-255,1484,66658,53,332685
16371,0.001699,172.217.194.0-255,2902,69560,53,332685
16372,0.001704,172.31.46.0-255,66,69626,53,332685
16373,0.001712,172.217.194.0-255,5738,75364,53,332685
16374,0.001714,172.31.46.0-255,66,75430,53,332685
16375,0.001737,172.217.194.0-255,7156,82586,53,332685
16376,0.00174,172.31.46.0-255,66,82652,53,332685
16377,0.00177,172.217.194.0-255,5738,88390,53,332685
16378,0.001773,172.31.46.0-255,66,88456,53,332685
16379,0.001784,172.31.46.0-255,66,88522,53,332685
16380,0.001801,172.217.194.0-255,2184,90706,53,332685
16381,0.001804,172.31.46.0-255,66,90772,53,332685
16382,0.001846,172.217.194.0-255,1484,92256,53,332685
16383,0.001852,172.217.194.0-255,2902,95158,53,332685
16384,0.001855,172.31.46.0-255,66,95224,53,332685
16385,0.001884,172.217.194.0-255,5738,100962,53,332685
16386,0.001887,172.31.46.0-255,66,101028,53,332685
16387,0.001901,172.31.46.0-255,66,101094,53,332685
16388,0.001903,172.217.194.0-255,1484,102578,53,332685
16389,0.00192,172.217.194.0-255,7156,109734,53,332685
16390,0.001923,172.31.46.0-255,66,109800,53,332685
16391,0.001937,172.217.194.0-255,1484,111284,53,332685
16392,0.00194,172.217.194.0-255,766,112050,53,332685
16393,0.001942,172.31.46.0-255,66,112116,53,332685
16394,0.002178,172.217.194.0-255,1484,113600,53,332685
16395,0.002186,172.217.194.0-255,2902,116502,53,332685
16396,0.00219,172.31.46.0-255,66,116568,53,332685
16397,0.002195,172.217.194.0-255,1484,118052,53,332685
16398,0.002214,172.217.194.0-255,4320,122372,53,332685
16399,0.002217,172.31.46.0-255,66,122438,53,332685
16400,0.00222,172.217.194.0-255,1484,123922,53,332685
16401,0.002224,172.217.194.0-255,2902,126824,53,332685
16402,0.002226,172.31.46.0-255,66,126890,53,332685
16403,0.00225,172.31.46.0-255,66,126956,53,332685
16404,0.002256,172.217.194.0-255,4320,131276,53,332685
16405,0.002258,172.31.46.0-255,66,131342,53,332685
16406,0.002282,172.217.194.0-255,5020,136362,53,332685
16407,0.002285,172.31.46.0-255,66,136428,53,332685
16408,0.004582,172.217.194.0-255,5738,142166,53,332685
16409,0.004591,172.31.46.0-255,66,142232,53,332685
16410,0.006922,172.217.194.0-255,5738,147970,53,332685
16411,0.006928,172.31.46.0-255,66,148036,53,332685
16412,0.009223,172.217.194.0-255,5738,153774,53,332685
16413,0.009228,172.31.46.0-255,66,153840,53,332685
16414,0.011511,172.217.194.0-255,5738,159578,53,332685
16415,0.011518,172.31.46.0-255,66,159644,53,332685
16416,0.013826,172.217.194.0-255,5738,165382,53,332685
16417,0.013837,172.31.46.0-255,66,165448,53,332685
16418,0.016087,172.217.194.0-255,5738,171186,53,332685
16419,0.016096,172.31.46.0-255,66,171252,53,332685
16420,0.018376,172.217.194.0-255,5738,176990,53,332685
16421,0.018389,172.31.46.0-255,66,177056,53,332685
16422,0.020649,172.217.194.0-255,5738,182794,53,332685
16423,0.020661,172.31.46.0-255,66,182860,53,332685
16424,0.022918,172.217.194.0-255,5738,188598,53,332685
16425,0.022927,172.31.46.0-255,66,188664,53,332685
16426,0.025234,172.217.194.0-255,5738,194402,53,332685
16427,0.025257,172.31.46.0-255,66,194468,53,332685
16428,0.027595,172.217.194.0-255,5738,200206,53,332685
16429,0.027607,172.31.46.0-255,66,200272,53,332685
16430,0.029539,172.31.46.0-255,172,200444,53,332685
16431,0.029571,172.31.46.0-255,1112,201556,53,332685
16432,0.029632,172.31.46.0-255,1514,203070,53,332685
16433,0.029634,172.31.46.0-255,1187,204257,53,332685
16434,0.029911,172.217.194.0-255,5738,209995,53,332685
16435,0.029918,172.31.46.0-255,66,210061,53,332685
16436,0.031162,104.244.42.0-255,66,210127,53,332685
16437,0.031189,104.244.42.0-255,66,210193,53,332685
16438,0.031209,104.244.42.0-255,66,210259,53,332685
16439,0.03226,172.217.194.0-255,5738,215997,53,332685
16440,0.032266,172.31.46.0-255,66,216063,53,332685
16441,0.034583,172.217.194.0-255,5738,221801,53,332685
16442,0.034591,172.31.46.0-255,66,221867,53,332685
16443,0.036928,172.217.194.0-255,5738,227605,53,332685
16444,0.036938,172.31.46.0-255,66,227671,53,332685
16445,0.039198,172.217.194.0-255,5738,233409,53,332685
16446,0.039205,172.31.46.0-255,66,233475,53,332685
16447,0.041504,172.217.194.0-255,5738,239213,53,332685
16448,0.041515,172.31.46.0-255,66,239279,53,332685
16449,0.043791,172.217.194.0-255,5738,245017,53,332685
16450,0.043798,172.31.46.0-255,66,245083,53,332685
16451,0.046118,172.217.194.0-255,5738,250821,53,332685
16452,0.046124,172.31.46.0-255,66,250887,53,332685
16453,0.048404,172.217.194.0-255,5738,256625,53,332685
16454,0.048411,172.31.46.0-255,66,256691,53,332685
16455,0.050696,172.217.194.0-255,5738,262429,53,332685
16456,0.050703,172.31.46.0-255,66,262495,53,332685
16457,0.05299,172.217.194.0-255,5738,268233,53,332685
16458,0.052999,172.31.46.0-255,66,268299,53,332685
16459,0.055275,172.217.194.0-255,5738,274037,53,332685
16460,0.055282,172.31.46.0-255,66,274103,53,332685
16461,0.057564,172.217.194.0-255,5738,279841,53,332685
16462,0.057571,172.31.46.0-255,66,279907,53,332685
16463,0.059834,172.217.194.0-255,5738,285645,53,332685
16464,0.05984,172.31.46.0-255,66,285711,53,332685
16465,0.062093,172.217.194.0-255,5738,291449,53,332685
16466,0.062099,172.31.46.0-255,66,291515,53,332685
16467,0.064352,172.217.194.0-255,5738,297253,53,332685
16468,0.064359,172.31.46.0-255,66,297319,53,332685
16469,0.066642,172.217.194.0-255,5738,303057,53,332685
16470,0.06665,172.31.46.0-255,66,303123,53,332685
16471,0.068981,172.217.194.0-255,5738,308861,53,332685
16472,0.068989,172.31.46.0-255,66,308927,53,332685
16473,0.071269,172.217.194.0-255,5738,314665,53,332685
16474,0.071274,172.31.46.0-255,66,314731,53,332685
16475,0.073594,172.217.194.0-255,5738,320469,53,332685
16476,0.073602,172.31.46.0-255,66,320535,53,332685
16477,0.075859,172.217.194.0-255,5738,326273,53,332685
16478,0.075866,172.31.46.0-255,66,326339,53,332685
16479,0.078188,172.217.194.0-255,5738,332077,53,332685
16480,0.078195,172.31.46.0-255,66,332143,53,332685
16481,0.080473,172.217.194.0-255,305,332448,53,332685
16482,0.080606,172.31.46.0-255,66,332514,53,332685
16483,0.080643,172.31.46.0-255,105,332619,53,332685
16484,0.082915,172.217.194.0-255,66,332685,53,332685
16485,0.0,172.217.27.0-255,150,150,53,391235
16486,2.1e-05,172.31.46.0-255,66,216,53,391235
16487,2.9e-05,172.217.27.0-255,1484,1700,53,391235
16488,3.4e-05,172.31.46.0-255,66,1766,53,391235
16489,3.9e-05,172.217.27.0-255,2902,4668,53,391235
16490,4.2e-05,172.31.46.0-255,66,4734,53,391235
16491,5e-05,172.217.27.0-255,7156,11890,53,391235
16492,5.4e-05,172.31.46.0-255,66,11956,53,391235
16493,5.8e-05,172.217.27.0-255,2120,14076,53,391235
16494,6.1e-05,172.31.46.0-255,66,14142,53,391235
16495,0.000173,172.217.27.0-255,1484,15626,53,391235
16496,0.000177,172.31.46.0-255,66,15692,53,391235
16497,0.000183,172.217.27.0-255,2902,18594,53,391235
16498,0.000186,172.31.46.0-255,66,18660,53,391235
16499,0.000191,172.217.27.0-255,2902,21562,53,391235
16500,0.000194,172.31.46.0-255,66,21628,53,391235
16501,0.000225,172.217.27.0-255,2902,24530,53,391235
16502,0.000227,172.31.46.0-255,66,24596,53,391235
16503,0.000235,172.217.27.0-255,6797,31393,53,391235
16504,0.000238,172.31.46.0-255,66,31459,53,391235
16505,0.000485,172.217.27.0-255,1484,32943,53,391235
16506,0.00049,172.217.27.0-255,2902,35845,53,391235
16507,0.000495,172.31.46.0-255,66,35911,53,391235
16508,0.000505,172.31.46.0-255,66,35977,53,391235
16509,0.000511,172.217.27.0-255,4320,40297,53,391235
16510,0.000513,172.31.46.0-255,66,40363,53,391235
16511,0.00054,172.217.27.0-255,1484,41847,53,391235
16512,0.000546,172.217.27.0-255,5738,47585,53,391235
16513,0.000553,172.217.27.0-255,6797,54382,53,391235
16514,0.00056,172.217.27.0-255,5738,60120,53,391235
16515,0.000563,172.31.46.0-255,66,60186,53,391235
16516,0.000567,172.31.46.0-255,66,60252,53,391235
16517,0.000574,172.31.46.0-255,66,60318,53,391235
16518,0.000577,172.31.46.0-255,66,60384,53,391235
16519,0.000583,172.217.27.0-255,4320,64704,53,391235
16520,0.000585,172.31.46.0-255,66,64770,53,391235
16521,0.000602,172.217.27.0-255,1388,66158,53,391235
16522,0.000819,172.217.27.0-255,136,66294,53,391235
16523,0.000973,172.217.27.0-255,1484,67778,53,391235
16524,0.000978,172.31.46.0-255,66,67844,53,391235
16525,0.000985,172.217.27.0-255,2902,70746,53,391235
16526,0.000987,172.31.46.0-255,66,70812,53,391235
16527,0.000994,172.217.27.0-255,5738,76550,53,391235
16528,0.000996,172.31.46.0-255,66,76616,53,391235
16529,0.00102,172.217.27.0-255,6797,83413,53,391235
16530,0.001023,172.31.46.0-255,66,83479,53,391235
16531,0.00103,172.217.27.0-255,7156,90635,53,391235
16532,0.001032,172.31.46.0-255,66,90701,53,391235
16533,0.001066,172.217.27.0-255,4320,95021,53,391235
16534,0.00107,172.31.46.0-255,66,95087,53,391235
16535,0.001091,172.217.27.0-255,5643,100730,53,391235
16536,0.001095,172.31.46.0-255,66,100796,53,391235
16537,0.001309,172.217.27.0-255,1484,102280,53,391235
16538,0.001317,172.217.27.0-255,2902,105182,53,391235
16539,0.001321,172.31.46.0-255,66,105248,53,391235
16540,0.00133,172.217.27.0-255,5738,110986,53,391235
16541,0.001332,172.31.46.0-255,66,111052,53,391235
16542,0.001359,172.217.27.0-255,5738,116790,53,391235
16543,0.001362,172.31.46.0-255,66,116856,53,391235
16544,0.001378,172.217.27.0-255,7156,124012,53,391235
16545,0.001381,172.31.46.0-255,66,124078,53,391235
16546,0.001384,172.217.27.0-255,1484,125562,53,391235
16547,0.001425,172.31.46.0-255,66,125628,53,391235
16548,0.001654,172.217.27.0-255,1484,127112,53,391235
16549,0.001661,172.217.27.0-255,2902,130014,53,391235
16550,0.001665,172.31.46.0-255,66,130080,53,391235
16551,0.001669,172.217.27.0-255,1484,131564,53,391235
16552,0.001685,172.217.27.0-255,1484,133048,53,391235
16553,0.001687,172.31.46.0-255,66,133114,53,391235
16554,0.003314,172.217.27.0-255,2902,136016,53,391235
16555,0.003318,172.31.46.0-255,66,136082,53,391235
16556,0.003336,172.217.27.0-255,2902,138984,53,391235
16557,0.003339,172.31.46.0-255,66,139050,53,391235
16558,0.004971,172.217.27.0-255,4320,143370,53,391235
16559,0.004979,172.31.46.0-255,66,143436,53,391235
16560,0.004996,172.217.27.0-255,1484,144920,53,391235
16561,0.006633,172.217.27.0-255,4320,149240,53,391235
16562,0.006641,172.31.46.0-255,66,149306,53,391235
16563,0.008333,172.217.27.0-255,5738,155044,53,391235
16564,0.008341,172.31.46.0-255,66,155110,53,391235
16565,0.010001,172.217.27.0-255,5738,160848,53,391235
16566,0.010009,172.31.46.0-255,66,160914,53,391235
16567,0.011667,172.217.27.0-255,5738,166652,53,391235
16568,0.011675,172.31.46.0-255,66,166718,53,391235
16569,0.013332,172.217.27.0-255,5738,172456,53,391235
16570,0.013339,172.31.46.0-255,66,172522,53,391235
16571,0.014998,172.217.27.0-255,5738,178260,53,391235
16572,0.015008,172.31.46.0-255,66,178326,53,391235
16573,0.016662,172.217.27.0-255,5738,184064,53,391235
16574,0.01667,172.31.46.0-255,66,184130,53,391235
16575,0.018335,172.217.27.0-255,5738,189868,53,391235
16576,0.018342,172.31.46.0-255,66,189934,53,391235
16577,0.020017,172.217.27.0-255,5738,195672,53,391235
16578,0.020025,172.31.46.0-255,66,195738,53,391235
16579,0.021679,172.217.27.0-255,5738,201476,53,391235
16580,0.021687,172.31.46.0-255,66,201542,53,391235
16581,0.023348,172.217.27.0-255,5738,207280,53,391235
16582,0.023355,172.31.46.0-255,66,207346,53,391235
16583,0.024885,172.31.46.0-255,172,207518,53,391235
16584,0.024917,172.31.46.0-255,1112,208630,53,391235
16585,0.024982,172.31.46.0-255,1514,210144,53,391235
16586,0.024983,172.31.46.0-255,1514,211658,53,391235
16587,0.02502,172.217.27.0-255,5738,217396,53,391235
16588,0.025024,172.31.46.0-255,66,217462,53,391235
16589,0.025029,172.31.46.0-255,702,218164,53,391235
16590,0.026436,104.244.42.0-255,66,218230,53,391235
16591,0.02652,104.244.42.0-255,66,218296,53,391235
16592,0.026525,104.244.42.0-255,66,218362,53,391235
16593,0.026572,104.244.42.0-255,66,218428,53,391235
16594,0.026732,172.217.27.0-255,5738,224166,53,391235
16595,0.026738,172.31.46.0-255,66,224232,53,391235
16596,0.028402,172.217.27.0-255,5738,229970,53,391235
16597,0.028409,172.31.46.0-255,66,230036,53,391235
16598,0.030074,172.217.27.0-255,5738,235774,53,391235
16599,0.03008,172.31.46.0-255,66,235840,53,391235
16600,0.031737,172.217.27.0-255,5738,241578,53,391235
16601,0.031743,172.31.46.0-255,66,241644,53,391235
16602,0.033412,172.217.27.0-255,5738,247382,53,391235
16603,0.033418,172.31.46.0-255,66,247448,53,391235
16604,0.035065,172.217.27.0-255,4320,251768,53,391235
16605,0.035071,172.31.46.0-255,66,251834,53,391235
16606,0.035083,172.217.27.0-255,1484,253318,53,391235
16607,0.036731,172.217.27.0-255,4320,257638,53,391235
16608,0.036737,172.31.46.0-255,66,257704,53,391235
16609,0.038402,172.217.27.0-255,5738,263442,53,391235
16610,0.038409,172.31.46.0-255,66,263508,53,391235
16611,0.040067,172.217.27.0-255,5738,269246,53,391235
16612,0.040074,172.31.46.0-255,66,269312,53,391235
16613,0.041733,172.217.27.0-255,5738,275050,53,391235
16614,0.04174,172.31.46.0-255,66,275116,53,391235
16615,0.043405,172.217.27.0-255,5738,280854,53,391235
16616,0.043412,172.31.46.0-255,66,280920,53,391235
16617,0.045069,172.217.27.0-255,5738,286658,53,391235
16618,0.045076,172.31.46.0-255,66,286724,53,391235
16619,0.046745,172.217.27.0-255,5738,292462,53,391235
16620,0.046752,172.31.46.0-255,66,292528,53,391235
16621,0.048425,172.217.27.0-255,5738,298266,53,391235
16622,0.048431,172.31.46.0-255,66,298332,53,391235
16623,0.050102,172.217.27.0-255,5738,304070,53,391235
16624,0.050109,172.31.46.0-255,66,304136,53,391235
16625,0.051824,172.217.27.0-255,5738,309874,53,391235
16626,0.05183,172.31.46.0-255,66,309940,53,391235
16627,0.053495,172.217.27.0-255,5738,315678,53,391235
16628,0.053503,172.31.46.0-255,66,315744,53,391235
16629,0.055156,172.217.27.0-255,5738,321482,53,391235
16630,0.055163,172.31.46.0-255,66,321548,53,391235
16631,0.056809,172.217.27.0-255,5738,327286,53,391235
16632,0.056816,172.31.46.0-255,66,327352,53,391235
16633,0.058472,172.217.27.0-255,5738,333090,53,391235
16634,0.058478,172.31.46.0-255,66,333156,53,391235
16635,0.060139,172.217.27.0-255,5738,338894,53,391235
16636,0.060146,172.31.46.0-255,66,338960,53,391235
16637,0.061801,172.217.27.0-255,5738,344698,53,391235
16638,0.061808,172.31.46.0-255,66,344764,53,391235
16639,0.063469,172.217.27.0-255,5738,350502,53,391235
16640,0.063476,172.31.46.0-255,66,350568,53,391235
16641,0.065126,172.217.27.0-255,5738,356306,53,391235
16642,0.065133,172.31.46.0-255,66,356372,53,391235
16643,0.066795,172.217.27.0-255,5738,362110,53,391235
16644,0.066801,172.31.46.0-255,66,362176,53,391235
16645,0.068467,172.217.27.0-255,5738,367914,53,391235
16646,0.068473,172.31.46.0-255,66,367980,53,391235
16647,0.070151,172.217.27.0-255,5738,373718,53,391235
16648,0.070158,172.31.46.0-255,66,373784,53,391235
16649,0.071831,172.217.27.0-255,5738,379522,53,391235
16650,0.071837,172.31.46.0-255,66,379588,53,391235
16651,0.0735,172.217.27.0-255,5738,385326,53,391235
16652,0.07351,172.31.46.0-255,66,385392,53,391235
16653,0.075176,172.217.27.0-255,5606,390998,53,391235
16654,0.075182,172.31.46.0-255,66,391064,53,391235
16655,0.075387,172.31.46.0-255,105,391169,53,391235
16656,0.07702,172.217.27.0-255,66,391235,53,391235
16657,0.0,172.217.27.0-255,300,300,53,359891
16658,1.5e-05,172.31.46.0-255,66,366,53,359891
16659,2.2e-05,172.217.27.0-255,1484,1850,53,359891
16660,2.5e-05,172.31.46.0-255,66,1916,53,359891
16661,3.2e-05,172.217.27.0-255,4320,6236,53,359891
16662,3.5e-05,172.31.46.0-255,66,6302,53,359891
16663,7.2e-05,172.31.46.0-255,66,6368,53,359891
16664,0.000125,172.217.27.0-255,1484,7852,53,359891
16665,0.000128,172.31.46.0-255,66,7918,53,359891
16666,0.000133,172.217.27.0-255,2902,10820,53,359891
16667,0.000135,172.31.46.0-255,66,10886,53,359891
16668,0.000157,172.217.27.0-255,2902,13788,53,359891
16669,0.000159,172.31.46.0-255,66,13854,53,359891
16670,0.000165,172.217.27.0-255,4320,18174,53,359891
16671,0.000167,172.31.46.0-255,66,18240,53,359891
16672,0.000257,172.217.27.0-255,5379,23619,53,359891
16673,0.000261,172.31.46.0-255,66,23685,53,359891
16674,0.000338,172.217.27.0-255,1484,25169,53,359891
16675,0.000341,172.31.46.0-255,66,25235,53,359891
16676,0.000345,172.217.27.0-255,1484,26719,53,359891
16677,0.000347,172.31.46.0-255,66,26785,53,359891
16678,0.00035,172.217.27.0-255,1484,28269,53,359891
16679,0.000353,172.31.46.0-255,66,28335,53,359891
16680,0.000376,172.217.27.0-255,1484,29819,53,359891
16681,0.000379,172.31.46.0-255,66,29885,53,359891
16682,0.000386,172.217.27.0-255,5738,35623,53,359891
16683,0.000388,172.31.46.0-255,66,35689,53,359891
16684,0.000393,172.217.27.0-255,2902,38591,53,359891
16685,0.000395,172.31.46.0-255,66,38657,53,359891
16686,0.000433,172.31.46.0-255,66,38723,53,359891
16687,0.000444,172.31.46.0-255,66,38789,53,359891
16688,0.000447,172.217.27.0-255,395,39184,53,359891
16689,0.000868,172.217.27.0-255,348,39532,53,359891
16690,0.001086,172.31.46.0-255,66,39598,53,359891
16691,0.001105,172.217.27.0-255,1484,41082,53,359891
16692,0.001181,172.217.27.0-255,1484,42566,53,359891
16693,0.001186,172.31.46.0-255,66,42632,53,359891
16694,0.001198,172.217.27.0-255,1484,44116,53,359891
16695,0.001233,172.217.27.0-255,1484,45600,53,359891
16696,0.001238,172.31.46.0-255,66,45666,53,359891
16697,0.001248,172.217.27.0-255,2902,48568,53,359891
16698,0.00125,172.31.46.0-255,66,48634,53,359891
16699,0.001257,172.217.27.0-255,4320,52954,53,359891
16700,0.001259,172.31.46.0-255,66,53020,53,359891
16701,0.001275,172.217.27.0-255,1484,54504,53,359891
16702,0.00128,172.217.27.0-255,2543,57047,53,359891
16703,0.001283,172.31.46.0-255,66,57113,53,359891
16704,0.001287,172.217.27.0-255,2902,60015,53,359891
16705,0.001289,172.31.46.0-255,66,60081,53,359891
16706,0.001319,172.217.27.0-255,7156,67237,53,359891
16707,0.001323,172.31.46.0-255,66,67303,53,359891
16708,0.00133,172.217.27.0-255,6797,74100,53,359891
16709,0.001332,172.31.46.0-255,66,74166,53,359891
16710,0.001447,172.217.27.0-255,1484,75650,53,359891
16711,0.00147,172.217.27.0-255,2902,78552,53,359891
16712,0.001474,172.31.46.0-255,66,78618,53,359891
16713,0.001481,172.217.27.0-255,5738,84356,53,359891
16714,0.001484,172.31.46.0-255,66,84422,53,359891
16715,0.001491,172.217.27.0-255,7156,91578,53,359891
16716,0.001493,172.31.46.0-255,66,91644,53,359891
16717,0.001496,172.217.27.0-255,1484,93128,53,359891
16718,0.001532,172.31.46.0-255,66,93194,53,359891
16719,0.001537,172.217.27.0-255,2184,95378,53,359891
16720,0.001539,172.31.46.0-255,66,95444,53,359891
16721,0.00317,172.217.27.0-255,5738,101182,53,359891
16722,0.003182,172.31.46.0-255,66,101248,53,359891
16723,0.004883,172.217.27.0-255,5738,106986,53,359891
16724,0.004892,172.31.46.0-255,66,107052,53,359891
16725,0.006527,172.217.27.0-255,5738,112790,53,359891
16726,0.006533,172.31.46.0-255,66,112856,53,359891
16727,0.008167,172.217.27.0-255,5738,118594,53,359891
16728,0.008174,172.31.46.0-255,66,118660,53,359891
16729,0.009808,172.217.27.0-255,5738,124398,53,359891
16730,0.009815,172.31.46.0-255,66,124464,53,359891
16731,0.011479,172.217.27.0-255,5738,130202,53,359891
16732,0.011489,172.31.46.0-255,66,130268,53,359891
16733,0.013139,172.217.27.0-255,5738,136006,53,359891
16734,0.01315,172.31.46.0-255,66,136072,53,359891
16735,0.014805,172.217.27.0-255,5738,141810,53,359891
16736,0.014814,172.31.46.0-255,66,141876,53,359891
16737,0.016456,172.217.27.0-255,5738,147614,53,359891
16738,0.016468,172.31.46.0-255,66,147680,53,359891
16739,0.018122,172.217.27.0-255,5738,153418,53,359891
16740,0.018136,172.31.46.0-255,66,153484,53,359891
16741,0.019784,172.217.27.0-255,5738,159222,53,359891
16742,0.019796,172.31.46.0-255,66,159288,53,359891
16743,0.021446,172.217.27.0-255,5738,165026,53,359891
16744,0.021458,172.31.46.0-255,66,165092,53,359891
16745,0.023108,172.217.27.0-255,5738,170830,53,359891
16746,0.023124,172.31.46.0-255,66,170896,53,359891
16747,0.024769,172.217.27.0-255,5738,176634,53,359891
16748,0.024778,172.31.46.0-255,66,176700,53,359891
16749,0.02641,172.217.27.0-255,5738,182438,53,359891
16750,0.026416,172.31.46.0-255,66,182504,53,359891
16751,0.028048,172.217.27.0-255,5738,188242,53,359891
16752,0.028055,172.31.46.0-255,66,188308,53,359891
16753,0.029693,172.217.27.0-255,5738,194046,53,359891
16754,0.029703,172.31.46.0-255,66,194112,53,359891
16755,0.031344,172.217.27.0-255,5738,199850,53,359891
16756,0.031353,172.31.46.0-255,66,199916,53,359891
16757,0.032987,172.217.27.0-255,5738,205654,53,359891
16758,0.032996,172.31.46.0-255,66,205720,53,359891
16759,0.034634,172.217.27.0-255,5738,211458,53,359891
16760,0.034642,172.31.46.0-255,66,211524,53,359891
16761,0.036287,172.217.27.0-255,5738,217262,53,359891
16762,0.036298,172.31.46.0-255,66,217328,53,359891
16763,0.036523,172.31.46.0-255,192,217520,53,359891
16764,0.03655,172.31.46.0-255,953,218473,53,359891
16765,0.036655,172.31.46.0-255,1514,219987,53,359891
16766,0.036657,172.31.46.0-255,1450,221437,53,359891
16767,0.03794,172.217.27.0-255,5738,227175,53,359891
16768,0.037951,172.31.46.0-255,66,227241,53,359891
16769,0.038075,104.244.42.0-255,66,227307,53,359891
16770,0.038083,104.244.42.0-255,66,227373,53,359891
16771,0.038266,104.244.42.0-255,66,227439,53,359891
16772,0.039583,172.217.27.0-255,5738,233177,53,359891
16773,0.039592,172.31.46.0-255,66,233243,53,359891
16774,0.041231,172.217.27.0-255,5738,238981,53,359891
16775,0.041237,172.31.46.0-255,66,239047,53,359891
16776,0.042876,172.217.27.0-255,5738,244785,53,359891
16777,0.042883,172.31.46.0-255,66,244851,53,359891
16778,0.044518,172.217.27.0-255,5738,250589,53,359891
16779,0.044524,172.31.46.0-255,66,250655,53,359891
16780,0.046163,172.217.27.0-255,5738,256393,53,359891
16781,0.046169,172.31.46.0-255,66,256459,53,359891
16782,0.047805,172.217.27.0-255,5738,262197,53,359891
16783,0.047811,172.31.46.0-255,66,262263,53,359891
16784,0.049456,172.217.27.0-255,5738,268001,53,359891
16785,0.049463,172.31.46.0-255,66,268067,53,359891
16786,0.051106,172.217.27.0-255,5738,273805,53,359891
16787,0.051113,172.31.46.0-255,66,273871,53,359891
16788,0.052791,172.217.27.0-255,5738,279609,53,359891
16789,0.052798,172.31.46.0-255,66,279675,53,359891
16790,0.054439,172.217.27.0-255,5738,285413,53,359891
16791,0.054445,172.31.46.0-255,66,285479,53,359891
16792,0.056087,172.217.27.0-255,5738,291217,53,359891
16793,0.056093,172.31.46.0-255,66,291283,53,359891
16794,0.057737,172.217.27.0-255,5738,297021,53,359891
16795,0.057744,172.31.46.0-255,66,297087,53,359891
16796,0.059375,172.217.27.0-255,5738,302825,53,359891
16797,0.059381,172.31.46.0-255,66,302891,53,359891
16798,0.061024,172.217.27.0-255,5738,308629,53,359891
16799,0.061031,172.31.46.0-255,66,308695,53,359891
16800,0.062682,172.217.27.0-255,5738,314433,53,359891
16801,0.062688,172.31.46.0-255,66,314499,53,359891
16802,0.064328,172.217.27.0-255,5738,320237,53,359891
16803,0.064334,172.31.46.0-255,66,320303,53,359891
16804,0.065966,172.217.27.0-255,5738,326041,53,359891
16805,0.065972,172.31.46.0-255,66,326107,53,359891
16806,0.06761,172.217.27.0-255,5738,331845,53,359891
16807,0.067616,172.31.46.0-255,66,331911,53,359891
16808,0.069246,172.217.27.0-255,5738,337649,53,359891
16809,0.069253,172.31.46.0-255,66,337715,53,359891
16810,0.070896,172.217.27.0-255,5738,343453,53,359891
16811,0.070902,172.31.46.0-255,66,343519,53,359891
16812,0.072536,172.217.27.0-255,5738,349257,53,359891
16813,0.072543,172.31.46.0-255,66,349323,53,359891
16814,0.074204,172.217.27.0-255,5738,355061,53,359891
16815,0.074211,172.31.46.0-255,66,355127,53,359891
16816,0.075854,172.217.27.0-255,4527,359654,53,359891
16817,0.075861,172.31.46.0-255,66,359720,53,359891
16818,0.076051,172.31.46.0-255,105,359825,53,359891
16819,0.07766,172.217.27.0-255,66,359891,53,359891
16820,0.0,172.217.194.0-255,153,153,53,217328
16821,1.3e-05,172.31.46.0-255,66,219,53,217328
16822,1.9e-05,172.217.194.0-255,1484,1703,53,217328
16823,2.4e-05,172.31.46.0-255,66,1769,53,217328
16824,3e-05,172.217.194.0-255,2902,4671,53,217328
16825,3.4e-05,172.31.46.0-255,66,4737,53,217328
16826,4.1e-05,172.217.194.0-255,7156,11893,53,217328
16827,4.5e-05,172.31.46.0-255,66,11959,53,217328
16828,5.1e-05,172.217.194.0-255,4870,16829,53,217328
16829,5.5e-05,172.31.46.0-255,66,16895,53,217328
16830,8.7e-05,172.31.46.0-255,66,16961,53,217328
16831,0.000107,172.217.194.0-255,5379,22340,53,217328
16832,0.000109,172.31.46.0-255,66,22406,53,217328
16833,0.000167,172.217.194.0-255,1484,23890,53,217328
16834,0.00017,172.31.46.0-255,66,23956,53,217328
16835,0.000176,172.217.194.0-255,2902,26858,53,217328
16836,0.000178,172.31.46.0-255,66,26924,53,217328
16837,0.000181,172.217.194.0-255,1484,28408,53,217328
16838,0.000184,172.31.46.0-255,66,28474,53,217328
16839,0.000206,172.217.194.0-255,4320,32794,53,217328
16840,0.000209,172.31.46.0-255,66,32860,53,217328
16841,0.000216,172.217.194.0-255,6797,39657,53,217328
16842,0.000218,172.31.46.0-255,66,39723,53,217328
16843,0.000256,172.31.46.0-255,66,39789,53,217328
16844,0.000294,172.217.194.0-255,2815,42604,53,217328
16845,0.000297,172.31.46.0-255,66,42670,53,217328
16846,0.000371,172.217.194.0-255,404,43074,53,217328
16847,0.000374,172.31.46.0-255,66,43140,53,217328
16848,0.000431,172.217.194.0-255,1484,44624,53,217328
16849,0.000434,172.31.46.0-255,66,44690,53,217328
16850,0.000448,172.217.194.0-255,1484,46174,53,217328
16851,0.000466,172.217.194.0-255,1484,47658,53,217328
16852,0.000473,172.217.194.0-255,5738,53396,53,217328
16853,0.000518,172.217.194.0-255,6249,59645,53,217328
16854,0.000567,172.31.46.0-255,66,59711,53,217328
16855,0.000819,172.217.194.0-255,1484,61195,53,217328
16856,0.000835,172.217.194.0-255,2902,64097,53,217328
16857,0.000851,172.217.194.0-255,4320,68417,53,217328
16858,0.000854,172.31.46.0-255,66,68483,53,217328
16859,0.000859,172.31.46.0-255,66,68549,53,217328
16860,0.000874,172.217.194.0-255,1484,70033,53,217328
16861,0.000877,172.217.194.0-255,1484,71517,53,217328
16862,0.0009,172.31.46.0-255,66,71583,53,217328
16863,0.000915,172.217.194.0-255,7156,78739,53,217328
16864,0.000935,172.217.194.0-255,6438,85177,53,217328
16865,0.000947,172.31.46.0-255,66,85243,53,217328
16866,0.000995,172.217.194.0-255,1484,86727,53,217328
16867,0.000999,172.217.194.0-255,1484,88211,53,217328
16868,0.001009,172.217.194.0-255,1484,89695,53,217328
16869,0.001016,172.217.194.0-255,5738,95433,53,217328
16870,0.001038,172.31.46.0-255,66,95499,53,217328
16871,0.001048,172.217.194.0-255,5738,101237,53,217328
16872,0.001053,172.31.46.0-255,66,101303,53,217328
16873,0.001071,172.217.194.0-255,7156,108459,53,217328
16874,0.001076,172.217.194.0-255,4320,112779,53,217328
16875,0.001097,172.217.194.0-255,5738,118517,53,217328
16876,0.001099,172.217.194.0-255,766,119283,53,217328
16877,0.001102,172.31.46.0-255,66,119349,53,217328
16878,0.001107,172.31.46.0-255,66,119415,53,217328
16879,0.001132,172.217.194.0-255,1484,120899,53,217328
16880,0.001149,172.217.194.0-255,4320,125219,53,217328
16881,0.001175,172.217.194.0-255,1484,126703,53,217328
16882,0.001177,172.31.46.0-255,66,126769,53,217328
16883,0.001205,172.217.194.0-255,1484,128253,53,217328
16884,0.001229,172.217.194.0-255,2184,130437,53,217328
16885,0.001238,172.31.46.0-255,66,130503,53,217328
16886,0.001328,172.217.194.0-255,1484,131987,53,217328
16887,0.001341,172.217.194.0-255,2902,134889,53,217328
16888,0.001352,172.31.46.0-255,66,134955,53,217328
16889,0.001359,172.217.194.0-255,5738,140693,53,217328
16890,0.001365,172.217.194.0-255,4320,145013,53,217328
16891,0.001386,172.31.46.0-255,66,145079,53,217328
16892,0.001438,172.217.194.0-255,3602,148681,53,217328
16893,0.001445,172.31.46.0-255,66,148747,53,217328
16894,0.001784,172.217.194.0-255,1484,150231,53,217328
16895,0.001791,172.217.194.0-255,2902,153133,53,217328
16896,0.001794,172.31.46.0-255,66,153199,53,217328
16897,0.0018,172.217.194.0-255,4320,157519,53,217328
16898,0.001813,172.217.194.0-255,1484,159003,53,217328
16899,0.001817,172.217.194.0-255,1484,160487,53,217328
16900,0.001822,172.31.46.0-255,66,160553,53,217328
16901,0.001856,172.31.46.0-255,66,160619,53,217328
16902,0.001881,172.217.194.0-255,4320,164939,53,217328
16903,0.001886,172.31.46.0-255,66,165005,53,217328
16904,0.001909,172.217.194.0-255,6438,171443,53,217328
16905,0.001922,172.31.46.0-255,66,171509,53,217328
16906,0.001993,172.217.194.0-255,1484,172993,53,217328
16907,0.001999,172.217.194.0-255,2902,175895,53,217328
16908,0.002047,172.217.194.0-255,4320,180215,53,217328
16909,0.002061,172.31.46.0-255,66,180281,53,217328
16910,0.002064,172.217.194.0-255,1484,181765,53,217328
16911,0.00207,172.217.194.0-255,5738,187503,53,217328
16912,0.002086,172.217.194.0-255,5020,192523,53,217328
16913,0.0021,172.31.46.0-255,66,192589,53,217328
16914,0.002131,172.217.194.0-255,4320,196909,53,217328
16915,0.002136,172.217.194.0-255,2902,199811,53,217328
16916,0.002142,172.31.46.0-255,66,199877,53,217328
16917,0.002157,172.217.194.0-255,2902,202779,53,217328
16918,0.00218,172.31.46.0-255,66,202845,53,217328
16919,0.002216,172.217.194.0-255,3602,206447,53,217328
16920,0.00224,172.31.46.0-255,66,206513,53,217328
16921,0.002267,172.217.194.0-255,1484,207997,53,217328
16922,0.002273,172.31.46.0-255,66,208063,53,217328
16923,0.002337,172.31.46.0-255,66,208129,53,217328
16924,0.004648,172.217.194.0-255,4508,212637,53,217328
16925,0.006863,172.31.46.0-255,66,212703,53,217328
16926,0.007439,172.31.46.0-255,101,212804,53,217328
16927,0.009042,172.31.46.0-255,105,212909,53,217328
16928,0.009752,172.217.194.0-255,66,212975,53,217328
16929,0.01133,172.217.194.0-255,66,213041,53,217328
16930,0.036183,172.31.46.0-255,172,213213,53,217328
16931,0.036216,172.31.46.0-255,1112,214325,53,217328
16932,0.036285,172.31.46.0-255,1514,215839,53,217328
16933,0.036287,172.31.46.0-255,1291,217130,53,217328
16934,0.037736,104.244.42.0-255,66,217196,53,217328
16935,0.037767,104.244.42.0-255,66,217262,53,217328
16936,0.037833,104.244.42.0-255,66,217328,53,217328
16937,0.0,172.217.194.0-255,146,146,53,318717
16938,2.1e-05,172.31.46.0-255,66,212,53,318717
16939,2.8e-05,172.217.194.0-255,1484,1696,53,318717
16940,3.1e-05,172.31.46.0-255,66,1762,53,318717
16941,3.6e-05,172.217.194.0-255,2902,4664,53,318717
16942,4.6e-05,172.31.46.0-255,66,4730,53,318717
16943,5.3e-05,172.217.194.0-255,7156,11886,53,318717
16944,5.6e-05,172.31.46.0-255,66,11952,53,318717
16945,6e-05,172.217.194.0-255,2902,14854,53,318717
16946,6.3e-05,172.31.46.0-255,66,14920,53,318717
16947,8.8e-05,172.217.194.0-255,4948,19868,53,318717
16948,9.1e-05,172.31.46.0-255,66,19934,53,318717
16949,9.6e-05,172.217.194.0-255,4320,24254,53,318717
16950,9.8e-05,172.31.46.0-255,66,24320,53,318717
16951,0.000128,172.217.194.0-255,6797,31117,53,318717
16952,0.000131,172.31.46.0-255,66,31183,53,318717
16953,0.000249,172.217.194.0-255,1484,32667,53,318717
16954,0.000253,172.31.46.0-255,66,32733,53,318717
16955,0.000258,172.217.194.0-255,2902,35635,53,318717
16956,0.00026,172.31.46.0-255,66,35701,53,318717
16957,0.000287,172.217.194.0-255,4320,40021,53,318717
16958,0.00029,172.31.46.0-255,66,40087,53,318717
16959,0.000296,172.217.194.0-255,5738,45825,53,318717
16960,0.000298,172.31.46.0-255,66,45891,53,318717
16961,0.000331,172.217.194.0-255,2902,48793,53,318717
16962,0.000333,172.31.46.0-255,66,48859,53,318717
16963,0.000363,172.217.194.0-255,6797,55656,53,318717
16964,0.000365,172.31.46.0-255,66,55722,53,318717
16965,0.000376,172.31.46.0-255,66,55788,53,318717
16966,0.000378,172.217.194.0-255,116,55904,53,318717
16967,0.00038,172.31.46.0-255,66,55970,53,318717
16968,0.000383,172.217.194.0-255,384,56354,53,318717
16969,0.000471,172.217.194.0-255,1484,57838,53,318717
16970,0.000474,172.31.46.0-255,66,57904,53,318717
16971,0.0005,172.217.194.0-255,2902,60806,53,318717
16972,0.000503,172.31.46.0-255,66,60872,53,318717
16973,0.000509,172.217.194.0-255,5738,66610,53,318717
16974,0.000511,172.31.46.0-255,66,66676,53,318717
16975,0.000554,172.31.46.0-255,66,66742,53,318717
16976,0.000565,172.31.46.0-255,66,66808,53,318717
16977,0.001048,172.217.194.0-255,1484,68292,53,318717
16978,0.001055,172.217.194.0-255,2902,71194,53,318717
16979,0.001059,172.31.46.0-255,66,71260,53,318717
16980,0.001064,172.217.194.0-255,2902,74162,53,318717
16981,0.001067,172.31.46.0-255,66,74228,53,318717
16982,0.001091,172.217.194.0-255,2902,77130,53,318717
16983,0.001094,172.31.46.0-255,66,77196,53,318717
16984,0.001125,172.217.194.0-255,4320,81516,53,318717
16985,0.001127,172.31.46.0-255,66,81582,53,318717
16986,0.001165,172.31.46.0-255,66,81648,53,318717
16987,0.001178,172.31.46.0-255,66,81714,53,318717
16988,0.00172,172.217.194.0-255,1484,83198,53,318717
16989,0.001726,172.217.194.0-255,2902,86100,53,318717
16990,0.001729,172.31.46.0-255,66,86166,53,318717
16991,0.001737,172.217.194.0-255,4320,90486,53,318717
16992,0.001739,172.31.46.0-255,66,90552,53,318717
16993,0.00177,172.217.194.0-255,1484,92036,53,318717
16994,0.001781,172.31.46.0-255,66,92102,53,318717
16995,0.001813,172.217.194.0-255,7156,99258,53,318717
16996,0.001816,172.31.46.0-255,66,99324,53,318717
16997,0.001849,172.31.46.0-255,66,99390,53,318717
16998,0.001853,172.217.194.0-255,1484,100874,53,318717
16999,0.001857,172.217.194.0-255,2902,103776,53,318717
17000,0.001859,172.31.46.0-255,66,103842,53,318717
17001,0.001895,172.217.194.0-255,5738,109580,53,318717
17002,0.001909,172.217.194.0-255,1484,111064,53,318717
17003,0.001916,172.31.46.0-255,66,111130,53,318717
17004,0.001923,172.31.46.0-255,66,111196,53,318717
17005,0.001969,172.217.194.0-255,5738,116934,53,318717
17006,0.001973,172.31.46.0-255,66,117000,53,318717
17007,0.002,172.217.194.0-255,3602,120602,53,318717
17008,0.002003,172.31.46.0-255,66,120668,53,318717
17009,0.00402,172.217.194.0-255,1484,122152,53,318717
17010,0.004063,172.217.194.0-255,2902,125054,53,318717
17011,0.004067,172.31.46.0-255,66,125120,53,318717
17012,0.004088,172.217.194.0-255,1484,126604,53,318717
17013,0.0061,172.217.194.0-255,4320,130924,53,318717
17014,0.006103,172.31.46.0-255,66,130990,53,318717
17015,0.008135,172.217.194.0-255,5738,136728,53,318717
17016,0.008141,172.31.46.0-255,66,136794,53,318717
17017,0.010185,172.217.194.0-255,5738,142532,53,318717
17018,0.010192,172.31.46.0-255,66,142598,53,318717
17019,0.012217,172.217.194.0-255,5738,148336,53,318717
17020,0.012224,172.31.46.0-255,66,148402,53,318717
17021,0.014235,172.217.194.0-255,5738,154140,53,318717
17022,0.014246,172.31.46.0-255,66,154206,53,318717
17023,0.016282,172.217.194.0-255,5738,159944,53,318717
17024,0.016289,172.31.46.0-255,66,160010,53,318717
17025,0.018305,172.217.194.0-255,5738,165748,53,318717
17026,0.018312,172.31.46.0-255,66,165814,53,318717
17027,0.020361,172.217.194.0-255,5738,171552,53,318717
17028,0.020368,172.31.46.0-255,66,171618,53,318717
17029,0.022391,172.217.194.0-255,5738,177356,53,318717
17030,0.022399,172.31.46.0-255,66,177422,53,318717
17031,0.024432,172.217.194.0-255,5738,183160,53,318717
17032,0.02444,172.31.46.0-255,66,183226,53,318717
17033,0.02647,172.217.194.0-255,5738,188964,53,318717
17034,0.026476,172.31.46.0-255,66,189030,53,318717
17035,0.027091,172.31.46.0-255,188,189218,53,318717
17036,0.027118,172.31.46.0-255,953,190171,53,318717
17037,0.027166,172.31.46.0-255,1514,191685,53,318717
17038,0.027167,172.31.46.0-255,1450,193135,53,318717
17039,0.028518,172.217.194.0-255,5738,198873,53,318717
17040,0.028524,172.31.46.0-255,66,198939,53,318717
17041,0.028651,104.244.42.0-255,66,199005,53,318717
17042,0.028656,104.244.42.0-255,66,199071,53,318717
17043,0.028755,104.244.42.0-255,66,199137,53,318717
17044,0.03057,172.217.194.0-255,5738,204875,53,318717
17045,0.030576,172.31.46.0-255,66,204941,53,318717
17046,0.032611,172.217.194.0-255,5738,210679,53,318717
17047,0.032617,172.31.46.0-255,66,210745,53,318717
17048,0.034669,172.217.194.0-255,5738,216483,53,318717
17049,0.034675,172.31.46.0-255,66,216549,53,318717
17050,0.03674,172.217.194.0-255,5738,222287,53,318717
17051,0.036746,172.31.46.0-255,66,222353,53,318717
17052,0.038768,172.217.194.0-255,5738,228091,53,318717
17053,0.038774,172.31.46.0-255,66,228157,53,318717
17054,0.040797,172.217.194.0-255,5738,233895,53,318717
17055,0.040803,172.31.46.0-255,66,233961,53,318717
17056,0.042849,172.217.194.0-255,5738,239699,53,318717
17057,0.042859,172.31.46.0-255,66,239765,53,318717
17058,0.044887,172.217.194.0-255,5738,245503,53,318717
17059,0.044895,172.31.46.0-255,66,245569,53,318717
17060,0.046959,172.217.194.0-255,5738,251307,53,318717
17061,0.046965,172.31.46.0-255,66,251373,53,318717
17062,0.049011,172.217.194.0-255,5738,257111,53,318717
17063,0.049016,172.31.46.0-255,66,257177,53,318717
17064,0.051041,172.217.194.0-255,5738,262915,53,318717
17065,0.051046,172.31.46.0-255,66,262981,53,318717
17066,0.053083,172.217.194.0-255,5738,268719,53,318717
17067,0.05309,172.31.46.0-255,66,268785,53,318717
17068,0.055125,172.217.194.0-255,5738,274523,53,318717
17069,0.05513,172.31.46.0-255,66,274589,53,318717
17070,0.057182,172.217.194.0-255,5738,280327,53,318717
17071,0.057188,172.31.46.0-255,66,280393,53,318717
17072,0.059231,172.217.194.0-255,5738,286131,53,318717
17073,0.059237,172.31.46.0-255,66,286197,53,318717
17074,0.06127,172.217.194.0-255,5738,291935,53,318717
17075,0.061276,172.31.46.0-255,66,292001,53,318717
17076,0.063319,172.217.194.0-255,5738,297739,53,318717
17077,0.063326,172.31.46.0-255,66,297805,53,318717
17078,0.065373,172.217.194.0-255,5738,303543,53,318717
17079,0.065379,172.31.46.0-255,66,303609,53,318717
17080,0.067431,172.217.194.0-255,5738,309347,53,318717
17081,0.06744,172.31.46.0-255,66,309413,53,318717
17082,0.06948,172.217.194.0-255,5738,315151,53,318717
17083,0.06949,172.31.46.0-255,66,315217,53,318717
17084,0.071525,172.217.194.0-255,3263,318480,53,318717
17085,0.071532,172.31.46.0-255,66,318546,53,318717
17086,0.071705,172.31.46.0-255,105,318651,53,318717
17087,0.073685,172.217.194.0-255,66,318717,53,318717
17088,0.0,74.125.24.0-255,152,152,53,274748
17089,1.5e-05,172.31.46.0-255,66,218,53,274748
17090,2.2e-05,74.125.24.0-255,1484,1702,53,274748
17091,2.6e-05,172.31.46.0-255,66,1768,53,274748
17092,3.1e-05,74.125.24.0-255,2902,4670,53,274748
17093,4.2e-05,172.31.46.0-255,66,4736,53,274748
17094,4.8e-05,74.125.24.0-255,4320,9056,53,274748
17095,5e-05,172.31.46.0-255,66,9122,53,274748
17096,9.1e-05,74.125.24.0-255,4975,14097,53,274748
17097,9.5e-05,172.31.46.0-255,66,14163,53,274748
17098,0.000107,74.125.24.0-255,2902,17065,53,274748
17099,0.000113,172.31.46.0-255,66,17131,53,274748
17100,0.000136,74.125.24.0-255,2902,20033,53,274748
17101,0.000138,172.31.46.0-255,66,20099,53,274748
17102,0.000146,74.125.24.0-255,7156,27255,53,274748
17103,0.000148,172.31.46.0-255,66,27321,53,274748
17104,0.000178,74.125.24.0-255,3961,31282,53,274748
17105,0.000181,172.31.46.0-255,66,31348,53,274748
17106,0.000225,74.125.24.0-255,1484,32832,53,274748
17107,0.000228,172.31.46.0-255,66,32898,53,274748
17108,0.000256,74.125.24.0-255,2902,35800,53,274748
17109,0.000259,172.31.46.0-255,66,35866,53,274748
17110,0.000265,74.125.24.0-255,5738,41604,53,274748
17111,0.000267,172.31.46.0-255,66,41670,53,274748
17112,0.000316,172.31.46.0-255,66,41736,53,274748
17113,0.000326,172.31.46.0-255,66,41802,53,274748
17114,0.000358,74.125.24.0-255,1420,43222,53,274748
17115,0.000361,172.31.46.0-255,66,43288,53,274748
17116,0.000397,74.125.24.0-255,383,43671,53,274748
17117,0.0004,172.31.46.0-255,66,43737,53,274748
17118,0.000646,74.125.24.0-255,1484,45221,53,274748
17119,0.000673,74.125.24.0-255,2902,48123,53,274748
17120,0.000678,172.31.46.0-255,66,48189,53,274748
17121,0.000685,74.125.24.0-255,5738,53927,53,274748
17122,0.000687,172.31.46.0-255,66,53993,53,274748
17123,0.000707,172.31.46.0-255,66,54059,53,274748
17124,0.000715,74.125.24.0-255,7156,61215,53,274748
17125,0.000718,172.31.46.0-255,66,61281,53,274748
17126,0.000771,74.125.24.0-255,3602,64883,53,274748
17127,0.000773,172.31.46.0-255,66,64949,53,274748
17128,0.000853,74.125.24.0-255,1484,66433,53,274748
17129,0.000858,74.125.24.0-255,2902,69335,53,274748
17130,0.000863,172.31.46.0-255,66,69401,53,274748
17131,0.000893,74.125.24.0-255,5738,75139,53,274748
17132,0.000896,172.31.46.0-255,66,75205,53,274748
17133,0.00091,172.31.46.0-255,66,75271,53,274748
17134,0.000921,172.31.46.0-255,66,75337,53,274748
17135,0.000948,74.125.24.0-255,2184,77521,53,274748
17136,0.000951,172.31.46.0-255,66,77587,53,274748
17137,0.000978,74.125.24.0-255,2902,80489,53,274748
17138,0.000981,172.31.46.0-255,66,80555,53,274748
17139,0.000989,74.125.24.0-255,7156,87711,53,274748
17140,0.000991,172.31.46.0-255,66,87777,53,274748
17141,0.001023,172.31.46.0-255,66,87843,53,274748
17142,0.001046,74.125.24.0-255,5738,93581,53,274748
17143,0.001049,172.31.46.0-255,66,93647,53,274748
17144,0.001052,74.125.24.0-255,1484,95131,53,274748
17145,0.001057,74.125.24.0-255,2902,98033,53,274748
17146,0.001059,172.31.46.0-255,66,98099,53,274748
17147,0.001088,74.125.24.0-255,3602,101701,53,274748
17148,0.001092,172.31.46.0-255,66,101767,53,274748
17149,0.001116,74.125.24.0-255,1484,103251,53,274748
17150,0.00112,74.125.24.0-255,1484,104735,53,274748
17151,0.001122,172.31.46.0-255,66,104801,53,274748
17152,0.001154,74.125.24.0-255,1484,106285,53,274748
17153,0.001162,74.125.24.0-255,5738,112023,53,274748
17154,0.001164,172.31.46.0-255,66,112089,53,274748
17155,0.00118,172.31.46.0-255,66,112155,53,274748
17156,0.001208,74.125.24.0-255,4320,116475,53,274748
17157,0.001212,172.31.46.0-255,66,116541,53,274748
17158,0.00125,172.31.46.0-255,66,116607,53,274748
17159,0.001254,74.125.24.0-255,2902,119509,53,274748
17160,0.001257,172.31.46.0-255,66,119575,53,274748
17161,0.00126,74.125.24.0-255,1484,121059,53,274748
17162,0.001294,74.125.24.0-255,2902,123961,53,274748
17163,0.001298,172.31.46.0-255,66,124027,53,274748
17164,0.001309,172.31.46.0-255,66,124093,53,274748
17165,0.001316,74.125.24.0-255,7156,131249,53,274748
17166,0.001318,172.31.46.0-255,66,131315,53,274748
17167,0.001356,74.125.24.0-255,7156,138471,53,274748
17168,0.00136,172.31.46.0-255,66,138537,53,274748
17169,0.001365,74.125.24.0-255,3602,142139,53,274748
17170,0.001367,172.31.46.0-255,66,142205,53,274748
17171,0.001479,74.125.24.0-255,1484,143689,53,274748
17172,0.001486,74.125.24.0-255,2902,146591,53,274748
17173,0.001489,172.31.46.0-255,66,146657,53,274748
17174,0.00152,74.125.24.0-255,5738,152395,53,274748
17175,0.001522,172.31.46.0-255,66,152461,53,274748
17176,0.001543,74.125.24.0-255,7156,159617,53,274748
17177,0.001545,172.31.46.0-255,66,159683,53,274748
17178,0.001586,172.31.46.0-255,66,159749,53,274748
17179,0.001611,74.125.24.0-255,2184,161933,53,274748
17180,0.001614,172.31.46.0-255,66,161999,53,274748
17181,0.002061,74.125.24.0-255,1484,163483,53,274748
17182,0.002067,74.125.24.0-255,2902,166385,53,274748
17183,0.00207,172.31.46.0-255,66,166451,53,274748
17184,0.002102,74.125.24.0-255,5738,172189,53,274748
17185,0.002105,172.31.46.0-255,66,172255,53,274748
17186,0.002116,172.31.46.0-255,66,172321,53,274748
17187,0.004198,74.125.24.0-255,5738,178059,53,274748
17188,0.004206,172.31.46.0-255,66,178125,53,274748
17189,0.006301,74.125.24.0-255,5738,183863,53,274748
17190,0.00631,172.31.46.0-255,66,183929,53,274748
17191,0.008377,74.125.24.0-255,5738,189667,53,274748
17192,0.008382,172.31.46.0-255,66,189733,53,274748
17193,0.010469,74.125.24.0-255,4320,194053,53,274748
17194,0.010475,172.31.46.0-255,66,194119,53,274748
17195,0.010501,74.125.24.0-255,1484,195603,53,274748
17196,0.01257,74.125.24.0-255,4320,199923,53,274748
17197,0.012578,172.31.46.0-255,66,199989,53,274748
17198,0.014667,74.125.24.0-255,5738,205727,53,274748
17199,0.014673,172.31.46.0-255,66,205793,53,274748
17200,0.016731,74.125.24.0-255,5738,211531,53,274748
17201,0.016738,172.31.46.0-255,66,211597,53,274748
17202,0.018817,74.125.24.0-255,5738,217335,53,274748
17203,0.018823,172.31.46.0-255,66,217401,53,274748
17204,0.020901,74.125.24.0-255,5738,223139,53,274748
17205,0.020909,172.31.46.0-255,66,223205,53,274748
17206,0.022989,74.125.24.0-255,5738,228943,53,274748
17207,0.022997,172.31.46.0-255,66,229009,53,274748
17208,0.025077,74.125.24.0-255,5738,234747,53,274748
17209,0.025086,172.31.46.0-255,66,234813,53,274748
17210,0.02717,74.125.24.0-255,5738,240551,53,274748
17211,0.027176,172.31.46.0-255,66,240617,53,274748
17212,0.029261,74.125.24.0-255,5738,246355,53,274748
17213,0.029269,172.31.46.0-255,66,246421,53,274748
17214,0.031361,74.125.24.0-255,5738,252159,53,274748
17215,0.031368,172.31.46.0-255,66,252225,53,274748
17216,0.033441,74.125.24.0-255,5738,257963,53,274748
17217,0.033451,172.31.46.0-255,66,258029,53,274748
17218,0.035507,74.125.24.0-255,5738,263767,53,274748
17219,0.035514,172.31.46.0-255,66,263833,53,274748
17220,0.037602,74.125.24.0-255,5500,269333,53,274748
17221,0.037609,172.31.46.0-255,66,269399,53,274748
17222,0.037795,172.31.46.0-255,105,269504,53,274748
17223,0.039844,74.125.24.0-255,66,269570,53,274748
17224,0.042397,172.31.46.0-255,181,269751,53,274748
17225,0.042426,172.31.46.0-255,689,270440,53,274748
17226,0.043921,104.244.42.0-255,66,270506,53,274748
17227,0.043965,104.244.42.0-255,66,270572,53,274748
17228,0.057501,172.31.46.0-255,172,270744,53,274748
17229,0.057529,172.31.46.0-255,1112,271856,53,274748
17230,0.057599,172.31.46.0-255,1514,273370,53,274748
17231,0.0576,172.31.46.0-255,1180,274550,53,274748
17232,0.05904,104.244.42.0-255,66,274616,53,274748
17233,0.059086,104.244.42.0-255,66,274682,53,274748
17234,0.059149,104.244.42.0-255,66,274748,53,274748
17235,0.0,74.125.24.0-255,159,159,53,279223
17236,2.1e-05,172.31.46.0-255,66,225,53,279223
17237,2.9e-05,74.125.24.0-255,1484,1709,53,279223
17238,3.4e-05,172.31.46.0-255,66,1775,53,279223
17239,3.9e-05,74.125.24.0-255,2902,4677,53,279223
17240,5e-05,172.31.46.0-255,66,4743,53,279223
17241,5.7e-05,74.125.24.0-255,7156,11899,53,279223
17242,6e-05,172.31.46.0-255,66,11965,53,279223
17243,9.3e-05,74.125.24.0-255,2054,14019,53,279223
17244,9.6e-05,172.31.46.0-255,66,14085,53,279223
17245,0.000267,74.125.24.0-255,1484,15569,53,279223
17246,0.000271,172.31.46.0-255,66,15635,53,279223
17247,0.000278,74.125.24.0-255,2902,18537,53,279223
17248,0.000281,172.31.46.0-255,66,18603,53,279223
17249,0.000285,74.125.24.0-255,2902,21505,53,279223
17250,0.000293,172.31.46.0-255,66,21571,53,279223
17251,0.000318,74.125.24.0-255,2902,24473,53,279223
17252,0.000324,172.31.46.0-255,66,24539,53,279223
17253,0.000329,74.125.24.0-255,2902,27441,53,279223
17254,0.000331,172.31.46.0-255,66,27507,53,279223
17255,0.000356,74.125.24.0-255,3961,31468,53,279223
17256,0.000358,172.31.46.0-255,66,31534,53,279223
17257,0.000388,74.125.24.0-255,4320,35854,53,279223
17258,0.000391,172.31.46.0-255,66,35920,53,279223
17259,0.000417,74.125.24.0-255,2902,38822,53,279223
17260,0.000419,172.31.46.0-255,66,38888,53,279223
17261,0.000455,74.125.24.0-255,4320,43208,53,279223
17262,0.000458,172.31.46.0-255,66,43274,53,279223
17263,0.000489,74.125.24.0-255,5379,48653,53,279223
17264,0.000492,172.31.46.0-255,66,48719,53,279223
17265,0.000596,74.125.24.0-255,1484,50203,53,279223
17266,0.0006,172.31.46.0-255,66,50269,53,279223
17267,0.000605,74.125.24.0-255,2902,53171,53,279223
17268,0.000608,172.31.46.0-255,66,53237,53,279223
17269,0.000613,74.125.24.0-255,2902,56139,53,279223
17270,0.000638,172.31.46.0-255,66,56205,53,279223
17271,0.00067,74.125.24.0-255,2902,59107,53,279223
17272,0.000673,172.31.46.0-255,66,59173,53,279223
17273,0.000681,74.125.24.0-255,6797,65970,53,279223
17274,0.000683,172.31.46.0-255,66,66036,53,279223
17275,0.000706,74.125.24.0-255,677,66713,53,279223
17276,0.000777,74.125.24.0-255,1484,68197,53,279223
17277,0.000782,172.31.46.0-255,66,68263,53,279223
17278,0.000788,74.125.24.0-255,2902,71165,53,279223
17279,0.00079,172.31.46.0-255,66,71231,53,279223
17280,0.000822,74.125.24.0-255,5738,76969,53,279223
17281,0.000825,172.31.46.0-255,66,77035,53,279223
17282,0.000851,74.125.24.0-255,2902,79937,53,279223
17283,0.000854,172.31.46.0-255,66,80003,53,279223
17284,0.00089,74.125.24.0-255,6797,86800,53,279223
17285,0.000893,172.31.46.0-255,66,86866,53,279223
17286,0.000929,74.125.24.0-255,2902,89768,53,279223
17287,0.000933,172.31.46.0-255,66,89834,53,279223
17288,0.00097,172.31.46.0-255,66,89900,53,279223
17289,0.001321,74.125.24.0-255,1484,91384,53,279223
17290,0.001327,74.125.24.0-255,1484,92868,53,279223
17291,0.00133,172.31.46.0-255,66,92934,53,279223
17292,0.001359,74.125.24.0-255,1484,94418,53,279223
17293,0.001367,74.125.24.0-255,5738,100156,53,279223
17294,0.00137,172.31.46.0-255,66,100222,53,279223
17295,0.001391,74.125.24.0-255,7156,107378,53,279223
17296,0.001394,172.31.46.0-255,66,107444,53,279223
17297,0.001427,74.125.24.0-255,5738,113182,53,279223
17298,0.001429,172.31.46.0-255,66,113248,53,279223
17299,0.001504,74.125.24.0-255,5738,118986,53,279223
17300,0.001508,172.31.46.0-255,66,119052,53,279223
17301,0.001541,74.125.24.0-255,5020,124072,53,279223
17302,0.001544,172.31.46.0-255,66,124138,53,279223
17303,0.001801,74.125.24.0-255,1484,125622,53,279223
17304,0.001806,74.125.24.0-255,1484,127106,53,279223
17305,0.001809,172.31.46.0-255,66,127172,53,279223
17306,0.001839,74.125.24.0-255,1484,128656,53,279223
17307,0.001845,74.125.24.0-255,5738,134394,53,279223
17308,0.001876,172.31.46.0-255,66,134460,53,279223
17309,0.001905,74.125.24.0-255,2902,137362,53,279223
17310,0.001907,172.31.46.0-255,66,137428,53,279223
17311,0.001923,172.31.46.0-255,66,137494,53,279223
17312,0.001967,74.125.24.0-255,2902,140396,53,279223
17313,0.001971,172.31.46.0-255,66,140462,53,279223
17314,0.002002,74.125.24.0-255,7156,147618,53,279223
17315,0.002005,172.31.46.0-255,66,147684,53,279223
17316,0.002047,74.125.24.0-255,766,148450,53,279223
17317,0.002062,74.125.24.0-255,4320,152770,53,279223
17318,0.002065,172.31.46.0-255,66,152836,53,279223
17319,0.002091,172.31.46.0-255,66,152902,53,279223
17320,0.002166,74.125.24.0-255,4320,157222,53,279223
17321,0.00217,172.31.46.0-255,66,157288,53,279223
17322,0.002229,172.31.46.0-255,66,157354,53,279223
17323,0.002316,74.125.24.0-255,5738,163092,53,279223
17324,0.00232,172.31.46.0-255,66,163158,53,279223
17325,0.002358,172.31.46.0-255,66,163224,53,279223
17326,0.002474,74.125.24.0-255,4320,167544,53,279223
17327,0.002478,172.31.46.0-255,66,167610,53,279223
17328,0.002522,172.31.46.0-255,66,167676,53,279223
17329,0.002614,74.125.24.0-255,1484,169160,53,279223
17330,0.002684,172.31.46.0-255,66,169226,53,279223
17331,0.002924,74.125.24.0-255,4320,173546,53,279223
17332,0.003046,74.125.24.0-255,5738,179284,53,279223
17333,0.008258,172.31.46.0-255,66,179350,53,279223
17334,0.008269,172.31.46.0-255,66,179416,53,279223
17335,0.008273,172.31.46.0-255,66,179482,53,279223
17336,0.008292,172.31.46.0-255,66,179548,53,279223
17337,0.01084,74.125.24.0-255,5738,185286,53,279223
17338,0.010847,172.31.46.0-255,66,185352,53,279223
17339,0.013373,74.125.24.0-255,5738,191090,53,279223
17340,0.013388,172.31.46.0-255,66,191156,53,279223
17341,0.015942,74.125.24.0-255,5738,196894,53,279223
17342,0.015959,172.31.46.0-255,66,196960,53,279223
17343,0.018536,74.125.24.0-255,5738,202698,53,279223
17344,0.018552,172.31.46.0-255,66,202764,53,279223
17345,0.02112,74.125.24.0-255,5738,208502,53,279223
17346,0.021135,172.31.46.0-255,66,208568,53,279223
17347,0.023699,74.125.24.0-255,5738,214306,53,279223
17348,0.023716,172.31.46.0-255,66,214372,53,279223
17349,0.02624,74.125.24.0-255,5738,220110,53,279223
17350,0.026256,172.31.46.0-255,66,220176,53,279223
17351,0.028783,74.125.24.0-255,5738,225914,53,279223
17352,0.028796,172.31.46.0-255,66,225980,53,279223
17353,0.031339,74.125.24.0-255,5738,231718,53,279223
17354,0.031345,172.31.46.0-255,66,231784,53,279223
17355,0.033891,74.125.24.0-255,5738,237522,53,279223
17356,0.033901,172.31.46.0-255,66,237588,53,279223
17357,0.035243,172.31.46.0-255,167,237755,53,279223
17358,0.035273,172.31.46.0-255,1112,238867,53,279223
17359,0.03533,172.31.46.0-255,1514,240381,53,279223
17360,0.035332,172.31.46.0-255,1514,241895,53,279223
17361,0.035333,172.31.46.0-255,1514,243409,53,279223
17362,0.035334,172.31.46.0-255,1514,244923,53,279223
17363,0.035335,172.31.46.0-255,544,245467,53,279223
17364,0.036426,74.125.24.0-255,5738,251205,53,279223
17365,0.036432,172.31.46.0-255,66,251271,53,279223
17366,0.03674,104.244.42.0-255,66,251337,53,279223
17367,0.03677,104.244.42.0-255,66,251403,53,279223
17368,0.036861,104.244.42.0-255,66,251469,53,279223
17369,0.036866,104.244.42.0-255,66,251535,53,279223
17370,0.038966,74.125.24.0-255,5738,257273,53,279223
17371,0.038972,172.31.46.0-255,66,257339,53,279223
17372,0.041492,74.125.24.0-255,5738,263077,53,279223
17373,0.041502,172.31.46.0-255,66,263143,53,279223
17374,0.044029,74.125.24.0-255,5738,268881,53,279223
17375,0.04404,172.31.46.0-255,66,268947,53,279223
17376,0.046571,74.125.24.0-255,5738,274685,53,279223
17377,0.046582,172.31.46.0-255,66,274751,53,279223
17378,0.049126,74.125.24.0-255,4235,278986,53,279223
17379,0.049138,172.31.46.0-255,66,279052,53,279223
17380,0.049401,172.31.46.0-255,105,279157,53,279223
17381,0.051885,74.125.24.0-255,66,279223,53,279223
17382,0.0,74.125.24.0-255,146,146,53,157912
17383,2.3e-05,172.31.46.0-255,66,212,53,157912
17384,2.9e-05,74.125.24.0-255,1484,1696,53,157912
17385,3.5e-05,172.31.46.0-255,66,1762,53,157912
17386,4.9e-05,74.125.24.0-255,2902,4664,53,157912
17387,5.3e-05,172.31.46.0-255,66,4730,53,157912
17388,5.9e-05,74.125.24.0-255,4320,9050,53,157912
17389,6.1e-05,172.31.46.0-255,66,9116,53,157912
17390,7.4e-05,172.31.46.0-255,66,9182,53,157912
17391,0.000113,172.31.46.0-255,66,9248,53,157912
17392,0.00014,74.125.24.0-255,1484,10732,53,157912
17393,0.000142,172.31.46.0-255,66,10798,53,157912
17394,0.000149,74.125.24.0-255,2902,13700,53,157912
17395,0.000151,172.31.46.0-255,66,13766,53,157912
17396,0.000172,74.125.24.0-255,5738,19504,53,157912
17397,0.000175,172.31.46.0-255,66,19570,53,157912
17398,0.000182,74.125.24.0-255,6797,26367,53,157912
17399,0.000184,172.31.46.0-255,66,26433,53,157912
17400,0.000221,74.125.24.0-255,7156,33589,53,157912
17401,0.000223,172.31.46.0-255,66,33655,53,157912
17402,0.000265,74.125.24.0-255,7156,40811,53,157912
17403,0.000268,172.31.46.0-255,66,40877,53,157912
17404,0.000293,74.125.24.0-255,2815,43692,53,157912
17405,0.000295,172.31.46.0-255,66,43758,53,157912
17406,0.000318,74.125.24.0-255,414,44172,53,157912
17407,0.00032,172.31.46.0-255,66,44238,53,157912
17408,0.00046,74.125.24.0-255,1484,45722,53,157912
17409,0.000465,172.31.46.0-255,66,45788,53,157912
17410,0.000471,74.125.24.0-255,2902,48690,53,157912
17411,0.000473,172.31.46.0-255,66,48756,53,157912
17412,0.000506,74.125.24.0-255,4320,53076,53,157912
17413,0.000509,172.31.46.0-255,66,53142,53,157912
17414,0.000515,74.125.24.0-255,5738,58880,53,157912
17415,0.000517,172.31.46.0-255,66,58946,53,157912
17416,0.000559,172.31.46.0-255,66,59012,53,157912
17417,0.00057,172.31.46.0-255,66,59078,53,157912
17418,0.000927,74.125.24.0-255,1484,60562,53,157912
17419,0.000931,172.31.46.0-255,66,60628,53,157912
17420,0.000938,74.125.24.0-255,2902,63530,53,157912
17421,0.00094,172.31.46.0-255,66,63596,53,157912
17422,0.000951,74.125.24.0-255,4320,67916,53,157912
17423,0.000953,172.31.46.0-255,66,67982,53,157912
17424,0.000981,74.125.24.0-255,1484,69466,53,157912
17425,0.000983,172.31.46.0-255,66,69532,53,157912
17426,0.001003,172.31.46.0-255,66,69598,53,157912
17427,0.001037,172.31.46.0-255,66,69664,53,157912
17428,0.001059,74.125.24.0-255,1484,71148,53,157912
17429,0.001061,172.31.46.0-255,66,71214,53,157912
17430,0.001067,74.125.24.0-255,2902,74116,53,157912
17431,0.001069,172.31.46.0-255,66,74182,53,157912
17432,0.001097,74.125.24.0-255,5738,79920,53,157912
17433,0.0011,172.31.46.0-255,66,79986,53,157912
17434,0.001108,74.125.24.0-255,7156,87142,53,157912
17435,0.001172,74.125.24.0-255,2184,89326,53,157912
17436,0.001192,172.31.46.0-255,66,89392,53,157912
17437,0.00127,74.125.24.0-255,1484,90876,53,157912
17438,0.001275,74.125.24.0-255,2902,93778,53,157912
17439,0.001285,74.125.24.0-255,1484,95262,53,157912
17440,0.001289,172.31.46.0-255,66,95328,53,157912
17441,0.001309,74.125.24.0-255,4320,99648,53,157912
17442,0.001336,172.31.46.0-255,66,99714,53,157912
17443,0.00137,74.125.24.0-255,2902,102616,53,157912
17444,0.001399,172.31.46.0-255,66,102682,53,157912
17445,0.001473,74.125.24.0-255,1484,104166,53,157912
17446,0.001479,74.125.24.0-255,2902,107068,53,157912
17447,0.001494,74.125.24.0-255,5738,112806,53,157912
17448,0.001509,172.31.46.0-255,66,112872,53,157912
17449,0.001536,74.125.24.0-255,7156,120028,53,157912
17450,0.001555,74.125.24.0-255,4320,124348,53,157912
17451,0.001607,74.125.24.0-255,1484,125832,53,157912
17452,0.001623,74.125.24.0-255,2902,128734,53,157912
17453,0.001645,74.125.24.0-255,5738,134472,53,157912
17454,0.00165,74.125.24.0-255,4320,138792,53,157912
17455,0.001835,74.125.24.0-255,5738,144530,53,157912
17456,0.001875,74.125.24.0-255,4320,148850,53,157912
17457,0.001941,74.125.24.0-255,630,149480,53,157912
17458,0.001958,74.125.24.0-255,105,149585,53,157912
17459,0.005569,172.31.46.0-255,66,149651,53,157912
17460,0.008282,172.31.46.0-255,105,149756,53,157912
17461,0.010783,74.125.24.0-255,66,149822,53,157912
17462,0.035258,172.31.46.0-255,172,149994,53,157912
17463,0.035298,172.31.46.0-255,1112,151106,53,157912
17464,0.035372,172.31.46.0-255,1514,152620,53,157912
17465,0.035374,172.31.46.0-255,1514,154134,53,157912
17466,0.03538,172.31.46.0-255,1514,155648,53,157912
17467,0.035382,172.31.46.0-255,1514,157162,53,157912
17468,0.035399,172.31.46.0-255,486,157648,53,157912
17469,0.036793,104.244.42.0-255,66,157714,53,157912
17470,0.036828,104.244.42.0-255,66,157780,53,157912
17471,0.036926,104.244.42.0-255,66,157846,53,157912
17472,0.036941,104.244.42.0-255,66,157912,53,157912
17473,0.0,172.217.194.0-255,155,155,53,282949
17474,1.6e-05,172.31.46.0-255,66,221,53,282949
17475,2.2e-05,172.217.194.0-255,1484,1705,53,282949
17476,2.6e-05,172.31.46.0-255,66,1771,53,282949
17477,5.5e-05,172.217.194.0-255,2902,4673,53,282949
17478,6e-05,172.31.46.0-255,66,4739,53,282949
17479,6.6e-05,172.217.194.0-255,7156,11895,53,282949
17480,6.9e-05,172.31.46.0-255,66,11961,53,282949
17481,0.000109,172.31.46.0-255,66,12027,53,282949
17482,0.000135,172.217.194.0-255,5379,17406,53,282949
17483,0.000138,172.31.46.0-255,66,17472,53,282949
17484,0.000168,172.217.194.0-255,5738,23210,53,282949
17485,0.000172,172.31.46.0-255,66,23276,53,282949
17486,0.0002,172.217.194.0-255,4320,27596,53,282949
17487,0.000205,172.31.46.0-255,66,27662,53,282949
17488,0.000233,172.217.194.0-255,6797,34459,53,282949
17489,0.000237,172.31.46.0-255,66,34525,53,282949
17490,0.000239,172.217.194.0-255,1484,36009,53,282949
17491,0.000241,172.31.46.0-255,66,36075,53,282949
17492,0.000275,172.31.46.0-255,66,36141,53,282949
17493,0.00034,172.217.194.0-255,115,36256,53,282949
17494,0.000344,172.31.46.0-255,66,36322,53,282949
17495,0.000396,172.217.194.0-255,385,36707,53,282949
17496,0.0004,172.31.46.0-255,66,36773,53,282949
17497,0.000798,172.217.194.0-255,1484,38257,53,282949
17498,0.000805,172.31.46.0-255,66,38323,53,282949
17499,0.000811,172.217.194.0-255,2902,41225,53,282949
17500,0.000813,172.31.46.0-255,66,41291,53,282949
17501,0.000825,172.217.194.0-255,5738,47029,53,282949
17502,0.000827,172.31.46.0-255,66,47095,53,282949
17503,0.000835,172.217.194.0-255,7156,54251,53,282949
17504,0.000837,172.31.46.0-255,66,54317,53,282949
17505,0.000866,172.217.194.0-255,5738,60055,53,282949
17506,0.000869,172.31.46.0-255,66,60121,53,282949
17507,0.000911,172.31.46.0-255,66,60187,53,282949
17508,0.001443,172.217.194.0-255,1484,61671,53,282949
17509,0.001466,172.217.194.0-255,2902,64573,53,282949
17510,0.00147,172.31.46.0-255,66,64639,53,282949
17511,0.001478,172.217.194.0-255,5738,70377,53,282949
17512,0.00148,172.31.46.0-255,66,70443,53,282949
17513,0.001522,172.31.46.0-255,66,70509,53,282949
17514,0.001545,172.217.194.0-255,2902,73411,53,282949
17515,0.001547,172.31.46.0-255,66,73477,53,282949
17516,0.001561,172.31.46.0-255,66,73543,53,282949
17517,0.00174,172.217.194.0-255,1484,75027,53,282949
17518,0.001755,172.217.194.0-255,2902,77929,53,282949
17519,0.001758,172.31.46.0-255,66,77995,53,282949
17520,0.001764,172.217.194.0-255,4320,82315,53,282949
17521,0.001766,172.31.46.0-255,66,82381,53,282949
17522,0.001798,172.217.194.0-255,1484,83865,53,282949
17523,0.00181,172.31.46.0-255,66,83931,53,282949
17524,0.001855,172.217.194.0-255,4320,88251,53,282949
17525,0.00186,172.31.46.0-255,66,88317,53,282949
17526,0.001873,172.31.46.0-255,66,88383,53,282949
17527,0.00202,172.217.194.0-255,1484,89867,53,282949
17528,0.002027,172.217.194.0-255,2902,92769,53,282949
17529,0.00203,172.31.46.0-255,66,92835,53,282949
17530,0.002036,172.217.194.0-255,2902,95737,53,282949
17531,0.002038,172.31.46.0-255,66,95803,53,282949
17532,0.00206,172.217.194.0-255,2902,98705,53,282949
17533,0.002062,172.31.46.0-255,66,98771,53,282949
17534,0.002079,172.31.46.0-255,66,98837,53,282949
17535,0.002108,172.217.194.0-255,2902,101739,53,282949
17536,0.002111,172.31.46.0-255,66,101805,53,282949
17537,0.002123,172.31.46.0-255,66,101871,53,282949
17538,0.002126,172.217.194.0-255,766,102637,53,282949
17539,0.00224,172.217.194.0-255,1484,104121,53,282949
17540,0.002244,172.31.46.0-255,66,104187,53,282949
17541,0.00225,172.217.194.0-255,2902,107089,53,282949
17542,0.002252,172.31.46.0-255,66,107155,53,282949
17543,0.002284,172.217.194.0-255,5738,112893,53,282949
17544,0.002288,172.217.194.0-255,2902,115795,53,282949
17545,0.002292,172.31.46.0-255,66,115861,53,282949
17546,0.002295,172.31.46.0-255,66,115927,53,282949
17547,0.002332,172.31.46.0-255,66,115993,53,282949
17548,0.002344,172.31.46.0-255,66,116059,53,282949
17549,0.002512,172.31.46.0-255,101,116160,53,282949
17550,0.004645,172.217.194.0-255,5738,121898,53,282949
17551,0.004657,172.31.46.0-255,66,121964,53,282949
17552,0.004733,172.217.194.0-255,66,122030,53,282949
17553,0.006943,172.217.194.0-255,5738,127768,53,282949
17554,0.006947,172.31.46.0-255,66,127834,53,282949
17555,0.009243,172.217.194.0-255,5738,133572,53,282949
17556,0.009251,172.31.46.0-255,66,133638,53,282949
17557,0.011551,172.217.194.0-255,5738,139376,53,282949
17558,0.011558,172.31.46.0-255,66,139442,53,282949
17559,0.013843,172.217.194.0-255,5738,145180,53,282949
17560,0.013851,172.31.46.0-255,66,145246,53,282949
17561,0.016122,172.217.194.0-255,5738,150984,53,282949
17562,0.016132,172.31.46.0-255,66,151050,53,282949
17563,0.018448,172.217.194.0-255,5738,156788,53,282949
17564,0.018457,172.31.46.0-255,66,156854,53,282949
17565,0.020727,172.217.194.0-255,5738,162592,53,282949
17566,0.020735,172.31.46.0-255,66,162658,53,282949
17567,0.023017,172.217.194.0-255,5738,168396,53,282949
17568,0.023029,172.31.46.0-255,66,168462,53,282949
17569,0.025326,172.217.194.0-255,5738,174200,53,282949
17570,0.025335,172.31.46.0-255,66,174266,53,282949
17571,0.027634,172.217.194.0-255,5738,180004,53,282949
17572,0.02764,172.31.46.0-255,66,180070,53,282949
17573,0.028036,172.31.46.0-255,193,180263,53,282949
17574,0.028068,172.31.46.0-255,1112,181375,53,282949
17575,0.02811,172.31.46.0-255,1514,182889,53,282949
17576,0.028112,172.31.46.0-255,1514,184403,53,282949
17577,0.028119,172.31.46.0-255,1514,185917,53,282949
17578,0.02812,172.31.46.0-255,1514,187431,53,282949
17579,0.028142,172.31.46.0-255,482,187913,53,282949
17580,0.029568,104.244.42.0-255,66,187979,53,282949
17581,0.029638,104.244.42.0-255,66,188045,53,282949
17582,0.02964,104.244.42.0-255,66,188111,53,282949
17583,0.029678,104.244.42.0-255,66,188177,53,282949
17584,0.029905,172.217.194.0-255,2902,191079,53,282949
17585,0.02991,172.31.46.0-255,66,191145,53,282949
17586,0.029948,172.217.194.0-255,2902,194047,53,282949
17587,0.029952,172.31.46.0-255,66,194113,53,282949
17588,0.03222,172.217.194.0-255,2902,197015,53,282949
17589,0.032226,172.31.46.0-255,66,197081,53,282949
17590,0.032265,172.217.194.0-255,2902,199983,53,282949
17591,0.032268,172.31.46.0-255,66,200049,53,282949
17592,0.034525,172.217.194.0-255,2902,202951,53,282949
17593,0.034534,172.31.46.0-255,66,203017,53,282949
17594,0.034572,172.217.194.0-255,2902,205919,53,282949
17595,0.034575,172.31.46.0-255,66,205985,53,282949
17596,0.036814,172.217.194.0-255,2902,208887,53,282949
17597,0.036821,172.31.46.0-255,66,208953,53,282949
17598,0.036871,172.217.194.0-255,2902,211855,53,282949
17599,0.036875,172.31.46.0-255,66,211921,53,282949
17600,0.039079,172.217.194.0-255,2902,214823,53,282949
17601,0.039085,172.31.46.0-255,66,214889,53,282949
17602,0.039133,172.217.194.0-255,1484,216373,53,282949
17603,0.039152,172.217.194.0-255,1484,217857,53,282949
17604,0.039156,172.31.46.0-255,66,217923,53,282949
17605,0.04139,172.217.194.0-255,2902,220825,53,282949
17606,0.041397,172.31.46.0-255,66,220891,53,282949
17607,0.041444,172.217.194.0-255,2902,223793,53,282949
17608,0.041447,172.31.46.0-255,66,223859,53,282949
17609,0.043681,172.217.194.0-255,2902,226761,53,282949
17610,0.043687,172.31.46.0-255,66,226827,53,282949
17611,0.043726,172.217.194.0-255,2902,229729,53,282949
17612,0.043729,172.31.46.0-255,66,229795,53,282949
17613,0.045964,172.217.194.0-255,2902,232697,53,282949
17614,0.045969,172.31.46.0-255,66,232763,53,282949
17615,0.046012,172.217.194.0-255,2902,235665,53,282949
17616,0.046016,172.31.46.0-255,66,235731,53,282949
17617,0.048284,172.217.194.0-255,4320,240051,53,282949
17618,0.04829,172.31.46.0-255,66,240117,53,282949
17619,0.048328,172.217.194.0-255,1484,241601,53,282949
17620,0.050602,172.217.194.0-255,4320,245921,53,282949
17621,0.050608,172.31.46.0-255,66,245987,53,282949
17622,0.052901,172.217.194.0-255,5738,251725,53,282949
17623,0.052907,172.31.46.0-255,66,251791,53,282949
17624,0.055231,172.217.194.0-255,5738,257529,53,282949
17625,0.055241,172.31.46.0-255,66,257595,53,282949
17626,0.0575,172.217.194.0-255,2902,260497,53,282949
17627,0.057505,172.31.46.0-255,66,260563,53,282949
17628,0.057539,172.217.194.0-255,2902,263465,53,282949
17629,0.057542,172.31.46.0-255,66,263531,53,282949
17630,0.05978,172.217.194.0-255,2902,266433,53,282949
17631,0.059784,172.31.46.0-255,66,266499,53,282949
17632,0.059827,172.217.194.0-255,2902,269401,53,282949
17633,0.059832,172.31.46.0-255,66,269467,53,282949
17634,0.062038,172.217.194.0-255,2902,272369,53,282949
17635,0.062043,172.31.46.0-255,66,272435,53,282949
17636,0.06209,172.217.194.0-255,2902,275337,53,282949
17637,0.062094,172.31.46.0-255,66,275403,53,282949
17638,0.064313,172.217.194.0-255,2902,278305,53,282949
17639,0.064318,172.31.46.0-255,66,278371,53,282949
17640,0.064385,172.217.194.0-255,2902,281273,53,282949
17641,0.06439,172.31.46.0-255,66,281339,53,282949
17642,0.066599,172.217.194.0-255,1439,282778,53,282949
17643,0.066745,172.31.46.0-255,105,282883,53,282949
17644,0.073594,172.217.194.0-255,66,282949,53,282949
17645,0.0,74.125.24.0-255,152,152,53,328668
17646,2.2e-05,172.31.46.0-255,66,218,53,328668
17647,2.8e-05,74.125.24.0-255,1484,1702,53,328668
17648,3.3e-05,172.31.46.0-255,66,1768,53,328668
17649,4.7e-05,74.125.24.0-255,2902,4670,53,328668
17650,5e-05,172.31.46.0-255,66,4736,53,328668
17651,5.5e-05,74.125.24.0-255,2902,7638,53,328668
17652,5.8e-05,172.31.46.0-255,66,7704,53,328668
17653,6.6e-05,74.125.24.0-255,6267,13971,53,328668
17654,6.9e-05,172.31.46.0-255,66,14037,53,328668
17655,0.000108,74.125.24.0-255,7156,21193,53,328668
17656,0.000111,172.31.46.0-255,66,21259,53,328668
17657,0.000119,74.125.24.0-255,7156,28415,53,328668
17658,0.000122,172.31.46.0-255,66,28481,53,328668
17659,0.000145,74.125.24.0-255,2543,31024,53,328668
17660,0.000147,172.31.46.0-255,66,31090,53,328668
17661,0.000205,74.125.24.0-255,1484,32574,53,328668
17662,0.000207,172.31.46.0-255,66,32640,53,328668
17663,0.000215,74.125.24.0-255,2902,35542,53,328668
17664,0.000217,172.31.46.0-255,66,35608,53,328668
17665,0.000228,74.125.24.0-255,5738,41346,53,328668
17666,0.00023,172.31.46.0-255,66,41412,53,328668
17667,0.000263,172.31.46.0-255,66,41478,53,328668
17668,0.0003,74.125.24.0-255,5379,46857,53,328668
17669,0.000304,172.31.46.0-255,66,46923,53,328668
17670,0.000316,172.31.46.0-255,66,46989,53,328668
17671,0.000318,74.125.24.0-255,398,47387,53,328668
17672,0.00032,172.31.46.0-255,66,47453,53,328668
17673,0.000405,74.125.24.0-255,113,47566,53,328668
17674,0.000408,172.31.46.0-255,66,47632,53,328668
17675,0.000412,74.125.24.0-255,330,47962,53,328668
17676,0.000833,74.125.24.0-255,1484,49446,53,328668
17677,0.000839,172.31.46.0-255,66,49512,53,328668
17678,0.000846,74.125.24.0-255,2902,52414,53,328668
17679,0.000849,172.31.46.0-255,66,52480,53,328668
17680,0.000861,74.125.24.0-255,5738,58218,53,328668
17681,0.000863,172.31.46.0-255,66,58284,53,328668
17682,0.000897,172.31.46.0-255,66,58350,53,328668
17683,0.000909,172.31.46.0-255,66,58416,53,328668
17684,0.000936,74.125.24.0-255,1484,59900,53,328668
17685,0.00094,74.125.24.0-255,1484,61384,53,328668
17686,0.000942,172.31.46.0-255,66,61450,53,328668
17687,0.000947,74.125.24.0-255,2902,64352,53,328668
17688,0.000948,172.31.46.0-255,66,64418,53,328668
17689,0.000952,74.125.24.0-255,766,65184,53,328668
17690,0.001425,74.125.24.0-255,1484,66668,53,328668
17691,0.001433,172.31.46.0-255,66,66734,53,328668
17692,0.00144,74.125.24.0-255,2902,69636,53,328668
17693,0.001442,172.31.46.0-255,66,69702,53,328668
17694,0.001449,74.125.24.0-255,5738,75440,53,328668
17695,0.001456,172.31.46.0-255,66,75506,53,328668
17696,0.00147,172.31.46.0-255,66,75572,53,328668
17697,0.001509,172.31.46.0-255,66,75638,53,328668
17698,0.00374,74.125.24.0-255,5738,81376,53,328668
17699,0.00375,172.31.46.0-255,66,81442,53,328668
17700,0.005975,74.125.24.0-255,5738,87180,53,328668
17701,0.005983,172.31.46.0-255,66,87246,53,328668
17702,0.008217,74.125.24.0-255,5738,92984,53,328668
17703,0.008224,172.31.46.0-255,66,93050,53,328668
17704,0.010478,74.125.24.0-255,5738,98788,53,328668
17705,0.010487,172.31.46.0-255,66,98854,53,328668
17706,0.012716,74.125.24.0-255,5738,104592,53,328668
17707,0.012725,172.31.46.0-255,66,104658,53,328668
17708,0.014942,74.125.24.0-255,5738,110396,53,328668
17709,0.01495,172.31.46.0-255,66,110462,53,328668
17710,0.01716,74.125.24.0-255,5738,116200,53,328668
17711,0.017169,172.31.46.0-255,66,116266,53,328668
17712,0.019437,74.125.24.0-255,5738,122004,53,328668
17713,0.019444,172.31.46.0-255,66,122070,53,328668
17714,0.021677,74.125.24.0-255,5738,127808,53,328668
17715,0.021685,172.31.46.0-255,66,127874,53,328668
17716,0.023963,74.125.24.0-255,5738,133612,53,328668
17717,0.023981,172.31.46.0-255,66,133678,53,328668
17718,0.026202,74.125.24.0-255,2902,136580,53,328668
17719,0.026212,172.31.46.0-255,66,136646,53,328668
17720,0.026242,74.125.24.0-255,2902,139548,53,328668
17721,0.026246,172.31.46.0-255,66,139614,53,328668
17722,0.027277,172.31.46.0-255,167,139781,53,328668
17723,0.027319,172.31.46.0-255,1113,140894,53,328668
17724,0.027378,172.31.46.0-255,1514,142408,53,328668
17725,0.02738,172.31.46.0-255,1290,143698,53,328668
17726,0.028449,74.125.24.0-255,2902,146600,53,328668
17727,0.028461,172.31.46.0-255,66,146666,53,328668
17728,0.028494,74.125.24.0-255,2902,149568,53,328668
17729,0.028497,172.31.46.0-255,66,149634,53,328668
17730,0.028831,104.244.42.0-255,66,149700,53,328668
17731,0.028878,104.244.42.0-255,66,149766,53,328668
17732,0.028942,104.244.42.0-255,66,149832,53,328668
17733,0.030691,74.125.24.0-255,2902,152734,53,328668
17734,0.030708,172.31.46.0-255,66,152800,53,328668
17735,0.030766,74.125.24.0-255,2902,155702,53,328668
17736,0.030769,172.31.46.0-255,66,155768,53,328668
17737,0.032953,74.125.24.0-255,2902,158670,53,328668
17738,0.032971,172.31.46.0-255,66,158736,53,328668
17739,0.033003,74.125.24.0-255,2902,161638,53,328668
17740,0.033007,172.31.46.0-255,66,161704,53,328668
17741,0.035235,74.125.24.0-255,5738,167442,53,328668
17742,0.035248,172.31.46.0-255,66,167508,53,328668
17743,0.037504,74.125.24.0-255,5738,173246,53,328668
17744,0.03752,172.31.46.0-255,66,173312,53,328668
17745,0.03977,74.125.24.0-255,5738,179050,53,328668
17746,0.039781,172.31.46.0-255,66,179116,53,328668
17747,0.042032,74.125.24.0-255,5738,184854,53,328668
17748,0.042056,172.31.46.0-255,66,184920,53,328668
17749,0.044299,74.125.24.0-255,5738,190658,53,328668
17750,0.04431,172.31.46.0-255,66,190724,53,328668
17751,0.0466,74.125.24.0-255,5738,196462,53,328668
17752,0.046618,172.31.46.0-255,66,196528,53,328668
17753,0.048854,74.125.24.0-255,5738,202266,53,328668
17754,0.048873,172.31.46.0-255,66,202332,53,328668
17755,0.051134,74.125.24.0-255,5738,208070,53,328668
17756,0.051152,172.31.46.0-255,66,208136,53,328668
17757,0.053368,74.125.24.0-255,5738,213874,53,328668
17758,0.053386,172.31.46.0-255,66,213940,53,328668
17759,0.055655,74.125.24.0-255,5738,219678,53,328668
17760,0.055674,172.31.46.0-255,66,219744,53,328668
17761,0.057911,74.125.24.0-255,5738,225482,53,328668
17762,0.057927,172.31.46.0-255,66,225548,53,328668
17763,0.060164,74.125.24.0-255,5738,231286,53,328668
17764,0.060181,172.31.46.0-255,66,231352,53,328668
17765,0.062441,74.125.24.0-255,5738,237090,53,328668
17766,0.062452,172.31.46.0-255,66,237156,53,328668
17767,0.064708,74.125.24.0-255,5738,242894,53,328668
17768,0.064718,172.31.46.0-255,66,242960,53,328668
17769,0.066952,74.125.24.0-255,4320,247280,53,328668
17770,0.066962,172.31.46.0-255,66,247346,53,328668
17771,0.066989,74.125.24.0-255,1484,248830,53,328668
17772,0.069201,74.125.24.0-255,4320,253150,53,328668
17773,0.069208,172.31.46.0-255,66,253216,53,328668
17774,0.07142,74.125.24.0-255,5738,258954,53,328668
17775,0.071429,172.31.46.0-255,66,259020,53,328668
17776,0.073655,74.125.24.0-255,5738,264758,53,328668
17777,0.073663,172.31.46.0-255,66,264824,53,328668
17778,0.07588,74.125.24.0-255,5738,270562,53,328668
17779,0.075888,172.31.46.0-255,66,270628,53,328668
17780,0.078172,74.125.24.0-255,5738,276366,53,328668
17781,0.078179,172.31.46.0-255,66,276432,53,328668
17782,0.080404,74.125.24.0-255,5738,282170,53,328668
17783,0.08041,172.31.46.0-255,66,282236,53,328668
17784,0.08267,74.125.24.0-255,5738,287974,53,328668
17785,0.082681,172.31.46.0-255,66,288040,53,328668
17786,0.084933,74.125.24.0-255,5738,293778,53,328668
17787,0.08494,172.31.46.0-255,66,293844,53,328668
17788,0.087197,74.125.24.0-255,5738,299582,53,328668
17789,0.087203,172.31.46.0-255,66,299648,53,328668
17790,0.089442,74.125.24.0-255,5738,305386,53,328668
17791,0.08945,172.31.46.0-255,66,305452,53,328668
17792,0.091674,74.125.24.0-255,5738,311190,53,328668
17793,0.091691,172.31.46.0-255,66,311256,53,328668
17794,0.093972,74.125.24.0-255,5738,316994,53,328668
17795,0.093989,172.31.46.0-255,66,317060,53,328668
17796,0.096226,74.125.24.0-255,5738,322798,53,328668
17797,0.096239,172.31.46.0-255,66,322864,53,328668
17798,0.098483,74.125.24.0-255,5738,328602,53,328668
17799,0.098493,172.31.46.0-255,66,328668,53,328668
17800,0.0,172.217.194.0-255,150,150,53,293736
17801,2.6e-05,172.31.46.0-255,66,216,53,293736
17802,3.2e-05,172.217.194.0-255,1484,1700,53,293736
17803,3.7e-05,172.31.46.0-255,66,1766,53,293736
17804,4.3e-05,172.217.194.0-255,2902,4668,53,293736
17805,4.5e-05,172.31.46.0-255,66,4734,53,293736
17806,5.4e-05,172.217.194.0-255,7156,11890,53,293736
17807,5.7e-05,172.31.46.0-255,66,11956,53,293736
17808,6.1e-05,172.217.194.0-255,2107,14063,53,293736
17809,6.4e-05,172.31.46.0-255,66,14129,53,293736
17810,8.5e-05,172.217.194.0-255,2902,17031,53,293736
17811,8.8e-05,172.31.46.0-255,66,17097,53,293736
17812,9.5e-05,172.217.194.0-255,5738,22835,53,293736
17813,9.8e-05,172.31.46.0-255,66,22901,53,293736
17814,0.000123,172.217.194.0-255,1484,24385,53,293736
17815,0.000125,172.31.46.0-255,66,24451,53,293736
17816,0.000134,172.217.194.0-255,6797,31248,53,293736
17817,0.000136,172.31.46.0-255,66,31314,53,293736
17818,0.000356,172.217.194.0-255,1484,32798,53,293736
17819,0.000362,172.31.46.0-255,66,32864,53,293736
17820,0.00037,172.217.194.0-255,2902,35766,53,293736
17821,0.000372,172.31.46.0-255,66,35832,53,293736
17822,0.00039,172.217.194.0-255,5738,41570,53,293736
17823,0.000393,172.31.46.0-255,66,41636,53,293736
17824,0.000446,172.217.194.0-255,4320,45956,53,293736
17825,0.00045,172.31.46.0-255,66,46022,53,293736
17826,0.000474,172.217.194.0-255,2543,48565,53,293736
17827,0.000477,172.31.46.0-255,66,48631,53,293736
17828,0.000517,172.217.194.0-255,4320,52951,53,293736
17829,0.00052,172.31.46.0-255,66,53017,53,293736
17830,0.000539,172.217.194.0-255,2902,55919,53,293736
17831,0.000541,172.31.46.0-255,66,55985,53,293736
17832,0.000546,172.217.194.0-255,4320,60305,53,293736
17833,0.000549,172.31.46.0-255,66,60371,53,293736
17834,0.000573,172.217.194.0-255,4320,64691,53,293736
17835,0.000575,172.31.46.0-255,66,64757,53,293736
17836,0.000578,172.217.194.0-255,1125,65882,53,293736
17837,0.00062,172.217.194.0-255,645,66527,53,293736
17838,0.000622,172.31.46.0-255,66,66593,53,293736
17839,0.000739,172.217.194.0-255,1484,68077,53,293736
17840,0.000747,172.217.194.0-255,2902,70979,53,293736
17841,0.00075,172.31.46.0-255,66,71045,53,293736
17842,0.000757,172.217.194.0-255,5738,76783,53,293736
17843,0.000759,172.31.46.0-255,66,76849,53,293736
17844,0.000791,172.217.194.0-255,6797,83646,53,293736
17845,0.000794,172.31.46.0-255,66,83712,53,293736
17846,0.000802,172.217.194.0-255,7156,90868,53,293736
17847,0.000804,172.31.46.0-255,66,90934,53,293736
17848,0.000821,172.217.194.0-255,2902,93836,53,293736
17849,0.000823,172.31.46.0-255,66,93902,53,293736
17850,0.000842,172.217.194.0-255,6797,100699,53,293736
17851,0.000844,172.31.46.0-255,66,100765,53,293736
17852,0.001305,172.217.194.0-255,1484,102249,53,293736
17853,0.001311,172.217.194.0-255,2902,105151,53,293736
17854,0.001314,172.31.46.0-255,66,105217,53,293736
17855,0.001333,172.217.194.0-255,2902,108119,53,293736
17856,0.001335,172.31.46.0-255,66,108185,53,293736
17857,0.001357,172.217.194.0-255,2902,111087,53,293736
17858,0.001359,172.31.46.0-255,66,111153,53,293736
17859,0.001392,172.31.46.0-255,66,111219,53,293736
17860,0.001411,172.217.194.0-255,1484,112703,53,293736
17861,0.001422,172.31.46.0-255,66,112769,53,293736
17862,0.001434,172.217.194.0-255,1484,114253,53,293736
17863,0.001448,172.217.194.0-255,2902,117155,53,293736
17864,0.001451,172.31.46.0-255,66,117221,53,293736
17865,0.001455,172.217.194.0-255,2902,120123,53,293736
17866,0.001457,172.31.46.0-255,66,120189,53,293736
17867,0.001469,172.217.194.0-255,2902,123091,53,293736
17868,0.001471,172.31.46.0-255,66,123157,53,293736
17869,0.001474,172.217.194.0-255,1484,124641,53,293736
17870,0.001493,172.217.194.0-255,4320,128961,53,293736
17871,0.001495,172.31.46.0-255,66,129027,53,293736
17872,0.001501,172.217.194.0-255,5738,134765,53,293736
17873,0.001503,172.31.46.0-255,66,134831,53,293736
17874,0.001527,172.217.194.0-255,7156,141987,53,293736
17875,0.001529,172.31.46.0-255,66,142053,53,293736
17876,0.001535,172.217.194.0-255,5020,147073,53,293736
17877,0.00156,172.31.46.0-255,66,147139,53,293736
17878,0.00164,172.217.194.0-255,1484,148623,53,293736
17879,0.001645,172.217.194.0-255,2902,151525,53,293736
17880,0.001647,172.31.46.0-255,66,151591,53,293736
17881,0.001668,172.217.194.0-255,5738,157329,53,293736
17882,0.001671,172.31.46.0-255,66,157395,53,293736
17883,0.001701,172.31.46.0-255,66,157461,53,293736
17884,0.001734,172.217.194.0-255,1484,158945,53,293736
17885,0.001784,172.217.194.0-255,1484,160429,53,293736
17886,0.001791,172.31.46.0-255,66,160495,53,293736
17887,0.001829,172.217.194.0-255,1484,161979,53,293736
17888,0.001846,172.217.194.0-255,3602,165581,53,293736
17889,0.001848,172.31.46.0-255,66,165647,53,293736
17890,0.001853,172.31.46.0-255,66,165713,53,293736
17891,0.001987,172.217.194.0-255,1484,167197,53,293736
17892,0.002007,172.217.194.0-255,2902,170099,53,293736
17893,0.00201,172.31.46.0-255,66,170165,53,293736
17894,0.002016,172.217.194.0-255,5738,175903,53,293736
17895,0.002028,172.217.194.0-255,1484,177387,53,293736
17896,0.002038,172.31.46.0-255,66,177453,53,293736
17897,0.002078,172.217.194.0-255,766,178219,53,293736
17898,0.002093,172.31.46.0-255,66,178285,53,293736
17899,0.002164,172.217.194.0-255,1484,179769,53,293736
17900,0.002183,172.217.194.0-255,2902,182671,53,293736
17901,0.002189,172.217.194.0-255,5738,188409,53,293736
17902,0.002206,172.217.194.0-255,5738,194147,53,293736
17903,0.002224,172.217.194.0-255,4320,198467,53,293736
17904,0.002254,172.217.194.0-255,1484,199951,53,293736
17905,0.00691,172.31.46.0-255,66,200017,53,293736
17906,0.009478,172.217.194.0-255,5738,205755,53,293736
17907,0.009484,172.31.46.0-255,66,205821,53,293736
17908,0.01203,172.217.194.0-255,5738,211559,53,293736
17909,0.012038,172.31.46.0-255,66,211625,53,293736
17910,0.014618,172.217.194.0-255,5738,217363,53,293736
17911,0.014626,172.31.46.0-255,66,217429,53,293736
17912,0.017193,172.217.194.0-255,5738,223167,53,293736
17913,0.017202,172.31.46.0-255,66,223233,53,293736
17914,0.019738,172.217.194.0-255,5738,228971,53,293736
17915,0.019748,172.31.46.0-255,66,229037,53,293736
17916,0.022325,172.217.194.0-255,5738,234775,53,293736
17917,0.022334,172.31.46.0-255,66,234841,53,293736
17918,0.02487,172.217.194.0-255,5738,240579,53,293736
17919,0.024878,172.31.46.0-255,66,240645,53,293736
17920,0.027432,172.217.194.0-255,5738,246383,53,293736
17921,0.02744,172.31.46.0-255,66,246449,53,293736
17922,0.030011,172.217.194.0-255,5738,252187,53,293736
17923,0.030019,172.31.46.0-255,66,252253,53,293736
17924,0.032052,172.31.46.0-255,172,252425,53,293736
17925,0.032086,172.31.46.0-255,1112,253537,53,293736
17926,0.032153,172.31.46.0-255,1514,255051,53,293736
17927,0.032155,172.31.46.0-255,1291,256342,53,293736
17928,0.032576,172.217.194.0-255,5738,262080,53,293736
17929,0.032584,172.31.46.0-255,66,262146,53,293736
17930,0.03359,104.244.42.0-255,66,262212,53,293736
17931,0.033643,104.244.42.0-255,66,262278,53,293736
17932,0.033748,104.244.42.0-255,66,262344,53,293736
17933,0.035128,172.217.194.0-255,5738,268082,53,293736
17934,0.035136,172.31.46.0-255,66,268148,53,293736
17935,0.037716,172.217.194.0-255,5738,273886,53,293736
17936,0.037726,172.31.46.0-255,66,273952,53,293736
17937,0.040267,172.217.194.0-255,5738,279690,53,293736
17938,0.040278,172.31.46.0-255,66,279756,53,293736
17939,0.042832,172.217.194.0-255,5738,285494,53,293736
17940,0.042839,172.31.46.0-255,66,285560,53,293736
17941,0.045428,172.217.194.0-255,5738,291298,53,293736
17942,0.045438,172.31.46.0-255,66,291364,53,293736
17943,0.047993,172.217.194.0-255,2135,293499,53,293736
17944,0.048001,172.31.46.0-255,66,293565,53,293736
17945,0.048179,172.31.46.0-255,105,293670,53,293736
17946,0.050689,172.217.194.0-255,66,293736,53,293736
17947,0.0,172.217.194.0-255,146,146,53,229686
17948,2.6e-05,172.31.46.0-255,66,212,53,229686
17949,3.3e-05,172.217.194.0-255,1484,1696,53,229686
17950,3.8e-05,172.31.46.0-255,66,1762,53,229686
17951,4.4e-05,172.217.194.0-255,2902,4664,53,229686
17952,4.9e-05,172.31.46.0-255,66,4730,53,229686
17953,5.7e-05,172.217.194.0-255,7156,11886,53,229686
17954,6e-05,172.31.46.0-255,66,11952,53,229686
17955,6.4e-05,172.217.194.0-255,2038,13990,53,229686
17956,6.7e-05,172.31.46.0-255,66,14056,53,229686
17957,0.000123,172.217.194.0-255,1484,15540,53,229686
17958,0.000125,172.31.46.0-255,66,15606,53,229686
17959,0.000129,172.217.194.0-255,1484,17090,53,229686
17960,0.000131,172.31.46.0-255,66,17156,53,229686
17961,0.000147,172.217.194.0-255,1484,18640,53,229686
17962,0.000163,172.31.46.0-255,66,18706,53,229686
17963,0.00017,172.217.194.0-255,5738,24444,53,229686
17964,0.000172,172.31.46.0-255,66,24510,53,229686
17965,0.000208,172.31.46.0-255,66,24576,53,229686
17966,0.000235,172.217.194.0-255,5379,29955,53,229686
17967,0.000238,172.31.46.0-255,66,30021,53,229686
17968,0.000253,172.31.46.0-255,66,30087,53,229686
17969,0.000257,172.217.194.0-255,2902,32989,53,229686
17970,0.000259,172.31.46.0-255,66,33055,53,229686
17971,0.000304,172.31.46.0-255,66,33121,53,229686
17972,0.000307,172.217.194.0-255,120,33241,53,229686
17973,0.000309,172.31.46.0-255,66,33307,53,229686
17974,0.000405,172.217.194.0-255,1484,34791,53,229686
17975,0.000408,172.31.46.0-255,66,34857,53,229686
17976,0.000413,172.217.194.0-255,2902,37759,53,229686
17977,0.00046,172.217.194.0-255,5738,43497,53,229686
17978,0.00051,172.217.194.0-255,2902,46399,53,229686
17979,0.000543,172.217.194.0-255,4320,50719,53,229686
17980,0.000566,172.217.194.0-255,7156,57875,53,229686
17981,0.000631,172.217.194.0-255,2902,60777,53,229686
17982,0.000708,172.217.194.0-255,5738,66515,53,229686
17983,0.000727,172.217.194.0-255,2902,69417,53,229686
17984,0.000731,172.31.46.0-255,66,69483,53,229686
17985,0.000737,172.31.46.0-255,66,69549,53,229686
17986,0.000791,172.31.46.0-255,66,69615,53,229686
17987,0.000944,172.217.194.0-255,1484,71099,53,229686
17988,0.000951,172.217.194.0-255,2902,74001,53,229686
17989,0.000974,172.217.194.0-255,5738,79739,53,229686
17990,0.00098,172.31.46.0-255,66,79805,53,229686
17991,0.000999,172.217.194.0-255,7156,86961,53,229686
17992,0.001027,172.31.46.0-255,66,87027,53,229686
17993,0.001051,172.217.194.0-255,4320,91347,53,229686
17994,0.001055,172.217.194.0-255,2184,93531,53,229686
17995,0.001061,172.31.46.0-255,66,93597,53,229686
17996,0.001173,172.217.194.0-255,1484,95081,53,229686
17997,0.001186,172.217.194.0-255,2902,97983,53,229686
17998,0.001191,172.217.194.0-255,2902,100885,53,229686
17999,0.001196,172.31.46.0-255,66,100951,53,229686
18000,0.001206,172.217.194.0-255,2902,103853,53,229686
18001,0.001238,172.31.46.0-255,66,103919,53,229686
18002,0.001263,172.217.194.0-255,1484,105403,53,229686
18003,0.001285,172.31.46.0-255,66,105469,53,229686
18004,0.001523,172.217.194.0-255,1484,106953,53,229686
18005,0.00153,172.217.194.0-255,2902,109855,53,229686
18006,0.001535,172.31.46.0-255,66,109921,53,229686
18007,0.001557,172.217.194.0-255,2902,112823,53,229686
18008,0.001561,172.217.194.0-255,1484,114307,53,229686
18009,0.00157,172.31.46.0-255,66,114373,53,229686
18010,0.001589,172.217.194.0-255,2902,117275,53,229686
18011,0.001608,172.217.194.0-255,2902,120177,53,229686
18012,0.001618,172.31.46.0-255,66,120243,53,229686
18013,0.001633,172.217.194.0-255,7156,127399,53,229686
18014,0.001637,172.31.46.0-255,66,127465,53,229686
18015,0.00165,172.217.194.0-255,3602,131067,53,229686
18016,0.001669,172.31.46.0-255,66,131133,53,229686
18017,0.001753,172.217.194.0-255,1484,132617,53,229686
18018,0.001757,172.217.194.0-255,1484,134101,53,229686
18019,0.001764,172.31.46.0-255,66,134167,53,229686
18020,0.001774,172.217.194.0-255,1484,135651,53,229686
18021,0.001781,172.217.194.0-255,5738,141389,53,229686
18022,0.001799,172.31.46.0-255,66,141455,53,229686
18023,0.001819,172.31.46.0-255,66,141521,53,229686
18024,0.001824,172.217.194.0-255,2902,144423,53,229686
18025,0.001853,172.217.194.0-255,1484,145907,53,229686
18026,0.001865,172.31.46.0-255,66,145973,53,229686
18027,0.00189,172.31.46.0-255,66,146039,53,229686
18028,0.001944,172.217.194.0-255,6438,152477,53,229686
18029,0.001984,172.31.46.0-255,66,152543,53,229686
18030,0.003985,172.217.194.0-255,5738,158281,53,229686
18031,0.00399,172.31.46.0-255,66,158347,53,229686
18032,0.00603,172.217.194.0-255,5738,164085,53,229686
18033,0.008491,172.31.46.0-255,66,164151,53,229686
18034,0.010527,172.217.194.0-255,5738,169889,53,229686
18035,0.010535,172.31.46.0-255,66,169955,53,229686
18036,0.012559,172.217.194.0-255,5738,175693,53,229686
18037,0.012568,172.31.46.0-255,66,175759,53,229686
18038,0.01459,172.217.194.0-255,5738,181497,53,229686
18039,0.014605,172.31.46.0-255,66,181563,53,229686
18040,0.016642,172.217.194.0-255,5738,187301,53,229686
18041,0.016653,172.31.46.0-255,66,187367,53,229686
18042,0.018697,172.217.194.0-255,5738,193105,53,229686
18043,0.018707,172.31.46.0-255,66,193171,53,229686
18044,0.02075,172.217.194.0-255,5738,198909,53,229686
18045,0.020763,172.31.46.0-255,66,198975,53,229686
18046,0.022788,172.217.194.0-255,5738,204713,53,229686
18047,0.022804,172.31.46.0-255,66,204779,53,229686
18048,0.02483,172.217.194.0-255,5738,210517,53,229686
18049,0.024841,172.31.46.0-255,66,210583,53,229686
18050,0.026893,172.217.194.0-255,5738,216321,53,229686
18051,0.026909,172.31.46.0-255,66,216387,53,229686
18052,0.028927,172.217.194.0-255,5738,222125,53,229686
18053,0.028939,172.31.46.0-255,66,222191,53,229686
18054,0.03097,172.217.194.0-255,5738,227929,53,229686
18055,0.030978,172.31.46.0-255,66,227995,53,229686
18056,0.032938,172.217.194.0-255,76,228071,53,229686
18057,0.032982,172.31.46.0-255,66,228137,53,229686
18058,0.033029,172.31.46.0-255,105,228242,53,229686
18059,0.035027,172.217.194.0-255,66,228308,53,229686
18060,0.039333,172.31.46.0-255,172,228480,53,229686
18061,0.039365,172.31.46.0-255,1074,229554,53,229686
18062,0.040885,104.244.42.0-255,66,229620,53,229686
18063,0.040896,104.244.42.0-255,66,229686,53,229686
18064,0.0,172.217.194.0-255,143,143,53,352959
18065,2.3e-05,172.31.46.0-255,66,209,53,352959
18066,3e-05,172.217.194.0-255,1484,1693,53,352959
18067,3.5e-05,172.31.46.0-255,66,1759,53,352959
18068,4.1e-05,172.217.194.0-255,2902,4661,53,352959
18069,4.5e-05,172.31.46.0-255,66,4727,53,352959
18070,5.2e-05,172.217.194.0-255,5738,10465,53,352959
18071,5.7e-05,172.31.46.0-255,66,10531,53,352959
18072,9.4e-05,172.217.194.0-255,3356,13887,53,352959
18073,9.7e-05,172.31.46.0-255,66,13953,53,352959
18074,0.000115,172.217.194.0-255,4320,18273,53,352959
18075,0.000117,172.31.46.0-255,66,18339,53,352959
18076,0.000121,172.217.194.0-255,1484,19823,53,352959
18077,0.000123,172.31.46.0-255,66,19889,53,352959
18078,0.000175,172.31.46.0-255,66,19955,53,352959
18079,0.00018,172.217.194.0-255,2543,22498,53,352959
18080,0.000183,172.31.46.0-255,66,22564,53,352959
18081,0.000213,172.217.194.0-255,1484,24048,53,352959
18082,0.000216,172.31.46.0-255,66,24114,53,352959
18083,0.000236,172.217.194.0-255,2902,27016,53,352959
18084,0.000238,172.31.46.0-255,66,27082,53,352959
18085,0.000245,172.217.194.0-255,5738,32820,53,352959
18086,0.000247,172.31.46.0-255,66,32886,53,352959
18087,0.000255,172.217.194.0-255,6797,39683,53,352959
18088,0.000257,172.31.46.0-255,66,39749,53,352959
18089,0.000309,172.31.46.0-255,66,39815,53,352959
18090,0.000329,172.217.194.0-255,2902,42717,53,352959
18091,0.000331,172.31.46.0-255,66,42783,53,352959
18092,0.000335,172.217.194.0-255,2543,45326,53,352959
18093,0.000337,172.31.46.0-255,66,45392,53,352959
18094,0.00034,172.217.194.0-255,381,45773,53,352959
18095,0.000501,172.217.194.0-255,363,46136,53,352959
18096,0.000675,172.217.194.0-255,1484,47620,53,352959
18097,0.000681,172.31.46.0-255,66,47686,53,352959
18098,0.000686,172.217.194.0-255,2902,50588,53,352959
18099,0.000689,172.31.46.0-255,66,50654,53,352959
18100,0.000719,172.217.194.0-255,5738,56392,53,352959
18101,0.000722,172.31.46.0-255,66,56458,53,352959
18102,0.000728,172.217.194.0-255,4320,60778,53,352959
18103,0.00073,172.31.46.0-255,66,60844,53,352959
18104,0.000751,172.31.46.0-255,66,60910,53,352959
18105,0.000759,172.217.194.0-255,7156,68066,53,352959
18106,0.000762,172.31.46.0-255,66,68132,53,352959
18107,0.000787,172.217.194.0-255,3602,71734,53,352959
18108,0.00079,172.31.46.0-255,66,71800,53,352959
18109,0.001199,172.217.194.0-255,1484,73284,53,352959
18110,0.001205,172.217.194.0-255,2902,76186,53,352959
18111,0.001208,172.31.46.0-255,66,76252,53,352959
18112,0.001233,172.217.194.0-255,5738,81990,53,352959
18113,0.001236,172.31.46.0-255,66,82056,53,352959
18114,0.001242,172.217.194.0-255,5738,87794,53,352959
18115,0.001245,172.31.46.0-255,66,87860,53,352959
18116,0.001261,172.217.194.0-255,7156,95016,53,352959
18117,0.001264,172.31.46.0-255,66,95082,53,352959
18118,0.001272,172.217.194.0-255,5738,100820,53,352959
18119,0.001275,172.31.46.0-255,66,100886,53,352959
18120,0.001299,172.217.194.0-255,4320,105206,53,352959
18121,0.001302,172.31.46.0-255,66,105272,53,352959
18122,0.001305,172.217.194.0-255,766,106038,53,352959
18123,0.001791,172.31.46.0-255,66,106104,53,352959
18124,0.001958,172.217.194.0-255,1484,107588,53,352959
18125,0.001966,172.217.194.0-255,1484,109072,53,352959
18126,0.00197,172.31.46.0-255,66,109138,53,352959
18127,0.00199,172.217.194.0-255,1484,110622,53,352959
18128,0.001997,172.217.194.0-255,5738,116360,53,352959
18129,0.002,172.31.46.0-255,66,116426,53,352959
18130,0.002031,172.31.46.0-255,66,116492,53,352959
18131,0.002038,172.217.194.0-255,5738,122230,53,352959
18132,0.00204,172.31.46.0-255,66,122296,53,352959
18133,0.002072,172.217.194.0-255,5020,127316,53,352959
18134,0.002075,172.31.46.0-255,66,127382,53,352959
18135,0.002323,172.217.194.0-255,1484,128866,53,352959
18136,0.00233,172.217.194.0-255,2902,131768,53,352959
18137,0.002334,172.31.46.0-255,66,131834,53,352959
18138,0.002359,172.217.194.0-255,5738,137572,53,352959
18139,0.002362,172.31.46.0-255,66,137638,53,352959
18140,0.002366,172.217.194.0-255,1484,139122,53,352959
18141,0.00239,172.217.194.0-255,4320,143442,53,352959
18142,0.002393,172.31.46.0-255,66,143508,53,352959
18143,0.004717,172.217.194.0-255,5738,149246,53,352959
18144,0.004725,172.31.46.0-255,66,149312,53,352959
18145,0.007067,172.217.194.0-255,5738,155050,53,352959
18146,0.00707,172.31.46.0-255,66,155116,53,352959
18147,0.009433,172.217.194.0-255,5738,160854,53,352959
18148,0.009443,172.31.46.0-255,66,160920,53,352959
18149,0.01177,172.217.194.0-255,5738,166658,53,352959
18150,0.011778,172.31.46.0-255,66,166724,53,352959
18151,0.014132,172.217.194.0-255,1484,168208,53,352959
18152,0.014158,172.217.194.0-255,4320,172528,53,352959
18153,0.014164,172.31.46.0-255,66,172594,53,352959
18154,0.016525,172.217.194.0-255,4320,176914,53,352959
18155,0.016533,172.31.46.0-255,66,176980,53,352959
18156,0.016551,172.217.194.0-255,1484,178464,53,352959
18157,0.018894,172.217.194.0-255,4320,182784,53,352959
18158,0.0189,172.31.46.0-255,66,182850,53,352959
18159,0.021251,172.217.194.0-255,5738,188588,53,352959
18160,0.021259,172.31.46.0-255,66,188654,53,352959
18161,0.023598,172.217.194.0-255,5738,194392,53,352959
18162,0.023605,172.31.46.0-255,66,194458,53,352959
18163,0.025943,172.217.194.0-255,5738,200196,53,352959
18164,0.02595,172.31.46.0-255,66,200262,53,352959
18165,0.027518,172.31.46.0-255,172,200434,53,352959
18166,0.027549,172.31.46.0-255,1111,201545,53,352959
18167,0.02761,172.31.46.0-255,1514,203059,53,352959
18168,0.027612,172.31.46.0-255,330,203389,53,352959
18169,0.028311,172.217.194.0-255,4320,207709,53,352959
18170,0.028318,172.31.46.0-255,66,207775,53,352959
18171,0.028336,172.217.194.0-255,1484,209259,53,352959
18172,0.029062,104.244.42.0-255,66,209325,53,352959
18173,0.029109,104.244.42.0-255,66,209391,53,352959
18174,0.029203,104.244.42.0-255,66,209457,53,352959
18175,0.030645,172.217.194.0-255,4320,213777,53,352959
18176,0.030652,172.31.46.0-255,66,213843,53,352959
18177,0.033012,172.217.194.0-255,5738,219581,53,352959
18178,0.033019,172.31.46.0-255,66,219647,53,352959
18179,0.03537,172.217.194.0-255,5738,225385,53,352959
18180,0.035376,172.31.46.0-255,66,225451,53,352959
18181,0.037716,172.217.194.0-255,5738,231189,53,352959
18182,0.037723,172.31.46.0-255,66,231255,53,352959
18183,0.040112,172.217.194.0-255,5738,236993,53,352959
18184,0.040118,172.31.46.0-255,66,237059,53,352959
18185,0.042466,172.217.194.0-255,5738,242797,53,352959
18186,0.042472,172.31.46.0-255,66,242863,53,352959
18187,0.044798,172.217.194.0-255,5738,248601,53,352959
18188,0.044804,172.31.46.0-255,66,248667,53,352959
18189,0.04716,172.217.194.0-255,5738,254405,53,352959
18190,0.047168,172.31.46.0-255,66,254471,53,352959
18191,0.049528,172.217.194.0-255,5738,260209,53,352959
18192,0.049533,172.31.46.0-255,66,260275,53,352959
18193,0.051886,172.217.194.0-255,5738,266013,53,352959
18194,0.051893,172.31.46.0-255,66,266079,53,352959
18195,0.054263,172.217.194.0-255,5738,271817,53,352959
18196,0.054271,172.31.46.0-255,66,271883,53,352959
18197,0.056629,172.217.194.0-255,5738,277621,53,352959
18198,0.056637,172.31.46.0-255,66,277687,53,352959
18199,0.058971,172.217.194.0-255,5738,283425,53,352959
18200,0.058978,172.31.46.0-255,66,283491,53,352959
18201,0.061322,172.217.194.0-255,5738,289229,53,352959
18202,0.061328,172.31.46.0-255,66,289295,53,352959
18203,0.063665,172.217.194.0-255,5738,295033,53,352959
18204,0.063673,172.31.46.0-255,66,295099,53,352959
18205,0.066009,172.217.194.0-255,5738,300837,53,352959
18206,0.066015,172.31.46.0-255,66,300903,53,352959
18207,0.06836,172.217.194.0-255,5738,306641,53,352959
18208,0.068369,172.31.46.0-255,66,306707,53,352959
18209,0.070719,172.217.194.0-255,5738,312445,53,352959
18210,0.070726,172.31.46.0-255,66,312511,53,352959
18211,0.073121,172.217.194.0-255,5738,318249,53,352959
18212,0.073131,172.31.46.0-255,66,318315,53,352959
18213,0.075482,172.217.194.0-255,5738,324053,53,352959
18214,0.075488,172.31.46.0-255,66,324119,53,352959
18215,0.07784,172.217.194.0-255,5738,329857,53,352959
18216,0.077847,172.31.46.0-255,66,329923,53,352959
18217,0.080194,172.217.194.0-255,5738,335661,53,352959
18218,0.080201,172.31.46.0-255,66,335727,53,352959
18219,0.082538,172.217.194.0-255,5738,341465,53,352959
18220,0.082544,172.31.46.0-255,66,341531,53,352959
18221,0.084887,172.217.194.0-255,5738,347269,53,352959
18222,0.084893,172.31.46.0-255,66,347335,53,352959
18223,0.087264,172.217.194.0-255,5387,352722,53,352959
18224,0.087273,172.31.46.0-255,66,352788,53,352959
18225,0.087473,172.31.46.0-255,105,352893,53,352959
18226,0.089772,172.217.194.0-255,66,352959,53,352959
18227,0.0,172.217.27.0-255,180,180,53,398298
18228,1.8e-05,172.31.46.0-255,66,246,53,398298
18229,2.4e-05,172.217.27.0-255,1484,1730,53,398298
18230,2.8e-05,172.31.46.0-255,66,1796,53,398298
18231,3.3e-05,172.217.27.0-255,2902,4698,53,398298
18232,4.5e-05,172.31.46.0-255,66,4764,53,398298
18233,5.2e-05,172.217.27.0-255,7156,11920,53,398298
18234,5.5e-05,172.31.46.0-255,66,11986,53,398298
18235,5.9e-05,172.217.27.0-255,2057,14043,53,398298
18236,6.2e-05,172.31.46.0-255,66,14109,53,398298
18237,0.000221,172.217.27.0-255,1484,15593,53,398298
18238,0.000225,172.31.46.0-255,66,15659,53,398298
18239,0.000231,172.217.27.0-255,2902,18561,53,398298
18240,0.000233,172.31.46.0-255,66,18627,53,398298
18241,0.000277,172.217.27.0-255,5738,24365,53,398298
18242,0.000279,172.31.46.0-255,66,24431,53,398298
18243,0.000283,172.217.27.0-255,2902,27333,53,398298
18244,0.000285,172.31.46.0-255,66,27399,53,398298
18245,0.000303,172.217.27.0-255,1484,28883,53,398298
18246,0.000306,172.31.46.0-255,66,28949,53,398298
18247,0.000308,172.217.27.0-255,1484,30433,53,398298
18248,0.00031,172.31.46.0-255,66,30499,53,398298
18249,0.00034,172.217.27.0-255,1125,31624,53,398298
18250,0.000342,172.31.46.0-255,66,31690,53,398298
18251,0.000441,172.217.27.0-255,1484,33174,53,398298
18252,0.000445,172.31.46.0-255,66,33240,53,398298
18253,0.000457,172.217.27.0-255,2902,36142,53,398298
18254,0.000464,172.31.46.0-255,66,36208,53,398298
18255,0.000469,172.217.27.0-255,5738,41946,53,398298
18256,0.000472,172.31.46.0-255,66,42012,53,398298
18257,0.000496,172.217.27.0-255,2902,44914,53,398298
18258,0.000498,172.31.46.0-255,66,44980,53,398298
18259,0.000526,172.217.27.0-255,3961,48941,53,398298
18260,0.000546,172.31.46.0-255,66,49007,53,398298
18261,0.000599,172.217.27.0-255,1484,50491,53,398298
18262,0.000613,172.217.27.0-255,2902,53393,53,398298
18263,0.000632,172.31.46.0-255,66,53459,53,398298
18264,0.00066,172.217.27.0-255,5738,59197,53,398298
18265,0.000684,172.31.46.0-255,66,59263,53,398298
18266,0.000693,172.217.27.0-255,7127,66390,53,398298
18267,0.000713,172.31.46.0-255,66,66456,53,398298
18268,0.001459,172.217.27.0-255,115,66571,53,398298
18269,0.001616,172.217.27.0-255,1484,68055,53,398298
18270,0.001623,172.31.46.0-255,66,68121,53,398298
18271,0.00163,172.217.27.0-255,2902,71023,53,398298
18272,0.001637,172.217.27.0-255,5738,76761,53,398298
18273,0.001658,172.217.27.0-255,1484,78245,53,398298
18274,0.007221,172.31.46.0-255,66,78311,53,398298
18275,0.008849,172.217.27.0-255,5738,84049,53,398298
18276,0.008857,172.31.46.0-255,66,84115,53,398298
18277,0.010503,172.217.27.0-255,5738,89853,53,398298
18278,0.012239,172.31.46.0-255,66,89919,53,398298
18279,0.013864,172.217.27.0-255,5738,95657,53,398298
18280,0.013872,172.31.46.0-255,66,95723,53,398298
18281,0.015496,172.217.27.0-255,5738,101461,53,398298
18282,0.015502,172.31.46.0-255,66,101527,53,398298
18283,0.017123,172.217.27.0-255,5738,107265,53,398298
18284,0.017131,172.31.46.0-255,66,107331,53,398298
18285,0.018762,172.217.27.0-255,5738,113069,53,398298
18286,0.018768,172.31.46.0-255,66,113135,53,398298
18287,0.020401,172.217.27.0-255,5738,118873,53,398298
18288,0.020409,172.31.46.0-255,66,118939,53,398298
18289,0.022031,172.217.27.0-255,5738,124677,53,398298
18290,0.022039,172.31.46.0-255,66,124743,53,398298
18291,0.023658,172.217.27.0-255,5738,130481,53,398298
18292,0.023665,172.31.46.0-255,66,130547,53,398298
18293,0.023685,172.31.46.0-255,172,130719,53,398298
18294,0.023709,172.31.46.0-255,1112,131831,53,398298
18295,0.023761,172.31.46.0-255,1514,133345,53,398298
18296,0.023762,172.31.46.0-255,1514,134859,53,398298
18297,0.023784,172.31.46.0-255,702,135561,53,398298
18298,0.025192,104.244.42.0-255,66,135627,53,398298
18299,0.025246,104.244.42.0-255,66,135693,53,398298
18300,0.025287,172.217.27.0-255,5738,141431,53,398298
18301,0.025292,172.31.46.0-255,66,141497,53,398298
18302,0.025307,104.244.42.0-255,66,141563,53,398298
18303,0.025316,104.244.42.0-255,66,141629,53,398298
18304,0.026923,172.217.27.0-255,5738,147367,53,398298
18305,0.026929,172.31.46.0-255,66,147433,53,398298
18306,0.028556,172.217.27.0-255,5738,153171,53,398298
18307,0.028562,172.31.46.0-255,66,153237,53,398298
18308,0.030209,172.217.27.0-255,5738,158975,53,398298
18309,0.030216,172.31.46.0-255,66,159041,53,398298
18310,0.031857,172.217.27.0-255,5738,164779,53,398298
18311,0.031864,172.31.46.0-255,66,164845,53,398298
18312,0.033495,172.217.27.0-255,5738,170583,53,398298
18313,0.033501,172.31.46.0-255,66,170649,53,398298
18314,0.035121,172.217.27.0-255,5738,176387,53,398298
18315,0.035126,172.31.46.0-255,66,176453,53,398298
18316,0.036768,172.217.27.0-255,5738,182191,53,398298
18317,0.036775,172.31.46.0-255,66,182257,53,398298
18318,0.0384,172.217.27.0-255,4320,186577,53,398298
18319,0.038407,172.31.46.0-255,66,186643,53,398298
18320,0.038433,172.217.27.0-255,1484,188127,53,398298
18321,0.040031,172.217.27.0-255,4320,192447,53,398298
18322,0.040038,172.31.46.0-255,66,192513,53,398298
18323,0.041661,172.217.27.0-255,5738,198251,53,398298
18324,0.041705,172.31.46.0-255,66,198317,53,398298
18325,0.043328,172.217.27.0-255,5738,204055,53,398298
18326,0.043335,172.31.46.0-255,66,204121,53,398298
18327,0.044994,172.217.27.0-255,5738,209859,53,398298
18328,0.045,172.31.46.0-255,66,209925,53,398298
18329,0.046624,172.217.27.0-255,5738,215663,53,398298
18330,0.04663,172.31.46.0-255,66,215729,53,398298
18331,0.048259,172.217.27.0-255,5738,221467,53,398298
18332,0.048265,172.31.46.0-255,66,221533,53,398298
18333,0.049894,172.217.27.0-255,5738,227271,53,398298
18334,0.0499,172.31.46.0-255,66,227337,53,398298
18335,0.051537,172.217.27.0-255,5738,233075,53,398298
18336,0.051544,172.31.46.0-255,66,233141,53,398298
18337,0.053169,172.217.27.0-255,5738,238879,53,398298
18338,0.053176,172.31.46.0-255,66,238945,53,398298
18339,0.054803,172.217.27.0-255,5738,244683,53,398298
18340,0.054809,172.31.46.0-255,66,244749,53,398298
18341,0.056438,172.217.27.0-255,5738,250487,53,398298
18342,0.056444,172.31.46.0-255,66,250553,53,398298
18343,0.058085,172.217.27.0-255,5738,256291,53,398298
18344,0.058092,172.31.46.0-255,66,256357,53,398298
18345,0.05973,172.217.27.0-255,5738,262095,53,398298
18346,0.059736,172.31.46.0-255,66,262161,53,398298
18347,0.061368,172.217.27.0-255,5738,267899,53,398298
18348,0.061375,172.31.46.0-255,66,267965,53,398298
18349,0.062997,172.217.27.0-255,5738,273703,53,398298
18350,0.063004,172.31.46.0-255,66,273769,53,398298
18351,0.064665,172.217.27.0-255,5738,279507,53,398298
18352,0.064672,172.31.46.0-255,66,279573,53,398298
18353,0.066315,172.217.27.0-255,5738,285311,53,398298
18354,0.066322,172.31.46.0-255,66,285377,53,398298
18355,0.067967,172.217.27.0-255,5738,291115,53,398298
18356,0.067974,172.31.46.0-255,66,291181,53,398298
18357,0.069617,172.217.27.0-255,5738,296919,53,398298
18358,0.069625,172.31.46.0-255,66,296985,53,398298
18359,0.071256,172.217.27.0-255,5738,302723,53,398298
18360,0.071263,172.31.46.0-255,66,302789,53,398298
18361,0.072902,172.217.27.0-255,5738,308527,53,398298
18362,0.072907,172.31.46.0-255,66,308593,53,398298
18363,0.074529,172.217.27.0-255,5738,314331,53,398298
18364,0.074535,172.31.46.0-255,66,314397,53,398298
18365,0.076167,172.217.27.0-255,5738,320135,53,398298
18366,0.076174,172.31.46.0-255,66,320201,53,398298
18367,0.077808,172.217.27.0-255,5738,325939,53,398298
18368,0.077813,172.31.46.0-255,66,326005,53,398298
18369,0.079456,172.217.27.0-255,5738,331743,53,398298
18370,0.079461,172.31.46.0-255,66,331809,53,398298
18371,0.081117,172.217.27.0-255,5738,337547,53,398298
18372,0.081126,172.31.46.0-255,66,337613,53,398298
18373,0.082752,172.217.27.0-255,5738,343351,53,398298
18374,0.082759,172.31.46.0-255,66,343417,53,398298
18375,0.084398,172.217.27.0-255,5738,349155,53,398298
18376,0.084405,172.31.46.0-255,66,349221,53,398298
18377,0.086046,172.217.27.0-255,5738,354959,53,398298
18378,0.086053,172.31.46.0-255,66,355025,53,398298
18379,0.087689,172.217.27.0-255,5738,360763,53,398298
18380,0.087696,172.31.46.0-255,66,360829,53,398298
18381,0.08932,172.217.27.0-255,5738,366567,53,398298
18382,0.089327,172.31.46.0-255,66,366633,53,398298
18383,0.090956,172.217.27.0-255,5738,372371,53,398298
18384,0.090963,172.31.46.0-255,66,372437,53,398298
18385,0.092607,172.217.27.0-255,5738,378175,53,398298
18386,0.092613,172.31.46.0-255,66,378241,53,398298
18387,0.094235,172.217.27.0-255,5738,383979,53,398298
18388,0.094241,172.31.46.0-255,66,384045,53,398298
18389,0.095862,172.217.27.0-255,5738,389783,53,398298
18390,0.095868,172.31.46.0-255,66,389849,53,398298
18391,0.097519,172.217.27.0-255,5738,395587,53,398298
18392,0.097525,172.31.46.0-255,66,395653,53,398298
18393,0.099148,172.217.27.0-255,2474,398127,53,398298
18394,0.099154,172.31.46.0-255,66,398193,53,398298
18395,0.09931,172.31.46.0-255,105,398298,53,398298
18396,0.0,74.125.200.0-255,167,167,53,362494
18397,1.2e-05,172.31.46.0-255,66,233,53,362494
18398,4.3e-05,74.125.200.0-255,1484,1717,53,362494
18399,4.8e-05,172.31.46.0-255,66,1783,53,362494
18400,5.3e-05,74.125.200.0-255,2902,4685,53,362494
18401,5.7e-05,172.31.46.0-255,66,4751,53,362494
18402,6.2e-05,74.125.200.0-255,4320,9071,53,362494
18403,6.5e-05,172.31.46.0-255,66,9137,53,362494
18404,7.2e-05,74.125.200.0-255,4892,14029,53,362494
18405,7.3e-05,172.31.46.0-255,66,14095,53,362494
18406,0.000142,74.125.200.0-255,1484,15579,53,362494
18407,0.000145,172.31.46.0-255,66,15645,53,362494
18408,0.000148,74.125.200.0-255,1484,17129,53,362494
18409,0.00015,172.31.46.0-255,66,17195,53,362494
18410,0.000169,74.125.200.0-255,1484,18679,53,362494
18411,0.000171,172.31.46.0-255,66,18745,53,362494
18412,0.000177,74.125.200.0-255,5738,24483,53,362494
18413,0.000183,172.31.46.0-255,66,24549,53,362494
18414,0.000188,74.125.200.0-255,4320,28869,53,362494
18415,0.00019,172.31.46.0-255,66,28935,53,362494
18416,0.000236,74.125.200.0-255,2543,31478,53,362494
18417,0.000238,172.31.46.0-255,66,31544,53,362494
18418,0.000266,74.125.200.0-255,2902,34446,53,362494
18419,0.000268,172.31.46.0-255,66,34512,53,362494
18420,0.000276,74.125.200.0-255,7156,41668,53,362494
18421,0.000278,172.31.46.0-255,66,41734,53,362494
18422,0.000284,74.125.200.0-255,1484,43218,53,362494
18423,0.000286,172.31.46.0-255,66,43284,53,362494
18424,0.000316,74.125.200.0-255,1484,44768,53,362494
18425,0.000318,172.31.46.0-255,66,44834,53,362494
18426,0.000323,74.125.200.0-255,3961,48795,53,362494
18427,0.000325,172.31.46.0-255,66,48861,53,362494
18428,0.001182,74.125.200.0-255,1484,50345,53,362494
18429,0.001192,74.125.200.0-255,2902,53247,53,362494
18430,0.001196,172.31.46.0-255,66,53313,53,362494
18431,0.0012,74.125.200.0-255,1484,54797,53,362494
18432,0.001204,74.125.200.0-255,2902,57699,53,362494
18433,0.001206,172.31.46.0-255,66,57765,53,362494
18434,0.001249,74.125.200.0-255,4320,62085,53,362494
18435,0.001252,172.31.46.0-255,66,62151,53,362494
18436,0.0013,74.125.200.0-255,3961,66112,53,362494
18437,0.001303,172.31.46.0-255,66,66178,53,362494
18438,0.001336,74.125.200.0-255,2902,69080,53,362494
18439,0.001338,172.31.46.0-255,66,69146,53,362494
18440,0.001355,74.125.200.0-255,1484,70630,53,362494
18441,0.00136,74.125.200.0-255,2902,73532,53,362494
18442,0.001361,172.31.46.0-255,66,73598,53,362494
18443,0.001367,74.125.200.0-255,4320,77918,53,362494
18444,0.001368,172.31.46.0-255,66,77984,53,362494
18445,0.001416,74.125.200.0-255,5960,83944,53,362494
18446,0.001418,172.31.46.0-255,66,84010,53,362494
18447,0.001445,74.125.200.0-255,2902,86912,53,362494
18448,0.001447,172.31.46.0-255,66,86978,53,362494
18449,0.001464,74.125.200.0-255,4320,91298,53,362494
18450,0.001466,172.31.46.0-255,66,91364,53,362494
18451,0.001492,74.125.200.0-255,4320,95684,53,362494
18452,0.001494,172.31.46.0-255,66,95750,53,362494
18453,0.001521,74.125.200.0-255,4320,100070,53,362494
18454,0.001523,172.31.46.0-255,66,100136,53,362494
18455,0.001526,74.125.200.0-255,1125,101261,53,362494
18456,0.00153,74.125.200.0-255,1484,102745,53,362494
18457,0.001531,172.31.46.0-255,66,102811,53,362494
18458,0.001549,74.125.200.0-255,2902,105713,53,362494
18459,0.001551,172.31.46.0-255,66,105779,53,362494
18460,0.001554,74.125.200.0-255,1484,107263,53,362494
18461,0.001579,74.125.200.0-255,2902,110165,53,362494
18462,0.001581,172.31.46.0-255,66,110231,53,362494
18463,0.001604,74.125.200.0-255,2902,113133,53,362494
18464,0.001607,172.31.46.0-255,66,113199,53,362494
18465,0.001625,74.125.200.0-255,4815,118014,53,362494
18466,0.001627,172.31.46.0-255,66,118080,53,362494
18467,0.001711,74.125.200.0-255,1484,119564,53,362494
18468,0.001723,74.125.200.0-255,1484,121048,53,362494
18469,0.001726,172.31.46.0-255,66,121114,53,362494
18470,0.001747,74.125.200.0-255,1484,122598,53,362494
18471,0.001753,74.125.200.0-255,5738,128336,53,362494
18472,0.001755,172.31.46.0-255,66,128402,53,362494
18473,0.001759,74.125.200.0-255,2902,131304,53,362494
18474,0.001761,172.31.46.0-255,66,131370,53,362494
18475,0.001785,74.125.200.0-255,2902,134272,53,362494
18476,0.001787,172.31.46.0-255,66,134338,53,362494
18477,0.001793,74.125.200.0-255,7156,141494,53,362494
18478,0.001795,172.31.46.0-255,66,141560,53,362494
18479,0.001839,172.31.46.0-255,66,141626,53,362494
18480,0.001932,74.125.200.0-255,1484,143110,53,362494
18481,0.00195,74.125.200.0-255,2902,146012,53,362494
18482,0.001952,172.31.46.0-255,66,146078,53,362494
18483,0.001955,74.125.200.0-255,1484,147562,53,362494
18484,0.002005,74.125.200.0-255,5738,153300,53,362494
18485,0.002007,172.31.46.0-255,66,153366,53,362494
18486,0.002028,74.125.200.0-255,7156,160522,53,362494
18487,0.002031,172.31.46.0-255,66,160588,53,362494
18488,0.002103,172.31.46.0-255,66,160654,53,362494
18489,0.002133,74.125.200.0-255,5738,166392,53,362494
18490,0.002136,172.31.46.0-255,66,166458,53,362494
18491,0.002138,74.125.200.0-255,766,167224,53,362494
18492,0.002142,74.125.200.0-255,1484,168708,53,362494
18493,0.002144,172.31.46.0-255,66,168774,53,362494
18494,0.002154,74.125.200.0-255,4320,173094,53,362494
18495,0.002156,172.31.46.0-255,66,173160,53,362494
18496,0.002168,172.31.46.0-255,66,173226,53,362494
18497,0.002188,74.125.200.0-255,1484,174710,53,362494
18498,0.002202,172.31.46.0-255,66,174776,53,362494
18499,0.002208,74.125.200.0-255,4320,179096,53,362494
18500,0.002211,172.31.46.0-255,66,179162,53,362494
18501,0.002239,74.125.200.0-255,2184,181346,53,362494
18502,0.002242,172.31.46.0-255,66,181412,53,362494
18503,0.00477,74.125.200.0-255,2902,184314,53,362494
18504,0.004776,172.31.46.0-255,66,184380,53,362494
18505,0.004803,74.125.200.0-255,2902,187282,53,362494
18506,0.004805,172.31.46.0-255,66,187348,53,362494
18507,0.007335,74.125.200.0-255,2902,190250,53,362494
18508,0.007341,172.31.46.0-255,66,190316,53,362494
18509,0.007371,74.125.200.0-255,2902,193218,53,362494
18510,0.007374,172.31.46.0-255,66,193284,53,362494
18511,0.009906,74.125.200.0-255,2902,196186,53,362494
18512,0.009913,172.31.46.0-255,66,196252,53,362494
18513,0.009943,74.125.200.0-255,2902,199154,53,362494
18514,0.009946,172.31.46.0-255,66,199220,53,362494
18515,0.012502,74.125.200.0-255,5738,204958,53,362494
18516,0.01251,172.31.46.0-255,66,205024,53,362494
18517,0.015075,74.125.200.0-255,5738,210762,53,362494
18518,0.015083,172.31.46.0-255,66,210828,53,362494
18519,0.01769,74.125.200.0-255,5738,216566,53,362494
18520,0.017702,172.31.46.0-255,66,216632,53,362494
18521,0.020278,74.125.200.0-255,5738,222370,53,362494
18522,0.020286,172.31.46.0-255,66,222436,53,362494
18523,0.022849,74.125.200.0-255,5738,228174,53,362494
18524,0.022858,172.31.46.0-255,66,228240,53,362494
18525,0.025431,74.125.200.0-255,5738,233978,53,362494
18526,0.025439,172.31.46.0-255,66,234044,53,362494
18527,0.02801,74.125.200.0-255,5738,239782,53,362494
18528,0.028018,172.31.46.0-255,66,239848,53,362494
18529,0.030579,74.125.200.0-255,5738,245586,53,362494
18530,0.030585,172.31.46.0-255,66,245652,53,362494
18531,0.033156,74.125.200.0-255,5738,251390,53,362494
18532,0.033163,172.31.46.0-255,66,251456,53,362494
18533,0.033516,172.31.46.0-255,172,251628,53,362494
18534,0.033543,172.31.46.0-255,1112,252740,53,362494
18535,0.033594,172.31.46.0-255,1514,254254,53,362494
18536,0.033596,172.31.46.0-255,1514,255768,53,362494
18537,0.033619,172.31.46.0-255,704,256472,53,362494
18538,0.035041,104.244.42.0-255,66,256538,53,362494
18539,0.035098,104.244.42.0-255,66,256604,53,362494
18540,0.035126,104.244.42.0-255,66,256670,53,362494
18541,0.035145,104.244.42.0-255,66,256736,53,362494
18542,0.035728,74.125.200.0-255,5738,262474,53,362494
18543,0.035732,172.31.46.0-255,66,262540,53,362494
18544,0.038306,74.125.200.0-255,5738,268278,53,362494
18545,0.038311,172.31.46.0-255,66,268344,53,362494
18546,0.040885,74.125.200.0-255,5738,274082,53,362494
18547,0.040893,172.31.46.0-255,66,274148,53,362494
18548,0.04347,74.125.200.0-255,5738,279886,53,362494
18549,0.043476,172.31.46.0-255,66,279952,53,362494
18550,0.046038,74.125.200.0-255,5738,285690,53,362494
18551,0.046044,172.31.46.0-255,66,285756,53,362494
18552,0.048623,74.125.200.0-255,5738,291494,53,362494
18553,0.048628,172.31.46.0-255,66,291560,53,362494
18554,0.051209,74.125.200.0-255,5738,297298,53,362494
18555,0.051214,172.31.46.0-255,66,297364,53,362494
18556,0.053783,74.125.200.0-255,5738,303102,53,362494
18557,0.053789,172.31.46.0-255,66,303168,53,362494
18558,0.056376,74.125.200.0-255,5738,308906,53,362494
18559,0.056382,172.31.46.0-255,66,308972,53,362494
18560,0.058964,74.125.200.0-255,5738,314710,53,362494
18561,0.05897,172.31.46.0-255,66,314776,53,362494
18562,0.061543,74.125.200.0-255,5738,320514,53,362494
18563,0.06155,172.31.46.0-255,66,320580,53,362494
18564,0.064143,74.125.200.0-255,5738,326318,53,362494
18565,0.064149,172.31.46.0-255,66,326384,53,362494
18566,0.066725,74.125.200.0-255,5738,332122,53,362494
18567,0.066732,172.31.46.0-255,66,332188,53,362494
18568,0.069308,74.125.200.0-255,5738,337926,53,362494
18569,0.069313,172.31.46.0-255,66,337992,53,362494
18570,0.071886,74.125.200.0-255,5738,343730,53,362494
18571,0.071893,172.31.46.0-255,66,343796,53,362494
18572,0.074465,74.125.200.0-255,5738,349534,53,362494
18573,0.074471,172.31.46.0-255,66,349600,53,362494
18574,0.077044,74.125.200.0-255,5738,355338,53,362494
18575,0.07705,172.31.46.0-255,66,355404,53,362494
18576,0.079627,74.125.200.0-255,5738,361142,53,362494
18577,0.079634,172.31.46.0-255,66,361208,53,362494
18578,0.082185,74.125.200.0-255,1049,362257,53,362494
18579,0.082327,172.31.46.0-255,66,362323,53,362494
18580,0.082361,172.31.46.0-255,105,362428,53,362494
18581,0.084886,74.125.200.0-255,66,362494,53,362494
18582,0.0,74.125.24.0-255,146,146,53,141489
18583,2.4e-05,172.31.46.0-255,66,212,53,141489
18584,3.2e-05,74.125.24.0-255,1484,1696,53,141489
18585,3.7e-05,172.31.46.0-255,66,1762,53,141489
18586,5.1e-05,74.125.24.0-255,2902,4664,53,141489
18587,5.5e-05,172.31.46.0-255,66,4730,53,141489
18588,6e-05,74.125.24.0-255,2902,7632,53,141489
18589,6.3e-05,172.31.46.0-255,66,7698,53,141489
18590,7.6e-05,172.31.46.0-255,66,7764,53,141489
18591,9e-05,172.31.46.0-255,66,7830,53,141489
18592,0.000134,74.125.24.0-255,3961,11791,53,141489
18593,0.000137,172.31.46.0-255,66,11857,53,141489
18594,0.000149,74.125.24.0-255,4320,16177,53,141489
18595,0.000152,172.31.46.0-255,66,16243,53,141489
18596,0.000158,74.125.24.0-255,4320,20563,53,141489
18597,0.000161,172.31.46.0-255,66,20629,53,141489
18598,0.000202,74.125.24.0-255,5738,26367,53,141489
18599,0.000205,172.31.46.0-255,66,26433,53,141489
18600,0.000212,74.125.24.0-255,7156,33589,53,141489
18601,0.000215,172.31.46.0-255,66,33655,53,141489
18602,0.000248,74.125.24.0-255,2902,36557,53,141489
18603,0.000251,172.31.46.0-255,66,36623,53,141489
18604,0.000283,172.31.46.0-255,66,36689,53,141489
18605,0.000286,74.125.24.0-255,134,36823,53,141489
18606,0.000288,172.31.46.0-255,66,36889,53,141489
18607,0.000331,74.125.24.0-255,1484,38373,53,141489
18608,0.000333,172.31.46.0-255,66,38439,53,141489
18609,0.000338,74.125.24.0-255,2902,41341,53,141489
18610,0.000341,172.31.46.0-255,66,41407,53,141489
18611,0.000351,74.125.24.0-255,5738,47145,53,141489
18612,0.000354,172.31.46.0-255,66,47211,53,141489
18613,0.00039,172.31.46.0-255,66,47277,53,141489
18614,0.000401,74.125.24.0-255,1484,48761,53,141489
18615,0.000471,172.31.46.0-255,66,48827,53,141489
18616,0.000493,74.125.24.0-255,1890,50717,53,141489
18617,0.000495,172.31.46.0-255,66,50783,53,141489
18618,0.000501,74.125.24.0-255,4320,55103,53,141489
18619,0.000502,172.31.46.0-255,66,55169,53,141489
18620,0.000505,74.125.24.0-255,1484,56653,53,141489
18621,0.000534,74.125.24.0-255,4320,60973,53,141489
18622,0.000537,172.31.46.0-255,66,61039,53,141489
18623,0.000546,172.31.46.0-255,66,61105,53,141489
18624,0.000567,74.125.24.0-255,2902,64007,53,141489
18625,0.000569,172.31.46.0-255,66,64073,53,141489
18626,0.000573,74.125.24.0-255,2902,66975,53,141489
18627,0.000575,172.31.46.0-255,66,67041,53,141489
18628,0.000617,172.31.46.0-255,66,67107,53,141489
18629,0.001103,74.125.24.0-255,1484,68591,53,141489
18630,0.001117,74.125.24.0-255,2902,71493,53,141489
18631,0.001122,172.31.46.0-255,66,71559,53,141489
18632,0.00113,74.125.24.0-255,2902,74461,53,141489
18633,0.001132,172.31.46.0-255,66,74527,53,141489
18634,0.00116,74.125.24.0-255,2902,77429,53,141489
18635,0.001163,172.31.46.0-255,66,77495,53,141489
18636,0.001169,74.125.24.0-255,7156,84651,53,141489
18637,0.001171,172.31.46.0-255,66,84717,53,141489
18638,0.001185,172.31.46.0-255,66,84783,53,141489
18639,0.001226,172.31.46.0-255,66,84849,53,141489
18640,0.00143,74.125.24.0-255,1484,86333,53,141489
18641,0.001435,74.125.24.0-255,1484,87817,53,141489
18642,0.001438,172.31.46.0-255,66,87883,53,141489
18643,0.001463,74.125.24.0-255,1484,89367,53,141489
18644,0.001469,74.125.24.0-255,5738,95105,53,141489
18645,0.001471,172.31.46.0-255,66,95171,53,141489
18646,0.001495,74.125.24.0-255,4320,99491,53,141489
18647,0.001497,172.31.46.0-255,66,99557,53,141489
18648,0.001526,172.31.46.0-255,66,99623,53,141489
18649,0.001532,74.125.24.0-255,5738,105361,53,141489
18650,0.001534,172.31.46.0-255,66,105427,53,141489
18651,0.001552,74.125.24.0-255,4320,109747,53,141489
18652,0.001558,172.31.46.0-255,66,109813,53,141489
18653,0.001605,74.125.24.0-255,5738,115551,53,141489
18654,0.001608,172.31.46.0-255,66,115617,53,141489
18655,0.001676,172.31.46.0-255,66,115683,53,141489
18656,0.001698,74.125.24.0-255,3602,119285,53,141489
18657,0.0017,172.31.46.0-255,66,119351,53,141489
18658,0.001706,74.125.24.0-255,4320,123671,53,141489
18659,0.001707,172.31.46.0-255,66,123737,53,141489
18660,0.001714,74.125.24.0-255,7156,130893,53,141489
18661,0.00172,172.31.46.0-255,66,130959,53,141489
18662,0.001778,172.31.46.0-255,66,131025,53,141489
18663,0.001782,74.125.24.0-255,2902,133927,53,141489
18664,0.001785,172.31.46.0-255,66,133993,53,141489
18665,0.00183,172.31.46.0-255,66,134059,53,141489
18666,0.001873,172.31.46.0-255,66,134125,53,141489
18667,0.001927,172.31.46.0-255,66,134191,53,141489
18668,0.001929,172.31.46.0-255,66,134257,53,141489
18669,0.001935,74.125.24.0-255,1484,135741,53,141489
18670,0.001964,172.31.46.0-255,66,135807,53,141489
18671,0.001999,172.31.46.0-255,66,135873,53,141489
18672,0.002035,172.31.46.0-255,66,135939,53,141489
18673,0.002071,172.31.46.0-255,66,136005,53,141489
18674,0.002081,172.31.46.0-255,66,136071,53,141489
18675,0.002087,74.125.24.0-255,105,136176,53,141489
18676,0.003889,172.31.46.0-255,66,136242,53,141489
18677,0.003923,172.31.46.0-255,105,136347,53,141489
18678,0.005878,74.125.24.0-255,66,136413,53,141489
18679,0.041171,172.31.46.0-255,181,136594,53,141489
18680,0.041206,172.31.46.0-255,587,137181,53,141489
18681,0.042707,104.244.42.0-255,66,137247,53,141489
18682,0.042717,104.244.42.0-255,66,137313,53,141489
18683,0.055826,172.31.46.0-255,172,137485,53,141489
18684,0.055854,172.31.46.0-255,1112,138597,53,141489
18685,0.055921,172.31.46.0-255,1514,140111,53,141489
18686,0.055923,172.31.46.0-255,1180,141291,53,141489
18687,0.05735,104.244.42.0-255,66,141357,53,141489
18688,0.057378,104.244.42.0-255,66,141423,53,141489
18689,0.05746,104.244.42.0-255,66,141489,53,141489
18690,0.0,172.31.46.0-255,105,105,53,276
18691,0.002043,157.240.13.0-255,105,210,53,276
18692,0.002058,172.31.46.0-255,66,276,53,276
18693,0.0,172.217.24.0-255,154,154,53,339684
18694,2.4e-05,172.31.46.0-255,66,220,53,339684
18695,3.2e-05,172.217.24.0-255,1484,1704,53,339684
18696,3.8e-05,172.31.46.0-255,66,1770,53,339684
18697,4.4e-05,172.217.24.0-255,2902,4672,53,339684
18698,4.8e-05,172.31.46.0-255,66,4738,53,339684
18699,5.6e-05,172.217.24.0-255,7156,11894,53,339684
18700,6e-05,172.31.46.0-255,66,11960,53,339684
18701,6.4e-05,172.217.24.0-255,2067,14027,53,339684
18702,6.7e-05,172.31.46.0-255,66,14093,53,339684
18703,0.000115,172.217.24.0-255,1484,15577,53,339684
18704,0.000117,172.31.46.0-255,66,15643,53,339684
18705,0.000123,172.217.24.0-255,2902,18545,53,339684
18706,0.000126,172.31.46.0-255,66,18611,53,339684
18707,0.000133,172.217.24.0-255,5738,24349,53,339684
18708,0.000135,172.31.46.0-255,66,24415,53,339684
18709,0.000139,172.217.24.0-255,1484,25899,53,339684
18710,0.000141,172.31.46.0-255,66,25965,53,339684
18711,0.000168,172.217.24.0-255,4320,30285,53,339684
18712,0.000171,172.31.46.0-255,66,30351,53,339684
18713,0.000174,172.217.24.0-255,1484,31835,53,339684
18714,0.000176,172.31.46.0-255,66,31901,53,339684
18715,0.000199,172.217.24.0-255,5379,37280,53,339684
18716,0.000202,172.31.46.0-255,66,37346,53,339684
18717,0.000213,172.31.46.0-255,66,37412,53,339684
18718,0.000246,172.217.24.0-255,2543,39955,53,339684
18719,0.000249,172.31.46.0-255,66,40021,53,339684
18720,0.00061,172.217.24.0-255,1484,41505,53,339684
18721,0.000616,172.31.46.0-255,66,41571,53,339684
18722,0.000622,172.217.24.0-255,2902,44473,53,339684
18723,0.000625,172.31.46.0-255,66,44539,53,339684
18724,0.000631,172.217.24.0-255,5738,50277,53,339684
18725,0.000634,172.31.46.0-255,66,50343,53,339684
18726,0.000668,172.217.24.0-255,6797,57140,53,339684
18727,0.000672,172.31.46.0-255,66,57206,53,339684
18728,0.000674,172.217.24.0-255,396,57602,53,339684
18729,0.000969,172.217.24.0-255,1484,59086,53,339684
18730,0.000973,172.31.46.0-255,66,59152,53,339684
18731,0.000978,172.217.24.0-255,2902,62054,53,339684
18732,0.00098,172.31.46.0-255,66,62120,53,339684
18733,0.001011,172.217.24.0-255,5738,67858,53,339684
18734,0.001014,172.31.46.0-255,66,67924,53,339684
18735,0.001022,172.217.24.0-255,6797,74721,53,339684
18736,0.001024,172.31.46.0-255,66,74787,53,339684
18737,0.001027,172.217.24.0-255,349,75136,53,339684
18738,0.001065,172.217.24.0-255,1484,76620,53,339684
18739,0.001068,172.31.46.0-255,66,76686,53,339684
18740,0.001072,172.217.24.0-255,1484,78170,53,339684
18741,0.001089,172.217.24.0-255,2902,81072,53,339684
18742,0.001091,172.31.46.0-255,66,81138,53,339684
18743,0.001094,172.217.24.0-255,1484,82622,53,339684
18744,0.001119,172.217.24.0-255,1125,83747,53,339684
18745,0.001123,172.31.46.0-255,66,83813,53,339684
18746,0.001171,172.31.46.0-255,66,83879,53,339684
18747,0.001188,172.217.24.0-255,1484,85363,53,339684
18748,0.001217,172.217.24.0-255,6128,91491,53,339684
18749,0.00122,172.31.46.0-255,66,91557,53,339684
18750,0.00136,172.217.24.0-255,201,91758,53,339684
18751,0.001494,172.217.24.0-255,1484,93242,53,339684
18752,0.001498,172.31.46.0-255,66,93308,53,339684
18753,0.001503,172.217.24.0-255,2902,96210,53,339684
18754,0.001506,172.31.46.0-255,66,96276,53,339684
18755,0.001509,172.217.24.0-255,1484,97760,53,339684
18756,0.00154,172.217.24.0-255,4320,102080,53,339684
18757,0.001543,172.31.46.0-255,66,102146,53,339684
18758,0.00155,172.217.24.0-255,7156,109302,53,339684
18759,0.001553,172.31.46.0-255,66,109368,53,339684
18760,0.001568,172.31.46.0-255,66,109434,53,339684
18761,0.001573,172.217.24.0-255,2184,111618,53,339684
18762,0.001575,172.31.46.0-255,66,111684,53,339684
18763,0.001918,172.217.24.0-255,1484,113168,53,339684
18764,0.001924,172.217.24.0-255,2902,116070,53,339684
18765,0.001928,172.31.46.0-255,66,116136,53,339684
18766,0.001936,172.217.24.0-255,5738,121874,53,339684
18767,0.001938,172.31.46.0-255,66,121940,53,339684
18768,0.001979,172.31.46.0-255,66,122006,53,339684
18769,0.002007,172.31.46.0-255,66,122072,53,339684
18770,0.003936,172.217.24.0-255,5738,127810,53,339684
18771,0.003944,172.31.46.0-255,66,127876,53,339684
18772,0.005908,172.217.24.0-255,5738,133614,53,339684
18773,0.005912,172.31.46.0-255,66,133680,53,339684
18774,0.007846,172.217.24.0-255,5738,139418,53,339684
18775,0.007853,172.31.46.0-255,66,139484,53,339684
18776,0.009795,172.217.24.0-255,5738,145222,53,339684
18777,0.009801,172.31.46.0-255,66,145288,53,339684
18778,0.011743,172.217.24.0-255,5738,151026,53,339684
18779,0.011751,172.31.46.0-255,66,151092,53,339684
18780,0.013692,172.217.24.0-255,5738,156830,53,339684
18781,0.0137,172.31.46.0-255,66,156896,53,339684
18782,0.015649,172.217.24.0-255,5738,162634,53,339684
18783,0.015659,172.31.46.0-255,66,162700,53,339684
18784,0.01762,172.217.24.0-255,5738,168438,53,339684
18785,0.017628,172.31.46.0-255,66,168504,53,339684
18786,0.019576,172.217.24.0-255,5738,174242,53,339684
18787,0.019584,172.31.46.0-255,66,174308,53,339684
18788,0.021528,172.217.24.0-255,5738,180046,53,339684
18789,0.021536,172.31.46.0-255,66,180112,53,339684
18790,0.023481,172.217.24.0-255,5738,185850,53,339684
18791,0.023489,172.31.46.0-255,66,185916,53,339684
18792,0.025441,172.217.24.0-255,5738,191654,53,339684
18793,0.025449,172.31.46.0-255,66,191720,53,339684
18794,0.027397,172.217.24.0-255,5738,197458,53,339684
18795,0.027404,172.31.46.0-255,66,197524,53,339684
18796,0.029353,172.217.24.0-255,5738,203262,53,339684
18797,0.029362,172.31.46.0-255,66,203328,53,339684
18798,0.031303,172.217.24.0-255,5738,209066,53,339684
18799,0.031311,172.31.46.0-255,66,209132,53,339684
18800,0.032998,172.31.46.0-255,187,209319,53,339684
18801,0.033034,172.31.46.0-255,1112,210431,53,339684
18802,0.033094,172.31.46.0-255,1514,211945,53,339684
18803,0.033095,172.31.46.0-255,1291,213236,53,339684
18804,0.033258,172.217.24.0-255,5738,218974,53,339684
18805,0.033264,172.31.46.0-255,66,219040,53,339684
18806,0.034577,104.244.42.0-255,66,219106,53,339684
18807,0.034622,104.244.42.0-255,66,219172,53,339684
18808,0.034732,104.244.42.0-255,66,219238,53,339684
18809,0.035216,172.217.24.0-255,5738,224976,53,339684
18810,0.035222,172.31.46.0-255,66,225042,53,339684
18811,0.037156,172.217.24.0-255,5738,230780,53,339684
18812,0.037163,172.31.46.0-255,66,230846,53,339684
18813,0.039112,172.217.24.0-255,5738,236584,53,339684
18814,0.039122,172.31.46.0-255,66,236650,53,339684
18815,0.041075,172.217.24.0-255,5738,242388,53,339684
18816,0.041082,172.31.46.0-255,66,242454,53,339684
18817,0.043026,172.217.24.0-255,5738,248192,53,339684
18818,0.043033,172.31.46.0-255,66,248258,53,339684
18819,0.044977,172.217.24.0-255,5738,253996,53,339684
18820,0.044983,172.31.46.0-255,66,254062,53,339684
18821,0.046926,172.217.24.0-255,5738,259800,53,339684
18822,0.046933,172.31.46.0-255,66,259866,53,339684
18823,0.048887,172.217.24.0-255,5738,265604,53,339684
18824,0.048894,172.31.46.0-255,66,265670,53,339684
18825,0.050835,172.217.24.0-255,5738,271408,53,339684
18826,0.050843,172.31.46.0-255,66,271474,53,339684
18827,0.052794,172.217.24.0-255,5738,277212,53,339684
18828,0.052801,172.31.46.0-255,66,277278,53,339684
18829,0.054752,172.217.24.0-255,5738,283016,53,339684
18830,0.054759,172.31.46.0-255,66,283082,53,339684
18831,0.056706,172.217.24.0-255,5738,288820,53,339684
18832,0.056713,172.31.46.0-255,66,288886,53,339684
18833,0.058657,172.217.24.0-255,5738,294624,53,339684
18834,0.058664,172.31.46.0-255,66,294690,53,339684
18835,0.060619,172.217.24.0-255,5738,300428,53,339684
18836,0.060626,172.31.46.0-255,66,300494,53,339684
18837,0.062582,172.217.24.0-255,5738,306232,53,339684
18838,0.062589,172.31.46.0-255,66,306298,53,339684
18839,0.064538,172.217.24.0-255,5738,312036,53,339684
18840,0.064545,172.31.46.0-255,66,312102,53,339684
18841,0.066493,172.217.24.0-255,5738,317840,53,339684
18842,0.0665,172.31.46.0-255,66,317906,53,339684
18843,0.068476,172.217.24.0-255,5738,323644,53,339684
18844,0.068482,172.31.46.0-255,66,323710,53,339684
18845,0.070427,172.217.24.0-255,5738,329448,53,339684
18846,0.070433,172.31.46.0-255,66,329514,53,339684
18847,0.072382,172.217.24.0-255,5738,335252,53,339684
18848,0.072389,172.31.46.0-255,66,335318,53,339684
18849,0.074328,172.217.24.0-255,4129,339447,53,339684
18850,0.074334,172.31.46.0-255,66,339513,53,339684
18851,0.074514,172.31.46.0-255,105,339618,53,339684
18852,0.076428,172.217.24.0-255,66,339684,53,339684
18853,0.0,74.125.24.0-255,146,146,53,258862
18854,3.1e-05,172.31.46.0-255,66,212,53,258862
18855,3.8e-05,74.125.24.0-255,1484,1696,53,258862
18856,5.3e-05,172.31.46.0-255,66,1762,53,258862
18857,5.9e-05,74.125.24.0-255,2902,4664,53,258862
18858,6.1e-05,172.31.46.0-255,66,4730,53,258862
18859,6.8e-05,74.125.24.0-255,7156,11886,53,258862
18860,7.1e-05,172.31.46.0-255,66,11952,53,258862
18861,7.4e-05,74.125.24.0-255,2130,14082,53,258862
18862,7.7e-05,172.31.46.0-255,66,14148,53,258862
18863,0.00012,74.125.24.0-255,1484,15632,53,258862
18864,0.000122,172.31.46.0-255,66,15698,53,258862
18865,0.000127,74.125.24.0-255,2902,18600,53,258862
18866,0.000129,172.31.46.0-255,66,18666,53,258862
18867,0.000133,74.125.24.0-255,2902,21568,53,258862
18868,0.000135,172.31.46.0-255,66,21634,53,258862
18869,0.000152,74.125.24.0-255,2902,24536,53,258862
18870,0.000154,172.31.46.0-255,66,24602,53,258862
18871,0.00017,74.125.24.0-255,4320,28922,53,258862
18872,0.000172,172.31.46.0-255,66,28988,53,258862
18873,0.000188,74.125.24.0-255,2543,31531,53,258862
18874,0.000193,172.31.46.0-255,66,31597,53,258862
18875,0.000248,74.125.24.0-255,1484,33081,53,258862
18876,0.00025,172.31.46.0-255,66,33147,53,258862
18877,0.000255,74.125.24.0-255,2902,36049,53,258862
18878,0.000258,172.31.46.0-255,66,36115,53,258862
18879,0.000261,74.125.24.0-255,1484,37599,53,258862
18880,0.000262,172.31.46.0-255,66,37665,53,258862
18881,0.000293,74.125.24.0-255,5738,43403,53,258862
18882,0.000296,172.31.46.0-255,66,43469,53,258862
18883,0.00032,74.125.24.0-255,1484,44953,53,258862
18884,0.000322,172.31.46.0-255,66,45019,53,258862
18885,0.000344,74.125.24.0-255,3961,48980,53,258862
18886,0.000348,172.31.46.0-255,66,49046,53,258862
18887,0.000801,74.125.24.0-255,1484,50530,53,258862
18888,0.000811,74.125.24.0-255,2902,53432,53,258862
18889,0.000815,172.31.46.0-255,66,53498,53,258862
18890,0.000823,74.125.24.0-255,5738,59236,53,258862
18891,0.000825,172.31.46.0-255,66,59302,53,258862
18892,0.000863,74.125.24.0-255,2902,62204,53,258862
18893,0.000867,172.31.46.0-255,66,62270,53,258862
18894,0.00089,74.125.24.0-255,3961,66231,53,258862
18895,0.000893,172.31.46.0-255,66,66297,53,258862
18896,0.000919,74.125.24.0-255,4320,70617,53,258862
18897,0.000922,172.31.46.0-255,66,70683,53,258862
18898,0.000933,172.31.46.0-255,66,70749,53,258862
18899,0.000948,74.125.24.0-255,1484,72233,53,258862
18900,0.000952,74.125.24.0-255,2543,74776,53,258862
18901,0.000955,172.31.46.0-255,66,74842,53,258862
18902,0.001001,172.31.46.0-255,66,74908,53,258862
18903,0.001034,74.125.24.0-255,3961,78869,53,258862
18904,0.001037,172.31.46.0-255,66,78935,53,258862
18905,0.001096,74.125.24.0-255,1484,80419,53,258862
18906,0.001101,74.125.24.0-255,2902,83321,53,258862
18907,0.001103,172.31.46.0-255,66,83387,53,258862
18908,0.001119,74.125.24.0-255,5738,89125,53,258862
18909,0.001122,172.31.46.0-255,66,89191,53,258862
18910,0.001148,74.125.24.0-255,6683,95874,53,258862
18911,0.001151,172.31.46.0-255,66,95940,53,258862
18912,0.001184,74.125.24.0-255,211,96151,53,258862
18913,0.001409,74.125.24.0-255,1484,97635,53,258862
18914,0.001413,172.31.46.0-255,66,97701,53,258862
18915,0.001419,74.125.24.0-255,2902,100603,53,258862
18916,0.00142,172.31.46.0-255,66,100669,53,258862
18917,0.001426,74.125.24.0-255,5738,106407,53,258862
18918,0.001428,172.31.46.0-255,66,106473,53,258862
18919,0.001454,172.31.46.0-255,66,106539,53,258862
18920,0.001466,74.125.24.0-255,1484,108023,53,258862
18921,0.001476,172.31.46.0-255,66,108089,53,258862
18922,0.001489,74.125.24.0-255,2184,110273,53,258862
18923,0.001491,172.31.46.0-255,66,110339,53,258862
18924,0.001645,74.125.24.0-255,1484,111823,53,258862
18925,0.00166,74.125.24.0-255,1484,113307,53,258862
18926,0.001662,172.31.46.0-255,66,113373,53,258862
18927,0.001677,74.125.24.0-255,1484,114857,53,258862
18928,0.001682,74.125.24.0-255,5738,120595,53,258862
18929,0.001684,172.31.46.0-255,66,120661,53,258862
18930,0.001696,74.125.24.0-255,7156,127817,53,258862
18931,0.001699,172.31.46.0-255,66,127883,53,258862
18932,0.001716,74.125.24.0-255,2902,130785,53,258862
18933,0.001717,172.31.46.0-255,66,130851,53,258862
18934,0.001731,74.125.24.0-255,5738,136589,53,258862
18935,0.001734,172.31.46.0-255,66,136655,53,258862
18936,0.001762,172.31.46.0-255,66,136721,53,258862
18937,0.001837,74.125.24.0-255,1484,138205,53,258862
18938,0.001849,74.125.24.0-255,1484,139689,53,258862
18939,0.001851,172.31.46.0-255,66,139755,53,258862
18940,0.001867,74.125.24.0-255,1484,141239,53,258862
18941,0.001873,74.125.24.0-255,5738,146977,53,258862
18942,0.001875,172.31.46.0-255,66,147043,53,258862
18943,0.001877,74.125.24.0-255,1484,148527,53,258862
18944,0.001908,74.125.24.0-255,7156,155683,53,258862
18945,0.001911,172.31.46.0-255,66,155749,53,258862
18946,0.001921,172.31.46.0-255,66,155815,53,258862
18947,0.001945,74.125.24.0-255,5020,160835,53,258862
18948,0.001947,172.31.46.0-255,66,160901,53,258862
18949,0.002141,74.125.24.0-255,1484,162385,53,258862
18950,0.002158,74.125.24.0-255,2902,165287,53,258862
18951,0.00216,172.31.46.0-255,66,165353,53,258862
18952,0.002166,74.125.24.0-255,5738,171091,53,258862
18953,0.002168,172.31.46.0-255,66,171157,53,258862
18954,0.00219,74.125.24.0-255,5738,176895,53,258862
18955,0.002193,172.31.46.0-255,66,176961,53,258862
18956,0.00221,74.125.24.0-255,7156,184117,53,258862
18957,0.002212,172.31.46.0-255,66,184183,53,258862
18958,0.002274,172.31.46.0-255,66,184249,53,258862
18959,0.002357,74.125.24.0-255,1484,185733,53,258862
18960,0.00238,74.125.24.0-255,2902,188635,53,258862
18961,0.002383,172.31.46.0-255,66,188701,53,258862
18962,0.002398,74.125.24.0-255,2902,191603,53,258862
18963,0.002401,74.125.24.0-255,1484,193087,53,258862
18964,0.002426,74.125.24.0-255,5738,198825,53,258862
18965,0.002449,74.125.24.0-255,4320,203145,53,258862
18966,0.002456,74.125.24.0-255,7156,210301,53,258862
18967,0.002461,74.125.24.0-255,4320,214621,53,258862
18968,0.002503,74.125.24.0-255,7156,221777,53,258862
18969,0.002522,74.125.24.0-255,6438,228215,53,258862
18970,0.002532,74.125.24.0-255,1484,229699,53,258862
18971,0.002534,74.125.24.0-255,1484,231183,53,258862
18972,0.002564,74.125.24.0-255,3602,234785,53,258862
18973,0.00259,74.125.24.0-255,2902,237687,53,258862
18974,0.002629,74.125.24.0-255,5738,243425,53,258862
18975,0.002661,74.125.24.0-255,2902,246327,53,258862
18976,0.002703,74.125.24.0-255,1484,247811,53,258862
18977,0.002765,74.125.24.0-255,5167,252978,53,258862
18978,0.002768,74.125.24.0-255,97,253075,53,258862
18979,0.00277,74.125.24.0-255,105,253180,53,258862
18980,0.006458,172.31.46.0-255,66,253246,53,258862
18981,0.007244,172.31.46.0-255,101,253347,53,258862
18982,0.008833,172.31.46.0-255,105,253452,53,258862
18983,0.009496,74.125.24.0-255,66,253518,53,258862
18984,0.011064,74.125.24.0-255,66,253584,53,258862
18985,0.026342,172.31.46.0-255,172,253756,53,258862
18986,0.026373,172.31.46.0-255,1112,254868,53,258862
18987,0.026404,172.31.46.0-255,1514,256382,53,258862
18988,0.026406,172.31.46.0-255,1514,257896,53,258862
18989,0.026426,172.31.46.0-255,702,258598,53,258862
18990,0.027946,104.244.42.0-255,66,258664,53,258862
18991,0.027954,104.244.42.0-255,66,258730,53,258862
18992,0.027984,104.244.42.0-255,66,258796,53,258862
18993,0.027986,104.244.42.0-255,66,258862,53,258862
18994,0.0,172.217.194.0-255,150,150,53,355120
18995,2.3e-05,172.31.46.0-255,66,216,53,355120
18996,2.9e-05,172.217.194.0-255,1484,1700,53,355120
18997,3.4e-05,172.31.46.0-255,66,1766,53,355120
18998,4e-05,172.217.194.0-255,2902,4668,53,355120
18999,4.3e-05,172.31.46.0-255,66,4734,53,355120
19000,5.1e-05,172.217.194.0-255,7156,11890,53,355120
19001,5.5e-05,172.31.46.0-255,66,11956,53,355120
19002,5.9e-05,172.217.194.0-255,2083,14039,53,355120
19003,6.2e-05,172.31.46.0-255,66,14105,53,355120
19004,0.000141,172.217.194.0-255,1484,15589,53,355120
19005,0.000144,172.31.46.0-255,66,15655,53,355120
19006,0.000149,172.217.194.0-255,2902,18557,53,355120
19007,0.000152,172.31.46.0-255,66,18623,53,355120
19008,0.000182,172.217.194.0-255,5738,24361,53,355120
19009,0.000184,172.31.46.0-255,66,24427,53,355120
19010,0.000237,172.217.194.0-255,6797,31224,53,355120
19011,0.00024,172.31.46.0-255,66,31290,53,355120
19012,0.000275,172.217.194.0-255,1484,32774,53,355120
19013,0.000278,172.31.46.0-255,66,32840,53,355120
19014,0.000283,172.217.194.0-255,2902,35742,53,355120
19015,0.000285,172.31.46.0-255,66,35808,53,355120
19016,0.000291,172.217.194.0-255,5738,41546,53,355120
19017,0.000293,172.31.46.0-255,66,41612,53,355120
19018,0.000321,172.217.194.0-255,4320,45932,53,355120
19019,0.000324,172.31.46.0-255,66,45998,53,355120
19020,0.000341,172.217.194.0-255,2543,48541,53,355120
19021,0.000344,172.31.46.0-255,66,48607,53,355120
19022,0.000378,172.217.194.0-255,1484,50091,53,355120
19023,0.000381,172.31.46.0-255,66,50157,53,355120
19024,0.000385,172.217.194.0-255,1484,51641,53,355120
19025,0.000387,172.31.46.0-255,66,51707,53,355120
19026,0.000399,172.217.194.0-255,1484,53191,53,355120
19027,0.000407,172.217.194.0-255,5738,58929,53,355120
19028,0.000409,172.31.46.0-255,66,58995,53,355120
19029,0.000416,172.217.194.0-255,4320,63315,53,355120
19030,0.000418,172.31.46.0-255,66,63381,53,355120
19031,0.000441,172.217.194.0-255,2855,66236,53,355120
19032,0.000444,172.31.46.0-255,66,66302,53,355120
19033,0.000446,172.217.194.0-255,366,66668,53,355120
19034,0.000685,172.217.194.0-255,1484,68152,53,355120
19035,0.000691,172.31.46.0-255,66,68218,53,355120
19036,0.000695,172.217.194.0-255,1484,69702,53,355120
19037,0.000712,172.217.194.0-255,1484,71186,53,355120
19038,0.000714,172.31.46.0-255,66,71252,53,355120
19039,0.000721,172.217.194.0-255,5738,76990,53,355120
19040,0.000724,172.31.46.0-255,66,77056,53,355120
19041,0.00073,172.217.194.0-255,5738,82794,53,355120
19042,0.000733,172.31.46.0-255,66,82860,53,355120
19043,0.000759,172.217.194.0-255,7156,90016,53,355120
19044,0.000763,172.31.46.0-255,66,90082,53,355120
19045,0.000778,172.217.194.0-255,2902,92984,53,355120
19046,0.00078,172.31.46.0-255,66,93050,53,355120
19047,0.000803,172.31.46.0-255,66,93116,53,355120
19048,0.001212,172.217.194.0-255,1484,94600,53,355120
19049,0.001228,172.217.194.0-255,2902,97502,53,355120
19050,0.001231,172.31.46.0-255,66,97568,53,355120
19051,0.001238,172.217.194.0-255,4320,101888,53,355120
19052,0.001239,172.31.46.0-255,66,101954,53,355120
19053,0.001249,172.217.194.0-255,1484,103438,53,355120
19054,0.001277,172.217.194.0-255,7156,110594,53,355120
19055,0.00128,172.31.46.0-255,66,110660,53,355120
19056,0.0013,172.217.194.0-255,5738,116398,53,355120
19057,0.001302,172.31.46.0-255,66,116464,53,355120
19058,0.001308,172.217.194.0-255,7156,123620,53,355120
19059,0.00131,172.31.46.0-255,66,123686,53,355120
19060,0.001322,172.217.194.0-255,3602,127288,53,355120
19061,0.001324,172.31.46.0-255,66,127354,53,355120
19062,0.0019,172.217.194.0-255,1484,128838,53,355120
19063,0.001909,172.217.194.0-255,2902,131740,53,355120
19064,0.001913,172.31.46.0-255,66,131806,53,355120
19065,0.001919,172.217.194.0-255,4320,136126,53,355120
19066,0.001921,172.31.46.0-255,66,136192,53,355120
19067,0.001932,172.217.194.0-255,1484,137676,53,355120
19068,0.001962,172.31.46.0-255,66,137742,53,355120
19069,0.001992,172.217.194.0-255,1484,139226,53,355120
19070,0.002006,172.217.194.0-255,5738,144964,53,355120
19071,0.002008,172.31.46.0-255,66,145030,53,355120
19072,0.002022,172.217.194.0-255,3602,148632,53,355120
19073,0.002024,172.31.46.0-255,66,148698,53,355120
19074,0.002041,172.217.194.0-255,1484,150182,53,355120
19075,0.002064,172.31.46.0-255,66,150248,53,355120
19076,0.00207,172.217.194.0-255,7156,157404,53,355120
19077,0.002072,172.31.46.0-255,66,157470,53,355120
19078,0.002086,172.217.194.0-255,5738,163208,53,355120
19079,0.002088,172.31.46.0-255,66,163274,53,355120
19080,0.002092,172.217.194.0-255,2902,166176,53,355120
19081,0.002094,172.31.46.0-255,66,166242,53,355120
19082,0.002113,172.217.194.0-255,6438,172680,53,355120
19083,0.002115,172.31.46.0-255,66,172746,53,355120
19084,0.002351,172.217.194.0-255,1484,174230,53,355120
19085,0.002366,172.217.194.0-255,2902,177132,53,355120
19086,0.002369,172.31.46.0-255,66,177198,53,355120
19087,0.002403,172.217.194.0-255,4320,181518,53,355120
19088,0.002405,172.31.46.0-255,66,181584,53,355120
19089,0.002419,172.217.194.0-255,1484,183068,53,355120
19090,0.002429,172.31.46.0-255,66,183134,53,355120
19091,0.002449,172.217.194.0-255,1484,184618,53,355120
19092,0.00247,172.31.46.0-255,66,184684,53,355120
19093,0.002489,172.217.194.0-255,3602,188286,53,355120
19094,0.002491,172.31.46.0-255,66,188352,53,355120
19095,0.00252,172.217.194.0-255,1484,189836,53,355120
19096,0.002536,172.217.194.0-255,2902,192738,53,355120
19097,0.002539,172.31.46.0-255,66,192804,53,355120
19098,0.00255,172.217.194.0-255,2902,195706,53,355120
19099,0.002552,172.31.46.0-255,66,195772,53,355120
19100,0.002583,172.217.194.0-255,7156,202928,53,355120
19101,0.002589,172.31.46.0-255,66,202994,53,355120
19102,0.00515,172.217.194.0-255,5738,208732,53,355120
19103,0.005155,172.31.46.0-255,66,208798,53,355120
19104,0.00771,172.217.194.0-255,5738,214536,53,355120
19105,0.007717,172.31.46.0-255,66,214602,53,355120
19106,0.010283,172.217.194.0-255,5738,220340,53,355120
19107,0.010292,172.31.46.0-255,66,220406,53,355120
19108,0.012859,172.217.194.0-255,5738,226144,53,355120
19109,0.012868,172.31.46.0-255,66,226210,53,355120
19110,0.015405,172.217.194.0-255,5738,231948,53,355120
19111,0.015415,172.31.46.0-255,66,232014,53,355120
19112,0.01799,172.217.194.0-255,5738,237752,53,355120
19113,0.017999,172.31.46.0-255,66,237818,53,355120
19114,0.020529,172.217.194.0-255,5738,243556,53,355120
19115,0.020537,172.31.46.0-255,66,243622,53,355120
19116,0.023097,172.217.194.0-255,5738,249360,53,355120
19117,0.023103,172.31.46.0-255,66,249426,53,355120
19118,0.025665,172.217.194.0-255,5738,255164,53,355120
19119,0.025674,172.31.46.0-255,66,255230,53,355120
19120,0.028284,172.217.194.0-255,5738,260968,53,355120
19121,0.028294,172.31.46.0-255,66,261034,53,355120
19122,0.03089,172.217.194.0-255,5738,266772,53,355120
19123,0.0309,172.31.46.0-255,66,266838,53,355120
19124,0.033443,172.217.194.0-255,5738,272576,53,355120
19125,0.03345,172.31.46.0-255,66,272642,53,355120
19126,0.033476,172.31.46.0-255,172,272814,53,355120
19127,0.033501,172.31.46.0-255,1112,273926,53,355120
19128,0.033554,172.31.46.0-255,1514,275440,53,355120
19129,0.033556,172.31.46.0-255,1514,276954,53,355120
19130,0.03356,172.31.46.0-255,1514,278468,53,355120
19131,0.033561,172.31.46.0-255,1514,279982,53,355120
19132,0.033591,172.31.46.0-255,1496,281478,53,355120
19133,0.035035,104.244.42.0-255,66,281544,53,355120
19134,0.035043,104.244.42.0-255,66,281610,53,355120
19135,0.035113,104.244.42.0-255,66,281676,53,355120
19136,0.035163,104.244.42.0-255,66,281742,53,355120
19137,0.036002,172.217.194.0-255,5738,287480,53,355120
19138,0.036008,172.31.46.0-255,66,287546,53,355120
19139,0.038591,172.217.194.0-255,5738,293284,53,355120
19140,0.038598,172.31.46.0-255,66,293350,53,355120
19141,0.041162,172.217.194.0-255,5738,299088,53,355120
19142,0.041173,172.31.46.0-255,66,299154,53,355120
19143,0.043739,172.217.194.0-255,5738,304892,53,355120
19144,0.043745,172.31.46.0-255,66,304958,53,355120
19145,0.046314,172.217.194.0-255,5738,310696,53,355120
19146,0.046321,172.31.46.0-255,66,310762,53,355120
19147,0.048894,172.217.194.0-255,5738,316500,53,355120
19148,0.0489,172.31.46.0-255,66,316566,53,355120
19149,0.051491,172.217.194.0-255,5738,322304,53,355120
19150,0.051496,172.31.46.0-255,66,322370,53,355120
19151,0.054043,172.217.194.0-255,5738,328108,53,355120
19152,0.054049,172.31.46.0-255,66,328174,53,355120
19153,0.056614,172.217.194.0-255,5738,333912,53,355120
19154,0.056619,172.31.46.0-255,66,333978,53,355120
19155,0.059186,172.217.194.0-255,5738,339716,53,355120
19156,0.059192,172.31.46.0-255,66,339782,53,355120
19157,0.061773,172.217.194.0-255,5738,345520,53,355120
19158,0.061779,172.31.46.0-255,66,345586,53,355120
19159,0.064372,172.217.194.0-255,5738,351324,53,355120
19160,0.064379,172.31.46.0-255,66,351390,53,355120
19161,0.066944,172.217.194.0-255,3493,354883,53,355120
19162,0.06695,172.31.46.0-255,66,354949,53,355120
19163,0.067102,172.31.46.0-255,105,355054,53,355120
19164,0.069647,172.217.194.0-255,66,355120,53,355120
19165,0.0,74.125.200.0-255,150,150,53,298218
19166,1.5e-05,172.31.46.0-255,66,216,53,298218
19167,2.3e-05,74.125.200.0-255,1484,1700,53,298218
19168,2.7e-05,172.31.46.0-255,66,1766,53,298218
19169,6.3e-05,74.125.200.0-255,2902,4668,53,298218
19170,6.7e-05,172.31.46.0-255,66,4734,53,298218
19171,7.3e-05,74.125.200.0-255,4320,9054,53,298218
19172,7.5e-05,172.31.46.0-255,66,9120,53,298218
19173,0.000101,74.125.200.0-255,4878,13998,53,298218
19174,0.000104,172.31.46.0-255,66,14064,53,298218
19175,0.000129,74.125.200.0-255,1484,15548,53,298218
19176,0.000131,172.31.46.0-255,66,15614,53,298218
19177,0.000135,74.125.200.0-255,2902,18516,53,298218
19178,0.000137,172.31.46.0-255,66,18582,53,298218
19179,0.000167,74.125.200.0-255,5738,24320,53,298218
19180,0.00017,172.31.46.0-255,66,24386,53,298218
19181,0.000176,74.125.200.0-255,5738,30124,53,298218
19182,0.000179,172.31.46.0-255,66,30190,53,298218
19183,0.000233,74.125.200.0-255,7156,37346,53,298218
19184,0.000235,172.31.46.0-255,66,37412,53,298218
19185,0.000252,172.31.46.0-255,66,37478,53,298218
19186,0.000383,74.125.200.0-255,1484,38962,53,298218
19187,0.000387,172.31.46.0-255,66,39028,53,298218
19188,0.000414,74.125.200.0-255,2902,41930,53,298218
19189,0.000417,172.31.46.0-255,66,41996,53,298218
19190,0.00042,74.125.200.0-255,1484,43480,53,298218
19191,0.000422,172.31.46.0-255,66,43546,53,298218
19192,0.000425,74.125.200.0-255,1484,45030,53,298218
19193,0.000427,172.31.46.0-255,66,45096,53,298218
19194,0.00046,74.125.200.0-255,1484,46580,53,298218
19195,0.000463,172.31.46.0-255,66,46646,53,298218
19196,0.000471,74.125.200.0-255,5738,52384,53,298218
19197,0.000473,172.31.46.0-255,66,52450,53,298218
19198,0.000482,74.125.200.0-255,2852,55302,53,298218
19199,0.000484,172.31.46.0-255,66,55368,53,298218
19200,0.000527,74.125.200.0-255,1484,56852,53,298218
19201,0.000542,74.125.200.0-255,2902,59754,53,298218
19202,0.000544,172.31.46.0-255,66,59820,53,298218
19203,0.000568,74.125.200.0-255,5738,65558,53,298218
19204,0.000571,172.31.46.0-255,66,65624,53,298218
19205,0.000575,74.125.200.0-255,2902,68526,53,298218
19206,0.000577,172.31.46.0-255,66,68592,53,298218
19207,0.000581,74.125.200.0-255,1484,70076,53,298218
19208,0.000592,74.125.200.0-255,1484,71560,53,298218
19209,0.000594,172.31.46.0-255,66,71626,53,298218
19210,0.000617,74.125.200.0-255,1484,73110,53,298218
19211,0.000633,172.31.46.0-255,66,73176,53,298218
19212,0.000639,74.125.200.0-255,5738,78914,53,298218
19213,0.000642,172.31.46.0-255,66,78980,53,298218
19214,0.00067,74.125.200.0-255,1484,80464,53,298218
19215,0.000683,74.125.200.0-255,766,81230,53,298218
19216,0.000686,172.31.46.0-255,66,81296,53,298218
19217,0.001171,74.125.200.0-255,1484,82780,53,298218
19218,0.001177,74.125.200.0-255,2902,85682,53,298218
19219,0.00118,172.31.46.0-255,66,85748,53,298218
19220,0.001221,74.125.200.0-255,5738,91486,53,298218
19221,0.001224,172.31.46.0-255,66,91552,53,298218
19222,0.001257,172.31.46.0-255,66,91618,53,298218
19223,0.00126,74.125.200.0-255,1484,93102,53,298218
19224,0.001287,74.125.200.0-255,4320,97422,53,298218
19225,0.001289,172.31.46.0-255,66,97488,53,298218
19226,0.001314,74.125.200.0-255,5020,102508,53,298218
19227,0.001316,172.31.46.0-255,66,102574,53,298218
19228,0.001328,172.31.46.0-255,66,102640,53,298218
19229,0.001331,74.125.200.0-255,1484,104124,53,298218
19230,0.001393,172.31.46.0-255,66,104190,53,298218
19231,0.001406,172.31.46.0-255,66,104256,53,298218
19232,0.001468,74.125.200.0-255,1484,105740,53,298218
19233,0.001488,74.125.200.0-255,2902,108642,53,298218
19234,0.001491,172.31.46.0-255,66,108708,53,298218
19235,0.001497,74.125.200.0-255,4320,113028,53,298218
19236,0.0015,172.31.46.0-255,66,113094,53,298218
19237,0.001538,172.31.46.0-255,66,113160,53,298218
19238,0.001544,74.125.200.0-255,5738,118898,53,298218
19239,0.001546,172.31.46.0-255,66,118964,53,298218
19240,0.001554,74.125.200.0-255,1484,120448,53,298218
19241,0.001577,74.125.200.0-255,5738,126186,53,298218
19242,0.00158,172.31.46.0-255,66,126252,53,298218
19243,0.001605,74.125.200.0-255,3602,129854,53,298218
19244,0.001607,172.31.46.0-255,66,129920,53,298218
19245,0.001611,74.125.200.0-255,2902,132822,53,298218
19246,0.001614,172.31.46.0-255,66,132888,53,298218
19247,0.001636,74.125.200.0-255,1484,134372,53,298218
19248,0.001676,74.125.200.0-255,7156,141528,53,298218
19249,0.001679,172.31.46.0-255,66,141594,53,298218
19250,0.001718,74.125.200.0-255,2902,144496,53,298218
19251,0.001739,172.31.46.0-255,66,144562,53,298218
19252,0.001742,172.31.46.0-255,66,144628,53,298218
19253,0.001745,172.31.46.0-255,66,144694,53,298218
19254,0.001931,74.125.200.0-255,1484,146178,53,298218
19255,0.001953,74.125.200.0-255,2902,149080,53,298218
19256,0.001957,172.31.46.0-255,66,149146,53,298218
19257,0.001963,74.125.200.0-255,4320,153466,53,298218
19258,0.001965,172.31.46.0-255,66,153532,53,298218
19259,0.001993,74.125.200.0-255,1484,155016,53,298218
19260,0.002019,172.31.46.0-255,66,155082,53,298218
19261,0.004001,74.125.200.0-255,5738,160820,53,298218
19262,0.004009,172.31.46.0-255,66,160886,53,298218
19263,0.005996,74.125.200.0-255,5738,166624,53,298218
19264,0.006,172.31.46.0-255,66,166690,53,298218
19265,0.007995,74.125.200.0-255,5738,172428,53,298218
19266,0.008003,172.31.46.0-255,66,172494,53,298218
19267,0.009999,74.125.200.0-255,5738,178232,53,298218
19268,0.010005,172.31.46.0-255,66,178298,53,298218
19269,0.012009,74.125.200.0-255,5738,184036,53,298218
19270,0.012017,172.31.46.0-255,66,184102,53,298218
19271,0.014004,74.125.200.0-255,5738,189840,53,298218
19272,0.014011,172.31.46.0-255,66,189906,53,298218
19273,0.016011,74.125.200.0-255,5738,195644,53,298218
19274,0.016018,172.31.46.0-255,66,195710,53,298218
19275,0.018005,74.125.200.0-255,5738,201448,53,298218
19276,0.018015,172.31.46.0-255,66,201514,53,298218
19277,0.020016,74.125.200.0-255,5738,207252,53,298218
19278,0.020023,172.31.46.0-255,66,207318,53,298218
19279,0.022021,74.125.200.0-255,5738,213056,53,298218
19280,0.022028,172.31.46.0-255,66,213122,53,298218
19281,0.024027,74.125.200.0-255,5738,218860,53,298218
19282,0.024033,172.31.46.0-255,66,218926,53,298218
19283,0.02604,74.125.200.0-255,5738,224664,53,298218
19284,0.026045,172.31.46.0-255,66,224730,53,298218
19285,0.028057,74.125.200.0-255,5738,230468,53,298218
19286,0.028064,172.31.46.0-255,66,230534,53,298218
19287,0.030058,74.125.200.0-255,5738,236272,53,298218
19288,0.030065,172.31.46.0-255,66,236338,53,298218
19289,0.032058,74.125.200.0-255,5738,242076,53,298218
19290,0.032065,172.31.46.0-255,66,242142,53,298218
19291,0.034056,74.125.200.0-255,5738,247880,53,298218
19292,0.034063,172.31.46.0-255,66,247946,53,298218
19293,0.035543,172.31.46.0-255,172,248118,53,298218
19294,0.035576,172.31.46.0-255,1112,249230,53,298218
19295,0.035631,172.31.46.0-255,569,249799,53,298218
19296,0.036065,74.125.200.0-255,5738,255537,53,298218
19297,0.036072,172.31.46.0-255,66,255603,53,298218
19298,0.037101,104.244.42.0-255,66,255669,53,298218
19299,0.037135,104.244.42.0-255,66,255735,53,298218
19300,0.037186,104.244.42.0-255,66,255801,53,298218
19301,0.038058,74.125.200.0-255,5738,261539,53,298218
19302,0.038064,172.31.46.0-255,66,261605,53,298218
19303,0.040055,74.125.200.0-255,4320,265925,53,298218
19304,0.040061,172.31.46.0-255,66,265991,53,298218
19305,0.040087,74.125.200.0-255,1484,267475,53,298218
19306,0.042048,74.125.200.0-255,4320,271795,53,298218
19307,0.042054,172.31.46.0-255,66,271861,53,298218
19308,0.044046,74.125.200.0-255,5738,277599,53,298218
19309,0.044052,172.31.46.0-255,66,277665,53,298218
19310,0.046039,74.125.200.0-255,5738,283403,53,298218
19311,0.046045,172.31.46.0-255,66,283469,53,298218
19312,0.048045,74.125.200.0-255,5738,289207,53,298218
19313,0.048051,172.31.46.0-255,66,289273,53,298218
19314,0.050041,74.125.200.0-255,5738,295011,53,298218
19315,0.050048,172.31.46.0-255,66,295077,53,298218
19316,0.052039,74.125.200.0-255,2904,297981,53,298218
19317,0.052046,172.31.46.0-255,66,298047,53,298218
19318,0.052248,172.31.46.0-255,105,298152,53,298218
19319,0.054195,74.125.200.0-255,66,298218,53,298218
19320,0.0,74.125.24.0-255,146,146,53,301651
19321,2.2e-05,172.31.46.0-255,66,212,53,301651
19322,3e-05,74.125.24.0-255,1484,1696,53,301651
19323,3.4e-05,172.31.46.0-255,66,1762,53,301651
19324,4.1e-05,74.125.24.0-255,2902,4664,53,301651
19325,4.5e-05,172.31.46.0-255,66,4730,53,301651
19326,5.3e-05,74.125.24.0-255,7156,11886,53,301651
19327,5.7e-05,172.31.46.0-255,66,11952,53,301651
19328,6.9e-05,172.31.46.0-255,66,12018,53,301651
19329,7.5e-05,74.125.24.0-255,4320,16338,53,301651
19330,7.9e-05,172.31.46.0-255,66,16404,53,301651
19331,0.000117,74.125.24.0-255,5379,21783,53,301651
19332,0.00012,172.31.46.0-255,66,21849,53,301651
19333,0.000163,74.125.24.0-255,1484,23333,53,301651
19334,0.000165,172.31.46.0-255,66,23399,53,301651
19335,0.00017,74.125.24.0-255,2902,26301,53,301651
19336,0.000173,172.31.46.0-255,66,26367,53,301651
19337,0.000208,74.125.24.0-255,5738,32105,53,301651
19338,0.000211,172.31.46.0-255,66,32171,53,301651
19339,0.000218,74.125.24.0-255,6797,38968,53,301651
19340,0.00022,172.31.46.0-255,66,39034,53,301651
19341,0.000225,74.125.24.0-255,4320,43354,53,301651
19342,0.000227,172.31.46.0-255,66,43420,53,301651
19343,0.000245,74.125.24.0-255,2902,46322,53,301651
19344,0.000248,172.31.46.0-255,66,46388,53,301651
19345,0.000287,172.31.46.0-255,66,46454,53,301651
19346,0.000757,74.125.24.0-255,129,46583,53,301651
19347,0.000762,172.31.46.0-255,66,46649,53,301651
19348,0.000795,74.125.24.0-255,1484,48133,53,301651
19349,0.000798,172.31.46.0-255,66,48199,53,301651
19350,0.000803,74.125.24.0-255,1484,49683,53,301651
19351,0.000805,172.31.46.0-255,66,49749,53,301651
19352,0.000825,74.125.24.0-255,4320,54069,53,301651
19353,0.000828,172.31.46.0-255,66,54135,53,301651
19354,0.000831,74.125.24.0-255,1484,55619,53,301651
19355,0.000833,172.31.46.0-255,66,55685,53,301651
19356,0.000872,172.31.46.0-255,66,55751,53,301651
19357,0.000891,74.125.24.0-255,349,56100,53,301651
19358,0.000942,172.31.46.0-255,66,56166,53,301651
19359,0.001121,74.125.24.0-255,1484,57650,53,301651
19360,0.001128,74.125.24.0-255,2902,60552,53,301651
19361,0.001131,172.31.46.0-255,66,60618,53,301651
19362,0.001136,74.125.24.0-255,2902,63520,53,301651
19363,0.001153,74.125.24.0-255,2902,66422,53,301651
19364,0.001158,74.125.24.0-255,4320,70742,53,301651
19365,0.001165,172.31.46.0-255,66,70808,53,301651
19366,0.001197,74.125.24.0-255,7156,77964,53,301651
19367,0.001221,74.125.24.0-255,3602,81566,53,301651
19368,0.001238,172.31.46.0-255,66,81632,53,301651
19369,0.001508,74.125.24.0-255,1484,83116,53,301651
19370,0.00153,74.125.24.0-255,2902,86018,53,301651
19371,0.001534,172.31.46.0-255,66,86084,53,301651
19372,0.001543,74.125.24.0-255,5738,91822,53,301651
19373,0.001611,74.125.24.0-255,2184,94006,53,301651
19374,0.002218,74.125.24.0-255,1484,95490,53,301651
19375,0.002225,74.125.24.0-255,2902,98392,53,301651
19376,0.00223,74.125.24.0-255,2902,101294,53,301651
19377,0.002248,74.125.24.0-255,2902,104196,53,301651
19378,0.002272,74.125.24.0-255,2902,107098,53,301651
19379,0.002336,74.125.24.0-255,2184,109282,53,301651
19380,0.005506,172.31.46.0-255,66,109348,53,301651
19381,0.007783,74.125.24.0-255,5738,115086,53,301651
19382,0.007795,172.31.46.0-255,66,115152,53,301651
19383,0.010056,74.125.24.0-255,5738,120890,53,301651
19384,0.010069,172.31.46.0-255,66,120956,53,301651
19385,0.012379,74.125.24.0-255,5738,126694,53,301651
19386,0.013657,172.31.46.0-255,66,126760,53,301651
19387,0.015965,74.125.24.0-255,5738,132498,53,301651
19388,0.015982,172.31.46.0-255,66,132564,53,301651
19389,0.018274,74.125.24.0-255,5738,138302,53,301651
19390,0.018283,172.31.46.0-255,66,138368,53,301651
19391,0.020552,74.125.24.0-255,5738,144106,53,301651
19392,0.02057,172.31.46.0-255,66,144172,53,301651
19393,0.022871,74.125.24.0-255,5738,149910,53,301651
19394,0.022891,172.31.46.0-255,66,149976,53,301651
19395,0.025175,74.125.24.0-255,5738,155714,53,301651
19396,0.025195,172.31.46.0-255,66,155780,53,301651
19397,0.027495,74.125.24.0-255,5738,161518,53,301651
19398,0.027513,172.31.46.0-255,66,161584,53,301651
19399,0.02981,74.125.24.0-255,5738,167322,53,301651
19400,0.029827,172.31.46.0-255,66,167388,53,301651
19401,0.032135,74.125.24.0-255,5738,173126,53,301651
19402,0.032146,172.31.46.0-255,66,173192,53,301651
19403,0.034018,172.31.46.0-255,172,173364,53,301651
19404,0.034057,172.31.46.0-255,1107,174471,53,301651
19405,0.034116,172.31.46.0-255,1514,175985,53,301651
19406,0.034118,172.31.46.0-255,1296,177281,53,301651
19407,0.034413,74.125.24.0-255,5738,183019,53,301651
19408,0.034421,172.31.46.0-255,66,183085,53,301651
19409,0.03557,104.244.42.0-255,66,183151,53,301651
19410,0.035611,104.244.42.0-255,66,183217,53,301651
19411,0.035708,104.244.42.0-255,66,183283,53,301651
19412,0.03673,74.125.24.0-255,5738,189021,53,301651
19413,0.036742,172.31.46.0-255,66,189087,53,301651
19414,0.038164,104.244.42.0-255,108,189195,53,301651
19415,0.038175,172.31.46.0-255,66,189261,53,301651
19416,0.039021,74.125.24.0-255,5738,194999,53,301651
19417,0.039028,172.31.46.0-255,66,195065,53,301651
19418,0.041354,74.125.24.0-255,5738,200803,53,301651
19419,0.041361,172.31.46.0-255,66,200869,53,301651
19420,0.043635,74.125.24.0-255,5738,206607,53,301651
19421,0.043643,172.31.46.0-255,66,206673,53,301651
19422,0.045896,74.125.24.0-255,5738,212411,53,301651
19423,0.045903,172.31.46.0-255,66,212477,53,301651
19424,0.048197,74.125.24.0-255,5738,218215,53,301651
19425,0.048202,172.31.46.0-255,66,218281,53,301651
19426,0.050478,74.125.24.0-255,5738,224019,53,301651
19427,0.050487,172.31.46.0-255,66,224085,53,301651
19428,0.05279,74.125.24.0-255,5738,229823,53,301651
19429,0.052797,172.31.46.0-255,66,229889,53,301651
19430,0.05505,74.125.24.0-255,5738,235627,53,301651
19431,0.055059,172.31.46.0-255,66,235693,53,301651
19432,0.057363,74.125.24.0-255,5738,241431,53,301651
19433,0.057372,172.31.46.0-255,66,241497,53,301651
19434,0.059675,74.125.24.0-255,5738,247235,53,301651
19435,0.059684,172.31.46.0-255,66,247301,53,301651
19436,0.062003,74.125.24.0-255,5738,253039,53,301651
19437,0.062015,172.31.46.0-255,66,253105,53,301651
19438,0.064291,74.125.24.0-255,5738,258843,53,301651
19439,0.064304,172.31.46.0-255,66,258909,53,301651
19440,0.06661,74.125.24.0-255,5738,264647,53,301651
19441,0.066623,172.31.46.0-255,66,264713,53,301651
19442,0.068909,74.125.24.0-255,5738,270451,53,301651
19443,0.068926,172.31.46.0-255,66,270517,53,301651
19444,0.071248,74.125.24.0-255,5738,276255,53,301651
19445,0.071265,172.31.46.0-255,66,276321,53,301651
19446,0.073551,74.125.24.0-255,5738,282059,53,301651
19447,0.07357,172.31.46.0-255,66,282125,53,301651
19448,0.075869,74.125.24.0-255,5738,287863,53,301651
19449,0.075882,172.31.46.0-255,66,287929,53,301651
19450,0.078157,74.125.24.0-255,5738,293667,53,301651
19451,0.078171,172.31.46.0-255,66,293733,53,301651
19452,0.080551,74.125.24.0-255,5738,299471,53,301651
19453,0.080568,172.31.46.0-255,66,299537,53,301651
19454,0.082842,74.125.24.0-255,1877,301414,53,301651
19455,0.082858,172.31.46.0-255,66,301480,53,301651
19456,0.083126,172.31.46.0-255,105,301585,53,301651
19457,0.085378,74.125.24.0-255,66,301651,53,301651
19458,0.0,74.125.200.0-255,153,153,53,372510
19459,1.5e-05,172.31.46.0-255,66,219,53,372510
19460,2.2e-05,74.125.200.0-255,1484,1703,53,372510
19461,2.7e-05,172.31.46.0-255,66,1769,53,372510
19462,5.1e-05,74.125.200.0-255,2902,4671,53,372510
19463,5.4e-05,172.31.46.0-255,66,4737,53,372510
19464,7.9e-05,74.125.200.0-255,4320,9057,53,372510
19465,8.2e-05,172.31.46.0-255,66,9123,53,372510
19466,0.000131,74.125.200.0-255,4947,14070,53,372510
19467,0.000134,172.31.46.0-255,66,14136,53,372510
19468,0.000182,74.125.200.0-255,1484,15620,53,372510
19469,0.000185,172.31.46.0-255,66,15686,53,372510
19470,0.000189,74.125.200.0-255,1484,17170,53,372510
19471,0.000191,172.31.46.0-255,66,17236,53,372510
19472,0.000218,74.125.200.0-255,1484,18720,53,372510
19473,0.000221,172.31.46.0-255,66,18786,53,372510
19474,0.000228,74.125.200.0-255,4320,23106,53,372510
19475,0.000231,172.31.46.0-255,66,23172,53,372510
19476,0.000235,74.125.200.0-255,2902,26074,53,372510
19477,0.000238,172.31.46.0-255,66,26140,53,372510
19478,0.000262,74.125.200.0-255,2902,29042,53,372510
19479,0.000265,172.31.46.0-255,66,29108,53,372510
19480,0.000268,74.125.200.0-255,1484,30592,53,372510
19481,0.00027,172.31.46.0-255,66,30658,53,372510
19482,0.000317,74.125.200.0-255,1125,31783,53,372510
19483,0.000319,172.31.46.0-255,66,31849,53,372510
19484,0.000322,74.125.200.0-255,1484,33333,53,372510
19485,0.000324,172.31.46.0-255,66,33399,53,372510
19486,0.000327,74.125.200.0-255,1484,34883,53,372510
19487,0.00033,172.31.46.0-255,66,34949,53,372510
19488,0.000356,74.125.200.0-255,2902,37851,53,372510
19489,0.000359,172.31.46.0-255,66,37917,53,372510
19490,0.000364,74.125.200.0-255,4320,42237,53,372510
19491,0.000366,172.31.46.0-255,66,42303,53,372510
19492,0.000397,74.125.200.0-255,5738,48041,53,372510
19493,0.0004,172.31.46.0-255,66,48107,53,372510
19494,0.000403,74.125.200.0-255,1125,49232,53,372510
19495,0.000524,74.125.200.0-255,1484,50716,53,372510
19496,0.000529,172.31.46.0-255,66,50782,53,372510
19497,0.000535,74.125.200.0-255,2902,53684,53,372510
19498,0.000537,172.31.46.0-255,66,53750,53,372510
19499,0.000582,74.125.200.0-255,2902,56652,53,372510
19500,0.000585,172.31.46.0-255,66,56718,53,372510
19501,0.000588,74.125.200.0-255,1484,58202,53,372510
19502,0.00061,74.125.200.0-255,2902,61104,53,372510
19503,0.000613,172.31.46.0-255,66,61170,53,372510
19504,0.000633,74.125.200.0-255,5379,66549,53,372510
19505,0.000636,172.31.46.0-255,66,66615,53,372510
19506,0.000883,74.125.200.0-255,1484,68099,53,372510
19507,0.000896,74.125.200.0-255,2902,71001,53,372510
19508,0.0009,172.31.46.0-255,66,71067,53,372510
19509,0.000904,74.125.200.0-255,1484,72551,53,372510
19510,0.000941,74.125.200.0-255,4320,76871,53,372510
19511,0.000945,172.31.46.0-255,66,76937,53,372510
19512,0.00095,74.125.200.0-255,4320,81257,53,372510
19513,0.000952,172.31.46.0-255,66,81323,53,372510
19514,0.00098,74.125.200.0-255,3122,84445,53,372510
19515,0.000987,172.31.46.0-255,66,84511,53,372510
19516,0.001085,74.125.200.0-255,1484,85995,53,372510
19517,0.00109,74.125.200.0-255,1484,87479,53,372510
19518,0.001092,172.31.46.0-255,66,87545,53,372510
19519,0.001105,74.125.200.0-255,1484,89029,53,372510
19520,0.001118,74.125.200.0-255,5738,94767,53,372510
19521,0.00112,172.31.46.0-255,66,94833,53,372510
19522,0.001153,74.125.200.0-255,6797,101630,53,372510
19523,0.001156,172.31.46.0-255,66,101696,53,372510
19524,0.001236,74.125.200.0-255,1484,103180,53,372510
19525,0.001242,74.125.200.0-255,2902,106082,53,372510
19526,0.001245,172.31.46.0-255,66,106148,53,372510
19527,0.001275,74.125.200.0-255,5738,111886,53,372510
19528,0.001278,172.31.46.0-255,66,111952,53,372510
19529,0.001283,74.125.200.0-255,2902,114854,53,372510
19530,0.001286,172.31.46.0-255,66,114920,53,372510
19531,0.001314,74.125.200.0-255,4320,119240,53,372510
19532,0.001317,172.31.46.0-255,66,119306,53,372510
19533,0.00133,172.31.46.0-255,66,119372,53,372510
19534,0.001338,74.125.200.0-255,7156,126528,53,372510
19535,0.00134,172.31.46.0-255,66,126594,53,372510
19536,0.001366,74.125.200.0-255,766,127360,53,372510
19537,0.001427,74.125.200.0-255,1484,128844,53,372510
19538,0.001431,172.31.46.0-255,66,128910,53,372510
19539,0.001437,74.125.200.0-255,2902,131812,53,372510
19540,0.001439,172.31.46.0-255,66,131878,53,372510
19541,0.001472,74.125.200.0-255,5738,137616,53,372510
19542,0.001474,172.31.46.0-255,66,137682,53,372510
19543,0.001478,74.125.200.0-255,1484,139166,53,372510
19544,0.001489,74.125.200.0-255,2902,142068,53,372510
19545,0.001499,172.31.46.0-255,66,142134,53,372510
19546,0.001538,172.31.46.0-255,66,142200,53,372510
19547,0.001545,74.125.200.0-255,5738,147938,53,372510
19548,0.001547,172.31.46.0-255,66,148004,53,372510
19549,0.001554,74.125.200.0-255,5020,153024,53,372510
19550,0.001556,172.31.46.0-255,66,153090,53,372510
19551,0.001852,74.125.200.0-255,1484,154574,53,372510
19552,0.00186,74.125.200.0-255,2902,157476,53,372510
19553,0.001864,172.31.46.0-255,66,157542,53,372510
19554,0.001868,74.125.200.0-255,1484,159026,53,372510
19555,0.001892,74.125.200.0-255,4320,163346,53,372510
19556,0.001895,172.31.46.0-255,66,163412,53,372510
19557,0.0019,74.125.200.0-255,2902,166314,53,372510
19558,0.001902,172.31.46.0-255,66,166380,53,372510
19559,0.001923,74.125.200.0-255,5738,172118,53,372510
19560,0.001929,172.31.46.0-255,66,172184,53,372510
19561,0.001953,74.125.200.0-255,4320,176504,53,372510
19562,0.001955,172.31.46.0-255,66,176570,53,372510
19563,0.001979,74.125.200.0-255,5738,182308,53,372510
19564,0.001982,172.31.46.0-255,66,182374,53,372510
19565,0.002018,74.125.200.0-255,5020,187394,53,372510
19566,0.002021,172.31.46.0-255,66,187460,53,372510
19567,0.002071,74.125.200.0-255,1484,188944,53,372510
19568,0.002076,74.125.200.0-255,1484,190428,53,372510
19569,0.002078,172.31.46.0-255,66,190494,53,372510
19570,0.002102,74.125.200.0-255,1484,191978,53,372510
19571,0.002109,74.125.200.0-255,4320,196298,53,372510
19572,0.002112,172.31.46.0-255,66,196364,53,372510
19573,0.002148,74.125.200.0-255,1484,197848,53,372510
19574,0.002181,74.125.200.0-255,4320,202168,53,372510
19575,0.002184,172.31.46.0-255,66,202234,53,372510
19576,0.002198,172.31.46.0-255,66,202300,53,372510
19577,0.002201,74.125.200.0-255,1484,203784,53,372510
19578,0.002207,74.125.200.0-255,5738,209522,53,372510
19579,0.00221,172.31.46.0-255,66,209588,53,372510
19580,0.002234,74.125.200.0-255,766,210354,53,372510
19581,0.004506,74.125.200.0-255,4320,214674,53,372510
19582,0.004514,172.31.46.0-255,66,214740,53,372510
19583,0.006817,74.125.200.0-255,5738,220478,53,372510
19584,0.006823,172.31.46.0-255,66,220544,53,372510
19585,0.009124,74.125.200.0-255,5738,226282,53,372510
19586,0.00913,172.31.46.0-255,66,226348,53,372510
19587,0.011423,74.125.200.0-255,4320,230668,53,372510
19588,0.01143,172.31.46.0-255,66,230734,53,372510
19589,0.01145,74.125.200.0-255,1484,232218,53,372510
19590,0.013745,74.125.200.0-255,4320,236538,53,372510
19591,0.013752,172.31.46.0-255,66,236604,53,372510
19592,0.01605,74.125.200.0-255,5738,242342,53,372510
19593,0.016059,172.31.46.0-255,66,242408,53,372510
19594,0.018362,74.125.200.0-255,5738,248146,53,372510
19595,0.018371,172.31.46.0-255,66,248212,53,372510
19596,0.020668,74.125.200.0-255,5738,253950,53,372510
19597,0.020676,172.31.46.0-255,66,254016,53,372510
19598,0.022984,74.125.200.0-255,5738,259754,53,372510
19599,0.022992,172.31.46.0-255,66,259820,53,372510
19600,0.025301,74.125.200.0-255,5738,265558,53,372510
19601,0.025316,172.31.46.0-255,66,265624,53,372510
19602,0.027633,74.125.200.0-255,5738,271362,53,372510
19603,0.027652,172.31.46.0-255,66,271428,53,372510
19604,0.029981,74.125.200.0-255,5738,277166,53,372510
19605,0.029999,172.31.46.0-255,66,277232,53,372510
19606,0.032319,74.125.200.0-255,5738,282970,53,372510
19607,0.032333,172.31.46.0-255,66,283036,53,372510
19608,0.03465,74.125.200.0-255,5738,288774,53,372510
19609,0.034662,172.31.46.0-255,66,288840,53,372510
19610,0.036966,74.125.200.0-255,5738,294578,53,372510
19611,0.036974,172.31.46.0-255,66,294644,53,372510
19612,0.039282,74.125.200.0-255,5738,300382,53,372510
19613,0.039293,172.31.46.0-255,66,300448,53,372510
19614,0.041603,74.125.200.0-255,5738,306186,53,372510
19615,0.041621,172.31.46.0-255,66,306252,53,372510
19616,0.043923,74.125.200.0-255,5738,311990,53,372510
19617,0.043932,172.31.46.0-255,66,312056,53,372510
19618,0.046234,74.125.200.0-255,5738,317794,53,372510
19619,0.046249,172.31.46.0-255,66,317860,53,372510
19620,0.048559,74.125.200.0-255,5738,323598,53,372510
19621,0.04857,172.31.46.0-255,66,323664,53,372510
19622,0.050237,172.31.46.0-255,188,323852,53,372510
19623,0.05027,172.31.46.0-255,953,324805,53,372510
19624,0.050329,172.31.46.0-255,1514,326319,53,372510
19625,0.050331,172.31.46.0-255,1450,327769,53,372510
19626,0.050869,74.125.200.0-255,5738,333507,53,372510
19627,0.05088,172.31.46.0-255,66,333573,53,372510
19628,0.051793,104.244.42.0-255,66,333639,53,372510
19629,0.051834,104.244.42.0-255,66,333705,53,372510
19630,0.051877,104.244.42.0-255,66,333771,53,372510
19631,0.053184,74.125.200.0-255,5738,339509,53,372510
19632,0.053197,172.31.46.0-255,66,339575,53,372510
19633,0.055511,74.125.200.0-255,5738,345313,53,372510
19634,0.055526,172.31.46.0-255,66,345379,53,372510
19635,0.057863,74.125.200.0-255,5738,351117,53,372510
19636,0.057884,172.31.46.0-255,66,351183,53,372510
19637,0.060201,74.125.200.0-255,5738,356921,53,372510
19638,0.06022,172.31.46.0-255,66,356987,53,372510
19639,0.062532,74.125.200.0-255,5738,362725,53,372510
19640,0.062547,172.31.46.0-255,66,362791,53,372510
19641,0.064865,74.125.200.0-255,5738,368529,53,372510
19642,0.06488,172.31.46.0-255,66,368595,53,372510
19643,0.067192,74.125.200.0-255,3678,372273,53,372510
19644,0.06721,172.31.46.0-255,66,372339,53,372510
19645,0.067503,172.31.46.0-255,105,372444,53,372510
19646,0.06981,74.125.200.0-255,66,372510,53,372510
19647,0.0,74.125.24.0-255,153,153,53,259396
19648,1.6e-05,172.31.46.0-255,66,219,53,259396
19649,2.1e-05,74.125.24.0-255,1484,1703,53,259396
19650,2.6e-05,172.31.46.0-255,66,1769,53,259396
19651,3.6e-05,74.125.24.0-255,2902,4671,53,259396
19652,4e-05,172.31.46.0-255,66,4737,53,259396
19653,4.7e-05,74.125.24.0-255,7156,11893,53,259396
19654,5e-05,172.31.46.0-255,66,11959,53,259396
19655,7.7e-05,74.125.24.0-255,2112,14071,53,259396
19656,7.9e-05,172.31.46.0-255,66,14137,53,259396
19657,8.4e-05,74.125.24.0-255,2902,17039,53,259396
19658,8.6e-05,172.31.46.0-255,66,17105,53,259396
19659,0.000115,74.125.24.0-255,7156,24261,53,259396
19660,0.000117,172.31.46.0-255,66,24327,53,259396
19661,0.000128,74.125.24.0-255,6797,31124,53,259396
19662,0.00013,172.31.46.0-255,66,31190,53,259396
19663,0.000171,74.125.24.0-255,7156,38346,53,259396
19664,0.000173,172.31.46.0-255,66,38412,53,259396
19665,0.000177,74.125.24.0-255,2902,41314,53,259396
19666,0.000179,172.31.46.0-255,66,41380,53,259396
19667,0.000203,74.125.24.0-255,4320,45700,53,259396
19668,0.000205,172.31.46.0-255,66,45766,53,259396
19669,0.000226,74.125.24.0-255,2543,48309,53,259396
19670,0.000228,172.31.46.0-255,66,48375,53,259396
19671,0.000433,74.125.24.0-255,1484,49859,53,259396
19672,0.000438,172.31.46.0-255,66,49925,53,259396
19673,0.000444,74.125.24.0-255,2902,52827,53,259396
19674,0.000446,172.31.46.0-255,66,52893,53,259396
19675,0.000449,74.125.24.0-255,1484,54377,53,259396
19676,0.000455,172.31.46.0-255,66,54443,53,259396
19677,0.000485,74.125.24.0-255,4320,58763,53,259396
19678,0.000488,172.31.46.0-255,66,58829,53,259396
19679,0.000495,74.125.24.0-255,7128,65957,53,259396
19680,0.000497,172.31.46.0-255,66,66023,53,259396
19681,0.000708,74.125.24.0-255,346,66369,53,259396
19682,0.000851,74.125.24.0-255,1484,67853,53,259396
19683,0.000856,172.31.46.0-255,66,67919,53,259396
19684,0.000861,74.125.24.0-255,2902,70821,53,259396
19685,0.000863,172.31.46.0-255,66,70887,53,259396
19686,0.000893,74.125.24.0-255,5738,76625,53,259396
19687,0.000896,172.31.46.0-255,66,76691,53,259396
19688,0.000901,74.125.24.0-255,4320,81011,53,259396
19689,0.000903,172.31.46.0-255,66,81077,53,259396
19690,0.000934,74.125.24.0-255,2543,83620,53,259396
19691,0.000936,172.31.46.0-255,66,83686,53,259396
19692,0.000943,74.125.24.0-255,7156,90842,53,259396
19693,0.000945,172.31.46.0-255,66,90908,53,259396
19694,0.000975,74.125.24.0-255,7156,98064,53,259396
19695,0.000978,172.31.46.0-255,66,98130,53,259396
19696,0.000981,74.125.24.0-255,2543,100673,53,259396
19697,0.000983,172.31.46.0-255,66,100739,53,259396
19698,0.00108,74.125.24.0-255,1484,102223,53,259396
19699,0.001098,74.125.24.0-255,2902,105125,53,259396
19700,0.001102,172.31.46.0-255,66,105191,53,259396
19701,0.001107,74.125.24.0-255,4320,109511,53,259396
19702,0.001109,172.31.46.0-255,66,109577,53,259396
19703,0.001123,74.125.24.0-255,1484,111061,53,259396
19704,0.001129,74.125.24.0-255,5738,116799,53,259396
19705,0.001131,172.31.46.0-255,66,116865,53,259396
19706,0.001157,74.125.24.0-255,7156,124021,53,259396
19707,0.00116,172.31.46.0-255,66,124087,53,259396
19708,0.001195,172.31.46.0-255,66,124153,53,259396
19709,0.001271,74.125.24.0-255,1484,125637,53,259396
19710,0.001274,74.125.24.0-255,1484,127121,53,259396
19711,0.001277,172.31.46.0-255,66,127187,53,259396
19712,0.001304,74.125.24.0-255,1484,128671,53,259396
19713,0.001309,74.125.24.0-255,5738,134409,53,259396
19714,0.001312,172.31.46.0-255,66,134475,53,259396
19715,0.001317,74.125.24.0-255,5738,140213,53,259396
19716,0.001319,172.31.46.0-255,66,140279,53,259396
19717,0.001353,74.125.24.0-255,1484,141763,53,259396
19718,0.001362,172.31.46.0-255,66,141829,53,259396
19719,0.001385,74.125.24.0-255,3602,145431,53,259396
19720,0.001389,74.125.24.0-255,2902,148333,53,259396
19721,0.001404,74.125.24.0-255,2902,151235,53,259396
19722,0.001407,172.31.46.0-255,66,151301,53,259396
19723,0.001414,74.125.24.0-255,1484,152785,53,259396
19724,0.001418,172.31.46.0-255,66,152851,53,259396
19725,0.001431,74.125.24.0-255,4320,157171,53,259396
19726,0.001441,74.125.24.0-255,7156,164327,53,259396
19727,0.001461,74.125.24.0-255,5738,170065,53,259396
19728,0.001466,74.125.24.0-255,4320,174385,53,259396
19729,0.001469,172.31.46.0-255,66,174451,53,259396
19730,0.001474,172.31.46.0-255,66,174517,53,259396
19731,0.001496,74.125.24.0-255,5020,179537,53,259396
19732,0.00151,172.31.46.0-255,66,179603,53,259396
19733,0.001572,74.125.24.0-255,1484,181087,53,259396
19734,0.001578,74.125.24.0-255,2902,183989,53,259396
19735,0.001583,74.125.24.0-255,4320,188309,53,259396
19736,0.001592,172.31.46.0-255,66,188375,53,259396
19737,0.001595,74.125.24.0-255,1484,189859,53,259396
19738,0.001634,74.125.24.0-255,2902,192761,53,259396
19739,0.001647,172.31.46.0-255,66,192827,53,259396
19740,0.001674,74.125.24.0-255,5738,198565,53,259396
19741,0.001681,172.31.46.0-255,66,198631,53,259396
19742,0.001689,74.125.24.0-255,3602,202233,53,259396
19743,0.001693,172.31.46.0-255,66,202299,53,259396
19744,0.001731,74.125.24.0-255,1484,203783,53,259396
19745,0.001737,74.125.24.0-255,5738,209521,53,259396
19746,0.00177,172.31.46.0-255,66,209587,53,259396
19747,0.001863,74.125.24.0-255,1484,211071,53,259396
19748,0.00188,74.125.24.0-255,2902,213973,53,259396
19749,0.001893,74.125.24.0-255,4320,218293,53,259396
19750,0.001903,74.125.24.0-255,1484,219777,53,259396
19751,0.001908,172.31.46.0-255,66,219843,53,259396
19752,0.001984,172.31.46.0-255,66,219909,53,259396
19753,0.001992,74.125.24.0-255,1484,221393,53,259396
19754,0.002007,74.125.24.0-255,2902,224295,53,259396
19755,0.002026,74.125.24.0-255,5738,230033,53,259396
19756,0.002029,74.125.24.0-255,1484,231517,53,259396
19757,0.002035,172.31.46.0-255,66,231583,53,259396
19758,0.002053,74.125.24.0-255,5738,237321,53,259396
19759,0.002055,74.125.24.0-255,1484,238805,53,259396
19760,0.002066,172.31.46.0-255,66,238871,53,259396
19761,0.002112,74.125.24.0-255,2184,241055,53,259396
19762,0.002137,74.125.24.0-255,7156,248211,53,259396
19763,0.002169,172.31.46.0-255,66,248277,53,259396
19764,0.002177,172.31.46.0-255,66,248343,53,259396
19765,0.00218,74.125.24.0-255,1484,249827,53,259396
19766,0.002202,74.125.24.0-255,2902,252729,53,259396
19767,0.00221,172.31.46.0-255,66,252795,53,259396
19768,0.002236,172.31.46.0-255,66,252861,53,259396
19769,0.002244,74.125.24.0-255,4142,257003,53,259396
19770,0.002246,74.125.24.0-255,105,257108,53,259396
19771,0.002264,172.31.46.0-255,66,257174,53,259396
19772,0.004318,172.31.46.0-255,105,257279,53,259396
19773,0.006883,74.125.24.0-255,66,257345,53,259396
19774,0.035274,172.31.46.0-255,172,257517,53,259396
19775,0.0353,172.31.46.0-255,1112,258629,53,259396
19776,0.035348,172.31.46.0-255,569,259198,53,259396
19777,0.036789,104.244.42.0-255,66,259264,53,259396
19778,0.03683,104.244.42.0-255,66,259330,53,259396
19779,0.036885,104.244.42.0-255,66,259396,53,259396
19780,0.0,74.125.68.0-255,146,146,53,312482
19781,2.1e-05,172.31.46.0-255,66,212,53,312482
19782,2.8e-05,74.125.68.0-255,1484,1696,53,312482
19783,3.2e-05,172.31.46.0-255,66,1762,53,312482
19784,3.8e-05,74.125.68.0-255,2902,4664,53,312482
19785,4.2e-05,172.31.46.0-255,66,4730,53,312482
19786,4.9e-05,74.125.68.0-255,5738,10468,53,312482
19787,5.2e-05,172.31.46.0-255,66,10534,53,312482
19788,7.3e-05,74.125.68.0-255,3502,14036,53,312482
19789,7.7e-05,172.31.46.0-255,66,14102,53,312482
19790,8.2e-05,74.125.68.0-255,4320,18422,53,312482
19791,8.5e-05,172.31.46.0-255,66,18488,53,312482
19792,0.000117,172.31.46.0-255,66,18554,53,312482
19793,0.000134,74.125.68.0-255,1484,20038,53,312482
19794,0.000136,172.31.46.0-255,66,20104,53,312482
19795,0.00014,74.125.68.0-255,2543,22647,53,312482
19796,0.000142,172.31.46.0-255,66,22713,53,312482
19797,0.000207,74.125.68.0-255,1484,24197,53,312482
19798,0.00021,172.31.46.0-255,66,24263,53,312482
19799,0.000214,74.125.68.0-255,1484,25747,53,312482
19800,0.000216,172.31.46.0-255,66,25813,53,312482
19801,0.000228,74.125.68.0-255,1484,27297,53,312482
19802,0.000231,172.31.46.0-255,66,27363,53,312482
19803,0.000246,74.125.68.0-255,4320,31683,53,312482
19804,0.000248,172.31.46.0-255,66,31749,53,312482
19805,0.000266,74.125.68.0-255,1484,33233,53,312482
19806,0.000268,172.31.46.0-255,66,33299,53,312482
19807,0.000288,74.125.68.0-255,7156,40455,53,312482
19808,0.00029,172.31.46.0-255,66,40521,53,312482
19809,0.000315,74.125.68.0-255,1484,42005,53,312482
19810,0.000317,172.31.46.0-255,66,42071,53,312482
19811,0.000323,74.125.68.0-255,4320,46391,53,312482
19812,0.000325,172.31.46.0-255,66,46457,53,312482
19813,0.000352,74.125.68.0-255,5738,52195,53,312482
19814,0.000355,172.31.46.0-255,66,52261,53,312482
19815,0.000374,74.125.68.0-255,5020,57281,53,312482
19816,0.000377,172.31.46.0-255,66,57347,53,312482
19817,0.000394,74.125.68.0-255,422,57769,53,312482
19818,0.000607,74.125.68.0-255,1484,59253,53,312482
19819,0.000613,172.31.46.0-255,66,59319,53,312482
19820,0.000618,74.125.68.0-255,2902,62221,53,312482
19821,0.000621,172.31.46.0-255,66,62287,53,312482
19822,0.000625,74.125.68.0-255,2902,65189,53,312482
19823,0.000627,172.31.46.0-255,66,65255,53,312482
19824,0.000643,74.125.68.0-255,2902,68157,53,312482
19825,0.000646,172.31.46.0-255,66,68223,53,312482
19826,0.000671,74.125.68.0-255,1484,69707,53,312482
19827,0.000685,172.31.46.0-255,66,69773,53,312482
19828,0.000706,74.125.68.0-255,5738,75511,53,312482
19829,0.000709,172.31.46.0-255,66,75577,53,312482
19830,0.000717,74.125.68.0-255,7156,82733,53,312482
19831,0.000719,172.31.46.0-255,66,82799,53,312482
19832,0.000722,74.125.68.0-255,766,83565,53,312482
19833,0.000806,74.125.68.0-255,1484,85049,53,312482
19834,0.00081,172.31.46.0-255,66,85115,53,312482
19835,0.000815,74.125.68.0-255,2902,88017,53,312482
19836,0.000817,172.31.46.0-255,66,88083,53,312482
19837,0.00083,74.125.68.0-255,2902,90985,53,312482
19838,0.000832,172.31.46.0-255,66,91051,53,312482
19839,0.000849,74.125.68.0-255,1484,92535,53,312482
19840,0.000856,74.125.68.0-255,5738,98273,53,312482
19841,0.000859,172.31.46.0-255,66,98339,53,312482
19842,0.000892,172.31.46.0-255,66,98405,53,312482
19843,0.000905,74.125.68.0-255,1484,99889,53,312482
19844,0.00091,74.125.68.0-255,4320,104209,53,312482
19845,0.000912,172.31.46.0-255,66,104275,53,312482
19846,0.000947,74.125.68.0-255,3602,107877,53,312482
19847,0.00095,172.31.46.0-255,66,107943,53,312482
19848,0.000973,74.125.68.0-255,4320,112263,53,312482
19849,0.000975,172.31.46.0-255,66,112329,53,312482
19850,0.000997,74.125.68.0-255,7156,119485,53,312482
19851,0.001,172.31.46.0-255,66,119551,53,312482
19852,0.001028,74.125.68.0-255,2902,122453,53,312482
19853,0.001031,172.31.46.0-255,66,122519,53,312482
19854,0.001043,172.31.46.0-255,66,122585,53,312482
19855,0.00105,74.125.68.0-255,7156,129741,53,312482
19856,0.001053,172.31.46.0-255,66,129807,53,312482
19857,0.001107,74.125.68.0-255,766,130573,53,312482
19858,0.001111,74.125.68.0-255,1484,132057,53,312482
19859,0.001113,172.31.46.0-255,66,132123,53,312482
19860,0.001118,74.125.68.0-255,4320,136443,53,312482
19861,0.00112,172.31.46.0-255,66,136509,53,312482
19862,0.001146,74.125.68.0-255,7156,143665,53,312482
19863,0.00115,172.31.46.0-255,66,143731,53,312482
19864,0.001168,74.125.68.0-255,2902,146633,53,312482
19865,0.00117,172.31.46.0-255,66,146699,53,312482
19866,0.001181,172.31.46.0-255,66,146765,53,312482
19867,0.001206,74.125.68.0-255,2902,149667,53,312482
19868,0.001208,172.31.46.0-255,66,149733,53,312482
19869,0.001216,74.125.68.0-255,6144,155877,53,312482
19870,0.001218,172.31.46.0-255,66,155943,53,312482
19871,0.001225,74.125.68.0-255,7156,163099,53,312482
19872,0.001228,172.31.46.0-255,66,163165,53,312482
19873,0.001243,74.125.68.0-255,1484,164649,53,312482
19874,0.001261,74.125.68.0-255,2902,167551,53,312482
19875,0.001264,172.31.46.0-255,66,167617,53,312482
19876,0.001284,74.125.68.0-255,5738,173355,53,312482
19877,0.001287,172.31.46.0-255,66,173421,53,312482
19878,0.001291,74.125.68.0-255,2902,176323,53,312482
19879,0.001293,172.31.46.0-255,66,176389,53,312482
19880,0.001297,74.125.68.0-255,1484,177873,53,312482
19881,0.001313,74.125.68.0-255,2902,180775,53,312482
19882,0.001316,172.31.46.0-255,66,180841,53,312482
19883,0.001329,74.125.68.0-255,1484,182325,53,312482
19884,0.00135,74.125.68.0-255,7156,189481,53,312482
19885,0.001354,172.31.46.0-255,66,189547,53,312482
19886,0.001357,74.125.68.0-255,766,190313,53,312482
19887,0.0014,74.125.68.0-255,1484,191797,53,312482
19888,0.001403,172.31.46.0-255,66,191863,53,312482
19889,0.001451,74.125.68.0-255,1484,193347,53,312482
19890,0.001456,74.125.68.0-255,2902,196249,53,312482
19891,0.001459,172.31.46.0-255,66,196315,53,312482
19892,0.001499,74.125.68.0-255,5738,202053,53,312482
19893,0.001503,172.31.46.0-255,66,202119,53,312482
19894,0.001513,74.125.68.0-255,4320,206439,53,312482
19895,0.001516,172.31.46.0-255,66,206505,53,312482
19896,0.001522,74.125.68.0-255,5738,212243,53,312482
19897,0.001524,172.31.46.0-255,66,212309,53,312482
19898,0.001555,74.125.68.0-255,766,213075,53,312482
19899,0.001561,172.31.46.0-255,66,213141,53,312482
19900,0.001612,74.125.68.0-255,1484,214625,53,312482
19901,0.001615,172.31.46.0-255,66,214691,53,312482
19902,0.001628,74.125.68.0-255,2902,217593,53,312482
19903,0.00163,172.31.46.0-255,66,217659,53,312482
19904,0.001649,74.125.68.0-255,2902,220561,53,312482
19905,0.001652,172.31.46.0-255,66,220627,53,312482
19906,0.001673,74.125.68.0-255,2902,223529,53,312482
19907,0.001675,172.31.46.0-255,66,223595,53,312482
19908,0.001678,74.125.68.0-255,1484,225079,53,312482
19909,0.001691,172.31.46.0-255,66,225145,53,312482
19910,0.001706,74.125.68.0-255,4320,229465,53,312482
19911,0.001727,74.125.68.0-255,7156,236621,53,312482
19912,0.001731,172.31.46.0-255,66,236687,53,312482
19913,0.001748,74.125.68.0-255,2184,238871,53,312482
19914,0.001777,172.31.46.0-255,66,238937,53,312482
19915,0.002058,74.125.68.0-255,1484,240421,53,312482
19916,0.002075,74.125.68.0-255,2902,243323,53,312482
19917,0.002079,172.31.46.0-255,66,243389,53,312482
19918,0.002082,74.125.68.0-255,1484,244873,53,312482
19919,0.002103,74.125.68.0-255,4320,249193,53,312482
19920,0.002106,74.125.68.0-255,1484,250677,53,312482
19921,0.00213,74.125.68.0-255,5738,256415,53,312482
19922,0.002149,172.31.46.0-255,66,256481,53,312482
19923,0.002154,74.125.68.0-255,2902,259383,53,312482
19924,0.002166,172.31.46.0-255,66,259449,53,312482
19925,0.002173,74.125.68.0-255,5020,264469,53,312482
19926,0.002197,172.31.46.0-255,66,264535,53,312482
19927,0.002227,74.125.68.0-255,1484,266019,53,312482
19928,0.002232,74.125.68.0-255,2902,268921,53,312482
19929,0.002235,172.31.46.0-255,66,268987,53,312482
19930,0.002255,74.125.68.0-255,5738,274725,53,312482
19931,0.002259,74.125.68.0-255,2902,277627,53,312482
19932,0.002296,74.125.68.0-255,1484,279111,53,312482
19933,0.002304,172.31.46.0-255,66,279177,53,312482
19934,0.002317,74.125.68.0-255,2902,282079,53,312482
19935,0.002332,74.125.68.0-255,7156,289235,53,312482
19936,0.002353,172.31.46.0-255,66,289301,53,312482
19937,0.002374,74.125.68.0-255,7156,296457,53,312482
19938,0.002389,172.31.46.0-255,66,296523,53,312482
19939,0.002404,172.31.46.0-255,66,296589,53,312482
19940,0.002416,74.125.68.0-255,6210,302799,53,312482
19941,0.002436,172.31.46.0-255,66,302865,53,312482
19942,0.002453,74.125.68.0-255,105,302970,53,312482
19943,0.008759,172.31.46.0-255,66,303036,53,312482
19944,0.008799,172.31.46.0-255,105,303141,53,312482
19945,0.011317,74.125.68.0-255,66,303207,53,312482
19946,0.037732,172.31.46.0-255,188,303395,53,312482
19947,0.037761,172.31.46.0-255,953,304348,53,312482
19948,0.037837,172.31.46.0-255,1514,305862,53,312482
19949,0.037838,172.31.46.0-255,1514,307376,53,312482
19950,0.03784,172.31.46.0-255,1514,308890,53,312482
19951,0.037844,172.31.46.0-255,1514,310404,53,312482
19952,0.037845,172.31.46.0-255,1514,311918,53,312482
19953,0.037846,172.31.46.0-255,300,312218,53,312482
19954,0.039274,104.244.42.0-255,66,312284,53,312482
19955,0.039284,104.244.42.0-255,66,312350,53,312482
19956,0.03939,104.244.42.0-255,66,312416,53,312482
19957,0.039394,104.244.42.0-255,66,312482,53,312482
19958,0.0,74.125.68.0-255,153,153,53,349736
19959,2.5e-05,172.31.46.0-255,66,219,53,349736
19960,3.2e-05,74.125.68.0-255,1484,1703,53,349736
19961,3.8e-05,172.31.46.0-255,66,1769,53,349736
19962,4.3e-05,74.125.68.0-255,2902,4671,53,349736
19963,5.3e-05,172.31.46.0-255,66,4737,53,349736
19964,6.1e-05,74.125.68.0-255,7156,11893,53,349736
19965,6.6e-05,172.31.46.0-255,66,11959,53,349736
19966,7e-05,74.125.68.0-255,2083,14042,53,349736
19967,7.4e-05,172.31.46.0-255,66,14108,53,349736
19968,0.000153,74.125.68.0-255,1484,15592,53,349736
19969,0.000156,172.31.46.0-255,66,15658,53,349736
19970,0.000162,74.125.68.0-255,2902,18560,53,349736
19971,0.000164,172.31.46.0-255,66,18626,53,349736
19972,0.000193,74.125.68.0-255,5738,24364,53,349736
19973,0.000196,172.31.46.0-255,66,24430,53,349736
19974,0.000202,74.125.68.0-255,4320,28750,53,349736
19975,0.000204,172.31.46.0-255,66,28816,53,349736
19976,0.000237,74.125.68.0-255,2543,31359,53,349736
19977,0.000239,172.31.46.0-255,66,31425,53,349736
19978,0.000312,74.125.68.0-255,1484,32909,53,349736
19979,0.000316,172.31.46.0-255,66,32975,53,349736
19980,0.000324,74.125.68.0-255,2902,35877,53,349736
19981,0.000326,172.31.46.0-255,66,35943,53,349736
19982,0.000353,74.125.68.0-255,4320,40263,53,349736
19983,0.000356,172.31.46.0-255,66,40329,53,349736
19984,0.000382,74.125.68.0-255,1484,41813,53,349736
19985,0.000385,172.31.46.0-255,66,41879,53,349736
19986,0.00039,74.125.68.0-255,2902,44781,53,349736
19987,0.000392,172.31.46.0-255,66,44847,53,349736
19988,0.000441,172.31.46.0-255,66,44913,53,349736
19989,0.000464,74.125.68.0-255,1125,46038,53,349736
19990,0.00047,74.125.68.0-255,4320,50358,53,349736
19991,0.000473,172.31.46.0-255,66,50424,53,349736
19992,0.000479,74.125.68.0-255,5689,56113,53,349736
19993,0.000482,172.31.46.0-255,66,56179,53,349736
19994,0.000485,74.125.68.0-255,114,56293,53,349736
19995,0.000525,74.125.68.0-255,329,56622,53,349736
19996,0.000919,74.125.68.0-255,1484,58106,53,349736
19997,0.000924,172.31.46.0-255,66,58172,53,349736
19998,0.00093,74.125.68.0-255,2902,61074,53,349736
19999,0.000933,172.31.46.0-255,66,61140,53,349736
20000,0.000961,74.125.68.0-255,5738,66878,53,349736
20001,0.000964,172.31.46.0-255,66,66944,53,349736
20002,0.00097,74.125.68.0-255,4320,71264,53,349736
20003,0.000972,172.31.46.0-255,66,71330,53,349736
20004,0.000994,74.125.68.0-255,2902,74232,53,349736
20005,0.000997,172.31.46.0-255,66,74298,53,349736
20006,0.001014,74.125.68.0-255,5738,80036,53,349736
20007,0.001016,172.31.46.0-255,66,80102,53,349736
20008,0.001056,74.125.68.0-255,7156,87258,53,349736
20009,0.001059,172.31.46.0-255,66,87324,53,349736
20010,0.001065,74.125.68.0-255,3602,90926,53,349736
20011,0.001067,172.31.46.0-255,66,90992,53,349736
20012,0.001411,74.125.68.0-255,1484,92476,53,349736
20013,0.001418,74.125.68.0-255,2902,95378,53,349736
20014,0.001421,172.31.46.0-255,66,95444,53,349736
20015,0.001456,74.125.68.0-255,5738,101182,53,349736
20016,0.001459,172.31.46.0-255,66,101248,53,349736
20017,0.001462,74.125.68.0-255,1484,102732,53,349736
20018,0.001492,172.31.46.0-255,66,102798,53,349736
20019,0.001495,74.125.68.0-255,1484,104282,53,349736
20020,0.001533,172.31.46.0-255,66,104348,53,349736
20021,0.001965,74.125.68.0-255,1484,105832,53,349736
20022,0.001971,74.125.68.0-255,2902,108734,53,349736
20023,0.001975,172.31.46.0-255,66,108800,53,349736
20024,0.002008,74.125.68.0-255,5738,114538,53,349736
20025,0.002011,172.31.46.0-255,66,114604,53,349736
20026,0.00203,74.125.68.0-255,2902,117506,53,349736
20027,0.002033,172.31.46.0-255,66,117572,53,349736
20028,0.002075,172.31.46.0-255,66,117638,53,349736
20029,0.002094,172.31.46.0-255,66,117704,53,349736
20030,0.002208,74.125.68.0-255,1484,119188,53,349736
20031,0.002229,74.125.68.0-255,1484,120672,53,349736
20032,0.002233,172.31.46.0-255,66,120738,53,349736
20033,0.002236,74.125.68.0-255,1484,122222,53,349736
20034,0.004316,74.125.68.0-255,1484,123706,53,349736
20035,0.004329,172.31.46.0-255,66,123772,53,349736
20036,0.00444,74.125.68.0-255,2902,126674,53,349736
20037,0.004443,172.31.46.0-255,66,126740,53,349736
20038,0.006558,74.125.68.0-255,2902,129642,53,349736
20039,0.006566,172.31.46.0-255,66,129708,53,349736
20040,0.006667,74.125.68.0-255,2902,132610,53,349736
20041,0.006671,172.31.46.0-255,66,132676,53,349736
20042,0.008798,74.125.68.0-255,2902,135578,53,349736
20043,0.008809,172.31.46.0-255,66,135644,53,349736
20044,0.008872,74.125.68.0-255,2902,138546,53,349736
20045,0.008876,172.31.46.0-255,66,138612,53,349736
20046,0.011039,74.125.68.0-255,2902,141514,53,349736
20047,0.011056,172.31.46.0-255,66,141580,53,349736
20048,0.011087,74.125.68.0-255,2902,144482,53,349736
20049,0.01109,172.31.46.0-255,66,144548,53,349736
20050,0.013302,74.125.68.0-255,5738,150286,53,349736
20051,0.013322,172.31.46.0-255,66,150352,53,349736
20052,0.015558,74.125.68.0-255,5738,156090,53,349736
20053,0.015576,172.31.46.0-255,66,156156,53,349736
20054,0.017811,74.125.68.0-255,5738,161894,53,349736
20055,0.01783,172.31.46.0-255,66,161960,53,349736
20056,0.020068,74.125.68.0-255,5738,167698,53,349736
20057,0.020085,172.31.46.0-255,66,167764,53,349736
20058,0.022316,74.125.68.0-255,5738,173502,53,349736
20059,0.022331,172.31.46.0-255,66,173568,53,349736
20060,0.024582,74.125.68.0-255,5738,179306,53,349736
20061,0.024601,172.31.46.0-255,66,179372,53,349736
20062,0.02684,74.125.68.0-255,5738,185110,53,349736
20063,0.026856,172.31.46.0-255,66,185176,53,349736
20064,0.029118,74.125.68.0-255,5738,190914,53,349736
20065,0.029135,172.31.46.0-255,66,190980,53,349736
20066,0.031389,74.125.68.0-255,5738,196718,53,349736
20067,0.031405,172.31.46.0-255,66,196784,53,349736
20068,0.033646,74.125.68.0-255,5738,202522,53,349736
20069,0.033661,172.31.46.0-255,66,202588,53,349736
20070,0.035886,74.125.68.0-255,5738,208326,53,349736
20071,0.035898,172.31.46.0-255,66,208392,53,349736
20072,0.036768,172.31.46.0-255,172,208564,53,349736
20073,0.036804,172.31.46.0-255,1112,209676,53,349736
20074,0.036871,172.31.46.0-255,1514,211190,53,349736
20075,0.036896,172.31.46.0-255,1514,212704,53,349736
20076,0.036898,172.31.46.0-255,702,213406,53,349736
20077,0.038133,74.125.68.0-255,5738,219144,53,349736
20078,0.038146,172.31.46.0-255,66,219210,53,349736
20079,0.038335,104.244.42.0-255,66,219276,53,349736
20080,0.038572,104.244.42.0-255,66,219342,53,349736
20081,0.038668,104.244.42.0-255,66,219408,53,349736
20082,0.039259,104.244.42.0-255,108,219516,53,349736
20083,0.039269,172.31.46.0-255,66,219582,53,349736
20084,0.040386,74.125.68.0-255,5738,225320,53,349736
20085,0.040394,172.31.46.0-255,66,225386,53,349736
20086,0.042634,74.125.68.0-255,5738,231124,53,349736
20087,0.042654,172.31.46.0-255,66,231190,53,349736
20088,0.044906,74.125.68.0-255,5738,236928,53,349736
20089,0.044919,172.31.46.0-255,66,236994,53,349736
20090,0.047144,74.125.68.0-255,5738,242732,53,349736
20091,0.047159,172.31.46.0-255,66,242798,53,349736
20092,0.049394,74.125.68.0-255,5738,248536,53,349736
20093,0.049406,172.31.46.0-255,66,248602,53,349736
20094,0.051647,74.125.68.0-255,5738,254340,53,349736
20095,0.051664,172.31.46.0-255,66,254406,53,349736
20096,0.053907,74.125.68.0-255,5738,260144,53,349736
20097,0.053922,172.31.46.0-255,66,260210,53,349736
20098,0.056192,74.125.68.0-255,5738,265948,53,349736
20099,0.056206,172.31.46.0-255,66,266014,53,349736
20100,0.058432,74.125.68.0-255,5738,271752,53,349736
20101,0.058447,172.31.46.0-255,66,271818,53,349736
20102,0.060669,74.125.68.0-255,5738,277556,53,349736
20103,0.060684,172.31.46.0-255,66,277622,53,349736
20104,0.062914,74.125.68.0-255,5738,283360,53,349736
20105,0.062927,172.31.46.0-255,66,283426,53,349736
20106,0.065171,74.125.68.0-255,5738,289164,53,349736
20107,0.065188,172.31.46.0-255,66,289230,53,349736
20108,0.067428,74.125.68.0-255,5738,294968,53,349736
20109,0.067449,172.31.46.0-255,66,295034,53,349736
20110,0.0697,74.125.68.0-255,5738,300772,53,349736
20111,0.069719,172.31.46.0-255,66,300838,53,349736
20112,0.071961,74.125.68.0-255,5738,306576,53,349736
20113,0.071974,172.31.46.0-255,66,306642,53,349736
20114,0.074204,74.125.68.0-255,5738,312380,53,349736
20115,0.07422,172.31.46.0-255,66,312446,53,349736
20116,0.076462,74.125.68.0-255,5738,318184,53,349736
20117,0.076478,172.31.46.0-255,66,318250,53,349736
20118,0.078724,74.125.68.0-255,5738,323988,53,349736
20119,0.078735,172.31.46.0-255,66,324054,53,349736
20120,0.080974,74.125.68.0-255,5738,329792,53,349736
20121,0.08099,172.31.46.0-255,66,329858,53,349736
20122,0.083243,74.125.68.0-255,5738,335596,53,349736
20123,0.08326,172.31.46.0-255,66,335662,53,349736
20124,0.085503,74.125.68.0-255,5738,341400,53,349736
20125,0.085519,172.31.46.0-255,66,341466,53,349736
20126,0.087755,74.125.68.0-255,5738,347204,53,349736
20127,0.087769,172.31.46.0-255,66,347270,53,349736
20128,0.090003,74.125.68.0-255,2229,349499,53,349736
20129,0.090016,172.31.46.0-255,66,349565,53,349736
20130,0.090288,172.31.46.0-255,105,349670,53,349736
20131,0.092494,74.125.68.0-255,66,349736,53,349736
20132,0.0,172.217.194.0-255,156,156,53,304122
20133,2.2e-05,172.31.46.0-255,66,222,53,304122
20134,2.9e-05,172.217.194.0-255,1484,1706,53,304122
20135,3.3e-05,172.31.46.0-255,66,1772,53,304122
20136,4.7e-05,172.217.194.0-255,2902,4674,53,304122
20137,5e-05,172.31.46.0-255,66,4740,53,304122
20138,5.8e-05,172.217.194.0-255,7156,11896,53,304122
20139,6.1e-05,172.31.46.0-255,66,11962,53,304122
20140,9.8e-05,172.217.194.0-255,2040,14002,53,304122
20141,0.000101,172.31.46.0-255,66,14068,53,304122
20142,0.000115,172.31.46.0-255,66,14134,53,304122
20143,0.000136,172.31.46.0-255,66,14200,53,304122
20144,0.000164,172.217.194.0-255,1484,15684,53,304122
20145,0.000166,172.31.46.0-255,66,15750,53,304122
20146,0.000174,172.217.194.0-255,6438,22188,53,304122
20147,0.000176,172.31.46.0-255,66,22254,53,304122
20148,0.000839,172.217.194.0-255,1484,23738,53,304122
20149,0.000845,172.31.46.0-255,66,23804,53,304122
20150,0.000852,172.217.194.0-255,2902,26706,53,304122
20151,0.000854,172.31.46.0-255,66,26772,53,304122
20152,0.000885,172.217.194.0-255,5738,32510,53,304122
20153,0.000888,172.31.46.0-255,66,32576,53,304122
20154,0.000894,172.217.194.0-255,5738,38314,53,304122
20155,0.000896,172.31.46.0-255,66,38380,53,304122
20156,0.000918,172.217.194.0-255,1431,39811,53,304122
20157,0.00092,172.31.46.0-255,66,39877,53,304122
20158,0.001875,172.217.194.0-255,1484,41361,53,304122
20159,0.001882,172.31.46.0-255,66,41427,53,304122
20160,0.001889,172.217.194.0-255,2902,44329,53,304122
20161,0.001891,172.31.46.0-255,66,44395,53,304122
20162,0.001895,172.217.194.0-255,1484,45879,53,304122
20163,0.001932,172.217.194.0-255,4320,50199,53,304122
20164,0.001938,172.217.194.0-255,5738,55937,53,304122
20165,0.001957,172.217.194.0-255,4320,60257,53,304122
20166,0.001964,172.217.194.0-255,7156,67413,53,304122
20167,0.001985,172.217.194.0-255,5738,73151,53,304122
20168,0.002001,172.217.194.0-255,766,73917,53,304122
20169,0.005581,172.31.46.0-255,66,73983,53,304122
20170,0.007941,172.217.194.0-255,5738,79721,53,304122
20171,0.007948,172.31.46.0-255,66,79787,53,304122
20172,0.010286,172.217.194.0-255,5738,85525,53,304122
20173,0.01236,172.31.46.0-255,66,85591,53,304122
20174,0.014686,172.217.194.0-255,5738,91329,53,304122
20175,0.014698,172.31.46.0-255,66,91395,53,304122
20176,0.017015,172.217.194.0-255,5738,97133,53,304122
20177,0.017023,172.31.46.0-255,66,97199,53,304122
20178,0.019328,172.217.194.0-255,5738,102937,53,304122
20179,0.019335,172.31.46.0-255,66,103003,53,304122
20180,0.021656,172.217.194.0-255,5738,108741,53,304122
20181,0.021663,172.31.46.0-255,66,108807,53,304122
20182,0.023973,172.217.194.0-255,5738,114545,53,304122
20183,0.02398,172.31.46.0-255,66,114611,53,304122
20184,0.026289,172.217.194.0-255,5738,120349,53,304122
20185,0.026296,172.31.46.0-255,66,120415,53,304122
20186,0.028603,172.217.194.0-255,5738,126153,53,304122
20187,0.028611,172.31.46.0-255,66,126219,53,304122
20188,0.030967,172.217.194.0-255,5738,131957,53,304122
20189,0.030976,172.31.46.0-255,66,132023,53,304122
20190,0.031572,172.31.46.0-255,172,132195,53,304122
20191,0.031602,172.31.46.0-255,1112,133307,53,304122
20192,0.031677,172.31.46.0-255,1514,134821,53,304122
20193,0.031678,172.31.46.0-255,1514,136335,53,304122
20194,0.03168,172.31.46.0-255,1514,137849,53,304122
20195,0.031681,172.31.46.0-255,1514,139363,53,304122
20196,0.031709,172.31.46.0-255,1514,140877,53,304122
20197,0.031715,172.31.46.0-255,139,141016,53,304122
20198,0.033145,104.244.42.0-255,66,141082,53,304122
20199,0.033182,104.244.42.0-255,66,141148,53,304122
20200,0.03323,104.244.42.0-255,66,141214,53,304122
20201,0.033263,172.217.194.0-255,4320,145534,53,304122
20202,0.033269,172.31.46.0-255,66,145600,53,304122
20203,0.033299,104.244.42.0-255,66,145666,53,304122
20204,0.033303,172.217.194.0-255,1484,147150,53,304122
20205,0.035595,172.217.194.0-255,2902,150052,53,304122
20206,0.035602,172.31.46.0-255,66,150118,53,304122
20207,0.037925,172.217.194.0-255,5738,155856,53,304122
20208,0.037977,172.31.46.0-255,66,155922,53,304122
20209,0.040332,172.217.194.0-255,5738,161660,53,304122
20210,0.040338,172.31.46.0-255,66,161726,53,304122
20211,0.042671,172.217.194.0-255,5738,167464,53,304122
20212,0.042677,172.31.46.0-255,66,167530,53,304122
20213,0.04499,172.217.194.0-255,4320,171850,53,304122
20214,0.044997,172.31.46.0-255,66,171916,53,304122
20215,0.045029,172.217.194.0-255,1484,173400,53,304122
20216,0.047322,172.217.194.0-255,4320,177720,53,304122
20217,0.047329,172.31.46.0-255,66,177786,53,304122
20218,0.049635,172.217.194.0-255,5738,183524,53,304122
20219,0.04969,172.31.46.0-255,66,183590,53,304122
20220,0.052003,172.217.194.0-255,5738,189328,53,304122
20221,0.052009,172.31.46.0-255,66,189394,53,304122
20222,0.054372,172.217.194.0-255,5738,195132,53,304122
20223,0.054379,172.31.46.0-255,66,195198,53,304122
20224,0.05671,172.217.194.0-255,5738,200936,53,304122
20225,0.056717,172.31.46.0-255,66,201002,53,304122
20226,0.059049,172.217.194.0-255,5738,206740,53,304122
20227,0.059056,172.31.46.0-255,66,206806,53,304122
20228,0.061385,172.217.194.0-255,5738,212544,53,304122
20229,0.061392,172.31.46.0-255,66,212610,53,304122
20230,0.063783,172.217.194.0-255,4320,216930,53,304122
20231,0.06379,172.31.46.0-255,66,216996,53,304122
20232,0.063818,172.217.194.0-255,1484,218480,53,304122
20233,0.066102,172.217.194.0-255,4320,222800,53,304122
20234,0.066109,172.31.46.0-255,66,222866,53,304122
20235,0.068412,172.217.194.0-255,5738,228604,53,304122
20236,0.068822,172.31.46.0-255,66,228670,53,304122
20237,0.071196,172.217.194.0-255,5738,234408,53,304122
20238,0.071204,172.31.46.0-255,66,234474,53,304122
20239,0.073549,172.217.194.0-255,5738,240212,53,304122
20240,0.073556,172.31.46.0-255,66,240278,53,304122
20241,0.075861,172.217.194.0-255,5738,246016,53,304122
20242,0.075868,172.31.46.0-255,66,246082,53,304122
20243,0.078193,172.217.194.0-255,5738,251820,53,304122
20244,0.078199,172.31.46.0-255,66,251886,53,304122
20245,0.08054,172.217.194.0-255,5738,257624,53,304122
20246,0.080547,172.31.46.0-255,66,257690,53,304122
20247,0.08288,172.217.194.0-255,5738,263428,53,304122
20248,0.082887,172.31.46.0-255,66,263494,53,304122
20249,0.085262,172.217.194.0-255,5738,269232,53,304122
20250,0.085269,172.31.46.0-255,66,269298,53,304122
20251,0.087578,172.217.194.0-255,5738,275036,53,304122
20252,0.087585,172.31.46.0-255,66,275102,53,304122
20253,0.089895,172.217.194.0-255,5738,280840,53,304122
20254,0.089901,172.31.46.0-255,66,280906,53,304122
20255,0.092226,172.217.194.0-255,5738,286644,53,304122
20256,0.092232,172.31.46.0-255,66,286710,53,304122
20257,0.094557,172.217.194.0-255,5738,292448,53,304122
20258,0.094564,172.31.46.0-255,66,292514,53,304122
20259,0.096936,172.217.194.0-255,5738,298252,53,304122
20260,0.096942,172.31.46.0-255,66,298318,53,304122
20261,0.099273,172.217.194.0-255,5738,304056,53,304122
20262,0.09928,172.31.46.0-255,66,304122,53,304122
20263,0.0,74.125.200.0-255,156,156,53,382508
20264,1.5e-05,172.31.46.0-255,66,222,53,382508
20265,2.2e-05,74.125.200.0-255,1484,1706,53,382508
20266,2.6e-05,172.31.46.0-255,66,1772,53,382508
20267,3.2e-05,74.125.200.0-255,2902,4674,53,382508
20268,3.6e-05,172.31.46.0-255,66,4740,53,382508
20269,4.1e-05,74.125.200.0-255,2902,7642,53,382508
20270,4.4e-05,172.31.46.0-255,66,7708,53,382508
20271,6.5e-05,74.125.200.0-255,4320,12028,53,382508
20272,6.8e-05,172.31.46.0-255,66,12094,53,382508
20273,7.5e-05,74.125.200.0-255,5738,17832,53,382508
20274,7.7e-05,172.31.46.0-255,66,17898,53,382508
20275,9.8e-05,74.125.200.0-255,1994,19892,53,382508
20276,0.0001,172.31.46.0-255,66,19958,53,382508
20277,0.000107,74.125.200.0-255,5738,25696,53,382508
20278,0.000109,172.31.46.0-255,66,25762,53,382508
20279,0.000142,74.125.200.0-255,4320,30082,53,382508
20280,0.000145,172.31.46.0-255,66,30148,53,382508
20281,0.000161,74.125.200.0-255,1125,31273,53,382508
20282,0.000164,172.31.46.0-255,66,31339,53,382508
20283,0.000191,74.125.200.0-255,1484,32823,53,382508
20284,0.000193,172.31.46.0-255,66,32889,53,382508
20285,0.000196,74.125.200.0-255,1484,34373,53,382508
20286,0.000199,172.31.46.0-255,66,34439,53,382508
20287,0.00021,74.125.200.0-255,1484,35923,53,382508
20288,0.000212,172.31.46.0-255,66,35989,53,382508
20289,0.000216,74.125.200.0-255,1484,37473,53,382508
20290,0.000218,172.31.46.0-255,66,37539,53,382508
20291,0.000236,74.125.200.0-255,4320,41859,53,382508
20292,0.000239,172.31.46.0-255,66,41925,53,382508
20293,0.000273,74.125.200.0-255,2902,44827,53,382508
20294,0.000275,172.31.46.0-255,66,44893,53,382508
20295,0.000296,74.125.200.0-255,3961,48854,53,382508
20296,0.000298,172.31.46.0-255,66,48920,53,382508
20297,0.000582,74.125.200.0-255,1484,50404,53,382508
20298,0.00059,74.125.200.0-255,2902,53306,53,382508
20299,0.000594,172.31.46.0-255,66,53372,53,382508
20300,0.000611,74.125.200.0-255,1484,54856,53,382508
20301,0.000624,74.125.200.0-255,2902,57758,53,382508
20302,0.000626,172.31.46.0-255,66,57824,53,382508
20303,0.000655,74.125.200.0-255,5738,63562,53,382508
20304,0.000658,172.31.46.0-255,66,63628,53,382508
20305,0.000678,74.125.200.0-255,2543,66171,53,382508
20306,0.000681,172.31.46.0-255,66,66237,53,382508
20307,0.000735,74.125.200.0-255,1484,67721,53,382508
20308,0.000751,74.125.200.0-255,2902,70623,53,382508
20309,0.000754,172.31.46.0-255,66,70689,53,382508
20310,0.000767,74.125.200.0-255,4320,75009,53,382508
20311,0.00077,172.31.46.0-255,66,75075,53,382508
20312,0.000782,74.125.200.0-255,1484,76559,53,382508
20313,0.000793,74.125.200.0-255,1484,78043,53,382508
20314,0.000796,172.31.46.0-255,66,78109,53,382508
20315,0.000822,74.125.200.0-255,5379,83488,53,382508
20316,0.000825,172.31.46.0-255,66,83554,53,382508
20317,0.000833,74.125.200.0-255,7156,90710,53,382508
20318,0.000836,172.31.46.0-255,66,90776,53,382508
20319,0.00086,74.125.200.0-255,7156,97932,53,382508
20320,0.000863,172.31.46.0-255,66,97998,53,382508
20321,0.000882,74.125.200.0-255,3123,101121,53,382508
20322,0.000885,172.31.46.0-255,66,101187,53,382508
20323,0.001357,74.125.200.0-255,1484,102671,53,382508
20324,0.001372,74.125.200.0-255,2902,105573,53,382508
20325,0.001375,172.31.46.0-255,66,105639,53,382508
20326,0.001396,74.125.200.0-255,5738,111377,53,382508
20327,0.001399,172.31.46.0-255,66,111443,53,382508
20328,0.001404,74.125.200.0-255,2902,114345,53,382508
20329,0.001406,172.31.46.0-255,66,114411,53,382508
20330,0.001425,74.125.200.0-255,1484,115895,53,382508
20331,0.001432,74.125.200.0-255,5738,121633,53,382508
20332,0.001434,172.31.46.0-255,66,121699,53,382508
20333,0.001462,172.31.46.0-255,66,121765,53,382508
20334,0.001483,74.125.200.0-255,2902,124667,53,382508
20335,0.001486,172.31.46.0-255,66,124733,53,382508
20336,0.001491,74.125.200.0-255,2184,126917,53,382508
20337,0.001492,172.31.46.0-255,66,126983,53,382508
20338,0.001617,74.125.200.0-255,1484,128467,53,382508
20339,0.001632,74.125.200.0-255,2902,131369,53,382508
20340,0.001635,172.31.46.0-255,66,131435,53,382508
20341,0.001661,74.125.200.0-255,5738,137173,53,382508
20342,0.001666,74.125.200.0-255,4320,141493,53,382508
20343,0.00167,172.31.46.0-255,66,141559,53,382508
20344,0.001674,172.31.46.0-255,66,141625,53,382508
20345,0.001686,74.125.200.0-255,5738,147363,53,382508
20346,0.001688,172.31.46.0-255,66,147429,53,382508
20347,0.001717,74.125.200.0-255,5738,153167,53,382508
20348,0.001719,172.31.46.0-255,66,153233,53,382508
20349,0.001739,74.125.200.0-255,2902,156135,53,382508
20350,0.001742,172.31.46.0-255,66,156201,53,382508
20351,0.001759,74.125.200.0-255,1484,157685,53,382508
20352,0.001775,74.125.200.0-255,3602,161287,53,382508
20353,0.001778,172.31.46.0-255,66,161353,53,382508
20354,0.001817,74.125.200.0-255,2902,164255,53,382508
20355,0.001821,74.125.200.0-255,2902,167157,53,382508
20356,0.001826,172.31.46.0-255,66,167223,53,382508
20357,0.001833,172.31.46.0-255,66,167289,53,382508
20358,0.001837,74.125.200.0-255,1484,168773,53,382508
20359,0.001852,74.125.200.0-255,2902,171675,53,382508
20360,0.001855,172.31.46.0-255,66,171741,53,382508
20361,0.001885,74.125.200.0-255,5738,177479,53,382508
20362,0.001888,172.31.46.0-255,66,177545,53,382508
20363,0.001895,74.125.200.0-255,4320,181865,53,382508
20364,0.001897,172.31.46.0-255,66,181931,53,382508
20365,0.001903,74.125.200.0-255,5738,187669,53,382508
20366,0.001906,172.31.46.0-255,66,187735,53,382508
20367,0.001927,74.125.200.0-255,4320,192055,53,382508
20368,0.001929,172.31.46.0-255,66,192121,53,382508
20369,0.001957,74.125.200.0-255,3602,195723,53,382508
20370,0.001961,172.31.46.0-255,66,195789,53,382508
20371,0.00207,74.125.200.0-255,1484,197273,53,382508
20372,0.002083,74.125.200.0-255,2902,200175,53,382508
20373,0.002086,172.31.46.0-255,66,200241,53,382508
20374,0.002102,74.125.200.0-255,4320,204561,53,382508
20375,0.002104,172.31.46.0-255,66,204627,53,382508
20376,0.002128,74.125.200.0-255,1484,206111,53,382508
20377,0.002133,74.125.200.0-255,4320,210431,53,382508
20378,0.002136,172.31.46.0-255,66,210497,53,382508
20379,0.002143,74.125.200.0-255,5738,216235,53,382508
20380,0.002145,172.31.46.0-255,66,216301,53,382508
20381,0.002163,74.125.200.0-255,2902,219203,53,382508
20382,0.002165,172.31.46.0-255,66,219269,53,382508
20383,0.002186,172.31.46.0-255,66,219335,53,382508
20384,0.002229,74.125.200.0-255,2184,221519,53,382508
20385,0.002233,172.31.46.0-255,66,221585,53,382508
20386,0.002298,74.125.200.0-255,1484,223069,53,382508
20387,0.004491,74.125.200.0-255,1484,224553,53,382508
20388,0.004501,172.31.46.0-255,66,224619,53,382508
20389,0.004526,74.125.200.0-255,2902,227521,53,382508
20390,0.004529,172.31.46.0-255,66,227587,53,382508
20391,0.006893,74.125.200.0-255,2902,230489,53,382508
20392,0.006899,172.31.46.0-255,66,230555,53,382508
20393,0.006925,74.125.200.0-255,2902,233457,53,382508
20394,0.006928,172.31.46.0-255,66,233523,53,382508
20395,0.009225,74.125.200.0-255,5738,239261,53,382508
20396,0.00924,172.31.46.0-255,66,239327,53,382508
20397,0.011572,74.125.200.0-255,5738,245065,53,382508
20398,0.01159,172.31.46.0-255,66,245131,53,382508
20399,0.013934,74.125.200.0-255,5738,250869,53,382508
20400,0.013953,172.31.46.0-255,66,250935,53,382508
20401,0.016283,74.125.200.0-255,5738,256673,53,382508
20402,0.016303,172.31.46.0-255,66,256739,53,382508
20403,0.018629,74.125.200.0-255,5738,262477,53,382508
20404,0.018647,172.31.46.0-255,66,262543,53,382508
20405,0.020968,74.125.200.0-255,5738,268281,53,382508
20406,0.020982,172.31.46.0-255,66,268347,53,382508
20407,0.023274,74.125.200.0-255,2902,271249,53,382508
20408,0.023283,172.31.46.0-255,66,271315,53,382508
20409,0.023303,74.125.200.0-255,2902,274217,53,382508
20410,0.023307,172.31.46.0-255,66,274283,53,382508
20411,0.025608,74.125.200.0-255,5738,280021,53,382508
20412,0.025619,172.31.46.0-255,66,280087,53,382508
20413,0.027926,74.125.200.0-255,5738,285825,53,382508
20414,0.027935,172.31.46.0-255,66,285891,53,382508
20415,0.030235,74.125.200.0-255,5738,291629,53,382508
20416,0.030246,172.31.46.0-255,66,291695,53,382508
20417,0.032511,172.31.46.0-255,172,291867,53,382508
20418,0.03254,172.31.46.0-255,1113,292980,53,382508
20419,0.032554,74.125.200.0-255,5738,298718,53,382508
20420,0.032563,172.31.46.0-255,66,298784,53,382508
20421,0.032628,172.31.46.0-255,1514,300298,53,382508
20422,0.03263,172.31.46.0-255,1290,301588,53,382508
20423,0.034057,104.244.42.0-255,66,301654,53,382508
20424,0.034094,104.244.42.0-255,66,301720,53,382508
20425,0.034189,104.244.42.0-255,66,301786,53,382508
20426,0.034859,74.125.200.0-255,5738,307524,53,382508
20427,0.034866,172.31.46.0-255,66,307590,53,382508
20428,0.037184,74.125.200.0-255,5738,313328,53,382508
20429,0.037192,172.31.46.0-255,66,313394,53,382508
20430,0.039514,74.125.200.0-255,5738,319132,53,382508
20431,0.039521,172.31.46.0-255,66,319198,53,382508
20432,0.041837,74.125.200.0-255,5738,324936,53,382508
20433,0.041844,172.31.46.0-255,66,325002,53,382508
20434,0.04416,74.125.200.0-255,5738,330740,53,382508
20435,0.044168,172.31.46.0-255,66,330806,53,382508
20436,0.046474,74.125.200.0-255,5738,336544,53,382508
20437,0.046488,172.31.46.0-255,66,336610,53,382508
20438,0.048805,74.125.200.0-255,5738,342348,53,382508
20439,0.048813,172.31.46.0-255,66,342414,53,382508
20440,0.05113,74.125.200.0-255,5738,348152,53,382508
20441,0.051136,172.31.46.0-255,66,348218,53,382508
20442,0.053449,74.125.200.0-255,5738,353956,53,382508
20443,0.053457,172.31.46.0-255,66,354022,53,382508
20444,0.055751,74.125.200.0-255,5738,359760,53,382508
20445,0.055757,172.31.46.0-255,66,359826,53,382508
20446,0.058065,74.125.200.0-255,5738,365564,53,382508
20447,0.058071,172.31.46.0-255,66,365630,53,382508
20448,0.060369,74.125.200.0-255,5738,371368,53,382508
20449,0.060376,172.31.46.0-255,66,371434,53,382508
20450,0.062683,74.125.200.0-255,5738,377172,53,382508
20451,0.06269,172.31.46.0-255,66,377238,53,382508
20452,0.06499,74.125.200.0-255,5033,382271,53,382508
20453,0.064997,172.31.46.0-255,66,382337,53,382508
20454,0.065193,172.31.46.0-255,105,382442,53,382508
20455,0.067464,74.125.200.0-255,66,382508,53,382508
20456,0.0,74.125.24.0-255,146,146,53,339425
20457,2.4e-05,172.31.46.0-255,66,212,53,339425
20458,3.2e-05,74.125.24.0-255,1484,1696,53,339425
20459,3.7e-05,172.31.46.0-255,66,1762,53,339425
20460,4.3e-05,74.125.24.0-255,2902,4664,53,339425
20461,4.6e-05,172.31.46.0-255,66,4730,53,339425
20462,5.1e-05,74.125.24.0-255,2902,7632,53,339425
20463,5.4e-05,172.31.46.0-255,66,7698,53,339425
20464,6.6e-05,172.31.46.0-255,66,7764,53,339425
20465,0.000111,172.31.46.0-255,66,7830,53,339425
20466,0.00072,74.125.24.0-255,1484,9314,53,339425
20467,0.000726,172.31.46.0-255,66,9380,53,339425
20468,0.000734,74.125.24.0-255,2902,12282,53,339425
20469,0.000737,172.31.46.0-255,66,12348,53,339425
20470,0.000745,74.125.24.0-255,5738,18086,53,339425
20471,0.000747,172.31.46.0-255,66,18152,53,339425
20472,0.000763,74.125.24.0-255,2902,21054,53,339425
20473,0.000765,172.31.46.0-255,66,21120,53,339425
20474,0.000806,172.31.46.0-255,66,21186,53,339425
20475,0.000814,74.125.24.0-255,7156,28342,53,339425
20476,0.000816,172.31.46.0-255,66,28408,53,339425
20477,0.000839,74.125.24.0-255,3602,32010,53,339425
20478,0.000842,172.31.46.0-255,66,32076,53,339425
20479,0.000907,74.125.24.0-255,402,32478,53,339425
20480,0.000912,172.31.46.0-255,66,32544,53,339425
20481,0.000946,74.125.24.0-255,1484,34028,53,339425
20482,0.000948,172.31.46.0-255,66,34094,53,339425
20483,0.000973,74.125.24.0-255,4320,38414,53,339425
20484,0.000976,172.31.46.0-255,66,38480,53,339425
20485,0.000981,74.125.24.0-255,2902,41382,53,339425
20486,0.000984,172.31.46.0-255,66,41448,53,339425
20487,0.001009,74.125.24.0-255,7156,48604,53,339425
20488,0.001012,172.31.46.0-255,66,48670,53,339425
20489,0.001026,172.31.46.0-255,66,48736,53,339425
20490,0.001055,74.125.24.0-255,4320,53056,53,339425
20491,0.001057,172.31.46.0-255,66,53122,53,339425
20492,0.00108,74.125.24.0-255,2184,55306,53,339425
20493,0.001083,172.31.46.0-255,66,55372,53,339425
20494,0.001086,74.125.24.0-255,341,55713,53,339425
20495,0.001283,74.125.24.0-255,1484,57197,53,339425
20496,0.00129,172.31.46.0-255,66,57263,53,339425
20497,0.001296,74.125.24.0-255,2902,60165,53,339425
20498,0.001298,172.31.46.0-255,66,60231,53,339425
20499,0.001305,74.125.24.0-255,5738,65969,53,339425
20500,0.001308,172.31.46.0-255,66,66035,53,339425
20501,0.001344,172.31.46.0-255,66,66101,53,339425
20502,0.001352,74.125.24.0-255,7156,73257,53,339425
20503,0.001354,172.31.46.0-255,66,73323,53,339425
20504,0.001392,74.125.24.0-255,3602,76925,53,339425
20505,0.001395,172.31.46.0-255,66,76991,53,339425
20506,0.00345,74.125.24.0-255,1484,78475,53,339425
20507,0.003501,74.125.24.0-255,4320,82795,53,339425
20508,0.003506,172.31.46.0-255,66,82861,53,339425
20509,0.005623,74.125.24.0-255,5738,88599,53,339425
20510,0.00563,172.31.46.0-255,66,88665,53,339425
20511,0.007739,74.125.24.0-255,5738,94403,53,339425
20512,0.007746,172.31.46.0-255,66,94469,53,339425
20513,0.009877,74.125.24.0-255,5738,100207,53,339425
20514,0.009885,172.31.46.0-255,66,100273,53,339425
20515,0.011985,74.125.24.0-255,5738,106011,53,339425
20516,0.011994,172.31.46.0-255,66,106077,53,339425
20517,0.014161,74.125.24.0-255,5738,111815,53,339425
20518,0.014171,172.31.46.0-255,66,111881,53,339425
20519,0.016274,74.125.24.0-255,5738,117619,53,339425
20520,0.016283,172.31.46.0-255,66,117685,53,339425
20521,0.018379,74.125.24.0-255,5738,123423,53,339425
20522,0.018386,172.31.46.0-255,66,123489,53,339425
20523,0.02053,74.125.24.0-255,5738,129227,53,339425
20524,0.020539,172.31.46.0-255,66,129293,53,339425
20525,0.022634,74.125.24.0-255,5738,135031,53,339425
20526,0.022641,172.31.46.0-255,66,135097,53,339425
20527,0.024764,74.125.24.0-255,5738,140835,53,339425
20528,0.024772,172.31.46.0-255,66,140901,53,339425
20529,0.026902,74.125.24.0-255,5738,146639,53,339425
20530,0.02691,172.31.46.0-255,66,146705,53,339425
20531,0.02901,74.125.24.0-255,5738,152443,53,339425
20532,0.029017,172.31.46.0-255,66,152509,53,339425
20533,0.030936,172.31.46.0-255,172,152681,53,339425
20534,0.030968,172.31.46.0-255,1111,153792,53,339425
20535,0.031028,172.31.46.0-255,1514,155306,53,339425
20536,0.03103,172.31.46.0-255,1292,156598,53,339425
20537,0.031139,74.125.24.0-255,5738,162336,53,339425
20538,0.031145,172.31.46.0-255,66,162402,53,339425
20539,0.032507,104.244.42.0-255,66,162468,53,339425
20540,0.032541,104.244.42.0-255,66,162534,53,339425
20541,0.032581,104.244.42.0-255,66,162600,53,339425
20542,0.033271,74.125.24.0-255,5738,168338,53,339425
20543,0.033277,172.31.46.0-255,66,168404,53,339425
20544,0.035419,74.125.24.0-255,5738,174142,53,339425
20545,0.035426,172.31.46.0-255,66,174208,53,339425
20546,0.037565,74.125.24.0-255,5738,179946,53,339425
20547,0.037572,172.31.46.0-255,66,180012,53,339425
20548,0.039701,74.125.24.0-255,5738,185750,53,339425
20549,0.039712,172.31.46.0-255,66,185816,53,339425
20550,0.041837,74.125.24.0-255,5738,191554,53,339425
20551,0.041844,172.31.46.0-255,66,191620,53,339425
20552,0.04397,74.125.24.0-255,5738,197358,53,339425
20553,0.04398,172.31.46.0-255,66,197424,53,339425
20554,0.046106,74.125.24.0-255,5738,203162,53,339425
20555,0.046113,172.31.46.0-255,66,203228,53,339425
20556,0.048217,74.125.24.0-255,5738,208966,53,339425
20557,0.048223,172.31.46.0-255,66,209032,53,339425
20558,0.050324,74.125.24.0-255,5738,214770,53,339425
20559,0.050331,172.31.46.0-255,66,214836,53,339425
20560,0.052445,74.125.24.0-255,5738,220574,53,339425
20561,0.052452,172.31.46.0-255,66,220640,53,339425
20562,0.054637,74.125.24.0-255,5738,226378,53,339425
20563,0.054644,172.31.46.0-255,66,226444,53,339425
20564,0.0568,74.125.24.0-255,5738,232182,53,339425
20565,0.056807,172.31.46.0-255,66,232248,53,339425
20566,0.058923,74.125.24.0-255,5738,237986,53,339425
20567,0.05893,172.31.46.0-255,66,238052,53,339425
20568,0.061105,74.125.24.0-255,5738,243790,53,339425
20569,0.061115,172.31.46.0-255,66,243856,53,339425
20570,0.063239,74.125.24.0-255,5738,249594,53,339425
20571,0.063246,172.31.46.0-255,66,249660,53,339425
20572,0.065407,74.125.24.0-255,5738,255398,53,339425
20573,0.065414,172.31.46.0-255,66,255464,53,339425
20574,0.067537,74.125.24.0-255,5738,261202,53,339425
20575,0.067543,172.31.46.0-255,66,261268,53,339425
20576,0.069655,74.125.24.0-255,5738,267006,53,339425
20577,0.069661,172.31.46.0-255,66,267072,53,339425
20578,0.071791,74.125.24.0-255,5738,272810,53,339425
20579,0.071799,172.31.46.0-255,66,272876,53,339425
20580,0.073902,74.125.24.0-255,5738,278614,53,339425
20581,0.073908,172.31.46.0-255,66,278680,53,339425
20582,0.076021,74.125.24.0-255,5738,284418,53,339425
20583,0.076028,172.31.46.0-255,66,284484,53,339425
20584,0.07817,74.125.24.0-255,5738,290222,53,339425
20585,0.078178,172.31.46.0-255,66,290288,53,339425
20586,0.080295,74.125.24.0-255,5738,296026,53,339425
20587,0.080302,172.31.46.0-255,66,296092,53,339425
20588,0.082422,74.125.24.0-255,5738,301830,53,339425
20589,0.08243,172.31.46.0-255,66,301896,53,339425
20590,0.084539,74.125.24.0-255,5738,307634,53,339425
20591,0.084544,172.31.46.0-255,66,307700,53,339425
20592,0.086673,74.125.24.0-255,5738,313438,53,339425
20593,0.086679,172.31.46.0-255,66,313504,53,339425
20594,0.088806,74.125.24.0-255,5738,319242,53,339425
20595,0.088813,172.31.46.0-255,66,319308,53,339425
20596,0.090934,74.125.24.0-255,5738,325046,53,339425
20597,0.09094,172.31.46.0-255,66,325112,53,339425
20598,0.093056,74.125.24.0-255,5738,330850,53,339425
20599,0.093063,172.31.46.0-255,66,330916,53,339425
20600,0.095178,74.125.24.0-255,5738,336654,53,339425
20601,0.095184,172.31.46.0-255,66,336720,53,339425
20602,0.097281,74.125.24.0-255,2468,339188,53,339425
20603,0.097288,172.31.46.0-255,66,339254,53,339425
20604,0.097487,172.31.46.0-255,105,339359,53,339425
20605,0.09959,74.125.24.0-255,66,339425,53,339425
20606,0.0,74.125.24.0-255,296,296,53,273985
20607,2.4e-05,172.31.46.0-255,66,362,53,273985
20608,3e-05,74.125.24.0-255,1484,1846,53,273985
20609,3.4e-05,172.31.46.0-255,66,1912,53,273985
20610,4.1e-05,74.125.24.0-255,4320,6232,53,273985
20611,4.4e-05,172.31.46.0-255,66,6298,53,273985
20612,5.7e-05,172.31.46.0-255,66,6364,53,273985
20613,6.4e-05,74.125.24.0-255,5738,12102,53,273985
20614,6.8e-05,172.31.46.0-255,66,12168,53,273985
20615,0.000102,74.125.24.0-255,5738,17906,53,273985
20616,0.000105,172.31.46.0-255,66,17972,53,273985
20617,0.000112,74.125.24.0-255,3961,21933,53,273985
20618,0.000114,172.31.46.0-255,66,21999,53,273985
20619,0.000139,74.125.24.0-255,2902,24901,53,273985
20620,0.000142,172.31.46.0-255,66,24967,53,273985
20621,0.000147,74.125.24.0-255,4320,29287,53,273985
20622,0.000149,172.31.46.0-255,66,29353,53,273985
20623,0.000154,74.125.24.0-255,2902,32255,53,273985
20624,0.000157,172.31.46.0-255,66,32321,53,273985
20625,0.000179,74.125.24.0-255,5738,38059,53,273985
20626,0.000181,172.31.46.0-255,66,38125,53,273985
20627,0.000192,172.31.46.0-255,66,38191,53,273985
20628,0.000204,172.31.46.0-255,66,38257,53,273985
20629,0.000225,74.125.24.0-255,1395,39652,53,273985
20630,0.000228,172.31.46.0-255,66,39718,53,273985
20631,0.000254,74.125.24.0-255,133,39851,53,273985
20632,0.000257,172.31.46.0-255,66,39917,53,273985
20633,0.000405,74.125.24.0-255,1484,41401,53,273985
20634,0.00041,172.31.46.0-255,66,41467,53,273985
20635,0.000415,74.125.24.0-255,2902,44369,53,273985
20636,0.000438,74.125.24.0-255,5738,50107,53,273985
20637,0.000441,74.125.24.0-255,1484,51591,53,273985
20638,0.000459,74.125.24.0-255,4320,55911,53,273985
20639,0.000492,74.125.24.0-255,5379,61290,53,273985
20640,0.000498,74.125.24.0-255,3664,64954,53,273985
20641,0.000546,74.125.24.0-255,1484,66438,53,273985
20642,0.00055,74.125.24.0-255,1484,67922,53,273985
20643,0.000562,74.125.24.0-255,1484,69406,53,273985
20644,0.000586,74.125.24.0-255,5738,75144,53,273985
20645,0.000589,74.125.24.0-255,1484,76628,53,273985
20646,0.000599,74.125.24.0-255,1484,78112,53,273985
20647,0.000616,74.125.24.0-255,5738,83850,53,273985
20648,0.000649,172.31.46.0-255,66,83916,53,273985
20649,0.000676,172.31.46.0-255,66,83982,53,273985
20650,0.000685,74.125.24.0-255,2184,86166,53,273985
20651,0.000718,172.31.46.0-255,66,86232,53,273985
20652,0.000867,74.125.24.0-255,1484,87716,53,273985
20653,0.000873,74.125.24.0-255,1484,89200,53,273985
20654,0.000893,74.125.24.0-255,1484,90684,53,273985
20655,0.0009,74.125.24.0-255,5738,96422,53,273985
20656,0.000903,172.31.46.0-255,66,96488,53,273985
20657,0.00091,172.31.46.0-255,66,96554,53,273985
20658,0.000931,74.125.24.0-255,7156,103710,53,273985
20659,0.000956,74.125.24.0-255,5738,109448,53,273985
20660,0.00096,74.125.24.0-255,2184,111632,53,273985
20661,0.001004,172.31.46.0-255,66,111698,53,273985
20662,0.001137,74.125.24.0-255,1484,113182,53,273985
20663,0.001143,74.125.24.0-255,2902,116084,53,273985
20664,0.001158,74.125.24.0-255,5738,121822,53,273985
20665,0.001169,172.31.46.0-255,66,121888,53,273985
20666,0.001185,74.125.24.0-255,7156,129044,53,273985
20667,0.001203,74.125.24.0-255,5738,134782,53,273985
20668,0.00122,74.125.24.0-255,5738,140520,53,273985
20669,0.001224,172.31.46.0-255,66,140586,53,273985
20670,0.001233,74.125.24.0-255,5020,145606,53,273985
20671,0.001245,172.31.46.0-255,66,145672,53,273985
20672,0.001525,74.125.24.0-255,1484,147156,53,273985
20673,0.00153,74.125.24.0-255,2902,150058,53,273985
20674,0.001545,172.31.46.0-255,66,150124,53,273985
20675,0.001548,74.125.24.0-255,1484,151608,53,273985
20676,0.00157,74.125.24.0-255,4320,155928,53,273985
20677,0.001578,74.125.24.0-255,7156,163084,53,273985
20678,0.001604,74.125.24.0-255,2902,165986,53,273985
20679,0.001607,74.125.24.0-255,2184,168170,53,273985
20680,0.001611,172.31.46.0-255,66,168236,53,273985
20681,0.001617,172.31.46.0-255,66,168302,53,273985
20682,0.001826,74.125.24.0-255,1484,169786,53,273985
20683,0.001848,74.125.24.0-255,2902,172688,53,273985
20684,0.001851,172.31.46.0-255,66,172754,53,273985
20685,0.001857,74.125.24.0-255,4320,177074,53,273985
20686,0.001871,74.125.24.0-255,1484,178558,53,273985
20687,0.001874,74.125.24.0-255,1484,180042,53,273985
20688,0.001882,172.31.46.0-255,66,180108,53,273985
20689,0.001907,74.125.24.0-255,5738,185846,53,273985
20690,0.001918,74.125.24.0-255,4320,190166,53,273985
20691,0.001926,172.31.46.0-255,66,190232,53,273985
20692,0.001955,74.125.24.0-255,2184,192416,53,273985
20693,0.00196,172.31.46.0-255,66,192482,53,273985
20694,0.002402,74.125.24.0-255,1484,193966,53,273985
20695,0.002409,74.125.24.0-255,2902,196868,53,273985
20696,0.002413,172.31.46.0-255,66,196934,53,273985
20697,0.002436,74.125.24.0-255,4320,201254,53,273985
20698,0.002471,172.31.46.0-255,66,201320,53,273985
20699,0.002505,74.125.24.0-255,4320,205640,53,273985
20700,0.002512,172.31.46.0-255,66,205706,53,273985
20701,0.002532,74.125.24.0-255,2902,208608,53,273985
20702,0.002537,172.31.46.0-255,66,208674,53,273985
20703,0.002569,172.31.46.0-255,66,208740,53,273985
20704,0.002577,74.125.24.0-255,7156,215896,53,273985
20705,0.00259,172.31.46.0-255,66,215962,53,273985
20706,0.002606,172.31.46.0-255,66,216028,53,273985
20707,0.002617,74.125.24.0-255,766,216794,53,273985
20708,0.003925,172.31.46.0-255,66,216860,53,273985
20709,0.005202,74.125.24.0-255,4320,221180,53,273985
20710,0.00648,74.125.24.0-255,1484,222664,53,273985
20711,0.013069,172.31.46.0-255,66,222730,53,273985
20712,0.014956,74.125.24.0-255,1484,224214,53,273985
20713,0.015649,74.125.24.0-255,4320,228534,53,273985
20714,0.021042,172.31.46.0-255,66,228600,53,273985
20715,0.023649,74.125.24.0-255,5738,234338,53,273985
20716,0.023662,172.31.46.0-255,66,234404,53,273985
20717,0.026255,74.125.24.0-255,5738,240142,53,273985
20718,0.026264,172.31.46.0-255,66,240208,53,273985
20719,0.028833,74.125.24.0-255,5738,245946,53,273985
20720,0.028843,172.31.46.0-255,66,246012,53,273985
20721,0.031444,74.125.24.0-255,5738,251750,53,273985
20722,0.031457,172.31.46.0-255,66,251816,53,273985
20723,0.034065,74.125.24.0-255,5738,257554,53,273985
20724,0.03408,172.31.46.0-255,66,257620,53,273985
20725,0.036654,74.125.24.0-255,5738,263358,53,273985
20726,0.036665,172.31.46.0-255,66,263424,53,273985
20727,0.037293,172.31.46.0-255,172,263596,53,273985
20728,0.037325,172.31.46.0-255,1112,264708,53,273985
20729,0.037388,172.31.46.0-255,1514,266222,53,273985
20730,0.03739,172.31.46.0-255,1514,267736,53,273985
20731,0.037414,172.31.46.0-255,702,268438,53,273985
20732,0.038854,104.244.42.0-255,66,268504,53,273985
20733,0.038897,104.244.42.0-255,66,268570,53,273985
20734,0.038945,104.244.42.0-255,66,268636,53,273985
20735,0.038949,104.244.42.0-255,66,268702,53,273985
20736,0.039241,74.125.24.0-255,5046,273748,53,273985
20737,0.039247,172.31.46.0-255,66,273814,53,273985
20738,0.03946,172.31.46.0-255,105,273919,53,273985
20739,0.041994,74.125.24.0-255,66,273985,53,273985
20740,0.0,74.125.24.0-255,153,153,53,244390
20741,2.3e-05,172.31.46.0-255,66,219,53,244390
20742,3e-05,74.125.24.0-255,1484,1703,53,244390
20743,3.4e-05,172.31.46.0-255,66,1769,53,244390
20744,4.1e-05,74.125.24.0-255,2902,4671,53,244390
20745,4.5e-05,172.31.46.0-255,66,4737,53,244390
20746,5.2e-05,74.125.24.0-255,7156,11893,53,244390
20747,5.5e-05,172.31.46.0-255,66,11959,53,244390
20748,5.9e-05,74.125.24.0-255,1484,13443,53,244390
20749,6.2e-05,172.31.46.0-255,66,13509,53,244390
20750,8.6e-05,74.125.24.0-255,2074,15583,53,244390
20751,8.9e-05,172.31.46.0-255,66,15649,53,244390
20752,9.5e-05,74.125.24.0-255,4320,19969,53,244390
20753,9.7e-05,172.31.46.0-255,66,20035,53,244390
20754,0.000102,74.125.24.0-255,4320,24355,53,244390
20755,0.000105,172.31.46.0-255,66,24421,53,244390
20756,0.000126,74.125.24.0-255,5738,30159,53,244390
20757,0.000128,172.31.46.0-255,66,30225,53,244390
20758,0.000131,74.125.24.0-255,1125,31350,53,244390
20759,0.000133,172.31.46.0-255,66,31416,53,244390
20760,0.000281,74.125.24.0-255,1484,32900,53,244390
20761,0.000286,172.31.46.0-255,66,32966,53,244390
20762,0.000292,74.125.24.0-255,2902,35868,53,244390
20763,0.000295,172.31.46.0-255,66,35934,53,244390
20764,0.000321,74.125.24.0-255,5738,41672,53,244390
20765,0.000323,172.31.46.0-255,66,41738,53,244390
20766,0.000328,74.125.24.0-255,2902,44640,53,244390
20767,0.00033,172.31.46.0-255,66,44706,53,244390
20768,0.000363,74.125.24.0-255,7156,51862,53,244390
20769,0.000366,172.31.46.0-255,66,51928,53,244390
20770,0.000388,74.125.24.0-255,3961,55889,53,244390
20771,0.000391,172.31.46.0-255,66,55955,53,244390
20772,0.000397,74.125.24.0-255,4320,60275,53,244390
20773,0.000399,172.31.46.0-255,66,60341,53,244390
20774,0.000419,74.125.24.0-255,5693,66034,53,244390
20775,0.000421,172.31.46.0-255,66,66100,53,244390
20776,0.000442,74.125.24.0-255,109,66209,53,244390
20777,0.000567,74.125.24.0-255,1484,67693,53,244390
20778,0.000573,172.31.46.0-255,66,67759,53,244390
20779,0.000579,74.125.24.0-255,2902,70661,53,244390
20780,0.000581,172.31.46.0-255,66,70727,53,244390
20781,0.000602,74.125.24.0-255,5738,76465,53,244390
20782,0.000606,172.31.46.0-255,66,76531,53,244390
20783,0.000617,74.125.24.0-255,1484,78015,53,244390
20784,0.000638,74.125.24.0-255,5379,83394,53,244390
20785,0.000641,172.31.46.0-255,66,83460,53,244390
20786,0.000673,74.125.24.0-255,5738,89198,53,244390
20787,0.000676,172.31.46.0-255,66,89264,53,244390
20788,0.000692,74.125.24.0-255,1484,90748,53,244390
20789,0.000702,172.31.46.0-255,66,90814,53,244390
20790,0.000715,74.125.24.0-255,1390,92204,53,244390
20791,0.001039,74.125.24.0-255,1484,93688,53,244390
20792,0.001044,172.31.46.0-255,66,93754,53,244390
20793,0.00106,74.125.24.0-255,2902,96656,53,244390
20794,0.001062,172.31.46.0-255,66,96722,53,244390
20795,0.001068,74.125.24.0-255,5738,102460,53,244390
20796,0.001071,172.31.46.0-255,66,102526,53,244390
20797,0.001101,172.31.46.0-255,66,102592,53,244390
20798,0.001106,74.125.24.0-255,2902,105494,53,244390
20799,0.001107,172.31.46.0-255,66,105560,53,244390
20800,0.001163,172.31.46.0-255,66,105626,53,244390
20801,0.001647,74.125.24.0-255,1484,107110,53,244390
20802,0.001654,74.125.24.0-255,2902,110012,53,244390
20803,0.001657,172.31.46.0-255,66,110078,53,244390
20804,0.001664,74.125.24.0-255,4320,114398,53,244390
20805,0.001666,172.31.46.0-255,66,114464,53,244390
20806,0.00168,74.125.24.0-255,1484,115948,53,244390
20807,0.001695,172.31.46.0-255,66,116014,53,244390
20808,0.001723,74.125.24.0-255,7156,123170,53,244390
20809,0.001726,172.31.46.0-255,66,123236,53,244390
20810,0.001739,74.125.24.0-255,3602,126838,53,244390
20811,0.001742,172.31.46.0-255,66,126904,53,244390
20812,0.001745,74.125.24.0-255,1484,128388,53,244390
20813,0.001782,172.31.46.0-255,66,128454,53,244390
20814,0.001799,172.31.46.0-255,66,128520,53,244390
20815,0.001815,74.125.24.0-255,2902,131422,53,244390
20816,0.001817,172.31.46.0-255,66,131488,53,244390
20817,0.001831,74.125.24.0-255,3602,135090,53,244390
20818,0.001833,172.31.46.0-255,66,135156,53,244390
20819,0.001852,74.125.24.0-255,4320,139476,53,244390
20820,0.001855,172.31.46.0-255,66,139542,53,244390
20821,0.001881,74.125.24.0-255,2902,142444,53,244390
20822,0.001884,172.31.46.0-255,66,142510,53,244390
20823,0.001892,74.125.24.0-255,7156,149666,53,244390
20824,0.001894,172.31.46.0-255,66,149732,53,244390
20825,0.001908,172.31.46.0-255,66,149798,53,244390
20826,0.001928,74.125.24.0-255,4320,154118,53,244390
20827,0.001931,172.31.46.0-255,66,154184,53,244390
20828,0.001936,74.125.24.0-255,3602,157786,53,244390
20829,0.001938,172.31.46.0-255,66,157852,53,244390
20830,0.001962,74.125.24.0-255,1484,159336,53,244390
20831,0.001986,74.125.24.0-255,2902,162238,53,244390
20832,0.001989,172.31.46.0-255,66,162304,53,244390
20833,0.001995,74.125.24.0-255,5738,168042,53,244390
20834,0.001998,172.31.46.0-255,66,168108,53,244390
20835,0.002004,74.125.24.0-255,5738,173846,53,244390
20836,0.002012,172.31.46.0-255,66,173912,53,244390
20837,0.002043,74.125.24.0-255,5738,179650,53,244390
20838,0.002047,172.31.46.0-255,66,179716,53,244390
20839,0.00206,172.31.46.0-255,66,179782,53,244390
20840,0.002093,74.125.24.0-255,1484,181266,53,244390
20841,0.002098,74.125.24.0-255,2902,184168,53,244390
20842,0.0021,172.31.46.0-255,66,184234,53,244390
20843,0.002146,74.125.24.0-255,5738,189972,53,244390
20844,0.002149,172.31.46.0-255,66,190038,53,244390
20845,0.002153,74.125.24.0-255,4320,194358,53,244390
20846,0.002155,172.31.46.0-255,66,194424,53,244390
20847,0.002168,172.31.46.0-255,66,194490,53,244390
20848,0.002174,74.125.24.0-255,5738,200228,53,244390
20849,0.002177,172.31.46.0-255,66,200294,53,244390
20850,0.002195,74.125.24.0-255,2184,202478,53,244390
20851,0.002198,172.31.46.0-255,66,202544,53,244390
20852,0.002219,74.125.24.0-255,1484,204028,53,244390
20853,0.002232,74.125.24.0-255,2902,206930,53,244390
20854,0.002234,172.31.46.0-255,66,206996,53,244390
20855,0.002255,74.125.24.0-255,5738,212734,53,244390
20856,0.002258,172.31.46.0-255,66,212800,53,244390
20857,0.002266,74.125.24.0-255,7156,219956,53,244390
20858,0.002269,172.31.46.0-255,66,220022,53,244390
20859,0.002289,74.125.24.0-255,5738,225760,53,244390
20860,0.002292,172.31.46.0-255,66,225826,53,244390
20861,0.002298,74.125.24.0-255,5738,231564,53,244390
20862,0.002301,172.31.46.0-255,66,231630,53,244390
20863,0.002332,172.31.46.0-255,66,231696,53,244390
20864,0.002349,172.31.46.0-255,66,231762,53,244390
20865,0.002361,74.125.24.0-255,766,232528,53,244390
20866,0.002373,172.31.46.0-255,66,232594,53,244390
20867,0.002432,172.31.46.0-255,66,232660,53,244390
20868,0.002439,74.125.24.0-255,2224,234884,53,244390
20869,0.002443,172.31.46.0-255,66,234950,53,244390
20870,0.004761,74.125.24.0-255,105,235055,53,244390
20871,0.008133,172.31.46.0-255,66,235121,53,244390
20872,0.008172,172.31.46.0-255,105,235226,53,244390
20873,0.010587,74.125.24.0-255,66,235292,53,244390
20874,0.041331,172.31.46.0-255,172,235464,53,244390
20875,0.041363,172.31.46.0-255,1112,236576,53,244390
20876,0.041429,172.31.46.0-255,1514,238090,53,244390
20877,0.041431,172.31.46.0-255,1514,239604,53,244390
20878,0.041436,172.31.46.0-255,1514,241118,53,244390
20879,0.041438,172.31.46.0-255,1514,242632,53,244390
20880,0.041461,172.31.46.0-255,1494,244126,53,244390
20881,0.042855,104.244.42.0-255,66,244192,53,244390
20882,0.042982,104.244.42.0-255,66,244258,53,244390
20883,0.042988,104.244.42.0-255,66,244324,53,244390
20884,0.043121,104.244.42.0-255,66,244390,53,244390
20885,0.0,216.58.203.0-255,152,152,53,335963
20886,2.3e-05,172.31.46.0-255,66,218,53,335963
20887,3e-05,216.58.203.0-255,1484,1702,53,335963
20888,3.5e-05,172.31.46.0-255,66,1768,53,335963
20889,4.9e-05,216.58.203.0-255,2902,4670,53,335963
20890,5.2e-05,172.31.46.0-255,66,4736,53,335963
20891,6e-05,216.58.203.0-255,7156,11892,53,335963
20892,6.3e-05,172.31.46.0-255,66,11958,53,335963
20893,6.7e-05,216.58.203.0-255,1958,13916,53,335963
20894,7.1e-05,172.31.46.0-255,66,13982,53,335963
20895,0.000116,216.58.203.0-255,1484,15466,53,335963
20896,0.000119,172.31.46.0-255,66,15532,53,335963
20897,0.000124,216.58.203.0-255,2902,18434,53,335963
20898,0.000127,172.31.46.0-255,66,18500,53,335963
20899,0.00013,216.58.203.0-255,1484,19984,53,335963
20900,0.000137,172.31.46.0-255,66,20050,53,335963
20901,0.000142,216.58.203.0-255,2902,22952,53,335963
20902,0.000144,172.31.46.0-255,66,23018,53,335963
20903,0.000195,216.58.203.0-255,5738,28756,53,335963
20904,0.000197,172.31.46.0-255,66,28822,53,335963
20905,0.000202,216.58.203.0-255,3961,32783,53,335963
20906,0.000204,172.31.46.0-255,66,32849,53,335963
20907,0.000216,216.58.203.0-255,4320,37169,53,335963
20908,0.000218,172.31.46.0-255,66,37235,53,335963
20909,0.00023,172.31.46.0-255,66,37301,53,335963
20910,0.000232,216.58.203.0-255,1125,38426,53,335963
20911,0.000234,172.31.46.0-255,66,38492,53,335963
20912,0.000262,216.58.203.0-255,1484,39976,53,335963
20913,0.000266,172.31.46.0-255,66,40042,53,335963
20914,0.000293,216.58.203.0-255,4320,44362,53,335963
20915,0.000296,172.31.46.0-255,66,44428,53,335963
20916,0.000299,216.58.203.0-255,1484,45912,53,335963
20917,0.000304,216.58.203.0-255,2902,48814,53,335963
20918,0.000306,216.58.203.0-255,1484,50298,53,335963
20919,0.000342,216.58.203.0-255,2902,53200,53,335963
20920,0.00035,172.31.46.0-255,66,53266,53,335963
20921,0.000358,216.58.203.0-255,2543,55809,53,335963
20922,0.000364,172.31.46.0-255,66,55875,53,335963
20923,0.000378,216.58.203.0-255,392,56267,53,335963
20924,0.000777,216.58.203.0-255,351,56618,53,335963
20925,0.000814,216.58.203.0-255,1484,58102,53,335963
20926,0.000818,172.31.46.0-255,66,58168,53,335963
20927,0.000826,216.58.203.0-255,4320,62488,53,335963
20928,0.000864,216.58.203.0-255,7156,69644,53,335963
20929,0.00087,216.58.203.0-255,5738,75382,53,335963
20930,0.000874,172.31.46.0-255,66,75448,53,335963
20931,0.00088,172.31.46.0-255,66,75514,53,335963
20932,0.000903,216.58.203.0-255,2902,78416,53,335963
20933,0.000923,216.58.203.0-255,2184,80600,53,335963
20934,0.000941,172.31.46.0-255,66,80666,53,335963
20935,0.001234,216.58.203.0-255,1484,82150,53,335963
20936,0.00124,216.58.203.0-255,2902,85052,53,335963
20937,0.001243,172.31.46.0-255,66,85118,53,335963
20938,0.001278,216.58.203.0-255,5738,90856,53,335963
20939,0.001286,216.58.203.0-255,7156,98012,53,335963
20940,0.001289,216.58.203.0-255,1484,99496,53,335963
20941,0.001296,172.31.46.0-255,66,99562,53,335963
20942,0.001338,172.31.46.0-255,66,99628,53,335963
20943,0.001343,216.58.203.0-255,2184,101812,53,335963
20944,0.001356,172.31.46.0-255,66,101878,53,335963
20945,0.00142,216.58.203.0-255,1484,103362,53,335963
20946,0.001434,216.58.203.0-255,2902,106264,53,335963
20947,0.001439,172.31.46.0-255,66,106330,53,335963
20948,0.001463,216.58.203.0-255,5738,112068,53,335963
20949,0.001476,216.58.203.0-255,2902,114970,53,335963
20950,0.001479,172.31.46.0-255,66,115036,53,335963
20951,0.001484,172.31.46.0-255,66,115102,53,335963
20952,0.001513,216.58.203.0-255,2902,118004,53,335963
20953,0.001521,216.58.203.0-255,7156,125160,53,335963
20954,0.001526,216.58.203.0-255,4320,129480,53,335963
20955,0.001536,172.31.46.0-255,66,129546,53,335963
20956,0.001553,216.58.203.0-255,6438,135984,53,335963
20957,0.00158,216.58.203.0-255,1484,137468,53,335963
20958,0.001584,216.58.203.0-255,2902,140370,53,335963
20959,0.001594,172.31.46.0-255,66,140436,53,335963
20960,0.001636,216.58.203.0-255,3602,144038,53,335963
20961,0.00164,172.31.46.0-255,66,144104,53,335963
20962,0.003289,216.58.203.0-255,5738,149842,53,335963
20963,0.003296,172.31.46.0-255,66,149908,53,335963
20964,0.004909,216.58.203.0-255,2902,152810,53,335963
20965,0.004912,172.31.46.0-255,66,152876,53,335963
20966,0.004936,216.58.203.0-255,2902,155778,53,335963
20967,0.004938,172.31.46.0-255,66,155844,53,335963
20968,0.006538,216.58.203.0-255,4320,160164,53,335963
20969,0.006553,216.58.203.0-255,1484,161648,53,335963
20970,0.00676,172.31.46.0-255,66,161714,53,335963
20971,0.008389,216.58.203.0-255,4320,166034,53,335963
20972,0.008393,172.31.46.0-255,66,166100,53,335963
20973,0.00842,216.58.203.0-255,1484,167584,53,335963
20974,0.010014,216.58.203.0-255,4320,171904,53,335963
20975,0.01002,172.31.46.0-255,66,171970,53,335963
20976,0.011644,216.58.203.0-255,5738,177708,53,335963
20977,0.011651,172.31.46.0-255,66,177774,53,335963
20978,0.013279,216.58.203.0-255,5738,183512,53,335963
20979,0.014037,172.31.46.0-255,66,183578,53,335963
20980,0.015666,216.58.203.0-255,5738,189316,53,335963
20981,0.015673,172.31.46.0-255,66,189382,53,335963
20982,0.017299,216.58.203.0-255,5738,195120,53,335963
20983,0.017304,172.31.46.0-255,66,195186,53,335963
20984,0.018926,216.58.203.0-255,5738,200924,53,335963
20985,0.018933,172.31.46.0-255,66,200990,53,335963
20986,0.020559,216.58.203.0-255,5738,206728,53,335963
20987,0.020566,172.31.46.0-255,66,206794,53,335963
20988,0.022184,216.58.203.0-255,5738,212532,53,335963
20989,0.022191,172.31.46.0-255,66,212598,53,335963
20990,0.02383,216.58.203.0-255,5738,218336,53,335963
20991,0.023838,172.31.46.0-255,66,218402,53,335963
20992,0.025477,216.58.203.0-255,5738,224140,53,335963
20993,0.025484,172.31.46.0-255,66,224206,53,335963
20994,0.02711,216.58.203.0-255,5738,229944,53,335963
20995,0.027117,172.31.46.0-255,66,230010,53,335963
20996,0.028749,216.58.203.0-255,5738,235748,53,335963
20997,0.028756,172.31.46.0-255,66,235814,53,335963
20998,0.030378,216.58.203.0-255,4320,240134,53,335963
20999,0.030385,172.31.46.0-255,66,240200,53,335963
21000,0.030411,216.58.203.0-255,1484,241684,53,335963
21001,0.032017,216.58.203.0-255,4320,246004,53,335963
21002,0.032023,172.31.46.0-255,66,246070,53,335963
21003,0.033669,216.58.203.0-255,5738,251808,53,335963
21004,0.033676,172.31.46.0-255,66,251874,53,335963
21005,0.035295,216.58.203.0-255,5738,257612,53,335963
21006,0.035302,172.31.46.0-255,66,257678,53,335963
21007,0.036926,216.58.203.0-255,5738,263416,53,335963
21008,0.036932,172.31.46.0-255,66,263482,53,335963
21009,0.038552,216.58.203.0-255,5738,269220,53,335963
21010,0.038558,172.31.46.0-255,66,269286,53,335963
21011,0.040199,216.58.203.0-255,5738,275024,53,335963
21012,0.040204,172.31.46.0-255,66,275090,53,335963
21013,0.041833,216.58.203.0-255,5738,280828,53,335963
21014,0.042296,172.31.46.0-255,66,280894,53,335963
21015,0.043917,216.58.203.0-255,5738,286632,53,335963
21016,0.043921,172.31.46.0-255,66,286698,53,335963
21017,0.045576,216.58.203.0-255,5738,292436,53,335963
21018,0.045583,172.31.46.0-255,66,292502,53,335963
21019,0.047211,216.58.203.0-255,5738,298240,53,335963
21020,0.047218,172.31.46.0-255,66,298306,53,335963
21021,0.048842,216.58.203.0-255,5738,304044,53,335963
21022,0.048848,172.31.46.0-255,66,304110,53,335963
21023,0.050496,216.58.203.0-255,5738,309848,53,335963
21024,0.050504,172.31.46.0-255,66,309914,53,335963
21025,0.05213,216.58.203.0-255,5738,315652,53,335963
21026,0.052137,172.31.46.0-255,66,315718,53,335963
21027,0.053762,216.58.203.0-255,5738,321456,53,335963
21028,0.053768,172.31.46.0-255,66,321522,53,335963
21029,0.055393,216.58.203.0-255,5738,327260,53,335963
21030,0.0554,172.31.46.0-255,66,327326,53,335963
21031,0.057033,216.58.203.0-255,5738,333064,53,335963
21032,0.057039,172.31.46.0-255,66,333130,53,335963
21033,0.058662,216.58.203.0-255,2596,335726,53,335963
21034,0.058669,172.31.46.0-255,66,335792,53,335963
21035,0.058862,172.31.46.0-255,105,335897,53,335963
21036,0.060451,216.58.203.0-255,66,335963,53,335963
21037,0.0,172.217.194.0-255,153,153,53,226007
21038,2.3e-05,172.31.46.0-255,66,219,53,226007
21039,4.3e-05,172.217.194.0-255,1484,1703,53,226007
21040,4.8e-05,172.31.46.0-255,66,1769,53,226007
21041,6.7e-05,172.217.194.0-255,2902,4671,53,226007
21042,7.1e-05,172.31.46.0-255,66,4737,53,226007
21043,7.7e-05,172.217.194.0-255,5738,10475,53,226007
21044,8e-05,172.31.46.0-255,66,10541,53,226007
21045,8.5e-05,172.217.194.0-255,3519,14060,53,226007
21046,8.7e-05,172.31.46.0-255,66,14126,53,226007
21047,0.000212,172.217.194.0-255,1484,15610,53,226007
21048,0.000217,172.31.46.0-255,66,15676,53,226007
21049,0.000223,172.217.194.0-255,2902,18578,53,226007
21050,0.000225,172.31.46.0-255,66,18644,53,226007
21051,0.000256,172.217.194.0-255,5738,24382,53,226007
21052,0.000259,172.31.46.0-255,66,24448,53,226007
21053,0.000275,172.217.194.0-255,5738,30186,53,226007
21054,0.000278,172.31.46.0-255,66,30252,53,226007
21055,0.000316,172.31.46.0-255,66,30318,53,226007
21056,0.000329,172.31.46.0-255,66,30384,53,226007
21057,0.000344,172.217.194.0-255,4320,34704,53,226007
21058,0.000346,172.31.46.0-255,66,34770,53,226007
21059,0.000373,172.31.46.0-255,66,34836,53,226007
21060,0.000376,172.217.194.0-255,367,35203,53,226007
21061,0.000377,172.31.46.0-255,66,35269,53,226007
21062,0.000516,172.217.194.0-255,378,35647,53,226007
21063,0.000521,172.31.46.0-255,66,35713,53,226007
21064,0.000686,172.217.194.0-255,1484,37197,53,226007
21065,0.000692,172.217.194.0-255,2902,40099,53,226007
21066,0.000699,172.31.46.0-255,66,40165,53,226007
21067,0.000702,172.31.46.0-255,66,40231,53,226007
21068,0.000716,172.217.194.0-255,5738,45969,53,226007
21069,0.000718,172.31.46.0-255,66,46035,53,226007
21070,0.000751,172.31.46.0-255,66,46101,53,226007
21071,0.00078,172.217.194.0-255,2902,49003,53,226007
21072,0.000783,172.31.46.0-255,66,49069,53,226007
21073,0.000793,172.31.46.0-255,66,49135,53,226007
21074,0.000796,172.217.194.0-255,1484,50619,53,226007
21075,0.000815,172.217.194.0-255,766,51385,53,226007
21076,0.000818,172.31.46.0-255,66,51451,53,226007
21077,0.00105,172.217.194.0-255,1484,52935,53,226007
21078,0.001057,172.217.194.0-255,2902,55837,53,226007
21079,0.00106,172.31.46.0-255,66,55903,53,226007
21080,0.001067,172.217.194.0-255,5738,61641,53,226007
21081,0.001069,172.31.46.0-255,66,61707,53,226007
21082,0.001096,172.217.194.0-255,4320,66027,53,226007
21083,0.001099,172.31.46.0-255,66,66093,53,226007
21084,0.001126,172.31.46.0-255,66,66159,53,226007
21085,0.001165,172.31.46.0-255,66,66225,53,226007
21086,0.001191,172.217.194.0-255,2184,68409,53,226007
21087,0.001194,172.31.46.0-255,66,68475,53,226007
21088,0.001197,172.217.194.0-255,1484,69959,53,226007
21089,0.001201,172.217.194.0-255,2902,72861,53,226007
21090,0.001203,172.31.46.0-255,66,72927,53,226007
21091,0.001209,172.217.194.0-255,5738,78665,53,226007
21092,0.001211,172.31.46.0-255,66,78731,53,226007
21093,0.001226,172.31.46.0-255,66,78797,53,226007
21094,0.001232,172.217.194.0-255,7156,85953,53,226007
21095,0.001236,172.31.46.0-255,66,86019,53,226007
21096,0.001262,172.217.194.0-255,5020,91039,53,226007
21097,0.001265,172.31.46.0-255,66,91105,53,226007
21098,0.001268,172.217.194.0-255,1484,92589,53,226007
21099,0.001288,172.217.194.0-255,4320,96909,53,226007
21100,0.001291,172.31.46.0-255,66,96975,53,226007
21101,0.001298,172.217.194.0-255,5738,102713,53,226007
21102,0.0013,172.31.46.0-255,66,102779,53,226007
21103,0.001316,172.217.194.0-255,7156,109935,53,226007
21104,0.001319,172.31.46.0-255,66,110001,53,226007
21105,0.001326,172.217.194.0-255,7156,117157,53,226007
21106,0.001328,172.31.46.0-255,66,117223,53,226007
21107,0.001344,172.217.194.0-255,4320,121543,53,226007
21108,0.001347,172.31.46.0-255,66,121609,53,226007
21109,0.00137,172.217.194.0-255,6438,128047,53,226007
21110,0.001373,172.31.46.0-255,66,128113,53,226007
21111,0.001377,172.217.194.0-255,2902,131015,53,226007
21112,0.001379,172.31.46.0-255,66,131081,53,226007
21113,0.0014,172.217.194.0-255,4320,135401,53,226007
21114,0.001403,172.31.46.0-255,66,135467,53,226007
21115,0.001419,172.31.46.0-255,66,135533,53,226007
21116,0.001426,172.217.194.0-255,6438,141971,53,226007
21117,0.001428,172.31.46.0-255,66,142037,53,226007
21118,0.001553,172.217.194.0-255,1484,143521,53,226007
21119,0.001559,172.217.194.0-255,2902,146423,53,226007
21120,0.001562,172.31.46.0-255,66,146489,53,226007
21121,0.001566,172.217.194.0-255,2902,149391,53,226007
21122,0.001568,172.31.46.0-255,66,149457,53,226007
21123,0.001583,172.217.194.0-255,2902,152359,53,226007
21124,0.001586,172.31.46.0-255,66,152425,53,226007
21125,0.001607,172.217.194.0-255,5738,158163,53,226007
21126,0.001609,172.31.46.0-255,66,158229,53,226007
21127,0.001632,172.217.194.0-255,5738,163967,53,226007
21128,0.001634,172.31.46.0-255,66,164033,53,226007
21129,0.00165,172.217.194.0-255,1484,165517,53,226007
21130,0.001654,172.217.194.0-255,2902,168419,53,226007
21131,0.001656,172.31.46.0-255,66,168485,53,226007
21132,0.001687,172.31.46.0-255,66,168551,53,226007
21133,0.001694,172.217.194.0-255,4320,172871,53,226007
21134,0.001697,172.31.46.0-255,66,172937,53,226007
21135,0.001723,172.217.194.0-255,4320,177257,53,226007
21136,0.001726,172.31.46.0-255,66,177323,53,226007
21137,0.001736,172.31.46.0-255,66,177389,53,226007
21138,0.001764,172.217.194.0-255,5738,183127,53,226007
21139,0.001767,172.31.46.0-255,66,183193,53,226007
21140,0.001786,172.217.194.0-255,1484,184677,53,226007
21141,0.001814,172.31.46.0-255,66,184743,53,226007
21142,0.00182,172.217.194.0-255,7156,191899,53,226007
21143,0.001823,172.31.46.0-255,66,191965,53,226007
21144,0.001841,172.217.194.0-255,4320,196285,53,226007
21145,0.001843,172.31.46.0-255,66,196351,53,226007
21146,0.001855,172.31.46.0-255,66,196417,53,226007
21147,0.00192,172.31.46.0-255,66,196483,53,226007
21148,0.00194,172.217.194.0-255,3602,200085,53,226007
21149,0.001943,172.31.46.0-255,66,200151,53,226007
21150,0.001969,172.217.194.0-255,1484,201635,53,226007
21151,0.001973,172.217.194.0-255,1484,203119,53,226007
21152,0.001975,172.31.46.0-255,66,203185,53,226007
21153,0.001994,172.217.194.0-255,1484,204669,53,226007
21154,0.002001,172.217.194.0-255,5738,210407,53,226007
21155,0.002003,172.31.46.0-255,66,210473,53,226007
21156,0.002031,172.31.46.0-255,66,210539,53,226007
21157,0.002055,172.217.194.0-255,1484,212023,53,226007
21158,0.002066,172.31.46.0-255,66,212089,53,226007
21159,0.002086,172.217.194.0-255,4320,216409,53,226007
21160,0.002089,172.31.46.0-255,66,216475,53,226007
21161,0.002125,172.31.46.0-255,66,216541,53,226007
21162,0.002146,172.217.194.0-255,4776,221317,53,226007
21163,0.002149,172.31.46.0-255,66,221383,53,226007
21164,0.002153,172.217.194.0-255,105,221488,53,226007
21165,0.004383,172.31.46.0-255,66,221554,53,226007
21166,0.004421,172.31.46.0-255,105,221659,53,226007
21167,0.006945,172.217.194.0-255,66,221725,53,226007
21168,0.032865,172.31.46.0-255,167,221892,53,226007
21169,0.032901,172.31.46.0-255,1112,223004,53,226007
21170,0.032968,172.31.46.0-255,1514,224518,53,226007
21171,0.03297,172.31.46.0-255,1291,225809,53,226007
21172,0.034387,104.244.42.0-255,66,225875,53,226007
21173,0.034432,104.244.42.0-255,66,225941,53,226007
21174,0.034499,104.244.42.0-255,66,226007,53,226007
21175,0.0,74.125.24.0-255,153,153,53,298022
21176,2.3e-05,172.31.46.0-255,66,219,53,298022
21177,3e-05,74.125.24.0-255,1484,1703,53,298022
21178,3.5e-05,172.31.46.0-255,66,1769,53,298022
21179,4e-05,74.125.24.0-255,2902,4671,53,298022
21180,4.3e-05,172.31.46.0-255,66,4737,53,298022
21181,5.1e-05,74.125.24.0-255,7156,11893,53,298022
21182,5.4e-05,172.31.46.0-255,66,11959,53,298022
21183,5.8e-05,74.125.24.0-255,2043,14002,53,298022
21184,6.2e-05,172.31.46.0-255,66,14068,53,298022
21185,6.8e-05,74.125.24.0-255,4320,18388,53,298022
21186,7.1e-05,172.31.46.0-255,66,18454,53,298022
21187,0.000106,74.125.24.0-255,7156,25610,53,298022
21188,0.00011,172.31.46.0-255,66,25676,53,298022
21189,0.000117,74.125.24.0-255,5379,31055,53,298022
21190,0.000119,172.31.46.0-255,66,31121,53,298022
21191,0.00077,74.125.24.0-255,1484,32605,53,298022
21192,0.000777,172.31.46.0-255,66,32671,53,298022
21193,0.000786,74.125.24.0-255,2902,35573,53,298022
21194,0.000788,172.31.46.0-255,66,35639,53,298022
21195,0.000795,74.125.24.0-255,5738,41377,53,298022
21196,0.000797,172.31.46.0-255,66,41443,53,298022
21197,0.000803,74.125.24.0-255,4320,45763,53,298022
21198,0.000805,172.31.46.0-255,66,45829,53,298022
21199,0.000827,74.125.24.0-255,1484,47313,53,298022
21200,0.00083,172.31.46.0-255,66,47379,53,298022
21201,0.000844,172.31.46.0-255,66,47445,53,298022
21202,0.000861,74.125.24.0-255,1484,48929,53,298022
21203,0.000864,172.31.46.0-255,66,48995,53,298022
21204,0.000871,74.125.24.0-255,5020,54015,53,298022
21205,0.000873,172.31.46.0-255,66,54081,53,298022
21206,0.001062,74.125.24.0-255,362,54443,53,298022
21207,0.001126,74.125.24.0-255,127,54570,53,298022
21208,0.001229,74.125.24.0-255,1484,56054,53,298022
21209,0.001234,172.31.46.0-255,66,56120,53,298022
21210,0.00124,74.125.24.0-255,2902,59022,53,298022
21211,0.001243,172.31.46.0-255,66,59088,53,298022
21212,0.001268,74.125.24.0-255,5738,64826,53,298022
21213,0.001271,172.31.46.0-255,66,64892,53,298022
21214,0.001299,172.31.46.0-255,66,64958,53,298022
21215,0.001317,74.125.24.0-255,1484,66442,53,298022
21216,0.001327,172.31.46.0-255,66,66508,53,298022
21217,0.001366,74.125.24.0-255,5020,71528,53,298022
21218,0.001369,172.31.46.0-255,66,71594,53,298022
21219,0.001519,74.125.24.0-255,1484,73078,53,298022
21220,0.001525,74.125.24.0-255,2902,75980,53,298022
21221,0.001528,172.31.46.0-255,66,76046,53,298022
21222,0.001554,74.125.24.0-255,4320,80366,53,298022
21223,0.001556,172.31.46.0-255,66,80432,53,298022
21224,0.001575,74.125.24.0-255,1484,81916,53,298022
21225,0.001583,74.125.24.0-255,7156,89072,53,298022
21226,0.001585,172.31.46.0-255,66,89138,53,298022
21227,0.001618,172.31.46.0-255,66,89204,53,298022
21228,0.001643,74.125.24.0-255,5738,94942,53,298022
21229,0.001646,172.31.46.0-255,66,95008,53,298022
21230,0.001651,74.125.24.0-255,2184,97192,53,298022
21231,0.001653,172.31.46.0-255,66,97258,53,298022
21232,0.001675,74.125.24.0-255,1484,98742,53,298022
21233,0.0017,172.31.46.0-255,66,98808,53,298022
21234,0.001723,74.125.24.0-255,5738,104546,53,298022
21235,0.001725,172.31.46.0-255,66,104612,53,298022
21236,0.00173,74.125.24.0-255,2902,107514,53,298022
21237,0.001732,172.31.46.0-255,66,107580,53,298022
21238,0.001774,172.31.46.0-255,66,107646,53,298022
21239,0.001777,74.125.24.0-255,1484,109130,53,298022
21240,0.001793,74.125.24.0-255,2902,112032,53,298022
21241,0.001809,74.125.24.0-255,5738,117770,53,298022
21242,0.001821,74.125.24.0-255,2902,120672,53,298022
21243,0.001826,172.31.46.0-255,66,120738,53,298022
21244,0.001833,74.125.24.0-255,1484,122222,53,298022
21245,0.001871,74.125.24.0-255,2902,125124,53,298022
21246,0.001877,172.31.46.0-255,66,125190,53,298022
21247,0.001938,172.31.46.0-255,66,125256,53,298022
21248,0.001952,74.125.24.0-255,4320,129576,53,298022
21249,0.00199,172.31.46.0-255,66,129642,53,298022
21250,0.002125,74.125.24.0-255,1484,131126,53,298022
21251,0.002142,74.125.24.0-255,2902,134028,53,298022
21252,0.002149,172.31.46.0-255,66,134094,53,298022
21253,0.002161,74.125.24.0-255,5738,139832,53,298022
21254,0.002165,172.31.46.0-255,66,139898,53,298022
21255,0.002175,74.125.24.0-255,4320,144218,53,298022
21256,0.002197,74.125.24.0-255,4320,148538,53,298022
21257,0.002211,74.125.24.0-255,5738,154276,53,298022
21258,0.002223,74.125.24.0-255,766,155042,53,298022
21259,0.00223,172.31.46.0-255,66,155108,53,298022
21260,0.002312,74.125.24.0-255,1484,156592,53,298022
21261,0.002324,74.125.24.0-255,2902,159494,53,298022
21262,0.002328,172.31.46.0-255,66,159560,53,298022
21263,0.002335,74.125.24.0-255,5738,165298,53,298022
21264,0.002351,172.31.46.0-255,66,165364,53,298022
21265,0.002363,74.125.24.0-255,7156,172520,53,298022
21266,0.002367,172.31.46.0-255,66,172586,53,298022
21267,0.002376,74.125.24.0-255,2902,175488,53,298022
21268,0.002427,74.125.24.0-255,7156,182644,53,298022
21269,0.002441,74.125.24.0-255,1484,184128,53,298022
21270,0.002447,172.31.46.0-255,66,184194,53,298022
21271,0.004798,74.125.24.0-255,5738,189932,53,298022
21272,0.004807,172.31.46.0-255,66,189998,53,298022
21273,0.007134,74.125.24.0-255,5738,195736,53,298022
21274,0.007141,172.31.46.0-255,66,195802,53,298022
21275,0.009505,74.125.24.0-255,4320,200122,53,298022
21276,0.00951,172.31.46.0-255,66,200188,53,298022
21277,0.009527,74.125.24.0-255,1484,201672,53,298022
21278,0.011885,74.125.24.0-255,4320,205992,53,298022
21279,0.011896,172.31.46.0-255,66,206058,53,298022
21280,0.01426,74.125.24.0-255,5738,211796,53,298022
21281,0.014273,172.31.46.0-255,66,211862,53,298022
21282,0.016589,74.125.24.0-255,5738,217600,53,298022
21283,0.016601,172.31.46.0-255,66,217666,53,298022
21284,0.018925,74.125.24.0-255,4320,221986,53,298022
21285,0.018933,172.31.46.0-255,66,222052,53,298022
21286,0.018956,74.125.24.0-255,1484,223536,53,298022
21287,0.021307,74.125.24.0-255,4320,227856,53,298022
21288,0.021319,172.31.46.0-255,66,227922,53,298022
21289,0.02364,74.125.24.0-255,5738,233660,53,298022
21290,0.023649,172.31.46.0-255,66,233726,53,298022
21291,0.025982,74.125.24.0-255,5738,239464,53,298022
21292,0.025998,172.31.46.0-255,66,239530,53,298022
21293,0.02834,74.125.24.0-255,5738,245268,53,298022
21294,0.028358,172.31.46.0-255,66,245334,53,298022
21295,0.030708,74.125.24.0-255,5738,251072,53,298022
21296,0.030727,172.31.46.0-255,66,251138,53,298022
21297,0.033096,74.125.24.0-255,5738,256876,53,298022
21298,0.033114,172.31.46.0-255,66,256942,53,298022
21299,0.035483,74.125.24.0-255,5738,262680,53,298022
21300,0.035502,172.31.46.0-255,66,262746,53,298022
21301,0.037866,74.125.24.0-255,5738,268484,53,298022
21302,0.037886,172.31.46.0-255,66,268550,53,298022
21303,0.040257,74.125.24.0-255,5738,274288,53,298022
21304,0.040276,172.31.46.0-255,66,274354,53,298022
21305,0.042641,74.125.24.0-255,5738,280092,53,298022
21306,0.04266,172.31.46.0-255,66,280158,53,298022
21307,0.043636,172.31.46.0-255,172,280330,53,298022
21308,0.043673,172.31.46.0-255,1074,281404,53,298022
21309,0.045024,74.125.24.0-255,5738,287142,53,298022
21310,0.045037,172.31.46.0-255,66,287208,53,298022
21311,0.045137,104.244.42.0-255,66,287274,53,298022
21312,0.045227,104.244.42.0-255,66,287340,53,298022
21313,0.047363,74.125.24.0-255,5738,293078,53,298022
21314,0.047374,172.31.46.0-255,66,293144,53,298022
21315,0.049721,74.125.24.0-255,4641,297785,53,298022
21316,0.04973,172.31.46.0-255,66,297851,53,298022
21317,0.049937,172.31.46.0-255,105,297956,53,298022
21318,0.052249,74.125.24.0-255,66,298022,53,298022
21319,0.0,74.125.24.0-255,152,152,53,245153
21320,2.4e-05,172.31.46.0-255,66,218,53,245153
21321,3.1e-05,74.125.24.0-255,1484,1702,53,245153
21322,3.5e-05,172.31.46.0-255,66,1768,53,245153
21323,4.9e-05,74.125.24.0-255,2902,4670,53,245153
21324,5.3e-05,172.31.46.0-255,66,4736,53,245153
21325,5.6e-05,74.125.24.0-255,1484,6220,53,245153
21326,5.9e-05,172.31.46.0-255,66,6286,53,245153
21327,6.6e-05,74.125.24.0-255,5738,12024,53,245153
21328,7e-05,172.31.46.0-255,66,12090,53,245153
21329,8.4e-05,172.31.46.0-255,66,12156,53,245153
21330,9e-05,74.125.24.0-255,5379,17535,53,245153
21331,9.2e-05,172.31.46.0-255,66,17601,53,245153
21332,0.00012,74.125.24.0-255,1484,19085,53,245153
21333,0.000123,172.31.46.0-255,66,19151,53,245153
21334,0.000128,74.125.24.0-255,2902,22053,53,245153
21335,0.00013,172.31.46.0-255,66,22119,53,245153
21336,0.000136,74.125.24.0-255,4320,26439,53,245153
21337,0.000138,172.31.46.0-255,66,26505,53,245153
21338,0.000161,74.125.24.0-255,1484,27989,53,245153
21339,0.000164,172.31.46.0-255,66,28055,53,245153
21340,0.000171,74.125.24.0-255,7156,35211,53,245153
21341,0.000174,172.31.46.0-255,66,35277,53,245153
21342,0.000212,74.125.24.0-255,6797,42074,53,245153
21343,0.000215,172.31.46.0-255,66,42140,53,245153
21344,0.000222,74.125.24.0-255,7156,49296,53,245153
21345,0.000224,172.31.46.0-255,66,49362,53,245153
21346,0.000229,74.125.24.0-255,2821,52183,53,245153
21347,0.000231,172.31.46.0-255,66,52249,53,245153
21348,0.000258,74.125.24.0-255,128,52377,53,245153
21349,0.000261,172.31.46.0-255,66,52443,53,245153
21350,0.000284,74.125.24.0-255,347,52790,53,245153
21351,0.000979,74.125.24.0-255,1484,54274,53,245153
21352,0.000986,172.31.46.0-255,66,54340,53,245153
21353,0.000992,74.125.24.0-255,2902,57242,53,245153
21354,0.000993,172.31.46.0-255,66,57308,53,245153
21355,0.001,74.125.24.0-255,5738,63046,53,245153
21356,0.001008,172.31.46.0-255,66,63112,53,245153
21357,0.001038,74.125.24.0-255,5738,68850,53,245153
21358,0.001041,172.31.46.0-255,66,68916,53,245153
21359,0.001076,74.125.24.0-255,7156,76072,53,245153
21360,0.001079,172.31.46.0-255,66,76138,53,245153
21361,0.001082,74.125.24.0-255,1484,77622,53,245153
21362,0.001099,172.31.46.0-255,66,77688,53,245153
21363,0.001131,172.31.46.0-255,66,77754,53,245153
21364,0.001144,74.125.24.0-255,1484,79238,53,245153
21365,0.001154,74.125.24.0-255,5738,84976,53,245153
21366,0.001156,172.31.46.0-255,66,85042,53,245153
21367,0.001198,172.31.46.0-255,66,85108,53,245153
21368,0.001201,74.125.24.0-255,766,85874,53,245153
21369,0.00125,74.125.24.0-255,2902,88776,53,245153
21370,0.001253,172.31.46.0-255,66,88842,53,245153
21371,0.001259,74.125.24.0-255,4320,93162,53,245153
21372,0.001261,172.31.46.0-255,66,93228,53,245153
21373,0.001266,74.125.24.0-255,4320,97548,53,245153
21374,0.001273,172.31.46.0-255,66,97614,53,245153
21375,0.0013,74.125.24.0-255,4320,101934,53,245153
21376,0.001303,172.31.46.0-255,66,102000,53,245153
21377,0.001315,172.31.46.0-255,66,102066,53,245153
21378,0.00135,172.31.46.0-255,66,102132,53,245153
21379,0.001403,172.31.46.0-255,66,102198,53,245153
21380,0.001411,74.125.24.0-255,7156,109354,53,245153
21381,0.001413,172.31.46.0-255,66,109420,53,245153
21382,0.001446,172.31.46.0-255,66,109486,53,245153
21383,0.00145,74.125.24.0-255,1484,110970,53,245153
21384,0.001479,74.125.24.0-255,5020,115990,53,245153
21385,0.001482,172.31.46.0-255,66,116056,53,245153
21386,0.001518,172.31.46.0-255,66,116122,53,245153
21387,0.001549,172.31.46.0-255,66,116188,53,245153
21388,0.001554,74.125.24.0-255,2184,118372,53,245153
21389,0.001556,172.31.46.0-255,66,118438,53,245153
21390,0.001805,74.125.24.0-255,1484,119922,53,245153
21391,0.001812,74.125.24.0-255,2902,122824,53,245153
21392,0.001816,172.31.46.0-255,66,122890,53,245153
21393,0.001819,74.125.24.0-255,1484,124374,53,245153
21394,0.001849,74.125.24.0-255,4320,128694,53,245153
21395,0.001852,172.31.46.0-255,66,128760,53,245153
21396,0.001856,74.125.24.0-255,1484,130244,53,245153
21397,0.001895,172.31.46.0-255,66,130310,53,245153
21398,0.001901,74.125.24.0-255,5738,136048,53,245153
21399,0.001903,172.31.46.0-255,66,136114,53,245153
21400,0.001909,74.125.24.0-255,5020,141134,53,245153
21401,0.001911,172.31.46.0-255,66,141200,53,245153
21402,0.00194,74.125.24.0-255,5738,146938,53,245153
21403,0.001944,172.31.46.0-255,66,147004,53,245153
21404,0.001986,172.31.46.0-255,66,147070,53,245153
21405,0.001997,172.31.46.0-255,66,147136,53,245153
21406,0.002008,74.125.24.0-255,5738,152874,53,245153
21407,0.00201,172.31.46.0-255,66,152940,53,245153
21408,0.002038,74.125.24.0-255,766,153706,53,245153
21409,0.003986,74.125.24.0-255,4320,158026,53,245153
21410,0.003994,172.31.46.0-255,66,158092,53,245153
21411,0.00598,74.125.24.0-255,5738,163830,53,245153
21412,0.005987,172.31.46.0-255,66,163896,53,245153
21413,0.007985,74.125.24.0-255,5738,169634,53,245153
21414,0.007989,172.31.46.0-255,66,169700,53,245153
21415,0.009955,74.125.24.0-255,5738,175438,53,245153
21416,0.009963,172.31.46.0-255,66,175504,53,245153
21417,0.011958,74.125.24.0-255,5738,181242,53,245153
21418,0.01197,172.31.46.0-255,66,181308,53,245153
21419,0.013962,74.125.24.0-255,5738,187046,53,245153
21420,0.013982,172.31.46.0-255,66,187112,53,245153
21421,0.015974,74.125.24.0-255,5738,192850,53,245153
21422,0.015988,172.31.46.0-255,66,192916,53,245153
21423,0.017974,74.125.24.0-255,5738,198654,53,245153
21424,0.017991,172.31.46.0-255,66,198720,53,245153
21425,0.01999,74.125.24.0-255,5738,204458,53,245153
21426,0.02001,172.31.46.0-255,66,204524,53,245153
21427,0.021997,74.125.24.0-255,5738,210262,53,245153
21428,0.022015,172.31.46.0-255,66,210328,53,245153
21429,0.024028,74.125.24.0-255,5738,216066,53,245153
21430,0.024048,172.31.46.0-255,66,216132,53,245153
21431,0.026026,74.125.24.0-255,5738,221870,53,245153
21432,0.026045,172.31.46.0-255,66,221936,53,245153
21433,0.028024,74.125.24.0-255,5738,227674,53,245153
21434,0.028041,172.31.46.0-255,66,227740,53,245153
21435,0.030011,74.125.24.0-255,5738,233478,53,245153
21436,0.030025,172.31.46.0-255,66,233544,53,245153
21437,0.032014,74.125.24.0-255,5738,239282,53,245153
21438,0.032029,172.31.46.0-255,66,239348,53,245153
21439,0.034028,74.125.24.0-255,3501,242849,53,245153
21440,0.034049,172.31.46.0-255,66,242915,53,245153
21441,0.034352,172.31.46.0-255,105,243020,53,245153
21442,0.036321,74.125.24.0-255,66,243086,53,245153
21443,0.044791,172.31.46.0-255,188,243274,53,245153
21444,0.044821,172.31.46.0-255,953,244227,53,245153
21445,0.044875,172.31.46.0-255,728,244955,53,245153
21446,0.046372,104.244.42.0-255,66,245021,53,245153
21447,0.046542,104.244.42.0-255,66,245087,53,245153
21448,0.046548,104.244.42.0-255,66,245153,53,245153
21449,0.0,172.217.194.0-255,147,147,53,315635
21450,2.3e-05,172.31.46.0-255,66,213,53,315635
21451,3e-05,172.217.194.0-255,1484,1697,53,315635
21452,3.5e-05,172.31.46.0-255,66,1763,53,315635
21453,4e-05,172.217.194.0-255,2902,4665,53,315635
21454,4.4e-05,172.31.46.0-255,66,4731,53,315635
21455,4.7e-05,172.217.194.0-255,1484,6215,53,315635
21456,5e-05,172.31.46.0-255,66,6281,53,315635
21457,8.6e-05,172.217.194.0-255,5738,12019,53,315635
21458,8.9e-05,172.31.46.0-255,66,12085,53,315635
21459,9.3e-05,172.217.194.0-255,1931,14016,53,315635
21460,9.5e-05,172.31.46.0-255,66,14082,53,315635
21461,0.000109,172.31.46.0-255,66,14148,53,315635
21462,0.000116,172.217.194.0-255,5379,19527,53,315635
21463,0.000118,172.31.46.0-255,66,19593,53,315635
21464,0.001027,172.217.194.0-255,1484,21077,53,315635
21465,0.001034,172.31.46.0-255,66,21143,53,315635
21466,0.001044,172.217.194.0-255,2902,24045,53,315635
21467,0.001046,172.31.46.0-255,66,24111,53,315635
21468,0.001052,172.217.194.0-255,4320,28431,53,315635
21469,0.001054,172.31.46.0-255,66,28497,53,315635
21470,0.001074,172.217.194.0-255,1484,29981,53,315635
21471,0.001076,172.31.46.0-255,66,30047,53,315635
21472,0.001082,172.217.194.0-255,4320,34367,53,315635
21473,0.001084,172.31.46.0-255,66,34433,53,315635
21474,0.001101,172.217.194.0-255,7156,41589,53,315635
21475,0.001103,172.31.46.0-255,66,41655,53,315635
21476,0.001125,172.217.194.0-255,1484,43139,53,315635
21477,0.001127,172.31.46.0-255,66,43205,53,315635
21478,0.001159,172.31.46.0-255,66,43271,53,315635
21479,0.001171,172.217.194.0-255,649,43920,53,315635
21480,0.001204,172.217.194.0-255,1484,45404,53,315635
21481,0.001206,172.31.46.0-255,66,45470,53,315635
21482,0.001219,172.217.194.0-255,2902,48372,53,315635
21483,0.001222,172.31.46.0-255,66,48438,53,315635
21484,0.001248,172.217.194.0-255,5738,54176,53,315635
21485,0.001251,172.31.46.0-255,66,54242,53,315635
21486,0.001273,172.217.194.0-255,4320,58562,53,315635
21487,0.001276,172.31.46.0-255,66,58628,53,315635
21488,0.001287,172.217.194.0-255,1484,60112,53,315635
21489,0.001301,172.217.194.0-255,4320,64432,53,315635
21490,0.001304,172.31.46.0-255,66,64498,53,315635
21491,0.001322,172.217.194.0-255,2902,67400,53,315635
21492,0.001324,172.31.46.0-255,66,67466,53,315635
21493,0.001373,172.217.194.0-255,2902,70368,53,315635
21494,0.001376,172.31.46.0-255,66,70434,53,315635
21495,0.001401,172.217.194.0-255,2902,73336,53,315635
21496,0.001403,172.31.46.0-255,66,73402,53,315635
21497,0.001409,172.217.194.0-255,5020,78422,53,315635
21498,0.001412,172.31.46.0-255,66,78488,53,315635
21499,0.001461,172.217.194.0-255,1484,79972,53,315635
21500,0.001485,172.217.194.0-255,1484,81456,53,315635
21501,0.001489,172.31.46.0-255,66,81522,53,315635
21502,0.001506,172.217.194.0-255,1484,83006,53,315635
21503,0.00151,172.217.194.0-255,1484,84490,53,315635
21504,0.001512,172.31.46.0-255,66,84556,53,315635
21505,0.001534,172.217.194.0-255,4320,88876,53,315635
21506,0.001537,172.31.46.0-255,66,88942,53,315635
21507,0.001542,172.217.194.0-255,5738,94680,53,315635
21508,0.001545,172.31.46.0-255,66,94746,53,315635
21509,0.001568,172.217.194.0-255,7156,101902,53,315635
21510,0.001571,172.31.46.0-255,66,101968,53,315635
21511,0.001575,172.217.194.0-255,2902,104870,53,315635
21512,0.001578,172.31.46.0-255,66,104936,53,315635
21513,0.001612,172.31.46.0-255,66,105002,53,315635
21514,0.001655,172.217.194.0-255,1484,106486,53,315635
21515,0.00166,172.217.194.0-255,2902,109388,53,315635
21516,0.001683,172.217.194.0-255,5738,115126,53,315635
21517,0.0017,172.217.194.0-255,4320,119446,53,315635
21518,0.001785,172.217.194.0-255,2902,122348,53,315635
21519,0.003855,172.31.46.0-255,66,122414,53,315635
21520,0.005881,172.217.194.0-255,5738,128152,53,315635
21521,0.005888,172.31.46.0-255,66,128218,53,315635
21522,0.00792,172.217.194.0-255,4320,132538,53,315635
21523,0.007925,172.31.46.0-255,66,132604,53,315635
21524,0.007937,172.217.194.0-255,1484,134088,53,315635
21525,0.009961,172.217.194.0-255,4320,138408,53,315635
21526,0.009975,172.31.46.0-255,66,138474,53,315635
21527,0.011973,172.217.194.0-255,5738,144212,53,315635
21528,0.011981,172.31.46.0-255,66,144278,53,315635
21529,0.013994,172.217.194.0-255,5738,150016,53,315635
21530,0.014002,172.31.46.0-255,66,150082,53,315635
21531,0.016073,172.217.194.0-255,5738,155820,53,315635
21532,0.016081,172.31.46.0-255,66,155886,53,315635
21533,0.018119,172.217.194.0-255,5738,161624,53,315635
21534,0.018128,172.31.46.0-255,66,161690,53,315635
21535,0.020169,172.217.194.0-255,5738,167428,53,315635
21536,0.020177,172.31.46.0-255,66,167494,53,315635
21537,0.022214,172.217.194.0-255,5738,173232,53,315635
21538,0.022223,172.31.46.0-255,66,173298,53,315635
21539,0.024275,172.217.194.0-255,5738,179036,53,315635
21540,0.024282,172.31.46.0-255,66,179102,53,315635
21541,0.026298,172.217.194.0-255,5738,184840,53,315635
21542,0.026305,172.31.46.0-255,66,184906,53,315635
21543,0.028357,172.217.194.0-255,5738,190644,53,315635
21544,0.028366,172.31.46.0-255,66,190710,53,315635
21545,0.030398,172.217.194.0-255,5738,196448,53,315635
21546,0.030405,172.31.46.0-255,66,196514,53,315635
21547,0.031597,172.31.46.0-255,172,196686,53,315635
21548,0.031626,172.31.46.0-255,1107,197793,53,315635
21549,0.031676,172.31.46.0-255,1514,199307,53,315635
21550,0.031678,172.31.46.0-255,1514,200821,53,315635
21551,0.0317,172.31.46.0-255,707,201528,53,315635
21552,0.032444,172.217.194.0-255,5738,207266,53,315635
21553,0.032451,172.31.46.0-255,66,207332,53,315635
21554,0.033145,104.244.42.0-255,66,207398,53,315635
21555,0.033192,104.244.42.0-255,66,207464,53,315635
21556,0.033291,104.244.42.0-255,66,207530,53,315635
21557,0.033297,104.244.42.0-255,66,207596,53,315635
21558,0.034512,172.217.194.0-255,5738,213334,53,315635
21559,0.034519,172.31.46.0-255,66,213400,53,315635
21560,0.036544,172.217.194.0-255,5738,219138,53,315635
21561,0.036551,172.31.46.0-255,66,219204,53,315635
21562,0.038582,172.217.194.0-255,5738,224942,53,315635
21563,0.038589,172.31.46.0-255,66,225008,53,315635
21564,0.040642,172.217.194.0-255,5738,230746,53,315635
21565,0.040649,172.31.46.0-255,66,230812,53,315635
21566,0.042693,172.217.194.0-255,5738,236550,53,315635
21567,0.0427,172.31.46.0-255,66,236616,53,315635
21568,0.044739,172.217.194.0-255,5738,242354,53,315635
21569,0.044745,172.31.46.0-255,66,242420,53,315635
21570,0.046769,172.217.194.0-255,5738,248158,53,315635
21571,0.046776,172.31.46.0-255,66,248224,53,315635
21572,0.048829,172.217.194.0-255,5738,253962,53,315635
21573,0.048838,172.31.46.0-255,66,254028,53,315635
21574,0.050853,172.217.194.0-255,5738,259766,53,315635
21575,0.050859,172.31.46.0-255,66,259832,53,315635
21576,0.052891,172.217.194.0-255,5738,265570,53,315635
21577,0.052898,172.31.46.0-255,66,265636,53,315635
21578,0.054936,172.217.194.0-255,5738,271374,53,315635
21579,0.054942,172.31.46.0-255,66,271440,53,315635
21580,0.056982,172.217.194.0-255,5738,277178,53,315635
21581,0.056988,172.31.46.0-255,66,277244,53,315635
21582,0.059054,172.217.194.0-255,5738,282982,53,315635
21583,0.059061,172.31.46.0-255,66,283048,53,315635
21584,0.061101,172.217.194.0-255,5738,288786,53,315635
21585,0.061106,172.31.46.0-255,66,288852,53,315635
21586,0.063136,172.217.194.0-255,5738,294590,53,315635
21587,0.063143,172.31.46.0-255,66,294656,53,315635
21588,0.065158,172.217.194.0-255,5738,300394,53,315635
21589,0.065164,172.31.46.0-255,66,300460,53,315635
21590,0.067217,172.217.194.0-255,5738,306198,53,315635
21591,0.067224,172.31.46.0-255,66,306264,53,315635
21592,0.069233,172.217.194.0-255,5738,312002,53,315635
21593,0.06924,172.31.46.0-255,66,312068,53,315635
21594,0.071281,172.217.194.0-255,3330,315398,53,315635
21595,0.071288,172.31.46.0-255,66,315464,53,315635
21596,0.072825,172.31.46.0-255,105,315569,53,315635
21597,0.074853,172.217.194.0-255,66,315635,53,315635
21598,0.0,172.217.194.0-255,146,146,53,248114
21599,2.3e-05,172.31.46.0-255,66,212,53,248114
21600,3e-05,172.217.194.0-255,1484,1696,53,248114
21601,3.5e-05,172.31.46.0-255,66,1762,53,248114
21602,4.1e-05,172.217.194.0-255,2902,4664,53,248114
21603,4.6e-05,172.31.46.0-255,66,4730,53,248114
21604,5e-05,172.217.194.0-255,2902,7632,53,248114
21605,5.4e-05,172.31.46.0-255,66,7698,53,248114
21606,7.5e-05,172.217.194.0-255,2902,10600,53,248114
21607,7.9e-05,172.31.46.0-255,66,10666,53,248114
21608,9.8e-05,172.217.194.0-255,3460,14126,53,248114
21609,0.0001,172.31.46.0-255,66,14192,53,248114
21610,0.000103,172.217.194.0-255,1484,15676,53,248114
21611,0.000105,172.31.46.0-255,66,15742,53,248114
21612,0.000123,172.217.194.0-255,5738,21480,53,248114
21613,0.000126,172.31.46.0-255,66,21546,53,248114
21614,0.000133,172.217.194.0-255,7156,28702,53,248114
21615,0.000136,172.31.46.0-255,66,28768,53,248114
21616,0.000159,172.217.194.0-255,2543,31311,53,248114
21617,0.000161,172.31.46.0-255,66,31377,53,248114
21618,0.000176,172.217.194.0-255,1484,32861,53,248114
21619,0.000178,172.31.46.0-255,66,32927,53,248114
21620,0.000222,172.31.46.0-255,66,32993,53,248114
21621,0.000248,172.217.194.0-255,1484,34477,53,248114
21622,0.00025,172.31.46.0-255,66,34543,53,248114
21623,0.000281,172.31.46.0-255,66,34609,53,248114
21624,0.000284,172.217.194.0-255,1417,36026,53,248114
21625,0.000286,172.31.46.0-255,66,36092,53,248114
21626,0.000319,172.217.194.0-255,384,36476,53,248114
21627,0.000321,172.31.46.0-255,66,36542,53,248114
21628,0.000506,172.217.194.0-255,1484,38026,53,248114
21629,0.000514,172.217.194.0-255,2902,40928,53,248114
21630,0.000518,172.31.46.0-255,66,40994,53,248114
21631,0.000522,172.217.194.0-255,1484,42478,53,248114
21632,0.000543,172.217.194.0-255,4320,46798,53,248114
21633,0.000546,172.31.46.0-255,66,46864,53,248114
21634,0.000566,172.217.194.0-255,6797,53661,53,248114
21635,0.00057,172.31.46.0-255,66,53727,53,248114
21636,0.000574,172.217.194.0-255,2902,56629,53,248114
21637,0.000577,172.31.46.0-255,66,56695,53,248114
21638,0.000599,172.217.194.0-255,4320,61015,53,248114
21639,0.000602,172.31.46.0-255,66,61081,53,248114
21640,0.000609,172.217.194.0-255,7156,68237,53,248114
21641,0.000611,172.31.46.0-255,66,68303,53,248114
21642,0.000624,172.217.194.0-255,2543,70846,53,248114
21643,0.000626,172.31.46.0-255,66,70912,53,248114
21644,0.001011,172.217.194.0-255,1484,72396,53,248114
21645,0.00102,172.217.194.0-255,2902,75298,53,248114
21646,0.001025,172.31.46.0-255,66,75364,53,248114
21647,0.001031,172.217.194.0-255,2902,78266,53,248114
21648,0.001033,172.31.46.0-255,66,78332,53,248114
21649,0.001048,172.217.194.0-255,2902,81234,53,248114
21650,0.001051,172.31.46.0-255,66,81300,53,248114
21651,0.001056,172.217.194.0-255,4320,85620,53,248114
21652,0.001058,172.31.46.0-255,66,85686,53,248114
21653,0.001087,172.217.194.0-255,5738,91424,53,248114
21654,0.00109,172.31.46.0-255,66,91490,53,248114
21655,0.001103,172.31.46.0-255,66,91556,53,248114
21656,0.001107,172.217.194.0-255,2184,93740,53,248114
21657,0.001109,172.31.46.0-255,66,93806,53,248114
21658,0.001208,172.217.194.0-255,1484,95290,53,248114
21659,0.001223,172.217.194.0-255,2902,98192,53,248114
21660,0.001227,172.31.46.0-255,66,98258,53,248114
21661,0.001251,172.217.194.0-255,5738,103996,53,248114
21662,0.001254,172.31.46.0-255,66,104062,53,248114
21663,0.00126,172.217.194.0-255,4320,108382,53,248114
21664,0.001262,172.31.46.0-255,66,108448,53,248114
21665,0.001265,172.217.194.0-255,1484,109932,53,248114
21666,0.001309,172.31.46.0-255,66,109998,53,248114
21667,0.00132,172.31.46.0-255,66,110064,53,248114
21668,0.001624,172.217.194.0-255,1484,111548,53,248114
21669,0.00163,172.217.194.0-255,1484,113032,53,248114
21670,0.001633,172.31.46.0-255,66,113098,53,248114
21671,0.001654,172.217.194.0-255,1484,114582,53,248114
21672,0.001661,172.217.194.0-255,5738,120320,53,248114
21673,0.001664,172.31.46.0-255,66,120386,53,248114
21674,0.001669,172.217.194.0-255,2902,123288,53,248114
21675,0.001671,172.31.46.0-255,66,123354,53,248114
21676,0.001689,172.217.194.0-255,7156,130510,53,248114
21677,0.001692,172.31.46.0-255,66,130576,53,248114
21678,0.00171,172.217.194.0-255,2902,133478,53,248114
21679,0.001713,172.31.46.0-255,66,133544,53,248114
21680,0.001743,172.31.46.0-255,66,133610,53,248114
21681,0.002456,172.217.194.0-255,1484,135094,53,248114
21682,0.00246,172.217.194.0-255,1484,136578,53,248114
21683,0.002472,172.31.46.0-255,66,136644,53,248114
21684,0.002476,172.217.194.0-255,1484,138128,53,248114
21685,0.002497,172.217.194.0-255,5738,143866,53,248114
21686,0.0025,172.31.46.0-255,66,143932,53,248114
21687,0.002516,172.217.194.0-255,1484,145416,53,248114
21688,0.002541,172.31.46.0-255,66,145482,53,248114
21689,0.002584,172.217.194.0-255,4320,149802,53,248114
21690,0.002587,172.31.46.0-255,66,149868,53,248114
21691,0.002613,172.217.194.0-255,6438,156306,53,248114
21692,0.002616,172.31.46.0-255,66,156372,53,248114
21693,0.002702,172.217.194.0-255,1484,157856,53,248114
21694,0.002707,172.217.194.0-255,2902,160758,53,248114
21695,0.00271,172.31.46.0-255,66,160824,53,248114
21696,0.002738,172.217.194.0-255,5738,166562,53,248114
21697,0.002741,172.31.46.0-255,66,166628,53,248114
21698,0.002744,172.217.194.0-255,1484,168112,53,248114
21699,0.002747,172.217.194.0-255,1484,169596,53,248114
21700,0.002749,172.31.46.0-255,66,169662,53,248114
21701,0.002752,172.217.194.0-255,1484,171146,53,248114
21702,0.00276,172.217.194.0-255,1484,172630,53,248114
21703,0.002762,172.31.46.0-255,66,172696,53,248114
21704,0.002765,172.217.194.0-255,1484,174180,53,248114
21705,0.00278,172.217.194.0-255,4320,178500,53,248114
21706,0.002782,172.31.46.0-255,66,178566,53,248114
21707,0.002812,172.217.194.0-255,7156,185722,53,248114
21708,0.002815,172.31.46.0-255,66,185788,53,248114
21709,0.002819,172.217.194.0-255,1484,187272,53,248114
21710,0.002821,172.217.194.0-255,1484,188756,53,248114
21711,0.002823,172.31.46.0-255,66,188822,53,248114
21712,0.002842,172.217.194.0-255,6438,195260,53,248114
21713,0.002845,172.31.46.0-255,66,195326,53,248114
21714,0.002848,172.217.194.0-255,1484,196810,53,248114
21715,0.002852,172.217.194.0-255,2902,199712,53,248114
21716,0.002854,172.31.46.0-255,66,199778,53,248114
21717,0.002892,172.31.46.0-255,66,199844,53,248114
21718,0.002899,172.217.194.0-255,7156,207000,53,248114
21719,0.002901,172.31.46.0-255,66,207066,53,248114
21720,0.002904,172.217.194.0-255,1484,208550,53,248114
21721,0.002907,172.217.194.0-255,1484,210034,53,248114
21722,0.002908,172.31.46.0-255,66,210100,53,248114
21723,0.002913,172.217.194.0-255,2902,213002,53,248114
21724,0.002916,172.31.46.0-255,66,213068,53,248114
21725,0.00295,172.217.194.0-255,3602,216670,53,248114
21726,0.002952,172.31.46.0-255,66,216736,53,248114
21727,0.002958,172.217.194.0-255,4320,221056,53,248114
21728,0.00296,172.31.46.0-255,66,221122,53,248114
21729,0.00297,172.31.46.0-255,66,221188,53,248114
21730,0.003,172.217.194.0-255,1484,222672,53,248114
21731,0.003036,172.217.194.0-255,4320,226992,53,248114
21732,0.003079,172.217.194.0-255,4320,231312,53,248114
21733,0.003126,172.217.194.0-255,5738,237050,53,248114
21734,0.003139,172.217.194.0-255,2184,239234,53,248114
21735,0.003166,172.217.194.0-255,7156,246390,53,248114
21736,0.003201,172.217.194.0-255,105,246495,53,248114
21737,0.006512,172.31.46.0-255,66,246561,53,248114
21738,0.008316,172.31.46.0-255,105,246666,53,248114
21739,0.010873,172.217.194.0-255,66,246732,53,248114
21740,0.037417,172.31.46.0-255,176,246908,53,248114
21741,0.037448,172.31.46.0-255,1074,247982,53,248114
21742,0.038981,104.244.42.0-255,66,248048,53,248114
21743,0.039028,104.244.42.0-255,66,248114,53,248114
21744,0.0,74.125.130.0-255,152,152,53,378920
21745,1.9e-05,172.31.46.0-255,66,218,53,378920
21746,2.6e-05,74.125.130.0-255,1484,1702,53,378920
21747,3.2e-05,172.31.46.0-255,66,1768,53,378920
21748,3.7e-05,74.125.130.0-255,2902,4670,53,378920
21749,4e-05,172.31.46.0-255,66,4736,53,378920
21750,6.9e-05,74.125.130.0-255,5738,10474,53,378920
21751,7.2e-05,172.31.46.0-255,66,10540,53,378920
21752,7.7e-05,74.125.130.0-255,3535,14075,53,378920
21753,8e-05,172.31.46.0-255,66,14141,53,378920
21754,0.000213,74.125.130.0-255,1484,15625,53,378920
21755,0.000217,172.31.46.0-255,66,15691,53,378920
21756,0.000239,74.125.130.0-255,2902,18593,53,378920
21757,0.000242,172.31.46.0-255,66,18659,53,378920
21758,0.000248,74.125.130.0-255,5738,24397,53,378920
21759,0.00025,172.31.46.0-255,66,24463,53,378920
21760,0.00027,74.125.130.0-255,1484,25947,53,378920
21761,0.000272,172.31.46.0-255,66,26013,53,378920
21762,0.000296,74.125.130.0-255,5379,31392,53,378920
21763,0.000299,172.31.46.0-255,66,31458,53,378920
21764,0.000313,74.125.130.0-255,2902,34360,53,378920
21765,0.000315,172.31.46.0-255,66,34426,53,378920
21766,0.000343,74.125.130.0-255,4320,38746,53,378920
21767,0.000346,172.31.46.0-255,66,38812,53,378920
21768,0.000352,74.125.130.0-255,5738,44550,53,378920
21769,0.000354,172.31.46.0-255,66,44616,53,378920
21770,0.0004,74.125.130.0-255,3961,48577,53,378920
21771,0.000402,172.31.46.0-255,66,48643,53,378920
21772,0.000874,74.125.130.0-255,1484,50127,53,378920
21773,0.000881,172.31.46.0-255,66,50193,53,378920
21774,0.000887,74.125.130.0-255,2902,53095,53,378920
21775,0.000889,172.31.46.0-255,66,53161,53,378920
21776,0.000892,74.125.130.0-255,1484,54645,53,378920
21777,0.000909,74.125.130.0-255,2902,57547,53,378920
21778,0.000911,172.31.46.0-255,66,57613,53,378920
21779,0.000933,74.125.130.0-255,1484,59097,53,378920
21780,0.000953,74.125.130.0-255,6797,65894,53,378920
21781,0.000956,172.31.46.0-255,66,65960,53,378920
21782,0.000976,74.125.130.0-255,7156,73116,53,378920
21783,0.000979,172.31.46.0-255,66,73182,53,378920
21784,0.000998,74.125.130.0-255,1484,74666,53,378920
21785,0.001003,74.125.130.0-255,2902,77568,53,378920
21786,0.001006,172.31.46.0-255,66,77634,53,378920
21787,0.001027,74.125.130.0-255,4320,81954,53,378920
21788,0.00103,172.31.46.0-255,66,82020,53,378920
21789,0.001067,172.31.46.0-255,66,82086,53,378920
21790,0.001073,74.125.130.0-255,5738,87824,53,378920
21791,0.001075,172.31.46.0-255,66,87890,53,378920
21792,0.001094,74.125.130.0-255,3602,91492,53,378920
21793,0.001097,172.31.46.0-255,66,91558,53,378920
21794,0.001649,74.125.130.0-255,646,92204,53,378920
21795,0.002064,74.125.130.0-255,1484,93688,53,378920
21796,0.00207,172.31.46.0-255,66,93754,53,378920
21797,0.002076,74.125.130.0-255,2902,96656,53,378920
21798,0.002079,172.31.46.0-255,66,96722,53,378920
21799,0.002082,74.125.130.0-255,1484,98206,53,378920
21800,0.002102,74.125.130.0-255,4320,102526,53,378920
21801,0.002104,172.31.46.0-255,66,102592,53,378920
21802,0.00211,74.125.130.0-255,4320,106912,53,378920
21803,0.002112,172.31.46.0-255,66,106978,53,378920
21804,0.002132,74.125.130.0-255,2902,109880,53,378920
21805,0.002148,74.125.130.0-255,5738,115618,53,378920
21806,0.002169,74.125.130.0-255,5738,121356,53,378920
21807,0.002192,74.125.130.0-255,1484,122840,53,378920
21808,0.002211,74.125.130.0-255,3602,126442,53,378920
21809,0.002247,74.125.130.0-255,4320,130762,53,378920
21810,0.002269,74.125.130.0-255,5738,136500,53,378920
21811,0.002312,74.125.130.0-255,4320,140820,53,378920
21812,0.002315,74.125.130.0-255,1484,142304,53,378920
21813,0.002328,74.125.130.0-255,2902,145206,53,378920
21814,0.003933,172.31.46.0-255,66,145272,53,378920
21815,0.006259,74.125.130.0-255,5738,151010,53,378920
21816,0.006272,172.31.46.0-255,66,151076,53,378920
21817,0.008616,74.125.130.0-255,5738,156814,53,378920
21818,0.008633,172.31.46.0-255,66,156880,53,378920
21819,0.010971,74.125.130.0-255,5738,162618,53,378920
21820,0.010988,172.31.46.0-255,66,162684,53,378920
21821,0.01331,74.125.130.0-255,5738,168422,53,378920
21822,0.013327,172.31.46.0-255,66,168488,53,378920
21823,0.015661,74.125.130.0-255,5738,174226,53,378920
21824,0.015676,172.31.46.0-255,66,174292,53,378920
21825,0.018013,74.125.130.0-255,5738,180030,53,378920
21826,0.01803,172.31.46.0-255,66,180096,53,378920
21827,0.020367,74.125.130.0-255,5738,185834,53,378920
21828,0.020385,172.31.46.0-255,66,185900,53,378920
21829,0.022706,74.125.130.0-255,5738,191638,53,378920
21830,0.022722,172.31.46.0-255,66,191704,53,378920
21831,0.025046,74.125.130.0-255,5738,197442,53,378920
21832,0.025062,172.31.46.0-255,66,197508,53,378920
21833,0.027391,74.125.130.0-255,5738,203246,53,378920
21834,0.027401,172.31.46.0-255,66,203312,53,378920
21835,0.028179,172.31.46.0-255,176,203488,53,378920
21836,0.028213,172.31.46.0-255,1112,204600,53,378920
21837,0.028276,172.31.46.0-255,1514,206114,53,378920
21838,0.028278,172.31.46.0-255,1293,207407,53,378920
21839,0.029773,74.125.130.0-255,5738,213145,53,378920
21840,0.029784,172.31.46.0-255,66,213211,53,378920
21841,0.029792,104.244.42.0-255,66,213277,53,378920
21842,0.029804,104.244.42.0-255,66,213343,53,378920
21843,0.029833,104.244.42.0-255,66,213409,53,378920
21844,0.032111,74.125.130.0-255,5738,219147,53,378920
21845,0.032123,172.31.46.0-255,66,219213,53,378920
21846,0.034458,74.125.130.0-255,5738,224951,53,378920
21847,0.034472,172.31.46.0-255,66,225017,53,378920
21848,0.036787,74.125.130.0-255,5738,230755,53,378920
21849,0.036799,172.31.46.0-255,66,230821,53,378920
21850,0.039124,74.125.130.0-255,5738,236559,53,378920
21851,0.039138,172.31.46.0-255,66,236625,53,378920
21852,0.041465,74.125.130.0-255,5738,242363,53,378920
21853,0.041482,172.31.46.0-255,66,242429,53,378920
21854,0.043805,74.125.130.0-255,5738,248167,53,378920
21855,0.043815,172.31.46.0-255,66,248233,53,378920
21856,0.046158,74.125.130.0-255,5738,253971,53,378920
21857,0.046174,172.31.46.0-255,66,254037,53,378920
21858,0.048506,74.125.130.0-255,5738,259775,53,378920
21859,0.048522,172.31.46.0-255,66,259841,53,378920
21860,0.05087,74.125.130.0-255,5738,265579,53,378920
21861,0.050887,172.31.46.0-255,66,265645,53,378920
21862,0.053207,74.125.130.0-255,5738,271383,53,378920
21863,0.053221,172.31.46.0-255,66,271449,53,378920
21864,0.055558,74.125.130.0-255,5738,277187,53,378920
21865,0.055573,172.31.46.0-255,66,277253,53,378920
21866,0.057909,74.125.130.0-255,5738,282991,53,378920
21867,0.057916,172.31.46.0-255,66,283057,53,378920
21868,0.060246,74.125.130.0-255,5738,288795,53,378920
21869,0.060255,172.31.46.0-255,66,288861,53,378920
21870,0.062573,74.125.130.0-255,5738,294599,53,378920
21871,0.062585,172.31.46.0-255,66,294665,53,378920
21872,0.064926,74.125.130.0-255,5738,300403,53,378920
21873,0.06494,172.31.46.0-255,66,300469,53,378920
21874,0.067263,74.125.130.0-255,5738,306207,53,378920
21875,0.067269,172.31.46.0-255,66,306273,53,378920
21876,0.069588,74.125.130.0-255,5738,312011,53,378920
21877,0.069599,172.31.46.0-255,66,312077,53,378920
21878,0.071927,74.125.130.0-255,5738,317815,53,378920
21879,0.07194,172.31.46.0-255,66,317881,53,378920
21880,0.074276,74.125.130.0-255,5738,323619,53,378920
21881,0.074288,172.31.46.0-255,66,323685,53,378920
21882,0.076627,74.125.130.0-255,5738,329423,53,378920
21883,0.076637,172.31.46.0-255,66,329489,53,378920
21884,0.078993,74.125.130.0-255,5738,335227,53,378920
21885,0.079012,172.31.46.0-255,66,335293,53,378920
21886,0.081343,74.125.130.0-255,5738,341031,53,378920
21887,0.081356,172.31.46.0-255,66,341097,53,378920
21888,0.083744,74.125.130.0-255,5738,346835,53,378920
21889,0.083757,172.31.46.0-255,66,346901,53,378920
21890,0.086073,74.125.130.0-255,5738,352639,53,378920
21891,0.086083,172.31.46.0-255,66,352705,53,378920
21892,0.088425,74.125.130.0-255,5738,358443,53,378920
21893,0.088436,172.31.46.0-255,66,358509,53,378920
21894,0.090758,74.125.130.0-255,5738,364247,53,378920
21895,0.090765,172.31.46.0-255,66,364313,53,378920
21896,0.0931,74.125.130.0-255,5738,370051,53,378920
21897,0.093108,172.31.46.0-255,66,370117,53,378920
21898,0.095441,74.125.130.0-255,5738,375855,53,378920
21899,0.095451,172.31.46.0-255,66,375921,53,378920
21900,0.09778,74.125.130.0-255,2828,378749,53,378920
21901,0.097788,172.31.46.0-255,66,378815,53,378920
21902,0.098036,172.31.46.0-255,105,378920,53,378920
21903,0.0,172.217.194.0-255,153,153,53,183421
21904,2.5e-05,172.31.46.0-255,66,219,53,183421
21905,3.3e-05,172.217.194.0-255,1484,1703,53,183421
21906,3.8e-05,172.31.46.0-255,66,1769,53,183421
21907,4.4e-05,172.217.194.0-255,2902,4671,53,183421
21908,4.8e-05,172.31.46.0-255,66,4737,53,183421
21909,5.6e-05,172.217.194.0-255,7156,11893,53,183421
21910,6e-05,172.31.46.0-255,66,11959,53,183421
21911,6.4e-05,172.217.194.0-255,2101,14060,53,183421
21912,6.7e-05,172.31.46.0-255,66,14126,53,183421
21913,9.4e-05,172.217.194.0-255,4320,18446,53,183421
21914,9.8e-05,172.31.46.0-255,66,18512,53,183421
21915,0.000103,172.217.194.0-255,4320,22832,53,183421
21916,0.000106,172.31.46.0-255,66,22898,53,183421
21917,0.000119,172.217.194.0-255,1484,24382,53,183421
21918,0.000121,172.31.46.0-255,66,24448,53,183421
21919,0.000149,172.217.194.0-255,4320,28768,53,183421
21920,0.000152,172.31.46.0-255,66,28834,53,183421
21921,0.000171,172.217.194.0-255,2543,31377,53,183421
21922,0.000174,172.31.46.0-255,66,31443,53,183421
21923,0.000208,172.217.194.0-255,1484,32927,53,183421
21924,0.000211,172.31.46.0-255,66,32993,53,183421
21925,0.000235,172.217.194.0-255,2902,35895,53,183421
21926,0.000238,172.31.46.0-255,66,35961,53,183421
21927,0.000245,172.217.194.0-255,5738,41699,53,183421
21928,0.000247,172.31.46.0-255,66,41765,53,183421
21929,0.000278,172.31.46.0-255,66,41831,53,183421
21930,0.000286,172.217.194.0-255,7156,48987,53,183421
21931,0.000288,172.31.46.0-255,66,49053,53,183421
21932,0.000309,172.31.46.0-255,66,49119,53,183421
21933,0.000312,172.217.194.0-255,340,49459,53,183421
21934,0.000339,172.217.194.0-255,119,49578,53,183421
21935,0.000359,172.217.194.0-255,381,49959,53,183421
21936,0.000683,172.31.46.0-255,101,50060,53,183421
21937,0.000723,172.217.194.0-255,1484,51544,53,183421
21938,0.00073,172.217.194.0-255,2902,54446,53,183421
21939,0.000735,172.31.46.0-255,66,54512,53,183421
21940,0.000742,172.217.194.0-255,5738,60250,53,183421
21941,0.000745,172.31.46.0-255,66,60316,53,183421
21942,0.000778,172.31.46.0-255,66,60382,53,183421
21943,0.000802,172.217.194.0-255,1484,61866,53,183421
21944,0.000842,172.31.46.0-255,66,61932,53,183421
21945,0.001363,172.217.194.0-255,1484,63416,53,183421
21946,0.00137,172.217.194.0-255,2902,66318,53,183421
21947,0.001374,172.31.46.0-255,66,66384,53,183421
21948,0.001381,172.217.194.0-255,5738,72122,53,183421
21949,0.001383,172.31.46.0-255,66,72188,53,183421
21950,0.001409,172.217.194.0-255,4320,76508,53,183421
21951,0.00142,172.31.46.0-255,66,76574,53,183421
21952,0.00143,172.31.46.0-255,66,76640,53,183421
21953,0.001435,172.217.194.0-255,2902,79542,53,183421
21954,0.001437,172.31.46.0-255,66,79608,53,183421
21955,0.001475,172.217.194.0-255,2902,82510,53,183421
21956,0.001477,172.31.46.0-255,66,82576,53,183421
21957,0.0015,172.217.194.0-255,4471,87047,53,183421
21958,0.001503,172.31.46.0-255,66,87113,53,183421
21959,0.00171,172.217.194.0-255,1484,88597,53,183421
21960,0.001716,172.217.194.0-255,2902,91499,53,183421
21961,0.001719,172.31.46.0-255,66,91565,53,183421
21962,0.001726,172.217.194.0-255,5738,97303,53,183421
21963,0.001728,172.31.46.0-255,66,97369,53,183421
21964,0.001754,172.31.46.0-255,66,97435,53,183421
21965,0.001779,172.217.194.0-255,2902,100337,53,183421
21966,0.001782,172.31.46.0-255,66,100403,53,183421
21967,0.001789,172.217.194.0-255,7156,107559,53,183421
21968,0.001792,172.31.46.0-255,66,107625,53,183421
21969,0.001805,172.217.194.0-255,3602,111227,53,183421
21970,0.001807,172.31.46.0-255,66,111293,53,183421
21971,0.002166,172.217.194.0-255,1484,112777,53,183421
21972,0.002173,172.217.194.0-255,2902,115679,53,183421
21973,0.002177,172.31.46.0-255,66,115745,53,183421
21974,0.00221,172.217.194.0-255,4320,120065,53,183421
21975,0.002212,172.31.46.0-255,66,120131,53,183421
21976,0.002239,172.217.194.0-255,1484,121615,53,183421
21977,0.002254,172.31.46.0-255,66,121681,53,183421
21978,0.002267,172.31.46.0-255,66,121747,53,183421
21979,0.002278,172.31.46.0-255,66,121813,53,183421
21980,0.002308,172.217.194.0-255,1484,123297,53,183421
21981,0.002323,172.31.46.0-255,66,123363,53,183421
21982,0.00234,172.217.194.0-255,1484,124847,53,183421
21983,0.002378,172.31.46.0-255,66,124913,53,183421
21984,0.002398,172.31.46.0-255,66,124979,53,183421
21985,0.002417,172.217.194.0-255,4320,129299,53,183421
21986,0.002419,172.31.46.0-255,66,129365,53,183421
21987,0.002431,172.31.46.0-255,66,129431,53,183421
21988,0.002455,172.217.194.0-255,4320,133751,53,183421
21989,0.002458,172.31.46.0-255,66,133817,53,183421
21990,0.002499,172.31.46.0-255,66,133883,53,183421
21991,0.002512,172.31.46.0-255,66,133949,53,183421
21992,0.002544,172.217.194.0-255,2184,136133,53,183421
21993,0.002548,172.31.46.0-255,66,136199,53,183421
21994,0.002562,172.31.46.0-255,66,136265,53,183421
21995,0.002575,172.31.46.0-255,66,136331,53,183421
21996,0.002605,172.217.194.0-255,5738,142069,53,183421
21997,0.002607,172.31.46.0-255,66,142135,53,183421
21998,0.002615,172.217.194.0-255,7156,149291,53,183421
21999,0.002617,172.31.46.0-255,66,149357,53,183421
22000,0.00262,172.217.194.0-255,1484,150841,53,183421
22001,0.002659,172.31.46.0-255,66,150907,53,183421
22002,0.002666,172.217.194.0-255,6438,157345,53,183421
22003,0.002669,172.31.46.0-255,66,157411,53,183421
22004,0.003256,172.217.194.0-255,66,157477,53,183421
22005,0.005214,172.217.194.0-255,5738,163215,53,183421
22006,0.005228,172.31.46.0-255,66,163281,53,183421
22007,0.007778,172.217.194.0-255,5738,169019,53,183421
22008,0.007784,172.31.46.0-255,66,169085,53,183421
22009,0.010321,172.217.194.0-255,5738,174823,53,183421
22010,0.010329,172.31.46.0-255,66,174889,53,183421
22011,0.012903,172.217.194.0-255,4112,179001,53,183421
22012,0.012911,172.31.46.0-255,66,179067,53,183421
22013,0.014299,172.31.46.0-255,105,179172,53,183421
22014,0.020787,172.217.194.0-255,66,179238,53,183421
22015,0.039489,172.31.46.0-255,172,179410,53,183421
22016,0.039524,172.31.46.0-255,1112,180522,53,183421
22017,0.039581,172.31.46.0-255,1514,182036,53,183421
22018,0.039583,172.31.46.0-255,1187,183223,53,183421
22019,0.041054,104.244.42.0-255,66,183289,53,183421
22020,0.041092,104.244.42.0-255,66,183355,53,183421
22021,0.041135,104.244.42.0-255,66,183421,53,183421
22022,0.0,172.217.194.0-255,152,152,53,368792
22023,2.6e-05,172.31.46.0-255,66,218,53,368792
22024,3.3e-05,172.217.194.0-255,1484,1702,53,368792
22025,3.7e-05,172.31.46.0-255,66,1768,53,368792
22026,4.3e-05,172.217.194.0-255,2902,4670,53,368792
22027,4.7e-05,172.31.46.0-255,66,4736,53,368792
22028,5.2e-05,172.217.194.0-255,2902,7638,53,368792
22029,5.5e-05,172.31.46.0-255,66,7704,53,368792
22030,7.5e-05,172.217.194.0-255,2902,10606,53,368792
22031,7.8e-05,172.31.46.0-255,66,10672,53,368792
22032,9.2e-05,172.217.194.0-255,3501,14173,53,368792
22033,9.5e-05,172.31.46.0-255,66,14239,53,368792
22034,0.000137,172.217.194.0-255,5738,19977,53,368792
22035,0.00014,172.31.46.0-255,66,20043,53,368792
22036,0.000173,172.217.194.0-255,4320,24363,53,368792
22037,0.000175,172.31.46.0-255,66,24429,53,368792
22038,0.000187,172.217.194.0-255,2902,27331,53,368792
22039,0.00019,172.31.46.0-255,66,27397,53,368792
22040,0.000195,172.217.194.0-255,3961,31358,53,368792
22041,0.000197,172.31.46.0-255,66,31424,53,368792
22042,0.000243,172.217.194.0-255,1484,32908,53,368792
22043,0.000246,172.31.46.0-255,66,32974,53,368792
22044,0.000258,172.217.194.0-255,2902,35876,53,368792
22045,0.00026,172.31.46.0-255,66,35942,53,368792
22046,0.000284,172.217.194.0-255,2902,38844,53,368792
22047,0.000286,172.31.46.0-255,66,38910,53,368792
22048,0.000299,172.217.194.0-255,2902,41812,53,368792
22049,0.000301,172.31.46.0-255,66,41878,53,368792
22050,0.000308,172.217.194.0-255,6797,48675,53,368792
22051,0.00031,172.31.46.0-255,66,48741,53,368792
22052,0.000336,172.31.46.0-255,66,48807,53,368792
22053,0.000356,172.217.194.0-255,4320,53127,53,368792
22054,0.000358,172.31.46.0-255,66,53193,53,368792
22055,0.000363,172.217.194.0-255,2833,56026,53,368792
22056,0.000365,172.31.46.0-255,66,56092,53,368792
22057,0.000369,172.217.194.0-255,98,56190,53,368792
22058,0.00053,172.217.194.0-255,364,56554,53,368792
22059,0.00084,172.217.194.0-255,1484,58038,53,368792
22060,0.000846,172.31.46.0-255,66,58104,53,368792
22061,0.000852,172.217.194.0-255,2902,61006,53,368792
22062,0.000854,172.31.46.0-255,66,61072,53,368792
22063,0.000857,172.217.194.0-255,1484,62556,53,368792
22064,0.000882,172.217.194.0-255,4320,66876,53,368792
22065,0.000885,172.31.46.0-255,66,66942,53,368792
22066,0.000889,172.217.194.0-255,2902,69844,53,368792
22067,0.000891,172.31.46.0-255,66,69910,53,368792
22068,0.000911,172.31.46.0-255,66,69976,53,368792
22069,0.000917,172.217.194.0-255,4320,74296,53,368792
22070,0.00092,172.31.46.0-255,66,74362,53,368792
22071,0.00094,172.217.194.0-255,2902,77264,53,368792
22072,0.000943,172.31.46.0-255,66,77330,53,368792
22073,0.000961,172.217.194.0-255,3602,80932,53,368792
22074,0.000964,172.31.46.0-255,66,80998,53,368792
22075,0.002087,172.217.194.0-255,1484,82482,53,368792
22076,0.0021,172.217.194.0-255,2902,85384,53,368792
22077,0.002106,172.31.46.0-255,66,85450,53,368792
22078,0.002115,172.217.194.0-255,5738,91188,53,368792
22079,0.002117,172.31.46.0-255,66,91254,53,368792
22080,0.002157,172.31.46.0-255,66,91320,53,368792
22081,0.002176,172.217.194.0-255,4320,95640,53,368792
22082,0.002178,172.31.46.0-255,66,95706,53,368792
22083,0.00222,172.217.194.0-255,6438,102144,53,368792
22084,0.002223,172.31.46.0-255,66,102210,53,368792
22085,0.002302,172.217.194.0-255,1484,103694,53,368792
22086,0.002315,172.217.194.0-255,1484,105178,53,368792
22087,0.002318,172.31.46.0-255,66,105244,53,368792
22088,0.002336,172.217.194.0-255,1484,106728,53,368792
22089,0.002342,172.217.194.0-255,5738,112466,53,368792
22090,0.002344,172.31.46.0-255,66,112532,53,368792
22091,0.00237,172.217.194.0-255,5738,118270,53,368792
22092,0.002373,172.31.46.0-255,66,118336,53,368792
22093,0.002396,172.217.194.0-255,7156,125492,53,368792
22094,0.002398,172.31.46.0-255,66,125558,53,368792
22095,0.002405,172.217.194.0-255,5738,131296,53,368792
22096,0.002407,172.31.46.0-255,66,131362,53,368792
22097,0.004684,172.217.194.0-255,5738,137100,53,368792
22098,0.004691,172.31.46.0-255,66,137166,53,368792
22099,0.006953,172.217.194.0-255,5738,142904,53,368792
22100,0.00696,172.31.46.0-255,66,142970,53,368792
22101,0.00772,172.31.46.0-255,101,143071,53,368792
22102,0.009261,172.217.194.0-255,5738,148809,53,368792
22103,0.00927,172.31.46.0-255,66,148875,53,368792
22104,0.009985,172.217.194.0-255,66,148941,53,368792
22105,0.01159,172.217.194.0-255,5738,154679,53,368792
22106,0.011598,172.31.46.0-255,66,154745,53,368792
22107,0.013875,172.217.194.0-255,5738,160483,53,368792
22108,0.013884,172.31.46.0-255,66,160549,53,368792
22109,0.016169,172.217.194.0-255,5738,166287,53,368792
22110,0.016176,172.31.46.0-255,66,166353,53,368792
22111,0.018446,172.217.194.0-255,5738,172091,53,368792
22112,0.018456,172.31.46.0-255,66,172157,53,368792
22113,0.020751,172.217.194.0-255,5738,177895,53,368792
22114,0.020766,172.31.46.0-255,66,177961,53,368792
22115,0.02307,172.217.194.0-255,5738,183699,53,368792
22116,0.023084,172.31.46.0-255,66,183765,53,368792
22117,0.025432,172.217.194.0-255,5738,189503,53,368792
22118,0.025444,172.31.46.0-255,66,189569,53,368792
22119,0.027756,172.217.194.0-255,5738,195307,53,368792
22120,0.02777,172.31.46.0-255,66,195373,53,368792
22121,0.030057,172.217.194.0-255,5738,201111,53,368792
22122,0.030068,172.31.46.0-255,66,201177,53,368792
22123,0.032376,172.217.194.0-255,5738,206915,53,368792
22124,0.032386,172.31.46.0-255,66,206981,53,368792
22125,0.034677,172.217.194.0-255,5738,212719,53,368792
22126,0.034684,172.31.46.0-255,66,212785,53,368792
22127,0.036188,172.31.46.0-255,172,212957,53,368792
22128,0.036219,172.31.46.0-255,1112,214069,53,368792
22129,0.036275,172.31.46.0-255,1514,215583,53,368792
22130,0.036277,172.31.46.0-255,1291,216874,53,368792
22131,0.036967,172.217.194.0-255,5738,222612,53,368792
22132,0.036974,172.31.46.0-255,66,222678,53,368792
22133,0.037725,104.244.42.0-255,66,222744,53,368792
22134,0.037792,104.244.42.0-255,66,222810,53,368792
22135,0.037858,104.244.42.0-255,66,222876,53,368792
22136,0.038692,104.244.42.0-255,108,222984,53,368792
22137,0.038704,172.31.46.0-255,66,223050,53,368792
22138,0.039267,172.217.194.0-255,5738,228788,53,368792
22139,0.039274,172.31.46.0-255,66,228854,53,368792
22140,0.041611,172.217.194.0-255,5738,234592,53,368792
22141,0.041622,172.31.46.0-255,66,234658,53,368792
22142,0.043936,172.217.194.0-255,5738,240396,53,368792
22143,0.043943,172.31.46.0-255,66,240462,53,368792
22144,0.046221,172.217.194.0-255,5738,246200,53,368792
22145,0.046228,172.31.46.0-255,66,246266,53,368792
22146,0.048504,172.217.194.0-255,5738,252004,53,368792
22147,0.04851,172.31.46.0-255,66,252070,53,368792
22148,0.050786,172.217.194.0-255,5738,257808,53,368792
22149,0.050794,172.31.46.0-255,66,257874,53,368792
22150,0.053064,172.217.194.0-255,5738,263612,53,368792
22151,0.053072,172.31.46.0-255,66,263678,53,368792
22152,0.055377,172.217.194.0-255,5738,269416,53,368792
22153,0.055386,172.31.46.0-255,66,269482,53,368792
22154,0.057695,172.217.194.0-255,5738,275220,53,368792
22155,0.057701,172.31.46.0-255,66,275286,53,368792
22156,0.060005,172.217.194.0-255,5738,281024,53,368792
22157,0.060012,172.31.46.0-255,66,281090,53,368792
22158,0.06232,172.217.194.0-255,5738,286828,53,368792
22159,0.062327,172.31.46.0-255,66,286894,53,368792
22160,0.064631,172.217.194.0-255,5738,292632,53,368792
22161,0.064638,172.31.46.0-255,66,292698,53,368792
22162,0.066939,172.217.194.0-255,5738,298436,53,368792
22163,0.066946,172.31.46.0-255,66,298502,53,368792
22164,0.069252,172.217.194.0-255,5738,304240,53,368792
22165,0.069261,172.31.46.0-255,66,304306,53,368792
22166,0.071543,172.217.194.0-255,5738,310044,53,368792
22167,0.07155,172.31.46.0-255,66,310110,53,368792
22168,0.073869,172.217.194.0-255,5738,315848,53,368792
22169,0.073876,172.31.46.0-255,66,315914,53,368792
22170,0.076163,172.217.194.0-255,5738,321652,53,368792
22171,0.076171,172.31.46.0-255,66,321718,53,368792
22172,0.078506,172.217.194.0-255,5738,327456,53,368792
22173,0.078513,172.31.46.0-255,66,327522,53,368792
22174,0.080802,172.217.194.0-255,5738,333260,53,368792
22175,0.080809,172.31.46.0-255,66,333326,53,368792
22176,0.083104,172.217.194.0-255,5738,339064,53,368792
22177,0.083112,172.31.46.0-255,66,339130,53,368792
22178,0.085416,172.217.194.0-255,5738,344868,53,368792
22179,0.085424,172.31.46.0-255,66,344934,53,368792
22180,0.087741,172.217.194.0-255,5738,350672,53,368792
22181,0.087748,172.31.46.0-255,66,350738,53,368792
22182,0.090041,172.217.194.0-255,5738,356476,53,368792
22183,0.090048,172.31.46.0-255,66,356542,53,368792
22184,0.092368,172.217.194.0-255,5738,362280,53,368792
22185,0.092375,172.31.46.0-255,66,362346,53,368792
22186,0.094662,172.217.194.0-255,5738,368084,53,368792
22187,0.094669,172.31.46.0-255,66,368150,53,368792
22188,0.096944,172.217.194.0-255,537,368687,53,368792
22189,0.097192,172.31.46.0-255,105,368792,53,368792
22190,0.0,74.125.68.0-255,146,146,53,342514
22191,2.5e-05,172.31.46.0-255,66,212,53,342514
22192,3.2e-05,74.125.68.0-255,1484,1696,53,342514
22193,3.6e-05,172.31.46.0-255,66,1762,53,342514
22194,4.2e-05,74.125.68.0-255,2902,4664,53,342514
22195,5.2e-05,172.31.46.0-255,66,4730,53,342514
22196,7.4e-05,74.125.68.0-255,4320,9050,53,342514
22197,8.1e-05,172.31.46.0-255,66,9116,53,342514
22198,0.000129,74.125.68.0-255,1484,10600,53,342514
22199,0.000131,172.31.46.0-255,66,10666,53,342514
22200,0.000158,74.125.68.0-255,2902,13568,53,342514
22201,0.00016,172.31.46.0-255,66,13634,53,342514
22202,0.000164,74.125.68.0-255,491,14125,53,342514
22203,0.000166,172.31.46.0-255,66,14191,53,342514
22204,0.000318,74.125.68.0-255,1484,15675,53,342514
22205,0.000323,172.31.46.0-255,66,15741,53,342514
22206,0.000329,74.125.68.0-255,2902,18643,53,342514
22207,0.000332,172.31.46.0-255,66,18709,53,342514
22208,0.000359,74.125.68.0-255,4320,23029,53,342514
22209,0.000362,172.31.46.0-255,66,23095,53,342514
22210,0.000397,172.31.46.0-255,66,23161,53,342514
22211,0.000427,74.125.68.0-255,4320,27481,53,342514
22212,0.000429,172.31.46.0-255,66,27547,53,342514
22213,0.00045,74.125.68.0-255,5738,33285,53,342514
22214,0.000453,172.31.46.0-255,66,33351,53,342514
22215,0.000458,74.125.68.0-255,4320,37671,53,342514
22216,0.00046,172.31.46.0-255,66,37737,53,342514
22217,0.000491,74.125.68.0-255,5738,43475,53,342514
22218,0.000498,172.31.46.0-255,66,43541,53,342514
22219,0.000503,74.125.68.0-255,2902,46443,53,342514
22220,0.000506,172.31.46.0-255,66,46509,53,342514
22221,0.00051,74.125.68.0-255,1484,47993,53,342514
22222,0.000537,74.125.68.0-255,2902,50895,53,342514
22223,0.00054,172.31.46.0-255,66,50961,53,342514
22224,0.000545,74.125.68.0-255,4320,55281,53,342514
22225,0.000547,172.31.46.0-255,66,55347,53,342514
22226,0.000583,74.125.68.0-255,1097,56444,53,342514
22227,0.000613,74.125.68.0-255,378,56822,53,342514
22228,0.00092,74.125.68.0-255,1484,58306,53,342514
22229,0.000925,172.31.46.0-255,66,58372,53,342514
22230,0.000931,74.125.68.0-255,2902,61274,53,342514
22231,0.000933,172.31.46.0-255,66,61340,53,342514
22232,0.000965,74.125.68.0-255,4320,65660,53,342514
22233,0.000968,172.31.46.0-255,66,65726,53,342514
22234,0.000974,74.125.68.0-255,5738,71464,53,342514
22235,0.000976,172.31.46.0-255,66,71530,53,342514
22236,0.001026,172.31.46.0-255,66,71596,53,342514
22237,0.001091,172.31.46.0-255,66,71662,53,342514
22238,0.001303,74.125.68.0-255,1484,73146,53,342514
22239,0.00131,74.125.68.0-255,2902,76048,53,342514
22240,0.001314,172.31.46.0-255,66,76114,53,342514
22241,0.001357,74.125.68.0-255,1484,77598,53,342514
22242,0.00138,74.125.68.0-255,2902,80500,53,342514
22243,0.001384,172.31.46.0-255,66,80566,53,342514
22244,0.00139,74.125.68.0-255,5738,86304,53,342514
22245,0.001393,172.31.46.0-255,66,86370,53,342514
22246,0.001423,74.125.68.0-255,4320,90690,53,342514
22247,0.001426,172.31.46.0-255,66,90756,53,342514
22248,0.001432,74.125.68.0-255,5738,96494,53,342514
22249,0.001435,172.31.46.0-255,66,96560,53,342514
22250,0.00149,172.31.46.0-255,66,96626,53,342514
22251,0.001543,74.125.68.0-255,1484,98110,53,342514
22252,0.00156,74.125.68.0-255,2902,101012,53,342514
22253,0.001564,172.31.46.0-255,66,101078,53,342514
22254,0.001568,74.125.68.0-255,2902,103980,53,342514
22255,0.001571,172.31.46.0-255,66,104046,53,342514
22256,0.001575,74.125.68.0-255,2902,106948,53,342514
22257,0.001578,172.31.46.0-255,66,107014,53,342514
22258,0.001609,74.125.68.0-255,4320,111334,53,342514
22259,0.001612,172.31.46.0-255,66,111400,53,342514
22260,0.001624,172.31.46.0-255,66,111466,53,342514
22261,0.001659,74.125.68.0-255,5738,117204,53,342514
22262,0.001662,172.31.46.0-255,66,117270,53,342514
22263,0.001669,74.125.68.0-255,5020,122290,53,342514
22264,0.001671,172.31.46.0-255,66,122356,53,342514
22265,0.002152,74.125.68.0-255,1484,123840,53,342514
22266,0.002161,74.125.68.0-255,2902,126742,53,342514
22267,0.002165,172.31.46.0-255,66,126808,53,342514
22268,0.00217,74.125.68.0-255,1484,128292,53,342514
22269,0.002199,74.125.68.0-255,4320,132612,53,342514
22270,0.002202,172.31.46.0-255,66,132678,53,342514
22271,0.002206,74.125.68.0-255,2902,135580,53,342514
22272,0.002208,172.31.46.0-255,66,135646,53,342514
22273,0.002251,172.31.46.0-255,66,135712,53,342514
22274,0.002259,74.125.68.0-255,7156,142868,53,342514
22275,0.002261,172.31.46.0-255,66,142934,53,342514
22276,0.002276,74.125.68.0-255,1484,144418,53,342514
22277,0.002306,74.125.68.0-255,2184,146602,53,342514
22278,0.00231,172.31.46.0-255,66,146668,53,342514
22279,0.002449,74.125.68.0-255,1484,148152,53,342514
22280,0.002462,74.125.68.0-255,2902,151054,53,342514
22281,0.002465,172.31.46.0-255,66,151120,53,342514
22282,0.002498,74.125.68.0-255,5738,156858,53,342514
22283,0.002501,172.31.46.0-255,66,156924,53,342514
22284,0.002505,74.125.68.0-255,2902,159826,53,342514
22285,0.002508,172.31.46.0-255,66,159892,53,342514
22286,0.002514,74.125.68.0-255,4320,164212,53,342514
22287,0.00252,172.31.46.0-255,66,164278,53,342514
22288,0.002526,74.125.68.0-255,4320,168598,53,342514
22289,0.002529,172.31.46.0-255,66,168664,53,342514
22290,0.002562,74.125.68.0-255,4320,172984,53,342514
22291,0.002565,172.31.46.0-255,66,173050,53,342514
22292,0.002567,74.125.68.0-255,1484,174534,53,342514
22293,0.005058,74.125.68.0-255,4320,178854,53,342514
22294,0.005062,172.31.46.0-255,66,178920,53,342514
22295,0.007184,172.31.46.0-255,101,179021,53,342514
22296,0.007561,74.125.68.0-255,5738,184759,53,342514
22297,0.007567,172.31.46.0-255,66,184825,53,342514
22298,0.009654,74.125.68.0-255,66,184891,53,342514
22299,0.010058,74.125.68.0-255,2902,187793,53,342514
22300,0.010065,172.31.46.0-255,66,187859,53,342514
22301,0.010093,74.125.68.0-255,2902,190761,53,342514
22302,0.010096,172.31.46.0-255,66,190827,53,342514
22303,0.012568,74.125.68.0-255,2902,193729,53,342514
22304,0.012578,172.31.46.0-255,66,193795,53,342514
22305,0.012627,74.125.68.0-255,2902,196697,53,342514
22306,0.012631,172.31.46.0-255,66,196763,53,342514
22307,0.01511,74.125.68.0-255,2902,199665,53,342514
22308,0.01512,172.31.46.0-255,66,199731,53,342514
22309,0.015154,74.125.68.0-255,2902,202633,53,342514
22310,0.015157,172.31.46.0-255,66,202699,53,342514
22311,0.017623,74.125.68.0-255,2902,205601,53,342514
22312,0.017636,172.31.46.0-255,66,205667,53,342514
22313,0.017666,74.125.68.0-255,2902,208569,53,342514
22314,0.01767,172.31.46.0-255,66,208635,53,342514
22315,0.020142,74.125.68.0-255,2902,211537,53,342514
22316,0.02015,172.31.46.0-255,66,211603,53,342514
22317,0.020183,74.125.68.0-255,2902,214505,53,342514
22318,0.020185,172.31.46.0-255,66,214571,53,342514
22319,0.022666,74.125.68.0-255,2902,217473,53,342514
22320,0.022673,172.31.46.0-255,66,217539,53,342514
22321,0.022742,74.125.68.0-255,2902,220441,53,342514
22322,0.022745,172.31.46.0-255,66,220507,53,342514
22323,0.025182,74.125.68.0-255,2902,223409,53,342514
22324,0.025189,172.31.46.0-255,66,223475,53,342514
22325,0.025241,74.125.68.0-255,2902,226377,53,342514
22326,0.025244,172.31.46.0-255,66,226443,53,342514
22327,0.027704,74.125.68.0-255,2902,229345,53,342514
22328,0.027713,172.31.46.0-255,66,229411,53,342514
22329,0.027746,74.125.68.0-255,2902,232313,53,342514
22330,0.027749,172.31.46.0-255,66,232379,53,342514
22331,0.030217,74.125.68.0-255,2902,235281,53,342514
22332,0.030225,172.31.46.0-255,66,235347,53,342514
22333,0.030259,74.125.68.0-255,2902,238249,53,342514
22334,0.030262,172.31.46.0-255,66,238315,53,342514
22335,0.030821,172.31.46.0-255,172,238487,53,342514
22336,0.030854,172.31.46.0-255,1107,239594,53,342514
22337,0.030909,172.31.46.0-255,1514,241108,53,342514
22338,0.030911,172.31.46.0-255,1296,242404,53,342514
22339,0.032383,104.244.42.0-255,66,242470,53,342514
22340,0.032417,104.244.42.0-255,66,242536,53,342514
22341,0.032468,104.244.42.0-255,66,242602,53,342514
22342,0.032716,74.125.68.0-255,1484,244086,53,342514
22343,0.032752,74.125.68.0-255,4320,248406,53,342514
22344,0.032757,172.31.46.0-255,66,248472,53,342514
22345,0.035268,74.125.68.0-255,5738,254210,53,342514
22346,0.035277,172.31.46.0-255,66,254276,53,342514
22347,0.037804,74.125.68.0-255,5738,260014,53,342514
22348,0.037816,172.31.46.0-255,66,260080,53,342514
22349,0.040326,74.125.68.0-255,5738,265818,53,342514
22350,0.040335,172.31.46.0-255,66,265884,53,342514
22351,0.042873,74.125.68.0-255,5738,271622,53,342514
22352,0.04288,172.31.46.0-255,66,271688,53,342514
22353,0.045394,74.125.68.0-255,5738,277426,53,342514
22354,0.045401,172.31.46.0-255,66,277492,53,342514
22355,0.047914,74.125.68.0-255,5738,283230,53,342514
22356,0.04792,172.31.46.0-255,66,283296,53,342514
22357,0.050417,74.125.68.0-255,5738,289034,53,342514
22358,0.050423,172.31.46.0-255,66,289100,53,342514
22359,0.052942,74.125.68.0-255,5738,294838,53,342514
22360,0.05295,172.31.46.0-255,66,294904,53,342514
22361,0.055478,74.125.68.0-255,5738,300642,53,342514
22362,0.05549,172.31.46.0-255,66,300708,53,342514
22363,0.058003,74.125.68.0-255,5738,306446,53,342514
22364,0.05801,172.31.46.0-255,66,306512,53,342514
22365,0.06052,74.125.68.0-255,5738,312250,53,342514
22366,0.060527,172.31.46.0-255,66,312316,53,342514
22367,0.063048,74.125.68.0-255,5738,318054,53,342514
22368,0.063055,172.31.46.0-255,66,318120,53,342514
22369,0.065567,74.125.68.0-255,5738,323858,53,342514
22370,0.065574,172.31.46.0-255,66,323924,53,342514
22371,0.068075,74.125.68.0-255,5738,329662,53,342514
22372,0.068082,172.31.46.0-255,66,329728,53,342514
22373,0.070598,74.125.68.0-255,5738,335466,53,342514
22374,0.070612,172.31.46.0-255,66,335532,53,342514
22375,0.073137,74.125.68.0-255,5738,341270,53,342514
22376,0.073145,172.31.46.0-255,66,341336,53,342514
22377,0.075647,74.125.68.0-255,1007,342343,53,342514
22378,0.075817,172.31.46.0-255,105,342448,53,342514
22379,0.083875,74.125.68.0-255,66,342514,53,342514
22380,0.0,74.125.24.0-255,152,152,53,303929
22381,2.6e-05,172.31.46.0-255,66,218,53,303929
22382,3.3e-05,74.125.24.0-255,1484,1702,53,303929
22383,3.8e-05,172.31.46.0-255,66,1768,53,303929
22384,4.4e-05,74.125.24.0-255,2902,4670,53,303929
22385,4.7e-05,172.31.46.0-255,66,4736,53,303929
22386,5.3e-05,74.125.24.0-255,4320,9056,53,303929
22387,5.6e-05,172.31.46.0-255,66,9122,53,303929
22388,5.9e-05,74.125.24.0-255,1484,10606,53,303929
22389,6.1e-05,172.31.46.0-255,66,10672,53,303929
22390,8.6e-05,74.125.24.0-255,3412,14084,53,303929
22391,8.8e-05,172.31.46.0-255,66,14150,53,303929
22392,9.3e-05,74.125.24.0-255,2902,17052,53,303929
22393,9.5e-05,172.31.46.0-255,66,17118,53,303929
22394,0.000128,172.31.46.0-255,66,17184,53,303929
22395,0.000134,74.125.24.0-255,5379,22563,53,303929
22396,0.000137,172.31.46.0-255,66,22629,53,303929
22397,0.000242,74.125.24.0-255,1484,24113,53,303929
22398,0.000246,172.31.46.0-255,66,24179,53,303929
22399,0.000251,74.125.24.0-255,2902,27081,53,303929
22400,0.000253,172.31.46.0-255,66,27147,53,303929
22401,0.000259,74.125.24.0-255,4320,31467,53,303929
22402,0.000262,172.31.46.0-255,66,31533,53,303929
22403,0.000278,74.125.24.0-255,1484,33017,53,303929
22404,0.00028,172.31.46.0-255,66,33083,53,303929
22405,0.000298,74.125.24.0-255,7156,40239,53,303929
22406,0.0003,172.31.46.0-255,66,40305,53,303929
22407,0.000329,74.125.24.0-255,6797,47102,53,303929
22408,0.000332,172.31.46.0-255,66,47168,53,303929
22409,0.000344,172.31.46.0-255,66,47234,53,303929
22410,0.000347,74.125.24.0-255,114,47348,53,303929
22411,0.000351,74.125.24.0-255,328,47676,53,303929
22412,0.001029,172.31.46.0-255,66,47742,53,303929
22413,0.001181,74.125.24.0-255,1484,49226,53,303929
22414,0.001191,74.125.24.0-255,2902,52128,53,303929
22415,0.001195,172.31.46.0-255,66,52194,53,303929
22416,0.001202,74.125.24.0-255,4320,56514,53,303929
22417,0.001204,172.31.46.0-255,66,56580,53,303929
22418,0.001217,74.125.24.0-255,1484,58064,53,303929
22419,0.001231,172.31.46.0-255,66,58130,53,303929
22420,0.001273,74.125.24.0-255,4320,62450,53,303929
22421,0.001275,172.31.46.0-255,66,62516,53,303929
22422,0.001305,172.31.46.0-255,66,62582,53,303929
22423,0.001974,74.125.24.0-255,1484,64066,53,303929
22424,0.001984,74.125.24.0-255,2902,66968,53,303929
22425,0.001989,172.31.46.0-255,66,67034,53,303929
22426,0.002012,74.125.24.0-255,5738,72772,53,303929
22427,0.002014,172.31.46.0-255,66,72838,53,303929
22428,0.002054,172.31.46.0-255,66,72904,53,303929
22429,0.002116,74.125.24.0-255,4320,77224,53,303929
22430,0.002119,172.31.46.0-255,66,77290,53,303929
22431,0.002142,74.125.24.0-255,6438,83728,53,303929
22432,0.002144,172.31.46.0-255,66,83794,53,303929
22433,0.002305,74.125.24.0-255,1484,85278,53,303929
22434,0.002312,74.125.24.0-255,2902,88180,53,303929
22435,0.002315,172.31.46.0-255,66,88246,53,303929
22436,0.002322,74.125.24.0-255,5738,93984,53,303929
22437,0.002324,172.31.46.0-255,66,94050,53,303929
22438,0.002329,74.125.24.0-255,4320,98370,53,303929
22439,0.002333,172.31.46.0-255,66,98436,53,303929
22440,0.002355,74.125.24.0-255,2902,101338,53,303929
22441,0.002357,172.31.46.0-255,66,101404,53,303929
22442,0.002373,172.31.46.0-255,66,101470,53,303929
22443,0.002377,74.125.24.0-255,2184,103654,53,303929
22444,0.002379,172.31.46.0-255,66,103720,53,303929
22445,0.002447,74.125.24.0-255,1484,105204,53,303929
22446,0.002461,74.125.24.0-255,2902,108106,53,303929
22447,0.002464,172.31.46.0-255,66,108172,53,303929
22448,0.00247,74.125.24.0-255,4320,112492,53,303929
22449,0.002472,172.31.46.0-255,66,112558,53,303929
22450,0.002501,74.125.24.0-255,1484,114042,53,303929
22451,0.002513,172.31.46.0-255,66,114108,53,303929
22452,0.002546,74.125.24.0-255,5738,119846,53,303929
22453,0.002549,172.31.46.0-255,66,119912,53,303929
22454,0.002579,172.31.46.0-255,66,119978,53,303929
22455,0.002587,74.125.24.0-255,7156,127134,53,303929
22456,0.002589,172.31.46.0-255,66,127200,53,303929
22457,0.002621,172.31.46.0-255,66,127266,53,303929
22458,0.002626,74.125.24.0-255,4320,131586,53,303929
22459,0.002628,172.31.46.0-255,66,131652,53,303929
22460,0.00517,74.125.24.0-255,1484,133136,53,303929
22461,0.005214,74.125.24.0-255,4320,137456,53,303929
22462,0.005221,172.31.46.0-255,66,137522,53,303929
22463,0.007788,74.125.24.0-255,5738,143260,53,303929
22464,0.007798,172.31.46.0-255,66,143326,53,303929
22465,0.010398,74.125.24.0-255,5738,149064,53,303929
22466,0.010407,172.31.46.0-255,66,149130,53,303929
22467,0.012967,74.125.24.0-255,5738,154868,53,303929
22468,0.012984,172.31.46.0-255,66,154934,53,303929
22469,0.015582,74.125.24.0-255,5738,160672,53,303929
22470,0.015602,172.31.46.0-255,66,160738,53,303929
22471,0.018334,74.125.24.0-255,5738,166476,53,303929
22472,0.018352,172.31.46.0-255,66,166542,53,303929
22473,0.020951,74.125.24.0-255,5738,172280,53,303929
22474,0.020968,172.31.46.0-255,66,172346,53,303929
22475,0.023534,74.125.24.0-255,5738,178084,53,303929
22476,0.023546,172.31.46.0-255,66,178150,53,303929
22477,0.026139,74.125.24.0-255,5738,183888,53,303929
22478,0.026147,172.31.46.0-255,66,183954,53,303929
22479,0.028714,74.125.24.0-255,5738,189692,53,303929
22480,0.028723,172.31.46.0-255,66,189758,53,303929
22481,0.031305,74.125.24.0-255,5738,195496,53,303929
22482,0.031313,172.31.46.0-255,66,195562,53,303929
22483,0.032675,172.31.46.0-255,172,195734,53,303929
22484,0.032703,172.31.46.0-255,1113,196847,53,303929
22485,0.03275,172.31.46.0-255,1514,198361,53,303929
22486,0.032752,172.31.46.0-255,1290,199651,53,303929
22487,0.033876,74.125.24.0-255,4320,203971,53,303929
22488,0.033883,172.31.46.0-255,66,204037,53,303929
22489,0.033901,74.125.24.0-255,1484,205521,53,303929
22490,0.034201,104.244.42.0-255,66,205587,53,303929
22491,0.034258,104.244.42.0-255,66,205653,53,303929
22492,0.03431,104.244.42.0-255,66,205719,53,303929
22493,0.036432,74.125.24.0-255,4320,210039,53,303929
22494,0.036439,172.31.46.0-255,66,210105,53,303929
22495,0.039047,74.125.24.0-255,5738,215843,53,303929
22496,0.039059,172.31.46.0-255,66,215909,53,303929
22497,0.041614,74.125.24.0-255,5738,221647,53,303929
22498,0.041623,172.31.46.0-255,66,221713,53,303929
22499,0.044183,74.125.24.0-255,5738,227451,53,303929
22500,0.044192,172.31.46.0-255,66,227517,53,303929
22501,0.046818,74.125.24.0-255,5738,233255,53,303929
22502,0.046825,172.31.46.0-255,66,233321,53,303929
22503,0.049377,74.125.24.0-255,5738,239059,53,303929
22504,0.049383,172.31.46.0-255,66,239125,53,303929
22505,0.052039,74.125.24.0-255,5738,244863,53,303929
22506,0.052046,172.31.46.0-255,66,244929,53,303929
22507,0.054675,74.125.24.0-255,5738,250667,53,303929
22508,0.054682,172.31.46.0-255,66,250733,53,303929
22509,0.057255,74.125.24.0-255,5738,256471,53,303929
22510,0.057267,172.31.46.0-255,66,256537,53,303929
22511,0.059887,74.125.24.0-255,5738,262275,53,303929
22512,0.059894,172.31.46.0-255,66,262341,53,303929
22513,0.062503,74.125.24.0-255,5738,268079,53,303929
22514,0.062509,172.31.46.0-255,66,268145,53,303929
22515,0.065035,74.125.24.0-255,1484,269629,53,303929
22516,0.065059,74.125.24.0-255,4320,273949,53,303929
22517,0.065064,172.31.46.0-255,66,274015,53,303929
22518,0.067633,74.125.24.0-255,5738,279753,53,303929
22519,0.06764,172.31.46.0-255,66,279819,53,303929
22520,0.070233,74.125.24.0-255,5738,285557,53,303929
22521,0.07024,172.31.46.0-255,66,285623,53,303929
22522,0.072806,74.125.24.0-255,5738,291361,53,303929
22523,0.072815,172.31.46.0-255,66,291427,53,303929
22524,0.075409,74.125.24.0-255,5738,297165,53,303929
22525,0.075415,172.31.46.0-255,66,297231,53,303929
22526,0.077978,74.125.24.0-255,5738,302969,53,303929
22527,0.077983,172.31.46.0-255,66,303035,53,303929
22528,0.080561,74.125.24.0-255,657,303692,53,303929
22529,0.080723,172.31.46.0-255,66,303758,53,303929
22530,0.080761,172.31.46.0-255,105,303863,53,303929
22531,0.083305,74.125.24.0-255,66,303929,53,303929
22532,0.0,172.217.194.0-255,305,305,53,181796
22533,1.9e-05,172.31.46.0-255,66,371,53,181796
22534,2.5e-05,172.217.194.0-255,1484,1855,53,181796
22535,3e-05,172.31.46.0-255,66,1921,53,181796
22536,3.6e-05,172.217.194.0-255,2902,4823,53,181796
22537,3.9e-05,172.31.46.0-255,66,4889,53,181796
22538,4.6e-05,172.217.194.0-255,5738,10627,53,181796
22539,4.9e-05,172.31.46.0-255,66,10693,53,181796
22540,6.9e-05,172.217.194.0-255,5738,16431,53,181796
22541,7.2e-05,172.31.46.0-255,66,16497,53,181796
22542,0.000111,172.31.46.0-255,66,16563,53,181796
22543,0.000119,172.217.194.0-255,6797,23360,53,181796
22544,0.000121,172.31.46.0-255,66,23426,53,181796
22545,0.000156,172.217.194.0-255,1484,24910,53,181796
22546,0.000159,172.31.46.0-255,66,24976,53,181796
22547,0.000179,172.217.194.0-255,2902,27878,53,181796
22548,0.000182,172.31.46.0-255,66,27944,53,181796
22549,0.000202,172.217.194.0-255,4320,32264,53,181796
22550,0.000205,172.31.46.0-255,66,32330,53,181796
22551,0.000227,172.217.194.0-255,1484,33814,53,181796
22552,0.000243,172.217.194.0-255,4320,38134,53,181796
22553,0.000247,172.31.46.0-255,66,38200,53,181796
22554,0.00025,172.31.46.0-255,66,38266,53,181796
22555,0.000253,172.31.46.0-255,66,38332,53,181796
22556,0.000264,172.217.194.0-255,5738,44070,53,181796
22557,0.000266,172.31.46.0-255,66,44136,53,181796
22558,0.000291,172.217.194.0-255,1078,45214,53,181796
22559,0.000294,172.31.46.0-255,66,45280,53,181796
22560,0.000323,172.217.194.0-255,367,45647,53,181796
22561,0.000326,172.31.46.0-255,66,45713,53,181796
22562,0.000458,172.217.194.0-255,1484,47197,53,181796
22563,0.000463,172.217.194.0-255,1484,48681,53,181796
22564,0.000466,172.31.46.0-255,66,48747,53,181796
22565,0.000484,172.217.194.0-255,1484,50231,53,181796
22566,0.000491,172.217.194.0-255,5738,55969,53,181796
22567,0.000493,172.31.46.0-255,66,56035,53,181796
22568,0.000496,172.217.194.0-255,1484,57519,53,181796
22569,0.000499,172.217.194.0-255,1484,59003,53,181796
22570,0.000501,172.31.46.0-255,66,59069,53,181796
22571,0.000519,172.217.194.0-255,7156,66225,53,181796
22572,0.000521,172.31.46.0-255,66,66291,53,181796
22573,0.000546,172.217.194.0-255,4320,70611,53,181796
22574,0.000548,172.31.46.0-255,66,70677,53,181796
22575,0.000573,172.31.46.0-255,66,70743,53,181796
22576,0.000779,172.217.194.0-255,1484,72227,53,181796
22577,0.000786,172.217.194.0-255,2902,75129,53,181796
22578,0.000789,172.31.46.0-255,66,75195,53,181796
22579,0.000797,172.217.194.0-255,5738,80933,53,181796
22580,0.000799,172.31.46.0-255,66,80999,53,181796
22581,0.000809,172.31.46.0-255,66,81065,53,181796
22582,0.000822,172.217.194.0-255,1484,82549,53,181796
22583,0.000841,172.217.194.0-255,2902,85451,53,181796
22584,0.000844,172.31.46.0-255,66,85517,53,181796
22585,0.000877,172.31.46.0-255,66,85583,53,181796
22586,0.00089,172.31.46.0-255,66,85649,53,181796
22587,0.000916,172.217.194.0-255,1484,87133,53,181796
22588,0.000933,172.31.46.0-255,66,87199,53,181796
22589,0.00095,172.217.194.0-255,2005,89204,53,181796
22590,0.000953,172.31.46.0-255,66,89270,53,181796
22591,0.001077,172.217.194.0-255,1484,90754,53,181796
22592,0.001083,172.217.194.0-255,2902,93656,53,181796
22593,0.001086,172.31.46.0-255,66,93722,53,181796
22594,0.00109,172.217.194.0-255,1484,95206,53,181796
22595,0.001107,172.217.194.0-255,4320,99526,53,181796
22596,0.00111,172.31.46.0-255,66,99592,53,181796
22597,0.001117,172.217.194.0-255,7156,106748,53,181796
22598,0.00112,172.31.46.0-255,66,106814,53,181796
22599,0.001153,172.31.46.0-255,66,106880,53,181796
22600,0.001157,172.217.194.0-255,2184,109064,53,181796
22601,0.001159,172.31.46.0-255,66,109130,53,181796
22602,0.00142,172.217.194.0-255,1484,110614,53,181796
22603,0.001428,172.217.194.0-255,2902,113516,53,181796
22604,0.001431,172.31.46.0-255,66,113582,53,181796
22605,0.001451,172.217.194.0-255,5738,119320,53,181796
22606,0.001454,172.31.46.0-255,66,119386,53,181796
22607,0.00146,172.217.194.0-255,4320,123706,53,181796
22608,0.001462,172.31.46.0-255,66,123772,53,181796
22609,0.001482,172.217.194.0-255,2902,126674,53,181796
22610,0.001485,172.31.46.0-255,66,126740,53,181796
22611,0.001533,172.31.46.0-255,66,126806,53,181796
22612,0.001552,172.217.194.0-255,4320,131126,53,181796
22613,0.001554,172.31.46.0-255,66,131192,53,181796
22614,0.001567,172.31.46.0-255,66,131258,53,181796
22615,0.001584,172.31.46.0-255,66,131324,53,181796
22616,0.001605,172.31.46.0-255,66,131390,53,181796
22617,0.001616,172.217.194.0-255,1484,132874,53,181796
22618,0.001619,172.217.194.0-255,2902,135776,53,181796
22619,0.001625,172.217.194.0-255,5738,141514,53,181796
22620,0.001642,172.217.194.0-255,1484,142998,53,181796
22621,0.001653,172.31.46.0-255,66,143064,53,181796
22622,0.001696,172.217.194.0-255,766,143830,53,181796
22623,0.001705,172.31.46.0-255,66,143896,53,181796
22624,0.001748,172.217.194.0-255,1484,145380,53,181796
22625,0.001751,172.217.194.0-255,1484,146864,53,181796
22626,0.001762,172.31.46.0-255,66,146930,53,181796
22627,0.001768,172.217.194.0-255,2902,149832,53,181796
22628,0.001771,172.217.194.0-255,1484,151316,53,181796
22629,0.00179,172.31.46.0-255,66,151382,53,181796
22630,0.001797,172.217.194.0-255,5738,157120,53,181796
22631,0.001804,172.217.194.0-255,7156,164276,53,181796
22632,0.001809,172.31.46.0-255,66,164342,53,181796
22633,0.00183,172.217.194.0-255,5020,169362,53,181796
22634,0.001851,172.217.194.0-255,1484,170846,53,181796
22635,0.001861,172.31.46.0-255,66,170912,53,181796
22636,0.001915,172.31.46.0-255,66,170978,53,181796
22637,0.001936,172.217.194.0-255,7156,178134,53,181796
22638,0.001965,172.217.194.0-255,105,178239,53,181796
22639,0.001977,172.31.46.0-255,66,178305,53,181796
22640,0.00445,172.31.46.0-255,105,178410,53,181796
22641,0.006802,172.217.194.0-255,66,178476,53,181796
22642,0.029884,172.31.46.0-255,167,178643,53,181796
22643,0.029918,172.31.46.0-255,1112,179755,53,181796
22644,0.029983,172.31.46.0-255,1514,181269,53,181796
22645,0.029985,172.31.46.0-255,329,181598,53,181796
22646,0.031473,104.244.42.0-255,66,181664,53,181796
22647,0.031501,104.244.42.0-255,66,181730,53,181796
22648,0.031544,104.244.42.0-255,66,181796,53,181796
22649,0.0,172.217.194.0-255,152,152,53,182180
22650,1.5e-05,172.31.46.0-255,66,218,53,182180
22651,2.1e-05,172.217.194.0-255,1484,1702,53,182180
22652,2.6e-05,172.31.46.0-255,66,1768,53,182180
22653,3.3e-05,172.217.194.0-255,2902,4670,53,182180
22654,4.3e-05,172.31.46.0-255,66,4736,53,182180
22655,5.1e-05,172.217.194.0-255,7156,11892,53,182180
22656,5.5e-05,172.31.46.0-255,66,11958,53,182180
22657,5.9e-05,172.217.194.0-255,1938,13896,53,182180
22658,6.2e-05,172.31.46.0-255,66,13962,53,182180
22659,0.000115,172.217.194.0-255,1484,15446,53,182180
22660,0.000118,172.31.46.0-255,66,15512,53,182180
22661,0.000148,172.217.194.0-255,2902,18414,53,182180
22662,0.000151,172.31.46.0-255,66,18480,53,182180
22663,0.000159,172.217.194.0-255,5738,24218,53,182180
22664,0.000167,172.31.46.0-255,66,24284,53,182180
22665,0.000174,172.217.194.0-255,5738,30022,53,182180
22666,0.000176,172.31.46.0-255,66,30088,53,182180
22667,0.000179,172.217.194.0-255,1125,31213,53,182180
22668,0.000181,172.31.46.0-255,66,31279,53,182180
22669,0.000229,172.217.194.0-255,1484,32763,53,182180
22670,0.000233,172.31.46.0-255,66,32829,53,182180
22671,0.000264,172.217.194.0-255,4320,37149,53,182180
22672,0.000267,172.31.46.0-255,66,37215,53,182180
22673,0.000275,172.217.194.0-255,7156,44371,53,182180
22674,0.000277,172.31.46.0-255,66,44437,53,182180
22675,0.000353,172.31.46.0-255,66,44503,53,182180
22676,0.000355,172.217.194.0-255,1484,45987,53,182180
22677,0.000358,172.31.46.0-255,66,46053,53,182180
22678,0.000363,172.217.194.0-255,3155,49208,53,182180
22679,0.00037,172.31.46.0-255,66,49274,53,182180
22680,0.000376,172.217.194.0-255,4320,53594,53,182180
22681,0.000378,172.31.46.0-255,66,53660,53,182180
22682,0.000412,172.217.194.0-255,7156,60816,53,182180
22683,0.000415,172.31.46.0-255,66,60882,53,182180
22684,0.000458,172.31.46.0-255,66,60948,53,182180
22685,0.000465,172.217.194.0-255,7156,68104,53,182180
22686,0.000467,172.31.46.0-255,66,68170,53,182180
22687,0.000517,172.217.194.0-255,6797,74967,53,182180
22688,0.00052,172.31.46.0-255,66,75033,53,182180
22689,0.001092,172.217.194.0-255,1484,76517,53,182180
22690,0.0011,172.217.194.0-255,2902,79419,53,182180
22691,0.001104,172.31.46.0-255,66,79485,53,182180
22692,0.001139,172.217.194.0-255,4320,83805,53,182180
22693,0.001144,172.31.46.0-255,66,83871,53,182180
22694,0.001155,172.31.46.0-255,66,83937,53,182180
22695,0.001164,172.217.194.0-255,2902,86839,53,182180
22696,0.001166,172.31.46.0-255,66,86905,53,182180
22697,0.001203,172.31.46.0-255,66,86971,53,182180
22698,0.001324,172.217.194.0-255,1484,88455,53,182180
22699,0.001329,172.217.194.0-255,1484,89939,53,182180
22700,0.001333,172.31.46.0-255,66,90005,53,182180
22701,0.001352,172.217.194.0-255,1484,91489,53,182180
22702,0.001359,172.217.194.0-255,5738,97227,53,182180
22703,0.001365,172.217.194.0-255,5738,102965,53,182180
22704,0.00137,172.31.46.0-255,66,103031,53,182180
22705,0.001373,172.31.46.0-255,66,103097,53,182180
22706,0.001395,172.217.194.0-255,1484,104581,53,182180
22707,0.001411,172.31.46.0-255,66,104647,53,182180
22708,0.001451,172.31.46.0-255,66,104713,53,182180
22709,0.001465,172.31.46.0-255,66,104779,53,182180
22710,0.001526,172.217.194.0-255,5738,110517,53,182180
22711,0.001542,172.217.194.0-255,7156,117673,53,182180
22712,0.001545,172.217.194.0-255,1484,119157,53,182180
22713,0.001548,172.31.46.0-255,66,119223,53,182180
22714,0.001554,172.31.46.0-255,66,119289,53,182180
22715,0.001599,172.217.194.0-255,6438,125727,53,182180
22716,0.001828,172.217.194.0-255,1484,127211,53,182180
22717,0.001836,172.217.194.0-255,2902,130113,53,182180
22718,0.001858,172.217.194.0-255,5738,135851,53,182180
22719,0.001861,172.217.194.0-255,1484,137335,53,182180
22720,0.001903,172.217.194.0-255,1484,138819,53,182180
22721,0.00191,172.217.194.0-255,7156,145975,53,182180
22722,0.001938,172.217.194.0-255,7156,153131,53,182180
22723,0.00204,172.217.194.0-255,5020,158151,53,182180
22724,0.002059,172.217.194.0-255,7156,165307,53,182180
22725,0.00214,172.217.194.0-255,7156,172463,53,182180
22726,0.002157,172.217.194.0-255,1484,173947,53,182180
22727,0.002189,172.217.194.0-255,3602,177549,53,182180
22728,0.002225,172.217.194.0-255,105,177654,53,182180
22729,0.006022,172.31.46.0-255,66,177720,53,182180
22730,0.008113,172.31.46.0-255,105,177825,53,182180
22731,0.010322,172.217.194.0-255,66,177891,53,182180
22732,0.033757,172.31.46.0-255,172,178063,53,182180
22733,0.033794,172.31.46.0-255,1107,179170,53,182180
22734,0.033852,172.31.46.0-255,1514,180684,53,182180
22735,0.033854,172.31.46.0-255,1298,181982,53,182180
22736,0.035315,104.244.42.0-255,66,182048,53,182180
22737,0.035499,104.244.42.0-255,66,182114,53,182180
22738,0.035522,104.244.42.0-255,66,182180,53,182180
22739,0.0,74.125.68.0-255,146,146,53,331270
22740,2.3e-05,172.31.46.0-255,66,212,53,331270
22741,3.1e-05,74.125.68.0-255,1484,1696,53,331270
22742,3.5e-05,172.31.46.0-255,66,1762,53,331270
22743,4e-05,74.125.68.0-255,2902,4664,53,331270
22744,4.4e-05,172.31.46.0-255,66,4730,53,331270
22745,5.1e-05,74.125.68.0-255,5738,10468,53,331270
22746,5.5e-05,172.31.46.0-255,66,10534,53,331270
22747,6e-05,74.125.68.0-255,3529,14063,53,331270
22748,6.3e-05,172.31.46.0-255,66,14129,53,331270
22749,6.7e-05,74.125.68.0-255,1484,15613,53,331270
22750,7e-05,172.31.46.0-255,66,15679,53,331270
22751,9.2e-05,74.125.68.0-255,2902,18581,53,331270
22752,9.5e-05,172.31.46.0-255,66,18647,53,331270
22753,0.000133,172.31.46.0-255,66,18713,53,331270
22754,0.000137,74.125.68.0-255,2543,21256,53,331270
22755,0.000139,172.31.46.0-255,66,21322,53,331270
22756,0.000212,74.125.68.0-255,1484,22806,53,331270
22757,0.000215,172.31.46.0-255,66,22872,53,331270
22758,0.000219,74.125.68.0-255,1484,24356,53,331270
22759,0.000221,172.31.46.0-255,66,24422,53,331270
22760,0.000234,74.125.68.0-255,1484,25906,53,331270
22761,0.000237,172.31.46.0-255,66,25972,53,331270
22762,0.000244,74.125.68.0-255,5738,31710,53,331270
22763,0.000247,172.31.46.0-255,66,31776,53,331270
22764,0.00027,74.125.68.0-255,2902,34678,53,331270
22765,0.000273,172.31.46.0-255,66,34744,53,331270
22766,0.000303,172.31.46.0-255,66,34810,53,331270
22767,0.000309,74.125.68.0-255,5738,40548,53,331270
22768,0.000312,172.31.46.0-255,66,40614,53,331270
22769,0.000332,74.125.68.0-255,6438,47052,53,331270
22770,0.000336,74.125.68.0-255,355,47407,53,331270
22771,0.000377,74.125.68.0-255,387,47794,53,331270
22772,0.000456,172.31.46.0-255,66,47860,53,331270
22773,0.000535,74.125.68.0-255,1484,49344,53,331270
22774,0.000541,74.125.68.0-255,2902,52246,53,331270
22775,0.000544,74.125.68.0-255,1484,53730,53,331270
22776,0.00056,74.125.68.0-255,4320,58050,53,331270
22777,0.000569,172.31.46.0-255,66,58116,53,331270
22778,0.00058,74.125.68.0-255,5738,63854,53,331270
22779,0.000593,74.125.68.0-255,2902,66756,53,331270
22780,0.000598,74.125.68.0-255,4320,71076,53,331270
22781,0.0006,172.31.46.0-255,66,71142,53,331270
22782,0.00061,74.125.68.0-255,5738,76880,53,331270
22783,0.000627,74.125.68.0-255,5020,81900,53,331270
22784,0.000651,172.31.46.0-255,66,81966,53,331270
22785,0.000687,74.125.68.0-255,1484,83450,53,331270
22786,0.000703,74.125.68.0-255,2902,86352,53,331270
22787,0.000726,74.125.68.0-255,5738,92090,53,331270
22788,0.000733,172.31.46.0-255,66,92156,53,331270
22789,0.000753,74.125.68.0-255,7156,99312,53,331270
22790,0.000777,74.125.68.0-255,4320,103632,53,331270
22791,0.000781,172.31.46.0-255,66,103698,53,331270
22792,0.000786,172.31.46.0-255,66,103764,53,331270
22793,0.00083,172.31.46.0-255,66,103830,53,331270
22794,0.000836,74.125.68.0-255,3602,107432,53,331270
22795,0.000846,172.31.46.0-255,66,107498,53,331270
22796,0.000875,74.125.68.0-255,1484,108982,53,331270
22797,0.000888,74.125.68.0-255,2902,111884,53,331270
22798,0.000903,74.125.68.0-255,2902,114786,53,331270
22799,0.000915,74.125.68.0-255,2902,117688,53,331270
22800,0.000924,172.31.46.0-255,66,117754,53,331270
22801,0.000936,74.125.68.0-255,7156,124910,53,331270
22802,0.00094,172.31.46.0-255,66,124976,53,331270
22803,0.000948,74.125.68.0-255,1484,126460,53,331270
22804,0.000979,172.31.46.0-255,66,126526,53,331270
22805,0.000987,74.125.68.0-255,1484,128010,53,331270
22806,0.000992,74.125.68.0-255,5020,133030,53,331270
22807,0.001032,172.31.46.0-255,66,133096,53,331270
22808,0.001104,74.125.68.0-255,1484,134580,53,331270
22809,0.001127,74.125.68.0-255,2902,137482,53,331270
22810,0.001131,74.125.68.0-255,1484,138966,53,331270
22811,0.001135,74.125.68.0-255,2902,141868,53,331270
22812,0.001149,172.31.46.0-255,66,141934,53,331270
22813,0.001163,74.125.68.0-255,5738,147672,53,331270
22814,0.001202,172.31.46.0-255,66,147738,53,331270
22815,0.001207,172.31.46.0-255,66,147804,53,331270
22816,0.001232,74.125.68.0-255,1484,149288,53,331270
22817,0.001247,74.125.68.0-255,5738,155026,53,331270
22818,0.001252,172.31.46.0-255,66,155092,53,331270
22819,0.001267,74.125.68.0-255,2184,157276,53,331270
22820,0.001286,172.31.46.0-255,66,157342,53,331270
22821,0.001328,74.125.68.0-255,1484,158826,53,331270
22822,0.001343,74.125.68.0-255,2902,161728,53,331270
22823,0.001349,172.31.46.0-255,66,161794,53,331270
22824,0.001365,74.125.68.0-255,5738,167532,53,331270
22825,0.00138,172.31.46.0-255,66,167598,53,331270
22826,0.001387,74.125.68.0-255,4320,171918,53,331270
22827,0.001392,172.31.46.0-255,66,171984,53,331270
22828,0.001401,74.125.68.0-255,4320,176304,53,331270
22829,0.001412,74.125.68.0-255,1484,177788,53,331270
22830,0.001438,74.125.68.0-255,2902,180690,53,331270
22831,0.00145,74.125.68.0-255,2184,182874,53,331270
22832,0.001462,172.31.46.0-255,66,182940,53,331270
22833,0.001654,74.125.68.0-255,1484,184424,53,331270
22834,0.001667,74.125.68.0-255,2902,187326,53,331270
22835,0.001687,74.125.68.0-255,5738,193064,53,331270
22836,0.001692,74.125.68.0-255,2902,195966,53,331270
22837,0.001699,172.31.46.0-255,66,196032,53,331270
22838,0.001715,74.125.68.0-255,4320,200352,53,331270
22839,0.00172,172.31.46.0-255,66,200418,53,331270
22840,0.00173,74.125.68.0-255,2902,203320,53,331270
22841,0.001747,74.125.68.0-255,5738,209058,53,331270
22842,0.001752,74.125.68.0-255,4320,213378,53,331270
22843,0.001766,74.125.68.0-255,1484,214862,53,331270
22844,0.001773,172.31.46.0-255,66,214928,53,331270
22845,0.001795,74.125.68.0-255,3602,218530,53,331270
22846,0.001804,172.31.46.0-255,66,218596,53,331270
22847,0.001812,74.125.68.0-255,2902,221498,53,331270
22848,0.001818,74.125.68.0-255,4320,225818,53,331270
22849,0.001823,172.31.46.0-255,66,225884,53,331270
22850,0.001834,74.125.68.0-255,2902,228786,53,331270
22851,0.001849,172.31.46.0-255,66,228852,53,331270
22852,0.001868,74.125.68.0-255,5738,234590,53,331270
22853,0.001875,74.125.68.0-255,4320,238910,53,331270
22854,0.0019,172.31.46.0-255,66,238976,53,331270
22855,0.001912,74.125.68.0-255,4320,243296,53,331270
22856,0.001917,172.31.46.0-255,66,243362,53,331270
22857,0.001942,74.125.68.0-255,1484,244846,53,331270
22858,0.001953,74.125.68.0-255,1484,246330,53,331270
22859,0.001958,74.125.68.0-255,2902,249232,53,331270
22860,0.001972,74.125.68.0-255,1484,250716,53,331270
22861,0.001981,172.31.46.0-255,66,250782,53,331270
22862,0.001987,74.125.68.0-255,4320,255102,53,331270
22863,0.001992,172.31.46.0-255,66,255168,53,331270
22864,0.002007,74.125.68.0-255,4320,259488,53,331270
22865,0.002013,74.125.68.0-255,4320,263808,53,331270
22866,0.002029,172.31.46.0-255,66,263874,53,331270
22867,0.002063,74.125.68.0-255,7156,271030,53,331270
22868,0.002069,172.31.46.0-255,66,271096,53,331270
22869,0.002081,74.125.68.0-255,6438,277534,53,331270
22870,0.002097,74.125.68.0-255,1484,279018,53,331270
22871,0.002113,74.125.68.0-255,5738,284756,53,331270
22872,0.002115,74.125.68.0-255,1484,286240,53,331270
22873,0.002119,172.31.46.0-255,66,286306,53,331270
22874,0.002124,172.31.46.0-255,66,286372,53,331270
22875,0.002135,74.125.68.0-255,1484,287856,53,331270
22876,0.002138,74.125.68.0-255,1484,289340,53,331270
22877,0.002141,74.125.68.0-255,1484,290824,53,331270
22878,0.002147,74.125.68.0-255,4320,295144,53,331270
22879,0.00215,74.125.68.0-255,1484,296628,53,331270
22880,0.002193,172.31.46.0-255,66,296694,53,331270
22881,0.002223,74.125.68.0-255,2902,299596,53,331270
22882,0.002226,74.125.68.0-255,1484,301080,53,331270
22883,0.002229,74.125.68.0-255,1484,302564,53,331270
22884,0.002231,74.125.68.0-255,766,303330,53,331270
22885,0.002237,74.125.68.0-255,4320,307650,53,331270
22886,0.002247,172.31.46.0-255,66,307716,53,331270
22887,0.002257,74.125.68.0-255,4320,312036,53,331270
22888,0.00227,74.125.68.0-255,2902,314938,53,331270
22889,0.002272,74.125.68.0-255,1484,316422,53,331270
22890,0.002275,172.31.46.0-255,66,316488,53,331270
22891,0.002293,74.125.68.0-255,1484,317972,53,331270
22892,0.002296,74.125.68.0-255,1484,319456,53,331270
22893,0.002302,74.125.68.0-255,5738,325194,53,331270
22894,0.002314,74.125.68.0-255,1268,326462,53,331270
22895,0.002316,74.125.68.0-255,97,326559,53,331270
22896,0.002319,172.31.46.0-255,66,326625,53,331270
22897,0.002379,74.125.68.0-255,105,326730,53,331270
22898,0.004671,172.31.46.0-255,66,326796,53,331270
22899,0.00472,172.31.46.0-255,105,326901,53,331270
22900,0.006731,74.125.68.0-255,66,326967,53,331270
22901,0.031715,172.31.46.0-255,188,327155,53,331270
22902,0.031749,172.31.46.0-255,953,328108,53,331270
22903,0.031812,172.31.46.0-255,1514,329622,53,331270
22904,0.031814,172.31.46.0-255,1450,331072,53,331270
22905,0.033294,104.244.42.0-255,66,331138,53,331270
22906,0.033326,104.244.42.0-255,66,331204,53,331270
22907,0.033377,104.244.42.0-255,66,331270,53,331270
22908,0.0,104.244.42.0-255,66,66,53,66
22909,0.0,74.125.68.0-255,146,146,53,366913
22910,2.3e-05,172.31.46.0-255,66,212,53,366913
22911,3e-05,74.125.68.0-255,1484,1696,53,366913
22912,3.5e-05,172.31.46.0-255,66,1762,53,366913
22913,6.6e-05,74.125.68.0-255,2902,4664,53,366913
22914,6.9e-05,172.31.46.0-255,66,4730,53,366913
22915,0.000102,74.125.68.0-255,1484,6214,53,366913
22916,0.000105,172.31.46.0-255,66,6280,53,366913
22917,0.00011,74.125.68.0-255,2902,9182,53,366913
22918,0.000112,172.31.46.0-255,66,9248,53,366913
22919,0.000142,74.125.68.0-255,4967,14215,53,366913
22920,0.000145,172.31.46.0-255,66,14281,53,366913
22921,0.000182,74.125.68.0-255,1484,15765,53,366913
22922,0.000184,172.31.46.0-255,66,15831,53,366913
22923,0.00019,74.125.68.0-255,2902,18733,53,366913
22924,0.000192,172.31.46.0-255,66,18799,53,366913
22925,0.000207,74.125.68.0-255,2902,21701,53,366913
22926,0.000214,172.31.46.0-255,66,21767,53,366913
22927,0.00024,74.125.68.0-255,2902,24669,53,366913
22928,0.000243,172.31.46.0-255,66,24735,53,366913
22929,0.00025,74.125.68.0-255,6797,31532,53,366913
22930,0.000253,172.31.46.0-255,66,31598,53,366913
22931,0.000287,74.125.68.0-255,7156,38754,53,366913
22932,0.00029,172.31.46.0-255,66,38820,53,366913
22933,0.000293,74.125.68.0-255,1484,40304,53,366913
22934,0.000295,172.31.46.0-255,66,40370,53,366913
22935,0.000346,172.31.46.0-255,66,40436,53,366913
22936,0.000534,74.125.68.0-255,1484,41920,53,366913
22937,0.000539,172.31.46.0-255,66,41986,53,366913
22938,0.000545,74.125.68.0-255,2902,44888,53,366913
22939,0.000547,172.31.46.0-255,66,44954,53,366913
22940,0.000578,74.125.68.0-255,1484,46438,53,366913
22941,0.000581,172.31.46.0-255,66,46504,53,366913
22942,0.000609,74.125.68.0-255,4320,50824,53,366913
22943,0.000612,172.31.46.0-255,66,50890,53,366913
22944,0.000619,74.125.68.0-255,6797,57687,53,366913
22945,0.000622,172.31.46.0-255,66,57753,53,366913
22946,0.000652,74.125.68.0-255,1484,59237,53,366913
22947,0.000655,172.31.46.0-255,66,59303,53,366913
22948,0.000673,74.125.68.0-255,2902,62205,53,366913
22949,0.000675,172.31.46.0-255,66,62271,53,366913
22950,0.000705,74.125.68.0-255,5738,68009,53,366913
22951,0.000709,172.31.46.0-255,66,68075,53,366913
22952,0.000716,74.125.68.0-255,6797,74872,53,366913
22953,0.000718,172.31.46.0-255,66,74938,53,366913
22954,0.000926,74.125.68.0-255,1484,76422,53,366913
22955,0.00093,172.31.46.0-255,66,76488,53,366913
22956,0.000933,74.125.68.0-255,1484,77972,53,366913
22957,0.000937,74.125.68.0-255,1484,79456,53,366913
22958,0.000956,74.125.68.0-255,1484,80940,53,366913
22959,0.000962,74.125.68.0-255,5738,86678,53,366913
22960,0.000966,172.31.46.0-255,66,86744,53,366913
22961,0.000989,74.125.68.0-255,4320,91064,53,366913
22962,0.001002,172.31.46.0-255,66,91130,53,366913
22963,0.001005,74.125.68.0-255,1125,92255,53,366913
22964,0.001188,74.125.68.0-255,1484,93739,53,366913
22965,0.001192,172.31.46.0-255,66,93805,53,366913
22966,0.001195,74.125.68.0-255,1484,95289,53,366913
22967,0.001214,74.125.68.0-255,1484,96773,53,366913
22968,0.001219,74.125.68.0-255,4320,101093,53,366913
22969,0.001224,172.31.46.0-255,66,101159,53,366913
22970,0.001232,74.125.68.0-255,1484,102643,53,366913
22971,0.001288,172.31.46.0-255,66,102709,53,366913
22972,0.001306,74.125.68.0-255,1484,104193,53,366913
22973,0.001319,74.125.68.0-255,2184,106377,53,366913
22974,0.001322,74.125.68.0-255,2902,109279,53,366913
22975,0.001329,172.31.46.0-255,66,109345,53,366913
22976,0.00135,74.125.68.0-255,7156,116501,53,366913
22977,0.001356,74.125.68.0-255,5738,122239,53,366913
22978,0.001366,172.31.46.0-255,66,122305,53,366913
22979,0.001391,74.125.68.0-255,1125,123430,53,366913
22980,0.001932,172.31.46.0-255,66,123496,53,366913
22981,0.002125,74.125.68.0-255,1484,124980,53,366913
22982,0.00213,172.31.46.0-255,66,125046,53,366913
22983,0.002137,74.125.68.0-255,2902,127948,53,366913
22984,0.00214,172.31.46.0-255,66,128014,53,366913
22985,0.002146,74.125.68.0-255,5738,133752,53,366913
22986,0.002147,172.31.46.0-255,66,133818,53,366913
22987,0.002156,74.125.68.0-255,2902,136720,53,366913
22988,0.002158,172.31.46.0-255,66,136786,53,366913
22989,0.002192,74.125.68.0-255,4320,141106,53,366913
22990,0.00222,74.125.68.0-255,4320,145426,53,366913
22991,0.002253,74.125.68.0-255,1484,146910,53,366913
22992,0.002268,74.125.68.0-255,2902,149812,53,366913
22993,0.002282,74.125.68.0-255,5738,155550,53,366913
22994,0.002298,74.125.68.0-255,1484,157034,53,366913
22995,0.002308,74.125.68.0-255,766,157800,53,366913
22996,0.002578,74.125.68.0-255,1484,159284,53,366913
22997,0.002591,74.125.68.0-255,1484,160768,53,366913
22998,0.007796,172.31.46.0-255,66,160834,53,366913
22999,0.010389,74.125.68.0-255,5738,166572,53,366913
23000,0.010398,172.31.46.0-255,66,166638,53,366913
23001,0.012992,74.125.68.0-255,5738,172376,53,366913
23002,0.013007,172.31.46.0-255,66,172442,53,366913
23003,0.015605,74.125.68.0-255,5738,178180,53,366913
23004,0.015615,172.31.46.0-255,66,178246,53,366913
23005,0.018201,74.125.68.0-255,5738,183984,53,366913
23006,0.018218,172.31.46.0-255,66,184050,53,366913
23007,0.020819,74.125.68.0-255,5738,189788,53,366913
23008,0.020831,172.31.46.0-255,66,189854,53,366913
23009,0.023421,74.125.68.0-255,5738,195592,53,366913
23010,0.023433,172.31.46.0-255,66,195658,53,366913
23011,0.026033,74.125.68.0-255,5738,201396,53,366913
23012,0.026049,172.31.46.0-255,66,201462,53,366913
23013,0.028652,74.125.68.0-255,5738,207200,53,366913
23014,0.028669,172.31.46.0-255,66,207266,53,366913
23015,0.031261,74.125.68.0-255,5738,213004,53,366913
23016,0.031273,172.31.46.0-255,66,213070,53,366913
23017,0.032692,172.31.46.0-255,176,213246,53,366913
23018,0.032729,172.31.46.0-255,1112,214358,53,366913
23019,0.032789,172.31.46.0-255,1514,215872,53,366913
23020,0.032791,172.31.46.0-255,1291,217163,53,366913
23021,0.033857,74.125.68.0-255,5738,222901,53,366913
23022,0.033867,172.31.46.0-255,66,222967,53,366913
23023,0.034207,104.244.42.0-255,66,223033,53,366913
23024,0.034291,104.244.42.0-255,66,223099,53,366913
23025,0.034346,104.244.42.0-255,66,223165,53,366913
23026,0.036459,74.125.68.0-255,5738,228903,53,366913
23027,0.036467,172.31.46.0-255,66,228969,53,366913
23028,0.039052,74.125.68.0-255,5738,234707,53,366913
23029,0.03906,172.31.46.0-255,66,234773,53,366913
23030,0.041644,74.125.68.0-255,5738,240511,53,366913
23031,0.041655,172.31.46.0-255,66,240577,53,366913
23032,0.044248,74.125.68.0-255,5738,246315,53,366913
23033,0.04426,172.31.46.0-255,66,246381,53,366913
23034,0.04685,74.125.68.0-255,5738,252119,53,366913
23035,0.04686,172.31.46.0-255,66,252185,53,366913
23036,0.04943,74.125.68.0-255,4320,256505,53,366913
23037,0.049436,172.31.46.0-255,66,256571,53,366913
23038,0.049464,74.125.68.0-255,1484,258055,53,366913
23039,0.05202,74.125.68.0-255,4320,262375,53,366913
23040,0.052026,172.31.46.0-255,66,262441,53,366913
23041,0.054612,74.125.68.0-255,5738,268179,53,366913
23042,0.054677,172.31.46.0-255,66,268245,53,366913
23043,0.057275,74.125.68.0-255,5738,273983,53,366913
23044,0.057285,172.31.46.0-255,66,274049,53,366913
23045,0.059924,74.125.68.0-255,5738,279787,53,366913
23046,0.059942,172.31.46.0-255,66,279853,53,366913
23047,0.062562,74.125.68.0-255,5738,285591,53,366913
23048,0.062578,172.31.46.0-255,66,285657,53,366913
23049,0.065183,74.125.68.0-255,5738,291395,53,366913
23050,0.065192,172.31.46.0-255,66,291461,53,366913
23051,0.067768,74.125.68.0-255,5738,297199,53,366913
23052,0.067777,172.31.46.0-255,66,297265,53,366913
23053,0.070383,74.125.68.0-255,5738,303003,53,366913
23054,0.07039,172.31.46.0-255,66,303069,53,366913
23055,0.072972,74.125.68.0-255,5738,308807,53,366913
23056,0.072979,172.31.46.0-255,66,308873,53,366913
23057,0.075573,74.125.68.0-255,5738,314611,53,366913
23058,0.075585,172.31.46.0-255,66,314677,53,366913
23059,0.078175,74.125.68.0-255,5738,320415,53,366913
23060,0.078186,172.31.46.0-255,66,320481,53,366913
23061,0.080785,74.125.68.0-255,5738,326219,53,366913
23062,0.080792,172.31.46.0-255,66,326285,53,366913
23063,0.083369,74.125.68.0-255,5738,332023,53,366913
23064,0.083376,172.31.46.0-255,66,332089,53,366913
23065,0.085962,74.125.68.0-255,5738,337827,53,366913
23066,0.085969,172.31.46.0-255,66,337893,53,366913
23067,0.088556,74.125.68.0-255,5738,343631,53,366913
23068,0.088564,172.31.46.0-255,66,343697,53,366913
23069,0.091146,74.125.68.0-255,5738,349435,53,366913
23070,0.091157,172.31.46.0-255,66,349501,53,366913
23071,0.093745,74.125.68.0-255,5738,355239,53,366913
23072,0.093754,172.31.46.0-255,66,355305,53,366913
23073,0.096338,74.125.68.0-255,5738,361043,53,366913
23074,0.096349,172.31.46.0-255,66,361109,53,366913
23075,0.098949,74.125.68.0-255,5738,366847,53,366913
23076,0.098957,172.31.46.0-255,66,366913,53,366913
23077,0.0,172.217.194.0-255,147,147,53,206182
23078,1.5e-05,172.31.46.0-255,66,213,53,206182
23079,2.2e-05,172.217.194.0-255,1484,1697,53,206182
23080,2.7e-05,172.31.46.0-255,66,1763,53,206182
23081,3.3e-05,172.217.194.0-255,2902,4665,53,206182
23082,4.3e-05,172.31.46.0-255,66,4731,53,206182
23083,5.1e-05,172.217.194.0-255,7156,11887,53,206182
23084,5.4e-05,172.31.46.0-255,66,11953,53,206182
23085,5.8e-05,172.217.194.0-255,1484,13437,53,206182
23086,6e-05,172.31.46.0-255,66,13503,53,206182
23087,0.000116,172.31.46.0-255,66,13569,53,206182
23088,0.000121,172.217.194.0-255,2543,16112,53,206182
23089,0.000123,172.31.46.0-255,66,16178,53,206182
23090,0.000126,172.217.194.0-255,1484,17662,53,206182
23091,0.000128,172.31.46.0-255,66,17728,53,206182
23092,0.000138,172.217.194.0-255,2902,20630,53,206182
23093,0.00014,172.31.46.0-255,66,20696,53,206182
23094,0.000146,172.217.194.0-255,4320,25016,53,206182
23095,0.000148,172.31.46.0-255,66,25082,53,206182
23096,0.00017,172.217.194.0-255,1484,26566,53,206182
23097,0.000172,172.31.46.0-255,66,26632,53,206182
23098,0.00018,172.217.194.0-255,5738,32370,53,206182
23099,0.000187,172.31.46.0-255,66,32436,53,206182
23100,0.000222,172.31.46.0-255,66,32502,53,206182
23101,0.000227,172.217.194.0-255,2902,35404,53,206182
23102,0.000229,172.31.46.0-255,66,35470,53,206182
23103,0.000261,172.217.194.0-255,7120,42590,53,206182
23104,0.000264,172.31.46.0-255,66,42656,53,206182
23105,0.000271,172.217.194.0-255,4320,46976,53,206182
23106,0.000273,172.31.46.0-255,66,47042,53,206182
23107,0.000301,172.217.194.0-255,5738,52780,53,206182
23108,0.000304,172.31.46.0-255,66,52846,53,206182
23109,0.000315,172.217.194.0-255,6514,59360,53,206182
23110,0.000317,172.31.46.0-255,66,59426,53,206182
23111,0.000619,172.217.194.0-255,1484,60910,53,206182
23112,0.000625,172.217.194.0-255,2902,63812,53,206182
23113,0.000629,172.31.46.0-255,66,63878,53,206182
23114,0.000633,172.217.194.0-255,1484,65362,53,206182
23115,0.000661,172.217.194.0-255,4320,69682,53,206182
23116,0.000676,172.217.194.0-255,2902,72584,53,206182
23117,0.000681,172.31.46.0-255,66,72650,53,206182
23118,0.000688,172.31.46.0-255,66,72716,53,206182
23119,0.00069,172.31.46.0-255,66,72782,53,206182
23120,0.000707,172.31.46.0-255,66,72848,53,206182
23121,0.000918,172.217.194.0-255,1484,74332,53,206182
23122,0.000925,172.217.194.0-255,2902,77234,53,206182
23123,0.00093,172.31.46.0-255,66,77300,53,206182
23124,0.000936,172.217.194.0-255,2902,80202,53,206182
23125,0.000938,172.31.46.0-255,66,80268,53,206182
23126,0.000976,172.217.194.0-255,2902,83170,53,206182
23127,0.000978,172.31.46.0-255,66,83236,53,206182
23128,0.000998,172.31.46.0-255,66,83302,53,206182
23129,0.00101,172.31.46.0-255,66,83368,53,206182
23130,0.001075,172.217.194.0-255,1484,84852,53,206182
23131,0.001081,172.217.194.0-255,2902,87754,53,206182
23132,0.001084,172.31.46.0-255,66,87820,53,206182
23133,0.001115,172.217.194.0-255,5738,93558,53,206182
23134,0.001118,172.31.46.0-255,66,93624,53,206182
23135,0.001133,172.31.46.0-255,66,93690,53,206182
23136,0.001142,172.217.194.0-255,2902,96592,53,206182
23137,0.001144,172.31.46.0-255,66,96658,53,206182
23138,0.001172,172.217.194.0-255,7156,103814,53,206182
23139,0.001175,172.31.46.0-255,66,103880,53,206182
23140,0.001178,172.217.194.0-255,1484,105364,53,206182
23141,0.001201,172.217.194.0-255,766,106130,53,206182
23142,0.001203,172.31.46.0-255,66,106196,53,206182
23143,0.001208,172.217.194.0-255,2902,109098,53,206182
23144,0.001211,172.31.46.0-255,66,109164,53,206182
23145,0.00126,172.217.194.0-255,7156,116320,53,206182
23146,0.001264,172.31.46.0-255,66,116386,53,206182
23147,0.001271,172.217.194.0-255,7156,123542,53,206182
23148,0.001274,172.31.46.0-255,66,123608,53,206182
23149,0.001291,172.31.46.0-255,66,123674,53,206182
23150,0.001323,172.217.194.0-255,6438,130112,53,206182
23151,0.001326,172.31.46.0-255,66,130178,53,206182
23152,0.001348,172.31.46.0-255,66,130244,53,206182
23153,0.001355,172.217.194.0-255,7156,137400,53,206182
23154,0.001358,172.31.46.0-255,66,137466,53,206182
23155,0.001391,172.217.194.0-255,6438,143904,53,206182
23156,0.001394,172.31.46.0-255,66,143970,53,206182
23157,0.001493,172.217.194.0-255,1484,145454,53,206182
23158,0.001503,172.217.194.0-255,1484,146938,53,206182
23159,0.001506,172.31.46.0-255,66,147004,53,206182
23160,0.001535,172.217.194.0-255,1484,148488,53,206182
23161,0.001542,172.217.194.0-255,5738,154226,53,206182
23162,0.001544,172.31.46.0-255,66,154292,53,206182
23163,0.001558,172.31.46.0-255,66,154358,53,206182
23164,0.001574,172.217.194.0-255,766,155124,53,206182
23165,0.001913,172.217.194.0-255,1484,156608,53,206182
23166,0.001919,172.217.194.0-255,2902,159510,53,206182
23167,0.001922,172.217.194.0-255,1484,160994,53,206182
23168,0.001939,172.217.194.0-255,4320,165314,53,206182
23169,0.001941,172.217.194.0-255,1484,166798,53,206182
23170,0.001973,172.217.194.0-255,5738,172536,53,206182
23171,0.001997,172.217.194.0-255,6438,178974,53,206182
23172,0.002004,172.217.194.0-255,7156,186130,53,206182
23173,0.00209,172.217.194.0-255,5020,191150,53,206182
23174,0.002092,172.217.194.0-255,1484,192634,53,206182
23175,0.002139,172.217.194.0-255,5120,197754,53,206182
23176,0.002169,172.217.194.0-255,105,197859,53,206182
23177,0.006632,172.31.46.0-255,66,197925,53,206182
23178,0.009043,172.31.46.0-255,105,198030,53,206182
23179,0.011289,172.217.194.0-255,66,198096,53,206182
23180,0.029758,172.31.46.0-255,172,198268,53,206182
23181,0.029787,172.31.46.0-255,1112,199380,53,206182
23182,0.029842,172.31.46.0-255,1514,200894,53,206182
23183,0.029844,172.31.46.0-255,1514,202408,53,206182
23184,0.029848,172.31.46.0-255,1514,203922,53,206182
23185,0.029849,172.31.46.0-255,1514,205436,53,206182
23186,0.029871,172.31.46.0-255,482,205918,53,206182
23187,0.031285,104.244.42.0-255,66,205984,53,206182
23188,0.031316,104.244.42.0-255,66,206050,53,206182
23189,0.031399,104.244.42.0-255,66,206116,53,206182
23190,0.031413,104.244.42.0-255,66,206182,53,206182
23191,0.0,172.217.27.0-255,151,151,53,360968
23192,2.2e-05,172.31.46.0-255,66,217,53,360968
23193,2.9e-05,172.217.27.0-255,1484,1701,53,360968
23194,3.4e-05,172.31.46.0-255,66,1767,53,360968
23195,4.1e-05,172.217.27.0-255,2902,4669,53,360968
23196,4.5e-05,172.31.46.0-255,66,4735,53,360968
23197,5.1e-05,172.217.27.0-255,5738,10473,53,360968
23198,5.4e-05,172.31.46.0-255,66,10539,53,360968
23199,6e-05,172.217.27.0-255,3458,13997,53,360968
23200,6.4e-05,172.31.46.0-255,66,14063,53,360968
23201,0.000288,172.217.27.0-255,1484,15547,53,360968
23202,0.000296,172.31.46.0-255,66,15613,53,360968
23203,0.000302,172.217.27.0-255,2902,18515,53,360968
23204,0.000305,172.31.46.0-255,66,18581,53,360968
23205,0.000311,172.217.27.0-255,5738,24319,53,360968
23206,0.000314,172.31.46.0-255,66,24385,53,360968
23207,0.000361,172.217.27.0-255,6797,31182,53,360968
23208,0.000364,172.31.46.0-255,66,31248,53,360968
23209,0.000374,172.31.46.0-255,66,31314,53,360968
23210,0.000403,172.31.46.0-255,66,31380,53,360968
23211,0.000417,172.217.27.0-255,1484,32864,53,360968
23212,0.00042,172.31.46.0-255,66,32930,53,360968
23213,0.000446,172.217.27.0-255,2902,35832,53,360968
23214,0.000449,172.31.46.0-255,66,35898,53,360968
23215,0.000481,172.31.46.0-255,66,35964,53,360968
23216,0.000485,172.217.27.0-255,2509,38473,53,360968
23217,0.000487,172.31.46.0-255,66,38539,53,360968
23218,0.000777,172.217.27.0-255,113,38652,53,360968
23219,0.000784,172.31.46.0-255,66,38718,53,360968
23220,0.001054,172.217.27.0-255,1484,40202,53,360968
23221,0.001062,172.217.27.0-255,2902,43104,53,360968
23222,0.001065,172.31.46.0-255,66,43170,53,360968
23223,0.001071,172.217.27.0-255,2902,46072,53,360968
23224,0.001073,172.31.46.0-255,66,46138,53,360968
23225,0.001088,172.217.27.0-255,2902,49040,53,360968
23226,0.00109,172.31.46.0-255,66,49106,53,360968
23227,0.001096,172.217.27.0-255,5738,54844,53,360968
23228,0.001098,172.31.46.0-255,66,54910,53,360968
23229,0.001109,172.217.27.0-255,1484,56394,53,360968
23230,0.001121,172.31.46.0-255,66,56460,53,360968
23231,0.001147,172.217.27.0-255,5738,62198,53,360968
23232,0.00115,172.31.46.0-255,66,62264,53,360968
23233,0.001154,172.217.27.0-255,2184,64448,53,360968
23234,0.001156,172.31.46.0-255,66,64514,53,360968
23235,0.0028,172.217.27.0-255,5738,70252,53,360968
23236,0.002807,172.31.46.0-255,66,70318,53,360968
23237,0.004478,172.217.27.0-255,5738,76056,53,360968
23238,0.004482,172.31.46.0-255,66,76122,53,360968
23239,0.00614,172.217.27.0-255,2902,79024,53,360968
23240,0.006144,172.31.46.0-255,66,79090,53,360968
23241,0.00616,172.217.27.0-255,2902,81992,53,360968
23242,0.006162,172.31.46.0-255,66,82058,53,360968
23243,0.007831,172.217.27.0-255,5738,87796,53,360968
23244,0.00784,172.31.46.0-255,66,87862,53,360968
23245,0.009587,172.217.27.0-255,5738,93600,53,360968
23246,0.0096,172.31.46.0-255,66,93666,53,360968
23247,0.011271,172.217.27.0-255,5738,99404,53,360968
23248,0.011284,172.31.46.0-255,66,99470,53,360968
23249,0.012973,172.217.27.0-255,5738,105208,53,360968
23250,0.012984,172.31.46.0-255,66,105274,53,360968
23251,0.01465,172.217.27.0-255,5738,111012,53,360968
23252,0.014659,172.31.46.0-255,66,111078,53,360968
23253,0.016342,172.217.27.0-255,5738,116816,53,360968
23254,0.016353,172.31.46.0-255,66,116882,53,360968
23255,0.018018,172.217.27.0-255,4320,121202,53,360968
23256,0.018026,172.31.46.0-255,66,121268,53,360968
23257,0.018044,172.217.27.0-255,1484,122752,53,360968
23258,0.019712,172.217.27.0-255,4320,127072,53,360968
23259,0.019719,172.31.46.0-255,66,127138,53,360968
23260,0.021383,172.217.27.0-255,5738,132876,53,360968
23261,0.021391,172.31.46.0-255,66,132942,53,360968
23262,0.023057,172.217.27.0-255,5738,138680,53,360968
23263,0.023064,172.31.46.0-255,66,138746,53,360968
23264,0.024526,172.31.46.0-255,172,138918,53,360968
23265,0.024557,172.31.46.0-255,1112,140030,53,360968
23266,0.02462,172.31.46.0-255,1514,141544,53,360968
23267,0.024622,172.31.46.0-255,1514,143058,53,360968
23268,0.024623,172.31.46.0-255,1514,144572,53,360968
23269,0.024624,172.31.46.0-255,110,144682,53,360968
23270,0.024728,172.217.27.0-255,5738,150420,53,360968
23271,0.024733,172.31.46.0-255,66,150486,53,360968
23272,0.026095,104.244.42.0-255,66,150552,53,360968
23273,0.026146,104.244.42.0-255,66,150618,53,360968
23274,0.026202,104.244.42.0-255,66,150684,53,360968
23275,0.026215,104.244.42.0-255,66,150750,53,360968
23276,0.026396,172.217.27.0-255,4320,155070,53,360968
23277,0.026402,172.31.46.0-255,66,155136,53,360968
23278,0.02642,172.217.27.0-255,1484,156620,53,360968
23279,0.028077,172.217.27.0-255,4320,160940,53,360968
23280,0.028084,172.31.46.0-255,66,161006,53,360968
23281,0.029778,172.217.27.0-255,5738,166744,53,360968
23282,0.029785,172.31.46.0-255,66,166810,53,360968
23283,0.03145,172.217.27.0-255,5738,172548,53,360968
23284,0.031457,172.31.46.0-255,66,172614,53,360968
23285,0.033174,172.217.27.0-255,5738,178352,53,360968
23286,0.033182,172.31.46.0-255,66,178418,53,360968
23287,0.034854,172.217.27.0-255,5738,184156,53,360968
23288,0.03486,172.31.46.0-255,66,184222,53,360968
23289,0.036536,172.217.27.0-255,5738,189960,53,360968
23290,0.036541,172.31.46.0-255,66,190026,53,360968
23291,0.038199,172.217.27.0-255,5738,195764,53,360968
23292,0.038206,172.31.46.0-255,66,195830,53,360968
23293,0.0399,172.217.27.0-255,5738,201568,53,360968
23294,0.039907,172.31.46.0-255,66,201634,53,360968
23295,0.041576,172.217.27.0-255,5738,207372,53,360968
23296,0.041583,172.31.46.0-255,66,207438,53,360968
23297,0.04325,172.217.27.0-255,5738,213176,53,360968
23298,0.043256,172.31.46.0-255,66,213242,53,360968
23299,0.044936,172.217.27.0-255,5738,218980,53,360968
23300,0.044943,172.31.46.0-255,66,219046,53,360968
23301,0.046621,172.217.27.0-255,5738,224784,53,360968
23302,0.046628,172.31.46.0-255,66,224850,53,360968
23303,0.048295,172.217.27.0-255,5738,230588,53,360968
23304,0.048302,172.31.46.0-255,66,230654,53,360968
23305,0.049994,172.217.27.0-255,5738,236392,53,360968
23306,0.050002,172.31.46.0-255,66,236458,53,360968
23307,0.05166,172.217.27.0-255,5738,242196,53,360968
23308,0.051666,172.31.46.0-255,66,242262,53,360968
23309,0.053347,172.217.27.0-255,5738,248000,53,360968
23310,0.053353,172.31.46.0-255,66,248066,53,360968
23311,0.055032,172.217.27.0-255,5738,253804,53,360968
23312,0.055039,172.31.46.0-255,66,253870,53,360968
23313,0.056732,172.217.27.0-255,5738,259608,53,360968
23314,0.056739,172.31.46.0-255,66,259674,53,360968
23315,0.058508,172.217.27.0-255,5738,265412,53,360968
23316,0.058515,172.31.46.0-255,66,265478,53,360968
23317,0.060185,172.217.27.0-255,5738,271216,53,360968
23318,0.06019,172.31.46.0-255,66,271282,53,360968
23319,0.061853,172.217.27.0-255,5738,277020,53,360968
23320,0.06186,172.31.46.0-255,66,277086,53,360968
23321,0.063529,172.217.27.0-255,5738,282824,53,360968
23322,0.063538,172.31.46.0-255,66,282890,53,360968
23323,0.065205,172.217.27.0-255,5738,288628,53,360968
23324,0.065212,172.31.46.0-255,66,288694,53,360968
23325,0.066873,172.217.27.0-255,5738,294432,53,360968
23326,0.06688,172.31.46.0-255,66,294498,53,360968
23327,0.068547,172.217.27.0-255,5738,300236,53,360968
23328,0.068554,172.31.46.0-255,66,300302,53,360968
23329,0.070229,172.217.27.0-255,5738,306040,53,360968
23330,0.070236,172.31.46.0-255,66,306106,53,360968
23331,0.071905,172.217.27.0-255,5738,311844,53,360968
23332,0.071911,172.31.46.0-255,66,311910,53,360968
23333,0.073583,172.217.27.0-255,5738,317648,53,360968
23334,0.07359,172.31.46.0-255,66,317714,53,360968
23335,0.075261,172.217.27.0-255,5738,323452,53,360968
23336,0.075267,172.31.46.0-255,66,323518,53,360968
23337,0.076941,172.217.27.0-255,5738,329256,53,360968
23338,0.076947,172.31.46.0-255,66,329322,53,360968
23339,0.078614,172.217.27.0-255,5738,335060,53,360968
23340,0.078623,172.31.46.0-255,66,335126,53,360968
23341,0.080297,172.217.27.0-255,5738,340864,53,360968
23342,0.080309,172.31.46.0-255,66,340930,53,360968
23343,0.081974,172.217.27.0-255,5738,346668,53,360968
23344,0.081984,172.31.46.0-255,66,346734,53,360968
23345,0.083661,172.217.27.0-255,5738,352472,53,360968
23346,0.083675,172.31.46.0-255,66,352538,53,360968
23347,0.085359,172.217.27.0-255,5738,358276,53,360968
23348,0.085367,172.31.46.0-255,66,358342,53,360968
23349,0.087115,172.217.27.0-255,2389,360731,53,360968
23350,0.087122,172.31.46.0-255,66,360797,53,360968
23351,0.087288,172.31.46.0-255,105,360902,53,360968
23352,0.088915,172.217.27.0-255,66,360968,53,360968
23353,0.0,74.125.68.0-255,301,301,53,371950
23354,2.1e-05,172.31.46.0-255,66,367,53,371950
23355,6.4e-05,74.125.68.0-255,1484,1851,53,371950
23356,6.9e-05,172.31.46.0-255,66,1917,53,371950
23357,7.6e-05,74.125.68.0-255,2902,4819,53,371950
23358,8e-05,172.31.46.0-255,66,4885,53,371950
23359,8.5e-05,74.125.68.0-255,4320,9205,53,371950
23360,8.8e-05,172.31.46.0-255,66,9271,53,371950
23361,9.6e-05,74.125.68.0-255,4620,13891,53,371950
23362,9.9e-05,172.31.46.0-255,66,13957,53,371950
23363,0.000227,74.125.68.0-255,1484,15441,53,371950
23364,0.000232,172.31.46.0-255,66,15507,53,371950
23365,0.000238,74.125.68.0-255,2902,18409,53,371950
23366,0.00024,172.31.46.0-255,66,18475,53,371950
23367,0.000252,74.125.68.0-255,5738,24213,53,371950
23368,0.000255,172.31.46.0-255,66,24279,53,371950
23369,0.000292,74.125.68.0-255,6797,31076,53,371950
23370,0.000295,172.31.46.0-255,66,31142,53,371950
23371,0.000322,74.125.68.0-255,7156,38298,53,371950
23372,0.000325,172.31.46.0-255,66,38364,53,371950
23373,0.000328,74.125.68.0-255,1484,39848,53,371950
23374,0.00033,172.31.46.0-255,66,39914,53,371950
23375,0.000364,74.125.68.0-255,2902,42816,53,371950
23376,0.000366,172.31.46.0-255,66,42882,53,371950
23377,0.000373,74.125.68.0-255,5379,48261,53,371950
23378,0.000375,172.31.46.0-255,66,48327,53,371950
23379,0.001078,74.125.68.0-255,1484,49811,53,371950
23380,0.001084,172.31.46.0-255,66,49877,53,371950
23381,0.001092,74.125.68.0-255,1484,51361,53,371950
23382,0.001094,172.31.46.0-255,66,51427,53,371950
23383,0.001105,74.125.68.0-255,2902,54329,53,371950
23384,0.001107,172.31.46.0-255,66,54395,53,371950
23385,0.001115,74.125.68.0-255,5738,60133,53,371950
23386,0.001118,172.31.46.0-255,66,60199,53,371950
23387,0.001155,74.125.68.0-255,5379,65578,53,371950
23388,0.001158,172.31.46.0-255,66,65644,53,371950
23389,0.001282,74.125.68.0-255,1484,67128,53,371950
23390,0.001296,74.125.68.0-255,2902,70030,53,371950
23391,0.0013,172.31.46.0-255,66,70096,53,371950
23392,0.001337,74.125.68.0-255,5738,75834,53,371950
23393,0.00134,172.31.46.0-255,66,75900,53,371950
23394,0.001346,74.125.68.0-255,4320,80220,53,371950
23395,0.001348,172.31.46.0-255,66,80286,53,371950
23396,0.001377,74.125.68.0-255,2543,82829,53,371950
23397,0.00138,172.31.46.0-255,66,82895,53,371950
23398,0.001383,74.125.68.0-255,1484,84379,53,371950
23399,0.001409,74.125.68.0-255,5738,90117,53,371950
23400,0.001412,172.31.46.0-255,66,90183,53,371950
23401,0.001424,172.31.46.0-255,66,90249,53,371950
23402,0.003444,74.125.68.0-255,5738,95987,53,371950
23403,0.003459,172.31.46.0-255,66,96053,53,371950
23404,0.005492,74.125.68.0-255,5738,101791,53,371950
23405,0.005505,172.31.46.0-255,66,101857,53,371950
23406,0.007521,74.125.68.0-255,5738,107595,53,371950
23407,0.007525,172.31.46.0-255,66,107661,53,371950
23408,0.009585,74.125.68.0-255,5738,113399,53,371950
23409,0.009596,172.31.46.0-255,66,113465,53,371950
23410,0.01165,74.125.68.0-255,5738,119203,53,371950
23411,0.011665,172.31.46.0-255,66,119269,53,371950
23412,0.013687,74.125.68.0-255,5738,125007,53,371950
23413,0.013701,172.31.46.0-255,66,125073,53,371950
23414,0.015715,74.125.68.0-255,5738,130811,53,371950
23415,0.015733,172.31.46.0-255,66,130877,53,371950
23416,0.017752,74.125.68.0-255,5738,136615,53,371950
23417,0.017769,172.31.46.0-255,66,136681,53,371950
23418,0.019791,74.125.68.0-255,5738,142419,53,371950
23419,0.019804,172.31.46.0-255,66,142485,53,371950
23420,0.02182,74.125.68.0-255,5738,148223,53,371950
23421,0.021832,172.31.46.0-255,66,148289,53,371950
23422,0.023841,74.125.68.0-255,5738,154027,53,371950
23423,0.023853,172.31.46.0-255,66,154093,53,371950
23424,0.025909,74.125.68.0-255,5738,159831,53,371950
23425,0.025924,172.31.46.0-255,66,159897,53,371950
23426,0.027951,74.125.68.0-255,5738,165635,53,371950
23427,0.027965,172.31.46.0-255,66,165701,53,371950
23428,0.029132,172.31.46.0-255,172,165873,53,371950
23429,0.029162,172.31.46.0-255,1113,166986,53,371950
23430,0.029219,172.31.46.0-255,1514,168500,53,371950
23431,0.029221,172.31.46.0-255,1290,169790,53,371950
23432,0.029973,74.125.68.0-255,4320,174110,53,371950
23433,0.029983,172.31.46.0-255,66,174176,53,371950
23434,0.030013,74.125.68.0-255,1484,175660,53,371950
23435,0.030649,104.244.42.0-255,66,175726,53,371950
23436,0.030658,104.244.42.0-255,66,175792,53,371950
23437,0.030771,104.244.42.0-255,66,175858,53,371950
23438,0.03138,104.244.42.0-255,108,175966,53,371950
23439,0.031394,172.31.46.0-255,66,176032,53,371950
23440,0.031988,74.125.68.0-255,4320,180352,53,371950
23441,0.031996,172.31.46.0-255,66,180418,53,371950
23442,0.034003,74.125.68.0-255,5738,186156,53,371950
23443,0.034013,172.31.46.0-255,66,186222,53,371950
23444,0.036029,74.125.68.0-255,5738,191960,53,371950
23445,0.03604,172.31.46.0-255,66,192026,53,371950
23446,0.038055,74.125.68.0-255,5738,197764,53,371950
23447,0.038064,172.31.46.0-255,66,197830,53,371950
23448,0.040074,74.125.68.0-255,5738,203568,53,371950
23449,0.040083,172.31.46.0-255,66,203634,53,371950
23450,0.042099,74.125.68.0-255,5738,209372,53,371950
23451,0.042108,172.31.46.0-255,66,209438,53,371950
23452,0.044117,74.125.68.0-255,5738,215176,53,371950
23453,0.044126,172.31.46.0-255,66,215242,53,371950
23454,0.046156,74.125.68.0-255,5738,220980,53,371950
23455,0.046165,172.31.46.0-255,66,221046,53,371950
23456,0.048178,74.125.68.0-255,5738,226784,53,371950
23457,0.048195,172.31.46.0-255,66,226850,53,371950
23458,0.050248,74.125.68.0-255,5738,232588,53,371950
23459,0.050262,172.31.46.0-255,66,232654,53,371950
23460,0.052265,74.125.68.0-255,5738,238392,53,371950
23461,0.052276,172.31.46.0-255,66,238458,53,371950
23462,0.054316,74.125.68.0-255,5738,244196,53,371950
23463,0.054328,172.31.46.0-255,66,244262,53,371950
23464,0.056366,74.125.68.0-255,5738,250000,53,371950
23465,0.056375,172.31.46.0-255,66,250066,53,371950
23466,0.058399,74.125.68.0-255,5738,255804,53,371950
23467,0.058409,172.31.46.0-255,66,255870,53,371950
23468,0.060418,74.125.68.0-255,5738,261608,53,371950
23469,0.060426,172.31.46.0-255,66,261674,53,371950
23470,0.062438,74.125.68.0-255,5738,267412,53,371950
23471,0.062447,172.31.46.0-255,66,267478,53,371950
23472,0.064455,74.125.68.0-255,5738,273216,53,371950
23473,0.064465,172.31.46.0-255,66,273282,53,371950
23474,0.066478,74.125.68.0-255,5738,279020,53,371950
23475,0.066487,172.31.46.0-255,66,279086,53,371950
23476,0.068503,74.125.68.0-255,5738,284824,53,371950
23477,0.068514,172.31.46.0-255,66,284890,53,371950
23478,0.070525,74.125.68.0-255,5738,290628,53,371950
23479,0.070532,172.31.46.0-255,66,290694,53,371950
23480,0.072537,74.125.68.0-255,5738,296432,53,371950
23481,0.072545,172.31.46.0-255,66,296498,53,371950
23482,0.074602,74.125.68.0-255,5738,302236,53,371950
23483,0.074611,172.31.46.0-255,66,302302,53,371950
23484,0.076618,74.125.68.0-255,5738,308040,53,371950
23485,0.076628,172.31.46.0-255,66,308106,53,371950
23486,0.078677,74.125.68.0-255,5738,313844,53,371950
23487,0.078688,172.31.46.0-255,66,313910,53,371950
23488,0.08075,74.125.68.0-255,5738,319648,53,371950
23489,0.08076,172.31.46.0-255,66,319714,53,371950
23490,0.082777,74.125.68.0-255,5738,325452,53,371950
23491,0.082787,172.31.46.0-255,66,325518,53,371950
23492,0.084809,74.125.68.0-255,5738,331256,53,371950
23493,0.084818,172.31.46.0-255,66,331322,53,371950
23494,0.086821,74.125.68.0-255,5738,337060,53,371950
23495,0.086831,172.31.46.0-255,66,337126,53,371950
23496,0.088859,74.125.68.0-255,5738,342864,53,371950
23497,0.088867,172.31.46.0-255,66,342930,53,371950
23498,0.090889,74.125.68.0-255,5738,348668,53,371950
23499,0.0909,172.31.46.0-255,66,348734,53,371950
23500,0.09297,74.125.68.0-255,5738,354472,53,371950
23501,0.092981,172.31.46.0-255,66,354538,53,371950
23502,0.095022,74.125.68.0-255,5738,360276,53,371950
23503,0.095031,172.31.46.0-255,66,360342,53,371950
23504,0.097252,74.125.68.0-255,5738,366080,53,371950
23505,0.097262,172.31.46.0-255,66,366146,53,371950
23506,0.09928,74.125.68.0-255,5738,371884,53,371950
23507,0.099289,172.31.46.0-255,66,371950,53,371950
23508,0.0,172.217.194.0-255,152,152,53,224186
23509,1.3e-05,172.31.46.0-255,66,218,53,224186
23510,1.8e-05,172.217.194.0-255,1484,1702,53,224186
23511,2.2e-05,172.31.46.0-255,66,1768,53,224186
23512,2.6e-05,172.217.194.0-255,2902,4670,53,224186
23513,2.8e-05,172.31.46.0-255,66,4736,53,224186
23514,4.6e-05,172.217.194.0-255,2902,7638,53,224186
23515,4.8e-05,172.31.46.0-255,66,7704,53,224186
23516,5.2e-05,172.217.194.0-255,2902,10606,53,224186
23517,5.4e-05,172.31.46.0-255,66,10672,53,224186
23518,7.1e-05,172.217.194.0-255,1484,12156,53,224186
23519,7.3e-05,172.31.46.0-255,66,12222,53,224186
23520,8.8e-05,172.217.194.0-255,1963,14185,53,224186
23521,9e-05,172.31.46.0-255,66,14251,53,224186
23522,0.000122,172.217.194.0-255,2902,17153,53,224186
23523,0.000125,172.31.46.0-255,66,17219,53,224186
23524,0.000127,172.217.194.0-255,1484,18703,53,224186
23525,0.000129,172.31.46.0-255,66,18769,53,224186
23526,0.000148,172.217.194.0-255,5738,24507,53,224186
23527,0.00015,172.31.46.0-255,66,24573,53,224186
23528,0.000152,172.217.194.0-255,1484,26057,53,224186
23529,0.000154,172.31.46.0-255,66,26123,53,224186
23530,0.000191,172.217.194.0-255,2902,29025,53,224186
23531,0.000193,172.31.46.0-255,66,29091,53,224186
23532,0.000211,172.217.194.0-255,2543,31634,53,224186
23533,0.000224,172.31.46.0-255,66,31700,53,224186
23534,0.000253,172.217.194.0-255,4320,36020,53,224186
23535,0.000256,172.31.46.0-255,66,36086,53,224186
23536,0.000271,172.217.194.0-255,1484,37570,53,224186
23537,0.000273,172.31.46.0-255,66,37636,53,224186
23538,0.00028,172.217.194.0-255,7156,44792,53,224186
23539,0.000282,172.31.46.0-255,66,44858,53,224186
23540,0.000309,172.217.194.0-255,1484,46342,53,224186
23541,0.000323,172.217.194.0-255,2902,49244,53,224186
23542,0.000325,172.31.46.0-255,66,49310,53,224186
23543,0.000346,172.217.194.0-255,6797,56107,53,224186
23544,0.000348,172.31.46.0-255,66,56173,53,224186
23545,0.000371,172.31.46.0-255,66,56239,53,224186
23546,0.000464,172.217.194.0-255,377,56616,53,224186
23547,0.000765,172.217.194.0-255,1484,58100,53,224186
23548,0.000768,172.31.46.0-255,66,58166,53,224186
23549,0.000784,172.217.194.0-255,2902,61068,53,224186
23550,0.000786,172.31.46.0-255,66,61134,53,224186
23551,0.000792,172.217.194.0-255,5738,66872,53,224186
23552,0.000795,172.31.46.0-255,66,66938,53,224186
23553,0.000811,172.217.194.0-255,1484,68422,53,224186
23554,0.000828,172.217.194.0-255,7156,75578,53,224186
23555,0.00083,172.31.46.0-255,66,75644,53,224186
23556,0.000873,172.217.194.0-255,4320,79964,53,224186
23557,0.000875,172.31.46.0-255,66,80030,53,224186
23558,0.000902,172.31.46.0-255,66,80096,53,224186
23559,0.001084,172.217.194.0-255,1484,81580,53,224186
23560,0.00109,172.217.194.0-255,2902,84482,53,224186
23561,0.001093,172.31.46.0-255,66,84548,53,224186
23562,0.001118,172.217.194.0-255,5738,90286,53,224186
23563,0.00112,172.31.46.0-255,66,90352,53,224186
23564,0.001125,172.217.194.0-255,4320,94672,53,224186
23565,0.001127,172.31.46.0-255,66,94738,53,224186
23566,0.001148,172.31.46.0-255,66,94804,53,224186
23567,0.001154,172.217.194.0-255,5738,100542,53,224186
23568,0.001156,172.31.46.0-255,66,100608,53,224186
23569,0.001215,172.217.194.0-255,5020,105628,53,224186
23570,0.001218,172.31.46.0-255,66,105694,53,224186
23571,0.001717,172.217.194.0-255,1484,107178,53,224186
23572,0.001722,172.217.194.0-255,2902,110080,53,224186
23573,0.001725,172.31.46.0-255,66,110146,53,224186
23574,0.001747,172.217.194.0-255,5738,115884,53,224186
23575,0.001749,172.31.46.0-255,66,115950,53,224186
23576,0.001754,172.217.194.0-255,2902,118852,53,224186
23577,0.001755,172.31.46.0-255,66,118918,53,224186
23578,0.001771,172.217.194.0-255,4320,123238,53,224186
23579,0.001774,172.31.46.0-255,66,123304,53,224186
23580,0.001797,172.217.194.0-255,7156,130460,53,224186
23581,0.001799,172.31.46.0-255,66,130526,53,224186
23582,0.001822,172.217.194.0-255,7156,137682,53,224186
23583,0.001824,172.31.46.0-255,66,137748,53,224186
23584,0.001828,172.217.194.0-255,2184,139932,53,224186
23585,0.001829,172.31.46.0-255,66,139998,53,224186
23586,0.00189,172.217.194.0-255,1484,141482,53,224186
23587,0.001895,172.217.194.0-255,2902,144384,53,224186
23588,0.001897,172.31.46.0-255,66,144450,53,224186
23589,0.001917,172.217.194.0-255,5738,150188,53,224186
23590,0.001921,172.31.46.0-255,66,150254,53,224186
23591,0.00193,172.217.194.0-255,4320,154574,53,224186
23592,0.001932,172.31.46.0-255,66,154640,53,224186
23593,0.001951,172.31.46.0-255,66,154706,53,224186
23594,0.001988,172.31.46.0-255,66,154772,53,224186
23595,0.002015,172.217.194.0-255,2902,157674,53,224186
23596,0.002017,172.31.46.0-255,66,157740,53,224186
23597,0.002038,172.217.194.0-255,4320,162060,53,224186
23598,0.00204,172.31.46.0-255,66,162126,53,224186
23599,0.00205,172.31.46.0-255,66,162192,53,224186
23600,0.002055,172.217.194.0-255,5738,167930,53,224186
23601,0.002058,172.31.46.0-255,66,167996,53,224186
23602,0.002087,172.31.46.0-255,66,168062,53,224186
23603,0.00209,172.217.194.0-255,766,168828,53,224186
23604,0.00214,172.217.194.0-255,1484,170312,53,224186
23605,0.002142,172.31.46.0-255,66,170378,53,224186
23606,0.002147,172.217.194.0-255,2902,173280,53,224186
23607,0.002148,172.31.46.0-255,66,173346,53,224186
23608,0.002151,172.217.194.0-255,1484,174830,53,224186
23609,0.002176,172.217.194.0-255,4320,179150,53,224186
23610,0.002178,172.31.46.0-255,66,179216,53,224186
23611,0.002189,172.217.194.0-255,5738,184954,53,224186
23612,0.002191,172.31.46.0-255,66,185020,53,224186
23613,0.002203,172.31.46.0-255,66,185086,53,224186
23614,0.002214,172.217.194.0-255,1484,186570,53,224186
23615,0.002231,172.217.194.0-255,3602,190172,53,224186
23616,0.002233,172.31.46.0-255,66,190238,53,224186
23617,0.002292,172.217.194.0-255,1484,191722,53,224186
23618,0.002309,172.217.194.0-255,2902,194624,53,224186
23619,0.002312,172.31.46.0-255,66,194690,53,224186
23620,0.002315,172.217.194.0-255,1484,196174,53,224186
23621,0.00233,172.217.194.0-255,2902,199076,53,224186
23622,0.002332,172.31.46.0-255,66,199142,53,224186
23623,0.002337,172.217.194.0-255,4320,203462,53,224186
23624,0.002339,172.31.46.0-255,66,203528,53,224186
23625,0.002363,172.217.194.0-255,1484,205012,53,224186
23626,0.002375,172.31.46.0-255,66,205078,53,224186
23627,0.002385,172.31.46.0-255,66,205144,53,224186
23628,0.002418,172.217.194.0-255,4320,209464,53,224186
23629,0.002421,172.31.46.0-255,66,209530,53,224186
23630,0.002478,172.31.46.0-255,66,209596,53,224186
23631,0.002493,172.217.194.0-255,1484,211080,53,224186
23632,0.002506,172.31.46.0-255,66,211146,53,224186
23633,0.002512,172.217.194.0-255,7156,218302,53,224186
23634,0.002514,172.31.46.0-255,66,218368,53,224186
23635,0.002547,172.31.46.0-255,66,218434,53,224186
23636,0.002591,172.31.46.0-255,66,218500,53,224186
23637,0.002598,172.31.46.0-255,66,218566,53,224186
23638,0.005094,172.217.194.0-255,105,218671,53,224186
23639,0.009771,172.31.46.0-255,66,218737,53,224186
23640,0.00983,172.31.46.0-255,105,218842,53,224186
23641,0.012296,172.217.194.0-255,66,218908,53,224186
23642,0.035174,172.31.46.0-255,172,219080,53,224186
23643,0.035209,172.31.46.0-255,1107,220187,53,224186
23644,0.03527,172.31.46.0-255,1514,221701,53,224186
23645,0.035271,172.31.46.0-255,1514,223215,53,224186
23646,0.035294,172.31.46.0-255,707,223922,53,224186
23647,0.036757,104.244.42.0-255,66,223988,53,224186
23648,0.036798,104.244.42.0-255,66,224054,53,224186
23649,0.036833,104.244.42.0-255,66,224120,53,224186
23650,0.036844,104.244.42.0-255,66,224186,53,224186
23651,0.0,172.31.46.0-255,129,129,53,129
23652,0.0,172.217.194.0-255,157,157,53,219914
23653,2.1e-05,172.31.46.0-255,66,223,53,219914
23654,2.8e-05,172.217.194.0-255,1484,1707,53,219914
23655,3.2e-05,172.31.46.0-255,66,1773,53,219914
23656,3.8e-05,172.217.194.0-255,2902,4675,53,219914
23657,4.1e-05,172.31.46.0-255,66,4741,53,219914
23658,4.9e-05,172.217.194.0-255,7156,11897,53,219914
23659,5.1e-05,172.31.46.0-255,66,11963,53,219914
23660,5.5e-05,172.217.194.0-255,2093,14056,53,219914
23661,5.7e-05,172.31.46.0-255,66,14122,53,219914
23662,9.9e-05,172.217.194.0-255,5738,19860,53,219914
23663,0.000101,172.31.46.0-255,66,19926,53,219914
23664,0.000123,172.217.194.0-255,5738,25664,53,219914
23665,0.000126,172.31.46.0-255,66,25730,53,219914
23666,0.000129,172.217.194.0-255,1484,27214,53,219914
23667,0.00013,172.31.46.0-255,66,27280,53,219914
23668,0.000155,172.217.194.0-255,3961,31241,53,219914
23669,0.000158,172.31.46.0-255,66,31307,53,219914
23670,0.000478,172.217.194.0-255,1484,32791,53,219914
23671,0.000482,172.31.46.0-255,66,32857,53,219914
23672,0.000487,172.217.194.0-255,2902,35759,53,219914
23673,0.000489,172.31.46.0-255,66,35825,53,219914
23674,0.000495,172.217.194.0-255,5738,41563,53,219914
23675,0.000497,172.31.46.0-255,66,41629,53,219914
23676,0.000508,172.31.46.0-255,66,41695,53,219914
23677,0.000555,172.217.194.0-255,1484,43179,53,219914
23678,0.000557,172.31.46.0-255,66,43245,53,219914
23679,0.000582,172.31.46.0-255,66,43311,53,219914
23680,0.000598,172.217.194.0-255,1404,44715,53,219914
23681,0.000599,172.31.46.0-255,66,44781,53,219914
23682,0.000634,172.217.194.0-255,400,45181,53,219914
23683,0.000824,172.217.194.0-255,1484,46665,53,219914
23684,0.000828,172.31.46.0-255,66,46731,53,219914
23685,0.000833,172.217.194.0-255,2902,49633,53,219914
23686,0.000835,172.31.46.0-255,66,49699,53,219914
23687,0.000853,172.217.194.0-255,5738,55437,53,219914
23688,0.000855,172.31.46.0-255,66,55503,53,219914
23689,0.000861,172.217.194.0-255,5738,61241,53,219914
23690,0.000863,172.31.46.0-255,66,61307,53,219914
23691,0.000879,172.217.194.0-255,1484,62791,53,219914
23692,0.00089,172.31.46.0-255,66,62857,53,219914
23693,0.000912,172.217.194.0-255,4320,67177,53,219914
23694,0.000913,172.31.46.0-255,66,67243,53,219914
23695,0.000917,172.217.194.0-255,2184,69427,53,219914
23696,0.000919,172.31.46.0-255,66,69493,53,219914
23697,0.001048,172.217.194.0-255,1484,70977,53,219914
23698,0.001054,172.217.194.0-255,2902,73879,53,219914
23699,0.001057,172.31.46.0-255,66,73945,53,219914
23700,0.00106,172.217.194.0-255,1484,75429,53,219914
23701,0.001073,172.217.194.0-255,4320,79749,53,219914
23702,0.001075,172.31.46.0-255,66,79815,53,219914
23703,0.001092,172.217.194.0-255,1484,81299,53,219914
23704,0.001127,172.217.194.0-255,2902,84201,53,219914
23705,0.001133,172.217.194.0-255,5738,89939,53,219914
23706,0.001153,172.217.194.0-255,5020,94959,53,219914
23707,0.001212,172.217.194.0-255,1484,96443,53,219914
23708,0.001223,172.217.194.0-255,2902,99345,53,219914
23709,0.001226,172.217.194.0-255,1484,100829,53,219914
23710,0.001254,172.217.194.0-255,4320,105149,53,219914
23711,0.001289,172.217.194.0-255,766,105915,53,219914
23712,0.001296,172.31.46.0-255,66,105981,53,219914
23713,0.001511,172.217.194.0-255,1484,107465,53,219914
23714,0.001526,172.217.194.0-255,2902,110367,53,219914
23715,0.00156,172.217.194.0-255,2902,113269,53,219914
23716,0.001586,172.31.46.0-255,66,113335,53,219914
23717,0.001593,172.217.194.0-255,2902,116237,53,219914
23718,0.001617,172.31.46.0-255,66,116303,53,219914
23719,0.001638,172.217.194.0-255,1484,117787,53,219914
23720,0.001643,172.217.194.0-255,2902,120689,53,219914
23721,0.001653,172.31.46.0-255,66,120755,53,219914
23722,0.001664,172.217.194.0-255,5738,126493,53,219914
23723,0.001667,172.217.194.0-255,1484,127977,53,219914
23724,0.001684,172.31.46.0-255,66,128043,53,219914
23725,0.00169,172.217.194.0-255,4320,132363,53,219914
23726,0.001692,172.217.194.0-255,1484,133847,53,219914
23727,0.001697,172.31.46.0-255,66,133913,53,219914
23728,0.001706,172.217.194.0-255,4320,138233,53,219914
23729,0.001721,172.217.194.0-255,5738,143971,53,219914
23730,0.001735,172.217.194.0-255,1484,145455,53,219914
23731,0.001741,172.217.194.0-255,5020,150475,53,219914
23732,0.001764,172.31.46.0-255,66,150541,53,219914
23733,0.001789,172.217.194.0-255,1484,152025,53,219914
23734,0.001794,172.217.194.0-255,2902,154927,53,219914
23735,0.001807,172.31.46.0-255,66,154993,53,219914
23736,0.001813,172.217.194.0-255,4320,159313,53,219914
23737,0.001817,172.31.46.0-255,66,159379,53,219914
23738,0.001826,172.217.194.0-255,1484,160863,53,219914
23739,0.001858,172.31.46.0-255,66,160929,53,219914
23740,0.001863,172.217.194.0-255,4320,165249,53,219914
23741,0.001876,172.217.194.0-255,2902,168151,53,219914
23742,0.001884,172.31.46.0-255,66,168217,53,219914
23743,0.001898,172.217.194.0-255,7156,175373,53,219914
23744,0.001901,172.217.194.0-255,2902,178275,53,219914
23745,0.00195,172.31.46.0-255,66,178341,53,219914
23746,0.001965,172.217.194.0-255,2184,180525,53,219914
23747,0.001981,172.217.194.0-255,1484,182009,53,219914
23748,0.001984,172.31.46.0-255,66,182075,53,219914
23749,0.002003,172.217.194.0-255,2902,184977,53,219914
23750,0.002007,172.217.194.0-255,1484,186461,53,219914
23751,0.002026,172.217.194.0-255,4320,190781,53,219914
23752,0.002029,172.31.46.0-255,66,190847,53,219914
23753,0.002067,172.217.194.0-255,1484,192331,53,219914
23754,0.00207,172.217.194.0-255,1484,193815,53,219914
23755,0.002074,172.31.46.0-255,66,193881,53,219914
23756,0.002106,172.31.46.0-255,66,193947,53,219914
23757,0.002126,172.217.194.0-255,5738,199685,53,219914
23758,0.002146,172.217.194.0-255,4320,204005,53,219914
23759,0.00215,172.217.194.0-255,4320,208325,53,219914
23760,0.002153,172.31.46.0-255,66,208391,53,219914
23761,0.002163,172.31.46.0-255,66,208457,53,219914
23762,0.002169,172.217.194.0-255,5738,214195,53,219914
23763,0.002257,172.217.194.0-255,97,214292,53,219914
23764,0.00226,172.217.194.0-255,105,214397,53,219914
23765,0.00227,172.31.46.0-255,66,214463,53,219914
23766,0.004811,172.31.46.0-255,105,214568,53,219914
23767,0.007139,172.217.194.0-255,66,214634,53,219914
23768,0.036267,172.31.46.0-255,172,214806,53,219914
23769,0.036311,172.31.46.0-255,1112,215918,53,219914
23770,0.036376,172.31.46.0-255,1514,217432,53,219914
23771,0.036378,172.31.46.0-255,1514,218946,53,219914
23772,0.036402,172.31.46.0-255,704,219650,53,219914
23773,0.037757,104.244.42.0-255,66,219716,53,219914
23774,0.037845,104.244.42.0-255,66,219782,53,219914
23775,0.037997,104.244.42.0-255,66,219848,53,219914
23776,0.038004,104.244.42.0-255,66,219914,53,219914
23777,0.0,74.125.200.0-255,153,153,53,391133
23778,2.3e-05,172.31.46.0-255,66,219,53,391133
23779,5.3e-05,74.125.200.0-255,1484,1703,53,391133
23780,5.8e-05,172.31.46.0-255,66,1769,53,391133
23781,6.4e-05,74.125.200.0-255,2902,4671,53,391133
23782,6.6e-05,172.31.46.0-255,66,4737,53,391133
23783,7.2e-05,74.125.200.0-255,2902,7639,53,391133
23784,7.6e-05,172.31.46.0-255,66,7705,53,391133
23785,9.8e-05,74.125.200.0-255,1484,9189,53,391133
23786,0.000101,172.31.46.0-255,66,9255,53,391133
23787,0.000108,74.125.200.0-255,4909,14164,53,391133
23788,0.00011,172.31.46.0-255,66,14230,53,391133
23789,0.000139,74.125.200.0-255,7156,21386,53,391133
23790,0.000141,172.31.46.0-255,66,21452,53,391133
23791,0.000177,172.31.46.0-255,66,21518,53,391133
23792,0.00018,74.125.200.0-255,1125,22643,53,391133
23793,0.000183,172.31.46.0-255,66,22709,53,391133
23794,0.000268,74.125.200.0-255,1484,24193,53,391133
23795,0.000271,172.31.46.0-255,66,24259,53,391133
23796,0.000275,74.125.200.0-255,1484,25743,53,391133
23797,0.000277,172.31.46.0-255,66,25809,53,391133
23798,0.000308,74.125.200.0-255,2902,28711,53,391133
23799,0.00031,172.31.46.0-255,66,28777,53,391133
23800,0.000337,74.125.200.0-255,2902,31679,53,391133
23801,0.000341,172.31.46.0-255,66,31745,53,391133
23802,0.000375,74.125.200.0-255,4320,36065,53,391133
23803,0.000378,172.31.46.0-255,66,36131,53,391133
23804,0.000384,74.125.200.0-255,3961,40092,53,391133
23805,0.000386,172.31.46.0-255,66,40158,53,391133
23806,0.000439,74.125.200.0-255,1484,41642,53,391133
23807,0.000442,172.31.46.0-255,66,41708,53,391133
23808,0.000472,74.125.200.0-255,1484,43192,53,391133
23809,0.00052,74.125.200.0-255,2902,46094,53,391133
23810,0.000524,172.31.46.0-255,66,46160,53,391133
23811,0.00053,74.125.200.0-255,5738,51898,53,391133
23812,0.000532,172.31.46.0-255,66,51964,53,391133
23813,0.000542,74.125.200.0-255,4320,56284,53,391133
23814,0.000544,172.31.46.0-255,66,56350,53,391133
23815,0.000574,74.125.200.0-255,1437,57787,53,391133
23816,0.000594,74.125.200.0-255,110,57897,53,391133
23817,0.000726,74.125.200.0-255,1484,59381,53,391133
23818,0.000732,172.31.46.0-255,66,59447,53,391133
23819,0.000794,74.125.200.0-255,1484,60931,53,391133
23820,0.000798,74.125.200.0-255,1484,62415,53,391133
23821,0.0008,172.31.46.0-255,66,62481,53,391133
23822,0.000827,74.125.200.0-255,1484,63965,53,391133
23823,0.000833,74.125.200.0-255,2902,66867,53,391133
23824,0.000836,172.31.46.0-255,66,66933,53,391133
23825,0.00088,74.125.200.0-255,4320,71253,53,391133
23826,0.000884,172.31.46.0-255,66,71319,53,391133
23827,0.000906,74.125.200.0-255,5738,77057,53,391133
23828,0.000909,172.31.46.0-255,66,77123,53,391133
23829,0.000933,74.125.200.0-255,1484,78607,53,391133
23830,0.000946,74.125.200.0-255,2902,81509,53,391133
23831,0.000948,172.31.46.0-255,66,81575,53,391133
23832,0.00098,74.125.200.0-255,2902,84477,53,391133
23833,0.000988,172.31.46.0-255,66,84543,53,391133
23834,0.001015,74.125.200.0-255,4320,88863,53,391133
23835,0.001018,172.31.46.0-255,66,88929,53,391133
23836,0.001046,74.125.200.0-255,3286,92215,53,391133
23837,0.00105,172.31.46.0-255,66,92281,53,391133
23838,0.00128,74.125.200.0-255,1484,93765,53,391133
23839,0.00131,74.125.200.0-255,2902,96667,53,391133
23840,0.001313,172.31.46.0-255,66,96733,53,391133
23841,0.001341,74.125.200.0-255,5738,102471,53,391133
23842,0.001346,172.31.46.0-255,66,102537,53,391133
23843,0.001384,74.125.200.0-255,1484,104021,53,391133
23844,0.0014,74.125.200.0-255,2902,106923,53,391133
23845,0.001403,172.31.46.0-255,66,106989,53,391133
23846,0.00145,74.125.200.0-255,5738,112727,53,391133
23847,0.001454,172.31.46.0-255,66,112793,53,391133
23848,0.001478,74.125.200.0-255,2902,115695,53,391133
23849,0.001481,172.31.46.0-255,66,115761,53,391133
23850,0.001508,74.125.200.0-255,4320,120081,53,391133
23851,0.001511,172.31.46.0-255,66,120147,53,391133
23852,0.001514,74.125.200.0-255,1484,121631,53,391133
23853,0.001518,74.125.200.0-255,2902,124533,53,391133
23854,0.00152,172.31.46.0-255,66,124599,53,391133
23855,0.001552,74.125.200.0-255,2184,126783,53,391133
23856,0.001554,172.31.46.0-255,66,126849,53,391133
23857,0.001707,74.125.200.0-255,1484,128333,53,391133
23858,0.001731,74.125.200.0-255,2902,131235,53,391133
23859,0.001734,172.31.46.0-255,66,131301,53,391133
23860,0.001756,74.125.200.0-255,1484,132785,53,391133
23861,0.001776,74.125.200.0-255,2902,135687,53,391133
23862,0.001779,172.31.46.0-255,66,135753,53,391133
23863,0.001805,74.125.200.0-255,4320,140073,53,391133
23864,0.001807,172.31.46.0-255,66,140139,53,391133
23865,0.001827,74.125.200.0-255,1484,141623,53,391133
23866,0.001847,74.125.200.0-255,4320,145943,53,391133
23867,0.001849,172.31.46.0-255,66,146009,53,391133
23868,0.001883,74.125.200.0-255,1484,147493,53,391133
23869,0.001894,74.125.200.0-255,1484,148977,53,391133
23870,0.001896,172.31.46.0-255,66,149043,53,391133
23871,0.001914,74.125.200.0-255,2902,151945,53,391133
23872,0.001916,172.31.46.0-255,66,152011,53,391133
23873,0.001944,74.125.200.0-255,5738,157749,53,391133
23874,0.001946,172.31.46.0-255,66,157815,53,391133
23875,0.002026,74.125.200.0-255,1484,159299,53,391133
23876,0.002068,74.125.200.0-255,1484,160783,53,391133
23877,0.002071,172.31.46.0-255,66,160849,53,391133
23878,0.002101,74.125.200.0-255,766,161615,53,391133
23879,0.002195,74.125.200.0-255,1484,163099,53,391133
23880,0.002199,172.31.46.0-255,66,163165,53,391133
23881,0.002207,74.125.200.0-255,2902,166067,53,391133
23882,0.00221,172.31.46.0-255,66,166133,53,391133
23883,0.002244,74.125.200.0-255,2902,169035,53,391133
23884,0.002247,172.31.46.0-255,66,169101,53,391133
23885,0.002271,74.125.200.0-255,2902,172003,53,391133
23886,0.002273,172.31.46.0-255,66,172069,53,391133
23887,0.00228,74.125.200.0-255,7156,179225,53,391133
23888,0.002281,172.31.46.0-255,66,179291,53,391133
23889,0.004517,74.125.200.0-255,5738,185029,53,391133
23890,0.004525,172.31.46.0-255,66,185095,53,391133
23891,0.00676,74.125.200.0-255,2902,187997,53,391133
23892,0.006765,172.31.46.0-255,66,188063,53,391133
23893,0.006791,74.125.200.0-255,2902,190965,53,391133
23894,0.006794,172.31.46.0-255,66,191031,53,391133
23895,0.008999,74.125.200.0-255,2902,193933,53,391133
23896,0.009005,172.31.46.0-255,66,193999,53,391133
23897,0.009029,74.125.200.0-255,2902,196901,53,391133
23898,0.009031,172.31.46.0-255,66,196967,53,391133
23899,0.011237,74.125.200.0-255,2902,199869,53,391133
23900,0.011243,172.31.46.0-255,66,199935,53,391133
23901,0.011263,74.125.200.0-255,2902,202837,53,391133
23902,0.011266,172.31.46.0-255,66,202903,53,391133
23903,0.013473,74.125.200.0-255,2902,205805,53,391133
23904,0.013484,172.31.46.0-255,66,205871,53,391133
23905,0.013517,74.125.200.0-255,2902,208773,53,391133
23906,0.013521,172.31.46.0-255,66,208839,53,391133
23907,0.015745,74.125.200.0-255,5738,214577,53,391133
23908,0.015763,172.31.46.0-255,66,214643,53,391133
23909,0.018005,74.125.200.0-255,5738,220381,53,391133
23910,0.01802,172.31.46.0-255,66,220447,53,391133
23911,0.020269,74.125.200.0-255,5738,226185,53,391133
23912,0.020282,172.31.46.0-255,66,226251,53,391133
23913,0.022554,74.125.200.0-255,5738,231989,53,391133
23914,0.02256,172.31.46.0-255,66,232055,53,391133
23915,0.024797,74.125.200.0-255,5738,237793,53,391133
23916,0.024803,172.31.46.0-255,66,237859,53,391133
23917,0.027039,74.125.200.0-255,5738,243597,53,391133
23918,0.027047,172.31.46.0-255,66,243663,53,391133
23919,0.029287,74.125.200.0-255,5738,249401,53,391133
23920,0.029296,172.31.46.0-255,66,249467,53,391133
23921,0.031524,74.125.200.0-255,2902,252369,53,391133
23922,0.031532,172.31.46.0-255,66,252435,53,391133
23923,0.031567,74.125.200.0-255,2902,255337,53,391133
23924,0.03157,172.31.46.0-255,66,255403,53,391133
23925,0.033786,74.125.200.0-255,4320,259723,53,391133
23926,0.033797,172.31.46.0-255,66,259789,53,391133
23927,0.033829,74.125.200.0-255,1484,261273,53,391133
23928,0.036044,74.125.200.0-255,4320,265593,53,391133
23929,0.036058,172.31.46.0-255,66,265659,53,391133
23930,0.037933,172.31.46.0-255,188,265847,53,391133
23931,0.03796,172.31.46.0-255,953,266800,53,391133
23932,0.038011,172.31.46.0-255,728,267528,53,391133
23933,0.038288,74.125.200.0-255,5738,273266,53,391133
23934,0.038293,172.31.46.0-255,66,273332,53,391133
23935,0.039461,104.244.42.0-255,66,273398,53,391133
23936,0.039502,104.244.42.0-255,66,273464,53,391133
23937,0.039544,104.244.42.0-255,66,273530,53,391133
23938,0.040546,74.125.200.0-255,5738,279268,53,391133
23939,0.040552,172.31.46.0-255,66,279334,53,391133
23940,0.042782,74.125.200.0-255,5738,285072,53,391133
23941,0.042789,172.31.46.0-255,66,285138,53,391133
23942,0.045029,74.125.200.0-255,5738,290876,53,391133
23943,0.045037,172.31.46.0-255,66,290942,53,391133
23944,0.047262,74.125.200.0-255,5738,296680,53,391133
23945,0.047268,172.31.46.0-255,66,296746,53,391133
23946,0.049502,74.125.200.0-255,5738,302484,53,391133
23947,0.04951,172.31.46.0-255,66,302550,53,391133
23948,0.051739,74.125.200.0-255,5738,308288,53,391133
23949,0.051745,172.31.46.0-255,66,308354,53,391133
23950,0.053986,74.125.200.0-255,5738,314092,53,391133
23951,0.053993,172.31.46.0-255,66,314158,53,391133
23952,0.056231,74.125.200.0-255,5738,319896,53,391133
23953,0.056237,172.31.46.0-255,66,319962,53,391133
23954,0.058479,74.125.200.0-255,5738,325700,53,391133
23955,0.058485,172.31.46.0-255,66,325766,53,391133
23956,0.060716,74.125.200.0-255,5738,331504,53,391133
23957,0.060722,172.31.46.0-255,66,331570,53,391133
23958,0.062944,74.125.200.0-255,5738,337308,53,391133
23959,0.06295,172.31.46.0-255,66,337374,53,391133
23960,0.065177,74.125.200.0-255,5738,343112,53,391133
23961,0.065183,172.31.46.0-255,66,343178,53,391133
23962,0.067432,74.125.200.0-255,5738,348916,53,391133
23963,0.06744,172.31.46.0-255,66,348982,53,391133
23964,0.069673,74.125.200.0-255,5738,354720,53,391133
23965,0.06968,172.31.46.0-255,66,354786,53,391133
23966,0.071911,74.125.200.0-255,5738,360524,53,391133
23967,0.071921,172.31.46.0-255,66,360590,53,391133
23968,0.074158,74.125.200.0-255,5738,366328,53,391133
23969,0.074165,172.31.46.0-255,66,366394,53,391133
23970,0.076441,74.125.200.0-255,5738,372132,53,391133
23971,0.076448,172.31.46.0-255,66,372198,53,391133
23972,0.078685,74.125.200.0-255,5738,377936,53,391133
23973,0.078692,172.31.46.0-255,66,378002,53,391133
23974,0.080932,74.125.200.0-255,5738,383740,53,391133
23975,0.080938,172.31.46.0-255,66,383806,53,391133
23976,0.083171,74.125.200.0-255,5738,389544,53,391133
23977,0.083177,172.31.46.0-255,66,389610,53,391133
23978,0.085399,74.125.200.0-255,1286,390896,53,391133
23979,0.085673,172.31.46.0-255,66,390962,53,391133
23980,0.085707,172.31.46.0-255,105,391067,53,391133
23981,0.087888,74.125.200.0-255,66,391133,53,391133
23982,0.0,74.125.68.0-255,156,156,53,365857
23983,1.4e-05,172.31.46.0-255,66,222,53,365857
23984,3.1e-05,74.125.68.0-255,1484,1706,53,365857
23985,3.5e-05,172.31.46.0-255,66,1772,53,365857
23986,4.1e-05,74.125.68.0-255,2902,4674,53,365857
23987,4.4e-05,172.31.46.0-255,66,4740,53,365857
23988,7.4e-05,74.125.68.0-255,5738,10478,53,365857
23989,7.7e-05,172.31.46.0-255,66,10544,53,365857
23990,9e-05,74.125.68.0-255,1484,12028,53,365857
23991,9.3e-05,172.31.46.0-255,66,12094,53,365857
23992,9.7e-05,74.125.68.0-255,2041,14135,53,365857
23993,9.9e-05,172.31.46.0-255,66,14201,53,365857
23994,0.00019,74.125.68.0-255,1484,15685,53,365857
23995,0.000195,172.31.46.0-255,66,15751,53,365857
23996,0.000199,74.125.68.0-255,2902,18653,53,365857
23997,0.000201,172.31.46.0-255,66,18719,53,365857
23998,0.000234,74.125.68.0-255,5738,24457,53,365857
23999,0.000237,172.31.46.0-255,66,24523,53,365857
24000,0.000263,74.125.68.0-255,4320,28843,53,365857
24001,0.000265,172.31.46.0-255,66,28909,53,365857
24002,0.000282,74.125.68.0-255,2543,31452,53,365857
24003,0.000285,172.31.46.0-255,66,31518,53,365857
24004,0.000438,74.125.68.0-255,1484,33002,53,365857
24005,0.000443,172.31.46.0-255,66,33068,53,365857
24006,0.000449,74.125.68.0-255,2902,35970,53,365857
24007,0.000451,172.31.46.0-255,66,36036,53,365857
24008,0.000481,74.125.68.0-255,5738,41774,53,365857
24009,0.000484,172.31.46.0-255,66,41840,53,365857
24010,0.000492,74.125.68.0-255,6797,48637,53,365857
24011,0.000494,172.31.46.0-255,66,48703,53,365857
24012,0.001009,74.125.68.0-255,1484,50187,53,365857
24013,0.001016,172.31.46.0-255,66,50253,53,365857
24014,0.001025,74.125.68.0-255,2902,53155,53,365857
24015,0.001027,172.31.46.0-255,66,53221,53,365857
24016,0.001031,74.125.68.0-255,1484,54705,53,365857
24017,0.00105,74.125.68.0-255,2902,57607,53,365857
24018,0.001052,172.31.46.0-255,66,57673,53,365857
24019,0.001058,74.125.68.0-255,5738,63411,53,365857
24020,0.00106,172.31.46.0-255,66,63477,53,365857
24021,0.001105,172.31.46.0-255,66,63543,53,365857
24022,0.00111,74.125.68.0-255,4320,67863,53,365857
24023,0.001112,172.31.46.0-255,66,67929,53,365857
24024,0.001128,74.125.68.0-255,4320,72249,53,365857
24025,0.00113,172.31.46.0-255,66,72315,53,365857
24026,0.001134,74.125.68.0-255,2543,74858,53,365857
24027,0.001136,172.31.46.0-255,66,74924,53,365857
24028,0.001177,74.125.68.0-255,1484,76408,53,365857
24029,0.001192,74.125.68.0-255,2902,79310,53,365857
24030,0.001194,172.31.46.0-255,66,79376,53,365857
24031,0.001206,74.125.68.0-255,1484,80860,53,365857
24032,0.001225,74.125.68.0-255,4320,85180,53,365857
24033,0.001227,172.31.46.0-255,66,85246,53,365857
24034,0.001234,74.125.68.0-255,5738,90984,53,365857
24035,0.001236,172.31.46.0-255,66,91050,53,365857
24036,0.001249,74.125.68.0-255,2902,93952,53,365857
24037,0.001252,172.31.46.0-255,66,94018,53,365857
24038,0.001257,74.125.68.0-255,4320,98338,53,365857
24039,0.00126,172.31.46.0-255,66,98404,53,365857
24040,0.001287,74.125.68.0-255,5738,104142,53,365857
24041,0.00129,172.31.46.0-255,66,104208,53,365857
24042,0.001296,74.125.68.0-255,4905,109113,53,365857
24043,0.001299,172.31.46.0-255,66,109179,53,365857
24044,0.001782,74.125.68.0-255,1484,110663,53,365857
24045,0.001798,74.125.68.0-255,2902,113565,53,365857
24046,0.001804,172.31.46.0-255,66,113631,53,365857
24047,0.001808,74.125.68.0-255,1484,115115,53,365857
24048,0.001826,74.125.68.0-255,4320,119435,53,365857
24049,0.001829,172.31.46.0-255,66,119501,53,365857
24050,0.001851,74.125.68.0-255,4320,123821,53,365857
24051,0.001854,172.31.46.0-255,66,123887,53,365857
24052,0.001888,172.31.46.0-255,66,123953,53,365857
24053,0.00189,74.125.68.0-255,1484,125437,53,365857
24054,0.001919,172.31.46.0-255,66,125503,53,365857
24055,0.002143,74.125.68.0-255,1484,126987,53,365857
24056,0.002151,74.125.68.0-255,2902,129889,53,365857
24057,0.002155,172.31.46.0-255,66,129955,53,365857
24058,0.00216,74.125.68.0-255,1484,131439,53,365857
24059,0.002179,74.125.68.0-255,4320,135759,53,365857
24060,0.002182,172.31.46.0-255,66,135825,53,365857
24061,0.002198,74.125.68.0-255,5738,141563,53,365857
24062,0.002201,172.31.46.0-255,66,141629,53,365857
24063,0.002222,74.125.68.0-255,4320,145949,53,365857
24064,0.002224,172.31.46.0-255,66,146015,53,365857
24065,0.002236,172.31.46.0-255,66,146081,53,365857
24066,0.002258,74.125.68.0-255,1484,147565,53,365857
24067,0.002262,74.125.68.0-255,2184,149749,53,365857
24068,0.002264,172.31.46.0-255,66,149815,53,365857
24069,0.002269,74.125.68.0-255,2902,152717,53,365857
24070,0.002271,172.31.46.0-255,66,152783,53,365857
24071,0.002297,74.125.68.0-255,7156,159939,53,365857
24072,0.002299,172.31.46.0-255,66,160005,53,365857
24073,0.004565,74.125.68.0-255,5738,165743,53,365857
24074,0.004572,172.31.46.0-255,66,165809,53,365857
24075,0.006836,74.125.68.0-255,5738,171547,53,365857
24076,0.006842,172.31.46.0-255,66,171613,53,365857
24077,0.009112,74.125.68.0-255,4320,175933,53,365857
24078,0.009119,172.31.46.0-255,66,175999,53,365857
24079,0.009171,74.125.68.0-255,1484,177483,53,365857
24080,0.011381,74.125.68.0-255,4320,181803,53,365857
24081,0.011388,172.31.46.0-255,66,181869,53,365857
24082,0.013668,74.125.68.0-255,5738,187607,53,365857
24083,0.013677,172.31.46.0-255,66,187673,53,365857
24084,0.015977,74.125.68.0-255,5738,193411,53,365857
24085,0.015985,172.31.46.0-255,66,193477,53,365857
24086,0.018263,74.125.68.0-255,5738,199215,53,365857
24087,0.01827,172.31.46.0-255,66,199281,53,365857
24088,0.020548,74.125.68.0-255,4320,203601,53,365857
24089,0.020559,172.31.46.0-255,66,203667,53,365857
24090,0.020587,74.125.68.0-255,1484,205151,53,365857
24091,0.022842,74.125.68.0-255,4320,209471,53,365857
24092,0.02285,172.31.46.0-255,66,209537,53,365857
24093,0.025145,74.125.68.0-255,5738,215275,53,365857
24094,0.025155,172.31.46.0-255,66,215341,53,365857
24095,0.02743,74.125.68.0-255,5738,221079,53,365857
24096,0.027442,172.31.46.0-255,66,221145,53,365857
24097,0.029407,172.31.46.0-255,172,221317,53,365857
24098,0.029442,172.31.46.0-255,1112,222429,53,365857
24099,0.029511,172.31.46.0-255,1514,223943,53,365857
24100,0.029514,172.31.46.0-255,1291,225234,53,365857
24101,0.029716,74.125.68.0-255,5738,230972,53,365857
24102,0.029725,172.31.46.0-255,66,231038,53,365857
24103,0.030929,104.244.42.0-255,66,231104,53,365857
24104,0.030962,104.244.42.0-255,66,231170,53,365857
24105,0.031092,104.244.42.0-255,66,231236,53,365857
24106,0.032016,74.125.68.0-255,5738,236974,53,365857
24107,0.032023,172.31.46.0-255,66,237040,53,365857
24108,0.034303,74.125.68.0-255,5738,242778,53,365857
24109,0.03431,172.31.46.0-255,66,242844,53,365857
24110,0.036588,74.125.68.0-255,5738,248582,53,365857
24111,0.036596,172.31.46.0-255,66,248648,53,365857
24112,0.03888,74.125.68.0-255,5738,254386,53,365857
24113,0.038888,172.31.46.0-255,66,254452,53,365857
24114,0.041173,74.125.68.0-255,5738,260190,53,365857
24115,0.041181,172.31.46.0-255,66,260256,53,365857
24116,0.043484,74.125.68.0-255,5738,265994,53,365857
24117,0.043495,172.31.46.0-255,66,266060,53,365857
24118,0.045774,74.125.68.0-255,5738,271798,53,365857
24119,0.045785,172.31.46.0-255,66,271864,53,365857
24120,0.048061,74.125.68.0-255,5738,277602,53,365857
24121,0.048069,172.31.46.0-255,66,277668,53,365857
24122,0.05035,74.125.68.0-255,5738,283406,53,365857
24123,0.050358,172.31.46.0-255,66,283472,53,365857
24124,0.052636,74.125.68.0-255,5738,289210,53,365857
24125,0.052643,172.31.46.0-255,66,289276,53,365857
24126,0.054926,74.125.68.0-255,5738,295014,53,365857
24127,0.054932,172.31.46.0-255,66,295080,53,365857
24128,0.057206,74.125.68.0-255,5738,300818,53,365857
24129,0.057213,172.31.46.0-255,66,300884,53,365857
24130,0.059486,74.125.68.0-255,5738,306622,53,365857
24131,0.059493,172.31.46.0-255,66,306688,53,365857
24132,0.061787,74.125.68.0-255,5738,312426,53,365857
24133,0.061799,172.31.46.0-255,66,312492,53,365857
24134,0.064136,74.125.68.0-255,5738,318230,53,365857
24135,0.064144,172.31.46.0-255,66,318296,53,365857
24136,0.06643,74.125.68.0-255,5738,324034,53,365857
24137,0.066438,172.31.46.0-255,66,324100,53,365857
24138,0.068721,74.125.68.0-255,5738,329838,53,365857
24139,0.068728,172.31.46.0-255,66,329904,53,365857
24140,0.071034,74.125.68.0-255,5738,335642,53,365857
24141,0.071042,172.31.46.0-255,66,335708,53,365857
24142,0.073318,74.125.68.0-255,5738,341446,53,365857
24143,0.073326,172.31.46.0-255,66,341512,53,365857
24144,0.075621,74.125.68.0-255,5738,347250,53,365857
24145,0.075627,172.31.46.0-255,66,347316,53,365857
24146,0.077913,74.125.68.0-255,5738,353054,53,365857
24147,0.07792,172.31.46.0-255,66,353120,53,365857
24148,0.080199,74.125.68.0-255,5738,358858,53,365857
24149,0.080206,172.31.46.0-255,66,358924,53,365857
24150,0.082541,74.125.68.0-255,5738,364662,53,365857
24151,0.082548,172.31.46.0-255,66,364728,53,365857
24152,0.084807,74.125.68.0-255,892,365620,53,365857
24153,0.08494,172.31.46.0-255,66,365686,53,365857
24154,0.084978,172.31.46.0-255,105,365791,53,365857
24155,0.087215,74.125.68.0-255,66,365857,53,365857
24156,0.0,172.31.46.0-255,74,74,53,74
24157,0.0,172.31.46.0-255,66,66,53,66
24158,0.0,74.125.24.0-255,297,297,53,315324
24159,2.5e-05,172.31.46.0-255,66,363,53,315324
24160,3.2e-05,74.125.24.0-255,1484,1847,53,315324
24161,3.7e-05,172.31.46.0-255,66,1913,53,315324
24162,4.4e-05,74.125.24.0-255,4320,6233,53,315324
24163,4.9e-05,172.31.46.0-255,66,6299,53,315324
24164,6e-05,172.31.46.0-255,66,6365,53,315324
24165,8.8e-05,74.125.24.0-255,2902,9267,53,315324
24166,9.1e-05,172.31.46.0-255,66,9333,53,315324
24167,0.000113,74.125.24.0-255,5738,15071,53,315324
24168,0.000116,172.31.46.0-255,66,15137,53,315324
24169,0.000122,74.125.24.0-255,5738,20875,53,315324
24170,0.000125,172.31.46.0-255,66,20941,53,315324
24171,0.000159,74.125.24.0-255,1484,22425,53,315324
24172,0.000162,172.31.46.0-255,66,22491,53,315324
24173,0.000245,74.125.24.0-255,1125,23616,53,315324
24174,0.000248,172.31.46.0-255,66,23682,53,315324
24175,0.000303,74.125.24.0-255,1484,25166,53,315324
24176,0.000306,172.31.46.0-255,66,25232,53,315324
24177,0.000328,74.125.24.0-255,2902,28134,53,315324
24178,0.00033,172.31.46.0-255,66,28200,53,315324
24179,0.000333,74.125.24.0-255,1484,29684,53,315324
24180,0.000336,172.31.46.0-255,66,29750,53,315324
24181,0.000355,74.125.24.0-255,4320,34070,53,315324
24182,0.000357,172.31.46.0-255,66,34136,53,315324
24183,0.000361,74.125.24.0-255,2902,37038,53,315324
24184,0.000364,172.31.46.0-255,66,37104,53,315324
24185,0.000393,172.31.46.0-255,66,37170,53,315324
24186,0.000404,172.31.46.0-255,66,37236,53,315324
24187,0.000627,74.125.24.0-255,645,37881,53,315324
24188,0.000858,74.125.24.0-255,1484,39365,53,315324
24189,0.000863,172.31.46.0-255,66,39431,53,315324
24190,0.000868,74.125.24.0-255,1484,40915,53,315324
24191,0.000884,74.125.24.0-255,1484,42399,53,315324
24192,0.000886,172.31.46.0-255,66,42465,53,315324
24193,0.000893,74.125.24.0-255,5738,48203,53,315324
24194,0.000896,172.31.46.0-255,66,48269,53,315324
24195,0.000901,74.125.24.0-255,4320,52589,53,315324
24196,0.000904,172.31.46.0-255,66,52655,53,315324
24197,0.000941,74.125.24.0-255,1484,54139,53,315324
24198,0.000945,172.31.46.0-255,66,54205,53,315324
24199,0.000956,74.125.24.0-255,4320,58525,53,315324
24200,0.000959,172.31.46.0-255,66,58591,53,315324
24201,0.00098,74.125.24.0-255,5020,63611,53,315324
24202,0.000983,172.31.46.0-255,66,63677,53,315324
24203,0.001334,74.125.24.0-255,1484,65161,53,315324
24204,0.001338,74.125.24.0-255,1484,66645,53,315324
24205,0.001344,172.31.46.0-255,66,66711,53,315324
24206,0.00136,74.125.24.0-255,1484,68195,53,315324
24207,0.001367,74.125.24.0-255,5738,73933,53,315324
24208,0.00137,172.31.46.0-255,66,73999,53,315324
24209,0.001377,74.125.24.0-255,7156,81155,53,315324
24210,0.001379,172.31.46.0-255,66,81221,53,315324
24211,0.001398,74.125.24.0-255,5738,86959,53,315324
24212,0.0014,172.31.46.0-255,66,87025,53,315324
24213,0.001423,172.31.46.0-255,66,87091,53,315324
24214,0.001449,74.125.24.0-255,1636,88727,53,315324
24215,0.001452,172.31.46.0-255,66,88793,53,315324
24216,0.001455,74.125.24.0-255,1484,90277,53,315324
24217,0.001476,74.125.24.0-255,2902,93179,53,315324
24218,0.001478,172.31.46.0-255,66,93245,53,315324
24219,0.001484,74.125.24.0-255,5738,98983,53,315324
24220,0.001486,172.31.46.0-255,66,99049,53,315324
24221,0.0015,74.125.24.0-255,1484,100533,53,315324
24222,0.001526,172.31.46.0-255,66,100599,53,315324
24223,0.001562,172.31.46.0-255,66,100665,53,315324
24224,0.001587,74.125.24.0-255,5020,105685,53,315324
24225,0.00159,172.31.46.0-255,66,105751,53,315324
24226,0.001602,172.31.46.0-255,66,105817,53,315324
24227,0.001627,74.125.24.0-255,1484,107301,53,315324
24228,0.001644,74.125.24.0-255,2902,110203,53,315324
24229,0.001648,172.31.46.0-255,66,110269,53,315324
24230,0.001681,172.31.46.0-255,66,110335,53,315324
24231,0.001694,74.125.24.0-255,2184,112519,53,315324
24232,0.001697,172.31.46.0-255,66,112585,53,315324
24233,0.003627,74.125.24.0-255,2902,115487,53,315324
24234,0.003635,172.31.46.0-255,66,115553,53,315324
24235,0.003666,74.125.24.0-255,2902,118455,53,315324
24236,0.003669,172.31.46.0-255,66,118521,53,315324
24237,0.005639,74.125.24.0-255,2902,121423,53,315324
24238,0.005646,172.31.46.0-255,66,121489,53,315324
24239,0.005664,74.125.24.0-255,2902,124391,53,315324
24240,0.005666,172.31.46.0-255,66,124457,53,315324
24241,0.007662,74.125.24.0-255,5738,130195,53,315324
24242,0.007669,172.31.46.0-255,66,130261,53,315324
24243,0.009628,74.125.24.0-255,5738,135999,53,315324
24244,0.009634,172.31.46.0-255,66,136065,53,315324
24245,0.011621,74.125.24.0-255,5738,141803,53,315324
24246,0.011628,172.31.46.0-255,66,141869,53,315324
24247,0.013588,74.125.24.0-255,5738,147607,53,315324
24248,0.013596,172.31.46.0-255,66,147673,53,315324
24249,0.015551,74.125.24.0-255,5738,153411,53,315324
24250,0.01556,172.31.46.0-255,66,153477,53,315324
24251,0.017521,74.125.24.0-255,5738,159215,53,315324
24252,0.017529,172.31.46.0-255,66,159281,53,315324
24253,0.019516,74.125.24.0-255,5738,165019,53,315324
24254,0.019528,172.31.46.0-255,66,165085,53,315324
24255,0.021476,74.125.24.0-255,5738,170823,53,315324
24256,0.021485,172.31.46.0-255,66,170889,53,315324
24257,0.023444,74.125.24.0-255,5738,176627,53,315324
24258,0.023452,172.31.46.0-255,66,176693,53,315324
24259,0.025412,74.125.24.0-255,5738,182431,53,315324
24260,0.025419,172.31.46.0-255,66,182497,53,315324
24261,0.027386,74.125.24.0-255,5738,188235,53,315324
24262,0.027392,172.31.46.0-255,66,188301,53,315324
24263,0.029358,74.125.24.0-255,5738,194039,53,315324
24264,0.029365,172.31.46.0-255,66,194105,53,315324
24265,0.031404,74.125.24.0-255,5738,199843,53,315324
24266,0.031411,172.31.46.0-255,66,199909,53,315324
24267,0.033384,74.125.24.0-255,5738,205647,53,315324
24268,0.033392,172.31.46.0-255,66,205713,53,315324
24269,0.035351,74.125.24.0-255,5738,211451,53,315324
24270,0.035359,172.31.46.0-255,66,211517,53,315324
24271,0.037327,74.125.24.0-255,5738,217255,53,315324
24272,0.037334,172.31.46.0-255,66,217321,53,315324
24273,0.038098,172.31.46.0-255,164,217485,53,315324
24274,0.038146,172.31.46.0-255,1121,218606,53,315324
24275,0.038211,172.31.46.0-255,1514,220120,53,315324
24276,0.038213,172.31.46.0-255,1514,221634,53,315324
24277,0.038214,172.31.46.0-255,1514,223148,53,315324
24278,0.038215,172.31.46.0-255,1514,224662,53,315324
24279,0.038242,172.31.46.0-255,1514,226176,53,315324
24280,0.038243,172.31.46.0-255,130,226306,53,315324
24281,0.039304,74.125.24.0-255,5738,232044,53,315324
24282,0.039311,172.31.46.0-255,66,232110,53,315324
24283,0.039668,104.244.42.0-255,66,232176,53,315324
24284,0.039763,104.244.42.0-255,66,232242,53,315324
24285,0.039768,104.244.42.0-255,66,232308,53,315324
24286,0.039927,104.244.42.0-255,66,232374,53,315324
24287,0.0413,74.125.24.0-255,5738,238112,53,315324
24288,0.041309,172.31.46.0-255,66,238178,53,315324
24289,0.043281,74.125.24.0-255,5738,243916,53,315324
24290,0.043287,172.31.46.0-255,66,243982,53,315324
24291,0.045297,74.125.24.0-255,5738,249720,53,315324
24292,0.045308,172.31.46.0-255,66,249786,53,315324
24293,0.047301,74.125.24.0-255,5738,255524,53,315324
24294,0.047307,172.31.46.0-255,66,255590,53,315324
24295,0.049285,74.125.24.0-255,5738,261328,53,315324
24296,0.049291,172.31.46.0-255,66,261394,53,315324
24297,0.051294,74.125.24.0-255,5738,267132,53,315324
24298,0.051302,172.31.46.0-255,66,267198,53,315324
24299,0.053284,74.125.24.0-255,5738,272936,53,315324
24300,0.053291,172.31.46.0-255,66,273002,53,315324
24301,0.055242,74.125.24.0-255,5738,278740,53,315324
24302,0.055249,172.31.46.0-255,66,278806,53,315324
24303,0.057225,74.125.24.0-255,5738,284544,53,315324
24304,0.057232,172.31.46.0-255,66,284610,53,315324
24305,0.059194,74.125.24.0-255,5738,290348,53,315324
24306,0.0592,172.31.46.0-255,66,290414,53,315324
24307,0.061162,74.125.24.0-255,5738,296152,53,315324
24308,0.061169,172.31.46.0-255,66,296218,53,315324
24309,0.063155,74.125.24.0-255,5738,301956,53,315324
24310,0.063169,172.31.46.0-255,66,302022,53,315324
24311,0.06515,74.125.24.0-255,5738,307760,53,315324
24312,0.065159,172.31.46.0-255,66,307826,53,315324
24313,0.067147,74.125.24.0-255,5738,313564,53,315324
24314,0.067153,172.31.46.0-255,66,313630,53,315324
24315,0.069139,74.125.24.0-255,932,314562,53,315324
24316,0.06931,172.31.46.0-255,105,314667,53,315324
24317,0.069345,172.31.46.0-255,105,314772,53,315324
24318,0.069548,172.31.46.0-255,90,314862,53,315324
24319,0.069557,172.31.46.0-255,66,314928,53,315324
24320,0.071231,74.125.24.0-255,66,314994,53,315324
24321,0.071259,74.125.24.0-255,66,315060,53,315324
24322,0.071437,74.125.24.0-255,66,315126,53,315324
24323,0.071466,74.125.24.0-255,66,315192,53,315324
24324,0.071472,172.31.46.0-255,66,315258,53,315324
24325,0.07149,74.125.24.0-255,66,315324,53,315324
24326,0.0,74.125.130.0-255,153,153,53,312461
24327,1.7e-05,172.31.46.0-255,66,219,53,312461
24328,2.4e-05,74.125.130.0-255,1484,1703,53,312461
24329,2.9e-05,172.31.46.0-255,66,1769,53,312461
24330,3.5e-05,74.125.130.0-255,2902,4671,53,312461
24331,3.8e-05,172.31.46.0-255,66,4737,53,312461
24332,8.4e-05,74.125.130.0-255,5738,10475,53,312461
24333,8.8e-05,172.31.46.0-255,66,10541,53,312461
24334,0.000132,74.125.130.0-255,3411,13952,53,312461
24335,0.000135,172.31.46.0-255,66,14018,53,312461
24336,0.000637,74.125.130.0-255,1484,15502,53,312461
24337,0.000644,172.31.46.0-255,66,15568,53,312461
24338,0.000666,74.125.130.0-255,2902,18470,53,312461
24339,0.000669,172.31.46.0-255,66,18536,53,312461
24340,0.000686,74.125.130.0-255,1484,20020,53,312461
24341,0.000688,172.31.46.0-255,66,20086,53,312461
24342,0.000735,74.125.130.0-255,1484,21570,53,312461
24343,0.000738,172.31.46.0-255,66,21636,53,312461
24344,0.000743,74.125.130.0-255,1484,23120,53,312461
24345,0.000745,172.31.46.0-255,66,23186,53,312461
24346,0.000759,74.125.130.0-255,1484,24670,53,312461
24347,0.000761,172.31.46.0-255,66,24736,53,312461
24348,0.000789,74.125.130.0-255,5738,30474,53,312461
24349,0.000793,172.31.46.0-255,66,30540,53,312461
24350,0.000796,74.125.130.0-255,1125,31665,53,312461
24351,0.000798,172.31.46.0-255,66,31731,53,312461
24352,0.000863,74.125.130.0-255,1484,33215,53,312461
24353,0.000866,172.31.46.0-255,66,33281,53,312461
24354,0.000909,74.125.130.0-255,1484,34765,53,312461
24355,0.000912,172.31.46.0-255,66,34831,53,312461
24356,0.00093,74.125.130.0-255,1484,36315,53,312461
24357,0.000932,172.31.46.0-255,66,36381,53,312461
24358,0.000963,74.125.130.0-255,2902,39283,53,312461
24359,0.000967,172.31.46.0-255,66,39349,53,312461
24360,0.000987,74.125.130.0-255,4320,43669,53,312461
24361,0.000989,172.31.46.0-255,66,43735,53,312461
24362,0.001007,74.125.130.0-255,1484,45219,53,312461
24363,0.001009,172.31.46.0-255,66,45285,53,312461
24364,0.001039,74.125.130.0-255,3961,49246,53,312461
24365,0.001042,172.31.46.0-255,66,49312,53,312461
24366,0.001129,74.125.130.0-255,1484,50796,53,312461
24367,0.001133,172.31.46.0-255,66,50862,53,312461
24368,0.001137,74.125.130.0-255,1484,52346,53,312461
24369,0.00114,172.31.46.0-255,66,52412,53,312461
24370,0.001165,74.125.130.0-255,2902,55314,53,312461
24371,0.001169,172.31.46.0-255,66,55380,53,312461
24372,0.001175,74.125.130.0-255,5738,61118,53,312461
24373,0.001178,172.31.46.0-255,66,61184,53,312461
24374,0.00121,74.125.130.0-255,5379,66563,53,312461
24375,0.001213,172.31.46.0-255,66,66629,53,312461
24376,0.001229,74.125.130.0-255,378,67007,53,312461
24377,0.001231,172.31.46.0-255,66,67073,53,312461
24378,0.002195,74.125.130.0-255,100,67173,53,312461
24379,0.002203,172.31.46.0-255,66,67239,53,312461
24380,0.00239,74.125.130.0-255,1484,68723,53,312461
24381,0.002393,172.31.46.0-255,66,68789,53,312461
24382,0.002398,74.125.130.0-255,2902,71691,53,312461
24383,0.002401,172.31.46.0-255,66,71757,53,312461
24384,0.002404,74.125.130.0-255,1484,73241,53,312461
24385,0.002406,172.31.46.0-255,66,73307,53,312461
24386,0.002428,74.125.130.0-255,2902,76209,53,312461
24387,0.00243,172.31.46.0-255,66,76275,53,312461
24388,0.00245,74.125.130.0-255,1484,77759,53,312461
24389,0.002452,172.31.46.0-255,66,77825,53,312461
24390,0.00247,74.125.130.0-255,6797,84622,53,312461
24391,0.002472,172.31.46.0-255,66,84688,53,312461
24392,0.002509,172.31.46.0-255,66,84754,53,312461
24393,0.002513,74.125.130.0-255,2902,87656,53,312461
24394,0.002516,172.31.46.0-255,66,87722,53,312461
24395,0.002534,74.125.130.0-255,5379,93101,53,312461
24396,0.002536,172.31.46.0-255,66,93167,53,312461
24397,0.005307,74.125.130.0-255,1484,94651,53,312461
24398,0.005315,172.31.46.0-255,66,94717,53,312461
24399,0.005323,74.125.130.0-255,2902,97619,53,312461
24400,0.005325,172.31.46.0-255,66,97685,53,312461
24401,0.005349,74.125.130.0-255,1484,99169,53,312461
24402,0.005351,172.31.46.0-255,66,99235,53,312461
24403,0.007887,74.125.130.0-255,5738,104973,53,312461
24404,0.007896,172.31.46.0-255,66,105039,53,312461
24405,0.010484,74.125.130.0-255,5738,110777,53,312461
24406,0.010496,172.31.46.0-255,66,110843,53,312461
24407,0.013056,74.125.130.0-255,5738,116581,53,312461
24408,0.013064,172.31.46.0-255,66,116647,53,312461
24409,0.015636,74.125.130.0-255,5738,122385,53,312461
24410,0.015653,172.31.46.0-255,66,122451,53,312461
24411,0.018273,74.125.130.0-255,5738,128189,53,312461
24412,0.018292,172.31.46.0-255,66,128255,53,312461
24413,0.020875,74.125.130.0-255,5738,133993,53,312461
24414,0.020887,172.31.46.0-255,66,134059,53,312461
24415,0.021073,172.31.46.0-255,167,134226,53,312461
24416,0.021109,172.31.46.0-255,1113,135339,53,312461
24417,0.021169,172.31.46.0-255,1514,136853,53,312461
24418,0.021171,172.31.46.0-255,1290,138143,53,312461
24419,0.02264,104.244.42.0-255,66,138209,53,312461
24420,0.022816,104.244.42.0-255,66,138275,53,312461
24421,0.022822,104.244.42.0-255,66,138341,53,312461
24422,0.023462,74.125.130.0-255,5738,144079,53,312461
24423,0.023473,172.31.46.0-255,66,144145,53,312461
24424,0.02605,74.125.130.0-255,5738,149883,53,312461
24425,0.026062,172.31.46.0-255,66,149949,53,312461
24426,0.02863,74.125.130.0-255,5738,155687,53,312461
24427,0.028642,172.31.46.0-255,66,155753,53,312461
24428,0.03121,74.125.130.0-255,5738,161491,53,312461
24429,0.03122,172.31.46.0-255,66,161557,53,312461
24430,0.033791,74.125.130.0-255,5738,167295,53,312461
24431,0.033802,172.31.46.0-255,66,167361,53,312461
24432,0.036372,74.125.130.0-255,5738,173099,53,312461
24433,0.036386,172.31.46.0-255,66,173165,53,312461
24434,0.038996,74.125.130.0-255,5738,178903,53,312461
24435,0.039005,172.31.46.0-255,66,178969,53,312461
24436,0.041584,74.125.130.0-255,5738,184707,53,312461
24437,0.0416,172.31.46.0-255,66,184773,53,312461
24438,0.044195,74.125.130.0-255,5738,190511,53,312461
24439,0.044209,172.31.46.0-255,66,190577,53,312461
24440,0.046801,74.125.130.0-255,5738,196315,53,312461
24441,0.046815,172.31.46.0-255,66,196381,53,312461
24442,0.049408,74.125.130.0-255,5738,202119,53,312461
24443,0.049418,172.31.46.0-255,66,202185,53,312461
24444,0.052006,74.125.130.0-255,5738,207923,53,312461
24445,0.052013,172.31.46.0-255,66,207989,53,312461
24446,0.054588,74.125.130.0-255,5738,213727,53,312461
24447,0.054594,172.31.46.0-255,66,213793,53,312461
24448,0.057176,74.125.130.0-255,5738,219531,53,312461
24449,0.057183,172.31.46.0-255,66,219597,53,312461
24450,0.059756,74.125.130.0-255,5738,225335,53,312461
24451,0.059763,172.31.46.0-255,66,225401,53,312461
24452,0.062325,74.125.130.0-255,5738,231139,53,312461
24453,0.062333,172.31.46.0-255,66,231205,53,312461
24454,0.064909,74.125.130.0-255,5738,236943,53,312461
24455,0.064918,172.31.46.0-255,66,237009,53,312461
24456,0.067482,74.125.130.0-255,5738,242747,53,312461
24457,0.067489,172.31.46.0-255,66,242813,53,312461
24458,0.070079,74.125.130.0-255,5738,248551,53,312461
24459,0.070087,172.31.46.0-255,66,248617,53,312461
24460,0.07268,74.125.130.0-255,5738,254355,53,312461
24461,0.072687,172.31.46.0-255,66,254421,53,312461
24462,0.075253,74.125.130.0-255,5738,260159,53,312461
24463,0.07526,172.31.46.0-255,66,260225,53,312461
24464,0.077828,74.125.130.0-255,5738,265963,53,312461
24465,0.077834,172.31.46.0-255,66,266029,53,312461
24466,0.080403,74.125.130.0-255,5738,271767,53,312461
24467,0.08041,172.31.46.0-255,66,271833,53,312461
24468,0.082994,74.125.130.0-255,5738,277571,53,312461
24469,0.083,172.31.46.0-255,66,277637,53,312461
24470,0.085579,74.125.130.0-255,5738,283375,53,312461
24471,0.085586,172.31.46.0-255,66,283441,53,312461
24472,0.088147,74.125.130.0-255,5738,289179,53,312461
24473,0.088152,172.31.46.0-255,66,289245,53,312461
24474,0.090716,74.125.130.0-255,5738,294983,53,312461
24475,0.090723,172.31.46.0-255,66,295049,53,312461
24476,0.093296,74.125.130.0-255,5738,300787,53,312461
24477,0.093302,172.31.46.0-255,66,300853,53,312461
24478,0.095906,74.125.130.0-255,5738,306591,53,312461
24479,0.095913,172.31.46.0-255,66,306657,53,312461
24480,0.098535,74.125.130.0-255,5738,312395,53,312461
24481,0.098542,172.31.46.0-255,66,312461,53,312461
24482,0.0,74.125.68.0-255,147,147,53,282613
24483,2e-05,172.31.46.0-255,66,213,53,282613
24484,2.8e-05,74.125.68.0-255,1484,1697,53,282613
24485,3.2e-05,172.31.46.0-255,66,1763,53,282613
24486,4.6e-05,74.125.68.0-255,2902,4665,53,282613
24487,5e-05,172.31.46.0-255,66,4731,53,282613
24488,5.8e-05,74.125.68.0-255,7156,11887,53,282613
24489,6.1e-05,172.31.46.0-255,66,11953,53,282613
24490,6.5e-05,74.125.68.0-255,2041,13994,53,282613
24491,6.7e-05,172.31.46.0-255,66,14060,53,282613
24492,0.000103,74.125.68.0-255,2902,16962,53,282613
24493,0.000107,172.31.46.0-255,66,17028,53,282613
24494,0.000113,74.125.68.0-255,5738,22766,53,282613
24495,0.000115,172.31.46.0-255,66,22832,53,282613
24496,0.000151,74.125.68.0-255,7156,29988,53,282613
24497,0.000154,172.31.46.0-255,66,30054,53,282613
24498,0.000157,74.125.68.0-255,1484,31538,53,282613
24499,0.00016,172.31.46.0-255,66,31604,53,282613
24500,0.00021,172.31.46.0-255,66,31670,53,282613
24501,0.000213,74.125.68.0-255,1484,33154,53,282613
24502,0.000215,172.31.46.0-255,66,33220,53,282613
24503,0.000248,74.125.68.0-255,3602,36822,53,282613
24504,0.00025,172.31.46.0-255,66,36888,53,282613
24505,0.000513,74.125.68.0-255,1484,38372,53,282613
24506,0.000517,172.31.46.0-255,66,38438,53,282613
24507,0.00052,74.125.68.0-255,1484,39922,53,282613
24508,0.000522,172.31.46.0-255,66,39988,53,282613
24509,0.000541,74.125.68.0-255,1484,41472,53,282613
24510,0.000547,172.31.46.0-255,66,41538,53,282613
24511,0.000554,74.125.68.0-255,5738,47276,53,282613
24512,0.000557,172.31.46.0-255,66,47342,53,282613
24513,0.000561,74.125.68.0-255,2902,50244,53,282613
24514,0.000563,172.31.46.0-255,66,50310,53,282613
24515,0.000595,74.125.68.0-255,4270,54580,53,282613
24516,0.000598,172.31.46.0-255,66,54646,53,282613
24517,0.003083,74.125.68.0-255,1484,56130,53,282613
24518,0.003112,74.125.68.0-255,4320,60450,53,282613
24519,0.003117,172.31.46.0-255,66,60516,53,282613
24520,0.00564,74.125.68.0-255,5738,66254,53,282613
24521,0.005646,172.31.46.0-255,66,66320,53,282613
24522,0.008165,74.125.68.0-255,5738,72058,53,282613
24523,0.008171,172.31.46.0-255,66,72124,53,282613
24524,0.010713,74.125.68.0-255,5738,77862,53,282613
24525,0.010721,172.31.46.0-255,66,77928,53,282613
24526,0.013288,74.125.68.0-255,5738,83666,53,282613
24527,0.013296,172.31.46.0-255,66,83732,53,282613
24528,0.01586,74.125.68.0-255,5738,89470,53,282613
24529,0.01587,172.31.46.0-255,66,89536,53,282613
24530,0.018401,74.125.68.0-255,5738,95274,53,282613
24531,0.018409,172.31.46.0-255,66,95340,53,282613
24532,0.018498,172.31.46.0-255,101,95441,53,282613
24533,0.02093,74.125.68.0-255,5738,101179,53,282613
24534,0.020937,172.31.46.0-255,66,101245,53,282613
24535,0.020981,74.125.68.0-255,66,101311,53,282613
24536,0.023465,74.125.68.0-255,5738,107049,53,282613
24537,0.023473,172.31.46.0-255,66,107115,53,282613
24538,0.026002,74.125.68.0-255,5738,112853,53,282613
24539,0.02601,172.31.46.0-255,66,112919,53,282613
24540,0.028532,74.125.68.0-255,5738,118657,53,282613
24541,0.02854,172.31.46.0-255,66,118723,53,282613
24542,0.031073,74.125.68.0-255,5738,124461,53,282613
24543,0.031081,172.31.46.0-255,66,124527,53,282613
24544,0.033616,74.125.68.0-255,5738,130265,53,282613
24545,0.033633,172.31.46.0-255,66,130331,53,282613
24546,0.03618,74.125.68.0-255,5738,136069,53,282613
24547,0.036196,172.31.46.0-255,66,136135,53,282613
24548,0.037192,172.31.46.0-255,172,136307,53,282613
24549,0.037224,172.31.46.0-255,1074,137381,53,282613
24550,0.038717,74.125.68.0-255,5738,143119,53,282613
24551,0.038729,172.31.46.0-255,66,143185,53,282613
24552,0.038755,104.244.42.0-255,66,143251,53,282613
24553,0.038797,104.244.42.0-255,66,143317,53,282613
24554,0.041269,74.125.68.0-255,5738,149055,53,282613
24555,0.041282,172.31.46.0-255,66,149121,53,282613
24556,0.043817,74.125.68.0-255,5738,154859,53,282613
24557,0.043827,172.31.46.0-255,66,154925,53,282613
24558,0.046362,74.125.68.0-255,5738,160663,53,282613
24559,0.046371,172.31.46.0-255,66,160729,53,282613
24560,0.048891,74.125.68.0-255,5738,166467,53,282613
24561,0.048901,172.31.46.0-255,66,166533,53,282613
24562,0.051448,74.125.68.0-255,5738,172271,53,282613
24563,0.051458,172.31.46.0-255,66,172337,53,282613
24564,0.053997,74.125.68.0-255,5738,178075,53,282613
24565,0.054007,172.31.46.0-255,66,178141,53,282613
24566,0.056539,74.125.68.0-255,5738,183879,53,282613
24567,0.05655,172.31.46.0-255,66,183945,53,282613
24568,0.059081,74.125.68.0-255,5738,189683,53,282613
24569,0.05909,172.31.46.0-255,66,189749,53,282613
24570,0.061629,74.125.68.0-255,5738,195487,53,282613
24571,0.061639,172.31.46.0-255,66,195553,53,282613
24572,0.06417,74.125.68.0-255,5738,201291,53,282613
24573,0.064179,172.31.46.0-255,66,201357,53,282613
24574,0.066713,74.125.68.0-255,5738,207095,53,282613
24575,0.06672,172.31.46.0-255,66,207161,53,282613
24576,0.069262,74.125.68.0-255,5738,212899,53,282613
24577,0.069268,172.31.46.0-255,66,212965,53,282613
24578,0.071797,74.125.68.0-255,5738,218703,53,282613
24579,0.071803,172.31.46.0-255,66,218769,53,282613
24580,0.074341,74.125.68.0-255,5738,224507,53,282613
24581,0.074348,172.31.46.0-255,66,224573,53,282613
24582,0.076884,74.125.68.0-255,5738,230311,53,282613
24583,0.076891,172.31.46.0-255,66,230377,53,282613
24584,0.079439,74.125.68.0-255,5738,236115,53,282613
24585,0.079445,172.31.46.0-255,66,236181,53,282613
24586,0.081997,74.125.68.0-255,5738,241919,53,282613
24587,0.082003,172.31.46.0-255,66,241985,53,282613
24588,0.084561,74.125.68.0-255,5738,247723,53,282613
24589,0.084568,172.31.46.0-255,66,247789,53,282613
24590,0.087117,74.125.68.0-255,5738,253527,53,282613
24591,0.087124,172.31.46.0-255,66,253593,53,282613
24592,0.08964,74.125.68.0-255,5738,259331,53,282613
24593,0.089647,172.31.46.0-255,66,259397,53,282613
24594,0.092211,74.125.68.0-255,5738,265135,53,282613
24595,0.092217,172.31.46.0-255,66,265201,53,282613
24596,0.094753,74.125.68.0-255,5738,270939,53,282613
24597,0.094761,172.31.46.0-255,66,271005,53,282613
24598,0.097348,74.125.68.0-255,5738,276743,53,282613
24599,0.097363,172.31.46.0-255,66,276809,53,282613
24600,0.09991,74.125.68.0-255,5738,282547,53,282613
24601,0.099925,172.31.46.0-255,66,282613,53,282613
24602,0.0,172.217.194.0-255,153,153,53,340452
24603,3.4e-05,172.31.46.0-255,66,219,53,340452
24604,4.1e-05,172.217.194.0-255,1484,1703,53,340452
24605,4.4e-05,172.31.46.0-255,66,1769,53,340452
24606,4.9e-05,172.217.194.0-255,2902,4671,53,340452
24607,5.1e-05,172.31.46.0-255,66,4737,53,340452
24608,5.6e-05,172.217.194.0-255,2902,7639,53,340452
24609,5.9e-05,172.31.46.0-255,66,7705,53,340452
24610,7.1e-05,172.31.46.0-255,66,7771,53,340452
24611,0.000101,172.217.194.0-255,704,8475,53,340452
24612,0.000103,172.31.46.0-255,66,8541,53,340452
24613,0.000117,172.31.46.0-255,66,8607,53,340452
24614,0.000196,172.217.194.0-255,1484,10091,53,340452
24615,0.000199,172.31.46.0-255,66,10157,53,340452
24616,0.000207,172.217.194.0-255,2902,13059,53,340452
24617,0.000212,172.31.46.0-255,66,13125,53,340452
24618,0.000216,172.217.194.0-255,2902,16027,53,340452
24619,0.000218,172.31.46.0-255,66,16093,53,340452
24620,0.000245,172.217.194.0-255,2902,18995,53,340452
24621,0.000247,172.31.46.0-255,66,19061,53,340452
24622,0.000255,172.217.194.0-255,6797,25858,53,340452
24623,0.000259,172.31.46.0-255,66,25924,53,340452
24624,0.000265,172.217.194.0-255,5738,31662,53,340452
24625,0.000267,172.31.46.0-255,66,31728,53,340452
24626,0.000282,172.217.194.0-255,1484,33212,53,340452
24627,0.000284,172.31.46.0-255,66,33278,53,340452
24628,0.000288,172.217.194.0-255,1484,34762,53,340452
24629,0.00029,172.31.46.0-255,66,34828,53,340452
24630,0.000324,172.31.46.0-255,66,34894,53,340452
24631,0.000699,172.217.194.0-255,648,35542,53,340452
24632,0.000838,172.31.46.0-255,66,35608,53,340452
24633,0.001929,172.217.194.0-255,1484,37092,53,340452
24634,0.001941,172.217.194.0-255,2902,39994,53,340452
24635,0.001945,172.31.46.0-255,66,40060,53,340452
24636,0.001954,172.217.194.0-255,5738,45798,53,340452
24637,0.001956,172.31.46.0-255,66,45864,53,340452
24638,0.001961,172.217.194.0-255,4320,50184,53,340452
24639,0.001963,172.31.46.0-255,66,50250,53,340452
24640,0.001992,172.217.194.0-255,5738,55988,53,340452
24641,0.001994,172.31.46.0-255,66,56054,53,340452
24642,0.002016,172.217.194.0-255,5738,61792,53,340452
24643,0.002018,172.31.46.0-255,66,61858,53,340452
24644,0.002027,172.31.46.0-255,66,61924,53,340452
24645,0.004005,172.217.194.0-255,5738,67662,53,340452
24646,0.004009,172.31.46.0-255,66,67728,53,340452
24647,0.006054,172.217.194.0-255,5738,73466,53,340452
24648,0.006057,172.31.46.0-255,66,73532,53,340452
24649,0.008116,172.217.194.0-255,5738,79270,53,340452
24650,0.008122,172.31.46.0-255,66,79336,53,340452
24651,0.01012,172.217.194.0-255,5738,85074,53,340452
24652,0.010127,172.31.46.0-255,66,85140,53,340452
24653,0.012152,172.217.194.0-255,5738,90878,53,340452
24654,0.012164,172.31.46.0-255,66,90944,53,340452
24655,0.01421,172.217.194.0-255,5738,96682,53,340452
24656,0.014226,172.31.46.0-255,66,96748,53,340452
24657,0.016277,172.217.194.0-255,5738,102486,53,340452
24658,0.016291,172.31.46.0-255,66,102552,53,340452
24659,0.018343,172.217.194.0-255,5738,108290,53,340452
24660,0.018356,172.31.46.0-255,66,108356,53,340452
24661,0.020357,172.217.194.0-255,5738,114094,53,340452
24662,0.02037,172.31.46.0-255,66,114160,53,340452
24663,0.022377,172.217.194.0-255,5738,119898,53,340452
24664,0.022391,172.31.46.0-255,66,119964,53,340452
24665,0.024423,172.217.194.0-255,5738,125702,53,340452
24666,0.024435,172.31.46.0-255,66,125768,53,340452
24667,0.026056,172.31.46.0-255,172,125940,53,340452
24668,0.026089,172.31.46.0-255,1112,127052,53,340452
24669,0.026133,172.31.46.0-255,1514,128566,53,340452
24670,0.026135,172.31.46.0-255,1514,130080,53,340452
24671,0.026156,172.31.46.0-255,702,130782,53,340452
24672,0.026449,172.217.194.0-255,5738,136520,53,340452
24673,0.026456,172.31.46.0-255,66,136586,53,340452
24674,0.027579,104.244.42.0-255,66,136652,53,340452
24675,0.027695,104.244.42.0-255,66,136718,53,340452
24676,0.027701,104.244.42.0-255,66,136784,53,340452
24677,0.027705,104.244.42.0-255,66,136850,53,340452
24678,0.028435,172.217.194.0-255,5738,142588,53,340452
24679,0.028443,172.31.46.0-255,66,142654,53,340452
24680,0.030531,172.217.194.0-255,5738,148392,53,340452
24681,0.03054,172.31.46.0-255,66,148458,53,340452
24682,0.03254,172.217.194.0-255,5738,154196,53,340452
24683,0.032548,172.31.46.0-255,66,154262,53,340452
24684,0.034566,172.217.194.0-255,5738,160000,53,340452
24685,0.034578,172.31.46.0-255,66,160066,53,340452
24686,0.036587,172.217.194.0-255,5738,165804,53,340452
24687,0.036592,172.31.46.0-255,66,165870,53,340452
24688,0.038567,172.217.194.0-255,5738,171608,53,340452
24689,0.038573,172.31.46.0-255,66,171674,53,340452
24690,0.04062,172.217.194.0-255,5738,177412,53,340452
24691,0.04063,172.31.46.0-255,66,177478,53,340452
24692,0.042665,172.217.194.0-255,5738,183216,53,340452
24693,0.042671,172.31.46.0-255,66,183282,53,340452
24694,0.044726,172.217.194.0-255,5738,189020,53,340452
24695,0.044733,172.31.46.0-255,66,189086,53,340452
24696,0.046756,172.217.194.0-255,5738,194824,53,340452
24697,0.046761,172.31.46.0-255,66,194890,53,340452
24698,0.048734,172.217.194.0-255,4320,199210,53,340452
24699,0.048739,172.31.46.0-255,66,199276,53,340452
24700,0.048767,172.217.194.0-255,1484,200760,53,340452
24701,0.050724,172.217.194.0-255,4320,205080,53,340452
24702,0.05073,172.31.46.0-255,66,205146,53,340452
24703,0.052738,172.217.194.0-255,5738,210884,53,340452
24704,0.052745,172.31.46.0-255,66,210950,53,340452
24705,0.054768,172.217.194.0-255,5738,216688,53,340452
24706,0.054775,172.31.46.0-255,66,216754,53,340452
24707,0.056785,172.217.194.0-255,5738,222492,53,340452
24708,0.056799,172.31.46.0-255,66,222558,53,340452
24709,0.058818,172.217.194.0-255,5738,228296,53,340452
24710,0.058829,172.31.46.0-255,66,228362,53,340452
24711,0.060843,172.217.194.0-255,5738,234100,53,340452
24712,0.060849,172.31.46.0-255,66,234166,53,340452
24713,0.062871,172.217.194.0-255,5738,239904,53,340452
24714,0.062879,172.31.46.0-255,66,239970,53,340452
24715,0.064888,172.217.194.0-255,5738,245708,53,340452
24716,0.064895,172.31.46.0-255,66,245774,53,340452
24717,0.066888,172.217.194.0-255,4320,250094,53,340452
24718,0.066893,172.31.46.0-255,66,250160,53,340452
24719,0.066917,172.217.194.0-255,1484,251644,53,340452
24720,0.068885,172.217.194.0-255,4320,255964,53,340452
24721,0.068891,172.31.46.0-255,66,256030,53,340452
24722,0.070921,172.217.194.0-255,5738,261768,53,340452
24723,0.070928,172.31.46.0-255,66,261834,53,340452
24724,0.072944,172.217.194.0-255,1484,263318,53,340452
24725,0.072973,172.217.194.0-255,4320,267638,53,340452
24726,0.072977,172.31.46.0-255,66,267704,53,340452
24727,0.07498,172.217.194.0-255,5738,273442,53,340452
24728,0.074986,172.31.46.0-255,66,273508,53,340452
24729,0.076984,172.217.194.0-255,5738,279246,53,340452
24730,0.07699,172.31.46.0-255,66,279312,53,340452
24731,0.078988,172.217.194.0-255,5738,285050,53,340452
24732,0.078994,172.31.46.0-255,66,285116,53,340452
24733,0.081002,172.217.194.0-255,5738,290854,53,340452
24734,0.081008,172.31.46.0-255,66,290920,53,340452
24735,0.082996,172.217.194.0-255,5738,296658,53,340452
24736,0.083002,172.31.46.0-255,66,296724,53,340452
24737,0.085047,172.217.194.0-255,5738,302462,53,340452
24738,0.085053,172.31.46.0-255,66,302528,53,340452
24739,0.08706,172.217.194.0-255,5738,308266,53,340452
24740,0.087065,172.31.46.0-255,66,308332,53,340452
24741,0.089038,172.217.194.0-255,4320,312652,53,340452
24742,0.089044,172.31.46.0-255,66,312718,53,340452
24743,0.089071,172.217.194.0-255,1484,314202,53,340452
24744,0.09103,172.217.194.0-255,4320,318522,53,340452
24745,0.091036,172.31.46.0-255,66,318588,53,340452
24746,0.093042,172.217.194.0-255,5738,324326,53,340452
24747,0.093048,172.31.46.0-255,66,324392,53,340452
24748,0.095048,172.217.194.0-255,4320,328712,53,340452
24749,0.095054,172.31.46.0-255,66,328778,53,340452
24750,0.095085,172.217.194.0-255,1484,330262,53,340452
24751,0.097065,172.217.194.0-255,4320,334582,53,340452
24752,0.097069,172.31.46.0-255,66,334648,53,340452
24753,0.099077,172.217.194.0-255,5738,340386,53,340452
24754,0.099081,172.31.46.0-255,66,340452,53,340452
24755,0.0,172.217.194.0-255,143,143,53,323260
24756,3.7e-05,172.31.46.0-255,66,209,53,323260
24757,4.3e-05,172.217.194.0-255,1484,1693,53,323260
24758,4.7e-05,172.31.46.0-255,66,1759,53,323260
24759,5.2e-05,172.217.194.0-255,2902,4661,53,323260
24760,5.5e-05,172.31.46.0-255,66,4727,53,323260
24761,6.1e-05,172.217.194.0-255,5738,10465,53,323260
24762,6.4e-05,172.31.46.0-255,66,10531,53,323260
24763,0.000111,172.217.194.0-255,6185,16716,53,323260
24764,0.000116,172.31.46.0-255,66,16782,53,323260
24765,0.000119,172.217.194.0-255,1484,18266,53,323260
24766,0.000122,172.31.46.0-255,66,18332,53,323260
24767,0.000141,172.217.194.0-255,5738,24070,53,323260
24768,0.000144,172.31.46.0-255,66,24136,53,323260
24769,0.000188,172.31.46.0-255,66,24202,53,323260
24770,0.000213,172.31.46.0-255,66,24268,53,323260
24771,0.000233,172.217.194.0-255,766,25034,53,323260
24772,0.000236,172.31.46.0-255,66,25100,53,323260
24773,0.000473,172.217.194.0-255,1484,26584,53,323260
24774,0.00048,172.31.46.0-255,66,26650,53,323260
24775,0.000496,172.217.194.0-255,2902,29552,53,323260
24776,0.0005,172.31.46.0-255,66,29618,53,323260
24777,0.000523,172.217.194.0-255,1484,31102,53,323260
24778,0.000526,172.31.46.0-255,66,31168,53,323260
24779,0.000549,172.217.194.0-255,2902,34070,53,323260
24780,0.000552,172.31.46.0-255,66,34136,53,323260
24781,0.000556,172.217.194.0-255,1484,35620,53,323260
24782,0.000558,172.31.46.0-255,66,35686,53,323260
24783,0.000575,172.217.194.0-255,5738,41424,53,323260
24784,0.000578,172.31.46.0-255,66,41490,53,323260
24785,0.000608,172.217.194.0-255,1716,43206,53,323260
24786,0.000612,172.31.46.0-255,66,43272,53,323260
24787,0.00145,172.217.194.0-255,1484,44756,53,323260
24788,0.001472,172.217.194.0-255,2902,47658,53,323260
24789,0.001477,172.31.46.0-255,66,47724,53,323260
24790,0.001495,172.217.194.0-255,5738,53462,53,323260
24791,0.001498,172.31.46.0-255,66,53528,53,323260
24792,0.001522,172.217.194.0-255,5738,59266,53,323260
24793,0.001525,172.31.46.0-255,66,59332,53,323260
24794,0.00155,172.217.194.0-255,5738,65070,53,323260
24795,0.001553,172.31.46.0-255,66,65136,53,323260
24796,0.001585,172.217.194.0-255,4320,69456,53,323260
24797,0.001588,172.31.46.0-255,66,69522,53,323260
24798,0.001617,172.31.46.0-255,66,69588,53,323260
24799,0.002354,172.217.194.0-255,1484,71072,53,323260
24800,0.002374,172.217.194.0-255,2902,73974,53,323260
24801,0.002378,172.31.46.0-255,66,74040,53,323260
24802,0.002408,172.217.194.0-255,1484,75524,53,323260
24803,0.002429,172.217.194.0-255,2902,78426,53,323260
24804,0.002432,172.31.46.0-255,66,78492,53,323260
24805,0.002443,172.31.46.0-255,66,78558,53,323260
24806,0.002446,172.217.194.0-255,1484,80042,53,323260
24807,0.002507,172.217.194.0-255,7156,87198,53,323260
24808,0.002512,172.31.46.0-255,66,87264,53,323260
24809,0.002534,172.31.46.0-255,66,87330,53,323260
24810,0.002563,172.217.194.0-255,5738,93068,53,323260
24811,0.002567,172.31.46.0-255,66,93134,53,323260
24812,0.002574,172.217.194.0-255,7156,100290,53,323260
24813,0.002577,172.31.46.0-255,66,100356,53,323260
24814,0.002614,172.31.46.0-255,66,100422,53,323260
24815,0.002631,172.217.194.0-255,6438,106860,53,323260
24816,0.002633,172.31.46.0-255,66,106926,53,323260
24817,0.005221,172.217.194.0-255,5738,112664,53,323260
24818,0.005227,172.31.46.0-255,66,112730,53,323260
24819,0.007823,172.217.194.0-255,5738,118468,53,323260
24820,0.007833,172.31.46.0-255,66,118534,53,323260
24821,0.010431,172.217.194.0-255,5738,124272,53,323260
24822,0.010441,172.31.46.0-255,66,124338,53,323260
24823,0.013037,172.217.194.0-255,5738,130076,53,323260
24824,0.013049,172.31.46.0-255,66,130142,53,323260
24825,0.015656,172.217.194.0-255,5738,135880,53,323260
24826,0.015662,172.31.46.0-255,66,135946,53,323260
24827,0.018251,172.217.194.0-255,5738,141684,53,323260
24828,0.018259,172.31.46.0-255,66,141750,53,323260
24829,0.020882,172.217.194.0-255,5738,147488,53,323260
24830,0.020895,172.31.46.0-255,66,147554,53,323260
24831,0.023508,172.217.194.0-255,5738,153292,53,323260
24832,0.023519,172.31.46.0-255,66,153358,53,323260
24833,0.026174,172.217.194.0-255,5738,159096,53,323260
24834,0.026186,172.31.46.0-255,66,159162,53,323260
24835,0.02879,172.217.194.0-255,5738,164900,53,323260
24836,0.028799,172.31.46.0-255,66,164966,53,323260
24837,0.029606,172.31.46.0-255,172,165138,53,323260
24838,0.029637,172.31.46.0-255,1107,166245,53,323260
24839,0.029695,172.31.46.0-255,1514,167759,53,323260
24840,0.029697,172.31.46.0-255,1299,169058,53,323260
24841,0.031131,104.244.42.0-255,66,169124,53,323260
24842,0.031172,104.244.42.0-255,66,169190,53,323260
24843,0.031271,104.244.42.0-255,66,169256,53,323260
24844,0.031389,172.217.194.0-255,5738,174994,53,323260
24845,0.031396,172.31.46.0-255,66,175060,53,323260
24846,0.033983,172.217.194.0-255,5738,180798,53,323260
24847,0.033989,172.31.46.0-255,66,180864,53,323260
24848,0.036607,172.217.194.0-255,5738,186602,53,323260
24849,0.036621,172.31.46.0-255,66,186668,53,323260
24850,0.039223,172.217.194.0-255,5738,192406,53,323260
24851,0.039229,172.31.46.0-255,66,192472,53,323260
24852,0.041834,172.217.194.0-255,5738,198210,53,323260
24853,0.041844,172.31.46.0-255,66,198276,53,323260
24854,0.044431,172.217.194.0-255,5738,204014,53,323260
24855,0.044438,172.31.46.0-255,66,204080,53,323260
24856,0.047034,172.217.194.0-255,5738,209818,53,323260
24857,0.047042,172.31.46.0-255,66,209884,53,323260
24858,0.049644,172.217.194.0-255,4320,214204,53,323260
24859,0.049649,172.31.46.0-255,66,214270,53,323260
24860,0.049667,172.217.194.0-255,1484,215754,53,323260
24861,0.052256,172.217.194.0-255,4320,220074,53,323260
24862,0.052267,172.31.46.0-255,66,220140,53,323260
24863,0.054919,172.217.194.0-255,5738,225878,53,323260
24864,0.054926,172.31.46.0-255,66,225944,53,323260
24865,0.057521,172.217.194.0-255,5738,231682,53,323260
24866,0.057527,172.31.46.0-255,66,231748,53,323260
24867,0.06015,172.217.194.0-255,5738,237486,53,323260
24868,0.060157,172.31.46.0-255,66,237552,53,323260
24869,0.062767,172.217.194.0-255,5738,243290,53,323260
24870,0.062776,172.31.46.0-255,66,243356,53,323260
24871,0.06536,172.217.194.0-255,4320,247676,53,323260
24872,0.065367,172.31.46.0-255,66,247742,53,323260
24873,0.065384,172.217.194.0-255,1484,249226,53,323260
24874,0.067985,172.217.194.0-255,4320,253546,53,323260
24875,0.067997,172.31.46.0-255,66,253612,53,323260
24876,0.070607,172.217.194.0-255,5738,259350,53,323260
24877,0.070613,172.31.46.0-255,66,259416,53,323260
24878,0.073248,172.217.194.0-255,5738,265154,53,323260
24879,0.073255,172.31.46.0-255,66,265220,53,323260
24880,0.075858,172.217.194.0-255,5738,270958,53,323260
24881,0.075865,172.31.46.0-255,66,271024,53,323260
24882,0.078455,172.217.194.0-255,5738,276762,53,323260
24883,0.078464,172.31.46.0-255,66,276828,53,323260
24884,0.081067,172.217.194.0-255,5738,282566,53,323260
24885,0.081074,172.31.46.0-255,66,282632,53,323260
24886,0.083685,172.217.194.0-255,5738,288370,53,323260
24887,0.083698,172.31.46.0-255,66,288436,53,323260
24888,0.086312,172.217.194.0-255,5738,294174,53,323260
24889,0.086318,172.31.46.0-255,66,294240,53,323260
24890,0.088916,172.217.194.0-255,5738,299978,53,323260
24891,0.088922,172.31.46.0-255,66,300044,53,323260
24892,0.091519,172.217.194.0-255,5738,305782,53,323260
24893,0.091525,172.31.46.0-255,66,305848,53,323260
24894,0.094125,172.217.194.0-255,5738,311586,53,323260
24895,0.094133,172.31.46.0-255,66,311652,53,323260
24896,0.096752,172.217.194.0-255,5738,317390,53,323260
24897,0.096759,172.31.46.0-255,66,317456,53,323260
24898,0.099348,172.217.194.0-255,5738,323194,53,323260
24899,0.099358,172.31.46.0-255,66,323260,53,323260
24900,0.0,172.217.194.0-255,152,152,53,163407
24901,1.7e-05,172.31.46.0-255,66,218,53,163407
24902,2.4e-05,172.217.194.0-255,1484,1702,53,163407
24903,2.9e-05,172.31.46.0-255,66,1768,53,163407
24904,4.3e-05,172.217.194.0-255,2902,4670,53,163407
24905,4.6e-05,172.31.46.0-255,66,4736,53,163407
24906,5.4e-05,172.217.194.0-255,7156,11892,53,163407
24907,5.8e-05,172.31.46.0-255,66,11958,53,163407
24908,6.4e-05,172.217.194.0-255,4917,16875,53,163407
24909,6.7e-05,172.31.46.0-255,66,16941,53,163407
24910,7.4e-05,172.217.194.0-255,5738,22679,53,163407
24911,7.7e-05,172.31.46.0-255,66,22745,53,163407
24912,0.000118,172.31.46.0-255,66,22811,53,163407
24913,0.000151,172.31.46.0-255,66,22877,53,163407
24914,0.000156,172.217.194.0-255,2902,25779,53,163407
24915,0.000158,172.31.46.0-255,66,25845,53,163407
24916,0.000177,172.217.194.0-255,5379,31224,53,163407
24917,0.00018,172.31.46.0-255,66,31290,53,163407
24918,0.000214,172.217.194.0-255,7156,38446,53,163407
24919,0.000217,172.31.46.0-255,66,38512,53,163407
24920,0.000224,172.217.194.0-255,5738,44250,53,163407
24921,0.000226,172.31.46.0-255,66,44316,53,163407
24922,0.000249,172.217.194.0-255,2902,47218,53,163407
24923,0.000252,172.31.46.0-255,66,47284,53,163407
24924,0.000255,172.217.194.0-255,1438,48722,53,163407
24925,0.000257,172.31.46.0-255,66,48788,53,163407
24926,0.000363,172.217.194.0-255,364,49152,53,163407
24927,0.000367,172.31.46.0-255,66,49218,53,163407
24928,0.000657,172.217.194.0-255,1484,50702,53,163407
24929,0.000663,172.31.46.0-255,66,50768,53,163407
24930,0.000669,172.217.194.0-255,2902,53670,53,163407
24931,0.000673,172.31.46.0-255,66,53736,53,163407
24932,0.000683,172.217.194.0-255,5738,59474,53,163407
24933,0.000686,172.31.46.0-255,66,59540,53,163407
24934,0.00069,172.217.194.0-255,2902,62442,53,163407
24935,0.000693,172.31.46.0-255,66,62508,53,163407
24936,0.000743,172.31.46.0-255,66,62574,53,163407
24937,0.000757,172.31.46.0-255,66,62640,53,163407
24938,0.0009,172.217.194.0-255,1484,64124,53,163407
24939,0.000907,172.217.194.0-255,2902,67026,53,163407
24940,0.00091,172.31.46.0-255,66,67092,53,163407
24941,0.000944,172.217.194.0-255,5738,72830,53,163407
24942,0.000947,172.31.46.0-255,66,72896,53,163407
24943,0.000958,172.31.46.0-255,66,72962,53,163407
24944,0.000986,172.217.194.0-255,4320,77282,53,163407
24945,0.000989,172.31.46.0-255,66,77348,53,163407
24946,0.001002,172.31.46.0-255,66,77414,53,163407
24947,0.001063,172.31.46.0-255,66,77480,53,163407
24948,0.001074,172.31.46.0-255,66,77546,53,163407
24949,0.001112,172.31.46.0-255,66,77612,53,163407
24950,0.001128,172.217.194.0-255,1484,79096,53,163407
24951,0.001173,172.31.46.0-255,66,79162,53,163407
24952,0.001189,172.31.46.0-255,66,79228,53,163407
24953,0.001194,172.217.194.0-255,3602,82830,53,163407
24954,0.001197,172.31.46.0-255,66,82896,53,163407
24955,0.001321,172.217.194.0-255,1484,84380,53,163407
24956,0.001327,172.217.194.0-255,2902,87282,53,163407
24957,0.00133,172.31.46.0-255,66,87348,53,163407
24958,0.001357,172.217.194.0-255,5738,93086,53,163407
24959,0.001359,172.31.46.0-255,66,93152,53,163407
24960,0.001398,172.31.46.0-255,66,93218,53,163407
24961,0.001412,172.31.46.0-255,66,93284,53,163407
24962,0.001435,172.217.194.0-255,2184,95468,53,163407
24963,0.001438,172.31.46.0-255,66,95534,53,163407
24964,0.001511,172.217.194.0-255,1484,97018,53,163407
24965,0.001517,172.217.194.0-255,2902,99920,53,163407
24966,0.00152,172.31.46.0-255,66,99986,53,163407
24967,0.001525,172.217.194.0-255,2902,102888,53,163407
24968,0.001527,172.31.46.0-255,66,102954,53,163407
24969,0.001563,172.217.194.0-255,2902,105856,53,163407
24970,0.00157,172.217.194.0-255,7156,113012,53,163407
24971,0.001575,172.31.46.0-255,66,113078,53,163407
24972,0.001578,172.31.46.0-255,66,113144,53,163407
24973,0.001617,172.31.46.0-255,66,113210,53,163407
24974,0.001631,172.217.194.0-255,6438,119648,53,163407
24975,0.001638,172.31.46.0-255,66,119714,53,163407
24976,0.001641,172.217.194.0-255,1484,121198,53,163407
24977,0.001646,172.217.194.0-255,2902,124100,53,163407
24978,0.001648,172.31.46.0-255,66,124166,53,163407
24979,0.001681,172.217.194.0-255,5738,129904,53,163407
24980,0.001684,172.31.46.0-255,66,129970,53,163407
24981,0.001699,172.31.46.0-255,66,130036,53,163407
24982,0.001702,172.217.194.0-255,1484,131520,53,163407
24983,0.001748,172.217.194.0-255,4320,135840,53,163407
24984,0.001751,172.31.46.0-255,66,135906,53,163407
24985,0.00177,172.217.194.0-255,5020,140926,53,163407
24986,0.001773,172.31.46.0-255,66,140992,53,163407
24987,0.001794,172.217.194.0-255,4320,145312,53,163407
24988,0.001796,172.31.46.0-255,66,145378,53,163407
24989,0.001828,172.217.194.0-255,5738,151116,53,163407
24990,0.001832,172.31.46.0-255,66,151182,53,163407
24991,0.001839,172.217.194.0-255,7156,158338,53,163407
24992,0.001842,172.31.46.0-255,66,158404,53,163407
24993,0.001917,172.31.46.0-255,66,158470,53,163407
24994,0.001986,172.31.46.0-255,66,158536,53,163407
24995,0.002018,172.217.194.0-255,105,158641,53,163407
24996,0.002031,172.31.46.0-255,66,158707,53,163407
24997,0.011374,172.31.46.0-255,105,158812,53,163407
24998,0.013602,172.217.194.0-255,66,158878,53,163407
24999,0.030588,172.31.46.0-255,172,159050,53,163407
25000,0.030619,172.31.46.0-255,1112,160162,53,163407
25001,0.030683,172.31.46.0-255,1514,161676,53,163407
25002,0.030709,172.31.46.0-255,1293,162969,53,163407
25003,0.03214,104.244.42.0-255,66,163035,53,163407
25004,0.032172,104.244.42.0-255,66,163101,53,163407
25005,0.032279,104.244.42.0-255,66,163167,53,163407
25006,0.032301,104.244.42.0-255,66,163233,53,163407
25007,0.033424,104.244.42.0-255,108,163341,53,163407
25008,0.033434,172.31.46.0-255,66,163407,53,163407
25009,0.0,74.125.200.0-255,150,150,53,87982
25010,2.3e-05,172.31.46.0-255,66,216,53,87982
25011,3e-05,74.125.200.0-255,1484,1700,53,87982
25012,3.4e-05,172.31.46.0-255,66,1766,53,87982
25013,5e-05,74.125.200.0-255,2902,4668,53,87982
25014,5.5e-05,172.31.46.0-255,66,4734,53,87982
25015,6.3e-05,74.125.200.0-255,7156,11890,53,87982
25016,6.7e-05,172.31.46.0-255,66,11956,53,87982
25017,0.000133,74.125.200.0-255,1484,13440,53,87982
25018,0.000137,172.31.46.0-255,66,13506,53,87982
25019,0.000158,74.125.200.0-255,2092,15598,53,87982
25020,0.000161,172.31.46.0-255,66,15664,53,87982
25021,0.000188,74.125.200.0-255,2902,18566,53,87982
25022,0.000191,172.31.46.0-255,66,18632,53,87982
25023,0.000234,74.125.200.0-255,2902,21534,53,87982
25024,0.000238,172.31.46.0-255,66,21600,53,87982
25025,0.000274,172.31.46.0-255,66,21666,53,87982
25026,0.000299,74.125.200.0-255,1125,22791,53,87982
25027,0.000302,172.31.46.0-255,66,22857,53,87982
25028,0.000388,74.125.200.0-255,5738,28595,53,87982
25029,0.000393,172.31.46.0-255,66,28661,53,87982
25030,0.000411,74.125.200.0-255,4320,32981,53,87982
25031,0.000414,172.31.46.0-255,66,33047,53,87982
25032,0.000503,74.125.200.0-255,2902,35949,53,87982
25033,0.000507,172.31.46.0-255,66,36015,53,87982
25034,0.000553,172.31.46.0-255,66,36081,53,87982
25035,0.000779,74.125.200.0-255,2854,38935,53,87982
25036,0.000784,172.31.46.0-255,66,39001,53,87982
25037,0.000789,74.125.200.0-255,109,39110,53,87982
25038,0.000791,172.31.46.0-255,66,39176,53,87982
25039,0.001118,74.125.200.0-255,5738,44914,53,87982
25040,0.001368,172.31.46.0-255,66,44980,53,87982
25041,0.001496,172.31.46.0-255,66,45046,53,87982
25042,0.001579,74.125.200.0-255,5738,50784,53,87982
25043,0.001606,172.31.46.0-255,66,50850,53,87982
25044,0.001671,172.31.46.0-255,66,50916,53,87982
25045,0.002084,74.125.200.0-255,2184,53100,53,87982
25046,0.002089,172.31.46.0-255,66,53166,53,87982
25047,0.002155,74.125.200.0-255,7156,60322,53,87982
25048,0.002181,172.31.46.0-255,66,60388,53,87982
25049,0.002187,172.31.46.0-255,66,60454,53,87982
25050,0.002233,172.31.46.0-255,66,60520,53,87982
25051,0.002791,74.125.200.0-255,2902,63422,53,87982
25052,0.002798,172.31.46.0-255,66,63488,53,87982
25053,0.002835,172.31.46.0-255,66,63554,53,87982
25054,0.002908,172.31.46.0-255,66,63620,53,87982
25055,0.003317,74.125.200.0-255,4320,67940,53,87982
25056,0.003322,172.31.46.0-255,66,68006,53,87982
25057,0.003416,172.31.46.0-255,66,68072,53,87982
25058,0.003457,172.31.46.0-255,66,68138,53,87982
25059,0.004135,74.125.200.0-255,7156,75294,53,87982
25060,0.00414,172.31.46.0-255,66,75360,53,87982
25061,0.004255,74.125.200.0-255,5738,81098,53,87982
25062,0.010186,172.31.46.0-255,66,81164,53,87982
25063,0.012788,74.125.200.0-255,2299,83463,53,87982
25064,0.012803,172.31.46.0-255,66,83529,53,87982
25065,0.019322,172.31.46.0-255,105,83634,53,87982
25066,0.021891,74.125.200.0-255,66,83700,53,87982
25067,0.03567,172.31.46.0-255,167,83867,53,87982
25068,0.035738,172.31.46.0-255,1514,85381,53,87982
25069,0.03574,172.31.46.0-255,1514,86895,53,87982
25070,0.035809,172.31.46.0-255,889,87784,53,87982
25071,0.037333,104.244.42.0-255,66,87850,53,87982
25072,0.037372,104.244.42.0-255,66,87916,53,87982
25073,0.037391,104.244.42.0-255,66,87982,53,87982
25074,0.0,172.217.194.0-255,152,152,53,224196
25075,1.8e-05,172.31.46.0-255,66,218,53,224196
25076,2.4e-05,172.217.194.0-255,1484,1702,53,224196
25077,2.8e-05,172.31.46.0-255,66,1768,53,224196
25078,3.3e-05,172.217.194.0-255,2902,4670,53,224196
25079,3.5e-05,172.31.46.0-255,66,4736,53,224196
25080,4.7e-05,172.217.194.0-255,7156,11892,53,224196
25081,5.1e-05,172.31.46.0-255,66,11958,53,224196
25082,5.4e-05,172.217.194.0-255,2003,13961,53,224196
25083,5.7e-05,172.31.46.0-255,66,14027,53,224196
25084,6.2e-05,172.217.194.0-255,5738,19765,53,224196
25085,6.5e-05,172.31.46.0-255,66,19831,53,224196
25086,0.000107,172.217.194.0-255,5738,25569,53,224196
25087,0.00011,172.31.46.0-255,66,25635,53,224196
25088,0.000115,172.217.194.0-255,5379,31014,53,224196
25089,0.000117,172.31.46.0-255,66,31080,53,224196
25090,0.000138,172.217.194.0-255,5738,36818,53,224196
25091,0.00014,172.31.46.0-255,66,36884,53,224196
25092,0.000146,172.217.194.0-255,5738,42622,53,224196
25093,0.000148,172.31.46.0-255,66,42688,53,224196
25094,0.000176,172.217.194.0-255,1484,44172,53,224196
25095,0.000178,172.31.46.0-255,66,44238,53,224196
25096,0.000182,172.217.194.0-255,3961,48199,53,224196
25097,0.000184,172.31.46.0-255,66,48265,53,224196
25098,0.000213,172.217.194.0-255,4320,52585,53,224196
25099,0.000215,172.31.46.0-255,66,52651,53,224196
25100,0.000248,172.31.46.0-255,66,52717,53,224196
25101,0.000279,172.217.194.0-255,2543,55260,53,224196
25102,0.000281,172.31.46.0-255,66,55326,53,224196
25103,0.000321,172.217.194.0-255,646,55972,53,224196
25104,0.000323,172.31.46.0-255,66,56038,53,224196
25105,0.000593,172.217.194.0-255,1484,57522,53,224196
25106,0.0006,172.217.194.0-255,2902,60424,53,224196
25107,0.000619,172.217.194.0-255,5738,66162,53,224196
25108,0.000648,172.31.46.0-255,66,66228,53,224196
25109,0.000685,172.31.46.0-255,66,66294,53,224196
25110,0.000696,172.217.194.0-255,5738,72032,53,224196
25111,0.000713,172.217.194.0-255,6438,78470,53,224196
25112,0.000718,172.31.46.0-255,66,78536,53,224196
25113,0.000772,172.217.194.0-255,1484,80020,53,224196
25114,0.000776,172.217.194.0-255,1484,81504,53,224196
25115,0.00078,172.31.46.0-255,66,81570,53,224196
25116,0.0008,172.217.194.0-255,1484,83054,53,224196
25117,0.000806,172.217.194.0-255,5738,88792,53,224196
25118,0.000811,172.31.46.0-255,66,88858,53,224196
25119,0.00082,172.217.194.0-255,4320,93178,53,224196
25120,0.000823,172.31.46.0-255,66,93244,53,224196
25121,0.000868,172.31.46.0-255,66,93310,53,224196
25122,0.000899,172.217.194.0-255,4320,97630,53,224196
25123,0.000906,172.217.194.0-255,5738,103368,53,224196
25124,0.00091,172.31.46.0-255,66,103434,53,224196
25125,0.000947,172.217.194.0-255,1484,104918,53,224196
25126,0.00096,172.217.194.0-255,5738,110656,53,224196
25127,0.000976,172.217.194.0-255,5020,115676,53,224196
25128,0.000981,172.31.46.0-255,66,115742,53,224196
25129,0.001006,172.217.194.0-255,1484,117226,53,224196
25130,0.001017,172.217.194.0-255,2902,120128,53,224196
25131,0.001028,172.31.46.0-255,66,120194,53,224196
25132,0.001038,172.217.194.0-255,5738,125932,53,224196
25133,0.001046,172.217.194.0-255,2902,128834,53,224196
25134,0.001093,172.31.46.0-255,66,128900,53,224196
25135,0.001128,172.31.46.0-255,66,128966,53,224196
25136,0.001167,172.217.194.0-255,1484,130450,53,224196
25137,0.001171,172.217.194.0-255,2902,133352,53,224196
25138,0.001175,172.31.46.0-255,66,133418,53,224196
25139,0.001184,172.217.194.0-255,4320,137738,53,224196
25140,0.001201,172.31.46.0-255,66,137804,53,224196
25141,0.001207,172.217.194.0-255,1484,139288,53,224196
25142,0.001212,172.217.194.0-255,5738,145026,53,224196
25143,0.001214,172.217.194.0-255,1484,146510,53,224196
25144,0.001225,172.31.46.0-255,66,146576,53,224196
25145,0.001256,172.217.194.0-255,5020,151596,53,224196
25146,0.001273,172.217.194.0-255,5738,157334,53,224196
25147,0.001277,172.31.46.0-255,66,157400,53,224196
25148,0.001284,172.217.194.0-255,1484,158884,53,224196
25149,0.001357,172.31.46.0-255,66,158950,53,224196
25150,0.001418,172.217.194.0-255,766,159716,53,224196
25151,0.001423,172.31.46.0-255,66,159782,53,224196
25152,0.001437,172.217.194.0-255,1484,161266,53,224196
25153,0.001445,172.217.194.0-255,2902,164168,53,224196
25154,0.00146,172.217.194.0-255,1484,165652,53,224196
25155,0.001465,172.217.194.0-255,4320,169972,53,224196
25156,0.001475,172.31.46.0-255,66,170038,53,224196
25157,0.00148,172.217.194.0-255,4320,174358,53,224196
25158,0.001486,172.217.194.0-255,7156,181514,53,224196
25159,0.001495,172.31.46.0-255,66,181580,53,224196
25160,0.001504,172.217.194.0-255,2902,184482,53,224196
25161,0.001521,172.217.194.0-255,2902,187384,53,224196
25162,0.001527,172.31.46.0-255,66,187450,53,224196
25163,0.001557,172.217.194.0-255,5889,193339,53,224196
25164,0.001563,172.31.46.0-255,66,193405,53,224196
25165,0.001883,172.217.194.0-255,1484,194889,53,224196
25166,0.001898,172.217.194.0-255,2902,197791,53,224196
25167,0.00191,172.217.194.0-255,4320,202111,53,224196
25168,0.001919,172.31.46.0-255,66,202177,53,224196
25169,0.001925,172.217.194.0-255,1484,203661,53,224196
25170,0.001931,172.217.194.0-255,5738,209399,53,224196
25171,0.00194,172.217.194.0-255,7156,216555,53,224196
25172,0.001947,172.31.46.0-255,66,216621,53,224196
25173,0.001972,172.217.194.0-255,1484,218105,53,224196
25174,0.002017,172.31.46.0-255,66,218171,53,224196
25175,0.002044,172.217.194.0-255,4235,222406,53,224196
25176,0.002049,172.31.46.0-255,66,222472,53,224196
25177,0.004007,172.217.194.0-255,105,222577,53,224196
25178,0.004081,172.31.46.0-255,66,222643,53,224196
25179,0.004117,172.31.46.0-255,105,222748,53,224196
25180,0.006096,172.217.194.0-255,66,222814,53,224196
25181,0.03392,172.31.46.0-255,176,222990,53,224196
25182,0.033951,172.31.46.0-255,1074,224064,53,224196
25183,0.035461,104.244.42.0-255,66,224130,53,224196
25184,0.035493,104.244.42.0-255,66,224196,53,224196
25185,0.0,74.125.68.0-255,152,152,53,370165
25186,2.4e-05,172.31.46.0-255,66,218,53,370165
25187,3.1e-05,74.125.68.0-255,1484,1702,53,370165
25188,3.6e-05,172.31.46.0-255,66,1768,53,370165
25189,3.9e-05,74.125.68.0-255,1484,3252,53,370165
25190,5.1e-05,172.31.46.0-255,66,3318,53,370165
25191,8.8e-05,74.125.68.0-255,1484,4802,53,370165
25192,9.1e-05,172.31.46.0-255,66,4868,53,370165
25193,9.5e-05,74.125.68.0-255,1484,6352,53,370165
25194,9.7e-05,172.31.46.0-255,66,6418,53,370165
25195,0.000103,74.125.68.0-255,2902,9320,53,370165
25196,0.000106,172.31.46.0-255,66,9386,53,370165
25197,0.000142,74.125.68.0-255,4747,14133,53,370165
25198,0.000145,172.31.46.0-255,66,14199,53,370165
25199,0.000151,74.125.68.0-255,4320,18519,53,370165
25200,0.000154,172.31.46.0-255,66,18585,53,370165
25201,0.000188,74.125.68.0-255,1484,20069,53,370165
25202,0.000191,172.31.46.0-255,66,20135,53,370165
25203,0.000197,74.125.68.0-255,4320,24455,53,370165
25204,0.0002,172.31.46.0-255,66,24521,53,370165
25205,0.000206,74.125.68.0-255,5738,30259,53,370165
25206,0.00021,74.125.68.0-255,1125,31384,53,370165
25207,0.000216,172.31.46.0-255,66,31450,53,370165
25208,0.000217,172.31.46.0-255,66,31516,53,370165
25209,0.000655,74.125.68.0-255,1484,33000,53,370165
25210,0.00066,172.31.46.0-255,66,33066,53,370165
25211,0.000688,74.125.68.0-255,1484,34550,53,370165
25212,0.000691,172.31.46.0-255,66,34616,53,370165
25213,0.000696,74.125.68.0-255,2902,37518,53,370165
25214,0.000699,172.31.46.0-255,66,37584,53,370165
25215,0.000726,74.125.68.0-255,2902,40486,53,370165
25216,0.000728,172.31.46.0-255,66,40552,53,370165
25217,0.000759,74.125.68.0-255,4320,44872,53,370165
25218,0.000762,172.31.46.0-255,66,44938,53,370165
25219,0.000791,74.125.68.0-255,3961,48899,53,370165
25220,0.000795,172.31.46.0-255,66,48965,53,370165
25221,0.000801,74.125.68.0-255,4320,53285,53,370165
25222,0.000803,172.31.46.0-255,66,53351,53,370165
25223,0.000824,74.125.68.0-255,2902,56253,53,370165
25224,0.000827,172.31.46.0-255,66,56319,53,370165
25225,0.00086,74.125.68.0-255,4320,60639,53,370165
25226,0.000863,172.31.46.0-255,66,60705,53,370165
25227,0.000868,74.125.68.0-255,2902,63607,53,370165
25228,0.00087,172.31.46.0-255,66,63673,53,370165
25229,0.000895,74.125.68.0-255,2848,66521,53,370165
25230,0.000897,172.31.46.0-255,66,66587,53,370165
25231,0.000928,74.125.68.0-255,116,66703,53,370165
25232,0.001136,74.125.68.0-255,1484,68187,53,370165
25233,0.00114,172.31.46.0-255,66,68253,53,370165
25234,0.001144,74.125.68.0-255,1484,69737,53,370165
25235,0.001181,74.125.68.0-255,1484,71221,53,370165
25236,0.001184,172.31.46.0-255,66,71287,53,370165
25237,0.001192,74.125.68.0-255,5738,77025,53,370165
25238,0.001194,172.31.46.0-255,66,77091,53,370165
25239,0.001198,74.125.68.0-255,2902,79993,53,370165
25240,0.0012,172.31.46.0-255,66,80059,53,370165
25241,0.001207,74.125.68.0-255,3961,84020,53,370165
25242,0.001209,172.31.46.0-255,66,84086,53,370165
25243,0.00125,172.31.46.0-255,66,84152,53,370165
25244,0.001254,74.125.68.0-255,2902,87054,53,370165
25245,0.001256,172.31.46.0-255,66,87120,53,370165
25246,0.001307,74.125.68.0-255,5622,92742,53,370165
25247,0.00131,172.31.46.0-255,66,92808,53,370165
25248,0.001632,74.125.68.0-255,1484,94292,53,370165
25249,0.001652,74.125.68.0-255,2902,97194,53,370165
25250,0.001656,172.31.46.0-255,66,97260,53,370165
25251,0.00166,74.125.68.0-255,1484,98744,53,370165
25252,0.001687,74.125.68.0-255,5738,104482,53,370165
25253,0.001689,172.31.46.0-255,66,104548,53,370165
25254,0.00174,172.31.46.0-255,66,104614,53,370165
25255,0.001766,74.125.68.0-255,1484,106098,53,370165
25256,0.001769,74.125.68.0-255,1484,107582,53,370165
25257,0.001771,172.31.46.0-255,66,107648,53,370165
25258,0.001797,74.125.68.0-255,1484,109132,53,370165
25259,0.001803,74.125.68.0-255,5738,114870,53,370165
25260,0.001806,172.31.46.0-255,66,114936,53,370165
25261,0.00181,74.125.68.0-255,2184,117120,53,370165
25262,0.001812,172.31.46.0-255,66,117186,53,370165
25263,0.00186,74.125.68.0-255,1484,118670,53,370165
25264,0.001874,74.125.68.0-255,2902,121572,53,370165
25265,0.001877,172.31.46.0-255,66,121638,53,370165
25266,0.001906,74.125.68.0-255,5738,127376,53,370165
25267,0.001909,172.31.46.0-255,66,127442,53,370165
25268,0.001913,74.125.68.0-255,2902,130344,53,370165
25269,0.001915,172.31.46.0-255,66,130410,53,370165
25270,0.001919,74.125.68.0-255,2902,133312,53,370165
25271,0.001922,172.31.46.0-255,66,133378,53,370165
25272,0.001953,74.125.68.0-255,1484,134862,53,370165
25273,0.001961,74.125.68.0-255,4320,139182,53,370165
25274,0.001963,172.31.46.0-255,66,139248,53,370165
25275,0.001992,74.125.68.0-255,1484,140732,53,370165
25276,0.001997,74.125.68.0-255,2902,143634,53,370165
25277,0.002,172.31.46.0-255,66,143700,53,370165
25278,0.002024,74.125.68.0-255,1484,145184,53,370165
25279,0.002041,74.125.68.0-255,2902,148086,53,370165
25280,0.002044,172.31.46.0-255,66,148152,53,370165
25281,0.002098,74.125.68.0-255,1484,149636,53,370165
25282,0.002117,74.125.68.0-255,1484,151120,53,370165
25283,0.002119,172.31.46.0-255,66,151186,53,370165
25284,0.002122,74.125.68.0-255,766,151952,53,370165
25285,0.002299,74.125.68.0-255,1484,153436,53,370165
25286,0.002305,172.31.46.0-255,66,153502,53,370165
25287,0.002309,74.125.68.0-255,1484,154986,53,370165
25288,0.002334,74.125.68.0-255,1484,156470,53,370165
25289,0.002337,172.31.46.0-255,66,156536,53,370165
25290,0.002343,74.125.68.0-255,4320,160856,53,370165
25291,0.002346,172.31.46.0-255,66,160922,53,370165
25292,0.002378,74.125.68.0-255,5738,166660,53,370165
25293,0.002381,172.31.46.0-255,66,166726,53,370165
25294,0.002412,74.125.68.0-255,1484,168210,53,370165
25295,0.002436,74.125.68.0-255,5738,173948,53,370165
25296,0.002477,74.125.68.0-255,1484,175432,53,370165
25297,0.002527,74.125.68.0-255,1484,176916,53,370165
25298,0.00255,74.125.68.0-255,2902,179818,53,370165
25299,0.002566,74.125.68.0-255,2902,182720,53,370165
25300,0.002581,74.125.68.0-255,3602,186322,53,370165
25301,0.00271,74.125.68.0-255,1484,187806,53,370165
25302,0.002727,74.125.68.0-255,2902,190708,53,370165
25303,0.002752,74.125.68.0-255,2902,193610,53,370165
25304,0.002773,74.125.68.0-255,1484,195094,53,370165
25305,0.002796,74.125.68.0-255,1484,196578,53,370165
25306,0.002817,74.125.68.0-255,2902,199480,53,370165
25307,0.002831,74.125.68.0-255,1484,200964,53,370165
25308,0.002847,74.125.68.0-255,1484,202448,53,370165
25309,0.002885,74.125.68.0-255,1484,203932,53,370165
25310,0.002899,74.125.68.0-255,1484,205416,53,370165
25311,0.002915,74.125.68.0-255,1484,206900,53,370165
25312,0.002925,74.125.68.0-255,1484,208384,53,370165
25313,0.002937,74.125.68.0-255,2902,211286,53,370165
25314,0.002952,74.125.68.0-255,1484,212770,53,370165
25315,0.002955,74.125.68.0-255,1484,214254,53,370165
25316,0.002958,74.125.68.0-255,1484,215738,53,370165
25317,0.002983,74.125.68.0-255,2902,218640,53,370165
25318,0.002987,74.125.68.0-255,2184,220824,53,370165
25319,0.003039,74.125.68.0-255,1484,222308,53,370165
25320,0.003052,74.125.68.0-255,1484,223792,53,370165
25321,0.003076,74.125.68.0-255,2902,226694,53,370165
25322,0.0031,74.125.68.0-255,4320,231014,53,370165
25323,0.003109,74.125.68.0-255,2902,233916,53,370165
25324,0.003112,74.125.68.0-255,1484,235400,53,370165
25325,0.003139,74.125.68.0-255,2902,238302,53,370165
25326,0.003161,74.125.68.0-255,5738,244040,53,370165
25327,0.003166,74.125.68.0-255,4320,248360,53,370165
25328,0.003206,74.125.68.0-255,1484,249844,53,370165
25329,0.003217,74.125.68.0-255,1484,251328,53,370165
25330,0.00322,74.125.68.0-255,1484,252812,53,370165
25331,0.003242,74.125.68.0-255,5020,257832,53,370165
25332,0.003245,74.125.68.0-255,1484,259316,53,370165
25333,0.003255,74.125.68.0-255,1484,260800,53,370165
25334,0.003258,74.125.68.0-255,1484,262284,53,370165
25335,0.003264,74.125.68.0-255,4320,266604,53,370165
25336,0.003297,74.125.68.0-255,4320,270924,53,370165
25337,0.003301,74.125.68.0-255,2902,273826,53,370165
25338,0.003303,74.125.68.0-255,1484,275310,53,370165
25339,0.003327,74.125.68.0-255,5020,280330,53,370165
25340,0.003372,74.125.68.0-255,1484,281814,53,370165
25341,0.003392,74.125.68.0-255,2902,284716,53,370165
25342,0.003445,74.125.68.0-255,2902,287618,53,370165
25343,0.003473,74.125.68.0-255,2902,290520,53,370165
25344,0.00349,74.125.68.0-255,1484,292004,53,370165
25345,0.003513,74.125.68.0-255,5738,297742,53,370165
25346,0.003534,74.125.68.0-255,2902,300644,53,370165
25347,0.003548,74.125.68.0-255,4320,304964,53,370165
25348,0.003563,74.125.68.0-255,4320,309284,53,370165
25349,0.003587,74.125.68.0-255,4320,313604,53,370165
25350,0.00359,74.125.68.0-255,766,314370,53,370165
25351,0.003632,74.125.68.0-255,1484,315854,53,370165
25352,0.003647,74.125.68.0-255,2902,318756,53,370165
25353,0.00368,74.125.68.0-255,5738,324494,53,370165
25354,0.003735,74.125.68.0-255,5738,330232,53,370165
25355,0.003738,74.125.68.0-255,1484,331716,53,370165
25356,0.003743,74.125.68.0-255,4320,336036,53,370165
25357,0.003761,74.125.68.0-255,2902,338938,53,370165
25358,0.003764,74.125.68.0-255,1484,340422,53,370165
25359,0.003767,74.125.68.0-255,1484,341906,53,370165
25360,0.003797,74.125.68.0-255,1484,343390,53,370165
25361,0.003814,74.125.68.0-255,2902,346292,53,370165
25362,0.003838,74.125.68.0-255,2184,348476,53,370165
25363,0.003902,74.125.68.0-255,1484,349960,53,370165
25364,0.003919,74.125.68.0-255,2902,352862,53,370165
25365,0.003941,74.125.68.0-255,1484,354346,53,370165
25366,0.003963,74.125.68.0-255,4320,358666,53,370165
25367,0.003971,74.125.68.0-255,6773,365439,53,370165
25368,0.003974,74.125.68.0-255,97,365536,53,370165
25369,0.00403,74.125.68.0-255,105,365641,53,370165
25370,0.006356,172.31.46.0-255,66,365707,53,370165
25371,0.009214,172.31.46.0-255,105,365812,53,370165
25372,0.011153,74.125.68.0-255,66,365878,53,370165
25373,0.04279,172.31.46.0-255,172,366050,53,370165
25374,0.042823,172.31.46.0-255,1107,367157,53,370165
25375,0.042885,172.31.46.0-255,1514,368671,53,370165
25376,0.042887,172.31.46.0-255,1296,369967,53,370165
25377,0.044384,104.244.42.0-255,66,370033,53,370165
25378,0.044422,104.244.42.0-255,66,370099,53,370165
25379,0.044461,104.244.42.0-255,66,370165,53,370165
25380,0.0,74.125.24.0-255,143,143,53,312627
25381,1.5e-05,172.31.46.0-255,66,209,53,312627
25382,2.2e-05,74.125.24.0-255,1484,1693,53,312627
25383,2.7e-05,172.31.46.0-255,66,1759,53,312627
25384,5.4e-05,74.125.24.0-255,2902,4661,53,312627
25385,5.7e-05,172.31.46.0-255,66,4727,53,312627
25386,6.2e-05,74.125.24.0-255,2902,7629,53,312627
25387,6.4e-05,172.31.46.0-255,66,7695,53,312627
25388,8.8e-05,74.125.24.0-255,4320,12015,53,312627
25389,9.2e-05,172.31.46.0-255,66,12081,53,312627
25390,0.000112,74.125.24.0-255,1959,14040,53,312627
25391,0.000114,172.31.46.0-255,66,14106,53,312627
25392,0.000249,74.125.24.0-255,1484,15590,53,312627
25393,0.000254,172.31.46.0-255,66,15656,53,312627
25394,0.000258,74.125.24.0-255,1484,17140,53,312627
25395,0.000261,172.31.46.0-255,66,17206,53,312627
25396,0.000272,74.125.24.0-255,1484,18690,53,312627
25397,0.000275,172.31.46.0-255,66,18756,53,312627
25398,0.000282,74.125.24.0-255,5738,24494,53,312627
25399,0.000284,172.31.46.0-255,66,24560,53,312627
25400,0.000315,74.125.24.0-255,1484,26044,53,312627
25401,0.000317,172.31.46.0-255,66,26110,53,312627
25402,0.000358,172.31.46.0-255,66,26176,53,312627
25403,0.000371,172.31.46.0-255,66,26242,53,312627
25404,0.000383,172.31.46.0-255,66,26308,53,312627
25405,0.000406,74.125.24.0-255,7156,33464,53,312627
25406,0.000409,172.31.46.0-255,66,33530,53,312627
25407,0.000413,74.125.24.0-255,2481,36011,53,312627
25408,0.000415,172.31.46.0-255,66,36077,53,312627
25409,0.000787,74.125.24.0-255,380,36457,53,312627
25410,0.000985,74.125.24.0-255,1484,37941,53,312627
25411,0.000995,172.31.46.0-255,66,38007,53,312627
25412,0.001002,74.125.24.0-255,2902,40909,53,312627
25413,0.001004,172.31.46.0-255,66,40975,53,312627
25414,0.001011,74.125.24.0-255,5738,46713,53,312627
25415,0.001014,172.31.46.0-255,66,46779,53,312627
25416,0.001031,74.125.24.0-255,5738,52517,53,312627
25417,0.001033,172.31.46.0-255,66,52583,53,312627
25418,0.001057,74.125.24.0-255,2902,55485,53,312627
25419,0.00106,172.31.46.0-255,66,55551,53,312627
25420,0.001102,74.125.24.0-255,4320,59871,53,312627
25421,0.001106,172.31.46.0-255,66,59937,53,312627
25422,0.001132,172.31.46.0-255,66,60003,53,312627
25423,0.001272,74.125.24.0-255,1484,61487,53,312627
25424,0.001285,74.125.24.0-255,2902,64389,53,312627
25425,0.001288,172.31.46.0-255,66,64455,53,312627
25426,0.001322,74.125.24.0-255,4320,68775,53,312627
25427,0.001324,172.31.46.0-255,66,68841,53,312627
25428,0.001345,74.125.24.0-255,1484,70325,53,312627
25429,0.00136,172.31.46.0-255,66,70391,53,312627
25430,0.001371,172.31.46.0-255,66,70457,53,312627
25431,0.001375,74.125.24.0-255,2184,72641,53,312627
25432,0.001378,172.31.46.0-255,66,72707,53,312627
25433,0.001879,74.125.24.0-255,1484,74191,53,312627
25434,0.001888,74.125.24.0-255,2902,77093,53,312627
25435,0.001892,172.31.46.0-255,66,77159,53,312627
25436,0.001917,74.125.24.0-255,5738,82897,53,312627
25437,0.001919,172.31.46.0-255,66,82963,53,312627
25438,0.001926,74.125.24.0-255,5738,88701,53,312627
25439,0.001928,172.31.46.0-255,66,88767,53,312627
25440,0.001947,74.125.24.0-255,7156,95923,53,312627
25441,0.001949,172.31.46.0-255,66,95989,53,312627
25442,0.001955,74.125.24.0-255,5738,101727,53,312627
25443,0.001957,172.31.46.0-255,66,101793,53,312627
25444,0.001997,74.125.24.0-255,5020,106813,53,312627
25445,0.002,172.31.46.0-255,66,106879,53,312627
25446,0.00207,74.125.24.0-255,1484,108363,53,312627
25447,0.002075,74.125.24.0-255,2902,111265,53,312627
25448,0.002078,172.31.46.0-255,66,111331,53,312627
25449,0.002081,74.125.24.0-255,1484,112815,53,312627
25450,0.002098,74.125.24.0-255,4320,117135,53,312627
25451,0.0021,172.31.46.0-255,66,117201,53,312627
25452,0.00214,172.31.46.0-255,66,117267,53,312627
25453,0.002144,74.125.24.0-255,2902,120169,53,312627
25454,0.002145,172.31.46.0-255,66,120235,53,312627
25455,0.002171,172.31.46.0-255,66,120301,53,312627
25456,0.002257,74.125.24.0-255,1484,121785,53,312627
25457,0.002262,74.125.24.0-255,2902,124687,53,312627
25458,0.002266,172.31.46.0-255,66,124753,53,312627
25459,0.002288,74.125.24.0-255,5738,130491,53,312627
25460,0.002291,172.31.46.0-255,66,130557,53,312627
25461,0.002294,74.125.24.0-255,1484,132041,53,312627
25462,0.004533,74.125.24.0-255,4320,136361,53,312627
25463,0.004542,172.31.46.0-255,66,136427,53,312627
25464,0.006789,74.125.24.0-255,5738,142165,53,312627
25465,0.006796,172.31.46.0-255,66,142231,53,312627
25466,0.009026,74.125.24.0-255,5738,147969,53,312627
25467,0.009033,172.31.46.0-255,66,148035,53,312627
25468,0.011301,74.125.24.0-255,5738,153773,53,312627
25469,0.01131,172.31.46.0-255,66,153839,53,312627
25470,0.013542,74.125.24.0-255,5738,159577,53,312627
25471,0.01355,172.31.46.0-255,66,159643,53,312627
25472,0.015791,74.125.24.0-255,5738,165381,53,312627
25473,0.0158,172.31.46.0-255,66,165447,53,312627
25474,0.01806,74.125.24.0-255,5738,171185,53,312627
25475,0.018071,172.31.46.0-255,66,171251,53,312627
25476,0.02033,74.125.24.0-255,5738,176989,53,312627
25477,0.020339,172.31.46.0-255,66,177055,53,312627
25478,0.022617,74.125.24.0-255,5738,182793,53,312627
25479,0.022624,172.31.46.0-255,66,182859,53,312627
25480,0.024852,74.125.24.0-255,5738,188597,53,312627
25481,0.024859,172.31.46.0-255,66,188663,53,312627
25482,0.027114,74.125.24.0-255,5738,194401,53,312627
25483,0.027123,172.31.46.0-255,66,194467,53,312627
25484,0.029371,74.125.24.0-255,2902,197369,53,312627
25485,0.029379,172.31.46.0-255,66,197435,53,312627
25486,0.029396,74.125.24.0-255,2902,200337,53,312627
25487,0.0294,172.31.46.0-255,66,200403,53,312627
25488,0.030602,172.31.46.0-255,172,200575,53,312627
25489,0.030633,172.31.46.0-255,1112,201687,53,312627
25490,0.03069,172.31.46.0-255,1514,203201,53,312627
25491,0.030692,172.31.46.0-255,1291,204492,53,312627
25492,0.031617,74.125.24.0-255,5738,210230,53,312627
25493,0.031625,172.31.46.0-255,66,210296,53,312627
25494,0.03214,104.244.42.0-255,66,210362,53,312627
25495,0.03216,104.244.42.0-255,66,210428,53,312627
25496,0.032239,104.244.42.0-255,66,210494,53,312627
25497,0.0339,74.125.24.0-255,5738,216232,53,312627
25498,0.033905,172.31.46.0-255,66,216298,53,312627
25499,0.03626,74.125.24.0-255,5738,222036,53,312627
25500,0.036271,172.31.46.0-255,66,222102,53,312627
25501,0.038515,74.125.24.0-255,5738,227840,53,312627
25502,0.038522,172.31.46.0-255,66,227906,53,312627
25503,0.040776,74.125.24.0-255,5738,233644,53,312627
25504,0.040787,172.31.46.0-255,66,233710,53,312627
25505,0.043032,74.125.24.0-255,5738,239448,53,312627
25506,0.043039,172.31.46.0-255,66,239514,53,312627
25507,0.045312,74.125.24.0-255,5738,245252,53,312627
25508,0.045319,172.31.46.0-255,66,245318,53,312627
25509,0.047559,74.125.24.0-255,5738,251056,53,312627
25510,0.047565,172.31.46.0-255,66,251122,53,312627
25511,0.049854,74.125.24.0-255,5738,256860,53,312627
25512,0.049861,172.31.46.0-255,66,256926,53,312627
25513,0.052107,74.125.24.0-255,5738,262664,53,312627
25514,0.052113,172.31.46.0-255,66,262730,53,312627
25515,0.054381,74.125.24.0-255,5738,268468,53,312627
25516,0.054388,172.31.46.0-255,66,268534,53,312627
25517,0.056656,74.125.24.0-255,5738,274272,53,312627
25518,0.056663,172.31.46.0-255,66,274338,53,312627
25519,0.058917,74.125.24.0-255,5738,280076,53,312627
25520,0.058924,172.31.46.0-255,66,280142,53,312627
25521,0.061174,74.125.24.0-255,5738,285880,53,312627
25522,0.061181,172.31.46.0-255,66,285946,53,312627
25523,0.063428,74.125.24.0-255,5738,291684,53,312627
25524,0.063434,172.31.46.0-255,66,291750,53,312627
25525,0.065682,74.125.24.0-255,5738,297488,53,312627
25526,0.065689,172.31.46.0-255,66,297554,53,312627
25527,0.067942,74.125.24.0-255,5738,303292,53,312627
25528,0.067949,172.31.46.0-255,66,303358,53,312627
25529,0.07021,74.125.24.0-255,5738,309096,53,312627
25530,0.070218,172.31.46.0-255,66,309162,53,312627
25531,0.072467,74.125.24.0-255,3228,312390,53,312627
25532,0.072481,172.31.46.0-255,66,312456,53,312627
25533,0.072747,172.31.46.0-255,105,312561,53,312627
25534,0.074951,74.125.24.0-255,66,312627,53,312627
25535,0.0,74.125.24.0-255,152,152,53,172887
25536,1.4e-05,172.31.46.0-255,66,218,53,172887
25537,2.1e-05,74.125.24.0-255,1484,1702,53,172887
25538,2.5e-05,172.31.46.0-255,66,1768,53,172887
25539,3e-05,74.125.24.0-255,2902,4670,53,172887
25540,4.1e-05,172.31.46.0-255,66,4736,53,172887
25541,4.6e-05,74.125.24.0-255,2902,7638,53,172887
25542,4.9e-05,172.31.46.0-255,66,7704,53,172887
25543,9.1e-05,74.125.24.0-255,2902,10606,53,172887
25544,9.5e-05,172.31.46.0-255,66,10672,53,172887
25545,0.000133,74.125.24.0-255,4736,15408,53,172887
25546,0.000136,172.31.46.0-255,66,15474,53,172887
25547,0.000146,172.31.46.0-255,66,15540,53,172887
25548,0.00017,172.31.46.0-255,66,15606,53,172887
25549,0.000176,74.125.24.0-255,5020,20626,53,172887
25550,0.000179,172.31.46.0-255,66,20692,53,172887
25551,0.000663,74.125.24.0-255,1484,22176,53,172887
25552,0.000669,172.31.46.0-255,66,22242,53,172887
25553,0.000675,74.125.24.0-255,2902,25144,53,172887
25554,0.000677,172.31.46.0-255,66,25210,53,172887
25555,0.000688,74.125.24.0-255,5738,30948,53,172887
25556,0.000691,172.31.46.0-255,66,31014,53,172887
25557,0.000729,74.125.24.0-255,6797,37811,53,172887
25558,0.000732,172.31.46.0-255,66,37877,53,172887
25559,0.000838,74.125.24.0-255,1484,39361,53,172887
25560,0.000841,172.31.46.0-255,66,39427,53,172887
25561,0.000847,74.125.24.0-255,2902,42329,53,172887
25562,0.000849,172.31.46.0-255,66,42395,53,172887
25563,0.000872,74.125.24.0-255,5738,48133,53,172887
25564,0.000876,172.31.46.0-255,66,48199,53,172887
25565,0.000912,172.31.46.0-255,66,48265,53,172887
25566,0.000947,172.31.46.0-255,66,48331,53,172887
25567,0.000993,172.31.46.0-255,66,48397,53,172887
25568,0.00102,74.125.24.0-255,5738,54135,53,172887
25569,0.001022,172.31.46.0-255,66,54201,53,172887
25570,0.001028,74.125.24.0-255,7156,61357,53,172887
25571,0.001031,172.31.46.0-255,66,61423,53,172887
25572,0.001083,74.125.24.0-255,4658,66081,53,172887
25573,0.001086,172.31.46.0-255,66,66147,53,172887
25574,0.001182,74.125.24.0-255,1484,67631,53,172887
25575,0.001189,74.125.24.0-255,2902,70533,53,172887
25576,0.001193,172.31.46.0-255,66,70599,53,172887
25577,0.001201,74.125.24.0-255,5738,76337,53,172887
25578,0.001204,172.31.46.0-255,66,76403,53,172887
25579,0.001247,172.31.46.0-255,66,76469,53,172887
25580,0.001293,172.31.46.0-255,66,76535,53,172887
25581,0.001322,172.31.46.0-255,66,76601,53,172887
25582,0.001327,74.125.24.0-255,4320,80921,53,172887
25583,0.001331,172.31.46.0-255,66,80987,53,172887
25584,0.001366,74.125.24.0-255,7156,88143,53,172887
25585,0.001369,172.31.46.0-255,66,88209,53,172887
25586,0.001388,172.31.46.0-255,66,88275,53,172887
25587,0.001429,74.125.24.0-255,1484,89759,53,172887
25588,0.001434,74.125.24.0-255,2902,92661,53,172887
25589,0.001437,172.31.46.0-255,66,92727,53,172887
25590,0.001445,74.125.24.0-255,5738,98465,53,172887
25591,0.001448,172.31.46.0-255,66,98531,53,172887
25592,0.001456,74.125.24.0-255,1484,100015,53,172887
25593,0.001478,74.125.24.0-255,2902,102917,53,172887
25594,0.001481,172.31.46.0-255,66,102983,53,172887
25595,0.001486,74.125.24.0-255,2902,105885,53,172887
25596,0.001488,172.31.46.0-255,66,105951,53,172887
25597,0.001549,172.31.46.0-255,66,106017,53,172887
25598,0.001557,172.31.46.0-255,66,106083,53,172887
25599,0.00156,74.125.24.0-255,1484,107567,53,172887
25600,0.001564,74.125.24.0-255,2902,110469,53,172887
25601,0.001566,172.31.46.0-255,66,110535,53,172887
25602,0.00157,74.125.24.0-255,1484,112019,53,172887
25603,0.001605,74.125.24.0-255,4320,116339,53,172887
25604,0.001608,172.31.46.0-255,66,116405,53,172887
25605,0.001633,172.31.46.0-255,66,116471,53,172887
25606,0.00164,74.125.24.0-255,7156,123627,53,172887
25607,0.001642,172.31.46.0-255,66,123693,53,172887
25608,0.001676,74.125.24.0-255,3602,127295,53,172887
25609,0.001679,172.31.46.0-255,66,127361,53,172887
25610,0.001795,74.125.24.0-255,1484,128845,53,172887
25611,0.001816,74.125.24.0-255,2902,131747,53,172887
25612,0.001819,172.31.46.0-255,66,131813,53,172887
25613,0.001823,74.125.24.0-255,1484,133297,53,172887
25614,0.001844,74.125.24.0-255,4320,137617,53,172887
25615,0.001846,172.31.46.0-255,66,137683,53,172887
25616,0.001851,74.125.24.0-255,2902,140585,53,172887
25617,0.001853,172.31.46.0-255,66,140651,53,172887
25618,0.001899,172.31.46.0-255,66,140717,53,172887
25619,0.001906,74.125.24.0-255,7156,147873,53,172887
25620,0.001908,172.31.46.0-255,66,147939,53,172887
25621,0.001913,74.125.24.0-255,3602,151541,53,172887
25622,0.001915,172.31.46.0-255,66,151607,53,172887
25623,0.002018,74.125.24.0-255,1484,153091,53,172887
25624,0.002024,74.125.24.0-255,2902,155993,53,172887
25625,0.002027,172.31.46.0-255,66,156059,53,172887
25626,0.002056,74.125.24.0-255,5738,161797,53,172887
25627,0.002059,172.31.46.0-255,66,161863,53,172887
25628,0.00213,172.31.46.0-255,66,161929,53,172887
25629,0.002142,172.31.46.0-255,66,161995,53,172887
25630,0.002161,172.31.46.0-255,66,162061,53,172887
25631,0.002173,172.31.46.0-255,66,162127,53,172887
25632,0.002214,74.125.24.0-255,4320,166447,53,172887
25633,0.002231,172.31.46.0-255,66,166513,53,172887
25634,0.002241,172.31.46.0-255,66,166579,53,172887
25635,0.002278,172.31.46.0-255,66,166645,53,172887
25636,0.002306,74.125.24.0-255,1548,168193,53,172887
25637,0.002308,172.31.46.0-255,66,168259,53,172887
25638,0.004442,74.125.24.0-255,105,168364,53,172887
25639,0.009438,172.31.46.0-255,66,168430,53,172887
25640,0.009479,172.31.46.0-255,105,168535,53,172887
25641,0.011669,74.125.24.0-255,66,168601,53,172887
25642,0.030407,172.31.46.0-255,171,168772,53,172887
25643,0.030441,172.31.46.0-255,1131,169903,53,172887
25644,0.0305,172.31.46.0-255,1514,171417,53,172887
25645,0.030522,172.31.46.0-255,1272,172689,53,172887
25646,0.031984,104.244.42.0-255,66,172755,53,172887
25647,0.03204,104.244.42.0-255,66,172821,53,172887
25648,0.032072,104.244.42.0-255,66,172887,53,172887
25649,0.0,172.217.194.0-255,301,301,53,148003
25650,2.3e-05,172.31.46.0-255,66,367,53,148003
25651,3e-05,172.217.194.0-255,1484,1851,53,148003
25652,3.3e-05,172.31.46.0-255,66,1917,53,148003
25653,4e-05,172.217.194.0-255,4320,6237,53,148003
25654,5.2e-05,172.31.46.0-255,66,6303,53,148003
25655,6.4e-05,172.31.46.0-255,66,6369,53,148003
25656,9.7e-05,172.31.46.0-255,66,6435,53,148003
25657,0.00011,172.217.194.0-255,1484,7919,53,148003
25658,0.000112,172.31.46.0-255,66,7985,53,148003
25659,0.00012,172.217.194.0-255,1125,9110,53,148003
25660,0.000122,172.31.46.0-255,66,9176,53,148003
25661,0.000153,172.217.194.0-255,1484,10660,53,148003
25662,0.000156,172.31.46.0-255,66,10726,53,148003
25663,0.000159,172.217.194.0-255,1484,12210,53,148003
25664,0.000161,172.31.46.0-255,66,12276,53,148003
25665,0.000197,172.217.194.0-255,4320,16596,53,148003
25666,0.000199,172.31.46.0-255,66,16662,53,148003
25667,0.000212,172.31.46.0-255,66,16728,53,148003
25668,0.000229,172.217.194.0-255,1125,17853,53,148003
25669,0.000231,172.31.46.0-255,66,17919,53,148003
25670,0.000252,172.31.46.0-255,66,17985,53,148003
25671,0.000302,172.217.194.0-255,1375,19360,53,148003
25672,0.000304,172.31.46.0-255,66,19426,53,148003
25673,0.000307,172.217.194.0-255,120,19546,53,148003
25674,0.000309,172.31.46.0-255,66,19612,53,148003
25675,0.000312,172.217.194.0-255,382,19994,53,148003
25676,0.000315,172.31.46.0-255,66,20060,53,148003
25677,0.000584,172.217.194.0-255,1484,21544,53,148003
25678,0.000593,172.217.194.0-255,2902,24446,53,148003
25679,0.000597,172.31.46.0-255,66,24512,53,148003
25680,0.000602,172.217.194.0-255,1484,25996,53,148003
25681,0.000628,172.217.194.0-255,4320,30316,53,148003
25682,0.000631,172.31.46.0-255,66,30382,53,148003
25683,0.000639,172.217.194.0-255,7156,37538,53,148003
25684,0.000643,172.31.46.0-255,66,37604,53,148003
25685,0.000681,172.217.194.0-255,5738,43342,53,148003
25686,0.000685,172.31.46.0-255,66,43408,53,148003
25687,0.000701,172.31.46.0-255,66,43474,53,148003
25688,0.000705,172.217.194.0-255,1635,45109,53,148003
25689,0.000707,172.31.46.0-255,66,45175,53,148003
25690,0.000913,172.217.194.0-255,1484,46659,53,148003
25691,0.000916,172.217.194.0-255,1484,48143,53,148003
25692,0.000926,172.31.46.0-255,66,48209,53,148003
25693,0.000931,172.217.194.0-255,1484,49693,53,148003
25694,0.000961,172.217.194.0-255,5738,55431,53,148003
25695,0.000963,172.31.46.0-255,66,55497,53,148003
25696,0.000972,172.217.194.0-255,7156,62653,53,148003
25697,0.000975,172.31.46.0-255,66,62719,53,148003
25698,0.001,172.217.194.0-255,2902,65621,53,148003
25699,0.001002,172.31.46.0-255,66,65687,53,148003
25700,0.001015,172.31.46.0-255,66,65753,53,148003
25701,0.001035,172.217.194.0-255,1484,67237,53,148003
25702,0.001044,172.217.194.0-255,2184,69421,53,148003
25703,0.001046,172.31.46.0-255,66,69487,53,148003
25704,0.001305,172.217.194.0-255,1484,70971,53,148003
25705,0.001319,172.217.194.0-255,2902,73873,53,148003
25706,0.001322,172.31.46.0-255,66,73939,53,148003
25707,0.001327,172.217.194.0-255,2902,76841,53,148003
25708,0.00133,172.31.46.0-255,66,76907,53,148003
25709,0.001351,172.217.194.0-255,2902,79809,53,148003
25710,0.001357,172.31.46.0-255,66,79875,53,148003
25711,0.001363,172.217.194.0-255,4320,84195,53,148003
25712,0.001365,172.31.46.0-255,66,84261,53,148003
25713,0.001399,172.217.194.0-255,5738,89999,53,148003
25714,0.001401,172.31.46.0-255,66,90065,53,148003
25715,0.001449,172.31.46.0-255,66,90131,53,148003
25716,0.001473,172.217.194.0-255,1484,91615,53,148003
25717,0.001478,172.217.194.0-255,2902,94517,53,148003
25718,0.001481,172.31.46.0-255,66,94583,53,148003
25719,0.001487,172.217.194.0-255,4320,98903,53,148003
25720,0.001489,172.31.46.0-255,66,98969,53,148003
25721,0.001511,172.217.194.0-255,1484,100453,53,148003
25722,0.001529,172.31.46.0-255,66,100519,53,148003
25723,0.001577,172.31.46.0-255,66,100585,53,148003
25724,0.001606,172.217.194.0-255,5020,105605,53,148003
25725,0.001609,172.31.46.0-255,66,105671,53,148003
25726,0.001614,172.217.194.0-255,2902,108573,53,148003
25727,0.001616,172.31.46.0-255,66,108639,53,148003
25728,0.00166,172.31.46.0-255,66,108705,53,148003
25729,0.001677,172.31.46.0-255,66,108771,53,148003
25730,0.001683,172.217.194.0-255,3602,112373,53,148003
25731,0.001685,172.31.46.0-255,66,112439,53,148003
25732,0.001692,172.217.194.0-255,4320,116759,53,148003
25733,0.001694,172.31.46.0-255,66,116825,53,148003
25734,0.001707,172.31.46.0-255,66,116891,53,148003
25735,0.001754,172.217.194.0-255,5738,122629,53,148003
25736,0.001757,172.31.46.0-255,66,122695,53,148003
25737,0.001785,172.217.194.0-255,2902,125597,53,148003
25738,0.001792,172.31.46.0-255,66,125663,53,148003
25739,0.001813,172.31.46.0-255,66,125729,53,148003
25740,0.001827,172.31.46.0-255,66,125795,53,148003
25741,0.00184,172.31.46.0-255,66,125861,53,148003
25742,0.001852,172.31.46.0-255,66,125927,53,148003
25743,0.001916,172.217.194.0-255,1484,127411,53,148003
25744,0.00192,172.217.194.0-255,2902,130313,53,148003
25745,0.001924,172.31.46.0-255,66,130379,53,148003
25746,0.001929,172.31.46.0-255,66,130445,53,148003
25747,0.001946,172.217.194.0-255,5738,136183,53,148003
25748,0.001949,172.31.46.0-255,66,136249,53,148003
25749,0.001955,172.217.194.0-255,4320,140569,53,148003
25750,0.001957,172.31.46.0-255,66,140635,53,148003
25751,0.001993,172.31.46.0-255,66,140701,53,148003
25752,0.002004,172.31.46.0-255,66,140767,53,148003
25753,0.002015,172.217.194.0-255,1484,142251,53,148003
25754,0.002059,172.31.46.0-255,66,142317,53,148003
25755,0.002095,172.31.46.0-255,66,142383,53,148003
25756,0.00411,172.217.194.0-255,105,142488,53,148003
25757,0.009757,172.31.46.0-255,66,142554,53,148003
25758,0.009797,172.31.46.0-255,105,142659,53,148003
25759,0.01182,172.217.194.0-255,66,142725,53,148003
25760,0.032933,172.31.46.0-255,172,142897,53,148003
25761,0.032966,172.31.46.0-255,1112,144009,53,148003
25762,0.033034,172.31.46.0-255,1514,145523,53,148003
25763,0.033036,172.31.46.0-255,1514,147037,53,148003
25764,0.033059,172.31.46.0-255,702,147739,53,148003
25765,0.034453,104.244.42.0-255,66,147805,53,148003
25766,0.034465,104.244.42.0-255,66,147871,53,148003
25767,0.034572,104.244.42.0-255,66,147937,53,148003
25768,0.034589,104.244.42.0-255,66,148003,53,148003
25769,0.0,74.125.24.0-255,153,153,53,257167
25770,1.8e-05,172.31.46.0-255,66,219,53,257167
25771,2.5e-05,74.125.24.0-255,1484,1703,53,257167
25772,2.9e-05,172.31.46.0-255,66,1769,53,257167
25773,3.4e-05,74.125.24.0-255,2902,4671,53,257167
25774,3.7e-05,172.31.46.0-255,66,4737,53,257167
25775,4.4e-05,74.125.24.0-255,7156,11893,53,257167
25776,4.8e-05,172.31.46.0-255,66,11959,53,257167
25777,7.4e-05,74.125.24.0-255,5738,17697,53,257167
25778,7.8e-05,172.31.46.0-255,66,17763,53,257167
25779,9e-05,74.125.24.0-255,2082,19845,53,257167
25780,9.2e-05,172.31.46.0-255,66,19911,53,257167
25781,0.000104,172.31.46.0-255,66,19977,53,257167
25782,0.000129,74.125.24.0-255,2543,22520,53,257167
25783,0.000131,172.31.46.0-255,66,22586,53,257167
25784,0.000162,74.125.24.0-255,2902,25488,53,257167
25785,0.000165,172.31.46.0-255,66,25554,53,257167
25786,0.000172,74.125.24.0-255,7156,32710,53,257167
25787,0.000175,172.31.46.0-255,66,32776,53,257167
25788,0.000181,74.125.24.0-255,5738,38514,53,257167
25789,0.000184,172.31.46.0-255,66,38580,53,257167
25790,0.000202,74.125.24.0-255,1125,39705,53,257167
25791,0.000205,172.31.46.0-255,66,39771,53,257167
25792,0.000225,74.125.24.0-255,1484,41255,53,257167
25793,0.000228,172.31.46.0-255,66,41321,53,257167
25794,0.000249,74.125.24.0-255,2902,44223,53,257167
25795,0.000252,172.31.46.0-255,66,44289,53,257167
25796,0.000272,74.125.24.0-255,5738,50027,53,257167
25797,0.000274,172.31.46.0-255,66,50093,53,257167
25798,0.000298,74.125.24.0-255,6797,56890,53,257167
25799,0.000301,172.31.46.0-255,66,56956,53,257167
25800,0.000317,74.125.24.0-255,676,57632,53,257167
25801,0.000372,74.125.24.0-255,1484,59116,53,257167
25802,0.000375,172.31.46.0-255,66,59182,53,257167
25803,0.00038,74.125.24.0-255,2902,62084,53,257167
25804,0.000382,172.31.46.0-255,66,62150,53,257167
25805,0.000412,74.125.24.0-255,5738,67888,53,257167
25806,0.000415,172.31.46.0-255,66,67954,53,257167
25807,0.00043,74.125.24.0-255,2902,70856,53,257167
25808,0.000432,172.31.46.0-255,66,70922,53,257167
25809,0.000449,74.125.24.0-255,2902,73824,53,257167
25810,0.000451,172.31.46.0-255,66,73890,53,257167
25811,0.000454,74.125.24.0-255,577,74467,53,257167
25812,0.000509,74.125.24.0-255,1484,75951,53,257167
25813,0.000512,172.31.46.0-255,66,76017,53,257167
25814,0.000534,74.125.24.0-255,4320,80337,53,257167
25815,0.000537,172.31.46.0-255,66,80403,53,257167
25816,0.000547,172.31.46.0-255,66,80469,53,257167
25817,0.000575,74.125.24.0-255,1484,81953,53,257167
25818,0.000578,172.31.46.0-255,66,82019,53,257167
25819,0.000613,172.31.46.0-255,66,82085,53,257167
25820,0.000632,74.125.24.0-255,4320,86405,53,257167
25821,0.000642,74.125.24.0-255,1484,87889,53,257167
25822,0.000648,172.31.46.0-255,66,87955,53,257167
25823,0.000664,74.125.24.0-255,4320,92275,53,257167
25824,0.000676,172.31.46.0-255,66,92341,53,257167
25825,0.000695,74.125.24.0-255,4320,96661,53,257167
25826,0.000702,172.31.46.0-255,66,96727,53,257167
25827,0.00072,74.125.24.0-255,2543,99270,53,257167
25828,0.000727,172.31.46.0-255,66,99336,53,257167
25829,0.00079,74.125.24.0-255,1484,100820,53,257167
25830,0.000812,74.125.24.0-255,2902,103722,53,257167
25831,0.000818,74.125.24.0-255,5738,109460,53,257167
25832,0.00083,172.31.46.0-255,66,109526,53,257167
25833,0.000894,74.125.24.0-255,5738,115264,53,257167
25834,0.000898,172.31.46.0-255,66,115330,53,257167
25835,0.000907,74.125.24.0-255,1125,116455,53,257167
25836,0.000913,74.125.24.0-255,7156,123611,53,257167
25837,0.000919,74.125.24.0-255,5738,129349,53,257167
25838,0.000932,172.31.46.0-255,66,129415,53,257167
25839,0.00097,172.31.46.0-255,66,129481,53,257167
25840,0.000982,172.31.46.0-255,66,129547,53,257167
25841,0.000991,74.125.24.0-255,2184,131731,53,257167
25842,0.001011,172.31.46.0-255,66,131797,53,257167
25843,0.00108,74.125.24.0-255,1484,133281,53,257167
25844,0.001096,74.125.24.0-255,2902,136183,53,257167
25845,0.001099,74.125.24.0-255,1484,137667,53,257167
25846,0.001116,74.125.24.0-255,4320,141987,53,257167
25847,0.001121,74.125.24.0-255,4320,146307,53,257167
25848,0.001131,74.125.24.0-255,2543,148850,53,257167
25849,0.001136,172.31.46.0-255,66,148916,53,257167
25850,0.001168,74.125.24.0-255,1484,150400,53,257167
25851,0.001184,74.125.24.0-255,2902,153302,53,257167
25852,0.001188,74.125.24.0-255,2902,156204,53,257167
25853,0.001195,172.31.46.0-255,66,156270,53,257167
25854,0.001203,74.125.24.0-255,2902,159172,53,257167
25855,0.001207,172.31.46.0-255,66,159238,53,257167
25856,0.001214,74.125.24.0-255,1484,160722,53,257167
25857,0.001245,74.125.24.0-255,2902,163624,53,257167
25858,0.001249,172.31.46.0-255,66,163690,53,257167
25859,0.001253,172.31.46.0-255,66,163756,53,257167
25860,0.001279,74.125.24.0-255,7156,170912,53,257167
25861,0.001291,74.125.24.0-255,3602,174514,53,257167
25862,0.001294,74.125.24.0-255,1484,175998,53,257167
25863,0.001308,74.125.24.0-255,7156,183154,53,257167
25864,0.001319,74.125.24.0-255,2902,186056,53,257167
25865,0.001329,74.125.24.0-255,1484,187540,53,257167
25866,0.001334,172.31.46.0-255,66,187606,53,257167
25867,0.001363,74.125.24.0-255,4320,191926,53,257167
25868,0.001389,172.31.46.0-255,66,191992,53,257167
25869,0.001408,74.125.24.0-255,4320,196312,53,257167
25870,0.001414,74.125.24.0-255,5020,201332,53,257167
25871,0.001435,172.31.46.0-255,66,201398,53,257167
25872,0.001453,74.125.24.0-255,1484,202882,53,257167
25873,0.001457,74.125.24.0-255,1484,204366,53,257167
25874,0.001472,74.125.24.0-255,1484,205850,53,257167
25875,0.001476,74.125.24.0-255,2902,208752,53,257167
25876,0.00148,172.31.46.0-255,66,208818,53,257167
25877,0.001491,74.125.24.0-255,1484,210302,53,257167
25878,0.001527,74.125.24.0-255,4320,214622,53,257167
25879,0.001536,172.31.46.0-255,66,214688,53,257167
25880,0.001557,74.125.24.0-255,3961,218649,53,257167
25881,0.001577,74.125.24.0-255,1484,220133,53,257167
25882,0.00158,172.31.46.0-255,66,220199,53,257167
25883,0.001595,74.125.24.0-255,4320,224519,53,257167
25884,0.001597,74.125.24.0-255,1484,226003,53,257167
25885,0.001605,172.31.46.0-255,66,226069,53,257167
25886,0.001638,74.125.24.0-255,3602,229671,53,257167
25887,0.001683,172.31.46.0-255,66,229737,53,257167
25888,0.001729,74.125.24.0-255,1484,231221,53,257167
25889,0.001734,74.125.24.0-255,2902,234123,53,257167
25890,0.001738,172.31.46.0-255,66,234189,53,257167
25891,0.001762,74.125.24.0-255,5738,239927,53,257167
25892,0.001766,172.31.46.0-255,66,239993,53,257167
25893,0.0018,172.31.46.0-255,66,240059,53,257167
25894,0.001809,74.125.24.0-255,4320,244379,53,257167
25895,0.00182,172.31.46.0-255,66,244445,53,257167
25896,0.001844,74.125.24.0-255,1484,245929,53,257167
25897,0.001876,74.125.24.0-255,1484,247413,53,257167
25898,0.001888,172.31.46.0-255,66,247479,53,257167
25899,0.001923,74.125.24.0-255,105,247584,53,257167
25900,0.001948,172.31.46.0-255,66,247650,53,257167
25901,0.002769,172.31.46.0-255,101,247751,53,257167
25902,0.004327,172.31.46.0-255,105,247856,53,257167
25903,0.005069,74.125.24.0-255,66,247922,53,257167
25904,0.006632,74.125.24.0-255,66,247988,53,257167
25905,0.035415,172.31.46.0-255,188,248176,53,257167
25906,0.035451,172.31.46.0-255,953,249129,53,257167
25907,0.035521,172.31.46.0-255,1514,250643,53,257167
25908,0.035522,172.31.46.0-255,1514,252157,53,257167
25909,0.035529,172.31.46.0-255,1514,253671,53,257167
25910,0.03553,172.31.46.0-255,1514,255185,53,257167
25911,0.035549,172.31.46.0-255,1514,256699,53,257167
25912,0.03555,172.31.46.0-255,204,256903,53,257167
25913,0.036974,104.244.42.0-255,66,256969,53,257167
25914,0.037012,104.244.42.0-255,66,257035,53,257167
25915,0.037111,104.244.42.0-255,66,257101,53,257167
25916,0.037125,104.244.42.0-255,66,257167,53,257167
25917,0.0,172.217.194.0-255,153,153,53,197698
25918,2.3e-05,172.31.46.0-255,66,219,53,197698
25919,3e-05,172.217.194.0-255,1484,1703,53,197698
25920,3.6e-05,172.31.46.0-255,66,1769,53,197698
25921,4.9e-05,172.217.194.0-255,2902,4671,53,197698
25922,5.4e-05,172.31.46.0-255,66,4737,53,197698
25923,6.1e-05,172.217.194.0-255,7156,11893,53,197698
25924,6.5e-05,172.31.46.0-255,66,11959,53,197698
25925,7.1e-05,172.217.194.0-255,3461,15420,53,197698
25926,7.4e-05,172.31.46.0-255,66,15486,53,197698
25927,0.000103,172.217.194.0-255,2902,18388,53,197698
25928,0.000107,172.31.46.0-255,66,18454,53,197698
25929,0.000125,172.217.194.0-255,1484,19938,53,197698
25930,0.000128,172.31.46.0-255,66,20004,53,197698
25931,0.000145,172.31.46.0-255,66,20070,53,197698
25932,0.000148,172.217.194.0-255,1125,21195,53,197698
25933,0.00015,172.31.46.0-255,66,21261,53,197698
25934,0.000156,172.217.194.0-255,4320,25581,53,197698
25935,0.000159,172.31.46.0-255,66,25647,53,197698
25936,0.000163,172.217.194.0-255,2902,28549,53,197698
25937,0.000166,172.31.46.0-255,66,28615,53,197698
25938,0.000207,172.217.194.0-255,2902,31517,53,197698
25939,0.00021,172.31.46.0-255,66,31583,53,197698
25940,0.000224,172.31.46.0-255,66,31649,53,197698
25941,0.000242,172.31.46.0-255,66,31715,53,197698
25942,0.000245,172.217.194.0-255,341,32056,53,197698
25943,0.000247,172.31.46.0-255,66,32122,53,197698
25944,0.00025,172.217.194.0-255,402,32524,53,197698
25945,0.000252,172.31.46.0-255,66,32590,53,197698
25946,0.000302,172.217.194.0-255,2902,35492,53,197698
25947,0.000305,172.31.46.0-255,66,35558,53,197698
25948,0.000309,172.217.194.0-255,2902,38460,53,197698
25949,0.000311,172.31.46.0-255,66,38526,53,197698
25950,0.000342,172.217.194.0-255,1484,40010,53,197698
25951,0.000355,172.31.46.0-255,66,40076,53,197698
25952,0.000358,172.217.194.0-255,576,40652,53,197698
25953,0.000409,172.217.194.0-255,1484,42136,53,197698
25954,0.000411,172.31.46.0-255,66,42202,53,197698
25955,0.000416,172.217.194.0-255,2902,45104,53,197698
25956,0.000418,172.31.46.0-255,66,45170,53,197698
25957,0.000446,172.217.194.0-255,5738,50908,53,197698
25958,0.000453,172.31.46.0-255,66,50974,53,197698
25959,0.000488,172.217.194.0-255,5738,56712,53,197698
25960,0.000491,172.31.46.0-255,66,56778,53,197698
25961,0.000513,172.217.194.0-255,1125,57903,53,197698
25962,0.000529,172.217.194.0-255,2902,60805,53,197698
25963,0.000531,172.31.46.0-255,66,60871,53,197698
25964,0.000559,172.217.194.0-255,4320,65191,53,197698
25965,0.000562,172.31.46.0-255,66,65257,53,197698
25966,0.000569,172.217.194.0-255,7156,72413,53,197698
25967,0.000572,172.31.46.0-255,66,72479,53,197698
25968,0.000596,172.217.194.0-255,2543,75022,53,197698
25969,0.000598,172.31.46.0-255,66,75088,53,197698
25970,0.00083,172.217.194.0-255,1484,76572,53,197698
25971,0.000837,172.217.194.0-255,2902,79474,53,197698
25972,0.00084,172.31.46.0-255,66,79540,53,197698
25973,0.000865,172.217.194.0-255,5738,85278,53,197698
25974,0.000868,172.31.46.0-255,66,85344,53,197698
25975,0.000878,172.31.46.0-255,66,85410,53,197698
25976,0.000923,172.217.194.0-255,2902,88312,53,197698
25977,0.000935,172.31.46.0-255,66,88378,53,197698
25978,0.000976,172.31.46.0-255,66,88444,53,197698
25979,0.000994,172.217.194.0-255,1484,89928,53,197698
25980,0.001017,172.217.194.0-255,2902,92830,53,197698
25981,0.00102,172.31.46.0-255,66,92896,53,197698
25982,0.001023,172.217.194.0-255,1484,94380,53,197698
25983,0.001027,172.217.194.0-255,1484,95864,53,197698
25984,0.001029,172.31.46.0-255,66,95930,53,197698
25985,0.001063,172.217.194.0-255,4320,100250,53,197698
25986,0.001066,172.31.46.0-255,66,100316,53,197698
25987,0.00108,172.31.46.0-255,66,100382,53,197698
25988,0.001097,172.31.46.0-255,66,100448,53,197698
25989,0.001138,172.217.194.0-255,1484,101932,53,197698
25990,0.001152,172.217.194.0-255,2902,104834,53,197698
25991,0.001155,172.31.46.0-255,66,104900,53,197698
25992,0.001186,172.217.194.0-255,5738,110638,53,197698
25993,0.00119,172.31.46.0-255,66,110704,53,197698
25994,0.001196,172.217.194.0-255,4320,115024,53,197698
25995,0.001199,172.31.46.0-255,66,115090,53,197698
25996,0.001239,172.217.194.0-255,1484,116574,53,197698
25997,0.001271,172.31.46.0-255,66,116640,53,197698
25998,0.001282,172.31.46.0-255,66,116706,53,197698
25999,0.001298,172.31.46.0-255,66,116772,53,197698
26000,0.001303,172.217.194.0-255,4320,121092,53,197698
26001,0.001305,172.31.46.0-255,66,121158,53,197698
26002,0.001353,172.217.194.0-255,2902,124060,53,197698
26003,0.001369,172.217.194.0-255,766,124826,53,197698
26004,0.001375,172.31.46.0-255,66,124892,53,197698
26005,0.001383,172.31.46.0-255,66,124958,53,197698
26006,0.001416,172.31.46.0-255,66,125024,53,197698
26007,0.001431,172.31.46.0-255,66,125090,53,197698
26008,0.001487,172.217.194.0-255,1484,126574,53,197698
26009,0.001528,172.217.194.0-255,2902,129476,53,197698
26010,0.001532,172.31.46.0-255,66,129542,53,197698
26011,0.001538,172.217.194.0-255,5738,135280,53,197698
26012,0.001541,172.31.46.0-255,66,135346,53,197698
26013,0.001546,172.217.194.0-255,4320,139666,53,197698
26014,0.001574,172.217.194.0-255,1484,141150,53,197698
26015,0.001595,172.31.46.0-255,66,141216,53,197698
26016,0.001607,172.217.194.0-255,5020,146236,53,197698
26017,0.001639,172.217.194.0-255,5738,151974,53,197698
26018,0.001648,172.31.46.0-255,66,152040,53,197698
26019,0.00166,172.217.194.0-255,5738,157778,53,197698
26020,0.00168,172.31.46.0-255,66,157844,53,197698
26021,0.001695,172.217.194.0-255,4320,162164,53,197698
26022,0.001717,172.31.46.0-255,66,162230,53,197698
26023,0.001737,172.217.194.0-255,7156,169386,53,197698
26024,0.001748,172.31.46.0-255,66,169452,53,197698
26025,0.001752,172.217.194.0-255,2184,171636,53,197698
26026,0.001783,172.217.194.0-255,2902,174538,53,197698
26027,0.001799,172.217.194.0-255,5738,180276,53,197698
26028,0.001811,172.217.194.0-255,1484,181760,53,197698
26029,0.001818,172.217.194.0-255,5738,187498,53,197698
26030,0.001823,172.31.46.0-255,66,187564,53,197698
26031,0.001833,172.31.46.0-255,66,187630,53,197698
26032,0.00187,172.217.194.0-255,3602,191232,53,197698
26033,0.001921,172.31.46.0-255,66,191298,53,197698
26034,0.001937,172.217.194.0-255,4614,195912,53,197698
26035,0.001943,172.31.46.0-255,66,195978,53,197698
26036,0.00195,172.217.194.0-255,105,196083,53,197698
26037,0.011746,172.31.46.0-255,66,196149,53,197698
26038,0.011795,172.31.46.0-255,105,196254,53,197698
26039,0.014078,172.217.194.0-255,66,196320,53,197698
26040,0.036017,172.31.46.0-255,172,196492,53,197698
26041,0.036045,172.31.46.0-255,1074,197566,53,197698
26042,0.037571,104.244.42.0-255,66,197632,53,197698
26043,0.037594,104.244.42.0-255,66,197698,53,197698
26044,0.0,74.125.200.0-255,147,147,53,300794
26045,1.5e-05,172.31.46.0-255,66,213,53,300794
26046,2.1e-05,74.125.200.0-255,1484,1697,53,300794
26047,2.5e-05,172.31.46.0-255,66,1763,53,300794
26048,3e-05,74.125.200.0-255,2902,4665,53,300794
26049,3.3e-05,172.31.46.0-255,66,4731,53,300794
26050,4.7e-05,74.125.200.0-255,7156,11887,53,300794
26051,5e-05,172.31.46.0-255,66,11953,53,300794
26052,5.3e-05,74.125.200.0-255,2097,14050,53,300794
26053,5.5e-05,172.31.46.0-255,66,14116,53,300794
26054,0.000159,74.125.200.0-255,1484,15600,53,300794
26055,0.000163,172.31.46.0-255,66,15666,53,300794
26056,0.000166,74.125.200.0-255,1484,17150,53,300794
26057,0.000169,172.31.46.0-255,66,17216,53,300794
26058,0.000186,74.125.200.0-255,1484,18700,53,300794
26059,0.000188,172.31.46.0-255,66,18766,53,300794
26060,0.000193,74.125.200.0-255,4320,23086,53,300794
26061,0.000195,172.31.46.0-255,66,23152,53,300794
26062,0.000245,74.125.200.0-255,1484,24636,53,300794
26063,0.000248,172.31.46.0-255,66,24702,53,300794
26064,0.000254,74.125.200.0-255,4320,29022,53,300794
26065,0.000256,172.31.46.0-255,66,29088,53,300794
26066,0.000261,74.125.200.0-255,5379,34467,53,300794
26067,0.000268,172.31.46.0-255,66,34533,53,300794
26068,0.000273,74.125.200.0-255,5738,40271,53,300794
26069,0.000275,172.31.46.0-255,66,40337,53,300794
26070,0.000281,74.125.200.0-255,7156,47493,53,300794
26071,0.000283,172.31.46.0-255,66,47559,53,300794
26072,0.000305,74.125.200.0-255,1125,48684,53,300794
26073,0.000307,172.31.46.0-255,66,48750,53,300794
26074,0.000332,74.125.200.0-255,1484,50234,53,300794
26075,0.000334,172.31.46.0-255,66,50300,53,300794
26076,0.000357,74.125.200.0-255,4320,54620,53,300794
26077,0.00036,172.31.46.0-255,66,54686,53,300794
26078,0.000363,74.125.200.0-255,1484,56170,53,300794
26079,0.00038,74.125.200.0-255,4320,60490,53,300794
26080,0.000382,172.31.46.0-255,66,60556,53,300794
26081,0.000413,74.125.200.0-255,2902,63458,53,300794
26082,0.000416,172.31.46.0-255,66,63524,53,300794
26083,0.000421,74.125.200.0-255,2543,66067,53,300794
26084,0.000423,172.31.46.0-255,66,66133,53,300794
26085,0.000449,74.125.200.0-255,677,66810,53,300794
26086,0.001075,74.125.200.0-255,1484,68294,53,300794
26087,0.001082,172.31.46.0-255,66,68360,53,300794
26088,0.001088,74.125.200.0-255,2902,71262,53,300794
26089,0.001091,172.31.46.0-255,66,71328,53,300794
26090,0.001099,74.125.200.0-255,1484,72812,53,300794
26091,0.001126,74.125.200.0-255,4320,77132,53,300794
26092,0.001128,172.31.46.0-255,66,77198,53,300794
26093,0.001139,172.31.46.0-255,66,77264,53,300794
26094,0.001156,172.31.46.0-255,66,77330,53,300794
26095,0.0012,74.125.200.0-255,2902,80232,53,300794
26096,0.001203,172.31.46.0-255,66,80298,53,300794
26097,0.00122,74.125.200.0-255,2184,82482,53,300794
26098,0.001222,172.31.46.0-255,66,82548,53,300794
26099,0.001648,74.125.200.0-255,1484,84032,53,300794
26100,0.001658,74.125.200.0-255,2902,86934,53,300794
26101,0.001662,172.31.46.0-255,66,87000,53,300794
26102,0.001694,74.125.200.0-255,5738,92738,53,300794
26103,0.001697,172.31.46.0-255,66,92804,53,300794
26104,0.001704,74.125.200.0-255,7156,99960,53,300794
26105,0.001707,172.31.46.0-255,66,100026,53,300794
26106,0.001742,74.125.200.0-255,4320,104346,53,300794
26107,0.001744,172.31.46.0-255,66,104412,53,300794
26108,0.001783,172.31.46.0-255,66,104478,53,300794
26109,0.001787,74.125.200.0-255,2184,106662,53,300794
26110,0.001789,172.31.46.0-255,66,106728,53,300794
26111,0.001915,74.125.200.0-255,1484,108212,53,300794
26112,0.001919,74.125.200.0-255,1484,109696,53,300794
26113,0.001922,172.31.46.0-255,66,109762,53,300794
26114,0.001947,74.125.200.0-255,1484,111246,53,300794
26115,0.001953,74.125.200.0-255,5738,116984,53,300794
26116,0.001955,172.31.46.0-255,66,117050,53,300794
26117,0.002001,172.31.46.0-255,66,117116,53,300794
26118,0.002017,74.125.200.0-255,1484,118600,53,300794
26119,0.002024,74.125.200.0-255,4320,122920,53,300794
26120,0.002025,172.31.46.0-255,66,122986,53,300794
26121,0.002057,172.31.46.0-255,66,123052,53,300794
26122,0.002175,74.125.200.0-255,1484,124536,53,300794
26123,0.002188,74.125.200.0-255,2902,127438,53,300794
26124,0.002191,172.31.46.0-255,66,127504,53,300794
26125,0.002213,74.125.200.0-255,5738,133242,53,300794
26126,0.002216,172.31.46.0-255,66,133308,53,300794
26127,0.002254,172.31.46.0-255,66,133374,53,300794
26128,0.002259,74.125.200.0-255,4320,137694,53,300794
26129,0.002261,172.31.46.0-255,66,137760,53,300794
26130,0.002294,74.125.200.0-255,1484,139244,53,300794
26131,0.002308,74.125.200.0-255,4320,143564,53,300794
26132,0.00231,172.31.46.0-255,66,143630,53,300794
26133,0.002337,74.125.200.0-255,766,144396,53,300794
26134,0.002347,74.125.200.0-255,7156,151552,53,300794
26135,0.00235,172.31.46.0-255,66,151618,53,300794
26136,0.002361,172.31.46.0-255,66,151684,53,300794
26137,0.002376,172.31.46.0-255,66,151750,53,300794
26138,0.002406,74.125.200.0-255,1484,153234,53,300794
26139,0.002418,172.31.46.0-255,66,153300,53,300794
26140,0.002425,74.125.200.0-255,5738,159038,53,300794
26141,0.002428,172.31.46.0-255,66,159104,53,300794
26142,0.002446,74.125.200.0-255,2902,162006,53,300794
26143,0.002448,172.31.46.0-255,66,162072,53,300794
26144,0.002469,172.31.46.0-255,66,162138,53,300794
26145,0.002474,74.125.200.0-255,4320,166458,53,300794
26146,0.002476,172.31.46.0-255,66,166524,53,300794
26147,0.002512,74.125.200.0-255,7156,173680,53,300794
26148,0.002515,172.31.46.0-255,66,173746,53,300794
26149,0.00252,74.125.200.0-255,3602,177348,53,300794
26150,0.002522,172.31.46.0-255,66,177414,53,300794
26151,0.005009,74.125.200.0-255,2902,180316,53,300794
26152,0.005015,172.31.46.0-255,66,180382,53,300794
26153,0.005043,74.125.200.0-255,2902,183284,53,300794
26154,0.005047,172.31.46.0-255,66,183350,53,300794
26155,0.007514,74.125.200.0-255,2902,186252,53,300794
26156,0.007519,172.31.46.0-255,66,186318,53,300794
26157,0.007575,74.125.200.0-255,2902,189220,53,300794
26158,0.007578,172.31.46.0-255,66,189286,53,300794
26159,0.010022,74.125.200.0-255,2902,192188,53,300794
26160,0.010029,172.31.46.0-255,66,192254,53,300794
26161,0.010067,74.125.200.0-255,2902,195156,53,300794
26162,0.01007,172.31.46.0-255,66,195222,53,300794
26163,0.012526,74.125.200.0-255,2902,198124,53,300794
26164,0.012534,172.31.46.0-255,66,198190,53,300794
26165,0.012563,74.125.200.0-255,2902,201092,53,300794
26166,0.012566,172.31.46.0-255,66,201158,53,300794
26167,0.015058,74.125.200.0-255,5738,206896,53,300794
26168,0.015072,172.31.46.0-255,66,206962,53,300794
26169,0.017603,74.125.200.0-255,5738,212700,53,300794
26170,0.017621,172.31.46.0-255,66,212766,53,300794
26171,0.020142,74.125.200.0-255,5738,218504,53,300794
26172,0.020156,172.31.46.0-255,66,218570,53,300794
26173,0.022679,74.125.200.0-255,5738,224308,53,300794
26174,0.022686,172.31.46.0-255,66,224374,53,300794
26175,0.025195,74.125.200.0-255,5738,230112,53,300794
26176,0.025202,172.31.46.0-255,66,230178,53,300794
26177,0.027709,74.125.200.0-255,5738,235916,53,300794
26178,0.027716,172.31.46.0-255,66,235982,53,300794
26179,0.030233,74.125.200.0-255,5738,241720,53,300794
26180,0.030241,172.31.46.0-255,66,241786,53,300794
26181,0.03275,74.125.200.0-255,5738,247524,53,300794
26182,0.032756,172.31.46.0-255,66,247590,53,300794
26183,0.035273,74.125.200.0-255,5738,253328,53,300794
26184,0.035278,172.31.46.0-255,66,253394,53,300794
26185,0.036174,172.31.46.0-255,172,253566,53,300794
26186,0.036227,172.31.46.0-255,1074,254640,53,300794
26187,0.03769,104.244.42.0-255,66,254706,53,300794
26188,0.037741,104.244.42.0-255,66,254772,53,300794
26189,0.037778,74.125.200.0-255,5738,260510,53,300794
26190,0.037785,172.31.46.0-255,66,260576,53,300794
26191,0.040289,74.125.200.0-255,5738,266314,53,300794
26192,0.040298,172.31.46.0-255,66,266380,53,300794
26193,0.0428,74.125.200.0-255,5738,272118,53,300794
26194,0.042806,172.31.46.0-255,66,272184,53,300794
26195,0.045318,74.125.200.0-255,5738,277922,53,300794
26196,0.045327,172.31.46.0-255,66,277988,53,300794
26197,0.047858,74.125.200.0-255,5738,283726,53,300794
26198,0.047865,172.31.46.0-255,66,283792,53,300794
26199,0.050372,74.125.200.0-255,5738,289530,53,300794
26200,0.050378,172.31.46.0-255,66,289596,53,300794
26201,0.05288,74.125.200.0-255,4320,293916,53,300794
26202,0.052886,172.31.46.0-255,66,293982,53,300794
26203,0.052916,74.125.200.0-255,1484,295466,53,300794
26204,0.055402,74.125.200.0-255,4320,299786,53,300794
26205,0.055408,172.31.46.0-255,66,299852,53,300794
26206,0.057891,74.125.200.0-255,705,300557,53,300794
26207,0.058,172.31.46.0-255,66,300623,53,300794
26208,0.058032,172.31.46.0-255,105,300728,53,300794
26209,0.060497,74.125.200.0-255,66,300794,53,300794
26210,0.0,74.125.24.0-255,152,152,53,203325
26211,2.1e-05,172.31.46.0-255,66,218,53,203325
26212,2.8e-05,74.125.24.0-255,1484,1702,53,203325
26213,3.2e-05,172.31.46.0-255,66,1768,53,203325
26214,3.8e-05,74.125.24.0-255,2902,4670,53,203325
26215,4.8e-05,172.31.46.0-255,66,4736,53,203325
26216,5.5e-05,74.125.24.0-255,7156,11892,53,203325
26217,5.8e-05,172.31.46.0-255,66,11958,53,203325
26218,9.8e-05,172.31.46.0-255,66,12024,53,203325
26219,0.000135,74.125.24.0-255,3430,15454,53,203325
26220,0.000138,172.31.46.0-255,66,15520,53,203325
26221,0.000157,172.31.46.0-255,66,15586,53,203325
26222,0.000161,74.125.24.0-255,2184,17770,53,203325
26223,0.000163,172.31.46.0-255,66,17836,53,203325
26224,0.000167,74.125.24.0-255,2902,20738,53,203325
26225,0.00017,172.31.46.0-255,66,20804,53,203325
26226,0.000205,172.31.46.0-255,66,20870,53,203325
26227,0.00023,74.125.24.0-255,5968,26838,53,203325
26228,0.000232,172.31.46.0-255,66,26904,53,203325
26229,0.000421,74.125.24.0-255,1484,28388,53,203325
26230,0.000426,172.31.46.0-255,66,28454,53,203325
26231,0.000431,74.125.24.0-255,2902,31356,53,203325
26232,0.000433,172.31.46.0-255,66,31422,53,203325
26233,0.00047,74.125.24.0-255,5738,37160,53,203325
26234,0.000473,172.31.46.0-255,66,37226,53,203325
26235,0.000479,74.125.24.0-255,5738,42964,53,203325
26236,0.000481,172.31.46.0-255,66,43030,53,203325
26237,0.000509,74.125.24.0-255,5738,48768,53,203325
26238,0.000512,172.31.46.0-255,66,48834,53,203325
26239,0.000534,74.125.24.0-255,2902,51736,53,203325
26240,0.000546,172.31.46.0-255,66,51802,53,203325
26241,0.000567,74.125.24.0-255,7156,58958,53,203325
26242,0.000668,74.125.24.0-255,5738,64696,53,203325
26243,0.000682,74.125.24.0-255,4830,69526,53,203325
26244,0.000712,172.31.46.0-255,66,69592,53,203325
26245,0.000746,74.125.24.0-255,2902,72494,53,203325
26246,0.000768,74.125.24.0-255,5738,78232,53,203325
26247,0.000771,74.125.24.0-255,1484,79716,53,203325
26248,0.000783,172.31.46.0-255,66,79782,53,203325
26249,0.00079,74.125.24.0-255,5738,85520,53,203325
26250,0.000795,172.31.46.0-255,66,85586,53,203325
26251,0.000834,74.125.24.0-255,6438,92024,53,203325
26252,0.000848,74.125.24.0-255,4320,96344,53,203325
26253,0.000855,172.31.46.0-255,66,96410,53,203325
26254,0.000863,74.125.24.0-255,1484,97894,53,203325
26255,0.000871,74.125.24.0-255,7156,105050,53,203325
26256,0.000892,172.31.46.0-255,66,105116,53,203325
26257,0.000909,74.125.24.0-255,4320,109436,53,203325
26258,0.000916,74.125.24.0-255,6438,115874,53,203325
26259,0.000938,74.125.24.0-255,1484,117358,53,203325
26260,0.000944,172.31.46.0-255,66,117424,53,203325
26261,0.000964,74.125.24.0-255,2902,120326,53,203325
26262,0.000986,74.125.24.0-255,4320,124646,53,203325
26263,0.000991,172.31.46.0-255,66,124712,53,203325
26264,0.001002,74.125.24.0-255,1484,126196,53,203325
26265,0.001014,74.125.24.0-255,7156,133352,53,203325
26266,0.00102,74.125.24.0-255,5738,139090,53,203325
26267,0.001042,74.125.24.0-255,2184,141274,53,203325
26268,0.001058,172.31.46.0-255,66,141340,53,203325
26269,0.001169,74.125.24.0-255,1484,142824,53,203325
26270,0.001174,74.125.24.0-255,2902,145726,53,203325
26271,0.001177,74.125.24.0-255,1484,147210,53,203325
26272,0.001183,172.31.46.0-255,66,147276,53,203325
26273,0.001194,74.125.24.0-255,4320,151596,53,203325
26274,0.001199,74.125.24.0-255,4320,155916,53,203325
26275,0.001236,172.31.46.0-255,66,155982,53,203325
26276,0.001244,74.125.24.0-255,1484,157466,53,203325
26277,0.001248,74.125.24.0-255,2902,160368,53,203325
26278,0.001272,74.125.24.0-255,5020,165388,53,203325
26279,0.001277,172.31.46.0-255,66,165454,53,203325
26280,0.0013,172.31.46.0-255,66,165520,53,203325
26281,0.001399,74.125.24.0-255,1484,167004,53,203325
26282,0.001405,74.125.24.0-255,2902,169906,53,203325
26283,0.001411,172.31.46.0-255,66,169972,53,203325
26284,0.001465,74.125.24.0-255,2902,172874,53,203325
26285,0.001483,74.125.24.0-255,2902,175776,53,203325
26286,0.00151,74.125.24.0-255,1484,177260,53,203325
26287,0.001515,74.125.24.0-255,2902,180162,53,203325
26288,0.001533,172.31.46.0-255,66,180228,53,203325
26289,0.001552,74.125.24.0-255,2184,182412,53,203325
26290,0.00157,172.31.46.0-255,66,182478,53,203325
26291,0.001581,74.125.24.0-255,2902,185380,53,203325
26292,0.001607,74.125.24.0-255,7156,192536,53,203325
26293,0.001612,74.125.24.0-255,2902,195438,53,203325
26294,0.001618,172.31.46.0-255,66,195504,53,203325
26295,0.001672,74.125.24.0-255,2902,198406,53,203325
26296,0.001679,172.31.46.0-255,66,198472,53,203325
26297,0.001733,74.125.24.0-255,97,198569,53,203325
26298,0.001735,172.31.46.0-255,66,198635,53,203325
26299,0.001741,172.31.46.0-255,66,198701,53,203325
26300,0.001801,74.125.24.0-255,105,198806,53,203325
26301,0.004362,172.31.46.0-255,66,198872,53,203325
26302,0.004399,172.31.46.0-255,105,198977,53,203325
26303,0.006432,74.125.24.0-255,66,199043,53,203325
26304,0.037327,172.31.46.0-255,167,199210,53,203325
26305,0.037365,172.31.46.0-255,1107,200317,53,203325
26306,0.037436,172.31.46.0-255,1514,201831,53,203325
26307,0.037438,172.31.46.0-255,1296,203127,53,203325
26308,0.038858,104.244.42.0-255,66,203193,53,203325
26309,0.038914,104.244.42.0-255,66,203259,53,203325
26310,0.038963,104.244.42.0-255,66,203325,53,203325
26311,0.0,216.58.203.0-255,163,163,53,313779
26312,8e-06,172.31.46.0-255,66,229,53,313779
26313,2.9e-05,216.58.203.0-255,1484,1713,53,313779
26314,3.4e-05,172.31.46.0-255,66,1779,53,313779
26315,4e-05,216.58.203.0-255,2902,4681,53,313779
26316,4.4e-05,172.31.46.0-255,66,4747,53,313779
26317,4.8e-05,216.58.203.0-255,2902,7649,53,313779
26318,5.1e-05,172.31.46.0-255,66,7715,53,313779
26319,5.7e-05,216.58.203.0-255,4320,12035,53,313779
26320,6e-05,172.31.46.0-255,66,12101,53,313779
26321,9.1e-05,216.58.203.0-255,2032,14133,53,313779
26322,9.5e-05,172.31.46.0-255,66,14199,53,313779
26323,0.000206,216.58.203.0-255,1484,15683,53,313779
26324,0.000209,172.31.46.0-255,66,15749,53,313779
26325,0.000215,216.58.203.0-255,2902,18651,53,313779
26326,0.000218,172.31.46.0-255,66,18717,53,313779
26327,0.000241,216.58.203.0-255,5738,24455,53,313779
26328,0.000243,172.31.46.0-255,66,24521,53,313779
26329,0.000249,216.58.203.0-255,5738,30259,53,313779
26330,0.000252,172.31.46.0-255,66,30325,53,313779
26331,0.000294,216.58.203.0-255,1125,31450,53,313779
26332,0.000297,172.31.46.0-255,66,31516,53,313779
26333,0.000705,216.58.203.0-255,1484,33000,53,313779
26334,0.000711,172.31.46.0-255,66,33066,53,313779
26335,0.000716,216.58.203.0-255,2902,35968,53,313779
26336,0.000719,172.31.46.0-255,66,36034,53,313779
26337,0.000726,216.58.203.0-255,5738,41772,53,313779
26338,0.000733,172.31.46.0-255,66,41838,53,313779
26339,0.000741,216.58.203.0-255,6797,48635,53,313779
26340,0.000743,172.31.46.0-255,66,48701,53,313779
26341,0.00102,216.58.203.0-255,1484,50185,53,313779
26342,0.001025,172.31.46.0-255,66,50251,53,313779
26343,0.001032,216.58.203.0-255,2902,53153,53,313779
26344,0.001034,172.31.46.0-255,66,53219,53,313779
26345,0.001044,216.58.203.0-255,2902,56121,53,313779
26346,0.001045,172.31.46.0-255,66,56187,53,313779
26347,0.001078,216.58.203.0-255,2902,59089,53,313779
26348,0.00108,172.31.46.0-255,66,59155,53,313779
26349,0.001087,216.58.203.0-255,6797,65952,53,313779
26350,0.001089,172.31.46.0-255,66,66018,53,313779
26351,0.001091,216.58.203.0-255,392,66410,53,313779
26352,0.001186,216.58.203.0-255,351,66761,53,313779
26353,0.00162,216.58.203.0-255,1484,68245,53,313779
26354,0.001626,172.31.46.0-255,66,68311,53,313779
26355,0.001632,216.58.203.0-255,2902,71213,53,313779
26356,0.001634,172.31.46.0-255,66,71279,53,313779
26357,0.001638,216.58.203.0-255,2902,74181,53,313779
26358,0.001644,172.31.46.0-255,66,74247,53,313779
26359,0.001648,216.58.203.0-255,4320,78567,53,313779
26360,0.00165,172.31.46.0-255,66,78633,53,313779
26361,0.001674,216.58.203.0-255,4320,82953,53,313779
26362,0.001676,172.31.46.0-255,66,83019,53,313779
26363,0.001679,216.58.203.0-255,1125,84144,53,313779
26364,0.001701,216.58.203.0-255,1484,85628,53,313779
26365,0.001703,172.31.46.0-255,66,85694,53,313779
26366,0.001706,216.58.203.0-255,1484,87178,53,313779
26367,0.001725,216.58.203.0-255,1484,88662,53,313779
26368,0.001727,172.31.46.0-255,66,88728,53,313779
26369,0.001733,216.58.203.0-255,4320,93048,53,313779
26370,0.001735,172.31.46.0-255,66,93114,53,313779
26371,0.001751,216.58.203.0-255,1484,94598,53,313779
26372,0.001754,216.58.203.0-255,1484,96082,53,313779
26373,0.001756,172.31.46.0-255,66,96148,53,313779
26374,0.001759,216.58.203.0-255,1484,97632,53,313779
26375,0.001763,216.58.203.0-255,2902,100534,53,313779
26376,0.001765,172.31.46.0-255,66,100600,53,313779
26377,0.001788,216.58.203.0-255,1125,101725,53,313779
26378,0.001833,216.58.203.0-255,1484,103209,53,313779
26379,0.001836,172.31.46.0-255,66,103275,53,313779
26380,0.001879,216.58.203.0-255,2902,106177,53,313779
26381,0.001881,172.31.46.0-255,66,106243,53,313779
26382,0.001891,216.58.203.0-255,1484,107727,53,313779
26383,0.001914,216.58.203.0-255,1484,109211,53,313779
26384,0.001916,172.31.46.0-255,66,109277,53,313779
26385,0.001921,216.58.203.0-255,4320,113597,53,313779
26386,0.001923,172.31.46.0-255,66,113663,53,313779
26387,0.001927,216.58.203.0-255,2902,116565,53,313779
26388,0.001929,172.31.46.0-255,66,116631,53,313779
26389,0.00196,216.58.203.0-255,1876,118507,53,313779
26390,0.001962,172.31.46.0-255,66,118573,53,313779
26391,0.002154,216.58.203.0-255,1484,120057,53,313779
26392,0.002165,216.58.203.0-255,2902,122959,53,313779
26393,0.002168,172.31.46.0-255,66,123025,53,313779
26394,0.002196,216.58.203.0-255,5738,128763,53,313779
26395,0.002198,172.31.46.0-255,66,128829,53,313779
26396,0.002204,216.58.203.0-255,5738,134567,53,313779
26397,0.002206,172.31.46.0-255,66,134633,53,313779
26398,0.002239,216.58.203.0-255,1823,136456,53,313779
26399,0.002241,172.31.46.0-255,66,136522,53,313779
26400,0.002333,216.58.203.0-255,1484,138006,53,313779
26401,0.002346,216.58.203.0-255,2902,140908,53,313779
26402,0.002349,172.31.46.0-255,66,140974,53,313779
26403,0.002355,216.58.203.0-255,4320,145294,53,313779
26404,0.002357,172.31.46.0-255,66,145360,53,313779
26405,0.002364,216.58.203.0-255,1484,146844,53,313779
26406,0.002391,216.58.203.0-255,1484,148328,53,313779
26407,0.002393,172.31.46.0-255,66,148394,53,313779
26408,0.002425,172.31.46.0-255,66,148460,53,313779
26409,0.002436,172.31.46.0-255,66,148526,53,313779
26410,0.002463,216.58.203.0-255,1484,150010,53,313779
26411,0.002469,216.58.203.0-255,3602,153612,53,313779
26412,0.002472,172.31.46.0-255,66,153678,53,313779
26413,0.002862,216.58.203.0-255,1484,155162,53,313779
26414,0.002879,216.58.203.0-255,2902,158064,53,313779
26415,0.002882,172.31.46.0-255,66,158130,53,313779
26416,0.002909,216.58.203.0-255,5738,163868,53,313779
26417,0.002912,172.31.46.0-255,66,163934,53,313779
26418,0.002917,216.58.203.0-255,4320,168254,53,313779
26419,0.002919,172.31.46.0-255,66,168320,53,313779
26420,0.002955,216.58.203.0-255,5738,174058,53,313779
26421,0.002958,172.31.46.0-255,66,174124,53,313779
26422,0.002971,172.31.46.0-255,66,174190,53,313779
26423,0.002991,216.58.203.0-255,1484,175674,53,313779
26424,0.002994,216.58.203.0-255,766,176440,53,313779
26425,0.002996,172.31.46.0-255,66,176506,53,313779
26426,0.003076,216.58.203.0-255,1484,177990,53,313779
26427,0.003114,216.58.203.0-255,1484,179474,53,313779
26428,0.003118,172.31.46.0-255,66,179540,53,313779
26429,0.003124,216.58.203.0-255,2902,182442,53,313779
26430,0.003126,172.31.46.0-255,66,182508,53,313779
26431,0.003131,216.58.203.0-255,2902,185410,53,313779
26432,0.003138,172.31.46.0-255,66,185476,53,313779
26433,0.003162,216.58.203.0-255,2902,188378,53,313779
26434,0.003165,172.31.46.0-255,66,188444,53,313779
26435,0.003198,216.58.203.0-255,2902,191346,53,313779
26436,0.003202,172.31.46.0-255,66,191412,53,313779
26437,0.003221,172.31.46.0-255,66,191478,53,313779
26438,0.003228,216.58.203.0-255,5738,197216,53,313779
26439,0.003231,172.31.46.0-255,66,197282,53,313779
26440,0.003253,216.58.203.0-255,1484,198766,53,313779
26441,0.003282,216.58.203.0-255,2902,201668,53,313779
26442,0.003285,172.31.46.0-255,66,201734,53,313779
26443,0.003288,216.58.203.0-255,766,202500,53,313779
26444,0.00352,216.58.203.0-255,1484,203984,53,313779
26445,0.003525,172.31.46.0-255,66,204050,53,313779
26446,0.00353,216.58.203.0-255,2902,206952,53,313779
26447,0.003532,172.31.46.0-255,66,207018,53,313779
26448,0.003537,216.58.203.0-255,2902,209920,53,313779
26449,0.003545,172.31.46.0-255,66,209986,53,313779
26450,0.003579,216.58.203.0-255,1484,211470,53,313779
26451,0.003591,216.58.203.0-255,5738,217208,53,313779
26452,0.003594,172.31.46.0-255,66,217274,53,313779
26453,0.003598,216.58.203.0-255,1484,218758,53,313779
26454,0.003603,216.58.203.0-255,4320,223078,53,313779
26455,0.003605,172.31.46.0-255,66,223144,53,313779
26456,0.003608,216.58.203.0-255,1484,224628,53,313779
26457,0.003611,216.58.203.0-255,1484,226112,53,313779
26458,0.003613,172.31.46.0-255,66,226178,53,313779
26459,0.003621,216.58.203.0-255,7156,233334,53,313779
26460,0.003624,172.31.46.0-255,66,233400,53,313779
26461,0.003629,216.58.203.0-255,3602,237002,53,313779
26462,0.003631,172.31.46.0-255,66,237068,53,313779
26463,0.003759,216.58.203.0-255,1484,238552,53,313779
26464,0.003765,216.58.203.0-255,2902,241454,53,313779
26465,0.003768,172.31.46.0-255,66,241520,53,313779
26466,0.003796,216.58.203.0-255,5738,247258,53,313779
26467,0.003799,172.31.46.0-255,66,247324,53,313779
26468,0.003835,172.31.46.0-255,66,247390,53,313779
26469,0.003845,216.58.203.0-255,2902,250292,53,313779
26470,0.003848,216.58.203.0-255,1484,251776,53,313779
26471,0.003854,216.58.203.0-255,1484,253260,53,313779
26472,0.003872,172.31.46.0-255,66,253326,53,313779
26473,0.003893,216.58.203.0-255,1484,254810,53,313779
26474,0.003899,216.58.203.0-255,2902,257712,53,313779
26475,0.003902,216.58.203.0-255,1484,259196,53,313779
26476,0.003917,216.58.203.0-255,4320,263516,53,313779
26477,0.003922,216.58.203.0-255,4320,267836,53,313779
26478,0.003925,172.31.46.0-255,66,267902,53,313779
26479,0.003932,172.31.46.0-255,66,267968,53,313779
26480,0.003953,216.58.203.0-255,5738,273706,53,313779
26481,0.003961,216.58.203.0-255,7156,280862,53,313779
26482,0.003975,172.31.46.0-255,66,280928,53,313779
26483,0.003992,216.58.203.0-255,4320,285248,53,313779
26484,0.004009,216.58.203.0-255,1484,286732,53,313779
26485,0.004011,216.58.203.0-255,1484,288216,53,313779
26486,0.004018,172.31.46.0-255,66,288282,53,313779
26487,0.004045,216.58.203.0-255,1484,289766,53,313779
26488,0.004056,172.31.46.0-255,66,289832,53,313779
26489,0.004086,216.58.203.0-255,7156,296988,53,313779
26490,0.004089,216.58.203.0-255,1484,298472,53,313779
26491,0.004095,216.58.203.0-255,5738,304210,53,313779
26492,0.004113,216.58.203.0-255,1484,305694,53,313779
26493,0.004118,216.58.203.0-255,3390,309084,53,313779
26494,0.004134,172.31.46.0-255,66,309150,53,313779
26495,0.004156,216.58.203.0-255,105,309255,53,313779
26496,0.006274,172.31.46.0-255,66,309321,53,313779
26497,0.006312,172.31.46.0-255,105,309426,53,313779
26498,0.007927,216.58.203.0-255,66,309492,53,313779
26499,0.029356,172.31.46.0-255,172,309664,53,313779
26500,0.029392,172.31.46.0-255,1112,310776,53,313779
26501,0.029459,172.31.46.0-255,1514,312290,53,313779
26502,0.029461,172.31.46.0-255,1291,313581,53,313779
26503,0.030924,104.244.42.0-255,66,313647,53,313779
26504,0.030965,104.244.42.0-255,66,313713,53,313779
26505,0.031051,104.244.42.0-255,66,313779,53,313779
26506,0.0,172.217.194.0-255,153,153,53,313695
26507,2.4e-05,172.31.46.0-255,66,219,53,313695
26508,3e-05,172.217.194.0-255,1484,1703,53,313695
26509,3.5e-05,172.31.46.0-255,66,1769,53,313695
26510,4.2e-05,172.217.194.0-255,2902,4671,53,313695
26511,4.7e-05,172.31.46.0-255,66,4737,53,313695
26512,5.5e-05,172.217.194.0-255,7156,11893,53,313695
26513,5.8e-05,172.31.46.0-255,66,11959,53,313695
26514,6.2e-05,172.217.194.0-255,2115,14074,53,313695
26515,6.4e-05,172.31.46.0-255,66,14140,53,313695
26516,0.000157,172.217.194.0-255,1484,15624,53,313695
26517,0.00016,172.31.46.0-255,66,15690,53,313695
26518,0.000166,172.217.194.0-255,2902,18592,53,313695
26519,0.000168,172.31.46.0-255,66,18658,53,313695
26520,0.000192,172.217.194.0-255,5738,24396,53,313695
26521,0.000195,172.31.46.0-255,66,24462,53,313695
26522,0.000198,172.217.194.0-255,1484,25946,53,313695
26523,0.0002,172.31.46.0-255,66,26012,53,313695
26524,0.00023,172.217.194.0-255,5379,31391,53,313695
26525,0.000233,172.31.46.0-255,66,31457,53,313695
26526,0.000264,172.217.194.0-255,1484,32941,53,313695
26527,0.000267,172.31.46.0-255,66,33007,53,313695
26528,0.000287,172.217.194.0-255,2902,35909,53,313695
26529,0.000289,172.31.46.0-255,66,35975,53,313695
26530,0.000292,172.217.194.0-255,1484,37459,53,313695
26531,0.000294,172.31.46.0-255,66,37525,53,313695
26532,0.00032,172.217.194.0-255,4320,41845,53,313695
26533,0.000323,172.31.46.0-255,66,41911,53,313695
26534,0.00033,172.217.194.0-255,6797,48708,53,313695
26535,0.000333,172.31.46.0-255,66,48774,53,313695
26536,0.000427,172.217.194.0-255,1484,50258,53,313695
26537,0.000431,172.31.46.0-255,66,50324,53,313695
26538,0.000436,172.217.194.0-255,2902,53226,53,313695
26539,0.000438,172.31.46.0-255,66,53292,53,313695
26540,0.000442,172.217.194.0-255,1484,54776,53,313695
26541,0.000467,172.217.194.0-255,4320,59096,53,313695
26542,0.000469,172.31.46.0-255,66,59162,53,313695
26543,0.000502,172.217.194.0-255,5738,64900,53,313695
26544,0.000505,172.31.46.0-255,66,64966,53,313695
26545,0.000522,172.217.194.0-255,1398,66364,53,313695
26546,0.000623,172.217.194.0-255,119,66483,53,313695
26547,0.000661,172.217.194.0-255,382,66865,53,313695
26548,0.000665,172.31.46.0-255,66,66931,53,313695
26549,0.002793,172.217.194.0-255,1484,68415,53,313695
26550,0.002975,172.217.194.0-255,4320,72735,53,313695
26551,0.002981,172.31.46.0-255,66,72801,53,313695
26552,0.005278,172.217.194.0-255,4320,77121,53,313695
26553,0.005282,172.31.46.0-255,66,77187,53,313695
26554,0.005299,172.217.194.0-255,1484,78671,53,313695
26555,0.007601,172.217.194.0-255,4320,82991,53,313695
26556,0.007608,172.31.46.0-255,66,83057,53,313695
26557,0.009975,172.217.194.0-255,5738,88795,53,313695
26558,0.009982,172.31.46.0-255,66,88861,53,313695
26559,0.012331,172.217.194.0-255,5738,94599,53,313695
26560,0.012341,172.31.46.0-255,66,94665,53,313695
26561,0.014719,172.217.194.0-255,5738,100403,53,313695
26562,0.014729,172.31.46.0-255,66,100469,53,313695
26563,0.01706,172.217.194.0-255,5738,106207,53,313695
26564,0.017068,172.31.46.0-255,66,106273,53,313695
26565,0.019383,172.217.194.0-255,5738,112011,53,313695
26566,0.019394,172.31.46.0-255,66,112077,53,313695
26567,0.021723,172.217.194.0-255,5738,117815,53,313695
26568,0.021734,172.31.46.0-255,66,117881,53,313695
26569,0.024085,172.217.194.0-255,5738,123619,53,313695
26570,0.024091,172.31.46.0-255,66,123685,53,313695
26571,0.024822,172.31.46.0-255,167,123852,53,313695
26572,0.024856,172.31.46.0-255,1112,124964,53,313695
26573,0.024913,172.31.46.0-255,1514,126478,53,313695
26574,0.024914,172.31.46.0-255,1291,127769,53,313695
26575,0.026345,104.244.42.0-255,66,127835,53,313695
26576,0.026399,104.244.42.0-255,66,127901,53,313695
26577,0.026428,172.217.194.0-255,5738,133639,53,313695
26578,0.026433,172.31.46.0-255,66,133705,53,313695
26579,0.026463,104.244.42.0-255,66,133771,53,313695
26580,0.028781,172.217.194.0-255,5738,139509,53,313695
26581,0.028788,172.31.46.0-255,66,139575,53,313695
26582,0.031098,172.217.194.0-255,5738,145313,53,313695
26583,0.031104,172.31.46.0-255,66,145379,53,313695
26584,0.033434,172.217.194.0-255,5738,151117,53,313695
26585,0.033441,172.31.46.0-255,66,151183,53,313695
26586,0.035769,172.217.194.0-255,5738,156921,53,313695
26587,0.035777,172.31.46.0-255,66,156987,53,313695
26588,0.038091,172.217.194.0-255,5738,162725,53,313695
26589,0.038096,172.31.46.0-255,66,162791,53,313695
26590,0.040455,172.217.194.0-255,5738,168529,53,313695
26591,0.040463,172.31.46.0-255,66,168595,53,313695
26592,0.042792,172.217.194.0-255,5738,174333,53,313695
26593,0.042801,172.31.46.0-255,66,174399,53,313695
26594,0.045183,172.217.194.0-255,5738,180137,53,313695
26595,0.04519,172.31.46.0-255,66,180203,53,313695
26596,0.047508,172.217.194.0-255,5738,185941,53,313695
26597,0.047516,172.31.46.0-255,66,186007,53,313695
26598,0.049855,172.217.194.0-255,5738,191745,53,313695
26599,0.04986,172.31.46.0-255,66,191811,53,313695
26600,0.052166,172.217.194.0-255,5738,197549,53,313695
26601,0.052173,172.31.46.0-255,66,197615,53,313695
26602,0.054497,172.217.194.0-255,5738,203353,53,313695
26603,0.054504,172.31.46.0-255,66,203419,53,313695
26604,0.056851,172.217.194.0-255,5738,209157,53,313695
26605,0.056858,172.31.46.0-255,66,209223,53,313695
26606,0.059191,172.217.194.0-255,5738,214961,53,313695
26607,0.059198,172.31.46.0-255,66,215027,53,313695
26608,0.061581,172.217.194.0-255,5738,220765,53,313695
26609,0.061588,172.31.46.0-255,66,220831,53,313695
26610,0.063901,172.217.194.0-255,5738,226569,53,313695
26611,0.063908,172.31.46.0-255,66,226635,53,313695
26612,0.066226,172.217.194.0-255,5738,232373,53,313695
26613,0.066233,172.31.46.0-255,66,232439,53,313695
26614,0.068584,172.217.194.0-255,5738,238177,53,313695
26615,0.068592,172.31.46.0-255,66,238243,53,313695
26616,0.070929,172.217.194.0-255,5738,243981,53,313695
26617,0.070934,172.31.46.0-255,66,244047,53,313695
26618,0.073241,172.217.194.0-255,5738,249785,53,313695
26619,0.073247,172.31.46.0-255,66,249851,53,313695
26620,0.07556,172.217.194.0-255,5738,255589,53,313695
26621,0.075567,172.31.46.0-255,66,255655,53,313695
26622,0.077866,172.217.194.0-255,5738,261393,53,313695
26623,0.077871,172.31.46.0-255,66,261459,53,313695
26624,0.080188,172.217.194.0-255,5738,267197,53,313695
26625,0.080193,172.31.46.0-255,66,267263,53,313695
26626,0.082547,172.217.194.0-255,5738,273001,53,313695
26627,0.082553,172.31.46.0-255,66,273067,53,313695
26628,0.084885,172.217.194.0-255,5738,278805,53,313695
26629,0.084892,172.31.46.0-255,66,278871,53,313695
26630,0.087245,172.217.194.0-255,5738,284609,53,313695
26631,0.087252,172.31.46.0-255,66,284675,53,313695
26632,0.089672,172.217.194.0-255,5738,290413,53,313695
26633,0.089678,172.31.46.0-255,66,290479,53,313695
26634,0.092001,172.217.194.0-255,5738,296217,53,313695
26635,0.092007,172.31.46.0-255,66,296283,53,313695
26636,0.094355,172.217.194.0-255,5738,302021,53,313695
26637,0.094362,172.31.46.0-255,66,302087,53,313695
26638,0.096725,172.217.194.0-255,5738,307825,53,313695
26639,0.096732,172.31.46.0-255,66,307891,53,313695
26640,0.099038,172.217.194.0-255,5738,313629,53,313695
26641,0.099055,172.31.46.0-255,66,313695,53,313695
26642,0.0,74.125.24.0-255,156,156,53,200133
26643,2.2e-05,172.31.46.0-255,66,222,53,200133
26644,3e-05,74.125.24.0-255,1484,1706,53,200133
26645,3.4e-05,172.31.46.0-255,66,1772,53,200133
26646,4.8e-05,74.125.24.0-255,2902,4674,53,200133
26647,5.1e-05,172.31.46.0-255,66,4740,53,200133
26648,5.6e-05,74.125.24.0-255,2902,7642,53,200133
26649,5.9e-05,172.31.46.0-255,66,7708,53,200133
26650,8.7e-05,74.125.24.0-255,6162,13870,53,200133
26651,9.2e-05,172.31.46.0-255,66,13936,53,200133
26652,0.000388,74.125.24.0-255,1484,15420,53,200133
26653,0.000395,172.31.46.0-255,66,15486,53,200133
26654,0.000401,74.125.24.0-255,2902,18388,53,200133
26655,0.000404,172.31.46.0-255,66,18454,53,200133
26656,0.000416,74.125.24.0-255,5738,24192,53,200133
26657,0.000418,172.31.46.0-255,66,24258,53,200133
26658,0.000495,74.125.24.0-255,6797,31055,53,200133
26659,0.000498,172.31.46.0-255,66,31121,53,200133
26660,0.000506,74.125.24.0-255,7156,38277,53,200133
26661,0.000508,172.31.46.0-255,66,38343,53,200133
26662,0.000524,172.31.46.0-255,66,38409,53,200133
26663,0.000537,172.31.46.0-255,66,38475,53,200133
26664,0.00054,74.125.24.0-255,766,39241,53,200133
26665,0.000542,172.31.46.0-255,66,39307,53,200133
26666,0.00057,74.125.24.0-255,402,39709,53,200133
26667,0.000572,172.31.46.0-255,66,39775,53,200133
26668,0.000607,74.125.24.0-255,372,40147,53,200133
26669,0.00061,172.31.46.0-255,66,40213,53,200133
26670,0.000798,74.125.24.0-255,1484,41697,53,200133
26671,0.000803,172.31.46.0-255,66,41763,53,200133
26672,0.000808,74.125.24.0-255,2902,44665,53,200133
26673,0.000811,172.31.46.0-255,66,44731,53,200133
26674,0.000822,74.125.24.0-255,5738,50469,53,200133
26675,0.000825,172.31.46.0-255,66,50535,53,200133
26676,0.000834,74.125.24.0-255,7156,57691,53,200133
26677,0.000836,172.31.46.0-255,66,57757,53,200133
26678,0.000868,74.125.24.0-255,5738,63495,53,200133
26679,0.000871,172.31.46.0-255,66,63561,53,200133
26680,0.000882,172.31.46.0-255,66,63627,53,200133
26681,0.000887,74.125.24.0-255,2184,65811,53,200133
26682,0.000889,172.31.46.0-255,66,65877,53,200133
26683,0.001148,74.125.24.0-255,1484,67361,53,200133
26684,0.001155,74.125.24.0-255,2902,70263,53,200133
26685,0.001159,172.31.46.0-255,66,70329,53,200133
26686,0.001194,74.125.24.0-255,5738,76067,53,200133
26687,0.001197,172.31.46.0-255,66,76133,53,200133
26688,0.001216,172.31.46.0-255,66,76199,53,200133
26689,0.001222,74.125.24.0-255,4320,80519,53,200133
26690,0.001224,172.31.46.0-255,66,80585,53,200133
26691,0.001259,74.125.24.0-255,6438,87023,53,200133
26692,0.001262,172.31.46.0-255,66,87089,53,200133
26693,0.001292,74.125.24.0-255,7156,94245,53,200133
26694,0.001295,172.31.46.0-255,66,94311,53,200133
26695,0.001302,74.125.24.0-255,4320,98631,53,200133
26696,0.001304,172.31.46.0-255,66,98697,53,200133
26697,0.001342,74.125.24.0-255,1484,100181,53,200133
26698,0.001359,172.31.46.0-255,66,100247,53,200133
26699,0.001367,74.125.24.0-255,6438,106685,53,200133
26700,0.001369,172.31.46.0-255,66,106751,53,200133
26701,0.001589,74.125.24.0-255,1484,108235,53,200133
26702,0.001596,74.125.24.0-255,2902,111137,53,200133
26703,0.001599,172.31.46.0-255,66,111203,53,200133
26704,0.001604,74.125.24.0-255,2902,114105,53,200133
26705,0.001609,74.125.24.0-255,4320,118425,53,200133
26706,0.001629,74.125.24.0-255,2902,121327,53,200133
26707,0.001661,74.125.24.0-255,7156,128483,53,200133
26708,0.001666,74.125.24.0-255,3602,132085,53,200133
26709,0.00167,172.31.46.0-255,66,132151,53,200133
26710,0.001689,172.31.46.0-255,66,132217,53,200133
26711,0.002153,74.125.24.0-255,1484,133701,53,200133
26712,0.002158,74.125.24.0-255,2902,136603,53,200133
26713,0.002196,172.31.46.0-255,66,136669,53,200133
26714,0.002204,74.125.24.0-255,5738,142407,53,200133
26715,0.002206,172.31.46.0-255,66,142473,53,200133
26716,0.002223,172.31.46.0-255,66,142539,53,200133
26717,0.002257,74.125.24.0-255,2902,145441,53,200133
26718,0.00226,172.31.46.0-255,66,145507,53,200133
26719,0.002268,74.125.24.0-255,7156,152663,53,200133
26720,0.00227,172.31.46.0-255,66,152729,53,200133
26721,0.002461,74.125.24.0-255,1484,154213,53,200133
26722,0.002466,74.125.24.0-255,2902,157115,53,200133
26723,0.002494,74.125.24.0-255,4320,161435,53,200133
26724,0.002511,74.125.24.0-255,1484,162919,53,200133
26725,0.002539,74.125.24.0-255,1484,164403,53,200133
26726,0.002545,74.125.24.0-255,4320,168723,53,200133
26727,0.002567,74.125.24.0-255,6438,175161,53,200133
26728,0.002678,74.125.24.0-255,1484,176645,53,200133
26729,0.002684,74.125.24.0-255,2902,179547,53,200133
26730,0.002701,74.125.24.0-255,5738,185285,53,200133
26731,0.002739,74.125.24.0-255,1484,186769,53,200133
26732,0.002741,74.125.24.0-255,1484,188253,53,200133
26733,0.002828,74.125.24.0-255,1484,189737,53,200133
26734,0.002844,74.125.24.0-255,5593,195330,53,200133
26735,0.002896,74.125.24.0-255,105,195435,53,200133
26736,0.008201,172.31.46.0-255,66,195501,53,200133
26737,0.010223,172.31.46.0-255,105,195606,53,200133
26738,0.012534,74.125.24.0-255,66,195672,53,200133
26739,0.039923,172.31.46.0-255,172,195844,53,200133
26740,0.039959,172.31.46.0-255,1107,196951,53,200133
26741,0.040023,172.31.46.0-255,1514,198465,53,200133
26742,0.040025,172.31.46.0-255,1296,199761,53,200133
26743,0.041498,104.244.42.0-255,66,199827,53,200133
26744,0.041531,104.244.42.0-255,66,199893,53,200133
26745,0.041578,104.244.42.0-255,66,199959,53,200133
26746,0.04232,104.244.42.0-255,108,200067,53,200133
26747,0.04233,172.31.46.0-255,66,200133,53,200133
26748,0.0,74.125.24.0-255,148,148,53,227031
26749,2.1e-05,172.31.46.0-255,66,214,53,227031
26750,2.8e-05,74.125.24.0-255,1484,1698,53,227031
26751,3.2e-05,172.31.46.0-255,66,1764,53,227031
26752,3.8e-05,74.125.24.0-255,2902,4666,53,227031
26753,4.8e-05,172.31.46.0-255,66,4732,53,227031
26754,5.7e-05,74.125.24.0-255,7156,11888,53,227031
26755,6e-05,172.31.46.0-255,66,11954,53,227031
26756,6.4e-05,74.125.24.0-255,2092,14046,53,227031
26757,6.7e-05,172.31.46.0-255,66,14112,53,227031
26758,0.000186,74.125.24.0-255,1484,15596,53,227031
26759,0.00019,172.31.46.0-255,66,15662,53,227031
26760,0.000196,74.125.24.0-255,2902,18564,53,227031
26761,0.000198,172.31.46.0-255,66,18630,53,227031
26762,0.000224,74.125.24.0-255,2902,21532,53,227031
26763,0.000226,172.31.46.0-255,66,21598,53,227031
26764,0.000245,74.125.24.0-255,2902,24500,53,227031
26765,0.000247,172.31.46.0-255,66,24566,53,227031
26766,0.000254,74.125.24.0-255,5738,30304,53,227031
26767,0.000256,172.31.46.0-255,66,30370,53,227031
26768,0.000285,74.125.24.0-255,4320,34690,53,227031
26769,0.000288,172.31.46.0-255,66,34756,53,227031
26770,0.000308,74.125.24.0-255,2543,37299,53,227031
26771,0.00031,172.31.46.0-255,66,37365,53,227031
26772,0.000316,74.125.24.0-255,4320,41685,53,227031
26773,0.000319,172.31.46.0-255,66,41751,53,227031
26774,0.000346,74.125.24.0-255,7156,48907,53,227031
26775,0.000349,172.31.46.0-255,66,48973,53,227031
26776,0.00038,74.125.24.0-255,5738,54711,53,227031
26777,0.000383,172.31.46.0-255,66,54777,53,227031
26778,0.00039,74.125.24.0-255,5738,60515,53,227031
26779,0.000392,172.31.46.0-255,66,60581,53,227031
26780,0.000415,74.125.24.0-255,5020,65601,53,227031
26781,0.000417,172.31.46.0-255,66,65667,53,227031
26782,0.000444,74.125.24.0-255,411,66078,53,227031
26783,0.000504,74.125.24.0-255,332,66410,53,227031
26784,0.000654,74.125.24.0-255,1484,67894,53,227031
26785,0.00066,172.31.46.0-255,66,67960,53,227031
26786,0.00069,74.125.24.0-255,2902,70862,53,227031
26787,0.000694,172.31.46.0-255,66,70928,53,227031
26788,0.0007,74.125.24.0-255,4320,75248,53,227031
26789,0.000702,172.31.46.0-255,66,75314,53,227031
26790,0.000726,74.125.24.0-255,1484,76798,53,227031
26791,0.00073,74.125.24.0-255,1484,78282,53,227031
26792,0.000732,172.31.46.0-255,66,78348,53,227031
26793,0.000808,172.31.46.0-255,66,78414,53,227031
26794,0.000811,172.31.46.0-255,66,78480,53,227031
26795,0.000826,74.125.24.0-255,2543,81023,53,227031
26796,0.000828,172.31.46.0-255,66,81089,53,227031
26797,0.001083,74.125.24.0-255,1484,82573,53,227031
26798,0.00109,74.125.24.0-255,2902,85475,53,227031
26799,0.001093,172.31.46.0-255,66,85541,53,227031
26800,0.001118,74.125.24.0-255,5738,91279,53,227031
26801,0.001121,172.31.46.0-255,66,91345,53,227031
26802,0.001158,172.31.46.0-255,66,91411,53,227031
26803,0.001199,172.31.46.0-255,66,91477,53,227031
26804,0.001266,74.125.24.0-255,1484,92961,53,227031
26805,0.001273,74.125.24.0-255,2902,95863,53,227031
26806,0.001275,172.31.46.0-255,66,95929,53,227031
26807,0.001281,74.125.24.0-255,2902,98831,53,227031
26808,0.001283,172.31.46.0-255,66,98897,53,227031
26809,0.001313,74.125.24.0-255,2902,101799,53,227031
26810,0.001315,172.31.46.0-255,66,101865,53,227031
26811,0.00133,172.31.46.0-255,66,101931,53,227031
26812,0.001342,172.31.46.0-255,66,101997,53,227031
26813,0.001405,74.125.24.0-255,1484,103481,53,227031
26814,0.001411,74.125.24.0-255,2902,106383,53,227031
26815,0.001414,172.31.46.0-255,66,106449,53,227031
26816,0.001417,74.125.24.0-255,1484,107933,53,227031
26817,0.001442,74.125.24.0-255,4320,112253,53,227031
26818,0.001445,172.31.46.0-255,66,112319,53,227031
26819,0.001477,172.31.46.0-255,66,112385,53,227031
26820,0.001482,74.125.24.0-255,4320,116705,53,227031
26821,0.001485,172.31.46.0-255,66,116771,53,227031
26822,0.001527,74.125.24.0-255,2902,119673,53,227031
26823,0.00153,172.31.46.0-255,66,119739,53,227031
26824,0.001557,74.125.24.0-255,3602,123341,53,227031
26825,0.00156,172.31.46.0-255,66,123407,53,227031
26826,0.001685,74.125.24.0-255,1484,124891,53,227031
26827,0.001692,74.125.24.0-255,2902,127793,53,227031
26828,0.001696,172.31.46.0-255,66,127859,53,227031
26829,0.001722,74.125.24.0-255,2902,130761,53,227031
26830,0.001725,172.31.46.0-255,66,130827,53,227031
26831,0.001753,74.125.24.0-255,2902,133729,53,227031
26832,0.001757,172.31.46.0-255,66,133795,53,227031
26833,0.001764,74.125.24.0-255,7156,140951,53,227031
26834,0.001767,172.31.46.0-255,66,141017,53,227031
26835,0.00177,74.125.24.0-255,1484,142501,53,227031
26836,0.001809,74.125.24.0-255,5738,148239,53,227031
26837,0.001813,172.31.46.0-255,66,148305,53,227031
26838,0.001824,172.31.46.0-255,66,148371,53,227031
26839,0.001827,74.125.24.0-255,766,149137,53,227031
26840,0.002041,74.125.24.0-255,1484,150621,53,227031
26841,0.002046,172.31.46.0-255,66,150687,53,227031
26842,0.002052,74.125.24.0-255,2902,153589,53,227031
26843,0.002055,172.31.46.0-255,66,153655,53,227031
26844,0.002059,74.125.24.0-255,2902,156557,53,227031
26845,0.002067,172.31.46.0-255,66,156623,53,227031
26846,0.002099,74.125.24.0-255,2902,159525,53,227031
26847,0.002103,172.31.46.0-255,66,159591,53,227031
26848,0.002107,74.125.24.0-255,2902,162493,53,227031
26849,0.002109,172.31.46.0-255,66,162559,53,227031
26850,0.002163,74.125.24.0-255,1484,164043,53,227031
26851,0.002167,172.31.46.0-255,66,164109,53,227031
26852,0.002184,172.31.46.0-255,66,164175,53,227031
26853,0.00222,74.125.24.0-255,1484,165659,53,227031
26854,0.002268,74.125.24.0-255,766,166425,53,227031
26855,0.007803,172.31.46.0-255,66,166491,53,227031
26856,0.010093,74.125.24.0-255,5738,172229,53,227031
26857,0.010101,172.31.46.0-255,66,172295,53,227031
26858,0.012363,74.125.24.0-255,5738,178033,53,227031
26859,0.012373,172.31.46.0-255,66,178099,53,227031
26860,0.014621,74.125.24.0-255,5738,183837,53,227031
26861,0.01463,172.31.46.0-255,66,183903,53,227031
26862,0.0169,74.125.24.0-255,5738,189641,53,227031
26863,0.016911,172.31.46.0-255,66,189707,53,227031
26864,0.019191,74.125.24.0-255,5738,195445,53,227031
26865,0.019197,172.31.46.0-255,66,195511,53,227031
26866,0.021456,74.125.24.0-255,5738,201249,53,227031
26867,0.021463,172.31.46.0-255,66,201315,53,227031
26868,0.023726,74.125.24.0-255,5738,207053,53,227031
26869,0.023732,172.31.46.0-255,66,207119,53,227031
26870,0.025992,74.125.24.0-255,1484,208603,53,227031
26871,0.026011,74.125.24.0-255,4320,212923,53,227031
26872,0.026016,172.31.46.0-255,66,212989,53,227031
26873,0.028309,74.125.24.0-255,5738,218727,53,227031
26874,0.028317,172.31.46.0-255,66,218793,53,227031
26875,0.030595,74.125.24.0-255,2723,221516,53,227031
26876,0.030603,172.31.46.0-255,66,221582,53,227031
26877,0.030759,172.31.46.0-255,105,221687,53,227031
26878,0.032986,74.125.24.0-255,66,221753,53,227031
26879,0.03369,172.31.46.0-255,172,221925,53,227031
26880,0.033723,172.31.46.0-255,1112,223037,53,227031
26881,0.033788,172.31.46.0-255,1514,224551,53,227031
26882,0.033789,172.31.46.0-255,1514,226065,53,227031
26883,0.03379,172.31.46.0-255,702,226767,53,227031
26884,0.035287,104.244.42.0-255,66,226833,53,227031
26885,0.035295,104.244.42.0-255,66,226899,53,227031
26886,0.035374,104.244.42.0-255,66,226965,53,227031
26887,0.035378,104.244.42.0-255,66,227031,53,227031
26888,0.0,74.125.24.0-255,153,153,53,277181
26889,1.6e-05,172.31.46.0-255,66,219,53,277181
26890,2.3e-05,74.125.24.0-255,1484,1703,53,277181
26891,2.7e-05,172.31.46.0-255,66,1769,53,277181
26892,3.3e-05,74.125.24.0-255,2902,4671,53,277181
26893,3.6e-05,172.31.46.0-255,66,4737,53,277181
26894,4.3e-05,74.125.24.0-255,7156,11893,53,277181
26895,4.5e-05,172.31.46.0-255,66,11959,53,277181
26896,8.5e-05,172.31.46.0-255,66,12025,53,277181
26897,0.000103,74.125.24.0-255,1484,13509,53,277181
26898,0.000105,172.31.46.0-255,66,13575,53,277181
26899,0.000128,74.125.24.0-255,3961,17536,53,277181
26900,0.00013,172.31.46.0-255,66,17602,53,277181
26901,0.000181,74.125.24.0-255,1484,19086,53,277181
26902,0.000184,172.31.46.0-255,66,19152,53,277181
26903,0.000189,74.125.24.0-255,2902,22054,53,277181
26904,0.000191,172.31.46.0-255,66,22120,53,277181
26905,0.000216,74.125.24.0-255,5738,27858,53,277181
26906,0.000218,172.31.46.0-255,66,27924,53,277181
26907,0.000224,74.125.24.0-255,4320,32244,53,277181
26908,0.000226,172.31.46.0-255,66,32310,53,277181
26909,0.000239,74.125.24.0-255,2543,34853,53,277181
26910,0.000241,172.31.46.0-255,66,34919,53,277181
26911,0.000254,74.125.24.0-255,2902,37821,53,277181
26912,0.000256,172.31.46.0-255,66,37887,53,277181
26913,0.000275,74.125.24.0-255,5738,43625,53,277181
26914,0.000277,172.31.46.0-255,66,43691,53,277181
26915,0.000317,74.125.24.0-255,5738,49429,53,277181
26916,0.00032,172.31.46.0-255,66,49495,53,277181
26917,0.000325,74.125.24.0-255,2543,52038,53,277181
26918,0.000327,172.31.46.0-255,66,52104,53,277181
26919,0.00033,74.125.24.0-255,647,52751,53,277181
26920,0.000457,74.125.24.0-255,1484,54235,53,277181
26921,0.000461,172.31.46.0-255,66,54301,53,277181
26922,0.000478,74.125.24.0-255,2902,57203,53,277181
26923,0.000481,172.31.46.0-255,66,57269,53,277181
26924,0.000487,74.125.24.0-255,4320,61589,53,277181
26925,0.000489,172.31.46.0-255,66,61655,53,277181
26926,0.00051,74.125.24.0-255,1484,63139,53,277181
26927,0.000543,74.125.24.0-255,5738,68877,53,277181
26928,0.000547,172.31.46.0-255,66,68943,53,277181
26929,0.000561,74.125.24.0-255,575,69518,53,277181
26930,0.000835,74.125.24.0-255,1484,71002,53,277181
26931,0.00084,172.31.46.0-255,66,71068,53,277181
26932,0.000846,74.125.24.0-255,2902,73970,53,277181
26933,0.000848,172.31.46.0-255,66,74036,53,277181
26934,0.000855,74.125.24.0-255,5738,79774,53,277181
26935,0.000857,172.31.46.0-255,66,79840,53,277181
26936,0.000922,172.31.46.0-255,66,79906,53,277181
26937,0.00093,172.31.46.0-255,66,79972,53,277181
26938,0.001398,74.125.24.0-255,1484,81456,53,277181
26939,0.001413,74.125.24.0-255,2902,84358,53,277181
26940,0.001417,172.31.46.0-255,66,84424,53,277181
26941,0.001423,74.125.24.0-255,5738,90162,53,277181
26942,0.001425,172.31.46.0-255,66,90228,53,277181
26943,0.001462,172.31.46.0-255,66,90294,53,277181
26944,0.001469,74.125.24.0-255,7156,97450,53,277181
26945,0.00147,172.31.46.0-255,66,97516,53,277181
26946,0.001509,74.125.24.0-255,3602,101118,53,277181
26947,0.001511,172.31.46.0-255,66,101184,53,277181
26948,0.001559,74.125.24.0-255,1484,102668,53,277181
26949,0.001562,74.125.24.0-255,1484,104152,53,277181
26950,0.001564,172.31.46.0-255,66,104218,53,277181
26951,0.001577,74.125.24.0-255,1484,105702,53,277181
26952,0.001583,74.125.24.0-255,5738,111440,53,277181
26953,0.001585,172.31.46.0-255,66,111506,53,277181
26954,0.001634,172.31.46.0-255,66,111572,53,277181
26955,0.00164,74.125.24.0-255,5738,117310,53,277181
26956,0.001642,172.31.46.0-255,66,117376,53,277181
26957,0.001659,74.125.24.0-255,6438,123814,53,277181
26958,0.001661,172.31.46.0-255,66,123880,53,277181
26959,0.001714,74.125.24.0-255,1484,125364,53,277181
26960,0.001718,74.125.24.0-255,2902,128266,53,277181
26961,0.001721,172.31.46.0-255,66,128332,53,277181
26962,0.00175,74.125.24.0-255,5738,134070,53,277181
26963,0.001752,172.31.46.0-255,66,134136,53,277181
26964,0.001758,74.125.24.0-255,5738,139874,53,277181
26965,0.00176,172.31.46.0-255,66,139940,53,277181
26966,0.001771,74.125.24.0-255,2902,142842,53,277181
26967,0.001773,172.31.46.0-255,66,142908,53,277181
26968,0.001817,74.125.24.0-255,1484,144392,53,277181
26969,0.001852,172.31.46.0-255,66,144458,53,277181
26970,0.001855,74.125.24.0-255,1484,145942,53,277181
26971,0.00188,172.31.46.0-255,66,146008,53,277181
26972,0.001924,172.31.46.0-255,66,146074,53,277181
26973,0.001928,74.125.24.0-255,4320,150394,53,277181
26974,0.001931,172.31.46.0-255,66,150460,53,277181
26975,0.001954,74.125.24.0-255,2184,152644,53,277181
26976,0.001957,172.31.46.0-255,66,152710,53,277181
26977,0.002018,74.125.24.0-255,1484,154194,53,277181
26978,0.002023,74.125.24.0-255,2902,157096,53,277181
26979,0.002026,172.31.46.0-255,66,157162,53,277181
26980,0.002047,74.125.24.0-255,5738,162900,53,277181
26981,0.00205,172.31.46.0-255,66,162966,53,277181
26982,0.002084,172.31.46.0-255,66,163032,53,277181
26983,0.002103,74.125.24.0-255,4320,167352,53,277181
26984,0.002106,74.125.24.0-255,1484,168836,53,277181
26985,0.002108,172.31.46.0-255,66,168902,53,277181
26986,0.002118,74.125.24.0-255,5738,174640,53,277181
26987,0.00212,172.31.46.0-255,66,174706,53,277181
26988,0.002133,74.125.24.0-255,3602,178308,53,277181
26989,0.002135,172.31.46.0-255,66,178374,53,277181
26990,0.002169,74.125.24.0-255,1484,179858,53,277181
26991,0.002192,74.125.24.0-255,2902,182760,53,277181
26992,0.002195,172.31.46.0-255,66,182826,53,277181
26993,0.002213,74.125.24.0-255,5738,188564,53,277181
26994,0.002215,172.31.46.0-255,66,188630,53,277181
26995,0.002244,74.125.24.0-255,7156,195786,53,277181
26996,0.002247,172.31.46.0-255,66,195852,53,277181
26997,0.002264,74.125.24.0-255,2902,198754,53,277181
26998,0.002266,172.31.46.0-255,66,198820,53,277181
26999,0.002298,172.31.46.0-255,66,198886,53,277181
27000,0.002302,74.125.24.0-255,2184,201070,53,277181
27001,0.002303,172.31.46.0-255,66,201136,53,277181
27002,0.004594,74.125.24.0-255,5738,206874,53,277181
27003,0.0046,172.31.46.0-255,66,206940,53,277181
27004,0.006867,74.125.24.0-255,1484,208424,53,277181
27005,0.006888,74.125.24.0-255,4320,212744,53,277181
27006,0.006892,172.31.46.0-255,66,212810,53,277181
27007,0.009168,74.125.24.0-255,5738,218548,53,277181
27008,0.009171,172.31.46.0-255,66,218614,53,277181
27009,0.011504,74.125.24.0-255,5738,224352,53,277181
27010,0.011513,172.31.46.0-255,66,224418,53,277181
27011,0.013824,74.125.24.0-255,5738,230156,53,277181
27012,0.013831,172.31.46.0-255,66,230222,53,277181
27013,0.016147,74.125.24.0-255,5738,235960,53,277181
27014,0.016155,172.31.46.0-255,66,236026,53,277181
27015,0.018433,74.125.24.0-255,5738,241764,53,277181
27016,0.01844,172.31.46.0-255,66,241830,53,277181
27017,0.020739,74.125.24.0-255,5738,247568,53,277181
27018,0.020747,172.31.46.0-255,66,247634,53,277181
27019,0.023089,74.125.24.0-255,5738,253372,53,277181
27020,0.023096,172.31.46.0-255,66,253438,53,277181
27021,0.025372,74.125.24.0-255,5738,259176,53,277181
27022,0.025379,172.31.46.0-255,66,259242,53,277181
27023,0.027473,172.31.46.0-255,172,259414,53,277181
27024,0.027502,172.31.46.0-255,1111,260525,53,277181
27025,0.027561,172.31.46.0-255,1514,262039,53,277181
27026,0.027563,172.31.46.0-255,331,262370,53,277181
27027,0.027687,74.125.24.0-255,5738,268108,53,277181
27028,0.027693,172.31.46.0-255,66,268174,53,277181
27029,0.029011,104.244.42.0-255,66,268240,53,277181
27030,0.029041,104.244.42.0-255,66,268306,53,277181
27031,0.029092,104.244.42.0-255,66,268372,53,277181
27032,0.030009,74.125.24.0-255,5738,274110,53,277181
27033,0.030015,172.31.46.0-255,66,274176,53,277181
27034,0.032305,74.125.24.0-255,2768,276944,53,277181
27035,0.032311,172.31.46.0-255,66,277010,53,277181
27036,0.032439,172.31.46.0-255,105,277115,53,277181
27037,0.034718,74.125.24.0-255,66,277181,53,277181
27038,0.0,172.253.118.0-255,153,153,53,366623
27039,1.4e-05,172.31.46.0-255,66,219,53,366623
27040,2.3e-05,172.253.118.0-255,1484,1703,53,366623
27041,2.9e-05,172.31.46.0-255,66,1769,53,366623
27042,4.2e-05,172.253.118.0-255,2902,4671,53,366623
27043,4.6e-05,172.31.46.0-255,66,4737,53,366623
27044,5.4e-05,172.253.118.0-255,7156,11893,53,366623
27045,5.7e-05,172.31.46.0-255,66,11959,53,366623
27046,6.2e-05,172.253.118.0-255,2902,14861,53,366623
27047,6.4e-05,172.31.46.0-255,66,14927,53,366623
27048,9.2e-05,172.253.118.0-255,4922,19849,53,366623
27049,9.5e-05,172.31.46.0-255,66,19915,53,366623
27050,9.9e-05,172.253.118.0-255,2902,22817,53,366623
27051,0.000101,172.31.46.0-255,66,22883,53,366623
27052,0.000125,172.253.118.0-255,1484,24367,53,366623
27053,0.000128,172.31.46.0-255,66,24433,53,366623
27054,0.000165,172.253.118.0-255,6797,31230,53,366623
27055,0.000168,172.31.46.0-255,66,31296,53,366623
27056,0.000295,172.253.118.0-255,1484,32780,53,366623
27057,0.0003,172.31.46.0-255,66,32846,53,366623
27058,0.000306,172.253.118.0-255,2902,35748,53,366623
27059,0.000309,172.31.46.0-255,66,35814,53,366623
27060,0.000319,172.253.118.0-255,4320,40134,53,366623
27061,0.000321,172.31.46.0-255,66,40200,53,366623
27062,0.000353,172.253.118.0-255,1484,41684,53,366623
27063,0.000355,172.31.46.0-255,66,41750,53,366623
27064,0.000363,172.253.118.0-255,5738,47488,53,366623
27065,0.000365,172.31.46.0-255,66,47554,53,366623
27066,0.000375,172.31.46.0-255,66,47620,53,366623
27067,0.000409,172.253.118.0-255,5379,52999,53,366623
27068,0.000413,172.31.46.0-255,66,53065,53,366623
27069,0.000419,172.253.118.0-255,4240,57305,53,366623
27070,0.000421,172.31.46.0-255,66,57371,53,366623
27071,0.000459,172.253.118.0-255,130,57501,53,366623
27072,0.000638,172.253.118.0-255,1484,58985,53,366623
27073,0.000644,172.31.46.0-255,66,59051,53,366623
27074,0.000649,172.253.118.0-255,2902,61953,53,366623
27075,0.000651,172.31.46.0-255,66,62019,53,366623
27076,0.000678,172.253.118.0-255,5738,67757,53,366623
27077,0.000681,172.31.46.0-255,66,67823,53,366623
27078,0.000688,172.253.118.0-255,4320,72143,53,366623
27079,0.00069,172.31.46.0-255,66,72209,53,366623
27080,0.000708,172.253.118.0-255,2543,74752,53,366623
27081,0.000711,172.31.46.0-255,66,74818,53,366623
27082,0.000721,172.253.118.0-255,5738,80556,53,366623
27083,0.000723,172.31.46.0-255,66,80622,53,366623
27084,0.000747,172.253.118.0-255,1484,82106,53,366623
27085,0.000754,172.253.118.0-255,5738,87844,53,366623
27086,0.000756,172.31.46.0-255,66,87910,53,366623
27087,0.000786,172.253.118.0-255,3961,91871,53,366623
27088,0.000789,172.31.46.0-255,66,91937,53,366623
27089,0.000877,172.253.118.0-255,1484,93421,53,366623
27090,0.000888,172.253.118.0-255,1484,94905,53,366623
27091,0.000892,172.31.46.0-255,66,94971,53,366623
27092,0.000919,172.253.118.0-255,1484,96455,53,366623
27093,0.000927,172.253.118.0-255,5738,102193,53,366623
27094,0.00093,172.31.46.0-255,66,102259,53,366623
27095,0.000944,172.31.46.0-255,66,102325,53,366623
27096,0.00095,172.253.118.0-255,5738,108063,53,366623
27097,0.000953,172.31.46.0-255,66,108129,53,366623
27098,0.000987,172.253.118.0-255,5020,113149,53,366623
27099,0.000993,172.31.46.0-255,66,113215,53,366623
27100,0.001276,172.253.118.0-255,1484,114699,53,366623
27101,0.001282,172.253.118.0-255,2902,117601,53,366623
27102,0.001286,172.31.46.0-255,66,117667,53,366623
27103,0.001291,172.253.118.0-255,2902,120569,53,366623
27104,0.001293,172.31.46.0-255,66,120635,53,366623
27105,0.001326,172.253.118.0-255,2902,123537,53,366623
27106,0.001329,172.31.46.0-255,66,123603,53,366623
27107,0.001335,172.253.118.0-255,4320,127923,53,366623
27108,0.001336,172.31.46.0-255,66,127989,53,366623
27109,0.001346,172.31.46.0-255,66,128055,53,366623
27110,0.001376,172.253.118.0-255,2902,130957,53,366623
27111,0.001379,172.31.46.0-255,66,131023,53,366623
27112,0.001389,172.31.46.0-255,66,131089,53,366623
27113,0.003727,172.253.118.0-255,5738,136827,53,366623
27114,0.003734,172.31.46.0-255,66,136893,53,366623
27115,0.006079,172.253.118.0-255,4320,141213,53,366623
27116,0.006083,172.31.46.0-255,66,141279,53,366623
27117,0.006106,172.253.118.0-255,1484,142763,53,366623
27118,0.008436,172.253.118.0-255,4320,147083,53,366623
27119,0.008442,172.31.46.0-255,66,147149,53,366623
27120,0.010778,172.253.118.0-255,5738,152887,53,366623
27121,0.010786,172.31.46.0-255,66,152953,53,366623
27122,0.013117,172.253.118.0-255,5738,158691,53,366623
27123,0.013125,172.31.46.0-255,66,158757,53,366623
27124,0.015464,172.253.118.0-255,5738,164495,53,366623
27125,0.015472,172.31.46.0-255,66,164561,53,366623
27126,0.017821,172.253.118.0-255,5738,170299,53,366623
27127,0.017831,172.31.46.0-255,66,170365,53,366623
27128,0.020169,172.253.118.0-255,5738,176103,53,366623
27129,0.020178,172.31.46.0-255,66,176169,53,366623
27130,0.022536,172.253.118.0-255,5738,181907,53,366623
27131,0.022544,172.31.46.0-255,66,181973,53,366623
27132,0.024894,172.253.118.0-255,5738,187711,53,366623
27133,0.024904,172.31.46.0-255,66,187777,53,366623
27134,0.02725,172.253.118.0-255,5738,193515,53,366623
27135,0.027259,172.31.46.0-255,66,193581,53,366623
27136,0.029612,172.253.118.0-255,5738,199319,53,366623
27137,0.029621,172.31.46.0-255,66,199385,53,366623
27138,0.031973,172.253.118.0-255,5738,205123,53,366623
27139,0.03198,172.31.46.0-255,66,205189,53,366623
27140,0.033111,172.31.46.0-255,176,205365,53,366623
27141,0.033143,172.31.46.0-255,1112,206477,53,366623
27142,0.03321,172.31.46.0-255,1514,207991,53,366623
27143,0.033212,172.31.46.0-255,1514,209505,53,366623
27144,0.033213,172.31.46.0-255,1514,211019,53,366623
27145,0.033214,172.31.46.0-255,1514,212533,53,366623
27146,0.033242,172.31.46.0-255,1507,214040,53,366623
27147,0.034333,172.253.118.0-255,5738,219778,53,366623
27148,0.034339,172.31.46.0-255,66,219844,53,366623
27149,0.034676,104.244.42.0-255,66,219910,53,366623
27150,0.034683,104.244.42.0-255,66,219976,53,366623
27151,0.034801,104.244.42.0-255,66,220042,53,366623
27152,0.036416,104.244.42.0-255,108,220150,53,366623
27153,0.036426,172.31.46.0-255,66,220216,53,366623
27154,0.036688,172.253.118.0-255,5738,225954,53,366623
27155,0.036693,172.31.46.0-255,66,226020,53,366623
27156,0.039025,172.253.118.0-255,5738,231758,53,366623
27157,0.039033,172.31.46.0-255,66,231824,53,366623
27158,0.041384,172.253.118.0-255,5738,237562,53,366623
27159,0.041389,172.31.46.0-255,66,237628,53,366623
27160,0.04372,172.253.118.0-255,5738,243366,53,366623
27161,0.043726,172.31.46.0-255,66,243432,53,366623
27162,0.046077,172.253.118.0-255,5738,249170,53,366623
27163,0.046082,172.31.46.0-255,66,249236,53,366623
27164,0.048432,172.253.118.0-255,5738,254974,53,366623
27165,0.048438,172.31.46.0-255,66,255040,53,366623
27166,0.050792,172.253.118.0-255,5738,260778,53,366623
27167,0.050798,172.31.46.0-255,66,260844,53,366623
27168,0.053138,172.253.118.0-255,5738,266582,53,366623
27169,0.053144,172.31.46.0-255,66,266648,53,366623
27170,0.055527,172.253.118.0-255,5738,272386,53,366623
27171,0.055532,172.31.46.0-255,66,272452,53,366623
27172,0.057907,172.253.118.0-255,5738,278190,53,366623
27173,0.057913,172.31.46.0-255,66,278256,53,366623
27174,0.060269,172.253.118.0-255,5738,283994,53,366623
27175,0.060275,172.31.46.0-255,66,284060,53,366623
27176,0.06261,172.253.118.0-255,5738,289798,53,366623
27177,0.062615,172.31.46.0-255,66,289864,53,366623
27178,0.064955,172.253.118.0-255,5738,295602,53,366623
27179,0.064961,172.31.46.0-255,66,295668,53,366623
27180,0.067326,172.253.118.0-255,5738,301406,53,366623
27181,0.067332,172.31.46.0-255,66,301472,53,366623
27182,0.069674,172.253.118.0-255,5738,307210,53,366623
27183,0.06968,172.31.46.0-255,66,307276,53,366623
27184,0.07208,172.253.118.0-255,5738,313014,53,366623
27185,0.072086,172.31.46.0-255,66,313080,53,366623
27186,0.074446,172.253.118.0-255,5738,318818,53,366623
27187,0.074453,172.31.46.0-255,66,318884,53,366623
27188,0.076798,172.253.118.0-255,5738,324622,53,366623
27189,0.076805,172.31.46.0-255,66,324688,53,366623
27190,0.079183,172.253.118.0-255,5738,330426,53,366623
27191,0.079189,172.31.46.0-255,66,330492,53,366623
27192,0.081551,172.253.118.0-255,5738,336230,53,366623
27193,0.081558,172.31.46.0-255,66,336296,53,366623
27194,0.083907,172.253.118.0-255,5738,342034,53,366623
27195,0.083913,172.31.46.0-255,66,342100,53,366623
27196,0.086264,172.253.118.0-255,5738,347838,53,366623
27197,0.086269,172.31.46.0-255,66,347904,53,366623
27198,0.088634,172.253.118.0-255,5738,353642,53,366623
27199,0.08864,172.31.46.0-255,66,353708,53,366623
27200,0.090997,172.253.118.0-255,5738,359446,53,366623
27201,0.091003,172.31.46.0-255,66,359512,53,366623
27202,0.093363,172.253.118.0-255,5738,365250,53,366623
27203,0.093369,172.31.46.0-255,66,365316,53,366623
27204,0.095704,172.253.118.0-255,1070,366386,53,366623
27205,0.095814,172.31.46.0-255,66,366452,53,366623
27206,0.095846,172.31.46.0-255,105,366557,53,366623
27207,0.098156,172.253.118.0-255,66,366623,53,366623
27208,0.0,172.217.194.0-255,153,153,53,280331
27209,2e-05,172.31.46.0-255,66,219,53,280331
27210,2.8e-05,172.217.194.0-255,1484,1703,53,280331
27211,3.3e-05,172.31.46.0-255,66,1769,53,280331
27212,3.6e-05,172.217.194.0-255,1484,3253,53,280331
27213,3.8e-05,172.31.46.0-255,66,3319,53,280331
27214,4.5e-05,172.217.194.0-255,4320,7639,53,280331
27215,4.8e-05,172.31.46.0-255,66,7705,53,280331
27216,9.7e-05,172.217.194.0-255,6328,14033,53,280331
27217,0.0001,172.31.46.0-255,66,14099,53,280331
27218,0.00012,172.217.194.0-255,4320,18419,53,280331
27219,0.000123,172.31.46.0-255,66,18485,53,280331
27220,0.000147,172.217.194.0-255,2902,21387,53,280331
27221,0.00015,172.31.46.0-255,66,21453,53,280331
27222,0.000161,172.31.46.0-255,66,21519,53,280331
27223,0.000164,172.217.194.0-255,1125,22644,53,280331
27224,0.000166,172.31.46.0-255,66,22710,53,280331
27225,0.00023,172.217.194.0-255,1484,24194,53,280331
27226,0.000234,172.31.46.0-255,66,24260,53,280331
27227,0.00024,172.217.194.0-255,2902,27162,53,280331
27228,0.000242,172.31.46.0-255,66,27228,53,280331
27229,0.000254,172.217.194.0-255,1484,28712,53,280331
27230,0.000256,172.31.46.0-255,66,28778,53,280331
27231,0.000275,172.217.194.0-255,4320,33098,53,280331
27232,0.000277,172.31.46.0-255,66,33164,53,280331
27233,0.00028,172.217.194.0-255,1484,34648,53,280331
27234,0.000282,172.31.46.0-255,66,34714,53,280331
27235,0.000316,172.31.46.0-255,66,34780,53,280331
27236,0.000326,172.31.46.0-255,66,34846,53,280331
27237,0.00034,172.217.194.0-255,2902,37748,53,280331
27238,0.000343,172.217.194.0-255,1125,38873,53,280331
27239,0.000493,172.31.46.0-255,66,38939,53,280331
27240,0.000596,172.217.194.0-255,645,39584,53,280331
27241,0.000629,172.217.194.0-255,1484,41068,53,280331
27242,0.000646,172.217.194.0-255,4320,45388,53,280331
27243,0.000659,172.31.46.0-255,66,45454,53,280331
27244,0.000678,172.217.194.0-255,1484,46938,53,280331
27245,0.000681,172.31.46.0-255,66,47004,53,280331
27246,0.00069,172.217.194.0-255,1484,48488,53,280331
27247,0.000729,172.217.194.0-255,4320,52808,53,280331
27248,0.000735,172.31.46.0-255,66,52874,53,280331
27249,0.000751,172.217.194.0-255,2184,55058,53,280331
27250,0.00077,172.31.46.0-255,66,55124,53,280331
27251,0.001117,172.217.194.0-255,1484,56608,53,280331
27252,0.001132,172.217.194.0-255,2902,59510,53,280331
27253,0.001136,172.31.46.0-255,66,59576,53,280331
27254,0.001153,172.217.194.0-255,1484,61060,53,280331
27255,0.00117,172.217.194.0-255,4320,65380,53,280331
27256,0.001172,172.217.194.0-255,1484,66864,53,280331
27257,0.001177,172.31.46.0-255,66,66930,53,280331
27258,0.001215,172.31.46.0-255,66,66996,53,280331
27259,0.001264,172.31.46.0-255,66,67062,53,280331
27260,0.001505,172.217.194.0-255,1484,68546,53,280331
27261,0.001512,172.217.194.0-255,2902,71448,53,280331
27262,0.001515,172.31.46.0-255,66,71514,53,280331
27263,0.001522,172.217.194.0-255,5738,77252,53,280331
27264,0.001526,172.31.46.0-255,66,77318,53,280331
27265,0.001544,172.217.194.0-255,4320,81638,53,280331
27266,0.001557,172.31.46.0-255,66,81704,53,280331
27267,0.001583,172.31.46.0-255,66,81770,53,280331
27268,0.001591,172.217.194.0-255,766,82536,53,280331
27269,0.001991,172.217.194.0-255,1484,84020,53,280331
27270,0.001997,172.217.194.0-255,2902,86922,53,280331
27271,0.002002,172.217.194.0-255,5738,92660,53,280331
27272,0.002004,172.217.194.0-255,1484,94144,53,280331
27273,0.002013,172.31.46.0-255,66,94210,53,280331
27274,0.002053,172.217.194.0-255,4320,98530,53,280331
27275,0.00206,172.217.194.0-255,7156,105686,53,280331
27276,0.002063,172.31.46.0-255,66,105752,53,280331
27277,0.002067,172.31.46.0-255,66,105818,53,280331
27278,0.002081,172.217.194.0-255,2184,108002,53,280331
27279,0.002102,172.31.46.0-255,66,108068,53,280331
27280,0.002226,172.217.194.0-255,1484,109552,53,280331
27281,0.002232,172.217.194.0-255,2902,112454,53,280331
27282,0.002239,172.31.46.0-255,66,112520,53,280331
27283,0.00225,172.217.194.0-255,5738,118258,53,280331
27284,0.002254,172.31.46.0-255,66,118324,53,280331
27285,0.002263,172.217.194.0-255,2902,121226,53,280331
27286,0.002277,172.217.194.0-255,4320,125546,53,280331
27287,0.002311,172.217.194.0-255,4320,129866,53,280331
27288,0.002314,172.31.46.0-255,66,129932,53,280331
27289,0.002319,172.31.46.0-255,66,129998,53,280331
27290,0.00242,172.217.194.0-255,5020,135018,53,280331
27291,0.00845,172.31.46.0-255,66,135084,53,280331
27292,0.008561,172.31.46.0-255,101,135185,53,280331
27293,0.010804,172.217.194.0-255,5738,140923,53,280331
27294,0.010815,172.31.46.0-255,66,140989,53,280331
27295,0.010861,172.217.194.0-255,66,141055,53,280331
27296,0.013174,172.217.194.0-255,5738,146793,53,280331
27297,0.017163,172.31.46.0-255,66,146859,53,280331
27298,0.019546,172.217.194.0-255,5738,152597,53,280331
27299,0.01956,172.31.46.0-255,66,152663,53,280331
27300,0.021912,172.217.194.0-255,5738,158401,53,280331
27301,0.021923,172.31.46.0-255,66,158467,53,280331
27302,0.024287,172.217.194.0-255,5738,164205,53,280331
27303,0.024296,172.31.46.0-255,66,164271,53,280331
27304,0.02667,172.217.194.0-255,5738,170009,53,280331
27305,0.026682,172.31.46.0-255,66,170075,53,280331
27306,0.029055,172.217.194.0-255,5738,175813,53,280331
27307,0.029063,172.31.46.0-255,66,175879,53,280331
27308,0.031417,172.217.194.0-255,5738,181617,53,280331
27309,0.031424,172.31.46.0-255,66,181683,53,280331
27310,0.033783,172.217.194.0-255,5738,187421,53,280331
27311,0.03379,172.31.46.0-255,66,187487,53,280331
27312,0.033816,172.31.46.0-255,188,187675,53,280331
27313,0.033843,172.31.46.0-255,953,188628,53,280331
27314,0.033902,172.31.46.0-255,1514,190142,53,280331
27315,0.033904,172.31.46.0-255,1450,191592,53,280331
27316,0.035391,104.244.42.0-255,66,191658,53,280331
27317,0.035421,104.244.42.0-255,66,191724,53,280331
27318,0.035481,104.244.42.0-255,66,191790,53,280331
27319,0.036162,172.217.194.0-255,5738,197528,53,280331
27320,0.036168,172.31.46.0-255,66,197594,53,280331
27321,0.03852,172.217.194.0-255,5738,203332,53,280331
27322,0.038527,172.31.46.0-255,66,203398,53,280331
27323,0.040918,172.217.194.0-255,5738,209136,53,280331
27324,0.040925,172.31.46.0-255,66,209202,53,280331
27325,0.043304,172.217.194.0-255,5738,214940,53,280331
27326,0.043313,172.31.46.0-255,66,215006,53,280331
27327,0.045696,172.217.194.0-255,5738,220744,53,280331
27328,0.045704,172.31.46.0-255,66,220810,53,280331
27329,0.048053,172.217.194.0-255,5738,226548,53,280331
27330,0.04806,172.31.46.0-255,66,226614,53,280331
27331,0.050445,172.217.194.0-255,5738,232352,53,280331
27332,0.050452,172.31.46.0-255,66,232418,53,280331
27333,0.052845,172.217.194.0-255,5738,238156,53,280331
27334,0.052856,172.31.46.0-255,66,238222,53,280331
27335,0.05523,172.217.194.0-255,5738,243960,53,280331
27336,0.055238,172.31.46.0-255,66,244026,53,280331
27337,0.057595,172.217.194.0-255,5738,249764,53,280331
27338,0.057602,172.31.46.0-255,66,249830,53,280331
27339,0.059965,172.217.194.0-255,5738,255568,53,280331
27340,0.059972,172.31.46.0-255,66,255634,53,280331
27341,0.06233,172.217.194.0-255,5738,261372,53,280331
27342,0.062337,172.31.46.0-255,66,261438,53,280331
27343,0.064723,172.217.194.0-255,5738,267176,53,280331
27344,0.064729,172.31.46.0-255,66,267242,53,280331
27345,0.067103,172.217.194.0-255,5738,272980,53,280331
27346,0.067109,172.31.46.0-255,66,273046,53,280331
27347,0.069495,172.217.194.0-255,5738,278784,53,280331
27348,0.069502,172.31.46.0-255,66,278850,53,280331
27349,0.071877,172.217.194.0-255,1310,280160,53,280331
27350,0.072023,172.31.46.0-255,105,280265,53,280331
27351,0.078382,172.217.194.0-255,66,280331,53,280331
27352,0.0,74.125.24.0-255,155,155,53,225451
27353,1.5e-05,172.31.46.0-255,66,221,53,225451
27354,2.1e-05,74.125.24.0-255,1484,1705,53,225451
27355,2.4e-05,172.31.46.0-255,66,1771,53,225451
27356,3.1e-05,74.125.24.0-255,2902,4673,53,225451
27357,3.5e-05,172.31.46.0-255,66,4739,53,225451
27358,4.2e-05,74.125.24.0-255,7156,11895,53,225451
27359,4.4e-05,172.31.46.0-255,66,11961,53,225451
27360,6.7e-05,74.125.24.0-255,2053,14014,53,225451
27361,7e-05,172.31.46.0-255,66,14080,53,225451
27362,0.000102,74.125.24.0-255,5738,19818,53,225451
27363,0.000104,172.31.46.0-255,66,19884,53,225451
27364,0.000125,74.125.24.0-255,5738,25622,53,225451
27365,0.000127,172.31.46.0-255,66,25688,53,225451
27366,0.000133,74.125.24.0-255,5379,31067,53,225451
27367,0.000135,172.31.46.0-255,66,31133,53,225451
27368,0.000211,74.125.24.0-255,1484,32617,53,225451
27369,0.000214,172.31.46.0-255,66,32683,53,225451
27370,0.000219,74.125.24.0-255,2902,35585,53,225451
27371,0.000221,172.31.46.0-255,66,35651,53,225451
27372,0.000227,74.125.24.0-255,5738,41389,53,225451
27373,0.000229,172.31.46.0-255,66,41455,53,225451
27374,0.000254,74.125.24.0-255,4320,45775,53,225451
27375,0.000256,172.31.46.0-255,66,45841,53,225451
27376,0.000283,172.31.46.0-255,66,45907,53,225451
27377,0.000293,172.31.46.0-255,66,45973,53,225451
27378,0.000296,74.125.24.0-255,394,46367,53,225451
27379,0.000297,172.31.46.0-255,66,46433,53,225451
27380,0.000388,74.125.24.0-255,114,46547,53,225451
27381,0.000391,172.31.46.0-255,66,46613,53,225451
27382,0.000859,74.125.24.0-255,331,46944,53,225451
27383,0.000916,172.31.46.0-255,66,47010,53,225451
27384,0.00168,74.125.24.0-255,1484,48494,53,225451
27385,0.001691,74.125.24.0-255,2902,51396,53,225451
27386,0.001695,172.31.46.0-255,66,51462,53,225451
27387,0.001703,74.125.24.0-255,4320,55782,53,225451
27388,0.001706,172.31.46.0-255,66,55848,53,225451
27389,0.00173,74.125.24.0-255,5738,61586,53,225451
27390,0.001733,172.31.46.0-255,66,61652,53,225451
27391,0.00176,74.125.24.0-255,2902,64554,53,225451
27392,0.001763,172.31.46.0-255,66,64620,53,225451
27393,0.001779,172.31.46.0-255,66,64686,53,225451
27394,0.002623,74.125.24.0-255,1484,66170,53,225451
27395,0.002638,74.125.24.0-255,2902,69072,53,225451
27396,0.00264,172.31.46.0-255,66,69138,53,225451
27397,0.002661,74.125.24.0-255,4320,73458,53,225451
27398,0.002663,172.31.46.0-255,66,73524,53,225451
27399,0.002696,74.125.24.0-255,1484,75008,53,225451
27400,0.002712,172.31.46.0-255,66,75074,53,225451
27401,0.00272,74.125.24.0-255,7156,82230,53,225451
27402,0.002722,172.31.46.0-255,66,82296,53,225451
27403,0.002725,74.125.24.0-255,1484,83780,53,225451
27404,0.00275,74.125.24.0-255,2184,85964,53,225451
27405,0.002752,172.31.46.0-255,66,86030,53,225451
27406,0.00301,74.125.24.0-255,1484,87514,53,225451
27407,0.003016,74.125.24.0-255,2902,90416,53,225451
27408,0.00302,172.31.46.0-255,66,90482,53,225451
27409,0.003024,74.125.24.0-255,1484,91966,53,225451
27410,0.003041,74.125.24.0-255,4320,96286,53,225451
27411,0.003044,172.31.46.0-255,66,96352,53,225451
27412,0.00308,172.31.46.0-255,66,96418,53,225451
27413,0.003117,74.125.24.0-255,2902,99320,53,225451
27414,0.00312,172.31.46.0-255,66,99386,53,225451
27415,0.003158,172.31.46.0-255,66,99452,53,225451
27416,0.003161,74.125.24.0-255,1484,100936,53,225451
27417,0.003167,74.125.24.0-255,4320,105256,53,225451
27418,0.00317,172.31.46.0-255,66,105322,53,225451
27419,0.003211,172.31.46.0-255,66,105388,53,225451
27420,0.003403,74.125.24.0-255,1484,106872,53,225451
27421,0.003409,74.125.24.0-255,2902,109774,53,225451
27422,0.003412,172.31.46.0-255,66,109840,53,225451
27423,0.003416,74.125.24.0-255,1484,111324,53,225451
27424,0.003434,74.125.24.0-255,4320,115644,53,225451
27425,0.003438,172.31.46.0-255,66,115710,53,225451
27426,0.003459,74.125.24.0-255,4320,120030,53,225451
27427,0.003462,172.31.46.0-255,66,120096,53,225451
27428,0.003487,74.125.24.0-255,7156,127252,53,225451
27429,0.00349,172.31.46.0-255,66,127318,53,225451
27430,0.003501,172.31.46.0-255,66,127384,53,225451
27431,0.003526,74.125.24.0-255,2184,129568,53,225451
27432,0.003529,172.31.46.0-255,66,129634,53,225451
27433,0.003713,74.125.24.0-255,1484,131118,53,225451
27434,0.00373,74.125.24.0-255,2902,134020,53,225451
27435,0.003734,172.31.46.0-255,66,134086,53,225451
27436,0.003737,74.125.24.0-255,1484,135570,53,225451
27437,0.003754,74.125.24.0-255,4320,139890,53,225451
27438,0.003756,172.31.46.0-255,66,139956,53,225451
27439,0.003773,74.125.24.0-255,1484,141440,53,225451
27440,0.003804,172.31.46.0-255,66,141506,53,225451
27441,0.003871,74.125.24.0-255,5738,147244,53,225451
27442,0.003874,172.31.46.0-255,66,147310,53,225451
27443,0.003897,74.125.24.0-255,5020,152330,53,225451
27444,0.0039,172.31.46.0-255,66,152396,53,225451
27445,0.003912,172.31.46.0-255,66,152462,53,225451
27446,0.003919,74.125.24.0-255,7156,159618,53,225451
27447,0.003921,172.31.46.0-255,66,159684,53,225451
27448,0.003962,172.31.46.0-255,66,159750,53,225451
27449,0.004,74.125.24.0-255,7156,166906,53,225451
27450,0.004003,172.31.46.0-255,66,166972,53,225451
27451,0.004006,74.125.24.0-255,1484,168456,53,225451
27452,0.004013,74.125.24.0-255,7156,175612,53,225451
27453,0.004016,172.31.46.0-255,66,175678,53,225451
27454,0.004019,74.125.24.0-255,1484,177162,53,225451
27455,0.004021,74.125.24.0-255,1484,178646,53,225451
27456,0.004024,172.31.46.0-255,66,178712,53,225451
27457,0.00404,74.125.24.0-255,4320,183032,53,225451
27458,0.004042,172.31.46.0-255,66,183098,53,225451
27459,0.00407,74.125.24.0-255,7156,190254,53,225451
27460,0.004074,172.31.46.0-255,66,190320,53,225451
27461,0.004079,74.125.24.0-255,3602,193922,53,225451
27462,0.004081,172.31.46.0-255,66,193988,53,225451
27463,0.004085,74.125.24.0-255,2902,196890,53,225451
27464,0.004088,172.31.46.0-255,66,196956,53,225451
27465,0.00409,74.125.24.0-255,1484,198440,53,225451
27466,0.004093,74.125.24.0-255,1484,199924,53,225451
27467,0.004095,172.31.46.0-255,66,199990,53,225451
27468,0.004135,172.31.46.0-255,66,200056,53,225451
27469,0.004146,172.31.46.0-255,66,200122,53,225451
27470,0.004168,74.125.24.0-255,4320,204442,53,225451
27471,0.004171,172.31.46.0-255,66,204508,53,225451
27472,0.004195,74.125.24.0-255,5738,210246,53,225451
27473,0.004198,172.31.46.0-255,66,210312,53,225451
27474,0.004216,74.125.24.0-255,5020,215332,53,225451
27475,0.004219,172.31.46.0-255,66,215398,53,225451
27476,0.004232,172.31.46.0-255,66,215464,53,225451
27477,0.004235,74.125.24.0-255,1484,216948,53,225451
27478,0.004252,74.125.24.0-255,2229,219177,53,225451
27479,0.004255,172.31.46.0-255,66,219243,53,225451
27480,0.004306,74.125.24.0-255,105,219348,53,225451
27481,0.004788,74.125.24.0-255,129,219477,53,225451
27482,0.006271,172.31.46.0-255,105,219582,53,225451
27483,0.006305,172.31.46.0-255,105,219687,53,225451
27484,0.006559,172.31.46.0-255,90,219777,53,225451
27485,0.006568,172.31.46.0-255,66,219843,53,225451
27486,0.008527,74.125.24.0-255,66,219909,53,225451
27487,0.008555,74.125.24.0-255,66,219975,53,225451
27488,0.008814,74.125.24.0-255,66,220041,53,225451
27489,0.008875,74.125.24.0-255,66,220107,53,225451
27490,0.008881,172.31.46.0-255,66,220173,53,225451
27491,0.029341,172.31.46.0-255,172,220345,53,225451
27492,0.029374,172.31.46.0-255,1112,221457,53,225451
27493,0.029441,172.31.46.0-255,1514,222971,53,225451
27494,0.029443,172.31.46.0-255,1514,224485,53,225451
27495,0.029467,172.31.46.0-255,702,225187,53,225451
27496,0.030846,104.244.42.0-255,66,225253,53,225451
27497,0.030876,104.244.42.0-255,66,225319,53,225451
27498,0.030962,104.244.42.0-255,66,225385,53,225451
27499,0.030983,104.244.42.0-255,66,225451,53,225451
27500,0.0,172.253.118.0-255,291,291,53,212085
27501,9e-06,172.31.46.0-255,66,357,53,212085
27502,1.4e-05,172.253.118.0-255,1484,1841,53,212085
27503,1.7e-05,172.31.46.0-255,66,1907,53,212085
27504,4.3e-05,172.253.118.0-255,1484,3391,53,212085
27505,4.6e-05,172.31.46.0-255,66,3457,53,212085
27506,5.8e-05,172.253.118.0-255,4320,7777,53,212085
27507,6e-05,172.31.46.0-255,66,7843,53,212085
27508,8.9e-05,172.253.118.0-255,1484,9327,53,212085
27509,9.1e-05,172.31.46.0-255,66,9393,53,212085
27510,0.000121,172.253.118.0-255,6163,15556,53,212085
27511,0.000124,172.31.46.0-255,66,15622,53,212085
27512,0.000132,172.253.118.0-255,7156,22778,53,212085
27513,0.000134,172.31.46.0-255,66,22844,53,212085
27514,0.000153,172.253.118.0-255,1484,24328,53,212085
27515,0.000158,172.31.46.0-255,66,24394,53,212085
27516,0.000165,172.253.118.0-255,5738,30132,53,212085
27517,0.000168,172.31.46.0-255,66,30198,53,212085
27518,0.000189,172.253.118.0-255,1125,31323,53,212085
27519,0.000191,172.31.46.0-255,66,31389,53,212085
27520,0.000294,172.253.118.0-255,1484,32873,53,212085
27521,0.000298,172.31.46.0-255,66,32939,53,212085
27522,0.000304,172.253.118.0-255,2902,35841,53,212085
27523,0.000307,172.31.46.0-255,66,35907,53,212085
27524,0.000319,172.253.118.0-255,5738,41645,53,212085
27525,0.000322,172.31.46.0-255,66,41711,53,212085
27526,0.00036,172.31.46.0-255,66,41777,53,212085
27527,0.000366,172.253.118.0-255,5738,47515,53,212085
27528,0.000369,172.31.46.0-255,66,47581,53,212085
27529,0.0004,172.253.118.0-255,4320,51901,53,212085
27530,0.000402,172.31.46.0-255,66,51967,53,212085
27531,0.000407,172.253.118.0-255,4239,56206,53,212085
27532,0.00041,172.31.46.0-255,66,56272,53,212085
27533,0.000795,172.253.118.0-255,127,56399,53,212085
27534,0.000932,172.253.118.0-255,1484,57883,53,212085
27535,0.000937,172.31.46.0-255,66,57949,53,212085
27536,0.000943,172.253.118.0-255,2902,60851,53,212085
27537,0.000945,172.31.46.0-255,66,60917,53,212085
27538,0.00095,172.253.118.0-255,2902,63819,53,212085
27539,0.000957,172.31.46.0-255,66,63885,53,212085
27540,0.000969,172.253.118.0-255,2902,66787,53,212085
27541,0.000972,172.31.46.0-255,66,66853,53,212085
27542,0.001006,172.253.118.0-255,4320,71173,53,212085
27543,0.001008,172.31.46.0-255,66,71239,53,212085
27544,0.001031,172.31.46.0-255,66,71305,53,212085
27545,0.001069,172.31.46.0-255,66,71371,53,212085
27546,0.002415,172.253.118.0-255,1484,72855,53,212085
27547,0.002425,172.253.118.0-255,2902,75757,53,212085
27548,0.00243,172.31.46.0-255,66,75823,53,212085
27549,0.002439,172.253.118.0-255,5738,81561,53,212085
27550,0.002441,172.31.46.0-255,66,81627,53,212085
27551,0.00245,172.253.118.0-255,1484,83111,53,212085
27552,0.002495,172.253.118.0-255,5738,88849,53,212085
27553,0.002498,172.31.46.0-255,66,88915,53,212085
27554,0.002539,172.31.46.0-255,66,88981,53,212085
27555,0.002546,172.253.118.0-255,5738,94719,53,212085
27556,0.002548,172.31.46.0-255,66,94785,53,212085
27557,0.002556,172.253.118.0-255,2184,96969,53,212085
27558,0.002558,172.31.46.0-255,66,97035,53,212085
27559,0.002711,172.253.118.0-255,1484,98519,53,212085
27560,0.002726,172.253.118.0-255,2902,101421,53,212085
27561,0.002729,172.31.46.0-255,66,101487,53,212085
27562,0.002761,172.253.118.0-255,1484,102971,53,212085
27563,0.002772,172.31.46.0-255,66,103037,53,212085
27564,0.002812,172.31.46.0-255,66,103103,53,212085
27565,0.002816,172.253.118.0-255,2184,105287,53,212085
27566,0.002818,172.31.46.0-255,66,105353,53,212085
27567,0.002871,172.31.46.0-255,66,105419,53,212085
27568,0.002876,172.253.118.0-255,4320,109739,53,212085
27569,0.002879,172.31.46.0-255,66,109805,53,212085
27570,0.002889,172.253.118.0-255,4320,114125,53,212085
27571,0.002892,172.31.46.0-255,66,114191,53,212085
27572,0.002897,172.253.118.0-255,2902,117093,53,212085
27573,0.002899,172.31.46.0-255,66,117159,53,212085
27574,0.002923,172.253.118.0-255,766,117925,53,212085
27575,0.002928,172.253.118.0-255,4320,122245,53,212085
27576,0.002935,172.31.46.0-255,66,122311,53,212085
27577,0.00294,172.253.118.0-255,4320,126631,53,212085
27578,0.002943,172.31.46.0-255,66,126697,53,212085
27579,0.00298,172.253.118.0-255,5738,132435,53,212085
27580,0.002982,172.31.46.0-255,66,132501,53,212085
27581,0.002989,172.253.118.0-255,5738,138239,53,212085
27582,0.002991,172.31.46.0-255,66,138305,53,212085
27583,0.003028,172.31.46.0-255,66,138371,53,212085
27584,0.003513,172.253.118.0-255,1484,139855,53,212085
27585,0.003521,172.253.118.0-255,2902,142757,53,212085
27586,0.003525,172.31.46.0-255,66,142823,53,212085
27587,0.003531,172.253.118.0-255,2902,145725,53,212085
27588,0.003534,172.31.46.0-255,66,145791,53,212085
27589,0.003566,172.253.118.0-255,2902,148693,53,212085
27590,0.003568,172.31.46.0-255,66,148759,53,212085
27591,0.003591,172.31.46.0-255,66,148825,53,212085
27592,0.003617,172.253.118.0-255,2902,151727,53,212085
27593,0.003619,172.31.46.0-255,66,151793,53,212085
27594,0.00364,172.31.46.0-255,66,151859,53,212085
27595,0.003647,172.253.118.0-255,7156,159015,53,212085
27596,0.00365,172.31.46.0-255,66,159081,53,212085
27597,0.003688,172.253.118.0-255,5738,164819,53,212085
27598,0.00369,172.31.46.0-255,66,164885,53,212085
27599,0.003734,172.31.46.0-255,66,164951,53,212085
27600,0.003737,172.253.118.0-255,766,165717,53,212085
27601,0.003758,172.253.118.0-255,1484,167201,53,212085
27602,0.003761,172.31.46.0-255,66,167267,53,212085
27603,0.003787,172.253.118.0-255,2902,170169,53,212085
27604,0.00379,172.31.46.0-255,66,170235,53,212085
27605,0.003796,172.253.118.0-255,4320,174555,53,212085
27606,0.003798,172.31.46.0-255,66,174621,53,212085
27607,0.003801,172.253.118.0-255,1484,176105,53,212085
27608,0.003829,172.253.118.0-255,7156,183261,53,212085
27609,0.003832,172.31.46.0-255,66,183327,53,212085
27610,0.003837,172.253.118.0-255,4320,187647,53,212085
27611,0.003839,172.31.46.0-255,66,187713,53,212085
27612,0.003869,172.253.118.0-255,4320,192033,53,212085
27613,0.003872,172.31.46.0-255,66,192099,53,212085
27614,0.003901,172.253.118.0-255,4320,196419,53,212085
27615,0.003904,172.31.46.0-255,66,196485,53,212085
27616,0.003915,172.31.46.0-255,66,196551,53,212085
27617,0.00393,172.253.118.0-255,766,197317,53,212085
27618,0.003945,172.31.46.0-255,66,197383,53,212085
27619,0.00397,172.253.118.0-255,4320,201703,53,212085
27620,0.003973,172.31.46.0-255,66,201769,53,212085
27621,0.004016,172.31.46.0-255,66,201835,53,212085
27622,0.004022,172.253.118.0-255,4320,206155,53,212085
27623,0.004024,172.31.46.0-255,66,206221,53,212085
27624,0.004079,172.31.46.0-255,66,206287,53,212085
27625,0.004082,172.253.118.0-255,105,206392,53,212085
27626,0.016117,172.31.46.0-255,66,206458,53,212085
27627,0.016165,172.31.46.0-255,105,206563,53,212085
27628,0.018466,172.253.118.0-255,66,206629,53,212085
27629,0.050211,172.31.46.0-255,176,206805,53,212085
27630,0.05024,172.31.46.0-255,1112,207917,53,212085
27631,0.050299,172.31.46.0-255,1514,209431,53,212085
27632,0.050301,172.31.46.0-255,1514,210945,53,212085
27633,0.050302,172.31.46.0-255,702,211647,53,212085
27634,0.051789,104.244.42.0-255,66,211713,53,212085
27635,0.0518,104.244.42.0-255,66,211779,53,212085
27636,0.051873,104.244.42.0-255,66,211845,53,212085
27637,0.051879,104.244.42.0-255,66,211911,53,212085
27638,0.052453,104.244.42.0-255,108,212019,53,212085
27639,0.052467,172.31.46.0-255,66,212085,53,212085
27640,0.0,74.125.68.0-255,153,153,53,368450
27641,1.7e-05,172.31.46.0-255,66,219,53,368450
27642,2.4e-05,74.125.68.0-255,1484,1703,53,368450
27643,2.8e-05,172.31.46.0-255,66,1769,53,368450
27644,3.2e-05,74.125.68.0-255,1484,3253,53,368450
27645,3.6e-05,172.31.46.0-255,66,3319,53,368450
27646,6.3e-05,74.125.68.0-255,1484,4803,53,368450
27647,6.6e-05,172.31.46.0-255,66,4869,53,368450
27648,7.1e-05,74.125.68.0-255,2902,7771,53,368450
27649,7.4e-05,172.31.46.0-255,66,7837,53,368450
27650,8e-05,74.125.68.0-255,4320,12157,53,368450
27651,8.2e-05,172.31.46.0-255,66,12223,53,368450
27652,0.000111,74.125.68.0-255,2045,14268,53,368450
27653,0.000114,172.31.46.0-255,66,14334,53,368450
27654,0.000132,74.125.68.0-255,1484,15818,53,368450
27655,0.000134,172.31.46.0-255,66,15884,53,368450
27656,0.000152,74.125.68.0-255,1484,17368,53,368450
27657,0.000155,172.31.46.0-255,66,17434,53,368450
27658,0.000159,74.125.68.0-255,2902,20336,53,368450
27659,0.000161,172.31.46.0-255,66,20402,53,368450
27660,0.000164,74.125.68.0-255,1484,21886,53,368450
27661,0.000166,172.31.46.0-255,66,21952,53,368450
27662,0.000186,74.125.68.0-255,2902,24854,53,368450
27663,0.000189,172.31.46.0-255,66,24920,53,368450
27664,0.000192,74.125.68.0-255,1484,26404,53,368450
27665,0.000193,172.31.46.0-255,66,26470,53,368450
27666,0.000214,74.125.68.0-255,2902,29372,53,368450
27667,0.000217,172.31.46.0-255,66,29438,53,368450
27668,0.000272,74.125.68.0-255,2543,31981,53,368450
27669,0.000276,172.31.46.0-255,66,32047,53,368450
27670,0.000332,74.125.68.0-255,1484,33531,53,368450
27671,0.000336,172.31.46.0-255,66,33597,53,368450
27672,0.000352,74.125.68.0-255,2902,36499,53,368450
27673,0.000355,172.31.46.0-255,66,36565,53,368450
27674,0.00037,74.125.68.0-255,4320,40885,53,368450
27675,0.000373,172.31.46.0-255,66,40951,53,368450
27676,0.000398,74.125.68.0-255,7156,48107,53,368450
27677,0.000401,172.31.46.0-255,66,48173,53,368450
27678,0.000421,74.125.68.0-255,2543,50716,53,368450
27679,0.000424,172.31.46.0-255,66,50782,53,368450
27680,0.000428,74.125.68.0-255,2902,53684,53,368450
27681,0.00043,172.31.46.0-255,66,53750,53,368450
27682,0.000469,74.125.68.0-255,2902,56652,53,368450
27683,0.000472,172.31.46.0-255,66,56718,53,368450
27684,0.000501,172.31.46.0-255,66,56784,53,368450
27685,0.000601,74.125.68.0-255,398,57182,53,368450
27686,0.000675,74.125.68.0-255,110,57292,53,368450
27687,0.00069,74.125.68.0-255,331,57623,53,368450
27688,0.000993,74.125.68.0-255,1484,59107,53,368450
27689,0.000998,172.31.46.0-255,66,59173,53,368450
27690,0.001013,74.125.68.0-255,2902,62075,53,368450
27691,0.001016,172.31.46.0-255,66,62141,53,368450
27692,0.001019,74.125.68.0-255,1484,63625,53,368450
27693,0.00104,74.125.68.0-255,4320,67945,53,368450
27694,0.001046,172.31.46.0-255,66,68011,53,368450
27695,0.001059,74.125.68.0-255,5738,73749,53,368450
27696,0.001061,172.31.46.0-255,66,73815,53,368450
27697,0.001077,74.125.68.0-255,5738,79553,53,368450
27698,0.00108,172.31.46.0-255,66,79619,53,368450
27699,0.001095,74.125.68.0-255,1484,81103,53,368450
27700,0.001101,74.125.68.0-255,4320,85423,53,368450
27701,0.001103,172.31.46.0-255,66,85489,53,368450
27702,0.001124,74.125.68.0-255,2902,88391,53,368450
27703,0.001127,172.31.46.0-255,66,88457,53,368450
27704,0.001149,74.125.68.0-255,3602,92059,53,368450
27705,0.001152,172.31.46.0-255,66,92125,53,368450
27706,0.001322,74.125.68.0-255,1484,93609,53,368450
27707,0.001327,74.125.68.0-255,2902,96511,53,368450
27708,0.001331,172.31.46.0-255,66,96577,53,368450
27709,0.001361,74.125.68.0-255,1484,98061,53,368450
27710,0.001381,74.125.68.0-255,4320,102381,53,368450
27711,0.001384,172.31.46.0-255,66,102447,53,368450
27712,0.001391,74.125.68.0-255,4320,106767,53,368450
27713,0.001393,172.31.46.0-255,66,106833,53,368450
27714,0.001411,74.125.68.0-255,7156,113989,53,368450
27715,0.001415,172.31.46.0-255,66,114055,53,368450
27716,0.001422,74.125.68.0-255,7156,121211,53,368450
27717,0.001425,172.31.46.0-255,66,121277,53,368450
27718,0.001439,74.125.68.0-255,5020,126297,53,368450
27719,0.001442,172.31.46.0-255,66,126363,53,368450
27720,0.001509,74.125.68.0-255,1484,127847,53,368450
27721,0.001528,74.125.68.0-255,2902,130749,53,368450
27722,0.001531,172.31.46.0-255,66,130815,53,368450
27723,0.001554,74.125.68.0-255,4320,135135,53,368450
27724,0.001557,172.31.46.0-255,66,135201,53,368450
27725,0.001571,74.125.68.0-255,1484,136685,53,368450
27726,0.001575,74.125.68.0-255,1484,138169,53,368450
27727,0.001577,172.31.46.0-255,66,138235,53,368450
27728,0.001608,74.125.68.0-255,7156,145391,53,368450
27729,0.001611,172.31.46.0-255,66,145457,53,368450
27730,0.001623,172.31.46.0-255,66,145523,53,368450
27731,0.001626,74.125.68.0-255,1484,147007,53,368450
27732,0.001643,74.125.68.0-255,3602,150609,53,368450
27733,0.001646,172.31.46.0-255,66,150675,53,368450
27734,0.001755,74.125.68.0-255,1484,152159,53,368450
27735,0.001759,74.125.68.0-255,1484,153643,53,368450
27736,0.001763,172.31.46.0-255,66,153709,53,368450
27737,0.001784,74.125.68.0-255,1484,155193,53,368450
27738,0.001788,74.125.68.0-255,1484,156677,53,368450
27739,0.001791,172.31.46.0-255,66,156743,53,368450
27740,0.001796,74.125.68.0-255,2902,159645,53,368450
27741,0.001798,172.31.46.0-255,66,159711,53,368450
27742,0.001804,74.125.68.0-255,5738,165449,53,368450
27743,0.001807,172.31.46.0-255,66,165515,53,368450
27744,0.001832,74.125.68.0-255,2902,168417,53,368450
27745,0.001835,172.31.46.0-255,66,168483,53,368450
27746,0.001859,74.125.68.0-255,7156,175639,53,368450
27747,0.001862,172.31.46.0-255,66,175705,53,368450
27748,0.00188,74.125.68.0-255,1484,177189,53,368450
27749,0.001903,172.31.46.0-255,66,177255,53,368450
27750,0.002357,74.125.68.0-255,1484,178739,53,368450
27751,0.002363,74.125.68.0-255,2902,181641,53,368450
27752,0.002367,172.31.46.0-255,66,181707,53,368450
27753,0.00239,74.125.68.0-255,4320,186027,53,368450
27754,0.002398,172.31.46.0-255,66,186093,53,368450
27755,0.002402,74.125.68.0-255,1484,187577,53,368450
27756,0.002432,74.125.68.0-255,2902,190479,53,368450
27757,0.002435,172.31.46.0-255,66,190545,53,368450
27758,0.002463,74.125.68.0-255,4320,194865,53,368450
27759,0.002466,172.31.46.0-255,66,194931,53,368450
27760,0.002471,74.125.68.0-255,2902,197833,53,368450
27761,0.002473,172.31.46.0-255,66,197899,53,368450
27762,0.002484,172.31.46.0-255,66,197965,53,368450
27763,0.00253,74.125.68.0-255,2902,200867,53,368450
27764,0.002534,172.31.46.0-255,66,200933,53,368450
27765,0.002539,74.125.68.0-255,2184,203117,53,368450
27766,0.002541,172.31.46.0-255,66,203183,53,368450
27767,0.002545,74.125.68.0-255,2902,206085,53,368450
27768,0.002547,172.31.46.0-255,66,206151,53,368450
27769,0.002553,74.125.68.0-255,7156,213307,53,368450
27770,0.002556,172.31.46.0-255,66,213373,53,368450
27771,0.002565,74.125.68.0-255,4320,217693,53,368450
27772,0.002568,172.31.46.0-255,66,217759,53,368450
27773,0.002575,74.125.68.0-255,5738,223497,53,368450
27774,0.002577,172.31.46.0-255,66,223563,53,368450
27775,0.005139,74.125.68.0-255,5738,229301,53,368450
27776,0.005147,172.31.46.0-255,66,229367,53,368450
27777,0.007702,74.125.68.0-255,2902,232269,53,368450
27778,0.007706,172.31.46.0-255,66,232335,53,368450
27779,0.007726,74.125.68.0-255,2902,235237,53,368450
27780,0.007728,172.31.46.0-255,66,235303,53,368450
27781,0.010253,74.125.68.0-255,2902,238205,53,368450
27782,0.01026,172.31.46.0-255,66,238271,53,368450
27783,0.010275,74.125.68.0-255,2902,241173,53,368450
27784,0.010278,172.31.46.0-255,66,241239,53,368450
27785,0.012814,74.125.68.0-255,2902,244141,53,368450
27786,0.012823,172.31.46.0-255,66,244207,53,368450
27787,0.012846,74.125.68.0-255,2902,247109,53,368450
27788,0.012849,172.31.46.0-255,66,247175,53,368450
27789,0.015393,74.125.68.0-255,5738,252913,53,368450
27790,0.015404,172.31.46.0-255,66,252979,53,368450
27791,0.018001,74.125.68.0-255,5738,258717,53,368450
27792,0.018013,172.31.46.0-255,66,258783,53,368450
27793,0.020589,74.125.68.0-255,5738,264521,53,368450
27794,0.0206,172.31.46.0-255,66,264587,53,368450
27795,0.02318,74.125.68.0-255,5738,270325,53,368450
27796,0.023189,172.31.46.0-255,66,270391,53,368450
27797,0.025748,74.125.68.0-255,5738,276129,53,368450
27798,0.025756,172.31.46.0-255,66,276195,53,368450
27799,0.028317,74.125.68.0-255,5738,281933,53,368450
27800,0.028327,172.31.46.0-255,66,281999,53,368450
27801,0.03087,74.125.68.0-255,5738,287737,53,368450
27802,0.030877,172.31.46.0-255,66,287803,53,368450
27803,0.031426,172.31.46.0-255,192,287995,53,368450
27804,0.03146,172.31.46.0-255,953,288948,53,368450
27805,0.031522,172.31.46.0-255,1514,290462,53,368450
27806,0.031524,172.31.46.0-255,1514,291976,53,368450
27807,0.031552,172.31.46.0-255,846,292822,53,368450
27808,0.033014,104.244.42.0-255,66,292888,53,368450
27809,0.033038,104.244.42.0-255,66,292954,53,368450
27810,0.033098,104.244.42.0-255,66,293020,53,368450
27811,0.033109,104.244.42.0-255,66,293086,53,368450
27812,0.033429,74.125.68.0-255,5738,298824,53,368450
27813,0.033433,172.31.46.0-255,66,298890,53,368450
27814,0.036003,74.125.68.0-255,5738,304628,53,368450
27815,0.036009,172.31.46.0-255,66,304694,53,368450
27816,0.038562,74.125.68.0-255,5738,310432,53,368450
27817,0.038572,172.31.46.0-255,66,310498,53,368450
27818,0.041135,74.125.68.0-255,5738,316236,53,368450
27819,0.041143,172.31.46.0-255,66,316302,53,368450
27820,0.04371,74.125.68.0-255,5738,322040,53,368450
27821,0.043718,172.31.46.0-255,66,322106,53,368450
27822,0.046283,74.125.68.0-255,5738,327844,53,368450
27823,0.04629,172.31.46.0-255,66,327910,53,368450
27824,0.048852,74.125.68.0-255,5738,333648,53,368450
27825,0.048865,172.31.46.0-255,66,333714,53,368450
27826,0.051441,74.125.68.0-255,5738,339452,53,368450
27827,0.051448,172.31.46.0-255,66,339518,53,368450
27828,0.05401,74.125.68.0-255,5738,345256,53,368450
27829,0.054017,172.31.46.0-255,66,345322,53,368450
27830,0.056575,74.125.68.0-255,5738,351060,53,368450
27831,0.056582,172.31.46.0-255,66,351126,53,368450
27832,0.059155,74.125.68.0-255,5738,356864,53,368450
27833,0.059164,172.31.46.0-255,66,356930,53,368450
27834,0.061733,74.125.68.0-255,5738,362668,53,368450
27835,0.061742,172.31.46.0-255,66,362734,53,368450
27836,0.064308,74.125.68.0-255,5479,368213,53,368450
27837,0.064314,172.31.46.0-255,66,368279,53,368450
27838,0.064501,172.31.46.0-255,105,368384,53,368450
27839,0.067021,74.125.68.0-255,66,368450,53,368450
27840,0.0,74.125.68.0-255,153,153,53,371686
27841,2.4e-05,172.31.46.0-255,66,219,53,371686
27842,3.1e-05,74.125.68.0-255,1484,1703,53,371686
27843,3.5e-05,172.31.46.0-255,66,1769,53,371686
27844,4.8e-05,74.125.68.0-255,2902,4671,53,371686
27845,5.1e-05,172.31.46.0-255,66,4737,53,371686
27846,5.9e-05,74.125.68.0-255,7156,11893,53,371686
27847,6.1e-05,172.31.46.0-255,66,11959,53,371686
27848,9.5e-05,74.125.68.0-255,1903,13862,53,371686
27849,9.7e-05,172.31.46.0-255,66,13928,53,371686
27850,0.000207,74.125.68.0-255,1484,15412,53,371686
27851,0.000211,172.31.46.0-255,66,15478,53,371686
27852,0.000215,74.125.68.0-255,1484,16962,53,371686
27853,0.000218,172.31.46.0-255,66,17028,53,371686
27854,0.000252,74.125.68.0-255,2902,19930,53,371686
27855,0.000255,172.31.46.0-255,66,19996,53,371686
27856,0.000261,74.125.68.0-255,5738,25734,53,371686
27857,0.000264,172.31.46.0-255,66,25800,53,371686
27858,0.000268,74.125.68.0-255,2902,28702,53,371686
27859,0.000271,172.31.46.0-255,66,28768,53,371686
27860,0.000295,74.125.68.0-255,2543,31311,53,371686
27861,0.000298,172.31.46.0-255,66,31377,53,371686
27862,0.000404,74.125.68.0-255,1484,32861,53,371686
27863,0.000408,172.31.46.0-255,66,32927,53,371686
27864,0.000412,74.125.68.0-255,1484,34411,53,371686
27865,0.000414,172.31.46.0-255,66,34477,53,371686
27866,0.000432,74.125.68.0-255,1484,35961,53,371686
27867,0.000435,172.31.46.0-255,66,36027,53,371686
27868,0.000468,74.125.68.0-255,4320,40347,53,371686
27869,0.000471,172.31.46.0-255,66,40413,53,371686
27870,0.000482,172.31.46.0-255,66,40479,53,371686
27871,0.000526,172.31.46.0-255,66,40545,53,371686
27872,0.000533,74.125.68.0-255,7156,47701,53,371686
27873,0.000536,172.31.46.0-255,66,47767,53,371686
27874,0.000579,74.125.68.0-255,1437,49204,53,371686
27875,0.001025,74.125.68.0-255,109,49313,53,371686
27876,0.001044,74.125.68.0-255,331,49644,53,371686
27877,0.001048,172.31.46.0-255,66,49710,53,371686
27878,0.001732,74.125.68.0-255,1484,51194,53,371686
27879,0.001745,74.125.68.0-255,2902,54096,53,371686
27880,0.00175,172.31.46.0-255,66,54162,53,371686
27881,0.001755,74.125.68.0-255,1484,55646,53,371686
27882,0.00176,74.125.68.0-255,2902,58548,53,371686
27883,0.001762,172.31.46.0-255,66,58614,53,371686
27884,0.001792,74.125.68.0-255,5738,64352,53,371686
27885,0.001794,172.31.46.0-255,66,64418,53,371686
27886,0.001823,74.125.68.0-255,5738,70156,53,371686
27887,0.001825,172.31.46.0-255,66,70222,53,371686
27888,0.001832,74.125.68.0-255,5738,75960,53,371686
27889,0.001834,172.31.46.0-255,66,76026,53,371686
27890,0.001851,74.125.68.0-255,1484,77510,53,371686
27891,0.001882,74.125.68.0-255,6438,83948,53,371686
27892,0.001884,172.31.46.0-255,66,84014,53,371686
27893,0.003837,74.125.68.0-255,5738,89752,53,371686
27894,0.00385,172.31.46.0-255,66,89818,53,371686
27895,0.005814,74.125.68.0-255,5738,95556,53,371686
27896,0.005821,172.31.46.0-255,66,95622,53,371686
27897,0.007774,74.125.68.0-255,5738,101360,53,371686
27898,0.007782,172.31.46.0-255,66,101426,53,371686
27899,0.009754,74.125.68.0-255,5738,107164,53,371686
27900,0.009771,172.31.46.0-255,66,107230,53,371686
27901,0.011745,74.125.68.0-255,5738,112968,53,371686
27902,0.011763,172.31.46.0-255,66,113034,53,371686
27903,0.013748,74.125.68.0-255,5738,118772,53,371686
27904,0.013765,172.31.46.0-255,66,118838,53,371686
27905,0.015714,74.125.68.0-255,5738,124576,53,371686
27906,0.015724,172.31.46.0-255,66,124642,53,371686
27907,0.017677,74.125.68.0-255,5738,130380,53,371686
27908,0.017687,172.31.46.0-255,66,130446,53,371686
27909,0.019644,74.125.68.0-255,5738,136184,53,371686
27910,0.019652,172.31.46.0-255,66,136250,53,371686
27911,0.02162,74.125.68.0-255,5738,141988,53,371686
27912,0.021632,172.31.46.0-255,66,142054,53,371686
27913,0.023589,74.125.68.0-255,5738,147792,53,371686
27914,0.023597,172.31.46.0-255,66,147858,53,371686
27915,0.025564,74.125.68.0-255,5738,153596,53,371686
27916,0.025573,172.31.46.0-255,66,153662,53,371686
27917,0.027547,74.125.68.0-255,5738,159400,53,371686
27918,0.027558,172.31.46.0-255,66,159466,53,371686
27919,0.029559,74.125.68.0-255,5738,165204,53,371686
27920,0.029567,172.31.46.0-255,66,165270,53,371686
27921,0.031377,172.31.46.0-255,172,165442,53,371686
27922,0.031406,172.31.46.0-255,1107,166549,53,371686
27923,0.031462,172.31.46.0-255,1514,168063,53,371686
27924,0.031464,172.31.46.0-255,1296,169359,53,371686
27925,0.031505,74.125.68.0-255,4320,173679,53,371686
27926,0.031511,172.31.46.0-255,66,173745,53,371686
27927,0.03154,74.125.68.0-255,1484,175229,53,371686
27928,0.032944,104.244.42.0-255,66,175295,53,371686
27929,0.033,104.244.42.0-255,66,175361,53,371686
27930,0.033052,104.244.42.0-255,66,175427,53,371686
27931,0.033457,74.125.68.0-255,4320,179747,53,371686
27932,0.033466,172.31.46.0-255,66,179813,53,371686
27933,0.034679,104.244.42.0-255,108,179921,53,371686
27934,0.034688,172.31.46.0-255,66,179987,53,371686
27935,0.035434,74.125.68.0-255,5738,185725,53,371686
27936,0.035441,172.31.46.0-255,66,185791,53,371686
27937,0.037402,74.125.68.0-255,5738,191529,53,371686
27938,0.037409,172.31.46.0-255,66,191595,53,371686
27939,0.039374,74.125.68.0-255,5738,197333,53,371686
27940,0.039381,172.31.46.0-255,66,197399,53,371686
27941,0.041334,74.125.68.0-255,5738,203137,53,371686
27942,0.04134,172.31.46.0-255,66,203203,53,371686
27943,0.043302,74.125.68.0-255,5738,208941,53,371686
27944,0.043308,172.31.46.0-255,66,209007,53,371686
27945,0.043432,172.31.46.0-255,101,209108,53,371686
27946,0.045313,74.125.68.0-255,5738,214846,53,371686
27947,0.045324,172.31.46.0-255,66,214912,53,371686
27948,0.045355,74.125.68.0-255,66,214978,53,371686
27949,0.047291,74.125.68.0-255,5738,220716,53,371686
27950,0.047305,172.31.46.0-255,66,220782,53,371686
27951,0.049273,74.125.68.0-255,5738,226520,53,371686
27952,0.049284,172.31.46.0-255,66,226586,53,371686
27953,0.051248,74.125.68.0-255,5738,232324,53,371686
27954,0.051258,172.31.46.0-255,66,232390,53,371686
27955,0.053232,74.125.68.0-255,5738,238128,53,371686
27956,0.053244,172.31.46.0-255,66,238194,53,371686
27957,0.055202,74.125.68.0-255,5738,243932,53,371686
27958,0.055214,172.31.46.0-255,66,243998,53,371686
27959,0.05718,74.125.68.0-255,5738,249736,53,371686
27960,0.057189,172.31.46.0-255,66,249802,53,371686
27961,0.059168,74.125.68.0-255,5738,255540,53,371686
27962,0.059182,172.31.46.0-255,66,255606,53,371686
27963,0.061167,74.125.68.0-255,5738,261344,53,371686
27964,0.061177,172.31.46.0-255,66,261410,53,371686
27965,0.063133,74.125.68.0-255,5738,267148,53,371686
27966,0.063142,172.31.46.0-255,66,267214,53,371686
27967,0.065115,74.125.68.0-255,5738,272952,53,371686
27968,0.065125,172.31.46.0-255,66,273018,53,371686
27969,0.067079,74.125.68.0-255,5738,278756,53,371686
27970,0.067088,172.31.46.0-255,66,278822,53,371686
27971,0.069041,74.125.68.0-255,5738,284560,53,371686
27972,0.06905,172.31.46.0-255,66,284626,53,371686
27973,0.071024,74.125.68.0-255,5738,290364,53,371686
27974,0.07104,172.31.46.0-255,66,290430,53,371686
27975,0.07301,74.125.68.0-255,5738,296168,53,371686
27976,0.073017,172.31.46.0-255,66,296234,53,371686
27977,0.074978,74.125.68.0-255,5738,301972,53,371686
27978,0.074994,172.31.46.0-255,66,302038,53,371686
27979,0.076937,74.125.68.0-255,5738,307776,53,371686
27980,0.076947,172.31.46.0-255,66,307842,53,371686
27981,0.07891,74.125.68.0-255,5738,313580,53,371686
27982,0.078919,172.31.46.0-255,66,313646,53,371686
27983,0.080877,74.125.68.0-255,5738,319384,53,371686
27984,0.080886,172.31.46.0-255,66,319450,53,371686
27985,0.08285,74.125.68.0-255,5738,325188,53,371686
27986,0.082858,172.31.46.0-255,66,325254,53,371686
27987,0.084825,74.125.68.0-255,5738,330992,53,371686
27988,0.084838,172.31.46.0-255,66,331058,53,371686
27989,0.086809,74.125.68.0-255,5738,336796,53,371686
27990,0.086826,172.31.46.0-255,66,336862,53,371686
27991,0.088787,74.125.68.0-255,5738,342600,53,371686
27992,0.088803,172.31.46.0-255,66,342666,53,371686
27993,0.090776,74.125.68.0-255,5738,348404,53,371686
27994,0.090793,172.31.46.0-255,66,348470,53,371686
27995,0.09278,74.125.68.0-255,5738,354208,53,371686
27996,0.092797,172.31.46.0-255,66,354274,53,371686
27997,0.0948,74.125.68.0-255,5738,360012,53,371686
27998,0.094807,172.31.46.0-255,66,360078,53,371686
27999,0.096785,74.125.68.0-255,5738,365816,53,371686
28000,0.096795,172.31.46.0-255,66,365882,53,371686
28001,0.098747,74.125.68.0-255,5738,371620,53,371686
28002,0.09876,172.31.46.0-255,66,371686,53,371686
28003,0.0,172.217.194.0-255,146,146,53,206810
28004,2.1e-05,172.31.46.0-255,66,212,53,206810
28005,2.7e-05,172.217.194.0-255,1484,1696,53,206810
28006,3.1e-05,172.31.46.0-255,66,1762,53,206810
28007,3.6e-05,172.217.194.0-255,2902,4664,53,206810
28008,4.5e-05,172.31.46.0-255,66,4730,53,206810
28009,5.2e-05,172.217.194.0-255,7156,11886,53,206810
28010,5.5e-05,172.31.46.0-255,66,11952,53,206810
28011,5.8e-05,172.217.194.0-255,2139,14091,53,206810
28012,6.2e-05,172.31.46.0-255,66,14157,53,206810
28013,9.5e-05,172.217.194.0-255,1484,15641,53,206810
28014,9.7e-05,172.31.46.0-255,66,15707,53,206810
28015,0.000101,172.217.194.0-255,2902,18609,53,206810
28016,0.000104,172.31.46.0-255,66,18675,53,206810
28017,0.000113,172.217.194.0-255,5738,24413,53,206810
28018,0.000116,172.31.46.0-255,66,24479,53,206810
28019,0.000137,172.217.194.0-255,1484,25963,53,206810
28020,0.000139,172.31.46.0-255,66,26029,53,206810
28021,0.000169,172.217.194.0-255,5379,31408,53,206810
28022,0.000171,172.31.46.0-255,66,31474,53,206810
28023,0.000261,172.217.194.0-255,1484,32958,53,206810
28024,0.000264,172.31.46.0-255,66,33024,53,206810
28025,0.000287,172.217.194.0-255,2902,35926,53,206810
28026,0.000289,172.31.46.0-255,66,35992,53,206810
28027,0.000323,172.217.194.0-255,5738,41730,53,206810
28028,0.000326,172.31.46.0-255,66,41796,53,206810
28029,0.000332,172.217.194.0-255,6797,48593,53,206810
28030,0.000334,172.31.46.0-255,66,48659,53,206810
28031,0.000352,172.31.46.0-255,66,48725,53,206810
28032,0.000356,172.217.194.0-255,2794,51519,53,206810
28033,0.000358,172.31.46.0-255,66,51585,53,206810
28034,0.000361,172.217.194.0-255,119,51704,53,206810
28035,0.000399,172.217.194.0-255,382,52086,53,206810
28036,0.000651,172.217.194.0-255,1484,53570,53,206810
28037,0.000656,172.31.46.0-255,66,53636,53,206810
28038,0.000672,172.217.194.0-255,2902,56538,53,206810
28039,0.000675,172.31.46.0-255,66,56604,53,206810
28040,0.00068,172.217.194.0-255,4320,60924,53,206810
28041,0.000682,172.31.46.0-255,66,60990,53,206810
28042,0.000695,172.217.194.0-255,1484,62474,53,206810
28043,0.000708,172.31.46.0-255,66,62540,53,206810
28044,0.00075,172.217.194.0-255,4320,66860,53,206810
28045,0.000753,172.31.46.0-255,66,66926,53,206810
28046,0.000783,172.217.194.0-255,6438,73364,53,206810
28047,0.000786,172.31.46.0-255,66,73430,53,206810
28048,0.00118,172.217.194.0-255,1484,74914,53,206810
28049,0.001186,172.217.194.0-255,2902,77816,53,206810
28050,0.001189,172.31.46.0-255,66,77882,53,206810
28051,0.001218,172.217.194.0-255,5738,83620,53,206810
28052,0.00122,172.31.46.0-255,66,83686,53,206810
28053,0.001225,172.217.194.0-255,4320,88006,53,206810
28054,0.001226,172.31.46.0-255,66,88072,53,206810
28055,0.00126,172.31.46.0-255,66,88138,53,206810
28056,0.001263,172.217.194.0-255,1484,89622,53,206810
28057,0.001298,172.31.46.0-255,66,89688,53,206810
28058,0.001326,172.217.194.0-255,4320,94008,53,206810
28059,0.001329,172.31.46.0-255,66,94074,53,206810
28060,0.00136,172.217.194.0-255,5738,99812,53,206810
28061,0.001362,172.31.46.0-255,66,99878,53,206810
28062,0.001378,172.31.46.0-255,66,99944,53,206810
28063,0.001409,172.31.46.0-255,66,100010,53,206810
28064,0.001444,172.217.194.0-255,2902,102912,53,206810
28065,0.001446,172.31.46.0-255,66,102978,53,206810
28066,0.001475,172.217.194.0-255,5738,108716,53,206810
28067,0.001477,172.31.46.0-255,66,108782,53,206810
28068,0.001487,172.31.46.0-255,66,108848,53,206810
28069,0.001498,172.31.46.0-255,66,108914,53,206810
28070,0.001529,172.217.194.0-255,3602,112516,53,206810
28071,0.001532,172.31.46.0-255,66,112582,53,206810
28072,0.001545,172.31.46.0-255,66,112648,53,206810
28073,0.001555,172.217.194.0-255,7156,119804,53,206810
28074,0.001557,172.31.46.0-255,66,119870,53,206810
28075,0.001569,172.217.194.0-255,5738,125608,53,206810
28076,0.001571,172.31.46.0-255,66,125674,53,206810
28077,0.001574,172.217.194.0-255,1484,127158,53,206810
28078,0.001597,172.217.194.0-255,3602,130760,53,206810
28079,0.001599,172.31.46.0-255,66,130826,53,206810
28080,0.001622,172.217.194.0-255,1484,132310,53,206810
28081,0.001635,172.217.194.0-255,2902,135212,53,206810
28082,0.001638,172.31.46.0-255,66,135278,53,206810
28083,0.001643,172.217.194.0-255,5738,141016,53,206810
28084,0.001645,172.31.46.0-255,66,141082,53,206810
28085,0.001695,172.217.194.0-255,2902,143984,53,206810
28086,0.001698,172.31.46.0-255,66,144050,53,206810
28087,0.001741,172.31.46.0-255,66,144116,53,206810
28088,0.001744,172.217.194.0-255,1484,145600,53,206810
28089,0.00175,172.217.194.0-255,5738,151338,53,206810
28090,0.001752,172.31.46.0-255,66,151404,53,206810
28091,0.00177,172.217.194.0-255,3602,155006,53,206810
28092,0.001772,172.31.46.0-255,66,155072,53,206810
28093,0.001793,172.217.194.0-255,1484,156556,53,206810
28094,0.001797,172.217.194.0-255,2902,159458,53,206810
28095,0.001799,172.31.46.0-255,66,159524,53,206810
28096,0.001802,172.217.194.0-255,1484,161008,53,206810
28097,0.001826,172.217.194.0-255,4320,165328,53,206810
28098,0.001828,172.31.46.0-255,66,165394,53,206810
28099,0.001838,172.31.46.0-255,66,165460,53,206810
28100,0.001879,172.217.194.0-255,1484,166944,53,206810
28101,0.001906,172.31.46.0-255,66,167010,53,206810
28102,0.002134,172.217.194.0-255,1484,168494,53,206810
28103,0.002139,172.217.194.0-255,2902,171396,53,206810
28104,0.002141,172.31.46.0-255,66,171462,53,206810
28105,0.002175,172.217.194.0-255,5738,177200,53,206810
28106,0.002178,172.31.46.0-255,66,177266,53,206810
28107,0.002203,172.31.46.0-255,66,177332,53,206810
28108,0.002227,172.217.194.0-255,2902,180234,53,206810
28109,0.002229,172.31.46.0-255,66,180300,53,206810
28110,0.002232,172.217.194.0-255,1484,181784,53,206810
28111,0.002236,172.217.194.0-255,2902,184686,53,206810
28112,0.002238,172.31.46.0-255,66,184752,53,206810
28113,0.002263,172.217.194.0-255,6438,191190,53,206810
28114,0.002265,172.31.46.0-255,66,191256,53,206810
28115,0.002278,172.31.46.0-255,66,191322,53,206810
28116,0.002312,172.31.46.0-255,66,191388,53,206810
28117,0.002343,172.217.194.0-255,2902,194290,53,206810
28118,0.002346,172.31.46.0-255,66,194356,53,206810
28119,0.002383,172.31.46.0-255,66,194422,53,206810
28120,0.002408,172.217.194.0-255,2184,196606,53,206810
28121,0.002411,172.31.46.0-255,66,196672,53,206810
28122,0.002414,172.217.194.0-255,1484,198156,53,206810
28123,0.002418,172.217.194.0-255,2902,201058,53,206810
28124,0.00242,172.31.46.0-255,66,201124,53,206810
28125,0.002456,172.31.46.0-255,66,201190,53,206810
28126,0.00247,172.217.194.0-255,105,201295,53,206810
28127,0.004287,172.31.46.0-255,66,201361,53,206810
28128,0.004325,172.31.46.0-255,105,201466,53,206810
28129,0.006848,172.217.194.0-255,66,201532,53,206810
28130,0.03359,172.31.46.0-255,172,201704,53,206810
28131,0.033624,172.31.46.0-255,1112,202816,53,206810
28132,0.033687,172.31.46.0-255,1514,204330,53,206810
28133,0.033689,172.31.46.0-255,1514,205844,53,206810
28134,0.033713,172.31.46.0-255,702,206546,53,206810
28135,0.035173,104.244.42.0-255,66,206612,53,206810
28136,0.035182,104.244.42.0-255,66,206678,53,206810
28137,0.035256,104.244.42.0-255,66,206744,53,206810
28138,0.03526,104.244.42.0-255,66,206810,53,206810
28139,0.0,172.217.194.0-255,147,147,53,228789
28140,2.4e-05,172.31.46.0-255,66,213,53,228789
28141,3.1e-05,172.217.194.0-255,1484,1697,53,228789
28142,3.5e-05,172.31.46.0-255,66,1763,53,228789
28143,4.1e-05,172.217.194.0-255,2902,4665,53,228789
28144,4.5e-05,172.31.46.0-255,66,4731,53,228789
28145,5.3e-05,172.217.194.0-255,7156,11887,53,228789
28146,5.6e-05,172.31.46.0-255,66,11953,53,228789
28147,6.2e-05,172.217.194.0-255,4888,16841,53,228789
28148,6.5e-05,172.31.46.0-255,66,16907,53,228789
28149,0.000107,172.31.46.0-255,66,16973,53,228789
28150,0.000147,172.31.46.0-255,66,17039,53,228789
28151,0.000169,172.217.194.0-255,5738,22777,53,228789
28152,0.000172,172.31.46.0-255,66,22843,53,228789
28153,0.000176,172.217.194.0-255,2543,25386,53,228789
28154,0.000179,172.31.46.0-255,66,25452,53,228789
28155,0.000195,172.217.194.0-255,1484,26936,53,228789
28156,0.000198,172.31.46.0-255,66,27002,53,228789
28157,0.000202,172.217.194.0-255,2902,29904,53,228789
28158,0.000205,172.31.46.0-255,66,29970,53,228789
28159,0.000233,172.217.194.0-255,5738,35708,53,228789
28160,0.000236,172.31.46.0-255,66,35774,53,228789
28161,0.000278,172.217.194.0-255,4320,40094,53,228789
28162,0.00028,172.31.46.0-255,66,40160,53,228789
28163,0.000301,172.217.194.0-255,2857,43017,53,228789
28164,0.000303,172.31.46.0-255,66,43083,53,228789
28165,0.000306,172.217.194.0-255,394,43477,53,228789
28166,0.000308,172.31.46.0-255,66,43543,53,228789
28167,0.000355,172.217.194.0-255,1484,45027,53,228789
28168,0.000358,172.31.46.0-255,66,45093,53,228789
28169,0.000364,172.217.194.0-255,2902,47995,53,228789
28170,0.000366,172.31.46.0-255,66,48061,53,228789
28171,0.000369,172.217.194.0-255,1484,49545,53,228789
28172,0.000384,172.217.194.0-255,2902,52447,53,228789
28173,0.000387,172.31.46.0-255,66,52513,53,228789
28174,0.000414,172.217.194.0-255,1484,53997,53,228789
28175,0.000422,172.217.194.0-255,6797,60794,53,228789
28176,0.000425,172.31.46.0-255,66,60860,53,228789
28177,0.000432,172.217.194.0-255,7156,68016,53,228789
28178,0.000435,172.31.46.0-255,66,68082,53,228789
28179,0.00045,172.217.194.0-255,4320,72402,53,228789
28180,0.000453,172.31.46.0-255,66,72468,53,228789
28181,0.000471,172.217.194.0-255,5379,77847,53,228789
28182,0.000474,172.31.46.0-255,66,77913,53,228789
28183,0.000897,172.217.194.0-255,1484,79397,53,228789
28184,0.000904,172.217.194.0-255,2902,82299,53,228789
28185,0.000908,172.31.46.0-255,66,82365,53,228789
28186,0.000932,172.217.194.0-255,5738,88103,53,228789
28187,0.000935,172.31.46.0-255,66,88169,53,228789
28188,0.000964,172.31.46.0-255,66,88235,53,228789
28189,0.000985,172.217.194.0-255,1484,89719,53,228789
28190,0.000993,172.217.194.0-255,5738,95457,53,228789
28191,0.000996,172.31.46.0-255,66,95523,53,228789
28192,0.001017,172.217.194.0-255,5020,100543,53,228789
28193,0.00102,172.31.46.0-255,66,100609,53,228789
28194,0.001104,172.217.194.0-255,1484,102093,53,228789
28195,0.00111,172.217.194.0-255,2902,104995,53,228789
28196,0.001113,172.31.46.0-255,66,105061,53,228789
28197,0.00112,172.217.194.0-255,5738,110799,53,228789
28198,0.001122,172.31.46.0-255,66,110865,53,228789
28199,0.001128,172.217.194.0-255,4320,115185,53,228789
28200,0.00113,172.31.46.0-255,66,115251,53,228789
28201,0.001136,172.217.194.0-255,5738,120989,53,228789
28202,0.001138,172.31.46.0-255,66,121055,53,228789
28203,0.00116,172.217.194.0-255,5738,126793,53,228789
28204,0.001162,172.31.46.0-255,66,126859,53,228789
28205,0.001168,172.217.194.0-255,4320,131179,53,228789
28206,0.00117,172.31.46.0-255,66,131245,53,228789
28207,0.001183,172.217.194.0-255,3602,134847,53,228789
28208,0.001186,172.31.46.0-255,66,134913,53,228789
28209,0.001223,172.217.194.0-255,1484,136397,53,228789
28210,0.001227,172.217.194.0-255,1484,137881,53,228789
28211,0.001229,172.31.46.0-255,66,137947,53,228789
28212,0.001247,172.217.194.0-255,1484,139431,53,228789
28213,0.001254,172.217.194.0-255,5738,145169,53,228789
28214,0.001256,172.31.46.0-255,66,145235,53,228789
28215,0.001283,172.31.46.0-255,66,145301,53,228789
28216,0.001291,172.217.194.0-255,2902,148203,53,228789
28217,0.001293,172.31.46.0-255,66,148269,53,228789
28218,0.001296,172.217.194.0-255,1484,149753,53,228789
28219,0.00134,172.217.194.0-255,7156,156909,53,228789
28220,0.001345,172.31.46.0-255,66,156975,53,228789
28221,0.001365,172.31.46.0-255,66,157041,53,228789
28222,0.001376,172.31.46.0-255,66,157107,53,228789
28223,0.001404,172.217.194.0-255,5738,162845,53,228789
28224,0.001406,172.31.46.0-255,66,162911,53,228789
28225,0.001413,172.217.194.0-255,7156,170067,53,228789
28226,0.001414,172.31.46.0-255,66,170133,53,228789
28227,0.001429,172.217.194.0-255,1484,171617,53,228789
28228,0.001481,172.31.46.0-255,66,171683,53,228789
28229,0.001496,172.217.194.0-255,3602,175285,53,228789
28230,0.001498,172.31.46.0-255,66,175351,53,228789
28231,0.001515,172.31.46.0-255,66,175417,53,228789
28232,0.001521,172.217.194.0-255,5020,180437,53,228789
28233,0.001523,172.31.46.0-255,66,180503,53,228789
28234,0.00156,172.217.194.0-255,1484,181987,53,228789
28235,0.001565,172.217.194.0-255,2902,184889,53,228789
28236,0.001567,172.31.46.0-255,66,184955,53,228789
28237,0.00157,172.217.194.0-255,1484,186439,53,228789
28238,0.001592,172.217.194.0-255,4320,190759,53,228789
28239,0.001595,172.31.46.0-255,66,190825,53,228789
28240,0.001606,172.31.46.0-255,66,190891,53,228789
28241,0.001627,172.217.194.0-255,2902,193793,53,228789
28242,0.001629,172.31.46.0-255,66,193859,53,228789
28243,0.001634,172.217.194.0-255,2902,196761,53,228789
28244,0.001637,172.31.46.0-255,66,196827,53,228789
28245,0.00166,172.31.46.0-255,66,196893,53,228789
28246,0.001682,172.217.194.0-255,1484,198377,53,228789
28247,0.001706,172.31.46.0-255,66,198443,53,228789
28248,0.001719,172.31.46.0-255,66,198509,53,228789
28249,0.00174,172.217.194.0-255,1484,199993,53,228789
28250,0.001771,172.31.46.0-255,66,200059,53,228789
28251,0.001799,172.217.194.0-255,4320,204379,53,228789
28252,0.001802,172.31.46.0-255,66,204445,53,228789
28253,0.00182,172.217.194.0-255,2902,207347,53,228789
28254,0.001841,172.31.46.0-255,66,207413,53,228789
28255,0.001845,172.31.46.0-255,66,207479,53,228789
28256,0.001852,172.31.46.0-255,66,207545,53,228789
28257,0.001859,172.217.194.0-255,5738,213283,53,228789
28258,0.001861,172.31.46.0-255,66,213349,53,228789
28259,0.001865,172.217.194.0-255,2184,215533,53,228789
28260,0.001868,172.31.46.0-255,66,215599,53,228789
28261,0.001889,172.217.194.0-255,7156,222755,53,228789
28262,0.001891,172.31.46.0-255,66,222821,53,228789
28263,0.001932,172.31.46.0-255,66,222887,53,228789
28264,0.001935,172.217.194.0-255,97,222984,53,228789
28265,0.001937,172.217.194.0-255,105,223089,53,228789
28266,0.010014,172.31.46.0-255,66,223155,53,228789
28267,0.010053,172.31.46.0-255,105,223260,53,228789
28268,0.011357,172.217.194.0-255,105,223365,53,228789
28269,0.011368,172.31.46.0-255,78,223443,53,228789
28270,0.012337,172.217.194.0-255,66,223509,53,228789
28271,0.033385,172.31.46.0-255,172,223681,53,228789
28272,0.033414,172.31.46.0-255,1112,224793,53,228789
28273,0.033479,172.31.46.0-255,1514,226307,53,228789
28274,0.033481,172.31.46.0-255,1514,227821,53,228789
28275,0.033505,172.31.46.0-255,704,228525,53,228789
28276,0.034864,104.244.42.0-255,66,228591,53,228789
28277,0.034895,104.244.42.0-255,66,228657,53,228789
28278,0.034972,104.244.42.0-255,66,228723,53,228789
28279,0.034987,104.244.42.0-255,66,228789,53,228789
28280,0.0,172.217.194.0-255,150,150,53,295261
28281,2.3e-05,172.31.46.0-255,66,216,53,295261
28282,3e-05,172.217.194.0-255,1484,1700,53,295261
28283,3.5e-05,172.31.46.0-255,66,1766,53,295261
28284,4.1e-05,172.217.194.0-255,2902,4668,53,295261
28285,4.4e-05,172.31.46.0-255,66,4734,53,295261
28286,5.2e-05,172.217.194.0-255,7156,11890,53,295261
28287,5.5e-05,172.31.46.0-255,66,11956,53,295261
28288,6.1e-05,172.217.194.0-255,4320,16276,53,295261
28289,6.4e-05,172.31.46.0-255,66,16342,53,295261
28290,9.2e-05,172.217.194.0-255,3484,19826,53,295261
28291,9.5e-05,172.31.46.0-255,66,19892,53,295261
28292,0.000116,172.217.194.0-255,5738,25630,53,295261
28293,0.000119,172.31.46.0-255,66,25696,53,295261
28294,0.000144,172.217.194.0-255,5379,31075,53,295261
28295,0.000147,172.31.46.0-255,66,31141,53,295261
28296,0.000194,172.217.194.0-255,1484,32625,53,295261
28297,0.000197,172.31.46.0-255,66,32691,53,295261
28298,0.000201,172.217.194.0-255,2902,35593,53,295261
28299,0.000204,172.31.46.0-255,66,35659,53,295261
28300,0.000224,172.217.194.0-255,5738,41397,53,295261
28301,0.000227,172.31.46.0-255,66,41463,53,295261
28302,0.000232,172.217.194.0-255,4320,45783,53,295261
28303,0.000235,172.31.46.0-255,66,45849,53,295261
28304,0.00028,172.31.46.0-255,66,45915,53,295261
28305,0.000288,172.217.194.0-255,7087,53002,53,295261
28306,0.00029,172.31.46.0-255,66,53068,53,295261
28307,0.000713,172.217.194.0-255,365,53433,53,295261
28308,0.000719,172.31.46.0-255,66,53499,53,295261
28309,0.000813,172.217.194.0-255,1484,54983,53,295261
28310,0.000816,172.31.46.0-255,66,55049,53,295261
28311,0.000822,172.217.194.0-255,2902,57951,53,295261
28312,0.000825,172.31.46.0-255,66,58017,53,295261
28313,0.000853,172.217.194.0-255,5738,63755,53,295261
28314,0.000856,172.31.46.0-255,66,63821,53,295261
28315,0.000863,172.217.194.0-255,6797,70618,53,295261
28316,0.000866,172.31.46.0-255,66,70684,53,295261
28317,0.000904,172.31.46.0-255,66,70750,53,295261
28318,0.000908,172.217.194.0-255,2543,73293,53,295261
28319,0.000911,172.31.46.0-255,66,73359,53,295261
28320,0.001027,172.217.194.0-255,1484,74843,53,295261
28321,0.001035,172.217.194.0-255,2902,77745,53,295261
28322,0.001037,172.31.46.0-255,66,77811,53,295261
28323,0.001041,172.217.194.0-255,1484,79295,53,295261
28324,0.001057,172.217.194.0-255,4320,83615,53,295261
28325,0.001059,172.31.46.0-255,66,83681,53,295261
28326,0.001065,172.217.194.0-255,4320,88001,53,295261
28327,0.001067,172.31.46.0-255,66,88067,53,295261
28328,0.00111,172.31.46.0-255,66,88133,53,295261
28329,0.00112,172.31.46.0-255,66,88199,53,295261
28330,0.001439,172.217.194.0-255,1484,89683,53,295261
28331,0.001444,172.217.194.0-255,1484,91167,53,295261
28332,0.001447,172.31.46.0-255,66,91233,53,295261
28333,0.001463,172.217.194.0-255,1484,92717,53,295261
28334,0.001479,172.217.194.0-255,2902,95619,53,295261
28335,0.001482,172.31.46.0-255,66,95685,53,295261
28336,0.001499,172.217.194.0-255,2902,98587,53,295261
28337,0.001502,172.31.46.0-255,66,98653,53,295261
28338,0.001515,172.31.46.0-255,66,98719,53,295261
28339,0.001522,172.217.194.0-255,5738,104457,53,295261
28340,0.001524,172.31.46.0-255,66,104523,53,295261
28341,0.00155,172.217.194.0-255,5020,109543,53,295261
28342,0.001552,172.31.46.0-255,66,109609,53,295261
28343,0.001576,172.217.194.0-255,5738,115347,53,295261
28344,0.001579,172.31.46.0-255,66,115413,53,295261
28345,0.001586,172.217.194.0-255,7156,122569,53,295261
28346,0.001588,172.31.46.0-255,66,122635,53,295261
28347,0.001616,172.31.46.0-255,66,122701,53,295261
28348,0.001623,172.217.194.0-255,6438,129139,53,295261
28349,0.001626,172.31.46.0-255,66,129205,53,295261
28350,0.001701,172.217.194.0-255,1484,130689,53,295261
28351,0.001706,172.217.194.0-255,2902,133591,53,295261
28352,0.00171,172.31.46.0-255,66,133657,53,295261
28353,0.001735,172.217.194.0-255,5738,139395,53,295261
28354,0.001738,172.31.46.0-255,66,139461,53,295261
28355,0.001784,172.31.46.0-255,66,139527,53,295261
28356,0.001795,172.31.46.0-255,66,139593,53,295261
28357,0.001847,172.217.194.0-255,2184,141777,53,295261
28358,0.001849,172.31.46.0-255,66,141843,53,295261
28359,0.001906,172.217.194.0-255,1484,143327,53,295261
28360,0.00192,172.217.194.0-255,2902,146229,53,295261
28361,0.001923,172.31.46.0-255,66,146295,53,295261
28362,0.001948,172.217.194.0-255,5738,152033,53,295261
28363,0.00195,172.31.46.0-255,66,152099,53,295261
28364,0.001956,172.217.194.0-255,4320,156419,53,295261
28365,0.001958,172.31.46.0-255,66,156485,53,295261
28366,0.001984,172.31.46.0-255,66,156551,53,295261
28367,0.00199,172.217.194.0-255,4320,160871,53,295261
28368,0.001992,172.31.46.0-255,66,160937,53,295261
28369,0.002013,172.217.194.0-255,6438,167375,53,295261
28370,0.002016,172.31.46.0-255,66,167441,53,295261
28371,0.002052,172.217.194.0-255,1484,168925,53,295261
28372,0.004138,172.217.194.0-255,4320,173245,53,295261
28373,0.004147,172.31.46.0-255,66,173311,53,295261
28374,0.006187,172.217.194.0-255,5738,179049,53,295261
28375,0.006195,172.31.46.0-255,66,179115,53,295261
28376,0.008287,172.217.194.0-255,5738,184853,53,295261
28377,0.008291,172.31.46.0-255,66,184919,53,295261
28378,0.010353,172.217.194.0-255,5738,190657,53,295261
28379,0.010361,172.31.46.0-255,66,190723,53,295261
28380,0.012409,172.217.194.0-255,5738,196461,53,295261
28381,0.01242,172.31.46.0-255,66,196527,53,295261
28382,0.014477,172.217.194.0-255,5738,202265,53,295261
28383,0.014493,172.31.46.0-255,66,202331,53,295261
28384,0.01656,172.217.194.0-255,5738,208069,53,295261
28385,0.016572,172.31.46.0-255,66,208135,53,295261
28386,0.018653,172.217.194.0-255,5738,213873,53,295261
28387,0.018667,172.31.46.0-255,66,213939,53,295261
28388,0.020713,172.217.194.0-255,5738,219677,53,295261
28389,0.020728,172.31.46.0-255,66,219743,53,295261
28390,0.022786,172.217.194.0-255,5738,225481,53,295261
28391,0.022794,172.31.46.0-255,66,225547,53,295261
28392,0.02483,172.217.194.0-255,5738,231285,53,295261
28393,0.024838,172.31.46.0-255,66,231351,53,295261
28394,0.026906,172.217.194.0-255,5738,237089,53,295261
28395,0.026919,172.31.46.0-255,66,237155,53,295261
28396,0.028975,172.217.194.0-255,5738,242893,53,295261
28397,0.028982,172.31.46.0-255,66,242959,53,295261
28398,0.031027,172.217.194.0-255,5738,248697,53,295261
28399,0.031035,172.31.46.0-255,66,248763,53,295261
28400,0.033051,172.217.194.0-255,5738,254501,53,295261
28401,0.033058,172.31.46.0-255,66,254567,53,295261
28402,0.035081,172.217.194.0-255,5738,260305,53,295261
28403,0.035088,172.31.46.0-255,66,260371,53,295261
28404,0.037132,172.217.194.0-255,5738,266109,53,295261
28405,0.037143,172.31.46.0-255,66,266175,53,295261
28406,0.038899,172.31.46.0-255,172,266347,53,295261
28407,0.038931,172.31.46.0-255,1112,267459,53,295261
28408,0.038991,172.31.46.0-255,1514,268973,53,295261
28409,0.038993,172.31.46.0-255,1514,270487,53,295261
28410,0.039015,172.31.46.0-255,702,271189,53,295261
28411,0.039182,172.217.194.0-255,5738,276927,53,295261
28412,0.039189,172.31.46.0-255,66,276993,53,295261
28413,0.040419,104.244.42.0-255,66,277059,53,295261
28414,0.04045,104.244.42.0-255,66,277125,53,295261
28415,0.040533,104.244.42.0-255,66,277191,53,295261
28416,0.040556,104.244.42.0-255,66,277257,53,295261
28417,0.041235,172.217.194.0-255,5738,282995,53,295261
28418,0.041244,172.31.46.0-255,66,283061,53,295261
28419,0.043291,172.217.194.0-255,5738,288799,53,295261
28420,0.043299,172.31.46.0-255,66,288865,53,295261
28421,0.04532,172.217.194.0-255,5738,294603,53,295261
28422,0.045325,172.31.46.0-255,66,294669,53,295261
28423,0.04734,172.217.194.0-255,355,295024,53,295261
28424,0.047627,172.31.46.0-255,66,295090,53,295261
28425,0.047668,172.31.46.0-255,105,295195,53,295261
28426,0.049646,172.217.194.0-255,66,295261,53,295261
28427,0.0,74.125.130.0-255,156,156,53,350928
28428,2.3e-05,172.31.46.0-255,66,222,53,350928
28429,3.1e-05,74.125.130.0-255,1484,1706,53,350928
28430,3.5e-05,172.31.46.0-255,66,1772,53,350928
28431,4e-05,74.125.130.0-255,2902,4674,53,350928
28432,4.3e-05,172.31.46.0-255,66,4740,53,350928
28433,4.7e-05,74.125.130.0-255,1484,6224,53,350928
28434,5e-05,172.31.46.0-255,66,6290,53,350928
28435,5.8e-05,74.125.130.0-255,5738,12028,53,350928
28436,6.1e-05,172.31.46.0-255,66,12094,53,350928
28437,8.9e-05,74.125.130.0-255,4320,16414,53,350928
28438,9.3e-05,172.31.46.0-255,66,16480,53,350928
28439,0.000113,74.125.130.0-255,3463,19943,53,350928
28440,0.000115,172.31.46.0-255,66,20009,53,350928
28441,0.000172,74.125.130.0-255,2902,22911,53,350928
28442,0.000175,172.31.46.0-255,66,22977,53,350928
28443,0.000191,74.125.130.0-255,5738,28715,53,350928
28444,0.000194,172.31.46.0-255,66,28781,53,350928
28445,0.000236,74.125.130.0-255,2543,31324,53,350928
28446,0.000239,172.31.46.0-255,66,31390,53,350928
28447,0.000255,74.125.130.0-255,1484,32874,53,350928
28448,0.000258,172.31.46.0-255,66,32940,53,350928
28449,0.000275,74.125.130.0-255,1484,34424,53,350928
28450,0.000277,172.31.46.0-255,66,34490,53,350928
28451,0.000282,74.125.130.0-255,2902,37392,53,350928
28452,0.000284,172.31.46.0-255,66,37458,53,350928
28453,0.000303,74.125.130.0-255,4320,41778,53,350928
28454,0.000305,172.31.46.0-255,66,41844,53,350928
28455,0.00036,74.125.130.0-255,6797,48641,53,350928
28456,0.000363,172.31.46.0-255,66,48707,53,350928
28457,0.001466,74.125.130.0-255,1484,50191,53,350928
28458,0.001473,172.31.46.0-255,66,50257,53,350928
28459,0.001483,74.125.130.0-255,2902,53159,53,350928
28460,0.001486,172.31.46.0-255,66,53225,53,350928
28461,0.001492,74.125.130.0-255,4320,57545,53,350928
28462,0.001494,172.31.46.0-255,66,57611,53,350928
28463,0.001535,74.125.130.0-255,2902,60513,53,350928
28464,0.001538,172.31.46.0-255,66,60579,53,350928
28465,0.001563,74.125.130.0-255,6797,67376,53,350928
28466,0.001565,172.31.46.0-255,66,67442,53,350928
28467,0.001613,74.125.130.0-255,4320,71762,53,350928
28468,0.001615,172.31.46.0-255,66,71828,53,350928
28469,0.001636,74.125.130.0-255,5738,77566,53,350928
28470,0.001639,172.31.46.0-255,66,77632,53,350928
28471,0.001704,74.125.130.0-255,1484,79116,53,350928
28472,0.001737,172.31.46.0-255,66,79182,53,350928
28473,0.001803,74.125.130.0-255,1484,80666,53,350928
28474,0.001834,172.31.46.0-255,66,80732,53,350928
28475,0.001907,74.125.130.0-255,4900,85632,53,350928
28476,0.001911,172.31.46.0-255,66,85698,53,350928
28477,0.001948,74.125.130.0-255,1484,87182,53,350928
28478,0.001977,172.31.46.0-255,66,87248,53,350928
28479,0.001995,74.125.130.0-255,3297,90545,53,350928
28480,0.001998,172.31.46.0-255,66,90611,53,350928
28481,0.002103,74.125.130.0-255,2902,93513,53,350928
28482,0.002106,172.31.46.0-255,66,93579,53,350928
28483,0.002119,74.125.130.0-255,1484,95063,53,350928
28484,0.002138,74.125.130.0-255,1484,96547,53,350928
28485,0.00214,172.31.46.0-255,66,96613,53,350928
28486,0.002164,74.125.130.0-255,6074,102687,53,350928
28487,0.002166,172.31.46.0-255,66,102753,53,350928
28488,0.002215,74.125.130.0-255,4320,107073,53,350928
28489,0.002218,172.31.46.0-255,66,107139,53,350928
28490,0.002248,172.31.46.0-255,66,107205,53,350928
28491,0.002341,74.125.130.0-255,5738,112943,53,350928
28492,0.002344,172.31.46.0-255,66,113009,53,350928
28493,0.00237,172.31.46.0-255,66,113075,53,350928
28494,0.002471,74.125.130.0-255,2902,115977,53,350928
28495,0.002473,172.31.46.0-255,66,116043,53,350928
28496,0.00249,74.125.130.0-255,2184,118227,53,350928
28497,0.002493,172.31.46.0-255,66,118293,53,350928
28498,0.004692,74.125.130.0-255,4320,122613,53,350928
28499,0.004695,172.31.46.0-255,66,122679,53,350928
28500,0.004712,74.125.130.0-255,1484,124163,53,350928
28501,0.006908,74.125.130.0-255,4320,128483,53,350928
28502,0.006916,172.31.46.0-255,66,128549,53,350928
28503,0.009142,74.125.130.0-255,5738,134287,53,350928
28504,0.009149,172.31.46.0-255,66,134353,53,350928
28505,0.011375,74.125.130.0-255,5738,140091,53,350928
28506,0.011383,172.31.46.0-255,66,140157,53,350928
28507,0.013618,74.125.130.0-255,5738,145895,53,350928
28508,0.013626,172.31.46.0-255,66,145961,53,350928
28509,0.01586,74.125.130.0-255,5738,151699,53,350928
28510,0.015871,172.31.46.0-255,66,151765,53,350928
28511,0.01814,74.125.130.0-255,5738,157503,53,350928
28512,0.018149,172.31.46.0-255,66,157569,53,350928
28513,0.020374,74.125.130.0-255,5738,163307,53,350928
28514,0.020383,172.31.46.0-255,66,163373,53,350928
28515,0.022605,74.125.130.0-255,5738,169111,53,350928
28516,0.022614,172.31.46.0-255,66,169177,53,350928
28517,0.02484,74.125.130.0-255,5738,174915,53,350928
28518,0.024847,172.31.46.0-255,66,174981,53,350928
28519,0.027079,74.125.130.0-255,5738,180719,53,350928
28520,0.027087,172.31.46.0-255,66,180785,53,350928
28521,0.029102,172.31.46.0-255,188,180973,53,350928
28522,0.029134,172.31.46.0-255,953,181926,53,350928
28523,0.029188,172.31.46.0-255,1514,183440,53,350928
28524,0.02919,172.31.46.0-255,1450,184890,53,350928
28525,0.029335,74.125.130.0-255,5738,190628,53,350928
28526,0.029341,172.31.46.0-255,66,190694,53,350928
28527,0.030637,104.244.42.0-255,66,190760,53,350928
28528,0.030677,104.244.42.0-255,66,190826,53,350928
28529,0.030788,104.244.42.0-255,66,190892,53,350928
28530,0.031533,104.244.42.0-255,108,191000,53,350928
28531,0.031541,172.31.46.0-255,66,191066,53,350928
28532,0.031564,74.125.130.0-255,5738,196804,53,350928
28533,0.031568,172.31.46.0-255,66,196870,53,350928
28534,0.033797,74.125.130.0-255,5738,202608,53,350928
28535,0.033804,172.31.46.0-255,66,202674,53,350928
28536,0.036036,74.125.130.0-255,5738,208412,53,350928
28537,0.036042,172.31.46.0-255,66,208478,53,350928
28538,0.038272,74.125.130.0-255,5738,214216,53,350928
28539,0.038279,172.31.46.0-255,66,214282,53,350928
28540,0.040514,74.125.130.0-255,5738,220020,53,350928
28541,0.040521,172.31.46.0-255,66,220086,53,350928
28542,0.042754,74.125.130.0-255,5738,225824,53,350928
28543,0.042764,172.31.46.0-255,66,225890,53,350928
28544,0.044994,74.125.130.0-255,5738,231628,53,350928
28545,0.045001,172.31.46.0-255,66,231694,53,350928
28546,0.047244,74.125.130.0-255,5738,237432,53,350928
28547,0.047251,172.31.46.0-255,66,237498,53,350928
28548,0.049497,74.125.130.0-255,5738,243236,53,350928
28549,0.049504,172.31.46.0-255,66,243302,53,350928
28550,0.051726,74.125.130.0-255,5738,249040,53,350928
28551,0.051733,172.31.46.0-255,66,249106,53,350928
28552,0.053969,74.125.130.0-255,5738,254844,53,350928
28553,0.053976,172.31.46.0-255,66,254910,53,350928
28554,0.056217,74.125.130.0-255,5738,260648,53,350928
28555,0.056223,172.31.46.0-255,66,260714,53,350928
28556,0.058452,74.125.130.0-255,5738,266452,53,350928
28557,0.058458,172.31.46.0-255,66,266518,53,350928
28558,0.060691,74.125.130.0-255,5738,272256,53,350928
28559,0.060698,172.31.46.0-255,66,272322,53,350928
28560,0.062935,74.125.130.0-255,5738,278060,53,350928
28561,0.062943,172.31.46.0-255,66,278126,53,350928
28562,0.065178,74.125.130.0-255,5738,283864,53,350928
28563,0.065185,172.31.46.0-255,66,283930,53,350928
28564,0.067417,74.125.130.0-255,5738,289668,53,350928
28565,0.067423,172.31.46.0-255,66,289734,53,350928
28566,0.069664,74.125.130.0-255,5738,295472,53,350928
28567,0.069671,172.31.46.0-255,66,295538,53,350928
28568,0.071897,74.125.130.0-255,5738,301276,53,350928
28569,0.071904,172.31.46.0-255,66,301342,53,350928
28570,0.074127,74.125.130.0-255,5738,307080,53,350928
28571,0.074133,172.31.46.0-255,66,307146,53,350928
28572,0.07637,74.125.130.0-255,5738,312884,53,350928
28573,0.076376,172.31.46.0-255,66,312950,53,350928
28574,0.078591,74.125.130.0-255,2902,315852,53,350928
28575,0.078598,172.31.46.0-255,66,315918,53,350928
28576,0.078618,74.125.130.0-255,2902,318820,53,350928
28577,0.078622,172.31.46.0-255,66,318886,53,350928
28578,0.08083,74.125.130.0-255,5738,324624,53,350928
28579,0.080836,172.31.46.0-255,66,324690,53,350928
28580,0.083067,74.125.130.0-255,5738,330428,53,350928
28581,0.083074,172.31.46.0-255,66,330494,53,350928
28582,0.085311,74.125.130.0-255,5738,336232,53,350928
28583,0.085319,172.31.46.0-255,66,336298,53,350928
28584,0.087554,74.125.130.0-255,5738,342036,53,350928
28585,0.087562,172.31.46.0-255,66,342102,53,350928
28586,0.089799,74.125.130.0-255,5738,347840,53,350928
28587,0.089807,172.31.46.0-255,66,347906,53,350928
28588,0.092052,74.125.130.0-255,2785,350691,53,350928
28589,0.092059,172.31.46.0-255,66,350757,53,350928
28590,0.092276,172.31.46.0-255,105,350862,53,350928
28591,0.094458,74.125.130.0-255,66,350928,53,350928
28592,0.0,74.125.24.0-255,152,152,53,234019
28593,3.4e-05,172.31.46.0-255,66,218,53,234019
28594,4e-05,74.125.24.0-255,1484,1702,53,234019
28595,4.4e-05,172.31.46.0-255,66,1768,53,234019
28596,4.9e-05,74.125.24.0-255,2902,4670,53,234019
28597,5.1e-05,172.31.46.0-255,66,4736,53,234019
28598,6.6e-05,74.125.24.0-255,7156,11892,53,234019
28599,6.9e-05,172.31.46.0-255,66,11958,53,234019
28600,7.3e-05,74.125.24.0-255,2105,14063,53,234019
28601,7.5e-05,172.31.46.0-255,66,14129,53,234019
28602,0.000109,74.125.24.0-255,1484,15613,53,234019
28603,0.000112,172.31.46.0-255,66,15679,53,234019
28604,0.000141,74.125.24.0-255,2902,18581,53,234019
28605,0.000144,172.31.46.0-255,66,18647,53,234019
28606,0.000153,74.125.24.0-255,5738,24385,53,234019
28607,0.000162,172.31.46.0-255,66,24451,53,234019
28608,0.000167,74.125.24.0-255,4320,28771,53,234019
28609,0.000169,172.31.46.0-255,66,28837,53,234019
28610,0.000194,74.125.24.0-255,2543,31380,53,234019
28611,0.0002,172.31.46.0-255,66,31446,53,234019
28612,0.000295,74.125.24.0-255,1484,32930,53,234019
28613,0.000298,172.31.46.0-255,66,32996,53,234019
28614,0.000302,74.125.24.0-255,2902,35898,53,234019
28615,0.000305,172.31.46.0-255,66,35964,53,234019
28616,0.00031,74.125.24.0-255,4320,40284,53,234019
28617,0.000318,172.31.46.0-255,66,40350,53,234019
28618,0.00034,74.125.24.0-255,1484,41834,53,234019
28619,0.000344,172.31.46.0-255,66,41900,53,234019
28620,0.000358,172.31.46.0-255,66,41966,53,234019
28621,0.000382,74.125.24.0-255,2543,44509,53,234019
28622,0.000385,172.31.46.0-255,66,44575,53,234019
28623,0.000398,74.125.24.0-255,7156,51731,53,234019
28624,0.000404,74.125.24.0-255,2840,54571,53,234019
28625,0.00041,172.31.46.0-255,66,54637,53,234019
28626,0.000443,74.125.24.0-255,411,55048,53,234019
28627,0.000681,74.125.24.0-255,1484,56532,53,234019
28628,0.000685,172.31.46.0-255,66,56598,53,234019
28629,0.00069,74.125.24.0-255,2902,59500,53,234019
28630,0.000696,74.125.24.0-255,5738,65238,53,234019
28631,0.000699,74.125.24.0-255,1484,66722,53,234019
28632,0.000708,172.31.46.0-255,66,66788,53,234019
28633,0.000734,172.31.46.0-255,66,66854,53,234019
28634,0.000759,74.125.24.0-255,1484,68338,53,234019
28635,0.000767,74.125.24.0-255,7156,75494,53,234019
28636,0.000771,74.125.24.0-255,3602,79096,53,234019
28637,0.000774,74.125.24.0-255,1484,80580,53,234019
28638,0.000777,172.31.46.0-255,66,80646,53,234019
28639,0.000799,74.125.24.0-255,2902,83548,53,234019
28640,0.000806,172.31.46.0-255,66,83614,53,234019
28641,0.000812,172.31.46.0-255,66,83680,53,234019
28642,0.000812,74.125.24.0-255,2902,86582,53,234019
28643,0.000824,172.31.46.0-255,66,86648,53,234019
28644,0.000867,74.125.24.0-255,6438,93086,53,234019
28645,0.000873,172.31.46.0-255,66,93152,53,234019
28646,0.000885,74.125.24.0-255,2902,96054,53,234019
28647,0.000897,172.31.46.0-255,66,96120,53,234019
28648,0.000905,74.125.24.0-255,4320,100440,53,234019
28649,0.000915,172.31.46.0-255,66,100506,53,234019
28650,0.000959,172.31.46.0-255,66,100572,53,234019
28651,0.000965,74.125.24.0-255,2902,103474,53,234019
28652,0.000974,172.31.46.0-255,66,103540,53,234019
28653,0.001008,172.31.46.0-255,66,103606,53,234019
28654,0.001029,74.125.24.0-255,7156,110762,53,234019
28655,0.001034,172.31.46.0-255,66,110828,53,234019
28656,0.001071,74.125.24.0-255,2902,113730,53,234019
28657,0.001081,172.31.46.0-255,66,113796,53,234019
28658,0.001097,74.125.24.0-255,5738,119534,53,234019
28659,0.001101,74.125.24.0-255,1125,120659,53,234019
28660,0.001114,172.31.46.0-255,66,120725,53,234019
28661,0.001403,74.125.24.0-255,1484,122209,53,234019
28662,0.001407,74.125.24.0-255,1484,123693,53,234019
28663,0.001411,172.31.46.0-255,66,123759,53,234019
28664,0.00144,74.125.24.0-255,1484,125243,53,234019
28665,0.001444,74.125.24.0-255,1484,126727,53,234019
28666,0.001446,172.31.46.0-255,66,126793,53,234019
28667,0.001452,74.125.24.0-255,2902,129695,53,234019
28668,0.001458,74.125.24.0-255,5738,135433,53,234019
28669,0.001464,172.31.46.0-255,66,135499,53,234019
28670,0.001513,74.125.24.0-255,4320,139819,53,234019
28671,0.001518,172.31.46.0-255,66,139885,53,234019
28672,0.001549,74.125.24.0-255,2184,142069,53,234019
28673,0.001555,172.31.46.0-255,66,142135,53,234019
28674,0.001728,74.125.24.0-255,1484,143619,53,234019
28675,0.001744,74.125.24.0-255,2902,146521,53,234019
28676,0.001747,172.31.46.0-255,66,146587,53,234019
28677,0.001775,74.125.24.0-255,5738,152325,53,234019
28678,0.001778,74.125.24.0-255,1484,153809,53,234019
28679,0.001787,172.31.46.0-255,66,153875,53,234019
28680,0.001834,74.125.24.0-255,7156,161031,53,234019
28681,0.001837,172.31.46.0-255,66,161097,53,234019
28682,0.001869,74.125.24.0-255,3602,164699,53,234019
28683,0.00188,172.31.46.0-255,66,164765,53,234019
28684,0.001914,74.125.24.0-255,4320,169085,53,234019
28685,0.001919,74.125.24.0-255,2902,171987,53,234019
28686,0.001921,74.125.24.0-255,1484,173471,53,234019
28687,0.001922,172.31.46.0-255,66,173537,53,234019
28688,0.001938,172.31.46.0-255,66,173603,53,234019
28689,0.001945,74.125.24.0-255,7156,180759,53,234019
28690,0.001955,172.31.46.0-255,66,180825,53,234019
28691,0.002002,172.31.46.0-255,66,180891,53,234019
28692,0.002026,74.125.24.0-255,1484,182375,53,234019
28693,0.002031,74.125.24.0-255,2902,185277,53,234019
28694,0.002035,172.31.46.0-255,66,185343,53,234019
28695,0.002047,74.125.24.0-255,5738,191081,53,234019
28696,0.002049,74.125.24.0-255,1484,192565,53,234019
28697,0.00205,172.31.46.0-255,66,192631,53,234019
28698,0.002094,74.125.24.0-255,5738,198369,53,234019
28699,0.0021,172.31.46.0-255,66,198435,53,234019
28700,0.00211,74.125.24.0-255,2184,200619,53,234019
28701,0.002113,172.31.46.0-255,66,200685,53,234019
28702,0.002157,74.125.24.0-255,7156,207841,53,234019
28703,0.002173,172.31.46.0-255,66,207907,53,234019
28704,0.002183,74.125.24.0-255,4320,212227,53,234019
28705,0.002188,172.31.46.0-255,66,212293,53,234019
28706,0.002204,74.125.24.0-255,2902,215195,53,234019
28707,0.002205,172.31.46.0-255,66,215261,53,234019
28708,0.002209,172.31.46.0-255,66,215327,53,234019
28709,0.002255,172.31.46.0-255,66,215393,53,234019
28710,0.002283,74.125.24.0-255,5738,221131,53,234019
28711,0.002288,172.31.46.0-255,66,221197,53,234019
28712,0.002338,172.31.46.0-255,66,221263,53,234019
28713,0.002341,74.125.24.0-255,3251,224514,53,234019
28714,0.002343,172.31.46.0-255,66,224580,53,234019
28715,0.002363,74.125.24.0-255,105,224685,53,234019
28716,0.003681,172.31.46.0-255,66,224751,53,234019
28717,0.003708,172.31.46.0-255,105,224856,53,234019
28718,0.006195,74.125.24.0-255,66,224922,53,234019
28719,0.03508,172.31.46.0-255,172,225094,53,234019
28720,0.035121,172.31.46.0-255,1112,226206,53,234019
28721,0.035207,172.31.46.0-255,1514,227720,53,234019
28722,0.035231,172.31.46.0-255,1514,229234,53,234019
28723,0.035233,172.31.46.0-255,1514,230748,53,234019
28724,0.035253,172.31.46.0-255,1514,232262,53,234019
28725,0.035256,172.31.46.0-255,1493,233755,53,234019
28726,0.03665,104.244.42.0-255,66,233821,53,234019
28727,0.036682,104.244.42.0-255,66,233887,53,234019
28728,0.036747,104.244.42.0-255,66,233953,53,234019
28729,0.036824,104.244.42.0-255,66,234019,53,234019
28730,0.0,172.217.194.0-255,148,148,53,301489
28731,1.4e-05,172.31.46.0-255,66,214,53,301489
28732,2.1e-05,172.217.194.0-255,1484,1698,53,301489
28733,2.6e-05,172.31.46.0-255,66,1764,53,301489
28734,3.1e-05,172.217.194.0-255,2902,4666,53,301489
28735,3.4e-05,172.31.46.0-255,66,4732,53,301489
28736,4.1e-05,172.217.194.0-255,7156,11888,53,301489
28737,4.6e-05,172.31.46.0-255,66,11954,53,301489
28738,5.3e-05,172.217.194.0-255,4877,16831,53,301489
28739,5.7e-05,172.31.46.0-255,66,16897,53,301489
28740,6.3e-05,172.217.194.0-255,4320,21217,53,301489
28741,6.5e-05,172.31.46.0-255,66,21283,53,301489
28742,8.7e-05,172.217.194.0-255,1484,22767,53,301489
28743,8.9e-05,172.31.46.0-255,66,22833,53,301489
28744,0.00011,172.31.46.0-255,66,22899,53,301489
28745,0.000801,172.217.194.0-255,1484,24383,53,301489
28746,0.000807,172.31.46.0-255,66,24449,53,301489
28747,0.000817,172.217.194.0-255,2902,27351,53,301489
28748,0.000819,172.31.46.0-255,66,27417,53,301489
28749,0.000826,172.217.194.0-255,4320,31737,53,301489
28750,0.000828,172.31.46.0-255,66,31803,53,301489
28751,0.000833,172.217.194.0-255,2902,34705,53,301489
28752,0.000835,172.31.46.0-255,66,34771,53,301489
28753,0.000862,172.217.194.0-255,5738,40509,53,301489
28754,0.000865,172.31.46.0-255,66,40575,53,301489
28755,0.000882,172.217.194.0-255,7156,47731,53,301489
28756,0.000885,172.31.46.0-255,66,47797,53,301489
28757,0.000909,172.217.194.0-255,7156,54953,53,301489
28758,0.000911,172.31.46.0-255,66,55019,53,301489
28759,0.000916,172.217.194.0-255,2184,57203,53,301489
28760,0.000919,172.31.46.0-255,66,57269,53,301489
28761,0.001064,172.217.194.0-255,362,57631,53,301489
28762,0.001119,172.217.194.0-255,1484,59115,53,301489
28763,0.001123,172.31.46.0-255,66,59181,53,301489
28764,0.001143,172.217.194.0-255,2902,62083,53,301489
28765,0.001146,172.31.46.0-255,66,62149,53,301489
28766,0.001149,172.217.194.0-255,1484,63633,53,301489
28767,0.001167,172.217.194.0-255,4320,67953,53,301489
28768,0.001169,172.31.46.0-255,66,68019,53,301489
28769,0.001183,172.217.194.0-255,1484,69503,53,301489
28770,0.001205,172.31.46.0-255,66,69569,53,301489
28771,0.001228,172.217.194.0-255,2902,72471,53,301489
28772,0.001231,172.31.46.0-255,66,72537,53,301489
28773,0.001262,172.31.46.0-255,66,72603,53,301489
28774,0.001456,172.217.194.0-255,1484,74087,53,301489
28775,0.001464,172.217.194.0-255,2902,76989,53,301489
28776,0.001467,172.31.46.0-255,66,77055,53,301489
28777,0.001489,172.217.194.0-255,4320,81375,53,301489
28778,0.001493,172.31.46.0-255,66,81441,53,301489
28779,0.001496,172.217.194.0-255,1484,82925,53,301489
28780,0.001514,172.217.194.0-255,7156,90081,53,301489
28781,0.001516,172.31.46.0-255,66,90147,53,301489
28782,0.001549,172.31.46.0-255,66,90213,53,301489
28783,0.001601,172.31.46.0-255,66,90279,53,301489
28784,0.00162,172.217.194.0-255,3602,93881,53,301489
28785,0.001622,172.31.46.0-255,66,93947,53,301489
28786,0.00163,172.217.194.0-255,7156,101103,53,301489
28787,0.001633,172.31.46.0-255,66,101169,53,301489
28788,0.001652,172.217.194.0-255,5738,106907,53,301489
28789,0.001654,172.31.46.0-255,66,106973,53,301489
28790,0.001661,172.217.194.0-255,5738,112711,53,301489
28791,0.001663,172.31.46.0-255,66,112777,53,301489
28792,0.00168,172.217.194.0-255,2902,115679,53,301489
28793,0.001682,172.31.46.0-255,66,115745,53,301489
28794,0.001685,172.217.194.0-255,1484,117229,53,301489
28795,0.001703,172.217.194.0-255,3602,120831,53,301489
28796,0.001706,172.31.46.0-255,66,120897,53,301489
28797,0.001743,172.217.194.0-255,5738,126635,53,301489
28798,0.001747,172.31.46.0-255,66,126701,53,301489
28799,0.001751,172.217.194.0-255,2902,129603,53,301489
28800,0.001753,172.31.46.0-255,66,129669,53,301489
28801,0.001793,172.31.46.0-255,66,129735,53,301489
28802,0.001799,172.217.194.0-255,4320,134055,53,301489
28803,0.001802,172.31.46.0-255,66,134121,53,301489
28804,0.001827,172.217.194.0-255,5738,139859,53,301489
28805,0.00183,172.31.46.0-255,66,139925,53,301489
28806,0.00185,172.217.194.0-255,5020,144945,53,301489
28807,0.001852,172.31.46.0-255,66,145011,53,301489
28808,0.001958,172.217.194.0-255,1484,146495,53,301489
28809,0.001978,172.217.194.0-255,2902,149397,53,301489
28810,0.001981,172.217.194.0-255,1484,150881,53,301489
28811,0.001987,172.31.46.0-255,66,150947,53,301489
28812,0.002005,172.217.194.0-255,4320,155267,53,301489
28813,0.002011,172.217.194.0-255,4320,159587,53,301489
28814,0.002019,172.31.46.0-255,66,159653,53,301489
28815,0.002032,172.217.194.0-255,4320,163973,53,301489
28816,0.002038,172.31.46.0-255,66,164039,53,301489
28817,0.002049,172.217.194.0-255,7156,171195,53,301489
28818,0.002051,172.217.194.0-255,1484,172679,53,301489
28819,0.002069,172.217.194.0-255,6438,179117,53,301489
28820,0.002091,172.31.46.0-255,66,179183,53,301489
28821,0.002108,172.217.194.0-255,5738,184921,53,301489
28822,0.002134,172.31.46.0-255,66,184987,53,301489
28823,0.002152,172.217.194.0-255,1484,186471,53,301489
28824,0.002209,172.217.194.0-255,3602,190073,53,301489
28825,0.002213,172.31.46.0-255,66,190139,53,301489
28826,0.002223,172.31.46.0-255,66,190205,53,301489
28827,0.002249,172.217.194.0-255,2902,193107,53,301489
28828,0.002261,172.217.194.0-255,1484,194591,53,301489
28829,0.002265,172.31.46.0-255,66,194657,53,301489
28830,0.002274,172.217.194.0-255,2902,197559,53,301489
28831,0.002285,172.31.46.0-255,66,197625,53,301489
28832,0.002313,172.31.46.0-255,66,197691,53,301489
28833,0.002323,172.217.194.0-255,5738,203429,53,301489
28834,0.002328,172.31.46.0-255,66,203495,53,301489
28835,0.002336,172.217.194.0-255,1484,204979,53,301489
28836,0.002362,172.217.194.0-255,1484,206463,53,301489
28837,0.002382,172.31.46.0-255,66,206529,53,301489
28838,0.004724,172.217.194.0-255,5738,212267,53,301489
28839,0.004731,172.31.46.0-255,66,212333,53,301489
28840,0.007105,172.217.194.0-255,5738,218071,53,301489
28841,0.007113,172.31.46.0-255,66,218137,53,301489
28842,0.009429,172.217.194.0-255,5738,223875,53,301489
28843,0.009433,172.31.46.0-255,66,223941,53,301489
28844,0.011787,172.217.194.0-255,5738,229679,53,301489
28845,0.011796,172.31.46.0-255,66,229745,53,301489
28846,0.014119,172.217.194.0-255,5738,235483,53,301489
28847,0.014128,172.31.46.0-255,66,235549,53,301489
28848,0.016492,172.217.194.0-255,5738,241287,53,301489
28849,0.016501,172.31.46.0-255,66,241353,53,301489
28850,0.018854,172.217.194.0-255,5738,247091,53,301489
28851,0.018865,172.31.46.0-255,66,247157,53,301489
28852,0.021207,172.217.194.0-255,5738,252895,53,301489
28853,0.021217,172.31.46.0-255,66,252961,53,301489
28854,0.02356,172.217.194.0-255,5738,258699,53,301489
28855,0.023568,172.31.46.0-255,66,258765,53,301489
28856,0.025935,172.217.194.0-255,5738,264503,53,301489
28857,0.025957,172.31.46.0-255,66,264569,53,301489
28858,0.028311,172.217.194.0-255,5738,270307,53,301489
28859,0.028319,172.31.46.0-255,66,270373,53,301489
28860,0.030664,172.217.194.0-255,5738,276111,53,301489
28861,0.030673,172.31.46.0-255,66,276177,53,301489
28862,0.033004,172.217.194.0-255,5738,281915,53,301489
28863,0.033012,172.31.46.0-255,66,281981,53,301489
28864,0.035347,172.217.194.0-255,5738,287719,53,301489
28865,0.035355,172.31.46.0-255,66,287785,53,301489
28866,0.035515,172.31.46.0-255,172,287957,53,301489
28867,0.035542,172.31.46.0-255,1112,289069,53,301489
28868,0.035657,172.31.46.0-255,1514,290583,53,301489
28869,0.035659,172.31.46.0-255,1514,292097,53,301489
28870,0.035683,172.31.46.0-255,702,292799,53,301489
28871,0.037057,104.244.42.0-255,66,292865,53,301489
28872,0.037087,104.244.42.0-255,66,292931,53,301489
28873,0.037205,104.244.42.0-255,66,292997,53,301489
28874,0.037218,104.244.42.0-255,66,293063,53,301489
28875,0.037686,172.217.194.0-255,5738,298801,53,301489
28876,0.037691,172.31.46.0-255,66,298867,53,301489
28877,0.040025,172.217.194.0-255,2385,301252,53,301489
28878,0.040032,172.31.46.0-255,66,301318,53,301489
28879,0.040718,172.31.46.0-255,105,301423,53,301489
28880,0.043015,172.217.194.0-255,66,301489,53,301489
28881,0.0,172.217.194.0-255,153,153,53,222645
28882,1.9e-05,172.31.46.0-255,66,219,53,222645
28883,2.6e-05,172.217.194.0-255,1484,1703,53,222645
28884,2.9e-05,172.31.46.0-255,66,1769,53,222645
28885,3.4e-05,172.217.194.0-255,2902,4671,53,222645
28886,4.2e-05,172.31.46.0-255,66,4737,53,222645
28887,5e-05,172.217.194.0-255,7156,11893,53,222645
28888,5.2e-05,172.31.46.0-255,66,11959,53,222645
28889,8.6e-05,172.31.46.0-255,66,12025,53,222645
28890,9.2e-05,172.217.194.0-255,5738,17763,53,222645
28891,9.4e-05,172.31.46.0-255,66,17829,53,222645
28892,0.000122,172.217.194.0-255,2902,20731,53,222645
28893,0.000124,172.31.46.0-255,66,20797,53,222645
28894,0.000128,172.217.194.0-255,2543,23340,53,222645
28895,0.00013,172.31.46.0-255,66,23406,53,222645
28896,0.000191,172.217.194.0-255,1484,24890,53,222645
28897,0.000194,172.31.46.0-255,66,24956,53,222645
28898,0.000198,172.217.194.0-255,2902,27858,53,222645
28899,0.0002,172.31.46.0-255,66,27924,53,222645
28900,0.00023,172.217.194.0-255,5738,33662,53,222645
28901,0.000232,172.31.46.0-255,66,33728,53,222645
28902,0.000238,172.217.194.0-255,5738,39466,53,222645
28903,0.000239,172.31.46.0-255,66,39532,53,222645
28904,0.00028,172.31.46.0-255,66,39598,53,222645
28905,0.000285,172.217.194.0-255,4253,43851,53,222645
28906,0.000287,172.31.46.0-255,66,43917,53,222645
28907,0.000301,172.217.194.0-255,363,44280,53,222645
28908,0.000303,172.31.46.0-255,66,44346,53,222645
28909,0.000476,172.217.194.0-255,1484,45830,53,222645
28910,0.000481,172.31.46.0-255,66,45896,53,222645
28911,0.000486,172.217.194.0-255,2902,48798,53,222645
28912,0.000488,172.31.46.0-255,66,48864,53,222645
28913,0.000518,172.217.194.0-255,5738,54602,53,222645
28914,0.000524,172.217.194.0-255,5738,60340,53,222645
28915,0.000529,172.31.46.0-255,66,60406,53,222645
28916,0.000531,172.31.46.0-255,66,60472,53,222645
28917,0.000562,172.217.194.0-255,7156,67628,53,222645
28918,0.000564,172.31.46.0-255,66,67694,53,222645
28919,0.000574,172.31.46.0-255,66,67760,53,222645
28920,0.000577,172.217.194.0-255,217,67977,53,222645
28921,0.000767,172.217.194.0-255,1484,69461,53,222645
28922,0.000782,172.31.46.0-255,66,69527,53,222645
28923,0.000788,172.217.194.0-255,2902,72429,53,222645
28924,0.000789,172.31.46.0-255,66,72495,53,222645
28925,0.000794,172.217.194.0-255,4320,76815,53,222645
28926,0.000796,172.31.46.0-255,66,76881,53,222645
28927,0.000805,172.217.194.0-255,4320,81201,53,222645
28928,0.000807,172.31.46.0-255,66,81267,53,222645
28929,0.000834,172.217.194.0-255,4320,85587,53,222645
28930,0.000836,172.31.46.0-255,66,85653,53,222645
28931,0.000867,172.31.46.0-255,66,85719,53,222645
28932,0.000893,172.217.194.0-255,3602,89321,53,222645
28933,0.000895,172.31.46.0-255,66,89387,53,222645
28934,0.001445,172.217.194.0-255,1484,90871,53,222645
28935,0.001451,172.217.194.0-255,2902,93773,53,222645
28936,0.001454,172.31.46.0-255,66,93839,53,222645
28937,0.001459,172.217.194.0-255,2902,96741,53,222645
28938,0.00146,172.31.46.0-255,66,96807,53,222645
28939,0.001482,172.217.194.0-255,2902,99709,53,222645
28940,0.001484,172.31.46.0-255,66,99775,53,222645
28941,0.001489,172.217.194.0-255,4320,104095,53,222645
28942,0.001491,172.31.46.0-255,66,104161,53,222645
28943,0.001519,172.31.46.0-255,66,104227,53,222645
28944,0.001528,172.31.46.0-255,66,104293,53,222645
28945,0.001548,172.217.194.0-255,2184,106477,53,222645
28946,0.001553,172.31.46.0-255,66,106543,53,222645
28947,0.00235,172.217.194.0-255,1484,108027,53,222645
28948,0.002358,172.217.194.0-255,1484,109511,53,222645
28949,0.002362,172.31.46.0-255,66,109577,53,222645
28950,0.002366,172.217.194.0-255,1484,111061,53,222645
28951,0.00239,172.217.194.0-255,7156,118217,53,222645
28952,0.002392,172.31.46.0-255,66,118283,53,222645
28953,0.002396,172.217.194.0-255,2902,121185,53,222645
28954,0.002397,172.31.46.0-255,66,121251,53,222645
28955,0.0024,172.217.194.0-255,1484,122735,53,222645
28956,0.002425,172.217.194.0-255,7156,129891,53,222645
28957,0.002427,172.31.46.0-255,66,129957,53,222645
28958,0.002467,172.31.46.0-255,66,130023,53,222645
28959,0.002653,172.217.194.0-255,1484,131507,53,222645
28960,0.002658,172.217.194.0-255,1484,132991,53,222645
28961,0.002661,172.31.46.0-255,66,133057,53,222645
28962,0.002671,172.217.194.0-255,1484,134541,53,222645
28963,0.002686,172.217.194.0-255,4320,138861,53,222645
28964,0.002688,172.31.46.0-255,66,138927,53,222645
28965,0.002708,172.217.194.0-255,1484,140411,53,222645
28966,0.002718,172.31.46.0-255,66,140477,53,222645
28967,0.002746,172.217.194.0-255,4320,144797,53,222645
28968,0.002747,172.31.46.0-255,66,144863,53,222645
28969,0.002757,172.31.46.0-255,66,144929,53,222645
28970,0.002766,172.217.194.0-255,4320,149249,53,222645
28971,0.002768,172.31.46.0-255,66,149315,53,222645
28972,0.00277,172.217.194.0-255,1484,150799,53,222645
28973,0.002772,172.31.46.0-255,78,150877,53,222645
28974,0.002778,172.217.194.0-255,5738,156615,53,222645
28975,0.002781,172.31.46.0-255,78,156693,53,222645
28976,0.00282,172.31.46.0-255,66,156759,53,222645
28977,0.00283,172.31.46.0-255,66,156825,53,222645
28978,0.002832,172.217.194.0-255,1484,158309,53,222645
28979,0.002835,172.217.194.0-255,2184,160493,53,222645
28980,0.002837,172.31.46.0-255,66,160559,53,222645
28981,0.00287,172.217.194.0-255,2902,163461,53,222645
28982,0.002873,172.31.46.0-255,66,163527,53,222645
28983,0.002876,172.217.194.0-255,1484,165011,53,222645
28984,0.002904,172.217.194.0-255,5738,170749,53,222645
28985,0.002906,172.31.46.0-255,66,170815,53,222645
28986,0.002909,172.217.194.0-255,1484,172299,53,222645
28987,0.002946,172.31.46.0-255,66,172365,53,222645
28988,0.002951,172.217.194.0-255,5738,178103,53,222645
28989,0.002953,172.31.46.0-255,66,178169,53,222645
28990,0.002983,172.217.194.0-255,1484,179653,53,222645
28991,0.003007,172.31.46.0-255,66,179719,53,222645
28992,0.003033,172.217.194.0-255,2902,182621,53,222645
28993,0.003035,172.31.46.0-255,66,182687,53,222645
28994,0.003068,172.31.46.0-255,66,182753,53,222645
28995,0.003071,172.217.194.0-255,1484,184237,53,222645
28996,0.003074,172.217.194.0-255,1484,185721,53,222645
28997,0.003075,172.31.46.0-255,66,185787,53,222645
28998,0.00308,172.217.194.0-255,4320,190107,53,222645
28999,0.003083,172.31.46.0-255,66,190173,53,222645
29000,0.003097,172.31.46.0-255,66,190239,53,222645
29001,0.00316,172.31.46.0-255,66,190305,53,222645
29002,0.003166,172.217.194.0-255,4320,194625,53,222645
29003,0.003167,172.31.46.0-255,66,194691,53,222645
29004,0.00317,172.217.194.0-255,1484,196175,53,222645
29005,0.003223,172.31.46.0-255,66,196241,53,222645
29006,0.003247,172.217.194.0-255,1484,197725,53,222645
29007,0.003251,172.217.194.0-255,2902,200627,53,222645
29008,0.003254,172.31.46.0-255,66,200693,53,222645
29009,0.003279,172.217.194.0-255,5738,206431,53,222645
29010,0.003281,172.31.46.0-255,66,206497,53,222645
29011,0.003308,172.217.194.0-255,5738,212235,53,222645
29012,0.00331,172.31.46.0-255,66,212301,53,222645
29013,0.003339,172.217.194.0-255,4320,216621,53,222645
29014,0.003342,172.31.46.0-255,66,216687,53,222645
29015,0.003344,172.217.194.0-255,1330,218017,53,222645
29016,0.003382,172.217.194.0-255,105,218122,53,222645
29017,0.005289,172.31.46.0-255,66,218188,53,222645
29018,0.005328,172.31.46.0-255,105,218293,53,222645
29019,0.007552,172.217.194.0-255,66,218359,53,222645
29020,0.02974,172.31.46.0-255,171,218530,53,222645
29021,0.029771,172.31.46.0-255,1136,219666,53,222645
29022,0.029825,172.31.46.0-255,1514,221180,53,222645
29023,0.029827,172.31.46.0-255,1267,222447,53,222645
29024,0.031301,104.244.42.0-255,66,222513,53,222645
29025,0.031339,104.244.42.0-255,66,222579,53,222645
29026,0.031385,104.244.42.0-255,66,222645,53,222645
29027,0.0,172.31.46.0-255,105,105,53,459
29028,0.000215,172.31.46.0-255,90,195,53,459
29029,0.000224,172.31.46.0-255,66,261,53,459
29030,0.002531,172.217.194.0-255,66,327,53,459
29031,0.002558,172.217.194.0-255,66,393,53,459
29032,0.002579,172.31.46.0-255,66,459,53,459
29033,0.0,74.125.24.0-255,152,152,53,270496
29034,2.3e-05,172.31.46.0-255,66,218,53,270496
29035,3.1e-05,74.125.24.0-255,1484,1702,53,270496
29036,3.7e-05,172.31.46.0-255,66,1768,53,270496
29037,5e-05,74.125.24.0-255,2902,4670,53,270496
29038,5.5e-05,172.31.46.0-255,66,4736,53,270496
29039,6.2e-05,74.125.24.0-255,5738,10474,53,270496
29040,6.6e-05,172.31.46.0-255,66,10540,53,270496
29041,7.2e-05,74.125.24.0-255,4320,14860,53,270496
29042,7.4e-05,172.31.46.0-255,66,14926,53,270496
29043,0.000101,172.31.46.0-255,66,14992,53,270496
29044,0.000136,74.125.24.0-255,6797,21789,53,270496
29045,0.00014,172.31.46.0-255,66,21855,53,270496
29046,0.000196,74.125.24.0-255,1484,23339,53,270496
29047,0.000198,172.31.46.0-255,66,23405,53,270496
29048,0.000202,74.125.24.0-255,1484,24889,53,270496
29049,0.000204,172.31.46.0-255,66,24955,53,270496
29050,0.000238,74.125.24.0-255,1484,26439,53,270496
29051,0.000241,172.31.46.0-255,66,26505,53,270496
29052,0.000247,74.125.24.0-255,4320,30825,53,270496
29053,0.000249,172.31.46.0-255,66,30891,53,270496
29054,0.000285,74.125.24.0-255,7156,38047,53,270496
29055,0.000287,172.31.46.0-255,66,38113,53,270496
29056,0.000319,74.125.24.0-255,2543,40656,53,270496
29057,0.000321,172.31.46.0-255,66,40722,53,270496
29058,0.00034,172.31.46.0-255,66,40788,53,270496
29059,0.000346,74.125.24.0-255,4314,45102,53,270496
29060,0.000349,172.31.46.0-255,66,45168,53,270496
29061,0.000371,74.125.24.0-255,332,45500,53,270496
29062,0.000373,172.31.46.0-255,66,45566,53,270496
29063,0.000631,74.125.24.0-255,1484,47050,53,270496
29064,0.000655,74.125.24.0-255,2902,49952,53,270496
29065,0.000659,172.31.46.0-255,66,50018,53,270496
29066,0.000666,74.125.24.0-255,5738,55756,53,270496
29067,0.000669,172.31.46.0-255,66,55822,53,270496
29068,0.000705,172.31.46.0-255,66,55888,53,270496
29069,0.000732,74.125.24.0-255,2902,58790,53,270496
29070,0.000735,172.31.46.0-255,66,58856,53,270496
29071,0.000772,172.31.46.0-255,66,58922,53,270496
29072,0.000853,74.125.24.0-255,1484,60406,53,270496
29073,0.000859,74.125.24.0-255,2902,63308,53,270496
29074,0.000862,172.31.46.0-255,66,63374,53,270496
29075,0.000865,74.125.24.0-255,1484,64858,53,270496
29076,0.000894,74.125.24.0-255,4320,69178,53,270496
29077,0.000898,172.31.46.0-255,66,69244,53,270496
29078,0.000904,74.125.24.0-255,5738,74982,53,270496
29079,0.000906,172.31.46.0-255,66,75048,53,270496
29080,0.000912,74.125.24.0-255,5738,80786,53,270496
29081,0.000915,172.31.46.0-255,66,80852,53,270496
29082,0.000958,74.125.24.0-255,7156,88008,53,270496
29083,0.000961,172.31.46.0-255,66,88074,53,270496
29084,0.000967,74.125.24.0-255,5020,93094,53,270496
29085,0.000969,172.31.46.0-255,66,93160,53,270496
29086,0.000972,74.125.24.0-255,1484,94644,53,270496
29087,0.001007,74.125.24.0-255,2902,97546,53,270496
29088,0.001011,172.31.46.0-255,66,97612,53,270496
29089,0.001018,74.125.24.0-255,5738,103350,53,270496
29090,0.00102,172.31.46.0-255,66,103416,53,270496
29091,0.00103,74.125.24.0-255,4320,107736,53,270496
29092,0.001033,172.31.46.0-255,66,107802,53,270496
29093,0.001074,172.31.46.0-255,66,107868,53,270496
29094,0.001082,74.125.24.0-255,7156,115024,53,270496
29095,0.001084,172.31.46.0-255,66,115090,53,270496
29096,0.001117,74.125.24.0-255,3602,118692,53,270496
29097,0.001119,172.31.46.0-255,66,118758,53,270496
29098,0.001145,74.125.24.0-255,4320,123078,53,270496
29099,0.001148,172.31.46.0-255,66,123144,53,270496
29100,0.001155,74.125.24.0-255,5738,128882,53,270496
29101,0.001157,172.31.46.0-255,66,128948,53,270496
29102,0.001211,172.31.46.0-255,66,129014,53,270496
29103,0.001219,74.125.24.0-255,7156,136170,53,270496
29104,0.001221,172.31.46.0-255,66,136236,53,270496
29105,0.001255,74.125.24.0-255,5020,141256,53,270496
29106,0.001257,172.31.46.0-255,66,141322,53,270496
29107,0.001616,74.125.24.0-255,1484,142806,53,270496
29108,0.001623,74.125.24.0-255,2902,145708,53,270496
29109,0.001628,172.31.46.0-255,66,145774,53,270496
29110,0.001634,74.125.24.0-255,2902,148676,53,270496
29111,0.001636,172.31.46.0-255,66,148742,53,270496
29112,0.001669,74.125.24.0-255,2902,151644,53,270496
29113,0.001671,172.31.46.0-255,66,151710,53,270496
29114,0.001676,74.125.24.0-255,2902,154612,53,270496
29115,0.001678,172.31.46.0-255,66,154678,53,270496
29116,0.001695,172.31.46.0-255,66,154744,53,270496
29117,0.001698,74.125.24.0-255,1484,156228,53,270496
29118,0.001735,172.31.46.0-255,66,156294,53,270496
29119,0.001804,74.125.24.0-255,1484,157778,53,270496
29120,0.001808,74.125.24.0-255,2902,160680,53,270496
29121,0.001811,172.31.46.0-255,66,160746,53,270496
29122,0.001817,74.125.24.0-255,5738,166484,53,270496
29123,0.001819,172.31.46.0-255,66,166550,53,270496
29124,0.001835,74.125.24.0-255,7156,173706,53,270496
29125,0.001838,172.31.46.0-255,66,173772,53,270496
29126,0.001853,172.31.46.0-255,66,173838,53,270496
29127,0.001877,74.125.24.0-255,1484,175322,53,270496
29128,0.001886,74.125.24.0-255,2184,177506,53,270496
29129,0.001888,172.31.46.0-255,66,177572,53,270496
29130,0.001914,74.125.24.0-255,1484,179056,53,270496
29131,0.00193,74.125.24.0-255,2902,181958,53,270496
29132,0.001933,172.31.46.0-255,66,182024,53,270496
29133,0.001936,74.125.24.0-255,1484,183508,53,270496
29134,0.001964,74.125.24.0-255,4320,187828,53,270496
29135,0.001967,172.31.46.0-255,66,187894,53,270496
29136,0.001973,74.125.24.0-255,4320,192214,53,270496
29137,0.001975,172.31.46.0-255,66,192280,53,270496
29138,0.002022,172.31.46.0-255,66,192346,53,270496
29139,0.002029,74.125.24.0-255,5738,198084,53,270496
29140,0.002031,172.31.46.0-255,66,198150,53,270496
29141,0.002048,74.125.24.0-255,2184,200334,53,270496
29142,0.002055,172.31.46.0-255,66,200400,53,270496
29143,0.002089,74.125.24.0-255,1484,201884,53,270496
29144,0.002102,74.125.24.0-255,2902,204786,53,270496
29145,0.002105,172.31.46.0-255,66,204852,53,270496
29146,0.002109,74.125.24.0-255,1484,206336,53,270496
29147,0.002138,74.125.24.0-255,4320,210656,53,270496
29148,0.002142,172.31.46.0-255,66,210722,53,270496
29149,0.002154,172.31.46.0-255,66,210788,53,270496
29150,0.002162,74.125.24.0-255,7156,217944,53,270496
29151,0.002193,74.125.24.0-255,6438,224382,53,270496
29152,0.0022,172.31.46.0-255,66,224448,53,270496
29153,0.002212,74.125.24.0-255,4320,228768,53,270496
29154,0.002223,74.125.24.0-255,5738,234506,53,270496
29155,0.002249,74.125.24.0-255,2902,237408,53,270496
29156,0.002253,172.31.46.0-255,66,237474,53,270496
29157,0.002295,74.125.24.0-255,4320,241794,53,270496
29158,0.0023,74.125.24.0-255,4320,246114,53,270496
29159,0.002315,172.31.46.0-255,66,246180,53,270496
29160,0.002336,74.125.24.0-255,6438,252618,53,270496
29161,0.002351,172.31.46.0-255,66,252684,53,270496
29162,0.004604,74.125.24.0-255,5738,258422,53,270496
29163,0.004612,172.31.46.0-255,66,258488,53,270496
29164,0.006872,74.125.24.0-255,5738,264226,53,270496
29165,0.006882,172.31.46.0-255,66,264292,53,270496
29166,0.009163,74.125.24.0-255,2642,266934,53,270496
29167,0.00917,172.31.46.0-255,66,267000,53,270496
29168,0.012457,172.31.46.0-255,105,267105,53,270496
29169,0.014673,74.125.24.0-255,66,267171,53,270496
29170,0.033827,172.31.46.0-255,172,267343,53,270496
29171,0.033864,172.31.46.0-255,1111,268454,53,270496
29172,0.033925,172.31.46.0-255,1514,269968,53,270496
29173,0.033926,172.31.46.0-255,330,270298,53,270496
29174,0.035392,104.244.42.0-255,66,270364,53,270496
29175,0.035405,104.244.42.0-255,66,270430,53,270496
29176,0.035482,104.244.42.0-255,66,270496,53,270496
29177,0.0,216.58.221.0-255,152,152,53,356944
29178,1.9e-05,172.31.46.0-255,66,218,53,356944
29179,2.5e-05,216.58.221.0-255,1484,1702,53,356944
29180,3e-05,172.31.46.0-255,66,1768,53,356944
29181,4.1e-05,216.58.221.0-255,2902,4670,53,356944
29182,4.5e-05,172.31.46.0-255,66,4736,53,356944
29183,6.4e-05,216.58.221.0-255,4320,9056,53,356944
29184,6.6e-05,172.31.46.0-255,66,9122,53,356944
29185,8e-05,216.58.221.0-255,2902,12024,53,356944
29186,8.2e-05,172.31.46.0-255,66,12090,53,356944
29187,9e-05,216.58.221.0-255,2134,14224,53,356944
29188,9.3e-05,172.31.46.0-255,66,14290,53,356944
29189,9.6e-05,216.58.221.0-255,2902,17192,53,356944
29190,9.8e-05,172.31.46.0-255,66,17258,53,356944
29191,0.000103,216.58.221.0-255,4320,21578,53,356944
29192,0.000105,172.31.46.0-255,66,21644,53,356944
29193,0.000111,216.58.221.0-255,5738,27382,53,356944
29194,0.000113,172.31.46.0-255,66,27448,53,356944
29195,0.000167,216.58.221.0-255,3961,31409,53,356944
29196,0.000169,172.31.46.0-255,66,31475,53,356944
29197,0.000221,216.58.221.0-255,1484,32959,53,356944
29198,0.000223,172.31.46.0-255,66,33025,53,356944
29199,0.000241,216.58.221.0-255,2902,35927,53,356944
29200,0.000243,172.31.46.0-255,66,35993,53,356944
29201,0.000248,216.58.221.0-255,2902,38895,53,356944
29202,0.000249,172.31.46.0-255,66,38961,53,356944
29203,0.000268,216.58.221.0-255,2902,41863,53,356944
29204,0.00027,172.31.46.0-255,66,41929,53,356944
29205,0.000279,216.58.221.0-255,5738,47667,53,356944
29206,0.000281,172.31.46.0-255,66,47733,53,356944
29207,0.000308,216.58.221.0-255,1125,48858,53,356944
29208,0.00031,172.31.46.0-255,66,48924,53,356944
29209,0.000403,216.58.221.0-255,1484,50408,53,356944
29210,0.000407,216.58.221.0-255,1484,51892,53,356944
29211,0.00041,172.31.46.0-255,66,51958,53,356944
29212,0.000436,216.58.221.0-255,2902,54860,53,356944
29213,0.000439,172.31.46.0-255,66,54926,53,356944
29214,0.000466,216.58.221.0-255,5738,60664,53,356944
29215,0.000469,172.31.46.0-255,66,60730,53,356944
29216,0.000475,216.58.221.0-255,5379,66109,53,356944
29217,0.000477,172.31.46.0-255,66,66175,53,356944
29218,0.000497,216.58.221.0-255,360,66535,53,356944
29219,0.000974,172.31.46.0-255,66,66601,53,356944
29220,0.001142,216.58.221.0-255,136,66737,53,356944
29221,0.00128,216.58.221.0-255,1484,68221,53,356944
29222,0.001285,172.31.46.0-255,66,68287,53,356944
29223,0.001291,216.58.221.0-255,2902,71189,53,356944
29224,0.001292,172.31.46.0-255,66,71255,53,356944
29225,0.001302,216.58.221.0-255,5738,76993,53,356944
29226,0.001304,172.31.46.0-255,66,77059,53,356944
29227,0.001333,216.58.221.0-255,5738,82797,53,356944
29228,0.001335,172.31.46.0-255,66,82863,53,356944
29229,0.001354,216.58.221.0-255,6797,89660,53,356944
29230,0.001356,172.31.46.0-255,66,89726,53,356944
29231,0.001376,216.58.221.0-255,1484,91210,53,356944
29232,0.001401,172.31.46.0-255,66,91276,53,356944
29233,0.001588,216.58.221.0-255,1484,92760,53,356944
29234,0.001595,216.58.221.0-255,2902,95662,53,356944
29235,0.001599,172.31.46.0-255,66,95728,53,356944
29236,0.001605,216.58.221.0-255,5738,101466,53,356944
29237,0.001607,172.31.46.0-255,66,101532,53,356944
29238,0.001627,216.58.221.0-255,5738,107270,53,356944
29239,0.001629,172.31.46.0-255,66,107336,53,356944
29240,0.001663,216.58.221.0-255,7156,114492,53,356944
29241,0.001666,172.31.46.0-255,66,114558,53,356944
29242,0.001676,172.31.46.0-255,66,114624,53,356944
29243,0.001707,216.58.221.0-255,2184,116808,53,356944
29244,0.001709,172.31.46.0-255,66,116874,53,356944
29245,0.00173,216.58.221.0-255,2902,119776,53,356944
29246,0.001733,172.31.46.0-255,66,119842,53,356944
29247,0.001738,216.58.221.0-255,5738,125580,53,356944
29248,0.00174,172.31.46.0-255,66,125646,53,356944
29249,0.001755,216.58.221.0-255,1484,127130,53,356944
29250,0.001764,216.58.221.0-255,5738,132868,53,356944
29251,0.001766,172.31.46.0-255,66,132934,53,356944
29252,0.001773,216.58.221.0-255,7156,140090,53,356944
29253,0.001775,172.31.46.0-255,66,140156,53,356944
29254,0.001812,172.31.46.0-255,66,140222,53,356944
29255,0.001834,216.58.221.0-255,766,140988,53,356944
29256,0.001908,216.58.221.0-255,1484,142472,53,356944
29257,0.00191,172.31.46.0-255,66,142538,53,356944
29258,0.001915,216.58.221.0-255,2902,145440,53,356944
29259,0.001917,172.31.46.0-255,66,145506,53,356944
29260,0.00195,216.58.221.0-255,5738,151244,53,356944
29261,0.001952,172.31.46.0-255,66,151310,53,356944
29262,0.001957,216.58.221.0-255,5738,157048,53,356944
29263,0.001959,172.31.46.0-255,66,157114,53,356944
29264,0.001996,216.58.221.0-255,5738,162852,53,356944
29265,0.001998,172.31.46.0-255,66,162918,53,356944
29266,0.002026,216.58.221.0-255,1484,164402,53,356944
29267,0.002037,172.31.46.0-255,66,164468,53,356944
29268,0.003988,216.58.221.0-255,4320,168788,53,356944
29269,0.003992,172.31.46.0-255,66,168854,53,356944
29270,0.004019,216.58.221.0-255,1484,170338,53,356944
29271,0.005951,216.58.221.0-255,4320,174658,53,356944
29272,0.005955,172.31.46.0-255,66,174724,53,356944
29273,0.008014,216.58.221.0-255,5738,180462,53,356944
29274,0.008034,172.31.46.0-255,66,180528,53,356944
29275,0.010009,216.58.221.0-255,5738,186266,53,356944
29276,0.010016,172.31.46.0-255,66,186332,53,356944
29277,0.012002,216.58.221.0-255,5738,192070,53,356944
29278,0.01201,172.31.46.0-255,66,192136,53,356944
29279,0.013986,216.58.221.0-255,5738,197874,53,356944
29280,0.013995,172.31.46.0-255,66,197940,53,356944
29281,0.015964,216.58.221.0-255,5738,203678,53,356944
29282,0.015971,172.31.46.0-255,66,203744,53,356944
29283,0.017944,216.58.221.0-255,5738,209482,53,356944
29284,0.01795,172.31.46.0-255,66,209548,53,356944
29285,0.019925,216.58.221.0-255,5738,215286,53,356944
29286,0.019935,172.31.46.0-255,66,215352,53,356944
29287,0.02191,216.58.221.0-255,5738,221090,53,356944
29288,0.021922,172.31.46.0-255,66,221156,53,356944
29289,0.023893,216.58.221.0-255,5738,226894,53,356944
29290,0.023901,172.31.46.0-255,66,226960,53,356944
29291,0.025871,216.58.221.0-255,5738,232698,53,356944
29292,0.025879,172.31.46.0-255,66,232764,53,356944
29293,0.027848,216.58.221.0-255,5738,238502,53,356944
29294,0.027856,172.31.46.0-255,66,238568,53,356944
29295,0.029816,216.58.221.0-255,5738,244306,53,356944
29296,0.029823,172.31.46.0-255,66,244372,53,356944
29297,0.030679,172.31.46.0-255,167,244539,53,356944
29298,0.030709,172.31.46.0-255,1112,245651,53,356944
29299,0.030769,172.31.46.0-255,1514,247165,53,356944
29300,0.030771,172.31.46.0-255,1291,248456,53,356944
29301,0.031795,216.58.221.0-255,5738,254194,53,356944
29302,0.031802,172.31.46.0-255,66,254260,53,356944
29303,0.032257,104.244.42.0-255,66,254326,53,356944
29304,0.032264,104.244.42.0-255,66,254392,53,356944
29305,0.03234,104.244.42.0-255,66,254458,53,356944
29306,0.033767,216.58.221.0-255,5738,260196,53,356944
29307,0.033771,172.31.46.0-255,66,260262,53,356944
29308,0.035742,216.58.221.0-255,5738,266000,53,356944
29309,0.035748,172.31.46.0-255,66,266066,53,356944
29310,0.037727,216.58.221.0-255,5738,271804,53,356944
29311,0.037733,172.31.46.0-255,66,271870,53,356944
29312,0.039724,216.58.221.0-255,5738,277608,53,356944
29313,0.03973,172.31.46.0-255,66,277674,53,356944
29314,0.041707,216.58.221.0-255,5738,283412,53,356944
29315,0.041712,172.31.46.0-255,66,283478,53,356944
29316,0.043689,216.58.221.0-255,5738,289216,53,356944
29317,0.043699,172.31.46.0-255,66,289282,53,356944
29318,0.045661,216.58.221.0-255,4320,293602,53,356944
29319,0.045666,172.31.46.0-255,66,293668,53,356944
29320,0.045694,216.58.221.0-255,1484,295152,53,356944
29321,0.047628,216.58.221.0-255,4320,299472,53,356944
29322,0.047634,172.31.46.0-255,66,299538,53,356944
29323,0.049595,216.58.221.0-255,5738,305276,53,356944
29324,0.049601,172.31.46.0-255,66,305342,53,356944
29325,0.051563,216.58.221.0-255,5738,311080,53,356944
29326,0.051568,172.31.46.0-255,66,311146,53,356944
29327,0.053595,216.58.221.0-255,5738,316884,53,356944
29328,0.053601,172.31.46.0-255,66,316950,53,356944
29329,0.05557,216.58.221.0-255,5738,322688,53,356944
29330,0.055577,172.31.46.0-255,66,322754,53,356944
29331,0.057557,216.58.221.0-255,5738,328492,53,356944
29332,0.057563,172.31.46.0-255,66,328558,53,356944
29333,0.059579,216.58.221.0-255,5738,334296,53,356944
29334,0.059586,172.31.46.0-255,66,334362,53,356944
29335,0.061598,216.58.221.0-255,5738,340100,53,356944
29336,0.061603,172.31.46.0-255,66,340166,53,356944
29337,0.063571,216.58.221.0-255,5738,345904,53,356944
29338,0.063577,172.31.46.0-255,66,345970,53,356944
29339,0.065543,216.58.221.0-255,5738,351708,53,356944
29340,0.065548,172.31.46.0-255,66,351774,53,356944
29341,0.067508,216.58.221.0-255,4408,356182,53,356944
29342,0.067513,172.31.46.0-255,66,356248,53,356944
29343,0.067683,172.31.46.0-255,105,356353,53,356944
29344,0.067713,172.31.46.0-255,105,356458,53,356944
29345,0.067968,172.31.46.0-255,90,356548,53,356944
29346,0.067976,172.31.46.0-255,66,356614,53,356944
29347,0.069616,216.58.221.0-255,66,356680,53,356944
29348,0.069633,216.58.221.0-255,66,356746,53,356944
29349,0.069911,216.58.221.0-255,66,356812,53,356944
29350,0.069958,216.58.221.0-255,66,356878,53,356944
29351,0.069962,172.31.46.0-255,66,356944,53,356944
29352,0.0,74.125.200.0-255,150,150,53,393670
29353,2.8e-05,172.31.46.0-255,66,216,53,393670
29354,3.4e-05,74.125.200.0-255,1484,1700,53,393670
29355,3.8e-05,172.31.46.0-255,66,1766,53,393670
29356,6.3e-05,74.125.200.0-255,2902,4668,53,393670
29357,7e-05,172.31.46.0-255,66,4734,53,393670
29358,7.7e-05,74.125.200.0-255,5738,10472,53,393670
29359,7.9e-05,172.31.46.0-255,66,10538,53,393670
29360,8.2e-05,74.125.200.0-255,1484,12022,53,393670
29361,8.4e-05,172.31.46.0-255,66,12088,53,393670
29362,0.000112,74.125.200.0-255,1484,13572,53,393670
29363,0.000114,172.31.46.0-255,66,13638,53,393670
29364,0.000134,74.125.200.0-255,3528,17166,53,393670
29365,0.000137,172.31.46.0-255,66,17232,53,393670
29366,0.00014,74.125.200.0-255,1484,18716,53,393670
29367,0.000142,172.31.46.0-255,66,18782,53,393670
29368,0.000167,74.125.200.0-255,2902,21684,53,393670
29369,0.00017,172.31.46.0-255,66,21750,53,393670
29370,0.000202,74.125.200.0-255,5738,27488,53,393670
29371,0.000205,172.31.46.0-255,66,27554,53,393670
29372,0.000208,74.125.200.0-255,1484,29038,53,393670
29373,0.00021,172.31.46.0-255,66,29104,53,393670
29374,0.000245,74.125.200.0-255,2543,31647,53,393670
29375,0.000248,172.31.46.0-255,66,31713,53,393670
29376,0.000642,74.125.200.0-255,1484,33197,53,393670
29377,0.000649,172.31.46.0-255,66,33263,53,393670
29378,0.000656,74.125.200.0-255,1484,34747,53,393670
29379,0.000658,172.31.46.0-255,66,34813,53,393670
29380,0.000686,74.125.200.0-255,1484,36297,53,393670
29381,0.000689,172.31.46.0-255,66,36363,53,393670
29382,0.000698,74.125.200.0-255,5738,42101,53,393670
29383,0.0007,172.31.46.0-255,66,42167,53,393670
29384,0.000705,74.125.200.0-255,2902,45069,53,393670
29385,0.000707,172.31.46.0-255,66,45135,53,393670
29386,0.00071,74.125.200.0-255,1484,46619,53,393670
29387,0.000737,74.125.200.0-255,2543,49162,53,393670
29388,0.00074,172.31.46.0-255,66,49228,53,393670
29389,0.000763,74.125.200.0-255,4320,53548,53,393670
29390,0.000767,172.31.46.0-255,66,53614,53,393670
29391,0.000773,74.125.200.0-255,5738,59352,53,393670
29392,0.000775,172.31.46.0-255,66,59418,53,393670
29393,0.000799,74.125.200.0-255,2902,62320,53,393670
29394,0.000803,172.31.46.0-255,66,62386,53,393670
29395,0.000825,74.125.200.0-255,4235,66621,53,393670
29396,0.000829,172.31.46.0-255,66,66687,53,393670
29397,0.000858,74.125.200.0-255,132,66819,53,393670
29398,0.001005,74.125.200.0-255,1484,68303,53,393670
29399,0.00101,172.31.46.0-255,66,68369,53,393670
29400,0.001041,74.125.200.0-255,2902,71271,53,393670
29401,0.001046,172.31.46.0-255,66,71337,53,393670
29402,0.001051,74.125.200.0-255,5738,77075,53,393670
29403,0.001053,172.31.46.0-255,66,77141,53,393670
29404,0.001084,74.125.200.0-255,7156,84297,53,393670
29405,0.001087,172.31.46.0-255,66,84363,53,393670
29406,0.001131,74.125.200.0-255,7156,91519,53,393670
29407,0.001135,172.31.46.0-255,66,91585,53,393670
29408,0.001138,74.125.200.0-255,1484,93069,53,393670
29409,0.001168,74.125.200.0-255,7156,100225,53,393670
29410,0.001172,172.31.46.0-255,66,100291,53,393670
29411,0.00121,74.125.200.0-255,5738,106029,53,393670
29412,0.001212,172.31.46.0-255,66,106095,53,393670
29413,0.001238,74.125.200.0-255,2184,108279,53,393670
29414,0.001242,172.31.46.0-255,66,108345,53,393670
29415,0.001254,172.31.46.0-255,66,108411,53,393670
29416,0.001257,74.125.200.0-255,825,109236,53,393670
29417,0.001447,74.125.200.0-255,1484,110720,53,393670
29418,0.00145,172.31.46.0-255,66,110786,53,393670
29419,0.001474,74.125.200.0-255,2902,113688,53,393670
29420,0.001476,172.31.46.0-255,66,113754,53,393670
29421,0.0015,74.125.200.0-255,4320,118074,53,393670
29422,0.001503,172.31.46.0-255,66,118140,53,393670
29423,0.001527,74.125.200.0-255,1484,119624,53,393670
29424,0.001529,74.125.200.0-255,1484,121108,53,393670
29425,0.001531,172.31.46.0-255,66,121174,53,393670
29426,0.001535,74.125.200.0-255,2902,124076,53,393670
29427,0.001537,172.31.46.0-255,66,124142,53,393670
29428,0.001578,74.125.200.0-255,5738,129880,53,393670
29429,0.001581,172.31.46.0-255,66,129946,53,393670
29430,0.001584,74.125.200.0-255,1484,131430,53,393670
29431,0.00159,74.125.200.0-255,5738,137168,53,393670
29432,0.001592,172.31.46.0-255,66,137234,53,393670
29433,0.001621,74.125.200.0-255,2902,140136,53,393670
29434,0.001624,172.31.46.0-255,66,140202,53,393670
29435,0.001628,74.125.200.0-255,3602,143804,53,393670
29436,0.001631,172.31.46.0-255,66,143870,53,393670
29437,0.001773,74.125.200.0-255,1484,145354,53,393670
29438,0.001789,74.125.200.0-255,2902,148256,53,393670
29439,0.001791,172.31.46.0-255,66,148322,53,393670
29440,0.00182,74.125.200.0-255,1484,149806,53,393670
29441,0.001824,74.125.200.0-255,2902,152708,53,393670
29442,0.001826,172.31.46.0-255,66,152774,53,393670
29443,0.001864,74.125.200.0-255,5738,158512,53,393670
29444,0.001866,172.31.46.0-255,66,158578,53,393670
29445,0.001893,74.125.200.0-255,2902,161480,53,393670
29446,0.001895,172.31.46.0-255,66,161546,53,393670
29447,0.0019,74.125.200.0-255,4320,165866,53,393670
29448,0.001903,172.31.46.0-255,66,165932,53,393670
29449,0.001905,74.125.200.0-255,1484,167416,53,393670
29450,0.001935,74.125.200.0-255,5738,173154,53,393670
29451,0.001937,172.31.46.0-255,66,173220,53,393670
29452,0.001968,74.125.200.0-255,5020,178240,53,393670
29453,0.00197,172.31.46.0-255,66,178306,53,393670
29454,0.002029,74.125.200.0-255,1484,179790,53,393670
29455,0.002053,74.125.200.0-255,2902,182692,53,393670
29456,0.002055,172.31.46.0-255,66,182758,53,393670
29457,0.002058,74.125.200.0-255,1484,184242,53,393670
29458,0.002079,74.125.200.0-255,2902,187144,53,393670
29459,0.002082,172.31.46.0-255,66,187210,53,393670
29460,0.002112,74.125.200.0-255,5738,192948,53,393670
29461,0.002115,172.31.46.0-255,66,193014,53,393670
29462,0.002146,74.125.200.0-255,2902,195916,53,393670
29463,0.002148,172.31.46.0-255,66,195982,53,393670
29464,0.002173,74.125.200.0-255,1484,197466,53,393670
29465,0.002178,74.125.200.0-255,2902,200368,53,393670
29466,0.00218,172.31.46.0-255,66,200434,53,393670
29467,0.002202,74.125.200.0-255,5738,206172,53,393670
29468,0.002204,172.31.46.0-255,66,206238,53,393670
29469,0.002222,74.125.200.0-255,2902,209140,53,393670
29470,0.002224,172.31.46.0-255,66,209206,53,393670
29471,0.004387,74.125.200.0-255,5738,214944,53,393670
29472,0.004395,172.31.46.0-255,66,215010,53,393670
29473,0.006586,74.125.200.0-255,5738,220748,53,393670
29474,0.006592,172.31.46.0-255,66,220814,53,393670
29475,0.008796,74.125.200.0-255,5738,226552,53,393670
29476,0.008807,172.31.46.0-255,66,226618,53,393670
29477,0.010996,74.125.200.0-255,5738,232356,53,393670
29478,0.011007,172.31.46.0-255,66,232422,53,393670
29479,0.013221,74.125.200.0-255,5738,238160,53,393670
29480,0.013239,172.31.46.0-255,66,238226,53,393670
29481,0.01546,74.125.200.0-255,5738,243964,53,393670
29482,0.01548,172.31.46.0-255,66,244030,53,393670
29483,0.017683,74.125.200.0-255,5738,249768,53,393670
29484,0.017703,172.31.46.0-255,66,249834,53,393670
29485,0.019901,74.125.200.0-255,5738,255572,53,393670
29486,0.019919,172.31.46.0-255,66,255638,53,393670
29487,0.022162,74.125.200.0-255,5738,261376,53,393670
29488,0.022182,172.31.46.0-255,66,261442,53,393670
29489,0.024388,74.125.200.0-255,5738,267180,53,393670
29490,0.024407,172.31.46.0-255,66,267246,53,393670
29491,0.026608,74.125.200.0-255,5738,272984,53,393670
29492,0.026628,172.31.46.0-255,66,273050,53,393670
29493,0.028824,74.125.200.0-255,5738,278788,53,393670
29494,0.028838,172.31.46.0-255,66,278854,53,393670
29495,0.029012,172.31.46.0-255,188,279042,53,393670
29496,0.029058,172.31.46.0-255,953,279995,53,393670
29497,0.029124,172.31.46.0-255,1514,281509,53,393670
29498,0.029126,172.31.46.0-255,1450,282959,53,393670
29499,0.030585,104.244.42.0-255,66,283025,53,393670
29500,0.030636,104.244.42.0-255,66,283091,53,393670
29501,0.030694,104.244.42.0-255,66,283157,53,393670
29502,0.03103,74.125.200.0-255,2902,286059,53,393670
29503,0.031039,172.31.46.0-255,66,286125,53,393670
29504,0.03108,74.125.200.0-255,2902,289027,53,393670
29505,0.031085,172.31.46.0-255,66,289093,53,393670
29506,0.031348,104.244.42.0-255,108,289201,53,393670
29507,0.031357,172.31.46.0-255,66,289267,53,393670
29508,0.033225,74.125.200.0-255,2902,292169,53,393670
29509,0.033233,172.31.46.0-255,66,292235,53,393670
29510,0.033271,74.125.200.0-255,2902,295137,53,393670
29511,0.033275,172.31.46.0-255,66,295203,53,393670
29512,0.03542,74.125.200.0-255,2902,298105,53,393670
29513,0.035427,172.31.46.0-255,66,298171,53,393670
29514,0.035465,74.125.200.0-255,2902,301073,53,393670
29515,0.035468,172.31.46.0-255,66,301139,53,393670
29516,0.037613,74.125.200.0-255,1484,302623,53,393670
29517,0.037645,74.125.200.0-255,4320,306943,53,393670
29518,0.03765,172.31.46.0-255,66,307009,53,393670
29519,0.039839,74.125.200.0-255,5738,312747,53,393670
29520,0.039846,172.31.46.0-255,66,312813,53,393670
29521,0.042049,74.125.200.0-255,5738,318551,53,393670
29522,0.042062,172.31.46.0-255,66,318617,53,393670
29523,0.044255,74.125.200.0-255,5738,324355,53,393670
29524,0.044268,172.31.46.0-255,66,324421,53,393670
29525,0.046452,74.125.200.0-255,5738,330159,53,393670
29526,0.046463,172.31.46.0-255,66,330225,53,393670
29527,0.048659,74.125.200.0-255,5738,335963,53,393670
29528,0.04867,172.31.46.0-255,66,336029,53,393670
29529,0.050857,74.125.200.0-255,5738,341767,53,393670
29530,0.050866,172.31.46.0-255,66,341833,53,393670
29531,0.053058,74.125.200.0-255,5738,347571,53,393670
29532,0.053064,172.31.46.0-255,66,347637,53,393670
29533,0.055242,74.125.200.0-255,5738,353375,53,393670
29534,0.055247,172.31.46.0-255,66,353441,53,393670
29535,0.05743,74.125.200.0-255,4320,357761,53,393670
29536,0.057435,172.31.46.0-255,66,357827,53,393670
29537,0.057469,74.125.200.0-255,1484,359311,53,393670
29538,0.059632,74.125.200.0-255,2902,362213,53,393670
29539,0.059637,172.31.46.0-255,66,362279,53,393670
29540,0.059675,74.125.200.0-255,1484,363763,53,393670
29541,0.061815,74.125.200.0-255,4320,368083,53,393670
29542,0.06182,172.31.46.0-255,66,368149,53,393670
29543,0.064012,74.125.200.0-255,5738,373887,53,393670
29544,0.064021,172.31.46.0-255,66,373953,53,393670
29545,0.066229,74.125.200.0-255,5738,379691,53,393670
29546,0.066238,172.31.46.0-255,66,379757,53,393670
29547,0.068442,74.125.200.0-255,5738,385495,53,393670
29548,0.068448,172.31.46.0-255,66,385561,53,393670
29549,0.070643,74.125.200.0-255,5738,391299,53,393670
29550,0.07065,172.31.46.0-255,66,391365,53,393670
29551,0.072825,74.125.200.0-255,1543,392908,53,393670
29552,0.07283,172.31.46.0-255,66,392974,53,393670
29553,0.073006,172.31.46.0-255,105,393079,53,393670
29554,0.073032,172.31.46.0-255,105,393184,53,393670
29555,0.073247,172.31.46.0-255,90,393274,53,393670
29556,0.073257,172.31.46.0-255,66,393340,53,393670
29557,0.075141,74.125.200.0-255,66,393406,53,393670
29558,0.075159,74.125.200.0-255,66,393472,53,393670
29559,0.075379,74.125.200.0-255,66,393538,53,393670
29560,0.075419,74.125.200.0-255,66,393604,53,393670
29561,0.075425,172.31.46.0-255,66,393670,53,393670
29562,0.0,172.217.194.0-255,151,151,53,165608
29563,2.3e-05,172.31.46.0-255,66,217,53,165608
29564,2.9e-05,172.217.194.0-255,1484,1701,53,165608
29565,3.4e-05,172.31.46.0-255,66,1767,53,165608
29566,4.6e-05,172.217.194.0-255,2902,4669,53,165608
29567,5e-05,172.31.46.0-255,66,4735,53,165608
29568,5.6e-05,172.217.194.0-255,5738,10473,53,165608
29569,5.9e-05,172.31.46.0-255,66,10539,53,165608
29570,7e-05,172.31.46.0-255,66,10605,53,165608
29571,9.6e-05,172.217.194.0-255,3502,14107,53,165608
29572,9.9e-05,172.31.46.0-255,66,14173,53,165608
29573,0.000106,172.217.194.0-255,6797,20970,53,165608
29574,0.000108,172.31.46.0-255,66,21036,53,165608
29575,0.000166,172.217.194.0-255,1484,22520,53,165608
29576,0.000169,172.31.46.0-255,66,22586,53,165608
29577,0.000174,172.217.194.0-255,2902,25488,53,165608
29578,0.000176,172.31.46.0-255,66,25554,53,165608
29579,0.000219,172.217.194.0-255,5738,31292,53,165608
29580,0.000222,172.31.46.0-255,66,31358,53,165608
29581,0.000229,172.217.194.0-255,6797,38155,53,165608
29582,0.00023,172.31.46.0-255,66,38221,53,165608
29583,0.000234,172.217.194.0-255,2902,41123,53,165608
29584,0.000236,172.31.46.0-255,66,41189,53,165608
29585,0.000265,172.217.194.0-255,4320,45509,53,165608
29586,0.000267,172.31.46.0-255,66,45575,53,165608
29587,0.000276,172.217.194.0-255,4320,49895,53,165608
29588,0.000278,172.31.46.0-255,66,49961,53,165608
29589,0.000304,172.217.194.0-255,5693,55654,53,165608
29590,0.000306,172.31.46.0-255,66,55720,53,165608
29591,0.000308,172.217.194.0-255,366,56086,53,165608
29592,0.00031,172.31.46.0-255,66,56152,53,165608
29593,0.000512,172.217.194.0-255,1484,57636,53,165608
29594,0.000527,172.217.194.0-255,2902,60538,53,165608
29595,0.000531,172.31.46.0-255,66,60604,53,165608
29596,0.000537,172.217.194.0-255,4320,64924,53,165608
29597,0.000539,172.31.46.0-255,66,64990,53,165608
29598,0.000558,172.217.194.0-255,1484,66474,53,165608
29599,0.000561,172.217.194.0-255,2902,69376,53,165608
29600,0.000565,172.31.46.0-255,66,69442,53,165608
29601,0.000608,172.31.46.0-255,66,69508,53,165608
29602,0.000619,172.31.46.0-255,66,69574,53,165608
29603,0.000622,172.217.194.0-255,2184,71758,53,165608
29604,0.000624,172.31.46.0-255,66,71824,53,165608
29605,0.000628,172.217.194.0-255,2902,74726,53,165608
29606,0.00063,172.31.46.0-255,66,74792,53,165608
29607,0.000669,172.217.194.0-255,7156,81948,53,165608
29608,0.000672,172.31.46.0-255,66,82014,53,165608
29609,0.000683,172.31.46.0-255,66,82080,53,165608
29610,0.000708,172.217.194.0-255,5738,87818,53,165608
29611,0.00071,172.31.46.0-255,66,87884,53,165608
29612,0.000721,172.217.194.0-255,5886,93770,53,165608
29613,0.000723,172.31.46.0-255,66,93836,53,165608
29614,0.000785,172.217.194.0-255,1484,95320,53,165608
29615,0.000788,172.217.194.0-255,1484,96804,53,165608
29616,0.000791,172.31.46.0-255,66,96870,53,165608
29617,0.000802,172.217.194.0-255,1484,98354,53,165608
29618,0.000817,172.217.194.0-255,5738,104092,53,165608
29619,0.00082,172.31.46.0-255,66,104158,53,165608
29620,0.000867,172.31.46.0-255,66,104224,53,165608
29621,0.000896,172.217.194.0-255,7156,111380,53,165608
29622,0.000899,172.31.46.0-255,66,111446,53,165608
29623,0.000922,172.217.194.0-255,3602,115048,53,165608
29624,0.000924,172.31.46.0-255,66,115114,53,165608
29625,0.000929,172.217.194.0-255,4320,119434,53,165608
29626,0.000931,172.31.46.0-255,66,119500,53,165608
29627,0.00097,172.217.194.0-255,7156,126656,53,165608
29628,0.000981,172.31.46.0-255,66,126722,53,165608
29629,0.000983,172.31.46.0-255,66,126788,53,165608
29630,0.001035,172.31.46.0-255,66,126854,53,165608
29631,0.001038,172.31.46.0-255,66,126920,53,165608
29632,0.001049,172.217.194.0-255,1484,128404,53,165608
29633,0.001086,172.31.46.0-255,66,128470,53,165608
29634,0.001121,172.217.194.0-255,1484,129954,53,165608
29635,0.001131,172.217.194.0-255,2902,132856,53,165608
29636,0.001134,172.31.46.0-255,66,132922,53,165608
29637,0.001153,172.217.194.0-255,5738,138660,53,165608
29638,0.001156,172.31.46.0-255,66,138726,53,165608
29639,0.001162,172.217.194.0-255,7156,145882,53,165608
29640,0.001164,172.31.46.0-255,66,145948,53,165608
29641,0.001184,172.217.194.0-255,1484,147432,53,165608
29642,0.001218,172.217.194.0-255,4320,151752,53,165608
29643,0.001221,172.31.46.0-255,66,151818,53,165608
29644,0.00126,172.31.46.0-255,66,151884,53,165608
29645,0.001274,172.31.46.0-255,66,151950,53,165608
29646,0.001284,172.217.194.0-255,7156,159106,53,165608
29647,0.001286,172.31.46.0-255,66,159172,53,165608
29648,0.001311,172.217.194.0-255,2902,162074,53,165608
29649,0.001313,172.31.46.0-255,66,162140,53,165608
29650,0.001316,172.217.194.0-255,1484,163624,53,165608
29651,0.001366,172.31.46.0-255,66,163690,53,165608
29652,0.001379,172.31.46.0-255,66,163756,53,165608
29653,0.001474,172.31.46.0-255,66,163822,53,165608
29654,0.001495,172.31.46.0-255,66,163888,53,165608
29655,0.001498,172.217.194.0-255,105,163993,53,165608
29656,0.009736,172.31.46.0-255,66,164059,53,165608
29657,0.009773,172.31.46.0-255,105,164164,53,165608
29658,0.012056,172.217.194.0-255,66,164230,53,165608
29659,0.038519,172.31.46.0-255,172,164402,53,165608
29660,0.038555,172.31.46.0-255,1074,165476,53,165608
29661,0.040033,104.244.42.0-255,66,165542,53,165608
29662,0.040057,104.244.42.0-255,66,165608,53,165608
29663,0.0,74.125.24.0-255,156,156,53,253697
29664,2.4e-05,172.31.46.0-255,66,222,53,253697
29665,3.1e-05,74.125.24.0-255,1484,1706,53,253697
29666,3.6e-05,172.31.46.0-255,66,1772,53,253697
29667,5.2e-05,74.125.24.0-255,2902,4674,53,253697
29668,5.6e-05,172.31.46.0-255,66,4740,53,253697
29669,6.6e-05,74.125.24.0-255,7156,11896,53,253697
29670,7.1e-05,172.31.46.0-255,66,11962,53,253697
29671,8.2e-05,172.31.46.0-255,66,12028,53,253697
29672,8.9e-05,74.125.24.0-255,5738,17766,53,253697
29673,9.1e-05,172.31.46.0-255,66,17832,53,253697
29674,0.000131,172.31.46.0-255,66,17898,53,253697
29675,0.000179,172.31.46.0-255,66,17964,53,253697
29676,0.000205,74.125.24.0-255,5020,22984,53,253697
29677,0.000208,172.31.46.0-255,66,23050,53,253697
29678,0.000219,172.31.46.0-255,66,23116,53,253697
29679,0.000225,74.125.24.0-255,5715,28831,53,253697
29680,0.000227,172.31.46.0-255,66,28897,53,253697
29681,0.001033,74.125.24.0-255,1484,30381,53,253697
29682,0.00104,172.31.46.0-255,66,30447,53,253697
29683,0.001046,74.125.24.0-255,2902,33349,53,253697
29684,0.001048,172.31.46.0-255,66,33415,53,253697
29685,0.001052,74.125.24.0-255,2902,36317,53,253697
29686,0.001059,172.31.46.0-255,66,36383,53,253697
29687,0.001084,74.125.24.0-255,4320,40703,53,253697
29688,0.001087,172.31.46.0-255,66,40769,53,253697
29689,0.001112,74.125.24.0-255,5632,46401,53,253697
29690,0.001115,172.31.46.0-255,66,46467,53,253697
29691,0.001292,74.125.24.0-255,1484,47951,53,253697
29692,0.001299,74.125.24.0-255,2902,50853,53,253697
29693,0.001303,172.31.46.0-255,66,50919,53,253697
29694,0.001308,74.125.24.0-255,2902,53821,53,253697
29695,0.00131,172.31.46.0-255,66,53887,53,253697
29696,0.001332,74.125.24.0-255,2902,56789,53,253697
29697,0.001335,172.31.46.0-255,66,56855,53,253697
29698,0.001341,74.125.24.0-255,5738,62593,53,253697
29699,0.001344,172.31.46.0-255,66,62659,53,253697
29700,0.00138,74.125.24.0-255,7156,69815,53,253697
29701,0.001383,172.31.46.0-255,66,69881,53,253697
29702,0.001396,172.31.46.0-255,66,69947,53,253697
29703,0.001585,74.125.24.0-255,1484,71431,53,253697
29704,0.001591,74.125.24.0-255,2902,74333,53,253697
29705,0.001595,172.31.46.0-255,66,74399,53,253697
29706,0.001622,74.125.24.0-255,2902,77301,53,253697
29707,0.001625,172.31.46.0-255,66,77367,53,253697
29708,0.00163,74.125.24.0-255,4320,81687,53,253697
29709,0.001632,172.31.46.0-255,66,81753,53,253697
29710,0.001637,74.125.24.0-255,4320,86073,53,253697
29711,0.001639,172.31.46.0-255,66,86139,53,253697
29712,0.001671,74.125.24.0-255,4320,90459,53,253697
29713,0.001674,172.31.46.0-255,66,90525,53,253697
29714,0.001688,172.31.46.0-255,66,90591,53,253697
29715,0.001726,74.125.24.0-255,1484,92075,53,253697
29716,0.00174,74.125.24.0-255,2902,94977,53,253697
29717,0.001743,172.31.46.0-255,66,95043,53,253697
29718,0.001776,74.125.24.0-255,5738,100781,53,253697
29719,0.001779,172.31.46.0-255,66,100847,53,253697
29720,0.001786,74.125.24.0-255,5738,106585,53,253697
29721,0.001788,172.31.46.0-255,66,106651,53,253697
29722,0.001798,172.31.46.0-255,66,106717,53,253697
29723,0.001828,74.125.24.0-255,4320,111037,53,253697
29724,0.001831,172.31.46.0-255,66,111103,53,253697
29725,0.001837,74.125.24.0-255,5020,116123,53,253697
29726,0.001839,172.31.46.0-255,66,116189,53,253697
29727,0.001952,74.125.24.0-255,1484,117673,53,253697
29728,0.001957,74.125.24.0-255,2902,120575,53,253697
29729,0.001961,172.31.46.0-255,66,120641,53,253697
29730,0.001965,74.125.24.0-255,1484,122125,53,253697
29731,0.001985,74.125.24.0-255,4320,126445,53,253697
29732,0.001988,172.31.46.0-255,66,126511,53,253697
29733,0.001992,74.125.24.0-255,2902,129413,53,253697
29734,0.001994,172.31.46.0-255,66,129479,53,253697
29735,0.002036,172.31.46.0-255,66,129545,53,253697
29736,0.002049,172.31.46.0-255,66,129611,53,253697
29737,0.002205,74.125.24.0-255,1484,131095,53,253697
29738,0.002219,74.125.24.0-255,2902,133997,53,253697
29739,0.002222,172.31.46.0-255,66,134063,53,253697
29740,0.002228,74.125.24.0-255,2902,136965,53,253697
29741,0.00223,172.31.46.0-255,66,137031,53,253697
29742,0.002252,74.125.24.0-255,2902,139933,53,253697
29743,0.002255,172.31.46.0-255,66,139999,53,253697
29744,0.002311,172.31.46.0-255,66,140065,53,253697
29745,0.002323,172.31.46.0-255,66,140131,53,253697
29746,0.002329,74.125.24.0-255,5020,145151,53,253697
29747,0.002332,172.31.46.0-255,66,145217,53,253697
29748,0.003598,74.125.24.0-255,1484,146701,53,253697
29749,0.003608,74.125.24.0-255,2902,149603,53,253697
29750,0.003614,172.31.46.0-255,66,149669,53,253697
29751,0.003619,74.125.24.0-255,1484,151153,53,253697
29752,0.003622,74.125.24.0-255,1484,152637,53,253697
29753,0.003624,172.31.46.0-255,66,152703,53,253697
29754,0.003651,74.125.24.0-255,4320,157023,53,253697
29755,0.003658,172.31.46.0-255,66,157089,53,253697
29756,0.003662,74.125.24.0-255,1484,158573,53,253697
29757,0.003696,74.125.24.0-255,7156,165729,53,253697
29758,0.003699,172.31.46.0-255,66,165795,53,253697
29759,0.003724,74.125.24.0-255,2902,168697,53,253697
29760,0.003727,172.31.46.0-255,66,168763,53,253697
29761,0.003739,172.31.46.0-255,66,168829,53,253697
29762,0.003742,74.125.24.0-255,1484,170313,53,253697
29763,0.003746,74.125.24.0-255,1484,171797,53,253697
29764,0.003747,172.31.46.0-255,66,171863,53,253697
29765,0.003774,74.125.24.0-255,1484,173347,53,253697
29766,0.003778,74.125.24.0-255,1484,174831,53,253697
29767,0.00378,172.31.46.0-255,66,174897,53,253697
29768,0.003816,74.125.24.0-255,4320,179217,53,253697
29769,0.003819,172.31.46.0-255,66,179283,53,253697
29770,0.003825,74.125.24.0-255,4320,183603,53,253697
29771,0.003827,172.31.46.0-255,66,183669,53,253697
29772,0.003839,172.31.46.0-255,66,183735,53,253697
29773,0.003845,74.125.24.0-255,5738,189473,53,253697
29774,0.003848,172.31.46.0-255,66,189539,53,253697
29775,0.00388,74.125.24.0-255,2184,191723,53,253697
29776,0.003883,172.31.46.0-255,66,191789,53,253697
29777,0.00392,74.125.24.0-255,1484,193273,53,253697
29778,0.003935,74.125.24.0-255,2902,196175,53,253697
29779,0.003937,172.31.46.0-255,66,196241,53,253697
29780,0.00397,74.125.24.0-255,5738,201979,53,253697
29781,0.003973,172.31.46.0-255,66,202045,53,253697
29782,0.004007,172.31.46.0-255,66,202111,53,253697
29783,0.004013,74.125.24.0-255,4320,206431,53,253697
29784,0.004015,172.31.46.0-255,66,206497,53,253697
29785,0.004038,74.125.24.0-255,1484,207981,53,253697
29786,0.004071,74.125.24.0-255,6438,214419,53,253697
29787,0.004074,172.31.46.0-255,66,214485,53,253697
29788,0.004079,74.125.24.0-255,2902,217387,53,253697
29789,0.004081,172.31.46.0-255,66,217453,53,253697
29790,0.00412,74.125.24.0-255,5738,223191,53,253697
29791,0.004123,172.31.46.0-255,66,223257,53,253697
29792,0.004129,74.125.24.0-255,4320,227577,53,253697
29793,0.004131,172.31.46.0-255,66,227643,53,253697
29794,0.004139,74.125.24.0-255,7156,234799,53,253697
29795,0.004141,172.31.46.0-255,66,234865,53,253697
29796,0.004182,74.125.24.0-255,7156,242021,53,253697
29797,0.004187,172.31.46.0-255,66,242087,53,253697
29798,0.004194,74.125.24.0-255,6438,248525,53,253697
29799,0.004196,172.31.46.0-255,66,248591,53,253697
29800,0.004199,74.125.24.0-255,393,248984,53,253697
29801,0.004203,74.125.24.0-255,97,249081,53,253697
29802,0.004239,74.125.24.0-255,105,249186,53,253697
29803,0.010872,172.31.46.0-255,66,249252,53,253697
29804,0.010923,172.31.46.0-255,105,249357,53,253697
29805,0.013476,74.125.24.0-255,66,249423,53,253697
29806,0.033099,172.31.46.0-255,159,249582,53,253697
29807,0.033133,172.31.46.0-255,1116,250698,53,253697
29808,0.033197,172.31.46.0-255,1514,252212,53,253697
29809,0.033199,172.31.46.0-255,1287,253499,53,253697
29810,0.034622,104.244.42.0-255,66,253565,53,253697
29811,0.034669,104.244.42.0-255,66,253631,53,253697
29812,0.034739,104.244.42.0-255,66,253697,53,253697
29813,0.0,74.125.130.0-255,153,153,53,373791
29814,2.3e-05,172.31.46.0-255,66,219,53,373791
29815,3e-05,74.125.130.0-255,1484,1703,53,373791
29816,3.4e-05,172.31.46.0-255,66,1769,53,373791
29817,4e-05,74.125.130.0-255,2902,4671,53,373791
29818,4.4e-05,172.31.46.0-255,66,4737,53,373791
29819,7.7e-05,74.125.130.0-255,5738,10475,53,373791
29820,8.1e-05,172.31.46.0-255,66,10541,53,373791
29821,9.5e-05,74.125.130.0-255,4320,14861,53,373791
29822,9.8e-05,172.31.46.0-255,66,14927,53,373791
29823,0.000113,74.125.130.0-255,2123,17050,53,373791
29824,0.000116,172.31.46.0-255,66,17116,53,373791
29825,0.000127,172.31.46.0-255,66,17182,53,373791
29826,0.000161,74.125.130.0-255,2902,20084,53,373791
29827,0.000163,172.31.46.0-255,66,20150,53,373791
29828,0.000183,74.125.130.0-255,2543,22693,53,373791
29829,0.000185,172.31.46.0-255,66,22759,53,373791
29830,0.000268,74.125.130.0-255,1484,24243,53,373791
29831,0.000271,172.31.46.0-255,66,24309,53,373791
29832,0.000277,74.125.130.0-255,2902,27211,53,373791
29833,0.000279,172.31.46.0-255,66,27277,53,373791
29834,0.000282,74.125.130.0-255,1484,28761,53,373791
29835,0.000284,172.31.46.0-255,66,28827,53,373791
29836,0.000311,74.125.130.0-255,4320,33147,53,373791
29837,0.000313,172.31.46.0-255,66,33213,53,373791
29838,0.00032,74.125.130.0-255,5738,38951,53,373791
29839,0.000322,172.31.46.0-255,66,39017,53,373791
29840,0.000337,74.125.130.0-255,5379,44396,53,373791
29841,0.00034,172.31.46.0-255,66,44462,53,373791
29842,0.000348,74.125.130.0-255,7156,51618,53,373791
29843,0.00035,172.31.46.0-255,66,51684,53,373791
29844,0.000376,74.125.130.0-255,4320,56004,53,373791
29845,0.000378,172.31.46.0-255,66,56070,53,373791
29846,0.000381,74.125.130.0-255,1377,57447,53,373791
29847,0.000394,74.125.130.0-255,122,57569,53,373791
29848,0.000499,74.125.130.0-255,1484,59053,53,373791
29849,0.000504,172.31.46.0-255,66,59119,53,373791
29850,0.000509,74.125.130.0-255,2902,62021,53,373791
29851,0.000512,172.31.46.0-255,66,62087,53,373791
29852,0.000516,74.125.130.0-255,2902,64989,53,373791
29853,0.000519,172.31.46.0-255,66,65055,53,373791
29854,0.000544,74.125.130.0-255,4320,69375,53,373791
29855,0.000547,172.31.46.0-255,66,69441,53,373791
29856,0.000567,74.125.130.0-255,1484,70925,53,373791
29857,0.000583,74.125.130.0-255,3961,74886,53,373791
29858,0.000586,172.31.46.0-255,66,74952,53,373791
29859,0.000594,74.125.130.0-255,5738,80690,53,373791
29860,0.000596,172.31.46.0-255,66,80756,53,373791
29861,0.000647,74.125.130.0-255,5738,86494,53,373791
29862,0.00065,172.31.46.0-255,66,86560,53,373791
29863,0.000671,74.125.130.0-255,4320,90880,53,373791
29864,0.000674,172.31.46.0-255,66,90946,53,373791
29865,0.000677,74.125.130.0-255,1125,92071,53,373791
29866,0.001404,172.31.46.0-255,66,92137,53,373791
29867,0.001658,74.125.130.0-255,1484,93621,53,373791
29868,0.00167,74.125.130.0-255,2902,96523,53,373791
29869,0.001674,172.31.46.0-255,66,96589,53,373791
29870,0.00168,74.125.130.0-255,2902,99491,53,373791
29871,0.001682,172.31.46.0-255,66,99557,53,373791
29872,0.001697,74.125.130.0-255,1484,101041,53,373791
29873,0.001703,74.125.130.0-255,5738,106779,53,373791
29874,0.001705,172.31.46.0-255,66,106845,53,373791
29875,0.001727,74.125.130.0-255,2902,109747,53,373791
29876,0.001729,172.31.46.0-255,66,109813,53,373791
29877,0.001766,172.31.46.0-255,66,109879,53,373791
29878,0.001773,74.125.130.0-255,5738,115617,53,373791
29879,0.001776,172.31.46.0-255,66,115683,53,373791
29880,0.001797,74.125.130.0-255,2184,117867,53,373791
29881,0.0018,172.31.46.0-255,66,117933,53,373791
29882,0.001805,74.125.130.0-255,2902,120835,53,373791
29883,0.001806,172.31.46.0-255,66,120901,53,373791
29884,0.001822,74.125.130.0-255,1484,122385,53,373791
29885,0.001844,74.125.130.0-255,5738,128123,53,373791
29886,0.001847,172.31.46.0-255,66,128189,53,373791
29887,0.001852,74.125.130.0-255,4320,132509,53,373791
29888,0.001855,172.31.46.0-255,66,132575,53,373791
29889,0.001862,74.125.130.0-255,5738,138313,53,373791
29890,0.001864,172.31.46.0-255,66,138379,53,373791
29891,0.001869,74.125.130.0-255,2902,141281,53,373791
29892,0.001871,172.31.46.0-255,66,141347,53,373791
29893,0.001894,172.31.46.0-255,66,141413,53,373791
29894,0.001898,74.125.130.0-255,2184,143597,53,373791
29895,0.0019,172.31.46.0-255,66,143663,53,373791
29896,0.001967,74.125.130.0-255,1484,145147,53,373791
29897,0.00199,74.125.130.0-255,2902,148049,53,373791
29898,0.001993,172.31.46.0-255,66,148115,53,373791
29899,0.001999,74.125.130.0-255,2902,151017,53,373791
29900,0.002001,172.31.46.0-255,66,151083,53,373791
29901,0.003968,74.125.130.0-255,5738,156821,53,373791
29902,0.003977,172.31.46.0-255,66,156887,53,373791
29903,0.005951,74.125.130.0-255,5738,162625,53,373791
29904,0.005958,172.31.46.0-255,66,162691,53,373791
29905,0.007982,74.125.130.0-255,5738,168429,53,373791
29906,0.007989,172.31.46.0-255,66,168495,53,373791
29907,0.009975,74.125.130.0-255,5738,174233,53,373791
29908,0.009989,172.31.46.0-255,66,174299,53,373791
29909,0.011981,74.125.130.0-255,5738,180037,53,373791
29910,0.011995,172.31.46.0-255,66,180103,53,373791
29911,0.013976,74.125.130.0-255,5738,185841,53,373791
29912,0.013986,172.31.46.0-255,66,185907,53,373791
29913,0.015963,74.125.130.0-255,5738,191645,53,373791
29914,0.015975,172.31.46.0-255,66,191711,53,373791
29915,0.017955,74.125.130.0-255,5738,197449,53,373791
29916,0.017971,172.31.46.0-255,66,197515,53,373791
29917,0.019941,74.125.130.0-255,5738,203253,53,373791
29918,0.019952,172.31.46.0-255,66,203319,53,373791
29919,0.021926,74.125.130.0-255,5738,209057,53,373791
29920,0.021938,172.31.46.0-255,66,209123,53,373791
29921,0.023913,74.125.130.0-255,5738,214861,53,373791
29922,0.023925,172.31.46.0-255,66,214927,53,373791
29923,0.025909,74.125.130.0-255,5738,220665,53,373791
29924,0.025923,172.31.46.0-255,66,220731,53,373791
29925,0.027909,74.125.130.0-255,5738,226469,53,373791
29926,0.02792,172.31.46.0-255,66,226535,53,373791
29927,0.029889,74.125.130.0-255,5738,232273,53,373791
29928,0.029895,172.31.46.0-255,66,232339,53,373791
29929,0.030728,172.31.46.0-255,172,232511,53,373791
29930,0.030757,172.31.46.0-255,1112,233623,53,373791
29931,0.030806,172.31.46.0-255,1514,235137,53,373791
29932,0.030808,172.31.46.0-255,1514,236651,53,373791
29933,0.030832,172.31.46.0-255,702,237353,53,373791
29934,0.031861,74.125.130.0-255,5738,243091,53,373791
29935,0.031868,172.31.46.0-255,66,243157,53,373791
29936,0.032258,104.244.42.0-255,66,243223,53,373791
29937,0.032277,104.244.42.0-255,66,243289,53,373791
29938,0.032336,104.244.42.0-255,66,243355,53,373791
29939,0.03234,104.244.42.0-255,66,243421,53,373791
29940,0.033851,74.125.130.0-255,5738,249159,53,373791
29941,0.033857,172.31.46.0-255,66,249225,53,373791
29942,0.035852,74.125.130.0-255,5738,254963,53,373791
29943,0.035858,172.31.46.0-255,66,255029,53,373791
29944,0.037832,74.125.130.0-255,5738,260767,53,373791
29945,0.037838,172.31.46.0-255,66,260833,53,373791
29946,0.039804,74.125.130.0-255,5738,266571,53,373791
29947,0.039816,172.31.46.0-255,66,266637,53,373791
29948,0.041803,74.125.130.0-255,5738,272375,53,373791
29949,0.041814,172.31.46.0-255,66,272441,53,373791
29950,0.043792,74.125.130.0-255,5738,278179,53,373791
29951,0.043798,172.31.46.0-255,66,278245,53,373791
29952,0.045782,74.125.130.0-255,5738,283983,53,373791
29953,0.045792,172.31.46.0-255,66,284049,53,373791
29954,0.047763,74.125.130.0-255,5738,289787,53,373791
29955,0.047771,172.31.46.0-255,66,289853,53,373791
29956,0.049753,74.125.130.0-255,5738,295591,53,373791
29957,0.049764,172.31.46.0-255,66,295657,53,373791
29958,0.051748,74.125.130.0-255,5738,301395,53,373791
29959,0.051756,172.31.46.0-255,66,301461,53,373791
29960,0.053732,74.125.130.0-255,5738,307199,53,373791
29961,0.05374,172.31.46.0-255,66,307265,53,373791
29962,0.055714,74.125.130.0-255,5738,313003,53,373791
29963,0.05572,172.31.46.0-255,66,313069,53,373791
29964,0.057696,74.125.130.0-255,5738,318807,53,373791
29965,0.057702,172.31.46.0-255,66,318873,53,373791
29966,0.059672,74.125.130.0-255,5738,324611,53,373791
29967,0.059678,172.31.46.0-255,66,324677,53,373791
29968,0.061641,74.125.130.0-255,5738,330415,53,373791
29969,0.061648,172.31.46.0-255,66,330481,53,373791
29970,0.063627,74.125.130.0-255,5738,336219,53,373791
29971,0.063633,172.31.46.0-255,66,336285,53,373791
29972,0.065613,74.125.130.0-255,5738,342023,53,373791
29973,0.065619,172.31.46.0-255,66,342089,53,373791
29974,0.067587,74.125.130.0-255,5738,347827,53,373791
29975,0.067593,172.31.46.0-255,66,347893,53,373791
29976,0.069586,74.125.130.0-255,5738,353631,53,373791
29977,0.069591,172.31.46.0-255,66,353697,53,373791
29978,0.071565,74.125.130.0-255,5738,359435,53,373791
29979,0.071571,172.31.46.0-255,66,359501,53,373791
29980,0.073562,74.125.130.0-255,5738,365239,53,373791
29981,0.073568,172.31.46.0-255,66,365305,53,373791
29982,0.075533,74.125.130.0-255,5738,371043,53,373791
29983,0.075538,172.31.46.0-255,66,371109,53,373791
29984,0.077505,74.125.130.0-255,2445,373554,53,373791
29985,0.07751,172.31.46.0-255,66,373620,53,373791
29986,0.077642,172.31.46.0-255,105,373725,53,373791
29987,0.079578,74.125.130.0-255,66,373791,53,373791
29988,0.0,172.31.46.0-255,105,105,53,276
29989,0.001746,157.240.25.0-255,105,210,53,276
29990,0.00176,172.31.46.0-255,66,276,53,276
29991,0.0,74.125.200.0-255,155,155,53,370588
29992,1.5e-05,172.31.46.0-255,66,221,53,370588
29993,2.1e-05,74.125.200.0-255,1484,1705,53,370588
29994,2.5e-05,172.31.46.0-255,66,1771,53,370588
29995,3.8e-05,74.125.200.0-255,2902,4673,53,370588
29996,4.2e-05,172.31.46.0-255,66,4739,53,370588
29997,7e-05,74.125.200.0-255,5738,10477,53,370588
29998,7.3e-05,172.31.46.0-255,66,10543,53,370588
29999,9.6e-05,74.125.200.0-255,3525,14068,53,370588
30000,9.8e-05,172.31.46.0-255,66,14134,53,370588
30001,0.000104,74.125.200.0-255,4320,18454,53,370588
30002,0.000106,172.31.46.0-255,66,18520,53,370588
30003,0.000125,172.31.46.0-255,66,18586,53,370588
30004,0.000136,74.125.200.0-255,1484,20070,53,370588
30005,0.000138,172.31.46.0-255,66,20136,53,370588
30006,0.000145,74.125.200.0-255,2543,22679,53,370588
30007,0.000147,172.31.46.0-255,66,22745,53,370588
30008,0.000245,74.125.200.0-255,1484,24229,53,370588
30009,0.000249,172.31.46.0-255,66,24295,53,370588
30010,0.00026,74.125.200.0-255,1484,25779,53,370588
30011,0.000265,172.31.46.0-255,66,25845,53,370588
30012,0.000287,74.125.200.0-255,1484,27329,53,370588
30013,0.00029,172.31.46.0-255,66,27395,53,370588
30014,0.000295,74.125.200.0-255,4320,31715,53,370588
30015,0.000297,172.31.46.0-255,66,31781,53,370588
30016,0.000302,74.125.200.0-255,5738,37519,53,370588
30017,0.000304,172.31.46.0-255,66,37585,53,370588
30018,0.000329,74.125.200.0-255,6797,44382,53,370588
30019,0.000331,172.31.46.0-255,66,44448,53,370588
30020,0.000334,74.125.200.0-255,1484,45932,53,370588
30021,0.000336,172.31.46.0-255,66,45998,53,370588
30022,0.000371,74.125.200.0-255,5738,51736,53,370588
30023,0.000373,172.31.46.0-255,66,51802,53,370588
30024,0.000378,74.125.200.0-255,4320,56122,53,370588
30025,0.00038,172.31.46.0-255,66,56188,53,370588
30026,0.000398,74.125.200.0-255,1404,57592,53,370588
30027,0.000405,74.125.200.0-255,128,57720,53,370588
30028,0.000416,74.125.200.0-255,346,58066,53,370588
30029,0.000418,172.31.46.0-255,66,58132,53,370588
30030,0.000521,74.125.200.0-255,1484,59616,53,370588
30031,0.000554,74.125.200.0-255,2902,62518,53,370588
30032,0.000559,172.31.46.0-255,66,62584,53,370588
30033,0.000563,74.125.200.0-255,2902,65486,53,370588
30034,0.000566,172.31.46.0-255,66,65552,53,370588
30035,0.000582,74.125.200.0-255,2902,68454,53,370588
30036,0.000585,172.31.46.0-255,66,68520,53,370588
30037,0.000591,74.125.200.0-255,7156,75676,53,370588
30038,0.000593,172.31.46.0-255,66,75742,53,370588
30039,0.000596,74.125.200.0-255,2902,78644,53,370588
30040,0.000599,172.31.46.0-255,66,78710,53,370588
30041,0.000629,74.125.200.0-255,5738,84448,53,370588
30042,0.000632,172.31.46.0-255,66,84514,53,370588
30043,0.000668,74.125.200.0-255,4320,88834,53,370588
30044,0.00067,172.31.46.0-255,66,88900,53,370588
30045,0.000688,74.125.200.0-255,3602,92502,53,370588
30046,0.000691,172.31.46.0-255,66,92568,53,370588
30047,0.000712,74.125.200.0-255,1484,94052,53,370588
30048,0.000716,74.125.200.0-255,2902,96954,53,370588
30049,0.000718,172.31.46.0-255,66,97020,53,370588
30050,0.000721,74.125.200.0-255,1484,98504,53,370588
30051,0.000741,74.125.200.0-255,1484,99988,53,370588
30052,0.000743,172.31.46.0-255,66,100054,53,370588
30053,0.000746,74.125.200.0-255,1484,101538,53,370588
30054,0.000777,74.125.200.0-255,2902,104440,53,370588
30055,0.00078,172.31.46.0-255,66,104506,53,370588
30056,0.000789,172.31.46.0-255,66,104572,53,370588
30057,0.000798,74.125.200.0-255,4320,108892,53,370588
30058,0.0008,172.31.46.0-255,66,108958,53,370588
30059,0.000805,74.125.200.0-255,5738,114696,53,370588
30060,0.000807,172.31.46.0-255,66,114762,53,370588
30061,0.000837,74.125.200.0-255,3602,118364,53,370588
30062,0.000839,172.31.46.0-255,66,118430,53,370588
30063,0.000911,74.125.200.0-255,1484,119914,53,370588
30064,0.000929,74.125.200.0-255,2902,122816,53,370588
30065,0.000932,172.31.46.0-255,66,122882,53,370588
30066,0.000935,74.125.200.0-255,1484,124366,53,370588
30067,0.000952,74.125.200.0-255,2902,127268,53,370588
30068,0.000954,172.31.46.0-255,66,127334,53,370588
30069,0.000978,74.125.200.0-255,4320,131654,53,370588
30070,0.00098,172.31.46.0-255,66,131720,53,370588
30071,0.001006,74.125.200.0-255,1484,133204,53,370588
30072,0.001018,172.31.46.0-255,66,133270,53,370588
30073,0.001049,74.125.200.0-255,2902,136172,53,370588
30074,0.001051,172.31.46.0-255,66,136238,53,370588
30075,0.001074,74.125.200.0-255,3602,139840,53,370588
30076,0.001077,172.31.46.0-255,66,139906,53,370588
30077,0.001079,74.125.200.0-255,1484,141390,53,370588
30078,0.001104,74.125.200.0-255,2902,144292,53,370588
30079,0.001106,172.31.46.0-255,66,144358,53,370588
30080,0.001109,74.125.200.0-255,1484,145842,53,370588
30081,0.001133,74.125.200.0-255,4320,150162,53,370588
30082,0.001135,172.31.46.0-255,66,150228,53,370588
30083,0.001164,74.125.200.0-255,5738,155966,53,370588
30084,0.001167,172.31.46.0-255,66,156032,53,370588
30085,0.001173,74.125.200.0-255,7156,163188,53,370588
30086,0.001175,172.31.46.0-255,66,163254,53,370588
30087,0.001206,74.125.200.0-255,7156,170410,53,370588
30088,0.001209,172.31.46.0-255,66,170476,53,370588
30089,0.00123,74.125.200.0-255,2902,173378,53,370588
30090,0.001232,172.31.46.0-255,66,173444,53,370588
30091,0.001235,74.125.200.0-255,766,174210,53,370588
30092,0.001282,74.125.200.0-255,1484,175694,53,370588
30093,0.001285,172.31.46.0-255,66,175760,53,370588
30094,0.001335,74.125.200.0-255,1484,177244,53,370588
30095,0.00134,74.125.200.0-255,4320,181564,53,370588
30096,0.001375,74.125.200.0-255,5738,187302,53,370588
30097,0.001381,172.31.46.0-255,66,187368,53,370588
30098,0.001383,172.31.46.0-255,66,187434,53,370588
30099,0.001393,74.125.200.0-255,4320,191754,53,370588
30100,0.001399,172.31.46.0-255,66,191820,53,370588
30101,0.001403,74.125.200.0-255,4320,196140,53,370588
30102,0.001405,172.31.46.0-255,66,196206,53,370588
30103,0.001411,74.125.200.0-255,5738,201944,53,370588
30104,0.001414,172.31.46.0-255,66,202010,53,370588
30105,0.00142,74.125.200.0-255,6438,208448,53,370588
30106,0.001422,172.31.46.0-255,66,208514,53,370588
30107,0.003733,74.125.200.0-255,5738,214252,53,370588
30108,0.00374,172.31.46.0-255,66,214318,53,370588
30109,0.006061,74.125.200.0-255,5738,220056,53,370588
30110,0.006065,172.31.46.0-255,66,220122,53,370588
30111,0.008398,74.125.200.0-255,5738,225860,53,370588
30112,0.008405,172.31.46.0-255,66,225926,53,370588
30113,0.01074,74.125.200.0-255,5738,231664,53,370588
30114,0.010752,172.31.46.0-255,66,231730,53,370588
30115,0.01308,74.125.200.0-255,5738,237468,53,370588
30116,0.013089,172.31.46.0-255,66,237534,53,370588
30117,0.015435,74.125.200.0-255,5738,243272,53,370588
30118,0.015446,172.31.46.0-255,66,243338,53,370588
30119,0.017776,74.125.200.0-255,5738,249076,53,370588
30120,0.017784,172.31.46.0-255,66,249142,53,370588
30121,0.020127,74.125.200.0-255,5738,254880,53,370588
30122,0.020134,172.31.46.0-255,66,254946,53,370588
30123,0.022455,74.125.200.0-255,5738,260684,53,370588
30124,0.022461,172.31.46.0-255,66,260750,53,370588
30125,0.024794,74.125.200.0-255,5738,266488,53,370588
30126,0.024805,172.31.46.0-255,66,266554,53,370588
30127,0.027135,74.125.200.0-255,5738,272292,53,370588
30128,0.027141,172.31.46.0-255,66,272358,53,370588
30129,0.029469,74.125.200.0-255,5738,278096,53,370588
30130,0.029476,172.31.46.0-255,66,278162,53,370588
30131,0.0318,74.125.200.0-255,5738,283900,53,370588
30132,0.031806,172.31.46.0-255,66,283966,53,370588
30133,0.034129,74.125.200.0-255,5738,289704,53,370588
30134,0.034135,172.31.46.0-255,66,289770,53,370588
30135,0.03643,172.31.46.0-255,172,289942,53,370588
30136,0.036457,74.125.200.0-255,5738,295680,53,370588
30137,0.036461,172.31.46.0-255,66,295746,53,370588
30138,0.03649,172.31.46.0-255,1112,296858,53,370588
30139,0.036603,172.31.46.0-255,1514,298372,53,370588
30140,0.036605,172.31.46.0-255,1293,299665,53,370588
30141,0.037966,104.244.42.0-255,66,299731,53,370588
30142,0.038065,104.244.42.0-255,66,299797,53,370588
30143,0.038154,104.244.42.0-255,66,299863,53,370588
30144,0.038776,74.125.200.0-255,5738,305601,53,370588
30145,0.038786,172.31.46.0-255,66,305667,53,370588
30146,0.041115,74.125.200.0-255,5738,311405,53,370588
30147,0.041123,172.31.46.0-255,66,311471,53,370588
30148,0.043455,74.125.200.0-255,5738,317209,53,370588
30149,0.043463,172.31.46.0-255,66,317275,53,370588
30150,0.045788,74.125.200.0-255,5738,323013,53,370588
30151,0.045796,172.31.46.0-255,66,323079,53,370588
30152,0.048113,74.125.200.0-255,5738,328817,53,370588
30153,0.048119,172.31.46.0-255,66,328883,53,370588
30154,0.050451,74.125.200.0-255,5738,334621,53,370588
30155,0.050457,172.31.46.0-255,66,334687,53,370588
30156,0.05279,74.125.200.0-255,5738,340425,53,370588
30157,0.052796,172.31.46.0-255,66,340491,53,370588
30158,0.055123,74.125.200.0-255,5738,346229,53,370588
30159,0.055129,172.31.46.0-255,66,346295,53,370588
30160,0.057466,74.125.200.0-255,5738,352033,53,370588
30161,0.057473,172.31.46.0-255,66,352099,53,370588
30162,0.059824,74.125.200.0-255,5738,357837,53,370588
30163,0.05983,172.31.46.0-255,66,357903,53,370588
30164,0.062155,74.125.200.0-255,5738,363641,53,370588
30165,0.062167,172.31.46.0-255,66,363707,53,370588
30166,0.064493,74.125.200.0-255,5738,369445,53,370588
30167,0.064501,172.31.46.0-255,66,369511,53,370588
30168,0.066813,74.125.200.0-255,840,370351,53,370588
30169,0.066947,172.31.46.0-255,66,370417,53,370588
30170,0.066984,172.31.46.0-255,105,370522,53,370588
30171,0.069284,74.125.200.0-255,66,370588,53,370588
30172,0.0,74.125.24.0-255,298,298,53,337280
30173,1.6e-05,172.31.46.0-255,66,364,53,337280
30174,2.2e-05,74.125.24.0-255,1484,1848,53,337280
30175,2.6e-05,172.31.46.0-255,66,1914,53,337280
30176,4.1e-05,74.125.24.0-255,4320,6234,53,337280
30177,4.4e-05,172.31.46.0-255,66,6300,53,337280
30178,5.7e-05,172.31.46.0-255,66,6366,53,337280
30179,0.0001,172.31.46.0-255,66,6432,53,337280
30180,0.000128,74.125.24.0-255,5738,12170,53,337280
30181,0.000131,172.31.46.0-255,66,12236,53,337280
30182,0.000138,74.125.24.0-255,7156,19392,53,337280
30183,0.000141,172.31.46.0-255,66,19458,53,337280
30184,0.000166,74.125.24.0-255,3961,23419,53,337280
30185,0.000169,172.31.46.0-255,66,23485,53,337280
30186,0.00046,74.125.24.0-255,1484,24969,53,337280
30187,0.000465,172.31.46.0-255,66,25035,53,337280
30188,0.000471,74.125.24.0-255,2902,27937,53,337280
30189,0.000474,172.31.46.0-255,66,28003,53,337280
30190,0.000485,74.125.24.0-255,4320,32323,53,337280
30191,0.000487,172.31.46.0-255,66,32389,53,337280
30192,0.00051,74.125.24.0-255,1484,33873,53,337280
30193,0.000512,172.31.46.0-255,66,33939,53,337280
30194,0.000542,74.125.24.0-255,5738,39677,53,337280
30195,0.000545,172.31.46.0-255,66,39743,53,337280
30196,0.00057,74.125.24.0-255,1705,41448,53,337280
30197,0.000573,172.31.46.0-255,66,41514,53,337280
30198,0.000668,74.125.24.0-255,1484,42998,53,337280
30199,0.000672,172.31.46.0-255,66,43064,53,337280
30200,0.000677,74.125.24.0-255,2902,45966,53,337280
30201,0.000679,172.31.46.0-255,66,46032,53,337280
30202,0.000684,74.125.24.0-255,2902,48934,53,337280
30203,0.000691,172.31.46.0-255,66,49000,53,337280
30204,0.000717,74.125.24.0-255,2902,51902,53,337280
30205,0.00072,172.31.46.0-255,66,51968,53,337280
30206,0.000726,74.125.24.0-255,5738,57706,53,337280
30207,0.000728,172.31.46.0-255,66,57772,53,337280
30208,0.000768,172.31.46.0-255,66,57838,53,337280
30209,0.000771,74.125.24.0-255,1484,59322,53,337280
30210,0.000807,74.125.24.0-255,4320,63642,53,337280
30211,0.000809,172.31.46.0-255,66,63708,53,337280
30212,0.000831,74.125.24.0-255,3961,67669,53,337280
30213,0.000834,172.31.46.0-255,66,67735,53,337280
30214,0.001028,74.125.24.0-255,1484,69219,53,337280
30215,0.001035,74.125.24.0-255,2902,72121,53,337280
30216,0.001038,172.31.46.0-255,66,72187,53,337280
30217,0.001042,74.125.24.0-255,1484,73671,53,337280
30218,0.001066,74.125.24.0-255,4320,77991,53,337280
30219,0.001069,74.125.24.0-255,1484,79475,53,337280
30220,0.001072,172.31.46.0-255,66,79541,53,337280
30221,0.001109,172.31.46.0-255,66,79607,53,337280
30222,0.001116,74.125.24.0-255,7156,86763,53,337280
30223,0.001118,172.31.46.0-255,66,86829,53,337280
30224,0.001157,74.125.24.0-255,3602,90431,53,337280
30225,0.00116,172.31.46.0-255,66,90497,53,337280
30226,0.001417,74.125.24.0-255,1484,91981,53,337280
30227,0.001423,74.125.24.0-255,2902,94883,53,337280
30228,0.001426,172.31.46.0-255,66,94949,53,337280
30229,0.001431,74.125.24.0-255,2902,97851,53,337280
30230,0.001434,172.31.46.0-255,66,97917,53,337280
30231,0.001463,74.125.24.0-255,2902,100819,53,337280
30232,0.001465,172.31.46.0-255,66,100885,53,337280
30233,0.001473,74.125.24.0-255,7156,108041,53,337280
30234,0.001476,172.31.46.0-255,66,108107,53,337280
30235,0.001537,172.31.46.0-255,66,108173,53,337280
30236,0.001569,74.125.24.0-255,6438,114611,53,337280
30237,0.001572,172.31.46.0-255,66,114677,53,337280
30238,0.001895,74.125.24.0-255,1484,116161,53,337280
30239,0.001902,74.125.24.0-255,2902,119063,53,337280
30240,0.001905,172.31.46.0-255,66,119129,53,337280
30241,0.001935,74.125.24.0-255,5738,124867,53,337280
30242,0.001938,172.31.46.0-255,66,124933,53,337280
30243,0.001941,74.125.24.0-255,1484,126417,53,337280
30244,0.001948,74.125.24.0-255,5738,132155,53,337280
30245,0.00195,172.31.46.0-255,66,132221,53,337280
30246,0.001983,74.125.24.0-255,2902,135123,53,337280
30247,0.001986,172.31.46.0-255,66,135189,53,337280
30248,0.002,172.31.46.0-255,66,135255,53,337280
30249,0.004244,74.125.24.0-255,5738,140993,53,337280
30250,0.004251,172.31.46.0-255,66,141059,53,337280
30251,0.006512,74.125.24.0-255,5738,146797,53,337280
30252,0.006518,172.31.46.0-255,66,146863,53,337280
30253,0.008751,74.125.24.0-255,5738,152601,53,337280
30254,0.008755,172.31.46.0-255,66,152667,53,337280
30255,0.011023,74.125.24.0-255,5738,158405,53,337280
30256,0.011031,172.31.46.0-255,66,158471,53,337280
30257,0.013277,74.125.24.0-255,5738,164209,53,337280
30258,0.013288,172.31.46.0-255,66,164275,53,337280
30259,0.015546,74.125.24.0-255,5738,170013,53,337280
30260,0.015555,172.31.46.0-255,66,170079,53,337280
30261,0.01781,74.125.24.0-255,5738,175817,53,337280
30262,0.017824,172.31.46.0-255,66,175883,53,337280
30263,0.020083,74.125.24.0-255,5738,181621,53,337280
30264,0.020093,172.31.46.0-255,66,181687,53,337280
30265,0.022374,74.125.24.0-255,5738,187425,53,337280
30266,0.022382,172.31.46.0-255,66,187491,53,337280
30267,0.024657,74.125.24.0-255,5738,193229,53,337280
30268,0.024665,172.31.46.0-255,66,193295,53,337280
30269,0.026908,74.125.24.0-255,5738,199033,53,337280
30270,0.026917,172.31.46.0-255,66,199099,53,337280
30271,0.029184,74.125.24.0-255,5738,204837,53,337280
30272,0.029192,172.31.46.0-255,66,204903,53,337280
30273,0.031428,74.125.24.0-255,5738,210641,53,337280
30274,0.031436,172.31.46.0-255,66,210707,53,337280
30275,0.033744,74.125.24.0-255,5738,216445,53,337280
30276,0.033753,172.31.46.0-255,66,216511,53,337280
30277,0.036,74.125.24.0-255,5738,222249,53,337280
30278,0.036007,172.31.46.0-255,66,222315,53,337280
30279,0.036105,172.31.46.0-255,172,222487,53,337280
30280,0.036133,172.31.46.0-255,1112,223599,53,337280
30281,0.036211,172.31.46.0-255,1514,225113,53,337280
30282,0.036213,172.31.46.0-255,1514,226627,53,337280
30283,0.036214,172.31.46.0-255,1514,228141,53,337280
30284,0.036215,172.31.46.0-255,1514,229655,53,337280
30285,0.036247,172.31.46.0-255,1514,231169,53,337280
30286,0.036248,172.31.46.0-255,905,232074,53,337280
30287,0.037681,104.244.42.0-255,66,232140,53,337280
30288,0.03769,104.244.42.0-255,66,232206,53,337280
30289,0.037841,104.244.42.0-255,66,232272,53,337280
30290,0.037847,104.244.42.0-255,66,232338,53,337280
30291,0.038285,74.125.24.0-255,5738,238076,53,337280
30292,0.038292,172.31.46.0-255,66,238142,53,337280
30293,0.040549,74.125.24.0-255,5738,243880,53,337280
30294,0.040558,172.31.46.0-255,66,243946,53,337280
30295,0.042806,74.125.24.0-255,5738,249684,53,337280
30296,0.042812,172.31.46.0-255,66,249750,53,337280
30297,0.045063,74.125.24.0-255,5738,255488,53,337280
30298,0.045069,172.31.46.0-255,66,255554,53,337280
30299,0.047339,74.125.24.0-255,5738,261292,53,337280
30300,0.047346,172.31.46.0-255,66,261358,53,337280
30301,0.049602,74.125.24.0-255,5738,267096,53,337280
30302,0.049608,172.31.46.0-255,66,267162,53,337280
30303,0.051882,74.125.24.0-255,5738,272900,53,337280
30304,0.051889,172.31.46.0-255,66,272966,53,337280
30305,0.054146,74.125.24.0-255,5738,278704,53,337280
30306,0.054152,172.31.46.0-255,66,278770,53,337280
30307,0.056474,74.125.24.0-255,5738,284508,53,337280
30308,0.056481,172.31.46.0-255,66,284574,53,337280
30309,0.058737,74.125.24.0-255,5738,290312,53,337280
30310,0.058743,172.31.46.0-255,66,290378,53,337280
30311,0.061002,74.125.24.0-255,5738,296116,53,337280
30312,0.061007,172.31.46.0-255,66,296182,53,337280
30313,0.063276,74.125.24.0-255,5738,301920,53,337280
30314,0.063283,172.31.46.0-255,66,301986,53,337280
30315,0.065521,74.125.24.0-255,5738,307724,53,337280
30316,0.065528,172.31.46.0-255,66,307790,53,337280
30317,0.067786,74.125.24.0-255,5738,313528,53,337280
30318,0.067793,172.31.46.0-255,66,313594,53,337280
30319,0.070039,74.125.24.0-255,5738,319332,53,337280
30320,0.070046,172.31.46.0-255,66,319398,53,337280
30321,0.072303,74.125.24.0-255,5738,325136,53,337280
30322,0.07231,172.31.46.0-255,66,325202,53,337280
30323,0.074564,74.125.24.0-255,5738,330940,53,337280
30324,0.07457,172.31.46.0-255,66,331006,53,337280
30325,0.076827,74.125.24.0-255,5738,336744,53,337280
30326,0.076834,172.31.46.0-255,66,336810,53,337280
30327,0.079072,74.125.24.0-255,233,337043,53,337280
30328,0.0792,172.31.46.0-255,66,337109,53,337280
30329,0.079235,172.31.46.0-255,105,337214,53,337280
30330,0.08146,74.125.24.0-255,66,337280,53,337280
30331,0.0,74.125.24.0-255,146,146,53,351434
30332,1.4e-05,172.31.46.0-255,66,212,53,351434
30333,2.1e-05,74.125.24.0-255,1484,1696,53,351434
30334,2.5e-05,172.31.46.0-255,66,1762,53,351434
30335,3.1e-05,74.125.24.0-255,2902,4664,53,351434
30336,4.1e-05,172.31.46.0-255,66,4730,53,351434
30337,4.7e-05,74.125.24.0-255,4320,9050,53,351434
30338,4.9e-05,172.31.46.0-255,66,9116,53,351434
30339,7e-05,74.125.24.0-255,2902,12018,53,351434
30340,7.7e-05,172.31.46.0-255,66,12084,53,351434
30341,8.2e-05,74.125.24.0-255,2040,14124,53,351434
30342,8.4e-05,172.31.46.0-255,66,14190,53,351434
30343,0.000117,74.125.24.0-255,1484,15674,53,351434
30344,0.000119,172.31.46.0-255,66,15740,53,351434
30345,0.000123,74.125.24.0-255,2902,18642,53,351434
30346,0.000126,172.31.46.0-255,66,18708,53,351434
30347,0.00015,74.125.24.0-255,5738,24446,53,351434
30348,0.000153,172.31.46.0-255,66,24512,53,351434
30349,0.00016,74.125.24.0-255,5738,30250,53,351434
30350,0.000162,172.31.46.0-255,66,30316,53,351434
30351,0.00019,74.125.24.0-255,1125,31441,53,351434
30352,0.000192,172.31.46.0-255,66,31507,53,351434
30353,0.000244,74.125.24.0-255,1484,32991,53,351434
30354,0.000246,172.31.46.0-255,66,33057,53,351434
30355,0.000249,74.125.24.0-255,1484,34541,53,351434
30356,0.000251,172.31.46.0-255,66,34607,53,351434
30357,0.000285,74.125.24.0-255,2902,37509,53,351434
30358,0.000288,172.31.46.0-255,66,37575,53,351434
30359,0.000296,74.125.24.0-255,7156,44731,53,351434
30360,0.000299,172.31.46.0-255,66,44797,53,351434
30361,0.000336,172.31.46.0-255,66,44863,53,351434
30362,0.000361,74.125.24.0-255,1125,45988,53,351434
30363,0.000369,74.125.24.0-255,5379,51367,53,351434
30364,0.000528,172.31.46.0-255,66,51433,53,351434
30365,0.000657,74.125.24.0-255,645,52078,53,351434
30366,0.000775,74.125.24.0-255,1484,53562,53,351434
30367,0.000793,172.31.46.0-255,66,53628,53,351434
30368,0.000798,74.125.24.0-255,2902,56530,53,351434
30369,0.000803,74.125.24.0-255,4320,60850,53,351434
30370,0.000812,172.31.46.0-255,66,60916,53,351434
30371,0.00082,74.125.24.0-255,1484,62400,53,351434
30372,0.000825,74.125.24.0-255,4320,66720,53,351434
30373,0.000842,74.125.24.0-255,3961,70681,53,351434
30374,0.000849,74.125.24.0-255,7156,77837,53,351434
30375,0.00086,74.125.24.0-255,1484,79321,53,351434
30376,0.000871,172.31.46.0-255,66,79387,53,351434
30377,0.000899,74.125.24.0-255,6797,86184,53,351434
30378,0.000915,172.31.46.0-255,66,86250,53,351434
30379,0.001062,74.125.24.0-255,1484,87734,53,351434
30380,0.001068,74.125.24.0-255,2902,90636,53,351434
30381,0.001071,172.31.46.0-255,66,90702,53,351434
30382,0.001104,74.125.24.0-255,5738,96440,53,351434
30383,0.001121,74.125.24.0-255,1484,97924,53,351434
30384,0.001135,74.125.24.0-255,5738,103662,53,351434
30385,0.001138,172.31.46.0-255,66,103728,53,351434
30386,0.001147,74.125.24.0-255,2902,106630,53,351434
30387,0.001149,74.125.24.0-255,1484,108114,53,351434
30388,0.001167,172.31.46.0-255,66,108180,53,351434
30389,0.00121,74.125.24.0-255,3602,111782,53,351434
30390,0.001213,172.31.46.0-255,66,111848,53,351434
30391,0.001219,172.31.46.0-255,66,111914,53,351434
30392,0.001425,74.125.24.0-255,1484,113398,53,351434
30393,0.001429,74.125.24.0-255,1484,114882,53,351434
30394,0.001433,172.31.46.0-255,66,114948,53,351434
30395,0.001447,74.125.24.0-255,1484,116432,53,351434
30396,0.00146,74.125.24.0-255,5738,122170,53,351434
30397,0.001481,74.125.24.0-255,5738,127908,53,351434
30398,0.001486,172.31.46.0-255,66,127974,53,351434
30399,0.001519,74.125.24.0-255,7156,135130,53,351434
30400,0.001531,74.125.24.0-255,766,135896,53,351434
30401,0.001584,172.31.46.0-255,66,135962,53,351434
30402,0.001675,74.125.24.0-255,1484,137446,53,351434
30403,0.001681,74.125.24.0-255,2902,140348,53,351434
30404,0.001683,172.31.46.0-255,66,140414,53,351434
30405,0.001688,74.125.24.0-255,2902,143316,53,351434
30406,0.00171,74.125.24.0-255,4320,147636,53,351434
30407,0.001725,74.125.24.0-255,2902,150538,53,351434
30408,0.001728,172.31.46.0-255,66,150604,53,351434
30409,0.001733,172.31.46.0-255,66,150670,53,351434
30410,0.001747,74.125.24.0-255,4320,154990,53,351434
30411,0.00177,74.125.24.0-255,7156,162146,53,351434
30412,0.001776,172.31.46.0-255,66,162212,53,351434
30413,0.00183,172.31.46.0-255,66,162278,53,351434
30414,0.001956,74.125.24.0-255,1484,163762,53,351434
30415,0.001969,74.125.24.0-255,2902,166664,53,351434
30416,0.001974,172.31.46.0-255,66,166730,53,351434
30417,0.002005,74.125.24.0-255,5738,172468,53,351434
30418,0.00201,74.125.24.0-255,4320,176788,53,351434
30419,0.002026,74.125.24.0-255,1484,178272,53,351434
30420,0.002032,172.31.46.0-255,66,178338,53,351434
30421,0.002049,74.125.24.0-255,1484,179822,53,351434
30422,0.002059,172.31.46.0-255,66,179888,53,351434
30423,0.002075,74.125.24.0-255,5738,185626,53,351434
30424,0.002078,74.125.24.0-255,766,186392,53,351434
30425,0.002097,172.31.46.0-255,66,186458,53,351434
30426,0.004173,74.125.24.0-255,5738,192196,53,351434
30427,0.004181,172.31.46.0-255,66,192262,53,351434
30428,0.006258,74.125.24.0-255,1484,193746,53,351434
30429,0.006279,74.125.24.0-255,4320,198066,53,351434
30430,0.006506,172.31.46.0-255,66,198132,53,351434
30431,0.008598,74.125.24.0-255,5738,203870,53,351434
30432,0.008603,172.31.46.0-255,66,203936,53,351434
30433,0.010688,74.125.24.0-255,5738,209674,53,351434
30434,0.010696,172.31.46.0-255,66,209740,53,351434
30435,0.01277,74.125.24.0-255,5738,215478,53,351434
30436,0.012778,172.31.46.0-255,66,215544,53,351434
30437,0.014872,74.125.24.0-255,5738,221282,53,351434
30438,0.014879,172.31.46.0-255,66,221348,53,351434
30439,0.01699,74.125.24.0-255,5738,227086,53,351434
30440,0.016997,172.31.46.0-255,66,227152,53,351434
30441,0.019089,74.125.24.0-255,5738,232890,53,351434
30442,0.019097,172.31.46.0-255,66,232956,53,351434
30443,0.021213,74.125.24.0-255,5738,238694,53,351434
30444,0.02123,172.31.46.0-255,66,238760,53,351434
30445,0.023308,74.125.24.0-255,5738,244498,53,351434
30446,0.023317,172.31.46.0-255,66,244564,53,351434
30447,0.025396,74.125.24.0-255,5738,250302,53,351434
30448,0.025406,172.31.46.0-255,66,250368,53,351434
30449,0.027515,74.125.24.0-255,5738,256106,53,351434
30450,0.027525,172.31.46.0-255,66,256172,53,351434
30451,0.029611,74.125.24.0-255,5738,261910,53,351434
30452,0.029622,172.31.46.0-255,66,261976,53,351434
30453,0.031711,74.125.24.0-255,2902,264878,53,351434
30454,0.031718,172.31.46.0-255,66,264944,53,351434
30455,0.031747,74.125.24.0-255,2902,267846,53,351434
30456,0.031812,172.31.46.0-255,66,267912,53,351434
30457,0.032259,172.31.46.0-255,172,268084,53,351434
30458,0.03229,172.31.46.0-255,1112,269196,53,351434
30459,0.032349,172.31.46.0-255,1514,270710,53,351434
30460,0.032351,172.31.46.0-255,1514,272224,53,351434
30461,0.032352,172.31.46.0-255,702,272926,53,351434
30462,0.033819,74.125.24.0-255,2902,275828,53,351434
30463,0.033825,172.31.46.0-255,66,275894,53,351434
30464,0.033838,104.244.42.0-255,66,275960,53,351434
30465,0.033844,104.244.42.0-255,66,276026,53,351434
30466,0.033884,74.125.24.0-255,2902,278928,53,351434
30467,0.033895,104.244.42.0-255,66,278994,53,351434
30468,0.033902,104.244.42.0-255,66,279060,53,351434
30469,0.033924,172.31.46.0-255,66,279126,53,351434
30470,0.035905,74.125.24.0-255,2902,282028,53,351434
30471,0.035912,172.31.46.0-255,66,282094,53,351434
30472,0.036014,74.125.24.0-255,2902,284996,53,351434
30473,0.036019,172.31.46.0-255,66,285062,53,351434
30474,0.038018,74.125.24.0-255,2902,287964,53,351434
30475,0.038025,172.31.46.0-255,66,288030,53,351434
30476,0.038102,74.125.24.0-255,2902,290932,53,351434
30477,0.038114,172.31.46.0-255,66,290998,53,351434
30478,0.040101,74.125.24.0-255,2902,293900,53,351434
30479,0.040108,172.31.46.0-255,66,293966,53,351434
30480,0.040212,74.125.24.0-255,2902,296868,53,351434
30481,0.040216,172.31.46.0-255,66,296934,53,351434
30482,0.042202,74.125.24.0-255,2902,299836,53,351434
30483,0.042207,172.31.46.0-255,66,299902,53,351434
30484,0.042296,74.125.24.0-255,2902,302804,53,351434
30485,0.042318,172.31.46.0-255,66,302870,53,351434
30486,0.044313,74.125.24.0-255,2902,305772,53,351434
30487,0.04432,172.31.46.0-255,66,305838,53,351434
30488,0.044421,74.125.24.0-255,2902,308740,53,351434
30489,0.044425,172.31.46.0-255,66,308806,53,351434
30490,0.046441,74.125.24.0-255,2902,311708,53,351434
30491,0.046447,172.31.46.0-255,66,311774,53,351434
30492,0.046505,74.125.24.0-255,2902,314676,53,351434
30493,0.04653,172.31.46.0-255,66,314742,53,351434
30494,0.04854,74.125.24.0-255,2902,317644,53,351434
30495,0.048547,172.31.46.0-255,66,317710,53,351434
30496,0.048613,74.125.24.0-255,2902,320612,53,351434
30497,0.048896,172.31.46.0-255,66,320678,53,351434
30498,0.050632,74.125.24.0-255,2902,323580,53,351434
30499,0.050639,172.31.46.0-255,66,323646,53,351434
30500,0.050983,74.125.24.0-255,2902,326548,53,351434
30501,0.050989,172.31.46.0-255,66,326614,53,351434
30502,0.052745,74.125.24.0-255,2902,329516,53,351434
30503,0.052752,172.31.46.0-255,66,329582,53,351434
30504,0.053058,74.125.24.0-255,2902,332484,53,351434
30505,0.053064,172.31.46.0-255,66,332550,53,351434
30506,0.054852,74.125.24.0-255,2902,335452,53,351434
30507,0.054859,172.31.46.0-255,66,335518,53,351434
30508,0.055126,74.125.24.0-255,2902,338420,53,351434
30509,0.055133,172.31.46.0-255,66,338486,53,351434
30510,0.05695,74.125.24.0-255,2902,341388,53,351434
30511,0.056957,172.31.46.0-255,66,341454,53,351434
30512,0.057232,74.125.24.0-255,2902,344356,53,351434
30513,0.057238,172.31.46.0-255,66,344422,53,351434
30514,0.05905,74.125.24.0-255,2902,347324,53,351434
30515,0.059057,172.31.46.0-255,66,347390,53,351434
30516,0.059319,74.125.24.0-255,2902,350292,53,351434
30517,0.059325,172.31.46.0-255,66,350358,53,351434
30518,0.061135,74.125.24.0-255,839,351197,53,351434
30519,0.06127,172.31.46.0-255,66,351263,53,351434
30520,0.061305,172.31.46.0-255,105,351368,53,351434
30521,0.063384,74.125.24.0-255,66,351434,53,351434
30522,0.0,172.217.194.0-255,152,152,53,311227
30523,2.4e-05,172.31.46.0-255,66,218,53,311227
30524,3.2e-05,172.217.194.0-255,1484,1702,53,311227
30525,3.7e-05,172.31.46.0-255,66,1768,53,311227
30526,5e-05,172.217.194.0-255,2902,4670,53,311227
30527,5.4e-05,172.31.46.0-255,66,4736,53,311227
30528,6e-05,172.217.194.0-255,4320,9056,53,311227
30529,6.3e-05,172.31.46.0-255,66,9122,53,311227
30530,6.9e-05,172.217.194.0-255,4931,14053,53,311227
30531,7.2e-05,172.31.46.0-255,66,14119,53,311227
30532,0.000112,172.217.194.0-255,5738,19857,53,311227
30533,0.000115,172.31.46.0-255,66,19923,53,311227
30534,0.000158,172.31.46.0-255,66,19989,53,311227
30535,0.000182,172.217.194.0-255,1484,21473,53,311227
30536,0.000184,172.31.46.0-255,66,21539,53,311227
30537,0.000201,172.31.46.0-255,66,21605,53,311227
30538,0.000214,172.31.46.0-255,66,21671,53,311227
30539,0.000226,172.31.46.0-255,66,21737,53,311227
30540,0.000256,172.217.194.0-255,2543,24280,53,311227
30541,0.000258,172.31.46.0-255,66,24346,53,311227
30542,0.000544,172.217.194.0-255,647,24993,53,311227
30543,0.000549,172.31.46.0-255,66,25059,53,311227
30544,0.000582,172.217.194.0-255,1484,26543,53,311227
30545,0.000585,172.31.46.0-255,66,26609,53,311227
30546,0.00059,172.217.194.0-255,4320,30929,53,311227
30547,0.000593,172.31.46.0-255,66,30995,53,311227
30548,0.000649,172.31.46.0-255,66,31061,53,311227
30549,0.000652,172.217.194.0-255,1125,32186,53,311227
30550,0.000657,172.217.194.0-255,1484,33670,53,311227
30551,0.000659,172.31.46.0-255,66,33736,53,311227
30552,0.00067,172.217.194.0-255,4320,38056,53,311227
30553,0.000672,172.31.46.0-255,66,38122,53,311227
30554,0.000685,172.31.46.0-255,66,38188,53,311227
30555,0.000688,172.217.194.0-255,1125,39313,53,311227
30556,0.000849,172.217.194.0-255,1484,40797,53,311227
30557,0.000859,172.31.46.0-255,66,40863,53,311227
30558,0.000866,172.217.194.0-255,2902,43765,53,311227
30559,0.000868,172.31.46.0-255,66,43831,53,311227
30560,0.000892,172.217.194.0-255,4320,48151,53,311227
30561,0.000894,172.31.46.0-255,66,48217,53,311227
30562,0.000925,172.31.46.0-255,66,48283,53,311227
30563,0.000954,172.217.194.0-255,5738,54021,53,311227
30564,0.000958,172.31.46.0-255,66,54087,53,311227
30565,0.000992,172.217.194.0-255,4320,58407,53,311227
30566,0.000995,172.31.46.0-255,66,58473,53,311227
30567,0.001019,172.217.194.0-255,6438,64911,53,311227
30568,0.001022,172.31.46.0-255,66,64977,53,311227
30569,0.00123,172.217.194.0-255,1484,66461,53,311227
30570,0.001248,172.217.194.0-255,2902,69363,53,311227
30571,0.001251,172.31.46.0-255,66,69429,53,311227
30572,0.001269,172.217.194.0-255,2902,72331,53,311227
30573,0.001272,172.31.46.0-255,66,72397,53,311227
30574,0.001298,172.217.194.0-255,2902,75299,53,311227
30575,0.001301,172.31.46.0-255,66,75365,53,311227
30576,0.001313,172.31.46.0-255,66,75431,53,311227
30577,0.001343,172.217.194.0-255,2902,78333,53,311227
30578,0.001346,172.31.46.0-255,66,78399,53,311227
30579,0.001364,172.31.46.0-255,66,78465,53,311227
30580,0.003344,172.217.194.0-255,5738,84203,53,311227
30581,0.00335,172.31.46.0-255,66,84269,53,311227
30582,0.00535,172.217.194.0-255,4320,88589,53,311227
30583,0.005355,172.31.46.0-255,66,88655,53,311227
30584,0.005385,172.217.194.0-255,1484,90139,53,311227
30585,0.007344,172.217.194.0-255,4320,94459,53,311227
30586,0.007352,172.31.46.0-255,66,94525,53,311227
30587,0.009326,172.217.194.0-255,5738,100263,53,311227
30588,0.009335,172.31.46.0-255,66,100329,53,311227
30589,0.011324,172.217.194.0-255,5738,106067,53,311227
30590,0.011341,172.31.46.0-255,66,106133,53,311227
30591,0.013322,172.217.194.0-255,5738,111871,53,311227
30592,0.013341,172.31.46.0-255,66,111937,53,311227
30593,0.015343,172.217.194.0-255,5738,117675,53,311227
30594,0.015354,172.31.46.0-255,66,117741,53,311227
30595,0.017328,172.217.194.0-255,5738,123479,53,311227
30596,0.017338,172.31.46.0-255,66,123545,53,311227
30597,0.019394,172.217.194.0-255,5738,129283,53,311227
30598,0.019411,172.31.46.0-255,66,129349,53,311227
30599,0.021421,172.217.194.0-255,5738,135087,53,311227
30600,0.021435,172.31.46.0-255,66,135153,53,311227
30601,0.023422,172.217.194.0-255,5738,140891,53,311227
30602,0.023433,172.31.46.0-255,66,140957,53,311227
30603,0.025396,172.217.194.0-255,5738,146695,53,311227
30604,0.025407,172.31.46.0-255,66,146761,53,311227
30605,0.027397,172.217.194.0-255,5738,152499,53,311227
30606,0.027412,172.31.46.0-255,66,152565,53,311227
30607,0.029401,172.217.194.0-255,5738,158303,53,311227
30608,0.029414,172.31.46.0-255,66,158369,53,311227
30609,0.031437,172.217.194.0-255,5738,164107,53,311227
30610,0.03145,172.31.46.0-255,66,164173,53,311227
30611,0.03341,172.217.194.0-255,5738,169911,53,311227
30612,0.033422,172.31.46.0-255,66,169977,53,311227
30613,0.035427,172.217.194.0-255,5738,175715,53,311227
30614,0.035446,172.31.46.0-255,66,175781,53,311227
30615,0.037435,172.217.194.0-255,5738,181519,53,311227
30616,0.037447,172.31.46.0-255,66,181585,53,311227
30617,0.038944,172.31.46.0-255,193,181778,53,311227
30618,0.038984,172.31.46.0-255,1112,182890,53,311227
30619,0.039053,172.31.46.0-255,1514,184404,53,311227
30620,0.039055,172.31.46.0-255,1514,185918,53,311227
30621,0.039056,172.31.46.0-255,1514,187432,53,311227
30622,0.039057,172.31.46.0-255,1514,188946,53,311227
30623,0.039084,172.31.46.0-255,1507,190453,53,311227
30624,0.039456,172.217.194.0-255,5738,196191,53,311227
30625,0.039464,172.31.46.0-255,66,196257,53,311227
30626,0.040502,104.244.42.0-255,66,196323,53,311227
30627,0.040565,104.244.42.0-255,66,196389,53,311227
30628,0.040667,104.244.42.0-255,66,196455,53,311227
30629,0.041451,172.217.194.0-255,5738,202193,53,311227
30630,0.041458,172.31.46.0-255,66,202259,53,311227
30631,0.043431,172.217.194.0-255,5738,207997,53,311227
30632,0.043438,172.31.46.0-255,66,208063,53,311227
30633,0.045417,172.217.194.0-255,5738,213801,53,311227
30634,0.045429,172.31.46.0-255,66,213867,53,311227
30635,0.047448,172.217.194.0-255,5738,219605,53,311227
30636,0.047454,172.31.46.0-255,66,219671,53,311227
30637,0.049457,172.217.194.0-255,5738,225409,53,311227
30638,0.049468,172.31.46.0-255,66,225475,53,311227
30639,0.051449,172.217.194.0-255,5738,231213,53,311227
30640,0.051461,172.31.46.0-255,66,231279,53,311227
30641,0.053461,172.217.194.0-255,5738,237017,53,311227
30642,0.05348,172.31.46.0-255,66,237083,53,311227
30643,0.055488,172.217.194.0-255,5738,242821,53,311227
30644,0.055511,172.31.46.0-255,66,242887,53,311227
30645,0.057511,172.217.194.0-255,5738,248625,53,311227
30646,0.05753,172.31.46.0-255,66,248691,53,311227
30647,0.059541,172.217.194.0-255,5738,254429,53,311227
30648,0.059557,172.31.46.0-255,66,254495,53,311227
30649,0.061573,172.217.194.0-255,5738,260233,53,311227
30650,0.06159,172.31.46.0-255,66,260299,53,311227
30651,0.063615,172.217.194.0-255,5738,266037,53,311227
30652,0.063632,172.31.46.0-255,66,266103,53,311227
30653,0.065641,172.217.194.0-255,5738,271841,53,311227
30654,0.06566,172.31.46.0-255,66,271907,53,311227
30655,0.06766,172.217.194.0-255,5738,277645,53,311227
30656,0.067675,172.31.46.0-255,66,277711,53,311227
30657,0.069671,172.217.194.0-255,5738,283449,53,311227
30658,0.069689,172.31.46.0-255,66,283515,53,311227
30659,0.071702,172.217.194.0-255,5738,289253,53,311227
30660,0.07172,172.31.46.0-255,66,289319,53,311227
30661,0.073777,172.217.194.0-255,5738,295057,53,311227
30662,0.073794,172.31.46.0-255,66,295123,53,311227
30663,0.075798,172.217.194.0-255,5738,300861,53,311227
30664,0.075816,172.31.46.0-255,66,300927,53,311227
30665,0.077804,172.217.194.0-255,5738,306665,53,311227
30666,0.07782,172.31.46.0-255,66,306731,53,311227
30667,0.079845,172.217.194.0-255,4259,310990,53,311227
30668,0.079865,172.31.46.0-255,66,311056,53,311227
30669,0.080192,172.31.46.0-255,105,311161,53,311227
30670,0.082166,172.217.194.0-255,66,311227,53,311227
30671,0.0,74.125.24.0-255,152,152,53,375522
30672,2.3e-05,172.31.46.0-255,66,218,53,375522
30673,3.1e-05,74.125.24.0-255,1484,1702,53,375522
30674,3.5e-05,172.31.46.0-255,66,1768,53,375522
30675,4.1e-05,74.125.24.0-255,2902,4670,53,375522
30676,4.5e-05,172.31.46.0-255,66,4736,53,375522
30677,5e-05,74.125.24.0-255,2902,7638,53,375522
30678,5.3e-05,172.31.46.0-255,66,7704,53,375522
30679,7.9e-05,74.125.24.0-255,4320,12024,53,375522
30680,8.2e-05,172.31.46.0-255,66,12090,53,375522
30681,0.000108,74.125.24.0-255,2110,14200,53,375522
30682,0.000111,172.31.46.0-255,66,14266,53,375522
30683,0.000251,74.125.24.0-255,1484,15750,53,375522
30684,0.000255,172.31.46.0-255,66,15816,53,375522
30685,0.00029,74.125.24.0-255,2902,18718,53,375522
30686,0.000294,172.31.46.0-255,66,18784,53,375522
30687,0.000309,74.125.24.0-255,5738,24522,53,375522
30688,0.000312,172.31.46.0-255,66,24588,53,375522
30689,0.00034,74.125.24.0-255,7156,31744,53,375522
30690,0.000343,172.31.46.0-255,66,31810,53,375522
30691,0.000368,74.125.24.0-255,3961,35771,53,375522
30692,0.000371,172.31.46.0-255,66,35837,53,375522
30693,0.000377,74.125.24.0-255,5738,41575,53,375522
30694,0.00038,172.31.46.0-255,66,41641,53,375522
30695,0.000405,74.125.24.0-255,2902,44543,53,375522
30696,0.000408,172.31.46.0-255,66,44609,53,375522
30697,0.000435,172.31.46.0-255,66,44675,53,375522
30698,0.000457,74.125.24.0-255,4320,48995,53,375522
30699,0.00046,172.31.46.0-255,66,49061,53,375522
30700,0.000479,74.125.24.0-255,3602,52663,53,375522
30701,0.000482,172.31.46.0-255,66,52729,53,375522
30702,0.000499,74.125.24.0-255,362,53091,53,375522
30703,0.0007,74.125.24.0-255,1484,54575,53,375522
30704,0.000705,172.31.46.0-255,66,54641,53,375522
30705,0.000726,74.125.24.0-255,2902,57543,53,375522
30706,0.000729,74.125.24.0-255,1484,59027,53,375522
30707,0.000733,172.31.46.0-255,66,59093,53,375522
30708,0.000749,74.125.24.0-255,4320,63413,53,375522
30709,0.000752,172.31.46.0-255,66,63479,53,375522
30710,0.000757,74.125.24.0-255,4320,67799,53,375522
30711,0.00076,172.31.46.0-255,66,67865,53,375522
30712,0.000782,74.125.24.0-255,1484,69349,53,375522
30713,0.000798,74.125.24.0-255,3696,73045,53,375522
30714,0.000801,172.31.46.0-255,66,73111,53,375522
30715,0.000806,74.125.24.0-255,2902,76013,53,375522
30716,0.000808,172.31.46.0-255,66,76079,53,375522
30717,0.000825,74.125.24.0-255,5738,81817,53,375522
30718,0.000828,172.31.46.0-255,66,81883,53,375522
30719,0.000864,74.125.24.0-255,1484,83367,53,375522
30720,0.000881,74.125.24.0-255,3961,87328,53,375522
30721,0.000885,172.31.46.0-255,66,87394,53,375522
30722,0.001034,74.125.24.0-255,1484,88878,53,375522
30723,0.001041,74.125.24.0-255,2902,91780,53,375522
30724,0.001045,172.31.46.0-255,66,91846,53,375522
30725,0.00105,74.125.24.0-255,2902,94748,53,375522
30726,0.001053,172.31.46.0-255,66,94814,53,375522
30727,0.001069,74.125.24.0-255,2902,97716,53,375522
30728,0.001073,74.125.24.0-255,2902,100618,53,375522
30729,0.001077,172.31.46.0-255,66,100684,53,375522
30730,0.00108,172.31.46.0-255,66,100750,53,375522
30731,0.001089,74.125.24.0-255,2902,103652,53,375522
30732,0.001092,172.31.46.0-255,66,103718,53,375522
30733,0.001109,74.125.24.0-255,7156,110874,53,375522
30734,0.001112,172.31.46.0-255,66,110940,53,375522
30735,0.001118,74.125.24.0-255,4320,115260,53,375522
30736,0.00112,172.31.46.0-255,66,115326,53,375522
30737,0.001138,74.125.24.0-255,5738,121064,53,375522
30738,0.001141,172.31.46.0-255,66,121130,53,375522
30739,0.001169,74.125.24.0-255,766,121896,53,375522
30740,0.001681,74.125.24.0-255,1484,123380,53,375522
30741,0.001687,172.31.46.0-255,66,123446,53,375522
30742,0.001702,74.125.24.0-255,2902,126348,53,375522
30743,0.001706,172.31.46.0-255,66,126414,53,375522
30744,0.001732,74.125.24.0-255,5738,132152,53,375522
30745,0.001736,74.125.24.0-255,2902,135054,53,375522
30746,0.00174,172.31.46.0-255,66,135120,53,375522
30747,0.001743,172.31.46.0-255,66,135186,53,375522
30748,0.001778,74.125.24.0-255,5738,140924,53,375522
30749,0.001781,172.31.46.0-255,66,140990,53,375522
30750,0.001798,74.125.24.0-255,5379,146369,53,375522
30751,0.001801,172.31.46.0-255,66,146435,53,375522
30752,0.001807,74.125.24.0-255,5738,152173,53,375522
30753,0.001809,172.31.46.0-255,66,152239,53,375522
30754,0.001866,74.125.24.0-255,4320,156559,53,375522
30755,0.001868,172.31.46.0-255,66,156625,53,375522
30756,0.001897,172.31.46.0-255,66,156691,53,375522
30757,0.001902,74.125.24.0-255,2184,158875,53,375522
30758,0.001904,172.31.46.0-255,66,158941,53,375522
30759,0.004104,74.125.24.0-255,2902,161843,53,375522
30760,0.004111,172.31.46.0-255,66,161909,53,375522
30761,0.004141,74.125.24.0-255,2902,164811,53,375522
30762,0.004143,172.31.46.0-255,66,164877,53,375522
30763,0.006365,74.125.24.0-255,5738,170615,53,375522
30764,0.006371,172.31.46.0-255,66,170681,53,375522
30765,0.008641,74.125.24.0-255,5738,176419,53,375522
30766,0.008647,172.31.46.0-255,66,176485,53,375522
30767,0.010873,74.125.24.0-255,5738,182223,53,375522
30768,0.01088,172.31.46.0-255,66,182289,53,375522
30769,0.013092,74.125.24.0-255,5738,188027,53,375522
30770,0.013099,172.31.46.0-255,66,188093,53,375522
30771,0.015343,74.125.24.0-255,5738,193831,53,375522
30772,0.015352,172.31.46.0-255,66,193897,53,375522
30773,0.017582,74.125.24.0-255,5738,199635,53,375522
30774,0.01759,172.31.46.0-255,66,199701,53,375522
30775,0.019835,74.125.24.0-255,5738,205439,53,375522
30776,0.019842,172.31.46.0-255,66,205505,53,375522
30777,0.022088,74.125.24.0-255,5738,211243,53,375522
30778,0.022096,172.31.46.0-255,66,211309,53,375522
30779,0.024343,74.125.24.0-255,5738,217047,53,375522
30780,0.024351,172.31.46.0-255,66,217113,53,375522
30781,0.026601,74.125.24.0-255,5738,222851,53,375522
30782,0.02661,172.31.46.0-255,66,222917,53,375522
30783,0.028842,74.125.24.0-255,5738,228655,53,375522
30784,0.028849,172.31.46.0-255,66,228721,53,375522
30785,0.031083,74.125.24.0-255,5738,234459,53,375522
30786,0.031088,172.31.46.0-255,66,234525,53,375522
30787,0.032056,172.31.46.0-255,188,234713,53,375522
30788,0.032088,172.31.46.0-255,953,235666,53,375522
30789,0.032147,172.31.46.0-255,1514,237180,53,375522
30790,0.032149,172.31.46.0-255,1450,238630,53,375522
30791,0.033316,74.125.24.0-255,5738,244368,53,375522
30792,0.033325,172.31.46.0-255,66,244434,53,375522
30793,0.033645,104.244.42.0-255,66,244500,53,375522
30794,0.033679,104.244.42.0-255,66,244566,53,375522
30795,0.033683,104.244.42.0-255,66,244632,53,375522
30796,0.035576,74.125.24.0-255,5738,250370,53,375522
30797,0.035582,172.31.46.0-255,66,250436,53,375522
30798,0.037837,74.125.24.0-255,5738,256174,53,375522
30799,0.037844,172.31.46.0-255,66,256240,53,375522
30800,0.040085,74.125.24.0-255,5738,261978,53,375522
30801,0.040092,172.31.46.0-255,66,262044,53,375522
30802,0.04232,74.125.24.0-255,5738,267782,53,375522
30803,0.042331,172.31.46.0-255,66,267848,53,375522
30804,0.044563,74.125.24.0-255,5738,273586,53,375522
30805,0.04457,172.31.46.0-255,66,273652,53,375522
30806,0.046838,74.125.24.0-255,5738,279390,53,375522
30807,0.046845,172.31.46.0-255,66,279456,53,375522
30808,0.049081,74.125.24.0-255,5738,285194,53,375522
30809,0.049087,172.31.46.0-255,66,285260,53,375522
30810,0.05131,74.125.24.0-255,5738,290998,53,375522
30811,0.051317,172.31.46.0-255,66,291064,53,375522
30812,0.053572,74.125.24.0-255,5738,296802,53,375522
30813,0.053579,172.31.46.0-255,66,296868,53,375522
30814,0.05583,74.125.24.0-255,5738,302606,53,375522
30815,0.055838,172.31.46.0-255,66,302672,53,375522
30816,0.058059,74.125.24.0-255,5738,308410,53,375522
30817,0.058066,172.31.46.0-255,66,308476,53,375522
30818,0.060298,74.125.24.0-255,5738,314214,53,375522
30819,0.060305,172.31.46.0-255,66,314280,53,375522
30820,0.062573,74.125.24.0-255,5738,320018,53,375522
30821,0.062581,172.31.46.0-255,66,320084,53,375522
30822,0.064833,74.125.24.0-255,5738,325822,53,375522
30823,0.06484,172.31.46.0-255,66,325888,53,375522
30824,0.06707,74.125.24.0-255,5738,331626,53,375522
30825,0.067076,172.31.46.0-255,66,331692,53,375522
30826,0.069365,74.125.24.0-255,5738,337430,53,375522
30827,0.069371,172.31.46.0-255,66,337496,53,375522
30828,0.071608,74.125.24.0-255,5738,343234,53,375522
30829,0.071614,172.31.46.0-255,66,343300,53,375522
30830,0.073832,74.125.24.0-255,5738,349038,53,375522
30831,0.073839,172.31.46.0-255,66,349104,53,375522
30832,0.076111,74.125.24.0-255,5738,354842,53,375522
30833,0.076118,172.31.46.0-255,66,354908,53,375522
30834,0.078372,74.125.24.0-255,5738,360646,53,375522
30835,0.078379,172.31.46.0-255,66,360712,53,375522
30836,0.080578,74.125.24.0-255,2902,363614,53,375522
30837,0.080585,172.31.46.0-255,66,363680,53,375522
30838,0.080607,74.125.24.0-255,2902,366582,53,375522
30839,0.08061,172.31.46.0-255,66,366648,53,375522
30840,0.08279,74.125.24.0-255,2902,369550,53,375522
30841,0.082797,172.31.46.0-255,66,369616,53,375522
30842,0.082838,74.125.24.0-255,2902,372518,53,375522
30843,0.082842,172.31.46.0-255,66,372584,53,375522
30844,0.085034,74.125.24.0-255,2176,374760,53,375522
30845,0.085041,172.31.46.0-255,66,374826,53,375522
30846,0.085211,172.31.46.0-255,105,374931,53,375522
30847,0.085246,172.31.46.0-255,105,375036,53,375522
30848,0.085517,172.31.46.0-255,90,375126,53,375522
30849,0.085527,172.31.46.0-255,66,375192,53,375522
30850,0.087389,74.125.24.0-255,66,375258,53,375522
30851,0.087417,74.125.24.0-255,66,375324,53,375522
30852,0.087704,74.125.24.0-255,66,375390,53,375522
30853,0.087731,74.125.24.0-255,66,375456,53,375522
30854,0.087745,172.31.46.0-255,66,375522,53,375522
30855,0.0,74.125.130.0-255,153,153,53,302734
30856,2.1e-05,172.31.46.0-255,66,219,53,302734
30857,2.8e-05,74.125.130.0-255,1484,1703,53,302734
30858,3.2e-05,172.31.46.0-255,66,1769,53,302734
30859,3.8e-05,74.125.130.0-255,2902,4671,53,302734
30860,4e-05,172.31.46.0-255,66,4737,53,302734
30861,4.3e-05,74.125.130.0-255,1484,6221,53,302734
30862,4.6e-05,172.31.46.0-255,66,6287,53,302734
30863,6.8e-05,74.125.130.0-255,2902,9189,53,302734
30864,7.1e-05,172.31.46.0-255,66,9255,53,302734
30865,9.8e-05,74.125.130.0-255,2902,12157,53,302734
30866,0.0001,172.31.46.0-255,66,12223,53,302734
30867,0.000121,74.125.130.0-255,1995,14218,53,302734
30868,0.000124,172.31.46.0-255,66,14284,53,302734
30869,0.000575,74.125.130.0-255,1484,15768,53,302734
30870,0.000582,172.31.46.0-255,66,15834,53,302734
30871,0.00059,74.125.130.0-255,2902,18736,53,302734
30872,0.000593,172.31.46.0-255,66,18802,53,302734
30873,0.000596,74.125.130.0-255,1484,20286,53,302734
30874,0.000598,172.31.46.0-255,66,20352,53,302734
30875,0.000623,74.125.130.0-255,2902,23254,53,302734
30876,0.000625,172.31.46.0-255,66,23320,53,302734
30877,0.000652,74.125.130.0-255,5738,29058,53,302734
30878,0.000655,172.31.46.0-255,66,29124,53,302734
30879,0.00066,74.125.130.0-255,2543,31667,53,302734
30880,0.000663,172.31.46.0-255,66,31733,53,302734
30881,0.001591,74.125.130.0-255,1484,33217,53,302734
30882,0.001598,172.31.46.0-255,66,33283,53,302734
30883,0.001604,74.125.130.0-255,2902,36185,53,302734
30884,0.001607,172.31.46.0-255,66,36251,53,302734
30885,0.00161,74.125.130.0-255,1484,37735,53,302734
30886,0.001612,172.31.46.0-255,66,37801,53,302734
30887,0.001639,74.125.130.0-255,2902,40703,53,302734
30888,0.001641,172.31.46.0-255,66,40769,53,302734
30889,0.001647,74.125.130.0-255,5738,46507,53,302734
30890,0.00165,172.31.46.0-255,66,46573,53,302734
30891,0.001667,74.125.130.0-255,5379,51952,53,302734
30892,0.001669,172.31.46.0-255,66,52018,53,302734
30893,0.001676,74.125.130.0-255,5738,57756,53,302734
30894,0.001678,172.31.46.0-255,66,57822,53,302734
30895,0.001716,74.125.130.0-255,1484,59306,53,302734
30896,0.001731,74.125.130.0-255,5738,65044,53,302734
30897,0.001733,172.31.46.0-255,66,65110,53,302734
30898,0.001753,74.125.130.0-255,1704,66814,53,302734
30899,0.001755,172.31.46.0-255,66,66880,53,302734
30900,0.002232,74.125.130.0-255,1484,68364,53,302734
30901,0.002248,74.125.130.0-255,1484,69848,53,302734
30902,0.002251,172.31.46.0-255,66,69914,53,302734
30903,0.002272,74.125.130.0-255,1484,71398,53,302734
30904,0.002277,74.125.130.0-255,2902,74300,53,302734
30905,0.002279,172.31.46.0-255,66,74366,53,302734
30906,0.002285,74.125.130.0-255,4320,78686,53,302734
30907,0.002288,172.31.46.0-255,66,78752,53,302734
30908,0.002321,74.125.130.0-255,5379,84131,53,302734
30909,0.002323,172.31.46.0-255,66,84197,53,302734
30910,0.004901,74.125.130.0-255,5738,89935,53,302734
30911,0.004907,172.31.46.0-255,66,90001,53,302734
30912,0.00748,74.125.130.0-255,5738,95739,53,302734
30913,0.007489,172.31.46.0-255,66,95805,53,302734
30914,0.010046,74.125.130.0-255,5738,101543,53,302734
30915,0.010053,172.31.46.0-255,66,101609,53,302734
30916,0.012621,74.125.130.0-255,5738,107347,53,302734
30917,0.012629,172.31.46.0-255,66,107413,53,302734
30918,0.0152,74.125.130.0-255,5738,113151,53,302734
30919,0.015209,172.31.46.0-255,66,113217,53,302734
30920,0.01778,74.125.130.0-255,5738,118955,53,302734
30921,0.017793,172.31.46.0-255,66,119021,53,302734
30922,0.020364,74.125.130.0-255,5738,124759,53,302734
30923,0.020372,172.31.46.0-255,66,124825,53,302734
30924,0.02294,74.125.130.0-255,5738,130563,53,302734
30925,0.022948,172.31.46.0-255,66,130629,53,302734
30926,0.025522,74.125.130.0-255,5738,136367,53,302734
30927,0.025529,172.31.46.0-255,66,136433,53,302734
30928,0.028105,74.125.130.0-255,5738,142171,53,302734
30929,0.028113,172.31.46.0-255,66,142237,53,302734
30930,0.030693,74.125.130.0-255,5738,147975,53,302734
30931,0.030701,172.31.46.0-255,66,148041,53,302734
30932,0.033276,74.125.130.0-255,5738,153779,53,302734
30933,0.033283,172.31.46.0-255,66,153845,53,302734
30934,0.035864,74.125.130.0-255,5738,159583,53,302734
30935,0.035873,172.31.46.0-255,66,159649,53,302734
30936,0.038478,74.125.130.0-255,5738,165387,53,302734
30937,0.038487,172.31.46.0-255,66,165453,53,302734
30938,0.039417,172.31.46.0-255,176,165629,53,302734
30939,0.03945,172.31.46.0-255,1112,166741,53,302734
30940,0.039528,172.31.46.0-255,1514,168255,53,302734
30941,0.03953,172.31.46.0-255,789,169044,53,302734
30942,0.040972,104.244.42.0-255,66,169110,53,302734
30943,0.041016,104.244.42.0-255,66,169176,53,302734
30944,0.041057,74.125.130.0-255,5738,174914,53,302734
30945,0.041062,172.31.46.0-255,66,174980,53,302734
30946,0.041069,104.244.42.0-255,66,175046,53,302734
30947,0.043644,74.125.130.0-255,5738,180784,53,302734
30948,0.043654,172.31.46.0-255,66,180850,53,302734
30949,0.046233,74.125.130.0-255,5738,186588,53,302734
30950,0.04624,172.31.46.0-255,66,186654,53,302734
30951,0.048827,74.125.130.0-255,5738,192392,53,302734
30952,0.048833,172.31.46.0-255,66,192458,53,302734
30953,0.051406,74.125.130.0-255,5738,198196,53,302734
30954,0.051412,172.31.46.0-255,66,198262,53,302734
30955,0.05399,74.125.130.0-255,5738,204000,53,302734
30956,0.053997,172.31.46.0-255,66,204066,53,302734
30957,0.056569,74.125.130.0-255,5738,209804,53,302734
30958,0.056574,172.31.46.0-255,66,209870,53,302734
30959,0.059145,74.125.130.0-255,5738,215608,53,302734
30960,0.059152,172.31.46.0-255,66,215674,53,302734
30961,0.061724,74.125.130.0-255,5738,221412,53,302734
30962,0.061729,172.31.46.0-255,66,221478,53,302734
30963,0.064316,74.125.130.0-255,5738,227216,53,302734
30964,0.064323,172.31.46.0-255,66,227282,53,302734
30965,0.0669,74.125.130.0-255,5738,233020,53,302734
30966,0.066906,172.31.46.0-255,66,233086,53,302734
30967,0.069481,74.125.130.0-255,5738,238824,53,302734
30968,0.069488,172.31.46.0-255,66,238890,53,302734
30969,0.072061,74.125.130.0-255,5738,244628,53,302734
30970,0.072067,172.31.46.0-255,66,244694,53,302734
30971,0.074634,74.125.130.0-255,5738,250432,53,302734
30972,0.07464,172.31.46.0-255,66,250498,53,302734
30973,0.077228,74.125.130.0-255,5738,256236,53,302734
30974,0.077235,172.31.46.0-255,66,256302,53,302734
30975,0.079805,74.125.130.0-255,5738,262040,53,302734
30976,0.079812,172.31.46.0-255,66,262106,53,302734
30977,0.082374,74.125.130.0-255,5738,267844,53,302734
30978,0.082382,172.31.46.0-255,66,267910,53,302734
30979,0.084975,74.125.130.0-255,5738,273648,53,302734
30980,0.084981,172.31.46.0-255,66,273714,53,302734
30981,0.087556,74.125.130.0-255,5738,279452,53,302734
30982,0.087563,172.31.46.0-255,66,279518,53,302734
30983,0.090144,74.125.130.0-255,5738,285256,53,302734
30984,0.090151,172.31.46.0-255,66,285322,53,302734
30985,0.092731,74.125.130.0-255,5738,291060,53,302734
30986,0.092737,172.31.46.0-255,66,291126,53,302734
30987,0.09531,74.125.130.0-255,5738,296864,53,302734
30988,0.095317,172.31.46.0-255,66,296930,53,302734
30989,0.097902,74.125.130.0-255,5738,302668,53,302734
30990,0.097909,172.31.46.0-255,66,302734,53,302734
30991,0.0,172.217.194.0-255,153,153,53,311391
30992,1.5e-05,172.31.46.0-255,66,219,53,311391
30993,2.2e-05,172.217.194.0-255,1484,1703,53,311391
30994,2.6e-05,172.31.46.0-255,66,1769,53,311391
30995,4.1e-05,172.217.194.0-255,2902,4671,53,311391
30996,4.5e-05,172.31.46.0-255,66,4737,53,311391
30997,5.2e-05,172.217.194.0-255,5738,10475,53,311391
30998,5.5e-05,172.31.46.0-255,66,10541,53,311391
30999,9.8e-05,172.31.46.0-255,66,10607,53,311391
31000,0.000156,172.217.194.0-255,6797,17404,53,311391
31001,0.000159,172.31.46.0-255,66,17470,53,311391
31002,0.000192,172.217.194.0-255,1484,18954,53,311391
31003,0.000194,172.31.46.0-255,66,19020,53,311391
31004,0.000199,172.217.194.0-255,2902,21922,53,311391
31005,0.000201,172.31.46.0-255,66,21988,53,311391
31006,0.000231,172.217.194.0-255,5738,27726,53,311391
31007,0.000234,172.31.46.0-255,66,27792,53,311391
31008,0.000237,172.217.194.0-255,1484,29276,53,311391
31009,0.000239,172.31.46.0-255,66,29342,53,311391
31010,0.000271,172.31.46.0-255,66,29408,53,311391
31011,0.000311,172.217.194.0-255,2902,32310,53,311391
31012,0.000314,172.31.46.0-255,66,32376,53,311391
31013,0.00035,172.31.46.0-255,66,32442,53,311391
31014,0.000515,172.217.194.0-255,646,33088,53,311391
31015,0.00052,172.31.46.0-255,66,33154,53,311391
31016,0.000847,172.217.194.0-255,1484,34638,53,311391
31017,0.000852,172.31.46.0-255,66,34704,53,311391
31018,0.000857,172.217.194.0-255,2902,37606,53,311391
31019,0.000859,172.31.46.0-255,66,37672,53,311391
31020,0.000864,172.217.194.0-255,2902,40574,53,311391
31021,0.000882,172.217.194.0-255,2902,43476,53,311391
31022,0.000889,172.217.194.0-255,1484,44960,53,311391
31023,0.000914,172.31.46.0-255,66,45026,53,311391
31024,0.000922,172.217.194.0-255,1484,46510,53,311391
31025,0.00097,172.217.194.0-255,1484,47994,53,311391
31026,0.000973,172.31.46.0-255,66,48060,53,311391
31027,0.001019,172.31.46.0-255,66,48126,53,311391
31028,0.002126,172.217.194.0-255,1484,49610,53,311391
31029,0.002138,172.217.194.0-255,2902,52512,53,311391
31030,0.002143,172.31.46.0-255,66,52578,53,311391
31031,0.00215,172.217.194.0-255,5738,58316,53,311391
31032,0.002174,172.217.194.0-255,7156,65472,53,311391
31033,0.00219,172.217.194.0-255,5738,71210,53,311391
31034,0.002246,172.217.194.0-255,4320,75530,53,311391
31035,0.00227,172.217.194.0-255,6438,81968,53,311391
31036,0.006719,172.31.46.0-255,66,82034,53,311391
31037,0.009113,172.217.194.0-255,5738,87772,53,311391
31038,0.009122,172.31.46.0-255,66,87838,53,311391
31039,0.011518,172.217.194.0-255,5738,93576,53,311391
31040,0.011527,172.31.46.0-255,66,93642,53,311391
31041,0.013877,172.217.194.0-255,5738,99380,53,311391
31042,0.013888,172.31.46.0-255,66,99446,53,311391
31043,0.016237,172.217.194.0-255,5738,105184,53,311391
31044,0.016248,172.31.46.0-255,66,105250,53,311391
31045,0.018583,172.217.194.0-255,5738,110988,53,311391
31046,0.018591,172.31.46.0-255,66,111054,53,311391
31047,0.020974,172.217.194.0-255,5738,116792,53,311391
31048,0.020982,172.31.46.0-255,66,116858,53,311391
31049,0.023399,172.217.194.0-255,5738,122596,53,311391
31050,0.023408,172.31.46.0-255,66,122662,53,311391
31051,0.025692,172.31.46.0-255,172,122834,53,311391
31052,0.02572,172.31.46.0-255,1111,123945,53,311391
31053,0.025775,172.217.194.0-255,4320,128265,53,311391
31054,0.025779,172.31.46.0-255,66,128331,53,311391
31055,0.025806,172.217.194.0-255,1484,129815,53,311391
31056,0.025815,172.31.46.0-255,1514,131329,53,311391
31057,0.025816,172.31.46.0-255,1292,132621,53,311391
31058,0.027237,104.244.42.0-255,66,132687,53,311391
31059,0.027245,104.244.42.0-255,66,132753,53,311391
31060,0.027392,104.244.42.0-255,66,132819,53,311391
31061,0.028134,172.217.194.0-255,4320,137139,53,311391
31062,0.02814,172.31.46.0-255,66,137205,53,311391
31063,0.030508,172.217.194.0-255,5738,142943,53,311391
31064,0.030557,172.31.46.0-255,66,143009,53,311391
31065,0.032944,172.217.194.0-255,5738,148747,53,311391
31066,0.032951,172.31.46.0-255,66,148813,53,311391
31067,0.035306,172.217.194.0-255,5738,154551,53,311391
31068,0.035312,172.31.46.0-255,66,154617,53,311391
31069,0.037674,172.217.194.0-255,5738,160355,53,311391
31070,0.037681,172.31.46.0-255,66,160421,53,311391
31071,0.04005,172.217.194.0-255,5738,166159,53,311391
31072,0.040057,172.31.46.0-255,66,166225,53,311391
31073,0.042417,172.217.194.0-255,1484,167709,53,311391
31074,0.042439,172.217.194.0-255,4320,172029,53,311391
31075,0.042444,172.31.46.0-255,66,172095,53,311391
31076,0.044816,172.217.194.0-255,5738,177833,53,311391
31077,0.044824,172.31.46.0-255,66,177899,53,311391
31078,0.0472,172.217.194.0-255,5738,183637,53,311391
31079,0.047205,172.31.46.0-255,66,183703,53,311391
31080,0.049597,172.217.194.0-255,5738,189441,53,311391
31081,0.049605,172.31.46.0-255,66,189507,53,311391
31082,0.051945,172.217.194.0-255,5738,195245,53,311391
31083,0.051951,172.31.46.0-255,66,195311,53,311391
31084,0.054303,172.217.194.0-255,5738,201049,53,311391
31085,0.054309,172.31.46.0-255,66,201115,53,311391
31086,0.056661,172.217.194.0-255,5738,206853,53,311391
31087,0.056666,172.31.46.0-255,66,206919,53,311391
31088,0.05906,172.217.194.0-255,5738,212657,53,311391
31089,0.059065,172.31.46.0-255,66,212723,53,311391
31090,0.061446,172.217.194.0-255,5738,218461,53,311391
31091,0.061453,172.31.46.0-255,66,218527,53,311391
31092,0.063785,172.217.194.0-255,5738,224265,53,311391
31093,0.063791,172.31.46.0-255,66,224331,53,311391
31094,0.066181,172.217.194.0-255,5738,230069,53,311391
31095,0.066189,172.31.46.0-255,66,230135,53,311391
31096,0.068576,172.217.194.0-255,5738,235873,53,311391
31097,0.068583,172.31.46.0-255,66,235939,53,311391
31098,0.070936,172.217.194.0-255,5738,241677,53,311391
31099,0.070948,172.31.46.0-255,66,241743,53,311391
31100,0.073323,172.217.194.0-255,5738,247481,53,311391
31101,0.073332,172.31.46.0-255,66,247547,53,311391
31102,0.075733,172.217.194.0-255,5738,253285,53,311391
31103,0.07574,172.31.46.0-255,66,253351,53,311391
31104,0.078088,172.217.194.0-255,5738,259089,53,311391
31105,0.078094,172.31.46.0-255,66,259155,53,311391
31106,0.08045,172.217.194.0-255,5738,264893,53,311391
31107,0.08046,172.31.46.0-255,66,264959,53,311391
31108,0.082848,172.217.194.0-255,5738,270697,53,311391
31109,0.082855,172.31.46.0-255,66,270763,53,311391
31110,0.085241,172.217.194.0-255,5738,276501,53,311391
31111,0.085248,172.31.46.0-255,66,276567,53,311391
31112,0.087631,172.217.194.0-255,5738,282305,53,311391
31113,0.087638,172.31.46.0-255,66,282371,53,311391
31114,0.090021,172.217.194.0-255,5738,288109,53,311391
31115,0.090029,172.31.46.0-255,66,288175,53,311391
31116,0.092431,172.217.194.0-255,5738,293913,53,311391
31117,0.092438,172.31.46.0-255,66,293979,53,311391
31118,0.094808,172.217.194.0-255,5738,299717,53,311391
31119,0.094815,172.31.46.0-255,66,299783,53,311391
31120,0.097208,172.217.194.0-255,5738,305521,53,311391
31121,0.097214,172.31.46.0-255,66,305587,53,311391
31122,0.099628,172.217.194.0-255,5738,311325,53,311391
31123,0.099636,172.31.46.0-255,66,311391,53,311391
31124,0.0,74.125.24.0-255,152,152,53,179787
31125,1.3e-05,172.31.46.0-255,66,218,53,179787
31126,2e-05,74.125.24.0-255,1484,1702,53,179787
31127,2.4e-05,172.31.46.0-255,66,1768,53,179787
31128,3e-05,74.125.24.0-255,2902,4670,53,179787
31129,4.3e-05,172.31.46.0-255,66,4736,53,179787
31130,5.1e-05,74.125.24.0-255,7156,11892,53,179787
31131,5.5e-05,172.31.46.0-255,66,11958,53,179787
31132,6.1e-05,74.125.24.0-255,4840,16798,53,179787
31133,6.4e-05,172.31.46.0-255,66,16864,53,179787
31134,7.1e-05,74.125.24.0-255,5738,22602,53,179787
31135,7.3e-05,172.31.46.0-255,66,22668,53,179787
31136,8.5e-05,172.31.46.0-255,66,22734,53,179787
31137,0.000171,74.125.24.0-255,1484,24218,53,179787
31138,0.000176,74.125.24.0-255,2902,27120,53,179787
31139,0.00018,172.31.46.0-255,66,27186,53,179787
31140,0.000184,172.31.46.0-255,66,27252,53,179787
31141,0.000211,74.125.24.0-255,5738,32990,53,179787
31142,0.000214,172.31.46.0-255,66,33056,53,179787
31143,0.000217,74.125.24.0-255,1484,34540,53,179787
31144,0.000219,172.31.46.0-255,66,34606,53,179787
31145,0.000239,172.31.46.0-255,66,34672,53,179787
31146,0.000247,74.125.24.0-255,7156,41828,53,179787
31147,0.000249,172.31.46.0-255,66,41894,53,179787
31148,0.000275,74.125.24.0-255,2902,44796,53,179787
31149,0.000277,172.31.46.0-255,66,44862,53,179787
31150,0.000283,74.125.24.0-255,4272,49134,53,179787
31151,0.000285,172.31.46.0-255,66,49200,53,179787
31152,0.000308,74.125.24.0-255,376,49576,53,179787
31153,0.00031,172.31.46.0-255,66,49642,53,179787
31154,0.000476,74.125.24.0-255,1484,51126,53,179787
31155,0.000482,74.125.24.0-255,2902,54028,53,179787
31156,0.000486,172.31.46.0-255,66,54094,53,179787
31157,0.000492,74.125.24.0-255,2902,56996,53,179787
31158,0.000494,172.31.46.0-255,66,57062,53,179787
31159,0.000519,74.125.24.0-255,2902,59964,53,179787
31160,0.000522,172.31.46.0-255,66,60030,53,179787
31161,0.000556,74.125.24.0-255,5738,65768,53,179787
31162,0.000558,172.31.46.0-255,66,65834,53,179787
31163,0.000588,172.31.46.0-255,66,65900,53,179787
31164,0.000599,172.31.46.0-255,66,65966,53,179787
31165,0.001086,74.125.24.0-255,1484,67450,53,179787
31166,0.001093,74.125.24.0-255,2902,70352,53,179787
31167,0.001097,172.31.46.0-255,66,70418,53,179787
31168,0.001135,74.125.24.0-255,5738,76156,53,179787
31169,0.001138,172.31.46.0-255,66,76222,53,179787
31170,0.001152,172.31.46.0-255,66,76288,53,179787
31171,0.001163,172.31.46.0-255,66,76354,53,179787
31172,0.001185,74.125.24.0-255,766,77120,53,179787
31173,0.001237,74.125.24.0-255,1484,78604,53,179787
31174,0.001241,172.31.46.0-255,66,78670,53,179787
31175,0.001245,74.125.24.0-255,2902,81572,53,179787
31176,0.001247,172.31.46.0-255,66,81638,53,179787
31177,0.001253,74.125.24.0-255,4320,85958,53,179787
31178,0.001255,172.31.46.0-255,66,86024,53,179787
31179,0.001294,74.125.24.0-255,1484,87508,53,179787
31180,0.001309,172.31.46.0-255,66,87574,53,179787
31181,0.001321,172.31.46.0-255,66,87640,53,179787
31182,0.00154,74.125.24.0-255,1484,89124,53,179787
31183,0.001566,74.125.24.0-255,2902,92026,53,179787
31184,0.001571,172.31.46.0-255,66,92092,53,179787
31185,0.001579,74.125.24.0-255,5738,97830,53,179787
31186,0.001581,172.31.46.0-255,66,97896,53,179787
31187,0.001593,172.31.46.0-255,66,97962,53,179787
31188,0.001612,74.125.24.0-255,1484,99446,53,179787
31189,0.001625,172.31.46.0-255,66,99512,53,179787
31190,0.001654,74.125.24.0-255,2902,102414,53,179787
31191,0.001657,172.31.46.0-255,66,102480,53,179787
31192,0.001661,74.125.24.0-255,2902,105382,53,179787
31193,0.001664,172.31.46.0-255,66,105448,53,179787
31194,0.001686,74.125.24.0-255,1484,106932,53,179787
31195,0.001696,172.31.46.0-255,66,106998,53,179787
31196,0.00171,172.31.46.0-255,66,107064,53,179787
31197,0.001743,74.125.24.0-255,6438,113502,53,179787
31198,0.001745,172.31.46.0-255,66,113568,53,179787
31199,0.001787,74.125.24.0-255,1484,115052,53,179787
31200,0.001792,74.125.24.0-255,2902,117954,53,179787
31201,0.001795,172.31.46.0-255,66,118020,53,179787
31202,0.001798,74.125.24.0-255,1484,119504,53,179787
31203,0.001827,74.125.24.0-255,4320,123824,53,179787
31204,0.00183,172.31.46.0-255,66,123890,53,179787
31205,0.001854,172.31.46.0-255,66,123956,53,179787
31206,0.001866,172.31.46.0-255,66,124022,53,179787
31207,0.001947,74.125.24.0-255,1484,125506,53,179787
31208,0.001961,74.125.24.0-255,2902,128408,53,179787
31209,0.001965,172.31.46.0-255,66,128474,53,179787
31210,0.001971,74.125.24.0-255,4320,132794,53,179787
31211,0.001973,172.31.46.0-255,66,132860,53,179787
31212,0.001991,74.125.24.0-255,1484,134344,53,179787
31213,0.002037,172.31.46.0-255,66,134410,53,179787
31214,0.002066,74.125.24.0-255,5738,140148,53,179787
31215,0.002069,172.31.46.0-255,66,140214,53,179787
31216,0.002099,74.125.24.0-255,5020,145234,53,179787
31217,0.002102,172.31.46.0-255,66,145300,53,179787
31218,0.002132,74.125.24.0-255,1484,146784,53,179787
31219,0.002146,74.125.24.0-255,2902,149686,53,179787
31220,0.002149,172.31.46.0-255,66,149752,53,179787
31221,0.002153,74.125.24.0-255,2902,152654,53,179787
31222,0.002155,172.31.46.0-255,66,152720,53,179787
31223,0.002185,74.125.24.0-255,7156,159876,53,179787
31224,0.002188,172.31.46.0-255,66,159942,53,179787
31225,0.002226,172.31.46.0-255,66,160008,53,179787
31226,0.002258,74.125.24.0-255,4320,164328,53,179787
31227,0.002261,172.31.46.0-255,66,164394,53,179787
31228,0.002284,74.125.24.0-255,6438,170832,53,179787
31229,0.002287,172.31.46.0-255,66,170898,53,179787
31230,0.002299,172.31.46.0-255,66,170964,53,179787
31231,0.002346,172.31.46.0-255,66,171030,53,179787
31232,0.002361,74.125.24.0-255,2902,173932,53,179787
31233,0.002363,172.31.46.0-255,66,173998,53,179787
31234,0.002398,172.31.46.0-255,66,174064,53,179787
31235,0.00348,172.31.46.0-255,101,174165,53,179787
31236,0.004743,74.125.24.0-255,105,174270,53,179787
31237,0.004953,172.31.46.0-255,105,174375,53,179787
31238,0.005827,74.125.24.0-255,66,174441,53,179787
31239,0.007303,74.125.24.0-255,66,174507,53,179787
31240,0.033914,172.31.46.0-255,172,174679,53,179787
31241,0.03395,172.31.46.0-255,1112,175791,53,179787
31242,0.034046,172.31.46.0-255,1514,177305,53,179787
31243,0.034048,172.31.46.0-255,1514,178819,53,179787
31244,0.034072,172.31.46.0-255,704,179523,53,179787
31245,0.035435,104.244.42.0-255,66,179589,53,179787
31246,0.035445,104.244.42.0-255,66,179655,53,179787
31247,0.035575,104.244.42.0-255,66,179721,53,179787
31248,0.035578,104.244.42.0-255,66,179787,53,179787
31249,0.0,172.31.46.0-255,105,105,53,278785
31250,0.000229,172.31.46.0-255,90,195,53,278785
31251,0.000237,172.31.46.0-255,66,261,53,278785
31252,0.00253,74.125.68.0-255,66,327,53,278785
31253,0.002545,74.125.68.0-255,66,393,53,278785
31254,0.002557,172.31.46.0-255,66,459,53,278785
31255,0.064725,216.58.221.0-255,153,612,53,278785
31256,0.064749,172.31.46.0-255,66,678,53,278785
31257,0.064757,216.58.221.0-255,1484,2162,53,278785
31258,0.064761,172.31.46.0-255,66,2228,53,278785
31259,0.064768,216.58.221.0-255,2902,5130,53,278785
31260,0.064772,172.31.46.0-255,66,5196,53,278785
31261,0.064779,216.58.221.0-255,7156,12352,53,278785
31262,0.064783,172.31.46.0-255,66,12418,53,278785
31263,0.064798,172.31.46.0-255,66,12484,53,278785
31264,0.064855,216.58.221.0-255,5379,17863,53,278785
31265,0.064858,172.31.46.0-255,66,17929,53,278785
31266,0.064912,216.58.221.0-255,1484,19413,53,278785
31267,0.064915,216.58.221.0-255,1484,20897,53,278785
31268,0.06492,172.31.46.0-255,66,20963,53,278785
31269,0.064923,172.31.46.0-255,66,21029,53,278785
31270,0.064941,216.58.221.0-255,1484,22513,53,278785
31271,0.064944,172.31.46.0-255,66,22579,53,278785
31272,0.064948,216.58.221.0-255,2902,25481,53,278785
31273,0.06495,172.31.46.0-255,66,25547,53,278785
31274,0.064956,216.58.221.0-255,4320,29867,53,278785
31275,0.064959,172.31.46.0-255,66,29933,53,278785
31276,0.064992,216.58.221.0-255,2902,32835,53,278785
31277,0.064995,172.31.46.0-255,66,32901,53,278785
31278,0.065015,216.58.221.0-255,2543,35444,53,278785
31279,0.065017,172.31.46.0-255,66,35510,53,278785
31280,0.065153,216.58.221.0-255,1484,36994,53,278785
31281,0.065157,172.31.46.0-255,66,37060,53,278785
31282,0.065163,216.58.221.0-255,2902,39962,53,278785
31283,0.065166,172.31.46.0-255,66,40028,53,278785
31284,0.065173,216.58.221.0-255,5738,45766,53,278785
31285,0.065175,172.31.46.0-255,66,45832,53,278785
31286,0.065198,216.58.221.0-255,7125,52957,53,278785
31287,0.0652,172.31.46.0-255,66,53023,53,278785
31288,0.065769,216.58.221.0-255,118,53141,53,278785
31289,0.065819,172.31.46.0-255,66,53207,53,278785
31290,0.065924,216.58.221.0-255,1484,54691,53,278785
31291,0.065932,216.58.221.0-255,2902,57593,53,278785
31292,0.065936,172.31.46.0-255,66,57659,53,278785
31293,0.065942,216.58.221.0-255,2902,60561,53,278785
31294,0.065944,172.31.46.0-255,66,60627,53,278785
31295,0.06595,216.58.221.0-255,4320,64947,53,278785
31296,0.065952,172.31.46.0-255,66,65013,53,278785
31297,0.065986,172.31.46.0-255,66,65079,53,278785
31298,0.066009,216.58.221.0-255,1125,66204,53,278785
31299,0.066024,172.31.46.0-255,66,66270,53,278785
31300,0.066622,216.58.221.0-255,1484,67754,53,278785
31301,0.066632,216.58.221.0-255,2902,70656,53,278785
31302,0.066637,172.31.46.0-255,66,70722,53,278785
31303,0.06667,216.58.221.0-255,1484,72206,53,278785
31304,0.066692,216.58.221.0-255,2902,75108,53,278785
31305,0.066695,172.31.46.0-255,66,75174,53,278785
31306,0.0667,216.58.221.0-255,2902,78076,53,278785
31307,0.066719,172.31.46.0-255,66,78142,53,278785
31308,0.066723,216.58.221.0-255,1484,79626,53,278785
31309,0.066727,216.58.221.0-255,1484,81110,53,278785
31310,0.066729,172.31.46.0-255,66,81176,53,278785
31311,0.066735,216.58.221.0-255,2902,84078,53,278785
31312,0.066737,172.31.46.0-255,66,84144,53,278785
31313,0.06674,216.58.221.0-255,1484,85628,53,278785
31314,0.066763,216.58.221.0-255,2902,88530,53,278785
31315,0.066765,172.31.46.0-255,66,88596,53,278785
31316,0.066772,216.58.221.0-255,5738,94334,53,278785
31317,0.066774,172.31.46.0-255,66,94400,53,278785
31318,0.066779,216.58.221.0-255,4320,98720,53,278785
31319,0.066781,172.31.46.0-255,66,98786,53,278785
31320,0.066807,216.58.221.0-255,2184,100970,53,278785
31321,0.06681,172.31.46.0-255,66,101036,53,278785
31322,0.06691,216.58.221.0-255,1484,102520,53,278785
31323,0.066915,216.58.221.0-255,1484,104004,53,278785
31324,0.066919,172.31.46.0-255,66,104070,53,278785
31325,0.066923,216.58.221.0-255,1484,105554,53,278785
31326,0.066937,216.58.221.0-255,1484,107038,53,278785
31327,0.06694,172.31.46.0-255,66,107104,53,278785
31328,0.066968,172.31.46.0-255,66,107170,53,278785
31329,0.066974,216.58.221.0-255,4320,111490,53,278785
31330,0.066977,172.31.46.0-255,66,111556,53,278785
31331,0.06702,216.58.221.0-255,5738,117294,53,278785
31332,0.067024,172.31.46.0-255,66,117360,53,278785
31333,0.067036,172.31.46.0-255,66,117426,53,278785
31334,0.067123,216.58.221.0-255,1484,118910,53,278785
31335,0.06713,216.58.221.0-255,2902,121812,53,278785
31336,0.067134,172.31.46.0-255,66,121878,53,278785
31337,0.067138,216.58.221.0-255,1484,123362,53,278785
31338,0.067162,216.58.221.0-255,4320,127682,53,278785
31339,0.067165,172.31.46.0-255,66,127748,53,278785
31340,0.067171,216.58.221.0-255,5738,133486,53,278785
31341,0.067173,172.31.46.0-255,66,133552,53,278785
31342,0.06718,216.58.221.0-255,7156,140708,53,278785
31343,0.067184,172.31.46.0-255,66,140774,53,278785
31344,0.067221,216.58.221.0-255,2902,143676,53,278785
31345,0.067223,172.31.46.0-255,66,143742,53,278785
31346,0.067251,172.31.46.0-255,66,143808,53,278785
31347,0.06734,216.58.221.0-255,1484,145292,53,278785
31348,0.067355,216.58.221.0-255,2902,148194,53,278785
31349,0.067357,172.31.46.0-255,66,148260,53,278785
31350,0.06738,216.58.221.0-255,5738,153998,53,278785
31351,0.067383,172.31.46.0-255,66,154064,53,278785
31352,0.067413,216.58.221.0-255,7156,161220,53,278785
31353,0.067416,172.31.46.0-255,66,161286,53,278785
31354,0.067439,216.58.221.0-255,5738,167024,53,278785
31355,0.067441,172.31.46.0-255,66,167090,53,278785
31356,0.067466,216.58.221.0-255,2902,169992,53,278785
31357,0.067468,172.31.46.0-255,66,170058,53,278785
31358,0.067493,172.31.46.0-255,66,170124,53,278785
31359,0.06759,216.58.221.0-255,1484,171608,53,278785
31360,0.067596,216.58.221.0-255,2902,174510,53,278785
31361,0.067599,172.31.46.0-255,66,174576,53,278785
31362,0.067626,216.58.221.0-255,5738,180314,53,278785
31363,0.067629,172.31.46.0-255,66,180380,53,278785
31364,0.067632,216.58.221.0-255,1484,181864,53,278785
31365,0.067654,216.58.221.0-255,2902,184766,53,278785
31366,0.067656,172.31.46.0-255,66,184832,53,278785
31367,0.067675,216.58.221.0-255,5738,190570,53,278785
31368,0.067678,172.31.46.0-255,66,190636,53,278785
31369,0.067694,216.58.221.0-255,1484,192120,53,278785
31370,0.067708,216.58.221.0-255,1484,193604,53,278785
31371,0.06771,172.31.46.0-255,66,193670,53,278785
31372,0.067714,216.58.221.0-255,1484,195154,53,278785
31373,0.067729,216.58.221.0-255,1484,196638,53,278785
31374,0.067731,172.31.46.0-255,66,196704,53,278785
31375,0.067737,216.58.221.0-255,5738,202442,53,278785
31376,0.06774,172.31.46.0-255,66,202508,53,278785
31377,0.067744,216.58.221.0-255,2184,204692,53,278785
31378,0.067746,172.31.46.0-255,66,204758,53,278785
31379,0.06789,216.58.221.0-255,1484,206242,53,278785
31380,0.067906,216.58.221.0-255,1484,207726,53,278785
31381,0.067909,172.31.46.0-255,66,207792,53,278785
31382,0.067921,216.58.221.0-255,1484,209276,53,278785
31383,0.067936,216.58.221.0-255,1484,210760,53,278785
31384,0.067956,216.58.221.0-255,2902,213662,53,278785
31385,0.067995,216.58.221.0-255,4320,217982,53,278785
31386,0.068016,216.58.221.0-255,1484,219466,53,278785
31387,0.068084,216.58.221.0-255,5020,224486,53,278785
31388,0.068087,216.58.221.0-255,1484,225970,53,278785
31389,0.068091,216.58.221.0-255,2902,228872,53,278785
31390,0.068112,216.58.221.0-255,5738,234610,53,278785
31391,0.068117,216.58.221.0-255,2902,237512,53,278785
31392,0.068137,216.58.221.0-255,7156,244668,53,278785
31393,0.068144,216.58.221.0-255,5738,250406,53,278785
31394,0.06816,216.58.221.0-255,5738,256144,53,278785
31395,0.068164,216.58.221.0-255,2184,258328,53,278785
31396,0.068177,216.58.221.0-255,2902,261230,53,278785
31397,0.068203,216.58.221.0-255,7156,268386,53,278785
31398,0.068216,216.58.221.0-255,1484,269870,53,278785
31399,0.068233,216.58.221.0-255,5247,275117,53,278785
31400,0.068264,216.58.221.0-255,105,275222,53,278785
31401,0.071238,172.31.46.0-255,66,275288,53,278785
31402,0.074661,172.31.46.0-255,105,275393,53,278785
31403,0.076567,216.58.221.0-255,66,275459,53,278785
31404,0.096052,172.31.46.0-255,172,275631,53,278785
31405,0.096093,172.31.46.0-255,1112,276743,53,278785
31406,0.09618,172.31.46.0-255,1514,278257,53,278785
31407,0.096182,172.31.46.0-255,330,278587,53,278785
31408,0.097627,104.244.42.0-255,66,278653,53,278785
31409,0.097643,104.244.42.0-255,66,278719,53,278785
31410,0.09771,104.244.42.0-255,66,278785,53,278785
31411,0.0,74.125.68.0-255,152,152,53,395152
31412,1.4e-05,172.31.46.0-255,66,218,53,395152
31413,2.1e-05,74.125.68.0-255,1484,1702,53,395152
31414,2.5e-05,172.31.46.0-255,66,1768,53,395152
31415,3e-05,74.125.68.0-255,2902,4670,53,395152
31416,4e-05,172.31.46.0-255,66,4736,53,395152
31417,6.7e-05,74.125.68.0-255,4320,9056,53,395152
31418,7.1e-05,172.31.46.0-255,66,9122,53,395152
31419,0.000115,74.125.68.0-255,1484,10606,53,395152
31420,0.000118,172.31.46.0-255,66,10672,53,395152
31421,0.000126,74.125.68.0-255,4883,15555,53,395152
31422,0.000134,172.31.46.0-255,66,15621,53,395152
31423,0.00014,74.125.68.0-255,5738,21359,53,395152
31424,0.000143,172.31.46.0-255,66,21425,53,395152
31425,0.00015,74.125.68.0-255,7156,28581,53,395152
31426,0.000153,172.31.46.0-255,66,28647,53,395152
31427,0.000179,74.125.68.0-255,2543,31190,53,395152
31428,0.000182,172.31.46.0-255,66,31256,53,395152
31429,0.000288,74.125.68.0-255,1484,32740,53,395152
31430,0.000292,172.31.46.0-255,66,32806,53,395152
31431,0.000298,74.125.68.0-255,2902,35708,53,395152
31432,0.0003,172.31.46.0-255,66,35774,53,395152
31433,0.000312,74.125.68.0-255,5738,41512,53,395152
31434,0.000315,172.31.46.0-255,66,41578,53,395152
31435,0.00032,74.125.68.0-255,4320,45898,53,395152
31436,0.000322,172.31.46.0-255,66,45964,53,395152
31437,0.000357,74.125.68.0-255,5379,51343,53,395152
31438,0.00036,172.31.46.0-255,66,51409,53,395152
31439,0.00039,74.125.68.0-255,4320,55729,53,395152
31440,0.000392,172.31.46.0-255,66,55795,53,395152
31441,0.000397,74.125.68.0-255,2902,58697,53,395152
31442,0.000399,172.31.46.0-255,66,58763,53,395152
31443,0.000418,74.125.68.0-255,2902,61665,53,395152
31444,0.00042,172.31.46.0-255,66,61731,53,395152
31445,0.000429,74.125.68.0-255,4274,66005,53,395152
31446,0.000432,172.31.46.0-255,66,66071,53,395152
31447,0.000435,74.125.68.0-255,109,66180,53,395152
31448,0.000463,74.125.68.0-255,331,66511,53,395152
31449,0.000786,74.125.68.0-255,1484,67995,53,395152
31450,0.000793,172.31.46.0-255,66,68061,53,395152
31451,0.000799,74.125.68.0-255,2902,70963,53,395152
31452,0.000802,172.31.46.0-255,66,71029,53,395152
31453,0.000813,74.125.68.0-255,5738,76767,53,395152
31454,0.00083,172.31.46.0-255,66,76833,53,395152
31455,0.000835,74.125.68.0-255,4320,81153,53,395152
31456,0.000837,172.31.46.0-255,66,81219,53,395152
31457,0.000844,74.125.68.0-255,5738,86957,53,395152
31458,0.000846,172.31.46.0-255,66,87023,53,395152
31459,0.000863,74.125.68.0-255,4320,91343,53,395152
31460,0.000865,172.31.46.0-255,66,91409,53,395152
31461,0.000899,74.125.68.0-255,7156,98565,53,395152
31462,0.000902,172.31.46.0-255,66,98631,53,395152
31463,0.000907,74.125.68.0-255,2184,100815,53,395152
31464,0.000908,172.31.46.0-255,66,100881,53,395152
31465,0.001203,74.125.68.0-255,1484,102365,53,395152
31466,0.001212,74.125.68.0-255,2902,105267,53,395152
31467,0.001216,172.31.46.0-255,66,105333,53,395152
31468,0.00122,74.125.68.0-255,1484,106817,53,395152
31469,0.001244,74.125.68.0-255,2902,109719,53,395152
31470,0.001247,172.31.46.0-255,66,109785,53,395152
31471,0.001254,74.125.68.0-255,5738,115523,53,395152
31472,0.001256,172.31.46.0-255,66,115589,53,395152
31473,0.001298,172.31.46.0-255,66,115655,53,395152
31474,0.001303,74.125.68.0-255,4320,119975,53,395152
31475,0.001305,172.31.46.0-255,66,120041,53,395152
31476,0.00133,74.125.68.0-255,3602,123643,53,395152
31477,0.001333,172.31.46.0-255,66,123709,53,395152
31478,0.001989,74.125.68.0-255,1484,125193,53,395152
31479,0.003304,74.125.68.0-255,4320,129513,53,395152
31480,0.003312,172.31.46.0-255,66,129579,53,395152
31481,0.00528,74.125.68.0-255,5738,135317,53,395152
31482,0.005286,172.31.46.0-255,66,135383,53,395152
31483,0.007245,74.125.68.0-255,5738,141121,53,395152
31484,0.007248,172.31.46.0-255,66,141187,53,395152
31485,0.009227,74.125.68.0-255,5738,146925,53,395152
31486,0.009234,172.31.46.0-255,66,146991,53,395152
31487,0.01121,74.125.68.0-255,5738,152729,53,395152
31488,0.011219,172.31.46.0-255,66,152795,53,395152
31489,0.013186,74.125.68.0-255,5738,158533,53,395152
31490,0.013193,172.31.46.0-255,66,158599,53,395152
31491,0.015164,74.125.68.0-255,5738,164337,53,395152
31492,0.015171,172.31.46.0-255,66,164403,53,395152
31493,0.017145,74.125.68.0-255,5738,170141,53,395152
31494,0.017154,172.31.46.0-255,66,170207,53,395152
31495,0.019132,74.125.68.0-255,5738,175945,53,395152
31496,0.019138,172.31.46.0-255,66,176011,53,395152
31497,0.021153,74.125.68.0-255,5738,181749,53,395152
31498,0.021159,172.31.46.0-255,66,181815,53,395152
31499,0.023128,74.125.68.0-255,5738,187553,53,395152
31500,0.023135,172.31.46.0-255,66,187619,53,395152
31501,0.025108,74.125.68.0-255,5738,193357,53,395152
31502,0.025116,172.31.46.0-255,66,193423,53,395152
31503,0.027071,74.125.68.0-255,4320,197743,53,395152
31504,0.027077,172.31.46.0-255,66,197809,53,395152
31505,0.027104,74.125.68.0-255,1484,199293,53,395152
31506,0.029052,74.125.68.0-255,4320,203613,53,395152
31507,0.029061,172.31.46.0-255,66,203679,53,395152
31508,0.031036,74.125.68.0-255,5738,209417,53,395152
31509,0.031044,172.31.46.0-255,66,209483,53,395152
31510,0.031735,172.31.46.0-255,188,209671,53,395152
31511,0.031762,172.31.46.0-255,953,210624,53,395152
31512,0.031825,172.31.46.0-255,1514,212138,53,395152
31513,0.031827,172.31.46.0-255,1514,213652,53,395152
31514,0.031828,172.31.46.0-255,1514,215166,53,395152
31515,0.031829,172.31.46.0-255,1514,216680,53,395152
31516,0.031858,172.31.46.0-255,1514,218194,53,395152
31517,0.031859,172.31.46.0-255,298,218492,53,395152
31518,0.033019,74.125.68.0-255,5738,224230,53,395152
31519,0.033027,172.31.46.0-255,66,224296,53,395152
31520,0.033272,104.244.42.0-255,66,224362,53,395152
31521,0.033295,104.244.42.0-255,66,224428,53,395152
31522,0.03338,104.244.42.0-255,66,224494,53,395152
31523,0.03345,104.244.42.0-255,66,224560,53,395152
31524,0.035058,74.125.68.0-255,5738,230298,53,395152
31525,0.035066,172.31.46.0-255,66,230364,53,395152
31526,0.037062,74.125.68.0-255,5738,236102,53,395152
31527,0.03707,172.31.46.0-255,66,236168,53,395152
31528,0.039068,74.125.68.0-255,5738,241906,53,395152
31529,0.039076,172.31.46.0-255,66,241972,53,395152
31530,0.041072,74.125.68.0-255,5738,247710,53,395152
31531,0.04108,172.31.46.0-255,66,247776,53,395152
31532,0.043093,74.125.68.0-255,5738,253514,53,395152
31533,0.0431,172.31.46.0-255,66,253580,53,395152
31534,0.045102,74.125.68.0-255,5738,259318,53,395152
31535,0.04511,172.31.46.0-255,66,259384,53,395152
31536,0.047122,74.125.68.0-255,5738,265122,53,395152
31537,0.047129,172.31.46.0-255,66,265188,53,395152
31538,0.049106,74.125.68.0-255,5738,270926,53,395152
31539,0.049113,172.31.46.0-255,66,270992,53,395152
31540,0.051086,74.125.68.0-255,5738,276730,53,395152
31541,0.051095,172.31.46.0-255,66,276796,53,395152
31542,0.053074,74.125.68.0-255,5738,282534,53,395152
31543,0.053084,172.31.46.0-255,66,282600,53,395152
31544,0.055079,74.125.68.0-255,5738,288338,53,395152
31545,0.055086,172.31.46.0-255,66,288404,53,395152
31546,0.057086,74.125.68.0-255,5738,294142,53,395152
31547,0.057093,172.31.46.0-255,66,294208,53,395152
31548,0.059081,74.125.68.0-255,5738,299946,53,395152
31549,0.059088,172.31.46.0-255,66,300012,53,395152
31550,0.061071,74.125.68.0-255,5738,305750,53,395152
31551,0.061078,172.31.46.0-255,66,305816,53,395152
31552,0.06307,74.125.68.0-255,5738,311554,53,395152
31553,0.063079,172.31.46.0-255,66,311620,53,395152
31554,0.065062,74.125.68.0-255,5738,317358,53,395152
31555,0.065077,172.31.46.0-255,66,317424,53,395152
31556,0.067051,74.125.68.0-255,5738,323162,53,395152
31557,0.067061,172.31.46.0-255,66,323228,53,395152
31558,0.069038,74.125.68.0-255,5738,328966,53,395152
31559,0.069047,172.31.46.0-255,66,329032,53,395152
31560,0.071035,74.125.68.0-255,5738,334770,53,395152
31561,0.071048,172.31.46.0-255,66,334836,53,395152
31562,0.073026,74.125.68.0-255,5738,340574,53,395152
31563,0.073032,172.31.46.0-255,66,340640,53,395152
31564,0.075021,74.125.68.0-255,5738,346378,53,395152
31565,0.075032,172.31.46.0-255,66,346444,53,395152
31566,0.077025,74.125.68.0-255,5738,352182,53,395152
31567,0.077033,172.31.46.0-255,66,352248,53,395152
31568,0.079019,74.125.68.0-255,5738,357986,53,395152
31569,0.079028,172.31.46.0-255,66,358052,53,395152
31570,0.081006,74.125.68.0-255,5738,363790,53,395152
31571,0.081014,172.31.46.0-255,66,363856,53,395152
31572,0.083033,74.125.68.0-255,5738,369594,53,395152
31573,0.08304,172.31.46.0-255,66,369660,53,395152
31574,0.08504,74.125.68.0-255,5738,375398,53,395152
31575,0.085049,172.31.46.0-255,66,375464,53,395152
31576,0.087039,74.125.68.0-255,5738,381202,53,395152
31577,0.087046,172.31.46.0-255,66,381268,53,395152
31578,0.08903,74.125.68.0-255,5738,387006,53,395152
31579,0.089036,172.31.46.0-255,66,387072,53,395152
31580,0.091008,74.125.68.0-255,5738,392810,53,395152
31581,0.091016,172.31.46.0-255,66,392876,53,395152
31582,0.093003,74.125.68.0-255,2039,394915,53,395152
31583,0.093019,172.31.46.0-255,66,394981,53,395152
31584,0.093298,172.31.46.0-255,105,395086,53,395152
31585,0.095263,74.125.68.0-255,66,395152,53,395152
31586,0.0,74.125.130.0-255,150,150,53,371982
31587,2e-05,172.31.46.0-255,66,216,53,371982
31588,2.7e-05,74.125.130.0-255,1484,1700,53,371982
31589,3.2e-05,172.31.46.0-255,66,1766,53,371982
31590,5.8e-05,74.125.130.0-255,2902,4668,53,371982
31591,6e-05,172.31.46.0-255,66,4734,53,371982
31592,7.5e-05,74.125.130.0-255,1484,6218,53,371982
31593,7.8e-05,172.31.46.0-255,66,6284,53,371982
31594,9.3e-05,74.125.130.0-255,2902,9186,53,371982
31595,9.5e-05,172.31.46.0-255,66,9252,53,371982
31596,0.0001,74.125.130.0-255,2902,12154,53,371982
31597,0.000102,172.31.46.0-255,66,12220,53,371982
31598,0.000125,74.125.130.0-255,1903,14123,53,371982
31599,0.000127,172.31.46.0-255,66,14189,53,371982
31600,0.000387,74.125.130.0-255,1484,15673,53,371982
31601,0.00039,172.31.46.0-255,66,15739,53,371982
31602,0.000395,74.125.130.0-255,2902,18641,53,371982
31603,0.000398,172.31.46.0-255,66,18707,53,371982
31604,0.000426,74.125.130.0-255,5738,24445,53,371982
31605,0.000429,172.31.46.0-255,66,24511,53,371982
31606,0.000456,74.125.130.0-255,1484,25995,53,371982
31607,0.000458,172.31.46.0-255,66,26061,53,371982
31608,0.000479,74.125.130.0-255,5379,31440,53,371982
31609,0.000481,172.31.46.0-255,66,31506,53,371982
31610,0.000652,74.125.130.0-255,1484,32990,53,371982
31611,0.000656,172.31.46.0-255,66,33056,53,371982
31612,0.000679,74.125.130.0-255,2902,35958,53,371982
31613,0.000682,172.31.46.0-255,66,36024,53,371982
31614,0.000686,74.125.130.0-255,2902,38926,53,371982
31615,0.000688,172.31.46.0-255,66,38992,53,371982
31616,0.000715,74.125.130.0-255,2902,41894,53,371982
31617,0.000718,172.31.46.0-255,66,41960,53,371982
31618,0.000734,74.125.130.0-255,1484,43444,53,371982
31619,0.000737,74.125.130.0-255,1484,44928,53,371982
31620,0.00074,172.31.46.0-255,66,44994,53,371982
31621,0.000744,74.125.130.0-255,2902,47896,53,371982
31622,0.000746,172.31.46.0-255,66,47962,53,371982
31623,0.00077,74.125.130.0-255,1484,49446,53,371982
31624,0.000789,74.125.130.0-255,5379,54825,53,371982
31625,0.000791,172.31.46.0-255,66,54891,53,371982
31626,0.000796,74.125.130.0-255,2902,57793,53,371982
31627,0.000799,172.31.46.0-255,66,57859,53,371982
31628,0.000818,74.125.130.0-255,4320,62179,53,371982
31629,0.000821,172.31.46.0-255,66,62245,53,371982
31630,0.000845,74.125.130.0-255,2902,65147,53,371982
31631,0.000848,172.31.46.0-255,66,65213,53,371982
31632,0.000866,74.125.130.0-255,1416,66629,53,371982
31633,0.000961,74.125.130.0-255,367,66996,53,371982
31634,0.000965,172.31.46.0-255,66,67062,53,371982
31635,0.001268,74.125.130.0-255,1484,68546,53,371982
31636,0.001282,74.125.130.0-255,2902,71448,53,371982
31637,0.001285,172.31.46.0-255,66,71514,53,371982
31638,0.001317,74.125.130.0-255,4320,75834,53,371982
31639,0.00132,172.31.46.0-255,66,75900,53,371982
31640,0.001344,74.125.130.0-255,7156,83056,53,371982
31641,0.001346,172.31.46.0-255,66,83122,53,371982
31642,0.001389,172.31.46.0-255,66,83188,53,371982
31643,0.001395,74.125.130.0-255,4320,87508,53,371982
31644,0.001397,172.31.46.0-255,66,87574,53,371982
31645,0.00143,74.125.130.0-255,5379,92953,53,371982
31646,0.001433,172.31.46.0-255,66,93019,53,371982
31647,0.001705,74.125.130.0-255,1484,94503,53,371982
31648,0.001722,74.125.130.0-255,2902,97405,53,371982
31649,0.001725,172.31.46.0-255,66,97471,53,371982
31650,0.00173,74.125.130.0-255,2902,100373,53,371982
31651,0.001732,172.31.46.0-255,66,100439,53,371982
31652,0.001746,74.125.130.0-255,1484,101923,53,371982
31653,0.00175,74.125.130.0-255,2902,104825,53,371982
31654,0.001752,172.31.46.0-255,66,104891,53,371982
31655,0.00177,74.125.130.0-255,2902,107793,53,371982
31656,0.001772,172.31.46.0-255,66,107859,53,371982
31657,0.001787,74.125.130.0-255,2902,110761,53,371982
31658,0.00179,172.31.46.0-255,66,110827,53,371982
31659,0.001818,172.31.46.0-255,66,110893,53,371982
31660,0.001822,74.125.130.0-255,2902,113795,53,371982
31661,0.001824,172.31.46.0-255,66,113861,53,371982
31662,0.001857,74.125.130.0-255,5020,118881,53,371982
31663,0.001859,172.31.46.0-255,66,118947,53,371982
31664,0.004069,74.125.130.0-255,5738,124685,53,371982
31665,0.004075,172.31.46.0-255,66,124751,53,371982
31666,0.006321,74.125.130.0-255,5738,130489,53,371982
31667,0.006328,172.31.46.0-255,66,130555,53,371982
31668,0.00855,74.125.130.0-255,5738,136293,53,371982
31669,0.008555,172.31.46.0-255,66,136359,53,371982
31670,0.010768,74.125.130.0-255,5738,142097,53,371982
31671,0.010777,172.31.46.0-255,66,142163,53,371982
31672,0.012994,74.125.130.0-255,5738,147901,53,371982
31673,0.013001,172.31.46.0-255,66,147967,53,371982
31674,0.015232,74.125.130.0-255,5738,153705,53,371982
31675,0.015238,172.31.46.0-255,66,153771,53,371982
31676,0.017452,74.125.130.0-255,5738,159509,53,371982
31677,0.017461,172.31.46.0-255,66,159575,53,371982
31678,0.019686,74.125.130.0-255,5738,165313,53,371982
31679,0.019697,172.31.46.0-255,66,165379,53,371982
31680,0.021914,74.125.130.0-255,5738,171117,53,371982
31681,0.021921,172.31.46.0-255,66,171183,53,371982
31682,0.024147,74.125.130.0-255,5738,176921,53,371982
31683,0.024156,172.31.46.0-255,66,176987,53,371982
31684,0.02637,74.125.130.0-255,5738,182725,53,371982
31685,0.026379,172.31.46.0-255,66,182791,53,371982
31686,0.028603,74.125.130.0-255,5738,188529,53,371982
31687,0.028611,172.31.46.0-255,66,188595,53,371982
31688,0.030813,74.125.130.0-255,1484,190079,53,371982
31689,0.030838,74.125.130.0-255,4320,194399,53,371982
31690,0.030842,172.31.46.0-255,66,194465,53,371982
31691,0.031703,172.31.46.0-255,172,194637,53,371982
31692,0.031733,172.31.46.0-255,1107,195744,53,371982
31693,0.031783,172.31.46.0-255,1514,197258,53,371982
31694,0.031784,172.31.46.0-255,1296,198554,53,371982
31695,0.033059,74.125.130.0-255,1484,200038,53,371982
31696,0.033079,74.125.130.0-255,4320,204358,53,371982
31697,0.033083,172.31.46.0-255,66,204424,53,371982
31698,0.03328,104.244.42.0-255,66,204490,53,371982
31699,0.033316,104.244.42.0-255,66,204556,53,371982
31700,0.033357,104.244.42.0-255,66,204622,53,371982
31701,0.035306,74.125.130.0-255,5738,210360,53,371982
31702,0.035314,172.31.46.0-255,66,210426,53,371982
31703,0.037515,74.125.130.0-255,5738,216164,53,371982
31704,0.03752,172.31.46.0-255,66,216230,53,371982
31705,0.039748,74.125.130.0-255,4320,220550,53,371982
31706,0.039755,172.31.46.0-255,66,220616,53,371982
31707,0.039776,74.125.130.0-255,1484,222100,53,371982
31708,0.041982,74.125.130.0-255,4320,226420,53,371982
31709,0.041992,172.31.46.0-255,66,226486,53,371982
31710,0.044225,74.125.130.0-255,5738,232224,53,371982
31711,0.044231,172.31.46.0-255,66,232290,53,371982
31712,0.046496,74.125.130.0-255,5738,238028,53,371982
31713,0.046503,172.31.46.0-255,66,238094,53,371982
31714,0.048719,74.125.130.0-255,5738,243832,53,371982
31715,0.048725,172.31.46.0-255,66,243898,53,371982
31716,0.050954,74.125.130.0-255,5738,249636,53,371982
31717,0.050961,172.31.46.0-255,66,249702,53,371982
31718,0.053174,74.125.130.0-255,5738,255440,53,371982
31719,0.053181,172.31.46.0-255,66,255506,53,371982
31720,0.055425,74.125.130.0-255,5738,261244,53,371982
31721,0.055432,172.31.46.0-255,66,261310,53,371982
31722,0.057652,74.125.130.0-255,5738,267048,53,371982
31723,0.05766,172.31.46.0-255,66,267114,53,371982
31724,0.059886,74.125.130.0-255,5738,272852,53,371982
31725,0.059893,172.31.46.0-255,66,272918,53,371982
31726,0.062127,74.125.130.0-255,5738,278656,53,371982
31727,0.062142,172.31.46.0-255,66,278722,53,371982
31728,0.064369,74.125.130.0-255,5738,284460,53,371982
31729,0.064376,172.31.46.0-255,66,284526,53,371982
31730,0.066601,74.125.130.0-255,5738,290264,53,371982
31731,0.066607,172.31.46.0-255,66,290330,53,371982
31732,0.06884,74.125.130.0-255,5738,296068,53,371982
31733,0.068846,172.31.46.0-255,66,296134,53,371982
31734,0.071088,74.125.130.0-255,5738,301872,53,371982
31735,0.071095,172.31.46.0-255,66,301938,53,371982
31736,0.073312,74.125.130.0-255,5738,307676,53,371982
31737,0.073319,172.31.46.0-255,66,307742,53,371982
31738,0.075534,74.125.130.0-255,5738,313480,53,371982
31739,0.075541,172.31.46.0-255,66,313546,53,371982
31740,0.077739,74.125.130.0-255,2902,316448,53,371982
31741,0.077746,172.31.46.0-255,66,316514,53,371982
31742,0.077767,74.125.130.0-255,2902,319416,53,371982
31743,0.077769,172.31.46.0-255,66,319482,53,371982
31744,0.079945,74.125.130.0-255,2902,322384,53,371982
31745,0.079955,172.31.46.0-255,66,322450,53,371982
31746,0.079977,74.125.130.0-255,2902,325352,53,371982
31747,0.079981,172.31.46.0-255,66,325418,53,371982
31748,0.082185,74.125.130.0-255,2902,328320,53,371982
31749,0.082196,172.31.46.0-255,66,328386,53,371982
31750,0.08222,74.125.130.0-255,2902,331288,53,371982
31751,0.082222,172.31.46.0-255,66,331354,53,371982
31752,0.084426,74.125.130.0-255,5738,337092,53,371982
31753,0.084433,172.31.46.0-255,66,337158,53,371982
31754,0.086654,74.125.130.0-255,5738,342896,53,371982
31755,0.086661,172.31.46.0-255,66,342962,53,371982
31756,0.08889,74.125.130.0-255,5738,348700,53,371982
31757,0.088897,172.31.46.0-255,66,348766,53,371982
31758,0.091114,74.125.130.0-255,5738,354504,53,371982
31759,0.091121,172.31.46.0-255,66,354570,53,371982
31760,0.093345,74.125.130.0-255,5738,360308,53,371982
31761,0.093352,172.31.46.0-255,66,360374,53,371982
31762,0.095564,74.125.130.0-255,5738,366112,53,371982
31763,0.09557,172.31.46.0-255,66,366178,53,371982
31764,0.097782,74.125.130.0-255,5738,371916,53,371982
31765,0.097789,172.31.46.0-255,66,371982,53,371982
31766,0.0,74.125.24.0-255,152,152,53,283075
31767,1.7e-05,172.31.46.0-255,66,218,53,283075
31768,2.4e-05,74.125.24.0-255,1484,1702,53,283075
31769,2.8e-05,172.31.46.0-255,66,1768,53,283075
31770,4.2e-05,74.125.24.0-255,2902,4670,53,283075
31771,4.6e-05,172.31.46.0-255,66,4736,53,283075
31772,7.6e-05,74.125.24.0-255,7156,11892,53,283075
31773,7.9e-05,172.31.46.0-255,66,11958,53,283075
31774,0.000174,74.125.24.0-255,1977,13935,53,283075
31775,0.000178,172.31.46.0-255,66,14001,53,283075
31776,0.000222,74.125.24.0-255,7156,21157,53,283075
31777,0.000225,172.31.46.0-255,66,21223,53,283075
31778,0.000254,74.125.24.0-255,4320,25543,53,283075
31779,0.000257,172.31.46.0-255,66,25609,53,283075
31780,0.000401,74.125.24.0-255,5379,30988,53,283075
31781,0.000406,172.31.46.0-255,66,31054,53,283075
31782,0.000483,74.125.24.0-255,4320,35374,53,283075
31783,0.000487,172.31.46.0-255,66,35440,53,283075
31784,0.000531,172.31.46.0-255,66,35506,53,283075
31785,0.000739,74.125.24.0-255,5738,41244,53,283075
31786,0.000743,172.31.46.0-255,66,41310,53,283075
31787,0.00078,172.31.46.0-255,66,41376,53,283075
31788,0.001017,172.31.46.0-255,66,41442,53,283075
31789,0.001045,74.125.24.0-255,7118,48560,53,283075
31790,0.001048,172.31.46.0-255,66,48626,53,283075
31791,0.001286,172.31.46.0-255,66,48692,53,283075
31792,0.001319,74.125.24.0-255,3961,52653,53,283075
31793,0.001322,172.31.46.0-255,66,52719,53,283075
31794,0.001529,74.125.24.0-255,1484,54203,53,283075
31795,0.001555,74.125.24.0-255,2902,57105,53,283075
31796,0.001559,172.31.46.0-255,66,57171,53,283075
31797,0.001603,74.125.24.0-255,1484,58655,53,283075
31798,0.001624,74.125.24.0-255,4320,62975,53,283075
31799,0.001627,172.31.46.0-255,66,63041,53,283075
31800,0.001696,74.125.24.0-255,7156,70197,53,283075
31801,0.001699,172.31.46.0-255,66,70263,53,283075
31802,0.001743,74.125.24.0-255,5738,76001,53,283075
31803,0.001746,172.31.46.0-255,66,76067,53,283075
31804,0.001909,74.125.24.0-255,7156,83223,53,283075
31805,0.001914,172.31.46.0-255,66,83289,53,283075
31806,0.001942,74.125.24.0-255,1484,84773,53,283075
31807,0.002033,74.125.24.0-255,2184,86957,53,283075
31808,0.002038,172.31.46.0-255,66,87023,53,283075
31809,0.002094,74.125.24.0-255,5738,92761,53,283075
31810,0.002098,172.31.46.0-255,66,92827,53,283075
31811,0.002127,74.125.24.0-255,7156,99983,53,283075
31812,0.00213,172.31.46.0-255,66,100049,53,283075
31813,0.002266,172.31.46.0-255,66,100115,53,283075
31814,0.002307,172.31.46.0-255,66,100181,53,283075
31815,0.002695,172.31.46.0-255,66,100247,53,283075
31816,0.00275,172.31.46.0-255,66,100313,53,283075
31817,0.002755,74.125.24.0-255,2184,102497,53,283075
31818,0.002756,172.31.46.0-255,66,102563,53,283075
31819,0.004771,74.125.24.0-255,5738,108301,53,283075
31820,0.004777,172.31.46.0-255,66,108367,53,283075
31821,0.006871,74.125.24.0-255,5738,114105,53,283075
31822,0.00688,172.31.46.0-255,66,114171,53,283075
31823,0.008884,74.125.24.0-255,5738,119909,53,283075
31824,0.008891,172.31.46.0-255,66,119975,53,283075
31825,0.010925,74.125.24.0-255,5738,125713,53,283075
31826,0.010932,172.31.46.0-255,66,125779,53,283075
31827,0.01302,74.125.24.0-255,5738,131517,53,283075
31828,0.013028,172.31.46.0-255,66,131583,53,283075
31829,0.015072,74.125.24.0-255,5738,137321,53,283075
31830,0.015079,172.31.46.0-255,66,137387,53,283075
31831,0.017128,74.125.24.0-255,5738,143125,53,283075
31832,0.017135,172.31.46.0-255,66,143191,53,283075
31833,0.019158,74.125.24.0-255,5738,148929,53,283075
31834,0.019165,172.31.46.0-255,66,148995,53,283075
31835,0.021177,74.125.24.0-255,5738,154733,53,283075
31836,0.021188,172.31.46.0-255,66,154799,53,283075
31837,0.023188,74.125.24.0-255,5738,160537,53,283075
31838,0.023196,172.31.46.0-255,66,160603,53,283075
31839,0.025194,74.125.24.0-255,5738,166341,53,283075
31840,0.025202,172.31.46.0-255,66,166407,53,283075
31841,0.027226,74.125.24.0-255,5738,172145,53,283075
31842,0.027234,172.31.46.0-255,66,172211,53,283075
31843,0.029272,74.125.24.0-255,5738,177949,53,283075
31844,0.02928,172.31.46.0-255,66,178015,53,283075
31845,0.030686,172.31.46.0-255,190,178205,53,283075
31846,0.030719,172.31.46.0-255,1111,179316,53,283075
31847,0.030776,172.31.46.0-255,1514,180830,53,283075
31848,0.030778,172.31.46.0-255,1514,182344,53,283075
31849,0.03078,172.31.46.0-255,703,183047,53,283075
31850,0.031307,74.125.24.0-255,5738,188785,53,283075
31851,0.031313,172.31.46.0-255,66,188851,53,283075
31852,0.032254,104.244.42.0-255,66,188917,53,283075
31853,0.032293,104.244.42.0-255,66,188983,53,283075
31854,0.032328,104.244.42.0-255,66,189049,53,283075
31855,0.032333,104.244.42.0-255,66,189115,53,283075
31856,0.03306,104.244.42.0-255,108,189223,53,283075
31857,0.03307,172.31.46.0-255,66,189289,53,283075
31858,0.033355,74.125.24.0-255,5738,195027,53,283075
31859,0.03336,172.31.46.0-255,66,195093,53,283075
31860,0.035447,74.125.24.0-255,5738,200831,53,283075
31861,0.035454,172.31.46.0-255,66,200897,53,283075
31862,0.037488,74.125.24.0-255,5738,206635,53,283075
31863,0.037494,172.31.46.0-255,66,206701,53,283075
31864,0.03955,74.125.24.0-255,5738,212439,53,283075
31865,0.039559,172.31.46.0-255,66,212505,53,283075
31866,0.04158,74.125.24.0-255,5738,218243,53,283075
31867,0.041586,172.31.46.0-255,66,218309,53,283075
31868,0.043616,74.125.24.0-255,5738,224047,53,283075
31869,0.043623,172.31.46.0-255,66,224113,53,283075
31870,0.045681,74.125.24.0-255,5738,229851,53,283075
31871,0.045687,172.31.46.0-255,66,229917,53,283075
31872,0.047698,74.125.24.0-255,5738,235655,53,283075
31873,0.047705,172.31.46.0-255,66,235721,53,283075
31874,0.04984,74.125.24.0-255,5738,241459,53,283075
31875,0.049847,172.31.46.0-255,66,241525,53,283075
31876,0.051884,74.125.24.0-255,5738,247263,53,283075
31877,0.051891,172.31.46.0-255,66,247329,53,283075
31878,0.053896,74.125.24.0-255,5738,253067,53,283075
31879,0.053902,172.31.46.0-255,66,253133,53,283075
31880,0.055902,74.125.24.0-255,5738,258871,53,283075
31881,0.055909,172.31.46.0-255,66,258937,53,283075
31882,0.057911,74.125.24.0-255,5738,264675,53,283075
31883,0.057919,172.31.46.0-255,66,264741,53,283075
31884,0.059953,74.125.24.0-255,5738,270479,53,283075
31885,0.05996,172.31.46.0-255,66,270545,53,283075
31886,0.061995,74.125.24.0-255,5738,276283,53,283075
31887,0.062002,172.31.46.0-255,66,276349,53,283075
31888,0.064041,74.125.24.0-255,5738,282087,53,283075
31889,0.064048,172.31.46.0-255,66,282153,53,283075
31890,0.066049,74.125.24.0-255,685,282838,53,283075
31891,0.066175,172.31.46.0-255,66,282904,53,283075
31892,0.066212,172.31.46.0-255,105,283009,53,283075
31893,0.068216,74.125.24.0-255,66,283075,53,283075
31894,0.0,172.217.194.0-255,152,152,53,160927
31895,1.6e-05,172.31.46.0-255,66,218,53,160927
31896,2.2e-05,172.217.194.0-255,1484,1702,53,160927
31897,2.6e-05,172.31.46.0-255,66,1768,53,160927
31898,3.1e-05,172.217.194.0-255,2902,4670,53,160927
31899,4.2e-05,172.31.46.0-255,66,4736,53,160927
31900,5e-05,172.217.194.0-255,7156,11892,53,160927
31901,5.3e-05,172.31.46.0-255,66,11958,53,160927
31902,8.7e-05,172.217.194.0-255,4974,16932,53,160927
31903,9.1e-05,172.31.46.0-255,66,16998,53,160927
31904,9.7e-05,172.217.194.0-255,5738,22736,53,160927
31905,0.0001,172.31.46.0-255,66,22802,53,160927
31906,0.000122,172.217.194.0-255,4320,27122,53,160927
31907,0.000125,172.31.46.0-255,66,27188,53,160927
31908,0.00015,172.217.194.0-255,3961,31149,53,160927
31909,0.000153,172.31.46.0-255,66,31215,53,160927
31910,0.000183,172.217.194.0-255,1484,32699,53,160927
31911,0.000185,172.31.46.0-255,66,32765,53,160927
31912,0.00019,172.217.194.0-255,2902,35667,53,160927
31913,0.000192,172.31.46.0-255,66,35733,53,160927
31914,0.000199,172.217.194.0-255,5738,41471,53,160927
31915,0.000201,172.31.46.0-255,66,41537,53,160927
31916,0.00023,172.217.194.0-255,7156,48693,53,160927
31917,0.000233,172.31.46.0-255,66,48759,53,160927
31918,0.00026,172.217.194.0-255,6797,55556,53,160927
31919,0.000263,172.31.46.0-255,66,55622,53,160927
31920,0.000275,172.31.46.0-255,66,55688,53,160927
31921,0.000278,172.217.194.0-255,342,56030,53,160927
31922,0.00028,172.31.46.0-255,66,56096,53,160927
31923,0.00041,172.217.194.0-255,118,56214,53,160927
31924,0.000415,172.31.46.0-255,66,56280,53,160927
31925,0.000445,172.217.194.0-255,381,56661,53,160927
31926,0.000618,172.217.194.0-255,1484,58145,53,160927
31927,0.000622,172.31.46.0-255,66,58211,53,160927
31928,0.000629,172.217.194.0-255,2902,61113,53,160927
31929,0.000631,172.31.46.0-255,66,61179,53,160927
31930,0.000667,172.217.194.0-255,5738,66917,53,160927
31931,0.000671,172.31.46.0-255,66,66983,53,160927
31932,0.000688,172.31.46.0-255,66,67049,53,160927
31933,0.000716,172.217.194.0-255,5738,72787,53,160927
31934,0.000718,172.31.46.0-255,66,72853,53,160927
31935,0.00075,172.217.194.0-255,5020,77873,53,160927
31936,0.000754,172.31.46.0-255,66,77939,53,160927
31937,0.000926,172.217.194.0-255,1484,79423,53,160927
31938,0.000932,172.217.194.0-255,2902,82325,53,160927
31939,0.000936,172.31.46.0-255,66,82391,53,160927
31940,0.000965,172.217.194.0-255,5738,88129,53,160927
31941,0.000968,172.31.46.0-255,66,88195,53,160927
31942,0.00099,172.217.194.0-255,4320,92515,53,160927
31943,0.000992,172.31.46.0-255,66,92581,53,160927
31944,0.001026,172.31.46.0-255,66,92647,53,160927
31945,0.001038,172.31.46.0-255,66,92713,53,160927
31946,0.001062,172.217.194.0-255,2184,94897,53,160927
31947,0.001064,172.31.46.0-255,66,94963,53,160927
31948,0.001076,172.31.46.0-255,66,95029,53,160927
31949,0.001089,172.31.46.0-255,66,95095,53,160927
31950,0.001152,172.31.46.0-255,66,95161,53,160927
31951,0.001162,172.31.46.0-255,66,95227,53,160927
31952,0.001197,172.217.194.0-255,4320,99547,53,160927
31953,0.0012,172.31.46.0-255,66,99613,53,160927
31954,0.001213,172.31.46.0-255,66,99679,53,160927
31955,0.001217,172.217.194.0-255,1484,101163,53,160927
31956,0.001257,172.31.46.0-255,66,101229,53,160927
31957,0.001296,172.217.194.0-255,1484,102713,53,160927
31958,0.001299,172.217.194.0-255,1484,104197,53,160927
31959,0.001302,172.31.46.0-255,66,104263,53,160927
31960,0.001329,172.217.194.0-255,1484,105747,53,160927
31961,0.001335,172.217.194.0-255,5738,111485,53,160927
31962,0.001337,172.31.46.0-255,66,111551,53,160927
31963,0.001344,172.217.194.0-255,5738,117289,53,160927
31964,0.001346,172.31.46.0-255,66,117355,53,160927
31965,0.00139,172.31.46.0-255,66,117421,53,160927
31966,0.001393,172.217.194.0-255,766,118187,53,160927
31967,0.001455,172.217.194.0-255,1484,119671,53,160927
31968,0.001458,172.31.46.0-255,66,119737,53,160927
31969,0.001484,172.217.194.0-255,2902,122639,53,160927
31970,0.001486,172.31.46.0-255,66,122705,53,160927
31971,0.001493,172.217.194.0-255,5738,128443,53,160927
31972,0.001494,172.31.46.0-255,66,128509,53,160927
31973,0.001536,172.31.46.0-255,66,128575,53,160927
31974,0.001581,172.217.194.0-255,4320,132895,53,160927
31975,0.001585,172.31.46.0-255,66,132961,53,160927
31976,0.001614,172.31.46.0-255,66,133027,53,160927
31977,0.001626,172.31.46.0-255,66,133093,53,160927
31978,0.001638,172.31.46.0-255,66,133159,53,160927
31979,0.001669,172.31.46.0-255,66,133225,53,160927
31980,0.001719,172.31.46.0-255,66,133291,53,160927
31981,0.001744,172.31.46.0-255,66,133357,53,160927
31982,0.001786,172.217.194.0-255,2902,136259,53,160927
31983,0.001794,172.31.46.0-255,66,136325,53,160927
31984,0.00182,172.217.194.0-255,5020,141345,53,160927
31985,0.001851,172.31.46.0-255,66,141411,53,160927
31986,0.001884,172.31.46.0-255,66,141477,53,160927
31987,0.001902,172.217.194.0-255,4320,145797,53,160927
31988,0.001904,172.31.46.0-255,66,145863,53,160927
31989,0.001953,172.31.46.0-255,66,145929,53,160927
31990,0.001962,172.217.194.0-255,5609,151538,53,160927
31991,0.001967,172.217.194.0-255,105,151643,53,160927
31992,0.001973,172.31.46.0-255,66,151709,53,160927
31993,0.004092,172.31.46.0-255,105,151814,53,160927
31994,0.006388,172.217.194.0-255,66,151880,53,160927
31995,0.033691,172.31.46.0-255,172,152052,53,160927
31996,0.033719,172.31.46.0-255,1112,153164,53,160927
31997,0.033793,172.31.46.0-255,1514,154678,53,160927
31998,0.033795,172.31.46.0-255,1514,156192,53,160927
31999,0.033796,172.31.46.0-255,1514,157706,53,160927
32000,0.033797,172.31.46.0-255,1514,159220,53,160927
32001,0.033822,172.31.46.0-255,1509,160729,53,160927
32002,0.035156,104.244.42.0-255,66,160795,53,160927
32003,0.035269,104.244.42.0-255,66,160861,53,160927
32004,0.035296,104.244.42.0-255,66,160927,53,160927
32005,0.0,74.125.24.0-255,153,153,53,158559
32006,2.4e-05,172.31.46.0-255,66,219,53,158559
32007,3.1e-05,74.125.24.0-255,1484,1703,53,158559
32008,3.6e-05,172.31.46.0-255,66,1769,53,158559
32009,4.2e-05,74.125.24.0-255,2902,4671,53,158559
32010,5.2e-05,172.31.46.0-255,66,4737,53,158559
32011,5.7e-05,74.125.24.0-255,4320,9057,53,158559
32012,6e-05,172.31.46.0-255,66,9123,53,158559
32013,0.000119,172.31.46.0-255,66,9189,53,158559
32014,0.000136,172.31.46.0-255,66,9255,53,158559
32015,0.00014,74.125.24.0-255,2543,11798,53,158559
32016,0.000142,172.31.46.0-255,66,11864,53,158559
32017,0.000287,74.125.24.0-255,1484,13348,53,158559
32018,0.000292,172.31.46.0-255,66,13414,53,158559
32019,0.000298,74.125.24.0-255,2902,16316,53,158559
32020,0.0003,172.31.46.0-255,66,16382,53,158559
32021,0.000309,74.125.24.0-255,2902,19284,53,158559
32022,0.000312,172.31.46.0-255,66,19350,53,158559
32023,0.000345,74.125.24.0-255,2902,22252,53,158559
32024,0.000349,172.31.46.0-255,66,22318,53,158559
32025,0.000356,74.125.24.0-255,7156,29474,53,158559
32026,0.000358,172.31.46.0-255,66,29540,53,158559
32027,0.000378,172.31.46.0-255,66,29606,53,158559
32028,0.000382,74.125.24.0-255,2184,31790,53,158559
32029,0.000384,172.31.46.0-255,66,31856,53,158559
32030,0.000404,74.125.24.0-255,410,32266,53,158559
32031,0.000406,172.31.46.0-255,66,32332,53,158559
32032,0.000437,74.125.24.0-255,1484,33816,53,158559
32033,0.00044,172.31.46.0-255,66,33882,53,158559
32034,0.000443,74.125.24.0-255,1484,35366,53,158559
32035,0.000468,74.125.24.0-255,2902,38268,53,158559
32036,0.000471,172.31.46.0-255,66,38334,53,158559
32037,0.000482,172.31.46.0-255,66,38400,53,158559
32038,0.000493,74.125.24.0-255,5738,44138,53,158559
32039,0.000496,172.31.46.0-255,66,44204,53,158559
32040,0.000555,74.125.24.0-255,1484,45688,53,158559
32041,0.000581,172.31.46.0-255,66,45754,53,158559
32042,0.00081,74.125.24.0-255,1484,47238,53,158559
32043,0.000817,74.125.24.0-255,2902,50140,53,158559
32044,0.000821,172.31.46.0-255,66,50206,53,158559
32045,0.000825,74.125.24.0-255,1484,51690,53,158559
32046,0.00086,74.125.24.0-255,4320,56010,53,158559
32047,0.000863,172.31.46.0-255,66,56076,53,158559
32048,0.000883,172.31.46.0-255,66,56142,53,158559
32049,0.000918,172.31.46.0-255,66,56208,53,158559
32050,0.000935,74.125.24.0-255,2184,58392,53,158559
32051,0.00094,172.31.46.0-255,66,58458,53,158559
32052,0.001486,74.125.24.0-255,1484,59942,53,158559
32053,0.001505,74.125.24.0-255,2902,62844,53,158559
32054,0.001508,172.31.46.0-255,66,62910,53,158559
32055,0.001514,74.125.24.0-255,2902,65812,53,158559
32056,0.001516,172.31.46.0-255,66,65878,53,158559
32057,0.00155,74.125.24.0-255,2902,68780,53,158559
32058,0.001553,172.31.46.0-255,66,68846,53,158559
32059,0.001569,172.31.46.0-255,66,68912,53,158559
32060,0.00158,172.31.46.0-255,66,68978,53,158559
32061,0.001616,74.125.24.0-255,5020,73998,53,158559
32062,0.001619,172.31.46.0-255,66,74064,53,158559
32063,0.001626,74.125.24.0-255,7156,81220,53,158559
32064,0.001628,172.31.46.0-255,66,81286,53,158559
32065,0.001653,74.125.24.0-255,7156,88442,53,158559
32066,0.001655,172.31.46.0-255,66,88508,53,158559
32067,0.001677,172.31.46.0-255,66,88574,53,158559
32068,0.001683,74.125.24.0-255,3602,92176,53,158559
32069,0.001685,172.31.46.0-255,66,92242,53,158559
32070,0.001877,74.125.24.0-255,1484,93726,53,158559
32071,0.001884,74.125.24.0-255,2902,96628,53,158559
32072,0.001887,172.31.46.0-255,66,96694,53,158559
32073,0.001919,74.125.24.0-255,5738,102432,53,158559
32074,0.001922,172.31.46.0-255,66,102498,53,158559
32075,0.001938,172.31.46.0-255,66,102564,53,158559
32076,0.002018,172.31.46.0-255,66,102630,53,158559
32077,0.00208,74.125.24.0-255,1484,104114,53,158559
32078,0.002086,74.125.24.0-255,2902,107016,53,158559
32079,0.002088,172.31.46.0-255,66,107082,53,158559
32080,0.002114,74.125.24.0-255,5738,112820,53,158559
32081,0.002116,172.31.46.0-255,66,112886,53,158559
32082,0.002119,74.125.24.0-255,1484,114370,53,158559
32083,0.002163,172.31.46.0-255,66,114436,53,158559
32084,0.002209,172.31.46.0-255,66,114502,53,158559
32085,0.002223,172.31.46.0-255,66,114568,53,158559
32086,0.002261,74.125.24.0-255,5738,120306,53,158559
32087,0.002264,172.31.46.0-255,66,120372,53,158559
32088,0.002275,172.31.46.0-255,66,120438,53,158559
32089,0.002292,74.125.24.0-255,7156,127594,53,158559
32090,0.002298,172.31.46.0-255,66,127660,53,158559
32091,0.002342,172.31.46.0-255,66,127726,53,158559
32092,0.002352,172.31.46.0-255,66,127792,53,158559
32093,0.002368,172.31.46.0-255,66,127858,53,158559
32094,0.002412,172.31.46.0-255,66,127924,53,158559
32095,0.002419,74.125.24.0-255,7156,135080,53,158559
32096,0.002421,172.31.46.0-255,66,135146,53,158559
32097,0.004779,74.125.24.0-255,5738,140884,53,158559
32098,0.004799,172.31.46.0-255,66,140950,53,158559
32099,0.007151,74.125.24.0-255,5738,146688,53,158559
32100,0.007158,172.31.46.0-255,66,146754,53,158559
32101,0.009539,74.125.24.0-255,5738,152492,53,158559
32102,0.009547,172.31.46.0-255,66,152558,53,158559
32103,0.011915,74.125.24.0-255,4386,156944,53,158559
32104,0.011931,172.31.46.0-255,66,157010,53,158559
32105,0.016858,172.31.46.0-255,105,157115,53,158559
32106,0.019194,74.125.24.0-255,66,157181,53,158559
32107,0.037865,172.31.46.0-255,172,157353,53,158559
32108,0.037898,172.31.46.0-255,1074,158427,53,158559
32109,0.039416,104.244.42.0-255,66,158493,53,158559
32110,0.039466,104.244.42.0-255,66,158559,53,158559
32111,0.0,74.125.24.0-255,298,298,53,388827
32112,1.4e-05,172.31.46.0-255,66,364,53,388827
32113,2.1e-05,74.125.24.0-255,1484,1848,53,388827
32114,2.5e-05,172.31.46.0-255,66,1914,53,388827
32115,5.2e-05,74.125.24.0-255,4320,6234,53,388827
32116,5.5e-05,172.31.46.0-255,66,6300,53,388827
32117,6e-05,74.125.24.0-255,2902,9202,53,388827
32118,6.2e-05,172.31.46.0-255,66,9268,53,388827
32119,7.7e-05,74.125.24.0-255,4320,13588,53,388827
32120,8e-05,172.31.46.0-255,66,13654,53,388827
32121,0.00011,172.31.46.0-255,66,13720,53,388827
32122,0.000134,74.125.24.0-255,3258,16978,53,388827
32123,0.000136,172.31.46.0-255,66,17044,53,388827
32124,0.000142,74.125.24.0-255,3961,21005,53,388827
32125,0.000144,172.31.46.0-255,66,21071,53,388827
32126,0.000183,74.125.24.0-255,1484,22555,53,388827
32127,0.000186,172.31.46.0-255,66,22621,53,388827
32128,0.000207,74.125.24.0-255,2902,25523,53,388827
32129,0.00021,172.31.46.0-255,66,25589,53,388827
32130,0.000214,74.125.24.0-255,2902,28491,53,388827
32131,0.000217,172.31.46.0-255,66,28557,53,388827
32132,0.000231,74.125.24.0-255,2902,31459,53,388827
32133,0.000234,172.31.46.0-255,66,31525,53,388827
32134,0.000258,74.125.24.0-255,2902,34427,53,388827
32135,0.000261,172.31.46.0-255,66,34493,53,388827
32136,0.000279,74.125.24.0-255,4320,38813,53,388827
32137,0.000281,172.31.46.0-255,66,38879,53,388827
32138,0.000307,74.125.24.0-255,6797,45676,53,388827
32139,0.000309,172.31.46.0-255,66,45742,53,388827
32140,0.000444,74.125.24.0-255,5738,51480,53,388827
32141,0.000448,172.31.46.0-255,66,51546,53,388827
32142,0.000466,74.125.24.0-255,4238,55784,53,388827
32143,0.000469,172.31.46.0-255,66,55850,53,388827
32144,0.000472,74.125.24.0-255,408,56258,53,388827
32145,0.000491,74.125.24.0-255,1484,57742,53,388827
32146,0.000493,172.31.46.0-255,66,57808,53,388827
32147,0.000497,74.125.24.0-255,1484,59292,53,388827
32148,0.000514,74.125.24.0-255,1484,60776,53,388827
32149,0.000516,172.31.46.0-255,66,60842,53,388827
32150,0.000523,74.125.24.0-255,5738,66580,53,388827
32151,0.000525,172.31.46.0-255,66,66646,53,388827
32152,0.00053,74.125.24.0-255,4320,70966,53,388827
32153,0.000534,172.31.46.0-255,66,71032,53,388827
32154,0.00056,74.125.24.0-255,1995,73027,53,388827
32155,0.000563,172.31.46.0-255,66,73093,53,388827
32156,0.001122,74.125.24.0-255,1484,74577,53,388827
32157,0.001127,74.125.24.0-255,2902,77479,53,388827
32158,0.00113,74.125.24.0-255,1484,78963,53,388827
32159,0.001136,172.31.46.0-255,66,79029,53,388827
32160,0.001154,74.125.24.0-255,4320,83349,53,388827
32161,0.001157,172.31.46.0-255,66,83415,53,388827
32162,0.00116,74.125.24.0-255,1484,84899,53,388827
32163,0.001179,74.125.24.0-255,5738,90637,53,388827
32164,0.001182,172.31.46.0-255,66,90703,53,388827
32165,0.001192,74.125.24.0-255,5738,96441,53,388827
32166,0.001195,172.31.46.0-255,66,96507,53,388827
32167,0.001202,74.125.24.0-255,5738,102245,53,388827
32168,0.001204,172.31.46.0-255,66,102311,53,388827
32169,0.001228,74.125.24.0-255,2902,105213,53,388827
32170,0.001231,172.31.46.0-255,66,105279,53,388827
32171,0.001251,74.125.24.0-255,2184,107463,53,388827
32172,0.001253,172.31.46.0-255,66,107529,53,388827
32173,0.003229,74.125.24.0-255,2902,110431,53,388827
32174,0.003236,172.31.46.0-255,66,110497,53,388827
32175,0.003245,74.125.24.0-255,2902,113399,53,388827
32176,0.003247,172.31.46.0-255,66,113465,53,388827
32177,0.005253,74.125.24.0-255,4320,117785,53,388827
32178,0.005257,172.31.46.0-255,66,117851,53,388827
32179,0.005277,74.125.24.0-255,1484,119335,53,388827
32180,0.007263,74.125.24.0-255,2902,122237,53,388827
32181,0.007275,172.31.46.0-255,66,122303,53,388827
32182,0.007295,74.125.24.0-255,1484,123787,53,388827
32183,0.009292,74.125.24.0-255,4320,128107,53,388827
32184,0.009304,172.31.46.0-255,66,128173,53,388827
32185,0.011311,74.125.24.0-255,5738,133911,53,388827
32186,0.011324,172.31.46.0-255,66,133977,53,388827
32187,0.013327,74.125.24.0-255,5738,139715,53,388827
32188,0.01334,172.31.46.0-255,66,139781,53,388827
32189,0.015328,74.125.24.0-255,5738,145519,53,388827
32190,0.015337,172.31.46.0-255,66,145585,53,388827
32191,0.017353,74.125.24.0-255,5738,151323,53,388827
32192,0.017363,172.31.46.0-255,66,151389,53,388827
32193,0.019392,74.125.24.0-255,5738,157127,53,388827
32194,0.019401,172.31.46.0-255,66,157193,53,388827
32195,0.021405,74.125.24.0-255,5738,162931,53,388827
32196,0.021413,172.31.46.0-255,66,162997,53,388827
32197,0.023402,74.125.24.0-255,5738,168735,53,388827
32198,0.023411,172.31.46.0-255,66,168801,53,388827
32199,0.025458,74.125.24.0-255,5738,174539,53,388827
32200,0.025468,172.31.46.0-255,66,174605,53,388827
32201,0.027461,74.125.24.0-255,5738,180343,53,388827
32202,0.027468,172.31.46.0-255,66,180409,53,388827
32203,0.029446,74.125.24.0-255,5738,186147,53,388827
32204,0.029453,172.31.46.0-255,66,186213,53,388827
32205,0.030819,172.31.46.0-255,172,186385,53,388827
32206,0.030853,172.31.46.0-255,1112,187497,53,388827
32207,0.030913,172.31.46.0-255,1514,189011,53,388827
32208,0.030915,172.31.46.0-255,1514,190525,53,388827
32209,0.030938,172.31.46.0-255,702,191227,53,388827
32210,0.031484,74.125.24.0-255,5738,196965,53,388827
32211,0.031491,172.31.46.0-255,66,197031,53,388827
32212,0.032416,104.244.42.0-255,66,197097,53,388827
32213,0.032425,104.244.42.0-255,66,197163,53,388827
32214,0.032491,104.244.42.0-255,66,197229,53,388827
32215,0.032495,104.244.42.0-255,66,197295,53,388827
32216,0.03348,74.125.24.0-255,5738,203033,53,388827
32217,0.033487,172.31.46.0-255,66,203099,53,388827
32218,0.035471,74.125.24.0-255,5738,208837,53,388827
32219,0.035477,172.31.46.0-255,66,208903,53,388827
32220,0.037506,74.125.24.0-255,5738,214641,53,388827
32221,0.037513,172.31.46.0-255,66,214707,53,388827
32222,0.039517,74.125.24.0-255,5738,220445,53,388827
32223,0.039524,172.31.46.0-255,66,220511,53,388827
32224,0.041534,74.125.24.0-255,5738,226249,53,388827
32225,0.041541,172.31.46.0-255,66,226315,53,388827
32226,0.043554,74.125.24.0-255,5738,232053,53,388827
32227,0.043561,172.31.46.0-255,66,232119,53,388827
32228,0.045578,74.125.24.0-255,5738,237857,53,388827
32229,0.045604,172.31.46.0-255,66,237923,53,388827
32230,0.047644,74.125.24.0-255,5738,243661,53,388827
32231,0.047658,172.31.46.0-255,66,243727,53,388827
32232,0.049691,74.125.24.0-255,5738,249465,53,388827
32233,0.049703,172.31.46.0-255,66,249531,53,388827
32234,0.051713,74.125.24.0-255,5738,255269,53,388827
32235,0.05172,172.31.46.0-255,66,255335,53,388827
32236,0.053732,74.125.24.0-255,5738,261073,53,388827
32237,0.053738,172.31.46.0-255,66,261139,53,388827
32238,0.055778,74.125.24.0-255,5738,266877,53,388827
32239,0.055785,172.31.46.0-255,66,266943,53,388827
32240,0.057784,74.125.24.0-255,5738,272681,53,388827
32241,0.057791,172.31.46.0-255,66,272747,53,388827
32242,0.05981,74.125.24.0-255,5738,278485,53,388827
32243,0.059816,172.31.46.0-255,66,278551,53,388827
32244,0.061807,74.125.24.0-255,5738,284289,53,388827
32245,0.061814,172.31.46.0-255,66,284355,53,388827
32246,0.063818,74.125.24.0-255,5738,290093,53,388827
32247,0.063826,172.31.46.0-255,66,290159,53,388827
32248,0.065818,74.125.24.0-255,5738,295897,53,388827
32249,0.065825,172.31.46.0-255,66,295963,53,388827
32250,0.067805,74.125.24.0-255,5738,301701,53,388827
32251,0.067812,172.31.46.0-255,66,301767,53,388827
32252,0.069815,74.125.24.0-255,5738,307505,53,388827
32253,0.069822,172.31.46.0-255,66,307571,53,388827
32254,0.071826,74.125.24.0-255,5738,313309,53,388827
32255,0.071834,172.31.46.0-255,66,313375,53,388827
32256,0.073863,74.125.24.0-255,5738,319113,53,388827
32257,0.073872,172.31.46.0-255,66,319179,53,388827
32258,0.075895,74.125.24.0-255,5738,324917,53,388827
32259,0.075901,172.31.46.0-255,66,324983,53,388827
32260,0.077905,74.125.24.0-255,5738,330721,53,388827
32261,0.077912,172.31.46.0-255,66,330787,53,388827
32262,0.079939,74.125.24.0-255,5738,336525,53,388827
32263,0.079946,172.31.46.0-255,66,336591,53,388827
32264,0.081986,74.125.24.0-255,5738,342329,53,388827
32265,0.081992,172.31.46.0-255,66,342395,53,388827
32266,0.084021,74.125.24.0-255,5738,348133,53,388827
32267,0.08403,172.31.46.0-255,66,348199,53,388827
32268,0.08602,74.125.24.0-255,5738,353937,53,388827
32269,0.086027,172.31.46.0-255,66,354003,53,388827
32270,0.088037,74.125.24.0-255,5738,359741,53,388827
32271,0.088042,172.31.46.0-255,66,359807,53,388827
32272,0.090023,74.125.24.0-255,5738,365545,53,388827
32273,0.090031,172.31.46.0-255,66,365611,53,388827
32274,0.092118,74.125.24.0-255,5738,371349,53,388827
32275,0.092134,172.31.46.0-255,66,371415,53,388827
32276,0.094166,74.125.24.0-255,5738,377153,53,388827
32277,0.094174,172.31.46.0-255,66,377219,53,388827
32278,0.096157,74.125.24.0-255,5738,382957,53,388827
32279,0.096164,172.31.46.0-255,66,383023,53,388827
32280,0.098175,74.125.24.0-255,5738,388761,53,388827
32281,0.098182,172.31.46.0-255,66,388827,53,388827
32282,0.0,172.217.194.0-255,152,152,53,354373
32283,1.4e-05,172.31.46.0-255,66,218,53,354373
32284,2e-05,172.217.194.0-255,1484,1702,53,354373
32285,2.5e-05,172.31.46.0-255,66,1768,53,354373
32286,3.1e-05,172.217.194.0-255,2902,4670,53,354373
32287,4.2e-05,172.31.46.0-255,66,4736,53,354373
32288,4.9e-05,172.217.194.0-255,5738,10474,53,354373
32289,5.3e-05,172.31.46.0-255,66,10540,53,354373
32290,9.5e-05,172.217.194.0-255,3459,13999,53,354373
32291,9.8e-05,172.31.46.0-255,66,14065,53,354373
32292,0.000188,172.217.194.0-255,1484,15549,53,354373
32293,0.000192,172.31.46.0-255,66,15615,53,354373
32294,0.000198,172.217.194.0-255,2902,18517,53,354373
32295,0.0002,172.31.46.0-255,66,18583,53,354373
32296,0.000203,172.217.194.0-255,1484,20067,53,354373
32297,0.000205,172.31.46.0-255,66,20133,53,354373
32298,0.00025,172.217.194.0-255,4320,24453,53,354373
32299,0.000254,172.31.46.0-255,66,24519,53,354373
32300,0.000262,172.217.194.0-255,6797,31316,53,354373
32301,0.000265,172.31.46.0-255,66,31382,53,354373
32302,0.000272,172.217.194.0-255,7156,38538,53,354373
32303,0.000275,172.31.46.0-255,66,38604,53,354373
32304,0.000278,172.217.194.0-255,1484,40088,53,354373
32305,0.000281,172.31.46.0-255,66,40154,53,354373
32306,0.000317,172.31.46.0-255,66,40220,53,354373
32307,0.001011,172.217.194.0-255,1484,41704,53,354373
32308,0.001017,172.31.46.0-255,66,41770,53,354373
32309,0.001026,172.217.194.0-255,2902,44672,53,354373
32310,0.001034,172.31.46.0-255,66,44738,53,354373
32311,0.001039,172.217.194.0-255,2902,47640,53,354373
32312,0.001042,172.31.46.0-255,66,47706,53,354373
32313,0.001079,172.217.194.0-255,2902,50608,53,354373
32314,0.001082,172.31.46.0-255,66,50674,53,354373
32315,0.00109,172.217.194.0-255,6797,57471,53,354373
32316,0.001093,172.31.46.0-255,66,57537,53,354373
32317,0.001132,172.217.194.0-255,1484,59021,53,354373
32318,0.001137,172.217.194.0-255,1484,60505,53,354373
32319,0.00114,172.31.46.0-255,66,60571,53,354373
32320,0.001168,172.217.194.0-255,1484,62055,53,354373
32321,0.001177,172.217.194.0-255,5738,67793,53,354373
32322,0.00118,172.31.46.0-255,66,67859,53,354373
32323,0.001187,172.217.194.0-255,6797,74656,53,354373
32324,0.001189,172.31.46.0-255,66,74722,53,354373
32325,0.00122,172.217.194.0-255,645,75367,53,354373
32326,0.001328,172.217.194.0-255,1484,76851,53,354373
32327,0.001333,172.31.46.0-255,66,76917,53,354373
32328,0.001339,172.217.194.0-255,1484,78401,53,354373
32329,0.00136,172.217.194.0-255,1484,79885,53,354373
32330,0.001362,172.31.46.0-255,66,79951,53,354373
32331,0.001371,172.217.194.0-255,5738,85689,53,354373
32332,0.001373,172.31.46.0-255,66,85755,53,354373
32333,0.001404,172.217.194.0-255,5738,91493,53,354373
32334,0.001407,172.31.46.0-255,66,91559,53,354373
32335,0.001423,172.217.194.0-255,1125,92684,53,354373
32336,0.001564,172.217.194.0-255,1484,94168,53,354373
32337,0.001569,172.31.46.0-255,66,94234,53,354373
32338,0.001575,172.217.194.0-255,2902,97136,53,354373
32339,0.001578,172.31.46.0-255,66,97202,53,354373
32340,0.001612,172.217.194.0-255,5738,102940,53,354373
32341,0.001615,172.31.46.0-255,66,103006,53,354373
32342,0.00162,172.217.194.0-255,2902,105908,53,354373
32343,0.001622,172.31.46.0-255,66,105974,53,354373
32344,0.001651,172.31.46.0-255,66,106040,53,354373
32345,0.00166,172.217.194.0-255,4320,110360,53,354373
32346,0.001663,172.31.46.0-255,66,110426,53,354373
32347,0.00169,172.217.194.0-255,2902,113328,53,354373
32348,0.001693,172.31.46.0-255,66,113394,53,354373
32349,0.001699,172.217.194.0-255,3602,116996,53,354373
32350,0.001701,172.31.46.0-255,66,117062,53,354373
32351,0.002309,172.217.194.0-255,1484,118546,53,354373
32352,0.002326,172.217.194.0-255,2902,121448,53,354373
32353,0.00233,172.31.46.0-255,66,121514,53,354373
32354,0.002339,172.217.194.0-255,5738,127252,53,354373
32355,0.002342,172.31.46.0-255,66,127318,53,354373
32356,0.002367,172.217.194.0-255,5738,133056,53,354373
32357,0.002369,172.31.46.0-255,66,133122,53,354373
32358,0.002399,172.217.194.0-255,4320,137442,53,354373
32359,0.002402,172.31.46.0-255,66,137508,53,354373
32360,0.002417,172.31.46.0-255,66,137574,53,354373
32361,0.004976,172.217.194.0-255,5738,143312,53,354373
32362,0.004982,172.31.46.0-255,66,143378,53,354373
32363,0.007533,172.217.194.0-255,5738,149116,53,354373
32364,0.007539,172.31.46.0-255,66,149182,53,354373
32365,0.010112,172.217.194.0-255,5738,154920,53,354373
32366,0.01012,172.31.46.0-255,66,154986,53,354373
32367,0.012688,172.217.194.0-255,5738,160724,53,354373
32368,0.012696,172.31.46.0-255,66,160790,53,354373
32369,0.015283,172.217.194.0-255,5738,166528,53,354373
32370,0.015291,172.31.46.0-255,66,166594,53,354373
32371,0.017888,172.217.194.0-255,5738,172332,53,354373
32372,0.017897,172.31.46.0-255,66,172398,53,354373
32373,0.020471,172.217.194.0-255,5738,178136,53,354373
32374,0.020482,172.31.46.0-255,66,178202,53,354373
32375,0.023044,172.217.194.0-255,5738,183940,53,354373
32376,0.023054,172.31.46.0-255,66,184006,53,354373
32377,0.025632,172.217.194.0-255,5738,189744,53,354373
32378,0.02564,172.31.46.0-255,66,189810,53,354373
32379,0.028202,172.217.194.0-255,5738,195548,53,354373
32380,0.028208,172.31.46.0-255,66,195614,53,354373
32381,0.030792,172.217.194.0-255,5738,201352,53,354373
32382,0.0308,172.31.46.0-255,66,201418,53,354373
32383,0.033369,172.217.194.0-255,5738,207156,53,354373
32384,0.033378,172.31.46.0-255,66,207222,53,354373
32385,0.035867,172.31.46.0-255,172,207394,53,354373
32386,0.035912,172.31.46.0-255,1112,208506,53,354373
32387,0.035945,172.217.194.0-255,5738,214244,53,354373
32388,0.035953,172.31.46.0-255,66,214310,53,354373
32389,0.03606,172.31.46.0-255,569,214879,53,354373
32390,0.03744,104.244.42.0-255,66,214945,53,354373
32391,0.037479,104.244.42.0-255,66,215011,53,354373
32392,0.037632,104.244.42.0-255,66,215077,53,354373
32393,0.038538,172.217.194.0-255,5738,220815,53,354373
32394,0.038543,172.31.46.0-255,66,220881,53,354373
32395,0.04114,172.217.194.0-255,5738,226619,53,354373
32396,0.04115,172.31.46.0-255,66,226685,53,354373
32397,0.043753,172.217.194.0-255,5738,232423,53,354373
32398,0.04376,172.31.46.0-255,66,232489,53,354373
32399,0.046356,172.217.194.0-255,5738,238227,53,354373
32400,0.046364,172.31.46.0-255,66,238293,53,354373
32401,0.048953,172.217.194.0-255,5738,244031,53,354373
32402,0.04896,172.31.46.0-255,66,244097,53,354373
32403,0.05153,172.217.194.0-255,5738,249835,53,354373
32404,0.051537,172.31.46.0-255,66,249901,53,354373
32405,0.054126,172.217.194.0-255,5738,255639,53,354373
32406,0.054133,172.31.46.0-255,66,255705,53,354373
32407,0.056691,172.217.194.0-255,5738,261443,53,354373
32408,0.056698,172.31.46.0-255,66,261509,53,354373
32409,0.059319,172.217.194.0-255,5738,267247,53,354373
32410,0.059327,172.31.46.0-255,66,267313,53,354373
32411,0.061902,172.217.194.0-255,5738,273051,53,354373
32412,0.061908,172.31.46.0-255,66,273117,53,354373
32413,0.064496,172.217.194.0-255,5738,278855,53,354373
32414,0.064504,172.31.46.0-255,66,278921,53,354373
32415,0.067097,172.217.194.0-255,5738,284659,53,354373
32416,0.067107,172.31.46.0-255,66,284725,53,354373
32417,0.06972,172.217.194.0-255,5738,290463,53,354373
32418,0.06973,172.31.46.0-255,66,290529,53,354373
32419,0.072289,172.217.194.0-255,5738,296267,53,354373
32420,0.072296,172.31.46.0-255,66,296333,53,354373
32421,0.074887,172.217.194.0-255,5738,302071,53,354373
32422,0.074893,172.31.46.0-255,66,302137,53,354373
32423,0.077472,172.217.194.0-255,5738,307875,53,354373
32424,0.077479,172.31.46.0-255,66,307941,53,354373
32425,0.080072,172.217.194.0-255,5738,313679,53,354373
32426,0.080079,172.31.46.0-255,66,313745,53,354373
32427,0.082679,172.217.194.0-255,5738,319483,53,354373
32428,0.082686,172.31.46.0-255,66,319549,53,354373
32429,0.085255,172.217.194.0-255,5738,325287,53,354373
32430,0.085261,172.31.46.0-255,66,325353,53,354373
32431,0.087875,172.217.194.0-255,5738,331091,53,354373
32432,0.087882,172.31.46.0-255,66,331157,53,354373
32433,0.090449,172.217.194.0-255,5738,336895,53,354373
32434,0.090455,172.31.46.0-255,66,336961,53,354373
32435,0.093056,172.217.194.0-255,5738,342699,53,354373
32436,0.093063,172.31.46.0-255,66,342765,53,354373
32437,0.095629,172.217.194.0-255,5738,348503,53,354373
32438,0.095636,172.31.46.0-255,66,348569,53,354373
32439,0.09822,172.217.194.0-255,5738,354307,53,354373
32440,0.098227,172.31.46.0-255,66,354373,53,354373
32441,0.0,74.125.130.0-255,152,152,53,351089
32442,2.2e-05,172.31.46.0-255,66,218,53,351089
32443,2.9e-05,74.125.130.0-255,1484,1702,53,351089
32444,3.5e-05,172.31.46.0-255,66,1768,53,351089
32445,4.9e-05,74.125.130.0-255,2902,4670,53,351089
32446,5.3e-05,172.31.46.0-255,66,4736,53,351089
32447,5.9e-05,74.125.130.0-255,4320,9056,53,351089
32448,6.1e-05,172.31.46.0-255,66,9122,53,351089
32449,6.6e-05,74.125.130.0-255,2902,12024,53,351089
32450,6.9e-05,172.31.46.0-255,66,12090,53,351089
32451,0.000104,74.125.130.0-255,2110,14200,53,351089
32452,0.000107,172.31.46.0-255,66,14266,53,351089
32453,0.00011,74.125.130.0-255,1484,15750,53,351089
32454,0.000112,172.31.46.0-255,66,15816,53,351089
32455,0.000117,74.125.130.0-255,2902,18718,53,351089
32456,0.00012,172.31.46.0-255,66,18784,53,351089
32457,0.000124,74.125.130.0-255,2902,21686,53,351089
32458,0.000126,172.31.46.0-255,66,21752,53,351089
32459,0.000154,74.125.130.0-255,2902,24654,53,351089
32460,0.000157,172.31.46.0-255,66,24720,53,351089
32461,0.00016,74.125.130.0-255,1484,26204,53,351089
32462,0.000162,172.31.46.0-255,66,26270,53,351089
32463,0.000167,74.125.130.0-255,2902,29172,53,351089
32464,0.000169,172.31.46.0-255,66,29238,53,351089
32465,0.000206,74.125.130.0-255,2543,31781,53,351089
32466,0.000209,172.31.46.0-255,66,31847,53,351089
32467,0.000449,74.125.130.0-255,1484,33331,53,351089
32468,0.000454,172.31.46.0-255,66,33397,53,351089
32469,0.000461,74.125.130.0-255,2902,36299,53,351089
32470,0.000464,172.31.46.0-255,66,36365,53,351089
32471,0.000476,74.125.130.0-255,5738,42103,53,351089
32472,0.000479,172.31.46.0-255,66,42169,53,351089
32473,0.000505,74.125.130.0-255,6797,48966,53,351089
32474,0.000508,172.31.46.0-255,66,49032,53,351089
32475,0.000516,74.125.130.0-255,7156,56188,53,351089
32476,0.000518,172.31.46.0-255,66,56254,53,351089
32477,0.000586,172.31.46.0-255,66,56320,53,351089
32478,0.001308,74.125.130.0-255,646,56966,53,351089
32479,0.001547,74.125.130.0-255,1484,58450,53,351089
32480,0.001553,172.31.46.0-255,66,58516,53,351089
32481,0.001581,74.125.130.0-255,2902,61418,53,351089
32482,0.001584,172.31.46.0-255,66,61484,53,351089
32483,0.001587,74.125.130.0-255,1484,62968,53,351089
32484,0.001592,74.125.130.0-255,2902,65870,53,351089
32485,0.001595,172.31.46.0-255,66,65936,53,351089
32486,0.001602,74.125.130.0-255,5738,71674,53,351089
32487,0.001603,172.31.46.0-255,66,71740,53,351089
32488,0.001607,74.125.130.0-255,1484,73224,53,351089
32489,0.001633,74.125.130.0-255,2902,76126,53,351089
32490,0.001636,172.31.46.0-255,66,76192,53,351089
32491,0.00166,74.125.130.0-255,1484,77676,53,351089
32492,0.001673,74.125.130.0-255,2902,80578,53,351089
32493,0.001676,172.31.46.0-255,66,80644,53,351089
32494,0.001705,74.125.130.0-255,5738,86382,53,351089
32495,0.001707,172.31.46.0-255,66,86448,53,351089
32496,0.001711,74.125.130.0-255,1484,87932,53,351089
32497,0.001731,74.125.130.0-255,2902,90834,53,351089
32498,0.001734,172.31.46.0-255,66,90900,53,351089
32499,0.001759,74.125.130.0-255,766,91666,53,351089
32500,0.002225,74.125.130.0-255,1484,93150,53,351089
32501,0.002232,172.31.46.0-255,66,93216,53,351089
32502,0.002261,74.125.130.0-255,1484,94700,53,351089
32503,0.002276,74.125.130.0-255,1484,96184,53,351089
32504,0.002279,172.31.46.0-255,66,96250,53,351089
32505,0.002283,74.125.130.0-255,1484,97734,53,351089
32506,0.00231,74.125.130.0-255,2902,100636,53,351089
32507,0.002313,172.31.46.0-255,66,100702,53,351089
32508,0.002321,74.125.130.0-255,7156,107858,53,351089
32509,0.002323,172.31.46.0-255,66,107924,53,351089
32510,0.002349,74.125.130.0-255,1484,109408,53,351089
32511,0.002356,74.125.130.0-255,5738,115146,53,351089
32512,0.002358,172.31.46.0-255,66,115212,53,351089
32513,0.002366,74.125.130.0-255,7156,122368,53,351089
32514,0.002368,172.31.46.0-255,66,122434,53,351089
32515,0.002392,74.125.130.0-255,1484,123918,53,351089
32516,0.002414,74.125.130.0-255,2184,126102,53,351089
32517,0.002416,172.31.46.0-255,66,126168,53,351089
32518,0.004889,74.125.130.0-255,1484,127652,53,351089
32519,0.004974,74.125.130.0-255,4320,131972,53,351089
32520,0.004986,172.31.46.0-255,66,132038,53,351089
32521,0.007526,74.125.130.0-255,5738,137776,53,351089
32522,0.007533,172.31.46.0-255,66,137842,53,351089
32523,0.01008,74.125.130.0-255,5738,143580,53,351089
32524,0.010091,172.31.46.0-255,66,143646,53,351089
32525,0.012632,74.125.130.0-255,5738,149384,53,351089
32526,0.012646,172.31.46.0-255,66,149450,53,351089
32527,0.015197,74.125.130.0-255,5738,155188,53,351089
32528,0.015208,172.31.46.0-255,66,155254,53,351089
32529,0.017751,74.125.130.0-255,5738,160992,53,351089
32530,0.017762,172.31.46.0-255,66,161058,53,351089
32531,0.020306,74.125.130.0-255,5738,166796,53,351089
32532,0.020319,172.31.46.0-255,66,166862,53,351089
32533,0.02287,74.125.130.0-255,5738,172600,53,351089
32534,0.022887,172.31.46.0-255,66,172666,53,351089
32535,0.025446,74.125.130.0-255,5738,178404,53,351089
32536,0.025466,172.31.46.0-255,66,178470,53,351089
32537,0.028012,74.125.130.0-255,5738,184208,53,351089
32538,0.028032,172.31.46.0-255,66,184274,53,351089
32539,0.030593,74.125.130.0-255,5738,190012,53,351089
32540,0.030609,172.31.46.0-255,66,190078,53,351089
32541,0.033166,74.125.130.0-255,5738,195816,53,351089
32542,0.033183,172.31.46.0-255,66,195882,53,351089
32543,0.03572,74.125.130.0-255,5738,201620,53,351089
32544,0.035737,172.31.46.0-255,66,201686,53,351089
32545,0.038287,74.125.130.0-255,5738,207424,53,351089
32546,0.038303,172.31.46.0-255,66,207490,53,351089
32547,0.039879,172.31.46.0-255,188,207678,53,351089
32548,0.039914,172.31.46.0-255,953,208631,53,351089
32549,0.040007,172.31.46.0-255,1514,210145,53,351089
32550,0.040009,172.31.46.0-255,1450,211595,53,351089
32551,0.040839,74.125.130.0-255,5738,217333,53,351089
32552,0.040848,172.31.46.0-255,66,217399,53,351089
32553,0.041448,104.244.42.0-255,66,217465,53,351089
32554,0.041553,104.244.42.0-255,66,217531,53,351089
32555,0.04164,104.244.42.0-255,66,217597,53,351089
32556,0.043384,74.125.130.0-255,5738,223335,53,351089
32557,0.043394,172.31.46.0-255,66,223401,53,351089
32558,0.045932,74.125.130.0-255,5738,229139,53,351089
32559,0.04595,172.31.46.0-255,66,229205,53,351089
32560,0.048485,74.125.130.0-255,5738,234943,53,351089
32561,0.048496,172.31.46.0-255,66,235009,53,351089
32562,0.05109,74.125.130.0-255,5738,240747,53,351089
32563,0.051105,172.31.46.0-255,66,240813,53,351089
32564,0.053652,74.125.130.0-255,5738,246551,53,351089
32565,0.053665,172.31.46.0-255,66,246617,53,351089
32566,0.056209,74.125.130.0-255,5738,252355,53,351089
32567,0.056223,172.31.46.0-255,66,252421,53,351089
32568,0.058773,74.125.130.0-255,5738,258159,53,351089
32569,0.058789,172.31.46.0-255,66,258225,53,351089
32570,0.061333,74.125.130.0-255,5738,263963,53,351089
32571,0.061345,172.31.46.0-255,66,264029,53,351089
32572,0.063892,74.125.130.0-255,5738,269767,53,351089
32573,0.063905,172.31.46.0-255,66,269833,53,351089
32574,0.06645,74.125.130.0-255,5738,275571,53,351089
32575,0.066459,172.31.46.0-255,66,275637,53,351089
32576,0.069005,74.125.130.0-255,5738,281375,53,351089
32577,0.069018,172.31.46.0-255,66,281441,53,351089
32578,0.071567,74.125.130.0-255,5738,287179,53,351089
32579,0.07158,172.31.46.0-255,66,287245,53,351089
32580,0.074137,74.125.130.0-255,5738,292983,53,351089
32581,0.07415,172.31.46.0-255,66,293049,53,351089
32582,0.076696,74.125.130.0-255,5738,298787,53,351089
32583,0.076705,172.31.46.0-255,66,298853,53,351089
32584,0.079266,74.125.130.0-255,5738,304591,53,351089
32585,0.079277,172.31.46.0-255,66,304657,53,351089
32586,0.081818,74.125.130.0-255,5738,310395,53,351089
32587,0.081827,172.31.46.0-255,66,310461,53,351089
32588,0.084368,74.125.130.0-255,5738,316199,53,351089
32589,0.084377,172.31.46.0-255,66,316265,53,351089
32590,0.086925,74.125.130.0-255,5738,322003,53,351089
32591,0.086936,172.31.46.0-255,66,322069,53,351089
32592,0.089484,74.125.130.0-255,5738,327807,53,351089
32593,0.089497,172.31.46.0-255,66,327873,53,351089
32594,0.0921,74.125.130.0-255,5738,333611,53,351089
32595,0.09211,172.31.46.0-255,66,333677,53,351089
32596,0.09465,74.125.130.0-255,5738,339415,53,351089
32597,0.094661,172.31.46.0-255,66,339481,53,351089
32598,0.097205,74.125.130.0-255,5738,345219,53,351089
32599,0.097215,172.31.46.0-255,66,345285,53,351089
32600,0.099761,74.125.130.0-255,5738,351023,53,351089
32601,0.099772,172.31.46.0-255,66,351089,53,351089
32602,0.0,172.217.194.0-255,150,150,53,254908
32603,2.1e-05,172.31.46.0-255,66,216,53,254908
32604,5.1e-05,172.217.194.0-255,1484,1700,53,254908
32605,5.5e-05,172.31.46.0-255,66,1766,53,254908
32606,6e-05,172.217.194.0-255,2902,4668,53,254908
32607,6.3e-05,172.31.46.0-255,66,4734,53,254908
32608,6.8e-05,172.217.194.0-255,2902,7636,53,254908
32609,7e-05,172.31.46.0-255,66,7702,53,254908
32610,0.000104,172.217.194.0-255,2902,10604,53,254908
32611,0.000107,172.31.46.0-255,66,10670,53,254908
32612,0.000112,172.217.194.0-255,3472,14142,53,254908
32613,0.000114,172.31.46.0-255,66,14208,53,254908
32614,0.000117,172.217.194.0-255,1484,15692,53,254908
32615,0.000118,172.31.46.0-255,66,15758,53,254908
32616,0.000147,172.217.194.0-255,2902,18660,53,254908
32617,0.000149,172.31.46.0-255,66,18726,53,254908
32618,0.000153,172.217.194.0-255,2902,21628,53,254908
32619,0.000155,172.31.46.0-255,66,21694,53,254908
32620,0.000183,172.217.194.0-255,4320,26014,53,254908
32621,0.000186,172.31.46.0-255,66,26080,53,254908
32622,0.000195,172.31.46.0-255,66,26146,53,254908
32623,0.000225,172.217.194.0-255,4320,30466,53,254908
32624,0.000227,172.31.46.0-255,66,30532,53,254908
32625,0.000236,172.31.46.0-255,66,30598,53,254908
32626,0.007197,172.217.194.0-255,1484,32082,53,254908
32627,0.007206,172.31.46.0-255,66,32148,53,254908
32628,0.007236,172.217.194.0-255,2902,35050,53,254908
32629,0.007238,172.31.46.0-255,66,35116,53,254908
32630,0.007242,172.217.194.0-255,1484,36600,53,254908
32631,0.007244,172.31.46.0-255,66,36666,53,254908
32632,0.009536,172.217.194.0-255,1484,38150,53,254908
32633,0.009581,172.217.194.0-255,2902,41052,53,254908
32634,0.009591,172.31.46.0-255,66,41118,53,254908
32635,0.00962,172.217.194.0-255,1484,42602,53,254908
32636,0.011979,172.217.194.0-255,4320,46922,53,254908
32637,0.011995,172.31.46.0-255,66,46988,53,254908
32638,0.014344,172.217.194.0-255,1713,48701,53,254908
32639,0.014358,172.31.46.0-255,66,48767,53,254908
32640,0.017885,172.217.194.0-255,1484,50251,53,254908
32641,0.017912,172.217.194.0-255,2902,53153,53,254908
32642,0.017918,172.31.46.0-255,66,53219,53,254908
32643,0.017942,172.217.194.0-255,1484,54703,53,254908
32644,0.020284,172.217.194.0-255,4320,59023,53,254908
32645,0.020298,172.31.46.0-255,66,59089,53,254908
32646,0.022632,172.217.194.0-255,5738,64827,53,254908
32647,0.022644,172.31.46.0-255,66,64893,53,254908
32648,0.025005,172.217.194.0-255,5738,70631,53,254908
32649,0.025019,172.31.46.0-255,66,70697,53,254908
32650,0.027379,172.217.194.0-255,5738,76435,53,254908
32651,0.027397,172.31.46.0-255,66,76501,53,254908
32652,0.029735,172.217.194.0-255,5738,82239,53,254908
32653,0.029742,172.31.46.0-255,66,82305,53,254908
32654,0.032121,172.217.194.0-255,5738,88043,53,254908
32655,0.03214,172.31.46.0-255,66,88109,53,254908
32656,0.03449,172.217.194.0-255,5738,93847,53,254908
32657,0.034498,172.31.46.0-255,66,93913,53,254908
32658,0.036832,172.217.194.0-255,5738,99651,53,254908
32659,0.036839,172.31.46.0-255,66,99717,53,254908
32660,0.037485,172.31.46.0-255,172,99889,53,254908
32661,0.037515,172.31.46.0-255,1112,101001,53,254908
32662,0.037577,172.31.46.0-255,1514,102515,53,254908
32663,0.037578,172.31.46.0-255,1291,103806,53,254908
32664,0.039034,104.244.42.0-255,66,103872,53,254908
32665,0.039046,104.244.42.0-255,66,103938,53,254908
32666,0.039104,104.244.42.0-255,66,104004,53,254908
32667,0.039174,172.217.194.0-255,5738,109742,53,254908
32668,0.039182,172.31.46.0-255,66,109808,53,254908
32669,0.041536,172.217.194.0-255,5738,115546,53,254908
32670,0.04155,172.31.46.0-255,66,115612,53,254908
32671,0.043896,172.217.194.0-255,5738,121350,53,254908
32672,0.043913,172.31.46.0-255,66,121416,53,254908
32673,0.046278,172.217.194.0-255,5738,127154,53,254908
32674,0.046295,172.31.46.0-255,66,127220,53,254908
32675,0.048634,172.217.194.0-255,5738,132958,53,254908
32676,0.048653,172.31.46.0-255,66,133024,53,254908
32677,0.051031,172.217.194.0-255,5738,138762,53,254908
32678,0.05105,172.31.46.0-255,66,138828,53,254908
32679,0.053427,172.217.194.0-255,5738,144566,53,254908
32680,0.053444,172.31.46.0-255,66,144632,53,254908
32681,0.055837,172.217.194.0-255,5738,150370,53,254908
32682,0.055854,172.31.46.0-255,66,150436,53,254908
32683,0.058212,172.217.194.0-255,5738,156174,53,254908
32684,0.058237,172.31.46.0-255,66,156240,53,254908
32685,0.060609,172.217.194.0-255,5738,161978,53,254908
32686,0.060652,172.31.46.0-255,66,162044,53,254908
32687,0.06301,172.217.194.0-255,5738,167782,53,254908
32688,0.06303,172.31.46.0-255,66,167848,53,254908
32689,0.065421,172.217.194.0-255,5738,173586,53,254908
32690,0.065439,172.31.46.0-255,66,173652,53,254908
32691,0.067779,172.217.194.0-255,5738,179390,53,254908
32692,0.067796,172.31.46.0-255,66,179456,53,254908
32693,0.070147,172.217.194.0-255,5738,185194,53,254908
32694,0.070161,172.31.46.0-255,66,185260,53,254908
32695,0.072521,172.217.194.0-255,5738,190998,53,254908
32696,0.072541,172.31.46.0-255,66,191064,53,254908
32697,0.074914,172.217.194.0-255,5738,196802,53,254908
32698,0.07493,172.31.46.0-255,66,196868,53,254908
32699,0.077302,172.217.194.0-255,5738,202606,53,254908
32700,0.07732,172.31.46.0-255,66,202672,53,254908
32701,0.07969,172.217.194.0-255,5738,208410,53,254908
32702,0.079708,172.31.46.0-255,66,208476,53,254908
32703,0.082059,172.217.194.0-255,5738,214214,53,254908
32704,0.082075,172.31.46.0-255,66,214280,53,254908
32705,0.084404,172.217.194.0-255,5738,220018,53,254908
32706,0.084422,172.31.46.0-255,66,220084,53,254908
32707,0.086764,172.217.194.0-255,5738,225822,53,254908
32708,0.086779,172.31.46.0-255,66,225888,53,254908
32709,0.089135,172.217.194.0-255,5738,231626,53,254908
32710,0.089154,172.31.46.0-255,66,231692,53,254908
32711,0.091542,172.217.194.0-255,5738,237430,53,254908
32712,0.091557,172.31.46.0-255,66,237496,53,254908
32713,0.093923,172.217.194.0-255,5738,243234,53,254908
32714,0.093929,172.31.46.0-255,66,243300,53,254908
32715,0.096289,172.217.194.0-255,5738,249038,53,254908
32716,0.096295,172.31.46.0-255,66,249104,53,254908
32717,0.098632,172.217.194.0-255,5738,254842,53,254908
32718,0.098639,172.31.46.0-255,66,254908,53,254908
32719,0.0,172.217.194.0-255,143,143,53,186137
32720,2e-05,172.31.46.0-255,66,209,53,186137
32721,2.6e-05,172.217.194.0-255,1484,1693,53,186137
32722,3.1e-05,172.31.46.0-255,66,1759,53,186137
32723,3.6e-05,172.217.194.0-255,2902,4661,53,186137
32724,4.6e-05,172.31.46.0-255,66,4727,53,186137
32725,5.2e-05,172.217.194.0-255,4320,9047,53,186137
32726,5.5e-05,172.31.46.0-255,66,9113,53,186137
32727,0.0001,172.217.194.0-255,4889,14002,53,186137
32728,0.000104,172.31.46.0-255,66,14068,53,186137
32729,0.000109,172.217.194.0-255,4320,18388,53,186137
32730,0.000112,172.31.46.0-255,66,18454,53,186137
32731,0.000141,172.217.194.0-255,1484,19938,53,186137
32732,0.000143,172.31.46.0-255,66,20004,53,186137
32733,0.000222,172.31.46.0-255,66,20070,53,186137
32734,0.000235,172.31.46.0-255,66,20136,53,186137
32735,0.000247,172.217.194.0-255,6797,26933,53,186137
32736,0.000249,172.31.46.0-255,66,26999,53,186137
32737,0.000256,172.217.194.0-255,7156,34155,53,186137
32738,0.000259,172.31.46.0-255,66,34221,53,186137
32739,0.000271,172.31.46.0-255,66,34287,53,186137
32740,0.000316,172.217.194.0-255,1705,35992,53,186137
32741,0.000319,172.31.46.0-255,66,36058,53,186137
32742,0.000484,172.217.194.0-255,1484,37542,53,186137
32743,0.00049,172.31.46.0-255,66,37608,53,186137
32744,0.000496,172.217.194.0-255,2902,40510,53,186137
32745,0.000499,172.31.46.0-255,66,40576,53,186137
32746,0.000532,172.217.194.0-255,5738,46314,53,186137
32747,0.00055,172.217.194.0-255,7156,53470,53,186137
32748,0.000553,172.31.46.0-255,66,53536,53,186137
32749,0.000564,172.217.194.0-255,2902,56438,53,186137
32750,0.000572,172.217.194.0-255,766,57204,53,186137
32751,0.000604,172.31.46.0-255,66,57270,53,186137
32752,0.000951,172.217.194.0-255,1484,58754,53,186137
32753,0.000957,172.217.194.0-255,2902,61656,53,186137
32754,0.00096,172.31.46.0-255,66,61722,53,186137
32755,0.000964,172.217.194.0-255,1484,63206,53,186137
32756,0.000993,172.217.194.0-255,4320,67526,53,186137
32757,0.001,172.217.194.0-255,7156,74682,53,186137
32758,0.001007,172.31.46.0-255,66,74748,53,186137
32759,0.001018,172.217.194.0-255,5738,80486,53,186137
32760,0.001039,172.31.46.0-255,66,80552,53,186137
32761,0.001074,172.31.46.0-255,66,80618,53,186137
32762,0.001246,172.217.194.0-255,1484,82102,53,186137
32763,0.001258,172.217.194.0-255,2902,85004,53,186137
32764,0.001261,172.31.46.0-255,66,85070,53,186137
32765,0.001267,172.217.194.0-255,4320,89390,53,186137
32766,0.001283,172.217.194.0-255,1484,90874,53,186137
32767,0.001305,172.31.46.0-255,66,90940,53,186137
32768,0.001315,172.217.194.0-255,2902,93842,53,186137
32769,0.001329,172.217.194.0-255,766,94608,53,186137
32770,0.001347,172.31.46.0-255,66,94674,53,186137
32771,0.001371,172.217.194.0-255,1484,96158,53,186137
32772,0.001376,172.217.194.0-255,4320,100478,53,186137
32773,0.001393,172.217.194.0-255,5738,106216,53,186137
32774,0.001406,172.217.194.0-255,4320,110536,53,186137
32775,0.001408,172.217.194.0-255,1484,112020,53,186137
32776,0.001411,172.31.46.0-255,66,112086,53,186137
32777,0.001416,172.31.46.0-255,66,112152,53,186137
32778,0.00144,172.217.194.0-255,7156,119308,53,186137
32779,0.001451,172.31.46.0-255,66,119374,53,186137
32780,0.001457,172.217.194.0-255,7156,126530,53,186137
32781,0.001476,172.217.194.0-255,2184,128714,53,186137
32782,0.001478,172.31.46.0-255,66,128780,53,186137
32783,0.001495,172.31.46.0-255,66,128846,53,186137
32784,0.001553,172.217.194.0-255,1484,130330,53,186137
32785,0.001558,172.217.194.0-255,2902,133232,53,186137
32786,0.001564,172.31.46.0-255,66,133298,53,186137
32787,0.001583,172.217.194.0-255,5738,139036,53,186137
32788,0.001596,172.217.194.0-255,1484,140520,53,186137
32789,0.001598,172.31.46.0-255,66,140586,53,186137
32790,0.001641,172.31.46.0-255,66,140652,53,186137
32791,0.001649,172.217.194.0-255,766,141418,53,186137
32792,0.00169,172.217.194.0-255,1484,142902,53,186137
32793,0.001697,172.31.46.0-255,66,142968,53,186137
32794,0.001707,172.217.194.0-255,4320,147288,53,186137
32795,0.001716,172.217.194.0-255,4320,151608,53,186137
32796,0.001756,172.31.46.0-255,66,151674,53,186137
32797,0.001768,172.217.194.0-255,5738,157412,53,186137
32798,0.001792,172.217.194.0-255,6438,163850,53,186137
32799,0.001846,172.31.46.0-255,66,163916,53,186137
32800,0.001855,172.217.194.0-255,5020,168936,53,186137
32801,0.001864,172.31.46.0-255,66,169002,53,186137
32802,0.001926,172.217.194.0-255,1484,170486,53,186137
32803,0.001933,172.31.46.0-255,66,170552,53,186137
32804,0.001994,172.217.194.0-255,7156,177708,53,186137
32805,0.001996,172.217.194.0-255,1484,179192,53,186137
32806,0.002012,172.31.46.0-255,66,179258,53,186137
32807,0.002017,172.217.194.0-255,2184,181442,53,186137
32808,0.002021,172.31.46.0-255,66,181508,53,186137
32809,0.002072,172.217.194.0-255,105,181613,53,186137
32810,0.002076,172.31.46.0-255,66,181679,53,186137
32811,0.004116,172.31.46.0-255,105,181784,53,186137
32812,0.006348,172.217.194.0-255,66,181850,53,186137
32813,0.028805,172.31.46.0-255,172,182022,53,186137
32814,0.028834,172.31.46.0-255,1112,183134,53,186137
32815,0.028889,172.31.46.0-255,1514,184648,53,186137
32816,0.02889,172.31.46.0-255,1291,185939,53,186137
32817,0.030335,104.244.42.0-255,66,186005,53,186137
32818,0.030374,104.244.42.0-255,66,186071,53,186137
32819,0.030393,104.244.42.0-255,66,186137,53,186137
32820,0.0,172.217.194.0-255,150,150,53,197841
32821,1.5e-05,172.31.46.0-255,66,216,53,197841
32822,2.1e-05,172.217.194.0-255,1484,1700,53,197841
32823,2.5e-05,172.31.46.0-255,66,1766,53,197841
32824,3.2e-05,172.217.194.0-255,2902,4668,53,197841
32825,3.5e-05,172.31.46.0-255,66,4734,53,197841
32826,7.2e-05,172.217.194.0-255,5738,10472,53,197841
32827,7.5e-05,172.31.46.0-255,66,10538,53,197841
32828,0.000114,172.31.46.0-255,66,10604,53,197841
32829,0.000151,172.217.194.0-255,7156,17760,53,197841
32830,0.000154,172.31.46.0-255,66,17826,53,197841
32831,0.000169,172.217.194.0-255,1125,18951,53,197841
32832,0.000171,172.31.46.0-255,66,19017,53,197841
32833,0.000249,172.217.194.0-255,1484,20501,53,197841
32834,0.000252,172.31.46.0-255,66,20567,53,197841
32835,0.000257,172.217.194.0-255,2902,23469,53,197841
32836,0.000259,172.31.46.0-255,66,23535,53,197841
32837,0.000262,172.217.194.0-255,1484,25019,53,197841
32838,0.000265,172.31.46.0-255,66,25085,53,197841
32839,0.000287,172.217.194.0-255,4320,29405,53,197841
32840,0.00029,172.31.46.0-255,66,29471,53,197841
32841,0.000303,172.217.194.0-255,2902,32373,53,197841
32842,0.000305,172.31.46.0-255,66,32439,53,197841
32843,0.000321,172.217.194.0-255,3961,36400,53,197841
32844,0.000324,172.31.46.0-255,66,36466,53,197841
32845,0.000329,172.217.194.0-255,4320,40786,53,197841
32846,0.000331,172.31.46.0-255,66,40852,53,197841
32847,0.000364,172.217.194.0-255,2902,43754,53,197841
32848,0.000367,172.31.46.0-255,66,43820,53,197841
32849,0.000379,172.31.46.0-255,66,43886,53,197841
32850,0.000382,172.217.194.0-255,100,43986,53,197841
32851,0.00049,172.217.194.0-255,1484,45470,53,197841
32852,0.000494,172.31.46.0-255,66,45536,53,197841
32853,0.000549,172.217.194.0-255,2902,48438,53,197841
32854,0.000554,172.31.46.0-255,66,48504,53,197841
32855,0.00056,172.217.194.0-255,5738,54242,53,197841
32856,0.000563,172.31.46.0-255,66,54308,53,197841
32857,0.000577,172.31.46.0-255,66,54374,53,197841
32858,0.00058,172.217.194.0-255,1484,55858,53,197841
32859,0.00062,172.217.194.0-255,2902,58760,53,197841
32860,0.000622,172.31.46.0-255,66,58826,53,197841
32861,0.000647,172.217.194.0-255,6154,64980,53,197841
32862,0.00065,172.31.46.0-255,66,65046,53,197841
32863,0.000838,172.217.194.0-255,1484,66530,53,197841
32864,0.000845,172.217.194.0-255,2902,69432,53,197841
32865,0.00085,172.31.46.0-255,66,69498,53,197841
32866,0.000876,172.217.194.0-255,5738,75236,53,197841
32867,0.000879,172.31.46.0-255,66,75302,53,197841
32868,0.000894,172.217.194.0-255,2902,78204,53,197841
32869,0.000896,172.31.46.0-255,66,78270,53,197841
32870,0.000927,172.31.46.0-255,66,78336,53,197841
32871,0.000933,172.217.194.0-255,5738,84074,53,197841
32872,0.000936,172.31.46.0-255,66,84140,53,197841
32873,0.00096,172.217.194.0-255,1484,85624,53,197841
32874,0.000977,172.217.194.0-255,3602,89226,53,197841
32875,0.000981,172.31.46.0-255,66,89292,53,197841
32876,0.001132,172.217.194.0-255,1484,90776,53,197841
32877,0.001152,172.217.194.0-255,2902,93678,53,197841
32878,0.001156,172.31.46.0-255,66,93744,53,197841
32879,0.001161,172.217.194.0-255,2902,96646,53,197841
32880,0.001163,172.31.46.0-255,66,96712,53,197841
32881,0.001177,172.217.194.0-255,1484,98196,53,197841
32882,0.001192,172.217.194.0-255,7156,105352,53,197841
32883,0.001195,172.31.46.0-255,66,105418,53,197841
32884,0.001214,172.217.194.0-255,1484,106902,53,197841
32885,0.001249,172.31.46.0-255,66,106968,53,197841
32886,0.001272,172.217.194.0-255,3602,110570,53,197841
32887,0.001274,172.31.46.0-255,66,110636,53,197841
32888,0.001291,172.217.194.0-255,1484,112120,53,197841
32889,0.001307,172.217.194.0-255,2902,115022,53,197841
32890,0.001309,172.31.46.0-255,66,115088,53,197841
32891,0.001313,172.217.194.0-255,1484,116572,53,197841
32892,0.001333,172.217.194.0-255,4320,120892,53,197841
32893,0.001336,172.31.46.0-255,66,120958,53,197841
32894,0.001342,172.217.194.0-255,5738,126696,53,197841
32895,0.001345,172.31.46.0-255,66,126762,53,197841
32896,0.001363,172.217.194.0-255,5738,132500,53,197841
32897,0.001366,172.31.46.0-255,66,132566,53,197841
32898,0.00145,172.31.46.0-255,66,132632,53,197841
32899,0.001843,172.217.194.0-255,1484,134116,53,197841
32900,0.001868,172.217.194.0-255,2902,137018,53,197841
32901,0.001872,172.31.46.0-255,66,137084,53,197841
32902,0.001878,172.217.194.0-255,4320,141404,53,197841
32903,0.00188,172.31.46.0-255,66,141470,53,197841
32904,0.001887,172.217.194.0-255,5738,147208,53,197841
32905,0.001889,172.31.46.0-255,66,147274,53,197841
32906,0.001901,172.217.194.0-255,2902,150176,53,197841
32907,0.001904,172.31.46.0-255,66,150242,53,197841
32908,0.001927,172.217.194.0-255,1484,151726,53,197841
32909,0.001947,172.217.194.0-255,5738,157464,53,197841
32910,0.00195,172.31.46.0-255,66,157530,53,197841
32911,0.001981,172.31.46.0-255,66,157596,53,197841
32912,0.002022,172.217.194.0-255,1484,159080,53,197841
32913,0.002042,172.217.194.0-255,2902,161982,53,197841
32914,0.002046,172.31.46.0-255,66,162048,53,197841
32915,0.002053,172.217.194.0-255,5738,167786,53,197841
32916,0.002055,172.31.46.0-255,66,167852,53,197841
32917,0.002067,172.217.194.0-255,1484,169336,53,197841
32918,0.002101,172.31.46.0-255,66,169402,53,197841
32919,0.002107,172.217.194.0-255,4320,173722,53,197841
32920,0.002109,172.31.46.0-255,66,173788,53,197841
32921,0.002125,172.217.194.0-255,4320,178108,53,197841
32922,0.002127,172.31.46.0-255,66,178174,53,197841
32923,0.002159,172.31.46.0-255,66,178240,53,197841
32924,0.002186,172.31.46.0-255,66,178306,53,197841
32925,0.002222,172.217.194.0-255,4320,182626,53,197841
32926,0.002225,172.31.46.0-255,66,182692,53,197841
32927,0.002252,172.31.46.0-255,66,182758,53,197841
32928,0.00227,172.31.46.0-255,66,182824,53,197841
32929,0.002299,172.217.194.0-255,7156,189980,53,197841
32930,0.002302,172.31.46.0-255,66,190046,53,197841
32931,0.002337,172.31.46.0-255,66,190112,53,197841
32932,0.002348,172.217.194.0-255,2902,193014,53,197841
32933,0.00235,172.31.46.0-255,66,193080,53,197841
32934,0.00239,172.31.46.0-255,66,193146,53,197841
32935,0.002452,172.31.46.0-255,66,193212,53,197841
32936,0.002455,172.217.194.0-255,105,193317,53,197841
32937,0.010655,172.31.46.0-255,66,193383,53,197841
32938,0.010704,172.31.46.0-255,105,193488,53,197841
32939,0.013233,172.217.194.0-255,66,193554,53,197841
32940,0.033656,172.31.46.0-255,172,193726,53,197841
32941,0.033685,172.31.46.0-255,1112,194838,53,197841
32942,0.033739,172.31.46.0-255,1514,196352,53,197841
32943,0.033741,172.31.46.0-255,1291,197643,53,197841
32944,0.035233,104.244.42.0-255,66,197709,53,197841
32945,0.035242,104.244.42.0-255,66,197775,53,197841
32946,0.035325,104.244.42.0-255,66,197841,53,197841
32947,0.0,74.125.200.0-255,152,152,53,138513
32948,2.3e-05,172.31.46.0-255,66,218,53,138513
32949,3e-05,74.125.200.0-255,1484,1702,53,138513
32950,3.5e-05,172.31.46.0-255,66,1768,53,138513
32951,3.9e-05,74.125.200.0-255,1484,3252,53,138513
32952,4.2e-05,172.31.46.0-255,66,3318,53,138513
32953,4.9e-05,74.125.200.0-255,2902,6220,53,138513
32954,5.3e-05,172.31.46.0-255,66,6286,53,138513
32955,5.9e-05,74.125.200.0-255,5738,12024,53,138513
32956,6.4e-05,172.31.46.0-255,66,12090,53,138513
32957,8.5e-05,74.125.200.0-255,2042,14132,53,138513
32958,8.8e-05,172.31.46.0-255,66,14198,53,138513
32959,0.000211,74.125.200.0-255,1484,15682,53,138513
32960,0.000216,172.31.46.0-255,66,15748,53,138513
32961,0.000222,74.125.200.0-255,2902,18650,53,138513
32962,0.000224,172.31.46.0-255,66,18716,53,138513
32963,0.000229,74.125.200.0-255,2902,21618,53,138513
32964,0.000231,172.31.46.0-255,66,21684,53,138513
32965,0.000262,74.125.200.0-255,4320,26004,53,138513
32966,0.000265,172.31.46.0-255,66,26070,53,138513
32967,0.000287,74.125.200.0-255,5738,31808,53,138513
32968,0.000289,172.31.46.0-255,66,31874,53,138513
32969,0.000307,74.125.200.0-255,2543,34417,53,138513
32970,0.000309,172.31.46.0-255,66,34483,53,138513
32971,0.000328,74.125.200.0-255,5738,40221,53,138513
32972,0.000331,172.31.46.0-255,66,40287,53,138513
32973,0.000352,74.125.200.0-255,2902,43189,53,138513
32974,0.000355,172.31.46.0-255,66,43255,53,138513
32975,0.000394,74.125.200.0-255,7156,50411,53,138513
32976,0.000397,172.31.46.0-255,66,50477,53,138513
32977,0.000412,74.125.200.0-255,4320,54797,53,138513
32978,0.000414,172.31.46.0-255,66,54863,53,138513
32979,0.000486,74.125.200.0-255,1058,55921,53,138513
32980,0.000512,74.125.200.0-255,132,56053,53,138513
32981,0.000536,172.31.46.0-255,66,56119,53,138513
32982,0.000553,74.125.200.0-255,7156,63275,53,138513
32983,0.000582,172.31.46.0-255,66,63341,53,138513
32984,0.000601,74.125.200.0-255,5738,69079,53,138513
32985,0.00062,74.125.200.0-255,2902,71981,53,138513
32986,0.000624,172.31.46.0-255,66,72047,53,138513
32987,0.0007,172.31.46.0-255,66,72113,53,138513
32988,0.000784,74.125.200.0-255,7156,79269,53,138513
32989,0.000805,172.31.46.0-255,66,79335,53,138513
32990,0.000822,172.31.46.0-255,66,79401,53,138513
32991,0.000911,74.125.200.0-255,2902,82303,53,138513
32992,0.000931,74.125.200.0-255,4320,86623,53,138513
32993,0.000938,172.31.46.0-255,66,86689,53,138513
32994,0.000968,172.31.46.0-255,66,86755,53,138513
32995,0.001024,172.31.46.0-255,66,86821,53,138513
32996,0.001042,74.125.200.0-255,5738,92559,53,138513
32997,0.001095,172.31.46.0-255,66,92625,53,138513
32998,0.001134,74.125.200.0-255,4320,96945,53,138513
32999,0.001178,172.31.46.0-255,66,97011,53,138513
33000,0.001237,74.125.200.0-255,4320,101331,53,138513
33001,0.001247,172.31.46.0-255,66,101397,53,138513
33002,0.001253,74.125.200.0-255,2902,104299,53,138513
33003,0.001264,172.31.46.0-255,66,104365,53,138513
33004,0.001318,172.31.46.0-255,66,104431,53,138513
33005,0.001358,172.31.46.0-255,66,104497,53,138513
33006,0.001449,74.125.200.0-255,766,105263,53,138513
33007,0.001479,74.125.200.0-255,4320,109583,53,138513
33008,0.001499,172.31.46.0-255,66,109649,53,138513
33009,0.001536,172.31.46.0-255,66,109715,53,138513
33010,0.001695,74.125.200.0-255,5020,114735,53,138513
33011,0.001771,172.31.46.0-255,66,114801,53,138513
33012,0.001971,74.125.200.0-255,5738,120539,53,138513
33013,0.001996,172.31.46.0-255,66,120605,53,138513
33014,0.002008,74.125.200.0-255,5738,126343,53,138513
33015,0.002025,172.31.46.0-255,66,126409,53,138513
33016,0.002106,172.31.46.0-255,66,126475,53,138513
33017,0.002304,172.31.46.0-255,101,126576,53,138513
33018,0.002397,74.125.200.0-255,4320,130896,53,138513
33019,0.002401,172.31.46.0-255,66,130962,53,138513
33020,0.002465,172.31.46.0-255,66,131028,53,138513
33021,0.002626,74.125.200.0-255,5738,136766,53,138513
33022,0.002633,172.31.46.0-255,66,136832,53,138513
33023,0.002668,172.31.46.0-255,66,136898,53,138513
33024,0.004313,74.125.200.0-255,66,136964,53,138513
33025,0.004633,172.31.46.0-255,105,137069,53,138513
33026,0.006656,74.125.200.0-255,66,137135,53,138513
33027,0.038452,172.31.46.0-255,172,137307,53,138513
33028,0.038482,172.31.46.0-255,1074,138381,53,138513
33029,0.039995,104.244.42.0-255,66,138447,53,138513
33030,0.040026,104.244.42.0-255,66,138513,53,138513
33031,0.0,172.217.160.0-255,153,153,53,386915
33032,1.8e-05,172.31.46.0-255,66,219,53,386915
33033,2.5e-05,172.217.160.0-255,1484,1703,53,386915
33034,3e-05,172.31.46.0-255,66,1769,53,386915
33035,3.5e-05,172.217.160.0-255,2902,4671,53,386915
33036,3.9e-05,172.31.46.0-255,66,4737,53,386915
33037,4.5e-05,172.217.160.0-255,5738,10475,53,386915
33038,4.9e-05,172.31.46.0-255,66,10541,53,386915
33039,5.5e-05,172.217.160.0-255,3358,13899,53,386915
33040,5.7e-05,172.31.46.0-255,66,13965,53,386915
33041,0.000489,172.217.160.0-255,1484,15449,53,386915
33042,0.000495,172.31.46.0-255,66,15515,53,386915
33043,0.000502,172.217.160.0-255,2902,18417,53,386915
33044,0.000505,172.31.46.0-255,66,18483,53,386915
33045,0.000511,172.217.160.0-255,5738,24221,53,386915
33046,0.000514,172.31.46.0-255,66,24287,53,386915
33047,0.000583,172.217.160.0-255,6797,31084,53,386915
33048,0.000587,172.31.46.0-255,66,31150,53,386915
33049,0.000694,172.217.160.0-255,1484,32634,53,386915
33050,0.000699,172.31.46.0-255,66,32700,53,386915
33051,0.000704,172.217.160.0-255,2902,35602,53,386915
33052,0.000706,172.31.46.0-255,66,35668,53,386915
33053,0.00073,172.217.160.0-255,2902,38570,53,386915
33054,0.000733,172.31.46.0-255,66,38636,53,386915
33055,0.000755,172.217.160.0-255,2902,41538,53,386915
33056,0.000758,172.31.46.0-255,66,41604,53,386915
33057,0.000765,172.217.160.0-255,6797,48401,53,386915
33058,0.000768,172.31.46.0-255,66,48467,53,386915
33059,0.000804,172.217.160.0-255,1484,49951,53,386915
33060,0.000807,172.31.46.0-255,66,50017,53,386915
33061,0.000812,172.217.160.0-255,2902,52919,53,386915
33062,0.000814,172.31.46.0-255,66,52985,53,386915
33063,0.000819,172.217.160.0-255,4320,57305,53,386915
33064,0.000822,172.31.46.0-255,66,57371,53,386915
33065,0.000836,172.217.160.0-255,1484,58855,53,386915
33066,0.000857,172.217.160.0-255,6797,65652,53,386915
33067,0.00086,172.31.46.0-255,66,65718,53,386915
33068,0.001205,172.217.160.0-255,370,66088,53,386915
33069,0.00142,172.217.160.0-255,372,66460,53,386915
33070,0.001519,172.217.160.0-255,1484,67944,53,386915
33071,0.001526,172.31.46.0-255,66,68010,53,386915
33072,0.001532,172.217.160.0-255,2902,70912,53,386915
33073,0.001535,172.31.46.0-255,66,70978,53,386915
33074,0.001554,172.217.160.0-255,5738,76716,53,386915
33075,0.001557,172.31.46.0-255,66,76782,53,386915
33076,0.001564,172.217.160.0-255,5738,82520,53,386915
33077,0.001566,172.31.46.0-255,66,82586,53,386915
33078,0.001588,172.217.160.0-255,1125,83711,53,386915
33079,0.001614,172.217.160.0-255,1484,85195,53,386915
33080,0.001617,172.31.46.0-255,66,85261,53,386915
33081,0.001622,172.217.160.0-255,2902,88163,53,386915
33082,0.001625,172.31.46.0-255,66,88229,53,386915
33083,0.001631,172.217.160.0-255,5738,93967,53,386915
33084,0.001633,172.31.46.0-255,66,94033,53,386915
33085,0.001661,172.217.160.0-255,2902,96935,53,386915
33086,0.001663,172.31.46.0-255,66,97001,53,386915
33087,0.001678,172.217.160.0-255,3961,100962,53,386915
33088,0.001681,172.31.46.0-255,66,101028,53,386915
33089,0.001757,172.217.160.0-255,1484,102512,53,386915
33090,0.00177,172.217.160.0-255,2902,105414,53,386915
33091,0.001772,172.31.46.0-255,66,105480,53,386915
33092,0.001778,172.217.160.0-255,4320,109800,53,386915
33093,0.00178,172.31.46.0-255,66,109866,53,386915
33094,0.001792,172.217.160.0-255,1484,111350,53,386915
33095,0.001806,172.217.160.0-255,4320,115670,53,386915
33096,0.001809,172.31.46.0-255,66,115736,53,386915
33097,0.001838,172.31.46.0-255,66,115802,53,386915
33098,0.001844,172.217.160.0-255,5738,121540,53,386915
33099,0.001846,172.31.46.0-255,66,121606,53,386915
33100,0.001872,172.217.160.0-255,5020,126626,53,386915
33101,0.001874,172.31.46.0-255,66,126692,53,386915
33102,0.003763,172.217.160.0-255,5738,132430,53,386915
33103,0.003769,172.31.46.0-255,66,132496,53,386915
33104,0.005657,172.217.160.0-255,5738,138234,53,386915
33105,0.005664,172.31.46.0-255,66,138300,53,386915
33106,0.007575,172.217.160.0-255,5738,144038,53,386915
33107,0.007583,172.31.46.0-255,66,144104,53,386915
33108,0.009528,172.217.160.0-255,5738,149842,53,386915
33109,0.009536,172.31.46.0-255,66,149908,53,386915
33110,0.011545,172.217.160.0-255,5738,155646,53,386915
33111,0.011552,172.31.46.0-255,66,155712,53,386915
33112,0.013453,172.217.160.0-255,5738,161450,53,386915
33113,0.013462,172.31.46.0-255,66,161516,53,386915
33114,0.01535,172.217.160.0-255,5738,167254,53,386915
33115,0.015358,172.31.46.0-255,66,167320,53,386915
33116,0.017244,172.217.160.0-255,5738,173058,53,386915
33117,0.017251,172.31.46.0-255,66,173124,53,386915
33118,0.019142,172.217.160.0-255,5738,178862,53,386915
33119,0.019149,172.31.46.0-255,66,178928,53,386915
33120,0.021055,172.217.160.0-255,5738,184666,53,386915
33121,0.021062,172.31.46.0-255,66,184732,53,386915
33122,0.021865,172.31.46.0-255,172,184904,53,386915
33123,0.021899,172.31.46.0-255,1111,186015,53,386915
33124,0.021962,172.31.46.0-255,1514,187529,53,386915
33125,0.021963,172.31.46.0-255,1181,188710,53,386915
33126,0.022962,172.217.160.0-255,5738,194448,53,386915
33127,0.022969,172.31.46.0-255,66,194514,53,386915
33128,0.023422,104.244.42.0-255,66,194580,53,386915
33129,0.023459,104.244.42.0-255,66,194646,53,386915
33130,0.023522,104.244.42.0-255,66,194712,53,386915
33131,0.024896,172.217.160.0-255,5738,200450,53,386915
33132,0.024903,172.31.46.0-255,66,200516,53,386915
33133,0.026809,172.217.160.0-255,5738,206254,53,386915
33134,0.026817,172.31.46.0-255,66,206320,53,386915
33135,0.02872,172.217.160.0-255,5738,212058,53,386915
33136,0.028727,172.31.46.0-255,66,212124,53,386915
33137,0.030624,172.217.160.0-255,5738,217862,53,386915
33138,0.03063,172.31.46.0-255,66,217928,53,386915
33139,0.032523,172.217.160.0-255,5738,223666,53,386915
33140,0.032529,172.31.46.0-255,66,223732,53,386915
33141,0.034424,172.217.160.0-255,5738,229470,53,386915
33142,0.03443,172.31.46.0-255,66,229536,53,386915
33143,0.036365,172.217.160.0-255,5738,235274,53,386915
33144,0.036371,172.31.46.0-255,66,235340,53,386915
33145,0.038285,172.217.160.0-255,5738,241078,53,386915
33146,0.038291,172.31.46.0-255,66,241144,53,386915
33147,0.040198,172.217.160.0-255,5738,246882,53,386915
33148,0.040207,172.31.46.0-255,66,246948,53,386915
33149,0.042101,172.217.160.0-255,5738,252686,53,386915
33150,0.042109,172.31.46.0-255,66,252752,53,386915
33151,0.044053,172.217.160.0-255,5738,258490,53,386915
33152,0.04406,172.31.46.0-255,66,258556,53,386915
33153,0.04597,172.217.160.0-255,5738,264294,53,386915
33154,0.045976,172.31.46.0-255,66,264360,53,386915
33155,0.047881,172.217.160.0-255,5738,270098,53,386915
33156,0.047888,172.31.46.0-255,66,270164,53,386915
33157,0.049785,172.217.160.0-255,5738,275902,53,386915
33158,0.049792,172.31.46.0-255,66,275968,53,386915
33159,0.051685,172.217.160.0-255,5738,281706,53,386915
33160,0.05169,172.31.46.0-255,66,281772,53,386915
33161,0.053588,172.217.160.0-255,5738,287510,53,386915
33162,0.053595,172.31.46.0-255,66,287576,53,386915
33163,0.055538,172.217.160.0-255,5738,293314,53,386915
33164,0.055543,172.31.46.0-255,66,293380,53,386915
33165,0.057452,172.217.160.0-255,5738,299118,53,386915
33166,0.057459,172.31.46.0-255,66,299184,53,386915
33167,0.059383,172.217.160.0-255,5738,304922,53,386915
33168,0.05939,172.31.46.0-255,66,304988,53,386915
33169,0.061283,172.217.160.0-255,5738,310726,53,386915
33170,0.061288,172.31.46.0-255,66,310792,53,386915
33171,0.063186,172.217.160.0-255,5738,316530,53,386915
33172,0.063193,172.31.46.0-255,66,316596,53,386915
33173,0.065092,172.217.160.0-255,5738,322334,53,386915
33174,0.065097,172.31.46.0-255,66,322400,53,386915
33175,0.066992,172.217.160.0-255,5738,328138,53,386915
33176,0.066997,172.31.46.0-255,66,328204,53,386915
33177,0.068891,172.217.160.0-255,5738,333942,53,386915
33178,0.068896,172.31.46.0-255,66,334008,53,386915
33179,0.070811,172.217.160.0-255,5738,339746,53,386915
33180,0.070817,172.31.46.0-255,66,339812,53,386915
33181,0.07271,172.217.160.0-255,5738,345550,53,386915
33182,0.072717,172.31.46.0-255,66,345616,53,386915
33183,0.074618,172.217.160.0-255,5738,351354,53,386915
33184,0.074624,172.31.46.0-255,66,351420,53,386915
33185,0.076526,172.217.160.0-255,5738,357158,53,386915
33186,0.076534,172.31.46.0-255,66,357224,53,386915
33187,0.078437,172.217.160.0-255,5738,362962,53,386915
33188,0.078443,172.31.46.0-255,66,363028,53,386915
33189,0.080341,172.217.160.0-255,5738,368766,53,386915
33190,0.080348,172.31.46.0-255,66,368832,53,386915
33191,0.082236,172.217.160.0-255,5738,374570,53,386915
33192,0.082241,172.31.46.0-255,66,374636,53,386915
33193,0.084132,172.217.160.0-255,5738,380374,53,386915
33194,0.084137,172.31.46.0-255,66,380440,53,386915
33195,0.086034,172.217.160.0-255,5738,386178,53,386915
33196,0.086039,172.31.46.0-255,66,386244,53,386915
33197,0.087907,172.217.160.0-255,434,386678,53,386915
33198,0.088047,172.31.46.0-255,66,386744,53,386915
33199,0.088077,172.31.46.0-255,105,386849,53,386915
33200,0.089941,172.217.160.0-255,66,386915,53,386915
33201,0.0,74.125.24.0-255,157,157,53,313838
33202,1.9e-05,172.31.46.0-255,66,223,53,313838
33203,2.7e-05,74.125.24.0-255,1484,1707,53,313838
33204,3.1e-05,172.31.46.0-255,66,1773,53,313838
33205,3.7e-05,74.125.24.0-255,2902,4675,53,313838
33206,4.8e-05,172.31.46.0-255,66,4741,53,313838
33207,5.5e-05,74.125.24.0-255,5738,10479,53,313838
33208,5.8e-05,172.31.46.0-255,66,10545,53,313838
33209,6.3e-05,74.125.24.0-255,3472,14017,53,313838
33210,6.5e-05,172.31.46.0-255,66,14083,53,313838
33211,0.000101,74.125.24.0-255,4320,18403,53,313838
33212,0.000104,172.31.46.0-255,66,18469,53,313838
33213,0.000108,74.125.24.0-255,1484,19953,53,313838
33214,0.00011,172.31.46.0-255,66,20019,53,313838
33215,0.000139,172.31.46.0-255,66,20085,53,313838
33216,0.000142,74.125.24.0-255,1484,21569,53,313838
33217,0.000144,172.31.46.0-255,66,21635,53,313838
33218,0.00017,74.125.24.0-255,1125,22760,53,313838
33219,0.000179,172.31.46.0-255,66,22826,53,313838
33220,0.000223,74.125.24.0-255,1484,24310,53,313838
33221,0.000225,172.31.46.0-255,66,24376,53,313838
33222,0.00023,74.125.24.0-255,2902,27278,53,313838
33223,0.000232,172.31.46.0-255,66,27344,53,313838
33224,0.000262,74.125.24.0-255,5738,33082,53,313838
33225,0.000264,172.31.46.0-255,66,33148,53,313838
33226,0.000272,74.125.24.0-255,6797,39945,53,313838
33227,0.000274,172.31.46.0-255,66,40011,53,313838
33228,0.000309,172.31.46.0-255,66,40077,53,313838
33229,0.000333,74.125.24.0-255,2902,42979,53,313838
33230,0.000336,172.31.46.0-255,66,43045,53,313838
33231,0.00034,74.125.24.0-255,2849,45894,53,313838
33232,0.000342,172.31.46.0-255,66,45960,53,313838
33233,0.000723,74.125.24.0-255,115,46075,53,313838
33234,0.000729,74.125.24.0-255,330,46405,53,313838
33235,0.000954,74.125.24.0-255,1484,47889,53,313838
33236,0.000961,172.31.46.0-255,66,47955,53,313838
33237,0.000967,74.125.24.0-255,2902,50857,53,313838
33238,0.000969,172.31.46.0-255,66,50923,53,313838
33239,0.000981,74.125.24.0-255,5738,56661,53,313838
33240,0.000984,172.31.46.0-255,66,56727,53,313838
33241,0.000987,74.125.24.0-255,1484,58211,53,313838
33242,0.00103,172.31.46.0-255,66,58277,53,313838
33243,0.001035,74.125.24.0-255,4320,62597,53,313838
33244,0.001038,172.31.46.0-255,66,62663,53,313838
33245,0.001071,74.125.24.0-255,6438,69101,53,313838
33246,0.001074,172.31.46.0-255,66,69167,53,313838
33247,0.001646,74.125.24.0-255,1484,70651,53,313838
33248,0.001654,74.125.24.0-255,2902,73553,53,313838
33249,0.001659,172.31.46.0-255,66,73619,53,313838
33250,0.001667,74.125.24.0-255,5738,79357,53,313838
33251,0.00167,172.31.46.0-255,66,79423,53,313838
33252,0.001705,74.125.24.0-255,7156,86579,53,313838
33253,0.001708,172.31.46.0-255,66,86645,53,313838
33254,0.001721,172.31.46.0-255,66,86711,53,313838
33255,0.001735,74.125.24.0-255,2902,89613,53,313838
33256,0.001737,172.31.46.0-255,66,89679,53,313838
33257,0.001742,74.125.24.0-255,2184,91863,53,313838
33258,0.001743,172.31.46.0-255,66,91929,53,313838
33259,0.001888,74.125.24.0-255,1484,93413,53,313838
33260,0.001894,74.125.24.0-255,2902,96315,53,313838
33261,0.001896,172.31.46.0-255,66,96381,53,313838
33262,0.001928,74.125.24.0-255,5738,102119,53,313838
33263,0.001931,172.31.46.0-255,66,102185,53,313838
33264,0.001942,172.31.46.0-255,66,102251,53,313838
33265,0.001983,172.31.46.0-255,66,102317,53,313838
33266,0.002017,74.125.24.0-255,5020,107337,53,313838
33267,0.002019,172.31.46.0-255,66,107403,53,313838
33268,0.002027,74.125.24.0-255,7156,114559,53,313838
33269,0.002029,172.31.46.0-255,66,114625,53,313838
33270,0.002033,74.125.24.0-255,2902,117527,53,313838
33271,0.00204,172.31.46.0-255,66,117593,53,313838
33272,0.002084,172.31.46.0-255,66,117659,53,313838
33273,0.004407,74.125.24.0-255,4320,121979,53,313838
33274,0.004412,172.31.46.0-255,66,122045,53,313838
33275,0.004439,74.125.24.0-255,1484,123529,53,313838
33276,0.006789,74.125.24.0-255,4320,127849,53,313838
33277,0.006796,172.31.46.0-255,66,127915,53,313838
33278,0.009098,74.125.24.0-255,5738,133653,53,313838
33279,0.009107,172.31.46.0-255,66,133719,53,313838
33280,0.011433,74.125.24.0-255,5738,139457,53,313838
33281,0.011444,172.31.46.0-255,66,139523,53,313838
33282,0.013759,74.125.24.0-255,5738,145261,53,313838
33283,0.013771,172.31.46.0-255,66,145327,53,313838
33284,0.016112,74.125.24.0-255,5738,151065,53,313838
33285,0.016123,172.31.46.0-255,66,151131,53,313838
33286,0.018423,74.125.24.0-255,5738,156869,53,313838
33287,0.01843,172.31.46.0-255,66,156935,53,313838
33288,0.020748,74.125.24.0-255,5738,162673,53,313838
33289,0.020757,172.31.46.0-255,66,162739,53,313838
33290,0.023086,74.125.24.0-255,5738,168477,53,313838
33291,0.023098,172.31.46.0-255,66,168543,53,313838
33292,0.025444,74.125.24.0-255,5738,174281,53,313838
33293,0.025457,172.31.46.0-255,66,174347,53,313838
33294,0.027773,74.125.24.0-255,5738,180085,53,313838
33295,0.027782,172.31.46.0-255,66,180151,53,313838
33296,0.030075,74.125.24.0-255,5738,185889,53,313838
33297,0.030083,172.31.46.0-255,66,185955,53,313838
33298,0.032395,74.125.24.0-255,5738,191693,53,313838
33299,0.032416,172.31.46.0-255,66,191759,53,313838
33300,0.034724,74.125.24.0-255,5738,197497,53,313838
33301,0.034734,172.31.46.0-255,66,197563,53,313838
33302,0.037042,74.125.24.0-255,5738,203301,53,313838
33303,0.037052,172.31.46.0-255,66,203367,53,313838
33304,0.039343,74.125.24.0-255,5738,209105,53,313838
33305,0.039352,172.31.46.0-255,66,209171,53,313838
33306,0.041681,74.125.24.0-255,5738,214909,53,313838
33307,0.041696,172.31.46.0-255,66,214975,53,313838
33308,0.043989,74.125.24.0-255,5738,220713,53,313838
33309,0.043997,172.31.46.0-255,66,220779,53,313838
33310,0.046331,74.125.24.0-255,5738,226517,53,313838
33311,0.046343,172.31.46.0-255,66,226583,53,313838
33312,0.048661,74.125.24.0-255,5738,232321,53,313838
33313,0.048671,172.31.46.0-255,66,232387,53,313838
33314,0.050513,172.31.46.0-255,168,232555,53,313838
33315,0.050543,172.31.46.0-255,1121,233676,53,313838
33316,0.050609,172.31.46.0-255,1514,235190,53,313838
33317,0.050611,172.31.46.0-255,780,235970,53,313838
33318,0.050957,74.125.24.0-255,5738,241708,53,313838
33319,0.050964,172.31.46.0-255,66,241774,53,313838
33320,0.052042,104.244.42.0-255,66,241840,53,313838
33321,0.052071,104.244.42.0-255,66,241906,53,313838
33322,0.052143,104.244.42.0-255,66,241972,53,313838
33323,0.053269,74.125.24.0-255,5738,247710,53,313838
33324,0.053275,172.31.46.0-255,66,247776,53,313838
33325,0.055573,74.125.24.0-255,5738,253514,53,313838
33326,0.05558,172.31.46.0-255,66,253580,53,313838
33327,0.057892,74.125.24.0-255,5738,259318,53,313838
33328,0.057901,172.31.46.0-255,66,259384,53,313838
33329,0.06024,74.125.24.0-255,5738,265122,53,313838
33330,0.060248,172.31.46.0-255,66,265188,53,313838
33331,0.062586,74.125.24.0-255,5738,270926,53,313838
33332,0.062593,172.31.46.0-255,66,270992,53,313838
33333,0.064899,74.125.24.0-255,5738,276730,53,313838
33334,0.064906,172.31.46.0-255,66,276796,53,313838
33335,0.067219,74.125.24.0-255,5738,282534,53,313838
33336,0.067225,172.31.46.0-255,66,282600,53,313838
33337,0.069548,74.125.24.0-255,2902,285502,53,313838
33338,0.069555,172.31.46.0-255,66,285568,53,313838
33339,0.069582,74.125.24.0-255,2902,288470,53,313838
33340,0.069585,172.31.46.0-255,66,288536,53,313838
33341,0.071847,74.125.24.0-255,2902,291438,53,313838
33342,0.071855,172.31.46.0-255,66,291504,53,313838
33343,0.071892,74.125.24.0-255,2902,294406,53,313838
33344,0.071895,172.31.46.0-255,66,294472,53,313838
33345,0.074158,74.125.24.0-255,2902,297374,53,313838
33346,0.074171,172.31.46.0-255,66,297440,53,313838
33347,0.074205,74.125.24.0-255,2902,300342,53,313838
33348,0.074208,172.31.46.0-255,66,300408,53,313838
33349,0.076504,74.125.24.0-255,5738,306146,53,313838
33350,0.076526,172.31.46.0-255,66,306212,53,313838
33351,0.078872,74.125.24.0-255,5738,311950,53,313838
33352,0.078884,172.31.46.0-255,66,312016,53,313838
33353,0.081209,74.125.24.0-255,1585,313601,53,313838
33354,0.081216,172.31.46.0-255,66,313667,53,313838
33355,0.082026,172.31.46.0-255,105,313772,53,313838
33356,0.084297,74.125.24.0-255,66,313838,53,313838
33357,0.0,74.125.24.0-255,152,152,53,212854
33358,1.3e-05,172.31.46.0-255,66,218,53,212854
33359,2e-05,74.125.24.0-255,1484,1702,53,212854
33360,2.4e-05,172.31.46.0-255,66,1768,53,212854
33361,2.9e-05,74.125.24.0-255,2902,4670,53,212854
33362,3.2e-05,172.31.46.0-255,66,4736,53,212854
33363,5.4e-05,74.125.24.0-255,2902,7638,53,212854
33364,5.6e-05,172.31.46.0-255,66,7704,53,212854
33365,7.5e-05,74.125.24.0-255,4320,12024,53,212854
33366,7.8e-05,172.31.46.0-255,66,12090,53,212854
33367,0.000112,74.125.24.0-255,2139,14229,53,212854
33368,0.000114,172.31.46.0-255,66,14295,53,212854
33369,0.000126,172.31.46.0-255,66,14361,53,212854
33370,0.000132,74.125.24.0-255,5379,19740,53,212854
33371,0.000134,172.31.46.0-255,66,19806,53,212854
33372,0.000197,74.125.24.0-255,1484,21290,53,212854
33373,0.000201,172.31.46.0-255,66,21356,53,212854
33374,0.000205,74.125.24.0-255,2902,24258,53,212854
33375,0.000207,172.31.46.0-255,66,24324,53,212854
33376,0.00021,74.125.24.0-255,1484,25808,53,212854
33377,0.000212,172.31.46.0-255,66,25874,53,212854
33378,0.000236,74.125.24.0-255,4320,30194,53,212854
33379,0.000239,172.31.46.0-255,66,30260,53,212854
33380,0.000255,74.125.24.0-255,5738,35998,53,212854
33381,0.000258,172.31.46.0-255,66,36064,53,212854
33382,0.000285,172.31.46.0-255,66,36130,53,212854
33383,0.000315,74.125.24.0-255,4320,40450,53,212854
33384,0.000317,172.31.46.0-255,66,40516,53,212854
33385,0.000338,74.125.24.0-255,5379,45895,53,212854
33386,0.00034,172.31.46.0-255,66,45961,53,212854
33387,0.000496,74.125.24.0-255,647,46608,53,212854
33388,0.000682,74.125.24.0-255,1484,48092,53,212854
33389,0.000685,74.125.24.0-255,1484,49576,53,212854
33390,0.000689,172.31.46.0-255,66,49642,53,212854
33391,0.000697,74.125.24.0-255,1484,51126,53,212854
33392,0.000699,172.31.46.0-255,66,51192,53,212854
33393,0.000703,74.125.24.0-255,2902,54094,53,212854
33394,0.000704,172.31.46.0-255,66,54160,53,212854
33395,0.000721,74.125.24.0-255,2902,57062,53,212854
33396,0.000723,172.31.46.0-255,66,57128,53,212854
33397,0.000727,74.125.24.0-255,2902,60030,53,212854
33398,0.000729,172.31.46.0-255,66,60096,53,212854
33399,0.000761,172.31.46.0-255,66,60162,53,212854
33400,0.000807,172.31.46.0-255,66,60228,53,212854
33401,0.000876,74.125.24.0-255,1484,61712,53,212854
33402,0.000892,74.125.24.0-255,2902,64614,53,212854
33403,0.000895,172.31.46.0-255,66,64680,53,212854
33404,0.000899,74.125.24.0-255,2902,67582,53,212854
33405,0.000901,172.31.46.0-255,66,67648,53,212854
33406,0.000914,74.125.24.0-255,1484,69132,53,212854
33407,0.000919,74.125.24.0-255,4320,73452,53,212854
33408,0.000921,172.31.46.0-255,66,73518,53,212854
33409,0.000945,74.125.24.0-255,4320,77838,53,212854
33410,0.000948,172.31.46.0-255,66,77904,53,212854
33411,0.000961,74.125.24.0-255,2902,80806,53,212854
33412,0.000965,172.31.46.0-255,66,80872,53,212854
33413,0.000997,172.31.46.0-255,66,80938,53,212854
33414,0.001059,74.125.24.0-255,1484,82422,53,212854
33415,0.001063,74.125.24.0-255,1484,83906,53,212854
33416,0.001065,172.31.46.0-255,66,83972,53,212854
33417,0.001082,74.125.24.0-255,1484,85456,53,212854
33418,0.001087,74.125.24.0-255,5738,91194,53,212854
33419,0.001089,172.31.46.0-255,66,91260,53,212854
33420,0.001139,172.31.46.0-255,66,91326,53,212854
33421,0.001163,74.125.24.0-255,1484,92810,53,212854
33422,0.001193,172.31.46.0-255,66,92876,53,212854
33423,0.001256,74.125.24.0-255,1484,94360,53,212854
33424,0.001267,74.125.24.0-255,2902,97262,53,212854
33425,0.001269,172.31.46.0-255,66,97328,53,212854
33426,0.001274,74.125.24.0-255,2902,100230,53,212854
33427,0.001276,172.31.46.0-255,66,100296,53,212854
33428,0.001291,74.125.24.0-255,2902,103198,53,212854
33429,0.001293,172.31.46.0-255,66,103264,53,212854
33430,0.001313,172.31.46.0-255,66,103330,53,212854
33431,0.001328,74.125.24.0-255,4320,107650,53,212854
33432,0.00133,172.31.46.0-255,66,107716,53,212854
33433,0.001363,74.125.24.0-255,2902,110618,53,212854
33434,0.001365,172.31.46.0-255,66,110684,53,212854
33435,0.001378,74.125.24.0-255,4320,115004,53,212854
33436,0.001381,172.31.46.0-255,66,115070,53,212854
33437,0.001401,74.125.24.0-255,3602,118672,53,212854
33438,0.001403,172.31.46.0-255,66,118738,53,212854
33439,0.001449,74.125.24.0-255,4320,123058,53,212854
33440,0.001451,172.31.46.0-255,66,123124,53,212854
33441,0.001455,74.125.24.0-255,1484,124608,53,212854
33442,0.001473,74.125.24.0-255,4320,128928,53,212854
33443,0.001476,172.31.46.0-255,66,128994,53,212854
33444,0.001487,74.125.24.0-255,5738,134732,53,212854
33445,0.00149,172.31.46.0-255,66,134798,53,212854
33446,0.001509,74.125.24.0-255,5738,140536,53,212854
33447,0.001511,172.31.46.0-255,66,140602,53,212854
33448,0.00155,74.125.24.0-255,7156,147758,53,212854
33449,0.001553,172.31.46.0-255,66,147824,53,212854
33450,0.001576,74.125.24.0-255,6438,154262,53,212854
33451,0.001578,172.31.46.0-255,66,154328,53,212854
33452,0.001607,74.125.24.0-255,5738,160066,53,212854
33453,0.001611,172.31.46.0-255,66,160132,53,212854
33454,0.001642,172.31.46.0-255,66,160198,53,212854
33455,0.001683,74.125.24.0-255,4320,164518,53,212854
33456,0.001688,172.31.46.0-255,66,164584,53,212854
33457,0.001718,172.31.46.0-255,66,164650,53,212854
33458,0.00177,74.125.24.0-255,1484,166134,53,212854
33459,0.001775,74.125.24.0-255,2902,169036,53,212854
33460,0.001777,172.31.46.0-255,66,169102,53,212854
33461,0.001791,74.125.24.0-255,1484,170586,53,212854
33462,0.001807,74.125.24.0-255,4320,174906,53,212854
33463,0.001809,172.31.46.0-255,66,174972,53,212854
33464,0.001837,172.31.46.0-255,66,175038,53,212854
33465,0.001892,74.125.24.0-255,5738,180776,53,212854
33466,0.001895,172.31.46.0-255,66,180842,53,212854
33467,0.001916,74.125.24.0-255,5020,185862,53,212854
33468,0.001919,172.31.46.0-255,66,185928,53,212854
33469,0.001955,74.125.24.0-255,5738,191666,53,212854
33470,0.001958,172.31.46.0-255,66,191732,53,212854
33471,0.001984,74.125.24.0-255,2902,194634,53,212854
33472,0.001986,172.31.46.0-255,66,194700,53,212854
33473,0.00205,172.31.46.0-255,66,194766,53,212854
33474,0.002086,172.31.46.0-255,66,194832,53,212854
33475,0.002118,74.125.24.0-255,5738,200570,53,212854
33476,0.002121,172.31.46.0-255,66,200636,53,212854
33477,0.002157,172.31.46.0-255,66,200702,53,212854
33478,0.002181,172.31.46.0-255,66,200768,53,212854
33479,0.002281,74.125.24.0-255,7156,207924,53,212854
33480,0.002285,172.31.46.0-255,66,207990,53,212854
33481,0.002313,172.31.46.0-255,66,208056,53,212854
33482,0.004261,74.125.24.0-255,105,208161,53,212854
33483,0.008048,172.31.46.0-255,66,208227,53,212854
33484,0.00809,172.31.46.0-255,105,208332,53,212854
33485,0.010062,74.125.24.0-255,66,208398,53,212854
33486,0.024945,172.31.46.0-255,167,208565,53,212854
33487,0.024976,172.31.46.0-255,1112,209677,53,212854
33488,0.025036,172.31.46.0-255,1514,211191,53,212854
33489,0.025038,172.31.46.0-255,1291,212482,53,212854
33490,0.026499,104.244.42.0-255,66,212548,53,212854
33491,0.026555,104.244.42.0-255,66,212614,53,212854
33492,0.026608,104.244.42.0-255,66,212680,53,212854
33493,0.028382,104.244.42.0-255,108,212788,53,212854
33494,0.028389,172.31.46.0-255,66,212854,53,212854
33495,0.0,172.31.46.0-255,248,248,53,314
33496,0.006718,172.217.194.0-255,66,314,53,314
33497,0.0,74.125.24.0-255,163,163,53,306618
33498,2e-05,172.31.46.0-255,66,229,53,306618
33499,2.8e-05,74.125.24.0-255,1484,1713,53,306618
33500,3.4e-05,172.31.46.0-255,66,1779,53,306618
33501,4.7e-05,74.125.24.0-255,2902,4681,53,306618
33502,5.2e-05,172.31.46.0-255,66,4747,53,306618
33503,6e-05,74.125.24.0-255,7156,11903,53,306618
33504,6.4e-05,172.31.46.0-255,66,11969,53,306618
33505,7.7e-05,172.31.46.0-255,66,12035,53,306618
33506,9.1e-05,172.31.46.0-255,66,12101,53,306618
33507,9.5e-05,74.125.24.0-255,1484,13585,53,306618
33508,9.7e-05,172.31.46.0-255,66,13651,53,306618
33509,0.000114,74.125.24.0-255,5738,19389,53,306618
33510,0.000117,172.31.46.0-255,66,19455,53,306618
33511,0.000152,172.31.46.0-255,66,19521,53,306618
33512,0.000181,74.125.24.0-255,1484,21005,53,306618
33513,0.000183,172.31.46.0-255,66,21071,53,306618
33514,0.000188,74.125.24.0-255,2902,23973,53,306618
33515,0.000191,172.31.46.0-255,66,24039,53,306618
33516,0.000217,74.125.24.0-255,5738,29777,53,306618
33517,0.00022,172.31.46.0-255,66,29843,53,306618
33518,0.000246,74.125.24.0-255,4320,34163,53,306618
33519,0.000249,172.31.46.0-255,66,34229,53,306618
33520,0.000266,74.125.24.0-255,2879,37108,53,306618
33521,0.000268,172.31.46.0-255,66,37174,53,306618
33522,0.000729,74.125.24.0-255,344,37518,53,306618
33523,0.000735,172.31.46.0-255,66,37584,53,306618
33524,0.000912,74.125.24.0-255,1484,39068,53,306618
33525,0.000917,172.31.46.0-255,66,39134,53,306618
33526,0.000923,74.125.24.0-255,2902,42036,53,306618
33527,0.000929,74.125.24.0-255,4320,46356,53,306618
33528,0.00095,74.125.24.0-255,1484,47840,53,306618
33529,0.000981,172.31.46.0-255,66,47906,53,306618
33530,0.000986,172.31.46.0-255,66,47972,53,306618
33531,0.001009,74.125.24.0-255,2902,50874,53,306618
33532,0.001017,74.125.24.0-255,2184,53058,53,306618
33533,0.00103,172.31.46.0-255,66,53124,53,306618
33534,0.002413,74.125.24.0-255,1484,54608,53,306618
33535,0.002422,74.125.24.0-255,2902,57510,53,306618
33536,0.002427,172.31.46.0-255,66,57576,53,306618
33537,0.002435,74.125.24.0-255,4320,61896,53,306618
33538,0.002438,172.31.46.0-255,66,61962,53,306618
33539,0.00245,74.125.24.0-255,5738,67700,53,306618
33540,0.002452,172.31.46.0-255,66,67766,53,306618
33541,0.002456,74.125.24.0-255,1484,69250,53,306618
33542,0.002498,172.31.46.0-255,66,69316,53,306618
33543,0.002506,74.125.24.0-255,7156,76472,53,306618
33544,0.002509,74.125.24.0-255,766,77238,53,306618
33545,0.002558,74.125.24.0-255,1484,78722,53,306618
33546,0.002564,74.125.24.0-255,4320,83042,53,306618
33547,0.002581,74.125.24.0-255,7156,90198,53,306618
33548,0.002602,74.125.24.0-255,5738,95936,53,306618
33549,0.002642,74.125.24.0-255,5020,100956,53,306618
33550,0.008084,172.31.46.0-255,66,101022,53,306618
33551,0.01071,74.125.24.0-255,5738,106760,53,306618
33552,0.010722,172.31.46.0-255,66,106826,53,306618
33553,0.013329,74.125.24.0-255,5738,112564,53,306618
33554,0.013343,172.31.46.0-255,66,112630,53,306618
33555,0.015955,74.125.24.0-255,5738,118368,53,306618
33556,0.015969,172.31.46.0-255,66,118434,53,306618
33557,0.018567,74.125.24.0-255,5738,124172,53,306618
33558,0.018577,172.31.46.0-255,66,124238,53,306618
33559,0.021175,74.125.24.0-255,5738,129976,53,306618
33560,0.021186,172.31.46.0-255,66,130042,53,306618
33561,0.023794,74.125.24.0-255,5738,135780,53,306618
33562,0.023803,172.31.46.0-255,66,135846,53,306618
33563,0.026398,74.125.24.0-255,5738,141584,53,306618
33564,0.026407,172.31.46.0-255,66,141650,53,306618
33565,0.027996,172.31.46.0-255,172,141822,53,306618
33566,0.028031,172.31.46.0-255,1107,142929,53,306618
33567,0.028094,172.31.46.0-255,1514,144443,53,306618
33568,0.028096,172.31.46.0-255,1514,145957,53,306618
33569,0.028101,172.31.46.0-255,1514,147471,53,306618
33570,0.028103,172.31.46.0-255,1514,148985,53,306618
33571,0.028122,172.31.46.0-255,487,149472,53,306618
33572,0.029036,74.125.24.0-255,5738,155210,53,306618
33573,0.029043,172.31.46.0-255,66,155276,53,306618
33574,0.029595,104.244.42.0-255,66,155342,53,306618
33575,0.029772,104.244.42.0-255,66,155408,53,306618
33576,0.029793,104.244.42.0-255,66,155474,53,306618
33577,0.029804,104.244.42.0-255,66,155540,53,306618
33578,0.030464,104.244.42.0-255,108,155648,53,306618
33579,0.030472,172.31.46.0-255,66,155714,53,306618
33580,0.031637,74.125.24.0-255,5738,161452,53,306618
33581,0.031642,172.31.46.0-255,66,161518,53,306618
33582,0.034218,74.125.24.0-255,5738,167256,53,306618
33583,0.034226,172.31.46.0-255,66,167322,53,306618
33584,0.036835,74.125.24.0-255,5738,173060,53,306618
33585,0.036843,172.31.46.0-255,66,173126,53,306618
33586,0.039451,74.125.24.0-255,5738,178864,53,306618
33587,0.039461,172.31.46.0-255,66,178930,53,306618
33588,0.04229,74.125.24.0-255,5738,184668,53,306618
33589,0.042302,172.31.46.0-255,66,184734,53,306618
33590,0.044925,74.125.24.0-255,5738,190472,53,306618
33591,0.044931,172.31.46.0-255,66,190538,53,306618
33592,0.047534,74.125.24.0-255,5738,196276,53,306618
33593,0.047542,172.31.46.0-255,66,196342,53,306618
33594,0.050163,74.125.24.0-255,5738,202080,53,306618
33595,0.050181,172.31.46.0-255,66,202146,53,306618
33596,0.052794,74.125.24.0-255,5738,207884,53,306618
33597,0.052811,172.31.46.0-255,66,207950,53,306618
33598,0.055413,74.125.24.0-255,5738,213688,53,306618
33599,0.055432,172.31.46.0-255,66,213754,53,306618
33600,0.058048,74.125.24.0-255,5738,219492,53,306618
33601,0.058067,172.31.46.0-255,66,219558,53,306618
33602,0.060684,74.125.24.0-255,5738,225296,53,306618
33603,0.060704,172.31.46.0-255,66,225362,53,306618
33604,0.063301,74.125.24.0-255,5738,231100,53,306618
33605,0.06332,172.31.46.0-255,66,231166,53,306618
33606,0.065958,74.125.24.0-255,5738,236904,53,306618
33607,0.065978,172.31.46.0-255,66,236970,53,306618
33608,0.068598,74.125.24.0-255,5738,242708,53,306618
33609,0.068617,172.31.46.0-255,66,242774,53,306618
33610,0.071231,74.125.24.0-255,5738,248512,53,306618
33611,0.07125,172.31.46.0-255,66,248578,53,306618
33612,0.073845,74.125.24.0-255,5738,254316,53,306618
33613,0.073858,172.31.46.0-255,66,254382,53,306618
33614,0.076448,74.125.24.0-255,5738,260120,53,306618
33615,0.076454,172.31.46.0-255,66,260186,53,306618
33616,0.079059,74.125.24.0-255,5738,265924,53,306618
33617,0.079067,172.31.46.0-255,66,265990,53,306618
33618,0.081669,74.125.24.0-255,5738,271728,53,306618
33619,0.081681,172.31.46.0-255,66,271794,53,306618
33620,0.084292,74.125.24.0-255,5738,277532,53,306618
33621,0.084307,172.31.46.0-255,66,277598,53,306618
33622,0.086888,74.125.24.0-255,5738,283336,53,306618
33623,0.0869,172.31.46.0-255,66,283402,53,306618
33624,0.089504,74.125.24.0-255,5738,289140,53,306618
33625,0.089517,172.31.46.0-255,66,289206,53,306618
33626,0.092126,74.125.24.0-255,5738,294944,53,306618
33627,0.092139,172.31.46.0-255,66,295010,53,306618
33628,0.0948,74.125.24.0-255,5738,300748,53,306618
33629,0.094811,172.31.46.0-255,66,300814,53,306618
33630,0.09741,74.125.24.0-255,5738,306552,53,306618
33631,0.097422,172.31.46.0-255,66,306618,53,306618
33632,0.0,74.125.24.0-255,298,298,53,167347
33633,2.3e-05,172.31.46.0-255,66,364,53,167347
33634,3e-05,74.125.24.0-255,1484,1848,53,167347
33635,3.4e-05,172.31.46.0-255,66,1914,53,167347
33636,5.7e-05,74.125.24.0-255,4320,6234,53,167347
33637,6.2e-05,172.31.46.0-255,66,6300,53,167347
33638,7.6e-05,172.31.46.0-255,66,6366,53,167347
33639,8.2e-05,74.125.24.0-255,4320,10686,53,167347
33640,8.5e-05,172.31.46.0-255,66,10752,53,167347
33641,0.000111,74.125.24.0-255,1484,12236,53,167347
33642,0.000115,172.31.46.0-255,66,12302,53,167347
33643,0.000149,172.31.46.0-255,66,12368,53,167347
33644,0.000592,74.125.24.0-255,1484,13852,53,167347
33645,0.000596,172.31.46.0-255,66,13918,53,167347
33646,0.000601,74.125.24.0-255,2902,16820,53,167347
33647,0.000604,172.31.46.0-255,66,16886,53,167347
33648,0.000633,74.125.24.0-255,4320,21206,53,167347
33649,0.000635,172.31.46.0-255,66,21272,53,167347
33650,0.000646,172.31.46.0-255,66,21338,53,167347
33651,0.000693,172.31.46.0-255,66,21404,53,167347
33652,0.000696,74.125.24.0-255,429,21833,53,167347
33653,0.000699,172.31.46.0-255,66,21899,53,167347
33654,0.000742,74.125.24.0-255,346,22245,53,167347
33655,0.000745,172.31.46.0-255,66,22311,53,167347
33656,0.001622,74.125.24.0-255,1484,23795,53,167347
33657,0.001626,172.31.46.0-255,66,23861,53,167347
33658,0.001631,74.125.24.0-255,2902,26763,53,167347
33659,0.001634,172.31.46.0-255,66,26829,53,167347
33660,0.001637,74.125.24.0-255,1484,28313,53,167347
33661,0.001662,74.125.24.0-255,4320,32633,53,167347
33662,0.001664,172.31.46.0-255,66,32699,53,167347
33663,0.001697,172.31.46.0-255,66,32765,53,167347
33664,0.001705,74.125.24.0-255,7156,39921,53,167347
33665,0.001708,172.31.46.0-255,66,39987,53,167347
33666,0.001727,74.125.24.0-255,4320,44307,53,167347
33667,0.001729,172.31.46.0-255,66,44373,53,167347
33668,0.001737,74.125.24.0-255,2184,46557,53,167347
33669,0.00174,172.31.46.0-255,66,46623,53,167347
33670,0.002187,74.125.24.0-255,1484,48107,53,167347
33671,0.002194,74.125.24.0-255,2902,51009,53,167347
33672,0.002199,172.31.46.0-255,66,51075,53,167347
33673,0.002203,74.125.24.0-255,1484,52559,53,167347
33674,0.00223,74.125.24.0-255,4320,56879,53,167347
33675,0.002233,172.31.46.0-255,66,56945,53,167347
33676,0.002252,172.31.46.0-255,66,57011,53,167347
33677,0.002262,172.31.46.0-255,66,57077,53,167347
33678,0.002285,74.125.24.0-255,2184,59261,53,167347
33679,0.002287,172.31.46.0-255,66,59327,53,167347
33680,0.002316,74.125.24.0-255,2902,62229,53,167347
33681,0.002318,172.31.46.0-255,66,62295,53,167347
33682,0.002324,74.125.24.0-255,5738,68033,53,167347
33683,0.002327,172.31.46.0-255,66,68099,53,167347
33684,0.002352,74.125.24.0-255,1484,69583,53,167347
33685,0.00236,74.125.24.0-255,5738,75321,53,167347
33686,0.002363,172.31.46.0-255,66,75387,53,167347
33687,0.002427,172.31.46.0-255,66,75453,53,167347
33688,0.002429,74.125.24.0-255,766,76219,53,167347
33689,0.00311,74.125.24.0-255,1484,77703,53,167347
33690,0.003115,172.31.46.0-255,66,77769,53,167347
33691,0.003121,74.125.24.0-255,2902,80671,53,167347
33692,0.003123,172.31.46.0-255,66,80737,53,167347
33693,0.003135,74.125.24.0-255,5738,86475,53,167347
33694,0.003137,172.31.46.0-255,66,86541,53,167347
33695,0.003178,172.31.46.0-255,66,86607,53,167347
33696,0.00321,172.31.46.0-255,66,86673,53,167347
33697,0.003215,74.125.24.0-255,2902,89575,53,167347
33698,0.003217,172.31.46.0-255,66,89641,53,167347
33699,0.003274,74.125.24.0-255,2184,91825,53,167347
33700,0.003278,172.31.46.0-255,66,91891,53,167347
33701,0.003413,74.125.24.0-255,1484,93375,53,167347
33702,0.003419,74.125.24.0-255,2902,96277,53,167347
33703,0.003422,172.31.46.0-255,66,96343,53,167347
33704,0.003428,74.125.24.0-255,4320,100663,53,167347
33705,0.003431,172.31.46.0-255,66,100729,53,167347
33706,0.00345,74.125.24.0-255,1484,102213,53,167347
33707,0.00347,172.31.46.0-255,66,102279,53,167347
33708,0.003477,74.125.24.0-255,7156,109435,53,167347
33709,0.00348,172.31.46.0-255,66,109501,53,167347
33710,0.003511,74.125.24.0-255,3602,113103,53,167347
33711,0.003514,172.31.46.0-255,66,113169,53,167347
33712,0.003571,74.125.24.0-255,1484,114653,53,167347
33713,0.003577,74.125.24.0-255,2902,117555,53,167347
33714,0.003579,172.31.46.0-255,66,117621,53,167347
33715,0.003609,74.125.24.0-255,5738,123359,53,167347
33716,0.003611,74.125.24.0-255,1484,124843,53,167347
33717,0.00362,172.31.46.0-255,66,124909,53,167347
33718,0.003643,74.125.24.0-255,5738,130647,53,167347
33719,0.003646,172.31.46.0-255,66,130713,53,167347
33720,0.003683,172.31.46.0-255,66,130779,53,167347
33721,0.003687,74.125.24.0-255,2184,132963,53,167347
33722,0.00369,172.31.46.0-255,66,133029,53,167347
33723,0.003733,74.125.24.0-255,1484,134513,53,167347
33724,0.003747,74.125.24.0-255,2902,137415,53,167347
33725,0.00375,172.31.46.0-255,66,137481,53,167347
33726,0.003785,74.125.24.0-255,5738,143219,53,167347
33727,0.003789,172.31.46.0-255,66,143285,53,167347
33728,0.003796,74.125.24.0-255,7156,150441,53,167347
33729,0.003799,172.31.46.0-255,66,150507,53,167347
33730,0.003808,74.125.24.0-255,4320,154827,53,167347
33731,0.003811,172.31.46.0-255,66,154893,53,167347
33732,0.003862,172.31.46.0-255,66,154959,53,167347
33733,0.003967,74.125.24.0-255,1484,156443,53,167347
33734,0.003989,74.125.24.0-255,5020,161463,53,167347
33735,0.004003,74.125.24.0-255,97,161560,53,167347
33736,0.004022,172.31.46.0-255,66,161626,53,167347
33737,0.004044,74.125.24.0-255,105,161731,53,167347
33738,0.004348,172.31.46.0-255,101,161832,53,167347
33739,0.006298,172.31.46.0-255,105,161937,53,167347
33740,0.006635,74.125.24.0-255,66,162003,53,167347
33741,0.008586,74.125.24.0-255,66,162069,53,167347
33742,0.037101,172.31.46.0-255,172,162241,53,167347
33743,0.037137,172.31.46.0-255,1107,163348,53,167347
33744,0.037201,172.31.46.0-255,1514,164862,53,167347
33745,0.037204,172.31.46.0-255,1514,166376,53,167347
33746,0.037228,172.31.46.0-255,707,167083,53,167347
33747,0.038653,104.244.42.0-255,66,167149,53,167347
33748,0.0387,104.244.42.0-255,66,167215,53,167347
33749,0.038797,104.244.42.0-255,66,167281,53,167347
33750,0.038812,104.244.42.0-255,66,167347,53,167347
33751,0.0,74.125.24.0-255,208,208,53,221374
33752,2.6e-05,172.31.46.0-255,66,274,53,221374
33753,3.3e-05,74.125.24.0-255,1484,1758,53,221374
33754,3.8e-05,172.31.46.0-255,66,1824,53,221374
33755,4.5e-05,74.125.24.0-255,4320,6144,53,221374
33756,4.9e-05,172.31.46.0-255,66,6210,53,221374
33757,5.6e-05,74.125.24.0-255,7156,13366,53,221374
33758,6e-05,172.31.46.0-255,66,13432,53,221374
33759,9.5e-05,74.125.24.0-255,2122,15554,53,221374
33760,9.8e-05,172.31.46.0-255,66,15620,53,221374
33761,0.000112,172.31.46.0-255,66,15686,53,221374
33762,0.000131,74.125.24.0-255,2543,18229,53,221374
33763,0.000133,172.31.46.0-255,66,18295,53,221374
33764,0.000193,74.125.24.0-255,1484,19779,53,221374
33765,0.000196,172.31.46.0-255,66,19845,53,221374
33766,0.000201,74.125.24.0-255,2902,22747,53,221374
33767,0.000203,172.31.46.0-255,66,22813,53,221374
33768,0.000227,74.125.24.0-255,2902,25715,53,221374
33769,0.000229,172.31.46.0-255,66,25781,53,221374
33770,0.00025,74.125.24.0-255,2902,28683,53,221374
33771,0.000252,172.31.46.0-255,66,28749,53,221374
33772,0.000258,74.125.24.0-255,5738,34487,53,221374
33773,0.00026,172.31.46.0-255,66,34553,53,221374
33774,0.000268,74.125.24.0-255,7156,41709,53,221374
33775,0.000271,172.31.46.0-255,66,41775,53,221374
33776,0.000295,74.125.24.0-255,6797,48572,53,221374
33777,0.000299,172.31.46.0-255,66,48638,53,221374
33778,0.000304,74.125.24.0-255,4233,52871,53,221374
33779,0.000306,172.31.46.0-255,66,52937,53,221374
33780,0.000309,74.125.24.0-255,133,53070,53,221374
33781,0.000312,172.31.46.0-255,66,53136,53,221374
33782,0.00043,74.125.24.0-255,1484,54620,53,221374
33783,0.000437,74.125.24.0-255,2902,57522,53,221374
33784,0.00044,172.31.46.0-255,66,57588,53,221374
33785,0.000444,74.125.24.0-255,1484,59072,53,221374
33786,0.000463,74.125.24.0-255,4320,63392,53,221374
33787,0.000466,172.31.46.0-255,66,63458,53,221374
33788,0.000478,74.125.24.0-255,1484,64942,53,221374
33789,0.000502,172.31.46.0-255,66,65008,53,221374
33790,0.000544,172.31.46.0-255,66,65074,53,221374
33791,0.000949,74.125.24.0-255,1484,66558,53,221374
33792,0.000957,74.125.24.0-255,2902,69460,53,221374
33793,0.000962,172.31.46.0-255,66,69526,53,221374
33794,0.000968,74.125.24.0-255,4320,73846,53,221374
33795,0.000972,172.31.46.0-255,66,73912,53,221374
33796,0.000984,74.125.24.0-255,1484,75396,53,221374
33797,0.000991,74.125.24.0-255,5738,81134,53,221374
33798,0.000994,172.31.46.0-255,66,81200,53,221374
33799,0.000997,74.125.24.0-255,1484,82684,53,221374
33800,0.00103,172.31.46.0-255,66,82750,53,221374
33801,0.001036,74.125.24.0-255,5020,87770,53,221374
33802,0.001038,172.31.46.0-255,66,87836,53,221374
33803,0.001068,74.125.24.0-255,2902,90738,53,221374
33804,0.001071,172.31.46.0-255,66,90804,53,221374
33805,0.001088,74.125.24.0-255,2902,93706,53,221374
33806,0.00109,172.31.46.0-255,66,93772,53,221374
33807,0.001094,74.125.24.0-255,4320,98092,53,221374
33808,0.001096,172.31.46.0-255,66,98158,53,221374
33809,0.001099,74.125.24.0-255,1484,99642,53,221374
33810,0.001129,172.31.46.0-255,66,99708,53,221374
33811,0.001167,74.125.24.0-255,4320,104028,53,221374
33812,0.001169,172.31.46.0-255,66,104094,53,221374
33813,0.001191,172.31.46.0-255,66,104160,53,221374
33814,0.001221,74.125.24.0-255,1484,105644,53,221374
33815,0.001224,74.125.24.0-255,1484,107128,53,221374
33816,0.001225,172.31.46.0-255,66,107194,53,221374
33817,0.00124,74.125.24.0-255,1484,108678,53,221374
33818,0.001246,74.125.24.0-255,5738,114416,53,221374
33819,0.001249,172.31.46.0-255,66,114482,53,221374
33820,0.001251,74.125.24.0-255,1484,115966,53,221374
33821,0.001268,74.125.24.0-255,5738,121704,53,221374
33822,0.001271,172.31.46.0-255,66,121770,53,221374
33823,0.001286,74.125.24.0-255,5738,127508,53,221374
33824,0.001289,172.31.46.0-255,66,127574,53,221374
33825,0.0013,172.31.46.0-255,66,127640,53,221374
33826,0.001405,74.125.24.0-255,1484,129124,53,221374
33827,0.001419,74.125.24.0-255,2902,132026,53,221374
33828,0.001422,172.31.46.0-255,66,132092,53,221374
33829,0.001426,74.125.24.0-255,2902,134994,53,221374
33830,0.001428,172.31.46.0-255,66,135060,53,221374
33831,0.001445,74.125.24.0-255,2902,137962,53,221374
33832,0.001447,172.31.46.0-255,66,138028,53,221374
33833,0.001451,74.125.24.0-255,4320,142348,53,221374
33834,0.001453,172.31.46.0-255,66,142414,53,221374
33835,0.001459,74.125.24.0-255,5738,148152,53,221374
33836,0.00146,172.31.46.0-255,66,148218,53,221374
33837,0.00148,74.125.24.0-255,5738,153956,53,221374
33838,0.001482,172.31.46.0-255,66,154022,53,221374
33839,0.001485,74.125.24.0-255,1484,155506,53,221374
33840,0.001515,74.125.24.0-255,2902,158408,53,221374
33841,0.001546,74.125.24.0-255,4320,162728,53,221374
33842,0.001561,74.125.24.0-255,7156,169884,53,221374
33843,0.001572,74.125.24.0-255,2902,172786,53,221374
33844,0.001584,74.125.24.0-255,2184,174970,53,221374
33845,0.001595,74.125.24.0-255,1484,176454,53,221374
33846,0.001607,74.125.24.0-255,1484,177938,53,221374
33847,0.001623,74.125.24.0-255,5738,183676,53,221374
33848,0.001644,74.125.24.0-255,1484,185160,53,221374
33849,0.001663,74.125.24.0-255,7156,192316,53,221374
33850,0.001678,74.125.24.0-255,766,193082,53,221374
33851,0.001711,74.125.24.0-255,4320,197402,53,221374
33852,0.001746,74.125.24.0-255,7156,204558,53,221374
33853,0.00186,74.125.24.0-255,1484,206042,53,221374
33854,0.001867,74.125.24.0-255,7156,213198,53,221374
33855,0.001883,74.125.24.0-255,2556,215754,53,221374
33856,0.001886,74.125.24.0-255,105,215859,53,221374
33857,0.002111,172.31.46.0-255,66,215925,53,221374
33858,0.009944,172.31.46.0-255,105,216030,53,221374
33859,0.011938,74.125.24.0-255,66,216096,53,221374
33860,0.030275,172.31.46.0-255,172,216268,53,221374
33861,0.030312,172.31.46.0-255,1112,217380,53,221374
33862,0.030365,172.31.46.0-255,1514,218894,53,221374
33863,0.030367,172.31.46.0-255,1514,220408,53,221374
33864,0.030389,172.31.46.0-255,702,221110,53,221374
33865,0.03178,104.244.42.0-255,66,221176,53,221374
33866,0.031816,104.244.42.0-255,66,221242,53,221374
33867,0.031886,104.244.42.0-255,66,221308,53,221374
33868,0.031923,104.244.42.0-255,66,221374,53,221374
33869,0.0,74.125.24.0-255,153,153,53,351275
33870,2.5e-05,172.31.46.0-255,66,219,53,351275
33871,3.2e-05,74.125.24.0-255,1484,1703,53,351275
33872,3.8e-05,172.31.46.0-255,66,1769,53,351275
33873,5.2e-05,74.125.24.0-255,2902,4671,53,351275
33874,5.7e-05,172.31.46.0-255,66,4737,53,351275
33875,6.4e-05,74.125.24.0-255,7156,11893,53,351275
33876,6.8e-05,172.31.46.0-255,66,11959,53,351275
33877,7.2e-05,74.125.24.0-255,2006,13965,53,351275
33878,7.5e-05,172.31.46.0-255,66,14031,53,351275
33879,0.000456,74.125.24.0-255,1484,15515,53,351275
33880,0.000463,74.125.24.0-255,2902,18417,53,351275
33881,0.000469,74.125.24.0-255,5738,24155,53,351275
33882,0.000475,172.31.46.0-255,66,24221,53,351275
33883,0.000484,172.31.46.0-255,66,24287,53,351275
33884,0.000487,172.31.46.0-255,66,24353,53,351275
33885,0.00052,74.125.24.0-255,6797,31150,53,351275
33886,0.000528,172.31.46.0-255,66,31216,53,351275
33887,0.000712,74.125.24.0-255,1484,32700,53,351275
33888,0.000717,74.125.24.0-255,2902,35602,53,351275
33889,0.000722,172.31.46.0-255,66,35668,53,351275
33890,0.000725,172.31.46.0-255,66,35734,53,351275
33891,0.000744,74.125.24.0-255,5738,41472,53,351275
33892,0.000751,172.31.46.0-255,66,41538,53,351275
33893,0.000788,74.125.24.0-255,1484,43022,53,351275
33894,0.000792,172.31.46.0-255,66,43088,53,351275
33895,0.000795,172.31.46.0-255,66,43154,53,351275
33896,0.000827,74.125.24.0-255,7156,50310,53,351275
33897,0.00083,172.31.46.0-255,66,50376,53,351275
33898,0.000837,74.125.24.0-255,6797,57173,53,351275
33899,0.000839,172.31.46.0-255,66,57239,53,351275
33900,0.00152,74.125.24.0-255,646,57885,53,351275
33901,0.001687,74.125.24.0-255,1484,59369,53,351275
33902,0.001693,172.31.46.0-255,66,59435,53,351275
33903,0.001741,74.125.24.0-255,2902,62337,53,351275
33904,0.001744,172.31.46.0-255,66,62403,53,351275
33905,0.001752,74.125.24.0-255,5738,68141,53,351275
33906,0.001754,172.31.46.0-255,66,68207,53,351275
33907,0.001765,172.31.46.0-255,66,68273,53,351275
33908,0.001777,74.125.24.0-255,2902,71175,53,351275
33909,0.00178,172.31.46.0-255,66,71241,53,351275
33910,0.001786,74.125.24.0-255,5738,76979,53,351275
33911,0.001788,172.31.46.0-255,66,77045,53,351275
33912,0.001813,74.125.24.0-255,6438,83483,53,351275
33913,0.001819,172.31.46.0-255,66,83549,53,351275
33914,0.00222,74.125.24.0-255,1484,85033,53,351275
33915,0.002229,74.125.24.0-255,2902,87935,53,351275
33916,0.002233,172.31.46.0-255,66,88001,53,351275
33917,0.00224,74.125.24.0-255,4320,92321,53,351275
33918,0.002243,172.31.46.0-255,66,92387,53,351275
33919,0.002263,74.125.24.0-255,1484,93871,53,351275
33920,0.004444,74.125.24.0-255,4320,98191,53,351275
33921,0.004448,172.31.46.0-255,66,98257,53,351275
33922,0.006649,74.125.24.0-255,5738,103995,53,351275
33923,0.006656,172.31.46.0-255,66,104061,53,351275
33924,0.008917,74.125.24.0-255,5738,109799,53,351275
33925,0.008925,172.31.46.0-255,66,109865,53,351275
33926,0.011153,74.125.24.0-255,5738,115603,53,351275
33927,0.011161,172.31.46.0-255,66,115669,53,351275
33928,0.013381,74.125.24.0-255,5738,121407,53,351275
33929,0.01339,172.31.46.0-255,66,121473,53,351275
33930,0.015631,74.125.24.0-255,5738,127211,53,351275
33931,0.015641,172.31.46.0-255,66,127277,53,351275
33932,0.017852,74.125.24.0-255,5738,133015,53,351275
33933,0.017862,172.31.46.0-255,66,133081,53,351275
33934,0.020077,74.125.24.0-255,5738,138819,53,351275
33935,0.020083,172.31.46.0-255,66,138885,53,351275
33936,0.022337,74.125.24.0-255,5738,144623,53,351275
33937,0.022344,172.31.46.0-255,66,144689,53,351275
33938,0.02456,74.125.24.0-255,5738,150427,53,351275
33939,0.024567,172.31.46.0-255,66,150493,53,351275
33940,0.026821,74.125.24.0-255,5738,156231,53,351275
33941,0.026829,172.31.46.0-255,66,156297,53,351275
33942,0.029067,74.125.24.0-255,5738,162035,53,351275
33943,0.029074,172.31.46.0-255,66,162101,53,351275
33944,0.031285,74.125.24.0-255,5738,167839,53,351275
33945,0.031293,172.31.46.0-255,66,167905,53,351275
33946,0.032046,172.31.46.0-255,164,168069,53,351275
33947,0.032081,172.31.46.0-255,1121,169190,53,351275
33948,0.032151,172.31.46.0-255,1514,170704,53,351275
33949,0.032153,172.31.46.0-255,1514,172218,53,351275
33950,0.032158,172.31.46.0-255,1514,173732,53,351275
33951,0.032159,172.31.46.0-255,1514,175246,53,351275
33952,0.032179,172.31.46.0-255,1514,176760,53,351275
33953,0.03218,172.31.46.0-255,131,176891,53,351275
33954,0.033513,74.125.24.0-255,5738,182629,53,351275
33955,0.03352,172.31.46.0-255,66,182695,53,351275
33956,0.033595,104.244.42.0-255,66,182761,53,351275
33957,0.033642,104.244.42.0-255,66,182827,53,351275
33958,0.033728,104.244.42.0-255,66,182893,53,351275
33959,0.033734,104.244.42.0-255,66,182959,53,351275
33960,0.035753,74.125.24.0-255,5738,188697,53,351275
33961,0.03576,172.31.46.0-255,66,188763,53,351275
33962,0.038012,74.125.24.0-255,5738,194501,53,351275
33963,0.038018,172.31.46.0-255,66,194567,53,351275
33964,0.040239,74.125.24.0-255,5738,200305,53,351275
33965,0.040246,172.31.46.0-255,66,200371,53,351275
33966,0.042463,74.125.24.0-255,5738,206109,53,351275
33967,0.042471,172.31.46.0-255,66,206175,53,351275
33968,0.04471,74.125.24.0-255,5738,211913,53,351275
33969,0.044717,172.31.46.0-255,66,211979,53,351275
33970,0.046936,74.125.24.0-255,5738,217717,53,351275
33971,0.046943,172.31.46.0-255,66,217783,53,351275
33972,0.049181,74.125.24.0-255,5738,223521,53,351275
33973,0.049188,172.31.46.0-255,66,223587,53,351275
33974,0.051437,74.125.24.0-255,5738,229325,53,351275
33975,0.051442,172.31.46.0-255,66,229391,53,351275
33976,0.053683,74.125.24.0-255,5738,235129,53,351275
33977,0.05369,172.31.46.0-255,66,235195,53,351275
33978,0.05592,74.125.24.0-255,5738,240933,53,351275
33979,0.055927,172.31.46.0-255,66,240999,53,351275
33980,0.058141,74.125.24.0-255,5738,246737,53,351275
33981,0.058149,172.31.46.0-255,66,246803,53,351275
33982,0.060386,74.125.24.0-255,5738,252541,53,351275
33983,0.060393,172.31.46.0-255,66,252607,53,351275
33984,0.062608,74.125.24.0-255,5738,258345,53,351275
33985,0.062616,172.31.46.0-255,66,258411,53,351275
33986,0.064842,74.125.24.0-255,5738,264149,53,351275
33987,0.064849,172.31.46.0-255,66,264215,53,351275
33988,0.06706,74.125.24.0-255,5738,269953,53,351275
33989,0.067067,172.31.46.0-255,66,270019,53,351275
33990,0.069268,74.125.24.0-255,5738,275757,53,351275
33991,0.069275,172.31.46.0-255,66,275823,53,351275
33992,0.071496,74.125.24.0-255,5738,281561,53,351275
33993,0.071503,172.31.46.0-255,66,281627,53,351275
33994,0.073704,74.125.24.0-255,5738,287365,53,351275
33995,0.073711,172.31.46.0-255,66,287431,53,351275
33996,0.07596,74.125.24.0-255,5738,293169,53,351275
33997,0.075967,172.31.46.0-255,66,293235,53,351275
33998,0.078207,74.125.24.0-255,5738,298973,53,351275
33999,0.078215,172.31.46.0-255,66,299039,53,351275
34000,0.080427,74.125.24.0-255,5738,304777,53,351275
34001,0.080434,172.31.46.0-255,66,304843,53,351275
34002,0.082665,74.125.24.0-255,5738,310581,53,351275
34003,0.082672,172.31.46.0-255,66,310647,53,351275
34004,0.084911,74.125.24.0-255,5738,316385,53,351275
34005,0.084917,172.31.46.0-255,66,316451,53,351275
34006,0.087145,74.125.24.0-255,5738,322189,53,351275
34007,0.087152,172.31.46.0-255,66,322255,53,351275
34008,0.0894,74.125.24.0-255,5738,327993,53,351275
34009,0.089408,172.31.46.0-255,66,328059,53,351275
34010,0.091629,74.125.24.0-255,5738,333797,53,351275
34011,0.091636,172.31.46.0-255,66,333863,53,351275
34012,0.093902,74.125.24.0-255,5738,339601,53,351275
34013,0.093909,172.31.46.0-255,66,339667,53,351275
34014,0.096142,74.125.24.0-255,5738,345405,53,351275
34015,0.09615,172.31.46.0-255,66,345471,53,351275
34016,0.098381,74.125.24.0-255,5738,351209,53,351275
34017,0.098388,172.31.46.0-255,66,351275,53,351275
34018,0.0,172.217.194.0-255,153,153,53,191060
34019,2.6e-05,172.31.46.0-255,66,219,53,191060
34020,3.3e-05,172.217.194.0-255,1484,1703,53,191060
34021,3.8e-05,172.31.46.0-255,66,1769,53,191060
34022,4.3e-05,172.217.194.0-255,2902,4671,53,191060
34023,4.7e-05,172.31.46.0-255,66,4737,53,191060
34024,6.1e-05,172.217.194.0-255,4320,9057,53,191060
34025,6.5e-05,172.31.46.0-255,66,9123,53,191060
34026,7.2e-05,172.217.194.0-255,4910,14033,53,191060
34027,7.5e-05,172.31.46.0-255,66,14099,53,191060
34028,8.8e-05,172.31.46.0-255,66,14165,53,191060
34029,9.4e-05,172.217.194.0-255,5379,19544,53,191060
34030,9.7e-05,172.31.46.0-255,66,19610,53,191060
34031,0.000129,172.217.194.0-255,1484,21094,53,191060
34032,0.000133,172.31.46.0-255,66,21160,53,191060
34033,0.000138,172.217.194.0-255,2902,24062,53,191060
34034,0.000141,172.31.46.0-255,66,24128,53,191060
34035,0.000161,172.217.194.0-255,1484,25612,53,191060
34036,0.000164,172.31.46.0-255,66,25678,53,191060
34037,0.000189,172.217.194.0-255,4320,29998,53,191060
34038,0.000196,172.31.46.0-255,66,30064,53,191060
34039,0.000203,172.217.194.0-255,6797,36861,53,191060
34040,0.000206,172.31.46.0-255,66,36927,53,191060
34041,0.000429,172.217.194.0-255,1484,38411,53,191060
34042,0.000435,172.31.46.0-255,66,38477,53,191060
34043,0.000441,172.217.194.0-255,2902,41379,53,191060
34044,0.000444,172.31.46.0-255,66,41445,53,191060
34045,0.000451,172.217.194.0-255,5738,47183,53,191060
34046,0.000453,172.31.46.0-255,66,47249,53,191060
34047,0.000503,172.217.194.0-255,6797,54046,53,191060
34048,0.000506,172.31.46.0-255,66,54112,53,191060
34049,0.000534,172.217.194.0-255,1484,55596,53,191060
34050,0.000558,172.217.194.0-255,2902,58498,53,191060
34051,0.000561,172.31.46.0-255,66,58564,53,191060
34052,0.000566,172.217.194.0-255,2902,61466,53,191060
34053,0.000568,172.31.46.0-255,66,61532,53,191060
34054,0.000601,172.217.194.0-255,2902,64434,53,191060
34055,0.000604,172.31.46.0-255,66,64500,53,191060
34056,0.000617,172.31.46.0-255,66,64566,53,191060
34057,0.000645,172.217.194.0-255,3961,68527,53,191060
34058,0.000648,172.31.46.0-255,66,68593,53,191060
34059,0.000655,172.217.194.0-255,5738,74331,53,191060
34060,0.000657,172.31.46.0-255,66,74397,53,191060
34061,0.000684,172.217.194.0-255,4540,78937,53,191060
34062,0.000687,172.31.46.0-255,66,79003,53,191060
34063,0.000698,172.31.46.0-255,66,79069,53,191060
34064,0.000744,172.31.46.0-255,66,79135,53,191060
34065,0.001032,172.217.194.0-255,1484,80619,53,191060
34066,0.001039,172.217.194.0-255,2902,83521,53,191060
34067,0.001043,172.31.46.0-255,66,83587,53,191060
34068,0.001048,172.217.194.0-255,2902,86489,53,191060
34069,0.001051,172.31.46.0-255,66,86555,53,191060
34070,0.001075,172.217.194.0-255,2902,89457,53,191060
34071,0.001124,172.31.46.0-255,66,89523,53,191060
34072,0.001131,172.31.46.0-255,66,89589,53,191060
34073,0.001137,172.217.194.0-255,4320,93909,53,191060
34074,0.001144,172.31.46.0-255,66,93975,53,191060
34075,0.001157,172.31.46.0-255,66,94041,53,191060
34076,0.001159,172.217.194.0-255,766,94807,53,191060
34077,0.001172,172.217.194.0-255,1484,96291,53,191060
34078,0.001174,172.31.46.0-255,66,96357,53,191060
34079,0.001182,172.217.194.0-255,1484,97841,53,191060
34080,0.001213,172.217.194.0-255,2902,100743,53,191060
34081,0.001216,172.31.46.0-255,66,100809,53,191060
34082,0.001221,172.217.194.0-255,4320,105129,53,191060
34083,0.001224,172.31.46.0-255,66,105195,53,191060
34084,0.001229,172.217.194.0-255,4320,109515,53,191060
34085,0.001231,172.31.46.0-255,66,109581,53,191060
34086,0.001269,172.31.46.0-255,66,109647,53,191060
34087,0.001281,172.31.46.0-255,66,109713,53,191060
34088,0.001299,172.217.194.0-255,1484,111197,53,191060
34089,0.001327,172.217.194.0-255,2902,114099,53,191060
34090,0.00133,172.31.46.0-255,66,114165,53,191060
34091,0.001336,172.217.194.0-255,5738,119903,53,191060
34092,0.001339,172.31.46.0-255,66,119969,53,191060
34093,0.001343,172.217.194.0-255,2902,122871,53,191060
34094,0.001349,172.31.46.0-255,66,122937,53,191060
34095,0.001375,172.217.194.0-255,7156,130093,53,191060
34096,0.001382,172.31.46.0-255,66,130159,53,191060
34097,0.001407,172.217.194.0-255,5738,135897,53,191060
34098,0.00141,172.31.46.0-255,66,135963,53,191060
34099,0.00145,172.31.46.0-255,66,136029,53,191060
34100,0.001485,172.217.194.0-255,5738,141767,53,191060
34101,0.001507,172.31.46.0-255,66,141833,53,191060
34102,0.001578,172.217.194.0-255,7156,148989,53,191060
34103,0.001606,172.31.46.0-255,66,149055,53,191060
34104,0.001614,172.31.46.0-255,66,149121,53,191060
34105,0.001632,172.217.194.0-255,1484,150605,53,191060
34106,0.001642,172.217.194.0-255,5020,155625,53,191060
34107,0.001662,172.31.46.0-255,66,155691,53,191060
34108,0.001689,172.217.194.0-255,1484,157175,53,191060
34109,0.001702,172.217.194.0-255,2902,160077,53,191060
34110,0.00172,172.31.46.0-255,66,160143,53,191060
34111,0.001748,172.217.194.0-255,5738,165881,53,191060
34112,0.001766,172.217.194.0-255,2902,168783,53,191060
34113,0.001774,172.31.46.0-255,66,168849,53,191060
34114,0.001802,172.217.194.0-255,1484,170333,53,191060
34115,0.001839,172.217.194.0-255,1484,171817,53,191060
34116,0.00185,172.31.46.0-255,66,171883,53,191060
34117,0.001884,172.217.194.0-255,1484,173367,53,191060
34118,0.001892,172.217.194.0-255,5738,179105,53,191060
34119,0.001916,172.217.194.0-255,1484,180589,53,191060
34120,0.001964,172.217.194.0-255,2902,183491,53,191060
34121,0.00197,172.31.46.0-255,66,183557,53,191060
34122,0.002013,172.217.194.0-255,105,183662,53,191060
34123,0.002038,172.31.46.0-255,66,183728,53,191060
34124,0.004795,172.31.46.0-255,105,183833,53,191060
34125,0.006978,172.217.194.0-255,66,183899,53,191060
34126,0.034674,172.31.46.0-255,172,184071,53,191060
34127,0.034716,172.31.46.0-255,1112,185183,53,191060
34128,0.034791,172.31.46.0-255,1514,186697,53,191060
34129,0.034793,172.31.46.0-255,1514,188211,53,191060
34130,0.034794,172.31.46.0-255,1514,189725,53,191060
34131,0.034795,172.31.46.0-255,1071,190796,53,191060
34132,0.036272,104.244.42.0-255,66,190862,53,191060
34133,0.036309,104.244.42.0-255,66,190928,53,191060
34134,0.036328,104.244.42.0-255,66,190994,53,191060
34135,0.03634,104.244.42.0-255,66,191060,53,191060
34136,0.0,172.217.194.0-255,153,153,53,203912
34137,2.2e-05,172.31.46.0-255,66,219,53,203912
34138,2.8e-05,172.217.194.0-255,1484,1703,53,203912
34139,3.3e-05,172.31.46.0-255,66,1769,53,203912
34140,3.9e-05,172.217.194.0-255,2902,4671,53,203912
34141,4.2e-05,172.31.46.0-255,66,4737,53,203912
34142,8.1e-05,172.217.194.0-255,7156,11893,53,203912
34143,8.4e-05,172.31.46.0-255,66,11959,53,203912
34144,0.000112,172.217.194.0-255,2100,14059,53,203912
34145,0.000115,172.31.46.0-255,66,14125,53,203912
34146,0.000609,172.217.194.0-255,1484,15609,53,203912
34147,0.000615,172.31.46.0-255,66,15675,53,203912
34148,0.000624,172.217.194.0-255,2902,18577,53,203912
34149,0.000627,172.31.46.0-255,66,18643,53,203912
34150,0.00064,172.217.194.0-255,5738,24381,53,203912
34151,0.000642,172.31.46.0-255,66,24447,53,203912
34152,0.000684,172.217.194.0-255,1484,25931,53,203912
34153,0.000687,172.31.46.0-255,66,25997,53,203912
34154,0.000731,172.31.46.0-255,66,26063,53,203912
34155,0.000747,172.31.46.0-255,66,26129,53,203912
34156,0.000764,172.31.46.0-255,66,26195,53,203912
34157,0.000768,172.217.194.0-255,2527,28722,53,203912
34158,0.000771,172.31.46.0-255,66,28788,53,203912
34159,0.000838,172.217.194.0-255,1484,30272,53,203912
34160,0.000843,172.31.46.0-255,66,30338,53,203912
34161,0.000849,172.217.194.0-255,2902,33240,53,203912
34162,0.000851,172.31.46.0-255,66,33306,53,203912
34163,0.000856,172.217.194.0-255,2902,36208,53,203912
34164,0.000863,172.31.46.0-255,66,36274,53,203912
34165,0.000884,172.217.194.0-255,2902,39176,53,203912
34166,0.000887,172.31.46.0-255,66,39242,53,203912
34167,0.000902,172.31.46.0-255,66,39308,53,203912
34168,0.000942,172.31.46.0-255,66,39374,53,203912
34169,0.000974,172.31.46.0-255,66,39440,53,203912
34170,0.001006,172.31.46.0-255,66,39506,53,203912
34171,0.001025,172.217.194.0-255,4320,43826,53,203912
34172,0.001027,172.31.46.0-255,66,43892,53,203912
34173,0.001039,172.31.46.0-255,66,43958,53,203912
34174,0.001069,172.217.194.0-255,7156,51114,53,203912
34175,0.001072,172.31.46.0-255,66,51180,53,203912
34176,0.001091,172.217.194.0-255,2902,54082,53,203912
34177,0.001093,172.31.46.0-255,66,54148,53,203912
34178,0.001096,172.217.194.0-255,1484,55632,53,203912
34179,0.001111,172.31.46.0-255,66,55698,53,203912
34180,0.001142,172.31.46.0-255,66,55764,53,203912
34181,0.00125,172.217.194.0-255,1484,57248,53,203912
34182,0.001256,172.217.194.0-255,2902,60150,53,203912
34183,0.00126,172.31.46.0-255,66,60216,53,203912
34184,0.001296,172.217.194.0-255,5738,65954,53,203912
34185,0.001301,172.31.46.0-255,66,66020,53,203912
34186,0.001318,172.31.46.0-255,66,66086,53,203912
34187,0.001324,172.217.194.0-255,4320,70406,53,203912
34188,0.001328,172.31.46.0-255,66,70472,53,203912
34189,0.001355,172.217.194.0-255,6438,76910,53,203912
34190,0.001359,172.31.46.0-255,66,76976,53,203912
34191,0.001537,172.217.194.0-255,1484,78460,53,203912
34192,0.001559,172.217.194.0-255,2902,81362,53,203912
34193,0.001563,172.31.46.0-255,66,81428,53,203912
34194,0.001571,172.217.194.0-255,5738,87166,53,203912
34195,0.001574,172.31.46.0-255,66,87232,53,203912
34196,0.00164,172.217.194.0-255,7156,94388,53,203912
34197,0.001643,172.31.46.0-255,66,94454,53,203912
34198,0.001658,172.31.46.0-255,66,94520,53,203912
34199,0.001662,172.217.194.0-255,2184,96704,53,203912
34200,0.001665,172.31.46.0-255,66,96770,53,203912
34201,0.002122,172.217.194.0-255,1484,98254,53,203912
34202,0.002132,172.217.194.0-255,2902,101156,53,203912
34203,0.002137,172.31.46.0-255,66,101222,53,203912
34204,0.002144,172.217.194.0-255,5738,106960,53,203912
34205,0.002146,172.31.46.0-255,66,107026,53,203912
34206,0.002188,172.31.46.0-255,66,107092,53,203912
34207,0.002195,172.217.194.0-255,7156,114248,53,203912
34208,0.002198,172.31.46.0-255,66,114314,53,203912
34209,0.00223,172.217.194.0-255,3602,117916,53,203912
34210,0.002233,172.31.46.0-255,66,117982,53,203912
34211,0.002246,172.217.194.0-255,1484,119466,53,203912
34212,0.002286,172.217.194.0-255,4320,123786,53,203912
34213,0.002302,172.217.194.0-255,4320,128106,53,203912
34214,0.002323,172.217.194.0-255,5020,133126,53,203912
34215,0.002327,172.217.194.0-255,2902,136028,53,203912
34216,0.00235,172.217.194.0-255,4320,140348,53,203912
34217,0.005522,172.31.46.0-255,66,140414,53,203912
34218,0.007854,172.217.194.0-255,5738,146152,53,203912
34219,0.007865,172.31.46.0-255,66,146218,53,203912
34220,0.010185,172.217.194.0-255,5738,151956,53,203912
34221,0.010191,172.31.46.0-255,66,152022,53,203912
34222,0.01249,172.217.194.0-255,5738,157760,53,203912
34223,0.0125,172.31.46.0-255,66,157826,53,203912
34224,0.014792,172.217.194.0-255,5738,163564,53,203912
34225,0.0148,172.31.46.0-255,66,163630,53,203912
34226,0.017086,172.217.194.0-255,5738,169368,53,203912
34227,0.017095,172.31.46.0-255,66,169434,53,203912
34228,0.019398,172.217.194.0-255,5738,175172,53,203912
34229,0.019408,172.31.46.0-255,66,175238,53,203912
34230,0.021684,172.217.194.0-255,5738,180976,53,203912
34231,0.02169,172.31.46.0-255,66,181042,53,203912
34232,0.024001,172.217.194.0-255,5738,186780,53,203912
34233,0.024007,172.31.46.0-255,66,186846,53,203912
34234,0.026288,172.217.194.0-255,5738,192584,53,203912
34235,0.026295,172.31.46.0-255,66,192650,53,203912
34236,0.028595,172.217.194.0-255,5738,198388,53,203912
34237,0.028601,172.31.46.0-255,66,198454,53,203912
34238,0.030885,172.217.194.0-255,939,199393,53,203912
34239,0.03103,172.31.46.0-255,66,199459,53,203912
34240,0.031068,172.31.46.0-255,105,199564,53,203912
34241,0.033325,172.217.194.0-255,66,199630,53,203912
34242,0.035478,172.31.46.0-255,167,199797,53,203912
34243,0.03551,172.31.46.0-255,1112,200909,53,203912
34244,0.035572,172.31.46.0-255,1514,202423,53,203912
34245,0.035573,172.31.46.0-255,1291,203714,53,203912
34246,0.037013,104.244.42.0-255,66,203780,53,203912
34247,0.037136,104.244.42.0-255,66,203846,53,203912
34248,0.037153,104.244.42.0-255,66,203912,53,203912
34249,0.0,74.125.24.0-255,152,152,53,351300
34250,1.9e-05,172.31.46.0-255,66,218,53,351300
34251,2.5e-05,74.125.24.0-255,1484,1702,53,351300
34252,3e-05,172.31.46.0-255,66,1768,53,351300
34253,4.4e-05,74.125.24.0-255,2902,4670,53,351300
34254,4.8e-05,172.31.46.0-255,66,4736,53,351300
34255,5.4e-05,74.125.24.0-255,4320,9056,53,351300
34256,5.7e-05,172.31.46.0-255,66,9122,53,351300
34257,0.000103,74.125.24.0-255,4814,13936,53,351300
34258,0.000107,172.31.46.0-255,66,14002,53,351300
34259,0.000144,74.125.24.0-255,1484,15486,53,351300
34260,0.000146,172.31.46.0-255,66,15552,53,351300
34261,0.000152,74.125.24.0-255,2902,18454,53,351300
34262,0.000154,172.31.46.0-255,66,18520,53,351300
34263,0.000186,74.125.24.0-255,5738,24258,53,351300
34264,0.000189,172.31.46.0-255,66,24324,53,351300
34265,0.000196,74.125.24.0-255,6797,31121,53,351300
34266,0.000198,172.31.46.0-255,66,31187,53,351300
34267,0.000438,74.125.24.0-255,1484,32671,53,351300
34268,0.000443,172.31.46.0-255,66,32737,53,351300
34269,0.000449,74.125.24.0-255,2902,35639,53,351300
34270,0.000452,172.31.46.0-255,66,35705,53,351300
34271,0.000463,74.125.24.0-255,4320,40025,53,351300
34272,0.000466,172.31.46.0-255,66,40091,53,351300
34273,0.000472,74.125.24.0-255,5738,45829,53,351300
34274,0.000475,172.31.46.0-255,66,45895,53,351300
34275,0.000507,74.125.24.0-255,7156,53051,53,351300
34276,0.00051,172.31.46.0-255,66,53117,53,351300
34277,0.000525,74.125.24.0-255,5379,58496,53,351300
34278,0.000533,172.31.46.0-255,66,58562,53,351300
34279,0.000541,74.125.24.0-255,6797,65359,53,351300
34280,0.000543,172.31.46.0-255,66,65425,53,351300
34281,0.000545,74.125.24.0-255,360,65785,53,351300
34282,0.001069,172.31.46.0-255,66,65851,53,351300
34283,0.001307,74.125.24.0-255,126,65977,53,351300
34284,0.00133,74.125.24.0-255,354,66331,53,351300
34285,0.001823,74.125.24.0-255,1484,67815,53,351300
34286,0.00183,172.31.46.0-255,66,67881,53,351300
34287,0.001837,74.125.24.0-255,2902,70783,53,351300
34288,0.00184,172.31.46.0-255,66,70849,53,351300
34289,0.001852,74.125.24.0-255,5738,76587,53,351300
34290,0.001854,172.31.46.0-255,66,76653,53,351300
34291,0.001898,172.31.46.0-255,66,76719,53,351300
34292,0.001909,172.31.46.0-255,66,76785,53,351300
34293,0.001934,74.125.24.0-255,766,77551,53,351300
34294,0.002046,74.125.24.0-255,1484,79035,53,351300
34295,0.002051,172.31.46.0-255,66,79101,53,351300
34296,0.002058,74.125.24.0-255,2902,82003,53,351300
34297,0.00206,172.31.46.0-255,66,82069,53,351300
34298,0.002063,74.125.24.0-255,1484,83553,53,351300
34299,0.002094,74.125.24.0-255,4320,87873,53,351300
34300,0.002097,172.31.46.0-255,66,87939,53,351300
34301,0.002103,74.125.24.0-255,5738,93677,53,351300
34302,0.002105,172.31.46.0-255,66,93743,53,351300
34303,0.002121,172.31.46.0-255,66,93809,53,351300
34304,0.002135,74.125.24.0-255,4320,98129,53,351300
34305,0.002138,172.31.46.0-255,66,98195,53,351300
34306,0.002144,74.125.24.0-255,5020,103215,53,351300
34307,0.002146,172.31.46.0-255,66,103281,53,351300
34308,0.002312,74.125.24.0-255,1484,104765,53,351300
34309,0.004438,74.125.24.0-255,4320,109085,53,351300
34310,0.004443,172.31.46.0-255,66,109151,53,351300
34311,0.006762,74.125.24.0-255,5738,114889,53,351300
34312,0.006765,172.31.46.0-255,66,114955,53,351300
34313,0.009048,74.125.24.0-255,5738,120693,53,351300
34314,0.009055,172.31.46.0-255,66,120759,53,351300
34315,0.011358,74.125.24.0-255,5738,126497,53,351300
34316,0.011366,172.31.46.0-255,66,126563,53,351300
34317,0.01366,74.125.24.0-255,5738,132301,53,351300
34318,0.013667,172.31.46.0-255,66,132367,53,351300
34319,0.015951,74.125.24.0-255,5738,138105,53,351300
34320,0.015958,172.31.46.0-255,66,138171,53,351300
34321,0.018244,74.125.24.0-255,5738,143909,53,351300
34322,0.018254,172.31.46.0-255,66,143975,53,351300
34323,0.020554,74.125.24.0-255,5738,149713,53,351300
34324,0.020561,172.31.46.0-255,66,149779,53,351300
34325,0.022863,74.125.24.0-255,5738,155517,53,351300
34326,0.022871,172.31.46.0-255,66,155583,53,351300
34327,0.023858,172.31.46.0-255,172,155755,53,351300
34328,0.023891,172.31.46.0-255,1111,156866,53,351300
34329,0.023956,172.31.46.0-255,1514,158380,53,351300
34330,0.023958,172.31.46.0-255,1190,159570,53,351300
34331,0.025148,74.125.24.0-255,5738,165308,53,351300
34332,0.025155,172.31.46.0-255,66,165374,53,351300
34333,0.025385,104.244.42.0-255,66,165440,53,351300
34334,0.025525,104.244.42.0-255,66,165506,53,351300
34335,0.02553,104.244.42.0-255,66,165572,53,351300
34336,0.027469,74.125.24.0-255,5738,171310,53,351300
34337,0.027476,172.31.46.0-255,66,171376,53,351300
34338,0.029792,74.125.24.0-255,5738,177114,53,351300
34339,0.029798,172.31.46.0-255,66,177180,53,351300
34340,0.03211,74.125.24.0-255,5738,182918,53,351300
34341,0.032115,172.31.46.0-255,66,182984,53,351300
34342,0.034419,74.125.24.0-255,5738,188722,53,351300
34343,0.034425,172.31.46.0-255,66,188788,53,351300
34344,0.036736,74.125.24.0-255,5738,194526,53,351300
34345,0.036743,172.31.46.0-255,66,194592,53,351300
34346,0.039048,74.125.24.0-255,5738,200330,53,351300
34347,0.039054,172.31.46.0-255,66,200396,53,351300
34348,0.041342,74.125.24.0-255,5738,206134,53,351300
34349,0.041348,172.31.46.0-255,66,206200,53,351300
34350,0.043661,74.125.24.0-255,5738,211938,53,351300
34351,0.043671,172.31.46.0-255,66,212004,53,351300
34352,0.045981,74.125.24.0-255,5738,217742,53,351300
34353,0.045988,172.31.46.0-255,66,217808,53,351300
34354,0.048297,74.125.24.0-255,5738,223546,53,351300
34355,0.048304,172.31.46.0-255,66,223612,53,351300
34356,0.050612,74.125.24.0-255,5738,229350,53,351300
34357,0.050619,172.31.46.0-255,66,229416,53,351300
34358,0.052921,74.125.24.0-255,5738,235154,53,351300
34359,0.052928,172.31.46.0-255,66,235220,53,351300
34360,0.055227,74.125.24.0-255,5738,240958,53,351300
34361,0.055234,172.31.46.0-255,66,241024,53,351300
34362,0.057537,74.125.24.0-255,5738,246762,53,351300
34363,0.057543,172.31.46.0-255,66,246828,53,351300
34364,0.059872,74.125.24.0-255,5738,252566,53,351300
34365,0.059879,172.31.46.0-255,66,252632,53,351300
34366,0.062171,74.125.24.0-255,5738,258370,53,351300
34367,0.062177,172.31.46.0-255,66,258436,53,351300
34368,0.064461,74.125.24.0-255,5738,264174,53,351300
34369,0.064468,172.31.46.0-255,66,264240,53,351300
34370,0.066816,74.125.24.0-255,5738,269978,53,351300
34371,0.066823,172.31.46.0-255,66,270044,53,351300
34372,0.069121,74.125.24.0-255,5738,275782,53,351300
34373,0.069127,172.31.46.0-255,66,275848,53,351300
34374,0.071435,74.125.24.0-255,5738,281586,53,351300
34375,0.071441,172.31.46.0-255,66,281652,53,351300
34376,0.07375,74.125.24.0-255,5738,287390,53,351300
34377,0.073756,172.31.46.0-255,66,287456,53,351300
34378,0.076072,74.125.24.0-255,5738,293194,53,351300
34379,0.076079,172.31.46.0-255,66,293260,53,351300
34380,0.078369,74.125.24.0-255,5738,298998,53,351300
34381,0.078375,172.31.46.0-255,66,299064,53,351300
34382,0.080753,74.125.24.0-255,5738,304802,53,351300
34383,0.08076,172.31.46.0-255,66,304868,53,351300
34384,0.083049,74.125.24.0-255,5738,310606,53,351300
34385,0.083056,172.31.46.0-255,66,310672,53,351300
34386,0.085362,74.125.24.0-255,5738,316410,53,351300
34387,0.085368,172.31.46.0-255,66,316476,53,351300
34388,0.087664,74.125.24.0-255,5738,322214,53,351300
34389,0.08767,172.31.46.0-255,66,322280,53,351300
34390,0.089974,74.125.24.0-255,5738,328018,53,351300
34391,0.08998,172.31.46.0-255,66,328084,53,351300
34392,0.092293,74.125.24.0-255,5738,333822,53,351300
34393,0.0923,172.31.46.0-255,66,333888,53,351300
34394,0.094617,74.125.24.0-255,5738,339626,53,351300
34395,0.094623,172.31.46.0-255,66,339692,53,351300
34396,0.096914,74.125.24.0-255,5738,345430,53,351300
34397,0.096921,172.31.46.0-255,66,345496,53,351300
34398,0.099244,74.125.24.0-255,5738,351234,53,351300
34399,0.099251,172.31.46.0-255,66,351300,53,351300
34400,0.0,74.125.200.0-255,153,153,53,343269
34401,2.5e-05,172.31.46.0-255,66,219,53,343269
34402,3.3e-05,74.125.200.0-255,1484,1703,53,343269
34403,3.8e-05,172.31.46.0-255,66,1769,53,343269
34404,4.3e-05,74.125.200.0-255,2902,4671,53,343269
34405,5.5e-05,172.31.46.0-255,66,4737,53,343269
34406,6.3e-05,74.125.200.0-255,7156,11893,53,343269
34407,6.6e-05,172.31.46.0-255,66,11959,53,343269
34408,0.0001,74.125.200.0-255,2902,14861,53,343269
34409,0.000103,172.31.46.0-255,66,14927,53,343269
34410,0.000147,74.125.200.0-255,4830,19757,53,343269
34411,0.000163,172.31.46.0-255,66,19823,53,343269
34412,0.000166,74.125.200.0-255,1484,21307,53,343269
34413,0.000168,172.31.46.0-255,66,21373,53,343269
34414,0.000173,74.125.200.0-255,2902,24275,53,343269
34415,0.000175,172.31.46.0-255,66,24341,53,343269
34416,0.000181,74.125.200.0-255,5738,30079,53,343269
34417,0.000184,172.31.46.0-255,66,30145,53,343269
34418,0.00019,74.125.200.0-255,4320,34465,53,343269
34419,0.000192,172.31.46.0-255,66,34531,53,343269
34420,0.000199,74.125.200.0-255,5738,40269,53,343269
34421,0.000202,172.31.46.0-255,66,40335,53,343269
34422,0.000215,172.31.46.0-255,66,40401,53,343269
34423,0.000312,74.125.200.0-255,1484,41885,53,343269
34424,0.000316,172.31.46.0-255,66,41951,53,343269
34425,0.000344,74.125.200.0-255,1484,43435,53,343269
34426,0.000346,172.31.46.0-255,66,43501,53,343269
34427,0.000351,74.125.200.0-255,2902,46403,53,343269
34428,0.000353,172.31.46.0-255,66,46469,53,343269
34429,0.000385,74.125.200.0-255,5738,52207,53,343269
34430,0.000387,172.31.46.0-255,66,52273,53,343269
34431,0.000393,74.125.200.0-255,4320,56593,53,343269
34432,0.000396,172.31.46.0-255,66,56659,53,343269
34433,0.000431,74.125.200.0-255,1432,58091,53,343269
34434,0.000823,74.125.200.0-255,347,58438,53,343269
34435,0.000829,172.31.46.0-255,66,58504,53,343269
34436,0.000863,74.125.200.0-255,1484,59988,53,343269
34437,0.000883,74.125.200.0-255,4320,64308,53,343269
34438,0.000886,172.31.46.0-255,66,64374,53,343269
34439,0.000891,74.125.200.0-255,2902,67276,53,343269
34440,0.000894,172.31.46.0-255,66,67342,53,343269
34441,0.000918,74.125.200.0-255,2902,70244,53,343269
34442,0.000921,172.31.46.0-255,66,70310,53,343269
34443,0.000935,172.31.46.0-255,66,70376,53,343269
34444,0.000969,74.125.200.0-255,2902,73278,53,343269
34445,0.000972,172.31.46.0-255,66,73344,53,343269
34446,0.000979,74.125.200.0-255,5738,79082,53,343269
34447,0.000981,172.31.46.0-255,66,79148,53,343269
34448,0.000984,74.125.200.0-255,1484,80632,53,343269
34449,0.001012,74.125.200.0-255,3602,84234,53,343269
34450,0.001015,172.31.46.0-255,66,84300,53,343269
34451,0.001518,74.125.200.0-255,1484,85784,53,343269
34452,0.001525,74.125.200.0-255,2902,88686,53,343269
34453,0.001529,172.31.46.0-255,66,88752,53,343269
34454,0.00156,74.125.200.0-255,4320,93072,53,343269
34455,0.001563,172.31.46.0-255,66,93138,53,343269
34456,0.001571,74.125.200.0-255,7156,100294,53,343269
34457,0.001573,172.31.46.0-255,66,100360,53,343269
34458,0.001621,74.125.200.0-255,1484,101844,53,343269
34459,0.001634,172.31.46.0-255,66,101910,53,343269
34460,0.001638,74.125.200.0-255,1484,103394,53,343269
34461,0.001668,172.31.46.0-255,66,103460,53,343269
34462,0.0017,74.125.200.0-255,2902,106362,53,343269
34463,0.001703,74.125.200.0-255,2902,109264,53,343269
34464,0.001708,172.31.46.0-255,66,109330,53,343269
34465,0.001711,172.31.46.0-255,66,109396,53,343269
34466,0.001718,74.125.200.0-255,1484,110880,53,343269
34467,0.001741,74.125.200.0-255,1484,112364,53,343269
34468,0.001743,172.31.46.0-255,66,112430,53,343269
34469,0.001772,74.125.200.0-255,2902,115332,53,343269
34470,0.001775,172.31.46.0-255,66,115398,53,343269
34471,0.001798,74.125.200.0-255,1484,116882,53,343269
34472,0.001826,74.125.200.0-255,2902,119784,53,343269
34473,0.001829,172.31.46.0-255,66,119850,53,343269
34474,0.001832,74.125.200.0-255,1484,121334,53,343269
34475,0.001857,74.125.200.0-255,2902,124236,53,343269
34476,0.001859,172.31.46.0-255,66,124302,53,343269
34477,0.001864,74.125.200.0-255,2902,127204,53,343269
34478,0.001866,172.31.46.0-255,66,127270,53,343269
34479,0.001888,74.125.200.0-255,2902,130172,53,343269
34480,0.00189,172.31.46.0-255,66,130238,53,343269
34481,0.001901,74.125.200.0-255,5020,135258,53,343269
34482,0.001903,172.31.46.0-255,66,135324,53,343269
34483,0.002154,74.125.200.0-255,1484,136808,53,343269
34484,0.002173,74.125.200.0-255,2902,139710,53,343269
34485,0.002176,172.31.46.0-255,66,139776,53,343269
34486,0.002209,74.125.200.0-255,5738,145514,53,343269
34487,0.002213,172.31.46.0-255,66,145580,53,343269
34488,0.002216,74.125.200.0-255,1484,147064,53,343269
34489,0.00222,74.125.200.0-255,2902,149966,53,343269
34490,0.002222,172.31.46.0-255,66,150032,53,343269
34491,0.002225,74.125.200.0-255,1484,151516,53,343269
34492,0.00227,74.125.200.0-255,4320,155836,53,343269
34493,0.002273,172.31.46.0-255,66,155902,53,343269
34494,0.00228,74.125.200.0-255,5738,161640,53,343269
34495,0.002282,172.31.46.0-255,66,161706,53,343269
34496,0.002289,74.125.200.0-255,7156,168862,53,343269
34497,0.002292,172.31.46.0-255,66,168928,53,343269
34498,0.002295,74.125.200.0-255,766,169694,53,343269
34499,0.002356,74.125.200.0-255,1484,171178,53,343269
34500,0.002359,172.31.46.0-255,66,171244,53,343269
34501,0.002371,74.125.200.0-255,1484,172728,53,343269
34502,0.002397,74.125.200.0-255,1484,174212,53,343269
34503,0.0024,172.31.46.0-255,66,174278,53,343269
34504,0.002408,74.125.200.0-255,5738,180016,53,343269
34505,0.00241,172.31.46.0-255,66,180082,53,343269
34506,0.002433,74.125.200.0-255,2902,182984,53,343269
34507,0.002437,172.31.46.0-255,66,183050,53,343269
34508,0.002442,74.125.200.0-255,4320,187370,53,343269
34509,0.002445,172.31.46.0-255,66,187436,53,343269
34510,0.002455,172.31.46.0-255,66,187502,53,343269
34511,0.002459,74.125.200.0-255,1484,188986,53,343269
34512,0.002491,74.125.200.0-255,2902,191888,53,343269
34513,0.002493,172.31.46.0-255,66,191954,53,343269
34514,0.0025,74.125.200.0-255,5020,196974,53,343269
34515,0.002502,172.31.46.0-255,66,197040,53,343269
34516,0.002506,74.125.200.0-255,2902,199942,53,343269
34517,0.002508,172.31.46.0-255,66,200008,53,343269
34518,0.002513,74.125.200.0-255,2902,202910,53,343269
34519,0.002515,172.31.46.0-255,66,202976,53,343269
34520,0.002544,74.125.200.0-255,1484,204460,53,343269
34521,0.00256,172.31.46.0-255,66,204526,53,343269
34522,0.002572,172.31.46.0-255,66,204592,53,343269
34523,0.002605,74.125.200.0-255,5738,210330,53,343269
34524,0.002608,172.31.46.0-255,66,210396,53,343269
34525,0.002627,74.125.200.0-255,2184,212580,53,343269
34526,0.002629,172.31.46.0-255,66,212646,53,343269
34527,0.005177,74.125.200.0-255,2902,215548,53,343269
34528,0.005185,172.31.46.0-255,66,215614,53,343269
34529,0.005212,74.125.200.0-255,2902,218516,53,343269
34530,0.005216,172.31.46.0-255,66,218582,53,343269
34531,0.007765,74.125.200.0-255,2902,221484,53,343269
34532,0.007772,172.31.46.0-255,66,221550,53,343269
34533,0.007796,74.125.200.0-255,2902,224452,53,343269
34534,0.007798,172.31.46.0-255,66,224518,53,343269
34535,0.01035,74.125.200.0-255,2902,227420,53,343269
34536,0.010355,172.31.46.0-255,66,227486,53,343269
34537,0.010388,74.125.200.0-255,2902,230388,53,343269
34538,0.010391,172.31.46.0-255,66,230454,53,343269
34539,0.012954,74.125.200.0-255,2902,233356,53,343269
34540,0.012962,172.31.46.0-255,66,233422,53,343269
34541,0.01299,74.125.200.0-255,2902,236324,53,343269
34542,0.012993,172.31.46.0-255,66,236390,53,343269
34543,0.015547,74.125.200.0-255,2902,239292,53,343269
34544,0.015557,172.31.46.0-255,66,239358,53,343269
34545,0.015586,74.125.200.0-255,2902,242260,53,343269
34546,0.015589,172.31.46.0-255,66,242326,53,343269
34547,0.018153,74.125.200.0-255,2902,245228,53,343269
34548,0.018161,172.31.46.0-255,66,245294,53,343269
34549,0.01819,74.125.200.0-255,2902,248196,53,343269
34550,0.018194,172.31.46.0-255,66,248262,53,343269
34551,0.020755,74.125.200.0-255,2902,251164,53,343269
34552,0.020762,172.31.46.0-255,66,251230,53,343269
34553,0.02079,74.125.200.0-255,2902,254132,53,343269
34554,0.020793,172.31.46.0-255,66,254198,53,343269
34555,0.023345,74.125.200.0-255,2902,257100,53,343269
34556,0.023354,172.31.46.0-255,66,257166,53,343269
34557,0.023382,74.125.200.0-255,2902,260068,53,343269
34558,0.023385,172.31.46.0-255,66,260134,53,343269
34559,0.025944,74.125.200.0-255,2902,263036,53,343269
34560,0.025956,172.31.46.0-255,66,263102,53,343269
34561,0.025987,74.125.200.0-255,2902,266004,53,343269
34562,0.02599,172.31.46.0-255,66,266070,53,343269
34563,0.028539,74.125.200.0-255,2902,268972,53,343269
34564,0.028548,172.31.46.0-255,66,269038,53,343269
34565,0.028581,74.125.200.0-255,2902,271940,53,343269
34566,0.028584,172.31.46.0-255,66,272006,53,343269
34567,0.031128,74.125.200.0-255,2902,274908,53,343269
34568,0.031135,172.31.46.0-255,66,274974,53,343269
34569,0.031168,74.125.200.0-255,2902,277876,53,343269
34570,0.031171,172.31.46.0-255,66,277942,53,343269
34571,0.03371,74.125.200.0-255,2902,280844,53,343269
34572,0.033718,172.31.46.0-255,66,280910,53,343269
34573,0.033746,74.125.200.0-255,2902,283812,53,343269
34574,0.033748,172.31.46.0-255,66,283878,53,343269
34575,0.036301,74.125.200.0-255,2902,286780,53,343269
34576,0.036308,172.31.46.0-255,66,286846,53,343269
34577,0.036348,74.125.200.0-255,2902,289748,53,343269
34578,0.036351,172.31.46.0-255,66,289814,53,343269
34579,0.038895,74.125.200.0-255,2902,292716,53,343269
34580,0.038902,172.31.46.0-255,66,292782,53,343269
34581,0.038934,74.125.200.0-255,2902,295684,53,343269
34582,0.038936,172.31.46.0-255,66,295750,53,343269
34583,0.041491,74.125.200.0-255,2902,298652,53,343269
34584,0.0415,172.31.46.0-255,66,298718,53,343269
34585,0.04153,74.125.200.0-255,2902,301620,53,343269
34586,0.041533,172.31.46.0-255,66,301686,53,343269
34587,0.044097,74.125.200.0-255,2902,304588,53,343269
34588,0.044111,172.31.46.0-255,66,304654,53,343269
34589,0.044142,74.125.200.0-255,2902,307556,53,343269
34590,0.044147,172.31.46.0-255,66,307622,53,343269
34591,0.046224,172.31.46.0-255,172,307794,53,343269
34592,0.046258,172.31.46.0-255,1112,308906,53,343269
34593,0.046325,172.31.46.0-255,1514,310420,53,343269
34594,0.046326,172.31.46.0-255,1291,311711,53,343269
34595,0.046696,74.125.200.0-255,2902,314613,53,343269
34596,0.046704,172.31.46.0-255,66,314679,53,343269
34597,0.046731,74.125.200.0-255,2902,317581,53,343269
34598,0.046734,172.31.46.0-255,66,317647,53,343269
34599,0.047816,104.244.42.0-255,66,317713,53,343269
34600,0.047851,104.244.42.0-255,66,317779,53,343269
34601,0.047901,104.244.42.0-255,66,317845,53,343269
34602,0.049281,74.125.200.0-255,2902,320747,53,343269
34603,0.049287,172.31.46.0-255,66,320813,53,343269
34604,0.04932,74.125.200.0-255,2902,323715,53,343269
34605,0.049323,172.31.46.0-255,66,323781,53,343269
34606,0.051876,74.125.200.0-255,2902,326683,53,343269
34607,0.051885,172.31.46.0-255,66,326749,53,343269
34608,0.051921,74.125.200.0-255,2902,329651,53,343269
34609,0.051924,172.31.46.0-255,66,329717,53,343269
34610,0.054514,74.125.200.0-255,4320,334037,53,343269
34611,0.054521,172.31.46.0-255,66,334103,53,343269
34612,0.054545,74.125.200.0-255,1484,335587,53,343269
34613,0.057113,74.125.200.0-255,4320,339907,53,343269
34614,0.057121,172.31.46.0-255,66,339973,53,343269
34615,0.059702,74.125.200.0-255,3059,343032,53,343269
34616,0.05971,172.31.46.0-255,66,343098,53,343269
34617,0.060283,172.31.46.0-255,105,343203,53,343269
34618,0.062833,74.125.200.0-255,66,343269,53,343269
34619,0.0,74.125.68.0-255,150,150,53,375922
34620,2.3e-05,172.31.46.0-255,66,216,53,375922
34621,3.1e-05,74.125.68.0-255,1484,1700,53,375922
34622,3.6e-05,172.31.46.0-255,66,1766,53,375922
34623,4.2e-05,74.125.68.0-255,2902,4668,53,375922
34624,5.3e-05,172.31.46.0-255,66,4734,53,375922
34625,6e-05,74.125.68.0-255,5738,10472,53,375922
34626,6.4e-05,172.31.46.0-255,66,10538,53,375922
34627,6.9e-05,74.125.68.0-255,3493,14031,53,375922
34628,7.3e-05,172.31.46.0-255,66,14097,53,375922
34629,7.9e-05,74.125.68.0-255,4320,18417,53,375922
34630,8.2e-05,172.31.46.0-255,66,18483,53,375922
34631,0.000119,74.125.68.0-255,7156,25639,53,375922
34632,0.000122,172.31.46.0-255,66,25705,53,375922
34633,0.000157,74.125.68.0-255,5379,31084,53,375922
34634,0.000161,172.31.46.0-255,66,31150,53,375922
34635,0.000574,74.125.68.0-255,1484,32634,53,375922
34636,0.00058,172.31.46.0-255,66,32700,53,375922
34637,0.000586,74.125.68.0-255,1484,34184,53,375922
34638,0.000588,172.31.46.0-255,66,34250,53,375922
34639,0.000611,74.125.68.0-255,1484,35734,53,375922
34640,0.000617,172.31.46.0-255,66,35800,53,375922
34641,0.000624,74.125.68.0-255,5738,41538,53,375922
34642,0.000626,172.31.46.0-255,66,41604,53,375922
34643,0.000633,74.125.68.0-255,5738,47342,53,375922
34644,0.000636,172.31.46.0-255,66,47408,53,375922
34645,0.000656,74.125.68.0-255,1484,48892,53,375922
34646,0.000659,172.31.46.0-255,66,48958,53,375922
34647,0.000663,74.125.68.0-255,1484,50442,53,375922
34648,0.000665,172.31.46.0-255,66,50508,53,375922
34649,0.000719,172.31.46.0-255,66,50574,53,375922
34650,0.000723,74.125.68.0-255,1484,52058,53,375922
34651,0.000752,74.125.68.0-255,2184,54242,53,375922
34652,0.000754,172.31.46.0-255,66,54308,53,375922
34653,0.000808,74.125.68.0-255,360,54668,53,375922
34654,0.000836,74.125.68.0-255,138,54806,53,375922
34655,0.000894,74.125.68.0-255,1484,56290,53,375922
34656,0.000899,172.31.46.0-255,66,56356,53,375922
34657,0.000917,74.125.68.0-255,2902,59258,53,375922
34658,0.00092,172.31.46.0-255,66,59324,53,375922
34659,0.000947,74.125.68.0-255,4320,63644,53,375922
34660,0.00095,172.31.46.0-255,66,63710,53,375922
34661,0.000975,74.125.68.0-255,1484,65194,53,375922
34662,0.00098,172.31.46.0-255,66,65260,53,375922
34663,0.001007,74.125.68.0-255,2902,68162,53,375922
34664,0.00101,172.31.46.0-255,66,68228,53,375922
34665,0.001039,74.125.68.0-255,7156,75384,53,375922
34666,0.001042,172.31.46.0-255,66,75450,53,375922
34667,0.001071,74.125.68.0-255,5297,80747,53,375922
34668,0.001075,172.31.46.0-255,66,80813,53,375922
34669,0.001418,74.125.68.0-255,1484,82297,53,375922
34670,0.001424,74.125.68.0-255,2902,85199,53,375922
34671,0.001427,172.31.46.0-255,66,85265,53,375922
34672,0.001461,74.125.68.0-255,4320,89585,53,375922
34673,0.001464,172.31.46.0-255,66,89651,53,375922
34674,0.001481,172.31.46.0-255,66,89717,53,375922
34675,0.001532,74.125.68.0-255,1484,91201,53,375922
34676,0.001537,74.125.68.0-255,2902,94103,53,375922
34677,0.001539,172.31.46.0-255,66,94169,53,375922
34678,0.001564,74.125.68.0-255,1484,95653,53,375922
34679,0.001567,74.125.68.0-255,1484,97137,53,375922
34680,0.001569,172.31.46.0-255,66,97203,53,375922
34681,0.001596,74.125.68.0-255,1484,98687,53,375922
34682,0.001599,74.125.68.0-255,1484,100171,53,375922
34683,0.001601,172.31.46.0-255,66,100237,53,375922
34684,0.001606,74.125.68.0-255,2902,103139,53,375922
34685,0.001608,172.31.46.0-255,66,103205,53,375922
34686,0.00164,74.125.68.0-255,3602,106807,53,375922
34687,0.001643,172.31.46.0-255,66,106873,53,375922
34688,0.001822,74.125.68.0-255,1484,108357,53,375922
34689,0.001857,74.125.68.0-255,2902,111259,53,375922
34690,0.001861,172.31.46.0-255,66,111325,53,375922
34691,0.001867,74.125.68.0-255,4320,115645,53,375922
34692,0.001869,172.31.46.0-255,66,115711,53,375922
34693,0.001909,74.125.68.0-255,2902,118613,53,375922
34694,0.001912,172.31.46.0-255,66,118679,53,375922
34695,0.001915,74.125.68.0-255,1484,120163,53,375922
34696,0.001943,74.125.68.0-255,2902,123065,53,375922
34697,0.001946,172.31.46.0-255,66,123131,53,375922
34698,0.001949,74.125.68.0-255,1484,124615,53,375922
34699,0.001953,74.125.68.0-255,2902,127517,53,375922
34700,0.001955,172.31.46.0-255,66,127583,53,375922
34701,0.001992,74.125.68.0-255,2902,130485,53,375922
34702,0.001995,172.31.46.0-255,66,130551,53,375922
34703,0.002028,74.125.68.0-255,4320,134871,53,375922
34704,0.002031,172.31.46.0-255,66,134937,53,375922
34705,0.00206,74.125.68.0-255,4320,139257,53,375922
34706,0.002062,172.31.46.0-255,66,139323,53,375922
34707,0.0021,74.125.68.0-255,2184,141507,53,375922
34708,0.002103,172.31.46.0-255,66,141573,53,375922
34709,0.002233,74.125.68.0-255,1484,143057,53,375922
34710,0.002284,74.125.68.0-255,2902,145959,53,375922
34711,0.002288,172.31.46.0-255,66,146025,53,375922
34712,0.002292,74.125.68.0-255,1484,147509,53,375922
34713,0.002315,74.125.68.0-255,2902,150411,53,375922
34714,0.002317,172.31.46.0-255,66,150477,53,375922
34715,0.002342,74.125.68.0-255,1484,151961,53,375922
34716,0.00462,74.125.68.0-255,4320,156281,53,375922
34717,0.004628,172.31.46.0-255,66,156347,53,375922
34718,0.006937,74.125.68.0-255,5738,162085,53,375922
34719,0.00694,172.31.46.0-255,66,162151,53,375922
34720,0.009238,74.125.68.0-255,5738,167889,53,375922
34721,0.009245,172.31.46.0-255,66,167955,53,375922
34722,0.011547,74.125.68.0-255,5738,173693,53,375922
34723,0.011556,172.31.46.0-255,66,173759,53,375922
34724,0.013842,74.125.68.0-255,4320,178079,53,375922
34725,0.013849,172.31.46.0-255,66,178145,53,375922
34726,0.013878,74.125.68.0-255,1484,179629,53,375922
34727,0.016145,74.125.68.0-255,4320,183949,53,375922
34728,0.016153,172.31.46.0-255,66,184015,53,375922
34729,0.018445,74.125.68.0-255,5738,189753,53,375922
34730,0.018452,172.31.46.0-255,66,189819,53,375922
34731,0.020754,74.125.68.0-255,5738,195557,53,375922
34732,0.020767,172.31.46.0-255,66,195623,53,375922
34733,0.023064,74.125.68.0-255,5738,201361,53,375922
34734,0.023073,172.31.46.0-255,66,201427,53,375922
34735,0.025364,74.125.68.0-255,5738,207165,53,375922
34736,0.025371,172.31.46.0-255,66,207231,53,375922
34737,0.027163,172.31.46.0-255,229,207460,53,375922
34738,0.027203,172.31.46.0-255,1112,208572,53,375922
34739,0.027268,172.31.46.0-255,1514,210086,53,375922
34740,0.02727,172.31.46.0-255,1514,211600,53,375922
34741,0.027275,172.31.46.0-255,1514,213114,53,375922
34742,0.027277,172.31.46.0-255,1514,214628,53,375922
34743,0.027295,172.31.46.0-255,482,215110,53,375922
34744,0.027666,74.125.68.0-255,4320,219430,53,375922
34745,0.027673,172.31.46.0-255,66,219496,53,375922
34746,0.027703,74.125.68.0-255,1484,220980,53,375922
34747,0.028697,104.244.42.0-255,66,221046,53,375922
34748,0.028735,104.244.42.0-255,66,221112,53,375922
34749,0.028831,104.244.42.0-255,66,221178,53,375922
34750,0.028837,104.244.42.0-255,66,221244,53,375922
34751,0.029976,74.125.68.0-255,2902,224146,53,375922
34752,0.029983,172.31.46.0-255,66,224212,53,375922
34753,0.032281,74.125.68.0-255,5738,229950,53,375922
34754,0.032287,172.31.46.0-255,66,230016,53,375922
34755,0.034598,74.125.68.0-255,5738,235754,53,375922
34756,0.034605,172.31.46.0-255,66,235820,53,375922
34757,0.036908,74.125.68.0-255,5738,241558,53,375922
34758,0.036915,172.31.46.0-255,66,241624,53,375922
34759,0.03923,74.125.68.0-255,5738,247362,53,375922
34760,0.039237,172.31.46.0-255,66,247428,53,375922
34761,0.041534,74.125.68.0-255,5738,253166,53,375922
34762,0.041539,172.31.46.0-255,66,253232,53,375922
34763,0.043841,74.125.68.0-255,5738,258970,53,375922
34764,0.043848,172.31.46.0-255,66,259036,53,375922
34765,0.046147,74.125.68.0-255,5738,264774,53,375922
34766,0.046154,172.31.46.0-255,66,264840,53,375922
34767,0.048453,74.125.68.0-255,5738,270578,53,375922
34768,0.048459,172.31.46.0-255,66,270644,53,375922
34769,0.05079,74.125.68.0-255,5738,276382,53,375922
34770,0.050795,172.31.46.0-255,66,276448,53,375922
34771,0.053093,74.125.68.0-255,5738,282186,53,375922
34772,0.053098,172.31.46.0-255,66,282252,53,375922
34773,0.055384,74.125.68.0-255,5738,287990,53,375922
34774,0.055391,172.31.46.0-255,66,288056,53,375922
34775,0.057687,74.125.68.0-255,5738,293794,53,375922
34776,0.057692,172.31.46.0-255,66,293860,53,375922
34777,0.060019,74.125.68.0-255,5738,299598,53,375922
34778,0.060025,172.31.46.0-255,66,299664,53,375922
34779,0.062325,74.125.68.0-255,5738,305402,53,375922
34780,0.062331,172.31.46.0-255,66,305468,53,375922
34781,0.064625,74.125.68.0-255,5738,311206,53,375922
34782,0.064636,172.31.46.0-255,66,311272,53,375922
34783,0.066951,74.125.68.0-255,5738,317010,53,375922
34784,0.066957,172.31.46.0-255,66,317076,53,375922
34785,0.06927,74.125.68.0-255,5738,322814,53,375922
34786,0.069277,172.31.46.0-255,66,322880,53,375922
34787,0.071569,74.125.68.0-255,5738,328618,53,375922
34788,0.071575,172.31.46.0-255,66,328684,53,375922
34789,0.073873,74.125.68.0-255,5738,334422,53,375922
34790,0.073879,172.31.46.0-255,66,334488,53,375922
34791,0.076181,74.125.68.0-255,5738,340226,53,375922
34792,0.076187,172.31.46.0-255,66,340292,53,375922
34793,0.078493,74.125.68.0-255,5738,346030,53,375922
34794,0.078499,172.31.46.0-255,66,346096,53,375922
34795,0.080837,74.125.68.0-255,5738,351834,53,375922
34796,0.080843,172.31.46.0-255,66,351900,53,375922
34797,0.083145,74.125.68.0-255,5738,357638,53,375922
34798,0.083152,172.31.46.0-255,66,357704,53,375922
34799,0.08547,74.125.68.0-255,5738,363442,53,375922
34800,0.085476,172.31.46.0-255,66,363508,53,375922
34801,0.087769,74.125.68.0-255,5738,369246,53,375922
34802,0.087775,172.31.46.0-255,66,369312,53,375922
34803,0.090068,74.125.68.0-255,5738,375050,53,375922
34804,0.090074,172.31.46.0-255,66,375116,53,375922
34805,0.09234,74.125.68.0-255,569,375685,53,375922
34806,0.092446,172.31.46.0-255,66,375751,53,375922
34807,0.092477,172.31.46.0-255,105,375856,53,375922
34808,0.094742,74.125.68.0-255,66,375922,53,375922
34809,0.0,74.125.130.0-255,152,152,53,395514
34810,1.5e-05,172.31.46.0-255,66,218,53,395514
34811,2.1e-05,74.125.130.0-255,1484,1702,53,395514
34812,2.5e-05,172.31.46.0-255,66,1768,53,395514
34813,5.5e-05,74.125.130.0-255,2902,4670,53,395514
34814,6.3e-05,172.31.46.0-255,66,4736,53,395514
34815,9e-05,74.125.130.0-255,5738,10474,53,395514
34816,9.2e-05,172.31.46.0-255,66,10540,53,395514
34817,0.00012,74.125.130.0-255,6337,16877,53,395514
34818,0.000123,172.31.46.0-255,66,16943,53,395514
34819,0.000146,74.125.130.0-255,1484,18427,53,395514
34820,0.000148,172.31.46.0-255,66,18493,53,395514
34821,0.000176,74.125.130.0-255,5738,24231,53,395514
34822,0.000178,172.31.46.0-255,66,24297,53,395514
34823,0.000184,74.125.130.0-255,5738,30035,53,395514
34824,0.000186,172.31.46.0-255,66,30101,53,395514
34825,0.000225,74.125.130.0-255,1125,31226,53,395514
34826,0.000244,172.31.46.0-255,66,31292,53,395514
34827,0.000408,74.125.130.0-255,1484,32776,53,395514
34828,0.000412,172.31.46.0-255,66,32842,53,395514
34829,0.000416,74.125.130.0-255,1484,34326,53,395514
34830,0.000418,172.31.46.0-255,66,34392,53,395514
34831,0.000445,74.125.130.0-255,2902,37294,53,395514
34832,0.000448,172.31.46.0-255,66,37360,53,395514
34833,0.000472,74.125.130.0-255,5738,43098,53,395514
34834,0.000474,172.31.46.0-255,66,43164,53,395514
34835,0.000477,74.125.130.0-255,1484,44648,53,395514
34836,0.000479,172.31.46.0-255,66,44714,53,395514
34837,0.000498,74.125.130.0-255,2902,47616,53,395514
34838,0.000504,172.31.46.0-255,66,47682,53,395514
34839,0.000518,74.125.130.0-255,1484,49166,53,395514
34840,0.000521,172.31.46.0-255,66,49232,53,395514
34841,0.000537,74.125.130.0-255,4320,53552,53,395514
34842,0.000539,172.31.46.0-255,66,53618,53,395514
34843,0.000542,74.125.130.0-255,1484,55102,53,395514
34844,0.000562,74.125.130.0-255,2902,58004,53,395514
34845,0.000565,172.31.46.0-255,66,58070,53,395514
34846,0.000575,74.125.130.0-255,2902,60972,53,395514
34847,0.000577,172.31.46.0-255,66,61038,53,395514
34848,0.000597,74.125.130.0-255,2902,63940,53,395514
34849,0.000599,172.31.46.0-255,66,64006,53,395514
34850,0.00064,74.125.130.0-255,2184,66190,53,395514
34851,0.000643,172.31.46.0-255,66,66256,53,395514
34852,0.000717,74.125.130.0-255,380,66636,53,395514
34853,0.000775,74.125.130.0-255,364,67000,53,395514
34854,0.000958,74.125.130.0-255,1484,68484,53,395514
34855,0.000962,172.31.46.0-255,66,68550,53,395514
34856,0.000981,74.125.130.0-255,2902,71452,53,395514
34857,0.000983,172.31.46.0-255,66,71518,53,395514
34858,0.000986,74.125.130.0-255,1484,73002,53,395514
34859,0.001006,74.125.130.0-255,2902,75904,53,395514
34860,0.001008,172.31.46.0-255,66,75970,53,395514
34861,0.001048,74.125.130.0-255,5738,81708,53,395514
34862,0.001051,172.31.46.0-255,66,81774,53,395514
34863,0.001074,74.125.130.0-255,7156,88930,53,395514
34864,0.001077,172.31.46.0-255,66,88996,53,395514
34865,0.001099,74.125.130.0-255,1484,90480,53,395514
34866,0.001101,74.125.130.0-255,1484,91964,53,395514
34867,0.001105,172.31.46.0-255,66,92030,53,395514
34868,0.001112,74.125.130.0-255,1484,93514,53,395514
34869,0.001142,74.125.130.0-255,5738,99252,53,395514
34870,0.001144,172.31.46.0-255,66,99318,53,395514
34871,0.001184,74.125.130.0-255,2184,101502,53,395514
34872,0.001187,172.31.46.0-255,66,101568,53,395514
34873,0.001321,74.125.130.0-255,1484,103052,53,395514
34874,0.001333,74.125.130.0-255,1484,104536,53,395514
34875,0.001336,172.31.46.0-255,66,104602,53,395514
34876,0.001354,74.125.130.0-255,2902,107504,53,395514
34877,0.001357,172.31.46.0-255,66,107570,53,395514
34878,0.001393,74.125.130.0-255,5738,113308,53,395514
34879,0.001396,172.31.46.0-255,66,113374,53,395514
34880,0.001444,74.125.130.0-255,7156,120530,53,395514
34881,0.001447,172.31.46.0-255,66,120596,53,395514
34882,0.001453,74.125.130.0-255,4320,124916,53,395514
34883,0.001455,172.31.46.0-255,66,124982,53,395514
34884,0.001475,74.125.130.0-255,5738,130720,53,395514
34885,0.001482,172.31.46.0-255,66,130786,53,395514
34886,0.001495,74.125.130.0-255,4320,135106,53,395514
34887,0.001502,172.31.46.0-255,66,135172,53,395514
34888,0.001533,74.125.130.0-255,766,135938,53,395514
34889,0.00186,74.125.130.0-255,1484,137422,53,395514
34890,0.001864,172.31.46.0-255,66,137488,53,395514
34891,0.001884,74.125.130.0-255,2902,140390,53,395514
34892,0.001886,172.31.46.0-255,66,140456,53,395514
34893,0.001914,74.125.130.0-255,4320,144776,53,395514
34894,0.001917,172.31.46.0-255,66,144842,53,395514
34895,0.001954,74.125.130.0-255,5738,150580,53,395514
34896,0.001957,172.31.46.0-255,66,150646,53,395514
34897,0.002002,74.125.130.0-255,2902,153548,53,395514
34898,0.002005,172.31.46.0-255,66,153614,53,395514
34899,0.002032,74.125.130.0-255,2902,156516,53,395514
34900,0.002039,74.125.130.0-255,7156,163672,53,395514
34901,0.002041,74.125.130.0-255,1484,165156,53,395514
34902,0.002044,172.31.46.0-255,66,165222,53,395514
34903,0.002047,172.31.46.0-255,66,165288,53,395514
34904,0.002096,74.125.130.0-255,2902,168190,53,395514
34905,0.002099,172.31.46.0-255,66,168256,53,395514
34906,0.002108,74.125.130.0-255,2184,170440,53,395514
34907,0.002115,172.31.46.0-255,66,170506,53,395514
34908,0.004622,74.125.130.0-255,5738,176244,53,395514
34909,0.004634,172.31.46.0-255,66,176310,53,395514
34910,0.006733,172.31.46.0-255,101,176411,53,395514
34911,0.007149,74.125.130.0-255,5738,182149,53,395514
34912,0.007154,172.31.46.0-255,66,182215,53,395514
34913,0.009212,74.125.130.0-255,66,182281,53,395514
34914,0.009672,74.125.130.0-255,5738,188019,53,395514
34915,0.009679,172.31.46.0-255,66,188085,53,395514
34916,0.012208,74.125.130.0-255,5738,193823,53,395514
34917,0.012223,172.31.46.0-255,66,193889,53,395514
34918,0.014744,74.125.130.0-255,5738,199627,53,395514
34919,0.014759,172.31.46.0-255,66,199693,53,395514
34920,0.017279,74.125.130.0-255,5738,205431,53,395514
34921,0.017291,172.31.46.0-255,66,205497,53,395514
34922,0.019823,74.125.130.0-255,5738,211235,53,395514
34923,0.019838,172.31.46.0-255,66,211301,53,395514
34924,0.022399,74.125.130.0-255,5738,217039,53,395514
34925,0.022407,172.31.46.0-255,66,217105,53,395514
34926,0.024928,74.125.130.0-255,5738,222843,53,395514
34927,0.024938,172.31.46.0-255,66,222909,53,395514
34928,0.027454,74.125.130.0-255,5738,228647,53,395514
34929,0.027462,172.31.46.0-255,66,228713,53,395514
34930,0.029693,172.31.46.0-255,172,228885,53,395514
34931,0.02973,172.31.46.0-255,1112,229997,53,395514
34932,0.029795,172.31.46.0-255,1514,231511,53,395514
34933,0.029797,172.31.46.0-255,1293,232804,53,395514
34934,0.029976,74.125.130.0-255,5738,238542,53,395514
34935,0.029985,172.31.46.0-255,66,238608,53,395514
34936,0.031268,104.244.42.0-255,66,238674,53,395514
34937,0.031299,104.244.42.0-255,66,238740,53,395514
34938,0.03134,104.244.42.0-255,66,238806,53,395514
34939,0.032514,74.125.130.0-255,5738,244544,53,395514
34940,0.032519,172.31.46.0-255,66,244610,53,395514
34941,0.035049,74.125.130.0-255,5738,250348,53,395514
34942,0.035062,172.31.46.0-255,66,250414,53,395514
34943,0.037575,74.125.130.0-255,5738,256152,53,395514
34944,0.037583,172.31.46.0-255,66,256218,53,395514
34945,0.040119,74.125.130.0-255,5738,261956,53,395514
34946,0.040131,172.31.46.0-255,66,262022,53,395514
34947,0.042655,74.125.130.0-255,5738,267760,53,395514
34948,0.042663,172.31.46.0-255,66,267826,53,395514
34949,0.045186,74.125.130.0-255,5738,273564,53,395514
34950,0.045194,172.31.46.0-255,66,273630,53,395514
34951,0.047722,74.125.130.0-255,5738,279368,53,395514
34952,0.04773,172.31.46.0-255,66,279434,53,395514
34953,0.050243,74.125.130.0-255,5738,285172,53,395514
34954,0.050251,172.31.46.0-255,66,285238,53,395514
34955,0.052787,74.125.130.0-255,5738,290976,53,395514
34956,0.052795,172.31.46.0-255,66,291042,53,395514
34957,0.055319,74.125.130.0-255,5738,296780,53,395514
34958,0.055328,172.31.46.0-255,66,296846,53,395514
34959,0.057854,74.125.130.0-255,5738,302584,53,395514
34960,0.057861,172.31.46.0-255,66,302650,53,395514
34961,0.060381,74.125.130.0-255,5738,308388,53,395514
34962,0.060393,172.31.46.0-255,66,308454,53,395514
34963,0.062917,74.125.130.0-255,5738,314192,53,395514
34964,0.062925,172.31.46.0-255,66,314258,53,395514
34965,0.065448,74.125.130.0-255,5738,319996,53,395514
34966,0.065459,172.31.46.0-255,66,320062,53,395514
34967,0.067988,74.125.130.0-255,5738,325800,53,395514
34968,0.067999,172.31.46.0-255,66,325866,53,395514
34969,0.070546,74.125.130.0-255,5738,331604,53,395514
34970,0.070559,172.31.46.0-255,66,331670,53,395514
34971,0.073077,74.125.130.0-255,5738,337408,53,395514
34972,0.073086,172.31.46.0-255,66,337474,53,395514
34973,0.075613,74.125.130.0-255,5738,343212,53,395514
34974,0.075625,172.31.46.0-255,66,343278,53,395514
34975,0.078159,74.125.130.0-255,5738,349016,53,395514
34976,0.078169,172.31.46.0-255,66,349082,53,395514
34977,0.080693,74.125.130.0-255,5738,354820,53,395514
34978,0.080702,172.31.46.0-255,66,354886,53,395514
34979,0.083233,74.125.130.0-255,5738,360624,53,395514
34980,0.08324,172.31.46.0-255,66,360690,53,395514
34981,0.085774,74.125.130.0-255,5738,366428,53,395514
34982,0.085785,172.31.46.0-255,66,366494,53,395514
34983,0.088317,74.125.130.0-255,5738,372232,53,395514
34984,0.088326,172.31.46.0-255,66,372298,53,395514
34985,0.090854,74.125.130.0-255,5738,378036,53,395514
34986,0.090863,172.31.46.0-255,66,378102,53,395514
34987,0.093392,74.125.130.0-255,5738,383840,53,395514
34988,0.093404,172.31.46.0-255,66,383906,53,395514
34989,0.095916,74.125.130.0-255,5738,389644,53,395514
34990,0.095925,172.31.46.0-255,66,389710,53,395514
34991,0.098453,74.125.130.0-255,5738,395448,53,395514
34992,0.098461,172.31.46.0-255,66,395514,53,395514
34993,0.0,74.125.24.0-255,145,145,53,336029
34994,1.8e-05,172.31.46.0-255,66,211,53,336029
34995,4.1e-05,74.125.24.0-255,1484,1695,53,336029
34996,4.5e-05,172.31.46.0-255,66,1761,53,336029
34997,5e-05,74.125.24.0-255,2902,4663,53,336029
34998,5.2e-05,172.31.46.0-255,66,4729,53,336029
34999,5.7e-05,74.125.24.0-255,4320,9049,53,336029
35000,6e-05,172.31.46.0-255,66,9115,53,336029
35001,6.7e-05,74.125.24.0-255,7156,16271,53,336029
35002,7e-05,172.31.46.0-255,66,16337,53,336029
35003,0.00011,74.125.24.0-255,4918,21255,53,336029
35004,0.000113,172.31.46.0-255,66,21321,53,336029
35005,0.000127,172.31.46.0-255,66,21387,53,336029
35006,0.000148,74.125.24.0-255,1484,22871,53,336029
35007,0.00015,172.31.46.0-255,66,22937,53,336029
35008,0.000153,74.125.24.0-255,1484,24421,53,336029
35009,0.000155,172.31.46.0-255,66,24487,53,336029
35010,0.000176,74.125.24.0-255,1484,25971,53,336029
35011,0.000177,172.31.46.0-255,66,26037,53,336029
35012,0.000186,74.125.24.0-255,5738,31775,53,336029
35013,0.000188,172.31.46.0-255,66,31841,53,336029
35014,0.000195,74.125.24.0-255,6797,38638,53,336029
35015,0.000196,172.31.46.0-255,66,38704,53,336029
35016,0.000232,74.125.24.0-255,1484,40188,53,336029
35017,0.000234,172.31.46.0-255,66,40254,53,336029
35018,0.000239,74.125.24.0-255,2902,43156,53,336029
35019,0.00024,172.31.46.0-255,66,43222,53,336029
35020,0.000265,74.125.24.0-255,5738,48960,53,336029
35021,0.000267,172.31.46.0-255,66,49026,53,336029
35022,0.000278,74.125.24.0-255,1484,50510,53,336029
35023,0.00028,172.31.46.0-255,66,50576,53,336029
35024,0.000303,74.125.24.0-255,5713,56289,53,336029
35025,0.000305,172.31.46.0-255,66,56355,53,336029
35026,0.000469,74.125.24.0-255,108,56463,53,336029
35027,0.000482,74.125.24.0-255,333,56796,53,336029
35028,0.000662,74.125.24.0-255,1484,58280,53,336029
35029,0.000667,172.31.46.0-255,66,58346,53,336029
35030,0.00067,74.125.24.0-255,1484,59830,53,336029
35031,0.000694,74.125.24.0-255,1484,61314,53,336029
35032,0.000696,172.31.46.0-255,66,61380,53,336029
35033,0.000702,74.125.24.0-255,5738,67118,53,336029
35034,0.000704,172.31.46.0-255,66,67184,53,336029
35035,0.000739,74.125.24.0-255,2902,70086,53,336029
35036,0.000742,172.31.46.0-255,66,70152,53,336029
35037,0.00079,172.31.46.0-255,66,70218,53,336029
35038,0.000801,172.31.46.0-255,66,70284,53,336029
35039,0.001511,74.125.24.0-255,1484,71768,53,336029
35040,0.00152,74.125.24.0-255,2902,74670,53,336029
35041,0.001523,172.31.46.0-255,66,74736,53,336029
35042,0.001556,74.125.24.0-255,5738,80474,53,336029
35043,0.001558,172.31.46.0-255,66,80540,53,336029
35044,0.001563,74.125.24.0-255,2902,83442,53,336029
35045,0.001564,172.31.46.0-255,66,83508,53,336029
35046,0.001598,172.31.46.0-255,66,83574,53,336029
35047,0.001641,172.31.46.0-255,66,83640,53,336029
35048,0.002272,74.125.24.0-255,1484,85124,53,336029
35049,0.002279,74.125.24.0-255,2902,88026,53,336029
35050,0.002283,172.31.46.0-255,66,88092,53,336029
35051,0.00229,74.125.24.0-255,5738,93830,53,336029
35052,0.002292,172.31.46.0-255,66,93896,53,336029
35053,0.002324,172.31.46.0-255,66,93962,53,336029
35054,0.004596,74.125.24.0-255,5738,99700,53,336029
35055,0.004599,172.31.46.0-255,66,99766,53,336029
35056,0.006863,74.125.24.0-255,5738,105504,53,336029
35057,0.006871,172.31.46.0-255,66,105570,53,336029
35058,0.009139,74.125.24.0-255,5738,111308,53,336029
35059,0.009149,172.31.46.0-255,66,111374,53,336029
35060,0.011437,74.125.24.0-255,5738,117112,53,336029
35061,0.01145,172.31.46.0-255,66,117178,53,336029
35062,0.013723,74.125.24.0-255,5738,122916,53,336029
35063,0.013737,172.31.46.0-255,66,122982,53,336029
35064,0.016025,74.125.24.0-255,5738,128720,53,336029
35065,0.016039,172.31.46.0-255,66,128786,53,336029
35066,0.018327,74.125.24.0-255,5738,134524,53,336029
35067,0.018339,172.31.46.0-255,66,134590,53,336029
35068,0.020613,74.125.24.0-255,5738,140328,53,336029
35069,0.020627,172.31.46.0-255,66,140394,53,336029
35070,0.022895,74.125.24.0-255,5738,146132,53,336029
35071,0.022904,172.31.46.0-255,66,146198,53,336029
35072,0.025158,74.125.24.0-255,5738,151936,53,336029
35073,0.025166,172.31.46.0-255,66,152002,53,336029
35074,0.027422,74.125.24.0-255,5738,157740,53,336029
35075,0.027427,172.31.46.0-255,66,157806,53,336029
35076,0.028347,172.31.46.0-255,172,157978,53,336029
35077,0.02838,172.31.46.0-255,1112,159090,53,336029
35078,0.028444,172.31.46.0-255,1514,160604,53,336029
35079,0.028446,172.31.46.0-255,1514,162118,53,336029
35080,0.028469,172.31.46.0-255,702,162820,53,336029
35081,0.029679,74.125.24.0-255,5738,168558,53,336029
35082,0.029688,172.31.46.0-255,66,168624,53,336029
35083,0.02987,104.244.42.0-255,66,168690,53,336029
35084,0.029887,104.244.42.0-255,66,168756,53,336029
35085,0.029972,104.244.42.0-255,66,168822,53,336029
35086,0.029978,104.244.42.0-255,66,168888,53,336029
35087,0.030692,104.244.42.0-255,108,168996,53,336029
35088,0.0307,172.31.46.0-255,66,169062,53,336029
35089,0.031917,74.125.24.0-255,5738,174800,53,336029
35090,0.031922,172.31.46.0-255,66,174866,53,336029
35091,0.034185,74.125.24.0-255,5738,180604,53,336029
35092,0.034192,172.31.46.0-255,66,180670,53,336029
35093,0.036433,74.125.24.0-255,5738,186408,53,336029
35094,0.036439,172.31.46.0-255,66,186474,53,336029
35095,0.038666,74.125.24.0-255,5738,192212,53,336029
35096,0.038672,172.31.46.0-255,66,192278,53,336029
35097,0.040976,74.125.24.0-255,5738,198016,53,336029
35098,0.040986,172.31.46.0-255,66,198082,53,336029
35099,0.043268,74.125.24.0-255,5738,203820,53,336029
35100,0.043274,172.31.46.0-255,66,203886,53,336029
35101,0.045555,74.125.24.0-255,5738,209624,53,336029
35102,0.045562,172.31.46.0-255,66,209690,53,336029
35103,0.047823,74.125.24.0-255,5738,215428,53,336029
35104,0.047829,172.31.46.0-255,66,215494,53,336029
35105,0.05006,74.125.24.0-255,5738,221232,53,336029
35106,0.050065,172.31.46.0-255,66,221298,53,336029
35107,0.052353,74.125.24.0-255,5738,227036,53,336029
35108,0.052359,172.31.46.0-255,66,227102,53,336029
35109,0.054697,74.125.24.0-255,5738,232840,53,336029
35110,0.054703,172.31.46.0-255,66,232906,53,336029
35111,0.057,74.125.24.0-255,5738,238644,53,336029
35112,0.057005,172.31.46.0-255,66,238710,53,336029
35113,0.059288,74.125.24.0-255,5738,244448,53,336029
35114,0.059293,172.31.46.0-255,66,244514,53,336029
35115,0.061575,74.125.24.0-255,5738,250252,53,336029
35116,0.06158,172.31.46.0-255,66,250318,53,336029
35117,0.063857,74.125.24.0-255,5738,256056,53,336029
35118,0.063862,172.31.46.0-255,66,256122,53,336029
35119,0.066122,74.125.24.0-255,5738,261860,53,336029
35120,0.066127,172.31.46.0-255,66,261926,53,336029
35121,0.068378,74.125.24.0-255,5738,267664,53,336029
35122,0.068384,172.31.46.0-255,66,267730,53,336029
35123,0.070657,74.125.24.0-255,5738,273468,53,336029
35124,0.070662,172.31.46.0-255,66,273534,53,336029
35125,0.072916,74.125.24.0-255,5738,279272,53,336029
35126,0.072922,172.31.46.0-255,66,279338,53,336029
35127,0.075154,74.125.24.0-255,5738,285076,53,336029
35128,0.075159,172.31.46.0-255,66,285142,53,336029
35129,0.07742,74.125.24.0-255,5738,290880,53,336029
35130,0.077426,172.31.46.0-255,66,290946,53,336029
35131,0.079746,74.125.24.0-255,5738,296684,53,336029
35132,0.079751,172.31.46.0-255,66,296750,53,336029
35133,0.082017,74.125.24.0-255,5738,302488,53,336029
35134,0.082023,172.31.46.0-255,66,302554,53,336029
35135,0.084271,74.125.24.0-255,5738,308292,53,336029
35136,0.084276,172.31.46.0-255,66,308358,53,336029
35137,0.086534,74.125.24.0-255,5738,314096,53,336029
35138,0.086539,172.31.46.0-255,66,314162,53,336029
35139,0.088774,74.125.24.0-255,5738,319900,53,336029
35140,0.088779,172.31.46.0-255,66,319966,53,336029
35141,0.091052,74.125.24.0-255,5738,325704,53,336029
35142,0.091057,172.31.46.0-255,66,325770,53,336029
35143,0.093316,74.125.24.0-255,5738,331508,53,336029
35144,0.093322,172.31.46.0-255,66,331574,53,336029
35145,0.095549,74.125.24.0-255,4218,335792,53,336029
35146,0.095555,172.31.46.0-255,66,335858,53,336029
35147,0.095718,172.31.46.0-255,105,335963,53,336029
35148,0.09797,74.125.24.0-255,66,336029,53,336029
35149,0.0,74.125.24.0-255,146,146,53,326977
35150,2.3e-05,172.31.46.0-255,66,212,53,326977
35151,2.9e-05,74.125.24.0-255,1484,1696,53,326977
35152,3.4e-05,172.31.46.0-255,66,1762,53,326977
35153,3.9e-05,74.125.24.0-255,2902,4664,53,326977
35154,4.2e-05,172.31.46.0-255,66,4730,53,326977
35155,4.8e-05,74.125.24.0-255,4320,9050,53,326977
35156,5e-05,172.31.46.0-255,66,9116,53,326977
35157,8.1e-05,74.125.24.0-255,1484,10600,53,326977
35158,8.4e-05,172.31.46.0-255,66,10666,53,326977
35159,9.8e-05,74.125.24.0-255,3494,14160,53,326977
35160,0.000101,172.31.46.0-255,66,14226,53,326977
35161,0.000405,74.125.24.0-255,1484,15710,53,326977
35162,0.00041,172.31.46.0-255,66,15776,53,326977
35163,0.000416,74.125.24.0-255,2902,18678,53,326977
35164,0.000419,172.31.46.0-255,66,18744,53,326977
35165,0.000424,74.125.24.0-255,2902,21646,53,326977
35166,0.000427,172.31.46.0-255,66,21712,53,326977
35167,0.000442,74.125.24.0-255,2902,24614,53,326977
35168,0.000445,172.31.46.0-255,66,24680,53,326977
35169,0.00045,74.125.24.0-255,4320,29000,53,326977
35170,0.000452,172.31.46.0-255,66,29066,53,326977
35171,0.000489,74.125.24.0-255,2543,31609,53,326977
35172,0.000492,172.31.46.0-255,66,31675,53,326977
35173,0.00054,74.125.24.0-255,2902,34577,53,326977
35174,0.000544,74.125.24.0-255,2902,37479,53,326977
35175,0.000549,172.31.46.0-255,66,37545,53,326977
35176,0.000551,172.31.46.0-255,66,37611,53,326977
35177,0.000559,74.125.24.0-255,1484,39095,53,326977
35178,0.000562,172.31.46.0-255,66,39161,53,326977
35179,0.000574,172.31.46.0-255,66,39227,53,326977
35180,0.00062,172.31.46.0-255,66,39293,53,326977
35181,0.000656,172.31.46.0-255,66,39359,53,326977
35182,0.000684,74.125.24.0-255,646,40005,53,326977
35183,0.000686,172.31.46.0-255,66,40071,53,326977
35184,0.001004,74.125.24.0-255,1484,41555,53,326977
35185,0.001009,172.31.46.0-255,66,41621,53,326977
35186,0.001014,74.125.24.0-255,2902,44523,53,326977
35187,0.001016,172.31.46.0-255,66,44589,53,326977
35188,0.001033,74.125.24.0-255,5738,50327,53,326977
35189,0.001035,172.31.46.0-255,66,50393,53,326977
35190,0.001056,74.125.24.0-255,7156,57549,53,326977
35191,0.001058,172.31.46.0-255,66,57615,53,326977
35192,0.001083,74.125.24.0-255,5738,63353,53,326977
35193,0.001086,172.31.46.0-255,66,63419,53,326977
35194,0.001106,74.125.24.0-255,5738,69157,53,326977
35195,0.001109,172.31.46.0-255,66,69223,53,326977
35196,0.001128,74.125.24.0-255,5020,74243,53,326977
35197,0.001131,172.31.46.0-255,66,74309,53,326977
35198,0.001594,74.125.24.0-255,1484,75793,53,326977
35199,0.0016,172.31.46.0-255,66,75859,53,326977
35200,0.001622,74.125.24.0-255,2902,78761,53,326977
35201,0.001625,172.31.46.0-255,66,78827,53,326977
35202,0.001631,74.125.24.0-255,4320,83147,53,326977
35203,0.001633,172.31.46.0-255,66,83213,53,326977
35204,0.001638,74.125.24.0-255,2902,86115,53,326977
35205,0.00164,172.31.46.0-255,66,86181,53,326977
35206,0.001664,74.125.24.0-255,5738,91919,53,326977
35207,0.001668,74.125.24.0-255,1484,93403,53,326977
35208,0.001713,74.125.24.0-255,5738,99141,53,326977
35209,0.00175,74.125.24.0-255,1484,100625,53,326977
35210,0.001779,74.125.24.0-255,6438,107063,53,326977
35211,0.001822,74.125.24.0-255,7156,114219,53,326977
35212,0.001836,74.125.24.0-255,2902,117121,53,326977
35213,0.00185,74.125.24.0-255,5738,122859,53,326977
35214,0.001906,74.125.24.0-255,5738,128597,53,326977
35215,0.001909,74.125.24.0-255,766,129363,53,326977
35216,0.002015,74.125.24.0-255,1484,130847,53,326977
35217,0.00202,74.125.24.0-255,1484,132331,53,326977
35218,0.002036,74.125.24.0-255,1484,133815,53,326977
35219,0.002042,74.125.24.0-255,4320,138135,53,326977
35220,0.002056,74.125.24.0-255,1484,139619,53,326977
35221,0.00208,74.125.24.0-255,5738,145357,53,326977
35222,0.002096,74.125.24.0-255,5738,151095,53,326977
35223,0.002156,74.125.24.0-255,7156,158251,53,326977
35224,0.002177,74.125.24.0-255,5020,163271,53,326977
35225,0.00218,74.125.24.0-255,1484,164755,53,326977
35226,0.002185,74.125.24.0-255,2902,167657,53,326977
35227,0.002192,74.125.24.0-255,5738,173395,53,326977
35228,0.002238,74.125.24.0-255,4320,177715,53,326977
35229,0.002272,74.125.24.0-255,2184,179899,53,326977
35230,0.006007,172.31.46.0-255,66,179965,53,326977
35231,0.008277,74.125.24.0-255,5738,185703,53,326977
35232,0.008282,172.31.46.0-255,66,185769,53,326977
35233,0.010541,74.125.24.0-255,5738,191507,53,326977
35234,0.010548,172.31.46.0-255,66,191573,53,326977
35235,0.012827,74.125.24.0-255,5738,197311,53,326977
35236,0.012835,172.31.46.0-255,66,197377,53,326977
35237,0.01511,74.125.24.0-255,5738,203115,53,326977
35238,0.01523,172.31.46.0-255,66,203181,53,326977
35239,0.017485,74.125.24.0-255,5738,208919,53,326977
35240,0.017496,172.31.46.0-255,66,208985,53,326977
35241,0.019748,74.125.24.0-255,5738,214723,53,326977
35242,0.019757,172.31.46.0-255,66,214789,53,326977
35243,0.022004,74.125.24.0-255,5738,220527,53,326977
35244,0.022012,172.31.46.0-255,66,220593,53,326977
35245,0.024281,74.125.24.0-255,5738,226331,53,326977
35246,0.024288,172.31.46.0-255,66,226397,53,326977
35247,0.026562,74.125.24.0-255,5738,232135,53,326977
35248,0.026573,172.31.46.0-255,66,232201,53,326977
35249,0.028845,74.125.24.0-255,5738,237939,53,326977
35250,0.028853,172.31.46.0-255,66,238005,53,326977
35251,0.031101,74.125.24.0-255,5738,243743,53,326977
35252,0.031108,172.31.46.0-255,66,243809,53,326977
35253,0.033059,172.31.46.0-255,188,243997,53,326977
35254,0.033092,172.31.46.0-255,953,244950,53,326977
35255,0.03315,172.31.46.0-255,1514,246464,53,326977
35256,0.033152,172.31.46.0-255,1450,247914,53,326977
35257,0.033402,74.125.24.0-255,5738,253652,53,326977
35258,0.033409,172.31.46.0-255,66,253718,53,326977
35259,0.03465,104.244.42.0-255,66,253784,53,326977
35260,0.034685,104.244.42.0-255,66,253850,53,326977
35261,0.034773,104.244.42.0-255,66,253916,53,326977
35262,0.035658,74.125.24.0-255,5738,259654,53,326977
35263,0.035663,172.31.46.0-255,66,259720,53,326977
35264,0.037904,74.125.24.0-255,5738,265458,53,326977
35265,0.037911,172.31.46.0-255,66,265524,53,326977
35266,0.04021,74.125.24.0-255,5738,271262,53,326977
35267,0.040217,172.31.46.0-255,66,271328,53,326977
35268,0.041619,104.244.42.0-255,108,271436,53,326977
35269,0.041636,172.31.46.0-255,66,271502,53,326977
35270,0.042484,74.125.24.0-255,5738,277240,53,326977
35271,0.042489,172.31.46.0-255,66,277306,53,326977
35272,0.044761,74.125.24.0-255,5738,283044,53,326977
35273,0.044769,172.31.46.0-255,66,283110,53,326977
35274,0.047046,74.125.24.0-255,5738,288848,53,326977
35275,0.047053,172.31.46.0-255,66,288914,53,326977
35276,0.049338,74.125.24.0-255,5738,294652,53,326977
35277,0.049344,172.31.46.0-255,66,294718,53,326977
35278,0.051592,74.125.24.0-255,5738,300456,53,326977
35279,0.051598,172.31.46.0-255,66,300522,53,326977
35280,0.053867,74.125.24.0-255,5738,306260,53,326977
35281,0.053877,172.31.46.0-255,66,306326,53,326977
35282,0.056133,74.125.24.0-255,5738,312064,53,326977
35283,0.05614,172.31.46.0-255,66,312130,53,326977
35284,0.058422,74.125.24.0-255,5738,317868,53,326977
35285,0.058428,172.31.46.0-255,66,317934,53,326977
35286,0.060731,74.125.24.0-255,5738,323672,53,326977
35287,0.060737,172.31.46.0-255,66,323738,53,326977
35288,0.062992,74.125.24.0-255,3002,326740,53,326977
35289,0.062998,172.31.46.0-255,66,326806,53,326977
35290,0.063163,172.31.46.0-255,105,326911,53,326977
35291,0.065386,74.125.24.0-255,66,326977,53,326977
35292,0.0,172.217.194.0-255,150,150,53,218862
35293,2.4e-05,172.31.46.0-255,66,216,53,218862
35294,3.1e-05,172.217.194.0-255,1484,1700,53,218862
35295,3.5e-05,172.31.46.0-255,66,1766,53,218862
35296,4.2e-05,172.217.194.0-255,2902,4668,53,218862
35297,5.9e-05,172.31.46.0-255,66,4734,53,218862
35298,6.5e-05,172.217.194.0-255,4320,9054,53,218862
35299,6.9e-05,172.31.46.0-255,66,9120,53,218862
35300,9.3e-05,172.217.194.0-255,4925,14045,53,218862
35301,9.6e-05,172.31.46.0-255,66,14111,53,218862
35302,0.000639,172.217.194.0-255,1484,15595,53,218862
35303,0.000646,172.31.46.0-255,66,15661,53,218862
35304,0.000656,172.217.194.0-255,2902,18563,53,218862
35305,0.00066,172.31.46.0-255,66,18629,53,218862
35306,0.000667,172.217.194.0-255,5738,24367,53,218862
35307,0.000669,172.31.46.0-255,66,24433,53,218862
35308,0.000721,172.31.46.0-255,66,24499,53,218862
35309,0.000733,172.31.46.0-255,66,24565,53,218862
35310,0.000748,172.217.194.0-255,2902,27467,53,218862
35311,0.000751,172.31.46.0-255,66,27533,53,218862
35312,0.000799,172.31.46.0-255,66,27599,53,218862
35313,0.000802,172.217.194.0-255,398,27997,53,218862
35314,0.000804,172.31.46.0-255,66,28063,53,218862
35315,0.000821,172.217.194.0-255,1484,29547,53,218862
35316,0.000824,172.31.46.0-255,66,29613,53,218862
35317,0.00083,172.217.194.0-255,4320,33933,53,218862
35318,0.000832,172.31.46.0-255,66,33999,53,218862
35319,0.000837,172.217.194.0-255,4320,38319,53,218862
35320,0.00084,172.31.46.0-255,66,38385,53,218862
35321,0.000872,172.217.194.0-255,5738,44123,53,218862
35322,0.000876,172.31.46.0-255,66,44189,53,218862
35323,0.000901,172.217.194.0-255,7156,51345,53,218862
35324,0.000904,172.31.46.0-255,66,51411,53,218862
35325,0.00091,172.217.194.0-255,4320,55731,53,218862
35326,0.000912,172.31.46.0-255,66,55797,53,218862
35327,0.000942,172.217.194.0-255,6438,62235,53,218862
35328,0.000946,172.31.46.0-255,66,62301,53,218862
35329,0.000959,172.31.46.0-255,66,62367,53,218862
35330,0.000995,172.217.194.0-255,4320,66687,53,218862
35331,0.000998,172.31.46.0-255,66,66753,53,218862
35332,0.001016,172.217.194.0-255,7156,73909,53,218862
35333,0.001019,172.31.46.0-255,66,73975,53,218862
35334,0.001033,172.31.46.0-255,66,74041,53,218862
35335,0.001209,172.217.194.0-255,1484,75525,53,218862
35336,0.001229,172.217.194.0-255,1484,77009,53,218862
35337,0.001232,172.31.46.0-255,66,77075,53,218862
35338,0.001253,172.217.194.0-255,1484,78559,53,218862
35339,0.00126,172.217.194.0-255,5738,84297,53,218862
35340,0.001263,172.31.46.0-255,66,84363,53,218862
35341,0.001274,172.31.46.0-255,66,84429,53,218862
35342,0.001292,172.217.194.0-255,1484,85913,53,218862
35343,0.001312,172.31.46.0-255,66,85979,53,218862
35344,0.001332,172.217.194.0-255,5020,90999,53,218862
35345,0.001334,172.31.46.0-255,66,91065,53,218862
35346,0.001348,172.217.194.0-255,4320,95385,53,218862
35347,0.001351,172.31.46.0-255,66,95451,53,218862
35348,0.001383,172.217.194.0-255,1484,96935,53,218862
35349,0.001391,172.217.194.0-255,7156,104091,53,218862
35350,0.001394,172.31.46.0-255,66,104157,53,218862
35351,0.001401,172.217.194.0-255,5738,109895,53,218862
35352,0.001403,172.31.46.0-255,66,109961,53,218862
35353,0.001437,172.31.46.0-255,66,110027,53,218862
35354,0.00144,172.217.194.0-255,2902,112929,53,218862
35355,0.001442,172.31.46.0-255,66,112995,53,218862
35356,0.001459,172.217.194.0-255,3602,116597,53,218862
35357,0.001461,172.31.46.0-255,66,116663,53,218862
35358,0.001508,172.217.194.0-255,2902,119565,53,218862
35359,0.001512,172.31.46.0-255,66,119631,53,218862
35360,0.00153,172.217.194.0-255,1484,121115,53,218862
35361,0.001537,172.217.194.0-255,5738,126853,53,218862
35362,0.001539,172.31.46.0-255,66,126919,53,218862
35363,0.001546,172.217.194.0-255,5738,132657,53,218862
35364,0.001548,172.31.46.0-255,66,132723,53,218862
35365,0.001582,172.217.194.0-255,5738,138461,53,218862
35366,0.001585,172.31.46.0-255,66,138527,53,218862
35367,0.001598,172.31.46.0-255,66,138593,53,218862
35368,0.00162,172.217.194.0-255,1484,140077,53,218862
35369,0.001639,172.217.194.0-255,2902,142979,53,218862
35370,0.001641,172.31.46.0-255,66,143045,53,218862
35371,0.00166,172.217.194.0-255,5738,148783,53,218862
35372,0.001663,172.31.46.0-255,66,148849,53,218862
35373,0.001667,172.217.194.0-255,2902,151751,53,218862
35374,0.001669,172.31.46.0-255,66,151817,53,218862
35375,0.001705,172.217.194.0-255,7156,158973,53,218862
35376,0.001709,172.31.46.0-255,66,159039,53,218862
35377,0.001733,172.217.194.0-255,2902,161941,53,218862
35378,0.001735,172.31.46.0-255,66,162007,53,218862
35379,0.001749,172.31.46.0-255,66,162073,53,218862
35380,0.001779,172.217.194.0-255,1484,163557,53,218862
35381,0.001785,172.217.194.0-255,2902,166459,53,218862
35382,0.001787,172.31.46.0-255,66,166525,53,218862
35383,0.001803,172.217.194.0-255,2902,169427,53,218862
35384,0.001805,172.31.46.0-255,66,169493,53,218862
35385,0.001818,172.217.194.0-255,2902,172395,53,218862
35386,0.001821,172.31.46.0-255,66,172461,53,218862
35387,0.001828,172.217.194.0-255,7156,179617,53,218862
35388,0.00183,172.31.46.0-255,66,179683,53,218862
35389,0.001849,172.217.194.0-255,1484,181167,53,218862
35390,0.001897,172.31.46.0-255,66,181233,53,218862
35391,0.001923,172.217.194.0-255,5020,186253,53,218862
35392,0.001926,172.31.46.0-255,66,186319,53,218862
35393,0.001943,172.31.46.0-255,66,186385,53,218862
35394,0.001974,172.217.194.0-255,5738,192123,53,218862
35395,0.001996,172.217.194.0-255,2902,195025,53,218862
35396,0.002024,172.217.194.0-255,2902,197927,53,218862
35397,0.002074,172.217.194.0-255,4320,202247,53,218862
35398,0.002102,172.217.194.0-255,6905,209152,53,218862
35399,0.002105,172.217.194.0-255,97,209249,53,218862
35400,0.002158,172.217.194.0-255,105,209354,53,218862
35401,0.004576,172.31.46.0-255,66,209420,53,218862
35402,0.007415,172.31.46.0-255,105,209525,53,218862
35403,0.009769,172.217.194.0-255,66,209591,53,218862
35404,0.032367,172.31.46.0-255,172,209763,53,218862
35405,0.032404,172.31.46.0-255,1111,210874,53,218862
35406,0.032488,172.31.46.0-255,1514,212388,53,218862
35407,0.032489,172.31.46.0-255,1514,213902,53,218862
35408,0.032491,172.31.46.0-255,1514,215416,53,218862
35409,0.032492,172.31.46.0-255,1514,216930,53,218862
35410,0.032527,172.31.46.0-255,1494,218424,53,218862
35411,0.034042,104.244.42.0-255,66,218490,53,218862
35412,0.03409,104.244.42.0-255,66,218556,53,218862
35413,0.034241,104.244.42.0-255,66,218622,53,218862
35414,0.034307,104.244.42.0-255,66,218688,53,218862
35415,0.034791,104.244.42.0-255,108,218796,53,218862
35416,0.0348,172.31.46.0-255,66,218862,53,218862
35417,0.0,74.125.130.0-255,150,150,53,323456
35418,1.6e-05,172.31.46.0-255,66,216,53,323456
35419,2.2e-05,74.125.130.0-255,1484,1700,53,323456
35420,2.7e-05,172.31.46.0-255,66,1766,53,323456
35421,3.1e-05,74.125.130.0-255,1484,3250,53,323456
35422,3.4e-05,172.31.46.0-255,66,3316,53,323456
35423,4e-05,74.125.130.0-255,2902,6218,53,323456
35424,4.3e-05,172.31.46.0-255,66,6284,53,323456
35425,7.6e-05,74.125.130.0-255,5738,12022,53,323456
35426,7.9e-05,172.31.46.0-255,66,12088,53,323456
35427,8.6e-05,74.125.130.0-255,4748,16836,53,323456
35428,8.9e-05,172.31.46.0-255,66,16902,53,323456
35429,9.5e-05,74.125.130.0-255,5738,22640,53,323456
35430,9.8e-05,172.31.46.0-255,66,22706,53,323456
35431,0.00016,172.31.46.0-255,66,22772,53,323456
35432,0.00025,74.125.130.0-255,1484,24256,53,323456
35433,0.000254,172.31.46.0-255,66,24322,53,323456
35434,0.000257,74.125.130.0-255,1484,25806,53,323456
35435,0.00026,172.31.46.0-255,66,25872,53,323456
35436,0.000273,74.125.130.0-255,1484,27356,53,323456
35437,0.000275,172.31.46.0-255,66,27422,53,323456
35438,0.00033,74.125.130.0-255,5738,33160,53,323456
35439,0.000335,172.31.46.0-255,66,33226,53,323456
35440,0.000339,74.125.130.0-255,2902,36128,53,323456
35441,0.000341,172.31.46.0-255,66,36194,53,323456
35442,0.000347,74.125.130.0-255,4320,40514,53,323456
35443,0.00035,172.31.46.0-255,66,40580,53,323456
35444,0.000355,74.125.130.0-255,4320,44900,53,323456
35445,0.000357,172.31.46.0-255,66,44966,53,323456
35446,0.000363,74.125.130.0-255,5738,50704,53,323456
35447,0.000366,172.31.46.0-255,66,50770,53,323456
35448,0.000382,74.125.130.0-255,1484,52254,53,323456
35449,0.000406,74.125.130.0-255,5020,57274,53,323456
35450,0.000409,172.31.46.0-255,66,57340,53,323456
35451,0.000424,74.125.130.0-255,679,58019,53,323456
35452,0.000506,74.125.130.0-255,1484,59503,53,323456
35453,0.000509,172.31.46.0-255,66,59569,53,323456
35454,0.000533,74.125.130.0-255,2902,62471,53,323456
35455,0.000535,172.31.46.0-255,66,62537,53,323456
35456,0.00054,74.125.130.0-255,4320,66857,53,323456
35457,0.000544,172.31.46.0-255,66,66923,53,323456
35458,0.000549,74.125.130.0-255,4320,71243,53,323456
35459,0.000552,172.31.46.0-255,66,71309,53,323456
35460,0.000563,74.125.130.0-255,1484,72793,53,323456
35461,0.000584,74.125.130.0-255,5738,78531,53,323456
35462,0.000586,172.31.46.0-255,66,78597,53,323456
35463,0.00061,74.125.130.0-255,5738,84335,53,323456
35464,0.000613,172.31.46.0-255,66,84401,53,323456
35465,0.00062,74.125.130.0-255,7156,91557,53,323456
35466,0.000622,172.31.46.0-255,66,91623,53,323456
35467,0.000642,74.125.130.0-255,766,92389,53,323456
35468,0.000712,74.125.130.0-255,1484,93873,53,323456
35469,0.000715,172.31.46.0-255,66,93939,53,323456
35470,0.000721,74.125.130.0-255,2902,96841,53,323456
35471,0.000723,172.31.46.0-255,66,96907,53,323456
35472,0.000752,74.125.130.0-255,5738,102645,53,323456
35473,0.000756,172.31.46.0-255,66,102711,53,323456
35474,0.000761,74.125.130.0-255,4320,107031,53,323456
35475,0.000764,172.31.46.0-255,66,107097,53,323456
35476,0.00079,172.31.46.0-255,66,107163,53,323456
35477,0.000813,74.125.130.0-255,2902,110065,53,323456
35478,0.000816,172.31.46.0-255,66,110131,53,323456
35479,0.000826,172.31.46.0-255,66,110197,53,323456
35480,0.000974,74.125.130.0-255,1484,111681,53,323456
35481,0.001006,74.125.130.0-255,2902,114583,53,323456
35482,0.00101,172.31.46.0-255,66,114649,53,323456
35483,0.001032,74.125.130.0-255,4320,118969,53,323456
35484,0.001035,172.31.46.0-255,66,119035,53,323456
35485,0.001056,74.125.130.0-255,4320,123355,53,323456
35486,0.001059,172.31.46.0-255,66,123421,53,323456
35487,0.001077,74.125.130.0-255,2902,126323,53,323456
35488,0.001081,74.125.130.0-255,2902,129225,53,323456
35489,0.001098,172.31.46.0-255,66,129291,53,323456
35490,0.001102,172.31.46.0-255,66,129357,53,323456
35491,0.001108,74.125.130.0-255,5738,135095,53,323456
35492,0.00111,172.31.46.0-255,66,135161,53,323456
35493,0.001116,74.125.130.0-255,5738,140899,53,323456
35494,0.001118,172.31.46.0-255,66,140965,53,323456
35495,0.001162,74.125.130.0-255,3602,144567,53,323456
35496,0.001166,172.31.46.0-255,66,144633,53,323456
35497,0.001375,74.125.130.0-255,1484,146117,53,323456
35498,0.001394,74.125.130.0-255,2902,149019,53,323456
35499,0.001397,172.31.46.0-255,66,149085,53,323456
35500,0.001421,74.125.130.0-255,4320,153405,53,323456
35501,0.001424,172.31.46.0-255,66,153471,53,323456
35502,0.001431,74.125.130.0-255,5738,159209,53,323456
35503,0.001433,172.31.46.0-255,66,159275,53,323456
35504,0.001452,74.125.130.0-255,1484,160759,53,323456
35505,0.001482,172.31.46.0-255,66,160825,53,323456
35506,0.001517,74.125.130.0-255,2902,163727,53,323456
35507,0.00152,172.31.46.0-255,66,163793,53,323456
35508,0.001538,74.125.130.0-255,5020,168813,53,323456
35509,0.001541,172.31.46.0-255,66,168879,53,323456
35510,0.001904,74.125.130.0-255,1484,170363,53,323456
35511,0.001911,74.125.130.0-255,2902,173265,53,323456
35512,0.001914,172.31.46.0-255,66,173331,53,323456
35513,0.001921,74.125.130.0-255,4320,177651,53,323456
35514,0.001922,172.31.46.0-255,66,177717,53,323456
35515,0.001985,172.31.46.0-255,66,177783,53,323456
35516,0.001993,74.125.130.0-255,5738,183521,53,323456
35517,0.001995,172.31.46.0-255,66,183587,53,323456
35518,0.002002,74.125.130.0-255,7156,190743,53,323456
35519,0.002004,172.31.46.0-255,66,190809,53,323456
35520,0.002007,74.125.130.0-255,1484,192293,53,323456
35521,0.002031,74.125.130.0-255,5020,197313,53,323456
35522,0.002035,74.125.130.0-255,4320,201633,53,323456
35523,0.002039,172.31.46.0-255,66,201699,53,323456
35524,0.002046,172.31.46.0-255,66,201765,53,323456
35525,0.002051,74.125.130.0-255,2902,204667,53,323456
35526,0.002053,172.31.46.0-255,66,204733,53,323456
35527,0.002056,74.125.130.0-255,1484,206217,53,323456
35528,0.002102,172.31.46.0-255,66,206283,53,323456
35529,0.002115,172.31.46.0-255,66,206349,53,323456
35530,0.002118,74.125.130.0-255,1484,207833,53,323456
35531,0.002123,74.125.130.0-255,2902,210735,53,323456
35532,0.002125,172.31.46.0-255,66,210801,53,323456
35533,0.002157,74.125.130.0-255,5738,216539,53,323456
35534,0.002159,172.31.46.0-255,66,216605,53,323456
35535,0.002182,74.125.130.0-255,7156,223761,53,323456
35536,0.002184,172.31.46.0-255,66,223827,53,323456
35537,0.002189,74.125.130.0-255,2902,226729,53,323456
35538,0.00219,172.31.46.0-255,66,226795,53,323456
35539,0.002212,74.125.130.0-255,5738,232533,53,323456
35540,0.002214,172.31.46.0-255,66,232599,53,323456
35541,0.00222,74.125.130.0-255,5738,238337,53,323456
35542,0.002222,172.31.46.0-255,66,238403,53,323456
35543,0.002238,74.125.130.0-255,2184,240587,53,323456
35544,0.00224,172.31.46.0-255,66,240653,53,323456
35545,0.002273,74.125.130.0-255,1484,242137,53,323456
35546,0.002278,74.125.130.0-255,2902,245039,53,323456
35547,0.002281,172.31.46.0-255,66,245105,53,323456
35548,0.002307,74.125.130.0-255,5738,250843,53,323456
35549,0.002309,172.31.46.0-255,66,250909,53,323456
35550,0.002313,74.125.130.0-255,1484,252393,53,323456
35551,0.002327,74.125.130.0-255,1484,253877,53,323456
35552,0.002329,172.31.46.0-255,66,253943,53,323456
35553,0.002335,74.125.130.0-255,4320,258263,53,323456
35554,0.002337,172.31.46.0-255,66,258329,53,323456
35555,0.002375,172.31.46.0-255,66,258395,53,323456
35556,0.002382,74.125.130.0-255,7156,265551,53,323456
35557,0.002384,172.31.46.0-255,66,265617,53,323456
35558,0.002403,74.125.130.0-255,1484,267101,53,323456
35559,0.002429,74.125.130.0-255,6438,273539,53,323456
35560,0.002432,172.31.46.0-255,66,273605,53,323456
35561,0.002434,74.125.130.0-255,1484,275089,53,323456
35562,0.002457,74.125.130.0-255,2902,277991,53,323456
35563,0.00246,172.31.46.0-255,66,278057,53,323456
35564,0.002464,74.125.130.0-255,2902,280959,53,323456
35565,0.002467,172.31.46.0-255,66,281025,53,323456
35566,0.002487,74.125.130.0-255,1484,282509,53,323456
35567,0.002507,74.125.130.0-255,2902,285411,53,323456
35568,0.00251,172.31.46.0-255,66,285477,53,323456
35569,0.002514,74.125.130.0-255,1484,286961,53,323456
35570,0.002528,74.125.130.0-255,1484,288445,53,323456
35571,0.002531,172.31.46.0-255,66,288511,53,323456
35572,0.002554,74.125.130.0-255,2902,291413,53,323456
35573,0.002557,172.31.46.0-255,66,291479,53,323456
35574,0.002575,74.125.130.0-255,2902,294381,53,323456
35575,0.002578,172.31.46.0-255,66,294447,53,323456
35576,0.002581,74.125.130.0-255,1484,295931,53,323456
35577,0.002584,74.125.130.0-255,1484,297415,53,323456
35578,0.002586,172.31.46.0-255,66,297481,53,323456
35579,0.002631,74.125.130.0-255,3602,301083,53,323456
35580,0.002635,172.31.46.0-255,66,301149,53,323456
35581,0.002673,74.125.130.0-255,2902,304051,53,323456
35582,0.002677,172.31.46.0-255,66,304117,53,323456
35583,0.002691,74.125.130.0-255,1484,305601,53,323456
35584,0.002695,74.125.130.0-255,1484,307085,53,323456
35585,0.002697,172.31.46.0-255,66,307151,53,323456
35586,0.002719,74.125.130.0-255,4320,311471,53,323456
35587,0.002722,172.31.46.0-255,66,311537,53,323456
35588,0.002728,74.125.130.0-255,4320,315857,53,323456
35589,0.00273,172.31.46.0-255,66,315923,53,323456
35590,0.002733,74.125.130.0-255,1484,317407,53,323456
35591,0.002736,74.125.130.0-255,1140,318547,53,323456
35592,0.002738,172.31.46.0-255,66,318613,53,323456
35593,0.002741,74.125.130.0-255,97,318710,53,323456
35594,0.002864,74.125.130.0-255,105,318815,53,323456
35595,0.012272,74.125.130.0-255,105,318920,53,323456
35596,0.012314,172.31.46.0-255,78,318998,53,323456
35597,0.019712,172.31.46.0-255,105,319103,53,323456
35598,0.022205,74.125.130.0-255,66,319169,53,323456
35599,0.046851,172.31.46.0-255,172,319341,53,323456
35600,0.04689,172.31.46.0-255,1107,320448,53,323456
35601,0.046949,172.31.46.0-255,1514,321962,53,323456
35602,0.046951,172.31.46.0-255,1296,323258,53,323456
35603,0.048434,104.244.42.0-255,66,323324,53,323456
35604,0.048491,104.244.42.0-255,66,323390,53,323456
35605,0.048546,104.244.42.0-255,66,323456,53,323456
35606,0.0,74.125.200.0-255,292,292,53,327890
35607,2.3e-05,172.31.46.0-255,66,358,53,327890
35608,3e-05,74.125.200.0-255,1484,1842,53,327890
35609,3.5e-05,172.31.46.0-255,66,1908,53,327890
35610,3.8e-05,74.125.200.0-255,1484,3392,53,327890
35611,4.8e-05,172.31.46.0-255,66,3458,53,327890
35612,5.5e-05,74.125.200.0-255,2902,6360,53,327890
35613,5.8e-05,172.31.46.0-255,66,6426,53,327890
35614,6.4e-05,74.125.200.0-255,5738,12164,53,327890
35615,6.7e-05,172.31.46.0-255,66,12230,53,327890
35616,7.1e-05,74.125.200.0-255,2117,14347,53,327890
35617,7.3e-05,172.31.46.0-255,66,14413,53,327890
35618,0.000166,74.125.200.0-255,1484,15897,53,327890
35619,0.00017,172.31.46.0-255,66,15963,53,327890
35620,0.000175,74.125.200.0-255,2902,18865,53,327890
35621,0.000177,172.31.46.0-255,66,18931,53,327890
35622,0.00018,74.125.200.0-255,1484,20415,53,327890
35623,0.000188,172.31.46.0-255,66,20481,53,327890
35624,0.00021,74.125.200.0-255,2902,23383,53,327890
35625,0.000213,172.31.46.0-255,66,23449,53,327890
35626,0.000252,172.31.46.0-255,66,23515,53,327890
35627,0.000263,172.31.46.0-255,66,23581,53,327890
35628,0.000298,172.31.46.0-255,66,23647,53,327890
35629,0.000318,74.125.200.0-255,1484,25131,53,327890
35630,0.000321,172.31.46.0-255,66,25197,53,327890
35631,0.00035,74.125.200.0-255,2902,28099,53,327890
35632,0.000352,172.31.46.0-255,66,28165,53,327890
35633,0.000359,74.125.200.0-255,5738,33903,53,327890
35634,0.000361,172.31.46.0-255,66,33969,53,327890
35635,0.000397,74.125.200.0-255,6797,40766,53,327890
35636,0.0004,172.31.46.0-255,66,40832,53,327890
35637,0.000415,74.125.200.0-255,366,41198,53,327890
35638,0.000508,74.125.200.0-255,131,41329,53,327890
35639,0.000644,74.125.200.0-255,1484,42813,53,327890
35640,0.000649,172.31.46.0-255,66,42879,53,327890
35641,0.000655,74.125.200.0-255,2902,45781,53,327890
35642,0.000658,172.31.46.0-255,66,45847,53,327890
35643,0.00069,74.125.200.0-255,5738,51585,53,327890
35644,0.000693,172.31.46.0-255,66,51651,53,327890
35645,0.000698,74.125.200.0-255,2902,54553,53,327890
35646,0.0007,172.31.46.0-255,66,54619,53,327890
35647,0.000709,74.125.200.0-255,3961,58580,53,327890
35648,0.000711,172.31.46.0-255,66,58646,53,327890
35649,0.000751,172.31.46.0-255,66,58712,53,327890
35650,0.000794,74.125.200.0-255,4320,63032,53,327890
35651,0.000797,172.31.46.0-255,66,63098,53,327890
35652,0.000818,74.125.200.0-255,3961,67059,53,327890
35653,0.00082,74.125.200.0-255,343,67402,53,327890
35654,0.000825,172.31.46.0-255,66,67468,53,327890
35655,0.000899,74.125.200.0-255,1484,68952,53,327890
35656,0.000902,172.31.46.0-255,66,69018,53,327890
35657,0.000907,74.125.200.0-255,2902,71920,53,327890
35658,0.000909,172.31.46.0-255,66,71986,53,327890
35659,0.000949,74.125.200.0-255,5738,77724,53,327890
35660,0.000953,172.31.46.0-255,66,77790,53,327890
35661,0.000956,74.125.200.0-255,1484,79274,53,327890
35662,0.00096,74.125.200.0-255,2902,82176,53,327890
35663,0.000962,172.31.46.0-255,66,82242,53,327890
35664,0.000988,74.125.200.0-255,5738,87980,53,327890
35665,0.000991,172.31.46.0-255,66,88046,53,327890
35666,0.001047,74.125.200.0-255,1484,89530,53,327890
35667,0.001052,74.125.200.0-255,2902,92432,53,327890
35668,0.001055,172.31.46.0-255,66,92498,53,327890
35669,0.001061,74.125.200.0-255,5738,98236,53,327890
35670,0.001064,172.31.46.0-255,66,98302,53,327890
35671,0.001066,74.125.200.0-255,1484,99786,53,327890
35672,0.001071,74.125.200.0-255,2184,101970,53,327890
35673,0.001073,172.31.46.0-255,66,102036,53,327890
35674,0.001143,74.125.200.0-255,1484,103520,53,327890
35675,0.001158,74.125.200.0-255,2902,106422,53,327890
35676,0.001162,172.31.46.0-255,66,106488,53,327890
35677,0.00118,74.125.200.0-255,1484,107972,53,327890
35678,0.001193,74.125.200.0-255,4320,112292,53,327890
35679,0.001196,172.31.46.0-255,66,112358,53,327890
35680,0.001201,74.125.200.0-255,4320,116678,53,327890
35681,0.001203,172.31.46.0-255,66,116744,53,327890
35682,0.001206,74.125.200.0-255,1484,118228,53,327890
35683,0.001235,74.125.200.0-255,4320,122548,53,327890
35684,0.001238,172.31.46.0-255,66,122614,53,327890
35685,0.00125,172.31.46.0-255,66,122680,53,327890
35686,0.001274,74.125.200.0-255,2902,125582,53,327890
35687,0.001277,172.31.46.0-255,66,125648,53,327890
35688,0.001281,74.125.200.0-255,2184,127832,53,327890
35689,0.001283,172.31.46.0-255,66,127898,53,327890
35690,0.001316,74.125.200.0-255,2902,130800,53,327890
35691,0.001321,74.125.200.0-255,4320,135120,53,327890
35692,0.001327,172.31.46.0-255,66,135186,53,327890
35693,0.001335,172.31.46.0-255,66,135252,53,327890
35694,0.001344,74.125.200.0-255,4320,139572,53,327890
35695,0.001346,172.31.46.0-255,66,139638,53,327890
35696,0.001382,74.125.200.0-255,4320,143958,53,327890
35697,0.001386,172.31.46.0-255,66,144024,53,327890
35698,0.001392,74.125.200.0-255,4320,148344,53,327890
35699,0.001394,172.31.46.0-255,66,148410,53,327890
35700,0.0014,74.125.200.0-255,5738,154148,53,327890
35701,0.001402,172.31.46.0-255,66,154214,53,327890
35702,0.001407,74.125.200.0-255,4320,158534,53,327890
35703,0.00141,172.31.46.0-255,66,158600,53,327890
35704,0.001443,74.125.200.0-255,3602,162202,53,327890
35705,0.001447,172.31.46.0-255,66,162268,53,327890
35706,0.001451,74.125.200.0-255,2902,165170,53,327890
35707,0.001454,172.31.46.0-255,66,165236,53,327890
35708,0.001459,74.125.200.0-255,4320,169556,53,327890
35709,0.001461,172.31.46.0-255,66,169622,53,327890
35710,0.001485,74.125.200.0-255,2902,172524,53,327890
35711,0.001487,172.31.46.0-255,66,172590,53,327890
35712,0.001519,74.125.200.0-255,5738,178328,53,327890
35713,0.001522,172.31.46.0-255,66,178394,53,327890
35714,0.001527,74.125.200.0-255,4320,182714,53,327890
35715,0.00153,172.31.46.0-255,66,182780,53,327890
35716,0.001536,74.125.200.0-255,5738,188518,53,327890
35717,0.001538,172.31.46.0-255,66,188584,53,327890
35718,0.001564,74.125.200.0-255,5738,194322,53,327890
35719,0.001567,172.31.46.0-255,66,194388,53,327890
35720,0.001586,74.125.200.0-255,2184,196572,53,327890
35721,0.001588,172.31.46.0-255,66,196638,53,327890
35722,0.001619,74.125.200.0-255,1484,198122,53,327890
35723,0.001624,74.125.200.0-255,2902,201024,53,327890
35724,0.001626,172.31.46.0-255,66,201090,53,327890
35725,0.00163,74.125.200.0-255,1484,202574,53,327890
35726,0.001654,74.125.200.0-255,4320,206894,53,327890
35727,0.001657,172.31.46.0-255,66,206960,53,327890
35728,0.001681,172.31.46.0-255,66,207026,53,327890
35729,0.001718,172.31.46.0-255,66,207092,53,327890
35730,0.001865,74.125.200.0-255,1484,208576,53,327890
35731,0.001872,74.125.200.0-255,2902,211478,53,327890
35732,0.001876,172.31.46.0-255,66,211544,53,327890
35733,0.001902,74.125.200.0-255,5738,217282,53,327890
35734,0.001905,172.31.46.0-255,66,217348,53,327890
35735,0.001908,74.125.200.0-255,1484,218832,53,327890
35736,0.001937,74.125.200.0-255,2902,221734,53,327890
35737,0.001939,74.125.200.0-255,1484,223218,53,327890
35738,0.001942,172.31.46.0-255,66,223284,53,327890
35739,0.001971,74.125.200.0-255,4320,227604,53,327890
35740,0.001974,172.31.46.0-255,66,227670,53,327890
35741,0.001978,74.125.200.0-255,2902,230572,53,327890
35742,0.001981,172.31.46.0-255,66,230638,53,327890
35743,0.001986,74.125.200.0-255,4320,234958,53,327890
35744,0.001992,172.31.46.0-255,66,235024,53,327890
35745,0.002006,74.125.200.0-255,1484,236508,53,327890
35746,0.002033,74.125.200.0-255,5020,241528,53,327890
35747,0.002078,74.125.200.0-255,1484,243012,53,327890
35748,0.00209,74.125.200.0-255,2902,245914,53,327890
35749,0.002094,172.31.46.0-255,66,245980,53,327890
35750,0.002103,172.31.46.0-255,66,246046,53,327890
35751,0.002135,74.125.200.0-255,4320,250366,53,327890
35752,0.002142,74.125.200.0-255,5738,256104,53,327890
35753,0.002163,74.125.200.0-255,5738,261842,53,327890
35754,0.002168,172.31.46.0-255,66,261908,53,327890
35755,0.00218,74.125.200.0-255,1484,263392,53,327890
35756,0.002217,74.125.200.0-255,3602,266994,53,327890
35757,0.002235,172.31.46.0-255,66,267060,53,327890
35758,0.002264,74.125.200.0-255,1484,268544,53,327890
35759,0.002284,74.125.200.0-255,2902,271446,53,327890
35760,0.0023,172.31.46.0-255,66,271512,53,327890
35761,0.002319,74.125.200.0-255,4320,275832,53,327890
35762,0.002331,74.125.200.0-255,1484,277316,53,327890
35763,0.002335,74.125.200.0-255,2902,280218,53,327890
35764,0.002346,172.31.46.0-255,66,280284,53,327890
35765,0.004648,74.125.200.0-255,5738,286022,53,327890
35766,0.004655,172.31.46.0-255,66,286088,53,327890
35767,0.006956,74.125.200.0-255,5738,291826,53,327890
35768,0.006963,172.31.46.0-255,66,291892,53,327890
35769,0.009267,74.125.200.0-255,5738,297630,53,327890
35770,0.009274,172.31.46.0-255,66,297696,53,327890
35771,0.011587,74.125.200.0-255,5738,303434,53,327890
35772,0.011596,172.31.46.0-255,66,303500,53,327890
35773,0.013902,74.125.200.0-255,5738,309238,53,327890
35774,0.013911,172.31.46.0-255,66,309304,53,327890
35775,0.016237,74.125.200.0-255,5738,315042,53,327890
35776,0.016252,172.31.46.0-255,66,315108,53,327890
35777,0.018579,74.125.200.0-255,5738,320846,53,327890
35778,0.018589,172.31.46.0-255,66,320912,53,327890
35779,0.020898,74.125.200.0-255,1463,322375,53,327890
35780,0.021958,172.31.46.0-255,66,322441,53,327890
35781,0.021999,172.31.46.0-255,105,322546,53,327890
35782,0.024273,74.125.200.0-255,66,322612,53,327890
35783,0.031851,172.31.46.0-255,172,322784,53,327890
35784,0.031883,172.31.46.0-255,1112,323896,53,327890
35785,0.031939,172.31.46.0-255,1514,325410,53,327890
35786,0.031941,172.31.46.0-255,1514,326924,53,327890
35787,0.031942,172.31.46.0-255,702,327626,53,327890
35788,0.033422,104.244.42.0-255,66,327692,53,327890
35789,0.033453,104.244.42.0-255,66,327758,53,327890
35790,0.03351,104.244.42.0-255,66,327824,53,327890
35791,0.033523,104.244.42.0-255,66,327890,53,327890
35792,0.0,172.217.194.0-255,153,153,53,366165
35793,1.3e-05,172.31.46.0-255,66,219,53,366165
35794,1.9e-05,172.217.194.0-255,1484,1703,53,366165
35795,2.3e-05,172.31.46.0-255,66,1769,53,366165
35796,3e-05,172.217.194.0-255,2902,4671,53,366165
35797,4e-05,172.31.46.0-255,66,4737,53,366165
35798,4.7e-05,172.217.194.0-255,7156,11893,53,366165
35799,5e-05,172.31.46.0-255,66,11959,53,366165
35800,5.4e-05,172.217.194.0-255,2121,14080,53,366165
35801,5.6e-05,172.31.46.0-255,66,14146,53,366165
35802,0.000158,172.217.194.0-255,1484,15630,53,366165
35803,0.000161,172.31.46.0-255,66,15696,53,366165
35804,0.000166,172.217.194.0-255,2902,18598,53,366165
35805,0.000168,172.31.46.0-255,66,18664,53,366165
35806,0.000178,172.217.194.0-255,5738,24402,53,366165
35807,0.00018,172.31.46.0-255,66,24468,53,366165
35808,0.00021,172.217.194.0-255,6797,31265,53,366165
35809,0.000212,172.31.46.0-255,66,31331,53,366165
35810,0.000499,172.217.194.0-255,1484,32815,53,366165
35811,0.000504,172.31.46.0-255,66,32881,53,366165
35812,0.000509,172.217.194.0-255,2902,35783,53,366165
35813,0.000511,172.31.46.0-255,66,35849,53,366165
35814,0.000516,172.217.194.0-255,4320,40169,53,366165
35815,0.000518,172.31.46.0-255,66,40235,53,366165
35816,0.000542,172.217.194.0-255,1484,41719,53,366165
35817,0.000544,172.31.46.0-255,66,41785,53,366165
35818,0.000562,172.217.194.0-255,7156,48941,53,366165
35819,0.000564,172.31.46.0-255,66,49007,53,366165
35820,0.000586,172.217.194.0-255,6797,55804,53,366165
35821,0.000588,172.31.46.0-255,66,55870,53,366165
35822,0.000599,172.31.46.0-255,66,55936,53,366165
35823,0.001227,172.217.194.0-255,646,56582,53,366165
35824,0.001325,172.217.194.0-255,1484,58066,53,366165
35825,0.001332,172.31.46.0-255,66,58132,53,366165
35826,0.001339,172.217.194.0-255,2902,61034,53,366165
35827,0.001341,172.31.46.0-255,66,61100,53,366165
35828,0.001347,172.217.194.0-255,4320,65420,53,366165
35829,0.001354,172.31.46.0-255,66,65486,53,366165
35830,0.001378,172.217.194.0-255,1484,66970,53,366165
35831,0.001385,172.217.194.0-255,5738,72708,53,366165
35832,0.001387,172.31.46.0-255,66,72774,53,366165
35833,0.001405,172.31.46.0-255,66,72840,53,366165
35834,0.001412,172.217.194.0-255,5020,77860,53,366165
35835,0.001415,172.31.46.0-255,66,77926,53,366165
35836,0.001832,172.217.194.0-255,1484,79410,53,366165
35837,0.001841,172.217.194.0-255,2902,82312,53,366165
35838,0.001845,172.31.46.0-255,66,82378,53,366165
35839,0.001852,172.217.194.0-255,4320,86698,53,366165
35840,0.001854,172.31.46.0-255,66,86764,53,366165
35841,0.001882,172.217.194.0-255,1484,88248,53,366165
35842,0.001889,172.217.194.0-255,5738,93986,53,366165
35843,0.001891,172.31.46.0-255,66,94052,53,366165
35844,0.001923,172.217.194.0-255,7156,101208,53,366165
35845,0.001925,172.31.46.0-255,66,101274,53,366165
35846,0.001941,172.31.46.0-255,66,101340,53,366165
35847,0.003962,172.217.194.0-255,5738,107078,53,366165
35848,0.003967,172.31.46.0-255,66,107144,53,366165
35849,0.005975,172.217.194.0-255,4320,111464,53,366165
35850,0.005981,172.31.46.0-255,66,111530,53,366165
35851,0.006005,172.217.194.0-255,1484,113014,53,366165
35852,0.007959,172.217.194.0-255,4320,117334,53,366165
35853,0.007966,172.31.46.0-255,66,117400,53,366165
35854,0.00995,172.217.194.0-255,5738,123138,53,366165
35855,0.009959,172.31.46.0-255,66,123204,53,366165
35856,0.011966,172.217.194.0-255,5738,128942,53,366165
35857,0.011975,172.31.46.0-255,66,129008,53,366165
35858,0.013992,172.217.194.0-255,5738,134746,53,366165
35859,0.014003,172.31.46.0-255,66,134812,53,366165
35860,0.016053,172.217.194.0-255,5738,140550,53,366165
35861,0.016061,172.31.46.0-255,66,140616,53,366165
35862,0.018075,172.217.194.0-255,5738,146354,53,366165
35863,0.018082,172.31.46.0-255,66,146420,53,366165
35864,0.020079,172.217.194.0-255,5738,152158,53,366165
35865,0.020087,172.31.46.0-255,66,152224,53,366165
35866,0.022115,172.217.194.0-255,5738,157962,53,366165
35867,0.022122,172.31.46.0-255,66,158028,53,366165
35868,0.024131,172.217.194.0-255,5738,163766,53,366165
35869,0.024138,172.31.46.0-255,66,163832,53,366165
35870,0.025009,172.31.46.0-255,172,164004,53,366165
35871,0.025038,172.31.46.0-255,1112,165116,53,366165
35872,0.025095,172.31.46.0-255,1514,166630,53,366165
35873,0.025096,172.31.46.0-255,1291,167921,53,366165
35874,0.026148,172.217.194.0-255,5738,173659,53,366165
35875,0.026154,172.31.46.0-255,66,173725,53,366165
35876,0.0266,104.244.42.0-255,66,173791,53,366165
35877,0.026623,104.244.42.0-255,66,173857,53,366165
35878,0.026657,104.244.42.0-255,66,173923,53,366165
35879,0.027643,104.244.42.0-255,108,174031,53,366165
35880,0.027649,172.31.46.0-255,66,174097,53,366165
35881,0.028177,172.217.194.0-255,5738,179835,53,366165
35882,0.028182,172.31.46.0-255,66,179901,53,366165
35883,0.030198,172.217.194.0-255,5738,185639,53,366165
35884,0.030204,172.31.46.0-255,66,185705,53,366165
35885,0.032243,172.217.194.0-255,5738,191443,53,366165
35886,0.032249,172.31.46.0-255,66,191509,53,366165
35887,0.034264,172.217.194.0-255,5738,197247,53,366165
35888,0.03427,172.31.46.0-255,66,197313,53,366165
35889,0.036277,172.217.194.0-255,5738,203051,53,366165
35890,0.036284,172.31.46.0-255,66,203117,53,366165
35891,0.038321,172.217.194.0-255,5738,208855,53,366165
35892,0.038327,172.31.46.0-255,66,208921,53,366165
35893,0.040329,172.217.194.0-255,5738,214659,53,366165
35894,0.040335,172.31.46.0-255,66,214725,53,366165
35895,0.04236,172.217.194.0-255,5738,220463,53,366165
35896,0.042367,172.31.46.0-255,66,220529,53,366165
35897,0.044381,172.217.194.0-255,5738,226267,53,366165
35898,0.04439,172.31.46.0-255,66,226333,53,366165
35899,0.046411,172.217.194.0-255,5738,232071,53,366165
35900,0.046417,172.31.46.0-255,66,232137,53,366165
35901,0.048413,172.217.194.0-255,5738,237875,53,366165
35902,0.04842,172.31.46.0-255,66,237941,53,366165
35903,0.050406,172.217.194.0-255,5738,243679,53,366165
35904,0.050412,172.31.46.0-255,66,243745,53,366165
35905,0.052481,172.217.194.0-255,5738,249483,53,366165
35906,0.052488,172.31.46.0-255,66,249549,53,366165
35907,0.054579,172.217.194.0-255,5738,255287,53,366165
35908,0.054586,172.31.46.0-255,66,255353,53,366165
35909,0.056604,172.217.194.0-255,5738,261091,53,366165
35910,0.056609,172.31.46.0-255,66,261157,53,366165
35911,0.058627,172.217.194.0-255,5738,266895,53,366165
35912,0.058633,172.31.46.0-255,66,266961,53,366165
35913,0.060634,172.217.194.0-255,5738,272699,53,366165
35914,0.060641,172.31.46.0-255,66,272765,53,366165
35915,0.062655,172.217.194.0-255,5738,278503,53,366165
35916,0.062662,172.31.46.0-255,66,278569,53,366165
35917,0.064682,172.217.194.0-255,5738,284307,53,366165
35918,0.064691,172.31.46.0-255,66,284373,53,366165
35919,0.066716,172.217.194.0-255,5738,290111,53,366165
35920,0.066722,172.31.46.0-255,66,290177,53,366165
35921,0.06872,172.217.194.0-255,5738,295915,53,366165
35922,0.068725,172.31.46.0-255,66,295981,53,366165
35923,0.070726,172.217.194.0-255,5738,301719,53,366165
35924,0.070731,172.31.46.0-255,66,301785,53,366165
35925,0.072723,172.217.194.0-255,5738,307523,53,366165
35926,0.072728,172.31.46.0-255,66,307589,53,366165
35927,0.074749,172.217.194.0-255,5738,313327,53,366165
35928,0.074756,172.31.46.0-255,66,313393,53,366165
35929,0.076764,172.217.194.0-255,5738,319131,53,366165
35930,0.076769,172.31.46.0-255,66,319197,53,366165
35931,0.078772,172.217.194.0-255,5738,324935,53,366165
35932,0.078777,172.31.46.0-255,66,325001,53,366165
35933,0.080803,172.217.194.0-255,5738,330739,53,366165
35934,0.080809,172.31.46.0-255,66,330805,53,366165
35935,0.082856,172.217.194.0-255,5738,336543,53,366165
35936,0.082865,172.31.46.0-255,66,336609,53,366165
35937,0.084887,172.217.194.0-255,5738,342347,53,366165
35938,0.084894,172.31.46.0-255,66,342413,53,366165
35939,0.086901,172.217.194.0-255,5738,348151,53,366165
35940,0.086908,172.31.46.0-255,66,348217,53,366165
35941,0.088932,172.217.194.0-255,5738,353955,53,366165
35942,0.088939,172.31.46.0-255,66,354021,53,366165
35943,0.090964,172.217.194.0-255,5738,359759,53,366165
35944,0.090971,172.31.46.0-255,66,359825,53,366165
35945,0.092989,172.217.194.0-255,5578,365403,53,366165
35946,0.092996,172.31.46.0-255,66,365469,53,366165
35947,0.093204,172.31.46.0-255,105,365574,53,366165
35948,0.093241,172.31.46.0-255,105,365679,53,366165
35949,0.093517,172.31.46.0-255,90,365769,53,366165
35950,0.093527,172.31.46.0-255,66,365835,53,366165
35951,0.095178,172.217.194.0-255,66,365901,53,366165
35952,0.095207,172.217.194.0-255,66,365967,53,366165
35953,0.09552,172.217.194.0-255,66,366033,53,366165
35954,0.095543,172.217.194.0-255,66,366099,53,366165
35955,0.095567,172.31.46.0-255,66,366165,53,366165
35956,0.0,74.125.24.0-255,152,152,53,337120
35957,1.7e-05,172.31.46.0-255,66,218,53,337120
35958,2.4e-05,74.125.24.0-255,1484,1702,53,337120
35959,2.9e-05,172.31.46.0-255,66,1768,53,337120
35960,4.2e-05,74.125.24.0-255,2902,4670,53,337120
35961,4.6e-05,172.31.46.0-255,66,4736,53,337120
35962,5.4e-05,74.125.24.0-255,7156,11892,53,337120
35963,5.8e-05,172.31.46.0-255,66,11958,53,337120
35964,6.2e-05,74.125.24.0-255,2082,14040,53,337120
35965,6.5e-05,172.31.46.0-255,66,14106,53,337120
35966,0.000424,74.125.24.0-255,1484,15590,53,337120
35967,0.000431,172.31.46.0-255,66,15656,53,337120
35968,0.000438,74.125.24.0-255,2902,18558,53,337120
35969,0.000441,172.31.46.0-255,66,18624,53,337120
35970,0.000452,74.125.24.0-255,5738,24362,53,337120
35971,0.000455,172.31.46.0-255,66,24428,53,337120
35972,0.000506,74.125.24.0-255,6797,31225,53,337120
35973,0.00051,172.31.46.0-255,66,31291,53,337120
35974,0.000676,74.125.24.0-255,1484,32775,53,337120
35975,0.000681,172.31.46.0-255,66,32841,53,337120
35976,0.000708,74.125.24.0-255,2902,35743,53,337120
35977,0.000715,74.125.24.0-255,5738,41481,53,337120
35978,0.000719,172.31.46.0-255,66,41547,53,337120
35979,0.000722,172.31.46.0-255,66,41613,53,337120
35980,0.000751,74.125.24.0-255,6797,48410,53,337120
35981,0.000758,172.31.46.0-255,66,48476,53,337120
35982,0.000789,74.125.24.0-255,5738,54214,53,337120
35983,0.000791,172.31.46.0-255,66,54280,53,337120
35984,0.000828,172.31.46.0-255,66,54346,53,337120
35985,0.000832,74.125.24.0-255,2543,56889,53,337120
35986,0.000834,172.31.46.0-255,66,56955,53,337120
35987,0.000837,74.125.24.0-255,400,57355,53,337120
35988,0.000956,74.125.24.0-255,109,57464,53,337120
35989,0.001105,74.125.24.0-255,1484,58948,53,337120
35990,0.001109,172.31.46.0-255,66,59014,53,337120
35991,0.001115,74.125.24.0-255,2902,61916,53,337120
35992,0.001117,172.31.46.0-255,66,61982,53,337120
35993,0.001123,74.125.24.0-255,4320,66302,53,337120
35994,0.00113,172.31.46.0-255,66,66368,53,337120
35995,0.001154,74.125.24.0-255,1484,67852,53,337120
35996,0.00117,172.31.46.0-255,66,67918,53,337120
35997,0.001204,74.125.24.0-255,3961,71879,53,337120
35998,0.001207,172.31.46.0-255,66,71945,53,337120
35999,0.001223,172.31.46.0-255,66,72011,53,337120
36000,0.001507,74.125.24.0-255,1484,73495,53,337120
36001,0.001521,74.125.24.0-255,2902,76397,53,337120
36002,0.001525,172.31.46.0-255,66,76463,53,337120
36003,0.001544,74.125.24.0-255,2902,79365,53,337120
36004,0.001547,172.31.46.0-255,66,79431,53,337120
36005,0.001552,74.125.24.0-255,4320,83751,53,337120
36006,0.001555,172.31.46.0-255,66,83817,53,337120
36007,0.001601,172.31.46.0-255,66,83883,53,337120
36008,0.001619,172.31.46.0-255,66,83949,53,337120
36009,0.001644,74.125.24.0-255,2902,86851,53,337120
36010,0.001646,172.31.46.0-255,66,86917,53,337120
36011,0.001651,74.125.24.0-255,4320,91237,53,337120
36012,0.001653,172.31.46.0-255,66,91303,53,337120
36013,0.001696,172.31.46.0-255,66,91369,53,337120
36014,0.001702,74.125.24.0-255,4320,95689,53,337120
36015,0.001704,172.31.46.0-255,66,95755,53,337120
36016,0.001726,74.125.24.0-255,4320,100075,53,337120
36017,0.001733,172.31.46.0-255,66,100141,53,337120
36018,0.001744,172.31.46.0-255,66,100207,53,337120
36019,0.002069,74.125.24.0-255,1484,101691,53,337120
36020,0.002074,74.125.24.0-255,2902,104593,53,337120
36021,0.002078,74.125.24.0-255,2902,107495,53,337120
36022,0.002084,172.31.46.0-255,66,107561,53,337120
36023,0.002092,172.31.46.0-255,66,107627,53,337120
36024,0.002096,74.125.24.0-255,2902,110529,53,337120
36025,0.002098,172.31.46.0-255,66,110595,53,337120
36026,0.002102,74.125.24.0-255,2902,113497,53,337120
36027,0.002109,172.31.46.0-255,66,113563,53,337120
36028,0.002132,74.125.24.0-255,2902,116465,53,337120
36029,0.002135,172.31.46.0-255,66,116531,53,337120
36030,0.002153,172.31.46.0-255,66,116597,53,337120
36031,0.002159,74.125.24.0-255,5020,121617,53,337120
36032,0.002161,172.31.46.0-255,66,121683,53,337120
36033,0.002331,74.125.24.0-255,1484,123167,53,337120
36034,0.002336,74.125.24.0-255,1484,124651,53,337120
36035,0.002339,172.31.46.0-255,66,124717,53,337120
36036,0.002363,74.125.24.0-255,1484,126201,53,337120
36037,0.002368,74.125.24.0-255,4320,130521,53,337120
36038,0.002371,172.31.46.0-255,66,130587,53,337120
36039,0.002374,74.125.24.0-255,1484,132071,53,337120
36040,0.002397,74.125.24.0-255,4320,136391,53,337120
36041,0.0024,172.31.46.0-255,66,136457,53,337120
36042,0.002405,74.125.24.0-255,2902,139359,53,337120
36043,0.002408,172.31.46.0-255,66,139425,53,337120
36044,0.002434,74.125.24.0-255,2902,142327,53,337120
36045,0.002437,172.31.46.0-255,66,142393,53,337120
36046,0.002448,74.125.24.0-255,7156,149549,53,337120
36047,0.002451,172.31.46.0-255,66,149615,53,337120
36048,0.002487,74.125.24.0-255,6438,156053,53,337120
36049,0.00249,172.31.46.0-255,66,156119,53,337120
36050,0.005159,74.125.24.0-255,5738,161857,53,337120
36051,0.005172,172.31.46.0-255,66,161923,53,337120
36052,0.007809,74.125.24.0-255,5738,167661,53,337120
36053,0.007814,172.31.46.0-255,66,167727,53,337120
36054,0.010459,74.125.24.0-255,5738,173465,53,337120
36055,0.010472,172.31.46.0-255,66,173531,53,337120
36056,0.013124,74.125.24.0-255,5738,179269,53,337120
36057,0.013135,172.31.46.0-255,66,179335,53,337120
36058,0.015752,74.125.24.0-255,5738,185073,53,337120
36059,0.015762,172.31.46.0-255,66,185139,53,337120
36060,0.018413,74.125.24.0-255,5738,190877,53,337120
36061,0.018424,172.31.46.0-255,66,190943,53,337120
36062,0.021102,74.125.24.0-255,5738,196681,53,337120
36063,0.021116,172.31.46.0-255,66,196747,53,337120
36064,0.023787,74.125.24.0-255,5738,202485,53,337120
36065,0.023802,172.31.46.0-255,66,202551,53,337120
36066,0.026454,74.125.24.0-255,5738,208289,53,337120
36067,0.02647,172.31.46.0-255,66,208355,53,337120
36068,0.029115,74.125.24.0-255,5738,214093,53,337120
36069,0.029124,172.31.46.0-255,66,214159,53,337120
36070,0.03178,74.125.24.0-255,5738,219897,53,337120
36071,0.031793,172.31.46.0-255,66,219963,53,337120
36072,0.034449,74.125.24.0-255,5738,225701,53,337120
36073,0.034457,172.31.46.0-255,66,225767,53,337120
36074,0.037094,74.125.24.0-255,5738,231505,53,337120
36075,0.037109,172.31.46.0-255,66,231571,53,337120
36076,0.039756,74.125.24.0-255,5738,237309,53,337120
36077,0.03977,172.31.46.0-255,66,237375,53,337120
36078,0.042422,74.125.24.0-255,5738,243113,53,337120
36079,0.042434,172.31.46.0-255,66,243179,53,337120
36080,0.045098,74.125.24.0-255,5738,248917,53,337120
36081,0.045109,172.31.46.0-255,66,248983,53,337120
36082,0.04634,172.31.46.0-255,172,249155,53,337120
36083,0.046372,172.31.46.0-255,1112,250267,53,337120
36084,0.046435,172.31.46.0-255,1514,251781,53,337120
36085,0.046437,172.31.46.0-255,1291,253072,53,337120
36086,0.047772,74.125.24.0-255,5738,258810,53,337120
36087,0.047782,172.31.46.0-255,66,258876,53,337120
36088,0.047913,104.244.42.0-255,66,258942,53,337120
36089,0.047921,104.244.42.0-255,66,259008,53,337120
36090,0.048008,104.244.42.0-255,66,259074,53,337120
36091,0.050429,74.125.24.0-255,5738,264812,53,337120
36092,0.050437,172.31.46.0-255,66,264878,53,337120
36093,0.053102,74.125.24.0-255,5738,270616,53,337120
36094,0.053112,172.31.46.0-255,66,270682,53,337120
36095,0.055763,74.125.24.0-255,5738,276420,53,337120
36096,0.055774,172.31.46.0-255,66,276486,53,337120
36097,0.058431,74.125.24.0-255,5738,282224,53,337120
36098,0.058439,172.31.46.0-255,66,282290,53,337120
36099,0.061076,74.125.24.0-255,5738,288028,53,337120
36100,0.061083,172.31.46.0-255,66,288094,53,337120
36101,0.063727,74.125.24.0-255,5738,293832,53,337120
36102,0.063734,172.31.46.0-255,66,293898,53,337120
36103,0.066386,74.125.24.0-255,5738,299636,53,337120
36104,0.066393,172.31.46.0-255,66,299702,53,337120
36105,0.069037,74.125.24.0-255,5738,305440,53,337120
36106,0.069054,172.31.46.0-255,66,305506,53,337120
36107,0.071712,74.125.24.0-255,5738,311244,53,337120
36108,0.071732,172.31.46.0-255,66,311310,53,337120
36109,0.07441,74.125.24.0-255,5738,317048,53,337120
36110,0.074424,172.31.46.0-255,66,317114,53,337120
36111,0.077095,74.125.24.0-255,5738,322852,53,337120
36112,0.077105,172.31.46.0-255,66,322918,53,337120
36113,0.079764,74.125.24.0-255,5738,328656,53,337120
36114,0.079772,172.31.46.0-255,66,328722,53,337120
36115,0.082436,74.125.24.0-255,5738,334460,53,337120
36116,0.082445,172.31.46.0-255,66,334526,53,337120
36117,0.0851,74.125.24.0-255,2357,336883,53,337120
36118,0.085108,172.31.46.0-255,66,336949,53,337120
36119,0.085298,172.31.46.0-255,105,337054,53,337120
36120,0.087899,74.125.24.0-255,66,337120,53,337120
36121,0.0,74.125.68.0-255,155,155,53,380984
36122,2.1e-05,172.31.46.0-255,66,221,53,380984
36123,2.9e-05,74.125.68.0-255,1484,1705,53,380984
36124,3.4e-05,172.31.46.0-255,66,1771,53,380984
36125,3.8e-05,74.125.68.0-255,1484,3255,53,380984
36126,4.9e-05,172.31.46.0-255,66,3321,53,380984
36127,5.5e-05,74.125.68.0-255,2902,6223,53,380984
36128,5.9e-05,172.31.46.0-255,66,6289,53,380984
36129,6.6e-05,74.125.68.0-255,5738,12027,53,380984
36130,6.9e-05,172.31.46.0-255,66,12093,53,380984
36131,7.3e-05,74.125.68.0-255,2006,14099,53,380984
36132,7.5e-05,172.31.46.0-255,66,14165,53,380984
36133,0.000119,74.125.68.0-255,2902,17067,53,380984
36134,0.000122,172.31.46.0-255,66,17133,53,380984
36135,0.000127,74.125.68.0-255,2902,20035,53,380984
36136,0.000129,172.31.46.0-255,66,20101,53,380984
36137,0.00015,74.125.68.0-255,1484,21585,53,380984
36138,0.000152,172.31.46.0-255,66,21651,53,380984
36139,0.000163,74.125.68.0-255,4320,25971,53,380984
36140,0.000166,172.31.46.0-255,66,26037,53,380984
36141,0.000194,74.125.68.0-255,4320,30357,53,380984
36142,0.000197,172.31.46.0-255,66,30423,53,380984
36143,0.0002,74.125.68.0-255,1125,31548,53,380984
36144,0.000202,172.31.46.0-255,66,31614,53,380984
36145,0.000274,74.125.68.0-255,1484,33098,53,380984
36146,0.000277,172.31.46.0-255,66,33164,53,380984
36147,0.000282,74.125.68.0-255,2902,36066,53,380984
36148,0.000285,172.31.46.0-255,66,36132,53,380984
36149,0.000322,74.125.68.0-255,5738,41870,53,380984
36150,0.000326,172.31.46.0-255,66,41936,53,380984
36151,0.000333,74.125.68.0-255,6797,48733,53,380984
36152,0.000335,172.31.46.0-255,66,48799,53,380984
36153,0.000372,74.125.68.0-255,7156,55955,53,380984
36154,0.000375,172.31.46.0-255,66,56021,53,380984
36155,0.000386,172.31.46.0-255,66,56087,53,380984
36156,0.000413,74.125.68.0-255,1483,57570,53,380984
36157,0.000443,74.125.68.0-255,329,57899,53,380984
36158,0.000446,172.31.46.0-255,66,57965,53,380984
36159,0.001251,74.125.68.0-255,1484,59449,53,380984
36160,0.001262,74.125.68.0-255,2902,62351,53,380984
36161,0.001266,172.31.46.0-255,66,62417,53,380984
36162,0.001273,74.125.68.0-255,2902,65319,53,380984
36163,0.001275,172.31.46.0-255,66,65385,53,380984
36164,0.001305,74.125.68.0-255,2902,68287,53,380984
36165,0.001308,172.31.46.0-255,66,68353,53,380984
36166,0.001315,74.125.68.0-255,5738,74091,53,380984
36167,0.001317,172.31.46.0-255,66,74157,53,380984
36168,0.001322,74.125.68.0-255,2902,77059,53,380984
36169,0.001324,172.31.46.0-255,66,77125,53,380984
36170,0.001367,74.125.68.0-255,5020,82145,53,380984
36171,0.001395,172.31.46.0-255,66,82211,53,380984
36172,0.001402,172.31.46.0-255,66,82277,53,380984
36173,0.001427,74.125.68.0-255,1484,83761,53,380984
36174,0.001438,74.125.68.0-255,1484,85245,53,380984
36175,0.00144,172.31.46.0-255,66,85311,53,380984
36176,0.001463,74.125.68.0-255,1484,86795,53,380984
36177,0.001466,74.125.68.0-255,1484,88279,53,380984
36178,0.001468,172.31.46.0-255,66,88345,53,380984
36179,0.001473,74.125.68.0-255,2902,91247,53,380984
36180,0.001475,172.31.46.0-255,66,91313,53,380984
36181,0.00148,74.125.68.0-255,2902,94215,53,380984
36182,0.001482,172.31.46.0-255,66,94281,53,380984
36183,0.001516,74.125.68.0-255,2902,97183,53,380984
36184,0.001519,172.31.46.0-255,66,97249,53,380984
36185,0.001525,74.125.68.0-255,4320,101569,53,380984
36186,0.001527,172.31.46.0-255,66,101635,53,380984
36187,0.001533,74.125.68.0-255,5738,107373,53,380984
36188,0.001535,172.31.46.0-255,66,107439,53,380984
36189,0.001572,172.31.46.0-255,66,107505,53,380984
36190,0.001575,74.125.68.0-255,766,108271,53,380984
36191,0.001658,74.125.68.0-255,1484,109755,53,380984
36192,0.001662,172.31.46.0-255,66,109821,53,380984
36193,0.00168,74.125.68.0-255,2902,112723,53,380984
36194,0.001683,172.31.46.0-255,66,112789,53,380984
36195,0.001689,74.125.68.0-255,5738,118527,53,380984
36196,0.001692,172.31.46.0-255,66,118593,53,380984
36197,0.001695,74.125.68.0-255,1484,120077,53,380984
36198,0.001717,74.125.68.0-255,1484,121561,53,380984
36199,0.00172,172.31.46.0-255,66,121627,53,380984
36200,0.001726,74.125.68.0-255,4320,125947,53,380984
36201,0.001728,172.31.46.0-255,66,126013,53,380984
36202,0.001732,74.125.68.0-255,2902,128915,53,380984
36203,0.001734,172.31.46.0-255,66,128981,53,380984
36204,0.001767,74.125.68.0-255,5738,134719,53,380984
36205,0.00177,172.31.46.0-255,66,134785,53,380984
36206,0.001776,74.125.68.0-255,4320,139105,53,380984
36207,0.001778,172.31.46.0-255,66,139171,53,380984
36208,0.001807,74.125.68.0-255,3602,142773,53,380984
36209,0.00181,172.31.46.0-255,66,142839,53,380984
36210,0.002013,74.125.68.0-255,1484,144323,53,380984
36211,0.002031,74.125.68.0-255,2902,147225,53,380984
36212,0.002034,172.31.46.0-255,66,147291,53,380984
36213,0.002041,74.125.68.0-255,4320,151611,53,380984
36214,0.002043,172.31.46.0-255,66,151677,53,380984
36215,0.002075,74.125.68.0-255,5738,157415,53,380984
36216,0.002084,172.31.46.0-255,66,157481,53,380984
36217,0.002091,74.125.68.0-255,5738,163219,53,380984
36218,0.002093,172.31.46.0-255,66,163285,53,380984
36219,0.002122,74.125.68.0-255,5738,169023,53,380984
36220,0.002126,172.31.46.0-255,66,169089,53,380984
36221,0.002132,74.125.68.0-255,5738,174827,53,380984
36222,0.002135,172.31.46.0-255,66,174893,53,380984
36223,0.002167,74.125.68.0-255,2184,177077,53,380984
36224,0.002172,172.31.46.0-255,66,177143,53,380984
36225,0.002229,74.125.68.0-255,1484,178627,53,380984
36226,0.002246,74.125.68.0-255,2902,181529,53,380984
36227,0.002249,172.31.46.0-255,66,181595,53,380984
36228,0.002253,74.125.68.0-255,1484,183079,53,380984
36229,0.002281,74.125.68.0-255,2902,185981,53,380984
36230,0.002286,172.31.46.0-255,66,186047,53,380984
36231,0.002289,74.125.68.0-255,1484,187531,53,380984
36232,0.004552,74.125.68.0-255,4320,191851,53,380984
36233,0.00456,172.31.46.0-255,66,191917,53,380984
36234,0.006824,74.125.68.0-255,5738,197655,53,380984
36235,0.006828,172.31.46.0-255,66,197721,53,380984
36236,0.009108,74.125.68.0-255,5738,203459,53,380984
36237,0.009115,172.31.46.0-255,66,203525,53,380984
36238,0.011386,74.125.68.0-255,5738,209263,53,380984
36239,0.011394,172.31.46.0-255,66,209329,53,380984
36240,0.013672,74.125.68.0-255,5738,215067,53,380984
36241,0.013682,172.31.46.0-255,66,215133,53,380984
36242,0.015959,74.125.68.0-255,5738,220871,53,380984
36243,0.015967,172.31.46.0-255,66,220937,53,380984
36244,0.018247,74.125.68.0-255,5738,226675,53,380984
36245,0.018256,172.31.46.0-255,66,226741,53,380984
36246,0.020542,74.125.68.0-255,5738,232479,53,380984
36247,0.020553,172.31.46.0-255,66,232545,53,380984
36248,0.022845,74.125.68.0-255,5738,238283,53,380984
36249,0.022856,172.31.46.0-255,66,238349,53,380984
36250,0.025146,74.125.68.0-255,5738,244087,53,380984
36251,0.025156,172.31.46.0-255,66,244153,53,380984
36252,0.027443,74.125.68.0-255,5738,249891,53,380984
36253,0.027458,172.31.46.0-255,66,249957,53,380984
36254,0.029748,74.125.68.0-255,5738,255695,53,380984
36255,0.029766,172.31.46.0-255,66,255761,53,380984
36256,0.032098,74.125.68.0-255,5738,261499,53,380984
36257,0.032114,172.31.46.0-255,66,261565,53,380984
36258,0.034382,74.125.68.0-255,5738,267303,53,380984
36259,0.034392,172.31.46.0-255,66,267369,53,380984
36260,0.036663,74.125.68.0-255,5738,273107,53,380984
36261,0.036671,172.31.46.0-255,66,273173,53,380984
36262,0.038452,172.31.46.0-255,164,273337,53,380984
36263,0.038482,172.31.46.0-255,1121,274458,53,380984
36264,0.038557,172.31.46.0-255,1514,275972,53,380984
36265,0.038578,172.31.46.0-255,1514,277486,53,380984
36266,0.038582,172.31.46.0-255,1514,279000,53,380984
36267,0.038598,172.31.46.0-255,1514,280514,53,380984
36268,0.038606,172.31.46.0-255,1514,282028,53,380984
36269,0.038607,172.31.46.0-255,130,282158,53,380984
36270,0.038943,74.125.68.0-255,5738,287896,53,380984
36271,0.03895,172.31.46.0-255,66,287962,53,380984
36272,0.040011,104.244.42.0-255,66,288028,53,380984
36273,0.040054,104.244.42.0-255,66,288094,53,380984
36274,0.040102,104.244.42.0-255,66,288160,53,380984
36275,0.040149,104.244.42.0-255,66,288226,53,380984
36276,0.041227,74.125.68.0-255,5738,293964,53,380984
36277,0.041233,172.31.46.0-255,66,294030,53,380984
36278,0.043502,74.125.68.0-255,5738,299768,53,380984
36279,0.04351,172.31.46.0-255,66,299834,53,380984
36280,0.045792,74.125.68.0-255,5738,305572,53,380984
36281,0.045798,172.31.46.0-255,66,305638,53,380984
36282,0.048068,74.125.68.0-255,5738,311376,53,380984
36283,0.048073,172.31.46.0-255,66,311442,53,380984
36284,0.050368,74.125.68.0-255,5738,317180,53,380984
36285,0.050378,172.31.46.0-255,66,317246,53,380984
36286,0.052661,74.125.68.0-255,5738,322984,53,380984
36287,0.052668,172.31.46.0-255,66,323050,53,380984
36288,0.054943,74.125.68.0-255,5738,328788,53,380984
36289,0.054949,172.31.46.0-255,66,328854,53,380984
36290,0.057234,74.125.68.0-255,5738,334592,53,380984
36291,0.05724,172.31.46.0-255,66,334658,53,380984
36292,0.059519,74.125.68.0-255,5738,340396,53,380984
36293,0.059526,172.31.46.0-255,66,340462,53,380984
36294,0.061824,74.125.68.0-255,5738,346200,53,380984
36295,0.061831,172.31.46.0-255,66,346266,53,380984
36296,0.064106,74.125.68.0-255,5738,352004,53,380984
36297,0.064112,172.31.46.0-255,66,352070,53,380984
36298,0.066405,74.125.68.0-255,5738,357808,53,380984
36299,0.066412,172.31.46.0-255,66,357874,53,380984
36300,0.068686,74.125.68.0-255,5738,363612,53,380984
36301,0.068693,172.31.46.0-255,66,363678,53,380984
36302,0.070969,74.125.68.0-255,5738,369416,53,380984
36303,0.070976,172.31.46.0-255,66,369482,53,380984
36304,0.073258,74.125.68.0-255,5738,375220,53,380984
36305,0.073265,172.31.46.0-255,66,375286,53,380984
36306,0.075546,74.125.68.0-255,5461,380747,53,380984
36307,0.075553,172.31.46.0-255,66,380813,53,380984
36308,0.075739,172.31.46.0-255,105,380918,53,380984
36309,0.077984,74.125.68.0-255,66,380984,53,380984
36310,0.0,74.125.68.0-255,157,157,53,368890
36311,1.9e-05,172.31.46.0-255,66,223,53,368890
36312,2.5e-05,74.125.68.0-255,1484,1707,53,368890
36313,3.1e-05,172.31.46.0-255,66,1773,53,368890
36314,4.5e-05,74.125.68.0-255,2902,4675,53,368890
36315,4.9e-05,172.31.46.0-255,66,4741,53,368890
36316,5.3e-05,74.125.68.0-255,1484,6225,53,368890
36317,5.5e-05,172.31.46.0-255,66,6291,53,368890
36318,8.5e-05,74.125.68.0-255,4320,10611,53,368890
36319,8.8e-05,172.31.46.0-255,66,10677,53,368890
36320,9.4e-05,74.125.68.0-255,3520,14197,53,368890
36321,9.6e-05,172.31.46.0-255,66,14263,53,368890
36322,0.000102,74.125.68.0-255,4320,18583,53,368890
36323,0.000104,172.31.46.0-255,66,18649,53,368890
36324,0.000139,172.31.46.0-255,66,18715,53,368890
36325,0.00018,74.125.68.0-255,3961,22676,53,368890
36326,0.000183,172.31.46.0-255,66,22742,53,368890
36327,0.000285,74.125.68.0-255,1484,24226,53,368890
36328,0.000289,172.31.46.0-255,66,24292,53,368890
36329,0.000317,74.125.68.0-255,2902,27194,53,368890
36330,0.00032,172.31.46.0-255,66,27260,53,368890
36331,0.000346,74.125.68.0-255,4320,31580,53,368890
36332,0.000349,172.31.46.0-255,66,31646,53,368890
36333,0.000355,74.125.68.0-255,5738,37384,53,368890
36334,0.000358,172.31.46.0-255,66,37450,53,368890
36335,0.000379,74.125.68.0-255,2543,39993,53,368890
36336,0.000382,172.31.46.0-255,66,40059,53,368890
36337,0.000385,74.125.68.0-255,1484,41543,53,368890
36338,0.000387,172.31.46.0-255,66,41609,53,368890
36339,0.000418,74.125.68.0-255,1484,43093,53,368890
36340,0.00042,172.31.46.0-255,66,43159,53,368890
36341,0.000428,74.125.68.0-255,7156,50315,53,368890
36342,0.000431,172.31.46.0-255,66,50381,53,368890
36343,0.000434,74.125.68.0-255,1484,51865,53,368890
36344,0.000455,74.125.68.0-255,2902,54767,53,368890
36345,0.000458,172.31.46.0-255,66,54833,53,368890
36346,0.000482,74.125.68.0-255,2850,57683,53,368890
36347,0.000484,172.31.46.0-255,66,57749,53,368890
36348,0.00053,74.125.68.0-255,113,57862,53,368890
36349,0.000624,74.125.68.0-255,1484,59346,53,368890
36350,0.000628,172.31.46.0-255,66,59412,53,368890
36351,0.000634,74.125.68.0-255,2902,62314,53,368890
36352,0.000637,172.31.46.0-255,66,62380,53,368890
36353,0.000665,74.125.68.0-255,5738,68118,53,368890
36354,0.000668,172.31.46.0-255,66,68184,53,368890
36355,0.000685,74.125.68.0-255,4320,72504,53,368890
36356,0.000688,172.31.46.0-255,66,72570,53,368890
36357,0.000719,74.125.68.0-255,5738,78308,53,368890
36358,0.000722,172.31.46.0-255,66,78374,53,368890
36359,0.000786,74.125.68.0-255,4320,82694,53,368890
36360,0.00079,172.31.46.0-255,66,82760,53,368890
36361,0.000806,74.125.68.0-255,1484,84244,53,368890
36362,0.000813,74.125.68.0-255,4320,88564,53,368890
36363,0.000815,172.31.46.0-255,66,88630,53,368890
36364,0.000842,74.125.68.0-255,2902,91532,53,368890
36365,0.000845,172.31.46.0-255,66,91598,53,368890
36366,0.000848,74.125.68.0-255,766,92364,53,368890
36367,0.000869,74.125.68.0-255,332,92696,53,368890
36368,0.001191,74.125.68.0-255,1484,94180,53,368890
36369,0.001196,172.31.46.0-255,66,94246,53,368890
36370,0.001202,74.125.68.0-255,2902,97148,53,368890
36371,0.001204,172.31.46.0-255,66,97214,53,368890
36372,0.001234,74.125.68.0-255,5738,102952,53,368890
36373,0.00124,172.31.46.0-255,66,103018,53,368890
36374,0.001245,74.125.68.0-255,2902,105920,53,368890
36375,0.001248,172.31.46.0-255,66,105986,53,368890
36376,0.00128,74.125.68.0-255,1484,107470,53,368890
36377,0.001286,74.125.68.0-255,5738,113208,53,368890
36378,0.001288,172.31.46.0-255,66,113274,53,368890
36379,0.001301,172.31.46.0-255,66,113340,53,368890
36380,0.001347,74.125.68.0-255,2184,115524,53,368890
36381,0.001351,172.31.46.0-255,66,115590,53,368890
36382,0.002033,74.125.68.0-255,1484,117074,53,368890
36383,0.002056,74.125.68.0-255,2902,119976,53,368890
36384,0.00206,172.31.46.0-255,66,120042,53,368890
36385,0.002067,74.125.68.0-255,4320,124362,53,368890
36386,0.002069,172.31.46.0-255,66,124428,53,368890
36387,0.002125,74.125.68.0-255,4320,128748,53,368890
36388,0.002127,172.31.46.0-255,66,128814,53,368890
36389,0.002159,74.125.68.0-255,1484,130298,53,368890
36390,0.002206,74.125.68.0-255,1484,131782,53,368890
36391,0.00221,172.31.46.0-255,66,131848,53,368890
36392,0.002291,74.125.68.0-255,1484,133332,53,368890
36393,0.00249,74.125.68.0-255,1484,134816,53,368890
36394,0.002495,172.31.46.0-255,66,134882,53,368890
36395,0.002503,74.125.68.0-255,1484,136366,53,368890
36396,0.002524,74.125.68.0-255,2902,139268,53,368890
36397,0.002527,172.31.46.0-255,66,139334,53,368890
36398,0.002532,74.125.68.0-255,2902,142236,53,368890
36399,0.002534,172.31.46.0-255,66,142302,53,368890
36400,0.002554,74.125.68.0-255,2902,145204,53,368890
36401,0.002556,172.31.46.0-255,66,145270,53,368890
36402,0.00505,74.125.68.0-255,2902,148172,53,368890
36403,0.005057,172.31.46.0-255,66,148238,53,368890
36404,0.005081,74.125.68.0-255,2902,151140,53,368890
36405,0.005084,172.31.46.0-255,66,151206,53,368890
36406,0.007576,74.125.68.0-255,4320,155526,53,368890
36407,0.00758,172.31.46.0-255,66,155592,53,368890
36408,0.007604,74.125.68.0-255,1484,157076,53,368890
36409,0.010108,74.125.68.0-255,4320,161396,53,368890
36410,0.01012,172.31.46.0-255,66,161462,53,368890
36411,0.012639,74.125.68.0-255,5738,167200,53,368890
36412,0.012649,172.31.46.0-255,66,167266,53,368890
36413,0.015187,74.125.68.0-255,5738,173004,53,368890
36414,0.015203,172.31.46.0-255,66,173070,53,368890
36415,0.017721,74.125.68.0-255,5738,178808,53,368890
36416,0.01773,172.31.46.0-255,66,178874,53,368890
36417,0.020256,74.125.68.0-255,5738,184612,53,368890
36418,0.020265,172.31.46.0-255,66,184678,53,368890
36419,0.022802,74.125.68.0-255,5738,190416,53,368890
36420,0.02281,172.31.46.0-255,66,190482,53,368890
36421,0.025329,74.125.68.0-255,5738,196220,53,368890
36422,0.025338,172.31.46.0-255,66,196286,53,368890
36423,0.027855,74.125.68.0-255,5738,202024,53,368890
36424,0.027864,172.31.46.0-255,66,202090,53,368890
36425,0.028585,172.31.46.0-255,172,202262,53,368890
36426,0.028618,172.31.46.0-255,1112,203374,53,368890
36427,0.028679,172.31.46.0-255,1514,204888,53,368890
36428,0.028681,172.31.46.0-255,1292,206180,53,368890
36429,0.030152,104.244.42.0-255,66,206246,53,368890
36430,0.030189,104.244.42.0-255,66,206312,53,368890
36431,0.030243,104.244.42.0-255,66,206378,53,368890
36432,0.030385,74.125.68.0-255,5738,212116,53,368890
36433,0.030392,172.31.46.0-255,66,212182,53,368890
36434,0.032919,74.125.68.0-255,5738,217920,53,368890
36435,0.032925,172.31.46.0-255,66,217986,53,368890
36436,0.035523,74.125.68.0-255,5738,223724,53,368890
36437,0.035529,172.31.46.0-255,66,223790,53,368890
36438,0.038062,74.125.68.0-255,5738,229528,53,368890
36439,0.038069,172.31.46.0-255,66,229594,53,368890
36440,0.040622,74.125.68.0-255,5738,235332,53,368890
36441,0.040628,172.31.46.0-255,66,235398,53,368890
36442,0.043169,74.125.68.0-255,5738,241136,53,368890
36443,0.043185,172.31.46.0-255,66,241202,53,368890
36444,0.045714,74.125.68.0-255,5738,246940,53,368890
36445,0.045735,172.31.46.0-255,66,247006,53,368890
36446,0.048268,74.125.68.0-255,5738,252744,53,368890
36447,0.04828,172.31.46.0-255,66,252810,53,368890
36448,0.050803,74.125.68.0-255,5738,258548,53,368890
36449,0.05081,172.31.46.0-255,66,258614,53,368890
36450,0.053339,74.125.68.0-255,5738,264352,53,368890
36451,0.053346,172.31.46.0-255,66,264418,53,368890
36452,0.055877,74.125.68.0-255,5738,270156,53,368890
36453,0.055884,172.31.46.0-255,66,270222,53,368890
36454,0.058406,74.125.68.0-255,5738,275960,53,368890
36455,0.058413,172.31.46.0-255,66,276026,53,368890
36456,0.060936,74.125.68.0-255,5738,281764,53,368890
36457,0.060943,172.31.46.0-255,66,281830,53,368890
36458,0.063467,74.125.68.0-255,5738,287568,53,368890
36459,0.063473,172.31.46.0-255,66,287634,53,368890
36460,0.066011,74.125.68.0-255,5738,293372,53,368890
36461,0.066018,172.31.46.0-255,66,293438,53,368890
36462,0.068546,74.125.68.0-255,5738,299176,53,368890
36463,0.068552,172.31.46.0-255,66,299242,53,368890
36464,0.071082,74.125.68.0-255,5738,304980,53,368890
36465,0.071089,172.31.46.0-255,66,305046,53,368890
36466,0.073619,74.125.68.0-255,5738,310784,53,368890
36467,0.073626,172.31.46.0-255,66,310850,53,368890
36468,0.076162,74.125.68.0-255,5738,316588,53,368890
36469,0.076169,172.31.46.0-255,66,316654,53,368890
36470,0.078711,74.125.68.0-255,5738,322392,53,368890
36471,0.078718,172.31.46.0-255,66,322458,53,368890
36472,0.081243,74.125.68.0-255,5738,328196,53,368890
36473,0.081251,172.31.46.0-255,66,328262,53,368890
36474,0.083777,74.125.68.0-255,5738,334000,53,368890
36475,0.083784,172.31.46.0-255,66,334066,53,368890
36476,0.086325,74.125.68.0-255,5738,339804,53,368890
36477,0.086332,172.31.46.0-255,66,339870,53,368890
36478,0.088859,74.125.68.0-255,5738,345608,53,368890
36479,0.088866,172.31.46.0-255,66,345674,53,368890
36480,0.091409,74.125.68.0-255,5738,351412,53,368890
36481,0.091416,172.31.46.0-255,66,351478,53,368890
36482,0.093942,74.125.68.0-255,5738,357216,53,368890
36483,0.093948,172.31.46.0-255,66,357282,53,368890
36484,0.096465,74.125.68.0-255,5738,363020,53,368890
36485,0.096472,172.31.46.0-255,66,363086,53,368890
36486,0.098998,74.125.68.0-255,5738,368824,53,368890
36487,0.099005,172.31.46.0-255,66,368890,53,368890
36488,0.0,74.125.68.0-255,299,299,53,332615
36489,1.8e-05,172.31.46.0-255,66,365,53,332615
36490,2.5e-05,74.125.68.0-255,1484,1849,53,332615
36491,2.9e-05,172.31.46.0-255,66,1915,53,332615
36492,3.4e-05,74.125.68.0-255,2902,4817,53,332615
36493,4.5e-05,172.31.46.0-255,66,4883,53,332615
36494,5.2e-05,74.125.68.0-255,5738,10621,53,332615
36495,5.5e-05,172.31.46.0-255,66,10687,53,332615
36496,6.1e-05,74.125.68.0-255,4711,15398,53,332615
36497,6.5e-05,172.31.46.0-255,66,15464,53,332615
36498,0.000107,74.125.68.0-255,5738,21202,53,332615
36499,0.00011,172.31.46.0-255,66,21268,53,332615
36500,0.000117,74.125.68.0-255,5738,27006,53,332615
36501,0.000121,172.31.46.0-255,66,27072,53,332615
36502,0.000165,74.125.68.0-255,3961,31033,53,332615
36503,0.000167,172.31.46.0-255,66,31099,53,332615
36504,0.000419,74.125.68.0-255,1484,32583,53,332615
36505,0.000424,172.31.46.0-255,66,32649,53,332615
36506,0.000431,74.125.68.0-255,2902,35551,53,332615
36507,0.000433,172.31.46.0-255,66,35617,53,332615
36508,0.000465,74.125.68.0-255,5738,41355,53,332615
36509,0.000468,172.31.46.0-255,66,41421,53,332615
36510,0.000474,74.125.68.0-255,5738,47159,53,332615
36511,0.000476,172.31.46.0-255,66,47225,53,332615
36512,0.000513,74.125.68.0-255,4320,51545,53,332615
36513,0.000517,172.31.46.0-255,66,51611,53,332615
36514,0.000537,74.125.68.0-255,2543,54154,53,332615
36515,0.00054,172.31.46.0-255,66,54220,53,332615
36516,0.000548,74.125.68.0-255,7156,61376,53,332615
36517,0.00055,172.31.46.0-255,66,61442,53,332615
36518,0.000584,74.125.68.0-255,3961,65403,53,332615
36519,0.000587,172.31.46.0-255,66,65469,53,332615
36520,0.001715,74.125.68.0-255,645,66114,53,332615
36521,0.00228,74.125.68.0-255,1484,67598,53,332615
36522,0.002286,172.31.46.0-255,66,67664,53,332615
36523,0.002293,74.125.68.0-255,2902,70566,53,332615
36524,0.002295,172.31.46.0-255,66,70632,53,332615
36525,0.002298,74.125.68.0-255,1484,72116,53,332615
36526,0.002326,74.125.68.0-255,2902,75018,53,332615
36527,0.002328,172.31.46.0-255,66,75084,53,332615
36528,0.002343,172.31.46.0-255,66,75150,53,332615
36529,0.002348,74.125.68.0-255,4320,79470,53,332615
36530,0.00235,172.31.46.0-255,66,79536,53,332615
36531,0.00238,74.125.68.0-255,2902,82438,53,332615
36532,0.002382,172.31.46.0-255,66,82504,53,332615
36533,0.002394,172.31.46.0-255,66,82570,53,332615
36534,0.002398,74.125.68.0-255,218,82788,53,332615
36535,0.002446,74.125.68.0-255,1484,84272,53,332615
36536,0.002448,172.31.46.0-255,66,84338,53,332615
36537,0.002452,74.125.68.0-255,1484,85822,53,332615
36538,0.00247,74.125.68.0-255,1484,87306,53,332615
36539,0.002472,172.31.46.0-255,66,87372,53,332615
36540,0.00248,74.125.68.0-255,5738,93110,53,332615
36541,0.002481,172.31.46.0-255,66,93176,53,332615
36542,0.002517,172.31.46.0-255,66,93242,53,332615
36543,0.002524,74.125.68.0-255,5738,98980,53,332615
36544,0.002526,172.31.46.0-255,66,99046,53,332615
36545,0.002556,74.125.68.0-255,4320,103366,53,332615
36546,0.002558,172.31.46.0-255,66,103432,53,332615
36547,0.002564,74.125.68.0-255,5020,108452,53,332615
36548,0.002567,172.31.46.0-255,66,108518,53,332615
36549,0.0051,74.125.68.0-255,5738,114256,53,332615
36550,0.005108,172.31.46.0-255,66,114322,53,332615
36551,0.007647,74.125.68.0-255,5738,120060,53,332615
36552,0.007653,172.31.46.0-255,66,120126,53,332615
36553,0.010202,74.125.68.0-255,5738,125864,53,332615
36554,0.010215,172.31.46.0-255,66,125930,53,332615
36555,0.012754,74.125.68.0-255,2902,128832,53,332615
36556,0.012763,172.31.46.0-255,66,128898,53,332615
36557,0.012791,74.125.68.0-255,2902,131800,53,332615
36558,0.012794,172.31.46.0-255,66,131866,53,332615
36559,0.015315,74.125.68.0-255,2902,134768,53,332615
36560,0.015326,172.31.46.0-255,66,134834,53,332615
36561,0.015358,74.125.68.0-255,2902,137736,53,332615
36562,0.015361,172.31.46.0-255,66,137802,53,332615
36563,0.017867,74.125.68.0-255,2902,140704,53,332615
36564,0.017877,172.31.46.0-255,66,140770,53,332615
36565,0.017908,74.125.68.0-255,2902,143672,53,332615
36566,0.017911,172.31.46.0-255,66,143738,53,332615
36567,0.020411,74.125.68.0-255,4320,148058,53,332615
36568,0.020419,172.31.46.0-255,66,148124,53,332615
36569,0.020454,74.125.68.0-255,1484,149608,53,332615
36570,0.022993,74.125.68.0-255,4320,153928,53,332615
36571,0.023001,172.31.46.0-255,66,153994,53,332615
36572,0.025555,74.125.68.0-255,5738,159732,53,332615
36573,0.025564,172.31.46.0-255,66,159798,53,332615
36574,0.028112,74.125.68.0-255,5738,165536,53,332615
36575,0.028119,172.31.46.0-255,66,165602,53,332615
36576,0.029028,172.31.46.0-255,188,165790,53,332615
36577,0.02906,172.31.46.0-255,953,166743,53,332615
36578,0.02912,172.31.46.0-255,1514,168257,53,332615
36579,0.029122,172.31.46.0-255,1450,169707,53,332615
36580,0.030591,104.244.42.0-255,66,169773,53,332615
36581,0.030616,104.244.42.0-255,66,169839,53,332615
36582,0.030648,74.125.68.0-255,5738,175577,53,332615
36583,0.030653,172.31.46.0-255,66,175643,53,332615
36584,0.030731,104.244.42.0-255,66,175709,53,332615
36585,0.033199,74.125.68.0-255,5738,181447,53,332615
36586,0.033205,172.31.46.0-255,66,181513,53,332615
36587,0.035754,74.125.68.0-255,5738,187251,53,332615
36588,0.03576,172.31.46.0-255,66,187317,53,332615
36589,0.038301,74.125.68.0-255,5738,193055,53,332615
36590,0.038307,172.31.46.0-255,66,193121,53,332615
36591,0.040852,74.125.68.0-255,5738,198859,53,332615
36592,0.040859,172.31.46.0-255,66,198925,53,332615
36593,0.0434,74.125.68.0-255,5738,204663,53,332615
36594,0.043406,172.31.46.0-255,66,204729,53,332615
36595,0.045947,74.125.68.0-255,5738,210467,53,332615
36596,0.045952,172.31.46.0-255,66,210533,53,332615
36597,0.04849,74.125.68.0-255,5738,216271,53,332615
36598,0.048495,172.31.46.0-255,66,216337,53,332615
36599,0.051039,74.125.68.0-255,5738,222075,53,332615
36600,0.051044,172.31.46.0-255,66,222141,53,332615
36601,0.053585,74.125.68.0-255,5738,227879,53,332615
36602,0.053591,172.31.46.0-255,66,227945,53,332615
36603,0.056136,74.125.68.0-255,5738,233683,53,332615
36604,0.056142,172.31.46.0-255,66,233749,53,332615
36605,0.058711,74.125.68.0-255,5738,239487,53,332615
36606,0.058717,172.31.46.0-255,66,239553,53,332615
36607,0.061249,74.125.68.0-255,5738,245291,53,332615
36608,0.061256,172.31.46.0-255,66,245357,53,332615
36609,0.063806,74.125.68.0-255,5738,251095,53,332615
36610,0.063813,172.31.46.0-255,66,251161,53,332615
36611,0.066398,74.125.68.0-255,5738,256899,53,332615
36612,0.066405,172.31.46.0-255,66,256965,53,332615
36613,0.068961,74.125.68.0-255,5738,262703,53,332615
36614,0.068968,172.31.46.0-255,66,262769,53,332615
36615,0.071514,74.125.68.0-255,5738,268507,53,332615
36616,0.071521,172.31.46.0-255,66,268573,53,332615
36617,0.074078,74.125.68.0-255,5738,274311,53,332615
36618,0.074085,172.31.46.0-255,66,274377,53,332615
36619,0.076635,74.125.68.0-255,5738,280115,53,332615
36620,0.076642,172.31.46.0-255,66,280181,53,332615
36621,0.079185,74.125.68.0-255,5738,285919,53,332615
36622,0.079192,172.31.46.0-255,66,285985,53,332615
36623,0.081741,74.125.68.0-255,5738,291723,53,332615
36624,0.081746,172.31.46.0-255,66,291789,53,332615
36625,0.084292,74.125.68.0-255,5738,297527,53,332615
36626,0.084297,172.31.46.0-255,66,297593,53,332615
36627,0.086835,74.125.68.0-255,2902,300495,53,332615
36628,0.08684,172.31.46.0-255,66,300561,53,332615
36629,0.086867,74.125.68.0-255,2902,303463,53,332615
36630,0.086871,172.31.46.0-255,66,303529,53,332615
36631,0.089381,74.125.68.0-255,1484,305013,53,332615
36632,0.089409,74.125.68.0-255,4320,309333,53,332615
36633,0.089414,172.31.46.0-255,66,309399,53,332615
36634,0.091956,74.125.68.0-255,5738,315137,53,332615
36635,0.091961,172.31.46.0-255,66,315203,53,332615
36636,0.094512,74.125.68.0-255,5738,320941,53,332615
36637,0.094518,172.31.46.0-255,66,321007,53,332615
36638,0.09705,74.125.68.0-255,5738,326745,53,332615
36639,0.097055,172.31.46.0-255,66,326811,53,332615
36640,0.099609,74.125.68.0-255,5738,332549,53,332615
36641,0.099616,172.31.46.0-255,66,332615,53,332615
36642,0.0,74.125.24.0-255,299,299,53,317155
36643,1.4e-05,172.31.46.0-255,66,365,53,317155
36644,2.1e-05,74.125.24.0-255,1484,1849,53,317155
36645,2.5e-05,172.31.46.0-255,66,1915,53,317155
36646,3.9e-05,74.125.24.0-255,4320,6235,53,317155
36647,4.2e-05,172.31.46.0-255,66,6301,53,317155
36648,4.6e-05,74.125.24.0-255,2902,9203,53,317155
36649,4.9e-05,172.31.46.0-255,66,9269,53,317155
36650,7.8e-05,74.125.24.0-255,4320,13589,53,317155
36651,8.2e-05,172.31.46.0-255,66,13655,53,317155
36652,8.4e-05,74.125.24.0-255,427,14082,53,317155
36653,8.6e-05,172.31.46.0-255,66,14148,53,317155
36654,9e-05,74.125.24.0-255,1484,15632,53,317155
36655,9.2e-05,172.31.46.0-255,66,15698,53,317155
36656,0.000111,74.125.24.0-255,4320,20018,53,317155
36657,0.000114,172.31.46.0-255,66,20084,53,317155
36658,0.000128,172.31.46.0-255,66,20150,53,317155
36659,0.000166,74.125.24.0-255,1125,21275,53,317155
36660,0.000169,172.31.46.0-255,66,21341,53,317155
36661,0.000324,74.125.24.0-255,1484,22825,53,317155
36662,0.000328,172.31.46.0-255,66,22891,53,317155
36663,0.000348,74.125.24.0-255,2902,25793,53,317155
36664,0.000351,172.31.46.0-255,66,25859,53,317155
36665,0.000357,74.125.24.0-255,5738,31597,53,317155
36666,0.000359,172.31.46.0-255,66,31663,53,317155
36667,0.000399,172.31.46.0-255,66,31729,53,317155
36668,0.000411,172.31.46.0-255,66,31795,53,317155
36669,0.000431,74.125.24.0-255,1433,33228,53,317155
36670,0.000433,172.31.46.0-255,66,33294,53,317155
36671,0.000473,74.125.24.0-255,114,33408,53,317155
36672,0.0005,74.125.24.0-255,331,33739,53,317155
36673,0.000988,74.125.24.0-255,1484,35223,53,317155
36674,0.000993,172.31.46.0-255,66,35289,53,317155
36675,0.000999,74.125.24.0-255,2902,38191,53,317155
36676,0.001002,74.125.24.0-255,1484,39675,53,317155
36677,0.001023,74.125.24.0-255,4320,43995,53,317155
36678,0.001028,74.125.24.0-255,4320,48315,53,317155
36679,0.001037,172.31.46.0-255,66,48381,53,317155
36680,0.001089,172.31.46.0-255,66,48447,53,317155
36681,0.002187,74.125.24.0-255,1484,49931,53,317155
36682,0.002199,74.125.24.0-255,2902,52833,53,317155
36683,0.002203,172.31.46.0-255,66,52899,53,317155
36684,0.002212,74.125.24.0-255,5738,58637,53,317155
36685,0.002215,74.125.24.0-255,1484,60121,53,317155
36686,0.002241,74.125.24.0-255,4320,64441,53,317155
36687,0.002248,74.125.24.0-255,7156,71597,53,317155
36688,0.002265,74.125.24.0-255,5738,77335,53,317155
36689,0.002273,74.125.24.0-255,5020,82355,53,317155
36690,0.005069,172.31.46.0-255,66,82421,53,317155
36691,0.007381,74.125.24.0-255,4320,86741,53,317155
36692,0.007389,172.31.46.0-255,66,86807,53,317155
36693,0.007415,74.125.24.0-255,1484,88291,53,317155
36694,0.009684,74.125.24.0-255,4320,92611,53,317155
36695,0.009691,172.31.46.0-255,66,92677,53,317155
36696,0.011979,74.125.24.0-255,5738,98415,53,317155
36697,0.013461,172.31.46.0-255,66,98481,53,317155
36698,0.015735,74.125.24.0-255,5738,104219,53,317155
36699,0.015747,172.31.46.0-255,66,104285,53,317155
36700,0.018044,74.125.24.0-255,5738,110023,53,317155
36701,0.018057,172.31.46.0-255,66,110089,53,317155
36702,0.020352,74.125.24.0-255,5738,115827,53,317155
36703,0.020364,172.31.46.0-255,66,115893,53,317155
36704,0.022681,74.125.24.0-255,5738,121631,53,317155
36705,0.02269,172.31.46.0-255,66,121697,53,317155
36706,0.024962,74.125.24.0-255,5738,127435,53,317155
36707,0.024972,172.31.46.0-255,66,127501,53,317155
36708,0.027243,74.125.24.0-255,5738,133239,53,317155
36709,0.027253,172.31.46.0-255,66,133305,53,317155
36710,0.029555,74.125.24.0-255,5738,139043,53,317155
36711,0.029564,172.31.46.0-255,66,139109,53,317155
36712,0.031093,172.31.46.0-255,172,139281,53,317155
36713,0.031128,172.31.46.0-255,1112,140393,53,317155
36714,0.031191,172.31.46.0-255,1514,141907,53,317155
36715,0.031192,172.31.46.0-255,1514,143421,53,317155
36716,0.031217,172.31.46.0-255,702,144123,53,317155
36717,0.031922,74.125.24.0-255,5738,149861,53,317155
36718,0.031928,172.31.46.0-255,66,149927,53,317155
36719,0.032648,104.244.42.0-255,66,149993,53,317155
36720,0.032696,104.244.42.0-255,66,150059,53,317155
36721,0.032738,104.244.42.0-255,66,150125,53,317155
36722,0.032743,104.244.42.0-255,66,150191,53,317155
36723,0.034216,74.125.24.0-255,5738,155929,53,317155
36724,0.034223,172.31.46.0-255,66,155995,53,317155
36725,0.036516,74.125.24.0-255,5738,161733,53,317155
36726,0.036523,172.31.46.0-255,66,161799,53,317155
36727,0.038825,74.125.24.0-255,5738,167537,53,317155
36728,0.038831,172.31.46.0-255,66,167603,53,317155
36729,0.041144,74.125.24.0-255,5738,173341,53,317155
36730,0.041152,172.31.46.0-255,66,173407,53,317155
36731,0.04349,74.125.24.0-255,5738,179145,53,317155
36732,0.043498,172.31.46.0-255,66,179211,53,317155
36733,0.04579,74.125.24.0-255,5738,184949,53,317155
36734,0.045797,172.31.46.0-255,66,185015,53,317155
36735,0.048158,74.125.24.0-255,5738,190753,53,317155
36736,0.048177,172.31.46.0-255,66,190819,53,317155
36737,0.050459,74.125.24.0-255,5738,196557,53,317155
36738,0.050465,172.31.46.0-255,66,196623,53,317155
36739,0.052769,74.125.24.0-255,5738,202361,53,317155
36740,0.052776,172.31.46.0-255,66,202427,53,317155
36741,0.055053,74.125.24.0-255,5738,208165,53,317155
36742,0.05506,172.31.46.0-255,66,208231,53,317155
36743,0.057344,74.125.24.0-255,4320,212551,53,317155
36744,0.057352,172.31.46.0-255,66,212617,53,317155
36745,0.057383,74.125.24.0-255,1484,214101,53,317155
36746,0.059655,74.125.24.0-255,4320,218421,53,317155
36747,0.059662,172.31.46.0-255,66,218487,53,317155
36748,0.061953,74.125.24.0-255,5738,224225,53,317155
36749,0.062009,172.31.46.0-255,66,224291,53,317155
36750,0.064286,74.125.24.0-255,5738,230029,53,317155
36751,0.064292,172.31.46.0-255,66,230095,53,317155
36752,0.066568,74.125.24.0-255,5738,235833,53,317155
36753,0.066575,172.31.46.0-255,66,235899,53,317155
36754,0.068875,74.125.24.0-255,5738,241637,53,317155
36755,0.068895,172.31.46.0-255,66,241703,53,317155
36756,0.071244,74.125.24.0-255,5738,247441,53,317155
36757,0.071261,172.31.46.0-255,66,247507,53,317155
36758,0.073558,74.125.24.0-255,5738,253245,53,317155
36759,0.073577,172.31.46.0-255,66,253311,53,317155
36760,0.07589,74.125.24.0-255,5738,259049,53,317155
36761,0.075908,172.31.46.0-255,66,259115,53,317155
36762,0.078225,74.125.24.0-255,5738,264853,53,317155
36763,0.078243,172.31.46.0-255,66,264919,53,317155
36764,0.080548,74.125.24.0-255,5738,270657,53,317155
36765,0.080568,172.31.46.0-255,66,270723,53,317155
36766,0.082866,74.125.24.0-255,5738,276461,53,317155
36767,0.082882,172.31.46.0-255,66,276527,53,317155
36768,0.085178,74.125.24.0-255,5738,282265,53,317155
36769,0.085184,172.31.46.0-255,66,282331,53,317155
36770,0.087478,74.125.24.0-255,5738,288069,53,317155
36771,0.087485,172.31.46.0-255,66,288135,53,317155
36772,0.089765,74.125.24.0-255,5738,293873,53,317155
36773,0.089771,172.31.46.0-255,66,293939,53,317155
36774,0.092084,74.125.24.0-255,5738,299677,53,317155
36775,0.092091,172.31.46.0-255,66,299743,53,317155
36776,0.094371,74.125.24.0-255,5738,305481,53,317155
36777,0.094379,172.31.46.0-255,66,305547,53,317155
36778,0.096654,74.125.24.0-255,5738,311285,53,317155
36779,0.09666,172.31.46.0-255,66,311351,53,317155
36780,0.098991,74.125.24.0-255,5738,317089,53,317155
36781,0.098997,172.31.46.0-255,66,317155,53,317155
36782,0.0,74.125.200.0-255,146,146,53,376656
36783,2.3e-05,172.31.46.0-255,66,212,53,376656
36784,3e-05,74.125.200.0-255,1484,1696,53,376656
36785,3.4e-05,172.31.46.0-255,66,1762,53,376656
36786,4e-05,74.125.200.0-255,2902,4664,53,376656
36787,4.4e-05,172.31.46.0-255,66,4730,53,376656
36788,7.3e-05,74.125.200.0-255,4320,9050,53,376656
36789,9.1e-05,172.31.46.0-255,66,9116,53,376656
36790,0.000112,74.125.200.0-255,1484,10600,53,376656
36791,0.000114,172.31.46.0-255,66,10666,53,376656
36792,0.000122,74.125.200.0-255,6338,17004,53,376656
36793,0.000125,172.31.46.0-255,66,17070,53,376656
36794,0.000129,74.125.200.0-255,4320,21390,53,376656
36795,0.000132,172.31.46.0-255,66,21456,53,376656
36796,0.00016,74.125.200.0-255,5738,27194,53,376656
36797,0.000163,172.31.46.0-255,66,27260,53,376656
36798,0.000168,74.125.200.0-255,3961,31221,53,376656
36799,0.000171,172.31.46.0-255,66,31287,53,376656
36800,0.000235,74.125.200.0-255,1484,32771,53,376656
36801,0.000238,172.31.46.0-255,66,32837,53,376656
36802,0.000255,74.125.200.0-255,2902,35739,53,376656
36803,0.000258,172.31.46.0-255,66,35805,53,376656
36804,0.000282,74.125.200.0-255,4320,40125,53,376656
36805,0.000285,172.31.46.0-255,66,40191,53,376656
36806,0.000291,74.125.200.0-255,5738,45929,53,376656
36807,0.000294,172.31.46.0-255,66,45995,53,376656
36808,0.000313,74.125.200.0-255,1484,47479,53,376656
36809,0.000315,172.31.46.0-255,66,47545,53,376656
36810,0.000334,172.31.46.0-255,66,47611,53,376656
36811,0.000375,172.31.46.0-255,66,47677,53,376656
36812,0.000378,74.125.200.0-255,134,47811,53,376656
36813,0.000783,74.125.200.0-255,1484,49295,53,376656
36814,0.000788,172.31.46.0-255,66,49361,53,376656
36815,0.000822,74.125.200.0-255,1484,50845,53,376656
36816,0.000861,74.125.200.0-255,2902,53747,53,376656
36817,0.000865,172.31.46.0-255,66,53813,53,376656
36818,0.000893,74.125.200.0-255,2902,56715,53,376656
36819,0.000896,172.31.46.0-255,66,56781,53,376656
36820,0.000911,74.125.200.0-255,4320,61101,53,376656
36821,0.000914,172.31.46.0-255,66,61167,53,376656
36822,0.000934,74.125.200.0-255,2902,64069,53,376656
36823,0.000937,172.31.46.0-255,66,64135,53,376656
36824,0.000975,74.125.200.0-255,3961,68096,53,376656
36825,0.000978,172.31.46.0-255,66,68162,53,376656
36826,0.001006,74.125.200.0-255,1484,69646,53,376656
36827,0.001025,74.125.200.0-255,1484,71130,53,376656
36828,0.001028,172.31.46.0-255,66,71196,53,376656
36829,0.001033,74.125.200.0-255,2902,74098,53,376656
36830,0.001035,172.31.46.0-255,66,74164,53,376656
36831,0.001079,74.125.200.0-255,1484,75648,53,376656
36832,0.001097,74.125.200.0-255,4320,79968,53,376656
36833,0.001101,172.31.46.0-255,66,80034,53,376656
36834,0.001104,74.125.200.0-255,1484,81518,53,376656
36835,0.001173,74.125.200.0-255,1383,82901,53,376656
36836,0.001177,172.31.46.0-255,66,82967,53,376656
36837,0.001247,74.125.200.0-255,1484,84451,53,376656
36838,0.001271,74.125.200.0-255,2902,87353,53,376656
36839,0.001275,172.31.46.0-255,66,87419,53,376656
36840,0.001279,74.125.200.0-255,1484,88903,53,376656
36841,0.001294,74.125.200.0-255,1484,90387,53,376656
36842,0.001296,172.31.46.0-255,66,90453,53,376656
36843,0.001314,74.125.200.0-255,1484,91937,53,376656
36844,0.001327,74.125.200.0-255,2902,94839,53,376656
36845,0.001329,172.31.46.0-255,66,94905,53,376656
36846,0.001333,74.125.200.0-255,1484,96389,53,376656
36847,0.001358,74.125.200.0-255,2902,99291,53,376656
36848,0.001361,172.31.46.0-255,66,99357,53,376656
36849,0.001386,74.125.200.0-255,2902,102259,53,376656
36850,0.001389,172.31.46.0-255,66,102325,53,376656
36851,0.001406,74.125.200.0-255,1484,103809,53,376656
36852,0.001447,74.125.200.0-255,2902,106711,53,376656
36853,0.00145,172.31.46.0-255,66,106777,53,376656
36854,0.001469,74.125.200.0-255,2902,109679,53,376656
36855,0.001473,172.31.46.0-255,66,109745,53,376656
36856,0.001504,74.125.200.0-255,4320,114065,53,376656
36857,0.001508,172.31.46.0-255,66,114131,53,376656
36858,0.001535,74.125.200.0-255,1484,115615,53,376656
36859,0.001548,74.125.200.0-255,1635,117250,53,376656
36860,0.001551,172.31.46.0-255,66,117316,53,376656
36861,0.001781,74.125.200.0-255,1484,118800,53,376656
36862,0.001809,74.125.200.0-255,1484,120284,53,376656
36863,0.001813,172.31.46.0-255,66,120350,53,376656
36864,0.001851,74.125.200.0-255,1484,121834,53,376656
36865,0.001873,74.125.200.0-255,2902,124736,53,376656
36866,0.001876,172.31.46.0-255,66,124802,53,376656
36867,0.001909,74.125.200.0-255,1484,126286,53,376656
36868,0.001927,74.125.200.0-255,2902,129188,53,376656
36869,0.00193,172.31.46.0-255,66,129254,53,376656
36870,0.001955,74.125.200.0-255,1484,130738,53,376656
36871,0.001966,74.125.200.0-255,1484,132222,53,376656
36872,0.001969,172.31.46.0-255,66,132288,53,376656
36873,0.001976,74.125.200.0-255,4320,136608,53,376656
36874,0.001978,172.31.46.0-255,66,136674,53,376656
36875,0.002007,74.125.200.0-255,1484,138158,53,376656
36876,0.002011,172.31.46.0-255,66,138224,53,376656
36877,0.00205,74.125.200.0-255,1484,139708,53,376656
36878,0.002054,172.31.46.0-255,66,139774,53,376656
36879,0.002067,74.125.200.0-255,3602,143376,53,376656
36880,0.00207,172.31.46.0-255,66,143442,53,376656
36881,0.002308,74.125.200.0-255,1484,144926,53,376656
36882,0.002363,74.125.200.0-255,1484,146410,53,376656
36883,0.002367,172.31.46.0-255,66,146476,53,376656
36884,0.004383,74.125.200.0-255,2902,149378,53,376656
36885,0.004392,172.31.46.0-255,66,149444,53,376656
36886,0.004675,74.125.200.0-255,2902,152346,53,376656
36887,0.004678,172.31.46.0-255,66,152412,53,376656
36888,0.006704,74.125.200.0-255,2902,155314,53,376656
36889,0.006713,172.31.46.0-255,66,155380,53,376656
36890,0.006989,74.125.200.0-255,2902,158282,53,376656
36891,0.006995,172.31.46.0-255,66,158348,53,376656
36892,0.009018,74.125.200.0-255,2902,161250,53,376656
36893,0.009023,172.31.46.0-255,66,161316,53,376656
36894,0.009302,74.125.200.0-255,2902,164218,53,376656
36895,0.009307,172.31.46.0-255,66,164284,53,376656
36896,0.011379,74.125.200.0-255,2902,167186,53,376656
36897,0.01139,172.31.46.0-255,66,167252,53,376656
36898,0.011625,74.125.200.0-255,2902,170154,53,376656
36899,0.011632,172.31.46.0-255,66,170220,53,376656
36900,0.013714,74.125.200.0-255,2902,173122,53,376656
36901,0.013723,172.31.46.0-255,66,173188,53,376656
36902,0.013959,74.125.200.0-255,2902,176090,53,376656
36903,0.013965,172.31.46.0-255,66,176156,53,376656
36904,0.016039,74.125.200.0-255,2902,179058,53,376656
36905,0.016049,172.31.46.0-255,66,179124,53,376656
36906,0.016277,74.125.200.0-255,2902,182026,53,376656
36907,0.016283,172.31.46.0-255,66,182092,53,376656
36908,0.018387,74.125.200.0-255,2902,184994,53,376656
36909,0.018398,172.31.46.0-255,66,185060,53,376656
36910,0.01863,74.125.200.0-255,2902,187962,53,376656
36911,0.018636,172.31.46.0-255,66,188028,53,376656
36912,0.020758,74.125.200.0-255,2902,190930,53,376656
36913,0.020773,172.31.46.0-255,66,190996,53,376656
36914,0.020973,74.125.200.0-255,2902,193898,53,376656
36915,0.020979,172.31.46.0-255,66,193964,53,376656
36916,0.023093,74.125.200.0-255,2902,196866,53,376656
36917,0.023105,172.31.46.0-255,66,196932,53,376656
36918,0.023285,74.125.200.0-255,2902,199834,53,376656
36919,0.023291,172.31.46.0-255,66,199900,53,376656
36920,0.025432,74.125.200.0-255,2902,202802,53,376656
36921,0.025441,172.31.46.0-255,66,202868,53,376656
36922,0.025594,74.125.200.0-255,2902,205770,53,376656
36923,0.025599,172.31.46.0-255,66,205836,53,376656
36924,0.027753,74.125.200.0-255,2902,208738,53,376656
36925,0.027761,172.31.46.0-255,66,208804,53,376656
36926,0.027913,74.125.200.0-255,2902,211706,53,376656
36927,0.027918,172.31.46.0-255,66,211772,53,376656
36928,0.030069,74.125.200.0-255,2902,214674,53,376656
36929,0.03008,172.31.46.0-255,66,214740,53,376656
36930,0.030233,74.125.200.0-255,2902,217642,53,376656
36931,0.030238,172.31.46.0-255,66,217708,53,376656
36932,0.032405,74.125.200.0-255,2902,220610,53,376656
36933,0.032417,172.31.46.0-255,66,220676,53,376656
36934,0.032557,74.125.200.0-255,2902,223578,53,376656
36935,0.032562,172.31.46.0-255,66,223644,53,376656
36936,0.034732,74.125.200.0-255,2902,226546,53,376656
36937,0.034742,172.31.46.0-255,66,226612,53,376656
36938,0.034868,74.125.200.0-255,2902,229514,53,376656
36939,0.034872,172.31.46.0-255,66,229580,53,376656
36940,0.037061,74.125.200.0-255,2902,232482,53,376656
36941,0.03707,172.31.46.0-255,66,232548,53,376656
36942,0.037201,74.125.200.0-255,2902,235450,53,376656
36943,0.037206,172.31.46.0-255,66,235516,53,376656
36944,0.039397,74.125.200.0-255,2902,238418,53,376656
36945,0.039418,172.31.46.0-255,66,238484,53,376656
36946,0.039512,74.125.200.0-255,2902,241386,53,376656
36947,0.039518,172.31.46.0-255,66,241452,53,376656
36948,0.041741,74.125.200.0-255,2902,244354,53,376656
36949,0.041749,172.31.46.0-255,66,244420,53,376656
36950,0.04183,74.125.200.0-255,2902,247322,53,376656
36951,0.041837,172.31.46.0-255,66,247388,53,376656
36952,0.044083,74.125.200.0-255,2902,250290,53,376656
36953,0.044093,172.31.46.0-255,66,250356,53,376656
36954,0.044137,74.125.200.0-255,2902,253258,53,376656
36955,0.04414,172.31.46.0-255,66,253324,53,376656
36956,0.046444,74.125.200.0-255,2902,256226,53,376656
36957,0.046456,172.31.46.0-255,66,256292,53,376656
36958,0.046477,74.125.200.0-255,2902,259194,53,376656
36959,0.046481,172.31.46.0-255,66,259260,53,376656
36960,0.048276,172.31.46.0-255,188,259448,53,376656
36961,0.048306,172.31.46.0-255,954,260402,53,376656
36962,0.048371,172.31.46.0-255,224,260626,53,376656
36963,0.048769,74.125.200.0-255,2902,263528,53,376656
36964,0.048776,172.31.46.0-255,66,263594,53,376656
36965,0.048798,74.125.200.0-255,2902,266496,53,376656
36966,0.048801,172.31.46.0-255,66,266562,53,376656
36967,0.049849,104.244.42.0-255,66,266628,53,376656
36968,0.049857,104.244.42.0-255,66,266694,53,376656
36969,0.049955,104.244.42.0-255,66,266760,53,376656
36970,0.051108,74.125.200.0-255,5738,272498,53,376656
36971,0.051117,172.31.46.0-255,66,272564,53,376656
36972,0.053445,74.125.200.0-255,5738,278302,53,376656
36973,0.053451,172.31.46.0-255,66,278368,53,376656
36974,0.055777,74.125.200.0-255,5738,284106,53,376656
36975,0.055786,172.31.46.0-255,66,284172,53,376656
36976,0.058116,74.125.200.0-255,5738,289910,53,376656
36977,0.058123,172.31.46.0-255,66,289976,53,376656
36978,0.060445,74.125.200.0-255,5738,295714,53,376656
36979,0.060452,172.31.46.0-255,66,295780,53,376656
36980,0.06277,74.125.200.0-255,5738,301518,53,376656
36981,0.062778,172.31.46.0-255,66,301584,53,376656
36982,0.065106,74.125.200.0-255,5738,307322,53,376656
36983,0.065114,172.31.46.0-255,66,307388,53,376656
36984,0.067431,74.125.200.0-255,5738,313126,53,376656
36985,0.067441,172.31.46.0-255,66,313192,53,376656
36986,0.069774,74.125.200.0-255,5738,318930,53,376656
36987,0.069785,172.31.46.0-255,66,318996,53,376656
36988,0.072107,74.125.200.0-255,5738,324734,53,376656
36989,0.072115,172.31.46.0-255,66,324800,53,376656
36990,0.07443,74.125.200.0-255,5738,330538,53,376656
36991,0.074438,172.31.46.0-255,66,330604,53,376656
36992,0.076775,74.125.200.0-255,5738,336342,53,376656
36993,0.076783,172.31.46.0-255,66,336408,53,376656
36994,0.079123,74.125.200.0-255,5738,342146,53,376656
36995,0.079131,172.31.46.0-255,66,342212,53,376656
36996,0.081461,74.125.200.0-255,5738,347950,53,376656
36997,0.08147,172.31.46.0-255,66,348016,53,376656
36998,0.08379,74.125.200.0-255,5738,353754,53,376656
36999,0.083802,172.31.46.0-255,66,353820,53,376656
37000,0.086124,74.125.200.0-255,5738,359558,53,376656
37001,0.086134,172.31.46.0-255,66,359624,53,376656
37002,0.088464,74.125.200.0-255,5738,365362,53,376656
37003,0.088473,172.31.46.0-255,66,365428,53,376656
37004,0.090893,74.125.200.0-255,5738,371166,53,376656
37005,0.090902,172.31.46.0-255,66,371232,53,376656
37006,0.093229,74.125.200.0-255,5187,376419,53,376656
37007,0.093237,172.31.46.0-255,66,376485,53,376656
37008,0.09345,172.31.46.0-255,105,376590,53,376656
37009,0.095725,74.125.200.0-255,66,376656,53,376656
37010,0.0,74.125.24.0-255,152,152,53,364392
37011,2.4e-05,172.31.46.0-255,66,218,53,364392
37012,3e-05,74.125.24.0-255,1484,1702,53,364392
37013,3.5e-05,172.31.46.0-255,66,1768,53,364392
37014,4.9e-05,74.125.24.0-255,2902,4670,53,364392
37015,5.3e-05,172.31.46.0-255,66,4736,53,364392
37016,6e-05,74.125.24.0-255,7156,11892,53,364392
37017,6.4e-05,172.31.46.0-255,66,11958,53,364392
37018,0.000103,74.125.24.0-255,1971,13929,53,364392
37019,0.000106,172.31.46.0-255,66,13995,53,364392
37020,0.000147,74.125.24.0-255,1484,15479,53,364392
37021,0.00015,172.31.46.0-255,66,15545,53,364392
37022,0.000156,74.125.24.0-255,2902,18447,53,364392
37023,0.000159,172.31.46.0-255,66,18513,53,364392
37024,0.000169,74.125.24.0-255,5738,24251,53,364392
37025,0.000172,172.31.46.0-255,66,24317,53,364392
37026,0.0002,74.125.24.0-255,5738,30055,53,364392
37027,0.000203,172.31.46.0-255,66,30121,53,364392
37028,0.000233,74.125.24.0-255,1125,31246,53,364392
37029,0.000236,172.31.46.0-255,66,31312,53,364392
37030,0.000294,74.125.24.0-255,1484,32796,53,364392
37031,0.000297,172.31.46.0-255,66,32862,53,364392
37032,0.000302,74.125.24.0-255,2902,35764,53,364392
37033,0.000305,172.31.46.0-255,66,35830,53,364392
37034,0.000311,74.125.24.0-255,4320,40150,53,364392
37035,0.000318,172.31.46.0-255,66,40216,53,364392
37036,0.00035,74.125.24.0-255,1484,41700,53,364392
37037,0.000352,172.31.46.0-255,66,41766,53,364392
37038,0.00036,74.125.24.0-255,5738,47504,53,364392
37039,0.000363,172.31.46.0-255,66,47570,53,364392
37040,0.000379,172.31.46.0-255,66,47636,53,364392
37041,0.000385,74.125.24.0-255,4241,51877,53,364392
37042,0.000388,172.31.46.0-255,66,51943,53,364392
37043,0.000419,74.125.24.0-255,130,52073,53,364392
37044,0.000911,74.125.24.0-255,343,52416,53,364392
37045,0.000941,74.125.24.0-255,1484,53900,53,364392
37046,0.000946,172.31.46.0-255,66,53966,53,364392
37047,0.000952,74.125.24.0-255,4320,58286,53,364392
37048,0.000955,172.31.46.0-255,66,58352,53,364392
37049,0.000975,74.125.24.0-255,5738,64090,53,364392
37050,0.000978,172.31.46.0-255,66,64156,53,364392
37051,0.001003,74.125.24.0-255,4320,68476,53,364392
37052,0.001006,172.31.46.0-255,66,68542,53,364392
37053,0.001018,172.31.46.0-255,66,68608,53,364392
37054,0.001047,74.125.24.0-255,7156,75764,53,364392
37055,0.001049,172.31.46.0-255,66,75830,53,364392
37056,0.001054,74.125.24.0-255,2184,78014,53,364392
37057,0.001056,172.31.46.0-255,66,78080,53,364392
37058,0.001955,74.125.24.0-255,1484,79564,53,364392
37059,0.001967,74.125.24.0-255,2902,82466,53,364392
37060,0.001973,172.31.46.0-255,66,82532,53,364392
37061,0.001981,74.125.24.0-255,5738,88270,53,364392
37062,0.001983,172.31.46.0-255,66,88336,53,364392
37063,0.001997,74.125.24.0-255,7156,95492,53,364392
37064,0.002,172.31.46.0-255,66,95558,53,364392
37065,0.002037,74.125.24.0-255,5738,101296,53,364392
37066,0.00204,172.31.46.0-255,66,101362,53,364392
37067,0.002051,172.31.46.0-255,66,101428,53,364392
37068,0.002054,74.125.24.0-255,766,102194,53,364392
37069,0.004122,74.125.24.0-255,4320,106514,53,364392
37070,0.004132,172.31.46.0-255,66,106580,53,364392
37071,0.006194,74.125.24.0-255,5738,112318,53,364392
37072,0.006205,172.31.46.0-255,66,112384,53,364392
37073,0.008306,74.125.24.0-255,5738,118122,53,364392
37074,0.008316,172.31.46.0-255,66,118188,53,364392
37075,0.010409,74.125.24.0-255,5738,123926,53,364392
37076,0.010423,172.31.46.0-255,66,123992,53,364392
37077,0.012526,74.125.24.0-255,5738,129730,53,364392
37078,0.012544,172.31.46.0-255,66,129796,53,364392
37079,0.014603,74.125.24.0-255,5738,135534,53,364392
37080,0.014616,172.31.46.0-255,66,135600,53,364392
37081,0.016735,74.125.24.0-255,5738,141338,53,364392
37082,0.016749,172.31.46.0-255,66,141404,53,364392
37083,0.018829,74.125.24.0-255,5738,147142,53,364392
37084,0.018841,172.31.46.0-255,66,147208,53,364392
37085,0.020901,74.125.24.0-255,5738,152946,53,364392
37086,0.020915,172.31.46.0-255,66,153012,53,364392
37087,0.022992,74.125.24.0-255,5738,158750,53,364392
37088,0.023004,172.31.46.0-255,66,158816,53,364392
37089,0.025127,74.125.24.0-255,5738,164554,53,364392
37090,0.025143,172.31.46.0-255,66,164620,53,364392
37091,0.027215,74.125.24.0-255,5738,170358,53,364392
37092,0.027225,172.31.46.0-255,66,170424,53,364392
37093,0.028623,172.31.46.0-255,172,170596,53,364392
37094,0.028653,172.31.46.0-255,1111,171707,53,364392
37095,0.028717,172.31.46.0-255,1514,173221,53,364392
37096,0.028719,172.31.46.0-255,1292,174513,53,364392
37097,0.029304,74.125.24.0-255,5738,180251,53,364392
37098,0.029313,172.31.46.0-255,66,180317,53,364392
37099,0.030154,104.244.42.0-255,66,180383,53,364392
37100,0.030193,104.244.42.0-255,66,180449,53,364392
37101,0.030243,104.244.42.0-255,66,180515,53,364392
37102,0.031387,74.125.24.0-255,5738,186253,53,364392
37103,0.031394,172.31.46.0-255,66,186319,53,364392
37104,0.033471,74.125.24.0-255,5738,192057,53,364392
37105,0.033479,172.31.46.0-255,66,192123,53,364392
37106,0.035574,74.125.24.0-255,5738,197861,53,364392
37107,0.035589,172.31.46.0-255,66,197927,53,364392
37108,0.037634,74.125.24.0-255,5738,203665,53,364392
37109,0.037644,172.31.46.0-255,66,203731,53,364392
37110,0.039728,74.125.24.0-255,5738,209469,53,364392
37111,0.039739,172.31.46.0-255,66,209535,53,364392
37112,0.041817,74.125.24.0-255,5738,215273,53,364392
37113,0.041833,172.31.46.0-255,66,215339,53,364392
37114,0.043897,74.125.24.0-255,5738,221077,53,364392
37115,0.043907,172.31.46.0-255,66,221143,53,364392
37116,0.046004,74.125.24.0-255,5738,226881,53,364392
37117,0.046016,172.31.46.0-255,66,226947,53,364392
37118,0.048081,74.125.24.0-255,5738,232685,53,364392
37119,0.048092,172.31.46.0-255,66,232751,53,364392
37120,0.050174,74.125.24.0-255,5738,238489,53,364392
37121,0.050186,172.31.46.0-255,66,238555,53,364392
37122,0.052256,74.125.24.0-255,5738,244293,53,364392
37123,0.05227,172.31.46.0-255,66,244359,53,364392
37124,0.054339,74.125.24.0-255,5738,250097,53,364392
37125,0.054351,172.31.46.0-255,66,250163,53,364392
37126,0.056416,74.125.24.0-255,5738,255901,53,364392
37127,0.056427,172.31.46.0-255,66,255967,53,364392
37128,0.058513,74.125.24.0-255,5738,261705,53,364392
37129,0.058524,172.31.46.0-255,66,261771,53,364392
37130,0.060623,74.125.24.0-255,5738,267509,53,364392
37131,0.060635,172.31.46.0-255,66,267575,53,364392
37132,0.062706,74.125.24.0-255,5738,273313,53,364392
37133,0.062716,172.31.46.0-255,66,273379,53,364392
37134,0.064796,74.125.24.0-255,5738,279117,53,364392
37135,0.064801,172.31.46.0-255,66,279183,53,364392
37136,0.066866,74.125.24.0-255,5738,284921,53,364392
37137,0.066884,172.31.46.0-255,66,284987,53,364392
37138,0.068974,74.125.24.0-255,5738,290725,53,364392
37139,0.068985,172.31.46.0-255,66,290791,53,364392
37140,0.071055,74.125.24.0-255,5738,296529,53,364392
37141,0.071063,172.31.46.0-255,66,296595,53,364392
37142,0.073171,74.125.24.0-255,5738,302333,53,364392
37143,0.073181,172.31.46.0-255,66,302399,53,364392
37144,0.075241,74.125.24.0-255,5738,308137,53,364392
37145,0.075254,172.31.46.0-255,66,308203,53,364392
37146,0.077326,74.125.24.0-255,5738,313941,53,364392
37147,0.077345,172.31.46.0-255,66,314007,53,364392
37148,0.079411,74.125.24.0-255,5738,319745,53,364392
37149,0.079416,172.31.46.0-255,66,319811,53,364392
37150,0.081485,74.125.24.0-255,5738,325549,53,364392
37151,0.081492,172.31.46.0-255,66,325615,53,364392
37152,0.083568,74.125.24.0-255,5738,331353,53,364392
37153,0.083576,172.31.46.0-255,66,331419,53,364392
37154,0.08566,74.125.24.0-255,5738,337157,53,364392
37155,0.085673,172.31.46.0-255,66,337223,53,364392
37156,0.08774,74.125.24.0-255,5738,342961,53,364392
37157,0.087751,172.31.46.0-255,66,343027,53,364392
37158,0.089818,74.125.24.0-255,5738,348765,53,364392
37159,0.089828,172.31.46.0-255,66,348831,53,364392
37160,0.09196,74.125.24.0-255,5738,354569,53,364392
37161,0.091974,172.31.46.0-255,66,354635,53,364392
37162,0.094051,74.125.24.0-255,5738,360373,53,364392
37163,0.094061,172.31.46.0-255,66,360439,53,364392
37164,0.096118,74.125.24.0-255,3716,364155,53,364392
37165,0.096131,172.31.46.0-255,66,364221,53,364392
37166,0.096408,172.31.46.0-255,105,364326,53,364392
37167,0.098475,74.125.24.0-255,66,364392,53,364392
37168,0.0,74.125.24.0-255,155,155,53,176111
37169,2.5e-05,172.31.46.0-255,66,221,53,176111
37170,3.3e-05,74.125.24.0-255,1484,1705,53,176111
37171,3.7e-05,172.31.46.0-255,66,1771,53,176111
37172,4.2e-05,74.125.24.0-255,2902,4673,53,176111
37173,4.5e-05,172.31.46.0-255,66,4739,53,176111
37174,5.3e-05,74.125.24.0-255,7156,11895,53,176111
37175,5.7e-05,172.31.46.0-255,66,11961,53,176111
37176,8.6e-05,74.125.24.0-255,7156,19117,53,176111
37177,8.9e-05,172.31.46.0-255,66,19183,53,176111
37178,0.000117,74.125.24.0-255,4888,24071,53,176111
37179,0.00012,172.31.46.0-255,66,24137,53,176111
37180,0.000127,74.125.24.0-255,6797,30934,53,176111
37181,0.000129,172.31.46.0-255,66,31000,53,176111
37182,0.000166,74.125.24.0-255,1484,32484,53,176111
37183,0.000169,172.31.46.0-255,66,32550,53,176111
37184,0.000174,74.125.24.0-255,2902,35452,53,176111
37185,0.000176,172.31.46.0-255,66,35518,53,176111
37186,0.000208,74.125.24.0-255,5738,41256,53,176111
37187,0.00021,172.31.46.0-255,66,41322,53,176111
37188,0.000246,172.31.46.0-255,66,41388,53,176111
37189,0.000257,172.31.46.0-255,66,41454,53,176111
37190,0.000277,74.125.24.0-255,1438,42892,53,176111
37191,0.000279,172.31.46.0-255,66,42958,53,176111
37192,0.000315,74.125.24.0-255,373,43331,53,176111
37193,0.000317,172.31.46.0-255,66,43397,53,176111
37194,0.000573,74.125.24.0-255,1484,44881,53,176111
37195,0.000578,172.31.46.0-255,66,44947,53,176111
37196,0.000584,74.125.24.0-255,2902,47849,53,176111
37197,0.000586,172.31.46.0-255,66,47915,53,176111
37198,0.000592,74.125.24.0-255,4320,52235,53,176111
37199,0.000595,172.31.46.0-255,66,52301,53,176111
37200,0.000619,74.125.24.0-255,1484,53785,53,176111
37201,0.000635,172.31.46.0-255,66,53851,53,176111
37202,0.000639,74.125.24.0-255,2902,56753,53,176111
37203,0.000641,172.31.46.0-255,66,56819,53,176111
37204,0.000662,172.31.46.0-255,66,56885,53,176111
37205,0.000945,74.125.24.0-255,1484,58369,53,176111
37206,0.000951,74.125.24.0-255,2902,61271,53,176111
37207,0.000954,172.31.46.0-255,66,61337,53,176111
37208,0.00096,74.125.24.0-255,2902,64239,53,176111
37209,0.000962,172.31.46.0-255,66,64305,53,176111
37210,0.000977,74.125.24.0-255,2902,67207,53,176111
37211,0.000979,172.31.46.0-255,66,67273,53,176111
37212,0.00102,172.31.46.0-255,66,67339,53,176111
37213,0.001027,74.125.24.0-255,7156,74495,53,176111
37214,0.001029,172.31.46.0-255,66,74561,53,176111
37215,0.001055,74.125.24.0-255,3602,78163,53,176111
37216,0.001059,172.31.46.0-255,66,78229,53,176111
37217,0.001671,74.125.24.0-255,1484,79713,53,176111
37218,0.001679,74.125.24.0-255,2902,82615,53,176111
37219,0.001682,172.31.46.0-255,66,82681,53,176111
37220,0.001703,74.125.24.0-255,2902,85583,53,176111
37221,0.001706,172.31.46.0-255,66,85649,53,176111
37222,0.001713,74.125.24.0-255,7156,92805,53,176111
37223,0.001715,172.31.46.0-255,66,92871,53,176111
37224,0.001739,74.125.24.0-255,1484,94355,53,176111
37225,0.001776,172.31.46.0-255,66,94421,53,176111
37226,0.001781,74.125.24.0-255,3602,98023,53,176111
37227,0.001783,172.31.46.0-255,66,98089,53,176111
37228,0.001951,74.125.24.0-255,1484,99573,53,176111
37229,0.001958,74.125.24.0-255,2902,102475,53,176111
37230,0.001961,172.31.46.0-255,66,102541,53,176111
37231,0.001968,74.125.24.0-255,4320,106861,53,176111
37232,0.001969,172.31.46.0-255,66,106927,53,176111
37233,0.001982,74.125.24.0-255,1484,108411,53,176111
37234,0.002009,172.31.46.0-255,66,108477,53,176111
37235,0.00202,172.31.46.0-255,66,108543,53,176111
37236,0.002033,74.125.24.0-255,2184,110727,53,176111
37237,0.002035,172.31.46.0-255,66,110793,53,176111
37238,0.002098,172.31.46.0-255,66,110859,53,176111
37239,0.002117,74.125.24.0-255,2902,113761,53,176111
37240,0.002119,172.31.46.0-255,66,113827,53,176111
37241,0.002131,172.31.46.0-255,66,113893,53,176111
37242,0.002139,74.125.24.0-255,7156,121049,53,176111
37243,0.002142,172.31.46.0-255,66,121115,53,176111
37244,0.002154,74.125.24.0-255,2902,124017,53,176111
37245,0.002156,172.31.46.0-255,66,124083,53,176111
37246,0.002161,74.125.24.0-255,2902,126985,53,176111
37247,0.002163,172.31.46.0-255,66,127051,53,176111
37248,0.002218,172.31.46.0-255,66,127117,53,176111
37249,0.002328,74.125.24.0-255,1484,128601,53,176111
37250,0.002335,74.125.24.0-255,5738,134339,53,176111
37251,0.002351,74.125.24.0-255,3602,137941,53,176111
37252,0.002383,74.125.24.0-255,2902,140843,53,176111
37253,0.002411,74.125.24.0-255,2902,143745,53,176111
37254,0.008239,172.31.46.0-255,66,143811,53,176111
37255,0.010594,74.125.24.0-255,5738,149549,53,176111
37256,0.0106,172.31.46.0-255,66,149615,53,176111
37257,0.012932,74.125.24.0-255,5738,155353,53,176111
37258,0.012939,172.31.46.0-255,66,155419,53,176111
37259,0.01528,74.125.24.0-255,4320,159739,53,176111
37260,0.015289,172.31.46.0-255,66,159805,53,176111
37261,0.015303,74.125.24.0-255,1484,161289,53,176111
37262,0.017669,74.125.24.0-255,4320,165609,53,176111
37263,0.017676,172.31.46.0-255,66,165675,53,176111
37264,0.020018,74.125.24.0-255,5738,171413,53,176111
37265,0.020034,172.31.46.0-255,66,171479,53,176111
37266,0.022349,74.125.24.0-255,212,171691,53,176111
37267,0.023269,172.31.46.0-255,66,171757,53,176111
37268,0.023315,172.31.46.0-255,105,171862,53,176111
37269,0.025619,74.125.24.0-255,66,171928,53,176111
37270,0.036629,172.31.46.0-255,172,172100,53,176111
37271,0.036664,172.31.46.0-255,1112,173212,53,176111
37272,0.03673,172.31.46.0-255,1514,174726,53,176111
37273,0.036732,172.31.46.0-255,1187,175913,53,176111
37274,0.038157,104.244.42.0-255,66,175979,53,176111
37275,0.038196,104.244.42.0-255,66,176045,53,176111
37276,0.038295,104.244.42.0-255,66,176111,53,176111
37277,0.0,172.217.194.0-255,303,303,53,266329
37278,2.9e-05,172.31.46.0-255,66,369,53,266329
37279,3.5e-05,172.217.194.0-255,1484,1853,53,266329
37280,3.9e-05,172.31.46.0-255,66,1919,53,266329
37281,4.5e-05,172.217.194.0-255,4320,6239,53,266329
37282,4.7e-05,172.31.46.0-255,66,6305,53,266329
37283,5.2e-05,172.217.194.0-255,4320,10625,53,266329
37284,5.5e-05,172.31.46.0-255,66,10691,53,266329
37285,8.3e-05,172.217.194.0-255,4722,15413,53,266329
37286,8.5e-05,172.31.46.0-255,66,15479,53,266329
37287,9.8e-05,172.31.46.0-255,66,15545,53,266329
37288,0.000102,172.217.194.0-255,3961,19506,53,266329
37289,0.000104,172.31.46.0-255,66,19572,53,266329
37290,0.000285,172.217.194.0-255,1484,21056,53,266329
37291,0.00029,172.31.46.0-255,66,21122,53,266329
37292,0.000295,172.217.194.0-255,2902,24024,53,266329
37293,0.000298,172.31.46.0-255,66,24090,53,266329
37294,0.000327,172.217.194.0-255,5738,29828,53,266329
37295,0.000331,172.31.46.0-255,66,29894,53,266329
37296,0.000334,172.217.194.0-255,1484,31378,53,266329
37297,0.000336,172.31.46.0-255,66,31444,53,266329
37298,0.000354,172.217.194.0-255,4320,35764,53,266329
37299,0.000357,172.31.46.0-255,66,35830,53,266329
37300,0.000397,172.31.46.0-255,66,35896,53,266329
37301,0.00041,172.31.46.0-255,66,35962,53,266329
37302,0.00065,172.217.194.0-255,404,36366,53,266329
37303,0.000655,172.31.46.0-255,66,36432,53,266329
37304,0.00077,172.217.194.0-255,1484,37916,53,266329
37305,0.000774,172.31.46.0-255,66,37982,53,266329
37306,0.000779,172.217.194.0-255,2902,40884,53,266329
37307,0.000781,172.31.46.0-255,66,40950,53,266329
37308,0.000811,172.217.194.0-255,2902,43852,53,266329
37309,0.000814,172.31.46.0-255,66,43918,53,266329
37310,0.000836,172.217.194.0-255,2902,46820,53,266329
37311,0.000839,172.31.46.0-255,66,46886,53,266329
37312,0.000846,172.217.194.0-255,7156,54042,53,266329
37313,0.000849,172.31.46.0-255,66,54108,53,266329
37314,0.000872,172.217.194.0-255,1125,55233,53,266329
37315,0.000889,172.31.46.0-255,66,55299,53,266329
37316,0.002064,172.217.194.0-255,1484,56783,53,266329
37317,0.002075,172.217.194.0-255,2902,59685,53,266329
37318,0.00208,172.31.46.0-255,66,59751,53,266329
37319,0.002087,172.217.194.0-255,5738,65489,53,266329
37320,0.002088,172.31.46.0-255,66,65555,53,266329
37321,0.002106,172.217.194.0-255,2902,68457,53,266329
37322,0.002108,172.31.46.0-255,66,68523,53,266329
37323,0.002125,172.217.194.0-255,7156,75679,53,266329
37324,0.002127,172.31.46.0-255,66,75745,53,266329
37325,0.002151,172.217.194.0-255,2902,78647,53,266329
37326,0.002153,172.31.46.0-255,66,78713,53,266329
37327,0.002164,172.31.46.0-255,66,78779,53,266329
37328,0.002333,172.217.194.0-255,1484,80263,53,266329
37329,0.002357,172.217.194.0-255,2902,83165,53,266329
37330,0.002361,172.31.46.0-255,66,83231,53,266329
37331,0.002368,172.217.194.0-255,5738,88969,53,266329
37332,0.002371,172.31.46.0-255,66,89035,53,266329
37333,0.002376,172.217.194.0-255,4320,93355,53,266329
37334,0.002378,172.31.46.0-255,66,93421,53,266329
37335,0.002412,172.31.46.0-255,66,93487,53,266329
37336,0.002423,172.31.46.0-255,66,93553,53,266329
37337,0.00244,172.217.194.0-255,2902,96455,53,266329
37338,0.002443,172.31.46.0-255,66,96521,53,266329
37339,0.002494,172.31.46.0-255,66,96587,53,266329
37340,0.002499,172.217.194.0-255,5738,102325,53,266329
37341,0.002502,172.31.46.0-255,66,102391,53,266329
37342,0.002523,172.31.46.0-255,66,102457,53,266329
37343,0.002525,172.217.194.0-255,1484,103941,53,266329
37344,0.002555,172.31.46.0-255,66,104007,53,266329
37345,0.00256,172.217.194.0-255,2902,106909,53,266329
37346,0.002563,172.31.46.0-255,66,106975,53,266329
37347,0.002588,172.31.46.0-255,66,107041,53,266329
37348,0.005241,172.217.194.0-255,5738,112779,53,266329
37349,0.00525,172.31.46.0-255,66,112845,53,266329
37350,0.007895,172.217.194.0-255,5738,118583,53,266329
37351,0.007901,172.31.46.0-255,66,118649,53,266329
37352,0.010542,172.217.194.0-255,5738,124387,53,266329
37353,0.01055,172.31.46.0-255,66,124453,53,266329
37354,0.013265,172.217.194.0-255,2902,127355,53,266329
37355,0.013274,172.31.46.0-255,66,127421,53,266329
37356,0.013292,172.217.194.0-255,2902,130323,53,266329
37357,0.013295,172.31.46.0-255,66,130389,53,266329
37358,0.015914,172.217.194.0-255,5738,136127,53,266329
37359,0.015923,172.31.46.0-255,66,136193,53,266329
37360,0.018557,172.217.194.0-255,5738,141931,53,266329
37361,0.018571,172.31.46.0-255,66,141997,53,266329
37362,0.021251,172.217.194.0-255,5738,147735,53,266329
37363,0.021259,172.31.46.0-255,66,147801,53,266329
37364,0.023897,172.217.194.0-255,5738,153539,53,266329
37365,0.023912,172.31.46.0-255,66,153605,53,266329
37366,0.024443,172.31.46.0-255,159,153764,53,266329
37367,0.024478,172.31.46.0-255,1121,154885,53,266329
37368,0.024554,172.31.46.0-255,1514,156399,53,266329
37369,0.024556,172.31.46.0-255,320,156719,53,266329
37370,0.026035,104.244.42.0-255,66,156785,53,266329
37371,0.026118,104.244.42.0-255,66,156851,53,266329
37372,0.026195,104.244.42.0-255,66,156917,53,266329
37373,0.026587,172.217.194.0-255,5738,162655,53,266329
37374,0.026593,172.31.46.0-255,66,162721,53,266329
37375,0.029245,172.217.194.0-255,5738,168459,53,266329
37376,0.029253,172.31.46.0-255,66,168525,53,266329
37377,0.031944,172.217.194.0-255,5738,174263,53,266329
37378,0.031951,172.31.46.0-255,66,174329,53,266329
37379,0.03465,172.217.194.0-255,5738,180067,53,266329
37380,0.034657,172.31.46.0-255,66,180133,53,266329
37381,0.037309,172.217.194.0-255,5738,185871,53,266329
37382,0.037316,172.31.46.0-255,66,185937,53,266329
37383,0.039937,172.217.194.0-255,5738,191675,53,266329
37384,0.039943,172.31.46.0-255,66,191741,53,266329
37385,0.042591,172.217.194.0-255,5738,197479,53,266329
37386,0.042601,172.31.46.0-255,66,197545,53,266329
37387,0.045228,172.217.194.0-255,5738,203283,53,266329
37388,0.045233,172.31.46.0-255,66,203349,53,266329
37389,0.047888,172.217.194.0-255,5738,209087,53,266329
37390,0.047895,172.31.46.0-255,66,209153,53,266329
37391,0.050544,172.217.194.0-255,5738,214891,53,266329
37392,0.05055,172.31.46.0-255,66,214957,53,266329
37393,0.053178,172.217.194.0-255,5738,220695,53,266329
37394,0.053184,172.31.46.0-255,66,220761,53,266329
37395,0.055819,172.217.194.0-255,5738,226499,53,266329
37396,0.055825,172.31.46.0-255,66,226565,53,266329
37397,0.058483,172.217.194.0-255,5738,232303,53,266329
37398,0.058491,172.31.46.0-255,66,232369,53,266329
37399,0.061164,172.217.194.0-255,5738,238107,53,266329
37400,0.061171,172.31.46.0-255,66,238173,53,266329
37401,0.063829,172.217.194.0-255,5738,243911,53,266329
37402,0.063836,172.31.46.0-255,66,243977,53,266329
37403,0.066485,172.217.194.0-255,5738,249715,53,266329
37404,0.066492,172.31.46.0-255,66,249781,53,266329
37405,0.069121,172.217.194.0-255,5738,255519,53,266329
37406,0.069128,172.31.46.0-255,66,255585,53,266329
37407,0.071757,172.217.194.0-255,5738,261323,53,266329
37408,0.071763,172.31.46.0-255,66,261389,53,266329
37409,0.07444,172.217.194.0-255,4703,266092,53,266329
37410,0.074446,172.31.46.0-255,66,266158,53,266329
37411,0.074656,172.31.46.0-255,105,266263,53,266329
37412,0.077233,172.217.194.0-255,66,266329,53,266329
37413,0.0,172.217.194.0-255,153,153,53,265096
37414,2.3e-05,172.31.46.0-255,66,219,53,265096
37415,3e-05,172.217.194.0-255,1484,1703,53,265096
37416,3.4e-05,172.31.46.0-255,66,1769,53,265096
37417,3.9e-05,172.217.194.0-255,2902,4671,53,265096
37418,5.1e-05,172.31.46.0-255,66,4737,53,265096
37419,5.5e-05,172.217.194.0-255,1484,6221,53,265096
37420,5.7e-05,172.31.46.0-255,66,6287,53,265096
37421,6.4e-05,172.217.194.0-255,5738,12025,53,265096
37422,6.8e-05,172.31.46.0-255,66,12091,53,265096
37423,7.2e-05,172.217.194.0-255,1900,13991,53,265096
37424,7.5e-05,172.31.46.0-255,66,14057,53,265096
37425,0.0001,172.217.194.0-255,2902,16959,53,265096
37426,0.000108,172.31.46.0-255,66,17025,53,265096
37427,0.000112,172.217.194.0-255,2902,19927,53,265096
37428,0.000115,172.31.46.0-255,66,19993,53,265096
37429,0.000146,172.217.194.0-255,4320,24313,53,265096
37430,0.00015,172.31.46.0-255,66,24379,53,265096
37431,0.000156,172.217.194.0-255,5738,30117,53,265096
37432,0.000159,172.31.46.0-255,66,30183,53,265096
37433,0.000189,172.217.194.0-255,1125,31308,53,265096
37434,0.000191,172.31.46.0-255,66,31374,53,265096
37435,0.000296,172.217.194.0-255,1484,32858,53,265096
37436,0.0003,172.31.46.0-255,66,32924,53,265096
37437,0.000305,172.217.194.0-255,2902,35826,53,265096
37438,0.000307,172.31.46.0-255,66,35892,53,265096
37439,0.000314,172.217.194.0-255,5738,41630,53,265096
37440,0.000322,172.31.46.0-255,66,41696,53,265096
37441,0.000357,172.31.46.0-255,66,41762,53,265096
37442,0.000413,172.31.46.0-255,66,41828,53,265096
37443,0.000531,172.217.194.0-255,646,42474,53,265096
37444,0.000668,172.217.194.0-255,1484,43958,53,265096
37445,0.000673,172.31.46.0-255,66,44024,53,265096
37446,0.000679,172.217.194.0-255,2902,46926,53,265096
37447,0.000682,172.31.46.0-255,66,46992,53,265096
37448,0.000693,172.217.194.0-255,4320,51312,53,265096
37449,0.000695,172.31.46.0-255,66,51378,53,265096
37450,0.000698,172.217.194.0-255,1484,52862,53,265096
37451,0.000735,172.217.194.0-255,7156,60018,53,265096
37452,0.000739,172.31.46.0-255,66,60084,53,265096
37453,0.000792,172.217.194.0-255,7156,67240,53,265096
37454,0.000795,172.31.46.0-255,66,67306,53,265096
37455,0.00082,172.31.46.0-255,66,67372,53,265096
37456,0.000982,172.217.194.0-255,1484,68856,53,265096
37457,0.000988,172.217.194.0-255,2902,71758,53,265096
37458,0.000992,172.31.46.0-255,66,71824,53,265096
37459,0.001025,172.217.194.0-255,5738,77562,53,265096
37460,0.001028,172.31.46.0-255,66,77628,53,265096
37461,0.001041,172.31.46.0-255,66,77694,53,265096
37462,0.001073,172.217.194.0-255,1484,79178,53,265096
37463,0.001087,172.31.46.0-255,66,79244,53,265096
37464,0.001436,172.217.194.0-255,1484,80728,53,265096
37465,0.001444,172.217.194.0-255,2902,83630,53,265096
37466,0.001447,172.31.46.0-255,66,83696,53,265096
37467,0.001454,172.217.194.0-255,5738,89434,53,265096
37468,0.001456,172.31.46.0-255,66,89500,53,265096
37469,0.001476,172.217.194.0-255,2902,92402,53,265096
37470,0.001478,172.31.46.0-255,66,92468,53,265096
37471,0.001522,172.31.46.0-255,66,92534,53,265096
37472,0.001538,172.31.46.0-255,66,92600,53,265096
37473,0.001603,172.217.194.0-255,1484,94084,53,265096
37474,0.001608,172.217.194.0-255,2902,96986,53,265096
37475,0.001613,172.31.46.0-255,66,97052,53,265096
37476,0.001649,172.217.194.0-255,5738,102790,53,265096
37477,0.001652,172.31.46.0-255,66,102856,53,265096
37478,0.00166,172.217.194.0-255,7156,110012,53,265096
37479,0.001663,172.31.46.0-255,66,110078,53,265096
37480,0.001694,172.217.194.0-255,5738,115816,53,265096
37481,0.001696,172.31.46.0-255,66,115882,53,265096
37482,0.001707,172.31.46.0-255,66,115948,53,265096
37483,0.00171,172.217.194.0-255,766,116714,53,265096
37484,0.00174,172.217.194.0-255,1484,118198,53,265096
37485,0.001743,172.31.46.0-255,66,118264,53,265096
37486,0.001748,172.217.194.0-255,2902,121166,53,265096
37487,0.00175,172.31.46.0-255,66,121232,53,265096
37488,0.001774,172.217.194.0-255,1484,122716,53,265096
37489,0.001781,172.217.194.0-255,1484,124200,53,265096
37490,0.001785,172.217.194.0-255,2902,127102,53,265096
37491,0.001791,172.217.194.0-255,5738,132840,53,265096
37492,0.001796,172.31.46.0-255,66,132906,53,265096
37493,0.001799,172.31.46.0-255,66,132972,53,265096
37494,0.001802,172.31.46.0-255,66,133038,53,265096
37495,0.001848,172.31.46.0-255,66,133104,53,265096
37496,0.001851,172.217.194.0-255,1484,134588,53,265096
37497,0.001882,172.217.194.0-255,3602,138190,53,265096
37498,0.001885,172.31.46.0-255,66,138256,53,265096
37499,0.001983,172.217.194.0-255,1484,139740,53,265096
37500,0.001987,172.217.194.0-255,1484,141224,53,265096
37501,0.00199,172.31.46.0-255,66,141290,53,265096
37502,0.002015,172.217.194.0-255,1484,142774,53,265096
37503,0.002021,172.217.194.0-255,4320,147094,53,265096
37504,0.002024,172.31.46.0-255,66,147160,53,265096
37505,0.002044,172.217.194.0-255,1484,148644,53,265096
37506,0.002051,172.217.194.0-255,5738,154382,53,265096
37507,0.002061,172.217.194.0-255,4320,158702,53,265096
37508,0.002066,172.31.46.0-255,66,158768,53,265096
37509,0.002069,172.31.46.0-255,66,158834,53,265096
37510,0.002102,172.31.46.0-255,66,158900,53,265096
37511,0.002109,172.217.194.0-255,5020,163920,53,265096
37512,0.002111,172.31.46.0-255,66,163986,53,265096
37513,0.002181,172.31.46.0-255,66,164052,53,265096
37514,0.002209,172.217.194.0-255,2902,166954,53,265096
37515,0.002212,172.31.46.0-255,66,167020,53,265096
37516,0.002226,172.31.46.0-255,66,167086,53,265096
37517,0.004329,172.217.194.0-255,5738,172824,53,265096
37518,0.004336,172.31.46.0-255,66,172890,53,265096
37519,0.006455,172.217.194.0-255,5738,178628,53,265096
37520,0.006461,172.31.46.0-255,66,178694,53,265096
37521,0.008585,172.217.194.0-255,5738,184432,53,265096
37522,0.008591,172.31.46.0-255,66,184498,53,265096
37523,0.010691,172.217.194.0-255,5738,190236,53,265096
37524,0.010698,172.31.46.0-255,66,190302,53,265096
37525,0.012799,172.217.194.0-255,5738,196040,53,265096
37526,0.012807,172.31.46.0-255,66,196106,53,265096
37527,0.014957,172.217.194.0-255,5738,201844,53,265096
37528,0.014966,172.31.46.0-255,66,201910,53,265096
37529,0.01711,172.217.194.0-255,5738,207648,53,265096
37530,0.017128,172.31.46.0-255,66,207714,53,265096
37531,0.019261,172.217.194.0-255,5738,213452,53,265096
37532,0.019277,172.31.46.0-255,66,213518,53,265096
37533,0.021403,172.217.194.0-255,5738,219256,53,265096
37534,0.021416,172.31.46.0-255,66,219322,53,265096
37535,0.023534,172.217.194.0-255,5738,225060,53,265096
37536,0.023545,172.31.46.0-255,66,225126,53,265096
37537,0.025664,172.217.194.0-255,5738,230864,53,265096
37538,0.025674,172.31.46.0-255,66,230930,53,265096
37539,0.02781,172.217.194.0-255,5738,236668,53,265096
37540,0.027822,172.31.46.0-255,66,236734,53,265096
37541,0.029951,172.217.194.0-255,5738,242472,53,265096
37542,0.029963,172.31.46.0-255,66,242538,53,265096
37543,0.032067,172.217.194.0-255,5738,248276,53,265096
37544,0.032075,172.31.46.0-255,66,248342,53,265096
37545,0.034216,172.217.194.0-255,5738,254080,53,265096
37546,0.034229,172.31.46.0-255,66,254146,53,265096
37547,0.03634,172.217.194.0-255,5738,259884,53,265096
37548,0.036348,172.31.46.0-255,66,259950,53,265096
37549,0.036424,172.31.46.0-255,171,260121,53,265096
37550,0.036452,172.31.46.0-255,1131,261252,53,265096
37551,0.036513,172.31.46.0-255,1514,262766,53,265096
37552,0.036515,172.31.46.0-255,1272,264038,53,265096
37553,0.037976,104.244.42.0-255,66,264104,53,265096
37554,0.038015,104.244.42.0-255,66,264170,53,265096
37555,0.038086,104.244.42.0-255,66,264236,53,265096
37556,0.038421,172.217.194.0-255,623,264859,53,265096
37557,0.038576,172.31.46.0-255,66,264925,53,265096
37558,0.038615,172.31.46.0-255,105,265030,53,265096
37559,0.040688,172.217.194.0-255,66,265096,53,265096
37560,0.0,74.125.24.0-255,297,297,53,245046
37561,2.3e-05,172.31.46.0-255,66,363,53,245046
37562,2.9e-05,74.125.24.0-255,1484,1847,53,245046
37563,3.2e-05,172.31.46.0-255,66,1913,53,245046
37564,3.8e-05,74.125.24.0-255,4320,6233,53,245046
37565,4.1e-05,172.31.46.0-255,66,6299,53,245046
37566,4.6e-05,74.125.24.0-255,4320,10619,53,245046
37567,4.8e-05,172.31.46.0-255,66,10685,53,245046
37568,5.2e-05,74.125.24.0-255,2902,13587,53,245046
37569,5.5e-05,172.31.46.0-255,66,13653,53,245046
37570,8.3e-05,172.31.46.0-255,66,13719,53,245046
37571,9.4e-05,172.31.46.0-255,66,13785,53,245046
37572,0.000263,74.125.24.0-255,1484,15269,53,245046
37573,0.000267,172.31.46.0-255,66,15335,53,245046
37574,0.000272,74.125.24.0-255,2902,18237,53,245046
37575,0.000274,172.31.46.0-255,66,18303,53,245046
37576,0.000279,74.125.24.0-255,4320,22623,53,245046
37577,0.000282,172.31.46.0-255,66,22689,53,245046
37578,0.000286,74.125.24.0-255,2902,25591,53,245046
37579,0.000288,172.31.46.0-255,66,25657,53,245046
37580,0.000312,74.125.24.0-255,2902,28559,53,245046
37581,0.000314,172.31.46.0-255,66,28625,53,245046
37582,0.000332,74.125.24.0-255,2543,31168,53,245046
37583,0.000334,172.31.46.0-255,66,31234,53,245046
37584,0.000645,74.125.24.0-255,1484,32718,53,245046
37585,0.000649,172.31.46.0-255,66,32784,53,245046
37586,0.000654,74.125.24.0-255,2902,35686,53,245046
37587,0.000655,172.31.46.0-255,66,35752,53,245046
37588,0.00066,74.125.24.0-255,4320,40072,53,245046
37589,0.000662,172.31.46.0-255,66,40138,53,245046
37590,0.00068,74.125.24.0-255,1484,41622,53,245046
37591,0.000687,74.125.24.0-255,5738,47360,53,245046
37592,0.000688,172.31.46.0-255,66,47426,53,245046
37593,0.000731,74.125.24.0-255,1707,49133,53,245046
37594,0.000734,172.31.46.0-255,66,49199,53,245046
37595,0.00089,74.125.24.0-255,1484,50683,53,245046
37596,0.000902,74.125.24.0-255,2902,53585,53,245046
37597,0.000905,172.31.46.0-255,66,53651,53,245046
37598,0.000925,74.125.24.0-255,5738,59389,53,245046
37599,0.000927,172.31.46.0-255,66,59455,53,245046
37600,0.000932,74.125.24.0-255,4320,63775,53,245046
37601,0.000934,172.31.46.0-255,66,63841,53,245046
37602,0.000946,74.125.24.0-255,2543,66384,53,245046
37603,0.00095,172.31.46.0-255,66,66450,53,245046
37604,0.001032,74.125.24.0-255,1484,67934,53,245046
37605,0.001036,74.125.24.0-255,1484,69418,53,245046
37606,0.001038,172.31.46.0-255,66,69484,53,245046
37607,0.001052,74.125.24.0-255,1484,70968,53,245046
37608,0.001057,74.125.24.0-255,4320,75288,53,245046
37609,0.001059,172.31.46.0-255,66,75354,53,245046
37610,0.001083,74.125.24.0-255,1484,76838,53,245046
37611,0.001086,74.125.24.0-255,1484,78322,53,245046
37612,0.001087,172.31.46.0-255,66,78388,53,245046
37613,0.001109,74.125.24.0-255,5379,83767,53,245046
37614,0.001111,172.31.46.0-255,66,83833,53,245046
37615,0.001226,74.125.24.0-255,1484,85317,53,245046
37616,0.001249,74.125.24.0-255,2902,88219,53,245046
37617,0.001252,172.31.46.0-255,66,88285,53,245046
37618,0.001258,74.125.24.0-255,5738,94023,53,245046
37619,0.001259,172.31.46.0-255,66,94089,53,245046
37620,0.001265,74.125.24.0-255,4320,98409,53,245046
37621,0.001266,172.31.46.0-255,66,98475,53,245046
37622,0.001292,172.31.46.0-255,66,98541,53,245046
37623,0.001321,74.125.24.0-255,7156,105697,53,245046
37624,0.001323,172.31.46.0-255,66,105763,53,245046
37625,0.001338,74.125.24.0-255,3602,109365,53,245046
37626,0.00134,172.31.46.0-255,66,109431,53,245046
37627,0.00167,74.125.24.0-255,1484,110915,53,245046
37628,0.001677,74.125.24.0-255,2902,113817,53,245046
37629,0.001681,172.31.46.0-255,66,113883,53,245046
37630,0.001702,74.125.24.0-255,5738,119621,53,245046
37631,0.001704,172.31.46.0-255,66,119687,53,245046
37632,0.001733,172.31.46.0-255,66,119753,53,245046
37633,0.001753,74.125.24.0-255,1484,121237,53,245046
37634,0.001779,172.31.46.0-255,66,121303,53,245046
37635,0.001834,74.125.24.0-255,1484,122787,53,245046
37636,0.001839,74.125.24.0-255,2902,125689,53,245046
37637,0.001841,172.31.46.0-255,66,125755,53,245046
37638,0.001863,74.125.24.0-255,5738,131493,53,245046
37639,0.001865,172.31.46.0-255,66,131559,53,245046
37640,0.001897,172.31.46.0-255,66,131625,53,245046
37641,0.001917,74.125.24.0-255,4320,135945,53,245046
37642,0.001919,172.31.46.0-255,66,136011,53,245046
37643,0.001924,74.125.24.0-255,5738,141749,53,245046
37644,0.001926,172.31.46.0-255,66,141815,53,245046
37645,0.00195,74.125.24.0-255,5020,146835,53,245046
37646,0.001952,172.31.46.0-255,66,146901,53,245046
37647,0.00216,74.125.24.0-255,1484,148385,53,245046
37648,0.002167,74.125.24.0-255,2902,151287,53,245046
37649,0.002171,172.31.46.0-255,66,151353,53,245046
37650,0.002175,74.125.24.0-255,2902,154255,53,245046
37651,0.002177,172.31.46.0-255,66,154321,53,245046
37652,0.002196,74.125.24.0-255,2902,157223,53,245046
37653,0.002198,172.31.46.0-255,66,157289,53,245046
37654,0.002208,172.31.46.0-255,66,157355,53,245046
37655,0.002236,74.125.24.0-255,4320,161675,53,245046
37656,0.002239,172.31.46.0-255,66,161741,53,245046
37657,0.002248,172.31.46.0-255,66,161807,53,245046
37658,0.002251,74.125.24.0-255,766,162573,53,245046
37659,0.002392,74.125.24.0-255,1484,164057,53,245046
37660,0.002396,172.31.46.0-255,66,164123,53,245046
37661,0.002412,74.125.24.0-255,2902,167025,53,245046
37662,0.002427,172.31.46.0-255,66,167091,53,245046
37663,0.002431,74.125.24.0-255,2902,169993,53,245046
37664,0.002433,172.31.46.0-255,66,170059,53,245046
37665,0.002442,74.125.24.0-255,7156,177215,53,245046
37666,0.002445,172.31.46.0-255,66,177281,53,245046
37667,0.002449,74.125.24.0-255,2902,180183,53,245046
37668,0.002451,172.31.46.0-255,66,180249,53,245046
37669,0.002482,172.31.46.0-255,66,180315,53,245046
37670,0.002487,74.125.24.0-255,3602,183917,53,245046
37671,0.002489,172.31.46.0-255,66,183983,53,245046
37672,0.002494,74.125.24.0-255,4320,188303,53,245046
37673,0.002496,172.31.46.0-255,66,188369,53,245046
37674,0.002522,74.125.24.0-255,5738,194107,53,245046
37675,0.002524,172.31.46.0-255,66,194173,53,245046
37676,0.00253,74.125.24.0-255,5738,199911,53,245046
37677,0.002532,172.31.46.0-255,66,199977,53,245046
37678,0.002557,172.31.46.0-255,66,200043,53,245046
37679,0.002586,74.125.24.0-255,6438,206481,53,245046
37680,0.002588,172.31.46.0-255,66,206547,53,245046
37681,0.002591,74.125.24.0-255,1484,208031,53,245046
37682,0.002593,74.125.24.0-255,1484,209515,53,245046
37683,0.002595,172.31.46.0-255,66,209581,53,245046
37684,0.002616,172.31.46.0-255,66,209647,53,245046
37685,0.00265,74.125.24.0-255,2902,212549,53,245046
37686,0.002652,172.31.46.0-255,66,212615,53,245046
37687,0.002676,74.125.24.0-255,7156,219771,53,245046
37688,0.002679,172.31.46.0-255,66,219837,53,245046
37689,0.002688,172.31.46.0-255,66,219903,53,245046
37690,0.002692,74.125.24.0-255,3602,223505,53,245046
37691,0.002694,172.31.46.0-255,66,223571,53,245046
37692,0.002701,74.125.24.0-255,7156,230727,53,245046
37693,0.002703,172.31.46.0-255,66,230793,53,245046
37694,0.002719,74.125.24.0-255,2902,233695,53,245046
37695,0.002722,172.31.46.0-255,66,233761,53,245046
37696,0.002728,74.125.24.0-255,5738,239499,53,245046
37697,0.00273,172.31.46.0-255,66,239565,53,245046
37698,0.002765,172.31.46.0-255,66,239631,53,245046
37699,0.002783,172.31.46.0-255,66,239697,53,245046
37700,0.002794,172.31.46.0-255,66,239763,53,245046
37701,0.002797,74.125.24.0-255,657,240420,53,245046
37702,0.00288,74.125.24.0-255,105,240525,53,245046
37703,0.010285,172.31.46.0-255,66,240591,53,245046
37704,0.01034,172.31.46.0-255,105,240696,53,245046
37705,0.012534,74.125.24.0-255,66,240762,53,245046
37706,0.033281,172.31.46.0-255,167,240929,53,245046
37707,0.033316,172.31.46.0-255,1112,242041,53,245046
37708,0.033373,172.31.46.0-255,1514,243555,53,245046
37709,0.033375,172.31.46.0-255,1293,244848,53,245046
37710,0.034797,104.244.42.0-255,66,244914,53,245046
37711,0.034818,104.244.42.0-255,66,244980,53,245046
37712,0.034889,104.244.42.0-255,66,245046,53,245046
37713,0.0,172.31.46.0-255,105,105,53,276
37714,0.001762,157.240.25.0-255,105,210,53,276
37715,0.001775,172.31.46.0-255,66,276,53,276
37716,0.0,74.125.24.0-255,153,153,53,285007
37717,1.9e-05,172.31.46.0-255,66,219,53,285007
37718,2.5e-05,74.125.24.0-255,1484,1703,53,285007
37719,2.8e-05,172.31.46.0-255,66,1769,53,285007
37720,3.4e-05,74.125.24.0-255,2902,4671,53,285007
37721,3.7e-05,172.31.46.0-255,66,4737,53,285007
37722,4.5e-05,74.125.24.0-255,7156,11893,53,285007
37723,4.8e-05,172.31.46.0-255,66,11959,53,285007
37724,6.7e-05,74.125.24.0-255,2004,13963,53,285007
37725,6.9e-05,172.31.46.0-255,66,14029,53,285007
37726,0.000109,172.31.46.0-255,66,14095,53,285007
37727,0.000112,74.125.24.0-255,1484,15579,53,285007
37728,0.000113,172.31.46.0-255,66,15645,53,285007
37729,0.000142,74.125.24.0-255,2902,18547,53,285007
37730,0.000145,172.31.46.0-255,66,18613,53,285007
37731,0.000172,74.125.24.0-255,6438,25051,53,285007
37732,0.000175,172.31.46.0-255,66,25117,53,285007
37733,0.000178,172.31.46.0-255,66,25183,53,285007
37734,0.000534,74.125.24.0-255,1484,26667,53,285007
37735,0.00054,172.31.46.0-255,66,26733,53,285007
37736,0.000555,74.125.24.0-255,2902,29635,53,285007
37737,0.000558,172.31.46.0-255,66,29701,53,285007
37738,0.000565,74.125.24.0-255,5738,35439,53,285007
37739,0.000567,172.31.46.0-255,66,35505,53,285007
37740,0.00057,74.125.24.0-255,1484,36989,53,285007
37741,0.000572,172.31.46.0-255,66,37055,53,285007
37742,0.000598,74.125.24.0-255,4320,41375,53,285007
37743,0.000601,172.31.46.0-255,66,41441,53,285007
37744,0.000606,74.125.24.0-255,2902,44343,53,285007
37745,0.000608,172.31.46.0-255,66,44409,53,285007
37746,0.000634,172.31.46.0-255,66,44475,53,285007
37747,0.000646,172.31.46.0-255,66,44541,53,285007
37748,0.000665,74.125.24.0-255,1484,46025,53,285007
37749,0.000689,172.31.46.0-255,66,46091,53,285007
37750,0.001806,74.125.24.0-255,1484,47575,53,285007
37751,0.001818,74.125.24.0-255,2902,50477,53,285007
37752,0.001823,172.31.46.0-255,66,50543,53,285007
37753,0.001831,74.125.24.0-255,5738,56281,53,285007
37754,0.001834,172.31.46.0-255,66,56347,53,285007
37755,0.001838,74.125.24.0-255,1484,57831,53,285007
37756,0.001865,74.125.24.0-255,4320,62151,53,285007
37757,0.001868,172.31.46.0-255,66,62217,53,285007
37758,0.001885,74.125.24.0-255,1484,63701,53,285007
37759,0.001923,172.31.46.0-255,66,63767,53,285007
37760,0.001929,74.125.24.0-255,5020,68787,53,285007
37761,0.001931,172.31.46.0-255,66,68853,53,285007
37762,0.004554,74.125.24.0-255,5738,74591,53,285007
37763,0.004562,172.31.46.0-255,66,74657,53,285007
37764,0.007161,74.125.24.0-255,5738,80395,53,285007
37765,0.007166,172.31.46.0-255,66,80461,53,285007
37766,0.009857,74.125.24.0-255,5738,86199,53,285007
37767,0.009872,172.31.46.0-255,66,86265,53,285007
37768,0.01249,74.125.24.0-255,5738,92003,53,285007
37769,0.012505,172.31.46.0-255,66,92069,53,285007
37770,0.015142,74.125.24.0-255,5738,97807,53,285007
37771,0.015152,172.31.46.0-255,66,97873,53,285007
37772,0.017774,74.125.24.0-255,5738,103611,53,285007
37773,0.017784,172.31.46.0-255,66,103677,53,285007
37774,0.020445,74.125.24.0-255,5738,109415,53,285007
37775,0.020453,172.31.46.0-255,66,109481,53,285007
37776,0.023081,74.125.24.0-255,5738,115219,53,285007
37777,0.023088,172.31.46.0-255,66,115285,53,285007
37778,0.025745,74.125.24.0-255,5738,121023,53,285007
37779,0.02576,172.31.46.0-255,66,121089,53,285007
37780,0.028399,74.125.24.0-255,5738,126827,53,285007
37781,0.028412,172.31.46.0-255,66,126893,53,285007
37782,0.031044,74.125.24.0-255,5738,132631,53,285007
37783,0.031055,172.31.46.0-255,66,132697,53,285007
37784,0.033667,74.125.24.0-255,5738,138435,53,285007
37785,0.033673,172.31.46.0-255,66,138501,53,285007
37786,0.033761,172.31.46.0-255,200,138701,53,285007
37787,0.033789,172.31.46.0-255,1074,139775,53,285007
37788,0.035303,104.244.42.0-255,66,139841,53,285007
37789,0.035342,104.244.42.0-255,66,139907,53,285007
37790,0.036299,74.125.24.0-255,5738,145645,53,285007
37791,0.036306,172.31.46.0-255,66,145711,53,285007
37792,0.038937,74.125.24.0-255,5738,151449,53,285007
37793,0.038947,172.31.46.0-255,66,151515,53,285007
37794,0.0416,74.125.24.0-255,5738,157253,53,285007
37795,0.041606,172.31.46.0-255,66,157319,53,285007
37796,0.044223,74.125.24.0-255,5738,163057,53,285007
37797,0.04423,172.31.46.0-255,66,163123,53,285007
37798,0.046891,74.125.24.0-255,5738,168861,53,285007
37799,0.046898,172.31.46.0-255,66,168927,53,285007
37800,0.049543,74.125.24.0-255,5738,174665,53,285007
37801,0.04955,172.31.46.0-255,66,174731,53,285007
37802,0.052215,74.125.24.0-255,5738,180469,53,285007
37803,0.05223,172.31.46.0-255,66,180535,53,285007
37804,0.054845,74.125.24.0-255,5738,186273,53,285007
37805,0.054857,172.31.46.0-255,66,186339,53,285007
37806,0.05751,74.125.24.0-255,5738,192077,53,285007
37807,0.057524,172.31.46.0-255,66,192143,53,285007
37808,0.06014,74.125.24.0-255,5738,197881,53,285007
37809,0.060147,172.31.46.0-255,66,197947,53,285007
37810,0.062777,74.125.24.0-255,5738,203685,53,285007
37811,0.062789,172.31.46.0-255,66,203751,53,285007
37812,0.065415,74.125.24.0-255,5738,209489,53,285007
37813,0.065423,172.31.46.0-255,66,209555,53,285007
37814,0.068078,74.125.24.0-255,5738,215293,53,285007
37815,0.068085,172.31.46.0-255,66,215359,53,285007
37816,0.07072,74.125.24.0-255,5738,221097,53,285007
37817,0.070741,172.31.46.0-255,66,221163,53,285007
37818,0.073384,74.125.24.0-255,5738,226901,53,285007
37819,0.073391,172.31.46.0-255,66,226967,53,285007
37820,0.076008,74.125.24.0-255,5738,232705,53,285007
37821,0.076015,172.31.46.0-255,66,232771,53,285007
37822,0.078645,74.125.24.0-255,5738,238509,53,285007
37823,0.078653,172.31.46.0-255,66,238575,53,285007
37824,0.081295,74.125.24.0-255,5738,244313,53,285007
37825,0.081302,172.31.46.0-255,66,244379,53,285007
37826,0.083905,74.125.24.0-255,5738,250117,53,285007
37827,0.083912,172.31.46.0-255,66,250183,53,285007
37828,0.086512,74.125.24.0-255,5738,255921,53,285007
37829,0.086519,172.31.46.0-255,66,255987,53,285007
37830,0.089148,74.125.24.0-255,5738,261725,53,285007
37831,0.089156,172.31.46.0-255,66,261791,53,285007
37832,0.091761,74.125.24.0-255,5738,267529,53,285007
37833,0.091768,172.31.46.0-255,66,267595,53,285007
37834,0.094421,74.125.24.0-255,5738,273333,53,285007
37835,0.094428,172.31.46.0-255,66,273399,53,285007
37836,0.097065,74.125.24.0-255,5738,279137,53,285007
37837,0.097071,172.31.46.0-255,66,279203,53,285007
37838,0.099676,74.125.24.0-255,5738,284941,53,285007
37839,0.099683,172.31.46.0-255,66,285007,53,285007
37840,0.0,172.217.194.0-255,300,300,53,139441
37841,1.4e-05,172.31.46.0-255,66,366,53,139441
37842,2.1e-05,172.217.194.0-255,1484,1850,53,139441
37843,2.6e-05,172.31.46.0-255,66,1916,53,139441
37844,4.1e-05,172.217.194.0-255,4320,6236,53,139441
37845,4.5e-05,172.31.46.0-255,66,6302,53,139441
37846,5.8e-05,172.31.46.0-255,66,6368,53,139441
37847,7.1e-05,172.31.46.0-255,66,6434,53,139441
37848,0.000107,172.217.194.0-255,5379,11813,53,139441
37849,0.000114,172.31.46.0-255,66,11879,53,139441
37850,0.000187,172.217.194.0-255,1484,13363,53,139441
37851,0.000191,172.31.46.0-255,66,13429,53,139441
37852,0.000195,172.217.194.0-255,2902,16331,53,139441
37853,0.000198,172.31.46.0-255,66,16397,53,139441
37854,0.000232,172.217.194.0-255,5738,22135,53,139441
37855,0.000235,172.31.46.0-255,66,22201,53,139441
37856,0.000284,172.31.46.0-255,66,22267,53,139441
37857,0.000296,172.31.46.0-255,66,22333,53,139441
37858,0.000299,172.217.194.0-255,117,22450,53,139441
37859,0.000302,172.31.46.0-255,66,22516,53,139441
37860,0.000328,172.217.194.0-255,383,22899,53,139441
37861,0.000331,172.31.46.0-255,66,22965,53,139441
37862,0.000515,172.217.194.0-255,1484,24449,53,139441
37863,0.00052,172.31.46.0-255,66,24515,53,139441
37864,0.000526,172.217.194.0-255,2902,27417,53,139441
37865,0.000528,172.31.46.0-255,66,27483,53,139441
37866,0.000535,172.217.194.0-255,5738,33221,53,139441
37867,0.000537,172.31.46.0-255,66,33287,53,139441
37868,0.000601,172.31.46.0-255,66,33353,53,139441
37869,0.000614,172.31.46.0-255,66,33419,53,139441
37870,0.000616,172.217.194.0-255,766,34185,53,139441
37871,0.000695,172.217.194.0-255,1484,35669,53,139441
37872,0.000699,172.31.46.0-255,66,35735,53,139441
37873,0.000704,172.217.194.0-255,2902,38637,53,139441
37874,0.000707,172.31.46.0-255,66,38703,53,139441
37875,0.00071,172.217.194.0-255,1484,40187,53,139441
37876,0.000745,172.217.194.0-255,4320,44507,53,139441
37877,0.000748,172.31.46.0-255,66,44573,53,139441
37878,0.000762,172.31.46.0-255,66,44639,53,139441
37879,0.000809,172.31.46.0-255,66,44705,53,139441
37880,0.000812,172.217.194.0-255,1484,46189,53,139441
37881,0.00086,172.31.46.0-255,66,46255,53,139441
37882,0.000879,172.31.46.0-255,66,46321,53,139441
37883,0.000886,172.217.194.0-255,5738,52059,53,139441
37884,0.000888,172.31.46.0-255,66,52125,53,139441
37885,0.000918,172.217.194.0-255,3602,55727,53,139441
37886,0.000921,172.31.46.0-255,66,55793,53,139441
37887,0.001003,172.217.194.0-255,1484,57277,53,139441
37888,0.00101,172.217.194.0-255,2902,60179,53,139441
37889,0.001013,172.31.46.0-255,66,60245,53,139441
37890,0.001017,172.217.194.0-255,1484,61729,53,139441
37891,0.001043,172.217.194.0-255,2902,64631,53,139441
37892,0.001046,172.31.46.0-255,66,64697,53,139441
37893,0.001062,172.31.46.0-255,66,64763,53,139441
37894,0.001091,172.217.194.0-255,7156,71919,53,139441
37895,0.001093,172.31.46.0-255,66,71985,53,139441
37896,0.001122,172.31.46.0-255,66,72051,53,139441
37897,0.001125,172.217.194.0-255,1484,73535,53,139441
37898,0.001142,172.217.194.0-255,2902,76437,53,139441
37899,0.001144,172.31.46.0-255,66,76503,53,139441
37900,0.001188,172.217.194.0-255,2902,79405,53,139441
37901,0.00119,172.31.46.0-255,66,79471,53,139441
37902,0.001232,172.217.194.0-255,2902,82373,53,139441
37903,0.001235,172.31.46.0-255,66,82439,53,139441
37904,0.001249,172.31.46.0-255,66,82505,53,139441
37905,0.001262,172.31.46.0-255,66,82571,53,139441
37906,0.001693,172.217.194.0-255,1484,84055,53,139441
37907,0.001698,172.217.194.0-255,1484,85539,53,139441
37908,0.001702,172.31.46.0-255,66,85605,53,139441
37909,0.001731,172.217.194.0-255,1484,87089,53,139441
37910,0.001738,172.217.194.0-255,5738,92827,53,139441
37911,0.001741,172.31.46.0-255,66,92893,53,139441
37912,0.001763,172.31.46.0-255,66,92959,53,139441
37913,0.001791,172.217.194.0-255,7156,100115,53,139441
37914,0.001794,172.31.46.0-255,66,100181,53,139441
37915,0.001823,172.217.194.0-255,3602,103783,53,139441
37916,0.001826,172.31.46.0-255,66,103849,53,139441
37917,0.001829,172.217.194.0-255,1484,105333,53,139441
37918,0.001848,172.217.194.0-255,2902,108235,53,139441
37919,0.001852,172.31.46.0-255,66,108301,53,139441
37920,0.001858,172.217.194.0-255,5738,114039,53,139441
37921,0.001861,172.31.46.0-255,66,114105,53,139441
37922,0.001904,172.31.46.0-255,66,114171,53,139441
37923,0.001911,172.217.194.0-255,7156,121327,53,139441
37924,0.001914,172.31.46.0-255,66,121393,53,139441
37925,0.001962,172.31.46.0-255,66,121459,53,139441
37926,0.001994,172.217.194.0-255,2184,123643,53,139441
37927,0.001996,172.31.46.0-255,66,123709,53,139441
37928,0.002017,172.31.46.0-255,66,123775,53,139441
37929,0.002024,172.217.194.0-255,7156,130931,53,139441
37930,0.002027,172.31.46.0-255,66,130997,53,139441
37931,0.002078,172.31.46.0-255,66,131063,53,139441
37932,0.0021,172.31.46.0-255,66,131129,53,139441
37933,0.002104,172.217.194.0-255,2893,134022,53,139441
37934,0.002106,172.31.46.0-255,66,134088,53,139441
37935,0.004157,172.217.194.0-255,168,134256,53,139441
37936,0.011777,172.31.46.0-255,105,134361,53,139441
37937,0.011819,172.31.46.0-255,105,134466,53,139441
37938,0.012046,172.31.46.0-255,90,134556,53,139441
37939,0.012054,172.31.46.0-255,66,134622,53,139441
37940,0.013819,172.217.194.0-255,66,134688,53,139441
37941,0.013859,172.217.194.0-255,66,134754,53,139441
37942,0.01407,172.217.194.0-255,66,134820,53,139441
37943,0.014088,172.217.194.0-255,66,134886,53,139441
37944,0.014094,172.31.46.0-255,66,134952,53,139441
37945,0.031524,172.31.46.0-255,199,135151,53,139441
37946,0.031558,172.31.46.0-255,1107,136258,53,139441
37947,0.031616,172.31.46.0-255,1514,137772,53,139441
37948,0.031618,172.31.46.0-255,1297,139069,53,139441
37949,0.033053,104.244.42.0-255,66,139135,53,139441
37950,0.033092,104.244.42.0-255,66,139201,53,139441
37951,0.033187,104.244.42.0-255,66,139267,53,139441
37952,0.03415,104.244.42.0-255,108,139375,53,139441
37953,0.034159,172.31.46.0-255,66,139441,53,139441
37954,0.0,74.125.68.0-255,146,146,53,369466
37955,2.2e-05,172.31.46.0-255,66,212,53,369466
37956,2.8e-05,74.125.68.0-255,1484,1696,53,369466
37957,3.2e-05,172.31.46.0-255,66,1762,53,369466
37958,8.1e-05,74.125.68.0-255,2902,4664,53,369466
37959,8.4e-05,172.31.46.0-255,66,4730,53,369466
37960,8.9e-05,74.125.68.0-255,4320,9050,53,369466
37961,9.1e-05,172.31.46.0-255,66,9116,53,369466
37962,0.000122,74.125.68.0-255,1484,10600,53,369466
37963,0.000124,172.31.46.0-255,66,10666,53,369466
37964,0.000144,74.125.68.0-255,3558,14224,53,369466
37965,0.000146,172.31.46.0-255,66,14290,53,369466
37966,0.000328,74.125.68.0-255,1484,15774,53,369466
37967,0.000333,172.31.46.0-255,66,15840,53,369466
37968,0.000337,74.125.68.0-255,1484,17324,53,369466
37969,0.000338,172.31.46.0-255,66,17390,53,369466
37970,0.000351,74.125.68.0-255,1484,18874,53,369466
37971,0.000353,172.31.46.0-255,66,18940,53,369466
37972,0.000367,74.125.68.0-255,4320,23260,53,369466
37973,0.000369,172.31.46.0-255,66,23326,53,369466
37974,0.000384,74.125.68.0-255,1484,24810,53,369466
37975,0.000389,74.125.68.0-255,5738,30548,53,369466
37976,0.000392,172.31.46.0-255,66,30614,53,369466
37977,0.000396,172.31.46.0-255,66,30680,53,369466
37978,0.000423,74.125.68.0-255,6797,37477,53,369466
37979,0.000426,172.31.46.0-255,66,37543,53,369466
37980,0.000429,74.125.68.0-255,2902,40445,53,369466
37981,0.000431,172.31.46.0-255,66,40511,53,369466
37982,0.000445,74.125.68.0-255,4320,44831,53,369466
37983,0.000447,172.31.46.0-255,66,44897,53,369466
37984,0.000487,74.125.68.0-255,3961,48858,53,369466
37985,0.00049,172.31.46.0-255,66,48924,53,369466
37986,0.000534,74.125.68.0-255,1484,50408,53,369466
37987,0.000539,74.125.68.0-255,2902,53310,53,369466
37988,0.000542,172.31.46.0-255,66,53376,53,369466
37989,0.000579,74.125.68.0-255,5738,59114,53,369466
37990,0.000582,172.31.46.0-255,66,59180,53,369466
37991,0.000586,74.125.68.0-255,2902,62082,53,369466
37992,0.000587,172.31.46.0-255,66,62148,53,369466
37993,0.00059,74.125.68.0-255,1484,63632,53,369466
37994,0.000605,74.125.68.0-255,2543,66175,53,369466
37995,0.000607,172.31.46.0-255,66,66241,53,369466
37996,0.00061,74.125.68.0-255,395,66636,53,369466
37997,0.000771,74.125.68.0-255,348,66984,53,369466
37998,0.00099,172.31.46.0-255,66,67050,53,369466
37999,0.001058,74.125.68.0-255,1484,68534,53,369466
38000,0.001063,74.125.68.0-255,1484,70018,53,369466
38001,0.001066,172.31.46.0-255,66,70084,53,369466
38002,0.001082,74.125.68.0-255,1484,71568,53,369466
38003,0.001086,74.125.68.0-255,2902,74470,53,369466
38004,0.001088,172.31.46.0-255,66,74536,53,369466
38005,0.00112,74.125.68.0-255,2902,77438,53,369466
38006,0.001122,172.31.46.0-255,66,77504,53,369466
38007,0.001139,74.125.68.0-255,1484,78988,53,369466
38008,0.001145,74.125.68.0-255,5738,84726,53,369466
38009,0.001147,172.31.46.0-255,66,84792,53,369466
38010,0.00115,74.125.68.0-255,1484,86276,53,369466
38011,0.001174,74.125.68.0-255,5738,92014,53,369466
38012,0.001176,172.31.46.0-255,66,92080,53,369466
38013,0.001194,74.125.68.0-255,4320,96400,53,369466
38014,0.001196,172.31.46.0-255,66,96466,53,369466
38015,0.001216,74.125.68.0-255,5020,101486,53,369466
38016,0.001218,172.31.46.0-255,66,101552,53,369466
38017,0.001346,74.125.68.0-255,1484,103036,53,369466
38018,0.001362,74.125.68.0-255,2902,105938,53,369466
38019,0.001365,172.31.46.0-255,66,106004,53,369466
38020,0.00137,74.125.68.0-255,2902,108906,53,369466
38021,0.001372,172.31.46.0-255,66,108972,53,369466
38022,0.001385,74.125.68.0-255,2902,111874,53,369466
38023,0.001387,172.31.46.0-255,66,111940,53,369466
38024,0.001407,74.125.68.0-255,4320,116260,53,369466
38025,0.001409,172.31.46.0-255,66,116326,53,369466
38026,0.001432,74.125.68.0-255,7156,123482,53,369466
38027,0.001434,172.31.46.0-255,66,123548,53,369466
38028,0.001438,74.125.68.0-255,2902,126450,53,369466
38029,0.00144,172.31.46.0-255,66,126516,53,369466
38030,0.001462,172.31.46.0-255,66,126582,53,369466
38031,0.001726,74.125.68.0-255,1484,128066,53,369466
38032,0.001745,74.125.68.0-255,2902,130968,53,369466
38033,0.001748,172.31.46.0-255,66,131034,53,369466
38034,0.001768,74.125.68.0-255,2902,133936,53,369466
38035,0.00177,172.31.46.0-255,66,134002,53,369466
38036,0.001775,74.125.68.0-255,4320,138322,53,369466
38037,0.001778,172.31.46.0-255,66,138388,53,369466
38038,0.001816,172.31.46.0-255,66,138454,53,369466
38039,0.00187,172.31.46.0-255,66,138520,53,369466
38040,0.001875,74.125.68.0-255,3602,142122,53,369466
38041,0.001878,172.31.46.0-255,66,142188,53,369466
38042,0.002294,74.125.68.0-255,1484,143672,53,369466
38043,0.002308,74.125.68.0-255,2902,146574,53,369466
38044,0.002313,172.31.46.0-255,66,146640,53,369466
38045,0.002332,74.125.68.0-255,2902,149542,53,369466
38046,0.002335,172.31.46.0-255,66,149608,53,369466
38047,0.002339,74.125.68.0-255,4320,153928,53,369466
38048,0.002341,172.31.46.0-255,66,153994,53,369466
38049,0.002364,74.125.68.0-255,4320,158314,53,369466
38050,0.002366,172.31.46.0-255,66,158380,53,369466
38051,0.002382,74.125.68.0-255,4320,162700,53,369466
38052,0.002384,172.31.46.0-255,66,162766,53,369466
38053,0.002386,74.125.68.0-255,1484,164250,53,369466
38054,0.004724,74.125.68.0-255,4320,168570,53,369466
38055,0.004729,172.31.46.0-255,66,168636,53,369466
38056,0.007086,74.125.68.0-255,2902,171538,53,369466
38057,0.007092,172.31.46.0-255,66,171604,53,369466
38058,0.007111,74.125.68.0-255,2902,174506,53,369466
38059,0.007113,172.31.46.0-255,66,174572,53,369466
38060,0.00946,74.125.68.0-255,5738,180310,53,369466
38061,0.009467,172.31.46.0-255,66,180376,53,369466
38062,0.011827,74.125.68.0-255,5738,186114,53,369466
38063,0.011834,172.31.46.0-255,66,186180,53,369466
38064,0.014188,74.125.68.0-255,5738,191918,53,369466
38065,0.0142,172.31.46.0-255,66,191984,53,369466
38066,0.016559,74.125.68.0-255,5738,197722,53,369466
38067,0.016566,172.31.46.0-255,66,197788,53,369466
38068,0.018923,74.125.68.0-255,5738,203526,53,369466
38069,0.018929,172.31.46.0-255,66,203592,53,369466
38070,0.021294,74.125.68.0-255,5738,209330,53,369466
38071,0.021301,172.31.46.0-255,66,209396,53,369466
38072,0.023657,74.125.68.0-255,5738,215134,53,369466
38073,0.023666,172.31.46.0-255,66,215200,53,369466
38074,0.026017,74.125.68.0-255,5738,220938,53,369466
38075,0.026025,172.31.46.0-255,66,221004,53,369466
38076,0.028188,172.31.46.0-255,172,221176,53,369466
38077,0.028214,172.31.46.0-255,1112,222288,53,369466
38078,0.028271,172.31.46.0-255,1514,223802,53,369466
38079,0.028291,172.31.46.0-255,1514,225316,53,369466
38080,0.028294,172.31.46.0-255,702,226018,53,369466
38081,0.02837,74.125.68.0-255,4320,230338,53,369466
38082,0.028375,172.31.46.0-255,66,230404,53,369466
38083,0.028391,74.125.68.0-255,1484,231888,53,369466
38084,0.029699,104.244.42.0-255,66,231954,53,369466
38085,0.029769,104.244.42.0-255,66,232020,53,369466
38086,0.029784,104.244.42.0-255,66,232086,53,369466
38087,0.029814,104.244.42.0-255,66,232152,53,369466
38088,0.030737,74.125.68.0-255,4320,236472,53,369466
38089,0.030746,172.31.46.0-255,66,236538,53,369466
38090,0.033115,74.125.68.0-255,5738,242276,53,369466
38091,0.033122,172.31.46.0-255,66,242342,53,369466
38092,0.035485,74.125.68.0-255,5738,248080,53,369466
38093,0.035492,172.31.46.0-255,66,248146,53,369466
38094,0.03784,74.125.68.0-255,5738,253884,53,369466
38095,0.037846,172.31.46.0-255,66,253950,53,369466
38096,0.040201,74.125.68.0-255,5738,259688,53,369466
38097,0.040211,172.31.46.0-255,66,259754,53,369466
38098,0.042588,74.125.68.0-255,5738,265492,53,369466
38099,0.042594,172.31.46.0-255,66,265558,53,369466
38100,0.044953,74.125.68.0-255,5738,271296,53,369466
38101,0.044959,172.31.46.0-255,66,271362,53,369466
38102,0.047342,74.125.68.0-255,5738,277100,53,369466
38103,0.047348,172.31.46.0-255,66,277166,53,369466
38104,0.049709,74.125.68.0-255,5738,282904,53,369466
38105,0.049715,172.31.46.0-255,66,282970,53,369466
38106,0.052074,74.125.68.0-255,5738,288708,53,369466
38107,0.052079,172.31.46.0-255,66,288774,53,369466
38108,0.054454,74.125.68.0-255,5738,294512,53,369466
38109,0.05446,172.31.46.0-255,66,294578,53,369466
38110,0.056816,74.125.68.0-255,5738,300316,53,369466
38111,0.056821,172.31.46.0-255,66,300382,53,369466
38112,0.05918,74.125.68.0-255,5738,306120,53,369466
38113,0.059186,172.31.46.0-255,66,306186,53,369466
38114,0.061567,74.125.68.0-255,5738,311924,53,369466
38115,0.061572,172.31.46.0-255,66,311990,53,369466
38116,0.063938,74.125.68.0-255,5738,317728,53,369466
38117,0.063944,172.31.46.0-255,66,317794,53,369466
38118,0.066306,74.125.68.0-255,5738,323532,53,369466
38119,0.066311,172.31.46.0-255,66,323598,53,369466
38120,0.068671,74.125.68.0-255,5738,329336,53,369466
38121,0.068679,172.31.46.0-255,66,329402,53,369466
38122,0.071048,74.125.68.0-255,5738,335140,53,369466
38123,0.071054,172.31.46.0-255,66,335206,53,369466
38124,0.073409,74.125.68.0-255,5738,340944,53,369466
38125,0.073415,172.31.46.0-255,66,341010,53,369466
38126,0.075779,74.125.68.0-255,4320,345330,53,369466
38127,0.075784,172.31.46.0-255,66,345396,53,369466
38128,0.075802,74.125.68.0-255,1484,346880,53,369466
38129,0.078126,74.125.68.0-255,4320,351200,53,369466
38130,0.078131,172.31.46.0-255,66,351266,53,369466
38131,0.080483,74.125.68.0-255,5738,357004,53,369466
38132,0.080489,172.31.46.0-255,66,357070,53,369466
38133,0.082832,74.125.68.0-255,5738,362808,53,369466
38134,0.082837,172.31.46.0-255,66,362874,53,369466
38135,0.085198,74.125.68.0-255,5738,368612,53,369466
38136,0.085204,172.31.46.0-255,66,368678,53,369466
38137,0.087545,74.125.68.0-255,551,369229,53,369466
38138,0.087649,172.31.46.0-255,66,369295,53,369466
38139,0.087681,172.31.46.0-255,105,369400,53,369466
38140,0.089982,74.125.68.0-255,66,369466,53,369466
38141,0.0,74.125.24.0-255,153,153,53,268672
38142,1.8e-05,172.31.46.0-255,66,219,53,268672
38143,2.5e-05,74.125.24.0-255,1484,1703,53,268672
38144,2.9e-05,172.31.46.0-255,66,1769,53,268672
38145,3.5e-05,74.125.24.0-255,2902,4671,53,268672
38146,3.9e-05,172.31.46.0-255,66,4737,53,268672
38147,5.5e-05,74.125.24.0-255,7156,11893,53,268672
38148,5.8e-05,172.31.46.0-255,66,11959,53,268672
38149,6.4e-05,74.125.24.0-255,4320,16279,53,268672
38150,6.7e-05,172.31.46.0-255,66,16345,53,268672
38151,0.000106,74.125.24.0-255,2045,18390,53,268672
38152,0.000109,172.31.46.0-255,66,18456,53,268672
38153,0.000116,74.125.24.0-255,7156,25612,53,268672
38154,0.000119,172.31.46.0-255,66,25678,53,268672
38155,0.000127,74.125.24.0-255,7156,32834,53,268672
38156,0.000129,172.31.46.0-255,66,32900,53,268672
38157,0.000172,172.31.46.0-255,66,32966,53,268672
38158,0.000179,74.125.24.0-255,6438,39404,53,268672
38159,0.000182,172.31.46.0-255,66,39470,53,268672
38160,0.000185,74.125.24.0-255,1484,40954,53,268672
38161,0.000187,172.31.46.0-255,66,41020,53,268672
38162,0.000191,74.125.24.0-255,2902,43922,53,268672
38163,0.000194,172.31.46.0-255,66,43988,53,268672
38164,0.0002,74.125.24.0-255,5738,49726,53,268672
38165,0.000204,172.31.46.0-255,66,49792,53,268672
38166,0.00023,74.125.24.0-255,7131,56923,53,268672
38167,0.000233,172.31.46.0-255,66,56989,53,268672
38168,0.000276,74.125.24.0-255,1484,58473,53,268672
38169,0.000279,172.31.46.0-255,66,58539,53,268672
38170,0.000283,74.125.24.0-255,2902,61441,53,268672
38171,0.000285,172.31.46.0-255,66,61507,53,268672
38172,0.000288,74.125.24.0-255,1484,62991,53,268672
38173,0.000319,74.125.24.0-255,4320,67311,53,268672
38174,0.000322,172.31.46.0-255,66,67377,53,268672
38175,0.000337,172.31.46.0-255,66,67443,53,268672
38176,0.0004,172.31.46.0-255,66,67509,53,268672
38177,0.000469,74.125.24.0-255,1484,68993,53,268672
38178,0.000491,74.125.24.0-255,2902,71895,53,268672
38179,0.000495,172.31.46.0-255,66,71961,53,268672
38180,0.0005,74.125.24.0-255,2902,74863,53,268672
38181,0.000503,172.31.46.0-255,66,74929,53,268672
38182,0.000534,74.125.24.0-255,2902,77831,53,268672
38183,0.000537,172.31.46.0-255,66,77897,53,268672
38184,0.000549,172.31.46.0-255,66,77963,53,268672
38185,0.000562,172.31.46.0-255,66,78029,53,268672
38186,0.000589,74.125.24.0-255,1635,79664,53,268672
38187,0.000592,172.31.46.0-255,66,79730,53,268672
38188,0.000595,74.125.24.0-255,1484,81214,53,268672
38189,0.000614,74.125.24.0-255,1484,82698,53,268672
38190,0.000617,172.31.46.0-255,66,82764,53,268672
38191,0.000625,74.125.24.0-255,7156,89920,53,268672
38192,0.000627,172.31.46.0-255,66,89986,53,268672
38193,0.000637,74.125.24.0-255,5738,95724,53,268672
38194,0.000639,172.31.46.0-255,66,95790,53,268672
38195,0.000644,74.125.24.0-255,4320,100110,53,268672
38196,0.000646,172.31.46.0-255,66,100176,53,268672
38197,0.000697,172.31.46.0-255,66,100242,53,268672
38198,0.000703,74.125.24.0-255,3602,103844,53,268672
38199,0.000705,172.31.46.0-255,66,103910,53,268672
38200,0.000744,74.125.24.0-255,1484,105394,53,268672
38201,0.000755,74.125.24.0-255,2902,108296,53,268672
38202,0.000758,172.31.46.0-255,66,108362,53,268672
38203,0.000785,74.125.24.0-255,5738,114100,53,268672
38204,0.000788,172.31.46.0-255,66,114166,53,268672
38205,0.00079,74.125.24.0-255,1484,115650,53,268672
38206,0.000795,74.125.24.0-255,4320,119970,53,268672
38207,0.000797,172.31.46.0-255,66,120036,53,268672
38208,0.000809,74.125.24.0-255,4320,124356,53,268672
38209,0.000815,172.31.46.0-255,66,124422,53,268672
38210,0.000854,172.31.46.0-255,66,124488,53,268672
38211,0.001551,74.125.24.0-255,1484,125972,53,268672
38212,0.001557,74.125.24.0-255,2902,128874,53,268672
38213,0.00156,172.31.46.0-255,66,128940,53,268672
38214,0.001564,74.125.24.0-255,1484,130424,53,268672
38215,0.001587,74.125.24.0-255,4320,134744,53,268672
38216,0.001589,172.31.46.0-255,66,134810,53,268672
38217,0.001594,74.125.24.0-255,4320,139130,53,268672
38218,0.001595,172.31.46.0-255,66,139196,53,268672
38219,0.001616,74.125.24.0-255,7156,146352,53,268672
38220,0.001619,172.31.46.0-255,66,146418,53,268672
38221,0.001656,74.125.24.0-255,4320,150738,53,268672
38222,0.001659,172.31.46.0-255,66,150804,53,268672
38223,0.001667,172.31.46.0-255,66,150870,53,268672
38224,0.001769,74.125.24.0-255,1484,152354,53,268672
38225,0.001785,74.125.24.0-255,2902,155256,53,268672
38226,0.001787,172.31.46.0-255,66,155322,53,268672
38227,0.001794,74.125.24.0-255,4320,159642,53,268672
38228,0.001796,172.31.46.0-255,66,159708,53,268672
38229,0.001814,74.125.24.0-255,1484,161192,53,268672
38230,0.001817,74.125.24.0-255,1484,162676,53,268672
38231,0.001822,172.31.46.0-255,66,162742,53,268672
38232,0.001862,172.31.46.0-255,66,162808,53,268672
38233,0.001877,172.31.46.0-255,66,162874,53,268672
38234,0.00195,172.31.46.0-255,66,162940,53,268672
38235,0.001984,74.125.24.0-255,4320,167260,53,268672
38236,0.001986,172.31.46.0-255,66,167326,53,268672
38237,0.001995,172.31.46.0-255,66,167392,53,268672
38238,0.001998,74.125.24.0-255,1484,168876,53,268672
38239,0.002001,74.125.24.0-255,2902,171778,53,268672
38240,0.002003,172.31.46.0-255,66,171844,53,268672
38241,0.002009,74.125.24.0-255,5738,177582,53,268672
38242,0.002011,172.31.46.0-255,66,177648,53,268672
38243,0.002014,74.125.24.0-255,1484,179132,53,268672
38244,0.002032,74.125.24.0-255,2902,182034,53,268672
38245,0.002034,172.31.46.0-255,66,182100,53,268672
38246,0.002056,74.125.24.0-255,5738,187838,53,268672
38247,0.002059,172.31.46.0-255,66,187904,53,268672
38248,0.002065,74.125.24.0-255,7156,195060,53,268672
38249,0.002067,172.31.46.0-255,66,195126,53,268672
38250,0.002081,74.125.24.0-255,5738,200864,53,268672
38251,0.002082,172.31.46.0-255,66,200930,53,268672
38252,0.004117,74.125.24.0-255,5738,206668,53,268672
38253,0.004124,172.31.46.0-255,66,206734,53,268672
38254,0.006196,74.125.24.0-255,5738,212472,53,268672
38255,0.006204,172.31.46.0-255,66,212538,53,268672
38256,0.008254,74.125.24.0-255,5738,218276,53,268672
38257,0.00826,172.31.46.0-255,66,218342,53,268672
38258,0.010268,74.125.24.0-255,5738,224080,53,268672
38259,0.010275,172.31.46.0-255,66,224146,53,268672
38260,0.012346,74.125.24.0-255,5738,229884,53,268672
38261,0.012353,172.31.46.0-255,66,229950,53,268672
38262,0.014387,74.125.24.0-255,5738,235688,53,268672
38263,0.014394,172.31.46.0-255,66,235754,53,268672
38264,0.016489,74.125.24.0-255,5738,241492,53,268672
38265,0.016497,172.31.46.0-255,66,241558,53,268672
38266,0.018547,74.125.24.0-255,5738,247296,53,268672
38267,0.018554,172.31.46.0-255,66,247362,53,268672
38268,0.02061,74.125.24.0-255,5738,253100,53,268672
38269,0.020616,172.31.46.0-255,66,253166,53,268672
38270,0.022619,74.125.24.0-255,5738,258904,53,268672
38271,0.022627,172.31.46.0-255,66,258970,53,268672
38272,0.024697,74.125.24.0-255,368,259338,53,268672
38273,0.024845,172.31.46.0-255,66,259404,53,268672
38274,0.024885,172.31.46.0-255,105,259509,53,268672
38275,0.026895,74.125.24.0-255,66,259575,53,268672
38276,0.035681,172.31.46.0-255,172,259747,53,268672
38277,0.035713,172.31.46.0-255,1112,260859,53,268672
38278,0.035798,172.31.46.0-255,1514,262373,53,268672
38279,0.0358,172.31.46.0-255,1514,263887,53,268672
38280,0.035804,172.31.46.0-255,1514,265401,53,268672
38281,0.035805,172.31.46.0-255,1514,266915,53,268672
38282,0.035832,172.31.46.0-255,1493,268408,53,268672
38283,0.037218,104.244.42.0-255,66,268474,53,268672
38284,0.037264,104.244.42.0-255,66,268540,53,268672
38285,0.037393,104.244.42.0-255,66,268606,53,268672
38286,0.037415,104.244.42.0-255,66,268672,53,268672
38287,0.0,74.125.200.0-255,66,66,53,66
38288,0.0,74.125.24.0-255,153,153,53,375304
38289,3.1e-05,172.31.46.0-255,66,219,53,375304
38290,3.8e-05,74.125.24.0-255,1484,1703,53,375304
38291,4.3e-05,172.31.46.0-255,66,1769,53,375304
38292,5.2e-05,74.125.24.0-255,2902,4671,53,375304
38293,5.6e-05,172.31.46.0-255,66,4737,53,375304
38294,6.4e-05,74.125.24.0-255,7156,11893,53,375304
38295,6.7e-05,172.31.46.0-255,66,11959,53,375304
38296,7.1e-05,74.125.24.0-255,2123,14082,53,375304
38297,7.4e-05,172.31.46.0-255,66,14148,53,375304
38298,0.000188,74.125.24.0-255,1484,15632,53,375304
38299,0.000191,172.31.46.0-255,66,15698,53,375304
38300,0.000214,74.125.24.0-255,2902,18600,53,375304
38301,0.000217,172.31.46.0-255,66,18666,53,375304
38302,0.000222,74.125.24.0-255,4320,22986,53,375304
38303,0.000225,172.31.46.0-255,66,23052,53,375304
38304,0.000237,74.125.24.0-255,1484,24536,53,375304
38305,0.00024,172.31.46.0-255,66,24602,53,375304
38306,0.000278,74.125.24.0-255,6797,31399,53,375304
38307,0.000281,172.31.46.0-255,66,31465,53,375304
38308,0.000283,74.125.24.0-255,1484,32949,53,375304
38309,0.000285,172.31.46.0-255,66,33015,53,375304
38310,0.000304,74.125.24.0-255,5738,38753,53,375304
38311,0.000307,172.31.46.0-255,66,38819,53,375304
38312,0.000325,74.125.24.0-255,2902,41721,53,375304
38313,0.000327,172.31.46.0-255,66,41787,53,375304
38314,0.000353,74.125.24.0-255,6797,48584,53,375304
38315,0.000355,172.31.46.0-255,66,48650,53,375304
38316,0.000768,74.125.24.0-255,1484,50134,53,375304
38317,0.000773,172.31.46.0-255,66,50200,53,375304
38318,0.00078,74.125.24.0-255,2902,53102,53,375304
38319,0.000782,172.31.46.0-255,66,53168,53,375304
38320,0.000789,74.125.24.0-255,5738,58906,53,375304
38321,0.000791,172.31.46.0-255,66,58972,53,375304
38322,0.000826,74.125.24.0-255,1484,60456,53,375304
38323,0.000849,74.125.24.0-255,5379,65835,53,375304
38324,0.000852,172.31.46.0-255,66,65901,53,375304
38325,0.00086,74.125.24.0-255,7156,73057,53,375304
38326,0.000862,172.31.46.0-255,66,73123,53,375304
38327,0.000887,74.125.24.0-255,5738,78861,53,375304
38328,0.00089,172.31.46.0-255,66,78927,53,375304
38329,0.00091,74.125.24.0-255,4542,83469,53,375304
38330,0.000912,172.31.46.0-255,66,83535,53,375304
38331,0.000994,74.125.24.0-255,1484,85019,53,375304
38332,0.001,74.125.24.0-255,2902,87921,53,375304
38333,0.001002,172.31.46.0-255,66,87987,53,375304
38334,0.001027,74.125.24.0-255,5738,93725,53,375304
38335,0.00103,172.31.46.0-255,66,93791,53,375304
38336,0.001048,74.125.24.0-255,1484,95275,53,375304
38337,0.001065,74.125.24.0-255,6797,102072,53,375304
38338,0.00107,74.125.24.0-255,4320,106392,53,375304
38339,0.001074,172.31.46.0-255,66,106458,53,375304
38340,0.001076,172.31.46.0-255,66,106524,53,375304
38341,0.001095,74.125.24.0-255,4320,110844,53,375304
38342,0.001097,172.31.46.0-255,66,110910,53,375304
38343,0.001104,74.125.24.0-255,6233,117143,53,375304
38344,0.001106,172.31.46.0-255,66,117209,53,375304
38345,0.001279,74.125.24.0-255,1484,118693,53,375304
38346,0.001284,74.125.24.0-255,2902,121595,53,375304
38347,0.001288,74.125.24.0-255,2902,124497,53,375304
38348,0.001293,172.31.46.0-255,66,124563,53,375304
38349,0.001301,172.31.46.0-255,66,124629,53,375304
38350,0.001306,74.125.24.0-255,2902,127531,53,375304
38351,0.001309,172.31.46.0-255,66,127597,53,375304
38352,0.001376,172.31.46.0-255,66,127663,53,375304
38353,0.001389,172.31.46.0-255,66,127729,53,375304
38354,0.003706,74.125.24.0-255,5738,133467,53,375304
38355,0.003718,172.31.46.0-255,66,133533,53,375304
38356,0.006004,74.125.24.0-255,5738,139271,53,375304
38357,0.00601,172.31.46.0-255,66,139337,53,375304
38358,0.008317,74.125.24.0-255,5738,145075,53,375304
38359,0.008323,172.31.46.0-255,66,145141,53,375304
38360,0.01062,74.125.24.0-255,5738,150879,53,375304
38361,0.010632,172.31.46.0-255,66,150945,53,375304
38362,0.012919,74.125.24.0-255,5738,156683,53,375304
38363,0.01293,172.31.46.0-255,66,156749,53,375304
38364,0.01525,74.125.24.0-255,5738,162487,53,375304
38365,0.015263,172.31.46.0-255,66,162553,53,375304
38366,0.017598,74.125.24.0-255,5738,168291,53,375304
38367,0.017617,172.31.46.0-255,66,168357,53,375304
38368,0.019923,74.125.24.0-255,5738,174095,53,375304
38369,0.019934,172.31.46.0-255,66,174161,53,375304
38370,0.022234,74.125.24.0-255,5738,179899,53,375304
38371,0.022246,172.31.46.0-255,66,179965,53,375304
38372,0.024536,74.125.24.0-255,5738,185703,53,375304
38373,0.02455,172.31.46.0-255,66,185769,53,375304
38374,0.026888,74.125.24.0-255,5738,191507,53,375304
38375,0.026905,172.31.46.0-255,66,191573,53,375304
38376,0.029219,74.125.24.0-255,5738,197311,53,375304
38377,0.029235,172.31.46.0-255,66,197377,53,375304
38378,0.031544,74.125.24.0-255,5738,203115,53,375304
38379,0.031556,172.31.46.0-255,66,203181,53,375304
38380,0.032389,172.31.46.0-255,172,203353,53,375304
38381,0.032426,172.31.46.0-255,1112,204465,53,375304
38382,0.032485,172.31.46.0-255,1514,205979,53,375304
38383,0.032487,172.31.46.0-255,1514,207493,53,375304
38384,0.032515,172.31.46.0-255,702,208195,53,375304
38385,0.033878,74.125.24.0-255,5738,213933,53,375304
38386,0.033894,172.31.46.0-255,66,213999,53,375304
38387,0.033917,104.244.42.0-255,66,214065,53,375304
38388,0.033949,104.244.42.0-255,66,214131,53,375304
38389,0.034032,104.244.42.0-255,66,214197,53,375304
38390,0.034037,104.244.42.0-255,66,214263,53,375304
38391,0.034674,104.244.42.0-255,108,214371,53,375304
38392,0.034686,172.31.46.0-255,66,214437,53,375304
38393,0.036214,74.125.24.0-255,5738,220175,53,375304
38394,0.036222,172.31.46.0-255,66,220241,53,375304
38395,0.038513,74.125.24.0-255,5738,225979,53,375304
38396,0.038522,172.31.46.0-255,66,226045,53,375304
38397,0.040821,74.125.24.0-255,5738,231783,53,375304
38398,0.040831,172.31.46.0-255,66,231849,53,375304
38399,0.043155,74.125.24.0-255,5738,237587,53,375304
38400,0.043164,172.31.46.0-255,66,237653,53,375304
38401,0.045488,74.125.24.0-255,5738,243391,53,375304
38402,0.045497,172.31.46.0-255,66,243457,53,375304
38403,0.047797,74.125.24.0-255,5738,249195,53,375304
38404,0.047806,172.31.46.0-255,66,249261,53,375304
38405,0.050107,74.125.24.0-255,5738,254999,53,375304
38406,0.050116,172.31.46.0-255,66,255065,53,375304
38407,0.052418,74.125.24.0-255,5738,260803,53,375304
38408,0.052429,172.31.46.0-255,66,260869,53,375304
38409,0.054738,74.125.24.0-255,5738,266607,53,375304
38410,0.05475,172.31.46.0-255,66,266673,53,375304
38411,0.057076,74.125.24.0-255,5738,272411,53,375304
38412,0.057087,172.31.46.0-255,66,272477,53,375304
38413,0.059423,74.125.24.0-255,5738,278215,53,375304
38414,0.059434,172.31.46.0-255,66,278281,53,375304
38415,0.061765,74.125.24.0-255,5738,284019,53,375304
38416,0.061773,172.31.46.0-255,66,284085,53,375304
38417,0.064109,74.125.24.0-255,5738,289823,53,375304
38418,0.064118,172.31.46.0-255,66,289889,53,375304
38419,0.066435,74.125.24.0-255,5738,295627,53,375304
38420,0.066442,172.31.46.0-255,66,295693,53,375304
38421,0.068752,74.125.24.0-255,5738,301431,53,375304
38422,0.06876,172.31.46.0-255,66,301497,53,375304
38423,0.071058,74.125.24.0-255,5738,307235,53,375304
38424,0.071065,172.31.46.0-255,66,307301,53,375304
38425,0.073383,74.125.24.0-255,5738,313039,53,375304
38426,0.073392,172.31.46.0-255,66,313105,53,375304
38427,0.075713,74.125.24.0-255,5738,318843,53,375304
38428,0.075722,172.31.46.0-255,66,318909,53,375304
38429,0.078037,74.125.24.0-255,5738,324647,53,375304
38430,0.078045,172.31.46.0-255,66,324713,53,375304
38431,0.080346,74.125.24.0-255,5738,330451,53,375304
38432,0.080352,172.31.46.0-255,66,330517,53,375304
38433,0.082664,74.125.24.0-255,5738,336255,53,375304
38434,0.082673,172.31.46.0-255,66,336321,53,375304
38435,0.084978,74.125.24.0-255,5738,342059,53,375304
38436,0.084986,172.31.46.0-255,66,342125,53,375304
38437,0.087308,74.125.24.0-255,5738,347863,53,375304
38438,0.087316,172.31.46.0-255,66,347929,53,375304
38439,0.089631,74.125.24.0-255,5738,353667,53,375304
38440,0.08964,172.31.46.0-255,66,353733,53,375304
38441,0.091958,74.125.24.0-255,5738,359471,53,375304
38442,0.091966,172.31.46.0-255,66,359537,53,375304
38443,0.094282,74.125.24.0-255,5738,365275,53,375304
38444,0.09429,172.31.46.0-255,66,365341,53,375304
38445,0.096626,74.125.24.0-255,5738,371079,53,375304
38446,0.096636,172.31.46.0-255,66,371145,53,375304
38447,0.098993,74.125.24.0-255,3988,375133,53,375304
38448,0.099003,172.31.46.0-255,66,375199,53,375304
38449,0.099231,172.31.46.0-255,105,375304,53,375304
38450,0.0,74.125.24.0-255,153,153,53,219472
38451,2.7e-05,172.31.46.0-255,66,219,53,219472
38452,3.4e-05,74.125.24.0-255,1484,1703,53,219472
38453,3.8e-05,172.31.46.0-255,66,1769,53,219472
38454,4.2e-05,74.125.24.0-255,2902,4671,53,219472
38455,5.1e-05,172.31.46.0-255,66,4737,53,219472
38456,5.6e-05,74.125.24.0-255,4320,9057,53,219472
38457,5.9e-05,172.31.46.0-255,66,9123,53,219472
38458,9e-05,74.125.24.0-255,2902,12025,53,219472
38459,9.2e-05,172.31.46.0-255,66,12091,53,219472
38460,9.7e-05,74.125.24.0-255,4320,16411,53,219472
38461,0.0001,172.31.46.0-255,66,16477,53,219472
38462,0.000132,172.31.46.0-255,66,16543,53,219472
38463,0.000137,74.125.24.0-255,2543,19086,53,219472
38464,0.000139,172.31.46.0-255,66,19152,53,219472
38465,0.000237,74.125.24.0-255,1484,20636,53,219472
38466,0.000241,172.31.46.0-255,66,20702,53,219472
38467,0.000246,74.125.24.0-255,2902,23604,53,219472
38468,0.000248,172.31.46.0-255,66,23670,53,219472
38469,0.000275,74.125.24.0-255,5738,29408,53,219472
38470,0.000279,172.31.46.0-255,66,29474,53,219472
38471,0.000282,74.125.24.0-255,1484,30958,53,219472
38472,0.000284,172.31.46.0-255,66,31024,53,219472
38473,0.000332,172.31.46.0-255,66,31090,53,219472
38474,0.000343,172.31.46.0-255,66,31156,53,219472
38475,0.00037,74.125.24.0-255,1477,32633,53,219472
38476,0.000373,172.31.46.0-255,66,32699,53,219472
38477,0.000433,74.125.24.0-255,1484,34183,53,219472
38478,0.000436,172.31.46.0-255,66,34249,53,219472
38479,0.00044,74.125.24.0-255,1484,35733,53,219472
38480,0.000464,74.125.24.0-255,1484,37217,53,219472
38481,0.000467,172.31.46.0-255,66,37283,53,219472
38482,0.000474,74.125.24.0-255,5738,43021,53,219472
38483,0.000476,172.31.46.0-255,66,43087,53,219472
38484,0.000489,74.125.24.0-255,7156,50243,53,219472
38485,0.000492,172.31.46.0-255,66,50309,53,219472
38486,0.000508,74.125.24.0-255,6797,57106,53,219472
38487,0.000512,74.125.24.0-255,2902,60008,53,219472
38488,0.000514,172.31.46.0-255,66,60074,53,219472
38489,0.000518,172.31.46.0-255,66,60140,53,219472
38490,0.000548,74.125.24.0-255,6797,66937,53,219472
38491,0.000551,172.31.46.0-255,66,67003,53,219472
38492,0.000978,74.125.24.0-255,1484,68487,53,219472
38493,0.000992,74.125.24.0-255,2902,71389,53,219472
38494,0.000996,172.31.46.0-255,66,71455,53,219472
38495,0.001,74.125.24.0-255,1484,72939,53,219472
38496,0.001023,74.125.24.0-255,4320,77259,53,219472
38497,0.001027,172.31.46.0-255,66,77325,53,219472
38498,0.001028,74.125.24.0-255,4320,81645,53,219472
38499,0.00103,172.31.46.0-255,66,81711,53,219472
38500,0.001032,74.125.24.0-255,4320,86031,53,219472
38501,0.001034,172.31.46.0-255,66,86097,53,219472
38502,0.001067,74.125.24.0-255,7156,93253,53,219472
38503,0.00107,172.31.46.0-255,66,93319,53,219472
38504,0.001086,172.31.46.0-255,66,93385,53,219472
38505,0.001124,74.125.24.0-255,1484,94869,53,219472
38506,0.001143,74.125.24.0-255,2902,97771,53,219472
38507,0.001146,172.31.46.0-255,66,97837,53,219472
38508,0.001151,74.125.24.0-255,2902,100739,53,219472
38509,0.001154,172.31.46.0-255,66,100805,53,219472
38510,0.001172,74.125.24.0-255,2902,103707,53,219472
38511,0.001179,172.31.46.0-255,66,103773,53,219472
38512,0.001184,74.125.24.0-255,4320,108093,53,219472
38513,0.001187,172.31.46.0-255,66,108159,53,219472
38514,0.001191,74.125.24.0-255,2902,111061,53,219472
38515,0.001193,172.31.46.0-255,66,111127,53,219472
38516,0.001232,172.31.46.0-255,66,111193,53,219472
38517,0.001293,74.125.24.0-255,5738,116931,53,219472
38518,0.001298,172.31.46.0-255,66,116997,53,219472
38519,0.001307,74.125.24.0-255,2184,119181,53,219472
38520,0.001314,172.31.46.0-255,66,119247,53,219472
38521,0.001317,74.125.24.0-255,1484,120731,53,219472
38522,0.001323,74.125.24.0-255,2902,123633,53,219472
38523,0.001324,172.31.46.0-255,101,123734,53,219472
38524,0.001329,172.31.46.0-255,66,123800,53,219472
38525,0.001365,74.125.24.0-255,5738,129538,53,219472
38526,0.001368,172.31.46.0-255,66,129604,53,219472
38527,0.001373,74.125.24.0-255,4320,133924,53,219472
38528,0.001375,172.31.46.0-255,66,133990,53,219472
38529,0.001394,74.125.24.0-255,5738,139728,53,219472
38530,0.001397,172.31.46.0-255,66,139794,53,219472
38531,0.001426,74.125.24.0-255,2902,142696,53,219472
38532,0.001429,172.31.46.0-255,66,142762,53,219472
38533,0.001435,74.125.24.0-255,5738,148500,53,219472
38534,0.001437,172.31.46.0-255,66,148566,53,219472
38535,0.001439,74.125.24.0-255,1484,150050,53,219472
38536,0.001467,74.125.24.0-255,3602,153652,53,219472
38537,0.00147,172.31.46.0-255,66,153718,53,219472
38538,0.001541,74.125.24.0-255,1484,155202,53,219472
38539,0.001558,74.125.24.0-255,2902,158104,53,219472
38540,0.001561,172.31.46.0-255,66,158170,53,219472
38541,0.001567,74.125.24.0-255,4320,162490,53,219472
38542,0.001571,172.31.46.0-255,66,162556,53,219472
38543,0.001589,74.125.24.0-255,1484,164040,53,219472
38544,0.001594,74.125.24.0-255,4320,168360,53,219472
38545,0.001601,172.31.46.0-255,66,168426,53,219472
38546,0.001627,74.125.24.0-255,4320,172746,53,219472
38547,0.00163,172.31.46.0-255,66,172812,53,219472
38548,0.001662,74.125.24.0-255,7156,179968,53,219472
38549,0.001664,172.31.46.0-255,66,180034,53,219472
38550,0.001681,172.31.46.0-255,66,180100,53,219472
38551,0.001684,74.125.24.0-255,1484,181584,53,219472
38552,0.001688,74.125.24.0-255,2902,184486,53,219472
38553,0.00169,172.31.46.0-255,66,184552,53,219472
38554,0.001736,74.125.24.0-255,5738,190290,53,219472
38555,0.001741,172.31.46.0-255,66,190356,53,219472
38556,0.001769,172.31.46.0-255,66,190422,53,219472
38557,0.001777,74.125.24.0-255,7156,197578,53,219472
38558,0.001779,172.31.46.0-255,66,197644,53,219472
38559,0.001783,74.125.24.0-255,2902,200546,53,219472
38560,0.001785,172.31.46.0-255,66,200612,53,219472
38561,0.001824,172.31.46.0-255,66,200678,53,219472
38562,0.001843,74.125.24.0-255,4320,204998,53,219472
38563,0.001845,172.31.46.0-255,66,205064,53,219472
38564,0.001874,74.125.24.0-255,5020,210084,53,219472
38565,0.001878,172.31.46.0-255,66,210150,53,219472
38566,0.001895,172.31.46.0-255,66,210216,53,219472
38567,0.001908,172.31.46.0-255,66,210282,53,219472
38568,0.00195,172.31.46.0-255,66,210348,53,219472
38569,0.001969,172.31.46.0-255,66,210414,53,219472
38570,0.001994,74.125.24.0-255,766,211180,53,219472
38571,0.002042,172.31.46.0-255,66,211246,53,219472
38572,0.002066,74.125.24.0-255,1484,212730,53,219472
38573,0.002078,172.31.46.0-255,66,212796,53,219472
38574,0.002095,172.31.46.0-255,66,212862,53,219472
38575,0.002129,172.31.46.0-255,66,212928,53,219472
38576,0.002133,74.125.24.0-255,1849,214777,53,219472
38577,0.002135,74.125.24.0-255,105,214882,53,219472
38578,0.002136,172.31.46.0-255,66,214948,53,219472
38579,0.003551,74.125.24.0-255,66,215014,53,219472
38580,0.008286,172.31.46.0-255,105,215119,53,219472
38581,0.010505,74.125.24.0-255,66,215185,53,219472
38582,0.031202,172.31.46.0-255,172,215357,53,219472
38583,0.031234,172.31.46.0-255,1113,216470,53,219472
38584,0.031274,172.31.46.0-255,1514,217984,53,219472
38585,0.031275,172.31.46.0-255,1290,219274,53,219472
38586,0.032754,104.244.42.0-255,66,219340,53,219472
38587,0.032781,104.244.42.0-255,66,219406,53,219472
38588,0.032827,104.244.42.0-255,66,219472,53,219472
38589,0.0,172.217.194.0-255,152,152,53,207753
38590,1.5e-05,172.31.46.0-255,66,218,53,207753
38591,2.2e-05,172.217.194.0-255,1484,1702,53,207753
38592,2.6e-05,172.31.46.0-255,66,1768,53,207753
38593,4e-05,172.217.194.0-255,2902,4670,53,207753
38594,4.4e-05,172.31.46.0-255,66,4736,53,207753
38595,5.2e-05,172.217.194.0-255,7156,11892,53,207753
38596,5.5e-05,172.31.46.0-255,66,11958,53,207753
38597,5.9e-05,172.217.194.0-255,1940,13898,53,207753
38598,6.2e-05,172.31.46.0-255,66,13964,53,207753
38599,0.000103,172.217.194.0-255,1484,15448,53,207753
38600,0.000105,172.31.46.0-255,66,15514,53,207753
38601,0.00011,172.217.194.0-255,2902,18416,53,207753
38602,0.000113,172.31.46.0-255,66,18482,53,207753
38603,0.000116,172.217.194.0-255,1484,19966,53,207753
38604,0.000118,172.31.46.0-255,66,20032,53,207753
38605,0.000151,172.217.194.0-255,4320,24352,53,207753
38606,0.000154,172.31.46.0-255,66,24418,53,207753
38607,0.000162,172.217.194.0-255,6797,31215,53,207753
38608,0.000164,172.31.46.0-255,66,31281,53,207753
38609,0.000204,172.217.194.0-255,1484,32765,53,207753
38610,0.000207,172.31.46.0-255,66,32831,53,207753
38611,0.000226,172.217.194.0-255,2902,35733,53,207753
38612,0.000229,172.31.46.0-255,66,35799,53,207753
38613,0.000254,172.217.194.0-255,5738,41537,53,207753
38614,0.000256,172.31.46.0-255,66,41603,53,207753
38615,0.000278,172.217.194.0-255,6797,48400,53,207753
38616,0.00028,172.31.46.0-255,66,48466,53,207753
38617,0.001071,172.217.194.0-255,1484,49950,53,207753
38618,0.001078,172.31.46.0-255,66,50016,53,207753
38619,0.001087,172.217.194.0-255,2902,52918,53,207753
38620,0.001089,172.31.46.0-255,66,52984,53,207753
38621,0.001103,172.217.194.0-255,5738,58722,53,207753
38622,0.001106,172.31.46.0-255,66,58788,53,207753
38623,0.001143,172.31.46.0-255,66,58854,53,207753
38624,0.001159,172.31.46.0-255,66,58920,53,207753
38625,0.001197,172.217.194.0-255,3961,62881,53,207753
38626,0.0012,172.31.46.0-255,66,62947,53,207753
38627,0.001207,172.217.194.0-255,4320,67267,53,207753
38628,0.001209,172.31.46.0-255,66,67333,53,207753
38629,0.001226,172.31.46.0-255,66,67399,53,207753
38630,0.001231,172.217.194.0-255,3123,70522,53,207753
38631,0.001234,172.31.46.0-255,66,70588,53,207753
38632,0.00131,172.217.194.0-255,1484,72072,53,207753
38633,0.001317,172.217.194.0-255,2902,74974,53,207753
38634,0.001321,172.31.46.0-255,66,75040,53,207753
38635,0.001328,172.217.194.0-255,5738,80778,53,207753
38636,0.001331,172.31.46.0-255,66,80844,53,207753
38637,0.00137,172.31.46.0-255,66,80910,53,207753
38638,0.001389,172.31.46.0-255,66,80976,53,207753
38639,0.001423,172.217.194.0-255,1484,82460,53,207753
38640,0.001428,172.217.194.0-255,1484,83944,53,207753
38641,0.00143,172.31.46.0-255,66,84010,53,207753
38642,0.001457,172.217.194.0-255,1484,85494,53,207753
38643,0.001464,172.217.194.0-255,5738,91232,53,207753
38644,0.001467,172.31.46.0-255,66,91298,53,207753
38645,0.001519,172.31.46.0-255,66,91364,53,207753
38646,0.001548,172.217.194.0-255,4320,95684,53,207753
38647,0.001551,172.31.46.0-255,66,95750,53,207753
38648,0.001568,172.31.46.0-255,66,95816,53,207753
38649,0.001571,172.217.194.0-255,1484,97300,53,207753
38650,0.001576,172.217.194.0-255,2902,100202,53,207753
38651,0.001578,172.31.46.0-255,66,100268,53,207753
38652,0.001585,172.217.194.0-255,5738,106006,53,207753
38653,0.001588,172.31.46.0-255,66,106072,53,207753
38654,0.001593,172.217.194.0-255,4320,110392,53,207753
38655,0.001596,172.31.46.0-255,66,110458,53,207753
38656,0.001633,172.217.194.0-255,7156,117614,53,207753
38657,0.001636,172.31.46.0-255,66,117680,53,207753
38658,0.001652,172.31.46.0-255,66,117746,53,207753
38659,0.00167,172.217.194.0-255,3602,121348,53,207753
38660,0.001673,172.31.46.0-255,66,121414,53,207753
38661,0.001722,172.217.194.0-255,1484,122898,53,207753
38662,0.001726,172.217.194.0-255,1484,124382,53,207753
38663,0.001729,172.31.46.0-255,66,124448,53,207753
38664,0.001756,172.217.194.0-255,1484,125932,53,207753
38665,0.001763,172.217.194.0-255,5738,131670,53,207753
38666,0.001766,172.31.46.0-255,66,131736,53,207753
38667,0.001777,172.31.46.0-255,66,131802,53,207753
38668,0.001813,172.217.194.0-255,4320,136122,53,207753
38669,0.001816,172.31.46.0-255,66,136188,53,207753
38670,0.001827,172.31.46.0-255,66,136254,53,207753
38671,0.001853,172.217.194.0-255,766,137020,53,207753
38672,0.001866,172.31.46.0-255,66,137086,53,207753
38673,0.001872,172.217.194.0-255,5738,142824,53,207753
38674,0.001874,172.31.46.0-255,66,142890,53,207753
38675,0.001919,172.31.46.0-255,66,142956,53,207753
38676,0.001926,172.217.194.0-255,6438,149394,53,207753
38677,0.001928,172.31.46.0-255,66,149460,53,207753
38678,0.002256,172.217.194.0-255,1484,150944,53,207753
38679,0.002265,172.217.194.0-255,2902,153846,53,207753
38680,0.00227,172.31.46.0-255,66,153912,53,207753
38681,0.002278,172.217.194.0-255,5738,159650,53,207753
38682,0.002281,172.31.46.0-255,66,159716,53,207753
38683,0.00229,172.217.194.0-255,2902,162618,53,207753
38684,0.002294,172.31.46.0-255,66,162684,53,207753
38685,0.002327,172.217.194.0-255,7156,169840,53,207753
38686,0.00233,172.31.46.0-255,66,169906,53,207753
38687,0.002361,172.217.194.0-255,3602,173508,53,207753
38688,0.002389,172.217.194.0-255,1484,174992,53,207753
38689,0.002401,172.217.194.0-255,1484,176476,53,207753
38690,0.002411,172.217.194.0-255,1484,177960,53,207753
38691,0.002418,172.217.194.0-255,5738,183698,53,207753
38692,0.002424,172.217.194.0-255,5738,189436,53,207753
38693,0.002435,172.217.194.0-255,2902,192338,53,207753
38694,0.002467,172.217.194.0-255,1484,193822,53,207753
38695,0.002483,172.217.194.0-255,3602,197424,53,207753
38696,0.002539,172.217.194.0-255,5738,203162,53,207753
38697,0.005725,172.31.46.0-255,66,203228,53,207753
38698,0.008307,172.217.194.0-255,105,203333,53,207753
38699,0.008357,172.31.46.0-255,66,203399,53,207753
38700,0.008391,172.31.46.0-255,105,203504,53,207753
38701,0.010963,172.217.194.0-255,66,203570,53,207753
38702,0.029973,172.31.46.0-255,172,203742,53,207753
38703,0.030006,172.31.46.0-255,1111,204853,53,207753
38704,0.030072,172.31.46.0-255,1514,206367,53,207753
38705,0.030073,172.31.46.0-255,1188,207555,53,207753
38706,0.03151,104.244.42.0-255,66,207621,53,207753
38707,0.031557,104.244.42.0-255,66,207687,53,207753
38708,0.031666,104.244.42.0-255,66,207753,53,207753
38709,0.0,74.125.200.0-255,152,152,53,288904
38710,1.4e-05,172.31.46.0-255,66,218,53,288904
38711,2e-05,74.125.200.0-255,1484,1702,53,288904
38712,2.4e-05,172.31.46.0-255,66,1768,53,288904
38713,2.9e-05,74.125.200.0-255,2902,4670,53,288904
38714,3.1e-05,172.31.46.0-255,66,4736,53,288904
38715,6.4e-05,74.125.200.0-255,7156,11892,53,288904
38716,6.6e-05,172.31.46.0-255,66,11958,53,288904
38717,7.1e-05,74.125.200.0-255,2043,14001,53,288904
38718,7.3e-05,172.31.46.0-255,66,14067,53,288904
38719,0.0001,74.125.200.0-255,7156,21223,53,288904
38720,0.000102,172.31.46.0-255,66,21289,53,288904
38721,0.000124,74.125.200.0-255,4320,25609,53,288904
38722,0.000126,172.31.46.0-255,66,25675,53,288904
38723,0.00013,74.125.200.0-255,2902,28577,53,288904
38724,0.000131,172.31.46.0-255,66,28643,53,288904
38725,0.000149,74.125.200.0-255,2543,31186,53,288904
38726,0.000151,172.31.46.0-255,66,31252,53,288904
38727,0.00019,74.125.200.0-255,1484,32736,53,288904
38728,0.000192,172.31.46.0-255,66,32802,53,288904
38729,0.000211,74.125.200.0-255,1484,34286,53,288904
38730,0.000213,172.31.46.0-255,66,34352,53,288904
38731,0.000218,74.125.200.0-255,2902,37254,53,288904
38732,0.00022,172.31.46.0-255,66,37320,53,288904
38733,0.000225,74.125.200.0-255,4320,41640,53,288904
38734,0.000226,172.31.46.0-255,66,41706,53,288904
38735,0.000256,172.31.46.0-255,66,41772,53,288904
38736,0.000261,74.125.200.0-255,5738,47510,53,288904
38737,0.000263,172.31.46.0-255,66,47576,53,288904
38738,0.000283,74.125.200.0-255,7156,54732,53,288904
38739,0.000286,172.31.46.0-255,66,54798,53,288904
38740,0.000308,74.125.200.0-255,2513,57311,53,288904
38741,0.00031,172.31.46.0-255,66,57377,53,288904
38742,0.000327,74.125.200.0-255,118,57495,53,288904
38743,0.000511,74.125.200.0-255,1484,58979,53,288904
38744,0.000515,172.31.46.0-255,66,59045,53,288904
38745,0.000536,74.125.200.0-255,2902,61947,53,288904
38746,0.000539,172.31.46.0-255,66,62013,53,288904
38747,0.000545,74.125.200.0-255,5738,67751,53,288904
38748,0.000546,172.31.46.0-255,66,67817,53,288904
38749,0.000567,74.125.200.0-255,7156,74973,53,288904
38750,0.000569,172.31.46.0-255,66,75039,53,288904
38751,0.000593,74.125.200.0-255,1484,76523,53,288904
38752,0.000604,172.31.46.0-255,66,76589,53,288904
38753,0.000609,74.125.200.0-255,5020,81609,53,288904
38754,0.000611,172.31.46.0-255,66,81675,53,288904
38755,0.000665,74.125.200.0-255,1484,83159,53,288904
38756,0.000678,74.125.200.0-255,2902,86061,53,288904
38757,0.00068,172.31.46.0-255,66,86127,53,288904
38758,0.000693,74.125.200.0-255,2902,89029,53,288904
38759,0.000696,172.31.46.0-255,66,89095,53,288904
38760,0.000709,74.125.200.0-255,2902,91997,53,288904
38761,0.000711,172.31.46.0-255,66,92063,53,288904
38762,0.000713,74.125.200.0-255,1484,93547,53,288904
38763,0.000739,74.125.200.0-255,5060,98607,53,288904
38764,0.000741,172.31.46.0-255,66,98673,53,288904
38765,0.000745,74.125.200.0-255,2902,101575,53,288904
38766,0.000747,172.31.46.0-255,66,101641,53,288904
38767,0.000761,74.125.200.0-255,4320,105961,53,288904
38768,0.000764,172.31.46.0-255,66,106027,53,288904
38769,0.000766,74.125.200.0-255,1484,107511,53,288904
38770,0.000788,74.125.200.0-255,2902,110413,53,288904
38771,0.00079,172.31.46.0-255,66,110479,53,288904
38772,0.000796,74.125.200.0-255,5738,116217,53,288904
38773,0.000797,172.31.46.0-255,66,116283,53,288904
38774,0.00084,172.31.46.0-255,66,116349,53,288904
38775,0.000862,74.125.200.0-255,1484,117833,53,288904
38776,0.000877,74.125.200.0-255,3602,121435,53,288904
38777,0.000879,172.31.46.0-255,66,121501,53,288904
38778,0.001019,74.125.200.0-255,1484,122985,53,288904
38779,0.001041,74.125.200.0-255,2902,125887,53,288904
38780,0.001072,172.31.46.0-255,66,125953,53,288904
38781,0.001082,74.125.200.0-255,5738,131691,53,288904
38782,0.001084,172.31.46.0-255,66,131757,53,288904
38783,0.001088,74.125.200.0-255,2902,134659,53,288904
38784,0.00109,172.31.46.0-255,66,134725,53,288904
38785,0.001115,74.125.200.0-255,4320,139045,53,288904
38786,0.001117,172.31.46.0-255,66,139111,53,288904
38787,0.001123,74.125.200.0-255,5738,144849,53,288904
38788,0.001125,172.31.46.0-255,66,144915,53,288904
38789,0.001139,74.125.200.0-255,4320,149235,53,288904
38790,0.001141,172.31.46.0-255,66,149301,53,288904
38791,0.001161,74.125.200.0-255,1484,150785,53,288904
38792,0.001177,74.125.200.0-255,5020,155805,53,288904
38793,0.001179,172.31.46.0-255,66,155871,53,288904
38794,0.001239,74.125.200.0-255,1484,157355,53,288904
38795,0.001254,74.125.200.0-255,2902,160257,53,288904
38796,0.001257,172.31.46.0-255,66,160323,53,288904
38797,0.00126,74.125.200.0-255,1484,161807,53,288904
38798,0.001282,74.125.200.0-255,2902,164709,53,288904
38799,0.001285,172.31.46.0-255,66,164775,53,288904
38800,0.001308,74.125.200.0-255,5738,170513,53,288904
38801,0.00131,172.31.46.0-255,66,170579,53,288904
38802,0.001313,74.125.200.0-255,1484,172063,53,288904
38803,0.001339,172.31.46.0-255,66,172129,53,288904
38804,0.001374,74.125.200.0-255,2902,175031,53,288904
38805,0.001377,172.31.46.0-255,66,175097,53,288904
38806,0.001393,74.125.200.0-255,5020,180117,53,288904
38807,0.001395,172.31.46.0-255,66,180183,53,288904
38808,0.001449,74.125.200.0-255,1484,181667,53,288904
38809,0.00146,74.125.200.0-255,1484,183151,53,288904
38810,0.001462,172.31.46.0-255,66,183217,53,288904
38811,0.001478,74.125.200.0-255,1484,184701,53,288904
38812,0.001482,74.125.200.0-255,4320,189021,53,288904
38813,0.001484,172.31.46.0-255,66,189087,53,288904
38814,0.001514,172.31.46.0-255,66,189153,53,288904
38815,0.001518,74.125.200.0-255,2902,192055,53,288904
38816,0.001521,172.31.46.0-255,66,192121,53,288904
38817,0.001538,74.125.200.0-255,4320,196441,53,288904
38818,0.001541,172.31.46.0-255,66,196507,53,288904
38819,0.001554,172.31.46.0-255,66,196573,53,288904
38820,0.001556,74.125.200.0-255,766,197339,53,288904
38821,0.001697,74.125.200.0-255,1484,198823,53,288904
38822,0.0017,172.31.46.0-255,66,198889,53,288904
38823,0.001704,74.125.200.0-255,1484,200373,53,288904
38824,0.001722,74.125.200.0-255,1484,201857,53,288904
38825,0.001724,172.31.46.0-255,66,201923,53,288904
38826,0.001727,74.125.200.0-255,1484,203407,53,288904
38827,0.001757,74.125.200.0-255,2902,206309,53,288904
38828,0.001759,172.31.46.0-255,66,206375,53,288904
38829,0.001764,74.125.200.0-255,2902,209277,53,288904
38830,0.001765,172.31.46.0-255,66,209343,53,288904
38831,0.001786,74.125.200.0-255,2902,212245,53,288904
38832,0.001788,172.31.46.0-255,66,212311,53,288904
38833,0.001792,74.125.200.0-255,2902,215213,53,288904
38834,0.001793,172.31.46.0-255,66,215279,53,288904
38835,0.001798,74.125.200.0-255,4320,219599,53,288904
38836,0.001799,172.31.46.0-255,66,219665,53,288904
38837,0.001802,74.125.200.0-255,1484,221149,53,288904
38838,0.001833,74.125.200.0-255,7156,228305,53,288904
38839,0.001836,172.31.46.0-255,66,228371,53,288904
38840,0.001841,74.125.200.0-255,3602,231973,53,288904
38841,0.001842,172.31.46.0-255,66,232039,53,288904
38842,0.001847,74.125.200.0-255,4320,236359,53,288904
38843,0.001849,172.31.46.0-255,66,236425,53,288904
38844,0.001877,74.125.200.0-255,4320,240745,53,288904
38845,0.00188,172.31.46.0-255,66,240811,53,288904
38846,0.001901,74.125.200.0-255,4320,245131,53,288904
38847,0.001903,172.31.46.0-255,66,245197,53,288904
38848,0.001914,172.31.46.0-255,66,245263,53,288904
38849,0.001946,74.125.200.0-255,2902,248165,53,288904
38850,0.001948,172.31.46.0-255,66,248231,53,288904
38851,0.001969,172.31.46.0-255,66,248297,53,288904
38852,0.001974,74.125.200.0-255,4320,252617,53,288904
38853,0.001977,172.31.46.0-255,66,252683,53,288904
38854,0.001994,74.125.200.0-255,5738,258421,53,288904
38855,0.001996,172.31.46.0-255,66,258487,53,288904
38856,0.002026,74.125.200.0-255,5738,264225,53,288904
38857,0.002029,172.31.46.0-255,66,264291,53,288904
38858,0.002053,74.125.200.0-255,5738,270029,53,288904
38859,0.002056,172.31.46.0-255,66,270095,53,288904
38860,0.002061,74.125.200.0-255,4320,274415,53,288904
38861,0.002075,172.31.46.0-255,66,274481,53,288904
38862,0.002133,172.31.46.0-255,66,274547,53,288904
38863,0.002151,74.125.200.0-255,5738,280285,53,288904
38864,0.002186,74.125.200.0-255,2902,283187,53,288904
38865,0.002209,74.125.200.0-255,97,283284,53,288904
38866,0.002241,74.125.200.0-255,105,283389,53,288904
38867,0.002583,172.31.46.0-255,66,283455,53,288904
38868,0.004409,172.31.46.0-255,105,283560,53,288904
38869,0.006685,74.125.200.0-255,66,283626,53,288904
38870,0.03005,172.31.46.0-255,172,283798,53,288904
38871,0.03023,172.31.46.0-255,1112,284910,53,288904
38872,0.030305,172.31.46.0-255,1514,286424,53,288904
38873,0.030307,172.31.46.0-255,1514,287938,53,288904
38874,0.030331,172.31.46.0-255,702,288640,53,288904
38875,0.031585,104.244.42.0-255,66,288706,53,288904
38876,0.031774,104.244.42.0-255,66,288772,53,288904
38877,0.031865,104.244.42.0-255,66,288838,53,288904
38878,0.031882,104.244.42.0-255,66,288904,53,288904
38879,0.0,74.125.68.0-255,153,153,53,348106
38880,2.1e-05,172.31.46.0-255,66,219,53,348106
38881,2.8e-05,74.125.68.0-255,1484,1703,53,348106
38882,3.2e-05,172.31.46.0-255,66,1769,53,348106
38883,3.5e-05,74.125.68.0-255,1484,3253,53,348106
38884,3.7e-05,172.31.46.0-255,66,3319,53,348106
38885,7.5e-05,74.125.68.0-255,2902,6221,53,348106
38886,7.8e-05,172.31.46.0-255,66,6287,53,348106
38887,8.2e-05,74.125.68.0-255,2902,9189,53,348106
38888,8.5e-05,172.31.46.0-255,66,9255,53,348106
38889,0.000227,74.125.68.0-255,4773,14028,53,348106
38890,0.000232,172.31.46.0-255,66,14094,53,348106
38891,0.000267,74.125.68.0-255,1484,15578,53,348106
38892,0.00027,172.31.46.0-255,66,15644,53,348106
38893,0.000275,74.125.68.0-255,2902,18546,53,348106
38894,0.000277,172.31.46.0-255,66,18612,53,348106
38895,0.00028,74.125.68.0-255,1484,20096,53,348106
38896,0.000282,172.31.46.0-255,66,20162,53,348106
38897,0.000312,74.125.68.0-255,1484,21646,53,348106
38898,0.000314,172.31.46.0-255,66,21712,53,348106
38899,0.00032,74.125.68.0-255,4320,26032,53,348106
38900,0.000322,172.31.46.0-255,66,26098,53,348106
38901,0.000353,172.31.46.0-255,66,26164,53,348106
38902,0.000356,74.125.68.0-255,1484,27648,53,348106
38903,0.000358,172.31.46.0-255,66,27714,53,348106
38904,0.000385,172.31.46.0-255,66,27780,53,348106
38905,0.000388,74.125.68.0-255,1484,29264,53,348106
38906,0.000389,172.31.46.0-255,66,29330,53,348106
38907,0.000424,74.125.68.0-255,5738,35068,53,348106
38908,0.000427,172.31.46.0-255,66,35134,53,348106
38909,0.000442,74.125.68.0-255,3602,38736,53,348106
38910,0.000467,74.125.68.0-255,445,39181,53,348106
38911,0.000489,172.31.46.0-255,66,39247,53,348106
38912,0.000595,74.125.68.0-255,330,39577,53,348106
38913,0.000867,74.125.68.0-255,1484,41061,53,348106
38914,0.000871,172.31.46.0-255,66,41127,53,348106
38915,0.000876,74.125.68.0-255,2902,44029,53,348106
38916,0.000878,172.31.46.0-255,66,44095,53,348106
38917,0.000892,74.125.68.0-255,4320,48415,53,348106
38918,0.000894,172.31.46.0-255,66,48481,53,348106
38919,0.000897,74.125.68.0-255,1484,49965,53,348106
38920,0.000909,74.125.68.0-255,4320,54285,53,348106
38921,0.000911,172.31.46.0-255,66,54351,53,348106
38922,0.00093,74.125.68.0-255,1484,55835,53,348106
38923,0.000944,74.125.68.0-255,5738,61573,53,348106
38924,0.000946,172.31.46.0-255,66,61639,53,348106
38925,0.000959,74.125.68.0-255,4320,65959,53,348106
38926,0.000961,172.31.46.0-255,66,66025,53,348106
38927,0.000966,74.125.68.0-255,4320,70345,53,348106
38928,0.000969,172.31.46.0-255,66,70411,53,348106
38929,0.000995,74.125.68.0-255,3602,74013,53,348106
38930,0.000998,172.31.46.0-255,66,74079,53,348106
38931,0.001399,74.125.68.0-255,1484,75563,53,348106
38932,0.001408,74.125.68.0-255,2902,78465,53,348106
38933,0.001412,172.31.46.0-255,66,78531,53,348106
38934,0.001439,74.125.68.0-255,5738,84269,53,348106
38935,0.001441,172.31.46.0-255,66,84335,53,348106
38936,0.001457,74.125.68.0-255,4320,88655,53,348106
38937,0.001459,172.31.46.0-255,66,88721,53,348106
38938,0.001477,74.125.68.0-255,7156,95877,53,348106
38939,0.001479,172.31.46.0-255,66,95943,53,348106
38940,0.001512,172.31.46.0-255,66,96009,53,348106
38941,0.00186,74.125.68.0-255,1484,97493,53,348106
38942,0.001868,74.125.68.0-255,2902,100395,53,348106
38943,0.001873,172.31.46.0-255,66,100461,53,348106
38944,0.001897,74.125.68.0-255,5738,106199,53,348106
38945,0.0019,172.31.46.0-255,66,106265,53,348106
38946,0.001933,74.125.68.0-255,2902,109167,53,348106
38947,0.001935,172.31.46.0-255,66,109233,53,348106
38948,0.001965,74.125.68.0-255,5738,114971,53,348106
38949,0.001968,172.31.46.0-255,66,115037,53,348106
38950,0.001984,74.125.68.0-255,5020,120057,53,348106
38951,0.002282,74.125.68.0-255,1484,121541,53,348106
38952,0.002289,74.125.68.0-255,1484,123025,53,348106
38953,0.002301,74.125.68.0-255,1484,124509,53,348106
38954,0.002306,74.125.68.0-255,2902,127411,53,348106
38955,0.00233,74.125.68.0-255,2902,130313,53,348106
38956,0.002337,74.125.68.0-255,7156,137469,53,348106
38957,0.00234,74.125.68.0-255,1484,138953,53,348106
38958,0.003748,172.31.46.0-255,66,139019,53,348106
38959,0.006059,74.125.68.0-255,4320,143339,53,348106
38960,0.006064,172.31.46.0-255,66,143405,53,348106
38961,0.006084,74.125.68.0-255,1484,144889,53,348106
38962,0.008413,74.125.68.0-255,4320,149209,53,348106
38963,0.008419,172.31.46.0-255,66,149275,53,348106
38964,0.01075,74.125.68.0-255,4320,153595,53,348106
38965,0.010759,172.31.46.0-255,66,153661,53,348106
38966,0.010779,74.125.68.0-255,1484,155145,53,348106
38967,0.013084,74.125.68.0-255,4320,159465,53,348106
38968,0.013091,172.31.46.0-255,66,159531,53,348106
38969,0.015407,74.125.68.0-255,5738,165269,53,348106
38970,0.015415,172.31.46.0-255,66,165335,53,348106
38971,0.017728,74.125.68.0-255,5738,171073,53,348106
38972,0.017736,172.31.46.0-255,66,171139,53,348106
38973,0.020052,74.125.68.0-255,5738,176877,53,348106
38974,0.02006,172.31.46.0-255,66,176943,53,348106
38975,0.022369,74.125.68.0-255,5738,182681,53,348106
38976,0.022374,172.31.46.0-255,66,182747,53,348106
38977,0.024701,74.125.68.0-255,5738,188485,53,348106
38978,0.02471,172.31.46.0-255,66,188551,53,348106
38979,0.027026,74.125.68.0-255,5738,194289,53,348106
38980,0.027031,172.31.46.0-255,66,194355,53,348106
38981,0.027835,172.31.46.0-255,172,194527,53,348106
38982,0.027863,172.31.46.0-255,1111,195638,53,348106
38983,0.027913,172.31.46.0-255,1514,197152,53,348106
38984,0.027915,172.31.46.0-255,1514,198666,53,348106
38985,0.027936,172.31.46.0-255,703,199369,53,348106
38986,0.02935,74.125.68.0-255,5738,205107,53,348106
38987,0.029356,172.31.46.0-255,66,205173,53,348106
38988,0.029381,104.244.42.0-255,66,205239,53,348106
38989,0.029435,104.244.42.0-255,66,205305,53,348106
38990,0.029475,104.244.42.0-255,66,205371,53,348106
38991,0.029479,104.244.42.0-255,66,205437,53,348106
38992,0.031679,74.125.68.0-255,5738,211175,53,348106
38993,0.031686,172.31.46.0-255,66,211241,53,348106
38994,0.033991,74.125.68.0-255,5738,216979,53,348106
38995,0.033997,172.31.46.0-255,66,217045,53,348106
38996,0.036305,74.125.68.0-255,5738,222783,53,348106
38997,0.036311,172.31.46.0-255,66,222849,53,348106
38998,0.03861,74.125.68.0-255,5738,228587,53,348106
38999,0.038616,172.31.46.0-255,66,228653,53,348106
39000,0.040949,74.125.68.0-255,5738,234391,53,348106
39001,0.040955,172.31.46.0-255,66,234457,53,348106
39002,0.043285,74.125.68.0-255,5738,240195,53,348106
39003,0.043291,172.31.46.0-255,66,240261,53,348106
39004,0.045603,74.125.68.0-255,5738,245999,53,348106
39005,0.045609,172.31.46.0-255,66,246065,53,348106
39006,0.047934,74.125.68.0-255,5738,251803,53,348106
39007,0.047945,172.31.46.0-255,66,251869,53,348106
39008,0.050259,74.125.68.0-255,5738,257607,53,348106
39009,0.050265,172.31.46.0-255,66,257673,53,348106
39010,0.052582,74.125.68.0-255,5738,263411,53,348106
39011,0.052587,172.31.46.0-255,66,263477,53,348106
39012,0.054886,74.125.68.0-255,2902,266379,53,348106
39013,0.054892,172.31.46.0-255,66,266445,53,348106
39014,0.054913,74.125.68.0-255,2902,269347,53,348106
39015,0.054916,172.31.46.0-255,66,269413,53,348106
39016,0.057206,74.125.68.0-255,2902,272315,53,348106
39017,0.057212,172.31.46.0-255,66,272381,53,348106
39018,0.057233,74.125.68.0-255,2902,275283,53,348106
39019,0.057235,172.31.46.0-255,66,275349,53,348106
39020,0.059516,74.125.68.0-255,2902,278251,53,348106
39021,0.059523,172.31.46.0-255,66,278317,53,348106
39022,0.059546,74.125.68.0-255,2902,281219,53,348106
39023,0.059549,172.31.46.0-255,66,281285,53,348106
39024,0.061861,74.125.68.0-255,2902,284187,53,348106
39025,0.061866,172.31.46.0-255,66,284253,53,348106
39026,0.061885,74.125.68.0-255,2902,287155,53,348106
39027,0.061887,172.31.46.0-255,66,287221,53,348106
39028,0.064173,74.125.68.0-255,2902,290123,53,348106
39029,0.064179,172.31.46.0-255,66,290189,53,348106
39030,0.064199,74.125.68.0-255,2902,293091,53,348106
39031,0.064202,172.31.46.0-255,66,293157,53,348106
39032,0.066492,74.125.68.0-255,5738,298895,53,348106
39033,0.066497,172.31.46.0-255,66,298961,53,348106
39034,0.068809,74.125.68.0-255,5738,304699,53,348106
39035,0.068815,172.31.46.0-255,66,304765,53,348106
39036,0.071126,74.125.68.0-255,5738,310503,53,348106
39037,0.071131,172.31.46.0-255,66,310569,53,348106
39038,0.07358,74.125.68.0-255,5738,316307,53,348106
39039,0.073584,172.31.46.0-255,66,316373,53,348106
39040,0.075887,74.125.68.0-255,5738,322111,53,348106
39041,0.075893,172.31.46.0-255,66,322177,53,348106
39042,0.078199,74.125.68.0-255,5738,327915,53,348106
39043,0.078206,172.31.46.0-255,66,327981,53,348106
39044,0.080522,74.125.68.0-255,5738,333719,53,348106
39045,0.08053,172.31.46.0-255,66,333785,53,348106
39046,0.082854,74.125.68.0-255,5738,339523,53,348106
39047,0.08286,172.31.46.0-255,66,339589,53,348106
39048,0.085163,74.125.68.0-255,5738,345327,53,348106
39049,0.085169,172.31.46.0-255,66,345393,53,348106
39050,0.087479,74.125.68.0-255,2476,347869,53,348106
39051,0.087485,172.31.46.0-255,66,347935,53,348106
39052,0.087637,172.31.46.0-255,105,348040,53,348106
39053,0.089923,74.125.68.0-255,66,348106,53,348106
39054,0.0,74.125.24.0-255,146,146,53,208561
39055,2e-05,172.31.46.0-255,66,212,53,208561
39056,2.7e-05,74.125.24.0-255,1484,1696,53,208561
39057,3.1e-05,172.31.46.0-255,66,1762,53,208561
39058,4.4e-05,74.125.24.0-255,2902,4664,53,208561
39059,4.8e-05,172.31.46.0-255,66,4730,53,208561
39060,5.5e-05,74.125.24.0-255,5738,10468,53,208561
39061,5.9e-05,172.31.46.0-255,66,10534,53,208561
39062,0.000103,74.125.24.0-255,3463,13997,53,208561
39063,0.000106,172.31.46.0-255,66,14063,53,208561
39064,0.000324,74.125.24.0-255,1484,15547,53,208561
39065,0.00033,172.31.46.0-255,66,15613,53,208561
39066,0.000336,74.125.24.0-255,2902,18515,53,208561
39067,0.000338,172.31.46.0-255,66,18581,53,208561
39068,0.000343,74.125.24.0-255,2902,21483,53,208561
39069,0.00035,172.31.46.0-255,66,21549,53,208561
39070,0.000387,74.125.24.0-255,2902,24451,53,208561
39071,0.00039,172.31.46.0-255,66,24517,53,208561
39072,0.000396,74.125.24.0-255,5738,30255,53,208561
39073,0.000398,172.31.46.0-255,66,30321,53,208561
39074,0.000417,172.31.46.0-255,66,30387,53,208561
39075,0.000448,74.125.24.0-255,2543,32930,53,208561
39076,0.000451,172.31.46.0-255,66,32996,53,208561
39077,0.000463,74.125.24.0-255,7156,40152,53,208561
39078,0.000465,172.31.46.0-255,66,40218,53,208561
39079,0.000478,74.125.24.0-255,2902,43120,53,208561
39080,0.000481,172.31.46.0-255,66,43186,53,208561
39081,0.000524,172.31.46.0-255,66,43252,53,208561
39082,0.000527,74.125.24.0-255,352,43604,53,208561
39083,0.000529,172.31.46.0-255,66,43670,53,208561
39084,0.000934,74.125.24.0-255,1484,45154,53,208561
39085,0.000942,74.125.24.0-255,2902,48056,53,208561
39086,0.000945,172.31.46.0-255,66,48122,53,208561
39087,0.000952,74.125.24.0-255,5738,53860,53,208561
39088,0.000954,172.31.46.0-255,66,53926,53,208561
39089,0.000986,74.125.24.0-255,7156,61082,53,208561
39090,0.000988,172.31.46.0-255,66,61148,53,208561
39091,0.001016,74.125.24.0-255,2902,64050,53,208561
39092,0.001018,172.31.46.0-255,66,64116,53,208561
39093,0.001061,172.31.46.0-255,66,64182,53,208561
39094,0.001301,74.125.24.0-255,1484,65666,53,208561
39095,0.001308,74.125.24.0-255,2902,68568,53,208561
39096,0.001312,172.31.46.0-255,66,68634,53,208561
39097,0.001319,74.125.24.0-255,5738,74372,53,208561
39098,0.001321,172.31.46.0-255,66,74438,53,208561
39099,0.001334,74.125.24.0-255,7156,81594,53,208561
39100,0.001336,172.31.46.0-255,66,81660,53,208561
39101,0.001411,172.31.46.0-255,66,81726,53,208561
39102,0.001415,74.125.24.0-255,2184,83910,53,208561
39103,0.001417,172.31.46.0-255,66,83976,53,208561
39104,0.001696,74.125.24.0-255,1484,85460,53,208561
39105,0.001712,74.125.24.0-255,2902,88362,53,208561
39106,0.001716,172.31.46.0-255,66,88428,53,208561
39107,0.001749,74.125.24.0-255,5738,94166,53,208561
39108,0.001754,172.31.46.0-255,66,94232,53,208561
39109,0.001779,74.125.24.0-255,7156,101388,53,208561
39110,0.001782,172.31.46.0-255,66,101454,53,208561
39111,0.00181,74.125.24.0-255,4320,105774,53,208561
39112,0.001812,172.31.46.0-255,66,105840,53,208561
39113,0.001826,172.31.46.0-255,66,105906,53,208561
39114,0.002081,74.125.24.0-255,1484,107390,53,208561
39115,0.002088,74.125.24.0-255,2902,110292,53,208561
39116,0.002091,172.31.46.0-255,66,110358,53,208561
39117,0.002098,74.125.24.0-255,5738,116096,53,208561
39118,0.0021,172.31.46.0-255,66,116162,53,208561
39119,0.002141,172.31.46.0-255,66,116228,53,208561
39120,0.002152,172.31.46.0-255,66,116294,53,208561
39121,0.002187,74.125.24.0-255,1484,117778,53,208561
39122,0.002226,172.31.46.0-255,66,117844,53,208561
39123,0.002303,74.125.24.0-255,1484,119328,53,208561
39124,0.002308,74.125.24.0-255,2902,122230,53,208561
39125,0.002311,172.31.46.0-255,66,122296,53,208561
39126,0.002316,74.125.24.0-255,2902,125198,53,208561
39127,0.002322,172.31.46.0-255,66,125264,53,208561
39128,0.002339,74.125.24.0-255,2902,128166,53,208561
39129,0.002346,74.125.24.0-255,7156,135322,53,208561
39130,0.002358,172.31.46.0-255,66,135388,53,208561
39131,0.002383,74.125.24.0-255,5738,141126,53,208561
39132,0.002411,74.125.24.0-255,1484,142610,53,208561
39133,0.002453,74.125.24.0-255,4320,146930,53,208561
39134,0.002456,74.125.24.0-255,1484,148414,53,208561
39135,0.002523,74.125.24.0-255,2902,151316,53,208561
39136,0.002528,74.125.24.0-255,3602,154918,53,208561
39137,0.002583,74.125.24.0-255,7156,162074,53,208561
39138,0.002599,74.125.24.0-255,3602,165676,53,208561
39139,0.002635,74.125.24.0-255,5738,171414,53,208561
39140,0.002685,74.125.24.0-255,6438,177852,53,208561
39141,0.006953,172.31.46.0-255,66,177918,53,208561
39142,0.009588,74.125.24.0-255,5738,183656,53,208561
39143,0.009597,172.31.46.0-255,66,183722,53,208561
39144,0.012189,74.125.24.0-255,5738,189460,53,208561
39145,0.012198,172.31.46.0-255,66,189526,53,208561
39146,0.014808,74.125.24.0-255,5738,195264,53,208561
39147,0.014826,172.31.46.0-255,66,195330,53,208561
39148,0.017388,74.125.24.0-255,3678,199008,53,208561
39149,0.017399,172.31.46.0-255,66,199074,53,208561
39150,0.018968,172.31.46.0-255,105,199179,53,208561
39151,0.021533,74.125.24.0-255,66,199245,53,208561
39152,0.04126,172.31.46.0-255,164,199409,53,208561
39153,0.041296,172.31.46.0-255,1121,200530,53,208561
39154,0.041363,172.31.46.0-255,1514,202044,53,208561
39155,0.041365,172.31.46.0-255,1514,203558,53,208561
39156,0.041371,172.31.46.0-255,1514,205072,53,208561
39157,0.041372,172.31.46.0-255,1514,206586,53,208561
39158,0.041392,172.31.46.0-255,1514,208100,53,208561
39159,0.041393,172.31.46.0-255,131,208231,53,208561
39160,0.042829,104.244.42.0-255,66,208297,53,208561
39161,0.042877,104.244.42.0-255,66,208363,53,208561
39162,0.042964,104.244.42.0-255,66,208429,53,208561
39163,0.042968,104.244.42.0-255,66,208495,53,208561
39164,0.042971,104.244.42.0-255,66,208561,53,208561
39165,0.0,172.31.46.0-255,180,180,53,12362
39166,3.6e-05,172.31.46.0-255,434,614,53,12362
39167,0.001579,104.244.42.0-255,66,680,53,12362
39168,0.001592,104.244.42.0-255,66,746,53,12362
39169,0.021164,172.31.46.0-255,172,918,53,12362
39170,0.021198,172.31.46.0-255,1134,2052,53,12362
39171,0.021294,172.31.46.0-255,1514,3566,53,12362
39172,0.021296,172.31.46.0-255,1514,5080,53,12362
39173,0.021298,172.31.46.0-255,1514,6594,53,12362
39174,0.021305,172.31.46.0-255,1514,8108,53,12362
39175,0.021307,172.31.46.0-255,1514,9622,53,12362
39176,0.021308,172.31.46.0-255,1514,11136,53,12362
39177,0.021341,172.31.46.0-255,962,12098,53,12362
39178,0.022741,104.244.42.0-255,66,12164,53,12362
39179,0.022752,104.244.42.0-255,66,12230,53,12362
39180,0.02288,104.244.42.0-255,66,12296,53,12362
39181,0.022924,104.244.42.0-255,66,12362,53,12362
39182,0.0,172.217.194.0-255,146,146,53,344991
39183,1.5e-05,172.31.46.0-255,66,212,53,344991
39184,2.2e-05,172.217.194.0-255,1484,1696,53,344991
39185,2.7e-05,172.31.46.0-255,66,1762,53,344991
39186,3.2e-05,172.217.194.0-255,2902,4664,53,344991
39187,4.4e-05,172.31.46.0-255,66,4730,53,344991
39188,6.7e-05,172.217.194.0-255,4320,9050,53,344991
39189,7.1e-05,172.31.46.0-255,66,9116,53,344991
39190,9.5e-05,172.217.194.0-255,1484,10600,53,344991
39191,9.8e-05,172.31.46.0-255,66,10666,53,344991
39192,0.000105,172.217.194.0-255,6358,17024,53,344991
39193,0.000108,172.31.46.0-255,66,17090,53,344991
39194,0.000119,172.217.194.0-255,5738,22828,53,344991
39195,0.000122,172.31.46.0-255,66,22894,53,344991
39196,0.000149,172.217.194.0-255,4320,27214,53,344991
39197,0.000152,172.31.46.0-255,66,27280,53,344991
39198,0.000158,172.217.194.0-255,3961,31241,53,344991
39199,0.00016,172.31.46.0-255,66,31307,53,344991
39200,0.000189,172.217.194.0-255,4320,35627,53,344991
39201,0.000192,172.31.46.0-255,66,35693,53,344991
39202,0.000229,172.217.194.0-255,7156,42849,53,344991
39203,0.000232,172.31.46.0-255,66,42915,53,344991
39204,0.000264,172.217.194.0-255,5379,48294,53,344991
39205,0.000266,172.31.46.0-255,66,48360,53,344991
39206,0.000922,172.217.194.0-255,1484,49844,53,344991
39207,0.000928,172.31.46.0-255,66,49910,53,344991
39208,0.000936,172.217.194.0-255,2902,52812,53,344991
39209,0.000938,172.31.46.0-255,66,52878,53,344991
39210,0.000949,172.217.194.0-255,2902,55780,53,344991
39211,0.000952,172.31.46.0-255,66,55846,53,344991
39212,0.000983,172.217.194.0-255,2902,58748,53,344991
39213,0.000986,172.31.46.0-255,66,58814,53,344991
39214,0.001017,172.217.194.0-255,7090,65904,53,344991
39215,0.001019,172.31.46.0-255,66,65970,53,344991
39216,0.001098,172.217.194.0-255,1484,67454,53,344991
39217,0.001105,172.217.194.0-255,2902,70356,53,344991
39218,0.001108,172.31.46.0-255,66,70422,53,344991
39219,0.001115,172.217.194.0-255,5738,76160,53,344991
39220,0.001118,172.31.46.0-255,66,76226,53,344991
39221,0.001125,172.217.194.0-255,5738,81964,53,344991
39222,0.001132,172.31.46.0-255,66,82030,53,344991
39223,0.001172,172.217.194.0-255,7156,89186,53,344991
39224,0.001176,172.31.46.0-255,66,89252,53,344991
39225,0.001189,172.31.46.0-255,66,89318,53,344991
39226,0.001191,172.217.194.0-255,384,89702,53,344991
39227,0.001877,172.217.194.0-255,1484,91186,53,344991
39228,0.001883,172.31.46.0-255,66,91252,53,344991
39229,0.001889,172.217.194.0-255,2902,94154,53,344991
39230,0.001891,172.31.46.0-255,66,94220,53,344991
39231,0.001896,172.217.194.0-255,4320,98540,53,344991
39232,0.001898,172.31.46.0-255,66,98606,53,344991
39233,0.001917,172.217.194.0-255,1484,100090,53,344991
39234,0.00193,172.31.46.0-255,66,100156,53,344991
39235,0.001954,172.217.194.0-255,1484,101640,53,344991
39236,0.00199,172.31.46.0-255,66,101706,53,344991
39237,0.002014,172.217.194.0-255,2184,103890,53,344991
39238,0.002016,172.31.46.0-255,66,103956,53,344991
39239,0.002367,172.31.46.0-255,101,104057,53,344991
39240,0.004322,172.217.194.0-255,2902,106959,53,344991
39241,0.004328,172.31.46.0-255,66,107025,53,344991
39242,0.004362,172.217.194.0-255,2902,109927,53,344991
39243,0.004365,172.31.46.0-255,66,109993,53,344991
39244,0.004655,172.217.194.0-255,66,110059,53,344991
39245,0.00664,172.217.194.0-255,2902,112961,53,344991
39246,0.006647,172.31.46.0-255,66,113027,53,344991
39247,0.006672,172.217.194.0-255,2902,115929,53,344991
39248,0.006675,172.31.46.0-255,66,115995,53,344991
39249,0.00897,172.217.194.0-255,2902,118897,53,344991
39250,0.008977,172.31.46.0-255,66,118963,53,344991
39251,0.009006,172.217.194.0-255,2902,121865,53,344991
39252,0.009009,172.31.46.0-255,66,121931,53,344991
39253,0.011316,172.217.194.0-255,5738,127669,53,344991
39254,0.011324,172.31.46.0-255,66,127735,53,344991
39255,0.013638,172.217.194.0-255,5738,133473,53,344991
39256,0.013647,172.31.46.0-255,66,133539,53,344991
39257,0.015994,172.217.194.0-255,5738,139277,53,344991
39258,0.016004,172.31.46.0-255,66,139343,53,344991
39259,0.018359,172.217.194.0-255,5738,145081,53,344991
39260,0.018367,172.31.46.0-255,66,145147,53,344991
39261,0.020698,172.217.194.0-255,5738,150885,53,344991
39262,0.020707,172.31.46.0-255,66,150951,53,344991
39263,0.023034,172.217.194.0-255,5738,156689,53,344991
39264,0.023042,172.31.46.0-255,66,156755,53,344991
39265,0.025386,172.217.194.0-255,5738,162493,53,344991
39266,0.025393,172.31.46.0-255,66,162559,53,344991
39267,0.027559,172.31.46.0-255,172,162731,53,344991
39268,0.02759,172.31.46.0-255,1112,163843,53,344991
39269,0.027652,172.31.46.0-255,1514,165357,53,344991
39270,0.027654,172.31.46.0-255,1514,166871,53,344991
39271,0.027676,172.31.46.0-255,702,167573,53,344991
39272,0.027688,172.217.194.0-255,4320,171893,53,344991
39273,0.027693,172.31.46.0-255,66,171959,53,344991
39274,0.027718,172.217.194.0-255,1484,173443,53,344991
39275,0.029102,104.244.42.0-255,66,173509,53,344991
39276,0.029267,104.244.42.0-255,66,173575,53,344991
39277,0.029299,104.244.42.0-255,66,173641,53,344991
39278,0.029303,104.244.42.0-255,66,173707,53,344991
39279,0.030025,172.217.194.0-255,2902,176609,53,344991
39280,0.03003,172.31.46.0-255,66,176675,53,344991
39281,0.032378,172.217.194.0-255,5738,182413,53,344991
39282,0.032385,172.31.46.0-255,66,182479,53,344991
39283,0.034729,172.217.194.0-255,5738,188217,53,344991
39284,0.034736,172.31.46.0-255,66,188283,53,344991
39285,0.037084,172.217.194.0-255,5738,194021,53,344991
39286,0.03709,172.31.46.0-255,66,194087,53,344991
39287,0.039433,172.217.194.0-255,5738,199825,53,344991
39288,0.03944,172.31.46.0-255,66,199891,53,344991
39289,0.041785,172.217.194.0-255,5738,205629,53,344991
39290,0.041792,172.31.46.0-255,66,205695,53,344991
39291,0.044154,172.217.194.0-255,5738,211433,53,344991
39292,0.044161,172.31.46.0-255,66,211499,53,344991
39293,0.046481,172.217.194.0-255,5738,217237,53,344991
39294,0.046488,172.31.46.0-255,66,217303,53,344991
39295,0.048824,172.217.194.0-255,5738,223041,53,344991
39296,0.048831,172.31.46.0-255,66,223107,53,344991
39297,0.051188,172.217.194.0-255,5738,228845,53,344991
39298,0.051196,172.31.46.0-255,66,228911,53,344991
39299,0.053527,172.217.194.0-255,5738,234649,53,344991
39300,0.053534,172.31.46.0-255,66,234715,53,344991
39301,0.055898,172.217.194.0-255,5738,240453,53,344991
39302,0.055906,172.31.46.0-255,66,240519,53,344991
39303,0.058249,172.217.194.0-255,5738,246257,53,344991
39304,0.058257,172.31.46.0-255,66,246323,53,344991
39305,0.060604,172.217.194.0-255,5738,252061,53,344991
39306,0.060612,172.31.46.0-255,66,252127,53,344991
39307,0.062972,172.217.194.0-255,5738,257865,53,344991
39308,0.062982,172.31.46.0-255,66,257931,53,344991
39309,0.065342,172.217.194.0-255,5738,263669,53,344991
39310,0.065348,172.31.46.0-255,66,263735,53,344991
39311,0.067665,172.217.194.0-255,5738,269473,53,344991
39312,0.067675,172.31.46.0-255,66,269539,53,344991
39313,0.070028,172.217.194.0-255,5738,275277,53,344991
39314,0.070035,172.31.46.0-255,66,275343,53,344991
39315,0.072388,172.217.194.0-255,5738,281081,53,344991
39316,0.072395,172.31.46.0-255,66,281147,53,344991
39317,0.074762,172.217.194.0-255,5738,286885,53,344991
39318,0.074769,172.31.46.0-255,66,286951,53,344991
39319,0.077115,172.217.194.0-255,5738,292689,53,344991
39320,0.077122,172.31.46.0-255,66,292755,53,344991
39321,0.079463,172.217.194.0-255,5738,298493,53,344991
39322,0.07947,172.31.46.0-255,66,298559,53,344991
39323,0.081794,172.217.194.0-255,5738,304297,53,344991
39324,0.081802,172.31.46.0-255,66,304363,53,344991
39325,0.084186,172.217.194.0-255,5738,310101,53,344991
39326,0.084192,172.31.46.0-255,66,310167,53,344991
39327,0.086536,172.217.194.0-255,5738,315905,53,344991
39328,0.086544,172.31.46.0-255,66,315971,53,344991
39329,0.088868,172.217.194.0-255,5738,321709,53,344991
39330,0.088875,172.31.46.0-255,66,321775,53,344991
39331,0.09121,172.217.194.0-255,5738,327513,53,344991
39332,0.091217,172.31.46.0-255,66,327579,53,344991
39333,0.093526,172.217.194.0-255,5738,333317,53,344991
39334,0.093533,172.31.46.0-255,66,333383,53,344991
39335,0.095866,172.217.194.0-255,5738,339121,53,344991
39336,0.095873,172.31.46.0-255,66,339187,53,344991
39337,0.09824,172.217.194.0-255,5738,344925,53,344991
39338,0.098247,172.31.46.0-255,66,344991,53,344991
39339,0.0,172.217.194.0-255,146,146,53,178245
39340,2.2e-05,172.31.46.0-255,66,212,53,178245
39341,2.9e-05,172.217.194.0-255,1484,1696,53,178245
39342,3.3e-05,172.31.46.0-255,66,1762,53,178245
39343,3.8e-05,172.217.194.0-255,2902,4664,53,178245
39344,4.1e-05,172.31.46.0-255,66,4730,53,178245
39345,4.6e-05,172.217.194.0-255,4320,9050,53,178245
39346,4.8e-05,172.31.46.0-255,66,9116,53,178245
39347,7.6e-05,172.217.194.0-255,2902,12018,53,178245
39348,7.9e-05,172.31.46.0-255,66,12084,53,178245
39349,8.5e-05,172.217.194.0-255,4893,16977,53,178245
39350,8.7e-05,172.31.46.0-255,66,17043,53,178245
39351,9.1e-05,172.217.194.0-255,2902,19945,53,178245
39352,9.2e-05,172.31.46.0-255,66,20011,53,178245
39353,0.000118,172.31.46.0-255,66,20077,53,178245
39354,0.000169,172.217.194.0-255,4320,24397,53,178245
39355,0.000171,172.31.46.0-255,66,24463,53,178245
39356,0.00019,172.217.194.0-255,1484,25947,53,178245
39357,0.000192,172.31.46.0-255,66,26013,53,178245
39358,0.000199,172.217.194.0-255,7156,33169,53,178245
39359,0.000201,172.31.46.0-255,66,33235,53,178245
39360,0.000224,172.217.194.0-255,2902,36137,53,178245
39361,0.000226,172.31.46.0-255,66,36203,53,178245
39362,0.000255,172.31.46.0-255,66,36269,53,178245
39363,0.000261,172.217.194.0-255,5379,41648,53,178245
39364,0.000262,172.31.46.0-255,66,41714,53,178245
39365,0.000322,172.217.194.0-255,648,42362,53,178245
39366,0.000325,172.31.46.0-255,66,42428,53,178245
39367,0.000336,172.217.194.0-255,1484,43912,53,178245
39368,0.000339,172.31.46.0-255,66,43978,53,178245
39369,0.000364,172.217.194.0-255,4320,48298,53,178245
39370,0.000367,172.31.46.0-255,66,48364,53,178245
39371,0.000397,172.31.46.0-255,66,48430,53,178245
39372,0.000414,172.217.194.0-255,1125,49555,53,178245
39373,0.000452,172.217.194.0-255,1484,51039,53,178245
39374,0.000456,172.31.46.0-255,66,51105,53,178245
39375,0.00046,172.217.194.0-255,2902,54007,53,178245
39376,0.000462,172.31.46.0-255,66,54073,53,178245
39377,0.000474,172.217.194.0-255,1484,55557,53,178245
39378,0.000479,172.217.194.0-255,2902,58459,53,178245
39379,0.000481,172.31.46.0-255,66,58525,53,178245
39380,0.000506,172.217.194.0-255,7156,65681,53,178245
39381,0.000509,172.31.46.0-255,66,65747,53,178245
39382,0.000512,172.217.194.0-255,1125,66872,53,178245
39383,0.000523,172.31.46.0-255,66,66938,53,178245
39384,0.000543,172.217.194.0-255,4320,71258,53,178245
39385,0.000545,172.31.46.0-255,66,71324,53,178245
39386,0.000557,172.31.46.0-255,66,71390,53,178245
39387,0.00057,172.31.46.0-255,66,71456,53,178245
39388,0.000588,172.217.194.0-255,1484,72940,53,178245
39389,0.000592,172.217.194.0-255,2902,75842,53,178245
39390,0.000595,172.31.46.0-255,66,75908,53,178245
39391,0.000613,172.217.194.0-255,5738,81646,53,178245
39392,0.000615,172.31.46.0-255,66,81712,53,178245
39393,0.000644,172.31.46.0-255,66,81778,53,178245
39394,0.000655,172.31.46.0-255,66,81844,53,178245
39395,0.000669,172.217.194.0-255,766,82610,53,178245
39396,0.00075,172.217.194.0-255,1484,84094,53,178245
39397,0.000754,172.31.46.0-255,66,84160,53,178245
39398,0.00076,172.217.194.0-255,2902,87062,53,178245
39399,0.000763,172.31.46.0-255,66,87128,53,178245
39400,0.000766,172.217.194.0-255,1484,88612,53,178245
39401,0.00079,172.217.194.0-255,4320,92932,53,178245
39402,0.000792,172.31.46.0-255,66,92998,53,178245
39403,0.0008,172.217.194.0-255,6797,99795,53,178245
39404,0.000802,172.31.46.0-255,66,99861,53,178245
39405,0.000849,172.217.194.0-255,7156,107017,53,178245
39406,0.000853,172.31.46.0-255,66,107083,53,178245
39407,0.000864,172.31.46.0-255,66,107149,53,178245
39408,0.000924,172.31.46.0-255,66,107215,53,178245
39409,0.000926,172.217.194.0-255,766,107981,53,178245
39410,0.000977,172.217.194.0-255,1484,109465,53,178245
39411,0.000981,172.31.46.0-255,66,109531,53,178245
39412,0.001012,172.217.194.0-255,2902,112433,53,178245
39413,0.001015,172.31.46.0-255,66,112499,53,178245
39414,0.001022,172.217.194.0-255,5738,118237,53,178245
39415,0.001025,172.31.46.0-255,66,118303,53,178245
39416,0.001093,172.31.46.0-255,66,118369,53,178245
39417,0.001105,172.31.46.0-255,66,118435,53,178245
39418,0.001108,172.217.194.0-255,766,119201,53,178245
39419,0.001727,172.217.194.0-255,1484,120685,53,178245
39420,0.001733,172.31.46.0-255,66,120751,53,178245
39421,0.001739,172.217.194.0-255,2902,123653,53,178245
39422,0.001741,172.31.46.0-255,66,123719,53,178245
39423,0.001748,172.217.194.0-255,5738,129457,53,178245
39424,0.00175,172.31.46.0-255,66,129523,53,178245
39425,0.001754,172.217.194.0-255,2902,132425,53,178245
39426,0.001756,172.31.46.0-255,66,132491,53,178245
39427,0.001788,172.31.46.0-255,66,132557,53,178245
39428,0.001801,172.31.46.0-255,66,132623,53,178245
39429,0.001891,172.217.194.0-255,1484,134107,53,178245
39430,0.001895,172.217.194.0-255,1484,135591,53,178245
39431,0.001898,172.31.46.0-255,66,135657,53,178245
39432,0.001918,172.217.194.0-255,1484,137141,53,178245
39433,0.001924,172.217.194.0-255,5738,142879,53,178245
39434,0.001928,172.217.194.0-255,2902,145781,53,178245
39435,0.001936,172.31.46.0-255,66,145847,53,178245
39436,0.001939,172.31.46.0-255,66,145913,53,178245
39437,0.001943,172.217.194.0-255,1484,147397,53,178245
39438,0.001946,172.217.194.0-255,1484,148881,53,178245
39439,0.001948,172.31.46.0-255,66,148947,53,178245
39440,0.001983,172.31.46.0-255,66,149013,53,178245
39441,0.001994,172.31.46.0-255,66,149079,53,178245
39442,0.002179,172.217.194.0-255,1484,150563,53,178245
39443,0.002183,172.217.194.0-255,2902,153465,53,178245
39444,0.002189,172.31.46.0-255,66,153531,53,178245
39445,0.002205,172.217.194.0-255,5738,159269,53,178245
39446,0.002208,172.31.46.0-255,66,159335,53,178245
39447,0.002217,172.217.194.0-255,7156,166491,53,178245
39448,0.002219,172.31.46.0-255,66,166557,53,178245
39449,0.002238,172.217.194.0-255,5738,172295,53,178245
39450,0.002241,172.31.46.0-255,66,172361,53,178245
39451,0.002252,172.31.46.0-255,66,172427,53,178245
39452,0.002291,172.31.46.0-255,66,172493,53,178245
39453,0.002328,172.31.46.0-255,66,172559,53,178245
39454,0.002341,172.31.46.0-255,66,172625,53,178245
39455,0.002356,172.217.194.0-255,105,172730,53,178245
39456,0.011251,172.31.46.0-255,66,172796,53,178245
39457,0.011298,172.31.46.0-255,105,172901,53,178245
39458,0.013783,172.217.194.0-255,66,172967,53,178245
39459,0.032159,172.31.46.0-255,172,173139,53,178245
39460,0.03219,172.31.46.0-255,1112,174251,53,178245
39461,0.032243,172.31.46.0-255,1514,175765,53,178245
39462,0.032244,172.31.46.0-255,1514,177279,53,178245
39463,0.032245,172.31.46.0-255,702,177981,53,178245
39464,0.033679,104.244.42.0-255,66,178047,53,178245
39465,0.033705,104.244.42.0-255,66,178113,53,178245
39466,0.033751,104.244.42.0-255,66,178179,53,178245
39467,0.033763,104.244.42.0-255,66,178245,53,178245
39468,0.0,172.217.194.0-255,146,146,53,172580
39469,2.1e-05,172.31.46.0-255,66,212,53,172580
39470,2.7e-05,172.217.194.0-255,1484,1696,53,172580
39471,3.1e-05,172.31.46.0-255,66,1762,53,172580
39472,3.6e-05,172.217.194.0-255,2902,4664,53,172580
39473,3.9e-05,172.31.46.0-255,66,4730,53,172580
39474,4.6e-05,172.217.194.0-255,7156,11886,53,172580
39475,4.8e-05,172.31.46.0-255,66,11952,53,172580
39476,5e-05,172.217.194.0-255,1484,13436,53,172580
39477,5.2e-05,172.31.46.0-255,66,13502,53,172580
39478,9e-05,172.31.46.0-255,66,13568,53,172580
39479,9.4e-05,172.217.194.0-255,2543,16111,53,172580
39480,9.6e-05,172.31.46.0-255,66,16177,53,172580
39481,0.000107,172.217.194.0-255,1484,17661,53,172580
39482,0.000108,172.31.46.0-255,66,17727,53,172580
39483,0.000126,172.217.194.0-255,1484,19211,53,172580
39484,0.000128,172.31.46.0-255,66,19277,53,172580
39485,0.000134,172.217.194.0-255,7156,26433,53,172580
39486,0.000136,172.31.46.0-255,66,26499,53,172580
39487,0.000152,172.217.194.0-255,1484,27983,53,172580
39488,0.000154,172.31.46.0-255,66,28049,53,172580
39489,0.000168,172.217.194.0-255,5738,33787,53,172580
39490,0.00017,172.31.46.0-255,66,33853,53,172580
39491,0.000191,172.217.194.0-255,6797,40650,53,172580
39492,0.000193,172.31.46.0-255,66,40716,53,172580
39493,0.000197,172.217.194.0-255,2902,43618,53,172580
39494,0.000198,172.31.46.0-255,66,43684,53,172580
39495,0.000222,172.217.194.0-255,6797,50481,53,172580
39496,0.000225,172.31.46.0-255,66,50547,53,172580
39497,0.000481,172.217.194.0-255,645,51192,53,172580
39498,0.000485,172.31.46.0-255,66,51258,53,172580
39499,0.000657,172.217.194.0-255,1484,52742,53,172580
39500,0.000664,172.217.194.0-255,2902,55644,53,172580
39501,0.000667,172.31.46.0-255,66,55710,53,172580
39502,0.000673,172.217.194.0-255,4320,60030,53,172580
39503,0.000674,172.31.46.0-255,66,60096,53,172580
39504,0.000686,172.217.194.0-255,1484,61580,53,172580
39505,0.000716,172.217.194.0-255,5738,67318,53,172580
39506,0.000719,172.31.46.0-255,66,67384,53,172580
39507,0.000734,172.217.194.0-255,577,67961,53,172580
39508,0.000911,172.217.194.0-255,1484,69445,53,172580
39509,0.000914,172.31.46.0-255,66,69511,53,172580
39510,0.000918,172.217.194.0-255,1484,70995,53,172580
39511,0.000932,172.217.194.0-255,1484,72479,53,172580
39512,0.000934,172.31.46.0-255,66,72545,53,172580
39513,0.000939,172.217.194.0-255,5738,78283,53,172580
39514,0.000941,172.31.46.0-255,66,78349,53,172580
39515,0.000993,172.31.46.0-255,66,78415,53,172580
39516,0.001012,172.217.194.0-255,4320,82735,53,172580
39517,0.001014,172.31.46.0-255,66,82801,53,172580
39518,0.001024,172.31.46.0-255,66,82867,53,172580
39519,0.001026,172.217.194.0-255,766,83633,53,172580
39520,0.001334,172.31.46.0-255,66,83699,53,172580
39521,0.001402,172.217.194.0-255,1484,85183,53,172580
39522,0.001408,172.217.194.0-255,1484,86667,53,172580
39523,0.00141,172.31.46.0-255,66,86733,53,172580
39524,0.001431,172.217.194.0-255,1484,88217,53,172580
39525,0.001437,172.217.194.0-255,5738,93955,53,172580
39526,0.001439,172.31.46.0-255,66,94021,53,172580
39527,0.001454,172.217.194.0-255,2902,96923,53,172580
39528,0.001456,172.31.46.0-255,66,96989,53,172580
39529,0.001477,172.31.46.0-255,66,97055,53,172580
39530,0.001488,172.31.46.0-255,66,97121,53,172580
39531,0.001533,172.217.194.0-255,7156,104277,53,172580
39532,0.001536,172.31.46.0-255,66,104343,53,172580
39533,0.001588,172.31.46.0-255,66,104409,53,172580
39534,0.001603,172.31.46.0-255,66,104475,53,172580
39535,0.001614,172.31.46.0-255,66,104541,53,172580
39536,0.001635,172.217.194.0-255,1484,106025,53,172580
39537,0.001654,172.217.194.0-255,2902,108927,53,172580
39538,0.001656,172.31.46.0-255,66,108993,53,172580
39539,0.001662,172.217.194.0-255,5738,114731,53,172580
39540,0.001664,172.31.46.0-255,66,114797,53,172580
39541,0.001674,172.217.194.0-255,1484,116281,53,172580
39542,0.001713,172.31.46.0-255,66,116347,53,172580
39543,0.001723,172.31.46.0-255,66,116413,53,172580
39544,0.001745,172.217.194.0-255,2902,119315,53,172580
39545,0.001747,172.31.46.0-255,66,119381,53,172580
39546,0.001783,172.31.46.0-255,66,119447,53,172580
39547,0.001798,172.31.46.0-255,66,119513,53,172580
39548,0.001813,172.217.194.0-255,2902,122415,53,172580
39549,0.001815,172.31.46.0-255,66,122481,53,172580
39550,0.001831,172.31.46.0-255,66,122547,53,172580
39551,0.00186,172.217.194.0-255,2902,125449,53,172580
39552,0.001863,172.31.46.0-255,66,125515,53,172580
39553,0.001897,172.31.46.0-255,66,125581,53,172580
39554,0.001899,172.217.194.0-255,766,126347,53,172580
39555,0.001904,172.217.194.0-255,4320,130667,53,172580
39556,0.001906,172.31.46.0-255,66,130733,53,172580
39557,0.001948,172.31.46.0-255,66,130799,53,172580
39558,0.001952,172.217.194.0-255,2902,133701,53,172580
39559,0.001954,172.31.46.0-255,66,133767,53,172580
39560,0.001978,172.31.46.0-255,66,133833,53,172580
39561,0.002007,172.217.194.0-255,6438,140271,53,172580
39562,0.00201,172.31.46.0-255,66,140337,53,172580
39563,0.002024,172.31.46.0-255,66,140403,53,172580
39564,0.00203,172.217.194.0-255,5020,145423,53,172580
39565,0.002032,172.31.46.0-255,66,145489,53,172580
39566,0.004068,172.217.194.0-255,5738,151227,53,172580
39567,0.004075,172.31.46.0-255,66,151293,53,172580
39568,0.006111,172.217.194.0-255,5738,157031,53,172580
39569,0.006119,172.31.46.0-255,66,157097,53,172580
39570,0.008164,172.217.194.0-255,5738,162835,53,172580
39571,0.008171,172.31.46.0-255,66,162901,53,172580
39572,0.0102,172.217.194.0-255,4164,167065,53,172580
39573,0.010207,172.31.46.0-255,66,167131,53,172580
39574,0.010562,172.31.46.0-255,105,167236,53,172580
39575,0.012548,172.217.194.0-255,66,167302,53,172580
39576,0.032052,172.31.46.0-255,172,167474,53,172580
39577,0.032089,172.31.46.0-255,1112,168586,53,172580
39578,0.032156,172.31.46.0-255,1514,170100,53,172580
39579,0.032158,172.31.46.0-255,1514,171614,53,172580
39580,0.032182,172.31.46.0-255,702,172316,53,172580
39581,0.033599,104.244.42.0-255,66,172382,53,172580
39582,0.033655,104.244.42.0-255,66,172448,53,172580
39583,0.033717,104.244.42.0-255,66,172514,53,172580
39584,0.033738,104.244.42.0-255,66,172580,53,172580
39585,0.0,74.125.68.0-255,152,152,53,338221
39586,2.1e-05,172.31.46.0-255,66,218,53,338221
39587,2.8e-05,74.125.68.0-255,1484,1702,53,338221
39588,3.3e-05,172.31.46.0-255,66,1768,53,338221
39589,4.6e-05,74.125.68.0-255,2902,4670,53,338221
39590,4.9e-05,172.31.46.0-255,66,4736,53,338221
39591,5.2e-05,74.125.68.0-255,1484,6220,53,338221
39592,5.4e-05,172.31.46.0-255,66,6286,53,338221
39593,6e-05,74.125.68.0-255,2902,9188,53,338221
39594,6.3e-05,172.31.46.0-255,66,9254,53,338221
39595,0.000144,74.125.68.0-255,4927,14181,53,338221
39596,0.000149,172.31.46.0-255,66,14247,53,338221
39597,0.000153,74.125.68.0-255,1484,15731,53,338221
39598,0.000155,172.31.46.0-255,66,15797,53,338221
39599,0.00016,74.125.68.0-255,2902,18699,53,338221
39600,0.000162,172.31.46.0-255,66,18765,53,338221
39601,0.000166,74.125.68.0-255,2902,21667,53,338221
39602,0.000169,172.31.46.0-255,66,21733,53,338221
39603,0.000194,74.125.68.0-255,2902,24635,53,338221
39604,0.000197,172.31.46.0-255,66,24701,53,338221
39605,0.000201,74.125.68.0-255,2902,27603,53,338221
39606,0.000204,172.31.46.0-255,66,27669,53,338221
39607,0.000248,74.125.68.0-255,3961,31630,53,338221
39608,0.000251,172.31.46.0-255,66,31696,53,338221
39609,0.000608,74.125.68.0-255,1484,33180,53,338221
39610,0.000613,172.31.46.0-255,66,33246,53,338221
39611,0.000618,74.125.68.0-255,2902,36148,53,338221
39612,0.000621,172.31.46.0-255,66,36214,53,338221
39613,0.000645,74.125.68.0-255,1484,37698,53,338221
39614,0.00065,172.31.46.0-255,66,37764,53,338221
39615,0.000655,74.125.68.0-255,2902,40666,53,338221
39616,0.000657,172.31.46.0-255,66,40732,53,338221
39617,0.000695,74.125.68.0-255,5738,46470,53,338221
39618,0.000697,172.31.46.0-255,66,46536,53,338221
39619,0.000702,74.125.68.0-255,2543,49079,53,338221
39620,0.000704,172.31.46.0-255,66,49145,53,338221
39621,0.000708,74.125.68.0-255,2902,52047,53,338221
39622,0.00071,172.31.46.0-255,66,52113,53,338221
39623,0.000729,74.125.68.0-255,1484,53597,53,338221
39624,0.000731,172.31.46.0-255,66,53663,53,338221
39625,0.000764,74.125.68.0-255,5738,59401,53,338221
39626,0.000767,172.31.46.0-255,66,59467,53,338221
39627,0.000773,74.125.68.0-255,5738,65205,53,338221
39628,0.000774,172.31.46.0-255,66,65271,53,338221
39629,0.000785,74.125.68.0-255,1398,66669,53,338221
39630,0.00079,172.31.46.0-255,66,66735,53,338221
39631,0.00112,74.125.68.0-255,1484,68219,53,338221
39632,0.001124,172.31.46.0-255,66,68285,53,338221
39633,0.00113,74.125.68.0-255,1484,69769,53,338221
39634,0.001132,172.31.46.0-255,66,69835,53,338221
39635,0.001156,74.125.68.0-255,1484,71319,53,338221
39636,0.001158,172.31.46.0-255,66,71385,53,338221
39637,0.001161,74.125.68.0-255,1484,72869,53,338221
39638,0.001162,172.31.46.0-255,66,72935,53,338221
39639,0.001168,74.125.68.0-255,4320,77255,53,338221
39640,0.00117,172.31.46.0-255,66,77321,53,338221
39641,0.001197,74.125.68.0-255,1484,78805,53,338221
39642,0.001199,172.31.46.0-255,66,78871,53,338221
39643,0.001204,74.125.68.0-255,2902,81773,53,338221
39644,0.001206,172.31.46.0-255,66,81839,53,338221
39645,0.001228,172.31.46.0-255,66,81905,53,338221
39646,0.001262,74.125.68.0-255,7156,89061,53,338221
39647,0.001264,172.31.46.0-255,66,89127,53,338221
39648,0.001283,74.125.68.0-255,2184,91311,53,338221
39649,0.001285,172.31.46.0-255,66,91377,53,338221
39650,0.001379,74.125.68.0-255,381,91758,53,338221
39651,0.001382,172.31.46.0-255,66,91824,53,338221
39652,0.001431,74.125.68.0-255,1484,93308,53,338221
39653,0.001434,172.31.46.0-255,66,93374,53,338221
39654,0.001445,74.125.68.0-255,1484,94858,53,338221
39655,0.001447,172.31.46.0-255,66,94924,53,338221
39656,0.001455,74.125.68.0-255,2902,97826,53,338221
39657,0.001457,172.31.46.0-255,66,97892,53,338221
39658,0.00149,74.125.68.0-255,5738,103630,53,338221
39659,0.001494,172.31.46.0-255,66,103696,53,338221
39660,0.001524,172.31.46.0-255,66,103762,53,338221
39661,0.001528,74.125.68.0-255,2902,106664,53,338221
39662,0.00153,172.31.46.0-255,66,106730,53,338221
39663,0.00157,172.31.46.0-255,66,106796,53,338221
39664,0.001573,74.125.68.0-255,766,107562,53,338221
39665,0.001574,172.31.46.0-255,66,107628,53,338221
39666,0.00163,74.125.68.0-255,1484,109112,53,338221
39667,0.001633,172.31.46.0-255,66,109178,53,338221
39668,0.001636,74.125.68.0-255,1484,110662,53,338221
39669,0.001638,172.31.46.0-255,66,110728,53,338221
39670,0.001658,74.125.68.0-255,1484,112212,53,338221
39671,0.00166,172.31.46.0-255,66,112278,53,338221
39672,0.001665,74.125.68.0-255,4320,116598,53,338221
39673,0.001668,172.31.46.0-255,66,116664,53,338221
39674,0.001715,172.31.46.0-255,66,116730,53,338221
39675,0.001723,74.125.68.0-255,7156,123886,53,338221
39676,0.001726,172.31.46.0-255,66,123952,53,338221
39677,0.001731,74.125.68.0-255,4320,128272,53,338221
39678,0.001733,172.31.46.0-255,66,128338,53,338221
39679,0.001769,74.125.68.0-255,4320,132658,53,338221
39680,0.001773,172.31.46.0-255,66,132724,53,338221
39681,0.001778,74.125.68.0-255,3602,136326,53,338221
39682,0.001781,172.31.46.0-255,66,136392,53,338221
39683,0.001786,74.125.68.0-255,4320,140712,53,338221
39684,0.001788,172.31.46.0-255,66,140778,53,338221
39685,0.001794,74.125.68.0-255,2902,143680,53,338221
39686,0.001797,172.31.46.0-255,66,143746,53,338221
39687,0.001836,74.125.68.0-255,7156,150902,53,338221
39688,0.00184,172.31.46.0-255,66,150968,53,338221
39689,0.001845,74.125.68.0-255,4320,155288,53,338221
39690,0.001848,172.31.46.0-255,66,155354,53,338221
39691,0.001855,74.125.68.0-255,5738,161092,53,338221
39692,0.001858,172.31.46.0-255,66,161158,53,338221
39693,0.001866,74.125.68.0-255,6438,167596,53,338221
39694,0.001906,74.125.68.0-255,4320,171916,53,338221
39695,0.00192,74.125.68.0-255,1484,173400,53,338221
39696,0.001936,74.125.68.0-255,4320,177720,53,338221
39697,0.001968,74.125.68.0-255,2902,180622,53,338221
39698,0.001991,74.125.68.0-255,4831,185453,53,338221
39699,0.001995,74.125.68.0-255,1484,186937,53,338221
39700,0.00201,74.125.68.0-255,5738,192675,53,338221
39701,0.002028,74.125.68.0-255,1484,194159,53,338221
39702,0.002032,74.125.68.0-255,1484,195643,53,338221
39703,0.002046,74.125.68.0-255,1484,197127,53,338221
39704,0.002051,74.125.68.0-255,4320,201447,53,338221
39705,0.002115,74.125.68.0-255,1484,202931,53,338221
39706,0.002138,74.125.68.0-255,4320,207251,53,338221
39707,0.002144,74.125.68.0-255,2184,209435,53,338221
39708,0.002212,74.125.68.0-255,1484,210919,53,338221
39709,0.002229,74.125.68.0-255,2902,213821,53,338221
39710,0.002253,74.125.68.0-255,5738,219559,53,338221
39711,0.002256,74.125.68.0-255,1484,221043,53,338221
39712,0.002258,74.125.68.0-255,1484,222527,53,338221
39713,0.002271,74.125.68.0-255,1484,224011,53,338221
39714,0.002274,74.125.68.0-255,1484,225495,53,338221
39715,0.002293,74.125.68.0-255,4320,229815,53,338221
39716,0.002314,74.125.68.0-255,2902,232717,53,338221
39717,0.002373,74.125.68.0-255,2184,234901,53,338221
39718,0.002415,74.125.68.0-255,1484,236385,53,338221
39719,0.002429,74.125.68.0-255,2902,239287,53,338221
39720,0.002439,74.125.68.0-255,1484,240771,53,338221
39721,0.002454,74.125.68.0-255,4320,245091,53,338221
39722,0.002461,74.125.68.0-255,4320,249411,53,338221
39723,0.002488,74.125.68.0-255,5738,255149,53,338221
39724,0.002502,74.125.68.0-255,2902,258051,53,338221
39725,0.002541,74.125.68.0-255,2184,260235,53,338221
39726,0.004507,172.31.46.0-255,66,260301,53,338221
39727,0.007045,74.125.68.0-255,5738,266039,53,338221
39728,0.007052,172.31.46.0-255,66,266105,53,338221
39729,0.009588,74.125.68.0-255,4320,270425,53,338221
39730,0.009593,172.31.46.0-255,66,270491,53,338221
39731,0.009621,74.125.68.0-255,1484,271975,53,338221
39732,0.009624,172.31.46.0-255,66,272041,53,338221
39733,0.012121,74.125.68.0-255,4320,276361,53,338221
39734,0.012129,172.31.46.0-255,66,276427,53,338221
39735,0.012151,74.125.68.0-255,1484,277911,53,338221
39736,0.012153,172.31.46.0-255,66,277977,53,338221
39737,0.014661,74.125.68.0-255,5738,283715,53,338221
39738,0.014672,172.31.46.0-255,66,283781,53,338221
39739,0.017211,74.125.68.0-255,5738,289519,53,338221
39740,0.017219,172.31.46.0-255,66,289585,53,338221
39741,0.019748,74.125.68.0-255,5738,295323,53,338221
39742,0.019758,172.31.46.0-255,66,295389,53,338221
39743,0.022286,74.125.68.0-255,5738,301127,53,338221
39744,0.022294,172.31.46.0-255,66,301193,53,338221
39745,0.024835,74.125.68.0-255,4320,305513,53,338221
39746,0.024844,172.31.46.0-255,66,305579,53,338221
39747,0.024878,74.125.68.0-255,1484,307063,53,338221
39748,0.024881,172.31.46.0-255,66,307129,53,338221
39749,0.027365,74.125.68.0-255,4320,311449,53,338221
39750,0.027371,172.31.46.0-255,66,311515,53,338221
39751,0.027395,74.125.68.0-255,1484,312999,53,338221
39752,0.029901,74.125.68.0-255,4320,317319,53,338221
39753,0.029909,172.31.46.0-255,66,317385,53,338221
39754,0.032447,74.125.68.0-255,5738,323123,53,338221
39755,0.032481,172.31.46.0-255,66,323189,53,338221
39756,0.035001,74.125.68.0-255,5738,328927,53,338221
39757,0.035008,172.31.46.0-255,66,328993,53,338221
39758,0.03754,74.125.68.0-255,4807,333800,53,338221
39759,0.037546,172.31.46.0-255,66,333866,53,338221
39760,0.037723,172.31.46.0-255,105,333971,53,338221
39761,0.040213,74.125.68.0-255,66,334037,53,338221
39762,0.04715,172.31.46.0-255,172,334209,53,338221
39763,0.047182,172.31.46.0-255,1112,335321,53,338221
39764,0.047231,172.31.46.0-255,1514,336835,53,338221
39765,0.047232,172.31.46.0-255,1188,338023,53,338221
39766,0.048747,104.244.42.0-255,66,338089,53,338221
39767,0.048778,104.244.42.0-255,66,338155,53,338221
39768,0.048801,104.244.42.0-255,66,338221,53,338221
39769,0.0,74.125.68.0-255,147,147,53,295631
39770,2.4e-05,172.31.46.0-255,66,213,53,295631
39771,3.1e-05,74.125.68.0-255,1484,1697,53,295631
39772,3.6e-05,172.31.46.0-255,66,1763,53,295631
39773,3.9e-05,74.125.68.0-255,1484,3247,53,295631
39774,4.2e-05,172.31.46.0-255,66,3313,53,295631
39775,7e-05,74.125.68.0-255,2902,6215,53,295631
39776,7.8e-05,172.31.46.0-255,66,6281,53,295631
39777,8.4e-05,74.125.68.0-255,4320,10601,53,295631
39778,8.6e-05,172.31.46.0-255,66,10667,53,295631
39779,0.000117,74.125.68.0-255,4879,15546,53,295631
39780,0.00012,172.31.46.0-255,66,15612,53,295631
39781,0.000151,74.125.68.0-255,4320,19932,53,295631
39782,0.000154,172.31.46.0-255,66,19998,53,295631
39783,0.000161,74.125.68.0-255,5738,25736,53,295631
39784,0.000164,172.31.46.0-255,66,25802,53,295631
39785,0.00019,74.125.68.0-255,5379,31181,53,295631
39786,0.000193,172.31.46.0-255,66,31247,53,295631
39787,0.000314,74.125.68.0-255,1484,32731,53,295631
39788,0.000319,172.31.46.0-255,66,32797,53,295631
39789,0.000325,74.125.68.0-255,2902,35699,53,295631
39790,0.000328,172.31.46.0-255,66,35765,53,295631
39791,0.000358,74.125.68.0-255,4320,40085,53,295631
39792,0.000361,172.31.46.0-255,66,40151,53,295631
39793,0.000395,172.31.46.0-255,66,40217,53,295631
39794,0.0004,74.125.68.0-255,2902,43119,53,295631
39795,0.000403,172.31.46.0-255,66,43185,53,295631
39796,0.000458,172.31.46.0-255,66,43251,53,295631
39797,0.000461,74.125.68.0-255,125,43376,53,295631
39798,0.000464,172.31.46.0-255,66,43442,53,295631
39799,0.000621,74.125.68.0-255,1484,44926,53,295631
39800,0.000648,74.125.68.0-255,2902,47828,53,295631
39801,0.000651,74.125.68.0-255,1484,49312,53,295631
39802,0.000656,74.125.68.0-255,4320,53632,53,295631
39803,0.000665,172.31.46.0-255,66,53698,53,295631
39804,0.000669,172.31.46.0-255,66,53764,53,295631
39805,0.000672,74.125.68.0-255,1484,55248,53,295631
39806,0.000713,172.31.46.0-255,66,55314,53,295631
39807,0.000776,172.31.46.0-255,66,55380,53,295631
39808,0.001198,74.125.68.0-255,1484,56864,53,295631
39809,0.001204,74.125.68.0-255,2902,59766,53,295631
39810,0.001208,172.31.46.0-255,66,59832,53,295631
39811,0.001236,74.125.68.0-255,5738,65570,53,295631
39812,0.001239,172.31.46.0-255,66,65636,53,295631
39813,0.001266,74.125.68.0-255,1484,67120,53,295631
39814,0.001271,74.125.68.0-255,2902,70022,53,295631
39815,0.001274,172.31.46.0-255,66,70088,53,295631
39816,0.001301,74.125.68.0-255,1484,71572,53,295631
39817,0.001316,74.125.68.0-255,4320,75892,53,295631
39818,0.001319,172.31.46.0-255,66,75958,53,295631
39819,0.001326,74.125.68.0-255,5738,81696,53,295631
39820,0.001328,172.31.46.0-255,66,81762,53,295631
39821,0.001355,74.125.68.0-255,1484,83246,53,295631
39822,0.001359,74.125.68.0-255,1484,84730,53,295631
39823,0.001361,172.31.46.0-255,66,84796,53,295631
39824,0.001366,74.125.68.0-255,2902,87698,53,295631
39825,0.001368,172.31.46.0-255,66,87764,53,295631
39826,0.001412,74.125.68.0-255,2184,89948,53,295631
39827,0.001416,172.31.46.0-255,66,90014,53,295631
39828,0.001572,74.125.68.0-255,1484,91498,53,295631
39829,0.001637,74.125.68.0-255,1484,92982,53,295631
39830,0.00164,172.31.46.0-255,66,93048,53,295631
39831,0.001647,74.125.68.0-255,2902,95950,53,295631
39832,0.001648,172.31.46.0-255,66,96016,53,295631
39833,0.001652,74.125.68.0-255,1484,97500,53,295631
39834,0.001679,74.125.68.0-255,2902,100402,53,295631
39835,0.001681,172.31.46.0-255,66,100468,53,295631
39836,0.001715,172.31.46.0-255,66,100534,53,295631
39837,0.001721,74.125.68.0-255,4320,104854,53,295631
39838,0.001739,172.31.46.0-255,66,104920,53,295631
39839,0.001776,172.31.46.0-255,66,104986,53,295631
39840,0.001884,74.125.68.0-255,1484,106470,53,295631
39841,0.001899,74.125.68.0-255,2902,109372,53,295631
39842,0.001902,172.31.46.0-255,66,109438,53,295631
39843,0.001906,74.125.68.0-255,1484,110922,53,295631
39844,0.001935,74.125.68.0-255,2902,113824,53,295631
39845,0.001937,172.31.46.0-255,66,113890,53,295631
39846,0.001953,172.31.46.0-255,66,113956,53,295631
39847,0.001959,74.125.68.0-255,5738,119694,53,295631
39848,0.001962,172.31.46.0-255,66,119760,53,295631
39849,0.002,74.125.68.0-255,7156,126916,53,295631
39850,0.002003,172.31.46.0-255,66,126982,53,295631
39851,0.002008,74.125.68.0-255,3602,130584,53,295631
39852,0.00201,172.31.46.0-255,66,130650,53,295631
39853,0.002077,74.125.68.0-255,1484,132134,53,295631
39854,0.002098,74.125.68.0-255,2902,135036,53,295631
39855,0.002101,172.31.46.0-255,66,135102,53,295631
39856,0.002105,74.125.68.0-255,1484,136586,53,295631
39857,0.002109,74.125.68.0-255,2902,139488,53,295631
39858,0.002111,172.31.46.0-255,66,139554,53,295631
39859,0.00214,74.125.68.0-255,5738,145292,53,295631
39860,0.002143,172.31.46.0-255,66,145358,53,295631
39861,0.002179,172.31.46.0-255,66,145424,53,295631
39862,0.002217,172.31.46.0-255,66,145490,53,295631
39863,0.00222,74.125.68.0-255,766,146256,53,295631
39864,0.002223,74.125.68.0-255,1484,147740,53,295631
39865,0.002225,172.31.46.0-255,66,147806,53,295631
39866,0.002252,74.125.68.0-255,4320,152126,53,295631
39867,0.002256,172.31.46.0-255,66,152192,53,295631
39868,0.002274,172.31.46.0-255,66,152258,53,295631
39869,0.002312,74.125.68.0-255,7156,159414,53,295631
39870,0.002315,172.31.46.0-255,66,159480,53,295631
39871,0.004589,74.125.68.0-255,5738,165218,53,295631
39872,0.004599,172.31.46.0-255,66,165284,53,295631
39873,0.006862,74.125.68.0-255,5738,171022,53,295631
39874,0.006869,172.31.46.0-255,66,171088,53,295631
39875,0.009163,74.125.68.0-255,5738,176826,53,295631
39876,0.009169,172.31.46.0-255,66,176892,53,295631
39877,0.011435,74.125.68.0-255,4320,181212,53,295631
39878,0.011447,172.31.46.0-255,66,181278,53,295631
39879,0.011475,74.125.68.0-255,1484,182762,53,295631
39880,0.013738,74.125.68.0-255,4320,187082,53,295631
39881,0.013746,172.31.46.0-255,66,187148,53,295631
39882,0.016015,74.125.68.0-255,5738,192886,53,295631
39883,0.016023,172.31.46.0-255,66,192952,53,295631
39884,0.01831,74.125.68.0-255,5738,198690,53,295631
39885,0.018325,172.31.46.0-255,66,198756,53,295631
39886,0.020597,74.125.68.0-255,5738,204494,53,295631
39887,0.020609,172.31.46.0-255,66,204560,53,295631
39888,0.022943,74.125.68.0-255,5738,210298,53,295631
39889,0.022955,172.31.46.0-255,66,210364,53,295631
39890,0.025219,74.125.68.0-255,5738,216102,53,295631
39891,0.025226,172.31.46.0-255,66,216168,53,295631
39892,0.027498,74.125.68.0-255,5738,221906,53,295631
39893,0.027506,172.31.46.0-255,66,221972,53,295631
39894,0.02977,74.125.68.0-255,5738,227710,53,295631
39895,0.029778,172.31.46.0-255,66,227776,53,295631
39896,0.03205,74.125.68.0-255,5738,233514,53,295631
39897,0.032059,172.31.46.0-255,66,233580,53,295631
39898,0.034334,74.125.68.0-255,5738,239318,53,295631
39899,0.034342,172.31.46.0-255,66,239384,53,295631
39900,0.036622,74.125.68.0-255,5738,245122,53,295631
39901,0.036633,172.31.46.0-255,66,245188,53,295631
39902,0.038899,74.125.68.0-255,5738,250926,53,295631
39903,0.03891,172.31.46.0-255,66,250992,53,295631
39904,0.039078,172.31.46.0-255,172,251164,53,295631
39905,0.039108,172.31.46.0-255,1074,252238,53,295631
39906,0.040613,104.244.42.0-255,66,252304,53,295631
39907,0.040657,104.244.42.0-255,66,252370,53,295631
39908,0.041187,74.125.68.0-255,5738,258108,53,295631
39909,0.041194,172.31.46.0-255,66,258174,53,295631
39910,0.043462,74.125.68.0-255,5738,263912,53,295631
39911,0.043469,172.31.46.0-255,66,263978,53,295631
39912,0.045752,74.125.68.0-255,5738,269716,53,295631
39913,0.045763,172.31.46.0-255,66,269782,53,295631
39914,0.048039,74.125.68.0-255,5738,275520,53,295631
39915,0.048047,172.31.46.0-255,66,275586,53,295631
39916,0.050325,74.125.68.0-255,5738,281324,53,295631
39917,0.050335,172.31.46.0-255,66,281390,53,295631
39918,0.052613,74.125.68.0-255,5738,287128,53,295631
39919,0.052621,172.31.46.0-255,66,287194,53,295631
39920,0.054891,74.125.68.0-255,5738,292932,53,295631
39921,0.054899,172.31.46.0-255,66,292998,53,295631
39922,0.057172,74.125.68.0-255,2396,295394,53,295631
39923,0.057179,172.31.46.0-255,66,295460,53,295631
39924,0.057367,172.31.46.0-255,105,295565,53,295631
39925,0.059587,74.125.68.0-255,66,295631,53,295631
39926,0.0,74.125.24.0-255,298,298,53,228747
39927,1.4e-05,172.31.46.0-255,66,364,53,228747
39928,2e-05,74.125.24.0-255,1484,1848,53,228747
39929,2.4e-05,172.31.46.0-255,66,1914,53,228747
39930,3.1e-05,74.125.24.0-255,4320,6234,53,228747
39931,3.5e-05,172.31.46.0-255,66,6300,53,228747
39932,7.1e-05,172.31.46.0-255,66,6366,53,228747
39933,7.8e-05,74.125.24.0-255,5738,12104,53,228747
39934,8e-05,172.31.46.0-255,66,12170,53,228747
39935,0.000104,74.125.24.0-255,4320,16490,53,228747
39936,0.000107,172.31.46.0-255,66,16556,53,228747
39937,0.000119,172.31.46.0-255,66,16622,53,228747
39938,0.00015,172.31.46.0-255,66,16688,53,228747
39939,0.000153,74.125.24.0-255,766,17454,53,228747
39940,0.000155,172.31.46.0-255,66,17520,53,228747
39941,0.000198,74.125.24.0-255,5738,23258,53,228747
39942,0.000201,172.31.46.0-255,66,23324,53,228747
39943,0.000231,172.31.46.0-255,66,23390,53,228747
39944,0.000337,74.125.24.0-255,1484,24874,53,228747
39945,0.000342,172.31.46.0-255,66,24940,53,228747
39946,0.000348,74.125.24.0-255,2902,27842,53,228747
39947,0.00035,172.31.46.0-255,66,27908,53,228747
39948,0.000356,74.125.24.0-255,4320,32228,53,228747
39949,0.000359,172.31.46.0-255,66,32294,53,228747
39950,0.000378,74.125.24.0-255,1484,33778,53,228747
39951,0.00038,172.31.46.0-255,66,33844,53,228747
39952,0.000387,74.125.24.0-255,5738,39582,53,228747
39953,0.000389,172.31.46.0-255,66,39648,53,228747
39954,0.000414,74.125.24.0-255,5738,45386,53,228747
39955,0.000418,172.31.46.0-255,66,45452,53,228747
39956,0.000424,74.125.24.0-255,5738,51190,53,228747
39957,0.000426,172.31.46.0-255,66,51256,53,228747
39958,0.000444,74.125.24.0-255,6438,57694,53,228747
39959,0.000447,172.31.46.0-255,66,57760,53,228747
39960,0.000658,74.125.24.0-255,1484,59244,53,228747
39961,0.000664,74.125.24.0-255,1484,60728,53,228747
39962,0.000667,172.31.46.0-255,66,60794,53,228747
39963,0.000681,74.125.24.0-255,1484,62278,53,228747
39964,0.000688,74.125.24.0-255,5738,68016,53,228747
39965,0.000691,172.31.46.0-255,66,68082,53,228747
39966,0.000764,172.31.46.0-255,66,68148,53,228747
39967,0.000778,172.31.46.0-255,66,68214,53,228747
39968,0.000783,74.125.24.0-255,2902,71116,53,228747
39969,0.000786,172.31.46.0-255,66,71182,53,228747
39970,0.000792,74.125.24.0-255,4320,75502,53,228747
39971,0.000797,74.125.24.0-255,4320,79822,53,228747
39972,0.000816,74.125.24.0-255,4320,84142,53,228747
39973,0.000821,74.125.24.0-255,4320,88462,53,228747
39974,0.000845,74.125.24.0-255,7156,95618,53,228747
39975,0.000894,74.125.24.0-255,6438,102056,53,228747
39976,0.000922,74.125.24.0-255,7156,109212,53,228747
39977,0.000967,74.125.24.0-255,4320,113532,53,228747
39978,0.000983,74.125.24.0-255,5738,119270,53,228747
39979,0.00099,74.125.24.0-255,7156,126426,53,228747
39980,0.001078,74.125.24.0-255,5020,131446,53,228747
39981,0.001188,74.125.24.0-255,1484,132930,53,228747
39982,0.001204,74.125.24.0-255,2902,135832,53,228747
39983,0.001224,74.125.24.0-255,5738,141570,53,228747
39984,0.001247,74.125.24.0-255,4320,145890,53,228747
39985,0.001256,74.125.24.0-255,7156,153046,53,228747
39986,0.001275,74.125.24.0-255,4320,157366,53,228747
39987,0.001279,74.125.24.0-255,2902,160268,53,228747
39988,0.001307,74.125.24.0-255,5020,165288,53,228747
39989,0.00157,74.125.24.0-255,1484,166772,53,228747
39990,0.001578,74.125.24.0-255,2902,169674,53,228747
39991,0.001597,74.125.24.0-255,5738,175412,53,228747
39992,0.001601,74.125.24.0-255,1484,176896,53,228747
39993,0.001642,74.125.24.0-255,2902,179798,53,228747
39994,0.001687,74.125.24.0-255,4320,184118,53,228747
39995,0.001732,74.125.24.0-255,4320,188438,53,228747
39996,0.001737,74.125.24.0-255,4320,192758,53,228747
39997,0.001755,74.125.24.0-255,3602,196360,53,228747
39998,0.001794,74.125.24.0-255,1484,197844,53,228747
39999,0.001802,74.125.24.0-255,2902,200746,53,228747
40000,0.001825,74.125.24.0-255,5738,206484,53,228747
40001,0.001828,74.125.24.0-255,1484,207968,53,228747
40002,0.001844,74.125.24.0-255,7156,215124,53,228747
40003,0.001859,74.125.24.0-255,2902,218026,53,228747
40004,0.001913,74.125.24.0-255,2902,220928,53,228747
40005,0.001956,74.125.24.0-255,5916,226844,53,228747
40006,0.001958,74.125.24.0-255,105,226949,53,228747
40007,0.00921,172.31.46.0-255,66,227015,53,228747
40008,0.010935,74.125.24.0-255,105,227120,53,228747
40009,0.010945,172.31.46.0-255,78,227198,53,228747
40010,0.012076,172.31.46.0-255,105,227303,53,228747
40011,0.014143,74.125.24.0-255,66,227369,53,228747
40012,0.03658,172.31.46.0-255,172,227541,53,228747
40013,0.036613,172.31.46.0-255,1074,228615,53,228747
40014,0.038234,104.244.42.0-255,66,228681,53,228747
40015,0.038283,104.244.42.0-255,66,228747,53,228747
40016,0.0,172.217.194.0-255,153,153,53,229712
40017,2e-05,172.31.46.0-255,66,219,53,229712
40018,2.8e-05,172.217.194.0-255,1484,1703,53,229712
40019,3.3e-05,172.31.46.0-255,66,1769,53,229712
40020,4.6e-05,172.217.194.0-255,2902,4671,53,229712
40021,5e-05,172.31.46.0-255,66,4737,53,229712
40022,5.8e-05,172.217.194.0-255,7156,11893,53,229712
40023,6.2e-05,172.31.46.0-255,66,11959,53,229712
40024,0.000111,172.31.46.0-255,66,12025,53,229712
40025,0.000114,172.217.194.0-255,1484,13509,53,229712
40026,0.000117,172.31.46.0-255,66,13575,53,229712
40027,0.00012,172.217.194.0-255,1125,14700,53,229712
40028,0.000122,172.31.46.0-255,66,14766,53,229712
40029,0.000152,172.217.194.0-255,1484,16250,53,229712
40030,0.000155,172.31.46.0-255,66,16316,53,229712
40031,0.000162,172.217.194.0-255,4320,20636,53,229712
40032,0.000165,172.31.46.0-255,66,20702,53,229712
40033,0.000181,172.217.194.0-255,4320,25022,53,229712
40034,0.000185,172.31.46.0-255,66,25088,53,229712
40035,0.000205,172.217.194.0-255,1484,26572,53,229712
40036,0.000207,172.31.46.0-255,66,26638,53,229712
40037,0.000223,172.31.46.0-255,66,26704,53,229712
40038,0.00023,172.217.194.0-255,7051,33755,53,229712
40039,0.000232,172.31.46.0-255,66,33821,53,229712
40040,0.000296,172.217.194.0-255,119,33940,53,229712
40041,0.000299,172.31.46.0-255,66,34006,53,229712
40042,0.000302,172.217.194.0-255,379,34385,53,229712
40043,0.000304,172.31.46.0-255,66,34451,53,229712
40044,0.000533,172.217.194.0-255,1484,35935,53,229712
40045,0.000539,172.31.46.0-255,66,36001,53,229712
40046,0.000544,172.217.194.0-255,2902,38903,53,229712
40047,0.000547,172.31.46.0-255,66,38969,53,229712
40048,0.000557,172.217.194.0-255,4320,43289,53,229712
40049,0.00056,172.31.46.0-255,66,43355,53,229712
40050,0.000594,172.217.194.0-255,1484,44839,53,229712
40051,0.000608,172.31.46.0-255,66,44905,53,229712
40052,0.000637,172.217.194.0-255,7156,52061,53,229712
40053,0.00064,172.31.46.0-255,66,52127,53,229712
40054,0.000658,172.217.194.0-255,3602,55729,53,229712
40055,0.00066,172.31.46.0-255,66,55795,53,229712
40056,0.000951,172.217.194.0-255,1484,57279,53,229712
40057,0.000958,172.217.194.0-255,2902,60181,53,229712
40058,0.000961,172.31.46.0-255,66,60247,53,229712
40059,0.000992,172.217.194.0-255,5738,65985,53,229712
40060,0.000995,172.31.46.0-255,66,66051,53,229712
40061,0.001001,172.217.194.0-255,5738,71789,53,229712
40062,0.001003,172.31.46.0-255,66,71855,53,229712
40063,0.001038,172.31.46.0-255,66,71921,53,229712
40064,0.001068,172.217.194.0-255,5020,76941,53,229712
40065,0.001071,172.31.46.0-255,66,77007,53,229712
40066,0.001254,172.217.194.0-255,1484,78491,53,229712
40067,0.001259,172.217.194.0-255,1484,79975,53,229712
40068,0.001262,172.31.46.0-255,66,80041,53,229712
40069,0.001273,172.217.194.0-255,1484,81525,53,229712
40070,0.001285,172.217.194.0-255,5738,87263,53,229712
40071,0.001287,172.31.46.0-255,66,87329,53,229712
40072,0.001293,172.217.194.0-255,4320,91649,53,229712
40073,0.001295,172.31.46.0-255,66,91715,53,229712
40074,0.001335,172.31.46.0-255,66,91781,53,229712
40075,0.001356,172.217.194.0-255,1484,93265,53,229712
40076,0.001367,172.31.46.0-255,66,93331,53,229712
40077,0.00142,172.217.194.0-255,1484,94815,53,229712
40078,0.001425,172.217.194.0-255,2902,97717,53,229712
40079,0.00143,172.31.46.0-255,66,97783,53,229712
40080,0.001441,172.217.194.0-255,4320,102103,53,229712
40081,0.001443,172.31.46.0-255,66,102169,53,229712
40082,0.001462,172.217.194.0-255,1484,103653,53,229712
40083,0.001474,172.217.194.0-255,7156,110809,53,229712
40084,0.001476,172.31.46.0-255,66,110875,53,229712
40085,0.001507,172.31.46.0-255,66,110941,53,229712
40086,0.001532,172.217.194.0-255,2902,113843,53,229712
40087,0.001536,172.217.194.0-255,2184,116027,53,229712
40088,0.001541,172.31.46.0-255,66,116093,53,229712
40089,0.001544,172.31.46.0-255,66,116159,53,229712
40090,0.001591,172.217.194.0-255,1484,117643,53,229712
40091,0.001611,172.217.194.0-255,2902,120545,53,229712
40092,0.001615,172.31.46.0-255,66,120611,53,229712
40093,0.001622,172.217.194.0-255,5738,126349,53,229712
40094,0.001624,172.31.46.0-255,66,126415,53,229712
40095,0.001654,172.217.194.0-255,7156,133571,53,229712
40096,0.001656,172.31.46.0-255,66,133637,53,229712
40097,0.001685,172.217.194.0-255,5738,139375,53,229712
40098,0.001689,172.31.46.0-255,66,139441,53,229712
40099,0.001694,172.217.194.0-255,5738,145179,53,229712
40100,0.001697,172.31.46.0-255,66,145245,53,229712
40101,0.001735,172.31.46.0-255,66,145311,53,229712
40102,0.001757,172.217.194.0-255,3602,148913,53,229712
40103,0.00176,172.31.46.0-255,66,148979,53,229712
40104,0.001809,172.31.46.0-255,66,149045,53,229712
40105,0.001838,172.217.194.0-255,5738,154783,53,229712
40106,0.001841,172.31.46.0-255,66,154849,53,229712
40107,0.001849,172.217.194.0-255,7156,162005,53,229712
40108,0.001851,172.31.46.0-255,66,162071,53,229712
40109,0.001867,172.31.46.0-255,66,162137,53,229712
40110,0.001916,172.31.46.0-255,66,162203,53,229712
40111,0.001932,172.31.46.0-255,66,162269,53,229712
40112,0.001964,172.217.194.0-255,1484,163753,53,229712
40113,0.001969,172.217.194.0-255,2902,166655,53,229712
40114,0.001972,172.31.46.0-255,66,166721,53,229712
40115,0.001977,172.217.194.0-255,4320,171041,53,229712
40116,0.001979,172.31.46.0-255,66,171107,53,229712
40117,0.00201,172.217.194.0-255,1484,172591,53,229712
40118,0.002017,172.217.194.0-255,5738,178329,53,229712
40119,0.00202,172.31.46.0-255,66,178395,53,229712
40120,0.002034,172.31.46.0-255,66,178461,53,229712
40121,0.00204,172.217.194.0-255,5020,183481,53,229712
40122,0.002042,172.31.46.0-255,66,183547,53,229712
40123,0.002117,172.217.194.0-255,1484,185031,53,229712
40124,0.00213,172.217.194.0-255,2902,187933,53,229712
40125,0.002133,172.31.46.0-255,66,187999,53,229712
40126,0.002159,172.217.194.0-255,4320,192319,53,229712
40127,0.002162,172.31.46.0-255,66,192385,53,229712
40128,0.002186,172.217.194.0-255,1484,193869,53,229712
40129,0.002192,172.217.194.0-255,4320,198189,53,229712
40130,0.002197,172.31.46.0-255,66,198255,53,229712
40131,0.002239,172.217.194.0-255,4320,202575,53,229712
40132,0.002244,172.31.46.0-255,66,202641,53,229712
40133,0.002247,172.31.46.0-255,66,202707,53,229712
40134,0.002282,172.217.194.0-255,3602,206309,53,229712
40135,0.002286,172.31.46.0-255,66,206375,53,229712
40136,0.00231,172.217.194.0-255,4320,210695,53,229712
40137,0.002313,172.31.46.0-255,66,210761,53,229712
40138,0.002343,172.217.194.0-255,2902,213663,53,229712
40139,0.002346,172.31.46.0-255,66,213729,53,229712
40140,0.002349,172.217.194.0-255,1484,215213,53,229712
40141,0.002373,172.217.194.0-255,4320,219533,53,229712
40142,0.002375,172.217.194.0-255,1484,221017,53,229712
40143,0.00238,172.31.46.0-255,66,221083,53,229712
40144,0.002396,172.217.194.0-255,1484,222567,53,229712
40145,0.002398,172.31.46.0-255,66,222633,53,229712
40146,0.002427,172.217.194.0-255,4320,226953,53,229712
40147,0.00243,172.31.46.0-255,66,227019,53,229712
40148,0.002433,172.217.194.0-255,690,227709,53,229712
40149,0.002436,172.217.194.0-255,97,227806,53,229712
40150,0.002501,172.217.194.0-255,105,227911,53,229712
40151,0.005566,172.31.46.0-255,66,227977,53,229712
40152,0.005604,172.31.46.0-255,105,228082,53,229712
40153,0.007826,172.217.194.0-255,66,228148,53,229712
40154,0.039462,172.31.46.0-255,188,228336,53,229712
40155,0.039494,172.31.46.0-255,954,229290,53,229712
40156,0.039549,172.31.46.0-255,224,229514,53,229712
40157,0.041053,104.244.42.0-255,66,229580,53,229712
40158,0.041086,104.244.42.0-255,66,229646,53,229712
40159,0.041102,104.244.42.0-255,66,229712,53,229712
40160,0.0,172.31.46.0-255,105,105,53,276
40161,0.001801,157.240.25.0-255,105,210,53,276
40162,0.001818,172.31.46.0-255,66,276,53,276
40163,0.0,74.125.68.0-255,153,153,53,329294
40164,1.6e-05,172.31.46.0-255,66,219,53,329294
40165,2.3e-05,74.125.68.0-255,1484,1703,53,329294
40166,2.8e-05,172.31.46.0-255,66,1769,53,329294
40167,4.1e-05,74.125.68.0-255,2902,4671,53,329294
40168,4.5e-05,172.31.46.0-255,66,4737,53,329294
40169,4.9e-05,74.125.68.0-255,1484,6221,53,329294
40170,5.1e-05,172.31.46.0-255,66,6287,53,329294
40171,5.6e-05,74.125.68.0-255,2902,9189,53,329294
40172,5.9e-05,172.31.46.0-255,66,9255,53,329294
40173,8.6e-05,74.125.68.0-255,6375,15630,53,329294
40174,9e-05,172.31.46.0-255,66,15696,53,329294
40175,9.9e-05,74.125.68.0-255,2902,18598,53,329294
40176,0.000101,172.31.46.0-255,66,18664,53,329294
40177,0.000106,74.125.68.0-255,4320,22984,53,329294
40178,0.000109,172.31.46.0-255,66,23050,53,329294
40179,0.000151,172.31.46.0-255,66,23116,53,329294
40180,0.000206,74.125.68.0-255,1484,24600,53,329294
40181,0.000209,172.31.46.0-255,66,24666,53,329294
40182,0.000235,74.125.68.0-255,2902,27568,53,329294
40183,0.000237,172.31.46.0-255,66,27634,53,329294
40184,0.000241,74.125.68.0-255,2902,30536,53,329294
40185,0.000244,172.31.46.0-255,66,30602,53,329294
40186,0.000249,74.125.68.0-255,4320,34922,53,329294
40187,0.000252,172.31.46.0-255,66,34988,53,329294
40188,0.000287,172.31.46.0-255,66,35054,53,329294
40189,0.000293,74.125.68.0-255,4320,39374,53,329294
40190,0.000295,172.31.46.0-255,66,39440,53,329294
40191,0.000298,74.125.68.0-255,1484,40924,53,329294
40192,0.0003,172.31.46.0-255,66,40990,53,329294
40193,0.000332,74.125.68.0-255,4320,45310,53,329294
40194,0.000336,172.31.46.0-255,66,45376,53,329294
40195,0.000341,74.125.68.0-255,3602,48978,53,329294
40196,0.000344,172.31.46.0-255,66,49044,53,329294
40197,0.000377,74.125.68.0-255,429,49473,53,329294
40198,0.000463,74.125.68.0-255,1484,50957,53,329294
40199,0.000468,172.31.46.0-255,66,51023,53,329294
40200,0.000473,74.125.68.0-255,2902,53925,53,329294
40201,0.000476,172.31.46.0-255,66,53991,53,329294
40202,0.000488,74.125.68.0-255,5738,59729,53,329294
40203,0.000491,172.31.46.0-255,66,59795,53,329294
40204,0.000495,74.125.68.0-255,2902,62697,53,329294
40205,0.000501,172.31.46.0-255,66,62763,53,329294
40206,0.000525,74.125.68.0-255,4320,67083,53,329294
40207,0.000528,172.31.46.0-255,66,67149,53,329294
40208,0.000534,74.125.68.0-255,5738,72887,53,329294
40209,0.000539,172.31.46.0-255,66,72953,53,329294
40210,0.000569,74.125.68.0-255,2902,75855,53,329294
40211,0.000571,172.31.46.0-255,66,75921,53,329294
40212,0.000577,74.125.68.0-255,5738,81659,53,329294
40213,0.00058,172.31.46.0-255,66,81725,53,329294
40214,0.000619,74.125.68.0-255,1883,83608,53,329294
40215,0.000622,172.31.46.0-255,66,83674,53,329294
40216,0.000664,74.125.68.0-255,1484,85158,53,329294
40217,0.000679,74.125.68.0-255,2902,88060,53,329294
40218,0.000682,172.31.46.0-255,66,88126,53,329294
40219,0.000685,74.125.68.0-255,1484,89610,53,329294
40220,0.000706,74.125.68.0-255,1484,91094,53,329294
40221,0.000709,172.31.46.0-255,66,91160,53,329294
40222,0.000714,74.125.68.0-255,4320,95480,53,329294
40223,0.000716,172.31.46.0-255,66,95546,53,329294
40224,0.000751,172.31.46.0-255,66,95612,53,329294
40225,0.000756,74.125.68.0-255,4320,99932,53,329294
40226,0.000758,172.31.46.0-255,66,99998,53,329294
40227,0.000762,74.125.68.0-255,2902,102900,53,329294
40228,0.000764,172.31.46.0-255,66,102966,53,329294
40229,0.000793,74.125.68.0-255,2902,105868,53,329294
40230,0.000796,74.125.68.0-255,3602,109470,53,329294
40231,0.000829,172.31.46.0-255,66,109536,53,329294
40232,0.000831,172.31.46.0-255,66,109602,53,329294
40233,0.001118,74.125.68.0-255,1484,111086,53,329294
40234,0.001123,74.125.68.0-255,1484,112570,53,329294
40235,0.001127,172.31.46.0-255,66,112636,53,329294
40236,0.001158,74.125.68.0-255,1484,114120,53,329294
40237,0.001165,74.125.68.0-255,5738,119858,53,329294
40238,0.001168,172.31.46.0-255,66,119924,53,329294
40239,0.001176,74.125.68.0-255,7156,127080,53,329294
40240,0.001178,172.31.46.0-255,66,127146,53,329294
40241,0.001219,172.31.46.0-255,66,127212,53,329294
40242,0.001244,74.125.68.0-255,4320,131532,53,329294
40243,0.001247,172.31.46.0-255,66,131598,53,329294
40244,0.001253,74.125.68.0-255,3602,135200,53,329294
40245,0.001255,172.31.46.0-255,66,135266,53,329294
40246,0.001281,74.125.68.0-255,4320,139586,53,329294
40247,0.001284,172.31.46.0-255,66,139652,53,329294
40248,0.001321,74.125.68.0-255,5738,145390,53,329294
40249,0.001324,172.31.46.0-255,66,145456,53,329294
40250,0.00133,74.125.68.0-255,5738,151194,53,329294
40251,0.001332,172.31.46.0-255,66,151260,53,329294
40252,0.001349,74.125.68.0-255,1484,152744,53,329294
40253,0.001352,74.125.68.0-255,1484,154228,53,329294
40254,0.001354,172.31.46.0-255,66,154294,53,329294
40255,0.001392,172.31.46.0-255,66,154360,53,329294
40256,0.001418,74.125.68.0-255,5020,159380,53,329294
40257,0.00142,172.31.46.0-255,66,159446,53,329294
40258,0.001432,74.125.68.0-255,1484,160930,53,329294
40259,0.001462,74.125.68.0-255,4320,165250,53,329294
40260,0.001466,172.31.46.0-255,66,165316,53,329294
40261,0.001471,74.125.68.0-255,4320,169636,53,329294
40262,0.001473,172.31.46.0-255,66,169702,53,329294
40263,0.001485,74.125.68.0-255,5738,175440,53,329294
40264,0.001488,172.31.46.0-255,66,175506,53,329294
40265,0.001491,74.125.68.0-255,1484,176990,53,329294
40266,0.00152,172.31.46.0-255,66,177056,53,329294
40267,0.001525,74.125.68.0-255,4320,181376,53,329294
40268,0.001528,172.31.46.0-255,66,181442,53,329294
40269,0.00157,74.125.68.0-255,2184,183626,53,329294
40270,0.001573,172.31.46.0-255,66,183692,53,329294
40271,0.001577,74.125.68.0-255,1484,185176,53,329294
40272,0.001597,74.125.68.0-255,1484,186660,53,329294
40273,0.0016,172.31.46.0-255,66,186726,53,329294
40274,0.001604,74.125.68.0-255,2902,189628,53,329294
40275,0.001606,172.31.46.0-255,66,189694,53,329294
40276,0.00163,74.125.68.0-255,4320,194014,53,329294
40277,0.001633,172.31.46.0-255,66,194080,53,329294
40278,0.001641,74.125.68.0-255,2902,196982,53,329294
40279,0.001643,172.31.46.0-255,66,197048,53,329294
40280,0.001653,74.125.68.0-255,4320,201368,53,329294
40281,0.001656,172.31.46.0-255,66,201434,53,329294
40282,0.001666,172.31.46.0-255,66,201500,53,329294
40283,0.001673,74.125.68.0-255,7156,208656,53,329294
40284,0.001677,172.31.46.0-255,66,208722,53,329294
40285,0.001716,74.125.68.0-255,766,209488,53,329294
40286,0.001727,74.125.68.0-255,1484,210972,53,329294
40287,0.00173,172.31.46.0-255,66,211038,53,329294
40288,0.001749,74.125.68.0-255,2902,213940,53,329294
40289,0.001752,172.31.46.0-255,66,214006,53,329294
40290,0.001775,74.125.68.0-255,1484,215490,53,329294
40291,0.001784,74.125.68.0-255,7156,222646,53,329294
40292,0.001787,172.31.46.0-255,66,222712,53,329294
40293,0.001791,74.125.68.0-255,2902,225614,53,329294
40294,0.001793,172.31.46.0-255,66,225680,53,329294
40295,0.001821,74.125.68.0-255,5738,231418,53,329294
40296,0.001824,172.31.46.0-255,66,231484,53,329294
40297,0.00183,74.125.68.0-255,5738,237222,53,329294
40298,0.001836,172.31.46.0-255,66,237288,53,329294
40299,0.001841,74.125.68.0-255,4320,241608,53,329294
40300,0.001864,74.125.68.0-255,2184,243792,53,329294
40301,0.001875,172.31.46.0-255,66,243858,53,329294
40302,0.001925,74.125.68.0-255,1484,245342,53,329294
40303,0.00194,74.125.68.0-255,2902,248244,53,329294
40304,0.001956,74.125.68.0-255,2902,251146,53,329294
40305,0.001967,172.31.46.0-255,66,251212,53,329294
40306,0.001971,74.125.68.0-255,2902,254114,53,329294
40307,0.001975,74.125.68.0-255,2902,257016,53,329294
40308,0.002019,172.31.46.0-255,66,257082,53,329294
40309,0.002029,74.125.68.0-255,4320,261402,53,329294
40310,0.002046,74.125.68.0-255,5738,267140,53,329294
40311,0.002064,74.125.68.0-255,2184,269324,53,329294
40312,0.002076,172.31.46.0-255,66,269390,53,329294
40313,0.002094,74.125.68.0-255,2902,272292,53,329294
40314,0.00211,74.125.68.0-255,1484,273776,53,329294
40315,0.002115,172.31.46.0-255,66,273842,53,329294
40316,0.002133,74.125.68.0-255,5738,279580,53,329294
40317,0.002138,74.125.68.0-255,2902,282482,53,329294
40318,0.00215,74.125.68.0-255,4320,286802,53,329294
40319,0.00216,74.125.68.0-255,1484,288286,53,329294
40320,0.002174,74.125.68.0-255,4320,292606,53,329294
40321,0.00218,172.31.46.0-255,66,292672,53,329294
40322,0.002212,74.125.68.0-255,7156,299828,53,329294
40323,0.002219,74.125.68.0-255,7156,306984,53,329294
40324,0.00223,74.125.68.0-255,766,307750,53,329294
40325,0.002233,172.31.46.0-255,66,307816,53,329294
40326,0.004425,74.125.68.0-255,4320,312136,53,329294
40327,0.00443,172.31.46.0-255,66,312202,53,329294
40328,0.004438,172.31.46.0-255,66,312268,53,329294
40329,0.006634,74.125.68.0-255,1484,313752,53,329294
40330,0.006661,74.125.68.0-255,4320,318072,53,329294
40331,0.006666,172.31.46.0-255,66,318138,53,329294
40332,0.008874,74.125.68.0-255,5637,323775,53,329294
40333,0.008877,172.31.46.0-255,66,323841,53,329294
40334,0.009927,172.31.46.0-255,105,323946,53,329294
40335,0.012091,74.125.68.0-255,66,324012,53,329294
40336,0.032267,172.31.46.0-255,176,324188,53,329294
40337,0.032304,172.31.46.0-255,1112,325300,53,329294
40338,0.032369,172.31.46.0-255,1514,326814,53,329294
40339,0.032371,172.31.46.0-255,1514,328328,53,329294
40340,0.032397,172.31.46.0-255,702,329030,53,329294
40341,0.033878,104.244.42.0-255,66,329096,53,329294
40342,0.033918,104.244.42.0-255,66,329162,53,329294
40343,0.033962,104.244.42.0-255,66,329228,53,329294
40344,0.033981,104.244.42.0-255,66,329294,53,329294
40345,0.0,74.125.24.0-255,152,152,53,330455
40346,2e-05,172.31.46.0-255,66,218,53,330455
40347,2.6e-05,74.125.24.0-255,1484,1702,53,330455
40348,3e-05,172.31.46.0-255,66,1768,53,330455
40349,5.9e-05,74.125.24.0-255,2902,4670,53,330455
40350,6.5e-05,172.31.46.0-255,66,4736,53,330455
40351,7.1e-05,74.125.24.0-255,5738,10474,53,330455
40352,7.4e-05,172.31.46.0-255,66,10540,53,330455
40353,0.000105,74.125.24.0-255,3529,14069,53,330455
40354,0.000107,172.31.46.0-255,66,14135,53,330455
40355,0.000117,74.125.24.0-255,4320,18455,53,330455
40356,0.000119,172.31.46.0-255,66,18521,53,330455
40357,0.00015,172.31.46.0-255,66,18587,53,330455
40358,0.000182,74.125.24.0-255,1484,20071,53,330455
40359,0.000184,172.31.46.0-255,66,20137,53,330455
40360,0.000207,74.125.24.0-255,2543,22680,53,330455
40361,0.000209,172.31.46.0-255,66,22746,53,330455
40362,0.000262,74.125.24.0-255,1484,24230,53,330455
40363,0.000264,172.31.46.0-255,66,24296,53,330455
40364,0.000269,74.125.24.0-255,2902,27198,53,330455
40365,0.000271,172.31.46.0-255,66,27264,53,330455
40366,0.000294,74.125.24.0-255,2902,30166,53,330455
40367,0.000297,172.31.46.0-255,66,30232,53,330455
40368,0.000301,74.125.24.0-255,2902,33134,53,330455
40369,0.000303,172.31.46.0-255,66,33200,53,330455
40370,0.000323,74.125.24.0-255,1484,34684,53,330455
40371,0.000325,172.31.46.0-255,66,34750,53,330455
40372,0.000366,172.31.46.0-255,66,34816,53,330455
40373,0.000377,172.31.46.0-255,66,34882,53,330455
40374,0.000385,74.125.24.0-255,2817,37699,53,330455
40375,0.000387,172.31.46.0-255,66,37765,53,330455
40376,0.000436,74.125.24.0-255,130,37895,53,330455
40377,0.000643,74.125.24.0-255,1484,39379,53,330455
40378,0.000648,172.31.46.0-255,66,39445,53,330455
40379,0.000654,74.125.24.0-255,2902,42347,53,330455
40380,0.000657,172.31.46.0-255,66,42413,53,330455
40381,0.000689,74.125.24.0-255,5738,48151,53,330455
40382,0.000691,172.31.46.0-255,66,48217,53,330455
40383,0.000698,74.125.24.0-255,6797,55014,53,330455
40384,0.0007,172.31.46.0-255,66,55080,53,330455
40385,0.000736,74.125.24.0-255,2902,57982,53,330455
40386,0.000738,172.31.46.0-255,66,58048,53,330455
40387,0.000779,172.31.46.0-255,66,58114,53,330455
40388,0.000783,74.125.24.0-255,2543,60657,53,330455
40389,0.000785,172.31.46.0-255,66,60723,53,330455
40390,0.001903,74.125.24.0-255,1484,62207,53,330455
40391,0.001932,74.125.24.0-255,2902,65109,53,330455
40392,0.001936,172.31.46.0-255,66,65175,53,330455
40393,0.001944,74.125.24.0-255,5738,70913,53,330455
40394,0.001946,172.31.46.0-255,66,70979,53,330455
40395,0.001954,74.125.24.0-255,4320,75299,53,330455
40396,0.001956,172.31.46.0-255,66,75365,53,330455
40397,0.001997,172.31.46.0-255,66,75431,53,330455
40398,0.002011,172.31.46.0-255,66,75497,53,330455
40399,0.002171,74.125.24.0-255,1484,76981,53,330455
40400,0.002189,74.125.24.0-255,2902,79883,53,330455
40401,0.002193,172.31.46.0-255,66,79949,53,330455
40402,0.002211,74.125.24.0-255,2902,82851,53,330455
40403,0.002213,172.31.46.0-255,66,82917,53,330455
40404,0.002239,74.125.24.0-255,2902,85819,53,330455
40405,0.002241,172.31.46.0-255,66,85885,53,330455
40406,0.002246,74.125.24.0-255,2902,88787,53,330455
40407,0.002247,172.31.46.0-255,66,88853,53,330455
40408,0.00228,172.31.46.0-255,66,88919,53,330455
40409,0.002285,74.125.24.0-255,4320,93239,53,330455
40410,0.002286,172.31.46.0-255,66,93305,53,330455
40411,0.00229,74.125.24.0-255,1484,94789,53,330455
40412,0.002319,74.125.24.0-255,4320,99109,53,330455
40413,0.002321,172.31.46.0-255,66,99175,53,330455
40414,0.002324,74.125.24.0-255,766,99941,53,330455
40415,0.002349,74.125.24.0-255,4320,104261,53,330455
40416,0.002351,172.31.46.0-255,66,104327,53,330455
40417,0.002383,74.125.24.0-255,4320,108647,53,330455
40418,0.002385,172.31.46.0-255,66,108713,53,330455
40419,0.002389,74.125.24.0-255,2902,111615,53,330455
40420,0.002391,172.31.46.0-255,66,111681,53,330455
40421,0.004722,74.125.24.0-255,5738,117419,53,330455
40422,0.004729,172.31.46.0-255,66,117485,53,330455
40423,0.007081,74.125.24.0-255,5738,123223,53,330455
40424,0.007087,172.31.46.0-255,66,123289,53,330455
40425,0.009453,74.125.24.0-255,5738,129027,53,330455
40426,0.00946,172.31.46.0-255,66,129093,53,330455
40427,0.011824,74.125.24.0-255,5738,134831,53,330455
40428,0.011833,172.31.46.0-255,66,134897,53,330455
40429,0.014207,74.125.24.0-255,5738,140635,53,330455
40430,0.014215,172.31.46.0-255,66,140701,53,330455
40431,0.01657,74.125.24.0-255,5738,146439,53,330455
40432,0.016581,172.31.46.0-255,66,146505,53,330455
40433,0.018944,74.125.24.0-255,5738,152243,53,330455
40434,0.018953,172.31.46.0-255,66,152309,53,330455
40435,0.021299,74.125.24.0-255,5738,158047,53,330455
40436,0.021306,172.31.46.0-255,66,158113,53,330455
40437,0.02366,74.125.24.0-255,5738,163851,53,330455
40438,0.023666,172.31.46.0-255,66,163917,53,330455
40439,0.026022,74.125.24.0-255,5738,169655,53,330455
40440,0.026031,172.31.46.0-255,66,169721,53,330455
40441,0.028395,74.125.24.0-255,5738,175459,53,330455
40442,0.028401,172.31.46.0-255,66,175525,53,330455
40443,0.029516,172.31.46.0-255,188,175713,53,330455
40444,0.029548,172.31.46.0-255,953,176666,53,330455
40445,0.029628,172.31.46.0-255,1514,178180,53,330455
40446,0.02963,172.31.46.0-255,1452,179632,53,330455
40447,0.030764,74.125.24.0-255,5738,185370,53,330455
40448,0.030771,172.31.46.0-255,66,185436,53,330455
40449,0.031061,104.244.42.0-255,66,185502,53,330455
40450,0.031109,104.244.42.0-255,66,185568,53,330455
40451,0.031158,104.244.42.0-255,66,185634,53,330455
40452,0.033126,74.125.24.0-255,5738,191372,53,330455
40453,0.033133,172.31.46.0-255,66,191438,53,330455
40454,0.035499,74.125.24.0-255,5738,197176,53,330455
40455,0.035506,172.31.46.0-255,66,197242,53,330455
40456,0.037904,74.125.24.0-255,5738,202980,53,330455
40457,0.037912,172.31.46.0-255,66,203046,53,330455
40458,0.040307,74.125.24.0-255,5738,208784,53,330455
40459,0.040314,172.31.46.0-255,66,208850,53,330455
40460,0.042656,74.125.24.0-255,5738,214588,53,330455
40461,0.042665,172.31.46.0-255,66,214654,53,330455
40462,0.045046,74.125.24.0-255,5738,220392,53,330455
40463,0.045054,172.31.46.0-255,66,220458,53,330455
40464,0.047439,74.125.24.0-255,5738,226196,53,330455
40465,0.047444,172.31.46.0-255,66,226262,53,330455
40466,0.049853,74.125.24.0-255,5738,232000,53,330455
40467,0.049858,172.31.46.0-255,66,232066,53,330455
40468,0.052236,74.125.24.0-255,5738,237804,53,330455
40469,0.052241,172.31.46.0-255,66,237870,53,330455
40470,0.054641,74.125.24.0-255,5738,243608,53,330455
40471,0.054648,172.31.46.0-255,66,243674,53,330455
40472,0.057024,74.125.24.0-255,5738,249412,53,330455
40473,0.057031,172.31.46.0-255,66,249478,53,330455
40474,0.059369,74.125.24.0-255,5738,255216,53,330455
40475,0.059376,172.31.46.0-255,66,255282,53,330455
40476,0.06175,74.125.24.0-255,5738,261020,53,330455
40477,0.061757,172.31.46.0-255,66,261086,53,330455
40478,0.064103,74.125.24.0-255,5738,266824,53,330455
40479,0.06411,172.31.46.0-255,66,266890,53,330455
40480,0.06649,74.125.24.0-255,5738,272628,53,330455
40481,0.066497,172.31.46.0-255,66,272694,53,330455
40482,0.068842,74.125.24.0-255,5738,278432,53,330455
40483,0.068847,172.31.46.0-255,66,278498,53,330455
40484,0.07125,74.125.24.0-255,5738,284236,53,330455
40485,0.071256,172.31.46.0-255,66,284302,53,330455
40486,0.073661,74.125.24.0-255,5738,290040,53,330455
40487,0.073668,172.31.46.0-255,66,290106,53,330455
40488,0.076042,74.125.24.0-255,5738,295844,53,330455
40489,0.076048,172.31.46.0-255,66,295910,53,330455
40490,0.078374,74.125.24.0-255,5738,301648,53,330455
40491,0.078381,172.31.46.0-255,66,301714,53,330455
40492,0.080727,74.125.24.0-255,5738,307452,53,330455
40493,0.080735,172.31.46.0-255,66,307518,53,330455
40494,0.083085,74.125.24.0-255,5738,313256,53,330455
40495,0.083093,172.31.46.0-255,66,313322,53,330455
40496,0.085487,74.125.24.0-255,5738,319060,53,330455
40497,0.085494,172.31.46.0-255,66,319126,53,330455
40498,0.087846,74.125.24.0-255,5738,324864,53,330455
40499,0.087853,172.31.46.0-255,66,324930,53,330455
40500,0.0902,74.125.24.0-255,5288,330218,53,330455
40501,0.090207,172.31.46.0-255,66,330284,53,330455
40502,0.090401,172.31.46.0-255,105,330389,53,330455
40503,0.092753,74.125.24.0-255,66,330455,53,330455
40504,0.0,172.217.194.0-255,146,146,53,204681
40505,2.3e-05,172.31.46.0-255,66,212,53,204681
40506,3e-05,172.217.194.0-255,1484,1696,53,204681
40507,3.5e-05,172.31.46.0-255,66,1762,53,204681
40508,4.1e-05,172.217.194.0-255,2902,4664,53,204681
40509,4.5e-05,172.31.46.0-255,66,4730,53,204681
40510,5.9e-05,172.217.194.0-255,5738,10468,53,204681
40511,6.3e-05,172.31.46.0-255,66,10534,53,204681
40512,0.0001,172.31.46.0-255,66,10600,53,204681
40513,0.000115,172.31.46.0-255,66,10666,53,204681
40514,0.000152,172.31.46.0-255,66,10732,53,204681
40515,0.000262,172.217.194.0-255,1484,12216,53,204681
40516,0.000267,172.31.46.0-255,66,12282,53,204681
40517,0.000272,172.217.194.0-255,2902,15184,53,204681
40518,0.000274,172.31.46.0-255,66,15250,53,204681
40519,0.000302,172.217.194.0-255,5738,20988,53,204681
40520,0.000305,172.31.46.0-255,66,21054,53,204681
40521,0.00034,172.217.194.0-255,7105,28159,53,204681
40522,0.000343,172.31.46.0-255,66,28225,53,204681
40523,0.00067,172.217.194.0-255,1484,29709,53,204681
40524,0.000676,172.31.46.0-255,66,29775,53,204681
40525,0.000682,172.217.194.0-255,2902,32677,53,204681
40526,0.000685,172.31.46.0-255,66,32743,53,204681
40527,0.000697,172.217.194.0-255,5738,38481,53,204681
40528,0.0007,172.31.46.0-255,66,38547,53,204681
40529,0.000707,172.217.194.0-255,5738,44285,53,204681
40530,0.000709,172.31.46.0-255,66,44351,53,204681
40531,0.000739,172.217.194.0-255,7156,51507,53,204681
40532,0.000741,172.31.46.0-255,66,51573,53,204681
40533,0.000745,172.217.194.0-255,1484,53057,53,204681
40534,0.000747,172.31.46.0-255,66,53123,53,204681
40535,0.000785,172.31.46.0-255,66,53189,53,204681
40536,0.000824,172.217.194.0-255,1484,54673,53,204681
40537,0.000827,172.31.46.0-255,66,54739,53,204681
40538,0.000832,172.217.194.0-255,2902,57641,53,204681
40539,0.000834,172.31.46.0-255,66,57707,53,204681
40540,0.000841,172.217.194.0-255,5738,63445,53,204681
40541,0.000843,172.31.46.0-255,66,63511,53,204681
40542,0.000853,172.31.46.0-255,66,63577,53,204681
40543,0.000884,172.217.194.0-255,5738,69315,53,204681
40544,0.000887,172.31.46.0-255,66,69381,53,204681
40545,0.000925,172.31.46.0-255,66,69447,53,204681
40546,0.000946,172.31.46.0-255,66,69513,53,204681
40547,0.000953,172.217.194.0-255,5738,75251,53,204681
40548,0.000955,172.31.46.0-255,66,75317,53,204681
40549,0.000983,172.217.194.0-255,5020,80337,53,204681
40550,0.000986,172.31.46.0-255,66,80403,53,204681
40551,0.001089,172.217.194.0-255,1484,81887,53,204681
40552,0.001106,172.217.194.0-255,2902,84789,53,204681
40553,0.00115,172.31.46.0-255,66,84855,53,204681
40554,0.001173,172.217.194.0-255,5738,90593,53,204681
40555,0.001199,172.217.194.0-255,1484,92077,53,204681
40556,0.00121,172.31.46.0-255,66,92143,53,204681
40557,0.001221,172.217.194.0-255,2902,95045,53,204681
40558,0.001226,172.217.194.0-255,5738,100783,53,204681
40559,0.001243,172.217.194.0-255,1484,102267,53,204681
40560,0.001247,172.31.46.0-255,66,102333,53,204681
40561,0.001274,172.217.194.0-255,2902,105235,53,204681
40562,0.001292,172.217.194.0-255,5738,110973,53,204681
40563,0.001318,172.217.194.0-255,5738,116711,53,204681
40564,0.001326,172.31.46.0-255,66,116777,53,204681
40565,0.001362,172.217.194.0-255,1484,118261,53,204681
40566,0.001394,172.31.46.0-255,66,118327,53,204681
40567,0.001402,172.217.194.0-255,2184,120511,53,204681
40568,0.001413,172.31.46.0-255,66,120577,53,204681
40569,0.001489,172.217.194.0-255,1484,122061,53,204681
40570,0.001495,172.217.194.0-255,2902,124963,53,204681
40571,0.001502,172.217.194.0-255,5738,130701,53,204681
40572,0.001519,172.217.194.0-255,4320,135021,53,204681
40573,0.001524,172.31.46.0-255,66,135087,53,204681
40574,0.00156,172.217.194.0-255,1484,136571,53,204681
40575,0.00157,172.31.46.0-255,66,136637,53,204681
40576,0.001594,172.31.46.0-255,66,136703,53,204681
40577,0.001808,172.217.194.0-255,1484,138187,53,204681
40578,0.001829,172.217.194.0-255,2902,141089,53,204681
40579,0.001834,172.217.194.0-255,2902,143991,53,204681
40580,0.001849,172.217.194.0-255,2902,146893,53,204681
40581,0.001856,172.31.46.0-255,66,146959,53,204681
40582,0.001871,172.217.194.0-255,5738,152697,53,204681
40583,0.001894,172.217.194.0-255,7156,159853,53,204681
40584,0.001897,172.217.194.0-255,1484,161337,53,204681
40585,0.001909,172.217.194.0-255,1484,162821,53,204681
40586,0.001921,172.217.194.0-255,2902,165723,53,204681
40587,0.001929,172.31.46.0-255,66,165789,53,204681
40588,0.001956,172.217.194.0-255,5020,170809,53,204681
40589,0.001959,172.217.194.0-255,1484,172293,53,204681
40590,0.001975,172.217.194.0-255,5738,178031,53,204681
40591,0.001983,172.31.46.0-255,66,178097,53,204681
40592,0.002004,172.217.194.0-255,2902,180999,53,204681
40593,0.002011,172.217.194.0-255,5738,186737,53,204681
40594,0.002052,172.217.194.0-255,7156,193893,53,204681
40595,0.002075,172.217.194.0-255,3602,197495,53,204681
40596,0.002077,172.217.194.0-255,1484,198979,53,204681
40597,0.002085,172.31.46.0-255,66,199045,53,204681
40598,0.00213,172.217.194.0-255,105,199150,53,204681
40599,0.002139,172.31.46.0-255,66,199216,53,204681
40600,0.004588,172.31.46.0-255,105,199321,53,204681
40601,0.007234,172.217.194.0-255,66,199387,53,204681
40602,0.035952,172.31.46.0-255,188,199575,53,204681
40603,0.035987,172.31.46.0-255,953,200528,53,204681
40604,0.03605,172.31.46.0-255,1514,202042,53,204681
40605,0.036051,172.31.46.0-255,1514,203556,53,204681
40606,0.036053,172.31.46.0-255,861,204417,53,204681
40607,0.037528,104.244.42.0-255,66,204483,53,204681
40608,0.037565,104.244.42.0-255,66,204549,53,204681
40609,0.037585,104.244.42.0-255,66,204615,53,204681
40610,0.037628,104.244.42.0-255,66,204681,53,204681
40611,0.0,172.217.194.0-255,153,153,53,224738
40612,2.4e-05,172.31.46.0-255,66,219,53,224738
40613,3.1e-05,172.217.194.0-255,1484,1703,53,224738
40614,3.5e-05,172.31.46.0-255,66,1769,53,224738
40615,4.8e-05,172.217.194.0-255,2902,4671,53,224738
40616,5.2e-05,172.31.46.0-255,66,4737,53,224738
40617,5.9e-05,172.217.194.0-255,7156,11893,53,224738
40618,6.3e-05,172.31.46.0-255,66,11959,53,224738
40619,7.4e-05,172.31.46.0-255,66,12025,53,224738
40620,0.000131,172.31.46.0-255,66,12091,53,224738
40621,0.000135,172.217.194.0-255,1484,13575,53,224738
40622,0.000137,172.31.46.0-255,66,13641,53,224738
40623,0.000142,172.217.194.0-255,2902,16543,53,224738
40624,0.000144,172.31.46.0-255,66,16609,53,224738
40625,0.000181,172.217.194.0-255,5738,22347,53,224738
40626,0.000184,172.31.46.0-255,66,22413,53,224738
40627,0.000213,172.31.46.0-255,66,22479,53,224738
40628,0.000241,172.217.194.0-255,4320,26799,53,224738
40629,0.000244,172.31.46.0-255,66,26865,53,224738
40630,0.000273,172.217.194.0-255,5685,32550,53,224738
40631,0.000276,172.31.46.0-255,66,32616,53,224738
40632,0.000581,172.217.194.0-255,380,32996,53,224738
40633,0.000587,172.31.46.0-255,66,33062,53,224738
40634,0.000875,172.217.194.0-255,1484,34546,53,224738
40635,0.000879,172.31.46.0-255,66,34612,53,224738
40636,0.000885,172.217.194.0-255,2902,37514,53,224738
40637,0.000887,172.31.46.0-255,66,37580,53,224738
40638,0.000898,172.217.194.0-255,4320,41900,53,224738
40639,0.0009,172.31.46.0-255,66,41966,53,224738
40640,0.000932,172.217.194.0-255,1484,43450,53,224738
40641,0.000948,172.217.194.0-255,1484,44934,53,224738
40642,0.000969,172.31.46.0-255,66,45000,53,224738
40643,0.000989,172.31.46.0-255,66,45066,53,224738
40644,0.001161,172.217.194.0-255,1484,46550,53,224738
40645,0.001165,172.217.194.0-255,1484,48034,53,224738
40646,0.001168,172.31.46.0-255,66,48100,53,224738
40647,0.001195,172.217.194.0-255,1484,49584,53,224738
40648,0.001202,172.217.194.0-255,5738,55322,53,224738
40649,0.001226,172.217.194.0-255,4320,59642,53,224738
40650,0.001252,172.217.194.0-255,766,60408,53,224738
40651,0.001268,172.31.46.0-255,66,60474,53,224738
40652,0.001367,172.217.194.0-255,1484,61958,53,224738
40653,0.001388,172.217.194.0-255,2902,64860,53,224738
40654,0.001391,172.31.46.0-255,66,64926,53,224738
40655,0.001398,172.217.194.0-255,5738,70664,53,224738
40656,0.001401,172.217.194.0-255,1484,72148,53,224738
40657,0.001438,172.31.46.0-255,66,72214,53,224738
40658,0.001454,172.31.46.0-255,66,72280,53,224738
40659,0.001479,172.217.194.0-255,2184,74464,53,224738
40660,0.001488,172.31.46.0-255,66,74530,53,224738
40661,0.001518,172.217.194.0-255,1484,76014,53,224738
40662,0.001539,172.217.194.0-255,2902,78916,53,224738
40663,0.001544,172.217.194.0-255,4320,83236,53,224738
40664,0.001558,172.217.194.0-255,1484,84720,53,224738
40665,0.001567,172.31.46.0-255,66,84786,53,224738
40666,0.001574,172.217.194.0-255,5738,90524,53,224738
40667,0.001579,172.31.46.0-255,66,90590,53,224738
40668,0.001611,172.217.194.0-255,7156,97746,53,224738
40669,0.001624,172.217.194.0-255,2184,99930,53,224738
40670,0.001677,172.31.46.0-255,66,99996,53,224738
40671,0.001843,172.217.194.0-255,1484,101480,53,224738
40672,0.001848,172.217.194.0-255,2902,104382,53,224738
40673,0.001863,172.217.194.0-255,4320,108702,53,224738
40674,0.001872,172.31.46.0-255,66,108768,53,224738
40675,0.00188,172.217.194.0-255,1484,110252,53,224738
40676,0.001911,172.217.194.0-255,4320,114572,53,224738
40677,0.001916,172.31.46.0-255,66,114638,53,224738
40678,0.001966,172.31.46.0-255,66,114704,53,224738
40679,0.002107,172.217.194.0-255,1484,116188,53,224738
40680,0.002113,172.217.194.0-255,2902,119090,53,224738
40681,0.002116,172.31.46.0-255,66,119156,53,224738
40682,0.002122,172.217.194.0-255,2902,122058,53,224738
40683,0.002127,172.31.46.0-255,66,122124,53,224738
40684,0.002149,172.217.194.0-255,2902,125026,53,224738
40685,0.002155,172.217.194.0-255,5738,130764,53,224738
40686,0.002166,172.217.194.0-255,4320,135084,53,224738
40687,0.002189,172.217.194.0-255,2902,137986,53,224738
40688,0.002272,172.217.194.0-255,5020,143006,53,224738
40689,0.002296,172.217.194.0-255,5738,148744,53,224738
40690,0.002299,172.217.194.0-255,1484,150228,53,224738
40691,0.002324,172.217.194.0-255,5738,155966,53,224738
40692,0.002327,172.217.194.0-255,1484,157450,53,224738
40693,0.002361,172.217.194.0-255,1484,158934,53,224738
40694,0.002364,172.217.194.0-255,1484,160418,53,224738
40695,0.008262,172.31.46.0-255,66,160484,53,224738
40696,0.00884,172.31.46.0-255,101,160585,53,224738
40697,0.010588,172.217.194.0-255,5738,166323,53,224738
40698,0.010601,172.31.46.0-255,66,166389,53,224738
40699,0.011124,172.217.194.0-255,66,166455,53,224738
40700,0.012964,172.217.194.0-255,5738,172193,53,224738
40701,0.012975,172.31.46.0-255,66,172259,53,224738
40702,0.015309,172.217.194.0-255,5738,177997,53,224738
40703,0.015322,172.31.46.0-255,66,178063,53,224738
40704,0.017692,172.217.194.0-255,5738,183801,53,224738
40705,0.017708,172.31.46.0-255,66,183867,53,224738
40706,0.020041,172.217.194.0-255,5738,189605,53,224738
40707,0.02005,172.31.46.0-255,66,189671,53,224738
40708,0.022428,172.217.194.0-255,5738,195409,53,224738
40709,0.022441,172.31.46.0-255,66,195475,53,224738
40710,0.024764,172.217.194.0-255,5738,201213,53,224738
40711,0.024772,172.31.46.0-255,66,201279,53,224738
40712,0.027083,172.217.194.0-255,5738,207017,53,224738
40713,0.027091,172.31.46.0-255,66,207083,53,224738
40714,0.029491,172.217.194.0-255,5738,212821,53,224738
40715,0.029507,172.31.46.0-255,66,212887,53,224738
40716,0.031868,172.217.194.0-255,5738,218625,53,224738
40717,0.031882,172.31.46.0-255,66,218691,53,224738
40718,0.034203,172.217.194.0-255,598,219289,53,224738
40719,0.034377,172.31.46.0-255,105,219394,53,224738
40720,0.035112,172.31.46.0-255,172,219566,53,224738
40721,0.035149,172.31.46.0-255,1112,220678,53,224738
40722,0.035215,172.31.46.0-255,1514,222192,53,224738
40723,0.035217,172.31.46.0-255,1514,223706,53,224738
40724,0.035219,172.31.46.0-255,702,224408,53,224738
40725,0.036669,104.244.42.0-255,66,224474,53,224738
40726,0.036759,104.244.42.0-255,66,224540,53,224738
40727,0.036815,104.244.42.0-255,66,224606,53,224738
40728,0.036819,104.244.42.0-255,66,224672,53,224738
40729,0.04098,172.217.194.0-255,66,224738,53,224738
40730,0.0,172.217.194.0-255,152,152,53,154240
40731,1.2e-05,172.31.46.0-255,66,218,53,154240
40732,1.8e-05,172.217.194.0-255,1484,1702,53,154240
40733,2.1e-05,172.31.46.0-255,66,1768,53,154240
40734,2.7e-05,172.217.194.0-255,2902,4670,53,154240
40735,2.9e-05,172.31.46.0-255,66,4736,53,154240
40736,7.3e-05,172.217.194.0-255,7156,11892,53,154240
40737,7.5e-05,172.31.46.0-255,66,11958,53,154240
40738,7.9e-05,172.217.194.0-255,2902,14860,53,154240
40739,8.1e-05,172.31.46.0-255,66,14926,53,154240
40740,0.000115,172.31.46.0-255,66,14992,53,154240
40741,0.000118,172.217.194.0-255,1484,16476,53,154240
40742,0.00012,172.31.46.0-255,66,16542,53,154240
40743,0.000142,172.217.194.0-255,2543,19085,53,154240
40744,0.000148,172.31.46.0-255,66,19151,53,154240
40745,0.000172,172.217.194.0-255,1484,20635,53,154240
40746,0.000174,172.31.46.0-255,66,20701,53,154240
40747,0.000177,172.217.194.0-255,1484,22185,53,154240
40748,0.000178,172.31.46.0-255,66,22251,53,154240
40749,0.000208,172.217.194.0-255,1484,23735,53,154240
40750,0.000211,172.31.46.0-255,66,23801,53,154240
40751,0.000217,172.217.194.0-255,5738,29539,53,154240
40752,0.000218,172.31.46.0-255,66,29605,53,154240
40753,0.000241,172.217.194.0-255,5738,35343,53,154240
40754,0.000243,172.31.46.0-255,66,35409,53,154240
40755,0.000273,172.31.46.0-255,66,35475,53,154240
40756,0.000309,172.31.46.0-255,66,35541,53,154240
40757,0.000312,172.217.194.0-255,365,35906,53,154240
40758,0.000313,172.31.46.0-255,66,35972,53,154240
40759,0.000832,172.217.194.0-255,1484,37456,53,154240
40760,0.000836,172.217.194.0-255,1484,38940,53,154240
40761,0.000842,172.31.46.0-255,66,39006,53,154240
40762,0.000855,172.217.194.0-255,1484,40490,53,154240
40763,0.000865,172.217.194.0-255,5738,46228,53,154240
40764,0.000875,172.31.46.0-255,66,46294,53,154240
40765,0.000933,172.31.46.0-255,66,46360,53,154240
40766,0.000949,172.217.194.0-255,7156,53516,53,154240
40767,0.000966,172.31.46.0-255,66,53582,53,154240
40768,0.000986,172.217.194.0-255,2902,56484,53,154240
40769,0.000995,172.31.46.0-255,66,56550,53,154240
40770,0.001025,172.217.194.0-255,4320,60870,53,154240
40771,0.001038,172.217.194.0-255,1484,62354,53,154240
40772,0.001048,172.31.46.0-255,66,62420,53,154240
40773,0.001088,172.31.46.0-255,66,62486,53,154240
40774,0.001133,172.217.194.0-255,3602,66088,53,154240
40775,0.001212,172.217.194.0-255,1484,67572,53,154240
40776,0.001516,172.217.194.0-255,1484,69056,53,154240
40777,0.001523,172.217.194.0-255,2902,71958,53,154240
40778,0.001538,172.217.194.0-255,1484,73442,53,154240
40779,0.001562,172.217.194.0-255,4320,77762,53,154240
40780,0.001567,172.217.194.0-255,4320,82082,53,154240
40781,0.001604,172.217.194.0-255,2902,84984,53,154240
40782,0.001734,172.217.194.0-255,1484,86468,53,154240
40783,0.001738,172.217.194.0-255,1484,87952,53,154240
40784,0.001756,172.217.194.0-255,1484,89436,53,154240
40785,0.001763,172.217.194.0-255,5738,95174,53,154240
40786,0.001767,172.217.194.0-255,2902,98076,53,154240
40787,0.001789,172.217.194.0-255,4320,102396,53,154240
40788,0.001795,172.217.194.0-255,4320,106716,53,154240
40789,0.001835,172.217.194.0-255,6438,113154,53,154240
40790,0.001872,172.217.194.0-255,4320,117474,53,154240
40791,0.001886,172.217.194.0-255,4320,121794,53,154240
40792,0.001905,172.217.194.0-255,5738,127532,53,154240
40793,0.001934,172.217.194.0-255,6438,133970,53,154240
40794,0.001968,172.217.194.0-255,5738,139708,53,154240
40795,0.002002,172.217.194.0-255,2184,141892,53,154240
40796,0.002048,172.217.194.0-255,4320,146212,53,154240
40797,0.00208,172.217.194.0-255,5654,151866,53,154240
40798,0.002107,172.217.194.0-255,105,151971,53,154240
40799,0.005448,172.31.46.0-255,66,152037,53,154240
40800,0.007545,172.217.194.0-255,129,152166,53,154240
40801,0.00796,172.31.46.0-255,105,152271,53,154240
40802,0.007993,172.31.46.0-255,105,152376,53,154240
40803,0.008205,172.31.46.0-255,90,152466,53,154240
40804,0.008214,172.31.46.0-255,66,152532,53,154240
40805,0.010041,172.217.194.0-255,66,152598,53,154240
40806,0.010061,172.217.194.0-255,66,152664,53,154240
40807,0.010267,172.217.194.0-255,66,152730,53,154240
40808,0.010304,172.217.194.0-255,66,152796,53,154240
40809,0.01031,172.31.46.0-255,66,152862,53,154240
40810,0.034157,172.31.46.0-255,172,153034,53,154240
40811,0.034195,172.31.46.0-255,1074,154108,53,154240
40812,0.03572,104.244.42.0-255,66,154174,53,154240
40813,0.035759,104.244.42.0-255,66,154240,53,154240
40814,0.0,172.217.194.0-255,297,297,53,285023
40815,1.5e-05,172.31.46.0-255,66,363,53,285023
40816,2e-05,172.217.194.0-255,1484,1847,53,285023
40817,2.4e-05,172.31.46.0-255,66,1913,53,285023
40818,3e-05,172.217.194.0-255,4320,6233,53,285023
40819,4.2e-05,172.31.46.0-255,66,6299,53,285023
40820,5.2e-05,172.31.46.0-255,66,6365,53,285023
40821,9.6e-05,172.217.194.0-255,1484,7849,53,285023
40822,9.9e-05,172.31.46.0-255,66,7915,53,285023
40823,0.000118,172.217.194.0-255,2902,10817,53,285023
40824,0.00012,172.31.46.0-255,66,10883,53,285023
40825,0.000126,172.217.194.0-255,5738,16621,53,285023
40826,0.000129,172.31.46.0-255,66,16687,53,285023
40827,0.000152,172.217.194.0-255,1484,18171,53,285023
40828,0.000153,172.31.46.0-255,66,18237,53,285023
40829,0.000184,172.217.194.0-255,5379,23616,53,285023
40830,0.000186,172.31.46.0-255,66,23682,53,285023
40831,0.000209,172.217.194.0-255,7156,30838,53,285023
40832,0.000211,172.31.46.0-255,66,30904,53,285023
40833,0.000222,172.31.46.0-255,66,30970,53,285023
40834,0.000446,172.217.194.0-255,1484,32454,53,285023
40835,0.000456,172.31.46.0-255,66,32520,53,285023
40836,0.000462,172.217.194.0-255,2902,35422,53,285023
40837,0.000464,172.31.46.0-255,66,35488,53,285023
40838,0.000497,172.217.194.0-255,5738,41226,53,285023
40839,0.0005,172.31.46.0-255,66,41292,53,285023
40840,0.000506,172.217.194.0-255,6797,48089,53,285023
40841,0.000508,172.31.46.0-255,66,48155,53,285023
40842,0.000574,172.217.194.0-255,1484,49639,53,285023
40843,0.000577,172.31.46.0-255,66,49705,53,285023
40844,0.000582,172.217.194.0-255,2902,52607,53,285023
40845,0.000584,172.31.46.0-255,66,52673,53,285023
40846,0.000606,172.217.194.0-255,1484,54157,53,285023
40847,0.000613,172.217.194.0-255,5738,59895,53,285023
40848,0.000615,172.31.46.0-255,66,59961,53,285023
40849,0.000641,172.217.194.0-255,4320,64281,53,285023
40850,0.000644,172.31.46.0-255,66,64347,53,285023
40851,0.00067,172.31.46.0-255,66,64413,53,285023
40852,0.000679,172.31.46.0-255,66,64479,53,285023
40853,0.000704,172.217.194.0-255,1346,65825,53,285023
40854,0.001062,172.217.194.0-255,1484,67309,53,285023
40855,0.001066,172.31.46.0-255,66,67375,53,285023
40856,0.001071,172.217.194.0-255,2902,70277,53,285023
40857,0.001073,172.31.46.0-255,66,70343,53,285023
40858,0.001107,172.217.194.0-255,5738,76081,53,285023
40859,0.00111,172.31.46.0-255,66,76147,53,285023
40860,0.001122,172.31.46.0-255,66,76213,53,285023
40861,0.001136,172.31.46.0-255,66,76279,53,285023
40862,0.001157,172.217.194.0-255,766,77045,53,285023
40863,0.00129,172.217.194.0-255,1484,78529,53,285023
40864,0.001294,172.31.46.0-255,66,78595,53,285023
40865,0.001297,172.217.194.0-255,1484,80079,53,285023
40866,0.001318,172.217.194.0-255,1484,81563,53,285023
40867,0.00132,172.31.46.0-255,66,81629,53,285023
40868,0.001326,172.217.194.0-255,5738,87367,53,285023
40869,0.001328,172.31.46.0-255,66,87433,53,285023
40870,0.001334,172.217.194.0-255,1484,88917,53,285023
40871,0.001363,172.217.194.0-255,7156,96073,53,285023
40872,0.001365,172.31.46.0-255,66,96139,53,285023
40873,0.001397,172.31.46.0-255,66,96205,53,285023
40874,0.001421,172.217.194.0-255,2184,98389,53,285023
40875,0.001423,172.31.46.0-255,66,98455,53,285023
40876,0.001427,172.217.194.0-255,2902,101357,53,285023
40877,0.001429,172.31.46.0-255,66,101423,53,285023
40878,0.001431,172.217.194.0-255,1484,102907,53,285023
40879,0.001452,172.217.194.0-255,2902,105809,53,285023
40880,0.001458,172.31.46.0-255,66,105875,53,285023
40881,0.001467,172.31.46.0-255,66,105941,53,285023
40882,0.001521,172.31.46.0-255,66,106007,53,285023
40883,0.002252,172.217.194.0-255,1484,107491,53,285023
40884,0.002258,172.217.194.0-255,2902,110393,53,285023
40885,0.002262,172.31.46.0-255,66,110459,53,285023
40886,0.002269,172.217.194.0-255,5738,116197,53,285023
40887,0.002271,172.31.46.0-255,66,116263,53,285023
40888,0.00234,172.31.46.0-255,66,116329,53,285023
40889,0.002344,172.217.194.0-255,1484,117813,53,285023
40890,0.002351,172.217.194.0-255,7156,124969,53,285023
40891,0.002353,172.31.46.0-255,66,125035,53,285023
40892,0.002389,172.217.194.0-255,2184,127219,53,285023
40893,0.002392,172.31.46.0-255,66,127285,53,285023
40894,0.004961,172.217.194.0-255,2902,130187,53,285023
40895,0.004969,172.31.46.0-255,66,130253,53,285023
40896,0.004996,172.217.194.0-255,2902,133155,53,285023
40897,0.004999,172.31.46.0-255,66,133221,53,285023
40898,0.007544,172.217.194.0-255,2902,136123,53,285023
40899,0.007549,172.31.46.0-255,66,136189,53,285023
40900,0.007598,172.217.194.0-255,2902,139091,53,285023
40901,0.0076,172.31.46.0-255,66,139157,53,285023
40902,0.010174,172.217.194.0-255,2902,142059,53,285023
40903,0.010183,172.31.46.0-255,66,142125,53,285023
40904,0.010193,172.217.194.0-255,2902,145027,53,285023
40905,0.010202,172.31.46.0-255,66,145093,53,285023
40906,0.01276,172.217.194.0-255,5738,150831,53,285023
40907,0.012768,172.31.46.0-255,66,150897,53,285023
40908,0.015331,172.217.194.0-255,5738,156635,53,285023
40909,0.01534,172.31.46.0-255,66,156701,53,285023
40910,0.017949,172.217.194.0-255,5738,162439,53,285023
40911,0.017961,172.31.46.0-255,66,162505,53,285023
40912,0.020569,172.217.194.0-255,5738,168243,53,285023
40913,0.020577,172.31.46.0-255,66,168309,53,285023
40914,0.023169,172.217.194.0-255,5738,174047,53,285023
40915,0.023175,172.31.46.0-255,66,174113,53,285023
40916,0.02576,172.217.194.0-255,5738,179851,53,285023
40917,0.025768,172.31.46.0-255,66,179917,53,285023
40918,0.027198,172.31.46.0-255,172,180089,53,285023
40919,0.027228,172.31.46.0-255,1111,181200,53,285023
40920,0.02729,172.31.46.0-255,1514,182714,53,285023
40921,0.027291,172.31.46.0-255,329,183043,53,285023
40922,0.028371,172.217.194.0-255,5738,188781,53,285023
40923,0.028377,172.31.46.0-255,66,188847,53,285023
40924,0.028763,104.244.42.0-255,66,188913,53,285023
40925,0.028794,104.244.42.0-255,66,188979,53,285023
40926,0.028861,104.244.42.0-255,66,189045,53,285023
40927,0.030975,172.217.194.0-255,5738,194783,53,285023
40928,0.03098,172.31.46.0-255,66,194849,53,285023
40929,0.033606,172.217.194.0-255,5738,200587,53,285023
40930,0.033613,172.31.46.0-255,66,200653,53,285023
40931,0.036232,172.217.194.0-255,5738,206391,53,285023
40932,0.03624,172.31.46.0-255,66,206457,53,285023
40933,0.038817,172.217.194.0-255,5738,212195,53,285023
40934,0.038822,172.31.46.0-255,66,212261,53,285023
40935,0.041418,172.217.194.0-255,5738,217999,53,285023
40936,0.041425,172.31.46.0-255,66,218065,53,285023
40937,0.044044,172.217.194.0-255,5738,223803,53,285023
40938,0.044049,172.31.46.0-255,66,223869,53,285023
40939,0.046641,172.217.194.0-255,5738,229607,53,285023
40940,0.046649,172.31.46.0-255,66,229673,53,285023
40941,0.04927,172.217.194.0-255,5738,235411,53,285023
40942,0.049276,172.31.46.0-255,66,235477,53,285023
40943,0.051871,172.217.194.0-255,5738,241215,53,285023
40944,0.051877,172.31.46.0-255,66,241281,53,285023
40945,0.05446,172.217.194.0-255,5738,247019,53,285023
40946,0.054466,172.31.46.0-255,66,247085,53,285023
40947,0.057045,172.217.194.0-255,5738,252823,53,285023
40948,0.057051,172.31.46.0-255,66,252889,53,285023
40949,0.059696,172.217.194.0-255,5738,258627,53,285023
40950,0.059702,172.31.46.0-255,66,258693,53,285023
40951,0.062353,172.217.194.0-255,5738,264431,53,285023
40952,0.062359,172.31.46.0-255,66,264497,53,285023
40953,0.065,172.217.194.0-255,5738,270235,53,285023
40954,0.065007,172.31.46.0-255,66,270301,53,285023
40955,0.067623,172.217.194.0-255,5738,276039,53,285023
40956,0.067629,172.31.46.0-255,66,276105,53,285023
40957,0.070202,172.217.194.0-255,5738,281843,53,285023
40958,0.070207,172.31.46.0-255,66,281909,53,285023
40959,0.072772,172.217.194.0-255,2877,284786,53,285023
40960,0.072778,172.31.46.0-255,66,284852,53,285023
40961,0.072922,172.31.46.0-255,105,284957,53,285023
40962,0.075463,172.217.194.0-255,66,285023,53,285023
40963,0.0,74.125.24.0-255,148,148,53,297493
40964,2.2e-05,172.31.46.0-255,66,214,53,297493
40965,2.9e-05,74.125.24.0-255,1484,1698,53,297493
40966,3.4e-05,172.31.46.0-255,66,1764,53,297493
40967,4e-05,74.125.24.0-255,2902,4666,53,297493
40968,4.3e-05,172.31.46.0-255,66,4732,53,297493
40969,5.1e-05,74.125.24.0-255,7156,11888,53,297493
40970,5.5e-05,172.31.46.0-255,66,11954,53,297493
40971,6.6e-05,172.31.46.0-255,66,12020,53,297493
40972,9e-05,74.125.24.0-255,4320,16340,53,297493
40973,9.3e-05,172.31.46.0-255,66,16406,53,297493
40974,0.000116,74.125.24.0-255,4320,20726,53,297493
40975,0.000119,172.31.46.0-255,66,20792,53,297493
40976,0.000125,74.125.24.0-255,5738,26530,53,297493
40977,0.000128,172.31.46.0-255,66,26596,53,297493
40978,0.000188,172.31.46.0-255,66,26662,53,297493
40979,0.000203,172.31.46.0-255,66,26728,53,297493
40980,0.000218,74.125.24.0-255,1484,28212,53,297493
40981,0.00022,172.31.46.0-255,66,28278,53,297493
40982,0.000225,74.125.24.0-255,2815,31093,53,297493
40983,0.000227,172.31.46.0-255,66,31159,53,297493
40984,0.001032,74.125.24.0-255,1484,32643,53,297493
40985,0.001038,172.31.46.0-255,66,32709,53,297493
40986,0.001047,74.125.24.0-255,2902,35611,53,297493
40987,0.00105,172.31.46.0-255,66,35677,53,297493
40988,0.001054,74.125.24.0-255,1484,37161,53,297493
40989,0.001056,172.31.46.0-255,66,37227,53,297493
40990,0.001078,74.125.24.0-255,2902,40129,53,297493
40991,0.001081,172.31.46.0-255,66,40195,53,297493
40992,0.001087,74.125.24.0-255,4320,44515,53,297493
40993,0.001089,172.31.46.0-255,66,44581,53,297493
40994,0.001119,74.125.24.0-255,1484,46065,53,297493
40995,0.001136,172.31.46.0-255,66,46131,53,297493
40996,0.001155,74.125.24.0-255,4320,50451,53,297493
40997,0.001157,172.31.46.0-255,66,50517,53,297493
40998,0.001208,172.31.46.0-255,66,50583,53,297493
40999,0.001221,172.31.46.0-255,66,50649,53,297493
41000,0.001228,74.125.24.0-255,7156,57805,53,297493
41001,0.001245,74.125.24.0-255,2184,59989,53,297493
41002,0.006705,172.31.46.0-255,66,60055,53,297493
41003,0.009036,74.125.24.0-255,5738,65793,53,297493
41004,0.009044,172.31.46.0-255,66,65859,53,297493
41005,0.011344,74.125.24.0-255,5738,71597,53,297493
41006,0.011351,172.31.46.0-255,66,71663,53,297493
41007,0.013693,74.125.24.0-255,5738,77401,53,297493
41008,0.013702,172.31.46.0-255,66,77467,53,297493
41009,0.016021,74.125.24.0-255,5738,83205,53,297493
41010,0.016029,172.31.46.0-255,66,83271,53,297493
41011,0.018345,74.125.24.0-255,5738,89009,53,297493
41012,0.018352,172.31.46.0-255,66,89075,53,297493
41013,0.020654,74.125.24.0-255,5738,94813,53,297493
41014,0.020662,172.31.46.0-255,66,94879,53,297493
41015,0.022967,74.125.24.0-255,5738,100617,53,297493
41016,0.022973,172.31.46.0-255,66,100683,53,297493
41017,0.024407,172.31.46.0-255,172,100855,53,297493
41018,0.024437,172.31.46.0-255,1111,101966,53,297493
41019,0.02449,172.31.46.0-255,1514,103480,53,297493
41020,0.024491,172.31.46.0-255,1514,104994,53,297493
41021,0.024492,172.31.46.0-255,703,105697,53,297493
41022,0.025287,74.125.24.0-255,5738,111435,53,297493
41023,0.025294,172.31.46.0-255,66,111501,53,297493
41024,0.025913,104.244.42.0-255,66,111567,53,297493
41025,0.025963,104.244.42.0-255,66,111633,53,297493
41026,0.026074,104.244.42.0-255,66,111699,53,297493
41027,0.02608,104.244.42.0-255,66,111765,53,297493
41028,0.027624,74.125.24.0-255,5738,117503,53,297493
41029,0.027631,172.31.46.0-255,66,117569,53,297493
41030,0.029932,74.125.24.0-255,5738,123307,53,297493
41031,0.029939,172.31.46.0-255,66,123373,53,297493
41032,0.032267,74.125.24.0-255,5738,129111,53,297493
41033,0.032274,172.31.46.0-255,66,129177,53,297493
41034,0.034595,74.125.24.0-255,5738,134915,53,297493
41035,0.034602,172.31.46.0-255,66,134981,53,297493
41036,0.036909,74.125.24.0-255,5738,140719,53,297493
41037,0.036916,172.31.46.0-255,66,140785,53,297493
41038,0.039258,74.125.24.0-255,5738,146523,53,297493
41039,0.039268,172.31.46.0-255,66,146589,53,297493
41040,0.041605,74.125.24.0-255,5738,152327,53,297493
41041,0.041614,172.31.46.0-255,66,152393,53,297493
41042,0.043928,74.125.24.0-255,5738,158131,53,297493
41043,0.043933,172.31.46.0-255,66,158197,53,297493
41044,0.046248,74.125.24.0-255,5738,163935,53,297493
41045,0.046254,172.31.46.0-255,66,164001,53,297493
41046,0.04859,74.125.24.0-255,5738,169739,53,297493
41047,0.048595,172.31.46.0-255,66,169805,53,297493
41048,0.050918,74.125.24.0-255,5738,175543,53,297493
41049,0.050923,172.31.46.0-255,66,175609,53,297493
41050,0.053225,74.125.24.0-255,5738,181347,53,297493
41051,0.053231,172.31.46.0-255,66,181413,53,297493
41052,0.055549,74.125.24.0-255,5738,187151,53,297493
41053,0.055555,172.31.46.0-255,66,187217,53,297493
41054,0.057861,74.125.24.0-255,5738,192955,53,297493
41055,0.057868,172.31.46.0-255,66,193021,53,297493
41056,0.06017,74.125.24.0-255,5738,198759,53,297493
41057,0.060176,172.31.46.0-255,66,198825,53,297493
41058,0.062508,74.125.24.0-255,5738,204563,53,297493
41059,0.062514,172.31.46.0-255,66,204629,53,297493
41060,0.064829,74.125.24.0-255,5738,210367,53,297493
41061,0.064835,172.31.46.0-255,66,210433,53,297493
41062,0.067162,74.125.24.0-255,5738,216171,53,297493
41063,0.06717,172.31.46.0-255,66,216237,53,297493
41064,0.069519,74.125.24.0-255,5738,221975,53,297493
41065,0.069531,172.31.46.0-255,66,222041,53,297493
41066,0.071844,74.125.24.0-255,5738,227779,53,297493
41067,0.071852,172.31.46.0-255,66,227845,53,297493
41068,0.07419,74.125.24.0-255,5738,233583,53,297493
41069,0.074201,172.31.46.0-255,66,233649,53,297493
41070,0.076524,74.125.24.0-255,5738,239387,53,297493
41071,0.076534,172.31.46.0-255,66,239453,53,297493
41072,0.078865,74.125.24.0-255,5738,245191,53,297493
41073,0.078874,172.31.46.0-255,66,245257,53,297493
41074,0.081188,74.125.24.0-255,5738,250995,53,297493
41075,0.081196,172.31.46.0-255,66,251061,53,297493
41076,0.083513,74.125.24.0-255,5738,256799,53,297493
41077,0.08352,172.31.46.0-255,66,256865,53,297493
41078,0.085832,74.125.24.0-255,5738,262603,53,297493
41079,0.085841,172.31.46.0-255,66,262669,53,297493
41080,0.088159,74.125.24.0-255,5738,268407,53,297493
41081,0.088167,172.31.46.0-255,66,268473,53,297493
41082,0.090485,74.125.24.0-255,5738,274211,53,297493
41083,0.090492,172.31.46.0-255,66,274277,53,297493
41084,0.09282,74.125.24.0-255,5738,280015,53,297493
41085,0.092828,172.31.46.0-255,66,280081,53,297493
41086,0.095152,74.125.24.0-255,5738,285819,53,297493
41087,0.095164,172.31.46.0-255,66,285885,53,297493
41088,0.097466,74.125.24.0-255,5738,291623,53,297493
41089,0.097473,172.31.46.0-255,66,291689,53,297493
41090,0.099784,74.125.24.0-255,5738,297427,53,297493
41091,0.099794,172.31.46.0-255,66,297493,53,297493
41092,0.0,172.217.194.0-255,153,153,53,202098
41093,1.6e-05,172.31.46.0-255,66,219,53,202098
41094,2.4e-05,172.217.194.0-255,1484,1703,53,202098
41095,2.8e-05,172.31.46.0-255,66,1769,53,202098
41096,3.5e-05,172.217.194.0-255,2902,4671,53,202098
41097,3.8e-05,172.31.46.0-255,66,4737,53,202098
41098,4.6e-05,172.217.194.0-255,7156,11893,53,202098
41099,5e-05,172.31.46.0-255,66,11959,53,202098
41100,5.5e-05,172.217.194.0-255,2902,14861,53,202098
41101,5.8e-05,172.31.46.0-255,66,14927,53,202098
41102,8.7e-05,172.217.194.0-255,4814,19741,53,202098
41103,9e-05,172.31.46.0-255,66,19807,53,202098
41104,9.7e-05,172.217.194.0-255,7156,26963,53,202098
41105,0.0001,172.31.46.0-255,66,27029,53,202098
41106,0.000122,172.217.194.0-255,3961,30990,53,202098
41107,0.000124,172.31.46.0-255,66,31056,53,202098
41108,0.000147,172.217.194.0-255,1484,32540,53,202098
41109,0.00015,172.31.46.0-255,66,32606,53,202098
41110,0.000154,172.217.194.0-255,2902,35508,53,202098
41111,0.000157,172.31.46.0-255,66,35574,53,202098
41112,0.00019,172.217.194.0-255,5738,41312,53,202098
41113,0.000193,172.217.194.0-255,1484,42796,53,202098
41114,0.000197,172.31.46.0-255,66,42862,53,202098
41115,0.000204,172.31.46.0-255,66,42928,53,202098
41116,0.000212,172.217.194.0-255,5738,48666,53,202098
41117,0.000214,172.31.46.0-255,66,48732,53,202098
41118,0.000237,172.217.194.0-255,3961,52693,53,202098
41119,0.000239,172.31.46.0-255,66,52759,53,202098
41120,0.000254,172.217.194.0-255,5738,58497,53,202098
41121,0.000256,172.31.46.0-255,66,58563,53,202098
41122,0.000282,172.217.194.0-255,7049,65612,53,202098
41123,0.000285,172.31.46.0-255,66,65678,53,202098
41124,0.000288,172.217.194.0-255,434,66112,53,202098
41125,0.000448,172.217.194.0-255,1484,67596,53,202098
41126,0.000453,172.31.46.0-255,66,67662,53,202098
41127,0.000459,172.217.194.0-255,2902,70564,53,202098
41128,0.000462,172.31.46.0-255,66,70630,53,202098
41129,0.000468,172.217.194.0-255,5738,76368,53,202098
41130,0.000471,172.31.46.0-255,66,76434,53,202098
41131,0.0005,172.217.194.0-255,6797,83231,53,202098
41132,0.000502,172.31.46.0-255,66,83297,53,202098
41133,0.000704,172.217.194.0-255,1484,84781,53,202098
41134,0.000712,172.217.194.0-255,2902,87683,53,202098
41135,0.000715,172.31.46.0-255,66,87749,53,202098
41136,0.000719,172.217.194.0-255,1484,89233,53,202098
41137,0.000738,172.217.194.0-255,4320,93553,53,202098
41138,0.000741,172.31.46.0-255,66,93619,53,202098
41139,0.000744,172.217.194.0-255,1484,95103,53,202098
41140,0.000767,172.217.194.0-255,5379,100482,53,202098
41141,0.00077,172.31.46.0-255,66,100548,53,202098
41142,0.000933,172.217.194.0-255,1484,102032,53,202098
41143,0.000937,172.217.194.0-255,1484,103516,53,202098
41144,0.00094,172.31.46.0-255,66,103582,53,202098
41145,0.000961,172.217.194.0-255,1484,105066,53,202098
41146,0.000968,172.217.194.0-255,5738,110804,53,202098
41147,0.000971,172.31.46.0-255,66,110870,53,202098
41148,0.000977,172.217.194.0-255,4320,115190,53,202098
41149,0.000979,172.31.46.0-255,66,115256,53,202098
41150,0.001004,172.31.46.0-255,66,115322,53,202098
41151,0.001061,172.31.46.0-255,66,115388,53,202098
41152,0.001092,172.31.46.0-255,66,115454,53,202098
41153,0.001111,172.31.46.0-255,66,115520,53,202098
41154,0.001121,172.31.46.0-255,66,115586,53,202098
41155,0.001191,172.217.194.0-255,1484,117070,53,202098
41156,0.001197,172.217.194.0-255,2902,119972,53,202098
41157,0.0012,172.31.46.0-255,66,120038,53,202098
41158,0.001226,172.217.194.0-255,5738,125776,53,202098
41159,0.001229,172.31.46.0-255,66,125842,53,202098
41160,0.001264,172.31.46.0-255,66,125908,53,202098
41161,0.001295,172.31.46.0-255,66,125974,53,202098
41162,0.00132,172.217.194.0-255,1484,127458,53,202098
41163,0.001347,172.31.46.0-255,66,127524,53,202098
41164,0.001362,172.31.46.0-255,66,127590,53,202098
41165,0.001367,172.217.194.0-255,2902,130492,53,202098
41166,0.001369,172.31.46.0-255,66,130558,53,202098
41167,0.001398,172.217.194.0-255,6438,136996,53,202098
41168,0.001401,172.31.46.0-255,66,137062,53,202098
41169,0.001411,172.31.46.0-255,66,137128,53,202098
41170,0.001442,172.217.194.0-255,1484,138612,53,202098
41171,0.001462,172.31.46.0-255,66,138678,53,202098
41172,0.001465,172.217.194.0-255,1484,140162,53,202098
41173,0.001492,172.31.46.0-255,66,140228,53,202098
41174,0.001543,172.31.46.0-255,66,140294,53,202098
41175,0.001556,172.31.46.0-255,66,140360,53,202098
41176,0.001571,172.217.194.0-255,2902,143262,53,202098
41177,0.001573,172.31.46.0-255,66,143328,53,202098
41178,0.001614,172.31.46.0-255,66,143394,53,202098
41179,0.001622,172.217.194.0-255,7156,150550,53,202098
41180,0.001624,172.31.46.0-255,66,150616,53,202098
41181,0.001645,172.31.46.0-255,66,150682,53,202098
41182,0.001658,172.31.46.0-255,66,150748,53,202098
41183,0.001711,172.217.194.0-255,6438,157186,53,202098
41184,0.001715,172.31.46.0-255,66,157252,53,202098
41185,0.00187,172.217.194.0-255,1484,158736,53,202098
41186,0.001888,172.217.194.0-255,2902,161638,53,202098
41187,0.001891,172.31.46.0-255,66,161704,53,202098
41188,0.001912,172.217.194.0-255,4320,166024,53,202098
41189,0.001915,172.31.46.0-255,66,166090,53,202098
41190,0.001919,172.217.194.0-255,2902,168992,53,202098
41191,0.001921,172.31.46.0-255,66,169058,53,202098
41192,0.001942,172.217.194.0-255,5738,174796,53,202098
41193,0.001944,172.31.46.0-255,66,174862,53,202098
41194,0.00196,172.217.194.0-255,4320,179182,53,202098
41195,0.001962,172.31.46.0-255,66,179248,53,202098
41196,0.001999,172.31.46.0-255,66,179314,53,202098
41197,0.002005,172.217.194.0-255,5738,185052,53,202098
41198,0.002007,172.31.46.0-255,66,185118,53,202098
41199,0.002013,172.217.194.0-255,4320,189438,53,202098
41200,0.002015,172.31.46.0-255,66,189504,53,202098
41201,0.002034,172.217.194.0-255,2902,192406,53,202098
41202,0.002037,172.31.46.0-255,66,192472,53,202098
41203,0.002052,172.217.194.0-255,3940,196412,53,202098
41204,0.002056,172.31.46.0-255,66,196478,53,202098
41205,0.002073,172.217.194.0-255,105,196583,53,202098
41206,0.008936,172.31.46.0-255,66,196649,53,202098
41207,0.008986,172.31.46.0-255,105,196754,53,202098
41208,0.011325,172.217.194.0-255,66,196820,53,202098
41209,0.032934,172.31.46.0-255,172,196992,53,202098
41210,0.032966,172.31.46.0-255,1111,198103,53,202098
41211,0.03303,172.31.46.0-255,1514,199617,53,202098
41212,0.033032,172.31.46.0-255,1514,201131,53,202098
41213,0.033058,172.31.46.0-255,703,201834,53,202098
41214,0.034499,104.244.42.0-255,66,201900,53,202098
41215,0.0347,104.244.42.0-255,66,201966,53,202098
41216,0.034729,104.244.42.0-255,66,202032,53,202098
41217,0.03475,104.244.42.0-255,66,202098,53,202098
41218,0.0,74.125.24.0-255,150,150,53,168190
41219,2.7e-05,172.31.46.0-255,66,216,53,168190
41220,3.4e-05,74.125.24.0-255,1484,1700,53,168190
41221,3.8e-05,172.31.46.0-255,66,1766,53,168190
41222,5.1e-05,74.125.24.0-255,2902,4668,53,168190
41223,5.5e-05,172.31.46.0-255,66,4734,53,168190
41224,6.1e-05,74.125.24.0-255,4320,9054,53,168190
41225,6.4e-05,172.31.46.0-255,66,9120,53,168190
41226,7e-05,74.125.24.0-255,4320,13440,53,168190
41227,7.2e-05,172.31.46.0-255,66,13506,53,168190
41228,9.8e-05,74.125.24.0-255,4911,18417,53,168190
41229,0.000101,172.31.46.0-255,66,18483,53,168190
41230,0.000114,172.31.46.0-255,66,18549,53,168190
41231,0.000139,74.125.24.0-255,1125,19674,53,168190
41232,0.000146,172.31.46.0-255,66,19740,53,168190
41233,0.000191,74.125.24.0-255,1484,21224,53,168190
41234,0.000193,172.31.46.0-255,66,21290,53,168190
41235,0.000196,74.125.24.0-255,1484,22774,53,168190
41236,0.000199,172.31.46.0-255,66,22840,53,168190
41237,0.000226,74.125.24.0-255,1484,24324,53,168190
41238,0.000228,172.31.46.0-255,66,24390,53,168190
41239,0.000236,74.125.24.0-255,5738,30128,53,168190
41240,0.000238,172.31.46.0-255,66,30194,53,168190
41241,0.00025,74.125.24.0-255,5738,35932,53,168190
41242,0.000252,172.31.46.0-255,66,35998,53,168190
41243,0.000279,74.125.24.0-255,5738,41736,53,168190
41244,0.000282,172.31.46.0-255,66,41802,53,168190
41245,0.000322,172.31.46.0-255,66,41868,53,168190
41246,0.000328,74.125.24.0-255,4269,46137,53,168190
41247,0.00033,172.31.46.0-255,66,46203,53,168190
41248,0.000333,74.125.24.0-255,380,46583,53,168190
41249,0.000524,74.125.24.0-255,1484,48067,53,168190
41250,0.000531,172.31.46.0-255,66,48133,53,168190
41251,0.000537,74.125.24.0-255,2902,51035,53,168190
41252,0.000539,172.31.46.0-255,66,51101,53,168190
41253,0.000548,74.125.24.0-255,2902,54003,53,168190
41254,0.000551,172.31.46.0-255,66,54069,53,168190
41255,0.000577,74.125.24.0-255,2902,56971,53,168190
41256,0.00058,172.31.46.0-255,66,57037,53,168190
41257,0.000594,172.31.46.0-255,66,57103,53,168190
41258,0.000635,74.125.24.0-255,7156,64259,53,168190
41259,0.000638,172.31.46.0-255,66,64325,53,168190
41260,0.000667,74.125.24.0-255,3602,67927,53,168190
41261,0.00067,172.31.46.0-255,66,67993,53,168190
41262,0.000728,74.125.24.0-255,1484,69477,53,168190
41263,0.000733,74.125.24.0-255,2902,72379,53,168190
41264,0.000736,172.31.46.0-255,66,72445,53,168190
41265,0.00074,74.125.24.0-255,1484,73929,53,168190
41266,0.000765,74.125.24.0-255,4320,78249,53,168190
41267,0.000768,172.31.46.0-255,66,78315,53,168190
41268,0.000775,74.125.24.0-255,7156,85471,53,168190
41269,0.000777,172.31.46.0-255,66,85537,53,168190
41270,0.000794,172.31.46.0-255,66,85603,53,168190
41271,0.000825,74.125.24.0-255,4320,89923,53,168190
41272,0.000828,74.125.24.0-255,2184,92107,53,168190
41273,0.000832,172.31.46.0-255,66,92173,53,168190
41274,0.000835,172.31.46.0-255,66,92239,53,168190
41275,0.001523,74.125.24.0-255,1484,93723,53,168190
41276,0.001529,74.125.24.0-255,2902,96625,53,168190
41277,0.001532,172.31.46.0-255,66,96691,53,168190
41278,0.001536,74.125.24.0-255,1484,98175,53,168190
41279,0.001561,74.125.24.0-255,4320,102495,53,168190
41280,0.001563,172.31.46.0-255,66,102561,53,168190
41281,0.001568,74.125.24.0-255,4320,106881,53,168190
41282,0.00157,172.31.46.0-255,66,106947,53,168190
41283,0.001601,172.31.46.0-255,66,107013,53,168190
41284,0.00161,172.31.46.0-255,66,107079,53,168190
41285,0.00197,74.125.24.0-255,1484,108563,53,168190
41286,0.001975,74.125.24.0-255,1484,110047,53,168190
41287,0.001978,172.31.46.0-255,66,110113,53,168190
41288,0.002,74.125.24.0-255,1484,111597,53,168190
41289,0.002007,74.125.24.0-255,5738,117335,53,168190
41290,0.002008,172.31.46.0-255,66,117401,53,168190
41291,0.002014,74.125.24.0-255,5738,123139,53,168190
41292,0.002016,172.31.46.0-255,66,123205,53,168190
41293,0.002045,74.125.24.0-255,5738,128943,53,168190
41294,0.002048,172.31.46.0-255,66,129009,53,168190
41295,0.00207,74.125.24.0-255,7156,136165,53,168190
41296,0.002072,172.31.46.0-255,66,136231,53,168190
41297,0.002083,172.31.46.0-255,66,136297,53,168190
41298,0.002108,74.125.24.0-255,766,137063,53,168190
41299,0.00212,172.31.46.0-255,66,137129,53,168190
41300,0.002138,172.31.46.0-255,66,137195,53,168190
41301,0.002165,74.125.24.0-255,4320,141515,53,168190
41302,0.002167,172.31.46.0-255,66,141581,53,168190
41303,0.002191,74.125.24.0-255,5738,147319,53,168190
41304,0.002195,172.31.46.0-255,66,147385,53,168190
41305,0.002203,74.125.24.0-255,2902,150287,53,168190
41306,0.002205,172.31.46.0-255,66,150353,53,168190
41307,0.002218,74.125.24.0-255,4320,154673,53,168190
41308,0.00222,172.31.46.0-255,66,154739,53,168190
41309,0.002255,172.31.46.0-255,66,154805,53,168190
41310,0.002264,172.31.46.0-255,66,154871,53,168190
41311,0.002279,172.31.46.0-255,66,154937,53,168190
41312,0.002292,172.31.46.0-255,66,155003,53,168190
41313,0.002328,172.31.46.0-255,66,155069,53,168190
41314,0.002362,74.125.24.0-255,2184,157253,53,168190
41315,0.002364,172.31.46.0-255,66,157319,53,168190
41316,0.002381,172.31.46.0-255,66,157385,53,168190
41317,0.002396,172.31.46.0-255,66,157451,53,168190
41318,0.002432,172.31.46.0-255,66,157517,53,168190
41319,0.002453,172.31.46.0-255,66,157583,53,168190
41320,0.002479,74.125.24.0-255,6438,164021,53,168190
41321,0.002482,172.31.46.0-255,66,164087,53,168190
41322,0.002495,172.31.46.0-255,66,164153,53,168190
41323,0.00252,74.125.24.0-255,2251,166404,53,168190
41324,0.002522,172.31.46.0-255,66,166470,53,168190
41325,0.002525,74.125.24.0-255,105,166575,53,168190
41326,0.009597,172.31.46.0-255,66,166641,53,168190
41327,0.009632,172.31.46.0-255,105,166746,53,168190
41328,0.012217,74.125.24.0-255,66,166812,53,168190
41329,0.042119,172.31.46.0-255,172,166984,53,168190
41330,0.042149,172.31.46.0-255,1074,168058,53,168190
41331,0.043622,104.244.42.0-255,66,168124,53,168190
41332,0.043642,104.244.42.0-255,66,168190,53,168190
41333,0.0,172.217.194.0-255,66,66,53,66
41334,0.0,172.217.194.0-255,153,153,53,183897
41335,2.3e-05,172.31.46.0-255,66,219,53,183897
41336,3e-05,172.217.194.0-255,1484,1703,53,183897
41337,3.4e-05,172.31.46.0-255,66,1769,53,183897
41338,4e-05,172.217.194.0-255,2902,4671,53,183897
41339,5.1e-05,172.31.46.0-255,66,4737,53,183897
41340,6e-05,172.217.194.0-255,7156,11893,53,183897
41341,6.2e-05,172.31.46.0-255,66,11959,53,183897
41342,6.6e-05,172.217.194.0-255,2094,14053,53,183897
41343,6.8e-05,172.31.46.0-255,66,14119,53,183897
41344,0.000125,172.31.46.0-255,66,14185,53,183897
41345,0.000163,172.217.194.0-255,1484,15669,53,183897
41346,0.000166,172.31.46.0-255,66,15735,53,183897
41347,0.000189,172.217.194.0-255,6797,22532,53,183897
41348,0.000192,172.31.46.0-255,66,22598,53,183897
41349,0.000202,172.31.46.0-255,66,22664,53,183897
41350,0.000205,172.217.194.0-255,1484,24148,53,183897
41351,0.000207,172.31.46.0-255,66,24214,53,183897
41352,0.00024,172.217.194.0-255,6797,31011,53,183897
41353,0.000243,172.31.46.0-255,66,31077,53,183897
41354,0.000285,172.31.46.0-255,66,31143,53,183897
41355,0.000306,172.217.194.0-255,4320,35463,53,183897
41356,0.000308,172.31.46.0-255,66,35529,53,183897
41357,0.000311,172.217.194.0-255,1466,36995,53,183897
41358,0.000313,172.31.46.0-255,66,37061,53,183897
41359,0.000609,172.217.194.0-255,367,37428,53,183897
41360,0.000615,172.31.46.0-255,66,37494,53,183897
41361,0.000864,172.217.194.0-255,1484,38978,53,183897
41362,0.000869,172.31.46.0-255,66,39044,53,183897
41363,0.000874,172.217.194.0-255,2902,41946,53,183897
41364,0.000876,172.31.46.0-255,66,42012,53,183897
41365,0.000912,172.217.194.0-255,5738,47750,53,183897
41366,0.000915,172.31.46.0-255,66,47816,53,183897
41367,0.000944,172.217.194.0-255,1484,49300,53,183897
41368,0.000973,172.31.46.0-255,66,49366,53,183897
41369,0.000981,172.217.194.0-255,7156,56522,53,183897
41370,0.000984,172.31.46.0-255,66,56588,53,183897
41371,0.000998,172.217.194.0-255,2902,59490,53,183897
41372,0.001,172.31.46.0-255,66,59556,53,183897
41373,0.001011,172.217.194.0-255,3961,63517,53,183897
41374,0.001014,172.31.46.0-255,66,63583,53,183897
41375,0.00121,172.217.194.0-255,1484,65067,53,183897
41376,0.001217,172.217.194.0-255,2902,67969,53,183897
41377,0.00122,172.31.46.0-255,66,68035,53,183897
41378,0.001225,172.217.194.0-255,2902,70937,53,183897
41379,0.001227,172.31.46.0-255,66,71003,53,183897
41380,0.001252,172.217.194.0-255,2902,73905,53,183897
41381,0.001255,172.31.46.0-255,66,73971,53,183897
41382,0.001269,172.31.46.0-255,66,74037,53,183897
41383,0.001281,172.31.46.0-255,66,74103,53,183897
41384,0.001319,172.217.194.0-255,2902,77005,53,183897
41385,0.001322,172.31.46.0-255,66,77071,53,183897
41386,0.001352,172.217.194.0-255,2184,79255,53,183897
41387,0.001355,172.31.46.0-255,66,79321,53,183897
41388,0.001361,172.217.194.0-255,5738,85059,53,183897
41389,0.001363,172.31.46.0-255,66,85125,53,183897
41390,0.001412,172.31.46.0-255,66,85191,53,183897
41391,0.001424,172.31.46.0-255,66,85257,53,183897
41392,0.001426,172.217.194.0-255,766,86023,53,183897
41393,0.001453,172.217.194.0-255,1484,87507,53,183897
41394,0.001456,172.31.46.0-255,66,87573,53,183897
41395,0.001461,172.217.194.0-255,2902,90475,53,183897
41396,0.001463,172.31.46.0-255,66,90541,53,183897
41397,0.001469,172.217.194.0-255,5738,96279,53,183897
41398,0.001471,172.31.46.0-255,66,96345,53,183897
41399,0.001478,172.217.194.0-255,5738,102083,53,183897
41400,0.00148,172.31.46.0-255,66,102149,53,183897
41401,0.001523,172.217.194.0-255,5738,107887,53,183897
41402,0.001525,172.31.46.0-255,66,107953,53,183897
41403,0.001558,172.217.194.0-255,7156,115109,53,183897
41404,0.001561,172.31.46.0-255,66,115175,53,183897
41405,0.001568,172.217.194.0-255,5020,120195,53,183897
41406,0.00157,172.31.46.0-255,66,120261,53,183897
41407,0.001786,172.217.194.0-255,1484,121745,53,183897
41408,0.001793,172.217.194.0-255,2902,124647,53,183897
41409,0.001797,172.31.46.0-255,66,124713,53,183897
41410,0.001803,172.217.194.0-255,2902,127615,53,183897
41411,0.001805,172.31.46.0-255,66,127681,53,183897
41412,0.001833,172.217.194.0-255,2902,130583,53,183897
41413,0.001835,172.31.46.0-255,66,130649,53,183897
41414,0.001854,172.31.46.0-255,66,130715,53,183897
41415,0.001904,172.31.46.0-255,66,130781,53,183897
41416,0.001928,172.217.194.0-255,1484,132265,53,183897
41417,0.001933,172.217.194.0-255,2902,135167,53,183897
41418,0.001936,172.31.46.0-255,66,135233,53,183897
41419,0.001941,172.217.194.0-255,2902,138135,53,183897
41420,0.001943,172.31.46.0-255,66,138201,53,183897
41421,0.00197,172.217.194.0-255,2902,141103,53,183897
41422,0.001973,172.31.46.0-255,66,141169,53,183897
41423,0.001989,172.31.46.0-255,66,141235,53,183897
41424,0.002018,172.217.194.0-255,7156,148391,53,183897
41425,0.002021,172.31.46.0-255,66,148457,53,183897
41426,0.002052,172.31.46.0-255,66,148523,53,183897
41427,0.00208,172.217.194.0-255,1484,150007,53,183897
41428,0.002085,172.217.194.0-255,2902,152909,53,183897
41429,0.002087,172.31.46.0-255,66,152975,53,183897
41430,0.002094,172.217.194.0-255,5738,158713,53,183897
41431,0.002096,172.31.46.0-255,66,158779,53,183897
41432,0.0021,172.217.194.0-255,2902,161681,53,183897
41433,0.002102,172.31.46.0-255,66,161747,53,183897
41434,0.002145,172.31.46.0-255,66,161813,53,183897
41435,0.002157,172.31.46.0-255,66,161879,53,183897
41436,0.002177,172.217.194.0-255,766,162645,53,183897
41437,0.002203,172.217.194.0-255,1484,164129,53,183897
41438,0.002205,172.31.46.0-255,66,164195,53,183897
41439,0.002211,172.217.194.0-255,4320,168515,53,183897
41440,0.002213,172.31.46.0-255,66,168581,53,183897
41441,0.002216,172.217.194.0-255,1484,170065,53,183897
41442,0.002254,172.31.46.0-255,66,170131,53,183897
41443,0.002266,172.31.46.0-255,66,170197,53,183897
41444,0.002288,172.217.194.0-255,5738,175935,53,183897
41445,0.002291,172.31.46.0-255,66,176001,53,183897
41446,0.002345,172.31.46.0-255,66,176067,53,183897
41447,0.002366,172.31.46.0-255,66,176133,53,183897
41448,0.002407,172.217.194.0-255,2902,179035,53,183897
41449,0.00241,172.31.46.0-255,66,179101,53,183897
41450,0.002446,172.31.46.0-255,66,179167,53,183897
41451,0.002449,172.217.194.0-255,105,179272,53,183897
41452,0.003093,172.31.46.0-255,101,179373,53,183897
41453,0.004671,172.31.46.0-255,105,179478,53,183897
41454,0.005737,172.217.194.0-255,66,179544,53,183897
41455,0.00731,172.217.194.0-255,66,179610,53,183897
41456,0.037539,172.31.46.0-255,172,179782,53,183897
41457,0.037569,172.31.46.0-255,1112,180894,53,183897
41458,0.037624,172.31.46.0-255,1514,182408,53,183897
41459,0.037626,172.31.46.0-255,1291,183699,53,183897
41460,0.039111,104.244.42.0-255,66,183765,53,183897
41461,0.039301,104.244.42.0-255,66,183831,53,183897
41462,0.039337,104.244.42.0-255,66,183897,53,183897
41463,0.0,74.125.24.0-255,153,153,53,175615
41464,2.2e-05,172.31.46.0-255,66,219,53,175615
41465,3e-05,74.125.24.0-255,1484,1703,53,175615
41466,3.5e-05,172.31.46.0-255,66,1769,53,175615
41467,4e-05,74.125.24.0-255,2902,4671,53,175615
41468,4.3e-05,172.31.46.0-255,66,4737,53,175615
41469,5.2e-05,74.125.24.0-255,7156,11893,53,175615
41470,5.5e-05,172.31.46.0-255,66,11959,53,175615
41471,5.9e-05,74.125.24.0-255,2118,14077,53,175615
41472,6.3e-05,172.31.46.0-255,66,14143,53,175615
41473,7.7e-05,172.31.46.0-255,66,14209,53,175615
41474,0.000104,74.125.24.0-255,1484,15693,53,175615
41475,0.000107,172.31.46.0-255,66,15759,53,175615
41476,0.000114,74.125.24.0-255,5379,21138,53,175615
41477,0.000116,172.31.46.0-255,66,21204,53,175615
41478,0.000166,74.125.24.0-255,1484,22688,53,175615
41479,0.000168,172.31.46.0-255,66,22754,53,175615
41480,0.000189,74.125.24.0-255,2902,25656,53,175615
41481,0.000191,172.31.46.0-255,66,25722,53,175615
41482,0.000197,74.125.24.0-255,5738,31460,53,175615
41483,0.0002,172.31.46.0-255,66,31526,53,175615
41484,0.000202,74.125.24.0-255,1484,33010,53,175615
41485,0.000205,172.31.46.0-255,66,33076,53,175615
41486,0.000243,172.31.46.0-255,66,33142,53,175615
41487,0.00025,74.125.24.0-255,7156,40298,53,175615
41488,0.000253,172.31.46.0-255,66,40364,53,175615
41489,0.000272,74.125.24.0-255,5379,45743,53,175615
41490,0.000274,172.31.46.0-255,66,45809,53,175615
41491,0.001362,74.125.24.0-255,646,46455,53,175615
41492,0.001369,172.31.46.0-255,66,46521,53,175615
41493,0.001385,74.125.24.0-255,1484,48005,53,175615
41494,0.001408,74.125.24.0-255,4320,52325,53,175615
41495,0.00141,172.31.46.0-255,66,52391,53,175615
41496,0.001416,74.125.24.0-255,5738,58129,53,175615
41497,0.001418,172.31.46.0-255,66,58195,53,175615
41498,0.001424,74.125.24.0-255,5738,63933,53,175615
41499,0.001426,172.31.46.0-255,66,63999,53,175615
41500,0.001449,74.125.24.0-255,1484,65483,53,175615
41501,0.00146,172.31.46.0-255,66,65549,53,175615
41502,0.001479,74.125.24.0-255,4320,69869,53,175615
41503,0.001481,172.31.46.0-255,66,69935,53,175615
41504,0.001484,74.125.24.0-255,766,70701,53,175615
41505,0.001652,74.125.24.0-255,1484,72185,53,175615
41506,0.001657,172.31.46.0-255,66,72251,53,175615
41507,0.001663,74.125.24.0-255,2902,75153,53,175615
41508,0.001665,172.31.46.0-255,66,75219,53,175615
41509,0.001669,74.125.24.0-255,2902,78121,53,175615
41510,0.001671,172.31.46.0-255,66,78187,53,175615
41511,0.001689,74.125.24.0-255,2902,81089,53,175615
41512,0.001691,172.31.46.0-255,66,81155,53,175615
41513,0.001701,172.31.46.0-255,66,81221,53,175615
41514,0.001733,74.125.24.0-255,2902,84123,53,175615
41515,0.001735,172.31.46.0-255,66,84189,53,175615
41516,0.001748,172.31.46.0-255,66,84255,53,175615
41517,0.001764,74.125.24.0-255,5738,89993,53,175615
41518,0.001766,172.31.46.0-255,66,90059,53,175615
41519,0.001798,172.31.46.0-255,66,90125,53,175615
41520,0.00181,172.31.46.0-255,66,90191,53,175615
41521,0.001854,172.31.46.0-255,66,90257,53,175615
41522,0.001912,172.31.46.0-255,66,90323,53,175615
41523,0.001944,172.31.46.0-255,66,90389,53,175615
41524,0.001961,172.31.46.0-255,66,90455,53,175615
41525,0.002005,172.31.46.0-255,66,90521,53,175615
41526,0.002072,172.31.46.0-255,66,90587,53,175615
41527,0.002092,74.125.24.0-255,766,91353,53,175615
41528,0.00211,172.31.46.0-255,66,91419,53,175615
41529,0.004112,74.125.24.0-255,5738,97157,53,175615
41530,0.004119,172.31.46.0-255,66,97223,53,175615
41531,0.006117,74.125.24.0-255,5738,102961,53,175615
41532,0.006126,172.31.46.0-255,66,103027,53,175615
41533,0.0081,74.125.24.0-255,5738,108765,53,175615
41534,0.008103,172.31.46.0-255,66,108831,53,175615
41535,0.010054,74.125.24.0-255,5738,114569,53,175615
41536,0.010061,172.31.46.0-255,66,114635,53,175615
41537,0.012073,74.125.24.0-255,5738,120373,53,175615
41538,0.012083,172.31.46.0-255,66,120439,53,175615
41539,0.014061,74.125.24.0-255,5738,126177,53,175615
41540,0.014069,172.31.46.0-255,66,126243,53,175615
41541,0.016045,74.125.24.0-255,5738,131981,53,175615
41542,0.016055,172.31.46.0-255,66,132047,53,175615
41543,0.01802,74.125.24.0-255,5738,137785,53,175615
41544,0.018035,172.31.46.0-255,66,137851,53,175615
41545,0.020047,74.125.24.0-255,5738,143589,53,175615
41546,0.020061,172.31.46.0-255,66,143655,53,175615
41547,0.022026,74.125.24.0-255,5738,149393,53,175615
41548,0.022039,172.31.46.0-255,66,149459,53,175615
41549,0.024049,74.125.24.0-255,5738,155197,53,175615
41550,0.024061,172.31.46.0-255,66,155263,53,175615
41551,0.026055,74.125.24.0-255,5738,161001,53,175615
41552,0.026069,172.31.46.0-255,66,161067,53,175615
41553,0.028087,74.125.24.0-255,5738,166805,53,175615
41554,0.028095,172.31.46.0-255,66,166871,53,175615
41555,0.030052,74.125.24.0-255,1168,168039,53,175615
41556,0.03025,172.31.46.0-255,66,168105,53,175615
41557,0.03029,172.31.46.0-255,105,168210,53,175615
41558,0.032248,74.125.24.0-255,66,168276,53,175615
41559,0.036486,172.31.46.0-255,176,168452,53,175615
41560,0.036525,172.31.46.0-255,1112,169564,53,175615
41561,0.03659,172.31.46.0-255,1514,171078,53,175615
41562,0.036592,172.31.46.0-255,1514,172592,53,175615
41563,0.036597,172.31.46.0-255,1514,174106,53,175615
41564,0.036598,172.31.46.0-255,1071,175177,53,175615
41565,0.038024,104.244.42.0-255,66,175243,53,175615
41566,0.038034,104.244.42.0-255,66,175309,53,175615
41567,0.038117,104.244.42.0-255,66,175375,53,175615
41568,0.038161,104.244.42.0-255,66,175441,53,175615
41569,0.038798,104.244.42.0-255,108,175549,53,175615
41570,0.038808,172.31.46.0-255,66,175615,53,175615
41571,0.0,172.217.160.0-255,298,298,53,292850
41572,1.4e-05,172.31.46.0-255,66,364,53,292850
41573,2.1e-05,172.217.160.0-255,1484,1848,53,292850
41574,2.5e-05,172.31.46.0-255,66,1914,53,292850
41575,3.2e-05,172.217.160.0-255,4320,6234,53,292850
41576,3.5e-05,172.31.46.0-255,66,6300,53,292850
41577,4.7e-05,172.31.46.0-255,66,6366,53,292850
41578,8.4e-05,172.31.46.0-255,66,6432,53,292850
41579,0.000104,172.217.160.0-255,1484,7916,53,292850
41580,0.000106,172.31.46.0-255,66,7982,53,292850
41581,0.000113,172.217.160.0-255,5379,13361,53,292850
41582,0.000115,172.31.46.0-255,66,13427,53,292850
41583,0.000143,172.217.160.0-255,5738,19165,53,292850
41584,0.000145,172.31.46.0-255,66,19231,53,292850
41585,0.000152,172.217.160.0-255,7156,26387,53,292850
41586,0.000155,172.31.46.0-255,66,26453,53,292850
41587,0.000182,172.217.160.0-255,3961,30414,53,292850
41588,0.000185,172.31.46.0-255,66,30480,53,292850
41589,0.000208,172.217.160.0-255,1484,31964,53,292850
41590,0.000211,172.31.46.0-255,66,32030,53,292850
41591,0.000215,172.217.160.0-255,2902,34932,53,292850
41592,0.000217,172.31.46.0-255,66,34998,53,292850
41593,0.000223,172.217.160.0-255,5738,40736,53,292850
41594,0.000226,172.31.46.0-255,66,40802,53,292850
41595,0.000259,172.217.160.0-255,4320,45122,53,292850
41596,0.000262,172.31.46.0-255,66,45188,53,292850
41597,0.000286,172.217.160.0-255,2543,47731,53,292850
41598,0.000289,172.31.46.0-255,66,47797,53,292850
41599,0.000292,172.217.160.0-255,341,48138,53,292850
41600,0.000294,172.31.46.0-255,66,48204,53,292850
41601,0.000984,172.217.160.0-255,122,48326,53,292850
41602,0.001103,172.31.46.0-255,66,48392,53,292850
41603,0.001127,172.217.160.0-255,1484,49876,53,292850
41604,0.001141,172.217.160.0-255,2902,52778,53,292850
41605,0.001145,172.31.46.0-255,66,52844,53,292850
41606,0.00115,172.217.160.0-255,2902,55746,53,292850
41607,0.001152,172.31.46.0-255,66,55812,53,292850
41608,0.001173,172.217.160.0-255,2902,58714,53,292850
41609,0.001175,172.31.46.0-255,66,58780,53,292850
41610,0.001189,172.31.46.0-255,66,58846,53,292850
41611,0.001268,172.217.160.0-255,2902,61748,53,292850
41612,0.001271,172.31.46.0-255,66,61814,53,292850
41613,0.001294,172.217.160.0-255,6797,68611,53,292850
41614,0.001296,172.31.46.0-255,66,68677,53,292850
41615,0.001321,172.217.160.0-255,1484,70161,53,292850
41616,0.001346,172.217.160.0-255,2902,73063,53,292850
41617,0.001348,172.31.46.0-255,66,73129,53,292850
41618,0.001355,172.217.160.0-255,5738,78867,53,292850
41619,0.001357,172.31.46.0-255,66,78933,53,292850
41620,0.001407,172.31.46.0-255,66,78999,53,292850
41621,0.001415,172.31.46.0-255,66,79065,53,292850
41622,0.001419,172.217.160.0-255,2184,81249,53,292850
41623,0.001421,172.31.46.0-255,66,81315,53,292850
41624,0.00144,172.217.160.0-255,5738,87053,53,292850
41625,0.001444,172.31.46.0-255,66,87119,53,292850
41626,0.001471,172.31.46.0-255,66,87185,53,292850
41627,0.001484,172.31.46.0-255,66,87251,53,292850
41628,0.001515,172.217.160.0-255,2902,90153,53,292850
41629,0.001517,172.31.46.0-255,66,90219,53,292850
41630,0.001523,172.217.160.0-255,3602,93821,53,292850
41631,0.001525,172.31.46.0-255,66,93887,53,292850
41632,0.001605,172.217.160.0-255,1484,95371,53,292850
41633,0.001611,172.217.160.0-255,2902,98273,53,292850
41634,0.001613,172.31.46.0-255,66,98339,53,292850
41635,0.001618,172.217.160.0-255,2902,101241,53,292850
41636,0.001621,172.31.46.0-255,66,101307,53,292850
41637,0.001635,172.217.160.0-255,2902,104209,53,292850
41638,0.001638,172.31.46.0-255,66,104275,53,292850
41639,0.001649,172.31.46.0-255,66,104341,53,292850
41640,0.001677,172.217.160.0-255,2902,107243,53,292850
41641,0.00168,172.31.46.0-255,66,107309,53,292850
41642,0.001692,172.31.46.0-255,66,107375,53,292850
41643,0.001744,172.217.160.0-255,766,108141,53,292850
41644,0.001808,172.217.160.0-255,1484,109625,53,292850
41645,0.001812,172.31.46.0-255,66,109691,53,292850
41646,0.001817,172.217.160.0-255,2902,112593,53,292850
41647,0.001818,172.31.46.0-255,66,112659,53,292850
41648,0.001822,172.217.160.0-255,2902,115561,53,292850
41649,0.001824,172.31.46.0-255,66,115627,53,292850
41650,0.001843,172.217.160.0-255,2902,118529,53,292850
41651,0.001845,172.31.46.0-255,66,118595,53,292850
41652,0.001855,172.31.46.0-255,66,118661,53,292850
41653,0.001877,172.217.160.0-255,4320,122981,53,292850
41654,0.001879,172.31.46.0-255,66,123047,53,292850
41655,0.001886,172.217.160.0-255,7156,130203,53,292850
41656,0.001888,172.31.46.0-255,66,130269,53,292850
41657,0.001891,172.217.160.0-255,1484,131753,53,292850
41658,0.001912,172.217.160.0-255,2184,133937,53,292850
41659,0.001914,172.31.46.0-255,66,134003,53,292850
41660,0.003774,172.217.160.0-255,1484,135487,53,292850
41661,0.003796,172.217.160.0-255,4320,139807,53,292850
41662,0.0038,172.31.46.0-255,66,139873,53,292850
41663,0.005707,172.217.160.0-255,5738,145611,53,292850
41664,0.005714,172.31.46.0-255,66,145677,53,292850
41665,0.007583,172.217.160.0-255,4320,149997,53,292850
41666,0.007586,172.31.46.0-255,66,150063,53,292850
41667,0.007605,172.217.160.0-255,1484,151547,53,292850
41668,0.009465,172.217.160.0-255,4320,155867,53,292850
41669,0.00947,172.31.46.0-255,66,155933,53,292850
41670,0.011356,172.217.160.0-255,5738,161671,53,292850
41671,0.011364,172.31.46.0-255,66,161737,53,292850
41672,0.013251,172.217.160.0-255,5738,167475,53,292850
41673,0.013258,172.31.46.0-255,66,167541,53,292850
41674,0.015142,172.217.160.0-255,5738,173279,53,292850
41675,0.015153,172.31.46.0-255,66,173345,53,292850
41676,0.017043,172.217.160.0-255,5738,179083,53,292850
41677,0.017051,172.31.46.0-255,66,179149,53,292850
41678,0.01893,172.217.160.0-255,4320,183469,53,292850
41679,0.018936,172.31.46.0-255,66,183535,53,292850
41680,0.018954,172.217.160.0-255,1484,185019,53,292850
41681,0.020846,172.217.160.0-255,4320,189339,53,292850
41682,0.020851,172.31.46.0-255,66,189405,53,292850
41683,0.022741,172.217.160.0-255,5738,195143,53,292850
41684,0.022749,172.31.46.0-255,66,195209,53,292850
41685,0.024634,172.217.160.0-255,5738,200947,53,292850
41686,0.024641,172.31.46.0-255,66,201013,53,292850
41687,0.026521,172.217.160.0-255,5738,206751,53,292850
41688,0.026527,172.31.46.0-255,66,206817,53,292850
41689,0.027532,172.31.46.0-255,172,206989,53,292850
41690,0.02756,172.31.46.0-255,1111,208100,53,292850
41691,0.02761,172.31.46.0-255,1514,209614,53,292850
41692,0.027611,172.31.46.0-255,1292,210906,53,292850
41693,0.028412,172.217.160.0-255,5738,216644,53,292850
41694,0.028418,172.31.46.0-255,66,216710,53,292850
41695,0.029057,104.244.42.0-255,66,216776,53,292850
41696,0.029092,104.244.42.0-255,66,216842,53,292850
41697,0.029136,104.244.42.0-255,66,216908,53,292850
41698,0.030297,172.217.160.0-255,5738,222646,53,292850
41699,0.030303,172.31.46.0-255,66,222712,53,292850
41700,0.032198,172.217.160.0-255,5738,228450,53,292850
41701,0.032206,172.31.46.0-255,66,228516,53,292850
41702,0.034096,172.217.160.0-255,5738,234254,53,292850
41703,0.034102,172.31.46.0-255,66,234320,53,292850
41704,0.035989,172.217.160.0-255,5738,240058,53,292850
41705,0.035994,172.31.46.0-255,66,240124,53,292850
41706,0.037885,172.217.160.0-255,5738,245862,53,292850
41707,0.037891,172.31.46.0-255,66,245928,53,292850
41708,0.039781,172.217.160.0-255,5738,251666,53,292850
41709,0.039787,172.31.46.0-255,66,251732,53,292850
41710,0.041681,172.217.160.0-255,5738,257470,53,292850
41711,0.041687,172.31.46.0-255,66,257536,53,292850
41712,0.043575,172.217.160.0-255,5738,263274,53,292850
41713,0.043581,172.31.46.0-255,66,263340,53,292850
41714,0.045469,172.217.160.0-255,5738,269078,53,292850
41715,0.045476,172.31.46.0-255,66,269144,53,292850
41716,0.047362,172.217.160.0-255,5738,274882,53,292850
41717,0.047368,172.31.46.0-255,66,274948,53,292850
41718,0.049259,172.217.160.0-255,5738,280686,53,292850
41719,0.049264,172.31.46.0-255,66,280752,53,292850
41720,0.051156,172.217.160.0-255,5738,286490,53,292850
41721,0.051163,172.31.46.0-255,66,286556,53,292850
41722,0.053046,172.217.160.0-255,5738,292294,53,292850
41723,0.053054,172.31.46.0-255,66,292360,53,292850
41724,0.054929,172.217.160.0-255,253,292613,53,292850
41725,0.055055,172.31.46.0-255,66,292679,53,292850
41726,0.05509,172.31.46.0-255,105,292784,53,292850
41727,0.056946,172.217.160.0-255,66,292850,53,292850
41728,0.0,74.125.24.0-255,146,146,53,179406
41729,2.3e-05,172.31.46.0-255,66,212,53,179406
41730,2.9e-05,74.125.24.0-255,1484,1696,53,179406
41731,3.4e-05,172.31.46.0-255,66,1762,53,179406
41732,4e-05,74.125.24.0-255,2902,4664,53,179406
41733,4.3e-05,172.31.46.0-255,66,4730,53,179406
41734,4.7e-05,74.125.24.0-255,2902,7632,53,179406
41735,5e-05,172.31.46.0-255,66,7698,53,179406
41736,5.5e-05,74.125.24.0-255,4320,12018,53,179406
41737,5.8e-05,172.31.46.0-255,66,12084,53,179406
41738,0.000112,172.31.46.0-255,66,12150,53,179406
41739,0.000127,74.125.24.0-255,4320,16470,53,179406
41740,0.000129,172.31.46.0-255,66,16536,53,179406
41741,0.000155,74.125.24.0-255,5379,21915,53,179406
41742,0.000158,172.31.46.0-255,66,21981,53,179406
41743,0.000261,74.125.24.0-255,1484,23465,53,179406
41744,0.000266,172.31.46.0-255,66,23531,53,179406
41745,0.000285,74.125.24.0-255,2902,26433,53,179406
41746,0.000286,172.31.46.0-255,66,26499,53,179406
41747,0.000291,74.125.24.0-255,4320,30819,53,179406
41748,0.000293,172.31.46.0-255,66,30885,53,179406
41749,0.000312,74.125.24.0-255,1484,32369,53,179406
41750,0.000314,172.31.46.0-255,66,32435,53,179406
41751,0.000317,74.125.24.0-255,1484,33919,53,179406
41752,0.000319,172.31.46.0-255,66,33985,53,179406
41753,0.000323,74.125.24.0-255,4320,38305,53,179406
41754,0.000325,172.31.46.0-255,66,38371,53,179406
41755,0.000345,74.125.24.0-255,4320,42691,53,179406
41756,0.000347,172.31.46.0-255,66,42757,53,179406
41757,0.000349,74.125.24.0-255,1484,44241,53,179406
41758,0.000351,172.31.46.0-255,66,44307,53,179406
41759,0.00038,172.31.46.0-255,66,44373,53,179406
41760,0.0004,74.125.24.0-255,2184,46557,53,179406
41761,0.000402,172.31.46.0-255,66,46623,53,179406
41762,0.000451,74.125.24.0-255,363,46986,53,179406
41763,0.000486,74.125.24.0-255,1484,48470,53,179406
41764,0.000489,172.31.46.0-255,66,48536,53,179406
41765,0.000519,74.125.24.0-255,2902,51438,53,179406
41766,0.000523,172.31.46.0-255,66,51504,53,179406
41767,0.000548,74.125.24.0-255,5738,57242,53,179406
41768,0.000552,172.31.46.0-255,66,57308,53,179406
41769,0.000558,74.125.24.0-255,5738,63046,53,179406
41770,0.00056,172.31.46.0-255,66,63112,53,179406
41771,0.000575,74.125.24.0-255,1418,64530,53,179406
41772,0.000692,74.125.24.0-255,1484,66014,53,179406
41773,0.000697,74.125.24.0-255,2902,68916,53,179406
41774,0.000702,172.31.46.0-255,66,68982,53,179406
41775,0.000706,172.31.46.0-255,66,69048,53,179406
41776,0.000724,74.125.24.0-255,5738,74786,53,179406
41777,0.000727,172.31.46.0-255,66,74852,53,179406
41778,0.00074,74.125.24.0-255,2902,77754,53,179406
41779,0.000743,172.31.46.0-255,66,77820,53,179406
41780,0.00077,172.31.46.0-255,66,77886,53,179406
41781,0.000782,172.31.46.0-255,66,77952,53,179406
41782,0.000805,74.125.24.0-255,2184,80136,53,179406
41783,0.000808,172.31.46.0-255,66,80202,53,179406
41784,0.001005,74.125.24.0-255,1484,81686,53,179406
41785,0.001012,74.125.24.0-255,2902,84588,53,179406
41786,0.001016,172.31.46.0-255,66,84654,53,179406
41787,0.001026,74.125.24.0-255,5738,90392,53,179406
41788,0.001028,172.31.46.0-255,66,90458,53,179406
41789,0.001083,172.31.46.0-255,66,90524,53,179406
41790,0.001096,172.31.46.0-255,66,90590,53,179406
41791,0.001117,74.125.24.0-255,2902,93492,53,179406
41792,0.00112,172.31.46.0-255,66,93558,53,179406
41793,0.001163,172.31.46.0-255,66,93624,53,179406
41794,0.001174,172.31.46.0-255,66,93690,53,179406
41795,0.001198,74.125.24.0-255,3602,97292,53,179406
41796,0.001201,172.31.46.0-255,66,97358,53,179406
41797,0.001254,74.125.24.0-255,1484,98842,53,179406
41798,0.001275,74.125.24.0-255,2902,101744,53,179406
41799,0.001279,172.31.46.0-255,66,101810,53,179406
41800,0.001286,74.125.24.0-255,5738,107548,53,179406
41801,0.001289,172.31.46.0-255,66,107614,53,179406
41802,0.001334,172.31.46.0-255,66,107680,53,179406
41803,0.001337,74.125.24.0-255,1484,109164,53,179406
41804,0.001369,74.125.24.0-255,1484,110648,53,179406
41805,0.001373,172.31.46.0-255,66,110714,53,179406
41806,0.001406,172.31.46.0-255,66,110780,53,179406
41807,0.001421,172.31.46.0-255,66,110846,53,179406
41808,0.001427,74.125.24.0-255,5738,116584,53,179406
41809,0.00143,172.31.46.0-255,66,116650,53,179406
41810,0.001455,74.125.24.0-255,5020,121670,53,179406
41811,0.001457,172.31.46.0-255,66,121736,53,179406
41812,0.001512,74.125.24.0-255,1484,123220,53,179406
41813,0.00152,74.125.24.0-255,2902,126122,53,179406
41814,0.001526,74.125.24.0-255,5738,131860,53,179406
41815,0.001537,172.31.46.0-255,66,131926,53,179406
41816,0.00154,172.31.46.0-255,66,131992,53,179406
41817,0.001553,172.31.46.0-255,66,132058,53,179406
41818,0.001578,74.125.24.0-255,1484,133542,53,179406
41819,0.001584,74.125.24.0-255,4320,137862,53,179406
41820,0.001587,172.31.46.0-255,66,137928,53,179406
41821,0.001606,74.125.24.0-255,6438,144366,53,179406
41822,0.00161,172.31.46.0-255,66,144432,53,179406
41823,0.001623,172.31.46.0-255,66,144498,53,179406
41824,0.001636,172.31.46.0-255,66,144564,53,179406
41825,0.001659,74.125.24.0-255,7156,151720,53,179406
41826,0.001662,172.31.46.0-255,66,151786,53,179406
41827,0.001692,172.31.46.0-255,66,151852,53,179406
41828,0.001699,74.125.24.0-255,7156,159008,53,179406
41829,0.001701,172.31.46.0-255,66,159074,53,179406
41830,0.001728,74.125.24.0-255,7156,166230,53,179406
41831,0.001731,172.31.46.0-255,66,166296,53,179406
41832,0.001764,172.31.46.0-255,66,166362,53,179406
41833,0.001774,172.31.46.0-255,66,166428,53,179406
41834,0.0018,172.31.46.0-255,66,166494,53,179406
41835,0.001809,172.31.46.0-255,66,166560,53,179406
41836,0.001827,74.125.24.0-255,2902,169462,53,179406
41837,0.00183,172.31.46.0-255,66,169528,53,179406
41838,0.001855,74.125.24.0-255,4191,173719,53,179406
41839,0.001859,172.31.46.0-255,66,173785,53,179406
41840,0.001862,74.125.24.0-255,105,173890,53,179406
41841,0.004563,172.31.46.0-255,66,173956,53,179406
41842,0.004618,172.31.46.0-255,105,174061,53,179406
41843,0.006622,74.125.24.0-255,66,174127,53,179406
41844,0.028595,172.31.46.0-255,172,174299,53,179406
41845,0.028626,172.31.46.0-255,1107,175406,53,179406
41846,0.028685,172.31.46.0-255,1514,176920,53,179406
41847,0.028688,172.31.46.0-255,1514,178434,53,179406
41848,0.02871,172.31.46.0-255,708,179142,53,179406
41849,0.030161,104.244.42.0-255,66,179208,53,179406
41850,0.0302,104.244.42.0-255,66,179274,53,179406
41851,0.030233,104.244.42.0-255,66,179340,53,179406
41852,0.030238,104.244.42.0-255,66,179406,53,179406
41853,0.0,74.125.68.0-255,153,153,53,360253
41854,2.2e-05,172.31.46.0-255,66,219,53,360253
41855,2.9e-05,74.125.68.0-255,1484,1703,53,360253
41856,3.4e-05,172.31.46.0-255,66,1769,53,360253
41857,4.8e-05,74.125.68.0-255,2902,4671,53,360253
41858,5e-05,172.31.46.0-255,66,4737,53,360253
41859,5.5e-05,74.125.68.0-255,2902,7639,53,360253
41860,5.9e-05,172.31.46.0-255,66,7705,53,360253
41861,6.6e-05,74.125.68.0-255,4320,12025,53,360253
41862,6.9e-05,172.31.46.0-255,66,12091,53,360253
41863,9.8e-05,74.125.68.0-255,2035,14126,53,360253
41864,0.000101,172.31.46.0-255,66,14192,53,360253
41865,0.000165,74.125.68.0-255,1484,15676,53,360253
41866,0.000168,172.31.46.0-255,66,15742,53,360253
41867,0.000173,74.125.68.0-255,2902,18644,53,360253
41868,0.000175,172.31.46.0-255,66,18710,53,360253
41869,0.000201,74.125.68.0-255,4320,23030,53,360253
41870,0.000204,172.31.46.0-255,66,23096,53,360253
41871,0.000233,74.125.68.0-255,5738,28834,53,360253
41872,0.000237,172.31.46.0-255,66,28900,53,360253
41873,0.000241,74.125.68.0-255,2543,31443,53,360253
41874,0.000243,172.31.46.0-255,66,31509,53,360253
41875,0.000274,74.125.68.0-255,2902,34411,53,360253
41876,0.000276,172.31.46.0-255,66,34477,53,360253
41877,0.000282,74.125.68.0-255,4320,38797,53,360253
41878,0.000285,172.31.46.0-255,66,38863,53,360253
41879,0.000313,74.125.68.0-255,2902,41765,53,360253
41880,0.000316,172.31.46.0-255,66,41831,53,360253
41881,0.000322,74.125.68.0-255,5738,47569,53,360253
41882,0.000324,172.31.46.0-255,66,47635,53,360253
41883,0.000349,74.125.68.0-255,1125,48760,53,360253
41884,0.000351,172.31.46.0-255,66,48826,53,360253
41885,0.000382,74.125.68.0-255,1484,50310,53,360253
41886,0.000395,74.125.68.0-255,1484,51794,53,360253
41887,0.000398,172.31.46.0-255,66,51860,53,360253
41888,0.000424,74.125.68.0-255,2902,54762,53,360253
41889,0.000427,172.31.46.0-255,66,54828,53,360253
41890,0.000431,74.125.68.0-255,1484,56312,53,360253
41891,0.000457,74.125.68.0-255,4320,60632,53,360253
41892,0.00046,172.31.46.0-255,66,60698,53,360253
41893,0.000466,74.125.68.0-255,5379,66077,53,360253
41894,0.000469,172.31.46.0-255,66,66143,53,360253
41895,0.000476,74.125.68.0-255,395,66538,53,360253
41896,0.000524,74.125.68.0-255,349,66887,53,360253
41897,0.000723,74.125.68.0-255,1484,68371,53,360253
41898,0.000729,172.31.46.0-255,66,68437,53,360253
41899,0.000736,74.125.68.0-255,2902,71339,53,360253
41900,0.000739,172.31.46.0-255,66,71405,53,360253
41901,0.000773,74.125.68.0-255,5738,77143,53,360253
41902,0.00078,74.125.68.0-255,7156,84299,53,360253
41903,0.000789,172.31.46.0-255,66,84365,53,360253
41904,0.000795,172.31.46.0-255,66,84431,53,360253
41905,0.000849,172.31.46.0-255,66,84497,53,360253
41906,0.000896,74.125.68.0-255,4320,88817,53,360253
41907,0.00091,74.125.68.0-255,2184,91001,53,360253
41908,0.000925,172.31.46.0-255,66,91067,53,360253
41909,0.000942,74.125.68.0-255,1484,92551,53,360253
41910,0.000945,74.125.68.0-255,1484,94035,53,360253
41911,0.000959,74.125.68.0-255,1484,95519,53,360253
41912,0.000977,74.125.68.0-255,2902,98421,53,360253
41913,0.000981,172.31.46.0-255,66,98487,53,360253
41914,0.001004,74.125.68.0-255,1484,99971,53,360253
41915,0.001019,74.125.68.0-255,5738,105709,53,360253
41916,0.001032,74.125.68.0-255,4320,110029,53,360253
41917,0.001043,74.125.68.0-255,2902,112931,53,360253
41918,0.00105,172.31.46.0-255,66,112997,53,360253
41919,0.001061,74.125.68.0-255,3602,116599,53,360253
41920,0.001095,172.31.46.0-255,66,116665,53,360253
41921,0.00164,74.125.68.0-255,1484,118149,53,360253
41922,0.001647,74.125.68.0-255,2902,121051,53,360253
41923,0.001651,172.31.46.0-255,66,121117,53,360253
41924,0.001665,74.125.68.0-255,1484,122601,53,360253
41925,0.001685,74.125.68.0-255,1484,124085,53,360253
41926,0.001688,172.31.46.0-255,66,124151,53,360253
41927,0.001694,74.125.68.0-255,4320,128471,53,360253
41928,0.001696,172.31.46.0-255,66,128537,53,360253
41929,0.001735,74.125.68.0-255,7156,135693,53,360253
41930,0.001739,74.125.68.0-255,1484,137177,53,360253
41931,0.001767,74.125.68.0-255,7156,144333,53,360253
41932,0.001771,74.125.68.0-255,2902,147235,53,360253
41933,0.00179,74.125.68.0-255,3602,150837,53,360253
41934,0.002138,74.125.68.0-255,1484,152321,53,360253
41935,0.002144,74.125.68.0-255,1484,153805,53,360253
41936,0.002154,74.125.68.0-255,1484,155289,53,360253
41937,0.002172,74.125.68.0-255,2902,158191,53,360253
41938,0.002176,74.125.68.0-255,2902,161093,53,360253
41939,0.00219,74.125.68.0-255,1484,162577,53,360253
41940,0.002224,74.125.68.0-255,4320,166897,53,360253
41941,0.00224,74.125.68.0-255,2902,169799,53,360253
41942,0.002257,74.125.68.0-255,2902,172701,53,360253
41943,0.002283,74.125.68.0-255,5020,177721,53,360253
41944,0.002288,74.125.68.0-255,4320,182041,53,360253
41945,0.002295,74.125.68.0-255,5738,187779,53,360253
41946,0.002323,74.125.68.0-255,5738,193517,53,360253
41947,0.002339,74.125.68.0-255,5738,199255,53,360253
41948,0.002376,74.125.68.0-255,4320,203575,53,360253
41949,0.002398,74.125.68.0-255,6438,210013,53,360253
41950,0.002421,74.125.68.0-255,1484,211497,53,360253
41951,0.00244,74.125.68.0-255,2902,214399,53,360253
41952,0.002455,74.125.68.0-255,1484,215883,53,360253
41953,0.002469,74.125.68.0-255,4320,220203,53,360253
41954,0.002474,74.125.68.0-255,2902,223105,53,360253
41955,0.002484,74.125.68.0-255,2902,226007,53,360253
41956,0.002496,74.125.68.0-255,1484,227491,53,360253
41957,0.002508,74.125.68.0-255,4320,231811,53,360253
41958,0.002527,74.125.68.0-255,4320,236131,53,360253
41959,0.006034,172.31.46.0-255,66,236197,53,360253
41960,0.008573,74.125.68.0-255,5738,241935,53,360253
41961,0.008582,172.31.46.0-255,66,242001,53,360253
41962,0.011151,74.125.68.0-255,5738,247739,53,360253
41963,0.011159,172.31.46.0-255,66,247805,53,360253
41964,0.013684,74.125.68.0-255,5738,253543,53,360253
41965,0.013692,172.31.46.0-255,66,253609,53,360253
41966,0.016219,74.125.68.0-255,5738,259347,53,360253
41967,0.016226,172.31.46.0-255,66,259413,53,360253
41968,0.018758,74.125.68.0-255,5738,265151,53,360253
41969,0.018766,172.31.46.0-255,66,265217,53,360253
41970,0.02131,74.125.68.0-255,5738,270955,53,360253
41971,0.021322,172.31.46.0-255,66,271021,53,360253
41972,0.023868,74.125.68.0-255,5738,276759,53,360253
41973,0.023878,172.31.46.0-255,66,276825,53,360253
41974,0.026434,74.125.68.0-255,5738,282563,53,360253
41975,0.026444,172.31.46.0-255,66,282629,53,360253
41976,0.028968,74.125.68.0-255,5738,288367,53,360253
41977,0.028978,172.31.46.0-255,66,288433,53,360253
41978,0.031509,74.125.68.0-255,5738,294171,53,360253
41979,0.031527,172.31.46.0-255,66,294237,53,360253
41980,0.034062,74.125.68.0-255,5738,299975,53,360253
41981,0.034076,172.31.46.0-255,66,300041,53,360253
41982,0.034274,172.31.46.0-255,172,300213,53,360253
41983,0.034309,172.31.46.0-255,1113,301326,53,360253
41984,0.034376,172.31.46.0-255,1514,302840,53,360253
41985,0.034377,172.31.46.0-255,1290,304130,53,360253
41986,0.035857,104.244.42.0-255,66,304196,53,360253
41987,0.036079,104.244.42.0-255,66,304262,53,360253
41988,0.036083,104.244.42.0-255,66,304328,53,360253
41989,0.036606,74.125.68.0-255,5738,310066,53,360253
41990,0.036616,172.31.46.0-255,66,310132,53,360253
41991,0.039145,74.125.68.0-255,5738,315870,53,360253
41992,0.039152,172.31.46.0-255,66,315936,53,360253
41993,0.041702,74.125.68.0-255,5738,321674,53,360253
41994,0.041716,172.31.46.0-255,66,321740,53,360253
41995,0.044259,74.125.68.0-255,5738,327478,53,360253
41996,0.044268,172.31.46.0-255,66,327544,53,360253
41997,0.046802,74.125.68.0-255,5738,333282,53,360253
41998,0.046811,172.31.46.0-255,66,333348,53,360253
41999,0.049345,74.125.68.0-255,5738,339086,53,360253
42000,0.049353,172.31.46.0-255,66,339152,53,360253
42001,0.051902,74.125.68.0-255,5738,344890,53,360253
42002,0.051909,172.31.46.0-255,66,344956,53,360253
42003,0.054444,74.125.68.0-255,5738,350694,53,360253
42004,0.054451,172.31.46.0-255,66,350760,53,360253
42005,0.056975,74.125.68.0-255,5738,356498,53,360253
42006,0.056982,172.31.46.0-255,66,356564,53,360253
42007,0.059523,74.125.68.0-255,3452,360016,53,360253
42008,0.05953,172.31.46.0-255,66,360082,53,360253
42009,0.059736,172.31.46.0-255,105,360187,53,360253
42010,0.062234,74.125.68.0-255,66,360253,53,360253
42011,0.0,74.125.24.0-255,153,153,53,252695
42012,1.3e-05,172.31.46.0-255,66,219,53,252695
42013,2e-05,74.125.24.0-255,1484,1703,53,252695
42014,2.5e-05,172.31.46.0-255,66,1769,53,252695
42015,3e-05,74.125.24.0-255,2902,4671,53,252695
42016,3.3e-05,172.31.46.0-255,66,4737,53,252695
42017,4e-05,74.125.24.0-255,4320,9057,53,252695
42018,4.3e-05,172.31.46.0-255,66,9123,53,252695
42019,6.3e-05,74.125.24.0-255,2902,12025,53,252695
42020,6.6e-05,172.31.46.0-255,66,12091,53,252695
42021,7.1e-05,74.125.24.0-255,2902,14993,53,252695
42022,7.4e-05,172.31.46.0-255,66,15059,53,252695
42023,0.000104,74.125.24.0-255,2043,17102,53,252695
42024,0.000106,172.31.46.0-255,66,17168,53,252695
42025,0.000113,74.125.24.0-255,5738,22906,53,252695
42026,0.000115,172.31.46.0-255,66,22972,53,252695
42027,0.000126,172.31.46.0-255,66,23038,53,252695
42028,0.000227,74.125.24.0-255,1484,24522,53,252695
42029,0.000231,172.31.46.0-255,66,24588,53,252695
42030,0.000248,74.125.24.0-255,1484,26072,53,252695
42031,0.00025,172.31.46.0-255,66,26138,53,252695
42032,0.000268,74.125.24.0-255,1484,27622,53,252695
42033,0.00027,172.31.46.0-255,66,27688,53,252695
42034,0.000276,74.125.24.0-255,5738,33426,53,252695
42035,0.000277,172.31.46.0-255,66,33492,53,252695
42036,0.000291,74.125.24.0-255,4320,37812,53,252695
42037,0.000293,172.31.46.0-255,66,37878,53,252695
42038,0.000308,74.125.24.0-255,2543,40421,53,252695
42039,0.00031,172.31.46.0-255,66,40487,53,252695
42040,0.000313,74.125.24.0-255,1484,41971,53,252695
42041,0.000314,172.31.46.0-255,66,42037,53,252695
42042,0.000348,74.125.24.0-255,5738,47775,53,252695
42043,0.000352,172.31.46.0-255,66,47841,53,252695
42044,0.000365,172.31.46.0-255,66,47907,53,252695
42045,0.000368,74.125.24.0-255,364,48271,53,252695
42046,0.000371,74.125.24.0-255,379,48650,53,252695
42047,0.000512,74.125.24.0-255,1484,50134,53,252695
42048,0.000517,172.31.46.0-255,66,50200,53,252695
42049,0.000541,74.125.24.0-255,2902,53102,53,252695
42050,0.000544,172.31.46.0-255,66,53168,53,252695
42051,0.000551,74.125.24.0-255,5738,58906,53,252695
42052,0.000553,172.31.46.0-255,66,58972,53,252695
42053,0.000583,74.125.24.0-255,6797,65769,53,252695
42054,0.000587,172.31.46.0-255,66,65835,53,252695
42055,0.000608,74.125.24.0-255,4320,70155,53,252695
42056,0.00061,172.31.46.0-255,66,70221,53,252695
42057,0.000624,74.125.24.0-255,2902,73123,53,252695
42058,0.000626,172.31.46.0-255,66,73189,53,252695
42059,0.000633,74.125.24.0-255,7156,80345,53,252695
42060,0.000635,172.31.46.0-255,66,80411,53,252695
42061,0.000657,74.125.24.0-255,2543,82954,53,252695
42062,0.00066,172.31.46.0-255,66,83020,53,252695
42063,0.001346,74.125.24.0-255,1484,84504,53,252695
42064,0.001354,74.125.24.0-255,2902,87406,53,252695
42065,0.001359,172.31.46.0-255,66,87472,53,252695
42066,0.001365,74.125.24.0-255,2902,90374,53,252695
42067,0.001367,172.31.46.0-255,66,90440,53,252695
42068,0.001383,74.125.24.0-255,2902,93342,53,252695
42069,0.001386,172.31.46.0-255,66,93408,53,252695
42070,0.001392,74.125.24.0-255,4320,97728,53,252695
42071,0.001394,172.31.46.0-255,66,97794,53,252695
42072,0.0014,74.125.24.0-255,5738,103532,53,252695
42073,0.001402,172.31.46.0-255,66,103598,53,252695
42074,0.001428,172.31.46.0-255,66,103664,53,252695
42075,0.001454,74.125.24.0-255,1484,105148,53,252695
42076,0.001458,74.125.24.0-255,2184,107332,53,252695
42077,0.001461,172.31.46.0-255,66,107398,53,252695
42078,0.001479,74.125.24.0-255,1484,108882,53,252695
42079,0.001498,74.125.24.0-255,2902,111784,53,252695
42080,0.001501,172.31.46.0-255,66,111850,53,252695
42081,0.001508,74.125.24.0-255,5738,117588,53,252695
42082,0.00151,172.31.46.0-255,66,117654,53,252695
42083,0.00157,172.31.46.0-255,66,117720,53,252695
42084,0.001588,74.125.24.0-255,2902,120622,53,252695
42085,0.001591,172.31.46.0-255,66,120688,53,252695
42086,0.001621,172.31.46.0-255,66,120754,53,252695
42087,0.001633,172.31.46.0-255,66,120820,53,252695
42088,0.001672,172.31.46.0-255,66,120886,53,252695
42089,0.001709,172.31.46.0-255,66,120952,53,252695
42090,0.001712,74.125.24.0-255,1484,122436,53,252695
42091,0.00173,74.125.24.0-255,2902,125338,53,252695
42092,0.001733,172.31.46.0-255,66,125404,53,252695
42093,0.001748,74.125.24.0-255,2902,128306,53,252695
42094,0.00175,172.31.46.0-255,66,128372,53,252695
42095,0.001774,74.125.24.0-255,1484,129856,53,252695
42096,0.001781,74.125.24.0-255,5738,135594,53,252695
42097,0.001783,172.31.46.0-255,66,135660,53,252695
42098,0.001788,74.125.24.0-255,2902,138562,53,252695
42099,0.00179,172.31.46.0-255,66,138628,53,252695
42100,0.001814,172.31.46.0-255,66,138694,53,252695
42101,0.001821,74.125.24.0-255,7156,145850,53,252695
42102,0.001824,172.31.46.0-255,66,145916,53,252695
42103,0.001846,74.125.24.0-255,766,146682,53,252695
42104,0.001894,74.125.24.0-255,1484,148166,53,252695
42105,0.001897,172.31.46.0-255,66,148232,53,252695
42106,0.001901,74.125.24.0-255,1484,149716,53,252695
42107,0.001919,74.125.24.0-255,1484,151200,53,252695
42108,0.001922,172.31.46.0-255,66,151266,53,252695
42109,0.001928,74.125.24.0-255,5738,157004,53,252695
42110,0.001931,172.31.46.0-255,66,157070,53,252695
42111,0.001934,74.125.24.0-255,1484,158554,53,252695
42112,0.001967,172.31.46.0-255,66,158620,53,252695
42113,0.001978,172.31.46.0-255,66,158686,53,252695
42114,0.002017,74.125.24.0-255,2902,161588,53,252695
42115,0.00202,172.31.46.0-255,66,161654,53,252695
42116,0.002061,172.31.46.0-255,66,161720,53,252695
42117,0.002073,172.31.46.0-255,66,161786,53,252695
42118,0.004352,74.125.24.0-255,5738,167524,53,252695
42119,0.004358,172.31.46.0-255,66,167590,53,252695
42120,0.006624,74.125.24.0-255,1484,169074,53,252695
42121,0.006648,74.125.24.0-255,4320,173394,53,252695
42122,0.006652,172.31.46.0-255,66,173460,53,252695
42123,0.008954,74.125.24.0-255,5738,179198,53,252695
42124,0.008961,172.31.46.0-255,66,179264,53,252695
42125,0.011259,74.125.24.0-255,5738,185002,53,252695
42126,0.011266,172.31.46.0-255,66,185068,53,252695
42127,0.013524,74.125.24.0-255,5738,190806,53,252695
42128,0.01353,172.31.46.0-255,66,190872,53,252695
42129,0.015805,74.125.24.0-255,5738,196610,53,252695
42130,0.015816,172.31.46.0-255,66,196676,53,252695
42131,0.018091,74.125.24.0-255,5738,202414,53,252695
42132,0.018101,172.31.46.0-255,66,202480,53,252695
42133,0.020383,74.125.24.0-255,5738,208218,53,252695
42134,0.020392,172.31.46.0-255,66,208284,53,252695
42135,0.022659,74.125.24.0-255,5738,214022,53,252695
42136,0.022666,172.31.46.0-255,66,214088,53,252695
42137,0.024944,74.125.24.0-255,5738,219826,53,252695
42138,0.024951,172.31.46.0-255,66,219892,53,252695
42139,0.02724,74.125.24.0-255,5738,225630,53,252695
42140,0.027248,172.31.46.0-255,66,225696,53,252695
42141,0.02952,74.125.24.0-255,5738,231434,53,252695
42142,0.029527,172.31.46.0-255,66,231500,53,252695
42143,0.031808,74.125.24.0-255,5738,237238,53,252695
42144,0.031817,172.31.46.0-255,66,237304,53,252695
42145,0.034083,74.125.24.0-255,5738,243042,53,252695
42146,0.03409,172.31.46.0-255,66,243108,53,252695
42147,0.034953,172.31.46.0-255,176,243284,53,252695
42148,0.034982,172.31.46.0-255,1074,244358,53,252695
42149,0.036365,74.125.24.0-255,5738,250096,53,252695
42150,0.036373,172.31.46.0-255,66,250162,53,252695
42151,0.036503,104.244.42.0-255,66,250228,53,252695
42152,0.036547,104.244.42.0-255,66,250294,53,252695
42153,0.038616,74.125.24.0-255,2164,252458,53,252695
42154,0.038625,172.31.46.0-255,66,252524,53,252695
42155,0.038812,172.31.46.0-255,105,252629,53,252695
42156,0.041051,74.125.24.0-255,66,252695,53,252695
42157,0.0,74.125.24.0-255,143,143,53,333804
42158,2.3e-05,172.31.46.0-255,66,209,53,333804
42159,3.1e-05,74.125.24.0-255,1484,1693,53,333804
42160,3.5e-05,172.31.46.0-255,66,1759,53,333804
42161,4.9e-05,74.125.24.0-255,2902,4661,53,333804
42162,5.3e-05,172.31.46.0-255,66,4727,53,333804
42163,6.2e-05,74.125.24.0-255,7156,11883,53,333804
42164,6.5e-05,172.31.46.0-255,66,11949,53,333804
42165,7e-05,74.125.24.0-255,2050,13999,53,333804
42166,7.3e-05,172.31.46.0-255,66,14065,53,333804
42167,0.001604,74.125.24.0-255,1484,15549,53,333804
42168,0.001612,172.31.46.0-255,66,15615,53,333804
42169,0.001622,74.125.24.0-255,2902,18517,53,333804
42170,0.00163,172.31.46.0-255,66,18583,53,333804
42171,0.001637,74.125.24.0-255,5738,24321,53,333804
42172,0.00164,172.31.46.0-255,66,24387,53,333804
42173,0.001645,74.125.24.0-255,4320,28707,53,333804
42174,0.001647,172.31.46.0-255,66,28773,53,333804
42175,0.001693,172.31.46.0-255,66,28839,53,333804
42176,0.0017,74.125.24.0-255,5738,34577,53,333804
42177,0.001702,172.31.46.0-255,66,34643,53,333804
42178,0.001727,74.125.24.0-255,5738,40381,53,333804
42179,0.00173,172.31.46.0-255,66,40447,53,333804
42180,0.001742,74.125.24.0-255,7156,47603,53,333804
42181,0.001745,172.31.46.0-255,66,47669,53,333804
42182,0.00177,74.125.24.0-255,5351,53020,53,333804
42183,0.001773,172.31.46.0-255,66,53086,53,333804
42184,0.003762,74.125.24.0-255,5738,58824,53,333804
42185,0.003769,172.31.46.0-255,66,58890,53,333804
42186,0.005761,74.125.24.0-255,2902,61792,53,333804
42187,0.00577,172.31.46.0-255,66,61858,53,333804
42188,0.005803,74.125.24.0-255,2902,64760,53,333804
42189,0.005807,172.31.46.0-255,66,64826,53,333804
42190,0.00778,74.125.24.0-255,2902,67728,53,333804
42191,0.007788,172.31.46.0-255,66,67794,53,333804
42192,0.00782,74.125.24.0-255,2902,70696,53,333804
42193,0.007823,172.31.46.0-255,66,70762,53,333804
42194,0.009755,74.125.24.0-255,2902,73664,53,333804
42195,0.009763,172.31.46.0-255,66,73730,53,333804
42196,0.009794,74.125.24.0-255,2902,76632,53,333804
42197,0.009797,172.31.46.0-255,66,76698,53,333804
42198,0.011754,74.125.24.0-255,2902,79600,53,333804
42199,0.011762,172.31.46.0-255,66,79666,53,333804
42200,0.011793,74.125.24.0-255,2902,82568,53,333804
42201,0.011796,172.31.46.0-255,66,82634,53,333804
42202,0.013765,74.125.24.0-255,2902,85536,53,333804
42203,0.013773,172.31.46.0-255,66,85602,53,333804
42204,0.013802,74.125.24.0-255,1484,87086,53,333804
42205,0.013821,74.125.24.0-255,1484,88570,53,333804
42206,0.013823,172.31.46.0-255,66,88636,53,333804
42207,0.015755,74.125.24.0-255,2902,91538,53,333804
42208,0.015762,172.31.46.0-255,66,91604,53,333804
42209,0.015791,74.125.24.0-255,2902,94506,53,333804
42210,0.015794,172.31.46.0-255,66,94572,53,333804
42211,0.016476,172.31.46.0-255,159,94731,53,333804
42212,0.016508,172.31.46.0-255,1121,95852,53,333804
42213,0.016563,172.31.46.0-255,1514,97366,53,333804
42214,0.016564,172.31.46.0-255,320,97686,53,333804
42215,0.017739,74.125.24.0-255,2902,100588,53,333804
42216,0.017746,172.31.46.0-255,66,100654,53,333804
42217,0.017813,74.125.24.0-255,2902,103556,53,333804
42218,0.017816,172.31.46.0-255,66,103622,53,333804
42219,0.018027,104.244.42.0-255,66,103688,53,333804
42220,0.018068,104.244.42.0-255,66,103754,53,333804
42221,0.018116,104.244.42.0-255,66,103820,53,333804
42222,0.019739,74.125.24.0-255,2902,106722,53,333804
42223,0.019746,172.31.46.0-255,66,106788,53,333804
42224,0.019814,74.125.24.0-255,2902,109690,53,333804
42225,0.019817,172.31.46.0-255,66,109756,53,333804
42226,0.02175,74.125.24.0-255,2902,112658,53,333804
42227,0.021756,172.31.46.0-255,66,112724,53,333804
42228,0.021798,74.125.24.0-255,2902,115626,53,333804
42229,0.021801,172.31.46.0-255,66,115692,53,333804
42230,0.023744,74.125.24.0-255,2902,118594,53,333804
42231,0.023751,172.31.46.0-255,66,118660,53,333804
42232,0.023793,74.125.24.0-255,2902,121562,53,333804
42233,0.023796,172.31.46.0-255,66,121628,53,333804
42234,0.025724,74.125.24.0-255,2902,124530,53,333804
42235,0.025731,172.31.46.0-255,66,124596,53,333804
42236,0.025792,74.125.24.0-255,2902,127498,53,333804
42237,0.025796,172.31.46.0-255,66,127564,53,333804
42238,0.027753,74.125.24.0-255,5738,133302,53,333804
42239,0.027761,172.31.46.0-255,66,133368,53,333804
42240,0.029742,74.125.24.0-255,5738,139106,53,333804
42241,0.029748,172.31.46.0-255,66,139172,53,333804
42242,0.031752,74.125.24.0-255,5738,144910,53,333804
42243,0.03176,172.31.46.0-255,66,144976,53,333804
42244,0.033746,74.125.24.0-255,5738,150714,53,333804
42245,0.033753,172.31.46.0-255,66,150780,53,333804
42246,0.035757,74.125.24.0-255,5738,156518,53,333804
42247,0.035764,172.31.46.0-255,66,156584,53,333804
42248,0.037749,74.125.24.0-255,5738,162322,53,333804
42249,0.037755,172.31.46.0-255,66,162388,53,333804
42250,0.03978,74.125.24.0-255,5738,168126,53,333804
42251,0.039787,172.31.46.0-255,66,168192,53,333804
42252,0.041786,74.125.24.0-255,5738,173930,53,333804
42253,0.041794,172.31.46.0-255,66,173996,53,333804
42254,0.043806,74.125.24.0-255,5738,179734,53,333804
42255,0.043812,172.31.46.0-255,66,179800,53,333804
42256,0.045835,74.125.24.0-255,5738,185538,53,333804
42257,0.045842,172.31.46.0-255,66,185604,53,333804
42258,0.047826,74.125.24.0-255,4320,189924,53,333804
42259,0.047832,172.31.46.0-255,66,189990,53,333804
42260,0.047859,74.125.24.0-255,1484,191474,53,333804
42261,0.049823,74.125.24.0-255,4320,195794,53,333804
42262,0.049831,172.31.46.0-255,66,195860,53,333804
42263,0.051835,74.125.24.0-255,4320,200180,53,333804
42264,0.051841,172.31.46.0-255,66,200246,53,333804
42265,0.051867,74.125.24.0-255,1484,201730,53,333804
42266,0.053839,74.125.24.0-255,4320,206050,53,333804
42267,0.053847,172.31.46.0-255,66,206116,53,333804
42268,0.055846,74.125.24.0-255,5738,211854,53,333804
42269,0.055853,172.31.46.0-255,66,211920,53,333804
42270,0.057834,74.125.24.0-255,5738,217658,53,333804
42271,0.057841,172.31.46.0-255,66,217724,53,333804
42272,0.059837,74.125.24.0-255,5738,223462,53,333804
42273,0.059844,172.31.46.0-255,66,223528,53,333804
42274,0.061855,74.125.24.0-255,5738,229266,53,333804
42275,0.061862,172.31.46.0-255,66,229332,53,333804
42276,0.063835,74.125.24.0-255,5738,235070,53,333804
42277,0.063843,172.31.46.0-255,66,235136,53,333804
42278,0.065831,74.125.24.0-255,5738,240874,53,333804
42279,0.065838,172.31.46.0-255,66,240940,53,333804
42280,0.067856,74.125.24.0-255,5738,246678,53,333804
42281,0.067863,172.31.46.0-255,66,246744,53,333804
42282,0.069865,74.125.24.0-255,5738,252482,53,333804
42283,0.069872,172.31.46.0-255,66,252548,53,333804
42284,0.071884,74.125.24.0-255,5738,258286,53,333804
42285,0.07189,172.31.46.0-255,66,258352,53,333804
42286,0.073893,74.125.24.0-255,5738,264090,53,333804
42287,0.0739,172.31.46.0-255,66,264156,53,333804
42288,0.075922,74.125.24.0-255,5738,269894,53,333804
42289,0.075928,172.31.46.0-255,66,269960,53,333804
42290,0.077942,74.125.24.0-255,5738,275698,53,333804
42291,0.077949,172.31.46.0-255,66,275764,53,333804
42292,0.079971,74.125.24.0-255,5738,281502,53,333804
42293,0.079977,172.31.46.0-255,66,281568,53,333804
42294,0.081956,74.125.24.0-255,5738,287306,53,333804
42295,0.081963,172.31.46.0-255,66,287372,53,333804
42296,0.083998,74.125.24.0-255,5738,293110,53,333804
42297,0.084004,172.31.46.0-255,66,293176,53,333804
42298,0.086022,74.125.24.0-255,5738,298914,53,333804
42299,0.086029,172.31.46.0-255,66,298980,53,333804
42300,0.088033,74.125.24.0-255,5738,304718,53,333804
42301,0.088039,172.31.46.0-255,66,304784,53,333804
42302,0.09004,74.125.24.0-255,5738,310522,53,333804
42303,0.09005,172.31.46.0-255,66,310588,53,333804
42304,0.092039,74.125.24.0-255,5738,316326,53,333804
42305,0.092046,172.31.46.0-255,66,316392,53,333804
42306,0.094038,74.125.24.0-255,5738,322130,53,333804
42307,0.094044,172.31.46.0-255,66,322196,53,333804
42308,0.096013,74.125.24.0-255,5738,327934,53,333804
42309,0.096019,172.31.46.0-255,66,328000,53,333804
42310,0.098025,74.125.24.0-255,5738,333738,53,333804
42311,0.098031,172.31.46.0-255,66,333804,53,333804
42312,0.0,172.217.194.0-255,150,150,53,172946
42313,2.3e-05,172.31.46.0-255,66,216,53,172946
42314,3e-05,172.217.194.0-255,1484,1700,53,172946
42315,3.5e-05,172.31.46.0-255,66,1766,53,172946
42316,4.8e-05,172.217.194.0-255,2902,4668,53,172946
42317,5.1e-05,172.31.46.0-255,66,4734,53,172946
42318,5.4e-05,172.217.194.0-255,1484,6218,53,172946
42319,5.7e-05,172.31.46.0-255,66,6284,53,172946
42320,6.1e-05,172.217.194.0-255,1484,7768,53,172946
42321,6.4e-05,172.31.46.0-255,66,7834,53,172946
42322,0.000111,172.31.46.0-255,66,7900,53,172946
42323,0.000119,172.217.194.0-255,7156,15056,53,172946
42324,0.000121,172.31.46.0-255,66,15122,53,172946
42325,0.000124,172.217.194.0-255,1484,16606,53,172946
42326,0.000126,172.31.46.0-255,66,16672,53,172946
42327,0.000162,172.217.194.0-255,6797,23469,53,172946
42328,0.000165,172.31.46.0-255,66,23535,53,172946
42329,0.00053,172.217.194.0-255,1484,25019,53,172946
42330,0.000536,172.31.46.0-255,66,25085,53,172946
42331,0.000542,172.217.194.0-255,2902,27987,53,172946
42332,0.000545,172.31.46.0-255,66,28053,53,172946
42333,0.000548,172.217.194.0-255,1484,29537,53,172946
42334,0.000557,172.31.46.0-255,66,29603,53,172946
42335,0.00059,172.217.194.0-255,4320,33923,53,172946
42336,0.000594,172.31.46.0-255,66,33989,53,172946
42337,0.000613,172.31.46.0-255,66,34055,53,172946
42338,0.00062,172.217.194.0-255,7156,41211,53,172946
42339,0.000623,172.31.46.0-255,66,41277,53,172946
42340,0.000627,172.217.194.0-255,1484,42761,53,172946
42341,0.000629,172.31.46.0-255,66,42827,53,172946
42342,0.000674,172.217.194.0-255,2184,45011,53,172946
42343,0.000678,172.217.194.0-255,363,45374,53,172946
42344,0.000683,172.31.46.0-255,66,45440,53,172946
42345,0.000694,172.217.194.0-255,1484,46924,53,172946
42346,0.000704,172.217.194.0-255,4320,51244,53,172946
42347,0.000733,172.31.46.0-255,66,51310,53,172946
42348,0.000765,172.217.194.0-255,1484,52794,53,172946
42349,0.00077,172.217.194.0-255,4320,57114,53,172946
42350,0.000772,172.31.46.0-255,66,57180,53,172946
42351,0.000808,172.217.194.0-255,7156,64336,53,172946
42352,0.000816,172.217.194.0-255,6438,70774,53,172946
42353,0.000846,172.31.46.0-255,66,70840,53,172946
42354,0.001013,172.217.194.0-255,1484,72324,53,172946
42355,0.001018,172.217.194.0-255,2902,75226,53,172946
42356,0.001023,172.217.194.0-255,4320,79546,53,172946
42357,0.001034,172.31.46.0-255,66,79612,53,172946
42358,0.001038,172.217.194.0-255,1484,81096,53,172946
42359,0.001085,172.217.194.0-255,5738,86834,53,172946
42360,0.00109,172.31.46.0-255,66,86900,53,172946
42361,0.001141,172.31.46.0-255,66,86966,53,172946
42362,0.001171,172.217.194.0-255,4320,91286,53,172946
42363,0.001177,172.31.46.0-255,66,91352,53,172946
42364,0.001223,172.217.194.0-255,4320,95672,53,172946
42365,0.001231,172.31.46.0-255,66,95738,53,172946
42366,0.00127,172.217.194.0-255,4320,100058,53,172946
42367,0.001278,172.217.194.0-255,7156,107214,53,172946
42368,0.001288,172.31.46.0-255,66,107280,53,172946
42369,0.001342,172.31.46.0-255,66,107346,53,172946
42370,0.001354,172.217.194.0-255,7156,114502,53,172946
42371,0.001394,172.31.46.0-255,66,114568,53,172946
42372,0.001441,172.31.46.0-255,66,114634,53,172946
42373,0.001464,172.217.194.0-255,1484,116118,53,172946
42374,0.001468,172.217.194.0-255,1484,117602,53,172946
42375,0.001475,172.31.46.0-255,66,117668,53,172946
42376,0.001486,172.217.194.0-255,1484,119152,53,172946
42377,0.001497,172.217.194.0-255,4320,123472,53,172946
42378,0.001509,172.217.194.0-255,1484,124956,53,172946
42379,0.00152,172.217.194.0-255,1484,126440,53,172946
42380,0.001526,172.31.46.0-255,66,126506,53,172946
42381,0.001622,172.217.194.0-255,1484,127990,53,172946
42382,0.001625,172.217.194.0-255,766,128756,53,172946
42383,0.001629,172.31.46.0-255,66,128822,53,172946
42384,0.00174,172.217.194.0-255,1484,130306,53,172946
42385,0.001762,172.217.194.0-255,2902,133208,53,172946
42386,0.001775,172.217.194.0-255,2902,136110,53,172946
42387,0.001787,172.217.194.0-255,2902,139012,53,172946
42388,0.001795,172.31.46.0-255,66,139078,53,172946
42389,0.001851,172.31.46.0-255,66,139144,53,172946
42390,0.001858,172.217.194.0-255,5738,144882,53,172946
42391,0.001879,172.31.46.0-255,66,144948,53,172946
42392,0.001885,172.217.194.0-255,5020,149968,53,172946
42393,0.001928,172.217.194.0-255,1484,151452,53,172946
42394,0.001936,172.217.194.0-255,7156,158608,53,172946
42395,0.001941,172.31.46.0-255,66,158674,53,172946
42396,0.001979,172.217.194.0-255,5738,164412,53,172946
42397,0.002014,172.217.194.0-255,2902,167314,53,172946
42398,0.002024,172.31.46.0-255,66,167380,53,172946
42399,0.002051,172.217.194.0-255,97,167477,53,172946
42400,0.002066,172.217.194.0-255,105,167582,53,172946
42401,0.002081,172.31.46.0-255,66,167648,53,172946
42402,0.012409,172.31.46.0-255,105,167753,53,172946
42403,0.014905,172.217.194.0-255,66,167819,53,172946
42404,0.041831,172.31.46.0-255,181,168000,53,172946
42405,0.041866,172.31.46.0-255,638,168638,53,172946
42406,0.043379,104.244.42.0-255,66,168704,53,172946
42407,0.04343,104.244.42.0-255,66,168770,53,172946
42408,0.05755,172.31.46.0-255,172,168942,53,172946
42409,0.057582,172.31.46.0-255,1107,170049,53,172946
42410,0.057666,172.31.46.0-255,1514,171563,53,172946
42411,0.057667,172.31.46.0-255,1185,172748,53,172946
42412,0.059072,104.244.42.0-255,66,172814,53,172946
42413,0.059092,104.244.42.0-255,66,172880,53,172946
42414,0.059203,104.244.42.0-255,66,172946,53,172946
42415,0.0,172.217.194.0-255,153,153,53,165853
42416,2e-05,172.31.46.0-255,66,219,53,165853
42417,2.7e-05,172.217.194.0-255,1484,1703,53,165853
42418,3.1e-05,172.31.46.0-255,66,1769,53,165853
42419,3.7e-05,172.217.194.0-255,2902,4671,53,165853
42420,4.8e-05,172.31.46.0-255,66,4737,53,165853
42421,5.5e-05,172.217.194.0-255,5738,10475,53,165853
42422,5.8e-05,172.31.46.0-255,66,10541,53,165853
42423,0.00011,172.31.46.0-255,66,10607,53,165853
42424,0.000116,172.217.194.0-255,6797,17404,53,165853
42425,0.000118,172.31.46.0-255,66,17470,53,165853
42426,0.000182,172.217.194.0-255,1484,18954,53,165853
42427,0.000185,172.31.46.0-255,66,19020,53,165853
42428,0.00019,172.217.194.0-255,2902,21922,53,165853
42429,0.000192,172.31.46.0-255,66,21988,53,165853
42430,0.000225,172.217.194.0-255,5738,27726,53,165853
42431,0.000228,172.31.46.0-255,66,27792,53,165853
42432,0.000239,172.217.194.0-255,2902,30694,53,165853
42433,0.000241,172.31.46.0-255,66,30760,53,165853
42434,0.000279,172.31.46.0-255,66,30826,53,165853
42435,0.00031,172.31.46.0-255,66,30892,53,165853
42436,0.000332,172.217.194.0-255,383,31275,53,165853
42437,0.000335,172.31.46.0-255,66,31341,53,165853
42438,0.000604,172.217.194.0-255,1484,32825,53,165853
42439,0.000608,172.31.46.0-255,66,32891,53,165853
42440,0.000614,172.217.194.0-255,2902,35793,53,165853
42441,0.000616,172.31.46.0-255,66,35859,53,165853
42442,0.000641,172.217.194.0-255,5738,41597,53,165853
42443,0.000644,172.31.46.0-255,66,41663,53,165853
42444,0.000673,172.217.194.0-255,7156,48819,53,165853
42445,0.000676,172.31.46.0-255,66,48885,53,165853
42446,0.000689,172.217.194.0-255,2902,51787,53,165853
42447,0.000697,172.31.46.0-255,66,51853,53,165853
42448,0.000711,172.31.46.0-255,66,51919,53,165853
42449,0.001275,172.217.194.0-255,1484,53403,53,165853
42450,0.001282,172.217.194.0-255,2902,56305,53,165853
42451,0.001285,172.31.46.0-255,66,56371,53,165853
42452,0.001291,172.217.194.0-255,4320,60691,53,165853
42453,0.001293,172.31.46.0-255,66,60757,53,165853
42454,0.001328,172.217.194.0-255,5738,66495,53,165853
42455,0.00133,172.31.46.0-255,66,66561,53,165853
42456,0.001361,172.31.46.0-255,66,66627,53,165853
42457,0.001386,172.217.194.0-255,1484,68111,53,165853
42458,0.0014,172.217.194.0-255,6438,74549,53,165853
42459,0.001402,172.31.46.0-255,66,74615,53,165853
42460,0.001517,172.217.194.0-255,1484,76099,53,165853
42461,0.00153,172.217.194.0-255,2902,79001,53,165853
42462,0.001533,172.31.46.0-255,66,79067,53,165853
42463,0.001554,172.217.194.0-255,5738,84805,53,165853
42464,0.001557,172.31.46.0-255,66,84871,53,165853
42465,0.001572,172.31.46.0-255,66,84937,53,165853
42466,0.001597,172.217.194.0-255,1484,86421,53,165853
42467,0.001613,172.217.194.0-255,1484,87905,53,165853
42468,0.001616,172.31.46.0-255,66,87971,53,165853
42469,0.001652,172.31.46.0-255,66,88037,53,165853
42470,0.001708,172.217.194.0-255,1484,89521,53,165853
42471,0.001723,172.217.194.0-255,2902,92423,53,165853
42472,0.001725,172.31.46.0-255,66,92489,53,165853
42473,0.00175,172.217.194.0-255,5738,98227,53,165853
42474,0.001753,172.31.46.0-255,66,98293,53,165853
42475,0.001768,172.217.194.0-255,1484,99777,53,165853
42476,0.001787,172.31.46.0-255,66,99843,53,165853
42477,0.001824,172.217.194.0-255,7156,106999,53,165853
42478,0.001826,172.31.46.0-255,66,107065,53,165853
42479,0.001852,172.217.194.0-255,6438,113503,53,165853
42480,0.001854,172.31.46.0-255,66,113569,53,165853
42481,0.001861,172.217.194.0-255,7156,120725,53,165853
42482,0.001862,172.31.46.0-255,66,120791,53,165853
42483,0.001881,172.217.194.0-255,7156,127947,53,165853
42484,0.001883,172.31.46.0-255,66,128013,53,165853
42485,0.001893,172.31.46.0-255,66,128079,53,165853
42486,0.001932,172.217.194.0-255,7156,135235,53,165853
42487,0.001934,172.31.46.0-255,66,135301,53,165853
42488,0.001977,172.31.46.0-255,66,135367,53,165853
42489,0.001995,172.31.46.0-255,66,135433,53,165853
42490,0.002042,172.31.46.0-255,66,135499,53,165853
42491,0.002064,172.31.46.0-255,66,135565,53,165853
42492,0.002083,172.217.194.0-255,6438,142003,53,165853
42493,0.002086,172.31.46.0-255,66,142069,53,165853
42494,0.002129,172.217.194.0-255,7156,149225,53,165853
42495,0.002132,172.31.46.0-255,66,149291,53,165853
42496,0.00217,172.31.46.0-255,66,149357,53,165853
42497,0.002177,172.217.194.0-255,7156,156513,53,165853
42498,0.002179,172.31.46.0-255,66,156579,53,165853
42499,0.0022,172.31.46.0-255,66,156645,53,165853
42500,0.002243,172.31.46.0-255,66,156711,53,165853
42501,0.00226,172.31.46.0-255,66,156777,53,165853
42502,0.002262,172.217.194.0-255,547,157324,53,165853
42503,0.002266,172.217.194.0-255,97,157421,53,165853
42504,0.002298,172.217.194.0-255,105,157526,53,165853
42505,0.007658,172.31.46.0-255,66,157592,53,165853
42506,0.007696,172.31.46.0-255,105,157697,53,165853
42507,0.009968,172.217.194.0-255,66,157763,53,165853
42508,0.033952,172.31.46.0-255,172,157935,53,165853
42509,0.033992,172.31.46.0-255,1112,159047,53,165853
42510,0.034061,172.31.46.0-255,1514,160561,53,165853
42511,0.034063,172.31.46.0-255,1514,162075,53,165853
42512,0.034064,172.31.46.0-255,1514,163589,53,165853
42513,0.034065,172.31.46.0-255,1514,165103,53,165853
42514,0.034092,172.31.46.0-255,486,165589,53,165853
42515,0.035454,104.244.42.0-255,66,165655,53,165853
42516,0.035478,104.244.42.0-255,66,165721,53,165853
42517,0.035591,104.244.42.0-255,66,165787,53,165853
42518,0.035595,104.244.42.0-255,66,165853,53,165853
42519,0.0,74.125.68.0-255,146,146,53,358687
42520,2.4e-05,172.31.46.0-255,66,212,53,358687
42521,3.2e-05,74.125.68.0-255,1484,1696,53,358687
42522,3.6e-05,172.31.46.0-255,66,1762,53,358687
42523,4.2e-05,74.125.68.0-255,2902,4664,53,358687
42524,4.6e-05,172.31.46.0-255,66,4730,53,358687
42525,4.9e-05,74.125.68.0-255,1484,6214,53,358687
42526,5.1e-05,172.31.46.0-255,66,6280,53,358687
42527,5.7e-05,74.125.68.0-255,2902,9182,53,358687
42528,6e-05,172.31.46.0-255,66,9248,53,358687
42529,8.7e-05,74.125.68.0-255,2902,12150,53,358687
42530,8.9e-05,172.31.46.0-255,66,12216,53,358687
42531,0.000106,74.125.68.0-255,2046,14262,53,358687
42532,0.00011,172.31.46.0-255,66,14328,53,358687
42533,0.000344,74.125.68.0-255,1484,15812,53,358687
42534,0.000349,172.31.46.0-255,66,15878,53,358687
42535,0.000365,74.125.68.0-255,2902,18780,53,358687
42536,0.000368,172.31.46.0-255,66,18846,53,358687
42537,0.000394,74.125.68.0-255,5738,24584,53,358687
42538,0.000397,172.31.46.0-255,66,24650,53,358687
42539,0.000416,74.125.68.0-255,2902,27552,53,358687
42540,0.000418,172.31.46.0-255,66,27618,53,358687
42541,0.000436,74.125.68.0-255,3961,31579,53,358687
42542,0.000438,172.31.46.0-255,66,31645,53,358687
42543,0.000441,74.125.68.0-255,1484,33129,53,358687
42544,0.000443,172.31.46.0-255,66,33195,53,358687
42545,0.000478,74.125.68.0-255,2902,36097,53,358687
42546,0.000481,172.31.46.0-255,66,36163,53,358687
42547,0.0005,74.125.68.0-255,2902,39065,53,358687
42548,0.000503,172.31.46.0-255,66,39131,53,358687
42549,0.00052,74.125.68.0-255,2902,42033,53,358687
42550,0.000522,172.31.46.0-255,66,42099,53,358687
42551,0.000527,74.125.68.0-255,4320,46419,53,358687
42552,0.00053,172.31.46.0-255,66,46485,53,358687
42553,0.000555,74.125.68.0-255,2902,49387,53,358687
42554,0.000558,172.31.46.0-255,66,49453,53,358687
42555,0.000579,74.125.68.0-255,5738,55191,53,358687
42556,0.000582,172.31.46.0-255,66,55257,53,358687
42557,0.000602,74.125.68.0-255,2902,58159,53,358687
42558,0.000605,172.31.46.0-255,66,58225,53,358687
42559,0.000612,74.125.68.0-255,7156,65381,53,358687
42560,0.000615,172.31.46.0-255,66,65447,53,358687
42561,0.000636,74.125.68.0-255,766,66213,53,358687
42562,0.000699,74.125.68.0-255,413,66626,53,358687
42563,0.000757,74.125.68.0-255,330,66956,53,358687
42564,0.001005,74.125.68.0-255,1484,68440,53,358687
42565,0.00101,172.31.46.0-255,66,68506,53,358687
42566,0.001016,74.125.68.0-255,2902,71408,53,358687
42567,0.001018,172.31.46.0-255,66,71474,53,358687
42568,0.001036,74.125.68.0-255,5738,77212,53,358687
42569,0.001038,172.31.46.0-255,66,77278,53,358687
42570,0.001068,74.125.68.0-255,5738,83016,53,358687
42571,0.00107,172.31.46.0-255,66,83082,53,358687
42572,0.001093,74.125.68.0-255,5738,88820,53,358687
42573,0.001095,172.31.46.0-255,66,88886,53,358687
42574,0.001134,172.31.46.0-255,66,88952,53,358687
42575,0.001151,74.125.68.0-255,2184,91136,53,358687
42576,0.001153,172.31.46.0-255,66,91202,53,358687
42577,0.001535,74.125.68.0-255,1484,92686,53,358687
42578,0.001541,74.125.68.0-255,2902,95588,53,358687
42579,0.001545,172.31.46.0-255,66,95654,53,358687
42580,0.001565,74.125.68.0-255,5738,101392,53,358687
42581,0.001567,172.31.46.0-255,66,101458,53,358687
42582,0.00161,172.31.46.0-255,66,101524,53,358687
42583,0.001629,74.125.68.0-255,4320,105844,53,358687
42584,0.001632,172.31.46.0-255,66,105910,53,358687
42585,0.001647,74.125.68.0-255,1484,107394,53,358687
42586,0.00167,172.31.46.0-255,66,107460,53,358687
42587,0.002008,74.125.68.0-255,1484,108944,53,358687
42588,0.002013,74.125.68.0-255,1484,110428,53,358687
42589,0.002016,172.31.46.0-255,66,110494,53,358687
42590,0.002036,74.125.68.0-255,1484,111978,53,358687
42591,0.002042,74.125.68.0-255,4320,116298,53,358687
42592,0.002044,172.31.46.0-255,66,116364,53,358687
42593,0.002061,74.125.68.0-255,1484,117848,53,358687
42594,0.002075,74.125.68.0-255,4320,122168,53,358687
42595,0.002077,172.31.46.0-255,66,122234,53,358687
42596,0.002102,74.125.68.0-255,7156,129390,53,358687
42597,0.002105,172.31.46.0-255,66,129456,53,358687
42598,0.002117,172.31.46.0-255,66,129522,53,358687
42599,0.002138,74.125.68.0-255,2184,131706,53,358687
42600,0.002141,172.31.46.0-255,66,131772,53,358687
42601,0.002204,74.125.68.0-255,1484,133256,53,358687
42602,0.002229,74.125.68.0-255,2902,136158,53,358687
42603,0.002232,74.125.68.0-255,1484,137642,53,358687
42604,0.002236,172.31.46.0-255,66,137708,53,358687
42605,0.002258,74.125.68.0-255,2902,140610,53,358687
42606,0.00226,172.31.46.0-255,66,140676,53,358687
42607,0.002271,172.31.46.0-255,66,140742,53,358687
42608,0.002274,74.125.68.0-255,1484,142226,53,358687
42609,0.002292,74.125.68.0-255,4320,146546,53,358687
42610,0.002294,172.31.46.0-255,66,146612,53,358687
42611,0.002302,74.125.68.0-255,7156,153768,53,358687
42612,0.002304,172.31.46.0-255,66,153834,53,358687
42613,0.002338,74.125.68.0-255,3602,157436,53,358687
42614,0.002341,172.31.46.0-255,66,157502,53,358687
42615,0.004867,74.125.68.0-255,1484,158986,53,358687
42616,0.004906,74.125.68.0-255,4320,163306,53,358687
42617,0.004913,172.31.46.0-255,66,163372,53,358687
42618,0.007482,74.125.68.0-255,5738,169110,53,358687
42619,0.007486,172.31.46.0-255,66,169176,53,358687
42620,0.01008,74.125.68.0-255,5738,174914,53,358687
42621,0.010087,172.31.46.0-255,66,174980,53,358687
42622,0.012663,74.125.68.0-255,5738,180718,53,358687
42623,0.01267,172.31.46.0-255,66,180784,53,358687
42624,0.015257,74.125.68.0-255,5738,186522,53,358687
42625,0.015266,172.31.46.0-255,66,186588,53,358687
42626,0.017848,74.125.68.0-255,5738,192326,53,358687
42627,0.01786,172.31.46.0-255,66,192392,53,358687
42628,0.02044,74.125.68.0-255,5738,198130,53,358687
42629,0.020451,172.31.46.0-255,66,198196,53,358687
42630,0.023031,74.125.68.0-255,5738,203934,53,358687
42631,0.023039,172.31.46.0-255,66,204000,53,358687
42632,0.025635,74.125.68.0-255,5738,209738,53,358687
42633,0.025644,172.31.46.0-255,66,209804,53,358687
42634,0.028223,74.125.68.0-255,5738,215542,53,358687
42635,0.028236,172.31.46.0-255,66,215608,53,358687
42636,0.030816,74.125.68.0-255,5738,221346,53,358687
42637,0.030824,172.31.46.0-255,66,221412,53,358687
42638,0.033393,74.125.68.0-255,5738,227150,53,358687
42639,0.033401,172.31.46.0-255,66,227216,53,358687
42640,0.035985,74.125.68.0-255,5738,232954,53,358687
42641,0.035996,172.31.46.0-255,66,233020,53,358687
42642,0.03829,172.31.46.0-255,188,233208,53,358687
42643,0.038321,172.31.46.0-255,953,234161,53,358687
42644,0.03839,172.31.46.0-255,1514,235675,53,358687
42645,0.038411,172.31.46.0-255,1514,237189,53,358687
42646,0.038441,172.31.46.0-255,1514,238703,53,358687
42647,0.038442,172.31.46.0-255,1514,240217,53,358687
42648,0.038447,172.31.46.0-255,1514,241731,53,358687
42649,0.038448,172.31.46.0-255,205,241936,53,358687
42650,0.038614,74.125.68.0-255,5738,247674,53,358687
42651,0.03862,172.31.46.0-255,66,247740,53,358687
42652,0.039809,104.244.42.0-255,66,247806,53,358687
42653,0.039918,104.244.42.0-255,66,247872,53,358687
42654,0.040003,104.244.42.0-255,66,247938,53,358687
42655,0.040009,104.244.42.0-255,66,248004,53,358687
42656,0.040012,104.244.42.0-255,66,248070,53,358687
42657,0.040902,104.244.42.0-255,108,248178,53,358687
42658,0.040912,172.31.46.0-255,66,248244,53,358687
42659,0.0412,74.125.68.0-255,5738,253982,53,358687
42660,0.041205,172.31.46.0-255,66,254048,53,358687
42661,0.043782,74.125.68.0-255,5738,259786,53,358687
42662,0.043792,172.31.46.0-255,66,259852,53,358687
42663,0.046366,74.125.68.0-255,5738,265590,53,358687
42664,0.046373,172.31.46.0-255,66,265656,53,358687
42665,0.048964,74.125.68.0-255,5738,271394,53,358687
42666,0.048976,172.31.46.0-255,66,271460,53,358687
42667,0.051579,74.125.68.0-255,5738,277198,53,358687
42668,0.051586,172.31.46.0-255,66,277264,53,358687
42669,0.054165,74.125.68.0-255,5738,283002,53,358687
42670,0.054171,172.31.46.0-255,66,283068,53,358687
42671,0.056766,74.125.68.0-255,5738,288806,53,358687
42672,0.056772,172.31.46.0-255,66,288872,53,358687
42673,0.059361,74.125.68.0-255,5738,294610,53,358687
42674,0.059368,172.31.46.0-255,66,294676,53,358687
42675,0.061957,74.125.68.0-255,5738,300414,53,358687
42676,0.061963,172.31.46.0-255,66,300480,53,358687
42677,0.06455,74.125.68.0-255,5738,306218,53,358687
42678,0.064556,172.31.46.0-255,66,306284,53,358687
42679,0.067141,74.125.68.0-255,5738,312022,53,358687
42680,0.067148,172.31.46.0-255,66,312088,53,358687
42681,0.069745,74.125.68.0-255,5738,317826,53,358687
42682,0.069758,172.31.46.0-255,66,317892,53,358687
42683,0.072348,74.125.68.0-255,5738,323630,53,358687
42684,0.072358,172.31.46.0-255,66,323696,53,358687
42685,0.074965,74.125.68.0-255,5738,329434,53,358687
42686,0.074975,172.31.46.0-255,66,329500,53,358687
42687,0.077585,74.125.68.0-255,5738,335238,53,358687
42688,0.0776,172.31.46.0-255,66,335304,53,358687
42689,0.080184,74.125.68.0-255,5738,341042,53,358687
42690,0.080198,172.31.46.0-255,66,341108,53,358687
42691,0.08278,74.125.68.0-255,5738,346846,53,358687
42692,0.082789,172.31.46.0-255,66,346912,53,358687
42693,0.085374,74.125.68.0-255,5738,352650,53,358687
42694,0.085385,172.31.46.0-255,66,352716,53,358687
42695,0.087985,74.125.68.0-255,5734,358450,53,358687
42696,0.088004,172.31.46.0-255,66,358516,53,358687
42697,0.090941,172.31.46.0-255,105,358621,53,358687
42698,0.093505,74.125.68.0-255,66,358687,53,358687
42699,0.0,74.125.200.0-255,297,297,53,301271
42700,2.2e-05,172.31.46.0-255,66,363,53,301271
42701,2.8e-05,74.125.200.0-255,1484,1847,53,301271
42702,3.2e-05,172.31.46.0-255,66,1913,53,301271
42703,3.9e-05,74.125.200.0-255,4320,6233,53,301271
42704,4.2e-05,172.31.46.0-255,66,6299,53,301271
42705,7.3e-05,172.31.46.0-255,66,6365,53,301271
42706,0.000305,74.125.200.0-255,1484,7849,53,301271
42707,0.000311,172.31.46.0-255,66,7915,53,301271
42708,0.000318,74.125.200.0-255,2902,10817,53,301271
42709,0.00032,172.31.46.0-255,66,10883,53,301271
42710,0.000346,74.125.200.0-255,5738,16621,53,301271
42711,0.000349,172.31.46.0-255,66,16687,53,301271
42712,0.000354,74.125.200.0-255,4320,21007,53,301271
42713,0.000357,172.31.46.0-255,66,21073,53,301271
42714,0.00037,74.125.200.0-255,2543,23616,53,301271
42715,0.000372,172.31.46.0-255,66,23682,53,301271
42716,0.000565,74.125.200.0-255,1484,25166,53,301271
42717,0.00057,172.31.46.0-255,66,25232,53,301271
42718,0.000575,74.125.200.0-255,2902,28134,53,301271
42719,0.000577,172.31.46.0-255,66,28200,53,301271
42720,0.00061,74.125.200.0-255,2902,31102,53,301271
42721,0.000612,172.31.46.0-255,66,31168,53,301271
42722,0.000629,74.125.200.0-255,2902,34070,53,301271
42723,0.000631,172.31.46.0-255,66,34136,53,301271
42724,0.000635,74.125.200.0-255,2902,37038,53,301271
42725,0.000637,172.31.46.0-255,66,37104,53,301271
42726,0.000642,74.125.200.0-255,3961,41065,53,301271
42727,0.000645,172.31.46.0-255,66,41131,53,301271
42728,0.00067,74.125.200.0-255,2902,44033,53,301271
42729,0.000673,172.31.46.0-255,66,44099,53,301271
42730,0.000679,74.125.200.0-255,4320,48419,53,301271
42731,0.000693,74.125.200.0-255,1484,49903,53,301271
42732,0.000704,74.125.200.0-255,1484,51387,53,301271
42733,0.000721,74.125.200.0-255,5738,57125,53,301271
42734,0.000724,74.125.200.0-255,1399,58524,53,301271
42735,0.000737,172.31.46.0-255,66,58590,53,301271
42736,0.000863,74.125.200.0-255,131,58721,53,301271
42737,0.000983,74.125.200.0-255,1484,60205,53,301271
42738,0.000988,172.31.46.0-255,66,60271,53,301271
42739,0.000999,74.125.200.0-255,2902,63173,53,301271
42740,0.001013,74.125.200.0-255,2902,66075,53,301271
42741,0.001028,74.125.200.0-255,4320,70395,53,301271
42742,0.001041,172.31.46.0-255,66,70461,53,301271
42743,0.001067,74.125.200.0-255,1484,71945,53,301271
42744,0.001088,74.125.200.0-255,6797,78742,53,301271
42745,0.001093,74.125.200.0-255,4320,83062,53,301271
42746,0.0011,172.31.46.0-255,66,83128,53,301271
42747,0.00111,74.125.200.0-255,4320,87448,53,301271
42748,0.00112,172.31.46.0-255,66,87514,53,301271
42749,0.001125,74.125.200.0-255,2902,90416,53,301271
42750,0.00114,74.125.200.0-255,2543,92959,53,301271
42751,0.00115,172.31.46.0-255,66,93025,53,301271
42752,0.001195,74.125.200.0-255,1484,94509,53,301271
42753,0.0012,74.125.200.0-255,1484,95993,53,301271
42754,0.001212,74.125.200.0-255,1484,97477,53,301271
42755,0.001215,172.31.46.0-255,66,97543,53,301271
42756,0.001224,74.125.200.0-255,2902,100445,53,301271
42757,0.001229,172.31.46.0-255,66,100511,53,301271
42758,0.001249,74.125.200.0-255,2902,103413,53,301271
42759,0.001284,74.125.200.0-255,5738,109151,53,301271
42760,0.00129,172.31.46.0-255,66,109217,53,301271
42761,0.001337,74.125.200.0-255,5020,114237,53,301271
42762,0.001363,172.31.46.0-255,66,114303,53,301271
42763,0.001397,74.125.200.0-255,1484,115787,53,301271
42764,0.001402,74.125.200.0-255,2902,118689,53,301271
42765,0.001405,74.125.200.0-255,1484,120173,53,301271
42766,0.001415,172.31.46.0-255,66,120239,53,301271
42767,0.001424,74.125.200.0-255,1484,121723,53,301271
42768,0.001427,74.125.200.0-255,1484,123207,53,301271
42769,0.001436,172.31.46.0-255,66,123273,53,301271
42770,0.001439,74.125.200.0-255,1484,124757,53,301271
42771,0.001456,74.125.200.0-255,1484,126241,53,301271
42772,0.001462,172.31.46.0-255,66,126307,53,301271
42773,0.001473,74.125.200.0-255,5738,132045,53,301271
42774,0.001477,172.31.46.0-255,66,132111,53,301271
42775,0.001492,74.125.200.0-255,2902,135013,53,301271
42776,0.001499,74.125.200.0-255,7156,142169,53,301271
42777,0.001527,74.125.200.0-255,4320,146489,53,301271
42778,0.00154,172.31.46.0-255,66,146555,53,301271
42779,0.001553,74.125.200.0-255,2184,148739,53,301271
42780,0.001571,172.31.46.0-255,66,148805,53,301271
42781,0.001742,74.125.200.0-255,1484,150289,53,301271
42782,0.001747,74.125.200.0-255,2902,153191,53,301271
42783,0.00175,172.31.46.0-255,66,153257,53,301271
42784,0.001773,74.125.200.0-255,5738,158995,53,301271
42785,0.00178,172.31.46.0-255,66,159061,53,301271
42786,0.001802,74.125.200.0-255,5738,164799,53,301271
42787,0.001816,74.125.200.0-255,1484,166283,53,301271
42788,0.001819,74.125.200.0-255,1484,167767,53,301271
42789,0.001823,172.31.46.0-255,66,167833,53,301271
42790,0.001833,74.125.200.0-255,4320,172153,53,301271
42791,0.001845,74.125.200.0-255,2902,175055,53,301271
42792,0.001848,172.31.46.0-255,66,175121,53,301271
42793,0.001867,74.125.200.0-255,4320,179441,53,301271
42794,0.001872,74.125.200.0-255,3602,183043,53,301271
42795,0.001884,172.31.46.0-255,66,183109,53,301271
42796,0.001891,74.125.200.0-255,1484,184593,53,301271
42797,0.001905,74.125.200.0-255,2902,187495,53,301271
42798,0.001921,74.125.200.0-255,2902,190397,53,301271
42799,0.001924,172.31.46.0-255,66,190463,53,301271
42800,0.001929,172.31.46.0-255,66,190529,53,301271
42801,0.001946,74.125.200.0-255,5738,196267,53,301271
42802,0.001984,74.125.200.0-255,5738,202005,53,301271
42803,0.002011,74.125.200.0-255,4320,206325,53,301271
42804,0.002026,74.125.200.0-255,2902,209227,53,301271
42805,0.00203,172.31.46.0-255,66,209293,53,301271
42806,0.002036,172.31.46.0-255,66,209359,53,301271
42807,0.002062,74.125.200.0-255,4320,213679,53,301271
42808,0.002112,74.125.200.0-255,7156,220835,53,301271
42809,0.002115,74.125.200.0-255,766,221601,53,301271
42810,0.002136,74.125.200.0-255,4320,225921,53,301271
42811,0.002166,74.125.200.0-255,1484,227405,53,301271
42812,0.002212,74.125.200.0-255,2902,230307,53,301271
42813,0.002214,74.125.200.0-255,766,231073,53,301271
42814,0.002234,74.125.200.0-255,2902,233975,53,301271
42815,0.002283,74.125.200.0-255,5738,239713,53,301271
42816,0.002289,74.125.200.0-255,4320,244033,53,301271
42817,0.002318,74.125.200.0-255,7156,251189,53,301271
42818,0.002346,74.125.200.0-255,7156,258345,53,301271
42819,0.008109,172.31.46.0-255,66,258411,53,301271
42820,0.010443,74.125.200.0-255,5738,264149,53,301271
42821,0.01045,172.31.46.0-255,66,264215,53,301271
42822,0.012772,74.125.200.0-255,5738,269953,53,301271
42823,0.012781,172.31.46.0-255,66,270019,53,301271
42824,0.015098,74.125.200.0-255,5738,275757,53,301271
42825,0.015811,172.31.46.0-255,66,275823,53,301271
42826,0.018124,74.125.200.0-255,5738,281561,53,301271
42827,0.018132,172.31.46.0-255,66,281627,53,301271
42828,0.020448,74.125.200.0-255,5738,287365,53,301271
42829,0.020897,172.31.46.0-255,66,287431,53,301271
42830,0.023218,74.125.200.0-255,5738,293169,53,301271
42831,0.023226,172.31.46.0-255,66,293235,53,301271
42832,0.025545,74.125.200.0-255,5738,298973,53,301271
42833,0.025553,172.31.46.0-255,66,299039,53,301271
42834,0.027853,74.125.200.0-255,617,299656,53,301271
42835,0.028314,172.31.46.0-255,66,299722,53,301271
42836,0.028356,172.31.46.0-255,105,299827,53,301271
42837,0.030648,74.125.200.0-255,66,299893,53,301271
42838,0.043492,172.31.46.0-255,172,300065,53,301271
42839,0.043521,172.31.46.0-255,1074,301139,53,301271
42840,0.045036,104.244.42.0-255,66,301205,53,301271
42841,0.045141,104.244.42.0-255,66,301271,53,301271
42842,0.0,74.125.200.0-255,158,158,53,319838
42843,2.2e-05,172.31.46.0-255,66,224,53,319838
42844,2.9e-05,74.125.200.0-255,1484,1708,53,319838
42845,3.4e-05,172.31.46.0-255,66,1774,53,319838
42846,5.7e-05,74.125.200.0-255,2902,4676,53,319838
42847,6e-05,172.31.46.0-255,66,4742,53,319838
42848,6.4e-05,74.125.200.0-255,1484,6226,53,319838
42849,6.6e-05,172.31.46.0-255,66,6292,53,319838
42850,9.2e-05,74.125.200.0-255,4320,10612,53,319838
42851,9.5e-05,172.31.46.0-255,66,10678,53,319838
42852,9.7e-05,74.125.200.0-255,1484,12162,53,319838
42853,9.9e-05,172.31.46.0-255,66,12228,53,319838
42854,0.000114,74.125.200.0-255,1484,13712,53,319838
42855,0.000116,172.31.46.0-255,66,13778,53,319838
42856,0.000119,74.125.200.0-255,624,14402,53,319838
42857,0.000121,172.31.46.0-255,66,14468,53,319838
42858,0.000458,74.125.200.0-255,1484,15952,53,319838
42859,0.000465,172.31.46.0-255,66,16018,53,319838
42860,0.000478,74.125.200.0-255,2902,18920,53,319838
42861,0.000481,172.31.46.0-255,66,18986,53,319838
42862,0.000511,74.125.200.0-255,5738,24724,53,319838
42863,0.000514,172.31.46.0-255,66,24790,53,319838
42864,0.000518,74.125.200.0-255,2902,27692,53,319838
42865,0.00052,172.31.46.0-255,66,27758,53,319838
42866,0.000534,74.125.200.0-255,2902,30660,53,319838
42867,0.000536,172.31.46.0-255,66,30726,53,319838
42868,0.000551,74.125.200.0-255,1125,31851,53,319838
42869,0.000554,172.31.46.0-255,66,31917,53,319838
42870,0.000578,74.125.200.0-255,1484,33401,53,319838
42871,0.00058,172.31.46.0-255,66,33467,53,319838
42872,0.000585,74.125.200.0-255,2902,36369,53,319838
42873,0.000587,172.31.46.0-255,66,36435,53,319838
42874,0.000613,74.125.200.0-255,5738,42173,53,319838
42875,0.000616,172.31.46.0-255,66,42239,53,319838
42876,0.000667,74.125.200.0-255,4320,46559,53,319838
42877,0.000671,172.31.46.0-255,66,46625,53,319838
42878,0.000691,74.125.200.0-255,2543,49168,53,319838
42879,0.000694,172.31.46.0-255,66,49234,53,319838
42880,0.000947,74.125.200.0-255,1484,50718,53,319838
42881,0.000963,74.125.200.0-255,2902,53620,53,319838
42882,0.000967,172.31.46.0-255,66,53686,53,319838
42883,0.000971,74.125.200.0-255,1484,55170,53,319838
42884,0.000987,74.125.200.0-255,2902,58072,53,319838
42885,0.000989,172.31.46.0-255,66,58138,53,319838
42886,0.001006,74.125.200.0-255,2902,61040,53,319838
42887,0.001008,172.31.46.0-255,66,61106,53,319838
42888,0.001026,74.125.200.0-255,5958,67064,53,319838
42889,0.001028,172.31.46.0-255,66,67130,53,319838
42890,0.001081,172.31.46.0-255,66,67196,53,319838
42891,0.001093,74.125.200.0-255,1484,68680,53,319838
42892,0.00113,74.125.200.0-255,5738,74418,53,319838
42893,0.001134,172.31.46.0-255,66,74484,53,319838
42894,0.001168,172.31.46.0-255,66,74550,53,319838
42895,0.001172,74.125.200.0-255,1484,76034,53,319838
42896,0.001186,74.125.200.0-255,3602,79636,53,319838
42897,0.00119,172.31.46.0-255,66,79702,53,319838
42898,0.001814,74.125.200.0-255,1484,81186,53,319838
42899,0.001825,74.125.200.0-255,2902,84088,53,319838
42900,0.001829,172.31.46.0-255,66,84154,53,319838
42901,0.001851,74.125.200.0-255,4320,88474,53,319838
42902,0.001854,172.31.46.0-255,66,88540,53,319838
42903,0.001864,172.31.46.0-255,66,88606,53,319838
42904,0.001908,172.31.46.0-255,66,88672,53,319838
42905,0.001933,74.125.200.0-255,2902,91574,53,319838
42906,0.001936,172.31.46.0-255,66,91640,53,319838
42907,0.001959,74.125.200.0-255,5020,96660,53,319838
42908,0.001961,172.31.46.0-255,66,96726,53,319838
42909,0.002003,74.125.200.0-255,1484,98210,53,319838
42910,0.002007,74.125.200.0-255,1484,99694,53,319838
42911,0.002009,172.31.46.0-255,66,99760,53,319838
42912,0.002024,74.125.200.0-255,1484,101244,53,319838
42913,0.002046,74.125.200.0-255,5738,106982,53,319838
42914,0.002048,172.31.46.0-255,66,107048,53,319838
42915,0.002053,74.125.200.0-255,2902,109950,53,319838
42916,0.002055,172.31.46.0-255,66,110016,53,319838
42917,0.002071,74.125.200.0-255,4320,114336,53,319838
42918,0.002073,172.31.46.0-255,66,114402,53,319838
42919,0.002087,74.125.200.0-255,2902,117304,53,319838
42920,0.002089,172.31.46.0-255,66,117370,53,319838
42921,0.002115,74.125.200.0-255,7156,124526,53,319838
42922,0.002118,172.31.46.0-255,66,124592,53,319838
42923,0.002141,74.125.200.0-255,4320,128912,53,319838
42924,0.002144,172.31.46.0-255,66,128978,53,319838
42925,0.002178,74.125.200.0-255,7156,136134,53,319838
42926,0.002182,172.31.46.0-255,66,136200,53,319838
42927,0.002213,172.31.46.0-255,66,136266,53,319838
42928,0.00226,74.125.200.0-255,1484,137750,53,319838
42929,0.002276,74.125.200.0-255,2902,140652,53,319838
42930,0.002279,172.31.46.0-255,66,140718,53,319838
42931,0.002313,172.31.46.0-255,66,140784,53,319838
42932,0.002328,74.125.200.0-255,2902,143686,53,319838
42933,0.00233,172.31.46.0-255,66,143752,53,319838
42934,0.002351,74.125.200.0-255,1484,145236,53,319838
42935,0.002481,74.125.200.0-255,7156,152392,53,319838
42936,0.002499,74.125.200.0-255,1484,153876,53,319838
42937,0.002505,74.125.200.0-255,3602,157478,53,319838
42938,0.00746,172.31.46.0-255,66,157544,53,319838
42939,0.009757,74.125.200.0-255,5738,163282,53,319838
42940,0.009763,172.31.46.0-255,66,163348,53,319838
42941,0.012063,74.125.200.0-255,5738,169086,53,319838
42942,0.012071,172.31.46.0-255,66,169152,53,319838
42943,0.014357,74.125.200.0-255,5738,174890,53,319838
42944,0.014364,172.31.46.0-255,66,174956,53,319838
42945,0.016669,74.125.200.0-255,5738,180694,53,319838
42946,0.016677,172.31.46.0-255,66,180760,53,319838
42947,0.01898,74.125.200.0-255,5738,186498,53,319838
42948,0.01899,172.31.46.0-255,66,186564,53,319838
42949,0.021291,74.125.200.0-255,4320,190884,53,319838
42950,0.0213,172.31.46.0-255,66,190950,53,319838
42951,0.021322,74.125.200.0-255,1484,192434,53,319838
42952,0.023586,74.125.200.0-255,4320,196754,53,319838
42953,0.023593,172.31.46.0-255,66,196820,53,319838
42954,0.025887,74.125.200.0-255,5738,202558,53,319838
42955,0.0259,172.31.46.0-255,66,202624,53,319838
42956,0.028202,74.125.200.0-255,5738,208362,53,319838
42957,0.028219,172.31.46.0-255,66,208428,53,319838
42958,0.030513,74.125.200.0-255,5738,214166,53,319838
42959,0.030526,172.31.46.0-255,66,214232,53,319838
42960,0.032816,74.125.200.0-255,1484,215716,53,319838
42961,0.03284,74.125.200.0-255,4320,220036,53,319838
42962,0.032845,172.31.46.0-255,66,220102,53,319838
42963,0.03361,172.31.46.0-255,171,220273,53,319838
42964,0.033644,172.31.46.0-255,1136,221409,53,319838
42965,0.033701,172.31.46.0-255,1514,222923,53,319838
42966,0.033703,172.31.46.0-255,1267,224190,53,319838
42967,0.035132,74.125.200.0-255,5738,229928,53,319838
42968,0.035143,172.31.46.0-255,66,229994,53,319838
42969,0.035162,104.244.42.0-255,66,230060,53,319838
42970,0.035188,104.244.42.0-255,66,230126,53,319838
42971,0.03525,104.244.42.0-255,66,230192,53,319838
42972,0.037438,74.125.200.0-255,5738,235930,53,319838
42973,0.03745,172.31.46.0-255,66,235996,53,319838
42974,0.039739,74.125.200.0-255,5738,241734,53,319838
42975,0.039747,172.31.46.0-255,66,241800,53,319838
42976,0.042049,74.125.200.0-255,5738,247538,53,319838
42977,0.04206,172.31.46.0-255,66,247604,53,319838
42978,0.044364,74.125.200.0-255,5738,253342,53,319838
42979,0.044376,172.31.46.0-255,66,253408,53,319838
42980,0.046672,74.125.200.0-255,5738,259146,53,319838
42981,0.046679,172.31.46.0-255,66,259212,53,319838
42982,0.048974,74.125.200.0-255,5738,264950,53,319838
42983,0.048981,172.31.46.0-255,66,265016,53,319838
42984,0.05127,74.125.200.0-255,5738,270754,53,319838
42985,0.051278,172.31.46.0-255,66,270820,53,319838
42986,0.053569,74.125.200.0-255,5738,276558,53,319838
42987,0.053576,172.31.46.0-255,66,276624,53,319838
42988,0.055875,74.125.200.0-255,5738,282362,53,319838
42989,0.055882,172.31.46.0-255,66,282428,53,319838
42990,0.056006,172.31.46.0-255,101,282529,53,319838
42991,0.0582,74.125.200.0-255,5738,288267,53,319838
42992,0.058207,172.31.46.0-255,66,288333,53,319838
42993,0.058251,74.125.200.0-255,66,288399,53,319838
42994,0.060509,74.125.200.0-255,5738,294137,53,319838
42995,0.060516,172.31.46.0-255,66,294203,53,319838
42996,0.06282,74.125.200.0-255,5738,299941,53,319838
42997,0.062826,172.31.46.0-255,66,300007,53,319838
42998,0.065125,74.125.200.0-255,5738,305745,53,319838
42999,0.065134,172.31.46.0-255,66,305811,53,319838
43000,0.067439,74.125.200.0-255,5738,311549,53,319838
43001,0.067448,172.31.46.0-255,66,311615,53,319838
43002,0.069751,74.125.200.0-255,5738,317353,53,319838
43003,0.069761,172.31.46.0-255,66,317419,53,319838
43004,0.072062,74.125.200.0-255,2182,319601,53,319838
43005,0.072079,172.31.46.0-255,66,319667,53,319838
43006,0.072312,172.31.46.0-255,105,319772,53,319838
43007,0.080842,74.125.200.0-255,66,319838,53,319838
43008,0.0,172.31.46.0-255,177,177,53,243
43009,0.00671,74.125.130.0-255,66,243,53,243
43010,0.0,74.125.130.0-255,153,153,53,263447
43011,2.4e-05,172.31.46.0-255,66,219,53,263447
43012,3.1e-05,74.125.130.0-255,1484,1703,53,263447
43013,3.6e-05,172.31.46.0-255,66,1769,53,263447
43014,4.1e-05,74.125.130.0-255,2902,4671,53,263447
43015,4.5e-05,172.31.46.0-255,66,4737,53,263447
43016,4.9e-05,74.125.130.0-255,1484,6221,53,263447
43017,5.2e-05,172.31.46.0-255,66,6287,53,263447
43018,8.1e-05,74.125.130.0-255,2902,9189,53,263447
43019,8.4e-05,172.31.46.0-255,66,9255,53,263447
43020,0.000119,74.125.130.0-255,4840,14095,53,263447
43021,0.000122,172.31.46.0-255,66,14161,53,263447
43022,0.000259,74.125.130.0-255,1484,15645,53,263447
43023,0.000264,172.31.46.0-255,66,15711,53,263447
43024,0.000271,74.125.130.0-255,2902,18613,53,263447
43025,0.000273,172.31.46.0-255,66,18679,53,263447
43026,0.000294,74.125.130.0-255,2902,21581,53,263447
43027,0.000297,172.31.46.0-255,66,21647,53,263447
43028,0.000309,74.125.130.0-255,2902,24549,53,263447
43029,0.000312,172.31.46.0-255,66,24615,53,263447
43030,0.000385,74.125.130.0-255,5738,30353,53,263447
43031,0.000388,172.31.46.0-255,66,30419,53,263447
43032,0.000406,74.125.130.0-255,1125,31544,53,263447
43033,0.000409,172.31.46.0-255,66,31610,53,263447
43034,0.000496,74.125.130.0-255,7156,38766,53,263447
43035,0.000501,172.31.46.0-255,66,38832,53,263447
43036,0.000594,74.125.130.0-255,2902,41734,53,263447
43037,0.000598,172.31.46.0-255,66,41800,53,263447
43038,0.000626,172.31.46.0-255,66,41866,53,263447
43039,0.000835,74.125.130.0-255,7156,49022,53,263447
43040,0.00084,172.31.46.0-255,66,49088,53,263447
43041,0.000863,74.125.130.0-255,3602,52690,53,263447
43042,0.000873,172.31.46.0-255,66,52756,53,263447
43043,0.000978,74.125.130.0-255,676,53432,53,263447
43044,0.001006,74.125.130.0-255,1484,54916,53,263447
43045,0.00101,172.31.46.0-255,66,54982,53,263447
43046,0.001057,172.31.46.0-255,66,55048,53,263447
43047,0.001232,74.125.130.0-255,4320,59368,53,263447
43048,0.001236,172.31.46.0-255,66,59434,53,263447
43049,0.001286,172.31.46.0-255,66,59500,53,263447
43050,0.001689,74.125.130.0-255,7156,66656,53,263447
43051,0.001695,172.31.46.0-255,66,66722,53,263447
43052,0.00196,74.125.130.0-255,7156,73878,53,263447
43053,0.002294,74.125.130.0-255,5738,79616,53,263447
43054,0.002932,74.125.130.0-255,4320,83936,53,263447
43055,0.007415,172.31.46.0-255,66,84002,53,263447
43056,0.009441,74.125.130.0-255,5738,89740,53,263447
43057,0.00945,172.31.46.0-255,66,89806,53,263447
43058,0.011474,74.125.130.0-255,5738,95544,53,263447
43059,0.013673,172.31.46.0-255,66,95610,53,263447
43060,0.015723,74.125.130.0-255,5738,101348,53,263447
43061,0.01574,172.31.46.0-255,66,101414,53,263447
43062,0.017772,74.125.130.0-255,5738,107152,53,263447
43063,0.017784,172.31.46.0-255,66,107218,53,263447
43064,0.019797,74.125.130.0-255,5738,112956,53,263447
43065,0.019806,172.31.46.0-255,66,113022,53,263447
43066,0.021833,74.125.130.0-255,5738,118760,53,263447
43067,0.021856,172.31.46.0-255,66,118826,53,263447
43068,0.023884,74.125.130.0-255,5738,124564,53,263447
43069,0.023895,172.31.46.0-255,66,124630,53,263447
43070,0.025906,74.125.130.0-255,5738,130368,53,263447
43071,0.025917,172.31.46.0-255,66,130434,53,263447
43072,0.027931,74.125.130.0-255,5738,136172,53,263447
43073,0.027942,172.31.46.0-255,66,136238,53,263447
43074,0.02996,74.125.130.0-255,5738,141976,53,263447
43075,0.02997,172.31.46.0-255,66,142042,53,263447
43076,0.032014,74.125.130.0-255,5738,147780,53,263447
43077,0.032021,172.31.46.0-255,66,147846,53,263447
43078,0.034053,74.125.130.0-255,5738,153584,53,263447
43079,0.034062,172.31.46.0-255,66,153650,53,263447
43080,0.036096,74.125.130.0-255,5738,159388,53,263447
43081,0.036109,172.31.46.0-255,66,159454,53,263447
43082,0.038134,74.125.130.0-255,5738,165192,53,263447
43083,0.038145,172.31.46.0-255,66,165258,53,263447
43084,0.039254,172.31.46.0-255,172,165430,53,263447
43085,0.039287,172.31.46.0-255,1112,166542,53,263447
43086,0.039342,172.31.46.0-255,569,167111,53,263447
43087,0.040166,74.125.130.0-255,5738,172849,53,263447
43088,0.040173,172.31.46.0-255,66,172915,53,263447
43089,0.040836,104.244.42.0-255,66,172981,53,263447
43090,0.040846,104.244.42.0-255,66,173047,53,263447
43091,0.040913,104.244.42.0-255,66,173113,53,263447
43092,0.042198,74.125.130.0-255,5738,178851,53,263447
43093,0.042207,172.31.46.0-255,66,178917,53,263447
43094,0.044237,74.125.130.0-255,5738,184655,53,263447
43095,0.044245,172.31.46.0-255,66,184721,53,263447
43096,0.04627,74.125.130.0-255,5738,190459,53,263447
43097,0.046277,172.31.46.0-255,66,190525,53,263447
43098,0.048292,74.125.130.0-255,5738,196263,53,263447
43099,0.048304,172.31.46.0-255,66,196329,53,263447
43100,0.050334,74.125.130.0-255,5738,202067,53,263447
43101,0.050342,172.31.46.0-255,66,202133,53,263447
43102,0.052377,74.125.130.0-255,5738,207871,53,263447
43103,0.052384,172.31.46.0-255,66,207937,53,263447
43104,0.054411,74.125.130.0-255,5738,213675,53,263447
43105,0.054418,172.31.46.0-255,66,213741,53,263447
43106,0.056444,74.125.130.0-255,5738,219479,53,263447
43107,0.056452,172.31.46.0-255,66,219545,53,263447
43108,0.058462,74.125.130.0-255,5738,225283,53,263447
43109,0.05847,172.31.46.0-255,66,225349,53,263447
43110,0.060496,74.125.130.0-255,5738,231087,53,263447
43111,0.060504,172.31.46.0-255,66,231153,53,263447
43112,0.062568,74.125.130.0-255,5738,236891,53,263447
43113,0.062575,172.31.46.0-255,66,236957,53,263447
43114,0.064596,74.125.130.0-255,5738,242695,53,263447
43115,0.064603,172.31.46.0-255,66,242761,53,263447
43116,0.066627,74.125.130.0-255,5738,248499,53,263447
43117,0.066635,172.31.46.0-255,66,248565,53,263447
43118,0.069092,74.125.130.0-255,5738,254303,53,263447
43119,0.069101,172.31.46.0-255,66,254369,53,263447
43120,0.071133,74.125.130.0-255,5738,260107,53,263447
43121,0.07114,172.31.46.0-255,66,260173,53,263447
43122,0.073163,74.125.130.0-255,3037,263210,53,263447
43123,0.07317,172.31.46.0-255,66,263276,53,263447
43124,0.073433,172.31.46.0-255,105,263381,53,263447
43125,0.075408,74.125.130.0-255,66,263447,53,263447
43126,0.0,172.31.46.0-255,105,105,53,276
43127,0.001776,157.240.25.0-255,105,210,53,276
43128,0.001789,172.31.46.0-255,66,276,53,276
43129,0.0,172.217.194.0-255,152,152,53,162042
43130,2.3e-05,172.31.46.0-255,66,218,53,162042
43131,6e-05,172.217.194.0-255,1484,1702,53,162042
43132,6.4e-05,172.31.46.0-255,66,1768,53,162042
43133,7e-05,172.217.194.0-255,2902,4670,53,162042
43134,7.3e-05,172.31.46.0-255,66,4736,53,162042
43135,8.5e-05,172.217.194.0-255,5738,10474,53,162042
43136,8.8e-05,172.31.46.0-255,66,10540,53,162042
43137,9.1e-05,172.217.194.0-255,1484,12024,53,162042
43138,9.3e-05,172.31.46.0-255,66,12090,53,162042
43139,0.000147,172.31.46.0-255,66,12156,53,162042
43140,0.000158,172.31.46.0-255,66,12222,53,162042
43141,0.000202,172.217.194.0-255,4320,16542,53,162042
43142,0.000204,172.31.46.0-255,66,16608,53,162042
43143,0.000233,172.31.46.0-255,66,16674,53,162042
43144,0.00054,172.217.194.0-255,1484,18158,53,162042
43145,0.000545,172.31.46.0-255,66,18224,53,162042
43146,0.000551,172.217.194.0-255,2902,21126,53,162042
43147,0.000554,172.31.46.0-255,66,21192,53,162042
43148,0.000565,172.217.194.0-255,5738,26930,53,162042
43149,0.000568,172.31.46.0-255,66,26996,53,162042
43150,0.00061,172.31.46.0-255,66,27062,53,162042
43151,0.000619,172.217.194.0-255,7156,34218,53,162042
43152,0.000621,172.31.46.0-255,66,34284,53,162042
43153,0.000654,172.217.194.0-255,5738,40022,53,162042
43154,0.000656,172.31.46.0-255,66,40088,53,162042
43155,0.000662,172.217.194.0-255,4320,44408,53,162042
43156,0.000664,172.31.46.0-255,66,44474,53,162042
43157,0.000701,172.31.46.0-255,66,44540,53,162042
43158,0.001618,172.217.194.0-255,1484,46024,53,162042
43159,0.001641,172.217.194.0-255,2902,48926,53,162042
43160,0.001645,172.31.46.0-255,66,48992,53,162042
43161,0.00165,172.217.194.0-255,2902,51894,53,162042
43162,0.001652,172.31.46.0-255,66,51960,53,162042
43163,0.001674,172.217.194.0-255,2902,54862,53,162042
43164,0.001676,172.31.46.0-255,66,54928,53,162042
43165,0.001681,172.217.194.0-255,2902,57830,53,162042
43166,0.001682,172.31.46.0-255,66,57896,53,162042
43167,0.001722,172.31.46.0-255,66,57962,53,162042
43168,0.001739,172.31.46.0-255,66,58028,53,162042
43169,0.001744,172.217.194.0-255,2902,60930,53,162042
43170,0.001746,172.31.46.0-255,66,60996,53,162042
43171,0.001782,172.217.194.0-255,4320,65316,53,162042
43172,0.001784,172.31.46.0-255,66,65382,53,162042
43173,0.001795,172.31.46.0-255,66,65448,53,162042
43174,0.001816,172.31.46.0-255,66,65514,53,162042
43175,0.001819,172.217.194.0-255,766,66280,53,162042
43176,0.001822,172.217.194.0-255,399,66679,53,162042
43177,0.001879,172.217.194.0-255,1484,68163,53,162042
43178,0.001881,172.31.46.0-255,66,68229,53,162042
43179,0.001903,172.217.194.0-255,1484,69713,53,162042
43180,0.001907,172.217.194.0-255,2902,72615,53,162042
43181,0.001909,172.31.46.0-255,66,72681,53,162042
43182,0.001915,172.217.194.0-255,4320,77001,53,162042
43183,0.001917,172.31.46.0-255,66,77067,53,162042
43184,0.001933,172.217.194.0-255,1484,78551,53,162042
43185,0.00194,172.217.194.0-255,7156,85707,53,162042
43186,0.001943,172.31.46.0-255,66,85773,53,162042
43187,0.001981,172.217.194.0-255,5738,91511,53,162042
43188,0.001983,172.31.46.0-255,66,91577,53,162042
43189,0.001999,172.31.46.0-255,66,91643,53,162042
43190,0.002445,172.217.194.0-255,1484,93127,53,162042
43191,0.002449,172.217.194.0-255,1484,94611,53,162042
43192,0.002451,172.31.46.0-255,66,94677,53,162042
43193,0.002479,172.217.194.0-255,1484,96161,53,162042
43194,0.002484,172.217.194.0-255,4320,100481,53,162042
43195,0.002486,172.31.46.0-255,66,100547,53,162042
43196,0.00249,172.217.194.0-255,1484,102031,53,162042
43197,0.002516,172.217.194.0-255,7156,109187,53,162042
43198,0.002519,172.31.46.0-255,66,109253,53,162042
43199,0.002548,172.217.194.0-255,5738,114991,53,162042
43200,0.002552,172.31.46.0-255,66,115057,53,162042
43201,0.002555,172.217.194.0-255,1484,116541,53,162042
43202,0.002594,172.217.194.0-255,5738,122279,53,162042
43203,0.002597,172.31.46.0-255,66,122345,53,162042
43204,0.002615,172.217.194.0-255,2902,125247,53,162042
43205,0.002617,172.31.46.0-255,66,125313,53,162042
43206,0.002621,172.217.194.0-255,1484,126797,53,162042
43207,0.002649,172.31.46.0-255,66,126863,53,162042
43208,0.002656,172.217.194.0-255,5738,132601,53,162042
43209,0.002659,172.31.46.0-255,66,132667,53,162042
43210,0.002681,172.217.194.0-255,4320,136987,53,162042
43211,0.002685,172.31.46.0-255,66,137053,53,162042
43212,0.002706,172.31.46.0-255,66,137119,53,162042
43213,0.002718,172.31.46.0-255,66,137185,53,162042
43214,0.002742,172.217.194.0-255,7156,144341,53,162042
43215,0.002744,172.31.46.0-255,66,144407,53,162042
43216,0.002762,172.31.46.0-255,66,144473,53,162042
43217,0.002816,172.31.46.0-255,66,144539,53,162042
43218,0.002836,172.31.46.0-255,66,144605,53,162042
43219,0.002866,172.217.194.0-255,5020,149625,53,162042
43220,0.002869,172.31.46.0-255,66,149691,53,162042
43221,0.00289,172.31.46.0-255,66,149757,53,162042
43222,0.002897,172.217.194.0-255,5738,155495,53,162042
43223,0.002899,172.31.46.0-255,66,155561,53,162042
43224,0.002915,172.31.46.0-255,66,155627,53,162042
43225,0.002918,172.217.194.0-255,105,155732,53,162042
43226,0.002983,172.217.194.0-255,129,155861,53,162042
43227,0.011386,172.31.46.0-255,105,155966,53,162042
43228,0.011428,172.31.46.0-255,105,156071,53,162042
43229,0.011653,172.31.46.0-255,90,156161,53,162042
43230,0.011671,172.31.46.0-255,66,156227,53,162042
43231,0.012049,172.217.194.0-255,129,156356,53,162042
43232,0.012058,172.31.46.0-255,78,156434,53,162042
43233,0.013666,172.217.194.0-255,66,156500,53,162042
43234,0.01372,172.217.194.0-255,66,156566,53,162042
43235,0.013922,172.217.194.0-255,66,156632,53,162042
43236,0.014279,172.217.194.0-255,66,156698,53,162042
43237,0.014288,172.31.46.0-255,66,156764,53,162042
43238,0.034859,172.31.46.0-255,172,156936,53,162042
43239,0.034896,172.31.46.0-255,1112,158048,53,162042
43240,0.03496,172.31.46.0-255,1514,159562,53,162042
43241,0.034962,172.31.46.0-255,1514,161076,53,162042
43242,0.034988,172.31.46.0-255,702,161778,53,162042
43243,0.036423,104.244.42.0-255,66,161844,53,162042
43244,0.036479,104.244.42.0-255,66,161910,53,162042
43245,0.036542,104.244.42.0-255,66,161976,53,162042
43246,0.036559,104.244.42.0-255,66,162042,53,162042
43247,0.0,172.217.194.0-255,153,153,53,329326
43248,2.5e-05,172.31.46.0-255,66,219,53,329326
43249,3.2e-05,172.217.194.0-255,1484,1703,53,329326
43250,3.6e-05,172.31.46.0-255,66,1769,53,329326
43251,4.2e-05,172.217.194.0-255,2902,4671,53,329326
43252,4.6e-05,172.31.46.0-255,66,4737,53,329326
43253,5.4e-05,172.217.194.0-255,7156,11893,53,329326
43254,5.7e-05,172.31.46.0-255,66,11959,53,329326
43255,9.9e-05,172.31.46.0-255,66,12025,53,329326
43256,0.000107,172.217.194.0-255,6797,18822,53,329326
43257,0.00011,172.31.46.0-255,66,18888,53,329326
43258,0.000161,172.217.194.0-255,1484,20372,53,329326
43259,0.000164,172.31.46.0-255,66,20438,53,329326
43260,0.000179,172.217.194.0-255,2902,23340,53,329326
43261,0.000181,172.31.46.0-255,66,23406,53,329326
43262,0.000187,172.217.194.0-255,2902,26308,53,329326
43263,0.000189,172.31.46.0-255,66,26374,53,329326
43264,0.000213,172.217.194.0-255,2902,29276,53,329326
43265,0.000216,172.31.46.0-255,66,29342,53,329326
43266,0.000219,172.217.194.0-255,1484,30826,53,329326
43267,0.000221,172.31.46.0-255,66,30892,53,329326
43268,0.000225,172.217.194.0-255,2902,33794,53,329326
43269,0.000227,172.31.46.0-255,66,33860,53,329326
43270,0.000235,172.217.194.0-255,6797,40657,53,329326
43271,0.000237,172.31.46.0-255,66,40723,53,329326
43272,0.000258,172.31.46.0-255,66,40789,53,329326
43273,0.000281,172.217.194.0-255,2902,43691,53,329326
43274,0.000283,172.31.46.0-255,66,43757,53,329326
43275,0.000299,172.217.194.0-255,1745,45502,53,329326
43276,0.000302,172.31.46.0-255,66,45568,53,329326
43277,0.000523,172.217.194.0-255,1484,47052,53,329326
43278,0.000532,172.217.194.0-255,2902,49954,53,329326
43279,0.000536,172.31.46.0-255,66,50020,53,329326
43280,0.000542,172.217.194.0-255,2902,52922,53,329326
43281,0.000545,172.31.46.0-255,66,52988,53,329326
43282,0.000559,172.217.194.0-255,2902,55890,53,329326
43283,0.000562,172.31.46.0-255,66,55956,53,329326
43284,0.000569,172.217.194.0-255,7156,63112,53,329326
43285,0.000572,172.31.46.0-255,66,63178,53,329326
43286,0.000615,172.31.46.0-255,66,63244,53,329326
43287,0.000619,172.217.194.0-255,2184,65428,53,329326
43288,0.000622,172.31.46.0-255,66,65494,53,329326
43289,0.001212,172.217.194.0-255,1484,66978,53,329326
43290,0.001218,172.217.194.0-255,2902,69880,53,329326
43291,0.001222,172.31.46.0-255,66,69946,53,329326
43292,0.001226,172.217.194.0-255,1484,71430,53,329326
43293,0.001244,172.217.194.0-255,4320,75750,53,329326
43294,0.001251,172.217.194.0-255,7156,82906,53,329326
43295,0.001254,172.31.46.0-255,66,82972,53,329326
43296,0.001258,172.31.46.0-255,66,83038,53,329326
43297,0.001277,172.217.194.0-255,5738,88776,53,329326
43298,0.001279,172.31.46.0-255,66,88842,53,329326
43299,0.00129,172.31.46.0-255,66,88908,53,329326
43300,0.001308,172.217.194.0-255,2184,91092,53,329326
43301,0.001311,172.31.46.0-255,66,91158,53,329326
43302,0.001649,172.217.194.0-255,1484,92642,53,329326
43303,0.001654,172.217.194.0-255,1484,94126,53,329326
43304,0.001658,172.31.46.0-255,66,94192,53,329326
43305,0.001674,172.217.194.0-255,1484,95676,53,329326
43306,0.00168,172.217.194.0-255,5738,101414,53,329326
43307,0.001684,172.31.46.0-255,66,101480,53,329326
43308,0.001693,172.217.194.0-255,1484,102964,53,329326
43309,0.001725,172.31.46.0-255,66,103030,53,329326
43310,0.001753,172.31.46.0-255,66,103096,53,329326
43311,0.001816,172.217.194.0-255,1484,104580,53,329326
43312,0.001841,172.217.194.0-255,2902,107482,53,329326
43313,0.001844,172.31.46.0-255,66,107548,53,329326
43314,0.001862,172.217.194.0-255,1484,109032,53,329326
43315,0.001877,172.217.194.0-255,4320,113352,53,329326
43316,0.00188,172.31.46.0-255,66,113418,53,329326
43317,0.001886,172.217.194.0-255,5738,119156,53,329326
43318,0.001888,172.31.46.0-255,66,119222,53,329326
43319,0.001943,172.217.194.0-255,4320,123542,53,329326
43320,0.001946,172.31.46.0-255,66,123608,53,329326
43321,0.001968,172.217.194.0-255,4320,127928,53,329326
43322,0.001981,172.31.46.0-255,66,127994,53,329326
43323,0.001988,172.31.46.0-255,66,128060,53,329326
43324,0.002218,172.31.46.0-255,101,128161,53,329326
43325,0.003988,172.217.194.0-255,5738,133899,53,329326
43326,0.003995,172.31.46.0-255,66,133965,53,329326
43327,0.004196,172.217.194.0-255,66,134031,53,329326
43328,0.006003,172.217.194.0-255,4320,138351,53,329326
43329,0.006007,172.31.46.0-255,66,138417,53,329326
43330,0.006022,172.217.194.0-255,1484,139901,53,329326
43331,0.008015,172.217.194.0-255,4320,144221,53,329326
43332,0.008022,172.31.46.0-255,66,144287,53,329326
43333,0.010035,172.217.194.0-255,5738,150025,53,329326
43334,0.010043,172.31.46.0-255,66,150091,53,329326
43335,0.012042,172.217.194.0-255,5738,155829,53,329326
43336,0.012051,172.31.46.0-255,66,155895,53,329326
43337,0.01407,172.217.194.0-255,5738,161633,53,329326
43338,0.014077,172.31.46.0-255,66,161699,53,329326
43339,0.016096,172.217.194.0-255,5738,167437,53,329326
43340,0.016105,172.31.46.0-255,66,167503,53,329326
43341,0.018112,172.217.194.0-255,5738,173241,53,329326
43342,0.018118,172.31.46.0-255,66,173307,53,329326
43343,0.020131,172.217.194.0-255,5738,179045,53,329326
43344,0.020139,172.31.46.0-255,66,179111,53,329326
43345,0.022135,172.217.194.0-255,5738,184849,53,329326
43346,0.022142,172.31.46.0-255,66,184915,53,329326
43347,0.024163,172.217.194.0-255,5738,190653,53,329326
43348,0.02417,172.31.46.0-255,66,190719,53,329326
43349,0.026174,172.217.194.0-255,5738,196457,53,329326
43350,0.026181,172.31.46.0-255,66,196523,53,329326
43351,0.028206,172.217.194.0-255,5738,202261,53,329326
43352,0.028215,172.31.46.0-255,66,202327,53,329326
43353,0.030219,172.217.194.0-255,5738,208065,53,329326
43354,0.030227,172.31.46.0-255,66,208131,53,329326
43355,0.032239,172.217.194.0-255,5738,213869,53,329326
43356,0.032246,172.31.46.0-255,66,213935,53,329326
43357,0.034254,172.217.194.0-255,5738,219673,53,329326
43358,0.034262,172.31.46.0-255,66,219739,53,329326
43359,0.035961,172.31.46.0-255,188,219927,53,329326
43360,0.035992,172.31.46.0-255,953,220880,53,329326
43361,0.036061,172.31.46.0-255,1514,222394,53,329326
43362,0.036063,172.31.46.0-255,1514,223908,53,329326
43363,0.036065,172.31.46.0-255,1514,225422,53,329326
43364,0.036066,172.31.46.0-255,1514,226936,53,329326
43365,0.036092,172.31.46.0-255,1514,228450,53,329326
43366,0.036094,172.31.46.0-255,204,228654,53,329326
43367,0.036263,172.217.194.0-255,5738,234392,53,329326
43368,0.036269,172.31.46.0-255,66,234458,53,329326
43369,0.037521,104.244.42.0-255,66,234524,53,329326
43370,0.037528,104.244.42.0-255,66,234590,53,329326
43371,0.037625,104.244.42.0-255,66,234656,53,329326
43372,0.03763,104.244.42.0-255,66,234722,53,329326
43373,0.038282,172.217.194.0-255,5738,240460,53,329326
43374,0.038288,172.31.46.0-255,66,240526,53,329326
43375,0.040298,172.217.194.0-255,5738,246264,53,329326
43376,0.040306,172.31.46.0-255,66,246330,53,329326
43377,0.042325,172.217.194.0-255,5738,252068,53,329326
43378,0.042332,172.31.46.0-255,66,252134,53,329326
43379,0.044401,172.217.194.0-255,5738,257872,53,329326
43380,0.044407,172.31.46.0-255,66,257938,53,329326
43381,0.046435,172.217.194.0-255,5738,263676,53,329326
43382,0.046445,172.31.46.0-255,66,263742,53,329326
43383,0.048462,172.217.194.0-255,5738,269480,53,329326
43384,0.048469,172.31.46.0-255,66,269546,53,329326
43385,0.050471,172.217.194.0-255,5738,275284,53,329326
43386,0.050478,172.31.46.0-255,66,275350,53,329326
43387,0.052499,172.217.194.0-255,5738,281088,53,329326
43388,0.052505,172.31.46.0-255,66,281154,53,329326
43389,0.054518,172.217.194.0-255,5738,286892,53,329326
43390,0.054524,172.31.46.0-255,66,286958,53,329326
43391,0.056559,172.217.194.0-255,5738,292696,53,329326
43392,0.056566,172.31.46.0-255,66,292762,53,329326
43393,0.058567,172.217.194.0-255,5738,298500,53,329326
43394,0.058574,172.31.46.0-255,66,298566,53,329326
43395,0.060588,172.217.194.0-255,5738,304304,53,329326
43396,0.060595,172.31.46.0-255,66,304370,53,329326
43397,0.062606,172.217.194.0-255,5738,310108,53,329326
43398,0.062612,172.31.46.0-255,66,310174,53,329326
43399,0.064622,172.217.194.0-255,5738,315912,53,329326
43400,0.064629,172.31.46.0-255,66,315978,53,329326
43401,0.066666,172.217.194.0-255,5738,321716,53,329326
43402,0.066673,172.31.46.0-255,66,321782,53,329326
43403,0.068684,172.217.194.0-255,5738,327520,53,329326
43404,0.068691,172.31.46.0-255,66,327586,53,329326
43405,0.070717,172.217.194.0-255,1503,329089,53,329326
43406,0.070725,172.31.46.0-255,66,329155,53,329326
43407,0.070891,172.31.46.0-255,105,329260,53,329326
43408,0.076747,172.217.194.0-255,66,329326,53,329326
43409,0.0,172.217.27.0-255,153,153,53,385639
43410,1.6e-05,172.31.46.0-255,66,219,53,385639
43411,2.2e-05,172.217.27.0-255,1484,1703,53,385639
43412,2.6e-05,172.31.46.0-255,66,1769,53,385639
43413,3.1e-05,172.217.27.0-255,2902,4671,53,385639
43414,4.1e-05,172.31.46.0-255,66,4737,53,385639
43415,4.9e-05,172.217.27.0-255,7156,11893,53,385639
43416,5.2e-05,172.31.46.0-255,66,11959,53,385639
43417,9.6e-05,172.31.46.0-255,66,12025,53,385639
43418,0.000122,172.217.27.0-255,3961,15986,53,385639
43419,0.000125,172.31.46.0-255,66,16052,53,385639
43420,0.000152,172.217.27.0-255,4320,20372,53,385639
43421,0.000154,172.31.46.0-255,66,20438,53,385639
43422,0.000158,172.217.27.0-255,2902,23340,53,385639
43423,0.00016,172.31.46.0-255,66,23406,53,385639
43424,0.000164,172.217.27.0-255,2902,26308,53,385639
43425,0.000166,172.31.46.0-255,66,26374,53,385639
43426,0.000188,172.217.27.0-255,1484,27858,53,385639
43427,0.00019,172.31.46.0-255,66,27924,53,385639
43428,0.000232,172.217.27.0-255,2902,30826,53,385639
43429,0.000235,172.31.46.0-255,66,30892,53,385639
43430,0.000261,172.217.27.0-255,2543,33435,53,385639
43431,0.000263,172.31.46.0-255,66,33501,53,385639
43432,0.00036,172.217.27.0-255,1484,34985,53,385639
43433,0.000364,172.31.46.0-255,66,35051,53,385639
43434,0.000369,172.217.27.0-255,2902,37953,53,385639
43435,0.000371,172.31.46.0-255,66,38019,53,385639
43436,0.000397,172.217.27.0-255,5738,43757,53,385639
43437,0.000399,172.31.46.0-255,66,43823,53,385639
43438,0.000429,172.217.27.0-255,6797,50620,53,385639
43439,0.000431,172.31.46.0-255,66,50686,53,385639
43440,0.000442,172.217.27.0-255,364,51050,53,385639
43441,0.000705,172.217.27.0-255,136,51186,53,385639
43442,0.000903,172.217.27.0-255,1484,52670,53,385639
43443,0.000907,172.31.46.0-255,66,52736,53,385639
43444,0.000912,172.217.27.0-255,2902,55638,53,385639
43445,0.000914,172.31.46.0-255,66,55704,53,385639
43446,0.000917,172.217.27.0-255,1484,57188,53,385639
43447,0.000938,172.217.27.0-255,2902,60090,53,385639
43448,0.00094,172.31.46.0-255,66,60156,53,385639
43449,0.000945,172.217.27.0-255,5738,65894,53,385639
43450,0.000947,172.31.46.0-255,66,65960,53,385639
43451,0.000972,172.217.27.0-255,2543,68503,53,385639
43452,0.000974,172.31.46.0-255,66,68569,53,385639
43453,0.001028,172.217.27.0-255,1484,70053,53,385639
43454,0.001033,172.217.27.0-255,2902,72955,53,385639
43455,0.001035,172.31.46.0-255,66,73021,53,385639
43456,0.001057,172.217.27.0-255,5738,78759,53,385639
43457,0.001059,172.31.46.0-255,66,78825,53,385639
43458,0.001082,172.217.27.0-255,6797,85622,53,385639
43459,0.001085,172.31.46.0-255,66,85688,53,385639
43460,0.002707,172.217.27.0-255,5738,91426,53,385639
43461,0.002713,172.31.46.0-255,66,91492,53,385639
43462,0.004348,172.217.27.0-255,5738,97230,53,385639
43463,0.004352,172.31.46.0-255,66,97296,53,385639
43464,0.005973,172.217.27.0-255,5738,103034,53,385639
43465,0.005978,172.31.46.0-255,66,103100,53,385639
43466,0.00761,172.217.27.0-255,5738,108838,53,385639
43467,0.007617,172.31.46.0-255,66,108904,53,385639
43468,0.009239,172.217.27.0-255,5738,114642,53,385639
43469,0.009245,172.31.46.0-255,66,114708,53,385639
43470,0.010913,172.217.27.0-255,5738,120446,53,385639
43471,0.010919,172.31.46.0-255,66,120512,53,385639
43472,0.012545,172.217.27.0-255,5738,126250,53,385639
43473,0.012552,172.31.46.0-255,66,126316,53,385639
43474,0.014172,172.217.27.0-255,5738,132054,53,385639
43475,0.014178,172.31.46.0-255,66,132120,53,385639
43476,0.015802,172.217.27.0-255,5738,137858,53,385639
43477,0.01581,172.31.46.0-255,66,137924,53,385639
43478,0.017437,172.217.27.0-255,5738,143662,53,385639
43479,0.017447,172.31.46.0-255,66,143728,53,385639
43480,0.019066,172.217.27.0-255,5738,149466,53,385639
43481,0.019073,172.31.46.0-255,66,149532,53,385639
43482,0.020701,172.217.27.0-255,5738,155270,53,385639
43483,0.020708,172.31.46.0-255,66,155336,53,385639
43484,0.022336,172.217.27.0-255,5738,161074,53,385639
43485,0.022342,172.31.46.0-255,66,161140,53,385639
43486,0.023969,172.217.27.0-255,5738,166878,53,385639
43487,0.023978,172.31.46.0-255,66,166944,53,385639
43488,0.025603,172.217.27.0-255,5738,172682,53,385639
43489,0.025611,172.31.46.0-255,66,172748,53,385639
43490,0.027237,172.217.27.0-255,5738,178486,53,385639
43491,0.027244,172.31.46.0-255,66,178552,53,385639
43492,0.02887,172.217.27.0-255,5738,184290,53,385639
43493,0.028878,172.31.46.0-255,66,184356,53,385639
43494,0.030499,172.217.27.0-255,5738,190094,53,385639
43495,0.030506,172.31.46.0-255,66,190160,53,385639
43496,0.031964,172.31.46.0-255,172,190332,53,385639
43497,0.031993,172.31.46.0-255,1107,191439,53,385639
43498,0.03206,172.31.46.0-255,1514,192953,53,385639
43499,0.032062,172.31.46.0-255,1514,194467,53,385639
43500,0.032067,172.31.46.0-255,1514,195981,53,385639
43501,0.032068,172.31.46.0-255,1514,197495,53,385639
43502,0.032096,172.31.46.0-255,1498,198993,53,385639
43503,0.032123,172.217.27.0-255,4320,203313,53,385639
43504,0.032127,172.31.46.0-255,66,203379,53,385639
43505,0.032153,172.217.27.0-255,1484,204863,53,385639
43506,0.033509,104.244.42.0-255,66,204929,53,385639
43507,0.033562,104.244.42.0-255,66,204995,53,385639
43508,0.033606,104.244.42.0-255,66,205061,53,385639
43509,0.033657,104.244.42.0-255,66,205127,53,385639
43510,0.033746,172.217.27.0-255,4320,209447,53,385639
43511,0.033752,172.31.46.0-255,66,209513,53,385639
43512,0.035381,172.217.27.0-255,5738,215251,53,385639
43513,0.035387,172.31.46.0-255,66,215317,53,385639
43514,0.037023,172.217.27.0-255,5738,221055,53,385639
43515,0.03703,172.31.46.0-255,66,221121,53,385639
43516,0.038658,172.217.27.0-255,5738,226859,53,385639
43517,0.038664,172.31.46.0-255,66,226925,53,385639
43518,0.040303,172.217.27.0-255,5738,232663,53,385639
43519,0.040309,172.31.46.0-255,66,232729,53,385639
43520,0.041945,172.217.27.0-255,5738,238467,53,385639
43521,0.04195,172.31.46.0-255,66,238533,53,385639
43522,0.043583,172.217.27.0-255,5738,244271,53,385639
43523,0.04359,172.31.46.0-255,66,244337,53,385639
43524,0.045224,172.217.27.0-255,5738,250075,53,385639
43525,0.045231,172.31.46.0-255,66,250141,53,385639
43526,0.04688,172.217.27.0-255,5738,255879,53,385639
43527,0.046901,172.31.46.0-255,66,255945,53,385639
43528,0.048528,172.217.27.0-255,5738,261683,53,385639
43529,0.048534,172.31.46.0-255,66,261749,53,385639
43530,0.05016,172.217.27.0-255,5738,267487,53,385639
43531,0.050166,172.31.46.0-255,66,267553,53,385639
43532,0.051796,172.217.27.0-255,5738,273291,53,385639
43533,0.051802,172.31.46.0-255,66,273357,53,385639
43534,0.053434,172.217.27.0-255,5738,279095,53,385639
43535,0.053441,172.31.46.0-255,66,279161,53,385639
43536,0.055066,172.217.27.0-255,5738,284899,53,385639
43537,0.055072,172.31.46.0-255,66,284965,53,385639
43538,0.056698,172.217.27.0-255,5738,290703,53,385639
43539,0.056704,172.31.46.0-255,66,290769,53,385639
43540,0.058335,172.217.27.0-255,5738,296507,53,385639
43541,0.05834,172.31.46.0-255,66,296573,53,385639
43542,0.059991,172.217.27.0-255,5738,302311,53,385639
43543,0.059997,172.31.46.0-255,66,302377,53,385639
43544,0.061655,172.217.27.0-255,5738,308115,53,385639
43545,0.061662,172.31.46.0-255,66,308181,53,385639
43546,0.063303,172.217.27.0-255,5738,313919,53,385639
43547,0.063309,172.31.46.0-255,66,313985,53,385639
43548,0.064937,172.217.27.0-255,5738,319723,53,385639
43549,0.064944,172.31.46.0-255,66,319789,53,385639
43550,0.066586,172.217.27.0-255,5738,325527,53,385639
43551,0.066593,172.31.46.0-255,66,325593,53,385639
43552,0.068229,172.217.27.0-255,5738,331331,53,385639
43553,0.068236,172.31.46.0-255,66,331397,53,385639
43554,0.069869,172.217.27.0-255,5738,337135,53,385639
43555,0.069876,172.31.46.0-255,66,337201,53,385639
43556,0.071502,172.217.27.0-255,5738,342939,53,385639
43557,0.071512,172.31.46.0-255,66,343005,53,385639
43558,0.073146,172.217.27.0-255,5738,348743,53,385639
43559,0.073152,172.31.46.0-255,66,348809,53,385639
43560,0.074777,172.217.27.0-255,5738,354547,53,385639
43561,0.074784,172.31.46.0-255,66,354613,53,385639
43562,0.076421,172.217.27.0-255,5738,360351,53,385639
43563,0.076427,172.31.46.0-255,66,360417,53,385639
43564,0.07806,172.217.27.0-255,5738,366155,53,385639
43565,0.078066,172.31.46.0-255,66,366221,53,385639
43566,0.079698,172.217.27.0-255,5738,371959,53,385639
43567,0.079704,172.31.46.0-255,66,372025,53,385639
43568,0.081333,172.217.27.0-255,5738,377763,53,385639
43569,0.081339,172.31.46.0-255,66,377829,53,385639
43570,0.082979,172.217.27.0-255,5738,383567,53,385639
43571,0.082986,172.31.46.0-255,66,383633,53,385639
43572,0.084616,172.217.27.0-255,1769,385402,53,385639
43573,0.084621,172.31.46.0-255,66,385468,53,385639
43574,0.084763,172.31.46.0-255,105,385573,53,385639
43575,0.086418,172.217.27.0-255,66,385639,53,385639
43576,0.0,74.125.200.0-255,148,148,53,374818
43577,1.9e-05,172.31.46.0-255,66,214,53,374818
43578,4.3e-05,74.125.200.0-255,1484,1698,53,374818
43579,4.7e-05,172.31.46.0-255,66,1764,53,374818
43580,5.3e-05,74.125.200.0-255,2902,4666,53,374818
43581,5.6e-05,172.31.46.0-255,66,4732,53,374818
43582,8.4e-05,74.125.200.0-255,5738,10470,53,374818
43583,8.6e-05,172.31.46.0-255,66,10536,53,374818
43584,9.1e-05,74.125.200.0-255,2902,13438,53,374818
43585,9.5e-05,172.31.46.0-255,66,13504,53,374818
43586,0.000118,74.125.200.0-255,589,14093,53,374818
43587,0.00012,172.31.46.0-255,66,14159,53,374818
43588,0.000191,74.125.200.0-255,1484,15643,53,374818
43589,0.000195,172.31.46.0-255,66,15709,53,374818
43590,0.000211,74.125.200.0-255,2902,18611,53,374818
43591,0.000214,172.31.46.0-255,66,18677,53,374818
43592,0.00022,74.125.200.0-255,5738,24415,53,374818
43593,0.000223,172.31.46.0-255,66,24481,53,374818
43594,0.000252,74.125.200.0-255,6797,31278,53,374818
43595,0.000255,172.31.46.0-255,66,31344,53,374818
43596,0.000273,74.125.200.0-255,2902,34246,53,374818
43597,0.000276,172.31.46.0-255,66,34312,53,374818
43598,0.00029,74.125.200.0-255,4320,38632,53,374818
43599,0.000293,172.31.46.0-255,66,38698,53,374818
43600,0.000299,74.125.200.0-255,5738,44436,53,374818
43601,0.000302,172.31.46.0-255,66,44502,53,374818
43602,0.000343,74.125.200.0-255,3961,48463,53,374818
43603,0.000346,172.31.46.0-255,66,48529,53,374818
43604,0.000367,74.125.200.0-255,2902,51431,53,374818
43605,0.000369,172.31.46.0-255,66,51497,53,374818
43606,0.000387,74.125.200.0-255,1484,52981,53,374818
43607,0.00039,172.31.46.0-255,66,53047,53,374818
43608,0.000398,74.125.200.0-255,7156,60203,53,374818
43609,0.0004,172.31.46.0-255,66,60269,53,374818
43610,0.000445,74.125.200.0-255,2902,63171,53,374818
43611,0.000447,172.31.46.0-255,66,63237,53,374818
43612,0.000464,74.125.200.0-255,3132,66369,53,374818
43613,0.000467,172.31.46.0-255,66,66435,53,374818
43614,0.000688,74.125.200.0-255,1484,67919,53,374818
43615,0.000695,74.125.200.0-255,2902,70821,53,374818
43616,0.000699,172.31.46.0-255,66,70887,53,374818
43617,0.000727,74.125.200.0-255,5738,76625,53,374818
43618,0.00073,172.31.46.0-255,66,76691,53,374818
43619,0.000764,172.31.46.0-255,66,76757,53,374818
43620,0.000798,74.125.200.0-255,5738,82495,53,374818
43621,0.000801,172.31.46.0-255,66,82561,53,374818
43622,0.000823,74.125.200.0-255,5020,87581,53,374818
43623,0.000826,172.31.46.0-255,66,87647,53,374818
43624,0.001325,74.125.200.0-255,1484,89131,53,374818
43625,0.00133,74.125.200.0-255,1484,90615,53,374818
43626,0.001334,172.31.46.0-255,66,90681,53,374818
43627,0.001357,74.125.200.0-255,1484,92165,53,374818
43628,0.00136,74.125.200.0-255,1484,93649,53,374818
43629,0.001362,172.31.46.0-255,66,93715,53,374818
43630,0.001367,74.125.200.0-255,2902,96617,53,374818
43631,0.001369,172.31.46.0-255,66,96683,53,374818
43632,0.001374,74.125.200.0-255,2902,99585,53,374818
43633,0.001376,172.31.46.0-255,66,99651,53,374818
43634,0.001399,74.125.200.0-255,2902,102553,53,374818
43635,0.001402,172.31.46.0-255,66,102619,53,374818
43636,0.001407,74.125.200.0-255,2902,105521,53,374818
43637,0.001409,172.31.46.0-255,66,105587,53,374818
43638,0.001429,74.125.200.0-255,7156,112743,53,374818
43639,0.001431,172.31.46.0-255,66,112809,53,374818
43640,0.001484,172.31.46.0-255,66,112875,53,374818
43641,0.001578,74.125.200.0-255,1484,114359,53,374818
43642,0.001594,74.125.200.0-255,2902,117261,53,374818
43643,0.001603,172.31.46.0-255,66,117327,53,374818
43644,0.001631,74.125.200.0-255,5738,123065,53,374818
43645,0.001634,172.31.46.0-255,66,123131,53,374818
43646,0.001641,74.125.200.0-255,7156,130287,53,374818
43647,0.001643,172.31.46.0-255,66,130353,53,374818
43648,0.00166,74.125.200.0-255,5738,136091,53,374818
43649,0.001663,172.31.46.0-255,66,136157,53,374818
43650,0.001691,74.125.200.0-255,7156,143313,53,374818
43651,0.001694,172.31.46.0-255,66,143379,53,374818
43652,0.001708,74.125.200.0-255,3602,146981,53,374818
43653,0.00171,172.31.46.0-255,66,147047,53,374818
43654,0.001835,74.125.200.0-255,1484,148531,53,374818
43655,0.001852,74.125.200.0-255,2902,151433,53,374818
43656,0.001855,172.31.46.0-255,66,151499,53,374818
43657,0.00188,74.125.200.0-255,4320,155819,53,374818
43658,0.001883,172.31.46.0-255,66,155885,53,374818
43659,0.001887,74.125.200.0-255,2902,158787,53,374818
43660,0.001889,172.31.46.0-255,66,158853,53,374818
43661,0.001919,74.125.200.0-255,5738,164591,53,374818
43662,0.001922,172.31.46.0-255,66,164657,53,374818
43663,0.001928,74.125.200.0-255,5738,170395,53,374818
43664,0.00193,172.31.46.0-255,66,170461,53,374818
43665,0.001937,74.125.200.0-255,7156,177617,53,374818
43666,0.00194,172.31.46.0-255,66,177683,53,374818
43667,0.001973,74.125.200.0-255,3602,181285,53,374818
43668,0.001977,172.31.46.0-255,66,181351,53,374818
43669,0.004291,74.125.200.0-255,1484,182835,53,374818
43670,0.004327,74.125.200.0-255,4320,187155,53,374818
43671,0.004332,172.31.46.0-255,66,187221,53,374818
43672,0.006684,74.125.200.0-255,1484,188705,53,374818
43673,0.0067,74.125.200.0-255,4320,193025,53,374818
43674,0.006703,172.31.46.0-255,66,193091,53,374818
43675,0.009072,74.125.200.0-255,5738,198829,53,374818
43676,0.00908,172.31.46.0-255,66,198895,53,374818
43677,0.011446,74.125.200.0-255,5738,204633,53,374818
43678,0.011454,172.31.46.0-255,66,204699,53,374818
43679,0.013817,74.125.200.0-255,5738,210437,53,374818
43680,0.013825,172.31.46.0-255,66,210503,53,374818
43681,0.016192,74.125.200.0-255,5738,216241,53,374818
43682,0.016198,172.31.46.0-255,66,216307,53,374818
43683,0.018575,74.125.200.0-255,5738,222045,53,374818
43684,0.018583,172.31.46.0-255,66,222111,53,374818
43685,0.020938,74.125.200.0-255,5738,227849,53,374818
43686,0.020946,172.31.46.0-255,66,227915,53,374818
43687,0.023318,74.125.200.0-255,5738,233653,53,374818
43688,0.023329,172.31.46.0-255,66,233719,53,374818
43689,0.025692,74.125.200.0-255,5738,239457,53,374818
43690,0.025701,172.31.46.0-255,66,239523,53,374818
43691,0.028063,74.125.200.0-255,5738,245261,53,374818
43692,0.028069,172.31.46.0-255,66,245327,53,374818
43693,0.030436,74.125.200.0-255,5738,251065,53,374818
43694,0.030445,172.31.46.0-255,66,251131,53,374818
43695,0.032801,74.125.200.0-255,5738,256869,53,374818
43696,0.032809,172.31.46.0-255,66,256935,53,374818
43697,0.033554,172.31.46.0-255,172,257107,53,374818
43698,0.033589,172.31.46.0-255,1074,258181,53,374818
43699,0.035078,104.244.42.0-255,66,258247,53,374818
43700,0.035172,74.125.200.0-255,5738,263985,53,374818
43701,0.035178,172.31.46.0-255,66,264051,53,374818
43702,0.035189,104.244.42.0-255,66,264117,53,374818
43703,0.037551,74.125.200.0-255,5738,269855,53,374818
43704,0.037557,172.31.46.0-255,66,269921,53,374818
43705,0.039927,74.125.200.0-255,5738,275659,53,374818
43706,0.039933,172.31.46.0-255,66,275725,53,374818
43707,0.042323,74.125.200.0-255,5738,281463,53,374818
43708,0.042329,172.31.46.0-255,66,281529,53,374818
43709,0.044704,74.125.200.0-255,5738,287267,53,374818
43710,0.044713,172.31.46.0-255,66,287333,53,374818
43711,0.047078,74.125.200.0-255,5738,293071,53,374818
43712,0.047083,172.31.46.0-255,66,293137,53,374818
43713,0.049448,74.125.200.0-255,5738,298875,53,374818
43714,0.049454,172.31.46.0-255,66,298941,53,374818
43715,0.051864,74.125.200.0-255,5738,304679,53,374818
43716,0.051871,172.31.46.0-255,66,304745,53,374818
43717,0.054242,74.125.200.0-255,5738,310483,53,374818
43718,0.054249,172.31.46.0-255,66,310549,53,374818
43719,0.056615,74.125.200.0-255,5738,316287,53,374818
43720,0.056622,172.31.46.0-255,66,316353,53,374818
43721,0.058984,74.125.200.0-255,5738,322091,53,374818
43722,0.05899,172.31.46.0-255,66,322157,53,374818
43723,0.061352,74.125.200.0-255,5738,327895,53,374818
43724,0.061358,172.31.46.0-255,66,327961,53,374818
43725,0.06372,74.125.200.0-255,5738,333699,53,374818
43726,0.063727,172.31.46.0-255,66,333765,53,374818
43727,0.066102,74.125.200.0-255,5738,339503,53,374818
43728,0.066108,172.31.46.0-255,66,339569,53,374818
43729,0.06848,74.125.200.0-255,5738,345307,53,374818
43730,0.068488,172.31.46.0-255,66,345373,53,374818
43731,0.070867,74.125.200.0-255,5738,351111,53,374818
43732,0.070874,172.31.46.0-255,66,351177,53,374818
43733,0.073246,74.125.200.0-255,5738,356915,53,374818
43734,0.073253,172.31.46.0-255,66,356981,53,374818
43735,0.075609,74.125.200.0-255,5738,362719,53,374818
43736,0.075616,172.31.46.0-255,66,362785,53,374818
43737,0.077975,74.125.200.0-255,5738,368523,53,374818
43738,0.077984,172.31.46.0-255,66,368589,53,374818
43739,0.080338,74.125.200.0-255,5738,374327,53,374818
43740,0.080346,172.31.46.0-255,66,374393,53,374818
43741,0.08267,74.125.200.0-255,188,374581,53,374818
43742,0.082811,172.31.46.0-255,66,374647,53,374818
43743,0.082848,172.31.46.0-255,105,374752,53,374818
43744,0.085191,74.125.200.0-255,66,374818,53,374818
43745,0.0,172.217.194.0-255,146,146,53,117295
43746,3e-05,172.31.46.0-255,66,212,53,117295
43747,3.7e-05,172.217.194.0-255,1484,1696,53,117295
43748,4.1e-05,172.31.46.0-255,66,1762,53,117295
43749,5.4e-05,172.217.194.0-255,2902,4664,53,117295
43750,5.6e-05,172.31.46.0-255,66,4730,53,117295
43751,6.3e-05,172.217.194.0-255,7156,11886,53,117295
43752,6.6e-05,172.31.46.0-255,66,11952,53,117295
43753,8.1e-05,172.31.46.0-255,66,12018,53,117295
43754,8.3e-05,172.217.194.0-255,6797,18815,53,117295
43755,8.5e-05,172.31.46.0-255,66,18881,53,117295
43756,0.000112,172.217.194.0-255,2902,21783,53,117295
43757,0.000115,172.31.46.0-255,66,21849,53,117295
43758,0.00015,172.217.194.0-255,4320,26169,53,117295
43759,0.000152,172.31.46.0-255,66,26235,53,117295
43760,0.00016,172.217.194.0-255,7156,33391,53,117295
43761,0.000162,172.31.46.0-255,66,33457,53,117295
43762,0.000168,172.217.194.0-255,5738,39195,53,117295
43763,0.000171,172.31.46.0-255,66,39261,53,117295
43764,0.000215,172.31.46.0-255,66,39327,53,117295
43765,0.000219,172.217.194.0-255,2833,42160,53,117295
43766,0.000221,172.31.46.0-255,66,42226,53,117295
43767,0.000224,172.217.194.0-255,102,42328,53,117295
43768,0.000226,172.31.46.0-255,66,42394,53,117295
43769,0.000229,172.217.194.0-255,362,42756,53,117295
43770,0.000231,172.31.46.0-255,66,42822,53,117295
43771,0.000421,172.217.194.0-255,1484,44306,53,117295
43772,0.000426,172.31.46.0-255,66,44372,53,117295
43773,0.000431,172.217.194.0-255,2902,47274,53,117295
43774,0.000435,172.31.46.0-255,66,47340,53,117295
43775,0.000438,172.217.194.0-255,2902,50242,53,117295
43776,0.000446,172.31.46.0-255,66,50308,53,117295
43777,0.00049,172.217.194.0-255,2902,53210,53,117295
43778,0.000494,172.31.46.0-255,66,53276,53,117295
43779,0.000507,172.31.46.0-255,66,53342,53,117295
43780,0.00052,172.31.46.0-255,66,53408,53,117295
43781,0.000686,172.217.194.0-255,1484,54892,53,117295
43782,0.000694,172.217.194.0-255,2902,57794,53,117295
43783,0.000697,172.31.46.0-255,66,57860,53,117295
43784,0.000728,172.217.194.0-255,5738,63598,53,117295
43785,0.000731,172.31.46.0-255,66,63664,53,117295
43786,0.00075,172.31.46.0-255,66,63730,53,117295
43787,0.000764,172.217.194.0-255,4320,68050,53,117295
43788,0.000772,172.31.46.0-255,66,68116,53,117295
43789,0.000802,172.217.194.0-255,5738,73854,53,117295
43790,0.000806,172.31.46.0-255,66,73920,53,117295
43791,0.000812,172.217.194.0-255,5020,78940,53,117295
43792,0.000815,172.31.46.0-255,66,79006,53,117295
43793,0.000819,172.217.194.0-255,2902,81908,53,117295
43794,0.00083,172.31.46.0-255,66,81974,53,117295
43795,0.000871,172.217.194.0-255,2902,84876,53,117295
43796,0.000875,172.31.46.0-255,66,84942,53,117295
43797,0.000894,172.31.46.0-255,66,85008,53,117295
43798,0.000901,172.217.194.0-255,7156,92164,53,117295
43799,0.000903,172.31.46.0-255,66,92230,53,117295
43800,0.000931,172.217.194.0-255,3602,95832,53,117295
43801,0.000934,172.31.46.0-255,66,95898,53,117295
43802,0.000956,172.31.46.0-255,66,95964,53,117295
43803,0.000983,172.217.194.0-255,1484,97448,53,117295
43804,0.000988,172.217.194.0-255,2902,100350,53,117295
43805,0.000991,172.31.46.0-255,66,100416,53,117295
43806,0.001033,172.31.46.0-255,66,100482,53,117295
43807,0.001066,172.31.46.0-255,66,100548,53,117295
43808,0.001124,172.31.46.0-255,66,100614,53,117295
43809,0.001189,172.31.46.0-255,66,100680,53,117295
43810,0.001223,172.31.46.0-255,66,100746,53,117295
43811,0.001307,172.31.46.0-255,66,100812,53,117295
43812,0.001325,172.31.46.0-255,66,100878,53,117295
43813,0.001359,172.31.46.0-255,66,100944,53,117295
43814,0.001472,172.31.46.0-255,66,101010,53,117295
43815,0.00148,172.217.194.0-255,1484,102494,53,117295
43816,0.001498,172.217.194.0-255,4320,106814,53,117295
43817,0.001517,172.31.46.0-255,66,106880,53,117295
43818,0.001535,172.31.46.0-255,66,106946,53,117295
43819,0.001578,172.31.46.0-255,66,107012,53,117295
43820,0.001637,172.31.46.0-255,66,107078,53,117295
43821,0.001698,172.31.46.0-255,66,107144,53,117295
43822,0.00173,172.217.194.0-255,5454,112598,53,117295
43823,0.001734,172.217.194.0-255,105,112703,53,117295
43824,0.001749,172.31.46.0-255,66,112769,53,117295
43825,0.009393,172.31.46.0-255,66,112835,53,117295
43826,0.00942,172.31.46.0-255,105,112940,53,117295
43827,0.011714,172.217.194.0-255,66,113006,53,117295
43828,0.027229,172.31.46.0-255,172,113178,53,117295
43829,0.027261,172.31.46.0-255,1111,114289,53,117295
43830,0.027291,172.31.46.0-255,1514,115803,53,117295
43831,0.027292,172.31.46.0-255,1294,117097,53,117295
43832,0.028696,104.244.42.0-255,66,117163,53,117295
43833,0.028727,104.244.42.0-255,66,117229,53,117295
43834,0.028785,104.244.42.0-255,66,117295,53,117295
43835,0.0,172.217.194.0-255,153,153,53,368968
43836,2.6e-05,172.31.46.0-255,66,219,53,368968
43837,3.3e-05,172.217.194.0-255,1484,1703,53,368968
43838,3.7e-05,172.31.46.0-255,66,1769,53,368968
43839,4.4e-05,172.217.194.0-255,2902,4671,53,368968
43840,4.8e-05,172.31.46.0-255,66,4737,53,368968
43841,5.6e-05,172.217.194.0-255,7156,11893,53,368968
43842,5.9e-05,172.31.46.0-255,66,11959,53,368968
43843,0.000114,172.217.194.0-255,1976,13935,53,368968
43844,0.000117,172.31.46.0-255,66,14001,53,368968
43845,0.000169,172.217.194.0-255,1484,15485,53,368968
43846,0.000173,172.31.46.0-255,66,15551,53,368968
43847,0.000178,172.217.194.0-255,2902,18453,53,368968
43848,0.000181,172.31.46.0-255,66,18519,53,368968
43849,0.000184,172.217.194.0-255,1484,20003,53,368968
43850,0.000186,172.31.46.0-255,66,20069,53,368968
43851,0.000214,172.217.194.0-255,4320,24389,53,368968
43852,0.000218,172.31.46.0-255,66,24455,53,368968
43853,0.000224,172.217.194.0-255,4320,28775,53,368968
43854,0.000227,172.31.46.0-255,66,28841,53,368968
43855,0.00024,172.217.194.0-255,2543,31384,53,368968
43856,0.000242,172.31.46.0-255,66,31450,53,368968
43857,0.00027,172.217.194.0-255,7156,38606,53,368968
43858,0.000274,172.31.46.0-255,66,38672,53,368968
43859,0.000281,172.217.194.0-255,7156,45828,53,368968
43860,0.000284,172.31.46.0-255,66,45894,53,368968
43861,0.000337,172.217.194.0-255,2543,48437,53,368968
43862,0.000341,172.31.46.0-255,66,48503,53,368968
43863,0.000857,172.217.194.0-255,1484,49987,53,368968
43864,0.000865,172.31.46.0-255,66,50053,53,368968
43865,0.000871,172.217.194.0-255,2902,52955,53,368968
43866,0.000875,172.31.46.0-255,66,53021,53,368968
43867,0.000879,172.217.194.0-255,2902,55923,53,368968
43868,0.000882,172.31.46.0-255,66,55989,53,368968
43869,0.000903,172.217.194.0-255,2902,58891,53,368968
43870,0.000906,172.31.46.0-255,66,58957,53,368968
43871,0.000913,172.217.194.0-255,5738,64695,53,368968
43872,0.000915,172.31.46.0-255,66,64761,53,368968
43873,0.000936,172.217.194.0-255,5379,70140,53,368968
43874,0.000939,172.31.46.0-255,66,70206,53,368968
43875,0.000946,172.217.194.0-255,7156,77362,53,368968
43876,0.000948,172.31.46.0-255,66,77428,53,368968
43877,0.000971,172.217.194.0-255,5379,82807,53,368968
43878,0.000973,172.31.46.0-255,66,82873,53,368968
43879,0.001042,172.217.194.0-255,1484,84357,53,368968
43880,0.001064,172.217.194.0-255,2902,87259,53,368968
43881,0.001068,172.31.46.0-255,66,87325,53,368968
43882,0.001075,172.217.194.0-255,5738,93063,53,368968
43883,0.001077,172.31.46.0-255,66,93129,53,368968
43884,0.001104,172.31.46.0-255,66,93195,53,368968
43885,0.001299,172.217.194.0-255,1484,94679,53,368968
43886,0.001305,172.217.194.0-255,2902,97581,53,368968
43887,0.001308,172.31.46.0-255,66,97647,53,368968
43888,0.001313,172.217.194.0-255,2902,100549,53,368968
43889,0.001315,172.31.46.0-255,66,100615,53,368968
43890,0.001332,172.217.194.0-255,2902,103517,53,368968
43891,0.001335,172.31.46.0-255,66,103583,53,368968
43892,0.00134,172.217.194.0-255,4320,107903,53,368968
43893,0.001342,172.31.46.0-255,66,107969,53,368968
43894,0.001372,172.217.194.0-255,5738,113707,53,368968
43895,0.001375,172.31.46.0-255,66,113773,53,368968
43896,0.001392,172.217.194.0-255,4320,118093,53,368968
43897,0.001394,172.31.46.0-255,66,118159,53,368968
43898,0.001427,172.31.46.0-255,66,118225,53,368968
43899,0.00145,172.217.194.0-255,7156,125381,53,368968
43900,0.001453,172.31.46.0-255,66,125447,53,368968
43901,0.001479,172.217.194.0-255,7156,132603,53,368968
43902,0.001482,172.31.46.0-255,66,132669,53,368968
43903,0.001494,172.31.46.0-255,66,132735,53,368968
43904,0.001511,172.217.194.0-255,5738,138473,53,368968
43905,0.001513,172.31.46.0-255,66,138539,53,368968
43906,0.001519,172.217.194.0-255,3602,142141,53,368968
43907,0.001521,172.31.46.0-255,66,142207,53,368968
43908,0.001893,172.217.194.0-255,1484,143691,53,368968
43909,0.0019,172.217.194.0-255,2902,146593,53,368968
43910,0.001903,172.31.46.0-255,66,146659,53,368968
43911,0.001909,172.217.194.0-255,4320,150979,53,368968
43912,0.001912,172.31.46.0-255,66,151045,53,368968
43913,0.001927,172.217.194.0-255,1484,152529,53,368968
43914,0.001933,172.217.194.0-255,5738,158267,53,368968
43915,0.001936,172.31.46.0-255,66,158333,53,368968
43916,0.001958,172.217.194.0-255,7156,165489,53,368968
43917,0.00196,172.31.46.0-255,66,165555,53,368968
43918,0.002006,172.217.194.0-255,7156,172711,53,368968
43919,0.002008,172.31.46.0-255,66,172777,53,368968
43920,0.002031,172.217.194.0-255,3602,176379,53,368968
43921,0.002038,172.31.46.0-255,66,176445,53,368968
43922,0.00409,172.217.194.0-255,1484,177929,53,368968
43923,0.004132,172.217.194.0-255,4320,182249,53,368968
43924,0.004141,172.31.46.0-255,66,182315,53,368968
43925,0.006258,172.217.194.0-255,5738,188053,53,368968
43926,0.006266,172.31.46.0-255,66,188119,53,368968
43927,0.008325,172.217.194.0-255,4320,192439,53,368968
43928,0.008328,172.31.46.0-255,66,192505,53,368968
43929,0.008344,172.217.194.0-255,1484,193989,53,368968
43930,0.010434,172.217.194.0-255,4320,198309,53,368968
43931,0.010447,172.31.46.0-255,66,198375,53,368968
43932,0.012564,172.217.194.0-255,5738,204113,53,368968
43933,0.012583,172.31.46.0-255,66,204179,53,368968
43934,0.014705,172.217.194.0-255,5738,209917,53,368968
43935,0.014722,172.31.46.0-255,66,209983,53,368968
43936,0.016823,172.217.194.0-255,5738,215721,53,368968
43937,0.016837,172.31.46.0-255,66,215787,53,368968
43938,0.018962,172.217.194.0-255,5738,221525,53,368968
43939,0.018988,172.31.46.0-255,66,221591,53,368968
43940,0.021106,172.217.194.0-255,5738,227329,53,368968
43941,0.02112,172.31.46.0-255,66,227395,53,368968
43942,0.023204,172.217.194.0-255,5738,233133,53,368968
43943,0.023212,172.31.46.0-255,66,233199,53,368968
43944,0.025288,172.217.194.0-255,5738,238937,53,368968
43945,0.025299,172.31.46.0-255,66,239003,53,368968
43946,0.027412,172.217.194.0-255,5738,244741,53,368968
43947,0.027422,172.31.46.0-255,66,244807,53,368968
43948,0.029578,172.217.194.0-255,5738,250545,53,368968
43949,0.029591,172.31.46.0-255,66,250611,53,368968
43950,0.031683,172.217.194.0-255,5738,256349,53,368968
43951,0.031695,172.31.46.0-255,66,256415,53,368968
43952,0.033793,172.217.194.0-255,5738,262153,53,368968
43953,0.033812,172.31.46.0-255,66,262219,53,368968
43954,0.035912,172.217.194.0-255,5738,267957,53,368968
43955,0.035929,172.31.46.0-255,66,268023,53,368968
43956,0.038046,172.217.194.0-255,5738,273761,53,368968
43957,0.038064,172.31.46.0-255,66,273827,53,368968
43958,0.040134,172.217.194.0-255,5738,279565,53,368968
43959,0.040146,172.31.46.0-255,66,279631,53,368968
43960,0.040888,172.31.46.0-255,172,279803,53,368968
43961,0.040924,172.31.46.0-255,1074,280877,53,368968
43962,0.042243,172.217.194.0-255,5738,286615,53,368968
43963,0.042258,172.31.46.0-255,66,286681,53,368968
43964,0.042431,104.244.42.0-255,66,286747,53,368968
43965,0.042471,104.244.42.0-255,66,286813,53,368968
43966,0.044343,172.217.194.0-255,5738,292551,53,368968
43967,0.044359,172.31.46.0-255,66,292617,53,368968
43968,0.04647,172.217.194.0-255,5738,298355,53,368968
43969,0.046483,172.31.46.0-255,66,298421,53,368968
43970,0.048617,172.217.194.0-255,5738,304159,53,368968
43971,0.048633,172.31.46.0-255,66,304225,53,368968
43972,0.050722,172.217.194.0-255,5738,309963,53,368968
43973,0.050742,172.31.46.0-255,66,310029,53,368968
43974,0.052862,172.217.194.0-255,5738,315767,53,368968
43975,0.052879,172.31.46.0-255,66,315833,53,368968
43976,0.054972,172.217.194.0-255,5738,321571,53,368968
43977,0.054986,172.31.46.0-255,66,321637,53,368968
43978,0.057089,172.217.194.0-255,5738,327375,53,368968
43979,0.057103,172.31.46.0-255,66,327441,53,368968
43980,0.059451,172.217.194.0-255,5738,333179,53,368968
43981,0.059466,172.31.46.0-255,66,333245,53,368968
43982,0.061563,172.217.194.0-255,5738,338983,53,368968
43983,0.061579,172.31.46.0-255,66,339049,53,368968
43984,0.06368,172.217.194.0-255,5738,344787,53,368968
43985,0.063692,172.31.46.0-255,66,344853,53,368968
43986,0.06585,172.217.194.0-255,5738,350591,53,368968
43987,0.06586,172.31.46.0-255,66,350657,53,368968
43988,0.067995,172.217.194.0-255,5738,356395,53,368968
43989,0.06801,172.31.46.0-255,66,356461,53,368968
43990,0.070177,172.217.194.0-255,5738,362199,53,368968
43991,0.070193,172.31.46.0-255,66,362265,53,368968
43992,0.072282,172.217.194.0-255,5738,368003,53,368968
43993,0.072297,172.31.46.0-255,66,368069,53,368968
43994,0.07441,172.217.194.0-255,662,368731,53,368968
43995,0.074606,172.31.46.0-255,66,368797,53,368968
43996,0.07465,172.31.46.0-255,105,368902,53,368968
43997,0.076688,172.217.194.0-255,66,368968,53,368968
43998,0.0,74.125.24.0-255,295,295,53,353240
43999,2e-05,172.31.46.0-255,66,361,53,353240
44000,2.6e-05,74.125.24.0-255,1484,1845,53,353240
44001,3e-05,172.31.46.0-255,66,1911,53,353240
44002,3.7e-05,74.125.24.0-255,4320,6231,53,353240
44003,4.1e-05,172.31.46.0-255,66,6297,53,353240
44004,4.6e-05,74.125.24.0-255,2902,9199,53,353240
44005,4.9e-05,172.31.46.0-255,66,9265,53,353240
44006,8.4e-05,74.125.24.0-255,1484,10749,53,353240
44007,8.7e-05,172.31.46.0-255,66,10815,53,353240
44008,0.000109,74.125.24.0-255,3231,14046,53,353240
44009,0.000111,172.31.46.0-255,66,14112,53,353240
44010,0.000216,74.125.24.0-255,1484,15596,53,353240
44011,0.00022,172.31.46.0-255,66,15662,53,353240
44012,0.000226,74.125.24.0-255,2902,18564,53,353240
44013,0.000228,172.31.46.0-255,66,18630,53,353240
44014,0.000249,74.125.24.0-255,5738,24368,53,353240
44015,0.000251,172.31.46.0-255,66,24434,53,353240
44016,0.000296,74.125.24.0-255,5738,30172,53,353240
44017,0.000299,172.31.46.0-255,66,30238,53,353240
44018,0.00031,74.125.24.0-255,1125,31363,53,353240
44019,0.000312,172.31.46.0-255,66,31429,53,353240
44020,0.000317,74.125.24.0-255,4320,35749,53,353240
44021,0.000319,172.31.46.0-255,66,35815,53,353240
44022,0.000343,74.125.24.0-255,2902,38717,53,353240
44023,0.000345,172.31.46.0-255,66,38783,53,353240
44024,0.000351,74.125.24.0-255,5738,44521,53,353240
44025,0.000354,172.31.46.0-255,66,44587,53,353240
44026,0.000374,74.125.24.0-255,3961,48548,53,353240
44027,0.000377,172.31.46.0-255,66,48614,53,353240
44028,0.000411,74.125.24.0-255,1484,50098,53,353240
44029,0.000414,172.31.46.0-255,66,50164,53,353240
44030,0.000419,74.125.24.0-255,2902,53066,53,353240
44031,0.000421,172.31.46.0-255,66,53132,53,353240
44032,0.000432,74.125.24.0-255,1484,54616,53,353240
44033,0.000447,74.125.24.0-255,4320,58936,53,353240
44034,0.00045,172.31.46.0-255,66,59002,53,353240
44035,0.000466,74.125.24.0-255,7110,66112,53,353240
44036,0.000468,172.31.46.0-255,66,66178,53,353240
44037,0.000545,74.125.24.0-255,110,66288,53,353240
44038,0.000759,74.125.24.0-255,331,66619,53,353240
44039,0.001107,172.31.46.0-255,66,66685,53,353240
44040,0.001118,74.125.24.0-255,1484,68169,53,353240
44041,0.001132,74.125.24.0-255,2902,71071,53,353240
44042,0.001134,172.31.46.0-255,66,71137,53,353240
44043,0.00114,74.125.24.0-255,4320,75457,53,353240
44044,0.001142,172.31.46.0-255,66,75523,53,353240
44045,0.001154,74.125.24.0-255,1484,77007,53,353240
44046,0.00116,74.125.24.0-255,5738,82745,53,353240
44047,0.001163,172.31.46.0-255,66,82811,53,353240
44048,0.001203,172.31.46.0-255,66,82877,53,353240
44049,0.001211,74.125.24.0-255,5020,87897,53,353240
44050,0.001213,172.31.46.0-255,66,87963,53,353240
44051,0.001993,74.125.24.0-255,1484,89447,53,353240
44052,0.002005,74.125.24.0-255,2902,92349,53,353240
44053,0.00201,172.31.46.0-255,66,92415,53,353240
44054,0.002018,74.125.24.0-255,5738,98153,53,353240
44055,0.00202,172.31.46.0-255,66,98219,53,353240
44056,0.002041,74.125.24.0-255,4320,102539,53,353240
44057,0.002043,172.31.46.0-255,66,102605,53,353240
44058,0.002071,172.31.46.0-255,66,102671,53,353240
44059,0.002074,74.125.24.0-255,1484,104155,53,353240
44060,0.002089,74.125.24.0-255,4320,108475,53,353240
44061,0.002091,172.31.46.0-255,66,108541,53,353240
44062,0.002116,74.125.24.0-255,5020,113561,53,353240
44063,0.002118,172.31.46.0-255,66,113627,53,353240
44064,0.004779,74.125.24.0-255,1484,115111,53,353240
44065,0.004797,74.125.24.0-255,2902,118013,53,353240
44066,0.004807,172.31.46.0-255,66,118079,53,353240
44067,0.004813,74.125.24.0-255,1484,119563,53,353240
44068,0.007144,74.125.24.0-255,2902,122465,53,353240
44069,0.007149,172.31.46.0-255,66,122531,53,353240
44070,0.007163,74.125.24.0-255,1484,124015,53,353240
44071,0.009494,74.125.24.0-255,4320,128335,53,353240
44072,0.009507,172.31.46.0-255,66,128401,53,353240
44073,0.011892,74.125.24.0-255,5738,134139,53,353240
44074,0.011907,172.31.46.0-255,66,134205,53,353240
44075,0.014262,74.125.24.0-255,5738,139943,53,353240
44076,0.014277,172.31.46.0-255,66,140009,53,353240
44077,0.016674,74.125.24.0-255,5738,145747,53,353240
44078,0.016691,172.31.46.0-255,66,145813,53,353240
44079,0.019075,74.125.24.0-255,5738,151551,53,353240
44080,0.019093,172.31.46.0-255,66,151617,53,353240
44081,0.021451,74.125.24.0-255,5738,157355,53,353240
44082,0.021467,172.31.46.0-255,66,157421,53,353240
44083,0.023841,74.125.24.0-255,5738,163159,53,353240
44084,0.023858,172.31.46.0-255,66,163225,53,353240
44085,0.026225,74.125.24.0-255,5738,168963,53,353240
44086,0.02624,172.31.46.0-255,66,169029,53,353240
44087,0.028616,74.125.24.0-255,5738,174767,53,353240
44088,0.028624,172.31.46.0-255,66,174833,53,353240
44089,0.030614,172.31.46.0-255,172,175005,53,353240
44090,0.030645,172.31.46.0-255,1113,176118,53,353240
44091,0.030704,172.31.46.0-255,1514,177632,53,353240
44092,0.030705,172.31.46.0-255,1290,178922,53,353240
44093,0.030969,74.125.24.0-255,5738,184660,53,353240
44094,0.030976,172.31.46.0-255,66,184726,53,353240
44095,0.032144,104.244.42.0-255,66,184792,53,353240
44096,0.032179,104.244.42.0-255,66,184858,53,353240
44097,0.032284,104.244.42.0-255,66,184924,53,353240
44098,0.033345,74.125.24.0-255,5738,190662,53,353240
44099,0.03335,172.31.46.0-255,66,190728,53,353240
44100,0.035693,74.125.24.0-255,5738,196466,53,353240
44101,0.035701,172.31.46.0-255,66,196532,53,353240
44102,0.038057,74.125.24.0-255,5738,202270,53,353240
44103,0.038064,172.31.46.0-255,66,202336,53,353240
44104,0.040459,74.125.24.0-255,5738,208074,53,353240
44105,0.040466,172.31.46.0-255,66,208140,53,353240
44106,0.042809,74.125.24.0-255,5738,213878,53,353240
44107,0.042815,172.31.46.0-255,66,213944,53,353240
44108,0.04517,74.125.24.0-255,5738,219682,53,353240
44109,0.045187,172.31.46.0-255,66,219748,53,353240
44110,0.047588,74.125.24.0-255,5738,225486,53,353240
44111,0.047607,172.31.46.0-255,66,225552,53,353240
44112,0.049991,74.125.24.0-255,5738,231290,53,353240
44113,0.050003,172.31.46.0-255,66,231356,53,353240
44114,0.05236,74.125.24.0-255,5738,237094,53,353240
44115,0.052369,172.31.46.0-255,66,237160,53,353240
44116,0.054728,74.125.24.0-255,5738,242898,53,353240
44117,0.054735,172.31.46.0-255,66,242964,53,353240
44118,0.05707,74.125.24.0-255,5738,248702,53,353240
44119,0.05708,172.31.46.0-255,66,248768,53,353240
44120,0.059449,74.125.24.0-255,5738,254506,53,353240
44121,0.059458,172.31.46.0-255,66,254572,53,353240
44122,0.061807,74.125.24.0-255,5738,260310,53,353240
44123,0.061815,172.31.46.0-255,66,260376,53,353240
44124,0.064194,74.125.24.0-255,5738,266114,53,353240
44125,0.064202,172.31.46.0-255,66,266180,53,353240
44126,0.066555,74.125.24.0-255,5738,271918,53,353240
44127,0.066564,172.31.46.0-255,66,271984,53,353240
44128,0.068956,74.125.24.0-255,5738,277722,53,353240
44129,0.068963,172.31.46.0-255,66,277788,53,353240
44130,0.071342,74.125.24.0-255,5738,283526,53,353240
44131,0.071369,172.31.46.0-255,66,283592,53,353240
44132,0.073745,74.125.24.0-255,5738,289330,53,353240
44133,0.073757,172.31.46.0-255,66,289396,53,353240
44134,0.076126,74.125.24.0-255,5738,295134,53,353240
44135,0.076142,172.31.46.0-255,66,295200,53,353240
44136,0.078517,74.125.24.0-255,5738,300938,53,353240
44137,0.078526,172.31.46.0-255,66,301004,53,353240
44138,0.080874,74.125.24.0-255,5738,306742,53,353240
44139,0.080886,172.31.46.0-255,66,306808,53,353240
44140,0.083265,74.125.24.0-255,5738,312546,53,353240
44141,0.083274,172.31.46.0-255,66,312612,53,353240
44142,0.085645,74.125.24.0-255,5738,318350,53,353240
44143,0.085653,172.31.46.0-255,66,318416,53,353240
44144,0.088003,74.125.24.0-255,5738,324154,53,353240
44145,0.088011,172.31.46.0-255,66,324220,53,353240
44146,0.090409,74.125.24.0-255,5738,329958,53,353240
44147,0.090416,172.31.46.0-255,66,330024,53,353240
44148,0.092779,74.125.24.0-255,5738,335762,53,353240
44149,0.092785,172.31.46.0-255,66,335828,53,353240
44150,0.095148,74.125.24.0-255,5738,341566,53,353240
44151,0.095156,172.31.46.0-255,66,341632,53,353240
44152,0.097533,74.125.24.0-255,5738,347370,53,353240
44153,0.09754,172.31.46.0-255,66,347436,53,353240
44154,0.099882,74.125.24.0-255,5738,353174,53,353240
44155,0.099903,172.31.46.0-255,66,353240,53,353240
44156,0.0,74.125.68.0-255,153,153,53,347626
44157,1.4e-05,172.31.46.0-255,66,219,53,347626
44158,2.1e-05,74.125.68.0-255,1484,1703,53,347626
44159,2.5e-05,172.31.46.0-255,66,1769,53,347626
44160,3.1e-05,74.125.68.0-255,2902,4671,53,347626
44161,4.3e-05,172.31.46.0-255,66,4737,53,347626
44162,8e-05,74.125.68.0-255,4320,9057,53,347626
44163,8.3e-05,172.31.46.0-255,66,9123,53,347626
44164,0.000114,74.125.68.0-255,4777,13900,53,347626
44165,0.000117,172.31.46.0-255,66,13966,53,347626
44166,0.000139,74.125.68.0-255,1484,15450,53,347626
44167,0.000141,172.31.46.0-255,66,15516,53,347626
44168,0.00016,74.125.68.0-255,2902,18418,53,347626
44169,0.000162,172.31.46.0-255,66,18484,53,347626
44170,0.000165,74.125.68.0-255,1484,19968,53,347626
44171,0.000167,172.31.46.0-255,66,20034,53,347626
44172,0.000191,74.125.68.0-255,4320,24354,53,347626
44173,0.000197,172.31.46.0-255,66,24420,53,347626
44174,0.0002,74.125.68.0-255,1484,25904,53,347626
44175,0.000203,172.31.46.0-255,66,25970,53,347626
44176,0.000237,74.125.68.0-255,2902,28872,53,347626
44177,0.00024,172.31.46.0-255,66,28938,53,347626
44178,0.000265,74.125.68.0-255,1484,30422,53,347626
44179,0.000269,74.125.68.0-255,2902,33324,53,347626
44180,0.000278,172.31.46.0-255,66,33390,53,347626
44181,0.000282,172.31.46.0-255,66,33456,53,347626
44182,0.000288,74.125.68.0-255,4320,37776,53,347626
44183,0.00029,172.31.46.0-255,66,37842,53,347626
44184,0.00032,74.125.68.0-255,1484,39326,53,347626
44185,0.000322,172.31.46.0-255,66,39392,53,347626
44186,0.000328,74.125.68.0-255,2902,42294,53,347626
44187,0.00033,172.31.46.0-255,66,42360,53,347626
44188,0.00035,74.125.68.0-255,4320,46680,53,347626
44189,0.000356,172.31.46.0-255,66,46746,53,347626
44190,0.000359,74.125.68.0-255,1484,48230,53,347626
44191,0.000383,74.125.68.0-255,766,48996,53,347626
44192,0.000385,172.31.46.0-255,66,49062,53,347626
44193,0.000792,74.125.68.0-255,1484,50546,53,347626
44194,0.000798,74.125.68.0-255,1484,52030,53,347626
44195,0.000802,172.31.46.0-255,66,52096,53,347626
44196,0.000828,74.125.68.0-255,1484,53580,53,347626
44197,0.000834,74.125.68.0-255,5738,59318,53,347626
44198,0.000837,172.31.46.0-255,66,59384,53,347626
44199,0.000862,74.125.68.0-255,7069,66453,53,347626
44200,0.000864,172.31.46.0-255,66,66519,53,347626
44201,0.001571,74.125.68.0-255,1484,68003,53,347626
44202,0.001581,74.125.68.0-255,2902,70905,53,347626
44203,0.001585,172.31.46.0-255,66,70971,53,347626
44204,0.001624,74.125.68.0-255,5738,76709,53,347626
44205,0.001626,172.31.46.0-255,66,76775,53,347626
44206,0.001633,74.125.68.0-255,5738,82513,53,347626
44207,0.001635,172.31.46.0-255,66,82579,53,347626
44208,0.001651,74.125.68.0-255,1484,84063,53,347626
44209,0.001659,74.125.68.0-255,7156,91219,53,347626
44210,0.001661,172.31.46.0-255,66,91285,53,347626
44211,0.001692,74.125.68.0-255,1484,92769,53,347626
44212,0.001708,74.125.68.0-255,7156,99925,53,347626
44213,0.00171,172.31.46.0-255,66,99991,53,347626
44214,0.001734,74.125.68.0-255,766,100757,53,347626
44215,0.0022,172.31.46.0-255,66,100823,53,347626
44216,0.003983,74.125.68.0-255,4320,105143,53,347626
44217,0.00399,172.31.46.0-255,66,105209,53,347626
44218,0.004462,74.125.68.0-255,1484,106693,53,347626
44219,0.006255,74.125.68.0-255,1484,108177,53,347626
44220,0.006259,172.31.46.0-255,66,108243,53,347626
44221,0.006288,74.125.68.0-255,2902,111145,53,347626
44222,0.006291,172.31.46.0-255,66,111211,53,347626
44223,0.008525,74.125.68.0-255,2902,114113,53,347626
44224,0.008532,172.31.46.0-255,66,114179,53,347626
44225,0.008573,74.125.68.0-255,1484,115663,53,347626
44226,0.008591,74.125.68.0-255,1484,117147,53,347626
44227,0.008594,172.31.46.0-255,66,117213,53,347626
44228,0.010815,74.125.68.0-255,2902,120115,53,347626
44229,0.010823,172.31.46.0-255,66,120181,53,347626
44230,0.010858,74.125.68.0-255,2902,123083,53,347626
44231,0.010861,172.31.46.0-255,66,123149,53,347626
44232,0.013103,74.125.68.0-255,2902,126051,53,347626
44233,0.013111,172.31.46.0-255,66,126117,53,347626
44234,0.01314,74.125.68.0-255,2902,129019,53,347626
44235,0.013143,172.31.46.0-255,66,129085,53,347626
44236,0.015386,74.125.68.0-255,2902,131987,53,347626
44237,0.015398,172.31.46.0-255,66,132053,53,347626
44238,0.015433,74.125.68.0-255,2902,134955,53,347626
44239,0.015436,172.31.46.0-255,66,135021,53,347626
44240,0.017672,74.125.68.0-255,2902,137923,53,347626
44241,0.01768,172.31.46.0-255,66,137989,53,347626
44242,0.017707,74.125.68.0-255,2902,140891,53,347626
44243,0.01771,172.31.46.0-255,66,140957,53,347626
44244,0.019953,74.125.68.0-255,2902,143859,53,347626
44245,0.01996,172.31.46.0-255,66,143925,53,347626
44246,0.01999,74.125.68.0-255,2902,146827,53,347626
44247,0.019993,172.31.46.0-255,66,146893,53,347626
44248,0.022245,74.125.68.0-255,2902,149795,53,347626
44249,0.022253,172.31.46.0-255,66,149861,53,347626
44250,0.022284,74.125.68.0-255,2902,152763,53,347626
44251,0.022286,172.31.46.0-255,66,152829,53,347626
44252,0.024522,74.125.68.0-255,2902,155731,53,347626
44253,0.024529,172.31.46.0-255,66,155797,53,347626
44254,0.024559,74.125.68.0-255,2902,158699,53,347626
44255,0.024563,172.31.46.0-255,66,158765,53,347626
44256,0.026385,172.31.46.0-255,172,158937,53,347626
44257,0.026421,172.31.46.0-255,1107,160044,53,347626
44258,0.026481,172.31.46.0-255,1514,161558,53,347626
44259,0.026483,172.31.46.0-255,1296,162854,53,347626
44260,0.026797,74.125.68.0-255,2902,165756,53,347626
44261,0.026804,172.31.46.0-255,66,165822,53,347626
44262,0.026846,74.125.68.0-255,2902,168724,53,347626
44263,0.02685,172.31.46.0-255,66,168790,53,347626
44264,0.027944,104.244.42.0-255,66,168856,53,347626
44265,0.028046,104.244.42.0-255,66,168922,53,347626
44266,0.028052,104.244.42.0-255,66,168988,53,347626
44267,0.029085,74.125.68.0-255,1484,170472,53,347626
44268,0.029124,74.125.68.0-255,4320,174792,53,347626
44269,0.029128,172.31.46.0-255,66,174858,53,347626
44270,0.03141,74.125.68.0-255,5738,180596,53,347626
44271,0.031416,172.31.46.0-255,66,180662,53,347626
44272,0.03373,74.125.68.0-255,5738,186400,53,347626
44273,0.033737,172.31.46.0-255,66,186466,53,347626
44274,0.036011,74.125.68.0-255,5738,192204,53,347626
44275,0.036019,172.31.46.0-255,66,192270,53,347626
44276,0.0383,74.125.68.0-255,5738,198008,53,347626
44277,0.038307,172.31.46.0-255,66,198074,53,347626
44278,0.040723,74.125.68.0-255,4320,202394,53,347626
44279,0.040731,172.31.46.0-255,66,202460,53,347626
44280,0.040762,74.125.68.0-255,1484,203944,53,347626
44281,0.043019,74.125.68.0-255,4320,208264,53,347626
44282,0.043025,172.31.46.0-255,66,208330,53,347626
44283,0.045329,74.125.68.0-255,5738,214068,53,347626
44284,0.045336,172.31.46.0-255,66,214134,53,347626
44285,0.047633,74.125.68.0-255,5738,219872,53,347626
44286,0.047639,172.31.46.0-255,66,219938,53,347626
44287,0.049943,74.125.68.0-255,5738,225676,53,347626
44288,0.04995,172.31.46.0-255,66,225742,53,347626
44289,0.05225,74.125.68.0-255,5738,231480,53,347626
44290,0.052257,172.31.46.0-255,66,231546,53,347626
44291,0.054544,74.125.68.0-255,5738,237284,53,347626
44292,0.054552,172.31.46.0-255,66,237350,53,347626
44293,0.056829,74.125.68.0-255,5738,243088,53,347626
44294,0.056836,172.31.46.0-255,66,243154,53,347626
44295,0.059129,74.125.68.0-255,5738,248892,53,347626
44296,0.059135,172.31.46.0-255,66,248958,53,347626
44297,0.061429,74.125.68.0-255,5738,254696,53,347626
44298,0.061435,172.31.46.0-255,66,254762,53,347626
44299,0.063762,74.125.68.0-255,5738,260500,53,347626
44300,0.063769,172.31.46.0-255,66,260566,53,347626
44301,0.06605,74.125.68.0-255,5738,266304,53,347626
44302,0.066056,172.31.46.0-255,66,266370,53,347626
44303,0.068346,74.125.68.0-255,5738,272108,53,347626
44304,0.068352,172.31.46.0-255,66,272174,53,347626
44305,0.070638,74.125.68.0-255,5738,277912,53,347626
44306,0.070644,172.31.46.0-255,66,277978,53,347626
44307,0.072931,74.125.68.0-255,5738,283716,53,347626
44308,0.072938,172.31.46.0-255,66,283782,53,347626
44309,0.07523,74.125.68.0-255,5738,289520,53,347626
44310,0.075237,172.31.46.0-255,66,289586,53,347626
44311,0.077517,74.125.68.0-255,5738,295324,53,347626
44312,0.077523,172.31.46.0-255,66,295390,53,347626
44313,0.079798,74.125.68.0-255,5738,301128,53,347626
44314,0.079808,172.31.46.0-255,66,301194,53,347626
44315,0.082085,74.125.68.0-255,5738,306932,53,347626
44316,0.082091,172.31.46.0-255,66,306998,53,347626
44317,0.084377,74.125.68.0-255,5738,312736,53,347626
44318,0.084383,172.31.46.0-255,66,312802,53,347626
44319,0.08666,74.125.68.0-255,5738,318540,53,347626
44320,0.086667,172.31.46.0-255,66,318606,53,347626
44321,0.088953,74.125.68.0-255,5738,324344,53,347626
44322,0.08896,172.31.46.0-255,66,324410,53,347626
44323,0.09125,74.125.68.0-255,5738,330148,53,347626
44324,0.091256,172.31.46.0-255,66,330214,53,347626
44325,0.093535,74.125.68.0-255,5738,335952,53,347626
44326,0.093542,172.31.46.0-255,66,336018,53,347626
44327,0.095824,74.125.68.0-255,5738,341756,53,347626
44328,0.09583,172.31.46.0-255,66,341822,53,347626
44329,0.098106,74.125.68.0-255,5738,347560,53,347626
44330,0.098113,172.31.46.0-255,66,347626,53,347626
44331,0.0,172.217.194.0-255,150,150,53,301448
44332,2.2e-05,172.31.46.0-255,66,216,53,301448
44333,2.9e-05,172.217.194.0-255,1484,1700,53,301448
44334,3.4e-05,172.31.46.0-255,66,1766,53,301448
44335,4e-05,172.217.194.0-255,2902,4668,53,301448
44336,4.3e-05,172.31.46.0-255,66,4734,53,301448
44337,5e-05,172.217.194.0-255,7156,11890,53,301448
44338,5.3e-05,172.31.46.0-255,66,11956,53,301448
44339,7.2e-05,172.217.194.0-255,1484,13440,53,301448
44340,7.5e-05,172.31.46.0-255,66,13506,53,301448
44341,9.2e-05,172.217.194.0-255,648,14154,53,301448
44342,9.5e-05,172.31.46.0-255,66,14220,53,301448
44343,0.000109,172.31.46.0-255,66,14286,53,301448
44344,0.000186,172.217.194.0-255,5379,19665,53,301448
44345,0.00019,172.31.46.0-255,66,19731,53,301448
44346,0.000217,172.217.194.0-255,1484,21215,53,301448
44347,0.00022,172.31.46.0-255,66,21281,53,301448
44348,0.000239,172.217.194.0-255,4320,25601,53,301448
44349,0.000242,172.31.46.0-255,66,25667,53,301448
44350,0.00027,172.31.46.0-255,66,25733,53,301448
44351,0.000283,172.217.194.0-255,3961,29694,53,301448
44352,0.000285,172.31.46.0-255,66,29760,53,301448
44353,0.00036,172.217.194.0-255,5738,35498,53,301448
44354,0.000363,172.31.46.0-255,66,35564,53,301448
44355,0.00038,172.217.194.0-255,1484,37048,53,301448
44356,0.000382,172.31.46.0-255,66,37114,53,301448
44357,0.00042,172.217.194.0-255,7156,44270,53,301448
44358,0.000423,172.31.46.0-255,66,44336,53,301448
44359,0.000439,172.217.194.0-255,1438,45774,53,301448
44360,0.000441,172.31.46.0-255,66,45840,53,301448
44361,0.000483,172.217.194.0-255,2902,48742,53,301448
44362,0.000486,172.31.46.0-255,66,48808,53,301448
44363,0.00051,172.31.46.0-255,66,48874,53,301448
44364,0.000525,172.217.194.0-255,4320,53194,53,301448
44365,0.000527,172.31.46.0-255,66,53260,53,301448
44366,0.000597,172.217.194.0-255,4320,57580,53,301448
44367,0.000599,172.31.46.0-255,66,57646,53,301448
44368,0.000615,172.217.194.0-255,1125,58771,53,301448
44369,0.000637,172.217.194.0-255,7156,65927,53,301448
44370,0.00064,172.31.46.0-255,66,65993,53,301448
44371,0.000663,172.217.194.0-255,5379,71372,53,301448
44372,0.000666,172.31.46.0-255,66,71438,53,301448
44373,0.000701,172.217.194.0-255,365,71803,53,301448
44374,0.001189,172.217.194.0-255,1484,73287,53,301448
44375,0.001195,172.31.46.0-255,66,73353,53,301448
44376,0.001201,172.217.194.0-255,2902,76255,53,301448
44377,0.001203,172.31.46.0-255,66,76321,53,301448
44378,0.001207,172.217.194.0-255,2902,79223,53,301448
44379,0.001209,172.31.46.0-255,66,79289,53,301448
44380,0.001224,172.217.194.0-255,2902,82191,53,301448
44381,0.001226,172.31.46.0-255,66,82257,53,301448
44382,0.001264,172.217.194.0-255,7156,89413,53,301448
44383,0.001267,172.31.46.0-255,66,89479,53,301448
44384,0.001306,172.217.194.0-255,5738,95217,53,301448
44385,0.001309,172.31.46.0-255,66,95283,53,301448
44386,0.001329,172.31.46.0-255,66,95349,53,301448
44387,0.001415,172.217.194.0-255,2184,97533,53,301448
44388,0.001419,172.31.46.0-255,66,97599,53,301448
44389,0.001708,172.217.194.0-255,1484,99083,53,301448
44390,0.001715,172.217.194.0-255,2902,101985,53,301448
44391,0.001717,172.31.46.0-255,66,102051,53,301448
44392,0.001763,172.217.194.0-255,5738,107789,53,301448
44393,0.001766,172.31.46.0-255,66,107855,53,301448
44394,0.00177,172.217.194.0-255,2902,110757,53,301448
44395,0.001772,172.31.46.0-255,66,110823,53,301448
44396,0.001797,172.31.46.0-255,66,110889,53,301448
44397,0.001877,172.217.194.0-255,2902,113791,53,301448
44398,0.001881,172.31.46.0-255,66,113857,53,301448
44399,0.001907,172.31.46.0-255,66,113923,53,301448
44400,0.001945,172.217.194.0-255,5738,119661,53,301448
44401,0.001948,172.31.46.0-255,66,119727,53,301448
44402,0.001971,172.217.194.0-255,5738,125465,53,301448
44403,0.001974,172.31.46.0-255,66,125531,53,301448
44404,0.002044,172.217.194.0-255,4320,129851,53,301448
44405,0.002047,172.31.46.0-255,66,129917,53,301448
44406,0.002079,172.31.46.0-255,66,129983,53,301448
44407,0.002212,172.31.46.0-255,66,130049,53,301448
44408,0.002241,172.31.46.0-255,66,130115,53,301448
44409,0.0024,172.217.194.0-255,1484,131599,53,301448
44410,0.002415,172.217.194.0-255,4320,135919,53,301448
44411,0.002418,172.31.46.0-255,66,135985,53,301448
44412,0.004398,172.217.194.0-255,5738,141723,53,301448
44413,0.004408,172.31.46.0-255,66,141789,53,301448
44414,0.00636,172.217.194.0-255,5738,147527,53,301448
44415,0.006367,172.31.46.0-255,66,147593,53,301448
44416,0.008326,172.217.194.0-255,5738,153331,53,301448
44417,0.008333,172.31.46.0-255,66,153397,53,301448
44418,0.010299,172.217.194.0-255,5738,159135,53,301448
44419,0.010309,172.31.46.0-255,66,159201,53,301448
44420,0.012283,172.217.194.0-255,5738,164939,53,301448
44421,0.012297,172.31.46.0-255,66,165005,53,301448
44422,0.014265,172.217.194.0-255,5738,170743,53,301448
44423,0.014274,172.31.46.0-255,66,170809,53,301448
44424,0.016279,172.217.194.0-255,5738,176547,53,301448
44425,0.016298,172.31.46.0-255,66,176613,53,301448
44426,0.0183,172.217.194.0-255,5738,182351,53,301448
44427,0.018321,172.31.46.0-255,66,182417,53,301448
44428,0.020291,172.217.194.0-255,5738,188155,53,301448
44429,0.020306,172.31.46.0-255,66,188221,53,301448
44430,0.022335,172.217.194.0-255,5738,193959,53,301448
44431,0.02235,172.31.46.0-255,66,194025,53,301448
44432,0.024327,172.217.194.0-255,5738,199763,53,301448
44433,0.024342,172.31.46.0-255,66,199829,53,301448
44434,0.026312,172.217.194.0-255,4320,204149,53,301448
44435,0.026319,172.31.46.0-255,66,204215,53,301448
44436,0.026339,172.217.194.0-255,1484,205699,53,301448
44437,0.028305,172.217.194.0-255,4320,210019,53,301448
44438,0.028315,172.31.46.0-255,66,210085,53,301448
44439,0.030312,172.217.194.0-255,5738,215823,53,301448
44440,0.030329,172.31.46.0-255,66,215889,53,301448
44441,0.032309,172.217.194.0-255,5738,221627,53,301448
44442,0.032326,172.31.46.0-255,66,221693,53,301448
44443,0.034328,172.217.194.0-255,5738,227431,53,301448
44444,0.034341,172.31.46.0-255,66,227497,53,301448
44445,0.036329,172.217.194.0-255,5738,233235,53,301448
44446,0.036344,172.31.46.0-255,66,233301,53,301448
44447,0.038347,172.217.194.0-255,5738,239039,53,301448
44448,0.038356,172.31.46.0-255,66,239105,53,301448
44449,0.039319,172.31.46.0-255,172,239277,53,301448
44450,0.039347,172.31.46.0-255,1112,240389,53,301448
44451,0.039404,172.31.46.0-255,1514,241903,53,301448
44452,0.039405,172.31.46.0-255,1514,243417,53,301448
44453,0.039409,172.31.46.0-255,1514,244931,53,301448
44454,0.03941,172.31.46.0-255,1514,246445,53,301448
44455,0.039428,172.31.46.0-255,1494,247939,53,301448
44456,0.04032,172.217.194.0-255,5738,253677,53,301448
44457,0.040328,172.31.46.0-255,66,253743,53,301448
44458,0.040851,104.244.42.0-255,66,253809,53,301448
44459,0.040887,104.244.42.0-255,66,253875,53,301448
44460,0.040956,104.244.42.0-255,66,253941,53,301448
44461,0.042324,172.217.194.0-255,5738,259679,53,301448
44462,0.042332,172.31.46.0-255,66,259745,53,301448
44463,0.044319,172.217.194.0-255,5738,265483,53,301448
44464,0.044329,172.31.46.0-255,66,265549,53,301448
44465,0.046305,172.217.194.0-255,5738,271287,53,301448
44466,0.046315,172.31.46.0-255,66,271353,53,301448
44467,0.048316,172.217.194.0-255,5738,277091,53,301448
44468,0.048324,172.31.46.0-255,66,277157,53,301448
44469,0.050287,172.217.194.0-255,5738,282895,53,301448
44470,0.050297,172.31.46.0-255,66,282961,53,301448
44471,0.052298,172.217.194.0-255,5738,288699,53,301448
44472,0.052314,172.31.46.0-255,66,288765,53,301448
44473,0.054289,172.217.194.0-255,5738,294503,53,301448
44474,0.054299,172.31.46.0-255,66,294569,53,301448
44475,0.056264,172.217.194.0-255,5738,300307,53,301448
44476,0.056272,172.31.46.0-255,66,300373,53,301448
44477,0.05823,172.217.194.0-255,838,301211,53,301448
44478,0.058389,172.31.46.0-255,66,301277,53,301448
44479,0.058425,172.31.46.0-255,105,301382,53,301448
44480,0.060369,172.217.194.0-255,66,301448,53,301448
44481,0.0,74.125.24.0-255,146,146,53,174028
44482,2.3e-05,172.31.46.0-255,66,212,53,174028
44483,3e-05,74.125.24.0-255,1484,1696,53,174028
44484,3.4e-05,172.31.46.0-255,66,1762,53,174028
44485,3.9e-05,74.125.24.0-255,2902,4664,53,174028
44486,4.2e-05,172.31.46.0-255,66,4730,53,174028
44487,5e-05,74.125.24.0-255,7156,11886,53,174028
44488,5.2e-05,172.31.46.0-255,66,11952,53,174028
44489,8.4e-05,172.31.46.0-255,66,12018,53,174028
44490,0.000142,172.31.46.0-255,66,12084,53,174028
44491,0.000184,74.125.24.0-255,1484,13568,53,174028
44492,0.000186,172.31.46.0-255,66,13634,53,174028
44493,0.000191,74.125.24.0-255,2902,16536,53,174028
44494,0.000193,172.31.46.0-255,66,16602,53,174028
44495,0.000198,74.125.24.0-255,2902,19504,53,174028
44496,0.0002,172.31.46.0-255,66,19570,53,174028
44497,0.000225,74.125.24.0-255,2902,22472,53,174028
44498,0.000228,172.31.46.0-255,66,22538,53,174028
44499,0.000234,74.125.24.0-255,4320,26858,53,174028
44500,0.000236,172.31.46.0-255,66,26924,53,174028
44501,0.000259,172.31.46.0-255,66,26990,53,174028
44502,0.000271,172.31.46.0-255,66,27056,53,174028
44503,0.000337,74.125.24.0-255,110,27166,53,174028
44504,0.000341,172.31.46.0-255,66,27232,53,174028
44505,0.000483,74.125.24.0-255,1484,28716,53,174028
44506,0.000487,172.31.46.0-255,66,28782,53,174028
44507,0.000492,74.125.24.0-255,2902,31684,53,174028
44508,0.000494,172.31.46.0-255,66,31750,53,174028
44509,0.000497,74.125.24.0-255,1484,33234,53,174028
44510,0.000523,74.125.24.0-255,4320,37554,53,174028
44511,0.000526,172.31.46.0-255,66,37620,53,174028
44512,0.000531,74.125.24.0-255,4320,41940,53,174028
44513,0.000534,172.31.46.0-255,66,42006,53,174028
44514,0.000556,172.31.46.0-255,66,42072,53,174028
44515,0.000567,172.31.46.0-255,66,42138,53,174028
44516,0.000857,74.125.24.0-255,1484,43622,53,174028
44517,0.000862,74.125.24.0-255,2902,46524,53,174028
44518,0.000868,172.31.46.0-255,66,46590,53,174028
44519,0.000888,74.125.24.0-255,5738,52328,53,174028
44520,0.000891,172.31.46.0-255,66,52394,53,174028
44521,0.000896,74.125.24.0-255,4320,56714,53,174028
44522,0.000898,172.31.46.0-255,66,56780,53,174028
44523,0.000935,172.31.46.0-255,66,56846,53,174028
44524,0.000947,172.31.46.0-255,66,56912,53,174028
44525,0.000972,74.125.24.0-255,2902,59814,53,174028
44526,0.000974,172.31.46.0-255,66,59880,53,174028
44527,0.001,172.31.46.0-255,66,59946,53,174028
44528,0.001028,172.31.46.0-255,66,60012,53,174028
44529,0.001046,74.125.24.0-255,1484,61496,53,174028
44530,0.001058,172.31.46.0-255,66,61562,53,174028
44531,0.001075,74.125.24.0-255,2902,64464,53,174028
44532,0.001078,172.31.46.0-255,66,64530,53,174028
44533,0.001098,74.125.24.0-255,2450,66980,53,174028
44534,0.0011,172.31.46.0-255,66,67046,53,174028
44535,0.001128,74.125.24.0-255,2902,69948,53,174028
44536,0.001131,172.31.46.0-255,66,70014,53,174028
44537,0.001148,74.125.24.0-255,1484,71498,53,174028
44538,0.001172,74.125.24.0-255,5738,77236,53,174028
44539,0.001175,172.31.46.0-255,66,77302,53,174028
44540,0.001182,74.125.24.0-255,5738,83040,53,174028
44541,0.001184,172.31.46.0-255,66,83106,53,174028
44542,0.001198,172.31.46.0-255,66,83172,53,174028
44543,0.001224,74.125.24.0-255,2902,86074,53,174028
44544,0.001228,172.31.46.0-255,66,86140,53,174028
44545,0.001233,74.125.24.0-255,3602,89742,53,174028
44546,0.001235,172.31.46.0-255,66,89808,53,174028
44547,0.001312,74.125.24.0-255,1484,91292,53,174028
44548,0.001347,74.125.24.0-255,1484,92776,53,174028
44549,0.00135,172.31.46.0-255,66,92842,53,174028
44550,0.001372,74.125.24.0-255,1484,94326,53,174028
44551,0.001378,74.125.24.0-255,5738,100064,53,174028
44552,0.001381,172.31.46.0-255,66,100130,53,174028
44553,0.001396,172.31.46.0-255,66,100196,53,174028
44554,0.001406,172.31.46.0-255,66,100262,53,174028
44555,0.001432,74.125.24.0-255,2184,102446,53,174028
44556,0.001434,172.31.46.0-255,66,102512,53,174028
44557,0.001524,74.125.24.0-255,1484,103996,53,174028
44558,0.00154,74.125.24.0-255,2902,106898,53,174028
44559,0.001544,172.31.46.0-255,66,106964,53,174028
44560,0.001562,74.125.24.0-255,4320,111284,53,174028
44561,0.001564,172.31.46.0-255,66,111350,53,174028
44562,0.001576,74.125.24.0-255,1484,112834,53,174028
44563,0.00159,74.125.24.0-255,4320,117154,53,174028
44564,0.001592,172.31.46.0-255,66,117220,53,174028
44565,0.001626,74.125.24.0-255,1484,118704,53,174028
44566,0.001632,172.31.46.0-255,66,118770,53,174028
44567,0.001663,172.31.46.0-255,66,118836,53,174028
44568,0.001693,74.125.24.0-255,1484,120320,53,174028
44569,0.001697,74.125.24.0-255,2902,123222,53,174028
44570,0.001702,172.31.46.0-255,66,123288,53,174028
44571,0.001722,74.125.24.0-255,4320,127608,53,174028
44572,0.001725,172.31.46.0-255,66,127674,53,174028
44573,0.001742,74.125.24.0-255,1484,129158,53,174028
44574,0.001747,74.125.24.0-255,2902,132060,53,174028
44575,0.001749,172.31.46.0-255,66,132126,53,174028
44576,0.00177,74.125.24.0-255,2902,135028,53,174028
44577,0.001773,172.31.46.0-255,66,135094,53,174028
44578,0.001778,74.125.24.0-255,4320,139414,53,174028
44579,0.001781,172.31.46.0-255,66,139480,53,174028
44580,0.0018,172.31.46.0-255,66,139546,53,174028
44581,0.001811,172.31.46.0-255,66,139612,53,174028
44582,0.001835,172.31.46.0-255,66,139678,53,174028
44583,0.001851,172.31.46.0-255,66,139744,53,174028
44584,0.001854,74.125.24.0-255,2184,141928,53,174028
44585,0.001856,172.31.46.0-255,66,141994,53,174028
44586,0.001894,74.125.24.0-255,1484,143478,53,174028
44587,0.001907,74.125.24.0-255,2902,146380,53,174028
44588,0.00191,172.31.46.0-255,66,146446,53,174028
44589,0.001927,74.125.24.0-255,4320,150766,53,174028
44590,0.00193,172.31.46.0-255,66,150832,53,174028
44591,0.00195,74.125.24.0-255,1484,152316,53,174028
44592,0.001956,74.125.24.0-255,5738,158054,53,174028
44593,0.001959,172.31.46.0-255,66,158120,53,174028
44594,0.001972,74.125.24.0-255,2902,161022,53,174028
44595,0.001974,172.31.46.0-255,66,161088,53,174028
44596,0.002014,172.31.46.0-255,66,161154,53,174028
44597,0.002017,74.125.24.0-255,766,161920,53,174028
44598,0.002059,74.125.24.0-255,1484,163404,53,174028
44599,0.002063,172.31.46.0-255,66,163470,53,174028
44600,0.002069,74.125.24.0-255,2902,166372,53,174028
44601,0.002071,172.31.46.0-255,66,166438,53,174028
44602,0.002077,74.125.24.0-255,5738,172176,53,174028
44603,0.002079,172.31.46.0-255,66,172242,53,174028
44604,0.002118,172.31.46.0-255,66,172308,53,174028
44605,0.004216,74.125.24.0-255,105,172413,53,174028
44606,0.004439,172.31.46.0-255,66,172479,53,174028
44607,0.004481,172.31.46.0-255,105,172584,53,174028
44608,0.006513,74.125.24.0-255,66,172650,53,174028
44609,0.03889,172.31.46.0-255,172,172822,53,174028
44610,0.038922,172.31.46.0-255,1074,173896,53,174028
44611,0.040428,104.244.42.0-255,66,173962,53,174028
44612,0.040486,104.244.42.0-255,66,174028,53,174028
44613,0.0,172.217.194.0-255,149,149,53,189921
44614,1.6e-05,172.31.46.0-255,66,215,53,189921
44615,2.2e-05,172.217.194.0-255,1484,1699,53,189921
44616,2.7e-05,172.31.46.0-255,66,1765,53,189921
44617,3.3e-05,172.217.194.0-255,2902,4667,53,189921
44618,4.3e-05,172.31.46.0-255,66,4733,53,189921
44619,5.1e-05,172.217.194.0-255,7156,11889,53,189921
44620,5.5e-05,172.31.46.0-255,66,11955,53,189921
44621,5.9e-05,172.217.194.0-255,2121,14076,53,189921
44622,6.1e-05,172.31.46.0-255,66,14142,53,189921
44623,9.4e-05,172.217.194.0-255,2902,17044,53,189921
44624,9.8e-05,172.31.46.0-255,66,17110,53,189921
44625,0.000103,172.217.194.0-255,4320,21430,53,189921
44626,0.000106,172.31.46.0-255,66,21496,53,189921
44627,0.000135,172.217.194.0-255,1484,22980,53,189921
44628,0.000138,172.31.46.0-255,66,23046,53,189921
44629,0.000167,172.217.194.0-255,5738,28784,53,189921
44630,0.000169,172.31.46.0-255,66,28850,53,189921
44631,0.000194,172.217.194.0-255,2543,31393,53,189921
44632,0.000196,172.31.46.0-255,66,31459,53,189921
44633,0.000246,172.217.194.0-255,1484,32943,53,189921
44634,0.000248,172.31.46.0-255,66,33009,53,189921
44635,0.000254,172.217.194.0-255,2902,35911,53,189921
44636,0.000257,172.31.46.0-255,66,35977,53,189921
44637,0.000268,172.217.194.0-255,5738,41715,53,189921
44638,0.00027,172.31.46.0-255,66,41781,53,189921
44639,0.000306,172.31.46.0-255,66,41847,53,189921
44640,0.000311,172.217.194.0-255,2902,44749,53,189921
44641,0.000313,172.31.46.0-255,66,44815,53,189921
44642,0.000347,172.217.194.0-255,6797,51612,53,189921
44643,0.00035,172.31.46.0-255,66,51678,53,189921
44644,0.000534,172.217.194.0-255,362,52040,53,189921
44645,0.000736,172.217.194.0-255,381,52421,53,189921
44646,0.001138,172.31.46.0-255,66,52487,53,189921
44647,0.001372,172.217.194.0-255,1484,53971,53,189921
44648,0.001382,172.217.194.0-255,2902,56873,53,189921
44649,0.001386,172.31.46.0-255,66,56939,53,189921
44650,0.001393,172.217.194.0-255,4320,61259,53,189921
44651,0.001395,172.31.46.0-255,66,61325,53,189921
44652,0.001424,172.217.194.0-255,1484,62809,53,189921
44653,0.001439,172.31.46.0-255,66,62875,53,189921
44654,0.001473,172.31.46.0-255,66,62941,53,189921
44655,0.001489,172.217.194.0-255,2184,65125,53,189921
44656,0.001492,172.31.46.0-255,66,65191,53,189921
44657,0.002068,172.217.194.0-255,1484,66675,53,189921
44658,0.002076,172.217.194.0-255,2902,69577,53,189921
44659,0.00208,172.31.46.0-255,66,69643,53,189921
44660,0.002087,172.217.194.0-255,5738,75381,53,189921
44661,0.002088,172.31.46.0-255,66,75447,53,189921
44662,0.00213,172.31.46.0-255,66,75513,53,189921
44663,0.002137,172.217.194.0-255,7156,82669,53,189921
44664,0.002138,172.31.46.0-255,66,82735,53,189921
44665,0.002162,172.217.194.0-255,3602,86337,53,189921
44666,0.002164,172.31.46.0-255,66,86403,53,189921
44667,0.002228,172.217.194.0-255,1484,87887,53,189921
44668,0.002232,172.217.194.0-255,2902,90789,53,189921
44669,0.002235,172.31.46.0-255,66,90855,53,189921
44670,0.002238,172.217.194.0-255,2902,93757,53,189921
44671,0.00224,172.31.46.0-255,66,93823,53,189921
44672,0.00227,172.217.194.0-255,2902,96725,53,189921
44673,0.002272,172.31.46.0-255,66,96791,53,189921
44674,0.002285,172.31.46.0-255,66,96857,53,189921
44675,0.002314,172.217.194.0-255,2902,99759,53,189921
44676,0.002317,172.31.46.0-255,66,99825,53,189921
44677,0.00236,172.31.46.0-255,66,99891,53,189921
44678,0.00237,172.31.46.0-255,66,99957,53,189921
44679,0.002381,172.31.46.0-255,66,100023,53,189921
44680,0.00239,172.31.46.0-255,66,100089,53,189921
44681,0.002394,172.217.194.0-255,3602,103691,53,189921
44682,0.002397,172.31.46.0-255,66,103757,53,189921
44683,0.00244,172.31.46.0-255,66,103823,53,189921
44684,0.002446,172.217.194.0-255,5738,109561,53,189921
44685,0.002447,172.31.46.0-255,66,109627,53,189921
44686,0.00247,172.217.194.0-255,4320,113947,53,189921
44687,0.002472,172.31.46.0-255,66,114013,53,189921
44688,0.002501,172.217.194.0-255,766,114779,53,189921
44689,0.002547,172.217.194.0-255,7156,121935,53,189921
44690,0.002562,172.217.194.0-255,7156,129091,53,189921
44691,0.002582,172.217.194.0-255,1484,130575,53,189921
44692,0.002622,172.217.194.0-255,766,131341,53,189921
44693,0.002624,172.217.194.0-255,1484,132825,53,189921
44694,0.002646,172.217.194.0-255,2902,135727,53,189921
44695,0.002654,172.217.194.0-255,7156,142883,53,189921
44696,0.002674,172.217.194.0-255,5738,148621,53,189921
44697,0.002684,172.217.194.0-255,1484,150105,53,189921
44698,0.002699,172.217.194.0-255,5738,155843,53,189921
44699,0.00275,172.217.194.0-255,5738,161581,53,189921
44700,0.002799,172.217.194.0-255,2902,164483,53,189921
44701,0.002816,172.217.194.0-255,5020,169503,53,189921
44702,0.002826,172.217.194.0-255,2902,172405,53,189921
44703,0.002845,172.217.194.0-255,5738,178143,53,189921
44704,0.002882,172.217.194.0-255,5738,183881,53,189921
44705,0.00296,172.217.194.0-255,4320,188201,53,189921
44706,0.002985,172.217.194.0-255,105,188306,53,189921
44707,0.004878,172.31.46.0-255,66,188372,53,189921
44708,0.007312,172.31.46.0-255,105,188477,53,189921
44709,0.00958,172.217.194.0-255,66,188543,53,189921
44710,0.036007,172.31.46.0-255,172,188715,53,189921
44711,0.036041,172.31.46.0-255,1074,189789,53,189921
44712,0.037577,104.244.42.0-255,66,189855,53,189921
44713,0.037623,104.244.42.0-255,66,189921,53,189921
44714,0.0,172.217.194.0-255,151,151,53,249129
44715,2.5e-05,172.31.46.0-255,66,217,53,249129
44716,3.2e-05,172.217.194.0-255,1484,1701,53,249129
44717,3.8e-05,172.31.46.0-255,66,1767,53,249129
44718,4.4e-05,172.217.194.0-255,2902,4669,53,249129
44719,4.8e-05,172.31.46.0-255,66,4735,53,249129
44720,5.7e-05,172.217.194.0-255,7156,11891,53,249129
44721,6e-05,172.31.46.0-255,66,11957,53,249129
44722,6.4e-05,172.217.194.0-255,2090,14047,53,249129
44723,6.7e-05,172.31.46.0-255,66,14113,53,249129
44724,0.000634,172.217.194.0-255,1484,15597,53,249129
44725,0.000641,172.31.46.0-255,66,15663,53,249129
44726,0.000648,172.217.194.0-255,2902,18565,53,249129
44727,0.000652,172.31.46.0-255,66,18631,53,249129
44728,0.000659,172.217.194.0-255,5738,24369,53,249129
44729,0.000662,172.31.46.0-255,66,24435,53,249129
44730,0.000668,172.217.194.0-255,4320,28755,53,249129
44731,0.00067,172.31.46.0-255,66,28821,53,249129
44732,0.00071,172.217.194.0-255,1484,30305,53,249129
44733,0.000713,172.31.46.0-255,66,30371,53,249129
44734,0.000728,172.217.194.0-255,5738,36109,53,249129
44735,0.00073,172.31.46.0-255,66,36175,53,249129
44736,0.000756,172.217.194.0-255,5379,41554,53,249129
44737,0.000759,172.31.46.0-255,66,41620,53,249129
44738,0.000773,172.31.46.0-255,66,41686,53,249129
44739,0.000778,172.217.194.0-255,4320,46006,53,249129
44740,0.00078,172.31.46.0-255,66,46072,53,249129
44741,0.000803,172.217.194.0-255,7017,53089,53,249129
44742,0.000805,172.31.46.0-255,66,53155,53,249129
44743,0.000808,172.217.194.0-255,1484,54639,53,249129
44744,0.00081,172.31.46.0-255,66,54705,53,249129
44745,0.00084,172.217.194.0-255,2902,57607,53,249129
44746,0.000843,172.31.46.0-255,66,57673,53,249129
44747,0.000849,172.217.194.0-255,5738,63411,53,249129
44748,0.000851,172.31.46.0-255,66,63477,53,249129
44749,0.000857,172.217.194.0-255,5738,69215,53,249129
44750,0.000859,172.31.46.0-255,66,69281,53,249129
44751,0.000881,172.217.194.0-255,7156,76437,53,249129
44752,0.000884,172.31.46.0-255,66,76503,53,249129
44753,0.000898,172.31.46.0-255,66,76569,53,249129
44754,0.001526,172.217.194.0-255,1484,78053,53,249129
44755,0.001534,172.217.194.0-255,2902,80955,53,249129
44756,0.001539,172.31.46.0-255,66,81021,53,249129
44757,0.001546,172.217.194.0-255,5738,86759,53,249129
44758,0.001548,172.31.46.0-255,66,86825,53,249129
44759,0.00162,172.31.46.0-255,66,86891,53,249129
44760,0.001623,172.31.46.0-255,66,86957,53,249129
44761,0.001645,172.217.194.0-255,2184,89141,53,249129
44762,0.001648,172.31.46.0-255,66,89207,53,249129
44763,0.001654,172.217.194.0-255,5738,94945,53,249129
44764,0.001656,172.31.46.0-255,66,95011,53,249129
44765,0.001663,172.217.194.0-255,7156,102167,53,249129
44766,0.001666,172.31.46.0-255,66,102233,53,249129
44767,0.00168,172.31.46.0-255,66,102299,53,249129
44768,0.001699,172.217.194.0-255,1484,103783,53,249129
44769,0.001707,172.217.194.0-255,6438,110221,53,249129
44770,0.00171,172.31.46.0-255,66,110287,53,249129
44771,0.001713,172.217.194.0-255,1484,111771,53,249129
44772,0.00176,172.31.46.0-255,66,111837,53,249129
44773,0.001772,172.31.46.0-255,66,111903,53,249129
44774,0.0018,172.217.194.0-255,1484,113387,53,249129
44775,0.001805,172.217.194.0-255,2902,116289,53,249129
44776,0.001808,172.31.46.0-255,66,116355,53,249129
44777,0.001814,172.217.194.0-255,4320,120675,53,249129
44778,0.001816,172.31.46.0-255,66,120741,53,249129
44779,0.001836,172.217.194.0-255,1484,122225,53,249129
44780,0.001853,172.217.194.0-255,1484,123709,53,249129
44781,0.001855,172.31.46.0-255,66,123775,53,249129
44782,0.001887,172.31.46.0-255,66,123841,53,249129
44783,0.00189,172.217.194.0-255,1484,125325,53,249129
44784,0.001903,172.31.46.0-255,66,125391,53,249129
44785,0.001986,172.217.194.0-255,1484,126875,53,249129
44786,0.001992,172.217.194.0-255,2902,129777,53,249129
44787,0.001995,172.31.46.0-255,66,129843,53,249129
44788,0.001999,172.217.194.0-255,1484,131327,53,249129
44789,0.002018,172.217.194.0-255,4320,135647,53,249129
44790,0.002021,172.31.46.0-255,66,135713,53,249129
44791,0.002029,172.217.194.0-255,7156,142869,53,249129
44792,0.002031,172.31.46.0-255,66,142935,53,249129
44793,0.002061,172.217.194.0-255,5738,148673,53,249129
44794,0.002067,172.217.194.0-255,5738,154411,53,249129
44795,0.002071,172.31.46.0-255,66,154477,53,249129
44796,0.00208,172.31.46.0-255,66,154543,53,249129
44797,0.002087,172.217.194.0-255,5020,159563,53,249129
44798,0.002089,172.31.46.0-255,66,159629,53,249129
44799,0.002137,172.217.194.0-255,1484,161113,53,249129
44800,0.002143,172.217.194.0-255,2902,164015,53,249129
44801,0.002146,172.31.46.0-255,66,164081,53,249129
44802,0.002168,172.217.194.0-255,5738,169819,53,249129
44803,0.002171,172.31.46.0-255,66,169885,53,249129
44804,0.002177,172.217.194.0-255,4320,174205,53,249129
44805,0.002179,172.31.46.0-255,66,174271,53,249129
44806,0.002213,172.31.46.0-255,66,174337,53,249129
44807,0.002221,172.31.46.0-255,66,174403,53,249129
44808,0.002237,172.217.194.0-255,2184,176587,53,249129
44809,0.00224,172.31.46.0-255,66,176653,53,249129
44810,0.002343,172.217.194.0-255,1484,178137,53,249129
44811,0.002349,172.217.194.0-255,2902,181039,53,249129
44812,0.002352,172.31.46.0-255,66,181105,53,249129
44813,0.002373,172.217.194.0-255,5738,186843,53,249129
44814,0.002377,172.31.46.0-255,66,186909,53,249129
44815,0.002413,172.217.194.0-255,1484,188393,53,249129
44816,0.002439,172.31.46.0-255,66,188459,53,249129
44817,0.002451,172.31.46.0-255,66,188525,53,249129
44818,0.002453,172.217.194.0-255,766,189291,53,249129
44819,0.004815,172.217.194.0-255,4320,193611,53,249129
44820,0.004828,172.31.46.0-255,66,193677,53,249129
44821,0.007192,172.217.194.0-255,5738,199415,53,249129
44822,0.007196,172.31.46.0-255,66,199481,53,249129
44823,0.009528,172.217.194.0-255,5738,205219,53,249129
44824,0.009536,172.31.46.0-255,66,205285,53,249129
44825,0.011904,172.217.194.0-255,5738,211023,53,249129
44826,0.011918,172.31.46.0-255,66,211089,53,249129
44827,0.014273,172.217.194.0-255,5738,216827,53,249129
44828,0.014289,172.31.46.0-255,66,216893,53,249129
44829,0.01663,172.217.194.0-255,5738,222631,53,249129
44830,0.016648,172.31.46.0-255,66,222697,53,249129
44831,0.019012,172.217.194.0-255,5738,228435,53,249129
44832,0.019026,172.31.46.0-255,66,228501,53,249129
44833,0.021376,172.217.194.0-255,5738,234239,53,249129
44834,0.021384,172.31.46.0-255,66,234305,53,249129
44835,0.023738,172.217.194.0-255,4320,238625,53,249129
44836,0.023745,172.31.46.0-255,66,238691,53,249129
44837,0.02376,172.217.194.0-255,1484,240175,53,249129
44838,0.026081,172.217.194.0-255,4240,244415,53,249129
44839,0.026088,172.31.46.0-255,66,244481,53,249129
44840,0.02627,172.31.46.0-255,105,244586,53,249129
44841,0.028664,172.217.194.0-255,66,244652,53,249129
44842,0.038544,172.31.46.0-255,188,244840,53,249129
44843,0.038577,172.31.46.0-255,953,245793,53,249129
44844,0.038637,172.31.46.0-255,1514,247307,53,249129
44845,0.038639,172.31.46.0-255,1450,248757,53,249129
44846,0.040082,104.244.42.0-255,66,248823,53,249129
44847,0.040121,104.244.42.0-255,66,248889,53,249129
44848,0.040218,104.244.42.0-255,66,248955,53,249129
44849,0.040803,104.244.42.0-255,108,249063,53,249129
44850,0.040812,172.31.46.0-255,66,249129,53,249129
44851,0.0,74.125.130.0-255,153,153,53,352859
44852,2.4e-05,172.31.46.0-255,66,219,53,352859
44853,3.1e-05,74.125.130.0-255,1484,1703,53,352859
44854,3.5e-05,172.31.46.0-255,66,1769,53,352859
44855,5.4e-05,74.125.130.0-255,2902,4671,53,352859
44856,5.7e-05,172.31.46.0-255,66,4737,53,352859
44857,6.2e-05,74.125.130.0-255,2902,7639,53,352859
44858,6.5e-05,172.31.46.0-255,66,7705,53,352859
44859,0.00011,74.125.130.0-255,4320,12025,53,352859
44860,0.000113,172.31.46.0-255,66,12091,53,352859
44861,0.000117,74.125.130.0-255,2038,14129,53,352859
44862,0.000119,172.31.46.0-255,66,14195,53,352859
44863,0.000385,74.125.130.0-255,1484,15679,53,352859
44864,0.000391,172.31.46.0-255,66,15745,53,352859
44865,0.000396,74.125.130.0-255,1484,17229,53,352859
44866,0.000398,172.31.46.0-255,66,17295,53,352859
44867,0.000412,74.125.130.0-255,1484,18779,53,352859
44868,0.000415,172.31.46.0-255,66,18845,53,352859
44869,0.000418,74.125.130.0-255,1484,20329,53,352859
44870,0.00042,172.31.46.0-255,66,20395,53,352859
44871,0.00044,74.125.130.0-255,1484,21879,53,352859
44872,0.000443,172.31.46.0-255,66,21945,53,352859
44873,0.000448,74.125.130.0-255,4320,26265,53,352859
44874,0.00045,172.31.46.0-255,66,26331,53,352859
44875,0.000477,74.125.130.0-255,5379,31710,53,352859
44876,0.00048,172.31.46.0-255,66,31776,53,352859
44877,0.00052,74.125.130.0-255,5738,37514,53,352859
44878,0.000523,172.31.46.0-255,66,37580,53,352859
44879,0.000549,74.125.130.0-255,1484,39064,53,352859
44880,0.000551,172.31.46.0-255,66,39130,53,352859
44881,0.000574,74.125.130.0-255,5738,44868,53,352859
44882,0.000577,172.31.46.0-255,66,44934,53,352859
44883,0.000582,74.125.130.0-255,4320,49254,53,352859
44884,0.000584,172.31.46.0-255,66,49320,53,352859
44885,0.0006,74.125.130.0-255,5738,55058,53,352859
44886,0.000603,172.31.46.0-255,66,55124,53,352859
44887,0.000626,74.125.130.0-255,5738,60862,53,352859
44888,0.000629,172.31.46.0-255,66,60928,53,352859
44889,0.000681,74.125.130.0-255,5020,65948,53,352859
44890,0.000684,172.31.46.0-255,66,66014,53,352859
44891,0.000723,74.125.130.0-255,344,66358,53,352859
44892,0.000744,74.125.130.0-255,119,66477,53,352859
44893,0.000917,74.125.130.0-255,1484,67961,53,352859
44894,0.000921,172.31.46.0-255,66,68027,53,352859
44895,0.000936,74.125.130.0-255,2902,70929,53,352859
44896,0.000939,172.31.46.0-255,66,70995,53,352859
44897,0.000956,74.125.130.0-255,1484,72479,53,352859
44898,0.000971,74.125.130.0-255,4320,76799,53,352859
44899,0.000975,172.31.46.0-255,66,76865,53,352859
44900,0.000988,74.125.130.0-255,2902,79767,53,352859
44901,0.000991,172.31.46.0-255,66,79833,53,352859
44902,0.000994,74.125.130.0-255,1484,81317,53,352859
44903,0.001014,74.125.130.0-255,2902,84219,53,352859
44904,0.001017,172.31.46.0-255,66,84285,53,352859
44905,0.001021,74.125.130.0-255,1484,85769,53,352859
44906,0.001035,74.125.130.0-255,4320,90089,53,352859
44907,0.001037,172.31.46.0-255,66,90155,53,352859
44908,0.001062,74.125.130.0-255,7156,97311,53,352859
44909,0.001064,172.31.46.0-255,66,97377,53,352859
44910,0.001082,74.125.130.0-255,3602,100979,53,352859
44911,0.001086,172.31.46.0-255,66,101045,53,352859
44912,0.001173,74.125.130.0-255,1484,102529,53,352859
44913,0.00119,74.125.130.0-255,2902,105431,53,352859
44914,0.001194,172.31.46.0-255,66,105497,53,352859
44915,0.001204,74.125.130.0-255,4320,109817,53,352859
44916,0.001207,172.31.46.0-255,66,109883,53,352859
44917,0.001229,74.125.130.0-255,1484,111367,53,352859
44918,0.001237,74.125.130.0-255,6528,117895,53,352859
44919,0.001239,172.31.46.0-255,66,117961,53,352859
44920,0.001258,74.125.130.0-255,2902,120863,53,352859
44921,0.001261,172.31.46.0-255,66,120929,53,352859
44922,0.001273,74.125.130.0-255,2902,123831,53,352859
44923,0.001275,172.31.46.0-255,66,123897,53,352859
44924,0.001288,74.125.130.0-255,1484,125381,53,352859
44925,0.001294,74.125.130.0-255,4320,129701,53,352859
44926,0.001297,172.31.46.0-255,66,129767,53,352859
44927,0.001301,74.125.130.0-255,2902,132669,53,352859
44928,0.001303,172.31.46.0-255,66,132735,53,352859
44929,0.001322,74.125.130.0-255,2902,135637,53,352859
44930,0.001325,172.31.46.0-255,66,135703,53,352859
44931,0.001352,172.31.46.0-255,66,135769,53,352859
44932,0.001382,74.125.130.0-255,1484,137253,53,352859
44933,0.001406,74.125.130.0-255,6438,143691,53,352859
44934,0.001409,172.31.46.0-255,66,143757,53,352859
44935,0.001509,74.125.130.0-255,1484,145241,53,352859
44936,0.001524,74.125.130.0-255,2902,148143,53,352859
44937,0.001527,172.31.46.0-255,66,148209,53,352859
44938,0.001532,74.125.130.0-255,2902,151111,53,352859
44939,0.001535,172.31.46.0-255,66,151177,53,352859
44940,0.001553,74.125.130.0-255,4320,155497,53,352859
44941,0.001555,172.31.46.0-255,66,155563,53,352859
44942,0.001568,74.125.130.0-255,2902,158465,53,352859
44943,0.00157,172.31.46.0-255,66,158531,53,352859
44944,0.001593,74.125.130.0-255,5738,164269,53,352859
44945,0.001596,172.31.46.0-255,66,164335,53,352859
44946,0.001602,74.125.130.0-255,4320,168655,53,352859
44947,0.001604,172.31.46.0-255,66,168721,53,352859
44948,0.001641,74.125.130.0-255,5738,174459,53,352859
44949,0.001644,172.31.46.0-255,66,174525,53,352859
44950,0.001663,74.125.130.0-255,3602,178127,53,352859
44951,0.001666,172.31.46.0-255,66,178193,53,352859
44952,0.001819,74.125.130.0-255,1484,179677,53,352859
44953,0.001839,74.125.130.0-255,2902,182579,53,352859
44954,0.001843,172.31.46.0-255,66,182645,53,352859
44955,0.001879,74.125.130.0-255,1484,184129,53,352859
44956,0.001896,74.125.130.0-255,4320,188449,53,352859
44957,0.001898,172.31.46.0-255,66,188515,53,352859
44958,0.001911,172.31.46.0-255,66,188581,53,352859
44959,0.001952,172.31.46.0-255,66,188647,53,352859
44960,0.002223,74.125.130.0-255,1484,190131,53,352859
44961,0.002249,74.125.130.0-255,2902,193033,53,352859
44962,0.002253,172.31.46.0-255,66,193099,53,352859
44963,0.00226,74.125.130.0-255,4320,197419,53,352859
44964,0.002263,172.31.46.0-255,66,197485,53,352859
44965,0.002294,172.31.46.0-255,66,197551,53,352859
44966,0.002298,74.125.130.0-255,2902,200453,53,352859
44967,0.002301,172.31.46.0-255,66,200519,53,352859
44968,0.002335,74.125.130.0-255,5738,206257,53,352859
44969,0.002338,172.31.46.0-255,66,206323,53,352859
44970,0.002369,74.125.130.0-255,7156,213479,53,352859
44971,0.002372,172.31.46.0-255,66,213545,53,352859
44972,0.002374,74.125.130.0-255,766,214311,53,352859
44973,0.002377,74.125.130.0-255,1484,215795,53,352859
44974,0.002379,172.31.46.0-255,66,215861,53,352859
44975,0.002385,74.125.130.0-255,4320,220181,53,352859
44976,0.002388,172.31.46.0-255,66,220247,53,352859
44977,0.002391,74.125.130.0-255,1484,221731,53,352859
44978,0.002413,74.125.130.0-255,7156,228887,53,352859
44979,0.002415,172.31.46.0-255,66,228953,53,352859
44980,0.002418,74.125.130.0-255,1484,230437,53,352859
44981,0.002442,172.31.46.0-255,66,230503,53,352859
44982,0.002448,74.125.130.0-255,5738,236241,53,352859
44983,0.002451,172.31.46.0-255,66,236307,53,352859
44984,0.002467,74.125.130.0-255,2902,239209,53,352859
44985,0.002469,172.31.46.0-255,66,239275,53,352859
44986,0.002485,74.125.130.0-255,766,240041,53,352859
44987,0.002513,74.125.130.0-255,1484,241525,53,352859
44988,0.002515,172.31.46.0-255,66,241591,53,352859
44989,0.004989,74.125.130.0-255,2902,244493,53,352859
44990,0.004993,172.31.46.0-255,66,244559,53,352859
44991,0.005006,74.125.130.0-255,1484,246043,53,352859
44992,0.005017,74.125.130.0-255,1484,247527,53,352859
44993,0.005019,172.31.46.0-255,66,247593,53,352859
44994,0.007509,74.125.130.0-255,4320,251913,53,352859
44995,0.007516,172.31.46.0-255,66,251979,53,352859
44996,0.007535,74.125.130.0-255,1484,253463,53,352859
44997,0.01003,74.125.130.0-255,4320,257783,53,352859
44998,0.010037,172.31.46.0-255,66,257849,53,352859
44999,0.012562,74.125.130.0-255,5738,263587,53,352859
45000,0.01257,172.31.46.0-255,66,263653,53,352859
45001,0.015086,74.125.130.0-255,5738,269391,53,352859
45002,0.015094,172.31.46.0-255,66,269457,53,352859
45003,0.017601,74.125.130.0-255,5738,275195,53,352859
45004,0.017609,172.31.46.0-255,66,275261,53,352859
45005,0.020136,74.125.130.0-255,5738,280999,53,352859
45006,0.02015,172.31.46.0-255,66,281065,53,352859
45007,0.022676,74.125.130.0-255,5738,286803,53,352859
45008,0.022691,172.31.46.0-255,66,286869,53,352859
45009,0.025213,74.125.130.0-255,5738,292607,53,352859
45010,0.025221,172.31.46.0-255,66,292673,53,352859
45011,0.027746,74.125.130.0-255,5738,298411,53,352859
45012,0.027756,172.31.46.0-255,66,298477,53,352859
45013,0.03031,74.125.130.0-255,5738,304215,53,352859
45014,0.03033,172.31.46.0-255,66,304281,53,352859
45015,0.032874,74.125.130.0-255,5738,310019,53,352859
45016,0.032893,172.31.46.0-255,66,310085,53,352859
45017,0.035461,74.125.130.0-255,5738,315823,53,352859
45018,0.035478,172.31.46.0-255,66,315889,53,352859
45019,0.037547,172.31.46.0-255,172,316061,53,352859
45020,0.037579,172.31.46.0-255,1112,317173,53,352859
45021,0.037641,172.31.46.0-255,1514,318687,53,352859
45022,0.037655,172.31.46.0-255,1514,320201,53,352859
45023,0.037678,172.31.46.0-255,702,320903,53,352859
45024,0.038038,74.125.130.0-255,5738,326641,53,352859
45025,0.038048,172.31.46.0-255,66,326707,53,352859
45026,0.039132,104.244.42.0-255,66,326773,53,352859
45027,0.039163,104.244.42.0-255,66,326839,53,352859
45028,0.039215,104.244.42.0-255,66,326905,53,352859
45029,0.039219,104.244.42.0-255,66,326971,53,352859
45030,0.040576,74.125.130.0-255,5738,332709,53,352859
45031,0.040584,172.31.46.0-255,66,332775,53,352859
45032,0.043115,74.125.130.0-255,5738,338513,53,352859
45033,0.043126,172.31.46.0-255,66,338579,53,352859
45034,0.045662,74.125.130.0-255,5738,344317,53,352859
45035,0.045673,172.31.46.0-255,66,344383,53,352859
45036,0.048183,74.125.130.0-255,5738,350121,53,352859
45037,0.04819,172.31.46.0-255,66,350187,53,352859
45038,0.050706,74.125.130.0-255,2435,352622,53,352859
45039,0.050713,172.31.46.0-255,66,352688,53,352859
45040,0.050891,172.31.46.0-255,105,352793,53,352859
45041,0.053361,74.125.130.0-255,66,352859,53,352859
45042,0.0,172.217.160.0-255,146,146,53,332251
45043,1.8e-05,172.31.46.0-255,66,212,53,332251
45044,2.5e-05,172.217.160.0-255,1484,1696,53,332251
45045,2.9e-05,172.31.46.0-255,66,1762,53,332251
45046,3.5e-05,172.217.160.0-255,2902,4664,53,332251
45047,4.6e-05,172.31.46.0-255,66,4730,53,332251
45048,5.4e-05,172.217.160.0-255,7156,11886,53,332251
45049,5.8e-05,172.31.46.0-255,66,11952,53,332251
45050,6.3e-05,172.217.160.0-255,2120,14072,53,332251
45051,6.5e-05,172.31.46.0-255,66,14138,53,332251
45052,7.9e-05,172.31.46.0-255,66,14204,53,332251
45053,0.000117,172.217.160.0-255,5379,19583,53,332251
45054,0.00012,172.31.46.0-255,66,19649,53,332251
45055,0.000148,172.217.160.0-255,1484,21133,53,332251
45056,0.00015,172.31.46.0-255,66,21199,53,332251
45057,0.000156,172.217.160.0-255,2902,24101,53,332251
45058,0.000158,172.31.46.0-255,66,24167,53,332251
45059,0.00017,172.217.160.0-255,5738,29905,53,332251
45060,0.000173,172.31.46.0-255,66,29971,53,332251
45061,0.000201,172.217.160.0-255,6797,36768,53,332251
45062,0.000204,172.31.46.0-255,66,36834,53,332251
45063,0.000331,172.217.160.0-255,1484,38318,53,332251
45064,0.000336,172.31.46.0-255,66,38384,53,332251
45065,0.000342,172.217.160.0-255,2902,41286,53,332251
45066,0.000344,172.31.46.0-255,66,41352,53,332251
45067,0.000349,172.217.160.0-255,2902,44254,53,332251
45068,0.000351,172.31.46.0-255,66,44320,53,332251
45069,0.000371,172.217.160.0-255,2902,47222,53,332251
45070,0.000373,172.31.46.0-255,66,47288,53,332251
45071,0.000403,172.217.160.0-255,6797,54085,53,332251
45072,0.000406,172.31.46.0-255,66,54151,53,332251
45073,0.000429,172.217.160.0-255,373,54524,53,332251
45074,0.00084,172.217.160.0-255,370,54894,53,332251
45075,0.000958,172.217.160.0-255,1484,56378,53,332251
45076,0.000962,172.31.46.0-255,66,56444,53,332251
45077,0.000968,172.217.160.0-255,2902,59346,53,332251
45078,0.000969,172.31.46.0-255,66,59412,53,332251
45079,0.000986,172.217.160.0-255,4320,63732,53,332251
45080,0.000991,172.31.46.0-255,66,63798,53,332251
45081,0.001016,172.217.160.0-255,1484,65282,53,332251
45082,0.001023,172.217.160.0-255,6797,72079,53,332251
45083,0.001025,172.31.46.0-255,66,72145,53,332251
45084,0.001046,172.217.160.0-255,1484,73629,53,332251
45085,0.00107,172.217.160.0-255,2902,76531,53,332251
45086,0.001072,172.31.46.0-255,66,76597,53,332251
45087,0.001077,172.217.160.0-255,4320,80917,53,332251
45088,0.001079,172.31.46.0-255,66,80983,53,332251
45089,0.001099,172.217.160.0-255,1484,82467,53,332251
45090,0.001103,172.217.160.0-255,2902,85369,53,332251
45091,0.001105,172.31.46.0-255,66,85435,53,332251
45092,0.001127,172.217.160.0-255,3961,89396,53,332251
45093,0.001129,172.31.46.0-255,66,89462,53,332251
45094,0.00116,172.217.160.0-255,1484,90946,53,332251
45095,0.001175,172.217.160.0-255,2902,93848,53,332251
45096,0.001177,172.31.46.0-255,66,93914,53,332251
45097,0.001183,172.217.160.0-255,5738,99652,53,332251
45098,0.001185,172.31.46.0-255,66,99718,53,332251
45099,0.001213,172.31.46.0-255,66,99784,53,332251
45100,0.001222,172.217.160.0-255,4320,104104,53,332251
45101,0.001224,172.31.46.0-255,66,104170,53,332251
45102,0.001253,172.217.160.0-255,4320,108490,53,332251
45103,0.001255,172.31.46.0-255,66,108556,53,332251
45104,0.001291,172.31.46.0-255,66,108622,53,332251
45105,0.001307,172.31.46.0-255,66,108688,53,332251
45106,0.001311,172.217.160.0-255,1980,110668,53,332251
45107,0.001312,172.31.46.0-255,66,110734,53,332251
45108,0.001364,172.217.160.0-255,1484,112218,53,332251
45109,0.001367,172.217.160.0-255,1484,113702,53,332251
45110,0.001369,172.31.46.0-255,66,113768,53,332251
45111,0.001399,172.217.160.0-255,1484,115252,53,332251
45112,0.001405,172.217.160.0-255,5738,120990,53,332251
45113,0.001407,172.31.46.0-255,66,121056,53,332251
45114,0.001423,172.31.46.0-255,66,121122,53,332251
45115,0.001494,172.31.46.0-255,66,121188,53,332251
45116,0.001714,172.217.160.0-255,1484,122672,53,332251
45117,0.00172,172.217.160.0-255,2902,125574,53,332251
45118,0.001722,172.31.46.0-255,66,125640,53,332251
45119,0.001728,172.217.160.0-255,5738,131378,53,332251
45120,0.00173,172.31.46.0-255,66,131444,53,332251
45121,0.001757,172.217.160.0-255,5738,137182,53,332251
45122,0.001759,172.31.46.0-255,66,137248,53,332251
45123,0.001787,172.217.160.0-255,7156,144404,53,332251
45124,0.001792,172.217.160.0-255,5738,150142,53,332251
45125,0.001797,172.31.46.0-255,66,150208,53,332251
45126,0.0018,172.31.46.0-255,66,150274,53,332251
45127,0.001832,172.217.160.0-255,5020,155294,53,332251
45128,0.001834,172.31.46.0-255,66,155360,53,332251
45129,0.003743,172.217.160.0-255,5738,161098,53,332251
45130,0.003749,172.31.46.0-255,66,161164,53,332251
45131,0.005647,172.217.160.0-255,5738,166902,53,332251
45132,0.00565,172.31.46.0-255,66,166968,53,332251
45133,0.007558,172.217.160.0-255,5738,172706,53,332251
45134,0.007564,172.31.46.0-255,66,172772,53,332251
45135,0.00948,172.217.160.0-255,5738,178510,53,332251
45136,0.009488,172.31.46.0-255,66,178576,53,332251
45137,0.011391,172.217.160.0-255,5738,184314,53,332251
45138,0.011398,172.31.46.0-255,66,184380,53,332251
45139,0.013308,172.217.160.0-255,5738,190118,53,332251
45140,0.013318,172.31.46.0-255,66,190184,53,332251
45141,0.01522,172.217.160.0-255,5738,195922,53,332251
45142,0.015246,172.31.46.0-255,66,195988,53,332251
45143,0.017156,172.217.160.0-255,5738,201726,53,332251
45144,0.017162,172.31.46.0-255,66,201792,53,332251
45145,0.019075,172.217.160.0-255,5738,207530,53,332251
45146,0.019083,172.31.46.0-255,66,207596,53,332251
45147,0.020981,172.217.160.0-255,5738,213334,53,332251
45148,0.020989,172.31.46.0-255,66,213400,53,332251
45149,0.022903,172.217.160.0-255,5738,219138,53,332251
45150,0.022909,172.31.46.0-255,66,219204,53,332251
45151,0.024815,172.217.160.0-255,5738,224942,53,332251
45152,0.024822,172.31.46.0-255,66,225008,53,332251
45153,0.026725,172.217.160.0-255,5738,230746,53,332251
45154,0.026732,172.31.46.0-255,66,230812,53,332251
45155,0.028638,172.217.160.0-255,5738,236550,53,332251
45156,0.028645,172.31.46.0-255,66,236616,53,332251
45157,0.02938,172.31.46.0-255,164,236780,53,332251
45158,0.02941,172.31.46.0-255,1121,237901,53,332251
45159,0.029468,172.31.46.0-255,1514,239415,53,332251
45160,0.029469,172.31.46.0-255,1282,240697,53,332251
45161,0.030558,172.217.160.0-255,5738,246435,53,332251
45162,0.030565,172.31.46.0-255,66,246501,53,332251
45163,0.030916,104.244.42.0-255,66,246567,53,332251
45164,0.030961,104.244.42.0-255,66,246633,53,332251
45165,0.031007,104.244.42.0-255,66,246699,53,332251
45166,0.032112,104.244.42.0-255,108,246807,53,332251
45167,0.032119,172.31.46.0-255,66,246873,53,332251
45168,0.032466,172.217.160.0-255,5738,252611,53,332251
45169,0.03247,172.31.46.0-255,66,252677,53,332251
45170,0.034372,172.217.160.0-255,5738,258415,53,332251
45171,0.034378,172.31.46.0-255,66,258481,53,332251
45172,0.036283,172.217.160.0-255,5738,264219,53,332251
45173,0.036291,172.31.46.0-255,66,264285,53,332251
45174,0.038209,172.217.160.0-255,5738,270023,53,332251
45175,0.038219,172.31.46.0-255,66,270089,53,332251
45176,0.04015,172.217.160.0-255,5738,275827,53,332251
45177,0.040162,172.31.46.0-255,66,275893,53,332251
45178,0.042073,172.217.160.0-255,5738,281631,53,332251
45179,0.042079,172.31.46.0-255,66,281697,53,332251
45180,0.043982,172.217.160.0-255,5738,287435,53,332251
45181,0.043988,172.31.46.0-255,66,287501,53,332251
45182,0.045931,172.217.160.0-255,5738,293239,53,332251
45183,0.045936,172.31.46.0-255,66,293305,53,332251
45184,0.047845,172.217.160.0-255,5738,299043,53,332251
45185,0.047852,172.31.46.0-255,66,299109,53,332251
45186,0.049774,172.217.160.0-255,5738,304847,53,332251
45187,0.04978,172.31.46.0-255,66,304913,53,332251
45188,0.051687,172.217.160.0-255,5738,310651,53,332251
45189,0.051694,172.31.46.0-255,66,310717,53,332251
45190,0.05361,172.217.160.0-255,5738,316455,53,332251
45191,0.053616,172.31.46.0-255,66,316521,53,332251
45192,0.055519,172.217.160.0-255,5738,322259,53,332251
45193,0.055525,172.31.46.0-255,66,322325,53,332251
45194,0.057431,172.217.160.0-255,5738,328063,53,332251
45195,0.057437,172.31.46.0-255,66,328129,53,332251
45196,0.059348,172.217.160.0-255,3885,332014,53,332251
45197,0.059354,172.31.46.0-255,66,332080,53,332251
45198,0.059539,172.31.46.0-255,105,332185,53,332251
45199,0.061414,172.217.160.0-255,66,332251,53,332251
45200,0.0,172.31.46.0-255,105,105,53,459
45201,0.000225,172.31.46.0-255,90,195,53,459
45202,0.000236,172.31.46.0-255,66,261,53,459
45203,0.00224,74.125.68.0-255,66,327,53,459
45204,0.002261,74.125.68.0-255,66,393,53,459
45205,0.002277,172.31.46.0-255,66,459,53,459
45206,0.0,74.125.130.0-255,151,151,53,368502
45207,2.3e-05,172.31.46.0-255,66,217,53,368502
45208,3.1e-05,74.125.130.0-255,1484,1701,53,368502
45209,3.6e-05,172.31.46.0-255,66,1767,53,368502
45210,4.2e-05,74.125.130.0-255,2902,4669,53,368502
45211,4.5e-05,172.31.46.0-255,66,4735,53,368502
45212,5.2e-05,74.125.130.0-255,5738,10473,53,368502
45213,5.5e-05,172.31.46.0-255,66,10539,53,368502
45214,6e-05,74.125.130.0-255,3358,13897,53,368502
45215,6.3e-05,172.31.46.0-255,66,13963,53,368502
45216,0.000219,74.125.130.0-255,1484,15447,53,368502
45217,0.000225,172.31.46.0-255,66,15513,53,368502
45218,0.000244,74.125.130.0-255,2902,18415,53,368502
45219,0.000247,172.31.46.0-255,66,18481,53,368502
45220,0.00025,74.125.130.0-255,1484,19965,53,368502
45221,0.000252,172.31.46.0-255,66,20031,53,368502
45222,0.000279,74.125.130.0-255,2902,22933,53,368502
45223,0.000282,172.31.46.0-255,66,22999,53,368502
45224,0.000298,74.125.130.0-255,5738,28737,53,368502
45225,0.000301,172.31.46.0-255,66,28803,53,368502
45226,0.000344,74.125.130.0-255,2543,31346,53,368502
45227,0.000347,172.31.46.0-255,66,31412,53,368502
45228,0.000519,74.125.130.0-255,1484,32896,53,368502
45229,0.000523,172.31.46.0-255,66,32962,53,368502
45230,0.000529,74.125.130.0-255,2902,35864,53,368502
45231,0.000531,172.31.46.0-255,66,35930,53,368502
45232,0.000534,74.125.130.0-255,1484,37414,53,368502
45233,0.000536,172.31.46.0-255,66,37480,53,368502
45234,0.00056,74.125.130.0-255,4320,41800,53,368502
45235,0.000562,172.31.46.0-255,66,41866,53,368502
45236,0.000589,74.125.130.0-255,2902,44768,53,368502
45237,0.000592,172.31.46.0-255,66,44834,53,368502
45238,0.000597,74.125.130.0-255,3961,48795,53,368502
45239,0.0006,172.31.46.0-255,66,48861,53,368502
45240,0.000603,74.125.130.0-255,1484,50345,53,368502
45241,0.000623,74.125.130.0-255,2902,53247,53,368502
45242,0.000625,172.31.46.0-255,66,53313,53,368502
45243,0.000629,74.125.130.0-255,1484,54797,53,368502
45244,0.000646,74.125.130.0-255,4320,59117,53,368502
45245,0.000648,172.31.46.0-255,66,59183,53,368502
45246,0.000651,74.125.130.0-255,1484,60667,53,368502
45247,0.000672,74.125.130.0-255,5379,66046,53,368502
45248,0.000675,172.31.46.0-255,66,66112,53,368502
45249,0.001472,74.125.130.0-255,646,66758,53,368502
45250,0.001684,74.125.130.0-255,1484,68242,53,368502
45251,0.001692,172.31.46.0-255,66,68308,53,368502
45252,0.001699,74.125.130.0-255,2902,71210,53,368502
45253,0.001702,172.31.46.0-255,66,71276,53,368502
45254,0.001709,74.125.130.0-255,5738,77014,53,368502
45255,0.001711,172.31.46.0-255,66,77080,53,368502
45256,0.001715,74.125.130.0-255,1484,78564,53,368502
45257,0.001737,74.125.130.0-255,1484,80048,53,368502
45258,0.00176,172.31.46.0-255,66,80114,53,368502
45259,0.001767,74.125.130.0-255,4320,84434,53,368502
45260,0.00177,172.31.46.0-255,66,84500,53,368502
45261,0.00178,172.31.46.0-255,66,84566,53,368502
45262,0.001793,172.31.46.0-255,66,84632,53,368502
45263,0.003776,74.125.130.0-255,5738,90370,53,368502
45264,0.003788,172.31.46.0-255,66,90436,53,368502
45265,0.005783,74.125.130.0-255,5738,96174,53,368502
45266,0.005788,172.31.46.0-255,66,96240,53,368502
45267,0.007788,74.125.130.0-255,5738,101978,53,368502
45268,0.007825,172.31.46.0-255,66,102044,53,368502
45269,0.00982,74.125.130.0-255,5738,107782,53,368502
45270,0.009834,172.31.46.0-255,66,107848,53,368502
45271,0.011828,74.125.130.0-255,5738,113586,53,368502
45272,0.011845,172.31.46.0-255,66,113652,53,368502
45273,0.013841,74.125.130.0-255,5738,119390,53,368502
45274,0.013858,172.31.46.0-255,66,119456,53,368502
45275,0.015862,74.125.130.0-255,5738,125194,53,368502
45276,0.015881,172.31.46.0-255,66,125260,53,368502
45277,0.017867,74.125.130.0-255,5738,130998,53,368502
45278,0.017882,172.31.46.0-255,66,131064,53,368502
45279,0.019883,74.125.130.0-255,5738,136802,53,368502
45280,0.0199,172.31.46.0-255,66,136868,53,368502
45281,0.021889,74.125.130.0-255,5738,142606,53,368502
45282,0.021908,172.31.46.0-255,66,142672,53,368502
45283,0.023902,74.125.130.0-255,5738,148410,53,368502
45284,0.023919,172.31.46.0-255,66,148476,53,368502
45285,0.025907,74.125.130.0-255,5738,154214,53,368502
45286,0.025926,172.31.46.0-255,66,154280,53,368502
45287,0.027918,74.125.130.0-255,5738,160018,53,368502
45288,0.027938,172.31.46.0-255,66,160084,53,368502
45289,0.029924,74.125.130.0-255,5738,165822,53,368502
45290,0.029943,172.31.46.0-255,66,165888,53,368502
45291,0.031946,74.125.130.0-255,5738,171626,53,368502
45292,0.031964,172.31.46.0-255,66,171692,53,368502
45293,0.033954,74.125.130.0-255,5738,177430,53,368502
45294,0.033969,172.31.46.0-255,66,177496,53,368502
45295,0.034348,172.31.46.0-255,172,177668,53,368502
45296,0.034386,172.31.46.0-255,1111,178779,53,368502
45297,0.034449,172.31.46.0-255,1514,180293,53,368502
45298,0.03445,172.31.46.0-255,1514,181807,53,368502
45299,0.034477,172.31.46.0-255,703,182510,53,368502
45300,0.035904,104.244.42.0-255,66,182576,53,368502
45301,0.035942,104.244.42.0-255,66,182642,53,368502
45302,0.035951,74.125.130.0-255,5738,188380,53,368502
45303,0.035959,172.31.46.0-255,66,188446,53,368502
45304,0.036035,104.244.42.0-255,66,188512,53,368502
45305,0.036041,104.244.42.0-255,66,188578,53,368502
45306,0.037962,74.125.130.0-255,5738,194316,53,368502
45307,0.037981,172.31.46.0-255,66,194382,53,368502
45308,0.040022,74.125.130.0-255,5738,200120,53,368502
45309,0.040039,172.31.46.0-255,66,200186,53,368502
45310,0.042039,74.125.130.0-255,5738,205924,53,368502
45311,0.042056,172.31.46.0-255,66,205990,53,368502
45312,0.044068,74.125.130.0-255,5738,211728,53,368502
45313,0.04408,172.31.46.0-255,66,211794,53,368502
45314,0.046081,74.125.130.0-255,5738,217532,53,368502
45315,0.046096,172.31.46.0-255,66,217598,53,368502
45316,0.048109,74.125.130.0-255,5738,223336,53,368502
45317,0.048129,172.31.46.0-255,66,223402,53,368502
45318,0.050131,74.125.130.0-255,5738,229140,53,368502
45319,0.050154,172.31.46.0-255,66,229206,53,368502
45320,0.052161,74.125.130.0-255,5738,234944,53,368502
45321,0.05218,172.31.46.0-255,66,235010,53,368502
45322,0.054182,74.125.130.0-255,5738,240748,53,368502
45323,0.054202,172.31.46.0-255,66,240814,53,368502
45324,0.056209,74.125.130.0-255,5738,246552,53,368502
45325,0.056227,172.31.46.0-255,66,246618,53,368502
45326,0.058226,74.125.130.0-255,5738,252356,53,368502
45327,0.058246,172.31.46.0-255,66,252422,53,368502
45328,0.060237,74.125.130.0-255,5738,258160,53,368502
45329,0.060257,172.31.46.0-255,66,258226,53,368502
45330,0.062262,74.125.130.0-255,5738,263964,53,368502
45331,0.062281,172.31.46.0-255,66,264030,53,368502
45332,0.06432,74.125.130.0-255,5738,269768,53,368502
45333,0.064339,172.31.46.0-255,66,269834,53,368502
45334,0.066366,74.125.130.0-255,5738,275572,53,368502
45335,0.066385,172.31.46.0-255,66,275638,53,368502
45336,0.068399,74.125.130.0-255,5738,281376,53,368502
45337,0.068418,172.31.46.0-255,66,281442,53,368502
45338,0.070439,74.125.130.0-255,5738,287180,53,368502
45339,0.070457,172.31.46.0-255,66,287246,53,368502
45340,0.072463,74.125.130.0-255,5738,292984,53,368502
45341,0.072479,172.31.46.0-255,66,293050,53,368502
45342,0.074469,74.125.130.0-255,5738,298788,53,368502
45343,0.074482,172.31.46.0-255,66,298854,53,368502
45344,0.076488,74.125.130.0-255,5738,304592,53,368502
45345,0.0765,172.31.46.0-255,66,304658,53,368502
45346,0.078497,74.125.130.0-255,5738,310396,53,368502
45347,0.078515,172.31.46.0-255,66,310462,53,368502
45348,0.080522,74.125.130.0-255,5738,316200,53,368502
45349,0.08054,172.31.46.0-255,66,316266,53,368502
45350,0.082544,74.125.130.0-255,5738,322004,53,368502
45351,0.08256,172.31.46.0-255,66,322070,53,368502
45352,0.084557,74.125.130.0-255,5738,327808,53,368502
45353,0.084575,172.31.46.0-255,66,327874,53,368502
45354,0.086568,74.125.130.0-255,5738,333612,53,368502
45355,0.086579,172.31.46.0-255,66,333678,53,368502
45356,0.088577,74.125.130.0-255,5738,339416,53,368502
45357,0.088595,172.31.46.0-255,66,339482,53,368502
45358,0.090588,74.125.130.0-255,5738,345220,53,368502
45359,0.090606,172.31.46.0-255,66,345286,53,368502
45360,0.092599,74.125.130.0-255,5738,351024,53,368502
45361,0.092615,172.31.46.0-255,66,351090,53,368502
45362,0.094612,74.125.130.0-255,5738,356828,53,368502
45363,0.094628,172.31.46.0-255,66,356894,53,368502
45364,0.09663,74.125.130.0-255,5738,362632,53,368502
45365,0.096645,172.31.46.0-255,66,362698,53,368502
45366,0.098641,74.125.130.0-255,5738,368436,53,368502
45367,0.098658,172.31.46.0-255,66,368502,53,368502
45368,0.0,74.125.24.0-255,146,146,53,305636
45369,1.7e-05,172.31.46.0-255,66,212,53,305636
45370,2.4e-05,74.125.24.0-255,1484,1696,53,305636
45371,2.9e-05,172.31.46.0-255,66,1762,53,305636
45372,3.5e-05,74.125.24.0-255,2902,4664,53,305636
45373,3.9e-05,172.31.46.0-255,66,4730,53,305636
45374,7.2e-05,74.125.24.0-255,7156,11886,53,305636
45375,7.5e-05,172.31.46.0-255,66,11952,53,305636
45376,8.8e-05,172.31.46.0-255,66,12018,53,305636
45377,0.00014,172.31.46.0-255,66,12084,53,305636
45378,0.000193,74.125.24.0-255,1484,13568,53,305636
45379,0.000196,172.31.46.0-255,66,13634,53,305636
45380,0.000199,74.125.24.0-255,1484,15118,53,305636
45381,0.000202,172.31.46.0-255,66,15184,53,305636
45382,0.000222,74.125.24.0-255,1484,16668,53,305636
45383,0.000224,172.31.46.0-255,66,16734,53,305636
45384,0.00023,74.125.24.0-255,4320,21054,53,305636
45385,0.000232,172.31.46.0-255,66,21120,53,305636
45386,0.000268,172.31.46.0-255,66,21186,53,305636
45387,0.000283,172.31.46.0-255,66,21252,53,305636
45388,0.000339,74.125.24.0-255,1125,22377,53,305636
45389,0.000342,172.31.46.0-255,66,22443,53,305636
45390,0.00059,74.125.24.0-255,646,23089,53,305636
45391,0.000596,172.31.46.0-255,66,23155,53,305636
45392,0.000742,74.125.24.0-255,1484,24639,53,305636
45393,0.000748,172.31.46.0-255,66,24705,53,305636
45394,0.000764,74.125.24.0-255,2902,27607,53,305636
45395,0.000767,172.31.46.0-255,66,27673,53,305636
45396,0.000801,74.125.24.0-255,5738,33411,53,305636
45397,0.000804,172.31.46.0-255,66,33477,53,305636
45398,0.000818,172.31.46.0-255,66,33543,53,305636
45399,0.000823,74.125.24.0-255,4320,37863,53,305636
45400,0.000826,172.31.46.0-255,66,37929,53,305636
45401,0.000857,74.125.24.0-255,5738,43667,53,305636
45402,0.000861,172.31.46.0-255,66,43733,53,305636
45403,0.000864,74.125.24.0-255,766,44499,53,305636
45404,0.001019,74.125.24.0-255,1484,45983,53,305636
45405,0.001023,172.31.46.0-255,66,46049,53,305636
45406,0.001029,74.125.24.0-255,2902,48951,53,305636
45407,0.001031,172.31.46.0-255,66,49017,53,305636
45408,0.001037,74.125.24.0-255,4320,53337,53,305636
45409,0.001039,172.31.46.0-255,66,53403,53,305636
45410,0.001055,74.125.24.0-255,1484,54887,53,305636
45411,0.00106,74.125.24.0-255,2902,57789,53,305636
45412,0.001062,172.31.46.0-255,66,57855,53,305636
45413,0.001097,172.31.46.0-255,66,57921,53,305636
45414,0.001107,172.31.46.0-255,66,57987,53,305636
45415,0.001158,74.125.24.0-255,2184,60171,53,305636
45416,0.001161,172.31.46.0-255,66,60237,53,305636
45417,0.001192,74.125.24.0-255,1484,61721,53,305636
45418,0.001197,74.125.24.0-255,2902,64623,53,305636
45419,0.0012,172.31.46.0-255,66,64689,53,305636
45420,0.001204,74.125.24.0-255,2902,67591,53,305636
45421,0.001206,172.31.46.0-255,66,67657,53,305636
45422,0.001222,74.125.24.0-255,2902,70559,53,305636
45423,0.001224,172.31.46.0-255,66,70625,53,305636
45424,0.001228,74.125.24.0-255,2902,73527,53,305636
45425,0.001231,172.31.46.0-255,66,73593,53,305636
45426,0.001247,74.125.24.0-255,7156,80749,53,305636
45427,0.00125,172.31.46.0-255,66,80815,53,305636
45428,0.001293,172.31.46.0-255,66,80881,53,305636
45429,0.00131,74.125.24.0-255,3602,84483,53,305636
45430,0.001312,172.31.46.0-255,66,84549,53,305636
45431,0.001594,74.125.24.0-255,1484,86033,53,305636
45432,0.00161,74.125.24.0-255,2902,88935,53,305636
45433,0.001614,172.31.46.0-255,66,89001,53,305636
45434,0.001641,74.125.24.0-255,5738,94739,53,305636
45435,0.001644,172.31.46.0-255,66,94805,53,305636
45436,0.001648,74.125.24.0-255,2902,97707,53,305636
45437,0.00165,172.31.46.0-255,66,97773,53,305636
45438,0.001669,74.125.24.0-255,4320,102093,53,305636
45439,0.001671,172.31.46.0-255,66,102159,53,305636
45440,0.001706,172.31.46.0-255,66,102225,53,305636
45441,0.00171,74.125.24.0-255,1484,103709,53,305636
45442,0.001713,74.125.24.0-255,766,104475,53,305636
45443,0.001714,172.31.46.0-255,66,104541,53,305636
45444,0.001824,172.31.46.0-255,101,104642,53,305636
45445,0.001942,74.125.24.0-255,1484,106126,53,305636
45446,0.001948,74.125.24.0-255,2902,109028,53,305636
45447,0.001951,172.31.46.0-255,66,109094,53,305636
45448,0.001974,74.125.24.0-255,5738,114832,53,305636
45449,0.001977,172.31.46.0-255,66,114898,53,305636
45450,0.002,74.125.24.0-255,4320,119218,53,305636
45451,0.002003,172.31.46.0-255,66,119284,53,305636
45452,0.002026,74.125.24.0-255,7156,126440,53,305636
45453,0.002029,172.31.46.0-255,66,126506,53,305636
45454,0.003753,74.125.24.0-255,66,126572,53,305636
45455,0.004007,74.125.24.0-255,4320,130892,53,305636
45456,0.004012,172.31.46.0-255,66,130958,53,305636
45457,0.00403,74.125.24.0-255,1484,132442,53,305636
45458,0.005979,74.125.24.0-255,4320,136762,53,305636
45459,0.005986,172.31.46.0-255,66,136828,53,305636
45460,0.007942,74.125.24.0-255,5738,142566,53,305636
45461,0.007946,172.31.46.0-255,66,142632,53,305636
45462,0.009912,74.125.24.0-255,5738,148370,53,305636
45463,0.009919,172.31.46.0-255,66,148436,53,305636
45464,0.011907,74.125.24.0-255,5738,154174,53,305636
45465,0.011915,172.31.46.0-255,66,154240,53,305636
45466,0.013857,74.125.24.0-255,5738,159978,53,305636
45467,0.013865,172.31.46.0-255,66,160044,53,305636
45468,0.015813,74.125.24.0-255,5738,165782,53,305636
45469,0.015822,172.31.46.0-255,66,165848,53,305636
45470,0.017775,74.125.24.0-255,5738,171586,53,305636
45471,0.017785,172.31.46.0-255,66,171652,53,305636
45472,0.019747,74.125.24.0-255,5738,177390,53,305636
45473,0.019754,172.31.46.0-255,66,177456,53,305636
45474,0.0217,74.125.24.0-255,5738,183194,53,305636
45475,0.021708,172.31.46.0-255,66,183260,53,305636
45476,0.023668,74.125.24.0-255,5738,188998,53,305636
45477,0.023677,172.31.46.0-255,66,189064,53,305636
45478,0.02561,74.125.24.0-255,5738,194802,53,305636
45479,0.025618,172.31.46.0-255,66,194868,53,305636
45480,0.027577,74.125.24.0-255,5738,200606,53,305636
45481,0.027585,172.31.46.0-255,66,200672,53,305636
45482,0.029533,74.125.24.0-255,5738,206410,53,305636
45483,0.029542,172.31.46.0-255,66,206476,53,305636
45484,0.031502,74.125.24.0-255,5738,212214,53,305636
45485,0.03151,172.31.46.0-255,66,212280,53,305636
45486,0.033507,74.125.24.0-255,5738,218018,53,305636
45487,0.033515,172.31.46.0-255,66,218084,53,305636
45488,0.035464,74.125.24.0-255,5738,223822,53,305636
45489,0.03547,172.31.46.0-255,66,223888,53,305636
45490,0.036299,172.31.46.0-255,172,224060,53,305636
45491,0.036329,172.31.46.0-255,1111,225171,53,305636
45492,0.036393,172.31.46.0-255,1514,226685,53,305636
45493,0.036395,172.31.46.0-255,1514,228199,53,305636
45494,0.036396,172.31.46.0-255,1514,229713,53,305636
45495,0.036397,172.31.46.0-255,1514,231227,53,305636
45496,0.036423,172.31.46.0-255,1494,232721,53,305636
45497,0.037411,74.125.24.0-255,5738,238459,53,305636
45498,0.037418,172.31.46.0-255,66,238525,53,305636
45499,0.037862,104.244.42.0-255,66,238591,53,305636
45500,0.037905,104.244.42.0-255,66,238657,53,305636
45501,0.037948,104.244.42.0-255,66,238723,53,305636
45502,0.038005,104.244.42.0-255,66,238789,53,305636
45503,0.039391,74.125.24.0-255,5738,244527,53,305636
45504,0.039399,172.31.46.0-255,66,244593,53,305636
45505,0.041372,74.125.24.0-255,5738,250331,53,305636
45506,0.041382,172.31.46.0-255,66,250397,53,305636
45507,0.043345,74.125.24.0-255,5738,256135,53,305636
45508,0.043355,172.31.46.0-255,66,256201,53,305636
45509,0.04535,74.125.24.0-255,5738,261939,53,305636
45510,0.045357,172.31.46.0-255,66,262005,53,305636
45511,0.047286,74.125.24.0-255,5738,267743,53,305636
45512,0.047292,172.31.46.0-255,66,267809,53,305636
45513,0.049255,74.125.24.0-255,5738,273547,53,305636
45514,0.049261,172.31.46.0-255,66,273613,53,305636
45515,0.051262,74.125.24.0-255,5738,279351,53,305636
45516,0.051269,172.31.46.0-255,66,279417,53,305636
45517,0.053206,74.125.24.0-255,5738,285155,53,305636
45518,0.053211,172.31.46.0-255,66,285221,53,305636
45519,0.055208,74.125.24.0-255,5738,290959,53,305636
45520,0.055214,172.31.46.0-255,66,291025,53,305636
45521,0.057255,74.125.24.0-255,5738,296763,53,305636
45522,0.057263,172.31.46.0-255,66,296829,53,305636
45523,0.059202,74.125.24.0-255,5738,302567,53,305636
45524,0.059207,172.31.46.0-255,66,302633,53,305636
45525,0.06116,74.125.24.0-255,2766,305399,53,305636
45526,0.061167,172.31.46.0-255,66,305465,53,305636
45527,0.061312,172.31.46.0-255,105,305570,53,305636
45528,0.069008,74.125.24.0-255,66,305636,53,305636
45529,0.0,172.217.27.0-255,152,152,53,355920
45530,1.5e-05,172.31.46.0-255,66,218,53,355920
45531,2.1e-05,172.217.27.0-255,1484,1702,53,355920
45532,2.4e-05,172.31.46.0-255,66,1768,53,355920
45533,2.7e-05,172.217.27.0-255,1484,3252,53,355920
45534,3e-05,172.31.46.0-255,66,3318,53,355920
45535,4.4e-05,172.217.27.0-255,2902,6220,53,355920
45536,4.7e-05,172.31.46.0-255,66,6286,53,355920
45537,5.2e-05,172.217.27.0-255,5738,12024,53,355920
45538,5.5e-05,172.31.46.0-255,66,12090,53,355920
45539,5.8e-05,172.217.27.0-255,1938,14028,53,355920
45540,6.1e-05,172.31.46.0-255,66,14094,53,355920
45541,6.5e-05,172.217.27.0-255,2902,16996,53,355920
45542,6.7e-05,172.31.46.0-255,66,17062,53,355920
45543,7.3e-05,172.217.27.0-255,5738,22800,53,355920
45544,7.6e-05,172.31.46.0-255,66,22866,53,355920
45545,9.3e-05,172.217.27.0-255,1484,24350,53,355920
45546,9.5e-05,172.31.46.0-255,66,24416,53,355920
45547,0.000102,172.217.27.0-255,6797,31213,53,355920
45548,0.00011,172.31.46.0-255,66,31279,53,355920
45549,0.000182,172.217.27.0-255,1484,32763,53,355920
45550,0.000185,172.31.46.0-255,66,32829,53,355920
45551,0.000189,172.217.27.0-255,2902,35731,53,355920
45552,0.000191,172.31.46.0-255,66,35797,53,355920
45553,0.000194,172.217.27.0-255,1484,37281,53,355920
45554,0.000196,172.31.46.0-255,66,37347,53,355920
45555,0.000219,172.217.27.0-255,4320,41667,53,355920
45556,0.000222,172.31.46.0-255,66,41733,53,355920
45557,0.000224,172.217.27.0-255,1484,43217,53,355920
45558,0.000226,172.31.46.0-255,66,43283,53,355920
45559,0.000267,172.31.46.0-255,66,43349,53,355920
45560,0.000278,172.31.46.0-255,66,43415,53,355920
45561,0.000281,172.217.27.0-255,2184,45599,53,355920
45562,0.000283,172.31.46.0-255,66,45665,53,355920
45563,0.000345,172.217.27.0-255,395,46060,53,355920
45564,0.00075,172.217.27.0-255,347,46407,53,355920
45565,0.000927,172.217.27.0-255,1484,47891,53,355920
45566,0.000934,172.31.46.0-255,66,47957,53,355920
45567,0.000939,172.217.27.0-255,1484,49441,53,355920
45568,0.000969,172.217.27.0-255,1484,50925,53,355920
45569,0.000973,172.31.46.0-255,66,50991,53,355920
45570,0.00098,172.217.27.0-255,5738,56729,53,355920
45571,0.000984,172.31.46.0-255,66,56795,53,355920
45572,0.000992,172.217.27.0-255,1484,58279,53,355920
45573,0.000999,172.217.27.0-255,5738,64017,53,355920
45574,0.001001,172.31.46.0-255,66,64083,53,355920
45575,0.00101,172.217.27.0-255,7156,71239,53,355920
45576,0.001012,172.31.46.0-255,66,71305,53,355920
45577,0.001024,172.31.46.0-255,66,71371,53,355920
45578,0.001073,172.217.27.0-255,766,72137,53,355920
45579,0.001181,172.217.27.0-255,1484,73621,53,355920
45580,0.001187,172.31.46.0-255,66,73687,53,355920
45581,0.001192,172.217.27.0-255,2902,76589,53,355920
45582,0.001194,172.31.46.0-255,66,76655,53,355920
45583,0.0012,172.217.27.0-255,5738,82393,53,355920
45584,0.001208,172.31.46.0-255,66,82459,53,355920
45585,0.001211,172.217.27.0-255,2902,85361,53,355920
45586,0.001213,172.31.46.0-255,66,85427,53,355920
45587,0.001246,172.217.27.0-255,2902,88329,53,355920
45588,0.001248,172.31.46.0-255,66,88395,53,355920
45589,0.001256,172.217.27.0-255,7156,95551,53,355920
45590,0.00126,172.31.46.0-255,66,95617,53,355920
45591,0.001264,172.217.27.0-255,2902,98519,53,355920
45592,0.001266,172.31.46.0-255,66,98585,53,355920
45593,0.001309,172.31.46.0-255,66,98651,53,355920
45594,0.001374,172.217.27.0-255,1484,100135,53,355920
45595,0.001381,172.217.27.0-255,2902,103037,53,355920
45596,0.001385,172.31.46.0-255,66,103103,53,355920
45597,0.001388,172.217.27.0-255,1484,104587,53,355920
45598,0.001417,172.217.27.0-255,4320,108907,53,355920
45599,0.00142,172.31.46.0-255,66,108973,53,355920
45600,0.001426,172.217.27.0-255,4320,113293,53,355920
45601,0.001428,172.31.46.0-255,66,113359,53,355920
45602,0.001455,172.217.27.0-255,7156,120515,53,355920
45603,0.001457,172.31.46.0-255,66,120581,53,355920
45604,0.001467,172.217.27.0-255,1484,122065,53,355920
45605,0.001506,172.31.46.0-255,66,122131,53,355920
45606,0.001895,172.31.46.0-255,101,122232,53,355920
45607,0.003154,172.217.27.0-255,5738,127970,53,355920
45608,0.003159,172.31.46.0-255,66,128036,53,355920
45609,0.003495,172.217.27.0-255,66,128102,53,355920
45610,0.00478,172.217.27.0-255,5738,133840,53,355920
45611,0.004784,172.31.46.0-255,66,133906,53,355920
45612,0.006449,172.217.27.0-255,5738,139644,53,355920
45613,0.006456,172.31.46.0-255,66,139710,53,355920
45614,0.008082,172.217.27.0-255,5738,145448,53,355920
45615,0.00809,172.31.46.0-255,66,145514,53,355920
45616,0.009718,172.217.27.0-255,5738,151252,53,355920
45617,0.009725,172.31.46.0-255,66,151318,53,355920
45618,0.011373,172.217.27.0-255,5738,157056,53,355920
45619,0.01138,172.31.46.0-255,66,157122,53,355920
45620,0.013013,172.217.27.0-255,5738,162860,53,355920
45621,0.01302,172.31.46.0-255,66,162926,53,355920
45622,0.014656,172.217.27.0-255,5738,168664,53,355920
45623,0.014663,172.31.46.0-255,66,168730,53,355920
45624,0.0163,172.217.27.0-255,5738,174468,53,355920
45625,0.016307,172.31.46.0-255,66,174534,53,355920
45626,0.017933,172.217.27.0-255,5738,180272,53,355920
45627,0.017941,172.31.46.0-255,66,180338,53,355920
45628,0.019567,172.217.27.0-255,5738,186076,53,355920
45629,0.019573,172.31.46.0-255,66,186142,53,355920
45630,0.021205,172.217.27.0-255,5738,191880,53,355920
45631,0.021212,172.31.46.0-255,66,191946,53,355920
45632,0.022847,172.217.27.0-255,5738,197684,53,355920
45633,0.022854,172.31.46.0-255,66,197750,53,355920
45634,0.024494,172.217.27.0-255,5738,203488,53,355920
45635,0.0245,172.31.46.0-255,66,203554,53,355920
45636,0.024506,172.31.46.0-255,172,203726,53,355920
45637,0.024562,172.31.46.0-255,1111,204837,53,355920
45638,0.02465,172.31.46.0-255,1514,206351,53,355920
45639,0.024652,172.31.46.0-255,1514,207865,53,355920
45640,0.024654,172.31.46.0-255,1514,209379,53,355920
45641,0.024655,172.31.46.0-255,1514,210893,53,355920
45642,0.024685,172.31.46.0-255,532,211425,53,355920
45643,0.026034,104.244.42.0-255,66,211491,53,355920
45644,0.026107,104.244.42.0-255,66,211557,53,355920
45645,0.026121,172.217.27.0-255,2902,214459,53,355920
45646,0.026124,172.31.46.0-255,66,214525,53,355920
45647,0.026162,172.217.27.0-255,2902,217427,53,355920
45648,0.026166,172.31.46.0-255,66,217493,53,355920
45649,0.026208,104.244.42.0-255,66,217559,53,355920
45650,0.026213,104.244.42.0-255,66,217625,53,355920
45651,0.027154,104.244.42.0-255,108,217733,53,355920
45652,0.027161,172.31.46.0-255,66,217799,53,355920
45653,0.027763,172.217.27.0-255,2902,220701,53,355920
45654,0.027769,172.31.46.0-255,66,220767,53,355920
45655,0.0278,172.217.27.0-255,2902,223669,53,355920
45656,0.027802,172.31.46.0-255,66,223735,53,355920
45657,0.029387,172.217.27.0-255,2902,226637,53,355920
45658,0.029392,172.31.46.0-255,66,226703,53,355920
45659,0.029422,172.217.27.0-255,2902,229605,53,355920
45660,0.029424,172.31.46.0-255,66,229671,53,355920
45661,0.03102,172.217.27.0-255,2902,232573,53,355920
45662,0.031026,172.31.46.0-255,66,232639,53,355920
45663,0.03106,172.217.27.0-255,2902,235541,53,355920
45664,0.031063,172.31.46.0-255,66,235607,53,355920
45665,0.032643,172.217.27.0-255,2902,238509,53,355920
45666,0.032648,172.31.46.0-255,66,238575,53,355920
45667,0.032682,172.217.27.0-255,2902,241477,53,355920
45668,0.032685,172.31.46.0-255,66,241543,53,355920
45669,0.034265,172.217.27.0-255,2902,244445,53,355920
45670,0.034272,172.31.46.0-255,66,244511,53,355920
45671,0.034305,172.217.27.0-255,2902,247413,53,355920
45672,0.034308,172.31.46.0-255,66,247479,53,355920
45673,0.035906,172.217.27.0-255,2902,250381,53,355920
45674,0.035912,172.31.46.0-255,66,250447,53,355920
45675,0.035947,172.217.27.0-255,2902,253349,53,355920
45676,0.03595,172.31.46.0-255,66,253415,53,355920
45677,0.037534,172.217.27.0-255,2902,256317,53,355920
45678,0.037539,172.31.46.0-255,66,256383,53,355920
45679,0.037568,172.217.27.0-255,2902,259285,53,355920
45680,0.037571,172.31.46.0-255,66,259351,53,355920
45681,0.039167,172.217.27.0-255,2902,262253,53,355920
45682,0.039173,172.31.46.0-255,66,262319,53,355920
45683,0.03921,172.217.27.0-255,2902,265221,53,355920
45684,0.039214,172.31.46.0-255,66,265287,53,355920
45685,0.040801,172.217.27.0-255,2902,268189,53,355920
45686,0.040806,172.31.46.0-255,66,268255,53,355920
45687,0.040842,172.217.27.0-255,2902,271157,53,355920
45688,0.040844,172.31.46.0-255,66,271223,53,355920
45689,0.042432,172.217.27.0-255,2902,274125,53,355920
45690,0.042442,172.31.46.0-255,66,274191,53,355920
45691,0.042472,172.217.27.0-255,2902,277093,53,355920
45692,0.042477,172.31.46.0-255,66,277159,53,355920
45693,0.044067,172.217.27.0-255,2902,280061,53,355920
45694,0.044073,172.31.46.0-255,66,280127,53,355920
45695,0.044106,172.217.27.0-255,2902,283029,53,355920
45696,0.044109,172.31.46.0-255,66,283095,53,355920
45697,0.045719,172.217.27.0-255,2902,285997,53,355920
45698,0.045725,172.31.46.0-255,66,286063,53,355920
45699,0.045754,172.217.27.0-255,1484,287547,53,355920
45700,0.045767,172.217.27.0-255,1484,289031,53,355920
45701,0.045769,172.31.46.0-255,66,289097,53,355920
45702,0.047346,172.217.27.0-255,2902,291999,53,355920
45703,0.047352,172.31.46.0-255,66,292065,53,355920
45704,0.047391,172.217.27.0-255,2902,294967,53,355920
45705,0.047394,172.31.46.0-255,66,295033,53,355920
45706,0.048983,172.217.27.0-255,2902,297935,53,355920
45707,0.048987,172.31.46.0-255,66,298001,53,355920
45708,0.049022,172.217.27.0-255,1484,299485,53,355920
45709,0.049034,172.217.27.0-255,1484,300969,53,355920
45710,0.049037,172.31.46.0-255,66,301035,53,355920
45711,0.050606,172.217.27.0-255,2902,303937,53,355920
45712,0.050611,172.31.46.0-255,66,304003,53,355920
45713,0.050653,172.217.27.0-255,2902,306905,53,355920
45714,0.050657,172.31.46.0-255,66,306971,53,355920
45715,0.052249,172.217.27.0-255,2902,309873,53,355920
45716,0.052256,172.31.46.0-255,66,309939,53,355920
45717,0.052291,172.217.27.0-255,2902,312841,53,355920
45718,0.052294,172.31.46.0-255,66,312907,53,355920
45719,0.053883,172.217.27.0-255,2902,315809,53,355920
45720,0.053889,172.31.46.0-255,66,315875,53,355920
45721,0.053949,172.217.27.0-255,2902,318777,53,355920
45722,0.053953,172.31.46.0-255,66,318843,53,355920
45723,0.055514,172.217.27.0-255,2902,321745,53,355920
45724,0.05552,172.31.46.0-255,66,321811,53,355920
45725,0.055566,172.217.27.0-255,2902,324713,53,355920
45726,0.05557,172.31.46.0-255,66,324779,53,355920
45727,0.057141,172.217.27.0-255,2902,327681,53,355920
45728,0.057147,172.31.46.0-255,66,327747,53,355920
45729,0.057194,172.217.27.0-255,1484,329231,53,355920
45730,0.057205,172.217.27.0-255,1484,330715,53,355920
45731,0.057209,172.31.46.0-255,66,330781,53,355920
45732,0.058764,172.217.27.0-255,2902,333683,53,355920
45733,0.058769,172.31.46.0-255,66,333749,53,355920
45734,0.058831,172.217.27.0-255,2902,336651,53,355920
45735,0.058835,172.31.46.0-255,66,336717,53,355920
45736,0.060393,172.217.27.0-255,2902,339619,53,355920
45737,0.060398,172.31.46.0-255,66,339685,53,355920
45738,0.060451,172.217.27.0-255,2902,342587,53,355920
45739,0.060455,172.31.46.0-255,66,342653,53,355920
45740,0.062027,172.217.27.0-255,2902,345555,53,355920
45741,0.062032,172.31.46.0-255,66,345621,53,355920
45742,0.062076,172.217.27.0-255,2902,348523,53,355920
45743,0.062079,172.31.46.0-255,66,348589,53,355920
45744,0.063656,172.217.27.0-255,2902,351491,53,355920
45745,0.063661,172.31.46.0-255,66,351557,53,355920
45746,0.063705,172.217.27.0-255,2902,354459,53,355920
45747,0.063708,172.31.46.0-255,66,354525,53,355920
45748,0.065276,172.217.27.0-255,1224,355749,53,355920
45749,0.065442,172.31.46.0-255,105,355854,53,355920
45750,0.070826,172.217.27.0-255,66,355920,53,355920
45751,0.0,74.125.68.0-255,153,153,53,331028
45752,1.7e-05,172.31.46.0-255,66,219,53,331028
45753,2.4e-05,74.125.68.0-255,1484,1703,53,331028
45754,2.8e-05,172.31.46.0-255,66,1769,53,331028
45755,6.4e-05,74.125.68.0-255,2902,4671,53,331028
45756,6.7e-05,172.31.46.0-255,66,4737,53,331028
45757,7.2e-05,74.125.68.0-255,2902,7639,53,331028
45758,7.4e-05,172.31.46.0-255,66,7705,53,331028
45759,8e-05,74.125.68.0-255,4320,12025,53,331028
45760,8.2e-05,172.31.46.0-255,66,12091,53,331028
45761,0.000117,74.125.68.0-255,2042,14133,53,331028
45762,0.00012,172.31.46.0-255,66,14199,53,331028
45763,0.000183,74.125.68.0-255,1484,15683,53,331028
45764,0.000187,172.31.46.0-255,66,15749,53,331028
45765,0.000207,74.125.68.0-255,2902,18651,53,331028
45766,0.00021,172.31.46.0-255,66,18717,53,331028
45767,0.000213,74.125.68.0-255,1484,20201,53,331028
45768,0.000215,172.31.46.0-255,66,20267,53,331028
45769,0.00022,74.125.68.0-255,2902,23169,53,331028
45770,0.000222,172.31.46.0-255,66,23235,53,331028
45771,0.00026,74.125.68.0-255,5738,28973,53,331028
45772,0.000263,172.31.46.0-255,66,29039,53,331028
45773,0.000266,74.125.68.0-255,1484,30523,53,331028
45774,0.000268,172.31.46.0-255,66,30589,53,331028
45775,0.000301,74.125.68.0-255,2543,33132,53,331028
45776,0.000303,172.31.46.0-255,66,33198,53,331028
45777,0.000318,74.125.68.0-255,1484,34682,53,331028
45778,0.000321,172.31.46.0-255,66,34748,53,331028
45779,0.000325,74.125.68.0-255,2902,37650,53,331028
45780,0.000327,172.31.46.0-255,66,37716,53,331028
45781,0.000367,74.125.68.0-255,5738,43454,53,331028
45782,0.00037,172.31.46.0-255,66,43520,53,331028
45783,0.000378,74.125.68.0-255,5379,48899,53,331028
45784,0.00038,172.31.46.0-255,66,48965,53,331028
45785,0.000803,74.125.68.0-255,1484,50449,53,331028
45786,0.000812,74.125.68.0-255,2902,53351,53,331028
45787,0.000816,172.31.46.0-255,66,53417,53,331028
45788,0.00082,74.125.68.0-255,1484,54901,53,331028
45789,0.000838,74.125.68.0-255,2902,57803,53,331028
45790,0.000841,172.31.46.0-255,66,57869,53,331028
45791,0.00086,74.125.68.0-255,5738,63607,53,331028
45792,0.000862,172.31.46.0-255,66,63673,53,331028
45793,0.000887,74.125.68.0-255,3122,66795,53,331028
45794,0.000889,172.31.46.0-255,66,66861,53,331028
45795,0.001028,74.125.68.0-255,1484,68345,53,331028
45796,0.00104,74.125.68.0-255,1484,69829,53,331028
45797,0.001044,172.31.46.0-255,66,69895,53,331028
45798,0.001065,74.125.68.0-255,1484,71379,53,331028
45799,0.001073,74.125.68.0-255,5738,77117,53,331028
45800,0.001075,172.31.46.0-255,66,77183,53,331028
45801,0.001078,74.125.68.0-255,1484,78667,53,331028
45802,0.001107,74.125.68.0-255,7156,85823,53,331028
45803,0.00111,172.31.46.0-255,66,85889,53,331028
45804,0.001116,74.125.68.0-255,4320,90209,53,331028
45805,0.001119,172.31.46.0-255,66,90275,53,331028
45806,0.001134,74.125.68.0-255,5738,96013,53,331028
45807,0.001137,172.31.46.0-255,66,96079,53,331028
45808,0.00114,74.125.68.0-255,1484,97563,53,331028
45809,0.00117,74.125.68.0-255,3602,101165,53,331028
45810,0.001172,172.31.46.0-255,66,101231,53,331028
45811,0.001919,74.125.68.0-255,1484,102715,53,331028
45812,0.001927,74.125.68.0-255,2902,105617,53,331028
45813,0.001932,172.31.46.0-255,66,105683,53,331028
45814,0.001936,74.125.68.0-255,1484,107167,53,331028
45815,0.001954,74.125.68.0-255,2902,110069,53,331028
45816,0.001956,172.31.46.0-255,66,110135,53,331028
45817,0.001961,74.125.68.0-255,2902,113037,53,331028
45818,0.001963,172.31.46.0-255,66,113103,53,331028
45819,0.001987,74.125.68.0-255,5738,118841,53,331028
45820,0.00199,172.31.46.0-255,66,118907,53,331028
45821,0.001996,74.125.68.0-255,4320,123227,53,331028
45822,0.001998,172.31.46.0-255,66,123293,53,331028
45823,0.002035,74.125.68.0-255,2902,126195,53,331028
45824,0.002039,172.31.46.0-255,66,126261,53,331028
45825,0.002066,172.31.46.0-255,66,126327,53,331028
45826,0.002864,74.125.68.0-255,1484,127811,53,331028
45827,0.002873,74.125.68.0-255,2902,130713,53,331028
45828,0.002877,172.31.46.0-255,66,130779,53,331028
45829,0.002882,74.125.68.0-255,1484,132263,53,331028
45830,0.002902,74.125.68.0-255,2902,135165,53,331028
45831,0.002904,172.31.46.0-255,66,135231,53,331028
45832,0.002911,74.125.68.0-255,5738,140969,53,331028
45833,0.002913,172.31.46.0-255,66,141035,53,331028
45834,0.002961,172.31.46.0-255,66,141101,53,331028
45835,0.002996,74.125.68.0-255,7156,148257,53,331028
45836,0.002999,172.31.46.0-255,66,148323,53,331028
45837,0.003009,74.125.68.0-255,766,149089,53,331028
45838,0.003078,74.125.68.0-255,1484,150573,53,331028
45839,0.003082,172.31.46.0-255,66,150639,53,331028
45840,0.003086,74.125.68.0-255,1484,152123,53,331028
45841,0.003105,74.125.68.0-255,2902,155025,53,331028
45842,0.003107,172.31.46.0-255,66,155091,53,331028
45843,0.003122,74.125.68.0-255,4320,159411,53,331028
45844,0.003124,172.31.46.0-255,66,159477,53,331028
45845,0.003151,74.125.68.0-255,1484,160961,53,331028
45846,0.003155,74.125.68.0-255,1484,162445,53,331028
45847,0.003157,172.31.46.0-255,66,162511,53,331028
45848,0.003162,74.125.68.0-255,2902,165413,53,331028
45849,0.003164,172.31.46.0-255,66,165479,53,331028
45850,0.003167,74.125.68.0-255,1484,166963,53,331028
45851,0.003169,74.125.68.0-255,1484,168447,53,331028
45852,0.003171,172.31.46.0-255,66,168513,53,331028
45853,0.003219,74.125.68.0-255,2902,171415,53,331028
45854,0.003222,172.31.46.0-255,66,171481,53,331028
45855,0.003247,74.125.68.0-255,5738,177219,53,331028
45856,0.003249,172.31.46.0-255,66,177285,53,331028
45857,0.003254,74.125.68.0-255,2902,180187,53,331028
45858,0.003256,172.31.46.0-255,66,180253,53,331028
45859,0.003262,74.125.68.0-255,3602,183855,53,331028
45860,0.003264,172.31.46.0-255,66,183921,53,331028
45861,0.003346,74.125.68.0-255,1484,185405,53,331028
45862,0.003364,74.125.68.0-255,2902,188307,53,331028
45863,0.003367,172.31.46.0-255,66,188373,53,331028
45864,0.003372,74.125.68.0-255,1484,189857,53,331028
45865,0.003374,74.125.68.0-255,1484,191341,53,331028
45866,0.003376,172.31.46.0-255,66,191407,53,331028
45867,0.003397,74.125.68.0-255,4320,195727,53,331028
45868,0.003399,172.31.46.0-255,66,195793,53,331028
45869,0.003419,74.125.68.0-255,1484,197277,53,331028
45870,0.003422,74.125.68.0-255,1484,198761,53,331028
45871,0.003424,172.31.46.0-255,66,198827,53,331028
45872,0.003432,74.125.68.0-255,7156,205983,53,331028
45873,0.003434,172.31.46.0-255,66,206049,53,331028
45874,0.003453,74.125.68.0-255,1484,207533,53,331028
45875,0.003456,74.125.68.0-255,1484,209017,53,331028
45876,0.003458,172.31.46.0-255,66,209083,53,331028
45877,0.003463,74.125.68.0-255,2902,211985,53,331028
45878,0.003465,172.31.46.0-255,66,212051,53,331028
45879,0.003471,74.125.68.0-255,4320,216371,53,331028
45880,0.003473,172.31.46.0-255,66,216437,53,331028
45881,0.003496,74.125.68.0-255,2184,218621,53,331028
45882,0.003498,172.31.46.0-255,66,218687,53,331028
45883,0.003502,74.125.68.0-255,2902,221589,53,331028
45884,0.003504,172.31.46.0-255,66,221655,53,331028
45885,0.003522,74.125.68.0-255,2902,224557,53,331028
45886,0.003525,172.31.46.0-255,66,224623,53,331028
45887,0.003563,74.125.68.0-255,4320,228943,53,331028
45888,0.003566,172.31.46.0-255,66,229009,53,331028
45889,0.003577,74.125.68.0-255,5738,234747,53,331028
45890,0.00358,172.31.46.0-255,66,234813,53,331028
45891,0.003587,74.125.68.0-255,7156,241969,53,331028
45892,0.00359,172.31.46.0-255,66,242035,53,331028
45893,0.003594,74.125.68.0-255,2902,244937,53,331028
45894,0.003596,172.31.46.0-255,66,245003,53,331028
45895,0.00363,172.31.46.0-255,66,245069,53,331028
45896,0.003633,74.125.68.0-255,1484,246553,53,331028
45897,0.003651,74.125.68.0-255,7156,253709,53,331028
45898,0.003653,172.31.46.0-255,66,253775,53,331028
45899,0.003677,74.125.68.0-255,2902,256677,53,331028
45900,0.003679,172.31.46.0-255,66,256743,53,331028
45901,0.003689,172.31.46.0-255,66,256809,53,331028
45902,0.003706,74.125.68.0-255,4320,261129,53,331028
45903,0.003709,172.31.46.0-255,66,261195,53,331028
45904,0.003713,74.125.68.0-255,2902,264097,53,331028
45905,0.003715,172.31.46.0-255,66,264163,53,331028
45906,0.003721,74.125.68.0-255,4320,268483,53,331028
45907,0.003723,172.31.46.0-255,66,268549,53,331028
45908,0.003748,74.125.68.0-255,2184,270733,53,331028
45909,0.003751,172.31.46.0-255,66,270799,53,331028
45910,0.003754,74.125.68.0-255,1484,272283,53,331028
45911,0.003768,74.125.68.0-255,1484,273767,53,331028
45912,0.00377,172.31.46.0-255,66,273833,53,331028
45913,0.003774,74.125.68.0-255,2902,276735,53,331028
45914,0.003777,172.31.46.0-255,66,276801,53,331028
45915,0.003796,74.125.68.0-255,4320,281121,53,331028
45916,0.003799,172.31.46.0-255,66,281187,53,331028
45917,0.003803,74.125.68.0-255,2902,284089,53,331028
45918,0.003805,172.31.46.0-255,66,284155,53,331028
45919,0.003809,74.125.68.0-255,1484,285639,53,331028
45920,0.003826,74.125.68.0-255,2902,288541,53,331028
45921,0.003828,172.31.46.0-255,66,288607,53,331028
45922,0.003833,74.125.68.0-255,2902,291509,53,331028
45923,0.003835,172.31.46.0-255,66,291575,53,331028
45924,0.003859,74.125.68.0-255,5738,297313,53,331028
45925,0.003862,172.31.46.0-255,66,297379,53,331028
45926,0.003867,74.125.68.0-255,4320,301699,53,331028
45927,0.003869,172.31.46.0-255,66,301765,53,331028
45928,0.003932,172.31.46.0-255,66,301831,53,331028
45929,0.003936,74.125.68.0-255,2902,304733,53,331028
45930,0.003937,172.31.46.0-255,66,304799,53,331028
45931,0.003952,74.125.68.0-255,5738,310537,53,331028
45932,0.003955,172.31.46.0-255,66,310603,53,331028
45933,0.003979,74.125.68.0-255,5738,316341,53,331028
45934,0.003982,172.31.46.0-255,66,316407,53,331028
45935,0.003987,74.125.68.0-255,4320,320727,53,331028
45936,0.003989,172.31.46.0-255,66,320793,53,331028
45937,0.004002,74.125.68.0-255,1484,322277,53,331028
45938,0.004016,74.125.68.0-255,2902,325179,53,331028
45939,0.004019,172.31.46.0-255,66,325245,53,331028
45940,0.004063,172.31.46.0-255,66,325311,53,331028
45941,0.004079,74.125.68.0-255,97,325408,53,331028
45942,0.004111,74.125.68.0-255,105,325513,53,331028
45943,0.004552,172.31.46.0-255,66,325579,53,331028
45944,0.006548,172.31.46.0-255,105,325684,53,331028
45945,0.008789,74.125.68.0-255,66,325750,53,331028
45946,0.033517,172.31.46.0-255,172,325922,53,331028
45947,0.033563,172.31.46.0-255,1112,327034,53,331028
45948,0.03363,172.31.46.0-255,1514,328548,53,331028
45949,0.033632,172.31.46.0-255,1514,330062,53,331028
45950,0.033633,172.31.46.0-255,702,330764,53,331028
45951,0.035073,104.244.42.0-255,66,330830,53,331028
45952,0.035119,104.244.42.0-255,66,330896,53,331028
45953,0.035216,104.244.42.0-255,66,330962,53,331028
45954,0.03522,104.244.42.0-255,66,331028,53,331028
45955,0.0,74.125.24.0-255,153,153,53,307861
45956,2.5e-05,172.31.46.0-255,66,219,53,307861
45957,4.4e-05,74.125.24.0-255,1484,1703,53,307861
45958,4.8e-05,172.31.46.0-255,66,1769,53,307861
45959,5.4e-05,74.125.24.0-255,2902,4671,53,307861
45960,5.7e-05,172.31.46.0-255,66,4737,53,307861
45961,6e-05,74.125.24.0-255,1484,6221,53,307861
45962,6.3e-05,172.31.46.0-255,66,6287,53,307861
45963,8.1e-05,74.125.24.0-255,5738,12025,53,307861
45964,8.4e-05,172.31.46.0-255,66,12091,53,307861
45965,0.000115,172.31.46.0-255,66,12157,53,307861
45966,0.000135,74.125.24.0-255,4774,16931,53,307861
45967,0.000139,172.31.46.0-255,66,16997,53,307861
45968,0.000151,74.125.24.0-255,2543,19540,53,307861
45969,0.000153,172.31.46.0-255,66,19606,53,307861
45970,0.000156,74.125.24.0-255,1484,21090,53,307861
45971,0.000159,172.31.46.0-255,66,21156,53,307861
45972,0.000183,74.125.24.0-255,1484,22640,53,307861
45973,0.000186,172.31.46.0-255,66,22706,53,307861
45974,0.000193,74.125.24.0-255,7156,29862,53,307861
45975,0.000197,172.31.46.0-255,66,29928,53,307861
45976,0.0002,74.125.24.0-255,2902,32830,53,307861
45977,0.000203,172.31.46.0-255,66,32896,53,307861
45978,0.000224,74.125.24.0-255,3961,36857,53,307861
45979,0.000227,172.31.46.0-255,66,36923,53,307861
45980,0.00157,74.125.24.0-255,1484,38407,53,307861
45981,0.001577,172.31.46.0-255,66,38473,53,307861
45982,0.001586,74.125.24.0-255,2902,41375,53,307861
45983,0.001588,172.31.46.0-255,66,41441,53,307861
45984,0.001595,74.125.24.0-255,5738,47179,53,307861
45985,0.001597,172.31.46.0-255,66,47245,53,307861
45986,0.001667,74.125.24.0-255,4320,51565,53,307861
45987,0.001686,74.125.24.0-255,5379,56944,53,307861
45988,0.001823,74.125.24.0-255,1484,58428,53,307861
45989,0.001834,74.125.24.0-255,2902,61330,53,307861
45990,0.001838,74.125.24.0-255,2902,64232,53,307861
45991,0.001855,74.125.24.0-255,2902,67134,53,307861
45992,0.001868,74.125.24.0-255,4320,71454,53,307861
45993,0.001902,74.125.24.0-255,7156,78610,53,307861
45994,0.001928,74.125.24.0-255,3602,82212,53,307861
45995,0.00199,74.125.24.0-255,1484,83696,53,307861
45996,0.002008,74.125.24.0-255,2902,86598,53,307861
45997,0.002013,74.125.24.0-255,4320,90918,53,307861
45998,0.002023,74.125.24.0-255,1484,92402,53,307861
45999,0.002027,74.125.24.0-255,2902,95304,53,307861
46000,0.002038,74.125.24.0-255,4320,99624,53,307861
46001,0.00205,74.125.24.0-255,2902,102526,53,307861
46002,0.00208,74.125.24.0-255,2170,104696,53,307861
46003,0.002083,74.125.24.0-255,2902,107598,53,307861
46004,0.00211,74.125.24.0-255,7156,114754,53,307861
46005,0.002125,74.125.24.0-255,2902,117656,53,307861
46006,0.002157,74.125.24.0-255,7156,124812,53,307861
46007,0.002167,74.125.24.0-255,766,125578,53,307861
46008,0.002247,74.125.24.0-255,1484,127062,53,307861
46009,0.002258,74.125.24.0-255,1484,128546,53,307861
46010,0.002271,74.125.24.0-255,1484,130030,53,307861
46011,0.002274,74.125.24.0-255,2902,132932,53,307861
46012,0.002288,74.125.24.0-255,2902,135834,53,307861
46013,0.002293,74.125.24.0-255,5738,141572,53,307861
46014,0.002311,74.125.24.0-255,5738,147310,53,307861
46015,0.002344,74.125.24.0-255,4320,151630,53,307861
46016,0.002497,74.125.24.0-255,1484,153114,53,307861
46017,0.002509,74.125.24.0-255,2902,156016,53,307861
46018,0.002526,74.125.24.0-255,2902,158918,53,307861
46019,0.00254,74.125.24.0-255,2902,161820,53,307861
46020,0.002543,74.125.24.0-255,1484,163304,53,307861
46021,0.002564,74.125.24.0-255,7156,170460,53,307861
46022,0.002576,74.125.24.0-255,1484,171944,53,307861
46023,0.002657,74.125.24.0-255,5738,177682,53,307861
46024,0.002674,74.125.24.0-255,7156,184838,53,307861
46025,0.005596,172.31.46.0-255,66,184904,53,307861
46026,0.006762,172.31.46.0-255,101,185005,53,307861
46027,0.008212,74.125.24.0-255,5738,190743,53,307861
46028,0.008218,172.31.46.0-255,66,190809,53,307861
46029,0.009292,74.125.24.0-255,66,190875,53,307861
46030,0.010845,74.125.24.0-255,5738,196613,53,307861
46031,0.010853,172.31.46.0-255,66,196679,53,307861
46032,0.013459,74.125.24.0-255,5738,202417,53,307861
46033,0.013467,172.31.46.0-255,66,202483,53,307861
46034,0.016089,74.125.24.0-255,5738,208221,53,307861
46035,0.016099,172.31.46.0-255,66,208287,53,307861
46036,0.018675,74.125.24.0-255,5738,214025,53,307861
46037,0.018687,172.31.46.0-255,66,214091,53,307861
46038,0.021294,74.125.24.0-255,5738,219829,53,307861
46039,0.021303,172.31.46.0-255,66,219895,53,307861
46040,0.023912,74.125.24.0-255,5738,225633,53,307861
46041,0.023921,172.31.46.0-255,66,225699,53,307861
46042,0.025293,172.31.46.0-255,171,225870,53,307861
46043,0.025322,172.31.46.0-255,1135,227005,53,307861
46044,0.025371,172.31.46.0-255,1514,228519,53,307861
46045,0.025373,172.31.46.0-255,1514,230033,53,307861
46046,0.025395,172.31.46.0-255,679,230712,53,307861
46047,0.026523,74.125.24.0-255,5738,236450,53,307861
46048,0.02653,172.31.46.0-255,66,236516,53,307861
46049,0.026802,104.244.42.0-255,66,236582,53,307861
46050,0.026879,104.244.42.0-255,66,236648,53,307861
46051,0.026923,104.244.42.0-255,66,236714,53,307861
46052,0.026928,104.244.42.0-255,66,236780,53,307861
46053,0.029099,74.125.24.0-255,5738,242518,53,307861
46054,0.029104,172.31.46.0-255,66,242584,53,307861
46055,0.031681,74.125.24.0-255,5738,248322,53,307861
46056,0.031687,172.31.46.0-255,66,248388,53,307861
46057,0.03424,74.125.24.0-255,2902,251290,53,307861
46058,0.034246,172.31.46.0-255,66,251356,53,307861
46059,0.034273,74.125.24.0-255,2902,254258,53,307861
46060,0.034284,172.31.46.0-255,66,254324,53,307861
46061,0.03681,74.125.24.0-255,2902,257226,53,307861
46062,0.036814,172.31.46.0-255,66,257292,53,307861
46063,0.036874,74.125.24.0-255,2902,260194,53,307861
46064,0.036891,172.31.46.0-255,66,260260,53,307861
46065,0.039356,74.125.24.0-255,2902,263162,53,307861
46066,0.039361,172.31.46.0-255,66,263228,53,307861
46067,0.039511,74.125.24.0-255,2902,266130,53,307861
46068,0.039516,172.31.46.0-255,66,266196,53,307861
46069,0.041961,74.125.24.0-255,2902,269098,53,307861
46070,0.041966,172.31.46.0-255,66,269164,53,307861
46071,0.042095,74.125.24.0-255,2902,272066,53,307861
46072,0.0421,172.31.46.0-255,66,272132,53,307861
46073,0.044554,74.125.24.0-255,2902,275034,53,307861
46074,0.044559,172.31.46.0-255,66,275100,53,307861
46075,0.044695,74.125.24.0-255,2902,278002,53,307861
46076,0.0447,172.31.46.0-255,66,278068,53,307861
46077,0.047127,74.125.24.0-255,2902,280970,53,307861
46078,0.047132,172.31.46.0-255,66,281036,53,307861
46079,0.04728,74.125.24.0-255,2902,283938,53,307861
46080,0.047286,172.31.46.0-255,66,284004,53,307861
46081,0.049735,74.125.24.0-255,2902,286906,53,307861
46082,0.04974,172.31.46.0-255,66,286972,53,307861
46083,0.049822,74.125.24.0-255,2902,289874,53,307861
46084,0.049826,172.31.46.0-255,66,289940,53,307861
46085,0.052299,74.125.24.0-255,2902,292842,53,307861
46086,0.052305,172.31.46.0-255,66,292908,53,307861
46087,0.052454,74.125.24.0-255,2902,295810,53,307861
46088,0.052459,172.31.46.0-255,66,295876,53,307861
46089,0.054922,74.125.24.0-255,2902,298778,53,307861
46090,0.054928,172.31.46.0-255,66,298844,53,307861
46091,0.055089,74.125.24.0-255,2902,301746,53,307861
46092,0.055095,172.31.46.0-255,66,301812,53,307861
46093,0.057591,74.125.24.0-255,2902,304714,53,307861
46094,0.057598,172.31.46.0-255,66,304780,53,307861
46095,0.057642,74.125.24.0-255,2844,307624,53,307861
46096,0.057649,172.31.46.0-255,66,307690,53,307861
46097,0.057802,172.31.46.0-255,105,307795,53,307861
46098,0.064403,74.125.24.0-255,66,307861,53,307861
46099,0.0,74.125.24.0-255,150,150,53,320265
46100,2.3e-05,172.31.46.0-255,66,216,53,320265
46101,3e-05,74.125.24.0-255,1484,1700,53,320265
46102,3.4e-05,172.31.46.0-255,66,1766,53,320265
46103,3.7e-05,74.125.24.0-255,1484,3250,53,320265
46104,4e-05,172.31.46.0-255,66,3316,53,320265
46105,4.7e-05,74.125.24.0-255,4320,7636,53,320265
46106,5e-05,172.31.46.0-255,66,7702,53,320265
46107,7.7e-05,74.125.24.0-255,1484,9186,53,320265
46108,7.9e-05,172.31.46.0-255,66,9252,53,320265
46109,9.7e-05,74.125.24.0-255,4918,14170,53,320265
46110,0.000101,172.31.46.0-255,66,14236,53,320265
46111,0.000168,74.125.24.0-255,1484,15720,53,320265
46112,0.00017,172.31.46.0-255,66,15786,53,320265
46113,0.000175,74.125.24.0-255,2902,18688,53,320265
46114,0.000177,172.31.46.0-255,66,18754,53,320265
46115,0.000206,74.125.24.0-255,5738,24492,53,320265
46116,0.000209,172.31.46.0-255,66,24558,53,320265
46117,0.000241,74.125.24.0-255,6797,31355,53,320265
46118,0.000243,172.31.46.0-255,66,31421,53,320265
46119,0.000574,74.125.24.0-255,1484,32905,53,320265
46120,0.000579,172.31.46.0-255,66,32971,53,320265
46121,0.000585,74.125.24.0-255,2902,35873,53,320265
46122,0.000587,172.31.46.0-255,66,35939,53,320265
46123,0.000594,74.125.24.0-255,5738,41677,53,320265
46124,0.000596,172.31.46.0-255,66,41743,53,320265
46125,0.00063,74.125.24.0-255,4320,46063,53,320265
46126,0.000633,172.31.46.0-255,66,46129,53,320265
46127,0.000648,74.125.24.0-255,2543,48672,53,320265
46128,0.000651,172.31.46.0-255,66,48738,53,320265
46129,0.000829,74.125.24.0-255,1484,50222,53,320265
46130,0.000833,172.31.46.0-255,66,50288,53,320265
46131,0.000838,74.125.24.0-255,2902,53190,53,320265
46132,0.00084,172.31.46.0-255,66,53256,53,320265
46133,0.00086,74.125.24.0-255,5738,58994,53,320265
46134,0.000862,172.31.46.0-255,66,59060,53,320265
46135,0.000894,74.125.24.0-255,6797,65857,53,320265
46136,0.000897,172.31.46.0-255,66,65923,53,320265
46137,0.001553,74.125.24.0-255,646,66569,53,320265
46138,0.002257,74.125.24.0-255,1484,68053,53,320265
46139,0.002266,172.31.46.0-255,66,68119,53,320265
46140,0.002274,74.125.24.0-255,2902,71021,53,320265
46141,0.002276,172.31.46.0-255,66,71087,53,320265
46142,0.002283,74.125.24.0-255,5738,76825,53,320265
46143,0.002285,172.31.46.0-255,66,76891,53,320265
46144,0.002346,172.31.46.0-255,66,76957,53,320265
46145,0.002359,172.31.46.0-255,66,77023,53,320265
46146,0.004673,74.125.24.0-255,5738,82761,53,320265
46147,0.00468,172.31.46.0-255,66,82827,53,320265
46148,0.006972,74.125.24.0-255,5738,88565,53,320265
46149,0.006983,172.31.46.0-255,66,88631,53,320265
46150,0.009287,74.125.24.0-255,5738,94369,53,320265
46151,0.009302,172.31.46.0-255,66,94435,53,320265
46152,0.011628,74.125.24.0-255,5738,100173,53,320265
46153,0.011643,172.31.46.0-255,66,100239,53,320265
46154,0.013951,74.125.24.0-255,5738,105977,53,320265
46155,0.013969,172.31.46.0-255,66,106043,53,320265
46156,0.016331,74.125.24.0-255,5738,111781,53,320265
46157,0.016349,172.31.46.0-255,66,111847,53,320265
46158,0.018671,74.125.24.0-255,5738,117585,53,320265
46159,0.018681,172.31.46.0-255,66,117651,53,320265
46160,0.021007,74.125.24.0-255,5738,123389,53,320265
46161,0.021017,172.31.46.0-255,66,123455,53,320265
46162,0.023336,74.125.24.0-255,5738,129193,53,320265
46163,0.023347,172.31.46.0-255,66,129259,53,320265
46164,0.025653,74.125.24.0-255,5738,134997,53,320265
46165,0.025662,172.31.46.0-255,66,135063,53,320265
46166,0.02732,172.31.46.0-255,172,135235,53,320265
46167,0.02735,172.31.46.0-255,1112,136347,53,320265
46168,0.027403,172.31.46.0-255,1514,137861,53,320265
46169,0.027404,172.31.46.0-255,1514,139375,53,320265
46170,0.027424,172.31.46.0-255,702,140077,53,320265
46171,0.027988,74.125.24.0-255,5738,145815,53,320265
46172,0.027995,172.31.46.0-255,66,145881,53,320265
46173,0.028869,104.244.42.0-255,66,145947,53,320265
46174,0.029062,104.244.42.0-255,66,146013,53,320265
46175,0.029083,104.244.42.0-255,66,146079,53,320265
46176,0.029094,104.244.42.0-255,66,146145,53,320265
46177,0.030316,74.125.24.0-255,5738,151883,53,320265
46178,0.030322,172.31.46.0-255,66,151949,53,320265
46179,0.032633,74.125.24.0-255,5738,157687,53,320265
46180,0.03264,172.31.46.0-255,66,157753,53,320265
46181,0.034943,74.125.24.0-255,5738,163491,53,320265
46182,0.03495,172.31.46.0-255,66,163557,53,320265
46183,0.03727,74.125.24.0-255,5738,169295,53,320265
46184,0.037277,172.31.46.0-255,66,169361,53,320265
46185,0.039609,74.125.24.0-255,5738,175099,53,320265
46186,0.039616,172.31.46.0-255,66,175165,53,320265
46187,0.04193,74.125.24.0-255,5738,180903,53,320265
46188,0.041942,172.31.46.0-255,66,180969,53,320265
46189,0.044293,74.125.24.0-255,5738,186707,53,320265
46190,0.0443,172.31.46.0-255,66,186773,53,320265
46191,0.046632,74.125.24.0-255,5738,192511,53,320265
46192,0.046639,172.31.46.0-255,66,192577,53,320265
46193,0.048969,74.125.24.0-255,5738,198315,53,320265
46194,0.048976,172.31.46.0-255,66,198381,53,320265
46195,0.051272,74.125.24.0-255,5738,204119,53,320265
46196,0.051278,172.31.46.0-255,66,204185,53,320265
46197,0.053603,74.125.24.0-255,5738,209923,53,320265
46198,0.053609,172.31.46.0-255,66,209989,53,320265
46199,0.055943,74.125.24.0-255,5738,215727,53,320265
46200,0.055951,172.31.46.0-255,66,215793,53,320265
46201,0.058262,74.125.24.0-255,5738,221531,53,320265
46202,0.058268,172.31.46.0-255,66,221597,53,320265
46203,0.060583,74.125.24.0-255,5738,227335,53,320265
46204,0.060589,172.31.46.0-255,66,227401,53,320265
46205,0.062913,74.125.24.0-255,5738,233139,53,320265
46206,0.062919,172.31.46.0-255,66,233205,53,320265
46207,0.065281,74.125.24.0-255,5738,238943,53,320265
46208,0.065287,172.31.46.0-255,66,239009,53,320265
46209,0.067616,74.125.24.0-255,5738,244747,53,320265
46210,0.067623,172.31.46.0-255,66,244813,53,320265
46211,0.069949,74.125.24.0-255,5738,250551,53,320265
46212,0.069955,172.31.46.0-255,66,250617,53,320265
46213,0.072274,74.125.24.0-255,5738,256355,53,320265
46214,0.07228,172.31.46.0-255,66,256421,53,320265
46215,0.074597,74.125.24.0-255,5738,262159,53,320265
46216,0.074604,172.31.46.0-255,66,262225,53,320265
46217,0.07691,74.125.24.0-255,5738,267963,53,320265
46218,0.076916,172.31.46.0-255,66,268029,53,320265
46219,0.07922,74.125.24.0-255,5738,273767,53,320265
46220,0.079225,172.31.46.0-255,66,273833,53,320265
46221,0.08153,74.125.24.0-255,5738,279571,53,320265
46222,0.081536,172.31.46.0-255,66,279637,53,320265
46223,0.083863,74.125.24.0-255,5738,285375,53,320265
46224,0.083869,172.31.46.0-255,66,285441,53,320265
46225,0.086196,74.125.24.0-255,5738,291179,53,320265
46226,0.086206,172.31.46.0-255,66,291245,53,320265
46227,0.088528,74.125.24.0-255,5738,296983,53,320265
46228,0.088541,172.31.46.0-255,66,297049,53,320265
46229,0.090872,74.125.24.0-255,5738,302787,53,320265
46230,0.090886,172.31.46.0-255,66,302853,53,320265
46231,0.093206,74.125.24.0-255,5738,308591,53,320265
46232,0.093218,172.31.46.0-255,66,308657,53,320265
46233,0.095549,74.125.24.0-255,5738,314395,53,320265
46234,0.095558,172.31.46.0-255,66,314461,53,320265
46235,0.097866,74.125.24.0-255,5738,320199,53,320265
46236,0.097871,172.31.46.0-255,66,320265,53,320265
46237,0.0,172.217.27.0-255,152,152,53,398531
46238,1.8e-05,172.31.46.0-255,66,218,53,398531
46239,2.5e-05,172.217.27.0-255,1484,1702,53,398531
46240,3e-05,172.31.46.0-255,66,1768,53,398531
46241,3.7e-05,172.217.27.0-255,2902,4670,53,398531
46242,3.9e-05,172.31.46.0-255,66,4736,53,398531
46243,4.6e-05,172.217.27.0-255,5738,10474,53,398531
46244,4.8e-05,172.31.46.0-255,66,10540,53,398531
46245,5.3e-05,172.217.27.0-255,2902,13442,53,398531
46246,5.5e-05,172.31.46.0-255,66,13508,53,398531
46247,7.4e-05,172.217.27.0-255,523,14031,53,398531
46248,7.7e-05,172.31.46.0-255,66,14097,53,398531
46249,0.000112,172.217.27.0-255,1484,15581,53,398531
46250,0.000115,172.31.46.0-255,66,15647,53,398531
46251,0.00012,172.217.27.0-255,2902,18549,53,398531
46252,0.000122,172.31.46.0-255,66,18615,53,398531
46253,0.000164,172.217.27.0-255,5738,24353,53,398531
46254,0.000167,172.31.46.0-255,66,24419,53,398531
46255,0.000191,172.217.27.0-255,5738,30157,53,398531
46256,0.000194,172.31.46.0-255,66,30223,53,398531
46257,0.000198,172.217.27.0-255,1125,31348,53,398531
46258,0.0002,172.31.46.0-255,66,31414,53,398531
46259,0.000395,172.217.27.0-255,1484,32898,53,398531
46260,0.0004,172.31.46.0-255,66,32964,53,398531
46261,0.000405,172.217.27.0-255,2902,35866,53,398531
46262,0.000407,172.31.46.0-255,66,35932,53,398531
46263,0.000411,172.217.27.0-255,1484,37416,53,398531
46264,0.000413,172.31.46.0-255,66,37482,53,398531
46265,0.000428,172.217.27.0-255,2902,40384,53,398531
46266,0.00043,172.31.46.0-255,66,40450,53,398531
46267,0.000494,172.217.27.0-255,7156,47606,53,398531
46268,0.000497,172.31.46.0-255,66,47672,53,398531
46269,0.000514,172.217.27.0-255,1125,48797,53,398531
46270,0.000539,172.217.27.0-255,1484,50281,53,398531
46271,0.000542,172.31.46.0-255,66,50347,53,398531
46272,0.000565,172.217.27.0-255,7156,57503,53,398531
46273,0.000568,172.31.46.0-255,66,57569,53,398531
46274,0.000592,172.217.27.0-255,4320,61889,53,398531
46275,0.000594,172.31.46.0-255,66,61955,53,398531
46276,0.000612,172.217.27.0-255,2902,64857,53,398531
46277,0.000614,172.31.46.0-255,66,64923,53,398531
46278,0.000629,172.217.27.0-255,1125,66048,53,398531
46279,0.000722,172.217.27.0-255,393,66441,53,398531
46280,0.000907,172.217.27.0-255,350,66791,53,398531
46281,0.00091,172.31.46.0-255,66,66857,53,398531
46282,0.001043,172.217.27.0-255,1484,68341,53,398531
46283,0.001048,172.217.27.0-255,2902,71243,53,398531
46284,0.001051,172.31.46.0-255,66,71309,53,398531
46285,0.001075,172.217.27.0-255,5738,77047,53,398531
46286,0.001077,172.31.46.0-255,66,77113,53,398531
46287,0.001127,172.217.27.0-255,2902,80015,53,398531
46288,0.00113,172.31.46.0-255,66,80081,53,398531
46289,0.001145,172.217.27.0-255,3961,84042,53,398531
46290,0.001147,172.31.46.0-255,66,84108,53,398531
46291,0.001172,172.217.27.0-255,1484,85592,53,398531
46292,0.00119,172.217.27.0-255,5738,91330,53,398531
46293,0.001192,172.31.46.0-255,66,91396,53,398531
46294,0.001222,172.217.27.0-255,5738,97134,53,398531
46295,0.001224,172.31.46.0-255,66,97200,53,398531
46296,0.001242,172.217.27.0-255,2902,100102,53,398531
46297,0.001244,172.31.46.0-255,66,100168,53,398531
46298,0.00127,172.217.27.0-255,1125,101293,53,398531
46299,0.001379,172.31.46.0-255,66,101359,53,398531
46300,0.002869,172.217.27.0-255,1484,102843,53,398531
46301,0.002893,172.217.27.0-255,2902,105745,53,398531
46302,0.002897,172.31.46.0-255,66,105811,53,398531
46303,0.003013,172.217.27.0-255,1484,107295,53,398531
46304,0.004536,172.217.27.0-255,2902,110197,53,398531
46305,0.004539,172.31.46.0-255,66,110263,53,398531
46306,0.004549,172.217.27.0-255,1484,111747,53,398531
46307,0.006216,172.217.27.0-255,4320,116067,53,398531
46308,0.006221,172.31.46.0-255,66,116133,53,398531
46309,0.007885,172.217.27.0-255,5738,121871,53,398531
46310,0.007893,172.31.46.0-255,66,121937,53,398531
46311,0.007995,172.31.46.0-255,101,122038,53,398531
46312,0.009576,172.217.27.0-255,5738,127776,53,398531
46313,0.009583,172.31.46.0-255,66,127842,53,398531
46314,0.009603,172.217.27.0-255,66,127908,53,398531
46315,0.011245,172.217.27.0-255,5738,133646,53,398531
46316,0.011254,172.31.46.0-255,66,133712,53,398531
46317,0.01293,172.217.27.0-255,5738,139450,53,398531
46318,0.012937,172.31.46.0-255,66,139516,53,398531
46319,0.014591,172.217.27.0-255,5738,145254,53,398531
46320,0.014598,172.31.46.0-255,66,145320,53,398531
46321,0.016252,172.217.27.0-255,5738,151058,53,398531
46322,0.016259,172.31.46.0-255,66,151124,53,398531
46323,0.017911,172.217.27.0-255,5738,156862,53,398531
46324,0.017918,172.31.46.0-255,66,156928,53,398531
46325,0.019569,172.217.27.0-255,5738,162666,53,398531
46326,0.019577,172.31.46.0-255,66,162732,53,398531
46327,0.021228,172.217.27.0-255,5738,168470,53,398531
46328,0.021235,172.31.46.0-255,66,168536,53,398531
46329,0.022961,172.217.27.0-255,5738,174274,53,398531
46330,0.022968,172.31.46.0-255,66,174340,53,398531
46331,0.024649,172.217.27.0-255,5738,180078,53,398531
46332,0.024656,172.31.46.0-255,66,180144,53,398531
46333,0.025253,172.31.46.0-255,172,180316,53,398531
46334,0.025285,172.31.46.0-255,1111,181427,53,398531
46335,0.02534,172.31.46.0-255,1514,182941,53,398531
46336,0.025342,172.31.46.0-255,1292,184233,53,398531
46337,0.026311,172.217.27.0-255,5738,189971,53,398531
46338,0.026316,172.31.46.0-255,66,190037,53,398531
46339,0.026774,104.244.42.0-255,66,190103,53,398531
46340,0.026795,104.244.42.0-255,66,190169,53,398531
46341,0.026889,104.244.42.0-255,66,190235,53,398531
46342,0.027964,172.217.27.0-255,2902,193137,53,398531
46343,0.027969,172.31.46.0-255,66,193203,53,398531
46344,0.027988,172.217.27.0-255,2902,196105,53,398531
46345,0.02799,172.31.46.0-255,66,196171,53,398531
46346,0.029638,172.217.27.0-255,5738,201909,53,398531
46347,0.029644,172.31.46.0-255,66,201975,53,398531
46348,0.031341,172.217.27.0-255,5738,207713,53,398531
46349,0.031348,172.31.46.0-255,66,207779,53,398531
46350,0.033017,172.217.27.0-255,5738,213517,53,398531
46351,0.033022,172.31.46.0-255,66,213583,53,398531
46352,0.03468,172.217.27.0-255,5738,219321,53,398531
46353,0.034685,172.31.46.0-255,66,219387,53,398531
46354,0.03635,172.217.27.0-255,5738,225125,53,398531
46355,0.036357,172.31.46.0-255,66,225191,53,398531
46356,0.038047,172.217.27.0-255,5738,230929,53,398531
46357,0.038053,172.31.46.0-255,66,230995,53,398531
46358,0.03982,172.217.27.0-255,5738,236733,53,398531
46359,0.039827,172.31.46.0-255,66,236799,53,398531
46360,0.041517,172.217.27.0-255,5738,242537,53,398531
46361,0.041526,172.31.46.0-255,66,242603,53,398531
46362,0.043194,172.217.27.0-255,5738,248341,53,398531
46363,0.0432,172.31.46.0-255,66,248407,53,398531
46364,0.044915,172.217.27.0-255,5738,254145,53,398531
46365,0.044922,172.31.46.0-255,66,254211,53,398531
46366,0.0466,172.217.27.0-255,5738,259949,53,398531
46367,0.046605,172.31.46.0-255,66,260015,53,398531
46368,0.048297,172.217.27.0-255,5738,265753,53,398531
46369,0.048304,172.31.46.0-255,66,265819,53,398531
46370,0.049995,172.217.27.0-255,5738,271557,53,398531
46371,0.050005,172.31.46.0-255,66,271623,53,398531
46372,0.051703,172.217.27.0-255,4320,275943,53,398531
46373,0.051708,172.31.46.0-255,66,276009,53,398531
46374,0.051731,172.217.27.0-255,1484,277493,53,398531
46375,0.053367,172.217.27.0-255,4320,281813,53,398531
46376,0.053375,172.31.46.0-255,66,281879,53,398531
46377,0.055081,172.217.27.0-255,5738,287617,53,398531
46378,0.055088,172.31.46.0-255,66,287683,53,398531
46379,0.056744,172.217.27.0-255,2902,290585,53,398531
46380,0.056749,172.31.46.0-255,66,290651,53,398531
46381,0.056769,172.217.27.0-255,2902,293553,53,398531
46382,0.056771,172.31.46.0-255,66,293619,53,398531
46383,0.058418,172.217.27.0-255,5738,299357,53,398531
46384,0.058425,172.31.46.0-255,66,299423,53,398531
46385,0.06012,172.217.27.0-255,5738,305161,53,398531
46386,0.060126,172.31.46.0-255,66,305227,53,398531
46387,0.061797,172.217.27.0-255,5738,310965,53,398531
46388,0.061802,172.31.46.0-255,66,311031,53,398531
46389,0.063479,172.217.27.0-255,5738,316769,53,398531
46390,0.063484,172.31.46.0-255,66,316835,53,398531
46391,0.06514,172.217.27.0-255,5738,322573,53,398531
46392,0.065145,172.31.46.0-255,66,322639,53,398531
46393,0.066826,172.217.27.0-255,5738,328377,53,398531
46394,0.066831,172.31.46.0-255,66,328443,53,398531
46395,0.068487,172.217.27.0-255,5738,334181,53,398531
46396,0.068492,172.31.46.0-255,66,334247,53,398531
46397,0.070146,172.217.27.0-255,5738,339985,53,398531
46398,0.070152,172.31.46.0-255,66,340051,53,398531
46399,0.071817,172.217.27.0-255,5738,345789,53,398531
46400,0.071824,172.31.46.0-255,66,345855,53,398531
46401,0.073491,172.217.27.0-255,5738,351593,53,398531
46402,0.073496,172.31.46.0-255,66,351659,53,398531
46403,0.075159,172.217.27.0-255,5738,357397,53,398531
46404,0.075166,172.31.46.0-255,66,357463,53,398531
46405,0.076817,172.217.27.0-255,5738,363201,53,398531
46406,0.076821,172.31.46.0-255,66,363267,53,398531
46407,0.078481,172.217.27.0-255,5738,369005,53,398531
46408,0.078488,172.31.46.0-255,66,369071,53,398531
46409,0.080156,172.217.27.0-255,5738,374809,53,398531
46410,0.080162,172.31.46.0-255,66,374875,53,398531
46411,0.081812,172.217.27.0-255,5738,380613,53,398531
46412,0.081817,172.31.46.0-255,66,380679,53,398531
46413,0.083527,172.217.27.0-255,5738,386417,53,398531
46414,0.083533,172.31.46.0-255,66,386483,53,398531
46415,0.085199,172.217.27.0-255,5738,392221,53,398531
46416,0.085205,172.31.46.0-255,66,392287,53,398531
46417,0.086909,172.217.27.0-255,5738,398025,53,398531
46418,0.086915,172.31.46.0-255,66,398091,53,398531
46419,0.088539,172.217.27.0-255,269,398360,53,398531
46420,0.088691,172.31.46.0-255,105,398465,53,398531
46421,0.094147,172.217.27.0-255,66,398531,53,398531
46422,0.0,74.125.24.0-255,153,153,53,341069
46423,2e-05,172.31.46.0-255,66,219,53,341069
46424,2.6e-05,74.125.24.0-255,1484,1703,53,341069
46425,3.1e-05,172.31.46.0-255,66,1769,53,341069
46426,4.3e-05,74.125.24.0-255,2902,4671,53,341069
46427,4.7e-05,172.31.46.0-255,66,4737,53,341069
46428,5.1e-05,74.125.24.0-255,2902,7639,53,341069
46429,5.4e-05,172.31.46.0-255,66,7705,53,341069
46430,0.0001,74.125.24.0-255,4320,12025,53,341069
46431,0.000103,172.31.46.0-255,66,12091,53,341069
46432,0.000125,74.125.24.0-255,2113,14204,53,341069
46433,0.000127,172.31.46.0-255,66,14270,53,341069
46434,0.000161,74.125.24.0-255,1484,15754,53,341069
46435,0.000164,172.31.46.0-255,66,15820,53,341069
46436,0.000168,74.125.24.0-255,2902,18722,53,341069
46437,0.00017,172.31.46.0-255,66,18788,53,341069
46438,0.000173,74.125.24.0-255,1484,20272,53,341069
46439,0.000174,172.31.46.0-255,66,20338,53,341069
46440,0.000201,74.125.24.0-255,4320,24658,53,341069
46441,0.000203,172.31.46.0-255,66,24724,53,341069
46442,0.000208,74.125.24.0-255,4320,29044,53,341069
46443,0.000214,172.31.46.0-255,66,29110,53,341069
46444,0.000236,74.125.24.0-255,2543,31653,53,341069
46445,0.000238,172.31.46.0-255,66,31719,53,341069
46446,0.000408,74.125.24.0-255,1484,33203,53,341069
46447,0.000412,172.31.46.0-255,66,33269,53,341069
46448,0.000436,74.125.24.0-255,2902,36171,53,341069
46449,0.000439,172.31.46.0-255,66,36237,53,341069
46450,0.000445,74.125.24.0-255,5738,41975,53,341069
46451,0.000447,172.31.46.0-255,66,42041,53,341069
46452,0.00045,74.125.24.0-255,1484,43525,53,341069
46453,0.000452,172.31.46.0-255,66,43591,53,341069
46454,0.000479,74.125.24.0-255,5379,48970,53,341069
46455,0.000482,172.31.46.0-255,66,49036,53,341069
46456,0.000488,74.125.24.0-255,7156,56192,53,341069
46457,0.000491,172.31.46.0-255,66,56258,53,341069
46458,0.000521,172.31.46.0-255,66,56324,53,341069
46459,0.000541,74.125.24.0-255,132,56456,53,341069
46460,0.000662,74.125.24.0-255,347,56803,53,341069
46461,0.001,74.125.24.0-255,1484,58287,53,341069
46462,0.001006,74.125.24.0-255,2902,61189,53,341069
46463,0.001011,172.31.46.0-255,66,61255,53,341069
46464,0.001015,172.31.46.0-255,66,61321,53,341069
46465,0.001034,74.125.24.0-255,5738,67059,53,341069
46466,0.001038,172.31.46.0-255,66,67125,53,341069
46467,0.00108,172.31.46.0-255,66,67191,53,341069
46468,0.001097,172.31.46.0-255,66,67257,53,341069
46469,0.001657,74.125.24.0-255,1484,68741,53,341069
46470,0.001667,74.125.24.0-255,2902,71643,53,341069
46471,0.001671,172.31.46.0-255,66,71709,53,341069
46472,0.00168,74.125.24.0-255,5738,77447,53,341069
46473,0.001682,172.31.46.0-255,66,77513,53,341069
46474,0.001718,172.31.46.0-255,66,77579,53,341069
46475,0.001753,172.31.46.0-255,66,77645,53,341069
46476,0.002018,74.125.24.0-255,1484,79129,53,341069
46477,0.002026,74.125.24.0-255,2902,82031,53,341069
46478,0.002029,172.31.46.0-255,66,82097,53,341069
46479,0.002054,74.125.24.0-255,5738,87835,53,341069
46480,0.002056,172.31.46.0-255,66,87901,53,341069
46481,0.00209,172.31.46.0-255,66,87967,53,341069
46482,0.002093,74.125.24.0-255,1484,89451,53,341069
46483,0.002138,74.125.24.0-255,1484,90935,53,341069
46484,0.002141,172.31.46.0-255,66,91001,53,341069
46485,0.002172,172.31.46.0-255,66,91067,53,341069
46486,0.0022,74.125.24.0-255,2184,93251,53,341069
46487,0.002202,172.31.46.0-255,66,93317,53,341069
46488,0.002257,74.125.24.0-255,1484,94801,53,341069
46489,0.0023,74.125.24.0-255,1484,96285,53,341069
46490,0.002304,172.31.46.0-255,66,96351,53,341069
46491,0.004478,74.125.24.0-255,2902,99253,53,341069
46492,0.004484,172.31.46.0-255,66,99319,53,341069
46493,0.004568,74.125.24.0-255,2902,102221,53,341069
46494,0.00457,172.31.46.0-255,66,102287,53,341069
46495,0.006776,74.125.24.0-255,2902,105189,53,341069
46496,0.006785,172.31.46.0-255,66,105255,53,341069
46497,0.00684,74.125.24.0-255,2902,108157,53,341069
46498,0.006844,172.31.46.0-255,66,108223,53,341069
46499,0.00909,74.125.24.0-255,5738,113961,53,341069
46500,0.009098,172.31.46.0-255,66,114027,53,341069
46501,0.011399,74.125.24.0-255,5738,119765,53,341069
46502,0.011409,172.31.46.0-255,66,119831,53,341069
46503,0.013723,74.125.24.0-255,5738,125569,53,341069
46504,0.013734,172.31.46.0-255,66,125635,53,341069
46505,0.016019,74.125.24.0-255,5738,131373,53,341069
46506,0.016027,172.31.46.0-255,66,131439,53,341069
46507,0.018284,74.125.24.0-255,4320,135759,53,341069
46508,0.01829,172.31.46.0-255,66,135825,53,341069
46509,0.018312,74.125.24.0-255,1484,137309,53,341069
46510,0.020596,74.125.24.0-255,4320,141629,53,341069
46511,0.020602,172.31.46.0-255,66,141695,53,341069
46512,0.022905,74.125.24.0-255,5738,147433,53,341069
46513,0.022918,172.31.46.0-255,66,147499,53,341069
46514,0.025203,74.125.24.0-255,5738,153237,53,341069
46515,0.025211,172.31.46.0-255,66,153303,53,341069
46516,0.027484,74.125.24.0-255,5738,159041,53,341069
46517,0.027493,172.31.46.0-255,66,159107,53,341069
46518,0.029789,74.125.24.0-255,5738,164845,53,341069
46519,0.029795,172.31.46.0-255,66,164911,53,341069
46520,0.031543,172.31.46.0-255,188,165099,53,341069
46521,0.03157,172.31.46.0-255,953,166052,53,341069
46522,0.031617,172.31.46.0-255,1514,167566,53,341069
46523,0.031624,172.31.46.0-255,1451,169017,53,341069
46524,0.03209,74.125.24.0-255,5738,174755,53,341069
46525,0.032096,172.31.46.0-255,66,174821,53,341069
46526,0.033068,104.244.42.0-255,66,174887,53,341069
46527,0.033092,104.244.42.0-255,66,174953,53,341069
46528,0.033206,104.244.42.0-255,66,175019,53,341069
46529,0.034389,74.125.24.0-255,5738,180757,53,341069
46530,0.034393,172.31.46.0-255,66,180823,53,341069
46531,0.036646,74.125.24.0-255,5738,186561,53,341069
46532,0.036652,172.31.46.0-255,66,186627,53,341069
46533,0.03895,74.125.24.0-255,5738,192365,53,341069
46534,0.038956,172.31.46.0-255,66,192431,53,341069
46535,0.041258,74.125.24.0-255,5738,198169,53,341069
46536,0.041263,172.31.46.0-255,66,198235,53,341069
46537,0.043567,74.125.24.0-255,5738,203973,53,341069
46538,0.043574,172.31.46.0-255,66,204039,53,341069
46539,0.045835,74.125.24.0-255,5738,209777,53,341069
46540,0.045839,172.31.46.0-255,66,209843,53,341069
46541,0.048098,74.125.24.0-255,5738,215581,53,341069
46542,0.048104,172.31.46.0-255,66,215647,53,341069
46543,0.050398,74.125.24.0-255,5738,221385,53,341069
46544,0.050404,172.31.46.0-255,66,221451,53,341069
46545,0.052725,74.125.24.0-255,5738,227189,53,341069
46546,0.052731,172.31.46.0-255,66,227255,53,341069
46547,0.054997,74.125.24.0-255,5738,232993,53,341069
46548,0.05501,172.31.46.0-255,66,233059,53,341069
46549,0.057319,74.125.24.0-255,5738,238797,53,341069
46550,0.057328,172.31.46.0-255,66,238863,53,341069
46551,0.059614,74.125.24.0-255,5738,244601,53,341069
46552,0.059621,172.31.46.0-255,66,244667,53,341069
46553,0.061901,74.125.24.0-255,5738,250405,53,341069
46554,0.061908,172.31.46.0-255,66,250471,53,341069
46555,0.064201,74.125.24.0-255,5738,256209,53,341069
46556,0.064207,172.31.46.0-255,66,256275,53,341069
46557,0.066484,74.125.24.0-255,5738,262013,53,341069
46558,0.066491,172.31.46.0-255,66,262079,53,341069
46559,0.06879,74.125.24.0-255,5738,267817,53,341069
46560,0.068795,172.31.46.0-255,66,267883,53,341069
46561,0.071091,74.125.24.0-255,5738,273621,53,341069
46562,0.071097,172.31.46.0-255,66,273687,53,341069
46563,0.073345,74.125.24.0-255,5738,279425,53,341069
46564,0.073351,172.31.46.0-255,66,279491,53,341069
46565,0.075652,74.125.24.0-255,5738,285229,53,341069
46566,0.075658,172.31.46.0-255,66,285295,53,341069
46567,0.077974,74.125.24.0-255,5738,291033,53,341069
46568,0.077979,172.31.46.0-255,66,291099,53,341069
46569,0.080262,74.125.24.0-255,5738,296837,53,341069
46570,0.080268,172.31.46.0-255,66,296903,53,341069
46571,0.082533,74.125.24.0-255,5738,302641,53,341069
46572,0.082539,172.31.46.0-255,66,302707,53,341069
46573,0.084809,74.125.24.0-255,5738,308445,53,341069
46574,0.084816,172.31.46.0-255,66,308511,53,341069
46575,0.0871,74.125.24.0-255,2902,311413,53,341069
46576,0.087106,172.31.46.0-255,66,311479,53,341069
46577,0.087132,74.125.24.0-255,2902,314381,53,341069
46578,0.087135,172.31.46.0-255,66,314447,53,341069
46579,0.089415,74.125.24.0-255,5738,320185,53,341069
46580,0.089421,172.31.46.0-255,66,320251,53,341069
46581,0.091736,74.125.24.0-255,5738,325989,53,341069
46582,0.091742,172.31.46.0-255,66,326055,53,341069
46583,0.094089,74.125.24.0-255,5738,331793,53,341069
46584,0.094095,172.31.46.0-255,66,331859,53,341069
46585,0.096351,74.125.24.0-255,5738,337597,53,341069
46586,0.096357,172.31.46.0-255,66,337663,53,341069
46587,0.098643,74.125.24.0-255,3235,340898,53,341069
46588,0.098648,172.31.46.0-255,66,340964,53,341069
46589,0.098814,172.31.46.0-255,105,341069,53,341069
46590,0.0,74.125.200.0-255,153,153,53,377376
46591,2.2e-05,172.31.46.0-255,66,219,53,377376
46592,2.9e-05,74.125.200.0-255,1484,1703,53,377376
46593,3.4e-05,172.31.46.0-255,66,1769,53,377376
46594,4.1e-05,74.125.200.0-255,2902,4671,53,377376
46595,4.5e-05,172.31.46.0-255,66,4737,53,377376
46596,7.7e-05,74.125.200.0-255,5738,10475,53,377376
46597,8.1e-05,172.31.46.0-255,66,10541,53,377376
46598,8.7e-05,74.125.200.0-255,3354,13895,53,377376
46599,8.9e-05,172.31.46.0-255,66,13961,53,377376
46600,9.5e-05,74.125.200.0-255,4320,18281,53,377376
46601,9.7e-05,172.31.46.0-255,66,18347,53,377376
46602,0.000134,74.125.200.0-255,5738,24085,53,377376
46603,0.000137,172.31.46.0-255,66,24151,53,377376
46604,0.000149,74.125.200.0-255,1484,25635,53,377376
46605,0.000151,172.31.46.0-255,66,25701,53,377376
46606,0.000185,74.125.200.0-255,5379,31080,53,377376
46607,0.000188,172.31.46.0-255,66,31146,53,377376
46608,0.000245,74.125.200.0-255,1484,32630,53,377376
46609,0.000249,172.31.46.0-255,66,32696,53,377376
46610,0.000254,74.125.200.0-255,2902,35598,53,377376
46611,0.000256,172.31.46.0-255,66,35664,53,377376
46612,0.000284,74.125.200.0-255,4320,39984,53,377376
46613,0.000287,172.31.46.0-255,66,40050,53,377376
46614,0.000291,74.125.200.0-255,1484,41534,53,377376
46615,0.000293,172.31.46.0-255,66,41600,53,377376
46616,0.00031,74.125.200.0-255,4320,45920,53,377376
46617,0.000312,172.31.46.0-255,66,45986,53,377376
46618,0.000326,74.125.200.0-255,1484,47470,53,377376
46619,0.000329,172.31.46.0-255,66,47536,53,377376
46620,0.000348,74.125.200.0-255,5379,52915,53,377376
46621,0.000351,172.31.46.0-255,66,52981,53,377376
46622,0.000358,74.125.200.0-255,7156,60137,53,377376
46623,0.000361,172.31.46.0-255,66,60203,53,377376
46624,0.000383,74.125.200.0-255,2902,63105,53,377376
46625,0.000385,172.31.46.0-255,66,63171,53,377376
46626,0.000405,74.125.200.0-255,2850,66021,53,377376
46627,0.000407,172.31.46.0-255,66,66087,53,377376
46628,0.00041,74.125.200.0-255,115,66202,53,377376
46629,0.000623,74.125.200.0-255,330,66532,53,377376
46630,0.000666,74.125.200.0-255,1484,68016,53,377376
46631,0.00067,172.31.46.0-255,66,68082,53,377376
46632,0.000676,74.125.200.0-255,2902,70984,53,377376
46633,0.000678,172.31.46.0-255,66,71050,53,377376
46634,0.000681,74.125.200.0-255,1484,72534,53,377376
46635,0.000704,74.125.200.0-255,2902,75436,53,377376
46636,0.000707,172.31.46.0-255,66,75502,53,377376
46637,0.00071,74.125.200.0-255,1484,76986,53,377376
46638,0.000742,74.125.200.0-255,7156,84142,53,377376
46639,0.000746,172.31.46.0-255,66,84208,53,377376
46640,0.000757,172.31.46.0-255,66,84274,53,377376
46641,0.000779,74.125.200.0-255,1484,85758,53,377376
46642,0.000801,74.125.200.0-255,6438,92196,53,377376
46643,0.000804,172.31.46.0-255,66,92262,53,377376
46644,0.000986,74.125.200.0-255,1484,93746,53,377376
46645,0.001003,74.125.200.0-255,2902,96648,53,377376
46646,0.001006,172.31.46.0-255,66,96714,53,377376
46647,0.001013,74.125.200.0-255,5738,102452,53,377376
46648,0.001016,172.31.46.0-255,66,102518,53,377376
46649,0.001037,74.125.200.0-255,2902,105420,53,377376
46650,0.00104,172.31.46.0-255,66,105486,53,377376
46651,0.001064,74.125.200.0-255,7156,112642,53,377376
46652,0.001067,172.31.46.0-255,66,112708,53,377376
46653,0.00108,172.31.46.0-255,66,112774,53,377376
46654,0.001125,74.125.200.0-255,2184,114958,53,377376
46655,0.001128,172.31.46.0-255,66,115024,53,377376
46656,0.001192,74.125.200.0-255,1484,116508,53,377376
46657,0.001216,74.125.200.0-255,2902,119410,53,377376
46658,0.001219,172.31.46.0-255,66,119476,53,377376
46659,0.001224,74.125.200.0-255,2902,122378,53,377376
46660,0.001227,172.31.46.0-255,66,122444,53,377376
46661,0.001255,74.125.200.0-255,2902,125346,53,377376
46662,0.001258,172.31.46.0-255,66,125412,53,377376
46663,0.001263,74.125.200.0-255,2902,128314,53,377376
46664,0.001265,172.31.46.0-255,66,128380,53,377376
46665,0.00127,74.125.200.0-255,4320,132700,53,377376
46666,0.001272,172.31.46.0-255,66,132766,53,377376
46667,0.001275,74.125.200.0-255,1484,134250,53,377376
46668,0.001299,74.125.200.0-255,7156,141406,53,377376
46669,0.001302,172.31.46.0-255,66,141472,53,377376
46670,0.001307,74.125.200.0-255,4320,145792,53,377376
46671,0.001309,172.31.46.0-255,66,145858,53,377376
46672,0.001351,74.125.200.0-255,3602,149460,53,377376
46673,0.001356,172.31.46.0-255,66,149526,53,377376
46674,0.001463,74.125.200.0-255,1484,151010,53,377376
46675,0.001484,74.125.200.0-255,2902,153912,53,377376
46676,0.001488,172.31.46.0-255,66,153978,53,377376
46677,0.001491,74.125.200.0-255,1484,155462,53,377376
46678,0.001508,74.125.200.0-255,1484,156946,53,377376
46679,0.001511,172.31.46.0-255,66,157012,53,377376
46680,0.001529,74.125.200.0-255,4320,161332,53,377376
46681,0.001532,172.31.46.0-255,66,161398,53,377376
46682,0.001554,74.125.200.0-255,5738,167136,53,377376
46683,0.001558,172.31.46.0-255,66,167202,53,377376
46684,0.001578,74.125.200.0-255,2902,170104,53,377376
46685,0.001581,172.31.46.0-255,66,170170,53,377376
46686,0.0016,74.125.200.0-255,2902,173072,53,377376
46687,0.001603,172.31.46.0-255,66,173138,53,377376
46688,0.001622,74.125.200.0-255,5738,178876,53,377376
46689,0.001624,172.31.46.0-255,66,178942,53,377376
46690,0.001664,74.125.200.0-255,5020,183962,53,377376
46691,0.001667,172.31.46.0-255,66,184028,53,377376
46692,0.001778,74.125.200.0-255,1484,185512,53,377376
46693,0.001783,74.125.200.0-255,2902,188414,53,377376
46694,0.001786,172.31.46.0-255,66,188480,53,377376
46695,0.001809,74.125.200.0-255,4320,192800,53,377376
46696,0.001812,172.31.46.0-255,66,192866,53,377376
46697,0.001819,74.125.200.0-255,5738,198604,53,377376
46698,0.001821,172.31.46.0-255,66,198670,53,377376
46699,0.001848,74.125.200.0-255,5738,204408,53,377376
46700,0.001851,172.31.46.0-255,66,204474,53,377376
46701,0.001873,74.125.200.0-255,5738,210212,53,377376
46702,0.001876,172.31.46.0-255,66,210278,53,377376
46703,0.001882,74.125.200.0-255,4320,214598,53,377376
46704,0.001885,172.31.46.0-255,66,214664,53,377376
46705,0.0019,74.125.200.0-255,1484,216148,53,377376
46706,0.001916,74.125.200.0-255,2184,218332,53,377376
46707,0.001919,172.31.46.0-255,66,218398,53,377376
46708,0.002059,74.125.200.0-255,1484,219882,53,377376
46709,0.002076,74.125.200.0-255,2902,222784,53,377376
46710,0.00208,172.31.46.0-255,66,222850,53,377376
46711,0.002094,74.125.200.0-255,1484,224334,53,377376
46712,0.002112,74.125.200.0-255,4320,228654,53,377376
46713,0.002114,172.31.46.0-255,66,228720,53,377376
46714,0.004214,74.125.200.0-255,4320,233040,53,377376
46715,0.004237,172.31.46.0-255,66,233106,53,377376
46716,0.004261,74.125.200.0-255,1484,234590,53,377376
46717,0.006333,74.125.200.0-255,4320,238910,53,377376
46718,0.006339,172.31.46.0-255,66,238976,53,377376
46719,0.008445,74.125.200.0-255,5738,244714,53,377376
46720,0.008449,172.31.46.0-255,66,244780,53,377376
46721,0.010556,74.125.200.0-255,5738,250518,53,377376
46722,0.010563,172.31.46.0-255,66,250584,53,377376
46723,0.012668,74.125.200.0-255,5738,256322,53,377376
46724,0.012677,172.31.46.0-255,66,256388,53,377376
46725,0.014827,74.125.200.0-255,4320,260708,53,377376
46726,0.014835,172.31.46.0-255,66,260774,53,377376
46727,0.014858,74.125.200.0-255,1484,262258,53,377376
46728,0.016944,74.125.200.0-255,4320,266578,53,377376
46729,0.016955,172.31.46.0-255,66,266644,53,377376
46730,0.019052,74.125.200.0-255,5738,272382,53,377376
46731,0.019061,172.31.46.0-255,66,272448,53,377376
46732,0.021167,74.125.200.0-255,5738,278186,53,377376
46733,0.021175,172.31.46.0-255,66,278252,53,377376
46734,0.023277,74.125.200.0-255,5738,283990,53,377376
46735,0.023283,172.31.46.0-255,66,284056,53,377376
46736,0.025376,74.125.200.0-255,5738,289794,53,377376
46737,0.025384,172.31.46.0-255,66,289860,53,377376
46738,0.027479,74.125.200.0-255,5738,295598,53,377376
46739,0.027487,172.31.46.0-255,66,295664,53,377376
46740,0.029626,74.125.200.0-255,5738,301402,53,377376
46741,0.029633,172.31.46.0-255,66,301468,53,377376
46742,0.031159,172.31.46.0-255,172,301640,53,377376
46743,0.031192,172.31.46.0-255,1107,302747,53,377376
46744,0.031257,172.31.46.0-255,1514,304261,53,377376
46745,0.03126,172.31.46.0-255,1296,305557,53,377376
46746,0.03174,74.125.200.0-255,5738,311295,53,377376
46747,0.031748,172.31.46.0-255,66,311361,53,377376
46748,0.032693,104.244.42.0-255,66,311427,53,377376
46749,0.032738,104.244.42.0-255,66,311493,53,377376
46750,0.032841,104.244.42.0-255,66,311559,53,377376
46751,0.033853,74.125.200.0-255,5738,317297,53,377376
46752,0.033861,172.31.46.0-255,66,317363,53,377376
46753,0.03596,74.125.200.0-255,5738,323101,53,377376
46754,0.035967,172.31.46.0-255,66,323167,53,377376
46755,0.038092,74.125.200.0-255,5738,328905,53,377376
46756,0.038099,172.31.46.0-255,66,328971,53,377376
46757,0.040199,74.125.200.0-255,5738,334709,53,377376
46758,0.040207,172.31.46.0-255,66,334775,53,377376
46759,0.04232,74.125.200.0-255,5738,340513,53,377376
46760,0.042329,172.31.46.0-255,66,340579,53,377376
46761,0.044443,74.125.200.0-255,5738,346317,53,377376
46762,0.044454,172.31.46.0-255,66,346383,53,377376
46763,0.046562,74.125.200.0-255,5738,352121,53,377376
46764,0.046571,172.31.46.0-255,66,352187,53,377376
46765,0.048678,74.125.200.0-255,5738,357925,53,377376
46766,0.048686,172.31.46.0-255,66,357991,53,377376
46767,0.050791,74.125.200.0-255,5738,363729,53,377376
46768,0.050799,172.31.46.0-255,66,363795,53,377376
46769,0.052917,74.125.200.0-255,5738,369533,53,377376
46770,0.052927,172.31.46.0-255,66,369599,53,377376
46771,0.055029,74.125.200.0-255,5738,375337,53,377376
46772,0.055036,172.31.46.0-255,66,375403,53,377376
46773,0.057128,74.125.200.0-255,1277,376680,53,377376
46774,0.057294,172.31.46.0-255,105,376785,53,377376
46775,0.05733,172.31.46.0-255,105,376890,53,377376
46776,0.05757,172.31.46.0-255,90,376980,53,377376
46777,0.05758,172.31.46.0-255,66,377046,53,377376
46778,0.05936,74.125.200.0-255,66,377112,53,377376
46779,0.059388,74.125.200.0-255,66,377178,53,377376
46780,0.059618,74.125.200.0-255,66,377244,53,377376
46781,0.059649,74.125.200.0-255,66,377310,53,377376
46782,0.059664,172.31.46.0-255,66,377376,53,377376
46783,0.0,74.125.24.0-255,153,153,53,363547
46784,2.1e-05,172.31.46.0-255,66,219,53,363547
46785,2.8e-05,74.125.24.0-255,1484,1703,53,363547
46786,3.2e-05,172.31.46.0-255,66,1769,53,363547
46787,3.6e-05,74.125.24.0-255,2902,4671,53,363547
46788,4e-05,172.31.46.0-255,66,4737,53,363547
46789,5.3e-05,74.125.24.0-255,7156,11893,53,363547
46790,5.7e-05,172.31.46.0-255,66,11959,53,363547
46791,6.1e-05,74.125.24.0-255,2120,14079,53,363547
46792,6.3e-05,172.31.46.0-255,66,14145,53,363547
46793,0.00016,74.125.24.0-255,1484,15629,53,363547
46794,0.000162,172.31.46.0-255,66,15695,53,363547
46795,0.000188,74.125.24.0-255,2902,18597,53,363547
46796,0.000191,172.31.46.0-255,66,18663,53,363547
46797,0.000196,74.125.24.0-255,5738,24401,53,363547
46798,0.000198,172.31.46.0-255,66,24467,53,363547
46799,0.000203,74.125.24.0-255,5738,30205,53,363547
46800,0.000209,172.31.46.0-255,66,30271,53,363547
46801,0.000245,74.125.24.0-255,1125,31396,53,363547
46802,0.000247,172.31.46.0-255,66,31462,53,363547
46803,0.00042,74.125.24.0-255,1484,32946,53,363547
46804,0.000425,172.31.46.0-255,66,33012,53,363547
46805,0.00043,74.125.24.0-255,2902,35914,53,363547
46806,0.000432,172.31.46.0-255,66,35980,53,363547
46807,0.000466,74.125.24.0-255,5738,41718,53,363547
46808,0.000468,172.31.46.0-255,66,41784,53,363547
46809,0.000473,74.125.24.0-255,4320,46104,53,363547
46810,0.000475,172.31.46.0-255,66,46170,53,363547
46811,0.000506,172.31.46.0-255,66,46236,53,363547
46812,0.000513,74.125.24.0-255,7072,53308,53,363547
46813,0.000515,172.31.46.0-255,66,53374,53,363547
46814,0.000666,74.125.24.0-255,381,53755,53,363547
46815,0.000792,74.125.24.0-255,1484,55239,53,363547
46816,0.000795,172.31.46.0-255,66,55305,53,363547
46817,0.0008,74.125.24.0-255,2902,58207,53,363547
46818,0.000802,172.31.46.0-255,66,58273,53,363547
46819,0.000823,74.125.24.0-255,2902,61175,53,363547
46820,0.000825,172.31.46.0-255,66,61241,53,363547
46821,0.000848,74.125.24.0-255,2902,64143,53,363547
46822,0.000851,172.31.46.0-255,66,64209,53,363547
46823,0.000856,74.125.24.0-255,4320,68529,53,363547
46824,0.000861,172.31.46.0-255,66,68595,53,363547
46825,0.000891,74.125.24.0-255,3961,72556,53,363547
46826,0.000894,172.31.46.0-255,66,72622,53,363547
46827,0.000903,172.31.46.0-255,66,72688,53,363547
46828,0.000949,74.125.24.0-255,6797,79485,53,363547
46829,0.000952,172.31.46.0-255,66,79551,53,363547
46830,0.001632,74.125.24.0-255,1484,81035,53,363547
46831,0.00164,74.125.24.0-255,2902,83937,53,363547
46832,0.001644,172.31.46.0-255,66,84003,53,363547
46833,0.001677,74.125.24.0-255,5738,89741,53,363547
46834,0.001679,172.31.46.0-255,66,89807,53,363547
46835,0.001684,74.125.24.0-255,2902,92709,53,363547
46836,0.001686,172.31.46.0-255,66,92775,53,363547
46837,0.001719,172.31.46.0-255,66,92841,53,363547
46838,0.001735,172.31.46.0-255,66,92907,53,363547
46839,0.003766,74.125.24.0-255,5738,98645,53,363547
46840,0.003772,172.31.46.0-255,66,98711,53,363547
46841,0.005824,74.125.24.0-255,2902,101613,53,363547
46842,0.005828,172.31.46.0-255,66,101679,53,363547
46843,0.005854,74.125.24.0-255,2902,104581,53,363547
46844,0.005856,172.31.46.0-255,66,104647,53,363547
46845,0.007869,74.125.24.0-255,2902,107549,53,363547
46846,0.007875,172.31.46.0-255,66,107615,53,363547
46847,0.007902,74.125.24.0-255,2902,110517,53,363547
46848,0.007904,172.31.46.0-255,66,110583,53,363547
46849,0.009909,74.125.24.0-255,2902,113485,53,363547
46850,0.009917,172.31.46.0-255,66,113551,53,363547
46851,0.009948,74.125.24.0-255,2902,116453,53,363547
46852,0.009951,172.31.46.0-255,66,116519,53,363547
46853,0.011957,74.125.24.0-255,2902,119421,53,363547
46854,0.011963,172.31.46.0-255,66,119487,53,363547
46855,0.01199,74.125.24.0-255,2902,122389,53,363547
46856,0.011992,172.31.46.0-255,66,122455,53,363547
46857,0.013994,74.125.24.0-255,2902,125357,53,363547
46858,0.014001,172.31.46.0-255,66,125423,53,363547
46859,0.014032,74.125.24.0-255,2902,128325,53,363547
46860,0.014035,172.31.46.0-255,66,128391,53,363547
46861,0.016055,74.125.24.0-255,2902,131293,53,363547
46862,0.016064,172.31.46.0-255,66,131359,53,363547
46863,0.016099,74.125.24.0-255,2902,134261,53,363547
46864,0.016101,172.31.46.0-255,66,134327,53,363547
46865,0.018091,74.125.24.0-255,2902,137229,53,363547
46866,0.018104,172.31.46.0-255,66,137295,53,363547
46867,0.01814,74.125.24.0-255,2902,140197,53,363547
46868,0.018144,172.31.46.0-255,66,140263,53,363547
46869,0.020147,74.125.24.0-255,2902,143165,53,363547
46870,0.020153,172.31.46.0-255,66,143231,53,363547
46871,0.020182,74.125.24.0-255,2902,146133,53,363547
46872,0.020184,172.31.46.0-255,66,146199,53,363547
46873,0.022181,74.125.24.0-255,2902,149101,53,363547
46874,0.022188,172.31.46.0-255,66,149167,53,363547
46875,0.022223,74.125.24.0-255,2902,152069,53,363547
46876,0.022226,172.31.46.0-255,66,152135,53,363547
46877,0.024232,74.125.24.0-255,2902,155037,53,363547
46878,0.024238,172.31.46.0-255,66,155103,53,363547
46879,0.024313,74.125.24.0-255,2902,158005,53,363547
46880,0.024315,172.31.46.0-255,66,158071,53,363547
46881,0.026259,74.125.24.0-255,2902,160973,53,363547
46882,0.026266,172.31.46.0-255,66,161039,53,363547
46883,0.026317,74.125.24.0-255,2902,163941,53,363547
46884,0.026321,172.31.46.0-255,66,164007,53,363547
46885,0.028337,74.125.24.0-255,2902,166909,53,363547
46886,0.028344,172.31.46.0-255,66,166975,53,363547
46887,0.028371,74.125.24.0-255,2902,169877,53,363547
46888,0.028374,172.31.46.0-255,66,169943,53,363547
46889,0.030392,74.125.24.0-255,2902,172845,53,363547
46890,0.0304,172.31.46.0-255,66,172911,53,363547
46891,0.030436,74.125.24.0-255,2902,175813,53,363547
46892,0.030439,172.31.46.0-255,66,175879,53,363547
46893,0.032457,74.125.24.0-255,5738,181617,53,363547
46894,0.032463,172.31.46.0-255,66,181683,53,363547
46895,0.033176,172.31.46.0-255,172,181855,53,363547
46896,0.033211,172.31.46.0-255,1112,182967,53,363547
46897,0.033272,172.31.46.0-255,1514,184481,53,363547
46898,0.033274,172.31.46.0-255,1514,185995,53,363547
46899,0.033279,172.31.46.0-255,1514,187509,53,363547
46900,0.03328,172.31.46.0-255,1514,189023,53,363547
46901,0.033297,172.31.46.0-255,1495,190518,53,363547
46902,0.034511,74.125.24.0-255,5738,196256,53,363547
46903,0.034517,172.31.46.0-255,66,196322,53,363547
46904,0.034714,104.244.42.0-255,66,196388,53,363547
46905,0.034772,104.244.42.0-255,66,196454,53,363547
46906,0.034823,104.244.42.0-255,66,196520,53,363547
46907,0.034864,104.244.42.0-255,66,196586,53,363547
46908,0.036589,74.125.24.0-255,5738,202324,53,363547
46909,0.036596,172.31.46.0-255,66,202390,53,363547
46910,0.038628,74.125.24.0-255,5738,208128,53,363547
46911,0.038634,172.31.46.0-255,66,208194,53,363547
46912,0.04068,74.125.24.0-255,5738,213932,53,363547
46913,0.040688,172.31.46.0-255,66,213998,53,363547
46914,0.042776,74.125.24.0-255,5738,219736,53,363547
46915,0.042784,172.31.46.0-255,66,219802,53,363547
46916,0.044813,74.125.24.0-255,5738,225540,53,363547
46917,0.044818,172.31.46.0-255,66,225606,53,363547
46918,0.046885,74.125.24.0-255,5738,231344,53,363547
46919,0.046894,172.31.46.0-255,66,231410,53,363547
46920,0.048949,74.125.24.0-255,5738,237148,53,363547
46921,0.048955,172.31.46.0-255,66,237214,53,363547
46922,0.051032,74.125.24.0-255,5738,242952,53,363547
46923,0.051037,172.31.46.0-255,66,243018,53,363547
46924,0.053108,74.125.24.0-255,5738,248756,53,363547
46925,0.053114,172.31.46.0-255,66,248822,53,363547
46926,0.055179,74.125.24.0-255,5738,254560,53,363547
46927,0.055185,172.31.46.0-255,66,254626,53,363547
46928,0.057215,74.125.24.0-255,5738,260364,53,363547
46929,0.057221,172.31.46.0-255,66,260430,53,363547
46930,0.059284,74.125.24.0-255,4320,264750,53,363547
46931,0.05929,172.31.46.0-255,66,264816,53,363547
46932,0.059317,74.125.24.0-255,1484,266300,53,363547
46933,0.061348,74.125.24.0-255,4320,270620,53,363547
46934,0.061354,172.31.46.0-255,66,270686,53,363547
46935,0.063413,74.125.24.0-255,5738,276424,53,363547
46936,0.063418,172.31.46.0-255,66,276490,53,363547
46937,0.065465,74.125.24.0-255,5738,282228,53,363547
46938,0.06547,172.31.46.0-255,66,282294,53,363547
46939,0.067516,74.125.24.0-255,5738,288032,53,363547
46940,0.067521,172.31.46.0-255,66,288098,53,363547
46941,0.069575,74.125.24.0-255,5738,293836,53,363547
46942,0.06958,172.31.46.0-255,66,293902,53,363547
46943,0.071622,74.125.24.0-255,5738,299640,53,363547
46944,0.071628,172.31.46.0-255,66,299706,53,363547
46945,0.073679,74.125.24.0-255,5738,305444,53,363547
46946,0.073685,172.31.46.0-255,66,305510,53,363547
46947,0.075721,74.125.24.0-255,5738,311248,53,363547
46948,0.075726,172.31.46.0-255,66,311314,53,363547
46949,0.07777,74.125.24.0-255,5738,317052,53,363547
46950,0.077776,172.31.46.0-255,66,317118,53,363547
46951,0.079835,74.125.24.0-255,5738,322856,53,363547
46952,0.07984,172.31.46.0-255,66,322922,53,363547
46953,0.081885,74.125.24.0-255,5738,328660,53,363547
46954,0.081891,172.31.46.0-255,66,328726,53,363547
46955,0.083952,74.125.24.0-255,5738,334464,53,363547
46956,0.083957,172.31.46.0-255,66,334530,53,363547
46957,0.086091,74.125.24.0-255,5738,340268,53,363547
46958,0.086098,172.31.46.0-255,66,340334,53,363547
46959,0.088182,74.125.24.0-255,5738,346072,53,363547
46960,0.088189,172.31.46.0-255,66,346138,53,363547
46961,0.090292,74.125.24.0-255,5738,351876,53,363547
46962,0.090298,172.31.46.0-255,66,351942,53,363547
46963,0.092326,74.125.24.0-255,5738,357680,53,363547
46964,0.092332,172.31.46.0-255,66,357746,53,363547
46965,0.094391,74.125.24.0-255,5564,363310,53,363547
46966,0.094396,172.31.46.0-255,66,363376,53,363547
46967,0.094568,172.31.46.0-255,105,363481,53,363547
46968,0.096562,74.125.24.0-255,66,363547,53,363547
46969,0.0,74.125.200.0-255,150,150,53,358831
46970,2.4e-05,172.31.46.0-255,66,216,53,358831
46971,3.1e-05,74.125.200.0-255,1484,1700,53,358831
46972,3.5e-05,172.31.46.0-255,66,1766,53,358831
46973,4.1e-05,74.125.200.0-255,2902,4668,53,358831
46974,4.4e-05,172.31.46.0-255,66,4734,53,358831
46975,4.9e-05,74.125.200.0-255,4320,9054,53,358831
46976,5.2e-05,172.31.46.0-255,66,9120,53,358831
46977,8.2e-05,74.125.200.0-255,4908,14028,53,358831
46978,8.5e-05,172.31.46.0-255,66,14094,53,358831
46979,0.0002,74.125.200.0-255,1484,15578,53,358831
46980,0.000204,172.31.46.0-255,66,15644,53,358831
46981,0.000209,74.125.200.0-255,2902,18546,53,358831
46982,0.000211,172.31.46.0-255,66,18612,53,358831
46983,0.000234,74.125.200.0-255,5738,24350,53,358831
46984,0.000238,172.31.46.0-255,66,24416,53,358831
46985,0.000242,74.125.200.0-255,2902,27318,53,358831
46986,0.000244,172.31.46.0-255,66,27384,53,358831
46987,0.000258,74.125.200.0-255,2902,30286,53,358831
46988,0.00026,172.31.46.0-255,66,30352,53,358831
46989,0.000289,74.125.200.0-255,1484,31836,53,358831
46990,0.000291,172.31.46.0-255,66,31902,53,358831
46991,0.000329,74.125.200.0-255,5379,37281,53,358831
46992,0.000332,172.31.46.0-255,66,37347,53,358831
46993,0.000336,74.125.200.0-255,2902,40249,53,358831
46994,0.000338,172.31.46.0-255,66,40315,53,358831
46995,0.000359,172.31.46.0-255,66,40381,53,358831
46996,0.000416,74.125.200.0-255,1484,41865,53,358831
46997,0.000419,172.31.46.0-255,66,41931,53,358831
46998,0.000439,74.125.200.0-255,5738,47669,53,358831
46999,0.000442,172.31.46.0-255,66,47735,53,358831
47000,0.000453,172.31.46.0-255,66,47801,53,358831
47001,0.000455,74.125.200.0-255,1125,48926,53,358831
47002,0.000474,74.125.200.0-255,365,49291,53,358831
47003,0.000518,74.125.200.0-255,130,49421,53,358831
47004,0.000521,172.31.46.0-255,66,49487,53,358831
47005,0.000773,74.125.200.0-255,344,49831,53,358831
47006,0.00082,74.125.200.0-255,1484,51315,53,358831
47007,0.000824,172.31.46.0-255,66,51381,53,358831
47008,0.000829,74.125.200.0-255,2902,54283,53,358831
47009,0.000832,172.31.46.0-255,66,54349,53,358831
47010,0.000853,74.125.200.0-255,1484,55833,53,358831
47011,0.000859,74.125.200.0-255,4320,60153,53,358831
47012,0.000864,172.31.46.0-255,66,60219,53,358831
47013,0.000875,74.125.200.0-255,2902,63121,53,358831
47014,0.000878,172.31.46.0-255,66,63187,53,358831
47015,0.000885,74.125.200.0-255,5738,68925,53,358831
47016,0.000887,172.31.46.0-255,66,68991,53,358831
47017,0.000908,74.125.200.0-255,2902,71893,53,358831
47018,0.000911,172.31.46.0-255,66,71959,53,358831
47019,0.000917,74.125.200.0-255,4320,76279,53,358831
47020,0.00092,172.31.46.0-255,66,76345,53,358831
47021,0.000937,74.125.200.0-255,5738,82083,53,358831
47022,0.000941,172.31.46.0-255,66,82149,53,358831
47023,0.000971,74.125.200.0-255,2184,84333,53,358831
47024,0.000974,172.31.46.0-255,66,84399,53,358831
47025,0.001836,74.125.200.0-255,1484,85883,53,358831
47026,0.001847,74.125.200.0-255,2902,88785,53,358831
47027,0.001851,172.31.46.0-255,66,88851,53,358831
47028,0.001856,74.125.200.0-255,1484,90335,53,358831
47029,0.001875,74.125.200.0-255,4320,94655,53,358831
47030,0.001878,172.31.46.0-255,66,94721,53,358831
47031,0.001899,74.125.200.0-255,7156,101877,53,358831
47032,0.001901,172.31.46.0-255,66,101943,53,358831
47033,0.001928,74.125.200.0-255,2902,104845,53,358831
47034,0.001931,172.31.46.0-255,66,104911,53,358831
47035,0.00196,172.31.46.0-255,66,104977,53,358831
47036,0.001964,74.125.200.0-255,2184,107161,53,358831
47037,0.001966,172.31.46.0-255,66,107227,53,358831
47038,0.002012,74.125.200.0-255,1484,108711,53,358831
47039,0.002026,74.125.200.0-255,1484,110195,53,358831
47040,0.002028,172.31.46.0-255,66,110261,53,358831
47041,0.002045,74.125.200.0-255,1484,111745,53,358831
47042,0.002052,74.125.200.0-255,5738,117483,53,358831
47043,0.002054,172.31.46.0-255,66,117549,53,358831
47044,0.002074,74.125.200.0-255,5738,123287,53,358831
47045,0.002077,172.31.46.0-255,66,123353,53,358831
47046,0.00208,74.125.200.0-255,1484,124837,53,358831
47047,0.0021,74.125.200.0-255,5738,130575,53,358831
47048,0.002102,172.31.46.0-255,66,130641,53,358831
47049,0.002119,74.125.200.0-255,1484,132125,53,358831
47050,0.002133,74.125.200.0-255,2902,135027,53,358831
47051,0.002135,172.31.46.0-255,66,135093,53,358831
47052,0.002158,74.125.200.0-255,6438,141531,53,358831
47053,0.00216,172.31.46.0-255,66,141597,53,358831
47054,0.002234,74.125.200.0-255,1484,143081,53,358831
47055,0.002239,74.125.200.0-255,2902,145983,53,358831
47056,0.002242,172.31.46.0-255,66,146049,53,358831
47057,0.002263,74.125.200.0-255,5738,151787,53,358831
47058,0.002266,172.31.46.0-255,66,151853,53,358831
47059,0.002287,74.125.200.0-255,4320,156173,53,358831
47060,0.002291,172.31.46.0-255,66,156239,53,358831
47061,0.002296,74.125.200.0-255,4320,160559,53,358831
47062,0.002298,172.31.46.0-255,66,160625,53,358831
47063,0.002334,74.125.200.0-255,1484,162109,53,358831
47064,0.00235,172.31.46.0-255,66,162175,53,358831
47065,0.002354,74.125.200.0-255,2184,164359,53,358831
47066,0.002356,172.31.46.0-255,66,164425,53,358831
47067,0.002537,74.125.200.0-255,1484,165909,53,358831
47068,0.002542,74.125.200.0-255,1484,167393,53,358831
47069,0.002545,172.31.46.0-255,66,167459,53,358831
47070,0.002566,74.125.200.0-255,1484,168943,53,358831
47071,0.002572,74.125.200.0-255,4320,173263,53,358831
47072,0.002574,172.31.46.0-255,66,173329,53,358831
47073,0.002599,74.125.200.0-255,1484,174813,53,358831
47074,0.002606,74.125.200.0-255,5738,180551,53,358831
47075,0.002608,172.31.46.0-255,66,180617,53,358831
47076,0.002629,74.125.200.0-255,2902,183519,53,358831
47077,0.002631,172.31.46.0-255,66,183585,53,358831
47078,0.002635,74.125.200.0-255,2902,186487,53,358831
47079,0.002638,172.31.46.0-255,66,186553,53,358831
47080,0.005204,74.125.200.0-255,2902,189455,53,358831
47081,0.00521,172.31.46.0-255,66,189521,53,358831
47082,0.00527,74.125.200.0-255,2902,192423,53,358831
47083,0.005273,172.31.46.0-255,66,192489,53,358831
47084,0.007784,74.125.200.0-255,2902,195391,53,358831
47085,0.007792,172.31.46.0-255,66,195457,53,358831
47086,0.007845,74.125.200.0-255,2902,198359,53,358831
47087,0.007849,172.31.46.0-255,66,198425,53,358831
47088,0.010359,74.125.200.0-255,2902,201327,53,358831
47089,0.01037,172.31.46.0-255,66,201393,53,358831
47090,0.01041,74.125.200.0-255,2902,204295,53,358831
47091,0.010413,172.31.46.0-255,66,204361,53,358831
47092,0.012958,74.125.200.0-255,2902,207263,53,358831
47093,0.01297,172.31.46.0-255,66,207329,53,358831
47094,0.012992,74.125.200.0-255,2902,210231,53,358831
47095,0.012994,172.31.46.0-255,66,210297,53,358831
47096,0.015581,74.125.200.0-255,5738,216035,53,358831
47097,0.015592,172.31.46.0-255,66,216101,53,358831
47098,0.018216,74.125.200.0-255,5738,221839,53,358831
47099,0.018229,172.31.46.0-255,66,221905,53,358831
47100,0.020805,74.125.200.0-255,5738,227643,53,358831
47101,0.020816,172.31.46.0-255,66,227709,53,358831
47102,0.023401,74.125.200.0-255,5738,233447,53,358831
47103,0.023414,172.31.46.0-255,66,233513,53,358831
47104,0.026006,74.125.200.0-255,5738,239251,53,358831
47105,0.026021,172.31.46.0-255,66,239317,53,358831
47106,0.028377,172.31.46.0-255,164,239481,53,358831
47107,0.02842,172.31.46.0-255,1121,240602,53,358831
47108,0.028491,172.31.46.0-255,1514,242116,53,358831
47109,0.028493,172.31.46.0-255,1514,243630,53,358831
47110,0.028494,172.31.46.0-255,1514,245144,53,358831
47111,0.028496,172.31.46.0-255,102,245246,53,358831
47112,0.028597,74.125.200.0-255,5738,250984,53,358831
47113,0.028606,172.31.46.0-255,66,251050,53,358831
47114,0.029923,104.244.42.0-255,66,251116,53,358831
47115,0.029967,104.244.42.0-255,66,251182,53,358831
47116,0.030064,104.244.42.0-255,66,251248,53,358831
47117,0.030067,104.244.42.0-255,66,251314,53,358831
47118,0.031226,74.125.200.0-255,5738,257052,53,358831
47119,0.031234,172.31.46.0-255,66,257118,53,358831
47120,0.03384,74.125.200.0-255,5738,262856,53,358831
47121,0.033849,172.31.46.0-255,66,262922,53,358831
47122,0.036435,74.125.200.0-255,5738,268660,53,358831
47123,0.036444,172.31.46.0-255,66,268726,53,358831
47124,0.039022,74.125.200.0-255,5738,274464,53,358831
47125,0.039032,172.31.46.0-255,66,274530,53,358831
47126,0.041636,74.125.200.0-255,5738,280268,53,358831
47127,0.041645,172.31.46.0-255,66,280334,53,358831
47128,0.044247,74.125.200.0-255,5738,286072,53,358831
47129,0.044263,172.31.46.0-255,66,286138,53,358831
47130,0.046848,74.125.200.0-255,5738,291876,53,358831
47131,0.046857,172.31.46.0-255,66,291942,53,358831
47132,0.049453,74.125.200.0-255,5738,297680,53,358831
47133,0.049464,172.31.46.0-255,66,297746,53,358831
47134,0.052055,74.125.200.0-255,5738,303484,53,358831
47135,0.052067,172.31.46.0-255,66,303550,53,358831
47136,0.054647,74.125.200.0-255,5738,309288,53,358831
47137,0.05466,172.31.46.0-255,66,309354,53,358831
47138,0.057264,74.125.200.0-255,5738,315092,53,358831
47139,0.057276,172.31.46.0-255,66,315158,53,358831
47140,0.059868,74.125.200.0-255,5738,320896,53,358831
47141,0.059875,172.31.46.0-255,66,320962,53,358831
47142,0.062459,74.125.200.0-255,5738,326700,53,358831
47143,0.062466,172.31.46.0-255,66,326766,53,358831
47144,0.065054,74.125.200.0-255,5738,332504,53,358831
47145,0.065062,172.31.46.0-255,66,332570,53,358831
47146,0.067642,74.125.200.0-255,5738,338308,53,358831
47147,0.06765,172.31.46.0-255,66,338374,53,358831
47148,0.070234,74.125.200.0-255,5738,344112,53,358831
47149,0.070241,172.31.46.0-255,66,344178,53,358831
47150,0.072831,74.125.200.0-255,5738,349916,53,358831
47151,0.07284,172.31.46.0-255,66,349982,53,358831
47152,0.075429,74.125.200.0-255,5738,355720,53,358831
47153,0.075444,172.31.46.0-255,66,355786,53,358831
47154,0.078039,74.125.200.0-255,2808,358594,53,358831
47155,0.078055,172.31.46.0-255,66,358660,53,358831
47156,0.078371,172.31.46.0-255,105,358765,53,358831
47157,0.080948,74.125.200.0-255,66,358831,53,358831
47158,0.0,172.217.194.0-255,150,150,53,208515
47159,2e-05,172.31.46.0-255,66,216,53,208515
47160,2.8e-05,172.217.194.0-255,1484,1700,53,208515
47161,3.2e-05,172.31.46.0-255,66,1766,53,208515
47162,3.7e-05,172.217.194.0-255,2902,4668,53,208515
47163,4e-05,172.31.46.0-255,66,4734,53,208515
47164,4.7e-05,172.217.194.0-255,7156,11890,53,208515
47165,5e-05,172.31.46.0-255,66,11956,53,208515
47166,9.3e-05,172.31.46.0-255,66,12022,53,208515
47167,0.000116,172.217.194.0-255,5379,17401,53,208515
47168,0.000119,172.31.46.0-255,66,17467,53,208515
47169,0.000125,172.217.194.0-255,5738,23205,53,208515
47170,0.000127,172.31.46.0-255,66,23271,53,208515
47171,0.000173,172.31.46.0-255,66,23337,53,208515
47172,0.000189,172.217.194.0-255,2543,25880,53,208515
47173,0.000193,172.31.46.0-255,66,25946,53,208515
47174,0.000224,172.217.194.0-255,2902,28848,53,208515
47175,0.000228,172.31.46.0-255,66,28914,53,208515
47176,0.000254,172.217.194.0-255,4320,33234,53,208515
47177,0.000256,172.31.46.0-255,66,33300,53,208515
47178,0.000267,172.31.46.0-255,66,33366,53,208515
47179,0.00027,172.217.194.0-255,1402,34768,53,208515
47180,0.000272,172.31.46.0-255,66,34834,53,208515
47181,0.000291,172.217.194.0-255,431,35265,53,208515
47182,0.000294,172.31.46.0-255,66,35331,53,208515
47183,0.000349,172.217.194.0-255,1484,36815,53,208515
47184,0.000352,172.31.46.0-255,66,36881,53,208515
47185,0.000356,172.217.194.0-255,1484,38365,53,208515
47186,0.000358,172.31.46.0-255,66,38431,53,208515
47187,0.000375,172.217.194.0-255,1484,39915,53,208515
47188,0.000383,172.217.194.0-255,5738,45653,53,208515
47189,0.000386,172.31.46.0-255,66,45719,53,208515
47190,0.000417,172.217.194.0-255,2902,48621,53,208515
47191,0.00042,172.31.46.0-255,66,48687,53,208515
47192,0.000444,172.217.194.0-255,6797,55484,53,208515
47193,0.000448,172.31.46.0-255,66,55550,53,208515
47194,0.000459,172.31.46.0-255,66,55616,53,208515
47195,0.000486,172.217.194.0-255,3961,59577,53,208515
47196,0.000489,172.31.46.0-255,66,59643,53,208515
47197,0.00074,172.217.194.0-255,1484,61127,53,208515
47198,0.000745,172.217.194.0-255,2902,64029,53,208515
47199,0.000749,172.31.46.0-255,66,64095,53,208515
47200,0.000752,172.217.194.0-255,1484,65579,53,208515
47201,0.000773,172.217.194.0-255,4320,69899,53,208515
47202,0.000779,172.217.194.0-255,7156,77055,53,208515
47203,0.000782,172.31.46.0-255,66,77121,53,208515
47204,0.000786,172.31.46.0-255,66,77187,53,208515
47205,0.000808,172.31.46.0-255,66,77253,53,208515
47206,0.000832,172.217.194.0-255,5738,82991,53,208515
47207,0.000834,172.31.46.0-255,66,83057,53,208515
47208,0.000838,172.217.194.0-255,1635,84692,53,208515
47209,0.000839,172.31.46.0-255,66,84758,53,208515
47210,0.000909,172.217.194.0-255,1484,86242,53,208515
47211,0.000914,172.217.194.0-255,2902,89144,53,208515
47212,0.000917,172.31.46.0-255,66,89210,53,208515
47213,0.000942,172.217.194.0-255,5738,94948,53,208515
47214,0.000944,172.31.46.0-255,66,95014,53,208515
47215,0.000949,172.217.194.0-255,4320,99334,53,208515
47216,0.000951,172.31.46.0-255,66,99400,53,208515
47217,0.000973,172.31.46.0-255,66,99466,53,208515
47218,0.000978,172.217.194.0-255,4320,103786,53,208515
47219,0.00098,172.31.46.0-255,66,103852,53,208515
47220,0.001009,172.217.194.0-255,6438,110290,53,208515
47221,0.001012,172.31.46.0-255,66,110356,53,208515
47222,0.001165,172.217.194.0-255,1484,111840,53,208515
47223,0.001186,172.217.194.0-255,2902,114742,53,208515
47224,0.001189,172.31.46.0-255,66,114808,53,208515
47225,0.001195,172.217.194.0-255,5738,120546,53,208515
47226,0.001197,172.31.46.0-255,66,120612,53,208515
47227,0.001257,172.31.46.0-255,66,120678,53,208515
47228,0.001269,172.31.46.0-255,66,120744,53,208515
47229,0.00188,172.217.194.0-255,1484,122228,53,208515
47230,0.0019,172.217.194.0-255,2902,125130,53,208515
47231,0.001903,172.31.46.0-255,66,125196,53,208515
47232,0.001909,172.217.194.0-255,5738,130934,53,208515
47233,0.001911,172.31.46.0-255,66,131000,53,208515
47234,0.001926,172.217.194.0-255,5738,136738,53,208515
47235,0.001928,172.31.46.0-255,66,136804,53,208515
47236,0.001959,172.217.194.0-255,7156,143960,53,208515
47237,0.001961,172.31.46.0-255,66,144026,53,208515
47238,0.001972,172.31.46.0-255,66,144092,53,208515
47239,0.002017,172.217.194.0-255,1484,145576,53,208515
47240,0.002022,172.217.194.0-255,2902,148478,53,208515
47241,0.002024,172.31.46.0-255,66,148544,53,208515
47242,0.002028,172.217.194.0-255,2902,151446,53,208515
47243,0.00203,172.31.46.0-255,66,151512,53,208515
47244,0.002044,172.217.194.0-255,2902,154414,53,208515
47245,0.002046,172.31.46.0-255,66,154480,53,208515
47246,0.002052,172.217.194.0-255,5738,160218,53,208515
47247,0.002054,172.31.46.0-255,66,160284,53,208515
47248,0.002075,172.217.194.0-255,4320,164604,53,208515
47249,0.002078,172.31.46.0-255,66,164670,53,208515
47250,0.002108,172.31.46.0-255,66,164736,53,208515
47251,0.002114,172.217.194.0-255,5020,169756,53,208515
47252,0.002116,172.31.46.0-255,66,169822,53,208515
47253,0.002143,172.217.194.0-255,1484,171306,53,208515
47254,0.002147,172.217.194.0-255,2902,174208,53,208515
47255,0.002149,172.31.46.0-255,66,174274,53,208515
47256,0.00217,172.217.194.0-255,5738,180012,53,208515
47257,0.002173,172.31.46.0-255,66,180078,53,208515
47258,0.002192,172.31.46.0-255,66,180144,53,208515
47259,0.002219,172.217.194.0-255,4320,184464,53,208515
47260,0.002221,172.31.46.0-255,66,184530,53,208515
47261,0.002231,172.31.46.0-255,66,184596,53,208515
47262,0.002265,172.31.46.0-255,66,184662,53,208515
47263,0.002285,172.217.194.0-255,2184,186846,53,208515
47264,0.002288,172.31.46.0-255,66,186912,53,208515
47265,0.002301,172.31.46.0-255,66,186978,53,208515
47266,0.002306,172.217.194.0-255,4320,191298,53,208515
47267,0.002308,172.31.46.0-255,66,191364,53,208515
47268,0.00234,172.217.194.0-255,5020,196384,53,208515
47269,0.002342,172.31.46.0-255,66,196450,53,208515
47270,0.002353,172.31.46.0-255,66,196516,53,208515
47271,0.002364,172.31.46.0-255,66,196582,53,208515
47272,0.002392,172.31.46.0-255,66,196648,53,208515
47273,0.002396,172.217.194.0-255,2184,198832,53,208515
47274,0.002398,172.31.46.0-255,66,198898,53,208515
47275,0.002459,172.31.46.0-255,66,198964,53,208515
47276,0.002462,172.217.194.0-255,97,199061,53,208515
47277,0.002476,172.217.194.0-255,105,199166,53,208515
47278,0.008906,172.31.46.0-255,66,199232,53,208515
47279,0.00894,172.31.46.0-255,105,199337,53,208515
47280,0.011518,172.217.194.0-255,66,199403,53,208515
47281,0.038751,172.31.46.0-255,171,199574,53,208515
47282,0.038785,172.31.46.0-255,1112,200686,53,208515
47283,0.038855,172.31.46.0-255,1514,202200,53,208515
47284,0.038857,172.31.46.0-255,1514,203714,53,208515
47285,0.038861,172.31.46.0-255,1514,205228,53,208515
47286,0.038862,172.31.46.0-255,1514,206742,53,208515
47287,0.038882,172.31.46.0-255,1509,208251,53,208515
47288,0.040269,104.244.42.0-255,66,208317,53,208515
47289,0.040317,104.244.42.0-255,66,208383,53,208515
47290,0.040433,104.244.42.0-255,66,208449,53,208515
47291,0.04046,104.244.42.0-255,66,208515,53,208515
47292,0.0,172.217.194.0-255,453,453,53,150479
47293,2e-05,172.31.46.0-255,66,519,53,150479
47294,2.6e-05,172.217.194.0-255,1484,2003,53,150479
47295,3e-05,172.31.46.0-255,66,2069,53,150479
47296,3.6e-05,172.217.194.0-255,4320,6389,53,150479
47297,4.6e-05,172.31.46.0-255,66,6455,53,150479
47298,5.7e-05,172.31.46.0-255,66,6521,53,150479
47299,0.000101,172.31.46.0-255,66,6587,53,150479
47300,0.000143,172.217.194.0-255,1484,8071,53,150479
47301,0.000146,172.31.46.0-255,66,8137,53,150479
47302,0.000149,172.217.194.0-255,1484,9621,53,150479
47303,0.000151,172.31.46.0-255,66,9687,53,150479
47304,0.000184,172.217.194.0-255,1484,11171,53,150479
47305,0.000186,172.31.46.0-255,66,11237,53,150479
47306,0.000192,172.217.194.0-255,5738,16975,53,150479
47307,0.000195,172.31.46.0-255,66,17041,53,150479
47308,0.000201,172.217.194.0-255,6797,23838,53,150479
47309,0.000203,172.31.46.0-255,66,23904,53,150479
47310,0.000216,172.31.46.0-255,66,23970,53,150479
47311,0.00022,172.217.194.0-255,2798,26768,53,150479
47312,0.000222,172.31.46.0-255,66,26834,53,150479
47313,0.000225,172.217.194.0-255,117,26951,53,150479
47314,0.000228,172.31.46.0-255,66,27017,53,150479
47315,0.000291,172.217.194.0-255,379,27396,53,150479
47316,0.000294,172.31.46.0-255,66,27462,53,150479
47317,0.00057,172.217.194.0-255,1484,28946,53,150479
47318,0.000574,172.31.46.0-255,66,29012,53,150479
47319,0.00058,172.217.194.0-255,2902,31914,53,150479
47320,0.000582,172.31.46.0-255,66,31980,53,150479
47321,0.000587,172.217.194.0-255,4320,36300,53,150479
47322,0.000589,172.31.46.0-255,66,36366,53,150479
47323,0.000628,172.217.194.0-255,1484,37850,53,150479
47324,0.000645,172.31.46.0-255,66,37916,53,150479
47325,0.000656,172.31.46.0-255,66,37982,53,150479
47326,0.000688,172.217.194.0-255,2184,40166,53,150479
47327,0.000692,172.31.46.0-255,66,40232,53,150479
47328,0.00098,172.217.194.0-255,1484,41716,53,150479
47329,0.000987,172.217.194.0-255,2902,44618,53,150479
47330,0.00099,172.31.46.0-255,66,44684,53,150479
47331,0.000994,172.217.194.0-255,1484,46168,53,150479
47332,0.001013,172.217.194.0-255,4320,50488,53,150479
47333,0.001015,172.31.46.0-255,66,50554,53,150479
47334,0.001056,172.31.46.0-255,66,50620,53,150479
47335,0.001081,172.217.194.0-255,2902,53522,53,150479
47336,0.001083,172.31.46.0-255,66,53588,53,150479
47337,0.001125,172.31.46.0-255,66,53654,53,150479
47338,0.001138,172.31.46.0-255,66,53720,53,150479
47339,0.001149,172.31.46.0-255,66,53786,53,150479
47340,0.001186,172.217.194.0-255,5738,59524,53,150479
47341,0.001189,172.31.46.0-255,66,59590,53,150479
47342,0.001209,172.217.194.0-255,6438,66028,53,150479
47343,0.001212,172.31.46.0-255,66,66094,53,150479
47344,0.001254,172.31.46.0-255,66,66160,53,150479
47345,0.001277,172.217.194.0-255,4320,70480,53,150479
47346,0.00128,172.31.46.0-255,66,70546,53,150479
47347,0.00129,172.31.46.0-255,66,70612,53,150479
47348,0.001303,172.31.46.0-255,66,70678,53,150479
47349,0.001355,172.31.46.0-255,66,70744,53,150479
47350,0.001363,172.217.194.0-255,7156,77900,53,150479
47351,0.001365,172.31.46.0-255,66,77966,53,150479
47352,0.001418,172.31.46.0-255,66,78032,53,150479
47353,0.001481,172.217.194.0-255,1484,79516,53,150479
47354,0.001503,172.217.194.0-255,2902,82418,53,150479
47355,0.001509,172.31.46.0-255,66,82484,53,150479
47356,0.001538,172.217.194.0-255,5738,88222,53,150479
47357,0.001542,172.31.46.0-255,66,88288,53,150479
47358,0.00156,172.31.46.0-255,66,88354,53,150479
47359,0.001564,172.217.194.0-255,1484,89838,53,150479
47360,0.001612,172.31.46.0-255,66,89904,53,150479
47361,0.001773,172.217.194.0-255,1484,91388,53,150479
47362,0.001778,172.217.194.0-255,1484,92872,53,150479
47363,0.001782,172.31.46.0-255,66,92938,53,150479
47364,0.001807,172.217.194.0-255,1484,94422,53,150479
47365,0.001814,172.217.194.0-255,5738,100160,53,150479
47366,0.001816,172.31.46.0-255,66,100226,53,150479
47367,0.001829,172.31.46.0-255,66,100292,53,150479
47368,0.001865,172.217.194.0-255,1484,101776,53,150479
47369,0.001878,172.31.46.0-255,66,101842,53,150479
47370,0.001904,172.217.194.0-255,4320,106162,53,150479
47371,0.001907,172.31.46.0-255,66,106228,53,150479
47372,0.001928,172.217.194.0-255,7156,113384,53,150479
47373,0.001932,172.217.194.0-255,2902,116286,53,150479
47374,0.001937,172.31.46.0-255,66,116352,53,150479
47375,0.001947,172.31.46.0-255,66,116418,53,150479
47376,0.001957,172.217.194.0-255,5738,122156,53,150479
47377,0.00196,172.31.46.0-255,66,122222,53,150479
47378,0.001965,172.217.194.0-255,4320,126542,53,150479
47379,0.001968,172.31.46.0-255,66,126608,53,150479
47380,0.002009,172.31.46.0-255,66,126674,53,150479
47381,0.002023,172.31.46.0-255,66,126740,53,150479
47382,0.002066,172.217.194.0-255,7156,133896,53,150479
47383,0.002068,172.31.46.0-255,66,133962,53,150479
47384,0.002096,172.217.194.0-255,6438,140400,53,150479
47385,0.002113,172.217.194.0-255,5145,145545,53,150479
47386,0.002115,172.217.194.0-255,97,145642,53,150479
47387,0.002117,172.217.194.0-255,105,145747,53,150479
47388,0.002123,172.31.46.0-255,66,145813,53,150479
47389,0.002126,172.31.46.0-255,66,145879,53,150479
47390,0.00214,172.31.46.0-255,66,145945,53,150479
47391,0.00988,172.31.46.0-255,66,146011,53,150479
47392,0.009916,172.31.46.0-255,105,146116,53,150479
47393,0.012438,172.217.194.0-255,66,146182,53,150479
47394,0.029482,172.31.46.0-255,182,146364,53,150479
47395,0.029512,172.31.46.0-255,1112,147476,53,150479
47396,0.029563,172.31.46.0-255,1514,148990,53,150479
47397,0.029564,172.31.46.0-255,1291,150281,53,150479
47398,0.030999,104.244.42.0-255,66,150347,53,150479
47399,0.031035,104.244.42.0-255,66,150413,53,150479
47400,0.031062,104.244.42.0-255,66,150479,53,150479
47401,0.0,74.125.24.0-255,146,146,53,179857
47402,1.6e-05,172.31.46.0-255,66,212,53,179857
47403,2.4e-05,74.125.24.0-255,1484,1696,53,179857
47404,2.8e-05,172.31.46.0-255,66,1762,53,179857
47405,3.3e-05,74.125.24.0-255,2902,4664,53,179857
47406,3.6e-05,172.31.46.0-255,66,4730,53,179857
47407,4.2e-05,74.125.24.0-255,4320,9050,53,179857
47408,4.6e-05,172.31.46.0-255,66,9116,53,179857
47409,6.4e-05,74.125.24.0-255,2902,12018,53,179857
47410,6.7e-05,172.31.46.0-255,66,12084,53,179857
47411,7.1e-05,74.125.24.0-255,2043,14127,53,179857
47412,7.4e-05,172.31.46.0-255,66,14193,53,179857
47413,0.000131,74.125.24.0-255,1484,15677,53,179857
47414,0.000134,172.31.46.0-255,66,15743,53,179857
47415,0.000153,74.125.24.0-255,2902,18645,53,179857
47416,0.000156,172.31.46.0-255,66,18711,53,179857
47417,0.000183,74.125.24.0-255,5738,24449,53,179857
47418,0.000186,172.31.46.0-255,66,24515,53,179857
47419,0.000205,74.125.24.0-255,5738,30253,53,179857
47420,0.000207,172.31.46.0-255,66,30319,53,179857
47421,0.000227,74.125.24.0-255,1125,31444,53,179857
47422,0.00023,172.31.46.0-255,66,31510,53,179857
47423,0.000271,74.125.24.0-255,1484,32994,53,179857
47424,0.000274,172.31.46.0-255,66,33060,53,179857
47425,0.000279,74.125.24.0-255,2902,35962,53,179857
47426,0.000281,172.31.46.0-255,66,36028,53,179857
47427,0.000307,74.125.24.0-255,5738,41766,53,179857
47428,0.00031,172.31.46.0-255,66,41832,53,179857
47429,0.000317,74.125.24.0-255,5738,47570,53,179857
47430,0.000319,172.31.46.0-255,66,47636,53,179857
47431,0.000359,172.31.46.0-255,66,47702,53,179857
47432,0.000365,74.125.24.0-255,3961,51663,53,179857
47433,0.000367,172.31.46.0-255,66,51729,53,179857
47434,0.0004,74.125.24.0-255,708,52437,53,179857
47435,0.00056,74.125.24.0-255,1484,53921,53,179857
47436,0.000565,172.31.46.0-255,66,53987,53,179857
47437,0.00057,74.125.24.0-255,2902,56889,53,179857
47438,0.000573,172.31.46.0-255,66,56955,53,179857
47439,0.000577,74.125.24.0-255,2902,59857,53,179857
47440,0.000579,172.31.46.0-255,66,59923,53,179857
47441,0.000611,74.125.24.0-255,2902,62825,53,179857
47442,0.000614,172.31.46.0-255,66,62891,53,179857
47443,0.000628,172.31.46.0-255,66,62957,53,179857
47444,0.000639,172.31.46.0-255,66,63023,53,179857
47445,0.000642,74.125.24.0-255,766,63789,53,179857
47446,0.001006,74.125.24.0-255,1484,65273,53,179857
47447,0.001011,172.31.46.0-255,66,65339,53,179857
47448,0.001016,74.125.24.0-255,2902,68241,53,179857
47449,0.001019,172.31.46.0-255,66,68307,53,179857
47450,0.001049,74.125.24.0-255,5738,74045,53,179857
47451,0.001075,74.125.24.0-255,1484,75529,53,179857
47452,0.001079,172.31.46.0-255,66,75595,53,179857
47453,0.001101,172.31.46.0-255,66,75661,53,179857
47454,0.001107,74.125.24.0-255,5738,81399,53,179857
47455,0.00111,172.31.46.0-255,66,81465,53,179857
47456,0.001113,74.125.24.0-255,1484,82949,53,179857
47457,0.001139,74.125.24.0-255,3602,86551,53,179857
47458,0.001142,172.31.46.0-255,66,86617,53,179857
47459,0.001169,74.125.24.0-255,2902,89519,53,179857
47460,0.001171,172.31.46.0-255,66,89585,53,179857
47461,0.001189,74.125.24.0-255,2902,92487,53,179857
47462,0.001192,172.31.46.0-255,66,92553,53,179857
47463,0.001199,74.125.24.0-255,7156,99709,53,179857
47464,0.001201,172.31.46.0-255,66,99775,53,179857
47465,0.001226,172.31.46.0-255,66,99841,53,179857
47466,0.001253,74.125.24.0-255,5738,105579,53,179857
47467,0.001259,74.125.24.0-255,6438,112017,53,179857
47468,0.001263,172.31.46.0-255,66,112083,53,179857
47469,0.001266,172.31.46.0-255,66,112149,53,179857
47470,0.001319,74.125.24.0-255,1484,113633,53,179857
47471,0.00134,74.125.24.0-255,2902,116535,53,179857
47472,0.001343,172.31.46.0-255,66,116601,53,179857
47473,0.001349,74.125.24.0-255,5738,122339,53,179857
47474,0.001351,172.31.46.0-255,66,122405,53,179857
47475,0.001355,74.125.24.0-255,1484,123889,53,179857
47476,0.001372,74.125.24.0-255,7156,131045,53,179857
47477,0.001375,172.31.46.0-255,66,131111,53,179857
47478,0.001404,74.125.24.0-255,4320,135431,53,179857
47479,0.001408,172.31.46.0-255,66,135497,53,179857
47480,0.001419,172.31.46.0-255,66,135563,53,179857
47481,0.001422,74.125.24.0-255,2184,137747,53,179857
47482,0.001425,172.31.46.0-255,66,137813,53,179857
47483,0.001522,74.125.24.0-255,1484,139297,53,179857
47484,0.001527,74.125.24.0-255,2902,142199,53,179857
47485,0.001537,172.31.46.0-255,66,142265,53,179857
47486,0.001541,74.125.24.0-255,1484,143749,53,179857
47487,0.00156,74.125.24.0-255,4320,148069,53,179857
47488,0.001563,172.31.46.0-255,66,148135,53,179857
47489,0.001568,74.125.24.0-255,4320,152455,53,179857
47490,0.00157,172.31.46.0-255,66,152521,53,179857
47491,0.001603,172.31.46.0-255,66,152587,53,179857
47492,0.001613,172.31.46.0-255,66,152653,53,179857
47493,0.001662,172.31.46.0-255,66,152719,53,179857
47494,0.001682,74.125.24.0-255,2184,154903,53,179857
47495,0.001685,172.31.46.0-255,66,154969,53,179857
47496,0.001698,172.31.46.0-255,66,155035,53,179857
47497,0.001701,74.125.24.0-255,1484,156519,53,179857
47498,0.001738,172.31.46.0-255,66,156585,53,179857
47499,0.00176,74.125.24.0-255,5738,162323,53,179857
47500,0.001763,172.31.46.0-255,66,162389,53,179857
47501,0.001785,172.31.46.0-255,66,162455,53,179857
47502,0.001827,74.125.24.0-255,1484,163939,53,179857
47503,0.001856,172.31.46.0-255,66,164005,53,179857
47504,0.00187,172.31.46.0-255,66,164071,53,179857
47505,0.001878,74.125.24.0-255,7156,171227,53,179857
47506,0.00188,172.31.46.0-255,66,171293,53,179857
47507,0.00193,172.31.46.0-255,66,171359,53,179857
47508,0.001939,172.31.46.0-255,66,171425,53,179857
47509,0.001942,74.125.24.0-255,105,171530,53,179857
47510,0.004275,172.31.46.0-255,66,171596,53,179857
47511,0.004314,172.31.46.0-255,105,171701,53,179857
47512,0.006532,74.125.24.0-255,66,171767,53,179857
47513,0.031179,172.31.46.0-255,172,171939,53,179857
47514,0.031209,172.31.46.0-255,1112,173051,53,179857
47515,0.031269,172.31.46.0-255,1514,174565,53,179857
47516,0.03127,172.31.46.0-255,1514,176079,53,179857
47517,0.031275,172.31.46.0-255,1514,177593,53,179857
47518,0.031276,172.31.46.0-255,1514,179107,53,179857
47519,0.031292,172.31.46.0-255,486,179593,53,179857
47520,0.032683,104.244.42.0-255,66,179659,53,179857
47521,0.032713,104.244.42.0-255,66,179725,53,179857
47522,0.032783,104.244.42.0-255,66,179791,53,179857
47523,0.032803,104.244.42.0-255,66,179857,53,179857
47524,0.0,74.125.24.0-255,152,152,53,314722
47525,2.6e-05,172.31.46.0-255,66,218,53,314722
47526,3.3e-05,74.125.24.0-255,1484,1702,53,314722
47527,3.8e-05,172.31.46.0-255,66,1768,53,314722
47528,4.5e-05,74.125.24.0-255,2902,4670,53,314722
47529,4.9e-05,172.31.46.0-255,66,4736,53,314722
47530,5.6e-05,74.125.24.0-255,7156,11892,53,314722
47531,5.9e-05,172.31.46.0-255,66,11958,53,314722
47532,6.4e-05,74.125.24.0-255,1939,13897,53,314722
47533,6.6e-05,172.31.46.0-255,66,13963,53,314722
47534,0.000308,74.125.24.0-255,1484,15447,53,314722
47535,0.000314,172.31.46.0-255,66,15513,53,314722
47536,0.00032,74.125.24.0-255,2902,18415,53,314722
47537,0.000322,172.31.46.0-255,66,18481,53,314722
47538,0.000327,74.125.24.0-255,2902,21383,53,314722
47539,0.000329,172.31.46.0-255,66,21449,53,314722
47540,0.000353,74.125.24.0-255,2902,24351,53,314722
47541,0.000355,172.31.46.0-255,66,24417,53,314722
47542,0.000375,74.125.24.0-255,4320,28737,53,314722
47543,0.000378,172.31.46.0-255,66,28803,53,314722
47544,0.000391,74.125.24.0-255,2543,31346,53,314722
47545,0.000393,172.31.46.0-255,66,31412,53,314722
47546,0.001246,74.125.24.0-255,1484,32896,53,314722
47547,0.001252,172.31.46.0-255,66,32962,53,314722
47548,0.001262,74.125.24.0-255,2902,35864,53,314722
47549,0.001265,172.31.46.0-255,66,35930,53,314722
47550,0.001272,74.125.24.0-255,5738,41668,53,314722
47551,0.001274,172.31.46.0-255,66,41734,53,314722
47552,0.001319,172.31.46.0-255,66,41800,53,314722
47553,0.001348,172.31.46.0-255,66,41866,53,314722
47554,0.001365,74.125.24.0-255,413,42279,53,314722
47555,0.001398,74.125.24.0-255,1484,43763,53,314722
47556,0.001401,172.31.46.0-255,66,43829,53,314722
47557,0.001452,74.125.24.0-255,4320,48149,53,314722
47558,0.001455,172.31.46.0-255,66,48215,53,314722
47559,0.001467,172.31.46.0-255,66,48281,53,314722
47560,0.001478,172.31.46.0-255,66,48347,53,314722
47561,0.001505,74.125.24.0-255,5738,54085,53,314722
47562,0.001508,172.31.46.0-255,66,54151,53,314722
47563,0.001528,74.125.24.0-255,2448,56599,53,314722
47564,0.00153,172.31.46.0-255,66,56665,53,314722
47565,0.00169,74.125.24.0-255,1484,58149,53,314722
47566,0.001695,74.125.24.0-255,1484,59633,53,314722
47567,0.001699,172.31.46.0-255,66,59699,53,314722
47568,0.001715,74.125.24.0-255,1484,61183,53,314722
47569,0.00172,74.125.24.0-255,2902,64085,53,314722
47570,0.001722,172.31.46.0-255,66,64151,53,314722
47571,0.001749,74.125.24.0-255,2902,67053,53,314722
47572,0.001752,172.31.46.0-255,66,67119,53,314722
47573,0.001767,172.31.46.0-255,66,67185,53,314722
47574,0.001779,172.31.46.0-255,66,67251,53,314722
47575,0.002258,74.125.24.0-255,1484,68735,53,314722
47576,0.002271,74.125.24.0-255,2902,71637,53,314722
47577,0.002275,172.31.46.0-255,66,71703,53,314722
47578,0.002282,74.125.24.0-255,5738,77441,53,314722
47579,0.002285,172.31.46.0-255,66,77507,53,314722
47580,0.002314,74.125.24.0-255,7156,84663,53,314722
47581,0.002316,172.31.46.0-255,66,84729,53,314722
47582,0.002337,74.125.24.0-255,5738,90467,53,314722
47583,0.00234,172.31.46.0-255,66,90533,53,314722
47584,0.002352,172.31.46.0-255,66,90599,53,314722
47585,0.004685,74.125.24.0-255,4320,94919,53,314722
47586,0.00469,172.31.46.0-255,66,94985,53,314722
47587,0.004709,74.125.24.0-255,1484,96469,53,314722
47588,0.007044,74.125.24.0-255,4320,100789,53,314722
47589,0.007051,172.31.46.0-255,66,100855,53,314722
47590,0.009381,74.125.24.0-255,5738,106593,53,314722
47591,0.009393,172.31.46.0-255,66,106659,53,314722
47592,0.011679,74.125.24.0-255,5738,112397,53,314722
47593,0.011694,172.31.46.0-255,66,112463,53,314722
47594,0.014011,74.125.24.0-255,5738,118201,53,314722
47595,0.014027,172.31.46.0-255,66,118267,53,314722
47596,0.016346,74.125.24.0-255,5738,124005,53,314722
47597,0.016363,172.31.46.0-255,66,124071,53,314722
47598,0.018707,74.125.24.0-255,5738,129809,53,314722
47599,0.018723,172.31.46.0-255,66,129875,53,314722
47600,0.021033,74.125.24.0-255,5738,135613,53,314722
47601,0.021048,172.31.46.0-255,66,135679,53,314722
47602,0.023323,74.125.24.0-255,5738,141417,53,314722
47603,0.023334,172.31.46.0-255,66,141483,53,314722
47604,0.025654,74.125.24.0-255,5738,147221,53,314722
47605,0.025664,172.31.46.0-255,66,147287,53,314722
47606,0.027982,74.125.24.0-255,5738,153025,53,314722
47607,0.027998,172.31.46.0-255,66,153091,53,314722
47608,0.030301,74.125.24.0-255,5738,158829,53,314722
47609,0.030317,172.31.46.0-255,66,158895,53,314722
47610,0.032614,74.125.24.0-255,5738,164633,53,314722
47611,0.032627,172.31.46.0-255,66,164699,53,314722
47612,0.034926,74.125.24.0-255,5738,170437,53,314722
47613,0.034936,172.31.46.0-255,66,170503,53,314722
47614,0.037037,172.31.46.0-255,172,170675,53,314722
47615,0.037072,172.31.46.0-255,1074,171749,53,314722
47616,0.037294,74.125.24.0-255,5738,177487,53,314722
47617,0.0373,172.31.46.0-255,66,177553,53,314722
47618,0.038582,104.244.42.0-255,66,177619,53,314722
47619,0.038617,104.244.42.0-255,66,177685,53,314722
47620,0.039651,74.125.24.0-255,4320,182005,53,314722
47621,0.03966,172.31.46.0-255,66,182071,53,314722
47622,0.039679,74.125.24.0-255,1484,183555,53,314722
47623,0.042027,74.125.24.0-255,4320,187875,53,314722
47624,0.042035,172.31.46.0-255,66,187941,53,314722
47625,0.044355,74.125.24.0-255,5738,193679,53,314722
47626,0.044363,172.31.46.0-255,66,193745,53,314722
47627,0.046711,74.125.24.0-255,5738,199483,53,314722
47628,0.046717,172.31.46.0-255,66,199549,53,314722
47629,0.049096,74.125.24.0-255,5738,205287,53,314722
47630,0.049108,172.31.46.0-255,66,205353,53,314722
47631,0.051407,74.125.24.0-255,5738,211091,53,314722
47632,0.051417,172.31.46.0-255,66,211157,53,314722
47633,0.053742,74.125.24.0-255,5738,216895,53,314722
47634,0.05375,172.31.46.0-255,66,216961,53,314722
47635,0.056071,74.125.24.0-255,5738,222699,53,314722
47636,0.056082,172.31.46.0-255,66,222765,53,314722
47637,0.058404,74.125.24.0-255,5738,228503,53,314722
47638,0.058415,172.31.46.0-255,66,228569,53,314722
47639,0.06077,74.125.24.0-255,5738,234307,53,314722
47640,0.060786,172.31.46.0-255,66,234373,53,314722
47641,0.063162,74.125.24.0-255,5738,240111,53,314722
47642,0.063176,172.31.46.0-255,66,240177,53,314722
47643,0.065481,74.125.24.0-255,5738,245915,53,314722
47644,0.065494,172.31.46.0-255,66,245981,53,314722
47645,0.067857,74.125.24.0-255,5738,251719,53,314722
47646,0.067869,172.31.46.0-255,66,251785,53,314722
47647,0.07021,74.125.24.0-255,5738,257523,53,314722
47648,0.070225,172.31.46.0-255,66,257589,53,314722
47649,0.07252,74.125.24.0-255,5738,263327,53,314722
47650,0.072531,172.31.46.0-255,66,263393,53,314722
47651,0.074863,74.125.24.0-255,5738,269131,53,314722
47652,0.074876,172.31.46.0-255,66,269197,53,314722
47653,0.077188,74.125.24.0-255,5738,274935,53,314722
47654,0.077198,172.31.46.0-255,66,275001,53,314722
47655,0.079579,74.125.24.0-255,5738,280739,53,314722
47656,0.079589,172.31.46.0-255,66,280805,53,314722
47657,0.081933,74.125.24.0-255,5738,286543,53,314722
47658,0.081941,172.31.46.0-255,66,286609,53,314722
47659,0.084256,74.125.24.0-255,5738,292347,53,314722
47660,0.084263,172.31.46.0-255,66,292413,53,314722
47661,0.086597,74.125.24.0-255,5738,298151,53,314722
47662,0.086603,172.31.46.0-255,66,298217,53,314722
47663,0.088993,74.125.24.0-255,5738,303955,53,314722
47664,0.089,172.31.46.0-255,66,304021,53,314722
47665,0.091345,74.125.24.0-255,5738,309759,53,314722
47666,0.091352,172.31.46.0-255,66,309825,53,314722
47667,0.093699,74.125.24.0-255,4135,313960,53,314722
47668,0.093705,172.31.46.0-255,66,314026,53,314722
47669,0.093861,172.31.46.0-255,105,314131,53,314722
47670,0.093892,172.31.46.0-255,105,314236,53,314722
47671,0.094102,172.31.46.0-255,90,314326,53,314722
47672,0.094111,172.31.46.0-255,66,314392,53,314722
47673,0.09612,74.125.24.0-255,66,314458,53,314722
47674,0.096204,74.125.24.0-255,66,314524,53,314722
47675,0.096397,74.125.24.0-255,66,314590,53,314722
47676,0.096474,74.125.24.0-255,66,314656,53,314722
47677,0.096494,172.31.46.0-255,66,314722,53,314722
47678,0.0,74.125.24.0-255,153,153,53,323149
47679,2.2e-05,172.31.46.0-255,66,219,53,323149
47680,3e-05,74.125.24.0-255,1484,1703,53,323149
47681,3.5e-05,172.31.46.0-255,66,1769,53,323149
47682,4.1e-05,74.125.24.0-255,2902,4671,53,323149
47683,4.4e-05,172.31.46.0-255,66,4737,53,323149
47684,5.1e-05,74.125.24.0-255,5738,10475,53,323149
47685,5.4e-05,172.31.46.0-255,66,10541,53,323149
47686,8.3e-05,74.125.24.0-255,3502,14043,53,323149
47687,8.6e-05,172.31.46.0-255,66,14109,53,323149
47688,9.1e-05,74.125.24.0-255,2902,17011,53,323149
47689,9.3e-05,172.31.46.0-255,66,17077,53,323149
47690,0.000105,74.125.24.0-255,1484,18561,53,323149
47691,0.000107,172.31.46.0-255,66,18627,53,323149
47692,0.000113,74.125.24.0-255,4320,22947,53,323149
47693,0.000116,172.31.46.0-255,66,23013,53,323149
47694,0.000153,74.125.24.0-255,5738,28751,53,323149
47695,0.000155,172.31.46.0-255,66,28817,53,323149
47696,0.00016,74.125.24.0-255,2543,31360,53,323149
47697,0.000162,172.31.46.0-255,66,31426,53,323149
47698,0.000373,74.125.24.0-255,1484,32910,53,323149
47699,0.000379,172.31.46.0-255,66,32976,53,323149
47700,0.000404,74.125.24.0-255,2902,35878,53,323149
47701,0.000407,172.31.46.0-255,66,35944,53,323149
47702,0.000411,74.125.24.0-255,2902,38846,53,323149
47703,0.000413,172.31.46.0-255,66,38912,53,323149
47704,0.000439,74.125.24.0-255,1484,40396,53,323149
47705,0.000443,172.31.46.0-255,66,40462,53,323149
47706,0.000446,74.125.24.0-255,1484,41946,53,323149
47707,0.000449,172.31.46.0-255,66,42012,53,323149
47708,0.000467,74.125.24.0-255,5738,47750,53,323149
47709,0.00047,172.31.46.0-255,66,47816,53,323149
47710,0.000496,172.31.46.0-255,66,47882,53,323149
47711,0.00051,74.125.24.0-255,1484,49366,53,323149
47712,0.000566,74.125.24.0-255,5738,55104,53,323149
47713,0.000571,172.31.46.0-255,66,55170,53,323149
47714,0.0006,74.125.24.0-255,2543,57713,53,323149
47715,0.000603,172.31.46.0-255,66,57779,53,323149
47716,0.000632,74.125.24.0-255,646,58425,53,323149
47717,0.000744,74.125.24.0-255,1484,59909,53,323149
47718,0.000749,172.31.46.0-255,66,59975,53,323149
47719,0.000773,74.125.24.0-255,2902,62877,53,323149
47720,0.000775,172.31.46.0-255,66,62943,53,323149
47721,0.000781,74.125.24.0-255,5738,68681,53,323149
47722,0.000783,172.31.46.0-255,66,68747,53,323149
47723,0.000839,172.31.46.0-255,66,68813,53,323149
47724,0.000851,172.31.46.0-255,66,68879,53,323149
47725,0.000871,74.125.24.0-255,3602,72481,53,323149
47726,0.000874,172.31.46.0-255,66,72547,53,323149
47727,0.001081,74.125.24.0-255,1484,74031,53,323149
47728,0.001108,74.125.24.0-255,2902,76933,53,323149
47729,0.001112,172.31.46.0-255,66,76999,53,323149
47730,0.001164,74.125.24.0-255,5738,82737,53,323149
47731,0.001168,172.31.46.0-255,66,82803,53,323149
47732,0.001177,74.125.24.0-255,7156,89959,53,323149
47733,0.001179,172.31.46.0-255,66,90025,53,323149
47734,0.001214,172.31.46.0-255,66,90091,53,323149
47735,0.001232,74.125.24.0-255,2902,92993,53,323149
47736,0.001235,172.31.46.0-255,66,93059,53,323149
47737,0.001239,74.125.24.0-255,2184,95243,53,323149
47738,0.001241,172.31.46.0-255,66,95309,53,323149
47739,0.001253,74.125.24.0-255,1484,96793,53,323149
47740,0.001274,74.125.24.0-255,2902,99695,53,323149
47741,0.001278,172.31.46.0-255,66,99761,53,323149
47742,0.001285,74.125.24.0-255,5738,105499,53,323149
47743,0.001287,172.31.46.0-255,66,105565,53,323149
47744,0.001341,74.125.24.0-255,1484,107049,53,323149
47745,0.001346,74.125.24.0-255,2902,109951,53,323149
47746,0.001349,172.31.46.0-255,66,110017,53,323149
47747,0.001373,74.125.24.0-255,2902,112919,53,323149
47748,0.001376,172.31.46.0-255,66,112985,53,323149
47749,0.001396,74.125.24.0-255,2902,115887,53,323149
47750,0.001399,172.31.46.0-255,66,115953,53,323149
47751,0.001427,172.31.46.0-255,66,116019,53,323149
47752,0.001449,74.125.24.0-255,1484,117503,53,323149
47753,0.001453,74.125.24.0-255,766,118269,53,323149
47754,0.001455,172.31.46.0-255,66,118335,53,323149
47755,0.001826,74.125.24.0-255,1484,119819,53,323149
47756,0.001846,74.125.24.0-255,2902,122721,53,323149
47757,0.00185,172.31.46.0-255,66,122787,53,323149
47758,0.001882,74.125.24.0-255,4320,127107,53,323149
47759,0.001886,172.31.46.0-255,66,127173,53,323149
47760,0.001944,74.125.24.0-255,5738,132911,53,323149
47761,0.001948,172.31.46.0-255,66,132977,53,323149
47762,0.001984,74.125.24.0-255,7156,140133,53,323149
47763,0.001987,172.31.46.0-255,66,140199,53,323149
47764,0.002046,74.125.24.0-255,5738,145937,53,323149
47765,0.00205,172.31.46.0-255,66,146003,53,323149
47766,0.002074,74.125.24.0-255,6438,152441,53,323149
47767,0.002077,172.31.46.0-255,66,152507,53,323149
47768,0.00232,74.125.24.0-255,1484,153991,53,323149
47769,0.002326,74.125.24.0-255,2902,156893,53,323149
47770,0.002329,172.31.46.0-255,66,156959,53,323149
47771,0.002351,74.125.24.0-255,5738,162697,53,323149
47772,0.002353,172.31.46.0-255,66,162763,53,323149
47773,0.002356,74.125.24.0-255,1484,164247,53,323149
47774,0.002386,172.31.46.0-255,66,164313,53,323149
47775,0.002397,172.31.46.0-255,66,164379,53,323149
47776,0.002422,74.125.24.0-255,2184,166563,53,323149
47777,0.002424,172.31.46.0-255,66,166629,53,323149
47778,0.002503,172.31.46.0-255,101,166730,53,323149
47779,0.002507,74.125.24.0-255,1484,168214,53,323149
47780,0.002511,74.125.24.0-255,2902,171116,53,323149
47781,0.002521,172.31.46.0-255,66,171182,53,323149
47782,0.002526,74.125.24.0-255,2902,174084,53,323149
47783,0.002529,172.31.46.0-255,66,174150,53,323149
47784,0.002547,74.125.24.0-255,2902,177052,53,323149
47785,0.00256,74.125.24.0-255,7156,184208,53,323149
47786,0.002562,74.125.24.0-255,1484,185692,53,323149
47787,0.002566,172.31.46.0-255,66,185758,53,323149
47788,0.002591,74.125.24.0-255,2184,187942,53,323149
47789,0.005081,74.125.24.0-255,66,188008,53,323149
47790,0.008086,172.31.46.0-255,66,188074,53,323149
47791,0.008092,172.31.46.0-255,66,188140,53,323149
47792,0.008095,172.31.46.0-255,66,188206,53,323149
47793,0.010701,74.125.24.0-255,5738,193944,53,323149
47794,0.010708,172.31.46.0-255,66,194010,53,323149
47795,0.013333,74.125.24.0-255,5738,199748,53,323149
47796,0.013343,172.31.46.0-255,66,199814,53,323149
47797,0.015931,74.125.24.0-255,5738,205552,53,323149
47798,0.01594,172.31.46.0-255,66,205618,53,323149
47799,0.01854,74.125.24.0-255,5738,211356,53,323149
47800,0.018554,172.31.46.0-255,66,211422,53,323149
47801,0.02113,74.125.24.0-255,5738,217160,53,323149
47802,0.021138,172.31.46.0-255,66,217226,53,323149
47803,0.023717,74.125.24.0-255,5738,222964,53,323149
47804,0.023725,172.31.46.0-255,66,223030,53,323149
47805,0.026309,74.125.24.0-255,5738,228768,53,323149
47806,0.026318,172.31.46.0-255,66,228834,53,323149
47807,0.028873,74.125.24.0-255,5738,234572,53,323149
47808,0.028882,172.31.46.0-255,66,234638,53,323149
47809,0.031461,74.125.24.0-255,5738,240376,53,323149
47810,0.031468,172.31.46.0-255,66,240442,53,323149
47811,0.034084,74.125.24.0-255,5738,246180,53,323149
47812,0.034094,172.31.46.0-255,66,246246,53,323149
47813,0.03666,74.125.24.0-255,5738,251984,53,323149
47814,0.036668,172.31.46.0-255,66,252050,53,323149
47815,0.039272,74.125.24.0-255,5738,257788,53,323149
47816,0.039279,172.31.46.0-255,66,257854,53,323149
47817,0.039389,172.31.46.0-255,188,258042,53,323149
47818,0.039415,172.31.46.0-255,953,258995,53,323149
47819,0.039485,172.31.46.0-255,1514,260509,53,323149
47820,0.039487,172.31.46.0-255,1514,262023,53,323149
47821,0.039492,172.31.46.0-255,1514,263537,53,323149
47822,0.039493,172.31.46.0-255,1514,265051,53,323149
47823,0.039513,172.31.46.0-255,1514,266565,53,323149
47824,0.039514,172.31.46.0-255,299,266864,53,323149
47825,0.04094,104.244.42.0-255,66,266930,53,323149
47826,0.040997,104.244.42.0-255,66,266996,53,323149
47827,0.041078,104.244.42.0-255,66,267062,53,323149
47828,0.041084,104.244.42.0-255,66,267128,53,323149
47829,0.041886,74.125.24.0-255,5738,272866,53,323149
47830,0.041891,172.31.46.0-255,66,272932,53,323149
47831,0.042223,104.244.42.0-255,108,273040,53,323149
47832,0.042229,172.31.46.0-255,66,273106,53,323149
47833,0.044502,74.125.24.0-255,5738,278844,53,323149
47834,0.044508,172.31.46.0-255,66,278910,53,323149
47835,0.047107,74.125.24.0-255,5738,284648,53,323149
47836,0.047113,172.31.46.0-255,66,284714,53,323149
47837,0.049709,74.125.24.0-255,5738,290452,53,323149
47838,0.049718,172.31.46.0-255,66,290518,53,323149
47839,0.052322,74.125.24.0-255,5738,296256,53,323149
47840,0.052329,172.31.46.0-255,66,296322,53,323149
47841,0.054936,74.125.24.0-255,5738,302060,53,323149
47842,0.054943,172.31.46.0-255,66,302126,53,323149
47843,0.057531,74.125.24.0-255,5738,307864,53,323149
47844,0.057538,172.31.46.0-255,66,307930,53,323149
47845,0.060155,74.125.24.0-255,5738,313668,53,323149
47846,0.060162,172.31.46.0-255,66,313734,53,323149
47847,0.062794,74.125.24.0-255,5738,319472,53,323149
47848,0.062801,172.31.46.0-255,66,319538,53,323149
47849,0.065391,74.125.24.0-255,3374,322912,53,323149
47850,0.065399,172.31.46.0-255,66,322978,53,323149
47851,0.065578,172.31.46.0-255,105,323083,53,323149
47852,0.073453,74.125.24.0-255,66,323149,53,323149
47853,0.0,172.217.194.0-255,146,146,53,320730
47854,2e-05,172.31.46.0-255,66,212,53,320730
47855,2.7e-05,172.217.194.0-255,1484,1696,53,320730
47856,3e-05,172.31.46.0-255,66,1762,53,320730
47857,3.5e-05,172.217.194.0-255,2902,4664,53,320730
47858,3.7e-05,172.31.46.0-255,66,4730,53,320730
47859,4.5e-05,172.217.194.0-255,7156,11886,53,320730
47860,4.8e-05,172.31.46.0-255,66,11952,53,320730
47861,5.1e-05,172.217.194.0-255,1484,13436,53,320730
47862,5.3e-05,172.31.46.0-255,66,13502,53,320730
47863,5.7e-05,172.217.194.0-255,635,14137,53,320730
47864,5.9e-05,172.31.46.0-255,66,14203,53,320730
47865,0.00016,172.217.194.0-255,1484,15687,53,320730
47866,0.000163,172.31.46.0-255,66,15753,53,320730
47867,0.000181,172.217.194.0-255,2902,18655,53,320730
47868,0.000183,172.31.46.0-255,66,18721,53,320730
47869,0.000189,172.217.194.0-255,4320,23041,53,320730
47870,0.000191,172.31.46.0-255,66,23107,53,320730
47871,0.000215,172.217.194.0-255,1484,24591,53,320730
47872,0.000217,172.31.46.0-255,66,24657,53,320730
47873,0.000223,172.217.194.0-255,5738,30395,53,320730
47874,0.000225,172.31.46.0-255,66,30461,53,320730
47875,0.000229,172.217.194.0-255,4320,34781,53,320730
47876,0.000231,172.31.46.0-255,66,34847,53,320730
47877,0.000263,172.31.46.0-255,66,34913,53,320730
47878,0.000268,172.217.194.0-255,5738,40651,53,320730
47879,0.00027,172.31.46.0-255,66,40717,53,320730
47880,0.000332,172.31.46.0-255,66,40783,53,320730
47881,0.000343,172.31.46.0-255,66,40849,53,320730
47882,0.000345,172.217.194.0-255,1484,42333,53,320730
47883,0.000377,172.217.194.0-255,3677,46010,53,320730
47884,0.00038,172.31.46.0-255,66,46076,53,320730
47885,0.00077,172.217.194.0-255,1484,47560,53,320730
47886,0.000789,172.217.194.0-255,2902,50462,53,320730
47887,0.000793,172.31.46.0-255,66,50528,53,320730
47888,0.000796,172.217.194.0-255,1484,52012,53,320730
47889,0.000816,172.217.194.0-255,4320,56332,53,320730
47890,0.00082,172.217.194.0-255,4320,60652,53,320730
47891,0.000824,172.31.46.0-255,66,60718,53,320730
47892,0.000826,172.31.46.0-255,66,60784,53,320730
47893,0.000839,172.217.194.0-255,5738,66522,53,320730
47894,0.000842,172.31.46.0-255,66,66588,53,320730
47895,0.000855,172.217.194.0-255,2902,69490,53,320730
47896,0.000856,172.31.46.0-255,66,69556,53,320730
47897,0.000895,172.31.46.0-255,66,69622,53,320730
47898,0.001367,172.217.194.0-255,1484,71106,53,320730
47899,0.001372,172.217.194.0-255,2902,74008,53,320730
47900,0.001375,172.31.46.0-255,66,74074,53,320730
47901,0.001381,172.217.194.0-255,4320,78394,53,320730
47902,0.001382,172.31.46.0-255,66,78460,53,320730
47903,0.001402,172.217.194.0-255,1484,79944,53,320730
47904,0.001405,172.217.194.0-255,1484,81428,53,320730
47905,0.001407,172.31.46.0-255,66,81494,53,320730
47906,0.001446,172.31.46.0-255,66,81560,53,320730
47907,0.001456,172.31.46.0-255,66,81626,53,320730
47908,0.001458,172.217.194.0-255,766,82392,53,320730
47909,0.001644,172.31.46.0-255,66,82458,53,320730
47910,0.001851,172.217.194.0-255,1484,83942,53,320730
47911,0.001859,172.217.194.0-255,2902,86844,53,320730
47912,0.001862,172.31.46.0-255,66,86910,53,320730
47913,0.001868,172.217.194.0-255,2902,89812,53,320730
47914,0.001869,172.31.46.0-255,66,89878,53,320730
47915,0.001891,172.217.194.0-255,2902,92780,53,320730
47916,0.001893,172.31.46.0-255,66,92846,53,320730
47917,0.0019,172.217.194.0-255,5738,98584,53,320730
47918,0.001901,172.31.46.0-255,66,98650,53,320730
47919,0.001904,172.217.194.0-255,1484,100134,53,320730
47920,0.001943,172.31.46.0-255,66,100200,53,320730
47921,0.001949,172.217.194.0-255,5020,105220,53,320730
47922,0.001951,172.31.46.0-255,66,105286,53,320730
47923,0.00234,172.217.194.0-255,1484,106770,53,320730
47924,0.002355,172.217.194.0-255,2902,109672,53,320730
47925,0.002358,172.31.46.0-255,66,109738,53,320730
47926,0.004289,172.217.194.0-255,1484,111222,53,320730
47927,0.00468,172.217.194.0-255,4320,115542,53,320730
47928,0.004683,172.31.46.0-255,66,115608,53,320730
47929,0.007017,172.217.194.0-255,4320,119928,53,320730
47930,0.007022,172.31.46.0-255,66,119994,53,320730
47931,0.007044,172.217.194.0-255,1484,121478,53,320730
47932,0.009336,172.217.194.0-255,4320,125798,53,320730
47933,0.009343,172.31.46.0-255,66,125864,53,320730
47934,0.011657,172.217.194.0-255,5738,131602,53,320730
47935,0.011666,172.31.46.0-255,66,131668,53,320730
47936,0.014008,172.217.194.0-255,5738,137406,53,320730
47937,0.014019,172.31.46.0-255,66,137472,53,320730
47938,0.016348,172.217.194.0-255,5738,143210,53,320730
47939,0.016357,172.31.46.0-255,66,143276,53,320730
47940,0.01867,172.217.194.0-255,5738,149014,53,320730
47941,0.018677,172.31.46.0-255,66,149080,53,320730
47942,0.021001,172.217.194.0-255,5738,154818,53,320730
47943,0.021008,172.31.46.0-255,66,154884,53,320730
47944,0.023376,172.217.194.0-255,4320,159204,53,320730
47945,0.023383,172.31.46.0-255,66,159270,53,320730
47946,0.023403,172.217.194.0-255,1484,160754,53,320730
47947,0.025687,172.217.194.0-255,4320,165074,53,320730
47948,0.025694,172.31.46.0-255,66,165140,53,320730
47949,0.027601,172.31.46.0-255,172,165312,53,320730
47950,0.02763,172.31.46.0-255,1112,166424,53,320730
47951,0.027693,172.31.46.0-255,1514,167938,53,320730
47952,0.027695,172.31.46.0-255,1291,169229,53,320730
47953,0.028021,172.217.194.0-255,5738,174967,53,320730
47954,0.028028,172.31.46.0-255,66,175033,53,320730
47955,0.029144,104.244.42.0-255,66,175099,53,320730
47956,0.029181,104.244.42.0-255,66,175165,53,320730
47957,0.029219,104.244.42.0-255,66,175231,53,320730
47958,0.030337,172.217.194.0-255,5738,180969,53,320730
47959,0.030347,172.31.46.0-255,66,181035,53,320730
47960,0.032679,172.217.194.0-255,5738,186773,53,320730
47961,0.032689,172.31.46.0-255,66,186839,53,320730
47962,0.035038,172.217.194.0-255,5738,192577,53,320730
47963,0.035045,172.31.46.0-255,66,192643,53,320730
47964,0.037384,172.217.194.0-255,2902,195545,53,320730
47965,0.037395,172.31.46.0-255,66,195611,53,320730
47966,0.037418,172.217.194.0-255,2902,198513,53,320730
47967,0.037422,172.31.46.0-255,66,198579,53,320730
47968,0.039723,172.217.194.0-255,2902,201481,53,320730
47969,0.03973,172.31.46.0-255,66,201547,53,320730
47970,0.039775,172.217.194.0-255,2902,204449,53,320730
47971,0.039779,172.31.46.0-255,66,204515,53,320730
47972,0.04205,172.217.194.0-255,2902,207417,53,320730
47973,0.042057,172.31.46.0-255,66,207483,53,320730
47974,0.042099,172.217.194.0-255,2902,210385,53,320730
47975,0.042103,172.31.46.0-255,66,210451,53,320730
47976,0.044392,172.217.194.0-255,2902,213353,53,320730
47977,0.044399,172.31.46.0-255,66,213419,53,320730
47978,0.044426,172.217.194.0-255,2902,216321,53,320730
47979,0.044428,172.31.46.0-255,66,216387,53,320730
47980,0.046705,172.217.194.0-255,2902,219289,53,320730
47981,0.046712,172.31.46.0-255,66,219355,53,320730
47982,0.046748,172.217.194.0-255,2902,222257,53,320730
47983,0.046751,172.31.46.0-255,66,222323,53,320730
47984,0.049038,172.217.194.0-255,2902,225225,53,320730
47985,0.049045,172.31.46.0-255,66,225291,53,320730
47986,0.04909,172.217.194.0-255,2902,228193,53,320730
47987,0.049093,172.31.46.0-255,66,228259,53,320730
47988,0.051363,172.217.194.0-255,2902,231161,53,320730
47989,0.051369,172.31.46.0-255,66,231227,53,320730
47990,0.051396,172.217.194.0-255,1484,232711,53,320730
47991,0.051415,172.217.194.0-255,1484,234195,53,320730
47992,0.051417,172.31.46.0-255,66,234261,53,320730
47993,0.053683,172.217.194.0-255,2902,237163,53,320730
47994,0.05369,172.31.46.0-255,66,237229,53,320730
47995,0.053713,172.217.194.0-255,2902,240131,53,320730
47996,0.053715,172.31.46.0-255,66,240197,53,320730
47997,0.056029,172.217.194.0-255,5738,245935,53,320730
47998,0.056038,172.31.46.0-255,66,246001,53,320730
47999,0.058377,172.217.194.0-255,5738,251739,53,320730
48000,0.058384,172.31.46.0-255,66,251805,53,320730
48001,0.060687,172.217.194.0-255,5738,257543,53,320730
48002,0.060694,172.31.46.0-255,66,257609,53,320730
48003,0.063,172.217.194.0-255,5738,263347,53,320730
48004,0.063006,172.31.46.0-255,66,263413,53,320730
48005,0.065342,172.217.194.0-255,5738,269151,53,320730
48006,0.065348,172.31.46.0-255,66,269217,53,320730
48007,0.067647,172.217.194.0-255,5738,274955,53,320730
48008,0.067652,172.31.46.0-255,66,275021,53,320730
48009,0.070013,172.217.194.0-255,5738,280759,53,320730
48010,0.070021,172.31.46.0-255,66,280825,53,320730
48011,0.072345,172.217.194.0-255,5738,286563,53,320730
48012,0.072351,172.31.46.0-255,66,286629,53,320730
48013,0.074682,172.217.194.0-255,1484,288113,53,320730
48014,0.074708,172.217.194.0-255,4320,292433,53,320730
48015,0.074712,172.31.46.0-255,66,292499,53,320730
48016,0.077036,172.217.194.0-255,5738,298237,53,320730
48017,0.077042,172.31.46.0-255,66,298303,53,320730
48018,0.079375,172.217.194.0-255,5738,304041,53,320730
48019,0.079394,172.31.46.0-255,66,304107,53,320730
48020,0.081746,172.217.194.0-255,1484,305591,53,320730
48021,0.081763,172.217.194.0-255,4320,309911,53,320730
48022,0.081766,172.31.46.0-255,66,309977,53,320730
48023,0.084087,172.217.194.0-255,5738,315715,53,320730
48024,0.084094,172.31.46.0-255,66,315781,53,320730
48025,0.08642,172.217.194.0-255,4712,320493,53,320730
48026,0.08643,172.31.46.0-255,66,320559,53,320730
48027,0.086614,172.31.46.0-255,105,320664,53,320730
48028,0.088899,172.217.194.0-255,66,320730,53,320730
48029,0.0,74.125.24.0-255,156,156,53,305013
48030,1.3e-05,172.31.46.0-255,66,222,53,305013
48031,2e-05,74.125.24.0-255,1484,1706,53,305013
48032,2.5e-05,172.31.46.0-255,66,1772,53,305013
48033,3.1e-05,74.125.24.0-255,2902,4674,53,305013
48034,4.3e-05,172.31.46.0-255,66,4740,53,305013
48035,5e-05,74.125.24.0-255,5738,10478,53,305013
48036,5.4e-05,172.31.46.0-255,66,10544,53,305013
48037,8.5e-05,74.125.24.0-255,3353,13897,53,305013
48038,8.9e-05,172.31.46.0-255,66,13963,53,305013
48039,0.000353,74.125.24.0-255,1484,15447,53,305013
48040,0.000359,172.31.46.0-255,66,15513,53,305013
48041,0.000366,74.125.24.0-255,2902,18415,53,305013
48042,0.000368,172.31.46.0-255,66,18481,53,305013
48043,0.00038,74.125.24.0-255,5738,24219,53,305013
48044,0.000382,172.31.46.0-255,66,24285,53,305013
48045,0.000413,74.125.24.0-255,5738,30023,53,305013
48046,0.000416,172.31.46.0-255,66,30089,53,305013
48047,0.000443,74.125.24.0-255,5738,35827,53,305013
48048,0.000445,172.31.46.0-255,66,35893,53,305013
48049,0.000487,172.31.46.0-255,66,35959,53,305013
48050,0.000556,172.31.46.0-255,66,36025,53,305013
48051,0.000607,172.31.46.0-255,66,36091,53,305013
48052,0.000633,74.125.24.0-255,3902,39993,53,305013
48053,0.000638,172.31.46.0-255,66,40059,53,305013
48054,0.00066,74.125.24.0-255,377,40436,53,305013
48055,0.000663,172.31.46.0-255,66,40502,53,305013
48056,0.000843,74.125.24.0-255,1484,41986,53,305013
48057,0.000847,172.31.46.0-255,66,42052,53,305013
48058,0.000853,74.125.24.0-255,2902,44954,53,305013
48059,0.000855,172.31.46.0-255,66,45020,53,305013
48060,0.000858,74.125.24.0-255,1484,46504,53,305013
48061,0.000888,74.125.24.0-255,4320,50824,53,305013
48062,0.00089,172.31.46.0-255,66,50890,53,305013
48063,0.000914,74.125.24.0-255,2902,53792,53,305013
48064,0.00092,172.31.46.0-255,66,53858,53,305013
48065,0.000956,172.31.46.0-255,66,53924,53,305013
48066,0.000984,74.125.24.0-255,2902,56826,53,305013
48067,0.000987,172.31.46.0-255,66,56892,53,305013
48068,0.001022,172.31.46.0-255,66,56958,53,305013
48069,0.003325,74.125.24.0-255,5738,62696,53,305013
48070,0.003332,172.31.46.0-255,66,62762,53,305013
48071,0.005613,74.125.24.0-255,5738,68500,53,305013
48072,0.005617,172.31.46.0-255,66,68566,53,305013
48073,0.007943,74.125.24.0-255,5738,74304,53,305013
48074,0.00795,172.31.46.0-255,66,74370,53,305013
48075,0.010267,74.125.24.0-255,5738,80108,53,305013
48076,0.010276,172.31.46.0-255,66,80174,53,305013
48077,0.012582,74.125.24.0-255,5738,85912,53,305013
48078,0.012591,172.31.46.0-255,66,85978,53,305013
48079,0.014914,74.125.24.0-255,5738,91716,53,305013
48080,0.014926,172.31.46.0-255,66,91782,53,305013
48081,0.017232,74.125.24.0-255,5738,97520,53,305013
48082,0.01724,172.31.46.0-255,66,97586,53,305013
48083,0.019586,74.125.24.0-255,5738,103324,53,305013
48084,0.019596,172.31.46.0-255,66,103390,53,305013
48085,0.021926,74.125.24.0-255,5738,109128,53,305013
48086,0.021935,172.31.46.0-255,66,109194,53,305013
48087,0.024264,74.125.24.0-255,5738,114932,53,305013
48088,0.024274,172.31.46.0-255,66,114998,53,305013
48089,0.026603,74.125.24.0-255,5738,120736,53,305013
48090,0.026612,172.31.46.0-255,66,120802,53,305013
48091,0.028922,74.125.24.0-255,5738,126540,53,305013
48092,0.02893,172.31.46.0-255,66,126606,53,305013
48093,0.029263,172.31.46.0-255,172,126778,53,305013
48094,0.029293,172.31.46.0-255,1107,127885,53,305013
48095,0.029351,172.31.46.0-255,1514,129399,53,305013
48096,0.029354,172.31.46.0-255,1296,130695,53,305013
48097,0.030828,104.244.42.0-255,66,130761,53,305013
48098,0.030887,104.244.42.0-255,66,130827,53,305013
48099,0.030915,104.244.42.0-255,66,130893,53,305013
48100,0.031239,74.125.24.0-255,5738,136631,53,305013
48101,0.031244,172.31.46.0-255,66,136697,53,305013
48102,0.033585,74.125.24.0-255,5738,142435,53,305013
48103,0.033591,172.31.46.0-255,66,142501,53,305013
48104,0.035908,74.125.24.0-255,5738,148239,53,305013
48105,0.035914,172.31.46.0-255,66,148305,53,305013
48106,0.038241,74.125.24.0-255,5738,154043,53,305013
48107,0.03825,172.31.46.0-255,66,154109,53,305013
48108,0.040574,74.125.24.0-255,5738,159847,53,305013
48109,0.04058,172.31.46.0-255,66,159913,53,305013
48110,0.042874,74.125.24.0-255,5738,165651,53,305013
48111,0.042881,172.31.46.0-255,66,165717,53,305013
48112,0.045209,74.125.24.0-255,5738,171455,53,305013
48113,0.045215,172.31.46.0-255,66,171521,53,305013
48114,0.047508,74.125.24.0-255,5738,177259,53,305013
48115,0.047515,172.31.46.0-255,66,177325,53,305013
48116,0.049822,74.125.24.0-255,5738,183063,53,305013
48117,0.049828,172.31.46.0-255,66,183129,53,305013
48118,0.052144,74.125.24.0-255,5738,188867,53,305013
48119,0.052151,172.31.46.0-255,66,188933,53,305013
48120,0.054454,74.125.24.0-255,5738,194671,53,305013
48121,0.054461,172.31.46.0-255,66,194737,53,305013
48122,0.056774,74.125.24.0-255,5738,200475,53,305013
48123,0.056781,172.31.46.0-255,66,200541,53,305013
48124,0.059076,74.125.24.0-255,5738,206279,53,305013
48125,0.059083,172.31.46.0-255,66,206345,53,305013
48126,0.061386,74.125.24.0-255,5738,212083,53,305013
48127,0.061394,172.31.46.0-255,66,212149,53,305013
48128,0.063748,74.125.24.0-255,5738,217887,53,305013
48129,0.063756,172.31.46.0-255,66,217953,53,305013
48130,0.066069,74.125.24.0-255,5738,223691,53,305013
48131,0.066075,172.31.46.0-255,66,223757,53,305013
48132,0.068382,74.125.24.0-255,5738,229495,53,305013
48133,0.068389,172.31.46.0-255,66,229561,53,305013
48134,0.070698,74.125.24.0-255,5738,235299,53,305013
48135,0.070704,172.31.46.0-255,66,235365,53,305013
48136,0.073005,74.125.24.0-255,5738,241103,53,305013
48137,0.073011,172.31.46.0-255,66,241169,53,305013
48138,0.075318,74.125.24.0-255,5738,246907,53,305013
48139,0.075325,172.31.46.0-255,66,246973,53,305013
48140,0.077644,74.125.24.0-255,5738,252711,53,305013
48141,0.077651,172.31.46.0-255,66,252777,53,305013
48142,0.079961,74.125.24.0-255,5738,258515,53,305013
48143,0.079968,172.31.46.0-255,66,258581,53,305013
48144,0.082285,74.125.24.0-255,5738,264319,53,305013
48145,0.082291,172.31.46.0-255,66,264385,53,305013
48146,0.084643,74.125.24.0-255,5738,270123,53,305013
48147,0.08465,172.31.46.0-255,66,270189,53,305013
48148,0.086983,74.125.24.0-255,5738,275927,53,305013
48149,0.08699,172.31.46.0-255,66,275993,53,305013
48150,0.089295,74.125.24.0-255,5738,281731,53,305013
48151,0.089302,172.31.46.0-255,66,281797,53,305013
48152,0.091621,74.125.24.0-255,5738,287535,53,305013
48153,0.091628,172.31.46.0-255,66,287601,53,305013
48154,0.093951,74.125.24.0-255,5738,293339,53,305013
48155,0.093957,172.31.46.0-255,66,293405,53,305013
48156,0.096313,74.125.24.0-255,5738,299143,53,305013
48157,0.09632,172.31.46.0-255,66,299209,53,305013
48158,0.098626,74.125.24.0-255,5738,304947,53,305013
48159,0.098633,172.31.46.0-255,66,305013,53,305013
48160,0.0,172.217.194.0-255,146,146,53,200424
48161,1.6e-05,172.31.46.0-255,66,212,53,200424
48162,2.2e-05,172.217.194.0-255,1484,1696,53,200424
48163,2.7e-05,172.31.46.0-255,66,1762,53,200424
48164,3.3e-05,172.217.194.0-255,2902,4664,53,200424
48165,3.6e-05,172.31.46.0-255,66,4730,53,200424
48166,5.7e-05,172.217.194.0-255,7156,11886,53,200424
48167,6e-05,172.31.46.0-255,66,11952,53,200424
48168,6.4e-05,172.217.194.0-255,2092,14044,53,200424
48169,6.6e-05,172.31.46.0-255,66,14110,53,200424
48170,0.000418,172.217.194.0-255,1484,15594,53,200424
48171,0.000423,172.31.46.0-255,66,15660,53,200424
48172,0.000428,172.217.194.0-255,1484,17144,53,200424
48173,0.000432,172.31.46.0-255,66,17210,53,200424
48174,0.000447,172.217.194.0-255,1484,18694,53,200424
48175,0.00045,172.31.46.0-255,66,18760,53,200424
48176,0.000462,172.217.194.0-255,1484,20244,53,200424
48177,0.000465,172.31.46.0-255,66,20310,53,200424
48178,0.000469,172.217.194.0-255,2902,23212,53,200424
48179,0.000472,172.31.46.0-255,66,23278,53,200424
48180,0.000489,172.217.194.0-255,4320,27598,53,200424
48181,0.000492,172.31.46.0-255,66,27664,53,200424
48182,0.000506,172.217.194.0-255,1484,29148,53,200424
48183,0.000509,172.31.46.0-255,66,29214,53,200424
48184,0.000514,172.217.194.0-255,3961,33175,53,200424
48185,0.000518,172.31.46.0-255,66,33241,53,200424
48186,0.000522,172.217.194.0-255,4320,37561,53,200424
48187,0.000525,172.31.46.0-255,66,37627,53,200424
48188,0.000531,172.217.194.0-255,4320,41947,53,200424
48189,0.000534,172.31.46.0-255,66,42013,53,200424
48190,0.000557,172.217.194.0-255,5738,47751,53,200424
48191,0.00056,172.31.46.0-255,66,47817,53,200424
48192,0.000563,172.217.194.0-255,1125,48942,53,200424
48193,0.000591,172.217.194.0-255,1484,50426,53,200424
48194,0.000594,172.31.46.0-255,66,50492,53,200424
48195,0.000597,172.217.194.0-255,1484,51976,53,200424
48196,0.000614,172.217.194.0-255,2902,54878,53,200424
48197,0.000617,172.31.46.0-255,66,54944,53,200424
48198,0.000625,172.217.194.0-255,7156,62100,53,200424
48199,0.000628,172.31.46.0-255,66,62166,53,200424
48200,0.00067,172.217.194.0-255,3961,66127,53,200424
48201,0.000672,172.31.46.0-255,66,66193,53,200424
48202,0.000726,172.217.194.0-255,645,66838,53,200424
48203,0.000765,172.217.194.0-255,1484,68322,53,200424
48204,0.000769,172.31.46.0-255,66,68388,53,200424
48205,0.000775,172.217.194.0-255,2902,71290,53,200424
48206,0.000777,172.31.46.0-255,66,71356,53,200424
48207,0.000783,172.217.194.0-255,5738,77094,53,200424
48208,0.000786,172.31.46.0-255,66,77160,53,200424
48209,0.000805,172.217.194.0-255,4320,81480,53,200424
48210,0.000808,172.31.46.0-255,66,81546,53,200424
48211,0.000852,172.31.46.0-255,66,81612,53,200424
48212,0.000863,172.31.46.0-255,66,81678,53,200424
48213,0.000867,172.217.194.0-255,2184,83862,53,200424
48214,0.000869,172.31.46.0-255,66,83928,53,200424
48215,0.001254,172.217.194.0-255,1484,85412,53,200424
48216,0.001269,172.217.194.0-255,2902,88314,53,200424
48217,0.001272,172.31.46.0-255,66,88380,53,200424
48218,0.001295,172.217.194.0-255,5738,94118,53,200424
48219,0.001298,172.31.46.0-255,66,94184,53,200424
48220,0.001301,172.217.194.0-255,1484,95668,53,200424
48221,0.001326,172.31.46.0-255,66,95734,53,200424
48222,0.001331,172.217.194.0-255,2902,98636,53,200424
48223,0.001333,172.31.46.0-255,66,98702,53,200424
48224,0.001348,172.217.194.0-255,2902,101604,53,200424
48225,0.001352,172.31.46.0-255,66,101670,53,200424
48226,0.001376,172.217.194.0-255,5020,106690,53,200424
48227,0.001378,172.31.46.0-255,66,106756,53,200424
48228,0.001462,172.217.194.0-255,1484,108240,53,200424
48229,0.001467,172.217.194.0-255,2902,111142,53,200424
48230,0.00147,172.31.46.0-255,66,111208,53,200424
48231,0.001474,172.217.194.0-255,1484,112692,53,200424
48232,0.001495,172.217.194.0-255,4320,117012,53,200424
48233,0.001498,172.31.46.0-255,66,117078,53,200424
48234,0.001509,172.31.46.0-255,66,117144,53,200424
48235,0.001527,172.217.194.0-255,4320,121464,53,200424
48236,0.00153,172.31.46.0-255,66,121530,53,200424
48237,0.001556,172.31.46.0-255,66,121596,53,200424
48238,0.001584,172.217.194.0-255,3602,125198,53,200424
48239,0.001633,172.31.46.0-255,66,125264,53,200424
48240,0.001637,172.217.194.0-255,1484,126748,53,200424
48241,0.001694,172.217.194.0-255,5738,132486,53,200424
48242,0.001715,172.217.194.0-255,5020,137506,53,200424
48243,0.00185,172.217.194.0-255,3602,141108,53,200424
48244,0.001852,172.217.194.0-255,1484,142592,53,200424
48245,0.001856,172.217.194.0-255,2902,145494,53,200424
48246,0.001859,172.217.194.0-255,2902,148396,53,200424
48247,0.00187,172.217.194.0-255,2902,151298,53,200424
48248,0.001901,172.217.194.0-255,7156,158454,53,200424
48249,0.001928,172.217.194.0-255,5738,164192,53,200424
48250,0.001982,172.217.194.0-255,7156,171348,53,200424
48251,0.002006,172.217.194.0-255,766,172114,53,200424
48252,0.002214,172.217.194.0-255,1484,173598,53,200424
48253,0.00222,172.217.194.0-255,2902,176500,53,200424
48254,0.002224,172.217.194.0-255,2902,179402,53,200424
48255,0.002239,172.217.194.0-255,2902,182304,53,200424
48256,0.002255,172.217.194.0-255,4320,186624,53,200424
48257,0.002269,172.217.194.0-255,4320,190944,53,200424
48258,0.002305,172.217.194.0-255,2102,193046,53,200424
48259,0.002321,172.217.194.0-255,105,193151,53,200424
48260,0.005667,172.31.46.0-255,66,193217,53,200424
48261,0.005671,172.31.46.0-255,66,193283,53,200424
48262,0.005676,172.31.46.0-255,66,193349,53,200424
48263,0.005679,172.31.46.0-255,66,193415,53,200424
48264,0.00569,172.31.46.0-255,66,193481,53,200424
48265,0.005692,172.31.46.0-255,66,193547,53,200424
48266,0.005695,172.31.46.0-255,66,193613,53,200424
48267,0.005698,172.31.46.0-255,66,193679,53,200424
48268,0.005701,172.31.46.0-255,66,193745,53,200424
48269,0.005703,172.31.46.0-255,66,193811,53,200424
48270,0.005706,172.31.46.0-255,66,193877,53,200424
48271,0.00571,172.31.46.0-255,66,193943,53,200424
48272,0.005713,172.31.46.0-255,66,194009,53,200424
48273,0.005716,172.31.46.0-255,66,194075,53,200424
48274,0.005719,172.31.46.0-255,66,194141,53,200424
48275,0.005723,172.31.46.0-255,66,194207,53,200424
48276,0.005726,172.31.46.0-255,66,194273,53,200424
48277,0.005729,172.31.46.0-255,66,194339,53,200424
48278,0.005732,172.31.46.0-255,66,194405,53,200424
48279,0.005736,172.31.46.0-255,66,194471,53,200424
48280,0.005739,172.31.46.0-255,66,194537,53,200424
48281,0.005741,172.31.46.0-255,66,194603,53,200424
48282,0.005745,172.31.46.0-255,66,194669,53,200424
48283,0.005747,172.31.46.0-255,66,194735,53,200424
48284,0.00575,172.31.46.0-255,66,194801,53,200424
48285,0.005753,172.31.46.0-255,66,194867,53,200424
48286,0.008119,172.31.46.0-255,66,194933,53,200424
48287,0.008162,172.31.46.0-255,105,195038,53,200424
48288,0.010688,172.217.194.0-255,66,195104,53,200424
48289,0.02999,172.31.46.0-255,214,195318,53,200424
48290,0.030019,172.31.46.0-255,1112,196430,53,200424
48291,0.03008,172.31.46.0-255,1514,197944,53,200424
48292,0.030081,172.31.46.0-255,1514,199458,53,200424
48293,0.030101,172.31.46.0-255,702,200160,53,200424
48294,0.031495,104.244.42.0-255,66,200226,53,200424
48295,0.031574,104.244.42.0-255,66,200292,53,200424
48296,0.031648,104.244.42.0-255,66,200358,53,200424
48297,0.031659,104.244.42.0-255,66,200424,53,200424
48298,0.0,74.125.130.0-255,153,153,53,342693
48299,2e-05,172.31.46.0-255,66,219,53,342693
48300,2.7e-05,74.125.130.0-255,1484,1703,53,342693
48301,3.1e-05,172.31.46.0-255,66,1769,53,342693
48302,3.6e-05,74.125.130.0-255,2902,4671,53,342693
48303,4.5e-05,172.31.46.0-255,66,4737,53,342693
48304,5e-05,74.125.130.0-255,4320,9057,53,342693
48305,5.2e-05,172.31.46.0-255,66,9123,53,342693
48306,0.0001,172.31.46.0-255,66,9189,53,342693
48307,0.000135,172.31.46.0-255,66,9255,53,342693
48308,0.000139,74.125.130.0-255,2543,11798,53,342693
48309,0.000141,172.31.46.0-255,66,11864,53,342693
48310,0.000258,74.125.130.0-255,1484,13348,53,342693
48311,0.000261,172.31.46.0-255,66,13414,53,342693
48312,0.000264,74.125.130.0-255,1484,14898,53,342693
48313,0.000266,172.31.46.0-255,66,14964,53,342693
48314,0.000301,74.125.130.0-255,1484,16448,53,342693
48315,0.000303,172.31.46.0-255,66,16514,53,342693
48316,0.000311,74.125.130.0-255,5738,22252,53,342693
48317,0.000313,172.31.46.0-255,66,22318,53,342693
48318,0.000325,74.125.130.0-255,6797,29115,53,342693
48319,0.000328,172.31.46.0-255,66,29181,53,342693
48320,0.000403,74.125.130.0-255,1484,30665,53,342693
48321,0.000407,172.31.46.0-255,66,30731,53,342693
48322,0.000412,74.125.130.0-255,2902,33633,53,342693
48323,0.000415,172.31.46.0-255,66,33699,53,342693
48324,0.000442,74.125.130.0-255,4320,38019,53,342693
48325,0.000444,172.31.46.0-255,66,38085,53,342693
48326,0.000469,74.125.130.0-255,1484,39569,53,342693
48327,0.000471,172.31.46.0-255,66,39635,53,342693
48328,0.000479,74.125.130.0-255,6797,46432,53,342693
48329,0.000487,74.125.130.0-255,362,46794,53,342693
48330,0.00058,172.31.46.0-255,66,46860,53,342693
48331,0.000893,74.125.130.0-255,381,47241,53,342693
48332,0.001129,172.31.46.0-255,66,47307,53,342693
48333,0.001328,74.125.130.0-255,1484,48791,53,342693
48334,0.001336,74.125.130.0-255,1484,50275,53,342693
48335,0.001339,172.31.46.0-255,66,50341,53,342693
48336,0.001344,74.125.130.0-255,1484,51825,53,342693
48337,0.001366,74.125.130.0-255,1484,53309,53,342693
48338,0.001369,172.31.46.0-255,66,53375,53,342693
48339,0.001376,74.125.130.0-255,5738,59113,53,342693
48340,0.001379,74.125.130.0-255,1484,60597,53,342693
48341,0.001403,74.125.130.0-255,3961,64558,53,342693
48342,0.001494,74.125.130.0-255,1484,66042,53,342693
48343,0.001498,74.125.130.0-255,1484,67526,53,342693
48344,0.001517,74.125.130.0-255,1484,69010,53,342693
48345,0.001539,74.125.130.0-255,5738,74748,53,342693
48346,0.001543,74.125.130.0-255,2902,77650,53,342693
48347,0.001548,74.125.130.0-255,3961,81611,53,342693
48348,0.001762,74.125.130.0-255,1484,83095,53,342693
48349,0.001767,74.125.130.0-255,1484,84579,53,342693
48350,0.001783,74.125.130.0-255,1484,86063,53,342693
48351,0.001788,74.125.130.0-255,2902,88965,53,342693
48352,0.001804,74.125.130.0-255,2902,91867,53,342693
48353,0.001809,74.125.130.0-255,2902,94769,53,342693
48354,0.001834,74.125.130.0-255,4320,99089,53,342693
48355,0.001849,74.125.130.0-255,5738,104827,53,342693
48356,0.001856,74.125.130.0-255,5738,110565,53,342693
48357,0.001867,74.125.130.0-255,2902,113467,53,342693
48358,0.001911,74.125.130.0-255,2184,115651,53,342693
48359,0.006807,172.31.46.0-255,66,115717,53,342693
48360,0.009155,74.125.130.0-255,5738,121455,53,342693
48361,0.009165,172.31.46.0-255,66,121521,53,342693
48362,0.011492,74.125.130.0-255,2902,124423,53,342693
48363,0.0115,172.31.46.0-255,66,124489,53,342693
48364,0.011526,74.125.130.0-255,2902,127391,53,342693
48365,0.011528,172.31.46.0-255,66,127457,53,342693
48366,0.013847,74.125.130.0-255,4320,131777,53,342693
48367,0.013859,172.31.46.0-255,66,131843,53,342693
48368,0.01389,74.125.130.0-255,1484,133327,53,342693
48369,0.016213,74.125.130.0-255,4320,137647,53,342693
48370,0.016229,172.31.46.0-255,66,137713,53,342693
48371,0.018577,74.125.130.0-255,5738,143451,53,342693
48372,0.018589,172.31.46.0-255,66,143517,53,342693
48373,0.020934,74.125.130.0-255,5738,149255,53,342693
48374,0.020941,172.31.46.0-255,66,149321,53,342693
48375,0.023277,74.125.130.0-255,5738,155059,53,342693
48376,0.023285,172.31.46.0-255,66,155125,53,342693
48377,0.025619,74.125.130.0-255,5738,160863,53,342693
48378,0.025627,172.31.46.0-255,66,160929,53,342693
48379,0.027963,74.125.130.0-255,5738,166667,53,342693
48380,0.027971,172.31.46.0-255,66,166733,53,342693
48381,0.030301,74.125.130.0-255,5738,172471,53,342693
48382,0.030309,172.31.46.0-255,66,172537,53,342693
48383,0.032636,74.125.130.0-255,5738,178275,53,342693
48384,0.032644,172.31.46.0-255,66,178341,53,342693
48385,0.034966,74.125.130.0-255,2902,181243,53,342693
48386,0.034975,172.31.46.0-255,66,181309,53,342693
48387,0.035009,74.125.130.0-255,2902,184211,53,342693
48388,0.035012,172.31.46.0-255,66,184277,53,342693
48389,0.036532,172.31.46.0-255,172,184449,53,342693
48390,0.036565,172.31.46.0-255,1074,185523,53,342693
48391,0.037324,74.125.130.0-255,5738,191261,53,342693
48392,0.037332,172.31.46.0-255,66,191327,53,342693
48393,0.038095,104.244.42.0-255,66,191393,53,342693
48394,0.038165,104.244.42.0-255,66,191459,53,342693
48395,0.039659,74.125.130.0-255,5738,197197,53,342693
48396,0.039666,172.31.46.0-255,66,197263,53,342693
48397,0.041992,74.125.130.0-255,5738,203001,53,342693
48398,0.042002,172.31.46.0-255,66,203067,53,342693
48399,0.04433,74.125.130.0-255,5738,208805,53,342693
48400,0.044338,172.31.46.0-255,66,208871,53,342693
48401,0.046678,74.125.130.0-255,5738,214609,53,342693
48402,0.046684,172.31.46.0-255,66,214675,53,342693
48403,0.049014,74.125.130.0-255,5738,220413,53,342693
48404,0.049027,172.31.46.0-255,66,220479,53,342693
48405,0.051375,74.125.130.0-255,5738,226217,53,342693
48406,0.051393,172.31.46.0-255,66,226283,53,342693
48407,0.053748,74.125.130.0-255,5738,232021,53,342693
48408,0.05376,172.31.46.0-255,66,232087,53,342693
48409,0.056115,74.125.130.0-255,5738,237825,53,342693
48410,0.056125,172.31.46.0-255,66,237891,53,342693
48411,0.058455,74.125.130.0-255,5738,243629,53,342693
48412,0.058467,172.31.46.0-255,66,243695,53,342693
48413,0.060806,74.125.130.0-255,5738,249433,53,342693
48414,0.060813,172.31.46.0-255,66,249499,53,342693
48415,0.06315,74.125.130.0-255,5738,255237,53,342693
48416,0.063164,172.31.46.0-255,66,255303,53,342693
48417,0.065501,74.125.130.0-255,5738,261041,53,342693
48418,0.065513,172.31.46.0-255,66,261107,53,342693
48419,0.067856,74.125.130.0-255,5738,266845,53,342693
48420,0.067872,172.31.46.0-255,66,266911,53,342693
48421,0.070198,74.125.130.0-255,5738,272649,53,342693
48422,0.070207,172.31.46.0-255,66,272715,53,342693
48423,0.072525,74.125.130.0-255,5738,278453,53,342693
48424,0.072534,172.31.46.0-255,66,278519,53,342693
48425,0.074874,74.125.130.0-255,5738,284257,53,342693
48426,0.074886,172.31.46.0-255,66,284323,53,342693
48427,0.077234,74.125.130.0-255,5738,290061,53,342693
48428,0.077245,172.31.46.0-255,66,290127,53,342693
48429,0.079571,74.125.130.0-255,5738,295865,53,342693
48430,0.079579,172.31.46.0-255,66,295931,53,342693
48431,0.081918,74.125.130.0-255,5738,301669,53,342693
48432,0.081926,172.31.46.0-255,66,301735,53,342693
48433,0.084254,74.125.130.0-255,5738,307473,53,342693
48434,0.084261,172.31.46.0-255,66,307539,53,342693
48435,0.086567,74.125.130.0-255,1484,309023,53,342693
48436,0.086589,74.125.130.0-255,4320,313343,53,342693
48437,0.086594,172.31.46.0-255,66,313409,53,342693
48438,0.088914,74.125.130.0-255,5738,319147,53,342693
48439,0.088921,172.31.46.0-255,66,319213,53,342693
48440,0.091248,74.125.130.0-255,2902,322115,53,342693
48441,0.091254,172.31.46.0-255,66,322181,53,342693
48442,0.091286,74.125.130.0-255,2902,325083,53,342693
48443,0.091289,172.31.46.0-255,66,325149,53,342693
48444,0.093581,74.125.130.0-255,2902,328051,53,342693
48445,0.093589,172.31.46.0-255,66,328117,53,342693
48446,0.093618,74.125.130.0-255,2902,331019,53,342693
48447,0.093621,172.31.46.0-255,66,331085,53,342693
48448,0.095929,74.125.130.0-255,5738,336823,53,342693
48449,0.095935,172.31.46.0-255,66,336889,53,342693
48450,0.098273,74.125.130.0-255,5738,342627,53,342693
48451,0.098279,172.31.46.0-255,66,342693,53,342693
48452,0.0,74.125.68.0-255,156,156,53,333994
48453,2.3e-05,172.31.46.0-255,66,222,53,333994
48454,2.9e-05,74.125.68.0-255,1484,1706,53,333994
48455,3.3e-05,172.31.46.0-255,66,1772,53,333994
48456,3.8e-05,74.125.68.0-255,2902,4674,53,333994
48457,4.1e-05,172.31.46.0-255,66,4740,53,333994
48458,4.5e-05,74.125.68.0-255,2902,7642,53,333994
48459,4.7e-05,172.31.46.0-255,66,7708,53,333994
48460,5.2e-05,74.125.68.0-255,4320,12028,53,333994
48461,5.4e-05,172.31.46.0-255,66,12094,53,333994
48462,8e-05,74.125.68.0-255,2102,14196,53,333994
48463,8.2e-05,172.31.46.0-255,66,14262,53,333994
48464,0.000207,74.125.68.0-255,1484,15746,53,333994
48465,0.000211,172.31.46.0-255,66,15812,53,333994
48466,0.000216,74.125.68.0-255,2902,18714,53,333994
48467,0.000219,172.31.46.0-255,66,18780,53,333994
48468,0.000221,74.125.68.0-255,1484,20264,53,333994
48469,0.000223,172.31.46.0-255,66,20330,53,333994
48470,0.000248,74.125.68.0-255,2902,23232,53,333994
48471,0.00025,172.31.46.0-255,66,23298,53,333994
48472,0.000269,74.125.68.0-255,5738,29036,53,333994
48473,0.000271,172.31.46.0-255,66,29102,53,333994
48474,0.000284,74.125.68.0-255,1484,30586,53,333994
48475,0.000286,172.31.46.0-255,66,30652,53,333994
48476,0.000318,74.125.68.0-255,1125,31777,53,333994
48477,0.000321,172.31.46.0-255,66,31843,53,333994
48478,0.000642,74.125.68.0-255,1484,33327,53,333994
48479,0.000646,172.31.46.0-255,66,33393,53,333994
48480,0.000653,74.125.68.0-255,2902,36295,53,333994
48481,0.000655,172.31.46.0-255,66,36361,53,333994
48482,0.000683,74.125.68.0-255,5738,42099,53,333994
48483,0.000685,172.31.46.0-255,66,42165,53,333994
48484,0.00069,74.125.68.0-255,4320,46485,53,333994
48485,0.000692,172.31.46.0-255,66,46551,53,333994
48486,0.000729,74.125.68.0-255,5379,51930,53,333994
48487,0.000731,172.31.46.0-255,66,51996,53,333994
48488,0.000734,74.125.68.0-255,2902,54898,53,333994
48489,0.000736,172.31.46.0-255,66,54964,53,333994
48490,0.00076,172.31.46.0-255,66,55030,53,333994
48491,0.000786,74.125.68.0-255,1484,56514,53,333994
48492,0.000799,74.125.68.0-255,1707,58221,53,333994
48493,0.000802,172.31.46.0-255,66,58287,53,333994
48494,0.001286,74.125.68.0-255,1484,59771,53,333994
48495,0.001291,74.125.68.0-255,1484,61255,53,333994
48496,0.001295,172.31.46.0-255,66,61321,53,333994
48497,0.001301,74.125.68.0-255,2902,64223,53,333994
48498,0.001303,172.31.46.0-255,66,64289,53,333994
48499,0.001317,74.125.68.0-255,5738,70027,53,333994
48500,0.001319,172.31.46.0-255,66,70093,53,333994
48501,0.001358,172.31.46.0-255,66,70159,53,333994
48502,0.001372,74.125.68.0-255,4320,74479,53,333994
48503,0.001374,172.31.46.0-255,66,74545,53,333994
48504,0.001395,74.125.68.0-255,7156,81701,53,333994
48505,0.001398,172.31.46.0-255,66,81767,53,333994
48506,0.001401,74.125.68.0-255,766,82533,53,333994
48507,0.00226,74.125.68.0-255,1484,84017,53,333994
48508,0.002262,172.31.46.0-255,66,84083,53,333994
48509,0.002267,74.125.68.0-255,1484,85567,53,333994
48510,0.002282,74.125.68.0-255,1484,87051,53,333994
48511,0.002285,172.31.46.0-255,66,87117,53,333994
48512,0.002292,74.125.68.0-255,5738,92855,53,333994
48513,0.002294,172.31.46.0-255,66,92921,53,333994
48514,0.002298,74.125.68.0-255,2902,95823,53,333994
48515,0.0023,172.31.46.0-255,66,95889,53,333994
48516,0.002324,74.125.68.0-255,1484,97373,53,333994
48517,0.002331,74.125.68.0-255,5738,103111,53,333994
48518,0.002334,172.31.46.0-255,66,103177,53,333994
48519,0.002356,74.125.68.0-255,7156,110333,53,333994
48520,0.002359,172.31.46.0-255,66,110399,53,333994
48521,0.002381,74.125.68.0-255,4320,114719,53,333994
48522,0.002383,172.31.46.0-255,66,114785,53,333994
48523,0.002388,74.125.68.0-255,2184,116969,53,333994
48524,0.00239,172.31.46.0-255,66,117035,53,333994
48525,0.004932,74.125.68.0-255,1484,118519,53,333994
48526,0.004956,74.125.68.0-255,4320,122839,53,333994
48527,0.00496,172.31.46.0-255,66,122905,53,333994
48528,0.007526,74.125.68.0-255,5738,128643,53,333994
48529,0.007532,172.31.46.0-255,66,128709,53,333994
48530,0.010099,74.125.68.0-255,5738,134447,53,333994
48531,0.010106,172.31.46.0-255,66,134513,53,333994
48532,0.012676,74.125.68.0-255,5738,140251,53,333994
48533,0.012686,172.31.46.0-255,66,140317,53,333994
48534,0.015254,74.125.68.0-255,5738,146055,53,333994
48535,0.015263,172.31.46.0-255,66,146121,53,333994
48536,0.017829,74.125.68.0-255,5738,151859,53,333994
48537,0.017837,172.31.46.0-255,66,151925,53,333994
48538,0.0204,74.125.68.0-255,5738,157663,53,333994
48539,0.020408,172.31.46.0-255,66,157729,53,333994
48540,0.022977,74.125.68.0-255,5738,163467,53,333994
48541,0.022985,172.31.46.0-255,66,163533,53,333994
48542,0.025554,74.125.68.0-255,5738,169271,53,333994
48543,0.025562,172.31.46.0-255,66,169337,53,333994
48544,0.028127,74.125.68.0-255,5738,175075,53,333994
48545,0.028133,172.31.46.0-255,66,175141,53,333994
48546,0.030699,74.125.68.0-255,5738,180879,53,333994
48547,0.030706,172.31.46.0-255,66,180945,53,333994
48548,0.033294,74.125.68.0-255,5738,186683,53,333994
48549,0.033309,172.31.46.0-255,66,186749,53,333994
48550,0.034877,172.31.46.0-255,200,186949,53,333994
48551,0.034908,172.31.46.0-255,1112,188061,53,333994
48552,0.034957,172.31.46.0-255,569,188630,53,333994
48553,0.035876,74.125.68.0-255,5738,194368,53,333994
48554,0.035882,172.31.46.0-255,66,194434,53,333994
48555,0.036341,104.244.42.0-255,66,194500,53,333994
48556,0.036372,104.244.42.0-255,66,194566,53,333994
48557,0.036407,104.244.42.0-255,66,194632,53,333994
48558,0.038466,74.125.68.0-255,5738,200370,53,333994
48559,0.038473,172.31.46.0-255,66,200436,53,333994
48560,0.041061,74.125.68.0-255,5738,206174,53,333994
48561,0.041067,172.31.46.0-255,66,206240,53,333994
48562,0.043671,74.125.68.0-255,5738,211978,53,333994
48563,0.043683,172.31.46.0-255,66,212044,53,333994
48564,0.046257,74.125.68.0-255,5738,217782,53,333994
48565,0.046263,172.31.46.0-255,66,217848,53,333994
48566,0.048839,74.125.68.0-255,5738,223586,53,333994
48567,0.048845,172.31.46.0-255,66,223652,53,333994
48568,0.051419,74.125.68.0-255,5738,229390,53,333994
48569,0.051425,172.31.46.0-255,66,229456,53,333994
48570,0.053985,74.125.68.0-255,1484,230940,53,333994
48571,0.054026,74.125.68.0-255,4320,235260,53,333994
48572,0.054031,172.31.46.0-255,66,235326,53,333994
48573,0.056612,74.125.68.0-255,5738,241064,53,333994
48574,0.056621,172.31.46.0-255,66,241130,53,333994
48575,0.059188,74.125.68.0-255,5738,246868,53,333994
48576,0.059196,172.31.46.0-255,66,246934,53,333994
48577,0.06177,74.125.68.0-255,5738,252672,53,333994
48578,0.061778,172.31.46.0-255,66,252738,53,333994
48579,0.064349,74.125.68.0-255,5738,258476,53,333994
48580,0.064355,172.31.46.0-255,66,258542,53,333994
48581,0.066922,74.125.68.0-255,5738,264280,53,333994
48582,0.066927,172.31.46.0-255,66,264346,53,333994
48583,0.06949,74.125.68.0-255,5738,270084,53,333994
48584,0.069495,172.31.46.0-255,66,270150,53,333994
48585,0.072067,74.125.68.0-255,5738,275888,53,333994
48586,0.072076,172.31.46.0-255,66,275954,53,333994
48587,0.074648,74.125.68.0-255,5738,281692,53,333994
48588,0.074655,172.31.46.0-255,66,281758,53,333994
48589,0.077234,74.125.68.0-255,5738,287496,53,333994
48590,0.077241,172.31.46.0-255,66,287562,53,333994
48591,0.079814,74.125.68.0-255,5738,293300,53,333994
48592,0.079819,172.31.46.0-255,66,293366,53,333994
48593,0.082385,74.125.68.0-255,5738,299104,53,333994
48594,0.082391,172.31.46.0-255,66,299170,53,333994
48595,0.084961,74.125.68.0-255,5738,304908,53,333994
48596,0.084967,172.31.46.0-255,66,304974,53,333994
48597,0.087526,74.125.68.0-255,5738,310712,53,333994
48598,0.087532,172.31.46.0-255,66,310778,53,333994
48599,0.090093,74.125.68.0-255,5738,316516,53,333994
48600,0.090099,172.31.46.0-255,66,316582,53,333994
48601,0.09271,74.125.68.0-255,5738,322320,53,333994
48602,0.092724,172.31.46.0-255,66,322386,53,333994
48603,0.095317,74.125.68.0-255,5738,328124,53,333994
48604,0.095322,172.31.46.0-255,66,328190,53,333994
48605,0.097883,74.125.68.0-255,5738,333928,53,333994
48606,0.097887,172.31.46.0-255,66,333994,53,333994
48607,0.0,172.217.160.0-255,153,153,53,323665
48608,1.5e-05,172.31.46.0-255,66,219,53,323665
48609,2.2e-05,172.217.160.0-255,1484,1703,53,323665
48610,2.6e-05,172.31.46.0-255,66,1769,53,323665
48611,3.9e-05,172.217.160.0-255,2902,4671,53,323665
48612,4.3e-05,172.31.46.0-255,66,4737,53,323665
48613,5e-05,172.217.160.0-255,4320,9057,53,323665
48614,5.3e-05,172.31.46.0-255,66,9123,53,323665
48615,6.5e-05,172.31.46.0-255,66,9189,53,323665
48616,6.8e-05,172.217.160.0-255,1484,10673,53,323665
48617,7.2e-05,172.31.46.0-255,66,10739,53,323665
48618,0.000118,172.31.46.0-255,66,10805,53,323665
48619,0.000122,172.217.160.0-255,1484,12289,53,323665
48620,0.000124,172.31.46.0-255,66,12355,53,323665
48621,0.000129,172.217.160.0-255,2902,15257,53,323665
48622,0.00013,172.31.46.0-255,66,15323,53,323665
48623,0.000161,172.217.160.0-255,5738,21061,53,323665
48624,0.000164,172.31.46.0-255,66,21127,53,323665
48625,0.000168,172.217.160.0-255,2902,24029,53,323665
48626,0.00017,172.31.46.0-255,66,24095,53,323665
48627,0.00019,172.217.160.0-255,3961,28056,53,323665
48628,0.000193,172.31.46.0-255,66,28122,53,323665
48629,0.00029,172.217.160.0-255,1484,29606,53,323665
48630,0.000293,172.31.46.0-255,66,29672,53,323665
48631,0.000299,172.217.160.0-255,2902,32574,53,323665
48632,0.000302,172.31.46.0-255,66,32640,53,323665
48633,0.000312,172.217.160.0-255,5738,38378,53,323665
48634,0.000315,172.31.46.0-255,66,38444,53,323665
48635,0.000322,172.217.160.0-255,5738,44182,53,323665
48636,0.000324,172.31.46.0-255,66,44248,53,323665
48637,0.000348,172.217.160.0-255,1125,45373,53,323665
48638,0.000351,172.217.160.0-255,373,45746,53,323665
48639,0.000724,172.217.160.0-255,1484,47230,53,323665
48640,0.00073,172.31.46.0-255,66,47296,53,323665
48641,0.000735,172.217.160.0-255,2902,50198,53,323665
48642,0.000737,172.31.46.0-255,66,50264,53,323665
48643,0.000742,172.217.160.0-255,4320,54584,53,323665
48644,0.000744,172.31.46.0-255,66,54650,53,323665
48645,0.000766,172.217.160.0-255,1484,56134,53,323665
48646,0.000771,172.217.160.0-255,4320,60454,53,323665
48647,0.000773,172.31.46.0-255,66,60520,53,323665
48648,0.000801,172.31.46.0-255,66,60586,53,323665
48649,0.000808,172.217.160.0-255,7156,67742,53,323665
48650,0.00081,172.31.46.0-255,66,67808,53,323665
48651,0.00083,172.217.160.0-255,2543,70351,53,323665
48652,0.000833,172.31.46.0-255,66,70417,53,323665
48653,0.000898,172.217.160.0-255,1484,71901,53,323665
48654,0.000903,172.217.160.0-255,2902,74803,53,323665
48655,0.000905,172.31.46.0-255,66,74869,53,323665
48656,0.000933,172.217.160.0-255,5738,80607,53,323665
48657,0.000936,172.31.46.0-255,66,80673,53,323665
48658,0.000943,172.217.160.0-255,6683,87356,53,323665
48659,0.000945,172.31.46.0-255,66,87422,53,323665
48660,0.000992,172.31.46.0-255,66,87488,53,323665
48661,0.000996,172.217.160.0-255,2666,90154,53,323665
48662,0.000997,172.31.46.0-255,66,90220,53,323665
48663,0.001121,172.217.160.0-255,1484,91704,53,323665
48664,0.001139,172.217.160.0-255,2902,94606,53,323665
48665,0.001142,172.31.46.0-255,66,94672,53,323665
48666,0.001169,172.217.160.0-255,5738,100410,53,323665
48667,0.001171,172.31.46.0-255,66,100476,53,323665
48668,0.001197,172.217.160.0-255,5738,106214,53,323665
48669,0.001199,172.31.46.0-255,66,106280,53,323665
48670,0.001206,172.217.160.0-255,7156,113436,53,323665
48671,0.001207,172.31.46.0-255,66,113502,53,323665
48672,0.00127,172.31.46.0-255,66,113568,53,323665
48673,0.001521,172.217.160.0-255,1484,115052,53,323665
48674,0.001529,172.217.160.0-255,2902,117954,53,323665
48675,0.001532,172.31.46.0-255,66,118020,53,323665
48676,0.001536,172.217.160.0-255,1484,119504,53,323665
48677,0.001569,172.217.160.0-255,4320,123824,53,323665
48678,0.001572,172.31.46.0-255,66,123890,53,323665
48679,0.001587,172.31.46.0-255,66,123956,53,323665
48680,0.001631,172.31.46.0-255,66,124022,53,323665
48681,0.001669,172.217.160.0-255,1484,125506,53,323665
48682,0.001673,172.217.160.0-255,2902,128408,53,323665
48683,0.001676,172.31.46.0-255,66,128474,53,323665
48684,0.001706,172.217.160.0-255,5738,134212,53,323665
48685,0.001709,172.31.46.0-255,66,134278,53,323665
48686,0.001715,172.217.160.0-255,4320,138598,53,323665
48687,0.001717,172.31.46.0-255,66,138664,53,323665
48688,0.001724,172.217.160.0-255,5738,144402,53,323665
48689,0.001726,172.31.46.0-255,66,144468,53,323665
48690,0.003396,172.217.160.0-255,5738,150206,53,323665
48691,0.003403,172.31.46.0-255,66,150272,53,323665
48692,0.005077,172.217.160.0-255,5738,156010,53,323665
48693,0.005081,172.31.46.0-255,66,156076,53,323665
48694,0.006774,172.217.160.0-255,5738,161814,53,323665
48695,0.00678,172.31.46.0-255,66,161880,53,323665
48696,0.008459,172.217.160.0-255,5738,167618,53,323665
48697,0.008465,172.31.46.0-255,66,167684,53,323665
48698,0.010139,172.217.160.0-255,5738,173422,53,323665
48699,0.010145,172.31.46.0-255,66,173488,53,323665
48700,0.011824,172.217.160.0-255,5738,179226,53,323665
48701,0.011832,172.31.46.0-255,66,179292,53,323665
48702,0.013515,172.217.160.0-255,5738,185030,53,323665
48703,0.013522,172.31.46.0-255,66,185096,53,323665
48704,0.015192,172.217.160.0-255,5738,190834,53,323665
48705,0.015199,172.31.46.0-255,66,190900,53,323665
48706,0.016881,172.217.160.0-255,5738,196638,53,323665
48707,0.016889,172.31.46.0-255,66,196704,53,323665
48708,0.018561,172.217.160.0-255,5738,202442,53,323665
48709,0.018568,172.31.46.0-255,66,202508,53,323665
48710,0.020239,172.217.160.0-255,5738,208246,53,323665
48711,0.020246,172.31.46.0-255,66,208312,53,323665
48712,0.021915,172.217.160.0-255,5738,214050,53,323665
48713,0.021921,172.31.46.0-255,66,214116,53,323665
48714,0.02359,172.217.160.0-255,4320,218436,53,323665
48715,0.023596,172.31.46.0-255,66,218502,53,323665
48716,0.023618,172.217.160.0-255,1484,219986,53,323665
48717,0.025276,172.217.160.0-255,4320,224306,53,323665
48718,0.025286,172.31.46.0-255,66,224372,53,323665
48719,0.02696,172.217.160.0-255,5738,230110,53,323665
48720,0.026966,172.31.46.0-255,66,230176,53,323665
48721,0.028645,172.217.160.0-255,5738,235914,53,323665
48722,0.028652,172.31.46.0-255,66,235980,53,323665
48723,0.030332,172.217.160.0-255,5738,241718,53,323665
48724,0.030337,172.31.46.0-255,66,241784,53,323665
48725,0.032011,172.217.160.0-255,5738,247522,53,323665
48726,0.032017,172.31.46.0-255,66,247588,53,323665
48727,0.033693,172.217.160.0-255,5738,253326,53,323665
48728,0.033699,172.31.46.0-255,66,253392,53,323665
48729,0.035374,172.217.160.0-255,5738,259130,53,323665
48730,0.03538,172.31.46.0-255,66,259196,53,323665
48731,0.037084,172.217.160.0-255,5738,264934,53,323665
48732,0.03709,172.31.46.0-255,66,265000,53,323665
48733,0.038763,172.217.160.0-255,5738,270738,53,323665
48734,0.038771,172.31.46.0-255,66,270804,53,323665
48735,0.040449,172.217.160.0-255,5738,276542,53,323665
48736,0.040455,172.31.46.0-255,66,276608,53,323665
48737,0.042129,172.217.160.0-255,5738,282346,53,323665
48738,0.042137,172.31.46.0-255,66,282412,53,323665
48739,0.043816,172.217.160.0-255,5738,288150,53,323665
48740,0.043823,172.31.46.0-255,66,288216,53,323665
48741,0.045495,172.217.160.0-255,5738,293954,53,323665
48742,0.045502,172.31.46.0-255,66,294020,53,323665
48743,0.047199,172.217.160.0-255,5738,299758,53,323665
48744,0.047206,172.31.46.0-255,66,299824,53,323665
48745,0.048887,172.217.160.0-255,5738,305562,53,323665
48746,0.048894,172.31.46.0-255,66,305628,53,323665
48747,0.049784,172.31.46.0-255,172,305800,53,323665
48748,0.04983,172.31.46.0-255,1112,306912,53,323665
48749,0.049904,172.31.46.0-255,1514,308426,53,323665
48750,0.049906,172.31.46.0-255,789,309215,53,323665
48751,0.050572,172.217.160.0-255,5738,314953,53,323665
48752,0.050579,172.31.46.0-255,66,315019,53,323665
48753,0.051368,104.244.42.0-255,66,315085,53,323665
48754,0.0514,104.244.42.0-255,66,315151,53,323665
48755,0.05151,104.244.42.0-255,66,315217,53,323665
48756,0.052279,172.217.160.0-255,5738,320955,53,323665
48757,0.052285,172.31.46.0-255,66,321021,53,323665
48758,0.05397,172.217.160.0-255,1882,322903,53,323665
48759,0.053977,172.31.46.0-255,66,322969,53,323665
48760,0.054141,172.31.46.0-255,105,323074,53,323665
48761,0.054175,172.31.46.0-255,105,323179,53,323665
48762,0.054396,172.31.46.0-255,90,323269,53,323665
48763,0.054404,172.31.46.0-255,66,323335,53,323665
48764,0.0558,172.217.160.0-255,66,323401,53,323665
48765,0.055835,172.217.160.0-255,66,323467,53,323665
48766,0.056032,172.217.160.0-255,66,323533,53,323665
48767,0.056069,172.217.160.0-255,66,323599,53,323665
48768,0.056092,172.31.46.0-255,66,323665,53,323665
48769,0.0,172.253.118.0-255,298,298,53,285223
48770,2.8e-05,172.31.46.0-255,66,364,53,285223
48771,3.5e-05,172.253.118.0-255,1484,1848,53,285223
48772,3.9e-05,172.31.46.0-255,66,1914,53,285223
48773,4.6e-05,172.253.118.0-255,4320,6234,53,285223
48774,4.9e-05,172.31.46.0-255,66,6300,53,285223
48775,5.4e-05,172.253.118.0-255,2902,9202,53,285223
48776,5.7e-05,172.31.46.0-255,66,9268,53,285223
48777,8.8e-05,172.253.118.0-255,4778,14046,53,285223
48778,9.2e-05,172.31.46.0-255,66,14112,53,285223
48779,0.000145,172.253.118.0-255,1484,15596,53,285223
48780,0.000148,172.31.46.0-255,66,15662,53,285223
48781,0.000151,172.253.118.0-255,1484,17146,53,285223
48782,0.000154,172.31.46.0-255,66,17212,53,285223
48783,0.00017,172.253.118.0-255,1484,18696,53,285223
48784,0.000172,172.31.46.0-255,66,18762,53,285223
48785,0.000179,172.253.118.0-255,5738,24500,53,285223
48786,0.000182,172.31.46.0-255,66,24566,53,285223
48787,0.000217,172.253.118.0-255,4320,28886,53,285223
48788,0.00022,172.31.46.0-255,66,28952,53,285223
48789,0.00025,172.31.46.0-255,66,29018,53,285223
48790,0.000254,172.253.118.0-255,1484,30502,53,285223
48791,0.000256,172.31.46.0-255,66,30568,53,285223
48792,0.000296,172.31.46.0-255,66,30634,53,285223
48793,0.000734,172.253.118.0-255,1484,32118,53,285223
48794,0.000739,172.31.46.0-255,66,32184,53,285223
48795,0.000746,172.253.118.0-255,2902,35086,53,285223
48796,0.000748,172.31.46.0-255,66,35152,53,285223
48797,0.000766,172.253.118.0-255,5738,40890,53,285223
48798,0.000768,172.31.46.0-255,66,40956,53,285223
48799,0.000789,172.253.118.0-255,1484,42440,53,285223
48800,0.000807,172.253.118.0-255,5379,47819,53,285223
48801,0.00081,172.31.46.0-255,66,47885,53,285223
48802,0.000878,172.253.118.0-255,1484,49369,53,285223
48803,0.000883,172.253.118.0-255,1484,50853,53,285223
48804,0.000886,172.31.46.0-255,66,50919,53,285223
48805,0.000906,172.253.118.0-255,1484,52403,53,285223
48806,0.000912,172.253.118.0-255,5738,58141,53,285223
48807,0.000915,172.31.46.0-255,66,58207,53,285223
48808,0.000953,172.31.46.0-255,66,58273,53,285223
48809,0.000999,172.31.46.0-255,66,58339,53,285223
48810,0.001018,172.253.118.0-255,1706,60045,53,285223
48811,0.001021,172.31.46.0-255,66,60111,53,285223
48812,0.001183,172.253.118.0-255,1484,61595,53,285223
48813,0.001189,172.253.118.0-255,2902,64497,53,285223
48814,0.001192,172.31.46.0-255,66,64563,53,285223
48815,0.001199,172.253.118.0-255,5738,70301,53,285223
48816,0.001202,172.31.46.0-255,66,70367,53,285223
48817,0.001207,172.253.118.0-255,4320,74687,53,285223
48818,0.001209,172.31.46.0-255,66,74753,53,285223
48819,0.001222,172.31.46.0-255,66,74819,53,285223
48820,0.001255,172.31.46.0-255,66,74885,53,285223
48821,0.00132,172.253.118.0-255,1484,76369,53,285223
48822,0.001341,172.253.118.0-255,2902,79271,53,285223
48823,0.001344,172.31.46.0-255,66,79337,53,285223
48824,0.001348,172.253.118.0-255,1484,80821,53,285223
48825,0.001368,172.253.118.0-255,4320,85141,53,285223
48826,0.001371,172.31.46.0-255,66,85207,53,285223
48827,0.0014,172.31.46.0-255,66,85273,53,285223
48828,0.001406,172.253.118.0-255,5738,91011,53,285223
48829,0.001408,172.31.46.0-255,66,91077,53,285223
48830,0.001451,172.253.118.0-255,5020,96097,53,285223
48831,0.001454,172.31.46.0-255,66,96163,53,285223
48832,0.001616,172.253.118.0-255,1484,97647,53,285223
48833,0.001622,172.253.118.0-255,2902,100549,53,285223
48834,0.001625,172.31.46.0-255,66,100615,53,285223
48835,0.001642,172.253.118.0-255,1484,102099,53,285223
48836,0.001658,172.253.118.0-255,2902,105001,53,285223
48837,0.00166,172.31.46.0-255,66,105067,53,285223
48838,0.001667,172.253.118.0-255,5738,110805,53,285223
48839,0.001669,172.31.46.0-255,66,110871,53,285223
48840,0.001693,172.253.118.0-255,1484,112355,53,285223
48841,0.001719,172.31.46.0-255,66,112421,53,285223
48842,0.001762,172.31.46.0-255,66,112487,53,285223
48843,0.001879,172.253.118.0-255,1484,113971,53,285223
48844,0.0019,172.253.118.0-255,2902,116873,53,285223
48845,0.001904,172.31.46.0-255,66,116939,53,285223
48846,0.00191,172.253.118.0-255,4320,121259,53,285223
48847,0.001912,172.31.46.0-255,66,121325,53,285223
48848,0.00193,172.253.118.0-255,1484,122809,53,285223
48849,0.00197,172.31.46.0-255,66,122875,53,285223
48850,0.002018,172.253.118.0-255,2902,125777,53,285223
48851,0.002022,172.31.46.0-255,66,125843,53,285223
48852,0.002051,172.31.46.0-255,66,125909,53,285223
48853,0.004584,172.253.118.0-255,5738,131647,53,285223
48854,0.004594,172.31.46.0-255,66,131713,53,285223
48855,0.007131,172.253.118.0-255,5738,137451,53,285223
48856,0.007138,172.31.46.0-255,66,137517,53,285223
48857,0.009674,172.253.118.0-255,5738,143255,53,285223
48858,0.00968,172.31.46.0-255,66,143321,53,285223
48859,0.012264,172.253.118.0-255,5738,149059,53,285223
48860,0.012282,172.31.46.0-255,66,149125,53,285223
48861,0.01486,172.253.118.0-255,5738,154863,53,285223
48862,0.014876,172.31.46.0-255,66,154929,53,285223
48863,0.017422,172.253.118.0-255,5738,160667,53,285223
48864,0.017461,172.31.46.0-255,66,160733,53,285223
48865,0.020013,172.253.118.0-255,5738,166471,53,285223
48866,0.02003,172.31.46.0-255,66,166537,53,285223
48867,0.022568,172.253.118.0-255,5738,172275,53,285223
48868,0.02258,172.31.46.0-255,66,172341,53,285223
48869,0.025136,172.253.118.0-255,5738,178079,53,285223
48870,0.025154,172.31.46.0-255,66,178145,53,285223
48871,0.027704,172.253.118.0-255,5738,183883,53,285223
48872,0.027721,172.31.46.0-255,66,183949,53,285223
48873,0.030268,172.253.118.0-255,5738,189687,53,285223
48874,0.030278,172.31.46.0-255,66,189753,53,285223
48875,0.032812,172.253.118.0-255,5738,195491,53,285223
48876,0.03282,172.31.46.0-255,66,195557,53,285223
48877,0.035374,172.253.118.0-255,5738,201295,53,285223
48878,0.035381,172.31.46.0-255,66,201361,53,285223
48879,0.035988,172.31.46.0-255,172,201533,53,285223
48880,0.03602,172.31.46.0-255,1112,202645,53,285223
48881,0.03608,172.31.46.0-255,1514,204159,53,285223
48882,0.036082,172.31.46.0-255,1514,205673,53,285223
48883,0.036083,172.31.46.0-255,702,206375,53,285223
48884,0.037513,104.244.42.0-255,66,206441,53,285223
48885,0.037568,104.244.42.0-255,66,206507,53,285223
48886,0.037655,104.244.42.0-255,66,206573,53,285223
48887,0.037661,104.244.42.0-255,66,206639,53,285223
48888,0.037912,172.253.118.0-255,5738,212377,53,285223
48889,0.037919,172.31.46.0-255,66,212443,53,285223
48890,0.04048,172.253.118.0-255,5738,218181,53,285223
48891,0.040486,172.31.46.0-255,66,218247,53,285223
48892,0.043029,172.253.118.0-255,5738,223985,53,285223
48893,0.043038,172.31.46.0-255,66,224051,53,285223
48894,0.045584,172.253.118.0-255,5738,229789,53,285223
48895,0.045591,172.31.46.0-255,66,229855,53,285223
48896,0.048117,172.253.118.0-255,5738,235593,53,285223
48897,0.048123,172.31.46.0-255,66,235659,53,285223
48898,0.050663,172.253.118.0-255,5738,241397,53,285223
48899,0.050669,172.31.46.0-255,66,241463,53,285223
48900,0.053205,172.253.118.0-255,5738,247201,53,285223
48901,0.053211,172.31.46.0-255,66,247267,53,285223
48902,0.055735,172.253.118.0-255,5738,253005,53,285223
48903,0.055742,172.31.46.0-255,66,253071,53,285223
48904,0.058278,172.253.118.0-255,5738,258809,53,285223
48905,0.058286,172.31.46.0-255,66,258875,53,285223
48906,0.060826,172.253.118.0-255,5738,264613,53,285223
48907,0.060833,172.31.46.0-255,66,264679,53,285223
48908,0.063378,172.253.118.0-255,5738,270417,53,285223
48909,0.063384,172.31.46.0-255,66,270483,53,285223
48910,0.065938,172.253.118.0-255,5738,276221,53,285223
48911,0.065944,172.31.46.0-255,66,276287,53,285223
48912,0.06849,172.253.118.0-255,5738,282025,53,285223
48913,0.068495,172.31.46.0-255,66,282091,53,285223
48914,0.071033,172.253.118.0-255,2895,284986,53,285223
48915,0.071039,172.31.46.0-255,66,285052,53,285223
48916,0.071204,172.31.46.0-255,105,285157,53,285223
48917,0.07371,172.253.118.0-255,66,285223,53,285223
48918,0.0,74.125.68.0-255,150,150,53,272048
48919,1.5e-05,172.31.46.0-255,66,216,53,272048
48920,4.3e-05,74.125.68.0-255,1484,1700,53,272048
48921,4.8e-05,172.31.46.0-255,66,1766,53,272048
48922,5.4e-05,74.125.68.0-255,2902,4668,53,272048
48923,5.8e-05,172.31.46.0-255,66,4734,53,272048
48924,7.5e-05,74.125.68.0-255,7156,11890,53,272048
48925,7.9e-05,172.31.46.0-255,66,11956,53,272048
48926,8.3e-05,74.125.68.0-255,2118,14074,53,272048
48927,8.6e-05,172.31.46.0-255,66,14140,53,272048
48928,9.1e-05,74.125.68.0-255,2902,17042,53,272048
48929,9.4e-05,172.31.46.0-255,66,17108,53,272048
48930,0.000132,74.125.68.0-255,7156,24264,53,272048
48931,0.000135,172.31.46.0-255,66,24330,53,272048
48932,0.000142,74.125.68.0-255,6797,31127,53,272048
48933,0.000145,172.31.46.0-255,66,31193,53,272048
48934,0.000204,74.125.68.0-255,1484,32677,53,272048
48935,0.000206,172.31.46.0-255,66,32743,53,272048
48936,0.000236,74.125.68.0-255,2902,35645,53,272048
48937,0.000238,172.31.46.0-255,66,35711,53,272048
48938,0.000241,74.125.68.0-255,1484,37195,53,272048
48939,0.000243,172.31.46.0-255,66,37261,53,272048
48940,0.000248,74.125.68.0-255,2902,40163,53,272048
48941,0.00025,172.31.46.0-255,66,40229,53,272048
48942,0.000261,74.125.68.0-255,5738,45967,53,272048
48943,0.000264,172.31.46.0-255,66,46033,53,272048
48944,0.000317,172.31.46.0-255,66,46099,53,272048
48945,0.000363,172.31.46.0-255,66,46165,53,272048
48946,0.000366,74.125.68.0-255,427,46592,53,272048
48947,0.000368,172.31.46.0-255,66,46658,53,272048
48948,0.000481,74.125.68.0-255,1484,48142,53,272048
48949,0.000486,74.125.68.0-255,1484,49626,53,272048
48950,0.000489,172.31.46.0-255,66,49692,53,272048
48951,0.000516,74.125.68.0-255,1484,51176,53,272048
48952,0.000523,74.125.68.0-255,5738,56914,53,272048
48953,0.000527,172.31.46.0-255,66,56980,53,272048
48954,0.00057,172.31.46.0-255,66,57046,53,272048
48955,0.000603,74.125.68.0-255,2902,59948,53,272048
48956,0.000606,172.31.46.0-255,66,60014,53,272048
48957,0.000669,74.125.68.0-255,1484,61498,53,272048
48958,0.000685,172.31.46.0-255,66,61564,53,272048
48959,0.000693,74.125.68.0-255,1484,63048,53,272048
48960,0.000726,74.125.68.0-255,2902,65950,53,272048
48961,0.000743,74.125.68.0-255,2902,68852,53,272048
48962,0.000747,74.125.68.0-255,2902,71754,53,272048
48963,0.00075,172.31.46.0-255,66,71820,53,272048
48964,0.000755,172.31.46.0-255,66,71886,53,272048
48965,0.000763,74.125.68.0-255,1484,73370,53,272048
48966,0.000774,74.125.68.0-255,4320,77690,53,272048
48967,0.0008,74.125.68.0-255,4320,82010,53,272048
48968,0.000806,74.125.68.0-255,4320,86330,53,272048
48969,0.000821,74.125.68.0-255,2902,89232,53,272048
48970,0.000827,172.31.46.0-255,66,89298,53,272048
48971,0.000856,74.125.68.0-255,5020,94318,53,272048
48972,0.000875,172.31.46.0-255,66,94384,53,272048
48973,0.001181,74.125.68.0-255,1484,95868,53,272048
48974,0.001188,74.125.68.0-255,2902,98770,53,272048
48975,0.001191,172.31.46.0-255,66,98836,53,272048
48976,0.001214,74.125.68.0-255,4320,103156,53,272048
48977,0.001227,172.31.46.0-255,66,103222,53,272048
48978,0.001246,172.31.46.0-255,66,103288,53,272048
48979,0.001257,74.125.68.0-255,7156,110444,53,272048
48980,0.001293,74.125.68.0-255,5738,116182,53,272048
48981,0.001307,74.125.68.0-255,2902,119084,53,272048
48982,0.001317,172.31.46.0-255,66,119150,53,272048
48983,0.00132,74.125.68.0-255,766,119916,53,272048
48984,0.001388,74.125.68.0-255,1484,121400,53,272048
48985,0.001391,172.31.46.0-255,66,121466,53,272048
48986,0.001395,74.125.68.0-255,1484,122950,53,272048
48987,0.001421,74.125.68.0-255,2902,125852,53,272048
48988,0.001427,74.125.68.0-255,4320,130172,53,272048
48989,0.001437,172.31.46.0-255,66,130238,53,272048
48990,0.00144,74.125.68.0-255,1484,131722,53,272048
48991,0.001442,74.125.68.0-255,1484,133206,53,272048
48992,0.001447,172.31.46.0-255,66,133272,53,272048
48993,0.001482,74.125.68.0-255,5738,139010,53,272048
48994,0.001512,74.125.68.0-255,1484,140494,53,272048
48995,0.001516,172.31.46.0-255,66,140560,53,272048
48996,0.001543,74.125.68.0-255,5020,145580,53,272048
48997,0.00159,172.31.46.0-255,66,145646,53,272048
48998,0.00161,74.125.68.0-255,1484,147130,53,272048
48999,0.001614,74.125.68.0-255,2902,150032,53,272048
49000,0.00162,74.125.68.0-255,5738,155770,53,272048
49001,0.001624,74.125.68.0-255,2902,158672,53,272048
49002,0.001629,74.125.68.0-255,4320,162992,53,272048
49003,0.001655,172.31.46.0-255,66,163058,53,272048
49004,0.001665,172.31.46.0-255,66,163124,53,272048
49005,0.001681,74.125.68.0-255,1484,164608,53,272048
49006,0.0017,74.125.68.0-255,4320,168928,53,272048
49007,0.001704,172.31.46.0-255,66,168994,53,272048
49008,0.001716,74.125.68.0-255,4320,173314,53,272048
49009,0.00173,74.125.68.0-255,2184,175498,53,272048
49010,0.001733,74.125.68.0-255,1484,176982,53,272048
49011,0.00174,172.31.46.0-255,66,177048,53,272048
49012,0.001756,74.125.68.0-255,4320,181368,53,272048
49013,0.001774,74.125.68.0-255,5738,187106,53,272048
49014,0.001781,172.31.46.0-255,66,187172,53,272048
49015,0.001821,172.31.46.0-255,66,187238,53,272048
49016,0.001842,74.125.68.0-255,1484,188722,53,272048
49017,0.001858,74.125.68.0-255,2902,191624,53,272048
49018,0.001862,74.125.68.0-255,2902,194526,53,272048
49019,0.001872,172.31.46.0-255,66,194592,53,272048
49020,0.001903,172.31.46.0-255,66,194658,53,272048
49021,0.001942,172.31.46.0-255,66,194724,53,272048
49022,0.001967,74.125.68.0-255,7156,201880,53,272048
49023,0.001974,172.31.46.0-255,66,201946,53,272048
49024,0.002018,74.125.68.0-255,4320,206266,53,272048
49025,0.002035,74.125.68.0-255,3602,209868,53,272048
49026,0.002041,172.31.46.0-255,66,209934,53,272048
49027,0.002066,74.125.68.0-255,2902,212836,53,272048
49028,0.002076,172.31.46.0-255,66,212902,53,272048
49029,0.00208,74.125.68.0-255,2902,215804,53,272048
49030,0.002084,172.31.46.0-255,66,215870,53,272048
49031,0.002098,74.125.68.0-255,5738,221608,53,272048
49032,0.002121,74.125.68.0-255,2902,224510,53,272048
49033,0.002125,172.31.46.0-255,66,224576,53,272048
49034,0.002142,74.125.68.0-255,5738,230314,53,272048
49035,0.002153,172.31.46.0-255,66,230380,53,272048
49036,0.002161,74.125.68.0-255,1484,231864,53,272048
49037,0.002163,74.125.68.0-255,1484,233348,53,272048
49038,0.002183,74.125.68.0-255,7156,240504,53,272048
49039,0.002191,172.31.46.0-255,66,240570,53,272048
49040,0.002198,74.125.68.0-255,1484,242054,53,272048
49041,0.002218,74.125.68.0-255,2184,244238,53,272048
49042,0.002233,74.125.68.0-255,5738,249976,53,272048
49043,0.002243,172.31.46.0-255,66,250042,53,272048
49044,0.002259,172.31.46.0-255,66,250108,53,272048
49045,0.002294,74.125.68.0-255,1484,251592,53,272048
49046,0.002322,74.125.68.0-255,5738,257330,53,272048
49047,0.002329,172.31.46.0-255,66,257396,53,272048
49048,0.002377,172.31.46.0-255,66,257462,53,272048
49049,0.002405,74.125.68.0-255,1484,258946,53,272048
49050,0.002464,74.125.68.0-255,2902,261848,53,272048
49051,0.002469,172.31.46.0-255,66,261914,53,272048
49052,0.002493,74.125.68.0-255,1484,263398,53,272048
49053,0.002496,74.125.68.0-255,1484,264882,53,272048
49054,0.002499,74.125.68.0-255,2368,267250,53,272048
49055,0.002502,74.125.68.0-255,105,267355,53,272048
49056,0.002506,172.31.46.0-255,66,267421,53,272048
49057,0.002684,172.31.46.0-255,101,267522,53,272048
49058,0.00459,74.125.68.0-255,66,267588,53,272048
49059,0.008955,172.31.46.0-255,105,267693,53,272048
49060,0.010873,74.125.68.0-255,66,267759,53,272048
49061,0.030957,172.31.46.0-255,172,267931,53,272048
49062,0.030994,172.31.46.0-255,1112,269043,53,272048
49063,0.031053,172.31.46.0-255,1514,270557,53,272048
49064,0.031055,172.31.46.0-255,1293,271850,53,272048
49065,0.032439,104.244.42.0-255,66,271916,53,272048
49066,0.032478,104.244.42.0-255,66,271982,53,272048
49067,0.032557,104.244.42.0-255,66,272048,53,272048
49068,0.0,172.217.194.0-255,151,151,53,342303
49069,1.7e-05,172.31.46.0-255,66,217,53,342303
49070,2.4e-05,172.217.194.0-255,1484,1701,53,342303
49071,2.8e-05,172.31.46.0-255,66,1767,53,342303
49072,3.3e-05,172.217.194.0-255,2902,4669,53,342303
49073,4.3e-05,172.31.46.0-255,66,4735,53,342303
49074,5.1e-05,172.217.194.0-255,7156,11891,53,342303
49075,5.4e-05,172.31.46.0-255,66,11957,53,342303
49076,6.7e-05,172.31.46.0-255,66,12023,53,342303
49077,0.000109,172.217.194.0-255,4814,16837,53,342303
49078,0.000112,172.31.46.0-255,66,16903,53,342303
49079,0.000117,172.217.194.0-255,2543,19446,53,342303
49080,0.000119,172.31.46.0-255,66,19512,53,342303
49081,0.000132,172.31.46.0-255,66,19578,53,342303
49082,0.000172,172.217.194.0-255,5379,24957,53,342303
49083,0.000175,172.31.46.0-255,66,25023,53,342303
49084,0.001211,172.217.194.0-255,1484,26507,53,342303
49085,0.001218,172.31.46.0-255,66,26573,53,342303
49086,0.001227,172.217.194.0-255,2902,29475,53,342303
49087,0.001235,172.31.46.0-255,66,29541,53,342303
49088,0.001242,172.217.194.0-255,5738,35279,53,342303
49089,0.001244,172.31.46.0-255,66,35345,53,342303
49090,0.001257,172.217.194.0-255,2902,38247,53,342303
49091,0.00126,172.31.46.0-255,66,38313,53,342303
49092,0.001298,172.31.46.0-255,66,38379,53,342303
49093,0.001308,172.31.46.0-255,66,38445,53,342303
49094,0.001336,172.217.194.0-255,1705,40150,53,342303
49095,0.001339,172.31.46.0-255,66,40216,53,342303
49096,0.001343,172.217.194.0-255,2902,43118,53,342303
49097,0.001349,172.217.194.0-255,4320,47438,53,342303
49098,0.001371,172.217.194.0-255,2902,50340,53,342303
49099,0.001379,172.217.194.0-255,6797,57137,53,342303
49100,0.001401,172.217.194.0-255,7156,64293,53,342303
49101,0.00143,172.217.194.0-255,4320,68613,53,342303
49102,0.001441,172.217.194.0-255,1484,70097,53,342303
49103,0.001457,172.217.194.0-255,3297,73394,53,342303
49104,0.00146,172.217.194.0-255,198,73592,53,342303
49105,0.001603,172.217.194.0-255,1484,75076,53,342303
49106,0.00161,172.217.194.0-255,2902,77978,53,342303
49107,0.001631,172.217.194.0-255,4320,82298,53,342303
49108,0.001647,172.217.194.0-255,4320,86618,53,342303
49109,0.001663,172.217.194.0-255,4320,90938,53,342303
49110,0.001683,172.217.194.0-255,4320,95258,53,342303
49111,0.001701,172.217.194.0-255,4320,99578,53,342303
49112,0.001728,172.217.194.0-255,4320,103898,53,342303
49113,0.001745,172.217.194.0-255,3602,107500,53,342303
49114,0.002193,172.217.194.0-255,1484,108984,53,342303
49115,0.002201,172.217.194.0-255,2902,111886,53,342303
49116,0.002204,172.217.194.0-255,1484,113370,53,342303
49117,0.002219,172.217.194.0-255,4320,117690,53,342303
49118,0.002242,172.217.194.0-255,4320,122010,53,342303
49119,0.002302,172.217.194.0-255,5738,127748,53,342303
49120,0.002318,172.217.194.0-255,5020,132768,53,342303
49121,0.005743,172.31.46.0-255,66,132834,53,342303
49122,0.008127,172.217.194.0-255,5738,138572,53,342303
49123,0.008134,172.31.46.0-255,66,138638,53,342303
49124,0.010518,172.217.194.0-255,5738,144376,53,342303
49125,0.010527,172.31.46.0-255,66,144442,53,342303
49126,0.01291,172.217.194.0-255,5738,150180,53,342303
49127,0.012918,172.31.46.0-255,66,150246,53,342303
49128,0.015294,172.217.194.0-255,5738,155984,53,342303
49129,0.015303,172.31.46.0-255,66,156050,53,342303
49130,0.01766,172.217.194.0-255,5738,161788,53,342303
49131,0.017667,172.31.46.0-255,66,161854,53,342303
49132,0.020053,172.217.194.0-255,5738,167592,53,342303
49133,0.020066,172.31.46.0-255,66,167658,53,342303
49134,0.022456,172.217.194.0-255,5738,173396,53,342303
49135,0.022466,172.31.46.0-255,66,173462,53,342303
49136,0.024915,172.217.194.0-255,5738,179200,53,342303
49137,0.024923,172.31.46.0-255,66,179266,53,342303
49138,0.027285,172.217.194.0-255,5738,185004,53,342303
49139,0.027294,172.31.46.0-255,66,185070,53,342303
49140,0.029664,172.217.194.0-255,5738,190808,53,342303
49141,0.029671,172.31.46.0-255,66,190874,53,342303
49142,0.03211,172.217.194.0-255,5738,196612,53,342303
49143,0.032119,172.31.46.0-255,66,196678,53,342303
49144,0.034483,172.217.194.0-255,5738,202416,53,342303
49145,0.03449,172.31.46.0-255,66,202482,53,342303
49146,0.034714,172.31.46.0-255,172,202654,53,342303
49147,0.034749,172.31.46.0-255,1107,203761,53,342303
49148,0.034882,172.31.46.0-255,573,204334,53,342303
49149,0.036249,104.244.42.0-255,66,204400,53,342303
49150,0.036319,104.244.42.0-255,66,204466,53,342303
49151,0.036392,104.244.42.0-255,66,204532,53,342303
49152,0.036877,172.217.194.0-255,5738,210270,53,342303
49153,0.036885,172.31.46.0-255,66,210336,53,342303
49154,0.039266,172.217.194.0-255,5738,216074,53,342303
49155,0.039276,172.31.46.0-255,66,216140,53,342303
49156,0.041635,172.217.194.0-255,5738,221878,53,342303
49157,0.041642,172.31.46.0-255,66,221944,53,342303
49158,0.044036,172.217.194.0-255,5738,227682,53,342303
49159,0.044043,172.31.46.0-255,66,227748,53,342303
49160,0.046427,172.217.194.0-255,5738,233486,53,342303
49161,0.046435,172.31.46.0-255,66,233552,53,342303
49162,0.048845,172.217.194.0-255,5738,239290,53,342303
49163,0.048852,172.31.46.0-255,66,239356,53,342303
49164,0.05122,172.217.194.0-255,5738,245094,53,342303
49165,0.051227,172.31.46.0-255,66,245160,53,342303
49166,0.053593,172.217.194.0-255,5738,250898,53,342303
49167,0.053599,172.31.46.0-255,66,250964,53,342303
49168,0.056008,172.217.194.0-255,5738,256702,53,342303
49169,0.056016,172.31.46.0-255,66,256768,53,342303
49170,0.058395,172.217.194.0-255,5738,262506,53,342303
49171,0.058401,172.31.46.0-255,66,262572,53,342303
49172,0.060761,172.217.194.0-255,5738,268310,53,342303
49173,0.060768,172.31.46.0-255,66,268376,53,342303
49174,0.06313,172.217.194.0-255,5738,274114,53,342303
49175,0.063137,172.31.46.0-255,66,274180,53,342303
49176,0.065517,172.217.194.0-255,5738,279918,53,342303
49177,0.065524,172.31.46.0-255,66,279984,53,342303
49178,0.067922,172.217.194.0-255,5738,285722,53,342303
49179,0.067929,172.31.46.0-255,66,285788,53,342303
49180,0.070304,172.217.194.0-255,5738,291526,53,342303
49181,0.070311,172.31.46.0-255,66,291592,53,342303
49182,0.072718,172.217.194.0-255,5738,297330,53,342303
49183,0.072725,172.31.46.0-255,66,297396,53,342303
49184,0.075138,172.217.194.0-255,5738,303134,53,342303
49185,0.075145,172.31.46.0-255,66,303200,53,342303
49186,0.077518,172.217.194.0-255,5738,308938,53,342303
49187,0.077524,172.31.46.0-255,66,309004,53,342303
49188,0.079921,172.217.194.0-255,5738,314742,53,342303
49189,0.079928,172.31.46.0-255,66,314808,53,342303
49190,0.082299,172.217.194.0-255,5738,320546,53,342303
49191,0.082306,172.31.46.0-255,66,320612,53,342303
49192,0.084672,172.217.194.0-255,5738,326350,53,342303
49193,0.084679,172.31.46.0-255,66,326416,53,342303
49194,0.087095,172.217.194.0-255,5738,332154,53,342303
49195,0.087102,172.31.46.0-255,66,332220,53,342303
49196,0.089483,172.217.194.0-255,5738,337958,53,342303
49197,0.08949,172.31.46.0-255,66,338024,53,342303
49198,0.091864,172.217.194.0-255,4042,342066,53,342303
49199,0.091871,172.31.46.0-255,66,342132,53,342303
49200,0.092064,172.31.46.0-255,105,342237,53,342303
49201,0.094455,172.217.194.0-255,66,342303,53,342303
49202,0.0,74.125.130.0-255,148,148,53,353499
49203,1.7e-05,172.31.46.0-255,66,214,53,353499
49204,2.3e-05,74.125.130.0-255,1484,1698,53,353499
49205,2.8e-05,172.31.46.0-255,66,1764,53,353499
49206,3.4e-05,74.125.130.0-255,2902,4666,53,353499
49207,4.5e-05,172.31.46.0-255,66,4732,53,353499
49208,4.9e-05,74.125.130.0-255,1484,6216,53,353499
49209,5.1e-05,172.31.46.0-255,66,6282,53,353499
49210,8.7e-05,74.125.130.0-255,5738,12020,53,353499
49211,9.1e-05,172.31.46.0-255,66,12086,53,353499
49212,0.000109,74.125.130.0-255,1937,14023,53,353499
49213,0.000112,172.31.46.0-255,66,14089,53,353499
49214,0.000203,74.125.130.0-255,1484,15573,53,353499
49215,0.000207,172.31.46.0-255,66,15639,53,353499
49216,0.00021,74.125.130.0-255,1484,17123,53,353499
49217,0.000212,172.31.46.0-255,66,17189,53,353499
49218,0.000231,74.125.130.0-255,1484,18673,53,353499
49219,0.000234,172.31.46.0-255,66,18739,53,353499
49220,0.000246,74.125.130.0-255,5738,24477,53,353499
49221,0.000248,172.31.46.0-255,66,24543,53,353499
49222,0.000283,74.125.130.0-255,5738,30281,53,353499
49223,0.000286,172.31.46.0-255,66,30347,53,353499
49224,0.000317,74.125.130.0-255,5379,35726,53,353499
49225,0.00032,172.31.46.0-255,66,35792,53,353499
49226,0.000326,74.125.130.0-255,5738,41530,53,353499
49227,0.000328,172.31.46.0-255,66,41596,53,353499
49228,0.000368,74.125.130.0-255,6797,48393,53,353499
49229,0.000371,172.31.46.0-255,66,48459,53,353499
49230,0.000468,74.125.130.0-255,1484,49943,53,353499
49231,0.000471,172.31.46.0-255,66,50009,53,353499
49232,0.000477,74.125.130.0-255,2902,52911,53,353499
49233,0.00048,172.31.46.0-255,66,52977,53,353499
49234,0.000511,74.125.130.0-255,5738,58715,53,353499
49235,0.000517,74.125.130.0-255,2902,61617,53,353499
49236,0.000523,74.125.130.0-255,3961,65578,53,353499
49237,0.000607,172.31.46.0-255,66,65644,53,353499
49238,0.000865,74.125.130.0-255,648,66292,53,353499
49239,0.001168,172.31.46.0-255,66,66358,53,353499
49240,0.001194,74.125.130.0-255,1484,67842,53,353499
49241,0.001201,74.125.130.0-255,2902,70744,53,353499
49242,0.001204,172.31.46.0-255,66,70810,53,353499
49243,0.001208,74.125.130.0-255,1484,72294,53,353499
49244,0.001234,74.125.130.0-255,4320,76614,53,353499
49245,0.001236,172.31.46.0-255,66,76680,53,353499
49246,0.001276,172.31.46.0-255,66,76746,53,353499
49247,0.001304,74.125.130.0-255,4320,81066,53,353499
49248,0.001307,172.31.46.0-255,66,81132,53,353499
49249,0.00134,172.31.46.0-255,66,81198,53,353499
49250,0.001366,172.31.46.0-255,66,81264,53,353499
49251,0.001384,74.125.130.0-255,2902,84166,53,353499
49252,0.001391,74.125.130.0-255,5738,89904,53,353499
49253,0.001399,74.125.130.0-255,7156,97060,53,353499
49254,0.001405,74.125.130.0-255,6438,103498,53,353499
49255,0.001436,172.31.46.0-255,66,103564,53,353499
49256,0.001492,74.125.130.0-255,1484,105048,53,353499
49257,0.001504,74.125.130.0-255,2902,107950,53,353499
49258,0.001531,74.125.130.0-255,5738,113688,53,353499
49259,0.001534,172.31.46.0-255,66,113754,53,353499
49260,0.001539,172.31.46.0-255,66,113820,53,353499
49261,0.00157,74.125.130.0-255,7156,120976,53,353499
49262,0.001594,74.125.130.0-255,5738,126714,53,353499
49263,0.00163,172.31.46.0-255,66,126780,53,353499
49264,0.001636,172.31.46.0-255,66,126846,53,353499
49265,0.001682,172.31.46.0-255,66,126912,53,353499
49266,0.001733,172.31.46.0-255,101,127013,53,353499
49267,0.001895,74.125.130.0-255,1484,128497,53,353499
49268,0.001903,74.125.130.0-255,2902,131399,53,353499
49269,0.001922,74.125.130.0-255,4320,135719,53,353499
49270,0.001943,74.125.130.0-255,4320,140039,53,353499
49271,0.00196,74.125.130.0-255,4320,144359,53,353499
49272,0.001967,74.125.130.0-255,5738,150097,53,353499
49273,0.001978,74.125.130.0-255,1484,151581,53,353499
49274,0.001992,74.125.130.0-255,5738,157319,53,353499
49275,0.002011,74.125.130.0-255,3602,160921,53,353499
49276,0.003767,74.125.130.0-255,66,160987,53,353499
49277,0.005861,172.31.46.0-255,66,161053,53,353499
49278,0.007962,74.125.130.0-255,5738,166791,53,353499
49279,0.007972,172.31.46.0-255,66,166857,53,353499
49280,0.010052,74.125.130.0-255,5738,172595,53,353499
49281,0.010065,172.31.46.0-255,66,172661,53,353499
49282,0.012151,74.125.130.0-255,5738,178399,53,353499
49283,0.012168,172.31.46.0-255,66,178465,53,353499
49284,0.014249,74.125.130.0-255,5738,184203,53,353499
49285,0.014265,172.31.46.0-255,66,184269,53,353499
49286,0.01637,74.125.130.0-255,5738,190007,53,353499
49287,0.016388,172.31.46.0-255,66,190073,53,353499
49288,0.01848,74.125.130.0-255,5738,195811,53,353499
49289,0.018496,172.31.46.0-255,66,195877,53,353499
49290,0.020587,74.125.130.0-255,5738,201615,53,353499
49291,0.020602,172.31.46.0-255,66,201681,53,353499
49292,0.022676,74.125.130.0-255,5738,207419,53,353499
49293,0.022691,172.31.46.0-255,66,207485,53,353499
49294,0.024816,74.125.130.0-255,5738,213223,53,353499
49295,0.024827,172.31.46.0-255,66,213289,53,353499
49296,0.026925,74.125.130.0-255,5738,219027,53,353499
49297,0.026941,172.31.46.0-255,66,219093,53,353499
49298,0.029037,74.125.130.0-255,5738,224831,53,353499
49299,0.029051,172.31.46.0-255,66,224897,53,353499
49300,0.031149,74.125.130.0-255,5738,230635,53,353499
49301,0.031165,172.31.46.0-255,66,230701,53,353499
49302,0.033286,74.125.130.0-255,5738,236439,53,353499
49303,0.033301,172.31.46.0-255,66,236505,53,353499
49304,0.035291,172.31.46.0-255,172,236677,53,353499
49305,0.035326,172.31.46.0-255,1107,237784,53,353499
49306,0.035374,74.125.130.0-255,4320,242104,53,353499
49307,0.03538,172.31.46.0-255,66,242170,53,353499
49308,0.035408,74.125.130.0-255,1484,243654,53,353499
49309,0.035432,172.31.46.0-255,1514,245168,53,353499
49310,0.035433,172.31.46.0-255,1296,246464,53,353499
49311,0.036868,104.244.42.0-255,66,246530,53,353499
49312,0.036911,104.244.42.0-255,66,246596,53,353499
49313,0.03703,104.244.42.0-255,66,246662,53,353499
49314,0.037451,74.125.130.0-255,4320,250982,53,353499
49315,0.03746,172.31.46.0-255,66,251048,53,353499
49316,0.039547,74.125.130.0-255,5738,256786,53,353499
49317,0.039558,172.31.46.0-255,66,256852,53,353499
49318,0.041653,74.125.130.0-255,5738,262590,53,353499
49319,0.041662,172.31.46.0-255,66,262656,53,353499
49320,0.043758,74.125.130.0-255,5738,268394,53,353499
49321,0.043769,172.31.46.0-255,66,268460,53,353499
49322,0.045848,74.125.130.0-255,5738,274198,53,353499
49323,0.045861,172.31.46.0-255,66,274264,53,353499
49324,0.047941,74.125.130.0-255,5738,280002,53,353499
49325,0.047951,172.31.46.0-255,66,280068,53,353499
49326,0.050043,74.125.130.0-255,5738,285806,53,353499
49327,0.050052,172.31.46.0-255,66,285872,53,353499
49328,0.052133,74.125.130.0-255,5738,291610,53,353499
49329,0.052145,172.31.46.0-255,66,291676,53,353499
49330,0.054207,74.125.130.0-255,5738,297414,53,353499
49331,0.054217,172.31.46.0-255,66,297480,53,353499
49332,0.056309,74.125.130.0-255,5738,303218,53,353499
49333,0.056326,172.31.46.0-255,66,303284,53,353499
49334,0.058439,74.125.130.0-255,5738,309022,53,353499
49335,0.058452,172.31.46.0-255,66,309088,53,353499
49336,0.060534,74.125.130.0-255,5738,314826,53,353499
49337,0.060545,172.31.46.0-255,66,314892,53,353499
49338,0.062633,74.125.130.0-255,5738,320630,53,353499
49339,0.062648,172.31.46.0-255,66,320696,53,353499
49340,0.06479,74.125.130.0-255,5738,326434,53,353499
49341,0.064802,172.31.46.0-255,66,326500,53,353499
49342,0.066881,74.125.130.0-255,5738,332238,53,353499
49343,0.066895,172.31.46.0-255,66,332304,53,353499
49344,0.069025,74.125.130.0-255,5738,338042,53,353499
49345,0.069039,172.31.46.0-255,66,338108,53,353499
49346,0.071132,74.125.130.0-255,5738,343846,53,353499
49347,0.071142,172.31.46.0-255,66,343912,53,353499
49348,0.073236,74.125.130.0-255,5738,349650,53,353499
49349,0.073247,172.31.46.0-255,66,349716,53,353499
49350,0.075352,74.125.130.0-255,3546,353262,53,353499
49351,0.075366,172.31.46.0-255,66,353328,53,353499
49352,0.075585,172.31.46.0-255,105,353433,53,353499
49353,0.081885,74.125.130.0-255,66,353499,53,353499
49354,0.0,74.125.200.0-255,152,152,53,354793
49355,2.4e-05,172.31.46.0-255,66,218,53,354793
49356,3.1e-05,74.125.200.0-255,1484,1702,53,354793
49357,3.5e-05,172.31.46.0-255,66,1768,53,354793
49358,4.1e-05,74.125.200.0-255,2902,4670,53,354793
49359,4.4e-05,172.31.46.0-255,66,4736,53,354793
49360,4.7e-05,74.125.200.0-255,1484,6220,53,354793
49361,5e-05,172.31.46.0-255,66,6286,53,354793
49362,7.5e-05,74.125.200.0-255,2902,9188,53,354793
49363,7.8e-05,172.31.46.0-255,66,9254,53,354793
49364,8.5e-05,74.125.200.0-255,4877,14131,53,354793
49365,8.7e-05,172.31.46.0-255,66,14197,53,354793
49366,0.000277,74.125.200.0-255,1484,15681,53,354793
49367,0.000281,172.31.46.0-255,66,15747,53,354793
49368,0.000287,74.125.200.0-255,2902,18649,53,354793
49369,0.00029,172.31.46.0-255,66,18715,53,354793
49370,0.000307,74.125.200.0-255,5738,24453,53,354793
49371,0.00031,172.31.46.0-255,66,24519,53,354793
49372,0.000364,74.125.200.0-255,6797,31316,53,354793
49373,0.000367,172.31.46.0-255,66,31382,53,354793
49374,0.000375,74.125.200.0-255,7156,38538,53,354793
49375,0.000377,172.31.46.0-255,66,38604,53,354793
49376,0.000383,74.125.200.0-255,5738,44342,53,354793
49377,0.000385,172.31.46.0-255,66,44408,53,354793
49378,0.000402,74.125.200.0-255,2902,47310,53,354793
49379,0.000404,172.31.46.0-255,66,47376,53,354793
49380,0.00042,74.125.200.0-255,1125,48501,53,354793
49381,0.000423,172.31.46.0-255,66,48567,53,354793
49382,0.00161,74.125.200.0-255,1484,50051,53,354793
49383,0.001617,172.31.46.0-255,66,50117,53,354793
49384,0.001628,74.125.200.0-255,2902,53019,53,354793
49385,0.001631,172.31.46.0-255,66,53085,53,354793
49386,0.001657,74.125.200.0-255,4320,57405,53,354793
49387,0.001659,172.31.46.0-255,66,57471,53,354793
49388,0.001664,74.125.200.0-255,2902,60373,53,354793
49389,0.001666,172.31.46.0-255,66,60439,53,354793
49390,0.00168,74.125.200.0-255,2902,63341,53,354793
49391,0.001682,172.31.46.0-255,66,63407,53,354793
49392,0.001706,74.125.200.0-255,3122,66529,53,354793
49393,0.001708,172.31.46.0-255,66,66595,53,354793
49394,0.001775,74.125.200.0-255,1484,68079,53,354793
49395,0.001814,74.125.200.0-255,2902,70981,53,354793
49396,0.001818,172.31.46.0-255,66,71047,53,354793
49397,0.001825,74.125.200.0-255,4320,75367,53,354793
49398,0.001827,172.31.46.0-255,66,75433,53,354793
49399,0.00185,74.125.200.0-255,4320,79753,53,354793
49400,0.001852,172.31.46.0-255,66,79819,53,354793
49401,0.001867,74.125.200.0-255,2902,82721,53,354793
49402,0.00187,172.31.46.0-255,66,82787,53,354793
49403,0.001877,74.125.200.0-255,7156,89943,53,354793
49404,0.001879,172.31.46.0-255,66,90009,53,354793
49405,0.001897,74.125.200.0-255,1125,91134,53,354793
49406,0.001904,74.125.200.0-255,5738,96872,53,354793
49407,0.001907,172.31.46.0-255,66,96938,53,354793
49408,0.00192,74.125.200.0-255,1484,98422,53,354793
49409,0.001937,74.125.200.0-255,1484,99906,53,354793
49410,0.00194,172.31.46.0-255,66,99972,53,354793
49411,0.001956,74.125.200.0-255,1125,101097,53,354793
49412,0.004121,74.125.200.0-255,1484,102581,53,354793
49413,0.004128,172.31.46.0-255,66,102647,53,354793
49414,0.004154,74.125.200.0-255,2902,105549,53,354793
49415,0.004157,172.31.46.0-255,66,105615,53,354793
49416,0.006352,74.125.200.0-255,2902,108517,53,354793
49417,0.006357,172.31.46.0-255,66,108583,53,354793
49418,0.006375,74.125.200.0-255,2902,111485,53,354793
49419,0.006377,172.31.46.0-255,66,111551,53,354793
49420,0.008591,74.125.200.0-255,5738,117289,53,354793
49421,0.008599,172.31.46.0-255,66,117355,53,354793
49422,0.010831,74.125.200.0-255,5738,123093,53,354793
49423,0.010838,172.31.46.0-255,66,123159,53,354793
49424,0.013065,74.125.200.0-255,5738,128897,53,354793
49425,0.013074,172.31.46.0-255,66,128963,53,354793
49426,0.01532,74.125.200.0-255,5738,134701,53,354793
49427,0.015329,172.31.46.0-255,66,134767,53,354793
49428,0.017563,74.125.200.0-255,5738,140505,53,354793
49429,0.017571,172.31.46.0-255,66,140571,53,354793
49430,0.0198,74.125.200.0-255,5738,146309,53,354793
49431,0.019807,172.31.46.0-255,66,146375,53,354793
49432,0.022036,74.125.200.0-255,5738,152113,53,354793
49433,0.022043,172.31.46.0-255,66,152179,53,354793
49434,0.024282,74.125.200.0-255,5738,157917,53,354793
49435,0.02429,172.31.46.0-255,66,157983,53,354793
49436,0.026511,74.125.200.0-255,5738,163721,53,354793
49437,0.026519,172.31.46.0-255,66,163787,53,354793
49438,0.028292,172.31.46.0-255,172,163959,53,354793
49439,0.028324,172.31.46.0-255,1112,165071,53,354793
49440,0.02839,172.31.46.0-255,1514,166585,53,354793
49441,0.028392,172.31.46.0-255,1514,168099,53,354793
49442,0.028415,172.31.46.0-255,702,168801,53,354793
49443,0.028746,74.125.200.0-255,5738,174539,53,354793
49444,0.028753,172.31.46.0-255,66,174605,53,354793
49445,0.029892,104.244.42.0-255,66,174671,53,354793
49446,0.029927,104.244.42.0-255,66,174737,53,354793
49447,0.029952,104.244.42.0-255,66,174803,53,354793
49448,0.029973,104.244.42.0-255,66,174869,53,354793
49449,0.030981,74.125.200.0-255,5738,180607,53,354793
49450,0.030987,172.31.46.0-255,66,180673,53,354793
49451,0.033219,74.125.200.0-255,5738,186411,53,354793
49452,0.033226,172.31.46.0-255,66,186477,53,354793
49453,0.035459,74.125.200.0-255,5738,192215,53,354793
49454,0.035465,172.31.46.0-255,66,192281,53,354793
49455,0.037694,74.125.200.0-255,5738,198019,53,354793
49456,0.037701,172.31.46.0-255,66,198085,53,354793
49457,0.03994,74.125.200.0-255,5738,203823,53,354793
49458,0.039947,172.31.46.0-255,66,203889,53,354793
49459,0.042211,74.125.200.0-255,5738,209627,53,354793
49460,0.042221,172.31.46.0-255,66,209693,53,354793
49461,0.044466,74.125.200.0-255,5738,215431,53,354793
49462,0.044477,172.31.46.0-255,66,215497,53,354793
49463,0.046709,74.125.200.0-255,5738,221235,53,354793
49464,0.046717,172.31.46.0-255,66,221301,53,354793
49465,0.048957,74.125.200.0-255,5738,227039,53,354793
49466,0.048963,172.31.46.0-255,66,227105,53,354793
49467,0.051205,74.125.200.0-255,5738,232843,53,354793
49468,0.051212,172.31.46.0-255,66,232909,53,354793
49469,0.053455,74.125.200.0-255,5738,238647,53,354793
49470,0.053463,172.31.46.0-255,66,238713,53,354793
49471,0.055705,74.125.200.0-255,5738,244451,53,354793
49472,0.055713,172.31.46.0-255,66,244517,53,354793
49473,0.057936,74.125.200.0-255,5738,250255,53,354793
49474,0.057945,172.31.46.0-255,66,250321,53,354793
49475,0.060197,74.125.200.0-255,5738,256059,53,354793
49476,0.060205,172.31.46.0-255,66,256125,53,354793
49477,0.06245,74.125.200.0-255,5738,261863,53,354793
49478,0.062458,172.31.46.0-255,66,261929,53,354793
49479,0.064708,74.125.200.0-255,5738,267667,53,354793
49480,0.064715,172.31.46.0-255,66,267733,53,354793
49481,0.066966,74.125.200.0-255,5738,273471,53,354793
49482,0.066973,172.31.46.0-255,66,273537,53,354793
49483,0.069219,74.125.200.0-255,5738,279275,53,354793
49484,0.069228,172.31.46.0-255,66,279341,53,354793
49485,0.071454,74.125.200.0-255,5738,285079,53,354793
49486,0.071463,172.31.46.0-255,66,285145,53,354793
49487,0.073706,74.125.200.0-255,5738,290883,53,354793
49488,0.073713,172.31.46.0-255,66,290949,53,354793
49489,0.075955,74.125.200.0-255,5738,296687,53,354793
49490,0.075966,172.31.46.0-255,66,296753,53,354793
49491,0.078207,74.125.200.0-255,5738,302491,53,354793
49492,0.078214,172.31.46.0-255,66,302557,53,354793
49493,0.080449,74.125.200.0-255,5738,308295,53,354793
49494,0.080457,172.31.46.0-255,66,308361,53,354793
49495,0.082707,74.125.200.0-255,5738,314099,53,354793
49496,0.082714,172.31.46.0-255,66,314165,53,354793
49497,0.084953,74.125.200.0-255,5738,319903,53,354793
49498,0.084961,172.31.46.0-255,66,319969,53,354793
49499,0.087199,74.125.200.0-255,5738,325707,53,354793
49500,0.087208,172.31.46.0-255,66,325773,53,354793
49501,0.089459,74.125.200.0-255,5738,331511,53,354793
49502,0.089465,172.31.46.0-255,66,331577,53,354793
49503,0.091712,74.125.200.0-255,5738,337315,53,354793
49504,0.091721,172.31.46.0-255,66,337381,53,354793
49505,0.093963,74.125.200.0-255,5738,343119,53,354793
49506,0.093971,172.31.46.0-255,66,343185,53,354793
49507,0.096205,74.125.200.0-255,5738,348923,53,354793
49508,0.096213,172.31.46.0-255,66,348989,53,354793
49509,0.098449,74.125.200.0-255,5738,354727,53,354793
49510,0.098456,172.31.46.0-255,66,354793,53,354793
49511,0.0,172.217.194.0-255,301,301,53,227336
49512,1.7e-05,172.31.46.0-255,66,367,53,227336
49513,2.3e-05,172.217.194.0-255,1484,1851,53,227336
49514,2.7e-05,172.31.46.0-255,66,1917,53,227336
49515,3.4e-05,172.217.194.0-255,4320,6237,53,227336
49516,3.7e-05,172.31.46.0-255,66,6303,53,227336
49517,4.2e-05,172.217.194.0-255,2902,9205,53,227336
49518,4.4e-05,172.31.46.0-255,66,9271,53,227336
49519,7.1e-05,172.217.194.0-255,6144,15415,53,227336
49520,7.4e-05,172.31.46.0-255,66,15481,53,227336
49521,8.1e-05,172.217.194.0-255,7156,22637,53,227336
49522,8.4e-05,172.31.46.0-255,66,22703,53,227336
49523,0.000115,172.31.46.0-255,66,22769,53,227336
49524,0.000118,172.217.194.0-255,1484,24253,53,227336
49525,0.00012,172.31.46.0-255,66,24319,53,227336
49526,0.000136,172.217.194.0-255,2902,27221,53,227336
49527,0.000138,172.31.46.0-255,66,27287,53,227336
49528,0.000145,172.217.194.0-255,5738,33025,53,227336
49529,0.000147,172.31.46.0-255,66,33091,53,227336
49530,0.000174,172.217.194.0-255,7156,40247,53,227336
49531,0.000177,172.31.46.0-255,66,40313,53,227336
49532,0.0002,172.217.194.0-255,6797,47110,53,227336
49533,0.000203,172.31.46.0-255,66,47176,53,227336
49534,0.000206,172.217.194.0-255,1484,48660,53,227336
49535,0.000208,172.31.46.0-255,66,48726,53,227336
49536,0.000221,172.217.194.0-255,1484,50210,53,227336
49537,0.000223,172.31.46.0-255,66,50276,53,227336
49538,0.000251,172.217.194.0-255,6797,57073,53,227336
49539,0.000253,172.31.46.0-255,66,57139,53,227336
49540,0.00044,172.217.194.0-255,363,57502,53,227336
49541,0.000445,172.31.46.0-255,66,57568,53,227336
49542,0.000463,172.217.194.0-255,380,57948,53,227336
49543,0.000618,172.217.194.0-255,1484,59432,53,227336
49544,0.000623,172.217.194.0-255,2902,62334,53,227336
49545,0.000635,172.31.46.0-255,66,62400,53,227336
49546,0.000646,172.217.194.0-255,5738,68138,53,227336
49547,0.00065,172.217.194.0-255,2902,71040,53,227336
49548,0.000654,172.31.46.0-255,66,71106,53,227336
49549,0.000706,172.31.46.0-255,66,71172,53,227336
49550,0.000854,172.217.194.0-255,1484,72656,53,227336
49551,0.000859,172.217.194.0-255,2902,75558,53,227336
49552,0.000876,172.217.194.0-255,5738,81296,53,227336
49553,0.000881,172.31.46.0-255,66,81362,53,227336
49554,0.000889,172.31.46.0-255,66,81428,53,227336
49555,0.000894,172.217.194.0-255,4320,85748,53,227336
49556,0.000924,172.31.46.0-255,66,85814,53,227336
49557,0.000932,172.217.194.0-255,2902,88716,53,227336
49558,0.000937,172.31.46.0-255,66,88782,53,227336
49559,0.000966,172.31.46.0-255,66,88848,53,227336
49560,0.000995,172.217.194.0-255,1484,90332,53,227336
49561,0.00101,172.217.194.0-255,2902,93234,53,227336
49562,0.001015,172.217.194.0-255,4320,97554,53,227336
49563,0.001029,172.217.194.0-255,1484,99038,53,227336
49564,0.001035,172.217.194.0-255,5738,104776,53,227336
49565,0.00107,172.31.46.0-255,66,104842,53,227336
49566,0.001102,172.217.194.0-255,5020,109862,53,227336
49567,0.001107,172.217.194.0-255,5738,115600,53,227336
49568,0.001122,172.217.194.0-255,7156,122756,53,227336
49569,0.001137,172.217.194.0-255,5738,128494,53,227336
49570,0.00115,172.31.46.0-255,66,128560,53,227336
49571,0.001159,172.217.194.0-255,1484,130044,53,227336
49572,0.001183,172.217.194.0-255,5020,135064,53,227336
49573,0.001188,172.31.46.0-255,66,135130,53,227336
49574,0.001262,172.217.194.0-255,1484,136614,53,227336
49575,0.001268,172.217.194.0-255,2902,139516,53,227336
49576,0.001272,172.31.46.0-255,66,139582,53,227336
49577,0.001294,172.217.194.0-255,5738,145320,53,227336
49578,0.001299,172.217.194.0-255,2902,148222,53,227336
49579,0.001303,172.31.46.0-255,66,148288,53,227336
49580,0.00133,172.31.46.0-255,66,148354,53,227336
49581,0.001371,172.31.46.0-255,66,148420,53,227336
49582,0.001416,172.217.194.0-255,1484,149904,53,227336
49583,0.001432,172.217.194.0-255,2902,152806,53,227336
49584,0.001436,172.217.194.0-255,4320,157126,53,227336
49585,0.001442,172.31.46.0-255,66,157192,53,227336
49586,0.001451,172.217.194.0-255,1484,158676,53,227336
49587,0.001454,172.217.194.0-255,1484,160160,53,227336
49588,0.001493,172.31.46.0-255,66,160226,53,227336
49589,0.001526,172.31.46.0-255,66,160292,53,227336
49590,0.001604,172.217.194.0-255,1484,161776,53,227336
49591,0.001619,172.217.194.0-255,2902,164678,53,227336
49592,0.001623,172.31.46.0-255,66,164744,53,227336
49593,0.001645,172.217.194.0-255,5738,170482,53,227336
49594,0.001668,172.31.46.0-255,66,170548,53,227336
49595,0.001756,172.31.46.0-255,66,170614,53,227336
49596,0.001766,172.217.194.0-255,4320,174934,53,227336
49597,0.00177,172.217.194.0-255,4320,179254,53,227336
49598,0.001775,172.31.46.0-255,66,179320,53,227336
49599,0.001791,172.217.194.0-255,766,180086,53,227336
49600,0.001835,172.31.46.0-255,66,180152,53,227336
49601,0.001843,172.217.194.0-255,1484,181636,53,227336
49602,0.001848,172.217.194.0-255,4320,185956,53,227336
49603,0.001852,172.217.194.0-255,5738,191694,53,227336
49604,0.001858,172.31.46.0-255,66,191760,53,227336
49605,0.001866,172.217.194.0-255,1484,193244,53,227336
49606,0.001871,172.217.194.0-255,4320,197564,53,227336
49607,0.001895,172.217.194.0-255,1484,199048,53,227336
49608,0.001907,172.217.194.0-255,4320,203368,53,227336
49609,0.001911,172.31.46.0-255,66,203434,53,227336
49610,0.001918,172.217.194.0-255,2184,205618,53,227336
49611,0.001926,172.31.46.0-255,66,205684,53,227336
49612,0.001944,172.217.194.0-255,7156,212840,53,227336
49613,0.001953,172.31.46.0-255,66,212906,53,227336
49614,0.00198,172.217.194.0-255,1484,214390,53,227336
49615,0.001986,172.217.194.0-255,5738,220128,53,227336
49616,0.001991,172.31.46.0-255,66,220194,53,227336
49617,0.002016,172.217.194.0-255,1484,221678,53,227336
49618,0.002046,172.31.46.0-255,66,221744,53,227336
49619,0.00207,172.217.194.0-255,105,221849,53,227336
49620,0.002105,172.217.194.0-255,129,221978,53,227336
49621,0.010026,172.31.46.0-255,105,222083,53,227336
49622,0.010066,172.31.46.0-255,105,222188,53,227336
49623,0.010242,172.31.46.0-255,90,222278,53,227336
49624,0.01025,172.31.46.0-255,66,222344,53,227336
49625,0.012482,172.217.194.0-255,129,222473,53,227336
49626,0.012496,172.31.46.0-255,78,222551,53,227336
49627,0.012552,172.217.194.0-255,66,222617,53,227336
49628,0.012588,172.217.194.0-255,66,222683,53,227336
49629,0.012747,172.217.194.0-255,66,222749,53,227336
49630,0.012778,172.217.194.0-255,66,222815,53,227336
49631,0.012785,172.31.46.0-255,66,222881,53,227336
49632,0.034241,172.31.46.0-255,164,223045,53,227336
49633,0.034274,172.31.46.0-255,1121,224166,53,227336
49634,0.034338,172.31.46.0-255,1514,225680,53,227336
49635,0.03434,172.31.46.0-255,1284,226964,53,227336
49636,0.035782,104.244.42.0-255,66,227030,53,227336
49637,0.035807,104.244.42.0-255,66,227096,53,227336
49638,0.035859,104.244.42.0-255,66,227162,53,227336
49639,0.037626,104.244.42.0-255,108,227270,53,227336
49640,0.037634,172.31.46.0-255,66,227336,53,227336
49641,0.0,172.217.194.0-255,153,153,53,182264
49642,1.4e-05,172.31.46.0-255,66,219,53,182264
49643,2.1e-05,172.217.194.0-255,1484,1703,53,182264
49644,2.5e-05,172.31.46.0-255,66,1769,53,182264
49645,3.1e-05,172.217.194.0-255,2902,4671,53,182264
49646,3.5e-05,172.31.46.0-255,66,4737,53,182264
49647,4.2e-05,172.217.194.0-255,7156,11893,53,182264
49648,4.6e-05,172.31.46.0-255,66,11959,53,182264
49649,5e-05,172.217.194.0-255,2071,14030,53,182264
49650,5.3e-05,172.31.46.0-255,66,14096,53,182264
49651,0.000122,172.217.194.0-255,1484,15580,53,182264
49652,0.000125,172.217.194.0-255,1484,17064,53,182264
49653,0.000128,172.31.46.0-255,66,17130,53,182264
49654,0.000132,172.31.46.0-255,66,17196,53,182264
49655,0.00014,172.217.194.0-255,1484,18680,53,182264
49656,0.000143,172.31.46.0-255,66,18746,53,182264
49657,0.000162,172.217.194.0-255,5738,24484,53,182264
49658,0.000164,172.31.46.0-255,66,24550,53,182264
49659,0.0002,172.217.194.0-255,6797,31347,53,182264
49660,0.000203,172.31.46.0-255,66,31413,53,182264
49661,0.000262,172.217.194.0-255,1484,32897,53,182264
49662,0.000265,172.31.46.0-255,66,32963,53,182264
49663,0.000272,172.217.194.0-255,2902,35865,53,182264
49664,0.000275,172.31.46.0-255,66,35931,53,182264
49665,0.000281,172.217.194.0-255,4320,40251,53,182264
49666,0.000283,172.31.46.0-255,66,40317,53,182264
49667,0.000305,172.217.194.0-255,1484,41801,53,182264
49668,0.000307,172.31.46.0-255,66,41867,53,182264
49669,0.000314,172.217.194.0-255,5738,47605,53,182264
49670,0.000316,172.31.46.0-255,66,47671,53,182264
49671,0.000347,172.31.46.0-255,66,47737,53,182264
49672,0.000368,172.217.194.0-255,3961,51698,53,182264
49673,0.00037,172.31.46.0-255,66,51764,53,182264
49674,0.000376,172.217.194.0-255,4251,56015,53,182264
49675,0.000378,172.31.46.0-255,66,56081,53,182264
49676,0.000382,172.217.194.0-255,99,56180,53,182264
49677,0.000385,172.217.194.0-255,363,56543,53,182264
49678,0.000607,172.217.194.0-255,1484,58027,53,182264
49679,0.000612,172.31.46.0-255,66,58093,53,182264
49680,0.000617,172.217.194.0-255,2902,60995,53,182264
49681,0.00062,172.31.46.0-255,66,61061,53,182264
49682,0.000626,172.217.194.0-255,5738,66799,53,182264
49683,0.000629,172.31.46.0-255,66,66865,53,182264
49684,0.000684,172.217.194.0-255,7156,74021,53,182264
49685,0.000687,172.31.46.0-255,66,74087,53,182264
49686,0.000707,172.217.194.0-255,5738,79825,53,182264
49687,0.000709,172.31.46.0-255,66,79891,53,182264
49688,0.000736,172.31.46.0-255,66,79957,53,182264
49689,0.000738,172.217.194.0-255,766,80723,53,182264
49690,0.00111,172.217.194.0-255,1484,82207,53,182264
49691,0.001115,172.31.46.0-255,66,82273,53,182264
49692,0.001122,172.217.194.0-255,2902,85175,53,182264
49693,0.001124,172.31.46.0-255,66,85241,53,182264
49694,0.001129,172.217.194.0-255,2902,88143,53,182264
49695,0.001131,172.31.46.0-255,66,88209,53,182264
49696,0.001149,172.217.194.0-255,2902,91111,53,182264
49697,0.001151,172.31.46.0-255,66,91177,53,182264
49698,0.001187,172.31.46.0-255,66,91243,53,182264
49699,0.001208,172.217.194.0-255,1484,92727,53,182264
49700,0.001221,172.31.46.0-255,66,92793,53,182264
49701,0.001225,172.217.194.0-255,1484,94277,53,182264
49702,0.001243,172.217.194.0-255,2902,97179,53,182264
49703,0.001245,172.31.46.0-255,66,97245,53,182264
49704,0.001252,172.217.194.0-255,5738,102983,53,182264
49705,0.001254,172.31.46.0-255,66,103049,53,182264
49706,0.001289,172.217.194.0-255,1484,104533,53,182264
49707,0.001293,172.31.46.0-255,66,104599,53,182264
49708,0.001341,172.217.194.0-255,4320,108919,53,182264
49709,0.001345,172.31.46.0-255,66,108985,53,182264
49710,0.001365,172.217.194.0-255,5020,114005,53,182264
49711,0.001367,172.31.46.0-255,66,114071,53,182264
49712,0.001527,172.217.194.0-255,1484,115555,53,182264
49713,0.001532,172.217.194.0-255,1484,117039,53,182264
49714,0.001535,172.31.46.0-255,66,117105,53,182264
49715,0.001548,172.217.194.0-255,1484,118589,53,182264
49716,0.001554,172.217.194.0-255,5738,124327,53,182264
49717,0.001556,172.31.46.0-255,66,124393,53,182264
49718,0.001583,172.31.46.0-255,66,124459,53,182264
49719,0.001612,172.217.194.0-255,2902,127361,53,182264
49720,0.001615,172.31.46.0-255,66,127427,53,182264
49721,0.001627,172.31.46.0-255,66,127493,53,182264
49722,0.00163,172.217.194.0-255,766,128259,53,182264
49723,0.001661,172.217.194.0-255,1484,129743,53,182264
49724,0.001664,172.31.46.0-255,66,129809,53,182264
49725,0.001685,172.217.194.0-255,4320,134129,53,182264
49726,0.001688,172.31.46.0-255,66,134195,53,182264
49727,0.001695,172.217.194.0-255,5738,139933,53,182264
49728,0.001697,172.31.46.0-255,66,139999,53,182264
49729,0.001718,172.217.194.0-255,1484,141483,53,182264
49730,0.001731,172.31.46.0-255,66,141549,53,182264
49731,0.001754,172.217.194.0-255,5738,147287,53,182264
49732,0.001757,172.31.46.0-255,66,147353,53,182264
49733,0.001763,172.217.194.0-255,5020,152373,53,182264
49734,0.001766,172.31.46.0-255,66,152439,53,182264
49735,0.001789,172.217.194.0-255,4320,156759,53,182264
49736,0.001792,172.31.46.0-255,66,156825,53,182264
49737,0.001799,172.217.194.0-255,5738,162563,53,182264
49738,0.001801,172.31.46.0-255,66,162629,53,182264
49739,0.001833,172.31.46.0-255,66,162695,53,182264
49740,0.001839,172.217.194.0-255,5738,168433,53,182264
49741,0.001842,172.31.46.0-255,66,168499,53,182264
49742,0.001952,172.217.194.0-255,2902,171401,53,182264
49743,0.001961,172.31.46.0-255,66,171467,53,182264
49744,0.001996,172.31.46.0-255,66,171533,53,182264
49745,0.002056,172.217.194.0-255,2902,174435,53,182264
49746,0.002071,172.31.46.0-255,66,174501,53,182264
49747,0.00209,172.31.46.0-255,66,174567,53,182264
49748,0.002133,172.217.194.0-255,105,174672,53,182264
49749,0.002141,172.31.46.0-255,66,174738,53,182264
49750,0.009074,172.31.46.0-255,105,174843,53,182264
49751,0.011323,172.217.194.0-255,66,174909,53,182264
49752,0.030327,172.31.46.0-255,192,175101,53,182264
49753,0.030362,172.31.46.0-255,953,176054,53,182264
49754,0.030447,172.31.46.0-255,1514,177568,53,182264
49755,0.030449,172.31.46.0-255,1514,179082,53,182264
49756,0.030451,172.31.46.0-255,1514,180596,53,182264
49757,0.030452,172.31.46.0-255,1230,181826,53,182264
49758,0.031891,104.244.42.0-255,66,181892,53,182264
49759,0.0319,104.244.42.0-255,66,181958,53,182264
49760,0.031986,104.244.42.0-255,66,182024,53,182264
49761,0.03199,104.244.42.0-255,66,182090,53,182264
49762,0.032605,104.244.42.0-255,108,182198,53,182264
49763,0.032613,172.31.46.0-255,66,182264,53,182264
49764,0.0,74.125.68.0-255,152,152,53,400217
49765,2.5e-05,172.31.46.0-255,66,218,53,400217
49766,6.5e-05,74.125.68.0-255,1484,1702,53,400217
49767,7e-05,172.31.46.0-255,66,1768,53,400217
49768,7.7e-05,74.125.68.0-255,2902,4670,53,400217
49769,8.1e-05,172.31.46.0-255,66,4736,53,400217
49770,8.6e-05,74.125.68.0-255,4320,9056,53,400217
49771,8.9e-05,172.31.46.0-255,66,9122,53,400217
49772,9.5e-05,74.125.68.0-255,4907,14029,53,400217
49773,9.8e-05,172.31.46.0-255,66,14095,53,400217
49774,0.000188,74.125.68.0-255,1484,15579,53,400217
49775,0.000191,172.31.46.0-255,66,15645,53,400217
49776,0.000196,74.125.68.0-255,2902,18547,53,400217
49777,0.000198,172.31.46.0-255,66,18613,53,400217
49778,0.000226,74.125.68.0-255,2902,21515,53,400217
49779,0.000229,172.31.46.0-255,66,21581,53,400217
49780,0.000234,74.125.68.0-255,4320,25901,53,400217
49781,0.000237,172.31.46.0-255,66,25967,53,400217
49782,0.000279,74.125.68.0-255,1484,27451,53,400217
49783,0.000281,172.31.46.0-255,66,27517,53,400217
49784,0.000307,74.125.68.0-255,3961,31478,53,400217
49785,0.000309,172.31.46.0-255,66,31544,53,400217
49786,0.000316,74.125.68.0-255,5738,37282,53,400217
49787,0.000319,172.31.46.0-255,66,37348,53,400217
49788,0.000323,74.125.68.0-255,2902,40250,53,400217
49789,0.000325,172.31.46.0-255,66,40316,53,400217
49790,0.000373,74.125.68.0-255,5738,46054,53,400217
49791,0.000376,172.31.46.0-255,66,46120,53,400217
49792,0.000402,74.125.68.0-255,2543,48663,53,400217
49793,0.000404,172.31.46.0-255,66,48729,53,400217
49794,0.00043,74.125.68.0-255,5738,54467,53,400217
49795,0.000433,172.31.46.0-255,66,54533,53,400217
49796,0.000463,74.125.68.0-255,7156,61689,53,400217
49797,0.000466,172.31.46.0-255,66,61755,53,400217
49798,0.00047,74.125.68.0-255,2902,64657,53,400217
49799,0.000472,172.31.46.0-255,66,64723,53,400217
49800,0.000492,74.125.68.0-255,1125,65848,53,400217
49801,0.000497,74.125.68.0-255,399,66247,53,400217
49802,0.00054,74.125.68.0-255,343,66590,53,400217
49803,0.000543,172.31.46.0-255,66,66656,53,400217
49804,0.000672,74.125.68.0-255,1484,68140,53,400217
49805,0.000677,74.125.68.0-255,1484,69624,53,400217
49806,0.00068,172.31.46.0-255,66,69690,53,400217
49807,0.000698,74.125.68.0-255,1484,71174,53,400217
49808,0.000706,74.125.68.0-255,5738,76912,53,400217
49809,0.000708,172.31.46.0-255,66,76978,53,400217
49810,0.000738,74.125.68.0-255,6797,83775,53,400217
49811,0.000741,172.31.46.0-255,66,83841,53,400217
49812,0.00077,74.125.68.0-255,7156,90997,53,400217
49813,0.000773,172.31.46.0-255,66,91063,53,400217
49814,0.000778,74.125.68.0-255,2902,93965,53,400217
49815,0.00078,172.31.46.0-255,66,94031,53,400217
49816,0.000821,74.125.68.0-255,1484,95515,53,400217
49817,0.000843,74.125.68.0-255,5379,100894,53,400217
49818,0.000846,172.31.46.0-255,66,100960,53,400217
49819,0.001058,74.125.68.0-255,1484,102444,53,400217
49820,0.001072,74.125.68.0-255,2902,105346,53,400217
49821,0.001075,172.31.46.0-255,66,105412,53,400217
49822,0.001079,74.125.68.0-255,1484,106896,53,400217
49823,0.001103,74.125.68.0-255,2902,109798,53,400217
49824,0.001106,172.31.46.0-255,66,109864,53,400217
49825,0.001113,74.125.68.0-255,5738,115602,53,400217
49826,0.001115,172.31.46.0-255,66,115668,53,400217
49827,0.001162,74.125.68.0-255,7156,122824,53,400217
49828,0.001164,172.31.46.0-255,66,122890,53,400217
49829,0.001167,74.125.68.0-255,1484,124374,53,400217
49830,0.001202,74.125.68.0-255,7156,131530,53,400217
49831,0.001205,172.31.46.0-255,66,131596,53,400217
49832,0.00121,74.125.68.0-255,2902,134498,53,400217
49833,0.001212,172.31.46.0-255,66,134564,53,400217
49834,0.001214,74.125.68.0-255,766,135330,53,400217
49835,0.001919,74.125.68.0-255,1484,136814,53,400217
49836,0.001924,172.31.46.0-255,66,136880,53,400217
49837,0.00193,74.125.68.0-255,2902,139782,53,400217
49838,0.001932,172.31.46.0-255,66,139848,53,400217
49839,0.001941,74.125.68.0-255,1484,141332,53,400217
49840,0.001966,74.125.68.0-255,1484,142816,53,400217
49841,0.001968,172.31.46.0-255,66,142882,53,400217
49842,0.001974,74.125.68.0-255,4320,147202,53,400217
49843,0.001976,172.31.46.0-255,66,147268,53,400217
49844,0.002005,74.125.68.0-255,7156,154424,53,400217
49845,0.002008,172.31.46.0-255,66,154490,53,400217
49846,0.002012,74.125.68.0-255,2902,157392,53,400217
49847,0.002014,172.31.46.0-255,66,157458,53,400217
49848,0.002045,74.125.68.0-255,5738,163196,53,400217
49849,0.002048,172.31.46.0-255,66,163262,53,400217
49850,0.002055,74.125.68.0-255,6438,169700,53,400217
49851,0.002057,172.31.46.0-255,66,169766,53,400217
49852,0.002097,74.125.68.0-255,7156,176922,53,400217
49853,0.0021,172.31.46.0-255,66,176988,53,400217
49854,0.002108,74.125.68.0-255,7156,184144,53,400217
49855,0.00211,172.31.46.0-255,66,184210,53,400217
49856,0.002114,74.125.68.0-255,2902,187112,53,400217
49857,0.002116,172.31.46.0-255,66,187178,53,400217
49858,0.002164,74.125.68.0-255,5738,192916,53,400217
49859,0.002167,172.31.46.0-255,66,192982,53,400217
49860,0.002172,74.125.68.0-255,2902,195884,53,400217
49861,0.002174,172.31.46.0-255,66,195950,53,400217
49862,0.002179,74.125.68.0-255,4320,200270,53,400217
49863,0.002182,172.31.46.0-255,66,200336,53,400217
49864,0.004291,74.125.68.0-255,5738,206074,53,400217
49865,0.004309,172.31.46.0-255,66,206140,53,400217
49866,0.006415,74.125.68.0-255,5738,211878,53,400217
49867,0.006422,172.31.46.0-255,66,211944,53,400217
49868,0.008529,74.125.68.0-255,5738,217682,53,400217
49869,0.008534,172.31.46.0-255,66,217748,53,400217
49870,0.010647,74.125.68.0-255,5738,223486,53,400217
49871,0.010655,172.31.46.0-255,66,223552,53,400217
49872,0.012776,74.125.68.0-255,5738,229290,53,400217
49873,0.012785,172.31.46.0-255,66,229356,53,400217
49874,0.014892,74.125.68.0-255,5738,235094,53,400217
49875,0.014902,172.31.46.0-255,66,235160,53,400217
49876,0.017023,74.125.68.0-255,5738,240898,53,400217
49877,0.01704,172.31.46.0-255,66,240964,53,400217
49878,0.019165,74.125.68.0-255,5738,246702,53,400217
49879,0.019175,172.31.46.0-255,66,246768,53,400217
49880,0.02129,74.125.68.0-255,5738,252506,53,400217
49881,0.021301,172.31.46.0-255,66,252572,53,400217
49882,0.023408,74.125.68.0-255,5738,258310,53,400217
49883,0.023421,172.31.46.0-255,66,258376,53,400217
49884,0.025532,74.125.68.0-255,5738,264114,53,400217
49885,0.025542,172.31.46.0-255,66,264180,53,400217
49886,0.027658,74.125.68.0-255,5738,269918,53,400217
49887,0.027674,172.31.46.0-255,66,269984,53,400217
49888,0.029796,74.125.68.0-255,5738,275722,53,400217
49889,0.029808,172.31.46.0-255,66,275788,53,400217
49890,0.031924,74.125.68.0-255,5738,281526,53,400217
49891,0.031937,172.31.46.0-255,66,281592,53,400217
49892,0.034042,74.125.68.0-255,5738,287330,53,400217
49893,0.034052,172.31.46.0-255,66,287396,53,400217
49894,0.035286,172.31.46.0-255,176,287572,53,400217
49895,0.035317,172.31.46.0-255,1112,288684,53,400217
49896,0.035382,172.31.46.0-255,1514,290198,53,400217
49897,0.035384,172.31.46.0-255,1291,291489,53,400217
49898,0.036161,74.125.68.0-255,5738,297227,53,400217
49899,0.03617,172.31.46.0-255,66,297293,53,400217
49900,0.036792,104.244.42.0-255,66,297359,53,400217
49901,0.036866,104.244.42.0-255,66,297425,53,400217
49902,0.036937,104.244.42.0-255,66,297491,53,400217
49903,0.038367,74.125.68.0-255,5738,303229,53,400217
49904,0.038387,172.31.46.0-255,66,303295,53,400217
49905,0.04051,74.125.68.0-255,5738,309033,53,400217
49906,0.040525,172.31.46.0-255,66,309099,53,400217
49907,0.042652,74.125.68.0-255,5738,314837,53,400217
49908,0.042664,172.31.46.0-255,66,314903,53,400217
49909,0.044783,74.125.68.0-255,5738,320641,53,400217
49910,0.044792,172.31.46.0-255,66,320707,53,400217
49911,0.046902,74.125.68.0-255,5738,326445,53,400217
49912,0.04691,172.31.46.0-255,66,326511,53,400217
49913,0.049031,74.125.68.0-255,5738,332249,53,400217
49914,0.049042,172.31.46.0-255,66,332315,53,400217
49915,0.051159,74.125.68.0-255,5738,338053,53,400217
49916,0.051171,172.31.46.0-255,66,338119,53,400217
49917,0.05329,74.125.68.0-255,5738,343857,53,400217
49918,0.053303,172.31.46.0-255,66,343923,53,400217
49919,0.055417,74.125.68.0-255,5738,349661,53,400217
49920,0.055425,172.31.46.0-255,66,349727,53,400217
49921,0.057556,74.125.68.0-255,5738,355465,53,400217
49922,0.057572,172.31.46.0-255,66,355531,53,400217
49923,0.059698,74.125.68.0-255,5738,361269,53,400217
49924,0.059708,172.31.46.0-255,66,361335,53,400217
49925,0.06184,74.125.68.0-255,5738,367073,53,400217
49926,0.06185,172.31.46.0-255,66,367139,53,400217
49927,0.063997,74.125.68.0-255,5738,372877,53,400217
49928,0.064009,172.31.46.0-255,66,372943,53,400217
49929,0.066138,74.125.68.0-255,5738,378681,53,400217
49930,0.066153,172.31.46.0-255,66,378747,53,400217
49931,0.06826,74.125.68.0-255,2902,381649,53,400217
49932,0.06827,172.31.46.0-255,66,381715,53,400217
49933,0.068299,74.125.68.0-255,2902,384617,53,400217
49934,0.068303,172.31.46.0-255,66,384683,53,400217
49935,0.070397,74.125.68.0-255,5738,390421,53,400217
49936,0.070418,172.31.46.0-255,66,390487,53,400217
49937,0.072538,74.125.68.0-255,5738,396225,53,400217
49938,0.07255,172.31.46.0-255,66,396291,53,400217
49939,0.074668,74.125.68.0-255,3689,399980,53,400217
49940,0.074686,172.31.46.0-255,66,400046,53,400217
49941,0.074974,172.31.46.0-255,105,400151,53,400217
49942,0.077049,74.125.68.0-255,66,400217,53,400217
49943,0.0,172.217.194.0-255,150,150,53,179916
49944,2.2e-05,172.31.46.0-255,66,216,53,179916
49945,2.9e-05,172.217.194.0-255,1484,1700,53,179916
49946,3.3e-05,172.31.46.0-255,66,1766,53,179916
49947,3.8e-05,172.217.194.0-255,2902,4668,53,179916
49948,4.8e-05,172.31.46.0-255,66,4734,53,179916
49949,5.1e-05,172.217.194.0-255,1484,6218,53,179916
49950,5.3e-05,172.31.46.0-255,66,6284,53,179916
49951,5.8e-05,172.217.194.0-255,2902,9186,53,179916
49952,6e-05,172.31.46.0-255,66,9252,53,179916
49953,9.5e-05,172.217.194.0-255,6194,15446,53,179916
49954,9.8e-05,172.31.46.0-255,66,15512,53,179916
49955,0.000105,172.217.194.0-255,7156,22668,53,179916
49956,0.000107,172.31.46.0-255,66,22734,53,179916
49957,0.000129,172.217.194.0-255,2902,25636,53,179916
49958,0.000135,172.31.46.0-255,66,25702,53,179916
49959,0.000155,172.217.194.0-255,5379,31081,53,179916
49960,0.000158,172.31.46.0-255,66,31147,53,179916
49961,0.000196,172.217.194.0-255,2902,34049,53,179916
49962,0.000199,172.31.46.0-255,66,34115,53,179916
49963,0.000221,172.217.194.0-255,2902,37017,53,179916
49964,0.000224,172.31.46.0-255,66,37083,53,179916
49965,0.000231,172.217.194.0-255,7156,44239,53,179916
49966,0.000233,172.31.46.0-255,66,44305,53,179916
49967,0.00027,172.31.46.0-255,66,44371,53,179916
49968,0.000276,172.217.194.0-255,6438,50809,53,179916
49969,0.000279,172.31.46.0-255,66,50875,53,179916
49970,0.000306,172.217.194.0-255,678,51553,53,179916
49971,0.000312,172.31.46.0-255,66,51619,53,179916
49972,0.000381,172.217.194.0-255,1484,53103,53,179916
49973,0.000383,172.31.46.0-255,66,53169,53,179916
49974,0.000388,172.217.194.0-255,2902,56071,53,179916
49975,0.00039,172.31.46.0-255,66,56137,53,179916
49976,0.000393,172.217.194.0-255,1484,57621,53,179916
49977,0.000419,172.217.194.0-255,4320,61941,53,179916
49978,0.000421,172.31.46.0-255,66,62007,53,179916
49979,0.000428,172.217.194.0-255,7156,69163,53,179916
49980,0.00043,172.31.46.0-255,66,69229,53,179916
49981,0.000463,172.31.46.0-255,66,69295,53,179916
49982,0.000497,172.217.194.0-255,1484,70779,53,179916
49983,0.000502,172.217.194.0-255,2184,72963,53,179916
49984,0.000505,172.31.46.0-255,66,73029,53,179916
49985,0.000758,172.217.194.0-255,1484,74513,53,179916
49986,0.00078,172.217.194.0-255,2902,77415,53,179916
49987,0.000784,172.31.46.0-255,66,77481,53,179916
49988,0.00079,172.217.194.0-255,5738,83219,53,179916
49989,0.000793,172.31.46.0-255,66,83285,53,179916
49990,0.000816,172.31.46.0-255,66,83351,53,179916
49991,0.000856,172.31.46.0-255,66,83417,53,179916
49992,0.000882,172.217.194.0-255,1484,84901,53,179916
49993,0.000903,172.217.194.0-255,2902,87803,53,179916
49994,0.000905,172.31.46.0-255,66,87869,53,179916
49995,0.000934,172.217.194.0-255,5738,93607,53,179916
49996,0.000937,172.31.46.0-255,66,93673,53,179916
49997,0.000952,172.31.46.0-255,66,93739,53,179916
49998,0.000979,172.217.194.0-255,4320,98059,53,179916
49999,0.000981,172.31.46.0-255,66,98125,53,179916
50000,0.001016,172.31.46.0-255,66,98191,53,179916
50001,0.001073,172.31.46.0-255,66,98257,53,179916
50002,0.001104,172.217.194.0-255,2902,101159,53,179916
50003,0.001107,172.31.46.0-255,66,101225,53,179916
50004,0.00112,172.31.46.0-255,66,101291,53,179916
50005,0.001131,172.31.46.0-255,66,101357,53,179916
50006,0.001144,172.31.46.0-255,66,101423,53,179916
50007,0.001153,172.31.46.0-255,66,101489,53,179916
50008,0.001194,172.217.194.0-255,1484,102973,53,179916
50009,0.001198,172.217.194.0-255,2902,105875,53,179916
50010,0.0012,172.31.46.0-255,66,105941,53,179916
50011,0.001226,172.217.194.0-255,5738,111679,53,179916
50012,0.001228,172.31.46.0-255,66,111745,53,179916
50013,0.001262,172.217.194.0-255,7156,118901,53,179916
50014,0.001265,172.31.46.0-255,66,118967,53,179916
50015,0.001286,172.31.46.0-255,66,119033,53,179916
50016,0.001289,172.217.194.0-255,2184,121217,53,179916
50017,0.001291,172.31.46.0-255,66,121283,53,179916
50018,0.001359,172.217.194.0-255,1484,122767,53,179916
50019,0.001363,172.217.194.0-255,2902,125669,53,179916
50020,0.001366,172.31.46.0-255,66,125735,53,179916
50021,0.001372,172.217.194.0-255,4320,130055,53,179916
50022,0.001374,172.31.46.0-255,66,130121,53,179916
50023,0.001399,172.217.194.0-255,1484,131605,53,179916
50024,0.001409,172.31.46.0-255,66,131671,53,179916
50025,0.001431,172.217.194.0-255,2902,134573,53,179916
50026,0.001434,172.31.46.0-255,78,134651,53,179916
50027,0.001443,172.31.46.0-255,78,134729,53,179916
50028,0.001474,172.31.46.0-255,78,134807,53,179916
50029,0.0015,172.217.194.0-255,766,135573,53,179916
50030,0.001503,172.31.46.0-255,78,135651,53,179916
50031,0.001519,172.31.46.0-255,78,135729,53,179916
50032,0.001531,172.31.46.0-255,78,135807,53,179916
50033,0.001537,172.217.194.0-255,5738,141545,53,179916
50034,0.001539,172.31.46.0-255,78,141623,53,179916
50035,0.001576,172.217.194.0-255,7156,148779,53,179916
50036,0.001579,172.31.46.0-255,78,148857,53,179916
50037,0.001595,172.31.46.0-255,78,148935,53,179916
50038,0.001598,172.217.194.0-255,1484,150419,53,179916
50039,0.0016,172.31.46.0-255,78,150497,53,179916
50040,0.001635,172.217.194.0-255,6438,156935,53,179916
50041,0.001637,172.31.46.0-255,78,157013,53,179916
50042,0.00193,172.217.194.0-255,1484,158497,53,179916
50043,0.001935,172.31.46.0-255,78,158575,53,179916
50044,0.00194,172.217.194.0-255,2902,161477,53,179916
50045,0.001942,172.31.46.0-255,78,161555,53,179916
50046,0.001946,172.217.194.0-255,2902,164457,53,179916
50047,0.001948,172.31.46.0-255,78,164535,53,179916
50048,0.001962,172.217.194.0-255,2902,167437,53,179916
50049,0.001964,172.31.46.0-255,78,167515,53,179916
50050,0.00197,172.217.194.0-255,5738,173253,53,179916
50051,0.001971,172.31.46.0-255,78,173331,53,179916
50052,0.002013,172.217.194.0-255,1277,174608,53,179916
50053,0.002017,172.31.46.0-255,78,174686,53,179916
50054,0.002072,172.217.194.0-255,105,174791,53,179916
50055,0.002075,172.31.46.0-255,78,174869,53,179916
50056,0.008462,172.217.194.0-255,1484,176353,53,179916
50057,0.008515,172.31.46.0-255,66,176419,53,179916
50058,0.010092,172.31.46.0-255,105,176524,53,179916
50059,0.012356,172.217.194.0-255,66,176590,53,179916
50060,0.029117,172.31.46.0-255,172,176762,53,179916
50061,0.029148,172.31.46.0-255,1111,177873,53,179916
50062,0.029201,172.31.46.0-255,1514,179387,53,179916
50063,0.029203,172.31.46.0-255,331,179718,53,179916
50064,0.030711,104.244.42.0-255,66,179784,53,179916
50065,0.030739,104.244.42.0-255,66,179850,53,179916
50066,0.030756,104.244.42.0-255,66,179916,53,179916
50067,0.0,74.125.24.0-255,156,156,53,336806
50068,2.4e-05,172.31.46.0-255,66,222,53,336806
50069,3e-05,74.125.24.0-255,1484,1706,53,336806
50070,3.4e-05,172.31.46.0-255,66,1772,53,336806
50071,4e-05,74.125.24.0-255,2902,4674,53,336806
50072,4.2e-05,172.31.46.0-255,66,4740,53,336806
50073,5e-05,74.125.24.0-255,7156,11896,53,336806
50074,5.2e-05,172.31.46.0-255,66,11962,53,336806
50075,7.2e-05,74.125.24.0-255,2052,14014,53,336806
50076,7.5e-05,172.31.46.0-255,66,14080,53,336806
50077,0.000108,74.125.24.0-255,2902,16982,53,336806
50078,0.000111,172.31.46.0-255,66,17048,53,336806
50079,0.000114,74.125.24.0-255,1484,18532,53,336806
50080,0.000116,172.31.46.0-255,66,18598,53,336806
50081,0.00013,74.125.24.0-255,1484,20082,53,336806
50082,0.000133,172.31.46.0-255,66,20148,53,336806
50083,0.000139,74.125.24.0-255,7156,27304,53,336806
50084,0.000142,172.31.46.0-255,66,27370,53,336806
50085,0.000162,74.125.24.0-255,1484,28854,53,336806
50086,0.000164,172.31.46.0-255,66,28920,53,336806
50087,0.000184,74.125.24.0-255,2543,31463,53,336806
50088,0.000186,172.31.46.0-255,66,31529,53,336806
50089,0.000396,74.125.24.0-255,1484,33013,53,336806
50090,0.0004,172.31.46.0-255,66,33079,53,336806
50091,0.000405,74.125.24.0-255,2902,35981,53,336806
50092,0.000408,172.31.46.0-255,66,36047,53,336806
50093,0.000412,74.125.24.0-255,2902,38949,53,336806
50094,0.000414,172.31.46.0-255,66,39015,53,336806
50095,0.000438,74.125.24.0-255,2902,41917,53,336806
50096,0.00044,172.31.46.0-255,66,41983,53,336806
50097,0.000499,74.125.24.0-255,1484,43467,53,336806
50098,0.000502,172.31.46.0-255,66,43533,53,336806
50099,0.000527,74.125.24.0-255,5379,48912,53,336806
50100,0.000529,172.31.46.0-255,66,48978,53,336806
50101,0.000538,74.125.24.0-255,7156,56134,53,336806
50102,0.00054,172.31.46.0-255,66,56200,53,336806
50103,0.00057,172.31.46.0-255,66,56266,53,336806
50104,0.001331,74.125.24.0-255,342,56608,53,336806
50105,0.001357,74.125.24.0-255,1484,58092,53,336806
50106,0.001362,172.31.46.0-255,66,58158,53,336806
50107,0.001369,74.125.24.0-255,4320,62478,53,336806
50108,0.001371,172.31.46.0-255,66,62544,53,336806
50109,0.001405,74.125.24.0-255,7156,69700,53,336806
50110,0.001408,172.31.46.0-255,66,69766,53,336806
50111,0.001418,172.31.46.0-255,66,69832,53,336806
50112,0.001438,74.125.24.0-255,2902,72734,53,336806
50113,0.00144,172.31.46.0-255,66,72800,53,336806
50114,0.001462,172.31.46.0-255,66,72866,53,336806
50115,0.002139,74.125.24.0-255,1484,74350,53,336806
50116,0.002147,74.125.24.0-255,2902,77252,53,336806
50117,0.002151,172.31.46.0-255,66,77318,53,336806
50118,0.00216,74.125.24.0-255,5738,83056,53,336806
50119,0.002162,172.31.46.0-255,66,83122,53,336806
50120,0.002189,172.31.46.0-255,66,83188,53,336806
50121,0.002211,74.125.24.0-255,4320,87508,53,336806
50122,0.002214,172.31.46.0-255,66,87574,53,336806
50123,0.002221,74.125.24.0-255,4320,91894,53,336806
50124,0.002223,172.31.46.0-255,66,91960,53,336806
50125,0.002253,74.125.24.0-255,6438,98398,53,336806
50126,0.002256,172.31.46.0-255,66,98464,53,336806
50127,0.002268,172.31.46.0-255,66,98530,53,336806
50128,0.002284,172.31.46.0-255,66,98596,53,336806
50129,0.002307,74.125.24.0-255,4320,102916,53,336806
50130,0.002309,172.31.46.0-255,66,102982,53,336806
50131,0.002324,74.125.24.0-255,3602,106584,53,336806
50132,0.002326,172.31.46.0-255,66,106650,53,336806
50133,0.004585,74.125.24.0-255,5738,112388,53,336806
50134,0.004593,172.31.46.0-255,66,112454,53,336806
50135,0.006864,74.125.24.0-255,5738,118192,53,336806
50136,0.006879,172.31.46.0-255,66,118258,53,336806
50137,0.009183,74.125.24.0-255,5738,123996,53,336806
50138,0.009194,172.31.46.0-255,66,124062,53,336806
50139,0.01148,74.125.24.0-255,5738,129800,53,336806
50140,0.011489,172.31.46.0-255,66,129866,53,336806
50141,0.013762,74.125.24.0-255,5738,135604,53,336806
50142,0.013769,172.31.46.0-255,66,135670,53,336806
50143,0.016051,74.125.24.0-255,5738,141408,53,336806
50144,0.016061,172.31.46.0-255,66,141474,53,336806
50145,0.018359,74.125.24.0-255,5738,147212,53,336806
50146,0.018368,172.31.46.0-255,66,147278,53,336806
50147,0.02069,74.125.24.0-255,5738,153016,53,336806
50148,0.020702,172.31.46.0-255,66,153082,53,336806
50149,0.022969,74.125.24.0-255,5738,158820,53,336806
50150,0.022975,172.31.46.0-255,66,158886,53,336806
50151,0.023357,172.31.46.0-255,164,159050,53,336806
50152,0.023384,172.31.46.0-255,1121,160171,53,336806
50153,0.023442,172.31.46.0-255,1514,161685,53,336806
50154,0.023443,172.31.46.0-255,1283,162968,53,336806
50155,0.024904,104.244.42.0-255,66,163034,53,336806
50156,0.024931,104.244.42.0-255,66,163100,53,336806
50157,0.024965,104.244.42.0-255,66,163166,53,336806
50158,0.025254,74.125.24.0-255,5738,168904,53,336806
50159,0.025261,172.31.46.0-255,66,168970,53,336806
50160,0.027547,74.125.24.0-255,5738,174708,53,336806
50161,0.027553,172.31.46.0-255,66,174774,53,336806
50162,0.029845,74.125.24.0-255,5738,180512,53,336806
50163,0.029852,172.31.46.0-255,66,180578,53,336806
50164,0.032111,74.125.24.0-255,5738,186316,53,336806
50165,0.032121,172.31.46.0-255,66,186382,53,336806
50166,0.034406,74.125.24.0-255,5738,192120,53,336806
50167,0.034419,172.31.46.0-255,66,192186,53,336806
50168,0.036727,74.125.24.0-255,5738,197924,53,336806
50169,0.036735,172.31.46.0-255,66,197990,53,336806
50170,0.039031,74.125.24.0-255,5738,203728,53,336806
50171,0.039039,172.31.46.0-255,66,203794,53,336806
50172,0.041314,74.125.24.0-255,5738,209532,53,336806
50173,0.041323,172.31.46.0-255,66,209598,53,336806
50174,0.043614,74.125.24.0-255,5738,215336,53,336806
50175,0.04362,172.31.46.0-255,66,215402,53,336806
50176,0.045935,74.125.24.0-255,5738,221140,53,336806
50177,0.045941,172.31.46.0-255,66,221206,53,336806
50178,0.04824,74.125.24.0-255,5738,226944,53,336806
50179,0.048245,172.31.46.0-255,66,227010,53,336806
50180,0.05052,74.125.24.0-255,5738,232748,53,336806
50181,0.050528,172.31.46.0-255,66,232814,53,336806
50182,0.052834,74.125.24.0-255,5738,238552,53,336806
50183,0.052841,172.31.46.0-255,66,238618,53,336806
50184,0.055131,74.125.24.0-255,5738,244356,53,336806
50185,0.055139,172.31.46.0-255,66,244422,53,336806
50186,0.057434,74.125.24.0-255,5738,250160,53,336806
50187,0.057446,172.31.46.0-255,66,250226,53,336806
50188,0.059742,74.125.24.0-255,5738,255964,53,336806
50189,0.059752,172.31.46.0-255,66,256030,53,336806
50190,0.062015,74.125.24.0-255,5738,261768,53,336806
50191,0.062022,172.31.46.0-255,66,261834,53,336806
50192,0.064298,74.125.24.0-255,5738,267572,53,336806
50193,0.064304,172.31.46.0-255,66,267638,53,336806
50194,0.066589,74.125.24.0-255,5738,273376,53,336806
50195,0.066597,172.31.46.0-255,66,273442,53,336806
50196,0.068875,74.125.24.0-255,5738,279180,53,336806
50197,0.068889,172.31.46.0-255,66,279246,53,336806
50198,0.071183,74.125.24.0-255,5738,284984,53,336806
50199,0.071193,172.31.46.0-255,66,285050,53,336806
50200,0.073482,74.125.24.0-255,5738,290788,53,336806
50201,0.073491,172.31.46.0-255,66,290854,53,336806
50202,0.075766,74.125.24.0-255,5738,296592,53,336806
50203,0.075774,172.31.46.0-255,66,296658,53,336806
50204,0.078045,74.125.24.0-255,5738,302396,53,336806
50205,0.078052,172.31.46.0-255,66,302462,53,336806
50206,0.080345,74.125.24.0-255,5738,308200,53,336806
50207,0.080357,172.31.46.0-255,66,308266,53,336806
50208,0.082609,74.125.24.0-255,5738,314004,53,336806
50209,0.082621,172.31.46.0-255,66,314070,53,336806
50210,0.084929,74.125.24.0-255,5738,319808,53,336806
50211,0.084964,172.31.46.0-255,66,319874,53,336806
50212,0.087257,74.125.24.0-255,5738,325612,53,336806
50213,0.087266,172.31.46.0-255,66,325678,53,336806
50214,0.08955,74.125.24.0-255,5738,331416,53,336806
50215,0.08956,172.31.46.0-255,66,331482,53,336806
50216,0.091835,74.125.24.0-255,5087,336569,53,336806
50217,0.091842,172.31.46.0-255,66,336635,53,336806
50218,0.092034,172.31.46.0-255,105,336740,53,336806
50219,0.094265,74.125.24.0-255,66,336806,53,336806
50220,0.0,172.217.194.0-255,150,150,53,209294
50221,1.6e-05,172.31.46.0-255,66,216,53,209294
50222,2.3e-05,172.217.194.0-255,1484,1700,53,209294
50223,2.8e-05,172.31.46.0-255,66,1766,53,209294
50224,4.1e-05,172.217.194.0-255,2902,4668,53,209294
50225,4.5e-05,172.31.46.0-255,66,4734,53,209294
50226,5.3e-05,172.217.194.0-255,7156,11890,53,209294
50227,5.7e-05,172.31.46.0-255,66,11956,53,209294
50228,0.000112,172.31.46.0-255,66,12022,53,209294
50229,0.000116,172.217.194.0-255,2543,14565,53,209294
50230,0.000118,172.31.46.0-255,66,14631,53,209294
50231,0.000198,172.217.194.0-255,1484,16115,53,209294
50232,0.000201,172.31.46.0-255,66,16181,53,209294
50233,0.000207,172.217.194.0-255,2902,19083,53,209294
50234,0.00021,172.31.46.0-255,66,19149,53,209294
50235,0.000222,172.217.194.0-255,5738,24887,53,209294
50236,0.000224,172.31.46.0-255,66,24953,53,209294
50237,0.000231,172.217.194.0-255,5738,30691,53,209294
50238,0.000234,172.31.46.0-255,66,30757,53,209294
50239,0.000273,172.217.194.0-255,7156,37913,53,209294
50240,0.000276,172.31.46.0-255,66,37979,53,209294
50241,0.000304,172.217.194.0-255,4320,42299,53,209294
50242,0.000306,172.31.46.0-255,66,42365,53,209294
50243,0.000337,172.217.194.0-255,6782,49147,53,209294
50244,0.00034,172.31.46.0-255,66,49213,53,209294
50245,0.000343,172.217.194.0-255,1484,50697,53,209294
50246,0.000346,172.31.46.0-255,66,50763,53,209294
50247,0.000351,172.217.194.0-255,2902,53665,53,209294
50248,0.000357,172.31.46.0-255,66,53731,53,209294
50249,0.000386,172.217.194.0-255,2902,56633,53,209294
50250,0.000389,172.31.46.0-255,66,56699,53,209294
50251,0.000413,172.217.194.0-255,2902,59601,53,209294
50252,0.00042,172.31.46.0-255,66,59667,53,209294
50253,0.000427,172.217.194.0-255,5738,65405,53,209294
50254,0.000429,172.31.46.0-255,66,65471,53,209294
50255,0.000444,172.31.46.0-255,66,65537,53,209294
50256,0.00045,172.217.194.0-255,4738,70275,53,209294
50257,0.000452,172.31.46.0-255,66,70341,53,209294
50258,0.000487,172.217.194.0-255,5738,76079,53,209294
50259,0.00049,172.31.46.0-255,66,76145,53,209294
50260,0.000495,172.217.194.0-255,2902,79047,53,209294
50261,0.000497,172.31.46.0-255,66,79113,53,209294
50262,0.000537,172.31.46.0-255,66,79179,53,209294
50263,0.000545,172.217.194.0-255,5738,84917,53,209294
50264,0.000547,172.31.46.0-255,66,84983,53,209294
50265,0.000579,172.31.46.0-255,66,85049,53,209294
50266,0.000689,172.217.194.0-255,1484,86533,53,209294
50267,0.000694,172.217.194.0-255,2902,89435,53,209294
50268,0.000697,172.31.46.0-255,66,89501,53,209294
50269,0.000704,172.217.194.0-255,5738,95239,53,209294
50270,0.000707,172.31.46.0-255,66,95305,53,209294
50271,0.000725,172.31.46.0-255,66,95371,53,209294
50272,0.000753,172.217.194.0-255,1484,96855,53,209294
50273,0.000767,172.217.194.0-255,4320,101175,53,209294
50274,0.000771,172.31.46.0-255,66,101241,53,209294
50275,0.000802,172.217.194.0-255,6438,107679,53,209294
50276,0.000805,172.31.46.0-255,66,107745,53,209294
50277,0.000808,172.217.194.0-255,1484,109229,53,209294
50278,0.000812,172.217.194.0-255,2902,112131,53,209294
50279,0.000814,172.31.46.0-255,66,112197,53,209294
50280,0.000826,172.217.194.0-255,5738,117935,53,209294
50281,0.000829,172.31.46.0-255,66,118001,53,209294
50282,0.000841,172.31.46.0-255,66,118067,53,209294
50283,0.000868,172.217.194.0-255,2902,120969,53,209294
50284,0.000871,172.31.46.0-255,66,121035,53,209294
50285,0.000889,172.31.46.0-255,66,121101,53,209294
50286,0.000894,172.217.194.0-255,3602,124703,53,209294
50287,0.000897,172.31.46.0-255,66,124769,53,209294
50288,0.000902,172.217.194.0-255,4320,129089,53,209294
50289,0.000905,172.31.46.0-255,66,129155,53,209294
50290,0.000944,172.31.46.0-255,66,129221,53,209294
50291,0.000947,172.217.194.0-255,1484,130705,53,209294
50292,0.000976,172.31.46.0-255,66,130771,53,209294
50293,0.001001,172.217.194.0-255,1484,132255,53,209294
50294,0.001033,172.31.46.0-255,66,132321,53,209294
50295,0.001072,172.31.46.0-255,66,132387,53,209294
50296,0.001079,172.217.194.0-255,6438,138825,53,209294
50297,0.001083,172.31.46.0-255,66,138891,53,209294
50298,0.001161,172.217.194.0-255,1484,140375,53,209294
50299,0.001182,172.217.194.0-255,2902,143277,53,209294
50300,0.001185,172.31.46.0-255,66,143343,53,209294
50301,0.001214,172.217.194.0-255,5738,149081,53,209294
50302,0.001218,172.31.46.0-255,66,149147,53,209294
50303,0.001224,172.217.194.0-255,5738,154885,53,209294
50304,0.001227,172.31.46.0-255,66,154951,53,209294
50305,0.001233,172.217.194.0-255,5738,160689,53,209294
50306,0.001253,172.31.46.0-255,66,160755,53,209294
50307,0.001283,172.217.194.0-255,7156,167911,53,209294
50308,0.001287,172.31.46.0-255,66,167977,53,209294
50309,0.001294,172.217.194.0-255,5020,172997,53,209294
50310,0.001296,172.31.46.0-255,66,173063,53,209294
50311,0.001398,172.217.194.0-255,1484,174547,53,209294
50312,0.001403,172.217.194.0-255,1484,176031,53,209294
50313,0.001405,172.31.46.0-255,66,176097,53,209294
50314,0.001434,172.217.194.0-255,1484,177581,53,209294
50315,0.001441,172.217.194.0-255,5738,183319,53,209294
50316,0.001443,172.31.46.0-255,66,183385,53,209294
50317,0.001457,172.31.46.0-255,66,183451,53,209294
50318,0.001468,172.217.194.0-255,4320,187771,53,209294
50319,0.00147,172.31.46.0-255,66,187837,53,209294
50320,0.001511,172.217.194.0-255,6438,194275,53,209294
50321,0.001514,172.31.46.0-255,66,194341,53,209294
50322,0.001533,172.217.194.0-255,2902,197243,53,209294
50323,0.001536,172.31.46.0-255,66,197309,53,209294
50324,0.00157,172.31.46.0-255,66,197375,53,209294
50325,0.001611,172.31.46.0-255,66,197441,53,209294
50326,0.001617,172.217.194.0-255,4320,201761,53,209294
50327,0.001619,172.31.46.0-255,66,201827,53,209294
50328,0.001658,172.31.46.0-255,66,201893,53,209294
50329,0.001684,172.217.194.0-255,3602,205495,53,209294
50330,0.001687,172.31.46.0-255,66,205561,53,209294
50331,0.001697,172.31.46.0-255,66,205627,53,209294
50332,0.001704,172.217.194.0-255,105,205732,53,209294
50333,0.010266,172.31.46.0-255,66,205798,53,209294
50334,0.010301,172.31.46.0-255,105,205903,53,209294
50335,0.012833,172.217.194.0-255,66,205969,53,209294
50336,0.031539,172.31.46.0-255,172,206141,53,209294
50337,0.031571,172.31.46.0-255,1111,207252,53,209294
50338,0.031632,172.31.46.0-255,1514,208766,53,209294
50339,0.031634,172.31.46.0-255,330,209096,53,209294
50340,0.033066,104.244.42.0-255,66,209162,53,209294
50341,0.033117,104.244.42.0-255,66,209228,53,209294
50342,0.033161,104.244.42.0-255,66,209294,53,209294
50343,0.0,74.125.68.0-255,152,152,53,289697
50344,1.9e-05,172.31.46.0-255,66,218,53,289697
50345,2.5e-05,74.125.68.0-255,1484,1702,53,289697
50346,3e-05,172.31.46.0-255,66,1768,53,289697
50347,4.2e-05,74.125.68.0-255,2902,4670,53,289697
50348,4.5e-05,172.31.46.0-255,66,4736,53,289697
50349,5.1e-05,74.125.68.0-255,4320,9056,53,289697
50350,5.3e-05,172.31.46.0-255,66,9122,53,289697
50351,8.5e-05,74.125.68.0-255,4320,13442,53,289697
50352,8.7e-05,172.31.46.0-255,66,13508,53,289697
50353,0.000108,74.125.68.0-255,550,14058,53,289697
50354,0.000111,172.31.46.0-255,66,14124,53,289697
50355,0.000137,74.125.68.0-255,4320,18444,53,289697
50356,0.00014,172.31.46.0-255,66,18510,53,289697
50357,0.000165,74.125.68.0-255,5738,24248,53,289697
50358,0.000167,172.31.46.0-255,66,24314,53,289697
50359,0.000194,74.125.68.0-255,6797,31111,53,289697
50360,0.000196,172.31.46.0-255,66,31177,53,289697
50361,0.000301,74.125.68.0-255,1484,32661,53,289697
50362,0.000305,172.31.46.0-255,66,32727,53,289697
50363,0.000309,74.125.68.0-255,1484,34211,53,289697
50364,0.000311,172.31.46.0-255,66,34277,53,289697
50365,0.00033,74.125.68.0-255,1484,35761,53,289697
50366,0.000336,172.31.46.0-255,66,35827,53,289697
50367,0.000342,74.125.68.0-255,5738,41565,53,289697
50368,0.000345,172.31.46.0-255,66,41631,53,289697
50369,0.000347,74.125.68.0-255,1484,43115,53,289697
50370,0.000349,172.31.46.0-255,66,43181,53,289697
50371,0.00038,74.125.68.0-255,5379,48560,53,289697
50372,0.000386,172.31.46.0-255,66,48626,53,289697
50373,0.000395,172.31.46.0-255,66,48692,53,289697
50374,0.000422,74.125.68.0-255,1484,50176,53,289697
50375,0.000435,74.125.68.0-255,2902,53078,53,289697
50376,0.000437,172.31.46.0-255,66,53144,53,289697
50377,0.000462,74.125.68.0-255,3961,57105,53,289697
50378,0.000465,172.31.46.0-255,66,57171,53,289697
50379,0.000467,74.125.68.0-255,397,57568,53,289697
50380,0.000513,74.125.68.0-255,1484,59052,53,289697
50381,0.000515,172.31.46.0-255,66,59118,53,289697
50382,0.000534,74.125.68.0-255,4320,63438,53,289697
50383,0.000537,172.31.46.0-255,66,63504,53,289697
50384,0.000564,74.125.68.0-255,5738,69242,53,289697
50385,0.000566,172.31.46.0-255,66,69308,53,289697
50386,0.000601,74.125.68.0-255,5738,75046,53,289697
50387,0.000606,172.31.46.0-255,66,75112,53,289697
50388,0.000612,172.31.46.0-255,66,75178,53,289697
50389,0.000615,74.125.68.0-255,1484,76662,53,289697
50390,0.000642,74.125.68.0-255,2902,79564,53,289697
50391,0.000645,172.31.46.0-255,66,79630,53,289697
50392,0.000654,74.125.68.0-255,466,80096,53,289697
50393,0.000683,74.125.68.0-255,4320,84416,53,289697
50394,0.000686,172.31.46.0-255,66,84482,53,289697
50395,0.000703,74.125.68.0-255,2902,87384,53,289697
50396,0.000709,172.31.46.0-255,66,87450,53,289697
50397,0.000714,74.125.68.0-255,4320,91770,53,289697
50398,0.000716,172.31.46.0-255,66,91836,53,289697
50399,0.000761,172.31.46.0-255,66,91902,53,289697
50400,0.000766,74.125.68.0-255,5738,97640,53,289697
50401,0.000768,172.31.46.0-255,66,97706,53,289697
50402,0.000778,74.125.68.0-255,7156,104862,53,289697
50403,0.000781,172.31.46.0-255,66,104928,53,289697
50404,0.000807,74.125.68.0-255,766,105694,53,289697
50405,0.000825,74.125.68.0-255,1484,107178,53,289697
50406,0.000828,172.31.46.0-255,66,107244,53,289697
50407,0.00084,74.125.68.0-255,1484,108728,53,289697
50408,0.000863,74.125.68.0-255,2902,111630,53,289697
50409,0.000866,172.31.46.0-255,66,111696,53,289697
50410,0.000872,74.125.68.0-255,5738,117434,53,289697
50411,0.000874,172.31.46.0-255,66,117500,53,289697
50412,0.00089,74.125.68.0-255,2902,120402,53,289697
50413,0.000893,172.31.46.0-255,66,120468,53,289697
50414,0.000919,74.125.68.0-255,4320,124788,53,289697
50415,0.000954,172.31.46.0-255,66,124854,53,289697
50416,0.000957,172.31.46.0-255,66,124920,53,289697
50417,0.000985,74.125.68.0-255,6438,131358,53,289697
50418,0.000991,172.31.46.0-255,66,131424,53,289697
50419,0.000997,74.125.68.0-255,4320,135744,53,289697
50420,0.000999,172.31.46.0-255,66,135810,53,289697
50421,0.001028,74.125.68.0-255,2902,138712,53,289697
50422,0.001031,172.31.46.0-255,66,138778,53,289697
50423,0.001039,74.125.68.0-255,4320,143098,53,289697
50424,0.001041,172.31.46.0-255,66,143164,53,289697
50425,0.001046,74.125.68.0-255,5738,148902,53,289697
50426,0.001048,172.31.46.0-255,66,148968,53,289697
50427,0.001051,74.125.68.0-255,1484,150452,53,289697
50428,0.001095,172.31.46.0-255,66,150518,53,289697
50429,0.001099,74.125.68.0-255,4320,154838,53,289697
50430,0.001101,172.31.46.0-255,66,154904,53,289697
50431,0.001104,74.125.68.0-255,766,155670,53,289697
50432,0.00113,74.125.68.0-255,1484,157154,53,289697
50433,0.001132,172.31.46.0-255,66,157220,53,289697
50434,0.001156,74.125.68.0-255,1484,158704,53,289697
50435,0.001173,74.125.68.0-255,2902,161606,53,289697
50436,0.001175,172.31.46.0-255,66,161672,53,289697
50437,0.001178,74.125.68.0-255,1484,163156,53,289697
50438,0.001182,74.125.68.0-255,2902,166058,53,289697
50439,0.001184,172.31.46.0-255,66,166124,53,289697
50440,0.00121,74.125.68.0-255,5738,171862,53,289697
50441,0.001212,172.31.46.0-255,66,171928,53,289697
50442,0.00124,74.125.68.0-255,5738,177666,53,289697
50443,0.001242,172.31.46.0-255,66,177732,53,289697
50444,0.001268,74.125.68.0-255,4320,182052,53,289697
50445,0.001271,172.31.46.0-255,66,182118,53,289697
50446,0.001275,74.125.68.0-255,2902,185020,53,289697
50447,0.001277,172.31.46.0-255,66,185086,53,289697
50448,0.0013,74.125.68.0-255,5020,190106,53,289697
50449,0.001306,172.31.46.0-255,66,190172,53,289697
50450,0.001319,74.125.68.0-255,1484,191656,53,289697
50451,0.001355,74.125.68.0-255,7156,198812,53,289697
50452,0.001359,172.31.46.0-255,66,198878,53,289697
50453,0.001372,172.31.46.0-255,66,198944,53,289697
50454,0.001398,74.125.68.0-255,1484,200428,53,289697
50455,0.001409,172.31.46.0-255,66,200494,53,289697
50456,0.001437,74.125.68.0-255,5020,205514,53,289697
50457,0.001439,172.31.46.0-255,66,205580,53,289697
50458,0.001495,74.125.68.0-255,1484,207064,53,289697
50459,0.001508,74.125.68.0-255,2902,209966,53,289697
50460,0.00151,172.31.46.0-255,66,210032,53,289697
50461,0.001537,74.125.68.0-255,4320,214352,53,289697
50462,0.001539,172.31.46.0-255,66,214418,53,289697
50463,0.001544,74.125.68.0-255,5738,220156,53,289697
50464,0.001546,172.31.46.0-255,66,220222,53,289697
50465,0.001571,74.125.68.0-255,4320,224542,53,289697
50466,0.001573,172.31.46.0-255,66,224608,53,289697
50467,0.001607,74.125.68.0-255,7156,231764,53,289697
50468,0.00161,172.31.46.0-255,66,231830,53,289697
50469,0.001616,74.125.68.0-255,7156,238986,53,289697
50470,0.001618,172.31.46.0-255,66,239052,53,289697
50471,0.00162,74.125.68.0-255,766,239818,53,289697
50472,0.001664,74.125.68.0-255,1484,241302,53,289697
50473,0.001667,172.31.46.0-255,66,241368,53,289697
50474,0.001685,74.125.68.0-255,2902,244270,53,289697
50475,0.001688,172.31.46.0-255,66,244336,53,289697
50476,0.001693,74.125.68.0-255,4320,248656,53,289697
50477,0.001695,172.31.46.0-255,66,248722,53,289697
50478,0.001732,172.31.46.0-255,66,248788,53,289697
50479,0.001738,74.125.68.0-255,5738,254526,53,289697
50480,0.00174,172.31.46.0-255,66,254592,53,289697
50481,0.001772,74.125.68.0-255,7156,261748,53,289697
50482,0.001775,172.31.46.0-255,66,261814,53,289697
50483,0.0018,74.125.68.0-255,3602,265416,53,289697
50484,0.001802,172.31.46.0-255,66,265482,53,289697
50485,0.001807,74.125.68.0-255,4320,269802,53,289697
50486,0.001809,172.31.46.0-255,66,269868,53,289697
50487,0.001847,172.31.46.0-255,66,269934,53,289697
50488,0.001852,74.125.68.0-255,4320,274254,53,289697
50489,0.001854,172.31.46.0-255,66,274320,53,289697
50490,0.00191,172.31.46.0-255,66,274386,53,289697
50491,0.001941,172.31.46.0-255,66,274452,53,289697
50492,0.001946,74.125.68.0-255,5738,280190,53,289697
50493,0.001948,172.31.46.0-255,66,280256,53,289697
50494,0.001984,172.31.46.0-255,66,280322,53,289697
50495,0.001994,74.125.68.0-255,105,280427,53,289697
50496,0.008428,172.31.46.0-255,66,280493,53,289697
50497,0.008461,172.31.46.0-255,105,280598,53,289697
50498,0.010987,74.125.68.0-255,66,280664,53,289697
50499,0.037021,172.31.46.0-255,172,280836,53,289697
50500,0.037061,172.31.46.0-255,1107,281943,53,289697
50501,0.037127,172.31.46.0-255,1514,283457,53,289697
50502,0.037129,172.31.46.0-255,1514,284971,53,289697
50503,0.037137,172.31.46.0-255,1514,286485,53,289697
50504,0.037138,172.31.46.0-255,1514,287999,53,289697
50505,0.037161,172.31.46.0-255,1500,289499,53,289697
50506,0.038515,104.244.42.0-255,66,289565,53,289697
50507,0.038551,104.244.42.0-255,66,289631,53,289697
50508,0.038658,104.244.42.0-255,66,289697,53,289697
50509,0.0,172.31.46.0-255,105,105,53,276
50510,0.073434,31.13.82.0-255,105,210,53,276
50511,0.073455,172.31.46.0-255,66,276,53,276
50512,0.0,172.217.194.0-255,150,150,53,343962
50513,2.1e-05,172.31.46.0-255,66,216,53,343962
50514,2.8e-05,172.217.194.0-255,1484,1700,53,343962
50515,3.3e-05,172.31.46.0-255,66,1766,53,343962
50516,3.8e-05,172.217.194.0-255,2902,4668,53,343962
50517,4e-05,172.31.46.0-255,66,4734,53,343962
50518,4.8e-05,172.217.194.0-255,7156,11890,53,343962
50519,5.1e-05,172.31.46.0-255,66,11956,53,343962
50520,7e-05,172.217.194.0-255,2078,14034,53,343962
50521,7.2e-05,172.31.46.0-255,66,14100,53,343962
50522,0.000454,172.217.194.0-255,1484,15584,53,343962
50523,0.00046,172.31.46.0-255,66,15650,53,343962
50524,0.000466,172.217.194.0-255,2902,18552,53,343962
50525,0.000468,172.31.46.0-255,66,18618,53,343962
50526,0.000473,172.217.194.0-255,4320,22938,53,343962
50527,0.000475,172.31.46.0-255,66,23004,53,343962
50528,0.000496,172.217.194.0-255,1484,24488,53,343962
50529,0.000498,172.31.46.0-255,66,24554,53,343962
50530,0.000502,172.217.194.0-255,2902,27456,53,343962
50531,0.000504,172.31.46.0-255,66,27522,53,343962
50532,0.000519,172.217.194.0-255,3961,31483,53,343962
50533,0.000522,172.31.46.0-255,66,31549,53,343962
50534,0.000598,172.217.194.0-255,1484,33033,53,343962
50535,0.000601,172.31.46.0-255,66,33099,53,343962
50536,0.000606,172.217.194.0-255,2902,36001,53,343962
50537,0.000608,172.31.46.0-255,66,36067,53,343962
50538,0.000614,172.217.194.0-255,5738,41805,53,343962
50539,0.000617,172.31.46.0-255,66,41871,53,343962
50540,0.000655,172.31.46.0-255,66,41937,53,343962
50541,0.000665,172.31.46.0-255,66,42003,53,343962
50542,0.000839,172.217.194.0-255,118,42121,53,343962
50543,0.000871,172.217.194.0-255,1484,43605,53,343962
50544,0.000874,172.31.46.0-255,66,43671,53,343962
50545,0.000893,172.217.194.0-255,2902,46573,53,343962
50546,0.000896,172.31.46.0-255,66,46639,53,343962
50547,0.000899,172.217.194.0-255,1484,48123,53,343962
50548,0.000917,172.217.194.0-255,5738,53861,53,343962
50549,0.000919,172.31.46.0-255,66,53927,53,343962
50550,0.000946,172.217.194.0-255,5379,59306,53,343962
50551,0.000949,172.31.46.0-255,66,59372,53,343962
50552,0.000952,172.217.194.0-255,1484,60856,53,343962
50553,0.000971,172.217.194.0-255,4320,65176,53,343962
50554,0.000974,172.31.46.0-255,66,65242,53,343962
50555,0.001006,172.217.194.0-255,2902,68144,53,343962
50556,0.001009,172.31.46.0-255,66,68210,53,343962
50557,0.001037,172.31.46.0-255,66,68276,53,343962
50558,0.002073,172.217.194.0-255,1484,69760,53,343962
50559,0.002096,172.217.194.0-255,2902,72662,53,343962
50560,0.0021,172.31.46.0-255,66,72728,53,343962
50561,0.002108,172.217.194.0-255,5738,78466,53,343962
50562,0.00211,172.31.46.0-255,66,78532,53,343962
50563,0.002116,172.217.194.0-255,4320,82852,53,343962
50564,0.002118,172.31.46.0-255,66,82918,53,343962
50565,0.002139,172.217.194.0-255,5738,88656,53,343962
50566,0.002141,172.31.46.0-255,66,88722,53,343962
50567,0.002161,172.217.194.0-255,5738,94460,53,343962
50568,0.002163,172.31.46.0-255,66,94526,53,343962
50569,0.002179,172.217.194.0-255,7156,101682,53,343962
50570,0.002181,172.31.46.0-255,66,101748,53,343962
50571,0.002198,172.217.194.0-255,766,102514,53,343962
50572,0.004477,172.217.194.0-255,1484,103998,53,343962
50573,0.004481,172.31.46.0-255,66,104064,53,343962
50574,0.004501,172.217.194.0-255,2902,106966,53,343962
50575,0.004503,172.31.46.0-255,66,107032,53,343962
50576,0.006813,172.217.194.0-255,2902,109934,53,343962
50577,0.00682,172.31.46.0-255,66,110000,53,343962
50578,0.006856,172.217.194.0-255,2902,112902,53,343962
50579,0.006858,172.31.46.0-255,66,112968,53,343962
50580,0.009156,172.217.194.0-255,2902,115870,53,343962
50581,0.009162,172.31.46.0-255,66,115936,53,343962
50582,0.009217,172.217.194.0-255,2902,118838,53,343962
50583,0.009221,172.31.46.0-255,66,118904,53,343962
50584,0.011507,172.217.194.0-255,2902,121806,53,343962
50585,0.011516,172.31.46.0-255,66,121872,53,343962
50586,0.011563,172.217.194.0-255,2902,124774,53,343962
50587,0.011565,172.31.46.0-255,66,124840,53,343962
50588,0.013858,172.217.194.0-255,2902,127742,53,343962
50589,0.013866,172.31.46.0-255,66,127808,53,343962
50590,0.013963,172.217.194.0-255,2902,130710,53,343962
50591,0.013968,172.31.46.0-255,66,130776,53,343962
50592,0.016216,172.217.194.0-255,2902,133678,53,343962
50593,0.016224,172.31.46.0-255,66,133744,53,343962
50594,0.01629,172.217.194.0-255,2902,136646,53,343962
50595,0.016293,172.31.46.0-255,66,136712,53,343962
50596,0.018568,172.217.194.0-255,2902,139614,53,343962
50597,0.018575,172.31.46.0-255,66,139680,53,343962
50598,0.018634,172.217.194.0-255,2902,142582,53,343962
50599,0.018637,172.31.46.0-255,66,142648,53,343962
50600,0.020946,172.217.194.0-255,2902,145550,53,343962
50601,0.020954,172.31.46.0-255,66,145616,53,343962
50602,0.020978,172.217.194.0-255,2902,148518,53,343962
50603,0.020981,172.31.46.0-255,66,148584,53,343962
50604,0.022346,172.31.46.0-255,164,148748,53,343962
50605,0.022375,172.31.46.0-255,1121,149869,53,343962
50606,0.022435,172.31.46.0-255,1514,151383,53,343962
50607,0.022437,172.31.46.0-255,321,151704,53,343962
50608,0.023262,172.217.194.0-255,2902,154606,53,343962
50609,0.023269,172.31.46.0-255,66,154672,53,343962
50610,0.023293,172.217.194.0-255,2902,157574,53,343962
50611,0.023296,172.31.46.0-255,66,157640,53,343962
50612,0.023912,104.244.42.0-255,66,157706,53,343962
50613,0.02392,104.244.42.0-255,66,157772,53,343962
50614,0.023997,104.244.42.0-255,66,157838,53,343962
50615,0.025635,172.217.194.0-255,5738,163576,53,343962
50616,0.025641,172.31.46.0-255,66,163642,53,343962
50617,0.027979,172.217.194.0-255,5738,169380,53,343962
50618,0.027986,172.31.46.0-255,66,169446,53,343962
50619,0.030359,172.217.194.0-255,5738,175184,53,343962
50620,0.030367,172.31.46.0-255,66,175250,53,343962
50621,0.032685,172.217.194.0-255,5738,180988,53,343962
50622,0.032692,172.31.46.0-255,66,181054,53,343962
50623,0.035041,172.217.194.0-255,5738,186792,53,343962
50624,0.035049,172.31.46.0-255,66,186858,53,343962
50625,0.037416,172.217.194.0-255,5738,192596,53,343962
50626,0.037422,172.31.46.0-255,66,192662,53,343962
50627,0.039778,172.217.194.0-255,5738,198400,53,343962
50628,0.039788,172.31.46.0-255,66,198466,53,343962
50629,0.042149,172.217.194.0-255,5738,204204,53,343962
50630,0.042157,172.31.46.0-255,66,204270,53,343962
50631,0.044577,172.217.194.0-255,5738,210008,53,343962
50632,0.044583,172.31.46.0-255,66,210074,53,343962
50633,0.046961,172.217.194.0-255,5738,215812,53,343962
50634,0.046967,172.31.46.0-255,66,215878,53,343962
50635,0.049337,172.217.194.0-255,5738,221616,53,343962
50636,0.049343,172.31.46.0-255,66,221682,53,343962
50637,0.05167,172.217.194.0-255,5738,227420,53,343962
50638,0.051676,172.31.46.0-255,66,227486,53,343962
50639,0.054025,172.217.194.0-255,5738,233224,53,343962
50640,0.054031,172.31.46.0-255,66,233290,53,343962
50641,0.056366,172.217.194.0-255,5738,239028,53,343962
50642,0.056373,172.31.46.0-255,66,239094,53,343962
50643,0.058701,172.217.194.0-255,5738,244832,53,343962
50644,0.058708,172.31.46.0-255,66,244898,53,343962
50645,0.061069,172.217.194.0-255,5738,250636,53,343962
50646,0.061076,172.31.46.0-255,66,250702,53,343962
50647,0.063455,172.217.194.0-255,5738,256440,53,343962
50648,0.063461,172.31.46.0-255,66,256506,53,343962
50649,0.065803,172.217.194.0-255,5738,262244,53,343962
50650,0.065809,172.31.46.0-255,66,262310,53,343962
50651,0.068153,172.217.194.0-255,5738,268048,53,343962
50652,0.068158,172.31.46.0-255,66,268114,53,343962
50653,0.070519,172.217.194.0-255,5738,273852,53,343962
50654,0.070525,172.31.46.0-255,66,273918,53,343962
50655,0.072873,172.217.194.0-255,5738,279656,53,343962
50656,0.07288,172.31.46.0-255,66,279722,53,343962
50657,0.075225,172.217.194.0-255,5738,285460,53,343962
50658,0.075231,172.31.46.0-255,66,285526,53,343962
50659,0.0776,172.217.194.0-255,5738,291264,53,343962
50660,0.077606,172.31.46.0-255,66,291330,53,343962
50661,0.079951,172.217.194.0-255,5738,297068,53,343962
50662,0.079957,172.31.46.0-255,66,297134,53,343962
50663,0.082307,172.217.194.0-255,5738,302872,53,343962
50664,0.082314,172.31.46.0-255,66,302938,53,343962
50665,0.084676,172.217.194.0-255,5738,308676,53,343962
50666,0.084682,172.31.46.0-255,66,308742,53,343962
50667,0.087024,172.217.194.0-255,5738,314480,53,343962
50668,0.08703,172.31.46.0-255,66,314546,53,343962
50669,0.089422,172.217.194.0-255,5738,320284,53,343962
50670,0.089428,172.31.46.0-255,66,320350,53,343962
50671,0.091799,172.217.194.0-255,5738,326088,53,343962
50672,0.091806,172.31.46.0-255,66,326154,53,343962
50673,0.094241,172.217.194.0-255,2902,329056,53,343962
50674,0.094248,172.31.46.0-255,66,329122,53,343962
50675,0.094265,172.217.194.0-255,2902,332024,53,343962
50676,0.094268,172.31.46.0-255,66,332090,53,343962
50677,0.096579,172.217.194.0-255,2902,334992,53,343962
50678,0.096585,172.31.46.0-255,66,335058,53,343962
50679,0.096609,172.217.194.0-255,2902,337960,53,343962
50680,0.096612,172.31.46.0-255,66,338026,53,343962
50681,0.098949,172.217.194.0-255,2902,340928,53,343962
50682,0.098956,172.31.46.0-255,66,340994,53,343962
50683,0.09898,172.217.194.0-255,2902,343896,53,343962
50684,0.098982,172.31.46.0-255,66,343962,53,343962
50685,0.0,74.125.68.0-255,153,153,53,369074
50686,2.8e-05,172.31.46.0-255,66,219,53,369074
50687,3.6e-05,74.125.68.0-255,1484,1703,53,369074
50688,4.2e-05,172.31.46.0-255,66,1769,53,369074
50689,5.9e-05,74.125.68.0-255,2902,4671,53,369074
50690,6.4e-05,172.31.46.0-255,66,4737,53,369074
50691,7.2e-05,74.125.68.0-255,5738,10475,53,369074
50692,7.5e-05,172.31.46.0-255,66,10541,53,369074
50693,7.8e-05,74.125.68.0-255,1484,12025,53,369074
50694,8.1e-05,172.31.46.0-255,66,12091,53,369074
50695,0.000117,74.125.68.0-255,4320,16411,53,369074
50696,0.00012,172.31.46.0-255,66,16477,53,369074
50697,0.000143,74.125.68.0-255,2055,18532,53,369074
50698,0.000145,172.31.46.0-255,66,18598,53,369074
50699,0.000154,74.125.68.0-255,5738,24336,53,369074
50700,0.000156,172.31.46.0-255,66,24402,53,369074
50701,0.000183,74.125.68.0-255,1484,25886,53,369074
50702,0.000186,172.31.46.0-255,66,25952,53,369074
50703,0.00019,74.125.68.0-255,1484,27436,53,369074
50704,0.000192,172.31.46.0-255,66,27502,53,369074
50705,0.000197,74.125.68.0-255,2902,30404,53,369074
50706,0.000199,172.31.46.0-255,66,30470,53,369074
50707,0.000204,74.125.68.0-255,2902,33372,53,369074
50708,0.000207,172.31.46.0-255,66,33438,53,369074
50709,0.000234,74.125.68.0-255,2902,36340,53,369074
50710,0.000236,172.31.46.0-255,66,36406,53,369074
50711,0.000239,74.125.68.0-255,1484,37890,53,369074
50712,0.000242,172.31.46.0-255,66,37956,53,369074
50713,0.000277,172.31.46.0-255,66,38022,53,369074
50714,0.000282,74.125.68.0-255,2184,40206,53,369074
50715,0.000284,172.31.46.0-255,66,40272,53,369074
50716,0.000502,74.125.68.0-255,1484,41756,53,369074
50717,0.000509,74.125.68.0-255,1484,43240,53,369074
50718,0.000513,172.31.46.0-255,66,43306,53,369074
50719,0.000541,74.125.68.0-255,1484,44790,53,369074
50720,0.000544,74.125.68.0-255,1484,46274,53,369074
50721,0.000546,172.31.46.0-255,66,46340,53,369074
50722,0.000552,74.125.68.0-255,2902,49242,53,369074
50723,0.000555,172.31.46.0-255,66,49308,53,369074
50724,0.000562,74.125.68.0-255,5738,55046,53,369074
50725,0.000564,172.31.46.0-255,66,55112,53,369074
50726,0.000576,74.125.68.0-255,1484,56596,53,369074
50727,0.000628,74.125.68.0-255,1480,58076,53,369074
50728,0.000631,172.31.46.0-255,66,58142,53,369074
50729,0.001227,74.125.68.0-255,1484,59626,53,369074
50730,0.001253,74.125.68.0-255,2902,62528,53,369074
50731,0.001257,172.31.46.0-255,66,62594,53,369074
50732,0.001295,74.125.68.0-255,5738,68332,53,369074
50733,0.001297,172.31.46.0-255,66,68398,53,369074
50734,0.001302,74.125.68.0-255,2902,71300,53,369074
50735,0.001304,172.31.46.0-255,66,71366,53,369074
50736,0.001315,74.125.68.0-255,4320,75686,53,369074
50737,0.001317,172.31.46.0-255,66,75752,53,369074
50738,0.001328,172.31.46.0-255,66,75818,53,369074
50739,0.001331,74.125.68.0-255,1484,77302,53,369074
50740,0.001358,74.125.68.0-255,2902,80204,53,369074
50741,0.00136,172.31.46.0-255,66,80270,53,369074
50742,0.001386,74.125.68.0-255,3602,83872,53,369074
50743,0.001388,172.31.46.0-255,66,83938,53,369074
50744,0.002184,74.125.68.0-255,1484,85422,53,369074
50745,0.002198,74.125.68.0-255,2902,88324,53,369074
50746,0.002204,172.31.46.0-255,66,88390,53,369074
50747,0.002212,74.125.68.0-255,4320,92710,53,369074
50748,0.002214,172.31.46.0-255,66,92776,53,369074
50749,0.002244,74.125.68.0-255,5738,98514,53,369074
50750,0.002246,172.31.46.0-255,66,98580,53,369074
50751,0.002269,74.125.68.0-255,7156,105736,53,369074
50752,0.002271,172.31.46.0-255,66,105802,53,369074
50753,0.002307,172.31.46.0-255,66,105868,53,369074
50754,0.002313,74.125.68.0-255,3602,109470,53,369074
50755,0.002316,172.31.46.0-255,66,109536,53,369074
50756,0.002345,74.125.68.0-255,4320,113856,53,369074
50757,0.002347,172.31.46.0-255,66,113922,53,369074
50758,0.002374,74.125.68.0-255,1484,115406,53,369074
50759,0.00238,74.125.68.0-255,2902,118308,53,369074
50760,0.002382,172.31.46.0-255,66,118374,53,369074
50761,0.002389,74.125.68.0-255,5738,124112,53,369074
50762,0.002391,172.31.46.0-255,66,124178,53,369074
50763,0.002402,74.125.68.0-255,4320,128498,53,369074
50764,0.002404,172.31.46.0-255,66,128564,53,369074
50765,0.002407,74.125.68.0-255,1484,130048,53,369074
50766,0.004773,74.125.68.0-255,4320,134368,53,369074
50767,0.004782,172.31.46.0-255,66,134434,53,369074
50768,0.007147,74.125.68.0-255,5738,140172,53,369074
50769,0.007151,172.31.46.0-255,66,140238,53,369074
50770,0.009536,74.125.68.0-255,5738,145976,53,369074
50771,0.009551,172.31.46.0-255,66,146042,53,369074
50772,0.011937,74.125.68.0-255,5738,151780,53,369074
50773,0.011954,172.31.46.0-255,66,151846,53,369074
50774,0.014374,74.125.68.0-255,5738,157584,53,369074
50775,0.01439,172.31.46.0-255,66,157650,53,369074
50776,0.016797,74.125.68.0-255,5738,163388,53,369074
50777,0.016815,172.31.46.0-255,66,163454,53,369074
50778,0.019226,74.125.68.0-255,5738,169192,53,369074
50779,0.019247,172.31.46.0-255,66,169258,53,369074
50780,0.021634,74.125.68.0-255,5738,174996,53,369074
50781,0.021645,172.31.46.0-255,66,175062,53,369074
50782,0.024039,74.125.68.0-255,5738,180800,53,369074
50783,0.024053,172.31.46.0-255,66,180866,53,369074
50784,0.026446,74.125.68.0-255,5738,186604,53,369074
50785,0.026463,172.31.46.0-255,66,186670,53,369074
50786,0.028848,74.125.68.0-255,5738,192408,53,369074
50787,0.028862,172.31.46.0-255,66,192474,53,369074
50788,0.031219,74.125.68.0-255,1484,193958,53,369074
50789,0.031243,74.125.68.0-255,4320,198278,53,369074
50790,0.031249,172.31.46.0-255,66,198344,53,369074
50791,0.03194,172.31.46.0-255,172,198516,53,369074
50792,0.031975,172.31.46.0-255,1112,199628,53,369074
50793,0.032039,172.31.46.0-255,1514,201142,53,369074
50794,0.032041,172.31.46.0-255,1514,202656,53,369074
50795,0.032047,172.31.46.0-255,1514,204170,53,369074
50796,0.032048,172.31.46.0-255,1514,205684,53,369074
50797,0.032066,172.31.46.0-255,482,206166,53,369074
50798,0.033516,104.244.42.0-255,66,206232,53,369074
50799,0.033586,104.244.42.0-255,66,206298,53,369074
50800,0.033618,74.125.68.0-255,5738,212036,53,369074
50801,0.033625,172.31.46.0-255,66,212102,53,369074
50802,0.033649,104.244.42.0-255,66,212168,53,369074
50803,0.033653,104.244.42.0-255,66,212234,53,369074
50804,0.033656,104.244.42.0-255,66,212300,53,369074
50805,0.035999,74.125.68.0-255,5738,218038,53,369074
50806,0.036008,172.31.46.0-255,66,218104,53,369074
50807,0.03839,74.125.68.0-255,5738,223842,53,369074
50808,0.038398,172.31.46.0-255,66,223908,53,369074
50809,0.040791,74.125.68.0-255,5738,229646,53,369074
50810,0.040799,172.31.46.0-255,66,229712,53,369074
50811,0.043186,74.125.68.0-255,5738,235450,53,369074
50812,0.043199,172.31.46.0-255,66,235516,53,369074
50813,0.045581,74.125.68.0-255,5738,241254,53,369074
50814,0.045593,172.31.46.0-255,66,241320,53,369074
50815,0.047975,74.125.68.0-255,5738,247058,53,369074
50816,0.047987,172.31.46.0-255,66,247124,53,369074
50817,0.050357,74.125.68.0-255,5738,252862,53,369074
50818,0.050364,172.31.46.0-255,66,252928,53,369074
50819,0.05274,74.125.68.0-255,5738,258666,53,369074
50820,0.052752,172.31.46.0-255,66,258732,53,369074
50821,0.055142,74.125.68.0-255,5738,264470,53,369074
50822,0.055153,172.31.46.0-255,66,264536,53,369074
50823,0.057524,74.125.68.0-255,5738,270274,53,369074
50824,0.057532,172.31.46.0-255,66,270340,53,369074
50825,0.059895,74.125.68.0-255,5738,276078,53,369074
50826,0.059904,172.31.46.0-255,66,276144,53,369074
50827,0.062276,74.125.68.0-255,5738,281882,53,369074
50828,0.062287,172.31.46.0-255,66,281948,53,369074
50829,0.064662,74.125.68.0-255,5738,287686,53,369074
50830,0.064671,172.31.46.0-255,66,287752,53,369074
50831,0.067047,74.125.68.0-255,5738,293490,53,369074
50832,0.067055,172.31.46.0-255,66,293556,53,369074
50833,0.069433,74.125.68.0-255,5738,299294,53,369074
50834,0.069447,172.31.46.0-255,66,299360,53,369074
50835,0.071841,74.125.68.0-255,5738,305098,53,369074
50836,0.071857,172.31.46.0-255,66,305164,53,369074
50837,0.074237,74.125.68.0-255,5738,310902,53,369074
50838,0.074249,172.31.46.0-255,66,310968,53,369074
50839,0.076624,74.125.68.0-255,1484,312452,53,369074
50840,0.076655,74.125.68.0-255,4320,316772,53,369074
50841,0.076663,172.31.46.0-255,66,316838,53,369074
50842,0.079043,74.125.68.0-255,5738,322576,53,369074
50843,0.079053,172.31.46.0-255,66,322642,53,369074
50844,0.081426,74.125.68.0-255,5738,328380,53,369074
50845,0.081434,172.31.46.0-255,66,328446,53,369074
50846,0.083798,74.125.68.0-255,5738,334184,53,369074
50847,0.083807,172.31.46.0-255,66,334250,53,369074
50848,0.086207,74.125.68.0-255,5738,339988,53,369074
50849,0.086214,172.31.46.0-255,66,340054,53,369074
50850,0.088644,74.125.68.0-255,5738,345792,53,369074
50851,0.088656,172.31.46.0-255,66,345858,53,369074
50852,0.091044,74.125.68.0-255,5738,351596,53,369074
50853,0.091056,172.31.46.0-255,66,351662,53,369074
50854,0.09344,74.125.68.0-255,5738,357400,53,369074
50855,0.093457,172.31.46.0-255,66,357466,53,369074
50856,0.095847,74.125.68.0-255,5738,363204,53,369074
50857,0.095863,172.31.46.0-255,66,363270,53,369074
50858,0.09824,74.125.68.0-255,5738,369008,53,369074
50859,0.09825,172.31.46.0-255,66,369074,53,369074
50860,0.0,172.217.194.0-255,153,153,53,270955
50861,2.1e-05,172.31.46.0-255,66,219,53,270955
50862,2.8e-05,172.217.194.0-255,1484,1703,53,270955
50863,3.3e-05,172.31.46.0-255,66,1769,53,270955
50864,4.7e-05,172.217.194.0-255,2902,4671,53,270955
50865,5e-05,172.31.46.0-255,66,4737,53,270955
50866,5.8e-05,172.217.194.0-255,7156,11893,53,270955
50867,6.1e-05,172.31.46.0-255,66,11959,53,270955
50868,0.000102,172.31.46.0-255,66,12025,53,270955
50869,0.000132,172.217.194.0-255,649,12674,53,270955
50870,0.000139,172.31.46.0-255,66,12740,53,270955
50871,0.000151,172.31.46.0-255,66,12806,53,270955
50872,0.000283,172.217.194.0-255,1484,14290,53,270955
50873,0.000287,172.31.46.0-255,66,14356,53,270955
50874,0.000292,172.217.194.0-255,2902,17258,53,270955
50875,0.000294,172.31.46.0-255,66,17324,53,270955
50876,0.000301,172.217.194.0-255,5738,23062,53,270955
50877,0.000304,172.31.46.0-255,66,23128,53,270955
50878,0.000315,172.217.194.0-255,5738,28866,53,270955
50879,0.000317,172.31.46.0-255,66,28932,53,270955
50880,0.000344,172.217.194.0-255,1484,30416,53,270955
50881,0.000346,172.31.46.0-255,66,30482,53,270955
50882,0.000386,172.31.46.0-255,66,30548,53,270955
50883,0.000395,172.217.194.0-255,3961,34509,53,270955
50884,0.000397,172.31.46.0-255,66,34575,53,270955
50885,0.000404,172.217.194.0-255,379,34954,53,270955
50886,0.000407,172.31.46.0-255,66,35020,53,270955
50887,0.000429,172.217.194.0-255,98,35118,53,270955
50888,0.000432,172.31.46.0-255,66,35184,53,270955
50889,0.000466,172.217.194.0-255,364,35548,53,270955
50890,0.000621,172.217.194.0-255,1484,37032,53,270955
50891,0.000626,172.31.46.0-255,66,37098,53,270955
50892,0.000631,172.217.194.0-255,2902,40000,53,270955
50893,0.000634,172.31.46.0-255,66,40066,53,270955
50894,0.000639,172.217.194.0-255,4320,44386,53,270955
50895,0.000647,172.31.46.0-255,66,44452,53,270955
50896,0.00067,172.217.194.0-255,1484,45936,53,270955
50897,0.000688,172.31.46.0-255,66,46002,53,270955
50898,0.000699,172.31.46.0-255,66,46068,53,270955
50899,0.000733,172.217.194.0-255,2184,48252,53,270955
50900,0.000736,172.31.46.0-255,66,48318,53,270955
50901,0.001532,172.217.194.0-255,1484,49802,53,270955
50902,0.001554,172.217.194.0-255,2902,52704,53,270955
50903,0.001557,172.31.46.0-255,66,52770,53,270955
50904,0.001565,172.217.194.0-255,5738,58508,53,270955
50905,0.001567,172.31.46.0-255,66,58574,53,270955
50906,0.001586,172.217.194.0-255,2902,61476,53,270955
50907,0.001588,172.31.46.0-255,66,61542,53,270955
50908,0.001626,172.31.46.0-255,66,61608,53,270955
50909,0.001632,172.217.194.0-255,4320,65928,53,270955
50910,0.001634,172.31.46.0-255,66,65994,53,270955
50911,0.001668,172.217.194.0-255,6438,72432,53,270955
50912,0.001671,172.31.46.0-255,66,72498,53,270955
50913,0.001842,172.217.194.0-255,1484,73982,53,270955
50914,0.001861,172.217.194.0-255,2902,76884,53,270955
50915,0.001867,172.31.46.0-255,66,76950,53,270955
50916,0.001891,172.217.194.0-255,4320,81270,53,270955
50917,0.001907,172.31.46.0-255,66,81336,53,270955
50918,0.00191,172.31.46.0-255,66,81402,53,270955
50919,0.001933,172.217.194.0-255,2902,84304,53,270955
50920,0.001935,172.31.46.0-255,66,84370,53,270955
50921,0.001972,172.31.46.0-255,66,84436,53,270955
50922,0.001977,172.217.194.0-255,2184,86620,53,270955
50923,0.001979,172.31.46.0-255,66,86686,53,270955
50924,0.002225,172.217.194.0-255,1484,88170,53,270955
50925,0.002231,172.217.194.0-255,1484,89654,53,270955
50926,0.002234,172.31.46.0-255,66,89720,53,270955
50927,0.002263,172.217.194.0-255,1484,91204,53,270955
50928,0.00227,172.217.194.0-255,5738,96942,53,270955
50929,0.002272,172.31.46.0-255,66,97008,53,270955
50930,0.002286,172.31.46.0-255,66,97074,53,270955
50931,0.002296,172.217.194.0-255,5738,102812,53,270955
50932,0.002298,172.31.46.0-255,66,102878,53,270955
50933,0.002326,172.217.194.0-255,4320,107198,53,270955
50934,0.002328,172.31.46.0-255,66,107264,53,270955
50935,0.002365,172.217.194.0-255,2902,110166,53,270955
50936,0.002367,172.31.46.0-255,66,110232,53,270955
50937,0.002421,172.31.46.0-255,66,110298,53,270955
50938,0.002432,172.31.46.0-255,66,110364,53,270955
50939,0.004789,172.217.194.0-255,5738,116102,53,270955
50940,0.004796,172.31.46.0-255,66,116168,53,270955
50941,0.007148,172.217.194.0-255,5738,121906,53,270955
50942,0.007153,172.31.46.0-255,66,121972,53,270955
50943,0.009537,172.217.194.0-255,5738,127710,53,270955
50944,0.009544,172.31.46.0-255,66,127776,53,270955
50945,0.01187,172.217.194.0-255,5738,133514,53,270955
50946,0.011877,172.31.46.0-255,66,133580,53,270955
50947,0.014187,172.217.194.0-255,5738,139318,53,270955
50948,0.014196,172.31.46.0-255,66,139384,53,270955
50949,0.016541,172.217.194.0-255,5738,145122,53,270955
50950,0.016553,172.31.46.0-255,66,145188,53,270955
50951,0.018893,172.217.194.0-255,5738,150926,53,270955
50952,0.018901,172.31.46.0-255,66,150992,53,270955
50953,0.021228,172.217.194.0-255,5738,156730,53,270955
50954,0.021235,172.31.46.0-255,66,156796,53,270955
50955,0.023604,172.217.194.0-255,5738,162534,53,270955
50956,0.023611,172.31.46.0-255,66,162600,53,270955
50957,0.025948,172.217.194.0-255,5738,168338,53,270955
50958,0.025956,172.31.46.0-255,66,168404,53,270955
50959,0.028302,172.217.194.0-255,5738,174142,53,270955
50960,0.028308,172.31.46.0-255,66,174208,53,270955
50961,0.030675,172.217.194.0-255,5738,179946,53,270955
50962,0.030683,172.31.46.0-255,66,180012,53,270955
50963,0.033009,172.217.194.0-255,5738,185750,53,270955
50964,0.033017,172.31.46.0-255,66,185816,53,270955
50965,0.0346,172.31.46.0-255,176,185992,53,270955
50966,0.034635,172.31.46.0-255,1112,187104,53,270955
50967,0.034694,172.31.46.0-255,1514,188618,53,270955
50968,0.034696,172.31.46.0-255,1291,189909,53,270955
50969,0.035396,172.217.194.0-255,5738,195647,53,270955
50970,0.035403,172.31.46.0-255,66,195713,53,270955
50971,0.036139,104.244.42.0-255,66,195779,53,270955
50972,0.036175,104.244.42.0-255,66,195845,53,270955
50973,0.036249,104.244.42.0-255,66,195911,53,270955
50974,0.03787,172.217.194.0-255,5738,201649,53,270955
50975,0.037875,172.31.46.0-255,66,201715,53,270955
50976,0.040223,172.217.194.0-255,5738,207453,53,270955
50977,0.040232,172.31.46.0-255,66,207519,53,270955
50978,0.042633,172.217.194.0-255,5738,213257,53,270955
50979,0.042639,172.31.46.0-255,66,213323,53,270955
50980,0.044993,172.217.194.0-255,5738,219061,53,270955
50981,0.045001,172.31.46.0-255,66,219127,53,270955
50982,0.047344,172.217.194.0-255,5738,224865,53,270955
50983,0.047352,172.31.46.0-255,66,224931,53,270955
50984,0.049696,172.217.194.0-255,5738,230669,53,270955
50985,0.049704,172.31.46.0-255,66,230735,53,270955
50986,0.052087,172.217.194.0-255,5738,236473,53,270955
50987,0.052093,172.31.46.0-255,66,236539,53,270955
50988,0.054424,172.217.194.0-255,5738,242277,53,270955
50989,0.05443,172.31.46.0-255,66,242343,53,270955
50990,0.056773,172.217.194.0-255,5738,248081,53,270955
50991,0.05678,172.31.46.0-255,66,248147,53,270955
50992,0.059136,172.217.194.0-255,5738,253885,53,270955
50993,0.059145,172.31.46.0-255,66,253951,53,270955
50994,0.061492,172.217.194.0-255,5738,259689,53,270955
50995,0.061499,172.31.46.0-255,66,259755,53,270955
50996,0.063877,172.217.194.0-255,5738,265493,53,270955
50997,0.063884,172.31.46.0-255,66,265559,53,270955
50998,0.066242,172.217.194.0-255,5159,270718,53,270955
50999,0.066249,172.31.46.0-255,66,270784,53,270955
51000,0.06646,172.31.46.0-255,105,270889,53,270955
51001,0.068776,172.217.194.0-255,66,270955,53,270955
51002,0.0,172.217.194.0-255,147,147,53,287845
51003,1.4e-05,172.31.46.0-255,66,213,53,287845
51004,2.1e-05,172.217.194.0-255,1484,1697,53,287845
51005,2.5e-05,172.31.46.0-255,66,1763,53,287845
51006,3.1e-05,172.217.194.0-255,2902,4665,53,287845
51007,4e-05,172.31.46.0-255,66,4731,53,287845
51008,4.5e-05,172.217.194.0-255,4320,9051,53,287845
51009,4.8e-05,172.31.46.0-255,66,9117,53,287845
51010,8.3e-05,172.217.194.0-255,4919,14036,53,287845
51011,8.7e-05,172.31.46.0-255,66,14102,53,287845
51012,0.00012,172.217.194.0-255,1484,15586,53,287845
51013,0.000122,172.31.46.0-255,66,15652,53,287845
51014,0.000153,172.217.194.0-255,4320,19972,53,287845
51015,0.000156,172.31.46.0-255,66,20038,53,287845
51016,0.000162,172.217.194.0-255,7156,27194,53,287845
51017,0.000164,172.31.46.0-255,66,27260,53,287845
51018,0.000211,172.31.46.0-255,66,27326,53,287845
51019,0.000216,172.217.194.0-255,5379,32705,53,287845
51020,0.000219,172.31.46.0-255,66,32771,53,287845
51021,0.000738,172.217.194.0-255,1484,34255,53,287845
51022,0.000743,172.31.46.0-255,66,34321,53,287845
51023,0.000749,172.217.194.0-255,2902,37223,53,287845
51024,0.000751,172.31.46.0-255,66,37289,53,287845
51025,0.000754,172.217.194.0-255,1484,38773,53,287845
51026,0.000755,172.31.46.0-255,66,38839,53,287845
51027,0.000772,172.217.194.0-255,4320,43159,53,287845
51028,0.000774,172.31.46.0-255,66,43225,53,287845
51029,0.000806,172.217.194.0-255,2902,46127,53,287845
51030,0.000808,172.31.46.0-255,66,46193,53,287845
51031,0.000835,172.217.194.0-255,4572,50765,53,287845
51032,0.000838,172.31.46.0-255,66,50831,53,287845
51033,0.000893,172.217.194.0-255,1484,52315,53,287845
51034,0.000898,172.217.194.0-255,1484,53799,53,287845
51035,0.0009,172.31.46.0-255,66,53865,53,287845
51036,0.000924,172.217.194.0-255,1484,55349,53,287845
51037,0.000931,172.217.194.0-255,5738,61087,53,287845
51038,0.000933,172.31.46.0-255,66,61153,53,287845
51039,0.000969,172.31.46.0-255,66,61219,53,287845
51040,0.000974,172.217.194.0-255,4320,65539,53,287845
51041,0.000976,172.31.46.0-255,66,65605,53,287845
51042,0.000997,172.217.194.0-255,4320,69925,53,287845
51043,0.001003,172.217.194.0-255,6797,76722,53,287845
51044,0.00105,172.31.46.0-255,66,76788,53,287845
51045,0.0015,172.217.194.0-255,1484,78272,53,287845
51046,0.001509,172.217.194.0-255,2902,81174,53,287845
51047,0.001512,172.31.46.0-255,66,81240,53,287845
51048,0.001519,172.217.194.0-255,5738,86978,53,287845
51049,0.001521,172.31.46.0-255,66,87044,53,287845
51050,0.001524,172.217.194.0-255,1484,88528,53,287845
51051,0.001556,172.31.46.0-255,66,88594,53,287845
51052,0.001577,172.217.194.0-255,5738,94332,53,287845
51053,0.001579,172.31.46.0-255,66,94398,53,287845
51054,0.001608,172.217.194.0-255,5020,99418,53,287845
51055,0.00161,172.31.46.0-255,66,99484,53,287845
51056,0.001639,172.217.194.0-255,5738,105222,53,287845
51057,0.001658,172.217.194.0-255,7156,112378,53,287845
51058,0.00167,172.217.194.0-255,2902,115280,53,287845
51059,0.00169,172.217.194.0-255,6438,121718,53,287845
51060,0.001708,172.217.194.0-255,1484,123202,53,287845
51061,0.001728,172.217.194.0-255,4320,127522,53,287845
51062,0.001768,172.217.194.0-255,7156,134678,53,287845
51063,0.001787,172.217.194.0-255,3602,138280,53,287845
51064,0.001792,172.217.194.0-255,4320,142600,53,287845
51065,0.001811,172.217.194.0-255,4320,146920,53,287845
51066,0.001826,172.217.194.0-255,5738,152658,53,287845
51067,0.001846,172.217.194.0-255,1484,154142,53,287845
51068,0.001883,172.217.194.0-255,4320,158462,53,287845
51069,0.001916,172.217.194.0-255,7156,165618,53,287845
51070,0.001936,172.217.194.0-255,5738,171356,53,287845
51071,0.00198,172.217.194.0-255,5738,177094,53,287845
51072,0.002007,172.217.194.0-255,3602,180696,53,287845
51073,0.002102,172.217.194.0-255,4320,185016,53,287845
51074,0.002106,172.217.194.0-255,2184,187200,53,287845
51075,0.002287,172.217.194.0-255,1484,188684,53,287845
51076,0.002295,172.217.194.0-255,2902,191586,53,287845
51077,0.002318,172.217.194.0-255,5738,197324,53,287845
51078,0.002325,172.217.194.0-255,5738,203062,53,287845
51079,0.003638,172.31.46.0-255,66,203128,53,287845
51080,0.005955,172.217.194.0-255,5738,208866,53,287845
51081,0.005962,172.31.46.0-255,66,208932,53,287845
51082,0.008256,172.217.194.0-255,5738,214670,53,287845
51083,0.008262,172.31.46.0-255,66,214736,53,287845
51084,0.010555,172.217.194.0-255,5738,220474,53,287845
51085,0.010561,172.31.46.0-255,66,220540,53,287845
51086,0.012859,172.217.194.0-255,5738,226278,53,287845
51087,0.012868,172.31.46.0-255,66,226344,53,287845
51088,0.015178,172.217.194.0-255,5738,232082,53,287845
51089,0.015187,172.31.46.0-255,66,232148,53,287845
51090,0.017498,172.217.194.0-255,5738,237886,53,287845
51091,0.017507,172.31.46.0-255,66,237952,53,287845
51092,0.019824,172.217.194.0-255,5738,243690,53,287845
51093,0.019838,172.31.46.0-255,66,243756,53,287845
51094,0.022133,172.217.194.0-255,5738,249494,53,287845
51095,0.022141,172.31.46.0-255,66,249560,53,287845
51096,0.02442,172.217.194.0-255,5738,255298,53,287845
51097,0.024427,172.31.46.0-255,66,255364,53,287845
51098,0.026745,172.217.194.0-255,5738,261102,53,287845
51099,0.026751,172.31.46.0-255,66,261168,53,287845
51100,0.029058,172.217.194.0-255,5738,266906,53,287845
51101,0.029065,172.31.46.0-255,66,266972,53,287845
51102,0.031372,172.217.194.0-255,5738,272710,53,287845
51103,0.031381,172.31.46.0-255,66,272776,53,287845
51104,0.033699,172.217.194.0-255,5558,278334,53,287845
51105,0.033709,172.31.46.0-255,66,278400,53,287845
51106,0.033915,172.31.46.0-255,105,278505,53,287845
51107,0.036201,172.217.194.0-255,66,278571,53,287845
51108,0.039048,172.31.46.0-255,188,278759,53,287845
51109,0.039075,172.31.46.0-255,953,279712,53,287845
51110,0.039132,172.31.46.0-255,1514,281226,53,287845
51111,0.039133,172.31.46.0-255,1514,282740,53,287845
51112,0.039135,172.31.46.0-255,1514,284254,53,287845
51113,0.039135,172.31.46.0-255,1514,285768,53,287845
51114,0.039162,172.31.46.0-255,1514,287282,53,287845
51115,0.039164,172.31.46.0-255,299,287581,53,287845
51116,0.040547,104.244.42.0-255,66,287647,53,287845
51117,0.040637,104.244.42.0-255,66,287713,53,287845
51118,0.040677,104.244.42.0-255,66,287779,53,287845
51119,0.040726,104.244.42.0-255,66,287845,53,287845
51120,0.0,74.125.24.0-255,152,152,53,375523
51121,2.6e-05,172.31.46.0-255,66,218,53,375523
51122,3.3e-05,74.125.24.0-255,1484,1702,53,375523
51123,3.8e-05,172.31.46.0-255,66,1768,53,375523
51124,4.4e-05,74.125.24.0-255,2902,4670,53,375523
51125,4.9e-05,172.31.46.0-255,66,4736,53,375523
51126,5.6e-05,74.125.24.0-255,5738,10474,53,375523
51127,5.9e-05,172.31.46.0-255,66,10540,53,375523
51128,8e-05,74.125.24.0-255,3393,13933,53,375523
51129,8.3e-05,172.31.46.0-255,66,13999,53,375523
51130,0.000272,74.125.24.0-255,1484,15483,53,375523
51131,0.000279,172.31.46.0-255,66,15549,53,375523
51132,0.000284,74.125.24.0-255,2902,18451,53,375523
51133,0.000287,172.31.46.0-255,66,18517,53,375523
51134,0.000294,74.125.24.0-255,5738,24255,53,375523
51135,0.000297,172.31.46.0-255,66,24321,53,375523
51136,0.00033,74.125.24.0-255,2902,27223,53,375523
51137,0.000333,172.31.46.0-255,66,27289,53,375523
51138,0.000347,74.125.24.0-255,3961,31250,53,375523
51139,0.00035,172.31.46.0-255,66,31316,53,375523
51140,0.000357,74.125.24.0-255,7156,38472,53,375523
51141,0.00036,172.31.46.0-255,66,38538,53,375523
51142,0.000393,172.31.46.0-255,66,38604,53,375523
51143,0.000543,74.125.24.0-255,1484,40088,53,375523
51144,0.00055,74.125.24.0-255,2902,42990,53,375523
51145,0.000556,172.31.46.0-255,66,43056,53,375523
51146,0.00056,172.31.46.0-255,66,43122,53,375523
51147,0.000587,74.125.24.0-255,5738,48860,53,375523
51148,0.000591,172.31.46.0-255,66,48926,53,375523
51149,0.000597,74.125.24.0-255,5738,54664,53,375523
51150,0.0006,172.31.46.0-255,66,54730,53,375523
51151,0.000634,74.125.24.0-255,1716,56446,53,375523
51152,0.000637,172.31.46.0-255,66,56512,53,375523
51153,0.00072,74.125.24.0-255,1484,57996,53,375523
51154,0.000728,74.125.24.0-255,2902,60898,53,375523
51155,0.000731,172.31.46.0-255,66,60964,53,375523
51156,0.00076,74.125.24.0-255,5738,66702,53,375523
51157,0.000763,172.31.46.0-255,66,66768,53,375523
51158,0.000767,74.125.24.0-255,2902,69670,53,375523
51159,0.00077,172.31.46.0-255,66,69736,53,375523
51160,0.000799,172.31.46.0-255,66,69802,53,375523
51161,0.000806,74.125.24.0-255,5738,75540,53,375523
51162,0.000809,172.31.46.0-255,66,75606,53,375523
51163,0.000822,74.125.24.0-255,1484,77090,53,375523
51164,0.000837,74.125.24.0-255,2543,79633,53,375523
51165,0.00084,172.31.46.0-255,66,79699,53,375523
51166,0.001576,74.125.24.0-255,1484,81183,53,375523
51167,0.001586,74.125.24.0-255,2902,84085,53,375523
51168,0.001591,172.31.46.0-255,66,84151,53,375523
51169,0.0016,74.125.24.0-255,5738,89889,53,375523
51170,0.001602,172.31.46.0-255,66,89955,53,375523
51171,0.00161,74.125.24.0-255,7156,97111,53,375523
51172,0.001612,172.31.46.0-255,66,97177,53,375523
51173,0.00164,74.125.24.0-255,7156,104333,53,375523
51174,0.001642,172.31.46.0-255,66,104399,53,375523
51175,0.00167,74.125.24.0-255,7156,111555,53,375523
51176,0.001672,172.31.46.0-255,66,111621,53,375523
51177,0.001677,74.125.24.0-255,2184,113805,53,375523
51178,0.00168,172.31.46.0-255,66,113871,53,375523
51179,0.003745,74.125.24.0-255,5738,119609,53,375523
51180,0.003754,172.31.46.0-255,66,119675,53,375523
51181,0.005112,172.31.46.0-255,101,119776,53,375523
51182,0.005835,74.125.24.0-255,5738,125514,53,375523
51183,0.005842,172.31.46.0-255,66,125580,53,375523
51184,0.007124,74.125.24.0-255,66,125646,53,375523
51185,0.007903,74.125.24.0-255,5738,131384,53,375523
51186,0.007908,172.31.46.0-255,66,131450,53,375523
51187,0.009959,74.125.24.0-255,5738,137188,53,375523
51188,0.009969,172.31.46.0-255,66,137254,53,375523
51189,0.012037,74.125.24.0-255,5738,142992,53,375523
51190,0.012048,172.31.46.0-255,66,143058,53,375523
51191,0.014102,74.125.24.0-255,5738,148796,53,375523
51192,0.014113,172.31.46.0-255,66,148862,53,375523
51193,0.016197,74.125.24.0-255,5738,154600,53,375523
51194,0.016214,172.31.46.0-255,66,154666,53,375523
51195,0.018284,74.125.24.0-255,5738,160404,53,375523
51196,0.018299,172.31.46.0-255,66,160470,53,375523
51197,0.020369,74.125.24.0-255,5738,166208,53,375523
51198,0.020383,172.31.46.0-255,66,166274,53,375523
51199,0.022429,74.125.24.0-255,5738,172012,53,375523
51200,0.022446,172.31.46.0-255,66,172078,53,375523
51201,0.024532,74.125.24.0-255,5738,177816,53,375523
51202,0.024548,172.31.46.0-255,66,177882,53,375523
51203,0.0266,74.125.24.0-255,5738,183620,53,375523
51204,0.026617,172.31.46.0-255,66,183686,53,375523
51205,0.028688,74.125.24.0-255,5738,189424,53,375523
51206,0.028703,172.31.46.0-255,66,189490,53,375523
51207,0.030766,74.125.24.0-255,5738,195228,53,375523
51208,0.030779,172.31.46.0-255,66,195294,53,375523
51209,0.030916,172.31.46.0-255,172,195466,53,375523
51210,0.030946,172.31.46.0-255,1107,196573,53,375523
51211,0.031007,172.31.46.0-255,1514,198087,53,375523
51212,0.031009,172.31.46.0-255,1514,199601,53,375523
51213,0.031033,172.31.46.0-255,707,200308,53,375523
51214,0.032459,104.244.42.0-255,66,200374,53,375523
51215,0.032547,104.244.42.0-255,66,200440,53,375523
51216,0.032551,104.244.42.0-255,66,200506,53,375523
51217,0.032555,104.244.42.0-255,66,200572,53,375523
51218,0.032835,74.125.24.0-255,5738,206310,53,375523
51219,0.032844,172.31.46.0-255,66,206376,53,375523
51220,0.033315,104.244.42.0-255,108,206484,53,375523
51221,0.033326,172.31.46.0-255,66,206550,53,375523
51222,0.034934,74.125.24.0-255,5738,212288,53,375523
51223,0.034945,172.31.46.0-255,66,212354,53,375523
51224,0.037041,74.125.24.0-255,5738,218092,53,375523
51225,0.037053,172.31.46.0-255,66,218158,53,375523
51226,0.039122,74.125.24.0-255,5738,223896,53,375523
51227,0.039134,172.31.46.0-255,66,223962,53,375523
51228,0.041172,74.125.24.0-255,5738,229700,53,375523
51229,0.041185,172.31.46.0-255,66,229766,53,375523
51230,0.043233,74.125.24.0-255,5738,235504,53,375523
51231,0.043241,172.31.46.0-255,66,235570,53,375523
51232,0.045327,74.125.24.0-255,5738,241308,53,375523
51233,0.045338,172.31.46.0-255,66,241374,53,375523
51234,0.047413,74.125.24.0-255,5738,247112,53,375523
51235,0.047422,172.31.46.0-255,66,247178,53,375523
51236,0.04949,74.125.24.0-255,5738,252916,53,375523
51237,0.049501,172.31.46.0-255,66,252982,53,375523
51238,0.051587,74.125.24.0-255,5738,258720,53,375523
51239,0.051598,172.31.46.0-255,66,258786,53,375523
51240,0.053634,74.125.24.0-255,5738,264524,53,375523
51241,0.053643,172.31.46.0-255,66,264590,53,375523
51242,0.055732,74.125.24.0-255,5738,270328,53,375523
51243,0.055746,172.31.46.0-255,66,270394,53,375523
51244,0.057819,74.125.24.0-255,5738,276132,53,375523
51245,0.057835,172.31.46.0-255,66,276198,53,375523
51246,0.059919,74.125.24.0-255,5738,281936,53,375523
51247,0.059929,172.31.46.0-255,66,282002,53,375523
51248,0.061978,74.125.24.0-255,5738,287740,53,375523
51249,0.061988,172.31.46.0-255,66,287806,53,375523
51250,0.064054,74.125.24.0-255,5738,293544,53,375523
51251,0.064062,172.31.46.0-255,66,293610,53,375523
51252,0.066129,74.125.24.0-255,5738,299348,53,375523
51253,0.066141,172.31.46.0-255,66,299414,53,375523
51254,0.068191,74.125.24.0-255,5738,305152,53,375523
51255,0.0682,172.31.46.0-255,66,305218,53,375523
51256,0.070254,74.125.24.0-255,5738,310956,53,375523
51257,0.070263,172.31.46.0-255,66,311022,53,375523
51258,0.072388,74.125.24.0-255,5738,316760,53,375523
51259,0.0724,172.31.46.0-255,66,316826,53,375523
51260,0.074462,74.125.24.0-255,5738,322564,53,375523
51261,0.074471,172.31.46.0-255,66,322630,53,375523
51262,0.076528,74.125.24.0-255,5738,328368,53,375523
51263,0.076537,172.31.46.0-255,66,328434,53,375523
51264,0.078606,74.125.24.0-255,5738,334172,53,375523
51265,0.078616,172.31.46.0-255,66,334238,53,375523
51266,0.080715,74.125.24.0-255,5738,339976,53,375523
51267,0.080727,172.31.46.0-255,66,340042,53,375523
51268,0.082812,74.125.24.0-255,5738,345780,53,375523
51269,0.082826,172.31.46.0-255,66,345846,53,375523
51270,0.084926,74.125.24.0-255,5738,351584,53,375523
51271,0.084936,172.31.46.0-255,66,351650,53,375523
51272,0.087025,74.125.24.0-255,5738,357388,53,375523
51273,0.087033,172.31.46.0-255,66,357454,53,375523
51274,0.089107,74.125.24.0-255,5738,363192,53,375523
51275,0.08912,172.31.46.0-255,66,363258,53,375523
51276,0.091201,74.125.24.0-255,5738,368996,53,375523
51277,0.091211,172.31.46.0-255,66,369062,53,375523
51278,0.09327,74.125.24.0-255,5738,374800,53,375523
51279,0.09328,172.31.46.0-255,66,374866,53,375523
51280,0.095321,74.125.24.0-255,552,375418,53,375523
51281,0.095523,172.31.46.0-255,105,375523,53,375523
51282,0.0,74.125.24.0-255,152,152,53,364201
51283,2e-05,172.31.46.0-255,66,218,53,364201
51284,2.7e-05,74.125.24.0-255,1484,1702,53,364201
51285,3e-05,172.31.46.0-255,66,1768,53,364201
51286,3.5e-05,74.125.24.0-255,2902,4670,53,364201
51287,3.7e-05,172.31.46.0-255,66,4736,53,364201
51288,4.6e-05,74.125.24.0-255,1484,6220,53,364201
51289,4.9e-05,172.31.46.0-255,66,6286,53,364201
51290,9.2e-05,172.31.46.0-255,66,6352,53,364201
51291,0.000179,74.125.24.0-255,1484,7836,53,364201
51292,0.000182,172.31.46.0-255,66,7902,53,364201
51293,0.000195,74.125.24.0-255,2902,10804,53,364201
51294,0.000201,172.31.46.0-255,66,10870,53,364201
51295,0.000206,74.125.24.0-255,4320,15190,53,364201
51296,0.000208,172.31.46.0-255,66,15256,53,364201
51297,0.000233,74.125.24.0-255,1484,16740,53,364201
51298,0.000236,172.31.46.0-255,66,16806,53,364201
51299,0.000243,74.125.24.0-255,6797,23603,53,364201
51300,0.000245,172.31.46.0-255,66,23669,53,364201
51301,0.000255,74.125.24.0-255,7156,30825,53,364201
51302,0.000257,172.31.46.0-255,66,30891,53,364201
51303,0.000277,74.125.24.0-255,5738,36629,53,364201
51304,0.000279,172.31.46.0-255,66,36695,53,364201
51305,0.000307,74.125.24.0-255,3961,40656,53,364201
51306,0.000309,172.31.46.0-255,66,40722,53,364201
51307,0.000872,74.125.24.0-255,1484,42206,53,364201
51308,0.000877,172.31.46.0-255,66,42272,53,364201
51309,0.000885,74.125.24.0-255,2902,45174,53,364201
51310,0.000887,172.31.46.0-255,66,45240,53,364201
51311,0.000916,74.125.24.0-255,5738,50978,53,364201
51312,0.00093,172.31.46.0-255,66,51044,53,364201
51313,0.000937,74.125.24.0-255,5738,56782,53,364201
51314,0.000939,172.31.46.0-255,66,56848,53,364201
51315,0.000954,74.125.24.0-255,1125,57973,53,364201
51316,0.00097,74.125.24.0-255,2902,60875,53,364201
51317,0.000972,172.31.46.0-255,66,60941,53,364201
51318,0.001,74.125.24.0-255,4320,65261,53,364201
51319,0.001003,172.31.46.0-255,66,65327,53,364201
51320,0.001009,74.125.24.0-255,7156,72483,53,364201
51321,0.001011,172.31.46.0-255,66,72549,53,364201
51322,0.001064,74.125.24.0-255,5738,78287,53,364201
51323,0.001067,172.31.46.0-255,66,78353,53,364201
51324,0.001106,172.31.46.0-255,66,78419,53,364201
51325,0.001112,74.125.24.0-255,5379,83798,53,364201
51326,0.001114,172.31.46.0-255,66,83864,53,364201
51327,0.001528,74.125.24.0-255,1484,85348,53,364201
51328,0.001536,74.125.24.0-255,2902,88250,53,364201
51329,0.00154,172.31.46.0-255,66,88316,53,364201
51330,0.001547,74.125.24.0-255,4320,92636,53,364201
51331,0.001551,172.31.46.0-255,66,92702,53,364201
51332,0.001605,74.125.24.0-255,5738,98440,53,364201
51333,0.001608,172.31.46.0-255,66,98506,53,364201
51334,0.001636,74.125.24.0-255,1980,100486,53,364201
51335,0.001638,172.31.46.0-255,66,100552,53,364201
51336,0.001729,74.125.24.0-255,1484,102036,53,364201
51337,0.001736,74.125.24.0-255,2902,104938,53,364201
51338,0.00174,172.31.46.0-255,66,105004,53,364201
51339,0.001764,74.125.24.0-255,5738,110742,53,364201
51340,0.001766,172.31.46.0-255,66,110808,53,364201
51341,0.00178,74.125.24.0-255,4320,115128,53,364201
51342,0.001782,172.31.46.0-255,66,115194,53,364201
51343,0.001819,172.31.46.0-255,66,115260,53,364201
51344,0.00183,172.31.46.0-255,66,115326,53,364201
51345,0.001837,74.125.24.0-255,766,116092,53,364201
51346,0.003833,74.125.24.0-255,4320,120412,53,364201
51347,0.003837,172.31.46.0-255,66,120478,53,364201
51348,0.005854,74.125.24.0-255,5738,126216,53,364201
51349,0.005859,172.31.46.0-255,66,126282,53,364201
51350,0.007872,74.125.24.0-255,5738,132020,53,364201
51351,0.007878,172.31.46.0-255,66,132086,53,364201
51352,0.009899,74.125.24.0-255,5738,137824,53,364201
51353,0.009907,172.31.46.0-255,66,137890,53,364201
51354,0.011907,74.125.24.0-255,5738,143628,53,364201
51355,0.011915,172.31.46.0-255,66,143694,53,364201
51356,0.013952,74.125.24.0-255,5738,149432,53,364201
51357,0.013964,172.31.46.0-255,66,149498,53,364201
51358,0.016004,74.125.24.0-255,5738,155236,53,364201
51359,0.01601,172.31.46.0-255,66,155302,53,364201
51360,0.018024,74.125.24.0-255,5738,161040,53,364201
51361,0.018029,172.31.46.0-255,66,161106,53,364201
51362,0.020038,74.125.24.0-255,5738,166844,53,364201
51363,0.020045,172.31.46.0-255,66,166910,53,364201
51364,0.022072,74.125.24.0-255,5738,172648,53,364201
51365,0.022079,172.31.46.0-255,66,172714,53,364201
51366,0.024092,74.125.24.0-255,5738,178452,53,364201
51367,0.024099,172.31.46.0-255,66,178518,53,364201
51368,0.026129,74.125.24.0-255,5738,184256,53,364201
51369,0.026135,172.31.46.0-255,66,184322,53,364201
51370,0.026169,172.31.46.0-255,172,184494,53,364201
51371,0.026194,172.31.46.0-255,1112,185606,53,364201
51372,0.026242,172.31.46.0-255,1514,187120,53,364201
51373,0.026244,172.31.46.0-255,1291,188411,53,364201
51374,0.027709,104.244.42.0-255,66,188477,53,364201
51375,0.027744,104.244.42.0-255,66,188543,53,364201
51376,0.027791,104.244.42.0-255,66,188609,53,364201
51377,0.028252,74.125.24.0-255,5738,194347,53,364201
51378,0.028257,172.31.46.0-255,66,194413,53,364201
51379,0.030277,74.125.24.0-255,5738,200151,53,364201
51380,0.030284,172.31.46.0-255,66,200217,53,364201
51381,0.032318,74.125.24.0-255,5738,205955,53,364201
51382,0.032324,172.31.46.0-255,66,206021,53,364201
51383,0.03434,74.125.24.0-255,4320,210341,53,364201
51384,0.034347,172.31.46.0-255,66,210407,53,364201
51385,0.034369,74.125.24.0-255,1484,211891,53,364201
51386,0.036361,74.125.24.0-255,4320,216211,53,364201
51387,0.036367,172.31.46.0-255,66,216277,53,364201
51388,0.038392,74.125.24.0-255,4320,220597,53,364201
51389,0.038399,172.31.46.0-255,66,220663,53,364201
51390,0.038427,74.125.24.0-255,1484,222147,53,364201
51391,0.040448,74.125.24.0-255,4320,226467,53,364201
51392,0.040455,172.31.46.0-255,66,226533,53,364201
51393,0.042486,74.125.24.0-255,5738,232271,53,364201
51394,0.042493,172.31.46.0-255,66,232337,53,364201
51395,0.044501,74.125.24.0-255,5738,238075,53,364201
51396,0.044507,172.31.46.0-255,66,238141,53,364201
51397,0.046536,74.125.24.0-255,5738,243879,53,364201
51398,0.046543,172.31.46.0-255,66,243945,53,364201
51399,0.048578,74.125.24.0-255,5738,249683,53,364201
51400,0.048585,172.31.46.0-255,66,249749,53,364201
51401,0.050668,74.125.24.0-255,5738,255487,53,364201
51402,0.050674,172.31.46.0-255,66,255553,53,364201
51403,0.052698,74.125.24.0-255,5738,261291,53,364201
51404,0.052704,172.31.46.0-255,66,261357,53,364201
51405,0.054715,74.125.24.0-255,5738,267095,53,364201
51406,0.05472,172.31.46.0-255,66,267161,53,364201
51407,0.056731,74.125.24.0-255,5738,272899,53,364201
51408,0.056736,172.31.46.0-255,66,272965,53,364201
51409,0.05873,74.125.24.0-255,5738,278703,53,364201
51410,0.058736,172.31.46.0-255,66,278769,53,364201
51411,0.060742,74.125.24.0-255,5738,284507,53,364201
51412,0.060747,172.31.46.0-255,66,284573,53,364201
51413,0.062757,74.125.24.0-255,5738,290311,53,364201
51414,0.062763,172.31.46.0-255,66,290377,53,364201
51415,0.064792,74.125.24.0-255,5738,296115,53,364201
51416,0.064798,172.31.46.0-255,66,296181,53,364201
51417,0.06681,74.125.24.0-255,5738,301919,53,364201
51418,0.066816,172.31.46.0-255,66,301985,53,364201
51419,0.06883,74.125.24.0-255,5738,307723,53,364201
51420,0.068835,172.31.46.0-255,66,307789,53,364201
51421,0.070878,74.125.24.0-255,5738,313527,53,364201
51422,0.070883,172.31.46.0-255,66,313593,53,364201
51423,0.072915,74.125.24.0-255,5738,319331,53,364201
51424,0.072921,172.31.46.0-255,66,319397,53,364201
51425,0.074942,74.125.24.0-255,5738,325135,53,364201
51426,0.074947,172.31.46.0-255,66,325201,53,364201
51427,0.076973,74.125.24.0-255,5738,330939,53,364201
51428,0.076981,172.31.46.0-255,66,331005,53,364201
51429,0.078999,74.125.24.0-255,5738,336743,53,364201
51430,0.079006,172.31.46.0-255,66,336809,53,364201
51431,0.081044,74.125.24.0-255,5738,342547,53,364201
51432,0.08105,172.31.46.0-255,66,342613,53,364201
51433,0.083076,74.125.24.0-255,5738,348351,53,364201
51434,0.083083,172.31.46.0-255,66,348417,53,364201
51435,0.085121,74.125.24.0-255,5738,354155,53,364201
51436,0.085128,172.31.46.0-255,66,354221,53,364201
51437,0.087152,74.125.24.0-255,2902,357123,53,364201
51438,0.087156,172.31.46.0-255,66,357189,53,364201
51439,0.087183,74.125.24.0-255,2902,360091,53,364201
51440,0.087185,172.31.46.0-255,66,360157,53,364201
51441,0.089188,74.125.24.0-255,2902,363059,53,364201
51442,0.089195,172.31.46.0-255,66,363125,53,364201
51443,0.089224,74.125.24.0-255,839,363964,53,364201
51444,0.089404,172.31.46.0-255,66,364030,53,364201
51445,0.089441,172.31.46.0-255,105,364135,53,364201
51446,0.091433,74.125.24.0-255,66,364201,53,364201
51447,0.0,172.217.194.0-255,295,295,53,313854
51448,2.3e-05,172.31.46.0-255,66,361,53,313854
51449,2.9e-05,172.217.194.0-255,1484,1845,53,313854
51450,3.4e-05,172.31.46.0-255,66,1911,53,313854
51451,4.1e-05,172.217.194.0-255,4320,6231,53,313854
51452,4.5e-05,172.31.46.0-255,66,6297,53,313854
51453,4.9e-05,172.217.194.0-255,2902,9199,53,313854
51454,5.1e-05,172.31.46.0-255,66,9265,53,313854
51455,7.8e-05,172.217.194.0-255,5738,15003,53,313854
51456,8.1e-05,172.31.46.0-255,66,15069,53,313854
51457,0.000104,172.217.194.0-255,3300,18369,53,313854
51458,0.000107,172.31.46.0-255,66,18435,53,313854
51459,0.000113,172.217.194.0-255,4320,22755,53,313854
51460,0.000115,172.31.46.0-255,66,22821,53,313854
51461,0.000141,172.217.194.0-255,2902,25723,53,313854
51462,0.000143,172.31.46.0-255,66,25789,53,313854
51463,0.000168,172.31.46.0-255,66,25855,53,313854
51464,0.000171,172.217.194.0-255,1484,27339,53,313854
51465,0.000173,172.31.46.0-255,66,27405,53,313854
51466,0.000206,172.31.46.0-255,66,27471,53,313854
51467,0.000441,172.217.194.0-255,1484,28955,53,313854
51468,0.000446,172.31.46.0-255,66,29021,53,313854
51469,0.000452,172.217.194.0-255,2902,31923,53,313854
51470,0.000455,172.31.46.0-255,66,31989,53,313854
51471,0.000458,172.217.194.0-255,1484,33473,53,313854
51472,0.00046,172.31.46.0-255,66,33539,53,313854
51473,0.000486,172.217.194.0-255,4320,37859,53,313854
51474,0.000489,172.31.46.0-255,66,37925,53,313854
51475,0.000504,172.217.194.0-255,2902,40827,53,313854
51476,0.000507,172.31.46.0-255,66,40893,53,313854
51477,0.000526,172.217.194.0-255,4287,45180,53,313854
51478,0.000539,172.31.46.0-255,66,45246,53,313854
51479,0.001501,172.217.194.0-255,1484,46730,53,313854
51480,0.001513,172.217.194.0-255,2902,49632,53,313854
51481,0.001519,172.31.46.0-255,66,49698,53,313854
51482,0.001527,172.217.194.0-255,5738,55436,53,313854
51483,0.001534,172.217.194.0-255,7156,62592,53,313854
51484,0.001577,172.217.194.0-255,2184,64776,53,313854
51485,0.00169,172.31.46.0-255,66,64842,53,313854
51486,0.002073,172.217.194.0-255,1484,66326,53,313854
51487,0.002081,172.217.194.0-255,2902,69228,53,313854
51488,0.002085,172.31.46.0-255,66,69294,53,313854
51489,0.002092,172.217.194.0-255,4320,73614,53,313854
51490,0.002106,172.217.194.0-255,1484,75098,53,313854
51491,0.002124,172.217.194.0-255,5738,80836,53,313854
51492,0.002151,172.217.194.0-255,7156,87992,53,313854
51493,0.002158,172.217.194.0-255,7156,95148,53,313854
51494,0.002307,172.217.194.0-255,1484,96632,53,313854
51495,0.002311,172.217.194.0-255,2902,99534,53,313854
51496,0.002335,172.217.194.0-255,5738,105272,53,313854
51497,0.002337,172.217.194.0-255,1484,106756,53,313854
51498,0.002351,172.217.194.0-255,1484,108240,53,313854
51499,0.002356,172.31.46.0-255,66,108306,53,313854
51500,0.002372,172.217.194.0-255,2902,111208,53,313854
51501,0.002388,172.217.194.0-255,1484,112692,53,313854
51502,0.00243,172.31.46.0-255,66,112758,53,313854
51503,0.004786,172.217.194.0-255,5738,118496,53,313854
51504,0.004797,172.31.46.0-255,66,118562,53,313854
51505,0.007163,172.217.194.0-255,5738,124300,53,313854
51506,0.007175,172.31.46.0-255,66,124366,53,313854
51507,0.009544,172.217.194.0-255,5738,130104,53,313854
51508,0.009561,172.31.46.0-255,66,130170,53,313854
51509,0.011927,172.217.194.0-255,5738,135908,53,313854
51510,0.011988,172.31.46.0-255,66,135974,53,313854
51511,0.014379,172.217.194.0-255,5738,141712,53,313854
51512,0.014399,172.31.46.0-255,66,141778,53,313854
51513,0.016761,172.217.194.0-255,5738,147516,53,313854
51514,0.016779,172.31.46.0-255,66,147582,53,313854
51515,0.019142,172.217.194.0-255,5738,153320,53,313854
51516,0.019161,172.31.46.0-255,66,153386,53,313854
51517,0.021515,172.217.194.0-255,5738,159124,53,313854
51518,0.021527,172.31.46.0-255,66,159190,53,313854
51519,0.02393,172.217.194.0-255,5738,164928,53,313854
51520,0.023949,172.31.46.0-255,66,164994,53,313854
51521,0.026329,172.217.194.0-255,5738,170732,53,313854
51522,0.026347,172.31.46.0-255,66,170798,53,313854
51523,0.028721,172.217.194.0-255,5738,176536,53,313854
51524,0.028733,172.31.46.0-255,66,176602,53,313854
51525,0.031102,172.217.194.0-255,5738,182340,53,313854
51526,0.031115,172.31.46.0-255,66,182406,53,313854
51527,0.03266,172.31.46.0-255,172,182578,53,313854
51528,0.032694,172.31.46.0-255,1112,183690,53,313854
51529,0.032757,172.31.46.0-255,1514,185204,53,313854
51530,0.03278,172.31.46.0-255,1514,186718,53,313854
51531,0.032783,172.31.46.0-255,702,187420,53,313854
51532,0.033508,172.217.194.0-255,5738,193158,53,313854
51533,0.033518,172.31.46.0-255,66,193224,53,313854
51534,0.034188,104.244.42.0-255,66,193290,53,313854
51535,0.0343,104.244.42.0-255,66,193356,53,313854
51536,0.034305,104.244.42.0-255,66,193422,53,313854
51537,0.03434,104.244.42.0-255,66,193488,53,313854
51538,0.035898,172.217.194.0-255,5738,199226,53,313854
51539,0.035907,172.31.46.0-255,66,199292,53,313854
51540,0.038282,172.217.194.0-255,5738,205030,53,313854
51541,0.038291,172.31.46.0-255,66,205096,53,313854
51542,0.040673,172.217.194.0-255,5738,210834,53,313854
51543,0.040683,172.31.46.0-255,66,210900,53,313854
51544,0.043071,172.217.194.0-255,5738,216638,53,313854
51545,0.04308,172.31.46.0-255,66,216704,53,313854
51546,0.045461,172.217.194.0-255,5738,222442,53,313854
51547,0.045469,172.31.46.0-255,66,222508,53,313854
51548,0.047858,172.217.194.0-255,5738,228246,53,313854
51549,0.047865,172.31.46.0-255,66,228312,53,313854
51550,0.050227,172.217.194.0-255,5738,234050,53,313854
51551,0.050235,172.31.46.0-255,66,234116,53,313854
51552,0.052611,172.217.194.0-255,5738,239854,53,313854
51553,0.052622,172.31.46.0-255,66,239920,53,313854
51554,0.055004,172.217.194.0-255,5738,245658,53,313854
51555,0.055013,172.31.46.0-255,66,245724,53,313854
51556,0.057386,172.217.194.0-255,5738,251462,53,313854
51557,0.057394,172.31.46.0-255,66,251528,53,313854
51558,0.059805,172.217.194.0-255,5738,257266,53,313854
51559,0.059813,172.31.46.0-255,66,257332,53,313854
51560,0.062224,172.217.194.0-255,5738,263070,53,313854
51561,0.062231,172.31.46.0-255,66,263136,53,313854
51562,0.064595,172.217.194.0-255,5738,268874,53,313854
51563,0.064604,172.31.46.0-255,66,268940,53,313854
51564,0.066959,172.217.194.0-255,5738,274678,53,313854
51565,0.066968,172.31.46.0-255,66,274744,53,313854
51566,0.069345,172.217.194.0-255,5738,280482,53,313854
51567,0.069353,172.31.46.0-255,66,280548,53,313854
51568,0.071711,172.217.194.0-255,5738,286286,53,313854
51569,0.071719,172.31.46.0-255,66,286352,53,313854
51570,0.074085,172.217.194.0-255,5738,292090,53,313854
51571,0.074096,172.31.46.0-255,66,292156,53,313854
51572,0.07645,172.217.194.0-255,5738,297894,53,313854
51573,0.076459,172.31.46.0-255,66,297960,53,313854
51574,0.078833,172.217.194.0-255,5738,303698,53,313854
51575,0.078839,172.31.46.0-255,66,303764,53,313854
51576,0.081183,172.217.194.0-255,5738,309502,53,313854
51577,0.08119,172.31.46.0-255,66,309568,53,313854
51578,0.08353,172.217.194.0-255,4049,313617,53,313854
51579,0.083537,172.31.46.0-255,66,313683,53,313854
51580,0.083949,172.31.46.0-255,105,313788,53,313854
51581,0.08628,172.217.194.0-255,66,313854,53,313854
51582,0.0,172.31.46.0-255,105,105,53,276
51583,0.001868,157.240.25.0-255,105,210,53,276
51584,0.001883,172.31.46.0-255,66,276,53,276
51585,0.0,172.217.194.0-255,153,153,53,220209
51586,2.3e-05,172.31.46.0-255,66,219,53,220209
51587,3e-05,172.217.194.0-255,1484,1703,53,220209
51588,3.5e-05,172.31.46.0-255,66,1769,53,220209
51589,4e-05,172.217.194.0-255,2902,4671,53,220209
51590,4.4e-05,172.31.46.0-255,66,4737,53,220209
51591,5.2e-05,172.217.194.0-255,7156,11893,53,220209
51592,5.6e-05,172.31.46.0-255,66,11959,53,220209
51593,6e-05,172.217.194.0-255,2088,14047,53,220209
51594,6.3e-05,172.31.46.0-255,66,14113,53,220209
51595,0.000153,172.217.194.0-255,1484,15597,53,220209
51596,0.000157,172.31.46.0-255,66,15663,53,220209
51597,0.000163,172.217.194.0-255,2902,18565,53,220209
51598,0.000165,172.31.46.0-255,66,18631,53,220209
51599,0.00017,172.217.194.0-255,2902,21533,53,220209
51600,0.000172,172.31.46.0-255,66,21599,53,220209
51601,0.000196,172.217.194.0-255,2902,24501,53,220209
51602,0.000198,172.31.46.0-255,66,24567,53,220209
51603,0.000205,172.217.194.0-255,5738,30305,53,220209
51604,0.000207,172.31.46.0-255,66,30371,53,220209
51605,0.000234,172.217.194.0-255,3961,34332,53,220209
51606,0.000237,172.31.46.0-255,66,34398,53,220209
51607,0.000249,172.31.46.0-255,66,34464,53,220209
51608,0.000254,172.217.194.0-255,3961,38425,53,220209
51609,0.000256,172.31.46.0-255,66,38491,53,220209
51610,0.000281,172.217.194.0-255,4320,42811,53,220209
51611,0.000284,172.31.46.0-255,66,42877,53,220209
51612,0.000297,172.31.46.0-255,66,42943,53,220209
51613,0.000301,172.217.194.0-255,2543,45486,53,220209
51614,0.000303,172.31.46.0-255,66,45552,53,220209
51615,0.000332,172.217.194.0-255,365,45917,53,220209
51616,0.000349,172.217.194.0-255,378,46295,53,220209
51617,0.000628,172.217.194.0-255,1484,47779,53,220209
51618,0.000635,172.31.46.0-255,66,47845,53,220209
51619,0.00064,172.217.194.0-255,2902,50747,53,220209
51620,0.000643,172.31.46.0-255,66,50813,53,220209
51621,0.000646,172.217.194.0-255,1484,52297,53,220209
51622,0.000679,172.217.194.0-255,4320,56617,53,220209
51623,0.000683,172.31.46.0-255,66,56683,53,220209
51624,0.000691,172.217.194.0-255,7156,63839,53,220209
51625,0.000693,172.31.46.0-255,66,63905,53,220209
51626,0.000708,172.31.46.0-255,66,63971,53,220209
51627,0.000712,172.217.194.0-255,2184,66155,53,220209
51628,0.000714,172.31.46.0-255,66,66221,53,220209
51629,0.000883,172.217.194.0-255,1484,67705,53,220209
51630,0.000889,172.217.194.0-255,2902,70607,53,220209
51631,0.000892,172.31.46.0-255,66,70673,53,220209
51632,0.000912,172.217.194.0-255,5738,76411,53,220209
51633,0.000915,172.31.46.0-255,66,76477,53,220209
51634,0.000918,172.217.194.0-255,1484,77961,53,220209
51635,0.000954,172.31.46.0-255,66,78027,53,220209
51636,0.000985,172.31.46.0-255,66,78093,53,220209
51637,0.001003,172.217.194.0-255,1484,79577,53,220209
51638,0.001017,172.217.194.0-255,2902,82479,53,220209
51639,0.001021,172.217.194.0-255,2902,85381,53,220209
51640,0.001026,172.31.46.0-255,66,85447,53,220209
51641,0.001033,172.31.46.0-255,66,85513,53,220209
51642,0.001037,172.217.194.0-255,2902,88415,53,220209
51643,0.00104,172.31.46.0-255,66,88481,53,220209
51644,0.001053,172.217.194.0-255,2902,91383,53,220209
51645,0.001056,172.31.46.0-255,66,91449,53,220209
51646,0.001092,172.31.46.0-255,66,91515,53,220209
51647,0.001099,172.217.194.0-255,5738,97253,53,220209
51648,0.001101,172.31.46.0-255,66,97319,53,220209
51649,0.00115,172.217.194.0-255,6438,103757,53,220209
51650,0.001153,172.31.46.0-255,66,103823,53,220209
51651,0.001159,172.217.194.0-255,5738,109561,53,220209
51652,0.001161,172.31.46.0-255,66,109627,53,220209
51653,0.001174,172.217.194.0-255,1484,111111,53,220209
51654,0.001184,172.31.46.0-255,66,111177,53,220209
51655,0.001199,172.217.194.0-255,1484,112661,53,220209
51656,0.001225,172.31.46.0-255,66,112727,53,220209
51657,0.00124,172.217.194.0-255,5738,118465,53,220209
51658,0.001242,172.31.46.0-255,66,118531,53,220209
51659,0.001246,172.217.194.0-255,766,119297,53,220209
51660,0.001317,172.217.194.0-255,1484,120781,53,220209
51661,0.00132,172.31.46.0-255,66,120847,53,220209
51662,0.001324,172.217.194.0-255,1484,122331,53,220209
51663,0.001338,172.217.194.0-255,1484,123815,53,220209
51664,0.001341,172.31.46.0-255,66,123881,53,220209
51665,0.001346,172.217.194.0-255,2902,126783,53,220209
51666,0.001348,172.31.46.0-255,66,126849,53,220209
51667,0.001361,172.217.194.0-255,2902,129751,53,220209
51668,0.001364,172.31.46.0-255,66,129817,53,220209
51669,0.00137,172.217.194.0-255,5738,135555,53,220209
51670,0.001372,172.31.46.0-255,66,135621,53,220209
51671,0.001398,172.217.194.0-255,7156,142777,53,220209
51672,0.001401,172.31.46.0-255,66,142843,53,220209
51673,0.001413,172.31.46.0-255,66,142909,53,220209
51674,0.001467,172.217.194.0-255,1484,144393,53,220209
51675,0.001473,172.217.194.0-255,2902,147295,53,220209
51676,0.001475,172.31.46.0-255,66,147361,53,220209
51677,0.001499,172.217.194.0-255,5738,153099,53,220209
51678,0.001502,172.217.194.0-255,1484,154583,53,220209
51679,0.001506,172.31.46.0-255,66,154649,53,220209
51680,0.00153,172.31.46.0-255,66,154715,53,220209
51681,0.001552,172.217.194.0-255,1484,156199,53,220209
51682,0.001566,172.31.46.0-255,66,156265,53,220209
51683,0.001623,172.217.194.0-255,1484,157749,53,220209
51684,0.00164,172.217.194.0-255,2902,160651,53,220209
51685,0.001643,172.31.46.0-255,66,160717,53,220209
51686,0.00165,172.217.194.0-255,5738,166455,53,220209
51687,0.001653,172.31.46.0-255,66,166521,53,220209
51688,0.001686,172.31.46.0-255,66,166587,53,220209
51689,0.001702,172.217.194.0-255,2902,169489,53,220209
51690,0.001704,172.31.46.0-255,66,169555,53,220209
51691,0.001717,172.31.46.0-255,66,169621,53,220209
51692,0.001742,172.217.194.0-255,2184,171805,53,220209
51693,0.001745,172.31.46.0-255,66,171871,53,220209
51694,0.001889,172.217.194.0-255,1484,173355,53,220209
51695,0.001895,172.217.194.0-255,2902,176257,53,220209
51696,0.001898,172.31.46.0-255,66,176323,53,220209
51697,0.001921,172.217.194.0-255,5738,182061,53,220209
51698,0.001925,172.31.46.0-255,66,182127,53,220209
51699,0.001951,172.31.46.0-255,66,182193,53,220209
51700,0.001962,172.31.46.0-255,66,182259,53,220209
51701,0.001982,172.217.194.0-255,2184,184443,53,220209
51702,0.001984,172.31.46.0-255,66,184509,53,220209
51703,0.002441,172.217.194.0-255,1484,185993,53,220209
51704,0.002449,172.217.194.0-255,2902,188895,53,220209
51705,0.002453,172.31.46.0-255,66,188961,53,220209
51706,0.002473,172.217.194.0-255,5738,194699,53,220209
51707,0.002475,172.31.46.0-255,66,194765,53,220209
51708,0.002542,172.217.194.0-255,7156,201921,53,220209
51709,0.002547,172.31.46.0-255,66,201987,53,220209
51710,0.00255,172.31.46.0-255,66,202053,53,220209
51711,0.002591,172.217.194.0-255,7156,209209,53,220209
51712,0.002594,172.31.46.0-255,66,209275,53,220209
51713,0.002622,172.31.46.0-255,66,209341,53,220209
51714,0.002646,172.217.194.0-255,2902,212243,53,220209
51715,0.002649,172.31.46.0-255,66,212309,53,220209
51716,0.002661,172.217.194.0-255,2212,214521,53,220209
51717,0.002664,172.31.46.0-255,66,214587,53,220209
51718,0.005207,172.217.194.0-255,105,214692,53,220209
51719,0.010446,172.31.46.0-255,66,214758,53,220209
51720,0.010517,172.31.46.0-255,105,214863,53,220209
51721,0.013053,172.217.194.0-255,66,214929,53,220209
51722,0.033958,172.31.46.0-255,172,215101,53,220209
51723,0.033991,172.31.46.0-255,1112,216213,53,220209
51724,0.034056,172.31.46.0-255,1514,217727,53,220209
51725,0.034058,172.31.46.0-255,1514,219241,53,220209
51726,0.034081,172.31.46.0-255,704,219945,53,220209
51727,0.035523,104.244.42.0-255,66,220011,53,220209
51728,0.035565,104.244.42.0-255,66,220077,53,220209
51729,0.035616,104.244.42.0-255,66,220143,53,220209
51730,0.03562,104.244.42.0-255,66,220209,53,220209
51731,0.0,74.125.24.0-255,146,146,53,317233
51732,2.7e-05,172.31.46.0-255,66,212,53,317233
51733,3.5e-05,74.125.24.0-255,1484,1696,53,317233
51734,3.9e-05,172.31.46.0-255,66,1762,53,317233
51735,4.6e-05,74.125.24.0-255,2902,4664,53,317233
51736,4.9e-05,172.31.46.0-255,66,4730,53,317233
51737,5.7e-05,74.125.24.0-255,7156,11886,53,317233
51738,5.9e-05,172.31.46.0-255,66,11952,53,317233
51739,6.3e-05,74.125.24.0-255,1973,13925,53,317233
51740,6.6e-05,172.31.46.0-255,66,13991,53,317233
51741,0.000105,74.125.24.0-255,1484,15475,53,317233
51742,0.000107,172.31.46.0-255,66,15541,53,317233
51743,0.000112,74.125.24.0-255,2902,18443,53,317233
51744,0.000114,172.31.46.0-255,66,18509,53,317233
51745,0.000119,74.125.24.0-255,4320,22829,53,317233
51746,0.000121,172.31.46.0-255,66,22895,53,317233
51747,0.000133,74.125.24.0-255,1484,24379,53,317233
51748,0.000135,172.31.46.0-255,66,24445,53,317233
51749,0.000161,74.125.24.0-255,6797,31242,53,317233
51750,0.000163,172.31.46.0-255,66,31308,53,317233
51751,0.000313,74.125.24.0-255,1484,32792,53,317233
51752,0.000317,172.31.46.0-255,66,32858,53,317233
51753,0.000323,74.125.24.0-255,2902,35760,53,317233
51754,0.000325,172.31.46.0-255,66,35826,53,317233
51755,0.000331,74.125.24.0-255,5738,41564,53,317233
51756,0.000334,172.31.46.0-255,66,41630,53,317233
51757,0.000354,74.125.24.0-255,5738,47368,53,317233
51758,0.000356,172.31.46.0-255,66,47434,53,317233
51759,0.000386,172.31.46.0-255,66,47500,53,317233
51760,0.000411,74.125.24.0-255,4320,51820,53,317233
51761,0.000414,172.31.46.0-255,66,51886,53,317233
51762,0.000431,74.125.24.0-255,5714,57600,53,317233
51763,0.00045,74.125.24.0-255,110,57710,53,317233
51764,0.000478,74.125.24.0-255,330,58040,53,317233
51765,0.000535,172.31.46.0-255,66,58106,53,317233
51766,0.0007,74.125.24.0-255,1484,59590,53,317233
51767,0.000717,74.125.24.0-255,2902,62492,53,317233
51768,0.000722,74.125.24.0-255,4320,66812,53,317233
51769,0.000734,74.125.24.0-255,1484,68296,53,317233
51770,0.000742,74.125.24.0-255,5738,74034,53,317233
51771,0.00076,74.125.24.0-255,7156,81190,53,317233
51772,0.000774,172.31.46.0-255,66,81256,53,317233
51773,0.000785,172.31.46.0-255,66,81322,53,317233
51774,0.000997,74.125.24.0-255,1484,82806,53,317233
51775,0.001001,74.125.24.0-255,1484,84290,53,317233
51776,0.001019,172.31.46.0-255,66,84356,53,317233
51777,0.001022,74.125.24.0-255,1484,85840,53,317233
51778,0.001028,74.125.24.0-255,5738,91578,53,317233
51779,0.001034,172.31.46.0-255,66,91644,53,317233
51780,0.001069,172.31.46.0-255,66,91710,53,317233
51781,0.001078,74.125.24.0-255,2902,94612,53,317233
51782,0.001094,172.31.46.0-255,66,94678,53,317233
51783,0.001131,74.125.24.0-255,1484,96162,53,317233
51784,0.001149,74.125.24.0-255,2902,99064,53,317233
51785,0.00117,74.125.24.0-255,5738,104802,53,317233
51786,0.001175,74.125.24.0-255,4320,109122,53,317233
51787,0.001179,74.125.24.0-255,2902,112024,53,317233
51788,0.001203,172.31.46.0-255,66,112090,53,317233
51789,0.00128,172.31.46.0-255,66,112156,53,317233
51790,0.001316,74.125.24.0-255,1484,113640,53,317233
51791,0.001321,74.125.24.0-255,2902,116542,53,317233
51792,0.001326,74.125.24.0-255,4320,120862,53,317233
51793,0.001336,172.31.46.0-255,66,120928,53,317233
51794,0.001344,74.125.24.0-255,1484,122412,53,317233
51795,0.00135,74.125.24.0-255,5738,128150,53,317233
51796,0.00137,74.125.24.0-255,7156,135306,53,317233
51797,0.001399,172.31.46.0-255,66,135372,53,317233
51798,0.001513,74.125.24.0-255,1484,136856,53,317233
51799,0.001533,74.125.24.0-255,2902,139758,53,317233
51800,0.001539,74.125.24.0-255,4320,144078,53,317233
51801,0.001544,172.31.46.0-255,66,144144,53,317233
51802,0.001551,74.125.24.0-255,1484,145628,53,317233
51803,0.001593,172.31.46.0-255,66,145694,53,317233
51804,0.001604,74.125.24.0-255,5738,151432,53,317233
51805,0.001619,74.125.24.0-255,6438,157870,53,317233
51806,0.001627,172.31.46.0-255,66,157936,53,317233
51807,0.001653,172.31.46.0-255,66,158002,53,317233
51808,0.001824,74.125.24.0-255,1484,159486,53,317233
51809,0.001838,74.125.24.0-255,2902,162388,53,317233
51810,0.001841,172.31.46.0-255,66,162454,53,317233
51811,0.001848,74.125.24.0-255,5738,168192,53,317233
51812,0.001865,74.125.24.0-255,5738,173930,53,317233
51813,0.001874,172.31.46.0-255,66,173996,53,317233
51814,0.001907,74.125.24.0-255,7156,181152,53,317233
51815,0.001914,74.125.24.0-255,5738,186890,53,317233
51816,0.001919,172.31.46.0-255,66,186956,53,317233
51817,0.001932,74.125.24.0-255,5020,191976,53,317233
51818,0.001954,172.31.46.0-255,66,192042,53,317233
51819,0.003977,74.125.24.0-255,5738,197780,53,317233
51820,0.00399,172.31.46.0-255,66,197846,53,317233
51821,0.005996,74.125.24.0-255,5738,203584,53,317233
51822,0.010161,172.31.46.0-255,66,203650,53,317233
51823,0.012197,74.125.24.0-255,5738,209388,53,317233
51824,0.012214,172.31.46.0-255,66,209454,53,317233
51825,0.014246,74.125.24.0-255,5738,215192,53,317233
51826,0.018243,172.31.46.0-255,66,215258,53,317233
51827,0.020319,74.125.24.0-255,5738,220996,53,317233
51828,0.020333,172.31.46.0-255,66,221062,53,317233
51829,0.022358,74.125.24.0-255,5738,226800,53,317233
51830,0.02237,172.31.46.0-255,66,226866,53,317233
51831,0.024417,74.125.24.0-255,5738,232604,53,317233
51832,0.024433,172.31.46.0-255,66,232670,53,317233
51833,0.026471,74.125.24.0-255,5738,238408,53,317233
51834,0.02648,172.31.46.0-255,66,238474,53,317233
51835,0.028513,74.125.24.0-255,5738,244212,53,317233
51836,0.028524,172.31.46.0-255,66,244278,53,317233
51837,0.03056,74.125.24.0-255,5738,250016,53,317233
51838,0.030571,172.31.46.0-255,66,250082,53,317233
51839,0.032159,172.31.46.0-255,172,250254,53,317233
51840,0.032195,172.31.46.0-255,1107,251361,53,317233
51841,0.032242,172.31.46.0-255,1514,252875,53,317233
51842,0.032244,172.31.46.0-255,1514,254389,53,317233
51843,0.032265,172.31.46.0-255,707,255096,53,317233
51844,0.032569,74.125.24.0-255,5738,260834,53,317233
51845,0.032576,172.31.46.0-255,66,260900,53,317233
51846,0.033731,104.244.42.0-255,66,260966,53,317233
51847,0.033917,104.244.42.0-255,66,261032,53,317233
51848,0.033937,104.244.42.0-255,66,261098,53,317233
51849,0.033949,104.244.42.0-255,66,261164,53,317233
51850,0.034616,74.125.24.0-255,5738,266902,53,317233
51851,0.034623,172.31.46.0-255,66,266968,53,317233
51852,0.035018,104.244.42.0-255,108,267076,53,317233
51853,0.035025,172.31.46.0-255,66,267142,53,317233
51854,0.036684,74.125.24.0-255,5738,272880,53,317233
51855,0.036689,172.31.46.0-255,66,272946,53,317233
51856,0.038725,74.125.24.0-255,5738,278684,53,317233
51857,0.03874,172.31.46.0-255,66,278750,53,317233
51858,0.040786,74.125.24.0-255,5738,284488,53,317233
51859,0.040798,172.31.46.0-255,66,284554,53,317233
51860,0.042837,74.125.24.0-255,5738,290292,53,317233
51861,0.042846,172.31.46.0-255,66,290358,53,317233
51862,0.044886,74.125.24.0-255,5738,296096,53,317233
51863,0.044895,172.31.46.0-255,66,296162,53,317233
51864,0.046908,74.125.24.0-255,5738,301900,53,317233
51865,0.046918,172.31.46.0-255,66,301966,53,317233
51866,0.048951,74.125.24.0-255,5738,307704,53,317233
51867,0.04896,172.31.46.0-255,66,307770,53,317233
51868,0.050971,74.125.24.0-255,5738,313508,53,317233
51869,0.050979,172.31.46.0-255,66,313574,53,317233
51870,0.053001,74.125.24.0-255,3422,316996,53,317233
51871,0.053012,172.31.46.0-255,66,317062,53,317233
51872,0.053788,172.31.46.0-255,105,317167,53,317233
51873,0.055807,74.125.24.0-255,66,317233,53,317233
51874,0.0,74.125.24.0-255,146,146,53,239531
51875,2.2e-05,172.31.46.0-255,66,212,53,239531
51876,3e-05,74.125.24.0-255,1484,1696,53,239531
51877,3.4e-05,172.31.46.0-255,66,1762,53,239531
51878,4e-05,74.125.24.0-255,2902,4664,53,239531
51879,4.4e-05,172.31.46.0-255,66,4730,53,239531
51880,5.2e-05,74.125.24.0-255,7156,11886,53,239531
51881,5.6e-05,172.31.46.0-255,66,11952,53,239531
51882,9e-05,172.31.46.0-255,66,12018,53,239531
51883,0.000126,172.31.46.0-255,66,12084,53,239531
51884,0.000277,74.125.24.0-255,1484,13568,53,239531
51885,0.000282,172.31.46.0-255,66,13634,53,239531
51886,0.000288,74.125.24.0-255,2902,16536,53,239531
51887,0.00029,172.31.46.0-255,66,16602,53,239531
51888,0.000296,74.125.24.0-255,5738,22340,53,239531
51889,0.000298,172.31.46.0-255,66,22406,53,239531
51890,0.000353,74.125.24.0-255,5738,28144,53,239531
51891,0.000356,172.31.46.0-255,66,28210,53,239531
51892,0.000371,74.125.24.0-255,7156,35366,53,239531
51893,0.000373,172.31.46.0-255,66,35432,53,239531
51894,0.000376,74.125.24.0-255,1484,36916,53,239531
51895,0.000378,172.31.46.0-255,66,36982,53,239531
51896,0.000417,172.31.46.0-255,66,37048,53,239531
51897,0.000766,74.125.24.0-255,393,37441,53,239531
51898,0.00077,172.31.46.0-255,66,37507,53,239531
51899,0.001516,74.125.24.0-255,349,37856,53,239531
51900,0.001523,172.31.46.0-255,66,37922,53,239531
51901,0.001531,74.125.24.0-255,1484,39406,53,239531
51902,0.001534,172.31.46.0-255,66,39472,53,239531
51903,0.001562,74.125.24.0-255,4320,43792,53,239531
51904,0.001564,172.31.46.0-255,66,43858,53,239531
51905,0.001593,172.31.46.0-255,66,43924,53,239531
51906,0.001617,74.125.24.0-255,5738,49662,53,239531
51907,0.00162,172.31.46.0-255,66,49728,53,239531
51908,0.001652,172.31.46.0-255,66,49794,53,239531
51909,0.001856,74.125.24.0-255,1484,51278,53,239531
51910,0.001864,74.125.24.0-255,2902,54180,53,239531
51911,0.001869,172.31.46.0-255,66,54246,53,239531
51912,0.001876,74.125.24.0-255,5738,59984,53,239531
51913,0.001878,172.31.46.0-255,66,60050,53,239531
51914,0.001903,74.125.24.0-255,5738,65788,53,239531
51915,0.001906,172.31.46.0-255,66,65854,53,239531
51916,0.001919,74.125.24.0-255,2902,68756,53,239531
51917,0.001922,172.31.46.0-255,66,68822,53,239531
51918,0.001938,74.125.24.0-255,4320,73142,53,239531
51919,0.00194,172.31.46.0-255,66,73208,53,239531
51920,0.001945,74.125.24.0-255,2902,76110,53,239531
51921,0.001947,172.31.46.0-255,66,76176,53,239531
51922,0.001982,172.31.46.0-255,66,76242,53,239531
51923,0.00202,172.31.46.0-255,66,76308,53,239531
51924,0.002047,172.31.46.0-255,66,76374,53,239531
51925,0.002066,74.125.24.0-255,5738,82112,53,239531
51926,0.002068,172.31.46.0-255,66,82178,53,239531
51927,0.0021,172.31.46.0-255,66,82244,53,239531
51928,0.002124,172.31.46.0-255,66,82310,53,239531
51929,0.002135,172.31.46.0-255,66,82376,53,239531
51930,0.002154,74.125.24.0-255,1484,83860,53,239531
51931,0.002182,172.31.46.0-255,66,83926,53,239531
51932,0.00221,74.125.24.0-255,4320,88246,53,239531
51933,0.002212,172.31.46.0-255,66,88312,53,239531
51934,0.002217,74.125.24.0-255,2902,91214,53,239531
51935,0.002218,172.31.46.0-255,66,91280,53,239531
51936,0.002233,74.125.24.0-255,2902,94182,53,239531
51937,0.002235,172.31.46.0-255,66,94248,53,239531
51938,0.002239,74.125.24.0-255,2902,97150,53,239531
51939,0.002242,172.31.46.0-255,66,97216,53,239531
51940,0.002273,172.31.46.0-255,66,97282,53,239531
51941,0.002287,172.31.46.0-255,66,97348,53,239531
51942,0.002325,74.125.24.0-255,1484,98832,53,239531
51943,0.002361,172.31.46.0-255,66,98898,53,239531
51944,0.00461,74.125.24.0-255,5738,104636,53,239531
51945,0.004619,172.31.46.0-255,66,104702,53,239531
51946,0.006906,74.125.24.0-255,5738,110440,53,239531
51947,0.006918,172.31.46.0-255,66,110506,53,239531
51948,0.009178,74.125.24.0-255,5738,116244,53,239531
51949,0.009186,172.31.46.0-255,66,116310,53,239531
51950,0.011474,74.125.24.0-255,5738,122048,53,239531
51951,0.011488,172.31.46.0-255,66,122114,53,239531
51952,0.01376,74.125.24.0-255,5738,127852,53,239531
51953,0.013777,172.31.46.0-255,66,127918,53,239531
51954,0.016044,74.125.24.0-255,5738,133656,53,239531
51955,0.016061,172.31.46.0-255,66,133722,53,239531
51956,0.018346,74.125.24.0-255,5738,139460,53,239531
51957,0.018369,172.31.46.0-255,66,139526,53,239531
51958,0.020661,74.125.24.0-255,5738,145264,53,239531
51959,0.02068,172.31.46.0-255,66,145330,53,239531
51960,0.022978,74.125.24.0-255,5738,151068,53,239531
51961,0.022997,172.31.46.0-255,66,151134,53,239531
51962,0.02528,74.125.24.0-255,5738,156872,53,239531
51963,0.025289,172.31.46.0-255,66,156938,53,239531
51964,0.027538,74.125.24.0-255,5738,162676,53,239531
51965,0.027547,172.31.46.0-255,66,162742,53,239531
51966,0.02984,74.125.24.0-255,5738,168480,53,239531
51967,0.029853,172.31.46.0-255,66,168546,53,239531
51968,0.032118,74.125.24.0-255,5738,174284,53,239531
51969,0.032132,172.31.46.0-255,66,174350,53,239531
51970,0.034413,74.125.24.0-255,5738,180088,53,239531
51971,0.034425,172.31.46.0-255,66,180154,53,239531
51972,0.036693,74.125.24.0-255,5738,185892,53,239531
51973,0.036702,172.31.46.0-255,66,185958,53,239531
51974,0.039,74.125.24.0-255,5738,191696,53,239531
51975,0.039013,172.31.46.0-255,66,191762,53,239531
51976,0.041312,74.125.24.0-255,5738,197500,53,239531
51977,0.04133,172.31.46.0-255,66,197566,53,239531
51978,0.043601,74.125.24.0-255,5738,203304,53,239531
51979,0.04361,172.31.46.0-255,66,203370,53,239531
51980,0.044175,172.31.46.0-255,200,203570,53,239531
51981,0.044206,172.31.46.0-255,1074,204644,53,239531
51982,0.045725,104.244.42.0-255,66,204710,53,239531
51983,0.045763,104.244.42.0-255,66,204776,53,239531
51984,0.045862,74.125.24.0-255,5738,210514,53,239531
51985,0.045869,172.31.46.0-255,66,210580,53,239531
51986,0.048152,74.125.24.0-255,5738,216318,53,239531
51987,0.04816,172.31.46.0-255,66,216384,53,239531
51988,0.050414,74.125.24.0-255,5738,222122,53,239531
51989,0.050421,172.31.46.0-255,66,222188,53,239531
51990,0.052705,74.125.24.0-255,5738,227926,53,239531
51991,0.052714,172.31.46.0-255,66,227992,53,239531
51992,0.054978,74.125.24.0-255,5738,233730,53,239531
51993,0.054985,172.31.46.0-255,66,233796,53,239531
51994,0.057237,74.125.24.0-255,5498,239294,53,239531
51995,0.057243,172.31.46.0-255,66,239360,53,239531
51996,0.057444,172.31.46.0-255,105,239465,53,239531
51997,0.059677,74.125.24.0-255,66,239531,53,239531
51998,0.0,74.125.130.0-255,148,148,53,370573
51999,2.1e-05,172.31.46.0-255,66,214,53,370573
52000,2.9e-05,74.125.130.0-255,1484,1698,53,370573
52001,3.4e-05,172.31.46.0-255,66,1764,53,370573
52002,4e-05,74.125.130.0-255,2902,4666,53,370573
52003,4.4e-05,172.31.46.0-255,66,4732,53,370573
52004,8.1e-05,74.125.130.0-255,7156,11888,53,370573
52005,8.5e-05,172.31.46.0-255,66,11954,53,370573
52006,0.000131,172.31.46.0-255,66,12020,53,370573
52007,0.000174,74.125.130.0-255,1484,13504,53,370573
52008,0.000177,172.31.46.0-255,66,13570,53,370573
52009,0.000198,74.125.130.0-255,5738,19308,53,370573
52010,0.0002,172.31.46.0-255,66,19374,53,370573
52011,0.000218,74.125.130.0-255,3961,23335,53,370573
52012,0.000221,172.31.46.0-255,66,23401,53,370573
52013,0.000369,74.125.130.0-255,1484,24885,53,370573
52014,0.000374,172.31.46.0-255,66,24951,53,370573
52015,0.00038,74.125.130.0-255,2902,27853,53,370573
52016,0.000383,172.31.46.0-255,66,27919,53,370573
52017,0.00041,74.125.130.0-255,5738,33657,53,370573
52018,0.000413,172.31.46.0-255,66,33723,53,370573
52019,0.00044,74.125.130.0-255,1484,35207,53,370573
52020,0.000442,172.31.46.0-255,66,35273,53,370573
52021,0.000467,74.125.130.0-255,2902,38175,53,370573
52022,0.00047,172.31.46.0-255,66,38241,53,370573
52023,0.000473,74.125.130.0-255,1484,39725,53,370573
52024,0.000475,172.31.46.0-255,66,39791,53,370573
52025,0.000495,74.125.130.0-255,5379,45170,53,370573
52026,0.000498,172.31.46.0-255,66,45236,53,370573
52027,0.000552,74.125.130.0-255,2902,48138,53,370573
52028,0.000555,172.31.46.0-255,66,48204,53,370573
52029,0.000588,172.31.46.0-255,66,48270,53,370573
52030,0.000645,74.125.130.0-255,1125,49395,53,370573
52031,0.001138,172.31.46.0-255,66,49461,53,370573
52032,0.001455,74.125.130.0-255,646,50107,53,370573
52033,0.001465,74.125.130.0-255,1484,51591,53,370573
52034,0.001473,74.125.130.0-255,4320,55911,53,370573
52035,0.00148,74.125.130.0-255,7156,63067,53,370573
52036,0.001498,74.125.130.0-255,2902,65969,53,370573
52037,0.001569,74.125.130.0-255,5738,71707,53,370573
52038,0.001584,74.125.130.0-255,3602,75309,53,370573
52039,0.00171,74.125.130.0-255,1484,76793,53,370573
52040,0.001732,74.125.130.0-255,2902,79695,53,370573
52041,0.001757,74.125.130.0-255,4320,84015,53,370573
52042,0.00181,74.125.130.0-255,5738,89753,53,370573
52043,0.001826,74.125.130.0-255,2902,92655,53,370573
52044,0.00186,74.125.130.0-255,2902,95557,53,370573
52045,0.001888,74.125.130.0-255,5738,101295,53,370573
52046,0.001912,74.125.130.0-255,7156,108451,53,370573
52047,0.001983,74.125.130.0-255,766,109217,53,370573
52048,0.002006,74.125.130.0-255,1484,110701,53,370573
52049,0.002023,74.125.130.0-255,2902,113603,53,370573
52050,0.002041,74.125.130.0-255,1484,115087,53,370573
52051,0.002062,74.125.130.0-255,2902,117989,53,370573
52052,0.002076,74.125.130.0-255,2902,120891,53,370573
52053,0.002111,74.125.130.0-255,4320,125211,53,370573
52054,0.002124,74.125.130.0-255,2902,128113,53,370573
52055,0.002182,74.125.130.0-255,4320,132433,53,370573
52056,0.002208,74.125.130.0-255,4320,136753,53,370573
52057,0.002258,74.125.130.0-255,4320,141073,53,370573
52058,0.002273,74.125.130.0-255,2184,143257,53,370573
52059,0.002476,172.31.46.0-255,66,143323,53,370573
52060,0.004725,74.125.130.0-255,5738,149061,53,370573
52061,0.004732,172.31.46.0-255,66,149127,53,370573
52062,0.006962,74.125.130.0-255,5738,154865,53,370573
52063,0.006971,172.31.46.0-255,66,154931,53,370573
52064,0.00922,74.125.130.0-255,5738,160669,53,370573
52065,0.009228,172.31.46.0-255,66,160735,53,370573
52066,0.011468,74.125.130.0-255,5738,166473,53,370573
52067,0.011482,172.31.46.0-255,66,166539,53,370573
52068,0.013741,74.125.130.0-255,5738,172277,53,370573
52069,0.01467,172.31.46.0-255,66,172343,53,370573
52070,0.016919,74.125.130.0-255,5738,178081,53,370573
52071,0.016938,172.31.46.0-255,66,178147,53,370573
52072,0.019192,74.125.130.0-255,5738,183885,53,370573
52073,0.019206,172.31.46.0-255,66,183951,53,370573
52074,0.021458,74.125.130.0-255,5738,189689,53,370573
52075,0.021472,172.31.46.0-255,66,189755,53,370573
52076,0.023725,74.125.130.0-255,5738,195493,53,370573
52077,0.023737,172.31.46.0-255,66,195559,53,370573
52078,0.025998,74.125.130.0-255,5738,201297,53,370573
52079,0.026013,172.31.46.0-255,66,201363,53,370573
52080,0.028279,74.125.130.0-255,5738,207101,53,370573
52081,0.028293,172.31.46.0-255,66,207167,53,370573
52082,0.030542,74.125.130.0-255,5738,212905,53,370573
52083,0.030552,172.31.46.0-255,66,212971,53,370573
52084,0.032041,172.31.46.0-255,172,213143,53,370573
52085,0.032073,172.31.46.0-255,1107,214250,53,370573
52086,0.032137,172.31.46.0-255,1514,215764,53,370573
52087,0.032139,172.31.46.0-255,1514,217278,53,370573
52088,0.032163,172.31.46.0-255,707,217985,53,370573
52089,0.032796,74.125.130.0-255,5738,223723,53,370573
52090,0.032804,172.31.46.0-255,66,223789,53,370573
52091,0.033581,104.244.42.0-255,66,223855,53,370573
52092,0.033624,104.244.42.0-255,66,223921,53,370573
52093,0.033736,104.244.42.0-255,66,223987,53,370573
52094,0.033739,104.244.42.0-255,66,224053,53,370573
52095,0.035107,74.125.130.0-255,5738,229791,53,370573
52096,0.035114,172.31.46.0-255,66,229857,53,370573
52097,0.037361,74.125.130.0-255,5738,235595,53,370573
52098,0.037372,172.31.46.0-255,66,235661,53,370573
52099,0.039622,74.125.130.0-255,5738,241399,53,370573
52100,0.039633,172.31.46.0-255,66,241465,53,370573
52101,0.041898,74.125.130.0-255,5738,247203,53,370573
52102,0.041917,172.31.46.0-255,66,247269,53,370573
52103,0.044178,74.125.130.0-255,5738,253007,53,370573
52104,0.044188,172.31.46.0-255,66,253073,53,370573
52105,0.046474,74.125.130.0-255,5738,258811,53,370573
52106,0.046485,172.31.46.0-255,66,258877,53,370573
52107,0.048741,74.125.130.0-255,5738,264615,53,370573
52108,0.048752,172.31.46.0-255,66,264681,53,370573
52109,0.050997,74.125.130.0-255,5738,270419,53,370573
52110,0.051014,172.31.46.0-255,66,270485,53,370573
52111,0.053261,74.125.130.0-255,5738,276223,53,370573
52112,0.053277,172.31.46.0-255,66,276289,53,370573
52113,0.05556,74.125.130.0-255,5738,282027,53,370573
52114,0.055574,172.31.46.0-255,66,282093,53,370573
52115,0.057826,74.125.130.0-255,5738,287831,53,370573
52116,0.057839,172.31.46.0-255,66,287897,53,370573
52117,0.060088,74.125.130.0-255,5738,293635,53,370573
52118,0.060099,172.31.46.0-255,66,293701,53,370573
52119,0.06235,74.125.130.0-255,5738,299439,53,370573
52120,0.062363,172.31.46.0-255,66,299505,53,370573
52121,0.064623,74.125.130.0-255,5738,305243,53,370573
52122,0.064638,172.31.46.0-255,66,305309,53,370573
52123,0.06689,74.125.130.0-255,5738,311047,53,370573
52124,0.066901,172.31.46.0-255,66,311113,53,370573
52125,0.069146,74.125.130.0-255,5738,316851,53,370573
52126,0.069155,172.31.46.0-255,66,316917,53,370573
52127,0.071407,74.125.130.0-255,5738,322655,53,370573
52128,0.071418,172.31.46.0-255,66,322721,53,370573
52129,0.073655,74.125.130.0-255,5738,328459,53,370573
52130,0.073666,172.31.46.0-255,66,328525,53,370573
52131,0.075897,74.125.130.0-255,5738,334263,53,370573
52132,0.075907,172.31.46.0-255,66,334329,53,370573
52133,0.078153,74.125.130.0-255,5738,340067,53,370573
52134,0.078162,172.31.46.0-255,66,340133,53,370573
52135,0.080423,74.125.130.0-255,5738,345871,53,370573
52136,0.080434,172.31.46.0-255,66,345937,53,370573
52137,0.08268,74.125.130.0-255,5738,351675,53,370573
52138,0.082691,172.31.46.0-255,66,351741,53,370573
52139,0.084956,74.125.130.0-255,5738,357479,53,370573
52140,0.084973,172.31.46.0-255,66,357545,53,370573
52141,0.08722,74.125.130.0-255,5738,363283,53,370573
52142,0.087229,172.31.46.0-255,66,363349,53,370573
52143,0.08947,74.125.130.0-255,5738,369087,53,370573
52144,0.08948,172.31.46.0-255,66,369153,53,370573
52145,0.091723,74.125.130.0-255,1183,370336,53,370573
52146,0.091887,172.31.46.0-255,66,370402,53,370573
52147,0.091929,172.31.46.0-255,105,370507,53,370573
52148,0.094131,74.125.130.0-255,66,370573,53,370573
52149,0.0,74.125.68.0-255,152,152,53,363275
52150,2.1e-05,172.31.46.0-255,66,218,53,363275
52151,2.8e-05,74.125.68.0-255,1484,1702,53,363275
52152,3.2e-05,172.31.46.0-255,66,1768,53,363275
52153,3.8e-05,74.125.68.0-255,2902,4670,53,363275
52154,4.1e-05,172.31.46.0-255,66,4736,53,363275
52155,4.4e-05,74.125.68.0-255,1484,6220,53,363275
52156,4.7e-05,172.31.46.0-255,66,6286,53,363275
52157,9.7e-05,74.125.68.0-255,2902,9188,53,363275
52158,0.0001,172.31.46.0-255,66,9254,53,363275
52159,0.000106,74.125.68.0-255,4890,14144,53,363275
52160,0.000109,172.31.46.0-255,66,14210,53,363275
52161,0.000125,74.125.68.0-255,1484,15694,53,363275
52162,0.000128,172.31.46.0-255,66,15760,53,363275
52163,0.000156,74.125.68.0-255,4320,20080,53,363275
52164,0.000159,172.31.46.0-255,66,20146,53,363275
52165,0.000161,74.125.68.0-255,1484,21630,53,363275
52166,0.000163,172.31.46.0-255,66,21696,53,363275
52167,0.000175,172.31.46.0-255,66,21762,53,363275
52168,0.000178,74.125.68.0-255,1125,22887,53,363275
52169,0.00018,172.31.46.0-255,66,22953,53,363275
52170,0.000266,74.125.68.0-255,1484,24437,53,363275
52171,0.00027,172.31.46.0-255,66,24503,53,363275
52172,0.000289,74.125.68.0-255,2902,27405,53,363275
52173,0.000292,172.31.46.0-255,66,27471,53,363275
52174,0.000296,74.125.68.0-255,2902,30373,53,363275
52175,0.000298,172.31.46.0-255,66,30439,53,363275
52176,0.000303,74.125.68.0-255,2902,33341,53,363275
52177,0.000305,172.31.46.0-255,66,33407,53,363275
52178,0.000329,74.125.68.0-255,1484,34891,53,363275
52179,0.000331,172.31.46.0-255,66,34957,53,363275
52180,0.000351,74.125.68.0-255,2902,37859,53,363275
52181,0.000354,172.31.46.0-255,66,37925,53,363275
52182,0.000372,74.125.68.0-255,6797,44722,53,363275
52183,0.000375,172.31.46.0-255,66,44788,53,363275
52184,0.000381,74.125.68.0-255,5738,50526,53,363275
52185,0.000384,172.31.46.0-255,66,50592,53,363275
52186,0.000404,74.125.68.0-255,4320,54912,53,363275
52187,0.000407,172.31.46.0-255,66,54978,53,363275
52188,0.000412,74.125.68.0-255,2855,57833,53,363275
52189,0.000414,172.31.46.0-255,66,57899,53,363275
52190,0.000431,74.125.68.0-255,375,58274,53,363275
52191,0.000569,172.31.46.0-255,101,58375,53,363275
52192,0.000584,74.125.68.0-255,1484,59859,53,363275
52193,0.0006,74.125.68.0-255,2902,62761,53,363275
52194,0.000604,172.31.46.0-255,66,62827,53,363275
52195,0.000609,74.125.68.0-255,2902,65729,53,363275
52196,0.000611,172.31.46.0-255,66,65795,53,363275
52197,0.000626,74.125.68.0-255,2902,68697,53,363275
52198,0.000629,172.31.46.0-255,66,68763,53,363275
52199,0.00067,172.31.46.0-255,66,68829,53,363275
52200,0.000704,172.31.46.0-255,66,68895,53,363275
52201,0.000935,74.125.68.0-255,1484,70379,53,363275
52202,0.00094,74.125.68.0-255,1484,71863,53,363275
52203,0.000943,172.31.46.0-255,66,71929,53,363275
52204,0.00096,74.125.68.0-255,1484,73413,53,363275
52205,0.000967,74.125.68.0-255,5738,79151,53,363275
52206,0.000969,172.31.46.0-255,66,79217,53,363275
52207,0.000989,74.125.68.0-255,7156,86373,53,363275
52208,0.000991,172.31.46.0-255,66,86439,53,363275
52209,0.001018,74.125.68.0-255,2902,89341,53,363275
52210,0.00102,172.31.46.0-255,66,89407,53,363275
52211,0.001063,74.125.68.0-255,1484,90891,53,363275
52212,0.001079,74.125.68.0-255,2902,93793,53,363275
52213,0.001083,172.31.46.0-255,66,93859,53,363275
52214,0.001107,74.125.68.0-255,5738,99597,53,363275
52215,0.001112,172.31.46.0-255,66,99663,53,363275
52216,0.001116,74.125.68.0-255,2902,102565,53,363275
52217,0.001118,172.31.46.0-255,66,102631,53,363275
52218,0.00114,74.125.68.0-255,766,103397,53,363275
52219,0.001173,74.125.68.0-255,1484,104881,53,363275
52220,0.001176,172.31.46.0-255,66,104947,53,363275
52221,0.001181,74.125.68.0-255,2902,107849,53,363275
52222,0.001184,172.31.46.0-255,66,107915,53,363275
52223,0.001201,74.125.68.0-255,4320,112235,53,363275
52224,0.001204,172.31.46.0-255,66,112301,53,363275
52225,0.001224,74.125.68.0-255,1484,113785,53,363275
52226,0.001229,74.125.68.0-255,4320,118105,53,363275
52227,0.001232,172.31.46.0-255,66,118171,53,363275
52228,0.001263,74.125.68.0-255,5738,123909,53,363275
52229,0.001266,172.31.46.0-255,66,123975,53,363275
52230,0.001271,74.125.68.0-255,2902,126877,53,363275
52231,0.001273,172.31.46.0-255,66,126943,53,363275
52232,0.001299,74.125.68.0-255,4320,131263,53,363275
52233,0.001303,172.31.46.0-255,66,131329,53,363275
52234,0.001323,74.125.68.0-255,6438,137767,53,363275
52235,0.001329,172.31.46.0-255,66,137833,53,363275
52236,0.001687,74.125.68.0-255,1484,139317,53,363275
52237,0.001703,74.125.68.0-255,2902,142219,53,363275
52238,0.001706,172.31.46.0-255,66,142285,53,363275
52239,0.001712,74.125.68.0-255,2902,145187,53,363275
52240,0.001714,172.31.46.0-255,66,145253,53,363275
52241,0.001729,74.125.68.0-255,2902,148155,53,363275
52242,0.001735,74.125.68.0-255,5738,153893,53,363275
52243,0.001738,172.31.46.0-255,66,153959,53,363275
52244,0.001746,172.31.46.0-255,66,154025,53,363275
52245,0.001749,74.125.68.0-255,1484,155509,53,363275
52246,0.0018,74.125.68.0-255,2902,158411,53,363275
52247,0.001802,172.31.46.0-255,66,158477,53,363275
52248,0.001843,172.31.46.0-255,66,158543,53,363275
52249,0.001849,74.125.68.0-255,3602,162145,53,363275
52250,0.001851,172.31.46.0-255,66,162211,53,363275
52251,0.002777,74.125.68.0-255,66,162277,53,363275
52252,0.004079,74.125.68.0-255,5738,168015,53,363275
52253,0.004085,172.31.46.0-255,66,168081,53,363275
52254,0.006327,74.125.68.0-255,5738,173819,53,363275
52255,0.006331,172.31.46.0-255,66,173885,53,363275
52256,0.008575,74.125.68.0-255,5738,179623,53,363275
52257,0.008582,172.31.46.0-255,66,179689,53,363275
52258,0.01082,74.125.68.0-255,5738,185427,53,363275
52259,0.010826,172.31.46.0-255,66,185493,53,363275
52260,0.01307,74.125.68.0-255,5738,191231,53,363275
52261,0.013077,172.31.46.0-255,66,191297,53,363275
52262,0.01532,74.125.68.0-255,5738,197035,53,363275
52263,0.015327,172.31.46.0-255,66,197101,53,363275
52264,0.017579,74.125.68.0-255,5738,202839,53,363275
52265,0.017587,172.31.46.0-255,66,202905,53,363275
52266,0.019836,74.125.68.0-255,5738,208643,53,363275
52267,0.019844,172.31.46.0-255,66,208709,53,363275
52268,0.022092,74.125.68.0-255,5738,214447,53,363275
52269,0.022099,172.31.46.0-255,66,214513,53,363275
52270,0.024349,74.125.68.0-255,5738,220251,53,363275
52271,0.024356,172.31.46.0-255,66,220317,53,363275
52272,0.026611,74.125.68.0-255,5738,226055,53,363275
52273,0.026618,172.31.46.0-255,66,226121,53,363275
52274,0.028862,74.125.68.0-255,5738,231859,53,363275
52275,0.02887,172.31.46.0-255,66,231925,53,363275
52276,0.031123,74.125.68.0-255,5738,237663,53,363275
52277,0.031131,172.31.46.0-255,66,237729,53,363275
52278,0.033384,74.125.68.0-255,5738,243467,53,363275
52279,0.033393,172.31.46.0-255,66,243533,53,363275
52280,0.035637,74.125.68.0-255,5738,249271,53,363275
52281,0.035645,172.31.46.0-255,66,249337,53,363275
52282,0.0379,74.125.68.0-255,5738,255075,53,363275
52283,0.037914,172.31.46.0-255,66,255141,53,363275
52284,0.039543,172.31.46.0-255,172,255313,53,363275
52285,0.039576,172.31.46.0-255,1112,256425,53,363275
52286,0.039644,172.31.46.0-255,1514,257939,53,363275
52287,0.039646,172.31.46.0-255,1514,259453,53,363275
52288,0.039652,172.31.46.0-255,1514,260967,53,363275
52289,0.039654,172.31.46.0-255,1514,262481,53,363275
52290,0.039672,172.31.46.0-255,1509,263990,53,363275
52291,0.04016,74.125.68.0-255,5738,269728,53,363275
52292,0.040167,172.31.46.0-255,66,269794,53,363275
52293,0.041059,104.244.42.0-255,66,269860,53,363275
52294,0.041068,104.244.42.0-255,66,269926,53,363275
52295,0.041213,104.244.42.0-255,66,269992,53,363275
52296,0.04122,104.244.42.0-255,66,270058,53,363275
52297,0.042421,74.125.68.0-255,5738,275796,53,363275
52298,0.042428,172.31.46.0-255,66,275862,53,363275
52299,0.044683,74.125.68.0-255,5738,281600,53,363275
52300,0.044689,172.31.46.0-255,66,281666,53,363275
52301,0.046949,74.125.68.0-255,5738,287404,53,363275
52302,0.046955,172.31.46.0-255,66,287470,53,363275
52303,0.049216,74.125.68.0-255,5738,293208,53,363275
52304,0.049223,172.31.46.0-255,66,293274,53,363275
52305,0.051478,74.125.68.0-255,5738,299012,53,363275
52306,0.051484,172.31.46.0-255,66,299078,53,363275
52307,0.053732,74.125.68.0-255,5738,304816,53,363275
52308,0.053739,172.31.46.0-255,66,304882,53,363275
52309,0.055988,74.125.68.0-255,5738,310620,53,363275
52310,0.055995,172.31.46.0-255,66,310686,53,363275
52311,0.058244,74.125.68.0-255,5738,316424,53,363275
52312,0.058249,172.31.46.0-255,66,316490,53,363275
52313,0.060503,74.125.68.0-255,5738,322228,53,363275
52314,0.060508,172.31.46.0-255,66,322294,53,363275
52315,0.062756,74.125.68.0-255,5738,328032,53,363275
52316,0.062763,172.31.46.0-255,66,328098,53,363275
52317,0.065011,74.125.68.0-255,5738,333836,53,363275
52318,0.065017,172.31.46.0-255,66,333902,53,363275
52319,0.067299,74.125.68.0-255,5738,339640,53,363275
52320,0.067305,172.31.46.0-255,66,339706,53,363275
52321,0.069552,74.125.68.0-255,5738,345444,53,363275
52322,0.069558,172.31.46.0-255,66,345510,53,363275
52323,0.071807,74.125.68.0-255,5738,351248,53,363275
52324,0.071815,172.31.46.0-255,66,351314,53,363275
52325,0.074054,74.125.68.0-255,5738,357052,53,363275
52326,0.07406,172.31.46.0-255,66,357118,53,363275
52327,0.076313,74.125.68.0-255,5738,362856,53,363275
52328,0.07632,172.31.46.0-255,66,362922,53,363275
52329,0.078525,74.125.68.0-255,182,363104,53,363275
52330,0.078662,172.31.46.0-255,105,363209,53,363275
52331,0.085194,74.125.68.0-255,66,363275,53,363275
52332,0.0,74.125.24.0-255,158,158,53,278675
52333,2.3e-05,172.31.46.0-255,66,224,53,278675
52334,3e-05,74.125.24.0-255,1484,1708,53,278675
52335,3.4e-05,172.31.46.0-255,66,1774,53,278675
52336,6.9e-05,74.125.24.0-255,2902,4676,53,278675
52337,7.3e-05,172.31.46.0-255,66,4742,53,278675
52338,0.000104,74.125.24.0-255,5738,10480,53,278675
52339,0.000107,172.31.46.0-255,66,10546,53,278675
52340,0.000112,74.125.24.0-255,3442,13988,53,278675
52341,0.000115,172.31.46.0-255,66,14054,53,278675
52342,0.000324,74.125.24.0-255,1484,15538,53,278675
52343,0.00033,172.31.46.0-255,66,15604,53,278675
52344,0.000337,74.125.24.0-255,2902,18506,53,278675
52345,0.00034,172.31.46.0-255,66,18572,53,278675
52346,0.000352,74.125.24.0-255,5738,24310,53,278675
52347,0.000354,172.31.46.0-255,66,24376,53,278675
52348,0.000385,74.125.24.0-255,2902,27278,53,278675
52349,0.000387,172.31.46.0-255,66,27344,53,278675
52350,0.000416,74.125.24.0-255,3961,31305,53,278675
52351,0.000419,172.31.46.0-255,66,31371,53,278675
52352,0.000636,74.125.24.0-255,1484,32855,53,278675
52353,0.00064,172.31.46.0-255,66,32921,53,278675
52354,0.000646,74.125.24.0-255,2902,35823,53,278675
52355,0.000649,172.31.46.0-255,66,35889,53,278675
52356,0.000681,74.125.24.0-255,1484,37373,53,278675
52357,0.000683,172.31.46.0-255,66,37439,53,278675
52358,0.000724,74.125.24.0-255,4320,41759,53,278675
52359,0.000727,172.31.46.0-255,66,41825,53,278675
52360,0.000747,172.31.46.0-255,66,41891,53,278675
52361,0.000758,172.31.46.0-255,66,41957,53,278675
52362,0.000761,74.125.24.0-255,1125,43082,53,278675
52363,0.001116,172.31.46.0-255,66,43148,53,278675
52364,0.001508,74.125.24.0-255,646,43794,53,278675
52365,0.001852,74.125.24.0-255,1484,45278,53,278675
52366,0.001859,172.31.46.0-255,66,45344,53,278675
52367,0.001867,74.125.24.0-255,2902,48246,53,278675
52368,0.001869,172.31.46.0-255,66,48312,53,278675
52369,0.001882,74.125.24.0-255,5738,54050,53,278675
52370,0.001884,172.31.46.0-255,66,54116,53,278675
52371,0.001889,74.125.24.0-255,2902,57018,53,278675
52372,0.001891,172.31.46.0-255,66,57084,53,278675
52373,0.001937,172.31.46.0-255,66,57150,53,278675
52374,0.001948,172.31.46.0-255,66,57216,53,278675
52375,0.001957,74.125.24.0-255,2184,59400,53,278675
52376,0.001959,172.31.46.0-255,66,59466,53,278675
52377,0.00456,74.125.24.0-255,5738,65204,53,278675
52378,0.004566,172.31.46.0-255,66,65270,53,278675
52379,0.007173,74.125.24.0-255,5738,71008,53,278675
52380,0.007181,172.31.46.0-255,66,71074,53,278675
52381,0.009785,74.125.24.0-255,5738,76812,53,278675
52382,0.009798,172.31.46.0-255,66,76878,53,278675
52383,0.012401,74.125.24.0-255,5738,82616,53,278675
52384,0.012412,172.31.46.0-255,66,82682,53,278675
52385,0.015026,74.125.24.0-255,5738,88420,53,278675
52386,0.015039,172.31.46.0-255,66,88486,53,278675
52387,0.017639,74.125.24.0-255,5738,94224,53,278675
52388,0.017655,172.31.46.0-255,66,94290,53,278675
52389,0.020249,74.125.24.0-255,5738,100028,53,278675
52390,0.020259,172.31.46.0-255,66,100094,53,278675
52391,0.022876,74.125.24.0-255,5738,105832,53,278675
52392,0.022891,172.31.46.0-255,66,105898,53,278675
52393,0.024918,172.31.46.0-255,172,106070,53,278675
52394,0.024951,172.31.46.0-255,1113,107183,53,278675
52395,0.025006,172.31.46.0-255,1514,108697,53,278675
52396,0.025008,172.31.46.0-255,1290,109987,53,278675
52397,0.025496,74.125.24.0-255,5738,115725,53,278675
52398,0.025503,172.31.46.0-255,66,115791,53,278675
52399,0.026469,104.244.42.0-255,66,115857,53,278675
52400,0.026478,104.244.42.0-255,66,115923,53,278675
52401,0.026576,104.244.42.0-255,66,115989,53,278675
52402,0.027274,104.244.42.0-255,108,116097,53,278675
52403,0.027283,172.31.46.0-255,66,116163,53,278675
52404,0.028144,74.125.24.0-255,5738,121901,53,278675
52405,0.028151,172.31.46.0-255,66,121967,53,278675
52406,0.03077,74.125.24.0-255,5738,127705,53,278675
52407,0.030777,172.31.46.0-255,66,127771,53,278675
52408,0.033383,74.125.24.0-255,5738,133509,53,278675
52409,0.033389,172.31.46.0-255,66,133575,53,278675
52410,0.035982,74.125.24.0-255,5738,139313,53,278675
52411,0.035989,172.31.46.0-255,66,139379,53,278675
52412,0.038613,74.125.24.0-255,5738,145117,53,278675
52413,0.038622,172.31.46.0-255,66,145183,53,278675
52414,0.041243,74.125.24.0-255,5738,150921,53,278675
52415,0.041258,172.31.46.0-255,66,150987,53,278675
52416,0.043895,74.125.24.0-255,5738,156725,53,278675
52417,0.043904,172.31.46.0-255,66,156791,53,278675
52418,0.04652,74.125.24.0-255,5738,162529,53,278675
52419,0.046532,172.31.46.0-255,66,162595,53,278675
52420,0.049153,74.125.24.0-255,5738,168333,53,278675
52421,0.049163,172.31.46.0-255,66,168399,53,278675
52422,0.05177,74.125.24.0-255,5738,174137,53,278675
52423,0.051777,172.31.46.0-255,66,174203,53,278675
52424,0.054432,74.125.24.0-255,5738,179941,53,278675
52425,0.054438,172.31.46.0-255,66,180007,53,278675
52426,0.057058,74.125.24.0-255,5738,185745,53,278675
52427,0.057064,172.31.46.0-255,66,185811,53,278675
52428,0.05967,74.125.24.0-255,5738,191549,53,278675
52429,0.059678,172.31.46.0-255,66,191615,53,278675
52430,0.062274,74.125.24.0-255,5738,197353,53,278675
52431,0.062282,172.31.46.0-255,66,197419,53,278675
52432,0.06491,74.125.24.0-255,5738,203157,53,278675
52433,0.064917,172.31.46.0-255,66,203223,53,278675
52434,0.06753,74.125.24.0-255,5738,208961,53,278675
52435,0.067536,172.31.46.0-255,66,209027,53,278675
52436,0.070166,74.125.24.0-255,5738,214765,53,278675
52437,0.070173,172.31.46.0-255,66,214831,53,278675
52438,0.072781,74.125.24.0-255,5738,220569,53,278675
52439,0.072787,172.31.46.0-255,66,220635,53,278675
52440,0.075386,74.125.24.0-255,5738,226373,53,278675
52441,0.075393,172.31.46.0-255,66,226439,53,278675
52442,0.077995,74.125.24.0-255,5738,232177,53,278675
52443,0.078,172.31.46.0-255,66,232243,53,278675
52444,0.08063,74.125.24.0-255,5738,237981,53,278675
52445,0.080643,172.31.46.0-255,66,238047,53,278675
52446,0.083261,74.125.24.0-255,5738,243785,53,278675
52447,0.083272,172.31.46.0-255,66,243851,53,278675
52448,0.085905,74.125.24.0-255,5738,249589,53,278675
52449,0.085912,172.31.46.0-255,66,249655,53,278675
52450,0.088513,74.125.24.0-255,5738,255393,53,278675
52451,0.088522,172.31.46.0-255,66,255459,53,278675
52452,0.091132,74.125.24.0-255,5738,261197,53,278675
52453,0.091144,172.31.46.0-255,66,261263,53,278675
52454,0.09377,74.125.24.0-255,5738,267001,53,278675
52455,0.093786,172.31.46.0-255,66,267067,53,278675
52456,0.09641,74.125.24.0-255,5738,272805,53,278675
52457,0.096427,172.31.46.0-255,66,272871,53,278675
52458,0.09909,74.125.24.0-255,5738,278609,53,278675
52459,0.0991,172.31.46.0-255,66,278675,53,278675
