,TIME,SRC,PACKET_SIZE,CUMULATIVE_PACKET_SIZE,PAGE_NUMBER,TOTAL_PACKET_SIZE
0,0.0,74.125.24.0-255,153,153,77,330122
1,2.3e-05,172.31.40.0-255,66,219,77,330122
2,3.1e-05,74.125.24.0-255,1484,1703,77,330122
3,3.5e-05,172.31.40.0-255,66,1769,77,330122
4,4.1e-05,74.125.24.0-255,2902,4671,77,330122
5,4.4e-05,172.31.40.0-255,66,4737,77,330122
6,5.2e-05,74.125.24.0-255,7156,11893,77,330122
7,5.6e-05,172.31.40.0-255,66,11959,77,330122
8,6e-05,74.125.24.0-255,2140,14099,77,330122
9,6.4e-05,172.31.40.0-255,66,14165,77,330122
10,0.000111,74.125.24.0-255,11410,25575,77,330122
11,0.000115,172.31.40.0-255,66,25641,77,330122
12,0.00012,74.125.24.0-255,2902,28543,77,330122
13,0.000122,172.31.40.0-255,66,28609,77,330122
14,0.000161,74.125.24.0-255,2543,31152,77,330122
15,0.000164,172.31.40.0-255,66,31218,77,330122
16,0.000254,74.125.24.0-255,1484,32702,77,330122
17,0.000258,172.31.40.0-255,66,32768,77,330122
18,0.000275,74.125.24.0-255,2902,35670,77,330122
19,0.000278,172.31.40.0-255,66,35736,77,330122
20,0.000303,74.125.24.0-255,5738,41474,77,330122
21,0.000305,172.31.40.0-255,66,41540,77,330122
22,0.000317,74.125.24.0-255,1484,43024,77,330122
23,0.000319,172.31.40.0-255,66,43090,77,330122
24,0.000343,74.125.24.0-255,7156,50246,77,330122
25,0.000345,172.31.40.0-255,66,50312,77,330122
26,0.000378,74.125.24.0-255,9992,60304,77,330122
27,0.000381,172.31.40.0-255,66,60370,77,330122
28,0.000384,74.125.24.0-255,1484,61854,77,330122
29,0.000386,172.31.40.0-255,66,61920,77,330122
30,0.000438,74.125.24.0-255,3897,65817,77,330122
31,0.000443,172.31.40.0-255,66,65883,77,330122
32,0.000446,74.125.24.0-255,131,66014,77,330122
33,0.000557,74.125.24.0-255,1484,67498,77,330122
34,0.000561,172.31.40.0-255,66,67564,77,330122
35,0.000577,74.125.24.0-255,2902,70466,77,330122
36,0.000581,172.31.40.0-255,66,70532,77,330122
37,0.000587,74.125.24.0-255,5738,76270,77,330122
38,0.000589,172.31.40.0-255,66,76336,77,330122
39,0.000635,74.125.24.0-255,12828,89164,77,330122
40,0.000638,172.31.40.0-255,66,89230,77,330122
41,0.000645,74.125.24.0-255,7156,96386,77,330122
42,0.000647,172.31.40.0-255,66,96452,77,330122
43,0.000662,74.125.24.0-255,3602,100054,77,330122
44,0.000665,172.31.40.0-255,66,100120,77,330122
45,0.000954,74.125.24.0-255,1484,101604,77,330122
46,0.00096,74.125.24.0-255,2902,104506,77,330122
47,0.000964,172.31.40.0-255,66,104572,77,330122
48,0.000971,74.125.24.0-255,5738,110310,77,330122
49,0.000973,172.31.40.0-255,66,110376,77,330122
50,0.000998,74.125.24.0-255,12828,123204,77,330122
51,0.001001,172.31.40.0-255,66,123270,77,330122
52,0.001014,74.125.24.0-255,1484,124754,77,330122
53,0.001036,74.125.24.0-255,9274,134028,77,330122
54,0.001038,172.31.40.0-255,66,134094,77,330122
55,0.001124,74.125.24.0-255,1484,135578,77,330122
56,0.001128,74.125.24.0-255,1484,137062,77,330122
57,0.001131,172.31.40.0-255,66,137128,77,330122
58,0.001152,74.125.24.0-255,1484,138612,77,330122
59,0.00116,74.125.24.0-255,5738,144350,77,330122
60,0.001163,172.31.40.0-255,66,144416,77,330122
61,0.001168,74.125.24.0-255,4320,148736,77,330122
62,0.001171,172.31.40.0-255,66,148802,77,330122
63,0.001188,74.125.24.0-255,8574,157376,77,330122
64,0.001191,172.31.40.0-255,66,157442,77,330122
65,0.001217,74.125.24.0-255,1484,158926,77,330122
66,0.001242,74.125.24.0-255,9274,168200,77,330122
67,0.001245,172.31.40.0-255,66,168266,77,330122
68,0.001272,172.31.40.0-255,101,168367,77,330122
69,0.001301,74.125.24.0-255,1484,169851,77,330122
70,0.001307,74.125.24.0-255,2902,172753,77,330122
71,0.001311,172.31.40.0-255,66,172819,77,330122
72,0.001314,74.125.24.0-255,1484,174303,77,330122
73,0.001336,74.125.24.0-255,4320,178623,77,330122
74,0.001341,172.31.40.0-255,66,178689,77,330122
75,0.001348,74.125.24.0-255,1484,180173,77,330122
76,0.001369,74.125.24.0-255,11410,191583,77,330122
77,0.001372,172.31.40.0-255,66,191649,77,330122
78,0.001375,74.125.24.0-255,1484,193133,77,330122
79,0.0014,74.125.24.0-255,9274,202407,77,330122
80,0.001403,172.31.40.0-255,66,202473,77,330122
81,0.001632,74.125.24.0-255,1484,203957,77,330122
82,0.001638,74.125.24.0-255,2902,206859,77,330122
83,0.001641,172.31.40.0-255,66,206925,77,330122
84,0.001648,74.125.24.0-255,5738,212663,77,330122
85,0.00165,172.31.40.0-255,66,212729,77,330122
86,0.001669,74.125.24.0-255,1484,214213,77,330122
87,0.001689,74.125.24.0-255,11410,225623,77,330122
88,0.001692,172.31.40.0-255,66,225689,77,330122
89,0.001719,74.125.24.0-255,13528,239217,77,330122
90,0.001722,172.31.40.0-255,66,239283,77,330122
91,0.001726,74.125.24.0-255,2902,242185,77,330122
92,0.001728,172.31.40.0-255,66,242251,77,330122
93,0.001746,74.125.24.0-255,4320,246571,77,330122
94,0.00175,172.31.40.0-255,66,246637,77,330122
95,0.001778,74.125.24.0-255,7156,253793,77,330122
96,0.001781,172.31.40.0-255,66,253859,77,330122
97,0.001821,172.31.40.0-255,66,253925,77,330122
98,0.001824,74.125.24.0-255,766,254691,77,330122
99,0.001866,74.125.24.0-255,2902,257593,77,330122
100,0.001869,172.31.40.0-255,66,257659,77,330122
101,0.001883,74.125.24.0-255,2902,260561,77,330122
102,0.001887,172.31.40.0-255,66,260627,77,330122
103,0.001893,74.125.24.0-255,7156,267783,77,330122
104,0.001895,172.31.40.0-255,66,267849,77,330122
105,0.001905,74.125.24.0-255,12828,280677,77,330122
106,0.001909,172.31.40.0-255,66,280743,77,330122
107,0.001933,74.125.24.0-255,1484,282227,77,330122
108,0.001941,74.125.24.0-255,6438,288665,77,330122
109,0.001944,172.31.40.0-255,66,288731,77,330122
110,0.001959,172.31.40.0-255,66,288797,77,330122
111,0.001984,74.125.24.0-255,7156,295953,77,330122
112,0.001987,172.31.40.0-255,66,296019,77,330122
113,0.002005,172.31.40.0-255,66,296085,77,330122
114,0.002033,74.125.24.0-255,3602,299687,77,330122
115,0.002036,172.31.40.0-255,66,299753,77,330122
116,0.002045,74.125.24.0-255,9992,309745,77,330122
117,0.002047,172.31.40.0-255,66,309811,77,330122
118,0.002054,74.125.24.0-255,7156,316967,77,330122
119,0.002058,172.31.40.0-255,66,317033,77,330122
120,0.002108,172.31.40.0-255,66,317099,77,330122
121,0.002125,172.31.40.0-255,66,317165,77,330122
122,0.002146,74.125.24.0-255,2634,319799,77,330122
123,0.002149,172.31.40.0-255,66,319865,77,330122
124,0.002152,74.125.24.0-255,105,319970,77,330122
125,0.003739,74.125.24.0-255,66,320036,77,330122
126,0.021837,172.31.40.0-255,105,320141,77,330122
127,0.024373,74.125.24.0-255,66,320207,77,330122
128,0.054588,172.31.40.0-255,172,320379,77,330122
129,0.054618,172.31.40.0-255,1121,321500,77,330122
130,0.054689,172.31.40.0-255,1514,323014,77,330122
131,0.054691,172.31.40.0-255,1514,324528,77,330122
132,0.054697,172.31.40.0-255,1514,326042,77,330122
133,0.054699,172.31.40.0-255,1514,327556,77,330122
134,0.054716,172.31.40.0-255,1514,329070,77,330122
135,0.054718,172.31.40.0-255,788,329858,77,330122
136,0.056121,104.244.42.0-255,66,329924,77,330122
137,0.056144,104.244.42.0-255,66,329990,77,330122
138,0.056226,104.244.42.0-255,66,330056,77,330122
139,0.056231,104.244.42.0-255,66,330122,77,330122
140,0.0,74.125.24.0-255,149,149,77,419146
141,2.1e-05,172.31.40.0-255,66,215,77,419146
142,2.8e-05,74.125.24.0-255,1484,1699,77,419146
143,3.3e-05,172.31.40.0-255,66,1765,77,419146
144,4.5e-05,74.125.24.0-255,2902,4667,77,419146
145,5e-05,172.31.40.0-255,66,4733,77,419146
146,5.6e-05,74.125.24.0-255,5738,10471,77,419146
147,6e-05,172.31.40.0-255,66,10537,77,419146
148,6.7e-05,74.125.24.0-255,5738,16275,77,419146
149,6.9e-05,172.31.40.0-255,66,16341,77,419146
150,9.6e-05,74.125.24.0-255,7701,24042,77,419146
151,0.000103,172.31.40.0-255,66,24108,77,419146
152,0.000111,74.125.24.0-255,6797,30905,77,419146
153,0.000114,172.31.40.0-255,66,30971,77,419146
154,0.000319,74.125.24.0-255,1484,32455,77,419146
155,0.000326,172.31.40.0-255,66,32521,77,419146
156,0.000331,74.125.24.0-255,2902,35423,77,419146
157,0.000333,172.31.40.0-255,66,35489,77,419146
158,0.000365,74.125.24.0-255,5738,41227,77,419146
159,0.000368,172.31.40.0-255,66,41293,77,419146
160,0.000403,74.125.24.0-255,12469,53762,77,419146
161,0.000406,172.31.40.0-255,66,53828,77,419146
162,0.000441,74.125.24.0-255,11051,64879,77,419146
163,0.000444,172.31.40.0-255,66,64945,77,419146
164,0.000487,74.125.24.0-255,1484,66429,77,419146
165,0.000489,172.31.40.0-255,66,66495,77,419146
166,0.000494,74.125.24.0-255,2902,69397,77,419146
167,0.000496,172.31.40.0-255,66,69463,77,419146
168,0.00053,74.125.24.0-255,5738,75201,77,419146
169,0.000533,172.31.40.0-255,66,75267,77,419146
170,0.00054,74.125.24.0-255,7072,82339,77,419146
171,0.000542,172.31.40.0-255,66,82405,77,419146
172,0.000714,74.125.24.0-255,1484,83889,77,419146
173,0.00072,74.125.24.0-255,2902,86791,77,419146
174,0.000723,172.31.40.0-255,66,86857,77,419146
175,0.000731,74.125.24.0-255,5738,92595,77,419146
176,0.000733,172.31.40.0-255,66,92661,77,419146
177,0.000771,74.125.24.0-255,12828,105489,77,419146
178,0.000774,172.31.40.0-255,66,105555,77,419146
179,0.000777,74.125.24.0-255,1484,107039,77,419146
180,0.000805,74.125.24.0-255,13144,120183,77,419146
181,0.000808,172.31.40.0-255,66,120249,77,419146
182,0.000813,74.125.24.0-255,4320,124569,77,419146
183,0.000815,172.31.40.0-255,66,124635,77,419146
184,0.000858,74.125.24.0-255,11410,136045,77,419146
185,0.000861,172.31.40.0-255,66,136111,77,419146
186,0.000871,74.125.24.0-255,11410,147521,77,419146
187,0.000873,172.31.40.0-255,66,147587,77,419146
188,0.000882,74.125.24.0-255,2319,149906,77,419146
189,0.000884,172.31.40.0-255,66,149972,77,419146
190,0.001171,74.125.24.0-255,1484,151456,77,419146
191,0.00119,74.125.24.0-255,2902,154358,77,419146
192,0.001194,172.31.40.0-255,66,154424,77,419146
193,0.001199,74.125.24.0-255,2902,157326,77,419146
194,0.0012,172.31.40.0-255,66,157392,77,419146
195,0.001233,74.125.24.0-255,2902,160294,77,419146
196,0.001236,172.31.40.0-255,66,160360,77,419146
197,0.001247,74.125.24.0-255,11410,171770,77,419146
198,0.001249,172.31.40.0-255,66,171836,77,419146
199,0.001265,74.125.24.0-255,1484,173320,77,419146
200,0.001277,74.125.24.0-255,4320,177640,77,419146
201,0.00128,172.31.40.0-255,66,177706,77,419146
202,0.00131,74.125.24.0-255,6438,184144,77,419146
203,0.001314,172.31.40.0-255,66,184210,77,419146
204,0.001353,74.125.24.0-255,1484,185694,77,419146
205,0.001364,74.125.24.0-255,2902,188596,77,419146
206,0.001367,172.31.40.0-255,66,188662,77,419146
207,0.001371,74.125.24.0-255,1484,190146,77,419146
208,0.001401,74.125.24.0-255,4320,194466,77,419146
209,0.001404,172.31.40.0-255,66,194532,77,419146
210,0.001415,74.125.24.0-255,11410,205942,77,419146
211,0.001418,172.31.40.0-255,66,206008,77,419146
212,0.001448,74.125.24.0-255,1484,207492,77,419146
213,0.001483,74.125.24.0-255,10692,218184,77,419146
214,0.001486,172.31.40.0-255,66,218250,77,419146
215,0.001548,74.125.24.0-255,4320,222570,77,419146
216,0.001552,172.31.40.0-255,66,222636,77,419146
217,0.001558,74.125.24.0-255,5738,228374,77,419146
218,0.00156,172.31.40.0-255,66,228440,77,419146
219,0.001575,74.125.24.0-255,11410,239850,77,419146
220,0.001578,172.31.40.0-255,66,239916,77,419146
221,0.001584,74.125.24.0-255,7156,247072,77,419146
222,0.001587,172.31.40.0-255,66,247138,77,419146
223,0.001649,74.125.24.0-255,6438,253576,77,419146
224,0.001652,172.31.40.0-255,66,253642,77,419146
225,0.001688,74.125.24.0-255,7156,260798,77,419146
226,0.001691,172.31.40.0-255,66,260864,77,419146
227,0.001697,74.125.24.0-255,4320,265184,77,419146
228,0.001699,172.31.40.0-255,66,265250,77,419146
229,0.001743,74.125.24.0-255,11410,276660,77,419146
230,0.001746,172.31.40.0-255,66,276726,77,419146
231,0.001754,74.125.24.0-255,9274,286000,77,419146
232,0.001757,172.31.40.0-255,66,286066,77,419146
233,0.001915,74.125.24.0-255,1484,287550,77,419146
234,0.001931,74.125.24.0-255,2902,290452,77,419146
235,0.001934,172.31.40.0-255,66,290518,77,419146
236,0.001941,74.125.24.0-255,5738,296256,77,419146
237,0.001943,172.31.40.0-255,66,296322,77,419146
238,0.001976,74.125.24.0-255,12828,309150,77,419146
239,0.001978,172.31.40.0-255,66,309216,77,419146
240,0.001987,74.125.24.0-255,8574,317790,77,419146
241,0.00199,172.31.40.0-255,66,317856,77,419146
242,0.002024,74.125.24.0-255,2184,320040,77,419146
243,0.002027,172.31.40.0-255,66,320106,77,419146
244,0.002104,74.125.24.0-255,1484,321590,77,419146
245,0.002108,74.125.24.0-255,1484,323074,77,419146
246,0.002111,172.31.40.0-255,66,323140,77,419146
247,0.002138,74.125.24.0-255,1484,324624,77,419146
248,0.002146,74.125.24.0-255,5738,330362,77,419146
249,0.002148,172.31.40.0-255,66,330428,77,419146
250,0.002187,74.125.24.0-255,12828,343256,77,419146
251,0.002191,172.31.40.0-255,66,343322,77,419146
252,0.002201,74.125.24.0-255,10692,354014,77,419146
253,0.002204,172.31.40.0-255,66,354080,77,419146
254,0.00225,74.125.24.0-255,1484,355564,77,419146
255,0.002254,74.125.24.0-255,1484,357048,77,419146
256,0.002257,172.31.40.0-255,66,357114,77,419146
257,0.002284,74.125.24.0-255,1484,358598,77,419146
258,0.002291,74.125.24.0-255,5738,364336,77,419146
259,0.002294,172.31.40.0-255,66,364402,77,419146
260,0.0023,74.125.24.0-255,5738,370140,77,419146
261,0.002303,172.31.40.0-255,66,370206,77,419146
262,0.002318,74.125.24.0-255,11410,381616,77,419146
263,0.002321,172.31.40.0-255,66,381682,77,419146
264,0.004599,74.125.24.0-255,5738,387420,77,419146
265,0.004606,172.31.40.0-255,66,387486,77,419146
266,0.006876,74.125.24.0-255,5738,393224,77,419146
267,0.006884,172.31.40.0-255,66,393290,77,419146
268,0.009172,74.125.24.0-255,5738,399028,77,419146
269,0.009177,172.31.40.0-255,66,399094,77,419146
270,0.011497,74.125.24.0-255,5738,404832,77,419146
271,0.011505,172.31.40.0-255,66,404898,77,419146
272,0.013789,74.125.24.0-255,5738,410636,77,419146
273,0.013801,172.31.40.0-255,66,410702,77,419146
274,0.016108,74.125.24.0-255,3860,414562,77,419146
275,0.01612,172.31.40.0-255,66,414628,77,419146
276,0.016369,172.31.40.0-255,105,414733,77,419146
277,0.018614,74.125.24.0-255,66,414799,77,419146
278,0.033117,172.31.40.0-255,172,414971,77,419146
279,0.033152,172.31.40.0-255,1120,416091,77,419146
280,0.033216,172.31.40.0-255,1514,417605,77,419146
281,0.03324,172.31.40.0-255,1277,418882,77,419146
282,0.034672,104.244.42.0-255,66,418948,77,419146
283,0.034703,104.244.42.0-255,66,419014,77,419146
284,0.034804,104.244.42.0-255,66,419080,77,419146
285,0.034817,104.244.42.0-255,66,419146,77,419146
286,0.0,172.217.26.0-255,153,153,77,409251
287,2.4e-05,172.31.40.0-255,66,219,77,409251
288,3.1e-05,172.217.26.0-255,1484,1703,77,409251
289,3.5e-05,172.31.40.0-255,66,1769,77,409251
290,4.8e-05,172.217.26.0-255,2902,4671,77,409251
291,5.2e-05,172.31.40.0-255,66,4737,77,409251
292,6e-05,172.217.26.0-255,7156,11893,77,409251
293,6.3e-05,172.31.40.0-255,66,11959,77,409251
294,6.7e-05,172.217.26.0-255,2031,13990,77,409251
295,7.1e-05,172.31.40.0-255,66,14056,77,409251
296,0.000179,172.217.26.0-255,1484,15540,77,409251
297,0.000184,172.31.40.0-255,66,15606,77,409251
298,0.000189,172.217.26.0-255,2902,18508,77,409251
299,0.000192,172.31.40.0-255,66,18574,77,409251
300,0.000198,172.217.26.0-255,4320,22894,77,409251
301,0.000205,172.31.40.0-255,66,22960,77,409251
302,0.000211,172.217.26.0-255,5738,28698,77,409251
303,0.000214,172.31.40.0-255,66,28764,77,409251
304,0.000253,172.217.26.0-255,2543,31307,77,409251
305,0.000256,172.31.40.0-255,66,31373,77,409251
306,0.000559,172.217.26.0-255,1484,32857,77,409251
307,0.000564,172.31.40.0-255,66,32923,77,409251
308,0.00057,172.217.26.0-255,2902,35825,77,409251
309,0.000573,172.31.40.0-255,66,35891,77,409251
310,0.000576,172.217.26.0-255,1484,37375,77,409251
311,0.000578,172.31.40.0-255,66,37441,77,409251
312,0.000619,172.217.26.0-255,4320,41761,77,409251
313,0.000623,172.31.40.0-255,66,41827,77,409251
314,0.00063,172.217.26.0-255,6797,48624,77,409251
315,0.000632,172.31.40.0-255,66,48690,77,409251
316,0.00072,172.217.26.0-255,1484,50174,77,409251
317,0.000724,172.31.40.0-255,66,50240,77,409251
318,0.000729,172.217.26.0-255,2902,53142,77,409251
319,0.000731,172.31.40.0-255,66,53208,77,409251
320,0.000734,172.217.26.0-255,1484,54692,77,409251
321,0.000774,172.217.26.0-255,4320,59012,77,409251
322,0.000777,172.31.40.0-255,66,59078,77,409251
323,0.000784,172.217.26.0-255,5738,64816,77,409251
324,0.000786,172.31.40.0-255,66,64882,77,409251
325,0.000809,172.217.26.0-255,1459,66341,77,409251
326,0.001126,172.31.40.0-255,66,66407,77,409251
327,0.001418,172.217.26.0-255,346,66753,77,409251
328,0.001596,172.217.26.0-255,1484,68237,77,409251
329,0.001603,172.31.40.0-255,66,68303,77,409251
330,0.001611,172.217.26.0-255,2902,71205,77,409251
331,0.001613,172.31.40.0-255,66,71271,77,409251
332,0.001625,172.217.26.0-255,5738,77009,77,409251
333,0.001627,172.31.40.0-255,66,77075,77,409251
334,0.001637,172.217.26.0-255,6797,83872,77,409251
335,0.001639,172.31.40.0-255,66,83938,77,409251
336,0.001678,172.31.40.0-255,66,84004,77,409251
337,0.001683,172.217.26.0-255,2543,86547,77,409251
338,0.001685,172.31.40.0-255,66,86613,77,409251
339,0.001817,172.217.26.0-255,1484,88097,77,409251
340,0.001825,172.217.26.0-255,2902,90999,77,409251
341,0.001828,172.31.40.0-255,66,91065,77,409251
342,0.001836,172.217.26.0-255,5738,96803,77,409251
343,0.001838,172.31.40.0-255,66,96869,77,409251
344,0.001859,172.217.26.0-255,2902,99771,77,409251
345,0.001861,172.31.40.0-255,66,99837,77,409251
346,0.001892,172.217.26.0-255,9992,109829,77,409251
347,0.001895,172.31.40.0-255,66,109895,77,409251
348,0.001905,172.217.26.0-255,9992,119887,77,409251
349,0.001908,172.31.40.0-255,66,119953,77,409251
350,0.001937,172.217.26.0-255,766,120719,77,409251
351,0.001941,172.217.26.0-255,1484,122203,77,409251
352,0.001943,172.31.40.0-255,66,122269,77,409251
353,0.001949,172.217.26.0-255,4320,126589,77,409251
354,0.001951,172.31.40.0-255,66,126655,77,409251
355,0.001977,172.217.26.0-255,9992,136647,77,409251
356,0.001979,172.31.40.0-255,66,136713,77,409251
357,0.001986,172.217.26.0-255,7156,143869,77,409251
358,0.001989,172.31.40.0-255,66,143935,77,409251
359,0.002011,172.217.26.0-255,7156,151091,77,409251
360,0.002014,172.31.40.0-255,66,151157,77,409251
361,0.003979,172.217.26.0-255,4320,155477,77,409251
362,0.003982,172.31.40.0-255,66,155543,77,409251
363,0.004032,172.217.26.0-255,1484,157027,77,409251
364,0.005945,172.217.26.0-255,4320,161347,77,409251
365,0.005949,172.31.40.0-255,66,161413,77,409251
366,0.007923,172.217.26.0-255,5738,167151,77,409251
367,0.007931,172.31.40.0-255,66,167217,77,409251
368,0.009903,172.217.26.0-255,5738,172955,77,409251
369,0.009911,172.31.40.0-255,66,173021,77,409251
370,0.011878,172.217.26.0-255,5738,178759,77,409251
371,0.011884,172.31.40.0-255,66,178825,77,409251
372,0.013874,172.217.26.0-255,5738,184563,77,409251
373,0.013882,172.31.40.0-255,66,184629,77,409251
374,0.015868,172.217.26.0-255,5738,190367,77,409251
375,0.015876,172.31.40.0-255,66,190433,77,409251
376,0.017853,172.217.26.0-255,5738,196171,77,409251
377,0.017861,172.31.40.0-255,66,196237,77,409251
378,0.019846,172.217.26.0-255,5738,201975,77,409251
379,0.019854,172.31.40.0-255,66,202041,77,409251
380,0.021841,172.217.26.0-255,5738,207779,77,409251
381,0.021849,172.31.40.0-255,66,207845,77,409251
382,0.023839,172.217.26.0-255,5738,213583,77,409251
383,0.02385,172.31.40.0-255,66,213649,77,409251
384,0.025848,172.217.26.0-255,5738,219387,77,409251
385,0.025856,172.31.40.0-255,66,219453,77,409251
386,0.027828,172.217.26.0-255,5738,225191,77,409251
387,0.027833,172.31.40.0-255,66,225257,77,409251
388,0.029805,172.217.26.0-255,5738,230995,77,409251
389,0.029812,172.31.40.0-255,66,231061,77,409251
390,0.031784,172.217.26.0-255,5738,236799,77,409251
391,0.031791,172.31.40.0-255,66,236865,77,409251
392,0.033772,172.217.26.0-255,5738,242603,77,409251
393,0.03378,172.31.40.0-255,66,242669,77,409251
394,0.035767,172.217.26.0-255,5738,248407,77,409251
395,0.035783,172.31.40.0-255,66,248473,77,409251
396,0.037751,172.217.26.0-255,5738,254211,77,409251
397,0.037759,172.31.40.0-255,66,254277,77,409251
398,0.039751,172.217.26.0-255,5738,260015,77,409251
399,0.039762,172.31.40.0-255,66,260081,77,409251
400,0.04175,172.217.26.0-255,5738,265819,77,409251
401,0.041766,172.31.40.0-255,66,265885,77,409251
402,0.043745,172.217.26.0-255,5738,271623,77,409251
403,0.043757,172.31.40.0-255,66,271689,77,409251
404,0.04573,172.217.26.0-255,5738,277427,77,409251
405,0.045744,172.31.40.0-255,66,277493,77,409251
406,0.047709,172.217.26.0-255,5738,283231,77,409251
407,0.047716,172.31.40.0-255,66,283297,77,409251
408,0.049711,172.217.26.0-255,5738,289035,77,409251
409,0.049728,172.31.40.0-255,66,289101,77,409251
410,0.051723,172.217.26.0-255,5738,294839,77,409251
411,0.051731,172.31.40.0-255,66,294905,77,409251
412,0.05372,172.217.26.0-255,5738,300643,77,409251
413,0.053735,172.31.40.0-255,66,300709,77,409251
414,0.055708,172.217.26.0-255,5738,306447,77,409251
415,0.05572,172.31.40.0-255,66,306513,77,409251
416,0.0577,172.217.26.0-255,5738,312251,77,409251
417,0.057707,172.31.40.0-255,66,312317,77,409251
418,0.058153,172.31.40.0-255,172,312489,77,409251
419,0.058183,172.31.40.0-255,1120,313609,77,409251
420,0.058246,172.31.40.0-255,1514,315123,77,409251
421,0.058248,172.31.40.0-255,1514,316637,77,409251
422,0.058249,172.31.40.0-255,1514,318151,77,409251
423,0.05825,172.31.40.0-255,423,318574,77,409251
424,0.059686,172.217.26.0-255,5738,324312,77,409251
425,0.059694,172.31.40.0-255,66,324378,77,409251
426,0.059727,104.244.42.0-255,66,324444,77,409251
427,0.059733,104.244.42.0-255,66,324510,77,409251
428,0.05982,104.244.42.0-255,66,324576,77,409251
429,0.059825,104.244.42.0-255,66,324642,77,409251
430,0.06085,104.244.42.0-255,108,324750,77,409251
431,0.060863,172.31.40.0-255,66,324816,77,409251
432,0.061677,172.217.26.0-255,5738,330554,77,409251
433,0.061684,172.31.40.0-255,66,330620,77,409251
434,0.063667,172.217.26.0-255,5738,336358,77,409251
435,0.063678,172.31.40.0-255,66,336424,77,409251
436,0.065669,172.217.26.0-255,5738,342162,77,409251
437,0.065683,172.31.40.0-255,66,342228,77,409251
438,0.067702,172.217.26.0-255,5738,347966,77,409251
439,0.067717,172.31.40.0-255,66,348032,77,409251
440,0.069701,172.217.26.0-255,5738,353770,77,409251
441,0.069715,172.31.40.0-255,66,353836,77,409251
442,0.071701,172.217.26.0-255,5738,359574,77,409251
443,0.071714,172.31.40.0-255,66,359640,77,409251
444,0.073721,172.217.26.0-255,5738,365378,77,409251
445,0.073734,172.31.40.0-255,66,365444,77,409251
446,0.075715,172.217.26.0-255,5738,371182,77,409251
447,0.075729,172.31.40.0-255,66,371248,77,409251
448,0.077726,172.217.26.0-255,5738,376986,77,409251
449,0.077742,172.31.40.0-255,66,377052,77,409251
450,0.079723,172.217.26.0-255,5738,382790,77,409251
451,0.079734,172.31.40.0-255,66,382856,77,409251
452,0.08172,172.217.26.0-255,5738,388594,77,409251
453,0.081736,172.31.40.0-255,66,388660,77,409251
454,0.083726,172.217.26.0-255,5738,394398,77,409251
455,0.083741,172.31.40.0-255,66,394464,77,409251
456,0.085723,172.217.26.0-255,5738,400202,77,409251
457,0.085738,172.31.40.0-255,66,400268,77,409251
458,0.087719,172.217.26.0-255,5738,406006,77,409251
459,0.087731,172.31.40.0-255,66,406072,77,409251
460,0.08972,172.217.26.0-255,2942,409014,77,409251
461,0.089736,172.31.40.0-255,66,409080,77,409251
462,0.089991,172.31.40.0-255,105,409185,77,409251
463,0.091932,172.217.26.0-255,66,409251,77,409251
464,0.0,74.125.24.0-255,153,153,77,388056
465,1.9e-05,172.31.40.0-255,66,219,77,388056
466,2.6e-05,74.125.24.0-255,1484,1703,77,388056
467,3e-05,172.31.40.0-255,66,1769,77,388056
468,3.6e-05,74.125.24.0-255,2902,4671,77,388056
469,3.9e-05,172.31.40.0-255,66,4737,77,388056
470,4.4e-05,74.125.24.0-255,4320,9057,77,388056
471,4.7e-05,172.31.40.0-255,66,9123,77,388056
472,9.8e-05,74.125.24.0-255,4935,14058,77,388056
473,0.000101,172.31.40.0-255,66,14124,77,388056
474,0.000115,74.125.24.0-255,2902,17026,77,388056
475,0.000117,172.31.40.0-255,66,17092,77,388056
476,0.000134,74.125.24.0-255,2902,19994,77,388056
477,0.000136,172.31.40.0-255,66,20060,77,388056
478,0.000147,74.125.24.0-255,9992,30052,77,388056
479,0.000149,172.31.40.0-255,66,30118,77,388056
480,0.000174,74.125.24.0-255,1125,31243,77,388056
481,0.000176,172.31.40.0-255,66,31309,77,388056
482,0.000245,74.125.24.0-255,1484,32793,77,388056
483,0.000249,172.31.40.0-255,66,32859,77,388056
484,0.000254,74.125.24.0-255,2902,35761,77,388056
485,0.000256,172.31.40.0-255,66,35827,77,388056
486,0.000286,74.125.24.0-255,5738,41565,77,388056
487,0.000289,172.31.40.0-255,66,41631,77,388056
488,0.000293,74.125.24.0-255,4320,45951,77,388056
489,0.000296,172.31.40.0-255,66,46017,77,388056
490,0.00033,74.125.24.0-255,2543,48560,77,388056
491,0.000334,172.31.40.0-255,66,48626,77,388056
492,0.000434,74.125.24.0-255,1484,50110,77,388056
493,0.000438,172.31.40.0-255,66,50176,77,388056
494,0.000443,74.125.24.0-255,2902,53078,77,388056
495,0.000446,172.31.40.0-255,66,53144,77,388056
496,0.000472,74.125.24.0-255,5738,58882,77,388056
497,0.000476,172.31.40.0-255,66,58948,77,388056
498,0.00048,74.125.24.0-255,2902,61850,77,388056
499,0.000482,172.31.40.0-255,66,61916,77,388056
500,0.000498,74.125.24.0-255,3961,65877,77,388056
501,0.000501,172.31.40.0-255,66,65943,77,388056
502,0.000651,74.125.24.0-255,647,66590,77,388056
503,0.001045,172.31.40.0-255,66,66656,77,388056
504,0.001162,74.125.24.0-255,1484,68140,77,388056
505,0.001171,74.125.24.0-255,2902,71042,77,388056
506,0.001175,172.31.40.0-255,66,71108,77,388056
507,0.001183,74.125.24.0-255,5738,76846,77,388056
508,0.001185,172.31.40.0-255,66,76912,77,388056
509,0.001189,74.125.24.0-255,1484,78396,77,388056
510,0.001205,74.125.24.0-255,2902,81298,77,388056
511,0.001207,172.31.40.0-255,66,81364,77,388056
512,0.00124,74.125.24.0-255,2543,83907,77,388056
513,0.001243,172.31.40.0-255,66,83973,77,388056
514,0.001345,74.125.24.0-255,1484,85457,77,388056
515,0.00135,74.125.24.0-255,1484,86941,77,388056
516,0.001354,172.31.40.0-255,66,87007,77,388056
517,0.001377,74.125.24.0-255,1484,88491,77,388056
518,0.001383,74.125.24.0-255,5738,94229,77,388056
519,0.001386,172.31.40.0-255,66,94295,77,388056
520,0.001393,74.125.24.0-255,6797,101092,77,388056
521,0.001395,172.31.40.0-255,66,101158,77,388056
522,0.002032,74.125.24.0-255,1484,102642,77,388056
523,0.00204,74.125.24.0-255,2902,105544,77,388056
524,0.002045,172.31.40.0-255,66,105610,77,388056
525,0.002052,74.125.24.0-255,5738,111348,77,388056
526,0.002054,172.31.40.0-255,66,111414,77,388056
527,0.002075,74.125.24.0-255,9992,121406,77,388056
528,0.002077,172.31.40.0-255,66,121472,77,388056
529,0.002104,74.125.24.0-255,5738,127210,77,388056
530,0.002107,172.31.40.0-255,66,127276,77,388056
531,0.00213,74.125.24.0-255,7856,135132,77,388056
532,0.002133,172.31.40.0-255,66,135198,77,388056
533,0.004384,74.125.24.0-255,5738,140936,77,388056
534,0.00439,172.31.40.0-255,66,141002,77,388056
535,0.006646,74.125.24.0-255,5738,146740,77,388056
536,0.006651,172.31.40.0-255,66,146806,77,388056
537,0.008962,74.125.24.0-255,5738,152544,77,388056
538,0.00897,172.31.40.0-255,66,152610,77,388056
539,0.011259,74.125.24.0-255,5738,158348,77,388056
540,0.011269,172.31.40.0-255,66,158414,77,388056
541,0.013572,74.125.24.0-255,5738,164152,77,388056
542,0.013582,172.31.40.0-255,66,164218,77,388056
543,0.01588,74.125.24.0-255,5738,169956,77,388056
544,0.015892,172.31.40.0-255,66,170022,77,388056
545,0.018212,74.125.24.0-255,5738,175760,77,388056
546,0.018226,172.31.40.0-255,66,175826,77,388056
547,0.020529,74.125.24.0-255,5738,181564,77,388056
548,0.020536,172.31.40.0-255,66,181630,77,388056
549,0.022846,74.125.24.0-255,5738,187368,77,388056
550,0.022855,172.31.40.0-255,66,187434,77,388056
551,0.025116,74.125.24.0-255,5738,193172,77,388056
552,0.025122,172.31.40.0-255,66,193238,77,388056
553,0.027386,74.125.24.0-255,5738,198976,77,388056
554,0.027394,172.31.40.0-255,66,199042,77,388056
555,0.029706,74.125.24.0-255,5738,204780,77,388056
556,0.029714,172.31.40.0-255,66,204846,77,388056
557,0.032016,74.125.24.0-255,5738,210584,77,388056
558,0.032027,172.31.40.0-255,66,210650,77,388056
559,0.034343,74.125.24.0-255,5738,216388,77,388056
560,0.034354,172.31.40.0-255,66,216454,77,388056
561,0.036504,172.31.40.0-255,172,216626,77,388056
562,0.036537,172.31.40.0-255,1121,217747,77,388056
563,0.036599,172.31.40.0-255,1514,219261,77,388056
564,0.036602,172.31.40.0-255,1514,220775,77,388056
565,0.036607,172.31.40.0-255,1514,222289,77,388056
566,0.036608,172.31.40.0-255,1514,223803,77,388056
567,0.036637,74.125.24.0-255,5738,229541,77,388056
568,0.036643,172.31.40.0-255,66,229607,77,388056
569,0.03665,172.31.40.0-255,1477,231084,77,388056
570,0.038034,104.244.42.0-255,66,231150,77,388056
571,0.03807,104.244.42.0-255,66,231216,77,388056
572,0.03818,104.244.42.0-255,66,231282,77,388056
573,0.038235,104.244.42.0-255,66,231348,77,388056
574,0.038938,74.125.24.0-255,5738,237086,77,388056
575,0.038948,172.31.40.0-255,66,237152,77,388056
576,0.041255,74.125.24.0-255,5738,242890,77,388056
577,0.041262,172.31.40.0-255,66,242956,77,388056
578,0.043534,74.125.24.0-255,5738,248694,77,388056
579,0.043541,172.31.40.0-255,66,248760,77,388056
580,0.045811,74.125.24.0-255,5738,254498,77,388056
581,0.045818,172.31.40.0-255,66,254564,77,388056
582,0.048133,74.125.24.0-255,5738,260302,77,388056
583,0.048155,172.31.40.0-255,66,260368,77,388056
584,0.050448,74.125.24.0-255,5738,266106,77,388056
585,0.050466,172.31.40.0-255,66,266172,77,388056
586,0.052775,74.125.24.0-255,5738,271910,77,388056
587,0.052784,172.31.40.0-255,66,271976,77,388056
588,0.0551,74.125.24.0-255,5738,277714,77,388056
589,0.055113,172.31.40.0-255,66,277780,77,388056
590,0.057456,74.125.24.0-255,5738,283518,77,388056
591,0.057473,172.31.40.0-255,66,283584,77,388056
592,0.059774,74.125.24.0-255,5738,289322,77,388056
593,0.059792,172.31.40.0-255,66,289388,77,388056
594,0.062156,74.125.24.0-255,5738,295126,77,388056
595,0.062176,172.31.40.0-255,66,295192,77,388056
596,0.064492,74.125.24.0-255,5738,300930,77,388056
597,0.064504,172.31.40.0-255,66,300996,77,388056
598,0.066809,74.125.24.0-255,5738,306734,77,388056
599,0.066826,172.31.40.0-255,66,306800,77,388056
600,0.069145,74.125.24.0-255,5738,312538,77,388056
601,0.069164,172.31.40.0-255,66,312604,77,388056
602,0.071479,74.125.24.0-255,5738,318342,77,388056
603,0.07151,172.31.40.0-255,66,318408,77,388056
604,0.073828,74.125.24.0-255,5738,324146,77,388056
605,0.073847,172.31.40.0-255,66,324212,77,388056
606,0.076185,74.125.24.0-255,5738,329950,77,388056
607,0.076202,172.31.40.0-255,66,330016,77,388056
608,0.078501,74.125.24.0-255,5738,335754,77,388056
609,0.078519,172.31.40.0-255,66,335820,77,388056
610,0.080829,74.125.24.0-255,5738,341558,77,388056
611,0.080847,172.31.40.0-255,66,341624,77,388056
612,0.083157,74.125.24.0-255,5738,347362,77,388056
613,0.083173,172.31.40.0-255,66,347428,77,388056
614,0.085528,74.125.24.0-255,5738,353166,77,388056
615,0.085546,172.31.40.0-255,66,353232,77,388056
616,0.087867,74.125.24.0-255,5738,358970,77,388056
617,0.087874,172.31.40.0-255,66,359036,77,388056
618,0.0902,74.125.24.0-255,5738,364774,77,388056
619,0.090214,172.31.40.0-255,66,364840,77,388056
620,0.092518,74.125.24.0-255,5738,370578,77,388056
621,0.092524,172.31.40.0-255,66,370644,77,388056
622,0.094828,74.125.24.0-255,5738,376382,77,388056
623,0.094834,172.31.40.0-255,66,376448,77,388056
624,0.097136,74.125.24.0-255,5738,382186,77,388056
625,0.097142,172.31.40.0-255,66,382252,77,388056
626,0.099415,74.125.24.0-255,5738,387990,77,388056
627,0.099423,172.31.40.0-255,66,388056,77,388056
628,0.0,74.125.200.0-255,150,150,77,421560
629,2.2e-05,172.31.40.0-255,66,216,77,421560
630,2.9e-05,74.125.200.0-255,1484,1700,77,421560
631,3.3e-05,172.31.40.0-255,66,1766,77,421560
632,3.9e-05,74.125.200.0-255,2902,4668,77,421560
633,4.3e-05,172.31.40.0-255,66,4734,77,421560
634,4.9e-05,74.125.200.0-255,4320,9054,77,421560
635,5.2e-05,172.31.40.0-255,66,9120,77,421560
636,7.3e-05,74.125.200.0-255,1484,10604,77,421560
637,7.5e-05,172.31.40.0-255,66,10670,77,421560
638,9.7e-05,74.125.200.0-255,3402,14072,77,421560
639,9.9e-05,172.31.40.0-255,66,14138,77,421560
640,0.000129,74.125.200.0-255,1484,15622,77,421560
641,0.000131,172.31.40.0-255,66,15688,77,421560
642,0.000135,74.125.200.0-255,1484,17172,77,421560
643,0.000137,172.31.40.0-255,66,17238,77,421560
644,0.000152,74.125.200.0-255,1484,18722,77,421560
645,0.000154,172.31.40.0-255,66,18788,77,421560
646,0.000161,74.125.200.0-255,5738,24526,77,421560
647,0.000163,172.31.40.0-255,66,24592,77,421560
648,0.000192,74.125.200.0-255,5738,30330,77,421560
649,0.000195,172.31.40.0-255,66,30396,77,421560
650,0.00021,74.125.200.0-255,1125,31521,77,421560
651,0.000212,172.31.40.0-255,66,31587,77,421560
652,0.00026,74.125.200.0-255,1484,33071,77,421560
653,0.000263,172.31.40.0-255,66,33137,77,421560
654,0.000286,74.125.200.0-255,1484,34621,77,421560
655,0.000289,172.31.40.0-255,66,34687,77,421560
656,0.000294,74.125.200.0-255,2902,37589,77,421560
657,0.000296,172.31.40.0-255,66,37655,77,421560
658,0.000302,74.125.200.0-255,4320,41975,77,421560
659,0.000304,172.31.40.0-255,66,42041,77,421560
660,0.00033,74.125.200.0-255,1484,43525,77,421560
661,0.000338,74.125.200.0-255,5379,48904,77,421560
662,0.00034,172.31.40.0-255,66,48970,77,421560
663,0.000345,74.125.200.0-255,2902,51872,77,421560
664,0.000346,172.31.40.0-255,66,51938,77,421560
665,0.000363,74.125.200.0-255,2902,54840,77,421560
666,0.000365,172.31.40.0-255,66,54906,77,421560
667,0.000388,74.125.200.0-255,2902,57808,77,421560
668,0.00039,172.31.40.0-255,66,57874,77,421560
669,0.00041,74.125.200.0-255,5738,63612,77,421560
670,0.000412,172.31.40.0-255,66,63678,77,421560
671,0.000427,74.125.200.0-255,2543,66221,77,421560
672,0.00043,172.31.40.0-255,66,66287,77,421560
673,0.000505,74.125.200.0-255,645,66932,77,421560
674,0.000641,74.125.200.0-255,1484,68416,77,421560
675,0.000645,172.31.40.0-255,66,68482,77,421560
676,0.000652,74.125.200.0-255,2902,71384,77,421560
677,0.000655,172.31.40.0-255,66,71450,77,421560
678,0.000658,74.125.200.0-255,1484,72934,77,421560
679,0.000696,74.125.200.0-255,2902,75836,77,421560
680,0.000699,172.31.40.0-255,66,75902,77,421560
681,0.000712,74.125.200.0-255,2902,78804,77,421560
682,0.000714,172.31.40.0-255,66,78870,77,421560
683,0.000719,74.125.200.0-255,4320,83190,77,421560
684,0.000721,172.31.40.0-255,66,83256,77,421560
685,0.000753,74.125.200.0-255,8574,91830,77,421560
686,0.000755,172.31.40.0-255,66,91896,77,421560
687,0.000758,74.125.200.0-255,1484,93380,77,421560
688,0.000793,74.125.200.0-255,1484,94864,77,421560
689,0.000795,172.31.40.0-255,66,94930,77,421560
690,0.000814,74.125.200.0-255,1484,96414,77,421560
691,0.000818,74.125.200.0-255,2902,99316,77,421560
692,0.00082,172.31.40.0-255,66,99382,77,421560
693,0.000862,74.125.200.0-255,2184,101566,77,421560
694,0.000865,172.31.40.0-255,66,101632,77,421560
695,0.000896,74.125.200.0-255,2902,104534,77,421560
696,0.000898,172.31.40.0-255,66,104600,77,421560
697,0.000913,74.125.200.0-255,2902,107502,77,421560
698,0.000915,172.31.40.0-255,66,107568,77,421560
699,0.00092,74.125.200.0-255,4320,111888,77,421560
700,0.000922,172.31.40.0-255,66,111954,77,421560
701,0.000943,74.125.200.0-255,1484,113438,77,421560
702,0.000967,74.125.200.0-255,7156,120594,77,421560
703,0.00097,172.31.40.0-255,66,120660,77,421560
704,0.000976,74.125.200.0-255,5738,126398,77,421560
705,0.000978,172.31.40.0-255,66,126464,77,421560
706,0.00098,74.125.200.0-255,1484,127948,77,421560
707,0.001,74.125.200.0-255,5738,133686,77,421560
708,0.001002,172.31.40.0-255,66,133752,77,421560
709,0.001006,74.125.200.0-255,2184,135936,77,421560
710,0.001007,172.31.40.0-255,66,136002,77,421560
711,0.001045,74.125.200.0-255,1484,137486,77,421560
712,0.00106,74.125.200.0-255,1484,138970,77,421560
713,0.001063,172.31.40.0-255,66,139036,77,421560
714,0.001091,74.125.200.0-255,2902,141938,77,421560
715,0.001094,172.31.40.0-255,66,142004,77,421560
716,0.001124,74.125.200.0-255,4320,146324,77,421560
717,0.001127,172.31.40.0-255,66,146390,77,421560
718,0.001131,74.125.200.0-255,2902,149292,77,421560
719,0.001133,172.31.40.0-255,66,149358,77,421560
720,0.001138,74.125.200.0-255,4320,153678,77,421560
721,0.00114,172.31.40.0-255,66,153744,77,421560
722,0.001173,74.125.200.0-255,8574,162318,77,421560
723,0.001176,172.31.40.0-255,66,162384,77,421560
724,0.001182,74.125.200.0-255,5738,168122,77,421560
725,0.001184,172.31.40.0-255,66,168188,77,421560
726,0.001219,74.125.200.0-255,2184,170372,77,421560
727,0.001221,172.31.40.0-255,66,170438,77,421560
728,0.001243,74.125.200.0-255,2902,173340,77,421560
729,0.001246,172.31.40.0-255,66,173406,77,421560
730,0.001249,74.125.200.0-255,1484,174890,77,421560
731,0.001276,74.125.200.0-255,5738,180628,77,421560
732,0.001279,172.31.40.0-255,66,180694,77,421560
733,0.001284,74.125.200.0-255,4320,185014,77,421560
734,0.001285,172.31.40.0-255,66,185080,77,421560
735,0.001291,74.125.200.0-255,5738,190818,77,421560
736,0.001292,172.31.40.0-255,66,190884,77,421560
737,0.001346,74.125.200.0-255,11410,202294,77,421560
738,0.001349,172.31.40.0-255,66,202360,77,421560
739,0.001365,74.125.200.0-255,2184,204544,77,421560
740,0.001367,172.31.40.0-255,66,204610,77,421560
741,0.001426,74.125.200.0-255,1484,206094,77,421560
742,0.001451,74.125.200.0-255,2902,208996,77,421560
743,0.001454,172.31.40.0-255,66,209062,77,421560
744,0.001469,74.125.200.0-255,2902,211964,77,421560
745,0.001471,172.31.40.0-255,66,212030,77,421560
746,0.001483,74.125.200.0-255,2902,214932,77,421560
747,0.001486,172.31.40.0-255,66,214998,77,421560
748,0.001501,74.125.200.0-255,1484,216482,77,421560
749,0.001505,74.125.200.0-255,2902,219384,77,421560
750,0.001508,172.31.40.0-255,66,219450,77,421560
751,0.001512,74.125.200.0-255,2902,222352,77,421560
752,0.001514,172.31.40.0-255,66,222418,77,421560
753,0.001535,74.125.200.0-255,2902,225320,77,421560
754,0.001537,172.31.40.0-255,66,225386,77,421560
755,0.001543,74.125.200.0-255,5738,231124,77,421560
756,0.001545,172.31.40.0-255,66,231190,77,421560
757,0.001551,74.125.200.0-255,7156,238346,77,421560
758,0.001553,172.31.40.0-255,66,238412,77,421560
759,0.001567,74.125.200.0-255,766,239178,77,421560
760,0.001969,74.125.200.0-255,1484,240662,77,421560
761,0.001973,172.31.40.0-255,66,240728,77,421560
762,0.001979,74.125.200.0-255,2902,243630,77,421560
763,0.001981,172.31.40.0-255,66,243696,77,421560
764,0.002029,74.125.200.0-255,5738,249434,77,421560
765,0.002032,172.31.40.0-255,66,249500,77,421560
766,0.00204,74.125.200.0-255,1484,250984,77,421560
767,0.002055,74.125.200.0-255,2902,253886,77,421560
768,0.002057,172.31.40.0-255,66,253952,77,421560
769,0.002092,74.125.200.0-255,5738,259690,77,421560
770,0.002094,172.31.40.0-255,66,259756,77,421560
771,0.002101,74.125.200.0-255,7156,266912,77,421560
772,0.002103,172.31.40.0-255,66,266978,77,421560
773,0.002143,74.125.200.0-255,5738,272716,77,421560
774,0.002146,172.31.40.0-255,66,272782,77,421560
775,0.002157,74.125.200.0-255,766,273548,77,421560
776,0.002171,74.125.200.0-255,4320,277868,77,421560
777,0.002174,172.31.40.0-255,66,277934,77,421560
778,0.002187,74.125.200.0-255,2902,280836,77,421560
779,0.002189,172.31.40.0-255,66,280902,77,421560
780,0.002192,74.125.200.0-255,1484,282386,77,421560
781,0.002197,74.125.200.0-255,2902,285288,77,421560
782,0.002198,172.31.40.0-255,66,285354,77,421560
783,0.002203,74.125.200.0-255,2902,288256,77,421560
784,0.002205,172.31.40.0-255,66,288322,77,421560
785,0.002226,74.125.200.0-255,2902,291224,77,421560
786,0.002229,172.31.40.0-255,66,291290,77,421560
787,0.002243,74.125.200.0-255,4320,295610,77,421560
788,0.002246,172.31.40.0-255,66,295676,77,421560
789,0.002265,74.125.200.0-255,8574,304250,77,421560
790,0.002268,172.31.40.0-255,66,304316,77,421560
791,0.002317,74.125.200.0-255,13528,317844,77,421560
792,0.002321,172.31.40.0-255,66,317910,77,421560
793,0.002327,74.125.200.0-255,5738,323648,77,421560
794,0.002329,172.31.40.0-255,66,323714,77,421560
795,0.002364,74.125.200.0-255,4320,328034,77,421560
796,0.002366,172.31.40.0-255,66,328100,77,421560
797,0.002396,74.125.200.0-255,9992,338092,77,421560
798,0.0024,172.31.40.0-255,66,338158,77,421560
799,0.002404,74.125.200.0-255,3602,341760,77,421560
800,0.002406,172.31.40.0-255,66,341826,77,421560
801,0.002409,74.125.200.0-255,1484,343310,77,421560
802,0.002427,74.125.200.0-255,2902,346212,77,421560
803,0.00243,172.31.40.0-255,66,346278,77,421560
804,0.002447,74.125.200.0-255,2902,349180,77,421560
805,0.00245,172.31.40.0-255,66,349246,77,421560
806,0.002472,74.125.200.0-255,5738,354984,77,421560
807,0.002503,74.125.200.0-255,9992,364976,77,421560
808,0.002509,74.125.200.0-255,7156,372132,77,421560
809,0.002547,74.125.200.0-255,3602,375734,77,421560
810,0.008012,172.31.40.0-255,66,375800,77,421560
811,0.010557,74.125.200.0-255,5738,381538,77,421560
812,0.010566,172.31.40.0-255,66,381604,77,421560
813,0.013106,74.125.200.0-255,5738,387342,77,421560
814,0.013113,172.31.40.0-255,66,387408,77,421560
815,0.015653,74.125.200.0-255,5738,393146,77,421560
816,0.015661,172.31.40.0-255,66,393212,77,421560
817,0.018196,74.125.200.0-255,5738,398950,77,421560
818,0.018207,172.31.40.0-255,66,399016,77,421560
819,0.020751,74.125.200.0-255,5738,404754,77,421560
820,0.020756,172.31.40.0-255,66,404820,77,421560
821,0.023298,74.125.200.0-255,5738,410558,77,421560
822,0.023306,172.31.40.0-255,66,410624,77,421560
823,0.025843,74.125.200.0-255,5738,416362,77,421560
824,0.02585,172.31.40.0-255,66,416428,77,421560
825,0.028351,74.125.200.0-255,157,416585,77,421560
826,0.028416,172.31.40.0-255,105,416690,77,421560
827,0.028446,172.31.40.0-255,105,416795,77,421560
828,0.028689,172.31.40.0-255,90,416885,77,421560
829,0.028698,172.31.40.0-255,66,416951,77,421560
830,0.03093,74.125.200.0-255,66,417017,77,421560
831,0.030938,74.125.200.0-255,66,417083,77,421560
832,0.031198,74.125.200.0-255,66,417149,77,421560
833,0.03123,74.125.200.0-255,66,417215,77,421560
834,0.031237,172.31.40.0-255,66,417281,77,421560
835,0.035382,172.31.40.0-255,172,417453,77,421560
836,0.035414,172.31.40.0-255,1120,418573,77,421560
837,0.035474,172.31.40.0-255,1514,420087,77,421560
838,0.035476,172.31.40.0-255,1275,421362,77,421560
839,0.036968,104.244.42.0-255,66,421428,77,421560
840,0.037002,104.244.42.0-255,66,421494,77,421560
841,0.037055,104.244.42.0-255,66,421560,77,421560
842,0.0,172.217.194.0-255,152,152,77,335288
843,1.2e-05,172.31.40.0-255,66,218,77,335288
844,3.4e-05,172.217.194.0-255,1484,1702,77,335288
845,3.9e-05,172.31.40.0-255,66,1768,77,335288
846,4.4e-05,172.217.194.0-255,2902,4670,77,335288
847,4.7e-05,172.31.40.0-255,66,4736,77,335288
848,5.2e-05,172.217.194.0-255,2902,7638,77,335288
849,5.5e-05,172.31.40.0-255,66,7704,77,335288
850,8.9e-05,172.217.194.0-255,4320,12024,77,335288
851,9.1e-05,172.31.40.0-255,66,12090,77,335288
852,9.6e-05,172.217.194.0-255,2028,14118,77,335288
853,9.8e-05,172.31.40.0-255,66,14184,77,335288
854,0.000512,172.217.194.0-255,1484,15668,77,335288
855,0.000519,172.31.40.0-255,66,15734,77,335288
856,0.000527,172.217.194.0-255,2902,18636,77,335288
857,0.000529,172.31.40.0-255,66,18702,77,335288
858,0.00054,172.217.194.0-255,2902,21604,77,335288
859,0.000542,172.31.40.0-255,66,21670,77,335288
860,0.000551,172.217.194.0-255,7156,28826,77,335288
861,0.000552,172.31.40.0-255,66,28892,77,335288
862,0.000583,172.217.194.0-255,9992,38884,77,335288
863,0.000586,172.31.40.0-255,66,38950,77,335288
864,0.000623,172.217.194.0-255,6797,45747,77,335288
865,0.000626,172.31.40.0-255,66,45813,77,335288
866,0.000641,172.31.40.0-255,66,45879,77,335288
867,0.00066,172.217.194.0-255,5020,50899,77,335288
868,0.000663,172.31.40.0-255,66,50965,77,335288
869,0.000665,172.217.194.0-255,340,51305,77,335288
870,0.000668,172.31.40.0-255,66,51371,77,335288
871,0.000985,172.217.194.0-255,120,51491,77,335288
872,0.000992,172.31.40.0-255,66,51557,77,335288
873,0.001142,172.217.194.0-255,1484,53041,77,335288
874,0.001151,172.217.194.0-255,2902,55943,77,335288
875,0.001155,172.31.40.0-255,66,56009,77,335288
876,0.001162,172.217.194.0-255,5738,61747,77,335288
877,0.001166,172.31.40.0-255,66,61813,77,335288
878,0.001197,172.217.194.0-255,12828,74641,77,335288
879,0.0012,172.31.40.0-255,66,74707,77,335288
880,0.001203,172.217.194.0-255,1484,76191,77,335288
881,0.00125,172.217.194.0-255,9274,85465,77,335288
882,0.001253,172.31.40.0-255,66,85531,77,335288
883,0.002274,172.217.194.0-255,1484,87015,77,335288
884,0.002281,172.217.194.0-255,2902,89917,77,335288
885,0.002284,172.31.40.0-255,66,89983,77,335288
886,0.002288,172.217.194.0-255,1484,91467,77,335288
887,0.002315,172.217.194.0-255,4320,95787,77,335288
888,0.002318,172.31.40.0-255,66,95853,77,335288
889,0.002324,172.217.194.0-255,7156,103009,77,335288
890,0.002326,172.31.40.0-255,66,103075,77,335288
891,0.002333,172.217.194.0-255,7156,110231,77,335288
892,0.002339,172.31.40.0-255,66,110297,77,335288
893,0.00236,172.217.194.0-255,1484,111781,77,335288
894,0.002362,172.217.194.0-255,1484,113265,77,335288
895,0.002364,172.31.40.0-255,66,113331,77,335288
896,0.002391,172.217.194.0-255,6438,119769,77,335288
897,0.002397,172.31.40.0-255,66,119835,77,335288
898,0.002773,172.217.194.0-255,1484,121319,77,335288
899,0.002784,172.217.194.0-255,1484,122803,77,335288
900,0.002786,172.31.40.0-255,66,122869,77,335288
901,0.002807,172.217.194.0-255,1484,124353,77,335288
902,0.002813,172.217.194.0-255,5738,130091,77,335288
903,0.002815,172.31.40.0-255,66,130157,77,335288
904,0.00282,172.217.194.0-255,5738,135895,77,335288
905,0.002823,172.31.40.0-255,66,135961,77,335288
906,0.002854,172.217.194.0-255,7156,143117,77,335288
907,0.002856,172.31.40.0-255,66,143183,77,335288
908,0.002864,172.217.194.0-255,9992,153175,77,335288
909,0.002866,172.31.40.0-255,66,153241,77,335288
910,0.002891,172.217.194.0-255,5020,158261,77,335288
911,0.002893,172.31.40.0-255,66,158327,77,335288
912,0.002898,172.217.194.0-255,4320,162647,77,335288
913,0.0029,172.31.40.0-255,66,162713,77,335288
914,0.002914,172.217.194.0-255,1484,164197,77,335288
915,0.002923,172.217.194.0-255,11410,175607,77,335288
916,0.002925,172.31.40.0-255,66,175673,77,335288
917,0.002937,172.217.194.0-255,1484,177157,77,335288
918,0.002942,172.217.194.0-255,4320,181477,77,335288
919,0.002944,172.31.40.0-255,66,181543,77,335288
920,0.002972,172.217.194.0-255,6438,187981,77,335288
921,0.002974,172.31.40.0-255,66,188047,77,335288
922,0.00301,172.217.194.0-255,8574,196621,77,335288
923,0.003012,172.31.40.0-255,66,196687,77,335288
924,0.003021,172.217.194.0-255,9992,206679,77,335288
925,0.003022,172.31.40.0-255,66,206745,77,335288
926,0.003044,172.217.194.0-255,9992,216737,77,335288
927,0.003046,172.31.40.0-255,66,216803,77,335288
928,0.003075,172.217.194.0-255,5020,221823,77,335288
929,0.003077,172.31.40.0-255,66,221889,77,335288
930,0.00308,172.217.194.0-255,1484,223373,77,335288
931,0.003103,172.217.194.0-255,2902,226275,77,335288
932,0.003105,172.31.40.0-255,66,226341,77,335288
933,0.003111,172.217.194.0-255,5738,232079,77,335288
934,0.003113,172.31.40.0-255,66,232145,77,335288
935,0.003117,172.217.194.0-255,2902,235047,77,335288
936,0.003119,172.31.40.0-255,66,235113,77,335288
937,0.003152,172.217.194.0-255,8574,243687,77,335288
938,0.003155,172.31.40.0-255,66,243753,77,335288
939,0.003157,172.217.194.0-255,1484,245237,77,335288
940,0.00316,172.217.194.0-255,1484,246721,77,335288
941,0.003161,172.31.40.0-255,66,246787,77,335288
942,0.003181,172.217.194.0-255,5738,252525,77,335288
943,0.003183,172.31.40.0-255,66,252591,77,335288
944,0.003213,172.217.194.0-255,3602,256193,77,335288
945,0.003215,172.31.40.0-255,66,256259,77,335288
946,0.003238,172.217.194.0-255,1484,257743,77,335288
947,0.003275,172.217.194.0-255,1484,259227,77,335288
948,0.003277,172.31.40.0-255,66,259293,77,335288
949,0.003303,172.217.194.0-255,1484,260777,77,335288
950,0.003309,172.217.194.0-255,5738,266515,77,335288
951,0.003311,172.31.40.0-255,66,266581,77,335288
952,0.003315,172.217.194.0-255,2902,269483,77,335288
953,0.003317,172.31.40.0-255,66,269549,77,335288
954,0.003321,172.217.194.0-255,4320,273869,77,335288
955,0.003324,172.31.40.0-255,66,273935,77,335288
956,0.003334,172.217.194.0-255,8574,282509,77,335288
957,0.003336,172.31.40.0-255,66,282575,77,335288
958,0.00334,172.217.194.0-255,2902,285477,77,335288
959,0.003342,172.31.40.0-255,66,285543,77,335288
960,0.003367,172.217.194.0-255,5020,290563,77,335288
961,0.003369,172.31.40.0-255,66,290629,77,335288
962,0.003402,172.217.194.0-255,1484,292113,77,335288
963,0.003407,172.217.194.0-255,2902,295015,77,335288
964,0.003409,172.31.40.0-255,66,295081,77,335288
965,0.003416,172.217.194.0-255,5738,300819,77,335288
966,0.003418,172.31.40.0-255,66,300885,77,335288
967,0.003456,172.217.194.0-255,12828,313713,77,335288
968,0.00346,172.31.40.0-255,66,313779,77,335288
969,0.003463,172.217.194.0-255,1484,315263,77,335288
970,0.003497,172.217.194.0-255,5738,321001,77,335288
971,0.0035,172.31.40.0-255,66,321067,77,335288
972,0.003546,172.31.40.0-255,66,321133,77,335288
973,0.00357,172.31.40.0-255,66,321199,77,335288
974,0.003602,172.217.194.0-255,2184,323383,77,335288
975,0.003605,172.31.40.0-255,66,323449,77,335288
976,0.003621,172.31.40.0-255,66,323515,77,335288
977,0.003644,172.31.40.0-255,66,323581,77,335288
978,0.003648,172.217.194.0-255,2902,326483,77,335288
979,0.003651,172.31.40.0-255,66,326549,77,335288
980,0.003656,172.217.194.0-255,4052,330601,77,335288
981,0.003658,172.31.40.0-255,66,330667,77,335288
982,0.003681,172.217.194.0-255,105,330772,77,335288
983,0.007094,172.31.40.0-255,66,330838,77,335288
984,0.007131,172.31.40.0-255,105,330943,77,335288
985,0.009714,172.217.194.0-255,66,331009,77,335288
986,0.026869,172.31.40.0-255,172,331181,77,335288
987,0.026899,172.31.40.0-255,1120,332301,77,335288
988,0.026967,172.31.40.0-255,1514,333815,77,335288
989,0.026969,172.31.40.0-255,1275,335090,77,335288
990,0.028457,104.244.42.0-255,66,335156,77,335288
991,0.028489,104.244.42.0-255,66,335222,77,335288
992,0.028543,104.244.42.0-255,66,335288,77,335288
993,0.0,172.217.194.0-255,153,153,77,313372
994,2e-05,172.31.40.0-255,66,219,77,313372
995,2.7e-05,172.217.194.0-255,1484,1703,77,313372
996,3.2e-05,172.31.40.0-255,66,1769,77,313372
997,3.8e-05,172.217.194.0-255,2902,4671,77,313372
998,4.2e-05,172.31.40.0-255,66,4737,77,313372
999,4.9e-05,172.217.194.0-255,7156,11893,77,313372
1000,5.2e-05,172.31.40.0-255,66,11959,77,313372
1001,5.6e-05,172.217.194.0-255,2065,14024,77,313372
1002,5.9e-05,172.31.40.0-255,66,14090,77,313372
1003,0.000183,172.217.194.0-255,1484,15574,77,313372
1004,0.000187,172.31.40.0-255,66,15640,77,313372
1005,0.000227,172.217.194.0-255,2902,18542,77,313372
1006,0.000231,172.31.40.0-255,66,18608,77,313372
1007,0.000245,172.217.194.0-255,5738,24346,77,313372
1008,0.000249,172.31.40.0-255,66,24412,77,313372
1009,0.000268,172.217.194.0-255,2902,27314,77,313372
1010,0.000271,172.31.40.0-255,66,27380,77,313372
1011,0.000285,172.217.194.0-255,3961,31341,77,313372
1012,0.000288,172.31.40.0-255,66,31407,77,313372
1013,0.000308,172.217.194.0-255,2902,34309,77,313372
1014,0.00031,172.31.40.0-255,66,34375,77,313372
1015,0.00033,172.217.194.0-255,4320,38695,77,313372
1016,0.000332,172.31.40.0-255,66,38761,77,313372
1017,0.000339,172.217.194.0-255,5738,44499,77,313372
1018,0.000341,172.31.40.0-255,66,44565,77,313372
1019,0.000361,172.217.194.0-255,2902,47467,77,313372
1020,0.000363,172.31.40.0-255,66,47533,77,313372
1021,0.000375,172.217.194.0-255,12828,60361,77,313372
1022,0.000377,172.31.40.0-255,66,60427,77,313372
1023,0.000413,172.217.194.0-255,5320,65747,77,313372
1024,0.000415,172.31.40.0-255,66,65813,77,313372
1025,0.000427,172.217.194.0-255,377,66190,77,313372
1026,0.000564,172.217.194.0-255,1484,67674,77,313372
1027,0.00057,172.217.194.0-255,2902,70576,77,313372
1028,0.000576,172.31.40.0-255,66,70642,77,313372
1029,0.000596,172.217.194.0-255,5738,76380,77,313372
1030,0.0006,172.217.194.0-255,1484,77864,77,313372
1031,0.000618,172.217.194.0-255,7156,85020,77,313372
1032,0.000622,172.217.194.0-255,2902,87922,77,313372
1033,0.000625,172.31.40.0-255,66,87988,77,313372
1034,0.00063,172.31.40.0-255,66,88054,77,313372
1035,0.000648,172.217.194.0-255,7156,95210,77,313372
1036,0.000653,172.217.194.0-255,2902,98112,77,313372
1037,0.000663,172.31.40.0-255,66,98178,77,313372
1038,0.000666,172.217.194.0-255,2184,100362,77,313372
1039,0.000671,172.31.40.0-255,66,100428,77,313372
1040,0.000981,172.217.194.0-255,1484,101912,77,313372
1041,0.000993,172.217.194.0-255,2902,104814,77,313372
1042,0.000996,172.31.40.0-255,66,104880,77,313372
1043,0.001018,172.217.194.0-255,4320,109200,77,313372
1044,0.001026,172.31.40.0-255,66,109266,77,313372
1045,0.001048,172.217.194.0-255,8574,117840,77,313372
1046,0.001067,172.31.40.0-255,66,117906,77,313372
1047,0.001087,172.31.40.0-255,66,117972,77,313372
1048,0.001704,172.217.194.0-255,1484,119456,77,313372
1049,0.001714,172.217.194.0-255,2902,122358,77,313372
1050,0.001719,172.31.40.0-255,66,122424,77,313372
1051,0.001726,172.217.194.0-255,5738,128162,77,313372
1052,0.001739,172.217.194.0-255,1484,129646,77,313372
1053,0.001771,172.217.194.0-255,11410,141056,77,313372
1054,0.001795,172.217.194.0-255,10692,151748,77,313372
1055,0.00198,172.217.194.0-255,1484,153232,77,313372
1056,0.001988,172.217.194.0-255,2902,156134,77,313372
1057,0.002005,172.217.194.0-255,5738,161872,77,313372
1058,0.002038,172.217.194.0-255,4320,166192,77,313372
1059,0.002054,172.217.194.0-255,5738,171930,77,313372
1060,0.002061,172.217.194.0-255,5738,177668,77,313372
1061,0.002079,172.217.194.0-255,5738,183406,77,313372
1062,0.002086,172.217.194.0-255,6438,189844,77,313372
1063,0.002138,172.217.194.0-255,9992,199836,77,313372
1064,0.002156,172.217.194.0-255,5738,205574,77,313372
1065,0.00218,172.217.194.0-255,4320,209894,77,313372
1066,0.002189,172.217.194.0-255,9274,219168,77,313372
1067,0.002218,172.217.194.0-255,2902,222070,77,313372
1068,0.002226,172.217.194.0-255,1484,223554,77,313372
1069,0.00227,172.217.194.0-255,766,224320,77,313372
1070,0.002282,172.217.194.0-255,12828,237148,77,313372
1071,0.002307,172.217.194.0-255,5738,242886,77,313372
1072,0.00233,172.217.194.0-255,12828,255714,77,313372
1073,0.00236,172.217.194.0-255,8574,264288,77,313372
1074,0.002403,172.217.194.0-255,3602,267890,77,313372
1075,0.002409,172.217.194.0-255,5738,273628,77,313372
1076,0.002428,172.217.194.0-255,8574,282202,77,313372
1077,0.002458,172.217.194.0-255,13528,295730,77,313372
1078,0.002467,172.217.194.0-255,9992,305722,77,313372
1079,0.002544,172.217.194.0-255,766,306488,77,313372
1080,0.00255,172.217.194.0-255,5008,311496,77,313372
1081,0.002553,172.217.194.0-255,105,311601,77,313372
1082,0.01126,172.31.40.0-255,66,311667,77,313372
1083,0.012462,172.217.194.0-255,105,311772,77,313372
1084,0.012473,172.31.40.0-255,78,311850,77,313372
1085,0.013413,172.31.40.0-255,105,311955,77,313372
1086,0.016,172.217.194.0-255,66,312021,77,313372
1087,0.051068,172.31.40.0-255,172,312193,77,313372
1088,0.051108,172.31.40.0-255,1047,313240,77,313372
1089,0.052622,104.244.42.0-255,66,313306,77,313372
1090,0.05267,104.244.42.0-255,66,313372,77,313372
1091,0.0,172.217.194.0-255,150,150,77,389120
1092,2.7e-05,172.31.40.0-255,66,216,77,389120
1093,3.2e-05,172.217.194.0-255,1484,1700,77,389120
1094,3.6e-05,172.31.40.0-255,66,1766,77,389120
1095,6.2e-05,172.217.194.0-255,2902,4668,77,389120
1096,6.8e-05,172.31.40.0-255,66,4734,77,389120
1097,9.5e-05,172.217.194.0-255,5738,10472,77,389120
1098,9.8e-05,172.31.40.0-255,66,10538,77,389120
1099,0.000128,172.217.194.0-255,3367,13905,77,389120
1100,0.000131,172.31.40.0-255,66,13971,77,389120
1101,0.000158,172.217.194.0-255,4320,18291,77,389120
1102,0.000162,172.31.40.0-255,66,18357,77,389120
1103,0.000195,172.217.194.0-255,8574,26931,77,389120
1104,0.000198,172.31.40.0-255,66,26997,77,389120
1105,0.000223,172.217.194.0-255,3961,30958,77,389120
1106,0.000225,172.31.40.0-255,66,31024,77,389120
1107,0.000492,172.217.194.0-255,1484,32508,77,389120
1108,0.000497,172.31.40.0-255,66,32574,77,389120
1109,0.000507,172.217.194.0-255,2902,35476,77,389120
1110,0.00051,172.31.40.0-255,66,35542,77,389120
1111,0.000545,172.217.194.0-255,5738,41280,77,389120
1112,0.000548,172.31.40.0-255,66,41346,77,389120
1113,0.000556,172.217.194.0-255,7156,48502,77,389120
1114,0.000559,172.31.40.0-255,66,48568,77,389120
1115,0.000588,172.217.194.0-255,2902,51470,77,389120
1116,0.000592,172.31.40.0-255,66,51536,77,389120
1117,0.000633,172.217.194.0-255,7156,58692,77,389120
1118,0.000637,172.31.40.0-255,66,58758,77,389120
1119,0.000659,172.217.194.0-255,6438,65196,77,389120
1120,0.000662,172.31.40.0-255,66,65262,77,389120
1121,0.000858,172.217.194.0-255,379,65641,77,389120
1122,0.000864,172.31.40.0-255,66,65707,77,389120
1123,0.000898,172.217.194.0-255,366,66073,77,389120
1124,0.001028,172.31.40.0-255,66,66139,77,389120
1125,0.001584,172.217.194.0-255,1484,67623,77,389120
1126,0.001594,172.217.194.0-255,2902,70525,77,389120
1127,0.001599,172.31.40.0-255,66,70591,77,389120
1128,0.00163,172.217.194.0-255,5738,76329,77,389120
1129,0.001632,172.31.40.0-255,66,76395,77,389120
1130,0.001637,172.217.194.0-255,2902,79297,77,389120
1131,0.001639,172.31.40.0-255,66,79363,77,389120
1132,0.001671,172.217.194.0-255,9992,89355,77,389120
1133,0.001674,172.31.40.0-255,66,89421,77,389120
1134,0.001679,172.217.194.0-255,4320,93741,77,389120
1135,0.001681,172.31.40.0-255,66,93807,77,389120
1136,0.001733,172.217.194.0-255,6438,100245,77,389120
1137,0.001736,172.31.40.0-255,66,100311,77,389120
1138,0.002031,172.217.194.0-255,1484,101795,77,389120
1139,0.002037,172.217.194.0-255,1484,103279,77,389120
1140,0.002042,172.31.40.0-255,66,103345,77,389120
1141,0.002073,172.217.194.0-255,1484,104829,77,389120
1142,0.002081,172.217.194.0-255,5738,110567,77,389120
1143,0.002084,172.31.40.0-255,66,110633,77,389120
1144,0.002119,172.217.194.0-255,7156,117789,77,389120
1145,0.002123,172.31.40.0-255,66,117855,77,389120
1146,0.004198,172.217.194.0-255,5738,123593,77,389120
1147,0.004204,172.31.40.0-255,66,123659,77,389120
1148,0.006266,172.217.194.0-255,5738,129397,77,389120
1149,0.006272,172.31.40.0-255,66,129463,77,389120
1150,0.00835,172.217.194.0-255,5738,135201,77,389120
1151,0.008358,172.31.40.0-255,66,135267,77,389120
1152,0.010468,172.217.194.0-255,5738,141005,77,389120
1153,0.010476,172.31.40.0-255,66,141071,77,389120
1154,0.012561,172.217.194.0-255,5738,146809,77,389120
1155,0.012569,172.31.40.0-255,66,146875,77,389120
1156,0.014662,172.217.194.0-255,5738,152613,77,389120
1157,0.01467,172.31.40.0-255,66,152679,77,389120
1158,0.016757,172.217.194.0-255,5738,158417,77,389120
1159,0.016765,172.31.40.0-255,66,158483,77,389120
1160,0.018864,172.217.194.0-255,5738,164221,77,389120
1161,0.018874,172.31.40.0-255,66,164287,77,389120
1162,0.020926,172.217.194.0-255,5738,170025,77,389120
1163,0.020934,172.31.40.0-255,66,170091,77,389120
1164,0.023022,172.217.194.0-255,5738,175829,77,389120
1165,0.023029,172.31.40.0-255,66,175895,77,389120
1166,0.025112,172.217.194.0-255,5738,181633,77,389120
1167,0.02512,172.31.40.0-255,66,181699,77,389120
1168,0.027178,172.217.194.0-255,5738,187437,77,389120
1169,0.027187,172.31.40.0-255,66,187503,77,389120
1170,0.029266,172.217.194.0-255,5738,193241,77,389120
1171,0.029274,172.31.40.0-255,66,193307,77,389120
1172,0.031377,172.217.194.0-255,5738,199045,77,389120
1173,0.031384,172.31.40.0-255,66,199111,77,389120
1174,0.031428,172.31.40.0-255,172,199283,77,389120
1175,0.031455,172.31.40.0-255,1119,200402,77,389120
1176,0.031565,172.31.40.0-255,1514,201916,77,389120
1177,0.031568,172.31.40.0-255,1278,203194,77,389120
1178,0.032949,104.244.42.0-255,66,203260,77,389120
1179,0.032988,104.244.42.0-255,66,203326,77,389120
1180,0.033134,104.244.42.0-255,66,203392,77,389120
1181,0.033492,172.217.194.0-255,5738,209130,77,389120
1182,0.033498,172.31.40.0-255,66,209196,77,389120
1183,0.035624,172.217.194.0-255,5738,214934,77,389120
1184,0.035631,172.31.40.0-255,66,215000,77,389120
1185,0.037783,172.217.194.0-255,5738,220738,77,389120
1186,0.037788,172.31.40.0-255,66,220804,77,389120
1187,0.039857,172.217.194.0-255,5738,226542,77,389120
1188,0.039864,172.31.40.0-255,66,226608,77,389120
1189,0.04199,172.217.194.0-255,5738,232346,77,389120
1190,0.041999,172.31.40.0-255,66,232412,77,389120
1191,0.044059,172.217.194.0-255,5738,238150,77,389120
1192,0.044066,172.31.40.0-255,66,238216,77,389120
1193,0.046159,172.217.194.0-255,5738,243954,77,389120
1194,0.046171,172.31.40.0-255,66,244020,77,389120
1195,0.048271,172.217.194.0-255,5738,249758,77,389120
1196,0.048278,172.31.40.0-255,66,249824,77,389120
1197,0.050348,172.217.194.0-255,5738,255562,77,389120
1198,0.050355,172.31.40.0-255,66,255628,77,389120
1199,0.052502,172.217.194.0-255,5738,261366,77,389120
1200,0.052521,172.31.40.0-255,66,261432,77,389120
1201,0.054635,172.217.194.0-255,5738,267170,77,389120
1202,0.054647,172.31.40.0-255,66,267236,77,389120
1203,0.056749,172.217.194.0-255,5738,272974,77,389120
1204,0.056766,172.31.40.0-255,66,273040,77,389120
1205,0.058913,172.217.194.0-255,5738,278778,77,389120
1206,0.058929,172.31.40.0-255,66,278844,77,389120
1207,0.06105,172.217.194.0-255,5738,284582,77,389120
1208,0.061058,172.31.40.0-255,66,284648,77,389120
1209,0.063189,172.217.194.0-255,5738,290386,77,389120
1210,0.063202,172.31.40.0-255,66,290452,77,389120
1211,0.065283,172.217.194.0-255,5738,296190,77,389120
1212,0.0653,172.31.40.0-255,66,296256,77,389120
1213,0.067445,172.217.194.0-255,5738,301994,77,389120
1214,0.067461,172.31.40.0-255,66,302060,77,389120
1215,0.069547,172.217.194.0-255,5738,307798,77,389120
1216,0.069564,172.31.40.0-255,66,307864,77,389120
1217,0.071664,172.217.194.0-255,5738,313602,77,389120
1218,0.07168,172.31.40.0-255,66,313668,77,389120
1219,0.07377,172.217.194.0-255,5738,319406,77,389120
1220,0.073785,172.31.40.0-255,66,319472,77,389120
1221,0.075855,172.217.194.0-255,5738,325210,77,389120
1222,0.075864,172.31.40.0-255,66,325276,77,389120
1223,0.077954,172.217.194.0-255,5738,331014,77,389120
1224,0.077966,172.31.40.0-255,66,331080,77,389120
1225,0.080067,172.217.194.0-255,5738,336818,77,389120
1226,0.080083,172.31.40.0-255,66,336884,77,389120
1227,0.082198,172.217.194.0-255,5738,342622,77,389120
1228,0.082207,172.31.40.0-255,66,342688,77,389120
1229,0.084317,172.217.194.0-255,5738,348426,77,389120
1230,0.084333,172.31.40.0-255,66,348492,77,389120
1231,0.086465,172.217.194.0-255,5738,354230,77,389120
1232,0.086482,172.31.40.0-255,66,354296,77,389120
1233,0.088609,172.217.194.0-255,5738,360034,77,389120
1234,0.088627,172.31.40.0-255,66,360100,77,389120
1235,0.090709,172.217.194.0-255,5738,365838,77,389120
1236,0.090727,172.31.40.0-255,66,365904,77,389120
1237,0.092847,172.217.194.0-255,5738,371642,77,389120
1238,0.092857,172.31.40.0-255,66,371708,77,389120
1239,0.094943,172.217.194.0-255,5738,377446,77,389120
1240,0.094955,172.31.40.0-255,66,377512,77,389120
1241,0.097076,172.217.194.0-255,5738,383250,77,389120
1242,0.097094,172.31.40.0-255,66,383316,77,389120
1243,0.09944,172.217.194.0-255,5738,389054,77,389120
1244,0.09946,172.31.40.0-255,66,389120,77,389120
1245,0.0,74.125.130.0-255,155,155,77,417544
1246,2.1e-05,172.31.40.0-255,66,221,77,417544
1247,2.8e-05,74.125.130.0-255,1484,1705,77,417544
1248,3.3e-05,172.31.40.0-255,66,1771,77,417544
1249,4.5e-05,74.125.130.0-255,2902,4673,77,417544
1250,4.9e-05,172.31.40.0-255,66,4739,77,417544
1251,5.5e-05,74.125.130.0-255,4320,9059,77,417544
1252,5.8e-05,172.31.40.0-255,66,9125,77,417544
1253,9.3e-05,74.125.130.0-255,9090,18215,77,417544
1254,9.6e-05,172.31.40.0-255,66,18281,77,417544
1255,0.000102,74.125.130.0-255,4320,22601,77,417544
1256,0.000104,172.31.40.0-255,66,22667,77,417544
1257,0.000158,74.125.130.0-255,7156,29823,77,417544
1258,0.000162,172.31.40.0-255,66,29889,77,417544
1259,0.000186,74.125.130.0-255,1125,31014,77,417544
1260,0.000189,172.31.40.0-255,66,31080,77,417544
1261,0.000311,74.125.130.0-255,1484,32564,77,417544
1262,0.000315,172.31.40.0-255,66,32630,77,417544
1263,0.000319,74.125.130.0-255,1484,34114,77,417544
1264,0.000322,172.31.40.0-255,66,34180,77,417544
1265,0.000343,74.125.130.0-255,1484,35664,77,417544
1266,0.000346,172.31.40.0-255,66,35730,77,417544
1267,0.000352,74.125.130.0-255,5738,41468,77,417544
1268,0.000355,172.31.40.0-255,66,41534,77,417544
1269,0.000388,74.125.130.0-255,6797,48331,77,417544
1270,0.000391,172.31.40.0-255,66,48397,77,417544
1271,0.000411,74.125.130.0-255,8574,56971,77,417544
1272,0.000418,172.31.40.0-255,66,57037,77,417544
1273,0.000457,74.125.130.0-255,4320,61357,77,417544
1274,0.00046,172.31.40.0-255,66,61423,77,417544
1275,0.000488,74.125.130.0-255,4252,65675,77,417544
1276,0.000491,172.31.40.0-255,66,65741,77,417544
1277,0.000494,74.125.130.0-255,101,65842,77,417544
1278,0.000827,74.125.130.0-255,1484,67326,77,417544
1279,0.000833,74.125.130.0-255,1484,68810,77,417544
1280,0.000842,74.125.130.0-255,1484,70294,77,417544
1281,0.000852,74.125.130.0-255,1484,71778,77,417544
1282,0.000859,172.31.40.0-255,66,71844,77,417544
1283,0.000877,74.125.130.0-255,1484,73328,77,417544
1284,0.000883,74.125.130.0-255,4320,77648,77,417544
1285,0.000885,172.31.40.0-255,66,77714,77,417544
1286,0.000891,74.125.130.0-255,5738,83452,77,417544
1287,0.000893,172.31.40.0-255,66,83518,77,417544
1288,0.000912,74.125.130.0-255,2902,86420,77,417544
1289,0.000914,172.31.40.0-255,66,86486,77,417544
1290,0.000919,74.125.130.0-255,4320,90806,77,417544
1291,0.000923,74.125.130.0-255,4320,95126,77,417544
1292,0.000941,74.125.130.0-255,1484,96610,77,417544
1293,0.000947,172.31.40.0-255,66,96676,77,417544
1294,0.000961,74.125.130.0-255,3602,100278,77,417544
1295,0.000983,172.31.40.0-255,66,100344,77,417544
1296,0.001127,74.125.130.0-255,1484,101828,77,417544
1297,0.001145,74.125.130.0-255,2902,104730,77,417544
1298,0.001148,172.31.40.0-255,66,104796,77,417544
1299,0.001172,74.125.130.0-255,4320,109116,77,417544
1300,0.001178,74.125.130.0-255,5738,114854,77,417544
1301,0.001191,172.31.40.0-255,66,114920,77,417544
1302,0.00122,74.125.130.0-255,9992,124912,77,417544
1303,0.001231,172.31.40.0-255,66,124978,77,417544
1304,0.001257,74.125.130.0-255,4320,129298,77,417544
1305,0.001262,172.31.40.0-255,66,129364,77,417544
1306,0.001275,74.125.130.0-255,6438,135802,77,417544
1307,0.001283,74.125.130.0-255,2902,138704,77,417544
1308,0.001299,172.31.40.0-255,66,138770,77,417544
1309,0.001309,74.125.130.0-255,5738,144508,77,417544
1310,0.00133,74.125.130.0-255,9992,154500,77,417544
1311,0.001335,74.125.130.0-255,4320,158820,77,417544
1312,0.001348,172.31.40.0-255,66,158886,77,417544
1313,0.001384,74.125.130.0-255,7156,166042,77,417544
1314,0.001399,74.125.130.0-255,2184,168226,77,417544
1315,0.001406,172.31.40.0-255,66,168292,77,417544
1316,0.001571,74.125.130.0-255,1484,169776,77,417544
1317,0.001578,74.125.130.0-255,2902,172678,77,417544
1318,0.001584,74.125.130.0-255,5738,178416,77,417544
1319,0.001589,74.125.130.0-255,4320,182736,77,417544
1320,0.001602,74.125.130.0-255,2902,185638,77,417544
1321,0.001621,74.125.130.0-255,2902,188540,77,417544
1322,0.001649,74.125.130.0-255,9992,198532,77,417544
1323,0.001682,74.125.130.0-255,3602,202134,77,417544
1324,0.001838,74.125.130.0-255,1484,203618,77,417544
1325,0.001844,74.125.130.0-255,2902,206520,77,417544
1326,0.001896,74.125.130.0-255,5738,212258,77,417544
1327,0.001901,74.125.130.0-255,2902,215160,77,417544
1328,0.001906,74.125.130.0-255,4320,219480,77,417544
1329,0.001911,74.125.130.0-255,4320,223800,77,417544
1330,0.001926,74.125.130.0-255,4320,228120,77,417544
1331,0.001931,74.125.130.0-255,2902,231022,77,417544
1332,0.001933,74.125.130.0-255,1484,232506,77,417544
1333,0.001954,74.125.130.0-255,2902,235408,77,417544
1334,0.001974,74.125.130.0-255,4320,239728,77,417544
1335,0.001985,74.125.130.0-255,766,240494,77,417544
1336,0.001991,74.125.130.0-255,5738,246232,77,417544
1337,0.002042,74.125.130.0-255,8574,254806,77,417544
1338,0.002061,74.125.130.0-255,4320,259126,77,417544
1339,0.002082,74.125.130.0-255,2902,262028,77,417544
1340,0.002109,74.125.130.0-255,7856,269884,77,417544
1341,0.002123,74.125.130.0-255,2902,272786,77,417544
1342,0.002146,74.125.130.0-255,8574,281360,77,417544
1343,0.002161,74.125.130.0-255,5738,287098,77,417544
1344,0.002175,74.125.130.0-255,7156,294254,77,417544
1345,0.002178,74.125.130.0-255,1484,295738,77,417544
1346,0.002196,74.125.130.0-255,4320,300058,77,417544
1347,0.002232,74.125.130.0-255,3602,303660,77,417544
1348,0.002264,74.125.130.0-255,1484,305144,77,417544
1349,0.002281,74.125.130.0-255,2902,308046,77,417544
1350,0.002286,74.125.130.0-255,4320,312366,77,417544
1351,0.002288,74.125.130.0-255,1484,313850,77,417544
1352,0.002303,74.125.130.0-255,4320,318170,77,417544
1353,0.005917,172.31.40.0-255,66,318236,77,417544
1354,0.008222,74.125.130.0-255,5738,323974,77,417544
1355,0.008228,172.31.40.0-255,66,324040,77,417544
1356,0.010526,74.125.130.0-255,5738,329778,77,417544
1357,0.010534,172.31.40.0-255,66,329844,77,417544
1358,0.012824,74.125.130.0-255,5738,335582,77,417544
1359,0.012832,172.31.40.0-255,66,335648,77,417544
1360,0.015132,74.125.130.0-255,5738,341386,77,417544
1361,0.01514,172.31.40.0-255,66,341452,77,417544
1362,0.017436,74.125.130.0-255,5738,347190,77,417544
1363,0.017446,172.31.40.0-255,66,347256,77,417544
1364,0.019735,74.125.130.0-255,5738,352994,77,417544
1365,0.019743,172.31.40.0-255,66,353060,77,417544
1366,0.02203,74.125.130.0-255,5738,358798,77,417544
1367,0.022038,172.31.40.0-255,66,358864,77,417544
1368,0.024327,74.125.130.0-255,5738,364602,77,417544
1369,0.024334,172.31.40.0-255,66,364668,77,417544
1370,0.026618,74.125.130.0-255,5738,370406,77,417544
1371,0.026625,172.31.40.0-255,66,370472,77,417544
1372,0.028916,74.125.130.0-255,5738,376210,77,417544
1373,0.028925,172.31.40.0-255,66,376276,77,417544
1374,0.031203,74.125.130.0-255,5738,382014,77,417544
1375,0.03121,172.31.40.0-255,66,382080,77,417544
1376,0.033494,74.125.130.0-255,5738,387818,77,417544
1377,0.033502,172.31.40.0-255,66,387884,77,417544
1378,0.035747,172.31.40.0-255,172,388056,77,417544
1379,0.035782,172.31.40.0-255,1119,389175,77,417544
1380,0.03583,74.125.130.0-255,5738,394913,77,417544
1381,0.035834,172.31.40.0-255,66,394979,77,417544
1382,0.035955,172.31.40.0-255,1514,396493,77,417544
1383,0.035957,172.31.40.0-255,1276,397769,77,417544
1384,0.037284,104.244.42.0-255,66,397835,77,417544
1385,0.037322,104.244.42.0-255,66,397901,77,417544
1386,0.037451,104.244.42.0-255,66,397967,77,417544
1387,0.038119,74.125.130.0-255,5738,403705,77,417544
1388,0.038124,172.31.40.0-255,66,403771,77,417544
1389,0.040435,74.125.130.0-255,5738,409509,77,417544
1390,0.040441,172.31.40.0-255,66,409575,77,417544
1391,0.042729,74.125.130.0-255,5738,415313,77,417544
1392,0.042738,172.31.40.0-255,66,415379,77,417544
1393,0.045026,74.125.130.0-255,1928,417307,77,417544
1394,0.045033,172.31.40.0-255,66,417373,77,417544
1395,0.045184,172.31.40.0-255,105,417478,77,417544
1396,0.04743,74.125.130.0-255,66,417544,77,417544
1397,0.0,74.125.68.0-255,153,153,77,396314
1398,1.7e-05,172.31.40.0-255,66,219,77,396314
1399,5.7e-05,74.125.68.0-255,1484,1703,77,396314
1400,6.1e-05,172.31.40.0-255,66,1769,77,396314
1401,6.7e-05,74.125.68.0-255,2902,4671,77,396314
1402,7.1e-05,172.31.40.0-255,66,4737,77,396314
1403,7.6e-05,74.125.68.0-255,2902,7639,77,396314
1404,8e-05,172.31.40.0-255,66,7705,77,396314
1405,0.000109,74.125.68.0-255,1484,9189,77,396314
1406,0.000112,172.31.40.0-255,66,9255,77,396314
1407,0.000119,74.125.68.0-255,4738,13993,77,396314
1408,0.000122,172.31.40.0-255,66,14059,77,396314
1409,0.000127,74.125.68.0-255,2902,16961,77,396314
1410,0.000129,172.31.40.0-255,66,17027,77,396314
1411,0.000165,74.125.68.0-255,4320,21347,77,396314
1412,0.000168,172.31.40.0-255,66,21413,77,396314
1413,0.000188,74.125.68.0-255,7156,28569,77,396314
1414,0.000191,172.31.40.0-255,66,28635,77,396314
1415,0.000228,74.125.68.0-255,2543,31178,77,396314
1416,0.000231,172.31.40.0-255,66,31244,77,396314
1417,0.000417,74.125.68.0-255,1484,32728,77,396314
1418,0.000423,172.31.40.0-255,66,32794,77,396314
1419,0.000428,74.125.68.0-255,2902,35696,77,396314
1420,0.000431,172.31.40.0-255,66,35762,77,396314
1421,0.000454,74.125.68.0-255,4320,40082,77,396314
1422,0.000456,172.31.40.0-255,66,40148,77,396314
1423,0.000481,74.125.68.0-255,1484,41632,77,396314
1424,0.000483,172.31.40.0-255,66,41698,77,396314
1425,0.000489,74.125.68.0-255,2902,44600,77,396314
1426,0.000491,172.31.40.0-255,66,44666,77,396314
1427,0.000522,74.125.68.0-255,3961,48627,77,396314
1428,0.000526,172.31.40.0-255,66,48693,77,396314
1429,0.000534,74.125.68.0-255,7156,55849,77,396314
1430,0.000536,172.31.40.0-255,66,55915,77,396314
1431,0.000539,74.125.68.0-255,1484,57399,77,396314
1432,0.000565,74.125.68.0-255,2902,60301,77,396314
1433,0.000568,172.31.40.0-255,66,60367,77,396314
1434,0.000597,74.125.68.0-255,5691,66058,77,396314
1435,0.0006,172.31.40.0-255,66,66124,77,396314
1436,0.00066,74.125.68.0-255,112,66236,77,396314
1437,0.000768,74.125.68.0-255,1484,67720,77,396314
1438,0.000772,172.31.40.0-255,66,67786,77,396314
1439,0.000776,74.125.68.0-255,1484,69270,77,396314
1440,0.000798,74.125.68.0-255,1484,70754,77,396314
1441,0.0008,172.31.40.0-255,66,70820,77,396314
1442,0.000807,74.125.68.0-255,5738,76558,77,396314
1443,0.000809,172.31.40.0-255,66,76624,77,396314
1444,0.000839,74.125.68.0-255,2902,79526,77,396314
1445,0.000845,172.31.40.0-255,66,79592,77,396314
1446,0.000873,74.125.68.0-255,9992,89584,77,396314
1447,0.000875,172.31.40.0-255,66,89650,77,396314
1448,0.000904,74.125.68.0-255,7156,96806,77,396314
1449,0.000907,172.31.40.0-255,66,96872,77,396314
1450,0.000935,74.125.68.0-255,3866,100738,77,396314
1451,0.000938,172.31.40.0-255,66,100804,77,396314
1452,0.001138,74.125.68.0-255,1484,102288,77,396314
1453,0.00116,74.125.68.0-255,2902,105190,77,396314
1454,0.001164,172.31.40.0-255,66,105256,77,396314
1455,0.001172,74.125.68.0-255,5738,110994,77,396314
1456,0.001174,172.31.40.0-255,66,111060,77,396314
1457,0.001205,74.125.68.0-255,8574,119634,77,396314
1458,0.001208,172.31.40.0-255,66,119700,77,396314
1459,0.001236,74.125.68.0-255,5738,125438,77,396314
1460,0.001239,172.31.40.0-255,66,125504,77,396314
1461,0.001263,74.125.68.0-255,4320,129824,77,396314
1462,0.001266,172.31.40.0-255,66,129890,77,396314
1463,0.001295,74.125.68.0-255,5020,134910,77,396314
1464,0.001329,172.31.40.0-255,66,134976,77,396314
1465,0.002282,74.125.68.0-255,1484,136460,77,396314
1466,0.002302,74.125.68.0-255,2902,139362,77,396314
1467,0.002306,172.31.40.0-255,66,139428,77,396314
1468,0.002312,74.125.68.0-255,2902,142330,77,396314
1469,0.002314,172.31.40.0-255,66,142396,77,396314
1470,0.002334,74.125.68.0-255,1484,143880,77,396314
1471,0.00234,74.125.68.0-255,4320,148200,77,396314
1472,0.002342,172.31.40.0-255,66,148266,77,396314
1473,0.004628,74.125.68.0-255,5738,154004,77,396314
1474,0.004635,172.31.40.0-255,66,154070,77,396314
1475,0.006921,74.125.68.0-255,5738,159808,77,396314
1476,0.006927,172.31.40.0-255,66,159874,77,396314
1477,0.00923,74.125.68.0-255,5738,165612,77,396314
1478,0.009238,172.31.40.0-255,66,165678,77,396314
1479,0.01154,74.125.68.0-255,5738,171416,77,396314
1480,0.011548,172.31.40.0-255,66,171482,77,396314
1481,0.013848,74.125.68.0-255,5738,177220,77,396314
1482,0.013856,172.31.40.0-255,66,177286,77,396314
1483,0.016157,74.125.68.0-255,5738,183024,77,396314
1484,0.016167,172.31.40.0-255,66,183090,77,396314
1485,0.018467,74.125.68.0-255,5738,188828,77,396314
1486,0.018475,172.31.40.0-255,66,188894,77,396314
1487,0.020782,74.125.68.0-255,5738,194632,77,396314
1488,0.020791,172.31.40.0-255,66,194698,77,396314
1489,0.023088,74.125.68.0-255,5738,200436,77,396314
1490,0.023094,172.31.40.0-255,66,200502,77,396314
1491,0.025394,74.125.68.0-255,5738,206240,77,396314
1492,0.025404,172.31.40.0-255,66,206306,77,396314
1493,0.027698,74.125.68.0-255,5738,212044,77,396314
1494,0.027706,172.31.40.0-255,66,212110,77,396314
1495,0.029517,172.31.40.0-255,172,212282,77,396314
1496,0.02955,172.31.40.0-255,1119,213401,77,396314
1497,0.029628,172.31.40.0-255,1514,214915,77,396314
1498,0.02963,172.31.40.0-255,1277,216192,77,396314
1499,0.030007,74.125.68.0-255,5738,221930,77,396314
1500,0.030015,172.31.40.0-255,66,221996,77,396314
1501,0.031086,104.244.42.0-255,66,222062,77,396314
1502,0.031095,104.244.42.0-255,66,222128,77,396314
1503,0.031175,104.244.42.0-255,66,222194,77,396314
1504,0.0323,74.125.68.0-255,5738,227932,77,396314
1505,0.032305,172.31.40.0-255,66,227998,77,396314
1506,0.034622,74.125.68.0-255,5738,233736,77,396314
1507,0.034629,172.31.40.0-255,66,233802,77,396314
1508,0.036929,74.125.68.0-255,5738,239540,77,396314
1509,0.036938,172.31.40.0-255,66,239606,77,396314
1510,0.039229,74.125.68.0-255,5738,245344,77,396314
1511,0.03924,172.31.40.0-255,66,245410,77,396314
1512,0.041541,74.125.68.0-255,5738,251148,77,396314
1513,0.041548,172.31.40.0-255,66,251214,77,396314
1514,0.043849,74.125.68.0-255,5738,256952,77,396314
1515,0.043856,172.31.40.0-255,66,257018,77,396314
1516,0.046177,74.125.68.0-255,5738,262756,77,396314
1517,0.0462,172.31.40.0-255,66,262822,77,396314
1518,0.04851,74.125.68.0-255,5738,268560,77,396314
1519,0.048525,172.31.40.0-255,66,268626,77,396314
1520,0.050839,74.125.68.0-255,5738,274364,77,396314
1521,0.050857,172.31.40.0-255,66,274430,77,396314
1522,0.053186,74.125.68.0-255,5738,280168,77,396314
1523,0.053204,172.31.40.0-255,66,280234,77,396314
1524,0.055515,74.125.68.0-255,5738,285972,77,396314
1525,0.055533,172.31.40.0-255,66,286038,77,396314
1526,0.05784,74.125.68.0-255,5738,291776,77,396314
1527,0.057856,172.31.40.0-255,66,291842,77,396314
1528,0.060174,74.125.68.0-255,5738,297580,77,396314
1529,0.060192,172.31.40.0-255,66,297646,77,396314
1530,0.062499,74.125.68.0-255,5738,303384,77,396314
1531,0.062513,172.31.40.0-255,66,303450,77,396314
1532,0.064822,74.125.68.0-255,5738,309188,77,396314
1533,0.064839,172.31.40.0-255,66,309254,77,396314
1534,0.067149,74.125.68.0-255,5738,314992,77,396314
1535,0.067166,172.31.40.0-255,66,315058,77,396314
1536,0.069482,74.125.68.0-255,5738,320796,77,396314
1537,0.0695,172.31.40.0-255,66,320862,77,396314
1538,0.071854,74.125.68.0-255,5738,326600,77,396314
1539,0.071871,172.31.40.0-255,66,326666,77,396314
1540,0.074172,74.125.68.0-255,5738,332404,77,396314
1541,0.074186,172.31.40.0-255,66,332470,77,396314
1542,0.076505,74.125.68.0-255,5738,338208,77,396314
1543,0.07652,172.31.40.0-255,66,338274,77,396314
1544,0.078826,74.125.68.0-255,5738,344012,77,396314
1545,0.078844,172.31.40.0-255,66,344078,77,396314
1546,0.081154,74.125.68.0-255,5738,349816,77,396314
1547,0.081172,172.31.40.0-255,66,349882,77,396314
1548,0.083478,74.125.68.0-255,5738,355620,77,396314
1549,0.083495,172.31.40.0-255,66,355686,77,396314
1550,0.085837,74.125.68.0-255,5738,361424,77,396314
1551,0.085854,172.31.40.0-255,66,361490,77,396314
1552,0.088164,74.125.68.0-255,5738,367228,77,396314
1553,0.08818,172.31.40.0-255,66,367294,77,396314
1554,0.090485,74.125.68.0-255,5738,373032,77,396314
1555,0.090495,172.31.40.0-255,66,373098,77,396314
1556,0.092818,74.125.68.0-255,5738,378836,77,396314
1557,0.092837,172.31.40.0-255,66,378902,77,396314
1558,0.09519,74.125.68.0-255,5738,384640,77,396314
1559,0.09521,172.31.40.0-255,66,384706,77,396314
1560,0.097513,74.125.68.0-255,5738,390444,77,396314
1561,0.097529,172.31.40.0-255,66,390510,77,396314
1562,0.099824,74.125.68.0-255,5738,396248,77,396314
1563,0.099831,172.31.40.0-255,66,396314,77,396314
1564,0.0,74.125.24.0-255,153,153,77,386536
1565,2.2e-05,172.31.40.0-255,66,219,77,386536
1566,2.9e-05,74.125.24.0-255,1484,1703,77,386536
1567,3.3e-05,172.31.40.0-255,66,1769,77,386536
1568,3.8e-05,74.125.24.0-255,2902,4671,77,386536
1569,4.1e-05,172.31.40.0-255,66,4737,77,386536
1570,4.8e-05,74.125.24.0-255,7156,11893,77,386536
1571,5.1e-05,172.31.40.0-255,66,11959,77,386536
1572,7.4e-05,74.125.24.0-255,2001,13960,77,386536
1573,7.6e-05,172.31.40.0-255,66,14026,77,386536
1574,0.000354,74.125.24.0-255,1484,15510,77,386536
1575,0.000359,172.31.40.0-255,66,15576,77,386536
1576,0.000364,74.125.24.0-255,2902,18478,77,386536
1577,0.000366,172.31.40.0-255,66,18544,77,386536
1578,0.000368,74.125.24.0-255,1484,20028,77,386536
1579,0.00037,172.31.40.0-255,66,20094,77,386536
1580,0.000394,74.125.24.0-255,4320,24414,77,386536
1581,0.000396,172.31.40.0-255,66,24480,77,386536
1582,0.000441,74.125.24.0-255,1484,25964,77,386536
1583,0.000444,172.31.40.0-255,66,26030,77,386536
1584,0.000466,74.125.24.0-255,5379,31409,77,386536
1585,0.000469,172.31.40.0-255,66,31475,77,386536
1586,0.000687,74.125.24.0-255,1484,32959,77,386536
1587,0.000691,172.31.40.0-255,66,33025,77,386536
1588,0.000698,74.125.24.0-255,2902,35927,77,386536
1589,0.0007,172.31.40.0-255,66,35993,77,386536
1590,0.000704,74.125.24.0-255,1484,37477,77,386536
1591,0.000705,172.31.40.0-255,66,37543,77,386536
1592,0.000723,74.125.24.0-255,4320,41863,77,386536
1593,0.000725,172.31.40.0-255,66,41929,77,386536
1594,0.000757,74.125.24.0-255,6797,48726,77,386536
1595,0.000759,172.31.40.0-255,66,48792,77,386536
1596,0.001118,74.125.24.0-255,1484,50276,77,386536
1597,0.001126,74.125.24.0-255,2902,53178,77,386536
1598,0.001129,172.31.40.0-255,66,53244,77,386536
1599,0.00114,74.125.24.0-255,1484,54728,77,386536
1600,0.001154,74.125.24.0-255,4320,59048,77,386536
1601,0.001157,172.31.40.0-255,66,59114,77,386536
1602,0.001185,74.125.24.0-255,2902,62016,77,386536
1603,0.001188,172.31.40.0-255,66,62082,77,386536
1604,0.001202,74.125.24.0-255,4304,66386,77,386536
1605,0.001205,172.31.40.0-255,66,66452,77,386536
1606,0.001256,74.125.24.0-255,333,66785,77,386536
1607,0.001528,74.125.24.0-255,1484,68269,77,386536
1608,0.00153,172.31.40.0-255,66,68335,77,386536
1609,0.001534,74.125.24.0-255,2902,71237,77,386536
1610,0.001537,172.31.40.0-255,66,71303,77,386536
1611,0.001549,74.125.24.0-255,2902,74205,77,386536
1612,0.001551,172.31.40.0-255,66,74271,77,386536
1613,0.001571,74.125.24.0-255,2902,77173,77,386536
1614,0.001573,172.31.40.0-255,66,77239,77,386536
1615,0.001598,74.125.24.0-255,9633,86872,77,386536
1616,0.0016,172.31.40.0-255,66,86938,77,386536
1617,0.001607,74.125.24.0-255,7156,94094,77,386536
1618,0.001609,172.31.40.0-255,66,94160,77,386536
1619,0.001622,74.125.24.0-255,2902,97062,77,386536
1620,0.001624,172.31.40.0-255,66,97128,77,386536
1621,0.001629,74.125.24.0-255,3961,101089,77,386536
1622,0.001631,172.31.40.0-255,66,101155,77,386536
1623,0.002054,74.125.24.0-255,1484,102639,77,386536
1624,0.002066,74.125.24.0-255,1484,104123,77,386536
1625,0.002068,172.31.40.0-255,66,104189,77,386536
1626,0.003686,74.125.24.0-255,2902,107091,77,386536
1627,0.00369,172.31.40.0-255,66,107157,77,386536
1628,0.004124,74.125.24.0-255,2902,110059,77,386536
1629,0.004127,172.31.40.0-255,66,110125,77,386536
1630,0.005748,74.125.24.0-255,2902,113027,77,386536
1631,0.005756,172.31.40.0-255,66,113093,77,386536
1632,0.006182,74.125.24.0-255,2902,115995,77,386536
1633,0.006188,172.31.40.0-255,66,116061,77,386536
1634,0.007808,74.125.24.0-255,2902,118963,77,386536
1635,0.007815,172.31.40.0-255,66,119029,77,386536
1636,0.008218,74.125.24.0-255,2902,121931,77,386536
1637,0.008224,172.31.40.0-255,66,121997,77,386536
1638,0.009841,74.125.24.0-255,2902,124899,77,386536
1639,0.009848,172.31.40.0-255,66,124965,77,386536
1640,0.010275,74.125.24.0-255,2902,127867,77,386536
1641,0.01028,172.31.40.0-255,66,127933,77,386536
1642,0.011894,74.125.24.0-255,2902,130835,77,386536
1643,0.011902,172.31.40.0-255,66,130901,77,386536
1644,0.012315,74.125.24.0-255,2902,133803,77,386536
1645,0.012319,172.31.40.0-255,66,133869,77,386536
1646,0.013931,74.125.24.0-255,2902,136771,77,386536
1647,0.013938,172.31.40.0-255,66,136837,77,386536
1648,0.014379,74.125.24.0-255,2902,139739,77,386536
1649,0.014384,172.31.40.0-255,66,139805,77,386536
1650,0.016001,74.125.24.0-255,2902,142707,77,386536
1651,0.016009,172.31.40.0-255,66,142773,77,386536
1652,0.016435,74.125.24.0-255,2902,145675,77,386536
1653,0.016441,172.31.40.0-255,66,145741,77,386536
1654,0.01808,74.125.24.0-255,2902,148643,77,386536
1655,0.01809,172.31.40.0-255,66,148709,77,386536
1656,0.018484,74.125.24.0-255,2902,151611,77,386536
1657,0.018491,172.31.40.0-255,66,151677,77,386536
1658,0.02013,74.125.24.0-255,2902,154579,77,386536
1659,0.020136,172.31.40.0-255,66,154645,77,386536
1660,0.020563,74.125.24.0-255,2902,157547,77,386536
1661,0.020568,172.31.40.0-255,66,157613,77,386536
1662,0.022194,74.125.24.0-255,2902,160515,77,386536
1663,0.022201,172.31.40.0-255,66,160581,77,386536
1664,0.022621,74.125.24.0-255,2902,163483,77,386536
1665,0.022627,172.31.40.0-255,66,163549,77,386536
1666,0.024255,74.125.24.0-255,2902,166451,77,386536
1667,0.024263,172.31.40.0-255,66,166517,77,386536
1668,0.024678,74.125.24.0-255,2902,169419,77,386536
1669,0.024684,172.31.40.0-255,66,169485,77,386536
1670,0.026331,74.125.24.0-255,2902,172387,77,386536
1671,0.026338,172.31.40.0-255,66,172453,77,386536
1672,0.026715,74.125.24.0-255,2902,175355,77,386536
1673,0.026722,172.31.40.0-255,66,175421,77,386536
1674,0.028384,74.125.24.0-255,2902,178323,77,386536
1675,0.02839,172.31.40.0-255,66,178389,77,386536
1676,0.028737,172.31.40.0-255,172,178561,77,386536
1677,0.028763,172.31.40.0-255,1119,179680,77,386536
1678,0.028773,74.125.24.0-255,2902,182582,77,386536
1679,0.028777,172.31.40.0-255,66,182648,77,386536
1680,0.028867,172.31.40.0-255,1514,184162,77,386536
1681,0.028869,172.31.40.0-255,1276,185438,77,386536
1682,0.030345,104.244.42.0-255,66,185504,77,386536
1683,0.030374,104.244.42.0-255,66,185570,77,386536
1684,0.030445,104.244.42.0-255,66,185636,77,386536
1685,0.030457,74.125.24.0-255,2902,188538,77,386536
1686,0.030461,172.31.40.0-255,66,188604,77,386536
1687,0.030818,74.125.24.0-255,2902,191506,77,386536
1688,0.030823,172.31.40.0-255,66,191572,77,386536
1689,0.032508,74.125.24.0-255,2902,194474,77,386536
1690,0.032513,172.31.40.0-255,66,194540,77,386536
1691,0.032853,74.125.24.0-255,2902,197442,77,386536
1692,0.032858,172.31.40.0-255,66,197508,77,386536
1693,0.034601,74.125.24.0-255,2902,200410,77,386536
1694,0.034607,172.31.40.0-255,66,200476,77,386536
1695,0.034881,74.125.24.0-255,2902,203378,77,386536
1696,0.034887,172.31.40.0-255,66,203444,77,386536
1697,0.03668,74.125.24.0-255,2902,206346,77,386536
1698,0.036686,172.31.40.0-255,66,206412,77,386536
1699,0.036936,74.125.24.0-255,2902,209314,77,386536
1700,0.036941,172.31.40.0-255,66,209380,77,386536
1701,0.038748,74.125.24.0-255,2902,212282,77,386536
1702,0.038754,172.31.40.0-255,66,212348,77,386536
1703,0.039011,74.125.24.0-255,2902,215250,77,386536
1704,0.039017,172.31.40.0-255,66,215316,77,386536
1705,0.040839,74.125.24.0-255,2902,218218,77,386536
1706,0.040849,172.31.40.0-255,66,218284,77,386536
1707,0.041087,74.125.24.0-255,2902,221186,77,386536
1708,0.041093,172.31.40.0-255,66,221252,77,386536
1709,0.042894,74.125.24.0-255,2902,224154,77,386536
1710,0.042899,172.31.40.0-255,66,224220,77,386536
1711,0.043122,74.125.24.0-255,2902,227122,77,386536
1712,0.043127,172.31.40.0-255,66,227188,77,386536
1713,0.044932,74.125.24.0-255,2902,230090,77,386536
1714,0.044938,172.31.40.0-255,66,230156,77,386536
1715,0.045178,74.125.24.0-255,2902,233058,77,386536
1716,0.045184,172.31.40.0-255,66,233124,77,386536
1717,0.047022,74.125.24.0-255,2902,236026,77,386536
1718,0.047027,172.31.40.0-255,66,236092,77,386536
1719,0.047246,74.125.24.0-255,2902,238994,77,386536
1720,0.04725,172.31.40.0-255,66,239060,77,386536
1721,0.049108,74.125.24.0-255,2902,241962,77,386536
1722,0.049119,172.31.40.0-255,66,242028,77,386536
1723,0.049298,74.125.24.0-255,2902,244930,77,386536
1724,0.049303,172.31.40.0-255,66,244996,77,386536
1725,0.051164,74.125.24.0-255,2902,247898,77,386536
1726,0.051169,172.31.40.0-255,66,247964,77,386536
1727,0.051335,74.125.24.0-255,2902,250866,77,386536
1728,0.05134,172.31.40.0-255,66,250932,77,386536
1729,0.053217,74.125.24.0-255,2902,253834,77,386536
1730,0.053224,172.31.40.0-255,66,253900,77,386536
1731,0.053406,74.125.24.0-255,2902,256802,77,386536
1732,0.053412,172.31.40.0-255,66,256868,77,386536
1733,0.055266,74.125.24.0-255,2902,259770,77,386536
1734,0.055273,172.31.40.0-255,66,259836,77,386536
1735,0.055444,74.125.24.0-255,2902,262738,77,386536
1736,0.05545,172.31.40.0-255,66,262804,77,386536
1737,0.057325,74.125.24.0-255,2902,265706,77,386536
1738,0.057332,172.31.40.0-255,66,265772,77,386536
1739,0.057475,74.125.24.0-255,2902,268674,77,386536
1740,0.05748,172.31.40.0-255,66,268740,77,386536
1741,0.059399,74.125.24.0-255,2902,271642,77,386536
1742,0.059405,172.31.40.0-255,66,271708,77,386536
1743,0.059527,74.125.24.0-255,2902,274610,77,386536
1744,0.059531,172.31.40.0-255,66,274676,77,386536
1745,0.061457,74.125.24.0-255,2902,277578,77,386536
1746,0.061464,172.31.40.0-255,66,277644,77,386536
1747,0.061561,74.125.24.0-255,2902,280546,77,386536
1748,0.061568,172.31.40.0-255,66,280612,77,386536
1749,0.063501,74.125.24.0-255,2902,283514,77,386536
1750,0.063507,172.31.40.0-255,66,283580,77,386536
1751,0.063593,74.125.24.0-255,2902,286482,77,386536
1752,0.063597,172.31.40.0-255,66,286548,77,386536
1753,0.06556,74.125.24.0-255,2902,289450,77,386536
1754,0.065566,172.31.40.0-255,66,289516,77,386536
1755,0.065616,74.125.24.0-255,2902,292418,77,386536
1756,0.065619,172.31.40.0-255,66,292484,77,386536
1757,0.067605,74.125.24.0-255,2902,295386,77,386536
1758,0.067621,172.31.40.0-255,66,295452,77,386536
1759,0.067646,74.125.24.0-255,2902,298354,77,386536
1760,0.067652,172.31.40.0-255,66,298420,77,386536
1761,0.069682,74.125.24.0-255,2902,301322,77,386536
1762,0.069689,172.31.40.0-255,66,301388,77,386536
1763,0.069721,74.125.24.0-255,2902,304290,77,386536
1764,0.069724,172.31.40.0-255,66,304356,77,386536
1765,0.071736,74.125.24.0-255,2902,307258,77,386536
1766,0.071741,172.31.40.0-255,66,307324,77,386536
1767,0.071769,74.125.24.0-255,2902,310226,77,386536
1768,0.071771,172.31.40.0-255,66,310292,77,386536
1769,0.073782,74.125.24.0-255,2902,313194,77,386536
1770,0.073789,172.31.40.0-255,66,313260,77,386536
1771,0.073819,74.125.24.0-255,2902,316162,77,386536
1772,0.073822,172.31.40.0-255,66,316228,77,386536
1773,0.075832,74.125.24.0-255,2902,319130,77,386536
1774,0.075838,172.31.40.0-255,66,319196,77,386536
1775,0.075882,74.125.24.0-255,2902,322098,77,386536
1776,0.075885,172.31.40.0-255,66,322164,77,386536
1777,0.077882,74.125.24.0-255,2902,325066,77,386536
1778,0.077887,172.31.40.0-255,66,325132,77,386536
1779,0.077926,74.125.24.0-255,2902,328034,77,386536
1780,0.077929,172.31.40.0-255,66,328100,77,386536
1781,0.079943,74.125.24.0-255,2902,331002,77,386536
1782,0.079949,172.31.40.0-255,66,331068,77,386536
1783,0.079979,74.125.24.0-255,2902,333970,77,386536
1784,0.079982,172.31.40.0-255,66,334036,77,386536
1785,0.082014,74.125.24.0-255,2902,336938,77,386536
1786,0.08202,172.31.40.0-255,66,337004,77,386536
1787,0.082051,74.125.24.0-255,2902,339906,77,386536
1788,0.082054,172.31.40.0-255,66,339972,77,386536
1789,0.084066,74.125.24.0-255,2902,342874,77,386536
1790,0.084073,172.31.40.0-255,66,342940,77,386536
1791,0.084093,74.125.24.0-255,2902,345842,77,386536
1792,0.084096,172.31.40.0-255,66,345908,77,386536
1793,0.086134,74.125.24.0-255,5738,351646,77,386536
1794,0.08614,172.31.40.0-255,66,351712,77,386536
1795,0.088191,74.125.24.0-255,5738,357450,77,386536
1796,0.088197,172.31.40.0-255,66,357516,77,386536
1797,0.090263,74.125.24.0-255,5738,363254,77,386536
1798,0.090269,172.31.40.0-255,66,363320,77,386536
1799,0.09231,74.125.24.0-255,5738,369058,77,386536
1800,0.092317,172.31.40.0-255,66,369124,77,386536
1801,0.094349,74.125.24.0-255,5738,374862,77,386536
1802,0.094356,172.31.40.0-255,66,374928,77,386536
1803,0.096454,74.125.24.0-255,5738,380666,77,386536
1804,0.096461,172.31.40.0-255,66,380732,77,386536
1805,0.098559,74.125.24.0-255,5738,386470,77,386536
1806,0.098565,172.31.40.0-255,66,386536,77,386536
1807,0.0,74.125.200.0-255,155,155,77,418353
1808,2.3e-05,172.31.40.0-255,66,221,77,418353
1809,3e-05,74.125.200.0-255,1484,1705,77,418353
1810,3.4e-05,172.31.40.0-255,66,1771,77,418353
1811,4e-05,74.125.200.0-255,2902,4673,77,418353
1812,4.2e-05,172.31.40.0-255,66,4739,77,418353
1813,4.9e-05,74.125.200.0-255,5738,10477,77,418353
1814,5.4e-05,172.31.40.0-255,66,10543,77,418353
1815,8e-05,74.125.200.0-255,3448,13991,77,418353
1816,8.3e-05,172.31.40.0-255,66,14057,77,418353
1817,0.000135,74.125.200.0-255,1484,15541,77,418353
1818,0.000138,172.31.40.0-255,66,15607,77,418353
1819,0.000151,74.125.200.0-255,2902,18509,77,418353
1820,0.000154,172.31.40.0-255,66,18575,77,418353
1821,0.000172,74.125.200.0-255,1484,20059,77,418353
1822,0.000174,172.31.40.0-255,66,20125,77,418353
1823,0.000186,74.125.200.0-255,2902,23027,77,418353
1824,0.000188,172.31.40.0-255,66,23093,77,418353
1825,0.000204,74.125.200.0-255,5738,28831,77,418353
1826,0.000206,172.31.40.0-255,66,28897,77,418353
1827,0.00021,74.125.200.0-255,2543,31440,77,418353
1828,0.000213,172.31.40.0-255,66,31506,77,418353
1829,0.000319,74.125.200.0-255,1484,32990,77,418353
1830,0.000323,172.31.40.0-255,66,33056,77,418353
1831,0.000329,74.125.200.0-255,2902,35958,77,418353
1832,0.000332,172.31.40.0-255,66,36024,77,418353
1833,0.000335,74.125.200.0-255,1484,37508,77,418353
1834,0.000337,172.31.40.0-255,66,37574,77,418353
1835,0.000354,74.125.200.0-255,4320,41894,77,418353
1836,0.000356,172.31.40.0-255,66,41960,77,418353
1837,0.000359,74.125.200.0-255,1484,43444,77,418353
1838,0.000361,172.31.40.0-255,66,43510,77,418353
1839,0.000381,74.125.200.0-255,2902,46412,77,418353
1840,0.000384,172.31.40.0-255,66,46478,77,418353
1841,0.00039,74.125.200.0-255,5379,51857,77,418353
1842,0.000392,172.31.40.0-255,66,51923,77,418353
1843,0.000417,74.125.200.0-255,2902,54825,77,418353
1844,0.000419,172.31.40.0-255,66,54891,77,418353
1845,0.000438,74.125.200.0-255,7156,62047,77,418353
1846,0.000441,172.31.40.0-255,66,62113,77,418353
1847,0.000465,74.125.200.0-255,4273,66386,77,418353
1848,0.000468,172.31.40.0-255,66,66452,77,418353
1849,0.000513,74.125.200.0-255,345,66797,77,418353
1850,0.000629,74.125.200.0-255,1484,68281,77,418353
1851,0.000633,172.31.40.0-255,66,68347,77,418353
1852,0.000639,74.125.200.0-255,2902,71249,77,418353
1853,0.000641,172.31.40.0-255,66,71315,77,418353
1854,0.000659,74.125.200.0-255,5738,77053,77,418353
1855,0.000661,172.31.40.0-255,66,77119,77,418353
1856,0.000665,74.125.200.0-255,2902,80021,77,418353
1857,0.000668,172.31.40.0-255,66,80087,77,418353
1858,0.000685,74.125.200.0-255,1484,81571,77,418353
1859,0.000716,74.125.200.0-255,2543,84114,77,418353
1860,0.000721,172.31.40.0-255,66,84180,77,418353
1861,0.000757,74.125.200.0-255,2902,87082,77,418353
1862,0.00076,172.31.40.0-255,66,87148,77,418353
1863,0.000764,74.125.200.0-255,1484,88632,77,418353
1864,0.00078,74.125.200.0-255,2902,91534,77,418353
1865,0.000785,172.31.40.0-255,66,91600,77,418353
1866,0.000796,74.125.200.0-255,5738,97338,77,418353
1867,0.000798,172.31.40.0-255,66,97404,77,418353
1868,0.000816,74.125.200.0-255,1484,98888,77,418353
1869,0.000828,74.125.200.0-255,2543,101431,77,418353
1870,0.000831,172.31.40.0-255,66,101497,77,418353
1871,0.001199,74.125.200.0-255,1484,102981,77,418353
1872,0.001207,74.125.200.0-255,2902,105883,77,418353
1873,0.00121,172.31.40.0-255,66,105949,77,418353
1874,0.001217,74.125.200.0-255,4320,110269,77,418353
1875,0.001219,172.31.40.0-255,66,110335,77,418353
1876,0.001233,74.125.200.0-255,1484,111819,77,418353
1877,0.001237,74.125.200.0-255,2902,114721,77,418353
1878,0.00124,172.31.40.0-255,66,114787,77,418353
1879,0.001255,74.125.200.0-255,2902,117689,77,418353
1880,0.001257,172.31.40.0-255,66,117755,77,418353
1881,0.001278,74.125.200.0-255,7156,124911,77,418353
1882,0.001281,172.31.40.0-255,66,124977,77,418353
1883,0.001316,74.125.200.0-255,8574,133551,77,418353
1884,0.001318,172.31.40.0-255,66,133617,77,418353
1885,0.001338,74.125.200.0-255,2184,135801,77,418353
1886,0.001341,172.31.40.0-255,66,135867,77,418353
1887,0.003269,74.125.200.0-255,2902,138769,77,418353
1888,0.003276,172.31.40.0-255,66,138835,77,418353
1889,0.003297,74.125.200.0-255,2902,141737,77,418353
1890,0.0033,172.31.40.0-255,66,141803,77,418353
1891,0.00525,74.125.200.0-255,5738,147541,77,418353
1892,0.005253,172.31.40.0-255,66,147607,77,418353
1893,0.007214,74.125.200.0-255,5738,153345,77,418353
1894,0.00722,172.31.40.0-255,66,153411,77,418353
1895,0.009176,74.125.200.0-255,5738,159149,77,418353
1896,0.009184,172.31.40.0-255,66,159215,77,418353
1897,0.01114,74.125.200.0-255,5738,164953,77,418353
1898,0.011147,172.31.40.0-255,66,165019,77,418353
1899,0.013105,74.125.200.0-255,5738,170757,77,418353
1900,0.013112,172.31.40.0-255,66,170823,77,418353
1901,0.015077,74.125.200.0-255,5738,176561,77,418353
1902,0.015086,172.31.40.0-255,66,176627,77,418353
1903,0.017047,74.125.200.0-255,5738,182365,77,418353
1904,0.017054,172.31.40.0-255,66,182431,77,418353
1905,0.019028,74.125.200.0-255,5738,188169,77,418353
1906,0.019035,172.31.40.0-255,66,188235,77,418353
1907,0.020996,74.125.200.0-255,5738,193973,77,418353
1908,0.021004,172.31.40.0-255,66,194039,77,418353
1909,0.022966,74.125.200.0-255,5738,199777,77,418353
1910,0.022973,172.31.40.0-255,66,199843,77,418353
1911,0.024936,74.125.200.0-255,5738,205581,77,418353
1912,0.024943,172.31.40.0-255,66,205647,77,418353
1913,0.026899,74.125.200.0-255,5738,211385,77,418353
1914,0.026905,172.31.40.0-255,66,211451,77,418353
1915,0.028872,74.125.200.0-255,5738,217189,77,418353
1916,0.028881,172.31.40.0-255,66,217255,77,418353
1917,0.030846,74.125.200.0-255,5738,222993,77,418353
1918,0.030853,172.31.40.0-255,66,223059,77,418353
1919,0.031033,172.31.40.0-255,172,223231,77,418353
1920,0.031063,172.31.40.0-255,562,223793,77,418353
1921,0.032827,74.125.200.0-255,5738,229531,77,418353
1922,0.032834,172.31.40.0-255,66,229597,77,418353
1923,0.033192,104.244.42.0-255,66,229663,77,418353
1924,0.034801,74.125.200.0-255,5738,235401,77,418353
1925,0.034807,172.31.40.0-255,66,235467,77,418353
1926,0.036771,74.125.200.0-255,5738,241205,77,418353
1927,0.036779,172.31.40.0-255,66,241271,77,418353
1928,0.03877,74.125.200.0-255,5738,247009,77,418353
1929,0.038776,172.31.40.0-255,66,247075,77,418353
1930,0.040752,74.125.200.0-255,5738,252813,77,418353
1931,0.040762,172.31.40.0-255,66,252879,77,418353
1932,0.042734,74.125.200.0-255,5738,258617,77,418353
1933,0.042754,172.31.40.0-255,66,258683,77,418353
1934,0.04472,74.125.200.0-255,5738,264421,77,418353
1935,0.044732,172.31.40.0-255,66,264487,77,418353
1936,0.046704,74.125.200.0-255,5738,270225,77,418353
1937,0.046718,172.31.40.0-255,66,270291,77,418353
1938,0.048689,74.125.200.0-255,5738,276029,77,418353
1939,0.048704,172.31.40.0-255,66,276095,77,418353
1940,0.050686,74.125.200.0-255,5738,281833,77,418353
1941,0.050701,172.31.40.0-255,66,281899,77,418353
1942,0.052678,74.125.200.0-255,5738,287637,77,418353
1943,0.052689,172.31.40.0-255,66,287703,77,418353
1944,0.054671,74.125.200.0-255,5738,293441,77,418353
1945,0.054688,172.31.40.0-255,66,293507,77,418353
1946,0.05667,74.125.200.0-255,5738,299245,77,418353
1947,0.056684,172.31.40.0-255,66,299311,77,418353
1948,0.058666,74.125.200.0-255,5738,305049,77,418353
1949,0.058683,172.31.40.0-255,66,305115,77,418353
1950,0.06065,74.125.200.0-255,5738,310853,77,418353
1951,0.060665,172.31.40.0-255,66,310919,77,418353
1952,0.062655,74.125.200.0-255,5738,316657,77,418353
1953,0.062669,172.31.40.0-255,66,316723,77,418353
1954,0.064681,74.125.200.0-255,5738,322461,77,418353
1955,0.064695,172.31.40.0-255,66,322527,77,418353
1956,0.066667,74.125.200.0-255,5738,328265,77,418353
1957,0.066682,172.31.40.0-255,66,328331,77,418353
1958,0.068651,74.125.200.0-255,5738,334069,77,418353
1959,0.068666,172.31.40.0-255,66,334135,77,418353
1960,0.070645,74.125.200.0-255,5738,339873,77,418353
1961,0.070658,172.31.40.0-255,66,339939,77,418353
1962,0.072661,74.125.200.0-255,5738,345677,77,418353
1963,0.072674,172.31.40.0-255,66,345743,77,418353
1964,0.074659,74.125.200.0-255,5738,351481,77,418353
1965,0.074673,172.31.40.0-255,66,351547,77,418353
1966,0.076661,74.125.200.0-255,5738,357285,77,418353
1967,0.076675,172.31.40.0-255,66,357351,77,418353
1968,0.078669,74.125.200.0-255,5738,363089,77,418353
1969,0.078683,172.31.40.0-255,66,363155,77,418353
1970,0.080653,74.125.200.0-255,5738,368893,77,418353
1971,0.080666,172.31.40.0-255,66,368959,77,418353
1972,0.082637,74.125.200.0-255,5738,374697,77,418353
1973,0.08265,172.31.40.0-255,66,374763,77,418353
1974,0.084629,74.125.200.0-255,5738,380501,77,418353
1975,0.084643,172.31.40.0-255,66,380567,77,418353
1976,0.086618,74.125.200.0-255,5738,386305,77,418353
1977,0.086631,172.31.40.0-255,66,386371,77,418353
1978,0.088609,74.125.200.0-255,5738,392109,77,418353
1979,0.088618,172.31.40.0-255,66,392175,77,418353
1980,0.090601,74.125.200.0-255,5738,397913,77,418353
1981,0.090617,172.31.40.0-255,66,397979,77,418353
1982,0.092603,74.125.200.0-255,5738,403717,77,418353
1983,0.092617,172.31.40.0-255,66,403783,77,418353
1984,0.09459,74.125.200.0-255,5738,409521,77,418353
1985,0.094605,172.31.40.0-255,66,409587,77,418353
1986,0.096565,74.125.200.0-255,5738,415325,77,418353
1987,0.096579,172.31.40.0-255,66,415391,77,418353
1988,0.098556,74.125.200.0-255,2791,418182,77,418353
1989,0.09857,172.31.40.0-255,66,418248,77,418353
1990,0.098823,172.31.40.0-255,105,418353,77,418353
1991,0.0,74.125.24.0-255,153,153,77,418453
1992,2.4e-05,172.31.40.0-255,66,219,77,418453
1993,3.1e-05,74.125.24.0-255,1484,1703,77,418453
1994,3.5e-05,172.31.40.0-255,66,1769,77,418453
1995,4.1e-05,74.125.24.0-255,2902,4671,77,418453
1996,4.4e-05,172.31.40.0-255,66,4737,77,418453
1997,4.7e-05,74.125.24.0-255,1484,6221,77,418453
1998,4.9e-05,172.31.40.0-255,66,6287,77,418453
1999,5.4e-05,74.125.24.0-255,2902,9189,77,418453
2000,5.7e-05,172.31.40.0-255,66,9255,77,418453
2001,9.5e-05,74.125.24.0-255,4935,14190,77,418453
2002,9.8e-05,172.31.40.0-255,66,14256,77,418453
2003,0.000352,74.125.24.0-255,1484,15740,77,418453
2004,0.000357,172.31.40.0-255,66,15806,77,418453
2005,0.000364,74.125.24.0-255,2902,18708,77,418453
2006,0.000366,172.31.40.0-255,66,18774,77,418453
2007,0.000373,74.125.24.0-255,5738,24512,77,418453
2008,0.000376,172.31.40.0-255,66,24578,77,418453
2009,0.00038,74.125.24.0-255,2902,27480,77,418453
2010,0.000382,172.31.40.0-255,66,27546,77,418453
2011,0.00043,74.125.24.0-255,5738,33284,77,418453
2012,0.000433,172.31.40.0-255,66,33350,77,418453
2013,0.000459,74.125.24.0-255,5379,38729,77,418453
2014,0.000465,74.125.24.0-255,7156,45885,77,418453
2015,0.000469,172.31.40.0-255,66,45951,77,418453
2016,0.000472,172.31.40.0-255,66,46017,77,418453
2017,0.000486,74.125.24.0-255,2543,48560,77,418453
2018,0.000488,172.31.40.0-255,66,48626,77,418453
2019,0.000509,74.125.24.0-255,1484,50110,77,418453
2020,0.000511,172.31.40.0-255,66,50176,77,418453
2021,0.000533,74.125.24.0-255,1484,51660,77,418453
2022,0.000535,172.31.40.0-255,66,51726,77,418453
2023,0.000543,74.125.24.0-255,7156,58882,77,418453
2024,0.00055,74.125.24.0-255,4320,63202,77,418453
2025,0.000571,172.31.40.0-255,66,63268,77,418453
2026,0.000592,74.125.24.0-255,2851,66119,77,418453
2027,0.000609,172.31.40.0-255,66,66185,77,418453
2028,0.000905,74.125.24.0-255,346,66531,77,418453
2029,0.001009,172.31.40.0-255,101,66632,77,418453
2030,0.00104,74.125.24.0-255,1484,68116,77,418453
2031,0.001047,74.125.24.0-255,2902,71018,77,418453
2032,0.001053,74.125.24.0-255,5738,76756,77,418453
2033,0.001062,74.125.24.0-255,8574,85330,77,418453
2034,0.001073,74.125.24.0-255,9992,95322,77,418453
2035,0.001079,74.125.24.0-255,5020,100342,77,418453
2036,0.001098,172.31.40.0-255,66,100408,77,418453
2037,0.001129,74.125.24.0-255,1484,101892,77,418453
2038,0.001133,74.125.24.0-255,2902,104794,77,418453
2039,0.001137,74.125.24.0-255,2902,107696,77,418453
2040,0.001141,172.31.40.0-255,66,107762,77,418453
2041,0.001167,74.125.24.0-255,2902,110664,77,418453
2042,0.001176,74.125.24.0-255,7156,117820,77,418453
2043,0.001183,74.125.24.0-255,4320,122140,77,418453
2044,0.0012,172.31.40.0-255,66,122206,77,418453
2045,0.001217,74.125.24.0-255,9992,132198,77,418453
2046,0.001222,74.125.24.0-255,2184,134382,77,418453
2047,0.001243,74.125.24.0-255,5738,140120,77,418453
2048,0.001251,172.31.40.0-255,66,140186,77,418453
2049,0.001266,74.125.24.0-255,9992,150178,77,418453
2050,0.001272,172.31.40.0-255,66,150244,77,418453
2051,0.001292,74.125.24.0-255,2902,153146,77,418453
2052,0.001301,74.125.24.0-255,8574,161720,77,418453
2053,0.001309,74.125.24.0-255,6438,168158,77,418453
2054,0.001314,172.31.40.0-255,66,168224,77,418453
2055,0.001485,74.125.24.0-255,1484,169708,77,418453
2056,0.001491,74.125.24.0-255,2902,172610,77,418453
2057,0.001502,172.31.40.0-255,66,172676,77,418453
2058,0.001506,74.125.24.0-255,1484,174160,77,418453
2059,0.001524,74.125.24.0-255,4320,178480,77,418453
2060,0.001532,172.31.40.0-255,66,178546,77,418453
2061,0.001566,74.125.24.0-255,12828,191374,77,418453
2062,0.001572,74.125.24.0-255,5738,197112,77,418453
2063,0.001625,74.125.24.0-255,5020,202132,77,418453
2064,0.001629,74.125.24.0-255,2902,205034,77,418453
2065,0.001641,172.31.40.0-255,66,205100,77,418453
2066,0.001646,74.125.24.0-255,2902,208002,77,418453
2067,0.001651,172.31.40.0-255,66,208068,77,418453
2068,0.001664,74.125.24.0-255,5738,213806,77,418453
2069,0.00168,74.125.24.0-255,1484,215290,77,418453
2070,0.001716,74.125.24.0-255,8574,223864,77,418453
2071,0.001727,74.125.24.0-255,9992,233856,77,418453
2072,0.001745,74.125.24.0-255,2184,236040,77,418453
2073,0.001752,172.31.40.0-255,66,236106,77,418453
2074,0.00186,74.125.24.0-255,1484,237590,77,418453
2075,0.001879,74.125.24.0-255,2902,240492,77,418453
2076,0.00189,172.31.40.0-255,66,240558,77,418453
2077,0.001908,74.125.24.0-255,5738,246296,77,418453
2078,0.001912,74.125.24.0-255,2902,249198,77,418453
2079,0.001927,74.125.24.0-255,1484,250682,77,418453
2080,0.001934,172.31.40.0-255,66,250748,77,418453
2081,0.001946,74.125.24.0-255,2902,253650,77,418453
2082,0.001968,74.125.24.0-255,7156,260806,77,418453
2083,0.00198,74.125.24.0-255,1484,262290,77,418453
2084,0.001986,74.125.24.0-255,4320,266610,77,418453
2085,0.001993,172.31.40.0-255,66,266676,77,418453
2086,0.00201,74.125.24.0-255,3602,270278,77,418453
2087,0.002028,172.31.40.0-255,66,270344,77,418453
2088,0.00207,74.125.24.0-255,1484,271828,77,418453
2089,0.002091,74.125.24.0-255,2902,274730,77,418453
2090,0.002096,172.31.40.0-255,66,274796,77,418453
2091,0.002105,74.125.24.0-255,2902,277698,77,418453
2092,0.002122,74.125.24.0-255,2902,280600,77,418453
2093,0.002128,74.125.24.0-255,5738,286338,77,418453
2094,0.002136,172.31.40.0-255,66,286404,77,418453
2095,0.002151,74.125.24.0-255,4320,290724,77,418453
2096,0.002156,74.125.24.0-255,2902,293626,77,418453
2097,0.00217,172.31.40.0-255,66,293692,77,418453
2098,0.002187,74.125.24.0-255,10692,304384,77,418453
2099,0.002192,172.31.40.0-255,66,304450,77,418453
2100,0.003405,74.125.24.0-255,66,304516,77,418453
2101,0.004494,74.125.24.0-255,5738,310254,77,418453
2102,0.004502,172.31.40.0-255,66,310320,77,418453
2103,0.006819,74.125.24.0-255,5738,316058,77,418453
2104,0.013486,74.125.24.0-255,1484,317542,77,418453
2105,0.014185,172.31.40.0-255,66,317608,77,418453
2106,0.016496,74.125.24.0-255,5738,323346,77,418453
2107,0.016514,172.31.40.0-255,66,323412,77,418453
2108,0.01884,74.125.24.0-255,5738,329150,77,418453
2109,0.02181,172.31.40.0-255,66,329216,77,418453
2110,0.024178,74.125.24.0-255,5738,334954,77,418453
2111,0.024194,172.31.40.0-255,66,335020,77,418453
2112,0.02653,74.125.24.0-255,5738,340758,77,418453
2113,0.028186,172.31.40.0-255,66,340824,77,418453
2114,0.030509,74.125.24.0-255,5738,346562,77,418453
2115,0.030525,172.31.40.0-255,66,346628,77,418453
2116,0.032874,74.125.24.0-255,5738,352366,77,418453
2117,0.032889,172.31.40.0-255,66,352432,77,418453
2118,0.03524,74.125.24.0-255,5738,358170,77,418453
2119,0.03525,172.31.40.0-255,66,358236,77,418453
2120,0.037578,74.125.24.0-255,5738,363974,77,418453
2121,0.037589,172.31.40.0-255,66,364040,77,418453
2122,0.03993,74.125.24.0-255,5738,369778,77,418453
2123,0.039939,172.31.40.0-255,66,369844,77,418453
2124,0.042238,74.125.24.0-255,5738,375582,77,418453
2125,0.04225,172.31.40.0-255,66,375648,77,418453
2126,0.044638,74.125.24.0-255,5738,381386,77,418453
2127,0.044648,172.31.40.0-255,66,381452,77,418453
2128,0.04697,74.125.24.0-255,5738,387190,77,418453
2129,0.046988,172.31.40.0-255,66,387256,77,418453
2130,0.049318,74.125.24.0-255,5738,392994,77,418453
2131,0.049333,172.31.40.0-255,66,393060,77,418453
2132,0.051669,74.125.24.0-255,5738,398798,77,418453
2133,0.051687,172.31.40.0-255,66,398864,77,418453
2134,0.05384,172.31.40.0-255,172,399036,77,418453
2135,0.053874,172.31.40.0-255,1121,400157,77,418453
2136,0.053937,172.31.40.0-255,1514,401671,77,418453
2137,0.053939,172.31.40.0-255,1514,403185,77,418453
2138,0.05394,172.31.40.0-255,755,403940,77,418453
2139,0.053988,74.125.24.0-255,5738,409678,77,418453
2140,0.053993,172.31.40.0-255,66,409744,77,418453
2141,0.055372,104.244.42.0-255,66,409810,77,418453
2142,0.055399,104.244.42.0-255,66,409876,77,418453
2143,0.055501,104.244.42.0-255,66,409942,77,418453
2144,0.055505,104.244.42.0-255,66,410008,77,418453
2145,0.056321,74.125.24.0-255,5738,415746,77,418453
2146,0.056333,172.31.40.0-255,66,415812,77,418453
2147,0.058672,74.125.24.0-255,2404,418216,77,418453
2148,0.058693,172.31.40.0-255,66,418282,77,418453
2149,0.059003,172.31.40.0-255,105,418387,77,418453
2150,0.065438,74.125.24.0-255,66,418453,77,418453
2151,0.0,172.217.194.0-255,143,143,77,421756
2152,1.6e-05,172.31.40.0-255,66,209,77,421756
2153,3.7e-05,172.217.194.0-255,1484,1693,77,421756
2154,4.1e-05,172.31.40.0-255,66,1759,77,421756
2155,4.7e-05,172.217.194.0-255,2902,4661,77,421756
2156,5e-05,172.31.40.0-255,66,4727,77,421756
2157,7.9e-05,172.217.194.0-255,7156,11883,77,421756
2158,8.1e-05,172.31.40.0-255,66,11949,77,421756
2159,8.6e-05,172.217.194.0-255,2165,14114,77,421756
2160,8.8e-05,172.31.40.0-255,66,14180,77,421756
2161,0.000141,172.217.194.0-255,1484,15664,77,421756
2162,0.000144,172.31.40.0-255,66,15730,77,421756
2163,0.000149,172.217.194.0-255,2902,18632,77,421756
2164,0.000151,172.31.40.0-255,66,18698,77,421756
2165,0.000156,172.217.194.0-255,2902,21600,77,421756
2166,0.000158,172.31.40.0-255,66,21666,77,421756
2167,0.000181,172.217.194.0-255,2902,24568,77,421756
2168,0.000184,172.31.40.0-255,66,24634,77,421756
2169,0.000191,172.217.194.0-255,6797,31431,77,421756
2170,0.000193,172.31.40.0-255,66,31497,77,421756
2171,0.000298,172.217.194.0-255,1484,32981,77,421756
2172,0.000301,172.31.40.0-255,66,33047,77,421756
2173,0.000308,172.217.194.0-255,2902,35949,77,421756
2174,0.000311,172.31.40.0-255,66,36015,77,421756
2175,0.000317,172.217.194.0-255,5738,41753,77,421756
2176,0.00032,172.31.40.0-255,66,41819,77,421756
2177,0.000348,172.217.194.0-255,4320,46139,77,421756
2178,0.000351,172.31.40.0-255,66,46205,77,421756
2179,0.000385,172.217.194.0-255,6797,53002,77,421756
2180,0.000387,172.31.40.0-255,66,53068,77,421756
2181,0.000395,172.217.194.0-255,7156,60224,77,421756
2182,0.000397,172.31.40.0-255,66,60290,77,421756
2183,0.00043,172.217.194.0-255,1484,61774,77,421756
2184,0.000446,172.217.194.0-255,3961,65735,77,421756
2185,0.000449,172.31.40.0-255,66,65801,77,421756
2186,0.000705,172.217.194.0-255,648,66449,77,421756
2187,0.001009,172.31.40.0-255,66,66515,77,421756
2188,0.001079,172.217.194.0-255,1484,67999,77,421756
2189,0.001084,172.217.194.0-255,1484,69483,77,421756
2190,0.001087,172.31.40.0-255,66,69549,77,421756
2191,0.0011,172.217.194.0-255,1484,71033,77,421756
2192,0.001108,172.217.194.0-255,5738,76771,77,421756
2193,0.00111,172.31.40.0-255,66,76837,77,421756
2194,0.001122,172.217.194.0-255,1484,78321,77,421756
2195,0.001145,172.217.194.0-255,9992,88313,77,421756
2196,0.001149,172.31.40.0-255,66,88379,77,421756
2197,0.001177,172.217.194.0-255,2902,91281,77,421756
2198,0.00118,172.31.40.0-255,66,91347,77,421756
2199,0.001206,172.217.194.0-255,9274,100621,77,421756
2200,0.001208,172.31.40.0-255,66,100687,77,421756
2201,0.001344,172.217.194.0-255,1484,102171,77,421756
2202,0.00136,172.217.194.0-255,2902,105073,77,421756
2203,0.001363,172.31.40.0-255,66,105139,77,421756
2204,0.001368,172.217.194.0-255,2902,108041,77,421756
2205,0.00137,172.31.40.0-255,66,108107,77,421756
2206,0.001384,172.217.194.0-255,2902,111009,77,421756
2207,0.001386,172.31.40.0-255,66,111075,77,421756
2208,0.001424,172.217.194.0-255,12828,123903,77,421756
2209,0.001428,172.31.40.0-255,66,123969,77,421756
2210,0.001446,172.217.194.0-255,2902,126871,77,421756
2211,0.001449,172.31.40.0-255,66,126937,77,421756
2212,0.001469,172.217.194.0-255,7856,134793,77,421756
2213,0.001473,172.31.40.0-255,66,134859,77,421756
2214,0.001561,172.217.194.0-255,1484,136343,77,421756
2215,0.001574,172.217.194.0-255,2902,139245,77,421756
2216,0.001578,172.31.40.0-255,66,139311,77,421756
2217,0.001586,172.217.194.0-255,4320,143631,77,421756
2218,0.001588,172.31.40.0-255,66,143697,77,421756
2219,0.001604,172.217.194.0-255,1484,145181,77,421756
2220,0.001609,172.217.194.0-255,4320,149501,77,421756
2221,0.001612,172.31.40.0-255,66,149567,77,421756
2222,0.001642,172.217.194.0-255,8574,158141,77,421756
2223,0.001645,172.31.40.0-255,66,158207,77,421756
2224,0.001655,172.217.194.0-255,10692,168899,77,421756
2225,0.001658,172.31.40.0-255,66,168965,77,421756
2226,0.001953,172.217.194.0-255,1484,170449,77,421756
2227,0.001959,172.217.194.0-255,2902,173351,77,421756
2228,0.001963,172.31.40.0-255,66,173417,77,421756
2229,0.001979,172.217.194.0-255,5738,179155,77,421756
2230,0.001982,172.31.40.0-255,66,179221,77,421756
2231,0.001987,172.217.194.0-255,2902,182123,77,421756
2232,0.001989,172.31.40.0-255,66,182189,77,421756
2233,0.002011,172.217.194.0-255,4320,186509,77,421756
2234,0.002014,172.31.40.0-255,66,186575,77,421756
2235,0.002018,172.217.194.0-255,1484,188059,77,421756
2236,0.002056,172.217.194.0-255,12828,200887,77,421756
2237,0.002059,172.31.40.0-255,66,200953,77,421756
2238,0.002063,172.217.194.0-255,2184,203137,77,421756
2239,0.002065,172.31.40.0-255,66,203203,77,421756
2240,0.00413,172.217.194.0-255,5738,208941,77,421756
2241,0.004138,172.31.40.0-255,66,209007,77,421756
2242,0.00621,172.217.194.0-255,2902,211909,77,421756
2243,0.006213,172.31.40.0-255,66,211975,77,421756
2244,0.006232,172.217.194.0-255,2902,214877,77,421756
2245,0.006234,172.31.40.0-255,66,214943,77,421756
2246,0.008272,172.217.194.0-255,2902,217845,77,421756
2247,0.008278,172.31.40.0-255,66,217911,77,421756
2248,0.008309,172.217.194.0-255,2902,220813,77,421756
2249,0.008311,172.31.40.0-255,66,220879,77,421756
2250,0.010376,172.217.194.0-255,2902,223781,77,421756
2251,0.010384,172.31.40.0-255,66,223847,77,421756
2252,0.010406,172.217.194.0-255,2902,226749,77,421756
2253,0.010408,172.31.40.0-255,66,226815,77,421756
2254,0.012463,172.217.194.0-255,2902,229717,77,421756
2255,0.012471,172.31.40.0-255,66,229783,77,421756
2256,0.012494,172.217.194.0-255,2902,232685,77,421756
2257,0.012497,172.31.40.0-255,66,232751,77,421756
2258,0.014555,172.217.194.0-255,2902,235653,77,421756
2259,0.014562,172.31.40.0-255,66,235719,77,421756
2260,0.014584,172.217.194.0-255,2902,238621,77,421756
2261,0.014586,172.31.40.0-255,66,238687,77,421756
2262,0.01666,172.217.194.0-255,5738,244425,77,421756
2263,0.016668,172.31.40.0-255,66,244491,77,421756
2264,0.018798,172.217.194.0-255,5738,250229,77,421756
2265,0.018808,172.31.40.0-255,66,250295,77,421756
2266,0.020902,172.217.194.0-255,5738,256033,77,421756
2267,0.02091,172.31.40.0-255,66,256099,77,421756
2268,0.022986,172.217.194.0-255,5738,261837,77,421756
2269,0.022995,172.31.40.0-255,66,261903,77,421756
2270,0.025078,172.217.194.0-255,5738,267641,77,421756
2271,0.025086,172.31.40.0-255,66,267707,77,421756
2272,0.027155,172.217.194.0-255,5738,273445,77,421756
2273,0.027162,172.31.40.0-255,66,273511,77,421756
2274,0.029245,172.217.194.0-255,5738,279249,77,421756
2275,0.029252,172.31.40.0-255,66,279315,77,421756
2276,0.029757,172.31.40.0-255,172,279487,77,421756
2277,0.02979,172.31.40.0-255,1115,280602,77,421756
2278,0.029861,172.31.40.0-255,1514,282116,77,421756
2279,0.029863,172.31.40.0-255,1514,283630,77,421756
2280,0.029864,172.31.40.0-255,1514,285144,77,421756
2281,0.029865,172.31.40.0-255,1514,286658,77,421756
2282,0.029866,172.31.40.0-255,542,287200,77,421756
2283,0.031329,172.217.194.0-255,5738,292938,77,421756
2284,0.031336,172.31.40.0-255,66,293004,77,421756
2285,0.031867,104.244.42.0-255,66,293070,77,421756
2286,0.0334,172.217.194.0-255,5738,298808,77,421756
2287,0.033405,172.31.40.0-255,66,298874,77,421756
2288,0.035502,172.217.194.0-255,5738,304612,77,421756
2289,0.035508,172.31.40.0-255,66,304678,77,421756
2290,0.037608,172.217.194.0-255,5738,310416,77,421756
2291,0.037614,172.31.40.0-255,66,310482,77,421756
2292,0.039702,172.217.194.0-255,5738,316220,77,421756
2293,0.039711,172.31.40.0-255,66,316286,77,421756
2294,0.041833,172.217.194.0-255,5738,322024,77,421756
2295,0.041839,172.31.40.0-255,66,322090,77,421756
2296,0.043925,172.217.194.0-255,5738,327828,77,421756
2297,0.043932,172.31.40.0-255,66,327894,77,421756
2298,0.046038,172.217.194.0-255,5738,333632,77,421756
2299,0.046045,172.31.40.0-255,66,333698,77,421756
2300,0.048113,172.217.194.0-255,5738,339436,77,421756
2301,0.04812,172.31.40.0-255,66,339502,77,421756
2302,0.050214,172.217.194.0-255,5738,345240,77,421756
2303,0.050221,172.31.40.0-255,66,345306,77,421756
2304,0.052308,172.217.194.0-255,5738,351044,77,421756
2305,0.052315,172.31.40.0-255,66,351110,77,421756
2306,0.054397,172.217.194.0-255,5738,356848,77,421756
2307,0.054403,172.31.40.0-255,66,356914,77,421756
2308,0.056484,172.217.194.0-255,5738,362652,77,421756
2309,0.056491,172.31.40.0-255,66,362718,77,421756
2310,0.058593,172.217.194.0-255,5738,368456,77,421756
2311,0.058599,172.31.40.0-255,66,368522,77,421756
2312,0.060743,172.217.194.0-255,5738,374260,77,421756
2313,0.06075,172.31.40.0-255,66,374326,77,421756
2314,0.062857,172.217.194.0-255,5738,380064,77,421756
2315,0.062863,172.31.40.0-255,66,380130,77,421756
2316,0.064965,172.217.194.0-255,5738,385868,77,421756
2317,0.064971,172.31.40.0-255,66,385934,77,421756
2318,0.067057,172.217.194.0-255,5738,391672,77,421756
2319,0.067064,172.31.40.0-255,66,391738,77,421756
2320,0.069216,172.217.194.0-255,5738,397476,77,421756
2321,0.069223,172.31.40.0-255,66,397542,77,421756
2322,0.071362,172.217.194.0-255,5738,403280,77,421756
2323,0.071369,172.31.40.0-255,66,403346,77,421756
2324,0.073454,172.217.194.0-255,5738,409084,77,421756
2325,0.07346,172.31.40.0-255,66,409150,77,421756
2326,0.075558,172.217.194.0-255,5738,414888,77,421756
2327,0.075563,172.31.40.0-255,66,414954,77,421756
2328,0.077633,172.217.194.0-255,5738,420692,77,421756
2329,0.077639,172.31.40.0-255,66,420758,77,421756
2330,0.079719,172.217.194.0-255,761,421519,77,421756
2331,0.079845,172.31.40.0-255,66,421585,77,421756
2332,0.079881,172.31.40.0-255,105,421690,77,421756
2333,0.081921,172.217.194.0-255,66,421756,77,421756
2334,0.0,172.217.194.0-255,162,162,77,385425
2335,1.1e-05,172.31.40.0-255,66,228,77,385425
2336,1.8e-05,172.217.194.0-255,1484,1712,77,385425
2337,2.2e-05,172.31.40.0-255,66,1778,77,385425
2338,5.3e-05,172.217.194.0-255,2902,4680,77,385425
2339,5.7e-05,172.31.40.0-255,66,4746,77,385425
2340,6e-05,172.217.194.0-255,1484,6230,77,385425
2341,6.3e-05,172.31.40.0-255,66,6296,77,385425
2342,7.8e-05,172.217.194.0-255,4320,10616,77,385425
2343,8.1e-05,172.31.40.0-255,66,10682,77,385425
2344,0.000109,172.217.194.0-255,1484,12166,77,385425
2345,0.000112,172.31.40.0-255,66,12232,77,385425
2346,0.000117,172.217.194.0-255,2022,14254,77,385425
2347,0.000119,172.31.40.0-255,66,14320,77,385425
2348,0.000261,172.217.194.0-255,1484,15804,77,385425
2349,0.000265,172.31.40.0-255,66,15870,77,385425
2350,0.000271,172.217.194.0-255,2902,18772,77,385425
2351,0.000273,172.31.40.0-255,66,18838,77,385425
2352,0.0003,172.217.194.0-255,5738,24576,77,385425
2353,0.000302,172.31.40.0-255,66,24642,77,385425
2354,0.00031,172.217.194.0-255,6797,31439,77,385425
2355,0.000312,172.31.40.0-255,66,31505,77,385425
2356,0.000363,172.31.40.0-255,66,31571,77,385425
2357,0.000381,172.31.40.0-255,66,31637,77,385425
2358,0.000404,172.217.194.0-255,1484,33121,77,385425
2359,0.000406,172.31.40.0-255,66,33187,77,385425
2360,0.000409,172.217.194.0-255,1090,34277,77,385425
2361,0.000411,172.31.40.0-255,66,34343,77,385425
2362,0.000451,172.217.194.0-255,1484,35827,77,385425
2363,0.000453,172.31.40.0-255,66,35893,77,385425
2364,0.000458,172.217.194.0-255,2902,38795,77,385425
2365,0.000481,172.217.194.0-255,5738,44533,77,385425
2366,0.000487,172.217.194.0-255,4320,48853,77,385425
2367,0.000511,172.217.194.0-255,8574,57427,77,385425
2368,0.000519,172.217.194.0-255,10692,68119,77,385425
2369,0.00053,172.217.194.0-255,384,68503,77,385425
2370,0.000569,172.31.40.0-255,66,68569,77,385425
2371,0.000648,172.217.194.0-255,1484,70053,77,385425
2372,0.00066,172.217.194.0-255,2902,72955,77,385425
2373,0.000669,172.31.40.0-255,66,73021,77,385425
2374,0.000674,172.217.194.0-255,2902,75923,77,385425
2375,0.000678,172.31.40.0-255,66,75989,77,385425
2376,0.000695,172.217.194.0-255,2902,78891,77,385425
2377,0.000702,172.217.194.0-255,7156,86047,77,385425
2378,0.000726,172.217.194.0-255,5738,91785,77,385425
2379,0.000737,172.217.194.0-255,10143,101928,77,385425
2380,0.000743,172.31.40.0-255,66,101994,77,385425
2381,0.000752,172.217.194.0-255,1484,103478,77,385425
2382,0.000763,172.217.194.0-255,1484,104962,77,385425
2383,0.000778,172.217.194.0-255,1484,106446,77,385425
2384,0.000784,172.217.194.0-255,5738,112184,77,385425
2385,0.000786,172.217.194.0-255,1484,113668,77,385425
2386,0.00079,172.31.40.0-255,66,113734,77,385425
2387,0.000812,172.217.194.0-255,11410,125144,77,385425
2388,0.00082,172.217.194.0-255,2902,128046,77,385425
2389,0.00083,172.31.40.0-255,66,128112,77,385425
2390,0.000851,172.217.194.0-255,7856,135968,77,385425
2391,0.000864,172.31.40.0-255,66,136034,77,385425
2392,0.001044,172.217.194.0-255,1484,137518,77,385425
2393,0.001058,172.217.194.0-255,2902,140420,77,385425
2394,0.001061,172.217.194.0-255,1484,141904,77,385425
2395,0.001065,172.31.40.0-255,66,141970,77,385425
2396,0.001089,172.217.194.0-255,4320,146290,77,385425
2397,0.001129,172.31.40.0-255,66,146356,77,385425
2398,0.001159,172.217.194.0-255,12828,159184,77,385425
2399,0.001166,172.217.194.0-255,8574,167758,77,385425
2400,0.00117,172.217.194.0-255,2184,169942,77,385425
2401,0.001178,172.31.40.0-255,66,170008,77,385425
2402,0.001547,172.217.194.0-255,1484,171492,77,385425
2403,0.001552,172.217.194.0-255,2902,174394,77,385425
2404,0.001555,172.31.40.0-255,66,174460,77,385425
2405,0.001559,172.217.194.0-255,2902,177362,77,385425
2406,0.001582,172.217.194.0-255,2902,180264,77,385425
2407,0.001589,172.217.194.0-255,7156,187420,77,385425
2408,0.001596,172.31.40.0-255,66,187486,77,385425
2409,0.001611,172.217.194.0-255,7156,194642,77,385425
2410,0.001625,172.217.194.0-255,5738,200380,77,385425
2411,0.001636,172.217.194.0-255,1484,201864,77,385425
2412,0.00164,172.217.194.0-255,2184,204048,77,385425
2413,0.001643,172.31.40.0-255,66,204114,77,385425
2414,0.002371,172.217.194.0-255,1484,205598,77,385425
2415,0.004036,172.217.194.0-255,4320,209918,77,385425
2416,0.004043,172.31.40.0-255,66,209984,77,385425
2417,0.006399,172.217.194.0-255,5738,215722,77,385425
2418,0.006404,172.31.40.0-255,66,215788,77,385425
2419,0.008789,172.217.194.0-255,5738,221526,77,385425
2420,0.008797,172.31.40.0-255,66,221592,77,385425
2421,0.011157,172.217.194.0-255,5738,227330,77,385425
2422,0.011164,172.31.40.0-255,66,227396,77,385425
2423,0.013543,172.217.194.0-255,4320,231716,77,385425
2424,0.013551,172.31.40.0-255,66,231782,77,385425
2425,0.013578,172.217.194.0-255,1484,233266,77,385425
2426,0.015922,172.217.194.0-255,4320,237586,77,385425
2427,0.01593,172.31.40.0-255,66,237652,77,385425
2428,0.018306,172.217.194.0-255,5738,243390,77,385425
2429,0.018315,172.31.40.0-255,66,243456,77,385425
2430,0.020666,172.217.194.0-255,5738,249194,77,385425
2431,0.020671,172.31.40.0-255,66,249260,77,385425
2432,0.023048,172.217.194.0-255,5738,254998,77,385425
2433,0.023054,172.31.40.0-255,66,255064,77,385425
2434,0.024331,172.31.40.0-255,166,255230,77,385425
2435,0.024355,172.31.40.0-255,1144,256374,77,385425
2436,0.024405,172.31.40.0-255,1514,257888,77,385425
2437,0.024407,172.31.40.0-255,296,258184,77,385425
2438,0.025447,172.217.194.0-255,5738,263922,77,385425
2439,0.025452,172.31.40.0-255,66,263988,77,385425
2440,0.026537,104.244.42.0-255,66,264054,77,385425
2441,0.027859,172.217.194.0-255,5738,269792,77,385425
2442,0.027865,172.31.40.0-255,66,269858,77,385425
2443,0.030247,172.217.194.0-255,5738,275596,77,385425
2444,0.030254,172.31.40.0-255,66,275662,77,385425
2445,0.032642,172.217.194.0-255,5738,281400,77,385425
2446,0.032648,172.31.40.0-255,66,281466,77,385425
2447,0.03503,172.217.194.0-255,5738,287204,77,385425
2448,0.035037,172.31.40.0-255,66,287270,77,385425
2449,0.037425,172.217.194.0-255,5738,293008,77,385425
2450,0.037432,172.31.40.0-255,66,293074,77,385425
2451,0.039826,172.217.194.0-255,5738,298812,77,385425
2452,0.039831,172.31.40.0-255,66,298878,77,385425
2453,0.042211,172.217.194.0-255,5738,304616,77,385425
2454,0.042217,172.31.40.0-255,66,304682,77,385425
2455,0.044602,172.217.194.0-255,5738,310420,77,385425
2456,0.044609,172.31.40.0-255,66,310486,77,385425
2457,0.047006,172.217.194.0-255,5738,316224,77,385425
2458,0.047013,172.31.40.0-255,66,316290,77,385425
2459,0.049414,172.217.194.0-255,5738,322028,77,385425
2460,0.049421,172.31.40.0-255,66,322094,77,385425
2461,0.051779,172.217.194.0-255,5738,327832,77,385425
2462,0.051788,172.31.40.0-255,66,327898,77,385425
2463,0.054189,172.217.194.0-255,5738,333636,77,385425
2464,0.054196,172.31.40.0-255,66,333702,77,385425
2465,0.056593,172.217.194.0-255,5738,339440,77,385425
2466,0.056599,172.31.40.0-255,66,339506,77,385425
2467,0.058988,172.217.194.0-255,5738,345244,77,385425
2468,0.058994,172.31.40.0-255,66,345310,77,385425
2469,0.061373,172.217.194.0-255,5738,351048,77,385425
2470,0.061378,172.31.40.0-255,66,351114,77,385425
2471,0.063732,172.217.194.0-255,5738,356852,77,385425
2472,0.063738,172.31.40.0-255,66,356918,77,385425
2473,0.066118,172.217.194.0-255,5738,362656,77,385425
2474,0.066125,172.31.40.0-255,66,362722,77,385425
2475,0.068522,172.217.194.0-255,5738,368460,77,385425
2476,0.068528,172.31.40.0-255,66,368526,77,385425
2477,0.070917,172.217.194.0-255,5738,374264,77,385425
2478,0.070923,172.31.40.0-255,66,374330,77,385425
2479,0.073298,172.217.194.0-255,5738,380068,77,385425
2480,0.073304,172.31.40.0-255,66,380134,77,385425
2481,0.075681,172.217.194.0-255,5054,385188,77,385425
2482,0.075687,172.31.40.0-255,66,385254,77,385425
2483,0.07587,172.31.40.0-255,105,385359,77,385425
2484,0.078211,172.217.194.0-255,66,385425,77,385425
2485,0.0,74.125.68.0-255,153,153,77,422459
2486,1.8e-05,172.31.40.0-255,66,219,77,422459
2487,4.1e-05,74.125.68.0-255,1484,1703,77,422459
2488,4.6e-05,172.31.40.0-255,66,1769,77,422459
2489,5.2e-05,74.125.68.0-255,2902,4671,77,422459
2490,5.6e-05,172.31.40.0-255,66,4737,77,422459
2491,6.9e-05,74.125.68.0-255,2902,7639,77,422459
2492,7.1e-05,172.31.40.0-255,66,7705,77,422459
2493,9e-05,74.125.68.0-255,2902,10607,77,422459
2494,9.2e-05,172.31.40.0-255,66,10673,77,422459
2495,9.8e-05,74.125.68.0-255,3401,14074,77,422459
2496,0.000101,172.31.40.0-255,66,14140,77,422459
2497,0.000287,74.125.68.0-255,1484,15624,77,422459
2498,0.000292,172.31.40.0-255,66,15690,77,422459
2499,0.000296,74.125.68.0-255,1484,17174,77,422459
2500,0.000298,172.31.40.0-255,66,17240,77,422459
2501,0.000303,74.125.68.0-255,2902,20142,77,422459
2502,0.000306,172.31.40.0-255,66,20208,77,422459
2503,0.000324,74.125.68.0-255,5738,25946,77,422459
2504,0.000326,172.31.40.0-255,66,26012,77,422459
2505,0.000343,74.125.68.0-255,5379,31391,77,422459
2506,0.000346,172.31.40.0-255,66,31457,77,422459
2507,0.000364,74.125.68.0-255,1484,32941,77,422459
2508,0.000367,172.31.40.0-255,66,33007,77,422459
2509,0.00038,74.125.68.0-255,4320,37327,77,422459
2510,0.000383,172.31.40.0-255,66,37393,77,422459
2511,0.000408,74.125.68.0-255,8574,45967,77,422459
2512,0.000411,172.31.40.0-255,66,46033,77,422459
2513,0.000442,74.125.68.0-255,2543,48576,77,422459
2514,0.000444,172.31.40.0-255,66,48642,77,422459
2515,0.000515,74.125.68.0-255,1484,50126,77,422459
2516,0.000519,172.31.40.0-255,66,50192,77,422459
2517,0.000542,74.125.68.0-255,2902,53094,77,422459
2518,0.000545,172.31.40.0-255,66,53160,77,422459
2519,0.00055,74.125.68.0-255,2902,56062,77,422459
2520,0.000552,172.31.40.0-255,66,56128,77,422459
2521,0.000579,74.125.68.0-255,4320,60448,77,422459
2522,0.000582,172.31.40.0-255,66,60514,77,422459
2523,0.000598,74.125.68.0-255,2902,63416,77,422459
2524,0.000602,172.31.40.0-255,66,63482,77,422459
2525,0.000616,74.125.68.0-255,2867,66349,77,422459
2526,0.00063,172.31.40.0-255,66,66415,77,422459
2527,0.000711,74.125.68.0-255,1484,67899,77,422459
2528,0.000716,74.125.68.0-255,1484,69383,77,422459
2529,0.000719,172.31.40.0-255,66,69449,77,422459
2530,0.000738,74.125.68.0-255,1484,70933,77,422459
2531,0.000741,74.125.68.0-255,1484,72417,77,422459
2532,0.000745,172.31.40.0-255,66,72483,77,422459
2533,0.000762,74.125.68.0-255,2902,75385,77,422459
2534,0.000765,172.31.40.0-255,66,75451,77,422459
2535,0.000771,74.125.68.0-255,5738,81189,77,422459
2536,0.000774,172.31.40.0-255,66,81255,77,422459
2537,0.000807,74.125.68.0-255,5379,86634,77,422459
2538,0.00081,172.31.40.0-255,66,86700,77,422459
2539,0.000834,74.125.68.0-255,1484,88184,77,422459
2540,0.000849,74.125.68.0-255,4320,92504,77,422459
2541,0.000852,172.31.40.0-255,66,92570,77,422459
2542,0.000857,74.125.68.0-255,2902,95472,77,422459
2543,0.000859,172.31.40.0-255,66,95538,77,422459
2544,0.000864,74.125.68.0-255,4320,99858,77,422459
2545,0.000866,172.31.40.0-255,66,99924,77,422459
2546,0.000896,74.125.68.0-255,1368,101292,77,422459
2547,0.000948,74.125.68.0-255,1484,102776,77,422459
2548,0.000965,172.31.40.0-255,66,102842,77,422459
2549,0.000971,74.125.68.0-255,2902,105744,77,422459
2550,0.000974,172.31.40.0-255,66,105810,77,422459
2551,0.000977,74.125.68.0-255,1484,107294,77,422459
2552,0.001006,74.125.68.0-255,4320,111614,77,422459
2553,0.001008,172.31.40.0-255,66,111680,77,422459
2554,0.001016,74.125.68.0-255,5738,117418,77,422459
2555,0.001019,172.31.40.0-255,66,117484,77,422459
2556,0.001048,74.125.68.0-255,7156,124640,77,422459
2557,0.001051,172.31.40.0-255,66,124706,77,422459
2558,0.001054,74.125.68.0-255,1484,126190,77,422459
2559,0.001059,74.125.68.0-255,2902,129092,77,422459
2560,0.001061,172.31.40.0-255,66,129158,77,422459
2561,0.001107,74.125.68.0-255,5738,134896,77,422459
2562,0.00111,172.31.40.0-255,66,134962,77,422459
2563,0.001112,74.125.68.0-255,766,135728,77,422459
2564,0.001194,74.125.68.0-255,1484,137212,77,422459
2565,0.001199,172.31.40.0-255,66,137278,77,422459
2566,0.001203,74.125.68.0-255,1484,138762,77,422459
2567,0.001206,74.125.68.0-255,1484,140246,77,422459
2568,0.001208,172.31.40.0-255,66,140312,77,422459
2569,0.001222,74.125.68.0-255,1484,141796,77,422459
2570,0.001249,74.125.68.0-255,5738,147534,77,422459
2571,0.001253,172.31.40.0-255,66,147600,77,422459
2572,0.001259,74.125.68.0-255,5738,153338,77,422459
2573,0.001262,172.31.40.0-255,66,153404,77,422459
2574,0.001291,74.125.68.0-255,4320,157724,77,422459
2575,0.001295,172.31.40.0-255,66,157790,77,422459
2576,0.001305,74.125.68.0-255,11410,169200,77,422459
2577,0.001309,172.31.40.0-255,66,169266,77,422459
2578,0.001311,74.125.68.0-255,766,170032,77,422459
2579,0.001354,74.125.68.0-255,1484,171516,77,422459
2580,0.001357,172.31.40.0-255,66,171582,77,422459
2581,0.001382,74.125.68.0-255,2902,174484,77,422459
2582,0.001385,172.31.40.0-255,66,174550,77,422459
2583,0.001391,74.125.68.0-255,5738,180288,77,422459
2584,0.001394,172.31.40.0-255,66,180354,77,422459
2585,0.00141,74.125.68.0-255,7156,187510,77,422459
2586,0.001412,172.31.40.0-255,66,187576,77,422459
2587,0.001424,74.125.68.0-255,1484,189060,77,422459
2588,0.001445,74.125.68.0-255,7156,196216,77,422459
2589,0.001448,172.31.40.0-255,66,196282,77,422459
2590,0.001453,74.125.68.0-255,2902,199184,77,422459
2591,0.001455,172.31.40.0-255,66,199250,77,422459
2592,0.001471,74.125.68.0-255,2902,202152,77,422459
2593,0.001473,172.31.40.0-255,66,202218,77,422459
2594,0.001509,74.125.68.0-255,2184,204402,77,422459
2595,0.001514,172.31.40.0-255,66,204468,77,422459
2596,0.002061,74.125.68.0-255,1484,205952,77,422459
2597,0.00207,74.125.68.0-255,2902,208854,77,422459
2598,0.002075,172.31.40.0-255,66,208920,77,422459
2599,0.002079,74.125.68.0-255,1484,210404,77,422459
2600,0.002101,74.125.68.0-255,4320,214724,77,422459
2601,0.002103,172.31.40.0-255,66,214790,77,422459
2602,0.002106,74.125.68.0-255,1484,216274,77,422459
2603,0.002137,74.125.68.0-255,11410,227684,77,422459
2604,0.00214,172.31.40.0-255,66,227750,77,422459
2605,0.00218,74.125.68.0-255,10692,238442,77,422459
2606,0.002183,172.31.40.0-255,66,238508,77,422459
2607,0.002225,74.125.68.0-255,1484,239992,77,422459
2608,0.002236,74.125.68.0-255,2902,242894,77,422459
2609,0.002238,172.31.40.0-255,66,242960,77,422459
2610,0.002262,74.125.68.0-255,2902,245862,77,422459
2611,0.002265,172.31.40.0-255,66,245928,77,422459
2612,0.002275,74.125.68.0-255,1484,247412,77,422459
2613,0.002279,74.125.68.0-255,1484,248896,77,422459
2614,0.002281,172.31.40.0-255,66,248962,77,422459
2615,0.002284,74.125.68.0-255,1484,250446,77,422459
2616,0.002292,74.125.68.0-255,1484,251930,77,422459
2617,0.002294,172.31.40.0-255,66,251996,77,422459
2618,0.002298,74.125.68.0-255,1484,253480,77,422459
2619,0.002322,74.125.68.0-255,4320,257800,77,422459
2620,0.002349,74.125.68.0-255,4320,262120,77,422459
2621,0.002356,74.125.68.0-255,7156,269276,77,422459
2622,0.002374,74.125.68.0-255,3602,272878,77,422459
2623,0.002388,74.125.68.0-255,2902,275780,77,422459
2624,0.002403,74.125.68.0-255,5738,281518,77,422459
2625,0.00241,74.125.68.0-255,4320,285838,77,422459
2626,0.002437,74.125.68.0-255,4320,290158,77,422459
2627,0.002444,74.125.68.0-255,5738,295896,77,422459
2628,0.002471,74.125.68.0-255,4320,300216,77,422459
2629,0.002498,74.125.68.0-255,6438,306654,77,422459
2630,0.002501,74.125.68.0-255,1484,308138,77,422459
2631,0.002515,74.125.68.0-255,1484,309622,77,422459
2632,0.002531,74.125.68.0-255,2902,312524,77,422459
2633,0.002533,74.125.68.0-255,1484,314008,77,422459
2634,0.002536,74.125.68.0-255,1484,315492,77,422459
2635,0.002595,74.125.68.0-255,1484,316976,77,422459
2636,0.002601,74.125.68.0-255,4320,321296,77,422459
2637,0.002606,74.125.68.0-255,5738,327034,77,422459
2638,0.002609,74.125.68.0-255,1484,328518,77,422459
2639,0.002628,74.125.68.0-255,7156,335674,77,422459
2640,0.002631,74.125.68.0-255,1484,337158,77,422459
2641,0.002648,74.125.68.0-255,2902,340060,77,422459
2642,0.002661,74.125.68.0-255,766,340826,77,422459
2643,0.002707,74.125.68.0-255,1484,342310,77,422459
2644,0.00272,74.125.68.0-255,1484,343794,77,422459
2645,0.002732,74.125.68.0-255,1484,345278,77,422459
2646,0.002743,74.125.68.0-255,1484,346762,77,422459
2647,0.002758,74.125.68.0-255,2902,349664,77,422459
2648,0.002773,74.125.68.0-255,4320,353984,77,422459
2649,0.002786,74.125.68.0-255,4320,358304,77,422459
2650,0.002788,74.125.68.0-255,1484,359788,77,422459
2651,0.002814,74.125.68.0-255,2902,362690,77,422459
2652,0.002835,74.125.68.0-255,4320,367010,77,422459
2653,0.002839,74.125.68.0-255,2902,369912,77,422459
2654,0.002843,74.125.68.0-255,4320,374232,77,422459
2655,0.002883,74.125.68.0-255,2902,377134,77,422459
2656,0.002893,74.125.68.0-255,2184,379318,77,422459
2657,0.002917,74.125.68.0-255,5738,385056,77,422459
2658,0.002921,74.125.68.0-255,2902,387958,77,422459
2659,0.002938,74.125.68.0-255,4320,392278,77,422459
2660,0.002959,74.125.68.0-255,5738,398016,77,422459
2661,0.002962,74.125.68.0-255,1484,399500,77,422459
2662,0.002964,74.125.68.0-255,1484,400984,77,422459
2663,0.002985,74.125.68.0-255,4320,405304,77,422459
2664,0.002996,74.125.68.0-255,1484,406788,77,422459
2665,0.00301,74.125.68.0-255,2184,408972,77,422459
2666,0.003027,74.125.68.0-255,2902,411874,77,422459
2667,0.003041,74.125.68.0-255,1484,413358,77,422459
2668,0.003055,74.125.68.0-255,1484,414842,77,422459
2669,0.003057,74.125.68.0-255,1484,416326,77,422459
2670,0.00306,74.125.68.0-255,1413,417739,77,422459
2671,0.003062,74.125.68.0-255,97,417836,77,422459
2672,0.00312,74.125.68.0-255,105,417941,77,422459
2673,0.004673,172.31.40.0-255,66,418007,77,422459
2674,0.007115,172.31.40.0-255,105,418112,77,422459
2675,0.009282,74.125.68.0-255,66,418178,77,422459
2676,0.030017,172.31.40.0-255,172,418350,77,422459
2677,0.030049,172.31.40.0-255,1120,419470,77,422459
2678,0.030114,172.31.40.0-255,1514,420984,77,422459
2679,0.030116,172.31.40.0-255,1277,422261,77,422459
2680,0.031536,104.244.42.0-255,66,422327,77,422459
2681,0.031615,104.244.42.0-255,66,422393,77,422459
2682,0.031677,104.244.42.0-255,66,422459,77,422459
2683,0.0,74.125.68.0-255,146,146,77,421542
2684,2.4e-05,172.31.40.0-255,66,212,77,421542
2685,3.2e-05,74.125.68.0-255,1484,1696,77,421542
2686,3.7e-05,172.31.40.0-255,66,1762,77,421542
2687,4.2e-05,74.125.68.0-255,2902,4664,77,421542
2688,4.6e-05,172.31.40.0-255,66,4730,77,421542
2689,5.4e-05,74.125.68.0-255,7156,11886,77,421542
2690,5.8e-05,172.31.40.0-255,66,11952,77,421542
2691,6.2e-05,74.125.68.0-255,2164,14116,77,421542
2692,6.5e-05,172.31.40.0-255,66,14182,77,421542
2693,0.000103,74.125.68.0-255,1484,15666,77,421542
2694,0.000107,172.31.40.0-255,66,15732,77,421542
2695,0.000112,74.125.68.0-255,2902,18634,77,421542
2696,0.000114,172.31.40.0-255,66,18700,77,421542
2697,0.000145,74.125.68.0-255,5738,24438,77,421542
2698,0.000147,172.31.40.0-255,66,24504,77,421542
2699,0.000152,74.125.68.0-255,2902,27406,77,421542
2700,0.000154,172.31.40.0-255,66,27472,77,421542
2701,0.00017,74.125.68.0-255,3961,31433,77,421542
2702,0.000173,172.31.40.0-255,66,31499,77,421542
2703,0.000301,74.125.68.0-255,1484,32983,77,421542
2704,0.000304,172.31.40.0-255,66,33049,77,421542
2705,0.00031,74.125.68.0-255,2902,35951,77,421542
2706,0.000312,172.31.40.0-255,66,36017,77,421542
2707,0.000329,74.125.68.0-255,5738,41755,77,421542
2708,0.000331,172.31.40.0-255,66,41821,77,421542
2709,0.00035,74.125.68.0-255,1484,43305,77,421542
2710,0.000352,172.31.40.0-255,66,43371,77,421542
2711,0.000379,74.125.68.0-255,5379,48750,77,421542
2712,0.000381,172.31.40.0-255,66,48816,77,421542
2713,0.000388,74.125.68.0-255,7156,55972,77,421542
2714,0.000391,172.31.40.0-255,66,56038,77,421542
2715,0.000415,74.125.68.0-255,4320,60358,77,421542
2716,0.000417,172.31.40.0-255,66,60424,77,421542
2717,0.00044,74.125.68.0-255,5379,65803,77,421542
2718,0.000443,172.31.40.0-255,66,65869,77,421542
2719,0.000446,74.125.68.0-255,364,66233,77,421542
2720,0.000449,74.125.68.0-255,380,66613,77,421542
2721,0.000686,74.125.68.0-255,1484,68097,77,421542
2722,0.00069,172.31.40.0-255,66,68163,77,421542
2723,0.000696,74.125.68.0-255,2902,71065,77,421542
2724,0.000699,172.31.40.0-255,66,71131,77,421542
2725,0.000701,74.125.68.0-255,1484,72615,77,421542
2726,0.000728,74.125.68.0-255,1484,74099,77,421542
2727,0.000731,172.31.40.0-255,66,74165,77,421542
2728,0.000737,74.125.68.0-255,4320,78485,77,421542
2729,0.000739,172.31.40.0-255,66,78551,77,421542
2730,0.000744,74.125.68.0-255,4320,82871,77,421542
2731,0.000746,172.31.40.0-255,66,82937,77,421542
2732,0.000772,74.125.68.0-255,4320,87257,77,421542
2733,0.000775,172.31.40.0-255,66,87323,77,421542
2734,0.000782,74.125.68.0-255,7156,94479,77,421542
2735,0.000785,172.31.40.0-255,66,94545,77,421542
2736,0.000811,74.125.68.0-255,6438,100983,77,421542
2737,0.000814,172.31.40.0-255,66,101049,77,421542
2738,0.001008,74.125.68.0-255,1484,102533,77,421542
2739,0.001014,74.125.68.0-255,2902,105435,77,421542
2740,0.001017,172.31.40.0-255,66,105501,77,421542
2741,0.001038,74.125.68.0-255,5738,111239,77,421542
2742,0.001041,172.31.40.0-255,66,111305,77,421542
2743,0.001084,74.125.68.0-255,12828,124133,77,421542
2744,0.001088,172.31.40.0-255,66,124199,77,421542
2745,0.001112,74.125.68.0-255,2902,127101,77,421542
2746,0.001115,172.31.40.0-255,66,127167,77,421542
2747,0.001142,74.125.68.0-255,7856,135023,77,421542
2748,0.001145,172.31.40.0-255,66,135089,77,421542
2749,0.00162,74.125.68.0-255,1484,136573,77,421542
2750,0.001625,74.125.68.0-255,1484,138057,77,421542
2751,0.001628,172.31.40.0-255,66,138123,77,421542
2752,0.001647,74.125.68.0-255,1484,139607,77,421542
2753,0.001653,74.125.68.0-255,5738,145345,77,421542
2754,0.001655,172.31.40.0-255,66,145411,77,421542
2755,0.001685,74.125.68.0-255,8574,153985,77,421542
2756,0.001688,172.31.40.0-255,66,154051,77,421542
2757,0.001739,74.125.68.0-255,9992,164043,77,421542
2758,0.001741,172.31.40.0-255,66,164109,77,421542
2759,0.001747,74.125.68.0-255,5020,169129,77,421542
2760,0.001749,172.31.40.0-255,66,169195,77,421542
2761,0.001882,74.125.68.0-255,1484,170679,77,421542
2762,0.001886,74.125.68.0-255,1484,172163,77,421542
2763,0.001889,172.31.40.0-255,66,172229,77,421542
2764,0.001906,74.125.68.0-255,1484,173713,77,421542
2765,0.001913,74.125.68.0-255,5738,179451,77,421542
2766,0.001916,172.31.40.0-255,66,179517,77,421542
2767,0.001933,74.125.68.0-255,5738,185255,77,421542
2768,0.001935,172.31.40.0-255,66,185321,77,421542
2769,0.001939,74.125.68.0-255,1484,186805,77,421542
2770,0.001963,74.125.68.0-255,5738,192543,77,421542
2771,0.001966,172.31.40.0-255,66,192609,77,421542
2772,0.001985,74.125.68.0-255,2902,195511,77,421542
2773,0.001987,172.31.40.0-255,66,195577,77,421542
2774,0.002005,74.125.68.0-255,7856,203433,77,421542
2775,0.002007,172.31.40.0-255,66,203499,77,421542
2776,0.002036,74.125.68.0-255,11410,214909,77,421542
2777,0.002039,172.31.40.0-255,66,214975,77,421542
2778,0.002044,74.125.68.0-255,4320,219295,77,421542
2779,0.002046,172.31.40.0-255,66,219361,77,421542
2780,0.00208,74.125.68.0-255,8574,227935,77,421542
2781,0.002085,172.31.40.0-255,66,228001,77,421542
2782,0.002108,74.125.68.0-255,8574,236575,77,421542
2783,0.002111,172.31.40.0-255,66,236641,77,421542
2784,0.002114,74.125.68.0-255,766,237407,77,421542
2785,0.00216,74.125.68.0-255,1484,238891,77,421542
2786,0.002164,172.31.40.0-255,66,238957,77,421542
2787,0.002177,74.125.68.0-255,2902,241859,77,421542
2788,0.002179,172.31.40.0-255,66,241925,77,421542
2789,0.002182,74.125.68.0-255,1484,243409,77,421542
2790,0.002205,74.125.68.0-255,2902,246311,77,421542
2791,0.002208,172.31.40.0-255,66,246377,77,421542
2792,0.002215,74.125.68.0-255,5738,252115,77,421542
2793,0.002217,172.31.40.0-255,66,252181,77,421542
2794,0.002248,74.125.68.0-255,5738,257919,77,421542
2795,0.002252,172.31.40.0-255,66,257985,77,421542
2796,0.002259,74.125.68.0-255,7156,265141,77,421542
2797,0.002262,172.31.40.0-255,66,265207,77,421542
2798,0.002279,74.125.68.0-255,4320,269527,77,421542
2799,0.002282,172.31.40.0-255,66,269593,77,421542
2800,0.002303,74.125.68.0-255,2184,271777,77,421542
2801,0.002305,172.31.40.0-255,66,271843,77,421542
2802,0.004524,74.125.68.0-255,1484,273327,77,421542
2803,0.004543,74.125.68.0-255,4320,277647,77,421542
2804,0.004548,172.31.40.0-255,66,277713,77,421542
2805,0.006794,74.125.68.0-255,5738,283451,77,421542
2806,0.006803,172.31.40.0-255,66,283517,77,421542
2807,0.009054,74.125.68.0-255,5738,289255,77,421542
2808,0.00906,172.31.40.0-255,66,289321,77,421542
2809,0.011323,74.125.68.0-255,5738,295059,77,421542
2810,0.01133,172.31.40.0-255,66,295125,77,421542
2811,0.013596,74.125.68.0-255,5738,300863,77,421542
2812,0.013603,172.31.40.0-255,66,300929,77,421542
2813,0.016057,74.125.68.0-255,5738,306667,77,421542
2814,0.016064,172.31.40.0-255,66,306733,77,421542
2815,0.018326,74.125.68.0-255,5738,312471,77,421542
2816,0.018332,172.31.40.0-255,66,312537,77,421542
2817,0.020583,74.125.68.0-255,5738,318275,77,421542
2818,0.020591,172.31.40.0-255,66,318341,77,421542
2819,0.022844,74.125.68.0-255,5738,324079,77,421542
2820,0.022851,172.31.40.0-255,66,324145,77,421542
2821,0.02511,74.125.68.0-255,5738,329883,77,421542
2822,0.025117,172.31.40.0-255,66,329949,77,421542
2823,0.027368,74.125.68.0-255,5738,335687,77,421542
2824,0.027375,172.31.40.0-255,66,335753,77,421542
2825,0.028937,172.31.40.0-255,172,335925,77,421542
2826,0.028972,172.31.40.0-255,1115,337040,77,421542
2827,0.029045,172.31.40.0-255,1514,338554,77,421542
2828,0.029047,172.31.40.0-255,1514,340068,77,421542
2829,0.029048,172.31.40.0-255,1514,341582,77,421542
2830,0.029049,172.31.40.0-255,1514,343096,77,421542
2831,0.02905,172.31.40.0-255,530,343626,77,421542
2832,0.02966,74.125.68.0-255,5738,349364,77,421542
2833,0.029668,172.31.40.0-255,66,349430,77,421542
2834,0.030413,104.244.42.0-255,66,349496,77,421542
2835,0.030441,104.244.42.0-255,66,349562,77,421542
2836,0.030535,104.244.42.0-255,66,349628,77,421542
2837,0.030539,104.244.42.0-255,66,349694,77,421542
2838,0.031921,74.125.68.0-255,5738,355432,77,421542
2839,0.031926,172.31.40.0-255,66,355498,77,421542
2840,0.034175,74.125.68.0-255,5738,361236,77,421542
2841,0.034183,172.31.40.0-255,66,361302,77,421542
2842,0.036434,74.125.68.0-255,5738,367040,77,421542
2843,0.036441,172.31.40.0-255,66,367106,77,421542
2844,0.038704,74.125.68.0-255,5738,372844,77,421542
2845,0.038711,172.31.40.0-255,66,372910,77,421542
2846,0.040962,74.125.68.0-255,5738,378648,77,421542
2847,0.040969,172.31.40.0-255,66,378714,77,421542
2848,0.043231,74.125.68.0-255,5738,384452,77,421542
2849,0.043238,172.31.40.0-255,66,384518,77,421542
2850,0.045499,74.125.68.0-255,5738,390256,77,421542
2851,0.045508,172.31.40.0-255,66,390322,77,421542
2852,0.047773,74.125.68.0-255,5738,396060,77,421542
2853,0.04778,172.31.40.0-255,66,396126,77,421542
2854,0.050032,74.125.68.0-255,5738,401864,77,421542
2855,0.050038,172.31.40.0-255,66,401930,77,421542
2856,0.052288,74.125.68.0-255,5738,407668,77,421542
2857,0.052294,172.31.40.0-255,66,407734,77,421542
2858,0.054536,74.125.68.0-255,4320,412054,77,421542
2859,0.054543,172.31.40.0-255,66,412120,77,421542
2860,0.054561,74.125.68.0-255,1484,413604,77,421542
2861,0.056797,74.125.68.0-255,4320,417924,77,421542
2862,0.056804,172.31.40.0-255,66,417990,77,421542
2863,0.059059,74.125.68.0-255,3315,421305,77,421542
2864,0.059065,172.31.40.0-255,66,421371,77,421542
2865,0.059232,172.31.40.0-255,105,421476,77,421542
2866,0.06144,74.125.68.0-255,66,421542,77,421542
2867,0.0,172.31.40.0-255,105,105,77,403135
2868,0.029853,74.125.68.0-255,150,255,77,403135
2869,0.029877,172.31.40.0-255,66,321,77,403135
2870,0.029885,74.125.68.0-255,1484,1805,77,403135
2871,0.029889,172.31.40.0-255,66,1871,77,403135
2872,0.029895,74.125.68.0-255,2902,4773,77,403135
2873,0.029898,172.31.40.0-255,66,4839,77,403135
2874,0.029905,74.125.68.0-255,4320,9159,77,403135
2875,0.029908,172.31.40.0-255,66,9225,77,403135
2876,0.029914,74.125.68.0-255,4973,14198,77,403135
2877,0.029917,172.31.40.0-255,66,14264,77,403135
2878,0.029982,74.125.68.0-255,9992,24256,77,403135
2879,0.029986,172.31.40.0-255,66,24322,77,403135
2880,0.030001,74.125.68.0-255,4320,28642,77,403135
2881,0.030003,172.31.40.0-255,66,28708,77,403135
2882,0.030025,74.125.68.0-255,2543,31251,77,403135
2883,0.030027,172.31.40.0-255,66,31317,77,403135
2884,0.030056,74.125.68.0-255,1484,32801,77,403135
2885,0.030059,172.31.40.0-255,66,32867,77,403135
2886,0.030079,74.125.68.0-255,2902,35769,77,403135
2887,0.030082,172.31.40.0-255,66,35835,77,403135
2888,0.030101,74.125.68.0-255,5738,41573,77,403135
2889,0.030104,172.31.40.0-255,66,41639,77,403135
2890,0.030107,74.125.68.0-255,1484,43123,77,403135
2891,0.030109,172.31.40.0-255,66,43189,77,403135
2892,0.030134,74.125.68.0-255,5379,48568,77,403135
2893,0.030137,172.31.40.0-255,66,48634,77,403135
2894,0.030168,74.125.68.0-255,5738,54372,77,403135
2895,0.030171,172.31.40.0-255,66,54438,77,403135
2896,0.030194,74.125.68.0-255,5738,60176,77,403135
2897,0.030196,172.31.40.0-255,66,60242,77,403135
2898,0.030224,74.125.68.0-255,5713,65955,77,403135
2899,0.030228,172.31.40.0-255,66,66021,77,403135
2900,0.030279,74.125.68.0-255,1484,67505,77,403135
2901,0.030285,74.125.68.0-255,2902,70407,77,403135
2902,0.030289,172.31.40.0-255,66,70473,77,403135
2903,0.030291,74.125.68.0-255,1484,71957,77,403135
2904,0.030308,74.125.68.0-255,2902,74859,77,403135
2905,0.030311,172.31.40.0-255,66,74925,77,403135
2906,0.030332,74.125.68.0-255,5738,80663,77,403135
2907,0.030335,172.31.40.0-255,66,80729,77,403135
2908,0.030353,74.125.68.0-255,2249,82978,77,403135
2909,0.030356,172.31.40.0-255,66,83044,77,403135
2910,0.030422,74.125.68.0-255,1484,84528,77,403135
2911,0.03044,74.125.68.0-255,2902,87430,77,403135
2912,0.030443,172.31.40.0-255,66,87496,77,403135
2913,0.030449,74.125.68.0-255,4320,91816,77,403135
2914,0.030451,172.31.40.0-255,66,91882,77,403135
2915,0.030463,74.125.68.0-255,1484,93366,77,403135
2916,0.030469,74.125.68.0-255,4320,97686,77,403135
2917,0.030472,172.31.40.0-255,66,97752,77,403135
2918,0.030493,74.125.68.0-255,2902,100654,77,403135
2919,0.030495,172.31.40.0-255,66,100720,77,403135
2920,0.030499,74.125.68.0-255,1484,102204,77,403135
2921,0.030516,74.125.68.0-255,7156,109360,77,403135
2922,0.030518,172.31.40.0-255,66,109426,77,403135
2923,0.030547,74.125.68.0-255,4320,113746,77,403135
2924,0.03055,172.31.40.0-255,66,113812,77,403135
2925,0.030553,74.125.68.0-255,1484,115296,77,403135
2926,0.030576,74.125.68.0-255,2184,117480,77,403135
2927,0.030578,172.31.40.0-255,66,117546,77,403135
2928,0.031058,74.125.68.0-255,1484,119030,77,403135
2929,0.031063,74.125.68.0-255,1484,120514,77,403135
2930,0.031067,172.31.40.0-255,66,120580,77,403135
2931,0.031085,74.125.68.0-255,1484,122064,77,403135
2932,0.031092,74.125.68.0-255,5738,127802,77,403135
2933,0.031094,172.31.40.0-255,66,127868,77,403135
2934,0.031109,74.125.68.0-255,4320,132188,77,403135
2935,0.031112,172.31.40.0-255,66,132254,77,403135
2936,0.031126,74.125.68.0-255,2902,135156,77,403135
2937,0.031128,172.31.40.0-255,66,135222,77,403135
2938,0.031132,74.125.68.0-255,2902,138124,77,403135
2939,0.031134,172.31.40.0-255,66,138190,77,403135
2940,0.031162,74.125.68.0-255,5738,143928,77,403135
2941,0.031165,172.31.40.0-255,66,143994,77,403135
2942,0.031174,74.125.68.0-255,7856,151850,77,403135
2943,0.031177,172.31.40.0-255,66,151916,77,403135
2944,0.031214,74.125.68.0-255,8574,160490,77,403135
2945,0.031218,172.31.40.0-255,66,160556,77,403135
2946,0.031222,74.125.68.0-255,2902,163458,77,403135
2947,0.031224,172.31.40.0-255,66,163524,77,403135
2948,0.031245,74.125.68.0-255,2902,166426,77,403135
2949,0.031248,172.31.40.0-255,66,166492,77,403135
2950,0.031276,74.125.68.0-255,9992,176484,77,403135
2951,0.03128,172.31.40.0-255,66,176550,77,403135
2952,0.031287,74.125.68.0-255,7156,183706,77,403135
2953,0.03129,172.31.40.0-255,66,183772,77,403135
2954,0.031315,74.125.68.0-255,7856,191628,77,403135
2955,0.031321,74.125.68.0-255,4320,195948,77,403135
2956,0.031358,74.125.68.0-255,2902,198850,77,403135
2957,0.031363,172.31.40.0-255,66,198916,77,403135
2958,0.031366,172.31.40.0-255,66,198982,77,403135
2959,0.031368,172.31.40.0-255,66,199048,77,403135
2960,0.031394,74.125.68.0-255,2902,201950,77,403135
2961,0.031396,172.31.40.0-255,66,202016,77,403135
2962,0.031407,74.125.68.0-255,11410,213426,77,403135
2963,0.03141,172.31.40.0-255,66,213492,77,403135
2964,0.031415,74.125.68.0-255,4320,217812,77,403135
2965,0.031417,172.31.40.0-255,66,217878,77,403135
2966,0.031432,74.125.68.0-255,4320,222198,77,403135
2967,0.031435,172.31.40.0-255,66,222264,77,403135
2968,0.031451,74.125.68.0-255,8574,230838,77,403135
2969,0.031454,172.31.40.0-255,66,230904,77,403135
2970,0.031479,74.125.68.0-255,2184,233088,77,403135
2971,0.031482,172.31.40.0-255,66,233154,77,403135
2972,0.031498,172.31.40.0-255,66,233220,77,403135
2973,0.031509,74.125.68.0-255,5020,238240,77,403135
2974,0.031511,172.31.40.0-255,66,238306,77,403135
2975,0.031533,74.125.68.0-255,1484,239790,77,403135
2976,0.031538,74.125.68.0-255,2902,242692,77,403135
2977,0.031541,172.31.40.0-255,66,242758,77,403135
2978,0.031564,74.125.68.0-255,5738,248496,77,403135
2979,0.031581,74.125.68.0-255,5738,254234,77,403135
2980,0.031597,172.31.40.0-255,66,254300,77,403135
2981,0.031601,74.125.68.0-255,1484,255784,77,403135
2982,0.031608,74.125.68.0-255,7156,262940,77,403135
2983,0.031618,74.125.68.0-255,1484,264424,77,403135
2984,0.031621,172.31.40.0-255,66,264490,77,403135
2985,0.031633,74.125.68.0-255,5738,270228,77,403135
2986,0.031652,74.125.68.0-255,2184,272412,77,403135
2987,0.031657,172.31.40.0-255,66,272478,77,403135
2988,0.031724,74.125.68.0-255,1484,273962,77,403135
2989,0.031738,74.125.68.0-255,2902,276864,77,403135
2990,0.031744,172.31.40.0-255,66,276930,77,403135
2991,0.031765,74.125.68.0-255,5738,282668,77,403135
2992,0.031789,74.125.68.0-255,5738,288406,77,403135
2993,0.031792,172.31.40.0-255,66,288472,77,403135
2994,0.031803,74.125.68.0-255,4320,292792,77,403135
2995,0.031808,172.31.40.0-255,66,292858,77,403135
2996,0.031816,74.125.68.0-255,2902,295760,77,403135
2997,0.031832,74.125.68.0-255,5738,301498,77,403135
2998,0.031844,172.31.40.0-255,66,301564,77,403135
2999,0.031853,74.125.68.0-255,2902,304466,77,403135
3000,0.031857,74.125.68.0-255,2184,306650,77,403135
3001,0.031861,172.31.40.0-255,66,306716,77,403135
3002,0.03202,74.125.68.0-255,1484,308200,77,403135
3003,0.03203,74.125.68.0-255,1484,309684,77,403135
3004,0.032035,172.31.40.0-255,66,309750,77,403135
3005,0.032049,74.125.68.0-255,2902,312652,77,403135
3006,0.032052,74.125.68.0-255,1484,314136,77,403135
3007,0.032064,74.125.68.0-255,4320,318456,77,403135
3008,0.03208,172.31.40.0-255,66,318522,77,403135
3009,0.032083,74.125.68.0-255,1484,320006,77,403135
3010,0.032103,74.125.68.0-255,8574,328580,77,403135
3011,0.032106,74.125.68.0-255,1484,330064,77,403135
3012,0.032115,172.31.40.0-255,66,330130,77,403135
3013,0.032137,74.125.68.0-255,9992,340122,77,403135
3014,0.03214,74.125.68.0-255,766,340888,77,403135
3015,0.032147,172.31.40.0-255,66,340954,77,403135
3016,0.032165,74.125.68.0-255,1484,342438,77,403135
3017,0.032188,74.125.68.0-255,1484,343922,77,403135
3018,0.032193,74.125.68.0-255,2902,346824,77,403135
3019,0.032213,74.125.68.0-255,5738,352562,77,403135
3020,0.032217,172.31.40.0-255,66,352628,77,403135
3021,0.032227,172.31.40.0-255,66,352694,77,403135
3022,0.032254,74.125.68.0-255,9992,362686,77,403135
3023,0.032259,172.31.40.0-255,66,362752,77,403135
3024,0.032278,74.125.68.0-255,11410,374162,77,403135
3025,0.032283,74.125.68.0-255,2184,376346,77,403135
3026,0.032317,74.125.68.0-255,1484,377830,77,403135
3027,0.032334,74.125.68.0-255,1484,379314,77,403135
3028,0.032342,74.125.68.0-255,7156,386470,77,403135
3029,0.032349,74.125.68.0-255,8574,395044,77,403135
3030,0.032358,172.31.40.0-255,66,395110,77,403135
3031,0.032388,74.125.68.0-255,3167,398277,77,403135
3032,0.032406,172.31.40.0-255,66,398343,77,403135
3033,0.032409,74.125.68.0-255,105,398448,77,403135
3034,0.034623,172.31.40.0-255,66,398514,77,403135
3035,0.03466,172.31.40.0-255,105,398619,77,403135
3036,0.037245,74.125.68.0-255,66,398685,77,403135
3037,0.073091,31.13.82.0-255,105,398790,77,403135
3038,0.073115,172.31.40.0-255,66,398856,77,403135
3039,0.075636,172.31.40.0-255,172,399028,77,403135
3040,0.075686,172.31.40.0-255,1121,400149,77,403135
3041,0.075835,172.31.40.0-255,1514,401663,77,403135
3042,0.075838,172.31.40.0-255,1274,402937,77,403135
3043,0.07718,104.244.42.0-255,66,403003,77,403135
3044,0.077217,104.244.42.0-255,66,403069,77,403135
3045,0.077378,104.244.42.0-255,66,403135,77,403135
3046,0.0,216.58.221.0-255,153,153,77,405399
3047,2.4e-05,172.31.40.0-255,66,219,77,405399
3048,3.1e-05,216.58.221.0-255,1484,1703,77,405399
3049,3.5e-05,172.31.40.0-255,66,1769,77,405399
3050,4.1e-05,216.58.221.0-255,2902,4671,77,405399
3051,4.5e-05,172.31.40.0-255,66,4737,77,405399
3052,5.2e-05,216.58.221.0-255,7156,11893,77,405399
3053,5.5e-05,172.31.40.0-255,66,11959,77,405399
3054,7.8e-05,216.58.221.0-255,1999,13958,77,405399
3055,8.1e-05,172.31.40.0-255,66,14024,77,405399
3056,8.6e-05,216.58.221.0-255,2902,16926,77,405399
3057,8.8e-05,172.31.40.0-255,66,16992,77,405399
3058,9.3e-05,216.58.221.0-255,2902,19894,77,405399
3059,9.5e-05,172.31.40.0-255,66,19960,77,405399
3060,0.000123,216.58.221.0-255,4320,24280,77,405399
3061,0.000126,172.31.40.0-255,66,24346,77,405399
3062,0.000133,216.58.221.0-255,6797,31143,77,405399
3063,0.000136,172.31.40.0-255,66,31209,77,405399
3064,0.000327,216.58.221.0-255,1484,32693,77,405399
3065,0.000332,172.31.40.0-255,66,32759,77,405399
3066,0.000339,216.58.221.0-255,2902,35661,77,405399
3067,0.000342,172.31.40.0-255,66,35727,77,405399
3068,0.000348,216.58.221.0-255,5738,41465,77,405399
3069,0.000351,172.31.40.0-255,66,41531,77,405399
3070,0.000402,216.58.221.0-255,6797,48328,77,405399
3071,0.000406,172.31.40.0-255,66,48394,77,405399
3072,0.000776,216.58.221.0-255,1484,49878,77,405399
3073,0.000781,172.31.40.0-255,66,49944,77,405399
3074,0.000787,216.58.221.0-255,2902,52846,77,405399
3075,0.000789,172.31.40.0-255,66,52912,77,405399
3076,0.000793,216.58.221.0-255,1484,54396,77,405399
3077,0.000795,172.31.40.0-255,66,54462,77,405399
3078,0.000824,216.58.221.0-255,4320,58782,77,405399
3079,0.000827,172.31.40.0-255,66,58848,77,405399
3080,0.000832,216.58.221.0-255,4320,63168,77,405399
3081,0.000834,172.31.40.0-255,66,63234,77,405399
3082,0.000855,216.58.221.0-255,1484,64718,77,405399
3083,0.000872,216.58.221.0-255,1454,66172,77,405399
3084,0.000875,172.31.40.0-255,66,66238,77,405399
3085,0.001123,216.58.221.0-255,1484,67722,77,405399
3086,0.00113,216.58.221.0-255,2902,70624,77,405399
3087,0.001133,172.31.40.0-255,66,70690,77,405399
3088,0.001137,216.58.221.0-255,1484,72174,77,405399
3089,0.001155,216.58.221.0-255,4320,76494,77,405399
3090,0.001157,172.31.40.0-255,66,76560,77,405399
3091,0.001162,216.58.221.0-255,2902,79462,77,405399
3092,0.001164,172.31.40.0-255,66,79528,77,405399
3093,0.001181,216.58.221.0-255,4243,83771,77,405399
3094,0.001183,172.31.40.0-255,66,83837,77,405399
3095,0.001218,216.58.221.0-255,4320,88157,77,405399
3096,0.001221,172.31.40.0-255,66,88223,77,405399
3097,0.001229,216.58.221.0-255,5738,93961,77,405399
3098,0.001231,172.31.40.0-255,66,94027,77,405399
3099,0.001267,216.58.221.0-255,4320,98347,77,405399
3100,0.001271,172.31.40.0-255,66,98413,77,405399
3101,0.001286,216.58.221.0-255,2543,100956,77,405399
3102,0.001288,172.31.40.0-255,66,101022,77,405399
3103,0.003151,216.58.221.0-255,2902,103924,77,405399
3104,0.003159,172.31.40.0-255,66,103990,77,405399
3105,0.003179,216.58.221.0-255,2902,106892,77,405399
3106,0.003181,172.31.40.0-255,66,106958,77,405399
3107,0.005086,216.58.221.0-255,5738,112696,77,405399
3108,0.005088,172.31.40.0-255,66,112762,77,405399
3109,0.006977,216.58.221.0-255,5738,118500,77,405399
3110,0.006983,172.31.40.0-255,66,118566,77,405399
3111,0.008876,216.58.221.0-255,5738,124304,77,405399
3112,0.008883,172.31.40.0-255,66,124370,77,405399
3113,0.010802,216.58.221.0-255,5738,130108,77,405399
3114,0.010809,172.31.40.0-255,66,130174,77,405399
3115,0.012704,216.58.221.0-255,5738,135912,77,405399
3116,0.012712,172.31.40.0-255,66,135978,77,405399
3117,0.014607,216.58.221.0-255,5738,141716,77,405399
3118,0.014619,172.31.40.0-255,66,141782,77,405399
3119,0.016519,216.58.221.0-255,5738,147520,77,405399
3120,0.016526,172.31.40.0-255,66,147586,77,405399
3121,0.018418,216.58.221.0-255,5738,153324,77,405399
3122,0.018422,172.31.40.0-255,66,153390,77,405399
3123,0.020318,216.58.221.0-255,5738,159128,77,405399
3124,0.020327,172.31.40.0-255,66,159194,77,405399
3125,0.022229,216.58.221.0-255,5738,164932,77,405399
3126,0.022238,172.31.40.0-255,66,164998,77,405399
3127,0.024142,216.58.221.0-255,5738,170736,77,405399
3128,0.024149,172.31.40.0-255,66,170802,77,405399
3129,0.026044,216.58.221.0-255,5738,176540,77,405399
3130,0.02605,172.31.40.0-255,66,176606,77,405399
3131,0.027833,172.31.40.0-255,172,176778,77,405399
3132,0.02787,172.31.40.0-255,1119,177897,77,405399
3133,0.027939,172.31.40.0-255,1514,179411,77,405399
3134,0.027941,172.31.40.0-255,1514,180925,77,405399
3135,0.027943,172.31.40.0-255,1514,182439,77,405399
3136,0.027944,172.31.40.0-255,1514,183953,77,405399
3137,0.027945,172.31.40.0-255,456,184409,77,405399
3138,0.027953,216.58.221.0-255,5738,190147,77,405399
3139,0.027959,172.31.40.0-255,66,190213,77,405399
3140,0.029348,104.244.42.0-255,66,190279,77,405399
3141,0.029384,104.244.42.0-255,66,190345,77,405399
3142,0.029491,104.244.42.0-255,66,190411,77,405399
3143,0.029494,104.244.42.0-255,66,190477,77,405399
3144,0.029852,216.58.221.0-255,5738,196215,77,405399
3145,0.029858,172.31.40.0-255,66,196281,77,405399
3146,0.030126,104.244.42.0-255,108,196389,77,405399
3147,0.030136,172.31.40.0-255,66,196455,77,405399
3148,0.031763,216.58.221.0-255,5738,202193,77,405399
3149,0.031769,172.31.40.0-255,66,202259,77,405399
3150,0.033687,216.58.221.0-255,5738,207997,77,405399
3151,0.033694,172.31.40.0-255,66,208063,77,405399
3152,0.035592,216.58.221.0-255,5738,213801,77,405399
3153,0.035598,172.31.40.0-255,66,213867,77,405399
3154,0.037506,216.58.221.0-255,5738,219605,77,405399
3155,0.037513,172.31.40.0-255,66,219671,77,405399
3156,0.039416,216.58.221.0-255,5738,225409,77,405399
3157,0.039425,172.31.40.0-255,66,225475,77,405399
3158,0.041361,216.58.221.0-255,5738,231213,77,405399
3159,0.041369,172.31.40.0-255,66,231279,77,405399
3160,0.043266,216.58.221.0-255,5738,237017,77,405399
3161,0.043273,172.31.40.0-255,66,237083,77,405399
3162,0.045164,216.58.221.0-255,5738,242821,77,405399
3163,0.045171,172.31.40.0-255,66,242887,77,405399
3164,0.047063,216.58.221.0-255,5738,248625,77,405399
3165,0.04707,172.31.40.0-255,66,248691,77,405399
3166,0.048983,216.58.221.0-255,5738,254429,77,405399
3167,0.048993,172.31.40.0-255,66,254495,77,405399
3168,0.050893,216.58.221.0-255,5738,260233,77,405399
3169,0.0509,172.31.40.0-255,66,260299,77,405399
3170,0.052798,216.58.221.0-255,5738,266037,77,405399
3171,0.052805,172.31.40.0-255,66,266103,77,405399
3172,0.054706,216.58.221.0-255,5738,271841,77,405399
3173,0.054712,172.31.40.0-255,66,271907,77,405399
3174,0.056601,216.58.221.0-255,5738,277645,77,405399
3175,0.056608,172.31.40.0-255,66,277711,77,405399
3176,0.058516,216.58.221.0-255,5738,283449,77,405399
3177,0.058526,172.31.40.0-255,66,283515,77,405399
3178,0.060434,216.58.221.0-255,5738,289253,77,405399
3179,0.060443,172.31.40.0-255,66,289319,77,405399
3180,0.06234,216.58.221.0-255,5738,295057,77,405399
3181,0.062348,172.31.40.0-255,66,295123,77,405399
3182,0.064252,216.58.221.0-255,5738,300861,77,405399
3183,0.06426,172.31.40.0-255,66,300927,77,405399
3184,0.066165,216.58.221.0-255,5738,306665,77,405399
3185,0.066171,172.31.40.0-255,66,306731,77,405399
3186,0.068078,216.58.221.0-255,5738,312469,77,405399
3187,0.068085,172.31.40.0-255,66,312535,77,405399
3188,0.06999,216.58.221.0-255,5738,318273,77,405399
3189,0.069996,172.31.40.0-255,66,318339,77,405399
3190,0.071899,216.58.221.0-255,5738,324077,77,405399
3191,0.071905,172.31.40.0-255,66,324143,77,405399
3192,0.073802,216.58.221.0-255,5738,329881,77,405399
3193,0.07381,172.31.40.0-255,66,329947,77,405399
3194,0.075708,216.58.221.0-255,5738,335685,77,405399
3195,0.075715,172.31.40.0-255,66,335751,77,405399
3196,0.077615,216.58.221.0-255,5738,341489,77,405399
3197,0.077623,172.31.40.0-255,66,341555,77,405399
3198,0.079521,216.58.221.0-255,5738,347293,77,405399
3199,0.079529,172.31.40.0-255,66,347359,77,405399
3200,0.08143,216.58.221.0-255,5738,353097,77,405399
3201,0.081438,172.31.40.0-255,66,353163,77,405399
3202,0.083333,216.58.221.0-255,5738,358901,77,405399
3203,0.083341,172.31.40.0-255,66,358967,77,405399
3204,0.085239,216.58.221.0-255,5738,364705,77,405399
3205,0.085248,172.31.40.0-255,66,364771,77,405399
3206,0.087149,216.58.221.0-255,5738,370509,77,405399
3207,0.087159,172.31.40.0-255,66,370575,77,405399
3208,0.089071,216.58.221.0-255,5738,376313,77,405399
3209,0.089079,172.31.40.0-255,66,376379,77,405399
3210,0.090983,216.58.221.0-255,5738,382117,77,405399
3211,0.090991,172.31.40.0-255,66,382183,77,405399
3212,0.092906,216.58.221.0-255,5738,387921,77,405399
3213,0.092915,172.31.40.0-255,66,387987,77,405399
3214,0.09483,216.58.221.0-255,5738,393725,77,405399
3215,0.094836,172.31.40.0-255,66,393791,77,405399
3216,0.096744,216.58.221.0-255,5738,399529,77,405399
3217,0.096751,172.31.40.0-255,66,399595,77,405399
3218,0.098654,216.58.221.0-255,5738,405333,77,405399
3219,0.098663,172.31.40.0-255,66,405399,77,405399
3220,0.0,172.217.194.0-255,153,153,77,365519
3221,2.3e-05,172.31.40.0-255,66,219,77,365519
3222,3e-05,172.217.194.0-255,1484,1703,77,365519
3223,3.5e-05,172.31.40.0-255,66,1769,77,365519
3224,4e-05,172.217.194.0-255,2902,4671,77,365519
3225,4.3e-05,172.31.40.0-255,66,4737,77,365519
3226,4.7e-05,172.217.194.0-255,2902,7639,77,365519
3227,5e-05,172.31.40.0-255,66,7705,77,365519
3228,5.5e-05,172.217.194.0-255,4320,12025,77,365519
3229,5.8e-05,172.31.40.0-255,66,12091,77,365519
3230,9.4e-05,172.217.194.0-255,9189,21280,77,365519
3231,9.8e-05,172.31.40.0-255,66,21346,77,365519
3232,0.000106,172.217.194.0-255,7156,28502,77,365519
3233,0.000109,172.31.40.0-255,66,28568,77,365519
3234,0.000133,172.217.194.0-255,2543,31111,77,365519
3235,0.000136,172.31.40.0-255,66,31177,77,365519
3236,0.00018,172.217.194.0-255,1484,32661,77,365519
3237,0.000183,172.31.40.0-255,66,32727,77,365519
3238,0.000201,172.217.194.0-255,2902,35629,77,365519
3239,0.000204,172.31.40.0-255,66,35695,77,365519
3240,0.00021,172.217.194.0-255,5738,41433,77,365519
3241,0.000212,172.31.40.0-255,66,41499,77,365519
3242,0.000242,172.217.194.0-255,9992,51491,77,365519
3243,0.000245,172.31.40.0-255,66,51557,77,365519
3244,0.000266,172.217.194.0-255,3961,55518,77,365519
3245,0.000269,172.31.40.0-255,66,55584,77,365519
3246,0.000278,172.217.194.0-255,8574,64158,77,365519
3247,0.000281,172.31.40.0-255,66,64224,77,365519
3248,0.00031,172.217.194.0-255,1746,65970,77,365519
3249,0.000313,172.31.40.0-255,66,66036,77,365519
3250,0.000488,172.217.194.0-255,1484,67520,77,365519
3251,0.000492,172.31.40.0-255,66,67586,77,365519
3252,0.000498,172.217.194.0-255,2902,70488,77,365519
3253,0.000504,172.217.194.0-255,2902,73390,77,365519
3254,0.000522,172.217.194.0-255,2902,76292,77,365519
3255,0.000527,172.217.194.0-255,2902,79194,77,365519
3256,0.000546,172.217.194.0-255,9992,89186,77,365519
3257,0.000555,172.217.194.0-255,8574,97760,77,365519
3258,0.000569,172.217.194.0-255,2184,99944,77,365519
3259,0.000573,172.31.40.0-255,66,100010,77,365519
3260,0.000818,172.217.194.0-255,1484,101494,77,365519
3261,0.000825,172.217.194.0-255,2902,104396,77,365519
3262,0.000843,172.217.194.0-255,5738,110134,77,365519
3263,0.000848,172.217.194.0-255,4320,114454,77,365519
3264,0.000858,172.31.40.0-255,66,114520,77,365519
3265,0.000886,172.217.194.0-255,11410,125930,77,365519
3266,0.000929,172.31.40.0-255,66,125996,77,365519
3267,0.000942,172.217.194.0-255,7856,133852,77,365519
3268,0.000946,172.31.40.0-255,66,133918,77,365519
3269,0.000966,172.217.194.0-255,5738,139656,77,365519
3270,0.000974,172.217.194.0-255,7156,146812,77,365519
3271,0.000988,172.31.40.0-255,66,146878,77,365519
3272,0.000998,172.217.194.0-255,5738,152616,77,365519
3273,0.001003,172.31.40.0-255,66,152682,77,365519
3274,0.001016,172.217.194.0-255,8574,161256,77,365519
3275,0.001023,172.217.194.0-255,6438,167694,77,365519
3276,0.001054,172.31.40.0-255,66,167760,77,365519
3277,0.001185,172.31.40.0-255,101,167861,77,365519
3278,0.001333,172.217.194.0-255,1484,169345,77,365519
3279,0.00134,172.217.194.0-255,2902,172247,77,365519
3280,0.001343,172.31.40.0-255,66,172313,77,365519
3281,0.001348,172.217.194.0-255,2902,175215,77,365519
3282,0.001363,172.217.194.0-255,2902,178117,77,365519
3283,0.001369,172.217.194.0-255,5738,183855,77,365519
3284,0.001377,172.31.40.0-255,66,183921,77,365519
3285,0.001381,172.217.194.0-255,2902,186823,77,365519
3286,0.001386,172.31.40.0-255,66,186889,77,365519
3287,0.001404,172.217.194.0-255,9992,196881,77,365519
3288,0.001409,172.217.194.0-255,5020,201901,77,365519
3289,0.001428,172.31.40.0-255,66,201967,77,365519
3290,0.001479,172.217.194.0-255,1484,203451,77,365519
3291,0.001483,172.217.194.0-255,1484,204935,77,365519
3292,0.001492,172.31.40.0-255,66,205001,77,365519
3293,0.001495,172.217.194.0-255,1484,206485,77,365519
3294,0.001498,172.217.194.0-255,1484,207969,77,365519
3295,0.001502,172.31.40.0-255,66,208035,77,365519
3296,0.001515,172.217.194.0-255,4320,212355,77,365519
3297,0.001523,172.217.194.0-255,5738,218093,77,365519
3298,0.001545,172.31.40.0-255,66,218159,77,365519
3299,0.001555,172.217.194.0-255,9992,228151,77,365519
3300,0.00156,172.31.40.0-255,66,228217,77,365519
3301,0.001571,172.217.194.0-255,7156,235373,77,365519
3302,0.001573,172.217.194.0-255,766,236139,77,365519
3303,0.001597,172.31.40.0-255,66,236205,77,365519
3304,0.001618,172.217.194.0-255,5738,241943,77,365519
3305,0.001621,172.217.194.0-255,1484,243427,77,365519
3306,0.001636,172.31.40.0-255,66,243493,77,365519
3307,0.001647,172.217.194.0-255,5738,249231,77,365519
3308,0.001659,172.217.194.0-255,5738,254969,77,365519
3309,0.001665,172.31.40.0-255,66,255035,77,365519
3310,0.001688,172.217.194.0-255,8574,263609,77,365519
3311,0.001695,172.217.194.0-255,6438,270047,77,365519
3312,0.001706,172.31.40.0-255,66,270113,77,365519
3313,0.001761,172.217.194.0-255,1484,271597,77,365519
3314,0.001776,172.217.194.0-255,2902,274499,77,365519
3315,0.001782,172.217.194.0-255,4320,278819,77,365519
3316,0.001795,172.217.194.0-255,1484,280303,77,365519
3317,0.001803,172.31.40.0-255,66,280369,77,365519
3318,0.001833,172.217.194.0-255,12828,293197,77,365519
3319,0.001842,172.217.194.0-255,8574,301771,77,365519
3320,0.001868,172.217.194.0-255,2184,303955,77,365519
3321,0.001874,172.31.40.0-255,66,304021,77,365519
3322,0.001882,172.217.194.0-255,2902,306923,77,365519
3323,0.001888,172.31.40.0-255,66,306989,77,365519
3324,0.0019,172.217.194.0-255,7156,314145,77,365519
3325,0.001971,172.217.194.0-255,12828,326973,77,365519
3326,0.001985,172.31.40.0-255,66,327039,77,365519
3327,0.001995,172.217.194.0-255,3602,330641,77,365519
3328,0.002005,172.217.194.0-255,11410,342051,77,365519
3329,0.00201,172.31.40.0-255,66,342117,77,365519
3330,0.002037,172.217.194.0-255,4320,346437,77,365519
3331,0.002046,172.31.40.0-255,66,346503,77,365519
3332,0.002093,172.217.194.0-255,9992,356495,77,365519
3333,0.002109,172.31.40.0-255,66,356561,77,365519
3334,0.002125,172.217.194.0-255,105,356666,77,365519
3335,0.002141,172.31.40.0-255,66,356732,77,365519
3336,0.003366,172.217.194.0-255,66,356798,77,365519
3337,0.004296,172.31.40.0-255,105,356903,77,365519
3338,0.006459,172.217.194.0-255,66,356969,77,365519
3339,0.06154,172.31.40.0-255,172,357141,77,365519
3340,0.061572,172.31.40.0-255,1121,358262,77,365519
3341,0.061642,172.31.40.0-255,1514,359776,77,365519
3342,0.061644,172.31.40.0-255,1514,361290,77,365519
3343,0.061645,172.31.40.0-255,1514,362804,77,365519
3344,0.061646,172.31.40.0-255,1514,364318,77,365519
3345,0.061648,172.31.40.0-255,937,365255,77,365519
3346,0.063063,104.244.42.0-255,66,365321,77,365519
3347,0.063083,104.244.42.0-255,66,365387,77,365519
3348,0.063202,104.244.42.0-255,66,365453,77,365519
3349,0.063208,104.244.42.0-255,66,365519,77,365519
3350,0.0,172.31.40.0-255,105,105,77,459
3351,0.000221,172.31.40.0-255,90,195,77,459
3352,0.000229,172.31.40.0-255,66,261,77,459
3353,0.002585,172.217.194.0-255,66,327,77,459
3354,0.002607,172.217.194.0-255,66,393,77,459
3355,0.002624,172.31.40.0-255,66,459,77,459
3356,0.0,172.217.194.0-255,153,153,77,405343
3357,1.1e-05,172.31.40.0-255,66,219,77,405343
3358,1.7e-05,172.217.194.0-255,1484,1703,77,405343
3359,2.1e-05,172.31.40.0-255,66,1769,77,405343
3360,5.3e-05,172.217.194.0-255,2902,4671,77,405343
3361,5.6e-05,172.31.40.0-255,66,4737,77,405343
3362,6.1e-05,172.217.194.0-255,2902,7639,77,405343
3363,6.3e-05,172.31.40.0-255,66,7705,77,405343
3364,8.7e-05,172.217.194.0-255,2902,10607,77,405343
3365,9e-05,172.31.40.0-255,66,10673,77,405343
3366,9.3e-05,172.217.194.0-255,1484,12157,77,405343
3367,9.5e-05,172.31.40.0-255,66,12223,77,405343
3368,0.000124,172.217.194.0-255,2067,14290,77,405343
3369,0.000127,172.31.40.0-255,66,14356,77,405343
3370,0.000188,172.217.194.0-255,1484,15840,77,405343
3371,0.000191,172.31.40.0-255,66,15906,77,405343
3372,0.00021,172.217.194.0-255,2902,18808,77,405343
3373,0.000213,172.31.40.0-255,66,18874,77,405343
3374,0.000216,172.217.194.0-255,1484,20358,77,405343
3375,0.000218,172.31.40.0-255,66,20424,77,405343
3376,0.000247,172.217.194.0-255,2902,23326,77,405343
3377,0.00025,172.31.40.0-255,66,23392,77,405343
3378,0.000277,172.217.194.0-255,1484,24876,77,405343
3379,0.000279,172.31.40.0-255,66,24942,77,405343
3380,0.000311,172.217.194.0-255,6797,31739,77,405343
3381,0.000314,172.31.40.0-255,66,31805,77,405343
3382,0.00056,172.217.194.0-255,1484,33289,77,405343
3383,0.000565,172.31.40.0-255,66,33355,77,405343
3384,0.000572,172.217.194.0-255,2902,36257,77,405343
3385,0.000575,172.31.40.0-255,66,36323,77,405343
3386,0.000578,172.217.194.0-255,1484,37807,77,405343
3387,0.000584,172.31.40.0-255,66,37873,77,405343
3388,0.000613,172.217.194.0-255,4320,42193,77,405343
3389,0.000616,172.31.40.0-255,66,42259,77,405343
3390,0.000624,172.217.194.0-255,6797,49056,77,405343
3391,0.000626,172.31.40.0-255,66,49122,77,405343
3392,0.000658,172.217.194.0-255,2902,52024,77,405343
3393,0.00066,172.31.40.0-255,66,52090,77,405343
3394,0.000697,172.217.194.0-255,11410,63500,77,405343
3395,0.000701,172.217.194.0-255,2543,66043,77,405343
3396,0.000703,172.217.194.0-255,363,66406,77,405343
3397,0.000708,172.31.40.0-255,66,66472,77,405343
3398,0.000711,172.31.40.0-255,66,66538,77,405343
3399,0.000838,172.217.194.0-255,380,66918,77,405343
3400,0.001111,172.217.194.0-255,1484,68402,77,405343
3401,0.001115,172.31.40.0-255,66,68468,77,405343
3402,0.00112,172.217.194.0-255,1484,69952,77,405343
3403,0.001139,172.217.194.0-255,1484,71436,77,405343
3404,0.001142,172.31.40.0-255,66,71502,77,405343
3405,0.001148,172.217.194.0-255,5738,77240,77,405343
3406,0.00115,172.31.40.0-255,66,77306,77,405343
3407,0.001163,172.217.194.0-255,8574,85880,77,405343
3408,0.001166,172.31.40.0-255,66,85946,77,405343
3409,0.001212,172.217.194.0-255,4320,90266,77,405343
3410,0.001216,172.31.40.0-255,66,90332,77,405343
3411,0.001227,172.217.194.0-255,10692,101024,77,405343
3412,0.001228,172.31.40.0-255,66,101090,77,405343
3413,0.00132,172.217.194.0-255,1484,102574,77,405343
3414,0.001324,172.217.194.0-255,1484,104058,77,405343
3415,0.001326,172.31.40.0-255,66,104124,77,405343
3416,0.001353,172.217.194.0-255,1484,105608,77,405343
3417,0.001359,172.217.194.0-255,5738,111346,77,405343
3418,0.001366,172.217.194.0-255,7156,118502,77,405343
3419,0.001391,172.31.40.0-255,66,118568,77,405343
3420,0.001394,172.31.40.0-255,66,118634,77,405343
3421,0.001401,172.217.194.0-255,5738,124372,77,405343
3422,0.001403,172.31.40.0-255,66,124438,77,405343
3423,0.001417,172.217.194.0-255,10692,135130,77,405343
3424,0.001419,172.31.40.0-255,66,135196,77,405343
3425,0.001467,172.217.194.0-255,1484,136680,77,405343
3426,0.001481,172.217.194.0-255,2902,139582,77,405343
3427,0.001484,172.31.40.0-255,66,139648,77,405343
3428,0.001489,172.217.194.0-255,2902,142550,77,405343
3429,0.00149,172.31.40.0-255,66,142616,77,405343
3430,0.001514,172.217.194.0-255,2902,145518,77,405343
3431,0.001516,172.31.40.0-255,66,145584,77,405343
3432,0.001528,172.217.194.0-255,12828,158412,77,405343
3433,0.00153,172.31.40.0-255,66,158478,77,405343
3434,0.001536,172.217.194.0-255,4320,162798,77,405343
3435,0.001539,172.31.40.0-255,66,162864,77,405343
3436,0.001573,172.217.194.0-255,6438,169302,77,405343
3437,0.001576,172.31.40.0-255,66,169368,77,405343
3438,0.001653,172.217.194.0-255,1484,170852,77,405343
3439,0.001658,172.217.194.0-255,2902,173754,77,405343
3440,0.001661,172.31.40.0-255,66,173820,77,405343
3441,0.001664,172.217.194.0-255,1484,175304,77,405343
3442,0.00169,172.217.194.0-255,4320,179624,77,405343
3443,0.001693,172.31.40.0-255,66,179690,77,405343
3444,0.0017,172.217.194.0-255,5738,185428,77,405343
3445,0.001702,172.31.40.0-255,66,185494,77,405343
3446,0.00173,172.217.194.0-255,12828,198322,77,405343
3447,0.001733,172.31.40.0-255,66,198388,77,405343
3448,0.001743,172.217.194.0-255,5020,203408,77,405343
3449,0.001745,172.31.40.0-255,66,203474,77,405343
3450,0.001789,172.217.194.0-255,1484,204958,77,405343
3451,0.001792,172.217.194.0-255,1484,206442,77,405343
3452,0.001801,172.31.40.0-255,66,206508,77,405343
3453,0.001805,172.217.194.0-255,1484,207992,77,405343
3454,0.001808,172.217.194.0-255,1484,209476,77,405343
3455,0.00181,172.31.40.0-255,66,209542,77,405343
3456,0.001839,172.217.194.0-255,4320,213862,77,405343
3457,0.001842,172.31.40.0-255,66,213928,77,405343
3458,0.001847,172.217.194.0-255,4320,218248,77,405343
3459,0.00185,172.31.40.0-255,66,218314,77,405343
3460,0.001886,172.217.194.0-255,8574,226888,77,405343
3461,0.001896,172.217.194.0-255,10692,237580,77,405343
3462,0.001931,172.31.40.0-255,66,237646,77,405343
3463,0.001933,172.31.40.0-255,66,237712,77,405343
3464,0.001966,172.217.194.0-255,11410,249122,77,405343
3465,0.001988,172.217.194.0-255,4320,253442,77,405343
3466,0.001995,172.31.40.0-255,66,253508,77,405343
3467,0.001998,172.31.40.0-255,66,253574,77,405343
3468,0.002011,172.31.40.0-255,66,253640,77,405343
3469,0.002014,172.217.194.0-255,766,254406,77,405343
3470,0.002021,172.217.194.0-255,5738,260144,77,405343
3471,0.002031,172.217.194.0-255,9992,270136,77,405343
3472,0.002036,172.31.40.0-255,66,270202,77,405343
3473,0.002038,172.31.40.0-255,66,270268,77,405343
3474,0.002065,172.217.194.0-255,2902,273170,77,405343
3475,0.002067,172.31.40.0-255,66,273236,77,405343
3476,0.002089,172.217.194.0-255,11410,284646,77,405343
3477,0.002092,172.31.40.0-255,66,284712,77,405343
3478,0.002098,172.217.194.0-255,3602,288314,77,405343
3479,0.0021,172.31.40.0-255,66,288380,77,405343
3480,0.002144,172.217.194.0-255,1484,289864,77,405343
3481,0.00216,172.217.194.0-255,2902,292766,77,405343
3482,0.002178,172.217.194.0-255,5738,298504,77,405343
3483,0.002198,172.217.194.0-255,4320,302824,77,405343
3484,0.002218,172.217.194.0-255,2902,305726,77,405343
3485,0.002242,172.217.194.0-255,7156,312882,77,405343
3486,0.00227,172.217.194.0-255,7156,320038,77,405343
3487,0.002273,172.217.194.0-255,2184,322222,77,405343
3488,0.002294,172.217.194.0-255,1484,323706,77,405343
3489,0.002314,172.217.194.0-255,2902,326608,77,405343
3490,0.002329,172.217.194.0-255,4320,330928,77,405343
3491,0.002331,172.217.194.0-255,1484,332412,77,405343
3492,0.002346,172.217.194.0-255,1484,333896,77,405343
3493,0.00235,172.217.194.0-255,1484,335380,77,405343
3494,0.002378,172.217.194.0-255,4320,339700,77,405343
3495,0.002391,172.217.194.0-255,2902,342602,77,405343
3496,0.002418,172.217.194.0-255,5738,348340,77,405343
3497,0.002422,172.217.194.0-255,2902,351242,77,405343
3498,0.002443,172.217.194.0-255,1484,352726,77,405343
3499,0.002456,172.217.194.0-255,2902,355628,77,405343
3500,0.002472,172.217.194.0-255,766,356394,77,405343
3501,0.002496,172.217.194.0-255,4320,360714,77,405343
3502,0.002509,172.217.194.0-255,4320,365034,77,405343
3503,0.002526,172.217.194.0-255,1484,366518,77,405343
3504,0.002533,172.217.194.0-255,5738,372256,77,405343
3505,0.00256,172.217.194.0-255,5738,377994,77,405343
3506,0.002566,172.217.194.0-255,5738,383732,77,405343
3507,0.002609,172.217.194.0-255,4320,388052,77,405343
3508,0.002633,172.217.194.0-255,5020,393072,77,405343
3509,0.002651,172.217.194.0-255,3864,396936,77,405343
3510,0.002671,172.217.194.0-255,105,397041,77,405343
3511,0.011111,172.31.40.0-255,66,397107,77,405343
3512,0.011323,172.31.40.0-255,101,397208,77,405343
3513,0.011375,172.217.194.0-255,105,397313,77,405343
3514,0.011386,172.31.40.0-255,78,397391,77,405343
3515,0.013342,172.217.194.0-255,66,397457,77,405343
3516,0.013749,172.31.40.0-255,105,397562,77,405343
3517,0.015795,172.217.194.0-255,66,397628,77,405343
3518,0.052839,172.31.40.0-255,172,397800,77,405343
3519,0.052874,172.31.40.0-255,1120,398920,77,405343
3520,0.052942,172.31.40.0-255,1514,400434,77,405343
3521,0.052944,172.31.40.0-255,1514,401948,77,405343
3522,0.052946,172.31.40.0-255,1514,403462,77,405343
3523,0.052975,172.31.40.0-255,1514,404976,77,405343
3524,0.052976,172.31.40.0-255,103,405079,77,405343
3525,0.054382,104.244.42.0-255,66,405145,77,405343
3526,0.05443,104.244.42.0-255,66,405211,77,405343
3527,0.054516,104.244.42.0-255,66,405277,77,405343
3528,0.054522,104.244.42.0-255,66,405343,77,405343
3529,0.0,172.31.40.0-255,105,105,77,276
3530,0.00178,157.240.25.0-255,105,210,77,276
3531,0.04035,172.31.40.0-255,66,276,77,276
3532,0.0,74.125.200.0-255,155,155,77,424823
3533,1.7e-05,172.31.40.0-255,66,221,77,424823
3534,2.4e-05,74.125.200.0-255,1484,1705,77,424823
3535,2.9e-05,172.31.40.0-255,66,1771,77,424823
3536,4.1e-05,74.125.200.0-255,2902,4673,77,424823
3537,4.4e-05,172.31.40.0-255,66,4739,77,424823
3538,5.2e-05,74.125.200.0-255,5738,10477,77,424823
3539,5.5e-05,172.31.40.0-255,66,10543,77,424823
3540,7.5e-05,74.125.200.0-255,1484,12027,77,424823
3541,8.2e-05,172.31.40.0-255,66,12093,77,424823
3542,8.7e-05,74.125.200.0-255,2026,14119,77,424823
3543,9e-05,172.31.40.0-255,66,14185,77,424823
3544,9.5e-05,74.125.200.0-255,2902,17087,77,424823
3545,9.7e-05,172.31.40.0-255,66,17153,77,424823
3546,0.000105,74.125.200.0-255,7156,24309,77,424823
3547,0.000107,172.31.40.0-255,66,24375,77,424823
3548,0.000112,74.125.200.0-255,4320,28695,77,424823
3549,0.000115,172.31.40.0-255,66,28761,77,424823
3550,0.000147,74.125.200.0-255,2543,31304,77,424823
3551,0.000149,172.31.40.0-255,66,31370,77,424823
3552,0.000222,74.125.200.0-255,1484,32854,77,424823
3553,0.000226,172.31.40.0-255,66,32920,77,424823
3554,0.000248,74.125.200.0-255,2902,35822,77,424823
3555,0.000251,172.31.40.0-255,66,35888,77,424823
3556,0.000265,74.125.200.0-255,2902,38790,77,424823
3557,0.000268,172.31.40.0-255,66,38856,77,424823
3558,0.000275,74.125.200.0-255,1484,40340,77,424823
3559,0.000277,172.31.40.0-255,66,40406,77,424823
3560,0.000307,74.125.200.0-255,2902,43308,77,424823
3561,0.00031,172.31.40.0-255,66,43374,77,424823
3562,0.000316,74.125.200.0-255,5738,49112,77,424823
3563,0.000318,172.31.40.0-255,66,49178,77,424823
3564,0.000355,74.125.200.0-255,2543,51721,77,424823
3565,0.000358,172.31.40.0-255,66,51787,77,424823
3566,0.000366,74.125.200.0-255,8574,60361,77,424823
3567,0.000368,172.31.40.0-255,66,60427,77,424823
3568,0.000374,74.125.200.0-255,5653,66080,77,424823
3569,0.000377,172.31.40.0-255,66,66146,77,424823
3570,0.00038,74.125.200.0-255,135,66281,77,424823
3571,0.000499,74.125.200.0-255,343,66624,77,424823
3572,0.000766,74.125.200.0-255,1484,68108,77,424823
3573,0.00077,172.31.40.0-255,66,68174,77,424823
3574,0.000774,74.125.200.0-255,1484,69658,77,424823
3575,0.000797,74.125.200.0-255,1484,71142,77,424823
3576,0.000799,172.31.40.0-255,66,71208,77,424823
3577,0.000805,74.125.200.0-255,5738,76946,77,424823
3578,0.000807,172.31.40.0-255,66,77012,77,424823
3579,0.000843,74.125.200.0-255,11410,88422,77,424823
3580,0.000846,172.31.40.0-255,66,88488,77,424823
3581,0.000849,74.125.200.0-255,1484,89972,77,424823
3582,0.000878,74.125.200.0-255,10692,100664,77,424823
3583,0.00088,172.31.40.0-255,66,100730,77,424823
3584,0.000969,74.125.200.0-255,1484,102214,77,424823
3585,0.000987,74.125.200.0-255,2902,105116,77,424823
3586,0.000989,172.31.40.0-255,66,105182,77,424823
3587,0.000993,74.125.200.0-255,2902,108084,77,424823
3588,0.000995,172.31.40.0-255,66,108150,77,424823
3589,0.001016,74.125.200.0-255,2902,111052,77,424823
3590,0.001021,172.31.40.0-255,66,111118,77,424823
3591,0.001039,74.125.200.0-255,2902,114020,77,424823
3592,0.001041,172.31.40.0-255,66,114086,77,424823
3593,0.00107,74.125.200.0-255,7156,121242,77,424823
3594,0.001073,172.31.40.0-255,66,121308,77,424823
3595,0.001075,74.125.200.0-255,1484,122792,77,424823
3596,0.001113,74.125.200.0-255,9992,132784,77,424823
3597,0.001115,172.31.40.0-255,66,132850,77,424823
3598,0.001119,74.125.200.0-255,2184,135034,77,424823
3599,0.00112,172.31.40.0-255,66,135100,77,424823
3600,0.001214,74.125.200.0-255,1484,136584,77,424823
3601,0.001219,74.125.200.0-255,2902,139486,77,424823
3602,0.001222,172.31.40.0-255,66,139552,77,424823
3603,0.001252,74.125.200.0-255,5738,145290,77,424823
3604,0.001254,172.31.40.0-255,66,145356,77,424823
3605,0.001278,74.125.200.0-255,2902,148258,77,424823
3606,0.001281,172.31.40.0-255,66,148324,77,424823
3607,0.001305,74.125.200.0-255,8574,156898,77,424823
3608,0.001307,172.31.40.0-255,66,156964,77,424823
3609,0.001323,74.125.200.0-255,12110,169074,77,424823
3610,0.001325,172.31.40.0-255,66,169140,77,424823
3611,0.001346,74.125.200.0-255,1484,170624,77,424823
3612,0.001367,74.125.200.0-255,2902,173526,77,424823
3613,0.001369,172.31.40.0-255,66,173592,77,424823
3614,0.001373,74.125.200.0-255,2902,176494,77,424823
3615,0.001375,172.31.40.0-255,66,176560,77,424823
3616,0.001409,74.125.200.0-255,1484,178044,77,424823
3617,0.001436,74.125.200.0-255,2902,180946,77,424823
3618,0.001439,172.31.40.0-255,66,181012,77,424823
3619,0.001446,74.125.200.0-255,8574,189586,77,424823
3620,0.001448,172.31.40.0-255,66,189652,77,424823
3621,0.001455,74.125.200.0-255,8574,198226,77,424823
3622,0.001457,172.31.40.0-255,66,198292,77,424823
3623,0.001476,74.125.200.0-255,2902,201194,77,424823
3624,0.001478,172.31.40.0-255,66,201260,77,424823
3625,0.001504,74.125.200.0-255,2184,203444,77,424823
3626,0.001506,172.31.40.0-255,66,203510,77,424823
3627,0.001574,74.125.200.0-255,1484,204994,77,424823
3628,0.001578,74.125.200.0-255,1484,206478,77,424823
3629,0.00158,172.31.40.0-255,66,206544,77,424823
3630,0.001593,74.125.200.0-255,1484,208028,77,424823
3631,0.001604,74.125.200.0-255,5738,213766,77,424823
3632,0.001607,172.31.40.0-255,66,213832,77,424823
3633,0.001639,74.125.200.0-255,4320,218152,77,424823
3634,0.001641,172.31.40.0-255,66,218218,77,424823
3635,0.001662,74.125.200.0-255,7156,225374,77,424823
3636,0.001665,172.31.40.0-255,66,225440,77,424823
3637,0.001678,74.125.200.0-255,12110,237550,77,424823
3638,0.001681,172.31.40.0-255,66,237616,77,424823
3639,0.001795,74.125.200.0-255,1484,239100,77,424823
3640,0.001809,74.125.200.0-255,2902,242002,77,424823
3641,0.001812,172.31.40.0-255,66,242068,77,424823
3642,0.001823,74.125.200.0-255,1484,243552,77,424823
3643,0.001849,74.125.200.0-255,4320,247872,77,424823
3644,0.001851,172.31.40.0-255,66,247938,77,424823
3645,0.001868,74.125.200.0-255,7156,255094,77,424823
3646,0.00187,172.31.40.0-255,66,255160,77,424823
3647,0.0019,74.125.200.0-255,8574,263734,77,424823
3648,0.001903,172.31.40.0-255,66,263800,77,424823
3649,0.001926,74.125.200.0-255,5738,269538,77,424823
3650,0.001929,172.31.40.0-255,66,269604,77,424823
3651,0.001933,74.125.200.0-255,2184,271788,77,424823
3652,0.001935,172.31.40.0-255,66,271854,77,424823
3653,0.001965,74.125.200.0-255,1484,273338,77,424823
3654,0.00198,74.125.200.0-255,2902,276240,77,424823
3655,0.001983,172.31.40.0-255,66,276306,77,424823
3656,0.00199,74.125.200.0-255,5738,282044,77,424823
3657,0.001993,172.31.40.0-255,66,282110,77,424823
3658,0.001998,74.125.200.0-255,4320,286430,77,424823
3659,0.002,172.31.40.0-255,66,286496,77,424823
3660,0.002011,74.125.200.0-255,5738,292234,77,424823
3661,0.002013,172.31.40.0-255,66,292300,77,424823
3662,0.002038,74.125.200.0-255,7156,299456,77,424823
3663,0.002041,172.31.40.0-255,66,299522,77,424823
3664,0.002067,74.125.200.0-255,4320,303842,77,424823
3665,0.002071,74.125.200.0-255,2184,306026,77,424823
3666,0.00208,172.31.40.0-255,66,306092,77,424823
3667,0.002093,74.125.200.0-255,8574,314666,77,424823
3668,0.002097,172.31.40.0-255,66,314732,77,424823
3669,0.002115,74.125.200.0-255,7156,321888,77,424823
3670,0.002119,74.125.200.0-255,2902,324790,77,424823
3671,0.002122,74.125.200.0-255,1484,326274,77,424823
3672,0.002156,172.31.40.0-255,66,326340,77,424823
3673,0.004235,74.125.200.0-255,5738,332078,77,424823
3674,0.004242,172.31.40.0-255,66,332144,77,424823
3675,0.006322,74.125.200.0-255,5738,337882,77,424823
3676,0.006328,172.31.40.0-255,66,337948,77,424823
3677,0.008407,74.125.200.0-255,5738,343686,77,424823
3678,0.008412,172.31.40.0-255,66,343752,77,424823
3679,0.010501,74.125.200.0-255,5738,349490,77,424823
3680,0.010508,172.31.40.0-255,66,349556,77,424823
3681,0.012598,74.125.200.0-255,5738,355294,77,424823
3682,0.012606,172.31.40.0-255,66,355360,77,424823
3683,0.014697,74.125.200.0-255,5738,361098,77,424823
3684,0.014705,172.31.40.0-255,66,361164,77,424823
3685,0.016829,74.125.200.0-255,5738,366902,77,424823
3686,0.016836,172.31.40.0-255,66,366968,77,424823
3687,0.018913,74.125.200.0-255,5738,372706,77,424823
3688,0.018921,172.31.40.0-255,66,372772,77,424823
3689,0.021006,74.125.200.0-255,5738,378510,77,424823
3690,0.021019,172.31.40.0-255,66,378576,77,424823
3691,0.023118,74.125.200.0-255,5738,384314,77,424823
3692,0.023128,172.31.40.0-255,66,384380,77,424823
3693,0.025218,74.125.200.0-255,5738,390118,77,424823
3694,0.025226,172.31.40.0-255,66,390184,77,424823
3695,0.027317,74.125.200.0-255,5738,395922,77,424823
3696,0.027324,172.31.40.0-255,66,395988,77,424823
3697,0.029412,74.125.200.0-255,5738,401726,77,424823
3698,0.029419,172.31.40.0-255,66,401792,77,424823
3699,0.03151,74.125.200.0-255,5738,407530,77,424823
3700,0.031517,172.31.40.0-255,66,407596,77,424823
3701,0.033624,74.125.200.0-255,2902,410498,77,424823
3702,0.033631,172.31.40.0-255,66,410564,77,424823
3703,0.033661,74.125.200.0-255,2902,413466,77,424823
3704,0.033664,172.31.40.0-255,66,413532,77,424823
3705,0.035705,74.125.200.0-255,2025,415557,77,424823
3706,0.035714,172.31.40.0-255,66,415623,77,424823
3707,0.035889,172.31.40.0-255,105,415728,77,424823
3708,0.037937,74.125.200.0-255,66,415794,77,424823
3709,0.039834,172.31.40.0-255,176,415970,77,424823
3710,0.039868,172.31.40.0-255,1120,417090,77,424823
3711,0.039933,172.31.40.0-255,1514,418604,77,424823
3712,0.039935,172.31.40.0-255,1514,420118,77,424823
3713,0.039937,172.31.40.0-255,1514,421632,77,424823
3714,0.039941,172.31.40.0-255,1514,423146,77,424823
3715,0.039942,172.31.40.0-255,1479,424625,77,424823
3716,0.041376,104.244.42.0-255,66,424691,77,424823
3717,0.0414,104.244.42.0-255,66,424757,77,424823
3718,0.041472,104.244.42.0-255,66,424823,77,424823
3719,0.0,172.217.194.0-255,296,296,77,358004
3720,2.6e-05,172.31.40.0-255,66,362,77,358004
3721,3.4e-05,172.217.194.0-255,1484,1846,77,358004
3722,3.8e-05,172.31.40.0-255,66,1912,77,358004
3723,4.5e-05,172.217.194.0-255,4320,6232,77,358004
3724,4.8e-05,172.31.40.0-255,66,6298,77,358004
3725,5.5e-05,172.217.194.0-255,5738,12036,77,358004
3726,5.9e-05,172.31.40.0-255,66,12102,77,358004
3727,7.7e-05,172.217.194.0-255,1484,13586,77,358004
3728,7.9e-05,172.31.40.0-255,66,13652,77,358004
3729,0.000115,172.217.194.0-255,7517,21169,77,358004
3730,0.000118,172.31.40.0-255,66,21235,77,358004
3731,0.000127,172.217.194.0-255,9633,30868,77,358004
3732,0.00013,172.31.40.0-255,66,30934,77,358004
3733,0.000184,172.217.194.0-255,1484,32418,77,358004
3734,0.000187,172.31.40.0-255,66,32484,77,358004
3735,0.000192,172.217.194.0-255,2902,35386,77,358004
3736,0.000194,172.31.40.0-255,66,35452,77,358004
3737,0.000224,172.217.194.0-255,5738,41190,77,358004
3738,0.000227,172.31.40.0-255,66,41256,77,358004
3739,0.000252,172.217.194.0-255,6797,48053,77,358004
3740,0.000255,172.31.40.0-255,66,48119,77,358004
3741,0.000281,172.217.194.0-255,9992,58111,77,358004
3742,0.000283,172.31.40.0-255,66,58177,77,358004
3743,0.000301,172.217.194.0-255,4320,62497,77,358004
3744,0.000303,172.31.40.0-255,66,62563,77,358004
3745,0.000308,172.217.194.0-255,2543,65106,77,358004
3746,0.00031,172.31.40.0-255,66,65172,77,358004
3747,0.000312,172.217.194.0-255,349,65521,77,358004
3748,0.000314,172.31.40.0-255,66,65587,77,358004
3749,0.000366,172.217.194.0-255,116,65703,77,358004
3750,0.000369,172.31.40.0-255,66,65769,77,358004
3751,0.000386,172.217.194.0-255,378,66147,77,358004
3752,0.00078,172.217.194.0-255,1484,67631,77,358004
3753,0.000795,172.217.194.0-255,2902,70533,77,358004
3754,0.000803,172.31.40.0-255,66,70599,77,358004
3755,0.00082,172.217.194.0-255,5738,76337,77,358004
3756,0.000823,172.217.194.0-255,1484,77821,77,358004
3757,0.000836,172.31.40.0-255,66,77887,77,358004
3758,0.000854,172.217.194.0-255,11410,89297,77,358004
3759,0.000861,172.217.194.0-255,7156,96453,77,358004
3760,0.000878,172.217.194.0-255,3602,100055,77,358004
3761,0.000894,172.31.40.0-255,66,100121,77,358004
3762,0.000966,172.31.40.0-255,101,100222,77,358004
3763,0.000987,172.217.194.0-255,1484,101706,77,358004
3764,0.000993,172.217.194.0-255,2902,104608,77,358004
3765,0.001008,172.217.194.0-255,5738,110346,77,358004
3766,0.001029,172.217.194.0-255,4320,114666,77,358004
3767,0.001032,172.31.40.0-255,66,114732,77,358004
3768,0.001048,172.217.194.0-255,8574,123306,77,358004
3769,0.001054,172.217.194.0-255,4320,127626,77,358004
3770,0.001058,172.31.40.0-255,66,127692,77,358004
3771,0.001072,172.217.194.0-255,6438,134130,77,358004
3772,0.001135,172.217.194.0-255,2902,137032,77,358004
3773,0.001144,172.31.40.0-255,66,137098,77,358004
3774,0.001177,172.217.194.0-255,7856,144954,77,358004
3775,0.001201,172.31.40.0-255,66,145020,77,358004
3776,0.001977,172.217.194.0-255,1484,146504,77,358004
3777,0.001992,172.217.194.0-255,2902,149406,77,358004
3778,0.001996,172.31.40.0-255,66,149472,77,358004
3779,0.002004,172.217.194.0-255,5738,155210,77,358004
3780,0.002015,172.217.194.0-255,1484,156694,77,358004
3781,0.002019,172.31.40.0-255,66,156760,77,358004
3782,0.002037,172.217.194.0-255,11410,168170,77,358004
3783,0.002051,172.31.40.0-255,66,168236,77,358004
3784,0.002067,172.217.194.0-255,10692,178928,77,358004
3785,0.00209,172.31.40.0-255,66,178994,77,358004
3786,0.002717,172.217.194.0-255,1484,180478,77,358004
3787,0.002728,172.217.194.0-255,2902,183380,77,358004
3788,0.002733,172.31.40.0-255,66,183446,77,358004
3789,0.002759,172.217.194.0-255,5738,189184,77,358004
3790,0.002764,172.217.194.0-255,2902,192086,77,358004
3791,0.002779,172.217.194.0-255,7156,199242,77,358004
3792,0.002806,172.217.194.0-255,5738,204980,77,358004
3793,0.002826,172.217.194.0-255,7856,212836,77,358004
3794,0.003068,172.217.194.0-255,1484,214320,77,358004
3795,0.003077,172.217.194.0-255,2902,217222,77,358004
3796,0.00308,172.217.194.0-255,1484,218706,77,358004
3797,0.003108,172.217.194.0-255,4320,223026,77,358004
3798,0.003115,172.217.194.0-255,7156,230182,77,358004
3799,0.003125,172.217.194.0-255,2902,233084,77,358004
3800,0.003144,172.217.194.0-255,5738,238822,77,358004
3801,0.003159,172.217.194.0-255,4320,243142,77,358004
3802,0.003196,172.217.194.0-255,10692,253834,77,358004
3803,0.003205,172.217.194.0-255,8574,262408,77,358004
3804,0.003213,172.217.194.0-255,8574,270982,77,358004
3805,0.003241,172.217.194.0-255,9274,280256,77,358004
3806,0.003244,172.217.194.0-255,1484,281740,77,358004
3807,0.00326,172.217.194.0-255,2902,284642,77,358004
3808,0.00328,172.217.194.0-255,5738,290380,77,358004
3809,0.003318,172.217.194.0-255,5738,296118,77,358004
3810,0.003343,172.217.194.0-255,7156,303274,77,358004
3811,0.003354,172.217.194.0-255,10692,313966,77,358004
3812,0.003357,172.217.194.0-255,66,314032,77,358004
3813,0.003378,172.217.194.0-255,1484,315516,77,358004
3814,0.003396,172.217.194.0-255,2902,318418,77,358004
3815,0.003399,172.217.194.0-255,1484,319902,77,358004
3816,0.003412,172.217.194.0-255,1484,321386,77,358004
3817,0.003434,172.217.194.0-255,2902,324288,77,358004
3818,0.003441,172.217.194.0-255,7156,331444,77,358004
3819,0.003459,172.217.194.0-255,1484,332928,77,358004
3820,0.003538,172.217.194.0-255,7156,340084,77,358004
3821,0.003541,172.217.194.0-255,1484,341568,77,358004
3822,0.003569,172.217.194.0-255,4320,345888,77,358004
3823,0.003593,172.217.194.0-255,10923,356811,77,358004
3824,0.003624,172.217.194.0-255,105,356916,77,358004
3825,0.010209,172.31.40.0-255,66,356982,77,358004
3826,0.012707,172.31.40.0-255,105,357087,77,358004
3827,0.018656,172.217.194.0-255,66,357153,77,358004
3828,0.04441,172.31.40.0-255,171,357324,77,358004
3829,0.044443,172.31.40.0-255,614,357938,77,358004
3830,0.047296,104.244.42.0-255,66,358004,77,358004
3831,0.0,172.217.194.0-255,150,150,77,345071
3832,2e-05,172.31.40.0-255,66,216,77,345071
3833,2.7e-05,172.217.194.0-255,1484,1700,77,345071
3834,3.1e-05,172.31.40.0-255,66,1766,77,345071
3835,4.4e-05,172.217.194.0-255,2902,4668,77,345071
3836,4.7e-05,172.31.40.0-255,66,4734,77,345071
3837,5.4e-05,172.217.194.0-255,7156,11890,77,345071
3838,5.7e-05,172.31.40.0-255,66,11956,77,345071
3839,6.4e-05,172.217.194.0-255,8574,20530,77,345071
3840,6.7e-05,172.31.40.0-255,66,20596,77,345071
3841,0.000104,172.217.194.0-255,7710,28306,77,345071
3842,0.000107,172.31.40.0-255,66,28372,77,345071
3843,0.000111,172.217.194.0-255,2543,30915,77,345071
3844,0.000113,172.31.40.0-255,66,30981,77,345071
3845,0.000212,172.217.194.0-255,1484,32465,77,345071
3846,0.000216,172.31.40.0-255,66,32531,77,345071
3847,0.000227,172.217.194.0-255,2902,35433,77,345071
3848,0.000233,172.31.40.0-255,66,35499,77,345071
3849,0.000261,172.217.194.0-255,5738,41237,77,345071
3850,0.000264,172.31.40.0-255,66,41303,77,345071
3851,0.00027,172.217.194.0-255,7156,48459,77,345071
3852,0.000272,172.31.40.0-255,66,48525,77,345071
3853,0.000291,172.217.194.0-255,1125,49650,77,345071
3854,0.000296,172.31.40.0-255,66,49716,77,345071
3855,0.000307,172.217.194.0-255,11410,61126,77,345071
3856,0.000309,172.31.40.0-255,66,61192,77,345071
3857,0.00033,172.217.194.0-255,3961,65153,77,345071
3858,0.000332,172.31.40.0-255,66,65219,77,345071
3859,0.000439,172.217.194.0-255,341,65560,77,345071
3860,0.000442,172.31.40.0-255,66,65626,77,345071
3861,0.000513,172.217.194.0-255,1484,67110,77,345071
3862,0.000518,172.31.40.0-255,66,67176,77,345071
3863,0.000547,172.217.194.0-255,2902,70078,77,345071
3864,0.00055,172.31.40.0-255,66,70144,77,345071
3865,0.000556,172.217.194.0-255,5738,75882,77,345071
3866,0.000558,172.31.40.0-255,66,75948,77,345071
3867,0.000572,172.217.194.0-255,12828,88776,77,345071
3868,0.000574,172.31.40.0-255,66,88842,77,345071
3869,0.000583,172.217.194.0-255,9992,98834,77,345071
3870,0.000585,172.31.40.0-255,66,98900,77,345071
3871,0.000622,172.217.194.0-255,1103,100003,77,345071
3872,0.000656,172.217.194.0-255,1484,101487,77,345071
3873,0.000658,172.31.40.0-255,66,101553,77,345071
3874,0.000665,172.217.194.0-255,4320,105873,77,345071
3875,0.000667,172.31.40.0-255,66,105939,77,345071
3876,0.000695,172.217.194.0-255,7156,113095,77,345071
3877,0.000697,172.31.40.0-255,66,113161,77,345071
3878,0.000723,172.217.194.0-255,1484,114645,77,345071
3879,0.00075,172.31.40.0-255,66,114711,77,345071
3880,0.000756,172.217.194.0-255,5020,119731,77,345071
3881,0.000758,172.31.40.0-255,66,119797,77,345071
3882,0.000782,172.217.194.0-255,1484,121281,77,345071
3883,0.000807,172.217.194.0-255,12828,134109,77,345071
3884,0.00081,172.31.40.0-255,66,134175,77,345071
3885,0.000819,172.217.194.0-255,11410,145585,77,345071
3886,0.000821,172.31.40.0-255,66,145651,77,345071
3887,0.000841,172.217.194.0-255,4320,149971,77,345071
3888,0.000843,172.31.40.0-255,66,150037,77,345071
3889,0.000847,172.217.194.0-255,3602,153639,77,345071
3890,0.000849,172.31.40.0-255,66,153705,77,345071
3891,0.000925,172.217.194.0-255,1484,155189,77,345071
3892,0.00093,172.217.194.0-255,2902,158091,77,345071
3893,0.000932,172.31.40.0-255,66,158157,77,345071
3894,0.000956,172.217.194.0-255,5738,163895,77,345071
3895,0.000958,172.31.40.0-255,66,163961,77,345071
3896,0.000993,172.217.194.0-255,12828,176789,77,345071
3897,0.000996,172.31.40.0-255,66,176855,77,345071
3898,0.001038,172.217.194.0-255,7156,184011,77,345071
3899,0.001041,172.31.40.0-255,66,184077,77,345071
3900,0.001065,172.217.194.0-255,3602,187679,77,345071
3901,0.001067,172.31.40.0-255,66,187745,77,345071
3902,0.001445,172.217.194.0-255,1484,189229,77,345071
3903,0.001449,172.217.194.0-255,1484,190713,77,345071
3904,0.001452,172.31.40.0-255,66,190779,77,345071
3905,0.001477,172.217.194.0-255,1484,192263,77,345071
3906,0.001483,172.217.194.0-255,5738,198001,77,345071
3907,0.001485,172.31.40.0-255,66,198067,77,345071
3908,0.001511,172.217.194.0-255,9992,208059,77,345071
3909,0.001513,172.31.40.0-255,66,208125,77,345071
3910,0.001536,172.217.194.0-255,1484,209609,77,345071
3911,0.001542,172.217.194.0-255,5738,215347,77,345071
3912,0.001544,172.31.40.0-255,66,215413,77,345071
3913,0.001575,172.217.194.0-255,6438,221851,77,345071
3914,0.001577,172.31.40.0-255,66,221917,77,345071
3915,0.001683,172.217.194.0-255,1484,223401,77,345071
3916,0.001701,172.217.194.0-255,2902,226303,77,345071
3917,0.001704,172.31.40.0-255,66,226369,77,345071
3918,0.00171,172.217.194.0-255,5738,232107,77,345071
3919,0.001712,172.31.40.0-255,66,232173,77,345071
3920,0.001731,172.217.194.0-255,4320,236493,77,345071
3921,0.001733,172.31.40.0-255,66,236559,77,345071
3922,0.00177,172.217.194.0-255,8574,245133,77,345071
3923,0.001772,172.31.40.0-255,66,245199,77,345071
3924,0.001782,172.217.194.0-255,10692,255891,77,345071
3925,0.001783,172.31.40.0-255,66,255957,77,345071
3926,0.001812,172.217.194.0-255,1484,257441,77,345071
3927,0.001818,172.217.194.0-255,2902,260343,77,345071
3928,0.001823,172.31.40.0-255,66,260409,77,345071
3929,0.001859,172.217.194.0-255,5738,266147,77,345071
3930,0.001863,172.31.40.0-255,66,266213,77,345071
3931,0.001871,172.217.194.0-255,9992,276205,77,345071
3932,0.001873,172.31.40.0-255,66,276271,77,345071
3933,0.001882,172.217.194.0-255,4320,280591,77,345071
3934,0.001884,172.31.40.0-255,66,280657,77,345071
3935,0.001908,172.217.194.0-255,7156,287813,77,345071
3936,0.00191,172.31.40.0-255,66,287879,77,345071
3937,0.001923,172.217.194.0-255,10692,298571,77,345071
3938,0.001925,172.31.40.0-255,66,298637,77,345071
3939,0.001933,172.217.194.0-255,11410,310047,77,345071
3940,0.001935,172.31.40.0-255,66,310113,77,345071
3941,0.001962,172.217.194.0-255,2902,313015,77,345071
3942,0.001964,172.31.40.0-255,66,313081,77,345071
3943,0.002009,172.31.40.0-255,66,313147,77,345071
3944,0.002012,172.217.194.0-255,2902,316049,77,345071
3945,0.002014,172.31.40.0-255,66,316115,77,345071
3946,0.002055,172.31.40.0-255,66,316181,77,345071
3947,0.002065,172.217.194.0-255,12110,328291,77,345071
3948,0.002071,172.31.40.0-255,66,328357,77,345071
3949,0.002103,172.217.194.0-255,5738,334095,77,345071
3950,0.002106,172.31.40.0-255,66,334161,77,345071
3951,0.002145,172.31.40.0-255,66,334227,77,345071
3952,0.004143,172.217.194.0-255,1123,335350,77,345071
3953,0.010216,172.31.40.0-255,105,335455,77,345071
3954,0.010248,172.31.40.0-255,105,335560,77,345071
3955,0.010487,172.31.40.0-255,90,335650,77,345071
3956,0.010497,172.31.40.0-255,66,335716,77,345071
3957,0.0122,172.217.194.0-255,66,335782,77,345071
3958,0.01221,172.217.194.0-255,66,335848,77,345071
3959,0.012469,172.217.194.0-255,66,335914,77,345071
3960,0.012493,172.217.194.0-255,66,335980,77,345071
3961,0.0125,172.31.40.0-255,66,336046,77,345071
3962,0.037512,172.31.40.0-255,172,336218,77,345071
3963,0.037545,172.31.40.0-255,1119,337337,77,345071
3964,0.037616,172.31.40.0-255,1514,338851,77,345071
3965,0.037618,172.31.40.0-255,1514,340365,77,345071
3966,0.03762,172.31.40.0-255,1514,341879,77,345071
3967,0.037621,172.31.40.0-255,1514,343393,77,345071
3968,0.037652,172.31.40.0-255,1480,344873,77,345071
3969,0.038981,104.244.42.0-255,66,344939,77,345071
3970,0.039017,104.244.42.0-255,66,345005,77,345071
3971,0.039143,104.244.42.0-255,66,345071,77,345071
3972,0.0,74.125.24.0-255,152,152,77,421668
3973,1.9e-05,172.31.40.0-255,66,218,77,421668
3974,2.6e-05,74.125.24.0-255,1484,1702,77,421668
3975,3.2e-05,172.31.40.0-255,66,1768,77,421668
3976,3.8e-05,74.125.24.0-255,2902,4670,77,421668
3977,5.2e-05,172.31.40.0-255,66,4736,77,421668
3978,6e-05,74.125.24.0-255,7156,11892,77,421668
3979,6.3e-05,172.31.40.0-255,66,11958,77,421668
3980,6.8e-05,74.125.24.0-255,2155,14113,77,421668
3981,7e-05,172.31.40.0-255,66,14179,77,421668
3982,0.000166,74.125.24.0-255,1484,15663,77,421668
3983,0.00017,172.31.40.0-255,66,15729,77,421668
3984,0.000176,74.125.24.0-255,2902,18631,77,421668
3985,0.00018,172.31.40.0-255,66,18697,77,421668
3986,0.000205,74.125.24.0-255,5738,24435,77,421668
3987,0.000209,172.31.40.0-255,66,24501,77,421668
3988,0.000217,74.125.24.0-255,6797,31298,77,421668
3989,0.000219,172.31.40.0-255,66,31364,77,421668
3990,0.000266,74.125.24.0-255,1484,32848,77,421668
3991,0.000269,172.31.40.0-255,66,32914,77,421668
3992,0.000274,74.125.24.0-255,2902,35816,77,421668
3993,0.000276,172.31.40.0-255,66,35882,77,421668
3994,0.000283,74.125.24.0-255,5738,41620,77,421668
3995,0.000285,172.31.40.0-255,66,41686,77,421668
3996,0.000294,74.125.24.0-255,2902,44588,77,421668
3997,0.000297,172.31.40.0-255,66,44654,77,421668
3998,0.00035,74.125.24.0-255,3961,48615,77,421668
3999,0.000353,172.31.40.0-255,66,48681,77,421668
4000,0.000685,74.125.24.0-255,1484,50165,77,421668
4001,0.00069,172.31.40.0-255,66,50231,77,421668
4002,0.000697,74.125.24.0-255,2902,53133,77,421668
4003,0.000699,172.31.40.0-255,66,53199,77,421668
4004,0.000711,74.125.24.0-255,5738,58937,77,421668
4005,0.000714,172.31.40.0-255,66,59003,77,421668
4006,0.000717,74.125.24.0-255,1484,60487,77,421668
4007,0.00077,74.125.24.0-255,5990,66477,77,421668
4008,0.000775,172.31.40.0-255,66,66543,77,421668
4009,0.000879,74.125.24.0-255,1484,68027,77,421668
4010,0.0009,74.125.24.0-255,2902,70929,77,421668
4011,0.000903,172.31.40.0-255,66,70995,77,421668
4012,0.00093,74.125.24.0-255,2902,73897,77,421668
4013,0.000933,172.31.40.0-255,66,73963,77,421668
4014,0.000957,74.125.24.0-255,2902,76865,77,421668
4015,0.000959,172.31.40.0-255,66,76931,77,421668
4016,0.000997,74.125.24.0-255,8574,85505,77,421668
4017,0.000999,172.31.40.0-255,66,85571,77,421668
4018,0.001027,74.125.24.0-255,5379,90950,77,421668
4019,0.00103,172.31.40.0-255,66,91016,77,421668
4020,0.001037,74.125.24.0-255,5738,96754,77,421668
4021,0.00104,172.31.40.0-255,66,96820,77,421668
4022,0.001049,74.125.24.0-255,3961,100781,77,421668
4023,0.001051,172.31.40.0-255,66,100847,77,421668
4024,0.001461,74.125.24.0-255,1484,102331,77,421668
4025,0.001468,74.125.24.0-255,2902,105233,77,421668
4026,0.001471,172.31.40.0-255,66,105299,77,421668
4027,0.001478,74.125.24.0-255,4320,109619,77,421668
4028,0.00148,172.31.40.0-255,66,109685,77,421668
4029,0.001508,74.125.24.0-255,1484,111169,77,421668
4030,0.00153,74.125.24.0-255,4320,115489,77,421668
4031,0.001533,172.31.40.0-255,66,115555,77,421668
4032,0.001566,74.125.24.0-255,8574,124129,77,421668
4033,0.001568,172.31.40.0-255,66,124195,77,421668
4034,0.001572,74.125.24.0-255,1484,125679,77,421668
4035,0.001585,74.125.24.0-255,9274,134953,77,421668
4036,0.001587,172.31.40.0-255,66,135019,77,421668
4037,0.001799,74.125.24.0-255,1484,136503,77,421668
4038,0.001805,74.125.24.0-255,2902,139405,77,421668
4039,0.001808,172.31.40.0-255,66,139471,77,421668
4040,0.001814,74.125.24.0-255,4320,143791,77,421668
4041,0.001817,172.31.40.0-255,66,143857,77,421668
4042,0.001845,74.125.24.0-255,1484,145341,77,421668
4043,0.001856,74.125.24.0-255,12828,158169,77,421668
4044,0.001859,172.31.40.0-255,66,158235,77,421668
4045,0.001898,74.125.24.0-255,10692,168927,77,421668
4046,0.001901,172.31.40.0-255,66,168993,77,421668
4047,0.001951,74.125.24.0-255,1484,170477,77,421668
4048,0.001956,74.125.24.0-255,2902,173379,77,421668
4049,0.001958,74.125.24.0-255,1484,174863,77,421668
4050,0.001963,172.31.40.0-255,66,174929,77,421668
4051,0.00199,74.125.24.0-255,4320,179249,77,421668
4052,0.001993,172.31.40.0-255,66,179315,77,421668
4053,0.002003,74.125.24.0-255,9992,189307,77,421668
4054,0.002007,172.31.40.0-255,66,189373,77,421668
4055,0.002046,74.125.24.0-255,2902,192275,77,421668
4056,0.002049,172.31.40.0-255,66,192341,77,421668
4057,0.002059,74.125.24.0-255,10692,203033,77,421668
4058,0.002067,172.31.40.0-255,66,203099,77,421668
4059,0.002133,74.125.24.0-255,1484,204583,77,421668
4060,0.002146,74.125.24.0-255,2902,207485,77,421668
4061,0.002149,172.31.40.0-255,66,207551,77,421668
4062,0.002153,74.125.24.0-255,1484,209035,77,421668
4063,0.002183,74.125.24.0-255,4320,213355,77,421668
4064,0.002186,172.31.40.0-255,66,213421,77,421668
4065,0.002196,74.125.24.0-255,9992,223413,77,421668
4066,0.002198,172.31.40.0-255,66,223479,77,421668
4067,0.002223,74.125.24.0-255,4320,227799,77,421668
4068,0.002225,172.31.40.0-255,66,227865,77,421668
4069,0.00226,74.125.24.0-255,9274,237139,77,421668
4070,0.002265,172.31.40.0-255,66,237205,77,421668
4071,0.002376,74.125.24.0-255,1484,238689,77,421668
4072,0.002381,74.125.24.0-255,2902,241591,77,421668
4073,0.002385,172.31.40.0-255,66,241657,77,421668
4074,0.00239,74.125.24.0-255,2902,244559,77,421668
4075,0.002392,172.31.40.0-255,66,244625,77,421668
4076,0.002424,74.125.24.0-255,2902,247527,77,421668
4077,0.002427,172.31.40.0-255,66,247593,77,421668
4078,0.002441,74.125.24.0-255,8574,256167,77,421668
4079,0.002449,172.31.40.0-255,66,256233,77,421668
4080,0.002457,74.125.24.0-255,9992,266225,77,421668
4081,0.00246,172.31.40.0-255,66,266291,77,421668
4082,0.002463,74.125.24.0-255,1484,267775,77,421668
4083,0.002494,74.125.24.0-255,3602,271377,77,421668
4084,0.002497,172.31.40.0-255,66,271443,77,421668
4085,0.005141,74.125.24.0-255,5738,277181,77,421668
4086,0.005156,172.31.40.0-255,66,277247,77,421668
4087,0.007786,74.125.24.0-255,5738,282985,77,421668
4088,0.0078,172.31.40.0-255,66,283051,77,421668
4089,0.010402,74.125.24.0-255,5738,288789,77,421668
4090,0.010407,172.31.40.0-255,66,288855,77,421668
4091,0.013068,74.125.24.0-255,5738,294593,77,421668
4092,0.013074,172.31.40.0-255,66,294659,77,421668
4093,0.015685,74.125.24.0-255,5738,300397,77,421668
4094,0.015694,172.31.40.0-255,66,300463,77,421668
4095,0.018358,74.125.24.0-255,5738,306201,77,421668
4096,0.018366,172.31.40.0-255,66,306267,77,421668
4097,0.020988,74.125.24.0-255,5738,312005,77,421668
4098,0.020996,172.31.40.0-255,66,312071,77,421668
4099,0.023653,74.125.24.0-255,5738,317809,77,421668
4100,0.023661,172.31.40.0-255,66,317875,77,421668
4101,0.026298,74.125.24.0-255,5738,323613,77,421668
4102,0.026305,172.31.40.0-255,66,323679,77,421668
4103,0.02894,74.125.24.0-255,5738,329417,77,421668
4104,0.028947,172.31.40.0-255,66,329483,77,421668
4105,0.031549,74.125.24.0-255,5738,335221,77,421668
4106,0.031557,172.31.40.0-255,66,335287,77,421668
4107,0.032389,172.31.40.0-255,167,335454,77,421668
4108,0.032422,172.31.40.0-255,1115,336569,77,421668
4109,0.032484,172.31.40.0-255,1514,338083,77,421668
4110,0.032486,172.31.40.0-255,1514,339597,77,421668
4111,0.032487,172.31.40.0-255,1514,341111,77,421668
4112,0.032488,172.31.40.0-255,1514,342625,77,421668
4113,0.03249,172.31.40.0-255,542,343167,77,421668
4114,0.033939,104.244.42.0-255,66,343233,77,421668
4115,0.033947,104.244.42.0-255,66,343299,77,421668
4116,0.034013,104.244.42.0-255,66,343365,77,421668
4117,0.034065,104.244.42.0-255,66,343431,77,421668
4118,0.034144,74.125.24.0-255,2902,346333,77,421668
4119,0.034149,172.31.40.0-255,66,346399,77,421668
4120,0.034176,74.125.24.0-255,2902,349301,77,421668
4121,0.034178,172.31.40.0-255,66,349367,77,421668
4122,0.036769,74.125.24.0-255,2902,352269,77,421668
4123,0.036776,172.31.40.0-255,66,352335,77,421668
4124,0.036806,74.125.24.0-255,2902,355237,77,421668
4125,0.036809,172.31.40.0-255,66,355303,77,421668
4126,0.039373,74.125.24.0-255,2902,358205,77,421668
4127,0.039379,172.31.40.0-255,66,358271,77,421668
4128,0.039414,74.125.24.0-255,2902,361173,77,421668
4129,0.039417,172.31.40.0-255,66,361239,77,421668
4130,0.042036,74.125.24.0-255,5738,366977,77,421668
4131,0.042053,172.31.40.0-255,66,367043,77,421668
4132,0.044672,74.125.24.0-255,5738,372781,77,421668
4133,0.044679,172.31.40.0-255,66,372847,77,421668
4134,0.047306,74.125.24.0-255,5738,378585,77,421668
4135,0.047313,172.31.40.0-255,66,378651,77,421668
4136,0.049936,74.125.24.0-255,5738,384389,77,421668
4137,0.049943,172.31.40.0-255,66,384455,77,421668
4138,0.05254,74.125.24.0-255,5738,390193,77,421668
4139,0.052547,172.31.40.0-255,66,390259,77,421668
4140,0.055201,74.125.24.0-255,5738,395997,77,421668
4141,0.055207,172.31.40.0-255,66,396063,77,421668
4142,0.057832,74.125.24.0-255,5738,401801,77,421668
4143,0.057839,172.31.40.0-255,66,401867,77,421668
4144,0.060476,74.125.24.0-255,5738,407605,77,421668
4145,0.060483,172.31.40.0-255,66,407671,77,421668
4146,0.063108,74.125.24.0-255,5738,413409,77,421668
4147,0.06312,172.31.40.0-255,66,413475,77,421668
4148,0.065757,74.125.24.0-255,5738,419213,77,421668
4149,0.065764,172.31.40.0-255,66,419279,77,421668
4150,0.068398,74.125.24.0-255,2152,421431,77,421668
4151,0.068406,172.31.40.0-255,66,421497,77,421668
4152,0.06859,172.31.40.0-255,105,421602,77,421668
4153,0.071191,74.125.24.0-255,66,421668,77,421668
4154,0.0,74.125.200.0-255,146,146,77,373060
4155,2.3e-05,172.31.40.0-255,66,212,77,373060
4156,3e-05,74.125.200.0-255,1484,1696,77,373060
4157,3.6e-05,172.31.40.0-255,66,1762,77,373060
4158,4.2e-05,74.125.200.0-255,2902,4664,77,373060
4159,4.5e-05,172.31.40.0-255,66,4730,77,373060
4160,5.2e-05,74.125.200.0-255,5738,10468,77,373060
4161,5.5e-05,172.31.40.0-255,66,10534,77,373060
4162,9.4e-05,74.125.200.0-255,3490,14024,77,373060
4163,9.8e-05,172.31.40.0-255,66,14090,77,373060
4164,0.000262,74.125.200.0-255,1484,15574,77,373060
4165,0.000267,172.31.40.0-255,66,15640,77,373060
4166,0.000272,74.125.200.0-255,2902,18542,77,373060
4167,0.000274,172.31.40.0-255,66,18608,77,373060
4168,0.000296,74.125.200.0-255,2902,21510,77,373060
4169,0.000299,172.31.40.0-255,66,21576,77,373060
4170,0.000304,74.125.200.0-255,4320,25896,77,373060
4171,0.000306,172.31.40.0-255,66,25962,77,373060
4172,0.000358,74.125.200.0-255,2902,28864,77,373060
4173,0.000362,172.31.40.0-255,66,28930,77,373060
4174,0.000379,74.125.200.0-255,2543,31473,77,373060
4175,0.000381,172.31.40.0-255,66,31539,77,373060
4176,0.000465,74.125.200.0-255,1484,33023,77,373060
4177,0.000469,172.31.40.0-255,66,33089,77,373060
4178,0.000474,74.125.200.0-255,2902,35991,77,373060
4179,0.000477,172.31.40.0-255,66,36057,77,373060
4180,0.000501,74.125.200.0-255,5738,41795,77,373060
4181,0.000504,172.31.40.0-255,66,41861,77,373060
4182,0.000508,74.125.200.0-255,2902,44763,77,373060
4183,0.00051,172.31.40.0-255,66,44829,77,373060
4184,0.000515,74.125.200.0-255,3961,48790,77,373060
4185,0.000518,172.31.40.0-255,66,48856,77,373060
4186,0.000546,74.125.200.0-255,8574,57430,77,373060
4187,0.000553,74.125.200.0-255,4320,61750,77,373060
4188,0.000578,172.31.40.0-255,66,61816,77,373060
4189,0.000601,74.125.200.0-255,3961,65777,77,373060
4190,0.000622,74.125.200.0-255,646,66423,77,373060
4191,0.000628,172.31.40.0-255,66,66489,77,373060
4192,0.000924,74.125.200.0-255,1484,67973,77,373060
4193,0.000944,74.125.200.0-255,2902,70875,77,373060
4194,0.000955,172.31.40.0-255,66,70941,77,373060
4195,0.000966,74.125.200.0-255,4320,75261,77,373060
4196,0.000971,172.31.40.0-255,66,75327,77,373060
4197,0.00101,74.125.200.0-255,8574,83901,77,373060
4198,0.001017,74.125.200.0-255,4320,88221,77,373060
4199,0.001023,74.125.200.0-255,5738,93959,77,373060
4200,0.001052,74.125.200.0-255,4320,98279,77,373060
4201,0.001064,74.125.200.0-255,2184,100463,77,373060
4202,0.001592,74.125.200.0-255,1484,101947,77,373060
4203,0.001601,74.125.200.0-255,2902,104849,77,373060
4204,0.001613,74.125.200.0-255,1484,106333,77,373060
4205,0.001631,74.125.200.0-255,2902,109235,77,373060
4206,0.001639,74.125.200.0-255,7156,116391,77,373060
4207,0.00165,74.125.200.0-255,1484,117875,77,373060
4208,0.001658,74.125.200.0-255,8574,126449,77,373060
4209,0.001705,74.125.200.0-255,4320,130769,77,373060
4210,0.001721,74.125.200.0-255,3602,134371,77,373060
4211,0.001993,74.125.200.0-255,1484,135855,77,373060
4212,0.002012,74.125.200.0-255,2902,138757,77,373060
4213,0.002033,74.125.200.0-255,1484,140241,77,373060
4214,0.002049,74.125.200.0-255,2902,143143,77,373060
4215,0.002083,74.125.200.0-255,1484,144627,77,373060
4216,0.002099,74.125.200.0-255,7156,151783,77,373060
4217,0.002106,74.125.200.0-255,7156,158939,77,373060
4218,0.002116,74.125.200.0-255,1484,160423,77,373060
4219,0.002133,74.125.200.0-255,7156,167579,77,373060
4220,0.002136,74.125.200.0-255,766,168345,77,373060
4221,0.002551,74.125.200.0-255,1484,169829,77,373060
4222,0.002562,74.125.200.0-255,1484,171313,77,373060
4223,0.007044,172.31.40.0-255,66,171379,77,373060
4224,0.00962,74.125.200.0-255,5738,177117,77,373060
4225,0.00963,172.31.40.0-255,66,177183,77,373060
4226,0.012198,74.125.200.0-255,5738,182921,77,373060
4227,0.012548,172.31.40.0-255,66,182987,77,373060
4228,0.015113,74.125.200.0-255,5738,188725,77,373060
4229,0.015127,172.31.40.0-255,66,188791,77,373060
4230,0.017702,74.125.200.0-255,5738,194529,77,373060
4231,0.017713,172.31.40.0-255,66,194595,77,373060
4232,0.020312,74.125.200.0-255,5738,200333,77,373060
4233,0.020322,172.31.40.0-255,66,200399,77,373060
4234,0.022871,74.125.200.0-255,5738,206137,77,373060
4235,0.022879,172.31.40.0-255,66,206203,77,373060
4236,0.025437,74.125.200.0-255,5738,211941,77,373060
4237,0.02829,172.31.40.0-255,66,212007,77,373060
4238,0.030855,74.125.200.0-255,5738,217745,77,373060
4239,0.030866,172.31.40.0-255,66,217811,77,373060
4240,0.033434,74.125.200.0-255,5738,223549,77,373060
4241,0.033444,172.31.40.0-255,66,223615,77,373060
4242,0.036008,74.125.200.0-255,5738,229353,77,373060
4243,0.036014,172.31.40.0-255,66,229419,77,373060
4244,0.036854,172.31.40.0-255,172,229591,77,373060
4245,0.036889,172.31.40.0-255,1120,230711,77,373060
4246,0.03695,172.31.40.0-255,1514,232225,77,373060
4247,0.036951,172.31.40.0-255,1275,233500,77,373060
4248,0.038408,104.244.42.0-255,66,233566,77,373060
4249,0.038416,104.244.42.0-255,66,233632,77,373060
4250,0.038501,104.244.42.0-255,66,233698,77,373060
4251,0.038565,74.125.200.0-255,1484,235182,77,373060
4252,0.038582,74.125.200.0-255,4320,239502,77,373060
4253,0.038588,172.31.40.0-255,66,239568,77,373060
4254,0.041155,74.125.200.0-255,5738,245306,77,373060
4255,0.041163,172.31.40.0-255,66,245372,77,373060
4256,0.04376,74.125.200.0-255,5738,251110,77,373060
4257,0.043766,172.31.40.0-255,66,251176,77,373060
4258,0.046398,74.125.200.0-255,5738,256914,77,373060
4259,0.046404,172.31.40.0-255,66,256980,77,373060
4260,0.048975,74.125.200.0-255,5738,262718,77,373060
4261,0.04915,172.31.40.0-255,66,262784,77,373060
4262,0.051749,74.125.200.0-255,5738,268522,77,373060
4263,0.051767,172.31.40.0-255,66,268588,77,373060
4264,0.054349,74.125.200.0-255,5738,274326,77,373060
4265,0.054382,172.31.40.0-255,66,274392,77,373060
4266,0.056982,74.125.200.0-255,5738,280130,77,373060
4267,0.057027,172.31.40.0-255,66,280196,77,373060
4268,0.059601,74.125.200.0-255,5738,285934,77,373060
4269,0.059619,172.31.40.0-255,66,286000,77,373060
4270,0.06219,74.125.200.0-255,5738,291738,77,373060
4271,0.062204,172.31.40.0-255,66,291804,77,373060
4272,0.064762,74.125.200.0-255,5738,297542,77,373060
4273,0.06477,172.31.40.0-255,66,297608,77,373060
4274,0.067356,74.125.200.0-255,5738,303346,77,373060
4275,0.067373,172.31.40.0-255,66,303412,77,373060
4276,0.069931,74.125.200.0-255,5738,309150,77,373060
4277,0.069937,172.31.40.0-255,66,309216,77,373060
4278,0.072505,74.125.200.0-255,5738,314954,77,373060
4279,0.072511,172.31.40.0-255,66,315020,77,373060
4280,0.075066,74.125.200.0-255,5738,320758,77,373060
4281,0.075073,172.31.40.0-255,66,320824,77,373060
4282,0.07763,74.125.200.0-255,5738,326562,77,373060
4283,0.077636,172.31.40.0-255,66,326628,77,373060
4284,0.080403,74.125.200.0-255,5738,332366,77,373060
4285,0.080411,172.31.40.0-255,66,332432,77,373060
4286,0.082968,74.125.200.0-255,5738,338170,77,373060
4287,0.082975,172.31.40.0-255,66,338236,77,373060
4288,0.085542,74.125.200.0-255,5738,343974,77,373060
4289,0.085551,172.31.40.0-255,66,344040,77,373060
4290,0.088101,74.125.200.0-255,5738,349778,77,373060
4291,0.088108,172.31.40.0-255,66,349844,77,373060
4292,0.090675,74.125.200.0-255,5738,355582,77,373060
4293,0.090684,172.31.40.0-255,66,355648,77,373060
4294,0.093273,74.125.200.0-255,5738,361386,77,373060
4295,0.09328,172.31.40.0-255,66,361452,77,373060
4296,0.095849,74.125.200.0-255,5738,367190,77,373060
4297,0.095855,172.31.40.0-255,66,367256,77,373060
4298,0.098421,74.125.200.0-255,5738,372994,77,373060
4299,0.098428,172.31.40.0-255,66,373060,77,373060
4300,0.0,172.217.194.0-255,153,153,77,357645
4301,1.7e-05,172.31.40.0-255,66,219,77,357645
4302,2.4e-05,172.217.194.0-255,1484,1703,77,357645
4303,2.9e-05,172.31.40.0-255,66,1769,77,357645
4304,3.5e-05,172.217.194.0-255,2902,4671,77,357645
4305,3.7e-05,172.31.40.0-255,66,4737,77,357645
4306,4.5e-05,172.217.194.0-255,7156,11893,77,357645
4307,4.8e-05,172.31.40.0-255,66,11959,77,357645
4308,6.4e-05,172.217.194.0-255,2064,14023,77,357645
4309,6.7e-05,172.31.40.0-255,66,14089,77,357645
4310,0.000395,172.217.194.0-255,1484,15573,77,357645
4311,0.0004,172.31.40.0-255,66,15639,77,357645
4312,0.000407,172.217.194.0-255,2902,18541,77,357645
4313,0.00041,172.31.40.0-255,66,18607,77,357645
4314,0.000415,172.217.194.0-255,4320,22927,77,357645
4315,0.000418,172.31.40.0-255,66,22993,77,357645
4316,0.000438,172.217.194.0-255,1484,24477,77,357645
4317,0.00044,172.31.40.0-255,66,24543,77,357645
4318,0.000447,172.217.194.0-255,5738,30281,77,357645
4319,0.000449,172.31.40.0-255,66,30347,77,357645
4320,0.000488,172.217.194.0-255,13887,44234,77,357645
4321,0.000491,172.31.40.0-255,66,44300,77,357645
4322,0.000496,172.217.194.0-255,3961,48261,77,357645
4323,0.000498,172.31.40.0-255,66,48327,77,357645
4324,0.000538,172.217.194.0-255,7156,55483,77,357645
4325,0.000542,172.31.40.0-255,66,55549,77,357645
4326,0.000567,172.217.194.0-255,9633,65182,77,357645
4327,0.00057,172.31.40.0-255,66,65248,77,357645
4328,0.000574,172.217.194.0-255,677,65925,77,357645
4329,0.000575,172.31.40.0-255,66,65991,77,357645
4330,0.000615,172.31.40.0-255,101,66092,77,357645
4331,0.00063,172.217.194.0-255,1484,67576,77,357645
4332,0.000637,172.217.194.0-255,2902,70478,77,357645
4333,0.000639,172.31.40.0-255,66,70544,77,357645
4334,0.000645,172.217.194.0-255,4320,74864,77,357645
4335,0.000648,172.31.40.0-255,66,74930,77,357645
4336,0.000665,172.217.194.0-255,1484,76414,77,357645
4337,0.000708,172.217.194.0-255,4320,80734,77,357645
4338,0.000711,172.31.40.0-255,66,80800,77,357645
4339,0.000736,172.217.194.0-255,5379,86179,77,357645
4340,0.00074,172.31.40.0-255,66,86245,77,357645
4341,0.000749,172.217.194.0-255,9992,96237,77,357645
4342,0.000752,172.31.40.0-255,66,96303,77,357645
4343,0.000758,172.217.194.0-255,3961,100264,77,357645
4344,0.000761,172.31.40.0-255,66,100330,77,357645
4345,0.001064,172.217.194.0-255,1484,101814,77,357645
4346,0.00107,172.217.194.0-255,2902,104716,77,357645
4347,0.001074,172.31.40.0-255,66,104782,77,357645
4348,0.001078,172.217.194.0-255,1484,106266,77,357645
4349,0.001099,172.217.194.0-255,4320,110586,77,357645
4350,0.001102,172.31.40.0-255,66,110652,77,357645
4351,0.001108,172.217.194.0-255,4320,114972,77,357645
4352,0.001111,172.31.40.0-255,66,115038,77,357645
4353,0.001144,172.217.194.0-255,8574,123612,77,357645
4354,0.001147,172.31.40.0-255,66,123678,77,357645
4355,0.001157,172.217.194.0-255,10692,134370,77,357645
4356,0.001158,172.31.40.0-255,66,134436,77,357645
4357,0.001184,172.217.194.0-255,1484,135920,77,357645
4358,0.001203,172.217.194.0-255,2902,138822,77,357645
4359,0.001206,172.31.40.0-255,66,138888,77,357645
4360,0.001212,172.217.194.0-255,5738,144626,77,357645
4361,0.001214,172.31.40.0-255,66,144692,77,357645
4362,0.001227,172.217.194.0-255,1484,146176,77,357645
4363,0.001252,172.217.194.0-255,11410,157586,77,357645
4364,0.001256,172.31.40.0-255,66,157652,77,357645
4365,0.00126,172.217.194.0-255,2902,160554,77,357645
4366,0.001262,172.31.40.0-255,66,160620,77,357645
4367,0.001304,172.217.194.0-255,7156,167776,77,357645
4368,0.001308,172.31.40.0-255,66,167842,77,357645
4369,0.001328,172.217.194.0-255,766,168608,77,357645
4370,0.001337,172.217.194.0-255,8574,177182,77,357645
4371,0.00134,172.31.40.0-255,66,177248,77,357645
4372,0.001344,172.217.194.0-255,2902,180150,77,357645
4373,0.001346,172.31.40.0-255,66,180216,77,357645
4374,0.001392,172.31.40.0-255,66,180282,77,357645
4375,0.001396,172.217.194.0-255,2902,183184,77,357645
4376,0.001398,172.31.40.0-255,66,183250,77,357645
4377,0.001401,172.217.194.0-255,1484,184734,77,357645
4378,0.00143,172.217.194.0-255,6438,191172,77,357645
4379,0.001434,172.31.40.0-255,66,191238,77,357645
4380,0.001441,172.217.194.0-255,7156,198394,77,357645
4381,0.001444,172.31.40.0-255,66,198460,77,357645
4382,0.001461,172.217.194.0-255,1484,199944,77,357645
4383,0.00148,172.31.40.0-255,66,200010,77,357645
4384,0.001485,172.217.194.0-255,2184,202194,77,357645
4385,0.001488,172.31.40.0-255,66,202260,77,357645
4386,0.00155,172.217.194.0-255,1484,203744,77,357645
4387,0.001555,172.217.194.0-255,2902,206646,77,357645
4388,0.001559,172.31.40.0-255,66,206712,77,357645
4389,0.00161,172.217.194.0-255,5738,212450,77,357645
4390,0.001615,172.31.40.0-255,66,212516,77,357645
4391,0.00163,172.217.194.0-255,12828,225344,77,357645
4392,0.001633,172.31.40.0-255,66,225410,77,357645
4393,0.001642,172.217.194.0-255,10692,236102,77,357645
4394,0.001645,172.31.40.0-255,66,236168,77,357645
4395,0.0018,172.217.194.0-255,1484,237652,77,357645
4396,0.001806,172.217.194.0-255,2902,240554,77,357645
4397,0.001809,172.31.40.0-255,66,240620,77,357645
4398,0.001834,172.217.194.0-255,5738,246358,77,357645
4399,0.001838,172.31.40.0-255,66,246424,77,357645
4400,0.001843,172.217.194.0-255,5738,252162,77,357645
4401,0.001845,172.31.40.0-255,66,252228,77,357645
4402,0.001866,172.217.194.0-255,7156,259384,77,357645
4403,0.001869,172.31.40.0-255,66,259450,77,357645
4404,0.001873,172.217.194.0-255,2902,262352,77,357645
4405,0.001875,172.31.40.0-255,66,262418,77,357645
4406,0.001902,172.217.194.0-255,7156,269574,77,357645
4407,0.001905,172.31.40.0-255,66,269640,77,357645
4408,0.001908,172.217.194.0-255,766,270406,77,357645
4409,0.002025,172.217.194.0-255,1484,271890,77,357645
4410,0.002028,172.31.40.0-255,66,271956,77,357645
4411,0.002038,172.217.194.0-255,1484,273440,77,357645
4412,0.002051,172.217.194.0-255,1484,274924,77,357645
4413,0.002053,172.31.40.0-255,66,274990,77,357645
4414,0.00206,172.217.194.0-255,5738,280728,77,357645
4415,0.002062,172.31.40.0-255,66,280794,77,357645
4416,0.002067,172.217.194.0-255,4320,285114,77,357645
4417,0.00207,172.31.40.0-255,66,285180,77,357645
4418,0.002095,172.217.194.0-255,4320,289500,77,357645
4419,0.002099,172.31.40.0-255,66,289566,77,357645
4420,0.00213,172.217.194.0-255,4320,293886,77,357645
4421,0.002133,172.31.40.0-255,66,293952,77,357645
4422,0.002165,172.217.194.0-255,12110,306062,77,357645
4423,0.002168,172.31.40.0-255,66,306128,77,357645
4424,0.002184,172.31.40.0-255,66,306194,77,357645
4425,0.002198,172.31.40.0-255,66,306260,77,357645
4426,0.002255,172.217.194.0-255,8574,314834,77,357645
4427,0.002259,172.31.40.0-255,66,314900,77,357645
4428,0.002281,172.217.194.0-255,12828,327728,77,357645
4429,0.002283,172.31.40.0-255,66,327794,77,357645
4430,0.002296,172.217.194.0-255,2902,330696,77,357645
4431,0.002298,172.31.40.0-255,66,330762,77,357645
4432,0.002326,172.217.194.0-255,8574,339336,77,357645
4433,0.002329,172.31.40.0-255,66,339402,77,357645
4434,0.002336,172.217.194.0-255,7884,347286,77,357645
4435,0.002338,172.31.40.0-255,66,347352,77,357645
4436,0.00234,172.217.194.0-255,105,347457,77,357645
4437,0.003129,172.217.194.0-255,66,347523,77,357645
4438,0.014918,172.31.40.0-255,105,347628,77,357645
4439,0.01753,172.217.194.0-255,66,347694,77,357645
4440,0.052643,172.31.40.0-255,172,347866,77,357645
4441,0.052677,172.31.40.0-255,1120,348986,77,357645
4442,0.052746,172.31.40.0-255,1514,350500,77,357645
4443,0.052748,172.31.40.0-255,1514,352014,77,357645
4444,0.052753,172.31.40.0-255,1514,353528,77,357645
4445,0.052755,172.31.40.0-255,1514,355042,77,357645
4446,0.052775,172.31.40.0-255,1514,356556,77,357645
4447,0.052777,172.31.40.0-255,825,357381,77,357645
4448,0.054202,104.244.42.0-255,66,357447,77,357645
4449,0.054232,104.244.42.0-255,66,357513,77,357645
4450,0.054339,104.244.42.0-255,66,357579,77,357645
4451,0.054345,104.244.42.0-255,66,357645,77,357645
4452,0.0,172.217.194.0-255,153,153,77,346698
4453,2.9e-05,172.31.40.0-255,66,219,77,346698
4454,3.8e-05,172.217.194.0-255,1484,1703,77,346698
4455,4.2e-05,172.31.40.0-255,66,1769,77,346698
4456,4.9e-05,172.217.194.0-255,2902,4671,77,346698
4457,5.3e-05,172.31.40.0-255,66,4737,77,346698
4458,6.1e-05,172.217.194.0-255,7156,11893,77,346698
4459,6.5e-05,172.31.40.0-255,66,11959,77,346698
4460,0.000101,172.217.194.0-255,9992,21951,77,346698
4461,0.000104,172.31.40.0-255,66,22017,77,346698
4462,0.000126,172.217.194.0-255,6357,28374,77,346698
4463,0.000129,172.31.40.0-255,66,28440,77,346698
4464,0.000134,172.217.194.0-255,2543,30983,77,346698
4465,0.000136,172.31.40.0-255,66,31049,77,346698
4466,0.000139,172.217.194.0-255,1484,32533,77,346698
4467,0.000141,172.31.40.0-255,66,32599,77,346698
4468,0.000146,172.217.194.0-255,2902,35501,77,346698
4469,0.000149,172.31.40.0-255,66,35567,77,346698
4470,0.000155,172.217.194.0-255,4320,39887,77,346698
4471,0.000158,172.31.40.0-255,66,39953,77,346698
4472,0.000175,172.217.194.0-255,1484,41437,77,346698
4473,0.000177,172.31.40.0-255,66,41503,77,346698
4474,0.000185,172.217.194.0-255,5738,47241,77,346698
4475,0.000188,172.31.40.0-255,66,47307,77,346698
4476,0.00021,172.217.194.0-255,6797,54104,77,346698
4477,0.000213,172.31.40.0-255,66,54170,77,346698
4478,0.000229,172.217.194.0-255,4320,58490,77,346698
4479,0.000232,172.31.40.0-255,66,58556,77,346698
4480,0.000258,172.217.194.0-255,7119,65675,77,346698
4481,0.000261,172.31.40.0-255,66,65741,77,346698
4482,0.000263,172.217.194.0-255,366,66107,77,346698
4483,0.000265,172.31.40.0-255,66,66173,77,346698
4484,0.000399,172.217.194.0-255,1484,67657,77,346698
4485,0.000407,172.217.194.0-255,2902,70559,77,346698
4486,0.000411,172.31.40.0-255,66,70625,77,346698
4487,0.000433,172.217.194.0-255,4320,74945,77,346698
4488,0.000436,172.31.40.0-255,66,75011,77,346698
4489,0.000456,172.217.194.0-255,1484,76495,77,346698
4490,0.000465,172.217.194.0-255,7156,83651,77,346698
4491,0.000467,172.31.40.0-255,66,83717,77,346698
4492,0.000477,172.217.194.0-255,9992,93709,77,346698
4493,0.00048,172.31.40.0-255,66,93775,77,346698
4494,0.000504,172.217.194.0-255,4320,98095,77,346698
4495,0.000506,172.31.40.0-255,66,98161,77,346698
4496,0.00051,172.217.194.0-255,2184,100345,77,346698
4497,0.000513,172.31.40.0-255,66,100411,77,346698
4498,0.000736,172.217.194.0-255,1484,101895,77,346698
4499,0.000743,172.217.194.0-255,2902,104797,77,346698
4500,0.000748,172.31.40.0-255,66,104863,77,346698
4501,0.000754,172.217.194.0-255,4320,109183,77,346698
4502,0.000756,172.31.40.0-255,66,109249,77,346698
4503,0.00077,172.217.194.0-255,1484,110733,77,346698
4504,0.000783,172.217.194.0-255,12828,123561,77,346698
4505,0.000785,172.31.40.0-255,66,123627,77,346698
4506,0.000794,172.217.194.0-255,7156,130783,77,346698
4507,0.000797,172.31.40.0-255,66,130849,77,346698
4508,0.000812,172.217.194.0-255,3602,134451,77,346698
4509,0.000814,172.31.40.0-255,66,134517,77,346698
4510,0.000882,172.217.194.0-255,1484,136001,77,346698
4511,0.000887,172.217.194.0-255,1484,137485,77,346698
4512,0.00089,172.31.40.0-255,66,137551,77,346698
4513,0.000912,172.217.194.0-255,1484,139035,77,346698
4514,0.000919,172.217.194.0-255,5738,144773,77,346698
4515,0.000922,172.31.40.0-255,66,144839,77,346698
4516,0.000931,172.217.194.0-255,9992,154831,77,346698
4517,0.000934,172.31.40.0-255,66,154897,77,346698
4518,0.000947,172.217.194.0-255,2902,157799,77,346698
4519,0.000949,172.31.40.0-255,66,157865,77,346698
4520,0.000954,172.217.194.0-255,2902,160767,77,346698
4521,0.000956,172.31.40.0-255,66,160833,77,346698
4522,0.000986,172.217.194.0-255,7856,168689,77,346698
4523,0.000989,172.31.40.0-255,66,168755,77,346698
4524,0.000997,172.217.194.0-255,8574,177329,77,346698
4525,0.001,172.31.40.0-255,66,177395,77,346698
4526,0.001005,172.217.194.0-255,4320,181715,77,346698
4527,0.001007,172.31.40.0-255,66,181781,77,346698
4528,0.001031,172.217.194.0-255,5738,187519,77,346698
4529,0.001033,172.31.40.0-255,66,187585,77,346698
4530,0.001048,172.217.194.0-255,2902,190487,77,346698
4531,0.00105,172.31.40.0-255,66,190553,77,346698
4532,0.001077,172.217.194.0-255,11410,201963,77,346698
4533,0.00108,172.31.40.0-255,66,202029,77,346698
4534,0.001094,172.217.194.0-255,766,202795,77,346698
4535,0.001731,172.217.194.0-255,1484,204279,77,346698
4536,0.001736,172.31.40.0-255,66,204345,77,346698
4537,0.001742,172.217.194.0-255,2902,207247,77,346698
4538,0.001744,172.31.40.0-255,66,207313,77,346698
4539,0.001782,172.217.194.0-255,4320,211633,77,346698
4540,0.001785,172.31.40.0-255,66,211699,77,346698
4541,0.001803,172.217.194.0-255,1484,213183,77,346698
4542,0.001815,172.217.194.0-255,12828,226011,77,346698
4543,0.001818,172.31.40.0-255,66,226077,77,346698
4544,0.001828,172.217.194.0-255,10692,236769,77,346698
4545,0.00183,172.31.40.0-255,66,236835,77,346698
4546,0.001943,172.217.194.0-255,1484,238319,77,346698
4547,0.001949,172.217.194.0-255,2902,241221,77,346698
4548,0.001952,172.31.40.0-255,66,241287,77,346698
4549,0.001959,172.217.194.0-255,4320,245607,77,346698
4550,0.001961,172.31.40.0-255,66,245673,77,346698
4551,0.001982,172.217.194.0-255,1484,247157,77,346698
4552,0.001987,172.217.194.0-255,2902,250059,77,346698
4553,0.001989,172.31.40.0-255,66,250125,77,346698
4554,0.002024,172.217.194.0-255,9992,260117,77,346698
4555,0.002027,172.31.40.0-255,66,260183,77,346698
4556,0.002037,172.217.194.0-255,10692,270875,77,346698
4557,0.002039,172.31.40.0-255,66,270941,77,346698
4558,0.002045,172.217.194.0-255,4320,275261,77,346698
4559,0.002047,172.31.40.0-255,66,275327,77,346698
4560,0.002083,172.217.194.0-255,7156,282483,77,346698
4561,0.002086,172.31.40.0-255,66,282549,77,346698
4562,0.002121,172.31.40.0-255,66,282615,77,346698
4563,0.002129,172.217.194.0-255,7856,290471,77,346698
4564,0.002131,172.31.40.0-255,66,290537,77,346698
4565,0.002169,172.31.40.0-255,66,290603,77,346698
4566,0.002199,172.217.194.0-255,1484,292087,77,346698
4567,0.002209,172.217.194.0-255,9274,301361,77,346698
4568,0.002212,172.31.40.0-255,66,301427,77,346698
4569,0.002221,172.217.194.0-255,9992,311419,77,346698
4570,0.002224,172.31.40.0-255,66,311485,77,346698
4571,0.002242,172.31.40.0-255,66,311551,77,346698
4572,0.002267,172.217.194.0-255,4320,315871,77,346698
4573,0.002269,172.31.40.0-255,66,315937,77,346698
4574,0.002277,172.217.194.0-255,6438,322375,77,346698
4575,0.002279,172.31.40.0-255,66,322441,77,346698
4576,0.002285,172.217.194.0-255,4320,326761,77,346698
4577,0.002288,172.31.40.0-255,66,326827,77,346698
4578,0.002324,172.217.194.0-255,2902,329729,77,346698
4579,0.002327,172.31.40.0-255,66,329795,77,346698
4580,0.002343,172.31.40.0-255,66,329861,77,346698
4581,0.002354,172.217.194.0-255,11936,341797,77,346698
4582,0.002356,172.31.40.0-255,66,341863,77,346698
4583,0.002359,172.217.194.0-255,97,341960,77,346698
4584,0.004632,172.217.194.0-255,105,342065,77,346698
4585,0.010879,172.217.194.0-255,105,342170,77,346698
4586,0.010895,172.31.40.0-255,78,342248,77,346698
4587,0.011163,172.31.40.0-255,105,342353,77,346698
4588,0.01339,172.217.194.0-255,66,342419,77,346698
4589,0.04004,172.31.40.0-255,172,342591,77,346698
4590,0.040073,172.31.40.0-255,1121,343712,77,346698
4591,0.040137,172.31.40.0-255,1514,345226,77,346698
4592,0.040139,172.31.40.0-255,1274,346500,77,346698
4593,0.041614,104.244.42.0-255,66,346566,77,346698
4594,0.04163,104.244.42.0-255,66,346632,77,346698
4595,0.041698,104.244.42.0-255,66,346698,77,346698
4596,0.0,172.31.40.0-255,105,105,77,276
4597,0.001748,157.240.25.0-255,105,210,77,276
4598,0.041182,172.31.40.0-255,66,276,77,276
4599,0.0,74.125.24.0-255,153,153,77,394028
4600,2.2e-05,172.31.40.0-255,66,219,77,394028
4601,2.9e-05,74.125.24.0-255,1484,1703,77,394028
4602,3.3e-05,172.31.40.0-255,66,1769,77,394028
4603,3.8e-05,74.125.24.0-255,2902,4671,77,394028
4604,4.1e-05,172.31.40.0-255,66,4737,77,394028
4605,4.8e-05,74.125.24.0-255,7156,11893,77,394028
4606,5.3e-05,172.31.40.0-255,66,11959,77,394028
4607,5.7e-05,74.125.24.0-255,2098,14057,77,394028
4608,6e-05,172.31.40.0-255,66,14123,77,394028
4609,7e-05,74.125.24.0-255,11410,25533,77,394028
4610,7.3e-05,172.31.40.0-255,66,25599,77,394028
4611,8.1e-05,74.125.24.0-255,5379,30978,77,394028
4612,8.4e-05,172.31.40.0-255,66,31044,77,394028
4613,0.000161,74.125.24.0-255,1484,32528,77,394028
4614,0.000164,172.31.40.0-255,66,32594,77,394028
4615,0.000169,74.125.24.0-255,2902,35496,77,394028
4616,0.000171,172.31.40.0-255,66,35562,77,394028
4617,0.000195,74.125.24.0-255,2902,38464,77,394028
4618,0.000197,172.31.40.0-255,66,38530,77,394028
4619,0.000221,74.125.24.0-255,2902,41432,77,394028
4620,0.000224,172.31.40.0-255,66,41498,77,394028
4621,0.000231,74.125.24.0-255,6797,48295,77,394028
4622,0.000233,172.31.40.0-255,66,48361,77,394028
4623,0.000247,74.125.24.0-255,1484,49845,77,394028
4624,0.000249,172.31.40.0-255,66,49911,77,394028
4625,0.000294,172.31.40.0-255,66,49977,77,394028
4626,0.000297,74.125.24.0-255,1430,51407,77,394028
4627,0.0003,172.31.40.0-255,66,51473,77,394028
4628,0.000459,74.125.24.0-255,116,51589,77,394028
4629,0.000464,172.31.40.0-255,66,51655,77,394028
4630,0.000497,74.125.24.0-255,1484,53139,77,394028
4631,0.000502,74.125.24.0-255,1484,54623,77,394028
4632,0.000504,172.31.40.0-255,66,54689,77,394028
4633,0.000527,74.125.24.0-255,1484,56173,77,394028
4634,0.000534,74.125.24.0-255,7156,63329,77,394028
4635,0.000536,172.31.40.0-255,66,63395,77,394028
4636,0.000539,74.125.24.0-255,1484,64879,77,394028
4637,0.000572,172.31.40.0-255,66,64945,77,394028
4638,0.000588,74.125.24.0-255,2902,67847,77,394028
4639,0.000592,172.31.40.0-255,66,67913,77,394028
4640,0.000605,74.125.24.0-255,3866,71779,77,394028
4641,0.000608,172.31.40.0-255,66,71845,77,394028
4642,0.000677,74.125.24.0-255,1484,73329,77,394028
4643,0.000692,74.125.24.0-255,2902,76231,77,394028
4644,0.000695,172.31.40.0-255,66,76297,77,394028
4645,0.000699,74.125.24.0-255,1484,77781,77,394028
4646,0.000717,74.125.24.0-255,4320,82101,77,394028
4647,0.00072,172.31.40.0-255,66,82167,77,394028
4648,0.000729,74.125.24.0-255,8574,90741,77,394028
4649,0.000731,172.31.40.0-255,66,90807,77,394028
4650,0.000759,74.125.24.0-255,1484,92291,77,394028
4651,0.000773,74.125.24.0-255,12980,105271,77,394028
4652,0.000776,172.31.40.0-255,66,105337,77,394028
4653,0.000838,74.125.24.0-255,1484,106821,77,394028
4654,0.000843,74.125.24.0-255,2902,109723,77,394028
4655,0.000847,172.31.40.0-255,66,109789,77,394028
4656,0.000854,74.125.24.0-255,5738,115527,77,394028
4657,0.000857,172.31.40.0-255,66,115593,77,394028
4658,0.000891,74.125.24.0-255,9992,125585,77,394028
4659,0.000894,172.31.40.0-255,66,125651,77,394028
4660,0.000913,74.125.24.0-255,2902,128553,77,394028
4661,0.000915,172.31.40.0-255,66,128619,77,394028
4662,0.000921,74.125.24.0-255,4320,132939,77,394028
4663,0.000923,172.31.40.0-255,66,133005,77,394028
4664,0.000929,74.125.24.0-255,5738,138743,77,394028
4665,0.000932,172.31.40.0-255,66,138809,77,394028
4666,0.000935,74.125.24.0-255,766,139575,77,394028
4667,0.001055,74.125.24.0-255,1484,141059,77,394028
4668,0.001059,172.31.40.0-255,66,141125,77,394028
4669,0.001064,74.125.24.0-255,2902,144027,77,394028
4670,0.001067,172.31.40.0-255,66,144093,77,394028
4671,0.001072,74.125.24.0-255,2902,146995,77,394028
4672,0.001074,172.31.40.0-255,66,147061,77,394028
4673,0.001087,74.125.24.0-255,2902,149963,77,394028
4674,0.001089,172.31.40.0-255,66,150029,77,394028
4675,0.001094,74.125.24.0-255,2902,152931,77,394028
4676,0.001097,172.31.40.0-255,66,152997,77,394028
4677,0.001134,74.125.24.0-255,9992,162989,77,394028
4678,0.001137,172.31.40.0-255,66,163055,77,394028
4679,0.001141,74.125.24.0-255,2902,165957,77,394028
4680,0.001143,172.31.40.0-255,66,166023,77,394028
4681,0.001158,74.125.24.0-255,4320,170343,77,394028
4682,0.001161,172.31.40.0-255,66,170409,77,394028
4683,0.001191,74.125.24.0-255,3602,174011,77,394028
4684,0.001194,172.31.40.0-255,66,174077,77,394028
4685,0.001713,74.125.24.0-255,1484,175561,77,394028
4686,0.001719,74.125.24.0-255,2902,178463,77,394028
4687,0.001722,172.31.40.0-255,66,178529,77,394028
4688,0.001744,74.125.24.0-255,4320,182849,77,394028
4689,0.001747,172.31.40.0-255,66,182915,77,394028
4690,0.001758,74.125.24.0-255,1484,184399,77,394028
4691,0.001784,74.125.24.0-255,7156,191555,77,394028
4692,0.001787,172.31.40.0-255,66,191621,77,394028
4693,0.001796,74.125.24.0-255,8574,200195,77,394028
4694,0.001798,172.31.40.0-255,66,200261,77,394028
4695,0.001853,74.125.24.0-255,1484,201745,77,394028
4696,0.001857,74.125.24.0-255,2902,204647,77,394028
4697,0.001859,172.31.40.0-255,66,204713,77,394028
4698,0.001882,74.125.24.0-255,3602,208315,77,394028
4699,0.001885,172.31.40.0-255,66,208381,77,394028
4700,0.002264,74.125.24.0-255,1484,209865,77,394028
4701,0.002289,74.125.24.0-255,2902,212767,77,394028
4702,0.002293,172.31.40.0-255,66,212833,77,394028
4703,0.002301,74.125.24.0-255,5738,218571,77,394028
4704,0.002303,172.31.40.0-255,66,218637,77,394028
4705,0.002314,74.125.24.0-255,8574,227211,77,394028
4706,0.002316,172.31.40.0-255,66,227277,77,394028
4707,0.00234,74.125.24.0-255,4320,231597,77,394028
4708,0.002342,172.31.40.0-255,66,231663,77,394028
4709,0.002352,74.125.24.0-255,10692,242355,77,394028
4710,0.002354,172.31.40.0-255,66,242421,77,394028
4711,0.002381,74.125.24.0-255,1484,243905,77,394028
4712,0.002406,74.125.24.0-255,1484,245389,77,394028
4713,0.002408,172.31.40.0-255,66,245455,77,394028
4714,0.002414,74.125.24.0-255,4320,249775,77,394028
4715,0.002416,172.31.40.0-255,66,249841,77,394028
4716,0.002424,74.125.24.0-255,8574,258415,77,394028
4717,0.002426,172.31.40.0-255,66,258481,77,394028
4718,0.00243,74.125.24.0-255,2902,261383,77,394028
4719,0.002433,172.31.40.0-255,66,261449,77,394028
4720,0.004787,74.125.24.0-255,5738,267187,77,394028
4721,0.004795,172.31.40.0-255,66,267253,77,394028
4722,0.007154,74.125.24.0-255,5738,272991,77,394028
4723,0.00716,172.31.40.0-255,66,273057,77,394028
4724,0.009567,74.125.24.0-255,5738,278795,77,394028
4725,0.009584,172.31.40.0-255,66,278861,77,394028
4726,0.011981,74.125.24.0-255,5738,284599,77,394028
4727,0.011993,172.31.40.0-255,66,284665,77,394028
4728,0.014384,74.125.24.0-255,5738,290403,77,394028
4729,0.014391,172.31.40.0-255,66,290469,77,394028
4730,0.016773,74.125.24.0-255,5738,296207,77,394028
4731,0.016783,172.31.40.0-255,66,296273,77,394028
4732,0.019174,74.125.24.0-255,5738,302011,77,394028
4733,0.019182,172.31.40.0-255,66,302077,77,394028
4734,0.021579,74.125.24.0-255,5738,307815,77,394028
4735,0.021588,172.31.40.0-255,66,307881,77,394028
4736,0.023984,74.125.24.0-255,5738,313619,77,394028
4737,0.023996,172.31.40.0-255,66,313685,77,394028
4738,0.026397,74.125.24.0-255,5738,319423,77,394028
4739,0.026408,172.31.40.0-255,66,319489,77,394028
4740,0.028778,74.125.24.0-255,5738,325227,77,394028
4741,0.028787,172.31.40.0-255,66,325293,77,394028
4742,0.031165,74.125.24.0-255,5738,331031,77,394028
4743,0.031178,172.31.40.0-255,66,331097,77,394028
4744,0.033542,74.125.24.0-255,5738,336835,77,394028
4745,0.033549,172.31.40.0-255,66,336901,77,394028
4746,0.035906,74.125.24.0-255,5738,342639,77,394028
4747,0.035917,172.31.40.0-255,66,342705,77,394028
4748,0.038314,74.125.24.0-255,5738,348443,77,394028
4749,0.038322,172.31.40.0-255,66,348509,77,394028
4750,0.040721,74.125.24.0-255,5738,354247,77,394028
4751,0.040738,172.31.40.0-255,66,354313,77,394028
4752,0.043145,74.125.24.0-255,5738,360051,77,394028
4753,0.043157,172.31.40.0-255,66,360117,77,394028
4754,0.045548,74.125.24.0-255,5738,365855,77,394028
4755,0.04556,172.31.40.0-255,66,365921,77,394028
4756,0.047988,74.125.24.0-255,5738,371659,77,394028
4757,0.048007,172.31.40.0-255,66,371725,77,394028
4758,0.050413,74.125.24.0-255,5738,377463,77,394028
4759,0.050421,172.31.40.0-255,66,377529,77,394028
4760,0.050851,172.31.40.0-255,171,377700,77,394028
4761,0.050883,172.31.40.0-255,1145,378845,77,394028
4762,0.050948,172.31.40.0-255,1514,380359,77,394028
4763,0.05095,172.31.40.0-255,1514,381873,77,394028
4764,0.050955,172.31.40.0-255,1514,383387,77,394028
4765,0.050956,172.31.40.0-255,1514,384901,77,394028
4766,0.050976,172.31.40.0-255,710,385611,77,394028
4767,0.052422,104.244.42.0-255,66,385677,77,394028
4768,0.052457,104.244.42.0-255,66,385743,77,394028
4769,0.052505,104.244.42.0-255,66,385809,77,394028
4770,0.052509,104.244.42.0-255,66,385875,77,394028
4771,0.052838,74.125.24.0-255,5738,391613,77,394028
4772,0.052845,172.31.40.0-255,66,391679,77,394028
4773,0.055224,74.125.24.0-255,2112,393791,77,394028
4774,0.055241,172.31.40.0-255,66,393857,77,394028
4775,0.055508,172.31.40.0-255,105,393962,77,394028
4776,0.057858,74.125.24.0-255,66,394028,77,394028
4777,0.0,74.125.68.0-255,153,153,77,420951
4778,2.2e-05,172.31.40.0-255,66,219,77,420951
4779,2.9e-05,74.125.68.0-255,1484,1703,77,420951
4780,3.4e-05,172.31.40.0-255,66,1769,77,420951
4781,4e-05,74.125.68.0-255,2902,4671,77,420951
4782,4.2e-05,172.31.40.0-255,66,4737,77,420951
4783,4.9e-05,74.125.68.0-255,5738,10475,77,420951
4784,5.2e-05,172.31.40.0-255,66,10541,77,420951
4785,5.7e-05,74.125.68.0-255,2902,13443,77,420951
4786,6e-05,172.31.40.0-255,66,13509,77,420951
4787,8.1e-05,74.125.68.0-255,716,14225,77,420951
4788,8.3e-05,172.31.40.0-255,66,14291,77,420951
4789,8.9e-05,74.125.68.0-255,4320,18611,77,420951
4790,9.2e-05,172.31.40.0-255,66,18677,77,420951
4791,0.000125,74.125.68.0-255,5738,24415,77,420951
4792,0.000128,172.31.40.0-255,66,24481,77,420951
4793,0.000134,74.125.68.0-255,5738,30219,77,420951
4794,0.000136,172.31.40.0-255,66,30285,77,420951
4795,0.000159,74.125.68.0-255,1484,31769,77,420951
4796,0.000161,172.31.40.0-255,66,31835,77,420951
4797,0.00017,74.125.68.0-255,8574,40409,77,420951
4798,0.000172,172.31.40.0-255,66,40475,77,420951
4799,0.000219,74.125.68.0-255,4320,44795,77,420951
4800,0.000221,172.31.40.0-255,66,44861,77,420951
4801,0.000236,74.125.68.0-255,3602,48463,77,420951
4802,0.000238,172.31.40.0-255,66,48529,77,420951
4803,0.000257,74.125.68.0-255,1484,50013,77,420951
4804,0.000259,172.31.40.0-255,66,50079,77,420951
4805,0.000303,74.125.68.0-255,2902,52981,77,420951
4806,0.000306,172.31.40.0-255,66,53047,77,420951
4807,0.000309,74.125.68.0-255,1484,54531,77,420951
4808,0.000312,172.31.40.0-255,66,54597,77,420951
4809,0.000318,74.125.68.0-255,2902,57499,77,420951
4810,0.000321,172.31.40.0-255,66,57565,77,420951
4811,0.000349,74.125.68.0-255,5738,63303,77,420951
4812,0.000351,172.31.40.0-255,66,63369,77,420951
4813,0.000354,74.125.68.0-255,1484,64853,77,420951
4814,0.000369,74.125.68.0-255,1467,66320,77,420951
4815,0.000371,172.31.40.0-255,66,66386,77,420951
4816,0.000437,74.125.68.0-255,1484,67870,77,420951
4817,0.000452,74.125.68.0-255,2902,70772,77,420951
4818,0.000455,172.31.40.0-255,66,70838,77,420951
4819,0.00046,74.125.68.0-255,2902,73740,77,420951
4820,0.000463,172.31.40.0-255,66,73806,77,420951
4821,0.000483,74.125.68.0-255,4320,78126,77,420951
4822,0.000486,172.31.40.0-255,66,78192,77,420951
4823,0.00049,74.125.68.0-255,2902,81094,77,420951
4824,0.000493,172.31.40.0-255,66,81160,77,420951
4825,0.000515,74.125.68.0-255,5738,86898,77,420951
4826,0.000519,172.31.40.0-255,66,86964,77,420951
4827,0.000536,74.125.68.0-255,1484,88448,77,420951
4828,0.00055,74.125.68.0-255,2902,91350,77,420951
4829,0.000553,172.31.40.0-255,66,91416,77,420951
4830,0.000565,74.125.68.0-255,1484,92900,77,420951
4831,0.00057,74.125.68.0-255,2902,95802,77,420951
4832,0.000572,172.31.40.0-255,66,95868,77,420951
4833,0.0006,74.125.68.0-255,4320,100188,77,420951
4834,0.000603,172.31.40.0-255,66,100254,77,420951
4835,0.000605,74.125.68.0-255,766,101020,77,420951
4836,0.000608,74.125.68.0-255,1484,102504,77,420951
4837,0.00061,172.31.40.0-255,66,102570,77,420951
4838,0.000616,74.125.68.0-255,4320,106890,77,420951
4839,0.000618,172.31.40.0-255,66,106956,77,420951
4840,0.000621,74.125.68.0-255,1484,108440,77,420951
4841,0.000624,74.125.68.0-255,1484,109924,77,420951
4842,0.000626,172.31.40.0-255,66,109990,77,420951
4843,0.000644,74.125.68.0-255,5738,115728,77,420951
4844,0.000646,172.31.40.0-255,66,115794,77,420951
4845,0.000663,74.125.68.0-255,1484,117278,77,420951
4846,0.000684,74.125.68.0-255,2902,120180,77,420951
4847,0.000687,172.31.40.0-255,66,120246,77,420951
4848,0.000694,74.125.68.0-255,5738,125984,77,420951
4849,0.000696,172.31.40.0-255,66,126050,77,420951
4850,0.000748,74.125.68.0-255,4320,130370,77,420951
4851,0.000751,172.31.40.0-255,66,130436,77,420951
4852,0.00077,74.125.68.0-255,4718,135154,77,420951
4853,0.000772,172.31.40.0-255,66,135220,77,420951
4854,0.000941,74.125.68.0-255,1484,136704,77,420951
4855,0.000971,74.125.68.0-255,2902,139606,77,420951
4856,0.000974,172.31.40.0-255,66,139672,77,420951
4857,0.000979,74.125.68.0-255,2902,142574,77,420951
4858,0.000982,172.31.40.0-255,66,142640,77,420951
4859,0.000985,74.125.68.0-255,1484,144124,77,420951
4860,0.001006,74.125.68.0-255,2902,147026,77,420951
4861,0.001009,172.31.40.0-255,66,147092,77,420951
4862,0.001026,74.125.68.0-255,4320,151412,77,420951
4863,0.001028,172.31.40.0-255,66,151478,77,420951
4864,0.00105,74.125.68.0-255,2902,154380,77,420951
4865,0.001052,172.31.40.0-255,66,154446,77,420951
4866,0.001059,74.125.68.0-255,5738,160184,77,420951
4867,0.001061,172.31.40.0-255,66,160250,77,420951
4868,0.001074,74.125.68.0-255,2902,163152,77,420951
4869,0.001076,172.31.40.0-255,66,163218,77,420951
4870,0.001082,74.125.68.0-255,6438,169656,77,420951
4871,0.001085,172.31.40.0-255,66,169722,77,420951
4872,0.001321,172.31.40.0-255,101,169823,77,420951
4873,0.001948,74.125.68.0-255,1484,171307,77,420951
4874,0.001956,74.125.68.0-255,2902,174209,77,420951
4875,0.001959,172.31.40.0-255,66,174275,77,420951
4876,0.001963,74.125.68.0-255,1484,175759,77,420951
4877,0.001981,74.125.68.0-255,4320,180079,77,420951
4878,0.001983,172.31.40.0-255,66,180145,77,420951
4879,0.001988,74.125.68.0-255,2902,183047,77,420951
4880,0.00199,172.31.40.0-255,66,183113,77,420951
4881,0.00202,74.125.68.0-255,4320,187433,77,420951
4882,0.002023,172.31.40.0-255,66,187499,77,420951
4883,0.002026,74.125.68.0-255,1484,188983,77,420951
4884,0.00204,74.125.68.0-255,5738,194721,77,420951
4885,0.002042,172.31.40.0-255,66,194787,77,420951
4886,0.002055,74.125.68.0-255,1484,196271,77,420951
4887,0.002061,74.125.68.0-255,4320,200591,77,420951
4888,0.002064,172.31.40.0-255,66,200657,77,420951
4889,0.002091,74.125.68.0-255,1484,202141,77,420951
4890,0.002105,74.125.68.0-255,2184,204325,77,420951
4891,0.002109,172.31.40.0-255,66,204391,77,420951
4892,0.002286,74.125.68.0-255,1484,205875,77,420951
4893,0.003569,74.125.68.0-255,66,205941,77,420951
4894,0.004381,74.125.68.0-255,4320,210261,77,420951
4895,0.004387,172.31.40.0-255,66,210327,77,420951
4896,0.006665,74.125.68.0-255,5738,216065,77,420951
4897,0.006669,172.31.40.0-255,66,216131,77,420951
4898,0.008949,74.125.68.0-255,5738,221869,77,420951
4899,0.008956,172.31.40.0-255,66,221935,77,420951
4900,0.011258,74.125.68.0-255,5738,227673,77,420951
4901,0.011276,172.31.40.0-255,66,227739,77,420951
4902,0.01356,74.125.68.0-255,5738,233477,77,420951
4903,0.013575,172.31.40.0-255,66,233543,77,420951
4904,0.015879,74.125.68.0-255,5738,239281,77,420951
4905,0.015894,172.31.40.0-255,66,239347,77,420951
4906,0.018185,74.125.68.0-255,5738,245085,77,420951
4907,0.018195,172.31.40.0-255,66,245151,77,420951
4908,0.020471,74.125.68.0-255,5738,250889,77,420951
4909,0.02048,172.31.40.0-255,66,250955,77,420951
4910,0.022757,74.125.68.0-255,5738,256693,77,420951
4911,0.022766,172.31.40.0-255,66,256759,77,420951
4912,0.025058,74.125.68.0-255,5738,262497,77,420951
4913,0.025069,172.31.40.0-255,66,262563,77,420951
4914,0.027348,74.125.68.0-255,5738,268301,77,420951
4915,0.027357,172.31.40.0-255,66,268367,77,420951
4916,0.029636,74.125.68.0-255,2902,271269,77,420951
4917,0.029642,172.31.40.0-255,66,271335,77,420951
4918,0.029664,74.125.68.0-255,2902,274237,77,420951
4919,0.029666,172.31.40.0-255,66,274303,77,420951
4920,0.031913,74.125.68.0-255,2902,277205,77,420951
4921,0.03192,172.31.40.0-255,66,277271,77,420951
4922,0.031941,74.125.68.0-255,2902,280173,77,420951
4923,0.031943,172.31.40.0-255,66,280239,77,420951
4924,0.034207,74.125.68.0-255,5738,285977,77,420951
4925,0.034222,172.31.40.0-255,66,286043,77,420951
4926,0.036498,74.125.68.0-255,5738,291781,77,420951
4927,0.036506,172.31.40.0-255,66,291847,77,420951
4928,0.038788,74.125.68.0-255,5738,297585,77,420951
4929,0.038798,172.31.40.0-255,66,297651,77,420951
4930,0.041096,74.125.68.0-255,5738,303389,77,420951
4931,0.041111,172.31.40.0-255,66,303455,77,420951
4932,0.043394,74.125.68.0-255,5738,309193,77,420951
4933,0.043402,172.31.40.0-255,66,309259,77,420951
4934,0.045714,74.125.68.0-255,5738,314997,77,420951
4935,0.045722,172.31.40.0-255,66,315063,77,420951
4936,0.047993,74.125.68.0-255,5738,320801,77,420951
4937,0.048006,172.31.40.0-255,66,320867,77,420951
4938,0.049776,172.31.40.0-255,172,321039,77,420951
4939,0.04982,172.31.40.0-255,1121,322160,77,420951
4940,0.049876,172.31.40.0-255,1514,323674,77,420951
4941,0.049878,172.31.40.0-255,1274,324948,77,420951
4942,0.050288,74.125.68.0-255,5738,330686,77,420951
4943,0.050298,172.31.40.0-255,66,330752,77,420951
4944,0.051325,104.244.42.0-255,66,330818,77,420951
4945,0.051357,104.244.42.0-255,66,330884,77,420951
4946,0.051445,104.244.42.0-255,66,330950,77,420951
4947,0.052571,74.125.68.0-255,5738,336688,77,420951
4948,0.052581,172.31.40.0-255,66,336754,77,420951
4949,0.054859,74.125.68.0-255,5738,342492,77,420951
4950,0.05487,172.31.40.0-255,66,342558,77,420951
4951,0.057156,74.125.68.0-255,5738,348296,77,420951
4952,0.057165,172.31.40.0-255,66,348362,77,420951
4953,0.059486,74.125.68.0-255,5738,354100,77,420951
4954,0.059504,172.31.40.0-255,66,354166,77,420951
4955,0.061798,74.125.68.0-255,5738,359904,77,420951
4956,0.061815,172.31.40.0-255,66,359970,77,420951
4957,0.064115,74.125.68.0-255,5738,365708,77,420951
4958,0.064131,172.31.40.0-255,66,365774,77,420951
4959,0.066426,74.125.68.0-255,5738,371512,77,420951
4960,0.066442,172.31.40.0-255,66,371578,77,420951
4961,0.068729,74.125.68.0-255,5738,377316,77,420951
4962,0.068737,172.31.40.0-255,66,377382,77,420951
4963,0.071014,74.125.68.0-255,5738,383120,77,420951
4964,0.071021,172.31.40.0-255,66,383186,77,420951
4965,0.073301,74.125.68.0-255,5738,388924,77,420951
4966,0.073308,172.31.40.0-255,66,388990,77,420951
4967,0.075593,74.125.68.0-255,5738,394728,77,420951
4968,0.075599,172.31.40.0-255,66,394794,77,420951
4969,0.077909,74.125.68.0-255,5738,400532,77,420951
4970,0.077916,172.31.40.0-255,66,400598,77,420951
4971,0.08019,74.125.68.0-255,5738,406336,77,420951
4972,0.080196,172.31.40.0-255,66,406402,77,420951
4973,0.082483,74.125.68.0-255,5738,412140,77,420951
4974,0.082491,172.31.40.0-255,66,412206,77,420951
4975,0.084775,74.125.68.0-255,5738,417944,77,420951
4976,0.084781,172.31.40.0-255,66,418010,77,420951
4977,0.087072,74.125.68.0-255,2704,420714,77,420951
4978,0.087079,172.31.40.0-255,66,420780,77,420951
4979,0.087235,172.31.40.0-255,105,420885,77,420951
4980,0.094744,74.125.68.0-255,66,420951,77,420951
4981,0.0,74.125.24.0-255,153,153,77,388210
4982,1.5e-05,172.31.40.0-255,66,219,77,388210
4983,2.2e-05,74.125.24.0-255,1484,1703,77,388210
4984,2.6e-05,172.31.40.0-255,66,1769,77,388210
4985,4e-05,74.125.24.0-255,2902,4671,77,388210
4986,4.3e-05,172.31.40.0-255,66,4737,77,388210
4987,5.1e-05,74.125.24.0-255,7156,11893,77,388210
4988,5.4e-05,172.31.40.0-255,66,11959,77,388210
4989,5.8e-05,74.125.24.0-255,2090,14049,77,388210
4990,6.1e-05,172.31.40.0-255,66,14115,77,388210
4991,0.000437,74.125.24.0-255,1484,15599,77,388210
4992,0.000443,172.31.40.0-255,66,15665,77,388210
4993,0.000449,74.125.24.0-255,2902,18567,77,388210
4994,0.000452,172.31.40.0-255,66,18633,77,388210
4995,0.000464,74.125.24.0-255,5738,24371,77,388210
4996,0.000467,172.31.40.0-255,66,24437,77,388210
4997,0.000515,74.125.24.0-255,6797,31234,77,388210
4998,0.000519,172.31.40.0-255,66,31300,77,388210
4999,0.000524,74.125.24.0-255,4320,35620,77,388210
5000,0.000526,172.31.40.0-255,66,35686,77,388210
5001,0.000556,74.125.24.0-255,2902,38588,77,388210
5002,0.000559,172.31.40.0-255,66,38654,77,388210
5003,0.000568,74.125.24.0-255,9633,48287,77,388210
5004,0.000575,172.31.40.0-255,66,48353,77,388210
5005,0.000939,74.125.24.0-255,1484,49837,77,388210
5006,0.000944,172.31.40.0-255,66,49903,77,388210
5007,0.00095,74.125.24.0-255,2902,52805,77,388210
5008,0.000952,172.31.40.0-255,66,52871,77,388210
5009,0.000982,74.125.24.0-255,5738,58609,77,388210
5010,0.000984,172.31.40.0-255,66,58675,77,388210
5011,0.000992,74.125.24.0-255,6797,65472,77,388210
5012,0.000994,172.31.40.0-255,66,65538,77,388210
5013,0.00109,74.125.24.0-255,1484,67022,77,388210
5014,0.001096,74.125.24.0-255,2902,69924,77,388210
5015,0.001098,172.31.40.0-255,66,69990,77,388210
5016,0.001105,74.125.24.0-255,5738,75728,77,388210
5017,0.001107,172.31.40.0-255,66,75794,77,388210
5018,0.001117,74.125.24.0-255,4320,80114,77,388210
5019,0.001119,172.31.40.0-255,66,80180,77,388210
5020,0.001151,74.125.24.0-255,2543,82723,77,388210
5021,0.001154,172.31.40.0-255,66,82789,77,388210
5022,0.001232,74.125.24.0-255,1484,84273,77,388210
5023,0.001237,74.125.24.0-255,2902,87175,77,388210
5024,0.00124,172.31.40.0-255,66,87241,77,388210
5025,0.001271,74.125.24.0-255,5738,92979,77,388210
5026,0.001275,172.31.40.0-255,66,93045,77,388210
5027,0.001279,74.125.24.0-255,2902,95947,77,388210
5028,0.001281,172.31.40.0-255,66,96013,77,388210
5029,0.001306,74.125.24.0-255,1484,97497,77,388210
5030,0.001311,74.125.24.0-255,2543,100040,77,388210
5031,0.001313,172.31.40.0-255,66,100106,77,388210
5032,0.001339,74.125.24.0-255,2902,103008,77,388210
5033,0.001347,172.31.40.0-255,66,103074,77,388210
5034,0.001355,74.125.24.0-255,7156,110230,77,388210
5035,0.001358,172.31.40.0-255,66,110296,77,388210
5036,0.001368,74.125.24.0-255,5738,116034,77,388210
5037,0.00137,172.31.40.0-255,66,116100,77,388210
5038,0.001407,172.31.40.0-255,66,116166,77,388210
5039,0.001413,74.125.24.0-255,3602,119768,77,388210
5040,0.001416,172.31.40.0-255,66,119834,77,388210
5041,0.001454,74.125.24.0-255,4320,124154,77,388210
5042,0.001458,172.31.40.0-255,66,124220,77,388210
5043,0.001463,74.125.24.0-255,4320,128540,77,388210
5044,0.001466,172.31.40.0-255,66,128606,77,388210
5045,0.001504,74.125.24.0-255,9992,138598,77,388210
5046,0.001507,172.31.40.0-255,66,138664,77,388210
5047,0.001566,172.31.40.0-255,66,138730,77,388210
5048,0.001569,74.125.24.0-255,1484,140214,77,388210
5049,0.00159,74.125.24.0-255,8574,148788,77,388210
5050,0.001593,172.31.40.0-255,66,148854,77,388210
5051,0.001601,74.125.24.0-255,8574,157428,77,388210
5052,0.001604,172.31.40.0-255,66,157494,77,388210
5053,0.001628,74.125.24.0-255,2902,160396,77,388210
5054,0.00163,172.31.40.0-255,66,160462,77,388210
5055,0.001645,74.125.24.0-255,12110,172572,77,388210
5056,0.001648,172.31.40.0-255,66,172638,77,388210
5057,0.001697,74.125.24.0-255,9992,182630,77,388210
5058,0.001701,172.31.40.0-255,66,182696,77,388210
5059,0.001715,74.125.24.0-255,11410,194106,77,388210
5060,0.001718,172.31.40.0-255,66,194172,77,388210
5061,0.001734,74.125.24.0-255,12110,206282,77,388210
5062,0.001737,172.31.40.0-255,66,206348,77,388210
5063,0.001852,74.125.24.0-255,1484,207832,77,388210
5064,0.001859,74.125.24.0-255,2902,210734,77,388210
5065,0.001862,172.31.40.0-255,66,210800,77,388210
5066,0.001898,74.125.24.0-255,5738,216538,77,388210
5067,0.001901,172.31.40.0-255,66,216604,77,388210
5068,0.001917,74.125.24.0-255,12828,229432,77,388210
5069,0.001925,172.31.40.0-255,66,229498,77,388210
5070,0.001935,74.125.24.0-255,10692,240190,77,388210
5071,0.001937,172.31.40.0-255,66,240256,77,388210
5072,0.001965,74.125.24.0-255,648,240904,77,388210
5073,0.002078,74.125.24.0-255,1484,242388,77,388210
5074,0.002083,172.31.40.0-255,66,242454,77,388210
5075,0.002089,74.125.24.0-255,2902,245356,77,388210
5076,0.002091,172.31.40.0-255,66,245422,77,388210
5077,0.002102,74.125.24.0-255,5738,251160,77,388210
5078,0.002105,172.31.40.0-255,66,251226,77,388210
5079,0.002117,74.125.24.0-255,12828,264054,77,388210
5080,0.002121,172.31.40.0-255,66,264120,77,388210
5081,0.002126,74.125.24.0-255,4320,268440,77,388210
5082,0.002128,172.31.40.0-255,66,268506,77,388210
5083,0.002168,74.125.24.0-255,6438,274944,77,388210
5084,0.002172,172.31.40.0-255,66,275010,77,388210
5085,0.002271,74.125.24.0-255,1484,276494,77,388210
5086,0.002278,74.125.24.0-255,2902,279396,77,388210
5087,0.002282,172.31.40.0-255,66,279462,77,388210
5088,0.002287,74.125.24.0-255,2902,282364,77,388210
5089,0.002289,172.31.40.0-255,66,282430,77,388210
5090,0.002323,74.125.24.0-255,2902,285332,77,388210
5091,0.002325,172.31.40.0-255,66,285398,77,388210
5092,0.002336,74.125.24.0-255,12828,298226,77,388210
5093,0.002343,172.31.40.0-255,66,298292,77,388210
5094,0.00235,74.125.24.0-255,7156,305448,77,388210
5095,0.002352,172.31.40.0-255,66,305514,77,388210
5096,0.0024,74.125.24.0-255,3602,309116,77,388210
5097,0.002407,172.31.40.0-255,66,309182,77,388210
5098,0.002433,74.125.24.0-255,2902,312084,77,388210
5099,0.002436,172.31.40.0-255,66,312150,77,388210
5100,0.002441,74.125.24.0-255,4320,316470,77,388210
5101,0.002443,172.31.40.0-255,66,316536,77,388210
5102,0.002449,74.125.24.0-255,4320,320856,77,388210
5103,0.002451,172.31.40.0-255,66,320922,77,388210
5104,0.00248,74.125.24.0-255,4320,325242,77,388210
5105,0.002482,172.31.40.0-255,66,325308,77,388210
5106,0.002494,74.125.24.0-255,11410,336718,77,388210
5107,0.002497,172.31.40.0-255,66,336784,77,388210
5108,0.00254,74.125.24.0-255,6438,343222,77,388210
5109,0.002543,172.31.40.0-255,66,343288,77,388210
5110,0.002546,74.125.24.0-255,1484,344772,77,388210
5111,0.002551,74.125.24.0-255,2902,347674,77,388210
5112,0.002553,172.31.40.0-255,66,347740,77,388210
5113,0.002563,74.125.24.0-255,5738,353478,77,388210
5114,0.002566,172.31.40.0-255,66,353544,77,388210
5115,0.002572,74.125.24.0-255,5738,359282,77,388210
5116,0.002574,172.31.40.0-255,66,359348,77,388210
5117,0.002608,74.125.24.0-255,7156,366504,77,388210
5118,0.002615,172.31.40.0-255,66,366570,77,388210
5119,0.002623,74.125.24.0-255,7156,373726,77,388210
5120,0.002624,172.31.40.0-255,66,373792,77,388210
5121,0.002629,74.125.24.0-255,3602,377394,77,388210
5122,0.002631,172.31.40.0-255,66,377460,77,388210
5123,0.005192,74.125.24.0-255,5738,383198,77,388210
5124,0.0052,172.31.40.0-255,66,383264,77,388210
5125,0.007744,74.125.24.0-255,428,383692,77,388210
5126,0.012794,172.31.40.0-255,66,383758,77,388210
5127,0.012845,172.31.40.0-255,105,383863,77,388210
5128,0.015359,74.125.24.0-255,66,383929,77,388210
5129,0.047279,172.31.40.0-255,172,384101,77,388210
5130,0.04731,172.31.40.0-255,1120,385221,77,388210
5131,0.047375,172.31.40.0-255,1514,386735,77,388210
5132,0.047377,172.31.40.0-255,1277,388012,77,388210
5133,0.048793,104.244.42.0-255,66,388078,77,388210
5134,0.048851,104.244.42.0-255,66,388144,77,388210
5135,0.048902,104.244.42.0-255,66,388210,77,388210
5136,0.0,74.125.24.0-255,300,300,77,423191
5137,2.2e-05,172.31.40.0-255,66,366,77,423191
5138,2.9e-05,74.125.24.0-255,1484,1850,77,423191
5139,3.3e-05,172.31.40.0-255,66,1916,77,423191
5140,4.9e-05,74.125.24.0-255,4320,6236,77,423191
5141,5.3e-05,172.31.40.0-255,66,6302,77,423191
5142,5.6e-05,74.125.24.0-255,1484,7786,77,423191
5143,5.8e-05,172.31.40.0-255,66,7852,77,423191
5144,9.4e-05,74.125.24.0-255,6097,13949,77,423191
5145,9.7e-05,172.31.40.0-255,66,14015,77,423191
5146,0.000169,74.125.24.0-255,1484,15499,77,423191
5147,0.000172,172.31.40.0-255,66,15565,77,423191
5148,0.000175,74.125.24.0-255,1484,17049,77,423191
5149,0.000177,172.31.40.0-255,66,17115,77,423191
5150,0.000208,74.125.24.0-255,1484,18599,77,423191
5151,0.000211,172.31.40.0-255,66,18665,77,423191
5152,0.000218,74.125.24.0-255,5738,24403,77,423191
5153,0.00022,172.31.40.0-255,66,24469,77,423191
5154,0.000232,74.125.24.0-255,6797,31266,77,423191
5155,0.000234,172.31.40.0-255,66,31332,77,423191
5156,0.000237,74.125.24.0-255,1484,32816,77,423191
5157,0.000239,172.31.40.0-255,66,32882,77,423191
5158,0.000282,74.125.24.0-255,12828,45710,77,423191
5159,0.000284,172.31.40.0-255,66,45776,77,423191
5160,0.000294,74.125.24.0-255,11410,57186,77,423191
5161,0.000297,172.31.40.0-255,66,57252,77,423191
5162,0.000327,74.125.24.0-255,1484,58736,77,423191
5163,0.000329,172.31.40.0-255,66,58802,77,423191
5164,0.000366,74.125.24.0-255,6770,65572,77,423191
5165,0.000369,172.31.40.0-255,66,65638,77,423191
5166,0.000423,74.125.24.0-255,344,65982,77,423191
5167,0.000425,172.31.40.0-255,66,66048,77,423191
5168,0.000571,74.125.24.0-255,1484,67532,77,423191
5169,0.000587,74.125.24.0-255,2902,70434,77,423191
5170,0.000604,74.125.24.0-255,5738,76172,77,423191
5171,0.00064,74.125.24.0-255,4320,80492,77,423191
5172,0.000659,74.125.24.0-255,8574,89066,77,423191
5173,0.00069,74.125.24.0-255,4320,93386,77,423191
5174,0.000708,74.125.24.0-255,6438,99824,77,423191
5175,0.000851,74.125.24.0-255,1484,101308,77,423191
5176,0.000869,74.125.24.0-255,2902,104210,77,423191
5177,0.000913,74.125.24.0-255,2902,107112,77,423191
5178,0.00095,74.125.24.0-255,7156,114268,77,423191
5179,0.00098,74.125.24.0-255,8574,122842,77,423191
5180,0.000983,74.125.24.0-255,1484,124326,77,423191
5181,0.001003,74.125.24.0-255,5738,130064,77,423191
5182,0.001033,172.31.40.0-255,66,130130,77,423191
5183,0.001051,74.125.24.0-255,3602,133732,77,423191
5184,0.001075,74.125.24.0-255,1484,135216,77,423191
5185,0.001088,74.125.24.0-255,2902,138118,77,423191
5186,0.00109,74.125.24.0-255,1484,139602,77,423191
5187,0.001111,74.125.24.0-255,5738,145340,77,423191
5188,0.001146,74.125.24.0-255,1484,146824,77,423191
5189,0.001172,74.125.24.0-255,11410,158234,77,423191
5190,0.001181,74.125.24.0-255,9274,167508,77,423191
5191,0.001374,172.31.40.0-255,66,167574,77,423191
5192,0.002006,74.125.24.0-255,1484,169058,77,423191
5193,0.002012,74.125.24.0-255,1484,170542,77,423191
5194,0.002023,74.125.24.0-255,1484,172026,77,423191
5195,0.002039,74.125.24.0-255,5738,177764,77,423191
5196,0.002041,74.125.24.0-255,1484,179248,77,423191
5197,0.002045,172.31.40.0-255,66,179314,77,423191
5198,0.002051,172.31.40.0-255,66,179380,77,423191
5199,0.002062,74.125.24.0-255,2902,182282,77,423191
5200,0.002069,74.125.24.0-255,1484,183766,77,423191
5201,0.002093,74.125.24.0-255,1484,185250,77,423191
5202,0.002103,172.31.40.0-255,66,185316,77,423191
5203,0.004177,74.125.24.0-255,5738,191054,77,423191
5204,0.004185,172.31.40.0-255,66,191120,77,423191
5205,0.006225,74.125.24.0-255,5738,196858,77,423191
5206,0.007009,172.31.40.0-255,66,196924,77,423191
5207,0.00909,74.125.24.0-255,5738,202662,77,423191
5208,0.009096,172.31.40.0-255,66,202728,77,423191
5209,0.011113,74.125.24.0-255,5738,208466,77,423191
5210,0.01112,172.31.40.0-255,66,208532,77,423191
5211,0.013165,74.125.24.0-255,5738,214270,77,423191
5212,0.013172,172.31.40.0-255,66,214336,77,423191
5213,0.01523,74.125.24.0-255,5738,220074,77,423191
5214,0.015237,172.31.40.0-255,66,220140,77,423191
5215,0.017286,74.125.24.0-255,5738,225878,77,423191
5216,0.017295,172.31.40.0-255,66,225944,77,423191
5217,0.019312,74.125.24.0-255,5738,231682,77,423191
5218,0.01932,172.31.40.0-255,66,231748,77,423191
5219,0.021351,74.125.24.0-255,5738,237486,77,423191
5220,0.021359,172.31.40.0-255,66,237552,77,423191
5221,0.023389,74.125.24.0-255,5738,243290,77,423191
5222,0.023397,172.31.40.0-255,66,243356,77,423191
5223,0.025426,74.125.24.0-255,5738,249094,77,423191
5224,0.025434,172.31.40.0-255,66,249160,77,423191
5225,0.027483,74.125.24.0-255,5738,254898,77,423191
5226,0.027491,172.31.40.0-255,66,254964,77,423191
5227,0.029544,74.125.24.0-255,5738,260702,77,423191
5228,0.029551,172.31.40.0-255,66,260768,77,423191
5229,0.031607,74.125.24.0-255,5738,266506,77,423191
5230,0.031615,172.31.40.0-255,66,266572,77,423191
5231,0.031805,172.31.40.0-255,172,266744,77,423191
5232,0.031834,172.31.40.0-255,1120,267864,77,423191
5233,0.031895,172.31.40.0-255,1514,269378,77,423191
5234,0.031897,172.31.40.0-255,1514,270892,77,423191
5235,0.031902,172.31.40.0-255,1514,272406,77,423191
5236,0.031903,172.31.40.0-255,1055,273461,77,423191
5237,0.033356,104.244.42.0-255,66,273527,77,423191
5238,0.033511,104.244.42.0-255,66,273593,77,423191
5239,0.033598,104.244.42.0-255,66,273659,77,423191
5240,0.033603,104.244.42.0-255,66,273725,77,423191
5241,0.033655,74.125.24.0-255,5738,279463,77,423191
5242,0.03366,172.31.40.0-255,66,279529,77,423191
5243,0.035705,74.125.24.0-255,5738,285267,77,423191
5244,0.035711,172.31.40.0-255,66,285333,77,423191
5245,0.037753,74.125.24.0-255,5738,291071,77,423191
5246,0.03776,172.31.40.0-255,66,291137,77,423191
5247,0.03982,74.125.24.0-255,5738,296875,77,423191
5248,0.039827,172.31.40.0-255,66,296941,77,423191
5249,0.041848,74.125.24.0-255,5738,302679,77,423191
5250,0.041855,172.31.40.0-255,66,302745,77,423191
5251,0.043885,74.125.24.0-255,5738,308483,77,423191
5252,0.043891,172.31.40.0-255,66,308549,77,423191
5253,0.045925,74.125.24.0-255,5738,314287,77,423191
5254,0.045934,172.31.40.0-255,66,314353,77,423191
5255,0.047999,74.125.24.0-255,5738,320091,77,423191
5256,0.048006,172.31.40.0-255,66,320157,77,423191
5257,0.05002,74.125.24.0-255,5738,325895,77,423191
5258,0.050026,172.31.40.0-255,66,325961,77,423191
5259,0.052124,74.125.24.0-255,5738,331699,77,423191
5260,0.05213,172.31.40.0-255,66,331765,77,423191
5261,0.05416,74.125.24.0-255,5738,337503,77,423191
5262,0.054167,172.31.40.0-255,66,337569,77,423191
5263,0.05624,74.125.24.0-255,5738,343307,77,423191
5264,0.056246,172.31.40.0-255,66,343373,77,423191
5265,0.058267,74.125.24.0-255,5738,349111,77,423191
5266,0.058273,172.31.40.0-255,66,349177,77,423191
5267,0.060299,74.125.24.0-255,5738,354915,77,423191
5268,0.060306,172.31.40.0-255,66,354981,77,423191
5269,0.062384,74.125.24.0-255,5738,360719,77,423191
5270,0.06239,172.31.40.0-255,66,360785,77,423191
5271,0.064466,74.125.24.0-255,5738,366523,77,423191
5272,0.064472,172.31.40.0-255,66,366589,77,423191
5273,0.066528,74.125.24.0-255,5738,372327,77,423191
5274,0.066534,172.31.40.0-255,66,372393,77,423191
5275,0.068584,74.125.24.0-255,5738,378131,77,423191
5276,0.06859,172.31.40.0-255,66,378197,77,423191
5277,0.070605,74.125.24.0-255,5738,383935,77,423191
5278,0.070611,172.31.40.0-255,66,384001,77,423191
5279,0.072649,74.125.24.0-255,5738,389739,77,423191
5280,0.072656,172.31.40.0-255,66,389805,77,423191
5281,0.074696,74.125.24.0-255,5738,395543,77,423191
5282,0.074703,172.31.40.0-255,66,395609,77,423191
5283,0.076743,74.125.24.0-255,5738,401347,77,423191
5284,0.076748,172.31.40.0-255,66,401413,77,423191
5285,0.078772,74.125.24.0-255,5738,407151,77,423191
5286,0.078779,172.31.40.0-255,66,407217,77,423191
5287,0.080841,74.125.24.0-255,5738,412955,77,423191
5288,0.080847,172.31.40.0-255,66,413021,77,423191
5289,0.082881,74.125.24.0-255,5738,418759,77,423191
5290,0.082887,172.31.40.0-255,66,418825,77,423191
5291,0.084926,74.125.24.0-255,4129,422954,77,423191
5292,0.084931,172.31.40.0-255,66,423020,77,423191
5293,0.085118,172.31.40.0-255,105,423125,77,423191
5294,0.08714,74.125.24.0-255,66,423191,77,423191
5295,0.0,74.125.130.0-255,150,150,77,359944
5296,2.3e-05,172.31.40.0-255,66,216,77,359944
5297,3e-05,74.125.130.0-255,1484,1700,77,359944
5298,3.6e-05,172.31.40.0-255,66,1766,77,359944
5299,4.3e-05,74.125.130.0-255,2902,4668,77,359944
5300,5.4e-05,172.31.40.0-255,66,4734,77,359944
5301,6e-05,74.125.130.0-255,4320,9054,77,359944
5302,6.3e-05,172.31.40.0-255,66,9120,77,359944
5303,6.9e-05,74.125.130.0-255,4320,13440,77,359944
5304,7.2e-05,172.31.40.0-255,66,13506,77,359944
5305,9.3e-05,74.125.130.0-255,621,14127,77,359944
5306,9.6e-05,172.31.40.0-255,66,14193,77,359944
5307,0.000135,74.125.130.0-255,1484,15677,77,359944
5308,0.000138,172.31.40.0-255,66,15743,77,359944
5309,0.000144,74.125.130.0-255,2902,18645,77,359944
5310,0.000146,172.31.40.0-255,66,18711,77,359944
5311,0.000182,74.125.130.0-255,5738,24449,77,359944
5312,0.000185,172.31.40.0-255,66,24515,77,359944
5313,0.000191,74.125.130.0-255,4320,28835,77,359944
5314,0.000194,172.31.40.0-255,66,28901,77,359944
5315,0.00022,74.125.130.0-255,2543,31444,77,359944
5316,0.000223,172.31.40.0-255,66,31510,77,359944
5317,0.00031,74.125.130.0-255,1484,32994,77,359944
5318,0.000313,172.31.40.0-255,66,33060,77,359944
5319,0.000346,74.125.130.0-255,2902,35962,77,359944
5320,0.000349,172.31.40.0-255,66,36028,77,359944
5321,0.000356,74.125.130.0-255,4320,40348,77,359944
5322,0.000358,172.31.40.0-255,66,40414,77,359944
5323,0.000372,74.125.130.0-255,9633,50047,77,359944
5324,0.000374,172.31.40.0-255,66,50113,77,359944
5325,0.000379,74.125.130.0-255,2902,53015,77,359944
5326,0.000381,172.31.40.0-255,66,53081,77,359944
5327,0.00042,74.125.130.0-255,8574,61655,77,359944
5328,0.000423,172.31.40.0-255,66,61721,77,359944
5329,0.000428,74.125.130.0-255,4267,65988,77,359944
5330,0.000431,172.31.40.0-255,66,66054,77,359944
5331,0.00045,74.125.130.0-255,381,66435,77,359944
5332,0.000639,74.125.130.0-255,1484,67919,77,359944
5333,0.000644,172.31.40.0-255,66,67985,77,359944
5334,0.00065,74.125.130.0-255,2902,70887,77,359944
5335,0.000653,172.31.40.0-255,66,70953,77,359944
5336,0.000665,74.125.130.0-255,5738,76691,77,359944
5337,0.000667,172.31.40.0-255,66,76757,77,359944
5338,0.000714,74.125.130.0-255,11410,88167,77,359944
5339,0.000718,172.31.40.0-255,66,88233,77,359944
5340,0.000724,74.125.130.0-255,5738,93971,77,359944
5341,0.000726,172.31.40.0-255,66,94037,77,359944
5342,0.000756,74.125.130.0-255,6438,100475,77,359944
5343,0.000759,172.31.40.0-255,66,100541,77,359944
5344,0.000762,74.125.130.0-255,1484,102025,77,359944
5345,0.000788,74.125.130.0-255,2902,104927,77,359944
5346,0.00079,172.31.40.0-255,66,104993,77,359944
5347,0.000796,74.125.130.0-255,4320,109313,77,359944
5348,0.000798,172.31.40.0-255,66,109379,77,359944
5349,0.000836,74.125.130.0-255,1484,110863,77,359944
5350,0.000877,74.125.130.0-255,7156,118019,77,359944
5351,0.000881,172.31.40.0-255,66,118085,77,359944
5352,0.000902,172.31.40.0-255,66,118151,77,359944
5353,0.000928,74.125.130.0-255,1484,119635,77,359944
5354,0.000933,74.125.130.0-255,2902,122537,77,359944
5355,0.000936,172.31.40.0-255,66,122603,77,359944
5356,0.000968,74.125.130.0-255,5738,128341,77,359944
5357,0.000971,172.31.40.0-255,66,128407,77,359944
5358,0.00098,74.125.130.0-255,8574,136981,77,359944
5359,0.000982,172.31.40.0-255,66,137047,77,359944
5360,0.001003,74.125.130.0-255,4320,141367,77,359944
5361,0.001006,172.31.40.0-255,66,141433,77,359944
5362,0.001013,74.125.130.0-255,7156,148589,77,359944
5363,0.001015,172.31.40.0-255,66,148655,77,359944
5364,0.001043,74.125.130.0-255,3602,152257,77,359944
5365,0.001045,172.31.40.0-255,66,152323,77,359944
5366,0.001112,74.125.130.0-255,1484,153807,77,359944
5367,0.001116,74.125.130.0-255,1484,155291,77,359944
5368,0.001119,172.31.40.0-255,66,155357,77,359944
5369,0.001148,74.125.130.0-255,1484,156841,77,359944
5370,0.001155,74.125.130.0-255,5738,162579,77,359944
5371,0.001158,172.31.40.0-255,66,162645,77,359944
5372,0.001165,74.125.130.0-255,7156,169801,77,359944
5373,0.001167,172.31.40.0-255,66,169867,77,359944
5374,0.001179,74.125.130.0-255,7156,177023,77,359944
5375,0.001181,172.31.40.0-255,66,177089,77,359944
5376,0.001216,74.125.130.0-255,7156,184245,77,359944
5377,0.00122,172.31.40.0-255,66,184311,77,359944
5378,0.001224,74.125.130.0-255,2184,186495,77,359944
5379,0.001226,172.31.40.0-255,66,186561,77,359944
5380,0.001275,74.125.130.0-255,1484,188045,77,359944
5381,0.001293,74.125.130.0-255,1484,189529,77,359944
5382,0.001296,172.31.40.0-255,66,189595,77,359944
5383,0.001301,74.125.130.0-255,2902,192497,77,359944
5384,0.001303,172.31.40.0-255,66,192563,77,359944
5385,0.001309,74.125.130.0-255,5738,198301,77,359944
5386,0.001317,172.31.40.0-255,66,198367,77,359944
5387,0.00136,74.125.130.0-255,12828,211195,77,359944
5388,0.001369,74.125.130.0-255,8574,219769,77,359944
5389,0.001374,172.31.40.0-255,66,219835,77,359944
5390,0.001384,172.31.40.0-255,66,219901,77,359944
5391,0.001396,74.125.130.0-255,4320,224221,77,359944
5392,0.001399,172.31.40.0-255,66,224287,77,359944
5393,0.00147,74.125.130.0-255,10692,234979,77,359944
5394,0.001491,172.31.40.0-255,66,235045,77,359944
5395,0.0015,74.125.130.0-255,1484,236529,77,359944
5396,0.001518,74.125.130.0-255,2902,239431,77,359944
5397,0.00152,74.125.130.0-255,1484,240915,77,359944
5398,0.001527,172.31.40.0-255,66,240981,77,359944
5399,0.001538,74.125.130.0-255,4320,245301,77,359944
5400,0.001557,74.125.130.0-255,5738,251039,77,359944
5401,0.001572,172.31.40.0-255,66,251105,77,359944
5402,0.001586,74.125.130.0-255,8215,259320,77,359944
5403,0.001597,74.125.130.0-255,7156,266476,77,359944
5404,0.001642,172.31.40.0-255,66,266542,77,359944
5405,0.001708,74.125.130.0-255,1484,268026,77,359944
5406,0.001712,74.125.130.0-255,1484,269510,77,359944
5407,0.001725,172.31.40.0-255,66,269576,77,359944
5408,0.001729,74.125.130.0-255,1484,271060,77,359944
5409,0.001735,74.125.130.0-255,5738,276798,77,359944
5410,0.001749,74.125.130.0-255,1484,278282,77,359944
5411,0.001752,172.31.40.0-255,66,278348,77,359944
5412,0.001778,74.125.130.0-255,11410,289758,77,359944
5413,0.001785,74.125.130.0-255,5738,295496,77,359944
5414,0.001796,172.31.40.0-255,66,295562,77,359944
5415,0.001808,74.125.130.0-255,5020,300582,77,359944
5416,0.001822,74.125.130.0-255,11410,311992,77,359944
5417,0.001826,74.125.130.0-255,2902,314894,77,359944
5418,0.001846,74.125.130.0-255,11410,326304,77,359944
5419,0.001862,74.125.130.0-255,4320,330624,77,359944
5420,0.001874,172.31.40.0-255,66,330690,77,359944
5421,0.001911,74.125.130.0-255,10692,341382,77,359944
5422,0.00192,74.125.130.0-255,8574,349956,77,359944
5423,0.001935,172.31.40.0-255,66,350022,77,359944
5424,0.001944,74.125.130.0-255,8144,358166,77,359944
5425,0.001955,172.31.40.0-255,66,358232,77,359944
5426,0.001962,74.125.130.0-255,105,358337,77,359944
5427,0.010938,172.31.40.0-255,66,358403,77,359944
5428,0.010987,172.31.40.0-255,105,358508,77,359944
5429,0.013533,74.125.130.0-255,66,358574,77,359944
5430,0.040961,172.31.40.0-255,172,358746,77,359944
5431,0.040996,172.31.40.0-255,1066,359812,77,359944
5432,0.042513,104.244.42.0-255,66,359878,77,359944
5433,0.042554,104.244.42.0-255,66,359944,77,359944
5434,0.0,74.125.130.0-255,153,153,77,390190
5435,2.1e-05,172.31.40.0-255,66,219,77,390190
5436,2.8e-05,74.125.130.0-255,1484,1703,77,390190
5437,3.3e-05,172.31.40.0-255,66,1769,77,390190
5438,3.9e-05,74.125.130.0-255,2902,4671,77,390190
5439,4.8e-05,172.31.40.0-255,66,4737,77,390190
5440,5.5e-05,74.125.130.0-255,5738,10475,77,390190
5441,5.8e-05,172.31.40.0-255,66,10541,77,390190
5442,6.5e-05,74.125.130.0-255,3482,14023,77,390190
5443,6.8e-05,172.31.40.0-255,66,14089,77,390190
5444,0.000153,74.125.130.0-255,1484,15573,77,390190
5445,0.000157,172.31.40.0-255,66,15639,77,390190
5446,0.00016,74.125.130.0-255,1484,17123,77,390190
5447,0.000162,172.31.40.0-255,66,17189,77,390190
5448,0.000188,74.125.130.0-255,2902,20091,77,390190
5449,0.000191,172.31.40.0-255,66,20157,77,390190
5450,0.000202,74.125.130.0-255,5738,25895,77,390190
5451,0.000204,172.31.40.0-255,66,25961,77,390190
5452,0.000242,74.125.130.0-255,5379,31340,77,390190
5453,0.000244,172.31.40.0-255,66,31406,77,390190
5454,0.000751,74.125.130.0-255,1484,32890,77,390190
5455,0.000757,172.31.40.0-255,66,32956,77,390190
5456,0.000766,74.125.130.0-255,2902,35858,77,390190
5457,0.000768,172.31.40.0-255,66,35924,77,390190
5458,0.00078,74.125.130.0-255,2902,38826,77,390190
5459,0.000782,172.31.40.0-255,66,38892,77,390190
5460,0.000788,74.125.130.0-255,4320,43212,77,390190
5461,0.000789,172.31.40.0-255,66,43278,77,390190
5462,0.000822,74.125.130.0-255,4320,47598,77,390190
5463,0.000826,172.31.40.0-255,66,47664,77,390190
5464,0.000853,74.125.130.0-255,5379,53043,77,390190
5465,0.000855,172.31.40.0-255,66,53109,77,390190
5466,0.000865,74.125.130.0-255,9992,63101,77,390190
5467,0.000866,172.31.40.0-255,66,63167,77,390190
5468,0.000871,74.125.130.0-255,2543,65710,77,390190
5469,0.000872,172.31.40.0-255,66,65776,77,390190
5470,0.000916,74.125.130.0-255,677,66453,77,390190
5471,0.001325,74.125.130.0-255,1484,67937,77,390190
5472,0.001333,172.31.40.0-255,66,68003,77,390190
5473,0.001339,74.125.130.0-255,2902,70905,77,390190
5474,0.001342,172.31.40.0-255,66,70971,77,390190
5475,0.00138,74.125.130.0-255,5738,76709,77,390190
5476,0.001383,172.31.40.0-255,66,76775,77,390190
5477,0.00139,74.125.130.0-255,7156,83931,77,390190
5478,0.001393,172.31.40.0-255,66,83997,77,390190
5479,0.001426,74.125.130.0-255,8574,92571,77,390190
5480,0.001429,172.31.40.0-255,66,92637,77,390190
5481,0.001482,74.125.130.0-255,4320,96957,77,390190
5482,0.001485,172.31.40.0-255,66,97023,77,390190
5483,0.001491,74.125.130.0-255,3602,100625,77,390190
5484,0.001493,172.31.40.0-255,66,100691,77,390190
5485,0.001614,74.125.130.0-255,1484,102175,77,390190
5486,0.001636,74.125.130.0-255,2902,105077,77,390190
5487,0.00164,172.31.40.0-255,66,105143,77,390190
5488,0.001644,74.125.130.0-255,1484,106627,77,390190
5489,0.001661,74.125.130.0-255,2902,109529,77,390190
5490,0.001664,172.31.40.0-255,66,109595,77,390190
5491,0.001697,74.125.130.0-255,8574,118169,77,390190
5492,0.0017,172.31.40.0-255,66,118235,77,390190
5493,0.001704,74.125.130.0-255,2902,121137,77,390190
5494,0.001706,172.31.40.0-255,66,121203,77,390190
5495,0.001738,74.125.130.0-255,8574,129777,77,390190
5496,0.001741,172.31.40.0-255,66,129843,77,390190
5497,0.001782,74.125.130.0-255,4320,134163,77,390190
5498,0.001786,172.31.40.0-255,66,134229,77,390190
5499,0.001788,74.125.130.0-255,766,134995,77,390190
5500,0.002405,74.125.130.0-255,1484,136479,77,390190
5501,0.00241,172.31.40.0-255,66,136545,77,390190
5502,0.002416,74.125.130.0-255,2902,139447,77,390190
5503,0.002418,172.31.40.0-255,66,139513,77,390190
5504,0.002438,74.125.130.0-255,4320,143833,77,390190
5505,0.002441,172.31.40.0-255,66,143899,77,390190
5506,0.002473,74.125.130.0-255,5738,149637,77,390190
5507,0.002476,172.31.40.0-255,66,149703,77,390190
5508,0.002486,74.125.130.0-255,11410,161113,77,390190
5509,0.002488,172.31.40.0-255,66,161179,77,390190
5510,0.002497,74.125.130.0-255,2902,164081,77,390190
5511,0.0025,172.31.40.0-255,66,164147,77,390190
5512,0.002506,74.125.130.0-255,4320,168467,77,390190
5513,0.002508,172.31.40.0-255,66,168533,77,390190
5514,0.002536,74.125.130.0-255,766,169299,77,390190
5515,0.005008,74.125.130.0-255,4320,173619,77,390190
5516,0.005013,172.31.40.0-255,66,173685,77,390190
5517,0.007514,74.125.130.0-255,5738,179423,77,390190
5518,0.007521,172.31.40.0-255,66,179489,77,390190
5519,0.010023,74.125.130.0-255,5738,185227,77,390190
5520,0.010032,172.31.40.0-255,66,185293,77,390190
5521,0.012537,74.125.130.0-255,5738,191031,77,390190
5522,0.012545,172.31.40.0-255,66,191097,77,390190
5523,0.015049,74.125.130.0-255,5738,196835,77,390190
5524,0.015057,172.31.40.0-255,66,196901,77,390190
5525,0.017584,74.125.130.0-255,5738,202639,77,390190
5526,0.017591,172.31.40.0-255,66,202705,77,390190
5527,0.020101,74.125.130.0-255,5738,208443,77,390190
5528,0.020112,172.31.40.0-255,66,208509,77,390190
5529,0.022621,74.125.130.0-255,5738,214247,77,390190
5530,0.02263,172.31.40.0-255,66,214313,77,390190
5531,0.025138,74.125.130.0-255,5738,220051,77,390190
5532,0.025145,172.31.40.0-255,66,220117,77,390190
5533,0.027639,74.125.130.0-255,2902,223019,77,390190
5534,0.027645,172.31.40.0-255,66,223085,77,390190
5535,0.027672,74.125.130.0-255,2902,225987,77,390190
5536,0.027675,172.31.40.0-255,66,226053,77,390190
5537,0.030151,74.125.130.0-255,2902,228955,77,390190
5538,0.030159,172.31.40.0-255,66,229021,77,390190
5539,0.03019,74.125.130.0-255,2902,231923,77,390190
5540,0.030193,172.31.40.0-255,66,231989,77,390190
5541,0.032657,74.125.130.0-255,1484,233473,77,390190
5542,0.032691,74.125.130.0-255,4320,237793,77,390190
5543,0.032696,172.31.40.0-255,66,237859,77,390190
5544,0.0352,74.125.130.0-255,5738,243597,77,390190
5545,0.035207,172.31.40.0-255,66,243663,77,390190
5546,0.035819,172.31.40.0-255,229,243892,77,390190
5547,0.035848,172.31.40.0-255,1066,244958,77,390190
5548,0.037388,104.244.42.0-255,66,245024,77,390190
5549,0.037395,104.244.42.0-255,66,245090,77,390190
5550,0.037714,74.125.130.0-255,5738,250828,77,390190
5551,0.037718,172.31.40.0-255,66,250894,77,390190
5552,0.040238,74.125.130.0-255,5738,256632,77,390190
5553,0.040244,172.31.40.0-255,66,256698,77,390190
5554,0.042787,74.125.130.0-255,5738,262436,77,390190
5555,0.042807,172.31.40.0-255,66,262502,77,390190
5556,0.04533,74.125.130.0-255,5738,268240,77,390190
5557,0.045348,172.31.40.0-255,66,268306,77,390190
5558,0.047875,74.125.130.0-255,5738,274044,77,390190
5559,0.04789,172.31.40.0-255,66,274110,77,390190
5560,0.050448,74.125.130.0-255,5738,279848,77,390190
5561,0.050464,172.31.40.0-255,66,279914,77,390190
5562,0.05299,74.125.130.0-255,5738,285652,77,390190
5563,0.05301,172.31.40.0-255,66,285718,77,390190
5564,0.055529,74.125.130.0-255,5738,291456,77,390190
5565,0.055546,172.31.40.0-255,66,291522,77,390190
5566,0.058085,74.125.130.0-255,5738,297260,77,390190
5567,0.058102,172.31.40.0-255,66,297326,77,390190
5568,0.060622,74.125.130.0-255,5738,303064,77,390190
5569,0.06064,172.31.40.0-255,66,303130,77,390190
5570,0.063169,74.125.130.0-255,5738,308868,77,390190
5571,0.063187,172.31.40.0-255,66,308934,77,390190
5572,0.065711,74.125.130.0-255,5738,314672,77,390190
5573,0.065727,172.31.40.0-255,66,314738,77,390190
5574,0.068246,74.125.130.0-255,5738,320476,77,390190
5575,0.068266,172.31.40.0-255,66,320542,77,390190
5576,0.070796,74.125.130.0-255,5738,326280,77,390190
5577,0.070814,172.31.40.0-255,66,326346,77,390190
5578,0.073355,74.125.130.0-255,5738,332084,77,390190
5579,0.073379,172.31.40.0-255,66,332150,77,390190
5580,0.075901,74.125.130.0-255,5738,337888,77,390190
5581,0.07592,172.31.40.0-255,66,337954,77,390190
5582,0.07845,74.125.130.0-255,5738,343692,77,390190
5583,0.078469,172.31.40.0-255,66,343758,77,390190
5584,0.080993,74.125.130.0-255,5738,349496,77,390190
5585,0.08101,172.31.40.0-255,66,349562,77,390190
5586,0.083517,74.125.130.0-255,5738,355300,77,390190
5587,0.083532,172.31.40.0-255,66,355366,77,390190
5588,0.08605,74.125.130.0-255,5738,361104,77,390190
5589,0.086069,172.31.40.0-255,66,361170,77,390190
5590,0.088603,74.125.130.0-255,5738,366908,77,390190
5591,0.088622,172.31.40.0-255,66,366974,77,390190
5592,0.091151,74.125.130.0-255,5738,372712,77,390190
5593,0.091172,172.31.40.0-255,66,372778,77,390190
5594,0.09371,74.125.130.0-255,5738,378516,77,390190
5595,0.093729,172.31.40.0-255,66,378582,77,390190
5596,0.096246,74.125.130.0-255,5738,384320,77,390190
5597,0.096265,172.31.40.0-255,66,384386,77,390190
5598,0.098785,74.125.130.0-255,5738,390124,77,390190
5599,0.0988,172.31.40.0-255,66,390190,77,390190
5600,0.0,74.125.24.0-255,298,298,77,418868
5601,2.3e-05,172.31.40.0-255,66,364,77,418868
5602,3e-05,74.125.24.0-255,1484,1848,77,418868
5603,3.6e-05,172.31.40.0-255,66,1914,77,418868
5604,4.3e-05,74.125.24.0-255,4320,6234,77,418868
5605,4.5e-05,172.31.40.0-255,66,6300,77,418868
5606,6.5e-05,74.125.24.0-255,4320,10620,77,418868
5607,6.8e-05,172.31.40.0-255,66,10686,77,418868
5608,9.2e-05,74.125.24.0-255,3123,13809,77,418868
5609,9.5e-05,172.31.40.0-255,66,13875,77,418868
5610,0.000155,74.125.24.0-255,1484,15359,77,418868
5611,0.000158,172.31.40.0-255,66,15425,77,418868
5612,0.000163,74.125.24.0-255,2902,18327,77,418868
5613,0.000165,172.31.40.0-255,66,18393,77,418868
5614,0.000187,74.125.24.0-255,2902,21295,77,418868
5615,0.00019,172.31.40.0-255,66,21361,77,418868
5616,0.000209,74.125.24.0-255,2902,24263,77,418868
5617,0.000212,172.31.40.0-255,66,24329,77,418868
5618,0.000218,74.125.24.0-255,4320,28649,77,418868
5619,0.00022,172.31.40.0-255,66,28715,77,418868
5620,0.000233,74.125.24.0-255,2543,31258,77,418868
5621,0.000235,172.31.40.0-255,66,31324,77,418868
5622,0.000255,74.125.24.0-255,1484,32808,77,418868
5623,0.000258,172.31.40.0-255,66,32874,77,418868
5624,0.000262,74.125.24.0-255,2902,35776,77,418868
5625,0.000264,172.31.40.0-255,66,35842,77,418868
5626,0.000267,74.125.24.0-255,1484,37326,77,418868
5627,0.000269,172.31.40.0-255,66,37392,77,418868
5628,0.000295,74.125.24.0-255,4320,41712,77,418868
5629,0.000299,172.31.40.0-255,66,41778,77,418868
5630,0.000305,74.125.24.0-255,5738,47516,77,418868
5631,0.000307,172.31.40.0-255,66,47582,77,418868
5632,0.000319,74.125.24.0-255,1125,48707,77,418868
5633,0.000721,74.125.24.0-255,1484,50191,77,418868
5634,0.000727,172.31.40.0-255,66,50257,77,418868
5635,0.000732,74.125.24.0-255,2902,53159,77,418868
5636,0.000734,172.31.40.0-255,66,53225,77,418868
5637,0.000741,74.125.24.0-255,5738,58963,77,418868
5638,0.000759,74.125.24.0-255,2902,61865,77,418868
5639,0.000771,74.125.24.0-255,3961,65826,77,418868
5640,0.000775,172.31.40.0-255,66,65892,77,418868
5641,0.00078,172.31.40.0-255,66,65958,77,418868
5642,0.000878,74.125.24.0-255,648,66606,77,418868
5643,0.000904,74.125.24.0-255,1484,68090,77,418868
5644,0.000907,172.31.40.0-255,66,68156,77,418868
5645,0.000931,74.125.24.0-255,4320,72476,77,418868
5646,0.000934,172.31.40.0-255,66,72542,77,418868
5647,0.000958,74.125.24.0-255,9992,82534,77,418868
5648,0.000963,74.125.24.0-255,2902,85436,77,418868
5649,0.000975,172.31.40.0-255,66,85502,77,418868
5650,0.000991,74.125.24.0-255,4320,89822,77,418868
5651,0.001017,74.125.24.0-255,9992,99814,77,418868
5652,0.00102,74.125.24.0-255,766,100580,77,418868
5653,0.001024,172.31.40.0-255,66,100646,77,418868
5654,0.001061,74.125.24.0-255,1484,102130,77,418868
5655,0.001066,74.125.24.0-255,2902,105032,77,418868
5656,0.001083,74.125.24.0-255,5738,110770,77,418868
5657,0.001089,172.31.40.0-255,66,110836,77,418868
5658,0.001114,74.125.24.0-255,12828,123664,77,418868
5659,0.001122,74.125.24.0-255,8574,132238,77,418868
5660,0.001138,172.31.40.0-255,66,132304,77,418868
5661,0.001156,74.125.24.0-255,1484,133788,77,418868
5662,0.001183,74.125.24.0-255,12828,146616,77,418868
5663,0.001189,172.31.40.0-255,66,146682,77,418868
5664,0.00121,74.125.24.0-255,8723,155405,77,418868
5665,0.001221,74.125.24.0-255,11410,166815,77,418868
5666,0.001223,74.125.24.0-255,766,167581,77,418868
5667,0.001283,172.31.40.0-255,66,167647,77,418868
5668,0.001335,74.125.24.0-255,1484,169131,77,418868
5669,0.001339,74.125.24.0-255,1484,170615,77,418868
5670,0.001351,74.125.24.0-255,1484,172099,77,418868
5671,0.001357,74.125.24.0-255,5738,177837,77,418868
5672,0.001369,172.31.40.0-255,66,177903,77,418868
5673,0.001399,74.125.24.0-255,12828,190731,77,418868
5674,0.001419,74.125.24.0-255,1484,192215,77,418868
5675,0.001436,74.125.24.0-255,7156,199371,77,418868
5676,0.001451,172.31.40.0-255,66,199437,77,418868
5677,0.001456,74.125.24.0-255,2184,201621,77,418868
5678,0.001461,172.31.40.0-255,66,201687,77,418868
5679,0.001479,74.125.24.0-255,1484,203171,77,418868
5680,0.001483,74.125.24.0-255,1484,204655,77,418868
5681,0.001498,74.125.24.0-255,1484,206139,77,418868
5682,0.001504,74.125.24.0-255,5738,211877,77,418868
5683,0.001515,172.31.40.0-255,66,211943,77,418868
5684,0.00152,74.125.24.0-255,2902,214845,77,418868
5685,0.001524,172.31.40.0-255,66,214911,77,418868
5686,0.001539,74.125.24.0-255,9992,224903,77,418868
5687,0.001545,74.125.24.0-255,4320,229223,77,418868
5688,0.001568,74.125.24.0-255,2902,232125,77,418868
5689,0.001571,172.31.40.0-255,66,232191,77,418868
5690,0.001583,74.125.24.0-255,3602,235793,77,418868
5691,0.001586,172.31.40.0-255,66,235859,77,418868
5692,0.001612,172.31.40.0-255,66,235925,77,418868
5693,0.001663,74.125.24.0-255,1484,237409,77,418868
5694,0.001669,74.125.24.0-255,2902,240311,77,418868
5695,0.001674,74.125.24.0-255,2902,243213,77,418868
5696,0.001679,172.31.40.0-255,66,243279,77,418868
5697,0.001694,74.125.24.0-255,2902,246181,77,418868
5698,0.001701,74.125.24.0-255,5738,251919,77,418868
5699,0.001721,74.125.24.0-255,1484,253403,77,418868
5700,0.001734,74.125.24.0-255,12828,266231,77,418868
5701,0.001745,74.125.24.0-255,1484,267715,77,418868
5702,0.001749,74.125.24.0-255,2184,269899,77,418868
5703,0.001753,172.31.40.0-255,66,269965,77,418868
5704,0.001758,172.31.40.0-255,66,270031,77,418868
5705,0.001888,74.125.24.0-255,1484,271515,77,418868
5706,0.001911,74.125.24.0-255,2902,274417,77,418868
5707,0.001916,74.125.24.0-255,2902,277319,77,418868
5708,0.001929,74.125.24.0-255,2902,280221,77,418868
5709,0.001946,74.125.24.0-255,4320,284541,77,418868
5710,0.001949,172.31.40.0-255,66,284607,77,418868
5711,0.001954,172.31.40.0-255,66,284673,77,418868
5712,0.00199,74.125.24.0-255,11410,296083,77,418868
5713,0.001999,74.125.24.0-255,9992,306075,77,418868
5714,0.002016,74.125.24.0-255,5020,311095,77,418868
5715,0.002023,74.125.24.0-255,5738,316833,77,418868
5716,0.00203,172.31.40.0-255,66,316899,77,418868
5717,0.002046,74.125.24.0-255,9992,326891,77,418868
5718,0.00205,74.125.24.0-255,1484,328375,77,418868
5719,0.002082,172.31.40.0-255,66,328441,77,418868
5720,0.004139,74.125.24.0-255,5738,334179,77,418868
5721,0.006882,172.31.40.0-255,66,334245,77,418868
5722,0.006962,172.31.40.0-255,101,334346,77,418868
5723,0.008904,74.125.24.0-255,5738,340084,77,418868
5724,0.008911,172.31.40.0-255,66,340150,77,418868
5725,0.008935,74.125.24.0-255,66,340216,77,418868
5726,0.010953,74.125.24.0-255,5738,345954,77,418868
5727,0.01096,172.31.40.0-255,66,346020,77,418868
5728,0.013004,74.125.24.0-255,5738,351758,77,418868
5729,0.01301,172.31.40.0-255,66,351824,77,418868
5730,0.01506,74.125.24.0-255,5738,357562,77,418868
5731,0.015069,172.31.40.0-255,66,357628,77,418868
5732,0.017098,74.125.24.0-255,5738,363366,77,418868
5733,0.017105,172.31.40.0-255,66,363432,77,418868
5734,0.019159,74.125.24.0-255,5738,369170,77,418868
5735,0.019169,172.31.40.0-255,66,369236,77,418868
5736,0.021211,74.125.24.0-255,5738,374974,77,418868
5737,0.021219,172.31.40.0-255,66,375040,77,418868
5738,0.023323,74.125.24.0-255,5738,380778,77,418868
5739,0.023341,172.31.40.0-255,66,380844,77,418868
5740,0.025407,74.125.24.0-255,5738,386582,77,418868
5741,0.025424,172.31.40.0-255,66,386648,77,418868
5742,0.027471,74.125.24.0-255,5738,392386,77,418868
5743,0.027479,172.31.40.0-255,66,392452,77,418868
5744,0.029515,74.125.24.0-255,5738,398190,77,418868
5745,0.029523,172.31.40.0-255,66,398256,77,418868
5746,0.031551,74.125.24.0-255,5738,403994,77,418868
5747,0.031556,172.31.40.0-255,66,404060,77,418868
5748,0.033597,74.125.24.0-255,5738,409798,77,418868
5749,0.033612,172.31.40.0-255,66,409864,77,418868
5750,0.035691,74.125.24.0-255,4488,414352,77,418868
5751,0.035698,172.31.40.0-255,66,414418,77,418868
5752,0.036171,172.31.40.0-255,105,414523,77,418868
5753,0.042227,74.125.24.0-255,66,414589,77,418868
5754,0.046143,172.31.40.0-255,172,414761,77,418868
5755,0.046188,172.31.40.0-255,1119,415880,77,418868
5756,0.046248,172.31.40.0-255,1514,417394,77,418868
5757,0.046249,172.31.40.0-255,1276,418670,77,418868
5758,0.047693,104.244.42.0-255,66,418736,77,418868
5759,0.047803,104.244.42.0-255,66,418802,77,418868
5760,0.047833,104.244.42.0-255,66,418868,77,418868
5761,0.0,216.58.221.0-255,146,146,77,364504
5762,2.4e-05,172.31.40.0-255,66,212,77,364504
5763,3.1e-05,216.58.221.0-255,1484,1696,77,364504
5764,3.6e-05,172.31.40.0-255,66,1762,77,364504
5765,4.2e-05,216.58.221.0-255,2902,4664,77,364504
5766,4.6e-05,172.31.40.0-255,66,4730,77,364504
5767,7.8e-05,216.58.221.0-255,1484,6214,77,364504
5768,8.1e-05,172.31.40.0-255,66,6280,77,364504
5769,9.4e-05,216.58.221.0-255,2902,9182,77,364504
5770,9.6e-05,172.31.40.0-255,66,9248,77,364504
5771,0.000175,216.58.221.0-255,4818,14066,77,364504
5772,0.000178,172.31.40.0-255,66,14132,77,364504
5773,0.000922,216.58.221.0-255,1484,15616,77,364504
5774,0.000929,172.31.40.0-255,66,15682,77,364504
5775,0.00094,216.58.221.0-255,2902,18584,77,364504
5776,0.000942,172.31.40.0-255,66,18650,77,364504
5777,0.00097,216.58.221.0-255,4320,22970,77,364504
5778,0.000973,172.31.40.0-255,66,23036,77,364504
5779,0.001001,216.58.221.0-255,1484,24520,77,364504
5780,0.001004,172.31.40.0-255,66,24586,77,364504
5781,0.001091,216.58.221.0-255,6797,31383,77,364504
5782,0.001094,172.31.40.0-255,66,31449,77,364504
5783,0.001234,216.58.221.0-255,5738,37187,77,364504
5784,0.001239,172.31.40.0-255,66,37253,77,364504
5785,0.001264,216.58.221.0-255,8574,45827,77,364504
5786,0.001267,172.31.40.0-255,66,45893,77,364504
5787,0.001511,216.58.221.0-255,5738,51631,77,364504
5788,0.001514,172.31.40.0-255,66,51697,77,364504
5789,0.001531,216.58.221.0-255,5738,57435,77,364504
5790,0.001533,172.31.40.0-255,66,57501,77,364504
5791,0.001738,216.58.221.0-255,8185,65686,77,364504
5792,0.001741,172.31.40.0-255,66,65752,77,364504
5793,0.001862,216.58.221.0-255,116,65868,77,364504
5794,0.003634,216.58.221.0-255,4320,70188,77,364504
5795,0.003665,172.31.40.0-255,66,70254,77,364504
5796,0.005565,216.58.221.0-255,5738,75992,77,364504
5797,0.005572,172.31.40.0-255,66,76058,77,364504
5798,0.007468,216.58.221.0-255,5738,81796,77,364504
5799,0.007476,172.31.40.0-255,66,81862,77,364504
5800,0.009413,216.58.221.0-255,5738,87600,77,364504
5801,0.009421,172.31.40.0-255,66,87666,77,364504
5802,0.011325,216.58.221.0-255,5738,93404,77,364504
5803,0.011597,172.31.40.0-255,66,93470,77,364504
5804,0.013508,216.58.221.0-255,5738,99208,77,364504
5805,0.013516,172.31.40.0-255,66,99274,77,364504
5806,0.015415,216.58.221.0-255,5738,105012,77,364504
5807,0.01542,172.31.40.0-255,66,105078,77,364504
5808,0.017318,216.58.221.0-255,5738,110816,77,364504
5809,0.017325,172.31.40.0-255,66,110882,77,364504
5810,0.01779,172.31.40.0-255,562,111444,77,364504
5811,0.017821,172.31.40.0-255,1116,112560,77,364504
5812,0.01789,172.31.40.0-255,1514,114074,77,364504
5813,0.017892,172.31.40.0-255,1514,115588,77,364504
5814,0.017893,172.31.40.0-255,1514,117102,77,364504
5815,0.017898,172.31.40.0-255,1514,118616,77,364504
5816,0.0179,172.31.40.0-255,1286,119902,77,364504
5817,0.019229,216.58.221.0-255,5738,125640,77,364504
5818,0.019236,172.31.40.0-255,66,125706,77,364504
5819,0.019349,104.244.42.0-255,66,125772,77,364504
5820,0.019356,104.244.42.0-255,66,125838,77,364504
5821,0.019458,104.244.42.0-255,66,125904,77,364504
5822,0.019464,104.244.42.0-255,66,125970,77,364504
5823,0.021155,216.58.221.0-255,5738,131708,77,364504
5824,0.021162,172.31.40.0-255,66,131774,77,364504
5825,0.022052,104.244.42.0-255,108,131882,77,364504
5826,0.022061,172.31.40.0-255,66,131948,77,364504
5827,0.023114,216.58.221.0-255,5738,137686,77,364504
5828,0.02312,172.31.40.0-255,66,137752,77,364504
5829,0.025068,216.58.221.0-255,5738,143490,77,364504
5830,0.025075,172.31.40.0-255,66,143556,77,364504
5831,0.026975,216.58.221.0-255,5738,149294,77,364504
5832,0.026982,172.31.40.0-255,66,149360,77,364504
5833,0.028911,216.58.221.0-255,5738,155098,77,364504
5834,0.028917,172.31.40.0-255,66,155164,77,364504
5835,0.03082,216.58.221.0-255,5738,160902,77,364504
5836,0.030827,172.31.40.0-255,66,160968,77,364504
5837,0.032738,216.58.221.0-255,5738,166706,77,364504
5838,0.033069,172.31.40.0-255,66,166772,77,364504
5839,0.034981,216.58.221.0-255,5738,172510,77,364504
5840,0.034995,172.31.40.0-255,66,172576,77,364504
5841,0.036904,216.58.221.0-255,5738,178314,77,364504
5842,0.036913,172.31.40.0-255,66,178380,77,364504
5843,0.038828,216.58.221.0-255,5738,184118,77,364504
5844,0.038842,172.31.40.0-255,66,184184,77,364504
5845,0.040759,216.58.221.0-255,5738,189922,77,364504
5846,0.040776,172.31.40.0-255,66,189988,77,364504
5847,0.042701,216.58.221.0-255,5738,195726,77,364504
5848,0.042714,172.31.40.0-255,66,195792,77,364504
5849,0.044628,216.58.221.0-255,5738,201530,77,364504
5850,0.044643,172.31.40.0-255,66,201596,77,364504
5851,0.046554,216.58.221.0-255,5738,207334,77,364504
5852,0.046569,172.31.40.0-255,66,207400,77,364504
5853,0.048499,216.58.221.0-255,5738,213138,77,364504
5854,0.048515,172.31.40.0-255,66,213204,77,364504
5855,0.05043,216.58.221.0-255,5738,218942,77,364504
5856,0.050443,172.31.40.0-255,66,219008,77,364504
5857,0.052359,216.58.221.0-255,5738,224746,77,364504
5858,0.052366,172.31.40.0-255,66,224812,77,364504
5859,0.05427,216.58.221.0-255,5738,230550,77,364504
5860,0.054279,172.31.40.0-255,66,230616,77,364504
5861,0.056195,216.58.221.0-255,5738,236354,77,364504
5862,0.056202,172.31.40.0-255,66,236420,77,364504
5863,0.058163,216.58.221.0-255,5738,242158,77,364504
5864,0.058173,172.31.40.0-255,66,242224,77,364504
5865,0.060096,216.58.221.0-255,5738,247962,77,364504
5866,0.060111,172.31.40.0-255,66,248028,77,364504
5867,0.062015,216.58.221.0-255,5738,253766,77,364504
5868,0.062028,172.31.40.0-255,66,253832,77,364504
5869,0.063934,216.58.221.0-255,5738,259570,77,364504
5870,0.063944,172.31.40.0-255,66,259636,77,364504
5871,0.065866,216.58.221.0-255,5738,265374,77,364504
5872,0.065874,172.31.40.0-255,66,265440,77,364504
5873,0.067787,216.58.221.0-255,5738,271178,77,364504
5874,0.067798,172.31.40.0-255,66,271244,77,364504
5875,0.06971,216.58.221.0-255,5738,276982,77,364504
5876,0.06972,172.31.40.0-255,66,277048,77,364504
5877,0.071629,216.58.221.0-255,5738,282786,77,364504
5878,0.071636,172.31.40.0-255,66,282852,77,364504
5879,0.073564,216.58.221.0-255,2902,285754,77,364504
5880,0.073571,172.31.40.0-255,66,285820,77,364504
5881,0.073592,216.58.221.0-255,2902,288722,77,364504
5882,0.073594,172.31.40.0-255,66,288788,77,364504
5883,0.075461,216.58.221.0-255,2902,291690,77,364504
5884,0.075467,172.31.40.0-255,66,291756,77,364504
5885,0.075492,216.58.221.0-255,2902,294658,77,364504
5886,0.075494,172.31.40.0-255,66,294724,77,364504
5887,0.077364,216.58.221.0-255,2902,297626,77,364504
5888,0.07737,172.31.40.0-255,66,297692,77,364504
5889,0.077393,216.58.221.0-255,2902,300594,77,364504
5890,0.077396,172.31.40.0-255,66,300660,77,364504
5891,0.079269,216.58.221.0-255,5738,306398,77,364504
5892,0.079277,172.31.40.0-255,66,306464,77,364504
5893,0.08118,216.58.221.0-255,5738,312202,77,364504
5894,0.081187,172.31.40.0-255,66,312268,77,364504
5895,0.083088,216.58.221.0-255,5738,318006,77,364504
5896,0.083095,172.31.40.0-255,66,318072,77,364504
5897,0.085005,216.58.221.0-255,5738,323810,77,364504
5898,0.085012,172.31.40.0-255,66,323876,77,364504
5899,0.086912,216.58.221.0-255,5738,329614,77,364504
5900,0.086918,172.31.40.0-255,66,329680,77,364504
5901,0.088816,216.58.221.0-255,5738,335418,77,364504
5902,0.088823,172.31.40.0-255,66,335484,77,364504
5903,0.090727,216.58.221.0-255,5738,341222,77,364504
5904,0.090734,172.31.40.0-255,66,341288,77,364504
5905,0.092634,216.58.221.0-255,5738,347026,77,364504
5906,0.092641,172.31.40.0-255,66,347092,77,364504
5907,0.094532,216.58.221.0-255,5738,352830,77,364504
5908,0.094537,172.31.40.0-255,66,352896,77,364504
5909,0.096437,216.58.221.0-255,5738,358634,77,364504
5910,0.096444,172.31.40.0-255,66,358700,77,364504
5911,0.098344,216.58.221.0-255,5738,364438,77,364504
5912,0.09835,172.31.40.0-255,66,364504,77,364504
5913,0.0,172.217.194.0-255,153,153,77,325954
5914,2.4e-05,172.31.40.0-255,66,219,77,325954
5915,3.1e-05,172.217.194.0-255,1484,1703,77,325954
5916,3.6e-05,172.31.40.0-255,66,1769,77,325954
5917,4.2e-05,172.217.194.0-255,2902,4671,77,325954
5918,4.6e-05,172.31.40.0-255,66,4737,77,325954
5919,5.4e-05,172.217.194.0-255,7156,11893,77,325954
5920,5.8e-05,172.31.40.0-255,66,11959,77,325954
5921,9.1e-05,172.217.194.0-255,2002,13961,77,325954
5922,9.4e-05,172.31.40.0-255,66,14027,77,325954
5923,0.000302,172.217.194.0-255,1484,15511,77,325954
5924,0.000306,172.31.40.0-255,66,15577,77,325954
5925,0.000311,172.217.194.0-255,2902,18479,77,325954
5926,0.000314,172.31.40.0-255,66,18545,77,325954
5927,0.000317,172.217.194.0-255,1484,20029,77,325954
5928,0.000319,172.31.40.0-255,66,20095,77,325954
5929,0.000346,172.217.194.0-255,4320,24415,77,325954
5930,0.00035,172.31.40.0-255,66,24481,77,325954
5931,0.000353,172.217.194.0-255,1484,25965,77,325954
5932,0.000355,172.31.40.0-255,66,26031,77,325954
5933,0.00036,172.217.194.0-255,2902,28933,77,325954
5934,0.000363,172.31.40.0-255,66,28999,77,325954
5935,0.000402,172.217.194.0-255,2543,31542,77,325954
5936,0.000405,172.31.40.0-255,66,31608,77,325954
5937,0.000432,172.217.194.0-255,2902,34510,77,325954
5938,0.000434,172.31.40.0-255,66,34576,77,325954
5939,0.000459,172.217.194.0-255,7156,41732,77,325954
5940,0.000462,172.31.40.0-255,66,41798,77,325954
5941,0.000508,172.217.194.0-255,6797,48595,77,325954
5942,0.000512,172.31.40.0-255,66,48661,77,325954
5943,0.001651,172.217.194.0-255,1484,50145,77,325954
5944,0.001659,172.31.40.0-255,66,50211,77,325954
5945,0.001665,172.217.194.0-255,2902,53113,77,325954
5946,0.001669,172.31.40.0-255,66,53179,77,325954
5947,0.001676,172.217.194.0-255,5738,58917,77,325954
5948,0.001679,172.31.40.0-255,66,58983,77,325954
5949,0.001714,172.217.194.0-255,4320,63303,77,325954
5950,0.001716,172.31.40.0-255,66,63369,77,325954
5951,0.001743,172.217.194.0-255,6797,70166,77,325954
5952,0.001746,172.31.40.0-255,66,70232,77,325954
5953,0.001753,172.217.194.0-255,5738,75970,77,325954
5954,0.001755,172.31.40.0-255,66,76036,77,325954
5955,0.001779,172.217.194.0-255,2902,78938,77,325954
5956,0.001782,172.31.40.0-255,66,79004,77,325954
5957,0.001792,172.217.194.0-255,9992,88996,77,325954
5958,0.001795,172.31.40.0-255,66,89062,77,325954
5959,0.001802,172.217.194.0-255,7156,96218,77,325954
5960,0.001804,172.31.40.0-255,66,96284,77,325954
5961,0.001826,172.217.194.0-255,4182,100466,77,325954
5962,0.001829,172.31.40.0-255,66,100532,77,325954
5963,0.002299,172.217.194.0-255,1484,102016,77,325954
5964,0.002322,172.217.194.0-255,2902,104918,77,325954
5965,0.002328,172.31.40.0-255,66,104984,77,325954
5966,0.002336,172.217.194.0-255,5738,110722,77,325954
5967,0.002338,172.31.40.0-255,66,110788,77,325954
5968,0.002341,172.217.194.0-255,1484,112272,77,325954
5969,0.002357,172.217.194.0-255,1484,113756,77,325954
5970,0.002359,172.31.40.0-255,66,113822,77,325954
5971,0.002363,172.217.194.0-255,1484,115306,77,325954
5972,0.002381,172.217.194.0-255,1484,116790,77,325954
5973,0.002384,172.31.40.0-255,66,116856,77,325954
5974,0.002399,172.217.194.0-255,2902,119758,77,325954
5975,0.002402,172.31.40.0-255,66,119824,77,325954
5976,0.00243,172.217.194.0-255,9992,129816,77,325954
5977,0.002433,172.31.40.0-255,66,129882,77,325954
5978,0.002441,172.217.194.0-255,5020,134902,77,325954
5979,0.002443,172.31.40.0-255,66,134968,77,325954
5980,0.003862,172.217.194.0-255,1484,136452,77,325954
5981,0.003867,172.217.194.0-255,1484,137936,77,325954
5982,0.003871,172.31.40.0-255,66,138002,77,325954
5983,0.003889,172.217.194.0-255,1484,139486,77,325954
5984,0.003895,172.217.194.0-255,5738,145224,77,325954
5985,0.003898,172.31.40.0-255,66,145290,77,325954
5986,0.003924,172.217.194.0-255,12828,158118,77,325954
5987,0.003926,172.31.40.0-255,66,158184,77,325954
5988,0.003929,172.217.194.0-255,1484,159668,77,325954
5989,0.003962,172.217.194.0-255,9274,168942,77,325954
5990,0.003964,172.31.40.0-255,66,169008,77,325954
5991,0.004089,172.217.194.0-255,1484,170492,77,325954
5992,0.004111,172.217.194.0-255,1484,171976,77,325954
5993,0.004113,172.31.40.0-255,66,172042,77,325954
5994,0.004118,172.217.194.0-255,4320,176362,77,325954
5995,0.004122,172.31.40.0-255,66,176428,77,325954
5996,0.004155,172.217.194.0-255,4320,180748,77,325954
5997,0.004157,172.31.40.0-255,66,180814,77,325954
5998,0.004179,172.217.194.0-255,4320,185134,77,325954
5999,0.004181,172.31.40.0-255,66,185200,77,325954
6000,0.004194,172.31.40.0-255,66,185266,77,325954
6001,0.004198,172.217.194.0-255,3602,188868,77,325954
6002,0.0042,172.31.40.0-255,66,188934,77,325954
6003,0.004204,172.217.194.0-255,4320,193254,77,325954
6004,0.004206,172.31.40.0-255,66,193320,77,325954
6005,0.004212,172.217.194.0-255,5738,199058,77,325954
6006,0.004214,172.31.40.0-255,66,199124,77,325954
6007,0.00425,172.217.194.0-255,4320,203444,77,325954
6008,0.004253,172.31.40.0-255,66,203510,77,325954
6009,0.004267,172.31.40.0-255,66,203576,77,325954
6010,0.004295,172.217.194.0-255,9992,213568,77,325954
6011,0.004298,172.31.40.0-255,66,213634,77,325954
6012,0.004312,172.217.194.0-255,6438,220072,77,325954
6013,0.004314,172.31.40.0-255,66,220138,77,325954
6014,0.004317,172.217.194.0-255,1484,221622,77,325954
6015,0.004325,172.217.194.0-255,4320,225942,77,325954
6016,0.004328,172.31.40.0-255,66,226008,77,325954
6017,0.004364,172.31.40.0-255,66,226074,77,325954
6018,0.004366,172.217.194.0-255,1484,227558,77,325954
6019,0.004388,172.217.194.0-255,2902,230460,77,325954
6020,0.00439,172.31.40.0-255,66,230526,77,325954
6021,0.004416,172.217.194.0-255,12828,243354,77,325954
6022,0.004443,172.217.194.0-255,7156,250510,77,325954
6023,0.004452,172.217.194.0-255,9992,260502,77,325954
6024,0.004464,172.217.194.0-255,3602,264104,77,325954
6025,0.004468,172.217.194.0-255,2902,267006,77,325954
6026,0.004486,172.217.194.0-255,9992,276998,77,325954
6027,0.004507,172.217.194.0-255,1484,278482,77,325954
6028,0.004524,172.217.194.0-255,4320,282802,77,325954
6029,0.004549,172.217.194.0-255,11410,294212,77,325954
6030,0.004587,172.217.194.0-255,9992,304204,77,325954
6031,0.00461,172.217.194.0-255,7856,312060,77,325954
6032,0.004667,172.217.194.0-255,5020,317080,77,325954
6033,0.00467,172.217.194.0-255,1484,318564,77,325954
6034,0.004674,172.217.194.0-255,5005,323569,77,325954
6035,0.004687,172.217.194.0-255,105,323674,77,325954
6036,0.005399,172.31.40.0-255,66,323740,77,325954
6037,0.012952,172.31.40.0-255,105,323845,77,325954
6038,0.015226,172.217.194.0-255,66,323911,77,325954
6039,0.039378,172.31.40.0-255,172,324083,77,325954
6040,0.039405,172.31.40.0-255,1119,325202,77,325954
6041,0.039465,172.31.40.0-255,554,325756,77,325954
6042,0.040973,104.244.42.0-255,66,325822,77,325954
6043,0.041005,104.244.42.0-255,66,325888,77,325954
6044,0.041016,104.244.42.0-255,66,325954,77,325954
6045,0.0,74.125.68.0-255,150,150,77,400164
6046,1.8e-05,172.31.40.0-255,66,216,77,400164
6047,3.8e-05,74.125.68.0-255,1484,1700,77,400164
6048,4.3e-05,172.31.40.0-255,66,1766,77,400164
6049,4.9e-05,74.125.68.0-255,2902,4668,77,400164
6050,5.3e-05,172.31.40.0-255,66,4734,77,400164
6051,7.8e-05,74.125.68.0-255,2902,7636,77,400164
6052,8.1e-05,172.31.40.0-255,66,7702,77,400164
6053,9.4e-05,74.125.68.0-255,1484,9186,77,400164
6054,9.7e-05,172.31.40.0-255,66,9252,77,400164
6055,0.00012,74.125.68.0-255,2902,12154,77,400164
6056,0.000122,172.31.40.0-255,66,12220,77,400164
6057,0.000126,74.125.68.0-255,2047,14267,77,400164
6058,0.000128,172.31.40.0-255,66,14333,77,400164
6059,0.00014,74.125.68.0-255,1484,15817,77,400164
6060,0.000142,172.31.40.0-255,66,15883,77,400164
6061,0.000155,74.125.68.0-255,1484,17367,77,400164
6062,0.000158,172.31.40.0-255,66,17433,77,400164
6063,0.000194,74.125.68.0-255,5738,23171,77,400164
6064,0.000197,172.31.40.0-255,66,23237,77,400164
6065,0.000238,74.125.68.0-255,1484,24721,77,400164
6066,0.000241,172.31.40.0-255,66,24787,77,400164
6067,0.000261,74.125.68.0-255,2902,27689,77,400164
6068,0.000264,172.31.40.0-255,66,27755,77,400164
6069,0.000267,74.125.68.0-255,1484,29239,77,400164
6070,0.000269,172.31.40.0-255,66,29305,77,400164
6071,0.000304,74.125.68.0-255,2543,31848,77,400164
6072,0.000307,172.31.40.0-255,66,31914,77,400164
6073,0.000435,74.125.68.0-255,1484,33398,77,400164
6074,0.000439,172.31.40.0-255,66,33464,77,400164
6075,0.000453,74.125.68.0-255,2902,36366,77,400164
6076,0.000456,172.31.40.0-255,66,36432,77,400164
6077,0.000479,74.125.68.0-255,2902,39334,77,400164
6078,0.000482,172.31.40.0-255,66,39400,77,400164
6079,0.000501,74.125.68.0-255,4320,43720,77,400164
6080,0.000503,172.31.40.0-255,66,43786,77,400164
6081,0.00053,74.125.68.0-255,4320,48106,77,400164
6082,0.000534,172.31.40.0-255,66,48172,77,400164
6083,0.000544,74.125.68.0-255,2902,51074,77,400164
6084,0.000546,172.31.40.0-255,66,51140,77,400164
6085,0.000598,74.125.68.0-255,2902,54042,77,400164
6086,0.000602,172.31.40.0-255,66,54108,77,400164
6087,0.000623,74.125.68.0-255,5738,59846,77,400164
6088,0.000626,172.31.40.0-255,66,59912,77,400164
6089,0.000629,74.125.68.0-255,1484,61396,77,400164
6090,0.000652,74.125.68.0-255,2902,64298,77,400164
6091,0.000655,172.31.40.0-255,66,64364,77,400164
6092,0.000684,74.125.68.0-255,1484,65848,77,400164
6093,0.00072,74.125.68.0-255,766,66614,77,400164
6094,0.000723,172.31.40.0-255,66,66680,77,400164
6095,0.000991,74.125.68.0-255,363,67043,77,400164
6096,0.000996,74.125.68.0-255,130,67173,77,400164
6097,0.001158,172.31.40.0-255,66,67239,77,400164
6098,0.001577,74.125.68.0-255,1484,68723,77,400164
6099,0.001598,74.125.68.0-255,1484,70207,77,400164
6100,0.001603,172.31.40.0-255,66,70273,77,400164
6101,0.001609,74.125.68.0-255,2902,73175,77,400164
6102,0.001611,172.31.40.0-255,66,73241,77,400164
6103,0.001635,74.125.68.0-255,5738,78979,77,400164
6104,0.001637,172.31.40.0-255,66,79045,77,400164
6105,0.00166,74.125.68.0-255,1484,80529,77,400164
6106,0.001677,74.125.68.0-255,5738,86267,77,400164
6107,0.001679,172.31.40.0-255,66,86333,77,400164
6108,0.00169,74.125.68.0-255,9992,96325,77,400164
6109,0.001692,172.31.40.0-255,66,96391,77,400164
6110,0.001709,74.125.68.0-255,2902,99293,77,400164
6111,0.001712,172.31.40.0-255,66,99359,77,400164
6112,0.001736,74.125.68.0-255,2184,101543,77,400164
6113,0.001739,172.31.40.0-255,66,101609,77,400164
6114,0.001743,74.125.68.0-255,1484,103093,77,400164
6115,0.001759,74.125.68.0-255,1484,104577,77,400164
6116,0.001761,172.31.40.0-255,66,104643,77,400164
6117,0.001765,74.125.68.0-255,1484,106127,77,400164
6118,0.001784,74.125.68.0-255,5738,111865,77,400164
6119,0.001787,172.31.40.0-255,66,111931,77,400164
6120,0.001791,74.125.68.0-255,2902,114833,77,400164
6121,0.001794,172.31.40.0-255,66,114899,77,400164
6122,0.001823,74.125.68.0-255,11410,126309,77,400164
6123,0.001826,172.31.40.0-255,66,126375,77,400164
6124,0.001829,74.125.68.0-255,1484,127859,77,400164
6125,0.001853,74.125.68.0-255,7156,135015,77,400164
6126,0.001856,172.31.40.0-255,66,135081,77,400164
6127,0.001873,74.125.68.0-255,1484,136565,77,400164
6128,0.001897,74.125.68.0-255,7856,144421,77,400164
6129,0.0019,172.31.40.0-255,66,144487,77,400164
6130,0.001904,74.125.68.0-255,2902,147389,77,400164
6131,0.001906,172.31.40.0-255,66,147455,77,400164
6132,0.00194,74.125.68.0-255,12828,160283,77,400164
6133,0.001942,172.31.40.0-255,66,160349,77,400164
6134,0.001963,74.125.68.0-255,1484,161833,77,400164
6135,0.001971,74.125.68.0-255,7156,168989,77,400164
6136,0.001974,172.31.40.0-255,66,169055,77,400164
6137,0.001978,74.125.68.0-255,2902,171957,77,400164
6138,0.001981,172.31.40.0-255,66,172023,77,400164
6139,0.002008,74.125.68.0-255,5020,177043,77,400164
6140,0.002012,172.31.40.0-255,66,177109,77,400164
6141,0.002016,74.125.68.0-255,2902,180011,77,400164
6142,0.002018,172.31.40.0-255,66,180077,77,400164
6143,0.002021,74.125.68.0-255,1484,181561,77,400164
6144,0.002053,74.125.68.0-255,11410,192971,77,400164
6145,0.002056,172.31.40.0-255,66,193037,77,400164
6146,0.002065,74.125.68.0-255,8574,201611,77,400164
6147,0.002067,172.31.40.0-255,66,201677,77,400164
6148,0.00209,74.125.68.0-255,2902,204579,77,400164
6149,0.002092,172.31.40.0-255,66,204645,77,400164
6150,0.002114,74.125.68.0-255,6438,211083,77,400164
6151,0.002117,172.31.40.0-255,66,211149,77,400164
6152,0.002123,74.125.68.0-255,5738,216887,77,400164
6153,0.002125,172.31.40.0-255,66,216953,77,400164
6154,0.002144,74.125.68.0-255,4320,221273,77,400164
6155,0.002146,172.31.40.0-255,66,221339,77,400164
6156,0.002152,74.125.68.0-255,4320,225659,77,400164
6157,0.002154,172.31.40.0-255,66,225725,77,400164
6158,0.002179,74.125.68.0-255,8574,234299,77,400164
6159,0.002182,172.31.40.0-255,66,234365,77,400164
6160,0.002236,74.125.68.0-255,13528,247893,77,400164
6161,0.002239,172.31.40.0-255,66,247959,77,400164
6162,0.00225,74.125.68.0-255,5738,253697,77,400164
6163,0.002252,172.31.40.0-255,66,253763,77,400164
6164,0.002299,172.31.40.0-255,66,253829,77,400164
6165,0.002322,74.125.68.0-255,1484,255313,77,400164
6166,0.002326,74.125.68.0-255,1484,256797,77,400164
6167,0.002328,172.31.40.0-255,66,256863,77,400164
6168,0.002344,74.125.68.0-255,1484,258347,77,400164
6169,0.002362,74.125.68.0-255,5738,264085,77,400164
6170,0.002365,172.31.40.0-255,66,264151,77,400164
6171,0.002369,74.125.68.0-255,2902,267053,77,400164
6172,0.002371,172.31.40.0-255,66,267119,77,400164
6173,0.002377,74.125.68.0-255,4320,271439,77,400164
6174,0.00238,172.31.40.0-255,66,271505,77,400164
6175,0.002382,74.125.68.0-255,1484,272989,77,400164
6176,0.002413,74.125.68.0-255,7156,280145,77,400164
6177,0.002415,172.31.40.0-255,66,280211,77,400164
6178,0.002422,74.125.68.0-255,7156,287367,77,400164
6179,0.002424,172.31.40.0-255,66,287433,77,400164
6180,0.002458,74.125.68.0-255,2902,290335,77,400164
6181,0.002461,172.31.40.0-255,66,290401,77,400164
6182,0.002473,74.125.68.0-255,3602,294003,77,400164
6183,0.002476,172.31.40.0-255,66,294069,77,400164
6184,0.002483,74.125.68.0-255,7156,301225,77,400164
6185,0.002501,172.31.40.0-255,66,301291,77,400164
6186,0.002529,74.125.68.0-255,11410,312701,77,400164
6187,0.002533,172.31.40.0-255,66,312767,77,400164
6188,0.002578,74.125.68.0-255,12110,324877,77,400164
6189,0.002582,172.31.40.0-255,66,324943,77,400164
6190,0.00262,74.125.68.0-255,12828,337771,77,400164
6191,0.002623,172.31.40.0-255,66,337837,77,400164
6192,0.002645,74.125.68.0-255,2902,340739,77,400164
6193,0.002649,172.31.40.0-255,66,340805,77,400164
6194,0.002678,74.125.68.0-255,11410,352215,77,400164
6195,0.002681,172.31.40.0-255,66,352281,77,400164
6196,0.002687,74.125.68.0-255,3602,355883,77,400164
6197,0.002689,172.31.40.0-255,66,355949,77,400164
6198,0.002694,74.125.68.0-255,4320,360269,77,400164
6199,0.002697,172.31.40.0-255,66,360335,77,400164
6200,0.002728,74.125.68.0-255,8574,368909,77,400164
6201,0.002732,172.31.40.0-255,66,368975,77,400164
6202,0.005392,74.125.68.0-255,5738,374713,77,400164
6203,0.005415,172.31.40.0-255,66,374779,77,400164
6204,0.008074,74.125.68.0-255,5738,380517,77,400164
6205,0.008087,172.31.40.0-255,66,380583,77,400164
6206,0.010728,74.125.68.0-255,5738,386321,77,400164
6207,0.010736,172.31.40.0-255,66,386387,77,400164
6208,0.013374,74.125.68.0-255,5738,392125,77,400164
6209,0.013379,172.31.40.0-255,66,392191,77,400164
6210,0.016042,74.125.68.0-255,4417,396608,77,400164
6211,0.016058,172.31.40.0-255,66,396674,77,400164
6212,0.016647,172.31.40.0-255,105,396779,77,400164
6213,0.019267,74.125.68.0-255,66,396845,77,400164
6214,0.054537,172.31.40.0-255,167,397012,77,400164
6215,0.054571,172.31.40.0-255,1116,398128,77,400164
6216,0.054633,172.31.40.0-255,1514,399642,77,400164
6217,0.054635,172.31.40.0-255,324,399966,77,400164
6218,0.056077,104.244.42.0-255,66,400032,77,400164
6219,0.056126,104.244.42.0-255,66,400098,77,400164
6220,0.056219,104.244.42.0-255,66,400164,77,400164
6221,0.0,74.125.24.0-255,296,296,77,390760
6222,2.1e-05,172.31.40.0-255,66,362,77,390760
6223,2.7e-05,74.125.24.0-255,1484,1846,77,390760
6224,3.1e-05,172.31.40.0-255,66,1912,77,390760
6225,3.7e-05,74.125.24.0-255,4320,6232,77,390760
6226,4e-05,172.31.40.0-255,66,6298,77,390760
6227,4.4e-05,74.125.24.0-255,4320,10618,77,390760
6228,4.8e-05,172.31.40.0-255,66,10684,77,390760
6229,6.8e-05,74.125.24.0-255,1484,12168,77,390760
6230,7.1e-05,172.31.40.0-255,66,12234,77,390760
6231,9.2e-05,74.125.24.0-255,1815,14049,77,390760
6232,9.4e-05,172.31.40.0-255,66,14115,77,390760
6233,9.8e-05,74.125.24.0-255,2902,17017,77,390760
6234,0.0001,172.31.40.0-255,66,17083,77,390760
6235,0.000112,74.125.24.0-255,1484,18567,77,390760
6236,0.000114,172.31.40.0-255,66,18633,77,390760
6237,0.000143,74.125.24.0-255,9992,28625,77,390760
6238,0.000145,172.31.40.0-255,66,28691,77,390760
6239,0.000173,74.125.24.0-255,2543,31234,77,390760
6240,0.000175,172.31.40.0-255,66,31300,77,390760
6241,0.000178,74.125.24.0-255,1484,32784,77,390760
6242,0.00018,172.31.40.0-255,66,32850,77,390760
6243,0.000195,74.125.24.0-255,1484,34334,77,390760
6244,0.000197,172.31.40.0-255,66,34400,77,390760
6245,0.000203,74.125.24.0-255,7156,41556,77,390760
6246,0.000205,172.31.40.0-255,66,41622,77,390760
6247,0.000236,74.125.24.0-255,6797,48419,77,390760
6248,0.000238,172.31.40.0-255,66,48485,77,390760
6249,0.000523,74.125.24.0-255,1484,49969,77,390760
6250,0.000528,172.31.40.0-255,66,50035,77,390760
6251,0.000533,74.125.24.0-255,2902,52937,77,390760
6252,0.000535,172.31.40.0-255,66,53003,77,390760
6253,0.000567,74.125.24.0-255,5738,58741,77,390760
6254,0.00057,172.31.40.0-255,66,58807,77,390760
6255,0.000584,74.125.24.0-255,4320,63127,77,390760
6256,0.000586,172.31.40.0-255,66,63193,77,390760
6257,0.000601,74.125.24.0-255,2543,65736,77,390760
6258,0.000603,172.31.40.0-255,66,65802,77,390760
6259,0.000628,74.125.24.0-255,2902,68704,77,390760
6260,0.00063,172.31.40.0-255,66,68770,77,390760
6261,0.000656,74.125.24.0-255,4320,73090,77,390760
6262,0.000658,172.31.40.0-255,66,73156,77,390760
6263,0.000667,74.125.24.0-255,10214,83370,77,390760
6264,0.00067,172.31.40.0-255,66,83436,77,390760
6265,0.000725,74.125.24.0-255,1484,84920,77,390760
6266,0.00074,74.125.24.0-255,2902,87822,77,390760
6267,0.000743,172.31.40.0-255,66,87888,77,390760
6268,0.000764,74.125.24.0-255,5738,93626,77,390760
6269,0.000767,172.31.40.0-255,66,93692,77,390760
6270,0.000782,74.125.24.0-255,1484,95176,77,390760
6271,0.000801,74.125.24.0-255,8574,103750,77,390760
6272,0.000804,172.31.40.0-255,66,103816,77,390760
6273,0.000822,74.125.24.0-255,2902,106718,77,390760
6274,0.000825,172.31.40.0-255,66,106784,77,390760
6275,0.000873,74.125.24.0-255,10027,116811,77,390760
6276,0.000876,172.31.40.0-255,66,116877,77,390760
6277,0.000926,74.125.24.0-255,1484,118361,77,390760
6278,0.000944,74.125.24.0-255,2902,121263,77,390760
6279,0.000948,172.31.40.0-255,66,121329,77,390760
6280,0.000952,74.125.24.0-255,2902,124231,77,390760
6281,0.000954,172.31.40.0-255,66,124297,77,390760
6282,0.000971,74.125.24.0-255,2902,127199,77,390760
6283,0.000974,172.31.40.0-255,66,127265,77,390760
6284,0.000983,74.125.24.0-255,1484,128749,77,390760
6285,0.000997,74.125.24.0-255,8574,137323,77,390760
6286,0.001,172.31.40.0-255,66,137389,77,390760
6287,0.001017,74.125.24.0-255,403,137792,77,390760
6288,0.001023,74.125.24.0-255,5738,143530,77,390760
6289,0.001026,172.31.40.0-255,66,143596,77,390760
6290,0.001042,74.125.24.0-255,5738,149334,77,390760
6291,0.001048,172.31.40.0-255,66,149400,77,390760
6292,0.001064,74.125.24.0-255,1484,150884,77,390760
6293,0.001077,74.125.24.0-255,1484,152368,77,390760
6294,0.00108,172.31.40.0-255,66,152434,77,390760
6295,0.001101,74.125.24.0-255,5738,158172,77,390760
6296,0.001104,172.31.40.0-255,66,158238,77,390760
6297,0.001107,74.125.24.0-255,1484,159722,77,390760
6298,0.001128,74.125.24.0-255,8574,168296,77,390760
6299,0.00113,172.31.40.0-255,66,168362,77,390760
6300,0.001133,74.125.24.0-255,766,169128,77,390760
6301,0.00164,172.31.40.0-255,101,169229,77,390760
6302,0.001678,74.125.24.0-255,1484,170713,77,390760
6303,0.001702,74.125.24.0-255,2902,173615,77,390760
6304,0.001707,74.125.24.0-255,5738,179353,77,390760
6305,0.001715,172.31.40.0-255,66,179419,77,390760
6306,0.001718,172.31.40.0-255,66,179485,77,390760
6307,0.001732,74.125.24.0-255,1484,180969,77,390760
6308,0.001751,74.125.24.0-255,8574,189543,77,390760
6309,0.001753,172.31.40.0-255,66,189609,77,390760
6310,0.001796,74.125.24.0-255,4320,193929,77,390760
6311,0.001801,74.125.24.0-255,5738,199667,77,390760
6312,0.001805,172.31.40.0-255,66,199733,77,390760
6313,0.001807,172.31.40.0-255,66,199799,77,390760
6314,0.001817,74.125.24.0-255,3602,203401,77,390760
6315,0.001819,172.31.40.0-255,66,203467,77,390760
6316,0.002037,74.125.24.0-255,1484,204951,77,390760
6317,0.002042,74.125.24.0-255,2902,207853,77,390760
6318,0.002045,172.31.40.0-255,66,207919,77,390760
6319,0.002066,74.125.24.0-255,5738,213657,77,390760
6320,0.002069,172.31.40.0-255,66,213723,77,390760
6321,0.002072,74.125.24.0-255,1484,215207,77,390760
6322,0.002093,74.125.24.0-255,5738,220945,77,390760
6323,0.002095,172.31.40.0-255,66,221011,77,390760
6324,0.002137,172.31.40.0-255,66,221077,77,390760
6325,0.00214,74.125.24.0-255,2184,223261,77,390760
6326,0.002142,172.31.40.0-255,66,223327,77,390760
6327,0.002158,74.125.24.0-255,4320,227647,77,390760
6328,0.00216,172.31.40.0-255,66,227713,77,390760
6329,0.002213,172.31.40.0-255,66,227779,77,390760
6330,0.002221,74.125.24.0-255,8574,236353,77,390760
6331,0.002223,172.31.40.0-255,66,236419,77,390760
6332,0.002229,74.125.24.0-255,6438,242857,77,390760
6333,0.002231,172.31.40.0-255,66,242923,77,390760
6334,0.002291,74.125.24.0-255,7156,250079,77,390760
6335,0.002295,172.31.40.0-255,66,250145,77,390760
6336,0.0023,74.125.24.0-255,4320,254465,77,390760
6337,0.002304,172.31.40.0-255,66,254531,77,390760
6338,0.002314,74.125.24.0-255,12828,267359,77,390760
6339,0.002318,172.31.40.0-255,66,267425,77,390760
6340,0.003872,74.125.24.0-255,66,267491,77,390760
6341,0.004633,74.125.24.0-255,5738,273229,77,390760
6342,0.004648,172.31.40.0-255,66,273295,77,390760
6343,0.006911,74.125.24.0-255,5738,279033,77,390760
6344,0.006925,172.31.40.0-255,66,279099,77,390760
6345,0.009209,74.125.24.0-255,5738,284837,77,390760
6346,0.009229,172.31.40.0-255,66,284903,77,390760
6347,0.011516,74.125.24.0-255,5738,290641,77,390760
6348,0.011533,172.31.40.0-255,66,290707,77,390760
6349,0.01384,74.125.24.0-255,5738,296445,77,390760
6350,0.013845,172.31.40.0-255,66,296511,77,390760
6351,0.016142,74.125.24.0-255,5738,302249,77,390760
6352,0.016149,172.31.40.0-255,66,302315,77,390760
6353,0.018444,74.125.24.0-255,5738,308053,77,390760
6354,0.018466,172.31.40.0-255,66,308119,77,390760
6355,0.020741,74.125.24.0-255,5738,313857,77,390760
6356,0.020758,172.31.40.0-255,66,313923,77,390760
6357,0.023034,74.125.24.0-255,5738,319661,77,390760
6358,0.023045,172.31.40.0-255,66,319727,77,390760
6359,0.025297,74.125.24.0-255,5738,325465,77,390760
6360,0.025304,172.31.40.0-255,66,325531,77,390760
6361,0.027608,74.125.24.0-255,5738,331269,77,390760
6362,0.027618,172.31.40.0-255,66,331335,77,390760
6363,0.029873,74.125.24.0-255,5738,337073,77,390760
6364,0.02988,172.31.40.0-255,66,337139,77,390760
6365,0.032168,74.125.24.0-255,5738,342877,77,390760
6366,0.032186,172.31.40.0-255,66,342943,77,390760
6367,0.034472,74.125.24.0-255,5738,348681,77,390760
6368,0.03448,172.31.40.0-255,66,348747,77,390760
6369,0.036763,74.125.24.0-255,5738,354485,77,390760
6370,0.036781,172.31.40.0-255,66,354551,77,390760
6371,0.039066,74.125.24.0-255,5738,360289,77,390760
6372,0.039077,172.31.40.0-255,66,360355,77,390760
6373,0.041393,74.125.24.0-255,5738,366093,77,390760
6374,0.041441,172.31.40.0-255,66,366159,77,390760
6375,0.043722,74.125.24.0-255,5738,371897,77,390760
6376,0.043741,172.31.40.0-255,66,371963,77,390760
6377,0.046022,74.125.24.0-255,5738,377701,77,390760
6378,0.04604,172.31.40.0-255,66,377767,77,390760
6379,0.048309,74.125.24.0-255,5738,383505,77,390760
6380,0.048327,172.31.40.0-255,66,383571,77,390760
6381,0.050611,74.125.24.0-255,2674,386245,77,390760
6382,0.05063,172.31.40.0-255,66,386311,77,390760
6383,0.05093,172.31.40.0-255,105,386416,77,390760
6384,0.057407,172.31.40.0-255,171,386587,77,390760
6385,0.057439,172.31.40.0-255,1143,387730,77,390760
6386,0.057511,172.31.40.0-255,1514,389244,77,390760
6387,0.057514,172.31.40.0-255,1252,390496,77,390760
6388,0.057889,74.125.24.0-255,66,390562,77,390760
6389,0.058978,104.244.42.0-255,66,390628,77,390760
6390,0.059006,104.244.42.0-255,66,390694,77,390760
6391,0.059055,104.244.42.0-255,66,390760,77,390760
6392,0.0,172.217.194.0-255,152,152,77,248589
6393,2.2e-05,172.31.40.0-255,66,218,77,248589
6394,2.9e-05,172.217.194.0-255,1484,1702,77,248589
6395,3.4e-05,172.31.40.0-255,66,1768,77,248589
6396,3.9e-05,172.217.194.0-255,2902,4670,77,248589
6397,4.3e-05,172.31.40.0-255,66,4736,77,248589
6398,7.9e-05,172.217.194.0-255,5738,10474,77,248589
6399,8.2e-05,172.31.40.0-255,66,10540,77,248589
6400,0.000194,172.217.194.0-255,3458,13998,77,248589
6401,0.000197,172.31.40.0-255,66,14064,77,248589
6402,0.000259,172.217.194.0-255,5738,19802,77,248589
6403,0.000262,172.31.40.0-255,66,19868,77,248589
6404,0.000281,172.217.194.0-255,5738,25606,77,248589
6405,0.000283,172.31.40.0-255,66,25672,77,248589
6406,0.000476,172.217.194.0-255,2902,28574,77,248589
6407,0.00048,172.31.40.0-255,66,28640,77,248589
6408,0.000501,172.217.194.0-255,8574,37214,77,248589
6409,0.000504,172.31.40.0-255,66,37280,77,248589
6410,0.000706,172.217.194.0-255,4320,41600,77,248589
6411,0.00071,172.31.40.0-255,66,41666,77,248589
6412,0.000733,172.217.194.0-255,6438,48104,77,248589
6413,0.000735,172.31.40.0-255,66,48170,77,248589
6414,0.000915,172.217.194.0-255,8574,56744,77,248589
6415,0.000919,172.31.40.0-255,66,56810,77,248589
6416,0.000955,172.31.40.0-255,66,56876,77,248589
6417,0.001395,172.217.194.0-255,2902,59778,77,248589
6418,0.001401,172.31.40.0-255,66,59844,77,248589
6419,0.001481,172.31.40.0-255,66,59910,77,248589
6420,0.002352,172.217.194.0-255,4320,64230,77,248589
6421,0.002355,172.31.40.0-255,66,64296,77,248589
6422,0.003216,172.217.194.0-255,5738,70034,77,248589
6423,0.004187,172.217.194.0-255,2902,72936,77,248589
6424,0.004251,172.217.194.0-255,9992,82928,77,248589
6425,0.006544,172.31.40.0-255,66,82994,77,248589
6426,0.009111,172.217.194.0-255,2902,85896,77,248589
6427,0.009119,172.31.40.0-255,66,85962,77,248589
6428,0.009142,172.217.194.0-255,2902,88864,77,248589
6429,0.011583,172.31.40.0-255,66,88930,77,248589
6430,0.011664,172.217.194.0-255,2902,91832,77,248589
6431,0.014127,172.217.194.0-255,2902,94734,77,248589
6432,0.016601,172.31.40.0-255,66,94800,77,248589
6433,0.019162,172.217.194.0-255,5738,100538,77,248589
6434,0.019174,172.31.40.0-255,66,100604,77,248589
6435,0.021719,172.217.194.0-255,5738,106342,77,248589
6436,0.021737,172.31.40.0-255,66,106408,77,248589
6437,0.024297,172.217.194.0-255,5738,112146,77,248589
6438,0.024313,172.31.40.0-255,66,112212,77,248589
6439,0.026877,172.217.194.0-255,5738,117950,77,248589
6440,0.026885,172.31.40.0-255,66,118016,77,248589
6441,0.029451,172.217.194.0-255,5738,123754,77,248589
6442,0.029463,172.31.40.0-255,66,123820,77,248589
6443,0.031996,172.217.194.0-255,5738,129558,77,248589
6444,0.032004,172.31.40.0-255,66,129624,77,248589
6445,0.03455,172.217.194.0-255,5738,135362,77,248589
6446,0.034558,172.31.40.0-255,66,135428,77,248589
6447,0.037103,172.217.194.0-255,5738,141166,77,248589
6448,0.037112,172.31.40.0-255,66,141232,77,248589
6449,0.039663,172.217.194.0-255,5738,146970,77,248589
6450,0.039681,172.31.40.0-255,66,147036,77,248589
6451,0.042232,172.217.194.0-255,5738,152774,77,248589
6452,0.04224,172.31.40.0-255,66,152840,77,248589
6453,0.044797,172.217.194.0-255,5738,158578,77,248589
6454,0.044802,172.31.40.0-255,66,158644,77,248589
6455,0.047357,172.217.194.0-255,5738,164382,77,248589
6456,0.04738,172.31.40.0-255,66,164448,77,248589
6457,0.04753,172.31.40.0-255,172,164620,77,248589
6458,0.04756,172.31.40.0-255,1120,165740,77,248589
6459,0.047682,172.31.40.0-255,1514,167254,77,248589
6460,0.047684,172.31.40.0-255,1275,168529,77,248589
6461,0.049119,104.244.42.0-255,66,168595,77,248589
6462,0.049145,104.244.42.0-255,66,168661,77,248589
6463,0.049263,104.244.42.0-255,66,168727,77,248589
6464,0.049975,172.217.194.0-255,5738,174465,77,248589
6465,0.049989,172.31.40.0-255,66,174531,77,248589
6466,0.052541,172.217.194.0-255,5738,180269,77,248589
6467,0.052558,172.31.40.0-255,66,180335,77,248589
6468,0.055127,172.217.194.0-255,5738,186073,77,248589
6469,0.055146,172.31.40.0-255,66,186139,77,248589
6470,0.057719,172.217.194.0-255,5738,191877,77,248589
6471,0.057728,172.31.40.0-255,66,191943,77,248589
6472,0.060281,172.217.194.0-255,5738,197681,77,248589
6473,0.060298,172.31.40.0-255,66,197747,77,248589
6474,0.062862,172.217.194.0-255,5738,203485,77,248589
6475,0.06288,172.31.40.0-255,66,203551,77,248589
6476,0.065425,172.217.194.0-255,5738,209289,77,248589
6477,0.065443,172.31.40.0-255,66,209355,77,248589
6478,0.067988,172.217.194.0-255,5738,215093,77,248589
6479,0.068006,172.31.40.0-255,66,215159,77,248589
6480,0.070548,172.217.194.0-255,5738,220897,77,248589
6481,0.070566,172.31.40.0-255,66,220963,77,248589
6482,0.073267,172.217.194.0-255,5738,226701,77,248589
6483,0.073286,172.31.40.0-255,66,226767,77,248589
6484,0.075855,172.217.194.0-255,5738,232505,77,248589
6485,0.075872,172.31.40.0-255,66,232571,77,248589
6486,0.078427,172.217.194.0-255,5738,238309,77,248589
6487,0.078434,172.31.40.0-255,66,238375,77,248589
6488,0.08099,172.217.194.0-255,5738,244113,77,248589
6489,0.081008,172.31.40.0-255,66,244179,77,248589
6490,0.083575,172.217.194.0-255,4173,248352,77,248589
6491,0.083593,172.31.40.0-255,66,248418,77,248589
6492,0.083886,172.31.40.0-255,105,248523,77,248589
6493,0.086405,172.217.194.0-255,66,248589,77,248589
6494,0.0,74.125.24.0-255,153,153,77,407283
6495,1.5e-05,172.31.40.0-255,66,219,77,407283
6496,2.2e-05,74.125.24.0-255,1484,1703,77,407283
6497,2.7e-05,172.31.40.0-255,66,1769,77,407283
6498,3.2e-05,74.125.24.0-255,2902,4671,77,407283
6499,4.3e-05,172.31.40.0-255,66,4737,77,407283
6500,5.1e-05,74.125.24.0-255,7156,11893,77,407283
6501,5.4e-05,172.31.40.0-255,66,11959,77,407283
6502,8.7e-05,74.125.24.0-255,2030,13989,77,407283
6503,9e-05,172.31.40.0-255,66,14055,77,407283
6504,0.00041,74.125.24.0-255,1484,15539,77,407283
6505,0.000415,172.31.40.0-255,66,15605,77,407283
6506,0.000421,74.125.24.0-255,2902,18507,77,407283
6507,0.000423,172.31.40.0-255,66,18573,77,407283
6508,0.000443,74.125.24.0-255,4320,22893,77,407283
6509,0.000449,172.31.40.0-255,66,22959,77,407283
6510,0.000474,74.125.24.0-255,1484,24443,77,407283
6511,0.000476,172.31.40.0-255,66,24509,77,407283
6512,0.000483,74.125.24.0-255,6797,31306,77,407283
6513,0.000485,172.31.40.0-255,66,31372,77,407283
6514,0.000564,74.125.24.0-255,1484,32856,77,407283
6515,0.000567,172.31.40.0-255,66,32922,77,407283
6516,0.000572,74.125.24.0-255,2902,35824,77,407283
6517,0.000574,172.31.40.0-255,66,35890,77,407283
6518,0.000606,74.125.24.0-255,5738,41628,77,407283
6519,0.000608,172.31.40.0-255,66,41694,77,407283
6520,0.000615,74.125.24.0-255,6797,48491,77,407283
6521,0.000617,172.31.40.0-255,66,48557,77,407283
6522,0.000658,172.31.40.0-255,66,48623,77,407283
6523,0.000662,74.125.24.0-255,2543,51166,77,407283
6524,0.000664,172.31.40.0-255,66,51232,77,407283
6525,0.000697,74.125.24.0-255,646,51878,77,407283
6526,0.000953,172.31.40.0-255,66,51944,77,407283
6527,0.001003,74.125.24.0-255,1484,53428,77,407283
6528,0.001007,74.125.24.0-255,1484,54912,77,407283
6529,0.001009,172.31.40.0-255,66,54978,77,407283
6530,0.001025,74.125.24.0-255,1484,56462,77,407283
6531,0.00103,74.125.24.0-255,5738,62200,77,407283
6532,0.001032,172.31.40.0-255,66,62266,77,407283
6533,0.001055,74.125.24.0-255,1484,63750,77,407283
6534,0.001075,74.125.24.0-255,9992,73742,77,407283
6535,0.001078,172.31.40.0-255,66,73808,77,407283
6536,0.001103,74.125.24.0-255,1484,75292,77,407283
6537,0.001106,74.125.24.0-255,1484,76776,77,407283
6538,0.001107,172.31.40.0-255,66,76842,77,407283
6539,0.001114,74.125.24.0-255,5738,82580,77,407283
6540,0.001116,172.31.40.0-255,66,82646,77,407283
6541,0.001137,74.125.24.0-255,3602,86248,77,407283
6542,0.001143,172.31.40.0-255,66,86314,77,407283
6543,0.001162,74.125.24.0-255,5738,92052,77,407283
6544,0.001164,172.31.40.0-255,66,92118,77,407283
6545,0.001169,74.125.24.0-255,4320,96438,77,407283
6546,0.001171,172.31.40.0-255,66,96504,77,407283
6547,0.001193,74.125.24.0-255,2902,99406,77,407283
6548,0.001198,172.31.40.0-255,66,99472,77,407283
6549,0.001211,74.125.24.0-255,4320,103792,77,407283
6550,0.001213,172.31.40.0-255,66,103858,77,407283
6551,0.001241,74.125.24.0-255,7156,111014,77,407283
6552,0.001244,172.31.40.0-255,66,111080,77,407283
6553,0.001279,74.125.24.0-255,9274,120354,77,407283
6554,0.001282,172.31.40.0-255,66,120420,77,407283
6555,0.00133,74.125.24.0-255,1484,121904,77,407283
6556,0.001345,74.125.24.0-255,2902,124806,77,407283
6557,0.001347,172.31.40.0-255,66,124872,77,407283
6558,0.001367,74.125.24.0-255,5738,130610,77,407283
6559,0.00137,172.31.40.0-255,66,130676,77,407283
6560,0.001403,74.125.24.0-255,9992,140668,77,407283
6561,0.001406,172.31.40.0-255,66,140734,77,407283
6562,0.001425,74.125.24.0-255,5738,146472,77,407283
6563,0.001428,172.31.40.0-255,66,146538,77,407283
6564,0.001462,74.125.24.0-255,5738,152276,77,407283
6565,0.001465,172.31.40.0-255,66,152342,77,407283
6566,0.001469,74.125.24.0-255,2184,154526,77,407283
6567,0.001471,172.31.40.0-255,66,154592,77,407283
6568,0.001779,74.125.24.0-255,1484,156076,77,407283
6569,0.001807,74.125.24.0-255,2902,158978,77,407283
6570,0.00181,172.31.40.0-255,66,159044,77,407283
6571,0.001816,74.125.24.0-255,5738,164782,77,407283
6572,0.001818,172.31.40.0-255,66,164848,77,407283
6573,0.001823,74.125.24.0-255,5738,170586,77,407283
6574,0.001825,172.31.40.0-255,66,170652,77,407283
6575,0.001871,74.125.24.0-255,7156,177808,77,407283
6576,0.001874,172.31.40.0-255,66,177874,77,407283
6577,0.001882,74.125.24.0-255,9992,187866,77,407283
6578,0.001884,172.31.40.0-255,66,187932,77,407283
6579,0.00189,74.125.24.0-255,766,188698,77,407283
6580,0.001958,74.125.24.0-255,1484,190182,77,407283
6581,0.001961,172.31.40.0-255,66,190248,77,407283
6582,0.001966,74.125.24.0-255,2902,193150,77,407283
6583,0.001967,172.31.40.0-255,66,193216,77,407283
6584,0.00197,74.125.24.0-255,1484,194700,77,407283
6585,0.001989,74.125.24.0-255,4320,199020,77,407283
6586,0.001991,172.31.40.0-255,66,199086,77,407283
6587,0.001995,74.125.24.0-255,2902,201988,77,407283
6588,0.001996,172.31.40.0-255,66,202054,77,407283
6589,0.002022,74.125.24.0-255,2902,204956,77,407283
6590,0.002028,172.31.40.0-255,66,205022,77,407283
6591,0.002038,74.125.24.0-255,12828,217850,77,407283
6592,0.00204,172.31.40.0-255,66,217916,77,407283
6593,0.002045,74.125.24.0-255,4320,222236,77,407283
6594,0.002046,172.31.40.0-255,66,222302,77,407283
6595,0.004078,74.125.24.0-255,5738,228040,77,407283
6596,0.004096,172.31.40.0-255,66,228106,77,407283
6597,0.006121,74.125.24.0-255,5738,233844,77,407283
6598,0.006126,172.31.40.0-255,66,233910,77,407283
6599,0.008183,74.125.24.0-255,5738,239648,77,407283
6600,0.008193,172.31.40.0-255,66,239714,77,407283
6601,0.010267,74.125.24.0-255,5738,245452,77,407283
6602,0.010275,172.31.40.0-255,66,245518,77,407283
6603,0.012343,74.125.24.0-255,5738,251256,77,407283
6604,0.012351,172.31.40.0-255,66,251322,77,407283
6605,0.014431,74.125.24.0-255,5738,257060,77,407283
6606,0.014439,172.31.40.0-255,66,257126,77,407283
6607,0.01647,74.125.24.0-255,5738,262864,77,407283
6608,0.016483,172.31.40.0-255,66,262930,77,407283
6609,0.018566,74.125.24.0-255,5738,268668,77,407283
6610,0.018581,172.31.40.0-255,66,268734,77,407283
6611,0.020611,74.125.24.0-255,5738,274472,77,407283
6612,0.020619,172.31.40.0-255,66,274538,77,407283
6613,0.022717,74.125.24.0-255,5738,280276,77,407283
6614,0.022735,172.31.40.0-255,66,280342,77,407283
6615,0.024778,74.125.24.0-255,5738,286080,77,407283
6616,0.024786,172.31.40.0-255,66,286146,77,407283
6617,0.026848,74.125.24.0-255,5738,291884,77,407283
6618,0.026857,172.31.40.0-255,66,291950,77,407283
6619,0.02895,74.125.24.0-255,5738,297688,77,407283
6620,0.02896,172.31.40.0-255,66,297754,77,407283
6621,0.030998,74.125.24.0-255,5738,303492,77,407283
6622,0.031015,172.31.40.0-255,66,303558,77,407283
6623,0.03312,74.125.24.0-255,5738,309296,77,407283
6624,0.03313,172.31.40.0-255,66,309362,77,407283
6625,0.035147,74.125.24.0-255,5738,315100,77,407283
6626,0.035155,172.31.40.0-255,66,315166,77,407283
6627,0.037199,74.125.24.0-255,5738,320904,77,407283
6628,0.037216,172.31.40.0-255,66,320970,77,407283
6629,0.039302,74.125.24.0-255,5738,326708,77,407283
6630,0.039317,172.31.40.0-255,66,326774,77,407283
6631,0.041392,74.125.24.0-255,5738,332512,77,407283
6632,0.041399,172.31.40.0-255,66,332578,77,407283
6633,0.043204,172.31.40.0-255,172,332750,77,407283
6634,0.043235,172.31.40.0-255,1120,333870,77,407283
6635,0.043286,172.31.40.0-255,1514,335384,77,407283
6636,0.043288,172.31.40.0-255,1313,336697,77,407283
6637,0.043444,74.125.24.0-255,1484,338181,77,407283
6638,0.04347,74.125.24.0-255,4320,342501,77,407283
6639,0.043474,172.31.40.0-255,66,342567,77,407283
6640,0.04474,104.244.42.0-255,66,342633,77,407283
6641,0.044798,104.244.42.0-255,66,342699,77,407283
6642,0.044847,104.244.42.0-255,66,342765,77,407283
6643,0.045548,74.125.24.0-255,5738,348503,77,407283
6644,0.045557,172.31.40.0-255,66,348569,77,407283
6645,0.047606,74.125.24.0-255,5738,354307,77,407283
6646,0.047622,172.31.40.0-255,66,354373,77,407283
6647,0.04969,74.125.24.0-255,5738,360111,77,407283
6648,0.049707,172.31.40.0-255,66,360177,77,407283
6649,0.05175,74.125.24.0-255,5738,365915,77,407283
6650,0.051767,172.31.40.0-255,66,365981,77,407283
6651,0.053815,74.125.24.0-255,5738,371719,77,407283
6652,0.05383,172.31.40.0-255,66,371785,77,407283
6653,0.055865,74.125.24.0-255,5738,377523,77,407283
6654,0.055878,172.31.40.0-255,66,377589,77,407283
6655,0.057918,74.125.24.0-255,5738,383327,77,407283
6656,0.057932,172.31.40.0-255,66,383393,77,407283
6657,0.059988,74.125.24.0-255,5738,389131,77,407283
6658,0.060002,172.31.40.0-255,66,389197,77,407283
6659,0.062077,74.125.24.0-255,5738,394935,77,407283
6660,0.062092,172.31.40.0-255,66,395001,77,407283
6661,0.064149,74.125.24.0-255,5738,400739,77,407283
6662,0.064167,172.31.40.0-255,66,400805,77,407283
6663,0.066269,74.125.24.0-255,5738,406543,77,407283
6664,0.066285,172.31.40.0-255,66,406609,77,407283
6665,0.068337,74.125.24.0-255,437,407046,77,407283
6666,0.068549,172.31.40.0-255,66,407112,77,407283
6667,0.068591,172.31.40.0-255,105,407217,77,407283
6668,0.070629,74.125.24.0-255,66,407283,77,407283
6669,0.0,172.217.194.0-255,350,350,77,338372
6670,2.3e-05,172.31.40.0-255,66,416,77,338372
6671,3e-05,172.217.194.0-255,1484,1900,77,338372
6672,3.5e-05,172.31.40.0-255,66,1966,77,338372
6673,4.3e-05,172.217.194.0-255,4320,6286,77,338372
6674,5.4e-05,172.31.40.0-255,66,6352,77,338372
6675,6.5e-05,172.217.194.0-255,8991,15343,77,338372
6676,6.8e-05,172.31.40.0-255,66,15409,77,338372
6677,7.5e-05,172.217.194.0-255,7156,22565,77,338372
6678,7.8e-05,172.31.40.0-255,66,22631,77,338372
6679,0.000125,172.217.194.0-255,8215,30846,77,338372
6680,0.000129,172.31.40.0-255,66,30912,77,338372
6681,0.000618,172.217.194.0-255,1484,32396,77,338372
6682,0.000623,172.31.40.0-255,66,32462,77,338372
6683,0.00063,172.217.194.0-255,2902,35364,77,338372
6684,0.000632,172.31.40.0-255,66,35430,77,338372
6685,0.000636,172.217.194.0-255,1484,36914,77,338372
6686,0.000638,172.31.40.0-255,66,36980,77,338372
6687,0.000655,172.217.194.0-255,4320,41300,77,338372
6688,0.000662,172.31.40.0-255,66,41366,77,338372
6689,0.000688,172.217.194.0-255,1484,42850,77,338372
6690,0.00069,172.31.40.0-255,66,42916,77,338372
6691,0.000728,172.217.194.0-255,8215,51131,77,338372
6692,0.000732,172.31.40.0-255,66,51197,77,338372
6693,0.000742,172.217.194.0-255,9992,61189,77,338372
6694,0.000749,172.31.40.0-255,66,61255,77,338372
6695,0.000754,172.217.194.0-255,4251,65506,77,338372
6696,0.000757,172.31.40.0-255,66,65572,77,338372
6697,0.000786,172.217.194.0-255,366,65938,77,338372
6698,0.000788,172.31.40.0-255,66,66004,77,338372
6699,0.00087,172.217.194.0-255,1484,67488,77,338372
6700,0.000874,172.31.40.0-255,66,67554,77,338372
6701,0.00088,172.217.194.0-255,2902,70456,77,338372
6702,0.000883,172.31.40.0-255,66,70522,77,338372
6703,0.000905,172.217.194.0-255,5738,76260,77,338372
6704,0.000908,172.31.40.0-255,66,76326,77,338372
6705,0.000939,172.217.194.0-255,5738,82064,77,338372
6706,0.000941,172.31.40.0-255,66,82130,77,338372
6707,0.000956,172.217.194.0-255,7156,89286,77,338372
6708,0.000963,172.31.40.0-255,66,89352,77,338372
6709,0.000968,172.217.194.0-255,2902,92254,77,338372
6710,0.00097,172.31.40.0-255,66,92320,77,338372
6711,0.000975,172.217.194.0-255,2902,95222,77,338372
6712,0.000977,172.31.40.0-255,66,95288,77,338372
6713,0.001027,172.31.40.0-255,66,95354,77,338372
6714,0.001037,172.217.194.0-255,9992,105346,77,338372
6715,0.001039,172.31.40.0-255,66,105412,77,338372
6716,0.001068,172.217.194.0-255,2902,108314,77,338372
6717,0.00107,172.31.40.0-255,66,108380,77,338372
6718,0.001121,172.31.40.0-255,66,108446,77,338372
6719,0.001128,172.217.194.0-255,7156,115602,77,338372
6720,0.00113,172.31.40.0-255,66,115668,77,338372
6721,0.00118,172.31.40.0-255,66,115734,77,338372
6722,0.001186,172.217.194.0-255,5020,120754,77,338372
6723,0.001188,172.31.40.0-255,66,120820,77,338372
6724,0.00122,172.31.40.0-255,66,120886,77,338372
6725,0.001223,172.217.194.0-255,766,121652,77,338372
6726,0.001336,172.217.194.0-255,1484,123136,77,338372
6727,0.00134,172.31.40.0-255,66,123202,77,338372
6728,0.001346,172.217.194.0-255,2902,126104,77,338372
6729,0.001349,172.31.40.0-255,66,126170,77,338372
6730,0.001359,172.217.194.0-255,2902,129072,77,338372
6731,0.001361,172.31.40.0-255,66,129138,77,338372
6732,0.001386,172.217.194.0-255,2902,132040,77,338372
6733,0.001389,172.31.40.0-255,66,132106,77,338372
6734,0.001394,172.217.194.0-255,4320,136426,77,338372
6735,0.001397,172.31.40.0-255,66,136492,77,338372
6736,0.001412,172.217.194.0-255,11410,147902,77,338372
6737,0.001414,172.31.40.0-255,66,147968,77,338372
6738,0.001454,172.217.194.0-255,7856,155824,77,338372
6739,0.001457,172.31.40.0-255,66,155890,77,338372
6740,0.00146,172.217.194.0-255,1484,157374,77,338372
6741,0.001482,172.217.194.0-255,1484,158858,77,338372
6742,0.001485,172.31.40.0-255,66,158924,77,338372
6743,0.00149,172.217.194.0-255,4320,163244,77,338372
6744,0.001493,172.31.40.0-255,66,163310,77,338372
6745,0.001498,172.217.194.0-255,4320,167630,77,338372
6746,0.001501,172.31.40.0-255,66,167696,77,338372
6747,0.001541,172.217.194.0-255,4320,172016,77,338372
6748,0.001544,172.31.40.0-255,66,172082,77,338372
6749,0.001567,172.217.194.0-255,12828,184910,77,338372
6750,0.00157,172.31.40.0-255,66,184976,77,338372
6751,0.001576,172.217.194.0-255,5020,189996,77,338372
6752,0.001579,172.31.40.0-255,66,190062,77,338372
6753,0.001666,172.217.194.0-255,1484,191546,77,338372
6754,0.001671,172.217.194.0-255,1484,193030,77,338372
6755,0.001674,172.31.40.0-255,66,193096,77,338372
6756,0.001697,172.217.194.0-255,1484,194580,77,338372
6757,0.001704,172.217.194.0-255,4320,198900,77,338372
6758,0.001707,172.31.40.0-255,66,198966,77,338372
6759,0.001736,172.217.194.0-255,1484,200450,77,338372
6760,0.001743,172.217.194.0-255,5738,206188,77,338372
6761,0.001746,172.31.40.0-255,66,206254,77,338372
6762,0.001751,172.217.194.0-255,4320,210574,77,338372
6763,0.001753,172.31.40.0-255,66,210640,77,338372
6764,0.00178,172.217.194.0-255,8574,219214,77,338372
6765,0.001786,172.31.40.0-255,66,219280,77,338372
6766,0.001793,172.217.194.0-255,5020,224300,77,338372
6767,0.001795,172.31.40.0-255,66,224366,77,338372
6768,0.001845,172.217.194.0-255,1484,225850,77,338372
6769,0.00186,172.217.194.0-255,2902,228752,77,338372
6770,0.001863,172.31.40.0-255,66,228818,77,338372
6771,0.001867,172.217.194.0-255,2902,231720,77,338372
6772,0.001869,172.31.40.0-255,66,231786,77,338372
6773,0.001886,172.217.194.0-255,2902,234688,77,338372
6774,0.001893,172.31.40.0-255,66,234754,77,338372
6775,0.001896,172.217.194.0-255,1484,236238,77,338372
6776,0.001919,172.217.194.0-255,9992,246230,77,338372
6777,0.001922,172.31.40.0-255,66,246296,77,338372
6778,0.001947,172.217.194.0-255,1484,247780,77,338372
6779,0.001955,172.217.194.0-255,7156,254936,77,338372
6780,0.001958,172.31.40.0-255,66,255002,77,338372
6781,0.00199,172.217.194.0-255,9992,264994,77,338372
6782,0.001995,172.31.40.0-255,66,265060,77,338372
6783,0.002004,172.217.194.0-255,3602,268662,77,338372
6784,0.002007,172.31.40.0-255,66,268728,77,338372
6785,0.002012,172.217.194.0-255,4320,273048,77,338372
6786,0.002014,172.31.40.0-255,66,273114,77,338372
6787,0.002059,172.217.194.0-255,9992,283106,77,338372
6788,0.002063,172.31.40.0-255,66,283172,77,338372
6789,0.00207,172.217.194.0-255,7156,290328,77,338372
6790,0.002072,172.31.40.0-255,66,290394,77,338372
6791,0.002101,172.217.194.0-255,5738,296132,77,338372
6792,0.002104,172.31.40.0-255,66,296198,77,338372
6793,0.00214,172.217.194.0-255,13528,309726,77,338372
6794,0.002143,172.31.40.0-255,66,309792,77,338372
6795,0.002152,172.217.194.0-255,9992,319784,77,338372
6796,0.002155,172.31.40.0-255,66,319850,77,338372
6797,0.00219,172.217.194.0-255,10692,330542,77,338372
6798,0.002193,172.31.40.0-255,66,330608,77,338372
6799,0.0022,172.217.194.0-255,3046,333654,77,338372
6800,0.002203,172.31.40.0-255,66,333720,77,338372
6801,0.004277,172.217.194.0-255,136,333856,77,338372
6802,0.004679,172.31.40.0-255,66,333922,77,338372
6803,0.019798,172.31.40.0-255,105,334027,77,338372
6804,0.02198,172.217.194.0-255,66,334093,77,338372
6805,0.044334,172.31.40.0-255,172,334265,77,338372
6806,0.044382,172.31.40.0-255,1119,335384,77,338372
6807,0.044448,172.31.40.0-255,1514,336898,77,338372
6808,0.04445,172.31.40.0-255,1276,338174,77,338372
6809,0.045907,104.244.42.0-255,66,338240,77,338372
6810,0.045964,104.244.42.0-255,66,338306,77,338372
6811,0.045998,104.244.42.0-255,66,338372,77,338372
6812,0.0,74.125.24.0-255,150,150,77,349983
6813,2.4e-05,172.31.40.0-255,66,216,77,349983
6814,3e-05,74.125.24.0-255,1484,1700,77,349983
6815,3.5e-05,172.31.40.0-255,66,1766,77,349983
6816,5e-05,74.125.24.0-255,2902,4668,77,349983
6817,5.3e-05,172.31.40.0-255,66,4734,77,349983
6818,6.1e-05,74.125.24.0-255,7156,11890,77,349983
6819,6.5e-05,172.31.40.0-255,66,11956,77,349983
6820,6.9e-05,74.125.24.0-255,2166,14122,77,349983
6821,7.2e-05,172.31.40.0-255,66,14188,77,349983
6822,0.000144,74.125.24.0-255,1484,15672,77,349983
6823,0.000148,172.31.40.0-255,66,15738,77,349983
6824,0.000152,74.125.24.0-255,1484,17222,77,349983
6825,0.000154,172.31.40.0-255,66,17288,77,349983
6826,0.000186,74.125.24.0-255,1484,18772,77,349983
6827,0.000189,172.31.40.0-255,66,18838,77,349983
6828,0.000196,74.125.24.0-255,5738,24576,77,349983
6829,0.000199,172.31.40.0-255,66,24642,77,349983
6830,0.000204,74.125.24.0-255,2902,27544,77,349983
6831,0.000206,172.31.40.0-255,66,27610,77,349983
6832,0.000232,74.125.24.0-255,3961,31571,77,349983
6833,0.000235,172.31.40.0-255,66,31637,77,349983
6834,0.000242,74.125.24.0-255,7156,38793,77,349983
6835,0.000245,172.31.40.0-255,66,38859,77,349983
6836,0.00025,74.125.24.0-255,4320,43179,77,349983
6837,0.000252,172.31.40.0-255,66,43245,77,349983
6838,0.00028,74.125.24.0-255,5379,48624,77,349983
6839,0.000283,172.31.40.0-255,66,48690,77,349983
6840,0.000298,74.125.24.0-255,1484,50174,77,349983
6841,0.0003,172.31.40.0-255,66,50240,77,349983
6842,0.00031,74.125.24.0-255,2902,53142,77,349983
6843,0.000312,172.31.40.0-255,66,53208,77,349983
6844,0.000318,74.125.24.0-255,5738,58946,77,349983
6845,0.000321,172.31.40.0-255,66,59012,77,349983
6846,0.000345,74.125.24.0-255,2902,61914,77,349983
6847,0.000348,172.31.40.0-255,66,61980,77,349983
6848,0.00037,74.125.24.0-255,3961,65941,77,349983
6849,0.000373,172.31.40.0-255,66,66007,77,349983
6850,0.000375,74.125.24.0-255,394,66401,77,349983
6851,0.000453,74.125.24.0-255,1484,67885,77,349983
6852,0.000456,172.31.40.0-255,66,67951,77,349983
6853,0.000462,74.125.24.0-255,2902,70853,77,349983
6854,0.000465,172.31.40.0-255,66,70919,77,349983
6855,0.000476,74.125.24.0-255,5738,76657,77,349983
6856,0.000479,172.31.40.0-255,66,76723,77,349983
6857,0.000513,74.125.24.0-255,13887,90610,77,349983
6858,0.000516,172.31.40.0-255,66,90676,77,349983
6859,0.000523,74.125.24.0-255,7156,97832,77,349983
6860,0.000525,172.31.40.0-255,66,97898,77,349983
6861,0.000568,74.125.24.0-255,2543,100441,77,349983
6862,0.000574,172.31.40.0-255,66,100507,77,349983
6863,0.000595,74.125.24.0-255,349,100856,77,349983
6864,0.000667,74.125.24.0-255,1484,102340,77,349983
6865,0.000672,172.31.40.0-255,66,102406,77,349983
6866,0.000676,74.125.24.0-255,2902,105308,77,349983
6867,0.000679,172.31.40.0-255,66,105374,77,349983
6868,0.000713,74.125.24.0-255,5738,111112,77,349983
6869,0.000716,172.31.40.0-255,66,111178,77,349983
6870,0.000725,74.125.24.0-255,8574,119752,77,349983
6871,0.000728,172.31.40.0-255,66,119818,77,349983
6872,0.000769,74.125.24.0-255,4320,124138,77,349983
6873,0.000773,172.31.40.0-255,66,124204,77,349983
6874,0.000807,74.125.24.0-255,10692,134896,77,349983
6875,0.00081,172.31.40.0-255,66,134962,77,349983
6876,0.000817,74.125.24.0-255,7156,142118,77,349983
6877,0.00082,172.31.40.0-255,66,142184,77,349983
6878,0.000851,74.125.24.0-255,8574,150758,77,349983
6879,0.000854,172.31.40.0-255,66,150824,77,349983
6880,0.00086,74.125.24.0-255,4320,155144,77,349983
6881,0.000862,172.31.40.0-255,66,155210,77,349983
6882,0.000903,74.125.24.0-255,12828,168038,77,349983
6883,0.000907,172.31.40.0-255,66,168104,77,349983
6884,0.000924,74.125.24.0-255,766,168870,77,349983
6885,0.001109,74.125.24.0-255,1484,170354,77,349983
6886,0.001116,172.31.40.0-255,66,170420,77,349983
6887,0.001122,74.125.24.0-255,2902,173322,77,349983
6888,0.001124,172.31.40.0-255,66,173388,77,349983
6889,0.001127,74.125.24.0-255,1484,174872,77,349983
6890,0.001147,74.125.24.0-255,4320,179192,77,349983
6891,0.001149,172.31.40.0-255,66,179258,77,349983
6892,0.001155,74.125.24.0-255,5738,184996,77,349983
6893,0.001165,172.31.40.0-255,66,185062,77,349983
6894,0.001173,74.125.24.0-255,8574,193636,77,349983
6895,0.001176,172.31.40.0-255,66,193702,77,349983
6896,0.001189,74.125.24.0-255,4320,198022,77,349983
6897,0.001192,172.31.40.0-255,66,198088,77,349983
6898,0.001201,74.125.24.0-255,4320,202408,77,349983
6899,0.001204,172.31.40.0-255,66,202474,77,349983
6900,0.001227,74.125.24.0-255,766,203240,77,349983
6901,0.001302,74.125.24.0-255,1484,204724,77,349983
6902,0.001305,172.31.40.0-255,66,204790,77,349983
6903,0.00131,74.125.24.0-255,2902,207692,77,349983
6904,0.001313,172.31.40.0-255,66,207758,77,349983
6905,0.00134,74.125.24.0-255,5738,213496,77,349983
6906,0.001343,172.31.40.0-255,66,213562,77,349983
6907,0.001361,74.125.24.0-255,2902,216464,77,349983
6908,0.001363,172.31.40.0-255,66,216530,77,349983
6909,0.001386,74.125.24.0-255,4320,220850,77,349983
6910,0.001389,172.31.40.0-255,66,220916,77,349983
6911,0.001403,172.31.40.0-255,66,220982,77,349983
6912,0.001408,74.125.24.0-255,2184,223166,77,349983
6913,0.00141,172.31.40.0-255,66,223232,77,349983
6914,0.001447,74.125.24.0-255,1484,224716,77,349983
6915,0.001452,74.125.24.0-255,2902,227618,77,349983
6916,0.001454,172.31.40.0-255,66,227684,77,349983
6917,0.001475,74.125.24.0-255,5738,233422,77,349983
6918,0.001477,172.31.40.0-255,66,233488,77,349983
6919,0.001517,74.125.24.0-255,12828,246316,77,349983
6920,0.001521,172.31.40.0-255,66,246382,77,349983
6921,0.001528,74.125.24.0-255,7156,253538,77,349983
6922,0.00153,172.31.40.0-255,66,253604,77,349983
6923,0.001588,172.31.40.0-255,66,253670,77,349983
6924,0.001658,172.31.40.0-255,66,253736,77,349983
6925,0.001662,74.125.24.0-255,2902,256638,77,349983
6926,0.001665,172.31.40.0-255,66,256704,77,349983
6927,0.00167,74.125.24.0-255,4320,261024,77,349983
6928,0.001672,172.31.40.0-255,66,261090,77,349983
6929,0.001675,74.125.24.0-255,1484,262574,77,349983
6930,0.00171,74.125.24.0-255,7156,269730,77,349983
6931,0.001713,172.31.40.0-255,66,269796,77,349983
6932,0.001753,74.125.24.0-255,1484,271280,77,349983
6933,0.001758,74.125.24.0-255,2902,274182,77,349983
6934,0.001778,74.125.24.0-255,5738,279920,77,349983
6935,0.001792,74.125.24.0-255,1484,281404,77,349983
6936,0.001814,74.125.24.0-255,11410,292814,77,349983
6937,0.001821,74.125.24.0-255,7156,299970,77,349983
6938,0.001867,74.125.24.0-255,3602,303572,77,349983
6939,0.001896,74.125.24.0-255,4320,307892,77,349983
6940,0.001899,74.125.24.0-255,1484,309376,77,349983
6941,0.00191,74.125.24.0-255,1484,310860,77,349983
6942,0.001912,74.125.24.0-255,1484,312344,77,349983
6943,0.001937,74.125.24.0-255,7156,319500,77,349983
6944,0.001961,74.125.24.0-255,4320,323820,77,349983
6945,0.001964,172.31.40.0-255,66,323886,77,349983
6946,0.00197,172.31.40.0-255,66,323952,77,349983
6947,0.002005,74.125.24.0-255,13528,337480,77,349983
6948,0.002012,74.125.24.0-255,5437,342917,77,349983
6949,0.002043,74.125.24.0-255,105,343022,77,349983
6950,0.002055,172.31.40.0-255,66,343088,77,349983
6951,0.002086,74.125.24.0-255,129,343217,77,349983
6952,0.005269,172.31.40.0-255,105,343322,77,349983
6953,0.005305,172.31.40.0-255,105,343427,77,349983
6954,0.005528,172.31.40.0-255,90,343517,77,349983
6955,0.005538,172.31.40.0-255,66,343583,77,349983
6956,0.007536,74.125.24.0-255,66,343649,77,349983
6957,0.007546,74.125.24.0-255,66,343715,77,349983
6958,0.007745,74.125.24.0-255,66,343781,77,349983
6959,0.007777,74.125.24.0-255,66,343847,77,349983
6960,0.007784,172.31.40.0-255,66,343913,77,349983
6961,0.042637,172.31.40.0-255,172,344085,77,349983
6962,0.042674,172.31.40.0-255,1121,345206,77,349983
6963,0.042733,172.31.40.0-255,1514,346720,77,349983
6964,0.042735,172.31.40.0-255,1514,348234,77,349983
6965,0.042736,172.31.40.0-255,1514,349748,77,349983
6966,0.042738,172.31.40.0-255,103,349851,77,349983
6967,0.044256,104.244.42.0-255,66,349917,77,349983
6968,0.084677,104.244.42.0-255,66,349983,77,349983
6969,0.0,172.31.40.0-255,105,105,77,276
6970,0.001496,157.240.13.0-255,105,210,77,276
6971,0.038058,172.31.40.0-255,66,276,77,276
6972,0.0,74.125.68.0-255,153,153,77,420743
6973,2e-05,172.31.40.0-255,66,219,77,420743
6974,2.6e-05,74.125.68.0-255,1484,1703,77,420743
6975,3.1e-05,172.31.40.0-255,66,1769,77,420743
6976,3.8e-05,74.125.68.0-255,2902,4671,77,420743
6977,4.1e-05,172.31.40.0-255,66,4737,77,420743
6978,7e-05,74.125.68.0-255,5738,10475,77,420743
6979,7.3e-05,172.31.40.0-255,66,10541,77,420743
6980,9.6e-05,74.125.68.0-255,3409,13950,77,420743
6981,9.8e-05,172.31.40.0-255,66,14016,77,420743
6982,0.000123,74.125.68.0-255,1484,15500,77,420743
6983,0.000126,172.31.40.0-255,66,15566,77,420743
6984,0.000146,74.125.68.0-255,2902,18468,77,420743
6985,0.000149,172.31.40.0-255,66,18534,77,420743
6986,0.000164,74.125.68.0-255,5738,24272,77,420743
6987,0.000166,172.31.40.0-255,66,24338,77,420743
6988,0.000169,74.125.68.0-255,1484,25822,77,420743
6989,0.000171,172.31.40.0-255,66,25888,77,420743
6990,0.000192,74.125.68.0-255,4320,30208,77,420743
6991,0.000194,172.31.40.0-255,66,30274,77,420743
6992,0.000219,74.125.68.0-255,1125,31399,77,420743
6993,0.000222,172.31.40.0-255,66,31465,77,420743
6994,0.000458,74.125.68.0-255,1484,32949,77,420743
6995,0.000464,172.31.40.0-255,66,33015,77,420743
6996,0.000483,74.125.68.0-255,2902,35917,77,420743
6997,0.000488,172.31.40.0-255,66,35983,77,420743
6998,0.000524,74.125.68.0-255,4320,40303,77,420743
6999,0.000527,172.31.40.0-255,66,40369,77,420743
7000,0.00053,74.125.68.0-255,1484,41853,77,420743
7001,0.000532,172.31.40.0-255,66,41919,77,420743
7002,0.00055,74.125.68.0-255,2902,44821,77,420743
7003,0.000552,172.31.40.0-255,66,44887,77,420743
7004,0.000579,74.125.68.0-255,6797,51684,77,420743
7005,0.000582,172.31.40.0-255,66,51750,77,420743
7006,0.000614,74.125.68.0-255,7156,58906,77,420743
7007,0.000617,172.31.40.0-255,66,58972,77,420743
7008,0.000636,74.125.68.0-255,5738,64710,77,420743
7009,0.000638,172.31.40.0-255,66,64776,77,420743
7010,0.000654,74.125.68.0-255,1437,66213,77,420743
7011,0.000657,74.125.68.0-255,112,66325,77,420743
7012,0.001039,74.125.68.0-255,328,66653,77,420743
7013,0.001046,172.31.40.0-255,66,66719,77,420743
7014,0.001248,74.125.68.0-255,1484,68203,77,420743
7015,0.001258,74.125.68.0-255,2902,71105,77,420743
7016,0.001262,172.31.40.0-255,66,71171,77,420743
7017,0.001267,74.125.68.0-255,1484,72655,77,420743
7018,0.001284,74.125.68.0-255,4320,76975,77,420743
7019,0.001286,172.31.40.0-255,66,77041,77,420743
7020,0.001291,74.125.68.0-255,2902,79943,77,420743
7021,0.001293,172.31.40.0-255,66,80009,77,420743
7022,0.001296,74.125.68.0-255,1484,81493,77,420743
7023,0.00131,74.125.68.0-255,2902,84395,77,420743
7024,0.001312,172.31.40.0-255,66,84461,77,420743
7025,0.00134,74.125.68.0-255,2902,87363,77,420743
7026,0.001342,172.31.40.0-255,66,87429,77,420743
7027,0.001357,74.125.68.0-255,5738,93167,77,420743
7028,0.001359,172.31.40.0-255,66,93233,77,420743
7029,0.001391,74.125.68.0-255,2902,96135,77,420743
7030,0.001394,172.31.40.0-255,66,96201,77,420743
7031,0.001412,74.125.68.0-255,2902,99103,77,420743
7032,0.001415,172.31.40.0-255,66,99169,77,420743
7033,0.00146,74.125.68.0-255,2184,101353,77,420743
7034,0.001463,172.31.40.0-255,66,101419,77,420743
7035,0.001636,74.125.68.0-255,1484,102903,77,420743
7036,0.001657,74.125.68.0-255,2902,105805,77,420743
7037,0.00166,172.31.40.0-255,66,105871,77,420743
7038,0.001677,74.125.68.0-255,5738,111609,77,420743
7039,0.001679,172.31.40.0-255,66,111675,77,420743
7040,0.001708,74.125.68.0-255,5738,117413,77,420743
7041,0.00171,172.31.40.0-255,66,117479,77,420743
7042,0.001713,74.125.68.0-255,1484,118963,77,420743
7043,0.001738,74.125.68.0-255,5738,124701,77,420743
7044,0.001741,172.31.40.0-255,66,124767,77,420743
7045,0.001745,74.125.68.0-255,2902,127669,77,420743
7046,0.001747,172.31.40.0-255,66,127735,77,420743
7047,0.001764,74.125.68.0-255,1484,129219,77,420743
7048,0.001778,74.125.68.0-255,2902,132121,77,420743
7049,0.00178,172.31.40.0-255,66,132187,77,420743
7050,0.001793,74.125.68.0-255,3602,135789,77,420743
7051,0.001795,172.31.40.0-255,66,135855,77,420743
7052,0.001895,74.125.68.0-255,1484,137339,77,420743
7053,0.001934,74.125.68.0-255,2902,140241,77,420743
7054,0.001938,172.31.40.0-255,66,140307,77,420743
7055,0.001961,74.125.68.0-255,4320,144627,77,420743
7056,0.001964,172.31.40.0-255,66,144693,77,420743
7057,0.002015,74.125.68.0-255,8574,153267,77,420743
7058,0.002017,172.31.40.0-255,66,153333,77,420743
7059,0.002022,74.125.68.0-255,4320,157653,77,420743
7060,0.002024,172.31.40.0-255,66,157719,77,420743
7061,0.002054,74.125.68.0-255,2902,160621,77,420743
7062,0.002056,172.31.40.0-255,66,160687,77,420743
7063,0.002081,74.125.68.0-255,2902,163589,77,420743
7064,0.002083,172.31.40.0-255,66,163655,77,420743
7065,0.002128,74.125.68.0-255,1484,165139,77,420743
7066,0.00215,74.125.68.0-255,1484,166623,77,420743
7067,0.002152,172.31.40.0-255,66,166689,77,420743
7068,0.002167,74.125.68.0-255,2902,169591,77,420743
7069,0.002169,172.31.40.0-255,66,169657,77,420743
7070,0.002185,74.125.68.0-255,766,170423,77,420743
7071,0.002423,74.125.68.0-255,1484,171907,77,420743
7072,0.002427,172.31.40.0-255,66,171973,77,420743
7073,0.002431,74.125.68.0-255,1484,173457,77,420743
7074,0.002446,74.125.68.0-255,1484,174941,77,420743
7075,0.002448,172.31.40.0-255,66,175007,77,420743
7076,0.002451,74.125.68.0-255,1484,176491,77,420743
7077,0.002454,74.125.68.0-255,1484,177975,77,420743
7078,0.002457,172.31.40.0-255,66,178041,77,420743
7079,0.002474,74.125.68.0-255,1484,179525,77,420743
7080,0.002487,74.125.68.0-255,4320,183845,77,420743
7081,0.00249,172.31.40.0-255,66,183911,77,420743
7082,0.002508,74.125.68.0-255,1484,185395,77,420743
7083,0.002512,74.125.68.0-255,2902,188297,77,420743
7084,0.002515,172.31.40.0-255,66,188363,77,420743
7085,0.00252,74.125.68.0-255,4320,192683,77,420743
7086,0.002522,172.31.40.0-255,66,192749,77,420743
7087,0.00255,74.125.68.0-255,8574,201323,77,420743
7088,0.002553,172.31.40.0-255,66,201389,77,420743
7089,0.002559,74.125.68.0-255,3602,204991,77,420743
7090,0.002561,172.31.40.0-255,66,205057,77,420743
7091,0.005078,74.125.68.0-255,1484,206541,77,420743
7092,0.005098,74.125.68.0-255,4320,210861,77,420743
7093,0.005101,172.31.40.0-255,66,210927,77,420743
7094,0.007649,74.125.68.0-255,5738,216665,77,420743
7095,0.007656,172.31.40.0-255,66,216731,77,420743
7096,0.010202,74.125.68.0-255,5738,222469,77,420743
7097,0.010213,172.31.40.0-255,66,222535,77,420743
7098,0.012756,74.125.68.0-255,5738,228273,77,420743
7099,0.012791,172.31.40.0-255,66,228339,77,420743
7100,0.01535,74.125.68.0-255,5738,234077,77,420743
7101,0.01536,172.31.40.0-255,66,234143,77,420743
7102,0.01791,74.125.68.0-255,5738,239881,77,420743
7103,0.017927,172.31.40.0-255,66,239947,77,420743
7104,0.020474,74.125.68.0-255,5738,245685,77,420743
7105,0.020485,172.31.40.0-255,66,245751,77,420743
7106,0.023035,74.125.68.0-255,5738,251489,77,420743
7107,0.02305,172.31.40.0-255,66,251555,77,420743
7108,0.025594,74.125.68.0-255,5738,257293,77,420743
7109,0.025604,172.31.40.0-255,66,257359,77,420743
7110,0.028156,74.125.68.0-255,5738,263097,77,420743
7111,0.028167,172.31.40.0-255,66,263163,77,420743
7112,0.030711,74.125.68.0-255,5738,268901,77,420743
7113,0.03072,172.31.40.0-255,66,268967,77,420743
7114,0.033235,172.31.40.0-255,172,269139,77,420743
7115,0.033261,74.125.68.0-255,5738,274877,77,420743
7116,0.033268,172.31.40.0-255,66,274943,77,420743
7117,0.033293,172.31.40.0-255,1120,276063,77,420743
7118,0.033426,172.31.40.0-255,1514,277577,77,420743
7119,0.033428,172.31.40.0-255,1275,278852,77,420743
7120,0.034741,104.244.42.0-255,66,278918,77,420743
7121,0.0348,104.244.42.0-255,66,278984,77,420743
7122,0.035009,104.244.42.0-255,66,279050,77,420743
7123,0.035816,74.125.68.0-255,5738,284788,77,420743
7124,0.035824,172.31.40.0-255,66,284854,77,420743
7125,0.038364,74.125.68.0-255,5738,290592,77,420743
7126,0.038372,172.31.40.0-255,66,290658,77,420743
7127,0.040918,74.125.68.0-255,5738,296396,77,420743
7128,0.040927,172.31.40.0-255,66,296462,77,420743
7129,0.043476,74.125.68.0-255,5738,302200,77,420743
7130,0.043483,172.31.40.0-255,66,302266,77,420743
7131,0.046025,74.125.68.0-255,5738,308004,77,420743
7132,0.046035,172.31.40.0-255,66,308070,77,420743
7133,0.048599,74.125.68.0-255,5738,313808,77,420743
7134,0.048606,172.31.40.0-255,66,313874,77,420743
7135,0.051149,74.125.68.0-255,5738,319612,77,420743
7136,0.051155,172.31.40.0-255,66,319678,77,420743
7137,0.053702,74.125.68.0-255,5738,325416,77,420743
7138,0.053708,172.31.40.0-255,66,325482,77,420743
7139,0.056287,74.125.68.0-255,5738,331220,77,420743
7140,0.056294,172.31.40.0-255,66,331286,77,420743
7141,0.058837,74.125.68.0-255,5738,337024,77,420743
7142,0.058844,172.31.40.0-255,66,337090,77,420743
7143,0.061387,74.125.68.0-255,5738,342828,77,420743
7144,0.061395,172.31.40.0-255,66,342894,77,420743
7145,0.063942,74.125.68.0-255,5738,348632,77,420743
7146,0.063949,172.31.40.0-255,66,348698,77,420743
7147,0.066495,74.125.68.0-255,5738,354436,77,420743
7148,0.066502,172.31.40.0-255,66,354502,77,420743
7149,0.069059,74.125.68.0-255,5738,360240,77,420743
7150,0.069067,172.31.40.0-255,66,360306,77,420743
7151,0.071622,74.125.68.0-255,5738,366044,77,420743
7152,0.071629,172.31.40.0-255,66,366110,77,420743
7153,0.074169,74.125.68.0-255,5738,371848,77,420743
7154,0.074176,172.31.40.0-255,66,371914,77,420743
7155,0.076718,74.125.68.0-255,5738,377652,77,420743
7156,0.076725,172.31.40.0-255,66,377718,77,420743
7157,0.079268,74.125.68.0-255,5738,383456,77,420743
7158,0.079275,172.31.40.0-255,66,383522,77,420743
7159,0.081823,74.125.68.0-255,5738,389260,77,420743
7160,0.081831,172.31.40.0-255,66,389326,77,420743
7161,0.084369,74.125.68.0-255,5738,395064,77,420743
7162,0.084376,172.31.40.0-255,66,395130,77,420743
7163,0.086906,74.125.68.0-255,5738,400868,77,420743
7164,0.086911,172.31.40.0-255,66,400934,77,420743
7165,0.089463,74.125.68.0-255,5738,406672,77,420743
7166,0.089471,172.31.40.0-255,66,406738,77,420743
7167,0.092025,74.125.68.0-255,5738,412476,77,420743
7168,0.092032,172.31.40.0-255,66,412542,77,420743
7169,0.094579,74.125.68.0-255,5738,418280,77,420743
7170,0.094585,172.31.40.0-255,66,418346,77,420743
7171,0.097115,74.125.68.0-255,2160,420506,77,420743
7172,0.097122,172.31.40.0-255,66,420572,77,420743
7173,0.097293,172.31.40.0-255,105,420677,77,420743
7174,0.099792,74.125.68.0-255,66,420743,77,420743
7175,0.0,172.31.40.0-255,105,105,77,459
7176,0.000206,172.31.40.0-255,90,195,77,459
7177,0.000215,172.31.40.0-255,66,261,77,459
7178,0.002231,74.125.24.0-255,66,327,77,459
7179,0.002274,74.125.24.0-255,66,393,77,459
7180,0.002297,172.31.40.0-255,66,459,77,459
7181,0.0,74.125.24.0-255,153,153,77,225821
7182,1.6e-05,172.31.40.0-255,66,219,77,225821
7183,2.3e-05,74.125.24.0-255,1484,1703,77,225821
7184,2.8e-05,172.31.40.0-255,66,1769,77,225821
7185,3.4e-05,74.125.24.0-255,2902,4671,77,225821
7186,3.7e-05,172.31.40.0-255,66,4737,77,225821
7187,6.4e-05,74.125.24.0-255,7156,11893,77,225821
7188,6.8e-05,172.31.40.0-255,66,11959,77,225821
7189,0.000114,74.125.24.0-255,2902,14861,77,225821
7190,0.000117,172.31.40.0-255,66,14927,77,225821
7191,0.000132,74.125.24.0-255,3445,18372,77,225821
7192,0.000135,172.31.40.0-255,66,18438,77,225821
7193,0.000192,74.125.24.0-255,12469,30907,77,225821
7194,0.000195,172.31.40.0-255,66,30973,77,225821
7195,0.000288,74.125.24.0-255,5738,36711,77,225821
7196,0.000293,172.31.40.0-255,66,36777,77,225821
7197,0.000314,74.125.24.0-255,7156,43933,77,225821
7198,0.000317,172.31.40.0-255,66,43999,77,225821
7199,0.000397,74.125.24.0-255,2902,46901,77,225821
7200,0.0004,172.31.40.0-255,66,46967,77,225821
7201,0.00045,172.31.40.0-255,66,47033,77,225821
7202,0.000464,74.125.24.0-255,2496,49529,77,225821
7203,0.000467,172.31.40.0-255,66,49595,77,225821
7204,0.000586,74.125.24.0-255,1484,51079,77,225821
7205,0.000589,74.125.24.0-255,374,51453,77,225821
7206,0.000598,172.31.40.0-255,78,51531,77,225821
7207,0.000603,172.31.40.0-255,66,51597,77,225821
7208,0.000609,74.125.24.0-255,4320,55917,77,225821
7209,0.000612,172.31.40.0-255,66,55983,77,225821
7210,0.000647,74.125.24.0-255,2902,58885,77,225821
7211,0.00065,172.31.40.0-255,66,58951,77,225821
7212,0.000676,74.125.24.0-255,7156,66107,77,225821
7213,0.000679,172.31.40.0-255,66,66173,77,225821
7214,0.000732,74.125.24.0-255,2902,69075,77,225821
7215,0.000736,172.31.40.0-255,66,69141,77,225821
7216,0.000769,172.31.40.0-255,66,69207,77,225821
7217,0.000864,74.125.24.0-255,766,69973,77,225821
7218,0.000893,74.125.24.0-255,7156,77129,77,225821
7219,0.000897,172.31.40.0-255,66,77195,77,225821
7220,0.00091,74.125.24.0-255,2902,80097,77,225821
7221,0.000912,172.31.40.0-255,66,80163,77,225821
7222,0.00099,74.125.24.0-255,9992,90155,77,225821
7223,0.000993,172.31.40.0-255,66,90221,77,225821
7224,0.001008,74.125.24.0-255,2902,93123,77,225821
7225,0.001011,172.31.40.0-255,66,93189,77,225821
7226,0.001096,74.125.24.0-255,2902,96091,77,225821
7227,0.001099,172.31.40.0-255,66,96157,77,225821
7228,0.001148,172.31.40.0-255,66,96223,77,225821
7229,0.001343,74.125.24.0-255,4320,100543,77,225821
7230,0.001347,172.31.40.0-255,66,100609,77,225821
7231,0.001383,74.125.24.0-255,13528,114137,77,225821
7232,0.001386,172.31.40.0-255,66,114203,77,225821
7233,0.001529,74.125.24.0-255,4320,118523,77,225821
7234,0.001534,172.31.40.0-255,66,118589,77,225821
7235,0.001559,172.31.40.0-255,66,118655,77,225821
7236,0.001679,74.125.24.0-255,9992,128647,77,225821
7237,0.001683,172.31.40.0-255,66,128713,77,225821
7238,0.001702,74.125.24.0-255,5020,133733,77,225821
7239,0.001705,172.31.40.0-255,66,133799,77,225821
7240,0.001821,74.125.24.0-255,11410,145209,77,225821
7241,0.001825,172.31.40.0-255,66,145275,77,225821
7242,0.001845,74.125.24.0-255,4320,149595,77,225821
7243,0.001848,172.31.40.0-255,66,149661,77,225821
7244,0.001941,74.125.24.0-255,5738,155399,77,225821
7245,0.001944,172.31.40.0-255,66,155465,77,225821
7246,0.001977,74.125.24.0-255,12110,167575,77,225821
7247,0.001981,172.31.40.0-255,66,167641,77,225821
7248,0.002108,74.125.24.0-255,4320,171961,77,225821
7249,0.002112,172.31.40.0-255,66,172027,77,225821
7250,0.00218,172.31.40.0-255,66,172093,77,225821
7251,0.002429,74.125.24.0-255,2902,174995,77,225821
7252,0.002433,172.31.40.0-255,66,175061,77,225821
7253,0.002463,74.125.24.0-255,12828,187889,77,225821
7254,0.002466,172.31.40.0-255,66,187955,77,225821
7255,0.002563,74.125.24.0-255,5738,193693,77,225821
7256,0.002567,172.31.40.0-255,66,193759,77,225821
7257,0.002602,172.31.40.0-255,66,193825,77,225821
7258,0.002771,74.125.24.0-255,11410,205235,77,225821
7259,0.002777,172.31.40.0-255,66,205301,77,225821
7260,0.002813,172.31.40.0-255,66,205367,77,225821
7261,0.002865,172.31.40.0-255,66,205433,77,225821
7262,0.003332,74.125.24.0-255,11410,216843,77,225821
7263,0.003394,74.125.24.0-255,2901,219744,77,225821
7264,0.011007,172.31.40.0-255,66,219810,77,225821
7265,0.013002,74.125.24.0-255,1483,221293,77,225821
7266,0.013013,172.31.40.0-255,78,221371,77,225821
7267,0.013354,172.31.40.0-255,105,221476,77,225821
7268,0.015688,74.125.24.0-255,66,221542,77,225821
7269,0.047408,172.31.40.0-255,172,221714,77,225821
7270,0.047441,172.31.40.0-255,1120,222834,77,225821
7271,0.047502,172.31.40.0-255,1514,224348,77,225821
7272,0.047504,172.31.40.0-255,1275,225623,77,225821
7273,0.04897,104.244.42.0-255,66,225689,77,225821
7274,0.048984,104.244.42.0-255,66,225755,77,225821
7275,0.049071,104.244.42.0-255,66,225821,77,225821
7276,0.0,172.217.160.0-255,153,153,77,360968
7277,1.3e-05,172.31.40.0-255,66,219,77,360968
7278,1.9e-05,172.217.160.0-255,1484,1703,77,360968
7279,2.3e-05,172.31.40.0-255,66,1769,77,360968
7280,2.9e-05,172.217.160.0-255,2902,4671,77,360968
7281,3.2e-05,172.31.40.0-255,66,4737,77,360968
7282,4e-05,172.217.160.0-255,7156,11893,77,360968
7283,4.3e-05,172.31.40.0-255,66,11959,77,360968
7284,4.8e-05,172.217.160.0-255,2155,14114,77,360968
7285,5e-05,172.31.40.0-255,66,14180,77,360968
7286,7.4e-05,172.217.160.0-255,4320,18500,77,360968
7287,7.7e-05,172.31.40.0-255,66,18566,77,360968
7288,9.9e-05,172.217.160.0-255,7156,25722,77,360968
7289,0.000102,172.31.40.0-255,66,25788,77,360968
7290,0.000108,172.217.160.0-255,5379,31167,77,360968
7291,0.000111,172.31.40.0-255,66,31233,77,360968
7292,0.000167,172.217.160.0-255,1484,32717,77,360968
7293,0.00017,172.31.40.0-255,66,32783,77,360968
7294,0.000189,172.217.160.0-255,2902,35685,77,360968
7295,0.000191,172.31.40.0-255,66,35751,77,360968
7296,0.000195,172.217.160.0-255,1484,37235,77,360968
7297,0.000197,172.31.40.0-255,66,37301,77,360968
7298,0.000215,172.217.160.0-255,5738,43039,77,360968
7299,0.000217,172.31.40.0-255,66,43105,77,360968
7300,0.000251,172.217.160.0-255,2902,46007,77,360968
7301,0.000255,172.31.40.0-255,66,46073,77,360968
7302,0.000268,172.217.160.0-255,2543,48616,77,360968
7303,0.00027,172.31.40.0-255,66,48682,77,360968
7304,0.000333,172.217.160.0-255,1484,50166,77,360968
7305,0.000337,172.31.40.0-255,66,50232,77,360968
7306,0.000341,172.217.160.0-255,2902,53134,77,360968
7307,0.000344,172.31.40.0-255,66,53200,77,360968
7308,0.000366,172.217.160.0-255,5738,58938,77,360968
7309,0.000368,172.31.40.0-255,66,59004,77,360968
7310,0.000412,172.217.160.0-255,7064,66068,77,360968
7311,0.000415,172.31.40.0-255,66,66134,77,360968
7312,0.000596,172.217.160.0-255,120,66254,77,360968
7313,0.000945,172.217.160.0-255,1484,67738,77,360968
7314,0.00095,172.31.40.0-255,66,67804,77,360968
7315,0.000956,172.217.160.0-255,2902,70706,77,360968
7316,0.000958,172.31.40.0-255,66,70772,77,360968
7317,0.000966,172.217.160.0-255,5738,76510,77,360968
7318,0.000967,172.31.40.0-255,66,76576,77,360968
7319,0.000982,172.217.160.0-255,1484,78060,77,360968
7320,0.001006,172.217.160.0-255,12469,90529,77,360968
7321,0.001009,172.31.40.0-255,66,90595,77,360968
7322,0.001015,172.217.160.0-255,4320,94915,77,360968
7323,0.001017,172.31.40.0-255,66,94981,77,360968
7324,0.001037,172.217.160.0-255,5677,100658,77,360968
7325,0.00104,172.31.40.0-255,66,100724,77,360968
7326,0.001397,172.217.160.0-255,1484,102208,77,360968
7327,0.001403,172.217.160.0-255,2902,105110,77,360968
7328,0.001406,172.31.40.0-255,66,105176,77,360968
7329,0.001412,172.217.160.0-255,2902,108078,77,360968
7330,0.001414,172.31.40.0-255,66,108144,77,360968
7331,0.001431,172.217.160.0-255,2902,111046,77,360968
7332,0.001433,172.31.40.0-255,66,111112,77,360968
7333,0.001438,172.217.160.0-255,4320,115432,77,360968
7334,0.00144,172.31.40.0-255,66,115498,77,360968
7335,0.001475,172.217.160.0-255,4320,119818,77,360968
7336,0.001477,172.31.40.0-255,66,119884,77,360968
7337,0.001487,172.217.160.0-255,9992,129876,77,360968
7338,0.001489,172.31.40.0-255,66,129942,77,360968
7339,0.001506,172.217.160.0-255,2902,132844,77,360968
7340,0.001509,172.31.40.0-255,66,132910,77,360968
7341,0.001529,172.217.160.0-255,2184,135094,77,360968
7342,0.001532,172.31.40.0-255,66,135160,77,360968
7343,0.0018,172.217.160.0-255,1484,136644,77,360968
7344,0.001818,172.217.160.0-255,1484,138128,77,360968
7345,0.001821,172.31.40.0-255,66,138194,77,360968
7346,0.001825,172.217.160.0-255,1484,139678,77,360968
7347,0.001867,172.217.160.0-255,7156,146834,77,360968
7348,0.00187,172.31.40.0-255,66,146900,77,360968
7349,0.001873,172.217.160.0-255,1484,148384,77,360968
7350,0.001877,172.217.160.0-255,4320,152704,77,360968
7351,0.001879,172.31.40.0-255,66,152770,77,360968
7352,0.001891,172.217.160.0-255,1484,154254,77,360968
7353,0.001912,172.217.160.0-255,9992,164246,77,360968
7354,0.001915,172.31.40.0-255,66,164312,77,360968
7355,0.001935,172.217.160.0-255,4320,168632,77,360968
7356,0.001938,172.31.40.0-255,66,168698,77,360968
7357,0.001941,172.217.160.0-255,766,169464,77,360968
7358,0.002183,172.31.40.0-255,66,169530,77,360968
7359,0.00225,172.217.160.0-255,1484,171014,77,360968
7360,0.002258,172.217.160.0-255,2902,173916,77,360968
7361,0.002261,172.31.40.0-255,66,173982,77,360968
7362,0.002282,172.217.160.0-255,5738,179720,77,360968
7363,0.002285,172.31.40.0-255,66,179786,77,360968
7364,0.00229,172.217.160.0-255,4320,184106,77,360968
7365,0.002292,172.31.40.0-255,66,184172,77,360968
7366,0.002312,172.217.160.0-255,8574,192746,77,360968
7367,0.002314,172.31.40.0-255,66,192812,77,360968
7368,0.002321,172.217.160.0-255,5738,198550,77,360968
7369,0.002322,172.31.40.0-255,66,198616,77,360968
7370,0.002341,172.217.160.0-255,5020,203636,77,360968
7371,0.002343,172.31.40.0-255,66,203702,77,360968
7372,0.002357,172.217.160.0-255,2902,206604,77,360968
7373,0.002359,172.31.40.0-255,66,206670,77,360968
7374,0.002384,172.217.160.0-255,8574,215244,77,360968
7375,0.002386,172.31.40.0-255,66,215310,77,360968
7376,0.002393,172.217.160.0-255,5738,221048,77,360968
7377,0.002395,172.31.40.0-255,66,221114,77,360968
7378,0.002434,172.217.160.0-255,7156,228270,77,360968
7379,0.002437,172.31.40.0-255,66,228336,77,360968
7380,0.002465,172.217.160.0-255,9274,237610,77,360968
7381,0.002467,172.31.40.0-255,66,237676,77,360968
7382,0.00247,172.217.160.0-255,1484,239160,77,360968
7383,0.002476,172.217.160.0-255,2902,242062,77,360968
7384,0.002478,172.31.40.0-255,66,242128,77,360968
7385,0.002482,172.217.160.0-255,1484,243612,77,360968
7386,0.002506,172.217.160.0-255,4320,247932,77,360968
7387,0.002509,172.31.40.0-255,66,247998,77,360968
7388,0.002521,172.217.160.0-255,7156,255154,77,360968
7389,0.002524,172.31.40.0-255,66,255220,77,360968
7390,0.002556,172.217.160.0-255,5738,260958,77,360968
7391,0.002559,172.31.40.0-255,66,261024,77,360968
7392,0.002569,172.217.160.0-255,10692,271716,77,360968
7393,0.002572,172.31.40.0-255,66,271782,77,360968
7394,0.002623,172.217.160.0-255,1484,273266,77,360968
7395,0.002627,172.217.160.0-255,1484,274750,77,360968
7396,0.002631,172.31.40.0-255,66,274816,77,360968
7397,0.002645,172.217.160.0-255,1484,276300,77,360968
7398,0.00266,172.217.160.0-255,5738,282038,77,360968
7399,0.002663,172.31.40.0-255,66,282104,77,360968
7400,0.002668,172.217.160.0-255,2902,285006,77,360968
7401,0.00267,172.31.40.0-255,66,285072,77,360968
7402,0.002673,172.217.160.0-255,1484,286556,77,360968
7403,0.002711,172.217.160.0-255,8574,295130,77,360968
7404,0.002734,172.217.160.0-255,5738,300868,77,360968
7405,0.00274,172.217.160.0-255,5020,305888,77,360968
7406,0.002764,172.217.160.0-255,4320,310208,77,360968
7407,0.002778,172.217.160.0-255,1484,311692,77,360968
7408,0.002785,172.217.160.0-255,5738,317430,77,360968
7409,0.002836,172.217.160.0-255,5738,323168,77,360968
7410,0.002857,172.217.160.0-255,7156,330324,77,360968
7411,0.002897,172.217.160.0-255,5738,336062,77,360968
7412,0.002918,172.217.160.0-255,3602,339664,77,360968
7413,0.002935,172.217.160.0-255,1484,341148,77,360968
7414,0.002954,172.217.160.0-255,11410,352558,77,360968
7415,0.003009,172.217.160.0-255,105,352663,77,360968
7416,0.009344,172.217.160.0-255,105,352768,77,360968
7417,0.009358,172.31.40.0-255,78,352846,77,360968
7418,0.013013,172.31.40.0-255,105,352951,77,360968
7419,0.014631,172.217.160.0-255,66,353017,77,360968
7420,0.039925,172.31.40.0-255,172,353189,77,360968
7421,0.039969,172.31.40.0-255,1115,354304,77,360968
7422,0.040039,172.31.40.0-255,1514,355818,77,360968
7423,0.040041,172.31.40.0-255,1514,357332,77,360968
7424,0.040042,172.31.40.0-255,1514,358846,77,360968
7425,0.040043,172.31.40.0-255,1514,360360,77,360968
7426,0.040044,172.31.40.0-255,542,360902,77,360968
7427,0.042092,104.244.42.0-255,66,360968,77,360968
7428,0.0,172.217.194.0-255,146,146,77,332516
7429,1.5e-05,172.31.40.0-255,66,212,77,332516
7430,2.1e-05,172.217.194.0-255,1484,1696,77,332516
7431,2.6e-05,172.31.40.0-255,66,1762,77,332516
7432,3.3e-05,172.217.194.0-255,2902,4664,77,332516
7433,3.6e-05,172.31.40.0-255,66,4730,77,332516
7434,9e-05,172.217.194.0-255,7156,11886,77,332516
7435,9.3e-05,172.31.40.0-255,66,11952,77,332516
7436,9.8e-05,172.217.194.0-255,2029,13981,77,332516
7437,0.0001,172.31.40.0-255,66,14047,77,332516
7438,0.000105,172.217.194.0-255,2902,16949,77,332516
7439,0.000107,172.31.40.0-255,66,17015,77,332516
7440,0.00011,172.217.194.0-255,1484,18499,77,332516
7441,0.000112,172.31.40.0-255,66,18565,77,332516
7442,0.00014,172.217.194.0-255,5738,24303,77,332516
7443,0.000142,172.31.40.0-255,66,24369,77,332516
7444,0.00015,172.217.194.0-255,7156,31525,77,332516
7445,0.000152,172.31.40.0-255,66,31591,77,332516
7446,0.000158,172.217.194.0-255,4320,35911,77,332516
7447,0.000161,172.31.40.0-255,66,35977,77,332516
7448,0.000197,172.217.194.0-255,11410,47387,77,332516
7449,0.0002,172.31.40.0-255,66,47453,77,332516
7450,0.000203,172.217.194.0-255,766,48219,77,332516
7451,0.000205,172.31.40.0-255,66,48285,77,332516
7452,0.000493,172.217.194.0-255,1484,49769,77,332516
7453,0.000498,172.31.40.0-255,66,49835,77,332516
7454,0.000503,172.217.194.0-255,1484,51319,77,332516
7455,0.000505,172.31.40.0-255,66,51385,77,332516
7456,0.000519,172.217.194.0-255,1484,52869,77,332516
7457,0.000521,172.31.40.0-255,66,52935,77,332516
7458,0.000527,172.217.194.0-255,4320,57255,77,332516
7459,0.00053,172.31.40.0-255,66,57321,77,332516
7460,0.000556,172.217.194.0-255,1484,58805,77,332516
7461,0.000562,172.217.194.0-255,2902,61707,77,332516
7462,0.000565,172.31.40.0-255,66,61773,77,332516
7463,0.000587,172.217.194.0-255,4282,66055,77,332516
7464,0.00059,172.31.40.0-255,66,66121,77,332516
7465,0.001354,172.217.194.0-255,1484,67605,77,332516
7466,0.001366,172.217.194.0-255,2902,70507,77,332516
7467,0.001371,172.31.40.0-255,66,70573,77,332516
7468,0.001379,172.217.194.0-255,5738,76311,77,332516
7469,0.001382,172.31.40.0-255,66,76377,77,332516
7470,0.001404,172.217.194.0-255,4320,80697,77,332516
7471,0.001407,172.31.40.0-255,66,80763,77,332516
7472,0.001435,172.217.194.0-255,5738,86501,77,332516
7473,0.001439,172.31.40.0-255,66,86567,77,332516
7474,0.00145,172.217.194.0-255,11410,97977,77,332516
7475,0.001452,172.31.40.0-255,66,98043,77,332516
7476,0.001457,172.217.194.0-255,2184,100227,77,332516
7477,0.001459,172.31.40.0-255,66,100293,77,332516
7478,0.005863,172.217.194.0-255,1484,101777,77,332516
7479,0.005884,172.217.194.0-255,2902,104679,77,332516
7480,0.005895,172.31.40.0-255,66,104745,77,332516
7481,0.005903,172.217.194.0-255,1484,106229,77,332516
7482,0.008281,172.217.194.0-255,4320,110549,77,332516
7483,0.008298,172.31.40.0-255,66,110615,77,332516
7484,0.010687,172.217.194.0-255,5738,116353,77,332516
7485,0.010706,172.31.40.0-255,66,116419,77,332516
7486,0.0131,172.217.194.0-255,5738,122157,77,332516
7487,0.013119,172.31.40.0-255,66,122223,77,332516
7488,0.015486,172.217.194.0-255,5738,127961,77,332516
7489,0.015506,172.31.40.0-255,66,128027,77,332516
7490,0.017887,172.217.194.0-255,5738,133765,77,332516
7491,0.017905,172.31.40.0-255,66,133831,77,332516
7492,0.02035,172.217.194.0-255,5738,139569,77,332516
7493,0.02037,172.31.40.0-255,66,139635,77,332516
7494,0.022802,172.217.194.0-255,5738,145373,77,332516
7495,0.022822,172.31.40.0-255,66,145439,77,332516
7496,0.025233,172.217.194.0-255,5738,151177,77,332516
7497,0.025252,172.31.40.0-255,66,151243,77,332516
7498,0.027632,172.217.194.0-255,5738,156981,77,332516
7499,0.027649,172.31.40.0-255,66,157047,77,332516
7500,0.029343,172.31.40.0-255,172,157219,77,332516
7501,0.029385,172.31.40.0-255,1120,158339,77,332516
7502,0.029452,172.31.40.0-255,1514,159853,77,332516
7503,0.029454,172.31.40.0-255,1514,161367,77,332516
7504,0.029455,172.31.40.0-255,1514,162881,77,332516
7505,0.029456,172.31.40.0-255,1055,163936,77,332516
7506,0.030015,172.217.194.0-255,5738,169674,77,332516
7507,0.030026,172.31.40.0-255,66,169740,77,332516
7508,0.030908,104.244.42.0-255,66,169806,77,332516
7509,0.03096,104.244.42.0-255,66,169872,77,332516
7510,0.031051,104.244.42.0-255,66,169938,77,332516
7511,0.031057,104.244.42.0-255,66,170004,77,332516
7512,0.032427,172.217.194.0-255,5738,175742,77,332516
7513,0.032442,172.31.40.0-255,66,175808,77,332516
7514,0.034849,172.217.194.0-255,5738,181546,77,332516
7515,0.034865,172.31.40.0-255,66,181612,77,332516
7516,0.037262,172.217.194.0-255,5738,187350,77,332516
7517,0.037277,172.31.40.0-255,66,187416,77,332516
7518,0.039672,172.217.194.0-255,5738,193154,77,332516
7519,0.039687,172.31.40.0-255,66,193220,77,332516
7520,0.042131,172.217.194.0-255,5738,198958,77,332516
7521,0.042146,172.31.40.0-255,66,199024,77,332516
7522,0.044577,172.217.194.0-255,5738,204762,77,332516
7523,0.044599,172.31.40.0-255,66,204828,77,332516
7524,0.046995,172.217.194.0-255,5738,210566,77,332516
7525,0.047011,172.31.40.0-255,66,210632,77,332516
7526,0.049398,172.217.194.0-255,5738,216370,77,332516
7527,0.049412,172.31.40.0-255,66,216436,77,332516
7528,0.051792,172.217.194.0-255,5738,222174,77,332516
7529,0.051809,172.31.40.0-255,66,222240,77,332516
7530,0.054223,172.217.194.0-255,5738,227978,77,332516
7531,0.05424,172.31.40.0-255,66,228044,77,332516
7532,0.056633,172.217.194.0-255,5738,233782,77,332516
7533,0.056652,172.31.40.0-255,66,233848,77,332516
7534,0.059055,172.217.194.0-255,5738,239586,77,332516
7535,0.059072,172.31.40.0-255,66,239652,77,332516
7536,0.061462,172.217.194.0-255,5738,245390,77,332516
7537,0.06148,172.31.40.0-255,66,245456,77,332516
7538,0.063916,172.217.194.0-255,5738,251194,77,332516
7539,0.063932,172.31.40.0-255,66,251260,77,332516
7540,0.066342,172.217.194.0-255,5738,256998,77,332516
7541,0.066358,172.31.40.0-255,66,257064,77,332516
7542,0.068773,172.217.194.0-255,5738,262802,77,332516
7543,0.068802,172.31.40.0-255,66,262868,77,332516
7544,0.071201,172.217.194.0-255,5738,268606,77,332516
7545,0.07122,172.31.40.0-255,66,268672,77,332516
7546,0.073615,172.217.194.0-255,5738,274410,77,332516
7547,0.073633,172.31.40.0-255,66,274476,77,332516
7548,0.076026,172.217.194.0-255,5738,280214,77,332516
7549,0.076044,172.31.40.0-255,66,280280,77,332516
7550,0.078472,172.217.194.0-255,5738,286018,77,332516
7551,0.078494,172.31.40.0-255,66,286084,77,332516
7552,0.080873,172.217.194.0-255,5738,291822,77,332516
7553,0.080896,172.31.40.0-255,66,291888,77,332516
7554,0.083282,172.217.194.0-255,5738,297626,77,332516
7555,0.083303,172.31.40.0-255,66,297692,77,332516
7556,0.085697,172.217.194.0-255,5738,303430,77,332516
7557,0.085717,172.31.40.0-255,66,303496,77,332516
7558,0.088106,172.217.194.0-255,5738,309234,77,332516
7559,0.088125,172.31.40.0-255,66,309300,77,332516
7560,0.090504,172.217.194.0-255,5738,315038,77,332516
7561,0.090524,172.31.40.0-255,66,315104,77,332516
7562,0.09293,172.217.194.0-255,5738,320842,77,332516
7563,0.09295,172.31.40.0-255,66,320908,77,332516
7564,0.095368,172.217.194.0-255,5738,326646,77,332516
7565,0.095389,172.31.40.0-255,66,326712,77,332516
7566,0.097758,172.217.194.0-255,5738,332450,77,332516
7567,0.097778,172.31.40.0-255,66,332516,77,332516
7568,0.0,74.125.68.0-255,146,146,77,419008
7569,2.1e-05,172.31.40.0-255,66,212,77,419008
7570,2.8e-05,74.125.68.0-255,1484,1696,77,419008
7571,3.2e-05,172.31.40.0-255,66,1762,77,419008
7572,3.9e-05,74.125.68.0-255,2902,4664,77,419008
7573,4.2e-05,172.31.40.0-255,66,4730,77,419008
7574,7e-05,74.125.68.0-255,2902,7632,77,419008
7575,7.4e-05,172.31.40.0-255,66,7698,77,419008
7576,9.2e-05,74.125.68.0-255,2902,10600,77,419008
7577,9.5e-05,172.31.40.0-255,66,10666,77,419008
7578,0.000101,74.125.68.0-255,3386,14052,77,419008
7579,0.000104,172.31.40.0-255,66,14118,77,419008
7580,0.000557,74.125.68.0-255,1484,15602,77,419008
7581,0.000564,172.31.40.0-255,66,15668,77,419008
7582,0.000573,74.125.68.0-255,2902,18570,77,419008
7583,0.000575,172.31.40.0-255,66,18636,77,419008
7584,0.000603,74.125.68.0-255,5738,24374,77,419008
7585,0.000605,172.31.40.0-255,66,24440,77,419008
7586,0.000629,74.125.68.0-255,1484,25924,77,419008
7587,0.000631,172.31.40.0-255,66,25990,77,419008
7588,0.000655,74.125.68.0-255,5379,31369,77,419008
7589,0.000658,172.31.40.0-255,66,31435,77,419008
7590,0.000677,74.125.68.0-255,1484,32919,77,419008
7591,0.000681,172.31.40.0-255,66,32985,77,419008
7592,0.000686,74.125.68.0-255,2902,35887,77,419008
7593,0.000688,172.31.40.0-255,66,35953,77,419008
7594,0.000691,74.125.68.0-255,1484,37437,77,419008
7595,0.000693,172.31.40.0-255,66,37503,77,419008
7596,0.000706,74.125.68.0-255,1484,38987,77,419008
7597,0.000708,172.31.40.0-255,66,39053,77,419008
7598,0.000734,74.125.68.0-255,2902,41955,77,419008
7599,0.000737,172.31.40.0-255,66,42021,77,419008
7600,0.000751,74.125.68.0-255,2902,44923,77,419008
7601,0.000753,172.31.40.0-255,66,44989,77,419008
7602,0.000778,74.125.68.0-255,3961,48950,77,419008
7603,0.000781,172.31.40.0-255,66,49016,77,419008
7604,0.001216,74.125.68.0-255,1484,50500,77,419008
7605,0.001224,74.125.68.0-255,1484,51984,77,419008
7606,0.001228,172.31.40.0-255,66,52050,77,419008
7607,0.00125,74.125.68.0-255,1484,53534,77,419008
7608,0.001258,74.125.68.0-255,5738,59272,77,419008
7609,0.001261,172.31.40.0-255,66,59338,77,419008
7610,0.00131,74.125.68.0-255,4320,63658,77,419008
7611,0.001313,172.31.40.0-255,66,63724,77,419008
7612,0.001325,74.125.68.0-255,2543,66267,77,419008
7613,0.001328,172.31.40.0-255,66,66333,77,419008
7614,0.001364,74.125.68.0-255,1484,67817,77,419008
7615,0.00137,74.125.68.0-255,2902,70719,77,419008
7616,0.001373,172.31.40.0-255,66,70785,77,419008
7617,0.00139,74.125.68.0-255,1484,72269,77,419008
7618,0.001404,74.125.68.0-255,2902,75171,77,419008
7619,0.001407,172.31.40.0-255,66,75237,77,419008
7620,0.001417,74.125.68.0-255,1484,76721,77,419008
7621,0.001439,74.125.68.0-255,4320,81041,77,419008
7622,0.001442,172.31.40.0-255,66,81107,77,419008
7623,0.001462,74.125.68.0-255,3961,85068,77,419008
7624,0.001464,172.31.40.0-255,66,85134,77,419008
7625,0.001467,74.125.68.0-255,1484,86618,77,419008
7626,0.001484,74.125.68.0-255,2902,89520,77,419008
7627,0.001486,172.31.40.0-255,66,89586,77,419008
7628,0.001506,74.125.68.0-255,4320,93906,77,419008
7629,0.001508,172.31.40.0-255,66,93972,77,419008
7630,0.001534,74.125.68.0-255,5738,99710,77,419008
7631,0.001537,172.31.40.0-255,66,99776,77,419008
7632,0.001541,74.125.68.0-255,1707,101483,77,419008
7633,0.001543,172.31.40.0-255,66,101549,77,419008
7634,0.001821,74.125.68.0-255,1484,103033,77,419008
7635,0.001825,74.125.68.0-255,2902,105935,77,419008
7636,0.001828,172.31.40.0-255,66,106001,77,419008
7637,0.00183,74.125.68.0-255,1484,107485,77,419008
7638,0.001833,74.125.68.0-255,1484,108969,77,419008
7639,0.001835,172.31.40.0-255,66,109035,77,419008
7640,0.001847,74.125.68.0-255,1484,110519,77,419008
7641,0.001854,74.125.68.0-255,5738,116257,77,419008
7642,0.001857,172.31.40.0-255,66,116323,77,419008
7643,0.001865,74.125.68.0-255,8574,124897,77,419008
7644,0.001868,172.31.40.0-255,66,124963,77,419008
7645,0.001873,74.125.68.0-255,4320,129283,77,419008
7646,0.001875,172.31.40.0-255,66,129349,77,419008
7647,0.0019,74.125.68.0-255,5738,135087,77,419008
7648,0.001903,172.31.40.0-255,66,135153,77,419008
7649,0.001905,74.125.68.0-255,766,135919,77,419008
7650,0.001937,74.125.68.0-255,1484,137403,77,419008
7651,0.00194,172.31.40.0-255,66,137469,77,419008
7652,0.001943,74.125.68.0-255,1484,138953,77,419008
7653,0.00196,74.125.68.0-255,2902,141855,77,419008
7654,0.001963,172.31.40.0-255,66,141921,77,419008
7655,0.001983,74.125.68.0-255,5738,147659,77,419008
7656,0.001986,172.31.40.0-255,66,147725,77,419008
7657,0.002014,74.125.68.0-255,8574,156299,77,419008
7658,0.002017,172.31.40.0-255,66,156365,77,419008
7659,0.002022,74.125.68.0-255,4320,160685,77,419008
7660,0.002024,172.31.40.0-255,66,160751,77,419008
7661,0.002043,74.125.68.0-255,5738,166489,77,419008
7662,0.002045,172.31.40.0-255,66,166555,77,419008
7663,0.004046,74.125.68.0-255,5738,172293,77,419008
7664,0.004053,172.31.40.0-255,66,172359,77,419008
7665,0.006062,74.125.68.0-255,5738,178097,77,419008
7666,0.006069,172.31.40.0-255,66,178163,77,419008
7667,0.008075,74.125.68.0-255,5738,183901,77,419008
7668,0.008082,172.31.40.0-255,66,183967,77,419008
7669,0.010092,74.125.68.0-255,5738,189705,77,419008
7670,0.010099,172.31.40.0-255,66,189771,77,419008
7671,0.012125,74.125.68.0-255,5738,195509,77,419008
7672,0.012133,172.31.40.0-255,66,195575,77,419008
7673,0.014157,74.125.68.0-255,5738,201313,77,419008
7674,0.014164,172.31.40.0-255,66,201379,77,419008
7675,0.016178,74.125.68.0-255,5738,207117,77,419008
7676,0.016187,172.31.40.0-255,66,207183,77,419008
7677,0.018206,74.125.68.0-255,5738,212921,77,419008
7678,0.018213,172.31.40.0-255,66,212987,77,419008
7679,0.020224,74.125.68.0-255,5738,218725,77,419008
7680,0.020231,172.31.40.0-255,66,218791,77,419008
7681,0.022244,74.125.68.0-255,5738,224529,77,419008
7682,0.022252,172.31.40.0-255,66,224595,77,419008
7683,0.024264,74.125.68.0-255,4320,228915,77,419008
7684,0.02427,172.31.40.0-255,66,228981,77,419008
7685,0.02429,74.125.68.0-255,1484,230465,77,419008
7686,0.024902,172.31.40.0-255,172,230637,77,419008
7687,0.02493,172.31.40.0-255,1119,231756,77,419008
7688,0.024984,172.31.40.0-255,1514,233270,77,419008
7689,0.024986,172.31.40.0-255,1276,234546,77,419008
7690,0.026278,74.125.68.0-255,4320,238866,77,419008
7691,0.026284,172.31.40.0-255,66,238932,77,419008
7692,0.026423,104.244.42.0-255,66,238998,77,419008
7693,0.026482,104.244.42.0-255,66,239064,77,419008
7694,0.026534,104.244.42.0-255,66,239130,77,419008
7695,0.028317,74.125.68.0-255,5738,244868,77,419008
7696,0.028324,172.31.40.0-255,66,244934,77,419008
7697,0.030347,74.125.68.0-255,5738,250672,77,419008
7698,0.030357,172.31.40.0-255,66,250738,77,419008
7699,0.032424,74.125.68.0-255,5738,256476,77,419008
7700,0.032441,172.31.40.0-255,66,256542,77,419008
7701,0.034467,74.125.68.0-255,5738,262280,77,419008
7702,0.03448,172.31.40.0-255,66,262346,77,419008
7703,0.036499,74.125.68.0-255,5738,268084,77,419008
7704,0.036512,172.31.40.0-255,66,268150,77,419008
7705,0.038541,74.125.68.0-255,5738,273888,77,419008
7706,0.038553,172.31.40.0-255,66,273954,77,419008
7707,0.040572,74.125.68.0-255,5738,279692,77,419008
7708,0.040587,172.31.40.0-255,66,279758,77,419008
7709,0.04262,74.125.68.0-255,5738,285496,77,419008
7710,0.042634,172.31.40.0-255,66,285562,77,419008
7711,0.044657,74.125.68.0-255,5738,291300,77,419008
7712,0.04467,172.31.40.0-255,66,291366,77,419008
7713,0.046711,74.125.68.0-255,5738,297104,77,419008
7714,0.046726,172.31.40.0-255,66,297170,77,419008
7715,0.048747,74.125.68.0-255,5738,302908,77,419008
7716,0.048762,172.31.40.0-255,66,302974,77,419008
7717,0.050792,74.125.68.0-255,5738,308712,77,419008
7718,0.050806,172.31.40.0-255,66,308778,77,419008
7719,0.052834,74.125.68.0-255,5738,314516,77,419008
7720,0.052848,172.31.40.0-255,66,314582,77,419008
7721,0.0549,74.125.68.0-255,5738,320320,77,419008
7722,0.054912,172.31.40.0-255,66,320386,77,419008
7723,0.056945,74.125.68.0-255,5738,326124,77,419008
7724,0.05696,172.31.40.0-255,66,326190,77,419008
7725,0.058998,74.125.68.0-255,5738,331928,77,419008
7726,0.059014,172.31.40.0-255,66,331994,77,419008
7727,0.061039,74.125.68.0-255,5738,337732,77,419008
7728,0.061053,172.31.40.0-255,66,337798,77,419008
7729,0.063084,74.125.68.0-255,5738,343536,77,419008
7730,0.063099,172.31.40.0-255,66,343602,77,419008
7731,0.065121,74.125.68.0-255,5738,349340,77,419008
7732,0.065141,172.31.40.0-255,66,349406,77,419008
7733,0.067176,74.125.68.0-255,5738,355144,77,419008
7734,0.067191,172.31.40.0-255,66,355210,77,419008
7735,0.069234,74.125.68.0-255,5738,360948,77,419008
7736,0.06925,172.31.40.0-255,66,361014,77,419008
7737,0.071258,74.125.68.0-255,4320,365334,77,419008
7738,0.071266,172.31.40.0-255,66,365400,77,419008
7739,0.071285,74.125.68.0-255,1484,366884,77,419008
7740,0.073298,74.125.68.0-255,4320,371204,77,419008
7741,0.073315,172.31.40.0-255,66,371270,77,419008
7742,0.075344,74.125.68.0-255,5738,377008,77,419008
7743,0.075359,172.31.40.0-255,66,377074,77,419008
7744,0.077415,74.125.68.0-255,5738,382812,77,419008
7745,0.077429,172.31.40.0-255,66,382878,77,419008
7746,0.079468,74.125.68.0-255,5738,388616,77,419008
7747,0.079482,172.31.40.0-255,66,388682,77,419008
7748,0.081514,74.125.68.0-255,5738,394420,77,419008
7749,0.081528,172.31.40.0-255,66,394486,77,419008
7750,0.083578,74.125.68.0-255,5738,400224,77,419008
7751,0.083589,172.31.40.0-255,66,400290,77,419008
7752,0.085608,74.125.68.0-255,5738,406028,77,419008
7753,0.085615,172.31.40.0-255,66,406094,77,419008
7754,0.08764,74.125.68.0-255,5738,411832,77,419008
7755,0.087647,172.31.40.0-255,66,411898,77,419008
7756,0.089676,74.125.68.0-255,5738,417636,77,419008
7757,0.089682,172.31.40.0-255,66,417702,77,419008
7758,0.091689,74.125.68.0-255,1069,418771,77,419008
7759,0.091822,172.31.40.0-255,66,418837,77,419008
7760,0.091859,172.31.40.0-255,105,418942,77,419008
7761,0.093833,74.125.68.0-255,66,419008,77,419008
7762,0.0,172.217.194.0-255,152,152,77,322734
7763,2.2e-05,172.31.40.0-255,66,218,77,322734
7764,2.9e-05,172.217.194.0-255,1484,1702,77,322734
7765,3.3e-05,172.31.40.0-255,66,1768,77,322734
7766,4.5e-05,172.217.194.0-255,2902,4670,77,322734
7767,4.8e-05,172.31.40.0-255,66,4736,77,322734
7768,5.6e-05,172.217.194.0-255,7156,11892,77,322734
7769,5.9e-05,172.31.40.0-255,66,11958,77,322734
7770,6.3e-05,172.217.194.0-255,1929,13887,77,322734
7771,6.5e-05,172.31.40.0-255,66,13953,77,322734
7772,0.000109,172.217.194.0-255,1484,15437,77,322734
7773,0.000112,172.31.40.0-255,66,15503,77,322734
7774,0.000118,172.217.194.0-255,2902,18405,77,322734
7775,0.00012,172.31.40.0-255,66,18471,77,322734
7776,0.000154,172.217.194.0-255,5738,24209,77,322734
7777,0.000157,172.31.40.0-255,66,24275,77,322734
7778,0.000166,172.217.194.0-255,6797,31072,77,322734
7779,0.000173,172.31.40.0-255,66,31138,77,322734
7780,0.00019,172.217.194.0-255,1484,32622,77,322734
7781,0.000192,172.31.40.0-255,66,32688,77,322734
7782,0.000222,172.217.194.0-255,5738,38426,77,322734
7783,0.000225,172.31.40.0-255,66,38492,77,322734
7784,0.000232,172.217.194.0-255,7156,45648,77,322734
7785,0.000235,172.31.40.0-255,66,45714,77,322734
7786,0.00026,172.217.194.0-255,2543,48257,77,322734
7787,0.000262,172.31.40.0-255,66,48323,77,322734
7788,0.000266,172.217.194.0-255,1484,49807,77,322734
7789,0.000267,172.31.40.0-255,66,49873,77,322734
7790,0.00029,172.217.194.0-255,1484,51357,77,322734
7791,0.000292,172.31.40.0-255,66,51423,77,322734
7792,0.000299,172.217.194.0-255,7156,58579,77,322734
7793,0.000301,172.31.40.0-255,66,58645,77,322734
7794,0.000311,172.217.194.0-255,4320,62965,77,322734
7795,0.000314,172.31.40.0-255,66,63031,77,322734
7796,0.00036,172.217.194.0-255,3157,66188,77,322734
7797,0.000363,172.31.40.0-255,66,66254,77,322734
7798,0.000508,172.217.194.0-255,1484,67738,77,322734
7799,0.000515,172.217.194.0-255,2902,70640,77,322734
7800,0.000519,172.31.40.0-255,66,70706,77,322734
7801,0.000523,172.217.194.0-255,1484,72190,77,322734
7802,0.000541,172.217.194.0-255,4320,76510,77,322734
7803,0.000543,172.31.40.0-255,66,76576,77,322734
7804,0.000547,172.217.194.0-255,1484,78060,77,322734
7805,0.000604,172.217.194.0-255,8574,86634,77,322734
7806,0.000607,172.31.40.0-255,66,86700,77,322734
7807,0.000625,172.217.194.0-255,2902,89602,77,322734
7808,0.000627,172.31.40.0-255,66,89668,77,322734
7809,0.000637,172.217.194.0-255,10692,100360,77,322734
7810,0.000639,172.31.40.0-255,66,100426,77,322734
7811,0.000867,172.217.194.0-255,1484,101910,77,322734
7812,0.000873,172.217.194.0-255,2902,104812,77,322734
7813,0.000875,172.217.194.0-255,1484,106296,77,322734
7814,0.000881,172.31.40.0-255,66,106362,77,322734
7815,0.000898,172.217.194.0-255,4320,110682,77,322734
7816,0.0009,172.31.40.0-255,66,110748,77,322734
7817,0.000904,172.217.194.0-255,2902,113650,77,322734
7818,0.000906,172.31.40.0-255,66,113716,77,322734
7819,0.000945,172.217.194.0-255,9992,123708,77,322734
7820,0.000951,172.217.194.0-255,4320,128028,77,322734
7821,0.000956,172.31.40.0-255,66,128094,77,322734
7822,0.000959,172.31.40.0-255,66,128160,77,322734
7823,0.000984,172.217.194.0-255,5738,133898,77,322734
7824,0.000991,172.31.40.0-255,66,133964,77,322734
7825,0.000994,172.217.194.0-255,766,134730,77,322734
7826,0.001041,172.217.194.0-255,1484,136214,77,322734
7827,0.001044,172.31.40.0-255,66,136280,77,322734
7828,0.001049,172.217.194.0-255,2902,139182,77,322734
7829,0.001051,172.31.40.0-255,66,139248,77,322734
7830,0.001056,172.217.194.0-255,4320,143568,77,322734
7831,0.001062,172.31.40.0-255,66,143634,77,322734
7832,0.001096,172.217.194.0-255,1484,145118,77,322734
7833,0.001104,172.217.194.0-255,7156,152274,77,322734
7834,0.001106,172.31.40.0-255,66,152340,77,322734
7835,0.001126,172.31.40.0-255,66,152406,77,322734
7836,0.00113,172.217.194.0-255,2184,154590,77,322734
7837,0.001132,172.31.40.0-255,66,154656,77,322734
7838,0.001186,172.217.194.0-255,2902,157558,77,322734
7839,0.00119,172.31.40.0-255,66,157624,77,322734
7840,0.001193,172.217.194.0-255,1484,159108,77,322734
7841,0.0012,172.217.194.0-255,5738,164846,77,322734
7842,0.001207,172.31.40.0-255,66,164912,77,322734
7843,0.001243,172.217.194.0-255,12828,177740,77,322734
7844,0.001249,172.217.194.0-255,5738,183478,77,322734
7845,0.001253,172.31.40.0-255,66,183544,77,322734
7846,0.001256,172.31.40.0-255,66,183610,77,322734
7847,0.001296,172.217.194.0-255,5020,188630,77,322734
7848,0.001299,172.31.40.0-255,66,188696,77,322734
7849,0.001387,172.217.194.0-255,1484,190180,77,322734
7850,0.001404,172.217.194.0-255,2902,193082,77,322734
7851,0.001407,172.31.40.0-255,66,193148,77,322734
7852,0.001415,172.217.194.0-255,5738,198886,77,322734
7853,0.001417,172.31.40.0-255,66,198952,77,322734
7854,0.001449,172.217.194.0-255,7156,206108,77,322734
7855,0.001453,172.31.40.0-255,66,206174,77,322734
7856,0.00148,172.217.194.0-255,8574,214748,77,322734
7857,0.001484,172.31.40.0-255,66,214814,77,322734
7858,0.001513,172.217.194.0-255,5738,220552,77,322734
7859,0.001516,172.31.40.0-255,66,220618,77,322734
7860,0.001523,172.217.194.0-255,2184,222802,77,322734
7861,0.001525,172.31.40.0-255,66,222868,77,322734
7862,0.001738,172.217.194.0-255,1484,224352,77,322734
7863,0.001743,172.217.194.0-255,1484,225836,77,322734
7864,0.001747,172.31.40.0-255,66,225902,77,322734
7865,0.001775,172.217.194.0-255,1484,227386,77,322734
7866,0.001783,172.217.194.0-255,5738,233124,77,322734
7867,0.001785,172.31.40.0-255,66,233190,77,322734
7868,0.001804,172.217.194.0-255,8574,241764,77,322734
7869,0.001807,172.31.40.0-255,66,241830,77,322734
7870,0.001826,172.217.194.0-255,4320,246150,77,322734
7871,0.001829,172.31.40.0-255,66,246216,77,322734
7872,0.001838,172.217.194.0-255,9992,256208,77,322734
7873,0.001841,172.31.40.0-255,66,256274,77,322734
7874,0.001958,172.217.194.0-255,1484,257758,77,322734
7875,0.001965,172.31.40.0-255,66,257824,77,322734
7876,0.001981,172.217.194.0-255,3602,261426,77,322734
7877,0.002007,172.217.194.0-255,4320,265746,77,322734
7878,0.002015,172.31.40.0-255,66,265812,77,322734
7879,0.002061,172.217.194.0-255,4320,270132,77,322734
7880,0.002071,172.217.194.0-255,9274,279406,77,322734
7881,0.002078,172.217.194.0-255,5738,285144,77,322734
7882,0.002092,172.217.194.0-255,1484,286628,77,322734
7883,0.002095,172.31.40.0-255,66,286694,77,322734
7884,0.004094,172.217.194.0-255,4320,291014,77,322734
7885,0.004103,172.31.40.0-255,66,291080,77,322734
7886,0.006129,172.217.194.0-255,5738,296818,77,322734
7887,0.013496,172.217.194.0-255,1484,298302,77,322734
7888,0.015184,172.31.40.0-255,66,298368,77,322734
7889,0.017213,172.217.194.0-255,5738,304106,77,322734
7890,0.017222,172.31.40.0-255,66,304172,77,322734
7891,0.019262,172.217.194.0-255,5738,309910,77,322734
7892,0.019276,172.31.40.0-255,66,309976,77,322734
7893,0.021307,172.217.194.0-255,5738,315714,77,322734
7894,0.021318,172.31.40.0-255,66,315780,77,322734
7895,0.023337,172.217.194.0-255,2436,318216,77,322734
7896,0.023346,172.31.40.0-255,66,318282,77,322734
7897,0.02555,172.31.40.0-255,105,318387,77,322734
7898,0.027517,172.217.194.0-255,66,318453,77,322734
7899,0.052587,172.31.40.0-255,172,318625,77,322734
7900,0.052618,172.31.40.0-255,1119,319744,77,322734
7901,0.052682,172.31.40.0-255,1514,321258,77,322734
7902,0.052683,172.31.40.0-255,1278,322536,77,322734
7903,0.054078,104.244.42.0-255,66,322602,77,322734
7904,0.054137,104.244.42.0-255,66,322668,77,322734
7905,0.054189,104.244.42.0-255,66,322734,77,322734
7906,0.0,172.31.40.0-255,105,105,77,459
7907,0.000206,172.31.40.0-255,90,195,77,459
7908,0.000217,172.31.40.0-255,66,261,77,459
7909,0.002496,74.125.200.0-255,66,327,77,459
7910,0.002529,74.125.200.0-255,66,393,77,459
7911,0.002551,172.31.40.0-255,66,459,77,459
7912,0.0,172.217.194.0-255,150,150,77,407684
7913,2.4e-05,172.31.40.0-255,66,216,77,407684
7914,3.1e-05,172.217.194.0-255,1484,1700,77,407684
7915,3.7e-05,172.31.40.0-255,66,1766,77,407684
7916,4.3e-05,172.217.194.0-255,2902,4668,77,407684
7917,4.7e-05,172.31.40.0-255,66,4734,77,407684
7918,5.3e-05,172.217.194.0-255,5738,10472,77,407684
7919,5.7e-05,172.31.40.0-255,66,10538,77,407684
7920,0.00014,172.217.194.0-255,4936,15474,77,407684
7921,0.000145,172.31.40.0-255,66,15540,77,407684
7922,0.000152,172.217.194.0-255,5738,21278,77,407684
7923,0.000155,172.31.40.0-255,66,21344,77,407684
7924,0.000164,172.217.194.0-255,9633,30977,77,407684
7925,0.000166,172.31.40.0-255,66,31043,77,407684
7926,0.00035,172.217.194.0-255,1484,32527,77,407684
7927,0.000355,172.31.40.0-255,66,32593,77,407684
7928,0.000362,172.217.194.0-255,2902,35495,77,407684
7929,0.000364,172.31.40.0-255,66,35561,77,407684
7930,0.000371,172.217.194.0-255,5738,41299,77,407684
7931,0.000374,172.31.40.0-255,66,41365,77,407684
7932,0.000402,172.217.194.0-255,8215,49580,77,407684
7933,0.000405,172.31.40.0-255,66,49646,77,407684
7934,0.000411,172.217.194.0-255,4320,53966,77,407684
7935,0.000413,172.31.40.0-255,66,54032,77,407684
7936,0.000427,172.217.194.0-255,4320,58352,77,407684
7937,0.000429,172.31.40.0-255,66,58418,77,407684
7938,0.000449,172.217.194.0-255,6797,65215,77,407684
7939,0.000451,172.31.40.0-255,66,65281,77,407684
7940,0.000699,172.217.194.0-255,646,65927,77,407684
7941,0.000703,172.31.40.0-255,66,65993,77,407684
7942,0.001072,172.217.194.0-255,1484,67477,77,407684
7943,0.001077,172.31.40.0-255,66,67543,77,407684
7944,0.001084,172.217.194.0-255,2902,70445,77,407684
7945,0.001086,172.31.40.0-255,66,70511,77,407684
7946,0.001092,172.217.194.0-255,4320,74831,77,407684
7947,0.001094,172.31.40.0-255,66,74897,77,407684
7948,0.001111,172.217.194.0-255,1484,76381,77,407684
7949,0.001119,172.217.194.0-255,5738,82119,77,407684
7950,0.001122,172.31.40.0-255,66,82185,77,407684
7951,0.001125,172.217.194.0-255,1484,83669,77,407684
7952,0.001157,172.217.194.0-255,11410,95079,77,407684
7953,0.001159,172.31.40.0-255,66,95145,77,407684
7954,0.001167,172.217.194.0-255,4471,99616,77,407684
7955,0.001169,172.31.40.0-255,66,99682,77,407684
7956,0.00125,172.217.194.0-255,1484,101166,77,407684
7957,0.001256,172.217.194.0-255,2902,104068,77,407684
7958,0.001259,172.31.40.0-255,66,104134,77,407684
7959,0.001283,172.217.194.0-255,5738,109872,77,407684
7960,0.001286,172.31.40.0-255,66,109938,77,407684
7961,0.001314,172.217.194.0-255,2902,112840,77,407684
7962,0.001316,172.31.40.0-255,66,112906,77,407684
7963,0.001345,172.217.194.0-255,9992,122898,77,407684
7964,0.001347,172.31.40.0-255,66,122964,77,407684
7965,0.00135,172.217.194.0-255,1484,124448,77,407684
7966,0.001355,172.217.194.0-255,2902,127350,77,407684
7967,0.001357,172.31.40.0-255,66,127416,77,407684
7968,0.00136,172.217.194.0-255,1484,128900,77,407684
7969,0.001413,172.217.194.0-255,2902,131802,77,407684
7970,0.001417,172.31.40.0-255,66,131868,77,407684
7971,0.001436,172.217.194.0-255,2184,134052,77,407684
7972,0.001438,172.31.40.0-255,66,134118,77,407684
7973,0.001467,172.217.194.0-255,4320,138438,77,407684
7974,0.00147,172.31.40.0-255,66,138504,77,407684
7975,0.001477,172.217.194.0-255,5738,144242,77,407684
7976,0.001479,172.31.40.0-255,66,144308,77,407684
7977,0.001482,172.217.194.0-255,1484,145792,77,407684
7978,0.001505,172.217.194.0-255,9992,155784,77,407684
7979,0.001508,172.31.40.0-255,66,155850,77,407684
7980,0.001511,172.217.194.0-255,1484,157334,77,407684
7981,0.001533,172.217.194.0-255,9992,167326,77,407684
7982,0.00161,172.217.194.0-255,2902,170228,77,407684
7983,0.001632,172.217.194.0-255,3602,173830,77,407684
7984,0.001639,172.217.194.0-255,7156,180986,77,407684
7985,0.001659,172.217.194.0-255,5020,186006,77,407684
7986,0.001914,172.217.194.0-255,1484,187490,77,407684
7987,0.001922,172.217.194.0-255,2902,190392,77,407684
7988,0.001938,172.217.194.0-255,1484,191876,77,407684
7989,0.001943,172.217.194.0-255,2902,194778,77,407684
7990,0.001986,172.217.194.0-255,4320,199098,77,407684
7991,0.002011,172.217.194.0-255,5738,204836,77,407684
7992,0.00203,172.217.194.0-255,5738,210574,77,407684
7993,0.002054,172.217.194.0-255,4320,214894,77,407684
7994,0.002066,172.217.194.0-255,2902,217796,77,407684
7995,0.00207,172.217.194.0-255,1484,219280,77,407684
7996,0.002084,172.217.194.0-255,766,220046,77,407684
7997,0.002282,172.217.194.0-255,1484,221530,77,407684
7998,0.002298,172.217.194.0-255,2902,224432,77,407684
7999,0.002309,172.217.194.0-255,1484,225916,77,407684
8000,0.002322,172.217.194.0-255,4320,230236,77,407684
8001,0.002345,172.217.194.0-255,7156,237392,77,407684
8002,0.00237,172.217.194.0-255,2902,240294,77,407684
8003,0.0024,172.217.194.0-255,2902,243196,77,407684
8004,0.002417,172.217.194.0-255,8574,251770,77,407684
8005,0.002435,172.217.194.0-255,2184,253954,77,407684
8006,0.002554,172.217.194.0-255,1484,255438,77,407684
8007,0.002572,172.217.194.0-255,2902,258340,77,407684
8008,0.002577,172.217.194.0-255,2902,261242,77,407684
8009,0.002594,172.217.194.0-255,2902,264144,77,407684
8010,0.002609,172.217.194.0-255,5738,269882,77,407684
8011,0.002625,172.217.194.0-255,2902,272784,77,407684
8012,0.002645,172.217.194.0-255,1484,274268,77,407684
8013,0.002664,172.217.194.0-255,9992,284260,77,407684
8014,0.002675,172.217.194.0-255,3602,287862,77,407684
8015,0.002689,172.217.194.0-255,5738,293600,77,407684
8016,0.002714,172.217.194.0-255,9992,303592,77,407684
8017,0.008201,172.31.40.0-255,66,303658,77,407684
8018,0.010852,172.217.194.0-255,5738,309396,77,407684
8019,0.010865,172.31.40.0-255,66,309462,77,407684
8020,0.013509,172.217.194.0-255,5738,315200,77,407684
8021,0.013516,172.31.40.0-255,66,315266,77,407684
8022,0.016158,172.217.194.0-255,5738,321004,77,407684
8023,0.016178,172.31.40.0-255,66,321070,77,407684
8024,0.018821,172.217.194.0-255,5738,326808,77,407684
8025,0.018839,172.31.40.0-255,66,326874,77,407684
8026,0.02147,172.217.194.0-255,4320,331194,77,407684
8027,0.02148,172.31.40.0-255,66,331260,77,407684
8028,0.0215,172.217.194.0-255,1484,332744,77,407684
8029,0.024185,172.217.194.0-255,4320,337064,77,407684
8030,0.024196,172.31.40.0-255,66,337130,77,407684
8031,0.026839,172.217.194.0-255,5738,342868,77,407684
8032,0.02685,172.31.40.0-255,66,342934,77,407684
8033,0.029497,172.217.194.0-255,5738,348672,77,407684
8034,0.029505,172.31.40.0-255,66,348738,77,407684
8035,0.032111,172.217.194.0-255,5738,354476,77,407684
8036,0.032121,172.31.40.0-255,66,354542,77,407684
8037,0.034747,172.217.194.0-255,5738,360280,77,407684
8038,0.034757,172.31.40.0-255,66,360346,77,407684
8039,0.037416,172.217.194.0-255,5738,366084,77,407684
8040,0.037429,172.31.40.0-255,66,366150,77,407684
8041,0.040062,172.217.194.0-255,5738,371888,77,407684
8042,0.040099,172.31.40.0-255,66,371954,77,407684
8043,0.042826,172.217.194.0-255,5738,377692,77,407684
8044,0.042845,172.31.40.0-255,66,377758,77,407684
8045,0.045474,172.217.194.0-255,5738,383496,77,407684
8046,0.045483,172.31.40.0-255,66,383562,77,407684
8047,0.048119,172.217.194.0-255,5738,389300,77,407684
8048,0.048127,172.31.40.0-255,66,389366,77,407684
8049,0.050778,172.217.194.0-255,5738,395104,77,407684
8050,0.050792,172.31.40.0-255,66,395170,77,407684
8051,0.053427,172.217.194.0-255,3187,398357,77,407684
8052,0.053446,172.31.40.0-255,66,398423,77,407684
8053,0.053725,172.31.40.0-255,105,398528,77,407684
8054,0.056313,172.217.194.0-255,66,398594,77,407684
8055,0.070874,172.31.40.0-255,172,398766,77,407684
8056,0.070909,172.31.40.0-255,1121,399887,77,407684
8057,0.070978,172.31.40.0-255,1514,401401,77,407684
8058,0.07098,172.31.40.0-255,1514,402915,77,407684
8059,0.070986,172.31.40.0-255,1514,404429,77,407684
8060,0.070987,172.31.40.0-255,1514,405943,77,407684
8061,0.071005,172.31.40.0-255,1477,407420,77,407684
8062,0.072421,104.244.42.0-255,66,407486,77,407684
8063,0.072497,104.244.42.0-255,66,407552,77,407684
8064,0.072549,104.244.42.0-255,66,407618,77,407684
8065,0.072594,104.244.42.0-255,66,407684,77,407684
8066,0.0,172.217.194.0-255,150,150,77,377222
8067,2.2e-05,172.31.40.0-255,66,216,77,377222
8068,2.9e-05,172.217.194.0-255,1484,1700,77,377222
8069,3.4e-05,172.31.40.0-255,66,1766,77,377222
8070,3.9e-05,172.217.194.0-255,2902,4668,77,377222
8071,5e-05,172.31.40.0-255,66,4734,77,377222
8072,5.8e-05,172.217.194.0-255,7156,11890,77,377222
8073,6.1e-05,172.31.40.0-255,66,11956,77,377222
8074,6.6e-05,172.217.194.0-255,2070,14026,77,377222
8075,6.9e-05,172.31.40.0-255,66,14092,77,377222
8076,7.6e-05,172.217.194.0-255,4320,18412,77,377222
8077,7.9e-05,172.31.40.0-255,66,18478,77,377222
8078,0.000103,172.217.194.0-255,7156,25634,77,377222
8079,0.000106,172.31.40.0-255,66,25700,77,377222
8080,0.000117,172.217.194.0-255,5379,31079,77,377222
8081,0.000119,172.31.40.0-255,66,31145,77,377222
8082,0.000169,172.217.194.0-255,1484,32629,77,377222
8083,0.000172,172.31.40.0-255,66,32695,77,377222
8084,0.000178,172.217.194.0-255,2902,35597,77,377222
8085,0.00018,172.31.40.0-255,66,35663,77,377222
8086,0.000183,172.217.194.0-255,1484,37147,77,377222
8087,0.000185,172.31.40.0-255,66,37213,77,377222
8088,0.000214,172.217.194.0-255,4320,41533,77,377222
8089,0.000217,172.31.40.0-255,66,41599,77,377222
8090,0.000225,172.217.194.0-255,6797,48396,77,377222
8091,0.000227,172.31.40.0-255,66,48462,77,377222
8092,0.000239,172.217.194.0-255,7156,55618,77,377222
8093,0.000241,172.31.40.0-255,66,55684,77,377222
8094,0.00029,172.217.194.0-255,9885,65569,77,377222
8095,0.000293,172.31.40.0-255,66,65635,77,377222
8096,0.000361,172.217.194.0-255,118,65753,77,377222
8097,0.000365,172.31.40.0-255,66,65819,77,377222
8098,0.000393,172.217.194.0-255,382,66201,77,377222
8099,0.000908,172.217.194.0-255,1484,67685,77,377222
8100,0.000914,172.31.40.0-255,66,67751,77,377222
8101,0.000919,172.217.194.0-255,2902,70653,77,377222
8102,0.000921,172.31.40.0-255,66,70719,77,377222
8103,0.000959,172.217.194.0-255,5738,76457,77,377222
8104,0.000961,172.31.40.0-255,66,76523,77,377222
8105,0.000971,172.217.194.0-255,8574,85097,77,377222
8106,0.000993,172.217.194.0-255,4320,89417,77,377222
8107,0.001005,172.31.40.0-255,66,89483,77,377222
8108,0.001023,172.217.194.0-255,5738,95221,77,377222
8109,0.001046,172.217.194.0-255,5020,100241,77,377222
8110,0.001051,172.31.40.0-255,66,100307,77,377222
8111,0.001065,172.217.194.0-255,5738,106045,77,377222
8112,0.001086,172.217.194.0-255,5738,111783,77,377222
8113,0.001097,172.217.194.0-255,12828,124611,77,377222
8114,0.001121,172.217.194.0-255,1484,126095,77,377222
8115,0.001124,172.31.40.0-255,66,126161,77,377222
8116,0.001135,172.217.194.0-255,5738,131899,77,377222
8117,0.001142,172.31.40.0-255,66,131965,77,377222
8118,0.001164,172.217.194.0-255,9274,141239,77,377222
8119,0.001175,172.217.194.0-255,12828,154067,77,377222
8120,0.00121,172.31.40.0-255,66,154133,77,377222
8121,0.001216,172.217.194.0-255,4320,158453,77,377222
8122,0.001227,172.217.194.0-255,12110,170563,77,377222
8123,0.001258,172.31.40.0-255,66,170629,77,377222
8124,0.001286,172.217.194.0-255,8574,179203,77,377222
8125,0.00129,172.217.194.0-255,217,179420,77,377222
8126,0.001299,172.31.40.0-255,66,179486,77,377222
8127,0.00134,172.217.194.0-255,1484,180970,77,377222
8128,0.001344,172.217.194.0-255,2902,183872,77,377222
8129,0.001363,172.217.194.0-255,5738,189610,77,377222
8130,0.001371,172.217.194.0-255,5738,195348,77,377222
8131,0.001376,172.31.40.0-255,66,195414,77,377222
8132,0.001384,172.217.194.0-255,2902,198316,77,377222
8133,0.001389,172.31.40.0-255,66,198382,77,377222
8134,0.001418,172.217.194.0-255,9992,208374,77,377222
8135,0.001425,172.217.194.0-255,5020,213394,77,377222
8136,0.001481,172.31.40.0-255,66,213460,77,377222
8137,0.001774,172.217.194.0-255,1484,214944,77,377222
8138,0.00178,172.217.194.0-255,2902,217846,77,377222
8139,0.001802,172.217.194.0-255,5738,223584,77,377222
8140,0.001814,172.31.40.0-255,66,223650,77,377222
8141,0.001824,172.217.194.0-255,4320,227970,77,377222
8142,0.001829,172.31.40.0-255,66,228036,77,377222
8143,0.001847,172.217.194.0-255,2902,230938,77,377222
8144,0.001865,172.217.194.0-255,8574,239512,77,377222
8145,0.001886,172.217.194.0-255,7856,247368,77,377222
8146,0.001905,172.31.40.0-255,66,247434,77,377222
8147,0.001945,172.217.194.0-255,1484,248918,77,377222
8148,0.00195,172.217.194.0-255,2902,251820,77,377222
8149,0.001955,172.31.40.0-255,66,251886,77,377222
8150,0.00197,172.217.194.0-255,5738,257624,77,377222
8151,0.00198,172.217.194.0-255,4320,261944,77,377222
8152,0.001994,172.217.194.0-255,1484,263428,77,377222
8153,0.002001,172.31.40.0-255,66,263494,77,377222
8154,0.00203,172.217.194.0-255,12828,276322,77,377222
8155,0.002036,172.217.194.0-255,5020,281342,77,377222
8156,0.002053,172.31.40.0-255,66,281408,77,377222
8157,0.002107,172.217.194.0-255,1484,282892,77,377222
8158,0.002112,172.217.194.0-255,2902,285794,77,377222
8159,0.002117,172.31.40.0-255,66,285860,77,377222
8160,0.00213,172.217.194.0-255,1484,287344,77,377222
8161,0.002155,172.217.194.0-255,4320,291664,77,377222
8162,0.002158,172.217.194.0-255,1484,293148,77,377222
8163,0.002184,172.217.194.0-255,11410,304558,77,377222
8164,0.002193,172.217.194.0-255,8574,313132,77,377222
8165,0.002211,172.217.194.0-255,2184,315316,77,377222
8166,0.002216,172.31.40.0-255,66,315382,77,377222
8167,0.002221,172.31.40.0-255,66,315448,77,377222
8168,0.002251,172.217.194.0-255,7156,322604,77,377222
8169,0.002258,172.31.40.0-255,66,322670,77,377222
8170,0.002273,172.217.194.0-255,8574,331244,77,377222
8171,0.002287,172.217.194.0-255,12828,344072,77,377222
8172,0.00231,172.217.194.0-255,4320,348392,77,377222
8173,0.002321,172.217.194.0-255,12110,360502,77,377222
8174,0.002327,172.31.40.0-255,66,360568,77,377222
8175,0.002353,172.217.194.0-255,7156,367724,77,377222
8176,0.002364,172.31.40.0-255,66,367790,77,377222
8177,0.002396,172.217.194.0-255,105,367895,77,377222
8178,0.002416,172.31.40.0-255,66,367961,77,377222
8179,0.004639,172.31.40.0-255,105,368066,77,377222
8180,0.007194,172.217.194.0-255,66,368132,77,377222
8181,0.037126,172.31.40.0-255,172,368304,77,377222
8182,0.037163,172.31.40.0-255,1120,369424,77,377222
8183,0.037229,172.31.40.0-255,1514,370938,77,377222
8184,0.037231,172.31.40.0-255,1514,372452,77,377222
8185,0.037236,172.31.40.0-255,1514,373966,77,377222
8186,0.037237,172.31.40.0-255,1514,375480,77,377222
8187,0.037256,172.31.40.0-255,1478,376958,77,377222
8188,0.038701,104.244.42.0-255,66,377024,77,377222
8189,0.038732,104.244.42.0-255,66,377090,77,377222
8190,0.038775,104.244.42.0-255,66,377156,77,377222
8191,0.038835,104.244.42.0-255,66,377222,77,377222
8192,0.0,216.58.203.0-255,152,152,77,424705
8193,1.5e-05,172.31.40.0-255,66,218,77,424705
8194,2.1e-05,216.58.203.0-255,1484,1702,77,424705
8195,2.6e-05,172.31.40.0-255,66,1768,77,424705
8196,3.1e-05,216.58.203.0-255,2902,4670,77,424705
8197,3.4e-05,172.31.40.0-255,66,4736,77,424705
8198,3.6e-05,216.58.203.0-255,1484,6220,77,424705
8199,3.9e-05,172.31.40.0-255,66,6286,77,424705
8200,7.4e-05,216.58.203.0-255,1484,7770,77,424705
8201,7.7e-05,172.31.40.0-255,66,7836,77,424705
8202,8.2e-05,216.58.203.0-255,4320,12156,77,424705
8203,8.5e-05,172.31.40.0-255,66,12222,77,424705
8204,0.000111,216.58.203.0-255,4320,16542,77,424705
8205,0.000114,172.31.40.0-255,66,16608,77,424705
8206,0.000134,216.58.203.0-255,4900,21508,77,424705
8207,0.000137,172.31.40.0-255,66,21574,77,424705
8208,0.000142,216.58.203.0-255,4320,25894,77,424705
8209,0.000144,172.31.40.0-255,66,25960,77,424705
8210,0.00017,216.58.203.0-255,5379,31339,77,424705
8211,0.000173,172.31.40.0-255,66,31405,77,424705
8212,0.000409,216.58.203.0-255,1484,32889,77,424705
8213,0.000415,172.31.40.0-255,66,32955,77,424705
8214,0.000422,216.58.203.0-255,2902,35857,77,424705
8215,0.000424,172.31.40.0-255,66,35923,77,424705
8216,0.000443,216.58.203.0-255,2902,38825,77,424705
8217,0.000446,172.31.40.0-255,66,38891,77,424705
8218,0.000463,216.58.203.0-255,2902,41793,77,424705
8219,0.000465,172.31.40.0-255,66,41859,77,424705
8220,0.000472,216.58.203.0-255,4320,46179,77,424705
8221,0.000474,172.31.40.0-255,66,46245,77,424705
8222,0.000479,216.58.203.0-255,2543,48788,77,424705
8223,0.000482,172.31.40.0-255,66,48854,77,424705
8224,0.000485,216.58.203.0-255,1484,50338,77,424705
8225,0.000502,216.58.203.0-255,1484,51822,77,424705
8226,0.000519,216.58.203.0-255,2902,54724,77,424705
8227,0.000546,216.58.203.0-255,4320,59044,77,424705
8228,0.000617,216.58.203.0-255,5738,64782,77,424705
8229,0.000629,216.58.203.0-255,1419,66201,77,424705
8230,0.000692,172.31.40.0-255,66,66267,77,424705
8231,0.000805,216.58.203.0-255,382,66649,77,424705
8232,0.000922,216.58.203.0-255,1484,68133,77,424705
8233,0.000933,172.31.40.0-255,66,68199,77,424705
8234,0.00095,216.58.203.0-255,2902,71101,77,424705
8235,0.000955,216.58.203.0-255,2902,74003,77,424705
8236,0.000971,172.31.40.0-255,66,74069,77,424705
8237,0.000977,216.58.203.0-255,2902,76971,77,424705
8238,0.000982,172.31.40.0-255,66,77037,77,424705
8239,0.001035,216.58.203.0-255,1484,78521,77,424705
8240,0.001054,216.58.203.0-255,4320,82841,77,424705
8241,0.001073,216.58.203.0-255,4320,87161,77,424705
8242,0.001087,216.58.203.0-255,3961,91122,77,424705
8243,0.00109,216.58.203.0-255,1484,92606,77,424705
8244,0.001103,172.31.40.0-255,66,92672,77,424705
8245,0.001109,216.58.203.0-255,4320,96992,77,424705
8246,0.001114,172.31.40.0-255,66,97058,77,424705
8247,0.001121,216.58.203.0-255,1484,98542,77,424705
8248,0.001153,216.58.203.0-255,2543,101085,77,424705
8249,0.001177,172.31.40.0-255,66,101151,77,424705
8250,0.001615,216.58.203.0-255,1484,102635,77,424705
8251,0.001622,216.58.203.0-255,2902,105537,77,424705
8252,0.001625,172.31.40.0-255,66,105603,77,424705
8253,0.001651,216.58.203.0-255,5738,111341,77,424705
8254,0.001654,172.31.40.0-255,66,111407,77,424705
8255,0.001681,216.58.203.0-255,9992,121399,77,424705
8256,0.001693,172.31.40.0-255,66,121465,77,424705
8257,0.001714,216.58.203.0-255,1484,122949,77,424705
8258,0.001722,216.58.203.0-255,7156,130105,77,424705
8259,0.001739,216.58.203.0-255,2902,133007,77,424705
8260,0.001751,216.58.203.0-255,2184,135191,77,424705
8261,0.001754,172.31.40.0-255,66,135257,77,424705
8262,0.001758,172.31.40.0-255,66,135323,77,424705
8263,0.001766,216.58.203.0-255,1484,136807,77,424705
8264,0.00177,216.58.203.0-255,2902,139709,77,424705
8265,0.00179,216.58.203.0-255,5738,145447,77,424705
8266,0.001798,216.58.203.0-255,7156,152603,77,424705
8267,0.001815,216.58.203.0-255,5738,158341,77,424705
8268,0.001818,172.31.40.0-255,66,158407,77,424705
8269,0.001823,172.31.40.0-255,66,158473,77,424705
8270,0.00184,216.58.203.0-255,4320,162793,77,424705
8271,0.001852,172.31.40.0-255,66,162859,77,424705
8272,0.001864,216.58.203.0-255,6438,169297,77,424705
8273,0.001867,216.58.203.0-255,1484,170781,77,424705
8274,0.00187,216.58.203.0-255,1484,172265,77,424705
8275,0.001875,216.58.203.0-255,2902,175167,77,424705
8276,0.00188,216.58.203.0-255,4320,179487,77,424705
8277,0.001884,172.31.40.0-255,66,179553,77,424705
8278,0.001894,216.58.203.0-255,1484,181037,77,424705
8279,0.001899,216.58.203.0-255,2902,183939,77,424705
8280,0.001904,216.58.203.0-255,4320,188259,77,424705
8281,0.00191,216.58.203.0-255,5738,193997,77,424705
8282,0.001923,216.58.203.0-255,2902,196899,77,424705
8283,0.001927,216.58.203.0-255,2902,199801,77,424705
8284,0.001945,216.58.203.0-255,3602,203403,77,424705
8285,0.001953,172.31.40.0-255,66,203469,77,424705
8286,0.003635,216.58.203.0-255,5738,209207,77,424705
8287,0.003643,172.31.40.0-255,66,209273,77,424705
8288,0.005319,216.58.203.0-255,5738,215011,77,424705
8289,0.008708,172.31.40.0-255,66,215077,77,424705
8290,0.010385,216.58.203.0-255,5738,220815,77,424705
8291,0.010393,172.31.40.0-255,66,220881,77,424705
8292,0.012069,216.58.203.0-255,5738,226619,77,424705
8293,0.014229,172.31.40.0-255,66,226685,77,424705
8294,0.015904,216.58.203.0-255,5738,232423,77,424705
8295,0.015916,172.31.40.0-255,66,232489,77,424705
8296,0.017594,216.58.203.0-255,5738,238227,77,424705
8297,0.017604,172.31.40.0-255,66,238293,77,424705
8298,0.019284,216.58.203.0-255,5738,244031,77,424705
8299,0.019292,172.31.40.0-255,66,244097,77,424705
8300,0.021015,216.58.203.0-255,5738,249835,77,424705
8301,0.021023,172.31.40.0-255,66,249901,77,424705
8302,0.0227,216.58.203.0-255,5738,255639,77,424705
8303,0.022708,172.31.40.0-255,66,255705,77,424705
8304,0.024376,216.58.203.0-255,5738,261443,77,424705
8305,0.026206,172.31.40.0-255,66,261509,77,424705
8306,0.027899,216.58.203.0-255,5738,267247,77,424705
8307,0.027909,172.31.40.0-255,66,267313,77,424705
8308,0.029588,216.58.203.0-255,5738,273051,77,424705
8309,0.029595,172.31.40.0-255,66,273117,77,424705
8310,0.031277,216.58.203.0-255,5738,278855,77,424705
8311,0.031285,172.31.40.0-255,66,278921,77,424705
8312,0.032963,216.58.203.0-255,5738,284659,77,424705
8313,0.032971,172.31.40.0-255,66,284725,77,424705
8314,0.034649,216.58.203.0-255,5738,290463,77,424705
8315,0.034656,172.31.40.0-255,66,290529,77,424705
8316,0.036329,216.58.203.0-255,5738,296267,77,424705
8317,0.036336,172.31.40.0-255,66,296333,77,424705
8318,0.038019,216.58.203.0-255,5738,302071,77,424705
8319,0.038027,172.31.40.0-255,66,302137,77,424705
8320,0.039488,172.31.40.0-255,172,302309,77,424705
8321,0.039516,172.31.40.0-255,1120,303429,77,424705
8322,0.039573,172.31.40.0-255,1514,304943,77,424705
8323,0.039574,172.31.40.0-255,1514,306457,77,424705
8324,0.039575,172.31.40.0-255,1514,307971,77,424705
8325,0.039577,172.31.40.0-255,1514,309485,77,424705
8326,0.039603,172.31.40.0-255,1491,310976,77,424705
8327,0.039724,216.58.203.0-255,5738,316714,77,424705
8328,0.039729,172.31.40.0-255,66,316780,77,424705
8329,0.041045,104.244.42.0-255,66,316846,77,424705
8330,0.041083,104.244.42.0-255,66,316912,77,424705
8331,0.041131,104.244.42.0-255,66,316978,77,424705
8332,0.041196,104.244.42.0-255,66,317044,77,424705
8333,0.041413,216.58.203.0-255,5738,322782,77,424705
8334,0.041419,172.31.40.0-255,66,322848,77,424705
8335,0.043096,216.58.203.0-255,5738,328586,77,424705
8336,0.043103,172.31.40.0-255,66,328652,77,424705
8337,0.044778,216.58.203.0-255,5738,334390,77,424705
8338,0.044785,172.31.40.0-255,66,334456,77,424705
8339,0.046468,216.58.203.0-255,5738,340194,77,424705
8340,0.046475,172.31.40.0-255,66,340260,77,424705
8341,0.048152,216.58.203.0-255,5738,345998,77,424705
8342,0.048159,172.31.40.0-255,66,346064,77,424705
8343,0.049841,216.58.203.0-255,5738,351802,77,424705
8344,0.049848,172.31.40.0-255,66,351868,77,424705
8345,0.05154,216.58.203.0-255,5738,357606,77,424705
8346,0.051546,172.31.40.0-255,66,357672,77,424705
8347,0.053225,216.58.203.0-255,5738,363410,77,424705
8348,0.053232,172.31.40.0-255,66,363476,77,424705
8349,0.054911,216.58.203.0-255,5738,369214,77,424705
8350,0.054918,172.31.40.0-255,66,369280,77,424705
8351,0.056598,216.58.203.0-255,5738,375018,77,424705
8352,0.056605,172.31.40.0-255,66,375084,77,424705
8353,0.058292,216.58.203.0-255,5738,380822,77,424705
8354,0.058298,172.31.40.0-255,66,380888,77,424705
8355,0.059995,216.58.203.0-255,5738,386626,77,424705
8356,0.060002,172.31.40.0-255,66,386692,77,424705
8357,0.061678,216.58.203.0-255,5738,392430,77,424705
8358,0.061683,172.31.40.0-255,66,392496,77,424705
8359,0.063368,216.58.203.0-255,5738,398234,77,424705
8360,0.063375,172.31.40.0-255,66,398300,77,424705
8361,0.065047,216.58.203.0-255,5738,404038,77,424705
8362,0.065056,172.31.40.0-255,66,404104,77,424705
8363,0.066729,216.58.203.0-255,5738,409842,77,424705
8364,0.066737,172.31.40.0-255,66,409908,77,424705
8365,0.068414,216.58.203.0-255,5738,415646,77,424705
8366,0.06842,172.31.40.0-255,66,415712,77,424705
8367,0.070102,216.58.203.0-255,5738,421450,77,424705
8368,0.070109,172.31.40.0-255,66,421516,77,424705
8369,0.071796,216.58.203.0-255,2427,423943,77,424705
8370,0.071802,172.31.40.0-255,66,424009,77,424705
8371,0.071962,172.31.40.0-255,105,424114,77,424705
8372,0.071994,172.31.40.0-255,105,424219,77,424705
8373,0.072202,172.31.40.0-255,90,424309,77,424705
8374,0.072209,172.31.40.0-255,66,424375,77,424705
8375,0.073617,216.58.203.0-255,66,424441,77,424705
8376,0.073644,216.58.203.0-255,66,424507,77,424705
8377,0.073832,216.58.203.0-255,66,424573,77,424705
8378,0.07386,216.58.203.0-255,66,424639,77,424705
8379,0.073876,172.31.40.0-255,66,424705,77,424705
8380,0.0,172.253.118.0-255,150,150,77,397112
8381,1.7e-05,172.31.40.0-255,66,216,77,397112
8382,2.3e-05,172.253.118.0-255,1484,1700,77,397112
8383,2.8e-05,172.31.40.0-255,66,1766,77,397112
8384,3.4e-05,172.253.118.0-255,2902,4668,77,397112
8385,3.7e-05,172.31.40.0-255,66,4734,77,397112
8386,4.5e-05,172.253.118.0-255,7156,11890,77,397112
8387,4.8e-05,172.31.40.0-255,66,11956,77,397112
8388,5.1e-05,172.253.118.0-255,1484,13440,77,397112
8389,5.3e-05,172.31.40.0-255,66,13506,77,397112
8390,8e-05,172.253.118.0-255,1986,15492,77,397112
8391,8.2e-05,172.31.40.0-255,66,15558,77,397112
8392,9.1e-05,172.253.118.0-255,8574,24132,77,397112
8393,9.4e-05,172.31.40.0-255,66,24198,77,397112
8394,0.000113,172.253.118.0-255,4320,28518,77,397112
8395,0.000116,172.31.40.0-255,66,28584,77,397112
8396,0.00012,172.253.118.0-255,2543,31127,77,397112
8397,0.000122,172.31.40.0-255,66,31193,77,397112
8398,0.000355,172.253.118.0-255,1484,32677,77,397112
8399,0.000361,172.31.40.0-255,66,32743,77,397112
8400,0.000365,172.253.118.0-255,2902,35645,77,397112
8401,0.000367,172.31.40.0-255,66,35711,77,397112
8402,0.000372,172.253.118.0-255,5738,41449,77,397112
8403,0.000374,172.31.40.0-255,66,41515,77,397112
8404,0.000413,172.253.118.0-255,8574,50089,77,397112
8405,0.000416,172.31.40.0-255,66,50155,77,397112
8406,0.000431,172.253.118.0-255,3961,54116,77,397112
8407,0.000433,172.31.40.0-255,66,54182,77,397112
8408,0.000448,172.253.118.0-255,4320,58502,77,397112
8409,0.000451,172.31.40.0-255,66,58568,77,397112
8410,0.00047,172.253.118.0-255,7108,65676,77,397112
8411,0.000472,172.31.40.0-255,66,65742,77,397112
8412,0.000661,172.253.118.0-255,109,65851,77,397112
8413,0.000676,172.253.118.0-255,332,66183,77,397112
8414,0.000902,172.31.40.0-255,66,66249,77,397112
8415,0.001129,172.253.118.0-255,1484,67733,77,397112
8416,0.001136,172.253.118.0-255,1484,69217,77,397112
8417,0.001139,172.31.40.0-255,66,69283,77,397112
8418,0.001157,172.253.118.0-255,1484,70767,77,397112
8419,0.001164,172.253.118.0-255,5738,76505,77,397112
8420,0.001166,172.31.40.0-255,66,76571,77,397112
8421,0.001214,172.253.118.0-255,12828,89399,77,397112
8422,0.001217,172.31.40.0-255,66,89465,77,397112
8423,0.001243,172.253.118.0-255,4320,93785,77,397112
8424,0.001245,172.31.40.0-255,66,93851,77,397112
8425,0.001269,172.253.118.0-255,6438,100289,77,397112
8426,0.001271,172.31.40.0-255,66,100355,77,397112
8427,0.001455,172.253.118.0-255,1484,101839,77,397112
8428,0.001461,172.253.118.0-255,2902,104741,77,397112
8429,0.001464,172.31.40.0-255,66,104807,77,397112
8430,0.00147,172.253.118.0-255,5738,110545,77,397112
8431,0.001472,172.31.40.0-255,66,110611,77,397112
8432,0.001486,172.253.118.0-255,4320,114931,77,397112
8433,0.001488,172.31.40.0-255,66,114997,77,397112
8434,0.001504,172.253.118.0-255,8574,123571,77,397112
8435,0.001506,172.31.40.0-255,66,123637,77,397112
8436,0.001511,172.253.118.0-255,5738,129375,77,397112
8437,0.001513,172.31.40.0-255,66,129441,77,397112
8438,0.001526,172.253.118.0-255,5020,134461,77,397112
8439,0.001528,172.31.40.0-255,66,134527,77,397112
8440,0.001586,172.253.118.0-255,1484,136011,77,397112
8441,0.001602,172.253.118.0-255,2902,138913,77,397112
8442,0.001606,172.31.40.0-255,66,138979,77,397112
8443,0.001611,172.253.118.0-255,5738,144717,77,397112
8444,0.001613,172.31.40.0-255,66,144783,77,397112
8445,0.001631,172.253.118.0-255,2902,147685,77,397112
8446,0.001634,172.31.40.0-255,66,147751,77,397112
8447,0.001655,172.253.118.0-255,9992,157743,77,397112
8448,0.001658,172.31.40.0-255,66,157809,77,397112
8449,0.001665,172.253.118.0-255,8574,166383,77,397112
8450,0.001667,172.31.40.0-255,66,166449,77,397112
8451,0.001683,172.253.118.0-255,2184,168633,77,397112
8452,0.001685,172.31.40.0-255,66,168699,77,397112
8453,0.001717,172.253.118.0-255,1484,170183,77,397112
8454,0.001721,172.253.118.0-255,2902,173085,77,397112
8455,0.001724,172.31.40.0-255,66,173151,77,397112
8456,0.001745,172.253.118.0-255,5738,178889,77,397112
8457,0.001747,172.31.40.0-255,66,178955,77,397112
8458,0.001768,172.253.118.0-255,8574,187529,77,397112
8459,0.00177,172.31.40.0-255,66,187595,77,397112
8460,0.001785,172.253.118.0-255,4320,191915,77,397112
8461,0.001787,172.31.40.0-255,66,191981,77,397112
8462,0.001813,172.253.118.0-255,5738,197719,77,397112
8463,0.001815,172.31.40.0-255,66,197785,77,397112
8464,0.001835,172.253.118.0-255,5020,202805,77,397112
8465,0.001836,172.31.40.0-255,66,202871,77,397112
8466,0.001962,172.253.118.0-255,1484,204355,77,397112
8467,0.001972,172.253.118.0-255,2902,207257,77,397112
8468,0.001974,172.31.40.0-255,66,207323,77,397112
8469,0.001994,172.253.118.0-255,4320,211643,77,397112
8470,0.001996,172.31.40.0-255,66,211709,77,397112
8471,0.002012,172.253.118.0-255,1484,213193,77,397112
8472,0.002016,172.253.118.0-255,2902,216095,77,397112
8473,0.002018,172.31.40.0-255,66,216161,77,397112
8474,0.002041,172.253.118.0-255,9992,226153,77,397112
8475,0.002067,172.253.118.0-255,2902,229055,77,397112
8476,0.002086,172.253.118.0-255,7856,236911,77,397112
8477,0.002646,172.253.118.0-255,1484,238395,77,397112
8478,0.002658,172.253.118.0-255,2902,241297,77,397112
8479,0.00266,172.253.118.0-255,1484,242781,77,397112
8480,0.002673,172.253.118.0-255,1484,244265,77,397112
8481,0.002697,172.253.118.0-255,4320,248585,77,397112
8482,0.002715,172.253.118.0-255,2902,251487,77,397112
8483,0.00274,172.253.118.0-255,7156,258643,77,397112
8484,0.002753,172.253.118.0-255,2902,261545,77,397112
8485,0.002803,172.253.118.0-255,9274,270819,77,397112
8486,0.002921,172.253.118.0-255,1484,272303,77,397112
8487,0.002926,172.253.118.0-255,2902,275205,77,397112
8488,0.00294,172.253.118.0-255,1484,276689,77,397112
8489,0.002965,172.253.118.0-255,4320,281009,77,397112
8490,0.002978,172.253.118.0-255,4320,285329,77,397112
8491,0.00298,172.253.118.0-255,1484,286813,77,397112
8492,0.002984,172.253.118.0-255,2902,289715,77,397112
8493,0.003019,172.253.118.0-255,1484,291199,77,397112
8494,0.00304,172.253.118.0-255,4320,295519,77,397112
8495,0.003066,172.253.118.0-255,9274,304793,77,397112
8496,0.003072,172.253.118.0-255,7156,311949,77,397112
8497,0.003076,172.253.118.0-255,4320,316269,77,397112
8498,0.003096,172.253.118.0-255,8574,324843,77,397112
8499,0.003114,172.253.118.0-255,1484,326327,77,397112
8500,0.003116,172.253.118.0-255,1484,327811,77,397112
8501,0.003129,172.253.118.0-255,4320,332131,77,397112
8502,0.00314,172.253.118.0-255,1484,333615,77,397112
8503,0.003155,172.253.118.0-255,5020,338635,77,397112
8504,0.00316,172.253.118.0-255,5738,344373,77,397112
8505,0.003167,172.253.118.0-255,7156,351529,77,397112
8506,0.003186,172.253.118.0-255,2902,354431,77,397112
8507,0.00319,172.253.118.0-255,2902,357333,77,397112
8508,0.003216,172.253.118.0-255,11410,368743,77,397112
8509,0.003245,172.253.118.0-255,2902,371645,77,397112
8510,0.003249,172.253.118.0-255,3602,375247,77,397112
8511,0.003272,172.253.118.0-255,7856,383103,77,397112
8512,0.003291,172.253.118.0-255,5738,388841,77,397112
8513,0.003305,172.253.118.0-255,3647,392488,77,397112
8514,0.003308,172.253.118.0-255,105,392593,77,397112
8515,0.006617,172.31.40.0-255,66,392659,77,397112
8516,0.008925,172.31.40.0-255,105,392764,77,397112
8517,0.011409,172.253.118.0-255,66,392830,77,397112
8518,0.027591,172.31.40.0-255,175,393005,77,397112
8519,0.027618,172.31.40.0-255,1144,394149,77,397112
8520,0.027673,172.31.40.0-255,1514,395663,77,397112
8521,0.027675,172.31.40.0-255,1251,396914,77,397112
8522,0.02913,104.244.42.0-255,66,396980,77,397112
8523,0.02916,104.244.42.0-255,66,397046,77,397112
8524,0.029259,104.244.42.0-255,66,397112,77,397112
8525,0.0,172.217.194.0-255,295,295,77,404060
8526,2.4e-05,172.31.40.0-255,66,361,77,404060
8527,3.1e-05,172.217.194.0-255,1484,1845,77,404060
8528,3.5e-05,172.31.40.0-255,66,1911,77,404060
8529,4.2e-05,172.217.194.0-255,4320,6231,77,404060
8530,4.5e-05,172.31.40.0-255,66,6297,77,404060
8531,5.5e-05,172.217.194.0-255,8802,15099,77,404060
8532,5.7e-05,172.31.40.0-255,66,15165,77,404060
8533,6.2e-05,172.217.194.0-255,2902,18067,77,404060
8534,6.6e-05,172.31.40.0-255,66,18133,77,404060
8535,0.000104,172.217.194.0-255,11410,29543,77,404060
8536,0.000106,172.31.40.0-255,66,29609,77,404060
8537,0.000109,172.217.194.0-255,1125,30734,77,404060
8538,0.000111,172.31.40.0-255,66,30800,77,404060
8539,0.000115,172.217.194.0-255,1484,32284,77,404060
8540,0.000117,172.31.40.0-255,66,32350,77,404060
8541,0.000138,172.217.194.0-255,4320,36670,77,404060
8542,0.000141,172.31.40.0-255,66,36736,77,404060
8543,0.000148,172.217.194.0-255,5738,42474,77,404060
8544,0.00015,172.31.40.0-255,66,42540,77,404060
8545,0.00017,172.217.194.0-255,4320,46860,77,404060
8546,0.000172,172.31.40.0-255,66,46926,77,404060
8547,0.000179,172.217.194.0-255,6797,53723,77,404060
8548,0.000182,172.31.40.0-255,66,53789,77,404060
8549,0.000227,172.217.194.0-255,7156,60945,77,404060
8550,0.00023,172.31.40.0-255,66,61011,77,404060
8551,0.000271,172.217.194.0-255,4274,65285,77,404060
8552,0.000274,172.31.40.0-255,66,65351,77,404060
8553,0.000277,172.217.194.0-255,396,65747,77,404060
8554,0.000279,172.31.40.0-255,66,65813,77,404060
8555,0.000474,172.217.194.0-255,1484,67297,77,404060
8556,0.000478,172.31.40.0-255,66,67363,77,404060
8557,0.000484,172.217.194.0-255,2902,70265,77,404060
8558,0.000487,172.31.40.0-255,66,70331,77,404060
8559,0.000493,172.217.194.0-255,5738,76069,77,404060
8560,0.000496,172.31.40.0-255,66,76135,77,404060
8561,0.000527,172.217.194.0-255,12828,88963,77,404060
8562,0.00053,172.31.40.0-255,66,89029,77,404060
8563,0.000537,172.217.194.0-255,8574,97603,77,404060
8564,0.00054,172.31.40.0-255,66,97669,77,404060
8565,0.000571,172.217.194.0-255,2184,99853,77,404060
8566,0.000573,172.31.40.0-255,66,99919,77,404060
8567,0.000696,172.217.194.0-255,1484,101403,77,404060
8568,0.000703,172.217.194.0-255,2902,104305,77,404060
8569,0.000707,172.31.40.0-255,66,104371,77,404060
8570,0.000712,172.217.194.0-255,4320,108691,77,404060
8571,0.000715,172.31.40.0-255,66,108757,77,404060
8572,0.000733,172.217.194.0-255,1484,110241,77,404060
8573,0.00074,172.217.194.0-255,7156,117397,77,404060
8574,0.000743,172.31.40.0-255,66,117463,77,404060
8575,0.00075,172.217.194.0-255,5738,123201,77,404060
8576,0.000752,172.31.40.0-255,66,123267,77,404060
8577,0.000777,172.217.194.0-255,8574,131841,77,404060
8578,0.00078,172.31.40.0-255,66,131907,77,404060
8579,0.000784,172.217.194.0-255,2184,134091,77,404060
8580,0.000786,172.31.40.0-255,66,134157,77,404060
8581,0.000841,172.217.194.0-255,1484,135641,77,404060
8582,0.000847,172.217.194.0-255,2902,138543,77,404060
8583,0.00085,172.31.40.0-255,66,138609,77,404060
8584,0.000856,172.217.194.0-255,5738,144347,77,404060
8585,0.000858,172.31.40.0-255,66,144413,77,404060
8586,0.00087,172.217.194.0-255,1484,145897,77,404060
8587,0.000896,172.217.194.0-255,11410,157307,77,404060
8588,0.000899,172.31.40.0-255,66,157373,77,404060
8589,0.000908,172.217.194.0-255,9992,167365,77,404060
8590,0.00091,172.31.40.0-255,66,167431,77,404060
8591,0.000958,172.217.194.0-255,766,168197,77,404060
8592,0.000984,172.217.194.0-255,1484,169681,77,404060
8593,0.000987,172.217.194.0-255,1484,171165,77,404060
8594,0.000997,172.217.194.0-255,1484,172649,77,404060
8595,0.001001,172.31.40.0-255,66,172715,77,404060
8596,0.001005,172.31.40.0-255,66,172781,77,404060
8597,0.001025,172.217.194.0-255,5738,178519,77,404060
8598,0.001027,172.31.40.0-255,66,178585,77,404060
8599,0.001033,172.217.194.0-255,4320,182905,77,404060
8600,0.001034,172.31.40.0-255,66,182971,77,404060
8601,0.001058,172.217.194.0-255,8574,191545,77,404060
8602,0.001061,172.31.40.0-255,66,191611,77,404060
8603,0.001067,172.217.194.0-255,5738,197349,77,404060
8604,0.00107,172.31.40.0-255,66,197415,77,404060
8605,0.001091,172.217.194.0-255,1484,198899,77,404060
8606,0.001123,172.217.194.0-255,3602,202501,77,404060
8607,0.001126,172.31.40.0-255,66,202567,77,404060
8608,0.001149,172.217.194.0-255,4320,206887,77,404060
8609,0.001152,172.31.40.0-255,66,206953,77,404060
8610,0.001159,172.217.194.0-255,5738,212691,77,404060
8611,0.001162,172.31.40.0-255,66,212757,77,404060
8612,0.001175,172.217.194.0-255,4320,217077,77,404060
8613,0.001178,172.31.40.0-255,66,217143,77,404060
8614,0.001196,172.217.194.0-255,8574,225717,77,404060
8615,0.001199,172.31.40.0-255,66,225783,77,404060
8616,0.001232,172.217.194.0-255,8574,234357,77,404060
8617,0.001235,172.31.40.0-255,66,234423,77,404060
8618,0.001239,172.217.194.0-255,2184,236607,77,404060
8619,0.001242,172.31.40.0-255,66,236673,77,404060
8620,0.001246,172.217.194.0-255,2902,239575,77,404060
8621,0.001248,172.31.40.0-255,66,239641,77,404060
8622,0.001254,172.217.194.0-255,7156,246797,77,404060
8623,0.001257,172.31.40.0-255,66,246863,77,404060
8624,0.00127,172.217.194.0-255,8574,255437,77,404060
8625,0.001273,172.31.40.0-255,66,255503,77,404060
8626,0.001291,172.217.194.0-255,7156,262659,77,404060
8627,0.001294,172.31.40.0-255,66,262725,77,404060
8628,0.001297,172.217.194.0-255,1484,264209,77,404060
8629,0.001329,172.217.194.0-255,9274,273483,77,404060
8630,0.001333,172.31.40.0-255,66,273549,77,404060
8631,0.001339,172.217.194.0-255,5738,279287,77,404060
8632,0.001341,172.31.40.0-255,66,279353,77,404060
8633,0.001358,172.217.194.0-255,5738,285091,77,404060
8634,0.00136,172.31.40.0-255,66,285157,77,404060
8635,0.001363,172.217.194.0-255,1484,286641,77,404060
8636,0.0014,172.31.40.0-255,66,286707,77,404060
8637,0.001414,172.217.194.0-255,3602,290309,77,404060
8638,0.001417,172.31.40.0-255,66,290375,77,404060
8639,0.001449,172.217.194.0-255,1484,291859,77,404060
8640,0.001454,172.217.194.0-255,2902,294761,77,404060
8641,0.001457,172.31.40.0-255,66,294827,77,404060
8642,0.001464,172.217.194.0-255,5738,300565,77,404060
8643,0.001467,172.31.40.0-255,66,300631,77,404060
8644,0.001473,172.217.194.0-255,5738,306369,77,404060
8645,0.001475,172.31.40.0-255,66,306435,77,404060
8646,0.001502,172.217.194.0-255,12828,319263,77,404060
8647,0.001506,172.31.40.0-255,66,319329,77,404060
8648,0.001511,172.217.194.0-255,4320,323649,77,404060
8649,0.001513,172.31.40.0-255,66,323715,77,404060
8650,0.001527,172.217.194.0-255,766,324481,77,404060
8651,0.001559,172.217.194.0-255,1484,325965,77,404060
8652,0.001562,172.31.40.0-255,66,326031,77,404060
8653,0.001567,172.217.194.0-255,2902,328933,77,404060
8654,0.00157,172.31.40.0-255,66,328999,77,404060
8655,0.001575,172.217.194.0-255,4320,333319,77,404060
8656,0.001577,172.31.40.0-255,66,333385,77,404060
8657,0.001606,172.217.194.0-255,1484,334869,77,404060
8658,0.001618,172.217.194.0-255,12828,347697,77,404060
8659,0.001621,172.31.40.0-255,66,347763,77,404060
8660,0.00163,172.217.194.0-255,9992,357755,77,404060
8661,0.001633,172.31.40.0-255,66,357821,77,404060
8662,0.001683,172.217.194.0-255,2184,360005,77,404060
8663,0.001686,172.31.40.0-255,66,360071,77,404060
8664,0.001689,172.217.194.0-255,2902,362973,77,404060
8665,0.001692,172.31.40.0-255,66,363039,77,404060
8666,0.001699,172.217.194.0-255,7156,370195,77,404060
8667,0.001701,172.31.40.0-255,66,370261,77,404060
8668,0.00171,172.217.194.0-255,8574,378835,77,404060
8669,0.001712,172.31.40.0-255,66,378901,77,404060
8670,0.001741,172.217.194.0-255,7156,386057,77,404060
8671,0.001744,172.31.40.0-255,66,386123,77,404060
8672,0.001751,172.217.194.0-255,6438,392561,77,404060
8673,0.001754,172.31.40.0-255,66,392627,77,404060
8674,0.001759,172.217.194.0-255,4320,396947,77,404060
8675,0.001761,172.31.40.0-255,66,397013,77,404060
8676,0.001785,172.217.194.0-255,2360,399373,77,404060
8677,0.001787,172.31.40.0-255,66,399439,77,404060
8678,0.00179,172.217.194.0-255,105,399544,77,404060
8679,0.004464,172.31.40.0-255,66,399610,77,404060
8680,0.004497,172.31.40.0-255,105,399715,77,404060
8681,0.006466,172.217.194.0-255,66,399781,77,404060
8682,0.052148,172.31.40.0-255,172,399953,77,404060
8683,0.052187,172.31.40.0-255,1119,401072,77,404060
8684,0.052249,172.31.40.0-255,1514,402586,77,404060
8685,0.052251,172.31.40.0-255,1276,403862,77,404060
8686,0.053649,104.244.42.0-255,66,403928,77,404060
8687,0.053768,104.244.42.0-255,66,403994,77,404060
8688,0.053772,104.244.42.0-255,66,404060,77,404060
8689,0.0,172.217.194.0-255,153,153,77,247121
8690,1.5e-05,172.31.40.0-255,66,219,77,247121
8691,2.1e-05,172.217.194.0-255,1484,1703,77,247121
8692,2.5e-05,172.31.40.0-255,66,1769,77,247121
8693,3e-05,172.217.194.0-255,2902,4671,77,247121
8694,3.4e-05,172.31.40.0-255,66,4737,77,247121
8695,4.9e-05,172.217.194.0-255,5738,10475,77,247121
8696,5.2e-05,172.31.40.0-255,66,10541,77,247121
8697,8.8e-05,172.217.194.0-255,3444,13985,77,247121
8698,9.1e-05,172.31.40.0-255,66,14051,77,247121
8699,9.7e-05,172.217.194.0-255,4320,18371,77,247121
8700,0.0001,172.31.40.0-255,66,18437,77,247121
8701,0.000107,172.217.194.0-255,7156,25593,77,247121
8702,0.00011,172.31.40.0-255,66,25659,77,247121
8703,0.000145,172.217.194.0-255,2902,28561,77,247121
8704,0.000148,172.31.40.0-255,66,28627,77,247121
8705,0.000152,172.217.194.0-255,2543,31170,77,247121
8706,0.000155,172.31.40.0-255,66,31236,77,247121
8707,0.000222,172.217.194.0-255,1484,32720,77,247121
8708,0.000225,172.31.40.0-255,66,32786,77,247121
8709,0.000254,172.217.194.0-255,2902,35688,77,247121
8710,0.000257,172.31.40.0-255,66,35754,77,247121
8711,0.000264,172.217.194.0-255,5738,41492,77,247121
8712,0.000266,172.31.40.0-255,66,41558,77,247121
8713,0.000274,172.217.194.0-255,1484,43042,77,247121
8714,0.000276,172.31.40.0-255,66,43108,77,247121
8715,0.000316,172.217.194.0-255,12469,55577,77,247121
8716,0.000318,172.31.40.0-255,66,55643,77,247121
8717,0.000324,172.217.194.0-255,4320,59963,77,247121
8718,0.000326,172.31.40.0-255,66,60029,77,247121
8719,0.000361,172.217.194.0-255,5661,65690,77,247121
8720,0.000365,172.31.40.0-255,66,65756,77,247121
8721,0.00039,172.217.194.0-255,116,65872,77,247121
8722,0.000408,172.217.194.0-255,377,66249,77,247121
8723,0.00063,172.217.194.0-255,1484,67733,77,247121
8724,0.000635,172.31.40.0-255,66,67799,77,247121
8725,0.000642,172.217.194.0-255,2902,70701,77,247121
8726,0.000645,172.31.40.0-255,66,70767,77,247121
8727,0.000657,172.217.194.0-255,5738,76505,77,247121
8728,0.00066,172.31.40.0-255,66,76571,77,247121
8729,0.000702,172.217.194.0-255,12828,89399,77,247121
8730,0.000712,172.217.194.0-255,9992,99391,77,247121
8731,0.000714,172.217.194.0-255,766,100157,77,247121
8732,0.000718,172.31.40.0-255,66,100223,77,247121
8733,0.000726,172.31.40.0-255,66,100289,77,247121
8734,0.001495,172.31.40.0-255,66,100355,77,247121
8735,0.00191,172.217.194.0-255,1484,101839,77,247121
8736,0.001921,172.217.194.0-255,2902,104741,77,247121
8737,0.001925,172.31.40.0-255,66,104807,77,247121
8738,0.001933,172.217.194.0-255,5738,110545,77,247121
8739,0.001936,172.31.40.0-255,66,110611,77,247121
8740,0.001965,172.217.194.0-255,12828,123439,77,247121
8741,0.001972,172.31.40.0-255,66,123505,77,247121
8742,0.001983,172.217.194.0-255,10692,134197,77,247121
8743,0.001984,172.31.40.0-255,66,134263,77,247121
8744,0.002057,172.217.194.0-255,1484,135747,77,247121
8745,0.002073,172.217.194.0-255,2902,138649,77,247121
8746,0.002076,172.31.40.0-255,66,138715,77,247121
8747,0.002083,172.217.194.0-255,5738,144453,77,247121
8748,0.002085,172.31.40.0-255,66,144519,77,247121
8749,0.002114,172.217.194.0-255,9992,154511,77,247121
8750,0.002116,172.31.40.0-255,66,154577,77,247121
8751,0.002143,172.217.194.0-255,2902,157479,77,247121
8752,0.002145,172.31.40.0-255,66,157545,77,247121
8753,0.002153,172.217.194.0-255,8574,166119,77,247121
8754,0.002156,172.31.40.0-255,66,166185,77,247121
8755,0.002172,172.217.194.0-255,12828,179013,77,247121
8756,0.002175,172.31.40.0-255,66,179079,77,247121
8757,0.002218,172.217.194.0-255,10692,189771,77,247121
8758,0.002221,172.31.40.0-255,66,189837,77,247121
8759,0.002231,172.217.194.0-255,12110,201947,77,247121
8760,0.002236,172.31.40.0-255,66,202013,77,247121
8761,0.002284,172.31.40.0-255,66,202079,77,247121
8762,0.002337,172.31.40.0-255,66,202145,77,247121
8763,0.002367,172.31.40.0-255,66,202211,77,247121
8764,0.002389,172.31.40.0-255,66,202277,77,247121
8765,0.002395,172.217.194.0-255,7156,209433,77,247121
8766,0.002397,172.31.40.0-255,66,209499,77,247121
8767,0.002453,172.31.40.0-255,66,209565,77,247121
8768,0.002472,172.31.40.0-255,66,209631,77,247121
8769,0.002497,172.217.194.0-255,6438,216069,77,247121
8770,0.0025,172.31.40.0-255,66,216135,77,247121
8771,0.002512,172.31.40.0-255,66,216201,77,247121
8772,0.002532,172.217.194.0-255,8574,224775,77,247121
8773,0.002538,172.31.40.0-255,66,224841,77,247121
8774,0.002543,172.217.194.0-255,4320,229161,77,247121
8775,0.002545,172.31.40.0-255,66,229227,77,247121
8776,0.002587,172.31.40.0-255,66,229293,77,247121
8777,0.002628,172.31.40.0-255,66,229359,77,247121
8778,0.00266,172.217.194.0-255,7856,237215,77,247121
8779,0.002663,172.31.40.0-255,66,237281,77,247121
8780,0.005234,172.217.194.0-255,5323,242604,77,247121
8781,0.005239,172.31.40.0-255,66,242670,77,247121
8782,0.007782,172.31.40.0-255,105,242775,77,247121
8783,0.010277,172.217.194.0-255,66,242841,77,247121
8784,0.029201,172.31.40.0-255,171,243012,77,247121
8785,0.029233,172.31.40.0-255,1144,244156,77,247121
8786,0.029295,172.31.40.0-255,1514,245670,77,247121
8787,0.029316,172.31.40.0-255,1253,246923,77,247121
8788,0.030724,104.244.42.0-255,66,246989,77,247121
8789,0.030755,104.244.42.0-255,66,247055,77,247121
8790,0.030812,104.244.42.0-255,66,247121,77,247121
8791,0.0,74.125.68.0-255,153,153,77,419268
8792,2e-05,172.31.40.0-255,66,219,77,419268
8793,2.7e-05,74.125.68.0-255,1484,1703,77,419268
8794,3.2e-05,172.31.40.0-255,66,1769,77,419268
8795,3.8e-05,74.125.68.0-255,2902,4671,77,419268
8796,4.3e-05,172.31.40.0-255,66,4737,77,419268
8797,4.9e-05,74.125.68.0-255,4320,9057,77,419268
8798,5.2e-05,172.31.40.0-255,66,9123,77,419268
8799,5.9e-05,74.125.68.0-255,4779,13902,77,419268
8800,6.1e-05,172.31.40.0-255,66,13968,77,419268
8801,0.000183,74.125.68.0-255,1484,15452,77,419268
8802,0.000187,172.31.40.0-255,66,15518,77,419268
8803,0.000192,74.125.68.0-255,2902,18420,77,419268
8804,0.000195,172.31.40.0-255,66,18486,77,419268
8805,0.000219,74.125.68.0-255,2902,21388,77,419268
8806,0.000223,172.31.40.0-255,66,21454,77,419268
8807,0.000242,74.125.68.0-255,2902,24356,77,419268
8808,0.000245,172.31.40.0-255,66,24422,77,419268
8809,0.000252,74.125.68.0-255,6797,31219,77,419268
8810,0.000255,172.31.40.0-255,66,31285,77,419268
8811,0.00026,74.125.68.0-255,2902,34187,77,419268
8812,0.000262,172.31.40.0-255,66,34253,77,419268
8813,0.000279,74.125.68.0-255,4320,38573,77,419268
8814,0.000281,172.31.40.0-255,66,38639,77,419268
8815,0.000284,74.125.68.0-255,1484,40123,77,419268
8816,0.000287,172.31.40.0-255,66,40189,77,419268
8817,0.000321,74.125.68.0-255,5738,45927,77,419268
8818,0.000324,172.31.40.0-255,66,45993,77,419268
8819,0.000332,74.125.68.0-255,8574,54567,77,419268
8820,0.000335,172.31.40.0-255,66,54633,77,419268
8821,0.000339,74.125.68.0-255,2902,57535,77,419268
8822,0.000341,172.31.40.0-255,66,57601,77,419268
8823,0.000366,74.125.68.0-255,7856,65457,77,419268
8824,0.000369,172.31.40.0-255,66,65523,77,419268
8825,0.000371,74.125.68.0-255,363,65886,77,419268
8826,0.000405,74.125.68.0-255,136,66022,77,419268
8827,0.00051,74.125.68.0-255,1484,67506,77,419268
8828,0.000514,172.31.40.0-255,66,67572,77,419268
8829,0.000529,74.125.68.0-255,2902,70474,77,419268
8830,0.000532,172.31.40.0-255,66,70540,77,419268
8831,0.000537,74.125.68.0-255,2902,73442,77,419268
8832,0.000539,172.31.40.0-255,66,73508,77,419268
8833,0.000542,74.125.68.0-255,1484,74992,77,419268
8834,0.00056,74.125.68.0-255,2902,77894,77,419268
8835,0.000564,172.31.40.0-255,66,77960,77,419268
8836,0.000577,74.125.68.0-255,1484,79444,77,419268
8837,0.0006,74.125.68.0-255,7051,86495,77,419268
8838,0.000603,172.31.40.0-255,66,86561,77,419268
8839,0.000607,74.125.68.0-255,2902,89463,77,419268
8840,0.000609,172.31.40.0-255,66,89529,77,419268
8841,0.000654,74.125.68.0-255,5738,95267,77,419268
8842,0.000658,172.31.40.0-255,66,95333,77,419268
8843,0.000674,74.125.68.0-255,5379,100712,77,419268
8844,0.000677,172.31.40.0-255,66,100778,77,419268
8845,0.001314,74.125.68.0-255,1484,102262,77,419268
8846,0.001321,74.125.68.0-255,1484,103746,77,419268
8847,0.001324,172.31.40.0-255,66,103812,77,419268
8848,0.001343,74.125.68.0-255,1484,105296,77,419268
8849,0.001345,74.125.68.0-255,1484,106780,77,419268
8850,0.00135,172.31.40.0-255,66,106846,77,419268
8851,0.001372,74.125.68.0-255,2902,109748,77,419268
8852,0.001375,172.31.40.0-255,66,109814,77,419268
8853,0.001382,74.125.68.0-255,5738,115552,77,419268
8854,0.001384,172.31.40.0-255,66,115618,77,419268
8855,0.001428,74.125.68.0-255,11410,127028,77,419268
8856,0.00143,172.31.40.0-255,66,127094,77,419268
8857,0.001476,74.125.68.0-255,7856,134950,77,419268
8858,0.00148,172.31.40.0-255,66,135016,77,419268
8859,0.001514,74.125.68.0-255,1484,136500,77,419268
8860,0.00152,74.125.68.0-255,2902,139402,77,419268
8861,0.001522,172.31.40.0-255,66,139468,77,419268
8862,0.001544,74.125.68.0-255,5738,145206,77,419268
8863,0.001547,172.31.40.0-255,66,145272,77,419268
8864,0.00155,74.125.68.0-255,1484,146756,77,419268
8865,0.001568,74.125.68.0-255,4320,151076,77,419268
8866,0.00157,172.31.40.0-255,66,151142,77,419268
8867,0.001577,74.125.68.0-255,7156,158298,77,419268
8868,0.001579,172.31.40.0-255,66,158364,77,419268
8869,0.001605,74.125.68.0-255,4320,162684,77,419268
8870,0.001607,172.31.40.0-255,66,162750,77,419268
8871,0.001624,74.125.68.0-255,6438,169188,77,419268
8872,0.001627,172.31.40.0-255,66,169254,77,419268
8873,0.001673,74.125.68.0-255,1484,170738,77,419268
8874,0.001697,74.125.68.0-255,1484,172222,77,419268
8875,0.0017,172.31.40.0-255,66,172288,77,419268
8876,0.001716,74.125.68.0-255,1484,173772,77,419268
8877,0.001721,74.125.68.0-255,2902,176674,77,419268
8878,0.001723,172.31.40.0-255,66,176740,77,419268
8879,0.001743,74.125.68.0-255,1484,178224,77,419268
8880,0.001752,74.125.68.0-255,8574,186798,77,419268
8881,0.001758,74.125.68.0-255,5738,192536,77,419268
8882,0.001762,172.31.40.0-255,66,192602,77,419268
8883,0.001765,172.31.40.0-255,66,192668,77,419268
8884,0.001781,74.125.68.0-255,7156,199824,77,419268
8885,0.001785,172.31.40.0-255,66,199890,77,419268
8886,0.001801,74.125.68.0-255,1484,201374,77,419268
8887,0.001815,74.125.68.0-255,2184,203558,77,419268
8888,0.001819,172.31.40.0-255,66,203624,77,419268
8889,0.002218,74.125.68.0-255,1484,205108,77,419268
8890,0.002238,74.125.68.0-255,2902,208010,77,419268
8891,0.002242,172.31.40.0-255,66,208076,77,419268
8892,0.00225,74.125.68.0-255,5738,213814,77,419268
8893,0.002252,172.31.40.0-255,66,213880,77,419268
8894,0.002258,74.125.68.0-255,4320,218200,77,419268
8895,0.002261,172.31.40.0-255,66,218266,77,419268
8896,0.002263,74.125.68.0-255,1484,219750,77,419268
8897,0.004515,74.125.68.0-255,4320,224070,77,419268
8898,0.004533,172.31.40.0-255,66,224136,77,419268
8899,0.006779,74.125.68.0-255,5738,229874,77,419268
8900,0.006788,172.31.40.0-255,66,229940,77,419268
8901,0.00905,74.125.68.0-255,5738,235678,77,419268
8902,0.009065,172.31.40.0-255,66,235744,77,419268
8903,0.011333,74.125.68.0-255,5738,241482,77,419268
8904,0.011351,172.31.40.0-255,66,241548,77,419268
8905,0.013611,74.125.68.0-255,5738,247286,77,419268
8906,0.013625,172.31.40.0-255,66,247352,77,419268
8907,0.015889,74.125.68.0-255,5738,253090,77,419268
8908,0.015907,172.31.40.0-255,66,253156,77,419268
8909,0.01817,74.125.68.0-255,5738,258894,77,419268
8910,0.018187,172.31.40.0-255,66,258960,77,419268
8911,0.020455,74.125.68.0-255,5738,264698,77,419268
8912,0.020474,172.31.40.0-255,66,264764,77,419268
8913,0.022745,74.125.68.0-255,5738,270502,77,419268
8914,0.022764,172.31.40.0-255,66,270568,77,419268
8915,0.025037,74.125.68.0-255,5738,276306,77,419268
8916,0.025057,172.31.40.0-255,66,276372,77,419268
8917,0.02732,74.125.68.0-255,5738,282110,77,419268
8918,0.027337,172.31.40.0-255,66,282176,77,419268
8919,0.029591,74.125.68.0-255,5738,287914,77,419268
8920,0.029607,172.31.40.0-255,66,287980,77,419268
8921,0.031875,74.125.68.0-255,5738,293718,77,419268
8922,0.031898,172.31.40.0-255,66,293784,77,419268
8923,0.034173,74.125.68.0-255,5738,299522,77,419268
8924,0.034193,172.31.40.0-255,66,299588,77,419268
8925,0.036575,74.125.68.0-255,5738,305326,77,419268
8926,0.036595,172.31.40.0-255,66,305392,77,419268
8927,0.038852,74.125.68.0-255,5738,311130,77,419268
8928,0.03888,172.31.40.0-255,66,311196,77,419268
8929,0.041151,74.125.68.0-255,5738,316934,77,419268
8930,0.041168,172.31.40.0-255,66,317000,77,419268
8931,0.043453,74.125.68.0-255,5738,322738,77,419268
8932,0.043477,172.31.40.0-255,66,322804,77,419268
8933,0.045744,74.125.68.0-255,5738,328542,77,419268
8934,0.045764,172.31.40.0-255,66,328608,77,419268
8935,0.047653,172.31.40.0-255,172,328780,77,419268
8936,0.047685,172.31.40.0-255,1119,329899,77,419268
8937,0.047752,172.31.40.0-255,1514,331413,77,419268
8938,0.047754,172.31.40.0-255,1276,332689,77,419268
8939,0.04802,74.125.68.0-255,5738,338427,77,419268
8940,0.04803,172.31.40.0-255,66,338493,77,419268
8941,0.049227,104.244.42.0-255,66,338559,77,419268
8942,0.049246,104.244.42.0-255,66,338625,77,419268
8943,0.049263,104.244.42.0-255,66,338691,77,419268
8944,0.050298,74.125.68.0-255,5738,344429,77,419268
8945,0.050317,172.31.40.0-255,66,344495,77,419268
8946,0.05259,74.125.68.0-255,5738,350233,77,419268
8947,0.052612,172.31.40.0-255,66,350299,77,419268
8948,0.054873,74.125.68.0-255,5738,356037,77,419268
8949,0.054898,172.31.40.0-255,66,356103,77,419268
8950,0.057172,74.125.68.0-255,5738,361841,77,419268
8951,0.057197,172.31.40.0-255,66,361907,77,419268
8952,0.059469,74.125.68.0-255,5738,367645,77,419268
8953,0.059492,172.31.40.0-255,66,367711,77,419268
8954,0.06176,74.125.68.0-255,5738,373449,77,419268
8955,0.06178,172.31.40.0-255,66,373515,77,419268
8956,0.064048,74.125.68.0-255,5738,379253,77,419268
8957,0.064068,172.31.40.0-255,66,379319,77,419268
8958,0.066341,74.125.68.0-255,5738,385057,77,419268
8959,0.066363,172.31.40.0-255,66,385123,77,419268
8960,0.068658,74.125.68.0-255,5738,390861,77,419268
8961,0.068683,172.31.40.0-255,66,390927,77,419268
8962,0.070958,74.125.68.0-255,5738,396665,77,419268
8963,0.070982,172.31.40.0-255,66,396731,77,419268
8964,0.073285,74.125.68.0-255,5738,402469,77,419268
8965,0.073309,172.31.40.0-255,66,402535,77,419268
8966,0.075587,74.125.68.0-255,5738,408273,77,419268
8967,0.07561,172.31.40.0-255,66,408339,77,419268
8968,0.077879,74.125.68.0-255,5738,414077,77,419268
8969,0.077904,172.31.40.0-255,66,414143,77,419268
8970,0.080176,74.125.68.0-255,4888,419031,77,419268
8971,0.080198,172.31.40.0-255,66,419097,77,419268
8972,0.0805,172.31.40.0-255,105,419202,77,419268
8973,0.082736,74.125.68.0-255,66,419268,77,419268
8974,0.0,74.125.200.0-255,147,147,77,421181
8975,3.1e-05,172.31.40.0-255,66,213,77,421181
8976,3.8e-05,74.125.200.0-255,1484,1697,77,421181
8977,4.1e-05,172.31.40.0-255,66,1763,77,421181
8978,4.4e-05,74.125.200.0-255,1484,3247,77,421181
8979,4.6e-05,172.31.40.0-255,66,3313,77,421181
8980,5.8e-05,74.125.200.0-255,2902,6215,77,421181
8981,6e-05,172.31.40.0-255,66,6281,77,421181
8982,6.5e-05,74.125.200.0-255,4320,10601,77,421181
8983,6.7e-05,172.31.40.0-255,66,10667,77,421181
8984,9.3e-05,74.125.200.0-255,1484,12151,77,421181
8985,9.5e-05,172.31.40.0-255,66,12217,77,421181
8986,0.000108,74.125.200.0-255,6182,18399,77,421181
8987,0.00011,172.31.40.0-255,66,18465,77,421181
8988,0.000116,74.125.200.0-255,7156,25621,77,421181
8989,0.000118,172.31.40.0-255,66,25687,77,421181
8990,0.000153,74.125.200.0-255,5379,31066,77,421181
8991,0.000156,172.31.40.0-255,66,31132,77,421181
8992,0.000225,74.125.200.0-255,1484,32616,77,421181
8993,0.000229,172.31.40.0-255,66,32682,77,421181
8994,0.000232,74.125.200.0-255,1484,34166,77,421181
8995,0.000234,172.31.40.0-255,66,34232,77,421181
8996,0.000257,74.125.200.0-255,2902,37134,77,421181
8997,0.00026,172.31.40.0-255,66,37200,77,421181
8998,0.000267,74.125.200.0-255,5738,42938,77,421181
8999,0.000269,172.31.40.0-255,66,43004,77,421181
9000,0.000308,74.125.200.0-255,6797,49801,77,421181
9001,0.000312,172.31.40.0-255,66,49867,77,421181
9002,0.000319,74.125.200.0-255,5738,55605,77,421181
9003,0.000322,172.31.40.0-255,66,55671,77,421181
9004,0.000345,74.125.200.0-255,1484,57155,77,421181
9005,0.000348,172.31.40.0-255,66,57221,77,421181
9006,0.000359,74.125.200.0-255,5738,62959,77,421181
9007,0.000362,172.31.40.0-255,66,63025,77,421181
9008,0.000384,74.125.200.0-255,2859,65884,77,421181
9009,0.000387,172.31.40.0-255,66,65950,77,421181
9010,0.000395,74.125.200.0-255,107,66057,77,421181
9011,0.000474,74.125.200.0-255,1484,67541,77,421181
9012,0.000478,172.31.40.0-255,66,67607,77,421181
9013,0.0005,74.125.200.0-255,2902,70509,77,421181
9014,0.000503,172.31.40.0-255,66,70575,77,421181
9015,0.000531,74.125.200.0-255,4320,74895,77,421181
9016,0.000535,172.31.40.0-255,66,74961,77,421181
9017,0.000538,74.125.200.0-255,1484,76445,77,421181
9018,0.000566,74.125.200.0-255,6797,83242,77,421181
9019,0.00057,172.31.40.0-255,66,83308,77,421181
9020,0.000594,74.125.200.0-255,2902,86210,77,421181
9021,0.000598,172.31.40.0-255,66,86276,77,421181
9022,0.000618,74.125.200.0-255,5738,92014,77,421181
9023,0.000621,172.31.40.0-255,66,92080,77,421181
9024,0.00065,74.125.200.0-255,4320,96400,77,421181
9025,0.000654,172.31.40.0-255,66,96466,77,421181
9026,0.000682,74.125.200.0-255,3961,100427,77,421181
9027,0.000685,172.31.40.0-255,66,100493,77,421181
9028,0.000746,74.125.200.0-255,1484,101977,77,421181
9029,0.00075,74.125.200.0-255,1484,103461,77,421181
9030,0.000753,172.31.40.0-255,66,103527,77,421181
9031,0.00078,74.125.200.0-255,1484,105011,77,421181
9032,0.000787,74.125.200.0-255,5738,110749,77,421181
9033,0.000791,172.31.40.0-255,66,110815,77,421181
9034,0.000849,74.125.200.0-255,8574,119389,77,421181
9035,0.000853,172.31.40.0-255,66,119455,77,421181
9036,0.000862,74.125.200.0-255,9992,129447,77,421181
9037,0.000874,172.31.40.0-255,66,129513,77,421181
9038,0.00088,74.125.200.0-255,5020,134533,77,421181
9039,0.000883,172.31.40.0-255,66,134599,77,421181
9040,0.000911,74.125.200.0-255,1484,136083,77,421181
9041,0.00092,74.125.200.0-255,2902,138985,77,421181
9042,0.000923,172.31.40.0-255,66,139051,77,421181
9043,0.000926,74.125.200.0-255,1484,140535,77,421181
9044,0.000954,74.125.200.0-255,4320,144855,77,421181
9045,0.000959,172.31.40.0-255,66,144921,77,421181
9046,0.000964,74.125.200.0-255,4320,149241,77,421181
9047,0.000966,172.31.40.0-255,66,149307,77,421181
9048,0.000977,74.125.200.0-255,5738,155045,77,421181
9049,0.00098,172.31.40.0-255,66,155111,77,421181
9050,0.000982,74.125.200.0-255,1484,156595,77,421181
9051,0.00102,74.125.200.0-255,9992,166587,77,421181
9052,0.001024,172.31.40.0-255,66,166653,77,421181
9053,0.001028,74.125.200.0-255,2184,168837,77,421181
9054,0.001031,172.31.40.0-255,66,168903,77,421181
9055,0.001033,74.125.200.0-255,331,169234,77,421181
9056,0.001187,74.125.200.0-255,1484,170718,77,421181
9057,0.001193,172.31.40.0-255,66,170784,77,421181
9058,0.001198,74.125.200.0-255,1484,172268,77,421181
9059,0.001227,74.125.200.0-255,2902,175170,77,421181
9060,0.00123,172.31.40.0-255,66,175236,77,421181
9061,0.001236,74.125.200.0-255,5738,180974,77,421181
9062,0.001239,172.31.40.0-255,66,181040,77,421181
9063,0.001258,74.125.200.0-255,4320,185360,77,421181
9064,0.00126,172.31.40.0-255,66,185426,77,421181
9065,0.001287,74.125.200.0-255,5738,191164,77,421181
9066,0.00129,172.31.40.0-255,66,191230,77,421181
9067,0.001299,74.125.200.0-255,11410,202640,77,421181
9068,0.001302,172.31.40.0-255,66,202706,77,421181
9069,0.001308,74.125.200.0-255,766,203472,77,421181
9070,0.002041,74.125.200.0-255,1484,204956,77,421181
9071,0.002044,172.31.40.0-255,66,205022,77,421181
9072,0.002061,74.125.200.0-255,2902,207924,77,421181
9073,0.002063,172.31.40.0-255,66,207990,77,421181
9074,0.002065,74.125.200.0-255,1484,209474,77,421181
9075,0.002068,74.125.200.0-255,1484,210958,77,421181
9076,0.00207,172.31.40.0-255,66,211024,77,421181
9077,0.0021,74.125.200.0-255,1484,212508,77,421181
9078,0.002106,74.125.200.0-255,5738,218246,77,421181
9079,0.002109,172.31.40.0-255,66,218312,77,421181
9080,0.002128,74.125.200.0-255,4320,222632,77,421181
9081,0.00213,172.31.40.0-255,66,222698,77,421181
9082,0.00216,74.125.200.0-255,5738,228436,77,421181
9083,0.002163,172.31.40.0-255,66,228502,77,421181
9084,0.002174,74.125.200.0-255,1484,229986,77,421181
9085,0.002194,74.125.200.0-255,7856,237842,77,421181
9086,0.002196,172.31.40.0-255,66,237908,77,421181
9087,0.002235,74.125.200.0-255,1484,239392,77,421181
9088,0.002248,74.125.200.0-255,1484,240876,77,421181
9089,0.00225,172.31.40.0-255,66,240942,77,421181
9090,0.002262,74.125.200.0-255,1484,242426,77,421181
9091,0.002271,74.125.200.0-255,4320,246746,77,421181
9092,0.002273,172.31.40.0-255,66,246812,77,421181
9093,0.002276,74.125.200.0-255,1484,248296,77,421181
9094,0.002303,74.125.200.0-255,4320,252616,77,421181
9095,0.002305,172.31.40.0-255,66,252682,77,421181
9096,0.00231,74.125.200.0-255,4320,257002,77,421181
9097,0.002313,172.31.40.0-255,66,257068,77,421181
9098,0.002344,74.125.200.0-255,7156,264224,77,421181
9099,0.002347,172.31.40.0-255,66,264290,77,421181
9100,0.002352,74.125.200.0-255,4320,268610,77,421181
9101,0.002354,172.31.40.0-255,66,268676,77,421181
9102,0.002387,74.125.200.0-255,3602,272278,77,421181
9103,0.002389,172.31.40.0-255,66,272344,77,421181
9104,0.002478,74.125.200.0-255,1484,273828,77,421181
9105,0.002483,74.125.200.0-255,1484,275312,77,421181
9106,0.002486,172.31.40.0-255,66,275378,77,421181
9107,0.002511,74.125.200.0-255,1484,276862,77,421181
9108,0.002516,74.125.200.0-255,4320,281182,77,421181
9109,0.002518,172.31.40.0-255,66,281248,77,421181
9110,0.002541,74.125.200.0-255,1484,282732,77,421181
9111,0.002558,74.125.200.0-255,1484,284216,77,421181
9112,0.00256,172.31.40.0-255,66,284282,77,421181
9113,0.002584,74.125.200.0-255,4320,288602,77,421181
9114,0.002587,172.31.40.0-255,66,288668,77,421181
9115,0.005048,74.125.200.0-255,1484,290152,77,421181
9116,0.005078,74.125.200.0-255,2902,293054,77,421181
9117,0.005082,172.31.40.0-255,66,293120,77,421181
9118,0.005133,74.125.200.0-255,1484,294604,77,421181
9119,0.007588,74.125.200.0-255,4320,298924,77,421181
9120,0.007593,172.31.40.0-255,66,298990,77,421181
9121,0.010119,74.125.200.0-255,5738,304728,77,421181
9122,0.01013,172.31.40.0-255,66,304794,77,421181
9123,0.01264,74.125.200.0-255,5738,310532,77,421181
9124,0.012646,172.31.40.0-255,66,310598,77,421181
9125,0.015148,74.125.200.0-255,5738,316336,77,421181
9126,0.015156,172.31.40.0-255,66,316402,77,421181
9127,0.017692,74.125.200.0-255,5738,322140,77,421181
9128,0.017701,172.31.40.0-255,66,322206,77,421181
9129,0.020223,74.125.200.0-255,5738,327944,77,421181
9130,0.020242,172.31.40.0-255,66,328010,77,421181
9131,0.02275,74.125.200.0-255,5738,333748,77,421181
9132,0.022758,172.31.40.0-255,66,333814,77,421181
9133,0.025273,74.125.200.0-255,5738,339552,77,421181
9134,0.025292,172.31.40.0-255,66,339618,77,421181
9135,0.027827,74.125.200.0-255,5738,345356,77,421181
9136,0.027846,172.31.40.0-255,66,345422,77,421181
9137,0.030349,74.125.200.0-255,5738,351160,77,421181
9138,0.030357,172.31.40.0-255,66,351226,77,421181
9139,0.031204,172.31.40.0-255,172,351398,77,421181
9140,0.031289,172.31.40.0-255,1119,352517,77,421181
9141,0.031363,172.31.40.0-255,1514,354031,77,421181
9142,0.031374,172.31.40.0-255,1276,355307,77,421181
9143,0.032722,104.244.42.0-255,66,355373,77,421181
9144,0.032811,104.244.42.0-255,66,355439,77,421181
9145,0.03286,74.125.200.0-255,5738,361177,77,421181
9146,0.03287,172.31.40.0-255,66,361243,77,421181
9147,0.032911,104.244.42.0-255,66,361309,77,421181
9148,0.035411,74.125.200.0-255,5738,367047,77,421181
9149,0.035427,172.31.40.0-255,66,367113,77,421181
9150,0.037969,74.125.200.0-255,5738,372851,77,421181
9151,0.03799,172.31.40.0-255,66,372917,77,421181
9152,0.040544,74.125.200.0-255,5738,378655,77,421181
9153,0.040561,172.31.40.0-255,66,378721,77,421181
9154,0.043102,74.125.200.0-255,5738,384459,77,421181
9155,0.043121,172.31.40.0-255,66,384525,77,421181
9156,0.045652,74.125.200.0-255,5738,390263,77,421181
9157,0.045669,172.31.40.0-255,66,390329,77,421181
9158,0.048211,74.125.200.0-255,5738,396067,77,421181
9159,0.048233,172.31.40.0-255,66,396133,77,421181
9160,0.050761,74.125.200.0-255,5738,401871,77,421181
9161,0.05078,172.31.40.0-255,66,401937,77,421181
9162,0.053303,74.125.200.0-255,5738,407675,77,421181
9163,0.05332,172.31.40.0-255,66,407741,77,421181
9164,0.055847,74.125.200.0-255,5738,413479,77,421181
9165,0.055865,172.31.40.0-255,66,413545,77,421181
9166,0.058459,74.125.200.0-255,5738,419283,77,421181
9167,0.05848,172.31.40.0-255,66,419349,77,421181
9168,0.060993,74.125.200.0-255,1595,420944,77,421181
9169,0.061013,172.31.40.0-255,66,421010,77,421181
9170,0.061325,172.31.40.0-255,105,421115,77,421181
9171,0.0638,74.125.200.0-255,66,421181,77,421181
9172,0.0,74.125.68.0-255,150,150,77,401332
9173,2.1e-05,172.31.40.0-255,66,216,77,401332
9174,2.9e-05,74.125.68.0-255,1484,1700,77,401332
9175,3.2e-05,172.31.40.0-255,66,1766,77,401332
9176,3.7e-05,74.125.68.0-255,2902,4668,77,401332
9177,4.1e-05,172.31.40.0-255,66,4734,77,401332
9178,4.7e-05,74.125.68.0-255,5738,10472,77,401332
9179,5e-05,172.31.40.0-255,66,10538,77,401332
9180,7.3e-05,74.125.68.0-255,6247,16785,77,401332
9181,7.6e-05,172.31.40.0-255,66,16851,77,401332
9182,9.3e-05,74.125.68.0-255,1484,18335,77,401332
9183,9.6e-05,172.31.40.0-255,66,18401,77,401332
9184,0.000116,74.125.68.0-255,7156,25557,77,401332
9185,0.000118,172.31.40.0-255,66,25623,77,401332
9186,0.000144,74.125.68.0-255,4320,29943,77,401332
9187,0.000146,172.31.40.0-255,66,30009,77,401332
9188,0.000156,74.125.68.0-255,1125,31134,77,401332
9189,0.000158,172.31.40.0-255,66,31200,77,401332
9190,0.000212,74.125.68.0-255,1484,32684,77,401332
9191,0.000215,172.31.40.0-255,66,32750,77,401332
9192,0.000218,74.125.68.0-255,1484,34234,77,401332
9193,0.000219,172.31.40.0-255,66,34300,77,401332
9194,0.000247,74.125.68.0-255,1484,35784,77,401332
9195,0.00025,172.31.40.0-255,66,35850,77,401332
9196,0.000256,74.125.68.0-255,5738,41588,77,401332
9197,0.000259,172.31.40.0-255,66,41654,77,401332
9198,0.000261,74.125.68.0-255,1484,43138,77,401332
9199,0.000263,172.31.40.0-255,66,43204,77,401332
9200,0.000287,74.125.68.0-255,5379,48583,77,401332
9201,0.00029,172.31.40.0-255,66,48649,77,401332
9202,0.000322,74.125.68.0-255,8574,57223,77,401332
9203,0.000325,172.31.40.0-255,66,57289,77,401332
9204,0.00035,74.125.68.0-255,5738,63027,77,401332
9205,0.000352,172.31.40.0-255,66,63093,77,401332
9206,0.000372,74.125.68.0-255,2849,65942,77,401332
9207,0.000374,172.31.40.0-255,66,66008,77,401332
9208,0.000376,74.125.68.0-255,116,66124,77,401332
9209,0.000458,74.125.68.0-255,1484,67608,77,401332
9210,0.000461,172.31.40.0-255,66,67674,77,401332
9211,0.000474,74.125.68.0-255,2902,70576,77,401332
9212,0.000477,172.31.40.0-255,66,70642,77,401332
9213,0.000479,74.125.68.0-255,1484,72126,77,401332
9214,0.000502,74.125.68.0-255,4320,76446,77,401332
9215,0.000504,172.31.40.0-255,66,76512,77,401332
9216,0.000508,74.125.68.0-255,2902,79414,77,401332
9217,0.00051,172.31.40.0-255,66,79480,77,401332
9218,0.000547,74.125.68.0-255,9992,89472,77,401332
9219,0.00055,172.31.40.0-255,66,89538,77,401332
9220,0.000576,74.125.68.0-255,2902,92440,77,401332
9221,0.000578,172.31.40.0-255,66,92506,77,401332
9222,0.000604,74.125.68.0-255,7856,100362,77,401332
9223,0.000607,172.31.40.0-255,66,100428,77,401332
9224,0.00061,74.125.68.0-255,331,100759,77,401332
9225,0.00072,74.125.68.0-255,1484,102243,77,401332
9226,0.000723,172.31.40.0-255,66,102309,77,401332
9227,0.000729,74.125.68.0-255,2902,105211,77,401332
9228,0.000731,172.31.40.0-255,66,105277,77,401332
9229,0.000752,74.125.68.0-255,4320,109597,77,401332
9230,0.000754,172.31.40.0-255,66,109663,77,401332
9231,0.000767,74.125.68.0-255,1484,111147,77,401332
9232,0.000775,74.125.68.0-255,7156,118303,77,401332
9233,0.000776,172.31.40.0-255,66,118369,77,401332
9234,0.000822,172.31.40.0-255,66,118435,77,401332
9235,0.000851,74.125.68.0-255,2184,120619,77,401332
9236,0.000854,172.31.40.0-255,66,120685,77,401332
9237,0.000989,74.125.68.0-255,1484,122169,77,401332
9238,0.001007,74.125.68.0-255,2902,125071,77,401332
9239,0.00101,172.31.40.0-255,66,125137,77,401332
9240,0.001016,74.125.68.0-255,4320,129457,77,401332
9241,0.001019,172.31.40.0-255,66,129523,77,401332
9242,0.001059,74.125.68.0-255,8574,138097,77,401332
9243,0.001064,172.31.40.0-255,66,138163,77,401332
9244,0.001071,74.125.68.0-255,7156,145319,77,401332
9245,0.001073,172.31.40.0-255,66,145385,77,401332
9246,0.001081,74.125.68.0-255,8574,153959,77,401332
9247,0.001085,172.31.40.0-255,66,154025,77,401332
9248,0.0011,74.125.68.0-255,766,154791,77,401332
9249,0.001203,74.125.68.0-255,1484,156275,77,401332
9250,0.001206,172.31.40.0-255,66,156341,77,401332
9251,0.001212,74.125.68.0-255,2902,159243,77,401332
9252,0.001214,172.31.40.0-255,66,159309,77,401332
9253,0.001242,74.125.68.0-255,5738,165047,77,401332
9254,0.001245,172.31.40.0-255,66,165113,77,401332
9255,0.001263,74.125.68.0-255,7156,172269,77,401332
9256,0.001267,172.31.40.0-255,66,172335,77,401332
9257,0.001288,74.125.68.0-255,5738,178073,77,401332
9258,0.00129,172.31.40.0-255,66,178139,77,401332
9259,0.001313,74.125.68.0-255,4320,182459,77,401332
9260,0.001316,172.31.40.0-255,66,182525,77,401332
9261,0.001347,74.125.68.0-255,7856,190381,77,401332
9262,0.00135,172.31.40.0-255,66,190447,77,401332
9263,0.001361,74.125.68.0-255,12828,203275,77,401332
9264,0.001364,172.31.40.0-255,66,203341,77,401332
9265,0.001371,74.125.68.0-255,8574,211915,77,401332
9266,0.001374,172.31.40.0-255,66,211981,77,401332
9267,0.001395,74.125.68.0-255,4320,216301,77,401332
9268,0.001397,172.31.40.0-255,66,216367,77,401332
9269,0.001412,74.125.68.0-255,5738,222105,77,401332
9270,0.001415,172.31.40.0-255,66,222171,77,401332
9271,0.001417,74.125.68.0-255,766,222937,77,401332
9272,0.001562,74.125.68.0-255,1484,224421,77,401332
9273,0.001567,172.31.40.0-255,66,224487,77,401332
9274,0.001572,74.125.68.0-255,2902,227389,77,401332
9275,0.001574,172.31.40.0-255,66,227455,77,401332
9276,0.001594,74.125.68.0-255,2902,230357,77,401332
9277,0.001597,172.31.40.0-255,66,230423,77,401332
9278,0.001617,74.125.68.0-255,2902,233325,77,401332
9279,0.00162,172.31.40.0-255,66,233391,77,401332
9280,0.001633,74.125.68.0-255,7156,240547,77,401332
9281,0.001635,172.31.40.0-255,66,240613,77,401332
9282,0.00164,74.125.68.0-255,2902,243515,77,401332
9283,0.001641,172.31.40.0-255,66,243581,77,401332
9284,0.001669,74.125.68.0-255,5738,249319,77,401332
9285,0.001672,172.31.40.0-255,66,249385,77,401332
9286,0.001677,74.125.68.0-255,5738,255123,77,401332
9287,0.001679,172.31.40.0-255,66,255189,77,401332
9288,0.001735,74.125.68.0-255,2184,257373,77,401332
9289,0.001738,74.125.68.0-255,2902,260275,77,401332
9290,0.001742,172.31.40.0-255,66,260341,77,401332
9291,0.001745,172.31.40.0-255,66,260407,77,401332
9292,0.001755,74.125.68.0-255,1484,261891,77,401332
9293,0.00177,74.125.68.0-255,2902,264793,77,401332
9294,0.001784,74.125.68.0-255,2902,267695,77,401332
9295,0.001789,74.125.68.0-255,2902,270597,77,401332
9296,0.001793,74.125.68.0-255,4320,274917,77,401332
9297,0.001801,172.31.40.0-255,66,274983,77,401332
9298,0.001828,74.125.68.0-255,8574,283557,77,401332
9299,0.001847,74.125.68.0-255,5738,289295,77,401332
9300,0.001865,74.125.68.0-255,6438,295733,77,401332
9301,0.001867,74.125.68.0-255,1484,297217,77,401332
9302,0.001883,74.125.68.0-255,1484,298701,77,401332
9303,0.001903,74.125.68.0-255,8574,307275,77,401332
9304,0.001916,74.125.68.0-255,2902,310177,77,401332
9305,0.001921,74.125.68.0-255,4320,314497,77,401332
9306,0.001938,74.125.68.0-255,4320,318817,77,401332
9307,0.001976,74.125.68.0-255,2902,321719,77,401332
9308,0.001991,74.125.68.0-255,3602,325321,77,401332
9309,0.002013,74.125.68.0-255,1484,326805,77,401332
9310,0.002038,74.125.68.0-255,5738,332543,77,401332
9311,0.002047,74.125.68.0-255,8574,341117,77,401332
9312,0.002074,74.125.68.0-255,2902,344019,77,401332
9313,0.002099,74.125.68.0-255,9992,354011,77,401332
9314,0.00213,74.125.68.0-255,5020,359031,77,401332
9315,0.002179,74.125.68.0-255,5738,364769,77,401332
9316,0.002204,74.125.68.0-255,7156,371925,77,401332
9317,0.002233,74.125.68.0-255,7156,379081,77,401332
9318,0.002252,74.125.68.0-255,5738,384819,77,401332
9319,0.002284,74.125.68.0-255,7856,392675,77,401332
9320,0.002322,74.125.68.0-255,1484,394159,77,401332
9321,0.002356,74.125.68.0-255,5395,399554,77,401332
9322,0.006335,172.31.40.0-255,66,399620,77,401332
9323,0.008631,74.125.68.0-255,105,399725,77,401332
9324,0.008848,172.31.40.0-255,66,399791,77,401332
9325,0.008883,172.31.40.0-255,105,399896,77,401332
9326,0.011158,74.125.68.0-255,66,399962,77,401332
9327,0.039588,172.31.40.0-255,172,400134,77,401332
9328,0.03962,172.31.40.0-255,1066,401200,77,401332
9329,0.041151,104.244.42.0-255,66,401266,77,401332
9330,0.041174,104.244.42.0-255,66,401332,77,401332
9331,0.0,172.217.26.0-255,215,215,77,384943
9332,1.2e-05,172.31.40.0-255,66,281,77,384943
9333,2.6e-05,172.217.26.0-255,1484,1765,77,384943
9334,3.1e-05,172.31.40.0-255,66,1831,77,384943
9335,4.7e-05,172.217.26.0-255,2902,4733,77,384943
9336,5e-05,172.31.40.0-255,66,4799,77,384943
9337,5.6e-05,172.217.26.0-255,4320,9119,77,384943
9338,5.9e-05,172.31.40.0-255,66,9185,77,384943
9339,6.3e-05,172.217.26.0-255,2902,12087,77,384943
9340,6.6e-05,172.31.40.0-255,66,12153,77,384943
9341,8.2e-05,172.217.26.0-255,1785,13938,77,384943
9342,8.5e-05,172.31.40.0-255,66,14004,77,384943
9343,9.1e-05,172.217.26.0-255,5738,19742,77,384943
9344,9.4e-05,172.31.40.0-255,66,19808,77,384943
9345,0.000128,172.217.26.0-255,4320,24128,77,384943
9346,0.00013,172.31.40.0-255,66,24194,77,384943
9347,0.000154,172.217.26.0-255,6797,30991,77,384943
9348,0.000156,172.31.40.0-255,66,31057,77,384943
9349,0.000221,172.217.26.0-255,1484,32541,77,384943
9350,0.000224,172.31.40.0-255,66,32607,77,384943
9351,0.000247,172.217.26.0-255,2902,35509,77,384943
9352,0.00025,172.31.40.0-255,66,35575,77,384943
9353,0.000256,172.217.26.0-255,5738,41313,77,384943
9354,0.000258,172.31.40.0-255,66,41379,77,384943
9355,0.000297,172.217.26.0-255,11051,52430,77,384943
9356,0.0003,172.31.40.0-255,66,52496,77,384943
9357,0.00031,172.217.26.0-255,11410,63906,77,384943
9358,0.000312,172.31.40.0-255,66,63972,77,384943
9359,0.000315,172.217.26.0-255,1431,65403,77,384943
9360,0.000317,172.31.40.0-255,66,65469,77,384943
9361,0.001054,172.217.26.0-255,117,65586,77,384943
9362,0.00106,172.31.40.0-255,66,65652,77,384943
9363,0.001168,172.217.26.0-255,1484,67136,77,384943
9364,0.001176,172.217.26.0-255,2902,70038,77,384943
9365,0.001179,172.31.40.0-255,66,70104,77,384943
9366,0.001199,172.217.26.0-255,4320,74424,77,384943
9367,0.001201,172.31.40.0-255,66,74490,77,384943
9368,0.001205,172.217.26.0-255,1484,75974,77,384943
9369,0.001226,172.217.26.0-255,8215,84189,77,384943
9370,0.001229,172.31.40.0-255,66,84255,77,384943
9371,0.001232,172.217.26.0-255,1484,85739,77,384943
9372,0.001252,172.217.26.0-255,9992,95731,77,384943
9373,0.001254,172.31.40.0-255,66,95797,77,384943
9374,0.001276,172.217.26.0-255,2902,98699,77,384943
9375,0.001279,172.31.40.0-255,66,98765,77,384943
9376,0.001282,172.217.26.0-255,1125,99890,77,384943
9377,0.001687,172.217.26.0-255,1484,101374,77,384943
9378,0.001693,172.31.40.0-255,66,101440,77,384943
9379,0.001701,172.217.26.0-255,2902,104342,77,384943
9380,0.001703,172.31.40.0-255,66,104408,77,384943
9381,0.001709,172.217.26.0-255,5738,110146,77,384943
9382,0.001711,172.31.40.0-255,66,110212,77,384943
9383,0.001746,172.217.26.0-255,12828,123040,77,384943
9384,0.001749,172.31.40.0-255,66,123106,77,384943
9385,0.00176,172.217.26.0-255,10692,133798,77,384943
9386,0.001761,172.31.40.0-255,66,133864,77,384943
9387,0.001804,172.217.26.0-255,1484,135348,77,384943
9388,0.001816,172.217.26.0-255,2902,138250,77,384943
9389,0.00182,172.31.40.0-255,66,138316,77,384943
9390,0.001827,172.217.26.0-255,5738,144054,77,384943
9391,0.001829,172.31.40.0-255,66,144120,77,384943
9392,0.001832,172.217.26.0-255,1484,145604,77,384943
9393,0.001856,172.217.26.0-255,5738,151342,77,384943
9394,0.001859,172.31.40.0-255,66,151408,77,384943
9395,0.001868,172.217.26.0-255,8574,159982,77,384943
9396,0.00187,172.31.40.0-255,66,160048,77,384943
9397,0.001937,172.217.26.0-255,2902,162950,77,384943
9398,0.00194,172.31.40.0-255,66,163016,77,384943
9399,0.001974,172.31.40.0-255,66,163082,77,384943
9400,0.001992,172.31.40.0-255,66,163148,77,384943
9401,0.001998,172.217.26.0-255,5020,168168,77,384943
9402,0.002,172.31.40.0-255,66,168234,77,384943
9403,0.003975,172.217.26.0-255,5738,173972,77,384943
9404,0.003984,172.31.40.0-255,66,174038,77,384943
9405,0.005975,172.217.26.0-255,5738,179776,77,384943
9406,0.005982,172.31.40.0-255,66,179842,77,384943
9407,0.007972,172.217.26.0-255,5738,185580,77,384943
9408,0.007977,172.31.40.0-255,66,185646,77,384943
9409,0.009971,172.217.26.0-255,5738,191384,77,384943
9410,0.00998,172.31.40.0-255,66,191450,77,384943
9411,0.011987,172.217.26.0-255,5738,197188,77,384943
9412,0.011994,172.31.40.0-255,66,197254,77,384943
9413,0.013987,172.217.26.0-255,5738,202992,77,384943
9414,0.013993,172.31.40.0-255,66,203058,77,384943
9415,0.015991,172.217.26.0-255,5738,208796,77,384943
9416,0.015998,172.31.40.0-255,66,208862,77,384943
9417,0.018008,172.217.26.0-255,5738,214600,77,384943
9418,0.018016,172.31.40.0-255,66,214666,77,384943
9419,0.020007,172.217.26.0-255,5738,220404,77,384943
9420,0.020016,172.31.40.0-255,66,220470,77,384943
9421,0.022015,172.217.26.0-255,5738,226208,77,384943
9422,0.022024,172.31.40.0-255,66,226274,77,384943
9423,0.02402,172.217.26.0-255,5738,232012,77,384943
9424,0.024027,172.31.40.0-255,66,232078,77,384943
9425,0.026027,172.217.26.0-255,5738,237816,77,384943
9426,0.026035,172.31.40.0-255,66,237882,77,384943
9427,0.028029,172.217.26.0-255,5738,243620,77,384943
9428,0.028037,172.31.40.0-255,66,243686,77,384943
9429,0.030032,172.217.26.0-255,5738,249424,77,384943
9430,0.03004,172.31.40.0-255,66,249490,77,384943
9431,0.032029,172.217.26.0-255,5738,255228,77,384943
9432,0.032037,172.31.40.0-255,66,255294,77,384943
9433,0.034023,172.217.26.0-255,5738,261032,77,384943
9434,0.034029,172.31.40.0-255,66,261098,77,384943
9435,0.034913,172.31.40.0-255,172,261270,77,384943
9436,0.034941,172.31.40.0-255,1119,262389,77,384943
9437,0.034991,172.31.40.0-255,1514,263903,77,384943
9438,0.034993,172.31.40.0-255,1276,265179,77,384943
9439,0.036025,172.217.26.0-255,5738,270917,77,384943
9440,0.03603,172.31.40.0-255,66,270983,77,384943
9441,0.03647,104.244.42.0-255,66,271049,77,384943
9442,0.036498,104.244.42.0-255,66,271115,77,384943
9443,0.036553,104.244.42.0-255,66,271181,77,384943
9444,0.038027,172.217.26.0-255,5738,276919,77,384943
9445,0.038033,172.31.40.0-255,66,276985,77,384943
9446,0.040041,172.217.26.0-255,5738,282723,77,384943
9447,0.040049,172.31.40.0-255,66,282789,77,384943
9448,0.042035,172.217.26.0-255,5738,288527,77,384943
9449,0.04204,172.31.40.0-255,66,288593,77,384943
9450,0.044038,172.217.26.0-255,5738,294331,77,384943
9451,0.044044,172.31.40.0-255,66,294397,77,384943
9452,0.046038,172.217.26.0-255,5738,300135,77,384943
9453,0.046045,172.31.40.0-255,66,300201,77,384943
9454,0.048039,172.217.26.0-255,5738,305939,77,384943
9455,0.048045,172.31.40.0-255,66,306005,77,384943
9456,0.050052,172.217.26.0-255,5738,311743,77,384943
9457,0.050059,172.31.40.0-255,66,311809,77,384943
9458,0.052045,172.217.26.0-255,5738,317547,77,384943
9459,0.05205,172.31.40.0-255,66,317613,77,384943
9460,0.054082,172.217.26.0-255,5738,323351,77,384943
9461,0.054088,172.31.40.0-255,66,323417,77,384943
9462,0.056113,172.217.26.0-255,5738,329155,77,384943
9463,0.056119,172.31.40.0-255,66,329221,77,384943
9464,0.058123,172.217.26.0-255,5738,334959,77,384943
9465,0.058129,172.31.40.0-255,66,335025,77,384943
9466,0.060122,172.217.26.0-255,5738,340763,77,384943
9467,0.060128,172.31.40.0-255,66,340829,77,384943
9468,0.062115,172.217.26.0-255,5738,346567,77,384943
9469,0.062123,172.31.40.0-255,66,346633,77,384943
9470,0.064117,172.217.26.0-255,5738,352371,77,384943
9471,0.064122,172.31.40.0-255,66,352437,77,384943
9472,0.066119,172.217.26.0-255,5738,358175,77,384943
9473,0.066125,172.31.40.0-255,66,358241,77,384943
9474,0.068121,172.217.26.0-255,5738,363979,77,384943
9475,0.068128,172.31.40.0-255,66,364045,77,384943
9476,0.070118,172.217.26.0-255,5738,369783,77,384943
9477,0.070125,172.31.40.0-255,66,369849,77,384943
9478,0.072127,172.217.26.0-255,5738,375587,77,384943
9479,0.072133,172.31.40.0-255,66,375653,77,384943
9480,0.074128,172.217.26.0-255,5738,381391,77,384943
9481,0.074134,172.31.40.0-255,66,381457,77,384943
9482,0.076116,172.217.26.0-255,3249,384706,77,384943
9483,0.076122,172.31.40.0-255,66,384772,77,384943
9484,0.076292,172.31.40.0-255,105,384877,77,384943
9485,0.07824,172.217.26.0-255,66,384943,77,384943
9486,0.0,74.125.24.0-255,153,153,77,401850
9487,2e-05,172.31.40.0-255,66,219,77,401850
9488,2.6e-05,74.125.24.0-255,1484,1703,77,401850
9489,3.1e-05,172.31.40.0-255,66,1769,77,401850
9490,3.6e-05,74.125.24.0-255,2902,4671,77,401850
9491,3.9e-05,172.31.40.0-255,66,4737,77,401850
9492,4.2e-05,74.125.24.0-255,1484,6221,77,401850
9493,4.6e-05,172.31.40.0-255,66,6287,77,401850
9494,7.7e-05,74.125.24.0-255,7156,13443,77,401850
9495,8e-05,172.31.40.0-255,66,13509,77,401850
9496,0.0001,74.125.24.0-255,2101,15610,77,401850
9497,0.000103,172.31.40.0-255,66,15676,77,401850
9498,0.00012,74.125.24.0-255,1484,17160,77,401850
9499,0.000123,172.31.40.0-255,66,17226,77,401850
9500,0.000144,74.125.24.0-255,8574,25800,77,401850
9501,0.000147,172.31.40.0-255,66,25866,77,401850
9502,0.000173,74.125.24.0-255,5379,31245,77,401850
9503,0.000176,172.31.40.0-255,66,31311,77,401850
9504,0.000202,74.125.24.0-255,1484,32795,77,401850
9505,0.000204,172.31.40.0-255,66,32861,77,401850
9506,0.00021,74.125.24.0-255,2902,35763,77,401850
9507,0.000212,172.31.40.0-255,66,35829,77,401850
9508,0.000224,74.125.24.0-255,1484,37313,77,401850
9509,0.000227,172.31.40.0-255,66,37379,77,401850
9510,0.00025,74.125.24.0-255,4320,41699,77,401850
9511,0.000252,172.31.40.0-255,66,41765,77,401850
9512,0.000269,74.125.24.0-255,2902,44667,77,401850
9513,0.000271,172.31.40.0-255,66,44733,77,401850
9514,0.000309,74.125.24.0-255,11051,55784,77,401850
9515,0.000312,172.31.40.0-255,66,55850,77,401850
9516,0.000321,74.125.24.0-255,7156,63006,77,401850
9517,0.000323,172.31.40.0-255,66,63072,77,401850
9518,0.000354,74.125.24.0-255,2869,65941,77,401850
9519,0.000357,172.31.40.0-255,66,66007,77,401850
9520,0.000375,74.125.24.0-255,117,66124,77,401850
9521,0.00039,74.125.24.0-255,331,66455,77,401850
9522,0.000599,74.125.24.0-255,1484,67939,77,401850
9523,0.000603,172.31.40.0-255,66,68005,77,401850
9524,0.000624,74.125.24.0-255,2902,70907,77,401850
9525,0.000627,172.31.40.0-255,66,70973,77,401850
9526,0.000647,74.125.24.0-255,4320,75293,77,401850
9527,0.00065,172.31.40.0-255,66,75359,77,401850
9528,0.000672,74.125.24.0-255,8574,83933,77,401850
9529,0.000675,172.31.40.0-255,66,83999,77,401850
9530,0.000693,74.125.24.0-255,1125,85124,77,401850
9531,0.000697,74.125.24.0-255,2902,88026,77,401850
9532,0.000699,172.31.40.0-255,66,88092,77,401850
9533,0.000733,74.125.24.0-255,9992,98084,77,401850
9534,0.000736,172.31.40.0-255,66,98150,77,401850
9535,0.000756,74.125.24.0-255,2543,100693,77,401850
9536,0.000759,172.31.40.0-255,66,100759,77,401850
9537,0.001164,74.125.24.0-255,1484,102243,77,401850
9538,0.001191,74.125.24.0-255,2902,105145,77,401850
9539,0.001195,172.31.40.0-255,66,105211,77,401850
9540,0.001203,74.125.24.0-255,5738,110949,77,401850
9541,0.001205,172.31.40.0-255,66,111015,77,401850
9542,0.001217,74.125.24.0-255,12828,123843,77,401850
9543,0.00122,172.31.40.0-255,66,123909,77,401850
9544,0.001262,74.125.24.0-255,8574,132483,77,401850
9545,0.001265,172.31.40.0-255,66,132549,77,401850
9546,0.001284,74.125.24.0-255,2184,134733,77,401850
9547,0.001288,172.31.40.0-255,66,134799,77,401850
9548,0.001542,172.31.40.0-255,101,134900,77,401850
9549,0.001755,74.125.24.0-255,1484,136384,77,401850
9550,0.001759,74.125.24.0-255,1484,137868,77,401850
9551,0.001763,172.31.40.0-255,66,137934,77,401850
9552,0.001777,74.125.24.0-255,1484,139418,77,401850
9553,0.00178,74.125.24.0-255,1484,140902,77,401850
9554,0.001782,172.31.40.0-255,66,140968,77,401850
9555,0.001806,74.125.24.0-255,4320,145288,77,401850
9556,0.001809,172.31.40.0-255,66,145354,77,401850
9557,0.001819,74.125.24.0-255,9992,155346,77,401850
9558,0.001821,172.31.40.0-255,66,155412,77,401850
9559,0.001835,74.125.24.0-255,2902,158314,77,401850
9560,0.001837,172.31.40.0-255,66,158380,77,401850
9561,0.001854,74.125.24.0-255,2902,161282,77,401850
9562,0.001857,172.31.40.0-255,66,161348,77,401850
9563,0.001875,74.125.24.0-255,7856,169204,77,401850
9564,0.001877,172.31.40.0-255,66,169270,77,401850
9565,0.001895,74.125.24.0-255,2902,172172,77,401850
9566,0.001898,172.31.40.0-255,66,172238,77,401850
9567,0.001932,74.125.24.0-255,8574,180812,77,401850
9568,0.001935,172.31.40.0-255,66,180878,77,401850
9569,0.001944,74.125.24.0-255,8574,189452,77,401850
9570,0.001948,172.31.40.0-255,66,189518,77,401850
9571,0.002011,74.125.24.0-255,13528,203046,77,401850
9572,0.002014,172.31.40.0-255,66,203112,77,401850
9573,0.002032,74.125.24.0-255,1484,204596,77,401850
9574,0.002037,74.125.24.0-255,2902,207498,77,401850
9575,0.002039,172.31.40.0-255,66,207564,77,401850
9576,0.002061,74.125.24.0-255,5738,213302,77,401850
9577,0.002064,172.31.40.0-255,66,213368,77,401850
9578,0.00207,74.125.24.0-255,5738,219106,77,401850
9579,0.002073,172.31.40.0-255,66,219172,77,401850
9580,0.002088,74.125.24.0-255,4320,223492,77,401850
9581,0.00209,172.31.40.0-255,66,223558,77,401850
9582,0.002125,74.125.24.0-255,7156,230714,77,401850
9583,0.002129,172.31.40.0-255,66,230780,77,401850
9584,0.002152,74.125.24.0-255,6438,237218,77,401850
9585,0.002155,172.31.40.0-255,66,237284,77,401850
9586,0.002172,74.125.24.0-255,4320,241604,77,401850
9587,0.002175,172.31.40.0-255,66,241670,77,401850
9588,0.002205,74.125.24.0-255,9992,251662,77,401850
9589,0.002208,172.31.40.0-255,66,251728,77,401850
9590,0.002216,74.125.24.0-255,1484,253212,77,401850
9591,0.002233,74.125.24.0-255,766,253978,77,401850
9592,0.002254,172.31.40.0-255,66,254044,77,401850
9593,0.004075,74.125.24.0-255,66,254110,77,401850
9594,0.004805,74.125.24.0-255,5738,259848,77,401850
9595,0.004811,172.31.40.0-255,66,259914,77,401850
9596,0.007327,74.125.24.0-255,5738,265652,77,401850
9597,0.00733,172.31.40.0-255,66,265718,77,401850
9598,0.009866,74.125.24.0-255,5738,271456,77,401850
9599,0.009873,172.31.40.0-255,66,271522,77,401850
9600,0.012428,74.125.24.0-255,5738,277260,77,401850
9601,0.012443,172.31.40.0-255,66,277326,77,401850
9602,0.015026,74.125.24.0-255,5738,283064,77,401850
9603,0.015043,172.31.40.0-255,66,283130,77,401850
9604,0.017623,74.125.24.0-255,5738,288868,77,401850
9605,0.017638,172.31.40.0-255,66,288934,77,401850
9606,0.020174,74.125.24.0-255,5738,294672,77,401850
9607,0.020187,172.31.40.0-255,66,294738,77,401850
9608,0.022729,74.125.24.0-255,5738,300476,77,401850
9609,0.02274,172.31.40.0-255,66,300542,77,401850
9610,0.025333,74.125.24.0-255,5738,306280,77,401850
9611,0.025342,172.31.40.0-255,66,306346,77,401850
9612,0.027901,74.125.24.0-255,5738,312084,77,401850
9613,0.027914,172.31.40.0-255,66,312150,77,401850
9614,0.030467,74.125.24.0-255,5738,317888,77,401850
9615,0.030482,172.31.40.0-255,66,317954,77,401850
9616,0.033029,74.125.24.0-255,5738,323692,77,401850
9617,0.03304,172.31.40.0-255,66,323758,77,401850
9618,0.035631,74.125.24.0-255,5738,329496,77,401850
9619,0.03565,172.31.40.0-255,66,329562,77,401850
9620,0.038184,74.125.24.0-255,5738,335300,77,401850
9621,0.038191,172.31.40.0-255,66,335366,77,401850
9622,0.040772,74.125.24.0-255,5738,341104,77,401850
9623,0.040785,172.31.40.0-255,66,341170,77,401850
9624,0.043376,74.125.24.0-255,5738,346908,77,401850
9625,0.043387,172.31.40.0-255,66,346974,77,401850
9626,0.045944,74.125.24.0-255,5738,352712,77,401850
9627,0.045952,172.31.40.0-255,66,352778,77,401850
9628,0.048566,74.125.24.0-255,5738,358516,77,401850
9629,0.048585,172.31.40.0-255,66,358582,77,401850
9630,0.05115,74.125.24.0-255,5738,364320,77,401850
9631,0.051158,172.31.40.0-255,66,364386,77,401850
9632,0.053716,74.125.24.0-255,5738,370124,77,401850
9633,0.053725,172.31.40.0-255,66,370190,77,401850
9634,0.056284,74.125.24.0-255,5738,375928,77,401850
9635,0.056296,172.31.40.0-255,66,375994,77,401850
9636,0.05654,172.31.40.0-255,171,376165,77,401850
9637,0.056576,172.31.40.0-255,1145,377310,77,401850
9638,0.056701,172.31.40.0-255,1514,378824,77,401850
9639,0.056725,172.31.40.0-255,1514,380338,77,401850
9640,0.056726,172.31.40.0-255,561,380899,77,401850
9641,0.058108,104.244.42.0-255,66,380965,77,401850
9642,0.058145,104.244.42.0-255,66,381031,77,401850
9643,0.058284,104.244.42.0-255,66,381097,77,401850
9644,0.05829,104.244.42.0-255,66,381163,77,401850
9645,0.058884,74.125.24.0-255,5738,386901,77,401850
9646,0.058893,172.31.40.0-255,66,386967,77,401850
9647,0.061502,74.125.24.0-255,5738,392705,77,401850
9648,0.06152,172.31.40.0-255,66,392771,77,401850
9649,0.064104,74.125.24.0-255,5738,398509,77,401850
9650,0.064122,172.31.40.0-255,66,398575,77,401850
9651,0.066655,74.125.24.0-255,3038,401613,77,401850
9652,0.066674,172.31.40.0-255,66,401679,77,401850
9653,0.066961,172.31.40.0-255,105,401784,77,401850
9654,0.073593,74.125.24.0-255,66,401850,77,401850
9655,0.0,74.125.24.0-255,297,297,77,350039
9656,1.7e-05,172.31.40.0-255,66,363,77,350039
9657,2.4e-05,74.125.24.0-255,1484,1847,77,350039
9658,2.8e-05,172.31.40.0-255,66,1913,77,350039
9659,3.5e-05,74.125.24.0-255,4320,6233,77,350039
9660,3.9e-05,172.31.40.0-255,66,6299,77,350039
9661,0.000161,74.125.24.0-255,8896,15195,77,350039
9662,0.000166,172.31.40.0-255,66,15261,77,350039
9663,0.000423,74.125.24.0-255,4320,19581,77,350039
9664,0.000439,172.31.40.0-255,66,19647,77,350039
9665,0.000443,74.125.24.0-255,1484,21131,77,350039
9666,0.000445,172.31.40.0-255,66,21197,77,350039
9667,0.000605,74.125.24.0-255,8574,29771,77,350039
9668,0.00061,172.31.40.0-255,66,29837,77,350039
9669,0.00063,74.125.24.0-255,1125,30962,77,350039
9670,0.000633,172.31.40.0-255,66,31028,77,350039
9671,0.000895,74.125.24.0-255,11410,42438,77,350039
9672,0.000901,172.31.40.0-255,66,42504,77,350039
9673,0.000923,74.125.24.0-255,5379,47883,77,350039
9674,0.000927,172.31.40.0-255,66,47949,77,350039
9675,0.001393,74.125.24.0-255,7156,55105,77,350039
9676,0.0014,172.31.40.0-255,66,55171,77,350039
9677,0.001426,74.125.24.0-255,9966,65137,77,350039
9678,0.001429,172.31.40.0-255,66,65203,77,350039
9679,0.001881,74.125.24.0-255,110,65313,77,350039
9680,0.001887,172.31.40.0-255,66,65379,77,350039
9681,0.001903,74.125.24.0-255,1484,66863,77,350039
9682,0.001905,172.31.40.0-255,66,66929,77,350039
9683,0.001955,172.31.40.0-255,66,66995,77,350039
9684,0.002495,74.125.24.0-255,4320,71315,77,350039
9685,0.002501,172.31.40.0-255,66,71381,77,350039
9686,0.002528,74.125.24.0-255,9633,81014,77,350039
9687,0.002531,172.31.40.0-255,66,81080,77,350039
9688,0.004574,74.125.24.0-255,5738,86818,77,350039
9689,0.004581,172.31.40.0-255,66,86884,77,350039
9690,0.006638,74.125.24.0-255,5738,92622,77,350039
9691,0.006644,172.31.40.0-255,66,92688,77,350039
9692,0.008682,74.125.24.0-255,5738,98426,77,350039
9693,0.008689,172.31.40.0-255,66,98492,77,350039
9694,0.010756,74.125.24.0-255,5738,104230,77,350039
9695,0.010764,172.31.40.0-255,66,104296,77,350039
9696,0.012816,74.125.24.0-255,5738,110034,77,350039
9697,0.012823,172.31.40.0-255,66,110100,77,350039
9698,0.014869,74.125.24.0-255,5738,115838,77,350039
9699,0.014878,172.31.40.0-255,66,115904,77,350039
9700,0.016932,74.125.24.0-255,5738,121642,77,350039
9701,0.01694,172.31.40.0-255,66,121708,77,350039
9702,0.018997,74.125.24.0-255,5738,127446,77,350039
9703,0.019005,172.31.40.0-255,66,127512,77,350039
9704,0.021052,74.125.24.0-255,5738,133250,77,350039
9705,0.02106,172.31.40.0-255,66,133316,77,350039
9706,0.023135,74.125.24.0-255,5738,139054,77,350039
9707,0.023143,172.31.40.0-255,66,139120,77,350039
9708,0.024918,172.31.40.0-255,176,139296,77,350039
9709,0.02495,172.31.40.0-255,1120,140416,77,350039
9710,0.025026,172.31.40.0-255,1514,141930,77,350039
9711,0.025027,172.31.40.0-255,1275,143205,77,350039
9712,0.025269,74.125.24.0-255,4320,147525,77,350039
9713,0.025276,172.31.40.0-255,66,147591,77,350039
9714,0.0253,74.125.24.0-255,1484,149075,77,350039
9715,0.026454,104.244.42.0-255,66,149141,77,350039
9716,0.026514,104.244.42.0-255,66,149207,77,350039
9717,0.026569,104.244.42.0-255,66,149273,77,350039
9718,0.027376,74.125.24.0-255,2902,152175,77,350039
9719,0.027381,172.31.40.0-255,66,152241,77,350039
9720,0.029455,74.125.24.0-255,5738,157979,77,350039
9721,0.029461,172.31.40.0-255,66,158045,77,350039
9722,0.031549,74.125.24.0-255,5738,163783,77,350039
9723,0.031556,172.31.40.0-255,66,163849,77,350039
9724,0.03363,74.125.24.0-255,5738,169587,77,350039
9725,0.033637,172.31.40.0-255,66,169653,77,350039
9726,0.035703,74.125.24.0-255,5738,175391,77,350039
9727,0.035709,172.31.40.0-255,66,175457,77,350039
9728,0.037766,74.125.24.0-255,5738,181195,77,350039
9729,0.037773,172.31.40.0-255,66,181261,77,350039
9730,0.039828,74.125.24.0-255,5738,186999,77,350039
9731,0.039835,172.31.40.0-255,66,187065,77,350039
9732,0.041909,74.125.24.0-255,5738,192803,77,350039
9733,0.041916,172.31.40.0-255,66,192869,77,350039
9734,0.044002,74.125.24.0-255,5738,198607,77,350039
9735,0.044008,172.31.40.0-255,66,198673,77,350039
9736,0.046085,74.125.24.0-255,5738,204411,77,350039
9737,0.046092,172.31.40.0-255,66,204477,77,350039
9738,0.048149,74.125.24.0-255,5738,210215,77,350039
9739,0.048155,172.31.40.0-255,66,210281,77,350039
9740,0.050223,74.125.24.0-255,5738,216019,77,350039
9741,0.050229,172.31.40.0-255,66,216085,77,350039
9742,0.052308,74.125.24.0-255,2902,218987,77,350039
9743,0.052314,172.31.40.0-255,66,219053,77,350039
9744,0.052334,74.125.24.0-255,1484,220537,77,350039
9745,0.052349,74.125.24.0-255,1484,222021,77,350039
9746,0.052351,172.31.40.0-255,66,222087,77,350039
9747,0.05437,74.125.24.0-255,2902,224989,77,350039
9748,0.054376,172.31.40.0-255,66,225055,77,350039
9749,0.054397,74.125.24.0-255,2902,227957,77,350039
9750,0.0544,172.31.40.0-255,66,228023,77,350039
9751,0.056424,74.125.24.0-255,2902,230925,77,350039
9752,0.05643,172.31.40.0-255,66,230991,77,350039
9753,0.056451,74.125.24.0-255,2902,233893,77,350039
9754,0.056453,172.31.40.0-255,66,233959,77,350039
9755,0.058526,74.125.24.0-255,5738,239697,77,350039
9756,0.058532,172.31.40.0-255,66,239763,77,350039
9757,0.060618,74.125.24.0-255,5738,245501,77,350039
9758,0.060635,172.31.40.0-255,66,245567,77,350039
9759,0.062691,74.125.24.0-255,5738,251305,77,350039
9760,0.062704,172.31.40.0-255,66,251371,77,350039
9761,0.064764,74.125.24.0-255,5738,257109,77,350039
9762,0.064776,172.31.40.0-255,66,257175,77,350039
9763,0.066851,74.125.24.0-255,5738,262913,77,350039
9764,0.066861,172.31.40.0-255,66,262979,77,350039
9765,0.068917,74.125.24.0-255,5738,268717,77,350039
9766,0.068933,172.31.40.0-255,66,268783,77,350039
9767,0.071014,74.125.24.0-255,5738,274521,77,350039
9768,0.07103,172.31.40.0-255,66,274587,77,350039
9769,0.073089,74.125.24.0-255,5738,280325,77,350039
9770,0.073104,172.31.40.0-255,66,280391,77,350039
9771,0.075185,74.125.24.0-255,5738,286129,77,350039
9772,0.075202,172.31.40.0-255,66,286195,77,350039
9773,0.077291,74.125.24.0-255,5738,291933,77,350039
9774,0.077307,172.31.40.0-255,66,291999,77,350039
9775,0.079361,74.125.24.0-255,5738,297737,77,350039
9776,0.079375,172.31.40.0-255,66,297803,77,350039
9777,0.081441,74.125.24.0-255,5738,303541,77,350039
9778,0.081457,172.31.40.0-255,66,303607,77,350039
9779,0.083536,74.125.24.0-255,5738,309345,77,350039
9780,0.083548,172.31.40.0-255,66,309411,77,350039
9781,0.08562,74.125.24.0-255,5738,315149,77,350039
9782,0.085636,172.31.40.0-255,66,315215,77,350039
9783,0.087723,74.125.24.0-255,5738,320953,77,350039
9784,0.087738,172.31.40.0-255,66,321019,77,350039
9785,0.089831,74.125.24.0-255,5738,326757,77,350039
9786,0.089853,172.31.40.0-255,66,326823,77,350039
9787,0.091916,74.125.24.0-255,5738,332561,77,350039
9788,0.09193,172.31.40.0-255,66,332627,77,350039
9789,0.094031,74.125.24.0-255,5738,338365,77,350039
9790,0.094046,172.31.40.0-255,66,338431,77,350039
9791,0.096125,74.125.24.0-255,5738,344169,77,350039
9792,0.096139,172.31.40.0-255,66,344235,77,350039
9793,0.098296,74.125.24.0-255,5738,349973,77,350039
9794,0.098313,172.31.40.0-255,66,350039,77,350039
9795,0.0,172.217.194.0-255,295,295,77,406068
9796,1.9e-05,172.31.40.0-255,66,361,77,406068
9797,2.4e-05,172.217.194.0-255,1484,1845,77,406068
9798,2.8e-05,172.31.40.0-255,66,1911,77,406068
9799,3.4e-05,172.217.194.0-255,2902,4813,77,406068
9800,3.6e-05,172.31.40.0-255,66,4879,77,406068
9801,4.3e-05,172.217.194.0-255,5738,10617,77,406068
9802,4.5e-05,172.31.40.0-255,66,10683,77,406068
9803,7.7e-05,172.217.194.0-255,3213,13896,77,406068
9804,7.9e-05,172.31.40.0-255,66,13962,77,406068
9805,0.000114,172.217.194.0-255,1484,15446,77,406068
9806,0.000117,172.31.40.0-255,66,15512,77,406068
9807,0.000136,172.217.194.0-255,2902,18414,77,406068
9808,0.000138,172.31.40.0-255,66,18480,77,406068
9809,0.000143,172.217.194.0-255,5738,24218,77,406068
9810,0.000145,172.31.40.0-255,66,24284,77,406068
9811,0.000169,172.217.194.0-255,1484,25768,77,406068
9812,0.000171,172.31.40.0-255,66,25834,77,406068
9813,0.000197,172.217.194.0-255,11051,36885,77,406068
9814,0.000199,172.31.40.0-255,66,36951,77,406068
9815,0.000242,172.217.194.0-255,9992,46943,77,406068
9816,0.000245,172.31.40.0-255,66,47009,77,406068
9817,0.000259,172.217.194.0-255,1125,48134,77,406068
9818,0.000261,172.31.40.0-255,66,48200,77,406068
9819,0.000527,172.217.194.0-255,1484,49684,77,406068
9820,0.000531,172.31.40.0-255,66,49750,77,406068
9821,0.000536,172.217.194.0-255,1484,51234,77,406068
9822,0.000537,172.31.40.0-255,66,51300,77,406068
9823,0.000553,172.217.194.0-255,1484,52784,77,406068
9824,0.000555,172.31.40.0-255,66,52850,77,406068
9825,0.000562,172.217.194.0-255,5738,58588,77,406068
9826,0.000563,172.31.40.0-255,66,58654,77,406068
9827,0.000567,172.217.194.0-255,2902,61556,77,406068
9828,0.000575,172.31.40.0-255,66,61622,77,406068
9829,0.000624,172.217.194.0-255,2902,64524,77,406068
9830,0.000642,172.31.40.0-255,66,64590,77,406068
9831,0.000646,172.217.194.0-255,1705,66295,77,406068
9832,0.00065,172.31.40.0-255,66,66361,77,406068
9833,0.000698,172.217.194.0-255,1484,67845,77,406068
9834,0.000702,172.217.194.0-255,1484,69329,77,406068
9835,0.000716,172.217.194.0-255,1484,70813,77,406068
9836,0.000723,172.217.194.0-255,5738,76551,77,406068
9837,0.000728,172.31.40.0-255,66,76617,77,406068
9838,0.000763,172.217.194.0-255,2902,79519,77,406068
9839,0.000778,172.31.40.0-255,66,79585,77,406068
9840,0.000793,172.217.194.0-255,9992,89577,77,406068
9841,0.0008,172.217.194.0-255,5738,95315,77,406068
9842,0.000805,172.31.40.0-255,66,95381,77,406068
9843,0.00085,172.217.194.0-255,5020,100401,77,406068
9844,0.000858,172.31.40.0-255,66,100467,77,406068
9845,0.001366,172.217.194.0-255,1484,101951,77,406068
9846,0.001384,172.217.194.0-255,2902,104853,77,406068
9847,0.001387,172.31.40.0-255,66,104919,77,406068
9848,0.001411,172.217.194.0-255,5738,110657,77,406068
9849,0.001413,172.31.40.0-255,66,110723,77,406068
9850,0.001444,172.217.194.0-255,9070,119793,77,406068
9851,0.001446,172.31.40.0-255,66,119859,77,406068
9852,0.001453,172.217.194.0-255,7156,127015,77,406068
9853,0.001455,172.31.40.0-255,66,127081,77,406068
9854,0.001469,172.217.194.0-255,2902,129983,77,406068
9855,0.001471,172.31.40.0-255,66,130049,77,406068
9856,0.001532,172.31.40.0-255,66,130115,77,406068
9857,0.001982,172.217.194.0-255,1484,131599,77,406068
9858,0.001992,172.217.194.0-255,2902,134501,77,406068
9859,0.001996,172.31.40.0-255,66,134567,77,406068
9860,0.002025,172.217.194.0-255,5738,140305,77,406068
9861,0.002028,172.31.40.0-255,66,140371,77,406068
9862,0.002036,172.217.194.0-255,7156,147527,77,406068
9863,0.002038,172.31.40.0-255,66,147593,77,406068
9864,0.004026,172.217.194.0-255,5738,153331,77,406068
9865,0.004033,172.31.40.0-255,66,153397,77,406068
9866,0.006036,172.217.194.0-255,5738,159135,77,406068
9867,0.00604,172.31.40.0-255,66,159201,77,406068
9868,0.008032,172.217.194.0-255,5738,164939,77,406068
9869,0.008037,172.31.40.0-255,66,165005,77,406068
9870,0.010066,172.217.194.0-255,5738,170743,77,406068
9871,0.010072,172.31.40.0-255,66,170809,77,406068
9872,0.012117,172.217.194.0-255,5738,176547,77,406068
9873,0.012124,172.31.40.0-255,66,176613,77,406068
9874,0.014124,172.217.194.0-255,5738,182351,77,406068
9875,0.014132,172.31.40.0-255,66,182417,77,406068
9876,0.016133,172.217.194.0-255,5738,188155,77,406068
9877,0.01614,172.31.40.0-255,66,188221,77,406068
9878,0.018132,172.217.194.0-255,5738,193959,77,406068
9879,0.01814,172.31.40.0-255,66,194025,77,406068
9880,0.020153,172.217.194.0-255,5738,199763,77,406068
9881,0.020161,172.31.40.0-255,66,199829,77,406068
9882,0.022173,172.217.194.0-255,5738,205567,77,406068
9883,0.022181,172.31.40.0-255,66,205633,77,406068
9884,0.024169,172.217.194.0-255,5738,211371,77,406068
9885,0.024176,172.31.40.0-255,66,211437,77,406068
9886,0.02617,172.217.194.0-255,2902,214339,77,406068
9887,0.026176,172.31.40.0-255,66,214405,77,406068
9888,0.026195,172.217.194.0-255,2902,217307,77,406068
9889,0.026198,172.31.40.0-255,66,217373,77,406068
9890,0.028164,172.217.194.0-255,4320,221693,77,406068
9891,0.02817,172.31.40.0-255,66,221759,77,406068
9892,0.028185,172.217.194.0-255,1484,223243,77,406068
9893,0.030175,172.217.194.0-255,4320,227563,77,406068
9894,0.030181,172.31.40.0-255,66,227629,77,406068
9895,0.032226,172.217.194.0-255,5738,233367,77,406068
9896,0.032234,172.31.40.0-255,66,233433,77,406068
9897,0.034248,172.217.194.0-255,5738,239171,77,406068
9898,0.034256,172.31.40.0-255,66,239237,77,406068
9899,0.035125,172.31.40.0-255,172,239409,77,406068
9900,0.035157,172.31.40.0-255,1120,240529,77,406068
9901,0.035231,172.31.40.0-255,1514,242043,77,406068
9902,0.035233,172.31.40.0-255,1514,243557,77,406068
9903,0.035234,172.31.40.0-255,1514,245071,77,406068
9904,0.035235,172.31.40.0-255,1514,246585,77,406068
9905,0.035266,172.31.40.0-255,1477,248062,77,406068
9906,0.03625,172.217.194.0-255,5738,253800,77,406068
9907,0.036258,172.31.40.0-255,66,253866,77,406068
9908,0.036705,104.244.42.0-255,66,253932,77,406068
9909,0.036713,104.244.42.0-255,66,253998,77,406068
9910,0.036828,104.244.42.0-255,66,254064,77,406068
9911,0.036834,104.244.42.0-255,66,254130,77,406068
9912,0.038249,104.244.42.0-255,108,254238,77,406068
9913,0.038258,172.31.40.0-255,66,254304,77,406068
9914,0.038268,172.217.194.0-255,5738,260042,77,406068
9915,0.03827,172.31.40.0-255,66,260108,77,406068
9916,0.040252,172.217.194.0-255,5738,265846,77,406068
9917,0.040258,172.31.40.0-255,66,265912,77,406068
9918,0.042279,172.217.194.0-255,5738,271650,77,406068
9919,0.042288,172.31.40.0-255,66,271716,77,406068
9920,0.044301,172.217.194.0-255,5738,277454,77,406068
9921,0.044308,172.31.40.0-255,66,277520,77,406068
9922,0.046312,172.217.194.0-255,5738,283258,77,406068
9923,0.046319,172.31.40.0-255,66,283324,77,406068
9924,0.048333,172.217.194.0-255,5738,289062,77,406068
9925,0.04834,172.31.40.0-255,66,289128,77,406068
9926,0.05033,172.217.194.0-255,5738,294866,77,406068
9927,0.050336,172.31.40.0-255,66,294932,77,406068
9928,0.05237,172.217.194.0-255,5738,300670,77,406068
9929,0.052377,172.31.40.0-255,66,300736,77,406068
9930,0.054388,172.217.194.0-255,5738,306474,77,406068
9931,0.054395,172.31.40.0-255,66,306540,77,406068
9932,0.056399,172.217.194.0-255,5738,312278,77,406068
9933,0.056406,172.31.40.0-255,66,312344,77,406068
9934,0.058401,172.217.194.0-255,5738,318082,77,406068
9935,0.058408,172.31.40.0-255,66,318148,77,406068
9936,0.060415,172.217.194.0-255,5738,323886,77,406068
9937,0.060422,172.31.40.0-255,66,323952,77,406068
9938,0.062427,172.217.194.0-255,5738,329690,77,406068
9939,0.062434,172.31.40.0-255,66,329756,77,406068
9940,0.064454,172.217.194.0-255,5738,335494,77,406068
9941,0.06446,172.31.40.0-255,66,335560,77,406068
9942,0.066463,172.217.194.0-255,5738,341298,77,406068
9943,0.066472,172.31.40.0-255,66,341364,77,406068
9944,0.068481,172.217.194.0-255,5738,347102,77,406068
9945,0.068487,172.31.40.0-255,66,347168,77,406068
9946,0.070509,172.217.194.0-255,5738,352906,77,406068
9947,0.070514,172.31.40.0-255,66,352972,77,406068
9948,0.072528,172.217.194.0-255,5738,358710,77,406068
9949,0.072533,172.31.40.0-255,66,358776,77,406068
9950,0.074576,172.217.194.0-255,5738,364514,77,406068
9951,0.074582,172.31.40.0-255,66,364580,77,406068
9952,0.076584,172.217.194.0-255,5738,370318,77,406068
9953,0.076589,172.31.40.0-255,66,370384,77,406068
9954,0.078589,172.217.194.0-255,5738,376122,77,406068
9955,0.078594,172.31.40.0-255,66,376188,77,406068
9956,0.080602,172.217.194.0-255,5738,381926,77,406068
9957,0.080607,172.31.40.0-255,66,381992,77,406068
9958,0.082632,172.217.194.0-255,5738,387730,77,406068
9959,0.082638,172.31.40.0-255,66,387796,77,406068
9960,0.084614,172.217.194.0-255,5738,393534,77,406068
9961,0.084621,172.31.40.0-255,66,393600,77,406068
9962,0.08665,172.217.194.0-255,5738,399338,77,406068
9963,0.086655,172.31.40.0-255,66,399404,77,406068
9964,0.08866,172.217.194.0-255,5738,405142,77,406068
9965,0.088667,172.31.40.0-255,66,405208,77,406068
9966,0.090644,172.217.194.0-255,164,405372,77,406068
9967,0.090723,172.31.40.0-255,105,405477,77,406068
9968,0.090756,172.31.40.0-255,105,405582,77,406068
9969,0.090977,172.31.40.0-255,90,405672,77,406068
9970,0.090986,172.31.40.0-255,66,405738,77,406068
9971,0.092677,172.217.194.0-255,66,405804,77,406068
9972,0.092717,172.217.194.0-255,66,405870,77,406068
9973,0.09294,172.217.194.0-255,66,405936,77,406068
9974,0.092973,172.217.194.0-255,66,406002,77,406068
9975,0.092978,172.31.40.0-255,66,406068,77,406068
9976,0.0,172.31.40.0-255,105,105,77,459
9977,0.000233,172.31.40.0-255,90,195,77,459
9978,0.000243,172.31.40.0-255,66,261,77,459
9979,0.002761,172.217.194.0-255,66,327,77,459
9980,0.002884,172.217.194.0-255,66,393,77,459
9981,0.002908,172.31.40.0-255,66,459,77,459
9982,0.0,172.217.194.0-255,150,150,77,142508
9983,2.3e-05,172.31.40.0-255,66,216,77,142508
9984,3e-05,172.217.194.0-255,1484,1700,77,142508
9985,3.4e-05,172.31.40.0-255,66,1766,77,142508
9986,4e-05,172.217.194.0-255,2902,4668,77,142508
9987,4.3e-05,172.31.40.0-255,66,4734,77,142508
9988,5.1e-05,172.217.194.0-255,7156,11890,77,142508
9989,5.4e-05,172.31.40.0-255,66,11956,77,142508
9990,0.000105,172.217.194.0-255,2902,14858,77,142508
9991,0.000108,172.31.40.0-255,66,14924,77,142508
9992,0.000127,172.217.194.0-255,3440,18364,77,142508
9993,0.000129,172.31.40.0-255,66,18430,77,142508
9994,0.000159,172.217.194.0-255,7156,25586,77,142508
9995,0.000161,172.31.40.0-255,66,25652,77,142508
9996,0.000197,172.217.194.0-255,5379,31031,77,142508
9997,0.0002,172.31.40.0-255,66,31097,77,142508
9998,0.000248,172.217.194.0-255,8574,39671,77,142508
9999,0.000251,172.31.40.0-255,66,39737,77,142508
10000,0.000272,172.217.194.0-255,4320,44057,77,142508
10001,0.000274,172.31.40.0-255,66,44123,77,142508
10002,0.000343,172.217.194.0-255,4320,48443,77,142508
10003,0.000348,172.31.40.0-255,66,48509,77,142508
10004,0.000383,172.31.40.0-255,66,48575,77,142508
10005,0.000502,172.217.194.0-255,1377,49952,77,142508
10006,0.000506,172.31.40.0-255,66,50018,77,142508
10007,0.000509,172.217.194.0-255,434,50452,77,142508
10008,0.000511,172.31.40.0-255,66,50518,77,142508
10009,0.000529,172.217.194.0-255,2902,53420,77,142508
10010,0.000531,172.31.40.0-255,66,53486,77,142508
10011,0.000551,172.217.194.0-255,1484,54970,77,142508
10012,0.000553,172.31.40.0-255,66,55036,77,142508
10013,0.000561,172.217.194.0-255,7156,62192,77,142508
10014,0.000574,172.31.40.0-255,66,62258,77,142508
10015,0.000583,172.217.194.0-255,1484,63742,77,142508
10016,0.000633,172.217.194.0-255,4320,68062,77,142508
10017,0.000656,172.217.194.0-255,12828,80890,77,142508
10018,0.00066,172.31.40.0-255,66,80956,77,142508
10019,0.000665,172.31.40.0-255,66,81022,77,142508
10020,0.000673,172.217.194.0-255,1484,82506,77,142508
10021,0.000776,172.217.194.0-255,2184,84690,77,142508
10022,0.000782,172.31.40.0-255,66,84756,77,142508
10023,0.000825,172.31.40.0-255,66,84822,77,142508
10024,0.000991,172.217.194.0-255,8574,93396,77,142508
10025,0.001005,172.31.40.0-255,66,93462,77,142508
10026,0.001017,172.217.194.0-255,2184,95646,77,142508
10027,0.001034,172.31.40.0-255,66,95712,77,142508
10028,0.001086,172.217.194.0-255,2902,98614,77,142508
10029,0.001091,172.31.40.0-255,66,98680,77,142508
10030,0.001182,172.31.40.0-255,66,98746,77,142508
10031,0.001396,172.217.194.0-255,4320,103066,77,142508
10032,0.001401,172.31.40.0-255,66,103132,77,142508
10033,0.001463,172.31.40.0-255,66,103198,77,142508
10034,0.001625,172.217.194.0-255,5738,108936,77,142508
10035,0.001629,172.31.40.0-255,66,109002,77,142508
10036,0.001675,172.31.40.0-255,66,109068,77,142508
10037,0.001898,172.217.194.0-255,4320,113388,77,142508
10038,0.001903,172.31.40.0-255,66,113454,77,142508
10039,0.001953,172.31.40.0-255,66,113520,77,142508
10040,0.00199,172.31.40.0-255,66,113586,77,142508
10041,0.00242,172.217.194.0-255,6438,120024,77,142508
10042,0.002424,172.31.40.0-255,66,120090,77,142508
10043,0.002467,172.217.194.0-255,4320,124410,77,142508
10044,0.002476,172.31.40.0-255,66,124476,77,142508
10045,0.002515,172.31.40.0-255,66,124542,77,142508
10046,0.002618,172.31.40.0-255,66,124608,77,142508
10047,0.003015,172.217.194.0-255,8574,133182,77,142508
10048,0.00302,172.31.40.0-255,66,133248,77,142508
10049,0.003086,172.31.40.0-255,66,133314,77,142508
10050,0.004409,172.31.40.0-255,105,133419,77,142508
10051,0.006319,172.217.194.0-255,66,133485,77,142508
10052,0.037121,172.31.40.0-255,172,133657,77,142508
10053,0.037177,172.31.40.0-255,1119,134776,77,142508
10054,0.03725,172.31.40.0-255,1514,136290,77,142508
10055,0.037252,172.31.40.0-255,1514,137804,77,142508
10056,0.037253,172.31.40.0-255,1514,139318,77,142508
10057,0.037254,172.31.40.0-255,1514,140832,77,142508
10058,0.037284,172.31.40.0-255,1478,142310,77,142508
10059,0.038664,104.244.42.0-255,66,142376,77,142508
10060,0.038699,104.244.42.0-255,66,142442,77,142508
10061,0.038828,104.244.42.0-255,66,142508,77,142508
10062,0.0,172.217.194.0-255,146,146,77,381756
10063,2.2e-05,172.31.40.0-255,66,212,77,381756
10064,3e-05,172.217.194.0-255,1484,1696,77,381756
10065,3.5e-05,172.31.40.0-255,66,1762,77,381756
10066,5e-05,172.217.194.0-255,2902,4664,77,381756
10067,5.5e-05,172.31.40.0-255,66,4730,77,381756
10068,6.2e-05,172.217.194.0-255,7156,11886,77,381756
10069,6.5e-05,172.31.40.0-255,66,11952,77,381756
10070,6.9e-05,172.217.194.0-255,2050,14002,77,381756
10071,7.2e-05,172.31.40.0-255,66,14068,77,381756
10072,7.5e-05,172.217.194.0-255,1484,15552,77,381756
10073,7.7e-05,172.31.40.0-255,66,15618,77,381756
10074,8.2e-05,172.217.194.0-255,2902,18520,77,381756
10075,8.5e-05,172.31.40.0-255,66,18586,77,381756
10076,8.9e-05,172.217.194.0-255,2902,21488,77,381756
10077,9.1e-05,172.31.40.0-255,66,21554,77,381756
10078,0.000114,172.217.194.0-255,2902,24456,77,381756
10079,0.000121,172.31.40.0-255,66,24522,77,381756
10080,0.000128,172.217.194.0-255,6797,31319,77,381756
10081,0.000131,172.31.40.0-255,66,31385,77,381756
10082,0.000176,172.217.194.0-255,1484,32869,77,381756
10083,0.000179,172.31.40.0-255,66,32935,77,381756
10084,0.000186,172.217.194.0-255,2902,35837,77,381756
10085,0.000188,172.31.40.0-255,66,35903,77,381756
10086,0.000219,172.217.194.0-255,5738,41641,77,381756
10087,0.000222,172.31.40.0-255,66,41707,77,381756
10088,0.000228,172.217.194.0-255,4320,46027,77,381756
10089,0.00023,172.31.40.0-255,66,46093,77,381756
10090,0.000248,172.217.194.0-255,2543,48636,77,381756
10091,0.000254,172.31.40.0-255,66,48702,77,381756
10092,0.001335,172.217.194.0-255,1484,50186,77,381756
10093,0.001342,172.31.40.0-255,66,50252,77,381756
10094,0.001353,172.217.194.0-255,2902,53154,77,381756
10095,0.001355,172.31.40.0-255,66,53220,77,381756
10096,0.001368,172.217.194.0-255,5738,58958,77,381756
10097,0.00137,172.31.40.0-255,66,59024,77,381756
10098,0.001398,172.217.194.0-255,6797,65821,77,381756
10099,0.001401,172.31.40.0-255,66,65887,77,381756
10100,0.001426,172.217.194.0-255,1484,67371,77,381756
10101,0.001441,172.217.194.0-255,2902,70273,77,381756
10102,0.001443,172.31.40.0-255,66,70339,77,381756
10103,0.001448,172.217.194.0-255,2902,73241,77,381756
10104,0.001449,172.31.40.0-255,66,73307,77,381756
10105,0.001475,172.217.194.0-255,2902,76209,77,381756
10106,0.001477,172.31.40.0-255,66,76275,77,381756
10107,0.001485,172.217.194.0-255,7378,83653,77,381756
10108,0.001487,172.31.40.0-255,66,83719,77,381756
10109,0.001528,172.217.194.0-255,4320,88039,77,381756
10110,0.001531,172.31.40.0-255,66,88105,77,381756
10111,0.001555,172.217.194.0-255,11410,99515,77,381756
10112,0.001558,172.31.40.0-255,66,99581,77,381756
10113,0.001561,172.217.194.0-255,1125,100706,77,381756
10114,0.001913,172.217.194.0-255,1484,102190,77,381756
10115,0.001918,172.31.40.0-255,66,102256,77,381756
10116,0.001924,172.217.194.0-255,2902,105158,77,381756
10117,0.001926,172.31.40.0-255,66,105224,77,381756
10118,0.001954,172.217.194.0-255,4320,109544,77,381756
10119,0.001956,172.31.40.0-255,66,109610,77,381756
10120,0.001981,172.217.194.0-255,1484,111094,77,381756
10121,0.001994,172.217.194.0-255,12828,123922,77,381756
10122,0.001997,172.31.40.0-255,66,123988,77,381756
10123,0.002006,172.217.194.0-255,10142,134130,77,381756
10124,0.002009,172.31.40.0-255,66,134196,77,381756
10125,0.00204,172.217.194.0-255,5738,139934,77,381756
10126,0.002042,172.31.40.0-255,66,140000,77,381756
10127,0.002071,172.217.194.0-255,4320,144320,77,381756
10128,0.002073,172.31.40.0-255,66,144386,77,381756
10129,0.002082,172.217.194.0-255,11410,155796,77,381756
10130,0.002088,172.31.40.0-255,66,155862,77,381756
10131,0.002091,172.217.194.0-255,1484,157346,77,381756
10132,0.002122,172.217.194.0-255,10692,168038,77,381756
10133,0.002124,172.31.40.0-255,66,168104,77,381756
10134,0.004759,172.217.194.0-255,5738,173842,77,381756
10135,0.004762,172.31.40.0-255,66,173908,77,381756
10136,0.007364,172.217.194.0-255,5738,179646,77,381756
10137,0.007371,172.31.40.0-255,66,179712,77,381756
10138,0.010004,172.217.194.0-255,5738,185450,77,381756
10139,0.010013,172.31.40.0-255,66,185516,77,381756
10140,0.012624,172.217.194.0-255,5738,191254,77,381756
10141,0.012632,172.31.40.0-255,66,191320,77,381756
10142,0.015267,172.217.194.0-255,5738,197058,77,381756
10143,0.015276,172.31.40.0-255,66,197124,77,381756
10144,0.017884,172.217.194.0-255,5738,202862,77,381756
10145,0.017893,172.31.40.0-255,66,202928,77,381756
10146,0.020499,172.217.194.0-255,5738,208666,77,381756
10147,0.020507,172.31.40.0-255,66,208732,77,381756
10148,0.023148,172.217.194.0-255,1484,210216,77,381756
10149,0.023175,172.217.194.0-255,4320,214536,77,381756
10150,0.02318,172.31.40.0-255,66,214602,77,381756
10151,0.024063,172.31.40.0-255,172,214774,77,381756
10152,0.024092,172.31.40.0-255,1116,215890,77,381756
10153,0.024141,172.31.40.0-255,1514,217404,77,381756
10154,0.024143,172.31.40.0-255,325,217729,77,381756
10155,0.025615,104.244.42.0-255,66,217795,77,381756
10156,0.025624,104.244.42.0-255,66,217861,77,381756
10157,0.025723,104.244.42.0-255,66,217927,77,381756
10158,0.02579,172.217.194.0-255,5738,223665,77,381756
10159,0.025795,172.31.40.0-255,66,223731,77,381756
10160,0.028444,172.217.194.0-255,2902,226633,77,381756
10161,0.02845,172.31.40.0-255,66,226699,77,381756
10162,0.028478,172.217.194.0-255,2902,229601,77,381756
10163,0.028481,172.31.40.0-255,66,229667,77,381756
10164,0.031079,172.217.194.0-255,2902,232569,77,381756
10165,0.031087,172.31.40.0-255,66,232635,77,381756
10166,0.031125,172.217.194.0-255,2902,235537,77,381756
10167,0.031128,172.31.40.0-255,66,235603,77,381756
10168,0.033694,172.217.194.0-255,2902,238505,77,381756
10169,0.033702,172.31.40.0-255,66,238571,77,381756
10170,0.033753,172.217.194.0-255,2902,241473,77,381756
10171,0.033756,172.31.40.0-255,66,241539,77,381756
10172,0.036389,172.217.194.0-255,2902,244441,77,381756
10173,0.036396,172.31.40.0-255,66,244507,77,381756
10174,0.036432,172.217.194.0-255,2902,247409,77,381756
10175,0.036435,172.31.40.0-255,66,247475,77,381756
10176,0.039015,172.217.194.0-255,2902,250377,77,381756
10177,0.039023,172.31.40.0-255,66,250443,77,381756
10178,0.039059,172.217.194.0-255,2902,253345,77,381756
10179,0.039062,172.31.40.0-255,66,253411,77,381756
10180,0.041678,172.217.194.0-255,2902,256313,77,381756
10181,0.041698,172.31.40.0-255,66,256379,77,381756
10182,0.04173,172.217.194.0-255,2902,259281,77,381756
10183,0.041733,172.31.40.0-255,66,259347,77,381756
10184,0.044359,172.217.194.0-255,5738,265085,77,381756
10185,0.044373,172.31.40.0-255,66,265151,77,381756
10186,0.047011,172.217.194.0-255,5738,270889,77,381756
10187,0.04703,172.31.40.0-255,66,270955,77,381756
10188,0.049712,172.217.194.0-255,5738,276693,77,381756
10189,0.049731,172.31.40.0-255,66,276759,77,381756
10190,0.052371,172.217.194.0-255,5738,282497,77,381756
10191,0.052379,172.31.40.0-255,66,282563,77,381756
10192,0.055038,172.217.194.0-255,5738,288301,77,381756
10193,0.055059,172.31.40.0-255,66,288367,77,381756
10194,0.057741,172.217.194.0-255,5738,294105,77,381756
10195,0.057749,172.31.40.0-255,66,294171,77,381756
10196,0.060372,172.217.194.0-255,5738,299909,77,381756
10197,0.06038,172.31.40.0-255,66,299975,77,381756
10198,0.063025,172.217.194.0-255,5738,305713,77,381756
10199,0.063052,172.31.40.0-255,66,305779,77,381756
10200,0.065683,172.217.194.0-255,5738,311517,77,381756
10201,0.06569,172.31.40.0-255,66,311583,77,381756
10202,0.068327,172.217.194.0-255,5738,317321,77,381756
10203,0.068345,172.31.40.0-255,66,317387,77,381756
10204,0.070993,172.217.194.0-255,5738,323125,77,381756
10205,0.071002,172.31.40.0-255,66,323191,77,381756
10206,0.071045,172.31.40.0-255,105,323296,77,381756
10207,0.071316,172.31.40.0-255,90,323386,77,381756
10208,0.071327,172.31.40.0-255,66,323452,77,381756
10209,0.073616,172.217.194.0-255,5738,329190,77,381756
10210,0.073631,172.31.40.0-255,66,329256,77,381756
10211,0.073667,172.217.194.0-255,66,329322,77,381756
10212,0.073676,172.217.194.0-255,66,329388,77,381756
10213,0.073679,172.31.40.0-255,66,329454,77,381756
10214,0.073682,172.217.194.0-255,66,329520,77,381756
10215,0.07626,172.217.194.0-255,5738,335258,77,381756
10216,0.076271,172.31.40.0-255,66,335324,77,381756
10217,0.078951,172.217.194.0-255,5738,341062,77,381756
10218,0.07897,172.31.40.0-255,66,341128,77,381756
10219,0.081624,172.217.194.0-255,5738,346866,77,381756
10220,0.081642,172.31.40.0-255,66,346932,77,381756
10221,0.084273,172.217.194.0-255,5738,352670,77,381756
10222,0.084289,172.31.40.0-255,66,352736,77,381756
10223,0.086924,172.217.194.0-255,5738,358474,77,381756
10224,0.086931,172.31.40.0-255,66,358540,77,381756
10225,0.089565,172.217.194.0-255,5738,364278,77,381756
10226,0.089576,172.31.40.0-255,66,364344,77,381756
10227,0.092201,172.217.194.0-255,5738,370082,77,381756
10228,0.092208,172.31.40.0-255,66,370148,77,381756
10229,0.094851,172.217.194.0-255,5738,375886,77,381756
10230,0.094857,172.31.40.0-255,66,375952,77,381756
10231,0.097495,172.217.194.0-255,5738,381690,77,381756
10232,0.097502,172.31.40.0-255,66,381756,77,381756
10233,0.0,172.217.27.0-255,297,297,77,422515
10234,2.5e-05,172.31.40.0-255,66,363,77,422515
10235,3.2e-05,172.217.27.0-255,1484,1847,77,422515
10236,3.6e-05,172.31.40.0-255,66,1913,77,422515
10237,3.9e-05,172.217.27.0-255,1484,3397,77,422515
10238,4.1e-05,172.31.40.0-255,66,3463,77,422515
10239,5.5e-05,172.217.27.0-255,2902,6365,77,422515
10240,5.8e-05,172.31.40.0-255,66,6431,77,422515
10241,6.6e-05,172.217.27.0-255,5738,12169,77,422515
10242,6.9e-05,172.31.40.0-255,66,12235,77,422515
10243,7.8e-05,172.217.27.0-255,8992,21227,77,422515
10244,8.1e-05,172.31.40.0-255,66,21293,77,422515
10245,9e-05,172.217.27.0-255,9633,30926,77,422515
10246,9.4e-05,172.31.40.0-255,66,30992,77,422515
10247,0.00019,172.217.27.0-255,1484,32476,77,422515
10248,0.000193,172.31.40.0-255,66,32542,77,422515
10249,0.000198,172.217.27.0-255,2902,35444,77,422515
10250,0.0002,172.31.40.0-255,66,35510,77,422515
10251,0.000221,172.217.27.0-255,5738,41248,77,422515
10252,0.000228,172.31.40.0-255,66,41314,77,422515
10253,0.000269,172.217.27.0-255,9633,50947,77,422515
10254,0.000272,172.31.40.0-255,66,51013,77,422515
10255,0.000281,172.217.27.0-255,9992,61005,77,422515
10256,0.000283,172.31.40.0-255,66,61071,77,422515
10257,0.000293,172.217.27.0-255,3961,65032,77,422515
10258,0.000296,172.31.40.0-255,66,65098,77,422515
10259,0.000319,172.217.27.0-255,394,65492,77,422515
10260,0.000322,172.31.40.0-255,66,65558,77,422515
10261,0.000578,172.217.27.0-255,349,65907,77,422515
10262,0.000584,172.31.40.0-255,66,65973,77,422515
10263,0.000726,172.217.27.0-255,1484,67457,77,422515
10264,0.000731,172.31.40.0-255,66,67523,77,422515
10265,0.000737,172.217.27.0-255,2902,70425,77,422515
10266,0.00074,172.31.40.0-255,66,70491,77,422515
10267,0.000772,172.217.27.0-255,4320,74811,77,422515
10268,0.000776,172.31.40.0-255,66,74877,77,422515
10269,0.000779,172.217.27.0-255,1484,76361,77,422515
10270,0.000813,172.217.27.0-255,8215,84576,77,422515
10271,0.000815,172.31.40.0-255,66,84642,77,422515
10272,0.000818,172.217.27.0-255,1484,86126,77,422515
10273,0.000856,172.217.27.0-255,12828,98954,77,422515
10274,0.000859,172.31.40.0-255,66,99020,77,422515
10275,0.000862,172.217.27.0-255,1125,100145,77,422515
10276,0.001033,172.217.27.0-255,1484,101629,77,422515
10277,0.001037,172.31.40.0-255,66,101695,77,422515
10278,0.00105,172.217.27.0-255,1484,103179,77,422515
10279,0.001058,172.217.27.0-255,2902,106081,77,422515
10280,0.001061,172.31.40.0-255,66,106147,77,422515
10281,0.001106,172.217.27.0-255,5738,111885,77,422515
10282,0.00111,172.31.40.0-255,66,111951,77,422515
10283,0.001153,172.217.27.0-255,5738,117689,77,422515
10284,0.001156,172.31.40.0-255,66,117755,77,422515
10285,0.001185,172.217.27.0-255,4320,122075,77,422515
10286,0.001188,172.31.40.0-255,66,122141,77,422515
10287,0.001198,172.217.27.0-255,11410,133551,77,422515
10288,0.001204,172.31.40.0-255,66,133617,77,422515
10289,0.001207,172.217.27.0-255,766,134383,77,422515
10290,0.001344,172.31.40.0-255,101,134484,77,422515
10291,0.00143,172.217.27.0-255,1484,135968,77,422515
10292,0.001445,172.217.27.0-255,2902,138870,77,422515
10293,0.001448,172.31.40.0-255,66,138936,77,422515
10294,0.001451,172.217.27.0-255,1484,140420,77,422515
10295,0.001455,172.217.27.0-255,2902,143322,77,422515
10296,0.001457,172.31.40.0-255,66,143388,77,422515
10297,0.001487,172.217.27.0-255,5738,149126,77,422515
10298,0.00149,172.31.40.0-255,66,149192,77,422515
10299,0.001523,172.217.27.0-255,12828,162020,77,422515
10300,0.001527,172.31.40.0-255,66,162086,77,422515
10301,0.001563,172.217.27.0-255,6438,168524,77,422515
10302,0.001566,172.31.40.0-255,66,168590,77,422515
10303,0.002948,172.217.27.0-255,66,168656,77,422515
10304,0.003186,172.217.27.0-255,5738,174394,77,422515
10305,0.003192,172.31.40.0-255,66,174460,77,422515
10306,0.004814,172.217.27.0-255,5738,180198,77,422515
10307,0.00482,172.31.40.0-255,66,180264,77,422515
10308,0.006449,172.217.27.0-255,5738,186002,77,422515
10309,0.006456,172.31.40.0-255,66,186068,77,422515
10310,0.008089,172.217.27.0-255,5738,191806,77,422515
10311,0.008094,172.31.40.0-255,66,191872,77,422515
10312,0.009716,172.217.27.0-255,5738,197610,77,422515
10313,0.009721,172.31.40.0-255,66,197676,77,422515
10314,0.011349,172.217.27.0-255,5738,203414,77,422515
10315,0.011356,172.31.40.0-255,66,203480,77,422515
10316,0.012989,172.217.27.0-255,5738,209218,77,422515
10317,0.012997,172.31.40.0-255,66,209284,77,422515
10318,0.014628,172.217.27.0-255,5738,215022,77,422515
10319,0.014636,172.31.40.0-255,66,215088,77,422515
10320,0.016267,172.217.27.0-255,5738,220826,77,422515
10321,0.016274,172.31.40.0-255,66,220892,77,422515
10322,0.017914,172.217.27.0-255,5738,226630,77,422515
10323,0.017922,172.31.40.0-255,66,226696,77,422515
10324,0.019539,172.217.27.0-255,5738,232434,77,422515
10325,0.019546,172.31.40.0-255,66,232500,77,422515
10326,0.021172,172.217.27.0-255,5738,238238,77,422515
10327,0.021179,172.31.40.0-255,66,238304,77,422515
10328,0.022805,172.217.27.0-255,5738,244042,77,422515
10329,0.022811,172.31.40.0-255,66,244108,77,422515
10330,0.024438,172.217.27.0-255,5738,249846,77,422515
10331,0.024445,172.31.40.0-255,66,249912,77,422515
10332,0.026078,172.217.27.0-255,5738,255650,77,422515
10333,0.026086,172.31.40.0-255,66,255716,77,422515
10334,0.027719,172.217.27.0-255,5738,261454,77,422515
10335,0.027731,172.31.40.0-255,66,261520,77,422515
10336,0.029378,172.217.27.0-255,5738,267258,77,422515
10337,0.029388,172.31.40.0-255,66,267324,77,422515
10338,0.031017,172.217.27.0-255,5738,273062,77,422515
10339,0.031027,172.31.40.0-255,66,273128,77,422515
10340,0.032661,172.217.27.0-255,5738,278866,77,422515
10341,0.03267,172.31.40.0-255,66,278932,77,422515
10342,0.034299,172.217.27.0-255,5738,284670,77,422515
10343,0.034306,172.31.40.0-255,66,284736,77,422515
10344,0.035941,172.217.27.0-255,5738,290474,77,422515
10345,0.035951,172.31.40.0-255,66,290540,77,422515
10346,0.037578,172.217.27.0-255,5738,296278,77,422515
10347,0.037586,172.31.40.0-255,66,296344,77,422515
10348,0.039254,172.217.27.0-255,5738,302082,77,422515
10349,0.03926,172.31.40.0-255,66,302148,77,422515
10350,0.040903,172.217.27.0-255,5738,307886,77,422515
10351,0.040916,172.31.40.0-255,66,307952,77,422515
10352,0.042548,172.217.27.0-255,5738,313690,77,422515
10353,0.04256,172.31.40.0-255,66,313756,77,422515
10354,0.044195,172.217.27.0-255,5738,319494,77,422515
10355,0.044206,172.31.40.0-255,66,319560,77,422515
10356,0.045832,172.217.27.0-255,5738,325298,77,422515
10357,0.04584,172.31.40.0-255,66,325364,77,422515
10358,0.047469,172.217.27.0-255,5738,331102,77,422515
10359,0.047477,172.31.40.0-255,66,331168,77,422515
10360,0.049123,172.217.27.0-255,5738,336906,77,422515
10361,0.04913,172.31.40.0-255,66,336972,77,422515
10362,0.049589,172.31.40.0-255,172,337144,77,422515
10363,0.049617,172.31.40.0-255,1121,338265,77,422515
10364,0.049684,172.31.40.0-255,1514,339779,77,422515
10365,0.049686,172.31.40.0-255,1514,341293,77,422515
10366,0.049687,172.31.40.0-255,1514,342807,77,422515
10367,0.049688,172.31.40.0-255,1514,344321,77,422515
10368,0.049689,172.31.40.0-255,904,345225,77,422515
10369,0.050763,172.217.27.0-255,5738,350963,77,422515
10370,0.050772,172.31.40.0-255,66,351029,77,422515
10371,0.051144,104.244.42.0-255,66,351095,77,422515
10372,0.051201,104.244.42.0-255,66,351161,77,422515
10373,0.051259,104.244.42.0-255,66,351227,77,422515
10374,0.051265,104.244.42.0-255,66,351293,77,422515
10375,0.052396,172.217.27.0-255,5738,357031,77,422515
10376,0.052403,172.31.40.0-255,66,357097,77,422515
10377,0.054034,172.217.27.0-255,5738,362835,77,422515
10378,0.054042,172.31.40.0-255,66,362901,77,422515
10379,0.055679,172.217.27.0-255,5738,368639,77,422515
10380,0.055689,172.31.40.0-255,66,368705,77,422515
10381,0.057314,172.217.27.0-255,4320,373025,77,422515
10382,0.057323,172.31.40.0-255,66,373091,77,422515
10383,0.05735,172.217.27.0-255,1484,374575,77,422515
10384,0.058962,172.217.27.0-255,4320,378895,77,422515
10385,0.058973,172.31.40.0-255,66,378961,77,422515
10386,0.060609,172.217.27.0-255,5738,384699,77,422515
10387,0.060621,172.31.40.0-255,66,384765,77,422515
10388,0.062249,172.217.27.0-255,5738,390503,77,422515
10389,0.062259,172.31.40.0-255,66,390569,77,422515
10390,0.063878,172.217.27.0-255,5738,396307,77,422515
10391,0.063884,172.31.40.0-255,66,396373,77,422515
10392,0.065517,172.217.27.0-255,5738,402111,77,422515
10393,0.065523,172.31.40.0-255,66,402177,77,422515
10394,0.067151,172.217.27.0-255,5738,407915,77,422515
10395,0.067159,172.31.40.0-255,66,407981,77,422515
10396,0.068787,172.217.27.0-255,5738,413719,77,422515
10397,0.068796,172.31.40.0-255,66,413785,77,422515
10398,0.070426,172.217.27.0-255,5738,419523,77,422515
10399,0.070435,172.31.40.0-255,66,419589,77,422515
10400,0.072066,172.217.27.0-255,2689,422278,77,422515
10401,0.072076,172.31.40.0-255,66,422344,77,422515
10402,0.072294,172.31.40.0-255,105,422449,77,422515
10403,0.078281,172.217.27.0-255,66,422515,77,422515
10404,0.0,74.125.130.0-255,153,153,77,424810
10405,1.7e-05,172.31.40.0-255,66,219,77,424810
10406,2.3e-05,74.125.130.0-255,1484,1703,77,424810
10407,2.8e-05,172.31.40.0-255,66,1769,77,424810
10408,3.1e-05,74.125.130.0-255,1484,3253,77,424810
10409,3.4e-05,172.31.40.0-255,66,3319,77,424810
10410,6.2e-05,74.125.130.0-255,1484,4803,77,424810
10411,6.6e-05,172.31.40.0-255,66,4869,77,424810
10412,7.4e-05,74.125.130.0-255,5738,10607,77,424810
10413,7.6e-05,172.31.40.0-255,66,10673,77,424810
10414,8.1e-05,74.125.130.0-255,3427,14100,77,424810
10415,8.4e-05,172.31.40.0-255,66,14166,77,424810
10416,0.000639,74.125.130.0-255,1484,15650,77,424810
10417,0.000646,172.31.40.0-255,66,15716,77,424810
10418,0.000656,74.125.130.0-255,2902,18618,77,424810
10419,0.000658,172.31.40.0-255,66,18684,77,424810
10420,0.000696,74.125.130.0-255,5738,24422,77,424810
10421,0.000699,172.31.40.0-255,66,24488,77,424810
10422,0.000733,74.125.130.0-255,6797,31285,77,424810
10423,0.000735,172.31.40.0-255,66,31351,77,424810
10424,0.000742,74.125.130.0-255,4320,35671,77,424810
10425,0.000745,172.31.40.0-255,66,35737,77,424810
10426,0.000772,74.125.130.0-255,5738,41475,77,424810
10427,0.000776,172.31.40.0-255,66,41541,77,424810
10428,0.000836,74.125.130.0-255,11410,52951,77,424810
10429,0.00084,172.31.40.0-255,66,53017,77,424810
10430,0.000846,74.125.130.0-255,4320,57337,77,424810
10431,0.000848,172.31.40.0-255,66,57403,77,424810
10432,0.000867,74.125.130.0-255,7856,65259,77,424810
10433,0.00087,172.31.40.0-255,66,65325,77,424810
10434,0.000905,74.125.130.0-255,378,65703,77,424810
10435,0.000908,172.31.40.0-255,66,65769,77,424810
10436,0.000953,74.125.130.0-255,365,66134,77,424810
10437,0.001063,74.125.130.0-255,1484,67618,77,424810
10438,0.001069,172.31.40.0-255,66,67684,77,424810
10439,0.001075,74.125.130.0-255,2902,70586,77,424810
10440,0.001077,172.31.40.0-255,66,70652,77,424810
10441,0.001097,74.125.130.0-255,4320,74972,77,424810
10442,0.0011,172.31.40.0-255,66,75038,77,424810
10443,0.00112,74.125.130.0-255,1484,76522,77,424810
10444,0.001124,74.125.130.0-255,1484,78006,77,424810
10445,0.001126,172.31.40.0-255,66,78072,77,424810
10446,0.001134,74.125.130.0-255,8574,86646,77,424810
10447,0.001137,172.31.40.0-255,66,86712,77,424810
10448,0.001161,74.125.130.0-255,1484,88196,77,424810
10449,0.001177,74.125.130.0-255,8574,96770,77,424810
10450,0.001181,172.31.40.0-255,66,96836,77,424810
10451,0.001196,74.125.130.0-255,1484,98320,77,424810
10452,0.00121,74.125.130.0-255,2184,100504,77,424810
10453,0.001213,172.31.40.0-255,66,100570,77,424810
10454,0.001532,74.125.130.0-255,1484,102054,77,424810
10455,0.00154,74.125.130.0-255,2902,104956,77,424810
10456,0.001546,172.31.40.0-255,66,105022,77,424810
10457,0.00155,74.125.130.0-255,1484,106506,77,424810
10458,0.001569,74.125.130.0-255,2902,109408,77,424810
10459,0.001572,172.31.40.0-255,66,109474,77,424810
10460,0.001577,74.125.130.0-255,2902,112376,77,424810
10461,0.001579,172.31.40.0-255,66,112442,77,424810
10462,0.001591,74.125.130.0-255,2902,115344,77,424810
10463,0.001594,172.31.40.0-255,66,115410,77,424810
10464,0.001597,74.125.130.0-255,1484,116894,77,424810
10465,0.001617,74.125.130.0-255,8574,125468,77,424810
10466,0.00162,172.31.40.0-255,66,125534,77,424810
10467,0.00163,74.125.130.0-255,1484,127018,77,424810
10468,0.001665,74.125.130.0-255,2902,129920,77,424810
10469,0.001669,172.31.40.0-255,66,129986,77,424810
10470,0.001693,74.125.130.0-255,5020,135006,77,424810
10471,0.001696,172.31.40.0-255,66,135072,77,424810
10472,0.001734,74.125.130.0-255,1484,136556,77,424810
10473,0.001748,74.125.130.0-255,2902,139458,77,424810
10474,0.00175,172.31.40.0-255,66,139524,77,424810
10475,0.001767,74.125.130.0-255,4320,143844,77,424810
10476,0.00177,172.31.40.0-255,66,143910,77,424810
10477,0.001792,74.125.130.0-255,2902,146812,77,424810
10478,0.001795,172.31.40.0-255,66,146878,77,424810
10479,0.001812,74.125.130.0-255,5738,152616,77,424810
10480,0.001814,172.31.40.0-255,66,152682,77,424810
10481,0.001821,74.125.130.0-255,5738,158420,77,424810
10482,0.001824,172.31.40.0-255,66,158486,77,424810
10483,0.001826,74.125.130.0-255,1484,159970,77,424810
10484,0.001845,74.125.130.0-255,5738,165708,77,424810
10485,0.001847,172.31.40.0-255,66,165774,77,424810
10486,0.00185,74.125.130.0-255,1484,167258,77,424810
10487,0.001867,74.125.130.0-255,2184,169442,77,424810
10488,0.001869,172.31.40.0-255,66,169508,77,424810
10489,0.001976,74.125.130.0-255,1484,170992,77,424810
10490,0.00199,74.125.130.0-255,2902,173894,77,424810
10491,0.001994,172.31.40.0-255,66,173960,77,424810
10492,0.002005,74.125.130.0-255,1484,175444,77,424810
10493,0.002022,74.125.130.0-255,4320,179764,77,424810
10494,0.002025,172.31.40.0-255,66,179830,77,424810
10495,0.00203,74.125.130.0-255,4320,184150,77,424810
10496,0.002032,172.31.40.0-255,66,184216,77,424810
10497,0.002038,74.125.130.0-255,5738,189954,77,424810
10498,0.002041,172.31.40.0-255,66,190020,77,424810
10499,0.002065,74.125.130.0-255,2902,192922,77,424810
10500,0.002068,172.31.40.0-255,66,192988,77,424810
10501,0.002093,74.125.130.0-255,8574,201562,77,424810
10502,0.002096,172.31.40.0-255,66,201628,77,424810
10503,0.0021,74.125.130.0-255,2184,203812,77,424810
10504,0.002102,172.31.40.0-255,66,203878,77,424810
10505,0.004382,74.125.130.0-255,4320,208198,77,424810
10506,0.004388,172.31.40.0-255,66,208264,77,424810
10507,0.004407,74.125.130.0-255,1484,209748,77,424810
10508,0.006647,74.125.130.0-255,4320,214068,77,424810
10509,0.006654,172.31.40.0-255,66,214134,77,424810
10510,0.008908,74.125.130.0-255,5738,219872,77,424810
10511,0.008916,172.31.40.0-255,66,219938,77,424810
10512,0.011174,74.125.130.0-255,5738,225676,77,424810
10513,0.011181,172.31.40.0-255,66,225742,77,424810
10514,0.01344,74.125.130.0-255,5738,231480,77,424810
10515,0.013448,172.31.40.0-255,66,231546,77,424810
10516,0.015708,74.125.130.0-255,5738,237284,77,424810
10517,0.015718,172.31.40.0-255,66,237350,77,424810
10518,0.017983,74.125.130.0-255,5738,243088,77,424810
10519,0.017995,172.31.40.0-255,66,243154,77,424810
10520,0.020253,74.125.130.0-255,5738,248892,77,424810
10521,0.020263,172.31.40.0-255,66,248958,77,424810
10522,0.022549,74.125.130.0-255,5738,254696,77,424810
10523,0.022558,172.31.40.0-255,66,254762,77,424810
10524,0.024837,74.125.130.0-255,5738,260500,77,424810
10525,0.024857,172.31.40.0-255,66,260566,77,424810
10526,0.027139,74.125.130.0-255,5738,266304,77,424810
10527,0.027153,172.31.40.0-255,66,266370,77,424810
10528,0.029418,74.125.130.0-255,5738,272108,77,424810
10529,0.029435,172.31.40.0-255,66,272174,77,424810
10530,0.031715,74.125.130.0-255,5738,277912,77,424810
10531,0.031733,172.31.40.0-255,66,277978,77,424810
10532,0.034002,74.125.130.0-255,5738,283716,77,424810
10533,0.034018,172.31.40.0-255,66,283782,77,424810
10534,0.03629,74.125.130.0-255,5738,289520,77,424810
10535,0.036303,172.31.40.0-255,66,289586,77,424810
10536,0.038576,74.125.130.0-255,5738,295324,77,424810
10537,0.03859,172.31.40.0-255,66,295390,77,424810
10538,0.040857,74.125.130.0-255,5738,301128,77,424810
10539,0.040865,172.31.40.0-255,66,301194,77,424810
10540,0.043163,74.125.130.0-255,5738,306932,77,424810
10541,0.04318,172.31.40.0-255,66,306998,77,424810
10542,0.045444,74.125.130.0-255,5738,312736,77,424810
10543,0.045457,172.31.40.0-255,66,312802,77,424810
10544,0.047716,74.125.130.0-255,5738,318540,77,424810
10545,0.047725,172.31.40.0-255,66,318606,77,424810
10546,0.048344,172.31.40.0-255,172,318778,77,424810
10547,0.048376,172.31.40.0-255,1116,319894,77,424810
10548,0.048437,172.31.40.0-255,1514,321408,77,424810
10549,0.048438,172.31.40.0-255,1514,322922,77,424810
10550,0.04844,172.31.40.0-255,1514,324436,77,424810
10551,0.048441,172.31.40.0-255,1514,325950,77,424810
10552,0.048442,172.31.40.0-255,525,326475,77,424810
10553,0.049985,74.125.130.0-255,5738,332213,77,424810
10554,0.049996,172.31.40.0-255,66,332279,77,424810
10555,0.050584,104.244.42.0-255,66,332345,77,424810
10556,0.052255,74.125.130.0-255,5738,338083,77,424810
10557,0.052263,172.31.40.0-255,66,338149,77,424810
10558,0.054532,74.125.130.0-255,5738,343887,77,424810
10559,0.054551,172.31.40.0-255,66,343953,77,424810
10560,0.056819,74.125.130.0-255,5738,349691,77,424810
10561,0.056827,172.31.40.0-255,66,349757,77,424810
10562,0.059087,74.125.130.0-255,5738,355495,77,424810
10563,0.059096,172.31.40.0-255,66,355561,77,424810
10564,0.06138,74.125.130.0-255,5738,361299,77,424810
10565,0.061398,172.31.40.0-255,66,361365,77,424810
10566,0.063658,74.125.130.0-255,5738,367103,77,424810
10567,0.063674,172.31.40.0-255,66,367169,77,424810
10568,0.065933,74.125.130.0-255,5738,372907,77,424810
10569,0.065941,172.31.40.0-255,66,372973,77,424810
10570,0.068207,74.125.130.0-255,5738,378711,77,424810
10571,0.068224,172.31.40.0-255,66,378777,77,424810
10572,0.070488,74.125.130.0-255,5738,384515,77,424810
10573,0.070495,172.31.40.0-255,66,384581,77,424810
10574,0.072749,74.125.130.0-255,5738,390319,77,424810
10575,0.07276,172.31.40.0-255,66,390385,77,424810
10576,0.075028,74.125.130.0-255,5738,396123,77,424810
10577,0.075045,172.31.40.0-255,66,396189,77,424810
10578,0.077344,74.125.130.0-255,5738,401927,77,424810
10579,0.077352,172.31.40.0-255,66,401993,77,424810
10580,0.079619,74.125.130.0-255,5738,407731,77,424810
10581,0.079635,172.31.40.0-255,66,407797,77,424810
10582,0.081884,74.125.130.0-255,5738,413535,77,424810
10583,0.081892,172.31.40.0-255,66,413601,77,424810
10584,0.084152,74.125.130.0-255,5738,419339,77,424810
10585,0.084166,172.31.40.0-255,66,419405,77,424810
10586,0.086413,74.125.130.0-255,5168,424573,77,424810
10587,0.08642,172.31.40.0-255,66,424639,77,424810
10588,0.08661,172.31.40.0-255,105,424744,77,424810
10589,0.088828,74.125.130.0-255,66,424810,77,424810
10590,0.0,172.217.194.0-255,152,152,77,388732
10591,3.2e-05,172.31.40.0-255,66,218,77,388732
10592,3.9e-05,172.217.194.0-255,1484,1702,77,388732
10593,4.3e-05,172.31.40.0-255,66,1768,77,388732
10594,4.7e-05,172.217.194.0-255,2902,4670,77,388732
10595,5e-05,172.31.40.0-255,66,4736,77,388732
10596,5.8e-05,172.217.194.0-255,7156,11892,77,388732
10597,6e-05,172.31.40.0-255,66,11958,77,388732
10598,6.4e-05,172.217.194.0-255,1978,13936,77,388732
10599,6.7e-05,172.31.40.0-255,66,14002,77,388732
10600,0.000112,172.217.194.0-255,1484,15486,77,388732
10601,0.000115,172.31.40.0-255,66,15552,77,388732
10602,0.000142,172.217.194.0-255,2902,18454,77,388732
10603,0.000147,172.31.40.0-255,66,18520,77,388732
10604,0.000153,172.217.194.0-255,5738,24258,77,388732
10605,0.000155,172.31.40.0-255,66,24324,77,388732
10606,0.000172,172.217.194.0-255,6797,31121,77,388732
10607,0.000175,172.31.40.0-255,66,31187,77,388732
10608,0.000373,172.217.194.0-255,1484,32671,77,388732
10609,0.000377,172.31.40.0-255,66,32737,77,388732
10610,0.000382,172.217.194.0-255,2902,35639,77,388732
10611,0.000385,172.31.40.0-255,66,35705,77,388732
10612,0.000404,172.217.194.0-255,5738,41443,77,388732
10613,0.00041,172.31.40.0-255,66,41509,77,388732
10614,0.000414,172.217.194.0-255,1484,42993,77,388732
10615,0.000417,172.31.40.0-255,66,43059,77,388732
10616,0.000437,172.217.194.0-255,5379,48438,77,388732
10617,0.000441,172.31.40.0-255,66,48504,77,388732
10618,0.000477,172.217.194.0-255,2902,51406,77,388732
10619,0.000481,172.31.40.0-255,66,51472,77,388732
10620,0.000486,172.217.194.0-255,4320,55792,77,388732
10621,0.000488,172.31.40.0-255,66,55858,77,388732
10622,0.000502,172.217.194.0-255,1484,57342,77,388732
10623,0.000526,172.217.194.0-255,7156,64498,77,388732
10624,0.00053,172.31.40.0-255,66,64564,77,388732
10625,0.000533,172.217.194.0-255,1125,65689,77,388732
10626,0.000781,172.217.194.0-255,649,66338,77,388732
10627,0.000785,172.31.40.0-255,66,66404,77,388732
10628,0.000892,172.217.194.0-255,1484,67888,77,388732
10629,0.000917,172.217.194.0-255,2902,70790,77,388732
10630,0.00092,172.31.40.0-255,66,70856,77,388732
10631,0.000926,172.217.194.0-255,4320,75176,77,388732
10632,0.000928,172.31.40.0-255,66,75242,77,388732
10633,0.000948,172.217.194.0-255,1484,76726,77,388732
10634,0.000955,172.217.194.0-255,7156,83882,77,388732
10635,0.000958,172.31.40.0-255,66,83948,77,388732
10636,0.00099,172.217.194.0-255,7156,91104,77,388732
10637,0.000993,172.31.40.0-255,66,91170,77,388732
10638,0.001013,172.217.194.0-255,7156,98326,77,388732
10639,0.001015,172.31.40.0-255,66,98392,77,388732
10640,0.001019,172.217.194.0-255,2184,100576,77,388732
10641,0.001021,172.31.40.0-255,66,100642,77,388732
10642,0.001371,172.217.194.0-255,1484,102126,77,388732
10643,0.001379,172.217.194.0-255,2902,105028,77,388732
10644,0.001383,172.31.40.0-255,66,105094,77,388732
10645,0.001389,172.217.194.0-255,4320,109414,77,388732
10646,0.001391,172.31.40.0-255,66,109480,77,388732
10647,0.001407,172.217.194.0-255,1484,110964,77,388732
10648,0.001412,172.217.194.0-255,4320,115284,77,388732
10649,0.001414,172.31.40.0-255,66,115350,77,388732
10650,0.001431,172.217.194.0-255,8574,123924,77,388732
10651,0.001433,172.31.40.0-255,66,123990,77,388732
10652,0.001439,172.217.194.0-255,5738,129728,77,388732
10653,0.001441,172.31.40.0-255,66,129794,77,388732
10654,0.001465,172.217.194.0-255,5020,134814,77,388732
10655,0.001468,172.31.40.0-255,66,134880,77,388732
10656,0.00151,172.217.194.0-255,1484,136364,77,388732
10657,0.001516,172.217.194.0-255,2902,139266,77,388732
10658,0.001519,172.31.40.0-255,66,139332,77,388732
10659,0.001525,172.217.194.0-255,5738,145070,77,388732
10660,0.001527,172.31.40.0-255,66,145136,77,388732
10661,0.001542,172.217.194.0-255,2902,148038,77,388732
10662,0.001545,172.31.40.0-255,66,148104,77,388732
10663,0.001565,172.217.194.0-255,4320,152424,77,388732
10664,0.001567,172.31.40.0-255,66,152490,77,388732
10665,0.001573,172.217.194.0-255,4320,156810,77,388732
10666,0.001576,172.31.40.0-255,66,156876,77,388732
10667,0.001595,172.217.194.0-255,9992,166868,77,388732
10668,0.0016,172.31.40.0-255,66,166934,77,388732
10669,0.001604,172.217.194.0-255,2184,169118,77,388732
10670,0.001606,172.31.40.0-255,66,169184,77,388732
10671,0.001637,172.217.194.0-255,1484,170668,77,388732
10672,0.001642,172.217.194.0-255,2902,173570,77,388732
10673,0.001645,172.31.40.0-255,66,173636,77,388732
10674,0.00167,172.217.194.0-255,5738,179374,77,388732
10675,0.001674,172.31.40.0-255,66,179440,77,388732
10676,0.001678,172.217.194.0-255,4320,183760,77,388732
10677,0.00168,172.31.40.0-255,66,183826,77,388732
10678,0.001708,172.217.194.0-255,8574,192400,77,388732
10679,0.001713,172.31.40.0-255,66,192466,77,388732
10680,0.001722,172.217.194.0-255,10692,203158,77,388732
10681,0.001724,172.31.40.0-255,66,203224,77,388732
10682,0.001751,172.217.194.0-255,7156,210380,77,388732
10683,0.001753,172.31.40.0-255,66,210446,77,388732
10684,0.0018,172.217.194.0-255,5738,216184,77,388732
10685,0.001804,172.31.40.0-255,66,216250,77,388732
10686,0.001819,172.31.40.0-255,66,216316,77,388732
10687,0.001825,172.217.194.0-255,6438,222754,77,388732
10688,0.001828,172.31.40.0-255,66,222820,77,388732
10689,0.001834,172.217.194.0-255,7156,229976,77,388732
10690,0.001836,172.31.40.0-255,66,230042,77,388732
10691,0.001861,172.217.194.0-255,7156,237198,77,388732
10692,0.001865,172.31.40.0-255,66,237264,77,388732
10693,0.001894,172.217.194.0-255,8574,245838,77,388732
10694,0.001898,172.31.40.0-255,66,245904,77,388732
10695,0.001907,172.217.194.0-255,9992,255896,77,388732
10696,0.001909,172.31.40.0-255,66,255962,77,388732
10697,0.001937,172.217.194.0-255,766,256728,77,388732
10698,0.001949,172.217.194.0-255,11410,268138,77,388732
10699,0.001953,172.31.40.0-255,66,268204,77,388732
10700,0.002001,172.217.194.0-255,12828,281032,77,388732
10701,0.002007,172.31.40.0-255,66,281098,77,388732
10702,0.002035,172.217.194.0-255,9274,290372,77,388732
10703,0.002038,172.31.40.0-255,66,290438,77,388732
10704,0.002055,172.217.194.0-255,1484,291922,77,388732
10705,0.002068,172.217.194.0-255,2902,294824,77,388732
10706,0.00207,172.31.40.0-255,66,294890,77,388732
10707,0.002073,172.217.194.0-255,1484,296374,77,388732
10708,0.002098,172.217.194.0-255,4320,300694,77,388732
10709,0.002101,172.31.40.0-255,66,300760,77,388732
10710,0.002108,172.217.194.0-255,7156,307916,77,388732
10711,0.00211,172.31.40.0-255,66,307982,77,388732
10712,0.002115,172.217.194.0-255,4320,312302,77,388732
10713,0.002117,172.31.40.0-255,66,312368,77,388732
10714,0.00214,172.217.194.0-255,9992,322360,77,388732
10715,0.002143,172.31.40.0-255,66,322426,77,388732
10716,0.00216,172.217.194.0-255,2184,324610,77,388732
10717,0.002162,172.31.40.0-255,66,324676,77,388732
10718,0.002167,172.217.194.0-255,2902,327578,77,388732
10719,0.002168,172.31.40.0-255,66,327644,77,388732
10720,0.002193,172.217.194.0-255,7156,334800,77,388732
10721,0.002196,172.31.40.0-255,66,334866,77,388732
10722,0.002203,172.217.194.0-255,7156,342022,77,388732
10723,0.002205,172.31.40.0-255,66,342088,77,388732
10724,0.00223,172.217.194.0-255,2902,344990,77,388732
10725,0.002233,172.31.40.0-255,66,345056,77,388732
10726,0.002256,172.217.194.0-255,5738,350794,77,388732
10727,0.002259,172.31.40.0-255,66,350860,77,388732
10728,0.002286,172.217.194.0-255,7856,358716,77,388732
10729,0.002289,172.31.40.0-255,66,358782,77,388732
10730,0.00232,172.217.194.0-255,7156,365938,77,388732
10731,0.002323,172.31.40.0-255,66,366004,77,388732
10732,0.00233,172.217.194.0-255,8574,374578,77,388732
10733,0.002332,172.31.40.0-255,66,374644,77,388732
10734,0.002362,172.31.40.0-255,66,374710,77,388732
10735,0.002376,172.217.194.0-255,1484,376194,77,388732
10736,0.002379,172.217.194.0-255,766,376960,77,388732
10737,0.002381,172.31.40.0-255,66,377026,77,388732
10738,0.004664,172.217.194.0-255,4320,381346,77,388732
10739,0.004669,172.31.40.0-255,66,381412,77,388732
10740,0.004687,172.217.194.0-255,1484,382896,77,388732
10741,0.006965,172.217.194.0-255,1153,384049,77,388732
10742,0.006975,172.31.40.0-255,66,384115,77,388732
10743,0.010468,172.31.40.0-255,101,384216,77,388732
10744,0.012726,172.217.194.0-255,66,384282,77,388732
10745,0.01292,172.31.40.0-255,105,384387,77,388732
10746,0.015222,172.217.194.0-255,66,384453,77,388732
10747,0.045889,172.31.40.0-255,172,384625,77,388732
10748,0.045917,172.31.40.0-255,1119,385744,77,388732
10749,0.045964,172.31.40.0-255,1514,387258,77,388732
10750,0.045966,172.31.40.0-255,1276,388534,77,388732
10751,0.047443,104.244.42.0-255,66,388600,77,388732
10752,0.047473,104.244.42.0-255,66,388666,77,388732
10753,0.047532,104.244.42.0-255,66,388732,77,388732
10754,0.0,74.125.200.0-255,153,153,77,419924
10755,2.5e-05,172.31.40.0-255,66,219,77,419924
10756,3.2e-05,74.125.200.0-255,1484,1703,77,419924
10757,3.7e-05,172.31.40.0-255,66,1769,77,419924
10758,4e-05,74.125.200.0-255,1484,3253,77,419924
10759,4.3e-05,172.31.40.0-255,66,3319,77,419924
10760,5.7e-05,74.125.200.0-255,2902,6221,77,419924
10761,6e-05,172.31.40.0-255,66,6287,77,419924
10762,6.6e-05,74.125.200.0-255,5738,12025,77,419924
10763,6.9e-05,172.31.40.0-255,66,12091,77,419924
10764,7.2e-05,74.125.200.0-255,1484,13575,77,419924
10765,7.4e-05,172.31.40.0-255,66,13641,77,419924
10766,0.000101,74.125.200.0-255,693,14334,77,419924
10767,0.000107,172.31.40.0-255,66,14400,77,419924
10768,0.000249,74.125.200.0-255,1484,15884,77,419924
10769,0.000254,172.31.40.0-255,66,15950,77,419924
10770,0.000301,74.125.200.0-255,2902,18852,77,419924
10771,0.000305,172.31.40.0-255,66,18918,77,419924
10772,0.000308,74.125.200.0-255,1484,20402,77,419924
10773,0.00031,172.31.40.0-255,66,20468,77,419924
10774,0.000315,74.125.200.0-255,2902,23370,77,419924
10775,0.000321,172.31.40.0-255,66,23436,77,419924
10776,0.000362,74.125.200.0-255,5738,29174,77,419924
10777,0.000365,172.31.40.0-255,66,29240,77,419924
10778,0.000368,74.125.200.0-255,1484,30724,77,419924
10779,0.00037,172.31.40.0-255,66,30790,77,419924
10780,0.000416,74.125.200.0-255,1484,32274,77,419924
10781,0.000418,172.31.40.0-255,66,32340,77,419924
10782,0.000444,74.125.200.0-255,8215,40555,77,419924
10783,0.000446,172.31.40.0-255,66,40621,77,419924
10784,0.000452,74.125.200.0-255,5738,46359,77,419924
10785,0.000454,172.31.40.0-255,66,46425,77,419924
10786,0.000477,74.125.200.0-255,4320,50745,77,419924
10787,0.000479,172.31.40.0-255,66,50811,77,419924
10788,0.000507,74.125.200.0-255,4320,55131,77,419924
10789,0.00051,172.31.40.0-255,66,55197,77,419924
10790,0.000545,74.125.200.0-255,7156,62353,77,419924
10791,0.000548,172.31.40.0-255,66,62419,77,419924
10792,0.000551,74.125.200.0-255,1484,63903,77,419924
10793,0.000556,74.125.200.0-255,2184,66087,77,419924
10794,0.000557,172.31.40.0-255,66,66153,77,419924
10795,0.000586,74.125.200.0-255,442,66595,77,419924
10796,0.000692,74.125.200.0-255,1484,68079,77,419924
10797,0.000695,172.31.40.0-255,66,68145,77,419924
10798,0.0007,74.125.200.0-255,2902,71047,77,419924
10799,0.000702,172.31.40.0-255,66,71113,77,419924
10800,0.000706,74.125.200.0-255,2902,74015,77,419924
10801,0.000708,172.31.40.0-255,66,74081,77,419924
10802,0.000745,74.125.200.0-255,4320,78401,77,419924
10803,0.000748,172.31.40.0-255,66,78467,77,419924
10804,0.000775,74.125.200.0-255,5738,84205,77,419924
10805,0.000778,172.31.40.0-255,66,84271,77,419924
10806,0.000796,74.125.200.0-255,2902,87173,77,419924
10807,0.000798,172.31.40.0-255,66,87239,77,419924
10808,0.000802,74.125.200.0-255,2902,90141,77,419924
10809,0.000803,172.31.40.0-255,66,90207,77,419924
10810,0.000851,74.125.200.0-255,5738,95945,77,419924
10811,0.000853,172.31.40.0-255,66,96011,77,419924
10812,0.00087,74.125.200.0-255,5287,101298,77,419924
10813,0.000872,172.31.40.0-255,66,101364,77,419924
10814,0.000999,74.125.200.0-255,1484,102848,77,419924
10815,0.001005,74.125.200.0-255,2902,105750,77,419924
10816,0.001008,172.31.40.0-255,66,105816,77,419924
10817,0.001032,74.125.200.0-255,5738,111554,77,419924
10818,0.001034,172.31.40.0-255,66,111620,77,419924
10819,0.001077,74.125.200.0-255,2902,114522,77,419924
10820,0.00108,172.31.40.0-255,66,114588,77,419924
10821,0.001113,74.125.200.0-255,9992,124580,77,419924
10822,0.001116,172.31.40.0-255,66,124646,77,419924
10823,0.001121,74.125.200.0-255,4320,128966,77,419924
10824,0.001123,172.31.40.0-255,66,129032,77,419924
10825,0.001128,74.125.200.0-255,4320,133352,77,419924
10826,0.001133,172.31.40.0-255,66,133418,77,419924
10827,0.00116,74.125.200.0-255,2184,135602,77,419924
10828,0.001163,172.31.40.0-255,66,135668,77,419924
10829,0.001185,74.125.200.0-255,1484,137152,77,419924
10830,0.001202,74.125.200.0-255,2902,140054,77,419924
10831,0.001204,172.31.40.0-255,66,140120,77,419924
10832,0.001207,74.125.200.0-255,1484,141604,77,419924
10833,0.00121,74.125.200.0-255,1484,143088,77,419924
10834,0.001211,172.31.40.0-255,66,143154,77,419924
10835,0.001232,74.125.200.0-255,1484,144638,77,419924
10836,0.001238,74.125.200.0-255,5738,150376,77,419924
10837,0.00124,172.31.40.0-255,66,150442,77,419924
10838,0.001262,74.125.200.0-255,2902,153344,77,419924
10839,0.001264,172.31.40.0-255,66,153410,77,419924
10840,0.001298,74.125.200.0-255,9992,163402,77,419924
10841,0.0013,172.31.40.0-255,66,163468,77,419924
10842,0.001326,74.125.200.0-255,6438,169906,77,419924
10843,0.001329,172.31.40.0-255,66,169972,77,419924
10844,0.001678,74.125.200.0-255,1484,171456,77,419924
10845,0.0017,74.125.200.0-255,2902,174358,77,419924
10846,0.001703,172.31.40.0-255,66,174424,77,419924
10847,0.001731,74.125.200.0-255,1484,175908,77,419924
10848,0.001736,74.125.200.0-255,2902,178810,77,419924
10849,0.001738,172.31.40.0-255,66,178876,77,419924
10850,0.001765,74.125.200.0-255,4320,183196,77,419924
10851,0.001767,172.31.40.0-255,66,183262,77,419924
10852,0.001798,74.125.200.0-255,1484,184746,77,419924
10853,0.001801,74.125.200.0-255,1484,186230,77,419924
10854,0.001803,172.31.40.0-255,66,186296,77,419924
10855,0.001808,74.125.200.0-255,2902,189198,77,419924
10856,0.001809,172.31.40.0-255,66,189264,77,419924
10857,0.001815,74.125.200.0-255,5738,195002,77,419924
10858,0.001817,172.31.40.0-255,66,195068,77,419924
10859,0.00182,74.125.200.0-255,1484,196552,77,419924
10860,0.001877,74.125.200.0-255,2902,199454,77,419924
10861,0.001881,172.31.40.0-255,66,199520,77,419924
10862,0.001907,74.125.200.0-255,5020,204540,77,419924
10863,0.00191,172.31.40.0-255,66,204606,77,419924
10864,0.004242,74.125.200.0-255,5738,210344,77,419924
10865,0.004249,172.31.40.0-255,66,210410,77,419924
10866,0.006572,74.125.200.0-255,1484,211894,77,419924
10867,0.006591,74.125.200.0-255,4320,216214,77,419924
10868,0.006594,172.31.40.0-255,66,216280,77,419924
10869,0.008927,74.125.200.0-255,4320,220600,77,419924
10870,0.008934,172.31.40.0-255,66,220666,77,419924
10871,0.008967,74.125.200.0-255,1484,222150,77,419924
10872,0.011274,74.125.200.0-255,4320,226470,77,419924
10873,0.011283,172.31.40.0-255,66,226536,77,419924
10874,0.013617,74.125.200.0-255,5738,232274,77,419924
10875,0.013626,172.31.40.0-255,66,232340,77,419924
10876,0.015967,74.125.200.0-255,5738,238078,77,419924
10877,0.015978,172.31.40.0-255,66,238144,77,419924
10878,0.018322,74.125.200.0-255,5738,243882,77,419924
10879,0.018332,172.31.40.0-255,66,243948,77,419924
10880,0.020723,74.125.200.0-255,5738,249686,77,419924
10881,0.020731,172.31.40.0-255,66,249752,77,419924
10882,0.023059,74.125.200.0-255,5738,255490,77,419924
10883,0.023069,172.31.40.0-255,66,255556,77,419924
10884,0.025448,74.125.200.0-255,5738,261294,77,419924
10885,0.025464,172.31.40.0-255,66,261360,77,419924
10886,0.027818,74.125.200.0-255,5738,267098,77,419924
10887,0.027835,172.31.40.0-255,66,267164,77,419924
10888,0.030176,74.125.200.0-255,5738,272902,77,419924
10889,0.030189,172.31.40.0-255,66,272968,77,419924
10890,0.032537,74.125.200.0-255,5738,278706,77,419924
10891,0.032549,172.31.40.0-255,66,278772,77,419924
10892,0.034942,74.125.200.0-255,5738,284510,77,419924
10893,0.034954,172.31.40.0-255,66,284576,77,419924
10894,0.037297,74.125.200.0-255,5738,290314,77,419924
10895,0.037308,172.31.40.0-255,66,290380,77,419924
10896,0.038274,172.31.40.0-255,172,290552,77,419924
10897,0.038315,172.31.40.0-255,1120,291672,77,419924
10898,0.038472,172.31.40.0-255,1514,293186,77,419924
10899,0.038474,172.31.40.0-255,1275,294461,77,419924
10900,0.03964,74.125.200.0-255,5738,300199,77,419924
10901,0.039648,172.31.40.0-255,66,300265,77,419924
10902,0.039814,104.244.42.0-255,66,300331,77,419924
10903,0.039911,104.244.42.0-255,66,300397,77,419924
10904,0.040019,104.244.42.0-255,66,300463,77,419924
10905,0.042006,74.125.200.0-255,5738,306201,77,419924
10906,0.042021,172.31.40.0-255,66,306267,77,419924
10907,0.044373,74.125.200.0-255,5738,312005,77,419924
10908,0.044387,172.31.40.0-255,66,312071,77,419924
10909,0.046729,74.125.200.0-255,5738,317809,77,419924
10910,0.046751,172.31.40.0-255,66,317875,77,419924
10911,0.049093,74.125.200.0-255,5738,323613,77,419924
10912,0.049111,172.31.40.0-255,66,323679,77,419924
10913,0.051463,74.125.200.0-255,5738,329417,77,419924
10914,0.051481,172.31.40.0-255,66,329483,77,419924
10915,0.053833,74.125.200.0-255,5738,335221,77,419924
10916,0.05385,172.31.40.0-255,66,335287,77,419924
10917,0.056205,74.125.200.0-255,5738,341025,77,419924
10918,0.056224,172.31.40.0-255,66,341091,77,419924
10919,0.058574,74.125.200.0-255,5738,346829,77,419924
10920,0.058592,172.31.40.0-255,66,346895,77,419924
10921,0.060948,74.125.200.0-255,5738,352633,77,419924
10922,0.060966,172.31.40.0-255,66,352699,77,419924
10923,0.063324,74.125.200.0-255,5738,358437,77,419924
10924,0.063342,172.31.40.0-255,66,358503,77,419924
10925,0.065686,74.125.200.0-255,5738,364241,77,419924
10926,0.065703,172.31.40.0-255,66,364307,77,419924
10927,0.068059,74.125.200.0-255,5738,370045,77,419924
10928,0.068076,172.31.40.0-255,66,370111,77,419924
10929,0.070419,74.125.200.0-255,5738,375849,77,419924
10930,0.070434,172.31.40.0-255,66,375915,77,419924
10931,0.072774,74.125.200.0-255,5738,381653,77,419924
10932,0.072788,172.31.40.0-255,66,381719,77,419924
10933,0.075122,74.125.200.0-255,5738,387457,77,419924
10934,0.07514,172.31.40.0-255,66,387523,77,419924
10935,0.077482,74.125.200.0-255,5738,393261,77,419924
10936,0.077494,172.31.40.0-255,66,393327,77,419924
10937,0.079832,74.125.200.0-255,5738,399065,77,419924
10938,0.07984,172.31.40.0-255,66,399131,77,419924
10939,0.082174,74.125.200.0-255,5738,404869,77,419924
10940,0.082181,172.31.40.0-255,66,404935,77,419924
10941,0.084517,74.125.200.0-255,5738,410673,77,419924
10942,0.084523,172.31.40.0-255,66,410739,77,419924
10943,0.086869,74.125.200.0-255,5738,416477,77,419924
10944,0.086876,172.31.40.0-255,66,416543,77,419924
10945,0.089214,74.125.200.0-255,3144,419687,77,419924
10946,0.089221,172.31.40.0-255,66,419753,77,419924
10947,0.089393,172.31.40.0-255,105,419858,77,419924
10948,0.091696,74.125.200.0-255,66,419924,77,419924
10949,0.0,172.217.194.0-255,150,150,77,406731
10950,2e-05,172.31.40.0-255,66,216,77,406731
10951,2.6e-05,172.217.194.0-255,1484,1700,77,406731
10952,3.1e-05,172.31.40.0-255,66,1766,77,406731
10953,3.5e-05,172.217.194.0-255,2902,4668,77,406731
10954,3.8e-05,172.31.40.0-255,66,4734,77,406731
10955,4.5e-05,172.217.194.0-255,7156,11890,77,406731
10956,4.7e-05,172.31.40.0-255,66,11956,77,406731
10957,8.2e-05,172.217.194.0-255,2037,13993,77,406731
10958,8.5e-05,172.31.40.0-255,66,14059,77,406731
10959,0.000102,172.217.194.0-255,2902,16961,77,406731
10960,0.000104,172.31.40.0-255,66,17027,77,406731
10961,0.000116,172.217.194.0-255,1484,18511,77,406731
10962,0.000118,172.31.40.0-255,66,18577,77,406731
10963,0.000132,172.217.194.0-255,5738,24315,77,406731
10964,0.000134,172.31.40.0-255,66,24381,77,406731
10965,0.000137,172.217.194.0-255,1484,25865,77,406731
10966,0.000138,172.31.40.0-255,66,25931,77,406731
10967,0.000161,172.217.194.0-255,5379,31310,77,406731
10968,0.000165,172.31.40.0-255,66,31376,77,406731
10969,0.000236,172.217.194.0-255,1484,32860,77,406731
10970,0.00024,172.31.40.0-255,66,32926,77,406731
10971,0.000245,172.217.194.0-255,2902,35828,77,406731
10972,0.000246,172.31.40.0-255,66,35894,77,406731
10973,0.000269,172.217.194.0-255,5738,41632,77,406731
10974,0.000271,172.31.40.0-255,66,41698,77,406731
10975,0.000307,172.217.194.0-255,9992,51690,77,406731
10976,0.000309,172.31.40.0-255,66,51756,77,406731
10977,0.000326,172.217.194.0-255,2543,54299,77,406731
10978,0.000328,172.31.40.0-255,66,54365,77,406731
10979,0.000342,172.217.194.0-255,2902,57267,77,406731
10980,0.000344,172.31.40.0-255,66,57333,77,406731
10981,0.000365,172.217.194.0-255,5738,63071,77,406731
10982,0.000367,172.31.40.0-255,66,63137,77,406731
10983,0.000382,172.217.194.0-255,2844,65981,77,406731
10984,0.000384,172.31.40.0-255,66,66047,77,406731
10985,0.000386,172.217.194.0-255,384,66431,77,406731
10986,0.000699,172.217.194.0-255,1484,67915,77,406731
10987,0.000704,172.31.40.0-255,66,67981,77,406731
10988,0.000709,172.217.194.0-255,2902,70883,77,406731
10989,0.000711,172.31.40.0-255,66,70949,77,406731
10990,0.000713,172.217.194.0-255,1484,72433,77,406731
10991,0.000733,172.217.194.0-255,4320,76753,77,406731
10992,0.000735,172.31.40.0-255,66,76819,77,406731
10993,0.000772,172.217.194.0-255,12828,89647,77,406731
10994,0.000775,172.31.40.0-255,66,89713,77,406731
10995,0.000793,172.217.194.0-255,2902,92615,77,406731
10996,0.000795,172.31.40.0-255,66,92681,77,406731
10997,0.000809,172.217.194.0-255,7856,100537,77,406731
10998,0.000812,172.31.40.0-255,66,100603,77,406731
10999,0.001273,172.217.194.0-255,1484,102087,77,406731
11000,0.00128,172.217.194.0-255,2902,104989,77,406731
11001,0.001284,172.31.40.0-255,66,105055,77,406731
11002,0.001288,172.217.194.0-255,2902,107957,77,406731
11003,0.00129,172.31.40.0-255,66,108023,77,406731
11004,0.001307,172.217.194.0-255,2902,110925,77,406731
11005,0.001308,172.31.40.0-255,66,110991,77,406731
11006,0.001312,172.217.194.0-255,2902,113893,77,406731
11007,0.001314,172.31.40.0-255,66,113959,77,406731
11008,0.001316,172.217.194.0-255,1484,115443,77,406731
11009,0.001343,172.217.194.0-255,8574,124017,77,406731
11010,0.001345,172.31.40.0-255,66,124083,77,406731
11011,0.001364,172.217.194.0-255,2902,126985,77,406731
11012,0.001366,172.31.40.0-255,66,127051,77,406731
11013,0.001383,172.217.194.0-255,7856,134907,77,406731
11014,0.001385,172.31.40.0-255,66,134973,77,406731
11015,0.001581,172.217.194.0-255,1484,136457,77,406731
11016,0.001584,172.217.194.0-255,2902,139359,77,406731
11017,0.001586,172.31.40.0-255,66,139425,77,406731
11018,0.001602,172.217.194.0-255,4320,143745,77,406731
11019,0.001604,172.31.40.0-255,66,143811,77,406731
11020,0.001616,172.217.194.0-255,1484,145295,77,406731
11021,0.001623,172.217.194.0-255,5738,151033,77,406731
11022,0.001625,172.31.40.0-255,66,151099,77,406731
11023,0.001639,172.217.194.0-255,1484,152583,77,406731
11024,0.001665,172.217.194.0-255,11410,163993,77,406731
11025,0.001666,172.31.40.0-255,66,164059,77,406731
11026,0.001672,172.217.194.0-255,5020,169079,77,406731
11027,0.001673,172.31.40.0-255,66,169145,77,406731
11028,0.001831,172.217.194.0-255,1484,170629,77,406731
11029,0.001848,172.217.194.0-255,2902,173531,77,406731
11030,0.00185,172.31.40.0-255,66,173597,77,406731
11031,0.001856,172.217.194.0-255,5738,179335,77,406731
11032,0.001858,172.31.40.0-255,66,179401,77,406731
11033,0.001872,172.217.194.0-255,4320,183721,77,406731
11034,0.001875,172.31.40.0-255,66,183787,77,406731
11035,0.001891,172.217.194.0-255,1484,185271,77,406731
11036,0.001898,172.217.194.0-255,7156,192427,77,406731
11037,0.0019,172.31.40.0-255,66,192493,77,406731
11038,0.001925,172.217.194.0-255,5738,198231,77,406731
11039,0.001927,172.31.40.0-255,66,198297,77,406731
11040,0.001932,172.217.194.0-255,5020,203317,77,406731
11041,0.001934,172.31.40.0-255,66,203383,77,406731
11042,0.002124,172.217.194.0-255,1484,204867,77,406731
11043,0.002146,172.217.194.0-255,2902,207769,77,406731
11044,0.002148,172.31.40.0-255,66,207835,77,406731
11045,0.002151,172.217.194.0-255,1484,209319,77,406731
11046,0.00217,172.217.194.0-255,4320,213639,77,406731
11047,0.002172,172.31.40.0-255,66,213705,77,406731
11048,0.002178,172.217.194.0-255,5738,219443,77,406731
11049,0.002181,172.31.40.0-255,66,219509,77,406731
11050,0.00221,172.217.194.0-255,12828,232337,77,406731
11051,0.002213,172.31.40.0-255,66,232403,77,406731
11052,0.00223,172.217.194.0-255,5738,238141,77,406731
11053,0.002233,172.31.40.0-255,66,238207,77,406731
11054,0.002265,172.217.194.0-255,6438,244645,77,406731
11055,0.002267,172.31.40.0-255,66,244711,77,406731
11056,0.002284,172.217.194.0-255,12828,257539,77,406731
11057,0.002287,172.31.40.0-255,66,257605,77,406731
11058,0.002299,172.217.194.0-255,13528,271133,77,406731
11059,0.002302,172.31.40.0-255,66,271199,77,406731
11060,0.002307,172.217.194.0-255,4320,275519,77,406731
11061,0.00231,172.31.40.0-255,66,275585,77,406731
11062,0.002341,172.217.194.0-255,9992,285577,77,406731
11063,0.002344,172.31.40.0-255,66,285643,77,406731
11064,0.002359,172.31.40.0-255,66,285709,77,406731
11065,0.002379,172.217.194.0-255,5738,291447,77,406731
11066,0.002382,172.31.40.0-255,66,291513,77,406731
11067,0.002409,172.217.194.0-255,7856,299369,77,406731
11068,0.002412,172.31.40.0-255,66,299435,77,406731
11069,0.004749,172.217.194.0-255,5738,305173,77,406731
11070,0.004766,172.31.40.0-255,66,305239,77,406731
11071,0.007117,172.217.194.0-255,5738,310977,77,406731
11072,0.007124,172.31.40.0-255,66,311043,77,406731
11073,0.00946,172.217.194.0-255,4320,315363,77,406731
11074,0.009465,172.31.40.0-255,66,315429,77,406731
11075,0.009484,172.217.194.0-255,1484,316913,77,406731
11076,0.011814,172.217.194.0-255,4320,321233,77,406731
11077,0.011822,172.31.40.0-255,66,321299,77,406731
11078,0.014164,172.217.194.0-255,5738,327037,77,406731
11079,0.014172,172.31.40.0-255,66,327103,77,406731
11080,0.016504,172.217.194.0-255,5738,332841,77,406731
11081,0.016511,172.31.40.0-255,66,332907,77,406731
11082,0.018885,172.217.194.0-255,5738,338645,77,406731
11083,0.018893,172.31.40.0-255,66,338711,77,406731
11084,0.021235,172.217.194.0-255,5738,344449,77,406731
11085,0.021245,172.31.40.0-255,66,344515,77,406731
11086,0.023588,172.217.194.0-255,5738,350253,77,406731
11087,0.023594,172.31.40.0-255,66,350319,77,406731
11088,0.025958,172.217.194.0-255,5738,356057,77,406731
11089,0.025966,172.31.40.0-255,66,356123,77,406731
11090,0.028313,172.217.194.0-255,5738,361861,77,406731
11091,0.02832,172.31.40.0-255,66,361927,77,406731
11092,0.030665,172.217.194.0-255,5738,367665,77,406731
11093,0.030673,172.31.40.0-255,66,367731,77,406731
11094,0.033028,172.217.194.0-255,5738,373469,77,406731
11095,0.033035,172.31.40.0-255,66,373535,77,406731
11096,0.034462,172.31.40.0-255,176,373711,77,406731
11097,0.034491,172.31.40.0-255,1119,374830,77,406731
11098,0.034542,172.31.40.0-255,1514,376344,77,406731
11099,0.034544,172.31.40.0-255,1276,377620,77,406731
11100,0.035396,172.217.194.0-255,5738,383358,77,406731
11101,0.035401,172.31.40.0-255,66,383424,77,406731
11102,0.036016,104.244.42.0-255,66,383490,77,406731
11103,0.036023,104.244.42.0-255,66,383556,77,406731
11104,0.036106,104.244.42.0-255,66,383622,77,406731
11105,0.037732,172.217.194.0-255,5738,389360,77,406731
11106,0.037737,172.31.40.0-255,66,389426,77,406731
11107,0.040083,172.217.194.0-255,5738,395164,77,406731
11108,0.040091,172.31.40.0-255,66,395230,77,406731
11109,0.042435,172.217.194.0-255,5738,400968,77,406731
11110,0.04244,172.31.40.0-255,66,401034,77,406731
11111,0.044778,172.217.194.0-255,5460,406494,77,406731
11112,0.044784,172.31.40.0-255,66,406560,77,406731
11113,0.044973,172.31.40.0-255,105,406665,77,406731
11114,0.047266,172.217.194.0-255,66,406731,77,406731
11115,0.0,172.31.40.0-255,105,105,77,276
11116,0.001791,157.240.7.0-255,105,210,77,276
11117,0.001802,172.31.40.0-255,66,276,77,276
11118,0.0,74.125.24.0-255,146,146,77,359648
11119,3.2e-05,172.31.40.0-255,66,212,77,359648
11120,4e-05,74.125.24.0-255,1484,1696,77,359648
11121,4.5e-05,172.31.40.0-255,66,1762,77,359648
11122,5.9e-05,74.125.24.0-255,2902,4664,77,359648
11123,6.3e-05,172.31.40.0-255,66,4730,77,359648
11124,7.1e-05,74.125.24.0-255,7156,11886,77,359648
11125,7.4e-05,172.31.40.0-255,66,11952,77,359648
11126,7.8e-05,74.125.24.0-255,2031,13983,77,359648
11127,8e-05,172.31.40.0-255,66,14049,77,359648
11128,8.5e-05,74.125.24.0-255,2902,16951,77,359648
11129,8.8e-05,172.31.40.0-255,66,17017,77,359648
11130,9.5e-05,74.125.24.0-255,7156,24173,77,359648
11131,9.8e-05,172.31.40.0-255,66,24239,77,359648
11132,0.000137,172.31.40.0-255,66,24305,77,359648
11133,0.000141,74.125.24.0-255,2902,27207,77,359648
11134,0.000143,172.31.40.0-255,66,27273,77,359648
11135,0.000187,74.125.24.0-255,12110,39383,77,359648
11136,0.000191,172.31.40.0-255,66,39449,77,359648
11137,0.000232,74.125.24.0-255,9940,49389,77,359648
11138,0.000235,172.31.40.0-255,66,49455,77,359648
11139,0.000238,74.125.24.0-255,113,49568,77,359648
11140,0.00024,172.31.40.0-255,66,49634,77,359648
11141,0.000288,74.125.24.0-255,1484,51118,77,359648
11142,0.00029,172.31.40.0-255,66,51184,77,359648
11143,0.000295,74.125.24.0-255,2902,54086,77,359648
11144,0.000297,172.31.40.0-255,66,54152,77,359648
11145,0.0003,74.125.24.0-255,1484,55636,77,359648
11146,0.000302,172.31.40.0-255,66,55702,77,359648
11147,0.000338,74.125.24.0-255,2902,58604,77,359648
11148,0.000341,172.31.40.0-255,66,58670,77,359648
11149,0.00035,74.125.24.0-255,9633,68303,77,359648
11150,0.000352,172.31.40.0-255,66,68369,77,359648
11151,0.000385,74.125.24.0-255,11410,79779,77,359648
11152,0.000387,172.31.40.0-255,66,79845,77,359648
11153,0.000414,74.125.24.0-255,3961,83806,77,359648
11154,0.000416,172.31.40.0-255,66,83872,77,359648
11155,0.000442,74.125.24.0-255,1484,85356,77,359648
11156,0.000449,74.125.24.0-255,2902,88258,77,359648
11157,0.000451,172.31.40.0-255,66,88324,77,359648
11158,0.000482,74.125.24.0-255,5738,94062,77,359648
11159,0.000485,172.31.40.0-255,66,94128,77,359648
11160,0.000504,74.125.24.0-255,5738,99866,77,359648
11161,0.000507,172.31.40.0-255,66,99932,77,359648
11162,0.000539,74.125.24.0-255,7156,107088,77,359648
11163,0.000542,172.31.40.0-255,66,107154,77,359648
11164,0.000552,74.125.24.0-255,10692,117846,77,359648
11165,0.000555,172.31.40.0-255,66,117912,77,359648
11166,0.000581,74.125.24.0-255,1484,119396,77,359648
11167,0.000604,74.125.24.0-255,2902,122298,77,359648
11168,0.000606,172.31.40.0-255,66,122364,77,359648
11169,0.000613,74.125.24.0-255,5738,128102,77,359648
11170,0.000616,172.31.40.0-255,66,128168,77,359648
11171,0.000657,74.125.24.0-255,4320,132488,77,359648
11172,0.000659,172.31.40.0-255,66,132554,77,359648
11173,0.000682,74.125.24.0-255,5738,138292,77,359648
11174,0.000685,172.31.40.0-255,66,138358,77,359648
11175,0.000696,74.125.24.0-255,12828,151186,77,359648
11176,0.000699,172.31.40.0-255,66,151252,77,359648
11177,0.000724,74.125.24.0-255,452,151704,77,359648
11178,0.000735,74.125.24.0-255,9992,161696,77,359648
11179,0.000737,172.31.40.0-255,66,161762,77,359648
11180,0.000772,74.125.24.0-255,4320,166082,77,359648
11181,0.000774,172.31.40.0-255,66,166148,77,359648
11182,0.000796,172.31.40.0-255,66,166214,77,359648
11183,0.000801,74.125.24.0-255,3602,169816,77,359648
11184,0.000804,172.31.40.0-255,66,169882,77,359648
11185,0.00081,74.125.24.0-255,4320,174202,77,359648
11186,0.000812,172.31.40.0-255,66,174268,77,359648
11187,0.000822,74.125.24.0-255,9992,184260,77,359648
11188,0.000824,172.31.40.0-255,66,184326,77,359648
11189,0.000829,74.125.24.0-255,4320,188646,77,359648
11190,0.000831,172.31.40.0-255,66,188712,77,359648
11191,0.000862,74.125.24.0-255,5738,194450,77,359648
11192,0.000865,172.31.40.0-255,66,194516,77,359648
11193,0.000869,74.125.24.0-255,2902,197418,77,359648
11194,0.000871,172.31.40.0-255,66,197484,77,359648
11195,0.000913,172.31.40.0-255,66,197550,77,359648
11196,0.00093,74.125.24.0-255,12828,210378,77,359648
11197,0.000933,172.31.40.0-255,66,210444,77,359648
11198,0.000941,74.125.24.0-255,7856,218300,77,359648
11199,0.000943,172.31.40.0-255,66,218366,77,359648
11200,0.000986,74.125.24.0-255,8574,226940,77,359648
11201,0.000988,172.31.40.0-255,66,227006,77,359648
11202,0.001004,172.31.40.0-255,66,227072,77,359648
11203,0.001026,74.125.24.0-255,2902,229974,77,359648
11204,0.001029,172.31.40.0-255,66,230040,77,359648
11205,0.001032,74.125.24.0-255,1484,231524,77,359648
11206,0.001064,74.125.24.0-255,5020,236544,77,359648
11207,0.001094,74.125.24.0-255,8574,245118,77,359648
11208,0.001098,74.125.24.0-255,1484,246602,77,359648
11209,0.001122,74.125.24.0-255,8574,255176,77,359648
11210,0.001148,74.125.24.0-255,1484,256660,77,359648
11211,0.001191,74.125.24.0-255,13528,270188,77,359648
11212,0.001247,172.31.40.0-255,66,270254,77,359648
11213,0.001454,74.125.24.0-255,1484,271738,77,359648
11214,0.001471,74.125.24.0-255,2902,274640,77,359648
11215,0.001474,172.31.40.0-255,66,274706,77,359648
11216,0.00148,74.125.24.0-255,2902,277608,77,359648
11217,0.001506,74.125.24.0-255,2902,280510,77,359648
11218,0.00151,74.125.24.0-255,2902,283412,77,359648
11219,0.001519,172.31.40.0-255,66,283478,77,359648
11220,0.001538,74.125.24.0-255,9992,293470,77,359648
11221,0.001545,74.125.24.0-255,5738,299208,77,359648
11222,0.001551,172.31.40.0-255,66,299274,77,359648
11223,0.00157,74.125.24.0-255,4320,303594,77,359648
11224,0.001573,74.125.24.0-255,766,304360,77,359648
11225,0.001584,172.31.40.0-255,66,304426,77,359648
11226,0.001834,74.125.24.0-255,1484,305910,77,359648
11227,0.00184,74.125.24.0-255,2902,308812,77,359648
11228,0.001844,172.31.40.0-255,66,308878,77,359648
11229,0.001851,74.125.24.0-255,5738,314616,77,359648
11230,0.001874,74.125.24.0-255,5738,320354,77,359648
11231,0.001885,172.31.40.0-255,66,320420,77,359648
11232,0.001898,74.125.24.0-255,7156,327576,77,359648
11233,0.001912,74.125.24.0-255,9992,337568,77,359648
11234,0.001932,172.31.40.0-255,66,337634,77,359648
11235,0.001943,74.125.24.0-255,5738,343372,77,359648
11236,0.001948,172.31.40.0-255,66,343438,77,359648
11237,0.001975,74.125.24.0-255,5331,348769,77,359648
11238,0.001979,74.125.24.0-255,105,348874,77,359648
11239,0.001992,172.31.40.0-255,66,348940,77,359648
11240,0.010152,172.31.40.0-255,105,349045,77,359648
11241,0.01238,74.125.24.0-255,66,349111,77,359648
11242,0.045873,172.31.40.0-255,172,349283,77,359648
11243,0.045907,172.31.40.0-255,1120,350403,77,359648
11244,0.045977,172.31.40.0-255,1514,351917,77,359648
11245,0.045979,172.31.40.0-255,1514,353431,77,359648
11246,0.045984,172.31.40.0-255,1514,354945,77,359648
11247,0.045985,172.31.40.0-255,1514,356459,77,359648
11248,0.046004,172.31.40.0-255,1514,357973,77,359648
11249,0.046005,172.31.40.0-255,1129,359102,77,359648
11250,0.047432,104.244.42.0-255,66,359168,77,359648
11251,0.047442,104.244.42.0-255,66,359234,77,359648
11252,0.047522,104.244.42.0-255,66,359300,77,359648
11253,0.047657,104.244.42.0-255,66,359366,77,359648
11254,0.048307,104.244.42.0-255,108,359474,77,359648
11255,0.04832,172.31.40.0-255,66,359540,77,359648
11256,0.069271,172.31.40.0-255,108,359648,77,359648
11257,0.0,74.125.24.0-255,153,153,77,393530
11258,2.3e-05,172.31.40.0-255,66,219,77,393530
11259,3e-05,74.125.24.0-255,1484,1703,77,393530
11260,3.4e-05,172.31.40.0-255,66,1769,77,393530
11261,4e-05,74.125.24.0-255,2902,4671,77,393530
11262,4.4e-05,172.31.40.0-255,66,4737,77,393530
11263,4.9e-05,74.125.24.0-255,4320,9057,77,393530
11264,5.3e-05,172.31.40.0-255,66,9123,77,393530
11265,8.1e-05,74.125.24.0-255,4936,14059,77,393530
11266,8.4e-05,172.31.40.0-255,66,14125,77,393530
11267,0.000116,74.125.24.0-255,5738,19863,77,393530
11268,0.000118,172.31.40.0-255,66,19929,77,393530
11269,0.000158,74.125.24.0-255,11410,31339,77,393530
11270,0.000162,172.31.40.0-255,66,31405,77,393530
11271,0.000173,74.125.24.0-255,12828,44233,77,393530
11272,0.000175,172.31.40.0-255,66,44299,77,393530
11273,0.00018,74.125.24.0-255,3602,47901,77,393530
11274,0.000182,172.31.40.0-255,66,47967,77,393530
11275,0.000413,74.125.24.0-255,1484,49451,77,393530
11276,0.000419,172.31.40.0-255,66,49517,77,393530
11277,0.000426,74.125.24.0-255,2902,52419,77,393530
11278,0.000428,172.31.40.0-255,66,52485,77,393530
11279,0.000435,74.125.24.0-255,5738,58223,77,393530
11280,0.000438,172.31.40.0-255,66,58289,77,393530
11281,0.000445,74.125.24.0-255,7123,65412,77,393530
11282,0.000447,172.31.40.0-255,66,65478,77,393530
11283,0.000485,74.125.24.0-255,1484,66962,77,393530
11284,0.000488,172.31.40.0-255,66,67028,77,393530
11285,0.000494,74.125.24.0-255,2902,69930,77,393530
11286,0.000497,172.31.40.0-255,66,69996,77,393530
11287,0.000511,74.125.24.0-255,4320,74316,77,393530
11288,0.000513,172.31.40.0-255,66,74382,77,393530
11289,0.000533,74.125.24.0-255,1484,75866,77,393530
11290,0.000547,74.125.24.0-255,12828,88694,77,393530
11291,0.00055,172.31.40.0-255,66,88760,77,393530
11292,0.000559,74.125.24.0-255,8574,97334,77,393530
11293,0.000561,172.31.40.0-255,66,97400,77,393530
11294,0.000597,74.125.24.0-255,2184,99584,77,393530
11295,0.0006,172.31.40.0-255,66,99650,77,393530
11296,0.000793,172.31.40.0-255,101,99751,77,393530
11297,0.000843,74.125.24.0-255,1484,101235,77,393530
11298,0.00085,74.125.24.0-255,2902,104137,77,393530
11299,0.000852,172.31.40.0-255,66,104203,77,393530
11300,0.000884,74.125.24.0-255,2902,107105,77,393530
11301,0.000886,172.31.40.0-255,66,107171,77,393530
11302,0.000907,74.125.24.0-255,2902,110073,77,393530
11303,0.000909,172.31.40.0-255,66,110139,77,393530
11304,0.000916,74.125.24.0-255,6480,116619,77,393530
11305,0.000919,172.31.40.0-255,66,116685,77,393530
11306,0.001013,74.125.24.0-255,1484,118169,77,393530
11307,0.001031,74.125.24.0-255,2902,121071,77,393530
11308,0.001034,172.31.40.0-255,66,121137,77,393530
11309,0.001039,74.125.24.0-255,2902,124039,77,393530
11310,0.001041,172.31.40.0-255,66,124105,77,393530
11311,0.001076,74.125.24.0-255,7156,131261,77,393530
11312,0.001079,172.31.40.0-255,66,131327,77,393530
11313,0.001093,172.31.40.0-255,66,131393,77,393530
11314,0.001111,74.125.24.0-255,1484,132877,77,393530
11315,0.001118,74.125.24.0-255,3602,136479,77,393530
11316,0.001121,172.31.40.0-255,66,136545,77,393530
11317,0.001249,74.125.24.0-255,1484,138029,77,393530
11318,0.001254,74.125.24.0-255,2902,140931,77,393530
11319,0.001258,172.31.40.0-255,66,140997,77,393530
11320,0.001282,74.125.24.0-255,5738,146735,77,393530
11321,0.001285,172.31.40.0-255,66,146801,77,393530
11322,0.001292,74.125.24.0-255,8574,155375,77,393530
11323,0.001295,172.31.40.0-255,66,155441,77,393530
11324,0.001318,74.125.24.0-255,4320,159761,77,393530
11325,0.001321,172.31.40.0-255,66,159827,77,393530
11326,0.001328,74.125.24.0-255,7156,166983,77,393530
11327,0.00133,172.31.40.0-255,66,167049,77,393530
11328,0.001373,172.31.40.0-255,66,167115,77,393530
11329,0.001391,74.125.24.0-255,6438,173553,77,393530
11330,0.001394,172.31.40.0-255,66,173619,77,393530
11331,0.001405,74.125.24.0-255,12828,186447,77,393530
11332,0.001408,172.31.40.0-255,66,186513,77,393530
11333,0.001434,74.125.24.0-255,2184,188697,77,393530
11334,0.001437,172.31.40.0-255,66,188763,77,393530
11335,0.002797,74.125.24.0-255,66,188829,77,393530
11336,0.003481,74.125.24.0-255,4320,193149,77,393530
11337,0.003488,172.31.40.0-255,66,193215,77,393530
11338,0.003509,74.125.24.0-255,1484,194699,77,393530
11339,0.005561,74.125.24.0-255,4320,199019,77,393530
11340,0.005564,172.31.40.0-255,66,199085,77,393530
11341,0.007621,74.125.24.0-255,5738,204823,77,393530
11342,0.007626,172.31.40.0-255,66,204889,77,393530
11343,0.009726,74.125.24.0-255,5738,210627,77,393530
11344,0.009735,172.31.40.0-255,66,210693,77,393530
11345,0.011772,74.125.24.0-255,5738,216431,77,393530
11346,0.011781,172.31.40.0-255,66,216497,77,393530
11347,0.013853,74.125.24.0-255,5738,222235,77,393530
11348,0.013861,172.31.40.0-255,66,222301,77,393530
11349,0.015939,74.125.24.0-255,5738,228039,77,393530
11350,0.015944,172.31.40.0-255,66,228105,77,393530
11351,0.017985,74.125.24.0-255,5738,233843,77,393530
11352,0.017994,172.31.40.0-255,66,233909,77,393530
11353,0.020039,74.125.24.0-255,5738,239647,77,393530
11354,0.020054,172.31.40.0-255,66,239713,77,393530
11355,0.022102,74.125.24.0-255,5738,245451,77,393530
11356,0.02211,172.31.40.0-255,66,245517,77,393530
11357,0.024177,74.125.24.0-255,5738,251255,77,393530
11358,0.024185,172.31.40.0-255,66,251321,77,393530
11359,0.02625,74.125.24.0-255,5738,257059,77,393530
11360,0.02626,172.31.40.0-255,66,257125,77,393530
11361,0.028354,74.125.24.0-255,5738,262863,77,393530
11362,0.028362,172.31.40.0-255,66,262929,77,393530
11363,0.030411,74.125.24.0-255,5738,268667,77,393530
11364,0.030424,172.31.40.0-255,66,268733,77,393530
11365,0.032469,74.125.24.0-255,5738,274471,77,393530
11366,0.032477,172.31.40.0-255,66,274537,77,393530
11367,0.034555,74.125.24.0-255,5738,280275,77,393530
11368,0.034572,172.31.40.0-255,66,280341,77,393530
11369,0.036645,74.125.24.0-255,5738,286079,77,393530
11370,0.036653,172.31.40.0-255,66,286145,77,393530
11371,0.038735,74.125.24.0-255,5738,291883,77,393530
11372,0.038743,172.31.40.0-255,66,291949,77,393530
11373,0.040837,74.125.24.0-255,5738,297687,77,393530
11374,0.040851,172.31.40.0-255,66,297753,77,393530
11375,0.042898,74.125.24.0-255,5738,303491,77,393530
11376,0.042911,172.31.40.0-255,66,303557,77,393530
11377,0.044993,74.125.24.0-255,5738,309295,77,393530
11378,0.045001,172.31.40.0-255,66,309361,77,393530
11379,0.045108,172.31.40.0-255,176,309537,77,393530
11380,0.045137,172.31.40.0-255,1121,310658,77,393530
11381,0.045263,172.31.40.0-255,1514,312172,77,393530
11382,0.045266,172.31.40.0-255,1514,313686,77,393530
11383,0.045267,172.31.40.0-255,1514,315200,77,393530
11384,0.045268,172.31.40.0-255,1514,316714,77,393530
11385,0.045302,172.31.40.0-255,1514,318228,77,393530
11386,0.045303,172.31.40.0-255,1178,319406,77,393530
11387,0.046655,104.244.42.0-255,66,319472,77,393530
11388,0.046691,104.244.42.0-255,66,319538,77,393530
11389,0.046854,104.244.42.0-255,66,319604,77,393530
11390,0.046859,104.244.42.0-255,66,319670,77,393530
11391,0.04705,74.125.24.0-255,5738,325408,77,393530
11392,0.047058,172.31.40.0-255,66,325474,77,393530
11393,0.049139,74.125.24.0-255,5738,331212,77,393530
11394,0.049148,172.31.40.0-255,66,331278,77,393530
11395,0.051192,74.125.24.0-255,1484,332762,77,393530
11396,0.051224,74.125.24.0-255,4320,337082,77,393530
11397,0.05123,172.31.40.0-255,66,337148,77,393530
11398,0.053316,74.125.24.0-255,5738,342886,77,393530
11399,0.053333,172.31.40.0-255,66,342952,77,393530
11400,0.055362,74.125.24.0-255,5738,348690,77,393530
11401,0.055371,172.31.40.0-255,66,348756,77,393530
11402,0.057415,74.125.24.0-255,5738,354494,77,393530
11403,0.057432,172.31.40.0-255,66,354560,77,393530
11404,0.059551,74.125.24.0-255,5738,360298,77,393530
11405,0.05956,172.31.40.0-255,66,360364,77,393530
11406,0.061697,74.125.24.0-255,5738,366102,77,393530
11407,0.061714,172.31.40.0-255,66,366168,77,393530
11408,0.06379,74.125.24.0-255,5738,371906,77,393530
11409,0.063799,172.31.40.0-255,66,371972,77,393530
11410,0.065886,74.125.24.0-255,5738,377710,77,393530
11411,0.065895,172.31.40.0-255,66,377776,77,393530
11412,0.067972,74.125.24.0-255,5738,383514,77,393530
11413,0.067981,172.31.40.0-255,66,383580,77,393530
11414,0.070045,74.125.24.0-255,5738,389318,77,393530
11415,0.07006,172.31.40.0-255,66,389384,77,393530
11416,0.072128,74.125.24.0-255,3735,393119,77,393530
11417,0.072139,172.31.40.0-255,66,393185,77,393530
11418,0.072358,172.31.40.0-255,105,393290,77,393530
11419,0.079113,74.125.24.0-255,66,393356,77,393530
11420,0.08362,172.31.40.0-255,108,393464,77,393530
11421,0.085186,104.244.42.0-255,66,393530,77,393530
11422,0.0,172.217.194.0-255,296,296,77,351674
11423,3.4e-05,172.31.40.0-255,66,362,77,351674
11424,4e-05,172.217.194.0-255,1484,1846,77,351674
11425,4.5e-05,172.31.40.0-255,66,1912,77,351674
11426,6.1e-05,172.217.194.0-255,4320,6232,77,351674
11427,6.5e-05,172.31.40.0-255,66,6298,77,351674
11428,0.000109,172.217.194.0-255,2902,9200,77,351674
11429,0.000112,172.31.40.0-255,66,9266,77,351674
11430,0.00015,172.217.194.0-255,4320,13586,77,351674
11431,0.000154,172.31.40.0-255,66,13652,77,351674
11432,0.000184,172.217.194.0-255,4775,18427,77,351674
11433,0.000187,172.31.40.0-255,66,18493,77,351674
11434,0.000306,172.217.194.0-255,7156,25649,77,351674
11435,0.00031,172.31.40.0-255,66,25715,77,351674
11436,0.00033,172.217.194.0-255,5379,31094,77,351674
11437,0.000334,172.31.40.0-255,66,31160,77,351674
11438,0.0005,172.217.194.0-255,5738,36898,77,351674
11439,0.000505,172.31.40.0-255,66,36964,77,351674
11440,0.000538,172.217.194.0-255,11051,48015,77,351674
11441,0.000541,172.31.40.0-255,66,48081,77,351674
11442,0.000785,172.217.194.0-255,11410,59491,77,351674
11443,0.00079,172.31.40.0-255,66,59557,77,351674
11444,0.000819,172.217.194.0-255,6001,65558,77,351674
11445,0.000824,172.31.40.0-255,66,65624,77,351674
11446,0.001105,172.217.194.0-255,11410,77034,77,351674
11447,0.001111,172.31.40.0-255,66,77100,77,351674
11448,0.001134,172.217.194.0-255,7156,84256,77,351674
11449,0.001138,172.31.40.0-255,66,84322,77,351674
11450,0.001397,172.217.194.0-255,5738,90060,77,351674
11451,0.001404,172.31.40.0-255,66,90126,77,351674
11452,0.001437,172.217.194.0-255,9274,99400,77,351674
11453,0.001441,172.31.40.0-255,66,99466,77,351674
11454,0.00163,172.217.194.0-255,1484,100950,77,351674
11455,0.001663,172.31.40.0-255,66,101016,77,351674
11456,0.002191,172.217.194.0-255,4320,105336,77,351674
11457,0.002243,172.217.194.0-255,2184,107520,77,351674
11458,0.005033,172.31.40.0-255,66,107586,77,351674
11459,0.005237,172.31.40.0-255,101,107687,77,351674
11460,0.007287,172.217.194.0-255,4320,112007,77,351674
11461,0.007291,172.31.40.0-255,66,112073,77,351674
11462,0.007318,172.217.194.0-255,1484,113557,77,351674
11463,0.007467,172.217.194.0-255,66,113623,77,351674
11464,0.009603,172.217.194.0-255,4320,117943,77,351674
11465,0.009609,172.31.40.0-255,66,118009,77,351674
11466,0.011883,172.217.194.0-255,5738,123747,77,351674
11467,0.011892,172.31.40.0-255,66,123813,77,351674
11468,0.01417,172.217.194.0-255,5738,129551,77,351674
11469,0.014177,172.31.40.0-255,66,129617,77,351674
11470,0.01651,172.217.194.0-255,5738,135355,77,351674
11471,0.016523,172.31.40.0-255,66,135421,77,351674
11472,0.018832,172.217.194.0-255,5738,141159,77,351674
11473,0.01884,172.31.40.0-255,66,141225,77,351674
11474,0.021135,172.217.194.0-255,5738,146963,77,351674
11475,0.021143,172.31.40.0-255,66,147029,77,351674
11476,0.023456,172.217.194.0-255,5738,152767,77,351674
11477,0.023469,172.31.40.0-255,66,152833,77,351674
11478,0.025767,172.217.194.0-255,5738,158571,77,351674
11479,0.025775,172.31.40.0-255,66,158637,77,351674
11480,0.02805,172.217.194.0-255,5738,164375,77,351674
11481,0.02806,172.31.40.0-255,66,164441,77,351674
11482,0.030339,172.217.194.0-255,5738,170179,77,351674
11483,0.030349,172.31.40.0-255,66,170245,77,351674
11484,0.032648,172.217.194.0-255,4320,174565,77,351674
11485,0.032658,172.31.40.0-255,66,174631,77,351674
11486,0.032701,172.217.194.0-255,1484,176115,77,351674
11487,0.034922,172.217.194.0-255,4320,180435,77,351674
11488,0.03493,172.31.40.0-255,66,180501,77,351674
11489,0.036232,172.31.40.0-255,172,180673,77,351674
11490,0.036261,172.31.40.0-255,1121,181794,77,351674
11491,0.036599,172.31.40.0-255,1514,183308,77,351674
11492,0.036602,172.31.40.0-255,1514,184822,77,351674
11493,0.036603,172.31.40.0-255,1514,186336,77,351674
11494,0.036604,172.31.40.0-255,1514,187850,77,351674
11495,0.036632,172.31.40.0-255,1476,189326,77,351674
11496,0.037251,172.217.194.0-255,5738,195064,77,351674
11497,0.037258,172.31.40.0-255,66,195130,77,351674
11498,0.037745,104.244.42.0-255,66,195196,77,351674
11499,0.037786,104.244.42.0-255,66,195262,77,351674
11500,0.038144,104.244.42.0-255,66,195328,77,351674
11501,0.038234,104.244.42.0-255,66,195394,77,351674
11502,0.039555,172.217.194.0-255,1484,196878,77,351674
11503,0.039576,172.217.194.0-255,4320,201198,77,351674
11504,0.039582,172.31.40.0-255,66,201264,77,351674
11505,0.041961,172.217.194.0-255,5738,207002,77,351674
11506,0.041982,172.31.40.0-255,66,207068,77,351674
11507,0.044305,172.217.194.0-255,5738,212806,77,351674
11508,0.044319,172.31.40.0-255,66,212872,77,351674
11509,0.046651,172.217.194.0-255,5738,218610,77,351674
11510,0.046671,172.31.40.0-255,66,218676,77,351674
11511,0.048985,172.217.194.0-255,5738,224414,77,351674
11512,0.049,172.31.40.0-255,66,224480,77,351674
11513,0.051319,172.217.194.0-255,5738,230218,77,351674
11514,0.051338,172.31.40.0-255,66,230284,77,351674
11515,0.05361,172.217.194.0-255,5738,236022,77,351674
11516,0.053628,172.31.40.0-255,66,236088,77,351674
11517,0.055963,172.217.194.0-255,5738,241826,77,351674
11518,0.055984,172.31.40.0-255,66,241892,77,351674
11519,0.058311,172.217.194.0-255,5738,247630,77,351674
11520,0.058327,172.31.40.0-255,66,247696,77,351674
11521,0.060625,172.217.194.0-255,5738,253434,77,351674
11522,0.06064,172.31.40.0-255,66,253500,77,351674
11523,0.062996,172.217.194.0-255,5738,259238,77,351674
11524,0.063016,172.31.40.0-255,66,259304,77,351674
11525,0.065311,172.217.194.0-255,5738,265042,77,351674
11526,0.06533,172.31.40.0-255,66,265108,77,351674
11527,0.067646,172.217.194.0-255,5738,270846,77,351674
11528,0.067665,172.31.40.0-255,66,270912,77,351674
11529,0.069978,172.217.194.0-255,5738,276650,77,351674
11530,0.069998,172.31.40.0-255,66,276716,77,351674
11531,0.072308,172.217.194.0-255,5738,282454,77,351674
11532,0.07232,172.31.40.0-255,66,282520,77,351674
11533,0.074619,172.217.194.0-255,2902,285422,77,351674
11534,0.074625,172.31.40.0-255,66,285488,77,351674
11535,0.074659,172.217.194.0-255,2902,288390,77,351674
11536,0.074662,172.31.40.0-255,66,288456,77,351674
11537,0.076905,172.217.194.0-255,2902,291358,77,351674
11538,0.076928,172.31.40.0-255,66,291424,77,351674
11539,0.076954,172.217.194.0-255,2902,294326,77,351674
11540,0.076959,172.31.40.0-255,66,294392,77,351674
11541,0.079208,172.217.194.0-255,2902,297294,77,351674
11542,0.079213,172.31.40.0-255,66,297360,77,351674
11543,0.079245,172.217.194.0-255,2902,300262,77,351674
11544,0.079248,172.31.40.0-255,66,300328,77,351674
11545,0.081496,172.217.194.0-255,2902,303230,77,351674
11546,0.081502,172.31.40.0-255,66,303296,77,351674
11547,0.081552,172.217.194.0-255,2902,306198,77,351674
11548,0.081556,172.31.40.0-255,66,306264,77,351674
11549,0.083792,172.217.194.0-255,2902,309166,77,351674
11550,0.083797,172.31.40.0-255,66,309232,77,351674
11551,0.083841,172.217.194.0-255,2902,312134,77,351674
11552,0.083845,172.31.40.0-255,66,312200,77,351674
11553,0.08609,172.217.194.0-255,2902,315102,77,351674
11554,0.086096,172.31.40.0-255,66,315168,77,351674
11555,0.086135,172.217.194.0-255,2902,318070,77,351674
11556,0.086138,172.31.40.0-255,66,318136,77,351674
11557,0.088393,172.217.194.0-255,4320,322456,77,351674
11558,0.088399,172.31.40.0-255,66,322522,77,351674
11559,0.08844,172.217.194.0-255,1484,324006,77,351674
11560,0.090662,172.217.194.0-255,4320,328326,77,351674
11561,0.090668,172.31.40.0-255,66,328392,77,351674
11562,0.09297,172.217.194.0-255,5738,334130,77,351674
11563,0.092976,172.31.40.0-255,66,334196,77,351674
11564,0.095278,172.217.194.0-255,5738,339934,77,351674
11565,0.095284,172.31.40.0-255,66,340000,77,351674
11566,0.097572,172.217.194.0-255,5738,345738,77,351674
11567,0.097577,172.31.40.0-255,66,345804,77,351674
11568,0.099886,172.217.194.0-255,4320,350124,77,351674
11569,0.099892,172.31.40.0-255,66,350190,77,351674
11570,0.099925,172.217.194.0-255,1484,351674,77,351674
11571,0.0,172.217.194.0-255,152,152,77,376390
11572,2.6e-05,172.31.40.0-255,66,218,77,376390
11573,3.3e-05,172.217.194.0-255,1484,1702,77,376390
11574,3.8e-05,172.31.40.0-255,66,1768,77,376390
11575,4.4e-05,172.217.194.0-255,2902,4670,77,376390
11576,4.8e-05,172.31.40.0-255,66,4736,77,376390
11577,6.1e-05,172.217.194.0-255,4320,9056,77,376390
11578,6.5e-05,172.31.40.0-255,66,9122,77,376390
11579,7.5e-05,172.217.194.0-255,12090,21212,77,376390
11580,7.8e-05,172.31.40.0-255,66,21278,77,376390
11581,8.7e-05,172.217.194.0-255,9633,30911,77,376390
11582,9e-05,172.31.40.0-255,66,30977,77,376390
11583,0.000133,172.217.194.0-255,9992,40969,77,376390
11584,0.000136,172.31.40.0-255,66,41035,77,376390
11585,0.000143,172.217.194.0-255,6797,47832,77,376390
11586,0.000146,172.31.40.0-255,66,47898,77,376390
11587,0.000182,172.217.194.0-255,11410,59308,77,376390
11588,0.000185,172.31.40.0-255,66,59374,77,376390
11589,0.000219,172.217.194.0-255,5652,65026,77,376390
11590,0.000221,172.31.40.0-255,66,65092,77,376390
11591,0.000245,172.217.194.0-255,434,65526,77,376390
11592,0.000247,172.31.40.0-255,66,65592,77,376390
11593,0.000563,172.217.194.0-255,1484,67076,77,376390
11594,0.000568,172.31.40.0-255,66,67142,77,376390
11595,0.00059,172.217.194.0-255,2902,70044,77,376390
11596,0.000597,172.217.194.0-255,5738,75782,77,376390
11597,0.000603,172.31.40.0-255,66,75848,77,376390
11598,0.000606,172.31.40.0-255,66,75914,77,376390
11599,0.000638,172.217.194.0-255,12828,88742,77,376390
11600,0.000641,172.31.40.0-255,66,88808,77,376390
11601,0.00065,172.217.194.0-255,9992,98800,77,376390
11602,0.000653,172.31.40.0-255,66,98866,77,376390
11603,0.000708,172.217.194.0-255,766,99632,77,376390
11604,0.000936,172.217.194.0-255,1484,101116,77,376390
11605,0.00094,172.31.40.0-255,66,101182,77,376390
11606,0.000945,172.217.194.0-255,1484,102666,77,376390
11607,0.000971,172.217.194.0-255,1484,104150,77,376390
11608,0.000973,172.31.40.0-255,66,104216,77,376390
11609,0.000977,172.217.194.0-255,1484,105700,77,376390
11610,0.001008,172.217.194.0-255,4320,110020,77,376390
11611,0.001011,172.31.40.0-255,66,110086,77,376390
11612,0.001047,172.217.194.0-255,12828,122914,77,376390
11613,0.001051,172.31.40.0-255,66,122980,77,376390
11614,0.001063,172.217.194.0-255,1484,124464,77,376390
11615,0.001093,172.217.194.0-255,8726,133190,77,376390
11616,0.001096,172.31.40.0-255,66,133256,77,376390
11617,0.001125,172.217.194.0-255,11410,144666,77,376390
11618,0.001128,172.31.40.0-255,66,144732,77,376390
11619,0.001135,172.217.194.0-255,7156,151888,77,376390
11620,0.001138,172.31.40.0-255,66,151954,77,376390
11621,0.00116,172.217.194.0-255,7156,159110,77,376390
11622,0.001163,172.31.40.0-255,66,159176,77,376390
11623,0.001172,172.217.194.0-255,7856,167032,77,376390
11624,0.001175,172.31.40.0-255,66,167098,77,376390
11625,0.001325,172.217.194.0-255,1484,168582,77,376390
11626,0.001332,172.217.194.0-255,2902,171484,77,376390
11627,0.001335,172.31.40.0-255,66,171550,77,376390
11628,0.001338,172.217.194.0-255,1484,173034,77,376390
11629,0.001363,172.217.194.0-255,4320,177354,77,376390
11630,0.001371,172.217.194.0-255,7156,184510,77,376390
11631,0.001375,172.31.40.0-255,66,184576,77,376390
11632,0.001377,172.31.40.0-255,66,184642,77,376390
11633,0.001405,172.217.194.0-255,5738,190380,77,376390
11634,0.001408,172.31.40.0-255,66,190446,77,376390
11635,0.001419,172.217.194.0-255,10692,201138,77,376390
11636,0.001421,172.31.40.0-255,66,201204,77,376390
11637,0.001429,172.217.194.0-255,7156,208360,77,376390
11638,0.001431,172.31.40.0-255,66,208426,77,376390
11639,0.001452,172.217.194.0-255,4320,212746,77,376390
11640,0.001454,172.31.40.0-255,66,212812,77,376390
11641,0.001463,172.217.194.0-255,8574,221386,77,376390
11642,0.001465,172.31.40.0-255,66,221452,77,376390
11643,0.001505,172.217.194.0-255,9992,231444,77,376390
11644,0.001509,172.31.40.0-255,66,231510,77,376390
11645,0.001513,172.217.194.0-255,3602,235112,77,376390
11646,0.001515,172.31.40.0-255,66,235178,77,376390
11647,0.00152,172.217.194.0-255,4320,239498,77,376390
11648,0.001522,172.31.40.0-255,66,239564,77,376390
11649,0.001528,172.217.194.0-255,4320,243884,77,376390
11650,0.001531,172.31.40.0-255,66,243950,77,376390
11651,0.001561,172.217.194.0-255,5738,249688,77,376390
11652,0.001564,172.31.40.0-255,66,249754,77,376390
11653,0.001584,172.217.194.0-255,12828,262582,77,376390
11654,0.001587,172.31.40.0-255,66,262648,77,376390
11655,0.001618,172.217.194.0-255,5738,268386,77,376390
11656,0.001621,172.31.40.0-255,66,268452,77,376390
11657,0.001624,172.217.194.0-255,766,269218,77,376390
11658,0.00169,172.217.194.0-255,1484,270702,77,376390
11659,0.001694,172.31.40.0-255,66,270768,77,376390
11660,0.001726,172.217.194.0-255,2902,273670,77,376390
11661,0.001729,172.31.40.0-255,66,273736,77,376390
11662,0.001736,172.217.194.0-255,5738,279474,77,376390
11663,0.001738,172.31.40.0-255,66,279540,77,376390
11664,0.001779,172.217.194.0-255,4320,283860,77,376390
11665,0.001782,172.31.40.0-255,66,283926,77,376390
11666,0.001807,172.217.194.0-255,8574,292500,77,376390
11667,0.00181,172.31.40.0-255,66,292566,77,376390
11668,0.001819,172.217.194.0-255,10692,303258,77,376390
11669,0.001826,172.31.40.0-255,66,303324,77,376390
11670,0.001829,172.217.194.0-255,1484,304808,77,376390
11671,0.001834,172.217.194.0-255,2902,307710,77,376390
11672,0.001836,172.31.40.0-255,66,307776,77,376390
11673,0.001842,172.217.194.0-255,5738,313514,77,376390
11674,0.001844,172.31.40.0-255,66,313580,77,376390
11675,0.001855,172.217.194.0-255,12828,326408,77,376390
11676,0.001858,172.31.40.0-255,66,326474,77,376390
11677,0.001862,172.217.194.0-255,2902,329376,77,376390
11678,0.001865,172.31.40.0-255,66,329442,77,376390
11679,0.001911,172.217.194.0-255,9274,338716,77,376390
11680,0.001919,172.31.40.0-255,66,338782,77,376390
11681,0.00193,172.217.194.0-255,12828,351610,77,376390
11682,0.001933,172.31.40.0-255,66,351676,77,376390
11683,0.001942,172.217.194.0-255,11410,363086,77,376390
11684,0.001944,172.31.40.0-255,66,363152,77,376390
11685,0.001954,172.217.194.0-255,12110,375262,77,376390
11686,0.001957,172.31.40.0-255,66,375328,77,376390
11687,0.002017,172.31.40.0-255,66,375394,77,376390
11688,0.002035,172.31.40.0-255,66,375460,77,376390
11689,0.002039,172.217.194.0-255,105,375565,77,376390
11690,0.00207,172.217.194.0-255,129,375694,77,376390
11691,0.004689,172.31.40.0-255,105,375799,77,376390
11692,0.004728,172.31.40.0-255,105,375904,77,376390
11693,0.005005,172.31.40.0-255,90,375994,77,376390
11694,0.005016,172.31.40.0-255,66,376060,77,376390
11695,0.007129,172.217.194.0-255,66,376126,77,376390
11696,0.007163,172.217.194.0-255,66,376192,77,376390
11697,0.007442,172.217.194.0-255,66,376258,77,376390
11698,0.007469,172.217.194.0-255,66,376324,77,376390
11699,0.007479,172.31.40.0-255,66,376390,77,376390
11700,0.0,74.125.200.0-255,153,153,77,417920
11701,2.3e-05,172.31.40.0-255,66,219,77,417920
11702,3.1e-05,74.125.200.0-255,1484,1703,77,417920
11703,3.5e-05,172.31.40.0-255,66,1769,77,417920
11704,4e-05,74.125.200.0-255,2902,4671,77,417920
11705,4.3e-05,172.31.40.0-255,66,4737,77,417920
11706,5.5e-05,74.125.200.0-255,1484,6221,77,417920
11707,5.8e-05,172.31.40.0-255,66,6287,77,417920
11708,6.3e-05,74.125.200.0-255,2902,9189,77,417920
11709,6.6e-05,172.31.40.0-255,66,9255,77,417920
11710,6.9e-05,74.125.200.0-255,1484,10739,77,417920
11711,7.2e-05,172.31.40.0-255,66,10805,77,417920
11712,0.000103,74.125.200.0-255,4774,15579,77,417920
11713,0.000116,172.31.40.0-255,66,15645,77,417920
11714,0.000123,74.125.200.0-255,5738,21383,77,417920
11715,0.000126,172.31.40.0-255,66,21449,77,417920
11716,0.000133,74.125.200.0-255,7156,28605,77,417920
11717,0.000136,172.31.40.0-255,66,28671,77,417920
11718,0.00014,74.125.200.0-255,2543,31214,77,417920
11719,0.000142,172.31.40.0-255,66,31280,77,417920
11720,0.000232,74.125.200.0-255,1484,32764,77,417920
11721,0.000236,172.31.40.0-255,66,32830,77,417920
11722,0.000264,74.125.200.0-255,2902,35732,77,417920
11723,0.000268,172.31.40.0-255,66,35798,77,417920
11724,0.000275,74.125.200.0-255,5738,41536,77,417920
11725,0.000277,172.31.40.0-255,66,41602,77,417920
11726,0.000306,74.125.200.0-255,7156,48758,77,417920
11727,0.000309,172.31.40.0-255,66,48824,77,417920
11728,0.000345,74.125.200.0-255,8574,57398,77,417920
11729,0.000349,172.31.40.0-255,66,57464,77,417920
11730,0.000374,74.125.200.0-255,1484,58948,77,417920
11731,0.000376,172.31.40.0-255,66,59014,77,417920
11732,0.000397,74.125.200.0-255,2902,61916,77,417920
11733,0.0004,172.31.40.0-255,66,61982,77,417920
11734,0.000424,74.125.200.0-255,1484,63466,77,417920
11735,0.000438,74.125.200.0-255,2184,65650,77,417920
11736,0.000441,172.31.40.0-255,66,65716,77,417920
11737,0.000472,74.125.200.0-255,400,66116,77,417920
11738,0.000515,74.125.200.0-255,110,66226,77,417920
11739,0.000531,74.125.200.0-255,332,66558,77,417920
11740,0.000726,74.125.200.0-255,1484,68042,77,417920
11741,0.000731,172.31.40.0-255,66,68108,77,417920
11742,0.000737,74.125.200.0-255,2902,71010,77,417920
11743,0.00074,172.31.40.0-255,66,71076,77,417920
11744,0.000743,74.125.200.0-255,1484,72560,77,417920
11745,0.000753,74.125.200.0-255,2902,75462,77,417920
11746,0.000755,172.31.40.0-255,66,75528,77,417920
11747,0.000793,74.125.200.0-255,5738,81266,77,417920
11748,0.000796,172.31.40.0-255,66,81332,77,417920
11749,0.000802,74.125.200.0-255,4320,85652,77,417920
11750,0.000804,172.31.40.0-255,66,85718,77,417920
11751,0.000834,74.125.200.0-255,5738,91456,77,417920
11752,0.000837,172.31.40.0-255,66,91522,77,417920
11753,0.000848,74.125.200.0-255,1484,93006,77,417920
11754,0.000866,74.125.200.0-255,7856,100862,77,417920
11755,0.000869,172.31.40.0-255,66,100928,77,417920
11756,0.001583,74.125.200.0-255,1484,102412,77,417920
11757,0.001591,74.125.200.0-255,2902,105314,77,417920
11758,0.001594,172.31.40.0-255,66,105380,77,417920
11759,0.0016,74.125.200.0-255,2902,108282,77,417920
11760,0.001602,172.31.40.0-255,66,108348,77,417920
11761,0.001636,74.125.200.0-255,4320,112668,77,417920
11762,0.001643,172.31.40.0-255,66,112734,77,417920
11763,0.001652,74.125.200.0-255,8574,121308,77,417920
11764,0.001654,172.31.40.0-255,66,121374,77,417920
11765,0.001657,74.125.200.0-255,1484,122858,77,417920
11766,0.001695,74.125.200.0-255,7156,130014,77,417920
11767,0.001698,172.31.40.0-255,66,130080,77,417920
11768,0.001728,74.125.200.0-255,2902,132982,77,417920
11769,0.00173,172.31.40.0-255,66,133048,77,417920
11770,0.00176,74.125.200.0-255,2184,135232,77,417920
11771,0.001763,172.31.40.0-255,66,135298,77,417920
11772,0.001891,74.125.200.0-255,1484,136782,77,417920
11773,0.001908,74.125.200.0-255,2902,139684,77,417920
11774,0.001912,172.31.40.0-255,66,139750,77,417920
11775,0.001917,74.125.200.0-255,2902,142652,77,417920
11776,0.001919,172.31.40.0-255,66,142718,77,417920
11777,0.001948,74.125.200.0-255,1484,144202,77,417920
11778,0.001962,74.125.200.0-255,4320,148522,77,417920
11779,0.001965,172.31.40.0-255,66,148588,77,417920
11780,0.001995,74.125.200.0-255,4320,152908,77,417920
11781,0.001998,172.31.40.0-255,66,152974,77,417920
11782,0.002002,74.125.200.0-255,2902,155876,77,417920
11783,0.002004,172.31.40.0-255,66,155942,77,417920
11784,0.002016,74.125.200.0-255,12828,168770,77,417920
11785,0.002019,172.31.40.0-255,66,168836,77,417920
11786,0.002022,74.125.200.0-255,766,169602,77,417920
11787,0.002063,172.31.40.0-255,101,169703,77,417920
11788,0.004293,74.125.200.0-255,4320,174023,77,417920
11789,0.004299,172.31.40.0-255,66,174089,77,417920
11790,0.004333,74.125.200.0-255,1484,175573,77,417920
11791,0.006588,74.125.200.0-255,4320,179893,77,417920
11792,0.006595,172.31.40.0-255,66,179959,77,417920
11793,0.008892,74.125.200.0-255,5738,185697,77,417920
11794,0.008899,172.31.40.0-255,66,185763,77,417920
11795,0.011196,74.125.200.0-255,5738,191501,77,417920
11796,0.011204,172.31.40.0-255,66,191567,77,417920
11797,0.01349,74.125.200.0-255,5738,197305,77,417920
11798,0.013498,172.31.40.0-255,66,197371,77,417920
11799,0.015797,74.125.200.0-255,5738,203109,77,417920
11800,0.015808,172.31.40.0-255,66,203175,77,417920
11801,0.018097,74.125.200.0-255,5738,208913,77,417920
11802,0.018106,172.31.40.0-255,66,208979,77,417920
11803,0.020391,74.125.200.0-255,4320,213299,77,417920
11804,0.020398,172.31.40.0-255,66,213365,77,417920
11805,0.020426,74.125.200.0-255,1484,214849,77,417920
11806,0.022685,74.125.200.0-255,4320,219169,77,417920
11807,0.022693,172.31.40.0-255,66,219235,77,417920
11808,0.024984,74.125.200.0-255,5738,224973,77,417920
11809,0.024992,172.31.40.0-255,66,225039,77,417920
11810,0.027282,74.125.200.0-255,5738,230777,77,417920
11811,0.027289,172.31.40.0-255,66,230843,77,417920
11812,0.028005,172.31.40.0-255,172,231015,77,417920
11813,0.028038,172.31.40.0-255,1119,232134,77,417920
11814,0.028103,172.31.40.0-255,1514,233648,77,417920
11815,0.028105,172.31.40.0-255,1514,235162,77,417920
11816,0.028132,172.31.40.0-255,1514,236676,77,417920
11817,0.028133,172.31.40.0-255,1056,237732,77,417920
11818,0.029549,104.244.42.0-255,66,237798,77,417920
11819,0.029589,104.244.42.0-255,66,237864,77,417920
11820,0.029617,74.125.200.0-255,5738,243602,77,417920
11821,0.029621,172.31.40.0-255,66,243668,77,417920
11822,0.029684,104.244.42.0-255,66,243734,77,417920
11823,0.029689,104.244.42.0-255,66,243800,77,417920
11824,0.031927,74.125.200.0-255,5738,249538,77,417920
11825,0.031934,172.31.40.0-255,66,249604,77,417920
11826,0.034241,74.125.200.0-255,5738,255342,77,417920
11827,0.034248,172.31.40.0-255,66,255408,77,417920
11828,0.036533,74.125.200.0-255,5738,261146,77,417920
11829,0.036544,172.31.40.0-255,66,261212,77,417920
11830,0.038836,74.125.200.0-255,5738,266950,77,417920
11831,0.038842,172.31.40.0-255,66,267016,77,417920
11832,0.041132,74.125.200.0-255,5738,272754,77,417920
11833,0.041148,172.31.40.0-255,66,272820,77,417920
11834,0.043461,74.125.200.0-255,5738,278558,77,417920
11835,0.043477,172.31.40.0-255,66,278624,77,417920
11836,0.045775,74.125.200.0-255,5738,284362,77,417920
11837,0.045791,172.31.40.0-255,66,284428,77,417920
11838,0.048104,74.125.200.0-255,5738,290166,77,417920
11839,0.048143,172.31.40.0-255,66,290232,77,417920
11840,0.05046,74.125.200.0-255,5738,295970,77,417920
11841,0.050478,172.31.40.0-255,66,296036,77,417920
11842,0.052784,74.125.200.0-255,5738,301774,77,417920
11843,0.052802,172.31.40.0-255,66,301840,77,417920
11844,0.055096,74.125.200.0-255,5738,307578,77,417920
11845,0.055109,172.31.40.0-255,66,307644,77,417920
11846,0.057419,74.125.200.0-255,5738,313382,77,417920
11847,0.057436,172.31.40.0-255,66,313448,77,417920
11848,0.05975,74.125.200.0-255,5738,319186,77,417920
11849,0.059765,172.31.40.0-255,66,319252,77,417920
11850,0.062135,74.125.200.0-255,5738,324990,77,417920
11851,0.062162,172.31.40.0-255,66,325056,77,417920
11852,0.064469,74.125.200.0-255,5738,330794,77,417920
11853,0.064478,172.31.40.0-255,66,330860,77,417920
11854,0.066782,74.125.200.0-255,5738,336598,77,417920
11855,0.066798,172.31.40.0-255,66,336664,77,417920
11856,0.069103,74.125.200.0-255,5738,342402,77,417920
11857,0.069119,172.31.40.0-255,66,342468,77,417920
11858,0.071431,74.125.200.0-255,5738,348206,77,417920
11859,0.071447,172.31.40.0-255,66,348272,77,417920
11860,0.073759,74.125.200.0-255,5738,354010,77,417920
11861,0.073775,172.31.40.0-255,66,354076,77,417920
11862,0.076085,74.125.200.0-255,5738,359814,77,417920
11863,0.076102,172.31.40.0-255,66,359880,77,417920
11864,0.07841,74.125.200.0-255,5738,365618,77,417920
11865,0.078428,172.31.40.0-255,66,365684,77,417920
11866,0.080728,74.125.200.0-255,5738,371422,77,417920
11867,0.080744,172.31.40.0-255,66,371488,77,417920
11868,0.083041,74.125.200.0-255,5738,377226,77,417920
11869,0.083057,172.31.40.0-255,66,377292,77,417920
11870,0.08536,74.125.200.0-255,5738,383030,77,417920
11871,0.085377,172.31.40.0-255,66,383096,77,417920
11872,0.087668,74.125.200.0-255,5738,388834,77,417920
11873,0.087683,172.31.40.0-255,66,388900,77,417920
11874,0.089996,74.125.200.0-255,5738,394638,77,417920
11875,0.090012,172.31.40.0-255,66,394704,77,417920
11876,0.092315,74.125.200.0-255,5738,400442,77,417920
11877,0.092322,172.31.40.0-255,66,400508,77,417920
11878,0.094659,74.125.200.0-255,5738,406246,77,417920
11879,0.094666,172.31.40.0-255,66,406312,77,417920
11880,0.096954,74.125.200.0-255,5738,412050,77,417920
11881,0.096961,172.31.40.0-255,66,412116,77,417920
11882,0.099251,74.125.200.0-255,5738,417854,77,417920
11883,0.099257,172.31.40.0-255,66,417920,77,417920
11884,0.0,74.125.130.0-255,153,153,77,424515
11885,2.1e-05,172.31.40.0-255,66,219,77,424515
11886,2.9e-05,74.125.130.0-255,1484,1703,77,424515
11887,3.3e-05,172.31.40.0-255,66,1769,77,424515
11888,5.2e-05,74.125.130.0-255,2902,4671,77,424515
11889,5.5e-05,172.31.40.0-255,66,4737,77,424515
11890,8.8e-05,74.125.130.0-255,4320,9057,77,424515
11891,9.1e-05,172.31.40.0-255,66,9123,77,424515
11892,9.5e-05,74.125.130.0-255,1484,10607,77,424515
11893,9.7e-05,172.31.40.0-255,66,10673,77,424515
11894,0.000102,74.125.130.0-255,2902,13575,77,424515
11895,0.000105,172.31.40.0-255,66,13641,77,424515
11896,0.000146,74.125.130.0-255,6383,20024,77,424515
11897,0.000149,172.31.40.0-255,66,20090,77,424515
11898,0.000152,74.125.130.0-255,1484,21574,77,424515
11899,0.000154,172.31.40.0-255,66,21640,77,424515
11900,0.000172,74.125.130.0-255,5738,27378,77,424515
11901,0.000175,172.31.40.0-255,66,27444,77,424515
11902,0.000194,74.125.130.0-255,3961,31405,77,424515
11903,0.000197,172.31.40.0-255,66,31471,77,424515
11904,0.000321,74.125.130.0-255,1484,32955,77,424515
11905,0.000326,172.31.40.0-255,66,33021,77,424515
11906,0.000331,74.125.130.0-255,2902,35923,77,424515
11907,0.000334,172.31.40.0-255,66,35989,77,424515
11908,0.000379,74.125.130.0-255,1484,37473,77,424515
11909,0.000381,172.31.40.0-255,66,37539,77,424515
11910,0.000386,74.125.130.0-255,2902,40441,77,424515
11911,0.000388,172.31.40.0-255,66,40507,77,424515
11912,0.000394,74.125.130.0-255,5738,46245,77,424515
11913,0.000397,172.31.40.0-255,66,46311,77,424515
11914,0.000401,74.125.130.0-255,2543,48854,77,424515
11915,0.000404,172.31.40.0-255,66,48920,77,424515
11916,0.000441,74.125.130.0-255,2902,51822,77,424515
11917,0.000444,172.31.40.0-255,66,51888,77,424515
11918,0.000465,74.125.130.0-255,4320,56208,77,424515
11919,0.000467,172.31.40.0-255,66,56274,77,424515
11920,0.000502,74.125.130.0-255,1484,57758,77,424515
11921,0.000517,74.125.130.0-255,2902,60660,77,424515
11922,0.000519,172.31.40.0-255,66,60726,77,424515
11923,0.000558,74.125.130.0-255,4320,65046,77,424515
11924,0.000561,172.31.40.0-255,66,65112,77,424515
11925,0.000573,74.125.130.0-255,1378,66490,77,424515
11926,0.000728,74.125.130.0-255,115,66605,77,424515
11927,0.001169,172.31.40.0-255,66,66671,77,424515
11928,0.001493,74.125.130.0-255,1484,68155,77,424515
11929,0.001503,74.125.130.0-255,2902,71057,77,424515
11930,0.001507,172.31.40.0-255,66,71123,77,424515
11931,0.001512,74.125.130.0-255,1484,72607,77,424515
11932,0.00153,74.125.130.0-255,2902,75509,77,424515
11933,0.001532,172.31.40.0-255,66,75575,77,424515
11934,0.001569,74.125.130.0-255,4320,79895,77,424515
11935,0.001572,172.31.40.0-255,66,79961,77,424515
11936,0.001605,74.125.130.0-255,5738,85699,77,424515
11937,0.001607,172.31.40.0-255,66,85765,77,424515
11938,0.00161,74.125.130.0-255,1484,87249,77,424515
11939,0.001614,74.125.130.0-255,1484,88733,77,424515
11940,0.001616,172.31.40.0-255,66,88799,77,424515
11941,0.001633,74.125.130.0-255,1484,90283,77,424515
11942,0.00164,74.125.130.0-255,5738,96021,77,424515
11943,0.001643,172.31.40.0-255,66,96087,77,424515
11944,0.001676,74.125.130.0-255,5020,101107,77,424515
11945,0.001679,172.31.40.0-255,66,101173,77,424515
11946,0.001849,74.125.130.0-255,1484,102657,77,424515
11947,0.001856,74.125.130.0-255,2902,105559,77,424515
11948,0.001859,172.31.40.0-255,66,105625,77,424515
11949,0.001863,74.125.130.0-255,1484,107109,77,424515
11950,0.001879,74.125.130.0-255,2902,110011,77,424515
11951,0.001881,172.31.40.0-255,66,110077,77,424515
11952,0.001907,74.125.130.0-255,5738,115815,77,424515
11953,0.001909,172.31.40.0-255,66,115881,77,424515
11954,0.001933,74.125.130.0-255,8574,124455,77,424515
11955,0.001935,172.31.40.0-255,66,124521,77,424515
11956,0.001959,74.125.130.0-255,9992,134513,77,424515
11957,0.001963,172.31.40.0-255,66,134579,77,424515
11958,0.001968,74.125.130.0-255,3602,138181,77,424515
11959,0.001971,172.31.40.0-255,66,138247,77,424515
11960,0.001991,74.125.130.0-255,4320,142567,77,424515
11961,0.001993,172.31.40.0-255,66,142633,77,424515
11962,0.002012,74.125.130.0-255,1484,144117,77,424515
11963,0.002036,74.125.130.0-255,8574,152691,77,424515
11964,0.002039,172.31.40.0-255,66,152757,77,424515
11965,0.002043,74.125.130.0-255,2902,155659,77,424515
11966,0.002045,172.31.40.0-255,66,155725,77,424515
11967,0.002065,74.125.130.0-255,8574,164299,77,424515
11968,0.002068,172.31.40.0-255,66,164365,77,424515
11969,0.002098,74.125.130.0-255,5020,169385,77,424515
11970,0.002101,172.31.40.0-255,66,169451,77,424515
11971,0.002121,74.125.130.0-255,5738,175189,77,424515
11972,0.002124,172.31.40.0-255,66,175255,77,424515
11973,0.002148,74.125.130.0-255,7156,182411,77,424515
11974,0.002151,172.31.40.0-255,66,182477,77,424515
11975,0.002173,74.125.130.0-255,4320,186797,77,424515
11976,0.002176,172.31.40.0-255,66,186863,77,424515
11977,0.002194,74.125.130.0-255,2902,189765,77,424515
11978,0.002196,172.31.40.0-255,66,189831,77,424515
11979,0.002219,74.125.130.0-255,8574,198405,77,424515
11980,0.002222,172.31.40.0-255,66,198471,77,424515
11981,0.002227,74.125.130.0-255,2902,201373,77,424515
11982,0.002229,172.31.40.0-255,66,201439,77,424515
11983,0.002253,74.125.130.0-255,2184,203623,77,424515
11984,0.002273,172.31.40.0-255,66,203689,77,424515
11985,0.004452,74.125.130.0-255,2902,206591,77,424515
11986,0.00446,172.31.40.0-255,66,206657,77,424515
11987,0.004488,74.125.130.0-255,2902,209559,77,424515
11988,0.004491,172.31.40.0-255,66,209625,77,424515
11989,0.006681,74.125.130.0-255,2902,212527,77,424515
11990,0.00669,172.31.40.0-255,66,212593,77,424515
11991,0.006718,74.125.130.0-255,2902,215495,77,424515
11992,0.00672,172.31.40.0-255,66,215561,77,424515
11993,0.008917,74.125.130.0-255,2902,218463,77,424515
11994,0.008922,172.31.40.0-255,66,218529,77,424515
11995,0.00897,74.125.130.0-255,2902,221431,77,424515
11996,0.008972,172.31.40.0-255,66,221497,77,424515
11997,0.01116,74.125.130.0-255,2902,224399,77,424515
11998,0.011168,172.31.40.0-255,66,224465,77,424515
11999,0.01119,74.125.130.0-255,2902,227367,77,424515
12000,0.011192,172.31.40.0-255,66,227433,77,424515
12001,0.013401,74.125.130.0-255,5738,233171,77,424515
12002,0.013409,172.31.40.0-255,66,233237,77,424515
12003,0.015647,74.125.130.0-255,5738,238975,77,424515
12004,0.015655,172.31.40.0-255,66,239041,77,424515
12005,0.017888,74.125.130.0-255,5738,244779,77,424515
12006,0.0179,172.31.40.0-255,66,244845,77,424515
12007,0.020132,74.125.130.0-255,5738,250583,77,424515
12008,0.02014,172.31.40.0-255,66,250649,77,424515
12009,0.022382,74.125.130.0-255,5738,256387,77,424515
12010,0.022391,172.31.40.0-255,66,256453,77,424515
12011,0.024634,74.125.130.0-255,5738,262191,77,424515
12012,0.024643,172.31.40.0-255,66,262257,77,424515
12013,0.02688,74.125.130.0-255,5738,267995,77,424515
12014,0.026891,172.31.40.0-255,66,268061,77,424515
12015,0.029132,74.125.130.0-255,5738,273799,77,424515
12016,0.029145,172.31.40.0-255,66,273865,77,424515
12017,0.031388,74.125.130.0-255,5738,279603,77,424515
12018,0.031404,172.31.40.0-255,66,279669,77,424515
12019,0.03364,74.125.130.0-255,5738,285407,77,424515
12020,0.033657,172.31.40.0-255,66,285473,77,424515
12021,0.0359,74.125.130.0-255,5738,291211,77,424515
12022,0.035907,172.31.40.0-255,66,291277,77,424515
12023,0.038146,74.125.130.0-255,5738,297015,77,424515
12024,0.038156,172.31.40.0-255,66,297081,77,424515
12025,0.040407,74.125.130.0-255,5738,302819,77,424515
12026,0.040425,172.31.40.0-255,66,302885,77,424515
12027,0.042669,74.125.130.0-255,5738,308623,77,424515
12028,0.042678,172.31.40.0-255,66,308689,77,424515
12029,0.044908,74.125.130.0-255,5738,314427,77,424515
12030,0.044918,172.31.40.0-255,66,314493,77,424515
12031,0.047168,74.125.130.0-255,5738,320231,77,424515
12032,0.04718,172.31.40.0-255,66,320297,77,424515
12033,0.049437,74.125.130.0-255,5738,326035,77,424515
12034,0.049453,172.31.40.0-255,66,326101,77,424515
12035,0.051686,74.125.130.0-255,5738,331839,77,424515
12036,0.051695,172.31.40.0-255,66,331905,77,424515
12037,0.05393,74.125.130.0-255,5738,337643,77,424515
12038,0.053941,172.31.40.0-255,66,337709,77,424515
12039,0.056201,74.125.130.0-255,5738,343447,77,424515
12040,0.056216,172.31.40.0-255,66,343513,77,424515
12041,0.058454,74.125.130.0-255,5738,349251,77,424515
12042,0.058461,172.31.40.0-255,66,349317,77,424515
12043,0.058901,172.31.40.0-255,190,349507,77,424515
12044,0.058931,172.31.40.0-255,1120,350627,77,424515
12045,0.058999,172.31.40.0-255,1514,352141,77,424515
12046,0.059001,172.31.40.0-255,1514,353655,77,424515
12047,0.059003,172.31.40.0-255,1514,355169,77,424515
12048,0.059004,172.31.40.0-255,1514,356683,77,424515
12049,0.059031,172.31.40.0-255,1480,358163,77,424515
12050,0.060404,104.244.42.0-255,66,358229,77,424515
12051,0.060413,104.244.42.0-255,66,358295,77,424515
12052,0.060529,104.244.42.0-255,66,358361,77,424515
12053,0.060692,74.125.130.0-255,5738,364099,77,424515
12054,0.060699,172.31.40.0-255,66,364165,77,424515
12055,0.06123,104.244.42.0-255,108,364273,77,424515
12056,0.061241,172.31.40.0-255,66,364339,77,424515
12057,0.062939,74.125.130.0-255,5738,370077,77,424515
12058,0.062945,172.31.40.0-255,66,370143,77,424515
12059,0.065198,74.125.130.0-255,5738,375881,77,424515
12060,0.065205,172.31.40.0-255,66,375947,77,424515
12061,0.06745,74.125.130.0-255,5738,381685,77,424515
12062,0.067457,172.31.40.0-255,66,381751,77,424515
12063,0.069702,74.125.130.0-255,5738,387489,77,424515
12064,0.069708,172.31.40.0-255,66,387555,77,424515
12065,0.071967,74.125.130.0-255,5738,393293,77,424515
12066,0.071974,172.31.40.0-255,66,393359,77,424515
12067,0.074203,74.125.130.0-255,5738,399097,77,424515
12068,0.07421,172.31.40.0-255,66,399163,77,424515
12069,0.076456,74.125.130.0-255,5738,404901,77,424515
12070,0.076461,172.31.40.0-255,66,404967,77,424515
12071,0.0787,74.125.130.0-255,5738,410705,77,424515
12072,0.078706,172.31.40.0-255,66,410771,77,424515
12073,0.080971,74.125.130.0-255,5738,416509,77,424515
12074,0.080978,172.31.40.0-255,66,416575,77,424515
12075,0.083207,74.125.130.0-255,5738,422313,77,424515
12076,0.083212,172.31.40.0-255,66,422379,77,424515
12077,0.085438,74.125.130.0-255,1899,424278,77,424515
12078,0.085444,172.31.40.0-255,66,424344,77,424515
12079,0.085629,172.31.40.0-255,105,424449,77,424515
12080,0.087821,74.125.130.0-255,66,424515,77,424515
12081,0.0,172.253.118.0-255,150,150,77,373296
12082,1.8e-05,172.31.40.0-255,66,216,77,373296
12083,2.4e-05,172.253.118.0-255,1484,1700,77,373296
12084,2.8e-05,172.31.40.0-255,66,1766,77,373296
12085,3.3e-05,172.253.118.0-255,2902,4668,77,373296
12086,3.7e-05,172.31.40.0-255,66,4734,77,373296
12087,4.3e-05,172.253.118.0-255,7156,11890,77,373296
12088,4.6e-05,172.31.40.0-255,66,11956,77,373296
12089,7e-05,172.253.118.0-255,9992,21948,77,373296
12090,7.4e-05,172.31.40.0-255,66,22014,77,373296
12091,0.000102,172.253.118.0-255,2023,24037,77,373296
12092,0.000104,172.31.40.0-255,66,24103,77,373296
12093,0.000111,172.253.118.0-255,6797,30900,77,373296
12094,0.000114,172.31.40.0-255,66,30966,77,373296
12095,0.000166,172.253.118.0-255,1484,32450,77,373296
12096,0.000169,172.31.40.0-255,66,32516,77,373296
12097,0.000174,172.253.118.0-255,2902,35418,77,373296
12098,0.000176,172.31.40.0-255,66,35484,77,373296
12099,0.000194,172.253.118.0-255,5738,41222,77,373296
12100,0.000196,172.31.40.0-255,66,41288,77,373296
12101,0.000227,172.253.118.0-255,7156,48444,77,373296
12102,0.00023,172.31.40.0-255,66,48510,77,373296
12103,0.000258,172.253.118.0-255,6797,55307,77,373296
12104,0.00026,172.31.40.0-255,66,55373,77,373296
12105,0.000269,172.253.118.0-255,8574,63947,77,373296
12106,0.000271,172.31.40.0-255,66,64013,77,373296
12107,0.000303,172.253.118.0-255,1466,65479,77,373296
12108,0.000305,172.31.40.0-255,66,65545,77,373296
12109,0.000389,172.253.118.0-255,1484,67029,77,373296
12110,0.000393,172.31.40.0-255,66,67095,77,373296
12111,0.000399,172.253.118.0-255,2902,69997,77,373296
12112,0.000401,172.31.40.0-255,66,70063,77,373296
12113,0.000448,172.253.118.0-255,5738,75801,77,373296
12114,0.000451,172.31.40.0-255,66,75867,77,373296
12115,0.000458,172.253.118.0-255,6797,82664,77,373296
12116,0.000461,172.31.40.0-255,66,82730,77,373296
12117,0.000464,172.253.118.0-255,1484,84214,77,373296
12118,0.000491,172.253.118.0-255,12828,97042,77,373296
12119,0.000493,172.31.40.0-255,66,97108,77,373296
12120,0.000498,172.253.118.0-255,2543,99651,77,373296
12121,0.0005,172.31.40.0-255,66,99717,77,373296
12122,0.000535,172.253.118.0-255,1484,101201,77,373296
12123,0.000541,172.253.118.0-255,2902,104103,77,373296
12124,0.000543,172.31.40.0-255,66,104169,77,373296
12125,0.000569,172.253.118.0-255,5738,109907,77,373296
12126,0.000572,172.31.40.0-255,66,109973,77,373296
12127,0.00059,172.253.118.0-255,2902,112875,77,373296
12128,0.000593,172.31.40.0-255,66,112941,77,373296
12129,0.000615,172.253.118.0-255,3660,116601,77,373296
12130,0.000618,172.31.40.0-255,66,116667,77,373296
12131,0.000637,172.253.118.0-255,2902,119569,77,373296
12132,0.00064,172.31.40.0-255,66,119635,77,373296
12133,0.000663,172.253.118.0-255,4320,123955,77,373296
12134,0.000666,172.31.40.0-255,66,124021,77,373296
12135,0.000669,172.253.118.0-255,1484,125505,77,373296
12136,0.000693,172.253.118.0-255,7156,132661,77,373296
12137,0.000695,172.253.118.0-255,1484,134145,77,373296
12138,0.000699,172.31.40.0-255,66,134211,77,373296
12139,0.000719,172.253.118.0-255,2902,137113,77,373296
12140,0.000721,172.31.40.0-255,66,137179,77,373296
12141,0.000727,172.253.118.0-255,5738,142917,77,373296
12142,0.00073,172.31.40.0-255,66,142983,77,373296
12143,0.000741,172.253.118.0-255,1484,144467,77,373296
12144,0.000764,172.253.118.0-255,6438,150905,77,373296
12145,0.000779,172.31.40.0-255,66,150971,77,373296
12146,0.000797,172.253.118.0-255,1484,152455,77,373296
12147,0.000814,172.253.118.0-255,2902,155357,77,373296
12148,0.000819,172.253.118.0-255,4320,159677,77,373296
12149,0.000832,172.253.118.0-255,1484,161161,77,373296
12150,0.000847,172.253.118.0-255,5738,166899,77,373296
12151,0.000852,172.31.40.0-255,66,166965,77,373296
12152,0.000879,172.253.118.0-255,7156,174121,77,373296
12153,0.000885,172.253.118.0-255,5738,179859,77,373296
12154,0.000897,172.31.40.0-255,66,179925,77,373296
12155,0.000903,172.253.118.0-255,4320,184245,77,373296
12156,0.000912,172.31.40.0-255,66,184311,77,373296
12157,0.000915,172.253.118.0-255,766,185077,77,373296
12158,0.000973,172.253.118.0-255,1484,186561,77,373296
12159,0.000979,172.31.40.0-255,66,186627,77,373296
12160,0.000988,172.253.118.0-255,2902,189529,77,373296
12161,0.000993,172.253.118.0-255,4320,193849,77,373296
12162,0.000996,172.31.40.0-255,66,193915,77,373296
12163,0.001004,172.253.118.0-255,1484,195399,77,373296
12164,0.00101,172.253.118.0-255,5738,201137,77,373296
12165,0.001025,172.253.118.0-255,4320,205457,77,373296
12166,0.001035,172.31.40.0-255,66,205523,77,373296
12167,0.001061,172.253.118.0-255,2902,208425,77,373296
12168,0.001074,172.31.40.0-255,66,208491,77,373296
12169,0.001089,172.253.118.0-255,10692,219183,77,373296
12170,0.001107,172.31.40.0-255,66,219249,77,373296
12171,0.001169,172.253.118.0-255,1484,220733,77,373296
12172,0.001183,172.253.118.0-255,2902,223635,77,373296
12173,0.001198,172.31.40.0-255,66,223701,77,373296
12174,0.001206,172.253.118.0-255,2902,226603,77,373296
12175,0.001218,172.253.118.0-255,2902,229505,77,373296
12176,0.001224,172.253.118.0-255,5738,235243,77,373296
12177,0.001234,172.253.118.0-255,1484,236727,77,373296
12178,0.001238,172.31.40.0-255,66,236793,77,373296
12179,0.001247,172.253.118.0-255,4320,241113,77,373296
12180,0.001251,172.31.40.0-255,66,241179,77,373296
12181,0.001267,172.253.118.0-255,9992,251171,77,373296
12182,0.001276,172.253.118.0-255,2184,253355,77,373296
12183,0.001329,172.31.40.0-255,66,253421,77,373296
12184,0.001425,172.253.118.0-255,1484,254905,77,373296
12185,0.001444,172.253.118.0-255,2902,257807,77,373296
12186,0.001451,172.253.118.0-255,5738,263545,77,373296
12187,0.001456,172.31.40.0-255,66,263611,77,373296
12188,0.001478,172.253.118.0-255,7156,270767,77,373296
12189,0.00151,172.31.40.0-255,66,270833,77,373296
12190,0.001535,172.253.118.0-255,9274,280107,77,373296
12191,0.001543,172.253.118.0-255,9992,290099,77,373296
12192,0.001548,172.31.40.0-255,66,290165,77,373296
12193,0.001571,172.253.118.0-255,7156,297321,77,373296
12194,0.001577,172.31.40.0-255,66,297387,77,373296
12195,0.001607,172.253.118.0-255,9274,306661,77,373296
12196,0.001611,172.253.118.0-255,2902,309563,77,373296
12197,0.001614,172.253.118.0-255,1484,311047,77,373296
12198,0.001618,172.31.40.0-255,66,311113,77,373296
12199,0.001638,172.253.118.0-255,2902,314015,77,373296
12200,0.001645,172.253.118.0-255,7156,321171,77,373296
12201,0.001657,172.253.118.0-255,1484,322655,77,373296
12202,0.001662,172.31.40.0-255,66,322721,77,373296
12203,0.001686,172.253.118.0-255,11410,334131,77,373296
12204,0.001692,172.31.40.0-255,66,334197,77,373296
12205,0.001714,172.253.118.0-255,6438,340635,77,373296
12206,0.001719,172.253.118.0-255,4320,344955,77,373296
12207,0.001728,172.31.40.0-255,66,345021,77,373296
12208,0.00174,172.253.118.0-255,8574,353595,77,373296
12209,0.001777,172.253.118.0-255,9992,363587,77,373296
12210,0.001791,172.253.118.0-255,766,364353,77,373296
12211,0.001823,172.253.118.0-255,4320,368673,77,373296
12212,0.001864,172.253.118.0-255,105,368778,77,373296
12213,0.007422,172.31.40.0-255,66,368844,77,373296
12214,0.010157,172.31.40.0-255,105,368949,77,373296
12215,0.012687,172.253.118.0-255,66,369015,77,373296
12216,0.034589,172.31.40.0-255,172,369187,77,373296
12217,0.034624,172.31.40.0-255,1120,370307,77,373296
12218,0.034702,172.31.40.0-255,1514,371821,77,373296
12219,0.034703,172.31.40.0-255,1277,373098,77,373296
12220,0.036084,104.244.42.0-255,66,373164,77,373296
12221,0.036116,104.244.42.0-255,66,373230,77,373296
12222,0.036207,104.244.42.0-255,66,373296,77,373296
12223,0.0,172.217.194.0-255,150,150,77,421094
12224,2.3e-05,172.31.40.0-255,66,216,77,421094
12225,2.9e-05,172.217.194.0-255,1484,1700,77,421094
12226,3.3e-05,172.31.40.0-255,66,1766,77,421094
12227,3.6e-05,172.217.194.0-255,1484,3250,77,421094
12228,4e-05,172.31.40.0-255,66,3316,77,421094
12229,4.6e-05,172.217.194.0-255,2902,6218,77,421094
12230,4.9e-05,172.31.40.0-255,66,6284,77,421094
12231,5.6e-05,172.217.194.0-255,5738,12022,77,421094
12232,5.9e-05,172.31.40.0-255,66,12088,77,421094
12233,9.7e-05,172.217.194.0-255,7692,19780,77,421094
12234,0.000101,172.31.40.0-255,66,19846,77,421094
12235,0.00011,172.217.194.0-255,8574,28420,77,421094
12236,0.000112,172.31.40.0-255,66,28486,77,421094
12237,0.000121,172.217.194.0-255,8574,37060,77,421094
12238,0.000124,172.31.40.0-255,66,37126,77,421094
12239,0.000159,172.217.194.0-255,9992,47118,77,421094
12240,0.000161,172.31.40.0-255,66,47184,77,421094
12241,0.000164,172.217.194.0-255,766,47950,77,421094
12242,0.000166,172.31.40.0-255,66,48016,77,421094
12243,0.000204,172.217.194.0-255,1484,49500,77,421094
12244,0.000207,172.31.40.0-255,66,49566,77,421094
12245,0.000211,172.217.194.0-255,2902,52468,77,421094
12246,0.000213,172.31.40.0-255,66,52534,77,421094
12247,0.00022,172.217.194.0-255,5738,58272,77,421094
12248,0.000222,172.31.40.0-255,66,58338,77,421094
12249,0.000228,172.217.194.0-255,4320,62658,77,421094
12250,0.00023,172.31.40.0-255,66,62724,77,421094
12251,0.000243,172.217.194.0-255,2841,65565,77,421094
12252,0.000246,172.31.40.0-255,66,65631,77,421094
12253,0.000273,172.217.194.0-255,2902,68533,77,421094
12254,0.000276,172.31.40.0-255,66,68599,77,421094
12255,0.000297,172.217.194.0-255,4320,72919,77,421094
12256,0.000306,172.217.194.0-255,8574,81493,77,421094
12257,0.000329,172.217.194.0-255,11410,92903,77,421094
12258,0.00035,172.217.194.0-255,5738,98641,77,421094
12259,0.000353,172.217.194.0-255,1079,99720,77,421094
12260,0.000392,172.217.194.0-255,1484,101204,77,421094
12261,0.000397,172.217.194.0-255,2902,104106,77,421094
12262,0.0004,172.217.194.0-255,1484,105590,77,421094
12263,0.000414,172.217.194.0-255,4320,109910,77,421094
12264,0.000428,172.217.194.0-255,4320,114230,77,421094
12265,0.00045,172.217.194.0-255,8574,122804,77,421094
12266,0.000459,172.217.194.0-255,9992,132796,77,421094
12267,0.000462,172.217.194.0-255,217,133013,77,421094
12268,0.000503,172.217.194.0-255,1484,134497,77,421094
12269,0.000524,172.217.194.0-255,4320,138817,77,421094
12270,0.000529,172.217.194.0-255,2902,141719,77,421094
12271,0.000547,172.217.194.0-255,5738,147457,77,421094
12272,0.000553,172.217.194.0-255,5738,153195,77,421094
12273,0.000596,172.217.194.0-255,2902,156097,77,421094
12274,0.00062,172.217.194.0-255,10692,166789,77,421094
12275,0.000674,172.31.40.0-255,66,166855,77,421094
12276,0.000693,172.217.194.0-255,1484,168339,77,421094
12277,0.000709,172.217.194.0-255,2902,171241,77,421094
12278,0.000726,172.31.40.0-255,66,171307,77,421094
12279,0.000733,172.217.194.0-255,5738,177045,77,421094
12280,0.000735,172.217.194.0-255,1484,178529,77,421094
12281,0.000742,172.31.40.0-255,66,178595,77,421094
12282,0.000763,172.217.194.0-255,11410,190005,77,421094
12283,0.000813,172.217.194.0-255,7156,197161,77,421094
12284,0.000826,172.31.40.0-255,66,197227,77,421094
12285,0.000833,172.217.194.0-255,1484,198711,77,421094
12286,0.000837,172.217.194.0-255,2184,200895,77,421094
12287,0.000841,172.217.194.0-255,2902,203797,77,421094
12288,0.000847,172.31.40.0-255,66,203863,77,421094
12289,0.000856,172.217.194.0-255,2902,206765,77,421094
12290,0.000861,172.217.194.0-255,5738,212503,77,421094
12291,0.000873,172.217.194.0-255,1484,213987,77,421094
12292,0.000891,172.31.40.0-255,66,214053,77,421094
12293,0.000905,172.217.194.0-255,5738,219791,77,421094
12294,0.000921,172.217.194.0-255,5738,225529,77,421094
12295,0.000934,172.31.40.0-255,66,225595,77,421094
12296,0.000948,172.217.194.0-255,4320,229915,77,421094
12297,0.000954,172.217.194.0-255,5020,234935,77,421094
12298,0.000977,172.31.40.0-255,66,235001,77,421094
12299,0.001289,172.217.194.0-255,1484,236485,77,421094
12300,0.001295,172.217.194.0-255,2902,239387,77,421094
12301,0.001303,172.31.40.0-255,66,239453,77,421094
12302,0.001318,172.217.194.0-255,5738,245191,77,421094
12303,0.00134,172.217.194.0-255,4320,249511,77,421094
12304,0.001343,172.217.194.0-255,1484,250995,77,421094
12305,0.001349,172.31.40.0-255,66,251061,77,421094
12306,0.001375,172.217.194.0-255,9992,261053,77,421094
12307,0.001383,172.217.194.0-255,7856,268909,77,421094
12308,0.001399,172.31.40.0-255,66,268975,77,421094
12309,0.001427,172.217.194.0-255,1484,270459,77,421094
12310,0.001431,172.217.194.0-255,1484,271943,77,421094
12311,0.001447,172.217.194.0-255,1484,273427,77,421094
12312,0.001452,172.217.194.0-255,4320,277747,77,421094
12313,0.001458,172.31.40.0-255,66,277813,77,421094
12314,0.001475,172.217.194.0-255,1484,279297,77,421094
12315,0.001486,172.217.194.0-255,8574,287871,77,421094
12316,0.001502,172.31.40.0-255,66,287937,77,421094
12317,0.001521,172.217.194.0-255,1484,289421,77,421094
12318,0.00155,172.217.194.0-255,13528,302949,77,421094
12319,0.001578,172.217.194.0-255,11410,314359,77,421094
12320,0.001585,172.31.40.0-255,66,314425,77,421094
12321,0.001608,172.217.194.0-255,4320,318745,77,421094
12322,0.001617,172.217.194.0-255,9992,328737,77,421094
12323,0.001623,172.31.40.0-255,66,328803,77,421094
12324,0.001636,172.217.194.0-255,5738,334541,77,421094
12325,0.001653,172.217.194.0-255,2184,336725,77,421094
12326,0.001661,172.217.194.0-255,8574,345299,77,421094
12327,0.001672,172.31.40.0-255,66,345365,77,421094
12328,0.001679,172.217.194.0-255,8574,353939,77,421094
12329,0.001684,172.31.40.0-255,66,354005,77,421094
12330,0.001699,172.217.194.0-255,9992,363997,77,421094
12331,0.001705,172.217.194.0-255,6438,370435,77,421094
12332,0.001737,172.217.194.0-255,4320,374755,77,421094
12333,0.001743,172.31.40.0-255,66,374821,77,421094
12334,0.001759,172.217.194.0-255,5738,380559,77,421094
12335,0.0018,172.217.194.0-255,5738,386297,77,421094
12336,0.001817,172.217.194.0-255,5738,392035,77,421094
12337,0.001828,172.217.194.0-255,12110,404145,77,421094
12338,0.001834,172.217.194.0-255,5738,409883,77,421094
12339,0.001841,172.31.40.0-255,66,409949,77,421094
12340,0.001857,172.217.194.0-255,1777,411726,77,421094
12341,0.00186,172.217.194.0-255,105,411831,77,421094
12342,0.00188,172.31.40.0-255,66,411897,77,421094
12343,0.004086,172.31.40.0-255,105,412002,77,421094
12344,0.006083,172.217.194.0-255,66,412068,77,421094
12345,0.038866,172.31.40.0-255,172,412240,77,421094
12346,0.0389,172.31.40.0-255,1119,413359,77,421094
12347,0.038981,172.31.40.0-255,1514,414873,77,421094
12348,0.038983,172.31.40.0-255,1514,416387,77,421094
12349,0.038988,172.31.40.0-255,1514,417901,77,421094
12350,0.038989,172.31.40.0-255,1514,419415,77,421094
12351,0.039009,172.31.40.0-255,1481,420896,77,421094
12352,0.040347,104.244.42.0-255,66,420962,77,421094
12353,0.040377,104.244.42.0-255,66,421028,77,421094
12354,0.040513,104.244.42.0-255,66,421094,77,421094
12355,0.0,172.217.194.0-255,153,153,77,374172
12356,1.1e-05,172.31.40.0-255,66,219,77,374172
12357,1.6e-05,172.217.194.0-255,1484,1703,77,374172
12358,2e-05,172.31.40.0-255,66,1769,77,374172
12359,2.4e-05,172.217.194.0-255,1484,3253,77,374172
12360,2.6e-05,172.31.40.0-255,66,3319,77,374172
12361,5.1e-05,172.217.194.0-255,1484,4803,77,374172
12362,5.3e-05,172.31.40.0-255,66,4869,77,374172
12363,5.9e-05,172.217.194.0-255,4320,9189,77,374172
12364,6.2e-05,172.31.40.0-255,66,9255,77,374172
12365,7.9e-05,172.217.194.0-255,1484,10739,77,374172
12366,8.2e-05,172.31.40.0-255,66,10805,77,374172
12367,0.000111,172.217.194.0-255,7706,18511,77,374172
12368,0.000114,172.31.40.0-255,66,18577,77,374172
12369,0.000123,172.217.194.0-255,9992,28569,77,374172
12370,0.000125,172.31.40.0-255,66,28635,77,374172
12371,0.000149,172.217.194.0-255,2543,31178,77,374172
12372,0.000151,172.31.40.0-255,66,31244,77,374172
12373,0.000156,172.217.194.0-255,2902,34146,77,374172
12374,0.000158,172.31.40.0-255,66,34212,77,374172
12375,0.000172,172.217.194.0-255,2902,37114,77,374172
12376,0.000174,172.31.40.0-255,66,37180,77,374172
12377,0.000195,172.217.194.0-255,4320,41500,77,374172
12378,0.000198,172.31.40.0-255,66,41566,77,374172
12379,0.000205,172.217.194.0-255,6797,48363,77,374172
12380,0.000207,172.31.40.0-255,66,48429,77,374172
12381,0.000248,172.31.40.0-255,66,48495,77,374172
12382,0.000251,172.217.194.0-255,1125,49620,77,374172
12383,0.000253,172.31.40.0-255,66,49686,77,374172
12384,0.00047,172.217.194.0-255,645,50331,77,374172
12385,0.000475,172.31.40.0-255,66,50397,77,374172
12386,0.000566,172.217.194.0-255,1484,51881,77,374172
12387,0.000573,172.217.194.0-255,2902,54783,77,374172
12388,0.000575,172.31.40.0-255,66,54849,77,374172
12389,0.000603,172.217.194.0-255,5738,60587,77,374172
12390,0.000607,172.31.40.0-255,66,60653,77,374172
12391,0.000614,172.217.194.0-255,7156,67809,77,374172
12392,0.000617,172.31.40.0-255,66,67875,77,374172
12393,0.000661,172.31.40.0-255,66,67941,77,374172
12394,0.000665,172.217.194.0-255,2184,70125,77,374172
12395,0.000667,172.31.40.0-255,66,70191,77,374172
12396,0.000725,172.31.40.0-255,101,70292,77,374172
12397,0.000745,172.217.194.0-255,1484,71776,77,374172
12398,0.00075,172.217.194.0-255,2902,74678,77,374172
12399,0.000753,172.31.40.0-255,66,74744,77,374172
12400,0.000792,172.217.194.0-255,5738,80482,77,374172
12401,0.000796,172.31.40.0-255,66,80548,77,374172
12402,0.000803,172.217.194.0-255,5738,86286,77,374172
12403,0.000805,172.31.40.0-255,66,86352,77,374172
12404,0.000838,172.217.194.0-255,7156,93508,77,374172
12405,0.000841,172.31.40.0-255,66,93574,77,374172
12406,0.000846,172.217.194.0-255,4320,97894,77,374172
12407,0.000849,172.31.40.0-255,66,97960,77,374172
12408,0.000867,172.217.194.0-255,5738,103698,77,374172
12409,0.00087,172.31.40.0-255,66,103764,77,374172
12410,0.000904,172.217.194.0-255,13528,117292,77,374172
12411,0.000908,172.31.40.0-255,66,117358,77,374172
12412,0.000924,172.31.40.0-255,66,117424,77,374172
12413,0.000931,172.217.194.0-255,6438,123862,77,374172
12414,0.000934,172.31.40.0-255,66,123928,77,374172
12415,0.001538,172.217.194.0-255,1484,125412,77,374172
12416,0.001547,172.217.194.0-255,2902,128314,77,374172
12417,0.001553,172.31.40.0-255,66,128380,77,374172
12418,0.00156,172.217.194.0-255,5738,134118,77,374172
12419,0.001563,172.31.40.0-255,66,134184,77,374172
12420,0.001598,172.217.194.0-255,12828,147012,77,374172
12421,0.001601,172.31.40.0-255,66,147078,77,374172
12422,0.001611,172.217.194.0-255,10692,157770,77,374172
12423,0.001614,172.31.40.0-255,66,157836,77,374172
12424,0.003008,172.217.194.0-255,66,157902,77,374172
12425,0.003915,172.217.194.0-255,5738,163640,77,374172
12426,0.003928,172.31.40.0-255,66,163706,77,374172
12427,0.006222,172.217.194.0-255,5738,169444,77,374172
12428,0.006228,172.31.40.0-255,66,169510,77,374172
12429,0.008548,172.217.194.0-255,5738,175248,77,374172
12430,0.008555,172.31.40.0-255,66,175314,77,374172
12431,0.010906,172.217.194.0-255,5738,181052,77,374172
12432,0.010915,172.31.40.0-255,66,181118,77,374172
12433,0.013216,172.217.194.0-255,5738,186856,77,374172
12434,0.013226,172.31.40.0-255,66,186922,77,374172
12435,0.015561,172.217.194.0-255,5738,192660,77,374172
12436,0.015567,172.31.40.0-255,66,192726,77,374172
12437,0.017872,172.217.194.0-255,5738,198464,77,374172
12438,0.017878,172.31.40.0-255,66,198530,77,374172
12439,0.020157,172.217.194.0-255,5738,204268,77,374172
12440,0.020165,172.31.40.0-255,66,204334,77,374172
12441,0.022151,172.31.40.0-255,172,204506,77,374172
12442,0.022185,172.31.40.0-255,1119,205625,77,374172
12443,0.022247,172.31.40.0-255,1514,207139,77,374172
12444,0.022249,172.31.40.0-255,1276,208415,77,374172
12445,0.022451,172.217.194.0-255,5738,214153,77,374172
12446,0.022458,172.31.40.0-255,66,214219,77,374172
12447,0.023713,104.244.42.0-255,66,214285,77,374172
12448,0.023917,104.244.42.0-255,66,214351,77,374172
12449,0.023923,104.244.42.0-255,66,214417,77,374172
12450,0.024718,172.217.194.0-255,5738,220155,77,374172
12451,0.024725,172.31.40.0-255,66,220221,77,374172
12452,0.027029,172.217.194.0-255,5738,225959,77,374172
12453,0.027036,172.31.40.0-255,66,226025,77,374172
12454,0.029294,172.217.194.0-255,5738,231763,77,374172
12455,0.029299,172.31.40.0-255,66,231829,77,374172
12456,0.031612,172.217.194.0-255,5738,237567,77,374172
12457,0.031618,172.31.40.0-255,66,237633,77,374172
12458,0.033943,172.217.194.0-255,5738,243371,77,374172
12459,0.033949,172.31.40.0-255,66,243437,77,374172
12460,0.036266,172.217.194.0-255,5738,249175,77,374172
12461,0.036275,172.31.40.0-255,66,249241,77,374172
12462,0.038579,172.217.194.0-255,5738,254979,77,374172
12463,0.038586,172.31.40.0-255,66,255045,77,374172
12464,0.040866,172.217.194.0-255,5738,260783,77,374172
12465,0.040876,172.31.40.0-255,66,260849,77,374172
12466,0.043153,172.217.194.0-255,5738,266587,77,374172
12467,0.043158,172.31.40.0-255,66,266653,77,374172
12468,0.045473,172.217.194.0-255,5738,272391,77,374172
12469,0.045479,172.31.40.0-255,66,272457,77,374172
12470,0.047825,172.217.194.0-255,5738,278195,77,374172
12471,0.047831,172.31.40.0-255,66,278261,77,374172
12472,0.050145,172.217.194.0-255,5738,283999,77,374172
12473,0.05015,172.31.40.0-255,66,284065,77,374172
12474,0.052419,172.217.194.0-255,5738,289803,77,374172
12475,0.052426,172.31.40.0-255,66,289869,77,374172
12476,0.054694,172.217.194.0-255,5738,295607,77,374172
12477,0.054701,172.31.40.0-255,66,295673,77,374172
12478,0.056985,172.217.194.0-255,5738,301411,77,374172
12479,0.056992,172.31.40.0-255,66,301477,77,374172
12480,0.059338,172.217.194.0-255,5738,307215,77,374172
12481,0.059346,172.31.40.0-255,66,307281,77,374172
12482,0.06168,172.217.194.0-255,5738,313019,77,374172
12483,0.061686,172.31.40.0-255,66,313085,77,374172
12484,0.063996,172.217.194.0-255,5738,318823,77,374172
12485,0.064002,172.31.40.0-255,66,318889,77,374172
12486,0.066313,172.217.194.0-255,5738,324627,77,374172
12487,0.066319,172.31.40.0-255,66,324693,77,374172
12488,0.068594,172.217.194.0-255,5738,330431,77,374172
12489,0.068601,172.31.40.0-255,66,330497,77,374172
12490,0.070866,172.217.194.0-255,5738,336235,77,374172
12491,0.070873,172.31.40.0-255,66,336301,77,374172
12492,0.073187,172.217.194.0-255,5738,342039,77,374172
12493,0.073195,172.31.40.0-255,66,342105,77,374172
12494,0.075485,172.217.194.0-255,5738,347843,77,374172
12495,0.075494,172.31.40.0-255,66,347909,77,374172
12496,0.077758,172.217.194.0-255,5738,353647,77,374172
12497,0.077767,172.31.40.0-255,66,353713,77,374172
12498,0.080079,172.217.194.0-255,4320,358033,77,374172
12499,0.080085,172.31.40.0-255,66,358099,77,374172
12500,0.080103,172.217.194.0-255,1484,359583,77,374172
12501,0.082368,172.217.194.0-255,2902,362485,77,374172
12502,0.082373,172.31.40.0-255,66,362551,77,374172
12503,0.084661,172.217.194.0-255,5738,368289,77,374172
12504,0.084667,172.31.40.0-255,66,368355,77,374172
12505,0.086973,172.217.194.0-255,5580,373935,77,374172
12506,0.086979,172.31.40.0-255,66,374001,77,374172
12507,0.087129,172.31.40.0-255,105,374106,77,374172
12508,0.093466,172.217.194.0-255,66,374172,77,374172
12509,0.0,172.217.194.0-255,153,153,77,417215
12510,2.4e-05,172.31.40.0-255,66,219,77,417215
12511,3.1e-05,172.217.194.0-255,1484,1703,77,417215
12512,3.7e-05,172.31.40.0-255,66,1769,77,417215
12513,4.3e-05,172.217.194.0-255,2902,4671,77,417215
12514,4.6e-05,172.31.40.0-255,66,4737,77,417215
12515,5e-05,172.217.194.0-255,1484,6221,77,417215
12516,5.3e-05,172.31.40.0-255,66,6287,77,417215
12517,8e-05,172.217.194.0-255,4320,10607,77,417215
12518,8.3e-05,172.31.40.0-255,66,10673,77,417215
12519,8.6e-05,172.217.194.0-255,1484,12157,77,417215
12520,8.8e-05,172.31.40.0-255,66,12223,77,417215
12521,0.000108,172.217.194.0-255,2109,14332,77,417215
12522,0.00011,172.31.40.0-255,66,14398,77,417215
12523,0.000178,172.217.194.0-255,1484,15882,77,417215
12524,0.000181,172.31.40.0-255,66,15948,77,417215
12525,0.000196,172.217.194.0-255,2902,18850,77,417215
12526,0.000199,172.31.40.0-255,66,18916,77,417215
12527,0.000207,172.217.194.0-255,5738,24654,77,417215
12528,0.000209,172.31.40.0-255,66,24720,77,417215
12529,0.000259,172.217.194.0-255,13887,38607,77,417215
12530,0.000262,172.31.40.0-255,66,38673,77,417215
12531,0.000265,172.217.194.0-255,1484,40157,77,417215
12532,0.000267,172.31.40.0-255,66,40223,77,417215
12533,0.000286,172.217.194.0-255,5738,45961,77,417215
12534,0.000289,172.31.40.0-255,66,46027,77,417215
12535,0.000327,172.217.194.0-255,11410,57437,77,417215
12536,0.000331,172.31.40.0-255,66,57503,77,417215
12537,0.000339,172.217.194.0-255,7856,65359,77,417215
12538,0.000342,172.31.40.0-255,66,65425,77,417215
12539,0.000344,172.217.194.0-255,409,65834,77,417215
12540,0.000347,172.31.40.0-255,66,65900,77,417215
12541,0.000384,172.217.194.0-255,1484,67384,77,417215
12542,0.000401,172.217.194.0-255,2902,70286,77,417215
12543,0.000421,172.217.194.0-255,5738,76024,77,417215
12544,0.000436,172.217.194.0-255,2902,78926,77,417215
12545,0.000456,172.217.194.0-255,7156,86082,77,417215
12546,0.000474,172.217.194.0-255,2902,88984,77,417215
12547,0.00048,172.217.194.0-255,4320,93304,77,417215
12548,0.000506,172.217.194.0-255,6438,99742,77,417215
12549,0.000509,172.217.194.0-255,365,100107,77,417215
12550,0.000592,172.31.40.0-255,66,100173,77,417215
12551,0.000745,172.217.194.0-255,1484,101657,77,417215
12552,0.000749,172.217.194.0-255,1484,103141,77,417215
12553,0.000756,172.31.40.0-255,66,103207,77,417215
12554,0.000777,172.217.194.0-255,1484,104691,77,417215
12555,0.000784,172.217.194.0-255,5738,110429,77,417215
12556,0.000796,172.217.194.0-255,12828,123257,77,417215
12557,0.000803,172.31.40.0-255,66,123323,77,417215
12558,0.000832,172.217.194.0-255,10143,133466,77,417215
12559,0.000845,172.31.40.0-255,66,133532,77,417215
12560,0.000881,172.217.194.0-255,1484,135016,77,417215
12561,0.000886,172.217.194.0-255,2902,137918,77,417215
12562,0.000901,172.31.40.0-255,66,137984,77,417215
12563,0.000913,172.217.194.0-255,5738,143722,77,417215
12564,0.000928,172.31.40.0-255,66,143788,77,417215
12565,0.000938,172.217.194.0-255,2902,146690,77,417215
12566,0.000941,172.217.194.0-255,1484,148174,77,417215
12567,0.000955,172.31.40.0-255,66,148240,77,417215
12568,0.000968,172.217.194.0-255,2902,151142,77,417215
12569,0.000975,172.217.194.0-255,7156,158298,77,417215
12570,0.00102,172.31.40.0-255,66,158364,77,417215
12571,0.001035,172.217.194.0-255,9274,167638,77,417215
12572,0.001059,172.31.40.0-255,66,167704,77,417215
12573,0.001384,172.217.194.0-255,1484,169188,77,417215
12574,0.001404,172.217.194.0-255,2902,172090,77,417215
12575,0.001408,172.31.40.0-255,66,172156,77,417215
12576,0.001415,172.217.194.0-255,5738,177894,77,417215
12577,0.00143,172.217.194.0-255,4320,182214,77,417215
12578,0.001434,172.31.40.0-255,66,182280,77,417215
12579,0.001449,172.217.194.0-255,1484,183764,77,417215
12580,0.001453,172.217.194.0-255,1484,185248,77,417215
12581,0.00146,172.31.40.0-255,66,185314,77,417215
12582,0.001488,172.217.194.0-255,11410,196724,77,417215
12583,0.001495,172.217.194.0-255,5020,201744,77,417215
12584,0.001513,172.31.40.0-255,66,201810,77,417215
12585,0.001644,172.217.194.0-255,1484,203294,77,417215
12586,0.001651,172.217.194.0-255,2902,206196,77,417215
12587,0.001658,172.31.40.0-255,66,206262,77,417215
12588,0.00168,172.217.194.0-255,5738,212000,77,417215
12589,0.001683,172.31.40.0-255,66,212066,77,417215
12590,0.001689,172.217.194.0-255,7156,219222,77,417215
12591,0.001694,172.217.194.0-255,2902,222124,77,417215
12592,0.001712,172.217.194.0-255,8574,230698,77,417215
12593,0.001715,172.31.40.0-255,66,230764,77,417215
12594,0.001719,172.31.40.0-255,66,230830,77,417215
12595,0.001737,172.217.194.0-255,2902,233732,77,417215
12596,0.001741,172.217.194.0-255,2184,235916,77,417215
12597,0.001756,172.31.40.0-255,66,235982,77,417215
12598,0.001933,172.217.194.0-255,1484,237466,77,417215
12599,0.001939,172.217.194.0-255,2902,240368,77,417215
12600,0.001943,172.31.40.0-255,66,240434,77,417215
12601,0.001946,172.217.194.0-255,1484,241918,77,417215
12602,0.001964,172.217.194.0-255,4320,246238,77,417215
12603,0.001975,172.31.40.0-255,66,246304,77,417215
12604,0.001997,172.217.194.0-255,11410,257714,77,417215
12605,0.002016,172.31.40.0-255,66,257780,77,417215
12606,0.00202,172.217.194.0-255,1484,259264,77,417215
12607,0.002042,172.217.194.0-255,9992,269256,77,417215
12608,0.00205,172.217.194.0-255,8574,277830,77,417215
12609,0.002058,172.31.40.0-255,66,277896,77,417215
12610,0.002076,172.217.194.0-255,2184,280080,77,417215
12611,0.002087,172.217.194.0-255,11410,291490,77,417215
12612,0.002094,172.217.194.0-255,5738,297228,77,417215
12613,0.002104,172.31.40.0-255,66,297294,77,417215
12614,0.002118,172.217.194.0-255,6438,303732,77,417215
12615,0.002123,172.31.40.0-255,66,303798,77,417215
12616,0.002166,172.31.40.0-255,101,303899,77,417215
12617,0.004201,172.217.194.0-255,5738,309637,77,417215
12618,0.004209,172.31.40.0-255,66,309703,77,417215
12619,0.00423,172.217.194.0-255,66,309769,77,417215
12620,0.00631,172.217.194.0-255,5738,315507,77,417215
12621,0.006313,172.31.40.0-255,66,315573,77,417215
12622,0.00842,172.217.194.0-255,5738,321311,77,417215
12623,0.008424,172.31.40.0-255,66,321377,77,417215
12624,0.010508,172.217.194.0-255,5738,327115,77,417215
12625,0.010522,172.31.40.0-255,66,327181,77,417215
12626,0.012612,172.217.194.0-255,5738,332919,77,417215
12627,0.015433,172.31.40.0-255,66,332985,77,417215
12628,0.017538,172.217.194.0-255,5738,338723,77,417215
12629,0.017555,172.31.40.0-255,66,338789,77,417215
12630,0.019741,172.217.194.0-255,5738,344527,77,417215
12631,0.019751,172.31.40.0-255,66,344593,77,417215
12632,0.021874,172.217.194.0-255,5738,350331,77,417215
12633,0.021884,172.31.40.0-255,66,350397,77,417215
12634,0.023957,172.217.194.0-255,5738,356135,77,417215
12635,0.023966,172.31.40.0-255,66,356201,77,417215
12636,0.026062,172.217.194.0-255,5738,361939,77,417215
12637,0.026073,172.31.40.0-255,66,362005,77,417215
12638,0.028217,172.217.194.0-255,5738,367743,77,417215
12639,0.028225,172.31.40.0-255,66,367809,77,417215
12640,0.030354,172.217.194.0-255,5738,373547,77,417215
12641,0.030361,172.31.40.0-255,66,373613,77,417215
12642,0.032478,172.217.194.0-255,5738,379351,77,417215
12643,0.032486,172.31.40.0-255,66,379417,77,417215
12644,0.034635,172.217.194.0-255,5738,385155,77,417215
12645,0.034653,172.31.40.0-255,66,385221,77,417215
12646,0.036795,172.217.194.0-255,5738,390959,77,417215
12647,0.036802,172.31.40.0-255,66,391025,77,417215
12648,0.038889,172.217.194.0-255,5738,396763,77,417215
12649,0.038908,172.31.40.0-255,66,396829,77,417215
12650,0.041064,172.217.194.0-255,5738,402567,77,417215
12651,0.041082,172.31.40.0-255,66,402633,77,417215
12652,0.043177,172.217.194.0-255,5738,408371,77,417215
12653,0.043185,172.31.40.0-255,66,408437,77,417215
12654,0.045327,172.217.194.0-255,4262,412699,77,417215
12655,0.045336,172.31.40.0-255,66,412765,77,417215
12656,0.045529,172.31.40.0-255,105,412870,77,417215
12657,0.051931,172.217.194.0-255,66,412936,77,417215
12658,0.06145,172.31.40.0-255,172,413108,77,417215
12659,0.06149,172.31.40.0-255,1120,414228,77,417215
12660,0.061555,172.31.40.0-255,1514,415742,77,417215
12661,0.061557,172.31.40.0-255,1275,417017,77,417215
12662,0.063003,104.244.42.0-255,66,417083,77,417215
12663,0.063052,104.244.42.0-255,66,417149,77,417215
12664,0.063102,104.244.42.0-255,66,417215,77,417215
12665,0.0,172.253.118.0-255,150,150,77,426192
12666,1.8e-05,172.31.40.0-255,66,216,77,426192
12667,2.4e-05,172.253.118.0-255,1484,1700,77,426192
12668,2.9e-05,172.31.40.0-255,66,1766,77,426192
12669,3.4e-05,172.253.118.0-255,2902,4668,77,426192
12670,3.7e-05,172.31.40.0-255,66,4734,77,426192
12671,4.2e-05,172.253.118.0-255,2902,7636,77,426192
12672,4.5e-05,172.31.40.0-255,66,7702,77,426192
12673,5.1e-05,172.253.118.0-255,4320,12022,77,426192
12674,5.3e-05,172.31.40.0-255,66,12088,77,426192
12675,5.8e-05,172.253.118.0-255,2902,14990,77,426192
12676,6.1e-05,172.31.40.0-255,66,15056,77,426192
12677,9.5e-05,172.253.118.0-255,6324,21380,77,426192
12678,9.8e-05,172.31.40.0-255,66,21446,77,426192
12679,0.000104,172.253.118.0-255,5738,27184,77,426192
12680,0.000106,172.31.40.0-255,66,27250,77,426192
12681,0.000109,172.253.118.0-255,1484,28734,77,426192
12682,0.000111,172.31.40.0-255,66,28800,77,426192
12683,0.000131,172.253.118.0-255,2543,31343,77,426192
12684,0.000133,172.31.40.0-255,66,31409,77,426192
12685,0.000209,172.253.118.0-255,1484,32893,77,426192
12686,0.000213,172.31.40.0-255,66,32959,77,426192
12687,0.000227,172.253.118.0-255,2902,35861,77,426192
12688,0.00023,172.31.40.0-255,66,35927,77,426192
12689,0.000235,172.253.118.0-255,4320,40247,77,426192
12690,0.000237,172.31.40.0-255,66,40313,77,426192
12691,0.000255,172.253.118.0-255,1484,41797,77,426192
12692,0.000257,172.31.40.0-255,66,41863,77,426192
12693,0.000263,172.253.118.0-255,4320,46183,77,426192
12694,0.000265,172.31.40.0-255,66,46249,77,426192
12695,0.000286,172.253.118.0-255,9633,55882,77,426192
12696,0.000288,172.31.40.0-255,66,55948,77,426192
12697,0.000296,172.253.118.0-255,5738,61686,77,426192
12698,0.000299,172.31.40.0-255,66,61752,77,426192
12699,0.000314,172.253.118.0-255,2902,64654,77,426192
12700,0.000316,172.31.40.0-255,66,64720,77,426192
12701,0.000319,172.253.118.0-255,1125,65845,77,426192
12702,0.000612,172.253.118.0-255,645,66490,77,426192
12703,0.000618,172.31.40.0-255,66,66556,77,426192
12704,0.000704,172.253.118.0-255,1484,68040,77,426192
12705,0.000709,172.253.118.0-255,2902,70942,77,426192
12706,0.000712,172.31.40.0-255,66,71008,77,426192
12707,0.000734,172.253.118.0-255,5738,76746,77,426192
12708,0.000736,172.31.40.0-255,66,76812,77,426192
12709,0.000739,172.253.118.0-255,1484,78296,77,426192
12710,0.000761,172.253.118.0-255,4320,82616,77,426192
12711,0.000763,172.31.40.0-255,66,82682,77,426192
12712,0.000766,172.253.118.0-255,577,83259,77,426192
12713,0.00082,172.253.118.0-255,1484,84743,77,426192
12714,0.000823,172.31.40.0-255,66,84809,77,426192
12715,0.000843,172.253.118.0-255,2902,87711,77,426192
12716,0.000845,172.31.40.0-255,66,87777,77,426192
12717,0.000848,172.253.118.0-255,1484,89261,77,426192
12718,0.000863,172.253.118.0-255,4320,93581,77,426192
12719,0.000865,172.31.40.0-255,66,93647,77,426192
12720,0.000894,172.253.118.0-255,6797,100444,77,426192
12721,0.000897,172.31.40.0-255,66,100510,77,426192
12722,0.001094,172.253.118.0-255,1484,101994,77,426192
12723,0.001099,172.253.118.0-255,1484,103478,77,426192
12724,0.001102,172.31.40.0-255,66,103544,77,426192
12725,0.001121,172.253.118.0-255,1484,105028,77,426192
12726,0.001128,172.253.118.0-255,5738,110766,77,426192
12727,0.001131,172.31.40.0-255,66,110832,77,426192
12728,0.001149,172.253.118.0-255,1484,112316,77,426192
12729,0.001167,172.253.118.0-255,8574,120890,77,426192
12730,0.00117,172.31.40.0-255,66,120956,77,426192
12731,0.001188,172.253.118.0-255,2902,123858,77,426192
12732,0.001193,172.31.40.0-255,66,123924,77,426192
12733,0.001205,172.253.118.0-255,5738,129662,77,426192
12734,0.001207,172.31.40.0-255,66,129728,77,426192
12735,0.001228,172.253.118.0-255,5020,134748,77,426192
12736,0.00123,172.31.40.0-255,66,134814,77,426192
12737,0.001589,172.253.118.0-255,1484,136298,77,426192
12738,0.001594,172.253.118.0-255,2902,139200,77,426192
12739,0.001597,172.253.118.0-255,2902,142102,77,426192
12740,0.001627,172.31.40.0-255,66,142168,77,426192
12741,0.001635,172.31.40.0-255,66,142234,77,426192
12742,0.001643,172.253.118.0-255,7156,149390,77,426192
12743,0.001645,172.31.40.0-255,66,149456,77,426192
12744,0.001648,172.253.118.0-255,1484,150940,77,426192
12745,0.001672,172.253.118.0-255,12828,163768,77,426192
12746,0.001675,172.31.40.0-255,66,163834,77,426192
12747,0.001702,172.253.118.0-255,5020,168854,77,426192
12748,0.001705,172.31.40.0-255,66,168920,77,426192
12749,0.003957,172.253.118.0-255,5738,174658,77,426192
12750,0.003965,172.31.40.0-255,66,174724,77,426192
12751,0.006204,172.253.118.0-255,5738,180462,77,426192
12752,0.00621,172.31.40.0-255,66,180528,77,426192
12753,0.008447,172.253.118.0-255,5738,186266,77,426192
12754,0.008453,172.31.40.0-255,66,186332,77,426192
12755,0.01071,172.253.118.0-255,5738,192070,77,426192
12756,0.010724,172.31.40.0-255,66,192136,77,426192
12757,0.012984,172.253.118.0-255,5738,197874,77,426192
12758,0.012993,172.31.40.0-255,66,197940,77,426192
12759,0.015267,172.253.118.0-255,5738,203678,77,426192
12760,0.015284,172.31.40.0-255,66,203744,77,426192
12761,0.017552,172.253.118.0-255,5738,209482,77,426192
12762,0.017568,172.31.40.0-255,66,209548,77,426192
12763,0.019827,172.253.118.0-255,5738,215286,77,426192
12764,0.019841,172.31.40.0-255,66,215352,77,426192
12765,0.022087,172.253.118.0-255,5738,221090,77,426192
12766,0.022103,172.31.40.0-255,66,221156,77,426192
12767,0.02436,172.253.118.0-255,5738,226894,77,426192
12768,0.024371,172.31.40.0-255,66,226960,77,426192
12769,0.026629,172.253.118.0-255,5738,232698,77,426192
12770,0.026638,172.31.40.0-255,66,232764,77,426192
12771,0.028914,172.253.118.0-255,5738,238502,77,426192
12772,0.028934,172.31.40.0-255,66,238568,77,426192
12773,0.031187,172.253.118.0-255,5738,244306,77,426192
12774,0.031195,172.31.40.0-255,66,244372,77,426192
12775,0.033458,172.253.118.0-255,5738,250110,77,426192
12776,0.033465,172.31.40.0-255,66,250176,77,426192
12777,0.03574,172.253.118.0-255,5738,255914,77,426192
12778,0.035753,172.31.40.0-255,66,255980,77,426192
12779,0.038044,172.253.118.0-255,5738,261718,77,426192
12780,0.038057,172.31.40.0-255,66,261784,77,426192
12781,0.040327,172.253.118.0-255,5738,267522,77,426192
12782,0.040342,172.31.40.0-255,66,267588,77,426192
12783,0.042609,172.253.118.0-255,5738,273326,77,426192
12784,0.042616,172.31.40.0-255,66,273392,77,426192
12785,0.044888,172.253.118.0-255,5738,279130,77,426192
12786,0.044905,172.31.40.0-255,66,279196,77,426192
12787,0.047164,172.253.118.0-255,5738,284934,77,426192
12788,0.047171,172.31.40.0-255,66,285000,77,426192
12789,0.049451,172.253.118.0-255,5738,290738,77,426192
12790,0.049458,172.31.40.0-255,66,290804,77,426192
12791,0.05172,172.253.118.0-255,5738,296542,77,426192
12792,0.051727,172.31.40.0-255,66,296608,77,426192
12793,0.054004,172.253.118.0-255,5738,302346,77,426192
12794,0.054024,172.31.40.0-255,66,302412,77,426192
12795,0.056303,172.253.118.0-255,5738,308150,77,426192
12796,0.056311,172.31.40.0-255,66,308216,77,426192
12797,0.058574,172.253.118.0-255,5738,313954,77,426192
12798,0.058589,172.31.40.0-255,66,314020,77,426192
12799,0.060846,172.253.118.0-255,5738,319758,77,426192
12800,0.060852,172.31.40.0-255,66,319824,77,426192
12801,0.061866,172.31.40.0-255,172,319996,77,426192
12802,0.0619,172.31.40.0-255,1120,321116,77,426192
12803,0.061992,172.31.40.0-255,1514,322630,77,426192
12804,0.061994,172.31.40.0-255,1514,324144,77,426192
12805,0.062,172.31.40.0-255,1514,325658,77,426192
12806,0.062001,172.31.40.0-255,1514,327172,77,426192
12807,0.062034,172.31.40.0-255,1478,328650,77,426192
12808,0.063117,172.253.118.0-255,5738,334388,77,426192
12809,0.063125,172.31.40.0-255,66,334454,77,426192
12810,0.063393,104.244.42.0-255,66,334520,77,426192
12811,0.063437,104.244.42.0-255,66,334586,77,426192
12812,0.063567,104.244.42.0-255,66,334652,77,426192
12813,0.063609,104.244.42.0-255,66,334718,77,426192
12814,0.065373,104.244.42.0-255,108,334826,77,426192
12815,0.065389,172.31.40.0-255,66,334892,77,426192
12816,0.065444,172.253.118.0-255,5738,340630,77,426192
12817,0.065449,172.31.40.0-255,66,340696,77,426192
12818,0.067739,172.253.118.0-255,5738,346434,77,426192
12819,0.06775,172.31.40.0-255,66,346500,77,426192
12820,0.070001,172.253.118.0-255,5738,352238,77,426192
12821,0.070017,172.31.40.0-255,66,352304,77,426192
12822,0.072284,172.253.118.0-255,5738,358042,77,426192
12823,0.0723,172.31.40.0-255,66,358108,77,426192
12824,0.074567,172.253.118.0-255,5738,363846,77,426192
12825,0.074586,172.31.40.0-255,66,363912,77,426192
12826,0.076866,172.253.118.0-255,5738,369650,77,426192
12827,0.076883,172.31.40.0-255,66,369716,77,426192
12828,0.079158,172.253.118.0-255,5738,375454,77,426192
12829,0.079174,172.31.40.0-255,66,375520,77,426192
12830,0.081435,172.253.118.0-255,5738,381258,77,426192
12831,0.081451,172.31.40.0-255,66,381324,77,426192
12832,0.083722,172.253.118.0-255,5738,387062,77,426192
12833,0.083736,172.31.40.0-255,66,387128,77,426192
12834,0.086004,172.253.118.0-255,5738,392866,77,426192
12835,0.08602,172.31.40.0-255,66,392932,77,426192
12836,0.088275,172.253.118.0-255,5738,398670,77,426192
12837,0.088292,172.31.40.0-255,66,398736,77,426192
12838,0.090557,172.253.118.0-255,5738,404474,77,426192
12839,0.090573,172.31.40.0-255,66,404540,77,426192
12840,0.092838,172.253.118.0-255,5738,410278,77,426192
12841,0.092852,172.31.40.0-255,66,410344,77,426192
12842,0.095121,172.253.118.0-255,5738,416082,77,426192
12843,0.095139,172.31.40.0-255,66,416148,77,426192
12844,0.097421,172.253.118.0-255,5738,421886,77,426192
12845,0.097441,172.31.40.0-255,66,421952,77,426192
12846,0.099691,172.253.118.0-255,4069,426021,77,426192
12847,0.099705,172.31.40.0-255,66,426087,77,426192
12848,0.099945,172.31.40.0-255,105,426192,77,426192
12849,0.0,74.125.24.0-255,150,150,77,405032
12850,2.2e-05,172.31.40.0-255,66,216,77,405032
12851,2.9e-05,74.125.24.0-255,1484,1700,77,405032
12852,3.4e-05,172.31.40.0-255,66,1766,77,405032
12853,4.8e-05,74.125.24.0-255,2902,4668,77,405032
12854,5.2e-05,172.31.40.0-255,66,4734,77,405032
12855,6e-05,74.125.24.0-255,7156,11890,77,405032
12856,6.2e-05,172.31.40.0-255,66,11956,77,405032
12857,6.7e-05,74.125.24.0-255,2090,14046,77,405032
12858,7e-05,172.31.40.0-255,66,14112,77,405032
12859,0.000115,74.125.24.0-255,1484,15596,77,405032
12860,0.000118,172.31.40.0-255,66,15662,77,405032
12861,0.000128,74.125.24.0-255,2902,18564,77,405032
12862,0.000131,172.31.40.0-255,66,18630,77,405032
12863,0.000134,74.125.24.0-255,1484,20114,77,405032
12864,0.000136,172.31.40.0-255,66,20180,77,405032
12865,0.000173,74.125.24.0-255,4320,24500,77,405032
12866,0.000176,172.31.40.0-255,66,24566,77,405032
12867,0.000182,74.125.24.0-255,4320,28886,77,405032
12868,0.000184,172.31.40.0-255,66,28952,77,405032
12869,0.000213,74.125.24.0-255,2543,31495,77,405032
12870,0.000215,172.31.40.0-255,66,31561,77,405032
12871,0.000259,74.125.24.0-255,1484,33045,77,405032
12872,0.000262,172.31.40.0-255,66,33111,77,405032
12873,0.000286,74.125.24.0-255,2902,36013,77,405032
12874,0.000288,172.31.40.0-255,66,36079,77,405032
12875,0.000291,74.125.24.0-255,1484,37563,77,405032
12876,0.000293,172.31.40.0-255,66,37629,77,405032
12877,0.000332,74.125.24.0-255,4320,41949,77,405032
12878,0.000335,172.31.40.0-255,66,42015,77,405032
12879,0.000342,74.125.24.0-255,6797,48812,77,405032
12880,0.000345,172.31.40.0-255,66,48878,77,405032
12881,0.000356,74.125.24.0-255,7156,56034,77,405032
12882,0.000358,172.31.40.0-255,66,56100,77,405032
12883,0.000368,74.125.24.0-255,9947,66047,77,405032
12884,0.00037,172.31.40.0-255,66,66113,77,405032
12885,0.000779,74.125.24.0-255,110,66223,77,405032
12886,0.00082,74.125.24.0-255,1484,67707,77,405032
12887,0.000826,172.31.40.0-255,66,67773,77,405032
12888,0.000854,74.125.24.0-255,2902,70675,77,405032
12889,0.000856,172.31.40.0-255,66,70741,77,405032
12890,0.000865,74.125.24.0-255,7156,77897,77,405032
12891,0.000867,172.31.40.0-255,66,77963,77,405032
12892,0.000874,74.125.24.0-255,5738,83701,77,405032
12893,0.000876,172.31.40.0-255,66,83767,77,405032
12894,0.00091,74.125.24.0-255,4320,88087,77,405032
12895,0.000913,172.31.40.0-255,66,88153,77,405032
12896,0.000917,74.125.24.0-255,1484,89637,77,405032
12897,0.000949,74.125.24.0-255,10956,100593,77,405032
12898,0.000953,172.31.40.0-255,66,100659,77,405032
12899,0.001252,74.125.24.0-255,1484,102143,77,405032
12900,0.001257,74.125.24.0-255,1484,103627,77,405032
12901,0.00126,172.31.40.0-255,66,103693,77,405032
12902,0.001276,74.125.24.0-255,1484,105177,77,405032
12903,0.001287,74.125.24.0-255,5738,110915,77,405032
12904,0.001289,172.31.40.0-255,66,110981,77,405032
12905,0.001296,74.125.24.0-255,5738,116719,77,405032
12906,0.001298,172.31.40.0-255,66,116785,77,405032
12907,0.001339,74.125.24.0-255,7156,123941,77,405032
12908,0.001342,172.31.40.0-255,66,124007,77,405032
12909,0.001352,74.125.24.0-255,10141,134148,77,405032
12910,0.001358,172.31.40.0-255,66,134214,77,405032
12911,0.001362,74.125.24.0-255,1484,135698,77,405032
12912,0.001367,74.125.24.0-255,2902,138600,77,405032
12913,0.001369,172.31.40.0-255,66,138666,77,405032
12914,0.001404,74.125.24.0-255,5738,144404,77,405032
12915,0.001407,172.31.40.0-255,66,144470,77,405032
12916,0.001418,74.125.24.0-255,12828,157298,77,405032
12917,0.001421,172.31.40.0-255,66,157364,77,405032
12918,0.001433,74.125.24.0-255,8574,165938,77,405032
12919,0.001435,172.31.40.0-255,66,166004,77,405032
12920,0.001459,74.125.24.0-255,1484,167488,77,405032
12921,0.001466,74.125.24.0-255,766,168254,77,405032
12922,0.001469,172.31.40.0-255,66,168320,77,405032
12923,0.001893,74.125.24.0-255,1484,169804,77,405032
12924,0.001898,74.125.24.0-255,2902,172706,77,405032
12925,0.0019,74.125.24.0-255,1484,174190,77,405032
12926,0.001905,172.31.40.0-255,66,174256,77,405032
12927,0.001917,74.125.24.0-255,4320,178576,77,405032
12928,0.001923,172.31.40.0-255,66,178642,77,405032
12929,0.00193,74.125.24.0-255,5738,184380,77,405032
12930,0.001932,172.31.40.0-255,66,184446,77,405032
12931,0.001978,74.125.24.0-255,12828,197274,77,405032
12932,0.001982,172.31.40.0-255,66,197340,77,405032
12933,0.001988,74.125.24.0-255,5020,202360,77,405032
12934,0.00199,172.31.40.0-255,66,202426,77,405032
12935,0.002136,74.125.24.0-255,1484,203910,77,405032
12936,0.002141,74.125.24.0-255,2902,206812,77,405032
12937,0.002144,172.31.40.0-255,66,206878,77,405032
12938,0.002151,74.125.24.0-255,5738,212616,77,405032
12939,0.002153,172.31.40.0-255,66,212682,77,405032
12940,0.002195,74.125.24.0-255,8574,221256,77,405032
12941,0.002199,172.31.40.0-255,66,221322,77,405032
12942,0.002239,74.125.24.0-255,7156,228478,77,405032
12943,0.002242,172.31.40.0-255,66,228544,77,405032
12944,0.002275,74.125.24.0-255,7856,236400,77,405032
12945,0.002278,172.31.40.0-255,66,236466,77,405032
12946,0.002455,74.125.24.0-255,1484,237950,77,405032
12947,0.00246,74.125.24.0-255,1484,239434,77,405032
12948,0.002463,172.31.40.0-255,66,239500,77,405032
12949,0.00249,74.125.24.0-255,1484,240984,77,405032
12950,0.002496,74.125.24.0-255,5738,246722,77,405032
12951,0.002499,172.31.40.0-255,66,246788,77,405032
12952,0.002522,74.125.24.0-255,12828,259616,77,405032
12953,0.002525,172.31.40.0-255,66,259682,77,405032
12954,0.002532,74.125.24.0-255,5738,265420,77,405032
12955,0.002534,172.31.40.0-255,66,265486,77,405032
12956,0.002559,74.125.24.0-255,5020,270506,77,405032
12957,0.002562,172.31.40.0-255,66,270572,77,405032
12958,0.00307,74.125.24.0-255,1484,272056,77,405032
12959,0.003086,74.125.24.0-255,2902,274958,77,405032
12960,0.00309,172.31.40.0-255,66,275024,77,405032
12961,0.003097,74.125.24.0-255,5738,280762,77,405032
12962,0.0031,172.31.40.0-255,66,280828,77,405032
12963,0.003143,74.125.24.0-255,12828,293656,77,405032
12964,0.003146,172.31.40.0-255,66,293722,77,405032
12965,0.003152,74.125.24.0-255,4320,298042,77,405032
12966,0.003154,172.31.40.0-255,66,298108,77,405032
12967,0.003194,74.125.24.0-255,6438,304546,77,405032
12968,0.003198,172.31.40.0-255,66,304612,77,405032
12969,0.003262,74.125.24.0-255,1484,306096,77,405032
12970,0.003279,74.125.24.0-255,2902,308998,77,405032
12971,0.003283,172.31.40.0-255,66,309064,77,405032
12972,0.00329,74.125.24.0-255,5738,314802,77,405032
12973,0.003292,172.31.40.0-255,66,314868,77,405032
12974,0.003341,74.125.24.0-255,12828,327696,77,405032
12975,0.003344,172.31.40.0-255,66,327762,77,405032
12976,0.003355,74.125.24.0-255,11410,339172,77,405032
12977,0.003357,172.31.40.0-255,66,339238,77,405032
12978,0.003389,74.125.24.0-255,766,340004,77,405032
12979,0.003401,74.125.24.0-255,12828,352832,77,405032
12980,0.003404,172.31.40.0-255,66,352898,77,405032
12981,0.003427,172.31.40.0-255,66,352964,77,405032
12982,0.003453,74.125.24.0-255,3602,356566,77,405032
12983,0.003456,172.31.40.0-255,66,356632,77,405032
12984,0.003479,74.125.24.0-255,1484,358116,77,405032
12985,0.003502,74.125.24.0-255,2902,361018,77,405032
12986,0.003505,172.31.40.0-255,66,361084,77,405032
12987,0.003538,74.125.24.0-255,4320,365404,77,405032
12988,0.003541,172.31.40.0-255,66,365470,77,405032
12989,0.003549,74.125.24.0-255,9992,375462,77,405032
12990,0.003557,172.31.40.0-255,66,375528,77,405032
12991,0.003562,74.125.24.0-255,4320,379848,77,405032
12992,0.003565,172.31.40.0-255,66,379914,77,405032
12993,0.003567,74.125.24.0-255,1484,381398,77,405032
12994,0.003612,74.125.24.0-255,4320,385718,77,405032
12995,0.003615,172.31.40.0-255,66,385784,77,405032
12996,0.003627,74.125.24.0-255,5020,390804,77,405032
12997,0.00363,172.31.40.0-255,66,390870,77,405032
12998,0.003681,74.125.24.0-255,1484,392354,77,405032
12999,0.003695,74.125.24.0-255,2902,395256,77,405032
13000,0.003698,172.31.40.0-255,66,395322,77,405032
13001,0.003735,74.125.24.0-255,2333,397655,77,405032
13002,0.003738,172.31.40.0-255,66,397721,77,405032
13003,0.00379,74.125.24.0-255,105,397826,77,405032
13004,0.010872,172.31.40.0-255,66,397892,77,405032
13005,0.010925,172.31.40.0-255,105,397997,77,405032
13006,0.013526,74.125.24.0-255,66,398063,77,405032
13007,0.044905,172.31.40.0-255,74,398137,77,405032
13008,0.046442,104.244.42.0-255,74,398211,77,405032
13009,0.04647,172.31.40.0-255,66,398277,77,405032
13010,0.048788,172.31.40.0-255,608,398885,77,405032
13011,0.050336,104.244.42.0-255,66,398951,77,405032
13012,0.051035,104.244.42.0-255,407,399358,77,405032
13013,0.051049,172.31.40.0-255,66,399424,77,405032
13014,0.051408,172.31.40.0-255,117,399541,77,405032
13015,0.052949,172.31.40.0-255,243,399784,77,405032
13016,0.052978,172.31.40.0-255,830,400614,77,405032
13017,0.053008,172.31.40.0-255,1514,402128,77,405032
13018,0.05301,172.31.40.0-255,1514,403642,77,405032
13019,0.053011,172.31.40.0-255,808,404450,77,405032
13020,0.053158,104.244.42.0-255,110,404560,77,405032
13021,0.053654,172.31.40.0-255,104,404664,77,405032
13022,0.054542,104.244.42.0-255,66,404730,77,405032
13023,0.054594,104.244.42.0-255,104,404834,77,405032
13024,0.0546,104.244.42.0-255,66,404900,77,405032
13025,0.058442,104.244.42.0-255,66,404966,77,405032
13026,0.092004,172.31.40.0-255,66,405032,77,405032
13027,0.0,172.217.194.0-255,152,152,77,424586
13028,2.3e-05,172.31.40.0-255,66,218,77,424586
13029,3e-05,172.217.194.0-255,1484,1702,77,424586
13030,3.5e-05,172.31.40.0-255,66,1768,77,424586
13031,4.1e-05,172.217.194.0-255,2902,4670,77,424586
13032,4.9e-05,172.31.40.0-255,66,4736,77,424586
13033,5.8e-05,172.217.194.0-255,7156,11892,77,424586
13034,6.1e-05,172.31.40.0-255,66,11958,77,424586
13035,6.4e-05,172.217.194.0-255,2065,14023,77,424586
13036,6.7e-05,172.31.40.0-255,66,14089,77,424586
13037,0.000432,172.217.194.0-255,1484,15573,77,424586
13038,0.000437,172.31.40.0-255,66,15639,77,424586
13039,0.000443,172.217.194.0-255,2902,18541,77,424586
13040,0.000446,172.31.40.0-255,66,18607,77,424586
13041,0.000449,172.217.194.0-255,1484,20091,77,424586
13042,0.000455,172.31.40.0-255,66,20157,77,424586
13043,0.000482,172.217.194.0-255,4320,24477,77,424586
13044,0.000484,172.31.40.0-255,66,24543,77,424586
13045,0.000493,172.217.194.0-255,4320,28863,77,424586
13046,0.000494,172.31.40.0-255,66,28929,77,424586
13047,0.000518,172.217.194.0-255,2543,31472,77,424586
13048,0.000521,172.31.40.0-255,66,31538,77,424586
13049,0.000543,172.217.194.0-255,1484,33022,77,424586
13050,0.000545,172.31.40.0-255,66,33088,77,424586
13051,0.000568,172.217.194.0-255,1484,34572,77,424586
13052,0.00057,172.31.40.0-255,66,34638,77,424586
13053,0.000577,172.217.194.0-255,7156,41794,77,424586
13054,0.000579,172.31.40.0-255,66,41860,77,424586
13055,0.000592,172.217.194.0-255,1484,43344,77,424586
13056,0.000597,172.31.40.0-255,66,43410,77,424586
13057,0.000624,172.217.194.0-255,11051,54461,77,424586
13058,0.000627,172.31.40.0-255,66,54527,77,424586
13059,0.000636,172.217.194.0-255,11328,65855,77,424586
13060,0.000638,172.31.40.0-255,66,65921,77,424586
13061,0.000667,172.217.194.0-255,121,66042,77,424586
13062,0.000683,172.217.194.0-255,377,66419,77,424586
13063,0.000951,172.217.194.0-255,1484,67903,77,424586
13064,0.000955,172.31.40.0-255,66,67969,77,424586
13065,0.00096,172.217.194.0-255,2902,70871,77,424586
13066,0.000962,172.31.40.0-255,66,70937,77,424586
13067,0.000964,172.217.194.0-255,1484,72421,77,424586
13068,0.00099,172.217.194.0-255,4320,76741,77,424586
13069,0.000992,172.31.40.0-255,66,76807,77,424586
13070,0.001024,172.217.194.0-255,12828,89635,77,424586
13071,0.001026,172.31.40.0-255,66,89701,77,424586
13072,0.001034,172.217.194.0-255,7156,96857,77,424586
13073,0.001035,172.31.40.0-255,66,96923,77,424586
13074,0.001053,172.217.194.0-255,3602,100525,77,424586
13075,0.001059,172.31.40.0-255,66,100591,77,424586
13076,0.00109,172.217.194.0-255,1484,102075,77,424586
13077,0.001107,172.217.194.0-255,2902,104977,77,424586
13078,0.00111,172.31.40.0-255,66,105043,77,424586
13079,0.001116,172.217.194.0-255,5738,110781,77,424586
13080,0.001118,172.31.40.0-255,66,110847,77,424586
13081,0.001147,172.217.194.0-255,7156,118003,77,424586
13082,0.00115,172.31.40.0-255,66,118069,77,424586
13083,0.001156,172.217.194.0-255,5738,123807,77,424586
13084,0.001158,172.31.40.0-255,66,123873,77,424586
13085,0.00119,172.217.194.0-255,8574,132447,77,424586
13086,0.001193,172.31.40.0-255,66,132513,77,424586
13087,0.001197,172.217.194.0-255,2184,134697,77,424586
13088,0.001198,172.31.40.0-255,66,134763,77,424586
13089,0.00123,172.217.194.0-255,1484,136247,77,424586
13090,0.001234,172.217.194.0-255,2902,139149,77,424586
13091,0.001237,172.31.40.0-255,66,139215,77,424586
13092,0.001264,172.217.194.0-255,5738,144953,77,424586
13093,0.001267,172.31.40.0-255,66,145019,77,424586
13094,0.00127,172.217.194.0-255,1484,146503,77,424586
13095,0.001299,172.217.194.0-255,11410,157913,77,424586
13096,0.001302,172.31.40.0-255,66,157979,77,424586
13097,0.001311,172.217.194.0-255,9992,167971,77,424586
13098,0.001314,172.31.40.0-255,66,168037,77,424586
13099,0.001319,172.217.194.0-255,766,168803,77,424586
13100,0.002033,172.31.40.0-255,66,168869,77,424586
13101,0.003311,172.217.194.0-255,4320,173189,77,424586
13102,0.003318,172.31.40.0-255,66,173255,77,424586
13103,0.004023,172.217.194.0-255,1484,174739,77,424586
13104,0.005301,172.217.194.0-255,4320,179059,77,424586
13105,0.005304,172.31.40.0-255,66,179125,77,424586
13106,0.007307,172.217.194.0-255,5738,184863,77,424586
13107,0.007313,172.31.40.0-255,66,184929,77,424586
13108,0.00931,172.217.194.0-255,5738,190667,77,424586
13109,0.009317,172.31.40.0-255,66,190733,77,424586
13110,0.01132,172.217.194.0-255,5738,196471,77,424586
13111,0.011327,172.31.40.0-255,66,196537,77,424586
13112,0.013341,172.217.194.0-255,5738,202275,77,424586
13113,0.013348,172.31.40.0-255,66,202341,77,424586
13114,0.015356,172.217.194.0-255,5738,208079,77,424586
13115,0.015364,172.31.40.0-255,66,208145,77,424586
13116,0.017386,172.217.194.0-255,5738,213883,77,424586
13117,0.017396,172.31.40.0-255,66,213949,77,424586
13118,0.019398,172.217.194.0-255,5738,219687,77,424586
13119,0.019406,172.31.40.0-255,66,219753,77,424586
13120,0.021406,172.217.194.0-255,5738,225491,77,424586
13121,0.021411,172.31.40.0-255,66,225557,77,424586
13122,0.023417,172.217.194.0-255,5738,231295,77,424586
13123,0.023424,172.31.40.0-255,66,231361,77,424586
13124,0.025436,172.217.194.0-255,5738,237099,77,424586
13125,0.025443,172.31.40.0-255,66,237165,77,424586
13126,0.027475,172.217.194.0-255,5738,242903,77,424586
13127,0.027481,172.31.40.0-255,66,242969,77,424586
13128,0.02947,172.217.194.0-255,5738,248707,77,424586
13129,0.029477,172.31.40.0-255,66,248773,77,424586
13130,0.031497,172.217.194.0-255,5738,254511,77,424586
13131,0.031505,172.31.40.0-255,66,254577,77,424586
13132,0.033524,172.217.194.0-255,5738,260315,77,424586
13133,0.033541,172.31.40.0-255,66,260381,77,424586
13134,0.035566,172.217.194.0-255,5738,266119,77,424586
13135,0.035583,172.31.40.0-255,66,266185,77,424586
13136,0.037618,172.217.194.0-255,5738,271923,77,424586
13137,0.037631,172.31.40.0-255,66,271989,77,424586
13138,0.039653,172.217.194.0-255,5738,277727,77,424586
13139,0.039664,172.31.40.0-255,66,277793,77,424586
13140,0.041668,172.217.194.0-255,5738,283531,77,424586
13141,0.041675,172.31.40.0-255,66,283597,77,424586
13142,0.043704,172.217.194.0-255,5738,289335,77,424586
13143,0.043719,172.31.40.0-255,66,289401,77,424586
13144,0.045581,172.31.40.0-255,172,289573,77,424586
13145,0.045611,172.31.40.0-255,1120,290693,77,424586
13146,0.045667,172.31.40.0-255,1514,292207,77,424586
13147,0.045668,172.31.40.0-255,1514,293721,77,424586
13148,0.045681,172.31.40.0-255,1514,295235,77,424586
13149,0.045687,172.31.40.0-255,1514,296749,77,424586
13150,0.045692,172.31.40.0-255,1514,298263,77,424586
13151,0.045693,172.31.40.0-255,789,299052,77,424586
13152,0.045735,172.217.194.0-255,5738,304790,77,424586
13153,0.045739,172.31.40.0-255,66,304856,77,424586
13154,0.04706,104.244.42.0-255,66,304922,77,424586
13155,0.047101,104.244.42.0-255,66,304988,77,424586
13156,0.04718,104.244.42.0-255,66,305054,77,424586
13157,0.047197,104.244.42.0-255,66,305120,77,424586
13158,0.04773,172.217.194.0-255,5738,310858,77,424586
13159,0.04774,172.31.40.0-255,66,310924,77,424586
13160,0.049762,172.217.194.0-255,5738,316662,77,424586
13161,0.049772,172.31.40.0-255,66,316728,77,424586
13162,0.05178,172.217.194.0-255,5738,322466,77,424586
13163,0.051794,172.31.40.0-255,66,322532,77,424586
13164,0.053814,172.217.194.0-255,5738,328270,77,424586
13165,0.053829,172.31.40.0-255,66,328336,77,424586
13166,0.055837,172.217.194.0-255,5738,334074,77,424586
13167,0.055852,172.31.40.0-255,66,334140,77,424586
13168,0.057869,172.217.194.0-255,5738,339878,77,424586
13169,0.057881,172.31.40.0-255,66,339944,77,424586
13170,0.059901,172.217.194.0-255,5738,345682,77,424586
13171,0.059915,172.31.40.0-255,66,345748,77,424586
13172,0.061949,172.217.194.0-255,5738,351486,77,424586
13173,0.061963,172.31.40.0-255,66,351552,77,424586
13174,0.064014,172.217.194.0-255,5738,357290,77,424586
13175,0.064028,172.31.40.0-255,66,357356,77,424586
13176,0.066022,172.217.194.0-255,5738,363094,77,424586
13177,0.066029,172.31.40.0-255,66,363160,77,424586
13178,0.068036,172.217.194.0-255,5738,368898,77,424586
13179,0.068046,172.31.40.0-255,66,368964,77,424586
13180,0.070057,172.217.194.0-255,5738,374702,77,424586
13181,0.070065,172.31.40.0-255,66,374768,77,424586
13182,0.072055,172.217.194.0-255,5738,380506,77,424586
13183,0.072066,172.31.40.0-255,66,380572,77,424586
13184,0.074091,172.217.194.0-255,5738,386310,77,424586
13185,0.074103,172.31.40.0-255,66,386376,77,424586
13186,0.076116,172.217.194.0-255,5738,392114,77,424586
13187,0.076123,172.31.40.0-255,66,392180,77,424586
13188,0.078144,172.217.194.0-255,5738,397918,77,424586
13189,0.07816,172.31.40.0-255,66,397984,77,424586
13190,0.080188,172.217.194.0-255,5738,403722,77,424586
13191,0.080202,172.31.40.0-255,66,403788,77,424586
13192,0.082219,172.217.194.0-255,5738,409526,77,424586
13193,0.082233,172.31.40.0-255,66,409592,77,424586
13194,0.084252,172.217.194.0-255,5738,415330,77,424586
13195,0.084264,172.31.40.0-255,66,415396,77,424586
13196,0.086289,172.217.194.0-255,5738,421134,77,424586
13197,0.086303,172.31.40.0-255,66,421200,77,424586
13198,0.088321,172.217.194.0-255,3149,424349,77,424586
13199,0.088336,172.31.40.0-255,66,424415,77,424586
13200,0.088584,172.31.40.0-255,105,424520,77,424586
13201,0.090543,172.217.194.0-255,66,424586,77,424586
13202,0.0,172.217.194.0-255,153,153,77,381290
13203,2.2e-05,172.31.40.0-255,66,219,77,381290
13204,2.9e-05,172.217.194.0-255,1484,1703,77,381290
13205,3.4e-05,172.31.40.0-255,66,1769,77,381290
13206,4e-05,172.217.194.0-255,2902,4671,77,381290
13207,4.4e-05,172.31.40.0-255,66,4737,77,381290
13208,4.7e-05,172.217.194.0-255,1484,6221,77,381290
13209,5e-05,172.31.40.0-255,66,6287,77,381290
13210,7.8e-05,172.217.194.0-255,2902,9189,77,381290
13211,8.1e-05,172.31.40.0-255,66,9255,77,381290
13212,8.9e-05,172.217.194.0-255,5738,14993,77,381290
13213,9.1e-05,172.31.40.0-255,66,15059,77,381290
13214,0.000106,172.217.194.0-255,699,15758,77,381290
13215,0.000108,172.31.40.0-255,66,15824,77,381290
13216,0.000114,172.217.194.0-255,4320,20144,77,381290
13217,0.000116,172.31.40.0-255,66,20210,77,381290
13218,0.000148,172.217.194.0-255,1484,21694,77,381290
13219,0.00015,172.31.40.0-255,66,21760,77,381290
13220,0.000177,172.217.194.0-255,9633,31393,77,381290
13221,0.00018,172.31.40.0-255,66,31459,77,381290
13222,0.00034,172.217.194.0-255,1484,32943,77,381290
13223,0.000344,172.31.40.0-255,66,33009,77,381290
13224,0.00035,172.217.194.0-255,2902,35911,77,381290
13225,0.000352,172.31.40.0-255,66,35977,77,381290
13226,0.00039,172.217.194.0-255,4320,40297,77,381290
13227,0.000393,172.31.40.0-255,66,40363,77,381290
13228,0.000407,172.217.194.0-255,1484,41847,77,381290
13229,0.000409,172.31.40.0-255,66,41913,77,381290
13230,0.000418,172.217.194.0-255,9633,51546,77,381290
13231,0.000421,172.31.40.0-255,66,51612,77,381290
13232,0.000424,172.217.194.0-255,1484,53096,77,381290
13233,0.000426,172.31.40.0-255,66,53162,77,381290
13234,0.000454,172.217.194.0-255,8574,61736,77,381290
13235,0.000461,172.217.194.0-255,4249,65985,77,381290
13236,0.000486,172.217.194.0-255,366,66351,77,381290
13237,0.000541,172.217.194.0-255,1484,67835,77,381290
13238,0.000546,172.217.194.0-255,1484,69319,77,381290
13239,0.000559,172.217.194.0-255,2902,72221,77,381290
13240,0.000565,172.217.194.0-255,5738,77959,77,381290
13241,0.000577,172.217.194.0-255,1484,79443,77,381290
13242,0.000596,172.31.40.0-255,66,79509,77,381290
13243,0.000606,172.217.194.0-255,3413,82922,77,381290
13244,0.000617,172.31.40.0-255,66,82988,77,381290
13245,0.000669,172.217.194.0-255,1484,84472,77,381290
13246,0.000689,172.217.194.0-255,2902,87374,77,381290
13247,0.000694,172.217.194.0-255,2902,90276,77,381290
13248,0.000706,172.31.40.0-255,66,90342,77,381290
13249,0.00071,172.217.194.0-255,2902,93244,77,381290
13250,0.000715,172.217.194.0-255,2902,96146,77,381290
13251,0.000727,172.217.194.0-255,4320,100466,77,381290
13252,0.00073,172.31.40.0-255,66,100532,77,381290
13253,0.000748,172.217.194.0-255,4320,104852,77,381290
13254,0.000765,172.217.194.0-255,8574,113426,77,381290
13255,0.000773,172.31.40.0-255,66,113492,77,381290
13256,0.000787,172.217.194.0-255,1484,114976,77,381290
13257,0.000791,172.217.194.0-255,2184,117160,77,381290
13258,0.000809,172.31.40.0-255,66,117226,77,381290
13259,0.001546,172.217.194.0-255,1484,118710,77,381290
13260,0.001552,172.217.194.0-255,2902,121612,77,381290
13261,0.001555,172.31.40.0-255,66,121678,77,381290
13262,0.001561,172.217.194.0-255,2902,124580,77,381290
13263,0.001574,172.217.194.0-255,2902,127482,77,381290
13264,0.001579,172.217.194.0-255,4320,131802,77,381290
13265,0.001596,172.31.40.0-255,66,131868,77,381290
13266,0.001608,172.217.194.0-255,7156,139024,77,381290
13267,0.001613,172.31.40.0-255,66,139090,77,381290
13268,0.001624,172.217.194.0-255,4320,143410,77,381290
13269,0.001644,172.31.40.0-255,66,143476,77,381290
13270,0.001657,172.217.194.0-255,7856,151332,77,381290
13271,0.001677,172.31.40.0-255,66,151398,77,381290
13272,0.002214,172.217.194.0-255,1484,152882,77,381290
13273,0.002225,172.217.194.0-255,2902,155784,77,381290
13274,0.002229,172.31.40.0-255,66,155850,77,381290
13275,0.002237,172.217.194.0-255,5738,161588,77,381290
13276,0.002256,172.217.194.0-255,1484,163072,77,381290
13277,0.002284,172.217.194.0-255,11410,174482,77,381290
13278,0.002294,172.217.194.0-255,1484,175966,77,381290
13279,0.002326,172.217.194.0-255,9274,185240,77,381290
13280,0.008394,172.31.40.0-255,66,185306,77,381290
13281,0.010903,172.217.194.0-255,5738,191044,77,381290
13282,0.010914,172.31.40.0-255,66,191110,77,381290
13283,0.01341,172.217.194.0-255,5738,196848,77,381290
13284,0.016034,172.31.40.0-255,66,196914,77,381290
13285,0.018568,172.217.194.0-255,5738,202652,77,381290
13286,0.018583,172.31.40.0-255,66,202718,77,381290
13287,0.02106,172.217.194.0-255,5738,208456,77,381290
13288,0.021069,172.31.40.0-255,66,208522,77,381290
13289,0.023567,172.217.194.0-255,5738,214260,77,381290
13290,0.023574,172.31.40.0-255,66,214326,77,381290
13291,0.026079,172.217.194.0-255,5738,220064,77,381290
13292,0.026094,172.31.40.0-255,66,220130,77,381290
13293,0.028616,172.217.194.0-255,4320,224450,77,381290
13294,0.028627,172.31.40.0-255,66,224516,77,381290
13295,0.028643,172.217.194.0-255,1484,226000,77,381290
13296,0.031123,172.217.194.0-255,4320,230320,77,381290
13297,0.031131,172.31.40.0-255,66,230386,77,381290
13298,0.033631,172.217.194.0-255,5738,236124,77,381290
13299,0.033697,172.31.40.0-255,66,236190,77,381290
13300,0.036219,172.217.194.0-255,5738,241928,77,381290
13301,0.036229,172.31.40.0-255,66,241994,77,381290
13302,0.03872,172.217.194.0-255,5738,247732,77,381290
13303,0.039915,172.31.40.0-255,66,247798,77,381290
13304,0.042393,172.217.194.0-255,5738,253536,77,381290
13305,0.042399,172.31.40.0-255,66,253602,77,381290
13306,0.044878,172.217.194.0-255,5738,259340,77,381290
13307,0.044896,172.31.40.0-255,66,259406,77,381290
13308,0.047367,172.217.194.0-255,5738,265144,77,381290
13309,0.04738,172.31.40.0-255,66,265210,77,381290
13310,0.049889,172.217.194.0-255,5738,270948,77,381290
13311,0.049898,172.31.40.0-255,66,271014,77,381290
13312,0.052425,172.217.194.0-255,5738,276752,77,381290
13313,0.052434,172.31.40.0-255,66,276818,77,381290
13314,0.054926,172.217.194.0-255,5738,282556,77,381290
13315,0.054934,172.31.40.0-255,66,282622,77,381290
13316,0.057419,172.217.194.0-255,5738,288360,77,381290
13317,0.057427,172.31.40.0-255,66,288426,77,381290
13318,0.059918,172.217.194.0-255,5738,294164,77,381290
13319,0.059928,172.31.40.0-255,66,294230,77,381290
13320,0.062415,172.217.194.0-255,5738,299968,77,381290
13321,0.062421,172.31.40.0-255,66,300034,77,381290
13322,0.064903,172.217.194.0-255,5738,305772,77,381290
13323,0.06491,172.31.40.0-255,66,305838,77,381290
13324,0.067392,172.217.194.0-255,5738,311576,77,381290
13325,0.0674,172.31.40.0-255,66,311642,77,381290
13326,0.069883,172.217.194.0-255,5738,317380,77,381290
13327,0.069892,172.31.40.0-255,66,317446,77,381290
13328,0.072386,172.217.194.0-255,5738,323184,77,381290
13329,0.072394,172.31.40.0-255,66,323250,77,381290
13330,0.07488,172.217.194.0-255,5738,328988,77,381290
13331,0.074885,172.31.40.0-255,66,329054,77,381290
13332,0.077375,172.217.194.0-255,5738,334792,77,381290
13333,0.077385,172.31.40.0-255,66,334858,77,381290
13334,0.079886,172.217.194.0-255,5738,340596,77,381290
13335,0.079895,172.31.40.0-255,66,340662,77,381290
13336,0.082391,172.217.194.0-255,5738,346400,77,381290
13337,0.082399,172.31.40.0-255,66,346466,77,381290
13338,0.084889,172.217.194.0-255,5738,352204,77,381290
13339,0.084898,172.31.40.0-255,66,352270,77,381290
13340,0.087367,172.217.194.0-255,5738,358008,77,381290
13341,0.088161,172.31.40.0-255,66,358074,77,381290
13342,0.090668,172.217.194.0-255,5738,363812,77,381290
13343,0.090678,172.31.40.0-255,66,363878,77,381290
13344,0.093169,172.217.194.0-255,5738,369616,77,381290
13345,0.093176,172.31.40.0-255,66,369682,77,381290
13346,0.095657,172.217.194.0-255,5738,375420,77,381290
13347,0.095664,172.31.40.0-255,66,375486,77,381290
13348,0.098143,172.217.194.0-255,5738,381224,77,381290
13349,0.098149,172.31.40.0-255,66,381290,77,381290
13350,0.0,172.31.40.0-255,105,105,77,276
13351,0.06804,31.13.82.0-255,105,210,77,276
13352,0.068054,172.31.40.0-255,66,276,77,276
13353,0.0,172.31.40.0-255,105,105,77,276
13354,0.067906,31.13.82.0-255,105,210,77,276
13355,0.067926,172.31.40.0-255,66,276,77,276
13356,0.0,172.217.194.0-255,152,152,77,405309
13357,2.2e-05,172.31.40.0-255,66,218,77,405309
13358,2.9e-05,172.217.194.0-255,1484,1702,77,405309
13359,3.4e-05,172.31.40.0-255,66,1768,77,405309
13360,3.9e-05,172.217.194.0-255,2902,4670,77,405309
13361,5e-05,172.31.40.0-255,66,4736,77,405309
13362,5.8e-05,172.217.194.0-255,7156,11892,77,405309
13363,6.2e-05,172.31.40.0-255,66,11958,77,405309
13364,6.5e-05,172.217.194.0-255,2036,13994,77,405309
13365,6.8e-05,172.31.40.0-255,66,14060,77,405309
13366,0.0003,172.217.194.0-255,1484,15544,77,405309
13367,0.000305,172.31.40.0-255,66,15610,77,405309
13368,0.000312,172.217.194.0-255,2902,18512,77,405309
13369,0.000315,172.31.40.0-255,66,18578,77,405309
13370,0.00035,172.217.194.0-255,5738,24316,77,405309
13371,0.000353,172.31.40.0-255,66,24382,77,405309
13372,0.000357,172.217.194.0-255,1484,25866,77,405309
13373,0.000359,172.31.40.0-255,66,25932,77,405309
13374,0.000395,172.217.194.0-255,5379,31311,77,405309
13375,0.000398,172.31.40.0-255,66,31377,77,405309
13376,0.000426,172.217.194.0-255,1484,32861,77,405309
13377,0.000429,172.31.40.0-255,66,32927,77,405309
13378,0.000433,172.217.194.0-255,1484,34411,77,405309
13379,0.000434,172.31.40.0-255,66,34477,77,405309
13380,0.000466,172.217.194.0-255,1484,35961,77,405309
13381,0.000469,172.31.40.0-255,66,36027,77,405309
13382,0.000475,172.217.194.0-255,5738,41765,77,405309
13383,0.000477,172.31.40.0-255,66,41831,77,405309
13384,0.00048,172.217.194.0-255,1484,43315,77,405309
13385,0.000487,172.31.40.0-255,66,43381,77,405309
13386,0.000529,172.217.194.0-255,12469,55850,77,405309
13387,0.000532,172.31.40.0-255,66,55916,77,405309
13388,0.000537,172.217.194.0-255,4320,60236,77,405309
13389,0.000541,172.217.194.0-255,1484,61720,77,405309
13390,0.000563,172.217.194.0-255,3961,65681,77,405309
13391,0.000577,172.217.194.0-255,367,66048,77,405309
13392,0.000587,172.31.40.0-255,66,66114,77,405309
13393,0.000595,172.217.194.0-255,376,66490,77,405309
13394,0.000818,172.217.194.0-255,1484,67974,77,405309
13395,0.000822,172.31.40.0-255,66,68040,77,405309
13396,0.000828,172.217.194.0-255,2902,70942,77,405309
13397,0.000834,172.31.40.0-255,66,71008,77,405309
13398,0.000867,172.217.194.0-255,5738,76746,77,405309
13399,0.000872,172.217.194.0-255,2902,79648,77,405309
13400,0.000891,172.217.194.0-255,8574,88222,77,405309
13401,0.0009,172.31.40.0-255,66,88288,77,405309
13402,0.000912,172.217.194.0-255,1484,89772,77,405309
13403,0.000927,172.217.194.0-255,9992,99764,77,405309
13404,0.00094,172.217.194.0-255,766,100530,77,405309
13405,0.000952,172.217.194.0-255,2902,103432,77,405309
13406,0.000967,172.31.40.0-255,66,103498,77,405309
13407,0.000973,172.217.194.0-255,4320,107818,77,405309
13408,0.000978,172.31.40.0-255,66,107884,77,405309
13409,0.001002,172.217.194.0-255,8574,116458,77,405309
13410,0.001037,172.217.194.0-255,7156,123614,77,405309
13411,0.001055,172.217.194.0-255,1484,125098,77,405309
13412,0.001065,172.217.194.0-255,9274,134372,77,405309
13413,0.001077,172.31.40.0-255,66,134438,77,405309
13414,0.0017,172.217.194.0-255,1484,135922,77,405309
13415,0.001713,172.217.194.0-255,2902,138824,77,405309
13416,0.001717,172.31.40.0-255,66,138890,77,405309
13417,0.001721,172.217.194.0-255,1484,140374,77,405309
13418,0.001749,172.217.194.0-255,4320,144694,77,405309
13419,0.001752,172.31.40.0-255,66,144760,77,405309
13420,0.00176,172.217.194.0-255,8574,153334,77,405309
13421,0.001787,172.217.194.0-255,4320,157654,77,405309
13422,0.001796,172.217.194.0-255,10692,168346,77,405309
13423,0.001816,172.31.40.0-255,101,168447,77,405309
13424,0.001824,172.217.194.0-255,8574,177021,77,405309
13425,0.001841,172.31.40.0-255,66,177087,77,405309
13426,0.001848,172.217.194.0-255,2902,179989,77,405309
13427,0.001862,172.217.194.0-255,12828,192817,77,405309
13428,0.001867,172.31.40.0-255,66,192883,77,405309
13429,0.001899,172.217.194.0-255,9274,202157,77,405309
13430,0.001912,172.31.40.0-255,66,202223,77,405309
13431,0.002088,172.217.194.0-255,1484,203707,77,405309
13432,0.002093,172.217.194.0-255,2902,206609,77,405309
13433,0.002104,172.31.40.0-255,66,206675,77,405309
13434,0.002109,172.217.194.0-255,2902,209577,77,405309
13435,0.002114,172.31.40.0-255,66,209643,77,405309
13436,0.002128,172.217.194.0-255,2902,212545,77,405309
13437,0.002134,172.217.194.0-255,5738,218283,77,405309
13438,0.002166,172.217.194.0-255,12828,231111,77,405309
13439,0.002171,172.217.194.0-255,2902,234013,77,405309
13440,0.002187,172.217.194.0-255,2184,236197,77,405309
13441,0.002196,172.31.40.0-255,66,236263,77,405309
13442,0.00227,172.217.194.0-255,1484,237747,77,405309
13443,0.002276,172.217.194.0-255,2902,240649,77,405309
13444,0.002291,172.31.40.0-255,66,240715,77,405309
13445,0.002325,172.217.194.0-255,5738,246453,77,405309
13446,0.002332,172.217.194.0-255,5738,252191,77,405309
13447,0.002338,172.31.40.0-255,66,252257,77,405309
13448,0.00237,172.217.194.0-255,5738,257995,77,405309
13449,0.00239,172.217.194.0-255,7156,265151,77,405309
13450,0.002396,172.217.194.0-255,2902,268053,77,405309
13451,0.002426,172.217.194.0-255,7156,275209,77,405309
13452,0.002459,172.217.194.0-255,10692,285901,77,405309
13453,0.002469,172.217.194.0-255,11410,297311,77,405309
13454,0.002497,172.217.194.0-255,6438,303749,77,405309
13455,0.00254,172.217.194.0-255,1484,305233,77,405309
13456,0.002582,172.217.194.0-255,2902,308135,77,405309
13457,0.00259,172.217.194.0-255,5738,313873,77,405309
13458,0.002597,172.217.194.0-255,5738,319611,77,405309
13459,0.002615,172.217.194.0-255,5738,325349,77,405309
13460,0.002654,172.217.194.0-255,4320,329669,77,405309
13461,0.002673,172.217.194.0-255,4320,333989,77,405309
13462,0.002694,172.217.194.0-255,3602,337591,77,405309
13463,0.002697,172.217.194.0-255,1484,339075,77,405309
13464,0.002718,172.217.194.0-255,2902,341977,77,405309
13465,0.002723,172.217.194.0-255,2902,344879,77,405309
13466,0.002736,172.217.194.0-255,2902,347781,77,405309
13467,0.002752,172.217.194.0-255,2902,350683,77,405309
13468,0.002766,172.217.194.0-255,2902,353585,77,405309
13469,0.002784,172.217.194.0-255,2902,356487,77,405309
13470,0.002794,172.217.194.0-255,9992,366479,77,405309
13471,0.002813,172.217.194.0-255,4320,370799,77,405309
13472,0.002817,172.217.194.0-255,766,371565,77,405309
13473,0.002819,172.217.194.0-255,1484,373049,77,405309
13474,0.002859,172.217.194.0-255,4320,377369,77,405309
13475,0.002883,172.217.194.0-255,8574,385943,77,405309
13476,0.00289,172.217.194.0-255,3602,389545,77,405309
13477,0.002915,172.217.194.0-255,8199,397744,77,405309
13478,0.002931,172.217.194.0-255,105,397849,77,405309
13479,0.003351,172.31.40.0-255,66,397915,77,405309
13480,0.004127,172.217.194.0-255,66,397981,77,405309
13481,0.005309,172.31.40.0-255,105,398086,77,405309
13482,0.00757,172.217.194.0-255,66,398152,77,405309
13483,0.041436,172.31.40.0-255,176,398328,77,405309
13484,0.041467,172.31.40.0-255,1120,399448,77,405309
13485,0.041533,172.31.40.0-255,1514,400962,77,405309
13486,0.041535,172.31.40.0-255,1514,402476,77,405309
13487,0.04154,172.31.40.0-255,1514,403990,77,405309
13488,0.041542,172.31.40.0-255,1055,405045,77,405309
13489,0.042986,104.244.42.0-255,66,405111,77,405309
13490,0.043002,104.244.42.0-255,66,405177,77,405309
13491,0.043097,104.244.42.0-255,66,405243,77,405309
13492,0.043103,104.244.42.0-255,66,405309,77,405309
13493,0.0,172.31.40.0-255,105,105,77,735
13494,0.002197,157.240.13.0-255,105,210,77,735
13495,0.024622,172.31.40.0-255,105,315,77,735
13496,0.024857,172.31.40.0-255,90,405,77,735
13497,0.024868,172.31.40.0-255,66,471,77,735
13498,0.027189,74.125.24.0-255,66,537,77,735
13499,0.027209,74.125.24.0-255,66,603,77,735
13500,0.027224,172.31.40.0-255,66,669,77,735
13501,0.038781,172.31.40.0-255,66,735,77,735
13502,0.0,74.125.24.0-255,153,153,77,411335
13503,2.1e-05,172.31.40.0-255,66,219,77,411335
13504,3e-05,74.125.24.0-255,1484,1703,77,411335
13505,3.4e-05,172.31.40.0-255,66,1769,77,411335
13506,4.2e-05,74.125.24.0-255,2902,4671,77,411335
13507,4.6e-05,172.31.40.0-255,66,4737,77,411335
13508,5.4e-05,74.125.24.0-255,7156,11893,77,411335
13509,5.7e-05,172.31.40.0-255,66,11959,77,411335
13510,6.2e-05,74.125.24.0-255,3446,15405,77,411335
13511,6.5e-05,172.31.40.0-255,66,15471,77,411335
13512,7.4e-05,74.125.24.0-255,8574,24045,77,411335
13513,7.7e-05,172.31.40.0-255,66,24111,77,411335
13514,9.8e-05,74.125.24.0-255,4320,28431,77,411335
13515,0.000101,172.31.40.0-255,66,28497,77,411335
13516,0.000105,74.125.24.0-255,2543,31040,77,411335
13517,0.000107,172.31.40.0-255,66,31106,77,411335
13518,0.000137,74.125.24.0-255,1484,32590,77,411335
13519,0.00014,172.31.40.0-255,66,32656,77,411335
13520,0.000144,74.125.24.0-255,2902,35558,77,411335
13521,0.000147,172.31.40.0-255,66,35624,77,411335
13522,0.000151,74.125.24.0-255,2902,38526,77,411335
13523,0.000153,172.31.40.0-255,66,38592,77,411335
13524,0.000176,74.125.24.0-255,2902,41494,77,411335
13525,0.000179,172.31.40.0-255,66,41560,77,411335
13526,0.000183,74.125.24.0-255,2902,44462,77,411335
13527,0.000185,172.31.40.0-255,66,44528,77,411335
13528,0.000203,74.125.24.0-255,7156,51684,77,411335
13529,0.000206,172.31.40.0-255,66,51750,77,411335
13530,0.00022,74.125.24.0-255,3961,55711,77,411335
13531,0.000223,172.31.40.0-255,66,55777,77,411335
13532,0.000239,74.125.24.0-255,4320,60097,77,411335
13533,0.000241,172.31.40.0-255,66,60163,77,411335
13534,0.000262,74.125.24.0-255,5691,65854,77,411335
13535,0.000264,172.31.40.0-255,66,65920,77,411335
13536,0.000712,74.125.24.0-255,109,66029,77,411335
13537,0.00073,74.125.24.0-255,330,66359,77,411335
13538,0.000918,74.125.24.0-255,1484,67843,77,411335
13539,0.000923,172.31.40.0-255,66,67909,77,411335
13540,0.000928,74.125.24.0-255,2902,70811,77,411335
13541,0.000931,172.31.40.0-255,66,70877,77,411335
13542,0.000936,74.125.24.0-255,4320,75197,77,411335
13543,0.000938,172.31.40.0-255,66,75263,77,411335
13544,0.000958,74.125.24.0-255,1484,76747,77,411335
13545,0.000966,74.125.24.0-255,7156,83903,77,411335
13546,0.000968,172.31.40.0-255,66,83969,77,411335
13547,0.000973,74.125.24.0-255,2902,86871,77,411335
13548,0.000975,172.31.40.0-255,66,86937,77,411335
13549,0.001007,74.125.24.0-255,11410,98347,77,411335
13550,0.00101,172.31.40.0-255,66,98413,77,411335
13551,0.001015,74.125.24.0-255,2184,100597,77,411335
13552,0.001017,172.31.40.0-255,66,100663,77,411335
13553,0.001733,74.125.24.0-255,1484,102147,77,411335
13554,0.001744,74.125.24.0-255,2902,105049,77,411335
13555,0.001748,172.31.40.0-255,66,105115,77,411335
13556,0.001756,74.125.24.0-255,5738,110853,77,411335
13557,0.001758,172.31.40.0-255,66,110919,77,411335
13558,0.001761,74.125.24.0-255,1484,112403,77,411335
13559,0.001797,74.125.24.0-255,9992,122395,77,411335
13560,0.001799,172.31.40.0-255,66,122461,77,411335
13561,0.001808,74.125.24.0-255,9992,132453,77,411335
13562,0.001811,172.31.40.0-255,66,132519,77,411335
13563,0.001824,74.125.24.0-255,2184,134703,77,411335
13564,0.001826,172.31.40.0-255,66,134769,77,411335
13565,0.003922,74.125.24.0-255,5738,140507,77,411335
13566,0.003928,172.31.40.0-255,66,140573,77,411335
13567,0.005998,74.125.24.0-255,5738,146311,77,411335
13568,0.006003,172.31.40.0-255,66,146377,77,411335
13569,0.00806,74.125.24.0-255,5738,152115,77,411335
13570,0.008068,172.31.40.0-255,66,152181,77,411335
13571,0.010141,74.125.24.0-255,5738,157919,77,411335
13572,0.010149,172.31.40.0-255,66,157985,77,411335
13573,0.012246,74.125.24.0-255,5738,163723,77,411335
13574,0.012255,172.31.40.0-255,66,163789,77,411335
13575,0.014326,74.125.24.0-255,5738,169527,77,411335
13576,0.014335,172.31.40.0-255,66,169593,77,411335
13577,0.01642,74.125.24.0-255,5738,175331,77,411335
13578,0.016428,172.31.40.0-255,66,175397,77,411335
13579,0.018516,74.125.24.0-255,5738,181135,77,411335
13580,0.018524,172.31.40.0-255,66,181201,77,411335
13581,0.020598,74.125.24.0-255,5738,186939,77,411335
13582,0.020605,172.31.40.0-255,66,187005,77,411335
13583,0.022689,74.125.24.0-255,5738,192743,77,411335
13584,0.022697,172.31.40.0-255,66,192809,77,411335
13585,0.024803,74.125.24.0-255,5738,198547,77,411335
13586,0.02481,172.31.40.0-255,66,198613,77,411335
13587,0.026887,74.125.24.0-255,5738,204351,77,411335
13588,0.026893,172.31.40.0-255,66,204417,77,411335
13589,0.02833,172.31.40.0-255,172,204589,77,411335
13590,0.028359,172.31.40.0-255,1120,205709,77,411335
13591,0.028416,172.31.40.0-255,1514,207223,77,411335
13592,0.028417,172.31.40.0-255,1514,208737,77,411335
13593,0.028421,172.31.40.0-255,1514,210251,77,411335
13594,0.028423,172.31.40.0-255,1514,211765,77,411335
13595,0.028448,172.31.40.0-255,1514,213279,77,411335
13596,0.028449,172.31.40.0-255,456,213735,77,411335
13597,0.028985,74.125.24.0-255,5738,219473,77,411335
13598,0.028991,172.31.40.0-255,66,219539,77,411335
13599,0.029883,104.244.42.0-255,66,219605,77,411335
13600,0.029918,104.244.42.0-255,66,219671,77,411335
13601,0.029993,104.244.42.0-255,66,219737,77,411335
13602,0.030036,104.244.42.0-255,66,219803,77,411335
13603,0.031139,74.125.24.0-255,5738,225541,77,411335
13604,0.031146,172.31.40.0-255,66,225607,77,411335
13605,0.033233,74.125.24.0-255,5738,231345,77,411335
13606,0.033238,172.31.40.0-255,66,231411,77,411335
13607,0.03535,74.125.24.0-255,5738,237149,77,411335
13608,0.035357,172.31.40.0-255,66,237215,77,411335
13609,0.037418,74.125.24.0-255,5738,242953,77,411335
13610,0.037424,172.31.40.0-255,66,243019,77,411335
13611,0.039511,74.125.24.0-255,5738,248757,77,411335
13612,0.039517,172.31.40.0-255,66,248823,77,411335
13613,0.041613,74.125.24.0-255,5738,254561,77,411335
13614,0.04162,172.31.40.0-255,66,254627,77,411335
13615,0.043724,74.125.24.0-255,5738,260365,77,411335
13616,0.043744,172.31.40.0-255,66,260431,77,411335
13617,0.045852,74.125.24.0-255,5738,266169,77,411335
13618,0.045865,172.31.40.0-255,66,266235,77,411335
13619,0.04798,74.125.24.0-255,5738,271973,77,411335
13620,0.047996,172.31.40.0-255,66,272039,77,411335
13621,0.050082,74.125.24.0-255,5738,277777,77,411335
13622,0.050094,172.31.40.0-255,66,277843,77,411335
13623,0.052195,74.125.24.0-255,5738,283581,77,411335
13624,0.052209,172.31.40.0-255,66,283647,77,411335
13625,0.054278,74.125.24.0-255,5738,289385,77,411335
13626,0.054291,172.31.40.0-255,66,289451,77,411335
13627,0.056404,74.125.24.0-255,5738,295189,77,411335
13628,0.05642,172.31.40.0-255,66,295255,77,411335
13629,0.058514,74.125.24.0-255,5738,300993,77,411335
13630,0.058529,172.31.40.0-255,66,301059,77,411335
13631,0.060613,74.125.24.0-255,5738,306797,77,411335
13632,0.060628,172.31.40.0-255,66,306863,77,411335
13633,0.062719,74.125.24.0-255,5738,312601,77,411335
13634,0.062732,172.31.40.0-255,66,312667,77,411335
13635,0.064854,74.125.24.0-255,5738,318405,77,411335
13636,0.064868,172.31.40.0-255,66,318471,77,411335
13637,0.066967,74.125.24.0-255,5738,324209,77,411335
13638,0.066982,172.31.40.0-255,66,324275,77,411335
13639,0.069074,74.125.24.0-255,5738,330013,77,411335
13640,0.069088,172.31.40.0-255,66,330079,77,411335
13641,0.071211,74.125.24.0-255,5738,335817,77,411335
13642,0.071228,172.31.40.0-255,66,335883,77,411335
13643,0.07333,74.125.24.0-255,5738,341621,77,411335
13644,0.073339,172.31.40.0-255,66,341687,77,411335
13645,0.07543,74.125.24.0-255,5738,347425,77,411335
13646,0.075444,172.31.40.0-255,66,347491,77,411335
13647,0.077562,74.125.24.0-255,5738,353229,77,411335
13648,0.077578,172.31.40.0-255,66,353295,77,411335
13649,0.079676,74.125.24.0-255,5738,359033,77,411335
13650,0.079688,172.31.40.0-255,66,359099,77,411335
13651,0.08178,74.125.24.0-255,5738,364837,77,411335
13652,0.081798,172.31.40.0-255,66,364903,77,411335
13653,0.083899,74.125.24.0-255,5738,370641,77,411335
13654,0.083915,172.31.40.0-255,66,370707,77,411335
13655,0.085993,74.125.24.0-255,5738,376445,77,411335
13656,0.086006,172.31.40.0-255,66,376511,77,411335
13657,0.088098,74.125.24.0-255,5738,382249,77,411335
13658,0.088114,172.31.40.0-255,66,382315,77,411335
13659,0.090213,74.125.24.0-255,5738,388053,77,411335
13660,0.090228,172.31.40.0-255,66,388119,77,411335
13661,0.092327,74.125.24.0-255,5738,393857,77,411335
13662,0.092343,172.31.40.0-255,66,393923,77,411335
13663,0.094428,74.125.24.0-255,5738,399661,77,411335
13664,0.094443,172.31.40.0-255,66,399727,77,411335
13665,0.096536,74.125.24.0-255,5738,405465,77,411335
13666,0.096552,172.31.40.0-255,66,405531,77,411335
13667,0.098661,74.125.24.0-255,5738,411269,77,411335
13668,0.098676,172.31.40.0-255,66,411335,77,411335
13669,0.0,172.217.194.0-255,153,153,77,366264
13670,2.4e-05,172.31.40.0-255,66,219,77,366264
13671,3.2e-05,172.217.194.0-255,1484,1703,77,366264
13672,3.6e-05,172.31.40.0-255,66,1769,77,366264
13673,4.2e-05,172.217.194.0-255,2902,4671,77,366264
13674,5.3e-05,172.31.40.0-255,66,4737,77,366264
13675,6.1e-05,172.217.194.0-255,7156,11893,77,366264
13676,6.4e-05,172.31.40.0-255,66,11959,77,366264
13677,7.1e-05,172.217.194.0-255,5738,17697,77,366264
13678,7.4e-05,172.31.40.0-255,66,17763,77,366264
13679,0.000115,172.217.194.0-255,6366,24129,77,366264
13680,0.000118,172.31.40.0-255,66,24195,77,366264
13681,0.000126,172.217.194.0-255,6797,30992,77,366264
13682,0.000128,172.31.40.0-255,66,31058,77,366264
13683,0.000251,172.217.194.0-255,1484,32542,77,366264
13684,0.000255,172.31.40.0-255,66,32608,77,366264
13685,0.000286,172.217.194.0-255,2902,35510,77,366264
13686,0.000289,172.31.40.0-255,66,35576,77,366264
13687,0.000295,172.217.194.0-255,5738,41314,77,366264
13688,0.000298,172.31.40.0-255,66,41380,77,366264
13689,0.000301,172.217.194.0-255,1484,42864,77,366264
13690,0.000308,172.31.40.0-255,66,42930,77,366264
13691,0.000341,172.217.194.0-255,9633,52563,77,366264
13692,0.000356,172.217.194.0-255,12756,65319,77,366264
13693,0.000359,172.217.194.0-255,100,65419,77,366264
13694,0.000364,172.31.40.0-255,66,65485,77,366264
13695,0.000372,172.31.40.0-255,66,65551,77,366264
13696,0.000374,172.31.40.0-255,66,65617,77,366264
13697,0.000429,172.217.194.0-255,1484,67101,77,366264
13698,0.000433,172.31.40.0-255,66,67167,77,366264
13699,0.000459,172.217.194.0-255,1484,68651,77,366264
13700,0.000462,172.31.40.0-255,66,68717,77,366264
13701,0.000468,172.217.194.0-255,4320,73037,77,366264
13702,0.00047,172.31.40.0-255,66,73103,77,366264
13703,0.000483,172.217.194.0-255,8574,81677,77,366264
13704,0.000486,172.31.40.0-255,66,81743,77,366264
13705,0.000507,172.217.194.0-255,1484,83227,77,366264
13706,0.000522,172.217.194.0-255,9992,93219,77,366264
13707,0.000525,172.31.40.0-255,66,93285,77,366264
13708,0.000555,172.217.194.0-255,6737,100022,77,366264
13709,0.000558,172.31.40.0-255,66,100088,77,366264
13710,0.001125,172.217.194.0-255,1484,101572,77,366264
13711,0.001132,172.217.194.0-255,2902,104474,77,366264
13712,0.001136,172.31.40.0-255,66,104540,77,366264
13713,0.001167,172.217.194.0-255,5738,110278,77,366264
13714,0.001171,172.31.40.0-255,66,110344,77,366264
13715,0.00118,172.217.194.0-255,9992,120336,77,366264
13716,0.001188,172.31.40.0-255,66,120402,77,366264
13717,0.00121,172.217.194.0-255,4320,124722,77,366264
13718,0.001213,172.31.40.0-255,66,124788,77,366264
13719,0.001245,172.217.194.0-255,7156,131944,77,366264
13720,0.001248,172.31.40.0-255,66,132010,77,366264
13721,0.001252,172.217.194.0-255,2184,134194,77,366264
13722,0.001256,172.31.40.0-255,66,134260,77,366264
13723,0.001868,172.217.194.0-255,1484,135744,77,366264
13724,0.001886,172.217.194.0-255,2902,138646,77,366264
13725,0.001891,172.31.40.0-255,66,138712,77,366264
13726,0.001928,172.217.194.0-255,5738,144450,77,366264
13727,0.00193,172.31.40.0-255,66,144516,77,366264
13728,0.001938,172.217.194.0-255,7156,151672,77,366264
13729,0.00194,172.31.40.0-255,66,151738,77,366264
13730,0.001957,172.217.194.0-255,5738,157476,77,366264
13731,0.001964,172.31.40.0-255,66,157542,77,366264
13732,0.001976,172.217.194.0-255,10692,168234,77,366264
13733,0.001978,172.31.40.0-255,66,168300,77,366264
13734,0.002223,172.217.194.0-255,1484,169784,77,366264
13735,0.002228,172.217.194.0-255,1484,171268,77,366264
13736,0.002232,172.31.40.0-255,66,171334,77,366264
13737,0.002256,172.217.194.0-255,1484,172818,77,366264
13738,0.002263,172.217.194.0-255,5738,178556,77,366264
13739,0.002265,172.31.40.0-255,66,178622,77,366264
13740,0.002296,172.217.194.0-255,5738,184360,77,366264
13741,0.002309,172.31.40.0-255,66,184426,77,366264
13742,0.002335,172.217.194.0-255,5738,190164,77,366264
13743,0.002338,172.31.40.0-255,66,190230,77,366264
13744,0.00235,172.217.194.0-255,12110,202340,77,366264
13745,0.002352,172.31.40.0-255,66,202406,77,366264
13746,0.002355,172.217.194.0-255,1484,203890,77,366264
13747,0.002406,172.31.40.0-255,66,203956,77,366264
13748,0.002428,172.31.40.0-255,66,204022,77,366264
13749,0.002454,172.217.194.0-255,7156,211178,77,366264
13750,0.002457,172.31.40.0-255,66,211244,77,366264
13751,0.002485,172.217.194.0-255,1484,212728,77,366264
13752,0.0025,172.217.194.0-255,9992,222720,77,366264
13753,0.002503,172.31.40.0-255,66,222786,77,366264
13754,0.002513,172.217.194.0-255,9992,232778,77,366264
13755,0.002516,172.31.40.0-255,66,232844,77,366264
13756,0.002569,172.217.194.0-255,5020,237864,77,366264
13757,0.002572,172.31.40.0-255,66,237930,77,366264
13758,0.002593,172.31.40.0-255,66,237996,77,366264
13759,0.002603,172.217.194.0-255,11410,249406,77,366264
13760,0.002607,172.31.40.0-255,66,249472,77,366264
13761,0.002614,172.217.194.0-255,6438,255910,77,366264
13762,0.002616,172.31.40.0-255,66,255976,77,366264
13763,0.005142,172.217.194.0-255,5738,261714,77,366264
13764,0.005149,172.31.40.0-255,66,261780,77,366264
13765,0.007676,172.217.194.0-255,5738,267518,77,366264
13766,0.007683,172.31.40.0-255,66,267584,77,366264
13767,0.01021,172.217.194.0-255,5738,273322,77,366264
13768,0.010227,172.31.40.0-255,66,273388,77,366264
13769,0.012781,172.217.194.0-255,5738,279126,77,366264
13770,0.012793,172.31.40.0-255,66,279192,77,366264
13771,0.01533,172.217.194.0-255,5738,284930,77,366264
13772,0.015344,172.31.40.0-255,66,284996,77,366264
13773,0.017885,172.217.194.0-255,5738,290734,77,366264
13774,0.017893,172.31.40.0-255,66,290800,77,366264
13775,0.020396,172.217.194.0-255,5738,296538,77,366264
13776,0.020406,172.31.40.0-255,66,296604,77,366264
13777,0.022919,172.217.194.0-255,5738,302342,77,366264
13778,0.022929,172.31.40.0-255,66,302408,77,366264
13779,0.025514,172.217.194.0-255,5738,308146,77,366264
13780,0.025526,172.31.40.0-255,66,308212,77,366264
13781,0.028092,172.217.194.0-255,5738,313950,77,366264
13782,0.02811,172.31.40.0-255,66,314016,77,366264
13783,0.03064,172.217.194.0-255,5738,319754,77,366264
13784,0.030651,172.31.40.0-255,66,319820,77,366264
13785,0.03318,172.217.194.0-255,5738,325558,77,366264
13786,0.033188,172.31.40.0-255,66,325624,77,366264
13787,0.03571,172.217.194.0-255,5738,331362,77,366264
13788,0.035717,172.31.40.0-255,66,331428,77,366264
13789,0.038255,172.217.194.0-255,5738,337166,77,366264
13790,0.038267,172.31.40.0-255,66,337232,77,366264
13791,0.040781,172.217.194.0-255,5738,342970,77,366264
13792,0.040792,172.31.40.0-255,66,343036,77,366264
13793,0.043359,172.217.194.0-255,5738,348774,77,366264
13794,0.043374,172.31.40.0-255,66,348840,77,366264
13795,0.045899,172.217.194.0-255,5738,354578,77,366264
13796,0.045908,172.31.40.0-255,66,354644,77,366264
13797,0.048421,172.217.194.0-255,5738,360382,77,366264
13798,0.04843,172.31.40.0-255,66,360448,77,366264
13799,0.050946,172.217.194.0-255,4209,364657,77,366264
13800,0.050963,172.31.40.0-255,66,364723,77,366264
13801,0.051274,172.31.40.0-255,105,364828,77,366264
13802,0.053769,172.217.194.0-255,66,364894,77,366264
13803,0.062772,172.31.40.0-255,172,365066,77,366264
13804,0.062813,172.31.40.0-255,1066,366132,77,366264
13805,0.064328,104.244.42.0-255,66,366198,77,366264
13806,0.064376,104.244.42.0-255,66,366264,77,366264
13807,0.0,216.58.221.0-255,152,152,77,364559
13808,3.2e-05,172.31.40.0-255,66,218,77,364559
13809,4e-05,216.58.221.0-255,1484,1702,77,364559
13810,4.5e-05,172.31.40.0-255,66,1768,77,364559
13811,6.2e-05,216.58.221.0-255,2902,4670,77,364559
13812,6.6e-05,172.31.40.0-255,66,4736,77,364559
13813,7.4e-05,216.58.221.0-255,7156,11892,77,364559
13814,7.8e-05,172.31.40.0-255,66,11958,77,364559
13815,8.2e-05,216.58.221.0-255,2137,14095,77,364559
13816,8.5e-05,172.31.40.0-255,66,14161,77,364559
13817,0.000475,216.58.221.0-255,1484,15645,77,364559
13818,0.000481,172.31.40.0-255,66,15711,77,364559
13819,0.000488,216.58.221.0-255,2902,18613,77,364559
13820,0.000491,172.31.40.0-255,66,18679,77,364559
13821,0.000501,216.58.221.0-255,2902,21581,77,364559
13822,0.000504,172.31.40.0-255,66,21647,77,364559
13823,0.000509,216.58.221.0-255,4320,25967,77,364559
13824,0.000511,172.31.40.0-255,66,26033,77,364559
13825,0.000546,216.58.221.0-255,5379,31412,77,364559
13826,0.000549,172.31.40.0-255,66,31478,77,364559
13827,0.000687,216.58.221.0-255,1484,32962,77,364559
13828,0.000691,172.31.40.0-255,66,33028,77,364559
13829,0.000696,216.58.221.0-255,2902,35930,77,364559
13830,0.000698,172.31.40.0-255,66,35996,77,364559
13831,0.000705,216.58.221.0-255,5738,41734,77,364559
13832,0.000713,172.31.40.0-255,66,41800,77,364559
13833,0.000739,216.58.221.0-255,4320,46120,77,364559
13834,0.000743,172.31.40.0-255,66,46186,77,364559
13835,0.000765,216.58.221.0-255,2543,48729,77,364559
13836,0.000772,172.31.40.0-255,66,48795,77,364559
13837,0.000893,216.58.221.0-255,1484,50279,77,364559
13838,0.000897,172.31.40.0-255,66,50345,77,364559
13839,0.000902,216.58.221.0-255,2902,53247,77,364559
13840,0.000907,216.58.221.0-255,1484,54731,77,364559
13841,0.000923,172.31.40.0-255,66,54797,77,364559
13842,0.00094,216.58.221.0-255,4320,59117,77,364559
13843,0.000945,216.58.221.0-255,2902,62019,77,364559
13844,0.000961,216.58.221.0-255,4289,66308,77,364559
13845,0.000978,172.31.40.0-255,66,66374,77,364559
13846,0.002929,216.58.221.0-255,5738,72112,77,364559
13847,0.002942,172.31.40.0-255,66,72178,77,364559
13848,0.004888,216.58.221.0-255,5738,77916,77,364559
13849,0.004894,172.31.40.0-255,66,77982,77,364559
13850,0.006832,216.58.221.0-255,5738,83720,77,364559
13851,0.006837,172.31.40.0-255,66,83786,77,364559
13852,0.008793,216.58.221.0-255,5738,89524,77,364559
13853,0.008804,172.31.40.0-255,66,89590,77,364559
13854,0.010748,216.58.221.0-255,5738,95328,77,364559
13855,0.010761,172.31.40.0-255,66,95394,77,364559
13856,0.012708,216.58.221.0-255,5738,101132,77,364559
13857,0.012718,172.31.40.0-255,66,101198,77,364559
13858,0.014668,216.58.221.0-255,5738,106936,77,364559
13859,0.014681,172.31.40.0-255,66,107002,77,364559
13860,0.016631,216.58.221.0-255,5738,112740,77,364559
13861,0.016641,172.31.40.0-255,66,112806,77,364559
13862,0.018583,216.58.221.0-255,5738,118544,77,364559
13863,0.018591,172.31.40.0-255,66,118610,77,364559
13864,0.02056,216.58.221.0-255,5738,124348,77,364559
13865,0.020573,172.31.40.0-255,66,124414,77,364559
13866,0.022567,216.58.221.0-255,5738,130152,77,364559
13867,0.022584,172.31.40.0-255,66,130218,77,364559
13868,0.024528,216.58.221.0-255,5738,135956,77,364559
13869,0.024538,172.31.40.0-255,66,136022,77,364559
13870,0.026494,216.58.221.0-255,5738,141760,77,364559
13871,0.026505,172.31.40.0-255,66,141826,77,364559
13872,0.028455,216.58.221.0-255,5738,147564,77,364559
13873,0.028471,172.31.40.0-255,66,147630,77,364559
13874,0.030424,216.58.221.0-255,5738,153368,77,364559
13875,0.030443,172.31.40.0-255,66,153434,77,364559
13876,0.032398,216.58.221.0-255,5738,159172,77,364559
13877,0.032409,172.31.40.0-255,66,159238,77,364559
13878,0.034355,216.58.221.0-255,5738,164976,77,364559
13879,0.034364,172.31.40.0-255,66,165042,77,364559
13880,0.036319,216.58.221.0-255,5738,170780,77,364559
13881,0.036337,172.31.40.0-255,66,170846,77,364559
13882,0.037256,172.31.40.0-255,190,171036,77,364559
13883,0.037292,172.31.40.0-255,1121,172157,77,364559
13884,0.037361,172.31.40.0-255,1514,173671,77,364559
13885,0.037363,172.31.40.0-255,1514,175185,77,364559
13886,0.037364,172.31.40.0-255,1514,176699,77,364559
13887,0.037365,172.31.40.0-255,1514,178213,77,364559
13888,0.037366,172.31.40.0-255,552,178765,77,364559
13889,0.038301,216.58.221.0-255,5738,184503,77,364559
13890,0.03831,172.31.40.0-255,66,184569,77,364559
13891,0.039407,104.244.42.0-255,66,184635,77,364559
13892,0.040261,216.58.221.0-255,5738,190373,77,364559
13893,0.040284,172.31.40.0-255,66,190439,77,364559
13894,0.042244,216.58.221.0-255,5738,196177,77,364559
13895,0.042262,172.31.40.0-255,66,196243,77,364559
13896,0.044229,216.58.221.0-255,5738,201981,77,364559
13897,0.044246,172.31.40.0-255,66,202047,77,364559
13898,0.046212,216.58.221.0-255,5738,207785,77,364559
13899,0.04623,172.31.40.0-255,66,207851,77,364559
13900,0.048181,216.58.221.0-255,5738,213589,77,364559
13901,0.048189,172.31.40.0-255,66,213655,77,364559
13902,0.050143,216.58.221.0-255,5738,219393,77,364559
13903,0.050152,172.31.40.0-255,66,219459,77,364559
13904,0.052099,216.58.221.0-255,5738,225197,77,364559
13905,0.052107,172.31.40.0-255,66,225263,77,364559
13906,0.054066,216.58.221.0-255,5738,231001,77,364559
13907,0.054075,172.31.40.0-255,66,231067,77,364559
13908,0.056028,216.58.221.0-255,5738,236805,77,364559
13909,0.056037,172.31.40.0-255,66,236871,77,364559
13910,0.057991,216.58.221.0-255,5738,242609,77,364559
13911,0.057998,172.31.40.0-255,66,242675,77,364559
13912,0.059935,216.58.221.0-255,5738,248413,77,364559
13913,0.059944,172.31.40.0-255,66,248479,77,364559
13914,0.061902,216.58.221.0-255,5738,254217,77,364559
13915,0.061911,172.31.40.0-255,66,254283,77,364559
13916,0.063877,216.58.221.0-255,5738,260021,77,364559
13917,0.063895,172.31.40.0-255,66,260087,77,364559
13918,0.065864,216.58.221.0-255,5738,265825,77,364559
13919,0.065882,172.31.40.0-255,66,265891,77,364559
13920,0.06784,216.58.221.0-255,5738,271629,77,364559
13921,0.067859,172.31.40.0-255,66,271695,77,364559
13922,0.069827,216.58.221.0-255,5738,277433,77,364559
13923,0.069845,172.31.40.0-255,66,277499,77,364559
13924,0.071805,216.58.221.0-255,5738,283237,77,364559
13925,0.071824,172.31.40.0-255,66,283303,77,364559
13926,0.073786,216.58.221.0-255,5738,289041,77,364559
13927,0.073803,172.31.40.0-255,66,289107,77,364559
13928,0.075764,216.58.221.0-255,5738,294845,77,364559
13929,0.075782,172.31.40.0-255,66,294911,77,364559
13930,0.077749,216.58.221.0-255,5738,300649,77,364559
13931,0.077765,172.31.40.0-255,66,300715,77,364559
13932,0.07972,216.58.221.0-255,5738,306453,77,364559
13933,0.079738,172.31.40.0-255,66,306519,77,364559
13934,0.0817,216.58.221.0-255,5738,312257,77,364559
13935,0.081718,172.31.40.0-255,66,312323,77,364559
13936,0.083675,216.58.221.0-255,5738,318061,77,364559
13937,0.083694,172.31.40.0-255,66,318127,77,364559
13938,0.085694,216.58.221.0-255,5738,323865,77,364559
13939,0.085712,172.31.40.0-255,66,323931,77,364559
13940,0.087666,216.58.221.0-255,5738,329669,77,364559
13941,0.087682,172.31.40.0-255,66,329735,77,364559
13942,0.089652,216.58.221.0-255,5738,335473,77,364559
13943,0.08967,172.31.40.0-255,66,335539,77,364559
13944,0.091623,216.58.221.0-255,5738,341277,77,364559
13945,0.091641,172.31.40.0-255,66,341343,77,364559
13946,0.0936,216.58.221.0-255,5738,347081,77,364559
13947,0.093632,172.31.40.0-255,66,347147,77,364559
13948,0.09559,216.58.221.0-255,5738,352885,77,364559
13949,0.095606,172.31.40.0-255,66,352951,77,364559
13950,0.097568,216.58.221.0-255,5738,358689,77,364559
13951,0.097586,172.31.40.0-255,66,358755,77,364559
13952,0.099548,216.58.221.0-255,5738,364493,77,364559
13953,0.099565,172.31.40.0-255,66,364559,77,364559
13954,0.0,74.125.24.0-255,153,153,77,387158
13955,1.8e-05,172.31.40.0-255,66,219,77,387158
13956,2.5e-05,74.125.24.0-255,1484,1703,77,387158
13957,2.9e-05,172.31.40.0-255,66,1769,77,387158
13958,3.6e-05,74.125.24.0-255,2902,4671,77,387158
13959,4.6e-05,172.31.40.0-255,66,4737,77,387158
13960,5.5e-05,74.125.24.0-255,7156,11893,77,387158
13961,5.8e-05,172.31.40.0-255,66,11959,77,387158
13962,0.000109,74.125.24.0-255,2034,13993,77,387158
13963,0.000113,172.31.40.0-255,66,14059,77,387158
13964,0.000172,74.125.24.0-255,1484,15543,77,387158
13965,0.000175,172.31.40.0-255,66,15609,77,387158
13966,0.00018,74.125.24.0-255,2902,18511,77,387158
13967,0.000182,172.31.40.0-255,66,18577,77,387158
13968,0.000212,74.125.24.0-255,5738,24315,77,387158
13969,0.000218,172.31.40.0-255,66,24381,77,387158
13970,0.000226,74.125.24.0-255,5738,30119,77,387158
13971,0.000229,172.31.40.0-255,66,30185,77,387158
13972,0.000263,74.125.24.0-255,2543,32728,77,387158
13973,0.000265,172.31.40.0-255,66,32794,77,387158
13974,0.00027,74.125.24.0-255,2902,35696,77,387158
13975,0.000273,172.31.40.0-255,66,35762,77,387158
13976,0.000306,74.125.24.0-255,7156,42918,77,387158
13977,0.00031,172.31.40.0-255,66,42984,77,387158
13978,0.000317,74.125.24.0-255,5379,48363,77,387158
13979,0.00032,172.31.40.0-255,66,48429,77,387158
13980,0.000359,74.125.24.0-255,2902,51331,77,387158
13981,0.000362,172.31.40.0-255,66,51397,77,387158
13982,0.000384,74.125.24.0-255,1484,52881,77,387158
13983,0.000386,172.31.40.0-255,66,52947,77,387158
13984,0.000413,74.125.24.0-255,5738,58685,77,387158
13985,0.000416,172.31.40.0-255,66,58751,77,387158
13986,0.000424,74.125.24.0-255,7076,65827,77,387158
13987,0.000428,172.31.40.0-255,66,65893,77,387158
13988,0.000452,74.125.24.0-255,407,66300,77,387158
13989,0.000774,74.125.24.0-255,1484,67784,77,387158
13990,0.00078,172.31.40.0-255,66,67850,77,387158
13991,0.000786,74.125.24.0-255,2902,70752,77,387158
13992,0.000789,172.31.40.0-255,66,70818,77,387158
13993,0.000823,74.125.24.0-255,5738,76556,77,387158
13994,0.000826,172.31.40.0-255,66,76622,77,387158
13995,0.000839,74.125.24.0-255,12828,89450,77,387158
13996,0.000842,172.31.40.0-255,66,89516,77,387158
13997,0.000865,74.125.24.0-255,2902,92418,77,387158
13998,0.000867,172.31.40.0-255,66,92484,77,387158
13999,0.000898,74.125.24.0-255,7856,100340,77,387158
14000,0.000901,172.31.40.0-255,66,100406,77,387158
14001,0.001148,74.125.24.0-255,1484,101890,77,387158
14002,0.001155,74.125.24.0-255,2902,104792,77,387158
14003,0.001158,172.31.40.0-255,66,104858,77,387158
14004,0.001165,74.125.24.0-255,4320,109178,77,387158
14005,0.001167,172.31.40.0-255,66,109244,77,387158
14006,0.001205,74.125.24.0-255,1484,110728,77,387158
14007,0.001216,74.125.24.0-255,12828,123556,77,387158
14008,0.001219,172.31.40.0-255,66,123622,77,387158
14009,0.001225,74.125.24.0-255,4320,127942,77,387158
14010,0.001228,172.31.40.0-255,66,128008,77,387158
14011,0.001273,74.125.24.0-255,6438,134446,77,387158
14012,0.001276,172.31.40.0-255,66,134512,77,387158
14013,0.002325,74.125.24.0-255,1484,135996,77,387158
14014,0.002331,74.125.24.0-255,1484,137480,77,387158
14015,0.002335,172.31.40.0-255,66,137546,77,387158
14016,0.003627,74.125.24.0-255,2902,140448,77,387158
14017,0.003633,172.31.40.0-255,66,140514,77,387158
14018,0.004654,74.125.24.0-255,2902,143416,77,387158
14019,0.004658,172.31.40.0-255,66,143482,77,387158
14020,0.005945,74.125.24.0-255,2902,146384,77,387158
14021,0.005952,172.31.40.0-255,66,146450,77,387158
14022,0.006979,74.125.24.0-255,2902,149352,77,387158
14023,0.006982,172.31.40.0-255,66,149418,77,387158
14024,0.008278,74.125.24.0-255,2902,152320,77,387158
14025,0.008285,172.31.40.0-255,66,152386,77,387158
14026,0.009289,74.125.24.0-255,2902,155288,77,387158
14027,0.009296,172.31.40.0-255,66,155354,77,387158
14028,0.010618,74.125.24.0-255,2902,158256,77,387158
14029,0.010627,172.31.40.0-255,66,158322,77,387158
14030,0.011613,74.125.24.0-255,2902,161224,77,387158
14031,0.01162,172.31.40.0-255,66,161290,77,387158
14032,0.012946,74.125.24.0-255,2902,164192,77,387158
14033,0.012954,172.31.40.0-255,66,164258,77,387158
14034,0.013936,74.125.24.0-255,2902,167160,77,387158
14035,0.013943,172.31.40.0-255,66,167226,77,387158
14036,0.01528,74.125.24.0-255,2902,170128,77,387158
14037,0.015288,172.31.40.0-255,66,170194,77,387158
14038,0.016246,74.125.24.0-255,2902,173096,77,387158
14039,0.016255,172.31.40.0-255,66,173162,77,387158
14040,0.017605,74.125.24.0-255,2902,176064,77,387158
14041,0.017614,172.31.40.0-255,66,176130,77,387158
14042,0.018561,74.125.24.0-255,2902,179032,77,387158
14043,0.018568,172.31.40.0-255,66,179098,77,387158
14044,0.019926,74.125.24.0-255,2902,182000,77,387158
14045,0.019934,172.31.40.0-255,66,182066,77,387158
14046,0.020861,74.125.24.0-255,2902,184968,77,387158
14047,0.020868,172.31.40.0-255,66,185034,77,387158
14048,0.022232,74.125.24.0-255,2902,187936,77,387158
14049,0.02224,172.31.40.0-255,66,188002,77,387158
14050,0.023159,74.125.24.0-255,2902,190904,77,387158
14051,0.023166,172.31.40.0-255,66,190970,77,387158
14052,0.024572,74.125.24.0-255,2902,193872,77,387158
14053,0.024579,172.31.40.0-255,66,193938,77,387158
14054,0.025545,74.125.24.0-255,2902,196840,77,387158
14055,0.025552,172.31.40.0-255,66,196906,77,387158
14056,0.026866,74.125.24.0-255,2902,199808,77,387158
14057,0.026872,172.31.40.0-255,66,199874,77,387158
14058,0.027156,172.31.40.0-255,172,200046,77,387158
14059,0.027188,172.31.40.0-255,1116,201162,77,387158
14060,0.027283,172.31.40.0-255,1514,202676,77,387158
14061,0.027285,172.31.40.0-255,400,203076,77,387158
14062,0.02787,74.125.24.0-255,2902,205978,77,387158
14063,0.027877,172.31.40.0-255,66,206044,77,387158
14064,0.029187,74.125.24.0-255,2902,208946,77,387158
14065,0.029194,172.31.40.0-255,66,209012,77,387158
14066,0.029394,104.244.42.0-255,66,209078,77,387158
14067,0.030213,74.125.24.0-255,2902,211980,77,387158
14068,0.03022,172.31.40.0-255,66,212046,77,387158
14069,0.031522,74.125.24.0-255,2902,214948,77,387158
14070,0.03153,172.31.40.0-255,66,215014,77,387158
14071,0.032584,74.125.24.0-255,2902,217916,77,387158
14072,0.03259,172.31.40.0-255,66,217982,77,387158
14073,0.033863,74.125.24.0-255,2902,220884,77,387158
14074,0.033871,172.31.40.0-255,66,220950,77,387158
14075,0.034918,74.125.24.0-255,2902,223852,77,387158
14076,0.034924,172.31.40.0-255,66,223918,77,387158
14077,0.036187,74.125.24.0-255,2902,226820,77,387158
14078,0.036194,172.31.40.0-255,66,226886,77,387158
14079,0.037294,74.125.24.0-255,2902,229788,77,387158
14080,0.037301,172.31.40.0-255,66,229854,77,387158
14081,0.038508,74.125.24.0-255,2902,232756,77,387158
14082,0.038518,172.31.40.0-255,66,232822,77,387158
14083,0.039611,74.125.24.0-255,2902,235724,77,387158
14084,0.039618,172.31.40.0-255,66,235790,77,387158
14085,0.040843,74.125.24.0-255,2902,238692,77,387158
14086,0.04085,172.31.40.0-255,66,238758,77,387158
14087,0.04194,74.125.24.0-255,2902,241660,77,387158
14088,0.041947,172.31.40.0-255,66,241726,77,387158
14089,0.043137,74.125.24.0-255,2902,244628,77,387158
14090,0.043145,172.31.40.0-255,66,244694,77,387158
14091,0.044256,74.125.24.0-255,2902,247596,77,387158
14092,0.044264,172.31.40.0-255,66,247662,77,387158
14093,0.045447,74.125.24.0-255,2902,250564,77,387158
14094,0.045454,172.31.40.0-255,66,250630,77,387158
14095,0.046587,74.125.24.0-255,2902,253532,77,387158
14096,0.046594,172.31.40.0-255,66,253598,77,387158
14097,0.047773,74.125.24.0-255,2902,256500,77,387158
14098,0.047782,172.31.40.0-255,66,256566,77,387158
14099,0.048933,74.125.24.0-255,2902,259468,77,387158
14100,0.048941,172.31.40.0-255,66,259534,77,387158
14101,0.050086,74.125.24.0-255,2902,262436,77,387158
14102,0.050095,172.31.40.0-255,66,262502,77,387158
14103,0.05127,74.125.24.0-255,2902,265404,77,387158
14104,0.051278,172.31.40.0-255,66,265470,77,387158
14105,0.052423,74.125.24.0-255,2902,268372,77,387158
14106,0.052432,172.31.40.0-255,66,268438,77,387158
14107,0.053599,74.125.24.0-255,2902,271340,77,387158
14108,0.053606,172.31.40.0-255,66,271406,77,387158
14109,0.054757,74.125.24.0-255,2902,274308,77,387158
14110,0.054765,172.31.40.0-255,66,274374,77,387158
14111,0.055941,74.125.24.0-255,2902,277276,77,387158
14112,0.055949,172.31.40.0-255,66,277342,77,387158
14113,0.057065,74.125.24.0-255,2902,280244,77,387158
14114,0.057074,172.31.40.0-255,66,280310,77,387158
14115,0.058279,74.125.24.0-255,2902,283212,77,387158
14116,0.058287,172.31.40.0-255,66,283278,77,387158
14117,0.059408,74.125.24.0-255,2902,286180,77,387158
14118,0.059416,172.31.40.0-255,66,286246,77,387158
14119,0.060612,74.125.24.0-255,2902,289148,77,387158
14120,0.06062,172.31.40.0-255,66,289214,77,387158
14121,0.061739,74.125.24.0-255,2902,292116,77,387158
14122,0.061747,172.31.40.0-255,66,292182,77,387158
14123,0.062943,74.125.24.0-255,2902,295084,77,387158
14124,0.062952,172.31.40.0-255,66,295150,77,387158
14125,0.064049,74.125.24.0-255,2902,298052,77,387158
14126,0.064057,172.31.40.0-255,66,298118,77,387158
14127,0.065288,74.125.24.0-255,2902,301020,77,387158
14128,0.065295,172.31.40.0-255,66,301086,77,387158
14129,0.06639,74.125.24.0-255,2902,303988,77,387158
14130,0.066397,172.31.40.0-255,66,304054,77,387158
14131,0.067619,74.125.24.0-255,2902,306956,77,387158
14132,0.067626,172.31.40.0-255,66,307022,77,387158
14133,0.068749,74.125.24.0-255,2902,309924,77,387158
14134,0.068756,172.31.40.0-255,66,309990,77,387158
14135,0.069949,74.125.24.0-255,2902,312892,77,387158
14136,0.069956,172.31.40.0-255,66,312958,77,387158
14137,0.071065,74.125.24.0-255,2902,315860,77,387158
14138,0.071072,172.31.40.0-255,66,315926,77,387158
14139,0.072265,74.125.24.0-255,2902,318828,77,387158
14140,0.072272,172.31.40.0-255,66,318894,77,387158
14141,0.073391,74.125.24.0-255,2902,321796,77,387158
14142,0.073398,172.31.40.0-255,66,321862,77,387158
14143,0.07462,74.125.24.0-255,2902,324764,77,387158
14144,0.074627,172.31.40.0-255,66,324830,77,387158
14145,0.075715,74.125.24.0-255,2902,327732,77,387158
14146,0.075722,172.31.40.0-255,66,327798,77,387158
14147,0.076987,74.125.24.0-255,2902,330700,77,387158
14148,0.076994,172.31.40.0-255,66,330766,77,387158
14149,0.078031,74.125.24.0-255,2902,333668,77,387158
14150,0.078037,172.31.40.0-255,66,333734,77,387158
14151,0.079306,74.125.24.0-255,2902,336636,77,387158
14152,0.079314,172.31.40.0-255,66,336702,77,387158
14153,0.08037,74.125.24.0-255,2902,339604,77,387158
14154,0.080377,172.31.40.0-255,66,339670,77,387158
14155,0.081628,74.125.24.0-255,2902,342572,77,387158
14156,0.081634,172.31.40.0-255,66,342638,77,387158
14157,0.082712,74.125.24.0-255,2902,345540,77,387158
14158,0.082719,172.31.40.0-255,66,345606,77,387158
14159,0.083954,74.125.24.0-255,2902,348508,77,387158
14160,0.083961,172.31.40.0-255,66,348574,77,387158
14161,0.085025,74.125.24.0-255,2902,351476,77,387158
14162,0.085031,172.31.40.0-255,66,351542,77,387158
14163,0.086274,74.125.24.0-255,2902,354444,77,387158
14164,0.086281,172.31.40.0-255,66,354510,77,387158
14165,0.087358,74.125.24.0-255,2902,357412,77,387158
14166,0.087364,172.31.40.0-255,66,357478,77,387158
14167,0.08861,74.125.24.0-255,2902,360380,77,387158
14168,0.088617,172.31.40.0-255,66,360446,77,387158
14169,0.089664,74.125.24.0-255,2902,363348,77,387158
14170,0.089671,172.31.40.0-255,66,363414,77,387158
14171,0.090918,74.125.24.0-255,2902,366316,77,387158
14172,0.090925,172.31.40.0-255,66,366382,77,387158
14173,0.091996,74.125.24.0-255,2902,369284,77,387158
14174,0.092003,172.31.40.0-255,66,369350,77,387158
14175,0.093246,74.125.24.0-255,2902,372252,77,387158
14176,0.093252,172.31.40.0-255,66,372318,77,387158
14177,0.094316,74.125.24.0-255,2902,375220,77,387158
14178,0.094322,172.31.40.0-255,66,375286,77,387158
14179,0.095574,74.125.24.0-255,2902,378188,77,387158
14180,0.09558,172.31.40.0-255,66,378254,77,387158
14181,0.096635,74.125.24.0-255,2902,381156,77,387158
14182,0.096643,172.31.40.0-255,66,381222,77,387158
14183,0.097897,74.125.24.0-255,2902,384124,77,387158
14184,0.097905,172.31.40.0-255,66,384190,77,387158
14185,0.098965,74.125.24.0-255,2902,387092,77,387158
14186,0.098972,172.31.40.0-255,66,387158,77,387158
14187,0.0,172.217.194.0-255,153,153,77,383261
14188,2.2e-05,172.31.40.0-255,66,219,77,383261
14189,3e-05,172.217.194.0-255,1484,1703,77,383261
14190,3.4e-05,172.31.40.0-255,66,1769,77,383261
14191,4.7e-05,172.217.194.0-255,2902,4671,77,383261
14192,5.1e-05,172.31.40.0-255,66,4737,77,383261
14193,5.7e-05,172.217.194.0-255,5738,10475,77,383261
14194,6e-05,172.31.40.0-255,66,10541,77,383261
14195,9.4e-05,172.217.194.0-255,3454,13995,77,383261
14196,9.7e-05,172.31.40.0-255,66,14061,77,383261
14197,0.00021,172.217.194.0-255,1484,15545,77,383261
14198,0.000215,172.31.40.0-255,66,15611,77,383261
14199,0.00022,172.217.194.0-255,2902,18513,77,383261
14200,0.000222,172.31.40.0-255,66,18579,77,383261
14201,0.000242,172.217.194.0-255,5738,24317,77,383261
14202,0.000249,172.31.40.0-255,66,24383,77,383261
14203,0.000299,172.217.194.0-255,5738,30121,77,383261
14204,0.000302,172.31.40.0-255,66,30187,77,383261
14205,0.000329,172.217.194.0-255,3961,34148,77,383261
14206,0.000331,172.31.40.0-255,66,34214,77,383261
14207,0.000389,172.217.194.0-255,4320,38534,77,383261
14208,0.000393,172.31.40.0-255,66,38600,77,383261
14209,0.000419,172.217.194.0-255,12828,51428,77,383261
14210,0.000422,172.31.40.0-255,66,51494,77,383261
14211,0.00057,172.217.194.0-255,7156,58650,77,383261
14212,0.000575,172.31.40.0-255,66,58716,77,383261
14213,0.000609,172.217.194.0-255,6438,65154,77,383261
14214,0.000613,172.31.40.0-255,66,65220,77,383261
14215,0.000665,172.217.194.0-255,343,65563,77,383261
14216,0.000668,172.31.40.0-255,66,65629,77,383261
14217,0.000671,172.217.194.0-255,431,66060,77,383261
14218,0.000674,172.31.40.0-255,66,66126,77,383261
14219,0.000856,172.217.194.0-255,1484,67610,77,383261
14220,0.000863,172.217.194.0-255,2902,70512,77,383261
14221,0.000867,172.31.40.0-255,66,70578,77,383261
14222,0.000897,172.217.194.0-255,5738,76316,77,383261
14223,0.000899,172.31.40.0-255,66,76382,77,383261
14224,0.000928,172.217.194.0-255,1484,77866,77,383261
14225,0.00096,172.217.194.0-255,11410,89276,77,383261
14226,0.000964,172.31.40.0-255,66,89342,77,383261
14227,0.001065,172.217.194.0-255,4320,93662,77,383261
14228,0.001069,172.31.40.0-255,66,93728,77,383261
14229,0.001099,172.217.194.0-255,6438,100166,77,383261
14230,0.001102,172.31.40.0-255,66,100232,77,383261
14231,0.00312,172.217.194.0-255,5738,105970,77,383261
14232,0.003127,172.31.40.0-255,66,106036,77,383261
14233,0.005166,172.217.194.0-255,5738,111774,77,383261
14234,0.00517,172.31.40.0-255,66,111840,77,383261
14235,0.007196,172.217.194.0-255,5738,117578,77,383261
14236,0.007203,172.31.40.0-255,66,117644,77,383261
14237,0.009234,172.217.194.0-255,5738,123382,77,383261
14238,0.009242,172.31.40.0-255,66,123448,77,383261
14239,0.011287,172.217.194.0-255,5738,129186,77,383261
14240,0.011295,172.31.40.0-255,66,129252,77,383261
14241,0.013343,172.217.194.0-255,5738,134990,77,383261
14242,0.01335,172.31.40.0-255,66,135056,77,383261
14243,0.015376,172.217.194.0-255,5738,140794,77,383261
14244,0.015383,172.31.40.0-255,66,140860,77,383261
14245,0.017416,172.217.194.0-255,5738,146598,77,383261
14246,0.017424,172.31.40.0-255,66,146664,77,383261
14247,0.019517,172.217.194.0-255,5738,152402,77,383261
14248,0.019524,172.31.40.0-255,66,152468,77,383261
14249,0.021578,172.217.194.0-255,5738,158206,77,383261
14250,0.021584,172.31.40.0-255,66,158272,77,383261
14251,0.023622,172.217.194.0-255,5738,164010,77,383261
14252,0.023629,172.31.40.0-255,66,164076,77,383261
14253,0.025674,172.217.194.0-255,5738,169814,77,383261
14254,0.025683,172.31.40.0-255,66,169880,77,383261
14255,0.027588,172.31.40.0-255,172,170052,77,383261
14256,0.027621,172.31.40.0-255,1116,171168,77,383261
14257,0.027687,172.31.40.0-255,1514,172682,77,383261
14258,0.027689,172.31.40.0-255,1173,173855,77,383261
14259,0.02773,172.217.194.0-255,5738,179593,77,383261
14260,0.027736,172.31.40.0-255,66,179659,77,383261
14261,0.029152,104.244.42.0-255,66,179725,77,383261
14262,0.029363,104.244.42.0-255,66,179791,77,383261
14263,0.029383,104.244.42.0-255,66,179857,77,383261
14264,0.029766,172.217.194.0-255,5738,185595,77,383261
14265,0.029773,172.31.40.0-255,66,185661,77,383261
14266,0.031819,172.217.194.0-255,5738,191399,77,383261
14267,0.031825,172.31.40.0-255,66,191465,77,383261
14268,0.033872,172.217.194.0-255,5738,197203,77,383261
14269,0.033879,172.31.40.0-255,66,197269,77,383261
14270,0.035898,172.217.194.0-255,5738,203007,77,383261
14271,0.035905,172.31.40.0-255,66,203073,77,383261
14272,0.037949,172.217.194.0-255,5738,208811,77,383261
14273,0.037955,172.31.40.0-255,66,208877,77,383261
14274,0.039994,172.217.194.0-255,5738,214615,77,383261
14275,0.040004,172.31.40.0-255,66,214681,77,383261
14276,0.042031,172.217.194.0-255,5738,220419,77,383261
14277,0.042038,172.31.40.0-255,66,220485,77,383261
14278,0.044057,172.217.194.0-255,5738,226223,77,383261
14279,0.044063,172.31.40.0-255,66,226289,77,383261
14280,0.046099,172.217.194.0-255,5738,232027,77,383261
14281,0.046104,172.31.40.0-255,66,232093,77,383261
14282,0.048147,172.217.194.0-255,5738,237831,77,383261
14283,0.048154,172.31.40.0-255,66,237897,77,383261
14284,0.050206,172.217.194.0-255,5738,243635,77,383261
14285,0.050213,172.31.40.0-255,66,243701,77,383261
14286,0.052233,172.217.194.0-255,5738,249439,77,383261
14287,0.05224,172.31.40.0-255,66,249505,77,383261
14288,0.0543,172.217.194.0-255,5738,255243,77,383261
14289,0.054307,172.31.40.0-255,66,255309,77,383261
14290,0.056358,172.217.194.0-255,5738,261047,77,383261
14291,0.056369,172.31.40.0-255,66,261113,77,383261
14292,0.05841,172.217.194.0-255,5738,266851,77,383261
14293,0.058428,172.31.40.0-255,66,266917,77,383261
14294,0.060476,172.217.194.0-255,5738,272655,77,383261
14295,0.060489,172.31.40.0-255,66,272721,77,383261
14296,0.062548,172.217.194.0-255,5738,278459,77,383261
14297,0.062565,172.31.40.0-255,66,278525,77,383261
14298,0.064604,172.217.194.0-255,5738,284263,77,383261
14299,0.06462,172.31.40.0-255,66,284329,77,383261
14300,0.066688,172.217.194.0-255,5738,290067,77,383261
14301,0.066703,172.31.40.0-255,66,290133,77,383261
14302,0.068773,172.217.194.0-255,5738,295871,77,383261
14303,0.068791,172.31.40.0-255,66,295937,77,383261
14304,0.070832,172.217.194.0-255,5738,301675,77,383261
14305,0.070848,172.31.40.0-255,66,301741,77,383261
14306,0.072902,172.217.194.0-255,5738,307479,77,383261
14307,0.072918,172.31.40.0-255,66,307545,77,383261
14308,0.07496,172.217.194.0-255,5738,313283,77,383261
14309,0.074967,172.31.40.0-255,66,313349,77,383261
14310,0.076997,172.217.194.0-255,5738,319087,77,383261
14311,0.077003,172.31.40.0-255,66,319153,77,383261
14312,0.079044,172.217.194.0-255,5738,324891,77,383261
14313,0.07906,172.31.40.0-255,66,324957,77,383261
14314,0.081112,172.217.194.0-255,5738,330695,77,383261
14315,0.081124,172.31.40.0-255,66,330761,77,383261
14316,0.083205,172.217.194.0-255,5738,336499,77,383261
14317,0.083212,172.31.40.0-255,66,336565,77,383261
14318,0.085245,172.217.194.0-255,5738,342303,77,383261
14319,0.085252,172.31.40.0-255,66,342369,77,383261
14320,0.087297,172.217.194.0-255,5738,348107,77,383261
14321,0.087304,172.31.40.0-255,66,348173,77,383261
14322,0.089344,172.217.194.0-255,5738,353911,77,383261
14323,0.089352,172.31.40.0-255,66,353977,77,383261
14324,0.091395,172.217.194.0-255,5738,359715,77,383261
14325,0.091402,172.31.40.0-255,66,359781,77,383261
14326,0.093466,172.217.194.0-255,5738,365519,77,383261
14327,0.093473,172.31.40.0-255,66,365585,77,383261
14328,0.095508,172.217.194.0-255,2902,368487,77,383261
14329,0.095515,172.31.40.0-255,66,368553,77,383261
14330,0.095543,172.217.194.0-255,2902,371455,77,383261
14331,0.095546,172.31.40.0-255,66,371521,77,383261
14332,0.097549,172.217.194.0-255,2902,374423,77,383261
14333,0.097556,172.31.40.0-255,66,374489,77,383261
14334,0.097589,172.217.194.0-255,2902,377391,77,383261
14335,0.097592,172.31.40.0-255,66,377457,77,383261
14336,0.099603,172.217.194.0-255,5738,383195,77,383261
14337,0.09961,172.31.40.0-255,66,383261,77,383261
14338,0.0,74.125.68.0-255,153,153,77,418538
14339,1.5e-05,172.31.40.0-255,66,219,77,418538
14340,3.1e-05,74.125.68.0-255,1484,1703,77,418538
14341,3.5e-05,172.31.40.0-255,66,1769,77,418538
14342,6.3e-05,74.125.68.0-255,2902,4671,77,418538
14343,7.1e-05,172.31.40.0-255,66,4737,77,418538
14344,7.4e-05,74.125.68.0-255,1484,6221,77,418538
14345,7.7e-05,172.31.40.0-255,66,6287,77,418538
14346,8.3e-05,74.125.68.0-255,2902,9189,77,418538
14347,8.5e-05,172.31.40.0-255,66,9255,77,418538
14348,0.00011,74.125.68.0-255,2902,12157,77,418538
14349,0.000112,172.31.40.0-255,66,12223,77,418538
14350,0.000142,74.125.68.0-255,3439,15662,77,418538
14351,0.000145,172.31.40.0-255,66,15728,77,418538
14352,0.000152,74.125.68.0-255,7156,22884,77,418538
14353,0.000155,172.31.40.0-255,66,22950,77,418538
14354,0.000163,74.125.68.0-255,8215,31165,77,418538
14355,0.000166,172.31.40.0-255,66,31231,77,418538
14356,0.00029,74.125.68.0-255,1484,32715,77,418538
14357,0.000295,172.31.40.0-255,66,32781,77,418538
14358,0.00033,74.125.68.0-255,2902,35683,77,418538
14359,0.000333,172.31.40.0-255,66,35749,77,418538
14360,0.000363,74.125.68.0-255,4320,40069,77,418538
14361,0.000366,172.31.40.0-255,66,40135,77,418538
14362,0.000372,74.125.68.0-255,5738,45873,77,418538
14363,0.000375,172.31.40.0-255,66,45939,77,418538
14364,0.000378,74.125.68.0-255,1484,47423,77,418538
14365,0.000384,172.31.40.0-255,66,47489,77,418538
14366,0.000424,74.125.68.0-255,8215,55704,77,418538
14367,0.000428,172.31.40.0-255,66,55770,77,418538
14368,0.000437,74.125.68.0-255,9907,65677,77,418538
14369,0.00044,172.31.40.0-255,66,65743,77,418538
14370,0.000443,74.125.68.0-255,131,65874,77,418538
14371,0.000503,74.125.68.0-255,1484,67358,77,418538
14372,0.000506,172.31.40.0-255,66,67424,77,418538
14373,0.000531,74.125.68.0-255,2902,70326,77,418538
14374,0.000534,172.31.40.0-255,66,70392,77,418538
14375,0.000539,74.125.68.0-255,2902,73294,77,418538
14376,0.000541,172.31.40.0-255,66,73360,77,418538
14377,0.000561,74.125.68.0-255,2902,76262,77,418538
14378,0.000563,172.31.40.0-255,66,76328,77,418538
14379,0.00058,74.125.68.0-255,1484,77812,77,418538
14380,0.000604,74.125.68.0-255,5080,82892,77,418538
14381,0.000607,172.31.40.0-255,66,82958,77,418538
14382,0.000961,74.125.68.0-255,1484,84442,77,418538
14383,0.000987,74.125.68.0-255,2902,87344,77,418538
14384,0.000991,172.31.40.0-255,66,87410,77,418538
14385,0.000994,74.125.68.0-255,1484,88894,77,418538
14386,0.001017,74.125.68.0-255,2902,91796,77,418538
14387,0.001019,172.31.40.0-255,66,91862,77,418538
14388,0.001044,74.125.68.0-255,4320,96182,77,418538
14389,0.001046,172.31.40.0-255,66,96248,77,418538
14390,0.001073,74.125.68.0-255,1484,97732,77,418538
14391,0.001081,74.125.68.0-255,7156,104888,77,418538
14392,0.001083,172.31.40.0-255,66,104954,77,418538
14393,0.001126,74.125.68.0-255,4320,109274,77,418538
14394,0.001133,74.125.68.0-255,5738,115012,77,418538
14395,0.001136,74.125.68.0-255,2184,117196,77,418538
14396,0.001147,172.31.40.0-255,66,117262,77,418538
14397,0.00115,172.31.40.0-255,66,117328,77,418538
14398,0.001153,172.31.40.0-255,66,117394,77,418538
14399,0.001295,74.125.68.0-255,1484,118878,77,418538
14400,0.001314,74.125.68.0-255,2902,121780,77,418538
14401,0.001318,172.31.40.0-255,66,121846,77,418538
14402,0.001351,74.125.68.0-255,5738,127584,77,418538
14403,0.001353,172.31.40.0-255,66,127650,77,418538
14404,0.001357,74.125.68.0-255,1484,129134,77,418538
14405,0.001402,74.125.68.0-255,2902,132036,77,418538
14406,0.001406,172.31.40.0-255,66,132102,77,418538
14407,0.00143,74.125.68.0-255,5738,137840,77,418538
14408,0.001433,172.31.40.0-255,66,137906,77,418538
14409,0.001437,74.125.68.0-255,2902,140808,77,418538
14410,0.001439,172.31.40.0-255,66,140874,77,418538
14411,0.001476,74.125.68.0-255,9992,150866,77,418538
14412,0.00148,172.31.40.0-255,66,150932,77,418538
14413,0.001483,74.125.68.0-255,766,151698,77,418538
14414,0.001792,74.125.68.0-255,1484,153182,77,418538
14415,0.001797,74.125.68.0-255,2902,156084,77,418538
14416,0.001803,74.125.68.0-255,5738,161822,77,418538
14417,0.001808,172.31.40.0-255,66,161888,77,418538
14418,0.001812,172.31.40.0-255,66,161954,77,418538
14419,0.001814,172.31.40.0-255,66,162020,77,418538
14420,0.001834,74.125.68.0-255,5738,167758,77,418538
14421,0.001837,172.31.40.0-255,66,167824,77,418538
14422,0.001844,74.125.68.0-255,7156,174980,77,418538
14423,0.001847,172.31.40.0-255,66,175046,77,418538
14424,0.001853,74.125.68.0-255,5738,180784,77,418538
14425,0.001855,172.31.40.0-255,66,180850,77,418538
14426,0.00189,74.125.68.0-255,5020,185870,77,418538
14427,0.001893,172.31.40.0-255,66,185936,77,418538
14428,0.003884,74.125.68.0-255,5738,191674,77,418538
14429,0.003892,172.31.40.0-255,66,191740,77,418538
14430,0.005892,74.125.68.0-255,5738,197478,77,418538
14431,0.005896,172.31.40.0-255,66,197544,77,418538
14432,0.007884,74.125.68.0-255,4320,201864,77,418538
14433,0.007887,172.31.40.0-255,66,201930,77,418538
14434,0.007914,74.125.68.0-255,1484,203414,77,418538
14435,0.009878,74.125.68.0-255,4320,207734,77,418538
14436,0.009885,172.31.40.0-255,66,207800,77,418538
14437,0.011909,74.125.68.0-255,5738,213538,77,418538
14438,0.011916,172.31.40.0-255,66,213604,77,418538
14439,0.013942,74.125.68.0-255,5738,219342,77,418538
14440,0.013949,172.31.40.0-255,66,219408,77,418538
14441,0.015949,74.125.68.0-255,4320,223728,77,418538
14442,0.015955,172.31.40.0-255,66,223794,77,418538
14443,0.01598,74.125.68.0-255,1484,225278,77,418538
14444,0.017954,74.125.68.0-255,4320,229598,77,418538
14445,0.017963,172.31.40.0-255,66,229664,77,418538
14446,0.019967,74.125.68.0-255,5738,235402,77,418538
14447,0.019974,172.31.40.0-255,66,235468,77,418538
14448,0.021975,74.125.68.0-255,5738,241206,77,418538
14449,0.021982,172.31.40.0-255,66,241272,77,418538
14450,0.023978,74.125.68.0-255,5738,247010,77,418538
14451,0.023986,172.31.40.0-255,66,247076,77,418538
14452,0.025987,74.125.68.0-255,5738,252814,77,418538
14453,0.025995,172.31.40.0-255,66,252880,77,418538
14454,0.028001,74.125.68.0-255,5738,258618,77,418538
14455,0.028008,172.31.40.0-255,66,258684,77,418538
14456,0.030036,74.125.68.0-255,5738,264422,77,418538
14457,0.030043,172.31.40.0-255,66,264488,77,418538
14458,0.032053,74.125.68.0-255,5738,270226,77,418538
14459,0.032061,172.31.40.0-255,66,270292,77,418538
14460,0.034068,74.125.68.0-255,5738,276030,77,418538
14461,0.034076,172.31.40.0-255,66,276096,77,418538
14462,0.036079,74.125.68.0-255,5738,281834,77,418538
14463,0.036089,172.31.40.0-255,66,281900,77,418538
14464,0.038088,74.125.68.0-255,5738,287638,77,418538
14465,0.038094,172.31.40.0-255,66,287704,77,418538
14466,0.038445,172.31.40.0-255,172,287876,77,418538
14467,0.038475,172.31.40.0-255,1066,288942,77,418538
14468,0.039979,104.244.42.0-255,66,289008,77,418538
14469,0.040043,104.244.42.0-255,66,289074,77,418538
14470,0.040107,74.125.68.0-255,5738,294812,77,418538
14471,0.040112,172.31.40.0-255,66,294878,77,418538
14472,0.042125,74.125.68.0-255,5738,300616,77,418538
14473,0.042131,172.31.40.0-255,66,300682,77,418538
14474,0.044133,74.125.68.0-255,5738,306420,77,418538
14475,0.044139,172.31.40.0-255,66,306486,77,418538
14476,0.046144,74.125.68.0-255,5738,312224,77,418538
14477,0.04615,172.31.40.0-255,66,312290,77,418538
14478,0.048163,74.125.68.0-255,5738,318028,77,418538
14479,0.048169,172.31.40.0-255,66,318094,77,418538
14480,0.05017,74.125.68.0-255,5738,323832,77,418538
14481,0.050177,172.31.40.0-255,66,323898,77,418538
14482,0.052178,74.125.68.0-255,5738,329636,77,418538
14483,0.052185,172.31.40.0-255,66,329702,77,418538
14484,0.054179,74.125.68.0-255,5738,335440,77,418538
14485,0.054187,172.31.40.0-255,66,335506,77,418538
14486,0.056212,74.125.68.0-255,5738,341244,77,418538
14487,0.056218,172.31.40.0-255,66,341310,77,418538
14488,0.058221,74.125.68.0-255,5738,347048,77,418538
14489,0.058227,172.31.40.0-255,66,347114,77,418538
14490,0.060236,74.125.68.0-255,5738,352852,77,418538
14491,0.060242,172.31.40.0-255,66,352918,77,418538
14492,0.062247,74.125.68.0-255,5738,358656,77,418538
14493,0.062252,172.31.40.0-255,66,358722,77,418538
14494,0.064268,74.125.68.0-255,5738,364460,77,418538
14495,0.064274,172.31.40.0-255,66,364526,77,418538
14496,0.06629,74.125.68.0-255,5738,370264,77,418538
14497,0.066296,172.31.40.0-255,66,370330,77,418538
14498,0.068315,74.125.68.0-255,5738,376068,77,418538
14499,0.068322,172.31.40.0-255,66,376134,77,418538
14500,0.070332,74.125.68.0-255,5738,381872,77,418538
14501,0.070339,172.31.40.0-255,66,381938,77,418538
14502,0.072364,74.125.68.0-255,5738,387676,77,418538
14503,0.072369,172.31.40.0-255,66,387742,77,418538
14504,0.07437,74.125.68.0-255,5738,393480,77,418538
14505,0.074377,172.31.40.0-255,66,393546,77,418538
14506,0.076377,74.125.68.0-255,5738,399284,77,418538
14507,0.076383,172.31.40.0-255,66,399350,77,418538
14508,0.078384,74.125.68.0-255,5738,405088,77,418538
14509,0.07839,172.31.40.0-255,66,405154,77,418538
14510,0.080424,74.125.68.0-255,5738,410892,77,418538
14511,0.080431,172.31.40.0-255,66,410958,77,418538
14512,0.08244,74.125.68.0-255,5738,416696,77,418538
14513,0.082446,172.31.40.0-255,66,416762,77,418538
14514,0.084442,74.125.68.0-255,1539,418301,77,418538
14515,0.084448,172.31.40.0-255,66,418367,77,418538
14516,0.084922,172.31.40.0-255,105,418472,77,418538
14517,0.086931,74.125.68.0-255,66,418538,77,418538
14518,0.0,172.217.194.0-255,149,149,77,386053
14519,2.1e-05,172.31.40.0-255,66,215,77,386053
14520,2.8e-05,172.217.194.0-255,1484,1699,77,386053
14521,3.3e-05,172.31.40.0-255,66,1765,77,386053
14522,4.9e-05,172.217.194.0-255,2902,4667,77,386053
14523,5.3e-05,172.31.40.0-255,66,4733,77,386053
14524,6.1e-05,172.217.194.0-255,7156,11889,77,386053
14525,6.6e-05,172.31.40.0-255,66,11955,77,386053
14526,7.1e-05,172.217.194.0-255,4320,16275,77,386053
14527,7.4e-05,172.31.40.0-255,66,16341,77,386053
14528,0.00011,172.217.194.0-255,11927,28268,77,386053
14529,0.000114,172.31.40.0-255,66,28334,77,386053
14530,0.000118,172.217.194.0-255,2543,30877,77,386053
14531,0.000121,172.31.40.0-255,66,30943,77,386053
14532,0.000202,172.217.194.0-255,1484,32427,77,386053
14533,0.000205,172.31.40.0-255,66,32493,77,386053
14534,0.00021,172.217.194.0-255,2902,35395,77,386053
14535,0.000212,172.31.40.0-255,66,35461,77,386053
14536,0.000219,172.217.194.0-255,5738,41199,77,386053
14537,0.000226,172.31.40.0-255,66,41265,77,386053
14538,0.000262,172.217.194.0-255,12828,54093,77,386053
14539,0.000266,172.31.40.0-255,66,54159,77,386053
14540,0.000275,172.217.194.0-255,8574,62733,77,386053
14541,0.000277,172.31.40.0-255,66,62799,77,386053
14542,0.000322,172.217.194.0-255,2794,65593,77,386053
14543,0.000325,172.31.40.0-255,66,65659,77,386053
14544,0.000404,172.217.194.0-255,1484,67143,77,386053
14545,0.000408,172.31.40.0-255,66,67209,77,386053
14546,0.000436,172.217.194.0-255,2902,70111,77,386053
14547,0.000439,172.31.40.0-255,66,70177,77,386053
14548,0.000451,172.217.194.0-255,1484,71661,77,386053
14549,0.000454,172.31.40.0-255,66,71727,77,386053
14550,0.000483,172.217.194.0-255,4320,76047,77,386053
14551,0.000486,172.31.40.0-255,66,76113,77,386053
14552,0.000491,172.217.194.0-255,2902,79015,77,386053
14553,0.000494,172.31.40.0-255,66,79081,77,386053
14554,0.000523,172.217.194.0-255,4320,83401,77,386053
14555,0.000525,172.31.40.0-255,66,83467,77,386053
14556,0.000532,172.217.194.0-255,5738,89205,77,386053
14557,0.000536,172.31.40.0-255,66,89271,77,386053
14558,0.000561,172.217.194.0-255,2902,92173,77,386053
14559,0.000563,172.31.40.0-255,66,92239,77,386053
14560,0.000593,172.217.194.0-255,7856,100095,77,386053
14561,0.000597,172.31.40.0-255,66,100161,77,386053
14562,0.000624,172.217.194.0-255,1484,101645,77,386053
14563,0.000629,172.217.194.0-255,1484,103129,77,386053
14564,0.000631,172.31.40.0-255,66,103195,77,386053
14565,0.000654,172.217.194.0-255,1484,104679,77,386053
14566,0.000661,172.217.194.0-255,5738,110417,77,386053
14567,0.000663,172.31.40.0-255,66,110483,77,386053
14568,0.000692,172.217.194.0-255,7156,117639,77,386053
14569,0.000696,172.31.40.0-255,66,117705,77,386053
14570,0.000703,172.217.194.0-255,7156,124861,77,386053
14571,0.000705,172.31.40.0-255,66,124927,77,386053
14572,0.000736,172.217.194.0-255,7156,132083,77,386053
14573,0.000739,172.31.40.0-255,66,132149,77,386053
14574,0.000744,172.217.194.0-255,2184,134333,77,386053
14575,0.000746,172.31.40.0-255,66,134399,77,386053
14576,0.000769,172.217.194.0-255,4320,138719,77,386053
14577,0.000772,172.31.40.0-255,66,138785,77,386053
14578,0.000807,172.217.194.0-255,9992,148777,77,386053
14579,0.00081,172.31.40.0-255,66,148843,77,386053
14580,0.000866,172.217.194.0-255,9992,158835,77,386053
14581,0.000869,172.31.40.0-255,66,158901,77,386053
14582,0.000903,172.217.194.0-255,5738,164639,77,386053
14583,0.000906,172.31.40.0-255,66,164705,77,386053
14584,0.00091,172.217.194.0-255,2008,166713,77,386053
14585,0.000912,172.31.40.0-255,66,166779,77,386053
14586,0.000929,172.31.40.0-255,66,166845,77,386053
14587,0.000932,172.217.194.0-255,1484,168329,77,386053
14588,0.000936,172.217.194.0-255,2902,171231,77,386053
14589,0.000939,172.31.40.0-255,66,171297,77,386053
14590,0.000942,172.217.194.0-255,1484,172781,77,386053
14591,0.000973,172.217.194.0-255,4320,177101,77,386053
14592,0.000977,172.31.40.0-255,66,177167,77,386053
14593,0.00098,172.217.194.0-255,1484,178651,77,386053
14594,0.001005,172.217.194.0-255,11410,190061,77,386053
14595,0.001007,172.31.40.0-255,66,190127,77,386053
14596,0.001046,172.217.194.0-255,10692,200819,77,386053
14597,0.00105,172.31.40.0-255,66,200885,77,386053
14598,0.002054,172.217.194.0-255,1484,202369,77,386053
14599,0.002061,172.217.194.0-255,2902,205271,77,386053
14600,0.002066,172.31.40.0-255,66,205337,77,386053
14601,0.002072,172.217.194.0-255,5738,211075,77,386053
14602,0.002074,172.31.40.0-255,66,211141,77,386053
14603,0.002102,172.217.194.0-255,5738,216879,77,386053
14604,0.002104,172.31.40.0-255,66,216945,77,386053
14605,0.002108,172.217.194.0-255,1484,218429,77,386053
14606,0.002154,172.31.40.0-255,66,218495,77,386053
14607,0.002157,172.217.194.0-255,766,219261,77,386053
14608,0.003026,172.31.40.0-255,66,219327,77,386053
14609,0.004803,172.217.194.0-255,4320,223647,77,386053
14610,0.004811,172.31.40.0-255,66,223713,77,386053
14611,0.005612,172.217.194.0-255,1484,225197,77,386053
14612,0.007431,172.217.194.0-255,4320,229517,77,386053
14613,0.007435,172.31.40.0-255,66,229583,77,386053
14614,0.010062,172.217.194.0-255,5738,235321,77,386053
14615,0.010068,172.31.40.0-255,66,235387,77,386053
14616,0.012705,172.217.194.0-255,5738,241125,77,386053
14617,0.012714,172.31.40.0-255,66,241191,77,386053
14618,0.015332,172.217.194.0-255,5738,246929,77,386053
14619,0.015344,172.31.40.0-255,66,246995,77,386053
14620,0.017955,172.217.194.0-255,5738,252733,77,386053
14621,0.017967,172.31.40.0-255,66,252799,77,386053
14622,0.020589,172.217.194.0-255,5738,258537,77,386053
14623,0.020603,172.31.40.0-255,66,258603,77,386053
14624,0.023233,172.217.194.0-255,5738,264341,77,386053
14625,0.023239,172.31.40.0-255,66,264407,77,386053
14626,0.025878,172.217.194.0-255,2902,267309,77,386053
14627,0.025886,172.31.40.0-255,66,267375,77,386053
14628,0.025916,172.217.194.0-255,2902,270277,77,386053
14629,0.02592,172.31.40.0-255,66,270343,77,386053
14630,0.028503,172.217.194.0-255,2902,273245,77,386053
14631,0.028511,172.31.40.0-255,66,273311,77,386053
14632,0.028541,172.217.194.0-255,1484,274795,77,386053
14633,0.028557,172.217.194.0-255,1484,276279,77,386053
14634,0.02856,172.31.40.0-255,66,276345,77,386053
14635,0.03114,172.217.194.0-255,2902,279247,77,386053
14636,0.031148,172.31.40.0-255,66,279313,77,386053
14637,0.031182,172.217.194.0-255,2902,282215,77,386053
14638,0.031185,172.31.40.0-255,66,282281,77,386053
14639,0.031844,172.31.40.0-255,172,282453,77,386053
14640,0.031874,172.31.40.0-255,1119,283572,77,386053
14641,0.031935,172.31.40.0-255,1514,285086,77,386053
14642,0.031937,172.31.40.0-255,1276,286362,77,386053
14643,0.033437,104.244.42.0-255,66,286428,77,386053
14644,0.03347,104.244.42.0-255,66,286494,77,386053
14645,0.033519,104.244.42.0-255,66,286560,77,386053
14646,0.033744,172.217.194.0-255,2902,289462,77,386053
14647,0.033749,172.31.40.0-255,66,289528,77,386053
14648,0.033779,172.217.194.0-255,2902,292430,77,386053
14649,0.033783,172.31.40.0-255,66,292496,77,386053
14650,0.036381,172.217.194.0-255,5738,298234,77,386053
14651,0.036389,172.31.40.0-255,66,298300,77,386053
14652,0.039013,172.217.194.0-255,5738,304038,77,386053
14653,0.03902,172.31.40.0-255,66,304104,77,386053
14654,0.041627,172.217.194.0-255,5738,309842,77,386053
14655,0.041634,172.31.40.0-255,66,309908,77,386053
14656,0.044311,172.217.194.0-255,5738,315646,77,386053
14657,0.044318,172.31.40.0-255,66,315712,77,386053
14658,0.046933,172.217.194.0-255,5738,321450,77,386053
14659,0.04694,172.31.40.0-255,66,321516,77,386053
14660,0.04957,172.217.194.0-255,5738,327254,77,386053
14661,0.049575,172.31.40.0-255,66,327320,77,386053
14662,0.052209,172.217.194.0-255,5738,333058,77,386053
14663,0.052222,172.31.40.0-255,66,333124,77,386053
14664,0.054835,172.217.194.0-255,5738,338862,77,386053
14665,0.054843,172.31.40.0-255,66,338928,77,386053
14666,0.057495,172.217.194.0-255,5738,344666,77,386053
14667,0.057503,172.31.40.0-255,66,344732,77,386053
14668,0.060096,172.217.194.0-255,5738,350470,77,386053
14669,0.060102,172.31.40.0-255,66,350536,77,386053
14670,0.062726,172.217.194.0-255,5738,356274,77,386053
14671,0.062733,172.31.40.0-255,66,356340,77,386053
14672,0.065357,172.217.194.0-255,5738,362078,77,386053
14673,0.065363,172.31.40.0-255,66,362144,77,386053
14674,0.068005,172.217.194.0-255,5738,367882,77,386053
14675,0.068012,172.31.40.0-255,66,367948,77,386053
14676,0.070627,172.217.194.0-255,5738,373686,77,386053
14677,0.070635,172.31.40.0-255,66,373752,77,386053
14678,0.073263,172.217.194.0-255,5738,379490,77,386053
14679,0.073269,172.31.40.0-255,66,379556,77,386053
14680,0.075904,172.217.194.0-255,5738,385294,77,386053
14681,0.07591,172.31.40.0-255,66,385360,77,386053
14682,0.078518,172.217.194.0-255,456,385816,77,386053
14683,0.078647,172.31.40.0-255,66,385882,77,386053
14684,0.078683,172.31.40.0-255,105,385987,77,386053
14685,0.08126,172.217.194.0-255,66,386053,77,386053
14686,0.0,74.125.200.0-255,152,152,77,423439
14687,2.3e-05,172.31.40.0-255,66,218,77,423439
14688,3e-05,74.125.200.0-255,1484,1702,77,423439
14689,3.4e-05,172.31.40.0-255,66,1768,77,423439
14690,7.1e-05,74.125.200.0-255,1484,3252,77,423439
14691,7.5e-05,172.31.40.0-255,66,3318,77,423439
14692,0.000112,74.125.200.0-255,2902,6220,77,423439
14693,0.000115,172.31.40.0-255,66,6286,77,423439
14694,0.000134,74.125.200.0-255,2902,9188,77,423439
14695,0.000136,172.31.40.0-255,66,9254,77,423439
14696,0.000171,74.125.200.0-255,1484,10738,77,423439
14697,0.000173,172.31.40.0-255,66,10804,77,423439
14698,0.000188,74.125.200.0-255,1484,12288,77,423439
14699,0.00019,172.31.40.0-255,66,12354,77,423439
14700,0.000205,74.125.200.0-255,1484,13838,77,423439
14701,0.000208,172.31.40.0-255,66,13904,77,423439
14702,0.00021,74.125.200.0-255,693,14597,77,423439
14703,0.000212,172.31.40.0-255,66,14663,77,423439
14704,0.000309,74.125.200.0-255,1484,16147,77,423439
14705,0.000313,172.31.40.0-255,66,16213,77,423439
14706,0.000352,74.125.200.0-255,2902,19115,77,423439
14707,0.000355,172.31.40.0-255,66,19181,77,423439
14708,0.000362,74.125.200.0-255,5738,24919,77,423439
14709,0.000364,172.31.40.0-255,66,24985,77,423439
14710,0.000368,74.125.200.0-255,2902,27887,77,423439
14711,0.000372,172.31.40.0-255,66,27953,77,423439
14712,0.000415,74.125.200.0-255,3961,31914,77,423439
14713,0.000418,172.31.40.0-255,66,31980,77,423439
14714,0.00045,74.125.200.0-255,1484,33464,77,423439
14715,0.000453,172.31.40.0-255,66,33530,77,423439
14716,0.000467,74.125.200.0-255,2902,36432,77,423439
14717,0.000469,172.31.40.0-255,66,36498,77,423439
14718,0.000496,74.125.200.0-255,4320,40818,77,423439
14719,0.000507,172.31.40.0-255,66,40884,77,423439
14720,0.000533,74.125.200.0-255,1484,42368,77,423439
14721,0.000551,74.125.200.0-255,5738,48106,77,423439
14722,0.000563,172.31.40.0-255,66,48172,77,423439
14723,0.00057,74.125.200.0-255,1125,49297,77,423439
14724,0.000661,74.125.200.0-255,1484,50781,77,423439
14725,0.000681,74.125.200.0-255,2902,53683,77,423439
14726,0.000684,172.31.40.0-255,66,53749,77,423439
14727,0.000692,172.31.40.0-255,66,53815,77,423439
14728,0.000704,74.125.200.0-255,2902,56717,77,423439
14729,0.000718,74.125.200.0-255,2902,59619,77,423439
14730,0.000726,172.31.40.0-255,66,59685,77,423439
14731,0.000733,74.125.200.0-255,1484,61169,77,423439
14732,0.000764,74.125.200.0-255,2902,64071,77,423439
14733,0.000779,74.125.200.0-255,2543,66614,77,423439
14734,0.000783,172.31.40.0-255,66,66680,77,423439
14735,0.000787,172.31.40.0-255,66,66746,77,423439
14736,0.000948,74.125.200.0-255,1484,68230,77,423439
14737,0.000964,74.125.200.0-255,2902,71132,77,423439
14738,0.000967,74.125.200.0-255,1484,72616,77,423439
14739,0.000983,74.125.200.0-255,1484,74100,77,423439
14740,0.000994,74.125.200.0-255,1484,75584,77,423439
14741,0.001029,74.125.200.0-255,1484,77068,77,423439
14742,0.001054,74.125.200.0-255,2902,79970,77,423439
14743,0.001085,74.125.200.0-255,2902,82872,77,423439
14744,0.001118,74.125.200.0-255,3961,86833,77,423439
14745,0.001121,74.125.200.0-255,1484,88317,77,423439
14746,0.001134,74.125.200.0-255,1484,89801,77,423439
14747,0.001155,74.125.200.0-255,2902,92703,77,423439
14748,0.001169,74.125.200.0-255,1484,94187,77,423439
14749,0.001183,74.125.200.0-255,5738,99925,77,423439
14750,0.001197,74.125.200.0-255,1484,101409,77,423439
14751,0.001218,74.125.200.0-255,8574,109983,77,423439
14752,0.001229,74.125.200.0-255,2902,112885,77,423439
14753,0.001272,74.125.200.0-255,1484,114369,77,423439
14754,0.001288,74.125.200.0-255,3602,117971,77,423439
14755,0.001347,74.125.200.0-255,1484,119455,77,423439
14756,0.001363,74.125.200.0-255,2902,122357,77,423439
14757,0.001387,74.125.200.0-255,5738,128095,77,423439
14758,0.001425,74.125.200.0-255,1484,129579,77,423439
14759,0.001446,74.125.200.0-255,2902,132481,77,423439
14760,0.001466,74.125.200.0-255,2902,135383,77,423439
14761,0.001481,74.125.200.0-255,2902,138285,77,423439
14762,0.001499,74.125.200.0-255,2902,141187,77,423439
14763,0.001516,74.125.200.0-255,2902,144089,77,423439
14764,0.001541,74.125.200.0-255,7156,151245,77,423439
14765,0.001544,74.125.200.0-255,766,152011,77,423439
14766,0.001631,74.125.200.0-255,1484,153495,77,423439
14767,0.001651,74.125.200.0-255,2902,156397,77,423439
14768,0.001671,74.125.200.0-255,1484,157881,77,423439
14769,0.001686,74.125.200.0-255,4320,162201,77,423439
14770,0.001689,74.125.200.0-255,1484,163685,77,423439
14771,0.001702,74.125.200.0-255,1484,165169,77,423439
14772,0.001705,74.125.200.0-255,1484,166653,77,423439
14773,0.001723,74.125.200.0-255,2902,169555,77,423439
14774,0.001748,74.125.200.0-255,4320,173875,77,423439
14775,0.001766,74.125.200.0-255,2902,176777,77,423439
14776,0.001769,74.125.200.0-255,1484,178261,77,423439
14777,0.001793,74.125.200.0-255,7156,185417,77,423439
14778,0.001816,74.125.200.0-255,766,186183,77,423439
14779,0.005782,172.31.40.0-255,66,186249,77,423439
14780,0.007864,74.125.200.0-255,5738,191987,77,423439
14781,0.007872,172.31.40.0-255,66,192053,77,423439
14782,0.009913,74.125.200.0-255,5738,197791,77,423439
14783,0.010049,172.31.40.0-255,66,197857,77,423439
14784,0.012135,74.125.200.0-255,5738,203595,77,423439
14785,0.012143,172.31.40.0-255,66,203661,77,423439
14786,0.014197,74.125.200.0-255,5738,209399,77,423439
14787,0.014209,172.31.40.0-255,66,209465,77,423439
14788,0.016257,74.125.200.0-255,5738,215203,77,423439
14789,0.016268,172.31.40.0-255,66,215269,77,423439
14790,0.018324,74.125.200.0-255,5738,221007,77,423439
14791,0.018332,172.31.40.0-255,66,221073,77,423439
14792,0.020367,74.125.200.0-255,5738,226811,77,423439
14793,0.020374,172.31.40.0-255,66,226877,77,423439
14794,0.022422,74.125.200.0-255,5738,232615,77,423439
14795,0.022435,172.31.40.0-255,66,232681,77,423439
14796,0.024492,74.125.200.0-255,5738,238419,77,423439
14797,0.024499,172.31.40.0-255,66,238485,77,423439
14798,0.026549,74.125.200.0-255,5738,244223,77,423439
14799,0.02656,172.31.40.0-255,66,244289,77,423439
14800,0.028594,74.125.200.0-255,5738,250027,77,423439
14801,0.0286,172.31.40.0-255,66,250093,77,423439
14802,0.02963,172.31.40.0-255,172,250265,77,423439
14803,0.029663,172.31.40.0-255,1120,251385,77,423439
14804,0.029733,172.31.40.0-255,1514,252899,77,423439
14805,0.029735,172.31.40.0-255,1514,254413,77,423439
14806,0.02974,172.31.40.0-255,1514,255927,77,423439
14807,0.029741,172.31.40.0-255,1055,256982,77,423439
14808,0.030643,74.125.200.0-255,5738,262720,77,423439
14809,0.030651,172.31.40.0-255,66,262786,77,423439
14810,0.031172,104.244.42.0-255,66,262852,77,423439
14811,0.03122,104.244.42.0-255,66,262918,77,423439
14812,0.031362,104.244.42.0-255,66,262984,77,423439
14813,0.031367,104.244.42.0-255,66,263050,77,423439
14814,0.032693,74.125.200.0-255,5738,268788,77,423439
14815,0.033012,172.31.40.0-255,66,268854,77,423439
14816,0.035075,74.125.200.0-255,5738,274592,77,423439
14817,0.035091,172.31.40.0-255,66,274658,77,423439
14818,0.037148,74.125.200.0-255,5738,280396,77,423439
14819,0.037164,172.31.40.0-255,66,280462,77,423439
14820,0.039236,74.125.200.0-255,5738,286200,77,423439
14821,0.039251,172.31.40.0-255,66,286266,77,423439
14822,0.041306,74.125.200.0-255,5738,292004,77,423439
14823,0.041317,172.31.40.0-255,66,292070,77,423439
14824,0.043374,74.125.200.0-255,5738,297808,77,423439
14825,0.043391,172.31.40.0-255,66,297874,77,423439
14826,0.04544,74.125.200.0-255,5738,303612,77,423439
14827,0.045451,172.31.40.0-255,66,303678,77,423439
14828,0.047496,74.125.200.0-255,5738,309416,77,423439
14829,0.04751,172.31.40.0-255,66,309482,77,423439
14830,0.049567,74.125.200.0-255,5738,315220,77,423439
14831,0.049584,172.31.40.0-255,66,315286,77,423439
14832,0.051637,74.125.200.0-255,5738,321024,77,423439
14833,0.051644,172.31.40.0-255,66,321090,77,423439
14834,0.0537,74.125.200.0-255,5738,326828,77,423439
14835,0.05371,172.31.40.0-255,66,326894,77,423439
14836,0.05576,74.125.200.0-255,5738,332632,77,423439
14837,0.055765,172.31.40.0-255,66,332698,77,423439
14838,0.057809,74.125.200.0-255,5738,338436,77,423439
14839,0.057815,172.31.40.0-255,66,338502,77,423439
14840,0.059858,74.125.200.0-255,5738,344240,77,423439
14841,0.059865,172.31.40.0-255,66,344306,77,423439
14842,0.061911,74.125.200.0-255,5738,350044,77,423439
14843,0.061918,172.31.40.0-255,66,350110,77,423439
14844,0.063964,74.125.200.0-255,5738,355848,77,423439
14845,0.063971,172.31.40.0-255,66,355914,77,423439
14846,0.066014,74.125.200.0-255,5738,361652,77,423439
14847,0.066021,172.31.40.0-255,66,361718,77,423439
14848,0.06811,74.125.200.0-255,5738,367456,77,423439
14849,0.068117,172.31.40.0-255,66,367522,77,423439
14850,0.070162,74.125.200.0-255,5738,373260,77,423439
14851,0.07017,172.31.40.0-255,66,373326,77,423439
14852,0.072221,74.125.200.0-255,5738,379064,77,423439
14853,0.072228,172.31.40.0-255,66,379130,77,423439
14854,0.074276,74.125.200.0-255,5738,384868,77,423439
14855,0.074282,172.31.40.0-255,66,384934,77,423439
14856,0.076371,74.125.200.0-255,5738,390672,77,423439
14857,0.076378,172.31.40.0-255,66,390738,77,423439
14858,0.078434,74.125.200.0-255,5738,396476,77,423439
14859,0.078441,172.31.40.0-255,66,396542,77,423439
14860,0.080498,74.125.200.0-255,5738,402280,77,423439
14861,0.080506,172.31.40.0-255,66,402346,77,423439
14862,0.08256,74.125.200.0-255,5738,408084,77,423439
14863,0.082567,172.31.40.0-255,66,408150,77,423439
14864,0.084613,74.125.200.0-255,5738,413888,77,423439
14865,0.084625,172.31.40.0-255,66,413954,77,423439
14866,0.086703,74.125.200.0-255,5738,419692,77,423439
14867,0.086712,172.31.40.0-255,66,419758,77,423439
14868,0.088756,74.125.200.0-255,3444,423202,77,423439
14869,0.088763,172.31.40.0-255,66,423268,77,423439
14870,0.088959,172.31.40.0-255,105,423373,77,423439
14871,0.090967,74.125.200.0-255,66,423439,77,423439
14872,0.0,74.125.130.0-255,147,147,77,421258
14873,1.4e-05,172.31.40.0-255,66,213,77,421258
14874,3.5e-05,74.125.130.0-255,1484,1697,77,421258
14875,3.9e-05,172.31.40.0-255,66,1763,77,421258
14876,5.9e-05,74.125.130.0-255,2902,4665,77,421258
14877,6.2e-05,172.31.40.0-255,66,4731,77,421258
14878,9.6e-05,74.125.130.0-255,2902,7633,77,421258
14879,9.9e-05,172.31.40.0-255,66,7699,77,421258
14880,0.000122,74.125.130.0-255,1484,9183,77,421258
14881,0.000126,172.31.40.0-255,66,9249,77,421258
14882,0.000129,74.125.130.0-255,1484,10733,77,421258
14883,0.000131,172.31.40.0-255,66,10799,77,421258
14884,0.000156,74.125.130.0-255,1484,12283,77,421258
14885,0.000159,172.31.40.0-255,66,12349,77,421258
14886,0.000177,74.125.130.0-255,1484,13833,77,421258
14887,0.000179,172.31.40.0-255,66,13899,77,421258
14888,0.000182,74.125.130.0-255,565,14464,77,421258
14889,0.000185,172.31.40.0-255,66,14530,77,421258
14890,0.000211,74.125.130.0-255,1484,16014,77,421258
14891,0.000214,172.31.40.0-255,66,16080,77,421258
14892,0.000228,74.125.130.0-255,2902,18982,77,421258
14893,0.00023,172.31.40.0-255,66,19048,77,421258
14894,0.000233,74.125.130.0-255,1484,20532,77,421258
14895,0.000236,172.31.40.0-255,66,20598,77,421258
14896,0.00026,74.125.130.0-255,2902,23500,77,421258
14897,0.000264,172.31.40.0-255,66,23566,77,421258
14898,0.000287,74.125.130.0-255,1484,25050,77,421258
14899,0.000289,172.31.40.0-255,66,25116,77,421258
14900,0.000317,74.125.130.0-255,6797,31913,77,421258
14901,0.000319,172.31.40.0-255,66,31979,77,421258
14902,0.000447,74.125.130.0-255,1484,33463,77,421258
14903,0.000451,172.31.40.0-255,66,33529,77,421258
14904,0.000485,74.125.130.0-255,2902,36431,77,421258
14905,0.000488,172.31.40.0-255,66,36497,77,421258
14906,0.000493,74.125.130.0-255,2902,39399,77,421258
14907,0.000495,172.31.40.0-255,66,39465,77,421258
14908,0.0005,74.125.130.0-255,4320,43785,77,421258
14909,0.000503,172.31.40.0-255,66,43851,77,421258
14910,0.000535,74.125.130.0-255,4320,48171,77,421258
14911,0.000538,172.31.40.0-255,66,48237,77,421258
14912,0.000555,74.125.130.0-255,2543,50780,77,421258
14913,0.000558,172.31.40.0-255,66,50846,77,421258
14914,0.000583,74.125.130.0-255,7156,58002,77,421258
14915,0.000586,172.31.40.0-255,66,58068,77,421258
14916,0.000591,74.125.130.0-255,4320,62388,77,421258
14917,0.000594,172.31.40.0-255,66,62454,77,421258
14918,0.000635,74.125.130.0-255,4252,66706,77,421258
14919,0.000637,172.31.40.0-255,66,66772,77,421258
14920,0.000669,74.125.130.0-255,99,66871,77,421258
14921,0.000804,74.125.130.0-255,1484,68355,77,421258
14922,0.000808,172.31.40.0-255,66,68421,77,421258
14923,0.000813,74.125.130.0-255,2902,71323,77,421258
14924,0.000815,172.31.40.0-255,66,71389,77,421258
14925,0.000842,74.125.130.0-255,4320,75709,77,421258
14926,0.000845,172.31.40.0-255,66,75775,77,421258
14927,0.00085,74.125.130.0-255,2902,78677,77,421258
14928,0.000852,172.31.40.0-255,66,78743,77,421258
14929,0.000866,74.125.130.0-255,2902,81645,77,421258
14930,0.000869,172.31.40.0-255,66,81711,77,421258
14931,0.000886,74.125.130.0-255,5738,87449,77,421258
14932,0.000889,172.31.40.0-255,66,87515,77,421258
14933,0.000913,74.125.130.0-255,5738,93253,77,421258
14934,0.000917,172.31.40.0-255,66,93319,77,421258
14935,0.000921,74.125.130.0-255,2902,96221,77,421258
14936,0.000922,172.31.40.0-255,66,96287,77,421258
14937,0.000927,74.125.130.0-255,4320,100607,77,421258
14938,0.000929,172.31.40.0-255,66,100673,77,421258
14939,0.000932,74.125.130.0-255,766,101439,77,421258
14940,0.001034,74.125.130.0-255,362,101801,77,421258
14941,0.001073,74.125.130.0-255,1484,103285,77,421258
14942,0.001077,172.31.40.0-255,66,103351,77,421258
14943,0.001112,74.125.130.0-255,1484,104835,77,421258
14944,0.00113,74.125.130.0-255,2902,107737,77,421258
14945,0.001133,172.31.40.0-255,66,107803,77,421258
14946,0.001156,74.125.130.0-255,4320,112123,77,421258
14947,0.001159,172.31.40.0-255,66,112189,77,421258
14948,0.001166,74.125.130.0-255,5738,117927,77,421258
14949,0.001168,172.31.40.0-255,66,117993,77,421258
14950,0.001214,74.125.130.0-255,7156,125149,77,421258
14951,0.001217,172.31.40.0-255,66,125215,77,421258
14952,0.001243,74.125.130.0-255,1484,126699,77,421258
14953,0.001273,74.125.130.0-255,2902,129601,77,421258
14954,0.001278,172.31.40.0-255,66,129667,77,421258
14955,0.001299,74.125.130.0-255,5738,135405,77,421258
14956,0.001302,172.31.40.0-255,66,135471,77,421258
14957,0.00136,74.125.130.0-255,766,136237,77,421258
14958,0.001502,74.125.130.0-255,1484,137721,77,421258
14959,0.001506,172.31.40.0-255,66,137787,77,421258
14960,0.001511,74.125.130.0-255,2902,140689,77,421258
14961,0.001513,172.31.40.0-255,66,140755,77,421258
14962,0.001536,74.125.130.0-255,4320,145075,77,421258
14963,0.001538,172.31.40.0-255,66,145141,77,421258
14964,0.001559,74.125.130.0-255,1484,146625,77,421258
14965,0.001572,74.125.130.0-255,1484,148109,77,421258
14966,0.001575,172.31.40.0-255,66,148175,77,421258
14967,0.001594,74.125.130.0-255,1484,149659,77,421258
14968,0.001604,74.125.130.0-255,1484,151143,77,421258
14969,0.001606,172.31.40.0-255,66,151209,77,421258
14970,0.001668,74.125.130.0-255,2902,154111,77,421258
14971,0.001672,172.31.40.0-255,66,154177,77,421258
14972,0.001678,74.125.130.0-255,4320,158497,77,421258
14973,0.00168,172.31.40.0-255,66,158563,77,421258
14974,0.001684,74.125.130.0-255,2902,161465,77,421258
14975,0.001686,172.31.40.0-255,66,161531,77,421258
14976,0.001718,74.125.130.0-255,5738,167269,77,421258
14977,0.001721,74.125.130.0-255,2902,170171,77,421258
14978,0.001725,172.31.40.0-255,66,170237,77,421258
14979,0.001728,172.31.40.0-255,66,170303,77,421258
14980,0.001745,74.125.130.0-255,766,171069,77,421258
14981,0.001889,74.125.130.0-255,1484,172553,77,421258
14982,0.001893,172.31.40.0-255,66,172619,77,421258
14983,0.001898,74.125.130.0-255,2902,175521,77,421258
14984,0.001901,172.31.40.0-255,66,175587,77,421258
14985,0.001953,74.125.130.0-255,5738,181325,77,421258
14986,0.001956,172.31.40.0-255,66,181391,77,421258
14987,0.001963,74.125.130.0-255,5738,187129,77,421258
14988,0.001965,172.31.40.0-255,66,187195,77,421258
14989,0.001985,74.125.130.0-255,7156,194351,77,421258
14990,0.001989,172.31.40.0-255,66,194417,77,421258
14991,0.00201,74.125.130.0-255,4320,198737,77,421258
14992,0.002013,172.31.40.0-255,66,198803,77,421258
14993,0.00204,74.125.130.0-255,6438,205241,77,421258
14994,0.002042,172.31.40.0-255,66,205307,77,421258
14995,0.00213,74.125.130.0-255,1484,206791,77,421258
14996,0.002144,74.125.130.0-255,2902,209693,77,421258
14997,0.002148,172.31.40.0-255,66,209759,77,421258
14998,0.002165,74.125.130.0-255,1484,211243,77,421258
14999,0.002169,74.125.130.0-255,1484,212727,77,421258
15000,0.002171,172.31.40.0-255,66,212793,77,421258
15001,0.002194,74.125.130.0-255,1484,214277,77,421258
15002,0.002201,74.125.130.0-255,5738,220015,77,421258
15003,0.002203,172.31.40.0-255,66,220081,77,421258
15004,0.002231,74.125.130.0-255,9992,230073,77,421258
15005,0.002247,74.125.130.0-255,2902,232975,77,421258
15006,0.002257,172.31.40.0-255,66,233041,77,421258
15007,0.002281,74.125.130.0-255,7856,240897,77,421258
15008,0.002284,74.125.130.0-255,1484,242381,77,421258
15009,0.00229,172.31.40.0-255,66,242447,77,421258
15010,0.002326,74.125.130.0-255,1484,243931,77,421258
15011,0.002352,74.125.130.0-255,1484,245415,77,421258
15012,0.002363,172.31.40.0-255,66,245481,77,421258
15013,0.00239,74.125.130.0-255,1484,246965,77,421258
15014,0.002425,74.125.130.0-255,2902,249867,77,421258
15015,0.002428,172.31.40.0-255,66,249933,77,421258
15016,0.002432,74.125.130.0-255,1484,251417,77,421258
15017,0.002451,74.125.130.0-255,2902,254319,77,421258
15018,0.002479,74.125.130.0-255,2902,257221,77,421258
15019,0.002498,74.125.130.0-255,2902,260123,77,421258
15020,0.002521,74.125.130.0-255,1484,261607,77,421258
15021,0.002576,74.125.130.0-255,1484,263091,77,421258
15022,0.002598,74.125.130.0-255,2902,265993,77,421258
15023,0.002631,74.125.130.0-255,1484,267477,77,421258
15024,0.00265,74.125.130.0-255,4320,271797,77,421258
15025,0.002675,74.125.130.0-255,2184,273981,77,421258
15026,0.002774,74.125.130.0-255,1484,275465,77,421258
15027,0.002779,74.125.130.0-255,2902,278367,77,421258
15028,0.002796,74.125.130.0-255,1484,279851,77,421258
15029,0.002811,74.125.130.0-255,4320,284171,77,421258
15030,0.002835,74.125.130.0-255,5738,289909,77,421258
15031,0.002839,74.125.130.0-255,1484,291393,77,421258
15032,0.002853,74.125.130.0-255,1484,292877,77,421258
15033,0.002873,74.125.130.0-255,7156,300033,77,421258
15034,0.002878,74.125.130.0-255,4320,304353,77,421258
15035,0.002899,74.125.130.0-255,3602,307955,77,421258
15036,0.003094,74.125.130.0-255,1484,309439,77,421258
15037,0.003099,74.125.130.0-255,1484,310923,77,421258
15038,0.003112,74.125.130.0-255,1484,312407,77,421258
15039,0.003131,74.125.130.0-255,5738,318145,77,421258
15040,0.003149,74.125.130.0-255,5738,323883,77,421258
15041,0.003168,74.125.130.0-255,1484,325367,77,421258
15042,0.003182,74.125.130.0-255,2902,328269,77,421258
15043,0.003204,74.125.130.0-255,2902,331171,77,421258
15044,0.003207,74.125.130.0-255,1484,332655,77,421258
15045,0.003214,74.125.130.0-255,7156,339811,77,421258
15046,0.003229,74.125.130.0-255,1484,341295,77,421258
15047,0.003231,74.125.130.0-255,766,342061,77,421258
15048,0.003256,74.125.130.0-255,1484,343545,77,421258
15049,0.003274,74.125.130.0-255,1484,345029,77,421258
15050,0.003277,74.125.130.0-255,1484,346513,77,421258
15051,0.003307,74.125.130.0-255,1484,347997,77,421258
15052,0.003313,74.125.130.0-255,5738,353735,77,421258
15053,0.003365,74.125.130.0-255,5738,359473,77,421258
15054,0.0034,74.125.130.0-255,7156,366629,77,421258
15055,0.003411,74.125.130.0-255,9274,375903,77,421258
15056,0.003416,74.125.130.0-255,4320,380223,77,421258
15057,0.003442,74.125.130.0-255,4320,384543,77,421258
15058,0.00346,74.125.130.0-255,2902,387445,77,421258
15059,0.003479,74.125.130.0-255,2902,390347,77,421258
15060,0.003484,74.125.130.0-255,4320,394667,77,421258
15061,0.003488,74.125.130.0-255,2902,397569,77,421258
15062,0.003491,74.125.130.0-255,1484,399053,77,421258
15063,0.003507,74.125.130.0-255,1484,400537,77,421258
15064,0.003529,74.125.130.0-255,2902,403439,77,421258
15065,0.00355,74.125.130.0-255,6438,409877,77,421258
15066,0.003553,74.125.130.0-255,1484,411361,77,421258
15067,0.003576,74.125.130.0-255,4320,415681,77,421258
15068,0.003593,74.125.130.0-255,1951,417632,77,421258
15069,0.003596,74.125.130.0-255,97,417729,77,421258
15070,0.003642,74.125.130.0-255,105,417834,77,421258
15071,0.007371,172.31.40.0-255,66,417900,77,421258
15072,0.009326,172.31.40.0-255,105,418005,77,421258
15073,0.011649,74.125.130.0-255,66,418071,77,421258
15074,0.029034,172.31.40.0-255,167,418238,77,421258
15075,0.029063,172.31.40.0-255,1120,419358,77,421258
15076,0.02912,172.31.40.0-255,1514,420872,77,421258
15077,0.029122,172.31.40.0-255,320,421192,77,421258
15078,0.031162,104.244.42.0-255,66,421258,77,421258
15079,0.0,74.125.24.0-255,150,150,77,422850
15080,2.4e-05,172.31.40.0-255,66,216,77,422850
15081,3e-05,74.125.24.0-255,1484,1700,77,422850
15082,3.5e-05,172.31.40.0-255,66,1766,77,422850
15083,4e-05,74.125.24.0-255,2902,4668,77,422850
15084,5.6e-05,172.31.40.0-255,66,4734,77,422850
15085,6.4e-05,74.125.24.0-255,7156,11890,77,422850
15086,6.7e-05,172.31.40.0-255,66,11956,77,422850
15087,7.3e-05,74.125.24.0-255,3557,15513,77,422850
15088,7.6e-05,172.31.40.0-255,66,15579,77,422850
15089,8.2e-05,74.125.24.0-255,4320,19899,77,422850
15090,8.5e-05,172.31.40.0-255,66,19965,77,422850
15091,9.4e-05,74.125.24.0-255,9992,29957,77,422850
15092,9.7e-05,172.31.40.0-255,66,30023,77,422850
15093,9.9e-05,74.125.24.0-255,1125,31148,77,422850
15094,0.000101,172.31.40.0-255,66,31214,77,422850
15095,0.000163,74.125.24.0-255,1484,32698,77,422850
15096,0.000166,172.31.40.0-255,66,32764,77,422850
15097,0.000178,74.125.24.0-255,2902,35666,77,422850
15098,0.000181,172.31.40.0-255,66,35732,77,422850
15099,0.000184,74.125.24.0-255,1484,37216,77,422850
15100,0.000186,172.31.40.0-255,66,37282,77,422850
15101,0.000209,74.125.24.0-255,4320,41602,77,422850
15102,0.000212,172.31.40.0-255,66,41668,77,422850
15103,0.000217,74.125.24.0-255,4320,45988,77,422850
15104,0.00022,172.31.40.0-255,66,46054,77,422850
15105,0.000245,74.125.24.0-255,7156,53210,77,422850
15106,0.000248,172.31.40.0-255,66,53276,77,422850
15107,0.000273,74.125.24.0-255,5379,58655,77,422850
15108,0.000277,172.31.40.0-255,66,58721,77,422850
15109,0.000284,74.125.24.0-255,7067,65788,77,422850
15110,0.000287,172.31.40.0-255,66,65854,77,422850
15111,0.000289,74.125.24.0-255,134,65988,77,422850
15112,0.000293,74.125.24.0-255,349,66337,77,422850
15113,0.000635,74.125.24.0-255,1484,67821,77,422850
15114,0.000641,172.31.40.0-255,66,67887,77,422850
15115,0.000648,74.125.24.0-255,2902,70789,77,422850
15116,0.000651,172.31.40.0-255,66,70855,77,422850
15117,0.000657,74.125.24.0-255,5738,76593,77,422850
15118,0.00066,172.31.40.0-255,66,76659,77,422850
15119,0.000664,74.125.24.0-255,2902,79561,77,422850
15120,0.000666,172.31.40.0-255,66,79627,77,422850
15121,0.000686,74.125.24.0-255,4320,83947,77,422850
15122,0.000688,172.31.40.0-255,66,84013,77,422850
15123,0.000697,74.125.24.0-255,8574,92587,77,422850
15124,0.00071,172.31.40.0-255,66,92653,77,422850
15125,0.000723,74.125.24.0-255,5738,98391,77,422850
15126,0.000726,74.125.24.0-255,2184,100575,77,422850
15127,0.00074,172.31.40.0-255,66,100641,77,422850
15128,0.0011,74.125.24.0-255,1484,102125,77,422850
15129,0.001105,74.125.24.0-255,1484,103609,77,422850
15130,0.001108,172.31.40.0-255,66,103675,77,422850
15131,0.001128,74.125.24.0-255,1484,105159,77,422850
15132,0.001136,74.125.24.0-255,5738,110897,77,422850
15133,0.001138,172.31.40.0-255,66,110963,77,422850
15134,0.00115,74.125.24.0-255,12828,123791,77,422850
15135,0.001152,172.31.40.0-255,66,123857,77,422850
15136,0.001161,74.125.24.0-255,8574,132431,77,422850
15137,0.001163,172.31.40.0-255,66,132497,77,422850
15138,0.001176,74.125.24.0-255,1484,133981,77,422850
15139,0.001194,74.125.24.0-255,766,134747,77,422850
15140,0.001197,172.31.40.0-255,66,134813,77,422850
15141,0.001244,74.125.24.0-255,1484,136297,77,422850
15142,0.00127,74.125.24.0-255,2902,139199,77,422850
15143,0.001274,172.31.40.0-255,66,139265,77,422850
15144,0.001304,74.125.24.0-255,2902,142167,77,422850
15145,0.001306,172.31.40.0-255,66,142233,77,422850
15146,0.001329,74.125.24.0-255,2902,145135,77,422850
15147,0.001331,172.31.40.0-255,66,145201,77,422850
15148,0.001342,74.125.24.0-255,12828,158029,77,422850
15149,0.001348,74.125.24.0-255,5738,163767,77,422850
15150,0.001351,172.31.40.0-255,66,163833,77,422850
15151,0.00138,74.125.24.0-255,5020,168853,77,422850
15152,0.001387,74.125.24.0-255,5738,174591,77,422850
15153,0.00139,74.125.24.0-255,1484,176075,77,422850
15154,0.001394,172.31.40.0-255,66,176141,77,422850
15155,0.001429,74.125.24.0-255,11410,187551,77,422850
15156,0.00144,74.125.24.0-255,12828,200379,77,422850
15157,0.001459,172.31.40.0-255,66,200445,77,422850
15158,0.001463,74.125.24.0-255,2184,202629,77,422850
15159,0.001468,172.31.40.0-255,66,202695,77,422850
15160,0.001736,74.125.24.0-255,1484,204179,77,422850
15161,0.001743,74.125.24.0-255,2902,207081,77,422850
15162,0.001746,172.31.40.0-255,66,207147,77,422850
15163,0.001751,74.125.24.0-255,2902,210049,77,422850
15164,0.001758,172.31.40.0-255,66,210115,77,422850
15165,0.001767,74.125.24.0-255,2902,213017,77,422850
15166,0.001772,172.31.40.0-255,66,213083,77,422850
15167,0.001784,74.125.24.0-255,7156,220239,77,422850
15168,0.001802,74.125.24.0-255,5738,225977,77,422850
15169,0.001805,74.125.24.0-255,1484,227461,77,422850
15170,0.00182,172.31.40.0-255,66,227527,77,422850
15171,0.001829,74.125.24.0-255,9274,236801,77,422850
15172,0.001833,172.31.40.0-255,66,236867,77,422850
15173,0.001861,74.125.24.0-255,1484,238351,77,422850
15174,0.001865,74.125.24.0-255,1484,239835,77,422850
15175,0.001869,172.31.40.0-255,66,239901,77,422850
15176,0.001888,74.125.24.0-255,1484,241385,77,422850
15177,0.001894,74.125.24.0-255,5738,247123,77,422850
15178,0.001899,172.31.40.0-255,66,247189,77,422850
15179,0.001908,74.125.24.0-255,4320,251509,77,422850
15180,0.001913,172.31.40.0-255,66,251575,77,422850
15181,0.001939,74.125.24.0-255,8574,260149,77,422850
15182,0.001942,74.125.24.0-255,1484,261633,77,422850
15183,0.001959,74.125.24.0-255,5738,267371,77,422850
15184,0.001965,172.31.40.0-255,66,267437,77,422850
15185,0.001977,74.125.24.0-255,3602,271039,77,422850
15186,0.002001,172.31.40.0-255,66,271105,77,422850
15187,0.002047,74.125.24.0-255,1484,272589,77,422850
15188,0.002063,74.125.24.0-255,2902,275491,77,422850
15189,0.002078,74.125.24.0-255,5738,281229,77,422850
15190,0.002084,172.31.40.0-255,66,281295,77,422850
15191,0.002126,74.125.24.0-255,11410,292705,77,422850
15192,0.002141,172.31.40.0-255,66,292771,77,422850
15193,0.004239,74.125.24.0-255,5738,298509,77,422850
15194,0.004249,172.31.40.0-255,66,298575,77,422850
15195,0.006373,74.125.24.0-255,5738,304313,77,422850
15196,0.006387,172.31.40.0-255,66,304379,77,422850
15197,0.008472,74.125.24.0-255,5738,310117,77,422850
15198,0.008483,172.31.40.0-255,66,310183,77,422850
15199,0.010593,74.125.24.0-255,5738,315921,77,422850
15200,0.010597,172.31.40.0-255,66,315987,77,422850
15201,0.012689,74.125.24.0-255,5738,321725,77,422850
15202,0.012696,172.31.40.0-255,66,321791,77,422850
15203,0.014827,74.125.24.0-255,5738,327529,77,422850
15204,0.014837,172.31.40.0-255,66,327595,77,422850
15205,0.016918,74.125.24.0-255,5738,333333,77,422850
15206,0.016933,172.31.40.0-255,66,333399,77,422850
15207,0.01905,74.125.24.0-255,5738,339137,77,422850
15208,0.019062,172.31.40.0-255,66,339203,77,422850
15209,0.021133,74.125.24.0-255,5738,344941,77,422850
15210,0.021142,172.31.40.0-255,66,345007,77,422850
15211,0.023251,74.125.24.0-255,5738,350745,77,422850
15212,0.023259,172.31.40.0-255,66,350811,77,422850
15213,0.025385,74.125.24.0-255,5738,356549,77,422850
15214,0.025398,172.31.40.0-255,66,356615,77,422850
15215,0.02749,74.125.24.0-255,5738,362353,77,422850
15216,0.027499,172.31.40.0-255,66,362419,77,422850
15217,0.029612,74.125.24.0-255,5738,368157,77,422850
15218,0.02962,172.31.40.0-255,66,368223,77,422850
15219,0.031713,74.125.24.0-255,5738,373961,77,422850
15220,0.03173,172.31.40.0-255,66,374027,77,422850
15221,0.033829,74.125.24.0-255,5738,379765,77,422850
15222,0.033837,172.31.40.0-255,66,379831,77,422850
15223,0.035907,74.125.24.0-255,5738,385569,77,422850
15224,0.035913,172.31.40.0-255,66,385635,77,422850
15225,0.037999,74.125.24.0-255,5738,391373,77,422850
15226,0.038008,172.31.40.0-255,66,391439,77,422850
15227,0.040107,74.125.24.0-255,5738,397177,77,422850
15228,0.040131,172.31.40.0-255,66,397243,77,422850
15229,0.042212,74.125.24.0-255,5738,402981,77,422850
15230,0.042221,172.31.40.0-255,66,403047,77,422850
15231,0.044305,74.125.24.0-255,5738,408785,77,422850
15232,0.044314,172.31.40.0-255,66,408851,77,422850
15233,0.046452,74.125.24.0-255,4602,413453,77,422850
15234,0.046462,172.31.40.0-255,66,413519,77,422850
15235,0.04669,172.31.40.0-255,105,413624,77,422850
15236,0.048745,74.125.24.0-255,66,413690,77,422850
15237,0.058993,172.31.40.0-255,241,413931,77,422850
15238,0.059035,172.31.40.0-255,1121,415052,77,422850
15239,0.059214,172.31.40.0-255,1514,416566,77,422850
15240,0.059216,172.31.40.0-255,1514,418080,77,422850
15241,0.059222,172.31.40.0-255,1514,419594,77,422850
15242,0.059223,172.31.40.0-255,1514,421108,77,422850
15243,0.059251,172.31.40.0-255,1478,422586,77,422850
15244,0.060544,104.244.42.0-255,66,422652,77,422850
15245,0.060574,104.244.42.0-255,66,422718,77,422850
15246,0.060774,104.244.42.0-255,66,422784,77,422850
15247,0.060818,104.244.42.0-255,66,422850,77,422850
15248,0.0,172.31.40.0-255,105,105,77,459
15249,0.000235,172.31.40.0-255,90,195,77,459
15250,0.000244,172.31.40.0-255,66,261,77,459
15251,0.002822,74.125.24.0-255,66,327,77,459
15252,0.002846,74.125.24.0-255,66,393,77,459
15253,0.002866,172.31.40.0-255,66,459,77,459
15254,0.0,74.125.24.0-255,153,153,77,384251
15255,1.9e-05,172.31.40.0-255,66,219,77,384251
15256,2.6e-05,74.125.24.0-255,1484,1703,77,384251
15257,2.9e-05,172.31.40.0-255,66,1769,77,384251
15258,3.4e-05,74.125.24.0-255,2902,4671,77,384251
15259,3.7e-05,172.31.40.0-255,66,4737,77,384251
15260,4.4e-05,74.125.24.0-255,7156,11893,77,384251
15261,4.7e-05,172.31.40.0-255,66,11959,77,384251
15262,4.9e-05,74.125.24.0-255,1484,13443,77,384251
15263,5.2e-05,172.31.40.0-255,66,13509,77,384251
15264,9.9e-05,172.31.40.0-255,66,13575,77,384251
15265,0.000103,74.125.24.0-255,2543,16118,77,384251
15266,0.000105,172.31.40.0-255,66,16184,77,384251
15267,0.000462,74.125.24.0-255,1484,17668,77,384251
15268,0.000466,172.31.40.0-255,66,17734,77,384251
15269,0.000472,74.125.24.0-255,2902,20636,77,384251
15270,0.000473,172.31.40.0-255,66,20702,77,384251
15271,0.000486,74.125.24.0-255,4320,25022,77,384251
15272,0.000488,172.31.40.0-255,66,25088,77,384251
15273,0.000508,74.125.24.0-255,1484,26572,77,384251
15274,0.00051,172.31.40.0-255,66,26638,77,384251
15275,0.000512,74.125.24.0-255,1484,28122,77,384251
15276,0.000514,172.31.40.0-255,66,28188,77,384251
15277,0.000554,74.125.24.0-255,11051,39239,77,384251
15278,0.000558,74.125.24.0-255,2902,42141,77,384251
15279,0.000561,172.31.40.0-255,66,42207,77,384251
15280,0.000564,172.31.40.0-255,66,42273,77,384251
15281,0.000591,74.125.24.0-255,8490,50763,77,384251
15282,0.0006,172.31.40.0-255,66,50829,77,384251
15283,0.000851,74.125.24.0-255,380,51209,77,384251
15284,0.000855,172.31.40.0-255,66,51275,77,384251
15285,0.001006,74.125.24.0-255,1484,52759,77,384251
15286,0.001014,74.125.24.0-255,2902,55661,77,384251
15287,0.001017,172.31.40.0-255,66,55727,77,384251
15288,0.001024,74.125.24.0-255,4320,60047,77,384251
15289,0.001027,172.31.40.0-255,66,60113,77,384251
15290,0.001044,74.125.24.0-255,1484,61597,77,384251
15291,0.00105,74.125.24.0-255,4320,65917,77,384251
15292,0.001052,172.31.40.0-255,66,65983,77,384251
15293,0.001077,74.125.24.0-255,8215,74198,77,384251
15294,0.00108,172.31.40.0-255,66,74264,77,384251
15295,0.001132,74.125.24.0-255,11051,85315,77,384251
15296,0.001135,172.31.40.0-255,66,85381,77,384251
15297,0.00163,74.125.24.0-255,1484,86865,77,384251
15298,0.00164,74.125.24.0-255,2902,89767,77,384251
15299,0.001644,172.31.40.0-255,66,89833,77,384251
15300,0.001652,74.125.24.0-255,5738,95571,77,384251
15301,0.001654,172.31.40.0-255,66,95637,77,384251
15302,0.00166,74.125.24.0-255,4320,99957,77,384251
15303,0.001662,172.31.40.0-255,66,100023,77,384251
15304,0.001665,74.125.24.0-255,1484,101507,77,384251
15305,0.001702,74.125.24.0-255,9992,111499,77,384251
15306,0.001705,172.31.40.0-255,66,111565,77,384251
15307,0.00171,74.125.24.0-255,2902,114467,77,384251
15308,0.001712,172.31.40.0-255,66,114533,77,384251
15309,0.00173,74.125.24.0-255,5020,119553,77,384251
15310,0.001733,172.31.40.0-255,66,119619,77,384251
15311,0.002163,74.125.24.0-255,1484,121103,77,384251
15312,0.002172,74.125.24.0-255,2902,124005,77,384251
15313,0.002176,172.31.40.0-255,66,124071,77,384251
15314,0.002184,74.125.24.0-255,4320,128391,77,384251
15315,0.002186,172.31.40.0-255,66,128457,77,384251
15316,0.002203,74.125.24.0-255,1484,129941,77,384251
15317,0.002209,74.125.24.0-255,4320,134261,77,384251
15318,0.002212,172.31.40.0-255,66,134327,77,384251
15319,0.002233,74.125.24.0-255,8574,142901,77,384251
15320,0.002236,172.31.40.0-255,66,142967,77,384251
15321,0.002241,74.125.24.0-255,4320,147287,77,384251
15322,0.002244,172.31.40.0-255,66,147353,77,384251
15323,0.00229,172.31.40.0-255,66,147419,77,384251
15324,0.002296,74.125.24.0-255,5738,153157,77,384251
15325,0.002299,172.31.40.0-255,66,153223,77,384251
15326,0.002312,74.125.24.0-255,4320,157543,77,384251
15327,0.002314,172.31.40.0-255,66,157609,77,384251
15328,0.002318,74.125.24.0-255,1484,159093,77,384251
15329,0.002344,74.125.24.0-255,9274,168367,77,384251
15330,0.002347,172.31.40.0-255,66,168433,77,384251
15331,0.004814,74.125.24.0-255,5738,174171,77,384251
15332,0.00482,172.31.40.0-255,66,174237,77,384251
15333,0.007157,74.125.24.0-255,5738,179975,77,384251
15334,0.007165,172.31.40.0-255,66,180041,77,384251
15335,0.009555,74.125.24.0-255,5738,185779,77,384251
15336,0.009563,172.31.40.0-255,66,185845,77,384251
15337,0.011943,74.125.24.0-255,5738,191583,77,384251
15338,0.011951,172.31.40.0-255,66,191649,77,384251
15339,0.014354,74.125.24.0-255,5738,197387,77,384251
15340,0.014364,172.31.40.0-255,66,197453,77,384251
15341,0.01675,74.125.24.0-255,5738,203191,77,384251
15342,0.016759,172.31.40.0-255,66,203257,77,384251
15343,0.019128,74.125.24.0-255,5738,208995,77,384251
15344,0.019138,172.31.40.0-255,66,209061,77,384251
15345,0.021487,74.125.24.0-255,5738,214799,77,384251
15346,0.021493,172.31.40.0-255,66,214865,77,384251
15347,0.023888,74.125.24.0-255,5738,220603,77,384251
15348,0.023897,172.31.40.0-255,66,220669,77,384251
15349,0.026257,74.125.24.0-255,5738,226407,77,384251
15350,0.026275,172.31.40.0-255,66,226473,77,384251
15351,0.028627,74.125.24.0-255,5738,232211,77,384251
15352,0.028643,172.31.40.0-255,66,232277,77,384251
15353,0.031063,74.125.24.0-255,5738,238015,77,384251
15354,0.03108,172.31.40.0-255,66,238081,77,384251
15355,0.033486,74.125.24.0-255,5738,243819,77,384251
15356,0.033502,172.31.40.0-255,66,243885,77,384251
15357,0.035872,74.125.24.0-255,5738,249623,77,384251
15358,0.035878,172.31.40.0-255,66,249689,77,384251
15359,0.037476,172.31.40.0-255,172,249861,77,384251
15360,0.03751,172.31.40.0-255,1120,250981,77,384251
15361,0.037569,172.31.40.0-255,1514,252495,77,384251
15362,0.037571,172.31.40.0-255,1275,253770,77,384251
15363,0.038254,74.125.24.0-255,5738,259508,77,384251
15364,0.038262,172.31.40.0-255,66,259574,77,384251
15365,0.039025,104.244.42.0-255,66,259640,77,384251
15366,0.039034,104.244.42.0-255,66,259706,77,384251
15367,0.039143,104.244.42.0-255,66,259772,77,384251
15368,0.040667,74.125.24.0-255,5738,265510,77,384251
15369,0.040684,172.31.40.0-255,66,265576,77,384251
15370,0.043035,74.125.24.0-255,5738,271314,77,384251
15371,0.043054,172.31.40.0-255,66,271380,77,384251
15372,0.045449,74.125.24.0-255,5738,277118,77,384251
15373,0.045457,172.31.40.0-255,66,277184,77,384251
15374,0.047849,74.125.24.0-255,5738,282922,77,384251
15375,0.047865,172.31.40.0-255,66,282988,77,384251
15376,0.05025,74.125.24.0-255,5738,288726,77,384251
15377,0.050267,172.31.40.0-255,66,288792,77,384251
15378,0.052681,74.125.24.0-255,5738,294530,77,384251
15379,0.052697,172.31.40.0-255,66,294596,77,384251
15380,0.05511,74.125.24.0-255,5738,300334,77,384251
15381,0.055128,172.31.40.0-255,66,300400,77,384251
15382,0.057502,74.125.24.0-255,5738,306138,77,384251
15383,0.057518,172.31.40.0-255,66,306204,77,384251
15384,0.059886,74.125.24.0-255,5738,311942,77,384251
15385,0.059903,172.31.40.0-255,66,312008,77,384251
15386,0.062254,74.125.24.0-255,5738,317746,77,384251
15387,0.062264,172.31.40.0-255,66,317812,77,384251
15388,0.064628,74.125.24.0-255,5738,323550,77,384251
15389,0.064645,172.31.40.0-255,66,323616,77,384251
15390,0.06704,74.125.24.0-255,5738,329354,77,384251
15391,0.067058,172.31.40.0-255,66,329420,77,384251
15392,0.069492,74.125.24.0-255,5738,335158,77,384251
15393,0.069511,172.31.40.0-255,66,335224,77,384251
15394,0.071913,74.125.24.0-255,5738,340962,77,384251
15395,0.07193,172.31.40.0-255,66,341028,77,384251
15396,0.074284,74.125.24.0-255,5738,346766,77,384251
15397,0.074302,172.31.40.0-255,66,346832,77,384251
15398,0.076696,74.125.24.0-255,5738,352570,77,384251
15399,0.076712,172.31.40.0-255,66,352636,77,384251
15400,0.079077,74.125.24.0-255,5738,358374,77,384251
15401,0.079092,172.31.40.0-255,66,358440,77,384251
15402,0.081439,74.125.24.0-255,5738,364178,77,384251
15403,0.081455,172.31.40.0-255,66,364244,77,384251
15404,0.083811,74.125.24.0-255,5738,369982,77,384251
15405,0.083828,172.31.40.0-255,66,370048,77,384251
15406,0.086222,74.125.24.0-255,5738,375786,77,384251
15407,0.086229,172.31.40.0-255,66,375852,77,384251
15408,0.088597,74.125.24.0-255,5738,381590,77,384251
15409,0.088604,172.31.40.0-255,66,381656,77,384251
15410,0.090958,74.125.24.0-255,2358,384014,77,384251
15411,0.090963,172.31.40.0-255,66,384080,77,384251
15412,0.091104,172.31.40.0-255,105,384185,77,384251
15413,0.093399,74.125.24.0-255,66,384251,77,384251
15414,0.0,172.217.27.0-255,146,146,77,417587
15415,1.5e-05,172.31.40.0-255,66,212,77,417587
15416,2.3e-05,172.217.27.0-255,1484,1696,77,417587
15417,2.7e-05,172.31.40.0-255,66,1762,77,417587
15418,3.3e-05,172.217.27.0-255,2902,4664,77,417587
15419,3.7e-05,172.31.40.0-255,66,4730,77,417587
15420,4e-05,172.217.27.0-255,1484,6214,77,417587
15421,4.2e-05,172.31.40.0-255,66,6280,77,417587
15422,5e-05,172.217.27.0-255,5738,12018,77,417587
15423,5.3e-05,172.31.40.0-255,66,12084,77,417587
15424,0.0001,172.217.27.0-255,2126,14210,77,417587
15425,0.000103,172.31.40.0-255,66,14276,77,417587
15426,0.000362,172.217.27.0-255,1484,15760,77,417587
15427,0.000369,172.31.40.0-255,66,15826,77,417587
15428,0.000375,172.217.27.0-255,2902,18728,77,417587
15429,0.000377,172.31.40.0-255,66,18794,77,417587
15430,0.000384,172.217.27.0-255,4320,23114,77,417587
15431,0.000387,172.31.40.0-255,66,23180,77,417587
15432,0.000407,172.217.27.0-255,1484,24664,77,417587
15433,0.000409,172.31.40.0-255,66,24730,77,417587
15434,0.000413,172.217.27.0-255,1484,26214,77,417587
15435,0.000415,172.31.40.0-255,66,26280,77,417587
15436,0.000433,172.217.27.0-255,5379,31659,77,417587
15437,0.000436,172.31.40.0-255,66,31725,77,417587
15438,0.000449,172.217.27.0-255,1484,33209,77,417587
15439,0.000451,172.31.40.0-255,66,33275,77,417587
15440,0.000471,172.217.27.0-255,5738,39013,77,417587
15441,0.000475,172.31.40.0-255,66,39079,77,417587
15442,0.000483,172.217.27.0-255,9633,48712,77,417587
15443,0.000486,172.31.40.0-255,66,48778,77,417587
15444,0.000687,172.217.27.0-255,1484,50262,77,417587
15445,0.000691,172.217.27.0-255,2902,53164,77,417587
15446,0.000702,172.31.40.0-255,66,53230,77,417587
15447,0.000706,172.31.40.0-255,66,53296,77,417587
15448,0.000713,172.217.27.0-255,5738,59034,77,417587
15449,0.000715,172.31.40.0-255,66,59100,77,417587
15450,0.000719,172.217.27.0-255,1484,60584,77,417587
15451,0.000743,172.217.27.0-255,5379,65963,77,417587
15452,0.000746,172.31.40.0-255,66,66029,77,417587
15453,0.000749,172.217.27.0-255,395,66424,77,417587
15454,0.000905,172.217.27.0-255,116,66540,77,417587
15455,0.001006,172.217.27.0-255,1484,68024,77,417587
15456,0.00101,172.31.40.0-255,66,68090,77,417587
15457,0.001015,172.217.27.0-255,2902,70992,77,417587
15458,0.001017,172.31.40.0-255,66,71058,77,417587
15459,0.001021,172.217.27.0-255,2902,73960,77,417587
15460,0.001023,172.31.40.0-255,66,74026,77,417587
15461,0.001027,172.217.27.0-255,1484,75510,77,417587
15462,0.001049,172.217.27.0-255,2902,78412,77,417587
15463,0.001052,172.31.40.0-255,66,78478,77,417587
15464,0.001084,172.217.27.0-255,5379,83857,77,417587
15465,0.001087,172.31.40.0-255,66,83923,77,417587
15466,0.001094,172.217.27.0-255,5738,89661,77,417587
15467,0.001096,172.31.40.0-255,66,89727,77,417587
15468,0.001138,172.217.27.0-255,2902,92629,77,417587
15469,0.001141,172.31.40.0-255,66,92695,77,417587
15470,0.00116,172.217.27.0-255,4320,97015,77,417587
15471,0.001162,172.31.40.0-255,66,97081,77,417587
15472,0.001186,172.217.27.0-255,3961,101042,77,417587
15473,0.001189,172.31.40.0-255,66,101108,77,417587
15474,0.001237,172.217.27.0-255,1484,102592,77,417587
15475,0.001258,172.217.27.0-255,2902,105494,77,417587
15476,0.001261,172.31.40.0-255,66,105560,77,417587
15477,0.001267,172.217.27.0-255,5738,111298,77,417587
15478,0.001269,172.31.40.0-255,66,111364,77,417587
15479,0.001274,172.217.27.0-255,2902,114266,77,417587
15480,0.001276,172.31.40.0-255,66,114332,77,417587
15481,0.001312,172.217.27.0-255,9992,124324,77,417587
15482,0.001315,172.31.40.0-255,66,124390,77,417587
15483,0.001373,172.217.27.0-255,8574,132964,77,417587
15484,0.001377,172.31.40.0-255,66,133030,77,417587
15485,0.001396,172.217.27.0-255,2184,135214,77,417587
15486,0.001398,172.31.40.0-255,66,135280,77,417587
15487,0.001461,172.217.27.0-255,1484,136764,77,417587
15488,0.001466,172.217.27.0-255,2902,139666,77,417587
15489,0.001469,172.31.40.0-255,66,139732,77,417587
15490,0.001473,172.217.27.0-255,2902,142634,77,417587
15491,0.001476,172.31.40.0-255,66,142700,77,417587
15492,0.001489,172.217.27.0-255,2902,145602,77,417587
15493,0.001492,172.31.40.0-255,66,145668,77,417587
15494,0.001496,172.217.27.0-255,2902,148570,77,417587
15495,0.001498,172.31.40.0-255,66,148636,77,417587
15496,0.001518,172.217.27.0-255,9992,158628,77,417587
15497,0.00152,172.31.40.0-255,66,158694,77,417587
15498,0.001528,172.217.27.0-255,8574,167268,77,417587
15499,0.001531,172.31.40.0-255,66,167334,77,417587
15500,0.001563,172.217.27.0-255,2184,169518,77,417587
15501,0.001566,172.31.40.0-255,66,169584,77,417587
15502,0.003155,172.217.27.0-255,2902,172486,77,417587
15503,0.003162,172.31.40.0-255,66,172552,77,417587
15504,0.003183,172.217.27.0-255,2902,175454,77,417587
15505,0.003185,172.31.40.0-255,66,175520,77,417587
15506,0.004782,172.217.27.0-255,2902,178422,77,417587
15507,0.004785,172.31.40.0-255,66,178488,77,417587
15508,0.004804,172.217.27.0-255,2902,181390,77,417587
15509,0.004806,172.31.40.0-255,66,181456,77,417587
15510,0.006398,172.217.27.0-255,2902,184358,77,417587
15511,0.0064,172.31.40.0-255,66,184424,77,417587
15512,0.006432,172.217.27.0-255,2902,187326,77,417587
15513,0.006435,172.31.40.0-255,66,187392,77,417587
15514,0.008032,172.217.27.0-255,2902,190294,77,417587
15515,0.008039,172.31.40.0-255,66,190360,77,417587
15516,0.008065,172.217.27.0-255,2902,193262,77,417587
15517,0.008068,172.31.40.0-255,66,193328,77,417587
15518,0.009707,172.217.27.0-255,5738,199066,77,417587
15519,0.009715,172.31.40.0-255,66,199132,77,417587
15520,0.01135,172.217.27.0-255,5738,204870,77,417587
15521,0.011358,172.31.40.0-255,66,204936,77,417587
15522,0.013022,172.217.27.0-255,5738,210674,77,417587
15523,0.013029,172.31.40.0-255,66,210740,77,417587
15524,0.014653,172.217.27.0-255,5738,216478,77,417587
15525,0.014667,172.31.40.0-255,66,216544,77,417587
15526,0.01631,172.217.27.0-255,5738,222282,77,417587
15527,0.016318,172.31.40.0-255,66,222348,77,417587
15528,0.017949,172.217.27.0-255,5738,228086,77,417587
15529,0.017955,172.31.40.0-255,66,228152,77,417587
15530,0.019585,172.217.27.0-255,2902,231054,77,417587
15531,0.01959,172.31.40.0-255,66,231120,77,417587
15532,0.019611,172.217.27.0-255,2902,234022,77,417587
15533,0.019613,172.31.40.0-255,66,234088,77,417587
15534,0.021222,172.217.27.0-255,5738,239826,77,417587
15535,0.021229,172.31.40.0-255,66,239892,77,417587
15536,0.022863,172.217.27.0-255,5738,245630,77,417587
15537,0.02287,172.31.40.0-255,66,245696,77,417587
15538,0.024503,172.217.27.0-255,4320,250016,77,417587
15539,0.02451,172.31.40.0-255,66,250082,77,417587
15540,0.024532,172.217.27.0-255,1484,251566,77,417587
15541,0.02613,172.217.27.0-255,4320,255886,77,417587
15542,0.026137,172.31.40.0-255,66,255952,77,417587
15543,0.027768,172.217.27.0-255,5738,261690,77,417587
15544,0.027775,172.31.40.0-255,66,261756,77,417587
15545,0.029412,172.217.27.0-255,5738,267494,77,417587
15546,0.029418,172.31.40.0-255,66,267560,77,417587
15547,0.031049,172.217.27.0-255,5738,273298,77,417587
15548,0.031055,172.31.40.0-255,66,273364,77,417587
15549,0.032679,172.217.27.0-255,1484,274848,77,417587
15550,0.032702,172.217.27.0-255,4320,279168,77,417587
15551,0.032705,172.31.40.0-255,66,279234,77,417587
15552,0.033515,172.31.40.0-255,166,279400,77,417587
15553,0.033547,172.31.40.0-255,1139,280539,77,417587
15554,0.033608,172.31.40.0-255,1514,282053,77,417587
15555,0.03361,172.31.40.0-255,301,282354,77,417587
15556,0.034331,172.217.27.0-255,5738,288092,77,417587
15557,0.034338,172.31.40.0-255,66,288158,77,417587
15558,0.035496,104.244.42.0-255,66,288224,77,417587
15559,0.035966,172.217.27.0-255,5738,293962,77,417587
15560,0.035972,172.31.40.0-255,66,294028,77,417587
15561,0.037648,172.217.27.0-255,5738,299766,77,417587
15562,0.037655,172.31.40.0-255,66,299832,77,417587
15563,0.03928,172.217.27.0-255,5738,305570,77,417587
15564,0.039286,172.31.40.0-255,66,305636,77,417587
15565,0.040919,172.217.27.0-255,5738,311374,77,417587
15566,0.040925,172.31.40.0-255,66,311440,77,417587
15567,0.042551,172.217.27.0-255,5738,317178,77,417587
15568,0.042557,172.31.40.0-255,66,317244,77,417587
15569,0.044197,172.217.27.0-255,5738,322982,77,417587
15570,0.044204,172.31.40.0-255,66,323048,77,417587
15571,0.045837,172.217.27.0-255,5738,328786,77,417587
15572,0.045844,172.31.40.0-255,66,328852,77,417587
15573,0.047472,172.217.27.0-255,5738,334590,77,417587
15574,0.047479,172.31.40.0-255,66,334656,77,417587
15575,0.049108,172.217.27.0-255,5738,340394,77,417587
15576,0.049113,172.31.40.0-255,66,340460,77,417587
15577,0.050757,172.217.27.0-255,5738,346198,77,417587
15578,0.050763,172.31.40.0-255,66,346264,77,417587
15579,0.052404,172.217.27.0-255,5738,352002,77,417587
15580,0.05241,172.31.40.0-255,66,352068,77,417587
15581,0.054039,172.217.27.0-255,5738,357806,77,417587
15582,0.054045,172.31.40.0-255,66,357872,77,417587
15583,0.055668,172.217.27.0-255,5738,363610,77,417587
15584,0.055674,172.31.40.0-255,66,363676,77,417587
15585,0.057297,172.217.27.0-255,5738,369414,77,417587
15586,0.057303,172.31.40.0-255,66,369480,77,417587
15587,0.058946,172.217.27.0-255,5738,375218,77,417587
15588,0.058953,172.31.40.0-255,66,375284,77,417587
15589,0.060588,172.217.27.0-255,5738,381022,77,417587
15590,0.060595,172.31.40.0-255,66,381088,77,417587
15591,0.06224,172.217.27.0-255,5738,386826,77,417587
15592,0.062246,172.31.40.0-255,66,386892,77,417587
15593,0.063915,172.217.27.0-255,5738,392630,77,417587
15594,0.063922,172.31.40.0-255,66,392696,77,417587
15595,0.065556,172.217.27.0-255,5738,398434,77,417587
15596,0.065562,172.31.40.0-255,66,398500,77,417587
15597,0.067193,172.217.27.0-255,5738,404238,77,417587
15598,0.067199,172.31.40.0-255,66,404304,77,417587
15599,0.068831,172.217.27.0-255,5738,410042,77,417587
15600,0.068838,172.31.40.0-255,66,410108,77,417587
15601,0.070469,172.217.27.0-255,5738,415846,77,417587
15602,0.070478,172.31.40.0-255,66,415912,77,417587
15603,0.072103,172.217.27.0-255,1438,417350,77,417587
15604,0.07224,172.31.40.0-255,66,417416,77,417587
15605,0.072274,172.31.40.0-255,105,417521,77,417587
15606,0.073864,172.217.27.0-255,66,417587,77,417587
15607,0.0,172.253.118.0-255,146,146,77,347733
15608,2.4e-05,172.31.40.0-255,66,212,77,347733
15609,3.1e-05,172.253.118.0-255,1484,1696,77,347733
15610,3.6e-05,172.31.40.0-255,66,1762,77,347733
15611,4.9e-05,172.253.118.0-255,2902,4664,77,347733
15612,5.2e-05,172.31.40.0-255,66,4730,77,347733
15613,5.7e-05,172.253.118.0-255,2902,7632,77,347733
15614,6e-05,172.31.40.0-255,66,7698,77,347733
15615,6.8e-05,172.253.118.0-255,7156,14854,77,347733
15616,7e-05,172.31.40.0-255,66,14920,77,347733
15617,0.000126,172.253.118.0-255,3418,18338,77,347733
15618,0.000131,172.31.40.0-255,66,18404,77,347733
15619,0.000142,172.253.118.0-255,12469,30873,77,347733
15620,0.000144,172.31.40.0-255,66,30939,77,347733
15621,0.000248,172.253.118.0-255,1484,32423,77,347733
15622,0.000252,172.31.40.0-255,66,32489,77,347733
15623,0.000256,172.253.118.0-255,1484,33973,77,347733
15624,0.000258,172.31.40.0-255,66,34039,77,347733
15625,0.00029,172.253.118.0-255,1484,35523,77,347733
15626,0.000293,172.31.40.0-255,66,35589,77,347733
15627,0.0003,172.253.118.0-255,5738,41327,77,347733
15628,0.000302,172.31.40.0-255,66,41393,77,347733
15629,0.000322,172.253.118.0-255,5738,47131,77,347733
15630,0.000324,172.31.40.0-255,66,47197,77,347733
15631,0.000327,172.253.118.0-255,1125,48322,77,347733
15632,0.000329,172.31.40.0-255,66,48388,77,347733
15633,0.00134,172.253.118.0-255,1484,49872,77,347733
15634,0.001347,172.31.40.0-255,66,49938,77,347733
15635,0.001356,172.253.118.0-255,2902,52840,77,347733
15636,0.001358,172.31.40.0-255,66,52906,77,347733
15637,0.001371,172.253.118.0-255,5738,58644,77,347733
15638,0.001373,172.31.40.0-255,66,58710,77,347733
15639,0.001419,172.253.118.0-255,13887,72597,77,347733
15640,0.001422,172.31.40.0-255,66,72663,77,347733
15641,0.001428,172.253.118.0-255,5738,78401,77,347733
15642,0.001431,172.31.40.0-255,66,78467,77,347733
15643,0.001482,172.253.118.0-255,7156,85623,77,347733
15644,0.001485,172.31.40.0-255,66,85689,77,347733
15645,0.001518,172.31.40.0-255,66,85755,77,347733
15646,0.003589,172.253.118.0-255,5738,91493,77,347733
15647,0.003595,172.31.40.0-255,66,91559,77,347733
15648,0.005684,172.253.118.0-255,5738,97297,77,347733
15649,0.005692,172.31.40.0-255,66,97363,77,347733
15650,0.00777,172.253.118.0-255,4320,101683,77,347733
15651,0.007776,172.31.40.0-255,66,101749,77,347733
15652,0.007805,172.253.118.0-255,1484,103233,77,347733
15653,0.00986,172.253.118.0-255,4320,107553,77,347733
15654,0.009868,172.31.40.0-255,66,107619,77,347733
15655,0.011954,172.253.118.0-255,5738,113357,77,347733
15656,0.012009,172.31.40.0-255,66,113423,77,347733
15657,0.014088,172.253.118.0-255,5738,119161,77,347733
15658,0.014096,172.31.40.0-255,66,119227,77,347733
15659,0.016189,172.253.118.0-255,5738,124965,77,347733
15660,0.016199,172.31.40.0-255,66,125031,77,347733
15661,0.018287,172.253.118.0-255,5738,130769,77,347733
15662,0.018295,172.31.40.0-255,66,130835,77,347733
15663,0.020375,172.253.118.0-255,5738,136573,77,347733
15664,0.020383,172.31.40.0-255,66,136639,77,347733
15665,0.022463,172.253.118.0-255,5738,142377,77,347733
15666,0.022471,172.31.40.0-255,66,142443,77,347733
15667,0.024201,172.31.40.0-255,190,142633,77,347733
15668,0.024235,172.31.40.0-255,1116,143749,77,347733
15669,0.024324,172.31.40.0-255,1514,145263,77,347733
15670,0.024326,172.31.40.0-255,1514,146777,77,347733
15671,0.024327,172.31.40.0-255,1514,148291,77,347733
15672,0.024328,172.31.40.0-255,1514,149805,77,347733
15673,0.024329,172.31.40.0-255,526,150331,77,347733
15674,0.024554,172.253.118.0-255,5738,156069,77,347733
15675,0.024561,172.31.40.0-255,66,156135,77,347733
15676,0.026654,172.253.118.0-255,5738,161873,77,347733
15677,0.026661,172.31.40.0-255,66,161939,77,347733
15678,0.026669,104.244.42.0-255,66,162005,77,347733
15679,0.028728,172.253.118.0-255,5738,167743,77,347733
15680,0.028733,172.31.40.0-255,66,167809,77,347733
15681,0.030811,172.253.118.0-255,5738,173547,77,347733
15682,0.030817,172.31.40.0-255,66,173613,77,347733
15683,0.032895,172.253.118.0-255,5738,179351,77,347733
15684,0.032902,172.31.40.0-255,66,179417,77,347733
15685,0.034979,172.253.118.0-255,5738,185155,77,347733
15686,0.034986,172.31.40.0-255,66,185221,77,347733
15687,0.037071,172.253.118.0-255,5738,190959,77,347733
15688,0.037078,172.31.40.0-255,66,191025,77,347733
15689,0.039158,172.253.118.0-255,5738,196763,77,347733
15690,0.039165,172.31.40.0-255,66,196829,77,347733
15691,0.041243,172.253.118.0-255,5738,202567,77,347733
15692,0.04125,172.31.40.0-255,66,202633,77,347733
15693,0.043342,172.253.118.0-255,5738,208371,77,347733
15694,0.043349,172.31.40.0-255,66,208437,77,347733
15695,0.045449,172.253.118.0-255,5738,214175,77,347733
15696,0.045457,172.31.40.0-255,66,214241,77,347733
15697,0.047559,172.253.118.0-255,5738,219979,77,347733
15698,0.047566,172.31.40.0-255,66,220045,77,347733
15699,0.049642,172.253.118.0-255,5738,225783,77,347733
15700,0.049652,172.31.40.0-255,66,225849,77,347733
15701,0.05172,172.253.118.0-255,5738,231587,77,347733
15702,0.051728,172.31.40.0-255,66,231653,77,347733
15703,0.053811,172.253.118.0-255,5738,237391,77,347733
15704,0.053818,172.31.40.0-255,66,237457,77,347733
15705,0.055936,172.253.118.0-255,5738,243195,77,347733
15706,0.055943,172.31.40.0-255,66,243261,77,347733
15707,0.058038,172.253.118.0-255,5738,248999,77,347733
15708,0.058057,172.31.40.0-255,66,249065,77,347733
15709,0.060143,172.253.118.0-255,5738,254803,77,347733
15710,0.064554,172.31.40.0-255,66,254869,77,347733
15711,0.066666,172.253.118.0-255,5738,260607,77,347733
15712,0.066683,172.31.40.0-255,66,260673,77,347733
15713,0.068819,172.253.118.0-255,5738,266411,77,347733
15714,0.068836,172.31.40.0-255,66,266477,77,347733
15715,0.070934,172.253.118.0-255,5738,272215,77,347733
15716,0.070949,172.31.40.0-255,66,272281,77,347733
15717,0.073048,172.253.118.0-255,5738,278019,77,347733
15718,0.073065,172.31.40.0-255,66,278085,77,347733
15719,0.075182,172.253.118.0-255,5738,283823,77,347733
15720,0.075198,172.31.40.0-255,66,283889,77,347733
15721,0.077306,172.253.118.0-255,5738,289627,77,347733
15722,0.077321,172.31.40.0-255,66,289693,77,347733
15723,0.079406,172.253.118.0-255,5738,295431,77,347733
15724,0.079413,172.31.40.0-255,66,295497,77,347733
15725,0.081493,172.253.118.0-255,5738,301235,77,347733
15726,0.081499,172.31.40.0-255,66,301301,77,347733
15727,0.083572,172.253.118.0-255,5738,307039,77,347733
15728,0.083579,172.31.40.0-255,66,307105,77,347733
15729,0.085669,172.253.118.0-255,5738,312843,77,347733
15730,0.085677,172.31.40.0-255,66,312909,77,347733
15731,0.087833,172.253.118.0-255,5738,318647,77,347733
15732,0.087839,172.31.40.0-255,66,318713,77,347733
15733,0.089937,172.253.118.0-255,5738,324451,77,347733
15734,0.089944,172.31.40.0-255,66,324517,77,347733
15735,0.092037,172.253.118.0-255,5738,330255,77,347733
15736,0.092044,172.31.40.0-255,66,330321,77,347733
15737,0.094123,172.253.118.0-255,5738,336059,77,347733
15738,0.094129,172.31.40.0-255,66,336125,77,347733
15739,0.096214,172.253.118.0-255,5738,341863,77,347733
15740,0.096221,172.31.40.0-255,66,341929,77,347733
15741,0.098324,172.253.118.0-255,5738,347667,77,347733
15742,0.098331,172.31.40.0-255,66,347733,77,347733
15743,0.0,172.31.40.0-255,105,105,77,459
15744,0.00022,172.31.40.0-255,90,195,77,459
15745,0.000231,172.31.40.0-255,66,261,77,459
15746,0.002482,74.125.68.0-255,66,327,77,459
15747,0.002497,74.125.68.0-255,66,393,77,459
15748,0.002513,172.31.40.0-255,66,459,77,459
15749,0.0,172.217.194.0-255,153,153,77,423528
15750,2.4e-05,172.31.40.0-255,66,219,77,423528
15751,3.1e-05,172.217.194.0-255,1484,1703,77,423528
15752,3.5e-05,172.31.40.0-255,66,1769,77,423528
15753,3.9e-05,172.217.194.0-255,1484,3253,77,423528
15754,4.2e-05,172.31.40.0-255,66,3319,77,423528
15755,5.7e-05,172.217.194.0-255,4320,7639,77,423528
15756,6e-05,172.31.40.0-255,66,7705,77,423528
15757,9.9e-05,172.217.194.0-255,6282,13987,77,423528
15758,0.000103,172.31.40.0-255,66,14053,77,423528
15759,0.000263,172.217.194.0-255,1484,15537,77,423528
15760,0.000268,172.31.40.0-255,66,15603,77,423528
15761,0.000274,172.217.194.0-255,2902,18505,77,423528
15762,0.000276,172.31.40.0-255,66,18571,77,423528
15763,0.000283,172.217.194.0-255,5738,24309,77,423528
15764,0.000293,172.31.40.0-255,66,24375,77,423528
15765,0.000299,172.217.194.0-255,4320,28695,77,423528
15766,0.000301,172.31.40.0-255,66,28761,77,423528
15767,0.000342,172.217.194.0-255,2543,31304,77,423528
15768,0.000346,172.31.40.0-255,66,31370,77,423528
15769,0.000402,172.217.194.0-255,1484,32854,77,423528
15770,0.000405,172.31.40.0-255,66,32920,77,423528
15771,0.000411,172.217.194.0-255,2902,35822,77,423528
15772,0.000413,172.31.40.0-255,66,35888,77,423528
15773,0.000444,172.217.194.0-255,5738,41626,77,423528
15774,0.000451,172.31.40.0-255,66,41692,77,423528
15775,0.000455,172.217.194.0-255,2902,44594,77,423528
15776,0.000457,172.31.40.0-255,66,44660,77,423528
15777,0.000492,172.217.194.0-255,11051,55711,77,423528
15778,0.000496,172.31.40.0-255,66,55777,77,423528
15779,0.000505,172.217.194.0-255,9926,65703,77,423528
15780,0.000508,172.31.40.0-255,66,65769,77,423528
15781,0.00051,172.217.194.0-255,394,66163,77,423528
15782,0.000838,172.217.194.0-255,1484,67647,77,423528
15783,0.000843,172.31.40.0-255,66,67713,77,423528
15784,0.000849,172.217.194.0-255,2902,70615,77,423528
15785,0.000852,172.31.40.0-255,66,70681,77,423528
15786,0.000863,172.217.194.0-255,5738,76419,77,423528
15787,0.000865,172.31.40.0-255,66,76485,77,423528
15788,0.0009,172.217.194.0-255,12828,89313,77,423528
15789,0.000903,172.31.40.0-255,66,89379,77,423528
15790,0.000914,172.217.194.0-255,10692,100071,77,423528
15791,0.000916,172.31.40.0-255,66,100137,77,423528
15792,0.001431,172.217.194.0-255,1484,101621,77,423528
15793,0.001439,172.217.194.0-255,2902,104523,77,423528
15794,0.001443,172.31.40.0-255,66,104589,77,423528
15795,0.001449,172.217.194.0-255,2902,107491,77,423528
15796,0.001451,172.31.40.0-255,66,107557,77,423528
15797,0.001487,172.217.194.0-255,2902,110459,77,423528
15798,0.00149,172.31.40.0-255,66,110525,77,423528
15799,0.001497,172.217.194.0-255,5738,116263,77,423528
15800,0.001499,172.31.40.0-255,66,116329,77,423528
15801,0.00151,172.217.194.0-255,12828,129157,77,423528
15802,0.001514,172.31.40.0-255,66,129223,77,423528
15803,0.001519,172.217.194.0-255,5020,134243,77,423528
15804,0.001522,172.31.40.0-255,66,134309,77,423528
15805,0.001674,172.217.194.0-255,1484,135793,77,423528
15806,0.001682,172.217.194.0-255,2902,138695,77,423528
15807,0.001686,172.31.40.0-255,66,138761,77,423528
15808,0.00169,172.217.194.0-255,1484,140245,77,423528
15809,0.001717,172.217.194.0-255,4320,144565,77,423528
15810,0.001719,172.31.40.0-255,66,144631,77,423528
15811,0.001726,172.217.194.0-255,5738,150369,77,423528
15812,0.001729,172.31.40.0-255,66,150435,77,423528
15813,0.001772,172.217.194.0-255,12828,163263,77,423528
15814,0.001775,172.31.40.0-255,66,163329,77,423528
15815,0.001782,172.217.194.0-255,5020,168349,77,423528
15816,0.001784,172.31.40.0-255,66,168415,77,423528
15817,0.001811,172.217.194.0-255,5738,174153,77,423528
15818,0.001814,172.31.40.0-255,66,174219,77,423528
15819,0.00182,172.217.194.0-255,5738,179957,77,423528
15820,0.001822,172.31.40.0-255,66,180023,77,423528
15821,0.001863,172.217.194.0-255,12828,192851,77,423528
15822,0.001866,172.31.40.0-255,66,192917,77,423528
15823,0.001903,172.217.194.0-255,4320,197237,77,423528
15824,0.001906,172.31.40.0-255,66,197303,77,423528
15825,0.001938,172.217.194.0-255,5020,202323,77,423528
15826,0.001941,172.31.40.0-255,66,202389,77,423528
15827,0.001944,172.217.194.0-255,1484,203873,77,423528
15828,0.001948,172.217.194.0-255,2902,206775,77,423528
15829,0.001951,172.31.40.0-255,66,206841,77,423528
15830,0.001979,172.217.194.0-255,5738,212579,77,423528
15831,0.001982,172.31.40.0-255,66,212645,77,423528
15832,0.001984,172.217.194.0-255,1484,214129,77,423528
15833,0.00199,172.217.194.0-255,4320,218449,77,423528
15834,0.001992,172.31.40.0-255,66,218515,77,423528
15835,0.00202,172.217.194.0-255,4320,222835,77,423528
15836,0.002023,172.31.40.0-255,66,222901,77,423528
15837,0.002052,172.217.194.0-255,11410,234311,77,423528
15838,0.002055,172.31.40.0-255,66,234377,77,423528
15839,0.002075,172.217.194.0-255,2184,236561,77,423528
15840,0.002077,172.31.40.0-255,66,236627,77,423528
15841,0.002134,172.217.194.0-255,1484,238111,77,423528
15842,0.002149,172.217.194.0-255,2902,241013,77,423528
15843,0.002153,172.31.40.0-255,66,241079,77,423528
15844,0.002159,172.217.194.0-255,5738,246817,77,423528
15845,0.002161,172.31.40.0-255,66,246883,77,423528
15846,0.002182,172.217.194.0-255,5738,252621,77,423528
15847,0.002188,172.31.40.0-255,66,252687,77,423528
15848,0.002231,172.217.194.0-255,12828,265515,77,423528
15849,0.002234,172.31.40.0-255,66,265581,77,423528
15850,0.00224,172.217.194.0-255,5020,270601,77,423528
15851,0.002242,172.31.40.0-255,66,270667,77,423528
15852,0.002277,172.217.194.0-255,1484,272151,77,423528
15853,0.002297,172.217.194.0-255,2902,275053,77,423528
15854,0.0023,172.31.40.0-255,66,275119,77,423528
15855,0.002306,172.217.194.0-255,5738,280857,77,423528
15856,0.002308,172.31.40.0-255,66,280923,77,423528
15857,0.002331,172.217.194.0-255,7156,288079,77,423528
15858,0.002334,172.31.40.0-255,66,288145,77,423528
15859,0.002351,172.217.194.0-255,4320,292465,77,423528
15860,0.002353,172.31.40.0-255,66,292531,77,423528
15861,0.002377,172.217.194.0-255,4320,296851,77,423528
15862,0.00238,172.31.40.0-255,66,296917,77,423528
15863,0.004666,172.217.194.0-255,1484,298401,77,423528
15864,0.004686,172.217.194.0-255,1484,299885,77,423528
15865,0.00469,172.31.40.0-255,66,299951,77,423528
15866,0.004707,172.217.194.0-255,2902,302853,77,423528
15867,0.004712,172.31.40.0-255,66,302919,77,423528
15868,0.007036,172.217.194.0-255,5738,308657,77,423528
15869,0.007042,172.31.40.0-255,66,308723,77,423528
15870,0.009372,172.217.194.0-255,5738,314461,77,423528
15871,0.009383,172.31.40.0-255,66,314527,77,423528
15872,0.011717,172.217.194.0-255,5738,320265,77,423528
15873,0.011732,172.31.40.0-255,66,320331,77,423528
15874,0.014024,172.217.194.0-255,5738,326069,77,423528
15875,0.014031,172.31.40.0-255,66,326135,77,423528
15876,0.016344,172.217.194.0-255,5738,331873,77,423528
15877,0.016352,172.31.40.0-255,66,331939,77,423528
15878,0.018674,172.217.194.0-255,5738,337677,77,423528
15879,0.018683,172.31.40.0-255,66,337743,77,423528
15880,0.021,172.217.194.0-255,5738,343481,77,423528
15881,0.021009,172.31.40.0-255,66,343547,77,423528
15882,0.023306,172.217.194.0-255,5738,349285,77,423528
15883,0.023316,172.31.40.0-255,66,349351,77,423528
15884,0.025624,172.217.194.0-255,4320,353671,77,423528
15885,0.025633,172.31.40.0-255,66,353737,77,423528
15886,0.025662,172.217.194.0-255,1484,355221,77,423528
15887,0.027947,172.217.194.0-255,4320,359541,77,423528
15888,0.027955,172.31.40.0-255,66,359607,77,423528
15889,0.030311,172.217.194.0-255,5738,365345,77,423528
15890,0.030318,172.31.40.0-255,66,365411,77,423528
15891,0.032645,172.217.194.0-255,5738,371149,77,423528
15892,0.032657,172.31.40.0-255,66,371215,77,423528
15893,0.034985,172.217.194.0-255,5738,376953,77,423528
15894,0.034995,172.31.40.0-255,66,377019,77,423528
15895,0.037359,172.217.194.0-255,5738,382757,77,423528
15896,0.037372,172.31.40.0-255,66,382823,77,423528
15897,0.039679,172.217.194.0-255,5738,388561,77,423528
15898,0.039687,172.31.40.0-255,66,388627,77,423528
15899,0.042022,172.217.194.0-255,5738,394365,77,423528
15900,0.042029,172.31.40.0-255,66,394431,77,423528
15901,0.044335,172.217.194.0-255,5738,400169,77,423528
15902,0.044353,172.31.40.0-255,66,400235,77,423528
15903,0.046696,172.217.194.0-255,5738,405973,77,423528
15904,0.046707,172.31.40.0-255,66,406039,77,423528
15905,0.049011,172.217.194.0-255,5738,411777,77,423528
15906,0.049019,172.31.40.0-255,66,411843,77,423528
15907,0.051353,172.217.194.0-255,2122,413965,77,423528
15908,0.051371,172.31.40.0-255,66,414031,77,423528
15909,0.051671,172.31.40.0-255,105,414136,77,423528
15910,0.053941,172.217.194.0-255,66,414202,77,423528
15911,0.054933,172.31.40.0-255,172,414374,77,423528
15912,0.054962,172.31.40.0-255,1120,415494,77,423528
15913,0.055039,172.31.40.0-255,1514,417008,77,423528
15914,0.055063,172.31.40.0-255,1514,418522,77,423528
15915,0.055066,172.31.40.0-255,1514,420036,77,423528
15916,0.055088,172.31.40.0-255,1514,421550,77,423528
15917,0.055092,172.31.40.0-255,1514,423064,77,423528
15918,0.055093,172.31.40.0-255,134,423198,77,423528
15919,0.056465,104.244.42.0-255,66,423264,77,423528
15920,0.056499,104.244.42.0-255,66,423330,77,423528
15921,0.056595,104.244.42.0-255,66,423396,77,423528
15922,0.056634,104.244.42.0-255,66,423462,77,423528
15923,0.056637,104.244.42.0-255,66,423528,77,423528
15924,0.0,172.217.194.0-255,296,296,77,363088
15925,4.7e-05,172.31.40.0-255,66,362,77,363088
15926,5.3e-05,172.217.194.0-255,1484,1846,77,363088
15927,5.9e-05,172.31.40.0-255,66,1912,77,363088
15928,6.5e-05,172.217.194.0-255,4320,6232,77,363088
15929,7.6e-05,172.31.40.0-255,66,6298,77,363088
15930,8.2e-05,172.217.194.0-255,5738,12036,77,363088
15931,8.5e-05,172.31.40.0-255,66,12102,77,363088
15932,8.9e-05,172.217.194.0-255,1771,13873,77,363088
15933,9.2e-05,172.31.40.0-255,66,13939,77,363088
15934,0.000146,172.217.194.0-255,1484,15423,77,363088
15935,0.000149,172.31.40.0-255,66,15489,77,363088
15936,0.000169,172.217.194.0-255,2902,18391,77,363088
15937,0.000172,172.31.40.0-255,66,18457,77,363088
15938,0.000199,172.217.194.0-255,4320,22777,77,363088
15939,0.000203,172.31.40.0-255,66,22843,77,363088
15940,0.000206,172.217.194.0-255,1484,24327,77,363088
15941,0.000208,172.31.40.0-255,66,24393,77,363088
15942,0.000236,172.217.194.0-255,4320,28713,77,363088
15943,0.000239,172.31.40.0-255,66,28779,77,363088
15944,0.00025,172.217.194.0-255,2543,31322,77,363088
15945,0.000253,172.31.40.0-255,66,31388,77,363088
15946,0.00035,172.217.194.0-255,1484,32872,77,363088
15947,0.000356,172.31.40.0-255,66,32938,77,363088
15948,0.000386,172.217.194.0-255,2902,35840,77,363088
15949,0.00039,172.31.40.0-255,66,35906,77,363088
15950,0.000394,172.217.194.0-255,2902,38808,77,363088
15951,0.000396,172.31.40.0-255,66,38874,77,363088
15952,0.000445,172.217.194.0-255,2902,41776,77,363088
15953,0.000449,172.31.40.0-255,66,41842,77,363088
15954,0.000456,172.217.194.0-255,6797,48639,77,363088
15955,0.000458,172.31.40.0-255,66,48705,77,363088
15956,0.000472,172.217.194.0-255,9992,58697,77,363088
15957,0.000476,172.31.40.0-255,66,58763,77,363088
15958,0.000509,172.217.194.0-255,7047,65810,77,363088
15959,0.000513,172.31.40.0-255,66,65876,77,363088
15960,0.000541,172.217.194.0-255,119,65995,77,363088
15961,0.000561,172.217.194.0-255,384,66379,77,363088
15962,0.000761,172.217.194.0-255,1484,67863,77,363088
15963,0.000765,172.31.40.0-255,66,67929,77,363088
15964,0.000779,172.217.194.0-255,2902,70831,77,363088
15965,0.000783,172.31.40.0-255,66,70897,77,363088
15966,0.000809,172.217.194.0-255,1484,72381,77,363088
15967,0.000812,172.217.194.0-255,1484,73865,77,363088
15968,0.000815,172.31.40.0-255,66,73931,77,363088
15969,0.000843,172.217.194.0-255,4320,78251,77,363088
15970,0.000846,172.31.40.0-255,66,78317,77,363088
15971,0.000852,172.217.194.0-255,5738,84055,77,363088
15972,0.000854,172.31.40.0-255,66,84121,77,363088
15973,0.000889,172.217.194.0-255,7156,91277,77,363088
15974,0.000892,172.31.40.0-255,66,91343,77,363088
15975,0.000931,172.217.194.0-255,8574,99917,77,363088
15976,0.000934,172.31.40.0-255,66,99983,77,363088
15977,0.000958,172.217.194.0-255,766,100749,77,363088
15978,0.001164,172.217.194.0-255,1484,102233,77,363088
15979,0.001167,172.31.40.0-255,66,102299,77,363088
15980,0.001198,172.217.194.0-255,2902,105201,77,363088
15981,0.001201,172.31.40.0-255,66,105267,77,363088
15982,0.001207,172.217.194.0-255,5738,111005,77,363088
15983,0.001208,172.31.40.0-255,66,111071,77,363088
15984,0.001212,172.217.194.0-255,2902,113973,77,363088
15985,0.001219,172.31.40.0-255,66,114039,77,363088
15986,0.001223,172.217.194.0-255,2902,116941,77,363088
15987,0.001224,172.31.40.0-255,66,117007,77,363088
15988,0.001262,172.217.194.0-255,7156,124163,77,363088
15989,0.001266,172.31.40.0-255,66,124229,77,363088
15990,0.001303,172.217.194.0-255,7156,131385,77,363088
15991,0.001306,172.31.40.0-255,66,131451,77,363088
15992,0.001324,172.217.194.0-255,2902,134353,77,363088
15993,0.001327,172.31.40.0-255,66,134419,77,363088
15994,0.001329,172.217.194.0-255,766,135185,77,363088
15995,0.001473,172.31.40.0-255,66,135251,77,363088
15996,0.001557,172.217.194.0-255,1484,136735,77,363088
15997,0.001565,172.217.194.0-255,2902,139637,77,363088
15998,0.001568,172.31.40.0-255,66,139703,77,363088
15999,0.001571,172.217.194.0-255,1484,141187,77,363088
16000,0.0016,172.217.194.0-255,4320,145507,77,363088
16001,0.001602,172.31.40.0-255,66,145573,77,363088
16002,0.00161,172.217.194.0-255,8574,154147,77,363088
16003,0.001611,172.31.40.0-255,66,154213,77,363088
16004,0.00164,172.217.194.0-255,4320,158533,77,363088
16005,0.001643,172.31.40.0-255,66,158599,77,363088
16006,0.001649,172.217.194.0-255,7156,165755,77,363088
16007,0.001651,172.31.40.0-255,66,165821,77,363088
16008,0.001674,172.217.194.0-255,3602,169423,77,363088
16009,0.001677,172.31.40.0-255,66,169489,77,363088
16010,0.001762,172.217.194.0-255,1484,170973,77,363088
16011,0.001768,172.217.194.0-255,2902,173875,77,363088
16012,0.001771,172.31.40.0-255,66,173941,77,363088
16013,0.00178,172.217.194.0-255,5738,179679,77,363088
16014,0.001782,172.31.40.0-255,66,179745,77,363088
16015,0.001803,172.217.194.0-255,4320,184065,77,363088
16016,0.001807,172.31.40.0-255,66,184131,77,363088
16017,0.001843,172.217.194.0-255,8574,192705,77,363088
16018,0.001846,172.31.40.0-255,66,192771,77,363088
16019,0.001858,172.217.194.0-255,10692,203463,77,363088
16020,0.00186,172.31.40.0-255,66,203529,77,363088
16021,0.001869,172.217.194.0-255,11410,214939,77,363088
16022,0.001872,172.31.40.0-255,66,215005,77,363088
16023,0.001894,172.217.194.0-255,2902,217907,77,363088
16024,0.001897,172.31.40.0-255,66,217973,77,363088
16025,0.001938,172.31.40.0-255,66,218039,77,363088
16026,0.001945,172.217.194.0-255,7856,225895,77,363088
16027,0.001948,172.31.40.0-255,66,225961,77,363088
16028,0.00195,172.217.194.0-255,1484,227445,77,363088
16029,0.001986,172.217.194.0-255,7156,234601,77,363088
16030,0.00199,172.31.40.0-255,66,234667,77,363088
16031,0.001999,172.217.194.0-255,8574,243241,77,363088
16032,0.002001,172.31.40.0-255,66,243307,77,363088
16033,0.002034,172.217.194.0-255,8574,251881,77,363088
16034,0.002042,172.31.40.0-255,66,251947,77,363088
16035,0.00205,172.217.194.0-255,8574,260521,77,363088
16036,0.002052,172.31.40.0-255,66,260587,77,363088
16037,0.002102,172.217.194.0-255,9274,269861,77,363088
16038,0.002106,172.31.40.0-255,66,269927,77,363088
16039,0.002123,172.31.40.0-255,66,269993,77,363088
16040,0.002137,172.217.194.0-255,11410,281403,77,363088
16041,0.002141,172.31.40.0-255,66,281469,77,363088
16042,0.002172,172.217.194.0-255,2902,284371,77,363088
16043,0.002175,172.31.40.0-255,66,284437,77,363088
16044,0.002215,172.31.40.0-255,66,284503,77,363088
16045,0.002217,172.217.194.0-255,1484,285987,77,363088
16046,0.002221,172.217.194.0-255,2902,288889,77,363088
16047,0.002223,172.31.40.0-255,66,288955,77,363088
16048,0.002228,172.217.194.0-255,5738,294693,77,363088
16049,0.00223,172.31.40.0-255,66,294759,77,363088
16050,0.002234,172.217.194.0-255,4320,299079,77,363088
16051,0.002236,172.31.40.0-255,66,299145,77,363088
16052,0.002241,172.217.194.0-255,4320,303465,77,363088
16053,0.002243,172.31.40.0-255,66,303531,77,363088
16054,0.002281,172.217.194.0-255,7156,310687,77,363088
16055,0.002285,172.31.40.0-255,66,310753,77,363088
16056,0.002293,172.217.194.0-255,7856,318609,77,363088
16057,0.002295,172.31.40.0-255,66,318675,77,363088
16058,0.002415,172.217.194.0-255,1484,320159,77,363088
16059,0.002421,172.217.194.0-255,2902,323061,77,363088
16060,0.002427,172.31.40.0-255,66,323127,77,363088
16061,0.002456,172.217.194.0-255,5738,328865,77,363088
16062,0.002459,172.31.40.0-255,66,328931,77,363088
16063,0.002465,172.217.194.0-255,5738,334669,77,363088
16064,0.002467,172.31.40.0-255,66,334735,77,363088
16065,0.002489,172.217.194.0-255,7156,341891,77,363088
16066,0.002492,172.31.40.0-255,66,341957,77,363088
16067,0.002499,172.217.194.0-255,8574,350531,77,363088
16068,0.002501,172.31.40.0-255,66,350597,77,363088
16069,0.002538,172.217.194.0-255,7739,358336,77,363088
16070,0.002542,172.31.40.0-255,66,358402,77,363088
16071,0.002564,172.217.194.0-255,105,358507,77,363088
16072,0.00419,172.31.40.0-255,66,358573,77,363088
16073,0.004226,172.31.40.0-255,105,358678,77,363088
16074,0.006845,172.217.194.0-255,66,358744,77,363088
16075,0.058373,172.31.40.0-255,171,358915,77,363088
16076,0.058408,172.31.40.0-255,1143,360058,77,363088
16077,0.058473,172.31.40.0-255,1514,361572,77,363088
16078,0.058494,172.31.40.0-255,1252,362824,77,363088
16079,0.059917,104.244.42.0-255,66,362890,77,363088
16080,0.059964,104.244.42.0-255,66,362956,77,363088
16081,0.060064,104.244.42.0-255,66,363022,77,363088
16082,0.060069,104.244.42.0-255,66,363088,77,363088
16083,0.0,74.125.68.0-255,150,150,77,422332
16084,2.2e-05,172.31.40.0-255,66,216,77,422332
16085,3.2e-05,74.125.68.0-255,1484,1700,77,422332
16086,3.6e-05,172.31.40.0-255,66,1766,77,422332
16087,4.2e-05,74.125.68.0-255,2902,4668,77,422332
16088,4.6e-05,172.31.40.0-255,66,4734,77,422332
16089,4.9e-05,74.125.68.0-255,1484,6218,77,422332
16090,5.1e-05,172.31.40.0-255,66,6284,77,422332
16091,5.6e-05,74.125.68.0-255,2902,9186,77,422332
16092,5.9e-05,172.31.40.0-255,66,9252,77,422332
16093,8.6e-05,74.125.68.0-255,4938,14190,77,422332
16094,9e-05,172.31.40.0-255,66,14256,77,422332
16095,0.000128,74.125.68.0-255,1484,15740,77,422332
16096,0.000131,172.31.40.0-255,66,15806,77,422332
16097,0.000135,74.125.68.0-255,2902,18708,77,422332
16098,0.000137,172.31.40.0-255,66,18774,77,422332
16099,0.000153,74.125.68.0-255,2902,21676,77,422332
16100,0.000155,172.31.40.0-255,66,21742,77,422332
16101,0.000175,74.125.68.0-255,2902,24644,77,422332
16102,0.000178,172.31.40.0-255,66,24710,77,422332
16103,0.000186,74.125.68.0-255,6797,31507,77,422332
16104,0.000188,172.31.40.0-255,66,31573,77,422332
16105,0.000239,74.125.68.0-255,1484,33057,77,422332
16106,0.000242,172.31.40.0-255,66,33123,77,422332
16107,0.000247,74.125.68.0-255,2902,36025,77,422332
16108,0.000249,172.31.40.0-255,66,36091,77,422332
16109,0.000266,74.125.68.0-255,5738,41829,77,422332
16110,0.00027,172.31.40.0-255,66,41895,77,422332
16111,0.000303,74.125.68.0-255,5738,47633,77,422332
16112,0.000306,172.31.40.0-255,66,47699,77,422332
16113,0.000366,74.125.68.0-255,1125,48824,77,422332
16114,0.000369,172.31.40.0-255,66,48890,77,422332
16115,0.000883,74.125.68.0-255,1484,50374,77,422332
16116,0.000889,74.125.68.0-255,1484,51858,77,422332
16117,0.000892,172.31.40.0-255,66,51924,77,422332
16118,0.000898,74.125.68.0-255,2902,54826,77,422332
16119,0.0009,172.31.40.0-255,66,54892,77,422332
16120,0.000914,74.125.68.0-255,4320,59212,77,422332
16121,0.000916,172.31.40.0-255,66,59278,77,422332
16122,0.00093,74.125.68.0-255,1484,60762,77,422332
16123,0.000933,74.125.68.0-255,1484,62246,77,422332
16124,0.000936,172.31.40.0-255,66,62312,77,422332
16125,0.000949,74.125.68.0-255,3961,66273,77,422332
16126,0.000952,172.31.40.0-255,66,66339,77,422332
16127,0.000999,74.125.68.0-255,1484,67823,77,422332
16128,0.001015,74.125.68.0-255,2902,70725,77,422332
16129,0.001017,172.31.40.0-255,66,70791,77,422332
16130,0.001044,74.125.68.0-255,5738,76529,77,422332
16131,0.001046,172.31.40.0-255,66,76595,77,422332
16132,0.001058,74.125.68.0-255,1484,78079,77,422332
16133,0.001062,74.125.68.0-255,2902,80981,77,422332
16134,0.001064,172.31.40.0-255,66,81047,77,422332
16135,0.001099,74.125.68.0-255,6797,87844,77,422332
16136,0.001101,172.31.40.0-255,66,87910,77,422332
16137,0.001108,74.125.68.0-255,7156,95066,77,422332
16138,0.00111,172.31.40.0-255,66,95132,77,422332
16139,0.001142,74.125.68.0-255,5379,100511,77,422332
16140,0.001146,172.31.40.0-255,66,100577,77,422332
16141,0.001169,74.125.68.0-255,649,101226,77,422332
16142,0.001369,74.125.68.0-255,1484,102710,77,422332
16143,0.001373,172.31.40.0-255,66,102776,77,422332
16144,0.001378,74.125.68.0-255,2902,105678,77,422332
16145,0.00138,172.31.40.0-255,66,105744,77,422332
16146,0.001392,74.125.68.0-255,1484,107228,77,422332
16147,0.001413,74.125.68.0-255,1484,108712,77,422332
16148,0.001416,172.31.40.0-255,66,108778,77,422332
16149,0.001422,74.125.68.0-255,4320,113098,77,422332
16150,0.001424,172.31.40.0-255,66,113164,77,422332
16151,0.00143,74.125.68.0-255,5738,118902,77,422332
16152,0.001432,172.31.40.0-255,66,118968,77,422332
16153,0.001445,74.125.68.0-255,2902,121870,77,422332
16154,0.001447,172.31.40.0-255,66,121936,77,422332
16155,0.001455,74.125.68.0-255,7156,129092,77,422332
16156,0.001458,172.31.40.0-255,66,129158,77,422332
16157,0.001502,74.125.68.0-255,6438,135596,77,422332
16158,0.001505,172.31.40.0-255,66,135662,77,422332
16159,0.001538,74.125.68.0-255,4320,139982,77,422332
16160,0.001542,172.31.40.0-255,66,140048,77,422332
16161,0.001561,74.125.68.0-255,2902,142950,77,422332
16162,0.001563,172.31.40.0-255,66,143016,77,422332
16163,0.001566,74.125.68.0-255,1484,144500,77,422332
16164,0.001584,74.125.68.0-255,2902,147402,77,422332
16165,0.001588,172.31.40.0-255,66,147468,77,422332
16166,0.001599,74.125.68.0-255,5738,153206,77,422332
16167,0.001602,172.31.40.0-255,66,153272,77,422332
16168,0.001606,74.125.68.0-255,2902,156174,77,422332
16169,0.001608,172.31.40.0-255,66,156240,77,422332
16170,0.001625,74.125.68.0-255,1484,157724,77,422332
16171,0.001646,74.125.68.0-255,8574,166298,77,422332
16172,0.001649,172.31.40.0-255,66,166364,77,422332
16173,0.001654,74.125.68.0-255,3602,169966,77,422332
16174,0.001656,172.31.40.0-255,66,170032,77,422332
16175,0.001702,74.125.68.0-255,1484,171516,77,422332
16176,0.00172,74.125.68.0-255,2902,174418,77,422332
16177,0.001722,172.31.40.0-255,66,174484,77,422332
16178,0.001727,74.125.68.0-255,2902,177386,77,422332
16179,0.001729,172.31.40.0-255,66,177452,77,422332
16180,0.001741,74.125.68.0-255,2902,180354,77,422332
16181,0.001743,172.31.40.0-255,66,180420,77,422332
16182,0.001761,74.125.68.0-255,2902,183322,77,422332
16183,0.001763,172.31.40.0-255,66,183388,77,422332
16184,0.00179,74.125.68.0-255,7156,190544,77,422332
16185,0.001793,172.31.40.0-255,66,190610,77,422332
16186,0.001803,74.125.68.0-255,9992,200602,77,422332
16187,0.001813,172.31.40.0-255,66,200668,77,422332
16188,0.001824,74.125.68.0-255,1484,202152,77,422332
16189,0.001828,74.125.68.0-255,2184,204336,77,422332
16190,0.001849,172.31.40.0-255,66,204402,77,422332
16191,0.003784,74.125.68.0-255,1484,205886,77,422332
16192,0.003821,74.125.68.0-255,4320,210206,77,422332
16193,0.003826,172.31.40.0-255,66,210272,77,422332
16194,0.005799,74.125.68.0-255,5738,216010,77,422332
16195,0.005803,172.31.40.0-255,66,216076,77,422332
16196,0.007784,74.125.68.0-255,5738,221814,77,422332
16197,0.007791,172.31.40.0-255,66,221880,77,422332
16198,0.009801,74.125.68.0-255,5738,227618,77,422332
16199,0.009808,172.31.40.0-255,66,227684,77,422332
16200,0.011789,74.125.68.0-255,5738,233422,77,422332
16201,0.011799,172.31.40.0-255,66,233488,77,422332
16202,0.013785,74.125.68.0-255,5738,239226,77,422332
16203,0.013792,172.31.40.0-255,66,239292,77,422332
16204,0.015777,74.125.68.0-255,5738,245030,77,422332
16205,0.015785,172.31.40.0-255,66,245096,77,422332
16206,0.017766,74.125.68.0-255,5738,250834,77,422332
16207,0.017775,172.31.40.0-255,66,250900,77,422332
16208,0.019766,74.125.68.0-255,5738,256638,77,422332
16209,0.019773,172.31.40.0-255,66,256704,77,422332
16210,0.021773,74.125.68.0-255,5738,262442,77,422332
16211,0.02179,172.31.40.0-255,66,262508,77,422332
16212,0.023783,74.125.68.0-255,5738,268246,77,422332
16213,0.023795,172.31.40.0-255,66,268312,77,422332
16214,0.025801,74.125.68.0-255,5738,274050,77,422332
16215,0.02581,172.31.40.0-255,66,274116,77,422332
16216,0.027809,74.125.68.0-255,5738,279854,77,422332
16217,0.027821,172.31.40.0-255,66,279920,77,422332
16218,0.029812,74.125.68.0-255,5738,285658,77,422332
16219,0.029822,172.31.40.0-255,66,285724,77,422332
16220,0.03181,74.125.68.0-255,5738,291462,77,422332
16221,0.031817,172.31.40.0-255,66,291528,77,422332
16222,0.033794,74.125.68.0-255,5738,297266,77,422332
16223,0.0338,172.31.40.0-255,66,297332,77,422332
16224,0.035795,74.125.68.0-255,5738,303070,77,422332
16225,0.035809,172.31.40.0-255,66,303136,77,422332
16226,0.037796,74.125.68.0-255,5738,308874,77,422332
16227,0.037803,172.31.40.0-255,66,308940,77,422332
16228,0.039793,74.125.68.0-255,5738,314678,77,422332
16229,0.039801,172.31.40.0-255,66,314744,77,422332
16230,0.041782,74.125.68.0-255,5738,320482,77,422332
16231,0.041788,172.31.40.0-255,66,320548,77,422332
16232,0.043771,74.125.68.0-255,5738,326286,77,422332
16233,0.043778,172.31.40.0-255,66,326352,77,422332
16234,0.045768,74.125.68.0-255,5738,332090,77,422332
16235,0.045781,172.31.40.0-255,66,332156,77,422332
16236,0.047771,74.125.68.0-255,5738,337894,77,422332
16237,0.047778,172.31.40.0-255,66,337960,77,422332
16238,0.04977,74.125.68.0-255,5738,343698,77,422332
16239,0.049776,172.31.40.0-255,66,343764,77,422332
16240,0.051749,74.125.68.0-255,5738,349502,77,422332
16241,0.051754,172.31.40.0-255,66,349568,77,422332
16242,0.053772,74.125.68.0-255,5738,355306,77,422332
16243,0.053783,172.31.40.0-255,66,355372,77,422332
16244,0.05576,74.125.68.0-255,5738,361110,77,422332
16245,0.055767,172.31.40.0-255,66,361176,77,422332
16246,0.057759,74.125.68.0-255,5738,366914,77,422332
16247,0.057769,172.31.40.0-255,66,366980,77,422332
16248,0.059761,74.125.68.0-255,5738,372718,77,422332
16249,0.059769,172.31.40.0-255,66,372784,77,422332
16250,0.061777,74.125.68.0-255,5738,378522,77,422332
16251,0.061793,172.31.40.0-255,66,378588,77,422332
16252,0.063774,74.125.68.0-255,5738,384326,77,422332
16253,0.063782,172.31.40.0-255,66,384392,77,422332
16254,0.065771,74.125.68.0-255,5738,390130,77,422332
16255,0.065779,172.31.40.0-255,66,390196,77,422332
16256,0.067623,172.31.40.0-255,172,390368,77,422332
16257,0.067654,172.31.40.0-255,1121,391489,77,422332
16258,0.067718,172.31.40.0-255,1514,393003,77,422332
16259,0.067719,172.31.40.0-255,1514,394517,77,422332
16260,0.067721,172.31.40.0-255,1514,396031,77,422332
16261,0.067722,172.31.40.0-255,753,396784,77,422332
16262,0.067769,74.125.68.0-255,5738,402522,77,422332
16263,0.067774,172.31.40.0-255,66,402588,77,422332
16264,0.069155,104.244.42.0-255,66,402654,77,422332
16265,0.069211,104.244.42.0-255,66,402720,77,422332
16266,0.069293,104.244.42.0-255,66,402786,77,422332
16267,0.069296,104.244.42.0-255,66,402852,77,422332
16268,0.069791,74.125.68.0-255,5738,408590,77,422332
16269,0.069799,172.31.40.0-255,66,408656,77,422332
16270,0.070325,104.244.42.0-255,108,408764,77,422332
16271,0.070333,172.31.40.0-255,66,408830,77,422332
16272,0.071819,74.125.68.0-255,5738,414568,77,422332
16273,0.071826,172.31.40.0-255,66,414634,77,422332
16274,0.073824,74.125.68.0-255,5738,420372,77,422332
16275,0.073841,172.31.40.0-255,66,420438,77,422332
16276,0.075837,74.125.68.0-255,1657,422095,77,422332
16277,0.075852,172.31.40.0-255,66,422161,77,422332
16278,0.076085,172.31.40.0-255,105,422266,77,422332
16279,0.078034,74.125.68.0-255,66,422332,77,422332
16280,0.0,172.217.27.0-255,159,159,77,415579
16281,1.5e-05,172.31.40.0-255,66,225,77,415579
16282,2.1e-05,172.217.27.0-255,1484,1709,77,415579
16283,2.6e-05,172.31.40.0-255,66,1775,77,415579
16284,3.3e-05,172.217.27.0-255,2902,4677,77,415579
16285,3.7e-05,172.31.40.0-255,66,4743,77,415579
16286,4.4e-05,172.217.27.0-255,7156,11899,77,415579
16287,4.7e-05,172.31.40.0-255,66,11965,77,415579
16288,5.1e-05,172.217.27.0-255,2039,14004,77,415579
16289,5.5e-05,172.31.40.0-255,66,14070,77,415579
16290,5.9e-05,172.217.27.0-255,2902,16972,77,415579
16291,6.3e-05,172.31.40.0-255,66,17038,77,415579
16292,6.9e-05,172.217.27.0-255,5738,22776,77,415579
16293,7.2e-05,172.31.40.0-255,66,22842,77,415579
16294,9.9e-05,172.217.27.0-255,1484,24326,77,415579
16295,0.000102,172.31.40.0-255,66,24392,77,415579
16296,0.000109,172.217.27.0-255,6797,31189,77,415579
16297,0.000112,172.31.40.0-255,66,31255,77,415579
16298,0.000217,172.217.27.0-255,1484,32739,77,415579
16299,0.000221,172.31.40.0-255,66,32805,77,415579
16300,0.000226,172.217.27.0-255,2902,35707,77,415579
16301,0.000228,172.31.40.0-255,66,35773,77,415579
16302,0.000235,172.217.27.0-255,5738,41511,77,415579
16303,0.000238,172.31.40.0-255,66,41577,77,415579
16304,0.000242,172.217.27.0-255,2902,44479,77,415579
16305,0.000245,172.31.40.0-255,66,44545,77,415579
16306,0.000279,172.217.27.0-255,5379,49924,77,415579
16307,0.000282,172.31.40.0-255,66,49990,77,415579
16308,0.000291,172.217.27.0-255,8574,58564,77,415579
16309,0.000293,172.31.40.0-255,66,58630,77,415579
16310,0.000296,172.217.27.0-255,1484,60114,77,415579
16311,0.000298,172.31.40.0-255,66,60180,77,415579
16312,0.000315,172.217.27.0-255,5648,65828,77,415579
16313,0.000318,172.31.40.0-255,66,65894,77,415579
16314,0.000626,172.217.27.0-255,134,66028,77,415579
16315,0.000785,172.217.27.0-255,1484,67512,77,415579
16316,0.00079,172.31.40.0-255,66,67578,77,415579
16317,0.000796,172.217.27.0-255,2902,70480,77,415579
16318,0.000798,172.31.40.0-255,66,70546,77,415579
16319,0.000803,172.217.27.0-255,2902,73448,77,415579
16320,0.000805,172.31.40.0-255,66,73514,77,415579
16321,0.000822,172.217.27.0-255,2902,76416,77,415579
16322,0.000824,172.31.40.0-255,66,76482,77,415579
16323,0.00083,172.217.27.0-255,4320,80802,77,415579
16324,0.000832,172.31.40.0-255,66,80868,77,415579
16325,0.000863,172.217.27.0-255,2543,83411,77,415579
16326,0.000866,172.31.40.0-255,66,83477,77,415579
16327,0.000873,172.217.27.0-255,7156,90633,77,415579
16328,0.000875,172.31.40.0-255,66,90699,77,415579
16329,0.000884,172.217.27.0-255,9633,100332,77,415579
16330,0.000886,172.31.40.0-255,66,100398,77,415579
16331,0.001506,172.217.27.0-255,1484,101882,77,415579
16332,0.001515,172.217.27.0-255,2902,104784,77,415579
16333,0.001519,172.31.40.0-255,66,104850,77,415579
16334,0.001526,172.217.27.0-255,4320,109170,77,415579
16335,0.001529,172.31.40.0-255,66,109236,77,415579
16336,0.001536,172.217.27.0-255,7156,116392,77,415579
16337,0.001539,172.31.40.0-255,66,116458,77,415579
16338,0.001566,172.217.27.0-255,1484,117942,77,415579
16339,0.001576,172.217.27.0-255,11410,129352,77,415579
16340,0.001579,172.31.40.0-255,66,129418,77,415579
16341,0.001604,172.217.27.0-255,5020,134438,77,415579
16342,0.001607,172.31.40.0-255,66,134504,77,415579
16343,0.00324,172.217.27.0-255,5738,140242,77,415579
16344,0.003244,172.31.40.0-255,66,140308,77,415579
16345,0.00487,172.217.27.0-255,5738,146046,77,415579
16346,0.004877,172.31.40.0-255,66,146112,77,415579
16347,0.00651,172.217.27.0-255,5738,151850,77,415579
16348,0.006516,172.31.40.0-255,66,151916,77,415579
16349,0.008147,172.217.27.0-255,5738,157654,77,415579
16350,0.008153,172.31.40.0-255,66,157720,77,415579
16351,0.009781,172.217.27.0-255,5738,163458,77,415579
16352,0.009787,172.31.40.0-255,66,163524,77,415579
16353,0.011416,172.217.27.0-255,5738,169262,77,415579
16354,0.011423,172.31.40.0-255,66,169328,77,415579
16355,0.013072,172.217.27.0-255,5738,175066,77,415579
16356,0.013079,172.31.40.0-255,66,175132,77,415579
16357,0.01475,172.217.27.0-255,5738,180870,77,415579
16358,0.014757,172.31.40.0-255,66,180936,77,415579
16359,0.016395,172.217.27.0-255,5738,186674,77,415579
16360,0.016404,172.31.40.0-255,66,186740,77,415579
16361,0.018039,172.217.27.0-255,5738,192478,77,415579
16362,0.018047,172.31.40.0-255,66,192544,77,415579
16363,0.019684,172.217.27.0-255,5738,198282,77,415579
16364,0.01969,172.31.40.0-255,66,198348,77,415579
16365,0.02133,172.217.27.0-255,5738,204086,77,415579
16366,0.021337,172.31.40.0-255,66,204152,77,415579
16367,0.022974,172.217.27.0-255,5738,209890,77,415579
16368,0.022981,172.31.40.0-255,66,209956,77,415579
16369,0.024612,172.217.27.0-255,5738,215694,77,415579
16370,0.024618,172.31.40.0-255,66,215760,77,415579
16371,0.026255,172.217.27.0-255,5738,221498,77,415579
16372,0.026263,172.31.40.0-255,66,221564,77,415579
16373,0.02789,172.217.27.0-255,5738,227302,77,415579
16374,0.027896,172.31.40.0-255,66,227368,77,415579
16375,0.029536,172.217.27.0-255,5738,233106,77,415579
16376,0.029542,172.31.40.0-255,66,233172,77,415579
16377,0.030693,172.31.40.0-255,176,233348,77,415579
16378,0.030721,172.31.40.0-255,1066,234414,77,415579
16379,0.031182,172.217.27.0-255,5738,240152,77,415579
16380,0.031189,172.31.40.0-255,66,240218,77,415579
16381,0.032263,104.244.42.0-255,66,240284,77,415579
16382,0.032272,104.244.42.0-255,66,240350,77,415579
16383,0.032824,172.217.27.0-255,5738,246088,77,415579
16384,0.032831,172.31.40.0-255,66,246154,77,415579
16385,0.034476,172.217.27.0-255,5738,251892,77,415579
16386,0.034482,172.31.40.0-255,66,251958,77,415579
16387,0.036136,172.217.27.0-255,5738,257696,77,415579
16388,0.036142,172.31.40.0-255,66,257762,77,415579
16389,0.037776,172.217.27.0-255,5738,263500,77,415579
16390,0.037782,172.31.40.0-255,66,263566,77,415579
16391,0.039424,172.217.27.0-255,5738,269304,77,415579
16392,0.039431,172.31.40.0-255,66,269370,77,415579
16393,0.041084,172.217.27.0-255,5738,275108,77,415579
16394,0.041093,172.31.40.0-255,66,275174,77,415579
16395,0.042731,172.217.27.0-255,5738,280912,77,415579
16396,0.042738,172.31.40.0-255,66,280978,77,415579
16397,0.044374,172.217.27.0-255,5738,286716,77,415579
16398,0.044381,172.31.40.0-255,66,286782,77,415579
16399,0.046023,172.217.27.0-255,5738,292520,77,415579
16400,0.04603,172.31.40.0-255,66,292586,77,415579
16401,0.04768,172.217.27.0-255,5738,298324,77,415579
16402,0.047686,172.31.40.0-255,66,298390,77,415579
16403,0.049324,172.217.27.0-255,5738,304128,77,415579
16404,0.049331,172.31.40.0-255,66,304194,77,415579
16405,0.050975,172.217.27.0-255,5738,309932,77,415579
16406,0.05098,172.31.40.0-255,66,309998,77,415579
16407,0.052619,172.217.27.0-255,5738,315736,77,415579
16408,0.052625,172.31.40.0-255,66,315802,77,415579
16409,0.054284,172.217.27.0-255,5738,321540,77,415579
16410,0.054291,172.31.40.0-255,66,321606,77,415579
16411,0.055965,172.217.27.0-255,5738,327344,77,415579
16412,0.055971,172.31.40.0-255,66,327410,77,415579
16413,0.057615,172.217.27.0-255,5738,333148,77,415579
16414,0.057622,172.31.40.0-255,66,333214,77,415579
16415,0.059278,172.217.27.0-255,5738,338952,77,415579
16416,0.059283,172.31.40.0-255,66,339018,77,415579
16417,0.060928,172.217.27.0-255,5738,344756,77,415579
16418,0.060935,172.31.40.0-255,66,344822,77,415579
16419,0.062572,172.217.27.0-255,5738,350560,77,415579
16420,0.062578,172.31.40.0-255,66,350626,77,415579
16421,0.064225,172.217.27.0-255,5738,356364,77,415579
16422,0.06423,172.31.40.0-255,66,356430,77,415579
16423,0.065878,172.217.27.0-255,5738,362168,77,415579
16424,0.065885,172.31.40.0-255,66,362234,77,415579
16425,0.067536,172.217.27.0-255,5738,367972,77,415579
16426,0.067542,172.31.40.0-255,66,368038,77,415579
16427,0.069214,172.217.27.0-255,5738,373776,77,415579
16428,0.069219,172.31.40.0-255,66,373842,77,415579
16429,0.070869,172.217.27.0-255,5738,379580,77,415579
16430,0.070876,172.31.40.0-255,66,379646,77,415579
16431,0.072516,172.217.27.0-255,5738,385384,77,415579
16432,0.072523,172.31.40.0-255,66,385450,77,415579
16433,0.074164,172.217.27.0-255,5738,391188,77,415579
16434,0.074171,172.31.40.0-255,66,391254,77,415579
16435,0.075825,172.217.27.0-255,5738,396992,77,415579
16436,0.075832,172.31.40.0-255,66,397058,77,415579
16437,0.077485,172.217.27.0-255,5738,402796,77,415579
16438,0.077491,172.31.40.0-255,66,402862,77,415579
16439,0.079135,172.217.27.0-255,5738,408600,77,415579
16440,0.07914,172.31.40.0-255,66,408666,77,415579
16441,0.080789,172.217.27.0-255,5738,414404,77,415579
16442,0.080795,172.31.40.0-255,66,414470,77,415579
16443,0.082412,172.217.27.0-255,872,415342,77,415579
16444,0.082541,172.31.40.0-255,66,415408,77,415579
16445,0.082575,172.31.40.0-255,105,415513,77,415579
16446,0.084204,172.217.27.0-255,66,415579,77,415579
16447,0.0,74.125.24.0-255,153,153,77,407405
16448,3.5e-05,172.31.40.0-255,66,219,77,407405
16449,6.8e-05,74.125.24.0-255,1484,1703,77,407405
16450,7.3e-05,172.31.40.0-255,66,1769,77,407405
16451,7.8e-05,74.125.24.0-255,2902,4671,77,407405
16452,8.1e-05,172.31.40.0-255,66,4737,77,407405
16453,8.8e-05,74.125.24.0-255,4320,9057,77,407405
16454,9.1e-05,172.31.40.0-255,66,9123,77,407405
16455,0.000122,74.125.24.0-255,1484,10607,77,407405
16456,0.000125,172.31.40.0-255,66,10673,77,407405
16457,0.000131,74.125.24.0-255,3446,14119,77,407405
16458,0.000134,172.31.40.0-255,66,14185,77,407405
16459,0.00026,74.125.24.0-255,1484,15669,77,407405
16460,0.000264,172.31.40.0-255,66,15735,77,407405
16461,0.00027,74.125.24.0-255,2902,18637,77,407405
16462,0.000272,172.31.40.0-255,66,18703,77,407405
16463,0.000275,74.125.24.0-255,1484,20187,77,407405
16464,0.000284,172.31.40.0-255,66,20253,77,407405
16465,0.000315,74.125.24.0-255,4320,24573,77,407405
16466,0.00032,172.31.40.0-255,66,24639,77,407405
16467,0.000325,74.125.24.0-255,4320,28959,77,407405
16468,0.000327,172.31.40.0-255,66,29025,77,407405
16469,0.000369,74.125.24.0-255,9633,38658,77,407405
16470,0.000375,172.31.40.0-255,66,38724,77,407405
16471,0.00038,74.125.24.0-255,4320,43044,77,407405
16472,0.000382,172.31.40.0-255,66,43110,77,407405
16473,0.000408,74.125.24.0-255,5379,48489,77,407405
16474,0.000412,172.31.40.0-255,66,48555,77,407405
16475,0.000444,74.125.24.0-255,5738,54293,77,407405
16476,0.000447,172.31.40.0-255,66,54359,77,407405
16477,0.000478,74.125.24.0-255,4320,58679,77,407405
16478,0.000481,172.31.40.0-255,66,58745,77,407405
16479,0.000489,74.125.24.0-255,6797,65542,77,407405
16480,0.000492,172.31.40.0-255,66,65608,77,407405
16481,0.000495,74.125.24.0-255,403,66011,77,407405
16482,0.000784,74.125.24.0-255,341,66352,77,407405
16483,0.000819,172.31.40.0-255,66,66418,77,407405
16484,0.000892,74.125.24.0-255,1484,67902,77,407405
16485,0.000901,74.125.24.0-255,2902,70804,77,407405
16486,0.000904,172.31.40.0-255,66,70870,77,407405
16487,0.000911,74.125.24.0-255,5738,76608,77,407405
16488,0.000913,172.31.40.0-255,66,76674,77,407405
16489,0.000944,74.125.24.0-255,6797,83471,77,407405
16490,0.000947,172.31.40.0-255,66,83537,77,407405
16491,0.000979,74.125.24.0-255,5738,89275,77,407405
16492,0.000983,172.31.40.0-255,66,89341,77,407405
16493,0.001012,74.125.24.0-255,8574,97915,77,407405
16494,0.001015,172.31.40.0-255,66,97981,77,407405
16495,0.001019,74.125.24.0-255,2543,100524,77,407405
16496,0.001022,172.31.40.0-255,66,100590,77,407405
16497,0.001913,74.125.24.0-255,1484,102074,77,407405
16498,0.001921,74.125.24.0-255,2902,104976,77,407405
16499,0.001925,172.31.40.0-255,66,105042,77,407405
16500,0.001954,74.125.24.0-255,5738,110780,77,407405
16501,0.001957,172.31.40.0-255,66,110846,77,407405
16502,0.001962,74.125.24.0-255,4320,115166,77,407405
16503,0.001964,172.31.40.0-255,66,115232,77,407405
16504,0.001981,74.125.24.0-255,1484,116716,77,407405
16505,0.002015,74.125.24.0-255,9992,126708,77,407405
16506,0.002018,172.31.40.0-255,66,126774,77,407405
16507,0.002053,74.125.24.0-255,4320,131094,77,407405
16508,0.002055,172.31.40.0-255,66,131160,77,407405
16509,0.002079,74.125.24.0-255,3602,134762,77,407405
16510,0.002081,172.31.40.0-255,66,134828,77,407405
16511,0.002278,74.125.24.0-255,1484,136312,77,407405
16512,0.002296,74.125.24.0-255,2902,139214,77,407405
16513,0.002299,172.31.40.0-255,66,139280,77,407405
16514,0.00232,74.125.24.0-255,1484,140764,77,407405
16515,0.002323,74.125.24.0-255,2902,143666,77,407405
16516,0.002325,172.31.40.0-255,66,143732,77,407405
16517,0.002328,74.125.24.0-255,1484,145216,77,407405
16518,0.002349,74.125.24.0-255,4320,149536,77,407405
16519,0.002351,172.31.40.0-255,66,149602,77,407405
16520,0.002354,74.125.24.0-255,1484,151086,77,407405
16521,0.00239,74.125.24.0-255,11410,162496,77,407405
16522,0.002393,172.31.40.0-255,66,162562,77,407405
16523,0.002413,74.125.24.0-255,7156,169718,77,407405
16524,0.002416,172.31.40.0-255,66,169784,77,407405
16525,0.002452,74.125.24.0-255,13528,183312,77,407405
16526,0.002454,172.31.40.0-255,66,183378,77,407405
16527,0.002469,172.31.40.0-255,66,183444,77,407405
16528,0.002472,74.125.24.0-255,2184,185628,77,407405
16529,0.002474,172.31.40.0-255,66,185694,77,407405
16530,0.002511,74.125.24.0-255,2902,188596,77,407405
16531,0.002513,172.31.40.0-255,66,188662,77,407405
16532,0.002519,74.125.24.0-255,4320,192982,77,407405
16533,0.002521,172.31.40.0-255,66,193048,77,407405
16534,0.002544,74.125.24.0-255,1484,194532,77,407405
16535,0.002551,74.125.24.0-255,7156,201688,77,407405
16536,0.002553,172.31.40.0-255,66,201754,77,407405
16537,0.005069,74.125.24.0-255,4320,206074,77,407405
16538,0.005072,172.31.40.0-255,66,206140,77,407405
16539,0.005088,74.125.24.0-255,1484,207624,77,407405
16540,0.007558,74.125.24.0-255,4320,211944,77,407405
16541,0.007566,172.31.40.0-255,66,212010,77,407405
16542,0.010197,74.125.24.0-255,5738,217748,77,407405
16543,0.010273,172.31.40.0-255,66,217814,77,407405
16544,0.012815,74.125.24.0-255,5738,223552,77,407405
16545,0.012825,172.31.40.0-255,66,223618,77,407405
16546,0.015329,74.125.24.0-255,5738,229356,77,407405
16547,0.015338,172.31.40.0-255,66,229422,77,407405
16548,0.017857,74.125.24.0-255,5738,235160,77,407405
16549,0.017867,172.31.40.0-255,66,235226,77,407405
16550,0.020396,74.125.24.0-255,5738,240964,77,407405
16551,0.020407,172.31.40.0-255,66,241030,77,407405
16552,0.022946,74.125.24.0-255,5738,246768,77,407405
16553,0.022966,172.31.40.0-255,66,246834,77,407405
16554,0.025456,74.125.24.0-255,5738,252572,77,407405
16555,0.025469,172.31.40.0-255,66,252638,77,407405
16556,0.028007,74.125.24.0-255,5738,258376,77,407405
16557,0.028025,172.31.40.0-255,66,258442,77,407405
16558,0.03053,74.125.24.0-255,4320,262762,77,407405
16559,0.030537,172.31.40.0-255,66,262828,77,407405
16560,0.030564,74.125.24.0-255,1484,264312,77,407405
16561,0.033071,74.125.24.0-255,4320,268632,77,407405
16562,0.033088,172.31.40.0-255,66,268698,77,407405
16563,0.035587,74.125.24.0-255,5738,274436,77,407405
16564,0.035595,172.31.40.0-255,66,274502,77,407405
16565,0.038113,74.125.24.0-255,5738,280240,77,407405
16566,0.038132,172.31.40.0-255,66,280306,77,407405
16567,0.040628,74.125.24.0-255,5738,286044,77,407405
16568,0.040636,172.31.40.0-255,66,286110,77,407405
16569,0.043182,74.125.24.0-255,5738,291848,77,407405
16570,0.043204,172.31.40.0-255,66,291914,77,407405
16571,0.045723,74.125.24.0-255,5738,297652,77,407405
16572,0.045738,172.31.40.0-255,66,297718,77,407405
16573,0.048266,74.125.24.0-255,5738,303456,77,407405
16574,0.048284,172.31.40.0-255,66,303522,77,407405
16575,0.050805,74.125.24.0-255,5738,309260,77,407405
16576,0.050821,172.31.40.0-255,66,309326,77,407405
16577,0.053352,74.125.24.0-255,5738,315064,77,407405
16578,0.053371,172.31.40.0-255,66,315130,77,407405
16579,0.055859,74.125.24.0-255,5738,320868,77,407405
16580,0.055868,172.31.40.0-255,66,320934,77,407405
16581,0.058185,172.31.40.0-255,172,321106,77,407405
16582,0.058217,172.31.40.0-255,1120,322226,77,407405
16583,0.058268,172.31.40.0-255,1514,323740,77,407405
16584,0.058271,172.31.40.0-255,1514,325254,77,407405
16585,0.058276,172.31.40.0-255,1514,326768,77,407405
16586,0.058277,172.31.40.0-255,1514,328282,77,407405
16587,0.058308,172.31.40.0-255,1514,329796,77,407405
16588,0.058309,172.31.40.0-255,440,330236,77,407405
16589,0.058348,74.125.24.0-255,5738,335974,77,407405
16590,0.058354,172.31.40.0-255,66,336040,77,407405
16591,0.059739,104.244.42.0-255,66,336106,77,407405
16592,0.059783,104.244.42.0-255,66,336172,77,407405
16593,0.059864,104.244.42.0-255,66,336238,77,407405
16594,0.05987,104.244.42.0-255,66,336304,77,407405
16595,0.060859,74.125.24.0-255,5738,342042,77,407405
16596,0.060872,172.31.40.0-255,66,342108,77,407405
16597,0.063402,74.125.24.0-255,5738,347846,77,407405
16598,0.063423,172.31.40.0-255,66,347912,77,407405
16599,0.065921,74.125.24.0-255,5738,353650,77,407405
16600,0.065936,172.31.40.0-255,66,353716,77,407405
16601,0.068436,74.125.24.0-255,5738,359454,77,407405
16602,0.068443,172.31.40.0-255,66,359520,77,407405
16603,0.070963,74.125.24.0-255,5738,365258,77,407405
16604,0.071,172.31.40.0-255,66,365324,77,407405
16605,0.07355,74.125.24.0-255,5738,371062,77,407405
16606,0.07357,172.31.40.0-255,66,371128,77,407405
16607,0.076093,74.125.24.0-255,5738,376866,77,407405
16608,0.076115,172.31.40.0-255,66,376932,77,407405
16609,0.078664,74.125.24.0-255,5738,382670,77,407405
16610,0.078684,172.31.40.0-255,66,382736,77,407405
16611,0.081207,74.125.24.0-255,5738,388474,77,407405
16612,0.081226,172.31.40.0-255,66,388540,77,407405
16613,0.08373,74.125.24.0-255,5738,394278,77,407405
16614,0.083745,172.31.40.0-255,66,394344,77,407405
16615,0.086274,74.125.24.0-255,5738,400082,77,407405
16616,0.086291,172.31.40.0-255,66,400148,77,407405
16617,0.088805,74.125.24.0-255,5738,405886,77,407405
16618,0.088826,172.31.40.0-255,66,405952,77,407405
16619,0.09136,74.125.24.0-255,1216,407168,77,407405
16620,0.09163,172.31.40.0-255,66,407234,77,407405
16621,0.091661,172.31.40.0-255,105,407339,77,407405
16622,0.094147,74.125.24.0-255,66,407405,77,407405
16623,0.0,172.217.194.0-255,153,153,77,336355
16624,1.6e-05,172.31.40.0-255,66,219,77,336355
16625,2.3e-05,172.217.194.0-255,1484,1703,77,336355
16626,2.7e-05,172.31.40.0-255,66,1769,77,336355
16627,3.2e-05,172.217.194.0-255,2902,4671,77,336355
16628,3.5e-05,172.31.40.0-255,66,4737,77,336355
16629,4.6e-05,172.217.194.0-255,4320,9057,77,336355
16630,4.9e-05,172.31.40.0-255,66,9123,77,336355
16631,9e-05,172.217.194.0-255,7156,16279,77,336355
16632,9.2e-05,172.31.40.0-255,66,16345,77,336355
16633,0.000117,172.217.194.0-255,2166,18511,77,336355
16634,0.000119,172.31.40.0-255,66,18577,77,336355
16635,0.000125,172.217.194.0-255,5738,24315,77,336355
16636,0.000127,172.31.40.0-255,66,24381,77,336355
16637,0.000157,172.217.194.0-255,6797,31178,77,336355
16638,0.00016,172.31.40.0-255,66,31244,77,336355
16639,0.000201,172.217.194.0-255,1484,32728,77,336355
16640,0.000203,172.31.40.0-255,66,32794,77,336355
16641,0.000226,172.217.194.0-255,2902,35696,77,336355
16642,0.000228,172.31.40.0-255,66,35762,77,336355
16643,0.000234,172.217.194.0-255,5738,41500,77,336355
16644,0.000236,172.31.40.0-255,66,41566,77,336355
16645,0.00028,172.217.194.0-255,6797,48363,77,336355
16646,0.000282,172.31.40.0-255,66,48429,77,336355
16647,0.000544,172.217.194.0-255,1484,49913,77,336355
16648,0.000549,172.31.40.0-255,66,49979,77,336355
16649,0.000557,172.217.194.0-255,2902,52881,77,336355
16650,0.000559,172.31.40.0-255,66,52947,77,336355
16651,0.000571,172.217.194.0-255,5738,58685,77,336355
16652,0.000574,172.31.40.0-255,66,58751,77,336355
16653,0.00061,172.217.194.0-255,8574,67325,77,336355
16654,0.000614,172.31.40.0-255,66,67391,77,336355
16655,0.000642,172.217.194.0-255,5379,72770,77,336355
16656,0.000645,172.31.40.0-255,66,72836,77,336355
16657,0.000682,172.217.194.0-255,8574,81410,77,336355
16658,0.000685,172.31.40.0-255,66,81476,77,336355
16659,0.00072,172.217.194.0-255,5738,87214,77,336355
16660,0.000724,172.31.40.0-255,66,87280,77,336355
16661,0.000731,172.217.194.0-255,7156,94436,77,336355
16662,0.000733,172.31.40.0-255,66,94502,77,336355
16663,0.000744,172.217.194.0-255,5020,99522,77,336355
16664,0.000746,172.31.40.0-255,66,99588,77,336355
16665,0.00078,172.217.194.0-255,360,99948,77,336355
16666,0.000827,172.217.194.0-255,1484,101432,77,336355
16667,0.000831,172.31.40.0-255,66,101498,77,336355
16668,0.000836,172.217.194.0-255,2902,104400,77,336355
16669,0.000839,172.31.40.0-255,66,104466,77,336355
16670,0.000869,172.217.194.0-255,5738,110204,77,336355
16671,0.000873,172.31.40.0-255,66,110270,77,336355
16672,0.000903,172.217.194.0-255,6416,116686,77,336355
16673,0.000906,172.31.40.0-255,66,116752,77,336355
16674,0.001024,172.217.194.0-255,1484,118236,77,336355
16675,0.00103,172.217.194.0-255,2902,121138,77,336355
16676,0.001033,172.31.40.0-255,66,121204,77,336355
16677,0.00104,172.217.194.0-255,5738,126942,77,336355
16678,0.001042,172.31.40.0-255,66,127008,77,336355
16679,0.001059,172.217.194.0-255,12828,139836,77,336355
16680,0.001061,172.31.40.0-255,66,139902,77,336355
16681,0.001071,172.217.194.0-255,10692,150594,77,336355
16682,0.001075,172.31.40.0-255,66,150660,77,336355
16683,0.001104,172.217.194.0-255,1484,152144,77,336355
16684,0.001148,172.31.40.0-255,66,152210,77,336355
16685,0.001169,172.217.194.0-255,1484,153694,77,336355
16686,0.001198,172.31.40.0-255,66,153760,77,336355
16687,0.001201,172.217.194.0-255,1484,155244,77,336355
16688,0.001303,172.217.194.0-255,1823,157067,77,336355
16689,0.001307,172.31.40.0-255,66,157133,77,336355
16690,0.00131,172.31.40.0-255,66,157199,77,336355
16691,0.001334,172.217.194.0-255,1484,158683,77,336355
16692,0.001355,172.217.194.0-255,2902,161585,77,336355
16693,0.001358,172.31.40.0-255,66,161651,77,336355
16694,0.001365,172.217.194.0-255,5738,167389,77,336355
16695,0.001367,172.31.40.0-255,66,167455,77,336355
16696,0.001429,172.217.194.0-255,12828,180283,77,336355
16697,0.001433,172.31.40.0-255,66,180349,77,336355
16698,0.001443,172.217.194.0-255,10692,191041,77,336355
16699,0.00145,172.31.40.0-255,66,191107,77,336355
16700,0.001567,172.217.194.0-255,1484,192591,77,336355
16701,0.001572,172.217.194.0-255,2902,195493,77,336355
16702,0.001578,172.31.40.0-255,66,195559,77,336355
16703,0.001593,172.217.194.0-255,5738,201297,77,336355
16704,0.001596,172.31.40.0-255,66,201363,77,336355
16705,0.001625,172.217.194.0-255,12828,214191,77,336355
16706,0.001628,172.31.40.0-255,66,214257,77,336355
16707,0.001634,172.217.194.0-255,4320,218577,77,336355
16708,0.001637,172.31.40.0-255,66,218643,77,336355
16709,0.001665,172.217.194.0-255,6438,225081,77,336355
16710,0.001672,172.31.40.0-255,66,225147,77,336355
16711,0.002327,172.217.194.0-255,1484,226631,77,336355
16712,0.002333,172.217.194.0-255,2902,229533,77,336355
16713,0.002337,172.31.40.0-255,66,229599,77,336355
16714,0.003993,172.217.194.0-255,1484,231083,77,336355
16715,0.004639,172.217.194.0-255,4320,235403,77,336355
16716,0.004647,172.31.40.0-255,66,235469,77,336355
16717,0.006938,172.217.194.0-255,4320,239789,77,336355
16718,0.006941,172.31.40.0-255,66,239855,77,336355
16719,0.006964,172.217.194.0-255,1484,241339,77,336355
16720,0.009221,172.217.194.0-255,4320,245659,77,336355
16721,0.009225,172.31.40.0-255,66,245725,77,336355
16722,0.011512,172.217.194.0-255,5738,251463,77,336355
16723,0.01152,172.31.40.0-255,66,251529,77,336355
16724,0.013852,172.217.194.0-255,5738,257267,77,336355
16725,0.01386,172.31.40.0-255,66,257333,77,336355
16726,0.016153,172.217.194.0-255,5738,263071,77,336355
16727,0.01616,172.31.40.0-255,66,263137,77,336355
16728,0.018452,172.217.194.0-255,5738,268875,77,336355
16729,0.01846,172.31.40.0-255,66,268941,77,336355
16730,0.020768,172.217.194.0-255,5738,274679,77,336355
16731,0.020775,172.31.40.0-255,66,274745,77,336355
16732,0.023085,172.217.194.0-255,5738,280483,77,336355
16733,0.023091,172.31.40.0-255,66,280549,77,336355
16734,0.025392,172.217.194.0-255,5738,286287,77,336355
16735,0.025398,172.31.40.0-255,66,286353,77,336355
16736,0.027698,172.217.194.0-255,4320,290673,77,336355
16737,0.027704,172.31.40.0-255,66,290739,77,336355
16738,0.02773,172.217.194.0-255,1484,292223,77,336355
16739,0.030005,172.217.194.0-255,4320,296543,77,336355
16740,0.030013,172.31.40.0-255,66,296609,77,336355
16741,0.030131,172.31.40.0-255,167,296776,77,336355
16742,0.030159,172.31.40.0-255,1115,297891,77,336355
16743,0.030277,172.31.40.0-255,1514,299405,77,336355
16744,0.030279,172.31.40.0-255,326,299731,77,336355
16745,0.031666,104.244.42.0-255,66,299797,77,336355
16746,0.031701,104.244.42.0-255,66,299863,77,336355
16747,0.031783,104.244.42.0-255,66,299929,77,336355
16748,0.032348,172.217.194.0-255,5738,305667,77,336355
16749,0.032353,172.31.40.0-255,66,305733,77,336355
16750,0.034759,172.217.194.0-255,5738,311471,77,336355
16751,0.034765,172.31.40.0-255,66,311537,77,336355
16752,0.037088,172.217.194.0-255,5738,317275,77,336355
16753,0.037095,172.31.40.0-255,66,317341,77,336355
16754,0.039418,172.217.194.0-255,5738,323079,77,336355
16755,0.039424,172.31.40.0-255,66,323145,77,336355
16756,0.041757,172.217.194.0-255,5738,328883,77,336355
16757,0.041762,172.31.40.0-255,66,328949,77,336355
16758,0.044075,172.217.194.0-255,5738,334687,77,336355
16759,0.044081,172.31.40.0-255,66,334753,77,336355
16760,0.046354,172.217.194.0-255,1365,336118,77,336355
16761,0.046492,172.31.40.0-255,66,336184,77,336355
16762,0.046527,172.31.40.0-255,105,336289,77,336355
16763,0.048797,172.217.194.0-255,66,336355,77,336355
16764,0.0,172.31.40.0-255,105,105,77,276
16765,0.001794,157.240.7.0-255,105,210,77,276
16766,0.041362,172.31.40.0-255,66,276,77,276
16767,0.0,172.217.194.0-255,297,297,77,201614
16768,2.4e-05,172.31.40.0-255,66,363,77,201614
16769,3e-05,172.217.194.0-255,1484,1847,77,201614
16770,3.5e-05,172.31.40.0-255,66,1913,77,201614
16771,4.2e-05,172.217.194.0-255,4320,6233,77,201614
16772,5.3e-05,172.31.40.0-255,66,6299,77,201614
16773,0.000154,172.217.194.0-255,5738,12037,77,201614
16774,0.000158,172.31.40.0-255,66,12103,77,201614
16775,0.000177,172.217.194.0-255,1865,13968,77,201614
16776,0.00018,172.31.40.0-255,66,14034,77,201614
16777,0.000364,172.217.194.0-255,4320,18354,77,201614
16778,0.000369,172.31.40.0-255,66,18420,77,201614
16779,0.000495,172.217.194.0-255,5738,24158,77,201614
16780,0.0005,172.31.40.0-255,66,24224,77,201614
16781,0.000666,172.217.194.0-255,7156,31380,77,201614
16782,0.00067,172.31.40.0-255,66,31446,77,201614
16783,0.000695,172.217.194.0-255,5379,36825,77,201614
16784,0.000697,172.31.40.0-255,66,36891,77,201614
16785,0.001013,172.217.194.0-255,5738,42629,77,201614
16786,0.001017,172.31.40.0-255,66,42695,77,201614
16787,0.001054,172.217.194.0-255,5379,48074,77,201614
16788,0.001056,172.31.40.0-255,66,48140,77,201614
16789,0.001337,172.217.194.0-255,9992,58132,77,201614
16790,0.001342,172.31.40.0-255,66,58198,77,201614
16791,0.001613,172.217.194.0-255,10213,68411,77,201614
16792,0.001619,172.31.40.0-255,66,68477,77,201614
16793,0.001937,172.31.40.0-255,66,68543,77,201614
16794,0.001967,172.217.194.0-255,3961,72504,77,201614
16795,0.00197,172.31.40.0-255,66,72570,77,201614
16796,0.002532,172.217.194.0-255,8215,80785,77,201614
16797,0.002539,172.31.40.0-255,66,80851,77,201614
16798,0.002765,172.217.194.0-255,2902,83753,77,201614
16799,0.002768,172.31.40.0-255,66,83819,77,201614
16800,0.002825,172.31.40.0-255,66,83885,77,201614
16801,0.003685,172.217.194.0-255,766,84651,77,201614
16802,0.003718,172.217.194.0-255,2902,87553,77,201614
16803,0.003721,172.31.40.0-255,66,87619,77,201614
16804,0.003751,172.31.40.0-255,66,87685,77,201614
16805,0.003791,172.217.194.0-255,12110,99795,77,201614
16806,0.004667,172.217.194.0-255,5738,105533,77,201614
16807,0.004689,172.217.194.0-255,9992,115525,77,201614
16808,0.004743,172.217.194.0-255,8574,124099,77,201614
16809,0.004759,172.217.194.0-255,5738,129837,77,201614
16810,0.005529,172.217.194.0-255,7156,136993,77,201614
16811,0.005726,172.217.194.0-255,2902,139895,77,201614
16812,0.005784,172.217.194.0-255,12828,152723,77,201614
16813,0.006664,172.31.40.0-255,66,152789,77,201614
16814,0.006744,172.217.194.0-255,7156,159945,77,201614
16815,0.006771,172.31.40.0-255,66,160011,77,201614
16816,0.007311,172.31.40.0-255,101,160112,77,201614
16817,0.00763,172.31.40.0-255,66,160178,77,201614
16818,0.007686,172.31.40.0-255,66,160244,77,201614
16819,0.008563,172.217.194.0-255,8574,168818,77,201614
16820,0.008567,172.31.40.0-255,66,168884,77,201614
16821,0.008615,172.31.40.0-255,66,168950,77,201614
16822,0.00901,172.217.194.0-255,5738,174688,77,201614
16823,0.009014,172.31.40.0-255,66,174754,77,201614
16824,0.009068,172.31.40.0-255,66,174820,77,201614
16825,0.009993,172.217.194.0-255,8574,183394,77,201614
16826,0.010001,172.31.40.0-255,66,183460,77,201614
16827,0.010083,172.31.40.0-255,66,183526,77,201614
16828,0.010956,172.217.194.0-255,4320,187846,77,201614
16829,0.010962,172.31.40.0-255,66,187912,77,201614
16830,0.010978,172.217.194.0-255,1484,189396,77,201614
16831,0.011101,172.217.194.0-255,7636,197032,77,201614
16832,0.011104,172.31.40.0-255,66,197098,77,201614
16833,0.011247,172.217.194.0-255,66,197164,77,201614
16834,0.014124,172.31.40.0-255,105,197269,77,201614
16835,0.016442,172.217.194.0-255,66,197335,77,201614
16836,0.05619,172.31.40.0-255,172,197507,77,201614
16837,0.056224,172.31.40.0-255,1120,198627,77,201614
16838,0.056285,172.31.40.0-255,1514,200141,77,201614
16839,0.056287,172.31.40.0-255,1275,201416,77,201614
16840,0.057756,104.244.42.0-255,66,201482,77,201614
16841,0.057802,104.244.42.0-255,66,201548,77,201614
16842,0.057826,104.244.42.0-255,66,201614,77,201614
16843,0.0,74.125.130.0-255,150,150,77,416631
16844,2.2e-05,172.31.40.0-255,66,216,77,416631
16845,2.9e-05,74.125.130.0-255,1484,1700,77,416631
16846,3.3e-05,172.31.40.0-255,66,1766,77,416631
16847,3.6e-05,74.125.130.0-255,1484,3250,77,416631
16848,3.9e-05,172.31.40.0-255,66,3316,77,416631
16849,7e-05,74.125.130.0-255,1484,4800,77,416631
16850,7.3e-05,172.31.40.0-255,66,4866,77,416631
16851,7.9e-05,74.125.130.0-255,5738,10604,77,416631
16852,8.2e-05,172.31.40.0-255,66,10670,77,416631
16853,8.4e-05,74.125.130.0-255,1484,12154,77,416631
16854,9e-05,172.31.40.0-255,66,12220,77,416631
16855,9.4e-05,74.125.130.0-255,2067,14287,77,416631
16856,9.7e-05,172.31.40.0-255,66,14353,77,416631
16857,0.000141,74.125.130.0-255,1484,15837,77,416631
16858,0.000143,172.31.40.0-255,66,15903,77,416631
16859,0.000147,74.125.130.0-255,1484,17387,77,416631
16860,0.000148,172.31.40.0-255,66,17453,77,416631
16861,0.000168,74.125.130.0-255,1484,18937,77,416631
16862,0.00017,172.31.40.0-255,66,19003,77,416631
16863,0.000178,74.125.130.0-255,2902,21905,77,416631
16864,0.00018,172.31.40.0-255,66,21971,77,416631
16865,0.000185,74.125.130.0-255,4320,26291,77,416631
16866,0.000187,172.31.40.0-255,66,26357,77,416631
16867,0.000219,74.125.130.0-255,4320,30677,77,416631
16868,0.000221,172.31.40.0-255,66,30743,77,416631
16869,0.000231,74.125.130.0-255,1125,31868,77,416631
16870,0.000237,172.31.40.0-255,66,31934,77,416631
16871,0.000353,74.125.130.0-255,1484,33418,77,416631
16872,0.000356,172.31.40.0-255,66,33484,77,416631
16873,0.000362,74.125.130.0-255,2902,36386,77,416631
16874,0.000364,172.31.40.0-255,66,36452,77,416631
16875,0.000397,74.125.130.0-255,4320,40772,77,416631
16876,0.000411,74.125.130.0-255,1484,42256,77,416631
16877,0.000431,74.125.130.0-255,8215,50471,77,416631
16878,0.000434,74.125.130.0-255,2902,53373,77,416631
16879,0.00048,74.125.130.0-255,1484,54857,77,416631
16880,0.000505,74.125.130.0-255,11304,66161,77,416631
16881,0.000507,74.125.130.0-255,116,66277,77,416631
16882,0.00057,172.31.40.0-255,66,66343,77,416631
16883,0.000626,74.125.130.0-255,1484,67827,77,416631
16884,0.00063,74.125.130.0-255,1484,69311,77,416631
16885,0.000634,172.31.40.0-255,66,69377,77,416631
16886,0.000641,74.125.130.0-255,1484,70861,77,416631
16887,0.000665,74.125.130.0-255,5738,76599,77,416631
16888,0.000683,74.125.130.0-255,6797,83396,77,416631
16889,0.0007,74.125.130.0-255,4320,87716,77,416631
16890,0.000703,172.31.40.0-255,66,87782,77,416631
16891,0.000713,74.125.130.0-255,2902,90684,77,416631
16892,0.000727,74.125.130.0-255,2902,93586,77,416631
16893,0.00073,172.31.40.0-255,66,93652,77,416631
16894,0.00076,74.125.130.0-255,5738,99390,77,416631
16895,0.000772,74.125.130.0-255,1443,100833,77,416631
16896,0.000778,172.31.40.0-255,66,100899,77,416631
16897,0.001318,74.125.130.0-255,1484,102383,77,416631
16898,0.001325,74.125.130.0-255,2902,105285,77,416631
16899,0.001328,172.31.40.0-255,66,105351,77,416631
16900,0.001332,74.125.130.0-255,1484,106835,77,416631
16901,0.001358,74.125.130.0-255,1484,108319,77,416631
16902,0.001364,74.125.130.0-255,4320,112639,77,416631
16903,0.001375,172.31.40.0-255,66,112705,77,416631
16904,0.001403,74.125.130.0-255,7156,119861,77,416631
16905,0.001411,172.31.40.0-255,66,119927,77,416631
16906,0.001467,74.125.130.0-255,8574,128501,77,416631
16907,0.001473,74.125.130.0-255,2902,131403,77,416631
16908,0.001478,74.125.130.0-255,3602,135005,77,416631
16909,0.001495,172.31.40.0-255,66,135071,77,416631
16910,0.001529,74.125.130.0-255,1484,136555,77,416631
16911,0.001547,74.125.130.0-255,2902,139457,77,416631
16912,0.001571,74.125.130.0-255,5738,145195,77,416631
16913,0.001588,74.125.130.0-255,1484,146679,77,416631
16914,0.00161,74.125.130.0-255,9992,156671,77,416631
16915,0.001624,74.125.130.0-255,1484,158155,77,416631
16916,0.001646,74.125.130.0-255,5738,163893,77,416631
16917,0.001668,74.125.130.0-255,5020,168913,77,416631
16918,0.001744,74.125.130.0-255,1484,170397,77,416631
16919,0.00176,74.125.130.0-255,2902,173299,77,416631
16920,0.001778,74.125.130.0-255,2902,176201,77,416631
16921,0.001796,74.125.130.0-255,2902,179103,77,416631
16922,0.001803,74.125.130.0-255,7156,186259,77,416631
16923,0.001824,74.125.130.0-255,8574,194833,77,416631
16924,0.001879,74.125.130.0-255,5738,200571,77,416631
16925,0.001893,74.125.130.0-255,2184,202755,77,416631
16926,0.002046,74.125.130.0-255,1484,204239,77,416631
16927,0.002065,74.125.130.0-255,2902,207141,77,416631
16928,0.002075,74.125.130.0-255,1484,208625,77,416631
16929,0.002093,74.125.130.0-255,4320,212945,77,416631
16930,0.002097,74.125.130.0-255,2902,215847,77,416631
16931,0.0021,74.125.130.0-255,1484,217331,77,416631
16932,0.002122,74.125.130.0-255,2902,220233,77,416631
16933,0.002129,74.125.130.0-255,5738,225971,77,416631
16934,0.002145,74.125.130.0-255,2902,228873,77,416631
16935,0.002152,74.125.130.0-255,7156,236029,77,416631
16936,0.002178,74.125.130.0-255,766,236795,77,416631
16937,0.002371,74.125.130.0-255,1484,238279,77,416631
16938,0.005702,172.31.40.0-255,66,238345,77,416631
16939,0.00806,74.125.130.0-255,5738,244083,77,416631
16940,0.008067,172.31.40.0-255,66,244149,77,416631
16941,0.010423,74.125.130.0-255,5738,249887,77,416631
16942,0.01043,172.31.40.0-255,66,249953,77,416631
16943,0.012783,74.125.130.0-255,5738,255691,77,416631
16944,0.017791,172.31.40.0-255,66,255757,77,416631
16945,0.020151,74.125.130.0-255,5738,261495,77,416631
16946,0.020165,172.31.40.0-255,66,261561,77,416631
16947,0.022518,74.125.130.0-255,5738,267299,77,416631
16948,0.022533,172.31.40.0-255,66,267365,77,416631
16949,0.024876,74.125.130.0-255,5738,273103,77,416631
16950,0.024882,172.31.40.0-255,66,273169,77,416631
16951,0.027227,74.125.130.0-255,5738,278907,77,416631
16952,0.027235,172.31.40.0-255,66,278973,77,416631
16953,0.029583,74.125.130.0-255,5738,284711,77,416631
16954,0.029598,172.31.40.0-255,66,284777,77,416631
16955,0.031954,74.125.130.0-255,5738,290515,77,416631
16956,0.031961,172.31.40.0-255,66,290581,77,416631
16957,0.03431,74.125.130.0-255,5738,296319,77,416631
16958,0.034317,172.31.40.0-255,66,296385,77,416631
16959,0.036668,74.125.130.0-255,5738,302123,77,416631
16960,0.036679,172.31.40.0-255,66,302189,77,416631
16961,0.039043,74.125.130.0-255,5738,307927,77,416631
16962,0.039061,172.31.40.0-255,66,307993,77,416631
16963,0.041411,74.125.130.0-255,5738,313731,77,416631
16964,0.041419,172.31.40.0-255,66,313797,77,416631
16965,0.043771,74.125.130.0-255,5738,319535,77,416631
16966,0.043789,172.31.40.0-255,66,319601,77,416631
16967,0.046138,74.125.130.0-255,5738,325339,77,416631
16968,0.046145,172.31.40.0-255,66,325405,77,416631
16969,0.048495,74.125.130.0-255,5738,331143,77,416631
16970,0.048507,172.31.40.0-255,66,331209,77,416631
16971,0.050852,74.125.130.0-255,5738,336947,77,416631
16972,0.050869,172.31.40.0-255,66,337013,77,416631
16973,0.05322,74.125.130.0-255,5738,342751,77,416631
16974,0.053235,172.31.40.0-255,66,342817,77,416631
16975,0.05561,74.125.130.0-255,5738,348555,77,416631
16976,0.055617,172.31.40.0-255,66,348621,77,416631
16977,0.057982,74.125.130.0-255,5738,354359,77,416631
16978,0.058001,172.31.40.0-255,66,354425,77,416631
16979,0.060367,74.125.130.0-255,5738,360163,77,416631
16980,0.060384,172.31.40.0-255,66,360229,77,416631
16981,0.062719,74.125.130.0-255,5738,365967,77,416631
16982,0.062737,172.31.40.0-255,66,366033,77,416631
16983,0.064767,172.31.40.0-255,172,366205,77,416631
16984,0.0648,172.31.40.0-255,1120,367325,77,416631
16985,0.064854,172.31.40.0-255,552,367877,77,416631
16986,0.065082,74.125.130.0-255,2902,370779,77,416631
16987,0.065089,172.31.40.0-255,66,370845,77,416631
16988,0.06512,74.125.130.0-255,2902,373747,77,416631
16989,0.065144,172.31.40.0-255,66,373813,77,416631
16990,0.066335,104.244.42.0-255,66,373879,77,416631
16991,0.066382,104.244.42.0-255,66,373945,77,416631
16992,0.066427,104.244.42.0-255,66,374011,77,416631
16993,0.067427,74.125.130.0-255,2902,376913,77,416631
16994,0.067437,172.31.40.0-255,66,376979,77,416631
16995,0.067473,74.125.130.0-255,2902,379881,77,416631
16996,0.067529,172.31.40.0-255,66,379947,77,416631
16997,0.069813,74.125.130.0-255,2902,382849,77,416631
16998,0.069823,172.31.40.0-255,66,382915,77,416631
16999,0.069848,74.125.130.0-255,2902,385817,77,416631
17000,0.072164,74.125.130.0-255,2902,388719,77,416631
17001,0.073391,172.31.40.0-255,66,388785,77,416631
17002,0.075763,74.125.130.0-255,5738,394523,77,416631
17003,0.075783,172.31.40.0-255,66,394589,77,416631
17004,0.078135,74.125.130.0-255,5738,400327,77,416631
17005,0.078155,172.31.40.0-255,66,400393,77,416631
17006,0.080519,74.125.130.0-255,5738,406131,77,416631
17007,0.080539,172.31.40.0-255,66,406197,77,416631
17008,0.082913,74.125.130.0-255,5738,411935,77,416631
17009,0.082933,172.31.40.0-255,66,412001,77,416631
17010,0.085295,74.125.130.0-255,4393,416394,77,416631
17011,0.085317,172.31.40.0-255,66,416460,77,416631
17012,0.085824,172.31.40.0-255,105,416565,77,416631
17013,0.088151,74.125.130.0-255,66,416631,77,416631
17014,0.0,172.217.194.0-255,146,146,77,417649
17015,2.4e-05,172.31.40.0-255,66,212,77,417649
17016,2.9e-05,172.217.194.0-255,1484,1696,77,417649
17017,3.4e-05,172.31.40.0-255,66,1762,77,417649
17018,5.9e-05,172.217.194.0-255,2902,4664,77,417649
17019,6.2e-05,172.31.40.0-255,66,4730,77,417649
17020,6.7e-05,172.217.194.0-255,4320,9050,77,417649
17021,7e-05,172.31.40.0-255,66,9116,77,417649
17022,9.8e-05,172.217.194.0-255,4320,13436,77,417649
17023,0.000101,172.31.40.0-255,66,13502,77,417649
17024,0.000121,172.217.194.0-255,4837,18339,77,417649
17025,0.000125,172.31.40.0-255,66,18405,77,417649
17026,0.000134,172.217.194.0-255,9992,28397,77,417649
17027,0.000136,172.31.40.0-255,66,28463,77,417649
17028,0.00016,172.217.194.0-255,2543,31006,77,417649
17029,0.000162,172.31.40.0-255,66,31072,77,417649
17030,0.000264,172.217.194.0-255,1484,32556,77,417649
17031,0.000269,172.31.40.0-255,66,32622,77,417649
17032,0.000274,172.217.194.0-255,2902,35524,77,417649
17033,0.000278,172.31.40.0-255,66,35590,77,417649
17034,0.000292,172.217.194.0-255,2902,38492,77,417649
17035,0.000295,172.31.40.0-255,66,38558,77,417649
17036,0.000318,172.217.194.0-255,2902,41460,77,417649
17037,0.000322,172.31.40.0-255,66,41526,77,417649
17038,0.000327,172.217.194.0-255,4320,45846,77,417649
17039,0.000332,172.31.40.0-255,66,45912,77,417649
17040,0.000336,172.217.194.0-255,2902,48814,77,417649
17041,0.000338,172.31.40.0-255,66,48880,77,417649
17042,0.000357,172.217.194.0-255,8574,57454,77,417649
17043,0.000361,172.31.40.0-255,66,57520,77,417649
17044,0.000364,172.217.194.0-255,1484,59004,77,417649
17045,0.000366,172.31.40.0-255,66,59070,77,417649
17046,0.000382,172.217.194.0-255,2902,61972,77,417649
17047,0.000385,172.31.40.0-255,66,62038,77,417649
17048,0.000405,172.217.194.0-255,3602,65640,77,417649
17049,0.00041,172.31.40.0-255,66,65706,77,417649
17050,0.000435,172.217.194.0-255,676,66382,77,417649
17051,0.0005,172.217.194.0-255,1484,67866,77,417649
17052,0.000504,172.31.40.0-255,66,67932,77,417649
17053,0.00051,172.217.194.0-255,2902,70834,77,417649
17054,0.000512,172.31.40.0-255,66,70900,77,417649
17055,0.000517,172.217.194.0-255,4320,75220,77,417649
17056,0.000519,172.31.40.0-255,66,75286,77,417649
17057,0.000552,172.217.194.0-255,1484,76770,77,417649
17058,0.000564,172.217.194.0-255,12828,89598,77,417649
17059,0.000567,172.31.40.0-255,66,89664,77,417649
17060,0.000599,172.217.194.0-255,5738,95402,77,417649
17061,0.000602,172.31.40.0-255,66,95468,77,417649
17062,0.000625,172.217.194.0-255,4472,99940,77,417649
17063,0.000628,172.31.40.0-255,66,100006,77,417649
17064,0.000942,172.217.194.0-255,1484,101490,77,417649
17065,0.000948,172.217.194.0-255,2902,104392,77,417649
17066,0.000952,172.31.40.0-255,66,104458,77,417649
17067,0.000961,172.217.194.0-255,1484,105942,77,417649
17068,0.000975,172.217.194.0-255,2902,108844,77,417649
17069,0.000978,172.31.40.0-255,66,108910,77,417649
17070,0.000984,172.217.194.0-255,5738,114648,77,417649
17071,0.000986,172.31.40.0-255,66,114714,77,417649
17072,0.001005,172.217.194.0-255,5738,120452,77,417649
17073,0.001009,172.31.40.0-255,66,120518,77,417649
17074,0.001026,172.217.194.0-255,5738,126256,77,417649
17075,0.001045,172.31.40.0-255,66,126322,77,417649
17076,0.001053,172.217.194.0-255,7856,134178,77,417649
17077,0.001056,172.31.40.0-255,66,134244,77,417649
17078,0.002029,172.217.194.0-255,1484,135728,77,417649
17079,0.002041,172.217.194.0-255,2902,138630,77,417649
17080,0.002045,172.31.40.0-255,66,138696,77,417649
17081,0.002053,172.217.194.0-255,5738,144434,77,417649
17082,0.002055,172.31.40.0-255,66,144500,77,417649
17083,0.002061,172.217.194.0-255,5738,150238,77,417649
17084,0.002063,172.31.40.0-255,66,150304,77,417649
17085,0.004095,172.217.194.0-255,5738,156042,77,417649
17086,0.004099,172.31.40.0-255,66,156108,77,417649
17087,0.006132,172.217.194.0-255,2902,159010,77,417649
17088,0.006136,172.31.40.0-255,66,159076,77,417649
17089,0.006148,172.217.194.0-255,2902,161978,77,417649
17090,0.00615,172.31.40.0-255,66,162044,77,417649
17091,0.008183,172.217.194.0-255,4320,166364,77,417649
17092,0.008188,172.31.40.0-255,66,166430,77,417649
17093,0.008207,172.217.194.0-255,1484,167914,77,417649
17094,0.010367,172.217.194.0-255,4320,172234,77,417649
17095,0.010428,172.31.40.0-255,66,172300,77,417649
17096,0.01249,172.217.194.0-255,5738,178038,77,417649
17097,0.012497,172.31.40.0-255,66,178104,77,417649
17098,0.014552,172.217.194.0-255,5738,183842,77,417649
17099,0.014567,172.31.40.0-255,66,183908,77,417649
17100,0.016627,172.217.194.0-255,5738,189646,77,417649
17101,0.016638,172.31.40.0-255,66,189712,77,417649
17102,0.01866,172.217.194.0-255,4320,194032,77,417649
17103,0.018668,172.31.40.0-255,66,194098,77,417649
17104,0.018697,172.217.194.0-255,1484,195582,77,417649
17105,0.020704,172.217.194.0-255,4320,199902,77,417649
17106,0.02071,172.31.40.0-255,66,199968,77,417649
17107,0.022783,172.217.194.0-255,5738,205706,77,417649
17108,0.022789,172.31.40.0-255,66,205772,77,417649
17109,0.024826,172.217.194.0-255,5738,211510,77,417649
17110,0.024834,172.31.40.0-255,66,211576,77,417649
17111,0.026883,172.217.194.0-255,5738,217314,77,417649
17112,0.02689,172.31.40.0-255,66,217380,77,417649
17113,0.028936,172.217.194.0-255,5738,223118,77,417649
17114,0.028946,172.31.40.0-255,66,223184,77,417649
17115,0.029802,172.31.40.0-255,172,223356,77,417649
17116,0.029831,172.31.40.0-255,1119,224475,77,417649
17117,0.029864,172.31.40.0-255,553,225028,77,417649
17118,0.030999,172.217.194.0-255,5738,230766,77,417649
17119,0.031006,172.31.40.0-255,66,230832,77,417649
17120,0.031336,104.244.42.0-255,66,230898,77,417649
17121,0.031363,104.244.42.0-255,66,230964,77,417649
17122,0.031366,104.244.42.0-255,66,231030,77,417649
17123,0.033062,172.217.194.0-255,5738,236768,77,417649
17124,0.033069,172.31.40.0-255,66,236834,77,417649
17125,0.035113,172.217.194.0-255,5738,242572,77,417649
17126,0.035119,172.31.40.0-255,66,242638,77,417649
17127,0.037171,172.217.194.0-255,5738,248376,77,417649
17128,0.037176,172.31.40.0-255,66,248442,77,417649
17129,0.039221,172.217.194.0-255,5738,254180,77,417649
17130,0.039227,172.31.40.0-255,66,254246,77,417649
17131,0.041257,172.217.194.0-255,5738,259984,77,417649
17132,0.041261,172.31.40.0-255,66,260050,77,417649
17133,0.043329,172.217.194.0-255,5738,265788,77,417649
17134,0.043335,172.31.40.0-255,66,265854,77,417649
17135,0.045354,172.217.194.0-255,4320,270174,77,417649
17136,0.045359,172.31.40.0-255,66,270240,77,417649
17137,0.045388,172.217.194.0-255,1484,271724,77,417649
17138,0.04743,172.217.194.0-255,4320,276044,77,417649
17139,0.047434,172.31.40.0-255,66,276110,77,417649
17140,0.049477,172.217.194.0-255,5738,281848,77,417649
17141,0.049482,172.31.40.0-255,66,281914,77,417649
17142,0.051529,172.217.194.0-255,5738,287652,77,417649
17143,0.051533,172.31.40.0-255,66,287718,77,417649
17144,0.053548,172.217.194.0-255,5738,293456,77,417649
17145,0.053553,172.31.40.0-255,66,293522,77,417649
17146,0.055573,172.217.194.0-255,5738,299260,77,417649
17147,0.055578,172.31.40.0-255,66,299326,77,417649
17148,0.057611,172.217.194.0-255,5738,305064,77,417649
17149,0.057616,172.31.40.0-255,66,305130,77,417649
17150,0.059653,172.217.194.0-255,5738,310868,77,417649
17151,0.059658,172.31.40.0-255,66,310934,77,417649
17152,0.061717,172.217.194.0-255,5738,316672,77,417649
17153,0.061723,172.31.40.0-255,66,316738,77,417649
17154,0.063757,172.217.194.0-255,5738,322476,77,417649
17155,0.063762,172.31.40.0-255,66,322542,77,417649
17156,0.065788,172.217.194.0-255,5738,328280,77,417649
17157,0.065794,172.31.40.0-255,66,328346,77,417649
17158,0.067833,172.217.194.0-255,5738,334084,77,417649
17159,0.067838,172.31.40.0-255,66,334150,77,417649
17160,0.069881,172.217.194.0-255,5738,339888,77,417649
17161,0.069887,172.31.40.0-255,66,339954,77,417649
17162,0.0719,172.217.194.0-255,5738,345692,77,417649
17163,0.071905,172.31.40.0-255,66,345758,77,417649
17164,0.074001,172.217.194.0-255,2902,348660,77,417649
17165,0.074007,172.31.40.0-255,66,348726,77,417649
17166,0.074038,172.217.194.0-255,2902,351628,77,417649
17167,0.074041,172.31.40.0-255,66,351694,77,417649
17168,0.076025,172.217.194.0-255,1484,353178,77,417649
17169,0.076062,172.217.194.0-255,4320,357498,77,417649
17170,0.076067,172.31.40.0-255,66,357564,77,417649
17171,0.078125,172.217.194.0-255,4320,361884,77,417649
17172,0.07813,172.31.40.0-255,66,361950,77,417649
17173,0.078154,172.217.194.0-255,1484,363434,77,417649
17174,0.080146,172.217.194.0-255,4320,367754,77,417649
17175,0.080151,172.31.40.0-255,66,367820,77,417649
17176,0.082174,172.217.194.0-255,5738,373558,77,417649
17177,0.082181,172.31.40.0-255,66,373624,77,417649
17178,0.084225,172.217.194.0-255,5738,379362,77,417649
17179,0.084232,172.31.40.0-255,66,379428,77,417649
17180,0.086274,172.217.194.0-255,4320,383748,77,417649
17181,0.08628,172.31.40.0-255,66,383814,77,417649
17182,0.086313,172.217.194.0-255,1484,385298,77,417649
17183,0.088316,172.217.194.0-255,4320,389618,77,417649
17184,0.08832,172.31.40.0-255,66,389684,77,417649
17185,0.090357,172.217.194.0-255,5738,395422,77,417649
17186,0.090362,172.31.40.0-255,66,395488,77,417649
17187,0.092399,172.217.194.0-255,5738,401226,77,417649
17188,0.092404,172.31.40.0-255,66,401292,77,417649
17189,0.094461,172.217.194.0-255,5738,407030,77,417649
17190,0.094466,172.31.40.0-255,66,407096,77,417649
17191,0.0965,172.217.194.0-255,2902,409998,77,417649
17192,0.096505,172.31.40.0-255,66,410064,77,417649
17193,0.096538,172.217.194.0-255,2902,412966,77,417649
17194,0.096541,172.31.40.0-255,66,413032,77,417649
17195,0.098551,172.217.194.0-255,2902,415934,77,417649
17196,0.098558,172.31.40.0-255,66,416000,77,417649
17197,0.098594,172.217.194.0-255,1478,417478,77,417649
17198,0.098712,172.31.40.0-255,66,417544,77,417649
17199,0.098741,172.31.40.0-255,105,417649,77,417649
17200,0.0,172.31.40.0-255,105,105,77,276
17201,0.001781,157.240.7.0-255,105,210,77,276
17202,0.001792,172.31.40.0-255,66,276,77,276
17203,0.0,74.125.24.0-255,150,150,77,380810
17204,2.2e-05,172.31.40.0-255,66,216,77,380810
17205,2.9e-05,74.125.24.0-255,1484,1700,77,380810
17206,3.3e-05,172.31.40.0-255,66,1766,77,380810
17207,4.9e-05,74.125.24.0-255,2902,4668,77,380810
17208,5.2e-05,172.31.40.0-255,66,4734,77,380810
17209,5.9e-05,74.125.24.0-255,7156,11890,77,380810
17210,6.3e-05,172.31.40.0-255,66,11956,77,380810
17211,6.7e-05,74.125.24.0-255,2126,14082,77,380810
17212,6.9e-05,172.31.40.0-255,66,14148,77,380810
17213,0.000116,74.125.24.0-255,11410,25558,77,380810
17214,0.000119,172.31.40.0-255,66,25624,77,380810
17215,0.000124,74.125.24.0-255,4320,29944,77,380810
17216,0.000127,172.31.40.0-255,66,30010,77,380810
17217,0.000145,74.125.24.0-255,1125,31135,77,380810
17218,0.000147,172.31.40.0-255,66,31201,77,380810
17219,0.000259,74.125.24.0-255,1484,32685,77,380810
17220,0.000263,172.31.40.0-255,66,32751,77,380810
17221,0.000267,74.125.24.0-255,2902,35653,77,380810
17222,0.00027,172.31.40.0-255,66,35719,77,380810
17223,0.0003,74.125.24.0-255,5738,41457,77,380810
17224,0.000303,172.31.40.0-255,66,41523,77,380810
17225,0.000307,74.125.24.0-255,1484,43007,77,380810
17226,0.000309,172.31.40.0-255,66,43073,77,380810
17227,0.000333,74.125.24.0-255,5379,48452,77,380810
17228,0.000336,172.31.40.0-255,66,48518,77,380810
17229,0.000375,172.31.40.0-255,66,48584,77,380810
17230,0.00038,74.125.24.0-255,2543,51127,77,380810
17231,0.000382,172.31.40.0-255,66,51193,77,380810
17232,0.000408,74.125.24.0-255,413,51606,77,380810
17233,0.000411,172.31.40.0-255,66,51672,77,380810
17234,0.000495,74.125.24.0-255,1484,53156,77,380810
17235,0.000501,74.125.24.0-255,2902,56058,77,380810
17236,0.000505,172.31.40.0-255,66,56124,77,380810
17237,0.000511,74.125.24.0-255,5738,61862,77,380810
17238,0.000514,172.31.40.0-255,66,61928,77,380810
17239,0.000532,74.125.24.0-255,1484,63412,77,380810
17240,0.000565,74.125.24.0-255,11410,74822,77,380810
17241,0.000569,172.31.40.0-255,66,74888,77,380810
17242,0.000579,74.125.24.0-255,10376,85264,77,380810
17243,0.000585,172.31.40.0-255,66,85330,77,380810
17244,0.000711,74.125.24.0-255,1484,86814,77,380810
17245,0.000718,74.125.24.0-255,2902,89716,77,380810
17246,0.000721,172.31.40.0-255,66,89782,77,380810
17247,0.000726,74.125.24.0-255,2902,92684,77,380810
17248,0.000729,172.31.40.0-255,66,92750,77,380810
17249,0.00075,74.125.24.0-255,2902,95652,77,380810
17250,0.000753,172.31.40.0-255,66,95718,77,380810
17251,0.000764,74.125.24.0-255,12828,108546,77,380810
17252,0.000772,172.31.40.0-255,66,108612,77,380810
17253,0.000779,74.125.24.0-255,7156,115768,77,380810
17254,0.000782,172.31.40.0-255,66,115834,77,380810
17255,0.000837,74.125.24.0-255,3602,119436,77,380810
17256,0.000841,172.31.40.0-255,66,119502,77,380810
17257,0.000979,74.125.24.0-255,1484,120986,77,380810
17258,0.000986,74.125.24.0-255,2902,123888,77,380810
17259,0.000989,172.31.40.0-255,66,123954,77,380810
17260,0.000993,74.125.24.0-255,1484,125438,77,380810
17261,0.001018,74.125.24.0-255,4320,129758,77,380810
17262,0.001021,172.31.40.0-255,66,129824,77,380810
17263,0.001025,74.125.24.0-255,2902,132726,77,380810
17264,0.001027,172.31.40.0-255,66,132792,77,380810
17265,0.001061,74.125.24.0-255,9992,142784,77,380810
17266,0.001065,172.31.40.0-255,66,142850,77,380810
17267,0.001072,74.125.24.0-255,7156,150006,77,380810
17268,0.001074,172.31.40.0-255,66,150072,77,380810
17269,0.001121,74.125.24.0-255,3602,153674,77,380810
17270,0.001125,172.31.40.0-255,66,153740,77,380810
17271,0.001158,74.125.24.0-255,4320,158060,77,380810
17272,0.001161,172.31.40.0-255,66,158126,77,380810
17273,0.001164,74.125.24.0-255,1484,159610,77,380810
17274,0.001192,74.125.24.0-255,7156,166766,77,380810
17275,0.001196,172.31.40.0-255,66,166832,77,380810
17276,0.001227,74.125.24.0-255,12828,179660,77,380810
17277,0.00123,172.31.40.0-255,66,179726,77,380810
17278,0.001259,74.125.24.0-255,2902,182628,77,380810
17279,0.001262,172.31.40.0-255,66,182694,77,380810
17280,0.001268,74.125.24.0-255,5020,187714,77,380810
17281,0.001271,172.31.40.0-255,66,187780,77,380810
17282,0.001554,74.125.24.0-255,1484,189264,77,380810
17283,0.001561,74.125.24.0-255,2902,192166,77,380810
17284,0.001564,172.31.40.0-255,66,192232,77,380810
17285,0.00157,74.125.24.0-255,4320,196552,77,380810
17286,0.001572,172.31.40.0-255,66,196618,77,380810
17287,0.001591,74.125.24.0-255,1484,198102,77,380810
17288,0.001596,74.125.24.0-255,4320,202422,77,380810
17289,0.001603,172.31.40.0-255,66,202488,77,380810
17290,0.001614,74.125.24.0-255,11410,213898,77,380810
17291,0.001617,172.31.40.0-255,66,213964,77,380810
17292,0.001652,74.125.24.0-255,7856,221820,77,380810
17293,0.001654,172.31.40.0-255,66,221886,77,380810
17294,0.001711,74.125.24.0-255,1484,223370,77,380810
17295,0.001725,74.125.24.0-255,2902,226272,77,380810
17296,0.001728,172.31.40.0-255,66,226338,77,380810
17297,0.00176,74.125.24.0-255,5738,232076,77,380810
17298,0.001763,172.31.40.0-255,66,232142,77,380810
17299,0.001775,74.125.24.0-255,7156,239298,77,380810
17300,0.001782,172.31.40.0-255,66,239364,77,380810
17301,0.001809,74.125.24.0-255,5738,245102,77,380810
17302,0.001812,172.31.40.0-255,66,245168,77,380810
17303,0.001827,74.125.24.0-255,10692,255860,77,380810
17304,0.00183,172.31.40.0-255,66,255926,77,380810
17305,0.001833,74.125.24.0-255,1484,257410,77,380810
17306,0.001859,74.125.24.0-255,2902,260312,77,380810
17307,0.001862,172.31.40.0-255,66,260378,77,380810
17308,0.001868,74.125.24.0-255,5738,266116,77,380810
17309,0.001871,172.31.40.0-255,66,266182,77,380810
17310,0.001886,74.125.24.0-255,11410,277592,77,380810
17311,0.001888,172.31.40.0-255,66,277658,77,380810
17312,0.001893,74.125.24.0-255,4320,281978,77,380810
17313,0.001896,172.31.40.0-255,66,282044,77,380810
17314,0.001902,74.125.24.0-255,5738,287782,77,380810
17315,0.001904,172.31.40.0-255,66,287848,77,380810
17316,0.001932,74.125.24.0-255,2184,290032,77,380810
17317,0.001936,172.31.40.0-255,66,290098,77,380810
17318,0.002046,74.125.24.0-255,1484,291582,77,380810
17319,0.002052,74.125.24.0-255,2902,294484,77,380810
17320,0.002056,172.31.40.0-255,66,294550,77,380810
17321,0.002085,74.125.24.0-255,5738,300288,77,380810
17322,0.002087,172.31.40.0-255,66,300354,77,380810
17323,0.002091,74.125.24.0-255,2902,303256,77,380810
17324,0.002093,172.31.40.0-255,66,303322,77,380810
17325,0.002172,74.125.24.0-255,9992,313314,77,380810
17326,0.002175,172.31.40.0-255,66,313380,77,380810
17327,0.002185,74.125.24.0-255,10692,324072,77,380810
17328,0.002193,172.31.40.0-255,66,324138,77,380810
17329,0.002238,74.125.24.0-255,1484,325622,77,380810
17330,0.002251,74.125.24.0-255,2902,328524,77,380810
17331,0.002254,172.31.40.0-255,66,328590,77,380810
17332,0.002283,74.125.24.0-255,5738,334328,77,380810
17333,0.002287,172.31.40.0-255,66,334394,77,380810
17334,0.002292,74.125.24.0-255,2902,337296,77,380810
17335,0.002294,172.31.40.0-255,66,337362,77,380810
17336,0.002321,74.125.24.0-255,5738,343100,77,380810
17337,0.002324,172.31.40.0-255,66,343166,77,380810
17338,0.002353,74.125.24.0-255,8574,351740,77,380810
17339,0.002357,172.31.40.0-255,66,351806,77,380810
17340,0.002386,74.125.24.0-255,6438,358244,77,380810
17341,0.00239,172.31.40.0-255,66,358310,77,380810
17342,0.002399,74.125.24.0-255,9992,368302,77,380810
17343,0.002405,172.31.40.0-255,66,368368,77,380810
17344,0.002437,74.125.24.0-255,5738,374106,77,380810
17345,0.00244,172.31.40.0-255,66,374172,77,380810
17346,0.002462,172.31.40.0-255,66,374238,77,380810
17347,0.002466,74.125.24.0-255,2184,376422,77,380810
17348,0.002468,172.31.40.0-255,66,376488,77,380810
17349,0.002493,74.125.24.0-255,3914,380402,77,380810
17350,0.002496,172.31.40.0-255,66,380468,77,380810
17351,0.002523,74.125.24.0-255,105,380573,77,380810
17352,0.004919,172.31.40.0-255,66,380639,77,380810
17353,0.01223,172.31.40.0-255,105,380744,77,380810
17354,0.014842,74.125.24.0-255,66,380810,77,380810
17355,0.0,172.217.194.0-255,153,153,77,351861
17356,2.3e-05,172.31.40.0-255,66,219,77,351861
17357,3.1e-05,172.217.194.0-255,1484,1703,77,351861
17358,3.5e-05,172.31.40.0-255,66,1769,77,351861
17359,4.7e-05,172.217.194.0-255,2902,4671,77,351861
17360,5e-05,172.31.40.0-255,66,4737,77,351861
17361,5.8e-05,172.217.194.0-255,7156,11893,77,351861
17362,6.2e-05,172.31.40.0-255,66,11959,77,351861
17363,6.5e-05,172.217.194.0-255,1984,13943,77,351861
17364,6.8e-05,172.31.40.0-255,66,14009,77,351861
17365,0.000563,172.217.194.0-255,1484,15493,77,351861
17366,0.000569,172.31.40.0-255,66,15559,77,351861
17367,0.000578,172.217.194.0-255,2902,18461,77,351861
17368,0.000581,172.31.40.0-255,66,18527,77,351861
17369,0.000593,172.217.194.0-255,5738,24265,77,351861
17370,0.000595,172.31.40.0-255,66,24331,77,351861
17371,0.000627,172.217.194.0-255,6797,31128,77,351861
17372,0.00063,172.31.40.0-255,66,31194,77,351861
17373,0.000661,172.217.194.0-255,7156,38350,77,351861
17374,0.000664,172.31.40.0-255,66,38416,77,351861
17375,0.000704,172.31.40.0-255,66,38482,77,351861
17376,0.000752,172.217.194.0-255,10692,49174,77,351861
17377,0.000755,172.31.40.0-255,66,49240,77,351861
17378,0.000758,172.217.194.0-255,677,49917,77,351861
17379,0.00076,172.31.40.0-255,66,49983,77,351861
17380,0.000825,172.217.194.0-255,1484,51467,77,351861
17381,0.000828,172.31.40.0-255,66,51533,77,351861
17382,0.000833,172.217.194.0-255,2902,54435,77,351861
17383,0.000836,172.31.40.0-255,66,54501,77,351861
17384,0.000867,172.217.194.0-255,5738,60239,77,351861
17385,0.00087,172.31.40.0-255,66,60305,77,351861
17386,0.000903,172.217.194.0-255,7156,67461,77,351861
17387,0.000906,172.31.40.0-255,66,67527,77,351861
17388,0.000915,172.217.194.0-255,8574,76101,77,351861
17389,0.000917,172.31.40.0-255,66,76167,77,351861
17390,0.000946,172.217.194.0-255,5738,81905,77,351861
17391,0.00095,172.31.40.0-255,66,81971,77,351861
17392,0.000954,172.217.194.0-255,2184,84155,77,351861
17393,0.000956,172.31.40.0-255,66,84221,77,351861
17394,0.000996,172.217.194.0-255,1484,85705,77,351861
17395,0.001002,172.217.194.0-255,2902,88607,77,351861
17396,0.001005,172.31.40.0-255,66,88673,77,351861
17397,0.001012,172.217.194.0-255,5738,94411,77,351861
17398,0.001014,172.31.40.0-255,66,94477,77,351861
17399,0.001028,172.217.194.0-255,4320,98797,77,351861
17400,0.00103,172.31.40.0-255,66,98863,77,351861
17401,0.001058,172.217.194.0-255,2902,101765,77,351861
17402,0.001062,172.31.40.0-255,66,101831,77,351861
17403,0.001077,172.31.40.0-255,66,101897,77,351861
17404,0.001081,172.217.194.0-255,2184,104081,77,351861
17405,0.001083,172.31.40.0-255,66,104147,77,351861
17406,0.001119,172.217.194.0-255,1484,105631,77,351861
17407,0.001139,172.217.194.0-255,2902,108533,77,351861
17408,0.001143,172.31.40.0-255,66,108599,77,351861
17409,0.001149,172.217.194.0-255,5738,114337,77,351861
17410,0.001152,172.31.40.0-255,66,114403,77,351861
17411,0.00117,172.217.194.0-255,1484,115887,77,351861
17412,0.001202,172.217.194.0-255,11410,127297,77,351861
17413,0.001207,172.31.40.0-255,66,127363,77,351861
17414,0.001235,172.217.194.0-255,7156,134519,77,351861
17415,0.001238,172.31.40.0-255,66,134585,77,351861
17416,0.001251,172.217.194.0-255,3602,138187,77,351861
17417,0.001259,172.31.40.0-255,66,138253,77,351861
17418,0.001432,172.217.194.0-255,1484,139737,77,351861
17419,0.00144,172.217.194.0-255,2902,142639,77,351861
17420,0.001444,172.31.40.0-255,66,142705,77,351861
17421,0.001451,172.217.194.0-255,5738,148443,77,351861
17422,0.001453,172.31.40.0-255,66,148509,77,351861
17423,0.00149,172.217.194.0-255,12828,161337,77,351861
17424,0.001493,172.31.40.0-255,66,161403,77,351861
17425,0.001498,172.217.194.0-255,4320,165723,77,351861
17426,0.0015,172.31.40.0-255,66,165789,77,351861
17427,0.001526,172.217.194.0-255,6438,172227,77,351861
17428,0.001529,172.31.40.0-255,66,172293,77,351861
17429,0.001607,172.217.194.0-255,1484,173777,77,351861
17430,0.001613,172.217.194.0-255,2902,176679,77,351861
17431,0.001616,172.31.40.0-255,66,176745,77,351861
17432,0.001623,172.217.194.0-255,5738,182483,77,351861
17433,0.001626,172.31.40.0-255,66,182549,77,351861
17434,0.001671,172.217.194.0-255,12828,195377,77,351861
17435,0.001674,172.31.40.0-255,66,195443,77,351861
17436,0.001678,172.217.194.0-255,2902,198345,77,351861
17437,0.00168,172.31.40.0-255,66,198411,77,351861
17438,0.001728,172.217.194.0-255,1484,199895,77,351861
17439,0.001754,172.217.194.0-255,6438,206333,77,351861
17440,0.001758,172.31.40.0-255,66,206399,77,351861
17441,0.001762,172.217.194.0-255,2902,209301,77,351861
17442,0.001764,172.31.40.0-255,66,209367,77,351861
17443,0.001808,172.217.194.0-255,2902,212269,77,351861
17444,0.001811,172.31.40.0-255,66,212335,77,351861
17445,0.001841,172.217.194.0-255,1484,213819,77,351861
17446,0.00185,172.217.194.0-255,8574,222393,77,351861
17447,0.001853,172.31.40.0-255,66,222459,77,351861
17448,0.001867,172.217.194.0-255,8574,231033,77,351861
17449,0.00187,172.31.40.0-255,66,231099,77,351861
17450,0.00188,172.217.194.0-255,9274,240373,77,351861
17451,0.001885,172.31.40.0-255,66,240439,77,351861
17452,0.001944,172.217.194.0-255,1484,241923,77,351861
17453,0.001949,172.217.194.0-255,2902,244825,77,351861
17454,0.001952,172.31.40.0-255,66,244891,77,351861
17455,0.001981,172.217.194.0-255,5738,250629,77,351861
17456,0.001984,172.31.40.0-255,66,250695,77,351861
17457,0.001993,172.217.194.0-255,9992,260687,77,351861
17458,0.001995,172.31.40.0-255,66,260753,77,351861
17459,0.002015,172.217.194.0-255,2902,263655,77,351861
17460,0.002017,172.31.40.0-255,66,263721,77,351861
17461,0.002031,172.217.194.0-255,10692,274413,77,351861
17462,0.002058,172.217.194.0-255,1484,275897,77,351861
17463,0.002081,172.217.194.0-255,2902,278799,77,351861
17464,0.002088,172.217.194.0-255,5738,284537,77,351861
17465,0.002114,172.217.194.0-255,8574,293111,77,351861
17466,0.002128,172.217.194.0-255,4320,297431,77,351861
17467,0.00213,172.217.194.0-255,1484,298915,77,351861
17468,0.002159,172.217.194.0-255,4320,303235,77,351861
17469,0.00218,172.217.194.0-255,6438,309673,77,351861
17470,0.002191,172.217.194.0-255,11410,321083,77,351861
17471,0.002214,172.217.194.0-255,5738,326821,77,351861
17472,0.002253,172.217.194.0-255,1484,328305,77,351861
17473,0.002317,172.217.194.0-255,12110,340415,77,351861
17474,0.002323,172.217.194.0-255,6759,347174,77,351861
17475,0.005068,172.31.40.0-255,66,347240,77,351861
17476,0.007368,172.217.194.0-255,105,347345,77,351861
17477,0.008134,172.31.40.0-255,66,347411,77,351861
17478,0.00817,172.31.40.0-255,105,347516,77,351861
17479,0.010469,172.217.194.0-255,66,347582,77,351861
17480,0.033648,172.31.40.0-255,172,347754,77,351861
17481,0.033681,172.31.40.0-255,1120,348874,77,351861
17482,0.033743,172.31.40.0-255,1514,350388,77,351861
17483,0.033744,172.31.40.0-255,1275,351663,77,351861
17484,0.035218,104.244.42.0-255,66,351729,77,351861
17485,0.035229,104.244.42.0-255,66,351795,77,351861
17486,0.035308,104.244.42.0-255,66,351861,77,351861
17487,0.0,172.217.194.0-255,153,153,77,338793
17488,2.3e-05,172.31.40.0-255,66,219,77,338793
17489,3e-05,172.217.194.0-255,1484,1703,77,338793
17490,3.4e-05,172.31.40.0-255,66,1769,77,338793
17491,4e-05,172.217.194.0-255,2902,4671,77,338793
17492,4.3e-05,172.31.40.0-255,66,4737,77,338793
17493,6.4e-05,172.217.194.0-255,2902,7639,77,338793
17494,6.7e-05,172.31.40.0-255,66,7705,77,338793
17495,7.2e-05,172.217.194.0-255,4320,12025,77,338793
17496,7.6e-05,172.31.40.0-255,66,12091,77,338793
17497,0.00011,172.217.194.0-255,2002,14093,77,338793
17498,0.000113,172.31.40.0-255,66,14159,77,338793
17499,0.000117,172.217.194.0-255,2902,17061,77,338793
17500,0.000119,172.31.40.0-255,66,17127,77,338793
17501,0.000123,172.217.194.0-255,1484,18611,77,338793
17502,0.000125,172.31.40.0-255,66,18677,77,338793
17503,0.000152,172.217.194.0-255,5738,24415,77,338793
17504,0.000154,172.31.40.0-255,66,24481,77,338793
17505,0.000186,172.217.194.0-255,5738,30219,77,338793
17506,0.000189,172.31.40.0-255,66,30285,77,338793
17507,0.000203,172.217.194.0-255,1125,31410,77,338793
17508,0.000205,172.31.40.0-255,66,31476,77,338793
17509,0.000241,172.217.194.0-255,1484,32960,77,338793
17510,0.000243,172.31.40.0-255,66,33026,77,338793
17511,0.000247,172.217.194.0-255,2902,35928,77,338793
17512,0.00025,172.31.40.0-255,66,35994,77,338793
17513,0.000271,172.217.194.0-255,5738,41732,77,338793
17514,0.000273,172.31.40.0-255,66,41798,77,338793
17515,0.000297,172.217.194.0-255,8574,50372,77,338793
17516,0.0003,172.31.40.0-255,66,50438,77,338793
17517,0.000332,172.217.194.0-255,5379,55817,77,338793
17518,0.000335,172.31.40.0-255,66,55883,77,338793
17519,0.000345,172.217.194.0-255,9633,65516,77,338793
17520,0.000348,172.31.40.0-255,66,65582,77,338793
17521,0.000391,172.217.194.0-255,647,66229,77,338793
17522,0.000462,172.217.194.0-255,1484,67713,77,338793
17523,0.000466,172.31.40.0-255,66,67779,77,338793
17524,0.000471,172.217.194.0-255,2902,70681,77,338793
17525,0.000474,172.31.40.0-255,66,70747,77,338793
17526,0.000479,172.217.194.0-255,4320,75067,77,338793
17527,0.000482,172.31.40.0-255,66,75133,77,338793
17528,0.000505,172.217.194.0-255,1484,76617,77,338793
17529,0.000515,172.217.194.0-255,8574,85191,77,338793
17530,0.000518,172.31.40.0-255,66,85257,77,338793
17531,0.000542,172.217.194.0-255,5379,90636,77,338793
17532,0.000544,172.31.40.0-255,66,90702,77,338793
17533,0.000554,172.217.194.0-255,9633,100335,77,338793
17534,0.000556,172.31.40.0-255,66,100401,77,338793
17535,0.000766,172.217.194.0-255,1484,101885,77,338793
17536,0.000771,172.217.194.0-255,2902,104787,77,338793
17537,0.000777,172.31.40.0-255,66,104853,77,338793
17538,0.000797,172.217.194.0-255,5738,110591,77,338793
17539,0.0008,172.31.40.0-255,66,110657,77,338793
17540,0.00081,172.217.194.0-255,9992,120649,77,338793
17541,0.000812,172.31.40.0-255,66,120715,77,338793
17542,0.000834,172.217.194.0-255,2902,123617,77,338793
17543,0.000837,172.31.40.0-255,66,123683,77,338793
17544,0.000845,172.217.194.0-255,8574,132257,77,338793
17545,0.000848,172.31.40.0-255,66,132323,77,338793
17546,0.000863,172.217.194.0-255,3602,135925,77,338793
17547,0.000867,172.31.40.0-255,66,135991,77,338793
17548,0.000872,172.217.194.0-255,2902,138893,77,338793
17549,0.000874,172.31.40.0-255,66,138959,77,338793
17550,0.000891,172.217.194.0-255,1484,140443,77,338793
17551,0.000901,172.217.194.0-255,8574,149017,77,338793
17552,0.000903,172.31.40.0-255,66,149083,77,338793
17553,0.000916,172.217.194.0-255,1484,150567,77,338793
17554,0.000935,172.217.194.0-255,9992,160559,77,338793
17555,0.000937,172.31.40.0-255,66,160625,77,338793
17556,0.000966,172.217.194.0-255,7856,168481,77,338793
17557,0.000969,172.31.40.0-255,66,168547,77,338793
17558,0.000988,172.31.40.0-255,66,168613,77,338793
17559,0.000997,172.217.194.0-255,9992,178605,77,338793
17560,0.001,172.31.40.0-255,66,178671,77,338793
17561,0.00102,172.217.194.0-255,5020,183691,77,338793
17562,0.001022,172.31.40.0-255,66,183757,77,338793
17563,0.001026,172.217.194.0-255,1484,185241,77,338793
17564,0.001031,172.217.194.0-255,2902,188143,77,338793
17565,0.001033,172.31.40.0-255,66,188209,77,338793
17566,0.001036,172.217.194.0-255,1484,189693,77,338793
17567,0.001059,172.217.194.0-255,4320,194013,77,338793
17568,0.001062,172.31.40.0-255,66,194079,77,338793
17569,0.001068,172.217.194.0-255,5738,199817,77,338793
17570,0.00107,172.31.40.0-255,66,199883,77,338793
17571,0.001091,172.217.194.0-255,7156,207039,77,338793
17572,0.001093,172.31.40.0-255,66,207105,77,338793
17573,0.001104,172.217.194.0-255,10692,217797,77,338793
17574,0.001106,172.31.40.0-255,66,217863,77,338793
17575,0.001131,172.217.194.0-255,1484,219347,77,338793
17576,0.001172,172.31.40.0-255,66,219413,77,338793
17577,0.00119,172.217.194.0-255,2902,222315,77,338793
17578,0.001192,172.31.40.0-255,66,222381,77,338793
17579,0.001201,172.217.194.0-255,7856,230237,77,338793
17580,0.001205,172.31.40.0-255,66,230303,77,338793
17581,0.001323,172.217.194.0-255,1484,231787,77,338793
17582,0.001353,172.217.194.0-255,1484,233271,77,338793
17583,0.001356,172.217.194.0-255,1484,234755,77,338793
17584,0.001365,172.31.40.0-255,66,234821,77,338793
17585,0.001373,172.217.194.0-255,1484,236305,77,338793
17586,0.001378,172.217.194.0-255,2902,239207,77,338793
17587,0.001387,172.217.194.0-255,1484,240691,77,338793
17588,0.001394,172.217.194.0-255,5738,246429,77,338793
17589,0.001431,172.31.40.0-255,66,246495,77,338793
17590,0.001456,172.217.194.0-255,11410,257905,77,338793
17591,0.001463,172.217.194.0-255,6438,264343,77,338793
17592,0.001488,172.31.40.0-255,66,264409,77,338793
17593,0.001508,172.217.194.0-255,1484,265893,77,338793
17594,0.001528,172.217.194.0-255,2902,268795,77,338793
17595,0.001531,172.31.40.0-255,66,268861,77,338793
17596,0.001537,172.217.194.0-255,5738,274599,77,338793
17597,0.001551,172.217.194.0-255,4320,278919,77,338793
17598,0.001566,172.217.194.0-255,8574,287493,77,338793
17599,0.001574,172.31.40.0-255,66,287559,77,338793
17600,0.001599,172.217.194.0-255,7156,294715,77,338793
17601,0.001621,172.217.194.0-255,12110,306825,77,338793
17602,0.001644,172.217.194.0-255,4320,311145,77,338793
17603,0.001654,172.31.40.0-255,66,311211,77,338793
17604,0.001668,172.217.194.0-255,7856,319067,77,338793
17605,0.001673,172.31.40.0-255,66,319133,77,338793
17606,0.00171,172.217.194.0-255,9992,329125,77,338793
17607,0.001724,172.31.40.0-255,66,329191,77,338793
17608,0.00176,172.217.194.0-255,105,329296,77,338793
17609,0.001778,172.31.40.0-255,66,329362,77,338793
17610,0.004484,172.31.40.0-255,105,329467,77,338793
17611,0.006758,172.217.194.0-255,66,329533,77,338793
17612,0.065132,172.31.40.0-255,172,329705,77,338793
17613,0.065163,172.31.40.0-255,1120,330825,77,338793
17614,0.065223,172.31.40.0-255,1514,332339,77,338793
17615,0.065224,172.31.40.0-255,1514,333853,77,338793
17616,0.065225,172.31.40.0-255,1514,335367,77,338793
17617,0.065226,172.31.40.0-255,1514,336881,77,338793
17618,0.065253,172.31.40.0-255,1514,338395,77,338793
17619,0.065254,172.31.40.0-255,134,338529,77,338793
17620,0.066629,104.244.42.0-255,66,338595,77,338793
17621,0.066738,104.244.42.0-255,66,338661,77,338793
17622,0.066742,104.244.42.0-255,66,338727,77,338793
17623,0.066746,104.244.42.0-255,66,338793,77,338793
17624,0.0,172.217.194.0-255,146,146,77,254401
17625,2.4e-05,172.31.40.0-255,66,212,77,254401
17626,3.1e-05,172.217.194.0-255,1484,1696,77,254401
17627,3.5e-05,172.31.40.0-255,66,1762,77,254401
17628,4.1e-05,172.217.194.0-255,2902,4664,77,254401
17629,4.5e-05,172.31.40.0-255,66,4730,77,254401
17630,6e-05,172.217.194.0-255,7156,11886,77,254401
17631,6.4e-05,172.31.40.0-255,66,11952,77,254401
17632,0.000133,172.217.194.0-255,2902,14854,77,254401
17633,0.000136,172.31.40.0-255,66,14920,77,254401
17634,0.000149,172.217.194.0-255,2147,17067,77,254401
17635,0.000159,172.31.40.0-255,66,17133,77,254401
17636,0.000202,172.217.194.0-255,8574,25707,77,254401
17637,0.000205,172.31.40.0-255,66,25773,77,254401
17638,0.00023,172.217.194.0-255,5379,31152,77,254401
17639,0.000234,172.31.40.0-255,66,31218,77,254401
17640,0.000376,172.217.194.0-255,5738,36956,77,254401
17641,0.00038,172.31.40.0-255,66,37022,77,254401
17642,0.000422,172.217.194.0-255,11051,48073,77,254401
17643,0.000426,172.31.40.0-255,66,48139,77,254401
17644,0.000588,172.217.194.0-255,2902,51041,77,254401
17645,0.000592,172.31.40.0-255,66,51107,77,254401
17646,0.000639,172.31.40.0-255,66,51173,77,254401
17647,0.000788,172.217.194.0-255,382,51555,77,254401
17648,0.000793,172.31.40.0-255,66,51621,77,254401
17649,0.001278,172.217.194.0-255,1484,53105,77,254401
17650,0.001282,172.31.40.0-255,66,53171,77,254401
17651,0.001288,172.217.194.0-255,2902,56073,77,254401
17652,0.001291,172.31.40.0-255,66,56139,77,254401
17653,0.001322,172.217.194.0-255,5738,61877,77,254401
17654,0.001325,172.31.40.0-255,66,61943,77,254401
17655,0.001385,172.217.194.0-255,2902,64845,77,254401
17656,0.001401,172.217.194.0-255,3961,68806,77,254401
17657,0.001469,172.217.194.0-255,1484,70290,77,254401
17658,0.001495,172.217.194.0-255,5738,76028,77,254401
17659,0.001561,172.217.194.0-255,5738,81766,77,254401
17660,0.001588,172.217.194.0-255,9992,91758,77,254401
17661,0.001756,172.217.194.0-255,2902,94660,77,254401
17662,0.001772,172.217.194.0-255,5738,100398,77,254401
17663,0.001793,172.217.194.0-255,2184,102582,77,254401
17664,0.001923,172.217.194.0-255,4320,106902,77,254401
17665,0.001948,172.217.194.0-255,12469,119371,77,254401
17666,0.002103,172.217.194.0-255,4320,123691,77,254401
17667,0.002158,172.217.194.0-255,2902,126593,77,254401
17668,0.002181,172.217.194.0-255,9992,136585,77,254401
17669,0.002475,172.31.40.0-255,66,136651,77,254401
17670,0.002527,172.217.194.0-255,2902,139553,77,254401
17671,0.002559,172.217.194.0-255,5738,145291,77,254401
17672,0.002577,172.217.194.0-255,1484,146775,77,254401
17673,0.002623,172.217.194.0-255,4320,151095,77,254401
17674,0.00267,172.217.194.0-255,5020,156115,77,254401
17675,0.002767,172.31.40.0-255,66,156181,77,254401
17676,0.003047,172.217.194.0-255,1484,157665,77,254401
17677,0.003054,172.217.194.0-255,2902,160567,77,254401
17678,0.003068,172.31.40.0-255,66,160633,77,254401
17679,0.003072,172.217.194.0-255,1484,162117,77,254401
17680,0.003099,172.217.194.0-255,4320,166437,77,254401
17681,0.00311,172.31.40.0-255,66,166503,77,254401
17682,0.003142,172.217.194.0-255,9992,176495,77,254401
17683,0.003157,172.217.194.0-255,2902,179397,77,254401
17684,0.003173,172.31.40.0-255,66,179463,77,254401
17685,0.00326,172.217.194.0-255,8574,188037,77,254401
17686,0.003274,172.217.194.0-255,2184,190221,77,254401
17687,0.003287,172.31.40.0-255,66,190287,77,254401
17688,0.003356,172.217.194.0-255,1484,191771,77,254401
17689,0.003376,172.217.194.0-255,2902,194673,77,254401
17690,0.003386,172.31.40.0-255,66,194739,77,254401
17691,0.003419,172.217.194.0-255,1484,196223,77,254401
17692,0.003428,172.217.194.0-255,8574,204797,77,254401
17693,0.003446,172.31.40.0-255,66,204863,77,254401
17694,0.003507,172.217.194.0-255,5738,210601,77,254401
17695,0.003513,172.31.40.0-255,66,210667,77,254401
17696,0.003554,172.217.194.0-255,12828,223495,77,254401
17697,0.003573,172.31.40.0-255,66,223561,77,254401
17698,0.003685,172.217.194.0-255,766,224327,77,254401
17699,0.003702,172.217.194.0-255,2902,227229,77,254401
17700,0.003708,172.31.40.0-255,66,227295,77,254401
17701,0.003812,172.31.40.0-255,66,227361,77,254401
17702,0.004052,172.217.194.0-255,5738,233099,77,254401
17703,0.004057,172.31.40.0-255,66,233165,77,254401
17704,0.004136,172.217.194.0-255,9274,242439,77,254401
17705,0.00415,172.31.40.0-255,66,242505,77,254401
17706,0.004615,172.217.194.0-255,5738,248243,77,254401
17707,0.004619,172.31.40.0-255,66,248309,77,254401
17708,0.004691,172.31.40.0-255,66,248375,77,254401
17709,0.004709,172.217.194.0-255,1771,250146,77,254401
17710,0.004721,172.31.40.0-255,66,250212,77,254401
17711,0.011105,172.31.40.0-255,105,250317,77,254401
17712,0.013106,172.217.194.0-255,66,250383,77,254401
17713,0.048941,172.31.40.0-255,176,250559,77,254401
17714,0.048972,172.31.40.0-255,1120,251679,77,254401
17715,0.049036,172.31.40.0-255,1514,253193,77,254401
17716,0.049037,172.31.40.0-255,1010,254203,77,254401
17717,0.050508,104.244.42.0-255,66,254269,77,254401
17718,0.050521,104.244.42.0-255,66,254335,77,254401
17719,0.050613,104.244.42.0-255,66,254401,77,254401
17720,0.0,74.125.24.0-255,148,148,77,314478
17721,2.3e-05,172.31.40.0-255,66,214,77,314478
17722,2.9e-05,74.125.24.0-255,1484,1698,77,314478
17723,3.4e-05,172.31.40.0-255,66,1764,77,314478
17724,4e-05,74.125.24.0-255,2902,4666,77,314478
17725,4.4e-05,172.31.40.0-255,66,4732,77,314478
17726,5.1e-05,74.125.24.0-255,5738,10470,77,314478
17727,5.4e-05,172.31.40.0-255,66,10536,77,314478
17728,7.6e-05,74.125.24.0-255,1484,12020,77,314478
17729,7.9e-05,172.31.40.0-255,66,12086,77,314478
17730,0.000147,74.125.24.0-255,2073,14159,77,314478
17731,0.00015,172.31.40.0-255,66,14225,77,314478
17732,0.000175,74.125.24.0-255,1484,15709,77,314478
17733,0.000178,172.31.40.0-255,66,15775,77,314478
17734,0.000191,74.125.24.0-255,1484,17259,77,314478
17735,0.000193,172.31.40.0-255,66,17325,77,314478
17736,0.000197,74.125.24.0-255,1484,18809,77,314478
17737,0.000199,172.31.40.0-255,66,18875,77,314478
17738,0.000227,74.125.24.0-255,5738,24613,77,314478
17739,0.00023,172.31.40.0-255,66,24679,77,314478
17740,0.000294,74.125.24.0-255,2902,27581,77,314478
17741,0.000297,172.31.40.0-255,66,27647,77,314478
17742,0.000314,74.125.24.0-255,1484,29131,77,314478
17743,0.000317,172.31.40.0-255,66,29197,77,314478
17744,0.000352,74.125.24.0-255,2543,31740,77,314478
17745,0.000355,172.31.40.0-255,66,31806,77,314478
17746,0.000386,74.125.24.0-255,2902,34708,77,314478
17747,0.000389,172.31.40.0-255,66,34774,77,314478
17748,0.000428,74.125.24.0-255,4320,39094,77,314478
17749,0.000432,172.31.40.0-255,66,39160,77,314478
17750,0.000447,74.125.24.0-255,2902,42062,77,314478
17751,0.000449,172.31.40.0-255,66,42128,77,314478
17752,0.000529,74.125.24.0-255,6797,48925,77,314478
17753,0.000552,172.31.40.0-255,66,48991,77,314478
17754,0.000607,74.125.24.0-255,4320,53311,77,314478
17755,0.000613,172.31.40.0-255,66,53377,77,314478
17756,0.00063,74.125.24.0-255,11410,64787,77,314478
17757,0.000644,74.125.24.0-255,1125,65912,77,314478
17758,0.000657,172.31.40.0-255,66,65978,77,314478
17759,0.000812,74.125.24.0-255,646,66624,77,314478
17760,0.000949,74.125.24.0-255,1484,68108,77,314478
17761,0.000958,172.31.40.0-255,66,68174,77,314478
17762,0.000967,74.125.24.0-255,2902,71076,77,314478
17763,0.000972,172.31.40.0-255,66,71142,77,314478
17764,0.000991,74.125.24.0-255,2902,74044,77,314478
17765,0.001006,74.125.24.0-255,2902,76946,77,314478
17766,0.001014,172.31.40.0-255,66,77012,77,314478
17767,0.001067,74.125.24.0-255,5738,82750,77,314478
17768,0.001081,74.125.24.0-255,1484,84234,77,314478
17769,0.001086,172.31.40.0-255,66,84300,77,314478
17770,0.00115,74.125.24.0-255,7156,91456,77,314478
17771,0.001154,172.31.40.0-255,66,91522,77,314478
17772,0.001174,74.125.24.0-255,2902,94424,77,314478
17773,0.001179,172.31.40.0-255,66,94490,77,314478
17774,0.001275,74.125.24.0-255,6438,100928,77,314478
17775,0.001294,172.31.40.0-255,66,100994,77,314478
17776,0.001445,74.125.24.0-255,1484,102478,77,314478
17777,0.00146,74.125.24.0-255,2902,105380,77,314478
17778,0.001463,172.31.40.0-255,66,105446,77,314478
17779,0.001487,74.125.24.0-255,5738,111184,77,314478
17780,0.001496,172.31.40.0-255,66,111250,77,314478
17781,0.001557,74.125.24.0-255,4320,115570,77,314478
17782,0.001564,172.31.40.0-255,66,115636,77,314478
17783,0.001571,74.125.24.0-255,1484,117120,77,314478
17784,0.001629,74.125.24.0-255,4320,121440,77,314478
17785,0.001633,172.31.40.0-255,66,121506,77,314478
17786,0.001658,74.125.24.0-255,8574,130080,77,314478
17787,0.001663,172.31.40.0-255,66,130146,77,314478
17788,0.001818,74.125.24.0-255,4320,134466,77,314478
17789,0.001822,172.31.40.0-255,66,134532,77,314478
17790,0.001842,74.125.24.0-255,766,135298,77,314478
17791,0.001866,74.125.24.0-255,2902,138200,77,314478
17792,0.001871,172.31.40.0-255,66,138266,77,314478
17793,0.001912,172.31.40.0-255,66,138332,77,314478
17794,0.002141,74.125.24.0-255,2902,141234,77,314478
17795,0.002146,172.31.40.0-255,66,141300,77,314478
17796,0.00218,74.125.24.0-255,9274,150574,77,314478
17797,0.002197,172.31.40.0-255,66,150640,77,314478
17798,0.002306,74.125.24.0-255,5738,156378,77,314478
17799,0.00231,172.31.40.0-255,66,156444,77,314478
17800,0.002339,74.125.24.0-255,7156,163600,77,314478
17801,0.00235,172.31.40.0-255,66,163666,77,314478
17802,0.002475,74.125.24.0-255,8574,172240,77,314478
17803,0.002479,172.31.40.0-255,66,172306,77,314478
17804,0.002518,172.31.40.0-255,66,172372,77,314478
17805,0.002825,74.125.24.0-255,12828,185200,77,314478
17806,0.00283,172.31.40.0-255,66,185266,77,314478
17807,0.003289,74.125.24.0-255,5020,190286,77,314478
17808,0.011188,172.31.40.0-255,66,190352,77,314478
17809,0.011928,74.125.24.0-255,1484,191836,77,314478
17810,0.013495,74.125.24.0-255,4320,196156,77,314478
17811,0.013508,172.31.40.0-255,66,196222,77,314478
17812,0.015883,74.125.24.0-255,5738,201960,77,314478
17813,0.019115,172.31.40.0-255,66,202026,77,314478
17814,0.021469,74.125.24.0-255,5738,207764,77,314478
17815,0.021481,172.31.40.0-255,66,207830,77,314478
17816,0.023787,74.125.24.0-255,5738,213568,77,314478
17817,0.023892,172.31.40.0-255,66,213634,77,314478
17818,0.026196,74.125.24.0-255,5738,219372,77,314478
17819,0.026204,172.31.40.0-255,66,219438,77,314478
17820,0.028526,74.125.24.0-255,5738,225176,77,314478
17821,0.030582,172.31.40.0-255,66,225242,77,314478
17822,0.032897,74.125.24.0-255,5738,230980,77,314478
17823,0.032911,172.31.40.0-255,66,231046,77,314478
17824,0.035236,74.125.24.0-255,5738,236784,77,314478
17825,0.035246,172.31.40.0-255,66,236850,77,314478
17826,0.037573,74.125.24.0-255,5738,242588,77,314478
17827,0.03758,172.31.40.0-255,66,242654,77,314478
17828,0.03988,74.125.24.0-255,5738,248392,77,314478
17829,0.039888,172.31.40.0-255,66,248458,77,314478
17830,0.042223,74.125.24.0-255,5738,254196,77,314478
17831,0.04224,172.31.40.0-255,66,254262,77,314478
17832,0.044542,74.125.24.0-255,5738,260000,77,314478
17833,0.044549,172.31.40.0-255,66,260066,77,314478
17834,0.046874,74.125.24.0-255,5738,265804,77,314478
17835,0.046882,172.31.40.0-255,66,265870,77,314478
17836,0.049229,74.125.24.0-255,5738,271608,77,314478
17837,0.049244,172.31.40.0-255,66,271674,77,314478
17838,0.051562,74.125.24.0-255,4320,275994,77,314478
17839,0.051571,172.31.40.0-255,66,276060,77,314478
17840,0.051592,74.125.24.0-255,1484,277544,77,314478
17841,0.053905,74.125.24.0-255,4320,281864,77,314478
17842,0.053913,172.31.40.0-255,66,281930,77,314478
17843,0.056275,74.125.24.0-255,5738,287668,77,314478
17844,0.056347,172.31.40.0-255,66,287734,77,314478
17845,0.057345,172.31.40.0-255,172,287906,77,314478
17846,0.057378,172.31.40.0-255,1066,288972,77,314478
17847,0.058706,74.125.24.0-255,5738,294710,77,314478
17848,0.058714,172.31.40.0-255,66,294776,77,314478
17849,0.058895,104.244.42.0-255,66,294842,77,314478
17850,0.058929,104.244.42.0-255,66,294908,77,314478
17851,0.061058,74.125.24.0-255,5738,300646,77,314478
17852,0.061066,172.31.40.0-255,66,300712,77,314478
17853,0.063408,74.125.24.0-255,5738,306450,77,314478
17854,0.063416,172.31.40.0-255,66,306516,77,314478
17855,0.065781,74.125.24.0-255,5738,312254,77,314478
17856,0.065788,172.31.40.0-255,66,312320,77,314478
17857,0.068093,74.125.24.0-255,1921,314241,77,314478
17858,0.0681,172.31.40.0-255,66,314307,77,314478
17859,0.068254,172.31.40.0-255,105,314412,77,314478
17860,0.070537,74.125.24.0-255,66,314478,77,314478
17861,0.0,74.125.24.0-255,153,153,77,334162
17862,2.2e-05,172.31.40.0-255,66,219,77,334162
17863,2.9e-05,74.125.24.0-255,1484,1703,77,334162
17864,3.4e-05,172.31.40.0-255,66,1769,77,334162
17865,4e-05,74.125.24.0-255,2902,4671,77,334162
17866,4.3e-05,172.31.40.0-255,66,4737,77,334162
17867,5.1e-05,74.125.24.0-255,7156,11893,77,334162
17868,5.4e-05,172.31.40.0-255,66,11959,77,334162
17869,5.8e-05,74.125.24.0-255,1484,13443,77,334162
17870,6.1e-05,172.31.40.0-255,66,13509,77,334162
17871,8.2e-05,74.125.24.0-255,2029,15538,77,334162
17872,8.5e-05,172.31.40.0-255,66,15604,77,334162
17873,9.1e-05,74.125.24.0-255,4320,19924,77,334162
17874,9.4e-05,172.31.40.0-255,66,19990,77,334162
17875,0.000118,74.125.24.0-255,5738,25728,77,334162
17876,0.000121,172.31.40.0-255,66,25794,77,334162
17877,0.000147,74.125.24.0-255,4320,30114,77,334162
17878,0.00015,172.31.40.0-255,66,30180,77,334162
17879,0.000162,74.125.24.0-255,1484,31664,77,334162
17880,0.000164,172.31.40.0-255,66,31730,77,334162
17881,0.00019,74.125.24.0-255,9992,41722,77,334162
17882,0.000193,172.31.40.0-255,66,41788,77,334162
17883,0.0002,74.125.24.0-255,6438,48226,77,334162
17884,0.000202,172.31.40.0-255,66,48292,77,334162
17885,0.000774,74.125.24.0-255,1484,49776,77,334162
17886,0.000781,172.31.40.0-255,66,49842,77,334162
17887,0.000788,74.125.24.0-255,2902,52744,77,334162
17888,0.00079,172.31.40.0-255,66,52810,77,334162
17889,0.000806,74.125.24.0-255,2902,55712,77,334162
17890,0.000808,172.31.40.0-255,66,55778,77,334162
17891,0.000829,74.125.24.0-255,2902,58680,77,334162
17892,0.000831,172.31.40.0-255,66,58746,77,334162
17893,0.000873,74.125.24.0-255,1484,60230,77,334162
17894,0.000899,74.125.24.0-255,5734,65964,77,334162
17895,0.000902,172.31.40.0-255,66,66030,77,334162
17896,0.001453,74.125.24.0-255,1484,67514,77,334162
17897,0.001461,74.125.24.0-255,2902,70416,77,334162
17898,0.001466,172.31.40.0-255,66,70482,77,334162
17899,0.001471,74.125.24.0-255,1484,71966,77,334162
17900,0.00149,74.125.24.0-255,4320,76286,77,334162
17901,0.001493,172.31.40.0-255,66,76352,77,334162
17902,0.001513,74.125.24.0-255,8574,84926,77,334162
17903,0.001515,172.31.40.0-255,66,84992,77,334162
17904,0.001534,74.125.24.0-255,4320,89312,77,334162
17905,0.001537,172.31.40.0-255,66,89378,77,334162
17906,0.001547,74.125.24.0-255,10692,100070,77,334162
17907,0.001549,172.31.40.0-255,66,100136,77,334162
17908,0.002245,74.125.24.0-255,1484,101620,77,334162
17909,0.002254,74.125.24.0-255,2902,104522,77,334162
17910,0.002258,172.31.40.0-255,66,104588,77,334162
17911,0.002287,74.125.24.0-255,5738,110326,77,334162
17912,0.002289,172.31.40.0-255,66,110392,77,334162
17913,0.002296,74.125.24.0-255,5738,116130,77,334162
17914,0.002298,172.31.40.0-255,66,116196,77,334162
17915,0.002316,74.125.24.0-255,7156,123352,77,334162
17916,0.002319,172.31.40.0-255,66,123418,77,334162
17917,0.002327,74.125.24.0-255,7156,130574,77,334162
17918,0.002329,172.31.40.0-255,66,130640,77,334162
17919,0.002349,74.125.24.0-255,3602,134242,77,334162
17920,0.002352,172.31.40.0-255,66,134308,77,334162
17921,0.002417,172.31.40.0-255,66,134374,77,334162
17922,0.002427,74.125.24.0-255,10692,145066,77,334162
17923,0.00243,172.31.40.0-255,66,145132,77,334162
17924,0.003011,74.125.24.0-255,1484,146616,77,334162
17925,0.003025,74.125.24.0-255,2902,149518,77,334162
17926,0.003027,172.31.40.0-255,66,149584,77,334162
17927,0.003043,74.125.24.0-255,2902,152486,77,334162
17928,0.003046,172.31.40.0-255,66,152552,77,334162
17929,0.003058,74.125.24.0-255,2902,155454,77,334162
17930,0.003062,172.31.40.0-255,66,155520,77,334162
17931,0.003067,74.125.24.0-255,4320,159840,77,334162
17932,0.003069,172.31.40.0-255,66,159906,77,334162
17933,0.003093,74.125.24.0-255,8574,168480,77,334162
17934,0.003096,172.31.40.0-255,66,168546,77,334162
17935,0.003119,74.125.24.0-255,2902,171448,77,334162
17936,0.003121,172.31.40.0-255,66,171514,77,334162
17937,0.003135,74.125.24.0-255,5738,177252,77,334162
17938,0.003138,172.31.40.0-255,66,177318,77,334162
17939,0.003152,74.125.24.0-255,2184,179502,77,334162
17940,0.003154,172.31.40.0-255,66,179568,77,334162
17941,0.003782,74.125.24.0-255,1484,181052,77,334162
17942,0.003799,74.125.24.0-255,2902,183954,77,334162
17943,0.003803,172.31.40.0-255,66,184020,77,334162
17944,0.003807,74.125.24.0-255,2902,186922,77,334162
17945,0.00381,172.31.40.0-255,66,186988,77,334162
17946,0.003825,74.125.24.0-255,2902,189890,77,334162
17947,0.003828,172.31.40.0-255,66,189956,77,334162
17948,0.003832,74.125.24.0-255,2902,192858,77,334162
17949,0.003835,172.31.40.0-255,66,192924,77,334162
17950,0.003861,74.125.24.0-255,7156,200080,77,334162
17951,0.003864,172.31.40.0-255,66,200146,77,334162
17952,0.0039,74.125.24.0-255,5738,205884,77,334162
17953,0.003902,172.31.40.0-255,66,205950,77,334162
17954,0.003929,74.125.24.0-255,12110,218060,77,334162
17955,0.003932,172.31.40.0-255,66,218126,77,334162
17956,0.003941,74.125.24.0-255,9992,228118,77,334162
17957,0.003943,172.31.40.0-255,66,228184,77,334162
17958,0.003993,74.125.24.0-255,8574,236758,77,334162
17959,0.003996,172.31.40.0-255,66,236824,77,334162
17960,0.004007,74.125.24.0-255,10692,247516,77,334162
17961,0.004009,172.31.40.0-255,66,247582,77,334162
17962,0.004065,74.125.24.0-255,1484,249066,77,334162
17963,0.004082,74.125.24.0-255,2902,251968,77,334162
17964,0.004085,172.31.40.0-255,66,252034,77,334162
17965,0.004123,74.125.24.0-255,4320,256354,77,334162
17966,0.004126,172.31.40.0-255,66,256420,77,334162
17967,0.004129,74.125.24.0-255,1484,257904,77,334162
17968,0.004133,74.125.24.0-255,1484,259388,77,334162
17969,0.004135,172.31.40.0-255,66,259454,77,334162
17970,0.004141,74.125.24.0-255,4320,263774,77,334162
17971,0.004144,172.31.40.0-255,66,263840,77,334162
17972,0.004152,74.125.24.0-255,7156,270996,77,334162
17973,0.004154,172.31.40.0-255,66,271062,77,334162
17974,0.004157,74.125.24.0-255,1484,272546,77,334162
17975,0.004182,74.125.24.0-255,5738,278284,77,334162
17976,0.004185,172.31.40.0-255,66,278350,77,334162
17977,0.004207,74.125.24.0-255,3602,281952,77,334162
17978,0.00421,172.31.40.0-255,66,282018,77,334162
17979,0.004251,74.125.24.0-255,2902,284920,77,334162
17980,0.004254,172.31.40.0-255,66,284986,77,334162
17981,0.00426,74.125.24.0-255,4320,289306,77,334162
17982,0.004262,172.31.40.0-255,66,289372,77,334162
17983,0.004276,74.125.24.0-255,2902,292274,77,334162
17984,0.004279,172.31.40.0-255,66,292340,77,334162
17985,0.0043,74.125.24.0-255,5738,298078,77,334162
17986,0.004303,172.31.40.0-255,66,298144,77,334162
17987,0.004348,74.125.24.0-255,7156,305300,77,334162
17988,0.00435,172.31.40.0-255,66,305366,77,334162
17989,0.004369,74.125.24.0-255,2902,308268,77,334162
17990,0.004371,172.31.40.0-255,66,308334,77,334162
17991,0.004386,172.31.40.0-255,66,308400,77,334162
17992,0.004408,74.125.24.0-255,3602,312002,77,334162
17993,0.00441,172.31.40.0-255,66,312068,77,334162
17994,0.004427,172.31.40.0-255,66,312134,77,334162
17995,0.004456,74.125.24.0-255,2902,315036,77,334162
17996,0.00446,172.31.40.0-255,66,315102,77,334162
17997,0.004466,74.125.24.0-255,5020,320122,77,334162
17998,0.004468,172.31.40.0-255,66,320188,77,334162
17999,0.004482,172.31.40.0-255,66,320254,77,334162
18000,0.004514,74.125.24.0-255,1484,321738,77,334162
18001,0.004531,172.31.40.0-255,66,321804,77,334162
18002,0.004535,74.125.24.0-255,2184,323988,77,334162
18003,0.004537,172.31.40.0-255,66,324054,77,334162
18004,0.004578,74.125.24.0-255,5421,329475,77,334162
18005,0.004582,172.31.40.0-255,66,329541,77,334162
18006,0.004611,74.125.24.0-255,105,329646,77,334162
18007,0.007427,172.31.40.0-255,66,329712,77,334162
18008,0.007465,172.31.40.0-255,105,329817,77,334162
18009,0.010012,74.125.24.0-255,66,329883,77,334162
18010,0.048137,172.31.40.0-255,172,330055,77,334162
18011,0.048174,172.31.40.0-255,1120,331175,77,334162
18012,0.048237,172.31.40.0-255,1514,332689,77,334162
18013,0.048238,172.31.40.0-255,1275,333964,77,334162
18014,0.049657,104.244.42.0-255,66,334030,77,334162
18015,0.049704,104.244.42.0-255,66,334096,77,334162
18016,0.049828,104.244.42.0-255,66,334162,77,334162
18017,0.0,172.217.194.0-255,153,153,77,344315
18018,3.1e-05,172.31.40.0-255,66,219,77,344315
18019,3.7e-05,172.217.194.0-255,1484,1703,77,344315
18020,4.1e-05,172.31.40.0-255,66,1769,77,344315
18021,4.6e-05,172.217.194.0-255,2902,4671,77,344315
18022,4.9e-05,172.31.40.0-255,66,4737,77,344315
18023,6.4e-05,172.217.194.0-255,7156,11893,77,344315
18024,6.6e-05,172.31.40.0-255,66,11959,77,344315
18025,7e-05,172.217.194.0-255,1983,13942,77,344315
18026,7.3e-05,172.31.40.0-255,66,14008,77,344315
18027,7.8e-05,172.217.194.0-255,2902,16910,77,344315
18028,8e-05,172.31.40.0-255,66,16976,77,344315
18029,0.000117,172.217.194.0-255,8574,25550,77,344315
18030,0.00012,172.31.40.0-255,66,25616,77,344315
18031,0.000126,172.217.194.0-255,5379,30995,77,344315
18032,0.000128,172.31.40.0-255,66,31061,77,344315
18033,0.000234,172.217.194.0-255,1484,32545,77,344315
18034,0.000238,172.31.40.0-255,66,32611,77,344315
18035,0.000243,172.217.194.0-255,1484,34095,77,344315
18036,0.000246,172.31.40.0-255,66,34161,77,344315
18037,0.000291,172.217.194.0-255,1484,35645,77,344315
18038,0.000295,172.31.40.0-255,66,35711,77,344315
18039,0.000305,172.217.194.0-255,4320,40031,77,344315
18040,0.000308,172.31.40.0-255,66,40097,77,344315
18041,0.000313,172.217.194.0-255,5738,45835,77,344315
18042,0.000316,172.31.40.0-255,66,45901,77,344315
18043,0.000325,172.217.194.0-255,11410,57311,77,344315
18044,0.000327,172.31.40.0-255,66,57377,77,344315
18045,0.000334,172.217.194.0-255,7856,65233,77,344315
18046,0.000338,172.31.40.0-255,66,65299,77,344315
18047,0.00034,172.217.194.0-255,676,65975,77,344315
18048,0.000343,172.31.40.0-255,66,66041,77,344315
18049,0.000429,172.217.194.0-255,1484,67525,77,344315
18050,0.000436,172.217.194.0-255,2902,70427,77,344315
18051,0.000439,172.31.40.0-255,66,70493,77,344315
18052,0.000446,172.217.194.0-255,5738,76231,77,344315
18053,0.000451,172.31.40.0-255,66,76297,77,344315
18054,0.000483,172.217.194.0-255,5738,82035,77,344315
18055,0.000487,172.31.40.0-255,66,82101,77,344315
18056,0.000497,172.217.194.0-255,12828,94929,77,344315
18057,0.0005,172.31.40.0-255,66,94995,77,344315
18058,0.000524,172.217.194.0-255,5020,100015,77,344315
18059,0.000527,172.31.40.0-255,66,100081,77,344315
18060,0.000651,172.217.194.0-255,1484,101565,77,344315
18061,0.000677,172.217.194.0-255,1484,103049,77,344315
18062,0.00068,172.31.40.0-255,66,103115,77,344315
18063,0.000707,172.217.194.0-255,1484,104599,77,344315
18064,0.000713,172.217.194.0-255,5738,110337,77,344315
18065,0.000715,172.31.40.0-255,66,110403,77,344315
18066,0.000725,172.217.194.0-255,12828,123231,77,344315
18067,0.000727,172.31.40.0-255,66,123297,77,344315
18068,0.000734,172.217.194.0-255,7156,130453,77,344315
18069,0.000741,172.31.40.0-255,66,130519,77,344315
18070,0.000768,172.217.194.0-255,3602,134121,77,344315
18071,0.00077,172.31.40.0-255,66,134187,77,344315
18072,0.000932,172.217.194.0-255,1484,135671,77,344315
18073,0.000937,172.217.194.0-255,2902,138573,77,344315
18074,0.000939,172.31.40.0-255,66,138639,77,344315
18075,0.000969,172.217.194.0-255,5738,144377,77,344315
18076,0.000972,172.31.40.0-255,66,144443,77,344315
18077,0.000979,172.217.194.0-255,8574,153017,77,344315
18078,0.000981,172.31.40.0-255,66,153083,77,344315
18079,0.001029,172.217.194.0-255,12828,165911,77,344315
18080,0.001033,172.31.40.0-255,66,165977,77,344315
18081,0.001067,172.217.194.0-255,3602,169579,77,344315
18082,0.00107,172.31.40.0-255,66,169645,77,344315
18083,0.001076,172.217.194.0-255,8574,178219,77,344315
18084,0.001078,172.31.40.0-255,66,178285,77,344315
18085,0.001103,172.217.194.0-255,1484,179769,77,344315
18086,0.001126,172.217.194.0-255,11410,191179,77,344315
18087,0.001129,172.31.40.0-255,66,191245,77,344315
18088,0.001158,172.217.194.0-255,10692,201937,77,344315
18089,0.001161,172.31.40.0-255,66,202003,77,344315
18090,0.001379,172.217.194.0-255,1484,203487,77,344315
18091,0.001382,172.217.194.0-255,1484,204971,77,344315
18092,0.001385,172.31.40.0-255,66,205037,77,344315
18093,0.001399,172.217.194.0-255,1484,206521,77,344315
18094,0.001409,172.217.194.0-255,5738,212259,77,344315
18095,0.001411,172.31.40.0-255,66,212325,77,344315
18096,0.001441,172.217.194.0-255,7156,219481,77,344315
18097,0.001445,172.31.40.0-255,66,219547,77,344315
18098,0.001474,172.217.194.0-255,5738,225285,77,344315
18099,0.001478,172.217.194.0-255,5738,231023,77,344315
18100,0.001478,172.31.40.0-255,66,231089,77,344315
18101,0.001482,172.31.40.0-255,66,231155,77,344315
18102,0.001491,172.217.194.0-255,5020,236175,77,344315
18103,0.001493,172.31.40.0-255,66,236241,77,344315
18104,0.001534,172.217.194.0-255,2902,239143,77,344315
18105,0.001537,172.31.40.0-255,66,239209,77,344315
18106,0.001561,172.217.194.0-255,2902,242111,77,344315
18107,0.001563,172.31.40.0-255,66,242177,77,344315
18108,0.001566,172.217.194.0-255,1484,243661,77,344315
18109,0.001572,172.217.194.0-255,8574,252235,77,344315
18110,0.001574,172.31.40.0-255,66,252301,77,344315
18111,0.001623,172.31.40.0-255,66,252367,77,344315
18112,0.001635,172.31.40.0-255,66,252433,77,344315
18113,0.001713,172.31.40.0-255,66,252499,77,344315
18114,0.00172,172.217.194.0-255,5738,258237,77,344315
18115,0.001724,172.31.40.0-255,66,258303,77,344315
18116,0.00176,172.217.194.0-255,12828,271131,77,344315
18117,0.001764,172.31.40.0-255,66,271197,77,344315
18118,0.001768,172.217.194.0-255,2902,274099,77,344315
18119,0.00177,172.31.40.0-255,66,274165,77,344315
18120,0.001804,172.217.194.0-255,12110,286275,77,344315
18121,0.001807,172.31.40.0-255,66,286341,77,344315
18122,0.002395,172.217.194.0-255,1484,287825,77,344315
18123,0.002418,172.217.194.0-255,2902,290727,77,344315
18124,0.002423,172.31.40.0-255,66,290793,77,344315
18125,0.002427,172.217.194.0-255,2902,293695,77,344315
18126,0.002429,172.31.40.0-255,66,293761,77,344315
18127,0.002435,172.217.194.0-255,4320,298081,77,344315
18128,0.002437,172.31.40.0-255,66,298147,77,344315
18129,0.002477,172.217.194.0-255,8574,306721,77,344315
18130,0.00248,172.31.40.0-255,66,306787,77,344315
18131,0.002491,172.217.194.0-255,13528,320315,77,344315
18132,0.002495,172.31.40.0-255,66,320381,77,344315
18133,0.002514,172.217.194.0-255,7156,327537,77,344315
18134,0.002518,172.31.40.0-255,66,327603,77,344315
18135,0.002563,172.217.194.0-255,7156,334759,77,344315
18136,0.002566,172.31.40.0-255,66,334825,77,344315
18137,0.002582,172.31.40.0-255,66,334891,77,344315
18138,0.002589,172.217.194.0-255,7156,342047,77,344315
18139,0.002595,172.31.40.0-255,66,342113,77,344315
18140,0.002617,172.217.194.0-255,414,342527,77,344315
18141,0.003323,172.31.40.0-255,66,342593,77,344315
18142,0.005101,172.217.194.0-255,105,342698,77,344315
18143,0.008393,172.31.40.0-255,66,342764,77,344315
18144,0.008427,172.31.40.0-255,105,342869,77,344315
18145,0.010918,172.217.194.0-255,66,342935,77,344315
18146,0.036794,172.31.40.0-255,182,343117,77,344315
18147,0.036822,172.31.40.0-255,1066,344183,77,344315
18148,0.038329,104.244.42.0-255,66,344249,77,344315
18149,0.038383,104.244.42.0-255,66,344315,77,344315
18150,0.0,172.217.194.0-255,152,152,77,392225
18151,2.3e-05,172.31.40.0-255,66,218,77,392225
18152,3.1e-05,172.217.194.0-255,1484,1702,77,392225
18153,3.4e-05,172.31.40.0-255,66,1768,77,392225
18154,4e-05,172.217.194.0-255,2902,4670,77,392225
18155,5.1e-05,172.31.40.0-255,66,4736,77,392225
18156,5.9e-05,172.217.194.0-255,7156,11892,77,392225
18157,6.2e-05,172.31.40.0-255,66,11958,77,392225
18158,6.6e-05,172.217.194.0-255,2136,14094,77,392225
18159,6.9e-05,172.31.40.0-255,66,14160,77,392225
18160,0.000235,172.217.194.0-255,1484,15644,77,392225
18161,0.00024,172.31.40.0-255,66,15710,77,392225
18162,0.000247,172.217.194.0-255,2902,18612,77,392225
18163,0.00025,172.31.40.0-255,66,18678,77,392225
18164,0.000284,172.217.194.0-255,5738,24416,77,392225
18165,0.000287,172.31.40.0-255,66,24482,77,392225
18166,0.000318,172.217.194.0-255,6797,31279,77,392225
18167,0.000321,172.31.40.0-255,66,31345,77,392225
18168,0.000392,172.217.194.0-255,4320,35665,77,392225
18169,0.000396,172.31.40.0-255,66,35731,77,392225
18170,0.000427,172.217.194.0-255,5738,41469,77,392225
18171,0.000431,172.31.40.0-255,66,41535,77,392225
18172,0.000454,172.217.194.0-255,9633,51168,77,392225
18173,0.000456,172.31.40.0-255,66,51234,77,392225
18174,0.000489,172.217.194.0-255,9992,61226,77,392225
18175,0.000492,172.31.40.0-255,66,61292,77,392225
18176,0.000498,172.217.194.0-255,3961,65253,77,392225
18177,0.0005,172.31.40.0-255,66,65319,77,392225
18178,0.000515,172.217.194.0-255,360,65679,77,392225
18179,0.000518,172.31.40.0-255,66,65745,77,392225
18180,0.000631,172.217.194.0-255,383,66128,77,392225
18181,0.000636,172.31.40.0-255,66,66194,77,392225
18182,0.000946,172.217.194.0-255,1484,67678,77,392225
18183,0.000951,172.217.194.0-255,1484,69162,77,392225
18184,0.000955,172.31.40.0-255,66,69228,77,392225
18185,0.000987,172.217.194.0-255,1484,70712,77,392225
18186,0.000994,172.217.194.0-255,5738,76450,77,392225
18187,0.000997,172.31.40.0-255,66,76516,77,392225
18188,0.001008,172.217.194.0-255,12828,89344,77,392225
18189,0.00101,172.31.40.0-255,66,89410,77,392225
18190,0.001024,172.217.194.0-255,8574,97984,77,392225
18191,0.001027,172.31.40.0-255,66,98050,77,392225
18192,0.001069,172.217.194.0-255,2184,100234,77,392225
18193,0.001071,172.31.40.0-255,66,100300,77,392225
18194,0.001184,172.31.40.0-255,101,100401,77,392225
18195,0.00162,172.217.194.0-255,1484,101885,77,392225
18196,0.001634,172.217.194.0-255,2902,104787,77,392225
18197,0.001638,172.31.40.0-255,66,104853,77,392225
18198,0.001645,172.217.194.0-255,4320,109173,77,392225
18199,0.001647,172.31.40.0-255,66,109239,77,392225
18200,0.001677,172.217.194.0-255,8574,117813,77,392225
18201,0.00168,172.31.40.0-255,66,117879,77,392225
18202,0.001714,172.217.194.0-255,5738,123617,77,392225
18203,0.001717,172.31.40.0-255,66,123683,77,392225
18204,0.001748,172.217.194.0-255,8574,132257,77,392225
18205,0.00175,172.31.40.0-255,66,132323,77,392225
18206,0.001755,172.217.194.0-255,2184,134507,77,392225
18207,0.001757,172.31.40.0-255,66,134573,77,392225
18208,0.002325,172.217.194.0-255,1484,136057,77,392225
18209,0.002336,172.217.194.0-255,2902,138959,77,392225
18210,0.002341,172.31.40.0-255,66,139025,77,392225
18211,0.002347,172.217.194.0-255,2902,141927,77,392225
18212,0.002349,172.31.40.0-255,66,141993,77,392225
18213,0.002381,172.217.194.0-255,2902,144895,77,392225
18214,0.002384,172.31.40.0-255,66,144961,77,392225
18215,0.002397,172.217.194.0-255,12828,157789,77,392225
18216,0.002399,172.31.40.0-255,66,157855,77,392225
18217,0.002423,172.217.194.0-255,1484,159339,77,392225
18218,0.002454,172.217.194.0-255,9274,168613,77,392225
18219,0.002457,172.31.40.0-255,66,168679,77,392225
18220,0.002609,172.217.194.0-255,1484,170163,77,392225
18221,0.002617,172.217.194.0-255,2902,173065,77,392225
18222,0.00262,172.31.40.0-255,66,173131,77,392225
18223,0.00374,172.217.194.0-255,66,173197,77,392225
18224,0.005036,172.217.194.0-255,1484,174681,77,392225
18225,0.005205,172.217.194.0-255,4320,179001,77,392225
18226,0.005208,172.31.40.0-255,66,179067,77,392225
18227,0.007793,172.217.194.0-255,5738,184805,77,392225
18228,0.0078,172.31.40.0-255,66,184871,77,392225
18229,0.01045,172.217.194.0-255,5738,190609,77,392225
18230,0.010458,172.31.40.0-255,66,190675,77,392225
18231,0.013045,172.217.194.0-255,5738,196413,77,392225
18232,0.013053,172.31.40.0-255,66,196479,77,392225
18233,0.015662,172.217.194.0-255,5738,202217,77,392225
18234,0.015671,172.31.40.0-255,66,202283,77,392225
18235,0.018285,172.217.194.0-255,5738,208021,77,392225
18236,0.018299,172.31.40.0-255,66,208087,77,392225
18237,0.020914,172.217.194.0-255,5738,213825,77,392225
18238,0.020923,172.31.40.0-255,66,213891,77,392225
18239,0.023546,172.217.194.0-255,5738,219629,77,392225
18240,0.023555,172.31.40.0-255,66,219695,77,392225
18241,0.026175,172.217.194.0-255,5738,225433,77,392225
18242,0.026184,172.31.40.0-255,66,225499,77,392225
18243,0.028831,172.217.194.0-255,5738,231237,77,392225
18244,0.02884,172.31.40.0-255,66,231303,77,392225
18245,0.030106,172.31.40.0-255,172,231475,77,392225
18246,0.030175,172.31.40.0-255,1121,232596,77,392225
18247,0.030235,172.31.40.0-255,1514,234110,77,392225
18248,0.030237,172.31.40.0-255,1275,235385,77,392225
18249,0.031442,172.217.194.0-255,5738,241123,77,392225
18250,0.03145,172.31.40.0-255,66,241189,77,392225
18251,0.031667,104.244.42.0-255,66,241255,77,392225
18252,0.031701,104.244.42.0-255,66,241321,77,392225
18253,0.031806,104.244.42.0-255,66,241387,77,392225
18254,0.034072,172.217.194.0-255,5738,247125,77,392225
18255,0.034078,172.31.40.0-255,66,247191,77,392225
18256,0.036777,172.217.194.0-255,5738,252929,77,392225
18257,0.036784,172.31.40.0-255,66,252995,77,392225
18258,0.039393,172.217.194.0-255,5738,258733,77,392225
18259,0.039413,172.31.40.0-255,66,258799,77,392225
18260,0.042028,172.217.194.0-255,5738,264537,77,392225
18261,0.042051,172.31.40.0-255,66,264603,77,392225
18262,0.044653,172.217.194.0-255,5738,270341,77,392225
18263,0.044662,172.31.40.0-255,66,270407,77,392225
18264,0.04728,172.217.194.0-255,5738,276145,77,392225
18265,0.047298,172.31.40.0-255,66,276211,77,392225
18266,0.049958,172.217.194.0-255,5738,281949,77,392225
18267,0.049976,172.31.40.0-255,66,282015,77,392225
18268,0.052604,172.217.194.0-255,5738,287753,77,392225
18269,0.052623,172.31.40.0-255,66,287819,77,392225
18270,0.055235,172.217.194.0-255,5738,293557,77,392225
18271,0.055253,172.31.40.0-255,66,293623,77,392225
18272,0.057889,172.217.194.0-255,5738,299361,77,392225
18273,0.057907,172.31.40.0-255,66,299427,77,392225
18274,0.060539,172.217.194.0-255,5738,305165,77,392225
18275,0.060559,172.31.40.0-255,66,305231,77,392225
18276,0.063164,172.217.194.0-255,5738,310969,77,392225
18277,0.063183,172.31.40.0-255,66,311035,77,392225
18278,0.065827,172.217.194.0-255,5738,316773,77,392225
18279,0.065848,172.31.40.0-255,66,316839,77,392225
18280,0.068461,172.217.194.0-255,5738,322577,77,392225
18281,0.068479,172.31.40.0-255,66,322643,77,392225
18282,0.071099,172.217.194.0-255,5738,328381,77,392225
18283,0.071123,172.31.40.0-255,66,328447,77,392225
18284,0.073741,172.217.194.0-255,5738,334185,77,392225
18285,0.07376,172.31.40.0-255,66,334251,77,392225
18286,0.076379,172.217.194.0-255,5738,339989,77,392225
18287,0.076393,172.31.40.0-255,66,340055,77,392225
18288,0.079047,172.217.194.0-255,5738,345793,77,392225
18289,0.079062,172.31.40.0-255,66,345859,77,392225
18290,0.081661,172.217.194.0-255,5738,351597,77,392225
18291,0.081672,172.31.40.0-255,66,351663,77,392225
18292,0.084273,172.217.194.0-255,5738,357401,77,392225
18293,0.084286,172.31.40.0-255,66,357467,77,392225
18294,0.086904,172.217.194.0-255,5738,363205,77,392225
18295,0.086913,172.31.40.0-255,66,363271,77,392225
18296,0.08952,172.217.194.0-255,5738,369009,77,392225
18297,0.089528,172.31.40.0-255,66,369075,77,392225
18298,0.092151,172.217.194.0-255,5738,374813,77,392225
18299,0.092157,172.31.40.0-255,66,374879,77,392225
18300,0.094777,172.217.194.0-255,5738,380617,77,392225
18301,0.094785,172.31.40.0-255,66,380683,77,392225
18302,0.097382,172.217.194.0-255,5738,386421,77,392225
18303,0.097388,172.31.40.0-255,66,386487,77,392225
18304,0.099993,172.217.194.0-255,5738,392225,77,392225
18305,0.0,172.217.194.0-255,153,153,77,371629
18306,2.9e-05,172.31.40.0-255,66,219,77,371629
18307,3.8e-05,172.217.194.0-255,1484,1703,77,371629
18308,4.2e-05,172.31.40.0-255,66,1769,77,371629
18309,4.7e-05,172.217.194.0-255,2902,4671,77,371629
18310,5.1e-05,172.31.40.0-255,66,4737,77,371629
18311,5.6e-05,172.217.194.0-255,2902,7639,77,371629
18312,5.9e-05,172.31.40.0-255,66,7705,77,371629
18313,8.1e-05,172.217.194.0-255,2902,10607,77,371629
18314,8.4e-05,172.31.40.0-255,66,10673,77,371629
18315,9.9e-05,172.217.194.0-255,4320,14993,77,371629
18316,0.000101,172.31.40.0-255,66,15059,77,371629
18317,0.000119,172.217.194.0-255,683,15742,77,371629
18318,0.000121,172.31.40.0-255,66,15808,77,371629
18319,0.000128,172.217.194.0-255,5738,21546,77,371629
18320,0.00013,172.31.40.0-255,66,21612,77,371629
18321,0.00014,172.217.194.0-255,9633,31245,77,371629
18322,0.000142,172.31.40.0-255,66,31311,77,371629
18323,0.000187,172.217.194.0-255,1484,32795,77,371629
18324,0.00019,172.31.40.0-255,66,32861,77,371629
18325,0.000194,172.217.194.0-255,2902,35763,77,371629
18326,0.000197,172.31.40.0-255,66,35829,77,371629
18327,0.000204,172.217.194.0-255,5738,41567,77,371629
18328,0.000207,172.31.40.0-255,66,41633,77,371629
18329,0.000256,172.217.194.0-255,13887,55520,77,371629
18330,0.000259,172.31.40.0-255,66,55586,77,371629
18331,0.000262,172.217.194.0-255,1484,57070,77,371629
18332,0.000264,172.31.40.0-255,66,57136,77,371629
18333,0.000287,172.217.194.0-255,2902,60038,77,371629
18334,0.00029,172.31.40.0-255,66,60104,77,371629
18335,0.000311,172.217.194.0-255,5692,65796,77,371629
18336,0.000314,172.31.40.0-255,66,65862,77,371629
18337,0.000317,172.217.194.0-255,364,66226,77,371629
18338,0.00067,172.217.194.0-255,1484,67710,77,371629
18339,0.000675,172.31.40.0-255,66,67776,77,371629
18340,0.000681,172.217.194.0-255,2902,70678,77,371629
18341,0.000684,172.31.40.0-255,66,70744,77,371629
18342,0.00069,172.217.194.0-255,5738,76482,77,371629
18343,0.000693,172.31.40.0-255,66,76548,77,371629
18344,0.00073,172.217.194.0-255,12828,89376,77,371629
18345,0.000734,172.31.40.0-255,66,89442,77,371629
18346,0.000738,172.217.194.0-255,2902,92344,77,371629
18347,0.00074,172.31.40.0-255,66,92410,77,371629
18348,0.000763,172.217.194.0-255,7856,100266,77,371629
18349,0.000766,172.31.40.0-255,66,100332,77,371629
18350,0.000891,172.217.194.0-255,1484,101816,77,371629
18351,0.000897,172.217.194.0-255,2902,104718,77,371629
18352,0.000901,172.31.40.0-255,66,104784,77,371629
18353,0.000908,172.217.194.0-255,5738,110522,77,371629
18354,0.000911,172.31.40.0-255,66,110588,77,371629
18355,0.00095,172.217.194.0-255,12828,123416,77,371629
18356,0.000953,172.31.40.0-255,66,123482,77,371629
18357,0.000964,172.217.194.0-255,10692,134174,77,371629
18358,0.000966,172.31.40.0-255,66,134240,77,371629
18359,0.001324,172.217.194.0-255,1484,135724,77,371629
18360,0.001331,172.217.194.0-255,2902,138626,77,371629
18361,0.001336,172.31.40.0-255,66,138692,77,371629
18362,0.001355,172.217.194.0-255,4320,143012,77,371629
18363,0.001358,172.31.40.0-255,66,143078,77,371629
18364,0.001381,172.217.194.0-255,1484,144562,77,371629
18365,0.001402,172.217.194.0-255,5738,150300,77,371629
18366,0.001405,172.31.40.0-255,66,150366,77,371629
18367,0.001422,172.217.194.0-255,2902,153268,77,371629
18368,0.001424,172.31.40.0-255,66,153334,77,371629
18369,0.00145,172.217.194.0-255,4320,157654,77,371629
18370,0.001452,172.31.40.0-255,66,157720,77,371629
18371,0.001475,172.217.194.0-255,1484,159204,77,371629
18372,0.001482,172.217.194.0-255,7156,166360,77,371629
18373,0.001485,172.31.40.0-255,66,166426,77,371629
18374,0.001489,172.217.194.0-255,2184,168610,77,371629
18375,0.001491,172.31.40.0-255,66,168676,77,371629
18376,0.001548,172.217.194.0-255,1484,170160,77,371629
18377,0.001552,172.217.194.0-255,1484,171644,77,371629
18378,0.001554,172.31.40.0-255,66,171710,77,371629
18379,0.001572,172.217.194.0-255,1484,173194,77,371629
18380,0.001593,172.217.194.0-255,5738,178932,77,371629
18381,0.001596,172.31.40.0-255,66,178998,77,371629
18382,0.001603,172.217.194.0-255,5738,184736,77,371629
18383,0.001605,172.31.40.0-255,66,184802,77,371629
18384,0.001609,172.217.194.0-255,2902,187704,77,371629
18385,0.001612,172.31.40.0-255,66,187770,77,371629
18386,0.001627,172.217.194.0-255,4320,192090,77,371629
18387,0.00163,172.31.40.0-255,66,192156,77,371629
18388,0.001662,172.217.194.0-255,10692,202848,77,371629
18389,0.001666,172.31.40.0-255,66,202914,77,371629
18390,0.002167,172.217.194.0-255,1484,204398,77,371629
18391,0.002176,172.217.194.0-255,2902,207300,77,371629
18392,0.002181,172.31.40.0-255,66,207366,77,371629
18393,0.00219,172.217.194.0-255,5738,213104,77,371629
18394,0.002193,172.31.40.0-255,66,213170,77,371629
18395,0.002196,172.217.194.0-255,1484,214654,77,371629
18396,0.002219,172.217.194.0-255,11410,226064,77,371629
18397,0.002222,172.31.40.0-255,66,226130,77,371629
18398,0.002228,172.217.194.0-255,5738,231868,77,371629
18399,0.002271,172.217.194.0-255,5020,236888,77,371629
18400,0.002295,172.217.194.0-255,4320,241208,77,371629
18401,0.002308,172.217.194.0-255,1484,242692,77,371629
18402,0.002314,172.217.194.0-255,4320,247012,77,371629
18403,0.002332,172.217.194.0-255,2902,249914,77,371629
18404,0.002375,172.217.194.0-255,5738,255652,77,371629
18405,0.002395,172.217.194.0-255,6438,262090,77,371629
18406,0.002406,172.217.194.0-255,12828,274918,77,371629
18407,0.002482,172.217.194.0-255,5738,280656,77,371629
18408,0.002501,172.217.194.0-255,7856,288512,77,371629
18409,0.002534,172.217.194.0-255,2902,291414,77,371629
18410,0.002553,172.217.194.0-255,3602,295016,77,371629
18411,0.002598,172.217.194.0-255,1484,296500,77,371629
18412,0.002611,172.217.194.0-255,2902,299402,77,371629
18413,0.002622,172.217.194.0-255,2902,302304,77,371629
18414,0.002625,172.217.194.0-255,1484,303788,77,371629
18415,0.002636,172.217.194.0-255,2902,306690,77,371629
18416,0.002688,172.217.194.0-255,5738,312428,77,371629
18417,0.002708,172.217.194.0-255,2902,315330,77,371629
18418,0.002716,172.217.194.0-255,8574,323904,77,371629
18419,0.006646,172.31.40.0-255,66,323970,77,371629
18420,0.009348,172.217.194.0-255,5738,329708,77,371629
18421,0.009357,172.31.40.0-255,66,329774,77,371629
18422,0.012062,172.217.194.0-255,5738,335512,77,371629
18423,0.012073,172.31.40.0-255,66,335578,77,371629
18424,0.014731,172.217.194.0-255,5738,341316,77,371629
18425,0.014741,172.31.40.0-255,66,341382,77,371629
18426,0.017386,172.217.194.0-255,5738,347120,77,371629
18427,0.017395,172.31.40.0-255,66,347186,77,371629
18428,0.020069,172.217.194.0-255,5738,352924,77,371629
18429,0.02008,172.31.40.0-255,66,352990,77,371629
18430,0.022687,172.217.194.0-255,5738,358728,77,371629
18431,0.022694,172.31.40.0-255,66,358794,77,371629
18432,0.025338,172.217.194.0-255,5738,364532,77,371629
18433,0.025353,172.31.40.0-255,66,364598,77,371629
18434,0.028027,172.217.194.0-255,4751,369349,77,371629
18435,0.028038,172.31.40.0-255,66,369415,77,371629
18436,0.02827,172.31.40.0-255,105,369520,77,371629
18437,0.03087,172.217.194.0-255,66,369586,77,371629
18438,0.0497,172.31.40.0-255,172,369758,77,371629
18439,0.049732,172.31.40.0-255,1121,370879,77,371629
18440,0.049809,172.31.40.0-255,552,371431,77,371629
18441,0.051244,104.244.42.0-255,66,371497,77,371629
18442,0.051289,104.244.42.0-255,66,371563,77,371629
18443,0.051328,104.244.42.0-255,66,371629,77,371629
18444,0.0,172.217.194.0-255,153,153,77,322812
18445,2.1e-05,172.31.40.0-255,66,219,77,322812
18446,2.8e-05,172.217.194.0-255,1484,1703,77,322812
18447,3.1e-05,172.31.40.0-255,66,1769,77,322812
18448,3.7e-05,172.217.194.0-255,2902,4671,77,322812
18449,4.8e-05,172.31.40.0-255,66,4737,77,322812
18450,5.5e-05,172.217.194.0-255,7156,11893,77,322812
18451,5.8e-05,172.31.40.0-255,66,11959,77,322812
18452,8.5e-05,172.217.194.0-255,12828,24787,77,322812
18453,9.2e-05,172.31.40.0-255,66,24853,77,322812
18454,0.000116,172.217.194.0-255,565,25418,77,322812
18455,0.000118,172.31.40.0-255,66,25484,77,322812
18456,0.000124,172.217.194.0-255,5379,30863,77,322812
18457,0.000126,172.31.40.0-255,66,30929,77,322812
18458,0.000447,172.217.194.0-255,1484,32413,77,322812
18459,0.000452,172.31.40.0-255,66,32479,77,322812
18460,0.000458,172.217.194.0-255,2902,35381,77,322812
18461,0.00046,172.31.40.0-255,66,35447,77,322812
18462,0.000464,172.217.194.0-255,1484,36931,77,322812
18463,0.000465,172.31.40.0-255,66,36997,77,322812
18464,0.000493,172.217.194.0-255,4320,41317,77,322812
18465,0.000497,172.31.40.0-255,66,41383,77,322812
18466,0.000503,172.217.194.0-255,5738,47121,77,322812
18467,0.000505,172.31.40.0-255,66,47187,77,322812
18468,0.000534,172.217.194.0-255,8215,55402,77,322812
18469,0.000537,172.31.40.0-255,66,55468,77,322812
18470,0.000548,172.217.194.0-255,8574,64042,77,322812
18471,0.00055,172.31.40.0-255,66,64108,77,322812
18472,0.00058,172.217.194.0-255,1416,65524,77,322812
18473,0.000582,172.31.40.0-255,66,65590,77,322812
18474,0.000585,172.217.194.0-255,363,65953,77,322812
18475,0.000587,172.31.40.0-255,66,66019,77,322812
18476,0.001675,172.217.194.0-255,1484,67503,77,322812
18477,0.001686,172.217.194.0-255,2902,70405,77,322812
18478,0.001692,172.31.40.0-255,66,70471,77,322812
18479,0.0017,172.217.194.0-255,5738,76209,77,322812
18480,0.001702,172.31.40.0-255,66,76275,77,322812
18481,0.001714,172.217.194.0-255,5738,82013,77,322812
18482,0.001716,172.31.40.0-255,66,82079,77,322812
18483,0.001756,172.217.194.0-255,12828,94907,77,322812
18484,0.001759,172.31.40.0-255,66,94973,77,322812
18485,0.001785,172.217.194.0-255,1125,96098,77,322812
18486,0.001797,172.217.194.0-255,12828,108926,77,322812
18487,0.0018,172.31.40.0-255,66,108992,77,322812
18488,0.001848,172.217.194.0-255,2902,111894,77,322812
18489,0.001851,172.31.40.0-255,66,111960,77,322812
18490,0.001881,172.217.194.0-255,5020,116980,77,322812
18491,0.001883,172.31.40.0-255,66,117046,77,322812
18492,0.002085,172.217.194.0-255,1484,118530,77,322812
18493,0.0021,172.217.194.0-255,2902,121432,77,322812
18494,0.002103,172.31.40.0-255,66,121498,77,322812
18495,0.002131,172.217.194.0-255,5738,127236,77,322812
18496,0.002133,172.31.40.0-255,66,127302,77,322812
18497,0.002136,172.217.194.0-255,1484,128786,77,322812
18498,0.002146,172.217.194.0-255,9992,138778,77,322812
18499,0.002153,172.31.40.0-255,66,138844,77,322812
18500,0.002178,172.217.194.0-255,2902,141746,77,322812
18501,0.00218,172.31.40.0-255,66,141812,77,322812
18502,0.002187,172.217.194.0-255,5738,147550,77,322812
18503,0.002189,172.31.40.0-255,66,147616,77,322812
18504,0.002226,172.217.194.0-255,7856,155472,77,322812
18505,0.002229,172.31.40.0-255,66,155538,77,322812
18506,0.002249,172.31.40.0-255,66,155604,77,322812
18507,0.002266,172.31.40.0-255,66,155670,77,322812
18508,0.002341,172.217.194.0-255,11410,167080,77,322812
18509,0.002367,172.217.194.0-255,2902,169982,77,322812
18510,0.002372,172.217.194.0-255,2902,172884,77,322812
18511,0.002385,172.217.194.0-255,4320,177204,77,322812
18512,0.002439,172.217.194.0-255,4320,181524,77,322812
18513,0.002475,172.217.194.0-255,10692,192216,77,322812
18514,0.004584,172.31.40.0-255,66,192282,77,322812
18515,0.006937,172.217.194.0-255,5738,198020,77,322812
18516,0.006943,172.31.40.0-255,66,198086,77,322812
18517,0.009347,172.217.194.0-255,5738,203824,77,322812
18518,0.009354,172.31.40.0-255,66,203890,77,322812
18519,0.011717,172.217.194.0-255,5738,209628,77,322812
18520,0.011727,172.31.40.0-255,66,209694,77,322812
18521,0.014093,172.217.194.0-255,5738,215432,77,322812
18522,0.014102,172.31.40.0-255,66,215498,77,322812
18523,0.016458,172.217.194.0-255,5738,221236,77,322812
18524,0.016469,172.31.40.0-255,66,221302,77,322812
18525,0.018845,172.217.194.0-255,5738,227040,77,322812
18526,0.018852,172.31.40.0-255,66,227106,77,322812
18527,0.021223,172.217.194.0-255,5738,232844,77,322812
18528,0.021232,172.31.40.0-255,66,232910,77,322812
18529,0.023607,172.217.194.0-255,5738,238648,77,322812
18530,0.023615,172.31.40.0-255,66,238714,77,322812
18531,0.025989,172.217.194.0-255,5738,244452,77,322812
18532,0.025997,172.31.40.0-255,66,244518,77,322812
18533,0.028367,172.217.194.0-255,5738,250256,77,322812
18534,0.028373,172.31.40.0-255,66,250322,77,322812
18535,0.030746,172.217.194.0-255,5738,256060,77,322812
18536,0.030754,172.31.40.0-255,66,256126,77,322812
18537,0.033113,172.217.194.0-255,5738,261864,77,322812
18538,0.03312,172.31.40.0-255,66,261930,77,322812
18539,0.033671,172.31.40.0-255,171,262101,77,322812
18540,0.033698,172.31.40.0-255,1144,263245,77,322812
18541,0.033759,172.31.40.0-255,1514,264759,77,322812
18542,0.033761,172.31.40.0-255,1251,266010,77,322812
18543,0.035233,104.244.42.0-255,66,266076,77,322812
18544,0.035262,104.244.42.0-255,66,266142,77,322812
18545,0.03531,104.244.42.0-255,66,266208,77,322812
18546,0.035511,172.217.194.0-255,5738,271946,77,322812
18547,0.035517,172.31.40.0-255,66,272012,77,322812
18548,0.037893,172.217.194.0-255,5738,277750,77,322812
18549,0.037899,172.31.40.0-255,66,277816,77,322812
18550,0.040306,172.217.194.0-255,5738,283554,77,322812
18551,0.040316,172.31.40.0-255,66,283620,77,322812
18552,0.042666,172.217.194.0-255,5738,289358,77,322812
18553,0.042672,172.31.40.0-255,66,289424,77,322812
18554,0.045024,172.217.194.0-255,5738,295162,77,322812
18555,0.04503,172.31.40.0-255,66,295228,77,322812
18556,0.04743,172.217.194.0-255,5738,300966,77,322812
18557,0.047436,172.31.40.0-255,66,301032,77,322812
18558,0.049826,172.217.194.0-255,5738,306770,77,322812
18559,0.049831,172.31.40.0-255,66,306836,77,322812
18560,0.052222,172.217.194.0-255,5738,312574,77,322812
18561,0.052228,172.31.40.0-255,66,312640,77,322812
18562,0.054605,172.217.194.0-255,5738,318378,77,322812
18563,0.054612,172.31.40.0-255,66,318444,77,322812
18564,0.056994,172.217.194.0-255,4131,322575,77,322812
18565,0.057001,172.31.40.0-255,66,322641,77,322812
18566,0.057177,172.31.40.0-255,105,322746,77,322812
18567,0.059507,172.217.194.0-255,66,322812,77,322812
18568,0.0,74.125.68.0-255,296,296,77,422358
18569,2.4e-05,172.31.40.0-255,66,362,77,422358
18570,3.1e-05,74.125.68.0-255,1484,1846,77,422358
18571,3.6e-05,172.31.40.0-255,66,1912,77,422358
18572,4.2e-05,74.125.68.0-255,2902,4814,77,422358
18573,4.5e-05,172.31.40.0-255,66,4880,77,422358
18574,7e-05,74.125.68.0-255,5738,10618,77,422358
18575,7.4e-05,172.31.40.0-255,66,10684,77,422358
18576,7.9e-05,74.125.68.0-255,3359,14043,77,422358
18577,8.1e-05,172.31.40.0-255,66,14109,77,422358
18578,0.000155,74.125.68.0-255,1484,15593,77,422358
18579,0.000159,172.31.40.0-255,66,15659,77,422358
18580,0.000164,74.125.68.0-255,2902,18561,77,422358
18581,0.000166,172.31.40.0-255,66,18627,77,422358
18582,0.000188,74.125.68.0-255,2902,21529,77,422358
18583,0.00019,172.31.40.0-255,66,21595,77,422358
18584,0.000205,74.125.68.0-255,2902,24497,77,422358
18585,0.000207,172.31.40.0-255,66,24563,77,422358
18586,0.000215,74.125.68.0-255,6797,31360,77,422358
18587,0.000218,172.31.40.0-255,66,31426,77,422358
18588,0.000244,74.125.68.0-255,1484,32910,77,422358
18589,0.000246,172.31.40.0-255,66,32976,77,422358
18590,0.000265,74.125.68.0-255,2902,35878,77,422358
18591,0.000268,172.31.40.0-255,66,35944,77,422358
18592,0.000272,74.125.68.0-255,2902,38846,77,422358
18593,0.000274,172.31.40.0-255,66,38912,77,422358
18594,0.000293,74.125.68.0-255,2902,41814,77,422358
18595,0.000296,172.31.40.0-255,66,41880,77,422358
18596,0.0003,74.125.68.0-255,2902,44782,77,422358
18597,0.000302,172.31.40.0-255,66,44848,77,422358
18598,0.000347,74.125.68.0-255,3961,48809,77,422358
18599,0.00035,172.31.40.0-255,66,48875,77,422358
18600,0.000477,74.125.68.0-255,1484,50359,77,422358
18601,0.000482,74.125.68.0-255,1484,51843,77,422358
18602,0.000497,74.125.68.0-255,2902,54745,77,422358
18603,0.000526,74.125.68.0-255,5738,60483,77,422358
18604,0.000534,172.31.40.0-255,66,60549,77,422358
18605,0.000546,74.125.68.0-255,5722,66271,77,422358
18606,0.000555,172.31.40.0-255,66,66337,77,422358
18607,0.000739,74.125.68.0-255,334,66671,77,422358
18608,0.000922,74.125.68.0-255,1484,68155,77,422358
18609,0.000927,74.125.68.0-255,1484,69639,77,422358
18610,0.000942,172.31.40.0-255,66,69705,77,422358
18611,0.000946,74.125.68.0-255,1484,71189,77,422358
18612,0.000952,74.125.68.0-255,5738,76927,77,422358
18613,0.000957,172.31.40.0-255,66,76993,77,422358
18614,0.000979,74.125.68.0-255,2902,79895,77,422358
18615,0.000984,74.125.68.0-255,3961,83856,77,422358
18616,0.000991,172.31.40.0-255,66,83922,77,422358
18617,0.001027,74.125.68.0-255,1484,85406,77,422358
18618,0.001032,74.125.68.0-255,2902,88308,77,422358
18619,0.001036,172.31.40.0-255,66,88374,77,422358
18620,0.001057,74.125.68.0-255,4320,92694,77,422358
18621,0.001061,172.31.40.0-255,66,92760,77,422358
18622,0.00107,74.125.68.0-255,1484,94244,77,422358
18623,0.001075,74.125.68.0-255,2902,97146,77,422358
18624,0.001081,74.125.68.0-255,3961,101107,77,422358
18625,0.0011,172.31.40.0-255,66,101173,77,422358
18626,0.001587,74.125.68.0-255,1484,102657,77,422358
18627,0.001594,74.125.68.0-255,1484,104141,77,422358
18628,0.001598,172.31.40.0-255,66,104207,77,422358
18629,0.001617,74.125.68.0-255,1484,105691,77,422358
18630,0.001621,74.125.68.0-255,1484,107175,77,422358
18631,0.001626,74.125.68.0-255,2902,110077,77,422358
18632,0.001658,74.125.68.0-255,1484,111561,77,422358
18633,0.001671,74.125.68.0-255,2902,114463,77,422358
18634,0.001688,74.125.68.0-255,5738,120201,77,422358
18635,0.001713,74.125.68.0-255,2902,123103,77,422358
18636,0.00173,74.125.68.0-255,2902,126005,77,422358
18637,0.001732,74.125.68.0-255,1484,127489,77,422358
18638,0.001752,74.125.68.0-255,5738,133227,77,422358
18639,0.001781,74.125.68.0-255,2184,135411,77,422358
18640,0.00187,74.125.68.0-255,1484,136895,77,422358
18641,0.001891,74.125.68.0-255,2902,139797,77,422358
18642,0.001917,74.125.68.0-255,4320,144117,77,422358
18643,0.001932,74.125.68.0-255,1484,145601,77,422358
18644,0.001982,74.125.68.0-255,4320,149921,77,422358
18645,0.001995,74.125.68.0-255,2902,152823,77,422358
18646,0.001998,74.125.68.0-255,2902,155725,77,422358
18647,0.002025,74.125.68.0-255,5738,161463,77,422358
18648,0.00204,74.125.68.0-255,4320,165783,77,422358
18649,0.002071,74.125.68.0-255,3602,169385,77,422358
18650,0.007038,172.31.40.0-255,66,169451,77,422358
18651,0.009115,74.125.68.0-255,5738,175189,77,422358
18652,0.009123,172.31.40.0-255,66,175255,77,422358
18653,0.011193,74.125.68.0-255,5738,180993,77,422358
18654,0.0112,172.31.40.0-255,66,181059,77,422358
18655,0.013281,74.125.68.0-255,5738,186797,77,422358
18656,0.014289,172.31.40.0-255,66,186863,77,422358
18657,0.016374,74.125.68.0-255,5738,192601,77,422358
18658,0.016382,172.31.40.0-255,66,192667,77,422358
18659,0.018457,74.125.68.0-255,5738,198405,77,422358
18660,0.018468,172.31.40.0-255,66,198471,77,422358
18661,0.020535,74.125.68.0-255,5738,204209,77,422358
18662,0.020543,172.31.40.0-255,66,204275,77,422358
18663,0.022606,74.125.68.0-255,5738,210013,77,422358
18664,0.022613,172.31.40.0-255,66,210079,77,422358
18665,0.024681,74.125.68.0-255,5738,215817,77,422358
18666,0.024689,172.31.40.0-255,66,215883,77,422358
18667,0.026761,74.125.68.0-255,5738,221621,77,422358
18668,0.026768,172.31.40.0-255,66,221687,77,422358
18669,0.026965,172.31.40.0-255,172,221859,77,422358
18670,0.026994,172.31.40.0-255,1121,222980,77,422358
18671,0.027058,172.31.40.0-255,1514,224494,77,422358
18672,0.027059,172.31.40.0-255,1514,226008,77,422358
18673,0.027061,172.31.40.0-255,1514,227522,77,422358
18674,0.027062,172.31.40.0-255,1514,229036,77,422358
18675,0.027063,172.31.40.0-255,553,229589,77,422358
18676,0.028615,104.244.42.0-255,66,229655,77,422358
18677,0.028841,74.125.68.0-255,5738,235393,77,422358
18678,0.028846,172.31.40.0-255,66,235459,77,422358
18679,0.03092,74.125.68.0-255,5738,241197,77,422358
18680,0.030927,172.31.40.0-255,66,241263,77,422358
18681,0.033003,74.125.68.0-255,5738,247001,77,422358
18682,0.033009,172.31.40.0-255,66,247067,77,422358
18683,0.035098,74.125.68.0-255,5738,252805,77,422358
18684,0.035104,172.31.40.0-255,66,252871,77,422358
18685,0.037192,74.125.68.0-255,5738,258609,77,422358
18686,0.037208,172.31.40.0-255,66,258675,77,422358
18687,0.039295,74.125.68.0-255,5738,264413,77,422358
18688,0.039308,172.31.40.0-255,66,264479,77,422358
18689,0.04142,74.125.68.0-255,5738,270217,77,422358
18690,0.041436,172.31.40.0-255,66,270283,77,422358
18691,0.043517,74.125.68.0-255,5738,276021,77,422358
18692,0.043531,172.31.40.0-255,66,276087,77,422358
18693,0.045608,74.125.68.0-255,5738,281825,77,422358
18694,0.045622,172.31.40.0-255,66,281891,77,422358
18695,0.04771,74.125.68.0-255,5738,287629,77,422358
18696,0.047723,172.31.40.0-255,66,287695,77,422358
18697,0.049809,74.125.68.0-255,5738,293433,77,422358
18698,0.049823,172.31.40.0-255,66,293499,77,422358
18699,0.051909,74.125.68.0-255,5738,299237,77,422358
18700,0.051931,172.31.40.0-255,66,299303,77,422358
18701,0.05401,74.125.68.0-255,5738,305041,77,422358
18702,0.054025,172.31.40.0-255,66,305107,77,422358
18703,0.056124,74.125.68.0-255,5738,310845,77,422358
18704,0.056138,172.31.40.0-255,66,310911,77,422358
18705,0.058217,74.125.68.0-255,5738,316649,77,422358
18706,0.058232,172.31.40.0-255,66,316715,77,422358
18707,0.060318,74.125.68.0-255,5738,322453,77,422358
18708,0.060339,172.31.40.0-255,66,322519,77,422358
18709,0.062417,74.125.68.0-255,5738,328257,77,422358
18710,0.062432,172.31.40.0-255,66,328323,77,422358
18711,0.064516,74.125.68.0-255,5738,334061,77,422358
18712,0.064531,172.31.40.0-255,66,334127,77,422358
18713,0.066606,74.125.68.0-255,5738,339865,77,422358
18714,0.066622,172.31.40.0-255,66,339931,77,422358
18715,0.068749,74.125.68.0-255,5738,345669,77,422358
18716,0.068764,172.31.40.0-255,66,345735,77,422358
18717,0.070044,104.244.42.0-255,66,345801,77,422358
18718,0.070833,74.125.68.0-255,5738,351539,77,422358
18719,0.070844,172.31.40.0-255,66,351605,77,422358
18720,0.072936,74.125.68.0-255,5738,357343,77,422358
18721,0.072949,172.31.40.0-255,66,357409,77,422358
18722,0.075026,74.125.68.0-255,5738,363147,77,422358
18723,0.075036,172.31.40.0-255,66,363213,77,422358
18724,0.07712,74.125.68.0-255,5738,368951,77,422358
18725,0.077132,172.31.40.0-255,66,369017,77,422358
18726,0.079216,74.125.68.0-255,5738,374755,77,422358
18727,0.079231,172.31.40.0-255,66,374821,77,422358
18728,0.081318,74.125.68.0-255,5738,380559,77,422358
18729,0.081328,172.31.40.0-255,66,380625,77,422358
18730,0.083404,74.125.68.0-255,5738,386363,77,422358
18731,0.08341,172.31.40.0-255,66,386429,77,422358
18732,0.085494,74.125.68.0-255,5738,392167,77,422358
18733,0.085501,172.31.40.0-255,66,392233,77,422358
18734,0.087571,74.125.68.0-255,5738,397971,77,422358
18735,0.087577,172.31.40.0-255,66,398037,77,422358
18736,0.089657,74.125.68.0-255,5738,403775,77,422358
18737,0.089671,172.31.40.0-255,66,403841,77,422358
18738,0.091753,74.125.68.0-255,5738,409579,77,422358
18739,0.09176,172.31.40.0-255,66,409645,77,422358
18740,0.09384,74.125.68.0-255,5738,415383,77,422358
18741,0.093847,172.31.40.0-255,66,415449,77,422358
18742,0.095933,74.125.68.0-255,5738,421187,77,422358
18743,0.095942,172.31.40.0-255,66,421253,77,422358
18744,0.098002,74.125.68.0-255,934,422187,77,422358
18745,0.09817,172.31.40.0-255,66,422253,77,422358
18746,0.098206,172.31.40.0-255,105,422358,77,422358
18747,0.0,74.125.130.0-255,153,153,77,421056
18748,2.8e-05,172.31.40.0-255,66,219,77,421056
18749,3.5e-05,74.125.130.0-255,1484,1703,77,421056
18750,4.1e-05,172.31.40.0-255,66,1769,77,421056
18751,4.7e-05,74.125.130.0-255,2902,4671,77,421056
18752,5.9e-05,172.31.40.0-255,66,4737,77,421056
18753,6.7e-05,74.125.130.0-255,7156,11893,77,421056
18754,7e-05,172.31.40.0-255,66,11959,77,421056
18755,7.4e-05,74.125.130.0-255,2027,13986,77,421056
18756,7.7e-05,172.31.40.0-255,66,14052,77,421056
18757,0.000159,74.125.130.0-255,1484,15536,77,421056
18758,0.000162,172.31.40.0-255,66,15602,77,421056
18759,0.000181,74.125.130.0-255,2902,18504,77,421056
18760,0.000189,172.31.40.0-255,66,18570,77,421056
18761,0.000196,74.125.130.0-255,5738,24308,77,421056
18762,0.000198,172.31.40.0-255,66,24374,77,421056
18763,0.000205,74.125.130.0-255,6797,31171,77,421056
18764,0.000207,172.31.40.0-255,66,31237,77,421056
18765,0.000315,74.125.130.0-255,1484,32721,77,421056
18766,0.000319,172.31.40.0-255,66,32787,77,421056
18767,0.000324,74.125.130.0-255,2902,35689,77,421056
18768,0.000326,172.31.40.0-255,66,35755,77,421056
18769,0.000331,74.125.130.0-255,2902,38657,77,421056
18770,0.000334,172.31.40.0-255,66,38723,77,421056
18771,0.000359,74.125.130.0-255,2902,41625,77,421056
18772,0.000362,172.31.40.0-255,66,41691,77,421056
18773,0.000369,74.125.130.0-255,6797,48488,77,421056
18774,0.000371,172.31.40.0-255,66,48554,77,421056
18775,0.000377,74.125.130.0-255,5738,54292,77,421056
18776,0.00038,172.31.40.0-255,66,54358,77,421056
18777,0.000408,74.125.130.0-255,1484,55842,77,421056
18778,0.00041,172.31.40.0-255,66,55908,77,421056
18779,0.000429,74.125.130.0-255,8574,64482,77,421056
18780,0.000436,172.31.40.0-255,66,64548,77,421056
18781,0.000453,74.125.130.0-255,1125,65673,77,421056
18782,0.000457,74.125.130.0-255,677,66350,77,421056
18783,0.000459,172.31.40.0-255,66,66416,77,421056
18784,0.000663,74.125.130.0-255,1484,67900,77,421056
18785,0.00067,74.125.130.0-255,2902,70802,77,421056
18786,0.000674,172.31.40.0-255,66,70868,77,421056
18787,0.000678,74.125.130.0-255,1484,72352,77,421056
18788,0.000704,74.125.130.0-255,4320,76672,77,421056
18789,0.000706,172.31.40.0-255,66,76738,77,421056
18790,0.000711,74.125.130.0-255,2902,79640,77,421056
18791,0.000713,172.31.40.0-255,66,79706,77,421056
18792,0.000747,74.125.130.0-255,9992,89698,77,421056
18793,0.000756,74.125.130.0-255,8574,98272,77,421056
18794,0.00076,74.125.130.0-255,2184,100456,77,421056
18795,0.000778,172.31.40.0-255,66,100522,77,421056
18796,0.001019,74.125.130.0-255,1484,102006,77,421056
18797,0.001041,74.125.130.0-255,2902,104908,77,421056
18798,0.001045,172.31.40.0-255,66,104974,77,421056
18799,0.00105,74.125.130.0-255,4320,109294,77,421056
18800,0.001068,172.31.40.0-255,66,109360,77,421056
18801,0.001072,74.125.130.0-255,1484,110844,77,421056
18802,0.001075,74.125.130.0-255,1484,112328,77,421056
18803,0.00108,172.31.40.0-255,66,112394,77,421056
18804,0.001114,74.125.130.0-255,9992,122386,77,421056
18805,0.001126,74.125.130.0-255,12110,134496,77,421056
18806,0.001151,172.31.40.0-255,66,134562,77,421056
18807,0.001217,74.125.130.0-255,1484,136046,77,421056
18808,0.001231,74.125.130.0-255,2902,138948,77,421056
18809,0.001244,172.31.40.0-255,66,139014,77,421056
18810,0.001256,74.125.130.0-255,5738,144752,77,421056
18811,0.001277,74.125.130.0-255,5738,150490,77,421056
18812,0.001292,74.125.130.0-255,4320,154810,77,421056
18813,0.001299,74.125.130.0-255,7156,161966,77,421056
18814,0.001308,172.31.40.0-255,66,162032,77,421056
18815,0.001319,74.125.130.0-255,4320,166352,77,421056
18816,0.001328,74.125.130.0-255,2184,168536,77,421056
18817,0.001333,172.31.40.0-255,66,168602,77,421056
18818,0.002048,74.125.130.0-255,1484,170086,77,421056
18819,0.002055,74.125.130.0-255,2902,172988,77,421056
18820,0.002058,172.31.40.0-255,66,173054,77,421056
18821,0.002066,74.125.130.0-255,5738,178792,77,421056
18822,0.002067,172.31.40.0-255,66,178858,77,421056
18823,0.002089,74.125.130.0-255,5738,184596,77,421056
18824,0.002091,172.31.40.0-255,66,184662,77,421056
18825,0.002099,74.125.130.0-255,7156,191818,77,421056
18826,0.002104,172.31.40.0-255,66,191884,77,421056
18827,0.002168,74.125.130.0-255,7156,199040,77,421056
18828,0.002172,172.31.40.0-255,66,199106,77,421056
18829,0.002197,74.125.130.0-255,3602,202708,77,421056
18830,0.002204,172.31.40.0-255,66,202774,77,421056
18831,0.002214,74.125.130.0-255,11410,214184,77,421056
18832,0.002216,172.31.40.0-255,66,214250,77,421056
18833,0.002226,74.125.130.0-255,9992,224242,77,421056
18834,0.002232,172.31.40.0-255,66,224308,77,421056
18835,0.002251,74.125.130.0-255,7156,231464,77,421056
18836,0.002257,172.31.40.0-255,66,231530,77,421056
18837,0.002283,74.125.130.0-255,5020,236550,77,421056
18838,0.002295,172.31.40.0-255,66,236616,77,421056
18839,0.002342,74.125.130.0-255,1484,238100,77,421056
18840,0.002366,74.125.130.0-255,2902,241002,77,421056
18841,0.002373,74.125.130.0-255,5738,246740,77,421056
18842,0.002385,172.31.40.0-255,66,246806,77,421056
18843,0.002399,74.125.130.0-255,5738,252544,77,421056
18844,0.002429,74.125.130.0-255,5738,258282,77,421056
18845,0.002441,74.125.130.0-255,12110,270392,77,421056
18846,0.002525,74.125.130.0-255,1484,271876,77,421056
18847,0.002539,74.125.130.0-255,2902,274778,77,421056
18848,0.002542,74.125.130.0-255,1484,276262,77,421056
18849,0.002563,74.125.130.0-255,2902,279164,77,421056
18850,0.002569,74.125.130.0-255,4320,283484,77,421056
18851,0.002588,74.125.130.0-255,4320,287804,77,421056
18852,0.002602,74.125.130.0-255,4320,292124,77,421056
18853,0.002624,74.125.130.0-255,9992,302116,77,421056
18854,0.002637,74.125.130.0-255,2184,304300,77,421056
18855,0.006467,172.31.40.0-255,66,304366,77,421056
18856,0.009055,74.125.130.0-255,5738,310104,77,421056
18857,0.009063,172.31.40.0-255,66,310170,77,421056
18858,0.011643,74.125.130.0-255,5738,315908,77,421056
18859,0.011652,172.31.40.0-255,66,315974,77,421056
18860,0.014224,74.125.130.0-255,5738,321712,77,421056
18861,0.014233,172.31.40.0-255,66,321778,77,421056
18862,0.016818,74.125.130.0-255,5738,327516,77,421056
18863,0.01683,172.31.40.0-255,66,327582,77,421056
18864,0.019407,74.125.130.0-255,5738,333320,77,421056
18865,0.019416,172.31.40.0-255,66,333386,77,421056
18866,0.02203,74.125.130.0-255,5738,339124,77,421056
18867,0.022047,172.31.40.0-255,66,339190,77,421056
18868,0.024655,74.125.130.0-255,5738,344928,77,421056
18869,0.024664,172.31.40.0-255,66,344994,77,421056
18870,0.027232,74.125.130.0-255,5738,350732,77,421056
18871,0.027239,172.31.40.0-255,66,350798,77,421056
18872,0.029809,74.125.130.0-255,5738,356536,77,421056
18873,0.029818,172.31.40.0-255,66,356602,77,421056
18874,0.032391,74.125.130.0-255,5738,362340,77,421056
18875,0.032399,172.31.40.0-255,66,362406,77,421056
18876,0.034993,74.125.130.0-255,5738,368144,77,421056
18877,0.035012,172.31.40.0-255,66,368210,77,421056
18878,0.037594,74.125.130.0-255,5738,373948,77,421056
18879,0.037606,172.31.40.0-255,66,374014,77,421056
18880,0.040192,74.125.130.0-255,5738,379752,77,421056
18881,0.040206,172.31.40.0-255,66,379818,77,421056
18882,0.042839,74.125.130.0-255,5738,385556,77,421056
18883,0.042858,172.31.40.0-255,66,385622,77,421056
18884,0.044275,172.31.40.0-255,172,385794,77,421056
18885,0.044308,172.31.40.0-255,1120,386914,77,421056
18886,0.044372,172.31.40.0-255,1514,388428,77,421056
18887,0.044374,172.31.40.0-255,1514,389942,77,421056
18888,0.044375,172.31.40.0-255,1514,391456,77,421056
18889,0.044376,172.31.40.0-255,1055,392511,77,421056
18890,0.045428,74.125.130.0-255,5738,398249,77,421056
18891,0.045435,172.31.40.0-255,66,398315,77,421056
18892,0.045851,104.244.42.0-255,66,398381,77,421056
18893,0.045859,104.244.42.0-255,66,398447,77,421056
18894,0.045947,104.244.42.0-255,66,398513,77,421056
18895,0.045951,104.244.42.0-255,66,398579,77,421056
18896,0.048023,74.125.130.0-255,5738,404317,77,421056
18897,0.048035,172.31.40.0-255,66,404383,77,421056
18898,0.050622,74.125.130.0-255,5738,410121,77,421056
18899,0.050638,172.31.40.0-255,66,410187,77,421056
18900,0.053239,74.125.130.0-255,5738,415925,77,421056
18901,0.053258,172.31.40.0-255,66,415991,77,421056
18902,0.055855,74.125.130.0-255,4828,420819,77,421056
18903,0.055873,172.31.40.0-255,66,420885,77,421056
18904,0.056166,172.31.40.0-255,105,420990,77,421056
18905,0.058707,74.125.130.0-255,66,421056,77,421056
18906,0.0,74.125.24.0-255,153,153,77,402498
18907,2.6e-05,172.31.40.0-255,66,219,77,402498
18908,3.4e-05,74.125.24.0-255,1484,1703,77,402498
18909,3.9e-05,172.31.40.0-255,66,1769,77,402498
18910,4.5e-05,74.125.24.0-255,2902,4671,77,402498
18911,4.9e-05,172.31.40.0-255,66,4737,77,402498
18912,5.4e-05,74.125.24.0-255,2902,7639,77,402498
18913,5.7e-05,172.31.40.0-255,66,7705,77,402498
18914,8.4e-05,74.125.24.0-255,6194,13899,77,402498
18915,8.7e-05,172.31.40.0-255,66,13965,77,402498
18916,0.000463,74.125.24.0-255,1484,15449,77,402498
18917,0.000469,172.31.40.0-255,66,15515,77,402498
18918,0.000476,74.125.24.0-255,2902,18417,77,402498
18919,0.000479,172.31.40.0-255,66,18483,77,402498
18920,0.000485,74.125.24.0-255,5738,24221,77,402498
18921,0.000488,172.31.40.0-255,66,24287,77,402498
18922,0.000491,74.125.24.0-255,1484,25771,77,402498
18923,0.000493,172.31.40.0-255,66,25837,77,402498
18924,0.000509,74.125.24.0-255,2902,28739,77,402498
18925,0.000512,172.31.40.0-255,66,28805,77,402498
18926,0.000534,74.125.24.0-255,2543,31348,77,402498
18927,0.000536,172.31.40.0-255,66,31414,77,402498
18928,0.000646,74.125.24.0-255,1484,32898,77,402498
18929,0.000651,172.31.40.0-255,66,32964,77,402498
18930,0.000657,74.125.24.0-255,2902,35866,77,402498
18931,0.000659,172.31.40.0-255,66,35932,77,402498
18932,0.000687,74.125.24.0-255,5738,41670,77,402498
18933,0.00069,172.31.40.0-255,66,41736,77,402498
18934,0.000698,74.125.24.0-255,7156,48892,77,402498
18935,0.000701,172.31.40.0-255,66,48958,77,402498
18936,0.000724,74.125.24.0-255,6797,55755,77,402498
18937,0.000727,172.31.40.0-255,66,55821,77,402498
18938,0.000729,74.125.24.0-255,1484,57305,77,402498
18939,0.000748,74.125.24.0-255,5738,63043,77,402498
18940,0.000762,172.31.40.0-255,66,63109,77,402498
18941,0.000773,74.125.24.0-255,2814,65923,77,402498
18942,0.000775,74.125.24.0-255,415,66338,77,402498
18943,0.000781,172.31.40.0-255,66,66404,77,402498
18944,0.001128,172.31.40.0-255,66,66470,77,402498
18945,0.001184,74.125.24.0-255,1484,67954,77,402498
18946,0.00119,74.125.24.0-255,2902,70856,77,402498
18947,0.001241,74.125.24.0-255,5738,76594,77,402498
18948,0.001253,74.125.24.0-255,12828,89422,77,402498
18949,0.001257,74.125.24.0-255,2902,92324,77,402498
18950,0.001272,74.125.24.0-255,4320,96644,77,402498
18951,0.001283,172.31.40.0-255,66,96710,77,402498
18952,0.001301,74.125.24.0-255,1484,98194,77,402498
18953,0.001319,74.125.24.0-255,2184,100378,77,402498
18954,0.001327,172.31.40.0-255,66,100444,77,402498
18955,0.001361,74.125.24.0-255,1484,101928,77,402498
18956,0.001377,74.125.24.0-255,1484,103412,77,402498
18957,0.00139,74.125.24.0-255,1484,104896,77,402498
18958,0.001396,74.125.24.0-255,5738,110634,77,402498
18959,0.001398,74.125.24.0-255,1484,112118,77,402498
18960,0.001401,172.31.40.0-255,66,112184,77,402498
18961,0.001414,74.125.24.0-255,4320,116504,77,402498
18962,0.001418,172.31.40.0-255,66,116570,77,402498
18963,0.001435,74.125.24.0-255,7156,123726,77,402498
18964,0.001454,172.31.40.0-255,66,123792,77,402498
18965,0.001476,74.125.24.0-255,2902,126694,77,402498
18966,0.001485,172.31.40.0-255,66,126760,77,402498
18967,0.001502,74.125.24.0-255,7856,134616,77,402498
18968,0.00152,172.31.40.0-255,66,134682,77,402498
18969,0.002153,74.125.24.0-255,1484,136166,77,402498
18970,0.002163,74.125.24.0-255,2902,139068,77,402498
18971,0.002167,172.31.40.0-255,66,139134,77,402498
18972,0.002175,74.125.24.0-255,4320,143454,77,402498
18973,0.002189,74.125.24.0-255,1484,144938,77,402498
18974,0.002194,74.125.24.0-255,2902,147840,77,402498
18975,0.002223,74.125.24.0-255,9992,157832,77,402498
18976,0.00224,74.125.24.0-255,4320,162152,77,402498
18977,0.002255,74.125.24.0-255,6438,168590,77,402498
18978,0.004084,74.125.24.0-255,1484,170074,77,402498
18979,0.004104,74.125.24.0-255,2902,172976,77,402498
18980,0.00411,74.125.24.0-255,4320,177296,77,402498
18981,0.004128,74.125.24.0-255,1484,178780,77,402498
18982,0.004134,74.125.24.0-255,4320,183100,77,402498
18983,0.004147,74.125.24.0-255,1484,184584,77,402498
18984,0.004152,74.125.24.0-255,2902,187486,77,402498
18985,0.004189,74.125.24.0-255,766,188252,77,402498
18986,0.004617,74.125.24.0-255,1484,189736,77,402498
18987,0.004638,74.125.24.0-255,2902,192638,77,402498
18988,0.004642,74.125.24.0-255,1484,194122,77,402498
18989,0.004661,74.125.24.0-255,4320,198442,77,402498
18990,0.004678,74.125.24.0-255,2902,201344,77,402498
18991,0.00469,74.125.24.0-255,1484,202828,77,402498
18992,0.004709,74.125.24.0-255,4320,207148,77,402498
18993,0.004727,74.125.24.0-255,4320,211468,77,402498
18994,0.004739,74.125.24.0-255,2902,214370,77,402498
18995,0.004761,74.125.24.0-255,5738,220108,77,402498
18996,0.004776,74.125.24.0-255,1484,221592,77,402498
18997,0.004778,74.125.24.0-255,766,222358,77,402498
18998,0.005037,74.125.24.0-255,1484,223842,77,402498
18999,0.005042,74.125.24.0-255,2902,226744,77,402498
19000,0.005064,74.125.24.0-255,2902,229646,77,402498
19001,0.005077,74.125.24.0-255,2902,232548,77,402498
19002,0.00509,74.125.24.0-255,1484,234032,77,402498
19003,0.005112,74.125.24.0-255,7156,241188,77,402498
19004,0.005151,74.125.24.0-255,1484,242672,77,402498
19005,0.005169,74.125.24.0-255,8574,251246,77,402498
19006,0.005174,74.125.24.0-255,4320,255566,77,402498
19007,0.005192,74.125.24.0-255,7156,262722,77,402498
19008,0.005208,74.125.24.0-255,7156,269878,77,402498
19009,0.005219,74.125.24.0-255,2184,272062,77,402498
19010,0.005235,74.125.24.0-255,4320,276382,77,402498
19011,0.005269,74.125.24.0-255,13528,289910,77,402498
19012,0.005298,74.125.24.0-255,1484,291394,77,402498
19013,0.005314,74.125.24.0-255,2902,294296,77,402498
19014,0.00532,74.125.24.0-255,4320,298616,77,402498
19015,0.005336,74.125.24.0-255,1484,300100,77,402498
19016,0.00534,74.125.24.0-255,2902,303002,77,402498
19017,0.005355,74.125.24.0-255,7156,310158,77,402498
19018,0.005375,74.125.24.0-255,7156,317314,77,402498
19019,0.005399,74.125.24.0-255,6438,323752,77,402498
19020,0.005664,74.125.24.0-255,1484,325236,77,402498
19021,0.005685,74.125.24.0-255,2902,328138,77,402498
19022,0.005711,74.125.24.0-255,5738,333876,77,402498
19023,0.005718,74.125.24.0-255,5738,339614,77,402498
19024,0.005731,74.125.24.0-255,2902,342516,77,402498
19025,0.00576,74.125.24.0-255,7156,349672,77,402498
19026,0.005779,74.125.24.0-255,2902,352574,77,402498
19027,0.005785,74.125.24.0-255,2902,355476,77,402498
19028,0.00581,74.125.24.0-255,9274,364750,77,402498
19029,0.005817,74.125.24.0-255,4320,369070,77,402498
19030,0.005839,74.125.24.0-255,8574,377644,77,402498
19031,0.005861,74.125.24.0-255,5738,383382,77,402498
19032,0.005883,74.125.24.0-255,7856,391238,77,402498
19033,0.005895,74.125.24.0-255,1484,392722,77,402498
19034,0.0059,74.125.24.0-255,2902,395624,77,402498
19035,0.005916,74.125.24.0-255,2253,397877,77,402498
19036,0.00592,74.125.24.0-255,105,397982,77,402498
19037,0.006844,172.31.40.0-255,66,398048,77,402498
19038,0.010916,172.31.40.0-255,105,398153,77,402498
19039,0.012917,74.125.24.0-255,66,398219,77,402498
19040,0.049072,172.31.40.0-255,172,398391,77,402498
19041,0.049107,172.31.40.0-255,1119,399510,77,402498
19042,0.049171,172.31.40.0-255,1514,401024,77,402498
19043,0.049173,172.31.40.0-255,1276,402300,77,402498
19044,0.050624,104.244.42.0-255,66,402366,77,402498
19045,0.050668,104.244.42.0-255,66,402432,77,402498
19046,0.050768,104.244.42.0-255,66,402498,77,402498
19047,0.0,172.217.194.0-255,153,153,77,417982
19048,2.4e-05,172.31.40.0-255,66,219,77,417982
19049,3e-05,172.217.194.0-255,1484,1703,77,417982
19050,3.5e-05,172.31.40.0-255,66,1769,77,417982
19051,4e-05,172.217.194.0-255,2902,4671,77,417982
19052,4.3e-05,172.31.40.0-255,66,4737,77,417982
19053,5.2e-05,172.217.194.0-255,7156,11893,77,417982
19054,5.4e-05,172.31.40.0-255,66,11959,77,417982
19055,5.8e-05,172.217.194.0-255,1940,13899,77,417982
19056,6.2e-05,172.31.40.0-255,66,13965,77,417982
19057,8.7e-05,172.217.194.0-255,2902,16867,77,417982
19058,9.1e-05,172.31.40.0-255,66,16933,77,417982
19059,0.000116,172.217.194.0-255,8574,25507,77,417982
19060,0.000119,172.31.40.0-255,66,25573,77,417982
19061,0.000125,172.217.194.0-255,5379,30952,77,417982
19062,0.000128,172.31.40.0-255,66,31018,77,417982
19063,0.000438,172.217.194.0-255,1484,32502,77,417982
19064,0.000444,172.31.40.0-255,66,32568,77,417982
19065,0.00045,172.217.194.0-255,2902,35470,77,417982
19066,0.000452,172.31.40.0-255,66,35536,77,417982
19067,0.000459,172.217.194.0-255,5738,41274,77,417982
19068,0.000462,172.31.40.0-255,66,41340,77,417982
19069,0.000487,172.217.194.0-255,4320,45660,77,417982
19070,0.000491,172.31.40.0-255,66,45726,77,417982
19071,0.000517,172.217.194.0-255,8574,54300,77,417982
19072,0.00052,172.31.40.0-255,66,54366,77,417982
19073,0.000528,172.217.194.0-255,8574,62940,77,417982
19074,0.00053,172.31.40.0-255,66,63006,77,417982
19075,0.000546,172.217.194.0-255,1484,64490,77,417982
19076,0.000548,172.31.40.0-255,66,64556,77,417982
19077,0.000568,172.217.194.0-255,1109,65665,77,417982
19078,0.000571,172.31.40.0-255,66,65731,77,417982
19079,0.000809,172.217.194.0-255,1484,67215,77,417982
19080,0.000836,172.217.194.0-255,2902,70117,77,417982
19081,0.000839,172.31.40.0-255,66,70183,77,417982
19082,0.000855,172.217.194.0-255,1484,71667,77,417982
19083,0.000877,172.217.194.0-255,2902,74569,77,417982
19084,0.00088,172.217.194.0-255,1484,76053,77,417982
19085,0.000884,172.31.40.0-255,66,76119,77,417982
19086,0.000911,172.217.194.0-255,4320,80439,77,417982
19087,0.000914,172.31.40.0-255,66,80505,77,417982
19088,0.000922,172.217.194.0-255,8574,89079,77,417982
19089,0.000924,172.31.40.0-255,66,89145,77,417982
19090,0.000939,172.217.194.0-255,1484,90629,77,417982
19091,0.000958,172.217.194.0-255,4320,94949,77,417982
19092,0.000962,172.31.40.0-255,66,95015,77,417982
19093,0.000977,172.217.194.0-255,5020,100035,77,417982
19094,0.000979,172.31.40.0-255,66,100101,77,417982
19095,0.000988,172.217.194.0-255,8574,108675,77,417982
19096,0.000991,172.31.40.0-255,66,108741,77,417982
19097,0.001013,172.217.194.0-255,1484,110225,77,417982
19098,0.001021,172.217.194.0-255,6516,116741,77,417982
19099,0.001024,172.31.40.0-255,66,116807,77,417982
19100,0.001167,172.217.194.0-255,1484,118291,77,417982
19101,0.001171,172.217.194.0-255,1484,119775,77,417982
19102,0.001175,172.31.40.0-255,66,119841,77,417982
19103,0.001198,172.217.194.0-255,1484,121325,77,417982
19104,0.001205,172.217.194.0-255,5738,127063,77,417982
19105,0.001207,172.31.40.0-255,66,127129,77,417982
19106,0.00124,172.217.194.0-255,7156,134285,77,417982
19107,0.001242,172.31.40.0-255,66,134351,77,417982
19108,0.001266,172.217.194.0-255,5738,140089,77,417982
19109,0.001269,172.31.40.0-255,66,140155,77,417982
19110,0.001277,172.217.194.0-255,8574,148729,77,417982
19111,0.00128,172.31.40.0-255,66,148795,77,417982
19112,0.001284,172.217.194.0-255,2184,150979,77,417982
19113,0.001286,172.31.40.0-255,66,151045,77,417982
19114,0.001632,172.217.194.0-255,1484,152529,77,417982
19115,0.001649,172.217.194.0-255,1484,154013,77,417982
19116,0.001654,172.31.40.0-255,66,154079,77,417982
19117,0.001666,172.217.194.0-255,1484,155563,77,417982
19118,0.001672,172.217.194.0-255,5738,161301,77,417982
19119,0.001674,172.31.40.0-255,66,161367,77,417982
19120,0.001681,172.217.194.0-255,5738,167105,77,417982
19121,0.001683,172.31.40.0-255,66,167171,77,417982
19122,0.001708,172.217.194.0-255,2902,170073,77,417982
19123,0.001711,172.31.40.0-255,66,170139,77,417982
19124,0.00174,172.217.194.0-255,9992,180131,77,417982
19125,0.001742,172.31.40.0-255,66,180197,77,417982
19126,0.001748,172.217.194.0-255,5020,185217,77,417982
19127,0.00175,172.31.40.0-255,66,185283,77,417982
19128,0.002061,172.217.194.0-255,1484,186767,77,417982
19129,0.002074,172.217.194.0-255,2902,189669,77,417982
19130,0.002077,172.31.40.0-255,66,189735,77,417982
19131,0.002083,172.217.194.0-255,2902,192637,77,417982
19132,0.002085,172.31.40.0-255,66,192703,77,417982
19133,0.0021,172.217.194.0-255,2902,195605,77,417982
19134,0.002118,172.31.40.0-255,66,195671,77,417982
19135,0.00213,172.217.194.0-255,12828,208499,77,417982
19136,0.002132,172.31.40.0-255,66,208565,77,417982
19137,0.002136,172.217.194.0-255,2902,211467,77,417982
19138,0.002138,172.31.40.0-255,66,211533,77,417982
19139,0.00217,172.217.194.0-255,1484,213017,77,417982
19140,0.002197,172.217.194.0-255,6438,219455,77,417982
19141,0.0022,172.31.40.0-255,66,219521,77,417982
19142,0.002221,172.217.194.0-255,2902,222423,77,417982
19143,0.002223,172.31.40.0-255,66,222489,77,417982
19144,0.002245,172.217.194.0-255,5738,228227,77,417982
19145,0.002248,172.31.40.0-255,66,228293,77,417982
19146,0.002254,172.217.194.0-255,5738,234031,77,417982
19147,0.002256,172.31.40.0-255,66,234097,77,417982
19148,0.002275,172.217.194.0-255,4320,238417,77,417982
19149,0.002278,172.31.40.0-255,66,238483,77,417982
19150,0.002281,172.217.194.0-255,1484,239967,77,417982
19151,0.0023,172.217.194.0-255,5738,245705,77,417982
19152,0.002302,172.31.40.0-255,66,245771,77,417982
19153,0.002332,172.217.194.0-255,7856,253627,77,417982
19154,0.002336,172.31.40.0-255,66,253693,77,417982
19155,0.002339,172.217.194.0-255,1484,255177,77,417982
19156,0.002343,172.217.194.0-255,2902,258079,77,417982
19157,0.002345,172.31.40.0-255,66,258145,77,417982
19158,0.002352,172.217.194.0-255,5738,263883,77,417982
19159,0.002354,172.31.40.0-255,66,263949,77,417982
19160,0.002382,172.217.194.0-255,11410,275359,77,417982
19161,0.002385,172.31.40.0-255,66,275425,77,417982
19162,0.002403,172.217.194.0-255,1484,276909,77,417982
19163,0.002409,172.217.194.0-255,5738,282647,77,417982
19164,0.002412,172.31.40.0-255,66,282713,77,417982
19165,0.004801,172.217.194.0-255,5738,288451,77,417982
19166,0.00481,172.31.40.0-255,66,288517,77,417982
19167,0.007178,172.217.194.0-255,5738,294255,77,417982
19168,0.007187,172.31.40.0-255,66,294321,77,417982
19169,0.00955,172.217.194.0-255,5738,300059,77,417982
19170,0.009566,172.31.40.0-255,66,300125,77,417982
19171,0.011936,172.217.194.0-255,5738,305863,77,417982
19172,0.011954,172.31.40.0-255,66,305929,77,417982
19173,0.014295,172.217.194.0-255,5738,311667,77,417982
19174,0.014305,172.31.40.0-255,66,311733,77,417982
19175,0.01668,172.217.194.0-255,5738,317471,77,417982
19176,0.016695,172.31.40.0-255,66,317537,77,417982
19177,0.019099,172.217.194.0-255,5738,323275,77,417982
19178,0.019115,172.31.40.0-255,66,323341,77,417982
19179,0.0215,172.217.194.0-255,5738,329079,77,417982
19180,0.021511,172.31.40.0-255,66,329145,77,417982
19181,0.023878,172.217.194.0-255,5738,334883,77,417982
19182,0.023891,172.31.40.0-255,66,334949,77,417982
19183,0.026265,172.217.194.0-255,5738,340687,77,417982
19184,0.026278,172.31.40.0-255,66,340753,77,417982
19185,0.028668,172.217.194.0-255,5738,346491,77,417982
19186,0.028686,172.31.40.0-255,66,346557,77,417982
19187,0.031097,172.217.194.0-255,5738,352295,77,417982
19188,0.031111,172.31.40.0-255,66,352361,77,417982
19189,0.033486,172.217.194.0-255,5738,358099,77,417982
19190,0.033497,172.31.40.0-255,66,358165,77,417982
19191,0.035862,172.217.194.0-255,5738,363903,77,417982
19192,0.035871,172.31.40.0-255,66,363969,77,417982
19193,0.038227,172.217.194.0-255,5738,369707,77,417982
19194,0.038246,172.31.40.0-255,66,369773,77,417982
19195,0.040596,172.217.194.0-255,5738,375511,77,417982
19196,0.040604,172.31.40.0-255,66,375577,77,417982
19197,0.042962,172.217.194.0-255,5738,381315,77,417982
19198,0.042981,172.31.40.0-255,66,381381,77,417982
19199,0.045336,172.217.194.0-255,5738,387119,77,417982
19200,0.045355,172.31.40.0-255,66,387185,77,417982
19201,0.047715,172.217.194.0-255,5738,392923,77,417982
19202,0.047724,172.31.40.0-255,66,392989,77,417982
19203,0.049293,172.31.40.0-255,172,393161,77,417982
19204,0.049331,172.31.40.0-255,1119,394280,77,417982
19205,0.049393,172.31.40.0-255,1514,395794,77,417982
19206,0.049395,172.31.40.0-255,1276,397070,77,417982
19207,0.050124,172.217.194.0-255,5738,402808,77,417982
19208,0.050134,172.31.40.0-255,66,402874,77,417982
19209,0.050873,104.244.42.0-255,66,402940,77,417982
19210,0.050901,104.244.42.0-255,66,403006,77,417982
19211,0.050945,104.244.42.0-255,66,403072,77,417982
19212,0.052499,172.217.194.0-255,5738,408810,77,417982
19213,0.052513,172.31.40.0-255,66,408876,77,417982
19214,0.054865,172.217.194.0-255,5738,414614,77,417982
19215,0.054884,172.31.40.0-255,66,414680,77,417982
19216,0.05729,172.217.194.0-255,3065,417745,77,417982
19217,0.057311,172.31.40.0-255,66,417811,77,417982
19218,0.057618,172.31.40.0-255,105,417916,77,417982
19219,0.059963,172.217.194.0-255,66,417982,77,417982
19220,0.0,74.125.24.0-255,153,153,77,372291
19221,1.8e-05,172.31.40.0-255,66,219,77,372291
19222,2.6e-05,74.125.24.0-255,1484,1703,77,372291
19223,3e-05,172.31.40.0-255,66,1769,77,372291
19224,3.6e-05,74.125.24.0-255,2902,4671,77,372291
19225,4.7e-05,172.31.40.0-255,66,4737,77,372291
19226,5.5e-05,74.125.24.0-255,7156,11893,77,372291
19227,5.8e-05,172.31.40.0-255,66,11959,77,372291
19228,6.2e-05,74.125.24.0-255,1981,13940,77,372291
19229,6.5e-05,172.31.40.0-255,66,14006,77,372291
19230,0.000105,74.125.24.0-255,11410,25416,77,372291
19231,0.000108,172.31.40.0-255,66,25482,77,372291
19232,0.000111,74.125.24.0-255,1484,26966,77,372291
19233,0.000113,172.31.40.0-255,66,27032,77,372291
19234,0.000134,74.125.24.0-255,1484,28516,77,372291
19235,0.000137,172.31.40.0-255,66,28582,77,372291
19236,0.00016,74.125.24.0-255,2543,31125,77,372291
19237,0.000167,172.31.40.0-255,66,31191,77,372291
19238,0.000173,74.125.24.0-255,4320,35511,77,372291
19239,0.000176,172.31.40.0-255,66,35577,77,372291
19240,0.000216,74.125.24.0-255,8574,44151,77,372291
19241,0.000219,172.31.40.0-255,66,44217,77,372291
19242,0.00023,74.125.24.0-255,9992,54209,77,372291
19243,0.000232,172.31.40.0-255,66,54275,77,372291
19244,0.000264,74.125.24.0-255,5379,59654,77,372291
19245,0.000267,172.31.40.0-255,66,59720,77,372291
19246,0.000273,74.125.24.0-255,5671,65391,77,372291
19247,0.000275,172.31.40.0-255,66,65457,77,372291
19248,0.000283,74.125.24.0-255,128,65585,77,372291
19249,0.000285,172.31.40.0-255,66,65651,77,372291
19250,0.000343,74.125.24.0-255,1484,67135,77,372291
19251,0.000346,172.31.40.0-255,66,67201,77,372291
19252,0.000351,74.125.24.0-255,2902,70103,77,372291
19253,0.000354,172.31.40.0-255,66,70169,77,372291
19254,0.000366,74.125.24.0-255,7156,77325,77,372291
19255,0.000369,172.31.40.0-255,66,77391,77,372291
19256,0.000375,74.125.24.0-255,5379,82770,77,372291
19257,0.000378,172.31.40.0-255,66,82836,77,372291
19258,0.000384,74.125.24.0-255,5738,88574,77,372291
19259,0.000386,172.31.40.0-255,66,88640,77,372291
19260,0.000417,74.125.24.0-255,9992,98632,77,372291
19261,0.00042,172.31.40.0-255,66,98698,77,372291
19262,0.000449,74.125.24.0-255,833,99531,77,372291
19263,0.000506,74.125.24.0-255,1484,101015,77,372291
19264,0.00051,172.31.40.0-255,66,101081,77,372291
19265,0.000538,74.125.24.0-255,2902,103983,77,372291
19266,0.00054,172.31.40.0-255,66,104049,77,372291
19267,0.000546,74.125.24.0-255,5738,109787,77,372291
19268,0.000549,172.31.40.0-255,66,109853,77,372291
19269,0.000562,74.125.24.0-255,8574,118427,77,372291
19270,0.000564,172.31.40.0-255,66,118493,77,372291
19271,0.000617,172.31.40.0-255,66,118559,77,372291
19272,0.000653,172.31.40.0-255,66,118625,77,372291
19273,0.000661,74.125.24.0-255,8574,127199,77,372291
19274,0.000664,172.31.40.0-255,66,127265,77,372291
19275,0.000702,74.125.24.0-255,12828,140093,77,372291
19276,0.000704,172.31.40.0-255,66,140159,77,372291
19277,0.000744,74.125.24.0-255,13528,153687,77,372291
19278,0.000746,172.31.40.0-255,66,153753,77,372291
19279,0.00075,74.125.24.0-255,2902,156655,77,372291
19280,0.000752,172.31.40.0-255,66,156721,77,372291
19281,0.000758,74.125.24.0-255,4320,161041,77,372291
19282,0.00076,172.31.40.0-255,66,161107,77,372291
19283,0.000798,74.125.24.0-255,9274,170381,77,372291
19284,0.000801,172.31.40.0-255,66,170447,77,372291
19285,0.000824,74.125.24.0-255,1484,171931,77,372291
19286,0.000829,74.125.24.0-255,2902,174833,77,372291
19287,0.000831,172.31.40.0-255,66,174899,77,372291
19288,0.000854,74.125.24.0-255,5738,180637,77,372291
19289,0.000857,172.31.40.0-255,66,180703,77,372291
19290,0.000862,74.125.24.0-255,4320,185023,77,372291
19291,0.000864,172.31.40.0-255,66,185089,77,372291
19292,0.000871,74.125.24.0-255,7156,192245,77,372291
19293,0.000874,172.31.40.0-255,66,192311,77,372291
19294,0.0009,74.125.24.0-255,4320,196631,77,372291
19295,0.000907,172.31.40.0-255,66,196697,77,372291
19296,0.000913,74.125.24.0-255,5738,202435,77,372291
19297,0.000915,172.31.40.0-255,66,202501,77,372291
19298,0.000946,74.125.24.0-255,2184,204685,77,372291
19299,0.000948,172.31.40.0-255,66,204751,77,372291
19300,0.000951,74.125.24.0-255,1484,206235,77,372291
19301,0.000975,74.125.24.0-255,2902,209137,77,372291
19302,0.000977,172.31.40.0-255,66,209203,77,372291
19303,0.000982,74.125.24.0-255,2902,212105,77,372291
19304,0.000984,172.31.40.0-255,66,212171,77,372291
19305,0.001003,74.125.24.0-255,2902,215073,77,372291
19306,0.001005,172.31.40.0-255,66,215139,77,372291
19307,0.001013,74.125.24.0-255,1484,216623,77,372291
19308,0.001048,74.125.24.0-255,11410,228033,77,372291
19309,0.001051,172.31.40.0-255,66,228099,77,372291
19310,0.001058,74.125.24.0-255,7156,235255,77,372291
19311,0.001061,172.31.40.0-255,66,235321,77,372291
19312,0.001073,74.125.24.0-255,7856,243177,77,372291
19313,0.001075,172.31.40.0-255,66,243243,77,372291
19314,0.001083,74.125.24.0-255,8574,251817,77,372291
19315,0.001086,172.31.40.0-255,66,251883,77,372291
19316,0.001134,74.125.24.0-255,7156,259039,77,372291
19317,0.001137,172.31.40.0-255,66,259105,77,372291
19318,0.001174,74.125.24.0-255,11410,270515,77,372291
19319,0.001177,172.31.40.0-255,66,270581,77,372291
19320,0.001181,74.125.24.0-255,2184,272765,77,372291
19321,0.001183,172.31.40.0-255,66,272831,77,372291
19322,0.001186,74.125.24.0-255,1484,274315,77,372291
19323,0.00119,74.125.24.0-255,2902,277217,77,372291
19324,0.001192,172.31.40.0-255,66,277283,77,372291
19325,0.001195,74.125.24.0-255,1484,278767,77,372291
19326,0.001229,74.125.24.0-255,4320,283087,77,372291
19327,0.001232,172.31.40.0-255,66,283153,77,372291
19328,0.001249,74.125.24.0-255,12828,295981,77,372291
19329,0.001252,172.31.40.0-255,66,296047,77,372291
19330,0.001258,74.125.24.0-255,7156,303203,77,372291
19331,0.001261,172.31.40.0-255,66,303269,77,372291
19332,0.001291,74.125.24.0-255,3602,306871,77,372291
19333,0.001294,172.31.40.0-255,66,306937,77,372291
19334,0.001297,74.125.24.0-255,1484,308421,77,372291
19335,0.001299,74.125.24.0-255,1484,309905,77,372291
19336,0.001302,172.31.40.0-255,66,309971,77,372291
19337,0.001322,74.125.24.0-255,1484,311455,77,372291
19338,0.001328,74.125.24.0-255,5738,317193,77,372291
19339,0.001335,172.31.40.0-255,66,317259,77,372291
19340,0.001342,74.125.24.0-255,7156,324415,77,372291
19341,0.001345,172.31.40.0-255,66,324481,77,372291
19342,0.001377,74.125.24.0-255,5738,330219,77,372291
19343,0.00138,172.31.40.0-255,66,330285,77,372291
19344,0.001395,74.125.24.0-255,10692,340977,77,372291
19345,0.001398,172.31.40.0-255,66,341043,77,372291
19346,0.001429,74.125.24.0-255,8574,349617,77,372291
19347,0.001432,172.31.40.0-255,66,349683,77,372291
19348,0.00147,172.31.40.0-255,66,349749,77,372291
19349,0.001516,74.125.24.0-255,12828,362577,77,372291
19350,0.001519,172.31.40.0-255,66,362643,77,372291
19351,0.001545,74.125.24.0-255,4955,367598,77,372291
19352,0.001547,172.31.40.0-255,66,367664,77,372291
19353,0.001551,74.125.24.0-255,105,367769,77,372291
19354,0.013115,172.31.40.0-255,66,367835,77,372291
19355,0.013166,172.31.40.0-255,105,367940,77,372291
19356,0.015436,74.125.24.0-255,66,368006,77,372291
19357,0.049734,172.31.40.0-255,176,368182,77,372291
19358,0.049763,172.31.40.0-255,1119,369301,77,372291
19359,0.04982,172.31.40.0-255,1514,370815,77,372291
19360,0.049822,172.31.40.0-255,1278,372093,77,372291
19361,0.051292,104.244.42.0-255,66,372159,77,372291
19362,0.051317,104.244.42.0-255,66,372225,77,372291
19363,0.05134,104.244.42.0-255,66,372291,77,372291
19364,0.0,74.125.68.0-255,146,146,77,419683
19365,1.4e-05,172.31.40.0-255,66,212,77,419683
19366,2.2e-05,74.125.68.0-255,1484,1696,77,419683
19367,2.7e-05,172.31.40.0-255,66,1762,77,419683
19368,3e-05,74.125.68.0-255,1484,3246,77,419683
19369,3.3e-05,172.31.40.0-255,66,3312,77,419683
19370,6.1e-05,74.125.68.0-255,1484,4796,77,419683
19371,6.5e-05,172.31.40.0-255,66,4862,77,419683
19372,7.3e-05,74.125.68.0-255,7156,12018,77,419683
19373,7.6e-05,172.31.40.0-255,66,12084,77,419683
19374,0.000112,74.125.68.0-255,1986,14070,77,419683
19375,0.000115,172.31.40.0-255,66,14136,77,419683
19376,0.000234,74.125.68.0-255,1484,15620,77,419683
19377,0.000238,172.31.40.0-255,66,15686,77,419683
19378,0.000243,74.125.68.0-255,2902,18588,77,419683
19379,0.000245,172.31.40.0-255,66,18654,77,419683
19380,0.000257,74.125.68.0-255,1484,20138,77,419683
19381,0.000259,172.31.40.0-255,66,20204,77,419683
19382,0.000278,74.125.68.0-255,2902,23106,77,419683
19383,0.00028,172.31.40.0-255,66,23172,77,419683
19384,0.000286,74.125.68.0-255,5738,28910,77,419683
19385,0.000288,172.31.40.0-255,66,28976,77,419683
19386,0.000311,74.125.68.0-255,3961,32937,77,419683
19387,0.000313,172.31.40.0-255,66,33003,77,419683
19388,0.000338,74.125.68.0-255,4320,37323,77,419683
19389,0.00034,172.31.40.0-255,66,37389,77,419683
19390,0.000358,74.125.68.0-255,4320,41709,77,419683
19391,0.00036,172.31.40.0-255,66,41775,77,419683
19392,0.000381,74.125.68.0-255,5738,47513,77,419683
19393,0.000384,172.31.40.0-255,66,47579,77,419683
19394,0.000387,74.125.68.0-255,1125,48704,77,419683
19395,0.000389,172.31.40.0-255,66,48770,77,419683
19396,0.000487,74.125.68.0-255,1484,50254,77,419683
19397,0.000512,74.125.68.0-255,2902,53156,77,419683
19398,0.000516,172.31.40.0-255,66,53222,77,419683
19399,0.000539,74.125.68.0-255,2902,56124,77,419683
19400,0.000541,172.31.40.0-255,66,56190,77,419683
19401,0.000547,74.125.68.0-255,4320,60510,77,419683
19402,0.000554,172.31.40.0-255,66,60576,77,419683
19403,0.000579,74.125.68.0-255,5710,66286,77,419683
19404,0.000582,172.31.40.0-255,66,66352,77,419683
19405,0.000585,74.125.68.0-255,111,66463,77,419683
19406,0.000684,74.125.68.0-255,1484,67947,77,419683
19407,0.000688,172.31.40.0-255,66,68013,77,419683
19408,0.000693,74.125.68.0-255,2902,70915,77,419683
19409,0.000696,172.31.40.0-255,66,70981,77,419683
19410,0.000699,74.125.68.0-255,1484,72465,77,419683
19411,0.000725,74.125.68.0-255,4320,76785,77,419683
19412,0.000728,172.31.40.0-255,66,76851,77,419683
19413,0.000734,74.125.68.0-255,4320,81171,77,419683
19414,0.000736,172.31.40.0-255,66,81237,77,419683
19415,0.000738,74.125.68.0-255,1484,82721,77,419683
19416,0.000759,74.125.68.0-255,3961,86682,77,419683
19417,0.000762,172.31.40.0-255,66,86748,77,419683
19418,0.000779,74.125.68.0-255,4320,91068,77,419683
19419,0.000782,172.31.40.0-255,66,91134,77,419683
19420,0.000806,74.125.68.0-255,5738,96872,77,419683
19421,0.000809,172.31.40.0-255,66,96938,77,419683
19422,0.000827,74.125.68.0-255,3961,100899,77,419683
19423,0.00083,172.31.40.0-255,66,100965,77,419683
19424,0.001211,74.125.68.0-255,1484,102449,77,419683
19425,0.001218,74.125.68.0-255,2902,105351,77,419683
19426,0.001222,172.31.40.0-255,66,105417,77,419683
19427,0.001245,74.125.68.0-255,4320,109737,77,419683
19428,0.001247,172.31.40.0-255,66,109803,77,419683
19429,0.00127,74.125.68.0-255,2902,112705,77,419683
19430,0.001272,172.31.40.0-255,66,112771,77,419683
19431,0.001288,74.125.68.0-255,5738,118509,77,419683
19432,0.00129,172.31.40.0-255,66,118575,77,419683
19433,0.001317,74.125.68.0-255,9992,128567,77,419683
19434,0.00132,172.31.40.0-255,66,128633,77,419683
19435,0.001324,74.125.68.0-255,1484,130117,77,419683
19436,0.001349,74.125.68.0-255,5020,135137,77,419683
19437,0.001352,172.31.40.0-255,66,135203,77,419683
19438,0.001665,74.125.68.0-255,1484,136687,77,419683
19439,0.001672,74.125.68.0-255,2902,139589,77,419683
19440,0.001675,172.31.40.0-255,66,139655,77,419683
19441,0.001689,74.125.68.0-255,4320,143975,77,419683
19442,0.001692,172.31.40.0-255,66,144041,77,419683
19443,0.001714,74.125.68.0-255,5738,149779,77,419683
19444,0.001716,172.31.40.0-255,66,149845,77,419683
19445,0.001737,74.125.68.0-255,2902,152747,77,419683
19446,0.00174,172.31.40.0-255,66,152813,77,419683
19447,0.001746,74.125.68.0-255,5738,158551,77,419683
19448,0.001748,172.31.40.0-255,66,158617,77,419683
19449,0.001783,74.125.68.0-255,7156,165773,77,419683
19450,0.001786,172.31.40.0-255,66,165839,77,419683
19451,0.001789,74.125.68.0-255,1484,167323,77,419683
19452,0.001838,74.125.68.0-255,10692,178015,77,419683
19453,0.001841,172.31.40.0-255,66,178081,77,419683
19454,0.001846,74.125.68.0-255,4320,182401,77,419683
19455,0.001848,172.31.40.0-255,66,182467,77,419683
19456,0.001883,74.125.68.0-255,4320,186787,77,419683
19457,0.001887,172.31.40.0-255,66,186853,77,419683
19458,0.001924,74.125.68.0-255,12828,199681,77,419683
19459,0.001926,172.31.40.0-255,66,199747,77,419683
19460,0.001931,74.125.68.0-255,3602,203349,77,419683
19461,0.001933,172.31.40.0-255,66,203415,77,419683
19462,0.001952,74.125.68.0-255,1484,204899,77,419683
19463,0.00198,74.125.68.0-255,2902,207801,77,419683
19464,0.001983,172.31.40.0-255,66,207867,77,419683
19465,0.00199,74.125.68.0-255,5738,213605,77,419683
19466,0.001993,172.31.40.0-255,66,213671,77,419683
19467,0.001995,74.125.68.0-255,1484,215155,77,419683
19468,0.001999,74.125.68.0-255,2902,218057,77,419683
19469,0.002002,172.31.40.0-255,66,218123,77,419683
19470,0.00203,74.125.68.0-255,5738,223861,77,419683
19471,0.002033,172.31.40.0-255,66,223927,77,419683
19472,0.00205,74.125.68.0-255,2902,226829,77,419683
19473,0.002052,172.31.40.0-255,66,226895,77,419683
19474,0.002078,74.125.68.0-255,5738,232633,77,419683
19475,0.002081,172.31.40.0-255,66,232699,77,419683
19476,0.002135,74.125.68.0-255,9274,241973,77,419683
19477,0.002138,172.31.40.0-255,66,242039,77,419683
19478,0.002152,74.125.68.0-255,9992,252031,77,419683
19479,0.002155,172.31.40.0-255,66,252097,77,419683
19480,0.002162,74.125.68.0-255,7156,259253,77,419683
19481,0.002166,172.31.40.0-255,66,259319,77,419683
19482,0.002187,74.125.68.0-255,2902,262221,77,419683
19483,0.00219,172.31.40.0-255,66,262287,77,419683
19484,0.002205,74.125.68.0-255,4320,266607,77,419683
19485,0.002208,172.31.40.0-255,66,266673,77,419683
19486,0.002236,74.125.68.0-255,6438,273111,77,419683
19487,0.002239,172.31.40.0-255,66,273177,77,419683
19488,0.002247,74.125.68.0-255,8574,281751,77,419683
19489,0.002249,172.31.40.0-255,66,281817,77,419683
19490,0.002276,74.125.68.0-255,2902,284719,77,419683
19491,0.002278,172.31.40.0-255,66,284785,77,419683
19492,0.002284,74.125.68.0-255,4320,289105,77,419683
19493,0.002286,172.31.40.0-255,66,289171,77,419683
19494,0.002292,74.125.68.0-255,5738,294909,77,419683
19495,0.002295,172.31.40.0-255,66,294975,77,419683
19496,0.002302,74.125.68.0-255,7156,302131,77,419683
19497,0.002304,172.31.40.0-255,66,302197,77,419683
19498,0.002321,74.125.68.0-255,3602,305799,77,419683
19499,0.002323,172.31.40.0-255,66,305865,77,419683
19500,0.004602,74.125.68.0-255,1484,307349,77,419683
19501,0.004622,74.125.68.0-255,4320,311669,77,419683
19502,0.004626,172.31.40.0-255,66,311735,77,419683
19503,0.006935,74.125.68.0-255,5738,317473,77,419683
19504,0.006939,172.31.40.0-255,66,317539,77,419683
19505,0.009249,74.125.68.0-255,5738,323277,77,419683
19506,0.009256,172.31.40.0-255,66,323343,77,419683
19507,0.011568,74.125.68.0-255,5738,329081,77,419683
19508,0.011574,172.31.40.0-255,66,329147,77,419683
19509,0.013888,74.125.68.0-255,5738,334885,77,419683
19510,0.013896,172.31.40.0-255,66,334951,77,419683
19511,0.01621,74.125.68.0-255,5738,340689,77,419683
19512,0.016216,172.31.40.0-255,66,340755,77,419683
19513,0.018531,74.125.68.0-255,5738,346493,77,419683
19514,0.018539,172.31.40.0-255,66,346559,77,419683
19515,0.02086,74.125.68.0-255,5738,352297,77,419683
19516,0.020869,172.31.40.0-255,66,352363,77,419683
19517,0.023192,74.125.68.0-255,5738,358101,77,419683
19518,0.0232,172.31.40.0-255,66,358167,77,419683
19519,0.025531,74.125.68.0-255,5738,363905,77,419683
19520,0.025538,172.31.40.0-255,66,363971,77,419683
19521,0.027852,74.125.68.0-255,5738,369709,77,419683
19522,0.02786,172.31.40.0-255,66,369775,77,419683
19523,0.030172,74.125.68.0-255,5738,375513,77,419683
19524,0.030184,172.31.40.0-255,66,375579,77,419683
19525,0.032497,74.125.68.0-255,5738,381317,77,419683
19526,0.032505,172.31.40.0-255,66,381383,77,419683
19527,0.034807,74.125.68.0-255,5738,387121,77,419683
19528,0.034813,172.31.40.0-255,66,387187,77,419683
19529,0.03584,172.31.40.0-255,172,387359,77,419683
19530,0.035873,172.31.40.0-255,1119,388478,77,419683
19531,0.035937,172.31.40.0-255,1514,389992,77,419683
19532,0.035939,172.31.40.0-255,1278,391270,77,419683
19533,0.037145,74.125.68.0-255,5738,397008,77,419683
19534,0.037152,172.31.40.0-255,66,397074,77,419683
19535,0.037375,104.244.42.0-255,66,397140,77,419683
19536,0.037416,104.244.42.0-255,66,397206,77,419683
19537,0.037461,104.244.42.0-255,66,397272,77,419683
19538,0.03948,74.125.68.0-255,5738,403010,77,419683
19539,0.039486,172.31.40.0-255,66,403076,77,419683
19540,0.041814,74.125.68.0-255,5738,408814,77,419683
19541,0.041821,172.31.40.0-255,66,408880,77,419683
19542,0.044181,74.125.68.0-255,5738,414618,77,419683
19543,0.044188,172.31.40.0-255,66,414684,77,419683
19544,0.046496,74.125.68.0-255,4762,419446,77,419683
19545,0.046504,172.31.40.0-255,66,419512,77,419683
19546,0.048748,172.31.40.0-255,105,419617,77,419683
19547,0.051014,74.125.68.0-255,66,419683,77,419683
19548,0.0,172.31.40.0-255,105,105,77,276
19549,0.00176,157.240.25.0-255,105,210,77,276
19550,0.041513,172.31.40.0-255,66,276,77,276
19551,0.0,74.125.200.0-255,153,153,77,418367
19552,2.2e-05,172.31.40.0-255,66,219,77,418367
19553,2.9e-05,74.125.200.0-255,1484,1703,77,418367
19554,3.4e-05,172.31.40.0-255,66,1769,77,418367
19555,4e-05,74.125.200.0-255,2902,4671,77,418367
19556,4.4e-05,172.31.40.0-255,66,4737,77,418367
19557,4.8e-05,74.125.200.0-255,2902,7639,77,418367
19558,5e-05,172.31.40.0-255,66,7705,77,418367
19559,6.7e-05,74.125.200.0-255,2902,10607,77,418367
19560,7e-05,172.31.40.0-255,66,10673,77,418367
19561,7.3e-05,74.125.200.0-255,1484,12157,77,418367
19562,7.5e-05,172.31.40.0-255,66,12223,77,418367
19563,9.1e-05,74.125.200.0-255,2030,14253,77,418367
19564,9.4e-05,172.31.40.0-255,66,14319,77,418367
19565,0.0002,74.125.200.0-255,1484,15803,77,418367
19566,0.000204,172.31.40.0-255,66,15869,77,418367
19567,0.000209,74.125.200.0-255,2902,18771,77,418367
19568,0.000212,172.31.40.0-255,66,18837,77,418367
19569,0.000222,74.125.200.0-255,1484,20321,77,418367
19570,0.000224,172.31.40.0-255,66,20387,77,418367
19571,0.000251,74.125.200.0-255,4320,24707,77,418367
19572,0.000253,172.31.40.0-255,66,24773,77,418367
19573,0.00026,74.125.200.0-255,6797,31570,77,418367
19574,0.000263,172.31.40.0-255,66,31636,77,418367
19575,0.000537,74.125.200.0-255,1484,33120,77,418367
19576,0.000548,172.31.40.0-255,66,33186,77,418367
19577,0.000554,74.125.200.0-255,2902,36088,77,418367
19578,0.000558,172.31.40.0-255,66,36154,77,418367
19579,0.000563,74.125.200.0-255,4320,40474,77,418367
19580,0.000565,172.31.40.0-255,66,40540,77,418367
19581,0.000585,74.125.200.0-255,1484,42024,77,418367
19582,0.000588,172.31.40.0-255,66,42090,77,418367
19583,0.000595,74.125.200.0-255,6797,48887,77,418367
19584,0.000597,172.31.40.0-255,66,48953,77,418367
19585,0.000627,74.125.200.0-255,7156,56109,77,418367
19586,0.00063,172.31.40.0-255,66,56175,77,418367
19587,0.00065,74.125.200.0-255,4320,60495,77,418367
19588,0.000653,172.31.40.0-255,66,60561,77,418367
19589,0.000666,74.125.200.0-255,1484,62045,77,418367
19590,0.000685,74.125.200.0-255,3961,66006,77,418367
19591,0.000688,172.31.40.0-255,66,66072,77,418367
19592,0.001011,74.125.200.0-255,645,66717,77,418367
19593,0.001108,172.31.40.0-255,66,66783,77,418367
19594,0.00116,74.125.200.0-255,1484,68267,77,418367
19595,0.001173,74.125.200.0-255,2902,71169,77,418367
19596,0.001176,172.31.40.0-255,66,71235,77,418367
19597,0.001196,74.125.200.0-255,5738,76973,77,418367
19598,0.001198,172.31.40.0-255,66,77039,77,418367
19599,0.001224,74.125.200.0-255,4320,81359,77,418367
19600,0.001226,172.31.40.0-255,66,81425,77,418367
19601,0.001249,74.125.200.0-255,8574,89999,77,418367
19602,0.001252,172.31.40.0-255,66,90065,77,418367
19603,0.001272,74.125.200.0-255,1484,91549,77,418367
19604,0.001285,74.125.200.0-255,4320,95869,77,418367
19605,0.001287,172.31.40.0-255,66,95935,77,418367
19606,0.001307,74.125.200.0-255,5020,100955,77,418367
19607,0.001309,172.31.40.0-255,66,101021,77,418367
19608,0.001351,74.125.200.0-255,1484,102505,77,418367
19609,0.001366,74.125.200.0-255,2902,105407,77,418367
19610,0.001368,172.31.40.0-255,66,105473,77,418367
19611,0.001371,74.125.200.0-255,1484,106957,77,418367
19612,0.001373,74.125.200.0-255,1484,108441,77,418367
19613,0.001375,172.31.40.0-255,66,108507,77,418367
19614,0.001387,74.125.200.0-255,1484,109991,77,418367
19615,0.001391,74.125.200.0-255,2902,112893,77,418367
19616,0.001393,172.31.40.0-255,66,112959,77,418367
19617,0.001404,74.125.200.0-255,2902,115861,77,418367
19618,0.001406,172.31.40.0-255,66,115927,77,418367
19619,0.001428,74.125.200.0-255,4320,120247,77,418367
19620,0.001431,172.31.40.0-255,66,120313,77,418367
19621,0.001445,74.125.200.0-255,7156,127469,77,418367
19622,0.001447,172.31.40.0-255,66,127535,77,418367
19623,0.001482,74.125.200.0-255,5738,133273,77,418367
19624,0.001484,172.31.40.0-255,66,133339,77,418367
19625,0.001504,74.125.200.0-255,2184,135523,77,418367
19626,0.001507,172.31.40.0-255,66,135589,77,418367
19627,0.001735,74.125.200.0-255,1484,137073,77,418367
19628,0.001748,74.125.200.0-255,2902,139975,77,418367
19629,0.001751,172.31.40.0-255,66,140041,77,418367
19630,0.001754,74.125.200.0-255,1484,141525,77,418367
19631,0.001774,74.125.200.0-255,4320,145845,77,418367
19632,0.001777,172.31.40.0-255,66,145911,77,418367
19633,0.001781,74.125.200.0-255,4320,150231,77,418367
19634,0.001783,172.31.40.0-255,66,150297,77,418367
19635,0.001787,74.125.200.0-255,2902,153199,77,418367
19636,0.001788,172.31.40.0-255,66,153265,77,418367
19637,0.001803,74.125.200.0-255,2902,156167,77,418367
19638,0.001805,172.31.40.0-255,66,156233,77,418367
19639,0.00182,74.125.200.0-255,4320,160553,77,418367
19640,0.001823,172.31.40.0-255,66,160619,77,418367
19641,0.001834,74.125.200.0-255,7156,167775,77,418367
19642,0.001836,172.31.40.0-255,66,167841,77,418367
19643,0.00184,74.125.200.0-255,2184,170025,77,418367
19644,0.001841,172.31.40.0-255,66,170091,77,418367
19645,0.002257,74.125.200.0-255,1484,171575,77,418367
19646,0.002266,74.125.200.0-255,2902,174477,77,418367
19647,0.002269,172.31.40.0-255,66,174543,77,418367
19648,0.00229,74.125.200.0-255,2902,177445,77,418367
19649,0.002292,172.31.40.0-255,66,177511,77,418367
19650,0.002298,74.125.200.0-255,4320,181831,77,418367
19651,0.0023,172.31.40.0-255,66,181897,77,418367
19652,0.002337,74.125.200.0-255,8574,190471,77,418367
19653,0.002339,172.31.40.0-255,66,190537,77,418367
19654,0.002347,74.125.200.0-255,7156,197693,77,418367
19655,0.002349,172.31.40.0-255,66,197759,77,418367
19656,0.002386,74.125.200.0-255,4320,202079,77,418367
19657,0.002388,172.31.40.0-255,66,202145,77,418367
19658,0.0024,74.125.200.0-255,2184,204329,77,418367
19659,0.002402,172.31.40.0-255,66,204395,77,418367
19660,0.002487,74.125.200.0-255,1484,205879,77,418367
19661,0.002491,74.125.200.0-255,1484,207363,77,418367
19662,0.002494,172.31.40.0-255,66,207429,77,418367
19663,0.002514,74.125.200.0-255,1484,208913,77,418367
19664,0.002521,74.125.200.0-255,5738,214651,77,418367
19665,0.002523,172.31.40.0-255,66,214717,77,418367
19666,0.002526,74.125.200.0-255,1484,216201,77,418367
19667,0.002546,74.125.200.0-255,5738,221939,77,418367
19668,0.002548,172.31.40.0-255,66,222005,77,418367
19669,0.002572,74.125.200.0-255,8574,230579,77,418367
19670,0.002575,172.31.40.0-255,66,230645,77,418367
19671,0.002599,74.125.200.0-255,7856,238501,77,418367
19672,0.002602,172.31.40.0-255,66,238567,77,418367
19673,0.005158,74.125.200.0-255,5738,244305,77,418367
19674,0.005167,172.31.40.0-255,66,244371,77,418367
19675,0.007732,74.125.200.0-255,5738,250109,77,418367
19676,0.007739,172.31.40.0-255,66,250175,77,418367
19677,0.010308,74.125.200.0-255,5738,255913,77,418367
19678,0.010317,172.31.40.0-255,66,255979,77,418367
19679,0.012906,74.125.200.0-255,5738,261717,77,418367
19680,0.012927,172.31.40.0-255,66,261783,77,418367
19681,0.015514,74.125.200.0-255,5738,267521,77,418367
19682,0.015531,172.31.40.0-255,66,267587,77,418367
19683,0.018101,74.125.200.0-255,5738,273325,77,418367
19684,0.01811,172.31.40.0-255,66,273391,77,418367
19685,0.020693,74.125.200.0-255,5738,279129,77,418367
19686,0.020712,172.31.40.0-255,66,279195,77,418367
19687,0.023288,74.125.200.0-255,5738,284933,77,418367
19688,0.023298,172.31.40.0-255,66,284999,77,418367
19689,0.025893,74.125.200.0-255,5738,290737,77,418367
19690,0.02591,172.31.40.0-255,66,290803,77,418367
19691,0.028488,74.125.200.0-255,5738,296541,77,418367
19692,0.028496,172.31.40.0-255,66,296607,77,418367
19693,0.031061,74.125.200.0-255,5738,302345,77,418367
19694,0.031071,172.31.40.0-255,66,302411,77,418367
19695,0.033631,74.125.200.0-255,5738,308149,77,418367
19696,0.033638,172.31.40.0-255,66,308215,77,418367
19697,0.036218,74.125.200.0-255,5738,313953,77,418367
19698,0.036235,172.31.40.0-255,66,314019,77,418367
19699,0.038793,74.125.200.0-255,5738,319757,77,418367
19700,0.038804,172.31.40.0-255,66,319823,77,418367
19701,0.041396,74.125.200.0-255,5738,325561,77,418367
19702,0.041403,172.31.40.0-255,66,325627,77,418367
19703,0.043969,74.125.200.0-255,5738,331365,77,418367
19704,0.043986,172.31.40.0-255,66,331431,77,418367
19705,0.046591,74.125.200.0-255,5738,337169,77,418367
19706,0.046607,172.31.40.0-255,66,337235,77,418367
19707,0.049199,74.125.200.0-255,5738,342973,77,418367
19708,0.049207,172.31.40.0-255,66,343039,77,418367
19709,0.051781,74.125.200.0-255,5738,348777,77,418367
19710,0.051789,172.31.40.0-255,66,348843,77,418367
19711,0.054372,74.125.200.0-255,5738,354581,77,418367
19712,0.054389,172.31.40.0-255,66,354647,77,418367
19713,0.056958,74.125.200.0-255,5738,360385,77,418367
19714,0.056965,172.31.40.0-255,66,360451,77,418367
19715,0.059527,74.125.200.0-255,5738,366189,77,418367
19716,0.059535,172.31.40.0-255,66,366255,77,418367
19717,0.06212,74.125.200.0-255,5738,371993,77,418367
19718,0.062138,172.31.40.0-255,66,372059,77,418367
19719,0.064707,74.125.200.0-255,5738,377797,77,418367
19720,0.064714,172.31.40.0-255,66,377863,77,418367
19721,0.065122,172.31.40.0-255,176,378039,77,418367
19722,0.065153,172.31.40.0-255,1066,379105,77,418367
19723,0.066665,104.244.42.0-255,66,379171,77,418367
19724,0.066715,104.244.42.0-255,66,379237,77,418367
19725,0.067282,74.125.200.0-255,5738,384975,77,418367
19726,0.06729,172.31.40.0-255,66,385041,77,418367
19727,0.069891,74.125.200.0-255,5738,390779,77,418367
19728,0.069911,172.31.40.0-255,66,390845,77,418367
19729,0.072498,74.125.200.0-255,5738,396583,77,418367
19730,0.072516,172.31.40.0-255,66,396649,77,418367
19731,0.075095,74.125.200.0-255,5738,402387,77,418367
19732,0.075107,172.31.40.0-255,66,402453,77,418367
19733,0.077686,74.125.200.0-255,5738,408191,77,418367
19734,0.077705,172.31.40.0-255,66,408257,77,418367
19735,0.080296,74.125.200.0-255,5738,413995,77,418367
19736,0.080314,172.31.40.0-255,66,414061,77,418367
19737,0.0829,74.125.200.0-255,4069,418130,77,418367
19738,0.082917,172.31.40.0-255,66,418196,77,418367
19739,0.083187,172.31.40.0-255,105,418301,77,418367
19740,0.085733,74.125.200.0-255,66,418367,77,418367
19741,0.0,74.125.24.0-255,153,153,77,379715
19742,2.3e-05,172.31.40.0-255,66,219,77,379715
19743,3e-05,74.125.24.0-255,1484,1703,77,379715
19744,3.4e-05,172.31.40.0-255,66,1769,77,379715
19745,4e-05,74.125.24.0-255,2902,4671,77,379715
19746,4.3e-05,172.31.40.0-255,66,4737,77,379715
19747,5e-05,74.125.24.0-255,7156,11893,77,379715
19748,5.2e-05,172.31.40.0-255,66,11959,77,379715
19749,8.4e-05,74.125.24.0-255,9122,21081,77,379715
19750,8.8e-05,172.31.40.0-255,66,21147,77,379715
19751,9.6e-05,74.125.24.0-255,9633,30780,77,379715
19752,9.8e-05,172.31.40.0-255,66,30846,77,379715
19753,0.000203,74.125.24.0-255,1484,32330,77,379715
19754,0.000207,172.31.40.0-255,66,32396,77,379715
19755,0.000213,74.125.24.0-255,2902,35298,77,379715
19756,0.000214,172.31.40.0-255,66,35364,77,379715
19757,0.00022,74.125.24.0-255,5738,41102,77,379715
19758,0.000222,172.31.40.0-255,66,41168,77,379715
19759,0.000245,74.125.24.0-255,1484,42652,77,379715
19760,0.000248,172.31.40.0-255,66,42718,77,379715
19761,0.000278,74.125.24.0-255,12469,55187,77,379715
19762,0.000281,172.31.40.0-255,66,55253,77,379715
19763,0.000289,74.125.24.0-255,8574,63827,77,379715
19764,0.000291,172.31.40.0-255,66,63893,77,379715
19765,0.000328,74.125.24.0-255,1438,65331,77,379715
19766,0.000331,172.31.40.0-255,66,65397,77,379715
19767,0.000409,74.125.24.0-255,109,65506,77,379715
19768,0.000414,172.31.40.0-255,66,65572,77,379715
19769,0.000798,74.125.24.0-255,332,65904,77,379715
19770,0.000803,172.31.40.0-255,66,65970,77,379715
19771,0.001259,74.125.24.0-255,1484,67454,77,379715
19772,0.001265,172.31.40.0-255,66,67520,77,379715
19773,0.001273,74.125.24.0-255,2902,70422,77,379715
19774,0.001275,172.31.40.0-255,66,70488,77,379715
19775,0.001281,74.125.24.0-255,5738,76226,77,379715
19776,0.001283,172.31.40.0-255,66,76292,77,379715
19777,0.001325,74.125.24.0-255,12828,89120,77,379715
19778,0.001329,172.31.40.0-255,66,89186,77,379715
19779,0.001336,74.125.24.0-255,7156,96342,77,379715
19780,0.001338,172.31.40.0-255,66,96408,77,379715
19781,0.001363,74.125.24.0-255,3602,100010,77,379715
19782,0.001366,172.31.40.0-255,66,100076,77,379715
19783,0.003369,74.125.24.0-255,1484,101560,77,379715
19784,0.003469,74.125.24.0-255,4320,105880,77,379715
19785,0.003474,172.31.40.0-255,66,105946,77,379715
19786,0.005577,74.125.24.0-255,5738,111684,77,379715
19787,0.005584,172.31.40.0-255,66,111750,77,379715
19788,0.007848,74.125.24.0-255,5738,117488,77,379715
19789,0.007909,172.31.40.0-255,66,117554,77,379715
19790,0.009992,74.125.24.0-255,5738,123292,77,379715
19791,0.009999,172.31.40.0-255,66,123358,77,379715
19792,0.012067,74.125.24.0-255,5738,129096,77,379715
19793,0.012075,172.31.40.0-255,66,129162,77,379715
19794,0.014168,74.125.24.0-255,5738,134900,77,379715
19795,0.01418,172.31.40.0-255,66,134966,77,379715
19796,0.016258,74.125.24.0-255,5738,140704,77,379715
19797,0.016264,172.31.40.0-255,66,140770,77,379715
19798,0.018344,74.125.24.0-255,5738,146508,77,379715
19799,0.018352,172.31.40.0-255,66,146574,77,379715
19800,0.020419,74.125.24.0-255,5738,152312,77,379715
19801,0.020426,172.31.40.0-255,66,152378,77,379715
19802,0.022489,74.125.24.0-255,5738,158116,77,379715
19803,0.022496,172.31.40.0-255,66,158182,77,379715
19804,0.024599,74.125.24.0-255,5738,163920,77,379715
19805,0.024607,172.31.40.0-255,66,163986,77,379715
19806,0.026666,74.125.24.0-255,5738,169724,77,379715
19807,0.026673,172.31.40.0-255,66,169790,77,379715
19808,0.027542,172.31.40.0-255,172,169962,77,379715
19809,0.02757,172.31.40.0-255,1120,171082,77,379715
19810,0.027617,172.31.40.0-255,1514,172596,77,379715
19811,0.027619,172.31.40.0-255,1514,174110,77,379715
19812,0.027623,172.31.40.0-255,1514,175624,77,379715
19813,0.027624,172.31.40.0-255,423,176047,77,379715
19814,0.028777,74.125.24.0-255,5738,181785,77,379715
19815,0.028783,172.31.40.0-255,66,181851,77,379715
19816,0.029117,104.244.42.0-255,66,181917,77,379715
19817,0.029125,104.244.42.0-255,66,181983,77,379715
19818,0.029209,104.244.42.0-255,66,182049,77,379715
19819,0.029215,104.244.42.0-255,66,182115,77,379715
19820,0.030869,74.125.24.0-255,5738,187853,77,379715
19821,0.030875,172.31.40.0-255,66,187919,77,379715
19822,0.033032,74.125.24.0-255,1484,189403,77,379715
19823,0.033058,74.125.24.0-255,4320,193723,77,379715
19824,0.033063,172.31.40.0-255,66,193789,77,379715
19825,0.035122,74.125.24.0-255,5738,199527,77,379715
19826,0.03513,172.31.40.0-255,66,199593,77,379715
19827,0.037224,74.125.24.0-255,5738,205331,77,379715
19828,0.037229,172.31.40.0-255,66,205397,77,379715
19829,0.039278,74.125.24.0-255,5738,211135,77,379715
19830,0.039284,172.31.40.0-255,66,211201,77,379715
19831,0.041335,74.125.24.0-255,2902,214103,77,379715
19832,0.04134,172.31.40.0-255,66,214169,77,379715
19833,0.04138,74.125.24.0-255,2902,217071,77,379715
19834,0.041384,172.31.40.0-255,66,217137,77,379715
19835,0.043384,74.125.24.0-255,2902,220039,77,379715
19836,0.043388,172.31.40.0-255,66,220105,77,379715
19837,0.04343,74.125.24.0-255,2902,223007,77,379715
19838,0.043433,172.31.40.0-255,66,223073,77,379715
19839,0.045497,74.125.24.0-255,5738,228811,77,379715
19840,0.045503,172.31.40.0-255,66,228877,77,379715
19841,0.047597,74.125.24.0-255,5738,234615,77,379715
19842,0.047606,172.31.40.0-255,66,234681,77,379715
19843,0.049717,74.125.24.0-255,5738,240419,77,379715
19844,0.049725,172.31.40.0-255,66,240485,77,379715
19845,0.05177,74.125.24.0-255,5738,246223,77,379715
19846,0.051779,172.31.40.0-255,66,246289,77,379715
19847,0.053841,74.125.24.0-255,5738,252027,77,379715
19848,0.053847,172.31.40.0-255,66,252093,77,379715
19849,0.05592,74.125.24.0-255,5738,257831,77,379715
19850,0.055926,172.31.40.0-255,66,257897,77,379715
19851,0.058011,74.125.24.0-255,5738,263635,77,379715
19852,0.058025,172.31.40.0-255,66,263701,77,379715
19853,0.060109,74.125.24.0-255,5738,269439,77,379715
19854,0.060125,172.31.40.0-255,66,269505,77,379715
19855,0.062178,74.125.24.0-255,5738,275243,77,379715
19856,0.062191,172.31.40.0-255,66,275309,77,379715
19857,0.064246,74.125.24.0-255,5738,281047,77,379715
19858,0.064252,172.31.40.0-255,66,281113,77,379715
19859,0.066335,74.125.24.0-255,5738,286851,77,379715
19860,0.066342,172.31.40.0-255,66,286917,77,379715
19861,0.068428,74.125.24.0-255,5738,292655,77,379715
19862,0.068434,172.31.40.0-255,66,292721,77,379715
19863,0.070537,74.125.24.0-255,5738,298459,77,379715
19864,0.070543,172.31.40.0-255,66,298525,77,379715
19865,0.072652,74.125.24.0-255,5738,304263,77,379715
19866,0.072668,172.31.40.0-255,66,304329,77,379715
19867,0.074734,74.125.24.0-255,5738,310067,77,379715
19868,0.074741,172.31.40.0-255,66,310133,77,379715
19869,0.076886,74.125.24.0-255,5738,315871,77,379715
19870,0.076898,172.31.40.0-255,66,315937,77,379715
19871,0.078992,74.125.24.0-255,5738,321675,77,379715
19872,0.079006,172.31.40.0-255,66,321741,77,379715
19873,0.081058,74.125.24.0-255,5738,327479,77,379715
19874,0.081069,172.31.40.0-255,66,327545,77,379715
19875,0.083173,74.125.24.0-255,5738,333283,77,379715
19876,0.083189,172.31.40.0-255,66,333349,77,379715
19877,0.085255,74.125.24.0-255,5738,339087,77,379715
19878,0.085271,172.31.40.0-255,66,339153,77,379715
19879,0.087387,74.125.24.0-255,5738,344891,77,379715
19880,0.087405,172.31.40.0-255,66,344957,77,379715
19881,0.089504,74.125.24.0-255,5738,350695,77,379715
19882,0.08952,172.31.40.0-255,66,350761,77,379715
19883,0.091571,74.125.24.0-255,5738,356499,77,379715
19884,0.091576,172.31.40.0-255,66,356565,77,379715
19885,0.09367,74.125.24.0-255,5738,362303,77,379715
19886,0.093684,172.31.40.0-255,66,362369,77,379715
19887,0.095793,74.125.24.0-255,5738,368107,77,379715
19888,0.095812,172.31.40.0-255,66,368173,77,379715
19889,0.097873,74.125.24.0-255,5738,373911,77,379715
19890,0.097887,172.31.40.0-255,66,373977,77,379715
19891,0.099988,74.125.24.0-255,5738,379715,77,379715
19892,0.0,74.125.200.0-255,153,153,77,375133
19893,3.2e-05,172.31.40.0-255,66,219,77,375133
19894,3.9e-05,74.125.200.0-255,1484,1703,77,375133
19895,4.3e-05,172.31.40.0-255,66,1769,77,375133
19896,5.5e-05,74.125.200.0-255,2902,4671,77,375133
19897,5.8e-05,172.31.40.0-255,66,4737,77,375133
19898,6.2e-05,74.125.200.0-255,1484,6221,77,375133
19899,6.5e-05,172.31.40.0-255,66,6287,77,375133
19900,9.1e-05,74.125.200.0-255,2902,9189,77,375133
19901,9.4e-05,172.31.40.0-255,66,9255,77,375133
19902,0.000103,74.125.200.0-255,6291,15546,77,375133
19903,0.000105,172.31.40.0-255,66,15612,77,375133
19904,0.000135,74.125.200.0-255,7156,22768,77,375133
19905,0.000139,172.31.40.0-255,66,22834,77,375133
19906,0.000144,74.125.200.0-255,4320,27154,77,375133
19907,0.000146,172.31.40.0-255,66,27220,77,375133
19908,0.000171,74.125.200.0-255,1484,28704,77,375133
19909,0.000176,172.31.40.0-255,66,28770,77,375133
19910,0.000202,74.125.200.0-255,2543,31313,77,375133
19911,0.000205,172.31.40.0-255,66,31379,77,375133
19912,0.000274,74.125.200.0-255,1484,32863,77,375133
19913,0.000278,172.31.40.0-255,66,32929,77,375133
19914,0.000281,74.125.200.0-255,1484,34413,77,375133
19915,0.000286,172.31.40.0-255,66,34479,77,375133
19916,0.000305,74.125.200.0-255,1484,35963,77,375133
19917,0.000308,172.31.40.0-255,66,36029,77,375133
19918,0.000313,74.125.200.0-255,4320,40349,77,375133
19919,0.000316,172.31.40.0-255,66,40415,77,375133
19920,0.000342,74.125.200.0-255,2902,43317,77,375133
19921,0.000346,172.31.40.0-255,66,43383,77,375133
19922,0.000379,74.125.200.0-255,5738,49121,77,375133
19923,0.000383,172.31.40.0-255,66,49187,77,375133
19924,0.000386,74.125.200.0-255,1484,50671,77,375133
19925,0.000391,74.125.200.0-255,4320,54991,77,375133
19926,0.000405,172.31.40.0-255,66,55057,77,375133
19927,0.000426,74.125.200.0-255,7156,62213,77,375133
19928,0.000431,74.125.200.0-255,2902,65115,77,375133
19929,0.000436,172.31.40.0-255,66,65181,77,375133
19930,0.000458,74.125.200.0-255,1100,66281,77,375133
19931,0.000706,74.125.200.0-255,110,66391,77,375133
19932,0.000816,172.31.40.0-255,66,66457,77,375133
19933,0.000846,74.125.200.0-255,1484,67941,77,375133
19934,0.000853,74.125.200.0-255,2902,70843,77,375133
19935,0.000856,74.125.200.0-255,1484,72327,77,375133
19936,0.000859,74.125.200.0-255,1484,73811,77,375133
19937,0.00087,74.125.200.0-255,1484,75295,77,375133
19938,0.000873,74.125.200.0-255,1484,76779,77,375133
19939,0.000875,172.31.40.0-255,66,76845,77,375133
19940,0.000905,74.125.200.0-255,4320,81165,77,375133
19941,0.000909,74.125.200.0-255,2902,84067,77,375133
19942,0.000909,172.31.40.0-255,66,84133,77,375133
19943,0.000934,74.125.200.0-255,8574,92707,77,375133
19944,0.000933,172.31.40.0-255,66,92773,77,375133
19945,0.000937,172.31.40.0-255,66,92839,77,375133
19946,0.000987,74.125.200.0-255,2902,95741,77,375133
19947,0.001001,172.31.40.0-255,66,95807,77,375133
19948,0.001003,74.125.200.0-255,5020,100827,77,375133
19949,0.001017,172.31.40.0-255,66,100893,77,375133
19950,0.003096,74.125.200.0-255,5738,106631,77,375133
19951,0.003102,172.31.40.0-255,66,106697,77,375133
19952,0.00517,74.125.200.0-255,4320,111017,77,375133
19953,0.005189,74.125.200.0-255,1484,112501,77,375133
19954,0.005342,172.31.40.0-255,66,112567,77,375133
19955,0.007395,74.125.200.0-255,5738,118305,77,375133
19956,0.0074,172.31.40.0-255,66,118371,77,375133
19957,0.007507,172.31.40.0-255,101,118472,77,375133
19958,0.009459,74.125.200.0-255,4320,122792,77,375133
19959,0.009481,74.125.200.0-255,1484,124276,77,375133
19960,0.009532,74.125.200.0-255,66,124342,77,375133
19961,0.011785,172.31.40.0-255,66,124408,77,375133
19962,0.01385,74.125.200.0-255,5738,130146,77,375133
19963,0.013916,172.31.40.0-255,66,130212,77,375133
19964,0.015995,74.125.200.0-255,5738,135950,77,375133
19965,0.016008,172.31.40.0-255,66,136016,77,375133
19966,0.018076,74.125.200.0-255,5738,141754,77,375133
19967,0.018473,172.31.40.0-255,66,141820,77,375133
19968,0.020534,74.125.200.0-255,5738,147558,77,375133
19969,0.020541,172.31.40.0-255,66,147624,77,375133
19970,0.022605,74.125.200.0-255,5738,153362,77,375133
19971,0.022613,172.31.40.0-255,66,153428,77,375133
19972,0.024689,74.125.200.0-255,5738,159166,77,375133
19973,0.024697,172.31.40.0-255,66,159232,77,375133
19974,0.026775,74.125.200.0-255,5738,164970,77,375133
19975,0.026782,172.31.40.0-255,66,165036,77,375133
19976,0.028831,74.125.200.0-255,5738,170774,77,375133
19977,0.028837,172.31.40.0-255,66,170840,77,375133
19978,0.030894,74.125.200.0-255,5738,176578,77,375133
19979,0.030901,172.31.40.0-255,66,176644,77,375133
19980,0.032962,74.125.200.0-255,5738,182382,77,375133
19981,0.03297,172.31.40.0-255,66,182448,77,375133
19982,0.033876,172.31.40.0-255,172,182620,77,375133
19983,0.033903,172.31.40.0-255,1120,183740,77,375133
19984,0.03395,172.31.40.0-255,1514,185254,77,375133
19985,0.033952,172.31.40.0-255,1514,186768,77,375133
19986,0.033953,172.31.40.0-255,1514,188282,77,375133
19987,0.033954,172.31.40.0-255,1514,189796,77,375133
19988,0.033956,172.31.40.0-255,1477,191273,77,375133
19989,0.035026,74.125.200.0-255,4320,195593,77,375133
19990,0.035033,172.31.40.0-255,66,195659,77,375133
19991,0.03507,74.125.200.0-255,1484,197143,77,375133
19992,0.035432,104.244.42.0-255,66,197209,77,375133
19993,0.035488,104.244.42.0-255,66,197275,77,375133
19994,0.035549,104.244.42.0-255,66,197341,77,375133
19995,0.036234,104.244.42.0-255,108,197449,77,375133
19996,0.036258,172.31.40.0-255,66,197515,77,375133
19997,0.037088,74.125.200.0-255,4320,201835,77,375133
19998,0.037092,172.31.40.0-255,66,201901,77,375133
19999,0.039154,74.125.200.0-255,5738,207639,77,375133
20000,0.03921,172.31.40.0-255,66,207705,77,375133
20001,0.041276,74.125.200.0-255,4320,212025,77,375133
20002,0.041282,172.31.40.0-255,66,212091,77,375133
20003,0.041316,74.125.200.0-255,1484,213575,77,375133
20004,0.043346,74.125.200.0-255,4320,217895,77,375133
20005,0.043351,172.31.40.0-255,66,217961,77,375133
20006,0.045412,74.125.200.0-255,5738,223699,77,375133
20007,0.045594,172.31.40.0-255,66,223765,77,375133
20008,0.047655,74.125.200.0-255,5738,229503,77,375133
20009,0.04766,172.31.40.0-255,66,229569,77,375133
20010,0.049708,74.125.200.0-255,2902,232471,77,375133
20011,0.049713,172.31.40.0-255,66,232537,77,375133
20012,0.049746,74.125.200.0-255,2902,235439,77,375133
20013,0.049769,172.31.40.0-255,66,235505,77,375133
20014,0.051763,74.125.200.0-255,2902,238407,77,375133
20015,0.051769,172.31.40.0-255,66,238473,77,375133
20016,0.051815,74.125.200.0-255,2902,241375,77,375133
20017,0.051843,172.31.40.0-255,66,241441,77,375133
20018,0.053831,74.125.200.0-255,2902,244343,77,375133
20019,0.053836,172.31.40.0-255,66,244409,77,375133
20020,0.053883,74.125.200.0-255,1484,245893,77,375133
20021,0.053895,74.125.200.0-255,1484,247377,77,375133
20022,0.053914,172.31.40.0-255,66,247443,77,375133
20023,0.055895,74.125.200.0-255,2902,250345,77,375133
20024,0.055914,172.31.40.0-255,66,250411,77,375133
20025,0.05596,74.125.200.0-255,1484,251895,77,375133
20026,0.055973,74.125.200.0-255,1484,253379,77,375133
20027,0.056246,172.31.40.0-255,66,253445,77,375133
20028,0.057978,74.125.200.0-255,2902,256347,77,375133
20029,0.057983,172.31.40.0-255,66,256413,77,375133
20030,0.058309,74.125.200.0-255,2902,259315,77,375133
20031,0.058313,172.31.40.0-255,66,259381,77,375133
20032,0.060039,74.125.200.0-255,2902,262283,77,375133
20033,0.060044,172.31.40.0-255,66,262349,77,375133
20034,0.060368,74.125.200.0-255,2902,265251,77,375133
20035,0.060374,172.31.40.0-255,66,265317,77,375133
20036,0.062098,74.125.200.0-255,2902,268219,77,375133
20037,0.062103,172.31.40.0-255,66,268285,77,375133
20038,0.062425,74.125.200.0-255,2902,271187,77,375133
20039,0.06243,172.31.40.0-255,66,271253,77,375133
20040,0.064158,74.125.200.0-255,2902,274155,77,375133
20041,0.064163,172.31.40.0-255,66,274221,77,375133
20042,0.06447,74.125.200.0-255,2902,277123,77,375133
20043,0.064476,172.31.40.0-255,66,277189,77,375133
20044,0.066226,74.125.200.0-255,2902,280091,77,375133
20045,0.066231,172.31.40.0-255,66,280157,77,375133
20046,0.066533,74.125.200.0-255,2902,283059,77,375133
20047,0.067151,172.31.40.0-255,66,283125,77,375133
20048,0.068279,74.125.200.0-255,2902,286027,77,375133
20049,0.068284,172.31.40.0-255,66,286093,77,375133
20050,0.069213,74.125.200.0-255,2902,288995,77,375133
20051,0.069218,172.31.40.0-255,66,289061,77,375133
20052,0.070365,74.125.200.0-255,2902,291963,77,375133
20053,0.07037,172.31.40.0-255,66,292029,77,375133
20054,0.071267,74.125.200.0-255,2902,294931,77,375133
20055,0.071272,172.31.40.0-255,66,294997,77,375133
20056,0.072417,74.125.200.0-255,2902,297899,77,375133
20057,0.072422,172.31.40.0-255,66,297965,77,375133
20058,0.073329,74.125.200.0-255,2902,300867,77,375133
20059,0.073334,172.31.40.0-255,66,300933,77,375133
20060,0.074515,74.125.200.0-255,2902,303835,77,375133
20061,0.07452,172.31.40.0-255,66,303901,77,375133
20062,0.07538,74.125.200.0-255,2902,306803,77,375133
20063,0.075385,172.31.40.0-255,66,306869,77,375133
20064,0.076587,74.125.200.0-255,2902,309771,77,375133
20065,0.076592,172.31.40.0-255,66,309837,77,375133
20066,0.077461,74.125.200.0-255,2902,312739,77,375133
20067,0.077466,172.31.40.0-255,66,312805,77,375133
20068,0.078663,74.125.200.0-255,2902,315707,77,375133
20069,0.078667,172.31.40.0-255,66,315773,77,375133
20070,0.07952,74.125.200.0-255,2902,318675,77,375133
20071,0.079542,172.31.40.0-255,66,318741,77,375133
20072,0.080708,74.125.200.0-255,2902,321643,77,375133
20073,0.080714,172.31.40.0-255,66,321709,77,375133
20074,0.081594,74.125.200.0-255,2902,324611,77,375133
20075,0.081599,172.31.40.0-255,66,324677,77,375133
20076,0.082766,74.125.200.0-255,2902,327579,77,375133
20077,0.082771,172.31.40.0-255,66,327645,77,375133
20078,0.083652,74.125.200.0-255,2902,330547,77,375133
20079,0.083656,172.31.40.0-255,66,330613,77,375133
20080,0.084834,74.125.200.0-255,2902,333515,77,375133
20081,0.084839,172.31.40.0-255,66,333581,77,375133
20082,0.08571,74.125.200.0-255,2902,336483,77,375133
20083,0.085715,172.31.40.0-255,66,336549,77,375133
20084,0.086897,74.125.200.0-255,2902,339451,77,375133
20085,0.086902,172.31.40.0-255,66,339517,77,375133
20086,0.087761,74.125.200.0-255,2902,342419,77,375133
20087,0.087766,172.31.40.0-255,66,342485,77,375133
20088,0.088964,74.125.200.0-255,2902,345387,77,375133
20089,0.08897,172.31.40.0-255,66,345453,77,375133
20090,0.089814,74.125.200.0-255,2902,348355,77,375133
20091,0.08982,172.31.40.0-255,66,348421,77,375133
20092,0.091026,74.125.200.0-255,2902,351323,77,375133
20093,0.091032,172.31.40.0-255,66,351389,77,375133
20094,0.091875,74.125.200.0-255,2902,354291,77,375133
20095,0.09188,172.31.40.0-255,66,354357,77,375133
20096,0.093079,74.125.200.0-255,2902,357259,77,375133
20097,0.093085,172.31.40.0-255,66,357325,77,375133
20098,0.093941,74.125.200.0-255,2902,360227,77,375133
20099,0.093946,172.31.40.0-255,66,360293,77,375133
20100,0.09514,74.125.200.0-255,2902,363195,77,375133
20101,0.095146,172.31.40.0-255,66,363261,77,375133
20102,0.096009,74.125.200.0-255,2902,366163,77,375133
20103,0.096014,172.31.40.0-255,66,366229,77,375133
20104,0.0972,74.125.200.0-255,2902,369131,77,375133
20105,0.097205,172.31.40.0-255,66,369197,77,375133
20106,0.098061,74.125.200.0-255,2902,372099,77,375133
20107,0.098066,172.31.40.0-255,66,372165,77,375133
20108,0.099263,74.125.200.0-255,2902,375067,77,375133
20109,0.099269,172.31.40.0-255,66,375133,77,375133
20110,0.0,172.217.194.0-255,153,153,77,309734
20111,2.5e-05,172.31.40.0-255,66,219,77,309734
20112,3.2e-05,172.217.194.0-255,1484,1703,77,309734
20113,3.7e-05,172.31.40.0-255,66,1769,77,309734
20114,4.2e-05,172.217.194.0-255,2902,4671,77,309734
20115,4.6e-05,172.31.40.0-255,66,4737,77,309734
20116,8e-05,172.217.194.0-255,4320,9057,77,309734
20117,8.3e-05,172.31.40.0-255,66,9123,77,309734
20118,0.000103,172.217.194.0-255,2902,12025,77,309734
20119,0.000105,172.31.40.0-255,66,12091,77,309734
20120,0.000109,172.217.194.0-255,2028,14119,77,309734
20121,0.000112,172.31.40.0-255,66,14185,77,309734
20122,0.000123,172.217.194.0-255,11410,25595,77,309734
20123,0.000126,172.31.40.0-255,66,25661,77,309734
20124,0.000132,172.217.194.0-255,5379,31040,77,309734
20125,0.000134,172.31.40.0-255,66,31106,77,309734
20126,0.00018,172.217.194.0-255,1484,32590,77,309734
20127,0.000183,172.31.40.0-255,66,32656,77,309734
20128,0.000188,172.217.194.0-255,2902,35558,77,309734
20129,0.00019,172.31.40.0-255,66,35624,77,309734
20130,0.000196,172.217.194.0-255,4320,39944,77,309734
20131,0.000198,172.31.40.0-255,66,40010,77,309734
20132,0.000221,172.217.194.0-255,1484,41494,77,309734
20133,0.000223,172.31.40.0-255,66,41560,77,309734
20134,0.000229,172.217.194.0-255,4320,45880,77,309734
20135,0.000231,172.31.40.0-255,66,45946,77,309734
20136,0.000249,172.217.194.0-255,2543,48489,77,309734
20137,0.000251,172.31.40.0-255,66,48555,77,309734
20138,0.000454,172.217.194.0-255,1484,50039,77,309734
20139,0.000461,172.31.40.0-255,66,50105,77,309734
20140,0.000467,172.217.194.0-255,2902,53007,77,309734
20141,0.00047,172.31.40.0-255,66,53073,77,309734
20142,0.000476,172.217.194.0-255,5738,58811,77,309734
20143,0.000479,172.31.40.0-255,66,58877,77,309734
20144,0.000483,172.217.194.0-255,2902,61779,77,309734
20145,0.000485,172.31.40.0-255,66,61845,77,309734
20146,0.000507,172.217.194.0-255,2902,64747,77,309734
20147,0.00051,172.31.40.0-255,66,64813,77,309734
20148,0.000532,172.217.194.0-255,1706,66519,77,309734
20149,0.000535,172.31.40.0-255,66,66585,77,309734
20150,0.000686,172.217.194.0-255,1484,68069,77,309734
20151,0.000693,172.217.194.0-255,2902,70971,77,309734
20152,0.000697,172.31.40.0-255,66,71037,77,309734
20153,0.000703,172.217.194.0-255,4320,75357,77,309734
20154,0.000705,172.31.40.0-255,66,75423,77,309734
20155,0.000717,172.217.194.0-255,1484,76907,77,309734
20156,0.000722,172.217.194.0-255,2902,79809,77,309734
20157,0.000724,172.31.40.0-255,66,79875,77,309734
20158,0.000753,172.217.194.0-255,9992,89867,77,309734
20159,0.000755,172.31.40.0-255,66,89933,77,309734
20160,0.000764,172.217.194.0-255,9992,99925,77,309734
20161,0.000767,172.31.40.0-255,66,99991,77,309734
20162,0.00077,172.217.194.0-255,766,100757,77,309734
20163,0.001163,172.217.194.0-255,1484,102241,77,309734
20164,0.001169,172.31.40.0-255,66,102307,77,309734
20165,0.001174,172.217.194.0-255,2902,105209,77,309734
20166,0.001176,172.31.40.0-255,66,105275,77,309734
20167,0.001183,172.217.194.0-255,5738,111013,77,309734
20168,0.001186,172.31.40.0-255,66,111079,77,309734
20169,0.001198,172.217.194.0-255,12828,123907,77,309734
20170,0.001201,172.31.40.0-255,66,123973,77,309734
20171,0.001205,172.217.194.0-255,2902,126875,77,309734
20172,0.001208,172.31.40.0-255,66,126941,77,309734
20173,0.001236,172.217.194.0-255,7856,134797,77,309734
20174,0.001239,172.31.40.0-255,66,134863,77,309734
20175,0.001273,172.217.194.0-255,8574,143437,77,309734
20176,0.001279,172.217.194.0-255,7156,150593,77,309734
20177,0.001284,172.31.40.0-255,66,150659,77,309734
20178,0.001291,172.31.40.0-255,66,150725,77,309734
20179,0.001295,172.217.194.0-255,2902,153627,77,309734
20180,0.001298,172.31.40.0-255,66,153693,77,309734
20181,0.001311,172.217.194.0-255,12828,166521,77,309734
20182,0.001314,172.31.40.0-255,66,166587,77,309734
20183,0.001331,172.217.194.0-255,2184,168771,77,309734
20184,0.001333,172.31.40.0-255,66,168837,77,309734
20185,0.001405,172.217.194.0-255,1484,170321,77,309734
20186,0.001412,172.217.194.0-255,2902,173223,77,309734
20187,0.001431,172.217.194.0-255,5738,178961,77,309734
20188,0.001437,172.31.40.0-255,66,179027,77,309734
20189,0.001447,172.217.194.0-255,5738,184765,77,309734
20190,0.001452,172.31.40.0-255,66,184831,77,309734
20191,0.00147,172.217.194.0-255,7156,191987,77,309734
20192,0.001473,172.217.194.0-255,1484,193471,77,309734
20193,0.001527,172.217.194.0-255,9274,202745,77,309734
20194,0.001533,172.31.40.0-255,66,202811,77,309734
20195,0.001587,172.217.194.0-255,1484,204295,77,309734
20196,0.001593,172.217.194.0-255,2902,207197,77,309734
20197,0.001599,172.217.194.0-255,5738,212935,77,309734
20198,0.001614,172.31.40.0-255,66,213001,77,309734
20199,0.001637,172.217.194.0-255,12828,225829,77,309734
20200,0.001641,172.217.194.0-255,1484,227313,77,309734
20201,0.001662,172.31.40.0-255,66,227379,77,309734
20202,0.001673,172.217.194.0-255,9274,236653,77,309734
20203,0.001678,172.31.40.0-255,66,236719,77,309734
20204,0.00169,172.217.194.0-255,1484,238203,77,309734
20205,0.001714,172.217.194.0-255,9992,248195,77,309734
20206,0.001726,172.217.194.0-255,8574,256769,77,309734
20207,0.001745,172.217.194.0-255,2902,259671,77,309734
20208,0.001755,172.31.40.0-255,66,259737,77,309734
20209,0.001792,172.31.40.0-255,66,259803,77,309734
20210,0.001815,172.217.194.0-255,766,260569,77,309734
20211,0.001826,172.217.194.0-255,9992,270561,77,309734
20212,0.001836,172.217.194.0-255,11410,281971,77,309734
20213,0.00185,172.31.40.0-255,66,282037,77,309734
20214,0.001927,172.31.40.0-255,66,282103,77,309734
20215,0.001937,172.217.194.0-255,3602,285705,77,309734
20216,0.001994,172.31.40.0-255,66,285771,77,309734
20217,0.002012,172.217.194.0-255,10692,296463,77,309734
20218,0.002037,172.217.194.0-255,8650,305113,77,309734
20219,0.002039,172.217.194.0-255,105,305218,77,309734
20220,0.002063,172.31.40.0-255,66,305284,77,309734
20221,0.004693,172.31.40.0-255,105,305389,77,309734
20222,0.006944,172.217.194.0-255,66,305455,77,309734
20223,0.039682,172.31.40.0-255,172,305627,77,309734
20224,0.039718,172.31.40.0-255,1120,306747,77,309734
20225,0.039782,172.31.40.0-255,1514,308261,77,309734
20226,0.039784,172.31.40.0-255,1275,309536,77,309734
20227,0.041216,104.244.42.0-255,66,309602,77,309734
20228,0.041262,104.244.42.0-255,66,309668,77,309734
20229,0.041318,104.244.42.0-255,66,309734,77,309734
20230,0.0,172.217.194.0-255,298,298,77,351863
20231,1.6e-05,172.31.40.0-255,66,364,77,351863
20232,3e-05,172.217.194.0-255,1484,1848,77,351863
20233,3.5e-05,172.31.40.0-255,66,1914,77,351863
20234,4.2e-05,172.217.194.0-255,4320,6234,77,351863
20235,4.6e-05,172.31.40.0-255,66,6300,77,351863
20236,5.5e-05,172.217.194.0-255,8968,15268,77,351863
20237,5.8e-05,172.31.40.0-255,66,15334,77,351863
20238,6.2e-05,172.217.194.0-255,1484,16818,77,351863
20239,6.4e-05,172.31.40.0-255,66,16884,77,351863
20240,0.000106,172.217.194.0-255,13887,30771,77,351863
20241,0.00011,172.31.40.0-255,66,30837,77,351863
20242,0.000123,172.217.194.0-255,1484,32321,77,351863
20243,0.000126,172.31.40.0-255,66,32387,77,351863
20244,0.000131,172.217.194.0-255,2902,35289,77,351863
20245,0.000133,172.31.40.0-255,66,35355,77,351863
20246,0.000138,172.217.194.0-255,4320,39675,77,351863
20247,0.000141,172.31.40.0-255,66,39741,77,351863
20248,0.000155,172.217.194.0-255,1484,41225,77,351863
20249,0.000157,172.31.40.0-255,66,41291,77,351863
20250,0.000165,172.217.194.0-255,6797,48088,77,351863
20251,0.000167,172.31.40.0-255,66,48154,77,351863
20252,0.000208,172.31.40.0-255,66,48220,77,351863
20253,0.000213,172.217.194.0-255,2794,51014,77,351863
20254,0.000214,172.31.40.0-255,66,51080,77,351863
20255,0.000235,172.217.194.0-255,435,51515,77,351863
20256,0.000237,172.31.40.0-255,66,51581,77,351863
20257,0.000396,172.217.194.0-255,1484,53065,77,351863
20258,0.000401,172.31.40.0-255,66,53131,77,351863
20259,0.000408,172.217.194.0-255,2902,56033,77,351863
20260,0.00041,172.31.40.0-255,66,56099,77,351863
20261,0.000413,172.217.194.0-255,1484,57583,77,351863
20262,0.000431,172.217.194.0-255,4320,61903,77,351863
20263,0.000434,172.31.40.0-255,66,61969,77,351863
20264,0.000445,172.217.194.0-255,11410,73379,77,351863
20265,0.000447,172.31.40.0-255,66,73445,77,351863
20266,0.000465,172.217.194.0-255,1484,74929,77,351863
20267,0.000476,172.217.194.0-255,10692,85621,77,351863
20268,0.000478,172.31.40.0-255,66,85687,77,351863
20269,0.000686,172.217.194.0-255,1484,87171,77,351863
20270,0.000693,172.217.194.0-255,2902,90073,77,351863
20271,0.000696,172.31.40.0-255,66,90139,77,351863
20272,0.000749,172.217.194.0-255,5738,95877,77,351863
20273,0.000752,172.31.40.0-255,66,95943,77,351863
20274,0.000763,172.217.194.0-255,12828,108771,77,351863
20275,0.000766,172.31.40.0-255,66,108837,77,351863
20276,0.00077,172.217.194.0-255,2902,111739,77,351863
20277,0.000773,172.31.40.0-255,66,111805,77,351863
20278,0.00081,172.217.194.0-255,7856,119661,77,351863
20279,0.000813,172.31.40.0-255,66,119727,77,351863
20280,0.000922,172.217.194.0-255,2902,122629,77,351863
20281,0.000926,172.31.40.0-255,66,122695,77,351863
20282,0.000931,172.217.194.0-255,4320,127015,77,351863
20283,0.000935,172.31.40.0-255,66,127081,77,351863
20284,0.000942,172.217.194.0-255,8574,135655,77,351863
20285,0.000945,172.31.40.0-255,66,135721,77,351863
20286,0.000955,172.217.194.0-255,11410,147131,77,351863
20287,0.000958,172.31.40.0-255,66,147197,77,351863
20288,0.000965,172.217.194.0-255,6438,153635,77,351863
20289,0.000968,172.31.40.0-255,66,153701,77,351863
20290,0.000975,172.217.194.0-255,7156,160857,77,351863
20291,0.000978,172.31.40.0-255,66,160923,77,351863
20292,0.000986,172.217.194.0-255,8574,169497,77,351863
20293,0.000989,172.31.40.0-255,66,169563,77,351863
20294,0.001011,172.217.194.0-255,7156,176719,77,351863
20295,0.001014,172.217.194.0-255,1484,178203,77,351863
20296,0.001031,172.217.194.0-255,9274,187477,77,351863
20297,0.001052,172.217.194.0-255,4320,191797,77,351863
20298,0.001058,172.31.40.0-255,66,191863,77,351863
20299,0.001075,172.217.194.0-255,7156,199019,77,351863
20300,0.001085,172.217.194.0-255,11410,210429,77,351863
20301,0.001104,172.217.194.0-255,4320,214749,77,351863
20302,0.001108,172.31.40.0-255,66,214815,77,351863
20303,0.001113,172.31.40.0-255,66,214881,77,351863
20304,0.001148,172.217.194.0-255,12828,227709,77,351863
20305,0.001167,172.31.40.0-255,66,227775,77,351863
20306,0.0012,172.217.194.0-255,10692,238467,77,351863
20307,0.001227,172.217.194.0-255,11410,249877,77,351863
20308,0.001231,172.217.194.0-255,4320,254197,77,351863
20309,0.001235,172.31.40.0-255,66,254263,77,351863
20310,0.001245,172.217.194.0-255,1484,255747,77,351863
20311,0.001303,172.31.40.0-255,66,255813,77,351863
20312,0.001336,172.217.194.0-255,4320,260133,77,351863
20313,0.001356,172.217.194.0-255,12110,272243,77,351863
20314,0.001359,172.31.40.0-255,66,272309,77,351863
20315,0.001386,172.217.194.0-255,4320,276629,77,351863
20316,0.001394,172.31.40.0-255,66,276695,77,351863
20317,0.001418,172.217.194.0-255,8574,285269,77,351863
20318,0.001423,172.217.194.0-255,2902,288171,77,351863
20319,0.001433,172.31.40.0-255,66,288237,77,351863
20320,0.00145,172.217.194.0-255,11410,299647,77,351863
20321,0.001456,172.217.194.0-255,4320,303967,77,351863
20322,0.001466,172.31.40.0-255,66,304033,77,351863
20323,0.001476,172.217.194.0-255,2184,306217,77,351863
20324,0.001481,172.217.194.0-255,2902,309119,77,351863
20325,0.001484,172.217.194.0-255,2902,312021,77,351863
20326,0.001488,172.31.40.0-255,66,312087,77,351863
20327,0.001494,172.217.194.0-255,1484,313571,77,351863
20328,0.001498,172.217.194.0-255,2902,316473,77,351863
20329,0.001509,172.217.194.0-255,2902,319375,77,351863
20330,0.001523,172.217.194.0-255,2902,322277,77,351863
20331,0.001528,172.31.40.0-255,66,322343,77,351863
20332,0.001542,172.217.194.0-255,5738,328081,77,351863
20333,0.001565,172.217.194.0-255,12110,340191,77,351863
20334,0.00157,172.31.40.0-255,66,340257,77,351863
20335,0.001578,172.217.194.0-255,1484,341741,77,351863
20336,0.001597,172.217.194.0-255,5435,347176,77,351863
20337,0.001604,172.31.40.0-255,66,347242,77,351863
20338,0.001621,172.217.194.0-255,105,347347,77,351863
20339,0.004093,172.31.40.0-255,66,347413,77,351863
20340,0.004125,172.31.40.0-255,105,347518,77,351863
20341,0.006357,172.217.194.0-255,66,347584,77,351863
20342,0.034661,172.31.40.0-255,172,347756,77,351863
20343,0.034697,172.31.40.0-255,1120,348876,77,351863
20344,0.034758,172.31.40.0-255,1514,350390,77,351863
20345,0.03476,172.31.40.0-255,1275,351665,77,351863
20346,0.036205,104.244.42.0-255,66,351731,77,351863
20347,0.036244,104.244.42.0-255,66,351797,77,351863
20348,0.036314,104.244.42.0-255,66,351863,77,351863
20349,0.0,74.125.68.0-255,295,295,77,425477
20350,2.1e-05,172.31.40.0-255,66,361,77,425477
20351,2.7e-05,74.125.68.0-255,1484,1845,77,425477
20352,3.2e-05,172.31.40.0-255,66,1911,77,425477
20353,3.9e-05,74.125.68.0-255,4320,6231,77,425477
20354,4.3e-05,172.31.40.0-255,66,6297,77,425477
20355,4.8e-05,74.125.68.0-255,2902,9199,77,425477
20356,5e-05,172.31.40.0-255,66,9265,77,425477
20357,8e-05,74.125.68.0-255,4320,13585,77,425477
20358,8.3e-05,172.31.40.0-255,66,13651,77,425477
20359,0.000101,74.125.68.0-255,458,14109,77,425477
20360,0.000103,172.31.40.0-255,66,14175,77,425477
20361,0.000318,74.125.68.0-255,1484,15659,77,425477
20362,0.000324,172.31.40.0-255,66,15725,77,425477
20363,0.00033,74.125.68.0-255,2902,18627,77,425477
20364,0.000332,172.31.40.0-255,66,18693,77,425477
20365,0.000335,74.125.68.0-255,1484,20177,77,425477
20366,0.000337,172.31.40.0-255,66,20243,77,425477
20367,0.000358,74.125.68.0-255,2902,23145,77,425477
20368,0.000361,172.31.40.0-255,66,23211,77,425477
20369,0.000375,74.125.68.0-255,5738,28949,77,425477
20370,0.000378,172.31.40.0-255,66,29015,77,425477
20371,0.000382,74.125.68.0-255,2543,31558,77,425477
20372,0.000385,172.31.40.0-255,66,31624,77,425477
20373,0.000403,74.125.68.0-255,2902,34526,77,425477
20374,0.000406,172.31.40.0-255,66,34592,77,425477
20375,0.000442,74.125.68.0-255,7156,41748,77,425477
20376,0.000445,172.31.40.0-255,66,41814,77,425477
20377,0.000449,74.125.68.0-255,2902,44716,77,425477
20378,0.000451,172.31.40.0-255,66,44782,77,425477
20379,0.000501,74.125.68.0-255,1484,46266,77,425477
20380,0.000504,172.31.40.0-255,66,46332,77,425477
20381,0.000517,74.125.68.0-255,2543,48875,77,425477
20382,0.00052,172.31.40.0-255,66,48941,77,425477
20383,0.000862,74.125.68.0-255,1484,50425,77,425477
20384,0.000882,74.125.68.0-255,2902,53327,77,425477
20385,0.000885,172.31.40.0-255,66,53393,77,425477
20386,0.000889,74.125.68.0-255,1484,54877,77,425477
20387,0.000903,74.125.68.0-255,1484,56361,77,425477
20388,0.000906,172.31.40.0-255,66,56427,77,425477
20389,0.000923,74.125.68.0-255,1484,57911,77,425477
20390,0.000929,74.125.68.0-255,5738,63649,77,425477
20391,0.000931,172.31.40.0-255,66,63715,77,425477
20392,0.000955,74.125.68.0-255,2543,66258,77,425477
20393,0.000957,172.31.40.0-255,66,66324,77,425477
20394,0.001054,74.125.68.0-255,1484,67808,77,425477
20395,0.001066,74.125.68.0-255,2902,70710,77,425477
20396,0.001069,172.31.40.0-255,66,70776,77,425477
20397,0.001085,74.125.68.0-255,2902,73678,77,425477
20398,0.001087,172.31.40.0-255,66,73744,77,425477
20399,0.001114,74.125.68.0-255,2902,76646,77,425477
20400,0.001119,74.125.68.0-255,2902,79548,77,425477
20401,0.001149,74.125.68.0-255,4320,83868,77,425477
20402,0.001153,172.31.40.0-255,66,83934,77,425477
20403,0.00116,172.31.40.0-255,66,84000,77,425477
20404,0.001163,172.31.40.0-255,66,84066,77,425477
20405,0.00117,74.125.68.0-255,5738,89804,77,425477
20406,0.001172,172.31.40.0-255,66,89870,77,425477
20407,0.001183,74.125.68.0-255,10692,100562,77,425477
20408,0.001186,172.31.40.0-255,66,100628,77,425477
20409,0.001219,74.125.68.0-255,1484,102112,77,425477
20410,0.001224,74.125.68.0-255,1484,103596,77,425477
20411,0.001227,172.31.40.0-255,66,103662,77,425477
20412,0.001238,74.125.68.0-255,1484,105146,77,425477
20413,0.001254,74.125.68.0-255,4320,109466,77,425477
20414,0.001256,172.31.40.0-255,66,109532,77,425477
20415,0.001286,74.125.68.0-255,5738,115270,77,425477
20416,0.001289,172.31.40.0-255,66,115336,77,425477
20417,0.001293,74.125.68.0-255,2425,117761,77,425477
20418,0.001296,172.31.40.0-255,66,117827,77,425477
20419,0.001373,74.125.68.0-255,1484,119311,77,425477
20420,0.001378,74.125.68.0-255,1484,120795,77,425477
20421,0.001381,172.31.40.0-255,66,120861,77,425477
20422,0.001394,74.125.68.0-255,1484,122345,77,425477
20423,0.001409,74.125.68.0-255,2902,125247,77,425477
20424,0.001412,172.31.40.0-255,66,125313,77,425477
20425,0.001425,74.125.68.0-255,1484,126797,77,425477
20426,0.001431,74.125.68.0-255,4320,131117,77,425477
20427,0.001433,172.31.40.0-255,66,131183,77,425477
20428,0.001455,74.125.68.0-255,1484,132667,77,425477
20429,0.001462,74.125.68.0-255,4659,137326,77,425477
20430,0.001465,172.31.40.0-255,66,137392,77,425477
20431,0.001468,74.125.68.0-255,1484,138876,77,425477
20432,0.001484,74.125.68.0-255,4320,143196,77,425477
20433,0.001487,172.31.40.0-255,66,143262,77,425477
20434,0.001513,74.125.68.0-255,4320,147582,77,425477
20435,0.001517,172.31.40.0-255,66,147648,77,425477
20436,0.001543,74.125.68.0-255,2902,150550,77,425477
20437,0.001546,172.31.40.0-255,66,150616,77,425477
20438,0.001558,74.125.68.0-255,1484,152100,77,425477
20439,0.001575,74.125.68.0-255,7156,159256,77,425477
20440,0.001578,172.31.40.0-255,66,159322,77,425477
20441,0.001613,74.125.68.0-255,9992,169314,77,425477
20442,0.001617,172.31.40.0-255,66,169380,77,425477
20443,0.00162,74.125.68.0-255,766,170146,77,425477
20444,0.001879,74.125.68.0-255,1484,171630,77,425477
20445,0.001883,172.31.40.0-255,66,171696,77,425477
20446,0.001889,74.125.68.0-255,2902,174598,77,425477
20447,0.001892,172.31.40.0-255,66,174664,77,425477
20448,0.001895,74.125.68.0-255,1484,176148,77,425477
20449,0.001923,74.125.68.0-255,4320,180468,77,425477
20450,0.001926,172.31.40.0-255,66,180534,77,425477
20451,0.00193,74.125.68.0-255,2902,183436,77,425477
20452,0.001933,172.31.40.0-255,66,183502,77,425477
20453,0.001938,74.125.68.0-255,4320,187822,77,425477
20454,0.00194,172.31.40.0-255,66,187888,77,425477
20455,0.001947,74.125.68.0-255,5738,193626,77,425477
20456,0.001949,172.31.40.0-255,66,193692,77,425477
20457,0.00198,74.125.68.0-255,2902,196594,77,425477
20458,0.001983,172.31.40.0-255,66,196660,77,425477
20459,0.001991,74.125.68.0-255,7856,204516,77,425477
20460,0.001993,172.31.40.0-255,66,204582,77,425477
20461,0.004058,74.125.68.0-255,5738,210320,77,425477
20462,0.004066,172.31.40.0-255,66,210386,77,425477
20463,0.006137,74.125.68.0-255,5738,216124,77,425477
20464,0.006143,172.31.40.0-255,66,216190,77,425477
20465,0.008218,74.125.68.0-255,5738,221928,77,425477
20466,0.008225,172.31.40.0-255,66,221994,77,425477
20467,0.01029,74.125.68.0-255,5738,227732,77,425477
20468,0.010297,172.31.40.0-255,66,227798,77,425477
20469,0.01238,74.125.68.0-255,5738,233536,77,425477
20470,0.012388,172.31.40.0-255,66,233602,77,425477
20471,0.014462,74.125.68.0-255,5738,239340,77,425477
20472,0.01447,172.31.40.0-255,66,239406,77,425477
20473,0.016547,74.125.68.0-255,5738,245144,77,425477
20474,0.016555,172.31.40.0-255,66,245210,77,425477
20475,0.018642,74.125.68.0-255,5738,250948,77,425477
20476,0.018651,172.31.40.0-255,66,251014,77,425477
20477,0.020716,74.125.68.0-255,5738,256752,77,425477
20478,0.020725,172.31.40.0-255,66,256818,77,425477
20479,0.022804,74.125.68.0-255,5738,262556,77,425477
20480,0.022821,172.31.40.0-255,66,262622,77,425477
20481,0.024938,74.125.68.0-255,5738,268360,77,425477
20482,0.024949,172.31.40.0-255,66,268426,77,425477
20483,0.027033,74.125.68.0-255,5738,274164,77,425477
20484,0.027041,172.31.40.0-255,66,274230,77,425477
20485,0.02912,74.125.68.0-255,5738,279968,77,425477
20486,0.029138,172.31.40.0-255,66,280034,77,425477
20487,0.031211,74.125.68.0-255,5738,285772,77,425477
20488,0.031218,172.31.40.0-255,66,285838,77,425477
20489,0.033295,74.125.68.0-255,5738,291576,77,425477
20490,0.0333,172.31.40.0-255,66,291642,77,425477
20491,0.035383,74.125.68.0-255,5738,297380,77,425477
20492,0.035393,172.31.40.0-255,66,297446,77,425477
20493,0.037472,74.125.68.0-255,5738,303184,77,425477
20494,0.037487,172.31.40.0-255,66,303250,77,425477
20495,0.03956,74.125.68.0-255,5738,308988,77,425477
20496,0.039574,172.31.40.0-255,66,309054,77,425477
20497,0.041647,74.125.68.0-255,5738,314792,77,425477
20498,0.041656,172.31.40.0-255,66,314858,77,425477
20499,0.043805,74.125.68.0-255,5738,320596,77,425477
20500,0.043823,172.31.40.0-255,66,320662,77,425477
20501,0.045895,74.125.68.0-255,5738,326400,77,425477
20502,0.045904,172.31.40.0-255,66,326466,77,425477
20503,0.048009,74.125.68.0-255,5738,332204,77,425477
20504,0.048026,172.31.40.0-255,66,332270,77,425477
20505,0.050124,74.125.68.0-255,5738,338008,77,425477
20506,0.050132,172.31.40.0-255,66,338074,77,425477
20507,0.052205,74.125.68.0-255,5738,343812,77,425477
20508,0.05222,172.31.40.0-255,66,343878,77,425477
20509,0.054294,74.125.68.0-255,4320,348198,77,425477
20510,0.054299,172.31.40.0-255,66,348264,77,425477
20511,0.054318,74.125.68.0-255,1484,349748,77,425477
20512,0.055217,172.31.40.0-255,172,349920,77,425477
20513,0.05525,172.31.40.0-255,1120,351040,77,425477
20514,0.055317,172.31.40.0-255,1514,352554,77,425477
20515,0.055319,172.31.40.0-255,1514,354068,77,425477
20516,0.055324,172.31.40.0-255,1514,355582,77,425477
20517,0.055325,172.31.40.0-255,1514,357096,77,425477
20518,0.055343,172.31.40.0-255,1477,358573,77,425477
20519,0.056373,74.125.68.0-255,4320,362893,77,425477
20520,0.056381,172.31.40.0-255,66,362959,77,425477
20521,0.056771,104.244.42.0-255,66,363025,77,425477
20522,0.056832,104.244.42.0-255,66,363091,77,425477
20523,0.056977,104.244.42.0-255,66,363157,77,425477
20524,0.05846,74.125.68.0-255,5738,368895,77,425477
20525,0.05847,172.31.40.0-255,66,368961,77,425477
20526,0.060539,74.125.68.0-255,5738,374699,77,425477
20527,0.060545,172.31.40.0-255,66,374765,77,425477
20528,0.062617,74.125.68.0-255,5738,380503,77,425477
20529,0.062624,172.31.40.0-255,66,380569,77,425477
20530,0.064714,74.125.68.0-255,5738,386307,77,425477
20531,0.06472,172.31.40.0-255,66,386373,77,425477
20532,0.066779,74.125.68.0-255,5738,392111,77,425477
20533,0.066786,172.31.40.0-255,66,392177,77,425477
20534,0.068874,74.125.68.0-255,5738,397915,77,425477
20535,0.068881,172.31.40.0-255,66,397981,77,425477
20536,0.070955,74.125.68.0-255,5738,403719,77,425477
20537,0.070962,172.31.40.0-255,66,403785,77,425477
20538,0.073038,74.125.68.0-255,5738,409523,77,425477
20539,0.073045,172.31.40.0-255,66,409589,77,425477
20540,0.075126,74.125.68.0-255,5738,415327,77,425477
20541,0.075134,172.31.40.0-255,66,415393,77,425477
20542,0.077212,74.125.68.0-255,5738,421131,77,425477
20543,0.077219,172.31.40.0-255,66,421197,77,425477
20544,0.079318,74.125.68.0-255,3518,424715,77,425477
20545,0.079325,172.31.40.0-255,66,424781,77,425477
20546,0.079498,172.31.40.0-255,105,424886,77,425477
20547,0.079533,172.31.40.0-255,105,424991,77,425477
20548,0.079787,172.31.40.0-255,90,425081,77,425477
20549,0.079796,172.31.40.0-255,66,425147,77,425477
20550,0.081551,74.125.68.0-255,66,425213,77,425477
20551,0.081581,74.125.68.0-255,66,425279,77,425477
20552,0.081814,74.125.68.0-255,66,425345,77,425477
20553,0.081847,74.125.68.0-255,66,425411,77,425477
20554,0.081862,172.31.40.0-255,66,425477,77,425477
20555,0.0,74.125.68.0-255,153,153,77,418400
20556,2.3e-05,172.31.40.0-255,66,219,77,418400
20557,3e-05,74.125.68.0-255,1484,1703,77,418400
20558,3.4e-05,172.31.40.0-255,66,1769,77,418400
20559,4.8e-05,74.125.68.0-255,2902,4671,77,418400
20560,5.1e-05,172.31.40.0-255,66,4737,77,418400
20561,5.9e-05,74.125.68.0-255,7156,11893,77,418400
20562,6.2e-05,172.31.40.0-255,66,11959,77,418400
20563,7.6e-05,74.125.68.0-255,2102,14061,77,418400
20564,7.8e-05,172.31.40.0-255,66,14127,77,418400
20565,0.000117,74.125.68.0-255,2902,17029,77,418400
20566,0.00012,172.31.40.0-255,66,17095,77,418400
20567,0.000123,74.125.68.0-255,1484,18579,77,418400
20568,0.000125,172.31.40.0-255,66,18645,77,418400
20569,0.000132,74.125.68.0-255,5738,24383,77,418400
20570,0.000139,172.31.40.0-255,66,24449,77,418400
20571,0.000159,74.125.68.0-255,1484,25933,77,418400
20572,0.000161,172.31.40.0-255,66,25999,77,418400
20573,0.0002,74.125.68.0-255,11410,37409,77,418400
20574,0.000203,172.31.40.0-255,66,37475,77,418400
20575,0.000208,74.125.68.0-255,5738,43213,77,418400
20576,0.00021,172.31.40.0-255,66,43279,77,418400
20577,0.000245,74.125.68.0-255,5020,48299,77,418400
20578,0.000247,172.31.40.0-255,66,48365,77,418400
20579,0.000313,74.125.68.0-255,1484,49849,77,418400
20580,0.000316,172.31.40.0-255,66,49915,77,418400
20581,0.000329,74.125.68.0-255,2902,52817,77,418400
20582,0.000335,172.31.40.0-255,66,52883,77,418400
20583,0.000341,74.125.68.0-255,4320,57203,77,418400
20584,0.000343,172.31.40.0-255,66,57269,77,418400
20585,0.000401,74.125.68.0-255,8215,65484,77,418400
20586,0.000404,172.31.40.0-255,66,65550,77,418400
20587,0.000895,74.125.68.0-255,1484,67034,77,418400
20588,0.000912,74.125.68.0-255,2902,69936,77,418400
20589,0.000916,172.31.40.0-255,66,70002,77,418400
20590,0.000928,74.125.68.0-255,2902,72904,77,418400
20591,0.000939,172.31.40.0-255,66,72970,77,418400
20592,0.000965,74.125.68.0-255,4320,77290,77,418400
20593,0.000968,172.31.40.0-255,66,77356,77,418400
20594,0.000994,74.125.68.0-255,5379,82735,77,418400
20595,0.000996,172.31.40.0-255,66,82801,77,418400
20596,0.001003,74.125.68.0-255,5738,88539,77,418400
20597,0.001005,172.31.40.0-255,66,88605,77,418400
20598,0.001031,74.125.68.0-255,1484,90089,77,418400
20599,0.001051,74.125.68.0-255,8574,98663,77,418400
20600,0.001054,172.31.40.0-255,66,98729,77,418400
20601,0.00108,74.125.68.0-255,1706,100435,77,418400
20602,0.001082,172.31.40.0-255,66,100501,77,418400
20603,0.001156,74.125.68.0-255,1484,101985,77,418400
20604,0.001159,74.125.68.0-255,1484,103469,77,418400
20605,0.001164,172.31.40.0-255,66,103535,77,418400
20606,0.001188,74.125.68.0-255,1484,105019,77,418400
20607,0.00119,74.125.68.0-255,1484,106503,77,418400
20608,0.001193,172.31.40.0-255,66,106569,77,418400
20609,0.001196,74.125.68.0-255,1484,108053,77,418400
20610,0.001217,74.125.68.0-255,1484,109537,77,418400
20611,0.00122,172.31.40.0-255,66,109603,77,418400
20612,0.001226,74.125.68.0-255,5738,115341,77,418400
20613,0.001228,172.31.40.0-255,66,115407,77,418400
20614,0.001238,74.125.68.0-255,4320,119727,77,418400
20615,0.00124,172.31.40.0-255,66,119793,77,418400
20616,0.001251,74.125.68.0-255,2902,122695,77,418400
20617,0.001254,172.31.40.0-255,66,122761,77,418400
20618,0.001262,74.125.68.0-255,8574,131335,77,418400
20619,0.001283,74.125.68.0-255,3602,134937,77,418400
20620,0.001304,172.31.40.0-255,66,135003,77,418400
20621,0.001365,172.31.40.0-255,101,135104,77,418400
20622,0.001529,74.125.68.0-255,1484,136588,77,418400
20623,0.001547,74.125.68.0-255,2902,139490,77,418400
20624,0.00155,172.31.40.0-255,66,139556,77,418400
20625,0.001582,74.125.68.0-255,5738,145294,77,418400
20626,0.001585,172.31.40.0-255,66,145360,77,418400
20627,0.001588,74.125.68.0-255,1484,146844,77,418400
20628,0.001619,74.125.68.0-255,9992,156836,77,418400
20629,0.001622,172.31.40.0-255,66,156902,77,418400
20630,0.001629,74.125.68.0-255,7156,164058,77,418400
20631,0.001631,172.31.40.0-255,66,164124,77,418400
20632,0.001659,74.125.68.0-255,5020,169144,77,418400
20633,0.001661,172.31.40.0-255,66,169210,77,418400
20634,0.003264,74.125.68.0-255,66,169276,77,418400
20635,0.003618,74.125.68.0-255,5738,175014,77,418400
20636,0.003623,172.31.40.0-255,66,175080,77,418400
20637,0.005586,74.125.68.0-255,5738,180818,77,418400
20638,0.005589,172.31.40.0-255,66,180884,77,418400
20639,0.007523,74.125.68.0-255,5738,186622,77,418400
20640,0.007527,172.31.40.0-255,66,186688,77,418400
20641,0.009469,74.125.68.0-255,5738,192426,77,418400
20642,0.009477,172.31.40.0-255,66,192492,77,418400
20643,0.011416,74.125.68.0-255,5738,198230,77,418400
20644,0.011424,172.31.40.0-255,66,198296,77,418400
20645,0.013367,74.125.68.0-255,5738,204034,77,418400
20646,0.013373,172.31.40.0-255,66,204100,77,418400
20647,0.015313,74.125.68.0-255,5738,209838,77,418400
20648,0.015319,172.31.40.0-255,66,209904,77,418400
20649,0.01726,74.125.68.0-255,5738,215642,77,418400
20650,0.017267,172.31.40.0-255,66,215708,77,418400
20651,0.019216,74.125.68.0-255,5738,221446,77,418400
20652,0.019224,172.31.40.0-255,66,221512,77,418400
20653,0.021168,74.125.68.0-255,5738,227250,77,418400
20654,0.021175,172.31.40.0-255,66,227316,77,418400
20655,0.023117,74.125.68.0-255,5738,233054,77,418400
20656,0.023124,172.31.40.0-255,66,233120,77,418400
20657,0.025077,74.125.68.0-255,5738,238858,77,418400
20658,0.025083,172.31.40.0-255,66,238924,77,418400
20659,0.02705,74.125.68.0-255,5738,244662,77,418400
20660,0.027056,172.31.40.0-255,66,244728,77,418400
20661,0.028999,74.125.68.0-255,5738,250466,77,418400
20662,0.029007,172.31.40.0-255,66,250532,77,418400
20663,0.030947,74.125.68.0-255,5738,256270,77,418400
20664,0.030954,172.31.40.0-255,66,256336,77,418400
20665,0.032921,74.125.68.0-255,5738,262074,77,418400
20666,0.032939,172.31.40.0-255,66,262140,77,418400
20667,0.034894,74.125.68.0-255,5738,267878,77,418400
20668,0.034908,172.31.40.0-255,66,267944,77,418400
20669,0.036876,74.125.68.0-255,5738,273682,77,418400
20670,0.036891,172.31.40.0-255,66,273748,77,418400
20671,0.038852,74.125.68.0-255,5738,279486,77,418400
20672,0.038869,172.31.40.0-255,66,279552,77,418400
20673,0.039524,172.31.40.0-255,172,279724,77,418400
20674,0.039591,172.31.40.0-255,1121,280845,77,418400
20675,0.039655,172.31.40.0-255,1514,282359,77,418400
20676,0.039657,172.31.40.0-255,1276,283635,77,418400
20677,0.040816,74.125.68.0-255,5738,289373,77,418400
20678,0.040829,172.31.40.0-255,66,289439,77,418400
20679,0.041016,104.244.42.0-255,66,289505,77,418400
20680,0.041074,104.244.42.0-255,66,289571,77,418400
20681,0.041157,104.244.42.0-255,66,289637,77,418400
20682,0.042795,74.125.68.0-255,5738,295375,77,418400
20683,0.042813,172.31.40.0-255,66,295441,77,418400
20684,0.044769,74.125.68.0-255,5738,301179,77,418400
20685,0.044777,172.31.40.0-255,66,301245,77,418400
20686,0.046728,74.125.68.0-255,5738,306983,77,418400
20687,0.046743,172.31.40.0-255,66,307049,77,418400
20688,0.048712,74.125.68.0-255,5738,312787,77,418400
20689,0.048726,172.31.40.0-255,66,312853,77,418400
20690,0.050691,74.125.68.0-255,5738,318591,77,418400
20691,0.050707,172.31.40.0-255,66,318657,77,418400
20692,0.052667,74.125.68.0-255,5738,324395,77,418400
20693,0.052683,172.31.40.0-255,66,324461,77,418400
20694,0.054645,74.125.68.0-255,5738,330199,77,418400
20695,0.054661,172.31.40.0-255,66,330265,77,418400
20696,0.056624,74.125.68.0-255,5738,336003,77,418400
20697,0.056638,172.31.40.0-255,66,336069,77,418400
20698,0.058589,74.125.68.0-255,5738,341807,77,418400
20699,0.0586,172.31.40.0-255,66,341873,77,418400
20700,0.060558,74.125.68.0-255,5738,347611,77,418400
20701,0.060575,172.31.40.0-255,66,347677,77,418400
20702,0.06253,74.125.68.0-255,5738,353415,77,418400
20703,0.062539,172.31.40.0-255,66,353481,77,418400
20704,0.064498,74.125.68.0-255,5738,359219,77,418400
20705,0.064513,172.31.40.0-255,66,359285,77,418400
20706,0.06652,74.125.68.0-255,5738,365023,77,418400
20707,0.066536,172.31.40.0-255,66,365089,77,418400
20708,0.068506,74.125.68.0-255,5738,370827,77,418400
20709,0.06852,172.31.40.0-255,66,370893,77,418400
20710,0.070474,74.125.68.0-255,5738,376631,77,418400
20711,0.070484,172.31.40.0-255,66,376697,77,418400
20712,0.072433,74.125.68.0-255,5738,382435,77,418400
20713,0.072441,172.31.40.0-255,66,382501,77,418400
20714,0.074387,74.125.68.0-255,5738,388239,77,418400
20715,0.074393,172.31.40.0-255,66,388305,77,418400
20716,0.07635,74.125.68.0-255,5738,394043,77,418400
20717,0.076357,172.31.40.0-255,66,394109,77,418400
20718,0.078305,74.125.68.0-255,5738,399847,77,418400
20719,0.07831,172.31.40.0-255,66,399913,77,418400
20720,0.080261,74.125.68.0-255,5738,405651,77,418400
20721,0.080267,172.31.40.0-255,66,405717,77,418400
20722,0.082217,74.125.68.0-255,5738,411455,77,418400
20723,0.082223,172.31.40.0-255,66,411521,77,418400
20724,0.084185,74.125.68.0-255,5738,417259,77,418400
20725,0.084191,172.31.40.0-255,66,417325,77,418400
20726,0.086129,74.125.68.0-255,904,418229,77,418400
20727,0.086309,172.31.40.0-255,105,418334,77,418400
20728,0.09403,74.125.68.0-255,66,418400,77,418400
20729,0.0,74.125.68.0-255,150,150,77,422956
20730,2.5e-05,172.31.40.0-255,66,216,77,422956
20731,3.3e-05,74.125.68.0-255,1484,1700,77,422956
20732,3.8e-05,172.31.40.0-255,66,1766,77,422956
20733,4.4e-05,74.125.68.0-255,2902,4668,77,422956
20734,4.8e-05,172.31.40.0-255,66,4734,77,422956
20735,5.3e-05,74.125.68.0-255,2902,7636,77,422956
20736,5.6e-05,172.31.40.0-255,66,7702,77,422956
20737,6.2e-05,74.125.68.0-255,4320,12022,77,422956
20738,6.4e-05,172.31.40.0-255,66,12088,77,422956
20739,9.4e-05,74.125.68.0-255,9245,21333,77,422956
20740,9.7e-05,172.31.40.0-255,66,21399,77,422956
20741,0.000134,74.125.68.0-255,9633,31032,77,422956
20742,0.000137,172.31.40.0-255,66,31098,77,422956
20743,0.000259,74.125.68.0-255,1484,32582,77,422956
20744,0.000263,172.31.40.0-255,66,32648,77,422956
20745,0.000268,74.125.68.0-255,2902,35550,77,422956
20746,0.00027,172.31.40.0-255,66,35616,77,422956
20747,0.000295,74.125.68.0-255,5738,41354,77,422956
20748,0.000297,172.31.40.0-255,66,41420,77,422956
20749,0.000305,74.125.68.0-255,6797,48217,77,422956
20750,0.000307,172.31.40.0-255,66,48283,77,422956
20751,0.000336,74.125.68.0-255,4320,52603,77,422956
20752,0.000339,172.31.40.0-255,66,52669,77,422956
20753,0.00036,74.125.68.0-255,2902,55571,77,422956
20754,0.000362,172.31.40.0-255,66,55637,77,422956
20755,0.000371,74.125.68.0-255,8574,64211,77,422956
20756,0.000373,172.31.40.0-255,66,64277,77,422956
20757,0.000388,74.125.68.0-255,1398,65675,77,422956
20758,0.000391,172.31.40.0-255,66,65741,77,422956
20759,0.000405,74.125.68.0-255,133,65874,77,422956
20760,0.000407,172.31.40.0-255,66,65940,77,422956
20761,0.000418,74.125.68.0-255,346,66286,77,422956
20762,0.000675,74.125.68.0-255,1484,67770,77,422956
20763,0.00068,172.31.40.0-255,66,67836,77,422956
20764,0.000686,74.125.68.0-255,2902,70738,77,422956
20765,0.000689,172.31.40.0-255,66,70804,77,422956
20766,0.000691,74.125.68.0-255,1484,72288,77,422956
20767,0.000709,74.125.68.0-255,2902,75190,77,422956
20768,0.000711,172.31.40.0-255,66,75256,77,422956
20769,0.000717,74.125.68.0-255,4320,79576,77,422956
20770,0.000719,172.31.40.0-255,66,79642,77,422956
20771,0.000734,74.125.68.0-255,1484,81126,77,422956
20772,0.000763,74.125.68.0-255,7156,88282,77,422956
20773,0.000766,172.31.40.0-255,66,88348,77,422956
20774,0.000786,74.125.68.0-255,5738,94086,77,422956
20775,0.00079,172.31.40.0-255,66,94152,77,422956
20776,0.000794,74.125.68.0-255,2902,97054,77,422956
20777,0.000796,172.31.40.0-255,66,97120,77,422956
20778,0.000817,74.125.68.0-255,3602,100722,77,422956
20779,0.000823,172.31.40.0-255,66,100788,77,422956
20780,0.001005,74.125.68.0-255,1484,102272,77,422956
20781,0.00101,74.125.68.0-255,1484,103756,77,422956
20782,0.001013,172.31.40.0-255,66,103822,77,422956
20783,0.001032,74.125.68.0-255,1484,105306,77,422956
20784,0.001038,74.125.68.0-255,5738,111044,77,422956
20785,0.001041,172.31.40.0-255,66,111110,77,422956
20786,0.001064,74.125.68.0-255,7156,118266,77,422956
20787,0.001068,74.125.68.0-255,2902,121168,77,422956
20788,0.001071,172.31.40.0-255,66,121234,77,422956
20789,0.001074,172.31.40.0-255,66,121300,77,422956
20790,0.001085,74.125.68.0-255,2902,124202,77,422956
20791,0.001087,172.31.40.0-255,66,124268,77,422956
20792,0.001105,74.125.68.0-255,2902,127170,77,422956
20793,0.001107,172.31.40.0-255,66,127236,77,422956
20794,0.001116,74.125.68.0-255,7856,135092,77,422956
20795,0.001118,172.31.40.0-255,66,135158,77,422956
20796,0.0015,74.125.68.0-255,1484,136642,77,422956
20797,0.001515,74.125.68.0-255,2902,139544,77,422956
20798,0.001524,172.31.40.0-255,66,139610,77,422956
20799,0.001546,74.125.68.0-255,5738,145348,77,422956
20800,0.001548,172.31.40.0-255,66,145414,77,422956
20801,0.001569,74.125.68.0-255,5738,151152,77,422956
20802,0.001572,172.31.40.0-255,66,151218,77,422956
20803,0.001597,74.125.68.0-255,7156,158374,77,422956
20804,0.001599,172.31.40.0-255,66,158440,77,422956
20805,0.001618,74.125.68.0-255,4320,162760,77,422956
20806,0.00162,172.31.40.0-255,66,162826,77,422956
20807,0.001647,74.125.68.0-255,5738,168564,77,422956
20808,0.00165,172.31.40.0-255,66,168630,77,422956
20809,0.001653,74.125.68.0-255,766,169396,77,422956
20810,0.001742,74.125.68.0-255,1484,170880,77,422956
20811,0.001745,172.31.40.0-255,66,170946,77,422956
20812,0.001749,74.125.68.0-255,1484,172430,77,422956
20813,0.001764,74.125.68.0-255,1484,173914,77,422956
20814,0.001766,172.31.40.0-255,66,173980,77,422956
20815,0.001771,74.125.68.0-255,2902,176882,77,422956
20816,0.001773,172.31.40.0-255,66,176948,77,422956
20817,0.001778,74.125.68.0-255,4320,181268,77,422956
20818,0.00178,172.31.40.0-255,66,181334,77,422956
20819,0.001807,74.125.68.0-255,8574,189908,77,422956
20820,0.00181,172.31.40.0-255,66,189974,77,422956
20821,0.001813,74.125.68.0-255,1484,191458,77,422956
20822,0.001832,74.125.68.0-255,4320,195778,77,422956
20823,0.001835,172.31.40.0-255,66,195844,77,422956
20824,0.00184,74.125.68.0-255,4320,200164,77,422956
20825,0.001842,172.31.40.0-255,66,200230,77,422956
20826,0.001855,74.125.68.0-255,2902,203132,77,422956
20827,0.001857,172.31.40.0-255,66,203198,77,422956
20828,0.001859,74.125.68.0-255,766,203964,77,422956
20829,0.002005,74.125.68.0-255,1484,205448,77,422956
20830,0.002009,172.31.40.0-255,66,205514,77,422956
20831,0.002014,74.125.68.0-255,2902,208416,77,422956
20832,0.002016,172.31.40.0-255,66,208482,77,422956
20833,0.002022,74.125.68.0-255,5738,214220,77,422956
20834,0.002025,172.31.40.0-255,66,214286,77,422956
20835,0.002028,74.125.68.0-255,1484,215770,77,422956
20836,0.00206,74.125.68.0-255,5738,221508,77,422956
20837,0.002063,172.31.40.0-255,66,221574,77,422956
20838,0.002069,74.125.68.0-255,4320,225894,77,422956
20839,0.002071,172.31.40.0-255,66,225960,77,422956
20840,0.002083,74.125.68.0-255,1484,227444,77,422956
20841,0.002086,74.125.68.0-255,1484,228928,77,422956
20842,0.002088,172.31.40.0-255,66,228994,77,422956
20843,0.002109,74.125.68.0-255,5738,234732,77,422956
20844,0.002112,172.31.40.0-255,66,234798,77,422956
20845,0.002117,74.125.68.0-255,3602,238400,77,422956
20846,0.002119,172.31.40.0-255,66,238466,77,422956
20847,0.002224,74.125.68.0-255,1484,239950,77,422956
20848,0.004332,74.125.68.0-255,4320,244270,77,422956
20849,0.00434,172.31.40.0-255,66,244336,77,422956
20850,0.006547,74.125.68.0-255,5738,250074,77,422956
20851,0.006554,172.31.40.0-255,66,250140,77,422956
20852,0.008773,74.125.68.0-255,5738,255878,77,422956
20853,0.00878,172.31.40.0-255,66,255944,77,422956
20854,0.011007,74.125.68.0-255,5738,261682,77,422956
20855,0.011026,172.31.40.0-255,66,261748,77,422956
20856,0.013246,74.125.68.0-255,5738,267486,77,422956
20857,0.01326,172.31.40.0-255,66,267552,77,422956
20858,0.015467,74.125.68.0-255,5738,273290,77,422956
20859,0.015475,172.31.40.0-255,66,273356,77,422956
20860,0.0177,74.125.68.0-255,5738,279094,77,422956
20861,0.017715,172.31.40.0-255,66,279160,77,422956
20862,0.019919,74.125.68.0-255,5738,284898,77,422956
20863,0.019929,172.31.40.0-255,66,284964,77,422956
20864,0.022144,74.125.68.0-255,5738,290702,77,422956
20865,0.022152,172.31.40.0-255,66,290768,77,422956
20866,0.024351,74.125.68.0-255,5738,296506,77,422956
20867,0.024358,172.31.40.0-255,66,296572,77,422956
20868,0.026571,74.125.68.0-255,5738,302310,77,422956
20869,0.026578,172.31.40.0-255,66,302376,77,422956
20870,0.028778,74.125.68.0-255,5738,308114,77,422956
20871,0.028786,172.31.40.0-255,66,308180,77,422956
20872,0.030989,74.125.68.0-255,5738,313918,77,422956
20873,0.030996,172.31.40.0-255,66,313984,77,422956
20874,0.033203,74.125.68.0-255,5738,319722,77,422956
20875,0.03321,172.31.40.0-255,66,319788,77,422956
20876,0.035402,74.125.68.0-255,5738,325526,77,422956
20877,0.035409,172.31.40.0-255,66,325592,77,422956
20878,0.037619,74.125.68.0-255,5738,331330,77,422956
20879,0.037627,172.31.40.0-255,66,331396,77,422956
20880,0.0391,172.31.40.0-255,172,331568,77,422956
20881,0.039133,172.31.40.0-255,1115,332683,77,422956
20882,0.039227,172.31.40.0-255,1514,334197,77,422956
20883,0.039229,172.31.40.0-255,1514,335711,77,422956
20884,0.039235,172.31.40.0-255,1514,337225,77,422956
20885,0.039236,172.31.40.0-255,1514,338739,77,422956
20886,0.039253,172.31.40.0-255,748,339487,77,422956
20887,0.039831,74.125.68.0-255,5738,345225,77,422956
20888,0.039843,172.31.40.0-255,66,345291,77,422956
20889,0.040579,104.244.42.0-255,66,345357,77,422956
20890,0.040612,104.244.42.0-255,66,345423,77,422956
20891,0.040729,104.244.42.0-255,66,345489,77,422956
20892,0.040736,104.244.42.0-255,66,345555,77,422956
20893,0.042053,74.125.68.0-255,5738,351293,77,422956
20894,0.04206,172.31.40.0-255,66,351359,77,422956
20895,0.044266,74.125.68.0-255,5738,357097,77,422956
20896,0.044273,172.31.40.0-255,66,357163,77,422956
20897,0.04649,74.125.68.0-255,5738,362901,77,422956
20898,0.046497,172.31.40.0-255,66,362967,77,422956
20899,0.04871,74.125.68.0-255,5738,368705,77,422956
20900,0.048718,172.31.40.0-255,66,368771,77,422956
20901,0.050939,74.125.68.0-255,5738,374509,77,422956
20902,0.050945,172.31.40.0-255,66,374575,77,422956
20903,0.053152,74.125.68.0-255,5738,380313,77,422956
20904,0.05316,172.31.40.0-255,66,380379,77,422956
20905,0.05536,74.125.68.0-255,5738,386117,77,422956
20906,0.055366,172.31.40.0-255,66,386183,77,422956
20907,0.057568,74.125.68.0-255,5738,391921,77,422956
20908,0.057575,172.31.40.0-255,66,391987,77,422956
20909,0.059782,74.125.68.0-255,5738,397725,77,422956
20910,0.059789,172.31.40.0-255,66,397791,77,422956
20911,0.062039,74.125.68.0-255,5738,403529,77,422956
20912,0.062046,172.31.40.0-255,66,403595,77,422956
20913,0.064258,74.125.68.0-255,5738,409333,77,422956
20914,0.064265,172.31.40.0-255,66,409399,77,422956
20915,0.066482,74.125.68.0-255,5738,415137,77,422956
20916,0.066489,172.31.40.0-255,66,415203,77,422956
20917,0.068698,74.125.68.0-255,5738,420941,77,422956
20918,0.068704,172.31.40.0-255,66,421007,77,422956
20919,0.070904,74.125.68.0-255,1253,422260,77,422956
20920,0.071076,172.31.40.0-255,105,422365,77,422956
20921,0.071111,172.31.40.0-255,105,422470,77,422956
20922,0.071372,172.31.40.0-255,90,422560,77,422956
20923,0.071383,172.31.40.0-255,66,422626,77,422956
20924,0.073244,74.125.68.0-255,66,422692,77,422956
20925,0.073286,74.125.68.0-255,66,422758,77,422956
20926,0.073537,74.125.68.0-255,66,422824,77,422956
20927,0.073568,74.125.68.0-255,66,422890,77,422956
20928,0.073574,172.31.40.0-255,66,422956,77,422956
20929,0.0,172.217.160.0-255,153,153,77,417437
20930,1.5e-05,172.31.40.0-255,66,219,77,417437
20931,2.1e-05,172.217.160.0-255,1484,1703,77,417437
20932,2.5e-05,172.31.40.0-255,66,1769,77,417437
20933,3.1e-05,172.217.160.0-255,2902,4671,77,417437
20934,4.6e-05,172.31.40.0-255,66,4737,77,417437
20935,5e-05,172.217.160.0-255,1484,6221,77,417437
20936,5.2e-05,172.31.40.0-255,66,6287,77,417437
20937,6e-05,172.217.160.0-255,5738,12025,77,417437
20938,6.2e-05,172.31.40.0-255,66,12091,77,417437
20939,6.6e-05,172.217.160.0-255,1979,14070,77,417437
20940,6.8e-05,172.31.40.0-255,66,14136,77,417437
20941,0.000136,172.217.160.0-255,2902,17038,77,417437
20942,0.000139,172.31.40.0-255,66,17104,77,417437
20943,0.000167,172.217.160.0-255,7156,24260,77,417437
20944,0.00017,172.31.40.0-255,66,24326,77,417437
20945,0.000178,172.217.160.0-255,6797,31123,77,417437
20946,0.00018,172.31.40.0-255,66,31189,77,417437
20947,0.00033,172.217.160.0-255,1484,32673,77,417437
20948,0.000335,172.31.40.0-255,66,32739,77,417437
20949,0.000339,172.217.160.0-255,1484,34223,77,417437
20950,0.000341,172.31.40.0-255,66,34289,77,417437
20951,0.000361,172.217.160.0-255,1484,35773,77,417437
20952,0.000367,172.31.40.0-255,66,35839,77,417437
20953,0.000375,172.217.160.0-255,5738,41577,77,417437
20954,0.000377,172.31.40.0-255,66,41643,77,417437
20955,0.000424,172.217.160.0-255,13887,55530,77,417437
20956,0.000427,172.31.40.0-255,66,55596,77,417437
20957,0.000437,172.217.160.0-255,8574,64170,77,417437
20958,0.000444,172.31.40.0-255,66,64236,77,417437
20959,0.000447,172.217.160.0-255,1393,65629,77,417437
20960,0.000449,172.31.40.0-255,66,65695,77,417437
20961,0.000877,172.217.160.0-255,123,65818,77,417437
20962,0.001028,172.217.160.0-255,1484,67302,77,417437
20963,0.001034,172.31.40.0-255,66,67368,77,417437
20964,0.001039,172.217.160.0-255,2902,70270,77,417437
20965,0.001041,172.31.40.0-255,66,70336,77,417437
20966,0.001047,172.217.160.0-255,4320,74656,77,417437
20967,0.001054,172.31.40.0-255,66,74722,77,417437
20968,0.00109,172.217.160.0-255,1484,76206,77,417437
20969,0.001104,172.217.160.0-255,13887,90093,77,417437
20970,0.001107,172.31.40.0-255,66,90159,77,417437
20971,0.001121,172.217.160.0-255,2902,93061,77,417437
20972,0.001128,172.31.40.0-255,66,93127,77,417437
20973,0.001161,172.217.160.0-255,6797,99924,77,417437
20974,0.001163,172.31.40.0-255,66,99990,77,417437
20975,0.001398,172.217.160.0-255,383,100373,77,417437
20976,0.001438,172.217.160.0-255,1484,101857,77,417437
20977,0.001442,172.31.40.0-255,66,101923,77,417437
20978,0.001448,172.217.160.0-255,4320,106243,77,417437
20979,0.00145,172.31.40.0-255,66,106309,77,417437
20980,0.001464,172.217.160.0-255,9992,116301,77,417437
20981,0.001466,172.31.40.0-255,66,116367,77,417437
20982,0.001499,172.217.160.0-255,12828,129195,77,417437
20983,0.001502,172.31.40.0-255,66,129261,77,417437
20984,0.001548,172.217.160.0-255,5020,134281,77,417437
20985,0.001551,172.31.40.0-255,66,134347,77,417437
20986,0.001597,172.217.160.0-255,1484,135831,77,417437
20987,0.001611,172.217.160.0-255,2902,138733,77,417437
20988,0.001615,172.31.40.0-255,66,138799,77,417437
20989,0.001622,172.217.160.0-255,5738,144537,77,417437
20990,0.001623,172.31.40.0-255,66,144603,77,417437
20991,0.001634,172.217.160.0-255,5738,150341,77,417437
20992,0.001636,172.31.40.0-255,66,150407,77,417437
20993,0.001644,172.217.160.0-255,7156,157563,77,417437
20994,0.001646,172.31.40.0-255,66,157629,77,417437
20995,0.001691,172.217.160.0-255,5738,163367,77,417437
20996,0.001695,172.31.40.0-255,66,163433,77,417437
20997,0.001726,172.217.160.0-255,5020,168453,77,417437
20998,0.001729,172.31.40.0-255,66,168519,77,417437
20999,0.001784,172.217.160.0-255,1484,170003,77,417437
21000,0.001789,172.217.160.0-255,2902,172905,77,417437
21001,0.001792,172.31.40.0-255,66,172971,77,417437
21002,0.001813,172.217.160.0-255,5738,178709,77,417437
21003,0.001815,172.31.40.0-255,66,178775,77,417437
21004,0.001849,172.217.160.0-255,12828,191603,77,417437
21005,0.001853,172.31.40.0-255,66,191669,77,417437
21006,0.001856,172.217.160.0-255,1484,193153,77,417437
21007,0.001903,172.217.160.0-255,8574,201727,77,417437
21008,0.001906,172.31.40.0-255,66,201793,77,417437
21009,0.001918,172.217.160.0-255,766,202559,77,417437
21010,0.001925,172.217.160.0-255,1484,204043,77,417437
21011,0.001927,172.31.40.0-255,66,204109,77,417437
21012,0.001932,172.217.160.0-255,2902,207011,77,417437
21013,0.001934,172.31.40.0-255,66,207077,77,417437
21014,0.00194,172.217.160.0-255,5738,212815,77,417437
21015,0.001942,172.31.40.0-255,66,212881,77,417437
21016,0.001953,172.217.160.0-255,12828,225709,77,417437
21017,0.001956,172.31.40.0-255,66,225775,77,417437
21018,0.001966,172.217.160.0-255,10692,236467,77,417437
21019,0.001969,172.31.40.0-255,66,236533,77,417437
21020,0.003937,172.217.160.0-255,5738,242271,77,417437
21021,0.003944,172.31.40.0-255,66,242337,77,417437
21022,0.00593,172.217.160.0-255,5738,248075,77,417437
21023,0.005934,172.31.40.0-255,66,248141,77,417437
21024,0.007928,172.217.160.0-255,5738,253879,77,417437
21025,0.007934,172.31.40.0-255,66,253945,77,417437
21026,0.009924,172.217.160.0-255,5738,259683,77,417437
21027,0.009939,172.31.40.0-255,66,259749,77,417437
21028,0.011921,172.217.160.0-255,5738,265487,77,417437
21029,0.011934,172.31.40.0-255,66,265553,77,417437
21030,0.013927,172.217.160.0-255,5738,271291,77,417437
21031,0.013939,172.31.40.0-255,66,271357,77,417437
21032,0.015932,172.217.160.0-255,5738,277095,77,417437
21033,0.015942,172.31.40.0-255,66,277161,77,417437
21034,0.017925,172.217.160.0-255,5738,282899,77,417437
21035,0.017932,172.31.40.0-255,66,282965,77,417437
21036,0.019915,172.217.160.0-255,5738,288703,77,417437
21037,0.019923,172.31.40.0-255,66,288769,77,417437
21038,0.021902,172.217.160.0-255,5738,294507,77,417437
21039,0.02191,172.31.40.0-255,66,294573,77,417437
21040,0.023892,172.217.160.0-255,5738,300311,77,417437
21041,0.023902,172.31.40.0-255,66,300377,77,417437
21042,0.025886,172.217.160.0-255,5738,306115,77,417437
21043,0.025893,172.31.40.0-255,66,306181,77,417437
21044,0.027886,172.217.160.0-255,5738,311919,77,417437
21045,0.027894,172.31.40.0-255,66,311985,77,417437
21046,0.029868,172.217.160.0-255,5738,317723,77,417437
21047,0.029874,172.31.40.0-255,66,317789,77,417437
21048,0.031871,172.217.160.0-255,5738,323527,77,417437
21049,0.031878,172.31.40.0-255,66,323593,77,417437
21050,0.033874,172.217.160.0-255,5738,329331,77,417437
21051,0.033892,172.31.40.0-255,66,329397,77,417437
21052,0.035877,172.217.160.0-255,5738,335135,77,417437
21053,0.035885,172.31.40.0-255,66,335201,77,417437
21054,0.037884,172.217.160.0-255,5738,340939,77,417437
21055,0.037894,172.31.40.0-255,66,341005,77,417437
21056,0.039888,172.217.160.0-255,5738,346743,77,417437
21057,0.039908,172.31.40.0-255,66,346809,77,417437
21058,0.041886,172.217.160.0-255,5738,352547,77,417437
21059,0.041892,172.31.40.0-255,66,352613,77,417437
21060,0.043842,172.31.40.0-255,172,352785,77,417437
21061,0.043879,172.217.160.0-255,5738,358523,77,417437
21062,0.043883,172.31.40.0-255,66,358589,77,417437
21063,0.043908,172.31.40.0-255,1119,359708,77,417437
21064,0.044007,172.31.40.0-255,1514,361222,77,417437
21065,0.044009,172.31.40.0-255,1276,362498,77,417437
21066,0.045404,104.244.42.0-255,66,362564,77,417437
21067,0.045428,104.244.42.0-255,66,362630,77,417437
21068,0.045588,104.244.42.0-255,66,362696,77,417437
21069,0.045861,172.217.160.0-255,5738,368434,77,417437
21070,0.045871,172.31.40.0-255,66,368500,77,417437
21071,0.047877,172.217.160.0-255,5738,374238,77,417437
21072,0.047888,172.31.40.0-255,66,374304,77,417437
21073,0.049886,172.217.160.0-255,5738,380042,77,417437
21074,0.0499,172.31.40.0-255,66,380108,77,417437
21075,0.051877,172.217.160.0-255,5738,385846,77,417437
21076,0.05189,172.31.40.0-255,66,385912,77,417437
21077,0.053908,172.217.160.0-255,2902,388814,77,417437
21078,0.053916,172.31.40.0-255,66,388880,77,417437
21079,0.053935,172.217.160.0-255,2902,391782,77,417437
21080,0.053939,172.31.40.0-255,66,391848,77,417437
21081,0.055924,172.217.160.0-255,5738,397586,77,417437
21082,0.055935,172.31.40.0-255,66,397652,77,417437
21083,0.057927,172.217.160.0-255,5738,403390,77,417437
21084,0.057942,172.31.40.0-255,66,403456,77,417437
21085,0.059929,172.217.160.0-255,5738,409194,77,417437
21086,0.059944,172.31.40.0-255,66,409260,77,417437
21087,0.061967,172.217.160.0-255,5738,414998,77,417437
21088,0.061983,172.31.40.0-255,66,415064,77,417437
21089,0.063982,172.217.160.0-255,2136,417200,77,417437
21090,0.063997,172.31.40.0-255,66,417266,77,417437
21091,0.064229,172.31.40.0-255,105,417371,77,417437
21092,0.066179,172.217.160.0-255,66,417437,77,417437
21093,0.0,74.125.24.0-255,153,153,77,395276
21094,2.2e-05,172.31.40.0-255,66,219,77,395276
21095,3e-05,74.125.24.0-255,1484,1703,77,395276
21096,3.4e-05,172.31.40.0-255,66,1769,77,395276
21097,4.1e-05,74.125.24.0-255,2902,4671,77,395276
21098,4.3e-05,172.31.40.0-255,66,4737,77,395276
21099,6e-05,74.125.24.0-255,7156,11893,77,395276
21100,6.4e-05,172.31.40.0-255,66,11959,77,395276
21101,7e-05,74.125.24.0-255,3555,15514,77,395276
21102,7.2e-05,172.31.40.0-255,66,15580,77,395276
21103,8.4e-05,74.125.24.0-255,12828,28408,77,395276
21104,8.7e-05,172.31.40.0-255,66,28474,77,395276
21105,9.2e-05,74.125.24.0-255,2543,31017,77,395276
21106,9.5e-05,172.31.40.0-255,66,31083,77,395276
21107,0.001224,74.125.24.0-255,1484,32567,77,395276
21108,0.001229,172.31.40.0-255,66,32633,77,395276
21109,0.001239,74.125.24.0-255,2902,35535,77,395276
21110,0.001241,172.31.40.0-255,66,35601,77,395276
21111,0.001252,74.125.24.0-255,2902,38503,77,395276
21112,0.001254,172.31.40.0-255,66,38569,77,395276
21113,0.001285,74.125.24.0-255,2902,41471,77,395276
21114,0.001287,172.31.40.0-255,66,41537,77,395276
21115,0.001299,74.125.24.0-255,6797,48334,77,395276
21116,0.001301,172.31.40.0-255,66,48400,77,395276
21117,0.001309,74.125.24.0-255,7156,55556,77,395276
21118,0.001311,172.31.40.0-255,66,55622,77,395276
21119,0.001346,74.125.24.0-255,4320,59942,77,395276
21120,0.001348,172.31.40.0-255,66,60008,77,395276
21121,0.001378,74.125.24.0-255,5652,65660,77,395276
21122,0.001381,172.31.40.0-255,66,65726,77,395276
21123,0.001564,172.31.40.0-255,101,65827,77,395276
21124,0.001872,74.125.24.0-255,1484,67311,77,395276
21125,0.001882,74.125.24.0-255,2902,70213,77,395276
21126,0.001886,172.31.40.0-255,66,70279,77,395276
21127,0.001918,74.125.24.0-255,5738,76017,77,395276
21128,0.001921,172.31.40.0-255,66,76083,77,395276
21129,0.001927,74.125.24.0-255,5738,81821,77,395276
21130,0.00193,172.31.40.0-255,66,81887,77,395276
21131,0.001956,74.125.24.0-255,5738,87625,77,395276
21132,0.001959,172.31.40.0-255,66,87691,77,395276
21133,0.002005,74.125.24.0-255,8215,95906,77,395276
21134,0.002009,172.31.40.0-255,66,95972,77,395276
21135,0.002014,74.125.24.0-255,4254,100226,77,395276
21136,0.002017,172.31.40.0-255,66,100292,77,395276
21137,0.002024,74.125.24.0-255,5738,106030,77,395276
21138,0.002029,172.31.40.0-255,66,106096,77,395276
21139,0.00206,74.125.24.0-255,5738,111834,77,395276
21140,0.002063,172.31.40.0-255,66,111900,77,395276
21141,0.002069,74.125.24.0-255,4713,116613,77,395276
21142,0.002072,172.31.40.0-255,66,116679,77,395276
21143,0.002107,74.125.24.0-255,763,117442,77,395276
21144,0.002221,74.125.24.0-255,1484,118926,77,395276
21145,0.002225,172.31.40.0-255,66,118992,77,395276
21146,0.002232,74.125.24.0-255,2902,121894,77,395276
21147,0.002236,172.31.40.0-255,66,121960,77,395276
21148,0.002246,74.125.24.0-255,5738,127698,77,395276
21149,0.002249,172.31.40.0-255,66,127764,77,395276
21150,0.002294,74.125.24.0-255,12828,140592,77,395276
21151,0.002298,172.31.40.0-255,66,140658,77,395276
21152,0.002329,74.125.24.0-255,7156,147814,77,395276
21153,0.002333,172.31.40.0-255,66,147880,77,395276
21154,0.002361,74.125.24.0-255,3602,151482,77,395276
21155,0.002363,172.31.40.0-255,66,151548,77,395276
21156,0.003802,74.125.24.0-255,66,151614,77,395276
21157,0.004616,74.125.24.0-255,2902,154516,77,395276
21158,0.004621,172.31.40.0-255,66,154582,77,395276
21159,0.004644,74.125.24.0-255,2902,157484,77,395276
21160,0.004648,172.31.40.0-255,66,157550,77,395276
21161,0.006896,74.125.24.0-255,2902,160452,77,395276
21162,0.006903,172.31.40.0-255,66,160518,77,395276
21163,0.006946,74.125.24.0-255,2902,163420,77,395276
21164,0.006949,172.31.40.0-255,66,163486,77,395276
21165,0.009185,74.125.24.0-255,2902,166388,77,395276
21166,0.009202,172.31.40.0-255,66,166454,77,395276
21167,0.009234,74.125.24.0-255,2902,169356,77,395276
21168,0.009237,172.31.40.0-255,66,169422,77,395276
21169,0.011502,74.125.24.0-255,2902,172324,77,395276
21170,0.011517,172.31.40.0-255,66,172390,77,395276
21171,0.011548,74.125.24.0-255,2902,175292,77,395276
21172,0.011552,172.31.40.0-255,66,175358,77,395276
21173,0.01388,74.125.24.0-255,5738,181096,77,395276
21174,0.013893,172.31.40.0-255,66,181162,77,395276
21175,0.016199,74.125.24.0-255,5738,186900,77,395276
21176,0.016208,172.31.40.0-255,66,186966,77,395276
21177,0.01856,74.125.24.0-255,5738,192704,77,395276
21178,0.018569,172.31.40.0-255,66,192770,77,395276
21179,0.020882,74.125.24.0-255,5738,198508,77,395276
21180,0.020892,172.31.40.0-255,66,198574,77,395276
21181,0.023203,74.125.24.0-255,5738,204312,77,395276
21182,0.023215,172.31.40.0-255,66,204378,77,395276
21183,0.025532,74.125.24.0-255,5738,210116,77,395276
21184,0.025543,172.31.40.0-255,66,210182,77,395276
21185,0.027861,74.125.24.0-255,5738,215920,77,395276
21186,0.02787,172.31.40.0-255,66,215986,77,395276
21187,0.030156,74.125.24.0-255,5738,221724,77,395276
21188,0.030164,172.31.40.0-255,66,221790,77,395276
21189,0.032486,74.125.24.0-255,5738,227528,77,395276
21190,0.032494,172.31.40.0-255,66,227594,77,395276
21191,0.034791,74.125.24.0-255,5738,233332,77,395276
21192,0.034808,172.31.40.0-255,66,233398,77,395276
21193,0.037132,74.125.24.0-255,5738,239136,77,395276
21194,0.037139,172.31.40.0-255,66,239202,77,395276
21195,0.039483,74.125.24.0-255,5738,244940,77,395276
21196,0.039506,172.31.40.0-255,66,245006,77,395276
21197,0.041815,74.125.24.0-255,5738,250744,77,395276
21198,0.041822,172.31.40.0-255,66,250810,77,395276
21199,0.043179,172.31.40.0-255,172,250982,77,395276
21200,0.043208,172.31.40.0-255,1121,252103,77,395276
21201,0.043273,172.31.40.0-255,1514,253617,77,395276
21202,0.043275,172.31.40.0-255,1514,255131,77,395276
21203,0.0433,172.31.40.0-255,585,255716,77,395276
21204,0.044135,74.125.24.0-255,5738,261454,77,395276
21205,0.044142,172.31.40.0-255,66,261520,77,395276
21206,0.044754,104.244.42.0-255,66,261586,77,395276
21207,0.044761,104.244.42.0-255,66,261652,77,395276
21208,0.044821,104.244.42.0-255,66,261718,77,395276
21209,0.044895,104.244.42.0-255,66,261784,77,395276
21210,0.046468,74.125.24.0-255,5738,267522,77,395276
21211,0.046482,172.31.40.0-255,66,267588,77,395276
21212,0.048798,74.125.24.0-255,5738,273326,77,395276
21213,0.048805,172.31.40.0-255,66,273392,77,395276
21214,0.051119,74.125.24.0-255,5738,279130,77,395276
21215,0.051136,172.31.40.0-255,66,279196,77,395276
21216,0.053469,74.125.24.0-255,5738,284934,77,395276
21217,0.053488,172.31.40.0-255,66,285000,77,395276
21218,0.055801,74.125.24.0-255,5738,290738,77,395276
21219,0.055812,172.31.40.0-255,66,290804,77,395276
21220,0.058134,74.125.24.0-255,5738,296542,77,395276
21221,0.05815,172.31.40.0-255,66,296608,77,395276
21222,0.060508,74.125.24.0-255,5738,302346,77,395276
21223,0.060527,172.31.40.0-255,66,302412,77,395276
21224,0.062829,74.125.24.0-255,5738,308150,77,395276
21225,0.062847,172.31.40.0-255,66,308216,77,395276
21226,0.065174,74.125.24.0-255,5738,313954,77,395276
21227,0.065192,172.31.40.0-255,66,314020,77,395276
21228,0.067471,74.125.24.0-255,5738,319758,77,395276
21229,0.067486,172.31.40.0-255,66,319824,77,395276
21230,0.069806,74.125.24.0-255,5738,325562,77,395276
21231,0.069823,172.31.40.0-255,66,325628,77,395276
21232,0.072134,74.125.24.0-255,5738,331366,77,395276
21233,0.072152,172.31.40.0-255,66,331432,77,395276
21234,0.074547,74.125.24.0-255,5738,337170,77,395276
21235,0.074562,172.31.40.0-255,66,337236,77,395276
21236,0.076863,74.125.24.0-255,5738,342974,77,395276
21237,0.076875,172.31.40.0-255,66,343040,77,395276
21238,0.079168,74.125.24.0-255,5738,348778,77,395276
21239,0.079177,172.31.40.0-255,66,348844,77,395276
21240,0.081518,74.125.24.0-255,5738,354582,77,395276
21241,0.081536,172.31.40.0-255,66,354648,77,395276
21242,0.083839,74.125.24.0-255,5738,360386,77,395276
21243,0.083857,172.31.40.0-255,66,360452,77,395276
21244,0.086213,74.125.24.0-255,5738,366190,77,395276
21245,0.08623,172.31.40.0-255,66,366256,77,395276
21246,0.088606,74.125.24.0-255,5738,371994,77,395276
21247,0.088625,172.31.40.0-255,66,372060,77,395276
21248,0.090964,74.125.24.0-255,5738,377798,77,395276
21249,0.090973,172.31.40.0-255,66,377864,77,395276
21250,0.093289,74.125.24.0-255,5738,383602,77,395276
21251,0.0933,172.31.40.0-255,66,383668,77,395276
21252,0.095583,74.125.24.0-255,5738,389406,77,395276
21253,0.0956,172.31.40.0-255,66,389472,77,395276
21254,0.097883,74.125.24.0-255,5738,395210,77,395276
21255,0.097889,172.31.40.0-255,66,395276,77,395276
21256,0.0,74.125.24.0-255,153,153,77,400019
21257,3e-05,172.31.40.0-255,66,219,77,400019
21258,3.8e-05,74.125.24.0-255,1484,1703,77,400019
21259,4.2e-05,172.31.40.0-255,66,1769,77,400019
21260,4.8e-05,74.125.24.0-255,2902,4671,77,400019
21261,5.2e-05,172.31.40.0-255,66,4737,77,400019
21262,6e-05,74.125.24.0-255,7156,11893,77,400019
21263,6.4e-05,172.31.40.0-255,66,11959,77,400019
21264,6.7e-05,74.125.24.0-255,1902,13861,77,400019
21265,7e-05,172.31.40.0-255,66,13927,77,400019
21266,0.000102,74.125.24.0-255,2902,16829,77,400019
21267,0.000105,172.31.40.0-255,66,16895,77,400019
21268,0.000113,74.125.24.0-255,7156,24051,77,400019
21269,0.000116,172.31.40.0-255,66,24117,77,400019
21270,0.000162,74.125.24.0-255,6797,30914,77,400019
21271,0.000166,172.31.40.0-255,66,30980,77,400019
21272,0.000186,74.125.24.0-255,4320,35300,77,400019
21273,0.000188,172.31.40.0-255,66,35366,77,400019
21274,0.000201,74.125.24.0-255,2902,38268,77,400019
21275,0.000204,172.31.40.0-255,66,38334,77,400019
21276,0.000213,74.125.24.0-255,9633,47967,77,400019
21277,0.000215,172.31.40.0-255,66,48033,77,400019
21278,0.00103,74.125.24.0-255,1484,49517,77,400019
21279,0.001036,172.31.40.0-255,66,49583,77,400019
21280,0.001046,74.125.24.0-255,2902,52485,77,400019
21281,0.001049,172.31.40.0-255,66,52551,77,400019
21282,0.001055,74.125.24.0-255,5738,58289,77,400019
21283,0.001057,172.31.40.0-255,66,58355,77,400019
21284,0.001062,74.125.24.0-255,2902,61257,77,400019
21285,0.001064,172.31.40.0-255,66,61323,77,400019
21286,0.001093,74.125.24.0-255,5379,66702,77,400019
21287,0.001097,172.31.40.0-255,66,66768,77,400019
21288,0.001105,74.125.24.0-255,8574,75342,77,400019
21289,0.001141,74.125.24.0-255,2902,78244,77,400019
21290,0.001165,74.125.24.0-255,3961,82205,77,400019
21291,0.001398,74.125.24.0-255,1484,83689,77,400019
21292,0.001406,74.125.24.0-255,2902,86591,77,400019
21293,0.001429,74.125.24.0-255,5738,92329,77,400019
21294,0.001457,74.125.24.0-255,2902,95231,77,400019
21295,0.001483,74.125.24.0-255,9992,105223,77,400019
21296,0.001494,74.125.24.0-255,10692,115915,77,400019
21297,0.001753,74.125.24.0-255,1484,117399,77,400019
21298,0.001775,74.125.24.0-255,2902,120301,77,400019
21299,0.001779,74.125.24.0-255,2902,123203,77,400019
21300,0.001791,74.125.24.0-255,2902,126105,77,400019
21301,0.001821,74.125.24.0-255,5738,131843,77,400019
21302,0.001836,74.125.24.0-255,2902,134745,77,400019
21303,0.001854,74.125.24.0-255,2902,137647,77,400019
21304,0.001875,74.125.24.0-255,7156,144803,77,400019
21305,0.001878,74.125.24.0-255,1484,146287,77,400019
21306,0.001895,74.125.24.0-255,3602,149889,77,400019
21307,0.001925,74.125.24.0-255,5738,155627,77,400019
21308,0.001939,74.125.24.0-255,5738,161365,77,400019
21309,0.001952,74.125.24.0-255,2902,164267,77,400019
21310,0.001976,74.125.24.0-255,9992,174259,77,400019
21311,0.001981,74.125.24.0-255,4320,178579,77,400019
21312,0.001994,74.125.24.0-255,2902,181481,77,400019
21313,0.002015,74.125.24.0-255,2184,183665,77,400019
21314,0.002074,74.125.24.0-255,1484,185149,77,400019
21315,0.002077,74.125.24.0-255,1484,186633,77,400019
21316,0.002088,74.125.24.0-255,1484,188117,77,400019
21317,0.002094,74.125.24.0-255,5738,193855,77,400019
21318,0.002117,74.125.24.0-255,4320,198175,77,400019
21319,0.002127,74.125.24.0-255,1484,199659,77,400019
21320,0.00213,74.125.24.0-255,1484,201143,77,400019
21321,0.002161,74.125.24.0-255,11410,212553,77,400019
21322,0.002213,74.125.24.0-255,5020,217573,77,400019
21323,0.002271,74.125.24.0-255,1484,219057,77,400019
21324,0.002287,74.125.24.0-255,2902,221959,77,400019
21325,0.002293,74.125.24.0-255,4320,226279,77,400019
21326,0.002307,74.125.24.0-255,1484,227763,77,400019
21327,0.002311,74.125.24.0-255,2902,230665,77,400019
21328,0.002336,74.125.24.0-255,9992,240657,77,400019
21329,0.002339,74.125.24.0-255,1484,242141,77,400019
21330,0.00236,74.125.24.0-255,7156,249297,77,400019
21331,0.002363,74.125.24.0-255,1484,250781,77,400019
21332,0.00572,172.31.40.0-255,66,250847,77,400019
21333,0.008096,74.125.24.0-255,5738,256585,77,400019
21334,0.008106,172.31.40.0-255,66,256651,77,400019
21335,0.010464,74.125.24.0-255,5738,262389,77,400019
21336,0.010479,172.31.40.0-255,66,262455,77,400019
21337,0.012831,74.125.24.0-255,5738,268193,77,400019
21338,0.01284,172.31.40.0-255,66,268259,77,400019
21339,0.015189,74.125.24.0-255,5738,273997,77,400019
21340,0.015893,172.31.40.0-255,66,274063,77,400019
21341,0.018215,74.125.24.0-255,5738,279801,77,400019
21342,0.018228,172.31.40.0-255,66,279867,77,400019
21343,0.020594,74.125.24.0-255,5738,285605,77,400019
21344,0.020613,172.31.40.0-255,66,285671,77,400019
21345,0.02294,74.125.24.0-255,5738,291409,77,400019
21346,0.022949,172.31.40.0-255,66,291475,77,400019
21347,0.02529,74.125.24.0-255,5738,297213,77,400019
21348,0.025299,172.31.40.0-255,66,297279,77,400019
21349,0.027656,74.125.24.0-255,5738,303017,77,400019
21350,0.027665,172.31.40.0-255,66,303083,77,400019
21351,0.03007,74.125.24.0-255,5738,308821,77,400019
21352,0.030088,172.31.40.0-255,66,308887,77,400019
21353,0.032438,74.125.24.0-255,5738,314625,77,400019
21354,0.032447,172.31.40.0-255,66,314691,77,400019
21355,0.034805,74.125.24.0-255,5738,320429,77,400019
21356,0.034819,172.31.40.0-255,66,320495,77,400019
21357,0.03717,74.125.24.0-255,5738,326233,77,400019
21358,0.037182,172.31.40.0-255,66,326299,77,400019
21359,0.038504,172.31.40.0-255,172,326471,77,400019
21360,0.038537,172.31.40.0-255,1119,327590,77,400019
21361,0.038599,172.31.40.0-255,1514,329104,77,400019
21362,0.038601,172.31.40.0-255,1276,330380,77,400019
21363,0.039505,74.125.24.0-255,5738,336118,77,400019
21364,0.039513,172.31.40.0-255,66,336184,77,400019
21365,0.040054,104.244.42.0-255,66,336250,77,400019
21366,0.040108,104.244.42.0-255,66,336316,77,400019
21367,0.040159,104.244.42.0-255,66,336382,77,400019
21368,0.041867,74.125.24.0-255,5738,342120,77,400019
21369,0.041885,172.31.40.0-255,66,342186,77,400019
21370,0.044232,74.125.24.0-255,5738,347924,77,400019
21371,0.044251,172.31.40.0-255,66,347990,77,400019
21372,0.046596,74.125.24.0-255,5738,353728,77,400019
21373,0.046614,172.31.40.0-255,66,353794,77,400019
21374,0.048989,74.125.24.0-255,5738,359532,77,400019
21375,0.049009,172.31.40.0-255,66,359598,77,400019
21376,0.051378,74.125.24.0-255,5738,365336,77,400019
21377,0.051399,172.31.40.0-255,66,365402,77,400019
21378,0.053757,74.125.24.0-255,5738,371140,77,400019
21379,0.053787,172.31.40.0-255,66,371206,77,400019
21380,0.056159,74.125.24.0-255,5738,376944,77,400019
21381,0.05618,172.31.40.0-255,66,377010,77,400019
21382,0.058572,74.125.24.0-255,5738,382748,77,400019
21383,0.058591,172.31.40.0-255,66,382814,77,400019
21384,0.060938,74.125.24.0-255,5738,388552,77,400019
21385,0.060957,172.31.40.0-255,66,388618,77,400019
21386,0.063318,74.125.24.0-255,5738,394356,77,400019
21387,0.063338,172.31.40.0-255,66,394422,77,400019
21388,0.065722,74.125.24.0-255,5360,399782,77,400019
21389,0.065743,172.31.40.0-255,66,399848,77,400019
21390,0.066069,172.31.40.0-255,105,399953,77,400019
21391,0.068422,74.125.24.0-255,66,400019,77,400019
21392,0.0,172.217.194.0-255,150,150,77,371706
21393,1.5e-05,172.31.40.0-255,66,216,77,371706
21394,2.1e-05,172.217.194.0-255,1484,1700,77,371706
21395,2.5e-05,172.31.40.0-255,66,1766,77,371706
21396,3.2e-05,172.217.194.0-255,2902,4668,77,371706
21397,4.2e-05,172.31.40.0-255,66,4734,77,371706
21398,5.1e-05,172.217.194.0-255,7156,11890,77,371706
21399,5.4e-05,172.31.40.0-255,66,11956,77,371706
21400,8.2e-05,172.217.194.0-255,2024,13980,77,371706
21401,8.5e-05,172.31.40.0-255,66,14046,77,371706
21402,0.000161,172.217.194.0-255,1484,15530,77,371706
21403,0.000165,172.31.40.0-255,66,15596,77,371706
21404,0.00017,172.217.194.0-255,2902,18498,77,371706
21405,0.000173,172.31.40.0-255,66,18564,77,371706
21406,0.0002,172.217.194.0-255,1484,20048,77,371706
21407,0.000202,172.31.40.0-255,66,20114,77,371706
21408,0.000229,172.217.194.0-255,4320,24434,77,371706
21409,0.000232,172.31.40.0-255,66,24500,77,371706
21410,0.00024,172.217.194.0-255,6797,31297,77,371706
21411,0.000242,172.31.40.0-255,66,31363,77,371706
21412,0.000705,172.217.194.0-255,1484,32847,77,371706
21413,0.00071,172.31.40.0-255,66,32913,77,371706
21414,0.000716,172.217.194.0-255,2902,35815,77,371706
21415,0.000717,172.31.40.0-255,66,35881,77,371706
21416,0.000727,172.217.194.0-255,5738,41619,77,371706
21417,0.000729,172.31.40.0-255,66,41685,77,371706
21418,0.000759,172.217.194.0-255,13887,55572,77,371706
21419,0.000762,172.31.40.0-255,66,55638,77,371706
21420,0.000785,172.217.194.0-255,4320,59958,77,371706
21421,0.000789,172.31.40.0-255,66,60024,77,371706
21422,0.000813,172.217.194.0-255,5673,65697,77,371706
21423,0.000816,172.31.40.0-255,66,65763,77,371706
21424,0.000819,172.217.194.0-255,383,66146,77,371706
21425,0.00107,172.31.40.0-255,66,66212,77,371706
21426,0.001469,172.217.194.0-255,1484,67696,77,371706
21427,0.001478,172.217.194.0-255,2902,70598,77,371706
21428,0.001482,172.31.40.0-255,66,70664,77,371706
21429,0.001489,172.217.194.0-255,5738,76402,77,371706
21430,0.001491,172.31.40.0-255,66,76468,77,371706
21431,0.001526,172.217.194.0-255,12828,89296,77,371706
21432,0.001529,172.31.40.0-255,66,89362,77,371706
21433,0.001564,172.217.194.0-255,7156,96518,77,371706
21434,0.001566,172.31.40.0-255,66,96584,77,371706
21435,0.001584,172.217.194.0-255,3602,100186,77,371706
21436,0.001587,172.31.40.0-255,66,100252,77,371706
21437,0.003597,172.217.194.0-255,1484,101736,77,371706
21438,0.003641,172.217.194.0-255,4320,106056,77,371706
21439,0.003645,172.31.40.0-255,66,106122,77,371706
21440,0.005662,172.217.194.0-255,5738,111860,77,371706
21441,0.005668,172.31.40.0-255,66,111926,77,371706
21442,0.007707,172.217.194.0-255,5738,117664,77,371706
21443,0.007712,172.31.40.0-255,66,117730,77,371706
21444,0.00975,172.217.194.0-255,5738,123468,77,371706
21445,0.00976,172.31.40.0-255,66,123534,77,371706
21446,0.011798,172.217.194.0-255,5738,129272,77,371706
21447,0.011804,172.31.40.0-255,66,129338,77,371706
21448,0.013832,172.217.194.0-255,5738,135076,77,371706
21449,0.013842,172.31.40.0-255,66,135142,77,371706
21450,0.015889,172.217.194.0-255,5738,140880,77,371706
21451,0.015898,172.31.40.0-255,66,140946,77,371706
21452,0.017965,172.217.194.0-255,5738,146684,77,371706
21453,0.017972,172.31.40.0-255,66,146750,77,371706
21454,0.020006,172.217.194.0-255,5738,152488,77,371706
21455,0.020011,172.31.40.0-255,66,152554,77,371706
21456,0.022068,172.217.194.0-255,5738,158292,77,371706
21457,0.022075,172.31.40.0-255,66,158358,77,371706
21458,0.024103,172.217.194.0-255,5738,164096,77,371706
21459,0.02411,172.31.40.0-255,66,164162,77,371706
21460,0.026169,172.217.194.0-255,5738,169900,77,371706
21461,0.026178,172.31.40.0-255,66,169966,77,371706
21462,0.028252,172.217.194.0-255,5738,175704,77,371706
21463,0.028259,172.31.40.0-255,66,175770,77,371706
21464,0.030292,172.217.194.0-255,5738,181508,77,371706
21465,0.0303,172.31.40.0-255,66,181574,77,371706
21466,0.031115,172.31.40.0-255,172,181746,77,371706
21467,0.031145,172.31.40.0-255,1066,182812,77,371706
21468,0.032353,172.217.194.0-255,5738,188550,77,371706
21469,0.032359,172.31.40.0-255,66,188616,77,371706
21470,0.032641,104.244.42.0-255,66,188682,77,371706
21471,0.032675,104.244.42.0-255,66,188748,77,371706
21472,0.034381,172.217.194.0-255,5738,194486,77,371706
21473,0.034388,172.31.40.0-255,66,194552,77,371706
21474,0.03647,172.217.194.0-255,5738,200290,77,371706
21475,0.036476,172.31.40.0-255,66,200356,77,371706
21476,0.038588,172.217.194.0-255,5738,206094,77,371706
21477,0.038594,172.31.40.0-255,66,206160,77,371706
21478,0.04069,172.217.194.0-255,5738,211898,77,371706
21479,0.040697,172.31.40.0-255,66,211964,77,371706
21480,0.042742,172.217.194.0-255,5738,217702,77,371706
21481,0.042757,172.31.40.0-255,66,217768,77,371706
21482,0.044807,172.217.194.0-255,5738,223506,77,371706
21483,0.044813,172.31.40.0-255,66,223572,77,371706
21484,0.046885,172.217.194.0-255,5738,229310,77,371706
21485,0.046892,172.31.40.0-255,66,229376,77,371706
21486,0.048935,172.217.194.0-255,5738,235114,77,371706
21487,0.048941,172.31.40.0-255,66,235180,77,371706
21488,0.050983,172.217.194.0-255,5738,240918,77,371706
21489,0.050989,172.31.40.0-255,66,240984,77,371706
21490,0.053037,172.217.194.0-255,5738,246722,77,371706
21491,0.053043,172.31.40.0-255,66,246788,77,371706
21492,0.055054,172.217.194.0-255,5738,252526,77,371706
21493,0.05506,172.31.40.0-255,66,252592,77,371706
21494,0.057112,172.217.194.0-255,5738,258330,77,371706
21495,0.05712,172.31.40.0-255,66,258396,77,371706
21496,0.059195,172.217.194.0-255,5738,264134,77,371706
21497,0.059202,172.31.40.0-255,66,264200,77,371706
21498,0.061258,172.217.194.0-255,5738,269938,77,371706
21499,0.061264,172.31.40.0-255,66,270004,77,371706
21500,0.063363,172.217.194.0-255,5738,275742,77,371706
21501,0.063372,172.31.40.0-255,66,275808,77,371706
21502,0.065415,172.217.194.0-255,5738,281546,77,371706
21503,0.065422,172.31.40.0-255,66,281612,77,371706
21504,0.067499,172.217.194.0-255,5738,287350,77,371706
21505,0.067505,172.31.40.0-255,66,287416,77,371706
21506,0.069546,172.217.194.0-255,5738,293154,77,371706
21507,0.069553,172.31.40.0-255,66,293220,77,371706
21508,0.071628,172.217.194.0-255,4320,297540,77,371706
21509,0.071635,172.31.40.0-255,66,297606,77,371706
21510,0.071661,172.217.194.0-255,1484,299090,77,371706
21511,0.073652,172.217.194.0-255,2902,301992,77,371706
21512,0.073659,172.31.40.0-255,66,302058,77,371706
21513,0.07574,172.217.194.0-255,5738,307796,77,371706
21514,0.075746,172.31.40.0-255,66,307862,77,371706
21515,0.077822,172.217.194.0-255,5738,313600,77,371706
21516,0.077829,172.31.40.0-255,66,313666,77,371706
21517,0.079874,172.217.194.0-255,5738,319404,77,371706
21518,0.079881,172.31.40.0-255,66,319470,77,371706
21519,0.081961,172.217.194.0-255,5738,325208,77,371706
21520,0.081969,172.31.40.0-255,66,325274,77,371706
21521,0.084047,172.217.194.0-255,5738,331012,77,371706
21522,0.084054,172.31.40.0-255,66,331078,77,371706
21523,0.086129,172.217.194.0-255,5738,336816,77,371706
21524,0.086134,172.31.40.0-255,66,336882,77,371706
21525,0.088176,172.217.194.0-255,5738,342620,77,371706
21526,0.088183,172.31.40.0-255,66,342686,77,371706
21527,0.090264,172.217.194.0-255,5738,348424,77,371706
21528,0.090271,172.31.40.0-255,66,348490,77,371706
21529,0.09232,172.217.194.0-255,5738,354228,77,371706
21530,0.092326,172.31.40.0-255,66,354294,77,371706
21531,0.094391,172.217.194.0-255,5738,360032,77,371706
21532,0.094398,172.31.40.0-255,66,360098,77,371706
21533,0.096435,172.217.194.0-255,5738,365836,77,371706
21534,0.09644,172.31.40.0-255,66,365902,77,371706
21535,0.098532,172.217.194.0-255,5738,371640,77,371706
21536,0.098538,172.31.40.0-255,66,371706,77,371706
21537,0.0,74.125.200.0-255,153,153,77,378111
21538,2.3e-05,172.31.40.0-255,66,219,77,378111
21539,3.1e-05,74.125.200.0-255,1484,1703,77,378111
21540,3.5e-05,172.31.40.0-255,66,1769,77,378111
21541,3.8e-05,74.125.200.0-255,1484,3253,77,378111
21542,4.1e-05,172.31.40.0-255,66,3319,77,378111
21543,8.2e-05,74.125.200.0-255,1484,4803,77,378111
21544,8.5e-05,172.31.40.0-255,66,4869,77,378111
21545,9.3e-05,74.125.200.0-255,5738,10607,77,378111
21546,9.5e-05,172.31.40.0-255,66,10673,77,378111
21547,0.000104,74.125.200.0-255,1484,12157,77,378111
21548,0.000106,172.31.40.0-255,66,12223,77,378111
21549,0.000131,74.125.200.0-255,2077,14300,77,378111
21550,0.000134,172.31.40.0-255,66,14366,77,378111
21551,0.000278,74.125.200.0-255,1484,15850,77,378111
21552,0.000283,172.31.40.0-255,66,15916,77,378111
21553,0.000314,74.125.200.0-255,2902,18818,77,378111
21554,0.000317,172.31.40.0-255,66,18884,77,378111
21555,0.00032,74.125.200.0-255,1484,20368,77,378111
21556,0.000322,172.31.40.0-255,66,20434,77,378111
21557,0.000348,74.125.200.0-255,4320,24754,77,378111
21558,0.00035,172.31.40.0-255,66,24820,77,378111
21559,0.000366,74.125.200.0-255,1484,26304,77,378111
21560,0.000372,172.31.40.0-255,66,26370,77,378111
21561,0.000377,74.125.200.0-255,2902,29272,77,378111
21562,0.000379,172.31.40.0-255,66,29338,77,378111
21563,0.0004,74.125.200.0-255,2543,31881,77,378111
21564,0.000407,172.31.40.0-255,66,31947,77,378111
21565,0.000411,74.125.200.0-255,2902,34849,77,378111
21566,0.000413,172.31.40.0-255,66,34915,77,378111
21567,0.000437,74.125.200.0-255,2902,37817,77,378111
21568,0.000443,172.31.40.0-255,66,37883,77,378111
21569,0.000446,74.125.200.0-255,1484,39367,77,378111
21570,0.000473,74.125.200.0-255,2902,42269,77,378111
21571,0.000475,172.31.40.0-255,66,42335,77,378111
21572,0.000496,74.125.200.0-255,5738,48073,77,378111
21573,0.000498,172.31.40.0-255,66,48139,77,378111
21574,0.000503,74.125.200.0-255,2902,51041,77,378111
21575,0.000505,172.31.40.0-255,66,51107,77,378111
21576,0.000529,74.125.200.0-255,2902,54009,77,378111
21577,0.000532,172.31.40.0-255,66,54075,77,378111
21578,0.000566,74.125.200.0-255,5738,59813,77,378111
21579,0.000569,172.31.40.0-255,66,59879,77,378111
21580,0.000598,74.125.200.0-255,6438,66317,77,378111
21581,0.000601,172.31.40.0-255,66,66383,77,378111
21582,0.000603,74.125.200.0-255,359,66742,77,378111
21583,0.000744,74.125.200.0-255,383,67125,77,378111
21584,0.000787,74.125.200.0-255,1484,68609,77,378111
21585,0.000791,172.31.40.0-255,66,68675,77,378111
21586,0.000838,74.125.200.0-255,2902,71577,77,378111
21587,0.000841,172.31.40.0-255,66,71643,77,378111
21588,0.000848,74.125.200.0-255,5738,77381,77,378111
21589,0.00085,172.31.40.0-255,66,77447,77,378111
21590,0.000861,74.125.200.0-255,7156,84603,77,378111
21591,0.000863,172.31.40.0-255,66,84669,77,378111
21592,0.000903,74.125.200.0-255,8574,93243,77,378111
21593,0.000906,172.31.40.0-255,66,93309,77,378111
21594,0.000956,74.125.200.0-255,7856,101165,77,378111
21595,0.00096,172.31.40.0-255,66,101231,77,378111
21596,0.002016,74.125.200.0-255,1484,102715,77,378111
21597,0.002027,74.125.200.0-255,2902,105617,77,378111
21598,0.002032,172.31.40.0-255,66,105683,77,378111
21599,0.00204,74.125.200.0-255,5738,111421,77,378111
21600,0.002042,172.31.40.0-255,66,111487,77,378111
21601,0.002051,74.125.200.0-255,2902,114389,77,378111
21602,0.002053,172.31.40.0-255,66,114455,77,378111
21603,0.002085,74.125.200.0-255,7156,121611,77,378111
21604,0.002088,172.31.40.0-255,66,121677,77,378111
21605,0.002112,74.125.200.0-255,2902,124579,77,378111
21606,0.002115,172.31.40.0-255,66,124645,77,378111
21607,0.002119,74.125.200.0-255,1484,126129,77,378111
21608,0.002129,74.125.200.0-255,2902,129031,77,378111
21609,0.002131,172.31.40.0-255,66,129097,77,378111
21610,0.002138,74.125.200.0-255,4320,133417,77,378111
21611,0.00214,172.31.40.0-255,66,133483,77,378111
21612,0.002169,74.125.200.0-255,1484,134967,77,378111
21613,0.002173,74.125.200.0-255,766,135733,77,378111
21614,0.002179,172.31.40.0-255,66,135799,77,378111
21615,0.004476,74.125.200.0-255,2902,138701,77,378111
21616,0.004486,172.31.40.0-255,66,138767,77,378111
21617,0.004503,74.125.200.0-255,1484,140251,77,378111
21618,0.004518,74.125.200.0-255,1484,141735,77,378111
21619,0.00452,172.31.40.0-255,66,141801,77,378111
21620,0.006822,74.125.200.0-255,2902,144703,77,378111
21621,0.00683,172.31.40.0-255,66,144769,77,378111
21622,0.006864,74.125.200.0-255,2902,147671,77,378111
21623,0.006866,172.31.40.0-255,66,147737,77,378111
21624,0.009154,74.125.200.0-255,1484,149221,77,378111
21625,0.009171,74.125.200.0-255,1484,150705,77,378111
21626,0.009176,172.31.40.0-255,66,150771,77,378111
21627,0.009211,74.125.200.0-255,2902,153673,77,378111
21628,0.009213,172.31.40.0-255,66,153739,77,378111
21629,0.011509,74.125.200.0-255,2902,156641,77,378111
21630,0.011522,172.31.40.0-255,66,156707,77,378111
21631,0.011555,74.125.200.0-255,2902,159609,77,378111
21632,0.011558,172.31.40.0-255,66,159675,77,378111
21633,0.01385,74.125.200.0-255,2902,162577,77,378111
21634,0.013861,172.31.40.0-255,66,162643,77,378111
21635,0.013895,74.125.200.0-255,2902,165545,77,378111
21636,0.013898,172.31.40.0-255,66,165611,77,378111
21637,0.0162,74.125.200.0-255,2902,168513,77,378111
21638,0.016215,172.31.40.0-255,66,168579,77,378111
21639,0.01625,74.125.200.0-255,2902,171481,77,378111
21640,0.016253,172.31.40.0-255,66,171547,77,378111
21641,0.018543,74.125.200.0-255,2902,174449,77,378111
21642,0.018556,172.31.40.0-255,66,174515,77,378111
21643,0.018589,74.125.200.0-255,2902,177417,77,378111
21644,0.018592,172.31.40.0-255,66,177483,77,378111
21645,0.020878,74.125.200.0-255,2902,180385,77,378111
21646,0.020888,172.31.40.0-255,66,180451,77,378111
21647,0.020923,74.125.200.0-255,2902,183353,77,378111
21648,0.020926,172.31.40.0-255,66,183419,77,378111
21649,0.023218,74.125.200.0-255,2902,186321,77,378111
21650,0.023229,172.31.40.0-255,66,186387,77,378111
21651,0.023248,74.125.200.0-255,2902,189289,77,378111
21652,0.023256,172.31.40.0-255,66,189355,77,378111
21653,0.025577,74.125.200.0-255,4320,193675,77,378111
21654,0.025586,172.31.40.0-255,66,193741,77,378111
21655,0.025617,74.125.200.0-255,1484,195225,77,378111
21656,0.027921,74.125.200.0-255,4320,199545,77,378111
21657,0.027929,172.31.40.0-255,66,199611,77,378111
21658,0.028099,172.31.40.0-255,172,199783,77,378111
21659,0.028128,172.31.40.0-255,1120,200903,77,378111
21660,0.028188,172.31.40.0-255,1514,202417,77,378111
21661,0.028209,172.31.40.0-255,1514,203931,77,378111
21662,0.028212,172.31.40.0-255,314,204245,77,378111
21663,0.029668,104.244.42.0-255,66,204311,77,378111
21664,0.029737,104.244.42.0-255,66,204377,77,378111
21665,0.029764,104.244.42.0-255,66,204443,77,378111
21666,0.029784,104.244.42.0-255,66,204509,77,378111
21667,0.030254,74.125.200.0-255,2902,207411,77,378111
21668,0.030259,172.31.40.0-255,66,207477,77,378111
21669,0.03029,74.125.200.0-255,2902,210379,77,378111
21670,0.030292,172.31.40.0-255,66,210445,77,378111
21671,0.030525,104.244.42.0-255,108,210553,77,378111
21672,0.030534,172.31.40.0-255,66,210619,77,378111
21673,0.032592,74.125.200.0-255,2902,213521,77,378111
21674,0.032598,172.31.40.0-255,66,213587,77,378111
21675,0.032629,74.125.200.0-255,2902,216489,77,378111
21676,0.032632,172.31.40.0-255,66,216555,77,378111
21677,0.034925,74.125.200.0-255,2902,219457,77,378111
21678,0.034931,172.31.40.0-255,66,219523,77,378111
21679,0.034964,74.125.200.0-255,2902,222425,77,378111
21680,0.034967,172.31.40.0-255,66,222491,77,378111
21681,0.037268,74.125.200.0-255,2902,225393,77,378111
21682,0.037275,172.31.40.0-255,66,225459,77,378111
21683,0.03733,74.125.200.0-255,2902,228361,77,378111
21684,0.037333,172.31.40.0-255,66,228427,77,378111
21685,0.039609,74.125.200.0-255,2902,231329,77,378111
21686,0.039616,172.31.40.0-255,66,231395,77,378111
21687,0.039647,74.125.200.0-255,2902,234297,77,378111
21688,0.03965,172.31.40.0-255,66,234363,77,378111
21689,0.04195,74.125.200.0-255,4320,238683,77,378111
21690,0.041957,172.31.40.0-255,66,238749,77,378111
21691,0.041977,74.125.200.0-255,1484,240233,77,378111
21692,0.044294,74.125.200.0-255,4320,244553,77,378111
21693,0.044299,172.31.40.0-255,66,244619,77,378111
21694,0.046645,74.125.200.0-255,5738,250357,77,378111
21695,0.046651,172.31.40.0-255,66,250423,77,378111
21696,0.049046,74.125.200.0-255,5738,256161,77,378111
21697,0.049053,172.31.40.0-255,66,256227,77,378111
21698,0.051379,74.125.200.0-255,5738,261965,77,378111
21699,0.051385,172.31.40.0-255,66,262031,77,378111
21700,0.05371,74.125.200.0-255,5738,267769,77,378111
21701,0.053716,172.31.40.0-255,66,267835,77,378111
21702,0.05605,74.125.200.0-255,5738,273573,77,378111
21703,0.056057,172.31.40.0-255,66,273639,77,378111
21704,0.058388,74.125.200.0-255,5738,279377,77,378111
21705,0.058395,172.31.40.0-255,66,279443,77,378111
21706,0.060734,74.125.200.0-255,5738,285181,77,378111
21707,0.060741,172.31.40.0-255,66,285247,77,378111
21708,0.063068,74.125.200.0-255,5738,290985,77,378111
21709,0.063073,172.31.40.0-255,66,291051,77,378111
21710,0.065427,74.125.200.0-255,5738,296789,77,378111
21711,0.065432,172.31.40.0-255,66,296855,77,378111
21712,0.067774,74.125.200.0-255,5738,302593,77,378111
21713,0.06778,172.31.40.0-255,66,302659,77,378111
21714,0.070142,74.125.200.0-255,5738,308397,77,378111
21715,0.070149,172.31.40.0-255,66,308463,77,378111
21716,0.072482,74.125.200.0-255,5738,314201,77,378111
21717,0.072496,172.31.40.0-255,66,314267,77,378111
21718,0.074837,74.125.200.0-255,5738,320005,77,378111
21719,0.074848,172.31.40.0-255,66,320071,77,378111
21720,0.077209,74.125.200.0-255,5738,325809,77,378111
21721,0.07722,172.31.40.0-255,66,325875,77,378111
21722,0.079566,74.125.200.0-255,5738,331613,77,378111
21723,0.079574,172.31.40.0-255,66,331679,77,378111
21724,0.081913,74.125.200.0-255,5738,337417,77,378111
21725,0.081923,172.31.40.0-255,66,337483,77,378111
21726,0.084249,74.125.200.0-255,5738,343221,77,378111
21727,0.084257,172.31.40.0-255,66,343287,77,378111
21728,0.086588,74.125.200.0-255,5738,349025,77,378111
21729,0.086595,172.31.40.0-255,66,349091,77,378111
21730,0.088929,74.125.200.0-255,5738,354829,77,378111
21731,0.088939,172.31.40.0-255,66,354895,77,378111
21732,0.091269,74.125.200.0-255,5738,360633,77,378111
21733,0.09128,172.31.40.0-255,66,360699,77,378111
21734,0.093611,74.125.200.0-255,5738,366437,77,378111
21735,0.09362,172.31.40.0-255,66,366503,77,378111
21736,0.095964,74.125.200.0-255,5738,372241,77,378111
21737,0.095977,172.31.40.0-255,66,372307,77,378111
21738,0.098325,74.125.200.0-255,5738,378045,77,378111
21739,0.098337,172.31.40.0-255,66,378111,77,378111
21740,0.0,172.31.40.0-255,105,105,77,459
21741,0.000264,172.31.40.0-255,90,195,77,459
21742,0.000275,172.31.40.0-255,66,261,77,459
21743,0.002284,172.217.194.0-255,66,327,77,459
21744,0.002312,172.217.194.0-255,66,393,77,459
21745,0.002333,172.31.40.0-255,66,459,77,459
21746,0.0,172.217.194.0-255,153,153,77,325380
21747,1.3e-05,172.31.40.0-255,66,219,77,325380
21748,2e-05,172.217.194.0-255,1484,1703,77,325380
21749,2.4e-05,172.31.40.0-255,66,1769,77,325380
21750,2.9e-05,172.217.194.0-255,2902,4671,77,325380
21751,3.9e-05,172.31.40.0-255,66,4737,77,325380
21752,4.7e-05,172.217.194.0-255,7156,11893,77,325380
21753,5e-05,172.31.40.0-255,66,11959,77,325380
21754,5.4e-05,172.217.194.0-255,2023,13982,77,325380
21755,5.6e-05,172.31.40.0-255,66,14048,77,325380
21756,9.4e-05,172.217.194.0-255,11410,25458,77,325380
21757,9.7e-05,172.31.40.0-255,66,25524,77,325380
21758,0.000103,172.217.194.0-255,5379,30903,77,325380
21759,0.000105,172.31.40.0-255,66,30969,77,325380
21760,0.000171,172.217.194.0-255,1484,32453,77,325380
21761,0.000174,172.31.40.0-255,66,32519,77,325380
21762,0.000178,172.217.194.0-255,2902,35421,77,325380
21763,0.00018,172.31.40.0-255,66,35487,77,325380
21764,0.000216,172.217.194.0-255,5738,41225,77,325380
21765,0.000219,172.31.40.0-255,66,41291,77,325380
21766,0.000223,172.217.194.0-255,4320,45611,77,325380
21767,0.000226,172.31.40.0-255,66,45677,77,325380
21768,0.000253,172.217.194.0-255,2902,48579,77,325380
21769,0.000255,172.31.40.0-255,66,48645,77,325380
21770,0.000286,172.217.194.0-255,9633,58278,77,325380
21771,0.000289,172.31.40.0-255,66,58344,77,325380
21772,0.000314,172.217.194.0-255,7049,65393,77,325380
21773,0.000316,172.31.40.0-255,66,65459,77,325380
21774,0.000338,172.217.194.0-255,119,65578,77,325380
21775,0.00034,172.31.40.0-255,66,65644,77,325380
21776,0.00042,172.217.194.0-255,1484,67128,77,325380
21777,0.000423,172.31.40.0-255,66,67194,77,325380
21778,0.000443,172.217.194.0-255,2902,70096,77,325380
21779,0.000445,172.31.40.0-255,66,70162,77,325380
21780,0.000451,172.217.194.0-255,5738,75900,77,325380
21781,0.000453,172.31.40.0-255,66,75966,77,325380
21782,0.000476,172.217.194.0-255,4320,80286,77,325380
21783,0.000479,172.31.40.0-255,66,80352,77,325380
21784,0.0005,172.217.194.0-255,2902,83254,77,325380
21785,0.000502,172.31.40.0-255,66,83320,77,325380
21786,0.000537,172.217.194.0-255,8574,91894,77,325380
21787,0.000539,172.31.40.0-255,66,91960,77,325380
21788,0.000546,172.217.194.0-255,7156,99116,77,325380
21789,0.000548,172.31.40.0-255,66,99182,77,325380
21790,0.00055,172.217.194.0-255,766,99948,77,325380
21791,0.000636,172.217.194.0-255,1484,101432,77,325380
21792,0.000639,172.31.40.0-255,66,101498,77,325380
21793,0.000644,172.217.194.0-255,2902,104400,77,325380
21794,0.000646,172.31.40.0-255,66,104466,77,325380
21795,0.00065,172.217.194.0-255,2902,107368,77,325380
21796,0.000651,172.31.40.0-255,66,107434,77,325380
21797,0.000676,172.217.194.0-255,2902,110336,77,325380
21798,0.000678,172.31.40.0-255,66,110402,77,325380
21799,0.000683,172.217.194.0-255,4320,114722,77,325380
21800,0.000713,172.31.40.0-255,66,114788,77,325380
21801,0.000736,172.217.194.0-255,5100,119888,77,325380
21802,0.000739,172.31.40.0-255,66,119954,77,325380
21803,0.000745,172.217.194.0-255,5738,125692,77,325380
21804,0.000747,172.31.40.0-255,66,125758,77,325380
21805,0.000804,172.217.194.0-255,11410,137168,77,325380
21806,0.000808,172.31.40.0-255,66,137234,77,325380
21807,0.000841,172.217.194.0-255,12828,150062,77,325380
21808,0.000845,172.31.40.0-255,66,150128,77,325380
21809,0.000867,172.217.194.0-255,766,150894,77,325380
21810,0.00097,172.217.194.0-255,1484,152378,77,325380
21811,0.000973,172.31.40.0-255,66,152444,77,325380
21812,0.000978,172.217.194.0-255,2902,155346,77,325380
21813,0.00098,172.31.40.0-255,66,155412,77,325380
21814,0.001018,172.217.194.0-255,5738,161150,77,325380
21815,0.00102,172.31.40.0-255,66,161216,77,325380
21816,0.001026,172.217.194.0-255,4320,165536,77,325380
21817,0.001027,172.31.40.0-255,66,165602,77,325380
21818,0.001062,172.217.194.0-255,11410,177012,77,325380
21819,0.001065,172.31.40.0-255,66,177078,77,325380
21820,0.001094,172.217.194.0-255,7856,184934,77,325380
21821,0.001099,172.31.40.0-255,66,185000,77,325380
21822,0.001271,172.217.194.0-255,1484,186484,77,325380
21823,0.001291,172.217.194.0-255,2902,189386,77,325380
21824,0.001295,172.31.40.0-255,66,189452,77,325380
21825,0.001302,172.217.194.0-255,4320,193772,77,325380
21826,0.001303,172.31.40.0-255,66,193838,77,325380
21827,0.001323,172.217.194.0-255,1484,195322,77,325380
21828,0.001327,172.217.194.0-255,1484,196806,77,325380
21829,0.001333,172.31.40.0-255,66,196872,77,325380
21830,0.001371,172.217.194.0-255,11410,208282,77,325380
21831,0.001374,172.31.40.0-255,66,208348,77,325380
21832,0.001387,172.217.194.0-255,13528,221876,77,325380
21833,0.00139,172.31.40.0-255,66,221942,77,325380
21834,0.001401,172.217.194.0-255,12828,234770,77,325380
21835,0.001403,172.31.40.0-255,66,234836,77,325380
21836,0.001456,172.31.40.0-255,66,234902,77,325380
21837,0.001471,172.217.194.0-255,3602,238504,77,325380
21838,0.001474,172.31.40.0-255,66,238570,77,325380
21839,0.001487,172.217.194.0-255,8574,247144,77,325380
21840,0.001489,172.31.40.0-255,66,247210,77,325380
21841,0.001534,172.217.194.0-255,9992,257202,77,325380
21842,0.001538,172.31.40.0-255,66,257268,77,325380
21843,0.001548,172.217.194.0-255,12828,270096,77,325380
21844,0.001551,172.31.40.0-255,66,270162,77,325380
21845,0.001563,172.217.194.0-255,7856,278018,77,325380
21846,0.001567,172.31.40.0-255,66,278084,77,325380
21847,0.001576,172.217.194.0-255,8574,286658,77,325380
21848,0.001578,172.31.40.0-255,66,286724,77,325380
21849,0.001621,172.217.194.0-255,11410,298134,77,325380
21850,0.001624,172.31.40.0-255,66,298200,77,325380
21851,0.001656,172.217.194.0-255,7156,305356,77,325380
21852,0.001659,172.31.40.0-255,66,305422,77,325380
21853,0.001668,172.217.194.0-255,3602,309024,77,325380
21854,0.001671,172.31.40.0-255,66,309090,77,325380
21855,0.001692,172.31.40.0-255,66,309156,77,325380
21856,0.001698,172.217.194.0-255,6438,315594,77,325380
21857,0.001701,172.31.40.0-255,66,315660,77,325380
21858,0.00178,172.31.40.0-255,66,315726,77,325380
21859,0.001805,172.31.40.0-255,66,315792,77,325380
21860,0.001808,172.217.194.0-255,105,315897,77,325380
21861,0.011812,172.31.40.0-255,66,315963,77,325380
21862,0.011851,172.31.40.0-255,105,316068,77,325380
21863,0.014391,172.217.194.0-255,66,316134,77,325380
21864,0.039554,172.31.40.0-255,172,316306,77,325380
21865,0.039588,172.31.40.0-255,1119,317425,77,325380
21866,0.039656,172.31.40.0-255,1514,318939,77,325380
21867,0.039658,172.31.40.0-255,1514,320453,77,325380
21868,0.039681,172.31.40.0-255,1514,321967,77,325380
21869,0.039682,172.31.40.0-255,1514,323481,77,325380
21870,0.039691,172.31.40.0-255,1514,324995,77,325380
21871,0.039692,172.31.40.0-255,121,325116,77,325380
21872,0.041074,104.244.42.0-255,66,325182,77,325380
21873,0.041103,104.244.42.0-255,66,325248,77,325380
21874,0.041285,104.244.42.0-255,66,325314,77,325380
21875,0.041292,104.244.42.0-255,66,325380,77,325380
21876,0.0,74.125.200.0-255,153,153,77,419059
21877,2.5e-05,172.31.40.0-255,66,219,77,419059
21878,3.2e-05,74.125.200.0-255,1484,1703,77,419059
21879,3.7e-05,172.31.40.0-255,66,1769,77,419059
21880,4.3e-05,74.125.200.0-255,2902,4671,77,419059
21881,5.3e-05,172.31.40.0-255,66,4737,77,419059
21882,5.6e-05,74.125.200.0-255,1484,6221,77,419059
21883,5.9e-05,172.31.40.0-255,66,6287,77,419059
21884,6.4e-05,74.125.200.0-255,2902,9189,77,419059
21885,6.7e-05,172.31.40.0-255,66,9255,77,419059
21886,0.000104,74.125.200.0-255,4840,14095,77,419059
21887,0.000108,172.31.40.0-255,66,14161,77,419059
21888,0.000205,74.125.200.0-255,1484,15645,77,419059
21889,0.000209,172.31.40.0-255,66,15711,77,419059
21890,0.000228,74.125.200.0-255,2902,18613,77,419059
21891,0.00023,172.31.40.0-255,66,18679,77,419059
21892,0.000233,74.125.200.0-255,1484,20163,77,419059
21893,0.000236,172.31.40.0-255,66,20229,77,419059
21894,0.00027,74.125.200.0-255,2902,23131,77,419059
21895,0.000273,172.31.40.0-255,66,23197,77,419059
21896,0.000279,74.125.200.0-255,5738,28935,77,419059
21897,0.000281,172.31.40.0-255,66,29001,77,419059
21898,0.000301,74.125.200.0-255,7156,36157,77,419059
21899,0.000304,172.31.40.0-255,66,36223,77,419059
21900,0.000329,74.125.200.0-255,2543,38766,77,419059
21901,0.000331,172.31.40.0-255,66,38832,77,419059
21902,0.00034,74.125.200.0-255,9992,48824,77,419059
21903,0.000343,172.31.40.0-255,66,48890,77,419059
21904,0.000352,74.125.200.0-255,8574,57464,77,419059
21905,0.000357,172.31.40.0-255,66,57530,77,419059
21906,0.000379,74.125.200.0-255,2902,60432,77,419059
21907,0.000382,172.31.40.0-255,66,60498,77,419059
21908,0.000393,74.125.200.0-255,5396,65894,77,419059
21909,0.000395,172.31.40.0-255,66,65960,77,419059
21910,0.000578,74.125.200.0-255,332,66292,77,419059
21911,0.000911,74.125.200.0-255,1484,67776,77,419059
21912,0.000917,172.31.40.0-255,66,67842,77,419059
21913,0.000923,74.125.200.0-255,2902,70744,77,419059
21914,0.000925,172.31.40.0-255,66,70810,77,419059
21915,0.000952,74.125.200.0-255,5738,76548,77,419059
21916,0.000955,172.31.40.0-255,66,76614,77,419059
21917,0.000959,74.125.200.0-255,2902,79516,77,419059
21918,0.000961,172.31.40.0-255,66,79582,77,419059
21919,0.000995,74.125.200.0-255,9992,89574,77,419059
21920,0.001002,74.125.200.0-255,7156,96730,77,419059
21921,0.001006,172.31.40.0-255,66,96796,77,419059
21922,0.001009,172.31.40.0-255,66,96862,77,419059
21923,0.001033,74.125.200.0-255,3602,100464,77,419059
21924,0.001036,172.31.40.0-255,66,100530,77,419059
21925,0.001236,74.125.200.0-255,1484,102014,77,419059
21926,0.001253,74.125.200.0-255,1484,103498,77,419059
21927,0.001257,172.31.40.0-255,66,103564,77,419059
21928,0.001289,74.125.200.0-255,1484,105048,77,419059
21929,0.001294,74.125.200.0-255,4320,109368,77,419059
21930,0.001297,172.31.40.0-255,66,109434,77,419059
21931,0.001305,74.125.200.0-255,8574,118008,77,419059
21932,0.001307,172.31.40.0-255,66,118074,77,419059
21933,0.001321,74.125.200.0-255,8574,126648,77,419059
21934,0.001323,172.31.40.0-255,66,126714,77,419059
21935,0.001358,74.125.200.0-255,1484,128198,77,419059
21936,0.001383,74.125.200.0-255,6438,134636,77,419059
21937,0.001387,172.31.40.0-255,66,134702,77,419059
21938,0.001392,74.125.200.0-255,4320,139022,77,419059
21939,0.001395,172.31.40.0-255,66,139088,77,419059
21940,0.001416,74.125.200.0-255,4320,143408,77,419059
21941,0.001423,172.31.40.0-255,66,143474,77,419059
21942,0.001428,74.125.200.0-255,4320,147794,77,419059
21943,0.001431,172.31.40.0-255,66,147860,77,419059
21944,0.001466,74.125.200.0-255,5738,153598,77,419059
21945,0.001469,172.31.40.0-255,66,153664,77,419059
21946,0.001479,74.125.200.0-255,9992,163656,77,419059
21947,0.001481,172.31.40.0-255,66,163722,77,419059
21948,0.001501,74.125.200.0-255,4320,168042,77,419059
21949,0.001504,172.31.40.0-255,66,168108,77,419059
21950,0.001506,74.125.200.0-255,766,168874,77,419059
21951,0.001527,74.125.200.0-255,1484,170358,77,419059
21952,0.00153,172.31.40.0-255,66,170424,77,419059
21953,0.001535,74.125.200.0-255,4320,174744,77,419059
21954,0.001538,172.31.40.0-255,66,174810,77,419059
21955,0.001565,74.125.200.0-255,4320,179130,77,419059
21956,0.001568,172.31.40.0-255,66,179196,77,419059
21957,0.001603,74.125.200.0-255,4320,183516,77,419059
21958,0.001613,74.125.200.0-255,9992,193508,77,419059
21959,0.001618,74.125.200.0-255,5738,199246,77,419059
21960,0.001622,172.31.40.0-255,66,199312,77,419059
21961,0.001626,172.31.40.0-255,66,199378,77,419059
21962,0.001633,172.31.40.0-255,66,199444,77,419059
21963,0.001642,74.125.200.0-255,3602,203046,77,419059
21964,0.001645,172.31.40.0-255,66,203112,77,419059
21965,0.001704,74.125.200.0-255,1484,204596,77,419059
21966,0.001716,74.125.200.0-255,1484,206080,77,419059
21967,0.001719,172.31.40.0-255,66,206146,77,419059
21968,0.001724,74.125.200.0-255,2902,209048,77,419059
21969,0.001727,172.31.40.0-255,66,209114,77,419059
21970,0.001751,74.125.200.0-255,2902,212016,77,419059
21971,0.001753,172.31.40.0-255,66,212082,77,419059
21972,0.001783,74.125.200.0-255,2902,214984,77,419059
21973,0.001786,172.31.40.0-255,66,215050,77,419059
21974,0.001794,74.125.200.0-255,8574,223624,77,419059
21975,0.001796,172.31.40.0-255,66,223690,77,419059
21976,0.00181,74.125.200.0-255,9992,233682,77,419059
21977,0.001812,172.31.40.0-255,66,233748,77,419059
21978,0.001817,74.125.200.0-255,3602,237350,77,419059
21979,0.00182,172.31.40.0-255,66,237416,77,419059
21980,0.001858,74.125.200.0-255,4320,241736,77,419059
21981,0.001861,172.31.40.0-255,66,241802,77,419059
21982,0.00188,74.125.200.0-255,4320,246122,77,419059
21983,0.001883,172.31.40.0-255,66,246188,77,419059
21984,0.001909,74.125.200.0-255,1484,247672,77,419059
21985,0.001925,74.125.200.0-255,11410,259082,77,419059
21986,0.001931,74.125.200.0-255,4320,263402,77,419059
21987,0.001984,74.125.200.0-255,7856,271258,77,419059
21988,0.001988,172.31.40.0-255,66,271324,77,419059
21989,0.002,172.31.40.0-255,66,271390,77,419059
21990,0.002092,74.125.200.0-255,1484,272874,77,419059
21991,0.002109,74.125.200.0-255,2902,275776,77,419059
21992,0.002118,172.31.40.0-255,66,275842,77,419059
21993,0.002132,74.125.200.0-255,4320,280162,77,419059
21994,0.002142,74.125.200.0-255,5738,285900,77,419059
21995,0.002167,74.125.200.0-255,11410,297310,77,419059
21996,0.002172,74.125.200.0-255,2902,300212,77,419059
21997,0.002184,74.125.200.0-255,1484,301696,77,419059
21998,0.002188,172.31.40.0-255,66,301762,77,419059
21999,0.00222,74.125.200.0-255,3602,305364,77,419059
22000,0.002237,172.31.40.0-255,66,305430,77,419059
22001,0.004531,74.125.200.0-255,5738,311168,77,419059
22002,0.004537,172.31.40.0-255,66,311234,77,419059
22003,0.006856,74.125.200.0-255,5738,316972,77,419059
22004,0.006862,172.31.40.0-255,66,317038,77,419059
22005,0.009192,74.125.200.0-255,5738,322776,77,419059
22006,0.009212,172.31.40.0-255,66,322842,77,419059
22007,0.01153,74.125.200.0-255,5738,328580,77,419059
22008,0.011543,172.31.40.0-255,66,328646,77,419059
22009,0.01387,74.125.200.0-255,5738,334384,77,419059
22010,0.013883,172.31.40.0-255,66,334450,77,419059
22011,0.016215,74.125.200.0-255,5738,340188,77,419059
22012,0.016221,172.31.40.0-255,66,340254,77,419059
22013,0.01854,74.125.200.0-255,5738,345992,77,419059
22014,0.018548,172.31.40.0-255,66,346058,77,419059
22015,0.020857,74.125.200.0-255,5738,351796,77,419059
22016,0.020865,172.31.40.0-255,66,351862,77,419059
22017,0.023178,74.125.200.0-255,2902,354764,77,419059
22018,0.023186,172.31.40.0-255,66,354830,77,419059
22019,0.023206,74.125.200.0-255,2902,357732,77,419059
22020,0.023209,172.31.40.0-255,66,357798,77,419059
22021,0.025529,74.125.200.0-255,5738,363536,77,419059
22022,0.025536,172.31.40.0-255,66,363602,77,419059
22023,0.027857,74.125.200.0-255,5738,369340,77,419059
22024,0.027872,172.31.40.0-255,66,369406,77,419059
22025,0.030202,74.125.200.0-255,5738,375144,77,419059
22026,0.030216,172.31.40.0-255,66,375210,77,419059
22027,0.032572,74.125.200.0-255,5738,380948,77,419059
22028,0.032583,172.31.40.0-255,66,381014,77,419059
22029,0.03489,74.125.200.0-255,5738,386752,77,419059
22030,0.034898,172.31.40.0-255,66,386818,77,419059
22031,0.037198,74.125.200.0-255,5738,392556,77,419059
22032,0.037204,172.31.40.0-255,66,392622,77,419059
22033,0.039546,74.125.200.0-255,5738,398360,77,419059
22034,0.039564,172.31.40.0-255,66,398426,77,419059
22035,0.041871,74.125.200.0-255,5738,404164,77,419059
22036,0.041885,172.31.40.0-255,66,404230,77,419059
22037,0.044207,74.125.200.0-255,5738,409968,77,419059
22038,0.044219,172.31.40.0-255,66,410034,77,419059
22039,0.046545,74.125.200.0-255,4509,414543,77,419059
22040,0.046562,172.31.40.0-255,66,414609,77,419059
22041,0.047469,172.31.40.0-255,105,414714,77,419059
22042,0.049743,74.125.200.0-255,66,414780,77,419059
22043,0.064104,172.31.40.0-255,172,414952,77,419059
22044,0.064139,172.31.40.0-255,1120,416072,77,419059
22045,0.064199,172.31.40.0-255,1514,417586,77,419059
22046,0.064201,172.31.40.0-255,1275,418861,77,419059
22047,0.065641,104.244.42.0-255,66,418927,77,419059
22048,0.065698,104.244.42.0-255,66,418993,77,419059
22049,0.065754,104.244.42.0-255,66,419059,77,419059
22050,0.0,172.31.40.0-255,105,105,77,459
22051,0.000361,172.31.40.0-255,90,195,77,459
22052,0.000372,172.31.40.0-255,66,261,77,459
22053,0.002598,74.125.24.0-255,66,327,77,459
22054,0.002641,74.125.24.0-255,66,393,77,459
22055,0.002662,172.31.40.0-255,66,459,77,459
22056,0.0,74.125.68.0-255,153,153,77,419512
22057,2.3e-05,172.31.40.0-255,66,219,77,419512
22058,3e-05,74.125.68.0-255,1484,1703,77,419512
22059,3.4e-05,172.31.40.0-255,66,1769,77,419512
22060,4e-05,74.125.68.0-255,2902,4671,77,419512
22061,5.1e-05,172.31.40.0-255,66,4737,77,419512
22062,5.8e-05,74.125.68.0-255,5738,10475,77,419512
22063,6.1e-05,172.31.40.0-255,66,10541,77,419512
22064,6.7e-05,74.125.68.0-255,3421,13962,77,419512
22065,6.9e-05,172.31.40.0-255,66,14028,77,419512
22066,0.000213,74.125.68.0-255,1484,15512,77,419512
22067,0.000218,172.31.40.0-255,66,15578,77,419512
22068,0.000224,74.125.68.0-255,2902,18480,77,419512
22069,0.000226,172.31.40.0-255,66,18546,77,419512
22070,0.000263,74.125.68.0-255,5738,24284,77,419512
22071,0.000266,172.31.40.0-255,66,24350,77,419512
22072,0.00027,74.125.68.0-255,2902,27252,77,419512
22073,0.000272,172.31.40.0-255,66,27318,77,419512
22074,0.000277,74.125.68.0-255,3961,31279,77,419512
22075,0.000279,172.31.40.0-255,66,31345,77,419512
22076,0.000322,74.125.68.0-255,4320,35665,77,419512
22077,0.000325,172.31.40.0-255,66,35731,77,419512
22078,0.000329,74.125.68.0-255,2902,38633,77,419512
22079,0.000331,172.31.40.0-255,66,38699,77,419512
22080,0.00035,74.125.68.0-255,2902,41601,77,419512
22081,0.000353,172.31.40.0-255,66,41667,77,419512
22082,0.000391,74.125.68.0-255,11410,53077,77,419512
22083,0.000394,172.31.40.0-255,66,53143,77,419512
22084,0.0004,74.125.68.0-255,5738,58881,77,419512
22085,0.000402,172.31.40.0-255,66,58947,77,419512
22086,0.000444,74.125.68.0-255,6438,65385,77,419512
22087,0.000448,172.31.40.0-255,66,65451,77,419512
22088,0.000469,74.125.68.0-255,646,66097,77,419512
22089,0.000645,74.125.68.0-255,1484,67581,77,419512
22090,0.000649,172.31.40.0-255,66,67647,77,419512
22091,0.000668,74.125.68.0-255,2902,70549,77,419512
22092,0.000671,172.31.40.0-255,66,70615,77,419512
22093,0.000697,74.125.68.0-255,2902,73517,77,419512
22094,0.0007,172.31.40.0-255,66,73583,77,419512
22095,0.000729,74.125.68.0-255,4320,77903,77,419512
22096,0.000732,172.31.40.0-255,66,77969,77,419512
22097,0.000739,74.125.68.0-255,5738,83707,77,419512
22098,0.000741,172.31.40.0-255,66,83773,77,419512
22099,0.000768,74.125.68.0-255,2902,86675,77,419512
22100,0.00077,172.31.40.0-255,66,86741,77,419512
22101,0.000776,74.125.68.0-255,4320,91061,77,419512
22102,0.000778,172.31.40.0-255,66,91127,77,419512
22103,0.000812,74.125.68.0-255,5738,96865,77,419512
22104,0.000816,172.31.40.0-255,66,96931,77,419512
22105,0.000821,74.125.68.0-255,3602,100533,77,419512
22106,0.000823,172.31.40.0-255,66,100599,77,419512
22107,0.001098,74.125.68.0-255,1484,102083,77,419512
22108,0.001104,74.125.68.0-255,1484,103567,77,419512
22109,0.001107,172.31.40.0-255,66,103633,77,419512
22110,0.001129,74.125.68.0-255,1484,105117,77,419512
22111,0.001136,74.125.68.0-255,5738,110855,77,419512
22112,0.001138,172.31.40.0-255,66,110921,77,419512
22113,0.001161,74.125.68.0-255,1484,112405,77,419512
22114,0.001173,74.125.68.0-255,1484,113889,77,419512
22115,0.001176,172.31.40.0-255,66,113955,77,419512
22116,0.001181,74.125.68.0-255,2902,116857,77,419512
22117,0.001183,172.31.40.0-255,66,116923,77,419512
22118,0.001198,74.125.68.0-255,1484,118407,77,419512
22119,0.001229,74.125.68.0-255,8574,126981,77,419512
22120,0.001234,74.125.68.0-255,4320,131301,77,419512
22121,0.001263,172.31.40.0-255,66,131367,77,419512
22122,0.001266,172.31.40.0-255,66,131433,77,419512
22123,0.001282,74.125.68.0-255,3602,135035,77,419512
22124,0.001285,172.31.40.0-255,66,135101,77,419512
22125,0.001307,74.125.68.0-255,2902,138003,77,419512
22126,0.001309,172.31.40.0-255,66,138069,77,419512
22127,0.001314,74.125.68.0-255,2902,140971,77,419512
22128,0.001315,172.31.40.0-255,66,141037,77,419512
22129,0.001344,74.125.68.0-255,1484,142521,77,419512
22130,0.001352,74.125.68.0-255,7156,149677,77,419512
22131,0.001356,172.31.40.0-255,66,149743,77,419512
22132,0.001367,74.125.68.0-255,1484,151227,77,419512
22133,0.001391,74.125.68.0-255,4320,155547,77,419512
22134,0.001396,172.31.40.0-255,66,155613,77,419512
22135,0.001424,74.125.68.0-255,5738,161351,77,419512
22136,0.001427,172.31.40.0-255,66,161417,77,419512
22137,0.001459,74.125.68.0-255,7856,169273,77,419512
22138,0.001462,172.31.40.0-255,66,169339,77,419512
22139,0.001594,74.125.68.0-255,1484,170823,77,419512
22140,0.001611,74.125.68.0-255,2902,173725,77,419512
22141,0.001614,172.31.40.0-255,66,173791,77,419512
22142,0.00165,74.125.68.0-255,5738,179529,77,419512
22143,0.001653,172.31.40.0-255,66,179595,77,419512
22144,0.001658,74.125.68.0-255,4320,183915,77,419512
22145,0.00166,172.31.40.0-255,66,183981,77,419512
22146,0.001682,74.125.68.0-255,4320,188301,77,419512
22147,0.001688,172.31.40.0-255,66,188367,77,419512
22148,0.001702,74.125.68.0-255,1484,189851,77,419512
22149,0.001716,74.125.68.0-255,11410,201261,77,419512
22150,0.001719,172.31.40.0-255,66,201327,77,419512
22151,0.001758,74.125.68.0-255,2184,203511,77,419512
22152,0.001761,172.31.40.0-255,66,203577,77,419512
22153,0.001787,74.125.68.0-255,2902,206479,77,419512
22154,0.001789,172.31.40.0-255,66,206545,77,419512
22155,0.001792,74.125.68.0-255,1484,208029,77,419512
22156,0.001819,74.125.68.0-255,2902,210931,77,419512
22157,0.001821,172.31.40.0-255,66,210997,77,419512
22158,0.001828,74.125.68.0-255,5738,216735,77,419512
22159,0.001831,172.31.40.0-255,66,216801,77,419512
22160,0.001851,74.125.68.0-255,1484,218285,77,419512
22161,0.001877,74.125.68.0-255,9992,228277,77,419512
22162,0.001881,172.31.40.0-255,66,228343,77,419512
22163,0.00192,74.125.68.0-255,2902,231245,77,419512
22164,0.001924,172.31.40.0-255,66,231311,77,419512
22165,0.001956,74.125.68.0-255,6438,237749,77,419512
22166,0.00196,172.31.40.0-255,66,237815,77,419512
22167,0.004023,74.125.68.0-255,5738,243553,77,419512
22168,0.00403,172.31.40.0-255,66,243619,77,419512
22169,0.006096,74.125.68.0-255,5738,249357,77,419512
22170,0.0061,172.31.40.0-255,66,249423,77,419512
22171,0.008153,74.125.68.0-255,5738,255161,77,419512
22172,0.00816,172.31.40.0-255,66,255227,77,419512
22173,0.010229,74.125.68.0-255,5738,260965,77,419512
22174,0.010245,172.31.40.0-255,66,261031,77,419512
22175,0.012319,74.125.68.0-255,5738,266769,77,419512
22176,0.012333,172.31.40.0-255,66,266835,77,419512
22177,0.014414,74.125.68.0-255,5738,272573,77,419512
22178,0.014427,172.31.40.0-255,66,272639,77,419512
22179,0.016498,74.125.68.0-255,5738,278377,77,419512
22180,0.016505,172.31.40.0-255,66,278443,77,419512
22181,0.018566,74.125.68.0-255,5738,284181,77,419512
22182,0.018574,172.31.40.0-255,66,284247,77,419512
22183,0.020643,74.125.68.0-255,5738,289985,77,419512
22184,0.020652,172.31.40.0-255,66,290051,77,419512
22185,0.02273,74.125.68.0-255,5738,295789,77,419512
22186,0.022739,172.31.40.0-255,66,295855,77,419512
22187,0.024817,74.125.68.0-255,5738,301593,77,419512
22188,0.024826,172.31.40.0-255,66,301659,77,419512
22189,0.026913,74.125.68.0-255,5738,307397,77,419512
22190,0.026928,172.31.40.0-255,66,307463,77,419512
22191,0.029024,74.125.68.0-255,5738,313201,77,419512
22192,0.029033,172.31.40.0-255,66,313267,77,419512
22193,0.031138,74.125.68.0-255,5738,319005,77,419512
22194,0.031146,172.31.40.0-255,66,319071,77,419512
22195,0.033224,74.125.68.0-255,5738,324809,77,419512
22196,0.033233,172.31.40.0-255,66,324875,77,419512
22197,0.035312,74.125.68.0-255,5738,330613,77,419512
22198,0.035329,172.31.40.0-255,66,330679,77,419512
22199,0.037399,74.125.68.0-255,5738,336417,77,419512
22200,0.037406,172.31.40.0-255,66,336483,77,419512
22201,0.039473,74.125.68.0-255,5738,342221,77,419512
22202,0.039483,172.31.40.0-255,66,342287,77,419512
22203,0.041568,74.125.68.0-255,5738,348025,77,419512
22204,0.041584,172.31.40.0-255,66,348091,77,419512
22205,0.043672,74.125.68.0-255,5738,353829,77,419512
22206,0.043688,172.31.40.0-255,66,353895,77,419512
22207,0.04575,74.125.68.0-255,5738,359633,77,419512
22208,0.045755,172.31.40.0-255,66,359699,77,419512
22209,0.047846,74.125.68.0-255,5738,365437,77,419512
22210,0.047863,172.31.40.0-255,66,365503,77,419512
22211,0.049533,172.31.40.0-255,172,365675,77,419512
22212,0.049573,172.31.40.0-255,1120,366795,77,419512
22213,0.04963,172.31.40.0-255,1514,368309,77,419512
22214,0.049632,172.31.40.0-255,1275,369584,77,419512
22215,0.049938,74.125.68.0-255,5738,375322,77,419512
22216,0.049947,172.31.40.0-255,66,375388,77,419512
22217,0.051092,104.244.42.0-255,66,375454,77,419512
22218,0.051131,104.244.42.0-255,66,375520,77,419512
22219,0.051199,104.244.42.0-255,66,375586,77,419512
22220,0.052002,74.125.68.0-255,5738,381324,77,419512
22221,0.052009,172.31.40.0-255,66,381390,77,419512
22222,0.054093,74.125.68.0-255,5738,387128,77,419512
22223,0.05411,172.31.40.0-255,66,387194,77,419512
22224,0.056189,74.125.68.0-255,5738,392932,77,419512
22225,0.056196,172.31.40.0-255,66,392998,77,419512
22226,0.058266,74.125.68.0-255,5738,398736,77,419512
22227,0.058277,172.31.40.0-255,66,398802,77,419512
22228,0.060366,74.125.68.0-255,5738,404540,77,419512
22229,0.060382,172.31.40.0-255,66,404606,77,419512
22230,0.062457,74.125.68.0-255,5738,410344,77,419512
22231,0.062473,172.31.40.0-255,66,410410,77,419512
22232,0.064555,74.125.68.0-255,5738,416148,77,419512
22233,0.06457,172.31.40.0-255,66,416214,77,419512
22234,0.066646,74.125.68.0-255,3061,419275,77,419512
22235,0.066661,172.31.40.0-255,66,419341,77,419512
22236,0.066927,172.31.40.0-255,105,419446,77,419512
22237,0.06898,74.125.68.0-255,66,419512,77,419512
22238,0.0,172.31.40.0-255,105,105,77,459
22239,0.000247,172.31.40.0-255,90,195,77,459
22240,0.000267,172.31.40.0-255,66,261,77,459
22241,0.00256,172.217.194.0-255,66,327,77,459
22242,0.002591,172.217.194.0-255,66,393,77,459
22243,0.002614,172.31.40.0-255,66,459,77,459
22244,0.0,172.31.40.0-255,66,66,77,66
22245,0.0,172.31.40.0-255,105,105,77,276
22246,0.001502,157.240.13.0-255,105,210,77,276
22247,0.038091,172.31.40.0-255,66,276,77,276
22248,0.0,74.125.24.0-255,152,152,77,360710
22249,2.2e-05,172.31.40.0-255,66,218,77,360710
22250,2.9e-05,74.125.24.0-255,1484,1702,77,360710
22251,3.3e-05,172.31.40.0-255,66,1768,77,360710
22252,3.9e-05,74.125.24.0-255,2902,4670,77,360710
22253,5.3e-05,172.31.40.0-255,66,4736,77,360710
22254,6.1e-05,74.125.24.0-255,7156,11892,77,360710
22255,6.3e-05,172.31.40.0-255,66,11958,77,360710
22256,6.7e-05,74.125.24.0-255,2039,13997,77,360710
22257,6.9e-05,172.31.40.0-255,66,14063,77,360710
22258,0.000107,74.125.24.0-255,8574,22637,77,360710
22259,0.00011,172.31.40.0-255,66,22703,77,360710
22260,0.000127,74.125.24.0-255,2902,25605,77,360710
22261,0.000129,172.31.40.0-255,66,25671,77,360710
22262,0.000136,74.125.24.0-255,5379,31050,77,360710
22263,0.000139,172.31.40.0-255,66,31116,77,360710
22264,0.000193,74.125.24.0-255,1484,32600,77,360710
22265,0.000195,172.31.40.0-255,66,32666,77,360710
22266,0.0002,74.125.24.0-255,2902,35568,77,360710
22267,0.000202,172.31.40.0-255,66,35634,77,360710
22268,0.000205,74.125.24.0-255,1484,37118,77,360710
22269,0.000207,172.31.40.0-255,66,37184,77,360710
22270,0.000235,74.125.24.0-255,4320,41504,77,360710
22271,0.000242,172.31.40.0-255,66,41570,77,360710
22272,0.000247,74.125.24.0-255,4320,45890,77,360710
22273,0.00025,172.31.40.0-255,66,45956,77,360710
22274,0.000275,74.125.24.0-255,2543,48499,77,360710
22275,0.000278,172.31.40.0-255,66,48565,77,360710
22276,0.000466,74.125.24.0-255,1484,50049,77,360710
22277,0.000471,172.31.40.0-255,66,50115,77,360710
22278,0.000477,74.125.24.0-255,2902,53017,77,360710
22279,0.000479,172.31.40.0-255,66,53083,77,360710
22280,0.000518,74.125.24.0-255,5738,58821,77,360710
22281,0.000528,74.125.24.0-255,6797,65618,77,360710
22282,0.000582,74.125.24.0-255,1484,67102,77,360710
22283,0.000589,74.125.24.0-255,2902,70004,77,360710
22284,0.000604,74.125.24.0-255,2902,72906,77,360710
22285,0.000615,74.125.24.0-255,2902,75808,77,360710
22286,0.00063,74.125.24.0-255,6797,82605,77,360710
22287,0.000772,172.31.40.0-255,66,82671,77,360710
22288,0.001219,74.125.24.0-255,1484,84155,77,360710
22289,0.001225,74.125.24.0-255,1484,85639,77,360710
22290,0.001229,172.31.40.0-255,66,85705,77,360710
22291,0.00126,74.125.24.0-255,1484,87189,77,360710
22292,0.001267,74.125.24.0-255,5738,92927,77,360710
22293,0.001276,74.125.24.0-255,9992,102919,77,360710
22294,0.001293,172.31.40.0-255,66,102985,77,360710
22295,0.001303,74.125.24.0-255,2902,105887,77,360710
22296,0.001311,74.125.24.0-255,9992,115879,77,360710
22297,0.001317,74.125.24.0-255,766,116645,77,360710
22298,0.001324,172.31.40.0-255,66,116711,77,360710
22299,0.002072,74.125.24.0-255,1484,118195,77,360710
22300,0.002083,74.125.24.0-255,2902,121097,77,360710
22301,0.002087,172.31.40.0-255,66,121163,77,360710
22302,0.002095,74.125.24.0-255,5738,126901,77,360710
22303,0.002122,74.125.24.0-255,7156,134057,77,360710
22304,0.002142,74.125.24.0-255,5738,139795,77,360710
22305,0.002148,74.125.24.0-255,4320,144115,77,360710
22306,0.002172,74.125.24.0-255,6438,150553,77,360710
22307,0.004674,172.31.40.0-255,66,150619,77,360710
22308,0.004844,172.31.40.0-255,101,150720,77,360710
22309,0.007235,74.125.24.0-255,5738,156458,77,360710
22310,0.007241,172.31.40.0-255,66,156524,77,360710
22311,0.007386,74.125.24.0-255,66,156590,77,360710
22312,0.009819,74.125.24.0-255,5738,162328,77,360710
22313,0.009828,172.31.40.0-255,66,162394,77,360710
22314,0.012404,74.125.24.0-255,5738,168132,77,360710
22315,0.012414,172.31.40.0-255,66,168198,77,360710
22316,0.015008,74.125.24.0-255,5738,173936,77,360710
22317,0.015172,172.31.40.0-255,66,174002,77,360710
22318,0.017738,74.125.24.0-255,5738,179740,77,360710
22319,0.017752,172.31.40.0-255,66,179806,77,360710
22320,0.020331,74.125.24.0-255,5738,185544,77,360710
22321,0.020343,172.31.40.0-255,66,185610,77,360710
22322,0.022907,74.125.24.0-255,5738,191348,77,360710
22323,0.022915,172.31.40.0-255,66,191414,77,360710
22324,0.025488,74.125.24.0-255,5738,197152,77,360710
22325,0.025496,172.31.40.0-255,66,197218,77,360710
22326,0.028058,74.125.24.0-255,5738,202956,77,360710
22327,0.028065,172.31.40.0-255,66,203022,77,360710
22328,0.030649,74.125.24.0-255,5738,208760,77,360710
22329,0.030656,172.31.40.0-255,66,208826,77,360710
22330,0.032346,172.31.40.0-255,172,208998,77,360710
22331,0.032378,172.31.40.0-255,1116,210114,77,360710
22332,0.032433,172.31.40.0-255,1514,211628,77,360710
22333,0.032434,172.31.40.0-255,1514,213142,77,360710
22334,0.032435,172.31.40.0-255,1514,214656,77,360710
22335,0.032436,172.31.40.0-255,1514,216170,77,360710
22336,0.032437,172.31.40.0-255,528,216698,77,360710
22337,0.033261,74.125.24.0-255,5738,222436,77,360710
22338,0.033266,172.31.40.0-255,66,222502,77,360710
22339,0.033923,104.244.42.0-255,66,222568,77,360710
22340,0.03393,104.244.42.0-255,66,222634,77,360710
22341,0.034012,104.244.42.0-255,66,222700,77,360710
22342,0.034015,104.244.42.0-255,66,222766,77,360710
22343,0.035852,74.125.24.0-255,5738,228504,77,360710
22344,0.035863,172.31.40.0-255,66,228570,77,360710
22345,0.038425,74.125.24.0-255,5738,234308,77,360710
22346,0.038432,172.31.40.0-255,66,234374,77,360710
22347,0.040992,74.125.24.0-255,5738,240112,77,360710
22348,0.040999,172.31.40.0-255,66,240178,77,360710
22349,0.043569,74.125.24.0-255,5738,245916,77,360710
22350,0.043575,172.31.40.0-255,66,245982,77,360710
22351,0.046157,74.125.24.0-255,5738,251720,77,360710
22352,0.046164,172.31.40.0-255,66,251786,77,360710
22353,0.048736,74.125.24.0-255,4320,256106,77,360710
22354,0.048742,172.31.40.0-255,66,256172,77,360710
22355,0.048759,74.125.24.0-255,1484,257656,77,360710
22356,0.051323,74.125.24.0-255,4320,261976,77,360710
22357,0.051338,172.31.40.0-255,66,262042,77,360710
22358,0.053916,74.125.24.0-255,5738,267780,77,360710
22359,0.056672,172.31.40.0-255,66,267846,77,360710
22360,0.059286,74.125.24.0-255,5738,273584,77,360710
22361,0.059302,172.31.40.0-255,66,273650,77,360710
22362,0.061885,74.125.24.0-255,5738,279388,77,360710
22363,0.061904,172.31.40.0-255,66,279454,77,360710
22364,0.064506,74.125.24.0-255,5738,285192,77,360710
22365,0.064525,172.31.40.0-255,66,285258,77,360710
22366,0.067148,74.125.24.0-255,5738,290996,77,360710
22367,0.067166,172.31.40.0-255,66,291062,77,360710
22368,0.069725,74.125.24.0-255,5738,296800,77,360710
22369,0.069739,172.31.40.0-255,66,296866,77,360710
22370,0.07234,74.125.24.0-255,5738,302604,77,360710
22371,0.072346,172.31.40.0-255,66,302670,77,360710
22372,0.074921,74.125.24.0-255,5738,308408,77,360710
22373,0.074938,172.31.40.0-255,66,308474,77,360710
22374,0.077554,74.125.24.0-255,5738,314212,77,360710
22375,0.077571,172.31.40.0-255,66,314278,77,360710
22376,0.080136,74.125.24.0-255,5738,320016,77,360710
22377,0.080143,172.31.40.0-255,66,320082,77,360710
22378,0.082714,74.125.24.0-255,5738,325820,77,360710
22379,0.082721,172.31.40.0-255,66,325886,77,360710
22380,0.0853,74.125.24.0-255,5738,331624,77,360710
22381,0.085307,172.31.40.0-255,66,331690,77,360710
22382,0.087869,74.125.24.0-255,5738,337428,77,360710
22383,0.087876,172.31.40.0-255,66,337494,77,360710
22384,0.090452,74.125.24.0-255,5738,343232,77,360710
22385,0.090459,172.31.40.0-255,66,343298,77,360710
22386,0.09304,74.125.24.0-255,5738,349036,77,360710
22387,0.09305,172.31.40.0-255,66,349102,77,360710
22388,0.095639,74.125.24.0-255,5738,354840,77,360710
22389,0.095645,172.31.40.0-255,66,354906,77,360710
22390,0.098206,74.125.24.0-255,5738,360644,77,360710
22391,0.098213,172.31.40.0-255,66,360710,77,360710
22392,0.0,74.125.24.0-255,153,153,77,419944
22393,2.9e-05,172.31.40.0-255,66,219,77,419944
22394,3.6e-05,74.125.24.0-255,1484,1703,77,419944
22395,4e-05,172.31.40.0-255,66,1769,77,419944
22396,5.2e-05,74.125.24.0-255,2902,4671,77,419944
22397,5.5e-05,172.31.40.0-255,66,4737,77,419944
22398,6.2e-05,74.125.24.0-255,7156,11893,77,419944
22399,6.5e-05,172.31.40.0-255,66,11959,77,419944
22400,9.9e-05,74.125.24.0-255,2066,14025,77,419944
22401,0.000102,172.31.40.0-255,66,14091,77,419944
22402,0.000178,74.125.24.0-255,1484,15575,77,419944
22403,0.000181,172.31.40.0-255,66,15641,77,419944
22404,0.000207,74.125.24.0-255,2902,18543,77,419944
22405,0.00021,172.31.40.0-255,66,18609,77,419944
22406,0.000215,74.125.24.0-255,4320,22929,77,419944
22407,0.000217,172.31.40.0-255,66,22995,77,419944
22408,0.000234,74.125.24.0-255,1484,24479,77,419944
22409,0.000236,172.31.40.0-255,66,24545,77,419944
22410,0.000265,74.125.24.0-255,6797,31342,77,419944
22411,0.000268,172.31.40.0-255,66,31408,77,419944
22412,0.000445,74.125.24.0-255,1484,32892,77,419944
22413,0.000449,172.31.40.0-255,66,32958,77,419944
22414,0.000469,74.125.24.0-255,2902,35860,77,419944
22415,0.000472,172.31.40.0-255,66,35926,77,419944
22416,0.000476,74.125.24.0-255,4320,40246,77,419944
22417,0.000478,172.31.40.0-255,66,40312,77,419944
22418,0.000518,74.125.24.0-255,9633,49945,77,419944
22419,0.000521,172.31.40.0-255,66,50011,77,419944
22420,0.000524,74.125.24.0-255,1484,51495,77,419944
22421,0.000525,172.31.40.0-255,66,51561,77,419944
22422,0.000559,74.125.24.0-255,13887,65448,77,419944
22423,0.000562,172.31.40.0-255,66,65514,77,419944
22424,0.000827,74.125.24.0-255,645,66159,77,419944
22425,0.000952,74.125.24.0-255,1484,67643,77,419944
22426,0.000956,172.31.40.0-255,66,67709,77,419944
22427,0.00096,74.125.24.0-255,1484,69193,77,419944
22428,0.00099,74.125.24.0-255,1484,70677,77,419944
22429,0.000993,172.31.40.0-255,66,70743,77,419944
22430,0.000999,74.125.24.0-255,5738,76481,77,419944
22431,0.001001,172.31.40.0-255,66,76547,77,419944
22432,0.001009,74.125.24.0-255,9992,86539,77,419944
22433,0.001015,172.31.40.0-255,66,86605,77,419944
22434,0.001054,74.125.24.0-255,13528,100133,77,419944
22435,0.001056,172.31.40.0-255,66,100199,77,419944
22436,0.001399,74.125.24.0-255,1484,101683,77,419944
22437,0.001406,74.125.24.0-255,2902,104585,77,419944
22438,0.00141,172.31.40.0-255,66,104651,77,419944
22439,0.001443,74.125.24.0-255,5738,110389,77,419944
22440,0.001446,172.31.40.0-255,66,110455,77,419944
22441,0.001455,74.125.24.0-255,8574,119029,77,419944
22442,0.001457,172.31.40.0-255,66,119095,77,419944
22443,0.001479,74.125.24.0-255,4320,123415,77,419944
22444,0.001481,172.31.40.0-255,66,123481,77,419944
22445,0.001491,74.125.24.0-255,10692,134173,77,419944
22446,0.001493,172.31.40.0-255,66,134239,77,419944
22447,0.001498,74.125.24.0-255,2902,137141,77,419944
22448,0.0015,172.31.40.0-255,66,137207,77,419944
22449,0.001517,74.125.24.0-255,8574,145781,77,419944
22450,0.001519,172.31.40.0-255,66,145847,77,419944
22451,0.001552,74.125.24.0-255,11410,157257,77,419944
22452,0.001554,172.31.40.0-255,66,157323,77,419944
22453,0.001615,74.125.24.0-255,10692,168015,77,419944
22454,0.001617,172.31.40.0-255,66,168081,77,419944
22455,0.001646,74.125.24.0-255,1484,169565,77,419944
22456,0.001651,74.125.24.0-255,2902,172467,77,419944
22457,0.001654,172.31.40.0-255,66,172533,77,419944
22458,0.001659,74.125.24.0-255,5738,178271,77,419944
22459,0.001662,172.31.40.0-255,66,178337,77,419944
22460,0.001665,74.125.24.0-255,1484,179821,77,419944
22461,0.001707,74.125.24.0-255,11410,191231,77,419944
22462,0.00171,172.31.40.0-255,66,191297,77,419944
22463,0.00172,74.125.24.0-255,10692,201989,77,419944
22464,0.001723,172.31.40.0-255,66,202055,77,419944
22465,0.004055,74.125.24.0-255,5738,207793,77,419944
22466,0.004063,172.31.40.0-255,66,207859,77,419944
22467,0.006363,74.125.24.0-255,5738,213597,77,419944
22468,0.00637,172.31.40.0-255,66,213663,77,419944
22469,0.008719,74.125.24.0-255,5738,219401,77,419944
22470,0.008726,172.31.40.0-255,66,219467,77,419944
22471,0.011054,74.125.24.0-255,5738,225205,77,419944
22472,0.011061,172.31.40.0-255,66,225271,77,419944
22473,0.013398,74.125.24.0-255,5738,231009,77,419944
22474,0.013405,172.31.40.0-255,66,231075,77,419944
22475,0.015745,74.125.24.0-255,5738,236813,77,419944
22476,0.015752,172.31.40.0-255,66,236879,77,419944
22477,0.018061,74.125.24.0-255,5738,242617,77,419944
22478,0.01807,172.31.40.0-255,66,242683,77,419944
22479,0.020381,74.125.24.0-255,5738,248421,77,419944
22480,0.02039,172.31.40.0-255,66,248487,77,419944
22481,0.022723,74.125.24.0-255,4320,252807,77,419944
22482,0.02273,172.31.40.0-255,66,252873,77,419944
22483,0.022764,74.125.24.0-255,1484,254357,77,419944
22484,0.025052,74.125.24.0-255,4320,258677,77,419944
22485,0.025059,172.31.40.0-255,66,258743,77,419944
22486,0.027436,74.125.24.0-255,5738,264481,77,419944
22487,0.027443,172.31.40.0-255,66,264547,77,419944
22488,0.029783,74.125.24.0-255,5738,270285,77,419944
22489,0.02979,172.31.40.0-255,66,270351,77,419944
22490,0.03213,74.125.24.0-255,5738,276089,77,419944
22491,0.032136,172.31.40.0-255,66,276155,77,419944
22492,0.03444,74.125.24.0-255,5738,281893,77,419944
22493,0.034446,172.31.40.0-255,66,281959,77,419944
22494,0.036793,74.125.24.0-255,5738,287697,77,419944
22495,0.036811,172.31.40.0-255,66,287763,77,419944
22496,0.03916,74.125.24.0-255,5738,293501,77,419944
22497,0.039168,172.31.40.0-255,66,293567,77,419944
22498,0.041498,74.125.24.0-255,5738,299305,77,419944
22499,0.041504,172.31.40.0-255,66,299371,77,419944
22500,0.042453,172.31.40.0-255,172,299543,77,419944
22501,0.042485,172.31.40.0-255,1120,300663,77,419944
22502,0.042548,172.31.40.0-255,1514,302177,77,419944
22503,0.04255,172.31.40.0-255,1376,303553,77,419944
22504,0.043827,74.125.24.0-255,5738,309291,77,419944
22505,0.043835,172.31.40.0-255,66,309357,77,419944
22506,0.043966,104.244.42.0-255,66,309423,77,419944
22507,0.044012,104.244.42.0-255,66,309489,77,419944
22508,0.044124,104.244.42.0-255,66,309555,77,419944
22509,0.046167,74.125.24.0-255,5738,315293,77,419944
22510,0.046186,172.31.40.0-255,66,315359,77,419944
22511,0.048548,74.125.24.0-255,5738,321097,77,419944
22512,0.048565,172.31.40.0-255,66,321163,77,419944
22513,0.050923,74.125.24.0-255,5738,326901,77,419944
22514,0.050942,172.31.40.0-255,66,326967,77,419944
22515,0.053284,74.125.24.0-255,5738,332705,77,419944
22516,0.053291,172.31.40.0-255,66,332771,77,419944
22517,0.055686,74.125.24.0-255,5738,338509,77,419944
22518,0.055704,172.31.40.0-255,66,338575,77,419944
22519,0.058085,74.125.24.0-255,5738,344313,77,419944
22520,0.058099,172.31.40.0-255,66,344379,77,419944
22521,0.06044,74.125.24.0-255,5738,350117,77,419944
22522,0.060458,172.31.40.0-255,66,350183,77,419944
22523,0.062777,74.125.24.0-255,5738,355921,77,419944
22524,0.062799,172.31.40.0-255,66,355987,77,419944
22525,0.065163,74.125.24.0-255,5738,361725,77,419944
22526,0.065182,172.31.40.0-255,66,361791,77,419944
22527,0.067547,74.125.24.0-255,5738,367529,77,419944
22528,0.067565,172.31.40.0-255,66,367595,77,419944
22529,0.069922,74.125.24.0-255,5738,373333,77,419944
22530,0.069933,172.31.40.0-255,66,373399,77,419944
22531,0.072266,74.125.24.0-255,5738,379137,77,419944
22532,0.072282,172.31.40.0-255,66,379203,77,419944
22533,0.074622,74.125.24.0-255,5738,384941,77,419944
22534,0.074637,172.31.40.0-255,66,385007,77,419944
22535,0.076975,74.125.24.0-255,5738,390745,77,419944
22536,0.076992,172.31.40.0-255,66,390811,77,419944
22537,0.079343,74.125.24.0-255,5738,396549,77,419944
22538,0.079358,172.31.40.0-255,66,396615,77,419944
22539,0.081712,74.125.24.0-255,5738,402353,77,419944
22540,0.081728,172.31.40.0-255,66,402419,77,419944
22541,0.08408,74.125.24.0-255,5738,408157,77,419944
22542,0.084093,172.31.40.0-255,66,408223,77,419944
22543,0.086432,74.125.24.0-255,5738,413961,77,419944
22544,0.08645,172.31.40.0-255,66,414027,77,419944
22545,0.088818,74.125.24.0-255,5680,419707,77,419944
22546,0.088836,172.31.40.0-255,66,419773,77,419944
22547,0.089125,172.31.40.0-255,105,419878,77,419944
22548,0.091417,74.125.24.0-255,66,419944,77,419944
22549,0.0,74.125.24.0-255,153,153,77,387862
22550,2.3e-05,172.31.40.0-255,66,219,77,387862
22551,2.9e-05,74.125.24.0-255,1484,1703,77,387862
22552,3.3e-05,172.31.40.0-255,66,1769,77,387862
22553,3.9e-05,74.125.24.0-255,2902,4671,77,387862
22554,5e-05,172.31.40.0-255,66,4737,77,387862
22555,5.6e-05,74.125.24.0-255,7156,11893,77,387862
22556,5.9e-05,172.31.40.0-255,66,11959,77,387862
22557,9.6e-05,74.125.24.0-255,2065,14024,77,387862
22558,9.8e-05,172.31.40.0-255,66,14090,77,387862
22559,0.000103,74.125.24.0-255,2902,16992,77,387862
22560,0.000106,172.31.40.0-255,66,17058,77,387862
22561,0.000143,74.125.24.0-255,7156,24214,77,387862
22562,0.000146,172.31.40.0-255,66,24280,77,387862
22563,0.000177,74.125.24.0-255,6797,31077,77,387862
22564,0.00018,172.31.40.0-255,66,31143,77,387862
22565,0.0003,74.125.24.0-255,1484,32627,77,387862
22566,0.000304,172.31.40.0-255,66,32693,77,387862
22567,0.00031,74.125.24.0-255,2902,35595,77,387862
22568,0.000312,172.31.40.0-255,66,35661,77,387862
22569,0.000333,74.125.24.0-255,1484,37145,77,387862
22570,0.000339,172.31.40.0-255,66,37211,77,387862
22571,0.000344,74.125.24.0-255,2902,40113,77,387862
22572,0.000347,172.31.40.0-255,66,40179,77,387862
22573,0.000352,74.125.24.0-255,4320,44499,77,387862
22574,0.000355,172.31.40.0-255,66,44565,77,387862
22575,0.000376,74.125.24.0-255,1484,46049,77,387862
22576,0.000382,172.31.40.0-255,66,46115,77,387862
22577,0.000417,74.125.24.0-255,9992,56107,77,387862
22578,0.000419,172.31.40.0-255,66,56173,77,387862
22579,0.000456,74.125.24.0-255,1125,57298,77,387862
22580,0.000458,172.31.40.0-255,66,57364,77,387862
22581,0.000467,74.125.24.0-255,8486,65850,77,387862
22582,0.000469,172.31.40.0-255,66,65916,77,387862
22583,0.000522,74.125.24.0-255,135,66051,77,387862
22584,0.000636,74.125.24.0-255,1484,67535,77,387862
22585,0.00064,172.31.40.0-255,66,67601,77,387862
22586,0.000645,74.125.24.0-255,1484,69085,77,387862
22587,0.000667,74.125.24.0-255,1484,70569,77,387862
22588,0.00067,172.31.40.0-255,66,70635,77,387862
22589,0.000676,74.125.24.0-255,4320,74955,77,387862
22590,0.000678,172.31.40.0-255,66,75021,77,387862
22591,0.000719,74.125.24.0-255,1484,76505,77,387862
22592,0.000725,74.125.24.0-255,4320,80825,77,387862
22593,0.000728,172.31.40.0-255,66,80891,77,387862
22594,0.000739,74.125.24.0-255,11410,92301,77,387862
22595,0.000742,172.31.40.0-255,66,92367,77,387862
22596,0.000757,74.125.24.0-255,10692,103059,77,387862
22597,0.000759,172.31.40.0-255,66,103125,77,387862
22598,0.000762,74.125.24.0-255,1484,104609,77,387862
22599,0.000805,74.125.24.0-255,9992,114601,77,387862
22600,0.000808,172.31.40.0-255,66,114667,77,387862
22601,0.000831,172.31.40.0-255,66,114733,77,387862
22602,0.001563,74.125.24.0-255,1484,116217,77,387862
22603,0.00157,74.125.24.0-255,2902,119119,77,387862
22604,0.001573,172.31.40.0-255,66,119185,77,387862
22605,0.00158,74.125.24.0-255,5738,124923,77,387862
22606,0.001582,172.31.40.0-255,66,124989,77,387862
22607,0.001587,74.125.24.0-255,4320,129309,77,387862
22608,0.001594,172.31.40.0-255,66,129375,77,387862
22609,0.001629,74.125.24.0-255,8574,137949,77,387862
22610,0.001632,172.31.40.0-255,66,138015,77,387862
22611,0.001646,74.125.24.0-255,4320,142335,77,387862
22612,0.001652,172.31.40.0-255,66,142401,77,387862
22613,0.001681,74.125.24.0-255,6438,148839,77,387862
22614,0.001683,172.31.40.0-255,66,148905,77,387862
22615,0.001831,74.125.24.0-255,1484,150389,77,387862
22616,0.001837,74.125.24.0-255,2902,153291,77,387862
22617,0.00184,172.31.40.0-255,66,153357,77,387862
22618,0.001846,74.125.24.0-255,4320,157677,77,387862
22619,0.001848,172.31.40.0-255,66,157743,77,387862
22620,0.001857,74.125.24.0-255,2902,160645,77,387862
22621,0.001859,172.31.40.0-255,66,160711,77,387862
22622,0.001912,74.125.24.0-255,5738,166449,77,387862
22623,0.001915,172.31.40.0-255,66,166515,77,387862
22624,0.001937,172.31.40.0-255,66,166581,77,387862
22625,0.002015,74.125.24.0-255,1484,168065,77,387862
22626,0.002038,74.125.24.0-255,2902,170967,77,387862
22627,0.002041,172.31.40.0-255,66,171033,77,387862
22628,0.002048,74.125.24.0-255,5738,176771,77,387862
22629,0.00205,172.31.40.0-255,66,176837,77,387862
22630,0.002053,74.125.24.0-255,1484,178321,77,387862
22631,0.002062,74.125.24.0-255,4320,182641,77,387862
22632,0.002064,172.31.40.0-255,66,182707,77,387862
22633,0.002077,74.125.24.0-255,4320,187027,77,387862
22634,0.002081,172.31.40.0-255,66,187093,77,387862
22635,0.002106,74.125.24.0-255,7156,194249,77,387862
22636,0.002109,172.31.40.0-255,66,194315,77,387862
22637,0.002137,74.125.24.0-255,4320,198635,77,387862
22638,0.00214,172.31.40.0-255,66,198701,77,387862
22639,0.002144,74.125.24.0-255,2184,200885,77,387862
22640,0.002146,172.31.40.0-255,66,200951,77,387862
22641,0.00218,74.125.24.0-255,2902,203853,77,387862
22642,0.002184,172.31.40.0-255,66,203919,77,387862
22643,0.002252,74.125.24.0-255,7156,211075,77,387862
22644,0.002255,172.31.40.0-255,66,211141,77,387862
22645,0.002279,74.125.24.0-255,11410,222551,77,387862
22646,0.002282,172.31.40.0-255,66,222617,77,387862
22647,0.002285,74.125.24.0-255,1484,224101,77,387862
22648,0.002289,74.125.24.0-255,2902,227003,77,387862
22649,0.002291,172.31.40.0-255,66,227069,77,387862
22650,0.002322,74.125.24.0-255,1484,228553,77,387862
22651,0.002326,74.125.24.0-255,2902,231455,77,387862
22652,0.002329,172.31.40.0-255,66,231521,77,387862
22653,0.002355,74.125.24.0-255,3602,235123,77,387862
22654,0.002358,172.31.40.0-255,66,235189,77,387862
22655,0.004653,74.125.24.0-255,1484,236673,77,387862
22656,0.004675,74.125.24.0-255,4320,240993,77,387862
22657,0.004683,172.31.40.0-255,66,241059,77,387862
22658,0.006975,74.125.24.0-255,5738,246797,77,387862
22659,0.00698,172.31.40.0-255,66,246863,77,387862
22660,0.00928,74.125.24.0-255,5738,252601,77,387862
22661,0.00929,172.31.40.0-255,66,252667,77,387862
22662,0.011625,74.125.24.0-255,5738,258405,77,387862
22663,0.011643,172.31.40.0-255,66,258471,77,387862
22664,0.013964,74.125.24.0-255,5738,264209,77,387862
22665,0.013975,172.31.40.0-255,66,264275,77,387862
22666,0.016282,74.125.24.0-255,5738,270013,77,387862
22667,0.016295,172.31.40.0-255,66,270079,77,387862
22668,0.018603,74.125.24.0-255,5738,275817,77,387862
22669,0.018612,172.31.40.0-255,66,275883,77,387862
22670,0.020949,74.125.24.0-255,5738,281621,77,387862
22671,0.020957,172.31.40.0-255,66,281687,77,387862
22672,0.023256,74.125.24.0-255,5738,287425,77,387862
22673,0.023263,172.31.40.0-255,66,287491,77,387862
22674,0.025581,74.125.24.0-255,5738,293229,77,387862
22675,0.025589,172.31.40.0-255,66,293295,77,387862
22676,0.027926,74.125.24.0-255,5738,299033,77,387862
22677,0.027934,172.31.40.0-255,66,299099,77,387862
22678,0.030234,74.125.24.0-255,5738,304837,77,387862
22679,0.030244,172.31.40.0-255,66,304903,77,387862
22680,0.032575,74.125.24.0-255,5738,310641,77,387862
22681,0.032582,172.31.40.0-255,66,310707,77,387862
22682,0.034884,74.125.24.0-255,5738,316445,77,387862
22683,0.034893,172.31.40.0-255,66,316511,77,387862
22684,0.037205,74.125.24.0-255,5738,322249,77,387862
22685,0.037222,172.31.40.0-255,66,322315,77,387862
22686,0.039577,74.125.24.0-255,5738,328053,77,387862
22687,0.039593,172.31.40.0-255,66,328119,77,387862
22688,0.041921,74.125.24.0-255,5738,333857,77,387862
22689,0.041934,172.31.40.0-255,66,333923,77,387862
22690,0.044266,74.125.24.0-255,5738,339661,77,387862
22691,0.044274,172.31.40.0-255,66,339727,77,387862
22692,0.0466,74.125.24.0-255,5738,345465,77,387862
22693,0.046618,172.31.40.0-255,66,345531,77,387862
22694,0.048929,74.125.24.0-255,5738,351269,77,387862
22695,0.048936,172.31.40.0-255,66,351335,77,387862
22696,0.051264,74.125.24.0-255,5738,357073,77,387862
22697,0.051271,172.31.40.0-255,66,357139,77,387862
22698,0.0536,74.125.24.0-255,5738,362877,77,387862
22699,0.053608,172.31.40.0-255,66,362943,77,387862
22700,0.055956,74.125.24.0-255,5738,368681,77,387862
22701,0.055973,172.31.40.0-255,66,368747,77,387862
22702,0.05829,74.125.24.0-255,5738,374485,77,387862
22703,0.058297,172.31.40.0-255,66,374551,77,387862
22704,0.060289,172.31.40.0-255,172,374723,77,387862
22705,0.060315,172.31.40.0-255,1120,375843,77,387862
22706,0.060372,172.31.40.0-255,1514,377357,77,387862
22707,0.060374,172.31.40.0-255,1514,378871,77,387862
22708,0.060375,172.31.40.0-255,1514,380385,77,387862
22709,0.060376,172.31.40.0-255,1514,381899,77,387862
22710,0.060377,172.31.40.0-255,1477,383376,77,387862
22711,0.060589,74.125.24.0-255,4051,387427,77,387862
22712,0.060595,172.31.40.0-255,66,387493,77,387862
22713,0.060786,172.31.40.0-255,105,387598,77,387862
22714,0.061815,104.244.42.0-255,66,387664,77,387862
22715,0.061837,104.244.42.0-255,66,387730,77,387862
22716,0.061955,104.244.42.0-255,66,387796,77,387862
22717,0.063059,74.125.24.0-255,66,387862,77,387862
22718,0.0,172.217.194.0-255,152,152,77,417688
22719,2.3e-05,172.31.40.0-255,66,218,77,417688
22720,3e-05,172.217.194.0-255,1484,1702,77,417688
22721,3.5e-05,172.31.40.0-255,66,1768,77,417688
22722,4.1e-05,172.217.194.0-255,2902,4670,77,417688
22723,4.3e-05,172.31.40.0-255,66,4736,77,417688
22724,4.9e-05,172.217.194.0-255,4320,9056,77,417688
22725,5.2e-05,172.31.40.0-255,66,9122,77,417688
22726,5.9e-05,172.217.194.0-255,4774,13896,77,417688
22727,6.3e-05,172.31.40.0-255,66,13962,77,417688
22728,7.4e-05,172.217.194.0-255,11410,25372,77,417688
22729,7.7e-05,172.31.40.0-255,66,25438,77,417688
22730,8.3e-05,172.217.194.0-255,5379,30817,77,417688
22731,8.7e-05,172.31.40.0-255,66,30883,77,417688
22732,0.00014,172.217.194.0-255,1484,32367,77,417688
22733,0.000143,172.31.40.0-255,66,32433,77,417688
22734,0.000148,172.217.194.0-255,2902,35335,77,417688
22735,0.000151,172.31.40.0-255,66,35401,77,417688
22736,0.000174,172.217.194.0-255,5738,41139,77,417688
22737,0.000177,172.31.40.0-255,66,41205,77,417688
22738,0.000179,172.217.194.0-255,1484,42689,77,417688
22739,0.000181,172.31.40.0-255,66,42755,77,417688
22740,0.000215,172.217.194.0-255,13887,56642,77,417688
22741,0.000219,172.31.40.0-255,66,56708,77,417688
22742,0.000227,172.217.194.0-255,8215,64923,77,417688
22743,0.000229,172.31.40.0-255,66,64989,77,417688
22744,0.000248,172.217.194.0-255,379,65368,77,417688
22745,0.00025,172.31.40.0-255,66,65434,77,417688
22746,0.000308,172.217.194.0-255,364,65798,77,417688
22747,0.000312,172.31.40.0-255,66,65864,77,417688
22748,0.000644,172.217.194.0-255,1484,67348,77,417688
22749,0.000649,172.31.40.0-255,66,67414,77,417688
22750,0.000655,172.217.194.0-255,2902,70316,77,417688
22751,0.000657,172.31.40.0-255,66,70382,77,417688
22752,0.000664,172.217.194.0-255,5738,76120,77,417688
22753,0.000666,172.31.40.0-255,66,76186,77,417688
22754,0.000695,172.217.194.0-255,12828,89014,77,417688
22755,0.000698,172.31.40.0-255,66,89080,77,417688
22756,0.000724,172.217.194.0-255,1484,90564,77,417688
22757,0.000754,172.217.194.0-255,9274,99838,77,417688
22758,0.000762,172.31.40.0-255,66,99904,77,417688
22759,0.001662,172.217.194.0-255,1484,101388,77,417688
22760,0.001673,172.217.194.0-255,2902,104290,77,417688
22761,0.001678,172.31.40.0-255,66,104356,77,417688
22762,0.001687,172.217.194.0-255,5738,110094,77,417688
22763,0.001689,172.31.40.0-255,66,110160,77,417688
22764,0.001694,172.217.194.0-255,2902,113062,77,417688
22765,0.001695,172.31.40.0-255,66,113128,77,417688
22766,0.001725,172.217.194.0-255,9992,123120,77,417688
22767,0.001728,172.31.40.0-255,66,123186,77,417688
22768,0.001759,172.217.194.0-255,10692,133878,77,417688
22769,0.001761,172.31.40.0-255,66,133944,77,417688
22770,0.002066,172.217.194.0-255,1484,135428,77,417688
22771,0.002073,172.217.194.0-255,2902,138330,77,417688
22772,0.002078,172.31.40.0-255,66,138396,77,417688
22773,0.002084,172.217.194.0-255,2902,141298,77,417688
22774,0.002086,172.31.40.0-255,66,141364,77,417688
22775,0.002103,172.217.194.0-255,2902,144266,77,417688
22776,0.002106,172.31.40.0-255,66,144332,77,417688
22777,0.002113,172.217.194.0-255,7156,151488,77,417688
22778,0.002115,172.31.40.0-255,66,151554,77,417688
22779,0.002148,172.217.194.0-255,8574,160128,77,417688
22780,0.00215,172.31.40.0-255,66,160194,77,417688
22781,0.00216,172.217.194.0-255,1484,161678,77,417688
22782,0.002182,172.217.194.0-255,6438,168116,77,417688
22783,0.002184,172.31.40.0-255,66,168182,77,417688
22784,0.004335,172.217.194.0-255,5738,173920,77,417688
22785,0.004339,172.31.40.0-255,66,173986,77,417688
22786,0.005662,172.31.40.0-255,101,174087,77,417688
22787,0.006468,172.217.194.0-255,5738,179825,77,417688
22788,0.006474,172.31.40.0-255,66,179891,77,417688
22789,0.007745,172.217.194.0-255,66,179957,77,417688
22790,0.008624,172.217.194.0-255,5738,185695,77,417688
22791,0.008631,172.31.40.0-255,66,185761,77,417688
22792,0.010811,172.217.194.0-255,5738,191499,77,417688
22793,0.010825,172.31.40.0-255,66,191565,77,417688
22794,0.012919,172.217.194.0-255,2902,194467,77,417688
22795,0.012926,172.31.40.0-255,66,194533,77,417688
22796,0.012953,172.217.194.0-255,2902,197435,77,417688
22797,0.012956,172.31.40.0-255,66,197501,77,417688
22798,0.015028,172.217.194.0-255,2902,200403,77,417688
22799,0.015041,172.31.40.0-255,66,200469,77,417688
22800,0.015081,172.217.194.0-255,2902,203371,77,417688
22801,0.015084,172.31.40.0-255,66,203437,77,417688
22802,0.017188,172.217.194.0-255,5738,209175,77,417688
22803,0.0172,172.31.40.0-255,66,209241,77,417688
22804,0.019313,172.217.194.0-255,5738,214979,77,417688
22805,0.019322,172.31.40.0-255,66,215045,77,417688
22806,0.021546,172.217.194.0-255,5738,220783,77,417688
22807,0.021561,172.31.40.0-255,66,220849,77,417688
22808,0.023708,172.217.194.0-255,5738,226587,77,417688
22809,0.023726,172.31.40.0-255,66,226653,77,417688
22810,0.02587,172.217.194.0-255,5738,232391,77,417688
22811,0.025888,172.31.40.0-255,66,232457,77,417688
22812,0.028031,172.217.194.0-255,5738,238195,77,417688
22813,0.028048,172.31.40.0-255,66,238261,77,417688
22814,0.030139,172.217.194.0-255,5738,243999,77,417688
22815,0.030146,172.31.40.0-255,66,244065,77,417688
22816,0.032306,172.217.194.0-255,5738,249803,77,417688
22817,0.032315,172.31.40.0-255,66,249869,77,417688
22818,0.034451,172.217.194.0-255,5738,255607,77,417688
22819,0.03446,172.31.40.0-255,66,255673,77,417688
22820,0.036574,172.217.194.0-255,5738,261411,77,417688
22821,0.036588,172.31.40.0-255,66,261477,77,417688
22822,0.038733,172.217.194.0-255,5738,267215,77,417688
22823,0.038745,172.31.40.0-255,66,267281,77,417688
22824,0.040624,172.31.40.0-255,172,267453,77,417688
22825,0.04068,172.31.40.0-255,1119,268572,77,417688
22826,0.040743,172.31.40.0-255,1514,270086,77,417688
22827,0.040745,172.31.40.0-255,1276,271362,77,417688
22828,0.040891,172.217.194.0-255,5738,277100,77,417688
22829,0.040898,172.31.40.0-255,66,277166,77,417688
22830,0.042181,104.244.42.0-255,66,277232,77,417688
22831,0.042232,104.244.42.0-255,66,277298,77,417688
22832,0.042332,104.244.42.0-255,66,277364,77,417688
22833,0.043041,172.217.194.0-255,5738,283102,77,417688
22834,0.043055,172.31.40.0-255,66,283168,77,417688
22835,0.045191,172.217.194.0-255,5738,288906,77,417688
22836,0.045206,172.31.40.0-255,66,288972,77,417688
22837,0.047363,172.217.194.0-255,5738,294710,77,417688
22838,0.047378,172.31.40.0-255,66,294776,77,417688
22839,0.049581,172.217.194.0-255,5738,300514,77,417688
22840,0.049598,172.31.40.0-255,66,300580,77,417688
22841,0.051794,172.217.194.0-255,5738,306318,77,417688
22842,0.051812,172.31.40.0-255,66,306384,77,417688
22843,0.05391,172.217.194.0-255,5738,312122,77,417688
22844,0.053926,172.31.40.0-255,66,312188,77,417688
22845,0.056042,172.217.194.0-255,5738,317926,77,417688
22846,0.05606,172.31.40.0-255,66,317992,77,417688
22847,0.058223,172.217.194.0-255,5738,323730,77,417688
22848,0.058241,172.31.40.0-255,66,323796,77,417688
22849,0.060397,172.217.194.0-255,5738,329534,77,417688
22850,0.060413,172.31.40.0-255,66,329600,77,417688
22851,0.062554,172.217.194.0-255,5738,335338,77,417688
22852,0.06257,172.31.40.0-255,66,335404,77,417688
22853,0.064737,172.217.194.0-255,5738,341142,77,417688
22854,0.064757,172.31.40.0-255,66,341208,77,417688
22855,0.066878,172.217.194.0-255,5738,346946,77,417688
22856,0.066894,172.31.40.0-255,66,347012,77,417688
22857,0.06904,172.217.194.0-255,5738,352750,77,417688
22858,0.069056,172.31.40.0-255,66,352816,77,417688
22859,0.071181,172.217.194.0-255,5738,358554,77,417688
22860,0.071197,172.31.40.0-255,66,358620,77,417688
22861,0.073376,172.217.194.0-255,5738,364358,77,417688
22862,0.073395,172.31.40.0-255,66,364424,77,417688
22863,0.07551,172.217.194.0-255,5738,370162,77,417688
22864,0.075527,172.31.40.0-255,66,370228,77,417688
22865,0.077659,172.217.194.0-255,5738,375966,77,417688
22866,0.077677,172.31.40.0-255,66,376032,77,417688
22867,0.079825,172.217.194.0-255,5738,381770,77,417688
22868,0.079843,172.31.40.0-255,66,381836,77,417688
22869,0.081964,172.217.194.0-255,5738,387574,77,417688
22870,0.081981,172.31.40.0-255,66,387640,77,417688
22871,0.084178,172.217.194.0-255,5738,393378,77,417688
22872,0.084196,172.31.40.0-255,66,393444,77,417688
22873,0.086353,172.217.194.0-255,5738,399182,77,417688
22874,0.08637,172.31.40.0-255,66,399248,77,417688
22875,0.088565,172.217.194.0-255,5738,404986,77,417688
22876,0.088582,172.31.40.0-255,66,405052,77,417688
22877,0.090734,172.217.194.0-255,5738,410790,77,417688
22878,0.090751,172.31.40.0-255,66,410856,77,417688
22879,0.092879,172.217.194.0-255,5738,416594,77,417688
22880,0.092895,172.31.40.0-255,66,416660,77,417688
22881,0.095026,172.217.194.0-255,923,417583,77,417688
22882,0.095282,172.31.40.0-255,105,417688,77,417688
22883,0.0,74.125.24.0-255,152,152,77,401907
22884,2.3e-05,172.31.40.0-255,66,218,77,401907
22885,3.1e-05,74.125.24.0-255,1484,1702,77,401907
22886,3.7e-05,172.31.40.0-255,66,1768,77,401907
22887,4.2e-05,74.125.24.0-255,2902,4670,77,401907
22888,4.5e-05,172.31.40.0-255,66,4736,77,401907
22889,5.2e-05,74.125.24.0-255,5738,10474,77,401907
22890,5.4e-05,172.31.40.0-255,66,10540,77,401907
22891,8.3e-05,74.125.24.0-255,3545,14085,77,401907
22892,8.6e-05,172.31.40.0-255,66,14151,77,401907
22893,0.000149,74.125.24.0-255,1484,15635,77,401907
22894,0.000152,172.31.40.0-255,66,15701,77,401907
22895,0.000157,74.125.24.0-255,2902,18603,77,401907
22896,0.000159,172.31.40.0-255,66,18669,77,401907
22897,0.000164,74.125.24.0-255,2902,21571,77,401907
22898,0.000166,172.31.40.0-255,66,21637,77,401907
22899,0.000192,74.125.24.0-255,2902,24539,77,401907
22900,0.000195,172.31.40.0-255,66,24605,77,401907
22901,0.000201,74.125.24.0-255,5738,30343,77,401907
22902,0.000204,172.31.40.0-255,66,30409,77,401907
22903,0.000229,74.125.24.0-255,13887,44296,77,401907
22904,0.000232,172.31.40.0-255,66,44362,77,401907
22905,0.000238,74.125.24.0-255,5738,50100,77,401907
22906,0.00024,172.31.40.0-255,66,50166,77,401907
22907,0.000264,74.125.24.0-255,7156,57322,77,401907
22908,0.000267,172.31.40.0-255,66,57388,77,401907
22909,0.000282,74.125.24.0-255,5738,63126,77,401907
22910,0.000285,172.31.40.0-255,66,63192,77,401907
22911,0.000305,74.125.24.0-255,2517,65709,77,401907
22912,0.000309,172.31.40.0-255,66,65775,77,401907
22913,0.000312,74.125.24.0-255,112,65887,77,401907
22914,0.000314,172.31.40.0-255,66,65953,77,401907
22915,0.000327,74.125.24.0-255,329,66282,77,401907
22916,0.00053,74.125.24.0-255,1484,67766,77,401907
22917,0.000536,172.31.40.0-255,66,67832,77,401907
22918,0.000541,74.125.24.0-255,2902,70734,77,401907
22919,0.000544,172.31.40.0-255,66,70800,77,401907
22920,0.00055,74.125.24.0-255,5738,76538,77,401907
22921,0.000553,172.31.40.0-255,66,76604,77,401907
22922,0.000574,74.125.24.0-255,5738,82342,77,401907
22923,0.000576,172.31.40.0-255,66,82408,77,401907
22924,0.000592,74.125.24.0-255,7156,89564,77,401907
22925,0.000594,172.31.40.0-255,66,89630,77,401907
22926,0.000602,74.125.24.0-255,7156,96786,77,401907
22927,0.000604,172.31.40.0-255,66,96852,77,401907
22928,0.000628,74.125.24.0-255,2902,99754,77,401907
22929,0.00063,172.31.40.0-255,66,99820,77,401907
22930,0.000633,74.125.24.0-255,766,100586,77,401907
22931,0.001235,74.125.24.0-255,1484,102070,77,401907
22932,0.00124,172.31.40.0-255,66,102136,77,401907
22933,0.001246,74.125.24.0-255,2902,105038,77,401907
22934,0.001248,172.31.40.0-255,66,105104,77,401907
22935,0.001251,74.125.24.0-255,1484,106588,77,401907
22936,0.001267,74.125.24.0-255,4320,110908,77,401907
22937,0.001269,172.31.40.0-255,66,110974,77,401907
22938,0.001278,74.125.24.0-255,8574,119548,77,401907
22939,0.00128,172.31.40.0-255,66,119614,77,401907
22940,0.001311,74.125.24.0-255,4320,123934,77,401907
22941,0.001314,172.31.40.0-255,66,124000,77,401907
22942,0.001324,74.125.24.0-255,9992,133992,77,401907
22943,0.001326,172.31.40.0-255,66,134058,77,401907
22944,0.001329,74.125.24.0-255,766,134824,77,401907
22945,0.001411,74.125.24.0-255,1484,136308,77,401907
22946,0.001428,172.31.40.0-255,66,136374,77,401907
22947,0.001434,74.125.24.0-255,2902,139276,77,401907
22948,0.001437,172.31.40.0-255,66,139342,77,401907
22949,0.001458,74.125.24.0-255,5738,145080,77,401907
22950,0.001461,172.31.40.0-255,66,145146,77,401907
22951,0.001468,74.125.24.0-255,7156,152302,77,401907
22952,0.00147,172.31.40.0-255,66,152368,77,401907
22953,0.001531,172.31.40.0-255,66,152434,77,401907
22954,0.001535,74.125.24.0-255,2184,154618,77,401907
22955,0.001537,172.31.40.0-255,66,154684,77,401907
22956,0.001658,74.125.24.0-255,1484,156168,77,401907
22957,0.001664,74.125.24.0-255,2902,159070,77,401907
22958,0.001667,172.31.40.0-255,66,159136,77,401907
22959,0.001674,74.125.24.0-255,5738,164874,77,401907
22960,0.001677,172.31.40.0-255,66,164940,77,401907
22961,0.001698,74.125.24.0-255,5738,170678,77,401907
22962,0.001701,172.31.40.0-255,66,170744,77,401907
22963,0.001731,74.125.24.0-255,7156,177900,77,401907
22964,0.001735,172.31.40.0-255,66,177966,77,401907
22965,0.001741,74.125.24.0-255,5738,183704,77,401907
22966,0.001743,172.31.40.0-255,66,183770,77,401907
22967,0.001747,74.125.24.0-255,1484,185254,77,401907
22968,0.001764,74.125.24.0-255,3602,188856,77,401907
22969,0.001766,172.31.40.0-255,66,188922,77,401907
22970,0.002294,74.125.24.0-255,1484,190406,77,401907
22971,0.002302,74.125.24.0-255,2902,193308,77,401907
22972,0.002308,172.31.40.0-255,66,193374,77,401907
22973,0.002313,74.125.24.0-255,2902,196276,77,401907
22974,0.002316,172.31.40.0-255,66,196342,77,401907
22975,0.002321,74.125.24.0-255,4320,200662,77,401907
22976,0.002323,172.31.40.0-255,66,200728,77,401907
22977,0.002341,74.125.24.0-255,2902,203630,77,401907
22978,0.002344,172.31.40.0-255,66,203696,77,401907
22979,0.002351,74.125.24.0-255,5738,209434,77,401907
22980,0.002353,172.31.40.0-255,66,209500,77,401907
22981,0.002381,74.125.24.0-255,9992,219492,77,401907
22982,0.002384,172.31.40.0-255,66,219558,77,401907
22983,0.002389,74.125.24.0-255,3602,223160,77,401907
22984,0.002392,172.31.40.0-255,66,223226,77,401907
22985,0.002635,74.125.24.0-255,1484,224710,77,401907
22986,0.002643,74.125.24.0-255,2902,227612,77,401907
22987,0.002647,172.31.40.0-255,66,227678,77,401907
22988,0.002655,74.125.24.0-255,5738,233416,77,401907
22989,0.002657,172.31.40.0-255,66,233482,77,401907
22990,0.005268,74.125.24.0-255,5738,239220,77,401907
22991,0.005272,172.31.40.0-255,66,239286,77,401907
22992,0.007885,74.125.24.0-255,5738,245024,77,401907
22993,0.007897,172.31.40.0-255,66,245090,77,401907
22994,0.010515,74.125.24.0-255,5738,250828,77,401907
22995,0.010521,172.31.40.0-255,66,250894,77,401907
22996,0.013157,74.125.24.0-255,5738,256632,77,401907
22997,0.013165,172.31.40.0-255,66,256698,77,401907
22998,0.015765,74.125.24.0-255,5738,262436,77,401907
22999,0.015772,172.31.40.0-255,66,262502,77,401907
23000,0.018388,74.125.24.0-255,5738,268240,77,401907
23001,0.018396,172.31.40.0-255,66,268306,77,401907
23002,0.021016,74.125.24.0-255,5738,274044,77,401907
23003,0.021024,172.31.40.0-255,66,274110,77,401907
23004,0.023666,74.125.24.0-255,5738,279848,77,401907
23005,0.023673,172.31.40.0-255,66,279914,77,401907
23006,0.026304,74.125.24.0-255,5738,285652,77,401907
23007,0.026312,172.31.40.0-255,66,285718,77,401907
23008,0.028943,74.125.24.0-255,5738,291456,77,401907
23009,0.02895,172.31.40.0-255,66,291522,77,401907
23010,0.031554,74.125.24.0-255,5738,297260,77,401907
23011,0.031561,172.31.40.0-255,66,297326,77,401907
23012,0.034178,74.125.24.0-255,5738,303064,77,401907
23013,0.034186,172.31.40.0-255,66,303130,77,401907
23014,0.036806,74.125.24.0-255,5738,308868,77,401907
23015,0.036813,172.31.40.0-255,66,308934,77,401907
23016,0.039421,74.125.24.0-255,5738,314672,77,401907
23017,0.039428,172.31.40.0-255,66,314738,77,401907
23018,0.042051,74.125.24.0-255,5738,320476,77,401907
23019,0.042063,172.31.40.0-255,66,320542,77,401907
23020,0.044739,74.125.24.0-255,5738,326280,77,401907
23021,0.044745,172.31.40.0-255,66,326346,77,401907
23022,0.047369,74.125.24.0-255,5738,332084,77,401907
23023,0.047379,172.31.40.0-255,66,332150,77,401907
23024,0.047965,172.31.40.0-255,172,332322,77,401907
23025,0.047996,172.31.40.0-255,1115,333437,77,401907
23026,0.048054,172.31.40.0-255,1508,334945,77,401907
23027,0.049995,74.125.24.0-255,5738,340683,77,401907
23028,0.050003,172.31.40.0-255,66,340749,77,401907
23029,0.050055,104.244.42.0-255,66,340815,77,401907
23030,0.052622,74.125.24.0-255,5738,346553,77,401907
23031,0.052629,172.31.40.0-255,66,346619,77,401907
23032,0.05525,74.125.24.0-255,5738,352357,77,401907
23033,0.055258,172.31.40.0-255,66,352423,77,401907
23034,0.057872,74.125.24.0-255,5738,358161,77,401907
23035,0.057879,172.31.40.0-255,66,358227,77,401907
23036,0.060496,74.125.24.0-255,5738,363965,77,401907
23037,0.060504,172.31.40.0-255,66,364031,77,401907
23038,0.063118,74.125.24.0-255,5738,369769,77,401907
23039,0.063127,172.31.40.0-255,66,369835,77,401907
23040,0.065741,74.125.24.0-255,5738,375573,77,401907
23041,0.065748,172.31.40.0-255,66,375639,77,401907
23042,0.068375,74.125.24.0-255,5738,381377,77,401907
23043,0.068381,172.31.40.0-255,66,381443,77,401907
23044,0.071013,74.125.24.0-255,5738,387181,77,401907
23045,0.07102,172.31.40.0-255,66,387247,77,401907
23046,0.073651,74.125.24.0-255,5738,392985,77,401907
23047,0.073658,172.31.40.0-255,66,393051,77,401907
23048,0.076282,74.125.24.0-255,5738,398789,77,401907
23049,0.076289,172.31.40.0-255,66,398855,77,401907
23050,0.07892,74.125.24.0-255,2815,401670,77,401907
23051,0.078929,172.31.40.0-255,66,401736,77,401907
23052,0.079133,172.31.40.0-255,105,401841,77,401907
23053,0.081701,74.125.24.0-255,66,401907,77,401907
23054,0.0,172.31.40.0-255,105,105,77,210
23055,0.073537,31.13.82.0-255,105,210,77,210
23056,0.0,172.31.40.0-255,105,105,77,459
23057,0.000253,172.31.40.0-255,90,195,77,459
23058,0.000261,172.31.40.0-255,66,261,77,459
23059,0.002496,74.125.68.0-255,66,327,77,459
23060,0.00252,74.125.68.0-255,66,393,77,459
23061,0.00254,172.31.40.0-255,66,459,77,459
23062,0.0,172.217.194.0-255,152,152,77,418283
23063,2e-05,172.31.40.0-255,66,218,77,418283
23064,2.7e-05,172.217.194.0-255,1484,1702,77,418283
23065,3.1e-05,172.31.40.0-255,66,1768,77,418283
23066,3.8e-05,172.217.194.0-255,2902,4670,77,418283
23067,4.1e-05,172.31.40.0-255,66,4736,77,418283
23068,5e-05,172.217.194.0-255,7156,11892,77,418283
23069,5.2e-05,172.31.40.0-255,66,11958,77,418283
23070,5.6e-05,172.217.194.0-255,2041,13999,77,418283
23071,5.9e-05,172.31.40.0-255,66,14065,77,418283
23072,6.4e-05,172.217.194.0-255,2902,16967,77,418283
23073,6.6e-05,172.31.40.0-255,66,17033,77,418283
23074,7.3e-05,172.217.194.0-255,7156,24189,77,418283
23075,7.6e-05,172.31.40.0-255,66,24255,77,418283
23076,8.3e-05,172.217.194.0-255,6797,31052,77,418283
23077,8.6e-05,172.31.40.0-255,66,31118,77,418283
23078,0.00011,172.217.194.0-255,5738,36856,77,418283
23079,0.000113,172.31.40.0-255,66,36922,77,418283
23080,0.000144,172.217.194.0-255,9992,46914,77,418283
23081,0.000147,172.31.40.0-255,66,46980,77,418283
23082,0.00015,172.217.194.0-255,1125,48105,77,418283
23083,0.000152,172.31.40.0-255,66,48171,77,418283
23084,0.000302,172.217.194.0-255,1484,49655,77,418283
23085,0.000307,172.31.40.0-255,66,49721,77,418283
23086,0.000313,172.217.194.0-255,2902,52623,77,418283
23087,0.000316,172.31.40.0-255,66,52689,77,418283
23088,0.000319,172.217.194.0-255,1484,54173,77,418283
23089,0.00032,172.31.40.0-255,66,54239,77,418283
23090,0.00034,172.217.194.0-255,4320,58559,77,418283
23091,0.000343,172.31.40.0-255,66,58625,77,418283
23092,0.000368,172.217.194.0-255,5738,64363,77,418283
23093,0.000371,172.31.40.0-255,66,64429,77,418283
23094,0.000389,172.217.194.0-255,1419,65848,77,418283
23095,0.000655,172.217.194.0-255,385,66233,77,418283
23096,0.00066,172.31.40.0-255,66,66299,77,418283
23097,0.000905,172.217.194.0-255,1484,67783,77,418283
23098,0.000912,172.217.194.0-255,2902,70685,77,418283
23099,0.000915,172.31.40.0-255,66,70751,77,418283
23100,0.000918,172.217.194.0-255,1484,72235,77,418283
23101,0.00094,172.217.194.0-255,4320,76555,77,418283
23102,0.000942,172.31.40.0-255,66,76621,77,418283
23103,0.000949,172.217.194.0-255,7156,83777,77,418283
23104,0.000951,172.31.40.0-255,66,83843,77,418283
23105,0.000961,172.217.194.0-255,9992,93835,77,418283
23106,0.000963,172.31.40.0-255,66,93901,77,418283
23107,0.000984,172.217.194.0-255,4320,98221,77,418283
23108,0.000986,172.31.40.0-255,66,98287,77,418283
23109,0.00099,172.217.194.0-255,2184,100471,77,418283
23110,0.000992,172.31.40.0-255,66,100537,77,418283
23111,0.001448,172.217.194.0-255,1484,102021,77,418283
23112,0.001456,172.217.194.0-255,2902,104923,77,418283
23113,0.00146,172.31.40.0-255,66,104989,77,418283
23114,0.00148,172.217.194.0-255,5738,110727,77,418283
23115,0.001482,172.31.40.0-255,66,110793,77,418283
23116,0.001507,172.217.194.0-255,4320,115113,77,418283
23117,0.00151,172.31.40.0-255,66,115179,77,418283
23118,0.001535,172.217.194.0-255,8574,123753,77,418283
23119,0.001538,172.31.40.0-255,66,123819,77,418283
23120,0.001545,172.217.194.0-255,7156,130975,77,418283
23121,0.001547,172.31.40.0-255,66,131041,77,418283
23122,0.001571,172.217.194.0-255,3602,134643,77,418283
23123,0.001573,172.31.40.0-255,66,134709,77,418283
23124,0.001695,172.217.194.0-255,1484,136193,77,418283
23125,0.001702,172.217.194.0-255,2902,139095,77,418283
23126,0.001705,172.31.40.0-255,66,139161,77,418283
23127,0.001729,172.217.194.0-255,5738,144899,77,418283
23128,0.001731,172.31.40.0-255,66,144965,77,418283
23129,0.001736,172.217.194.0-255,2902,147867,77,418283
23130,0.001738,172.31.40.0-255,66,147933,77,418283
23131,0.001757,172.217.194.0-255,8574,156507,77,418283
23132,0.001759,172.31.40.0-255,66,156573,77,418283
23133,0.001786,172.217.194.0-255,1484,158057,77,418283
23134,0.001797,172.217.194.0-255,10692,168749,77,418283
23135,0.001799,172.31.40.0-255,66,168815,77,418283
23136,0.001828,172.217.194.0-255,11410,180225,77,418283
23137,0.001831,172.31.40.0-255,66,180291,77,418283
23138,0.00184,172.217.194.0-255,9992,190283,77,418283
23139,0.001843,172.31.40.0-255,66,190349,77,418283
23140,0.001886,172.217.194.0-255,4320,194669,77,418283
23141,0.001889,172.31.40.0-255,66,194735,77,418283
23142,0.001914,172.217.194.0-255,7856,202591,77,418283
23143,0.001917,172.31.40.0-255,66,202657,77,418283
23144,0.001973,172.217.194.0-255,1484,204141,77,418283
23145,0.001979,172.217.194.0-255,2902,207043,77,418283
23146,0.001982,172.31.40.0-255,66,207109,77,418283
23147,0.001985,172.217.194.0-255,1484,208593,77,418283
23148,0.002004,172.217.194.0-255,4320,212913,77,418283
23149,0.002007,172.31.40.0-255,66,212979,77,418283
23150,0.00201,172.217.194.0-255,1484,214463,77,418283
23151,0.002044,172.217.194.0-255,11410,225873,77,418283
23152,0.002047,172.31.40.0-255,66,225939,77,418283
23153,0.002057,172.217.194.0-255,10692,236631,77,418283
23154,0.002059,172.31.40.0-255,66,236697,77,418283
23155,0.002086,172.217.194.0-255,4320,241017,77,418283
23156,0.002089,172.31.40.0-255,66,241083,77,418283
23157,0.002096,172.217.194.0-255,5738,246821,77,418283
23158,0.002098,172.31.40.0-255,66,246887,77,418283
23159,0.002141,172.217.194.0-255,11410,258297,77,418283
23160,0.002146,172.31.40.0-255,66,258363,77,418283
23161,0.002157,172.217.194.0-255,12110,270473,77,418283
23162,0.002159,172.31.40.0-255,66,270539,77,418283
23163,0.002223,172.217.194.0-255,1484,272023,77,418283
23164,0.002228,172.217.194.0-255,1484,273507,77,418283
23165,0.002231,172.31.40.0-255,66,273573,77,418283
23166,0.00225,172.217.194.0-255,1484,275057,77,418283
23167,0.002257,172.217.194.0-255,5738,280795,77,418283
23168,0.002259,172.31.40.0-255,66,280861,77,418283
23169,0.002295,172.217.194.0-255,5738,286599,77,418283
23170,0.002297,172.31.40.0-255,66,286665,77,418283
23171,0.002315,172.217.194.0-255,7156,293821,77,418283
23172,0.002318,172.31.40.0-255,66,293887,77,418283
23173,0.002328,172.217.194.0-255,10692,304579,77,418283
23174,0.002331,172.31.40.0-255,66,304645,77,418283
23175,0.002336,172.217.194.0-255,4320,308965,77,418283
23176,0.002338,172.31.40.0-255,66,309031,77,418283
23177,0.002341,172.217.194.0-255,1484,310515,77,418283
23178,0.002363,172.217.194.0-255,4320,314835,77,418283
23179,0.002366,172.31.40.0-255,66,314901,77,418283
23180,0.002373,172.217.194.0-255,7156,322057,77,418283
23181,0.002375,172.31.40.0-255,66,322123,77,418283
23182,0.002407,172.217.194.0-255,4320,326443,77,418283
23183,0.002409,172.31.40.0-255,66,326509,77,418283
23184,0.002421,172.217.194.0-255,12110,338619,77,418283
23185,0.002423,172.31.40.0-255,66,338685,77,418283
23186,0.002471,172.217.194.0-255,1484,340169,77,418283
23187,0.002486,172.217.194.0-255,2902,343071,77,418283
23188,0.002489,172.31.40.0-255,66,343137,77,418283
23189,0.002495,172.217.194.0-255,5738,348875,77,418283
23190,0.002497,172.31.40.0-255,66,348941,77,418283
23191,0.00251,172.217.194.0-255,2902,351843,77,418283
23192,0.002512,172.31.40.0-255,66,351909,77,418283
23193,0.002545,172.217.194.0-255,9992,361901,77,418283
23194,0.002548,172.31.40.0-255,66,361967,77,418283
23195,0.002557,172.217.194.0-255,10692,372659,77,418283
23196,0.00256,172.31.40.0-255,66,372725,77,418283
23197,0.005024,172.217.194.0-255,5738,378463,77,418283
23198,0.005032,172.31.40.0-255,66,378529,77,418283
23199,0.00748,172.217.194.0-255,5738,384267,77,418283
23200,0.007486,172.31.40.0-255,66,384333,77,418283
23201,0.009951,172.217.194.0-255,5738,390071,77,418283
23202,0.009956,172.31.40.0-255,66,390137,77,418283
23203,0.012438,172.217.194.0-255,5738,395875,77,418283
23204,0.012449,172.31.40.0-255,66,395941,77,418283
23205,0.014928,172.217.194.0-255,5738,401679,77,418283
23206,0.014936,172.31.40.0-255,66,401745,77,418283
23207,0.017413,172.217.194.0-255,5738,407483,77,418283
23208,0.017421,172.31.40.0-255,66,407549,77,418283
23209,0.01991,172.217.194.0-255,5738,413287,77,418283
23210,0.019917,172.31.40.0-255,66,413353,77,418283
23211,0.022403,172.217.194.0-255,1504,414857,77,418283
23212,0.022423,172.31.40.0-255,66,414923,77,418283
23213,0.022713,172.31.40.0-255,105,415028,77,418283
23214,0.025162,172.217.194.0-255,66,415094,77,418283
23215,0.048122,172.31.40.0-255,167,415261,77,418283
23216,0.048152,172.31.40.0-255,1116,416377,77,418283
23217,0.048204,172.31.40.0-255,1514,417891,77,418283
23218,0.048205,172.31.40.0-255,326,418217,77,418283
23219,0.050332,104.244.42.0-255,66,418283,77,418283
23220,0.0,172.31.40.0-255,105,105,77,459
23221,0.000241,172.31.40.0-255,90,195,77,459
23222,0.000252,172.31.40.0-255,66,261,77,459
23223,0.002621,74.125.24.0-255,66,327,77,459
23224,0.002652,74.125.24.0-255,66,393,77,459
23225,0.002676,172.31.40.0-255,66,459,77,459
23226,0.0,74.125.130.0-255,153,153,77,421508
23227,2.5e-05,172.31.40.0-255,66,219,77,421508
23228,3.3e-05,74.125.130.0-255,1484,1703,77,421508
23229,3.7e-05,172.31.40.0-255,66,1769,77,421508
23230,4.4e-05,74.125.130.0-255,2902,4671,77,421508
23231,4.8e-05,172.31.40.0-255,66,4737,77,421508
23232,8.4e-05,74.125.130.0-255,7156,11893,77,421508
23233,8.7e-05,172.31.40.0-255,66,11959,77,421508
23234,9.2e-05,74.125.130.0-255,1910,13869,77,421508
23235,9.4e-05,172.31.40.0-255,66,13935,77,421508
23236,0.000119,74.125.130.0-255,1484,15419,77,421508
23237,0.000122,172.31.40.0-255,66,15485,77,421508
23238,0.00015,74.125.130.0-255,2902,18387,77,421508
23239,0.000153,172.31.40.0-255,66,18453,77,421508
23240,0.000157,74.125.130.0-255,1484,19937,77,421508
23241,0.000159,172.31.40.0-255,66,20003,77,421508
23242,0.000184,74.125.130.0-255,2902,22905,77,421508
23243,0.000187,172.31.40.0-255,66,22971,77,421508
23244,0.000204,74.125.130.0-255,2902,25873,77,421508
23245,0.000206,172.31.40.0-255,66,25939,77,421508
23246,0.000227,74.125.130.0-255,2902,28841,77,421508
23247,0.00023,172.31.40.0-255,66,28907,77,421508
23248,0.000258,74.125.130.0-255,2543,31450,77,421508
23249,0.000261,172.31.40.0-255,66,31516,77,421508
23250,0.000391,74.125.130.0-255,1484,33000,77,421508
23251,0.000395,172.31.40.0-255,66,33066,77,421508
23252,0.000415,74.125.130.0-255,1484,34550,77,421508
23253,0.000417,172.31.40.0-255,66,34616,77,421508
23254,0.000422,74.125.130.0-255,2902,37518,77,421508
23255,0.000425,172.31.40.0-255,66,37584,77,421508
23256,0.000449,74.125.130.0-255,5738,43322,77,421508
23257,0.000452,172.31.40.0-255,66,43388,77,421508
23258,0.000456,74.125.130.0-255,2902,46290,77,421508
23259,0.000494,74.125.130.0-255,3961,50251,77,421508
23260,0.000517,74.125.130.0-255,4320,54571,77,421508
23261,0.00053,74.125.130.0-255,2902,57473,77,421508
23262,0.000548,74.125.130.0-255,2902,60375,77,421508
23263,0.000564,74.125.130.0-255,5670,66045,77,421508
23264,0.000596,74.125.130.0-255,100,66145,77,421508
23265,0.00063,172.31.40.0-255,66,66211,77,421508
23266,0.000665,74.125.130.0-255,363,66574,77,421508
23267,0.000817,74.125.130.0-255,1484,68058,77,421508
23268,0.000822,74.125.130.0-255,1484,69542,77,421508
23269,0.00083,172.31.40.0-255,66,69608,77,421508
23270,0.000839,74.125.130.0-255,1484,71092,77,421508
23271,0.000847,74.125.130.0-255,5738,76830,77,421508
23272,0.000867,74.125.130.0-255,5738,82568,77,421508
23273,0.000883,172.31.40.0-255,66,82634,77,421508
23274,0.00089,74.125.130.0-255,7156,89790,77,421508
23275,0.0009,172.31.40.0-255,66,89856,77,421508
23276,0.000951,74.125.130.0-255,8574,98430,77,421508
23277,0.000968,74.125.130.0-255,2184,100614,77,421508
23278,0.000972,172.31.40.0-255,66,100680,77,421508
23279,0.00113,74.125.130.0-255,1484,102164,77,421508
23280,0.00115,74.125.130.0-255,2902,105066,77,421508
23281,0.001165,172.31.40.0-255,66,105132,77,421508
23282,0.001172,74.125.130.0-255,5738,110870,77,421508
23283,0.001181,172.31.40.0-255,66,110936,77,421508
23284,0.001192,74.125.130.0-255,7156,118092,77,421508
23285,0.001217,74.125.130.0-255,2902,120994,77,421508
23286,0.001219,172.31.40.0-255,66,121060,77,421508
23287,0.001226,172.31.40.0-255,66,121126,77,421508
23288,0.001242,74.125.130.0-255,8574,129700,77,421508
23289,0.001255,172.31.40.0-255,66,129766,77,421508
23290,0.001271,74.125.130.0-255,4320,134086,77,421508
23291,0.001278,172.31.40.0-255,66,134152,77,421508
23292,0.001291,74.125.130.0-255,766,134918,77,421508
23293,0.001668,74.125.130.0-255,1484,136402,77,421508
23294,0.001673,172.31.40.0-255,66,136468,77,421508
23295,0.001693,74.125.130.0-255,2902,139370,77,421508
23296,0.001698,172.31.40.0-255,66,139436,77,421508
23297,0.001716,74.125.130.0-255,5738,145174,77,421508
23298,0.001731,172.31.40.0-255,66,145240,77,421508
23299,0.001737,74.125.130.0-255,4320,149560,77,421508
23300,0.001741,172.31.40.0-255,66,149626,77,421508
23301,0.001761,74.125.130.0-255,5738,155364,77,421508
23302,0.001778,172.31.40.0-255,66,155430,77,421508
23303,0.001787,74.125.130.0-255,2902,158332,77,421508
23304,0.001792,74.125.130.0-255,4320,162652,77,421508
23305,0.001816,172.31.40.0-255,66,162718,77,421508
23306,0.001832,74.125.130.0-255,6438,169156,77,421508
23307,0.001848,172.31.40.0-255,66,169222,77,421508
23308,0.001926,74.125.130.0-255,1484,170706,77,421508
23309,0.00193,74.125.130.0-255,1484,172190,77,421508
23310,0.001933,172.31.40.0-255,66,172256,77,421508
23311,0.001952,74.125.130.0-255,1484,173740,77,421508
23312,0.001959,74.125.130.0-255,5738,179478,77,421508
23313,0.001971,172.31.40.0-255,66,179544,77,421508
23314,0.001985,74.125.130.0-255,2902,182446,77,421508
23315,0.00199,172.31.40.0-255,66,182512,77,421508
23316,0.002002,74.125.130.0-255,4320,186832,77,421508
23317,0.002024,172.31.40.0-255,66,186898,77,421508
23318,0.002032,74.125.130.0-255,7156,194054,77,421508
23319,0.002042,172.31.40.0-255,66,194120,77,421508
23320,0.002045,74.125.130.0-255,1484,195604,77,421508
23321,0.002083,74.125.130.0-255,4320,199924,77,421508
23322,0.002098,74.125.130.0-255,3602,203526,77,421508
23323,0.002106,172.31.40.0-255,66,203592,77,421508
23324,0.002227,74.125.130.0-255,1484,205076,77,421508
23325,0.00224,74.125.130.0-255,2902,207978,77,421508
23326,0.002243,172.31.40.0-255,66,208044,77,421508
23327,0.002263,74.125.130.0-255,2902,210946,77,421508
23328,0.002268,172.31.40.0-255,66,211012,77,421508
23329,0.002277,74.125.130.0-255,2902,213914,77,421508
23330,0.002282,74.125.130.0-255,4320,218234,77,421508
23331,0.002287,172.31.40.0-255,66,218300,77,421508
23332,0.002309,74.125.130.0-255,5738,224038,77,421508
23333,0.002322,172.31.40.0-255,66,224104,77,421508
23334,0.002333,74.125.130.0-255,2902,227006,77,421508
23335,0.002358,74.125.130.0-255,8574,235580,77,421508
23336,0.002362,74.125.130.0-255,2184,237764,77,421508
23337,0.002364,172.31.40.0-255,66,237830,77,421508
23338,0.002369,172.31.40.0-255,66,237896,77,421508
23339,0.002456,74.125.130.0-255,1484,239380,77,421508
23340,0.00247,74.125.130.0-255,2902,242282,77,421508
23341,0.002487,74.125.130.0-255,1484,243766,77,421508
23342,0.002496,172.31.40.0-255,66,243832,77,421508
23343,0.002501,74.125.130.0-255,2902,246734,77,421508
23344,0.002504,74.125.130.0-255,1484,248218,77,421508
23345,0.002515,172.31.40.0-255,66,248284,77,421508
23346,0.002528,74.125.130.0-255,4320,252604,77,421508
23347,0.002549,74.125.130.0-255,7156,259760,77,421508
23348,0.002576,74.125.130.0-255,4320,264080,77,421508
23349,0.002597,74.125.130.0-255,4320,268400,77,421508
23350,0.002601,74.125.130.0-255,3602,272002,77,421508
23351,0.007834,172.31.40.0-255,66,272068,77,421508
23352,0.010421,74.125.130.0-255,5738,277806,77,421508
23353,0.010438,172.31.40.0-255,66,277872,77,421508
23354,0.01308,74.125.130.0-255,5738,283610,77,421508
23355,0.013101,172.31.40.0-255,66,283676,77,421508
23356,0.015716,74.125.130.0-255,5738,289414,77,421508
23357,0.015734,172.31.40.0-255,66,289480,77,421508
23358,0.018325,74.125.130.0-255,5738,295218,77,421508
23359,0.019996,172.31.40.0-255,66,295284,77,421508
23360,0.022593,74.125.130.0-255,5738,301022,77,421508
23361,0.022613,172.31.40.0-255,66,301088,77,421508
23362,0.025201,74.125.130.0-255,5738,306826,77,421508
23363,0.02522,172.31.40.0-255,66,306892,77,421508
23364,0.027809,74.125.130.0-255,5738,312630,77,421508
23365,0.027831,172.31.40.0-255,66,312696,77,421508
23366,0.030428,74.125.130.0-255,5738,318434,77,421508
23367,0.030449,172.31.40.0-255,66,318500,77,421508
23368,0.033039,74.125.130.0-255,5738,324238,77,421508
23369,0.033054,172.31.40.0-255,66,324304,77,421508
23370,0.035644,74.125.130.0-255,5738,330042,77,421508
23371,0.035662,172.31.40.0-255,66,330108,77,421508
23372,0.038259,74.125.130.0-255,5738,335846,77,421508
23373,0.038279,172.31.40.0-255,66,335912,77,421508
23374,0.040854,74.125.130.0-255,5738,341650,77,421508
23375,0.040863,172.31.40.0-255,66,341716,77,421508
23376,0.043444,74.125.130.0-255,5738,347454,77,421508
23377,0.043452,172.31.40.0-255,66,347520,77,421508
23378,0.046047,74.125.130.0-255,5738,353258,77,421508
23379,0.046062,172.31.40.0-255,66,353324,77,421508
23380,0.047506,172.31.40.0-255,172,353496,77,421508
23381,0.047541,172.31.40.0-255,1119,354615,77,421508
23382,0.047603,172.31.40.0-255,1514,356129,77,421508
23383,0.047605,172.31.40.0-255,1276,357405,77,421508
23384,0.048648,74.125.130.0-255,5738,363143,77,421508
23385,0.048656,172.31.40.0-255,66,363209,77,421508
23386,0.049065,104.244.42.0-255,66,363275,77,421508
23387,0.049242,104.244.42.0-255,66,363341,77,421508
23388,0.049286,104.244.42.0-255,66,363407,77,421508
23389,0.05124,74.125.130.0-255,5738,369145,77,421508
23390,0.051257,172.31.40.0-255,66,369211,77,421508
23391,0.05385,74.125.130.0-255,5738,374949,77,421508
23392,0.053869,172.31.40.0-255,66,375015,77,421508
23393,0.056461,74.125.130.0-255,5738,380753,77,421508
23394,0.056485,172.31.40.0-255,66,380819,77,421508
23395,0.059084,74.125.130.0-255,5738,386557,77,421508
23396,0.059107,172.31.40.0-255,66,386623,77,421508
23397,0.0617,74.125.130.0-255,5738,392361,77,421508
23398,0.061719,172.31.40.0-255,66,392427,77,421508
23399,0.064305,74.125.130.0-255,5738,398165,77,421508
23400,0.064312,172.31.40.0-255,66,398231,77,421508
23401,0.066891,74.125.130.0-255,5738,403969,77,421508
23402,0.066898,172.31.40.0-255,66,404035,77,421508
23403,0.06949,74.125.130.0-255,5738,409773,77,421508
23404,0.06951,172.31.40.0-255,66,409839,77,421508
23405,0.072099,74.125.130.0-255,5738,415577,77,421508
23406,0.072118,172.31.40.0-255,66,415643,77,421508
23407,0.074714,74.125.130.0-255,5628,421271,77,421508
23408,0.074734,172.31.40.0-255,66,421337,77,421508
23409,0.075069,172.31.40.0-255,105,421442,77,421508
23410,0.077611,74.125.130.0-255,66,421508,77,421508
23411,0.0,172.217.194.0-255,153,153,77,295159
23412,1.7e-05,172.31.40.0-255,66,219,77,295159
23413,2.4e-05,172.217.194.0-255,1484,1703,77,295159
23414,2.8e-05,172.31.40.0-255,66,1769,77,295159
23415,3.4e-05,172.217.194.0-255,2902,4671,77,295159
23416,4.4e-05,172.31.40.0-255,66,4737,77,295159
23417,5.2e-05,172.217.194.0-255,7156,11893,77,295159
23418,5.7e-05,172.31.40.0-255,66,11959,77,295159
23419,0.0001,172.217.194.0-255,10537,22496,77,295159
23420,0.000103,172.31.40.0-255,66,22562,77,295159
23421,0.000117,172.217.194.0-255,5738,28300,77,295159
23422,0.000124,172.31.40.0-255,66,28366,77,295159
23423,0.00015,172.217.194.0-255,2543,30909,77,295159
23424,0.000153,172.31.40.0-255,66,30975,77,295159
23425,0.000181,172.217.194.0-255,8574,39549,77,295159
23426,0.000184,172.31.40.0-255,66,39615,77,295159
23427,0.000189,172.217.194.0-255,4320,43935,77,295159
23428,0.000191,172.31.40.0-255,66,44001,77,295159
23429,0.00022,172.217.194.0-255,5379,49380,77,295159
23430,0.000223,172.31.40.0-255,66,49446,77,295159
23431,0.00023,172.217.194.0-255,7156,56602,77,295159
23432,0.000233,172.31.40.0-255,66,56668,77,295159
23433,0.000265,172.217.194.0-255,8503,65171,77,295159
23434,0.000268,172.31.40.0-255,66,65237,77,295159
23435,0.000391,172.217.194.0-255,99,65336,77,295159
23436,0.000395,172.31.40.0-255,66,65402,77,295159
23437,0.000469,172.217.194.0-255,1484,66886,77,295159
23438,0.000472,172.31.40.0-255,66,66952,77,295159
23439,0.000478,172.217.194.0-255,2902,69854,77,295159
23440,0.00048,172.31.40.0-255,66,69920,77,295159
23441,0.000485,172.217.194.0-255,2902,72822,77,295159
23442,0.000491,172.31.40.0-255,66,72888,77,295159
23443,0.000503,172.217.194.0-255,2902,75790,77,295159
23444,0.000506,172.31.40.0-255,66,75856,77,295159
23445,0.000526,172.217.194.0-255,6797,82653,77,295159
23446,0.000529,172.31.40.0-255,66,82719,77,295159
23447,0.000533,172.217.194.0-255,2902,85621,77,295159
23448,0.000535,172.31.40.0-255,66,85687,77,295159
23449,0.000561,172.217.194.0-255,4320,90007,77,295159
23450,0.000567,172.31.40.0-255,66,90073,77,295159
23451,0.000591,172.217.194.0-255,9633,99706,77,295159
23452,0.000593,172.31.40.0-255,66,99772,77,295159
23453,0.000676,172.217.194.0-255,365,100137,77,295159
23454,0.000785,172.217.194.0-255,1484,101621,77,295159
23455,0.000789,172.31.40.0-255,66,101687,77,295159
23456,0.000794,172.217.194.0-255,2902,104589,77,295159
23457,0.000797,172.31.40.0-255,66,104655,77,295159
23458,0.000831,172.217.194.0-255,5738,110393,77,295159
23459,0.000834,172.31.40.0-255,66,110459,77,295159
23460,0.000841,172.217.194.0-255,7156,117615,77,295159
23461,0.000844,172.31.40.0-255,66,117681,77,295159
23462,0.000858,172.217.194.0-255,9992,127673,77,295159
23463,0.000861,172.31.40.0-255,66,127739,77,295159
23464,0.00089,172.217.194.0-255,4320,132059,77,295159
23465,0.000898,172.31.40.0-255,66,132125,77,295159
23466,0.000902,172.217.194.0-255,2184,134309,77,295159
23467,0.000905,172.31.40.0-255,66,134375,77,295159
23468,0.000909,172.217.194.0-255,2902,137277,77,295159
23469,0.000912,172.31.40.0-255,66,137343,77,295159
23470,0.00092,172.217.194.0-255,7156,144499,77,295159
23471,0.000922,172.31.40.0-255,66,144565,77,295159
23472,0.000967,172.217.194.0-255,8574,153139,77,295159
23473,0.00097,172.31.40.0-255,66,153205,77,295159
23474,0.001007,172.217.194.0-255,1484,154689,77,295159
23475,0.001019,172.217.194.0-255,13528,168217,77,295159
23476,0.001025,172.31.40.0-255,66,168283,77,295159
23477,0.001067,172.31.40.0-255,101,168384,77,295159
23478,0.001117,172.217.194.0-255,1484,169868,77,295159
23479,0.001123,172.217.194.0-255,2902,172770,77,295159
23480,0.001127,172.31.40.0-255,66,172836,77,295159
23481,0.001139,172.217.194.0-255,1484,174320,77,295159
23482,0.001157,172.217.194.0-255,4320,178640,77,295159
23483,0.00116,172.31.40.0-255,66,178706,77,295159
23484,0.001167,172.217.194.0-255,5738,184444,77,295159
23485,0.001169,172.31.40.0-255,66,184510,77,295159
23486,0.001206,172.217.194.0-255,7156,191666,77,295159
23487,0.001215,172.217.194.0-255,9992,201658,77,295159
23488,0.001218,172.217.194.0-255,766,202424,77,295159
23489,0.001242,172.31.40.0-255,66,202490,77,295159
23490,0.001505,172.217.194.0-255,1484,203974,77,295159
23491,0.001511,172.217.194.0-255,2902,206876,77,295159
23492,0.001514,172.31.40.0-255,66,206942,77,295159
23493,0.001518,172.217.194.0-255,1484,208426,77,295159
23494,0.001542,172.217.194.0-255,2902,211328,77,295159
23495,0.001544,172.31.40.0-255,66,211394,77,295159
23496,0.00155,172.217.194.0-255,5738,217132,77,295159
23497,0.001552,172.31.40.0-255,66,217198,77,295159
23498,0.00158,172.217.194.0-255,7156,224354,77,295159
23499,0.001582,172.31.40.0-255,66,224420,77,295159
23500,0.001611,172.217.194.0-255,5738,230158,77,295159
23501,0.001614,172.31.40.0-255,66,230224,77,295159
23502,0.001622,172.217.194.0-255,6438,236662,77,295159
23503,0.001631,172.31.40.0-255,66,236728,77,295159
23504,0.001766,172.217.194.0-255,1484,238212,77,295159
23505,0.001772,172.217.194.0-255,2902,241114,77,295159
23506,0.001776,172.31.40.0-255,66,241180,77,295159
23507,0.001804,172.217.194.0-255,5738,246918,77,295159
23508,0.001806,172.31.40.0-255,66,246984,77,295159
23509,0.001823,172.217.194.0-255,7156,254140,77,295159
23510,0.001826,172.31.40.0-255,66,254206,77,295159
23511,0.001845,172.217.194.0-255,5738,259944,77,295159
23512,0.001849,172.217.194.0-255,2902,262846,77,295159
23513,0.001864,172.31.40.0-255,66,262912,77,295159
23514,0.001926,172.217.194.0-255,9274,272186,77,295159
23515,0.001958,172.217.194.0-255,5738,277924,77,295159
23516,0.001962,172.31.40.0-255,66,277990,77,295159
23517,0.001997,172.217.194.0-255,1484,279474,77,295159
23518,0.002032,172.31.40.0-255,66,279540,77,295159
23519,0.002119,172.31.40.0-255,66,279606,77,295159
23520,0.002127,172.217.194.0-255,6438,286044,77,295159
23521,0.002129,172.217.194.0-255,1484,287528,77,295159
23522,0.002135,172.217.194.0-255,1268,288796,77,295159
23523,0.002137,172.217.194.0-255,105,288901,77,295159
23524,0.002145,172.31.40.0-255,66,288967,77,295159
23525,0.003304,172.217.194.0-255,66,289033,77,295159
23526,0.013265,172.31.40.0-255,105,289138,77,295159
23527,0.015516,172.217.194.0-255,66,289204,77,295159
23528,0.068485,172.31.40.0-255,172,289376,77,295159
23529,0.068518,172.31.40.0-255,1120,290496,77,295159
23530,0.068604,172.31.40.0-255,1514,292010,77,295159
23531,0.068606,172.31.40.0-255,1514,293524,77,295159
23532,0.068609,172.31.40.0-255,1371,294895,77,295159
23533,0.069989,104.244.42.0-255,66,294961,77,295159
23534,0.070083,104.244.42.0-255,66,295027,77,295159
23535,0.070115,104.244.42.0-255,66,295093,77,295159
23536,0.070119,104.244.42.0-255,66,295159,77,295159
23537,0.0,172.217.194.0-255,153,153,77,369934
23538,2.4e-05,172.31.40.0-255,66,219,77,369934
23539,3.1e-05,172.217.194.0-255,1484,1703,77,369934
23540,3.7e-05,172.31.40.0-255,66,1769,77,369934
23541,4.2e-05,172.217.194.0-255,2902,4671,77,369934
23542,4.7e-05,172.31.40.0-255,66,4737,77,369934
23543,5.4e-05,172.217.194.0-255,7156,11893,77,369934
23544,5.8e-05,172.31.40.0-255,66,11959,77,369934
23545,6.3e-05,172.217.194.0-255,1981,13940,77,369934
23546,6.5e-05,172.31.40.0-255,66,14006,77,369934
23547,0.000118,172.217.194.0-255,4320,18326,77,369934
23548,0.000121,172.31.40.0-255,66,18392,77,369934
23549,0.000137,172.217.194.0-255,4320,22712,77,369934
23550,0.000139,172.31.40.0-255,66,22778,77,369934
23551,0.000182,172.217.194.0-255,8215,30993,77,369934
23552,0.000185,172.31.40.0-255,66,31059,77,369934
23553,0.000266,172.217.194.0-255,1484,32543,77,369934
23554,0.00027,172.31.40.0-255,66,32609,77,369934
23555,0.000275,172.217.194.0-255,2902,35511,77,369934
23556,0.000277,172.31.40.0-255,66,35577,77,369934
23557,0.000281,172.217.194.0-255,1484,37061,77,369934
23558,0.000283,172.31.40.0-255,66,37127,77,369934
23559,0.000299,172.217.194.0-255,4320,41447,77,369934
23560,0.000301,172.31.40.0-255,66,41513,77,369934
23561,0.000315,172.217.194.0-255,1484,42997,77,369934
23562,0.000317,172.31.40.0-255,66,43063,77,369934
23563,0.000346,172.217.194.0-255,9633,52696,77,369934
23564,0.000348,172.31.40.0-255,66,52762,77,369934
23565,0.000359,172.217.194.0-255,11410,64172,77,369934
23566,0.000361,172.31.40.0-255,66,64238,77,369934
23567,0.000364,172.217.194.0-255,1125,65363,77,369934
23568,0.000366,172.31.40.0-255,66,65429,77,369934
23569,0.000641,172.217.194.0-255,645,66074,77,369934
23570,0.000799,172.217.194.0-255,1484,67558,77,369934
23571,0.000805,172.217.194.0-255,2902,70460,77,369934
23572,0.00082,172.217.194.0-255,2902,73362,77,369934
23573,0.000837,172.31.40.0-255,66,73428,77,369934
23574,0.000842,172.217.194.0-255,2902,76330,77,369934
23575,0.000846,172.217.194.0-255,2902,79232,77,369934
23576,0.000851,172.31.40.0-255,66,79298,77,369934
23577,0.000865,172.217.194.0-255,8574,87872,77,369934
23578,0.000877,172.217.194.0-255,1484,89356,77,369934
23579,0.000905,172.217.194.0-255,5738,95094,77,369934
23580,0.00092,172.217.194.0-255,5020,100114,77,369934
23581,0.000934,172.31.40.0-255,66,100180,77,369934
23582,0.0021,172.217.194.0-255,1484,101664,77,369934
23583,0.002111,172.217.194.0-255,2902,104566,77,369934
23584,0.002116,172.31.40.0-255,66,104632,77,369934
23585,0.002123,172.217.194.0-255,4320,108952,77,369934
23586,0.002135,172.217.194.0-255,1484,110436,77,369934
23587,0.002139,172.217.194.0-255,2902,113338,77,369934
23588,0.002165,172.217.194.0-255,9992,123330,77,369934
23589,0.002171,172.217.194.0-255,5738,129068,77,369934
23590,0.002184,172.217.194.0-255,2902,131970,77,369934
23591,0.002203,172.217.194.0-255,2184,134154,77,369934
23592,0.002557,172.217.194.0-255,1484,135638,77,369934
23593,0.002561,172.217.194.0-255,2902,138540,77,369934
23594,0.002564,172.217.194.0-255,1484,140024,77,369934
23595,0.002583,172.217.194.0-255,4320,144344,77,369934
23596,0.0026,172.217.194.0-255,5738,150082,77,369934
23597,0.002624,172.217.194.0-255,7156,157238,77,369934
23598,0.00263,172.217.194.0-255,5738,162976,77,369934
23599,0.002646,172.217.194.0-255,5020,167996,77,369934
23600,0.007375,172.31.40.0-255,66,168062,77,369934
23601,0.00999,172.217.194.0-255,4320,172382,77,369934
23602,0.009998,172.31.40.0-255,66,172448,77,369934
23603,0.010017,172.217.194.0-255,1484,173932,77,369934
23604,0.012605,172.217.194.0-255,4320,178252,77,369934
23605,0.012613,172.31.40.0-255,66,178318,77,369934
23606,0.015225,172.217.194.0-255,5738,184056,77,369934
23607,0.015285,172.31.40.0-255,66,184122,77,369934
23608,0.017904,172.217.194.0-255,5738,189860,77,369934
23609,0.017912,172.31.40.0-255,66,189926,77,369934
23610,0.020508,172.217.194.0-255,5738,195664,77,369934
23611,0.020516,172.31.40.0-255,66,195730,77,369934
23612,0.023127,172.217.194.0-255,5738,201468,77,369934
23613,0.023135,172.31.40.0-255,66,201534,77,369934
23614,0.025756,172.217.194.0-255,5738,207272,77,369934
23615,0.025763,172.31.40.0-255,66,207338,77,369934
23616,0.028367,172.217.194.0-255,5738,213076,77,369934
23617,0.028375,172.31.40.0-255,66,213142,77,369934
23618,0.030973,172.217.194.0-255,4320,217462,77,369934
23619,0.030983,172.31.40.0-255,66,217528,77,369934
23620,0.031007,172.217.194.0-255,1484,219012,77,369934
23621,0.033613,172.217.194.0-255,4320,223332,77,369934
23622,0.033627,172.31.40.0-255,66,223398,77,369934
23623,0.036242,172.217.194.0-255,5738,229136,77,369934
23624,0.03628,172.31.40.0-255,172,229308,77,369934
23625,0.036309,172.31.40.0-255,1066,230374,77,369934
23626,0.036371,172.31.40.0-255,66,230440,77,369934
23627,0.037827,104.244.42.0-255,66,230506,77,369934
23628,0.037892,104.244.42.0-255,66,230572,77,369934
23629,0.038995,172.217.194.0-255,5738,236310,77,369934
23630,0.039001,172.31.40.0-255,66,236376,77,369934
23631,0.041623,172.217.194.0-255,1484,237860,77,369934
23632,0.041642,172.217.194.0-255,4320,242180,77,369934
23633,0.041647,172.31.40.0-255,66,242246,77,369934
23634,0.044274,172.217.194.0-255,5738,247984,77,369934
23635,0.044281,172.31.40.0-255,66,248050,77,369934
23636,0.046912,172.217.194.0-255,5738,253788,77,369934
23637,0.04692,172.31.40.0-255,66,253854,77,369934
23638,0.049519,172.217.194.0-255,5738,259592,77,369934
23639,0.049526,172.31.40.0-255,66,259658,77,369934
23640,0.052151,172.217.194.0-255,5738,265396,77,369934
23641,0.052156,172.31.40.0-255,66,265462,77,369934
23642,0.054749,172.217.194.0-255,5738,271200,77,369934
23643,0.054756,172.31.40.0-255,66,271266,77,369934
23644,0.057392,172.217.194.0-255,5738,277004,77,369934
23645,0.057397,172.31.40.0-255,66,277070,77,369934
23646,0.060025,172.217.194.0-255,5738,282808,77,369934
23647,0.060034,172.31.40.0-255,66,282874,77,369934
23648,0.062629,172.217.194.0-255,5738,288612,77,369934
23649,0.062634,172.31.40.0-255,66,288678,77,369934
23650,0.065265,172.217.194.0-255,5738,294416,77,369934
23651,0.065271,172.31.40.0-255,66,294482,77,369934
23652,0.067862,172.217.194.0-255,5738,300220,77,369934
23653,0.067867,172.31.40.0-255,66,300286,77,369934
23654,0.070489,172.217.194.0-255,5738,306024,77,369934
23655,0.070494,172.31.40.0-255,66,306090,77,369934
23656,0.073112,172.217.194.0-255,5738,311828,77,369934
23657,0.073117,172.31.40.0-255,66,311894,77,369934
23658,0.075702,172.217.194.0-255,5738,317632,77,369934
23659,0.075708,172.31.40.0-255,66,317698,77,369934
23660,0.078301,172.217.194.0-255,5738,323436,77,369934
23661,0.078311,172.31.40.0-255,66,323502,77,369934
23662,0.080919,172.217.194.0-255,5738,329240,77,369934
23663,0.080926,172.31.40.0-255,66,329306,77,369934
23664,0.083537,172.217.194.0-255,5738,335044,77,369934
23665,0.083544,172.31.40.0-255,66,335110,77,369934
23666,0.086144,172.217.194.0-255,5738,340848,77,369934
23667,0.086151,172.31.40.0-255,66,340914,77,369934
23668,0.08878,172.217.194.0-255,5738,346652,77,369934
23669,0.088787,172.31.40.0-255,66,346718,77,369934
23670,0.091378,172.217.194.0-255,5738,352456,77,369934
23671,0.091385,172.31.40.0-255,66,352522,77,369934
23672,0.094003,172.217.194.0-255,5738,358260,77,369934
23673,0.094009,172.31.40.0-255,66,358326,77,369934
23674,0.096604,172.217.194.0-255,5738,364064,77,369934
23675,0.096611,172.31.40.0-255,66,364130,77,369934
23676,0.099214,172.217.194.0-255,5738,369868,77,369934
23677,0.099221,172.31.40.0-255,66,369934,77,369934
23678,0.0,74.125.130.0-255,298,298,77,341862
23679,2.3e-05,172.31.40.0-255,66,364,77,341862
23680,2.9e-05,74.125.130.0-255,1484,1848,77,341862
23681,3.3e-05,172.31.40.0-255,66,1914,77,341862
23682,3.9e-05,74.125.130.0-255,2902,4816,77,341862
23683,5e-05,172.31.40.0-255,66,4882,77,341862
23684,5.6e-05,74.125.130.0-255,4320,9202,77,341862
23685,5.9e-05,172.31.40.0-255,66,9268,77,341862
23686,9.4e-05,74.125.130.0-255,4671,13939,77,341862
23687,9.9e-05,172.31.40.0-255,66,14005,77,341862
23688,0.000319,74.125.130.0-255,1484,15489,77,341862
23689,0.000325,172.31.40.0-255,66,15555,77,341862
23690,0.000331,74.125.130.0-255,2902,18457,77,341862
23691,0.000333,172.31.40.0-255,66,18523,77,341862
23692,0.00034,74.125.130.0-255,5738,24261,77,341862
23693,0.000348,172.31.40.0-255,66,24327,77,341862
23694,0.00038,74.125.130.0-255,4320,28647,77,341862
23695,0.000383,172.31.40.0-255,66,28713,77,341862
23696,0.000412,74.125.130.0-255,2543,31256,77,341862
23697,0.000415,172.31.40.0-255,66,31322,77,341862
23698,0.000754,74.125.130.0-255,1484,32806,77,341862
23699,0.000758,172.31.40.0-255,66,32872,77,341862
23700,0.000764,74.125.130.0-255,2902,35774,77,341862
23701,0.000767,172.31.40.0-255,66,35840,77,341862
23702,0.000787,74.125.130.0-255,1484,37324,77,341862
23703,0.000789,172.31.40.0-255,66,37390,77,341862
23704,0.000822,74.125.130.0-255,4320,41710,77,341862
23705,0.000824,172.31.40.0-255,66,41776,77,341862
23706,0.000827,74.125.130.0-255,1484,43260,77,341862
23707,0.000829,172.31.40.0-255,66,43326,77,341862
23708,0.000835,74.125.130.0-255,4320,47646,77,341862
23709,0.000837,172.31.40.0-255,66,47712,77,341862
23710,0.000861,74.125.130.0-255,1125,48837,77,341862
23711,0.000921,74.125.130.0-255,1484,50321,77,341862
23712,0.000924,172.31.40.0-255,66,50387,77,341862
23713,0.00093,74.125.130.0-255,2902,53289,77,341862
23714,0.000932,172.31.40.0-255,66,53355,77,341862
23715,0.000935,74.125.130.0-255,1484,54839,77,341862
23716,0.000962,74.125.130.0-255,4320,59159,77,341862
23717,0.000965,172.31.40.0-255,66,59225,77,341862
23718,0.000995,74.125.130.0-255,6797,66022,77,341862
23719,0.000998,172.31.40.0-255,66,66088,77,341862
23720,0.001673,74.125.130.0-255,645,66733,77,341862
23721,0.001991,74.125.130.0-255,1484,68217,77,341862
23722,0.001998,172.31.40.0-255,66,68283,77,341862
23723,0.002006,74.125.130.0-255,2902,71185,77,341862
23724,0.002008,172.31.40.0-255,66,71251,77,341862
23725,0.00202,74.125.130.0-255,5738,76989,77,341862
23726,0.002022,172.31.40.0-255,66,77055,77,341862
23727,0.002062,74.125.130.0-255,12828,89883,77,341862
23728,0.002065,172.31.40.0-255,66,89949,77,341862
23729,0.002072,74.125.130.0-255,5738,95687,77,341862
23730,0.002073,172.31.40.0-255,66,95753,77,341862
23731,0.002095,74.125.130.0-255,2902,98655,77,341862
23732,0.002097,172.31.40.0-255,66,98721,77,341862
23733,0.002125,74.125.130.0-255,2184,100905,77,341862
23734,0.00213,172.31.40.0-255,66,100971,77,341862
23735,0.004428,74.125.130.0-255,4320,105291,77,341862
23736,0.004435,172.31.40.0-255,66,105357,77,341862
23737,0.004453,74.125.130.0-255,1484,106841,77,341862
23738,0.006762,74.125.130.0-255,4320,111161,77,341862
23739,0.006769,172.31.40.0-255,66,111227,77,341862
23740,0.009142,74.125.130.0-255,5738,116965,77,341862
23741,0.00915,172.31.40.0-255,66,117031,77,341862
23742,0.011495,74.125.130.0-255,5738,122769,77,341862
23743,0.011504,172.31.40.0-255,66,122835,77,341862
23744,0.013825,74.125.130.0-255,5738,128573,77,341862
23745,0.013832,172.31.40.0-255,66,128639,77,341862
23746,0.016173,74.125.130.0-255,5738,134377,77,341862
23747,0.016185,172.31.40.0-255,66,134443,77,341862
23748,0.018509,74.125.130.0-255,5738,140181,77,341862
23749,0.018522,172.31.40.0-255,66,140247,77,341862
23750,0.020845,74.125.130.0-255,5738,145985,77,341862
23751,0.020855,172.31.40.0-255,66,146051,77,341862
23752,0.023186,74.125.130.0-255,5738,151789,77,341862
23753,0.023198,172.31.40.0-255,66,151855,77,341862
23754,0.025518,74.125.130.0-255,5738,157593,77,341862
23755,0.025527,172.31.40.0-255,66,157659,77,341862
23756,0.027174,172.31.40.0-255,172,157831,77,341862
23757,0.027231,172.31.40.0-255,1119,158950,77,341862
23758,0.027295,172.31.40.0-255,1514,160464,77,341862
23759,0.027297,172.31.40.0-255,1276,161740,77,341862
23760,0.027843,74.125.130.0-255,5738,167478,77,341862
23761,0.027851,172.31.40.0-255,66,167544,77,341862
23762,0.028722,104.244.42.0-255,66,167610,77,341862
23763,0.02875,104.244.42.0-255,66,167676,77,341862
23764,0.028868,104.244.42.0-255,66,167742,77,341862
23765,0.030166,74.125.130.0-255,5738,173480,77,341862
23766,0.030172,172.31.40.0-255,66,173546,77,341862
23767,0.032517,74.125.130.0-255,5738,179284,77,341862
23768,0.032527,172.31.40.0-255,66,179350,77,341862
23769,0.03488,74.125.130.0-255,5738,185088,77,341862
23770,0.034887,172.31.40.0-255,66,185154,77,341862
23771,0.037225,74.125.130.0-255,5738,190892,77,341862
23772,0.037231,172.31.40.0-255,66,190958,77,341862
23773,0.039561,74.125.130.0-255,5738,196696,77,341862
23774,0.039574,172.31.40.0-255,66,196762,77,341862
23775,0.041904,74.125.130.0-255,5738,202500,77,341862
23776,0.041919,172.31.40.0-255,66,202566,77,341862
23777,0.044248,74.125.130.0-255,5738,208304,77,341862
23778,0.044259,172.31.40.0-255,66,208370,77,341862
23779,0.046593,74.125.130.0-255,5738,214108,77,341862
23780,0.046602,172.31.40.0-255,66,214174,77,341862
23781,0.048934,74.125.130.0-255,5738,219912,77,341862
23782,0.048945,172.31.40.0-255,66,219978,77,341862
23783,0.051292,74.125.130.0-255,5738,225716,77,341862
23784,0.051299,172.31.40.0-255,66,225782,77,341862
23785,0.053659,74.125.130.0-255,5738,231520,77,341862
23786,0.053666,172.31.40.0-255,66,231586,77,341862
23787,0.055998,74.125.130.0-255,5738,237324,77,341862
23788,0.056006,172.31.40.0-255,66,237390,77,341862
23789,0.058353,74.125.130.0-255,5738,243128,77,341862
23790,0.058359,172.31.40.0-255,66,243194,77,341862
23791,0.060693,74.125.130.0-255,5738,248932,77,341862
23792,0.060699,172.31.40.0-255,66,248998,77,341862
23793,0.063039,74.125.130.0-255,5738,254736,77,341862
23794,0.063048,172.31.40.0-255,66,254802,77,341862
23795,0.06536,74.125.130.0-255,5738,260540,77,341862
23796,0.065368,172.31.40.0-255,66,260606,77,341862
23797,0.067712,74.125.130.0-255,5738,266344,77,341862
23798,0.067719,172.31.40.0-255,66,266410,77,341862
23799,0.070041,74.125.130.0-255,5738,272148,77,341862
23800,0.070048,172.31.40.0-255,66,272214,77,341862
23801,0.07238,74.125.130.0-255,5738,277952,77,341862
23802,0.072387,172.31.40.0-255,66,278018,77,341862
23803,0.07473,74.125.130.0-255,5738,283756,77,341862
23804,0.074737,172.31.40.0-255,66,283822,77,341862
23805,0.077063,74.125.130.0-255,5738,289560,77,341862
23806,0.077069,172.31.40.0-255,66,289626,77,341862
23807,0.079409,74.125.130.0-255,5738,295364,77,341862
23808,0.079416,172.31.40.0-255,66,295430,77,341862
23809,0.081737,74.125.130.0-255,5738,301168,77,341862
23810,0.081744,172.31.40.0-255,66,301234,77,341862
23811,0.084082,74.125.130.0-255,5738,306972,77,341862
23812,0.084087,172.31.40.0-255,66,307038,77,341862
23813,0.086412,74.125.130.0-255,5738,312776,77,341862
23814,0.086419,172.31.40.0-255,66,312842,77,341862
23815,0.088765,74.125.130.0-255,5738,318580,77,341862
23816,0.088778,172.31.40.0-255,66,318646,77,341862
23817,0.091131,74.125.130.0-255,5738,324384,77,341862
23818,0.091147,172.31.40.0-255,66,324450,77,341862
23819,0.0935,74.125.130.0-255,5738,330188,77,341862
23820,0.093508,172.31.40.0-255,66,330254,77,341862
23821,0.095831,74.125.130.0-255,5738,335992,77,341862
23822,0.095838,172.31.40.0-255,66,336058,77,341862
23823,0.09817,74.125.130.0-255,5738,341796,77,341862
23824,0.098179,172.31.40.0-255,66,341862,77,341862
23825,0.0,172.31.40.0-255,105,105,77,525
23826,0.000244,172.31.40.0-255,90,195,77,525
23827,0.000255,172.31.40.0-255,66,261,77,525
23828,0.002452,172.217.194.0-255,66,327,77,525
23829,0.002485,172.217.194.0-255,66,393,77,525
23830,0.0025,172.31.40.0-255,66,459,77,525
23831,0.002503,172.217.194.0-255,66,525,77,525
23832,0.0,172.217.194.0-255,156,156,77,423173
23833,2.2e-05,172.31.40.0-255,66,222,77,423173
23834,2.9e-05,172.217.194.0-255,1484,1706,77,423173
23835,3.3e-05,172.31.40.0-255,66,1772,77,423173
23836,3.8e-05,172.217.194.0-255,2902,4674,77,423173
23837,4.2e-05,172.31.40.0-255,66,4740,77,423173
23838,5.6e-05,172.217.194.0-255,7156,11896,77,423173
23839,5.9e-05,172.31.40.0-255,66,11962,77,423173
23840,6.3e-05,172.217.194.0-255,2037,13999,77,423173
23841,6.5e-05,172.31.40.0-255,66,14065,77,423173
23842,9.4e-05,172.217.194.0-255,1484,15549,77,423173
23843,9.6e-05,172.31.40.0-255,66,15615,77,423173
23844,0.000101,172.217.194.0-255,2902,18517,77,423173
23845,0.000103,172.31.40.0-255,66,18583,77,423173
23846,0.000124,172.217.194.0-255,5738,24321,77,423173
23847,0.000127,172.31.40.0-255,66,24387,77,423173
23848,0.000162,172.217.194.0-255,6797,31184,77,423173
23849,0.000164,172.31.40.0-255,66,31250,77,423173
23850,0.00017,172.217.194.0-255,7156,38406,77,423173
23851,0.000172,172.31.40.0-255,66,38472,77,423173
23852,0.000199,172.217.194.0-255,5738,44210,77,423173
23853,0.000201,172.31.40.0-255,66,44276,77,423173
23854,0.000219,172.217.194.0-255,3961,48237,77,423173
23855,0.000221,172.31.40.0-255,66,48303,77,423173
23856,0.000265,172.217.194.0-255,9992,58295,77,423173
23857,0.000267,172.31.40.0-255,66,58361,77,423173
23858,0.000274,172.217.194.0-255,6797,65158,77,423173
23859,0.000276,172.31.40.0-255,66,65224,77,423173
23860,0.000278,172.217.194.0-255,376,65600,77,423173
23861,0.00028,172.31.40.0-255,66,65666,77,423173
23862,0.000305,172.217.194.0-255,99,65765,77,423173
23863,0.000307,172.31.40.0-255,66,65831,77,423173
23864,0.000397,172.217.194.0-255,1484,67315,77,423173
23865,0.000404,172.217.194.0-255,2902,70217,77,423173
23866,0.000406,172.31.40.0-255,66,70283,77,423173
23867,0.000435,172.217.194.0-255,5738,76021,77,423173
23868,0.000438,172.31.40.0-255,66,76087,77,423173
23869,0.000443,172.217.194.0-255,4320,80407,77,423173
23870,0.000445,172.31.40.0-255,66,80473,77,423173
23871,0.00048,172.217.194.0-255,9633,90106,77,423173
23872,0.000483,172.31.40.0-255,66,90172,77,423173
23873,0.000491,172.217.194.0-255,9910,100082,77,423173
23874,0.000493,172.31.40.0-255,66,100148,77,423173
23875,0.001015,172.217.194.0-255,1484,101632,77,423173
23876,0.00102,172.217.194.0-255,1484,103116,77,423173
23877,0.001023,172.31.40.0-255,66,103182,77,423173
23878,0.001037,172.217.194.0-255,1484,104666,77,423173
23879,0.001047,172.217.194.0-255,5738,110404,77,423173
23880,0.001049,172.31.40.0-255,66,110470,77,423173
23881,0.001052,172.217.194.0-255,1484,111954,77,423173
23882,0.001072,172.217.194.0-255,11410,123364,77,423173
23883,0.001073,172.31.40.0-255,66,123430,77,423173
23884,0.001114,172.217.194.0-255,2902,126332,77,423173
23885,0.001116,172.31.40.0-255,66,126398,77,423173
23886,0.001148,172.217.194.0-255,7856,134254,77,423173
23887,0.001151,172.31.40.0-255,66,134320,77,423173
23888,0.001157,172.217.194.0-255,5738,140058,77,423173
23889,0.001159,172.31.40.0-255,66,140124,77,423173
23890,0.001191,172.217.194.0-255,5738,145862,77,423173
23891,0.001194,172.31.40.0-255,66,145928,77,423173
23892,0.001201,172.217.194.0-255,5738,151666,77,423173
23893,0.001203,172.31.40.0-255,66,151732,77,423173
23894,0.001239,172.217.194.0-255,12828,164560,77,423173
23895,0.001242,172.31.40.0-255,66,164626,77,423173
23896,0.001266,172.217.194.0-255,3602,168228,77,423173
23897,0.001268,172.31.40.0-255,66,168294,77,423173
23898,0.001737,172.217.194.0-255,1484,169778,77,423173
23899,0.001745,172.217.194.0-255,2902,172680,77,423173
23900,0.001749,172.31.40.0-255,66,172746,77,423173
23901,0.001757,172.217.194.0-255,5738,178484,77,423173
23902,0.001759,172.31.40.0-255,66,178550,77,423173
23903,0.001789,172.217.194.0-255,12828,191378,77,423173
23904,0.001796,172.31.40.0-255,66,191444,77,423173
23905,0.001806,172.217.194.0-255,9992,201436,77,423173
23906,0.001809,172.31.40.0-255,66,201502,77,423173
23907,0.001812,172.217.194.0-255,766,202268,77,423173
23908,0.002209,172.217.194.0-255,1484,203752,77,423173
23909,0.002216,172.31.40.0-255,66,203818,77,423173
23910,0.002223,172.217.194.0-255,2902,206720,77,423173
23911,0.002225,172.31.40.0-255,66,206786,77,423173
23912,0.002236,172.217.194.0-255,4320,211106,77,423173
23913,0.002239,172.31.40.0-255,66,211172,77,423173
23914,0.002274,172.217.194.0-255,1484,212656,77,423173
23915,0.00228,172.217.194.0-255,4320,216976,77,423173
23916,0.002282,172.31.40.0-255,66,217042,77,423173
23917,0.002289,172.217.194.0-255,5738,222780,77,423173
23918,0.002291,172.31.40.0-255,66,222846,77,423173
23919,0.002301,172.217.194.0-255,11410,234256,77,423173
23920,0.002304,172.31.40.0-255,66,234322,77,423173
23921,0.002308,172.217.194.0-255,2184,236506,77,423173
23922,0.002314,172.217.194.0-255,2902,239408,77,423173
23923,0.002352,172.31.40.0-255,66,239474,77,423173
23924,0.00236,172.31.40.0-255,66,239540,77,423173
23925,0.002366,172.217.194.0-255,7156,246696,77,423173
23926,0.002369,172.31.40.0-255,66,246762,77,423173
23927,0.002388,172.217.194.0-255,9992,256754,77,423173
23928,0.002391,172.31.40.0-255,66,256820,77,423173
23929,0.002404,172.217.194.0-255,4320,261140,77,423173
23930,0.002407,172.31.40.0-255,66,261206,77,423173
23931,0.002445,172.217.194.0-255,9274,270480,77,423173
23932,0.002448,172.31.40.0-255,66,270546,77,423173
23933,0.002451,172.217.194.0-255,1484,272030,77,423173
23934,0.002456,172.217.194.0-255,2902,274932,77,423173
23935,0.002459,172.31.40.0-255,66,274998,77,423173
23936,0.002495,172.217.194.0-255,5738,280736,77,423173
23937,0.002498,172.31.40.0-255,66,280802,77,423173
23938,0.002503,172.217.194.0-255,4320,285122,77,423173
23939,0.002505,172.31.40.0-255,66,285188,77,423173
23940,0.002534,172.217.194.0-255,8574,293762,77,423173
23941,0.002536,172.31.40.0-255,66,293828,77,423173
23942,0.002568,172.217.194.0-255,10692,304520,77,423173
23943,0.002571,172.31.40.0-255,66,304586,77,423173
23944,0.005133,172.217.194.0-255,5738,310324,77,423173
23945,0.005139,172.31.40.0-255,66,310390,77,423173
23946,0.007703,172.217.194.0-255,5738,316128,77,423173
23947,0.00771,172.31.40.0-255,66,316194,77,423173
23948,0.010277,172.217.194.0-255,5738,321932,77,423173
23949,0.010283,172.31.40.0-255,66,321998,77,423173
23950,0.012866,172.217.194.0-255,5738,327736,77,423173
23951,0.012883,172.31.40.0-255,66,327802,77,423173
23952,0.015467,172.217.194.0-255,5738,333540,77,423173
23953,0.015482,172.31.40.0-255,66,333606,77,423173
23954,0.018077,172.217.194.0-255,5738,339344,77,423173
23955,0.018086,172.31.40.0-255,66,339410,77,423173
23956,0.020669,172.217.194.0-255,5738,345148,77,423173
23957,0.020677,172.31.40.0-255,66,345214,77,423173
23958,0.023252,172.217.194.0-255,5738,350952,77,423173
23959,0.023264,172.31.40.0-255,66,351018,77,423173
23960,0.025833,172.217.194.0-255,5738,356756,77,423173
23961,0.025842,172.31.40.0-255,66,356822,77,423173
23962,0.02841,172.217.194.0-255,5738,362560,77,423173
23963,0.028417,172.31.40.0-255,66,362626,77,423173
23964,0.030994,172.217.194.0-255,5738,368364,77,423173
23965,0.031001,172.31.40.0-255,66,368430,77,423173
23966,0.033558,172.217.194.0-255,5738,374168,77,423173
23967,0.033566,172.31.40.0-255,66,374234,77,423173
23968,0.035718,172.31.40.0-255,172,374406,77,423173
23969,0.035751,172.31.40.0-255,1120,375526,77,423173
23970,0.03583,172.31.40.0-255,1514,377040,77,423173
23971,0.035831,172.31.40.0-255,1514,378554,77,423173
23972,0.035838,172.31.40.0-255,1514,380068,77,423173
23973,0.035839,172.31.40.0-255,1514,381582,77,423173
23974,0.035858,172.31.40.0-255,1479,383061,77,423173
23975,0.036135,172.217.194.0-255,5738,388799,77,423173
23976,0.036141,172.31.40.0-255,66,388865,77,423173
23977,0.037205,104.244.42.0-255,66,388931,77,423173
23978,0.037238,104.244.42.0-255,66,388997,77,423173
23979,0.037361,104.244.42.0-255,66,389063,77,423173
23980,0.038711,172.217.194.0-255,5738,394801,77,423173
23981,0.038719,172.31.40.0-255,66,394867,77,423173
23982,0.041302,172.217.194.0-255,5738,400605,77,423173
23983,0.04131,172.31.40.0-255,66,400671,77,423173
23984,0.043894,172.217.194.0-255,5738,406409,77,423173
23985,0.043901,172.31.40.0-255,66,406475,77,423173
23986,0.046496,172.217.194.0-255,5738,412213,77,423173
23987,0.046502,172.31.40.0-255,66,412279,77,423173
23988,0.049097,172.217.194.0-255,5738,418017,77,423173
23989,0.049102,172.31.40.0-255,66,418083,77,423173
23990,0.051701,172.217.194.0-255,4853,422936,77,423173
23991,0.051708,172.31.40.0-255,66,423002,77,423173
23992,0.051893,172.31.40.0-255,105,423107,77,423173
23993,0.054395,172.217.194.0-255,66,423173,77,423173
23994,0.0,172.217.194.0-255,152,152,77,381401
23995,2.4e-05,172.31.40.0-255,66,218,77,381401
23996,3.2e-05,172.217.194.0-255,1484,1702,77,381401
23997,3.7e-05,172.31.40.0-255,66,1768,77,381401
23998,4.4e-05,172.217.194.0-255,2902,4670,77,381401
23999,4.7e-05,172.31.40.0-255,66,4736,77,381401
24000,5.5e-05,172.217.194.0-255,7156,11892,77,381401
24001,5.8e-05,172.31.40.0-255,66,11958,77,381401
24002,7.5e-05,172.31.40.0-255,66,12024,77,381401
24003,8e-05,172.217.194.0-255,2543,14567,77,381401
24004,8.3e-05,172.31.40.0-255,66,14633,77,381401
24005,0.000493,172.217.194.0-255,1484,16117,77,381401
24006,0.000499,172.31.40.0-255,66,16183,77,381401
24007,0.000505,172.217.194.0-255,2902,19085,77,381401
24008,0.000508,172.31.40.0-255,66,19151,77,381401
24009,0.000515,172.217.194.0-255,5738,24889,77,381401
24010,0.000517,172.31.40.0-255,66,24955,77,381401
24011,0.000523,172.217.194.0-255,4320,29275,77,381401
24012,0.000525,172.31.40.0-255,66,29341,77,381401
24013,0.00055,172.217.194.0-255,2543,31884,77,381401
24014,0.000554,172.31.40.0-255,66,31950,77,381401
24015,0.00061,172.217.194.0-255,1484,33434,77,381401
24016,0.000614,172.31.40.0-255,66,33500,77,381401
24017,0.000619,172.217.194.0-255,2902,36402,77,381401
24018,0.000621,172.31.40.0-255,66,36468,77,381401
24019,0.000651,172.217.194.0-255,5738,42206,77,381401
24020,0.000655,172.31.40.0-255,66,42272,77,381401
24021,0.000672,172.217.194.0-255,1484,43756,77,381401
24022,0.000675,172.31.40.0-255,66,43822,77,381401
24023,0.000699,172.217.194.0-255,5379,49201,77,381401
24024,0.000702,172.31.40.0-255,66,49267,77,381401
24025,0.0008,172.217.194.0-255,646,49913,77,381401
24026,0.000978,172.217.194.0-255,1484,51397,77,381401
24027,0.000983,172.31.40.0-255,66,51463,77,381401
24028,0.000987,172.217.194.0-255,1484,52947,77,381401
24029,0.001003,172.217.194.0-255,1484,54431,77,381401
24030,0.001005,172.31.40.0-255,66,54497,77,381401
24031,0.001014,172.217.194.0-255,5738,60235,77,381401
24032,0.001016,172.31.40.0-255,66,60301,77,381401
24033,0.001061,172.217.194.0-255,6797,67098,77,381401
24034,0.001064,172.31.40.0-255,66,67164,77,381401
24035,0.001102,172.217.194.0-255,5738,72902,77,381401
24036,0.001105,172.31.40.0-255,66,72968,77,381401
24037,0.001119,172.217.194.0-255,1484,74452,77,381401
24038,0.001122,172.217.194.0-255,1484,75936,77,381401
24039,0.001128,172.31.40.0-255,66,76002,77,381401
24040,0.00114,172.217.194.0-255,7156,83158,77,381401
24041,0.001142,172.31.40.0-255,66,83224,77,381401
24042,0.001146,172.217.194.0-255,1125,84349,77,381401
24043,0.001495,172.31.40.0-255,66,84415,77,381401
24044,0.00209,172.217.194.0-255,1484,85899,77,381401
24045,0.0021,172.217.194.0-255,2902,88801,77,381401
24046,0.002106,172.31.40.0-255,66,88867,77,381401
24047,0.002114,172.217.194.0-255,5738,94605,77,381401
24048,0.002116,172.31.40.0-255,66,94671,77,381401
24049,0.00212,172.217.194.0-255,1484,96155,77,381401
24050,0.002152,172.217.194.0-255,11410,107565,77,381401
24051,0.002154,172.31.40.0-255,66,107631,77,381401
24052,0.002157,172.217.194.0-255,1484,109115,77,381401
24053,0.00218,172.217.194.0-255,2902,112017,77,381401
24054,0.002182,172.31.40.0-255,66,112083,77,381401
24055,0.002205,172.217.194.0-255,6438,118521,77,381401
24056,0.002207,172.31.40.0-255,66,118587,77,381401
24057,0.002261,172.217.194.0-255,1484,120071,77,381401
24058,0.002266,172.217.194.0-255,2902,122973,77,381401
24059,0.002269,172.31.40.0-255,66,123039,77,381401
24060,0.002306,172.217.194.0-255,4320,127359,77,381401
24061,0.002308,172.31.40.0-255,66,127425,77,381401
24062,0.002332,172.217.194.0-255,1484,128909,77,381401
24063,0.002342,172.217.194.0-255,9992,138901,77,381401
24064,0.002344,172.31.40.0-255,66,138967,77,381401
24065,0.002349,172.217.194.0-255,4320,143287,77,381401
24066,0.002353,172.31.40.0-255,66,143353,77,381401
24067,0.004654,172.217.194.0-255,5738,149091,77,381401
24068,0.004668,172.31.40.0-255,66,149157,77,381401
24069,0.006974,172.217.194.0-255,5738,154895,77,381401
24070,0.00698,172.31.40.0-255,66,154961,77,381401
24071,0.009265,172.217.194.0-255,5738,160699,77,381401
24072,0.009272,172.31.40.0-255,66,160765,77,381401
24073,0.011577,172.217.194.0-255,5738,166503,77,381401
24074,0.011585,172.31.40.0-255,66,166569,77,381401
24075,0.013894,172.217.194.0-255,5738,172307,77,381401
24076,0.013902,172.31.40.0-255,66,172373,77,381401
24077,0.01621,172.217.194.0-255,5738,178111,77,381401
24078,0.016218,172.31.40.0-255,66,178177,77,381401
24079,0.018532,172.217.194.0-255,5738,183915,77,381401
24080,0.018541,172.31.40.0-255,66,183981,77,381401
24081,0.020854,172.217.194.0-255,5738,189719,77,381401
24082,0.020866,172.31.40.0-255,66,189785,77,381401
24083,0.023194,172.217.194.0-255,5738,195523,77,381401
24084,0.023203,172.31.40.0-255,66,195589,77,381401
24085,0.025509,172.217.194.0-255,5738,201327,77,381401
24086,0.025517,172.31.40.0-255,66,201393,77,381401
24087,0.027826,172.217.194.0-255,5738,207131,77,381401
24088,0.027834,172.31.40.0-255,66,207197,77,381401
24089,0.030124,172.217.194.0-255,4320,211517,77,381401
24090,0.030131,172.31.40.0-255,66,211583,77,381401
24091,0.030151,172.217.194.0-255,1484,213067,77,381401
24092,0.032419,172.217.194.0-255,4320,217387,77,381401
24093,0.032426,172.31.40.0-255,66,217453,77,381401
24094,0.034748,172.217.194.0-255,1484,218937,77,381401
24095,0.034775,172.217.194.0-255,4320,223257,77,381401
24096,0.034781,172.31.40.0-255,66,223323,77,381401
24097,0.035513,172.31.40.0-255,172,223495,77,381401
24098,0.035545,172.31.40.0-255,1066,224561,77,381401
24099,0.037046,104.244.42.0-255,66,224627,77,381401
24100,0.037083,104.244.42.0-255,66,224693,77,381401
24101,0.037089,172.217.194.0-255,5738,230431,77,381401
24102,0.037096,172.31.40.0-255,66,230497,77,381401
24103,0.039442,172.217.194.0-255,5738,236235,77,381401
24104,0.039451,172.31.40.0-255,66,236301,77,381401
24105,0.041771,172.217.194.0-255,5738,242039,77,381401
24106,0.041788,172.31.40.0-255,66,242105,77,381401
24107,0.044131,172.217.194.0-255,5738,247843,77,381401
24108,0.044148,172.31.40.0-255,66,247909,77,381401
24109,0.046472,172.217.194.0-255,5738,253647,77,381401
24110,0.046489,172.31.40.0-255,66,253713,77,381401
24111,0.04879,172.217.194.0-255,5738,259451,77,381401
24112,0.048807,172.31.40.0-255,66,259517,77,381401
24113,0.051124,172.217.194.0-255,5738,265255,77,381401
24114,0.051142,172.31.40.0-255,66,265321,77,381401
24115,0.05347,172.217.194.0-255,5738,271059,77,381401
24116,0.053488,172.31.40.0-255,66,271125,77,381401
24117,0.055805,172.217.194.0-255,5738,276863,77,381401
24118,0.055822,172.31.40.0-255,66,276929,77,381401
24119,0.058152,172.217.194.0-255,5738,282667,77,381401
24120,0.058168,172.31.40.0-255,66,282733,77,381401
24121,0.060481,172.217.194.0-255,5738,288471,77,381401
24122,0.060489,172.31.40.0-255,66,288537,77,381401
24123,0.062825,172.217.194.0-255,5738,294275,77,381401
24124,0.062832,172.31.40.0-255,66,294341,77,381401
24125,0.06515,172.217.194.0-255,5738,300079,77,381401
24126,0.065158,172.31.40.0-255,66,300145,77,381401
24127,0.067466,172.217.194.0-255,5738,305883,77,381401
24128,0.067473,172.31.40.0-255,66,305949,77,381401
24129,0.069834,172.217.194.0-255,5738,311687,77,381401
24130,0.069841,172.31.40.0-255,66,311753,77,381401
24131,0.072169,172.217.194.0-255,5738,317491,77,381401
24132,0.072176,172.31.40.0-255,66,317557,77,381401
24133,0.074492,172.217.194.0-255,5738,323295,77,381401
24134,0.074503,172.31.40.0-255,66,323361,77,381401
24135,0.076837,172.217.194.0-255,5738,329099,77,381401
24136,0.076845,172.31.40.0-255,66,329165,77,381401
24137,0.079165,172.217.194.0-255,5738,334903,77,381401
24138,0.079172,172.31.40.0-255,66,334969,77,381401
24139,0.081495,172.217.194.0-255,5738,340707,77,381401
24140,0.081501,172.31.40.0-255,66,340773,77,381401
24141,0.08381,172.217.194.0-255,5738,346511,77,381401
24142,0.083818,172.31.40.0-255,66,346577,77,381401
24143,0.086151,172.217.194.0-255,5738,352315,77,381401
24144,0.086159,172.31.40.0-255,66,352381,77,381401
24145,0.088493,172.217.194.0-255,5738,358119,77,381401
24146,0.088499,172.31.40.0-255,66,358185,77,381401
24147,0.090814,172.217.194.0-255,5738,363923,77,381401
24148,0.090822,172.31.40.0-255,66,363989,77,381401
24149,0.093166,172.217.194.0-255,5738,369727,77,381401
24150,0.093176,172.31.40.0-255,66,369793,77,381401
24151,0.095483,172.217.194.0-255,5738,375531,77,381401
24152,0.095491,172.31.40.0-255,66,375597,77,381401
24153,0.097794,172.217.194.0-255,5738,381335,77,381401
24154,0.097802,172.31.40.0-255,66,381401,77,381401
24155,0.0,172.217.194.0-255,150,150,77,343462
24156,2.3e-05,172.31.40.0-255,66,216,77,343462
24157,3e-05,172.217.194.0-255,1484,1700,77,343462
24158,3.4e-05,172.31.40.0-255,66,1766,77,343462
24159,3.9e-05,172.217.194.0-255,2902,4668,77,343462
24160,4.4e-05,172.31.40.0-255,66,4734,77,343462
24161,5.1e-05,172.217.194.0-255,7156,11890,77,343462
24162,5.4e-05,172.31.40.0-255,66,11956,77,343462
24163,6.2e-05,172.217.194.0-255,7656,19612,77,343462
24164,6.6e-05,172.31.40.0-255,66,19678,77,343462
24165,9.4e-05,172.217.194.0-255,7156,26834,77,343462
24166,9.7e-05,172.31.40.0-255,66,26900,77,343462
24167,0.000113,172.217.194.0-255,3961,30861,77,343462
24168,0.000116,172.31.40.0-255,66,30927,77,343462
24169,0.00015,172.217.194.0-255,1484,32411,77,343462
24170,0.000152,172.31.40.0-255,66,32477,77,343462
24171,0.000157,172.217.194.0-255,2902,35379,77,343462
24172,0.000159,172.31.40.0-255,66,35445,77,343462
24173,0.000166,172.217.194.0-255,5738,41183,77,343462
24174,0.000168,172.31.40.0-255,66,41249,77,343462
24175,0.000206,172.217.194.0-255,9633,50882,77,343462
24176,0.000209,172.31.40.0-255,66,50948,77,343462
24177,0.000218,172.217.194.0-255,9992,60940,77,343462
24178,0.000221,172.31.40.0-255,66,61006,77,343462
24179,0.000248,172.217.194.0-255,4252,65258,77,343462
24180,0.00025,172.217.194.0-255,98,65356,77,343462
24181,0.000254,172.31.40.0-255,66,65422,77,343462
24182,0.000261,172.31.40.0-255,66,65488,77,343462
24183,0.000285,172.217.194.0-255,365,65853,77,343462
24184,0.000287,172.31.40.0-255,66,65919,77,343462
24185,0.000553,172.217.194.0-255,1484,67403,77,343462
24186,0.000559,172.31.40.0-255,66,67469,77,343462
24187,0.000566,172.217.194.0-255,2902,70371,77,343462
24188,0.000569,172.31.40.0-255,66,70437,77,343462
24189,0.000575,172.217.194.0-255,5738,76175,77,343462
24190,0.000578,172.31.40.0-255,66,76241,77,343462
24191,0.000594,172.217.194.0-255,1484,77725,77,343462
24192,0.000628,172.217.194.0-255,11410,89135,77,343462
24193,0.000632,172.31.40.0-255,66,89201,77,343462
24194,0.000654,172.217.194.0-255,10692,99893,77,343462
24195,0.000657,172.31.40.0-255,66,99959,77,343462
24196,0.000885,172.217.194.0-255,1484,101443,77,343462
24197,0.000892,172.217.194.0-255,2902,104345,77,343462
24198,0.000895,172.31.40.0-255,66,104411,77,343462
24199,0.000899,172.217.194.0-255,1484,105895,77,343462
24200,0.000918,172.217.194.0-255,4320,110215,77,343462
24201,0.000921,172.31.40.0-255,66,110281,77,343462
24202,0.000926,172.217.194.0-255,2902,113183,77,343462
24203,0.000928,172.31.40.0-255,66,113249,77,343462
24204,0.000954,172.217.194.0-255,9992,123241,77,343462
24205,0.000957,172.31.40.0-255,66,123307,77,343462
24206,0.000966,172.217.194.0-255,10692,133999,77,343462
24207,0.000969,172.31.40.0-255,66,134065,77,343462
24208,0.001034,172.217.194.0-255,1484,135549,77,343462
24209,0.001039,172.217.194.0-255,2902,138451,77,343462
24210,0.001041,172.31.40.0-255,66,138517,77,343462
24211,0.001046,172.217.194.0-255,2902,141419,77,343462
24212,0.001048,172.31.40.0-255,66,141485,77,343462
24213,0.001066,172.217.194.0-255,2902,144387,77,343462
24214,0.001072,172.217.194.0-255,5738,150125,77,343462
24215,0.001076,172.31.40.0-255,66,150191,77,343462
24216,0.001079,172.31.40.0-255,66,150257,77,343462
24217,0.0011,172.217.194.0-255,7156,157413,77,343462
24218,0.001102,172.31.40.0-255,66,157479,77,343462
24219,0.001114,172.217.194.0-255,10692,168171,77,343462
24220,0.001117,172.31.40.0-255,66,168237,77,343462
24221,0.001178,172.217.194.0-255,11410,179647,77,343462
24222,0.001181,172.31.40.0-255,66,179713,77,343462
24223,0.001188,172.217.194.0-255,7156,186869,77,343462
24224,0.00119,172.31.40.0-255,66,186935,77,343462
24225,0.001207,172.217.194.0-255,4320,191255,77,343462
24226,0.00121,172.31.40.0-255,66,191321,77,343462
24227,0.001246,172.217.194.0-255,10692,202013,77,343462
24228,0.001249,172.31.40.0-255,66,202079,77,343462
24229,0.001286,172.217.194.0-255,1484,203563,77,343462
24230,0.00129,172.217.194.0-255,1484,205047,77,343462
24231,0.001293,172.31.40.0-255,66,205113,77,343462
24232,0.001303,172.217.194.0-255,1484,206597,77,343462
24233,0.001311,172.217.194.0-255,5738,212335,77,343462
24234,0.001314,172.31.40.0-255,66,212401,77,343462
24235,0.001332,172.217.194.0-255,2902,215303,77,343462
24236,0.001335,172.31.40.0-255,66,215369,77,343462
24237,0.001368,172.217.194.0-255,9992,225361,77,343462
24238,0.001371,172.31.40.0-255,66,225427,77,343462
24239,0.001382,172.217.194.0-255,10692,236119,77,343462
24240,0.001384,172.31.40.0-255,66,236185,77,343462
24241,0.001471,172.217.194.0-255,1484,237669,77,343462
24242,0.001476,172.217.194.0-255,2902,240571,77,343462
24243,0.001481,172.31.40.0-255,66,240637,77,343462
24244,0.001502,172.217.194.0-255,5738,246375,77,343462
24245,0.001505,172.31.40.0-255,66,246441,77,343462
24246,0.001512,172.217.194.0-255,5738,252179,77,343462
24247,0.001514,172.31.40.0-255,66,252245,77,343462
24248,0.001526,172.217.194.0-255,5738,257983,77,343462
24249,0.001529,172.31.40.0-255,66,258049,77,343462
24250,0.00155,172.217.194.0-255,1484,259533,77,343462
24251,0.001556,172.217.194.0-255,4320,263853,77,343462
24252,0.001559,172.31.40.0-255,66,263919,77,343462
24253,0.001581,172.217.194.0-255,6438,270357,77,343462
24254,0.001584,172.31.40.0-255,66,270423,77,343462
24255,0.001612,172.217.194.0-255,1484,271907,77,343462
24256,0.001626,172.217.194.0-255,2902,274809,77,343462
24257,0.001629,172.31.40.0-255,66,274875,77,343462
24258,0.001654,172.217.194.0-255,5738,280613,77,343462
24259,0.001657,172.31.40.0-255,66,280679,77,343462
24260,0.001683,172.217.194.0-255,9992,290671,77,343462
24261,0.001686,172.31.40.0-255,66,290737,77,343462
24262,0.001694,172.217.194.0-255,7156,297893,77,343462
24263,0.001696,172.31.40.0-255,66,297959,77,343462
24264,0.001711,172.217.194.0-255,4320,302279,77,343462
24265,0.001713,172.31.40.0-255,66,302345,77,343462
24266,0.001721,172.217.194.0-255,7856,310201,77,343462
24267,0.001724,172.31.40.0-255,66,310267,77,343462
24268,0.001728,172.217.194.0-255,2902,313169,77,343462
24269,0.001731,172.31.40.0-255,66,313235,77,343462
24270,0.001748,172.217.194.0-255,5738,318973,77,343462
24271,0.001751,172.31.40.0-255,66,319039,77,343462
24272,0.001756,172.217.194.0-255,2902,321941,77,343462
24273,0.001758,172.31.40.0-255,66,322007,77,343462
24274,0.001795,172.31.40.0-255,66,322073,77,343462
24275,0.001803,172.217.194.0-255,7856,329929,77,343462
24276,0.001806,172.31.40.0-255,66,329995,77,343462
24277,0.001879,172.31.40.0-255,66,330061,77,343462
24278,0.001908,172.217.194.0-255,10692,340753,77,343462
24279,0.001912,172.31.40.0-255,66,340819,77,343462
24280,0.001928,172.31.40.0-255,66,340885,77,343462
24281,0.001948,172.31.40.0-255,66,340951,77,343462
24282,0.00195,172.217.194.0-255,105,341056,77,343462
24283,0.001953,172.217.194.0-255,129,341185,77,343462
24284,0.010413,172.31.40.0-255,105,341290,77,343462
24285,0.010454,172.31.40.0-255,105,341395,77,343462
24286,0.010673,172.31.40.0-255,90,341485,77,343462
24287,0.010683,172.31.40.0-255,66,341551,77,343462
24288,0.011274,172.217.194.0-255,129,341680,77,343462
24289,0.011284,172.31.40.0-255,78,341758,77,343462
24290,0.012429,172.217.194.0-255,66,341824,77,343462
24291,0.012451,172.217.194.0-255,66,341890,77,343462
24292,0.012668,172.217.194.0-255,66,341956,77,343462
24293,0.012687,172.217.194.0-255,66,342022,77,343462
24294,0.012694,172.31.40.0-255,66,342088,77,343462
24295,0.043872,172.31.40.0-255,176,342264,77,343462
24296,0.043905,172.31.40.0-255,1066,343330,77,343462
24297,0.045424,104.244.42.0-255,66,343396,77,343462
24298,0.045551,104.244.42.0-255,66,343462,77,343462
24299,0.0,172.217.194.0-255,150,150,77,396672
24300,1.8e-05,172.31.40.0-255,66,216,77,396672
24301,2.5e-05,172.217.194.0-255,1484,1700,77,396672
24302,3e-05,172.31.40.0-255,66,1766,77,396672
24303,3.6e-05,172.217.194.0-255,2902,4668,77,396672
24304,4.8e-05,172.31.40.0-255,66,4734,77,396672
24305,5.2e-05,172.217.194.0-255,2902,7636,77,396672
24306,5.5e-05,172.31.40.0-255,66,7702,77,396672
24307,9.6e-05,172.217.194.0-255,6363,14065,77,396672
24308,0.0001,172.31.40.0-255,66,14131,77,396672
24309,0.000239,172.217.194.0-255,1484,15615,77,396672
24310,0.000244,172.31.40.0-255,66,15681,77,396672
24311,0.000274,172.217.194.0-255,2902,18583,77,396672
24312,0.000277,172.31.40.0-255,66,18649,77,396672
24313,0.000283,172.217.194.0-255,5738,24387,77,396672
24314,0.000286,172.31.40.0-255,66,24453,77,396672
24315,0.000297,172.217.194.0-255,5738,30191,77,396672
24316,0.0003,172.31.40.0-255,66,30257,77,396672
24317,0.000323,172.217.194.0-255,1125,31382,77,396672
24318,0.000325,172.31.40.0-255,66,31448,77,396672
24319,0.000472,172.217.194.0-255,1484,32932,77,396672
24320,0.000477,172.31.40.0-255,66,32998,77,396672
24321,0.000483,172.217.194.0-255,2902,35900,77,396672
24322,0.000486,172.31.40.0-255,66,35966,77,396672
24323,0.000506,172.217.194.0-255,1484,37450,77,396672
24324,0.000508,172.31.40.0-255,66,37516,77,396672
24325,0.000539,172.217.194.0-255,4320,41836,77,396672
24326,0.000542,172.31.40.0-255,66,41902,77,396672
24327,0.000549,172.217.194.0-255,5738,47640,77,396672
24328,0.000552,172.31.40.0-255,66,47706,77,396672
24329,0.000583,172.217.194.0-255,8215,55921,77,396672
24330,0.000586,172.31.40.0-255,66,55987,77,396672
24331,0.000589,172.217.194.0-255,1484,57471,77,396672
24332,0.00062,172.217.194.0-255,8215,65686,77,396672
24333,0.000623,172.31.40.0-255,66,65752,77,396672
24334,0.001016,172.217.194.0-255,382,66134,77,396672
24335,0.001037,172.217.194.0-255,362,66496,77,396672
24336,0.001143,172.31.40.0-255,66,66562,77,396672
24337,0.001522,172.217.194.0-255,1484,68046,77,396672
24338,0.001537,172.217.194.0-255,2902,70948,77,396672
24339,0.001542,172.31.40.0-255,66,71014,77,396672
24340,0.001551,172.217.194.0-255,5738,76752,77,396672
24341,0.001553,172.31.40.0-255,66,76818,77,396672
24342,0.001564,172.217.194.0-255,4320,81138,77,396672
24343,0.001566,172.31.40.0-255,66,81204,77,396672
24344,0.001593,172.217.194.0-255,1484,82688,77,396672
24345,0.001607,172.217.194.0-255,9992,92680,77,396672
24346,0.00161,172.31.40.0-255,66,92746,77,396672
24347,0.001641,172.217.194.0-255,7156,99902,77,396672
24348,0.001644,172.31.40.0-255,66,99968,77,396672
24349,0.001647,172.217.194.0-255,766,100734,77,396672
24350,0.001794,172.217.194.0-255,1484,102218,77,396672
24351,0.0018,172.31.40.0-255,66,102284,77,396672
24352,0.001806,172.217.194.0-255,2902,105186,77,396672
24353,0.001808,172.31.40.0-255,66,105252,77,396672
24354,0.001815,172.217.194.0-255,5738,110990,77,396672
24355,0.001822,172.31.40.0-255,66,111056,77,396672
24356,0.001863,172.217.194.0-255,12828,123884,77,396672
24357,0.001865,172.31.40.0-255,66,123950,77,396672
24358,0.001902,172.217.194.0-255,10692,134642,77,396672
24359,0.001904,172.31.40.0-255,66,134708,77,396672
24360,0.001983,172.217.194.0-255,1484,136192,77,396672
24361,0.00199,172.217.194.0-255,2902,139094,77,396672
24362,0.001994,172.31.40.0-255,66,139160,77,396672
24363,0.002002,172.217.194.0-255,5738,144898,77,396672
24364,0.002005,172.31.40.0-255,66,144964,77,396672
24365,0.002034,172.217.194.0-255,5738,150702,77,396672
24366,0.002037,172.31.40.0-255,66,150768,77,396672
24367,0.00207,172.217.194.0-255,7156,157924,77,396672
24368,0.002073,172.31.40.0-255,66,157990,77,396672
24369,0.002076,172.217.194.0-255,1484,159474,77,396672
24370,0.002086,172.217.194.0-255,9274,168748,77,396672
24371,0.002093,172.31.40.0-255,66,168814,77,396672
24372,0.004557,172.217.194.0-255,2902,171716,77,396672
24373,0.004561,172.31.40.0-255,66,171782,77,396672
24374,0.004579,172.217.194.0-255,2902,174684,77,396672
24375,0.004582,172.31.40.0-255,66,174750,77,396672
24376,0.007025,172.217.194.0-255,5738,180488,77,396672
24377,0.007034,172.31.40.0-255,66,180554,77,396672
24378,0.009501,172.217.194.0-255,5738,186292,77,396672
24379,0.009508,172.31.40.0-255,66,186358,77,396672
24380,0.011981,172.217.194.0-255,5738,192096,77,396672
24381,0.01199,172.31.40.0-255,66,192162,77,396672
24382,0.014465,172.217.194.0-255,5738,197900,77,396672
24383,0.014475,172.31.40.0-255,66,197966,77,396672
24384,0.016928,172.217.194.0-255,5738,203704,77,396672
24385,0.016943,172.31.40.0-255,66,203770,77,396672
24386,0.019412,172.217.194.0-255,5738,209508,77,396672
24387,0.01942,172.31.40.0-255,66,209574,77,396672
24388,0.021876,172.217.194.0-255,5738,215312,77,396672
24389,0.021884,172.31.40.0-255,66,215378,77,396672
24390,0.02435,172.217.194.0-255,5738,221116,77,396672
24391,0.024358,172.31.40.0-255,66,221182,77,396672
24392,0.026807,172.217.194.0-255,5738,226920,77,396672
24393,0.026817,172.31.40.0-255,66,226986,77,396672
24394,0.029287,172.217.194.0-255,5738,232724,77,396672
24395,0.029296,172.31.40.0-255,66,232790,77,396672
24396,0.031766,172.217.194.0-255,5738,238528,77,396672
24397,0.031776,172.31.40.0-255,66,238594,77,396672
24398,0.033942,172.31.40.0-255,172,238766,77,396672
24399,0.033973,172.31.40.0-255,1066,239832,77,396672
24400,0.034217,172.217.194.0-255,5738,245570,77,396672
24401,0.034224,172.31.40.0-255,66,245636,77,396672
24402,0.035488,104.244.42.0-255,66,245702,77,396672
24403,0.035535,104.244.42.0-255,66,245768,77,396672
24404,0.036711,172.217.194.0-255,5738,251506,77,396672
24405,0.036718,172.31.40.0-255,66,251572,77,396672
24406,0.039204,172.217.194.0-255,5738,257310,77,396672
24407,0.039212,172.31.40.0-255,66,257376,77,396672
24408,0.041682,172.217.194.0-255,5738,263114,77,396672
24409,0.041708,172.31.40.0-255,66,263180,77,396672
24410,0.044165,172.217.194.0-255,5738,268918,77,396672
24411,0.044181,172.31.40.0-255,66,268984,77,396672
24412,0.046639,172.217.194.0-255,5738,274722,77,396672
24413,0.046657,172.31.40.0-255,66,274788,77,396672
24414,0.049133,172.217.194.0-255,5738,280526,77,396672
24415,0.049152,172.31.40.0-255,66,280592,77,396672
24416,0.051651,172.217.194.0-255,5738,286330,77,396672
24417,0.051671,172.31.40.0-255,66,286396,77,396672
24418,0.054133,172.217.194.0-255,5738,292134,77,396672
24419,0.054151,172.31.40.0-255,66,292200,77,396672
24420,0.056633,172.217.194.0-255,5738,297938,77,396672
24421,0.05665,172.31.40.0-255,66,298004,77,396672
24422,0.059111,172.217.194.0-255,5738,303742,77,396672
24423,0.05913,172.31.40.0-255,66,303808,77,396672
24424,0.06163,172.217.194.0-255,5738,309546,77,396672
24425,0.061649,172.31.40.0-255,66,309612,77,396672
24426,0.064122,172.217.194.0-255,5738,315350,77,396672
24427,0.06414,172.31.40.0-255,66,315416,77,396672
24428,0.066675,172.217.194.0-255,5738,321154,77,396672
24429,0.066695,172.31.40.0-255,66,321220,77,396672
24430,0.069197,172.217.194.0-255,5738,326958,77,396672
24431,0.069216,172.31.40.0-255,66,327024,77,396672
24432,0.071705,172.217.194.0-255,5738,332762,77,396672
24433,0.071716,172.31.40.0-255,66,332828,77,396672
24434,0.074204,172.217.194.0-255,5738,338566,77,396672
24435,0.074223,172.31.40.0-255,66,338632,77,396672
24436,0.076715,172.217.194.0-255,5738,344370,77,396672
24437,0.076734,172.31.40.0-255,66,344436,77,396672
24438,0.079232,172.217.194.0-255,5738,350174,77,396672
24439,0.07925,172.31.40.0-255,66,350240,77,396672
24440,0.081735,172.217.194.0-255,5738,355978,77,396672
24441,0.081754,172.31.40.0-255,66,356044,77,396672
24442,0.084242,172.217.194.0-255,5738,361782,77,396672
24443,0.084261,172.31.40.0-255,66,361848,77,396672
24444,0.086757,172.217.194.0-255,5738,367586,77,396672
24445,0.08677,172.31.40.0-255,66,367652,77,396672
24446,0.089245,172.217.194.0-255,5738,373390,77,396672
24447,0.089253,172.31.40.0-255,66,373456,77,396672
24448,0.091696,172.217.194.0-255,5738,379194,77,396672
24449,0.091703,172.31.40.0-255,66,379260,77,396672
24450,0.094161,172.217.194.0-255,5738,384998,77,396672
24451,0.094168,172.31.40.0-255,66,385064,77,396672
24452,0.096641,172.217.194.0-255,5738,390802,77,396672
24453,0.096647,172.31.40.0-255,66,390868,77,396672
24454,0.099124,172.217.194.0-255,5738,396606,77,396672
24455,0.099132,172.31.40.0-255,66,396672,77,396672
24456,0.0,172.31.40.0-255,105,105,77,459
24457,0.000222,172.31.40.0-255,90,195,77,459
24458,0.000231,172.31.40.0-255,66,261,77,459
24459,0.002491,172.217.194.0-255,66,327,77,459
24460,0.002518,172.217.194.0-255,66,393,77,459
24461,0.00254,172.31.40.0-255,66,459,77,459
24462,0.0,172.217.194.0-255,153,153,77,398685
24463,2.3e-05,172.31.40.0-255,66,219,77,398685
24464,3.1e-05,172.217.194.0-255,1484,1703,77,398685
24465,3.5e-05,172.31.40.0-255,66,1769,77,398685
24466,4e-05,172.217.194.0-255,2902,4671,77,398685
24467,5.2e-05,172.31.40.0-255,66,4737,77,398685
24468,6e-05,172.217.194.0-255,7156,11893,77,398685
24469,6.4e-05,172.31.40.0-255,66,11959,77,398685
24470,6.8e-05,172.217.194.0-255,2040,13999,77,398685
24471,7e-05,172.31.40.0-255,66,14065,77,398685
24472,0.000113,172.217.194.0-255,1484,15549,77,398685
24473,0.000116,172.31.40.0-255,66,15615,77,398685
24474,0.000142,172.217.194.0-255,2902,18517,77,398685
24475,0.000145,172.31.40.0-255,66,18583,77,398685
24476,0.00015,172.217.194.0-255,4320,22903,77,398685
24477,0.000153,172.31.40.0-255,66,22969,77,398685
24478,0.000156,172.217.194.0-255,1484,24453,77,398685
24479,0.000158,172.31.40.0-255,66,24519,77,398685
24480,0.000196,172.217.194.0-255,4320,28839,77,398685
24481,0.000199,172.31.40.0-255,66,28905,77,398685
24482,0.000204,172.217.194.0-255,2543,31448,77,398685
24483,0.000206,172.31.40.0-255,66,31514,77,398685
24484,0.00021,172.217.194.0-255,2902,34416,77,398685
24485,0.000212,172.31.40.0-255,66,34482,77,398685
24486,0.000216,172.217.194.0-255,2902,37384,77,398685
24487,0.000218,172.31.40.0-255,66,37450,77,398685
24488,0.000248,172.217.194.0-255,4320,41770,77,398685
24489,0.000251,172.31.40.0-255,66,41836,77,398685
24490,0.000258,172.217.194.0-255,6797,48633,77,398685
24491,0.000261,172.31.40.0-255,66,48699,77,398685
24492,0.0003,172.217.194.0-255,1484,50183,77,398685
24493,0.000303,172.31.40.0-255,66,50249,77,398685
24494,0.000308,172.217.194.0-255,2902,53151,77,398685
24495,0.000315,172.217.194.0-255,5738,58889,77,398685
24496,0.000347,172.217.194.0-255,5738,64627,77,398685
24497,0.000349,172.31.40.0-255,66,64693,77,398685
24498,0.000355,172.31.40.0-255,66,64759,77,398685
24499,0.000375,172.217.194.0-255,1125,65884,77,398685
24500,0.000378,172.217.194.0-255,365,66249,77,398685
24501,0.000451,172.217.194.0-255,379,66628,77,398685
24502,0.000803,172.217.194.0-255,1484,68112,77,398685
24503,0.00081,172.217.194.0-255,2902,71014,77,398685
24504,0.000817,172.217.194.0-255,5738,76752,77,398685
24505,0.00082,172.217.194.0-255,1484,78236,77,398685
24506,0.000846,172.217.194.0-255,8574,86810,77,398685
24507,0.000882,172.217.194.0-255,5738,92548,77,398685
24508,0.000907,172.217.194.0-255,7856,100404,77,398685
24509,0.001525,172.217.194.0-255,1484,101888,77,398685
24510,0.001532,172.217.194.0-255,2902,104790,77,398685
24511,0.001536,172.217.194.0-255,2902,107692,77,398685
24512,0.001552,172.217.194.0-255,2902,110594,77,398685
24513,0.001584,172.217.194.0-255,12828,123422,77,398685
24514,0.001593,172.217.194.0-255,8574,131996,77,398685
24515,0.001608,172.217.194.0-255,2184,134180,77,398685
24516,0.001646,172.217.194.0-255,7156,141336,77,398685
24517,0.001663,172.217.194.0-255,2902,144238,77,398685
24518,0.00168,172.217.194.0-255,5738,149976,77,398685
24519,0.001723,172.217.194.0-255,4320,154296,77,398685
24520,0.001748,172.217.194.0-255,7156,161452,77,398685
24521,0.001778,172.217.194.0-255,12828,174280,77,398685
24522,0.001789,172.217.194.0-255,1484,175764,77,398685
24523,0.001812,172.217.194.0-255,3602,179366,77,398685
24524,0.001818,172.217.194.0-255,5738,185104,77,398685
24525,0.001847,172.217.194.0-255,12828,197932,77,398685
24526,0.001855,172.217.194.0-255,5738,203670,77,398685
24527,0.001874,172.217.194.0-255,5738,209408,77,398685
24528,0.001904,172.217.194.0-255,5020,214428,77,398685
24529,0.001911,172.217.194.0-255,5738,220166,77,398685
24530,0.001926,172.217.194.0-255,1484,221650,77,398685
24531,0.001948,172.217.194.0-255,11410,233060,77,398685
24532,0.001958,172.217.194.0-255,9992,243052,77,398685
24533,0.001967,172.217.194.0-255,1484,244536,77,398685
24534,0.002009,172.217.194.0-255,5738,250274,77,398685
24535,0.00203,172.217.194.0-255,2184,252458,77,398685
24536,0.002038,172.217.194.0-255,8574,261032,77,398685
24537,0.002056,172.217.194.0-255,4320,265352,77,398685
24538,0.002087,172.217.194.0-255,9992,275344,77,398685
24539,0.002104,172.217.194.0-255,5020,280364,77,398685
24540,0.00214,172.217.194.0-255,2902,283266,77,398685
24541,0.002155,172.217.194.0-255,2902,286168,77,398685
24542,0.00216,172.217.194.0-255,4320,290488,77,398685
24543,0.002197,172.217.194.0-255,11410,301898,77,398685
24544,0.002229,172.217.194.0-255,12110,314008,77,398685
24545,0.005113,172.31.40.0-255,66,314074,77,398685
24546,0.007377,172.217.194.0-255,5738,319812,77,398685
24547,0.007388,172.31.40.0-255,66,319878,77,398685
24548,0.009621,172.217.194.0-255,5738,325616,77,398685
24549,0.009629,172.31.40.0-255,66,325682,77,398685
24550,0.011869,172.217.194.0-255,5738,331420,77,398685
24551,0.012267,172.31.40.0-255,66,331486,77,398685
24552,0.014516,172.217.194.0-255,5738,337224,77,398685
24553,0.014532,172.31.40.0-255,66,337290,77,398685
24554,0.016759,172.217.194.0-255,5738,343028,77,398685
24555,0.020522,172.31.40.0-255,66,343094,77,398685
24556,0.022782,172.217.194.0-255,5738,348832,77,398685
24557,0.022794,172.31.40.0-255,66,348898,77,398685
24558,0.025038,172.217.194.0-255,5738,354636,77,398685
24559,0.025046,172.31.40.0-255,66,354702,77,398685
24560,0.027304,172.217.194.0-255,5738,360440,77,398685
24561,0.028037,172.31.40.0-255,66,360506,77,398685
24562,0.030299,172.217.194.0-255,5738,366244,77,398685
24563,0.030311,172.31.40.0-255,66,366310,77,398685
24564,0.032562,172.217.194.0-255,5738,372048,77,398685
24565,0.032576,172.31.40.0-255,66,372114,77,398685
24566,0.034852,172.217.194.0-255,5738,377852,77,398685
24567,0.034862,172.31.40.0-255,66,377918,77,398685
24568,0.037115,172.217.194.0-255,5738,383656,77,398685
24569,0.037129,172.31.40.0-255,66,383722,77,398685
24570,0.039421,172.217.194.0-255,4979,388701,77,398685
24571,0.03943,172.31.40.0-255,66,388767,77,398685
24572,0.039642,172.31.40.0-255,105,388872,77,398685
24573,0.041834,172.217.194.0-255,66,388938,77,398685
24574,0.060633,172.31.40.0-255,172,389110,77,398685
24575,0.060667,172.31.40.0-255,1120,390230,77,398685
24576,0.060737,172.31.40.0-255,1514,391744,77,398685
24577,0.06074,172.31.40.0-255,1514,393258,77,398685
24578,0.060745,172.31.40.0-255,1514,394772,77,398685
24579,0.060746,172.31.40.0-255,1514,396286,77,398685
24580,0.060769,172.31.40.0-255,1514,397800,77,398685
24581,0.06077,172.31.40.0-255,621,398421,77,398685
24582,0.062136,104.244.42.0-255,66,398487,77,398685
24583,0.062159,104.244.42.0-255,66,398553,77,398685
24584,0.062274,104.244.42.0-255,66,398619,77,398685
24585,0.062279,104.244.42.0-255,66,398685,77,398685
24586,0.0,172.217.194.0-255,153,153,77,350822
24587,2.3e-05,172.31.40.0-255,66,219,77,350822
24588,3.1e-05,172.217.194.0-255,1484,1703,77,350822
24589,3.6e-05,172.31.40.0-255,66,1769,77,350822
24590,4.2e-05,172.217.194.0-255,2902,4671,77,350822
24591,5.3e-05,172.31.40.0-255,66,4737,77,350822
24592,6.2e-05,172.217.194.0-255,7156,11893,77,350822
24593,6.5e-05,172.31.40.0-255,66,11959,77,350822
24594,8.2e-05,172.31.40.0-255,66,12025,77,350822
24595,8.6e-05,172.217.194.0-255,2543,14568,77,350822
24596,9e-05,172.31.40.0-255,66,14634,77,350822
24597,0.000177,172.217.194.0-255,1484,16118,77,350822
24598,0.000181,172.31.40.0-255,66,16184,77,350822
24599,0.000185,172.217.194.0-255,1484,17668,77,350822
24600,0.000187,172.31.40.0-255,66,17734,77,350822
24601,0.000232,172.217.194.0-255,1484,19218,77,350822
24602,0.000235,172.31.40.0-255,66,19284,77,350822
24603,0.000242,172.217.194.0-255,5738,25022,77,350822
24604,0.000244,172.31.40.0-255,66,25088,77,350822
24605,0.000251,172.217.194.0-255,6797,31885,77,350822
24606,0.000253,172.31.40.0-255,66,31951,77,350822
24607,0.000268,172.31.40.0-255,66,32017,77,350822
24608,0.000272,172.217.194.0-255,2543,34560,77,350822
24609,0.000274,172.31.40.0-255,66,34626,77,350822
24610,0.000364,172.217.194.0-255,647,35273,77,350822
24611,0.000368,172.31.40.0-255,66,35339,77,350822
24612,0.000507,172.217.194.0-255,1484,36823,77,350822
24613,0.000513,172.31.40.0-255,66,36889,77,350822
24614,0.000544,172.217.194.0-255,2902,39791,77,350822
24615,0.000547,172.31.40.0-255,66,39857,77,350822
24616,0.000585,172.217.194.0-255,5738,45595,77,350822
24617,0.000589,172.31.40.0-255,66,45661,77,350822
24618,0.000592,172.217.194.0-255,1484,47145,77,350822
24619,0.000602,172.217.194.0-255,8574,55719,77,350822
24620,0.000609,172.31.40.0-255,66,55785,77,350822
24621,0.00062,172.217.194.0-255,11410,67195,77,350822
24622,0.000623,172.31.40.0-255,66,67261,77,350822
24623,0.00065,172.217.194.0-255,2184,69445,77,350822
24624,0.000653,172.31.40.0-255,66,69511,77,350822
24625,0.000678,172.217.194.0-255,1484,70995,77,350822
24626,0.000698,172.217.194.0-255,1484,72479,77,350822
24627,0.0007,172.31.40.0-255,66,72545,77,350822
24628,0.000706,172.217.194.0-255,4320,76865,77,350822
24629,0.000708,172.31.40.0-255,66,76931,77,350822
24630,0.000711,172.217.194.0-255,1484,78415,77,350822
24631,0.000746,172.217.194.0-255,7156,85571,77,350822
24632,0.000749,172.31.40.0-255,66,85637,77,350822
24633,0.000754,172.217.194.0-255,2902,88539,77,350822
24634,0.000756,172.31.40.0-255,66,88605,77,350822
24635,0.000786,172.217.194.0-255,9992,98597,77,350822
24636,0.000789,172.31.40.0-255,66,98663,77,350822
24637,0.000793,172.217.194.0-255,1484,100147,77,350822
24638,0.000819,172.217.194.0-255,3602,103749,77,350822
24639,0.000822,172.31.40.0-255,66,103815,77,350822
24640,0.000852,172.217.194.0-255,1484,105299,77,350822
24641,0.000872,172.217.194.0-255,2902,108201,77,350822
24642,0.000875,172.31.40.0-255,66,108267,77,350822
24643,0.000908,172.217.194.0-255,5738,114005,77,350822
24644,0.000911,172.31.40.0-255,66,114071,77,350822
24645,0.000937,172.217.194.0-255,4320,118391,77,350822
24646,0.00094,172.31.40.0-255,66,118457,77,350822
24647,0.000949,172.217.194.0-255,11410,129867,77,350822
24648,0.000951,172.31.40.0-255,66,129933,77,350822
24649,0.000954,172.217.194.0-255,1484,131417,77,350822
24650,0.000991,172.217.194.0-255,6438,137855,77,350822
24651,0.000993,172.31.40.0-255,66,137921,77,350822
24652,0.001001,172.217.194.0-255,8574,146495,77,350822
24653,0.001003,172.31.40.0-255,66,146561,77,350822
24654,0.00101,172.217.194.0-255,7156,153717,77,350822
24655,0.001013,172.31.40.0-255,66,153783,77,350822
24656,0.001043,172.217.194.0-255,9992,163775,77,350822
24657,0.001045,172.31.40.0-255,66,163841,77,350822
24658,0.001049,172.217.194.0-255,2902,166743,77,350822
24659,0.00108,172.217.194.0-255,5020,171763,77,350822
24660,0.001099,172.217.194.0-255,1484,173247,77,350822
24661,0.001111,172.217.194.0-255,2902,176149,77,350822
24662,0.001126,172.217.194.0-255,5738,181887,77,350822
24663,0.001146,172.217.194.0-255,5738,187625,77,350822
24664,0.001169,172.217.194.0-255,7156,194781,77,350822
24665,0.001177,172.217.194.0-255,9992,204773,77,350822
24666,0.001207,172.217.194.0-255,2902,207675,77,350822
24667,0.001301,172.217.194.0-255,5020,212695,77,350822
24668,0.001309,172.217.194.0-255,9274,221969,77,350822
24669,0.001577,172.217.194.0-255,1484,223453,77,350822
24670,0.001583,172.217.194.0-255,2902,226355,77,350822
24671,0.001605,172.217.194.0-255,5738,232093,77,350822
24672,0.00162,172.217.194.0-255,2902,234995,77,350822
24673,0.001635,172.217.194.0-255,1484,236479,77,350822
24674,0.001641,172.217.194.0-255,5738,242217,77,350822
24675,0.001643,172.217.194.0-255,1484,243701,77,350822
24676,0.001659,172.217.194.0-255,8574,252275,77,350822
24677,0.001668,172.217.194.0-255,1484,253759,77,350822
24678,0.001672,172.217.194.0-255,2184,255943,77,350822
24679,0.001804,172.217.194.0-255,1484,257427,77,350822
24680,0.001809,172.217.194.0-255,2902,260329,77,350822
24681,0.001812,172.217.194.0-255,1484,261813,77,350822
24682,0.001835,172.217.194.0-255,4320,266133,77,350822
24683,0.00184,172.217.194.0-255,5738,271871,77,350822
24684,0.001865,172.217.194.0-255,8574,280445,77,350822
24685,0.001898,172.217.194.0-255,4320,284765,77,350822
24686,0.001903,172.217.194.0-255,5020,289785,77,350822
24687,0.001935,172.217.194.0-255,2902,292687,77,350822
24688,0.001948,172.217.194.0-255,1484,294171,77,350822
24689,0.001962,172.217.194.0-255,2902,297073,77,350822
24690,0.001966,172.217.194.0-255,2902,299975,77,350822
24691,0.002018,172.217.194.0-255,5738,305713,77,350822
24692,0.002025,172.217.194.0-255,7156,312869,77,350822
24693,0.00204,172.217.194.0-255,2902,315771,77,350822
24694,0.002091,172.217.194.0-255,13528,329299,77,350822
24695,0.002113,172.217.194.0-255,10692,339991,77,350822
24696,0.002145,172.217.194.0-255,4320,344311,77,350822
24697,0.002162,172.217.194.0-255,1890,346201,77,350822
24698,0.002165,172.217.194.0-255,105,346306,77,350822
24699,0.002244,172.31.40.0-255,66,346372,77,350822
24700,0.009182,172.31.40.0-255,105,346477,77,350822
24701,0.011704,172.217.194.0-255,66,346543,77,350822
24702,0.036236,172.31.40.0-255,172,346715,77,350822
24703,0.036272,172.31.40.0-255,1119,347834,77,350822
24704,0.036375,172.31.40.0-255,1514,349348,77,350822
24705,0.036377,172.31.40.0-255,1276,350624,77,350822
24706,0.03778,104.244.42.0-255,66,350690,77,350822
24707,0.03781,104.244.42.0-255,66,350756,77,350822
24708,0.037963,104.244.42.0-255,66,350822,77,350822
24709,0.0,172.217.194.0-255,150,150,77,392922
24710,2.2e-05,172.31.40.0-255,66,216,77,392922
24711,2.9e-05,172.217.194.0-255,1484,1700,77,392922
24712,3.5e-05,172.31.40.0-255,66,1766,77,392922
24713,4.1e-05,172.217.194.0-255,2902,4668,77,392922
24714,4.5e-05,172.31.40.0-255,66,4734,77,392922
24715,5.2e-05,172.217.194.0-255,7156,11890,77,392922
24716,5.5e-05,172.31.40.0-255,66,11956,77,392922
24717,6e-05,172.217.194.0-255,2038,13994,77,392922
24718,6.3e-05,172.31.40.0-255,66,14060,77,392922
24719,0.000105,172.217.194.0-255,1484,15544,77,392922
24720,0.000108,172.31.40.0-255,66,15610,77,392922
24721,0.000113,172.217.194.0-255,2902,18512,77,392922
24722,0.000116,172.31.40.0-255,66,18578,77,392922
24723,0.000119,172.217.194.0-255,1484,20062,77,392922
24724,0.000121,172.31.40.0-255,66,20128,77,392922
24725,0.000137,172.217.194.0-255,4320,24448,77,392922
24726,0.00014,172.31.40.0-255,66,24514,77,392922
24727,0.000146,172.217.194.0-255,4320,28834,77,392922
24728,0.000148,172.31.40.0-255,66,28900,77,392922
24729,0.000167,172.217.194.0-255,2543,31443,77,392922
24730,0.000169,172.31.40.0-255,66,31509,77,392922
24731,0.000345,172.217.194.0-255,1484,32993,77,392922
24732,0.000351,172.31.40.0-255,66,33059,77,392922
24733,0.000356,172.217.194.0-255,2902,35961,77,392922
24734,0.000359,172.31.40.0-255,66,36027,77,392922
24735,0.000362,172.217.194.0-255,1484,37511,77,392922
24736,0.000364,172.31.40.0-255,66,37577,77,392922
24737,0.000385,172.217.194.0-255,4320,41897,77,392922
24738,0.000388,172.31.40.0-255,66,41963,77,392922
24739,0.000392,172.217.194.0-255,2902,44865,77,392922
24740,0.000394,172.31.40.0-255,66,44931,77,392922
24741,0.000419,172.217.194.0-255,3961,48892,77,392922
24742,0.000422,172.31.40.0-255,66,48958,77,392922
24743,0.000429,172.217.194.0-255,7156,56114,77,392922
24744,0.000431,172.31.40.0-255,66,56180,77,392922
24745,0.000456,172.217.194.0-255,9633,65813,77,392922
24746,0.000458,172.31.40.0-255,66,65879,77,392922
24747,0.000474,172.217.194.0-255,339,66218,77,392922
24748,0.00056,172.217.194.0-255,120,66338,77,392922
24749,0.000577,172.217.194.0-255,380,66718,77,392922
24750,0.000875,172.217.194.0-255,1484,68202,77,392922
24751,0.000881,172.31.40.0-255,66,68268,77,392922
24752,0.000887,172.217.194.0-255,2902,71170,77,392922
24753,0.000889,172.31.40.0-255,66,71236,77,392922
24754,0.000892,172.217.194.0-255,1484,72720,77,392922
24755,0.000917,172.217.194.0-255,4320,77040,77,392922
24756,0.00092,172.31.40.0-255,66,77106,77,392922
24757,0.000926,172.217.194.0-255,5738,82844,77,392922
24758,0.000929,172.31.40.0-255,66,82910,77,392922
24759,0.000953,172.217.194.0-255,7156,90066,77,392922
24760,0.000955,172.31.40.0-255,66,90132,77,392922
24761,0.00096,172.217.194.0-255,2902,93034,77,392922
24762,0.000963,172.31.40.0-255,66,93100,77,392922
24763,0.000993,172.217.194.0-255,7856,100956,77,392922
24764,0.000998,172.31.40.0-255,66,101022,77,392922
24765,0.001646,172.217.194.0-255,1484,102506,77,392922
24766,0.001656,172.217.194.0-255,2902,105408,77,392922
24767,0.00166,172.31.40.0-255,66,105474,77,392922
24768,0.001668,172.217.194.0-255,5738,111212,77,392922
24769,0.00167,172.31.40.0-255,66,111278,77,392922
24770,0.001675,172.217.194.0-255,2902,114180,77,392922
24771,0.001677,172.31.40.0-255,66,114246,77,392922
24772,0.001704,172.217.194.0-255,5738,119984,77,392922
24773,0.001707,172.31.40.0-255,66,120050,77,392922
24774,0.001767,172.31.40.0-255,66,120116,77,392922
24775,0.003838,172.217.194.0-255,5738,125854,77,392922
24776,0.003845,172.31.40.0-255,66,125920,77,392922
24777,0.005921,172.217.194.0-255,4320,130240,77,392922
24778,0.005925,172.31.40.0-255,66,130306,77,392922
24779,0.005936,172.217.194.0-255,1484,131790,77,392922
24780,0.007996,172.217.194.0-255,4320,136110,77,392922
24781,0.008003,172.31.40.0-255,66,136176,77,392922
24782,0.010065,172.217.194.0-255,5738,141914,77,392922
24783,0.010073,172.31.40.0-255,66,141980,77,392922
24784,0.012138,172.217.194.0-255,5738,147718,77,392922
24785,0.012147,172.31.40.0-255,66,147784,77,392922
24786,0.014203,172.217.194.0-255,5738,153522,77,392922
24787,0.014211,172.31.40.0-255,66,153588,77,392922
24788,0.016274,172.217.194.0-255,5738,159326,77,392922
24789,0.016283,172.31.40.0-255,66,159392,77,392922
24790,0.018356,172.217.194.0-255,5738,165130,77,392922
24791,0.018365,172.31.40.0-255,66,165196,77,392922
24792,0.020423,172.217.194.0-255,5738,170934,77,392922
24793,0.020433,172.31.40.0-255,66,171000,77,392922
24794,0.022533,172.217.194.0-255,5738,176738,77,392922
24795,0.022541,172.31.40.0-255,66,176804,77,392922
24796,0.024588,172.217.194.0-255,5738,182542,77,392922
24797,0.024597,172.31.40.0-255,66,182608,77,392922
24798,0.026659,172.217.194.0-255,5738,188346,77,392922
24799,0.026667,172.31.40.0-255,66,188412,77,392922
24800,0.028716,172.217.194.0-255,5738,194150,77,392922
24801,0.028723,172.31.40.0-255,66,194216,77,392922
24802,0.030788,172.217.194.0-255,5738,199954,77,392922
24803,0.030796,172.31.40.0-255,66,200020,77,392922
24804,0.032849,172.217.194.0-255,5738,205758,77,392922
24805,0.032857,172.31.40.0-255,66,205824,77,392922
24806,0.034941,172.217.194.0-255,5738,211562,77,392922
24807,0.034948,172.31.40.0-255,66,211628,77,392922
24808,0.037006,172.217.194.0-255,5738,217366,77,392922
24809,0.037013,172.31.40.0-255,66,217432,77,392922
24810,0.037152,172.31.40.0-255,172,217604,77,392922
24811,0.037191,172.31.40.0-255,1066,218670,77,392922
24812,0.038685,104.244.42.0-255,66,218736,77,392922
24813,0.038753,104.244.42.0-255,66,218802,77,392922
24814,0.039065,172.217.194.0-255,5738,224540,77,392922
24815,0.039072,172.31.40.0-255,66,224606,77,392922
24816,0.041145,172.217.194.0-255,5738,230344,77,392922
24817,0.041151,172.31.40.0-255,66,230410,77,392922
24818,0.043201,172.217.194.0-255,5738,236148,77,392922
24819,0.043208,172.31.40.0-255,66,236214,77,392922
24820,0.045255,172.217.194.0-255,5738,241952,77,392922
24821,0.045264,172.31.40.0-255,66,242018,77,392922
24822,0.047357,172.217.194.0-255,5738,247756,77,392922
24823,0.047365,172.31.40.0-255,66,247822,77,392922
24824,0.04943,172.217.194.0-255,5738,253560,77,392922
24825,0.049436,172.31.40.0-255,66,253626,77,392922
24826,0.051516,172.217.194.0-255,5738,259364,77,392922
24827,0.051524,172.31.40.0-255,66,259430,77,392922
24828,0.053593,172.217.194.0-255,5738,265168,77,392922
24829,0.0536,172.31.40.0-255,66,265234,77,392922
24830,0.055704,172.217.194.0-255,5738,270972,77,392922
24831,0.055711,172.31.40.0-255,66,271038,77,392922
24832,0.057782,172.217.194.0-255,5738,276776,77,392922
24833,0.057788,172.31.40.0-255,66,276842,77,392922
24834,0.059841,172.217.194.0-255,5738,282580,77,392922
24835,0.059849,172.31.40.0-255,66,282646,77,392922
24836,0.061935,172.217.194.0-255,5738,288384,77,392922
24837,0.061941,172.31.40.0-255,66,288450,77,392922
24838,0.064008,172.217.194.0-255,5738,294188,77,392922
24839,0.064015,172.31.40.0-255,66,294254,77,392922
24840,0.066067,172.217.194.0-255,5738,299992,77,392922
24841,0.066074,172.31.40.0-255,66,300058,77,392922
24842,0.068143,172.217.194.0-255,5738,305796,77,392922
24843,0.068151,172.31.40.0-255,66,305862,77,392922
24844,0.070209,172.217.194.0-255,5738,311600,77,392922
24845,0.070216,172.31.40.0-255,66,311666,77,392922
24846,0.072298,172.217.194.0-255,5738,317404,77,392922
24847,0.072305,172.31.40.0-255,66,317470,77,392922
24848,0.07434,172.217.194.0-255,5738,323208,77,392922
24849,0.074347,172.31.40.0-255,66,323274,77,392922
24850,0.07644,172.217.194.0-255,5738,329012,77,392922
24851,0.076445,172.31.40.0-255,66,329078,77,392922
24852,0.078518,172.217.194.0-255,5738,334816,77,392922
24853,0.078524,172.31.40.0-255,66,334882,77,392922
24854,0.080626,172.217.194.0-255,5738,340620,77,392922
24855,0.080631,172.31.40.0-255,66,340686,77,392922
24856,0.082719,172.217.194.0-255,5738,346424,77,392922
24857,0.082726,172.31.40.0-255,66,346490,77,392922
24858,0.084824,172.217.194.0-255,5738,352228,77,392922
24859,0.08483,172.31.40.0-255,66,352294,77,392922
24860,0.086889,172.217.194.0-255,5738,358032,77,392922
24861,0.086896,172.31.40.0-255,66,358098,77,392922
24862,0.088975,172.217.194.0-255,5738,363836,77,392922
24863,0.088982,172.31.40.0-255,66,363902,77,392922
24864,0.091059,172.217.194.0-255,5738,369640,77,392922
24865,0.091065,172.31.40.0-255,66,369706,77,392922
24866,0.093116,172.217.194.0-255,5738,375444,77,392922
24867,0.093122,172.31.40.0-255,66,375510,77,392922
24868,0.095222,172.217.194.0-255,5738,381248,77,392922
24869,0.095229,172.31.40.0-255,66,381314,77,392922
24870,0.097289,172.217.194.0-255,5738,387052,77,392922
24871,0.097294,172.31.40.0-255,66,387118,77,392922
24872,0.099369,172.217.194.0-255,5738,392856,77,392922
24873,0.099376,172.31.40.0-255,66,392922,77,392922
24874,0.0,172.217.194.0-255,150,150,77,373514
24875,2.6e-05,172.31.40.0-255,66,216,77,373514
24876,3.4e-05,172.217.194.0-255,1484,1700,77,373514
24877,3.9e-05,172.31.40.0-255,66,1766,77,373514
24878,5.3e-05,172.217.194.0-255,2902,4668,77,373514
24879,5.7e-05,172.31.40.0-255,66,4734,77,373514
24880,6.5e-05,172.217.194.0-255,7156,11890,77,373514
24881,6.8e-05,172.31.40.0-255,66,11956,77,373514
24882,7.2e-05,172.217.194.0-255,2066,14022,77,373514
24883,7.5e-05,172.31.40.0-255,66,14088,77,373514
24884,0.000106,172.217.194.0-255,11410,25498,77,373514
24885,0.000114,172.31.40.0-255,66,25564,77,373514
24886,0.000117,172.217.194.0-255,1484,27048,77,373514
24887,0.000119,172.31.40.0-255,66,27114,77,373514
24888,0.000144,172.217.194.0-255,3961,31075,77,373514
24889,0.000147,172.31.40.0-255,66,31141,77,373514
24890,0.000191,172.217.194.0-255,4320,35461,77,373514
24891,0.000193,172.31.40.0-255,66,35527,77,373514
24892,0.000199,172.217.194.0-255,4320,39847,77,373514
24893,0.000201,172.31.40.0-255,66,39913,77,373514
24894,0.000228,172.217.194.0-255,4320,44233,77,373514
24895,0.000231,172.31.40.0-255,66,44299,77,373514
24896,0.000255,172.217.194.0-255,6797,51096,77,373514
24897,0.000258,172.31.40.0-255,66,51162,77,373514
24898,0.00027,172.217.194.0-255,13887,65049,77,373514
24899,0.000272,172.31.40.0-255,66,65115,77,373514
24900,0.0003,172.217.194.0-255,339,65454,77,373514
24901,0.000302,172.31.40.0-255,66,65520,77,373514
24902,0.000327,172.217.194.0-255,436,65956,77,373514
24903,0.000329,172.31.40.0-255,66,66022,77,373514
24904,0.000539,172.217.194.0-255,1484,67506,77,373514
24905,0.000545,172.31.40.0-255,66,67572,77,373514
24906,0.000551,172.217.194.0-255,2902,70474,77,373514
24907,0.000553,172.31.40.0-255,66,70540,77,373514
24908,0.000587,172.217.194.0-255,5738,76278,77,373514
24909,0.00059,172.31.40.0-255,66,76344,77,373514
24910,0.0006,172.217.194.0-255,11410,87754,77,373514
24911,0.000602,172.31.40.0-255,66,87820,77,373514
24912,0.000628,172.217.194.0-255,1484,89304,77,373514
24913,0.000639,172.217.194.0-255,10692,99996,77,373514
24914,0.000642,172.31.40.0-255,66,100062,77,373514
24915,0.000701,172.217.194.0-255,1484,101546,77,373514
24916,0.000728,172.217.194.0-255,2902,104448,77,373514
24917,0.000731,172.31.40.0-255,66,104514,77,373514
24918,0.000738,172.217.194.0-255,5738,110252,77,373514
24919,0.000741,172.31.40.0-255,66,110318,77,373514
24920,0.000749,172.217.194.0-255,2902,113220,77,373514
24921,0.000752,172.31.40.0-255,66,113286,77,373514
24922,0.000786,172.217.194.0-255,9992,123278,77,373514
24923,0.000789,172.31.40.0-255,66,123344,77,373514
24924,0.000798,172.217.194.0-255,9992,133336,77,373514
24925,0.0008,172.31.40.0-255,66,133402,77,373514
24926,0.000803,172.217.194.0-255,766,134168,77,373514
24927,0.001043,172.217.194.0-255,1484,135652,77,373514
24928,0.00105,172.31.40.0-255,66,135718,77,373514
24929,0.001056,172.217.194.0-255,2902,138620,77,373514
24930,0.001059,172.31.40.0-255,66,138686,77,373514
24931,0.001071,172.217.194.0-255,5738,144424,77,373514
24932,0.001073,172.31.40.0-255,66,144490,77,373514
24933,0.001076,172.217.194.0-255,1484,145974,77,373514
24934,0.001107,172.217.194.0-255,4320,150294,77,373514
24935,0.00111,172.31.40.0-255,66,150360,77,373514
24936,0.001141,172.217.194.0-255,4320,154680,77,373514
24937,0.001145,172.31.40.0-255,66,154746,77,373514
24938,0.001163,172.217.194.0-255,4320,159066,77,373514
24939,0.001166,172.31.40.0-255,66,159132,77,373514
24940,0.001212,172.217.194.0-255,7156,166288,77,373514
24941,0.001215,172.31.40.0-255,66,166354,77,373514
24942,0.001245,172.217.194.0-255,2184,168538,77,373514
24943,0.001247,172.31.40.0-255,66,168604,77,373514
24944,0.001257,172.217.194.0-255,9992,178596,77,373514
24945,0.00126,172.31.40.0-255,66,178662,77,373514
24946,0.001267,172.217.194.0-255,5738,184400,77,373514
24947,0.00127,172.31.40.0-255,66,184466,77,373514
24948,0.001287,172.31.40.0-255,66,184532,77,373514
24949,0.00129,172.217.194.0-255,766,185298,77,373514
24950,0.001519,172.217.194.0-255,1484,186782,77,373514
24951,0.001523,172.31.40.0-255,66,186848,77,373514
24952,0.001529,172.217.194.0-255,2902,189750,77,373514
24953,0.001532,172.31.40.0-255,66,189816,77,373514
24954,0.001568,172.217.194.0-255,5738,195554,77,373514
24955,0.001571,172.31.40.0-255,66,195620,77,373514
24956,0.001583,172.217.194.0-255,12828,208448,77,373514
24957,0.001586,172.31.40.0-255,66,208514,77,373514
24958,0.00159,172.217.194.0-255,2902,211416,77,373514
24959,0.001592,172.31.40.0-255,66,211482,77,373514
24960,0.001644,172.217.194.0-255,2902,214384,77,373514
24961,0.001648,172.31.40.0-255,66,214450,77,373514
24962,0.001689,172.217.194.0-255,12110,226560,77,373514
24963,0.001692,172.31.40.0-255,66,226626,77,373514
24964,0.001721,172.31.40.0-255,66,226692,77,373514
24965,0.001731,172.217.194.0-255,10692,237384,77,373514
24966,0.001734,172.31.40.0-255,66,237450,77,373514
24967,0.001973,172.217.194.0-255,1484,238934,77,373514
24968,0.001989,172.217.194.0-255,2902,241836,77,373514
24969,0.001995,172.217.194.0-255,4320,246156,77,373514
24970,0.002,172.31.40.0-255,66,246222,77,373514
24971,0.002008,172.31.40.0-255,66,246288,77,373514
24972,0.002011,172.217.194.0-255,1484,247772,77,373514
24973,0.002036,172.217.194.0-255,5738,253510,77,373514
24974,0.002043,172.31.40.0-255,66,253576,77,373514
24975,0.002077,172.217.194.0-255,7156,260732,77,373514
24976,0.00208,172.31.40.0-255,66,260798,77,373514
24977,0.00209,172.217.194.0-255,9992,270790,77,373514
24978,0.002092,172.31.40.0-255,66,270856,77,373514
24979,0.002097,172.217.194.0-255,2184,273040,77,373514
24980,0.002099,172.31.40.0-255,66,273106,77,373514
24981,0.00214,172.217.194.0-255,2902,276008,77,373514
24982,0.002143,172.31.40.0-255,66,276074,77,373514
24983,0.002151,172.217.194.0-255,7156,283230,77,373514
24984,0.002153,172.31.40.0-255,66,283296,77,373514
24985,0.002157,172.217.194.0-255,2902,286198,77,373514
24986,0.00216,172.31.40.0-255,66,286264,77,373514
24987,0.002163,172.217.194.0-255,1484,287748,77,373514
24988,0.00221,172.217.194.0-255,9992,297740,77,373514
24989,0.002214,172.31.40.0-255,66,297806,77,373514
24990,0.002222,172.217.194.0-255,7856,305662,77,373514
24991,0.002225,172.31.40.0-255,66,305728,77,373514
24992,0.002268,172.217.194.0-255,5738,311466,77,373514
24993,0.002272,172.31.40.0-255,66,311532,77,373514
24994,0.002296,172.217.194.0-255,1484,313016,77,373514
24995,0.002304,172.217.194.0-255,8574,321590,77,373514
24996,0.002307,172.31.40.0-255,66,321656,77,373514
24997,0.002342,172.217.194.0-255,1484,323140,77,373514
24998,0.002382,172.31.40.0-255,66,323206,77,373514
24999,0.002384,172.217.194.0-255,766,323972,77,373514
25000,0.004579,172.31.40.0-255,66,324038,77,373514
25001,0.004644,172.217.194.0-255,4320,328358,77,373514
25002,0.004648,172.31.40.0-255,66,328424,77,373514
25003,0.006859,172.217.194.0-255,1484,329908,77,373514
25004,0.006908,172.217.194.0-255,4320,334228,77,373514
25005,0.006919,172.31.40.0-255,66,334294,77,373514
25006,0.009203,172.217.194.0-255,5738,340032,77,373514
25007,0.009218,172.31.40.0-255,66,340098,77,373514
25008,0.011494,172.217.194.0-255,5738,345836,77,373514
25009,0.011501,172.31.40.0-255,66,345902,77,373514
25010,0.013776,172.217.194.0-255,5738,351640,77,373514
25011,0.013793,172.31.40.0-255,66,351706,77,373514
25012,0.016086,172.217.194.0-255,5738,357444,77,373514
25013,0.016104,172.31.40.0-255,66,357510,77,373514
25014,0.018416,172.217.194.0-255,5738,363248,77,373514
25015,0.018431,172.31.40.0-255,66,363314,77,373514
25016,0.020742,172.217.194.0-255,1302,364616,77,373514
25017,0.021396,172.31.40.0-255,105,364721,77,373514
25018,0.021444,172.31.40.0-255,105,364826,77,373514
25019,0.021739,172.31.40.0-255,90,364916,77,373514
25020,0.021761,172.31.40.0-255,66,364982,77,373514
25021,0.023649,172.217.194.0-255,66,365048,77,373514
25022,0.023676,172.217.194.0-255,66,365114,77,373514
25023,0.023943,172.217.194.0-255,66,365180,77,373514
25024,0.023973,172.217.194.0-255,66,365246,77,373514
25025,0.023982,172.31.40.0-255,66,365312,77,373514
25026,0.023987,172.217.194.0-255,66,365378,77,373514
25027,0.0602,172.31.40.0-255,172,365550,77,373514
25028,0.060244,172.31.40.0-255,1116,366666,77,373514
25029,0.06032,172.31.40.0-255,1514,368180,77,373514
25030,0.060322,172.31.40.0-255,1514,369694,77,373514
25031,0.060323,172.31.40.0-255,1514,371208,77,373514
25032,0.060355,172.31.40.0-255,1514,372722,77,373514
25033,0.060357,172.31.40.0-255,528,373250,77,373514
25034,0.061702,104.244.42.0-255,66,373316,77,373514
25035,0.061753,104.244.42.0-255,66,373382,77,373514
25036,0.061897,104.244.42.0-255,66,373448,77,373514
25037,0.061999,104.244.42.0-255,66,373514,77,373514
25038,0.0,74.125.24.0-255,150,150,77,374018
25039,2.4e-05,172.31.40.0-255,66,216,77,374018
25040,3.1e-05,74.125.24.0-255,1484,1700,77,374018
25041,3.6e-05,172.31.40.0-255,66,1766,77,374018
25042,4.1e-05,74.125.24.0-255,2902,4668,77,374018
25043,4.4e-05,172.31.40.0-255,66,4734,77,374018
25044,5.3e-05,74.125.24.0-255,7156,11890,77,374018
25045,5.5e-05,172.31.40.0-255,66,11956,77,374018
25046,7.6e-05,74.125.24.0-255,2009,13965,77,374018
25047,7.8e-05,172.31.40.0-255,66,14031,77,374018
25048,0.000115,74.125.24.0-255,1484,15515,77,374018
25049,0.000117,172.31.40.0-255,66,15581,77,374018
25050,0.000121,74.125.24.0-255,1484,17065,77,374018
25051,0.000123,172.31.40.0-255,66,17131,77,374018
25052,0.000139,74.125.24.0-255,1484,18615,77,374018
25053,0.000141,172.31.40.0-255,66,18681,77,374018
25054,0.000149,74.125.24.0-255,5738,24419,77,374018
25055,0.000153,172.31.40.0-255,66,24485,77,374018
25056,0.000193,74.125.24.0-255,6797,31282,77,374018
25057,0.000196,172.31.40.0-255,66,31348,77,374018
25058,0.00038,74.125.24.0-255,1484,32832,77,374018
25059,0.000384,172.31.40.0-255,66,32898,77,374018
25060,0.000391,74.125.24.0-255,2902,35800,77,374018
25061,0.000393,172.31.40.0-255,66,35866,77,374018
25062,0.000397,74.125.24.0-255,2902,38768,77,374018
25063,0.0004,172.31.40.0-255,66,38834,77,374018
25064,0.000419,74.125.24.0-255,2902,41736,77,374018
25065,0.000422,172.31.40.0-255,66,41802,77,374018
25066,0.000428,74.125.24.0-255,5738,47540,77,374018
25067,0.000431,172.31.40.0-255,66,47606,77,374018
25068,0.00046,74.125.24.0-255,3961,51567,77,374018
25069,0.000463,172.31.40.0-255,66,51633,77,374018
25070,0.000473,74.125.24.0-255,9992,61625,77,374018
25071,0.000475,172.31.40.0-255,66,61691,77,374018
25072,0.000481,74.125.24.0-255,3961,65652,77,374018
25073,0.000482,172.31.40.0-255,66,65718,77,374018
25074,0.000505,74.125.24.0-255,401,66119,77,374018
25075,0.000769,74.125.24.0-255,108,66227,77,374018
25076,0.001056,172.31.40.0-255,66,66293,77,374018
25077,0.00113,74.125.24.0-255,1484,67777,77,374018
25078,0.001135,74.125.24.0-255,1484,69261,77,374018
25079,0.001138,172.31.40.0-255,66,69327,77,374018
25080,0.001149,74.125.24.0-255,1484,70811,77,374018
25081,0.001168,74.125.24.0-255,5738,76549,77,374018
25082,0.00117,172.31.40.0-255,66,76615,77,374018
25083,0.001178,74.125.24.0-255,6797,83412,77,374018
25084,0.00118,172.31.40.0-255,66,83478,77,374018
25085,0.001226,74.125.24.0-255,1484,84962,77,374018
25086,0.001246,74.125.24.0-255,2902,87864,77,374018
25087,0.001249,172.31.40.0-255,66,87930,77,374018
25088,0.001271,74.125.24.0-255,5738,93668,77,374018
25089,0.001274,172.31.40.0-255,66,93734,77,374018
25090,0.001277,74.125.24.0-255,1484,95218,77,374018
25091,0.001296,74.125.24.0-255,5379,100597,77,374018
25092,0.001298,172.31.40.0-255,66,100663,77,374018
25093,0.002586,74.125.24.0-255,1484,102147,77,374018
25094,0.002598,74.125.24.0-255,2902,105049,77,374018
25095,0.002602,172.31.40.0-255,66,105115,77,374018
25096,0.002609,74.125.24.0-255,2902,108017,77,374018
25097,0.002611,172.31.40.0-255,66,108083,77,374018
25098,0.002619,74.125.24.0-255,7156,115239,77,374018
25099,0.002622,172.31.40.0-255,66,115305,77,374018
25100,0.00263,74.125.24.0-255,8574,123879,77,374018
25101,0.002632,172.31.40.0-255,66,123945,77,374018
25102,0.002653,74.125.24.0-255,7156,131101,77,374018
25103,0.002656,172.31.40.0-255,66,131167,77,374018
25104,0.002661,74.125.24.0-255,3602,134769,77,374018
25105,0.002663,172.31.40.0-255,66,134835,77,374018
25106,0.002781,74.125.24.0-255,1484,136319,77,374018
25107,0.002796,74.125.24.0-255,1484,137803,77,374018
25108,0.002798,172.31.40.0-255,66,137869,77,374018
25109,0.00282,74.125.24.0-255,1484,139353,77,374018
25110,0.002826,74.125.24.0-255,5738,145091,77,374018
25111,0.002828,172.31.40.0-255,66,145157,77,374018
25112,0.002848,74.125.24.0-255,5738,150895,77,374018
25113,0.00285,172.31.40.0-255,66,150961,77,374018
25114,0.002868,74.125.24.0-255,7156,158117,77,374018
25115,0.00287,172.31.40.0-255,66,158183,77,374018
25116,0.002874,74.125.24.0-255,1484,159667,77,374018
25117,0.002903,74.125.24.0-255,12110,171777,77,374018
25118,0.002906,172.31.40.0-255,66,171843,77,374018
25119,0.002914,74.125.24.0-255,8574,180417,77,374018
25120,0.002916,172.31.40.0-255,66,180483,77,374018
25121,0.002952,74.125.24.0-255,2902,183385,77,374018
25122,0.002955,172.31.40.0-255,66,183451,77,374018
25123,0.00299,172.31.40.0-255,66,183517,77,374018
25124,0.003028,74.125.24.0-255,5738,189255,77,374018
25125,0.00303,172.31.40.0-255,66,189321,77,374018
25126,0.003072,172.31.40.0-255,66,189387,77,374018
25127,0.003079,74.125.24.0-255,7156,196543,77,374018
25128,0.003081,172.31.40.0-255,66,196609,77,374018
25129,0.003085,74.125.24.0-255,3602,200211,77,374018
25130,0.003318,74.125.24.0-255,1484,201695,77,374018
25131,0.003332,74.125.24.0-255,2902,204597,77,374018
25132,0.003349,74.125.24.0-255,1484,206081,77,374018
25133,0.003351,74.125.24.0-255,1484,207565,77,374018
25134,0.003355,74.125.24.0-255,1484,209049,77,374018
25135,0.003373,74.125.24.0-255,2902,211951,77,374018
25136,0.003385,74.125.24.0-255,7156,219107,77,374018
25137,0.003406,74.125.24.0-255,2902,222009,77,374018
25138,0.003417,74.125.24.0-255,12110,234119,77,374018
25139,0.003477,74.125.24.0-255,1484,235603,77,374018
25140,0.003497,74.125.24.0-255,2902,238505,77,374018
25141,0.003501,74.125.24.0-255,2902,241407,77,374018
25142,0.003516,74.125.24.0-255,2902,244309,77,374018
25143,0.00352,74.125.24.0-255,1484,245793,77,374018
25144,0.003545,74.125.24.0-255,11410,257203,77,374018
25145,0.00355,74.125.24.0-255,2902,260105,77,374018
25146,0.003568,74.125.24.0-255,7856,267961,77,374018
25147,0.003608,74.125.24.0-255,1484,269445,77,374018
25148,0.003613,74.125.24.0-255,2902,272347,77,374018
25149,0.00363,74.125.24.0-255,5738,278085,77,374018
25150,0.003656,74.125.24.0-255,4320,282405,77,374018
25151,0.003694,74.125.24.0-255,8574,290979,77,374018
25152,0.003701,74.125.24.0-255,7156,298135,77,374018
25153,0.003704,74.125.24.0-255,1484,299619,77,374018
25154,0.003726,74.125.24.0-255,2184,301803,77,374018
25155,0.003732,74.125.24.0-255,4320,306123,77,374018
25156,0.00375,74.125.24.0-255,8574,314697,77,374018
25157,0.003777,74.125.24.0-255,1484,316181,77,374018
25158,0.003786,74.125.24.0-255,8574,324755,77,374018
25159,0.003815,74.125.24.0-255,4320,329075,77,374018
25160,0.003829,74.125.24.0-255,6438,335513,77,374018
25161,0.003864,74.125.24.0-255,7156,342669,77,374018
25162,0.003891,74.125.24.0-255,8574,351243,77,374018
25163,0.003948,74.125.24.0-255,2902,354145,77,374018
25164,0.003986,74.125.24.0-255,3602,357747,77,374018
25165,0.003991,74.125.24.0-255,4320,362067,77,374018
25166,0.004016,74.125.24.0-255,3458,365525,77,374018
25167,0.004049,74.125.24.0-255,105,365630,77,374018
25168,0.004272,172.31.40.0-255,66,365696,77,374018
25169,0.012757,172.31.40.0-255,105,365801,77,374018
25170,0.014785,74.125.24.0-255,66,365867,77,374018
25171,0.040949,172.31.40.0-255,190,366057,77,374018
25172,0.040985,172.31.40.0-255,1116,367173,77,374018
25173,0.041052,172.31.40.0-255,1514,368687,77,374018
25174,0.041054,172.31.40.0-255,1514,370201,77,374018
25175,0.041055,172.31.40.0-255,1514,371715,77,374018
25176,0.041056,172.31.40.0-255,1514,373229,77,374018
25177,0.041057,172.31.40.0-255,525,373754,77,374018
25178,0.042534,104.244.42.0-255,66,373820,77,374018
25179,0.042548,104.244.42.0-255,66,373886,77,374018
25180,0.042598,104.244.42.0-255,66,373952,77,374018
25181,0.042615,104.244.42.0-255,66,374018,77,374018
25182,0.0,172.31.40.0-255,105,105,77,525
25183,0.000227,172.31.40.0-255,90,195,77,525
25184,0.000236,172.31.40.0-255,66,261,77,525
25185,0.002431,74.125.24.0-255,66,327,77,525
25186,0.002465,74.125.24.0-255,66,393,77,525
25187,0.00247,172.31.40.0-255,66,459,77,525
25188,0.002474,74.125.24.0-255,66,525,77,525
25189,0.0,74.125.24.0-255,153,153,77,377343
25190,2.3e-05,172.31.40.0-255,66,219,77,377343
25191,3.1e-05,74.125.24.0-255,1484,1703,77,377343
25192,3.5e-05,172.31.40.0-255,66,1769,77,377343
25193,5e-05,74.125.24.0-255,2902,4671,77,377343
25194,5.2e-05,172.31.40.0-255,66,4737,77,377343
25195,5.8e-05,74.125.24.0-255,4320,9057,77,377343
25196,6.1e-05,172.31.40.0-255,66,9123,77,377343
25197,8.7e-05,74.125.24.0-255,4837,13960,77,377343
25198,9e-05,172.31.40.0-255,66,14026,77,377343
25199,0.000121,74.125.24.0-255,5738,19764,77,377343
25200,0.000124,172.31.40.0-255,66,19830,77,377343
25201,0.000128,74.125.24.0-255,1484,21314,77,377343
25202,0.00013,172.31.40.0-255,66,21380,77,377343
25203,0.000155,74.125.24.0-255,4320,25700,77,377343
25204,0.000158,172.31.40.0-255,66,25766,77,377343
25205,0.000165,74.125.24.0-255,7156,32922,77,377343
25206,0.000168,172.31.40.0-255,66,32988,77,377343
25207,0.000201,74.125.24.0-255,9992,42980,77,377343
25208,0.000203,172.31.40.0-255,66,43046,77,377343
25209,0.000231,74.125.24.0-255,2902,45948,77,377343
25210,0.000233,172.31.40.0-255,66,46014,77,377343
25211,0.000254,74.125.24.0-255,2184,48198,77,377343
25212,0.000257,172.31.40.0-255,66,48264,77,377343
25213,0.000372,74.125.24.0-255,1484,49748,77,377343
25214,0.000379,172.31.40.0-255,66,49814,77,377343
25215,0.000384,74.125.24.0-255,2902,52716,77,377343
25216,0.000386,172.31.40.0-255,66,52782,77,377343
25217,0.000411,74.125.24.0-255,4320,57102,77,377343
25218,0.000414,172.31.40.0-255,66,57168,77,377343
25219,0.000421,74.125.24.0-255,1484,58652,77,377343
25220,0.000424,172.31.40.0-255,66,58718,77,377343
25221,0.00045,74.125.24.0-255,7103,65821,77,377343
25222,0.000453,172.31.40.0-255,66,65887,77,377343
25223,0.001229,74.125.24.0-255,114,66001,77,377343
25224,0.001275,74.125.24.0-255,1484,67485,77,377343
25225,0.00128,172.31.40.0-255,66,67551,77,377343
25226,0.001287,74.125.24.0-255,2902,70453,77,377343
25227,0.001289,172.31.40.0-255,66,70519,77,377343
25228,0.001323,74.125.24.0-255,4320,74839,77,377343
25229,0.001326,172.31.40.0-255,66,74905,77,377343
25230,0.001351,74.125.24.0-255,2902,77807,77,377343
25231,0.001353,172.31.40.0-255,66,77873,77,377343
25232,0.001383,74.125.24.0-255,2902,80775,77,377343
25233,0.001386,172.31.40.0-255,66,80841,77,377343
25234,0.001394,74.125.24.0-255,7156,87997,77,377343
25235,0.001396,172.31.40.0-255,66,88063,77,377343
25236,0.001441,74.125.24.0-255,12110,100173,77,377343
25237,0.001444,172.31.40.0-255,66,100239,77,377343
25238,0.002301,74.125.24.0-255,1484,101723,77,377343
25239,0.002307,74.125.24.0-255,2902,104625,77,377343
25240,0.002311,172.31.40.0-255,66,104691,77,377343
25241,0.002316,74.125.24.0-255,2902,107593,77,377343
25242,0.002318,172.31.40.0-255,66,107659,77,377343
25243,0.002349,74.125.24.0-255,2902,110561,77,377343
25244,0.002351,172.31.40.0-255,66,110627,77,377343
25245,0.002359,74.125.24.0-255,9992,120619,77,377343
25246,0.002361,172.31.40.0-255,66,120685,77,377343
25247,0.002388,74.125.24.0-255,9992,130677,77,377343
25248,0.00239,172.31.40.0-255,66,130743,77,377343
25249,0.002413,74.125.24.0-255,3602,134345,77,377343
25250,0.002415,172.31.40.0-255,66,134411,77,377343
25251,0.004789,74.125.24.0-255,4320,138731,77,377343
25252,0.004794,172.31.40.0-255,66,138797,77,377343
25253,0.004819,74.125.24.0-255,1484,140281,77,377343
25254,0.007148,74.125.24.0-255,4320,144601,77,377343
25255,0.007155,172.31.40.0-255,66,144667,77,377343
25256,0.009509,74.125.24.0-255,5738,150405,77,377343
25257,0.009516,172.31.40.0-255,66,150471,77,377343
25258,0.011861,74.125.24.0-255,5738,156209,77,377343
25259,0.011868,172.31.40.0-255,66,156275,77,377343
25260,0.014218,74.125.24.0-255,5738,162013,77,377343
25261,0.014226,172.31.40.0-255,66,162079,77,377343
25262,0.016583,74.125.24.0-255,5738,167817,77,377343
25263,0.016592,172.31.40.0-255,66,167883,77,377343
25264,0.018964,74.125.24.0-255,5738,173621,77,377343
25265,0.018975,172.31.40.0-255,66,173687,77,377343
25266,0.021347,74.125.24.0-255,5738,179425,77,377343
25267,0.021355,172.31.40.0-255,66,179491,77,377343
25268,0.023709,74.125.24.0-255,5738,185229,77,377343
25269,0.023715,172.31.40.0-255,66,185295,77,377343
25270,0.0262,74.125.24.0-255,5738,191033,77,377343
25271,0.026207,172.31.40.0-255,66,191099,77,377343
25272,0.028549,74.125.24.0-255,5738,196837,77,377343
25273,0.028556,172.31.40.0-255,66,196903,77,377343
25274,0.030901,74.125.24.0-255,5738,202641,77,377343
25275,0.030907,172.31.40.0-255,66,202707,77,377343
25276,0.033267,74.125.24.0-255,5738,208445,77,377343
25277,0.03328,172.31.40.0-255,66,208511,77,377343
25278,0.035646,74.125.24.0-255,5738,214249,77,377343
25279,0.035654,172.31.40.0-255,66,214315,77,377343
25280,0.037569,172.31.40.0-255,172,214487,77,377343
25281,0.037603,172.31.40.0-255,1119,215606,77,377343
25282,0.03767,172.31.40.0-255,1514,217120,77,377343
25283,0.037672,172.31.40.0-255,1514,218634,77,377343
25284,0.037673,172.31.40.0-255,1514,220148,77,377343
25285,0.037674,172.31.40.0-255,1514,221662,77,377343
25286,0.037705,172.31.40.0-255,1479,223141,77,377343
25287,0.037992,74.125.24.0-255,5738,228879,77,377343
25288,0.037998,172.31.40.0-255,66,228945,77,377343
25289,0.039102,104.244.42.0-255,66,229011,77,377343
25290,0.039213,104.244.42.0-255,66,229077,77,377343
25291,0.039261,104.244.42.0-255,66,229143,77,377343
25292,0.040339,74.125.24.0-255,5738,234881,77,377343
25293,0.040344,172.31.40.0-255,66,234947,77,377343
25294,0.042694,74.125.24.0-255,5738,240685,77,377343
25295,0.0427,172.31.40.0-255,66,240751,77,377343
25296,0.045055,74.125.24.0-255,5738,246489,77,377343
25297,0.045065,172.31.40.0-255,66,246555,77,377343
25298,0.047409,74.125.24.0-255,5738,252293,77,377343
25299,0.047415,172.31.40.0-255,66,252359,77,377343
25300,0.049777,74.125.24.0-255,5738,258097,77,377343
25301,0.049784,172.31.40.0-255,66,258163,77,377343
25302,0.052158,74.125.24.0-255,5738,263901,77,377343
25303,0.052167,172.31.40.0-255,66,263967,77,377343
25304,0.054519,74.125.24.0-255,5738,269705,77,377343
25305,0.054526,172.31.40.0-255,66,269771,77,377343
25306,0.056893,74.125.24.0-255,5738,275509,77,377343
25307,0.0569,172.31.40.0-255,66,275575,77,377343
25308,0.059271,74.125.24.0-255,4320,279895,77,377343
25309,0.059277,172.31.40.0-255,66,279961,77,377343
25310,0.059306,74.125.24.0-255,1484,281445,77,377343
25311,0.061643,74.125.24.0-255,4320,285765,77,377343
25312,0.06165,172.31.40.0-255,66,285831,77,377343
25313,0.064008,74.125.24.0-255,5738,291569,77,377343
25314,0.064014,172.31.40.0-255,66,291635,77,377343
25315,0.066389,74.125.24.0-255,5738,297373,77,377343
25316,0.0664,172.31.40.0-255,66,297439,77,377343
25317,0.068764,74.125.24.0-255,5738,303177,77,377343
25318,0.068772,172.31.40.0-255,66,303243,77,377343
25319,0.071157,74.125.24.0-255,5738,308981,77,377343
25320,0.071163,172.31.40.0-255,66,309047,77,377343
25321,0.073551,74.125.24.0-255,5738,314785,77,377343
25322,0.073557,172.31.40.0-255,66,314851,77,377343
25323,0.075916,74.125.24.0-255,5738,320589,77,377343
25324,0.075923,172.31.40.0-255,66,320655,77,377343
25325,0.078314,74.125.24.0-255,5738,326393,77,377343
25326,0.078321,172.31.40.0-255,66,326459,77,377343
25327,0.080658,74.125.24.0-255,5738,332197,77,377343
25328,0.080665,172.31.40.0-255,66,332263,77,377343
25329,0.083067,74.125.24.0-255,5738,338001,77,377343
25330,0.083076,172.31.40.0-255,66,338067,77,377343
25331,0.085532,74.125.24.0-255,5738,343805,77,377343
25332,0.085539,172.31.40.0-255,66,343871,77,377343
25333,0.08789,74.125.24.0-255,5738,349609,77,377343
25334,0.087897,172.31.40.0-255,66,349675,77,377343
25335,0.090244,74.125.24.0-255,5738,355413,77,377343
25336,0.09025,172.31.40.0-255,66,355479,77,377343
25337,0.092607,74.125.24.0-255,5738,361217,77,377343
25338,0.092616,172.31.40.0-255,66,361283,77,377343
25339,0.094979,74.125.24.0-255,5738,367021,77,377343
25340,0.094986,172.31.40.0-255,66,367087,77,377343
25341,0.097335,74.125.24.0-255,4320,371407,77,377343
25342,0.097344,172.31.40.0-255,66,371473,77,377343
25343,0.097372,74.125.24.0-255,1484,372957,77,377343
25344,0.099737,74.125.24.0-255,4320,377277,77,377343
25345,0.099749,172.31.40.0-255,66,377343,77,377343
25346,0.0,172.217.26.0-255,153,153,77,428540
25347,3.2e-05,172.31.40.0-255,66,219,77,428540
25348,3.9e-05,172.217.26.0-255,1484,1703,77,428540
25349,4.3e-05,172.31.40.0-255,66,1769,77,428540
25350,4.8e-05,172.217.26.0-255,2902,4671,77,428540
25351,5.8e-05,172.31.40.0-255,66,4737,77,428540
25352,6.5e-05,172.217.26.0-255,5738,10475,77,428540
25353,6.8e-05,172.31.40.0-255,66,10541,77,428540
25354,7.3e-05,172.217.26.0-255,3447,13988,77,428540
25355,7.5e-05,172.31.40.0-255,66,14054,77,428540
25356,0.000107,172.217.26.0-255,2902,16956,77,428540
25357,0.00011,172.31.40.0-255,66,17022,77,428540
25358,0.000134,172.217.26.0-255,1484,18506,77,428540
25359,0.000137,172.31.40.0-255,66,18572,77,428540
25360,0.000144,172.217.26.0-255,4320,22892,77,428540
25361,0.000146,172.31.40.0-255,66,22958,77,428540
25362,0.000151,172.217.26.0-255,5738,28696,77,428540
25363,0.000154,172.31.40.0-255,66,28762,77,428540
25364,0.000188,172.217.26.0-255,2543,31305,77,428540
25365,0.000192,172.31.40.0-255,66,31371,77,428540
25366,0.000222,172.217.26.0-255,1484,32855,77,428540
25367,0.000225,172.31.40.0-255,66,32921,77,428540
25368,0.000228,172.217.26.0-255,1484,34405,77,428540
25369,0.00023,172.31.40.0-255,66,34471,77,428540
25370,0.000234,172.217.26.0-255,2902,37373,77,428540
25371,0.000236,172.31.40.0-255,66,37439,77,428540
25372,0.000244,172.217.26.0-255,5738,43177,77,428540
25373,0.000247,172.31.40.0-255,66,43243,77,428540
25374,0.000294,172.217.26.0-255,5379,48622,77,428540
25375,0.000298,172.31.40.0-255,66,48688,77,428540
25376,0.000333,172.217.26.0-255,1484,50172,77,428540
25377,0.000337,172.31.40.0-255,66,50238,77,428540
25378,0.000342,172.217.26.0-255,2902,53140,77,428540
25379,0.000344,172.31.40.0-255,66,53206,77,428540
25380,0.000375,172.217.26.0-255,4320,57526,77,428540
25381,0.000379,172.31.40.0-255,66,57592,77,428540
25382,0.000385,172.217.26.0-255,5738,63330,77,428540
25383,0.000387,172.31.40.0-255,66,63396,77,428540
25384,0.000429,172.217.26.0-255,2872,66268,77,428540
25385,0.000433,172.31.40.0-255,66,66334,77,428540
25386,0.000995,172.217.26.0-255,115,66449,77,428540
25387,0.001149,172.217.26.0-255,1484,67933,77,428540
25388,0.001155,172.31.40.0-255,66,67999,77,428540
25389,0.001162,172.217.26.0-255,2902,70901,77,428540
25390,0.001165,172.31.40.0-255,66,70967,77,428540
25391,0.001194,172.217.26.0-255,1484,72451,77,428540
25392,0.00124,172.217.26.0-255,4320,76771,77,428540
25393,0.001243,172.31.40.0-255,66,76837,77,428540
25394,0.001248,172.217.26.0-255,2902,79739,77,428540
25395,0.00125,172.31.40.0-255,66,79805,77,428540
25396,0.00126,172.217.26.0-255,11051,90856,77,428540
25397,0.001262,172.31.40.0-255,66,90922,77,428540
25398,0.001271,172.217.26.0-255,9633,100555,77,428540
25399,0.001273,172.31.40.0-255,66,100621,77,428540
25400,0.001332,172.217.26.0-255,1484,102105,77,428540
25401,0.001337,172.217.26.0-255,1484,103589,77,428540
25402,0.001339,172.31.40.0-255,66,103655,77,428540
25403,0.001366,172.217.26.0-255,1484,105139,77,428540
25404,0.001373,172.217.26.0-255,5738,110877,77,428540
25405,0.001375,172.31.40.0-255,66,110943,77,428540
25406,0.001381,172.217.26.0-255,4320,115263,77,428540
25407,0.001383,172.31.40.0-255,66,115329,77,428540
25408,0.001408,172.217.26.0-255,8574,123903,77,428540
25409,0.00141,172.31.40.0-255,66,123969,77,428540
25410,0.001421,172.217.26.0-255,7156,131125,77,428540
25411,0.001424,172.31.40.0-255,66,131191,77,428540
25412,0.001453,172.217.26.0-255,3602,134793,77,428540
25413,0.001457,172.31.40.0-255,66,134859,77,428540
25414,0.001518,172.217.26.0-255,1484,136343,77,428540
25415,0.001534,172.217.26.0-255,2902,139245,77,428540
25416,0.001539,172.31.40.0-255,66,139311,77,428540
25417,0.001543,172.217.26.0-255,1484,140795,77,428540
25418,0.001546,172.217.26.0-255,1484,142279,77,428540
25419,0.001548,172.31.40.0-255,66,142345,77,428540
25420,0.001564,172.217.26.0-255,1484,143829,77,428540
25421,0.00157,172.217.26.0-255,5738,149567,77,428540
25422,0.001578,172.31.40.0-255,66,149633,77,428540
25423,0.001616,172.217.26.0-255,9992,159625,77,428540
25424,0.001618,172.31.40.0-255,66,159691,77,428540
25425,0.001649,172.217.26.0-255,2902,162593,77,428540
25426,0.001651,172.31.40.0-255,66,162659,77,428540
25427,0.00168,172.217.26.0-255,6438,169097,77,428540
25428,0.001683,172.31.40.0-255,66,169163,77,428540
25429,0.001685,172.217.26.0-255,330,169493,77,428540
25430,0.001892,172.217.26.0-255,1484,170977,77,428540
25431,0.001895,172.31.40.0-255,66,171043,77,428540
25432,0.001907,172.217.26.0-255,2902,173945,77,428540
25433,0.001913,172.31.40.0-255,66,174011,77,428540
25434,0.003771,172.217.26.0-255,2902,176913,77,428540
25435,0.003773,172.31.40.0-255,66,176979,77,428540
25436,0.003798,172.217.26.0-255,2902,179881,77,428540
25437,0.003801,172.31.40.0-255,66,179947,77,428540
25438,0.005663,172.217.26.0-255,2902,182849,77,428540
25439,0.005667,172.31.40.0-255,66,182915,77,428540
25440,0.005694,172.217.26.0-255,2902,185817,77,428540
25441,0.005696,172.31.40.0-255,66,185883,77,428540
25442,0.007555,172.217.26.0-255,2902,188785,77,428540
25443,0.007562,172.31.40.0-255,66,188851,77,428540
25444,0.007592,172.217.26.0-255,2902,191753,77,428540
25445,0.007595,172.31.40.0-255,66,191819,77,428540
25446,0.009455,172.217.26.0-255,2902,194721,77,428540
25447,0.009462,172.31.40.0-255,66,194787,77,428540
25448,0.009496,172.217.26.0-255,2902,197689,77,428540
25449,0.009499,172.31.40.0-255,66,197755,77,428540
25450,0.011353,172.217.26.0-255,2902,200657,77,428540
25451,0.011361,172.31.40.0-255,66,200723,77,428540
25452,0.011393,172.217.26.0-255,2902,203625,77,428540
25453,0.011396,172.31.40.0-255,66,203691,77,428540
25454,0.013245,172.217.26.0-255,2902,206593,77,428540
25455,0.013252,172.31.40.0-255,66,206659,77,428540
25456,0.01328,172.217.26.0-255,2902,209561,77,428540
25457,0.013283,172.31.40.0-255,66,209627,77,428540
25458,0.015141,172.217.26.0-255,2902,212529,77,428540
25459,0.015147,172.31.40.0-255,66,212595,77,428540
25460,0.015176,172.217.26.0-255,2902,215497,77,428540
25461,0.015179,172.31.40.0-255,66,215563,77,428540
25462,0.017034,172.217.26.0-255,2902,218465,77,428540
25463,0.017041,172.31.40.0-255,66,218531,77,428540
25464,0.017079,172.217.26.0-255,2902,221433,77,428540
25465,0.017083,172.31.40.0-255,66,221499,77,428540
25466,0.018942,172.217.26.0-255,2902,224401,77,428540
25467,0.01895,172.31.40.0-255,66,224467,77,428540
25468,0.018991,172.217.26.0-255,2902,227369,77,428540
25469,0.018995,172.31.40.0-255,66,227435,77,428540
25470,0.020847,172.217.26.0-255,2902,230337,77,428540
25471,0.020854,172.31.40.0-255,66,230403,77,428540
25472,0.020887,172.217.26.0-255,2902,233305,77,428540
25473,0.020891,172.31.40.0-255,66,233371,77,428540
25474,0.022744,172.217.26.0-255,2902,236273,77,428540
25475,0.022752,172.31.40.0-255,66,236339,77,428540
25476,0.022787,172.217.26.0-255,2902,239241,77,428540
25477,0.022791,172.31.40.0-255,66,239307,77,428540
25478,0.024628,172.217.26.0-255,2902,242209,77,428540
25479,0.024631,172.31.40.0-255,66,242275,77,428540
25480,0.024653,172.217.26.0-255,1484,243759,77,428540
25481,0.024665,172.217.26.0-255,1484,245243,77,428540
25482,0.024667,172.31.40.0-255,66,245309,77,428540
25483,0.026516,172.217.26.0-255,2902,248211,77,428540
25484,0.026518,172.31.40.0-255,66,248277,77,428540
25485,0.026545,172.217.26.0-255,2902,251179,77,428540
25486,0.026547,172.31.40.0-255,66,251245,77,428540
25487,0.028397,172.217.26.0-255,2902,254147,77,428540
25488,0.028399,172.31.40.0-255,66,254213,77,428540
25489,0.028421,172.217.26.0-255,2902,257115,77,428540
25490,0.028423,172.31.40.0-255,66,257181,77,428540
25491,0.030334,172.217.26.0-255,4320,261501,77,428540
25492,0.030343,172.31.40.0-255,66,261567,77,428540
25493,0.03038,172.217.26.0-255,1484,263051,77,428540
25494,0.032228,172.217.26.0-255,4320,267371,77,428540
25495,0.032234,172.31.40.0-255,66,267437,77,428540
25496,0.034129,172.217.26.0-255,5738,273175,77,428540
25497,0.034135,172.31.40.0-255,66,273241,77,428540
25498,0.036032,172.217.26.0-255,5738,278979,77,428540
25499,0.036038,172.31.40.0-255,66,279045,77,428540
25500,0.037942,172.217.26.0-255,5738,284783,77,428540
25501,0.037947,172.31.40.0-255,66,284849,77,428540
25502,0.039835,172.217.26.0-255,5738,290587,77,428540
25503,0.039841,172.31.40.0-255,66,290653,77,428540
25504,0.04174,172.217.26.0-255,5738,296391,77,428540
25505,0.041748,172.31.40.0-255,66,296457,77,428540
25506,0.043646,172.217.26.0-255,5738,302195,77,428540
25507,0.043654,172.31.40.0-255,66,302261,77,428540
25508,0.045549,172.217.26.0-255,5738,307999,77,428540
25509,0.045555,172.31.40.0-255,66,308065,77,428540
25510,0.047443,172.217.26.0-255,5738,313803,77,428540
25511,0.04745,172.31.40.0-255,66,313869,77,428540
25512,0.048937,172.31.40.0-255,176,314045,77,428540
25513,0.048994,172.31.40.0-255,1120,315165,77,428540
25514,0.049007,172.31.40.0-255,1514,316679,77,428540
25515,0.049008,172.31.40.0-255,1514,318193,77,428540
25516,0.049013,172.31.40.0-255,1514,319707,77,428540
25517,0.049014,172.31.40.0-255,1514,321221,77,428540
25518,0.049037,172.31.40.0-255,1477,322698,77,428540
25519,0.049341,172.217.26.0-255,5738,328436,77,428540
25520,0.049352,172.31.40.0-255,66,328502,77,428540
25521,0.050477,104.244.42.0-255,66,328568,77,428540
25522,0.05057,104.244.42.0-255,66,328634,77,428540
25523,0.050612,104.244.42.0-255,66,328700,77,428540
25524,0.05124,172.217.26.0-255,2902,331602,77,428540
25525,0.051246,172.31.40.0-255,66,331668,77,428540
25526,0.051272,172.217.26.0-255,2902,334570,77,428540
25527,0.051277,172.31.40.0-255,66,334636,77,428540
25528,0.05314,172.217.26.0-255,2902,337538,77,428540
25529,0.053145,172.31.40.0-255,66,337604,77,428540
25530,0.05318,172.217.26.0-255,2902,340506,77,428540
25531,0.053182,172.31.40.0-255,66,340572,77,428540
25532,0.055032,172.217.26.0-255,2902,343474,77,428540
25533,0.055038,172.31.40.0-255,66,343540,77,428540
25534,0.055071,172.217.26.0-255,2902,346442,77,428540
25535,0.055074,172.31.40.0-255,66,346508,77,428540
25536,0.056929,172.217.26.0-255,2902,349410,77,428540
25537,0.056936,172.31.40.0-255,66,349476,77,428540
25538,0.056966,172.217.26.0-255,2902,352378,77,428540
25539,0.05697,172.31.40.0-255,66,352444,77,428540
25540,0.058822,172.217.26.0-255,2902,355346,77,428540
25541,0.058826,172.31.40.0-255,66,355412,77,428540
25542,0.058865,172.217.26.0-255,2902,358314,77,428540
25543,0.058868,172.31.40.0-255,66,358380,77,428540
25544,0.06071,172.217.26.0-255,2902,361282,77,428540
25545,0.060715,172.31.40.0-255,66,361348,77,428540
25546,0.060758,172.217.26.0-255,2902,364250,77,428540
25547,0.060761,172.31.40.0-255,66,364316,77,428540
25548,0.062595,172.217.26.0-255,2902,367218,77,428540
25549,0.0626,172.31.40.0-255,66,367284,77,428540
25550,0.062639,172.217.26.0-255,2902,370186,77,428540
25551,0.062642,172.31.40.0-255,66,370252,77,428540
25552,0.064479,172.217.26.0-255,2902,373154,77,428540
25553,0.064484,172.31.40.0-255,66,373220,77,428540
25554,0.064528,172.217.26.0-255,2902,376122,77,428540
25555,0.064531,172.31.40.0-255,66,376188,77,428540
25556,0.066358,172.217.26.0-255,1484,377672,77,428540
25557,0.066405,172.217.26.0-255,4320,381992,77,428540
25558,0.06641,172.31.40.0-255,66,382058,77,428540
25559,0.068305,172.217.26.0-255,5738,387796,77,428540
25560,0.068311,172.31.40.0-255,66,387862,77,428540
25561,0.070215,172.217.26.0-255,5738,393600,77,428540
25562,0.070224,172.31.40.0-255,66,393666,77,428540
25563,0.072126,172.217.26.0-255,5738,399404,77,428540
25564,0.072132,172.31.40.0-255,66,399470,77,428540
25565,0.074018,172.217.26.0-255,5738,405208,77,428540
25566,0.074023,172.31.40.0-255,66,405274,77,428540
25567,0.075913,172.217.26.0-255,5738,411012,77,428540
25568,0.075918,172.31.40.0-255,66,411078,77,428540
25569,0.077804,172.217.26.0-255,4320,415398,77,428540
25570,0.07781,172.31.40.0-255,66,415464,77,428540
25571,0.077842,172.217.26.0-255,1484,416948,77,428540
25572,0.079694,172.217.26.0-255,4320,421268,77,428540
25573,0.079699,172.31.40.0-255,66,421334,77,428540
25574,0.081586,172.217.26.0-255,2902,424236,77,428540
25575,0.081591,172.31.40.0-255,66,424302,77,428540
25576,0.081633,172.217.26.0-255,2902,427204,77,428540
25577,0.081636,172.31.40.0-255,66,427270,77,428540
25578,0.083456,172.217.26.0-255,574,427844,77,428540
25579,0.083618,172.31.40.0-255,105,427949,77,428540
25580,0.083643,172.31.40.0-255,105,428054,77,428540
25581,0.083861,172.31.40.0-255,90,428144,77,428540
25582,0.08387,172.31.40.0-255,66,428210,77,428540
25583,0.085473,172.217.26.0-255,66,428276,77,428540
25584,0.085493,172.217.26.0-255,66,428342,77,428540
25585,0.085706,172.217.26.0-255,66,428408,77,428540
25586,0.085748,172.217.26.0-255,66,428474,77,428540
25587,0.085753,172.31.40.0-255,66,428540,77,428540
25588,0.0,74.125.24.0-255,150,150,77,322268
25589,1.4e-05,172.31.40.0-255,66,216,77,322268
25590,4.8e-05,74.125.24.0-255,1484,1700,77,322268
25591,5.3e-05,172.31.40.0-255,66,1766,77,322268
25592,5.9e-05,74.125.24.0-255,2902,4668,77,322268
25593,6.2e-05,172.31.40.0-255,66,4734,77,322268
25594,7.4e-05,74.125.24.0-255,7156,11890,77,322268
25595,7.7e-05,172.31.40.0-255,66,11956,77,322268
25596,0.000108,74.125.24.0-255,1981,13937,77,322268
25597,0.00011,172.31.40.0-255,66,14003,77,322268
25598,0.000608,74.125.24.0-255,1484,15487,77,322268
25599,0.000615,172.31.40.0-255,66,15553,77,322268
25600,0.000625,74.125.24.0-255,2902,18455,77,322268
25601,0.000627,172.31.40.0-255,66,18521,77,322268
25602,0.00064,74.125.24.0-255,5738,24259,77,322268
25603,0.000643,172.31.40.0-255,66,24325,77,322268
25604,0.000687,74.125.24.0-255,5738,30063,77,322268
25605,0.00069,172.31.40.0-255,66,30129,77,322268
25606,0.000712,74.125.24.0-255,1125,31254,77,322268
25607,0.000716,172.31.40.0-255,66,31320,77,322268
25608,0.000719,74.125.24.0-255,1484,32804,77,322268
25609,0.000721,172.31.40.0-255,66,32870,77,322268
25610,0.000744,74.125.24.0-255,4320,37190,77,322268
25611,0.000747,172.31.40.0-255,66,37256,77,322268
25612,0.000759,74.125.24.0-255,7156,44412,77,322268
25613,0.000761,172.31.40.0-255,66,44478,77,322268
25614,0.000789,74.125.24.0-255,5738,50216,77,322268
25615,0.000792,172.31.40.0-255,66,50282,77,322268
25616,0.000829,74.125.24.0-255,9633,59915,77,322268
25617,0.000832,172.31.40.0-255,66,59981,77,322268
25618,0.000837,74.125.24.0-255,2902,62883,77,322268
25619,0.000839,172.31.40.0-255,66,62949,77,322268
25620,0.00087,74.125.24.0-255,2877,65826,77,322268
25621,0.000873,172.31.40.0-255,66,65892,77,322268
25622,0.000908,74.125.24.0-255,110,66002,77,322268
25623,0.001029,74.125.24.0-255,1484,67486,77,322268
25624,0.001035,172.31.40.0-255,66,67552,77,322268
25625,0.00104,74.125.24.0-255,2902,70454,77,322268
25626,0.001042,172.31.40.0-255,66,70520,77,322268
25627,0.00108,74.125.24.0-255,5738,76258,77,322268
25628,0.001083,172.31.40.0-255,66,76324,77,322268
25629,0.001125,74.125.24.0-255,8215,84539,77,322268
25630,0.001128,172.31.40.0-255,66,84605,77,322268
25631,0.001137,74.125.24.0-255,8574,93179,77,322268
25632,0.001139,172.31.40.0-255,66,93245,77,322268
25633,0.001151,74.125.24.0-255,6797,100042,77,322268
25634,0.001154,172.31.40.0-255,66,100108,77,322268
25635,0.001664,74.125.24.0-255,1484,101592,77,322268
25636,0.001672,74.125.24.0-255,2902,104494,77,322268
25637,0.001676,172.31.40.0-255,66,104560,77,322268
25638,0.001681,74.125.24.0-255,1484,106044,77,322268
25639,0.001705,74.125.24.0-255,4320,110364,77,322268
25640,0.001707,172.31.40.0-255,66,110430,77,322268
25641,0.001718,74.125.24.0-255,11410,121840,77,322268
25642,0.001726,172.31.40.0-255,66,121906,77,322268
25643,0.001731,74.125.24.0-255,4320,126226,77,322268
25644,0.001733,172.31.40.0-255,66,126292,77,322268
25645,0.001758,74.125.24.0-255,7856,134148,77,322268
25646,0.001765,172.31.40.0-255,66,134214,77,322268
25647,0.001802,74.125.24.0-255,1484,135698,77,322268
25648,0.001805,74.125.24.0-255,1484,137182,77,322268
25649,0.001808,172.31.40.0-255,66,137248,77,322268
25650,0.001832,74.125.24.0-255,1484,138732,77,322268
25651,0.001839,74.125.24.0-255,5738,144470,77,322268
25652,0.001841,172.31.40.0-255,66,144536,77,322268
25653,0.001848,74.125.24.0-255,5738,150274,77,322268
25654,0.00185,172.31.40.0-255,66,150340,77,322268
25655,0.001885,74.125.24.0-255,7156,157496,77,322268
25656,0.001888,172.31.40.0-255,66,157562,77,322268
25657,0.0019,74.125.24.0-255,10692,168254,77,322268
25658,0.001906,172.31.40.0-255,66,168320,77,322268
25659,0.002424,74.125.24.0-255,1484,169804,77,322268
25660,0.002428,74.125.24.0-255,2902,172706,77,322268
25661,0.002431,172.31.40.0-255,66,172772,77,322268
25662,0.002476,74.125.24.0-255,4320,177092,77,322268
25663,0.002479,172.31.40.0-255,66,177158,77,322268
25664,0.002491,74.125.24.0-255,1484,178642,77,322268
25665,0.002505,74.125.24.0-255,11410,190052,77,322268
25666,0.002508,172.31.40.0-255,66,190118,77,322268
25667,0.002515,74.125.24.0-255,7156,197274,77,322268
25668,0.002518,172.31.40.0-255,66,197340,77,322268
25669,0.002552,74.125.24.0-255,5020,202360,77,322268
25670,0.002555,172.31.40.0-255,66,202426,77,322268
25671,0.002741,74.125.24.0-255,1484,203910,77,322268
25672,0.002761,74.125.24.0-255,2902,206812,77,322268
25673,0.002763,172.31.40.0-255,66,206878,77,322268
25674,0.002768,74.125.24.0-255,2902,209780,77,322268
25675,0.00277,172.31.40.0-255,66,209846,77,322268
25676,0.0028,74.125.24.0-255,2902,212748,77,322268
25677,0.002802,172.31.40.0-255,66,212814,77,322268
25678,0.002808,74.125.24.0-255,5738,218552,77,322268
25679,0.002811,172.31.40.0-255,66,218618,77,322268
25680,0.002826,74.125.24.0-255,12828,231446,77,322268
25681,0.002828,172.31.40.0-255,66,231512,77,322268
25682,0.002834,74.125.24.0-255,5020,236532,77,322268
25683,0.002837,172.31.40.0-255,66,236598,77,322268
25684,0.002843,74.125.24.0-255,5738,242336,77,322268
25685,0.002848,172.31.40.0-255,66,242402,77,322268
25686,0.002902,74.125.24.0-255,12828,255230,77,322268
25687,0.002904,172.31.40.0-255,66,255296,77,322268
25688,0.002915,74.125.24.0-255,12828,268124,77,322268
25689,0.002923,172.31.40.0-255,66,268190,77,322268
25690,0.002969,172.31.40.0-255,66,268256,77,322268
25691,0.002972,74.125.24.0-255,1484,269740,77,322268
25692,0.003032,172.31.40.0-255,66,269806,77,322268
25693,0.003051,172.31.40.0-255,66,269872,77,322268
25694,0.003055,74.125.24.0-255,2902,272774,77,322268
25695,0.003058,172.31.40.0-255,66,272840,77,322268
25696,0.003111,172.31.40.0-255,66,272906,77,322268
25697,0.003158,74.125.24.0-255,9992,282898,77,322268
25698,0.003161,172.31.40.0-255,66,282964,77,322268
25699,0.003195,74.125.24.0-255,9274,292238,77,322268
25700,0.003199,172.31.40.0-255,66,292304,77,322268
25701,0.003222,172.31.40.0-255,66,292370,77,322268
25702,0.003233,74.125.24.0-255,13528,305898,77,322268
25703,0.003236,172.31.40.0-255,66,305964,77,322268
25704,0.003241,74.125.24.0-255,4320,310284,77,322268
25705,0.003244,172.31.40.0-255,66,310350,77,322268
25706,0.003248,74.125.24.0-255,2313,312663,77,322268
25707,0.00325,172.31.40.0-255,66,312729,77,322268
25708,0.003298,74.125.24.0-255,105,312834,77,322268
25709,0.006538,172.31.40.0-255,66,312900,77,322268
25710,0.006577,172.31.40.0-255,105,313005,77,322268
25711,0.009145,74.125.24.0-255,66,313071,77,322268
25712,0.031916,172.31.40.0-255,280,313351,77,322268
25713,0.03195,172.31.40.0-255,1119,314470,77,322268
25714,0.032012,172.31.40.0-255,1514,315984,77,322268
25715,0.032015,172.31.40.0-255,1514,317498,77,322268
25716,0.032019,172.31.40.0-255,1514,319012,77,322268
25717,0.03202,172.31.40.0-255,1514,320526,77,322268
25718,0.032041,172.31.40.0-255,1478,322004,77,322268
25719,0.033484,104.244.42.0-255,66,322070,77,322268
25720,0.033524,104.244.42.0-255,66,322136,77,322268
25721,0.033572,104.244.42.0-255,66,322202,77,322268
25722,0.033626,104.244.42.0-255,66,322268,77,322268
25723,0.0,172.217.194.0-255,153,153,77,312103
25724,1.7e-05,172.31.40.0-255,66,219,77,312103
25725,2.4e-05,172.217.194.0-255,1484,1703,77,312103
25726,3e-05,172.31.40.0-255,66,1769,77,312103
25727,3.6e-05,172.217.194.0-255,2902,4671,77,312103
25728,4.5e-05,172.31.40.0-255,66,4737,77,312103
25729,5.3e-05,172.217.194.0-255,7156,11893,77,312103
25730,5.6e-05,172.31.40.0-255,66,11959,77,312103
25731,6e-05,172.217.194.0-255,2103,14062,77,312103
25732,6.2e-05,172.31.40.0-255,66,14128,77,312103
25733,0.000114,172.217.194.0-255,1484,15612,77,312103
25734,0.000116,172.31.40.0-255,66,15678,77,312103
25735,0.000121,172.217.194.0-255,2902,18580,77,312103
25736,0.000123,172.31.40.0-255,66,18646,77,312103
25737,0.000151,172.217.194.0-255,5738,24384,77,312103
25738,0.000154,172.31.40.0-255,66,24450,77,312103
25739,0.000159,172.217.194.0-255,4320,28770,77,312103
25740,0.000161,172.31.40.0-255,66,28836,77,312103
25741,0.000196,172.217.194.0-255,2543,31379,77,312103
25742,0.000199,172.31.40.0-255,66,31445,77,312103
25743,0.000207,172.217.194.0-255,8574,40019,77,312103
25744,0.00021,172.31.40.0-255,66,40085,77,312103
25745,0.000241,172.217.194.0-255,5738,45823,77,312103
25746,0.000244,172.31.40.0-255,66,45889,77,312103
25747,0.000248,172.217.194.0-255,2543,48432,77,312103
25748,0.000251,172.31.40.0-255,66,48498,77,312103
25749,0.000288,172.31.40.0-255,66,48564,77,312103
25750,0.000291,172.217.194.0-255,678,49242,77,312103
25751,0.000293,172.31.40.0-255,66,49308,77,312103
25752,0.000464,172.217.194.0-255,1484,50792,77,312103
25753,0.000468,172.31.40.0-255,66,50858,77,312103
25754,0.000474,172.217.194.0-255,2902,53760,77,312103
25755,0.000478,172.217.194.0-255,1484,55244,77,312103
25756,0.000498,172.217.194.0-255,4320,59564,77,312103
25757,0.000504,172.217.194.0-255,4320,63884,77,312103
25758,0.000525,172.217.194.0-255,8574,72458,77,312103
25759,0.00057,172.217.194.0-255,10692,83150,77,312103
25760,0.000622,172.31.40.0-255,66,83216,77,312103
25761,0.000775,172.217.194.0-255,1484,84700,77,312103
25762,0.000781,172.217.194.0-255,2902,87602,77,312103
25763,0.000788,172.31.40.0-255,66,87668,77,312103
25764,0.000817,172.217.194.0-255,5738,93406,77,312103
25765,0.00083,172.217.194.0-255,12828,106234,77,312103
25766,0.000837,172.217.194.0-255,8574,114808,77,312103
25767,0.000851,172.31.40.0-255,66,114874,77,312103
25768,0.00089,172.217.194.0-255,2184,117058,77,312103
25769,0.000911,172.31.40.0-255,66,117124,77,312103
25770,0.000921,172.217.194.0-255,2902,120026,77,312103
25771,0.000934,172.217.194.0-255,2902,122928,77,312103
25772,0.000946,172.217.194.0-255,1484,124412,77,312103
25773,0.000952,172.217.194.0-255,5738,130150,77,312103
25774,0.000971,172.217.194.0-255,2902,133052,77,312103
25775,0.000977,172.31.40.0-255,66,133118,77,312103
25776,0.001017,172.31.40.0-255,66,133184,77,312103
25777,0.001026,172.217.194.0-255,2184,135368,77,312103
25778,0.001036,172.31.40.0-255,66,135434,77,312103
25779,0.001094,172.217.194.0-255,1484,136918,77,312103
25780,0.001099,172.217.194.0-255,2902,139820,77,312103
25781,0.001115,172.31.40.0-255,66,139886,77,312103
25782,0.001126,172.217.194.0-255,5738,145624,77,312103
25783,0.001141,172.217.194.0-255,9992,155616,77,312103
25784,0.001153,172.217.194.0-255,1484,157100,77,312103
25785,0.00117,172.31.40.0-255,66,157166,77,312103
25786,0.001195,172.217.194.0-255,12110,169276,77,312103
25787,0.001225,172.217.194.0-255,12828,182104,77,312103
25788,0.001247,172.217.194.0-255,9992,192096,77,312103
25789,0.00125,172.31.40.0-255,66,192162,77,312103
25790,0.001266,172.217.194.0-255,5738,197900,77,312103
25791,0.001272,172.31.40.0-255,66,197966,77,312103
25792,0.001284,172.217.194.0-255,5020,202986,77,312103
25793,0.001311,172.31.40.0-255,66,203052,77,312103
25794,0.001408,172.217.194.0-255,1484,204536,77,312103
25795,0.001414,172.217.194.0-255,2902,207438,77,312103
25796,0.001429,172.217.194.0-255,1484,208922,77,312103
25797,0.001431,172.217.194.0-255,1484,210406,77,312103
25798,0.00144,172.217.194.0-255,1484,211890,77,312103
25799,0.001444,172.31.40.0-255,66,211956,77,312103
25800,0.001455,172.217.194.0-255,5738,217694,77,312103
25801,0.001465,172.31.40.0-255,66,217760,77,312103
25802,0.001512,172.217.194.0-255,11410,229170,77,312103
25803,0.001522,172.31.40.0-255,66,229236,77,312103
25804,0.001532,172.217.194.0-255,1484,230720,77,312103
25805,0.001541,172.217.194.0-255,2902,233622,77,312103
25806,0.001546,172.31.40.0-255,66,233688,77,312103
25807,0.001572,172.217.194.0-255,3602,237290,77,312103
25808,0.001582,172.31.40.0-255,66,237356,77,312103
25809,0.001725,172.217.194.0-255,1484,238840,77,312103
25810,0.001761,172.217.194.0-255,1484,240324,77,312103
25811,0.001772,172.31.40.0-255,66,240390,77,312103
25812,0.001783,172.217.194.0-255,1484,241874,77,312103
25813,0.001795,172.217.194.0-255,5738,247612,77,312103
25814,0.001806,172.217.194.0-255,12828,260440,77,312103
25815,0.001818,172.217.194.0-255,11410,271850,77,312103
25816,0.001833,172.217.194.0-255,3602,275452,77,312103
25817,0.001842,172.217.194.0-255,9992,285444,77,312103
25818,0.00186,172.31.40.0-255,66,285510,77,312103
25819,0.001867,172.217.194.0-255,5738,291248,77,312103
25820,0.001883,172.217.194.0-255,13528,304776,77,312103
25821,0.001898,172.31.40.0-255,66,304842,77,312103
25822,0.001915,172.217.194.0-255,2902,307744,77,312103
25823,0.001928,172.31.40.0-255,66,307810,77,312103
25824,0.001995,172.217.194.0-255,1484,309294,77,312103
25825,0.001998,172.217.194.0-255,1484,310778,77,312103
25826,0.002005,172.31.40.0-255,66,310844,77,312103
25827,0.002047,172.217.194.0-255,105,310949,77,312103
25828,0.00206,172.31.40.0-255,66,311015,77,312103
25829,0.004383,172.31.40.0-255,105,311120,77,312103
25830,0.006623,172.217.194.0-255,66,311186,77,312103
25831,0.051177,172.31.40.0-255,171,311357,77,312103
25832,0.051212,172.31.40.0-255,614,311971,77,312103
25833,0.052732,104.244.42.0-255,66,312037,77,312103
25834,0.052747,104.244.42.0-255,66,312103,77,312103
25835,0.0,74.125.68.0-255,153,153,77,428278
25836,2.5e-05,172.31.40.0-255,66,219,77,428278
25837,3.3e-05,74.125.68.0-255,1484,1703,77,428278
25838,3.7e-05,172.31.40.0-255,66,1769,77,428278
25839,4.4e-05,74.125.68.0-255,2902,4671,77,428278
25840,4.7e-05,172.31.40.0-255,66,4737,77,428278
25841,5.4e-05,74.125.68.0-255,5738,10475,77,428278
25842,5.7e-05,172.31.40.0-255,66,10541,77,428278
25843,6.3e-05,74.125.68.0-255,4320,14861,77,428278
25844,6.6e-05,172.31.40.0-255,66,14927,77,428278
25845,9.1e-05,74.125.68.0-255,2092,17019,77,428278
25846,9.4e-05,172.31.40.0-255,66,17085,77,428278
25847,0.000101,74.125.68.0-255,7156,24241,77,428278
25848,0.000103,172.31.40.0-255,66,24307,77,428278
25849,0.000107,74.125.68.0-255,2902,27209,77,428278
25850,0.000109,172.31.40.0-255,66,27275,77,428278
25851,0.000134,74.125.68.0-255,3961,31236,77,428278
25852,0.000137,172.31.40.0-255,66,31302,77,428278
25853,0.000201,74.125.68.0-255,1484,32786,77,428278
25854,0.000203,172.31.40.0-255,66,32852,77,428278
25855,0.000208,74.125.68.0-255,2902,35754,77,428278
25856,0.00021,172.31.40.0-255,66,35820,77,428278
25857,0.000244,74.125.68.0-255,2902,38722,77,428278
25858,0.000246,172.31.40.0-255,66,38788,77,428278
25859,0.000251,74.125.68.0-255,4320,43108,77,428278
25860,0.000254,172.31.40.0-255,66,43174,77,428278
25861,0.000285,74.125.68.0-255,5379,48553,77,428278
25862,0.000288,172.31.40.0-255,66,48619,77,428278
25863,0.000332,74.125.68.0-255,1484,50103,77,428278
25864,0.000335,172.31.40.0-255,66,50169,77,428278
25865,0.000339,74.125.68.0-255,1484,51653,77,428278
25866,0.000341,172.31.40.0-255,66,51719,77,428278
25867,0.000355,74.125.68.0-255,1484,53203,77,428278
25868,0.000369,74.125.68.0-255,1484,54687,77,428278
25869,0.000371,172.31.40.0-255,66,54753,77,428278
25870,0.000386,74.125.68.0-255,4320,59073,77,428278
25871,0.000389,172.31.40.0-255,66,59139,77,428278
25872,0.000417,74.125.68.0-255,6797,65936,77,428278
25873,0.000419,172.31.40.0-255,66,66002,77,428278
25874,0.000423,74.125.68.0-255,649,66651,77,428278
25875,0.000547,74.125.68.0-255,1484,68135,77,428278
25876,0.000551,172.31.40.0-255,66,68201,77,428278
25877,0.000556,74.125.68.0-255,2902,71103,77,428278
25878,0.000559,172.31.40.0-255,66,71169,77,428278
25879,0.00057,74.125.68.0-255,1484,72653,77,428278
25880,0.000589,74.125.68.0-255,2902,75555,77,428278
25881,0.000592,172.31.40.0-255,66,75621,77,428278
25882,0.000609,74.125.68.0-255,5738,81359,77,428278
25883,0.000612,172.31.40.0-255,66,81425,77,428278
25884,0.000635,74.125.68.0-255,3961,85386,77,428278
25885,0.000638,172.31.40.0-255,66,85452,77,428278
25886,0.000642,74.125.68.0-255,2902,88354,77,428278
25887,0.000644,172.31.40.0-255,66,88420,77,428278
25888,0.000682,74.125.68.0-255,4320,92740,77,428278
25889,0.000687,172.31.40.0-255,66,92806,77,428278
25890,0.000709,74.125.68.0-255,8215,101021,77,428278
25891,0.000712,172.31.40.0-255,66,101087,77,428278
25892,0.001721,74.125.68.0-255,1484,102571,77,428278
25893,0.001746,74.125.68.0-255,2902,105473,77,428278
25894,0.00175,172.31.40.0-255,66,105539,77,428278
25895,0.001757,74.125.68.0-255,4320,109859,77,428278
25896,0.00176,172.31.40.0-255,66,109925,77,428278
25897,0.00178,74.125.68.0-255,1484,111409,77,428278
25898,0.001794,74.125.68.0-255,2902,114311,77,428278
25899,0.001796,172.31.40.0-255,66,114377,77,428278
25900,0.001822,74.125.68.0-255,5738,120115,77,428278
25901,0.001824,172.31.40.0-255,66,120181,77,428278
25902,0.001878,74.125.68.0-255,8574,128755,77,428278
25903,0.001881,172.31.40.0-255,66,128821,77,428278
25904,0.001893,74.125.68.0-255,1484,130305,77,428278
25905,0.001911,74.125.68.0-255,5020,135325,77,428278
25906,0.001913,172.31.40.0-255,66,135391,77,428278
25907,0.001917,74.125.68.0-255,2902,138293,77,428278
25908,0.001918,172.31.40.0-255,66,138359,77,428278
25909,0.001934,74.125.68.0-255,4320,142679,77,428278
25910,0.001937,172.31.40.0-255,66,142745,77,428278
25911,0.001945,74.125.68.0-255,2902,145647,77,428278
25912,0.001946,172.31.40.0-255,66,145713,77,428278
25913,0.001965,74.125.68.0-255,4320,150033,77,428278
25914,0.001967,172.31.40.0-255,66,150099,77,428278
25915,0.001974,74.125.68.0-255,8574,158673,77,428278
25916,0.001977,172.31.40.0-255,66,158739,77,428278
25917,0.002003,74.125.68.0-255,4320,163059,77,428278
25918,0.002005,172.31.40.0-255,66,163125,77,428278
25919,0.00201,74.125.68.0-255,4320,167445,77,428278
25920,0.002012,172.31.40.0-255,66,167511,77,428278
25921,0.002023,74.125.68.0-255,1484,168995,77,428278
25922,0.002048,74.125.68.0-255,5020,174015,77,428278
25923,0.00205,172.31.40.0-255,66,174081,77,428278
25924,0.002073,74.125.68.0-255,5738,179819,77,428278
25925,0.002075,172.31.40.0-255,66,179885,77,428278
25926,0.002077,74.125.68.0-255,1484,181369,77,428278
25927,0.002103,74.125.68.0-255,11410,192779,77,428278
25928,0.002105,172.31.40.0-255,66,192845,77,428278
25929,0.00211,74.125.68.0-255,4320,197165,77,428278
25930,0.002112,172.31.40.0-255,66,197231,77,428278
25931,0.002148,74.125.68.0-255,2902,200133,77,428278
25932,0.002151,172.31.40.0-255,66,200199,77,428278
25933,0.002168,74.125.68.0-255,3602,203801,77,428278
25934,0.002171,172.31.40.0-255,66,203867,77,428278
25935,0.004685,74.125.68.0-255,1484,205351,77,428278
25936,0.004705,74.125.68.0-255,4320,209671,77,428278
25937,0.00471,172.31.40.0-255,66,209737,77,428278
25938,0.007239,74.125.68.0-255,4320,214057,77,428278
25939,0.007243,172.31.40.0-255,66,214123,77,428278
25940,0.007256,74.125.68.0-255,1484,215607,77,428278
25941,0.009888,74.125.68.0-255,4320,219927,77,428278
25942,0.009897,172.31.40.0-255,66,219993,77,428278
25943,0.012446,74.125.68.0-255,5738,225731,77,428278
25944,0.012457,172.31.40.0-255,66,225797,77,428278
25945,0.015013,74.125.68.0-255,5738,231535,77,428278
25946,0.015021,172.31.40.0-255,66,231601,77,428278
25947,0.017598,74.125.68.0-255,5738,237339,77,428278
25948,0.017611,172.31.40.0-255,66,237405,77,428278
25949,0.020158,74.125.68.0-255,5738,243143,77,428278
25950,0.020169,172.31.40.0-255,66,243209,77,428278
25951,0.022717,74.125.68.0-255,5738,248947,77,428278
25952,0.022726,172.31.40.0-255,66,249013,77,428278
25953,0.025275,74.125.68.0-255,5738,254751,77,428278
25954,0.025281,172.31.40.0-255,66,254817,77,428278
25955,0.027892,74.125.68.0-255,5738,260555,77,428278
25956,0.027905,172.31.40.0-255,66,260621,77,428278
25957,0.030461,74.125.68.0-255,5738,266359,77,428278
25958,0.030479,172.31.40.0-255,66,266425,77,428278
25959,0.033049,74.125.68.0-255,5738,272163,77,428278
25960,0.033066,172.31.40.0-255,66,272229,77,428278
25961,0.03561,74.125.68.0-255,5738,277967,77,428278
25962,0.035619,172.31.40.0-255,66,278033,77,428278
25963,0.038171,74.125.68.0-255,5738,283771,77,428278
25964,0.03818,172.31.40.0-255,66,283837,77,428278
25965,0.040728,74.125.68.0-255,5738,289575,77,428278
25966,0.040736,172.31.40.0-255,66,289641,77,428278
25967,0.043281,74.125.68.0-255,5738,295379,77,428278
25968,0.043298,172.31.40.0-255,66,295445,77,428278
25969,0.045895,74.125.68.0-255,5738,301183,77,428278
25970,0.045909,172.31.40.0-255,66,301249,77,428278
25971,0.048516,74.125.68.0-255,5738,306987,77,428278
25972,0.048536,172.31.40.0-255,66,307053,77,428278
25973,0.051077,74.125.68.0-255,5738,312791,77,428278
25974,0.051087,172.31.40.0-255,66,312857,77,428278
25975,0.053671,74.125.68.0-255,5738,318595,77,428278
25976,0.05369,172.31.40.0-255,66,318661,77,428278
25977,0.056245,74.125.68.0-255,5738,324399,77,428278
25978,0.056254,172.31.40.0-255,66,324465,77,428278
25979,0.058807,74.125.68.0-255,5738,330203,77,428278
25980,0.05882,172.31.40.0-255,66,330269,77,428278
25981,0.061359,74.125.68.0-255,5738,336007,77,428278
25982,0.06137,172.31.40.0-255,66,336073,77,428278
25983,0.063927,74.125.68.0-255,5738,341811,77,428278
25984,0.063941,172.31.40.0-255,66,341877,77,428278
25985,0.066511,74.125.68.0-255,5738,347615,77,428278
25986,0.06652,172.31.40.0-255,66,347681,77,428278
25987,0.068444,172.31.40.0-255,172,347853,77,428278
25988,0.068475,172.31.40.0-255,1120,348973,77,428278
25989,0.068546,172.31.40.0-255,1514,350487,77,428278
25990,0.068548,172.31.40.0-255,1514,352001,77,428278
25991,0.068554,172.31.40.0-255,1514,353515,77,428278
25992,0.068555,172.31.40.0-255,1514,355029,77,428278
25993,0.068572,172.31.40.0-255,1212,356241,77,428278
25994,0.069103,74.125.68.0-255,5738,361979,77,428278
25995,0.069109,172.31.40.0-255,66,362045,77,428278
25996,0.070038,104.244.42.0-255,66,362111,77,428278
25997,0.070047,104.244.42.0-255,66,362177,77,428278
25998,0.070116,104.244.42.0-255,66,362243,77,428278
25999,0.070122,104.244.42.0-255,66,362309,77,428278
26000,0.071655,74.125.68.0-255,5738,368047,77,428278
26001,0.071662,172.31.40.0-255,66,368113,77,428278
26002,0.074212,74.125.68.0-255,5738,373851,77,428278
26003,0.074218,172.31.40.0-255,66,373917,77,428278
26004,0.076774,74.125.68.0-255,5738,379655,77,428278
26005,0.07678,172.31.40.0-255,66,379721,77,428278
26006,0.07933,74.125.68.0-255,5738,385459,77,428278
26007,0.079338,172.31.40.0-255,66,385525,77,428278
26008,0.08188,74.125.68.0-255,5738,391263,77,428278
26009,0.081887,172.31.40.0-255,66,391329,77,428278
26010,0.084448,74.125.68.0-255,5738,397067,77,428278
26011,0.084455,172.31.40.0-255,66,397133,77,428278
26012,0.087014,74.125.68.0-255,5738,402871,77,428278
26013,0.087022,172.31.40.0-255,66,402937,77,428278
26014,0.089584,74.125.68.0-255,5738,408675,77,428278
26015,0.089592,172.31.40.0-255,66,408741,77,428278
26016,0.092156,74.125.68.0-255,5738,414479,77,428278
26017,0.092162,172.31.40.0-255,66,414545,77,428278
26018,0.094719,74.125.68.0-255,5738,420283,77,428278
26019,0.094726,172.31.40.0-255,66,420349,77,428278
26020,0.097266,74.125.68.0-255,5738,426087,77,428278
26021,0.097272,172.31.40.0-255,66,426153,77,428278
26022,0.099824,74.125.68.0-255,2059,428212,77,428278
26023,0.099831,172.31.40.0-255,66,428278,77,428278
26024,0.0,74.125.24.0-255,154,154,77,379549
26025,2.6e-05,172.31.40.0-255,66,220,77,379549
26026,3.5e-05,74.125.24.0-255,1484,1704,77,379549
26027,4e-05,172.31.40.0-255,66,1770,77,379549
26028,5.3e-05,74.125.24.0-255,2902,4672,77,379549
26029,5.6e-05,172.31.40.0-255,66,4738,77,379549
26030,6.1e-05,74.125.24.0-255,2902,7640,77,379549
26031,6.4e-05,172.31.40.0-255,66,7706,77,379549
26032,9.8e-05,74.125.24.0-255,4320,12026,77,379549
26033,0.000102,172.31.40.0-255,66,12092,77,379549
26034,0.000106,74.125.24.0-255,2103,14195,77,379549
26035,0.000108,172.31.40.0-255,66,14261,77,379549
26036,0.000532,74.125.24.0-255,1484,15745,77,379549
26037,0.000538,172.31.40.0-255,66,15811,77,379549
26038,0.000544,74.125.24.0-255,2902,18713,77,379549
26039,0.000547,172.31.40.0-255,66,18779,77,379549
26040,0.000581,74.125.24.0-255,5738,24517,77,379549
26041,0.000586,172.31.40.0-255,66,24583,77,379549
26042,0.000604,74.125.24.0-255,4320,28903,77,379549
26043,0.000606,172.31.40.0-255,66,28969,77,379549
26044,0.000632,74.125.24.0-255,2543,31512,77,379549
26045,0.000635,172.31.40.0-255,66,31578,77,379549
26046,0.000643,74.125.24.0-255,7156,38734,77,379549
26047,0.000645,172.31.40.0-255,66,38800,77,379549
26048,0.00068,74.125.24.0-255,9633,48433,77,379549
26049,0.000683,172.31.40.0-255,66,48499,77,379549
26050,0.000707,74.125.24.0-255,1484,49983,77,379549
26051,0.000709,172.31.40.0-255,66,50049,77,379549
26052,0.000714,74.125.24.0-255,2902,52951,77,379549
26053,0.000716,172.31.40.0-255,66,53017,77,379549
26054,0.000751,74.125.24.0-255,5738,58755,77,379549
26055,0.000755,74.125.24.0-255,2902,61657,77,379549
26056,0.000763,172.31.40.0-255,101,61758,77,379549
26057,0.000768,172.31.40.0-255,66,61824,77,379549
26058,0.000785,172.31.40.0-255,66,61890,77,379549
26059,0.000791,74.125.24.0-255,3961,65851,77,379549
26060,0.000793,172.31.40.0-255,66,65917,77,379549
26061,0.000911,74.125.24.0-255,410,66327,77,379549
26062,0.000968,74.125.24.0-255,1484,67811,77,379549
26063,0.000972,172.31.40.0-255,66,67877,77,379549
26064,0.000979,74.125.24.0-255,4320,72197,77,379549
26065,0.00098,172.31.40.0-255,66,72263,77,379549
26066,0.000991,74.125.24.0-255,5738,78001,77,379549
26067,0.000993,172.31.40.0-255,66,78067,77,379549
26068,0.000996,74.125.24.0-255,1484,79551,77,379549
26069,0.001034,74.125.24.0-255,6797,86348,77,379549
26070,0.001042,74.125.24.0-255,8574,94922,77,379549
26071,0.001047,74.125.24.0-255,5625,100547,77,379549
26072,0.001052,172.31.40.0-255,66,100613,77,379549
26073,0.001062,172.31.40.0-255,66,100679,77,379549
26074,0.001068,172.31.40.0-255,66,100745,77,379549
26075,0.001173,74.125.24.0-255,1484,102229,77,379549
26076,0.001187,74.125.24.0-255,2902,105131,77,379549
26077,0.001191,172.31.40.0-255,66,105197,77,379549
26078,0.001197,74.125.24.0-255,4320,109517,77,379549
26079,0.001199,172.31.40.0-255,66,109583,77,379549
26080,0.001232,74.125.24.0-255,1484,111067,77,379549
26081,0.001242,74.125.24.0-255,11410,122477,77,379549
26082,0.001245,172.31.40.0-255,66,122543,77,379549
26083,0.001263,74.125.24.0-255,1484,124027,77,379549
26084,0.001269,74.125.24.0-255,4320,128347,77,379549
26085,0.001272,172.31.40.0-255,66,128413,77,379549
26086,0.0013,74.125.24.0-255,5738,134151,77,379549
26087,0.001304,172.31.40.0-255,66,134217,77,379549
26088,0.001326,74.125.24.0-255,766,134983,77,379549
26089,0.001595,74.125.24.0-255,1484,136467,77,379549
26090,0.0016,172.31.40.0-255,66,136533,77,379549
26091,0.001605,74.125.24.0-255,2902,139435,77,379549
26092,0.001607,172.31.40.0-255,66,139501,77,379549
26093,0.001629,74.125.24.0-255,5738,145239,77,379549
26094,0.001631,172.31.40.0-255,66,145305,77,379549
26095,0.001661,74.125.24.0-255,5738,151043,77,379549
26096,0.001663,172.31.40.0-255,66,151109,77,379549
26097,0.001675,74.125.24.0-255,1484,152593,77,379549
26098,0.001687,74.125.24.0-255,7156,159749,77,379549
26099,0.001689,172.31.40.0-255,66,159815,77,379549
26100,0.001726,74.125.24.0-255,7156,166971,77,379549
26101,0.001729,172.31.40.0-255,66,167037,77,379549
26102,0.001733,74.125.24.0-255,2184,169221,77,379549
26103,0.001735,172.31.40.0-255,66,169287,77,379549
26104,0.001756,74.125.24.0-255,1484,170771,77,379549
26105,0.001758,74.125.24.0-255,1484,172255,77,379549
26106,0.001761,172.31.40.0-255,66,172321,77,379549
26107,0.001788,74.125.24.0-255,1484,173805,77,379549
26108,0.001794,74.125.24.0-255,5738,179543,77,379549
26109,0.001797,172.31.40.0-255,66,179609,77,379549
26110,0.001802,74.125.24.0-255,4320,183929,77,379549
26111,0.001804,172.31.40.0-255,66,183995,77,379549
26112,0.001825,74.125.24.0-255,4320,188315,77,379549
26113,0.001827,172.31.40.0-255,66,188381,77,379549
26114,0.001875,172.31.40.0-255,66,188447,77,379549
26115,0.001881,74.125.24.0-255,7156,195603,77,379549
26116,0.001885,172.31.40.0-255,66,195669,77,379549
26117,0.001956,172.31.40.0-255,66,195735,77,379549
26118,0.001994,74.125.24.0-255,1484,197219,77,379549
26119,0.001998,74.125.24.0-255,1484,198703,77,379549
26120,0.002001,172.31.40.0-255,66,198769,77,379549
26121,0.002015,74.125.24.0-255,1484,200253,77,379549
26122,0.002026,74.125.24.0-255,5738,205991,77,379549
26123,0.002029,172.31.40.0-255,66,206057,77,379549
26124,0.002075,74.125.24.0-255,12828,218885,77,379549
26125,0.002079,172.31.40.0-255,66,218951,77,379549
26126,0.00209,74.125.24.0-255,10692,229643,77,379549
26127,0.002092,172.31.40.0-255,66,229709,77,379549
26128,0.002212,74.125.24.0-255,1484,231193,77,379549
26129,0.002218,74.125.24.0-255,2902,234095,77,379549
26130,0.002221,172.31.40.0-255,66,234161,77,379549
26131,0.002241,74.125.24.0-255,5738,239899,77,379549
26132,0.002245,172.31.40.0-255,66,239965,77,379549
26133,0.002257,74.125.24.0-255,2902,242867,77,379549
26134,0.00226,172.31.40.0-255,66,242933,77,379549
26135,0.002288,74.125.24.0-255,8574,251507,77,379549
26136,0.002292,172.31.40.0-255,66,251573,77,379549
26137,0.002302,74.125.24.0-255,12110,263683,77,379549
26138,0.002306,172.31.40.0-255,66,263749,77,379549
26139,0.002354,74.125.24.0-255,1484,265233,77,379549
26140,0.00236,74.125.24.0-255,2902,268135,77,379549
26141,0.002363,172.31.40.0-255,66,268201,77,379549
26142,0.00237,74.125.24.0-255,5738,273939,77,379549
26143,0.002372,172.31.40.0-255,66,274005,77,379549
26144,0.002404,74.125.24.0-255,11410,285415,77,379549
26145,0.002406,172.31.40.0-255,66,285481,77,379549
26146,0.002437,74.125.24.0-255,1484,286965,77,379549
26147,0.002448,74.125.24.0-255,10692,297657,77,379549
26148,0.002451,172.31.40.0-255,66,297723,77,379549
26149,0.002515,74.125.24.0-255,1484,299207,77,379549
26150,0.002519,74.125.24.0-255,1484,300691,77,379549
26151,0.002522,172.31.40.0-255,66,300757,77,379549
26152,0.002542,74.125.24.0-255,1484,302241,77,379549
26153,0.002548,74.125.24.0-255,5738,307979,77,379549
26154,0.002551,172.31.40.0-255,66,308045,77,379549
26155,0.002554,74.125.24.0-255,1484,309529,77,379549
26156,0.002596,74.125.24.0-255,11410,320939,77,379549
26157,0.0026,172.31.40.0-255,66,321005,77,379549
26158,0.002607,74.125.24.0-255,7156,328161,77,379549
26159,0.00261,172.31.40.0-255,66,328227,77,379549
26160,0.002615,74.125.24.0-255,3602,331829,77,379549
26161,0.002617,172.31.40.0-255,66,331895,77,379549
26162,0.003349,74.125.24.0-255,66,331961,77,379549
26163,0.005226,74.125.24.0-255,4320,336281,77,379549
26164,0.005234,172.31.40.0-255,66,336347,77,379549
26165,0.005262,74.125.24.0-255,1484,337831,77,379549
26166,0.007874,74.125.24.0-255,4320,342151,77,379549
26167,0.007881,172.31.40.0-255,66,342217,77,379549
26168,0.010529,74.125.24.0-255,5738,347955,77,379549
26169,0.010536,172.31.40.0-255,66,348021,77,379549
26170,0.013163,74.125.24.0-255,5738,353759,77,379549
26171,0.013172,172.31.40.0-255,66,353825,77,379549
26172,0.015801,74.125.24.0-255,5738,359563,77,379549
26173,0.01581,172.31.40.0-255,66,359629,77,379549
26174,0.01846,74.125.24.0-255,5738,365367,77,379549
26175,0.018468,172.31.40.0-255,66,365433,77,379549
26176,0.021095,74.125.24.0-255,5738,371171,77,379549
26177,0.021105,172.31.40.0-255,66,371237,77,379549
26178,0.023751,74.125.24.0-255,2905,374142,77,379549
26179,0.023765,172.31.40.0-255,66,374208,77,379549
26180,0.024006,172.31.40.0-255,105,374313,77,379549
26181,0.030577,74.125.24.0-255,66,374379,77,379549
26182,0.054419,172.31.40.0-255,172,374551,77,379549
26183,0.054456,172.31.40.0-255,1121,375672,77,379549
26184,0.054522,172.31.40.0-255,1514,377186,77,379549
26185,0.054523,172.31.40.0-255,1514,378700,77,379549
26186,0.054547,172.31.40.0-255,585,379285,77,379549
26187,0.056011,104.244.42.0-255,66,379351,77,379549
26188,0.056024,104.244.42.0-255,66,379417,77,379549
26189,0.056087,104.244.42.0-255,66,379483,77,379549
26190,0.056092,104.244.42.0-255,66,379549,77,379549
26191,0.0,74.125.24.0-255,153,153,77,380513
26192,1.6e-05,172.31.40.0-255,66,219,77,380513
26193,2.4e-05,74.125.24.0-255,1484,1703,77,380513
26194,2.8e-05,172.31.40.0-255,66,1769,77,380513
26195,3.4e-05,74.125.24.0-255,2902,4671,77,380513
26196,4.6e-05,172.31.40.0-255,66,4737,77,380513
26197,5.2e-05,74.125.24.0-255,5738,10475,77,380513
26198,5.6e-05,172.31.40.0-255,66,10541,77,380513
26199,0.000109,74.125.24.0-255,3320,13861,77,380513
26200,0.000113,172.31.40.0-255,66,13927,77,380513
26201,0.00014,74.125.24.0-255,1484,15411,77,380513
26202,0.000143,172.31.40.0-255,66,15477,77,380513
26203,0.000148,74.125.24.0-255,2902,18379,77,380513
26204,0.00015,172.31.40.0-255,66,18445,77,380513
26205,0.000157,74.125.24.0-255,5738,24183,77,380513
26206,0.000164,172.31.40.0-255,66,24249,77,380513
26207,0.000197,74.125.24.0-255,6797,31046,77,380513
26208,0.0002,172.31.40.0-255,66,31112,77,380513
26209,0.000398,74.125.24.0-255,1484,32596,77,380513
26210,0.000404,172.31.40.0-255,66,32662,77,380513
26211,0.000409,74.125.24.0-255,2902,35564,77,380513
26212,0.000411,172.31.40.0-255,66,35630,77,380513
26213,0.000419,74.125.24.0-255,5738,41368,77,380513
26214,0.000427,172.31.40.0-255,66,41434,77,380513
26215,0.000467,74.125.24.0-255,6797,48231,77,380513
26216,0.00047,172.31.40.0-255,66,48297,77,380513
26217,0.000491,172.31.40.0-255,66,48363,77,380513
26218,0.000495,74.125.24.0-255,2543,50906,77,380513
26219,0.000497,172.31.40.0-255,66,50972,77,380513
26220,0.000557,74.125.24.0-255,399,51371,77,380513
26221,0.000561,172.31.40.0-255,66,51437,77,380513
26222,0.000621,74.125.24.0-255,345,51782,77,380513
26223,0.001034,172.31.40.0-255,66,51848,77,380513
26224,0.00122,74.125.24.0-255,1484,53332,77,380513
26225,0.001231,74.125.24.0-255,2902,56234,77,380513
26226,0.001235,172.31.40.0-255,66,56300,77,380513
26227,0.001241,74.125.24.0-255,2902,59202,77,380513
26228,0.001243,172.31.40.0-255,66,59268,77,380513
26229,0.00127,74.125.24.0-255,2902,62170,77,380513
26230,0.001272,172.31.40.0-255,66,62236,77,380513
26231,0.001284,74.125.24.0-255,12828,75064,77,380513
26232,0.001286,172.31.40.0-255,66,75130,77,380513
26233,0.001298,74.125.24.0-255,7156,82286,77,380513
26234,0.0013,172.31.40.0-255,66,82352,77,380513
26235,0.001325,74.125.24.0-255,1484,83836,77,380513
26236,0.001358,74.125.24.0-255,2184,86020,77,380513
26237,0.001361,172.31.40.0-255,66,86086,77,380513
26238,0.001408,74.125.24.0-255,1484,87570,77,380513
26239,0.001412,74.125.24.0-255,1484,89054,77,380513
26240,0.001415,172.31.40.0-255,66,89120,77,380513
26241,0.00144,74.125.24.0-255,1484,90604,77,380513
26242,0.001447,74.125.24.0-255,5738,96342,77,380513
26243,0.00145,172.31.40.0-255,66,96408,77,380513
26244,0.001459,74.125.24.0-255,8574,104982,77,380513
26245,0.001461,172.31.40.0-255,66,105048,77,380513
26246,0.001482,74.125.24.0-255,4320,109368,77,380513
26247,0.001484,172.31.40.0-255,66,109434,77,380513
26248,0.001499,74.125.24.0-255,10692,120126,77,380513
26249,0.001501,172.31.40.0-255,66,120192,77,380513
26250,0.001621,74.125.24.0-255,1484,121676,77,380513
26251,0.001628,74.125.24.0-255,2902,124578,77,380513
26252,0.001632,172.31.40.0-255,66,124644,77,380513
26253,0.001638,74.125.24.0-255,4320,128964,77,380513
26254,0.00164,172.31.40.0-255,66,129030,77,380513
26255,0.001658,74.125.24.0-255,1484,130514,77,380513
26256,0.001665,74.125.24.0-255,5738,136252,77,380513
26257,0.001667,172.31.40.0-255,66,136318,77,380513
26258,0.001704,74.125.24.0-255,7156,143474,77,380513
26259,0.001708,172.31.40.0-255,66,143540,77,380513
26260,0.001719,74.125.24.0-255,10692,154232,77,380513
26261,0.001726,172.31.40.0-255,66,154298,77,380513
26262,0.001828,74.125.24.0-255,1484,155782,77,380513
26263,0.001835,74.125.24.0-255,2902,158684,77,380513
26264,0.001838,172.31.40.0-255,66,158750,77,380513
26265,0.00187,74.125.24.0-255,5738,164488,77,380513
26266,0.001874,172.31.40.0-255,66,164554,77,380513
26267,0.001922,74.125.24.0-255,7156,171710,77,380513
26268,0.001925,172.31.40.0-255,66,171776,77,380513
26269,0.001953,74.125.24.0-255,5738,177514,77,380513
26270,0.001956,172.31.40.0-255,66,177580,77,380513
26271,0.001964,74.125.24.0-255,8574,186154,77,380513
26272,0.001966,172.31.40.0-255,66,186220,77,380513
26273,0.001993,172.31.40.0-255,66,186286,77,380513
26274,0.002004,74.125.24.0-255,12110,198396,77,380513
26275,0.002007,172.31.40.0-255,66,198462,77,380513
26276,0.002009,74.125.24.0-255,1484,199946,77,380513
26277,0.002014,74.125.24.0-255,2902,202848,77,380513
26278,0.002022,74.125.24.0-255,5738,208586,77,380513
26279,0.002028,172.31.40.0-255,66,208652,77,380513
26280,0.00203,172.31.40.0-255,66,208718,77,380513
26281,0.002079,74.125.24.0-255,12828,221546,77,380513
26282,0.002083,172.31.40.0-255,66,221612,77,380513
26283,0.00209,74.125.24.0-255,7156,228768,77,380513
26284,0.002092,172.31.40.0-255,66,228834,77,380513
26285,0.002122,74.125.24.0-255,3602,232436,77,380513
26286,0.002125,172.31.40.0-255,66,232502,77,380513
26287,0.00437,74.125.24.0-255,1484,233986,77,380513
26288,0.004415,74.125.24.0-255,4320,238306,77,380513
26289,0.004421,172.31.40.0-255,66,238372,77,380513
26290,0.00669,74.125.24.0-255,2902,241274,77,380513
26291,0.006697,172.31.40.0-255,66,241340,77,380513
26292,0.006727,74.125.24.0-255,2902,244242,77,380513
26293,0.00673,172.31.40.0-255,66,244308,77,380513
26294,0.008988,74.125.24.0-255,1484,245792,77,380513
26295,0.009012,74.125.24.0-255,1484,247276,77,380513
26296,0.009016,172.31.40.0-255,66,247342,77,380513
26297,0.009047,74.125.24.0-255,1484,248826,77,380513
26298,0.00906,74.125.24.0-255,1484,250310,77,380513
26299,0.009063,172.31.40.0-255,66,250376,77,380513
26300,0.01128,74.125.24.0-255,2902,253278,77,380513
26301,0.011295,172.31.40.0-255,66,253344,77,380513
26302,0.011334,74.125.24.0-255,2902,256246,77,380513
26303,0.011337,172.31.40.0-255,66,256312,77,380513
26304,0.013595,74.125.24.0-255,2902,259214,77,380513
26305,0.013602,172.31.40.0-255,66,259280,77,380513
26306,0.013635,74.125.24.0-255,2902,262182,77,380513
26307,0.013638,172.31.40.0-255,66,262248,77,380513
26308,0.01589,74.125.24.0-255,5738,267986,77,380513
26309,0.015898,172.31.40.0-255,66,268052,77,380513
26310,0.018193,74.125.24.0-255,5738,273790,77,380513
26311,0.018202,172.31.40.0-255,66,273856,77,380513
26312,0.020473,74.125.24.0-255,5738,279594,77,380513
26313,0.020481,172.31.40.0-255,66,279660,77,380513
26314,0.022803,74.125.24.0-255,5738,285398,77,380513
26315,0.022817,172.31.40.0-255,66,285464,77,380513
26316,0.025152,74.125.24.0-255,5738,291202,77,380513
26317,0.025163,172.31.40.0-255,66,291268,77,380513
26318,0.027432,74.125.24.0-255,5738,297006,77,380513
26319,0.027439,172.31.40.0-255,66,297072,77,380513
26320,0.029733,74.125.24.0-255,5738,302810,77,380513
26321,0.029741,172.31.40.0-255,66,302876,77,380513
26322,0.032047,74.125.24.0-255,5738,308614,77,380513
26323,0.032063,172.31.40.0-255,66,308680,77,380513
26324,0.034341,74.125.24.0-255,5738,314418,77,380513
26325,0.034349,172.31.40.0-255,66,314484,77,380513
26326,0.03663,74.125.24.0-255,5738,320222,77,380513
26327,0.036644,172.31.40.0-255,66,320288,77,380513
26328,0.038961,74.125.24.0-255,5738,326026,77,380513
26329,0.038968,172.31.40.0-255,66,326092,77,380513
26330,0.041267,74.125.24.0-255,5738,331830,77,380513
26331,0.041274,172.31.40.0-255,66,331896,77,380513
26332,0.043592,74.125.24.0-255,5738,337634,77,380513
26333,0.043602,172.31.40.0-255,66,337700,77,380513
26334,0.045878,74.125.24.0-255,5738,343438,77,380513
26335,0.045888,172.31.40.0-255,66,343504,77,380513
26336,0.048164,74.125.24.0-255,5738,349242,77,380513
26337,0.048173,172.31.40.0-255,66,349308,77,380513
26338,0.050462,74.125.24.0-255,5738,355046,77,380513
26339,0.050474,172.31.40.0-255,66,355112,77,380513
26340,0.050942,172.31.40.0-255,172,355284,77,380513
26341,0.050974,172.31.40.0-255,1119,356403,77,380513
26342,0.051086,172.31.40.0-255,1514,357917,77,380513
26343,0.051088,172.31.40.0-255,1276,359193,77,380513
26344,0.052501,104.244.42.0-255,66,359259,77,380513
26345,0.052551,104.244.42.0-255,66,359325,77,380513
26346,0.052649,104.244.42.0-255,66,359391,77,380513
26347,0.05274,74.125.24.0-255,5738,365129,77,380513
26348,0.052746,172.31.40.0-255,66,365195,77,380513
26349,0.05507,74.125.24.0-255,5738,370933,77,380513
26350,0.055091,172.31.40.0-255,66,370999,77,380513
26351,0.057412,74.125.24.0-255,5738,376737,77,380513
26352,0.057427,172.31.40.0-255,66,376803,77,380513
26353,0.059724,74.125.24.0-255,3473,380276,77,380513
26354,0.05974,172.31.40.0-255,66,380342,77,380513
26355,0.060026,172.31.40.0-255,105,380447,77,380513
26356,0.062272,74.125.24.0-255,66,380513,77,380513
26357,0.0,74.125.24.0-255,297,297,77,352141
26358,2.4e-05,172.31.40.0-255,66,363,77,352141
26359,3.1e-05,74.125.24.0-255,1484,1847,77,352141
26360,3.6e-05,172.31.40.0-255,66,1913,77,352141
26361,4.3e-05,74.125.24.0-255,4320,6233,77,352141
26362,5.4e-05,172.31.40.0-255,66,6299,77,352141
26363,6.2e-05,74.125.24.0-255,7156,13455,77,352141
26364,6.4e-05,172.31.40.0-255,66,13521,77,352141
26365,6.7e-05,74.125.24.0-255,422,13943,77,352141
26366,6.9e-05,172.31.40.0-255,66,14009,77,352141
26367,0.000142,74.125.24.0-255,1484,15493,77,352141
26368,0.000145,172.31.40.0-255,66,15559,77,352141
26369,0.000149,74.125.24.0-255,2902,18461,77,352141
26370,0.000152,172.31.40.0-255,66,18527,77,352141
26371,0.000184,74.125.24.0-255,4320,22847,77,352141
26372,0.000186,172.31.40.0-255,66,22913,77,352141
26373,0.000207,74.125.24.0-255,1484,24397,77,352141
26374,0.000209,172.31.40.0-255,66,24463,77,352141
26375,0.000221,74.125.24.0-255,6797,31260,77,352141
26376,0.000224,172.31.40.0-255,66,31326,77,352141
26377,0.000231,74.125.24.0-255,7156,38482,77,352141
26378,0.000233,172.31.40.0-255,66,38548,77,352141
26379,0.000245,74.125.24.0-255,12828,51376,77,352141
26380,0.000248,172.31.40.0-255,66,51442,77,352141
26381,0.000288,74.125.24.0-255,2902,54344,77,352141
26382,0.000291,172.31.40.0-255,66,54410,77,352141
26383,0.000304,74.125.24.0-255,8574,62984,77,352141
26384,0.000307,172.31.40.0-255,66,63050,77,352141
26385,0.000311,74.125.24.0-255,2476,65526,77,352141
26386,0.000312,172.31.40.0-255,66,65592,77,352141
26387,0.000462,74.125.24.0-255,135,65727,77,352141
26388,0.000466,172.31.40.0-255,66,65793,77,352141
26389,0.000644,74.125.24.0-255,1484,67277,77,352141
26390,0.000652,74.125.24.0-255,2902,70179,77,352141
26391,0.000656,172.31.40.0-255,66,70245,77,352141
26392,0.000663,74.125.24.0-255,5738,75983,77,352141
26393,0.000665,172.31.40.0-255,66,76049,77,352141
26394,0.00071,74.125.24.0-255,12828,88877,77,352141
26395,0.000713,172.31.40.0-255,66,88943,77,352141
26396,0.000721,74.125.24.0-255,7156,96099,77,352141
26397,0.000723,172.31.40.0-255,66,96165,77,352141
26398,0.000749,74.125.24.0-255,3602,99767,77,352141
26399,0.000752,172.31.40.0-255,66,99833,77,352141
26400,0.001403,74.125.24.0-255,1484,101317,77,352141
26401,0.001418,74.125.24.0-255,2902,104219,77,352141
26402,0.001422,172.31.40.0-255,66,104285,77,352141
26403,0.001429,74.125.24.0-255,5738,110023,77,352141
26404,0.001431,172.31.40.0-255,66,110089,77,352141
26405,0.001464,74.125.24.0-255,8574,118663,77,352141
26406,0.001468,172.31.40.0-255,66,118729,77,352141
26407,0.001497,74.125.24.0-255,2902,121631,77,352141
26408,0.0015,172.31.40.0-255,66,121697,77,352141
26409,0.001538,74.125.24.0-255,12110,133807,77,352141
26410,0.001542,172.31.40.0-255,66,133873,77,352141
26411,0.001611,74.125.24.0-255,1484,135357,77,352141
26412,0.001615,74.125.24.0-255,1484,136841,77,352141
26413,0.001618,172.31.40.0-255,66,136907,77,352141
26414,0.001643,74.125.24.0-255,1484,138391,77,352141
26415,0.001649,74.125.24.0-255,4320,142711,77,352141
26416,0.001651,172.31.40.0-255,66,142777,77,352141
26417,0.001657,74.125.24.0-255,4320,147097,77,352141
26418,0.001659,172.31.40.0-255,66,147163,77,352141
26419,0.001679,74.125.24.0-255,1484,148647,77,352141
26420,0.0017,74.125.24.0-255,5738,154385,77,352141
26421,0.001703,172.31.40.0-255,66,154451,77,352141
26422,0.001727,74.125.24.0-255,4320,158771,77,352141
26423,0.00173,172.31.40.0-255,66,158837,77,352141
26424,0.001757,74.125.24.0-255,7156,165993,77,352141
26425,0.00176,172.31.40.0-255,66,166059,77,352141
26426,0.001786,74.125.24.0-255,2184,168243,77,352141
26427,0.001789,172.31.40.0-255,66,168309,77,352141
26428,0.001792,74.125.24.0-255,1484,169793,77,352141
26429,0.00183,74.125.24.0-255,2902,172695,77,352141
26430,0.001832,172.31.40.0-255,66,172761,77,352141
26431,0.001839,74.125.24.0-255,5738,178499,77,352141
26432,0.001841,172.31.40.0-255,66,178565,77,352141
26433,0.001854,74.125.24.0-255,7156,185721,77,352141
26434,0.001857,172.31.40.0-255,66,185787,77,352141
26435,0.001879,74.125.24.0-255,5738,191525,77,352141
26436,0.001887,172.31.40.0-255,66,191591,77,352141
26437,0.001917,74.125.24.0-255,10692,202283,77,352141
26438,0.001919,172.31.40.0-255,66,202349,77,352141
26439,0.002016,74.125.24.0-255,1484,203833,77,352141
26440,0.002039,74.125.24.0-255,2902,206735,77,352141
26441,0.002043,172.31.40.0-255,66,206801,77,352141
26442,0.002062,74.125.24.0-255,5738,212539,77,352141
26443,0.002064,172.31.40.0-255,66,212605,77,352141
26444,0.00207,74.125.24.0-255,5738,218343,77,352141
26445,0.002072,172.31.40.0-255,66,218409,77,352141
26446,0.002118,74.125.24.0-255,11410,229819,77,352141
26447,0.002121,172.31.40.0-255,66,229885,77,352141
26448,0.002152,74.125.24.0-255,1484,231369,77,352141
26449,0.002162,74.125.24.0-255,5020,236389,77,352141
26450,0.002167,172.31.40.0-255,66,236455,77,352141
26451,0.002191,74.125.24.0-255,1484,237939,77,352141
26452,0.002194,74.125.24.0-255,1484,239423,77,352141
26453,0.002196,172.31.40.0-255,66,239489,77,352141
26454,0.002218,74.125.24.0-255,1484,240973,77,352141
26455,0.002224,74.125.24.0-255,5738,246711,77,352141
26456,0.002226,172.31.40.0-255,66,246777,77,352141
26457,0.002239,74.125.24.0-255,7156,253933,77,352141
26458,0.002241,172.31.40.0-255,66,253999,77,352141
26459,0.002274,74.125.24.0-255,5738,259737,77,352141
26460,0.002277,172.31.40.0-255,66,259803,77,352141
26461,0.002307,74.125.24.0-255,10692,270495,77,352141
26462,0.00231,172.31.40.0-255,66,270561,77,352141
26463,0.002333,172.31.40.0-255,66,270627,77,352141
26464,0.002337,74.125.24.0-255,1484,272111,77,352141
26465,0.002342,74.125.24.0-255,4320,276431,77,352141
26466,0.002345,172.31.40.0-255,66,276497,77,352141
26467,0.002349,74.125.24.0-255,2184,278681,77,352141
26468,0.002352,172.31.40.0-255,66,278747,77,352141
26469,0.002404,74.125.24.0-255,1484,280231,77,352141
26470,0.002427,74.125.24.0-255,2902,283133,77,352141
26471,0.002431,172.31.40.0-255,66,283199,77,352141
26472,0.002437,74.125.24.0-255,5738,288937,77,352141
26473,0.00244,172.31.40.0-255,66,289003,77,352141
26474,0.00245,74.125.24.0-255,4320,293323,77,352141
26475,0.002452,172.31.40.0-255,66,293389,77,352141
26476,0.00247,74.125.24.0-255,8574,301963,77,352141
26477,0.002472,172.31.40.0-255,66,302029,77,352141
26478,0.002483,74.125.24.0-255,5738,307767,77,352141
26479,0.002486,172.31.40.0-255,66,307833,77,352141
26480,0.002514,74.125.24.0-255,2902,310735,77,352141
26481,0.002516,172.31.40.0-255,66,310801,77,352141
26482,0.00255,172.31.40.0-255,66,310867,77,352141
26483,0.002552,74.125.24.0-255,1484,312351,77,352141
26484,0.002557,74.125.24.0-255,2902,315253,77,352141
26485,0.00256,172.31.40.0-255,66,315319,77,352141
26486,0.002609,172.31.40.0-255,66,315385,77,352141
26487,0.002617,74.125.24.0-255,7156,322541,77,352141
26488,0.002619,172.31.40.0-255,66,322607,77,352141
26489,0.002621,74.125.24.0-255,1484,324091,77,352141
26490,0.002633,74.125.24.0-255,12828,336919,77,352141
26491,0.002636,172.31.40.0-255,66,336985,77,352141
26492,0.002642,74.125.24.0-255,5020,342005,77,352141
26493,0.002645,172.31.40.0-255,66,342071,77,352141
26494,0.002675,74.125.24.0-255,6473,348544,77,352141
26495,0.002677,172.31.40.0-255,66,348610,77,352141
26496,0.002741,74.125.24.0-255,105,348715,77,352141
26497,0.016934,172.31.40.0-255,66,348781,77,352141
26498,0.016988,172.31.40.0-255,105,348886,77,352141
26499,0.019226,74.125.24.0-255,66,348952,77,352141
26500,0.052874,172.31.40.0-255,167,349119,77,352141
26501,0.05291,172.31.40.0-255,1116,350235,77,352141
26502,0.052978,172.31.40.0-255,1514,351749,77,352141
26503,0.052979,172.31.40.0-255,326,352075,77,352141
26504,0.054996,104.244.42.0-255,66,352141,77,352141
26505,0.0,74.125.24.0-255,153,153,77,400076
26506,2.5e-05,172.31.40.0-255,66,219,77,400076
26507,3.3e-05,74.125.24.0-255,1484,1703,77,400076
26508,3.8e-05,172.31.40.0-255,66,1769,77,400076
26509,5.2e-05,74.125.24.0-255,2902,4671,77,400076
26510,5.6e-05,172.31.40.0-255,66,4737,77,400076
26511,6.7e-05,74.125.24.0-255,7156,11893,77,400076
26512,7e-05,172.31.40.0-255,66,11959,77,400076
26513,8.1e-05,74.125.24.0-255,11410,23369,77,400076
26514,8.4e-05,172.31.40.0-255,66,23435,77,400076
26515,0.000125,74.125.24.0-255,3386,26821,77,400076
26516,0.000128,172.31.40.0-255,66,26887,77,400076
26517,0.00015,172.31.40.0-255,66,26953,77,400076
26518,0.000156,74.125.24.0-255,5020,31973,77,400076
26519,0.000159,172.31.40.0-255,66,32039,77,400076
26520,0.000166,74.125.24.0-255,5738,37777,77,400076
26521,0.000168,172.31.40.0-255,66,37843,77,400076
26522,0.000208,74.125.24.0-255,11323,49166,77,400076
26523,0.000212,172.31.40.0-255,66,49232,77,400076
26524,0.000323,74.125.24.0-255,385,49617,77,400076
26525,0.000326,172.31.40.0-255,66,49683,77,400076
26526,0.000523,74.125.24.0-255,1484,51167,77,400076
26527,0.000529,172.31.40.0-255,66,51233,77,400076
26528,0.000534,74.125.24.0-255,2902,54135,77,400076
26529,0.000536,172.31.40.0-255,66,54201,77,400076
26530,0.000568,74.125.24.0-255,5738,59939,77,400076
26531,0.000571,172.31.40.0-255,66,60005,77,400076
26532,0.00058,74.125.24.0-255,8574,68579,77,400076
26533,0.000582,172.31.40.0-255,66,68645,77,400076
26534,0.000614,74.125.24.0-255,4320,72965,77,400076
26535,0.000616,172.31.40.0-255,66,73031,77,400076
26536,0.000622,74.125.24.0-255,5738,78769,77,400076
26537,0.000624,172.31.40.0-255,66,78835,77,400076
26538,0.000635,74.125.24.0-255,5020,83855,77,400076
26539,0.000637,172.31.40.0-255,66,83921,77,400076
26540,0.00098,74.125.24.0-255,1484,85405,77,400076
26541,0.000988,74.125.24.0-255,2902,88307,77,400076
26542,0.000991,172.31.40.0-255,66,88373,77,400076
26543,0.001004,74.125.24.0-255,2902,91275,77,400076
26544,0.001011,172.31.40.0-255,66,91341,77,400076
26545,0.001035,74.125.24.0-255,2902,94243,77,400076
26546,0.001037,172.31.40.0-255,66,94309,77,400076
26547,0.001048,74.125.24.0-255,12828,107137,77,400076
26548,0.00105,172.31.40.0-255,66,107203,77,400076
26549,0.00108,74.125.24.0-255,4320,111523,77,400076
26550,0.001082,172.31.40.0-255,66,111589,77,400076
26551,0.001108,74.125.24.0-255,6438,118027,77,400076
26552,0.001111,172.31.40.0-255,66,118093,77,400076
26553,0.001498,74.125.24.0-255,1484,119577,77,400076
26554,0.001502,74.125.24.0-255,1484,121061,77,400076
26555,0.001506,172.31.40.0-255,66,121127,77,400076
26556,0.001522,74.125.24.0-255,1484,122611,77,400076
26557,0.001527,74.125.24.0-255,2902,125513,77,400076
26558,0.001529,172.31.40.0-255,66,125579,77,400076
26559,0.001557,74.125.24.0-255,2902,128481,77,400076
26560,0.00156,172.31.40.0-255,66,128547,77,400076
26561,0.001564,74.125.24.0-255,2902,131449,77,400076
26562,0.001566,172.31.40.0-255,66,131515,77,400076
26563,0.001574,74.125.24.0-255,9992,141507,77,400076
26564,0.00158,172.31.40.0-255,66,141573,77,400076
26565,0.001583,74.125.24.0-255,1484,143057,77,400076
26566,0.001618,74.125.24.0-255,8574,151631,77,400076
26567,0.001621,172.31.40.0-255,66,151697,77,400076
26568,0.00163,74.125.24.0-255,10692,162389,77,400076
26569,0.001631,172.31.40.0-255,66,162455,77,400076
26570,0.001695,74.125.24.0-255,12828,175283,77,400076
26571,0.001698,172.31.40.0-255,66,175349,77,400076
26572,0.001707,74.125.24.0-255,10692,186041,77,400076
26573,0.001709,172.31.40.0-255,66,186107,77,400076
26574,0.00175,74.125.24.0-255,1484,187591,77,400076
26575,0.00177,74.125.24.0-255,2902,190493,77,400076
26576,0.001772,172.31.40.0-255,66,190559,77,400076
26577,0.001779,74.125.24.0-255,5738,196297,77,400076
26578,0.001781,172.31.40.0-255,66,196363,77,400076
26579,0.00181,74.125.24.0-255,7156,203519,77,400076
26580,0.001813,172.31.40.0-255,66,203585,77,400076
26581,0.001816,74.125.24.0-255,1484,205069,77,400076
26582,0.001847,74.125.24.0-255,12828,217897,77,400076
26583,0.00185,172.31.40.0-255,66,217963,77,400076
26584,0.001854,74.125.24.0-255,2184,220147,77,400076
26585,0.001856,172.31.40.0-255,66,220213,77,400076
26586,0.001874,74.125.24.0-255,1484,221697,77,400076
26587,0.001892,74.125.24.0-255,1484,223181,77,400076
26588,0.001894,172.31.40.0-255,66,223247,77,400076
26589,0.001899,74.125.24.0-255,4320,227567,77,400076
26590,0.001901,172.31.40.0-255,66,227633,77,400076
26591,0.001926,74.125.24.0-255,5738,233371,77,400076
26592,0.001932,172.31.40.0-255,66,233437,77,400076
26593,0.001935,74.125.24.0-255,1484,234921,77,400076
26594,0.00197,74.125.24.0-255,9992,244913,77,400076
26595,0.001973,172.31.40.0-255,66,244979,77,400076
26596,0.002005,74.125.24.0-255,12110,257089,77,400076
26597,0.002008,172.31.40.0-255,66,257155,77,400076
26598,0.002012,74.125.24.0-255,2902,260057,77,400076
26599,0.002014,172.31.40.0-255,66,260123,77,400076
26600,0.002035,74.125.24.0-255,4320,264443,77,400076
26601,0.002038,172.31.40.0-255,66,264509,77,400076
26602,0.002071,74.125.24.0-255,12828,277337,77,400076
26603,0.002073,172.31.40.0-255,66,277403,77,400076
26604,0.002079,74.125.24.0-255,5738,283141,77,400076
26605,0.002081,172.31.40.0-255,66,283207,77,400076
26606,0.002107,74.125.24.0-255,5020,288227,77,400076
26607,0.002109,172.31.40.0-255,66,288293,77,400076
26608,0.002154,74.125.24.0-255,2902,291195,77,400076
26609,0.002157,172.31.40.0-255,66,291261,77,400076
26610,0.002185,74.125.24.0-255,1484,292745,77,400076
26611,0.002193,74.125.24.0-255,5738,298483,77,400076
26612,0.002201,74.125.24.0-255,8574,307057,77,400076
26613,0.002215,74.125.24.0-255,2902,309959,77,400076
26614,0.00222,74.125.24.0-255,4320,314279,77,400076
26615,0.002252,74.125.24.0-255,2902,317181,77,400076
26616,0.002274,74.125.24.0-255,5020,322201,77,400076
26617,0.002298,74.125.24.0-255,2902,325103,77,400076
26618,0.002316,74.125.24.0-255,5738,330841,77,400076
26619,0.002329,74.125.24.0-255,2902,333743,77,400076
26620,0.002346,74.125.24.0-255,7156,340899,77,400076
26621,0.002413,74.125.24.0-255,8574,349473,77,400076
26622,0.002431,74.125.24.0-255,4320,353793,77,400076
26623,0.002442,74.125.24.0-255,13528,367321,77,400076
26624,0.002448,74.125.24.0-255,4320,371641,77,400076
26625,0.002465,74.125.24.0-255,4320,375961,77,400076
26626,0.002485,74.125.24.0-255,12828,388789,77,400076
26627,0.00251,74.125.24.0-255,4320,393109,77,400076
26628,0.002529,74.125.24.0-255,2163,395272,77,400076
26629,0.002566,74.125.24.0-255,105,395377,77,400076
26630,0.010324,172.31.40.0-255,66,395443,77,400076
26631,0.012632,172.31.40.0-255,105,395548,77,400076
26632,0.012793,74.125.24.0-255,105,395653,77,400076
26633,0.012804,172.31.40.0-255,78,395731,77,400076
26634,0.015212,74.125.24.0-255,66,395797,77,400076
26635,0.054274,172.31.40.0-255,172,395969,77,400076
26636,0.054307,172.31.40.0-255,1119,397088,77,400076
26637,0.054368,172.31.40.0-255,1514,398602,77,400076
26638,0.05437,172.31.40.0-255,1276,399878,77,400076
26639,0.055818,104.244.42.0-255,66,399944,77,400076
26640,0.055855,104.244.42.0-255,66,400010,77,400076
26641,0.055903,104.244.42.0-255,66,400076,77,400076
26642,0.0,74.125.68.0-255,153,153,77,381742
26643,2.6e-05,172.31.40.0-255,66,219,77,381742
26644,3.4e-05,74.125.68.0-255,1484,1703,77,381742
26645,3.8e-05,172.31.40.0-255,66,1769,77,381742
26646,4.2e-05,74.125.68.0-255,1484,3253,77,381742
26647,4.5e-05,172.31.40.0-255,66,3319,77,381742
26648,7.3e-05,74.125.68.0-255,2902,6221,77,381742
26649,7.7e-05,172.31.40.0-255,66,6287,77,381742
26650,8.1e-05,74.125.68.0-255,1484,7771,77,381742
26651,8.3e-05,172.31.40.0-255,66,7837,77,381742
26652,0.000101,74.125.68.0-255,4320,12157,77,381742
26653,0.000104,172.31.40.0-255,66,12223,77,381742
26654,0.000107,74.125.68.0-255,1484,13707,77,381742
26655,0.000109,172.31.40.0-255,66,13773,77,381742
26656,0.000133,74.125.68.0-255,682,14455,77,381742
26657,0.000136,172.31.40.0-255,66,14521,77,381742
26658,0.000252,74.125.68.0-255,1484,16005,77,381742
26659,0.000257,172.31.40.0-255,66,16071,77,381742
26660,0.000276,74.125.68.0-255,2902,18973,77,381742
26661,0.000279,172.31.40.0-255,66,19039,77,381742
26662,0.00032,74.125.68.0-255,4320,23359,77,381742
26663,0.000324,172.31.40.0-255,66,23425,77,381742
26664,0.00033,74.125.68.0-255,5738,29163,77,381742
26665,0.000333,172.31.40.0-255,66,29229,77,381742
26666,0.000351,74.125.68.0-255,2543,31772,77,381742
26667,0.000353,172.31.40.0-255,66,31838,77,381742
26668,0.000373,74.125.68.0-255,1484,33322,77,381742
26669,0.000376,172.31.40.0-255,66,33388,77,381742
26670,0.000396,74.125.68.0-255,1484,34872,77,381742
26671,0.000399,172.31.40.0-255,66,34938,77,381742
26672,0.000409,74.125.68.0-255,7156,42094,77,381742
26673,0.000412,172.31.40.0-255,66,42160,77,381742
26674,0.000456,74.125.68.0-255,2902,45062,77,381742
26675,0.000458,172.31.40.0-255,66,45128,77,381742
26676,0.000476,74.125.68.0-255,3961,49089,77,381742
26677,0.000479,172.31.40.0-255,66,49155,77,381742
26678,0.000513,74.125.68.0-255,1484,50639,77,381742
26679,0.000536,74.125.68.0-255,2902,53541,77,381742
26680,0.000539,172.31.40.0-255,66,53607,77,381742
26681,0.000559,74.125.68.0-255,4320,57927,77,381742
26682,0.000562,172.31.40.0-255,66,57993,77,381742
26683,0.000598,74.125.68.0-255,2902,60895,77,381742
26684,0.000601,172.31.40.0-255,66,60961,77,381742
26685,0.000626,74.125.68.0-255,5379,66340,77,381742
26686,0.000635,172.31.40.0-255,66,66406,77,381742
26687,0.000638,74.125.68.0-255,396,66802,77,381742
26688,0.000871,74.125.68.0-255,113,66915,77,381742
26689,0.001042,74.125.68.0-255,1484,68399,77,381742
26690,0.001046,172.31.40.0-255,66,68465,77,381742
26691,0.00105,74.125.68.0-255,1484,69949,77,381742
26692,0.001054,74.125.68.0-255,1484,71433,77,381742
26693,0.001056,172.31.40.0-255,66,71499,77,381742
26694,0.001069,74.125.68.0-255,1484,72983,77,381742
26695,0.001082,74.125.68.0-255,4320,77303,77,381742
26696,0.001085,172.31.40.0-255,66,77369,77,381742
26697,0.001103,74.125.68.0-255,1484,78853,77,381742
26698,0.001108,74.125.68.0-255,4320,83173,77,381742
26699,0.00111,172.31.40.0-255,66,83239,77,381742
26700,0.001118,172.31.40.0-255,101,83340,77,381742
26701,0.001151,74.125.68.0-255,1125,84465,77,381742
26702,0.001186,74.125.68.0-255,1484,85949,77,381742
26703,0.00119,172.31.40.0-255,66,86015,77,381742
26704,0.001193,74.125.68.0-255,1484,87499,77,381742
26705,0.00122,74.125.68.0-255,2902,90401,77,381742
26706,0.001223,172.31.40.0-255,66,90467,77,381742
26707,0.001245,74.125.68.0-255,2902,93369,77,381742
26708,0.001248,172.31.40.0-255,66,93435,77,381742
26709,0.001269,74.125.68.0-255,2902,96337,77,381742
26710,0.001273,172.31.40.0-255,66,96403,77,381742
26711,0.001276,74.125.68.0-255,1484,97887,77,381742
26712,0.001292,74.125.68.0-255,1484,99371,77,381742
26713,0.001294,172.31.40.0-255,66,99437,77,381742
26714,0.001309,74.125.68.0-255,1484,100921,77,381742
26715,0.001311,74.125.68.0-255,1125,102046,77,381742
26716,0.001313,172.31.40.0-255,66,102112,77,381742
26717,0.002082,74.125.68.0-255,1484,103596,77,381742
26718,0.002129,74.125.68.0-255,2902,106498,77,381742
26719,0.002136,172.31.40.0-255,66,106564,77,381742
26720,0.002142,74.125.68.0-255,2902,109466,77,381742
26721,0.002144,172.31.40.0-255,66,109532,77,381742
26722,0.002157,74.125.68.0-255,1484,111016,77,381742
26723,0.002192,74.125.68.0-255,1484,112500,77,381742
26724,0.002195,172.31.40.0-255,66,112566,77,381742
26725,0.002219,74.125.68.0-255,5738,118304,77,381742
26726,0.002222,172.31.40.0-255,66,118370,77,381742
26727,0.00223,74.125.68.0-255,8574,126944,77,381742
26728,0.002232,172.31.40.0-255,66,127010,77,381742
26729,0.002237,74.125.68.0-255,2902,129912,77,381742
26730,0.002239,172.31.40.0-255,66,129978,77,381742
26731,0.002285,74.125.68.0-255,1484,131462,77,381742
26732,0.0023,74.125.68.0-255,5020,136482,77,381742
26733,0.002303,172.31.40.0-255,66,136548,77,381742
26734,0.003417,74.125.68.0-255,66,136614,77,381742
26735,0.004606,74.125.68.0-255,4320,140934,77,381742
26736,0.004611,172.31.40.0-255,66,141000,77,381742
26737,0.004623,74.125.68.0-255,1484,142484,77,381742
26738,0.00693,74.125.68.0-255,4320,146804,77,381742
26739,0.006934,172.31.40.0-255,66,146870,77,381742
26740,0.009258,74.125.68.0-255,5738,152608,77,381742
26741,0.009266,172.31.40.0-255,66,152674,77,381742
26742,0.011616,74.125.68.0-255,5738,158412,77,381742
26743,0.011625,172.31.40.0-255,66,158478,77,381742
26744,0.013951,74.125.68.0-255,5738,164216,77,381742
26745,0.01396,172.31.40.0-255,66,164282,77,381742
26746,0.016282,74.125.68.0-255,5738,170020,77,381742
26747,0.016297,172.31.40.0-255,66,170086,77,381742
26748,0.018644,74.125.68.0-255,5738,175824,77,381742
26749,0.018663,172.31.40.0-255,66,175890,77,381742
26750,0.020997,74.125.68.0-255,5738,181628,77,381742
26751,0.021008,172.31.40.0-255,66,181694,77,381742
26752,0.023336,74.125.68.0-255,5738,187432,77,381742
26753,0.023345,172.31.40.0-255,66,187498,77,381742
26754,0.025686,74.125.68.0-255,5738,193236,77,381742
26755,0.025696,172.31.40.0-255,66,193302,77,381742
26756,0.028055,74.125.68.0-255,5738,199040,77,381742
26757,0.028061,172.31.40.0-255,66,199106,77,381742
26758,0.029148,172.31.40.0-255,171,199277,77,381742
26759,0.02918,172.31.40.0-255,1145,200422,77,381742
26760,0.029247,172.31.40.0-255,1514,201936,77,381742
26761,0.029249,172.31.40.0-255,1514,203450,77,381742
26762,0.029255,172.31.40.0-255,1514,204964,77,381742
26763,0.029256,172.31.40.0-255,1514,206478,77,381742
26764,0.029275,172.31.40.0-255,880,207358,77,381742
26765,0.030398,74.125.68.0-255,5738,213096,77,381742
26766,0.030407,172.31.40.0-255,66,213162,77,381742
26767,0.030671,104.244.42.0-255,66,213228,77,381742
26768,0.030737,104.244.42.0-255,66,213294,77,381742
26769,0.030826,104.244.42.0-255,66,213360,77,381742
26770,0.030832,104.244.42.0-255,66,213426,77,381742
26771,0.032748,74.125.68.0-255,5738,219164,77,381742
26772,0.032756,172.31.40.0-255,66,219230,77,381742
26773,0.035102,74.125.68.0-255,5738,224968,77,381742
26774,0.035116,172.31.40.0-255,66,225034,77,381742
26775,0.037448,74.125.68.0-255,5738,230772,77,381742
26776,0.037456,172.31.40.0-255,66,230838,77,381742
26777,0.039782,74.125.68.0-255,5738,236576,77,381742
26778,0.03979,172.31.40.0-255,66,236642,77,381742
26779,0.042125,74.125.68.0-255,5738,242380,77,381742
26780,0.042132,172.31.40.0-255,66,242446,77,381742
26781,0.044469,74.125.68.0-255,5738,248184,77,381742
26782,0.044479,172.31.40.0-255,66,248250,77,381742
26783,0.046803,74.125.68.0-255,5738,253988,77,381742
26784,0.04681,172.31.40.0-255,66,254054,77,381742
26785,0.049155,74.125.68.0-255,5738,259792,77,381742
26786,0.049173,172.31.40.0-255,66,259858,77,381742
26787,0.05151,74.125.68.0-255,5738,265596,77,381742
26788,0.051531,172.31.40.0-255,66,265662,77,381742
26789,0.053875,74.125.68.0-255,5738,271400,77,381742
26790,0.053894,172.31.40.0-255,66,271466,77,381742
26791,0.056216,74.125.68.0-255,5738,277204,77,381742
26792,0.056232,172.31.40.0-255,66,277270,77,381742
26793,0.058566,74.125.68.0-255,5738,283008,77,381742
26794,0.058583,172.31.40.0-255,66,283074,77,381742
26795,0.060918,74.125.68.0-255,5738,288812,77,381742
26796,0.060935,172.31.40.0-255,66,288878,77,381742
26797,0.063289,74.125.68.0-255,5738,294616,77,381742
26798,0.063308,172.31.40.0-255,66,294682,77,381742
26799,0.065658,74.125.68.0-255,5738,300420,77,381742
26800,0.065673,172.31.40.0-255,66,300486,77,381742
26801,0.068013,74.125.68.0-255,5738,306224,77,381742
26802,0.068034,172.31.40.0-255,66,306290,77,381742
26803,0.070391,74.125.68.0-255,5738,312028,77,381742
26804,0.070411,172.31.40.0-255,66,312094,77,381742
26805,0.07275,74.125.68.0-255,5738,317832,77,381742
26806,0.072769,172.31.40.0-255,66,317898,77,381742
26807,0.075122,74.125.68.0-255,5738,323636,77,381742
26808,0.075141,172.31.40.0-255,66,323702,77,381742
26809,0.077487,74.125.68.0-255,5738,329440,77,381742
26810,0.077506,172.31.40.0-255,66,329506,77,381742
26811,0.079851,74.125.68.0-255,5738,335244,77,381742
26812,0.079869,172.31.40.0-255,66,335310,77,381742
26813,0.082207,74.125.68.0-255,5738,341048,77,381742
26814,0.082223,172.31.40.0-255,66,341114,77,381742
26815,0.084573,74.125.68.0-255,5738,346852,77,381742
26816,0.084593,172.31.40.0-255,66,346918,77,381742
26817,0.086977,74.125.68.0-255,5738,352656,77,381742
26818,0.086996,172.31.40.0-255,66,352722,77,381742
26819,0.089341,74.125.68.0-255,5738,358460,77,381742
26820,0.089359,172.31.40.0-255,66,358526,77,381742
26821,0.091693,74.125.68.0-255,5738,364264,77,381742
26822,0.0917,172.31.40.0-255,66,364330,77,381742
26823,0.094031,74.125.68.0-255,5738,370068,77,381742
26824,0.094039,172.31.40.0-255,66,370134,77,381742
26825,0.096368,74.125.68.0-255,5738,375872,77,381742
26826,0.096378,172.31.40.0-255,66,375938,77,381742
26827,0.098711,74.125.68.0-255,5738,381676,77,381742
26828,0.098723,172.31.40.0-255,66,381742,77,381742
26829,0.0,74.125.130.0-255,150,150,77,412126
26830,2.6e-05,172.31.40.0-255,66,216,77,412126
26831,3.3e-05,74.125.130.0-255,1484,1700,77,412126
26832,3.8e-05,172.31.40.0-255,66,1766,77,412126
26833,4.4e-05,74.125.130.0-255,2902,4668,77,412126
26834,4.8e-05,172.31.40.0-255,66,4734,77,412126
26835,6.6e-05,74.125.130.0-255,7156,11890,77,412126
26836,7e-05,172.31.40.0-255,66,11956,77,412126
26837,0.0001,74.125.130.0-255,1484,13440,77,412126
26838,0.000102,172.31.40.0-255,66,13506,77,412126
26839,0.000131,74.125.130.0-255,1991,15497,77,412126
26840,0.000133,172.31.40.0-255,66,15563,77,412126
26841,0.000141,74.125.130.0-255,5738,21301,77,412126
26842,0.000144,172.31.40.0-255,66,21367,77,412126
26843,0.000149,74.125.130.0-255,2902,24269,77,412126
26844,0.000151,172.31.40.0-255,66,24335,77,412126
26845,0.000175,74.125.130.0-255,4320,28655,77,412126
26846,0.000178,172.31.40.0-255,66,28721,77,412126
26847,0.000213,74.125.130.0-255,2543,31264,77,412126
26848,0.000215,172.31.40.0-255,66,31330,77,412126
26849,0.000303,74.125.130.0-255,1484,32814,77,412126
26850,0.000306,172.31.40.0-255,66,32880,77,412126
26851,0.000333,74.125.130.0-255,2902,35782,77,412126
26852,0.000336,172.31.40.0-255,66,35848,77,412126
26853,0.000354,74.125.130.0-255,1484,37332,77,412126
26854,0.000357,172.31.40.0-255,66,37398,77,412126
26855,0.000389,74.125.130.0-255,4320,41718,77,412126
26856,0.000392,172.31.40.0-255,66,41784,77,412126
26857,0.000396,74.125.130.0-255,2902,44686,77,412126
26858,0.000399,172.31.40.0-255,66,44752,77,412126
26859,0.000404,74.125.130.0-255,4320,49072,77,412126
26860,0.000406,172.31.40.0-255,66,49138,77,412126
26861,0.000415,74.125.130.0-255,8574,57712,77,412126
26862,0.000418,172.31.40.0-255,66,57778,77,412126
26863,0.000438,74.125.130.0-255,4320,62098,77,412126
26864,0.000442,172.31.40.0-255,66,62164,77,412126
26865,0.000477,74.125.130.0-255,3915,66079,77,412126
26866,0.000481,172.31.40.0-255,66,66145,77,412126
26867,0.000564,74.125.130.0-255,98,66243,77,412126
26868,0.000808,74.125.130.0-255,1484,67727,77,412126
26869,0.000814,172.31.40.0-255,66,67793,77,412126
26870,0.000818,74.125.130.0-255,1484,69277,77,412126
26871,0.000841,74.125.130.0-255,1484,70761,77,412126
26872,0.000843,172.31.40.0-255,66,70827,77,412126
26873,0.000851,74.125.130.0-255,5738,76565,77,412126
26874,0.000855,172.31.40.0-255,66,76631,77,412126
26875,0.000886,74.125.130.0-255,2902,79533,77,412126
26876,0.000889,172.31.40.0-255,66,79599,77,412126
26877,0.000904,74.125.130.0-255,2902,82501,77,412126
26878,0.000906,172.31.40.0-255,66,82567,77,412126
26879,0.000938,74.125.130.0-255,1484,84051,77,412126
26880,0.000944,74.125.130.0-255,4320,88371,77,412126
26881,0.000947,172.31.40.0-255,66,88437,77,412126
26882,0.000954,74.125.130.0-255,5738,94175,77,412126
26883,0.000957,172.31.40.0-255,66,94241,77,412126
26884,0.000962,74.125.130.0-255,4320,98561,77,412126
26885,0.000964,172.31.40.0-255,66,98627,77,412126
26886,0.001009,74.125.130.0-255,2184,100811,77,412126
26887,0.001013,172.31.40.0-255,66,100877,77,412126
26888,0.001701,74.125.130.0-255,1484,102361,77,412126
26889,0.001709,74.125.130.0-255,1484,103845,77,412126
26890,0.001712,172.31.40.0-255,66,103911,77,412126
26891,0.001742,74.125.130.0-255,2902,106813,77,412126
26892,0.001745,172.31.40.0-255,66,106879,77,412126
26893,0.001749,74.125.130.0-255,1484,108363,77,412126
26894,0.001768,74.125.130.0-255,4320,112683,77,412126
26895,0.00177,172.31.40.0-255,66,112749,77,412126
26896,0.001774,74.125.130.0-255,1484,114233,77,412126
26897,0.001797,74.125.130.0-255,2902,117135,77,412126
26898,0.0018,172.31.40.0-255,66,117201,77,412126
26899,0.001803,74.125.130.0-255,1484,118685,77,412126
26900,0.001833,74.125.130.0-255,4320,123005,77,412126
26901,0.001836,172.31.40.0-255,66,123071,77,412126
26902,0.001839,74.125.130.0-255,1484,124555,77,412126
26903,0.001843,74.125.130.0-255,2902,127457,77,412126
26904,0.001846,172.31.40.0-255,66,127523,77,412126
26905,0.001874,74.125.130.0-255,5738,133261,77,412126
26906,0.001877,172.31.40.0-255,66,133327,77,412126
26907,0.001879,74.125.130.0-255,1484,134811,77,412126
26908,0.00191,74.125.130.0-255,766,135577,77,412126
26909,0.001912,172.31.40.0-255,66,135643,77,412126
26910,0.003939,74.125.130.0-255,2902,138545,77,412126
26911,0.003953,172.31.40.0-255,66,138611,77,412126
26912,0.003987,74.125.130.0-255,2902,141513,77,412126
26913,0.00399,172.31.40.0-255,66,141579,77,412126
26914,0.006015,74.125.130.0-255,2902,144481,77,412126
26915,0.006022,172.31.40.0-255,66,144547,77,412126
26916,0.006052,74.125.130.0-255,2902,147449,77,412126
26917,0.006055,172.31.40.0-255,66,147515,77,412126
26918,0.008093,74.125.130.0-255,2902,150417,77,412126
26919,0.008101,172.31.40.0-255,66,150483,77,412126
26920,0.008132,74.125.130.0-255,2902,153385,77,412126
26921,0.008135,172.31.40.0-255,66,153451,77,412126
26922,0.010184,74.125.130.0-255,5738,159189,77,412126
26923,0.0102,172.31.40.0-255,66,159255,77,412126
26924,0.012282,74.125.130.0-255,5738,164993,77,412126
26925,0.012304,172.31.40.0-255,66,165059,77,412126
26926,0.014408,74.125.130.0-255,5738,170797,77,412126
26927,0.014428,172.31.40.0-255,66,170863,77,412126
26928,0.016499,74.125.130.0-255,5738,176601,77,412126
26929,0.016516,172.31.40.0-255,66,176667,77,412126
26930,0.018601,74.125.130.0-255,5738,182405,77,412126
26931,0.018622,172.31.40.0-255,66,182471,77,412126
26932,0.020699,74.125.130.0-255,5738,188209,77,412126
26933,0.020718,172.31.40.0-255,66,188275,77,412126
26934,0.022799,74.125.130.0-255,5738,194013,77,412126
26935,0.022833,172.31.40.0-255,66,194079,77,412126
26936,0.024906,74.125.130.0-255,5738,199817,77,412126
26937,0.024925,172.31.40.0-255,66,199883,77,412126
26938,0.026997,74.125.130.0-255,5738,205621,77,412126
26939,0.027013,172.31.40.0-255,66,205687,77,412126
26940,0.029086,74.125.130.0-255,5738,211425,77,412126
26941,0.029103,172.31.40.0-255,66,211491,77,412126
26942,0.031182,74.125.130.0-255,5738,217229,77,412126
26943,0.031198,172.31.40.0-255,66,217295,77,412126
26944,0.033281,74.125.130.0-255,5738,223033,77,412126
26945,0.033293,172.31.40.0-255,66,223099,77,412126
26946,0.035377,74.125.130.0-255,5738,228837,77,412126
26947,0.035393,172.31.40.0-255,66,228903,77,412126
26948,0.037461,74.125.130.0-255,5738,234641,77,412126
26949,0.037478,172.31.40.0-255,66,234707,77,412126
26950,0.039565,74.125.130.0-255,5738,240445,77,412126
26951,0.039583,172.31.40.0-255,66,240511,77,412126
26952,0.041644,74.125.130.0-255,5738,246249,77,412126
26953,0.041656,172.31.40.0-255,66,246315,77,412126
26954,0.042078,172.31.40.0-255,172,246487,77,412126
26955,0.042114,172.31.40.0-255,1120,247607,77,412126
26956,0.042198,172.31.40.0-255,1514,249121,77,412126
26957,0.0422,172.31.40.0-255,1514,250635,77,412126
26958,0.04221,172.31.40.0-255,1514,252149,77,412126
26959,0.042211,172.31.40.0-255,1514,253663,77,412126
26960,0.042234,172.31.40.0-255,1491,255154,77,412126
26961,0.043667,104.244.42.0-255,66,255220,77,412126
26962,0.043683,104.244.42.0-255,66,255286,77,412126
26963,0.043696,74.125.130.0-255,1484,256770,77,412126
26964,0.043767,74.125.130.0-255,4320,261090,77,412126
26965,0.04378,172.31.40.0-255,66,261156,77,412126
26966,0.043804,104.244.42.0-255,66,261222,77,412126
26967,0.045956,74.125.130.0-255,5738,266960,77,412126
26968,0.045972,172.31.40.0-255,66,267026,77,412126
26969,0.048044,74.125.130.0-255,5738,272764,77,412126
26970,0.04806,172.31.40.0-255,66,272830,77,412126
26971,0.050143,74.125.130.0-255,5738,278568,77,412126
26972,0.050155,172.31.40.0-255,66,278634,77,412126
26973,0.052246,74.125.130.0-255,5738,284372,77,412126
26974,0.052257,172.31.40.0-255,66,284438,77,412126
26975,0.054328,74.125.130.0-255,5738,290176,77,412126
26976,0.054344,172.31.40.0-255,66,290242,77,412126
26977,0.056448,74.125.130.0-255,5738,295980,77,412126
26978,0.056467,172.31.40.0-255,66,296046,77,412126
26979,0.058527,74.125.130.0-255,5738,301784,77,412126
26980,0.058536,172.31.40.0-255,66,301850,77,412126
26981,0.060589,74.125.130.0-255,5738,307588,77,412126
26982,0.060597,172.31.40.0-255,66,307654,77,412126
26983,0.062665,74.125.130.0-255,5738,313392,77,412126
26984,0.062672,172.31.40.0-255,66,313458,77,412126
26985,0.064741,74.125.130.0-255,5738,319196,77,412126
26986,0.064748,172.31.40.0-255,66,319262,77,412126
26987,0.06684,74.125.130.0-255,5738,325000,77,412126
26988,0.066847,172.31.40.0-255,66,325066,77,412126
26989,0.068906,74.125.130.0-255,5738,330804,77,412126
26990,0.068914,172.31.40.0-255,66,330870,77,412126
26991,0.070984,74.125.130.0-255,5738,336608,77,412126
26992,0.070991,172.31.40.0-255,66,336674,77,412126
26993,0.073098,74.125.130.0-255,5738,342412,77,412126
26994,0.073105,172.31.40.0-255,66,342478,77,412126
26995,0.07517,74.125.130.0-255,5738,348216,77,412126
26996,0.075178,172.31.40.0-255,66,348282,77,412126
26997,0.077255,74.125.130.0-255,5738,354020,77,412126
26998,0.077265,172.31.40.0-255,66,354086,77,412126
26999,0.079347,74.125.130.0-255,5738,359824,77,412126
27000,0.079355,172.31.40.0-255,66,359890,77,412126
27001,0.081419,74.125.130.0-255,5738,365628,77,412126
27002,0.081429,172.31.40.0-255,66,365694,77,412126
27003,0.083499,74.125.130.0-255,5738,371432,77,412126
27004,0.083507,172.31.40.0-255,66,371498,77,412126
27005,0.085572,74.125.130.0-255,5738,377236,77,412126
27006,0.085579,172.31.40.0-255,66,377302,77,412126
27007,0.087655,74.125.130.0-255,5738,383040,77,412126
27008,0.087672,172.31.40.0-255,66,383106,77,412126
27009,0.089739,74.125.130.0-255,5738,388844,77,412126
27010,0.089748,172.31.40.0-255,66,388910,77,412126
27011,0.091814,74.125.130.0-255,5738,394648,77,412126
27012,0.091821,172.31.40.0-255,66,394714,77,412126
27013,0.093891,74.125.130.0-255,5738,400452,77,412126
27014,0.0939,172.31.40.0-255,66,400518,77,412126
27015,0.095971,74.125.130.0-255,5738,406256,77,412126
27016,0.09598,172.31.40.0-255,66,406322,77,412126
27017,0.098049,74.125.130.0-255,5738,412060,77,412126
27018,0.098058,172.31.40.0-255,66,412126,77,412126
27019,0.0,172.217.194.0-255,153,153,77,406306
27020,1.5e-05,172.31.40.0-255,66,219,77,406306
27021,2.2e-05,172.217.194.0-255,1484,1703,77,406306
27022,2.7e-05,172.31.40.0-255,66,1769,77,406306
27023,3.2e-05,172.217.194.0-255,2902,4671,77,406306
27024,3.5e-05,172.31.40.0-255,66,4737,77,406306
27025,4.1e-05,172.217.194.0-255,4320,9057,77,406306
27026,4.3e-05,172.31.40.0-255,66,9123,77,406306
27027,8.8e-05,172.217.194.0-255,7156,16279,77,406306
27028,9.1e-05,172.31.40.0-255,66,16345,77,406306
27029,0.000112,172.217.194.0-255,612,16957,77,406306
27030,0.000115,172.31.40.0-255,66,17023,77,406306
27031,0.000123,172.217.194.0-255,8574,25597,77,406306
27032,0.000126,172.31.40.0-255,66,25663,77,406306
27033,0.000129,172.217.194.0-255,1484,27147,77,406306
27034,0.000131,172.31.40.0-255,66,27213,77,406306
27035,0.000151,172.217.194.0-255,3961,31174,77,406306
27036,0.000154,172.31.40.0-255,66,31240,77,406306
27037,0.000177,172.217.194.0-255,5738,36978,77,406306
27038,0.00018,172.31.40.0-255,66,37044,77,406306
27039,0.000184,172.217.194.0-255,2902,39946,77,406306
27040,0.000186,172.31.40.0-255,66,40012,77,406306
27041,0.0002,172.217.194.0-255,2902,42914,77,406306
27042,0.000203,172.31.40.0-255,66,42980,77,406306
27043,0.000223,172.217.194.0-255,4320,47300,77,406306
27044,0.000226,172.31.40.0-255,66,47366,77,406306
27045,0.000247,172.217.194.0-255,9633,56999,77,406306
27046,0.000249,172.31.40.0-255,66,57065,77,406306
27047,0.000257,172.217.194.0-255,8215,65280,77,406306
27048,0.00026,172.31.40.0-255,66,65346,77,406306
27049,0.000276,172.217.194.0-255,379,65725,77,406306
27050,0.000278,172.31.40.0-255,66,65791,77,406306
27051,0.00048,172.217.194.0-255,100,65891,77,406306
27052,0.000571,172.217.194.0-255,1484,67375,77,406306
27053,0.000576,172.31.40.0-255,66,67441,77,406306
27054,0.000582,172.217.194.0-255,2902,70343,77,406306
27055,0.000585,172.31.40.0-255,66,70409,77,406306
27056,0.000589,172.217.194.0-255,2902,73311,77,406306
27057,0.000592,172.31.40.0-255,66,73377,77,406306
27058,0.000621,172.217.194.0-255,2902,76279,77,406306
27059,0.000624,172.31.40.0-255,66,76345,77,406306
27060,0.000632,172.217.194.0-255,6797,83142,77,406306
27061,0.000634,172.31.40.0-255,66,83208,77,406306
27062,0.000694,172.217.194.0-255,9992,93200,77,406306
27063,0.000697,172.31.40.0-255,66,93266,77,406306
27064,0.000705,172.217.194.0-255,7095,100361,77,406306
27065,0.000707,172.31.40.0-255,66,100427,77,406306
27066,0.001322,172.217.194.0-255,1484,101911,77,406306
27067,0.001329,172.217.194.0-255,2902,104813,77,406306
27068,0.001332,172.31.40.0-255,66,104879,77,406306
27069,0.001351,172.217.194.0-255,4320,109199,77,406306
27070,0.001354,172.31.40.0-255,66,109265,77,406306
27071,0.001373,172.217.194.0-255,1484,110749,77,406306
27072,0.00138,172.217.194.0-255,5738,116487,77,406306
27073,0.001382,172.31.40.0-255,66,116553,77,406306
27074,0.001395,172.217.194.0-255,1484,118037,77,406306
27075,0.001422,172.31.40.0-255,66,118103,77,406306
27076,0.001426,172.217.194.0-255,2184,120287,77,406306
27077,0.001428,172.31.40.0-255,66,120353,77,406306
27078,0.001527,172.31.40.0-255,101,120454,77,406306
27079,0.00192,172.217.194.0-255,1484,121938,77,406306
27080,0.001931,172.217.194.0-255,2902,124840,77,406306
27081,0.001935,172.31.40.0-255,66,124906,77,406306
27082,0.001942,172.217.194.0-255,5738,130644,77,406306
27083,0.001944,172.31.40.0-255,66,130710,77,406306
27084,0.001949,172.217.194.0-255,2902,133612,77,406306
27085,0.001951,172.31.40.0-255,66,133678,77,406306
27086,0.001978,172.217.194.0-255,9992,143670,77,406306
27087,0.00198,172.31.40.0-255,66,143736,77,406306
27088,0.001985,172.217.194.0-255,4320,148056,77,406306
27089,0.001987,172.31.40.0-255,66,148122,77,406306
27090,0.00201,172.217.194.0-255,6438,154560,77,406306
27091,0.002012,172.31.40.0-255,66,154626,77,406306
27092,0.00205,172.217.194.0-255,1484,156110,77,406306
27093,0.002056,172.217.194.0-255,2902,159012,77,406306
27094,0.002058,172.31.40.0-255,66,159078,77,406306
27095,0.002065,172.217.194.0-255,5738,164816,77,406306
27096,0.002067,172.31.40.0-255,66,164882,77,406306
27097,0.002088,172.217.194.0-255,8574,173456,77,406306
27098,0.00209,172.31.40.0-255,66,173522,77,406306
27099,0.002139,172.217.194.0-255,4320,177842,77,406306
27100,0.002142,172.31.40.0-255,66,177908,77,406306
27101,0.002172,172.217.194.0-255,10692,188600,77,406306
27102,0.002175,172.31.40.0-255,66,188666,77,406306
27103,0.002178,172.217.194.0-255,1484,190150,77,406306
27104,0.002201,172.217.194.0-255,2902,193052,77,406306
27105,0.002204,172.31.40.0-255,66,193118,77,406306
27106,0.002211,172.217.194.0-255,5738,198856,77,406306
27107,0.002213,172.31.40.0-255,66,198922,77,406306
27108,0.002216,172.217.194.0-255,1484,200406,77,406306
27109,0.002246,172.217.194.0-255,11410,211816,77,406306
27110,0.002249,172.31.40.0-255,66,211882,77,406306
27111,0.002259,172.217.194.0-255,9992,221874,77,406306
27112,0.002261,172.31.40.0-255,66,221940,77,406306
27113,0.002278,172.217.194.0-255,766,222706,77,406306
27114,0.003827,172.217.194.0-255,66,222772,77,406306
27115,0.004619,172.217.194.0-255,4320,227092,77,406306
27116,0.004625,172.31.40.0-255,66,227158,77,406306
27117,0.006998,172.217.194.0-255,4320,231478,77,406306
27118,0.007004,172.31.40.0-255,66,231544,77,406306
27119,0.007023,172.217.194.0-255,1484,233028,77,406306
27120,0.009352,172.217.194.0-255,4320,237348,77,406306
27121,0.009359,172.31.40.0-255,66,237414,77,406306
27122,0.011711,172.217.194.0-255,5738,243152,77,406306
27123,0.01172,172.31.40.0-255,66,243218,77,406306
27124,0.014077,172.217.194.0-255,5738,248956,77,406306
27125,0.014096,172.31.40.0-255,66,249022,77,406306
27126,0.01649,172.217.194.0-255,5738,254760,77,406306
27127,0.016507,172.31.40.0-255,66,254826,77,406306
27128,0.01885,172.217.194.0-255,5738,260564,77,406306
27129,0.018858,172.31.40.0-255,66,260630,77,406306
27130,0.021219,172.217.194.0-255,5738,266368,77,406306
27131,0.021227,172.31.40.0-255,66,266434,77,406306
27132,0.023563,172.217.194.0-255,5738,272172,77,406306
27133,0.023568,172.31.40.0-255,66,272238,77,406306
27134,0.025927,172.217.194.0-255,5738,277976,77,406306
27135,0.025947,172.31.40.0-255,66,278042,77,406306
27136,0.028301,172.217.194.0-255,5738,283780,77,406306
27137,0.028315,172.31.40.0-255,66,283846,77,406306
27138,0.030657,172.217.194.0-255,5738,289584,77,406306
27139,0.030665,172.31.40.0-255,66,289650,77,406306
27140,0.032999,172.217.194.0-255,5738,295388,77,406306
27141,0.033008,172.31.40.0-255,66,295454,77,406306
27142,0.035372,172.217.194.0-255,5738,301192,77,406306
27143,0.035389,172.31.40.0-255,66,301258,77,406306
27144,0.037735,172.217.194.0-255,5738,306996,77,406306
27145,0.037742,172.31.40.0-255,66,307062,77,406306
27146,0.040087,172.217.194.0-255,5738,312800,77,406306
27147,0.040094,172.31.40.0-255,66,312866,77,406306
27148,0.042455,172.217.194.0-255,5738,318604,77,406306
27149,0.042472,172.31.40.0-255,66,318670,77,406306
27150,0.04479,172.217.194.0-255,5738,324408,77,406306
27151,0.044802,172.31.40.0-255,66,324474,77,406306
27152,0.047131,172.217.194.0-255,5738,330212,77,406306
27153,0.047145,172.31.40.0-255,66,330278,77,406306
27154,0.049472,172.217.194.0-255,5738,336016,77,406306
27155,0.04948,172.31.40.0-255,66,336082,77,406306
27156,0.051804,172.217.194.0-255,5738,341820,77,406306
27157,0.051812,172.31.40.0-255,66,341886,77,406306
27158,0.054162,172.217.194.0-255,5738,347624,77,406306
27159,0.05418,172.31.40.0-255,66,347690,77,406306
27160,0.055813,172.31.40.0-255,172,347862,77,406306
27161,0.055873,172.31.40.0-255,1120,348982,77,406306
27162,0.056068,172.31.40.0-255,1514,350496,77,406306
27163,0.05607,172.31.40.0-255,1277,351773,77,406306
27164,0.056526,172.217.194.0-255,5738,357511,77,406306
27165,0.056534,172.31.40.0-255,66,357577,77,406306
27166,0.057291,104.244.42.0-255,66,357643,77,406306
27167,0.057357,104.244.42.0-255,66,357709,77,406306
27168,0.057571,104.244.42.0-255,66,357775,77,406306
27169,0.058875,172.217.194.0-255,5738,363513,77,406306
27170,0.058885,172.31.40.0-255,66,363579,77,406306
27171,0.061214,172.217.194.0-255,5738,369317,77,406306
27172,0.06123,172.31.40.0-255,66,369383,77,406306
27173,0.063573,172.217.194.0-255,5738,375121,77,406306
27174,0.063589,172.31.40.0-255,66,375187,77,406306
27175,0.065959,172.217.194.0-255,5738,380925,77,406306
27176,0.065977,172.31.40.0-255,66,380991,77,406306
27177,0.068335,172.217.194.0-255,5738,386729,77,406306
27178,0.068354,172.31.40.0-255,66,386795,77,406306
27179,0.070705,172.217.194.0-255,5738,392533,77,406306
27180,0.070725,172.31.40.0-255,66,392599,77,406306
27181,0.073069,172.217.194.0-255,5738,398337,77,406306
27182,0.073086,172.31.40.0-255,66,398403,77,406306
27183,0.075462,172.217.194.0-255,5738,404141,77,406306
27184,0.075475,172.31.40.0-255,66,404207,77,406306
27185,0.077835,172.217.194.0-255,1862,406069,77,406306
27186,0.077853,172.31.40.0-255,66,406135,77,406306
27187,0.078127,172.31.40.0-255,105,406240,77,406306
27188,0.084522,172.217.194.0-255,66,406306,77,406306
27189,0.0,74.125.24.0-255,298,298,77,399228
27190,1.9e-05,172.31.40.0-255,66,364,77,399228
27191,2.5e-05,74.125.24.0-255,1484,1848,77,399228
27192,2.9e-05,172.31.40.0-255,66,1914,77,399228
27193,3.4e-05,74.125.24.0-255,2902,4816,77,399228
27194,3.7e-05,172.31.40.0-255,66,4882,77,399228
27195,6e-05,74.125.24.0-255,1484,6366,77,399228
27196,6.2e-05,172.31.40.0-255,66,6432,77,399228
27197,7.8e-05,74.125.24.0-255,5738,12170,77,399228
27198,8e-05,172.31.40.0-255,66,12236,77,399228
27199,9.5e-05,74.125.24.0-255,3211,15447,77,399228
27200,9.7e-05,172.31.40.0-255,66,15513,77,399228
27201,0.000101,74.125.24.0-255,2902,18415,77,399228
27202,0.000103,172.31.40.0-255,66,18481,77,399228
27203,0.000131,74.125.24.0-255,7156,25637,77,399228
27204,0.000133,172.31.40.0-255,66,25703,77,399228
27205,0.000138,74.125.24.0-255,4320,30023,77,399228
27206,0.00014,172.31.40.0-255,66,30089,77,399228
27207,0.000167,74.125.24.0-255,1125,31214,77,399228
27208,0.000169,172.31.40.0-255,66,31280,77,399228
27209,0.000284,74.125.24.0-255,1484,32764,77,399228
27210,0.000288,172.31.40.0-255,66,32830,77,399228
27211,0.00031,74.125.24.0-255,2902,35732,77,399228
27212,0.000313,172.31.40.0-255,66,35798,77,399228
27213,0.000317,74.125.24.0-255,2902,38700,77,399228
27214,0.000319,172.31.40.0-255,66,38766,77,399228
27215,0.000332,74.125.24.0-255,1484,40250,77,399228
27216,0.000335,172.31.40.0-255,66,40316,77,399228
27217,0.000341,74.125.24.0-255,4320,44636,77,399228
27218,0.000343,172.31.40.0-255,66,44702,77,399228
27219,0.000364,74.125.24.0-255,1484,46186,77,399228
27220,0.000366,172.31.40.0-255,66,46252,77,399228
27221,0.00041,74.125.24.0-255,1484,47736,77,399228
27222,0.000417,74.125.24.0-255,2902,50638,77,399228
27223,0.00042,172.31.40.0-255,66,50704,77,399228
27224,0.000426,74.125.24.0-255,4320,55024,77,399228
27225,0.000428,172.31.40.0-255,66,55090,77,399228
27226,0.000442,74.125.24.0-255,1484,56574,77,399228
27227,0.000475,74.125.24.0-255,5738,62312,77,399228
27228,0.000478,172.31.40.0-255,66,62378,77,399228
27229,0.000497,74.125.24.0-255,3602,65980,77,399228
27230,0.000499,172.31.40.0-255,66,66046,77,399228
27231,0.000512,74.125.24.0-255,399,66445,77,399228
27232,0.000536,74.125.24.0-255,110,66555,77,399228
27233,0.000633,74.125.24.0-255,1484,68039,77,399228
27234,0.000637,172.31.40.0-255,66,68105,77,399228
27235,0.000673,74.125.24.0-255,1484,69589,77,399228
27236,0.000692,74.125.24.0-255,2902,72491,77,399228
27237,0.000696,172.31.40.0-255,66,72557,77,399228
27238,0.00071,74.125.24.0-255,4320,76877,77,399228
27239,0.000712,172.31.40.0-255,66,76943,77,399228
27240,0.000722,74.125.24.0-255,1484,78427,77,399228
27241,0.000728,74.125.24.0-255,4320,82747,77,399228
27242,0.00073,172.31.40.0-255,66,82813,77,399228
27243,0.000752,74.125.24.0-255,5738,88551,77,399228
27244,0.000754,172.31.40.0-255,66,88617,77,399228
27245,0.000768,74.125.24.0-255,5738,94355,77,399228
27246,0.00077,172.31.40.0-255,66,94421,77,399228
27247,0.000796,74.125.24.0-255,1484,95905,77,399228
27248,0.000813,74.125.24.0-255,5020,100925,77,399228
27249,0.000816,172.31.40.0-255,66,100991,77,399228
27250,0.000841,74.125.24.0-255,1484,102475,77,399228
27251,0.000862,74.125.24.0-255,2902,105377,77,399228
27252,0.000864,74.125.24.0-255,1484,106861,77,399228
27253,0.000867,172.31.40.0-255,66,106927,77,399228
27254,0.000882,74.125.24.0-255,1484,108411,77,399228
27255,0.000884,172.31.40.0-255,66,108477,77,399228
27256,0.000966,74.125.24.0-255,5738,114215,77,399228
27257,0.000969,172.31.40.0-255,66,114281,77,399228
27258,0.000981,74.125.24.0-255,1484,115765,77,399228
27259,0.000993,74.125.24.0-255,2228,117993,77,399228
27260,0.000994,172.31.40.0-255,66,118059,77,399228
27261,0.001041,74.125.24.0-255,2902,120961,77,399228
27262,0.001044,172.31.40.0-255,66,121027,77,399228
27263,0.001048,74.125.24.0-255,2902,123929,77,399228
27264,0.00105,172.31.40.0-255,66,123995,77,399228
27265,0.001061,74.125.24.0-255,1484,125479,77,399228
27266,0.001064,74.125.24.0-255,1484,126963,77,399228
27267,0.001066,172.31.40.0-255,66,127029,77,399228
27268,0.001096,74.125.24.0-255,7156,134185,77,399228
27269,0.001099,172.31.40.0-255,66,134251,77,399228
27270,0.001103,74.125.24.0-255,4320,138571,77,399228
27271,0.001105,172.31.40.0-255,66,138637,77,399228
27272,0.001131,74.125.24.0-255,7156,145793,77,399228
27273,0.001133,172.31.40.0-255,66,145859,77,399228
27274,0.001156,74.125.24.0-255,6438,152297,77,399228
27275,0.001158,172.31.40.0-255,66,152363,77,399228
27276,0.001217,74.125.24.0-255,1484,153847,77,399228
27277,0.001229,74.125.24.0-255,2902,156749,77,399228
27278,0.001232,172.31.40.0-255,66,156815,77,399228
27279,0.001241,74.125.24.0-255,1484,158299,77,399228
27280,0.001257,74.125.24.0-255,4320,162619,77,399228
27281,0.001259,172.31.40.0-255,66,162685,77,399228
27282,0.001267,74.125.24.0-255,8574,171259,77,399228
27283,0.001269,172.31.40.0-255,66,171325,77,399228
27284,0.001283,74.125.24.0-255,4320,175645,77,399228
27285,0.001285,172.31.40.0-255,66,175711,77,399228
27286,0.001304,74.125.24.0-255,8574,184285,77,399228
27287,0.001307,172.31.40.0-255,66,184351,77,399228
27288,0.001331,74.125.24.0-255,2184,186535,77,399228
27289,0.001333,172.31.40.0-255,66,186601,77,399228
27290,0.001373,74.125.24.0-255,1484,188085,77,399228
27291,0.001377,74.125.24.0-255,2902,190987,77,399228
27292,0.00138,172.31.40.0-255,66,191053,77,399228
27293,0.001403,74.125.24.0-255,5738,196791,77,399228
27294,0.001405,172.31.40.0-255,66,196857,77,399228
27295,0.001424,74.125.24.0-255,5738,202595,77,399228
27296,0.001426,172.31.40.0-255,66,202661,77,399228
27297,0.001462,74.125.24.0-255,7156,209817,77,399228
27298,0.001464,172.31.40.0-255,66,209883,77,399228
27299,0.001471,74.125.24.0-255,8574,218457,77,399228
27300,0.001498,74.125.24.0-255,2184,220641,77,399228
27301,0.001603,74.125.24.0-255,1484,222125,77,399228
27302,0.001616,74.125.24.0-255,2902,225027,77,399228
27303,0.001621,74.125.24.0-255,4320,229347,77,399228
27304,0.001647,74.125.24.0-255,1484,230831,77,399228
27305,0.001658,74.125.24.0-255,12828,243659,77,399228
27306,0.001671,74.125.24.0-255,10692,254351,77,399228
27307,0.001688,74.125.24.0-255,4320,258671,77,399228
27308,0.001785,74.125.24.0-255,7856,266527,77,399228
27309,0.001792,74.125.24.0-255,8574,275101,77,399228
27310,0.001828,74.125.24.0-255,5738,280839,77,399228
27311,0.001845,74.125.24.0-255,5738,286577,77,399228
27312,0.001858,74.125.24.0-255,4320,290897,77,399228
27313,0.00186,74.125.24.0-255,1484,292381,77,399228
27314,0.001877,74.125.24.0-255,7856,300237,77,399228
27315,0.001918,74.125.24.0-255,4320,304557,77,399228
27316,0.00194,74.125.24.0-255,5738,310295,77,399228
27317,0.001946,74.125.24.0-255,5738,316033,77,399228
27318,0.001965,74.125.24.0-255,5738,321771,77,399228
27319,0.00197,74.125.24.0-255,4320,326091,77,399228
27320,0.001982,74.125.24.0-255,2902,328993,77,399228
27321,0.001999,74.125.24.0-255,1484,330477,77,399228
27322,0.002015,74.125.24.0-255,7156,337633,77,399228
27323,0.002035,74.125.24.0-255,5020,342653,77,399228
27324,0.002038,74.125.24.0-255,1484,344137,77,399228
27325,0.002062,74.125.24.0-255,12828,356965,77,399228
27326,0.002069,74.125.24.0-255,7156,364121,77,399228
27327,0.00209,74.125.24.0-255,2902,367023,77,399228
27328,0.002113,74.125.24.0-255,9274,376297,77,399228
27329,0.002134,74.125.24.0-255,5738,382035,77,399228
27330,0.002161,74.125.24.0-255,7156,389191,77,399228
27331,0.002167,74.125.24.0-255,5262,394453,77,399228
27332,0.002169,74.125.24.0-255,97,394550,77,399228
27333,0.002197,74.125.24.0-255,105,394655,77,399228
27334,0.006412,172.31.40.0-255,66,394721,77,399228
27335,0.009034,172.31.40.0-255,105,394826,77,399228
27336,0.011486,74.125.24.0-255,66,394892,77,399228
27337,0.02984,172.31.40.0-255,229,395121,77,399228
27338,0.029872,172.31.40.0-255,1120,396241,77,399228
27339,0.029935,172.31.40.0-255,1514,397755,77,399228
27340,0.029937,172.31.40.0-255,1275,399030,77,399228
27341,0.031405,104.244.42.0-255,66,399096,77,399228
27342,0.031429,104.244.42.0-255,66,399162,77,399228
27343,0.031482,104.244.42.0-255,66,399228,77,399228
27344,0.0,74.125.130.0-255,153,153,77,422299
27345,3e-05,172.31.40.0-255,66,219,77,422299
27346,3.7e-05,74.125.130.0-255,1484,1703,77,422299
27347,4e-05,172.31.40.0-255,66,1769,77,422299
27348,4.3e-05,74.125.130.0-255,1484,3253,77,422299
27349,4.5e-05,172.31.40.0-255,66,3319,77,422299
27350,4.9e-05,74.125.130.0-255,2902,6221,77,422299
27351,5.1e-05,172.31.40.0-255,66,6287,77,422299
27352,5.8e-05,74.125.130.0-255,5738,12025,77,422299
27353,6e-05,172.31.40.0-255,66,12091,77,422299
27354,8.6e-05,74.125.130.0-255,2030,14121,77,422299
27355,8.9e-05,172.31.40.0-255,66,14187,77,422299
27356,0.00022,74.125.130.0-255,1484,15671,77,422299
27357,0.000226,172.31.40.0-255,66,15737,77,422299
27358,0.000231,74.125.130.0-255,2902,18639,77,422299
27359,0.000233,172.31.40.0-255,66,18705,77,422299
27360,0.000236,74.125.130.0-255,1484,20189,77,422299
27361,0.000238,172.31.40.0-255,66,20255,77,422299
27362,0.000261,74.125.130.0-255,4320,24575,77,422299
27363,0.000266,172.31.40.0-255,66,24641,77,422299
27364,0.000284,74.125.130.0-255,2902,27543,77,422299
27365,0.000288,172.31.40.0-255,66,27609,77,422299
27366,0.000303,74.125.130.0-255,3961,31570,77,422299
27367,0.000305,172.31.40.0-255,66,31636,77,422299
27368,0.000424,74.125.130.0-255,1484,33120,77,422299
27369,0.000427,172.31.40.0-255,66,33186,77,422299
27370,0.000443,74.125.130.0-255,2902,36088,77,422299
27371,0.000446,172.31.40.0-255,66,36154,77,422299
27372,0.000452,74.125.130.0-255,5738,41892,77,422299
27373,0.000454,172.31.40.0-255,66,41958,77,422299
27374,0.000484,74.125.130.0-255,1484,43442,77,422299
27375,0.000487,172.31.40.0-255,66,43508,77,422299
27376,0.00051,74.125.130.0-255,12469,55977,77,422299
27377,0.000513,172.31.40.0-255,66,56043,77,422299
27378,0.000523,74.125.130.0-255,9921,65964,77,422299
27379,0.000526,172.31.40.0-255,66,66030,77,422299
27380,0.000528,74.125.130.0-255,99,66129,77,422299
27381,0.000799,172.31.40.0-255,66,66195,77,422299
27382,0.000858,74.125.130.0-255,365,66560,77,422299
27383,0.000887,172.31.40.0-255,66,66626,77,422299
27384,0.00109,74.125.130.0-255,1484,68110,77,422299
27385,0.0011,74.125.130.0-255,2902,71012,77,422299
27386,0.001104,172.31.40.0-255,66,71078,77,422299
27387,0.001121,74.125.130.0-255,1484,72562,77,422299
27388,0.00114,74.125.130.0-255,1484,74046,77,422299
27389,0.001143,172.31.40.0-255,66,74112,77,422299
27390,0.001148,74.125.130.0-255,4320,78432,77,422299
27391,0.001149,172.31.40.0-255,66,78498,77,422299
27392,0.001154,74.125.130.0-255,4320,82818,77,422299
27393,0.001156,172.31.40.0-255,66,82884,77,422299
27394,0.001179,74.125.130.0-255,4320,87204,77,422299
27395,0.001182,172.31.40.0-255,66,87270,77,422299
27396,0.00119,74.125.130.0-255,8574,95844,77,422299
27397,0.001191,172.31.40.0-255,66,95910,77,422299
27398,0.00123,74.125.130.0-255,5020,100930,77,422299
27399,0.001233,172.31.40.0-255,66,100996,77,422299
27400,0.001411,74.125.130.0-255,1484,102480,77,422299
27401,0.00142,74.125.130.0-255,2902,105382,77,422299
27402,0.001426,172.31.40.0-255,66,105448,77,422299
27403,0.001432,74.125.130.0-255,4320,109768,77,422299
27404,0.001434,172.31.40.0-255,66,109834,77,422299
27405,0.001448,74.125.130.0-255,1484,111318,77,422299
27406,0.001457,74.125.130.0-255,8574,119892,77,422299
27407,0.001459,172.31.40.0-255,66,119958,77,422299
27408,0.001463,74.125.130.0-255,2902,122860,77,422299
27409,0.001465,172.31.40.0-255,66,122926,77,422299
27410,0.001495,74.125.130.0-255,7156,130082,77,422299
27411,0.001498,172.31.40.0-255,66,130148,77,422299
27412,0.00151,74.125.130.0-255,2902,133050,77,422299
27413,0.001512,172.31.40.0-255,66,133116,77,422299
27414,0.001534,74.125.130.0-255,2184,135300,77,422299
27415,0.001537,172.31.40.0-255,66,135366,77,422299
27416,0.001551,74.125.130.0-255,1484,136850,77,422299
27417,0.001561,74.125.130.0-255,1484,138334,77,422299
27418,0.001563,172.31.40.0-255,66,138400,77,422299
27419,0.001568,74.125.130.0-255,4320,142720,77,422299
27420,0.00157,172.31.40.0-255,66,142786,77,422299
27421,0.001573,74.125.130.0-255,1484,144270,77,422299
27422,0.001593,74.125.130.0-255,7156,151426,77,422299
27423,0.001595,172.31.40.0-255,66,151492,77,422299
27424,0.001609,74.125.130.0-255,4320,155812,77,422299
27425,0.001611,172.31.40.0-255,66,155878,77,422299
27426,0.001636,74.125.130.0-255,8574,164452,77,422299
27427,0.001641,172.31.40.0-255,66,164518,77,422299
27428,0.001652,74.125.130.0-255,2902,167420,77,422299
27429,0.001655,172.31.40.0-255,66,167486,77,422299
27430,0.001678,74.125.130.0-255,10692,178178,77,422299
27431,0.001681,172.31.40.0-255,66,178244,77,422299
27432,0.001686,74.125.130.0-255,5738,183982,77,422299
27433,0.001688,172.31.40.0-255,66,184048,77,422299
27434,0.001715,74.125.130.0-255,2902,186950,77,422299
27435,0.001717,172.31.40.0-255,66,187016,77,422299
27436,0.001726,74.125.130.0-255,9992,197008,77,422299
27437,0.001728,172.31.40.0-255,66,197074,77,422299
27438,0.001734,74.125.130.0-255,6438,203512,77,422299
27439,0.001736,172.31.40.0-255,66,203578,77,422299
27440,0.001834,74.125.130.0-255,1484,205062,77,422299
27441,0.001851,74.125.130.0-255,2902,207964,77,422299
27442,0.001854,172.31.40.0-255,66,208030,77,422299
27443,0.001872,74.125.130.0-255,4320,212350,77,422299
27444,0.001874,172.31.40.0-255,66,212416,77,422299
27445,0.001878,74.125.130.0-255,2902,215318,77,422299
27446,0.00188,172.31.40.0-255,66,215384,77,422299
27447,0.001903,74.125.130.0-255,2902,218286,77,422299
27448,0.001905,172.31.40.0-255,66,218352,77,422299
27449,0.001908,74.125.130.0-255,1484,219836,77,422299
27450,0.001927,74.125.130.0-255,5738,225574,77,422299
27451,0.001929,172.31.40.0-255,66,225640,77,422299
27452,0.001951,74.125.130.0-255,4320,229960,77,422299
27453,0.001953,172.31.40.0-255,66,230026,77,422299
27454,0.001968,74.125.130.0-255,4320,234346,77,422299
27455,0.00197,172.31.40.0-255,66,234412,77,422299
27456,0.001996,74.125.130.0-255,3602,238014,77,422299
27457,0.001999,172.31.40.0-255,66,238080,77,422299
27458,0.003891,74.125.130.0-255,1484,239564,77,422299
27459,0.003935,74.125.130.0-255,4320,243884,77,422299
27460,0.003939,172.31.40.0-255,66,243950,77,422299
27461,0.005897,74.125.130.0-255,5738,249688,77,422299
27462,0.005901,172.31.40.0-255,66,249754,77,422299
27463,0.007849,74.125.130.0-255,5738,255492,77,422299
27464,0.007857,172.31.40.0-255,66,255558,77,422299
27465,0.009795,74.125.130.0-255,5738,261296,77,422299
27466,0.009802,172.31.40.0-255,66,261362,77,422299
27467,0.011772,74.125.130.0-255,5738,267100,77,422299
27468,0.011789,172.31.40.0-255,66,267166,77,422299
27469,0.013738,74.125.130.0-255,5738,272904,77,422299
27470,0.013753,172.31.40.0-255,66,272970,77,422299
27471,0.015692,74.125.130.0-255,4320,277290,77,422299
27472,0.015699,172.31.40.0-255,66,277356,77,422299
27473,0.015719,74.125.130.0-255,1484,278840,77,422299
27474,0.01765,74.125.130.0-255,4320,283160,77,422299
27475,0.01766,172.31.40.0-255,66,283226,77,422299
27476,0.019613,74.125.130.0-255,5738,288964,77,422299
27477,0.019629,172.31.40.0-255,66,289030,77,422299
27478,0.021574,74.125.130.0-255,5738,294768,77,422299
27479,0.021591,172.31.40.0-255,66,294834,77,422299
27480,0.023546,74.125.130.0-255,5738,300572,77,422299
27481,0.023554,172.31.40.0-255,66,300638,77,422299
27482,0.02548,74.125.130.0-255,2902,303540,77,422299
27483,0.025487,172.31.40.0-255,66,303606,77,422299
27484,0.025508,74.125.130.0-255,2902,306508,77,422299
27485,0.025511,172.31.40.0-255,66,306574,77,422299
27486,0.027431,74.125.130.0-255,5738,312312,77,422299
27487,0.027438,172.31.40.0-255,66,312378,77,422299
27488,0.029379,74.125.130.0-255,5738,318116,77,422299
27489,0.029387,172.31.40.0-255,66,318182,77,422299
27490,0.031344,74.125.130.0-255,5738,323920,77,422299
27491,0.031351,172.31.40.0-255,66,323986,77,422299
27492,0.033298,74.125.130.0-255,5738,329724,77,422299
27493,0.033304,172.31.40.0-255,66,329790,77,422299
27494,0.035256,74.125.130.0-255,5738,335528,77,422299
27495,0.035272,172.31.40.0-255,66,335594,77,422299
27496,0.03723,74.125.130.0-255,5738,341332,77,422299
27497,0.037247,172.31.40.0-255,66,341398,77,422299
27498,0.039212,74.125.130.0-255,5738,347136,77,422299
27499,0.039228,172.31.40.0-255,66,347202,77,422299
27500,0.041193,74.125.130.0-255,5738,352940,77,422299
27501,0.041209,172.31.40.0-255,66,353006,77,422299
27502,0.043151,74.125.130.0-255,5738,358744,77,422299
27503,0.043158,172.31.40.0-255,66,358810,77,422299
27504,0.045097,74.125.130.0-255,4320,363130,77,422299
27505,0.045104,172.31.40.0-255,66,363196,77,422299
27506,0.045124,74.125.130.0-255,1484,364680,77,422299
27507,0.046508,172.31.40.0-255,172,364852,77,422299
27508,0.046548,172.31.40.0-255,1120,365972,77,422299
27509,0.046626,172.31.40.0-255,1514,367486,77,422299
27510,0.046628,172.31.40.0-255,1275,368761,77,422299
27511,0.047036,74.125.130.0-255,4320,373081,77,422299
27512,0.047042,172.31.40.0-255,66,373147,77,422299
27513,0.048072,104.244.42.0-255,66,373213,77,422299
27514,0.048126,104.244.42.0-255,66,373279,77,422299
27515,0.048204,104.244.42.0-255,66,373345,77,422299
27516,0.048991,74.125.130.0-255,5738,379083,77,422299
27517,0.048998,172.31.40.0-255,66,379149,77,422299
27518,0.050958,74.125.130.0-255,5738,384887,77,422299
27519,0.050978,172.31.40.0-255,66,384953,77,422299
27520,0.052935,74.125.130.0-255,5738,390691,77,422299
27521,0.052949,172.31.40.0-255,66,390757,77,422299
27522,0.054903,74.125.130.0-255,5738,396495,77,422299
27523,0.054917,172.31.40.0-255,66,396561,77,422299
27524,0.056879,74.125.130.0-255,5738,402299,77,422299
27525,0.056892,172.31.40.0-255,66,402365,77,422299
27526,0.058836,74.125.130.0-255,5738,408103,77,422299
27527,0.058843,172.31.40.0-255,66,408169,77,422299
27528,0.060825,74.125.130.0-255,5738,413907,77,422299
27529,0.060842,172.31.40.0-255,66,413973,77,422299
27530,0.062805,74.125.130.0-255,5738,419711,77,422299
27531,0.062821,172.31.40.0-255,66,419777,77,422299
27532,0.064774,74.125.130.0-255,2285,422062,77,422299
27533,0.064787,172.31.40.0-255,66,422128,77,422299
27534,0.065049,172.31.40.0-255,105,422233,77,422299
27535,0.066964,74.125.130.0-255,66,422299,77,422299
27536,0.0,74.125.68.0-255,150,150,77,421556
27537,2.3e-05,172.31.40.0-255,66,216,77,421556
27538,3e-05,74.125.68.0-255,1484,1700,77,421556
27539,3.5e-05,172.31.40.0-255,66,1766,77,421556
27540,4.1e-05,74.125.68.0-255,2902,4668,77,421556
27541,4.5e-05,172.31.40.0-255,66,4734,77,421556
27542,5.9e-05,74.125.68.0-255,5738,10472,77,421556
27543,6.2e-05,172.31.40.0-255,66,10538,77,421556
27544,6.5e-05,74.125.68.0-255,1484,12022,77,421556
27545,6.8e-05,172.31.40.0-255,66,12088,77,421556
27546,7.3e-05,74.125.68.0-255,2031,14119,77,421556
27547,7.5e-05,172.31.40.0-255,66,14185,77,421556
27548,0.000293,74.125.68.0-255,1484,15669,77,421556
27549,0.0003,172.31.40.0-255,66,15735,77,421556
27550,0.000305,74.125.68.0-255,2902,18637,77,421556
27551,0.000308,172.31.40.0-255,66,18703,77,421556
27552,0.000311,74.125.68.0-255,1484,20187,77,421556
27553,0.000318,172.31.40.0-255,66,20253,77,421556
27554,0.000348,74.125.68.0-255,2902,23155,77,421556
27555,0.00035,172.31.40.0-255,66,23221,77,421556
27556,0.000375,74.125.68.0-255,1484,24705,77,421556
27557,0.000378,172.31.40.0-255,66,24771,77,421556
27558,0.000397,74.125.68.0-255,2902,27673,77,421556
27559,0.000399,172.31.40.0-255,66,27739,77,421556
27560,0.000439,74.125.68.0-255,3961,31700,77,421556
27561,0.000442,172.31.40.0-255,66,31766,77,421556
27562,0.000455,74.125.68.0-255,1484,33250,77,421556
27563,0.000457,172.31.40.0-255,66,33316,77,421556
27564,0.000485,74.125.68.0-255,2902,36218,77,421556
27565,0.000487,172.31.40.0-255,66,36284,77,421556
27566,0.000493,74.125.68.0-255,4320,40604,77,421556
27567,0.000495,172.31.40.0-255,66,40670,77,421556
27568,0.000502,74.125.68.0-255,5738,46408,77,421556
27569,0.000504,172.31.40.0-255,66,46474,77,421556
27570,0.00053,74.125.68.0-255,2543,49017,77,421556
27571,0.000532,172.31.40.0-255,66,49083,77,421556
27572,0.000569,74.125.68.0-255,1484,50567,77,421556
27573,0.000582,74.125.68.0-255,2902,53469,77,421556
27574,0.000585,172.31.40.0-255,66,53535,77,421556
27575,0.000612,74.125.68.0-255,5738,59273,77,421556
27576,0.000615,172.31.40.0-255,66,59339,77,421556
27577,0.00062,74.125.68.0-255,4320,63659,77,421556
27578,0.000623,172.31.40.0-255,66,63725,77,421556
27579,0.000671,74.125.68.0-255,2543,66268,77,421556
27580,0.000675,172.31.40.0-255,66,66334,77,421556
27581,0.00092,74.125.68.0-255,409,66743,77,421556
27582,0.000957,74.125.68.0-255,1484,68227,77,421556
27583,0.000961,172.31.40.0-255,66,68293,77,421556
27584,0.000965,74.125.68.0-255,1484,69777,77,421556
27585,0.000989,74.125.68.0-255,2902,72679,77,421556
27586,0.000992,172.31.40.0-255,66,72745,77,421556
27587,0.000998,74.125.68.0-255,5738,78483,77,421556
27588,0.001,172.31.40.0-255,66,78549,77,421556
27589,0.001027,74.125.68.0-255,5379,83928,77,421556
27590,0.001029,172.31.40.0-255,66,83994,77,421556
27591,0.001196,74.125.68.0-255,1484,85478,77,421556
27592,0.001202,74.125.68.0-255,2902,88380,77,421556
27593,0.001206,172.31.40.0-255,66,88446,77,421556
27594,0.001229,74.125.68.0-255,2902,91348,77,421556
27595,0.001231,172.31.40.0-255,66,91414,77,421556
27596,0.001234,74.125.68.0-255,1484,92898,77,421556
27597,0.001262,74.125.68.0-255,2902,95800,77,421556
27598,0.001264,172.31.40.0-255,66,95866,77,421556
27599,0.001307,74.125.68.0-255,5379,101245,77,421556
27600,0.00131,172.31.40.0-255,66,101311,77,421556
27601,0.001957,74.125.68.0-255,1484,102795,77,421556
27602,0.001968,74.125.68.0-255,2902,105697,77,421556
27603,0.001973,172.31.40.0-255,66,105763,77,421556
27604,0.001979,74.125.68.0-255,2902,108665,77,421556
27605,0.001981,172.31.40.0-255,66,108731,77,421556
27606,0.002015,74.125.68.0-255,2902,111633,77,421556
27607,0.002018,172.31.40.0-255,66,111699,77,421556
27608,0.002022,74.125.68.0-255,2902,114601,77,421556
27609,0.002025,172.31.40.0-255,66,114667,77,421556
27610,0.00203,74.125.68.0-255,4320,118987,77,421556
27611,0.002032,172.31.40.0-255,66,119053,77,421556
27612,0.002041,74.125.68.0-255,8574,127627,77,421556
27613,0.002043,172.31.40.0-255,66,127693,77,421556
27614,0.00205,74.125.68.0-255,5738,133431,77,421556
27615,0.002052,172.31.40.0-255,66,133497,77,421556
27616,0.002102,74.125.68.0-255,2184,135681,77,421556
27617,0.002105,172.31.40.0-255,66,135747,77,421556
27618,0.002225,74.125.68.0-255,1484,137231,77,421556
27619,0.002232,74.125.68.0-255,2902,140133,77,421556
27620,0.002235,172.31.40.0-255,66,140199,77,421556
27621,0.002242,74.125.68.0-255,5738,145937,77,421556
27622,0.002244,172.31.40.0-255,66,146003,77,421556
27623,0.002248,74.125.68.0-255,2902,148905,77,421556
27624,0.00225,172.31.40.0-255,66,148971,77,421556
27625,0.002261,74.125.68.0-255,4320,153291,77,421556
27626,0.002263,172.31.40.0-255,66,153357,77,421556
27627,0.002298,74.125.68.0-255,8574,161931,77,421556
27628,0.002301,172.31.40.0-255,66,161997,77,421556
27629,0.002308,74.125.68.0-255,5738,167735,77,421556
27630,0.00231,172.31.40.0-255,66,167801,77,421556
27631,0.002314,74.125.68.0-255,2184,169985,77,421556
27632,0.002317,172.31.40.0-255,66,170051,77,421556
27633,0.004587,74.125.68.0-255,5738,175789,77,421556
27634,0.004595,172.31.40.0-255,66,175855,77,421556
27635,0.006883,74.125.68.0-255,4320,180175,77,421556
27636,0.006887,172.31.40.0-255,66,180241,77,421556
27637,0.006911,74.125.68.0-255,1484,181725,77,421556
27638,0.009184,74.125.68.0-255,4320,186045,77,421556
27639,0.00919,172.31.40.0-255,66,186111,77,421556
27640,0.011485,74.125.68.0-255,5738,191849,77,421556
27641,0.011492,172.31.40.0-255,66,191915,77,421556
27642,0.013778,74.125.68.0-255,5738,197653,77,421556
27643,0.013786,172.31.40.0-255,66,197719,77,421556
27644,0.016067,74.125.68.0-255,5738,203457,77,421556
27645,0.016074,172.31.40.0-255,66,203523,77,421556
27646,0.018365,74.125.68.0-255,5738,209261,77,421556
27647,0.018374,172.31.40.0-255,66,209327,77,421556
27648,0.020668,74.125.68.0-255,5738,215065,77,421556
27649,0.020679,172.31.40.0-255,66,215131,77,421556
27650,0.022979,74.125.68.0-255,5738,220869,77,421556
27651,0.022988,172.31.40.0-255,66,220935,77,421556
27652,0.025274,74.125.68.0-255,5738,226673,77,421556
27653,0.025282,172.31.40.0-255,66,226739,77,421556
27654,0.027574,74.125.68.0-255,5738,232477,77,421556
27655,0.027582,172.31.40.0-255,66,232543,77,421556
27656,0.029846,74.125.68.0-255,1484,234027,77,421556
27657,0.029869,74.125.68.0-255,4320,238347,77,421556
27658,0.029874,172.31.40.0-255,66,238413,77,421556
27659,0.032166,74.125.68.0-255,5738,244151,77,421556
27660,0.032175,172.31.40.0-255,66,244217,77,421556
27661,0.034487,74.125.68.0-255,5738,249955,77,421556
27662,0.034496,172.31.40.0-255,66,250021,77,421556
27663,0.036785,74.125.68.0-255,5738,255759,77,421556
27664,0.036793,172.31.40.0-255,66,255825,77,421556
27665,0.038921,172.31.40.0-255,172,255997,77,421556
27666,0.038952,172.31.40.0-255,1120,257117,77,421556
27667,0.039014,172.31.40.0-255,1514,258631,77,421556
27668,0.039017,172.31.40.0-255,1514,260145,77,421556
27669,0.039022,172.31.40.0-255,1514,261659,77,421556
27670,0.039024,172.31.40.0-255,1514,263173,77,421556
27671,0.03905,172.31.40.0-255,1477,264650,77,421556
27672,0.039076,74.125.68.0-255,5738,270388,77,421556
27673,0.039081,172.31.40.0-255,66,270454,77,421556
27674,0.040451,104.244.42.0-255,66,270520,77,421556
27675,0.040484,104.244.42.0-255,66,270586,77,421556
27676,0.04062,104.244.42.0-255,66,270652,77,421556
27677,0.041388,74.125.68.0-255,5738,276390,77,421556
27678,0.041395,172.31.40.0-255,66,276456,77,421556
27679,0.043699,74.125.68.0-255,5738,282194,77,421556
27680,0.043705,172.31.40.0-255,66,282260,77,421556
27681,0.046007,74.125.68.0-255,5738,287998,77,421556
27682,0.046014,172.31.40.0-255,66,288064,77,421556
27683,0.048296,74.125.68.0-255,5738,293802,77,421556
27684,0.048303,172.31.40.0-255,66,293868,77,421556
27685,0.050596,74.125.68.0-255,5738,299606,77,421556
27686,0.050603,172.31.40.0-255,66,299672,77,421556
27687,0.052918,74.125.68.0-255,5738,305410,77,421556
27688,0.052925,172.31.40.0-255,66,305476,77,421556
27689,0.055214,74.125.68.0-255,5738,311214,77,421556
27690,0.05522,172.31.40.0-255,66,311280,77,421556
27691,0.057514,74.125.68.0-255,5738,317018,77,421556
27692,0.057521,172.31.40.0-255,66,317084,77,421556
27693,0.059819,74.125.68.0-255,5738,322822,77,421556
27694,0.059825,172.31.40.0-255,66,322888,77,421556
27695,0.062155,74.125.68.0-255,5738,328626,77,421556
27696,0.062162,172.31.40.0-255,66,328692,77,421556
27697,0.064451,74.125.68.0-255,5738,334430,77,421556
27698,0.064459,172.31.40.0-255,66,334496,77,421556
27699,0.066763,74.125.68.0-255,5738,340234,77,421556
27700,0.066771,172.31.40.0-255,66,340300,77,421556
27701,0.069139,74.125.68.0-255,5738,346038,77,421556
27702,0.069148,172.31.40.0-255,66,346104,77,421556
27703,0.071448,74.125.68.0-255,5738,351842,77,421556
27704,0.071454,172.31.40.0-255,66,351908,77,421556
27705,0.073737,74.125.68.0-255,5738,357646,77,421556
27706,0.073744,172.31.40.0-255,66,357712,77,421556
27707,0.076028,74.125.68.0-255,5738,363450,77,421556
27708,0.076035,172.31.40.0-255,66,363516,77,421556
27709,0.078327,74.125.68.0-255,5738,369254,77,421556
27710,0.078334,172.31.40.0-255,66,369320,77,421556
27711,0.080623,74.125.68.0-255,5738,375058,77,421556
27712,0.080629,172.31.40.0-255,66,375124,77,421556
27713,0.082922,74.125.68.0-255,5738,380862,77,421556
27714,0.082929,172.31.40.0-255,66,380928,77,421556
27715,0.085225,74.125.68.0-255,5738,386666,77,421556
27716,0.085232,172.31.40.0-255,66,386732,77,421556
27717,0.087529,74.125.68.0-255,5738,392470,77,421556
27718,0.087535,172.31.40.0-255,66,392536,77,421556
27719,0.089827,74.125.68.0-255,5738,398274,77,421556
27720,0.089833,172.31.40.0-255,66,398340,77,421556
27721,0.092124,74.125.68.0-255,5738,404078,77,421556
27722,0.09213,172.31.40.0-255,66,404144,77,421556
27723,0.094432,74.125.68.0-255,5738,409882,77,421556
27724,0.094439,172.31.40.0-255,66,409948,77,421556
27725,0.096742,74.125.68.0-255,5738,415686,77,421556
27726,0.09675,172.31.40.0-255,66,415752,77,421556
27727,0.099045,74.125.68.0-255,5738,421490,77,421556
27728,0.099057,172.31.40.0-255,66,421556,77,421556
27729,0.0,172.217.194.0-255,146,146,77,261100
27730,2.4e-05,172.31.40.0-255,66,212,77,261100
27731,3.2e-05,172.217.194.0-255,1484,1696,77,261100
27732,3.6e-05,172.31.40.0-255,66,1762,77,261100
27733,4.3e-05,172.217.194.0-255,2902,4664,77,261100
27734,5.5e-05,172.31.40.0-255,66,4730,77,261100
27735,6.4e-05,172.217.194.0-255,7156,11886,77,261100
27736,6.7e-05,172.31.40.0-255,66,11952,77,261100
27737,7.7e-05,172.217.194.0-255,9093,21045,77,261100
27738,8e-05,172.31.40.0-255,66,21111,77,261100
27739,8.5e-05,172.217.194.0-255,2902,24013,77,261100
27740,8.8e-05,172.31.40.0-255,66,24079,77,261100
27741,0.000122,172.217.194.0-255,6797,30876,77,261100
27742,0.000126,172.31.40.0-255,66,30942,77,261100
27743,0.000322,172.217.194.0-255,1484,32426,77,261100
27744,0.000327,172.31.40.0-255,66,32492,77,261100
27745,0.000334,172.217.194.0-255,2902,35394,77,261100
27746,0.000336,172.31.40.0-255,66,35460,77,261100
27747,0.000367,172.217.194.0-255,5738,41198,77,261100
27748,0.000371,172.31.40.0-255,66,41264,77,261100
27749,0.000381,172.217.194.0-255,9992,51256,77,261100
27750,0.000387,172.31.40.0-255,66,51322,77,261100
27751,0.000443,172.217.194.0-255,13528,64850,77,261100
27752,0.000446,172.31.40.0-255,66,64916,77,261100
27753,0.000449,172.217.194.0-255,679,65595,77,261100
27754,0.000451,172.31.40.0-255,66,65661,77,261100
27755,0.000481,172.217.194.0-255,1484,67145,77,261100
27756,0.000484,172.31.40.0-255,66,67211,77,261100
27757,0.000514,172.217.194.0-255,4320,71531,77,261100
27758,0.000517,172.31.40.0-255,66,71597,77,261100
27759,0.000521,172.217.194.0-255,2902,74499,77,261100
27760,0.000524,172.31.40.0-255,66,74565,77,261100
27761,0.000542,172.217.194.0-255,2902,77467,77,261100
27762,0.000557,172.217.194.0-255,8574,86041,77,261100
27763,0.000578,172.217.194.0-255,2902,88943,77,261100
27764,0.000589,172.217.194.0-255,10692,99635,77,261100
27765,0.000642,172.31.40.0-255,66,99701,77,261100
27766,0.001228,172.217.194.0-255,1484,101185,77,261100
27767,0.001236,172.217.194.0-255,2902,104087,77,261100
27768,0.001239,172.31.40.0-255,66,104153,77,261100
27769,0.001244,172.217.194.0-255,2902,107055,77,261100
27770,0.001269,172.217.194.0-255,2902,109957,77,261100
27771,0.001275,172.217.194.0-255,5738,115695,77,261100
27772,0.001296,172.217.194.0-255,7156,122851,77,261100
27773,0.001306,172.217.194.0-255,9992,132843,77,261100
27774,0.001308,172.217.194.0-255,766,133609,77,261100
27775,0.001328,172.31.40.0-255,66,133675,77,261100
27776,0.001505,172.217.194.0-255,1484,135159,77,261100
27777,0.001524,172.217.194.0-255,2902,138061,77,261100
27778,0.001527,172.31.40.0-255,66,138127,77,261100
27779,0.001534,172.217.194.0-255,5738,143865,77,261100
27780,0.001539,172.217.194.0-255,2902,146767,77,261100
27781,0.001563,172.217.194.0-255,2902,149669,77,261100
27782,0.001573,172.217.194.0-255,9992,159661,77,261100
27783,0.001576,172.31.40.0-255,66,159727,77,261100
27784,0.001581,172.31.40.0-255,66,159793,77,261100
27785,0.001602,172.217.194.0-255,2902,162695,77,261100
27786,0.00162,172.217.194.0-255,1484,164179,77,261100
27787,0.00168,172.217.194.0-255,7156,171335,77,261100
27788,0.001683,172.31.40.0-255,66,171401,77,261100
27789,0.001699,172.217.194.0-255,5020,176421,77,261100
27790,0.001705,172.31.40.0-255,66,176487,77,261100
27791,0.001714,172.217.194.0-255,2902,179389,77,261100
27792,0.001742,172.217.194.0-255,9992,189381,77,261100
27793,0.001776,172.31.40.0-255,66,189447,77,261100
27794,0.0018,172.217.194.0-255,4320,193767,77,261100
27795,0.001803,172.31.40.0-255,66,193833,77,261100
27796,0.001816,172.217.194.0-255,5738,199571,77,261100
27797,0.001823,172.217.194.0-255,1484,201055,77,261100
27798,0.001842,172.217.194.0-255,4320,205375,77,261100
27799,0.001863,172.217.194.0-255,5738,211113,77,261100
27800,0.001869,172.31.40.0-255,66,211179,77,261100
27801,0.001917,172.31.40.0-255,66,211245,77,261100
27802,0.001984,172.217.194.0-255,11410,222655,77,261100
27803,0.002023,172.31.40.0-255,66,222721,77,261100
27804,0.002028,172.31.40.0-255,66,222787,77,261100
27805,0.002117,172.217.194.0-255,5020,227807,77,261100
27806,0.002123,172.31.40.0-255,66,227873,77,261100
27807,0.002158,172.217.194.0-255,1484,229357,77,261100
27808,0.002163,172.217.194.0-255,2902,232259,77,261100
27809,0.002178,172.217.194.0-255,2902,235161,77,261100
27810,0.002255,172.31.40.0-255,66,235227,77,261100
27811,0.002265,172.31.40.0-255,66,235293,77,261100
27812,0.002292,172.217.194.0-255,4320,239613,77,261100
27813,0.002306,172.217.194.0-255,4320,243933,77,261100
27814,0.002321,172.217.194.0-255,5738,249671,77,261100
27815,0.002336,172.217.194.0-255,2023,251694,77,261100
27816,0.002338,172.217.194.0-255,105,251799,77,261100
27817,0.002341,172.31.40.0-255,66,251865,77,261100
27818,0.002346,172.31.40.0-255,66,251931,77,261100
27819,0.004721,172.31.40.0-255,105,252036,77,261100
27820,0.007231,172.217.194.0-255,66,252102,77,261100
27821,0.046585,172.31.40.0-255,172,252274,77,261100
27822,0.046619,172.31.40.0-255,1116,253390,77,261100
27823,0.04669,172.31.40.0-255,1514,254904,77,261100
27824,0.046692,172.31.40.0-255,1514,256418,77,261100
27825,0.046694,172.31.40.0-255,1514,257932,77,261100
27826,0.046699,172.31.40.0-255,1514,259446,77,261100
27827,0.0467,172.31.40.0-255,1456,260902,77,261100
27828,0.048109,104.244.42.0-255,66,260968,77,261100
27829,0.048148,104.244.42.0-255,66,261034,77,261100
27830,0.048295,104.244.42.0-255,66,261100,77,261100
27831,0.0,74.125.24.0-255,292,292,77,400087
27832,2.3e-05,172.31.40.0-255,66,358,77,400087
27833,3e-05,74.125.24.0-255,1484,1842,77,400087
27834,3.5e-05,172.31.40.0-255,66,1908,77,400087
27835,4.2e-05,74.125.24.0-255,4320,6228,77,400087
27836,4.5e-05,172.31.40.0-255,66,6294,77,400087
27837,4.9e-05,74.125.24.0-255,1484,7778,77,400087
27838,5.2e-05,172.31.40.0-255,66,7844,77,400087
27839,8.1e-05,74.125.24.0-255,4320,12164,77,400087
27840,8.5e-05,172.31.40.0-255,66,12230,77,400087
27841,9.2e-05,74.125.24.0-255,5738,17968,77,400087
27842,9.5e-05,172.31.40.0-255,66,18034,77,400087
27843,0.000117,74.125.24.0-255,6410,24444,77,400087
27844,0.00012,172.31.40.0-255,66,24510,77,400087
27845,0.000139,74.125.24.0-255,2902,27412,77,400087
27846,0.000141,172.31.40.0-255,66,27478,77,400087
27847,0.000156,74.125.24.0-255,3961,31439,77,400087
27848,0.000158,172.31.40.0-255,66,31505,77,400087
27849,0.000231,74.125.24.0-255,1484,32989,77,400087
27850,0.000234,172.31.40.0-255,66,33055,77,400087
27851,0.00025,74.125.24.0-255,2902,35957,77,400087
27852,0.000252,172.31.40.0-255,66,36023,77,400087
27853,0.000256,74.125.24.0-255,1484,37507,77,400087
27854,0.000258,172.31.40.0-255,66,37573,77,400087
27855,0.000283,74.125.24.0-255,4320,41893,77,400087
27856,0.000286,172.31.40.0-255,66,41959,77,400087
27857,0.000294,74.125.24.0-255,6797,48756,77,400087
27858,0.000297,172.31.40.0-255,66,48822,77,400087
27859,0.000328,74.125.24.0-255,7156,55978,77,400087
27860,0.000331,172.31.40.0-255,66,56044,77,400087
27861,0.000368,74.125.24.0-255,9633,65677,77,400087
27862,0.000371,172.31.40.0-255,66,65743,77,400087
27863,0.000373,74.125.24.0-255,398,66141,77,400087
27864,0.000419,74.125.24.0-255,345,66486,77,400087
27865,0.000888,74.125.24.0-255,1484,67970,77,400087
27866,0.000894,172.31.40.0-255,66,68036,77,400087
27867,0.000901,74.125.24.0-255,2902,70938,77,400087
27868,0.000904,172.31.40.0-255,66,71004,77,400087
27869,0.000946,74.125.24.0-255,5738,76742,77,400087
27870,0.000949,172.31.40.0-255,66,76808,77,400087
27871,0.000972,74.125.24.0-255,7156,83964,77,400087
27872,0.000974,172.31.40.0-255,66,84030,77,400087
27873,0.000993,74.125.24.0-255,6797,90827,77,400087
27874,0.000996,172.31.40.0-255,66,90893,77,400087
27875,0.001002,74.125.24.0-255,5738,96631,77,400087
27876,0.001004,172.31.40.0-255,66,96697,77,400087
27877,0.001029,74.125.24.0-255,8574,105271,77,400087
27878,0.001032,172.31.40.0-255,66,105337,77,400087
27879,0.001052,74.125.24.0-255,2902,108239,77,400087
27880,0.001055,172.31.40.0-255,66,108305,77,400087
27881,0.001087,74.125.24.0-255,9274,117579,77,400087
27882,0.00109,172.31.40.0-255,66,117645,77,400087
27883,0.001131,74.125.24.0-255,12828,130473,77,400087
27884,0.001134,172.31.40.0-255,66,130539,77,400087
27885,0.001182,74.125.24.0-255,3412,133951,77,400087
27886,0.00119,172.31.40.0-255,66,134017,77,400087
27887,0.002099,74.125.24.0-255,1484,135501,77,400087
27888,0.002111,74.125.24.0-255,2902,138403,77,400087
27889,0.002117,172.31.40.0-255,66,138469,77,400087
27890,0.002124,74.125.24.0-255,4320,142789,77,400087
27891,0.002126,172.31.40.0-255,66,142855,77,400087
27892,0.002161,74.125.24.0-255,8574,151429,77,400087
27893,0.002164,172.31.40.0-255,66,151495,77,400087
27894,0.002168,74.125.24.0-255,1484,152979,77,400087
27895,0.002195,172.31.40.0-255,66,153045,77,400087
27896,0.002247,74.125.24.0-255,4320,157365,77,400087
27897,0.002251,172.31.40.0-255,66,157431,77,400087
27898,0.002274,74.125.24.0-255,8574,166005,77,400087
27899,0.002276,172.31.40.0-255,66,166071,77,400087
27900,0.002307,74.125.24.0-255,4320,170391,77,400087
27901,0.00231,172.31.40.0-255,66,170457,77,400087
27902,0.002335,74.125.24.0-255,9992,180449,77,400087
27903,0.002338,172.31.40.0-255,66,180515,77,400087
27904,0.002381,74.125.24.0-255,6438,186953,77,400087
27905,0.002383,172.31.40.0-255,66,187019,77,400087
27906,0.004633,74.125.24.0-255,5738,192757,77,400087
27907,0.004643,172.31.40.0-255,66,192823,77,400087
27908,0.006688,172.31.40.0-255,105,192928,77,400087
27909,0.006832,74.125.24.0-255,5738,198666,77,400087
27910,0.006839,172.31.40.0-255,66,198732,77,400087
27911,0.006943,172.31.40.0-255,90,198822,77,400087
27912,0.006952,172.31.40.0-255,66,198888,77,400087
27913,0.009063,74.125.24.0-255,5738,204626,77,400087
27914,0.00907,172.31.40.0-255,66,204692,77,400087
27915,0.009439,74.125.68.0-255,66,204758,77,400087
27916,0.009452,74.125.68.0-255,66,204824,77,400087
27917,0.009464,172.31.40.0-255,66,204890,77,400087
27918,0.011293,74.125.24.0-255,5738,210628,77,400087
27919,0.011301,172.31.40.0-255,66,210694,77,400087
27920,0.013533,74.125.24.0-255,5738,216432,77,400087
27921,0.013547,172.31.40.0-255,66,216498,77,400087
27922,0.015798,74.125.24.0-255,5738,222236,77,400087
27923,0.015814,172.31.40.0-255,66,222302,77,400087
27924,0.018058,74.125.24.0-255,5738,228040,77,400087
27925,0.018071,172.31.40.0-255,66,228106,77,400087
27926,0.020318,74.125.24.0-255,5738,233844,77,400087
27927,0.020329,172.31.40.0-255,66,233910,77,400087
27928,0.022567,74.125.24.0-255,5738,239648,77,400087
27929,0.022582,172.31.40.0-255,66,239714,77,400087
27930,0.024829,74.125.24.0-255,5738,245452,77,400087
27931,0.024846,172.31.40.0-255,66,245518,77,400087
27932,0.027092,74.125.24.0-255,5738,251256,77,400087
27933,0.02711,172.31.40.0-255,66,251322,77,400087
27934,0.029344,74.125.24.0-255,5738,257060,77,400087
27935,0.029354,172.31.40.0-255,66,257126,77,400087
27936,0.031597,74.125.24.0-255,5738,262864,77,400087
27937,0.031612,172.31.40.0-255,66,262930,77,400087
27938,0.033856,74.125.24.0-255,5738,268668,77,400087
27939,0.033863,172.31.40.0-255,66,268734,77,400087
27940,0.034774,172.31.40.0-255,172,268906,77,400087
27941,0.034806,172.31.40.0-255,1115,270021,77,400087
27942,0.034862,172.31.40.0-255,1507,271528,77,400087
27943,0.03608,74.125.24.0-255,5738,277266,77,400087
27944,0.036087,172.31.40.0-255,66,277332,77,400087
27945,0.036947,104.244.42.0-255,66,277398,77,400087
27946,0.038297,74.125.24.0-255,5738,283136,77,400087
27947,0.038304,172.31.40.0-255,66,283202,77,400087
27948,0.040578,74.125.24.0-255,5738,288940,77,400087
27949,0.040589,172.31.40.0-255,66,289006,77,400087
27950,0.04281,74.125.24.0-255,5738,294744,77,400087
27951,0.042822,172.31.40.0-255,66,294810,77,400087
27952,0.045052,74.125.24.0-255,5738,300548,77,400087
27953,0.045062,172.31.40.0-255,66,300614,77,400087
27954,0.047291,74.125.24.0-255,5738,306352,77,400087
27955,0.047301,172.31.40.0-255,66,306418,77,400087
27956,0.049512,74.125.24.0-255,5738,312156,77,400087
27957,0.049522,172.31.40.0-255,66,312222,77,400087
27958,0.051756,74.125.24.0-255,5738,317960,77,400087
27959,0.051772,172.31.40.0-255,66,318026,77,400087
27960,0.053997,74.125.24.0-255,5738,323764,77,400087
27961,0.054006,172.31.40.0-255,66,323830,77,400087
27962,0.056265,74.125.24.0-255,5738,329568,77,400087
27963,0.056275,172.31.40.0-255,66,329634,77,400087
27964,0.058527,74.125.24.0-255,5738,335372,77,400087
27965,0.058534,172.31.40.0-255,66,335438,77,400087
27966,0.060774,74.125.24.0-255,5738,341176,77,400087
27967,0.060783,172.31.40.0-255,66,341242,77,400087
27968,0.063025,74.125.24.0-255,5738,346980,77,400087
27969,0.063037,172.31.40.0-255,66,347046,77,400087
27970,0.065276,74.125.24.0-255,5738,352784,77,400087
27971,0.065284,172.31.40.0-255,66,352850,77,400087
27972,0.067496,74.125.24.0-255,5738,358588,77,400087
27973,0.067505,172.31.40.0-255,66,358654,77,400087
27974,0.069702,74.125.24.0-255,5738,364392,77,400087
27975,0.069709,172.31.40.0-255,66,364458,77,400087
27976,0.071952,74.125.24.0-255,5738,370196,77,400087
27977,0.071963,172.31.40.0-255,66,370262,77,400087
27978,0.074216,74.125.24.0-255,5738,376000,77,400087
27979,0.074223,172.31.40.0-255,66,376066,77,400087
27980,0.076435,74.125.24.0-255,5738,381804,77,400087
27981,0.076441,172.31.40.0-255,66,381870,77,400087
27982,0.07866,74.125.24.0-255,5738,387608,77,400087
27983,0.078667,172.31.40.0-255,66,387674,77,400087
27984,0.080892,74.125.24.0-255,5738,393412,77,400087
27985,0.080902,172.31.40.0-255,66,393478,77,400087
27986,0.083121,74.125.24.0-255,5738,399216,77,400087
27987,0.083129,172.31.40.0-255,66,399282,77,400087
27988,0.085333,74.125.24.0-255,568,399850,77,400087
27989,0.085471,172.31.40.0-255,66,399916,77,400087
27990,0.085512,172.31.40.0-255,105,400021,77,400087
27991,0.087709,74.125.24.0-255,66,400087,77,400087
27992,0.0,74.125.130.0-255,150,150,77,425379
27993,1e-05,172.31.40.0-255,66,216,77,425379
27994,4.1e-05,74.125.130.0-255,1484,1700,77,425379
27995,4.5e-05,172.31.40.0-255,66,1766,77,425379
27996,7.4e-05,74.125.130.0-255,2902,4668,77,425379
27997,7.6e-05,172.31.40.0-255,66,4734,77,425379
27998,9.1e-05,74.125.130.0-255,4320,9054,77,425379
27999,9.8e-05,172.31.40.0-255,66,9120,77,425379
28000,0.000115,74.125.130.0-255,2902,12022,77,425379
28001,0.000118,172.31.40.0-255,66,12088,77,425379
28002,0.000122,74.125.130.0-255,2016,14104,77,425379
28003,0.000124,172.31.40.0-255,66,14170,77,425379
28004,0.000128,74.125.130.0-255,2902,17072,77,425379
28005,0.00013,172.31.40.0-255,66,17138,77,425379
28006,0.000137,74.125.130.0-255,7156,24294,77,425379
28007,0.000139,172.31.40.0-255,66,24360,77,425379
28008,0.000171,74.125.130.0-255,5738,30098,77,425379
28009,0.000174,172.31.40.0-255,66,30164,77,425379
28010,0.000192,74.125.130.0-255,1125,31289,77,425379
28011,0.000194,172.31.40.0-255,66,31355,77,425379
28012,0.00026,74.125.130.0-255,1484,32839,77,425379
28013,0.000263,172.31.40.0-255,66,32905,77,425379
28014,0.000281,74.125.130.0-255,2902,35807,77,425379
28015,0.000283,172.31.40.0-255,66,35873,77,425379
28016,0.000305,74.125.130.0-255,5738,41611,77,425379
28017,0.000307,172.31.40.0-255,66,41677,77,425379
28018,0.00031,74.125.130.0-255,1484,43161,77,425379
28019,0.000312,172.31.40.0-255,66,43227,77,425379
28020,0.000334,74.125.130.0-255,5379,48606,77,425379
28021,0.00034,172.31.40.0-255,66,48672,77,425379
28022,0.000732,74.125.130.0-255,1484,50156,77,425379
28023,0.000737,172.31.40.0-255,66,50222,77,425379
28024,0.000742,74.125.130.0-255,1484,51706,77,425379
28025,0.000763,74.125.130.0-255,2902,54608,77,425379
28026,0.000781,74.125.130.0-255,1484,56092,77,425379
28027,0.000796,74.125.130.0-255,4320,60412,77,425379
28028,0.000798,74.125.130.0-255,1484,61896,77,425379
28029,0.000801,172.31.40.0-255,66,61962,77,425379
28030,0.000806,172.31.40.0-255,66,62028,77,425379
28031,0.000821,74.125.130.0-255,1484,63512,77,425379
28032,0.000848,74.125.130.0-255,2543,66055,77,425379
28033,0.000866,172.31.40.0-255,66,66121,77,425379
28034,0.001011,74.125.130.0-255,1484,67605,77,425379
28035,0.001034,74.125.130.0-255,2902,70507,77,425379
28036,0.001037,172.31.40.0-255,66,70573,77,425379
28037,0.001067,74.125.130.0-255,2902,73475,77,425379
28038,0.001073,74.125.130.0-255,4320,77795,77,425379
28039,0.00111,172.31.40.0-255,66,77861,77,425379
28040,0.001122,74.125.130.0-255,2902,80763,77,425379
28041,0.001141,74.125.130.0-255,2543,83306,77,425379
28042,0.001144,74.125.130.0-255,1484,84790,77,425379
28043,0.001163,74.125.130.0-255,4320,89110,77,425379
28044,0.001169,74.125.130.0-255,5738,94848,77,425379
28045,0.001173,74.125.130.0-255,2902,97750,77,425379
28046,0.001197,74.125.130.0-255,4320,102070,77,425379
28047,0.001203,172.31.40.0-255,66,102136,77,425379
28048,0.001213,74.125.130.0-255,4320,106456,77,425379
28049,0.001218,172.31.40.0-255,66,106522,77,425379
28050,0.001241,74.125.130.0-255,7156,113678,77,425379
28051,0.001263,74.125.130.0-255,3487,117165,77,425379
28052,0.001272,172.31.40.0-255,66,117231,77,425379
28053,0.001323,74.125.130.0-255,1484,118715,77,425379
28054,0.001327,74.125.130.0-255,1484,120199,77,425379
28055,0.001338,74.125.130.0-255,1484,121683,77,425379
28056,0.001342,74.125.130.0-255,1484,123167,77,425379
28057,0.00135,172.31.40.0-255,66,123233,77,425379
28058,0.001378,74.125.130.0-255,4320,127553,77,425379
28059,0.001383,74.125.130.0-255,2902,130455,77,425379
28060,0.001393,172.31.40.0-255,66,130521,77,425379
28061,0.001423,74.125.130.0-255,4655,135176,77,425379
28062,0.00143,172.31.40.0-255,66,135242,77,425379
28063,0.001462,74.125.130.0-255,1484,136726,77,425379
28064,0.001466,74.125.130.0-255,1484,138210,77,425379
28065,0.001469,172.31.40.0-255,66,138276,77,425379
28066,0.001477,74.125.130.0-255,1484,139760,77,425379
28067,0.001498,74.125.130.0-255,5738,145498,77,425379
28068,0.001509,172.31.40.0-255,66,145564,77,425379
28069,0.001526,74.125.130.0-255,5738,151302,77,425379
28070,0.001549,74.125.130.0-255,7156,158458,77,425379
28071,0.001556,172.31.40.0-255,66,158524,77,425379
28072,0.001563,74.125.130.0-255,1484,160008,77,425379
28073,0.001585,74.125.130.0-255,4320,164328,77,425379
28074,0.001597,172.31.40.0-255,66,164394,77,425379
28075,0.001626,74.125.130.0-255,5020,169414,77,425379
28076,0.001636,172.31.40.0-255,66,169480,77,425379
28077,0.001715,74.125.130.0-255,1484,170964,77,425379
28078,0.001735,74.125.130.0-255,2902,173866,77,425379
28079,0.00175,74.125.130.0-255,2902,176768,77,425379
28080,0.001753,172.31.40.0-255,66,176834,77,425379
28081,0.001761,74.125.130.0-255,1484,178318,77,425379
28082,0.001772,172.31.40.0-255,66,178384,77,425379
28083,0.001779,74.125.130.0-255,1484,179868,77,425379
28084,0.001781,74.125.130.0-255,1484,181352,77,425379
28085,0.00179,74.125.130.0-255,2902,184254,77,425379
28086,0.001795,74.125.130.0-255,2902,187156,77,425379
28087,0.001813,74.125.130.0-255,2902,190058,77,425379
28088,0.001819,74.125.130.0-255,5738,195796,77,425379
28089,0.001826,172.31.40.0-255,66,195862,77,425379
28090,0.001836,74.125.130.0-255,4320,200182,77,425379
28091,0.001863,172.31.40.0-255,66,200248,77,425379
28092,0.001868,74.125.130.0-255,3602,203850,77,425379
28093,0.0019,172.31.40.0-255,66,203916,77,425379
28094,0.002723,74.125.130.0-255,1484,205400,77,425379
28095,0.002732,74.125.130.0-255,2902,208302,77,425379
28096,0.002748,74.125.130.0-255,5738,214040,77,425379
28097,0.002769,74.125.130.0-255,1484,215524,77,425379
28098,0.002772,74.125.130.0-255,1484,217008,77,425379
28099,0.002788,74.125.130.0-255,2902,219910,77,425379
28100,0.002802,74.125.130.0-255,5738,225648,77,425379
28101,0.002826,74.125.130.0-255,2902,228550,77,425379
28102,0.002849,74.125.130.0-255,8574,237124,77,425379
28103,0.002853,74.125.130.0-255,766,237890,77,425379
28104,0.0031,74.125.130.0-255,1484,239374,77,425379
28105,0.003104,74.125.130.0-255,1484,240858,77,425379
28106,0.003117,74.125.130.0-255,1484,242342,77,425379
28107,0.003136,74.125.130.0-255,4320,246662,77,425379
28108,0.003161,74.125.130.0-255,2902,249564,77,425379
28109,0.003185,74.125.130.0-255,2902,252466,77,425379
28110,0.003191,74.125.130.0-255,4320,256786,77,425379
28111,0.003203,74.125.130.0-255,1484,258270,77,425379
28112,0.003217,74.125.130.0-255,5738,264008,77,425379
28113,0.00327,74.125.130.0-255,5738,269746,77,425379
28114,0.003272,74.125.130.0-255,1484,271230,77,425379
28115,0.003275,74.125.130.0-255,766,271996,77,425379
28116,0.003286,74.125.130.0-255,1484,273480,77,425379
28117,0.0033,74.125.130.0-255,1484,274964,77,425379
28118,0.003313,74.125.130.0-255,1484,276448,77,425379
28119,0.003336,74.125.130.0-255,5738,282186,77,425379
28120,0.003339,74.125.130.0-255,1484,283670,77,425379
28121,0.003358,74.125.130.0-255,2902,286572,77,425379
28122,0.003364,74.125.130.0-255,5738,292310,77,425379
28123,0.00338,74.125.130.0-255,4320,296630,77,425379
28124,0.003381,74.125.130.0-255,1484,298114,77,425379
28125,0.003386,172.31.40.0-255,78,298192,77,425379
28126,0.003394,74.125.130.0-255,5738,303930,77,425379
28127,0.003414,74.125.130.0-255,2184,306114,77,425379
28128,0.003481,74.125.130.0-255,1484,307598,77,425379
28129,0.003498,74.125.130.0-255,2902,310500,77,425379
28130,0.003519,74.125.130.0-255,5738,316238,77,425379
28131,0.003535,74.125.130.0-255,2902,319140,77,425379
28132,0.003565,74.125.130.0-255,5738,324878,77,425379
28133,0.003569,74.125.130.0-255,4320,329198,77,425379
28134,0.003593,74.125.130.0-255,5738,334936,77,425379
28135,0.003595,74.125.130.0-255,1484,336420,77,425379
28136,0.003599,74.125.130.0-255,2902,339322,77,425379
28137,0.003602,74.125.130.0-255,766,340088,77,425379
28138,0.003762,74.125.130.0-255,1484,341572,77,425379
28139,0.003783,74.125.130.0-255,1484,343056,77,425379
28140,0.0038,74.125.130.0-255,2902,345958,77,425379
28141,0.003817,74.125.130.0-255,2902,348860,77,425379
28142,0.003843,74.125.130.0-255,2902,351762,77,425379
28143,0.003859,74.125.130.0-255,2902,354664,77,425379
28144,0.003874,74.125.130.0-255,5738,360402,77,425379
28145,0.003905,74.125.130.0-255,1484,361886,77,425379
28146,0.003919,74.125.130.0-255,5738,367624,77,425379
28147,0.00394,74.125.130.0-255,4320,371944,77,425379
28148,0.003944,74.125.130.0-255,2184,374128,77,425379
28149,0.003966,74.125.130.0-255,2902,377030,77,425379
28150,0.00398,74.125.130.0-255,1484,378514,77,425379
28151,0.004,74.125.130.0-255,2902,381416,77,425379
28152,0.00401,74.125.130.0-255,1484,382900,77,425379
28153,0.004031,74.125.130.0-255,4320,387220,77,425379
28154,0.004035,74.125.130.0-255,2902,390122,77,425379
28155,0.004063,74.125.130.0-255,4320,394442,77,425379
28156,0.004079,74.125.130.0-255,1484,395926,77,425379
28157,0.004092,74.125.130.0-255,2902,398828,77,425379
28158,0.004111,74.125.130.0-255,1484,400312,77,425379
28159,0.004128,74.125.130.0-255,4320,404632,77,425379
28160,0.004152,74.125.130.0-255,3602,408234,77,425379
28161,0.00419,74.125.130.0-255,4320,412554,77,425379
28162,0.00424,74.125.130.0-255,2384,414938,77,425379
28163,0.004292,74.125.130.0-255,105,415043,77,425379
28164,0.006811,172.31.40.0-255,66,415109,77,425379
28165,0.008199,74.125.130.0-255,5738,420847,77,425379
28166,0.008204,172.31.40.0-255,78,420925,77,425379
28167,0.008807,172.31.40.0-255,105,421030,77,425379
28168,0.0108,74.125.130.0-255,66,421096,77,425379
28169,0.032839,172.31.40.0-255,176,421272,77,425379
28170,0.032874,172.31.40.0-255,1120,422392,77,425379
28171,0.032938,172.31.40.0-255,1514,423906,77,425379
28172,0.03294,172.31.40.0-255,1275,425181,77,425379
28173,0.034404,104.244.42.0-255,66,425247,77,425379
28174,0.034413,104.244.42.0-255,66,425313,77,425379
28175,0.034505,104.244.42.0-255,66,425379,77,425379
28176,0.0,172.217.194.0-255,149,149,77,381169
28177,1.9e-05,172.31.40.0-255,66,215,77,381169
28178,2.7e-05,172.217.194.0-255,1484,1699,77,381169
28179,3.1e-05,172.31.40.0-255,66,1765,77,381169
28180,3.6e-05,172.217.194.0-255,2902,4667,77,381169
28181,3.9e-05,172.31.40.0-255,66,4733,77,381169
28182,5.5e-05,172.217.194.0-255,7156,11889,77,381169
28183,5.9e-05,172.31.40.0-255,66,11955,77,381169
28184,6.3e-05,172.217.194.0-255,2128,14083,77,381169
28185,6.5e-05,172.31.40.0-255,66,14149,77,381169
28186,9.1e-05,172.217.194.0-255,2902,17051,77,381169
28187,9.4e-05,172.31.40.0-255,66,17117,77,381169
28188,0.000105,172.217.194.0-255,4320,21437,77,381169
28189,0.000108,172.31.40.0-255,66,21503,77,381169
28190,0.000133,172.217.194.0-255,2902,24405,77,381169
28191,0.000135,172.31.40.0-255,66,24471,77,381169
28192,0.000146,172.217.194.0-255,4320,28791,77,381169
28193,0.000148,172.31.40.0-255,66,28857,77,381169
28194,0.000173,172.217.194.0-255,2543,31400,77,381169
28195,0.000175,172.31.40.0-255,66,31466,77,381169
28196,0.000182,172.217.194.0-255,1484,32950,77,381169
28197,0.000185,172.31.40.0-255,66,33016,77,381169
28198,0.000197,172.217.194.0-255,2902,35918,77,381169
28199,0.0002,172.31.40.0-255,66,35984,77,381169
28200,0.000228,172.217.194.0-255,2902,38886,77,381169
28201,0.000231,172.31.40.0-255,66,38952,77,381169
28202,0.000258,172.217.194.0-255,2902,41854,77,381169
28203,0.00026,172.31.40.0-255,66,41920,77,381169
28204,0.000267,172.217.194.0-255,6797,48717,77,381169
28205,0.00027,172.31.40.0-255,66,48783,77,381169
28206,0.000373,172.217.194.0-255,1484,50267,77,381169
28207,0.000377,172.31.40.0-255,66,50333,77,381169
28208,0.000383,172.217.194.0-255,2902,53235,77,381169
28209,0.000386,172.31.40.0-255,66,53301,77,381169
28210,0.000415,172.217.194.0-255,5738,59039,77,381169
28211,0.000417,172.31.40.0-255,66,59105,77,381169
28212,0.000421,172.217.194.0-255,1484,60589,77,381169
28213,0.000453,172.217.194.0-255,5677,66266,77,381169
28214,0.000455,172.31.40.0-255,66,66332,77,381169
28215,0.000478,172.217.194.0-255,379,66711,77,381169
28216,0.000638,172.217.194.0-255,1484,68195,77,381169
28217,0.000643,172.31.40.0-255,66,68261,77,381169
28218,0.000647,172.217.194.0-255,1484,69745,77,381169
28219,0.000671,172.217.194.0-255,1484,71229,77,381169
28220,0.000674,172.31.40.0-255,66,71295,77,381169
28221,0.00068,172.217.194.0-255,5738,77033,77,381169
28222,0.000683,172.31.40.0-255,66,77099,77,381169
28223,0.000694,172.217.194.0-255,6797,83896,77,381169
28224,0.000697,172.31.40.0-255,66,83962,77,381169
28225,0.000754,172.217.194.0-255,1484,85446,77,381169
28226,0.00076,172.217.194.0-255,2902,88348,77,381169
28227,0.000763,172.31.40.0-255,66,88414,77,381169
28228,0.000789,172.217.194.0-255,5738,94152,77,381169
28229,0.000792,172.31.40.0-255,66,94218,77,381169
28230,0.000795,172.217.194.0-255,1484,95702,77,381169
28231,0.000829,172.217.194.0-255,4320,100022,77,381169
28232,0.000832,172.31.40.0-255,66,100088,77,381169
28233,0.000854,172.217.194.0-255,1125,101213,77,381169
28234,0.001519,172.31.40.0-255,66,101279,77,381169
28235,0.001639,172.217.194.0-255,1484,102763,77,381169
28236,0.001648,172.217.194.0-255,2902,105665,77,381169
28237,0.001652,172.31.40.0-255,66,105731,77,381169
28238,0.001656,172.217.194.0-255,1484,107215,77,381169
28239,0.001686,172.217.194.0-255,4320,111535,77,381169
28240,0.001688,172.31.40.0-255,66,111601,77,381169
28241,0.001693,172.217.194.0-255,2902,114503,77,381169
28242,0.001695,172.31.40.0-255,66,114569,77,381169
28243,0.001735,172.217.194.0-255,9992,124561,77,381169
28244,0.001738,172.31.40.0-255,66,124627,77,381169
28245,0.001776,172.217.194.0-255,10692,135319,77,381169
28246,0.001779,172.31.40.0-255,66,135385,77,381169
28247,0.004144,172.217.194.0-255,5738,141123,77,381169
28248,0.004151,172.31.40.0-255,66,141189,77,381169
28249,0.00652,172.217.194.0-255,4320,145509,77,381169
28250,0.006524,172.31.40.0-255,66,145575,77,381169
28251,0.006541,172.217.194.0-255,1484,147059,77,381169
28252,0.008893,172.217.194.0-255,4320,151379,77,381169
28253,0.0089,172.31.40.0-255,66,151445,77,381169
28254,0.01125,172.217.194.0-255,5738,157183,77,381169
28255,0.011261,172.31.40.0-255,66,157249,77,381169
28256,0.013587,172.217.194.0-255,5738,162987,77,381169
28257,0.013594,172.31.40.0-255,66,163053,77,381169
28258,0.015964,172.217.194.0-255,5738,168791,77,381169
28259,0.015976,172.31.40.0-255,66,168857,77,381169
28260,0.018356,172.217.194.0-255,5738,174595,77,381169
28261,0.018368,172.31.40.0-255,66,174661,77,381169
28262,0.020722,172.217.194.0-255,5738,180399,77,381169
28263,0.020729,172.31.40.0-255,66,180465,77,381169
28264,0.023129,172.217.194.0-255,5738,186203,77,381169
28265,0.023137,172.31.40.0-255,66,186269,77,381169
28266,0.025513,172.217.194.0-255,5738,192007,77,381169
28267,0.02552,172.31.40.0-255,66,192073,77,381169
28268,0.027955,172.217.194.0-255,5738,197811,77,381169
28269,0.027963,172.31.40.0-255,66,197877,77,381169
28270,0.030335,172.217.194.0-255,5738,203615,77,381169
28271,0.030346,172.31.40.0-255,66,203681,77,381169
28272,0.032672,172.217.194.0-255,5738,209419,77,381169
28273,0.03268,172.31.40.0-255,66,209485,77,381169
28274,0.03503,172.217.194.0-255,5738,215223,77,381169
28275,0.035037,172.31.40.0-255,66,215289,77,381169
28276,0.037342,172.217.194.0-255,5738,221027,77,381169
28277,0.037349,172.31.40.0-255,66,221093,77,381169
28278,0.039684,172.217.194.0-255,5738,226831,77,381169
28279,0.039693,172.31.40.0-255,66,226897,77,381169
28280,0.042069,172.217.194.0-255,5738,232635,77,381169
28281,0.042079,172.31.40.0-255,66,232701,77,381169
28282,0.043515,172.31.40.0-255,189,232890,77,381169
28283,0.043545,172.31.40.0-255,930,233820,77,381169
28284,0.043615,172.31.40.0-255,1514,235334,77,381169
28285,0.043617,172.31.40.0-255,1514,236848,77,381169
28286,0.043621,172.31.40.0-255,1514,238362,77,381169
28287,0.043623,172.31.40.0-255,1514,239876,77,381169
28288,0.043641,172.31.40.0-255,1514,241390,77,381169
28289,0.043642,172.31.40.0-255,219,241609,77,381169
28290,0.044434,172.217.194.0-255,5738,247347,77,381169
28291,0.04444,172.31.40.0-255,66,247413,77,381169
28292,0.045129,104.244.42.0-255,66,247479,77,381169
28293,0.045138,104.244.42.0-255,66,247545,77,381169
28294,0.045243,104.244.42.0-255,66,247611,77,381169
28295,0.045249,104.244.42.0-255,66,247677,77,381169
28296,0.046799,172.217.194.0-255,5738,253415,77,381169
28297,0.046808,172.31.40.0-255,66,253481,77,381169
28298,0.049205,172.217.194.0-255,5738,259219,77,381169
28299,0.049224,172.31.40.0-255,66,259285,77,381169
28300,0.051546,172.217.194.0-255,5738,265023,77,381169
28301,0.051556,172.31.40.0-255,66,265089,77,381169
28302,0.05397,172.217.194.0-255,5738,270827,77,381169
28303,0.053986,172.31.40.0-255,66,270893,77,381169
28304,0.056373,172.217.194.0-255,5738,276631,77,381169
28305,0.056394,172.31.40.0-255,66,276697,77,381169
28306,0.058745,172.217.194.0-255,5738,282435,77,381169
28307,0.058762,172.31.40.0-255,66,282501,77,381169
28308,0.061104,172.217.194.0-255,5738,288239,77,381169
28309,0.061148,172.31.40.0-255,66,288305,77,381169
28310,0.063561,172.217.194.0-255,5738,294043,77,381169
28311,0.063579,172.31.40.0-255,66,294109,77,381169
28312,0.065934,172.217.194.0-255,5738,299847,77,381169
28313,0.065947,172.31.40.0-255,66,299913,77,381169
28314,0.068322,172.217.194.0-255,5738,305651,77,381169
28315,0.06834,172.31.40.0-255,66,305717,77,381169
28316,0.070701,172.217.194.0-255,5738,311455,77,381169
28317,0.070719,172.31.40.0-255,66,311521,77,381169
28318,0.073135,172.217.194.0-255,5738,317259,77,381169
28319,0.07315,172.31.40.0-255,66,317325,77,381169
28320,0.075563,172.217.194.0-255,5738,323063,77,381169
28321,0.075582,172.31.40.0-255,66,323129,77,381169
28322,0.077959,172.217.194.0-255,5738,328867,77,381169
28323,0.077973,172.31.40.0-255,66,328933,77,381169
28324,0.08037,172.217.194.0-255,5738,334671,77,381169
28325,0.080388,172.31.40.0-255,66,334737,77,381169
28326,0.08281,172.217.194.0-255,5738,340475,77,381169
28327,0.082826,172.31.40.0-255,66,340541,77,381169
28328,0.08524,172.217.194.0-255,5738,346279,77,381169
28329,0.085254,172.31.40.0-255,66,346345,77,381169
28330,0.087595,172.217.194.0-255,5738,352083,77,381169
28331,0.087612,172.31.40.0-255,66,352149,77,381169
28332,0.08994,172.217.194.0-255,5738,357887,77,381169
28333,0.089961,172.31.40.0-255,66,357953,77,381169
28334,0.092407,172.217.194.0-255,5738,363691,77,381169
28335,0.092425,172.31.40.0-255,66,363757,77,381169
28336,0.094817,172.217.194.0-255,5738,369495,77,381169
28337,0.094835,172.31.40.0-255,66,369561,77,381169
28338,0.097207,172.217.194.0-255,5738,375299,77,381169
28339,0.097224,172.31.40.0-255,66,375365,77,381169
28340,0.09955,172.217.194.0-255,5738,381103,77,381169
28341,0.099562,172.31.40.0-255,66,381169,77,381169
28342,0.0,74.125.24.0-255,152,152,77,360158
28343,1.4e-05,172.31.40.0-255,66,218,77,360158
28344,2e-05,74.125.24.0-255,1484,1702,77,360158
28345,2.5e-05,172.31.40.0-255,66,1768,77,360158
28346,3.7e-05,74.125.24.0-255,2902,4670,77,360158
28347,4e-05,172.31.40.0-255,66,4736,77,360158
28348,4.4e-05,74.125.24.0-255,2902,7638,77,360158
28349,4.6e-05,172.31.40.0-255,66,7704,77,360158
28350,7.8e-05,74.125.24.0-255,2902,10606,77,360158
28351,8.1e-05,172.31.40.0-255,66,10672,77,360158
28352,9.6e-05,74.125.24.0-255,3481,14153,77,360158
28353,9.9e-05,172.31.40.0-255,66,14219,77,360158
28354,0.000132,74.125.24.0-255,4320,18539,77,360158
28355,0.000134,172.31.40.0-255,66,18605,77,360158
28356,0.00016,74.125.24.0-255,2902,21507,77,360158
28357,0.000162,172.31.40.0-255,66,21573,77,360158
28358,0.000169,74.125.24.0-255,8574,30147,77,360158
28359,0.000171,172.31.40.0-255,66,30213,77,360158
28360,0.000212,74.125.24.0-255,5379,35592,77,360158
28361,0.000216,74.125.24.0-255,5738,41330,77,360158
28362,0.000236,172.31.40.0-255,66,41396,77,360158
28363,0.000238,172.31.40.0-255,66,41462,77,360158
28364,0.000264,74.125.24.0-255,6797,48259,77,360158
28365,0.000266,172.31.40.0-255,66,48325,77,360158
28366,0.000285,74.125.24.0-255,5738,54063,77,360158
28367,0.000287,172.31.40.0-255,66,54129,77,360158
28368,0.00029,74.125.24.0-255,1484,55613,77,360158
28369,0.000292,172.31.40.0-255,66,55679,77,360158
28370,0.000324,74.125.24.0-255,5738,61417,77,360158
28371,0.000327,172.31.40.0-255,66,61483,77,360158
28372,0.000351,74.125.24.0-255,4240,65723,77,360158
28373,0.000354,172.31.40.0-255,66,65789,77,360158
28374,0.000374,74.125.24.0-255,376,66165,77,360158
28375,0.000481,74.125.24.0-255,1484,67649,77,360158
28376,0.000485,172.31.40.0-255,66,67715,77,360158
28377,0.000489,74.125.24.0-255,2902,70617,77,360158
28378,0.000491,172.31.40.0-255,66,70683,77,360158
28379,0.00052,74.125.24.0-255,5738,76421,77,360158
28380,0.000522,172.31.40.0-255,66,76487,77,360158
28381,0.000533,74.125.24.0-255,2902,79389,77,360158
28382,0.000535,172.31.40.0-255,66,79455,77,360158
28383,0.000569,74.125.24.0-255,11051,90506,77,360158
28384,0.000572,172.31.40.0-255,66,90572,77,360158
28385,0.00058,74.125.24.0-255,8574,99146,77,360158
28386,0.000582,172.31.40.0-255,66,99212,77,360158
28387,0.000602,74.125.24.0-255,1125,100337,77,360158
28388,0.000738,74.125.24.0-255,1484,101821,77,360158
28389,0.000742,172.31.40.0-255,66,101887,77,360158
28390,0.000747,74.125.24.0-255,2902,104789,77,360158
28391,0.00075,172.31.40.0-255,66,104855,77,360158
28392,0.00078,74.125.24.0-255,5738,110593,77,360158
28393,0.000783,172.31.40.0-255,66,110659,77,360158
28394,0.000805,74.125.24.0-255,8574,119233,77,360158
28395,0.000807,172.31.40.0-255,66,119299,77,360158
28396,0.000831,74.125.24.0-255,4320,123619,77,360158
28397,0.000834,172.31.40.0-255,66,123685,77,360158
28398,0.000837,74.125.24.0-255,1484,125169,77,360158
28399,0.00084,74.125.24.0-255,1484,126653,77,360158
28400,0.000843,172.31.40.0-255,66,126719,77,360158
28401,0.0009,172.31.40.0-255,66,126785,77,360158
28402,0.000909,74.125.24.0-255,9992,136777,77,360158
28403,0.000915,172.31.40.0-255,66,136843,77,360158
28404,0.000962,172.31.40.0-255,66,136909,77,360158
28405,0.001051,74.125.24.0-255,1484,138393,77,360158
28406,0.001067,74.125.24.0-255,2902,141295,77,360158
28407,0.00107,172.31.40.0-255,66,141361,77,360158
28408,0.001076,74.125.24.0-255,4320,145681,77,360158
28409,0.001078,172.31.40.0-255,66,145747,77,360158
28410,0.001093,74.125.24.0-255,1484,147231,77,360158
28411,0.001101,74.125.24.0-255,7156,154387,77,360158
28412,0.001103,172.31.40.0-255,66,154453,77,360158
28413,0.001132,74.125.24.0-255,5738,160191,77,360158
28414,0.001135,172.31.40.0-255,66,160257,77,360158
28415,0.001143,74.125.24.0-255,8574,168831,77,360158
28416,0.001145,172.31.40.0-255,66,168897,77,360158
28417,0.001156,74.125.24.0-255,2184,171081,77,360158
28418,0.001159,172.31.40.0-255,66,171147,77,360158
28419,0.001265,74.125.24.0-255,1484,172631,77,360158
28420,0.00128,74.125.24.0-255,2902,175533,77,360158
28421,0.001283,172.31.40.0-255,66,175599,77,360158
28422,0.00129,74.125.24.0-255,5738,181337,77,360158
28423,0.001292,172.31.40.0-255,66,181403,77,360158
28424,0.001328,74.125.24.0-255,12828,194231,77,360158
28425,0.00133,172.31.40.0-255,66,194297,77,360158
28426,0.001338,74.125.24.0-255,7156,201453,77,360158
28427,0.001341,172.31.40.0-255,66,201519,77,360158
28428,0.001408,74.125.24.0-255,3602,205121,77,360158
28429,0.001412,172.31.40.0-255,66,205187,77,360158
28430,0.001418,74.125.24.0-255,4320,209507,77,360158
28431,0.00142,172.31.40.0-255,66,209573,77,360158
28432,0.001428,74.125.24.0-255,9992,219565,77,360158
28433,0.00143,172.31.40.0-255,66,219631,77,360158
28434,0.001445,74.125.24.0-255,11410,231041,77,360158
28435,0.001447,172.31.40.0-255,66,231107,77,360158
28436,0.001472,74.125.24.0-255,4320,235427,77,360158
28437,0.001474,172.31.40.0-255,66,235493,77,360158
28438,0.001479,74.125.24.0-255,3602,239095,77,360158
28439,0.001482,172.31.40.0-255,66,239161,77,360158
28440,0.001487,74.125.24.0-255,4320,243481,77,360158
28441,0.001489,172.31.40.0-255,66,243547,77,360158
28442,0.001501,74.125.24.0-255,2902,246449,77,360158
28443,0.001503,172.31.40.0-255,66,246515,77,360158
28444,0.001533,74.125.24.0-255,7156,253671,77,360158
28445,0.001536,172.31.40.0-255,66,253737,77,360158
28446,0.001551,172.31.40.0-255,66,253803,77,360158
28447,0.001582,74.125.24.0-255,5020,258823,77,360158
28448,0.001585,172.31.40.0-255,66,258889,77,360158
28449,0.001612,74.125.24.0-255,5738,264627,77,360158
28450,0.001614,172.31.40.0-255,66,264693,77,360158
28451,0.001644,74.125.24.0-255,8574,273267,77,360158
28452,0.001647,172.31.40.0-255,66,273333,77,360158
28453,0.001666,74.125.24.0-255,7156,280489,77,360158
28454,0.001669,172.31.40.0-255,66,280555,77,360158
28455,0.001702,74.125.24.0-255,8574,289129,77,360158
28456,0.001706,172.31.40.0-255,66,289195,77,360158
28457,0.00171,74.125.24.0-255,3602,292797,77,360158
28458,0.001713,172.31.40.0-255,66,292863,77,360158
28459,0.001744,74.125.24.0-255,1484,294347,77,360158
28460,0.001763,74.125.24.0-255,2902,297249,77,360158
28461,0.001766,172.31.40.0-255,66,297315,77,360158
28462,0.001771,74.125.24.0-255,2902,300217,77,360158
28463,0.001772,172.31.40.0-255,66,300283,77,360158
28464,0.001796,74.125.24.0-255,2902,303185,77,360158
28465,0.001799,172.31.40.0-255,66,303251,77,360158
28466,0.001805,74.125.24.0-255,4320,307571,77,360158
28467,0.001808,172.31.40.0-255,66,307637,77,360158
28468,0.001815,74.125.24.0-255,8574,316211,77,360158
28469,0.001817,172.31.40.0-255,66,316277,77,360158
28470,0.00184,74.125.24.0-255,2902,319179,77,360158
28471,0.001843,172.31.40.0-255,66,319245,77,360158
28472,0.001853,74.125.24.0-255,7856,327101,77,360158
28473,0.001856,172.31.40.0-255,66,327167,77,360158
28474,0.001899,74.125.24.0-255,9992,337159,77,360158
28475,0.001903,172.31.40.0-255,66,337225,77,360158
28476,0.001931,74.125.24.0-255,5738,342963,77,360158
28477,0.001933,172.31.40.0-255,66,343029,77,360158
28478,0.001949,172.31.40.0-255,66,343095,77,360158
28479,0.001957,74.125.24.0-255,7365,350460,77,360158
28480,0.001959,172.31.40.0-255,66,350526,77,360158
28481,0.001962,74.125.24.0-255,97,350623,77,360158
28482,0.002024,74.125.24.0-255,105,350728,77,360158
28483,0.002489,172.31.40.0-255,101,350829,77,360158
28484,0.00465,74.125.24.0-255,66,350895,77,360158
28485,0.009555,172.31.40.0-255,105,351000,77,360158
28486,0.011744,74.125.24.0-255,66,351066,77,360158
28487,0.053413,172.31.40.0-255,172,351238,77,360158
28488,0.05345,172.31.40.0-255,1120,352358,77,360158
28489,0.053514,172.31.40.0-255,1514,353872,77,360158
28490,0.053516,172.31.40.0-255,1514,355386,77,360158
28491,0.053517,172.31.40.0-255,1514,356900,77,360158
28492,0.05355,172.31.40.0-255,1514,358414,77,360158
28493,0.053558,172.31.40.0-255,1480,359894,77,360158
28494,0.054968,104.244.42.0-255,66,359960,77,360158
28495,0.054979,104.244.42.0-255,66,360026,77,360158
28496,0.055074,104.244.42.0-255,66,360092,77,360158
28497,0.055119,104.244.42.0-255,66,360158,77,360158
28498,0.0,74.125.24.0-255,152,152,77,387863
28499,1.4e-05,172.31.40.0-255,66,218,77,387863
28500,2e-05,74.125.24.0-255,1484,1702,77,387863
28501,2.5e-05,172.31.40.0-255,66,1768,77,387863
28502,3e-05,74.125.24.0-255,2902,4670,77,387863
28503,3.4e-05,172.31.40.0-255,66,4736,77,387863
28504,5e-05,74.125.24.0-255,7156,11892,77,387863
28505,5.4e-05,172.31.40.0-255,66,11958,77,387863
28506,5.8e-05,74.125.24.0-255,2125,14083,77,387863
28507,6.2e-05,172.31.40.0-255,66,14149,77,387863
28508,7.1e-05,74.125.24.0-255,8574,22723,77,387863
28509,7.4e-05,172.31.40.0-255,66,22789,77,387863
28510,9.5e-05,74.125.24.0-255,2902,25691,77,387863
28511,9.8e-05,172.31.40.0-255,66,25757,77,387863
28512,0.000109,74.125.24.0-255,5379,31136,77,387863
28513,0.000112,172.31.40.0-255,66,31202,77,387863
28514,0.000149,74.125.24.0-255,1484,32686,77,387863
28515,0.000152,172.31.40.0-255,66,32752,77,387863
28516,0.000157,74.125.24.0-255,2902,35654,77,387863
28517,0.000159,172.31.40.0-255,66,35720,77,387863
28518,0.000172,74.125.24.0-255,5738,41458,77,387863
28519,0.000175,172.31.40.0-255,66,41524,77,387863
28520,0.000212,74.125.24.0-255,13887,55411,77,387863
28521,0.000215,172.31.40.0-255,66,55477,77,387863
28522,0.000227,74.125.24.0-255,7156,62633,77,387863
28523,0.00023,172.31.40.0-255,66,62699,77,387863
28524,0.000259,74.125.24.0-255,2816,65515,77,387863
28525,0.000264,172.31.40.0-255,66,65581,77,387863
28526,0.000289,74.125.24.0-255,135,65716,77,387863
28527,0.000292,172.31.40.0-255,66,65782,77,387863
28528,0.000371,74.125.24.0-255,1484,67266,77,387863
28529,0.000375,172.31.40.0-255,66,67332,77,387863
28530,0.000401,74.125.24.0-255,2902,70234,77,387863
28531,0.000408,74.125.24.0-255,5738,75972,77,387863
28532,0.000412,74.125.24.0-255,2902,78874,77,387863
28533,0.000462,74.125.24.0-255,4320,83194,77,387863
28534,0.000479,74.125.24.0-255,3961,87155,77,387863
28535,0.000488,74.125.24.0-255,8574,95729,77,387863
28536,0.000514,74.125.24.0-255,3961,99690,77,387863
28537,0.000555,74.125.24.0-255,4320,104010,77,387863
28538,0.000582,74.125.24.0-255,5738,109748,77,387863
28539,0.000613,74.125.24.0-255,11410,121158,77,387863
28540,0.000616,74.125.24.0-255,1484,122642,77,387863
28541,0.000632,74.125.24.0-255,2902,125544,77,387863
28542,0.000637,172.31.40.0-255,66,125610,77,387863
28543,0.000642,172.31.40.0-255,66,125676,77,387863
28544,0.000667,74.125.24.0-255,5738,131414,77,387863
28545,0.000685,74.125.24.0-255,2184,133598,77,387863
28546,0.0007,172.31.40.0-255,66,133664,77,387863
28547,0.000711,74.125.24.0-255,2902,136566,77,387863
28548,0.000731,74.125.24.0-255,2902,139468,77,387863
28549,0.00074,74.125.24.0-255,7156,146624,77,387863
28550,0.000811,74.125.24.0-255,5738,152362,77,387863
28551,0.00083,74.125.24.0-255,8574,160936,77,387863
28552,0.000834,172.31.40.0-255,66,161002,77,387863
28553,0.000843,74.125.24.0-255,2184,163186,77,387863
28554,0.000853,172.31.40.0-255,66,163252,77,387863
28555,0.000883,74.125.24.0-255,5449,168701,77,387863
28556,0.00089,172.31.40.0-255,66,168767,77,387863
28557,0.000962,74.125.24.0-255,1484,170251,77,387863
28558,0.000968,74.125.24.0-255,2902,173153,77,387863
28559,0.000973,172.31.40.0-255,66,173219,77,387863
28560,0.001008,74.125.24.0-255,5738,178957,77,387863
28561,0.001019,74.125.24.0-255,12828,191785,77,387863
28562,0.001025,74.125.24.0-255,4320,196105,77,387863
28563,0.001032,172.31.40.0-255,66,196171,77,387863
28564,0.001059,74.125.24.0-255,6438,202609,77,387863
28565,0.001073,172.31.40.0-255,66,202675,77,387863
28566,0.00113,74.125.24.0-255,1484,204159,77,387863
28567,0.001144,74.125.24.0-255,2902,207061,77,387863
28568,0.001164,74.125.24.0-255,4320,211381,77,387863
28569,0.001167,172.31.40.0-255,66,211447,77,387863
28570,0.001172,172.31.40.0-255,66,211513,77,387863
28571,0.001192,74.125.24.0-255,1484,212997,77,387863
28572,0.001199,74.125.24.0-255,5738,218735,77,387863
28573,0.001221,74.125.24.0-255,4320,223055,77,387863
28574,0.001231,74.125.24.0-255,11410,234465,77,387863
28575,0.001236,74.125.24.0-255,2184,236649,77,387863
28576,0.001254,172.31.40.0-255,66,236715,77,387863
28577,0.001259,74.125.24.0-255,2902,239617,77,387863
28578,0.00129,74.125.24.0-255,7156,246773,77,387863
28579,0.001297,74.125.24.0-255,5738,252511,77,387863
28580,0.001305,74.125.24.0-255,8574,261085,77,387863
28581,0.001309,172.31.40.0-255,66,261151,77,387863
28582,0.001337,74.125.24.0-255,5738,266889,77,387863
28583,0.001343,74.125.24.0-255,3602,270491,77,387863
28584,0.00136,172.31.40.0-255,66,270557,77,387863
28585,0.001396,74.125.24.0-255,1484,272041,77,387863
28586,0.001411,74.125.24.0-255,2902,274943,77,387863
28587,0.001416,74.125.24.0-255,4320,279263,77,387863
28588,0.001428,172.31.40.0-255,66,279329,77,387863
28589,0.001439,74.125.24.0-255,1484,280813,77,387863
28590,0.00145,74.125.24.0-255,4320,285133,77,387863
28591,0.001457,74.125.24.0-255,7156,292289,77,387863
28592,0.001471,74.125.24.0-255,4320,296609,77,387863
28593,0.001481,172.31.40.0-255,66,296675,77,387863
28594,0.001492,74.125.24.0-255,4320,300995,77,387863
28595,0.00151,74.125.24.0-255,3602,304597,77,387863
28596,0.001527,74.125.24.0-255,5738,310335,77,387863
28597,0.001534,172.31.40.0-255,66,310401,77,387863
28598,0.001557,74.125.24.0-255,7156,317557,77,387863
28599,0.001603,172.31.40.0-255,66,317623,77,387863
28600,0.00163,74.125.24.0-255,4320,321943,77,387863
28601,0.001637,172.31.40.0-255,66,322009,77,387863
28602,0.001648,74.125.24.0-255,2184,324193,77,387863
28603,0.001659,74.125.24.0-255,5738,329931,77,387863
28604,0.001676,74.125.24.0-255,1484,331415,77,387863
28605,0.001682,74.125.24.0-255,4320,335735,77,387863
28606,0.001694,172.31.40.0-255,66,335801,77,387863
28607,0.001719,74.125.24.0-255,11410,347211,77,387863
28608,0.001723,74.125.24.0-255,1484,348695,77,387863
28609,0.00174,74.125.24.0-255,4320,353015,77,387863
28610,0.001747,172.31.40.0-255,66,353081,77,387863
28611,0.001779,74.125.24.0-255,13528,366609,77,387863
28612,0.001785,74.125.24.0-255,4320,370929,77,387863
28613,0.001817,74.125.24.0-255,10976,381905,77,387863
28614,0.001821,74.125.24.0-255,105,382010,77,387863
28615,0.001836,172.31.40.0-255,66,382076,77,387863
28616,0.002567,172.31.40.0-255,101,382177,77,387863
28617,0.005104,74.125.24.0-255,66,382243,77,387863
28618,0.018231,172.31.40.0-255,105,382348,77,387863
28619,0.020771,74.125.24.0-255,66,382414,77,387863
28620,0.04751,172.31.40.0-255,188,382602,77,387863
28621,0.047548,172.31.40.0-255,963,383565,77,387863
28622,0.047612,172.31.40.0-255,1514,385079,77,387863
28623,0.047613,172.31.40.0-255,1514,386593,77,387863
28624,0.047636,172.31.40.0-255,832,387425,77,387863
28625,0.049079,104.244.42.0-255,66,387491,77,387863
28626,0.049089,104.244.42.0-255,66,387557,77,387863
28627,0.049184,104.244.42.0-255,66,387623,77,387863
28628,0.049188,104.244.42.0-255,66,387689,77,387863
28629,0.050845,104.244.42.0-255,108,387797,77,387863
28630,0.050868,172.31.40.0-255,66,387863,77,387863
28631,0.0,74.125.24.0-255,152,152,77,384686
28632,1.6e-05,172.31.40.0-255,66,218,77,384686
28633,2.2e-05,74.125.24.0-255,1484,1702,77,384686
28634,2.5e-05,172.31.40.0-255,66,1768,77,384686
28635,2.8e-05,74.125.24.0-255,1484,3252,77,384686
28636,3.2e-05,172.31.40.0-255,66,3318,77,384686
28637,6.6e-05,74.125.24.0-255,1484,4802,77,384686
28638,6.9e-05,172.31.40.0-255,66,4868,77,384686
28639,7.8e-05,74.125.24.0-255,7156,12024,77,384686
28640,8e-05,172.31.40.0-255,66,12090,77,384686
28641,8.7e-05,74.125.24.0-255,7671,19761,77,384686
28642,8.9e-05,172.31.40.0-255,66,19827,77,384686
28643,0.000118,74.125.24.0-255,7156,26983,77,384686
28644,0.00012,172.31.40.0-255,66,27049,77,384686
28645,0.000144,74.125.24.0-255,3961,31010,77,384686
28646,0.000146,172.31.40.0-255,66,31076,77,384686
28647,0.00017,74.125.24.0-255,1484,32560,77,384686
28648,0.000172,172.31.40.0-255,66,32626,77,384686
28649,0.000198,74.125.24.0-255,2902,35528,77,384686
28650,0.000201,172.31.40.0-255,66,35594,77,384686
28651,0.000206,74.125.24.0-255,5738,41332,77,384686
28652,0.000208,172.31.40.0-255,66,41398,77,384686
28653,0.000212,74.125.24.0-255,2902,44300,77,384686
28654,0.000214,172.31.40.0-255,66,44366,77,384686
28655,0.000241,74.125.24.0-255,3961,48327,77,384686
28656,0.000243,172.31.40.0-255,66,48393,77,384686
28657,0.000252,74.125.24.0-255,11410,59803,77,384686
28658,0.000255,172.31.40.0-255,66,59869,77,384686
28659,0.000272,74.125.24.0-255,2902,62771,77,384686
28660,0.000274,172.31.40.0-255,66,62837,77,384686
28661,0.000325,74.125.24.0-255,2850,65687,77,384686
28662,0.000328,172.31.40.0-255,66,65753,77,384686
28663,0.000483,74.125.24.0-255,347,66100,77,384686
28664,0.000609,74.125.24.0-255,1484,67584,77,384686
28665,0.000614,172.31.40.0-255,66,67650,77,384686
28666,0.000619,74.125.24.0-255,2902,70552,77,384686
28667,0.000621,172.31.40.0-255,66,70618,77,384686
28668,0.000648,74.125.24.0-255,5738,76356,77,384686
28669,0.000651,172.31.40.0-255,66,76422,77,384686
28670,0.000653,74.125.24.0-255,1484,77906,77,384686
28671,0.00066,172.31.40.0-255,101,78007,77,384686
28672,0.000692,74.125.24.0-255,9633,87640,77,384686
28673,0.000696,172.31.40.0-255,66,87706,77,384686
28674,0.000703,74.125.24.0-255,7156,94862,77,384686
28675,0.000705,172.31.40.0-255,66,94928,77,384686
28676,0.000734,74.125.24.0-255,5379,100307,77,384686
28677,0.000737,172.31.40.0-255,66,100373,77,384686
28678,0.001085,74.125.24.0-255,1484,101857,77,384686
28679,0.001091,74.125.24.0-255,2902,104759,77,384686
28680,0.001094,172.31.40.0-255,66,104825,77,384686
28681,0.001097,74.125.24.0-255,1484,106309,77,384686
28682,0.001124,74.125.24.0-255,4320,110629,77,384686
28683,0.001127,172.31.40.0-255,66,110695,77,384686
28684,0.001168,74.125.24.0-255,8574,119269,77,384686
28685,0.00117,172.31.40.0-255,66,119335,77,384686
28686,0.001196,74.125.24.0-255,4320,123655,77,384686
28687,0.001198,172.31.40.0-255,66,123721,77,384686
28688,0.001207,74.125.24.0-255,10692,134413,77,384686
28689,0.001209,172.31.40.0-255,66,134479,77,384686
28690,0.001216,74.125.24.0-255,7156,141635,77,384686
28691,0.001218,172.31.40.0-255,66,141701,77,384686
28692,0.001223,74.125.24.0-255,5738,147439,77,384686
28693,0.001226,172.31.40.0-255,66,147505,77,384686
28694,0.001259,74.125.24.0-255,2902,150407,77,384686
28695,0.001262,172.31.40.0-255,66,150473,77,384686
28696,0.001276,172.31.40.0-255,66,150539,77,384686
28697,0.001279,74.125.24.0-255,766,151305,77,384686
28698,0.0014,74.125.24.0-255,1484,152789,77,384686
28699,0.001404,172.31.40.0-255,66,152855,77,384686
28700,0.001424,74.125.24.0-255,2902,155757,77,384686
28701,0.001426,172.31.40.0-255,66,155823,77,384686
28702,0.00143,74.125.24.0-255,1484,157307,77,384686
28703,0.001457,74.125.24.0-255,4320,161627,77,384686
28704,0.00146,172.31.40.0-255,66,161693,77,384686
28705,0.001467,74.125.24.0-255,5738,167431,77,384686
28706,0.00147,172.31.40.0-255,66,167497,77,384686
28707,0.001473,74.125.24.0-255,1484,168981,77,384686
28708,0.001515,74.125.24.0-255,11410,180391,77,384686
28709,0.00152,172.31.40.0-255,66,180457,77,384686
28710,0.001526,74.125.24.0-255,5020,185477,77,384686
28711,0.001528,172.31.40.0-255,66,185543,77,384686
28712,0.001596,74.125.24.0-255,1484,187027,77,384686
28713,0.001601,74.125.24.0-255,2902,189929,77,384686
28714,0.001605,172.31.40.0-255,66,189995,77,384686
28715,0.001632,74.125.24.0-255,4320,194315,77,384686
28716,0.001636,172.31.40.0-255,66,194381,77,384686
28717,0.001663,74.125.24.0-255,1484,195865,77,384686
28718,0.001675,74.125.24.0-255,12828,208693,77,384686
28719,0.001678,172.31.40.0-255,66,208759,77,384686
28720,0.001681,74.125.24.0-255,1484,210243,77,384686
28721,0.001726,74.125.24.0-255,9274,219517,77,384686
28722,0.001729,172.31.40.0-255,66,219583,77,384686
28723,0.001769,74.125.24.0-255,1484,221067,77,384686
28724,0.001772,74.125.24.0-255,1484,222551,77,384686
28725,0.001775,172.31.40.0-255,66,222617,77,384686
28726,0.001796,74.125.24.0-255,1484,224101,77,384686
28727,0.001802,74.125.24.0-255,5738,229839,77,384686
28728,0.001806,172.31.40.0-255,66,229905,77,384686
28729,0.001835,74.125.24.0-255,5738,235643,77,384686
28730,0.001839,172.31.40.0-255,66,235709,77,384686
28731,0.001854,74.125.24.0-255,12828,248537,77,384686
28732,0.001857,172.31.40.0-255,66,248603,77,384686
28733,0.001862,74.125.24.0-255,2902,251505,77,384686
28734,0.001864,172.31.40.0-255,66,251571,77,384686
28735,0.001895,74.125.24.0-255,2184,253755,77,384686
28736,0.0019,172.31.40.0-255,66,253821,77,384686
28737,0.001906,74.125.24.0-255,5738,259559,77,384686
28738,0.001909,172.31.40.0-255,66,259625,77,384686
28739,0.001919,74.125.24.0-255,12828,272453,77,384686
28740,0.001922,172.31.40.0-255,66,272519,77,384686
28741,0.001933,74.125.24.0-255,11410,283929,77,384686
28742,0.001936,172.31.40.0-255,66,283995,77,384686
28743,0.002,74.125.24.0-255,4320,288315,77,384686
28744,0.002003,172.31.40.0-255,66,288381,77,384686
28745,0.002039,74.125.24.0-255,12110,300491,77,384686
28746,0.002042,172.31.40.0-255,66,300557,77,384686
28747,0.002059,172.31.40.0-255,66,300623,77,384686
28748,0.002064,74.125.24.0-255,3602,304225,77,384686
28749,0.002067,172.31.40.0-255,66,304291,77,384686
28750,0.002682,74.125.24.0-255,66,304357,77,384686
28751,0.004095,74.125.24.0-255,2902,307259,77,384686
28752,0.004101,172.31.40.0-255,66,307325,77,384686
28753,0.004124,74.125.24.0-255,2902,310227,77,384686
28754,0.004127,172.31.40.0-255,66,310293,77,384686
28755,0.006153,74.125.24.0-255,5738,316031,77,384686
28756,0.006159,172.31.40.0-255,66,316097,77,384686
28757,0.008213,74.125.24.0-255,5738,321835,77,384686
28758,0.008221,172.31.40.0-255,66,321901,77,384686
28759,0.010274,74.125.24.0-255,5738,327639,77,384686
28760,0.01028,172.31.40.0-255,66,327705,77,384686
28761,0.012342,74.125.24.0-255,5738,333443,77,384686
28762,0.012351,172.31.40.0-255,66,333509,77,384686
28763,0.014403,74.125.24.0-255,5738,339247,77,384686
28764,0.01441,172.31.40.0-255,66,339313,77,384686
28765,0.016471,74.125.24.0-255,5738,345051,77,384686
28766,0.01648,172.31.40.0-255,66,345117,77,384686
28767,0.018534,74.125.24.0-255,5738,350855,77,384686
28768,0.018541,172.31.40.0-255,66,350921,77,384686
28769,0.020569,74.125.24.0-255,5738,356659,77,384686
28770,0.020579,172.31.40.0-255,66,356725,77,384686
28771,0.022655,74.125.24.0-255,4320,361045,77,384686
28772,0.022662,172.31.40.0-255,66,361111,77,384686
28773,0.022689,74.125.24.0-255,1484,362595,77,384686
28774,0.025348,74.125.24.0-255,4320,366915,77,384686
28775,0.025355,172.31.40.0-255,66,366981,77,384686
28776,0.027655,74.125.24.0-255,5738,372719,77,384686
28777,0.027663,172.31.40.0-255,66,372785,77,384686
28778,0.029707,74.125.24.0-255,5738,378523,77,384686
28779,0.029715,172.31.40.0-255,66,378589,77,384686
28780,0.031139,172.31.40.0-255,176,378765,77,384686
28781,0.031176,172.31.40.0-255,1119,379884,77,384686
28782,0.031241,172.31.40.0-255,1514,381398,77,384686
28783,0.031242,172.31.40.0-255,1276,382674,77,384686
28784,0.031774,74.125.24.0-255,1469,384143,77,384686
28785,0.031933,172.31.40.0-255,105,384248,77,384686
28786,0.032668,104.244.42.0-255,66,384314,77,384686
28787,0.032676,104.244.42.0-255,66,384380,77,384686
28788,0.032805,104.244.42.0-255,66,384446,77,384686
28789,0.033441,104.244.42.0-255,108,384554,77,384686
28790,0.033451,172.31.40.0-255,66,384620,77,384686
28791,0.038602,74.125.24.0-255,66,384686,77,384686
28792,0.0,74.125.24.0-255,153,153,77,401739
28793,2.5e-05,172.31.40.0-255,66,219,77,401739
28794,3.3e-05,74.125.24.0-255,1484,1703,77,401739
28795,3.7e-05,172.31.40.0-255,66,1769,77,401739
28796,4.2e-05,74.125.24.0-255,2902,4671,77,401739
28797,4.5e-05,172.31.40.0-255,66,4737,77,401739
28798,5.9e-05,74.125.24.0-255,4320,9057,77,401739
28799,6.2e-05,172.31.40.0-255,66,9123,77,401739
28800,0.000111,74.125.24.0-255,4870,13993,77,401739
28801,0.000115,172.31.40.0-255,66,14059,77,401739
28802,0.000122,74.125.24.0-255,5738,19797,77,401739
28803,0.000124,172.31.40.0-255,66,19863,77,401739
28804,0.00016,74.125.24.0-255,9992,29855,77,401739
28805,0.000163,172.31.40.0-255,66,29921,77,401739
28806,0.000184,74.125.24.0-255,1125,31046,77,401739
28807,0.000187,172.31.40.0-255,66,31112,77,401739
28808,0.000337,74.125.24.0-255,1484,32596,77,401739
28809,0.000342,172.31.40.0-255,66,32662,77,401739
28810,0.000347,74.125.24.0-255,2902,35564,77,401739
28811,0.00035,172.31.40.0-255,66,35630,77,401739
28812,0.000353,74.125.24.0-255,1484,37114,77,401739
28813,0.00036,172.31.40.0-255,66,37180,77,401739
28814,0.000387,74.125.24.0-255,4320,41500,77,401739
28815,0.00039,172.31.40.0-255,66,41566,77,401739
28816,0.000403,74.125.24.0-255,1484,43050,77,401739
28817,0.000409,172.31.40.0-255,66,43116,77,401739
28818,0.000439,74.125.24.0-255,5379,48495,77,401739
28819,0.000442,172.31.40.0-255,66,48561,77,401739
28820,0.00045,74.125.24.0-255,7156,55717,77,401739
28821,0.000452,172.31.40.0-255,66,55783,77,401739
28822,0.000457,74.125.24.0-255,2902,58685,77,401739
28823,0.000459,172.31.40.0-255,66,58751,77,401739
28824,0.000484,74.125.24.0-255,1484,60235,77,401739
28825,0.000513,74.125.24.0-255,5651,65886,77,401739
28826,0.000516,172.31.40.0-255,66,65952,77,401739
28827,0.000518,74.125.24.0-255,383,66335,77,401739
28828,0.000618,74.125.24.0-255,1484,67819,77,401739
28829,0.000622,172.31.40.0-255,66,67885,77,401739
28830,0.000628,74.125.24.0-255,2902,70787,77,401739
28831,0.00063,172.31.40.0-255,66,70853,77,401739
28832,0.000659,74.125.24.0-255,4320,75173,77,401739
28833,0.000661,74.125.24.0-255,1484,76657,77,401739
28834,0.000666,172.31.40.0-255,66,76723,77,401739
28835,0.000687,74.125.24.0-255,4320,81043,77,401739
28836,0.00069,172.31.40.0-255,66,81109,77,401739
28837,0.000697,74.125.24.0-255,5379,86488,77,401739
28838,0.000699,172.31.40.0-255,66,86554,77,401739
28839,0.000705,74.125.24.0-255,5738,92292,77,401739
28840,0.000707,172.31.40.0-255,66,92358,77,401739
28841,0.000756,74.125.24.0-255,8215,100573,77,401739
28842,0.000759,172.31.40.0-255,66,100639,77,401739
28843,0.000921,74.125.24.0-255,1484,102123,77,401739
28844,0.000925,74.125.24.0-255,1484,103607,77,401739
28845,0.000928,172.31.40.0-255,66,103673,77,401739
28846,0.000939,74.125.24.0-255,1484,105157,77,401739
28847,0.000948,74.125.24.0-255,5738,110895,77,401739
28848,0.000949,172.31.40.0-255,66,110961,77,401739
28849,0.000975,74.125.24.0-255,7156,118117,77,401739
28850,0.000979,172.31.40.0-255,66,118183,77,401739
28851,0.001004,74.125.24.0-255,5738,123921,77,401739
28852,0.001006,172.31.40.0-255,66,123987,77,401739
28853,0.001039,74.125.24.0-255,7156,131143,77,401739
28854,0.001041,172.31.40.0-255,66,131209,77,401739
28855,0.001052,74.125.24.0-255,3602,134811,77,401739
28856,0.001054,172.31.40.0-255,66,134877,77,401739
28857,0.001063,74.125.24.0-255,11410,146287,77,401739
28858,0.001065,172.31.40.0-255,66,146353,77,401739
28859,0.001082,172.31.40.0-255,66,146419,77,401739
28860,0.001129,74.125.24.0-255,7856,154275,77,401739
28861,0.001132,172.31.40.0-255,66,154341,77,401739
28862,0.001663,74.125.24.0-255,1484,155825,77,401739
28863,0.001668,74.125.24.0-255,2902,158727,77,401739
28864,0.001676,172.31.40.0-255,66,158793,77,401739
28865,0.001681,74.125.24.0-255,2902,161695,77,401739
28866,0.001682,172.31.40.0-255,66,161761,77,401739
28867,0.001699,74.125.24.0-255,2902,164663,77,401739
28868,0.001701,172.31.40.0-255,66,164729,77,401739
28869,0.001707,74.125.24.0-255,5738,170467,77,401739
28870,0.001709,172.31.40.0-255,66,170533,77,401739
28871,0.001739,74.125.24.0-255,5738,176271,77,401739
28872,0.001742,172.31.40.0-255,66,176337,77,401739
28873,0.001771,74.125.24.0-255,7156,183493,77,401739
28874,0.001773,172.31.40.0-255,66,183559,77,401739
28875,0.001779,74.125.24.0-255,5020,188579,77,401739
28876,0.00178,172.31.40.0-255,66,188645,77,401739
28877,0.002367,74.125.24.0-255,1484,190129,77,401739
28878,0.002373,74.125.24.0-255,1484,191613,77,401739
28879,0.002391,172.31.40.0-255,66,191679,77,401739
28880,0.002417,74.125.24.0-255,1484,193163,77,401739
28881,0.002425,74.125.24.0-255,5738,198901,77,401739
28882,0.002427,172.31.40.0-255,66,198967,77,401739
28883,0.002437,74.125.24.0-255,9992,208959,77,401739
28884,0.002439,172.31.40.0-255,66,209025,77,401739
28885,0.002488,74.125.24.0-255,11410,220435,77,401739
28886,0.002491,172.31.40.0-255,66,220501,77,401739
28887,0.002496,74.125.24.0-255,2184,222685,77,401739
28888,0.002498,172.31.40.0-255,66,222751,77,401739
28889,0.005097,74.125.24.0-255,5738,228489,77,401739
28890,0.005105,172.31.40.0-255,66,228555,77,401739
28891,0.007743,74.125.24.0-255,5738,234293,77,401739
28892,0.007748,172.31.40.0-255,66,234359,77,401739
28893,0.010389,74.125.24.0-255,5738,240097,77,401739
28894,0.010397,172.31.40.0-255,66,240163,77,401739
28895,0.013019,74.125.24.0-255,5738,245901,77,401739
28896,0.013027,172.31.40.0-255,66,245967,77,401739
28897,0.015655,74.125.24.0-255,5738,251705,77,401739
28898,0.015666,172.31.40.0-255,66,251771,77,401739
28899,0.018266,74.125.24.0-255,5738,257509,77,401739
28900,0.018274,172.31.40.0-255,66,257575,77,401739
28901,0.020902,74.125.24.0-255,5738,263313,77,401739
28902,0.02091,172.31.40.0-255,66,263379,77,401739
28903,0.023502,74.125.24.0-255,5738,269117,77,401739
28904,0.023508,172.31.40.0-255,66,269183,77,401739
28905,0.026137,74.125.24.0-255,5738,274921,77,401739
28906,0.026144,172.31.40.0-255,66,274987,77,401739
28907,0.028752,74.125.24.0-255,5738,280725,77,401739
28908,0.028762,172.31.40.0-255,66,280791,77,401739
28909,0.031379,74.125.24.0-255,5738,286529,77,401739
28910,0.031388,172.31.40.0-255,66,286595,77,401739
28911,0.03334,172.31.40.0-255,172,286767,77,401739
28912,0.033372,172.31.40.0-255,1066,287833,77,401739
28913,0.034009,74.125.24.0-255,5738,293571,77,401739
28914,0.034016,172.31.40.0-255,66,293637,77,401739
28915,0.034897,104.244.42.0-255,66,293703,77,401739
28916,0.034942,104.244.42.0-255,66,293769,77,401739
28917,0.035867,104.244.42.0-255,108,293877,77,401739
28918,0.035873,172.31.40.0-255,66,293943,77,401739
28919,0.03664,74.125.24.0-255,5738,299681,77,401739
28920,0.036644,172.31.40.0-255,66,299747,77,401739
28921,0.039306,74.125.24.0-255,5738,305485,77,401739
28922,0.039312,172.31.40.0-255,66,305551,77,401739
28923,0.041944,74.125.24.0-255,5738,311289,77,401739
28924,0.041951,172.31.40.0-255,66,311355,77,401739
28925,0.044564,74.125.24.0-255,5738,317093,77,401739
28926,0.044572,172.31.40.0-255,66,317159,77,401739
28927,0.047202,74.125.24.0-255,5738,322897,77,401739
28928,0.047207,172.31.40.0-255,66,322963,77,401739
28929,0.049854,74.125.24.0-255,5738,328701,77,401739
28930,0.049861,172.31.40.0-255,66,328767,77,401739
28931,0.052482,74.125.24.0-255,5738,334505,77,401739
28932,0.052488,172.31.40.0-255,66,334571,77,401739
28933,0.055125,74.125.24.0-255,5738,340309,77,401739
28934,0.055132,172.31.40.0-255,66,340375,77,401739
28935,0.057776,74.125.24.0-255,5738,346113,77,401739
28936,0.057783,172.31.40.0-255,66,346179,77,401739
28937,0.060418,74.125.24.0-255,5738,351917,77,401739
28938,0.060425,172.31.40.0-255,66,351983,77,401739
28939,0.063049,74.125.24.0-255,5738,357721,77,401739
28940,0.063056,172.31.40.0-255,66,357787,77,401739
28941,0.065689,74.125.24.0-255,5738,363525,77,401739
28942,0.065696,172.31.40.0-255,66,363591,77,401739
28943,0.068341,74.125.24.0-255,5738,369329,77,401739
28944,0.068348,172.31.40.0-255,66,369395,77,401739
28945,0.070974,74.125.24.0-255,5738,375133,77,401739
28946,0.07098,172.31.40.0-255,66,375199,77,401739
28947,0.073625,74.125.24.0-255,5738,380937,77,401739
28948,0.073632,172.31.40.0-255,66,381003,77,401739
28949,0.076263,74.125.24.0-255,5738,386741,77,401739
28950,0.076269,172.31.40.0-255,66,386807,77,401739
28951,0.078889,74.125.24.0-255,5738,392545,77,401739
28952,0.078895,172.31.40.0-255,66,392611,77,401739
28953,0.08151,74.125.24.0-255,5738,398349,77,401739
28954,0.081516,172.31.40.0-255,66,398415,77,401739
28955,0.084142,74.125.24.0-255,3087,401502,77,401739
28956,0.084148,172.31.40.0-255,66,401568,77,401739
28957,0.084291,172.31.40.0-255,105,401673,77,401739
28958,0.086878,74.125.24.0-255,66,401739,77,401739
28959,0.0,74.125.200.0-255,146,146,77,405813
28960,1.5e-05,172.31.40.0-255,66,212,77,405813
28961,2.1e-05,74.125.200.0-255,1484,1696,77,405813
28962,2.5e-05,172.31.40.0-255,66,1762,77,405813
28963,3.1e-05,74.125.200.0-255,2902,4664,77,405813
28964,3.4e-05,172.31.40.0-255,66,4730,77,405813
28965,6e-05,74.125.200.0-255,5738,10468,77,405813
28966,6.3e-05,172.31.40.0-255,66,10534,77,405813
28967,8.9e-05,74.125.200.0-255,3534,14068,77,405813
28968,9.2e-05,172.31.40.0-255,66,14134,77,405813
28969,0.000109,74.125.200.0-255,1484,15618,77,405813
28970,0.000112,172.31.40.0-255,66,15684,77,405813
28971,0.000133,74.125.200.0-255,2902,18586,77,405813
28972,0.000136,172.31.40.0-255,66,18652,77,405813
28973,0.000138,74.125.200.0-255,1484,20136,77,405813
28974,0.00014,172.31.40.0-255,66,20202,77,405813
28975,0.000154,74.125.200.0-255,1484,21686,77,405813
28976,0.000157,172.31.40.0-255,66,21752,77,405813
28977,0.000183,74.125.200.0-255,5738,27490,77,405813
28978,0.000187,172.31.40.0-255,66,27556,77,405813
28979,0.000192,74.125.200.0-255,3961,31517,77,405813
28980,0.000194,172.31.40.0-255,66,31583,77,405813
28981,0.000297,74.125.200.0-255,1484,33067,77,405813
28982,0.000302,172.31.40.0-255,66,33133,77,405813
28983,0.000307,74.125.200.0-255,2902,36035,77,405813
28984,0.00031,172.31.40.0-255,66,36101,77,405813
28985,0.000341,74.125.200.0-255,2902,39003,77,405813
28986,0.000344,172.31.40.0-255,66,39069,77,405813
28987,0.000366,74.125.200.0-255,2902,41971,77,405813
28988,0.000369,172.31.40.0-255,66,42037,77,405813
28989,0.000375,74.125.200.0-255,6797,48834,77,405813
28990,0.000378,172.31.40.0-255,66,48900,77,405813
28991,0.000381,74.125.200.0-255,1484,50384,77,405813
28992,0.000409,74.125.200.0-255,9992,60376,77,405813
28993,0.000411,172.31.40.0-255,66,60442,77,405813
28994,0.000432,74.125.200.0-255,2902,63344,77,405813
28995,0.000435,172.31.40.0-255,66,63410,77,405813
28996,0.000453,74.125.200.0-255,2543,65953,77,405813
28997,0.000456,172.31.40.0-255,66,66019,77,405813
28998,0.00061,74.125.200.0-255,412,66431,77,405813
28999,0.000668,74.125.200.0-255,330,66761,77,405813
29000,0.00097,74.125.200.0-255,1484,68245,77,405813
29001,0.000975,172.31.40.0-255,66,68311,77,405813
29002,0.000991,74.125.200.0-255,2902,71213,77,405813
29003,0.000994,172.31.40.0-255,66,71279,77,405813
29004,0.000998,74.125.200.0-255,2902,74181,77,405813
29005,0.001,172.31.40.0-255,66,74247,77,405813
29006,0.001003,74.125.200.0-255,1484,75731,77,405813
29007,0.001021,74.125.200.0-255,2902,78633,77,405813
29008,0.001024,172.31.40.0-255,66,78699,77,405813
29009,0.001027,74.125.200.0-255,1484,80183,77,405813
29010,0.001052,74.125.200.0-255,7156,87339,77,405813
29011,0.001055,172.31.40.0-255,66,87405,77,405813
29012,0.001062,74.125.200.0-255,7156,94561,77,405813
29013,0.001064,172.31.40.0-255,66,94627,77,405813
29014,0.001142,74.125.200.0-255,2902,97529,77,405813
29015,0.001146,172.31.40.0-255,66,97595,77,405813
29016,0.001164,74.125.200.0-255,3602,101197,77,405813
29017,0.001167,172.31.40.0-255,66,101263,77,405813
29018,0.001604,74.125.200.0-255,1484,102747,77,405813
29019,0.001612,74.125.200.0-255,2902,105649,77,405813
29020,0.001616,172.31.40.0-255,66,105715,77,405813
29021,0.001621,74.125.200.0-255,1484,107199,77,405813
29022,0.001642,74.125.200.0-255,4320,111519,77,405813
29023,0.001646,172.31.40.0-255,66,111585,77,405813
29024,0.001666,74.125.200.0-255,5738,117323,77,405813
29025,0.001669,172.31.40.0-255,66,117389,77,405813
29026,0.0017,74.125.200.0-255,5738,123127,77,405813
29027,0.001703,172.31.40.0-255,66,123193,77,405813
29028,0.001714,74.125.200.0-255,12110,135303,77,405813
29029,0.001717,172.31.40.0-255,66,135369,77,405813
29030,0.002239,74.125.200.0-255,1484,136853,77,405813
29031,0.002254,74.125.200.0-255,2902,139755,77,405813
29032,0.002257,172.31.40.0-255,66,139821,77,405813
29033,0.002263,74.125.200.0-255,2902,142723,77,405813
29034,0.002265,172.31.40.0-255,66,142789,77,405813
29035,0.002286,74.125.200.0-255,1484,144273,77,405813
29036,0.00229,74.125.200.0-255,1484,145757,77,405813
29037,0.002292,172.31.40.0-255,66,145823,77,405813
29038,0.002312,74.125.200.0-255,7156,152979,77,405813
29039,0.002315,172.31.40.0-255,66,153045,77,405813
29040,0.002319,74.125.200.0-255,2902,155947,77,405813
29041,0.002322,172.31.40.0-255,66,156013,77,405813
29042,0.002336,74.125.200.0-255,1484,157497,77,405813
29043,0.002352,74.125.200.0-255,5738,163235,77,405813
29044,0.002354,172.31.40.0-255,66,163301,77,405813
29045,0.002367,74.125.200.0-255,1484,164785,77,405813
29046,0.002386,74.125.200.0-255,5020,169805,77,405813
29047,0.002389,172.31.40.0-255,66,169871,77,405813
29048,0.004746,74.125.200.0-255,5738,175609,77,405813
29049,0.00475,172.31.40.0-255,66,175675,77,405813
29050,0.007108,74.125.200.0-255,5738,181413,77,405813
29051,0.007114,172.31.40.0-255,66,181479,77,405813
29052,0.009468,74.125.200.0-255,5738,187217,77,405813
29053,0.009476,172.31.40.0-255,66,187283,77,405813
29054,0.011821,74.125.200.0-255,5738,193021,77,405813
29055,0.01183,172.31.40.0-255,66,193087,77,405813
29056,0.014173,74.125.200.0-255,4320,197407,77,405813
29057,0.014181,172.31.40.0-255,66,197473,77,405813
29058,0.014202,74.125.200.0-255,1484,198957,77,405813
29059,0.016551,74.125.200.0-255,4320,203277,77,405813
29060,0.016559,172.31.40.0-255,66,203343,77,405813
29061,0.018903,74.125.200.0-255,5738,209081,77,405813
29062,0.01891,172.31.40.0-255,66,209147,77,405813
29063,0.021299,74.125.200.0-255,4320,213467,77,405813
29064,0.021308,172.31.40.0-255,66,213533,77,405813
29065,0.021367,74.125.200.0-255,1484,215017,77,405813
29066,0.023447,172.31.40.0-255,167,215184,77,405813
29067,0.023485,172.31.40.0-255,1115,216299,77,405813
29068,0.02356,172.31.40.0-255,1514,217813,77,405813
29069,0.023562,172.31.40.0-255,326,218139,77,405813
29070,0.02367,74.125.200.0-255,4320,222459,77,405813
29071,0.023676,172.31.40.0-255,66,222525,77,405813
29072,0.024985,104.244.42.0-255,66,222591,77,405813
29073,0.025031,104.244.42.0-255,66,222657,77,405813
29074,0.025131,104.244.42.0-255,66,222723,77,405813
29075,0.026025,74.125.200.0-255,5738,228461,77,405813
29076,0.026031,172.31.40.0-255,66,228527,77,405813
29077,0.028397,74.125.200.0-255,4320,232847,77,405813
29078,0.028404,172.31.40.0-255,66,232913,77,405813
29079,0.028422,74.125.200.0-255,1484,234397,77,405813
29080,0.030745,74.125.200.0-255,2902,237299,77,405813
29081,0.030752,172.31.40.0-255,66,237365,77,405813
29082,0.033092,74.125.200.0-255,2902,240267,77,405813
29083,0.033099,172.31.40.0-255,66,240333,77,405813
29084,0.033119,74.125.200.0-255,2902,243235,77,405813
29085,0.033122,172.31.40.0-255,66,243301,77,405813
29086,0.035567,74.125.200.0-255,5738,249039,77,405813
29087,0.035574,172.31.40.0-255,66,249105,77,405813
29088,0.037928,74.125.200.0-255,5738,254843,77,405813
29089,0.037935,172.31.40.0-255,66,254909,77,405813
29090,0.0403,74.125.200.0-255,5738,260647,77,405813
29091,0.040317,172.31.40.0-255,66,260713,77,405813
29092,0.042671,74.125.200.0-255,5738,266451,77,405813
29093,0.042688,172.31.40.0-255,66,266517,77,405813
29094,0.045037,74.125.200.0-255,5738,272255,77,405813
29095,0.045052,172.31.40.0-255,66,272321,77,405813
29096,0.047418,74.125.200.0-255,5738,278059,77,405813
29097,0.047427,172.31.40.0-255,66,278125,77,405813
29098,0.049772,74.125.200.0-255,5738,283863,77,405813
29099,0.049778,172.31.40.0-255,66,283929,77,405813
29100,0.052127,74.125.200.0-255,5738,289667,77,405813
29101,0.052133,172.31.40.0-255,66,289733,77,405813
29102,0.054478,74.125.200.0-255,5738,295471,77,405813
29103,0.054484,172.31.40.0-255,66,295537,77,405813
29104,0.056833,74.125.200.0-255,5738,301275,77,405813
29105,0.05684,172.31.40.0-255,66,301341,77,405813
29106,0.059198,74.125.200.0-255,5738,307079,77,405813
29107,0.059204,172.31.40.0-255,66,307145,77,405813
29108,0.061556,74.125.200.0-255,5738,312883,77,405813
29109,0.061563,172.31.40.0-255,66,312949,77,405813
29110,0.06392,74.125.200.0-255,5738,318687,77,405813
29111,0.063927,172.31.40.0-255,66,318753,77,405813
29112,0.06627,74.125.200.0-255,5738,324491,77,405813
29113,0.066279,172.31.40.0-255,66,324557,77,405813
29114,0.068631,74.125.200.0-255,5738,330295,77,405813
29115,0.068638,172.31.40.0-255,66,330361,77,405813
29116,0.070991,74.125.200.0-255,5738,336099,77,405813
29117,0.070998,172.31.40.0-255,66,336165,77,405813
29118,0.073349,74.125.200.0-255,5738,341903,77,405813
29119,0.073355,172.31.40.0-255,66,341969,77,405813
29120,0.075711,74.125.200.0-255,5738,347707,77,405813
29121,0.075717,172.31.40.0-255,66,347773,77,405813
29122,0.07807,74.125.200.0-255,5738,353511,77,405813
29123,0.078077,172.31.40.0-255,66,353577,77,405813
29124,0.080427,74.125.200.0-255,5738,359315,77,405813
29125,0.080433,172.31.40.0-255,66,359381,77,405813
29126,0.082788,74.125.200.0-255,5738,365119,77,405813
29127,0.082795,172.31.40.0-255,66,365185,77,405813
29128,0.085154,74.125.200.0-255,5738,370923,77,405813
29129,0.085161,172.31.40.0-255,66,370989,77,405813
29130,0.087522,74.125.200.0-255,5738,376727,77,405813
29131,0.08753,172.31.40.0-255,66,376793,77,405813
29132,0.08989,74.125.200.0-255,5738,382531,77,405813
29133,0.089897,172.31.40.0-255,66,382597,77,405813
29134,0.092264,74.125.200.0-255,5738,388335,77,405813
29135,0.092271,172.31.40.0-255,66,388401,77,405813
29136,0.094619,74.125.200.0-255,5738,394139,77,405813
29137,0.094624,172.31.40.0-255,66,394205,77,405813
29138,0.096975,74.125.200.0-255,5738,399943,77,405813
29139,0.096982,172.31.40.0-255,66,400009,77,405813
29140,0.099364,74.125.200.0-255,5738,405747,77,405813
29141,0.09937,172.31.40.0-255,66,405813,77,405813
29142,0.0,74.125.130.0-255,296,296,77,338667
29143,2.4e-05,172.31.40.0-255,66,362,77,338667
29144,3e-05,74.125.130.0-255,1484,1846,77,338667
29145,3.5e-05,172.31.40.0-255,66,1912,77,338667
29146,4.2e-05,74.125.130.0-255,4320,6232,77,338667
29147,4.6e-05,172.31.40.0-255,66,6298,77,338667
29148,4.9e-05,74.125.130.0-255,1484,7782,77,338667
29149,5.2e-05,172.31.40.0-255,66,7848,77,338667
29150,5.8e-05,74.125.130.0-255,2902,10750,77,338667
29151,6e-05,172.31.40.0-255,66,10816,77,338667
29152,0.00011,74.125.130.0-255,4738,15554,77,338667
29153,0.000113,172.31.40.0-255,66,15620,77,338667
29154,0.000135,74.125.130.0-255,5738,21358,77,338667
29155,0.000137,172.31.40.0-255,66,21424,77,338667
29156,0.000141,74.125.130.0-255,1484,22908,77,338667
29157,0.000143,172.31.40.0-255,66,22974,77,338667
29158,0.000161,74.125.130.0-255,4320,27294,77,338667
29159,0.000163,172.31.40.0-255,66,27360,77,338667
29160,0.0002,74.125.130.0-255,3961,31321,77,338667
29161,0.000204,172.31.40.0-255,66,31387,77,338667
29162,0.000369,74.125.130.0-255,1484,32871,77,338667
29163,0.000373,172.31.40.0-255,66,32937,77,338667
29164,0.000378,74.125.130.0-255,2902,35839,77,338667
29165,0.000381,172.31.40.0-255,66,35905,77,338667
29166,0.000404,74.125.130.0-255,4320,40225,77,338667
29167,0.000406,172.31.40.0-255,66,40291,77,338667
29168,0.00043,74.125.130.0-255,1484,41775,77,338667
29169,0.000432,172.31.40.0-255,66,41841,77,338667
29170,0.000453,74.125.130.0-255,4320,46161,77,338667
29171,0.000456,172.31.40.0-255,66,46227,77,338667
29172,0.000463,74.125.130.0-255,4320,50547,77,338667
29173,0.000465,172.31.40.0-255,66,50613,77,338667
29174,0.000486,74.125.130.0-255,1484,52097,77,338667
29175,0.000495,74.125.130.0-255,7156,59253,77,338667
29176,0.000497,172.31.40.0-255,66,59319,77,338667
29177,0.000529,74.125.130.0-255,1484,60803,77,338667
29178,0.000542,74.125.130.0-255,2902,63705,77,338667
29179,0.000544,172.31.40.0-255,66,63771,77,338667
29180,0.000563,74.125.130.0-255,2184,65955,77,338667
29181,0.000566,172.31.40.0-255,66,66021,77,338667
29182,0.000983,74.125.130.0-255,378,66399,77,338667
29183,0.001025,74.125.130.0-255,100,66499,77,338667
29184,0.001142,172.31.40.0-255,66,66565,77,338667
29185,0.002125,74.125.130.0-255,1484,68049,77,338667
29186,0.002136,74.125.130.0-255,2902,70951,77,338667
29187,0.00214,172.31.40.0-255,66,71017,77,338667
29188,0.002163,74.125.130.0-255,4320,75337,77,338667
29189,0.002165,172.31.40.0-255,66,75403,77,338667
29190,0.002186,74.125.130.0-255,1484,76887,77,338667
29191,0.002189,74.125.130.0-255,1484,78371,77,338667
29192,0.002191,172.31.40.0-255,66,78437,77,338667
29193,0.002196,74.125.130.0-255,2902,81339,77,338667
29194,0.002198,172.31.40.0-255,66,81405,77,338667
29195,0.002219,74.125.130.0-255,5738,87143,77,338667
29196,0.002221,172.31.40.0-255,66,87209,77,338667
29197,0.002256,74.125.130.0-255,4320,91529,77,338667
29198,0.002258,172.31.40.0-255,66,91595,77,338667
29199,0.002277,74.125.130.0-255,2902,94497,77,338667
29200,0.002279,172.31.40.0-255,66,94563,77,338667
29201,0.002284,74.125.130.0-255,4320,98883,77,338667
29202,0.002286,172.31.40.0-255,66,98949,77,338667
29203,0.002341,74.125.130.0-255,2184,101133,77,338667
29204,0.002343,172.31.40.0-255,66,101199,77,338667
29205,0.004606,74.125.130.0-255,2902,104101,77,338667
29206,0.004614,172.31.40.0-255,66,104167,77,338667
29207,0.004649,74.125.130.0-255,2902,107069,77,338667
29208,0.004652,172.31.40.0-255,66,107135,77,338667
29209,0.00693,74.125.130.0-255,2902,110037,77,338667
29210,0.006935,172.31.40.0-255,66,110103,77,338667
29211,0.006963,74.125.130.0-255,2902,113005,77,338667
29212,0.006965,172.31.40.0-255,66,113071,77,338667
29213,0.009264,74.125.130.0-255,2902,115973,77,338667
29214,0.009271,172.31.40.0-255,66,116039,77,338667
29215,0.009292,74.125.130.0-255,2902,118941,77,338667
29216,0.009295,172.31.40.0-255,66,119007,77,338667
29217,0.011611,74.125.130.0-255,5738,124745,77,338667
29218,0.011617,172.31.40.0-255,66,124811,77,338667
29219,0.013949,74.125.130.0-255,5738,130549,77,338667
29220,0.013958,172.31.40.0-255,66,130615,77,338667
29221,0.016289,74.125.130.0-255,5738,136353,77,338667
29222,0.016297,172.31.40.0-255,66,136419,77,338667
29223,0.018637,74.125.130.0-255,5738,142157,77,338667
29224,0.018651,172.31.40.0-255,66,142223,77,338667
29225,0.021001,74.125.130.0-255,5738,147961,77,338667
29226,0.02101,172.31.40.0-255,66,148027,77,338667
29227,0.023336,74.125.130.0-255,5738,153765,77,338667
29228,0.023343,172.31.40.0-255,66,153831,77,338667
29229,0.025683,74.125.130.0-255,5738,159569,77,338667
29230,0.02569,172.31.40.0-255,66,159635,77,338667
29231,0.02802,74.125.130.0-255,5738,165373,77,338667
29232,0.028028,172.31.40.0-255,66,165439,77,338667
29233,0.030381,74.125.130.0-255,5738,171177,77,338667
29234,0.030389,172.31.40.0-255,66,171243,77,338667
29235,0.032715,74.125.130.0-255,4320,175563,77,338667
29236,0.032725,172.31.40.0-255,66,175629,77,338667
29237,0.032744,74.125.130.0-255,1484,177113,77,338667
29238,0.03505,74.125.130.0-255,4320,181433,77,338667
29239,0.035057,172.31.40.0-255,66,181499,77,338667
29240,0.035392,172.31.40.0-255,176,181675,77,338667
29241,0.035422,172.31.40.0-255,1066,182741,77,338667
29242,0.036937,104.244.42.0-255,66,182807,77,338667
29243,0.03697,104.244.42.0-255,66,182873,77,338667
29244,0.03737,74.125.130.0-255,5738,188611,77,338667
29245,0.037378,172.31.40.0-255,66,188677,77,338667
29246,0.038018,104.244.42.0-255,108,188785,77,338667
29247,0.038024,172.31.40.0-255,66,188851,77,338667
29248,0.039707,74.125.130.0-255,5738,194589,77,338667
29249,0.039713,172.31.40.0-255,66,194655,77,338667
29250,0.042037,74.125.130.0-255,5738,200393,77,338667
29251,0.042046,172.31.40.0-255,66,200459,77,338667
29252,0.044371,74.125.130.0-255,5738,206197,77,338667
29253,0.044379,172.31.40.0-255,66,206263,77,338667
29254,0.046719,74.125.130.0-255,5738,212001,77,338667
29255,0.046726,172.31.40.0-255,66,212067,77,338667
29256,0.049056,74.125.130.0-255,5738,217805,77,338667
29257,0.049064,172.31.40.0-255,66,217871,77,338667
29258,0.051388,74.125.130.0-255,5738,223609,77,338667
29259,0.051394,172.31.40.0-255,66,223675,77,338667
29260,0.053729,74.125.130.0-255,5738,229413,77,338667
29261,0.053735,172.31.40.0-255,66,229479,77,338667
29262,0.056042,74.125.130.0-255,2902,232381,77,338667
29263,0.056048,172.31.40.0-255,66,232447,77,338667
29264,0.056069,74.125.130.0-255,2902,235349,77,338667
29265,0.056071,172.31.40.0-255,66,235415,77,338667
29266,0.058366,74.125.130.0-255,2902,238317,77,338667
29267,0.058374,172.31.40.0-255,66,238383,77,338667
29268,0.058391,74.125.130.0-255,2902,241285,77,338667
29269,0.058394,172.31.40.0-255,66,241351,77,338667
29270,0.060727,74.125.130.0-255,4320,245671,77,338667
29271,0.060734,172.31.40.0-255,66,245737,77,338667
29272,0.060754,74.125.130.0-255,1484,247221,77,338667
29273,0.063053,74.125.130.0-255,4320,251541,77,338667
29274,0.06306,172.31.40.0-255,66,251607,77,338667
29275,0.06541,74.125.130.0-255,5738,257345,77,338667
29276,0.065426,172.31.40.0-255,66,257411,77,338667
29277,0.067799,74.125.130.0-255,5738,263149,77,338667
29278,0.067814,172.31.40.0-255,66,263215,77,338667
29279,0.070156,74.125.130.0-255,5738,268953,77,338667
29280,0.070174,172.31.40.0-255,66,269019,77,338667
29281,0.072509,74.125.130.0-255,5738,274757,77,338667
29282,0.072521,172.31.40.0-255,66,274823,77,338667
29283,0.074846,74.125.130.0-255,5738,280561,77,338667
29284,0.074861,172.31.40.0-255,66,280627,77,338667
29285,0.077216,74.125.130.0-255,5738,286365,77,338667
29286,0.077234,172.31.40.0-255,66,286431,77,338667
29287,0.079586,74.125.130.0-255,5738,292169,77,338667
29288,0.079603,172.31.40.0-255,66,292235,77,338667
29289,0.081951,74.125.130.0-255,5738,297973,77,338667
29290,0.081968,172.31.40.0-255,66,298039,77,338667
29291,0.08429,74.125.130.0-255,5738,303777,77,338667
29292,0.084299,172.31.40.0-255,66,303843,77,338667
29293,0.086644,74.125.130.0-255,5738,309581,77,338667
29294,0.086664,172.31.40.0-255,66,309647,77,338667
29295,0.089005,74.125.130.0-255,5738,315385,77,338667
29296,0.089023,172.31.40.0-255,66,315451,77,338667
29297,0.091396,74.125.130.0-255,5738,321189,77,338667
29298,0.091409,172.31.40.0-255,66,321255,77,338667
29299,0.093749,74.125.130.0-255,5738,326993,77,338667
29300,0.093765,172.31.40.0-255,66,327059,77,338667
29301,0.0961,74.125.130.0-255,5738,332797,77,338667
29302,0.096119,172.31.40.0-255,66,332863,77,338667
29303,0.098466,74.125.130.0-255,5738,338601,77,338667
29304,0.098485,172.31.40.0-255,66,338667,77,338667
29305,0.0,172.31.40.0-255,105,105,77,276
29306,0.001777,157.240.13.0-255,105,210,77,276
29307,0.040585,172.31.40.0-255,66,276,77,276
29308,0.0,74.125.130.0-255,153,153,77,416843
29309,2.3e-05,172.31.40.0-255,66,219,77,416843
29310,3e-05,74.125.130.0-255,1484,1703,77,416843
29311,3.5e-05,172.31.40.0-255,66,1769,77,416843
29312,4.1e-05,74.125.130.0-255,2902,4671,77,416843
29313,4.4e-05,172.31.40.0-255,66,4737,77,416843
29314,4.7e-05,74.125.130.0-255,1484,6221,77,416843
29315,5e-05,172.31.40.0-255,66,6287,77,416843
29316,5.5e-05,74.125.130.0-255,2902,9189,77,416843
29317,5.8e-05,172.31.40.0-255,66,9255,77,416843
29318,0.000109,74.125.130.0-255,4903,14158,77,416843
29319,0.000112,172.31.40.0-255,66,14224,77,416843
29320,0.000119,74.125.130.0-255,5738,19962,77,416843
29321,0.000122,172.31.40.0-255,66,20028,77,416843
29322,0.000142,74.125.130.0-255,2902,22930,77,416843
29323,0.000145,172.31.40.0-255,66,22996,77,416843
29324,0.000172,74.125.130.0-255,8215,31211,77,416843
29325,0.000175,172.31.40.0-255,66,31277,77,416843
29326,0.00026,74.125.130.0-255,1484,32761,77,416843
29327,0.000263,172.31.40.0-255,66,32827,77,416843
29328,0.00027,74.125.130.0-255,2902,35729,77,416843
29329,0.000272,172.31.40.0-255,66,35795,77,416843
29330,0.00029,74.125.130.0-255,5738,41533,77,416843
29331,0.000293,172.31.40.0-255,66,41599,77,416843
29332,0.000311,74.125.130.0-255,4320,45919,77,416843
29333,0.000314,172.31.40.0-255,66,45985,77,416843
29334,0.00033,74.125.130.0-255,2902,48887,77,416843
29335,0.000332,172.31.40.0-255,66,48953,77,416843
29336,0.000345,74.125.130.0-255,4320,53273,77,416843
29337,0.000348,172.31.40.0-255,66,53339,77,416843
29338,0.00037,74.125.130.0-255,9992,63331,77,416843
29339,0.000373,172.31.40.0-255,66,63397,77,416843
29340,0.000406,74.125.130.0-255,2512,65909,77,416843
29341,0.000409,172.31.40.0-255,66,65975,77,416843
29342,0.000624,74.125.130.0-255,1484,67459,77,416843
29343,0.000631,74.125.130.0-255,2902,70361,77,416843
29344,0.000633,172.31.40.0-255,66,70427,77,416843
29345,0.000656,74.125.130.0-255,4320,74747,77,416843
29346,0.000658,172.31.40.0-255,66,74813,77,416843
29347,0.000675,74.125.130.0-255,1484,76297,77,416843
29348,0.000706,74.125.130.0-255,7156,83453,77,416843
29349,0.000711,74.125.130.0-255,7156,90609,77,416843
29350,0.000737,74.125.130.0-255,4320,94929,77,416843
29351,0.000743,172.31.40.0-255,66,94995,77,416843
29352,0.000746,172.31.40.0-255,66,95061,77,416843
29353,0.000752,172.31.40.0-255,66,95127,77,416843
29354,0.000757,74.125.130.0-255,4320,99447,77,416843
29355,0.000759,172.31.40.0-255,66,99513,77,416843
29356,0.000761,74.125.130.0-255,766,100279,77,416843
29357,0.000841,74.125.130.0-255,1484,101763,77,416843
29358,0.000845,172.31.40.0-255,66,101829,77,416843
29359,0.000848,74.125.130.0-255,1484,103313,77,416843
29360,0.000865,74.125.130.0-255,1484,104797,77,416843
29361,0.000867,172.31.40.0-255,66,104863,77,416843
29362,0.000874,74.125.130.0-255,5738,110601,77,416843
29363,0.000876,172.31.40.0-255,66,110667,77,416843
29364,0.000904,74.125.130.0-255,8574,119241,77,416843
29365,0.000907,172.31.40.0-255,66,119307,77,416843
29366,0.000922,74.125.130.0-255,1484,120791,77,416843
29367,0.000929,74.125.130.0-255,7156,127947,77,416843
29368,0.000931,172.31.40.0-255,66,128013,77,416843
29369,0.000945,74.125.130.0-255,4320,132333,77,416843
29370,0.000947,172.31.40.0-255,66,132399,77,416843
29371,0.000951,74.125.130.0-255,2184,134583,77,416843
29372,0.000953,172.31.40.0-255,66,134649,77,416843
29373,0.001005,74.125.130.0-255,1484,136133,77,416843
29374,0.001019,74.125.130.0-255,2902,139035,77,416843
29375,0.001022,172.31.40.0-255,66,139101,77,416843
29376,0.001043,74.125.130.0-255,5738,144839,77,416843
29377,0.001046,172.31.40.0-255,66,144905,77,416843
29378,0.001048,74.125.130.0-255,1484,146389,77,416843
29379,0.001052,74.125.130.0-255,2902,149291,77,416843
29380,0.001054,172.31.40.0-255,66,149357,77,416843
29381,0.001068,74.125.130.0-255,2902,152259,77,416843
29382,0.00107,172.31.40.0-255,66,152325,77,416843
29383,0.001084,74.125.130.0-255,2902,155227,77,416843
29384,0.001087,172.31.40.0-255,66,155293,77,416843
29385,0.00111,74.125.130.0-255,11410,166703,77,416843
29386,0.001113,172.31.40.0-255,66,166769,77,416843
29387,0.001152,74.125.130.0-255,2184,168953,77,416843
29388,0.001156,172.31.40.0-255,66,169019,77,416843
29389,0.003111,74.125.130.0-255,2902,171921,77,416843
29390,0.003117,172.31.40.0-255,66,171987,77,416843
29391,0.003158,74.125.130.0-255,2902,174889,77,416843
29392,0.003161,172.31.40.0-255,66,174955,77,416843
29393,0.005124,74.125.130.0-255,2902,177857,77,416843
29394,0.00513,172.31.40.0-255,66,177923,77,416843
29395,0.005154,74.125.130.0-255,2902,180825,77,416843
29396,0.005156,172.31.40.0-255,66,180891,77,416843
29397,0.007121,74.125.130.0-255,2902,183793,77,416843
29398,0.007125,172.31.40.0-255,66,183859,77,416843
29399,0.00714,74.125.130.0-255,1484,185343,77,416843
29400,0.007152,74.125.130.0-255,1484,186827,77,416843
29401,0.007154,172.31.40.0-255,66,186893,77,416843
29402,0.009147,74.125.130.0-255,5738,192631,77,416843
29403,0.009163,172.31.40.0-255,66,192697,77,416843
29404,0.011189,74.125.130.0-255,5738,198435,77,416843
29405,0.011201,172.31.40.0-255,66,198501,77,416843
29406,0.013219,74.125.130.0-255,5738,204239,77,416843
29407,0.013233,172.31.40.0-255,66,204305,77,416843
29408,0.015292,74.125.130.0-255,5738,210043,77,416843
29409,0.015306,172.31.40.0-255,66,210109,77,416843
29410,0.017327,74.125.130.0-255,5738,215847,77,416843
29411,0.017334,172.31.40.0-255,66,215913,77,416843
29412,0.019342,74.125.130.0-255,5738,221651,77,416843
29413,0.01935,172.31.40.0-255,66,221717,77,416843
29414,0.021351,74.125.130.0-255,5738,227455,77,416843
29415,0.021359,172.31.40.0-255,66,227521,77,416843
29416,0.023371,74.125.130.0-255,5738,233259,77,416843
29417,0.023381,172.31.40.0-255,66,233325,77,416843
29418,0.025399,74.125.130.0-255,5738,239063,77,416843
29419,0.025406,172.31.40.0-255,66,239129,77,416843
29420,0.027442,74.125.130.0-255,5738,244867,77,416843
29421,0.027449,172.31.40.0-255,66,244933,77,416843
29422,0.029456,74.125.130.0-255,5738,250671,77,416843
29423,0.029464,172.31.40.0-255,66,250737,77,416843
29424,0.031476,74.125.130.0-255,5738,256475,77,416843
29425,0.031482,172.31.40.0-255,66,256541,77,416843
29426,0.03349,74.125.130.0-255,5738,262279,77,416843
29427,0.033498,172.31.40.0-255,66,262345,77,416843
29428,0.035514,74.125.130.0-255,5738,268083,77,416843
29429,0.035522,172.31.40.0-255,66,268149,77,416843
29430,0.037536,74.125.130.0-255,5738,273887,77,416843
29431,0.037544,172.31.40.0-255,66,273953,77,416843
29432,0.039556,74.125.130.0-255,5738,279691,77,416843
29433,0.03957,172.31.40.0-255,66,279757,77,416843
29434,0.041625,74.125.130.0-255,5738,285495,77,416843
29435,0.041631,172.31.40.0-255,66,285561,77,416843
29436,0.043643,74.125.130.0-255,5738,291299,77,416843
29437,0.043654,172.31.40.0-255,66,291365,77,416843
29438,0.045681,74.125.130.0-255,5738,297103,77,416843
29439,0.045695,172.31.40.0-255,66,297169,77,416843
29440,0.047723,74.125.130.0-255,5738,302907,77,416843
29441,0.047736,172.31.40.0-255,66,302973,77,416843
29442,0.049749,74.125.130.0-255,5738,308711,77,416843
29443,0.049755,172.31.40.0-255,66,308777,77,416843
29444,0.051775,74.125.130.0-255,5738,314515,77,416843
29445,0.051791,172.31.40.0-255,66,314581,77,416843
29446,0.053808,74.125.130.0-255,5738,320319,77,416843
29447,0.053817,172.31.40.0-255,66,320385,77,416843
29448,0.055839,74.125.130.0-255,5738,326123,77,416843
29449,0.055855,172.31.40.0-255,66,326189,77,416843
29450,0.057877,74.125.130.0-255,5738,331927,77,416843
29451,0.057886,172.31.40.0-255,66,331993,77,416843
29452,0.059628,172.31.40.0-255,172,332165,77,416843
29453,0.059682,172.31.40.0-255,1066,333231,77,416843
29454,0.059886,74.125.130.0-255,4320,337551,77,416843
29455,0.059893,172.31.40.0-255,66,337617,77,416843
29456,0.059912,74.125.130.0-255,1484,339101,77,416843
29457,0.06119,104.244.42.0-255,66,339167,77,416843
29458,0.061238,104.244.42.0-255,66,339233,77,416843
29459,0.061894,74.125.130.0-255,4320,343553,77,416843
29460,0.061901,172.31.40.0-255,66,343619,77,416843
29461,0.063925,74.125.130.0-255,5738,349357,77,416843
29462,0.063936,172.31.40.0-255,66,349423,77,416843
29463,0.065963,74.125.130.0-255,5738,355161,77,416843
29464,0.065976,172.31.40.0-255,66,355227,77,416843
29465,0.067986,74.125.130.0-255,5738,360965,77,416843
29466,0.068003,172.31.40.0-255,66,361031,77,416843
29467,0.07002,74.125.130.0-255,5738,366769,77,416843
29468,0.070035,172.31.40.0-255,66,366835,77,416843
29469,0.072054,74.125.130.0-255,5738,372573,77,416843
29470,0.072068,172.31.40.0-255,66,372639,77,416843
29471,0.07408,74.125.130.0-255,5738,378377,77,416843
29472,0.074093,172.31.40.0-255,66,378443,77,416843
29473,0.076126,74.125.130.0-255,5738,384181,77,416843
29474,0.07614,172.31.40.0-255,66,384247,77,416843
29475,0.078166,74.125.130.0-255,5738,389985,77,416843
29476,0.078174,172.31.40.0-255,66,390051,77,416843
29477,0.080189,74.125.130.0-255,5738,395789,77,416843
29478,0.080203,172.31.40.0-255,66,395855,77,416843
29479,0.082225,74.125.130.0-255,5738,401593,77,416843
29480,0.082238,172.31.40.0-255,66,401659,77,416843
29481,0.08425,74.125.130.0-255,5738,407397,77,416843
29482,0.084264,172.31.40.0-255,66,407463,77,416843
29483,0.086288,74.125.130.0-255,5738,413201,77,416843
29484,0.086303,172.31.40.0-255,66,413267,77,416843
29485,0.088313,74.125.130.0-255,3339,416606,77,416843
29486,0.088322,172.31.40.0-255,66,416672,77,416843
29487,0.088532,172.31.40.0-255,105,416777,77,416843
29488,0.090511,74.125.130.0-255,66,416843,77,416843
29489,0.0,74.125.24.0-255,150,150,77,413594
29490,2.4e-05,172.31.40.0-255,66,216,77,413594
29491,3.1e-05,74.125.24.0-255,1484,1700,77,413594
29492,3.5e-05,172.31.40.0-255,66,1766,77,413594
29493,8.1e-05,74.125.24.0-255,1484,3250,77,413594
29494,8.3e-05,172.31.40.0-255,66,3316,77,413594
29495,0.000102,74.125.24.0-255,2902,6218,77,413594
29496,0.000105,172.31.40.0-255,66,6284,77,413594
29497,0.00011,74.125.24.0-255,2902,9186,77,413594
29498,0.000112,172.31.40.0-255,66,9252,77,413594
29499,0.000126,74.125.24.0-255,2902,12154,77,413594
29500,0.000128,172.31.40.0-255,66,12220,77,413594
29501,0.000148,74.125.24.0-255,2154,14374,77,413594
29502,0.00015,172.31.40.0-255,66,14440,77,413594
29503,0.000277,74.125.24.0-255,1484,15924,77,413594
29504,0.000281,172.31.40.0-255,66,15990,77,413594
29505,0.000287,74.125.24.0-255,2902,18892,77,413594
29506,0.00029,172.31.40.0-255,66,18958,77,413594
29507,0.000294,74.125.24.0-255,2902,21860,77,413594
29508,0.000296,172.31.40.0-255,66,21926,77,413594
29509,0.000315,74.125.24.0-255,2902,24828,77,413594
29510,0.000317,172.31.40.0-255,66,24894,77,413594
29511,0.000353,74.125.24.0-255,2902,27796,77,413594
29512,0.000357,172.31.40.0-255,66,27862,77,413594
29513,0.000369,74.125.24.0-255,3961,31823,77,413594
29514,0.000372,172.31.40.0-255,66,31889,77,413594
29515,0.000508,74.125.24.0-255,1484,33373,77,413594
29516,0.000512,172.31.40.0-255,66,33439,77,413594
29517,0.000518,74.125.24.0-255,2902,36341,77,413594
29518,0.000521,172.31.40.0-255,66,36407,77,413594
29519,0.000524,74.125.24.0-255,1484,37891,77,413594
29520,0.000526,172.31.40.0-255,66,37957,77,413594
29521,0.000554,74.125.24.0-255,4320,42277,77,413594
29522,0.000557,172.31.40.0-255,66,42343,77,413594
29523,0.000563,74.125.24.0-255,5738,48081,77,413594
29524,0.000565,172.31.40.0-255,66,48147,77,413594
29525,0.000584,74.125.24.0-255,1484,49631,77,413594
29526,0.000616,74.125.24.0-255,11410,61041,77,413594
29527,0.000619,172.31.40.0-255,66,61107,77,413594
29528,0.000639,74.125.24.0-255,1125,62232,77,413594
29529,0.000644,74.125.24.0-255,4234,66466,77,413594
29530,0.000647,172.31.40.0-255,66,66532,77,413594
29531,0.000649,74.125.24.0-255,413,66945,77,413594
29532,0.001019,74.125.24.0-255,1484,68429,77,413594
29533,0.001024,172.31.40.0-255,66,68495,77,413594
29534,0.001029,74.125.24.0-255,2902,71397,77,413594
29535,0.001031,172.31.40.0-255,66,71463,77,413594
29536,0.001034,74.125.24.0-255,1484,72947,77,413594
29537,0.001051,74.125.24.0-255,4320,77267,77,413594
29538,0.001053,74.125.24.0-255,1484,78751,77,413594
29539,0.001056,172.31.40.0-255,66,78817,77,413594
29540,0.001075,74.125.24.0-255,8574,87391,77,413594
29541,0.001078,172.31.40.0-255,66,87457,77,413594
29542,0.001116,74.125.24.0-255,2902,90359,77,413594
29543,0.001119,172.31.40.0-255,66,90425,77,413594
29544,0.001141,74.125.24.0-255,10692,101117,77,413594
29545,0.001143,172.31.40.0-255,66,101183,77,413594
29546,0.001404,74.125.24.0-255,1484,102667,77,413594
29547,0.001421,74.125.24.0-255,2902,105569,77,413594
29548,0.001424,172.31.40.0-255,66,105635,77,413594
29549,0.001428,74.125.24.0-255,1484,107119,77,413594
29550,0.001447,74.125.24.0-255,4320,111439,77,413594
29551,0.001449,172.31.40.0-255,66,111505,77,413594
29552,0.001465,74.125.24.0-255,5738,117243,77,413594
29553,0.001467,172.31.40.0-255,66,117309,77,413594
29554,0.001492,74.125.24.0-255,5738,123047,77,413594
29555,0.001495,172.31.40.0-255,66,123113,77,413594
29556,0.001506,74.125.24.0-255,12110,135223,77,413594
29557,0.001508,172.31.40.0-255,66,135289,77,413594
29558,0.001511,74.125.24.0-255,1484,136773,77,413594
29559,0.001514,74.125.24.0-255,1484,138257,77,413594
29560,0.001516,172.31.40.0-255,66,138323,77,413594
29561,0.001539,74.125.24.0-255,1484,139807,77,413594
29562,0.001545,74.125.24.0-255,5738,145545,77,413594
29563,0.001548,172.31.40.0-255,66,145611,77,413594
29564,0.001584,74.125.24.0-255,7156,152767,77,413594
29565,0.001586,172.31.40.0-255,66,152833,77,413594
29566,0.001602,74.125.24.0-255,5738,158571,77,413594
29567,0.001604,172.31.40.0-255,66,158637,77,413594
29568,0.001612,74.125.24.0-255,8574,167211,77,413594
29569,0.001614,172.31.40.0-255,66,167277,77,413594
29570,0.001618,74.125.24.0-255,2184,169461,77,413594
29571,0.00162,172.31.40.0-255,66,169527,77,413594
29572,0.001624,74.125.24.0-255,2902,172429,77,413594
29573,0.001627,172.31.40.0-255,66,172495,77,413594
29574,0.001642,74.125.24.0-255,4320,176815,77,413594
29575,0.001644,172.31.40.0-255,66,176881,77,413594
29576,0.001658,74.125.24.0-255,2902,179783,77,413594
29577,0.00166,172.31.40.0-255,66,179849,77,413594
29578,0.001663,74.125.24.0-255,1484,181333,77,413594
29579,0.00169,74.125.24.0-255,8574,189907,77,413594
29580,0.001693,172.31.40.0-255,66,189973,77,413594
29581,0.001723,74.125.24.0-255,11410,201383,77,413594
29582,0.001727,172.31.40.0-255,66,201449,77,413594
29583,0.00173,74.125.24.0-255,2184,203633,77,413594
29584,0.001733,172.31.40.0-255,66,203699,77,413594
29585,0.001926,74.125.24.0-255,1484,205183,77,413594
29586,0.001944,74.125.24.0-255,1484,206667,77,413594
29587,0.001947,172.31.40.0-255,66,206733,77,413594
29588,0.00196,74.125.24.0-255,1484,208217,77,413594
29589,0.001967,74.125.24.0-255,5738,213955,77,413594
29590,0.001969,172.31.40.0-255,66,214021,77,413594
29591,0.001974,74.125.24.0-255,4320,218341,77,413594
29592,0.001976,172.31.40.0-255,66,218407,77,413594
29593,0.002004,74.125.24.0-255,11410,229817,77,413594
29594,0.002007,172.31.40.0-255,66,229883,77,413594
29595,0.002041,74.125.24.0-255,7856,237739,77,413594
29596,0.002044,172.31.40.0-255,66,237805,77,413594
29597,0.002073,74.125.24.0-255,4320,242125,77,413594
29598,0.002076,172.31.40.0-255,66,242191,77,413594
29599,0.0021,74.125.24.0-255,4320,246511,77,413594
29600,0.002102,172.31.40.0-255,66,246577,77,413594
29601,0.002116,74.125.24.0-255,9992,256569,77,413594
29602,0.002141,74.125.24.0-255,9992,266561,77,413594
29603,0.002157,74.125.24.0-255,5020,271581,77,413594
29604,0.002163,74.125.24.0-255,7156,278737,77,413594
29605,0.002195,74.125.24.0-255,8574,287311,77,413594
29606,0.002205,74.125.24.0-255,11410,298721,77,413594
29607,0.002234,74.125.24.0-255,6438,305159,77,413594
29608,0.002251,74.125.24.0-255,1484,306643,77,413594
29609,0.002269,74.125.24.0-255,5738,312381,77,413594
29610,0.002273,74.125.24.0-255,2902,315283,77,413594
29611,0.002301,74.125.24.0-255,2902,318185,77,413594
29612,0.002315,74.125.24.0-255,5738,323923,77,413594
29613,0.002334,74.125.24.0-255,2902,326825,77,413594
29614,0.002345,74.125.24.0-255,12110,338935,77,413594
29615,0.002398,74.125.24.0-255,1484,340419,77,413594
29616,0.002403,74.125.24.0-255,2902,343321,77,413594
29617,0.002409,74.125.24.0-255,5738,349059,77,413594
29618,0.002433,74.125.24.0-255,11410,360469,77,413594
29619,0.002448,74.125.24.0-255,1484,361953,77,413594
29620,0.002453,74.125.24.0-255,2902,364855,77,413594
29621,0.002489,74.125.24.0-255,7156,372011,77,413594
29622,0.002501,74.125.24.0-255,766,372777,77,413594
29623,0.008429,172.31.40.0-255,66,372843,77,413594
29624,0.011062,74.125.24.0-255,5738,378581,77,413594
29625,0.012642,172.31.40.0-255,66,378647,77,413594
29626,0.01525,74.125.24.0-255,5738,384385,77,413594
29627,0.015256,172.31.40.0-255,66,384451,77,413594
29628,0.017863,74.125.24.0-255,5738,390189,77,413594
29629,0.017873,172.31.40.0-255,66,390255,77,413594
29630,0.020503,74.125.24.0-255,5738,395993,77,413594
29631,0.020519,172.31.40.0-255,66,396059,77,413594
29632,0.023137,74.125.24.0-255,5738,401797,77,413594
29633,0.02315,172.31.40.0-255,66,401863,77,413594
29634,0.025752,74.125.24.0-255,5738,407601,77,413594
29635,0.025762,172.31.40.0-255,66,407667,77,413594
29636,0.028373,74.125.24.0-255,5690,413357,77,413594
29637,0.028383,172.31.40.0-255,66,413423,77,413594
29638,0.029423,172.31.40.0-255,105,413528,77,413594
29639,0.031977,74.125.24.0-255,66,413594,77,413594
29640,0.0,172.31.40.0-255,180,180,77,746
29641,2.7e-05,172.31.40.0-255,434,614,77,746
29642,0.001581,104.244.42.0-255,66,680,77,746
29643,0.001593,104.244.42.0-255,66,746,77,746
29644,0.0,172.217.194.0-255,299,299,77,397833
29645,2.1e-05,172.31.40.0-255,66,365,77,397833
29646,2.8e-05,172.217.194.0-255,1484,1849,77,397833
29647,3.3e-05,172.31.40.0-255,66,1915,77,397833
29648,3.9e-05,172.217.194.0-255,4320,6235,77,397833
29649,4.3e-05,172.31.40.0-255,66,6301,77,397833
29650,6.9e-05,172.217.194.0-255,4320,10621,77,397833
29651,7.2e-05,172.31.40.0-255,66,10687,77,397833
29652,9.5e-05,172.217.194.0-255,3331,14018,77,397833
29653,9.8e-05,172.31.40.0-255,66,14084,77,397833
29654,0.00012,172.217.194.0-255,8574,22658,77,397833
29655,0.000123,172.31.40.0-255,66,22724,77,397833
29656,0.000128,172.217.194.0-255,4320,27044,77,397833
29657,0.00013,172.31.40.0-255,66,27110,77,397833
29658,0.00019,172.217.194.0-255,8574,35684,77,397833
29659,0.000193,172.31.40.0-255,66,35750,77,397833
29660,0.000217,172.217.194.0-255,5738,41488,77,397833
29661,0.00022,172.31.40.0-255,66,41554,77,397833
29662,0.000229,172.217.194.0-255,6438,47992,77,397833
29663,0.000231,172.31.40.0-255,66,48058,77,397833
29664,0.000246,172.217.194.0-255,1484,49542,77,397833
29665,0.000248,172.31.40.0-255,66,49608,77,397833
29666,0.000253,172.217.194.0-255,2902,52510,77,397833
29667,0.000255,172.31.40.0-255,66,52576,77,397833
29668,0.000262,172.217.194.0-255,5738,58314,77,397833
29669,0.000265,172.31.40.0-255,66,58380,77,397833
29670,0.000292,172.217.194.0-255,7387,65767,77,397833
29671,0.000295,172.31.40.0-255,66,65833,77,397833
29672,0.00049,172.217.194.0-255,1484,67317,77,397833
29673,0.000496,172.31.40.0-255,66,67383,77,397833
29674,0.000502,172.217.194.0-255,2902,70285,77,397833
29675,0.000504,172.31.40.0-255,66,70351,77,397833
29676,0.000511,172.217.194.0-255,4320,74671,77,397833
29677,0.000513,172.31.40.0-255,66,74737,77,397833
29678,0.000533,172.217.194.0-255,1484,76221,77,397833
29679,0.000538,172.217.194.0-255,1484,77705,77,397833
29680,0.00054,172.31.40.0-255,66,77771,77,397833
29681,0.000548,172.217.194.0-255,8574,86345,77,397833
29682,0.00055,172.31.40.0-255,66,86411,77,397833
29683,0.000571,172.217.194.0-255,1484,87895,77,397833
29684,0.000588,172.217.194.0-255,7156,95051,77,397833
29685,0.000591,172.31.40.0-255,66,95117,77,397833
29686,0.000605,172.217.194.0-255,5020,100137,77,397833
29687,0.000608,172.31.40.0-255,66,100203,77,397833
29688,0.000627,172.217.194.0-255,4320,104523,77,397833
29689,0.000629,172.31.40.0-255,66,104589,77,397833
29690,0.00065,172.217.194.0-255,9992,114581,77,397833
29691,0.000654,172.31.40.0-255,66,114647,77,397833
29692,0.000682,172.217.194.0-255,9992,124639,77,397833
29693,0.000685,172.31.40.0-255,66,124705,77,397833
29694,0.000705,172.217.194.0-255,1484,126189,77,397833
29695,0.00072,172.217.194.0-255,5738,131927,77,397833
29696,0.000723,172.31.40.0-255,66,131993,77,397833
29697,0.000747,172.217.194.0-255,3602,135595,77,397833
29698,0.000751,172.31.40.0-255,66,135661,77,397833
29699,0.000757,172.217.194.0-255,5738,141399,77,397833
29700,0.000759,172.31.40.0-255,66,141465,77,397833
29701,0.000762,172.217.194.0-255,1484,142949,77,397833
29702,0.000807,172.31.40.0-255,66,143015,77,397833
29703,0.000816,172.217.194.0-255,7856,150871,77,397833
29704,0.000818,172.31.40.0-255,66,150937,77,397833
29705,0.00102,172.217.194.0-255,1484,152421,77,397833
29706,0.001034,172.217.194.0-255,2902,155323,77,397833
29707,0.001038,172.31.40.0-255,66,155389,77,397833
29708,0.001042,172.217.194.0-255,1484,156873,77,397833
29709,0.001063,172.217.194.0-255,4320,161193,77,397833
29710,0.001066,172.31.40.0-255,66,161259,77,397833
29711,0.001089,172.217.194.0-255,9992,171251,77,397833
29712,0.001092,172.31.40.0-255,66,171317,77,397833
29713,0.001105,172.217.194.0-255,2902,174219,77,397833
29714,0.001111,172.217.194.0-255,5738,179957,77,397833
29715,0.001115,172.31.40.0-255,66,180023,77,397833
29716,0.001118,172.31.40.0-255,66,180089,77,397833
29717,0.001145,172.217.194.0-255,5020,185109,77,397833
29718,0.001149,172.31.40.0-255,66,185175,77,397833
29719,0.003165,172.217.194.0-255,5738,190913,77,397833
29720,0.003171,172.31.40.0-255,66,190979,77,397833
29721,0.005201,172.217.194.0-255,2902,193881,77,397833
29722,0.005206,172.31.40.0-255,66,193947,77,397833
29723,0.005222,172.217.194.0-255,2902,196849,77,397833
29724,0.005225,172.31.40.0-255,66,196915,77,397833
29725,0.007254,172.217.194.0-255,5738,202653,77,397833
29726,0.007258,172.31.40.0-255,66,202719,77,397833
29727,0.009272,172.217.194.0-255,5738,208457,77,397833
29728,0.009282,172.31.40.0-255,66,208523,77,397833
29729,0.011325,172.217.194.0-255,5738,214261,77,397833
29730,0.011333,172.31.40.0-255,66,214327,77,397833
29731,0.013386,172.217.194.0-255,5738,220065,77,397833
29732,0.013395,172.31.40.0-255,66,220131,77,397833
29733,0.015429,172.217.194.0-255,5738,225869,77,397833
29734,0.015438,172.31.40.0-255,66,225935,77,397833
29735,0.017489,172.217.194.0-255,5738,231673,77,397833
29736,0.017501,172.31.40.0-255,66,231739,77,397833
29737,0.019523,172.217.194.0-255,5738,237477,77,397833
29738,0.019531,172.31.40.0-255,66,237543,77,397833
29739,0.021579,172.217.194.0-255,5738,243281,77,397833
29740,0.021597,172.31.40.0-255,66,243347,77,397833
29741,0.023618,172.217.194.0-255,5738,249085,77,397833
29742,0.023631,172.31.40.0-255,66,249151,77,397833
29743,0.025674,172.217.194.0-255,5738,254889,77,397833
29744,0.025688,172.31.40.0-255,66,254955,77,397833
29745,0.027714,172.217.194.0-255,5738,260693,77,397833
29746,0.027729,172.31.40.0-255,66,260759,77,397833
29747,0.029752,172.217.194.0-255,5738,266497,77,397833
29748,0.029761,172.31.40.0-255,66,266563,77,397833
29749,0.031786,172.217.194.0-255,5738,272301,77,397833
29750,0.031804,172.31.40.0-255,66,272367,77,397833
29751,0.033862,172.217.194.0-255,5738,278105,77,397833
29752,0.033871,172.31.40.0-255,66,278171,77,397833
29753,0.035912,172.217.194.0-255,5738,283909,77,397833
29754,0.035921,172.31.40.0-255,66,283975,77,397833
29755,0.03797,172.217.194.0-255,5738,289713,77,397833
29756,0.037987,172.31.40.0-255,66,289779,77,397833
29757,0.040016,172.217.194.0-255,5738,295517,77,397833
29758,0.04003,172.31.40.0-255,66,295583,77,397833
29759,0.042091,172.217.194.0-255,5738,301321,77,397833
29760,0.042099,172.31.40.0-255,66,301387,77,397833
29761,0.044118,172.217.194.0-255,5738,307125,77,397833
29762,0.044133,172.31.40.0-255,66,307191,77,397833
29763,0.046158,172.217.194.0-255,5738,312929,77,397833
29764,0.046166,172.31.40.0-255,66,312995,77,397833
29765,0.04818,172.217.194.0-255,5738,318733,77,397833
29766,0.048194,172.31.40.0-255,66,318799,77,397833
29767,0.050235,172.217.194.0-255,5738,324537,77,397833
29768,0.050243,172.31.40.0-255,66,324603,77,397833
29769,0.052284,172.217.194.0-255,5738,330341,77,397833
29770,0.052301,172.31.40.0-255,66,330407,77,397833
29771,0.054311,172.217.194.0-255,5738,336145,77,397833
29772,0.054318,172.31.40.0-255,66,336211,77,397833
29773,0.056372,172.217.194.0-255,5738,341949,77,397833
29774,0.056395,172.31.40.0-255,66,342015,77,397833
29775,0.05845,172.217.194.0-255,5738,347753,77,397833
29776,0.058457,172.31.40.0-255,66,347819,77,397833
29777,0.059468,172.31.40.0-255,172,347991,77,397833
29778,0.059499,172.31.40.0-255,1066,349057,77,397833
29779,0.060487,172.217.194.0-255,5738,354795,77,397833
29780,0.060495,172.31.40.0-255,66,354861,77,397833
29781,0.06102,104.244.42.0-255,66,354927,77,397833
29782,0.061077,104.244.42.0-255,66,354993,77,397833
29783,0.062555,172.217.194.0-255,5738,360731,77,397833
29784,0.062562,172.31.40.0-255,66,360797,77,397833
29785,0.064584,172.217.194.0-255,5738,366535,77,397833
29786,0.064601,172.31.40.0-255,66,366601,77,397833
29787,0.066627,172.217.194.0-255,5738,372339,77,397833
29788,0.066637,172.31.40.0-255,66,372405,77,397833
29789,0.068725,172.217.194.0-255,5738,378143,77,397833
29790,0.068737,172.31.40.0-255,66,378209,77,397833
29791,0.070786,172.217.194.0-255,5738,383947,77,397833
29792,0.0708,172.31.40.0-255,66,384013,77,397833
29793,0.072873,172.217.194.0-255,5738,389751,77,397833
29794,0.07289,172.31.40.0-255,66,389817,77,397833
29795,0.074951,172.217.194.0-255,5738,395555,77,397833
29796,0.074966,172.31.40.0-255,66,395621,77,397833
29797,0.076986,172.217.194.0-255,1975,397596,77,397833
29798,0.077,172.31.40.0-255,66,397662,77,397833
29799,0.077243,172.31.40.0-255,105,397767,77,397833
29800,0.07925,172.217.194.0-255,66,397833,77,397833
29801,0.0,74.125.24.0-255,303,303,77,407093
29802,2.5e-05,172.31.40.0-255,66,369,77,407093
29803,3.2e-05,74.125.24.0-255,1484,1853,77,407093
29804,3.7e-05,172.31.40.0-255,66,1919,77,407093
29805,4.4e-05,74.125.24.0-255,4320,6239,77,407093
29806,4.7e-05,172.31.40.0-255,66,6305,77,407093
29807,7.4e-05,74.125.24.0-255,7610,13915,77,407093
29808,7.7e-05,172.31.40.0-255,66,13981,77,407093
29809,0.000172,74.125.24.0-255,1484,15465,77,407093
29810,0.000176,172.31.40.0-255,66,15531,77,407093
29811,0.00018,74.125.24.0-255,1484,17015,77,407093
29812,0.000181,172.31.40.0-255,66,17081,77,407093
29813,0.000194,74.125.24.0-255,1484,18565,77,407093
29814,0.000196,172.31.40.0-255,66,18631,77,407093
29815,0.000203,74.125.24.0-255,5738,24369,77,407093
29816,0.000205,172.31.40.0-255,66,24435,77,407093
29817,0.00021,74.125.24.0-255,4320,28755,77,407093
29818,0.000213,172.31.40.0-255,66,28821,77,407093
29819,0.000237,74.125.24.0-255,2543,31364,77,407093
29820,0.00024,172.31.40.0-255,66,31430,77,407093
29821,0.000256,74.125.24.0-255,5738,37168,77,407093
29822,0.000258,172.31.40.0-255,66,37234,77,407093
29823,0.000289,74.125.24.0-255,8574,45808,77,407093
29824,0.000291,172.31.40.0-255,66,45874,77,407093
29825,0.000302,74.125.24.0-255,12828,58702,77,407093
29826,0.000304,172.31.40.0-255,66,58768,77,407093
29827,0.000307,74.125.24.0-255,1484,60252,77,407093
29828,0.000309,172.31.40.0-255,66,60318,77,407093
29829,0.000335,74.125.24.0-255,5318,65636,77,407093
29830,0.000338,172.31.40.0-255,66,65702,77,407093
29831,0.000417,74.125.24.0-255,132,65834,77,407093
29832,0.000421,172.31.40.0-255,66,65900,77,407093
29833,0.000424,74.125.24.0-255,345,66245,77,407093
29834,0.000564,74.125.24.0-255,1484,67729,77,407093
29835,0.000568,74.125.24.0-255,1484,69213,77,407093
29836,0.00058,172.31.40.0-255,66,69279,77,407093
29837,0.000584,74.125.24.0-255,1484,70763,77,407093
29838,0.00059,74.125.24.0-255,5738,76501,77,407093
29839,0.000601,172.31.40.0-255,66,76567,77,407093
29840,0.000618,74.125.24.0-255,5738,82305,77,407093
29841,0.000637,74.125.24.0-255,7156,89461,77,407093
29842,0.000645,172.31.40.0-255,66,89527,77,407093
29843,0.000681,74.125.24.0-255,4320,93847,77,407093
29844,0.000686,172.31.40.0-255,66,93913,77,407093
29845,0.000699,74.125.24.0-255,6438,100351,77,407093
29846,0.000703,172.31.40.0-255,66,100417,77,407093
29847,0.000801,74.125.24.0-255,1484,101901,77,407093
29848,0.000806,74.125.24.0-255,1484,103385,77,407093
29849,0.000818,74.125.24.0-255,1484,104869,77,407093
29850,0.000822,172.31.40.0-255,66,104935,77,407093
29851,0.000835,74.125.24.0-255,5738,110673,77,407093
29852,0.000859,74.125.24.0-255,2902,113575,77,407093
29853,0.000864,172.31.40.0-255,66,113641,77,407093
29854,0.000881,74.125.24.0-255,9992,123633,77,407093
29855,0.000887,74.125.24.0-255,4320,127953,77,407093
29856,0.000906,74.125.24.0-255,1484,129437,77,407093
29857,0.000922,74.125.24.0-255,5020,134457,77,407093
29858,0.000935,74.125.24.0-255,1484,135941,77,407093
29859,0.000944,172.31.40.0-255,66,136007,77,407093
29860,0.000951,74.125.24.0-255,4320,140327,77,407093
29861,0.000962,172.31.40.0-255,66,140393,77,407093
29862,0.001,74.125.24.0-255,12828,153221,77,407093
29863,0.001008,74.125.24.0-255,7156,160377,77,407093
29864,0.001021,74.125.24.0-255,1484,161861,77,407093
29865,0.001038,74.125.24.0-255,6438,168299,77,407093
29866,0.001041,172.31.40.0-255,66,168365,77,407093
29867,0.001046,172.31.40.0-255,66,168431,77,407093
29868,0.001234,74.125.24.0-255,1484,169915,77,407093
29869,0.001238,74.125.24.0-255,1484,171399,77,407093
29870,0.001249,172.31.40.0-255,66,171465,77,407093
29871,0.001261,74.125.24.0-255,1484,172949,77,407093
29872,0.001268,74.125.24.0-255,5738,178687,77,407093
29873,0.00129,74.125.24.0-255,8574,187261,77,407093
29874,0.0013,172.31.40.0-255,66,187327,77,407093
29875,0.001316,74.125.24.0-255,4320,191647,77,407093
29876,0.001328,74.125.24.0-255,2902,194549,77,407093
29877,0.001337,172.31.40.0-255,66,194615,77,407093
29878,0.001352,74.125.24.0-255,7856,202471,77,407093
29879,0.001371,172.31.40.0-255,66,202537,77,407093
29880,0.001541,74.125.24.0-255,1484,204021,77,407093
29881,0.001545,74.125.24.0-255,1484,205505,77,407093
29882,0.001561,172.31.40.0-255,66,205571,77,407093
29883,0.001565,74.125.24.0-255,1484,207055,77,407093
29884,0.001571,74.125.24.0-255,5738,212793,77,407093
29885,0.001577,172.31.40.0-255,66,212859,77,407093
29886,0.00159,74.125.24.0-255,7156,220015,77,407093
29887,0.001607,74.125.24.0-255,5738,225753,77,407093
29888,0.001625,74.125.24.0-255,8574,234327,77,407093
29889,0.001628,74.125.24.0-255,1484,235811,77,407093
29890,0.001637,172.31.40.0-255,66,235877,77,407093
29891,0.00164,74.125.24.0-255,766,236643,77,407093
29892,0.001656,74.125.24.0-255,2902,239545,77,407093
29893,0.001673,74.125.24.0-255,5738,245283,77,407093
29894,0.001686,74.125.24.0-255,1484,246767,77,407093
29895,0.001691,74.125.24.0-255,2902,249669,77,407093
29896,0.00173,172.31.40.0-255,66,249735,77,407093
29897,0.001736,172.31.40.0-255,66,249801,77,407093
29898,0.001755,74.125.24.0-255,11410,261211,77,407093
29899,0.001762,74.125.24.0-255,7156,268367,77,407093
29900,0.001775,74.125.24.0-255,2184,270551,77,407093
29901,0.001797,172.31.40.0-255,66,270617,77,407093
29902,0.001871,74.125.24.0-255,1484,272101,77,407093
29903,0.001877,74.125.24.0-255,2902,275003,77,407093
29904,0.00189,74.125.24.0-255,2902,277905,77,407093
29905,0.001895,172.31.40.0-255,66,277971,77,407093
29906,0.001905,74.125.24.0-255,2902,280873,77,407093
29907,0.001909,74.125.24.0-255,2902,283775,77,407093
29908,0.001915,172.31.40.0-255,66,283841,77,407093
29909,0.001932,74.125.24.0-255,9992,293833,77,407093
29910,0.001935,74.125.24.0-255,1484,295317,77,407093
29911,0.001963,74.125.24.0-255,9274,304591,77,407093
29912,0.001968,172.31.40.0-255,66,304657,77,407093
29913,0.002025,74.125.24.0-255,1484,306141,77,407093
29914,0.00203,74.125.24.0-255,2902,309043,77,407093
29915,0.002035,172.31.40.0-255,66,309109,77,407093
29916,0.00206,74.125.24.0-255,5738,314847,77,407093
29917,0.00208,172.31.40.0-255,66,314913,77,407093
29918,0.002102,74.125.24.0-255,12828,327741,77,407093
29919,0.002107,74.125.24.0-255,4320,332061,77,407093
29920,0.002128,172.31.40.0-255,66,332127,77,407093
29921,0.002146,74.125.24.0-255,5738,337865,77,407093
29922,0.00216,74.125.24.0-255,766,338631,77,407093
29923,0.002168,172.31.40.0-255,66,338697,77,407093
29924,0.002185,74.125.24.0-255,4320,343017,77,407093
29925,0.002199,74.125.24.0-255,2902,345919,77,407093
29926,0.002204,74.125.24.0-255,4320,350239,77,407093
29927,0.002212,172.31.40.0-255,66,350305,77,407093
29928,0.00222,74.125.24.0-255,1484,351789,77,407093
29929,0.002234,74.125.24.0-255,7156,358945,77,407093
29930,0.002259,74.125.24.0-255,7156,366101,77,407093
29931,0.002264,74.125.24.0-255,2902,369003,77,407093
29932,0.002275,74.125.24.0-255,4320,373323,77,407093
29933,0.002279,172.31.40.0-255,66,373389,77,407093
29934,0.002284,172.31.40.0-255,66,373455,77,407093
29935,0.002307,74.125.24.0-255,9274,382729,77,407093
29936,0.002328,74.125.24.0-255,6438,389167,77,407093
29937,0.002335,172.31.40.0-255,66,389233,77,407093
29938,0.002352,74.125.24.0-255,2902,392135,77,407093
29939,0.00237,74.125.24.0-255,5352,397487,77,407093
29940,0.002385,172.31.40.0-255,66,397553,77,407093
29941,0.004677,74.125.24.0-255,105,397658,77,407093
29942,0.004742,172.31.40.0-255,66,397724,77,407093
29943,0.004779,172.31.40.0-255,105,397829,77,407093
29944,0.00708,74.125.24.0-255,66,397895,77,407093
29945,0.063483,172.31.40.0-255,172,398067,77,407093
29946,0.063518,172.31.40.0-255,1121,399188,77,407093
29947,0.063589,172.31.40.0-255,1514,400702,77,407093
29948,0.063591,172.31.40.0-255,1514,402216,77,407093
29949,0.063592,172.31.40.0-255,1514,403730,77,407093
29950,0.063593,172.31.40.0-255,1514,405244,77,407093
29951,0.063618,172.31.40.0-255,1477,406721,77,407093
29952,0.065018,104.244.42.0-255,66,406787,77,407093
29953,0.065066,104.244.42.0-255,66,406853,77,407093
29954,0.065176,104.244.42.0-255,66,406919,77,407093
29955,0.065874,104.244.42.0-255,108,407027,77,407093
29956,0.065886,172.31.40.0-255,66,407093,77,407093
29957,0.0,216.58.203.0-255,153,153,77,420723
29958,2e-05,172.31.40.0-255,66,219,77,420723
29959,2.6e-05,216.58.203.0-255,1484,1703,77,420723
29960,3.1e-05,172.31.40.0-255,66,1769,77,420723
29961,3.7e-05,216.58.203.0-255,2902,4671,77,420723
29962,4.1e-05,172.31.40.0-255,66,4737,77,420723
29963,4.6e-05,216.58.203.0-255,2902,7639,77,420723
29964,5e-05,172.31.40.0-255,66,7705,77,420723
29965,7.3e-05,216.58.203.0-255,4320,12025,77,420723
29966,7.6e-05,172.31.40.0-255,66,12091,77,420723
29967,8e-05,216.58.203.0-255,2068,14159,77,420723
29968,8.3e-05,172.31.40.0-255,66,14225,77,420723
29969,0.000107,216.58.203.0-255,2902,17127,77,420723
29970,0.00011,172.31.40.0-255,66,17193,77,420723
29971,0.000114,216.58.203.0-255,2902,20095,77,420723
29972,0.000117,172.31.40.0-255,66,20161,77,420723
29973,0.000121,216.58.203.0-255,4320,24481,77,420723
29974,0.000124,172.31.40.0-255,66,24547,77,420723
29975,0.000171,216.58.203.0-255,4320,28867,77,420723
29976,0.000173,172.31.40.0-255,66,28933,77,420723
29977,0.000193,216.58.203.0-255,2543,31476,77,420723
29978,0.000195,172.31.40.0-255,66,31542,77,420723
29979,0.000215,216.58.203.0-255,4320,35862,77,420723
29980,0.000217,172.31.40.0-255,66,35928,77,420723
29981,0.000221,216.58.203.0-255,2902,38830,77,420723
29982,0.000223,172.31.40.0-255,66,38896,77,420723
29983,0.000239,216.58.203.0-255,2902,41798,77,420723
29984,0.000258,172.31.40.0-255,66,41864,77,420723
29985,0.000264,216.58.203.0-255,4320,46184,77,420723
29986,0.00027,172.31.40.0-255,66,46250,77,420723
29987,0.000294,216.58.203.0-255,2543,48793,77,420723
29988,0.000296,172.31.40.0-255,66,48859,77,420723
29989,0.000374,216.58.203.0-255,1484,50343,77,420723
29990,0.00038,216.58.203.0-255,1484,51827,77,420723
29991,0.000382,172.31.40.0-255,66,51893,77,420723
29992,0.000405,216.58.203.0-255,1484,53377,77,420723
29993,0.000413,216.58.203.0-255,5738,59115,77,420723
29994,0.000415,172.31.40.0-255,66,59181,77,420723
29995,0.000422,216.58.203.0-255,5738,64919,77,420723
29996,0.000425,172.31.40.0-255,66,64985,77,420723
29997,0.000436,216.58.203.0-255,1419,66404,77,420723
29998,0.000995,216.58.203.0-255,135,66539,77,420723
29999,0.001001,172.31.40.0-255,66,66605,77,420723
30000,0.00111,216.58.203.0-255,1484,68089,77,420723
30001,0.001115,216.58.203.0-255,1484,69573,77,420723
30002,0.001119,172.31.40.0-255,66,69639,77,420723
30003,0.001133,216.58.203.0-255,1484,71123,77,420723
30004,0.001139,216.58.203.0-255,4320,75443,77,420723
30005,0.001141,172.31.40.0-255,66,75509,77,420723
30006,0.001161,216.58.203.0-255,7156,82665,77,420723
30007,0.001163,172.31.40.0-255,66,82731,77,420723
30008,0.001177,216.58.203.0-255,2543,85274,77,420723
30009,0.00118,172.31.40.0-255,66,85340,77,420723
30010,0.00119,216.58.203.0-255,9992,95332,77,420723
30011,0.001192,172.31.40.0-255,66,95398,77,420723
30012,0.001215,216.58.203.0-255,2902,98300,77,420723
30013,0.001218,172.31.40.0-255,66,98366,77,420723
30014,0.001222,216.58.203.0-255,2543,100909,77,420723
30015,0.001225,172.31.40.0-255,66,100975,77,420723
30016,0.002868,216.58.203.0-255,5738,106713,77,420723
30017,0.002874,172.31.40.0-255,66,106779,77,420723
30018,0.004496,216.58.203.0-255,5738,112517,77,420723
30019,0.004501,172.31.40.0-255,66,112583,77,420723
30020,0.006136,216.58.203.0-255,5738,118321,77,420723
30021,0.006147,172.31.40.0-255,66,118387,77,420723
30022,0.007786,216.58.203.0-255,5738,124125,77,420723
30023,0.007796,172.31.40.0-255,66,124191,77,420723
30024,0.009427,216.58.203.0-255,5738,129929,77,420723
30025,0.009434,172.31.40.0-255,66,129995,77,420723
30026,0.011048,216.58.203.0-255,4320,134315,77,420723
30027,0.011053,172.31.40.0-255,66,134381,77,420723
30028,0.011069,216.58.203.0-255,1484,135865,77,420723
30029,0.012671,216.58.203.0-255,4320,140185,77,420723
30030,0.012677,172.31.40.0-255,66,140251,77,420723
30031,0.01431,216.58.203.0-255,5738,145989,77,420723
30032,0.01432,172.31.40.0-255,66,146055,77,420723
30033,0.015944,216.58.203.0-255,5738,151793,77,420723
30034,0.015951,172.31.40.0-255,66,151859,77,420723
30035,0.01759,216.58.203.0-255,5738,157597,77,420723
30036,0.017599,172.31.40.0-255,66,157663,77,420723
30037,0.019232,216.58.203.0-255,5738,163401,77,420723
30038,0.019239,172.31.40.0-255,66,163467,77,420723
30039,0.020887,216.58.203.0-255,5738,169205,77,420723
30040,0.020895,172.31.40.0-255,66,169271,77,420723
30041,0.022526,216.58.203.0-255,5738,175009,77,420723
30042,0.022532,172.31.40.0-255,66,175075,77,420723
30043,0.024164,216.58.203.0-255,5738,180813,77,420723
30044,0.024169,172.31.40.0-255,66,180879,77,420723
30045,0.025802,216.58.203.0-255,5738,186617,77,420723
30046,0.025809,172.31.40.0-255,66,186683,77,420723
30047,0.027444,216.58.203.0-255,5738,192421,77,420723
30048,0.027456,172.31.40.0-255,66,192487,77,420723
30049,0.029083,216.58.203.0-255,5738,198225,77,420723
30050,0.029091,172.31.40.0-255,66,198291,77,420723
30051,0.030731,216.58.203.0-255,5738,204029,77,420723
30052,0.030738,172.31.40.0-255,66,204095,77,420723
30053,0.032369,216.58.203.0-255,5738,209833,77,420723
30054,0.032377,172.31.40.0-255,66,209899,77,420723
30055,0.034021,216.58.203.0-255,5738,215637,77,420723
30056,0.034033,172.31.40.0-255,66,215703,77,420723
30057,0.035667,216.58.203.0-255,5738,221441,77,420723
30058,0.035673,172.31.40.0-255,66,221507,77,420723
30059,0.037432,216.58.203.0-255,5738,227245,77,420723
30060,0.03744,172.31.40.0-255,66,227311,77,420723
30061,0.039067,216.58.203.0-255,5738,233049,77,420723
30062,0.039075,172.31.40.0-255,66,233115,77,420723
30063,0.040479,172.31.40.0-255,172,233287,77,420723
30064,0.040511,172.31.40.0-255,1120,234407,77,420723
30065,0.040577,172.31.40.0-255,1514,235921,77,420723
30066,0.040579,172.31.40.0-255,1514,237435,77,420723
30067,0.04058,172.31.40.0-255,586,238021,77,420723
30068,0.040701,216.58.203.0-255,5738,243759,77,420723
30069,0.040707,172.31.40.0-255,66,243825,77,420723
30070,0.041978,104.244.42.0-255,66,243891,77,420723
30071,0.041989,104.244.42.0-255,66,243957,77,420723
30072,0.042074,104.244.42.0-255,66,244023,77,420723
30073,0.042079,104.244.42.0-255,66,244089,77,420723
30074,0.042334,216.58.203.0-255,5738,249827,77,420723
30075,0.042343,172.31.40.0-255,66,249893,77,420723
30076,0.042744,104.244.42.0-255,108,250001,77,420723
30077,0.042754,172.31.40.0-255,66,250067,77,420723
30078,0.04398,216.58.203.0-255,5738,255805,77,420723
30079,0.043986,172.31.40.0-255,66,255871,77,420723
30080,0.045621,216.58.203.0-255,5738,261609,77,420723
30081,0.045629,172.31.40.0-255,66,261675,77,420723
30082,0.047276,216.58.203.0-255,5738,267413,77,420723
30083,0.04729,172.31.40.0-255,66,267479,77,420723
30084,0.04892,216.58.203.0-255,5738,273217,77,420723
30085,0.048933,172.31.40.0-255,66,273283,77,420723
30086,0.050564,216.58.203.0-255,5738,279021,77,420723
30087,0.050574,172.31.40.0-255,66,279087,77,420723
30088,0.052225,216.58.203.0-255,5738,284825,77,420723
30089,0.052237,172.31.40.0-255,66,284891,77,420723
30090,0.053957,216.58.203.0-255,5738,290629,77,420723
30091,0.053966,172.31.40.0-255,66,290695,77,420723
30092,0.055588,216.58.203.0-255,5738,296433,77,420723
30093,0.055594,172.31.40.0-255,66,296499,77,420723
30094,0.057231,216.58.203.0-255,5738,302237,77,420723
30095,0.057242,172.31.40.0-255,66,302303,77,420723
30096,0.058882,216.58.203.0-255,5738,308041,77,420723
30097,0.058894,172.31.40.0-255,66,308107,77,420723
30098,0.060523,216.58.203.0-255,5738,313845,77,420723
30099,0.060533,172.31.40.0-255,66,313911,77,420723
30100,0.062171,216.58.203.0-255,5738,319649,77,420723
30101,0.062182,172.31.40.0-255,66,319715,77,420723
30102,0.063816,216.58.203.0-255,5738,325453,77,420723
30103,0.063828,172.31.40.0-255,66,325519,77,420723
30104,0.065478,216.58.203.0-255,5738,331257,77,420723
30105,0.06549,172.31.40.0-255,66,331323,77,420723
30106,0.067131,216.58.203.0-255,5738,337061,77,420723
30107,0.06714,172.31.40.0-255,66,337127,77,420723
30108,0.06878,216.58.203.0-255,5738,342865,77,420723
30109,0.068789,172.31.40.0-255,66,342931,77,420723
30110,0.070427,216.58.203.0-255,5738,348669,77,420723
30111,0.070437,172.31.40.0-255,66,348735,77,420723
30112,0.072075,216.58.203.0-255,5738,354473,77,420723
30113,0.072084,172.31.40.0-255,66,354539,77,420723
30114,0.073719,216.58.203.0-255,5738,360277,77,420723
30115,0.073725,172.31.40.0-255,66,360343,77,420723
30116,0.075353,216.58.203.0-255,5738,366081,77,420723
30117,0.075362,172.31.40.0-255,66,366147,77,420723
30118,0.076991,216.58.203.0-255,5738,371885,77,420723
30119,0.077001,172.31.40.0-255,66,371951,77,420723
30120,0.078641,216.58.203.0-255,5738,377689,77,420723
30121,0.078652,172.31.40.0-255,66,377755,77,420723
30122,0.08032,216.58.203.0-255,5738,383493,77,420723
30123,0.080329,172.31.40.0-255,66,383559,77,420723
30124,0.081986,216.58.203.0-255,5738,389297,77,420723
30125,0.081996,172.31.40.0-255,66,389363,77,420723
30126,0.083633,216.58.203.0-255,5738,395101,77,420723
30127,0.083643,172.31.40.0-255,66,395167,77,420723
30128,0.085274,216.58.203.0-255,5738,400905,77,420723
30129,0.085284,172.31.40.0-255,66,400971,77,420723
30130,0.086933,216.58.203.0-255,5738,406709,77,420723
30131,0.086945,172.31.40.0-255,66,406775,77,420723
30132,0.088587,216.58.203.0-255,5738,412513,77,420723
30133,0.088598,172.31.40.0-255,66,412579,77,420723
30134,0.090227,216.58.203.0-255,5738,418317,77,420723
30135,0.090238,172.31.40.0-255,66,418383,77,420723
30136,0.091898,216.58.203.0-255,2103,420486,77,420723
30137,0.091906,172.31.40.0-255,66,420552,77,420723
30138,0.092075,172.31.40.0-255,105,420657,77,420723
30139,0.093673,216.58.203.0-255,66,420723,77,420723
30140,0.0,172.217.194.0-255,152,152,77,421761
30141,2.4e-05,172.31.40.0-255,66,218,77,421761
30142,3.2e-05,172.217.194.0-255,1484,1702,77,421761
30143,3.7e-05,172.31.40.0-255,66,1768,77,421761
30144,4.2e-05,172.217.194.0-255,2902,4670,77,421761
30145,4.5e-05,172.31.40.0-255,66,4736,77,421761
30146,5.3e-05,172.217.194.0-255,7156,11892,77,421761
30147,5.6e-05,172.31.40.0-255,66,11958,77,421761
30148,6e-05,172.217.194.0-255,2011,13969,77,421761
30149,6.4e-05,172.31.40.0-255,66,14035,77,421761
30150,0.0001,172.217.194.0-255,11410,25445,77,421761
30151,0.000103,172.31.40.0-255,66,25511,77,421761
30152,0.000109,172.217.194.0-255,5379,30890,77,421761
30153,0.000112,172.31.40.0-255,66,30956,77,421761
30154,0.000621,172.217.194.0-255,1484,32440,77,421761
30155,0.000627,172.31.40.0-255,66,32506,77,421761
30156,0.000633,172.217.194.0-255,2902,35408,77,421761
30157,0.000635,172.31.40.0-255,66,35474,77,421761
30158,0.000651,172.217.194.0-255,2902,38376,77,421761
30159,0.000654,172.31.40.0-255,66,38442,77,421761
30160,0.000678,172.217.194.0-255,7156,45598,77,421761
30161,0.000681,172.31.40.0-255,66,45664,77,421761
30162,0.000716,172.217.194.0-255,7156,52820,77,421761
30163,0.000719,172.31.40.0-255,66,52886,77,421761
30164,0.000745,172.217.194.0-255,7156,60042,77,421761
30165,0.000748,172.31.40.0-255,66,60108,77,421761
30166,0.000769,172.217.194.0-255,5020,65128,77,421761
30167,0.000772,172.31.40.0-255,66,65194,77,421761
30168,0.000856,172.217.194.0-255,365,65559,77,421761
30169,0.00086,172.31.40.0-255,66,65625,77,421761
30170,0.00089,172.217.194.0-255,1484,67109,77,421761
30171,0.000893,172.31.40.0-255,66,67175,77,421761
30172,0.000914,172.217.194.0-255,4320,71495,77,421761
30173,0.000916,172.31.40.0-255,66,71561,77,421761
30174,0.000955,172.217.194.0-255,9992,81553,77,421761
30175,0.000958,172.31.40.0-255,66,81619,77,421761
30176,0.000961,172.217.194.0-255,857,82476,77,421761
30177,0.001251,172.31.40.0-255,66,82542,77,421761
30178,0.001452,172.217.194.0-255,1484,84026,77,421761
30179,0.001462,172.217.194.0-255,2902,86928,77,421761
30180,0.001466,172.31.40.0-255,66,86994,77,421761
30181,0.00147,172.217.194.0-255,1484,88478,77,421761
30182,0.001491,172.217.194.0-255,2902,91380,77,421761
30183,0.001493,172.31.40.0-255,66,91446,77,421761
30184,0.001523,172.217.194.0-255,4320,95766,77,421761
30185,0.001526,172.31.40.0-255,66,95832,77,421761
30186,0.001552,172.217.194.0-255,5379,101211,77,421761
30187,0.001555,172.31.40.0-255,66,101277,77,421761
30188,0.001565,172.217.194.0-255,9992,111269,77,421761
30189,0.001567,172.31.40.0-255,66,111335,77,421761
30190,0.001598,172.217.194.0-255,5738,117073,77,421761
30191,0.001601,172.31.40.0-255,66,117139,77,421761
30192,0.001622,172.217.194.0-255,4320,121459,77,421761
30193,0.001624,172.31.40.0-255,66,121525,77,421761
30194,0.001634,172.217.194.0-255,11410,132935,77,421761
30195,0.001637,172.31.40.0-255,66,133001,77,421761
30196,0.001639,172.217.194.0-255,766,133767,77,421761
30197,0.001858,172.217.194.0-255,1484,135251,77,421761
30198,0.001864,172.31.40.0-255,66,135317,77,421761
30199,0.001871,172.217.194.0-255,2902,138219,77,421761
30200,0.001874,172.31.40.0-255,66,138285,77,421761
30201,0.001905,172.217.194.0-255,5738,144023,77,421761
30202,0.001908,172.31.40.0-255,66,144089,77,421761
30203,0.001926,172.217.194.0-255,4320,148409,77,421761
30204,0.001929,172.31.40.0-255,66,148475,77,421761
30205,0.001959,172.217.194.0-255,8574,157049,77,421761
30206,0.001962,172.31.40.0-255,66,157115,77,421761
30207,0.002,172.217.194.0-255,1484,158599,77,421761
30208,0.002021,172.217.194.0-255,9274,167873,77,421761
30209,0.002024,172.31.40.0-255,66,167939,77,421761
30210,0.002204,172.217.194.0-255,1484,169423,77,421761
30211,0.00221,172.217.194.0-255,1484,170907,77,421761
30212,0.002214,172.31.40.0-255,66,170973,77,421761
30213,0.002233,172.217.194.0-255,1484,172457,77,421761
30214,0.002239,172.217.194.0-255,5738,178195,77,421761
30215,0.002242,172.31.40.0-255,66,178261,77,421761
30216,0.002255,172.217.194.0-255,2902,181163,77,421761
30217,0.002258,172.31.40.0-255,66,181229,77,421761
30218,0.002273,172.217.194.0-255,2902,184131,77,421761
30219,0.002276,172.31.40.0-255,66,184197,77,421761
30220,0.002281,172.217.194.0-255,2902,187099,77,421761
30221,0.002283,172.31.40.0-255,66,187165,77,421761
30222,0.002311,172.217.194.0-255,9992,197157,77,421761
30223,0.002314,172.31.40.0-255,66,197223,77,421761
30224,0.002333,172.217.194.0-255,5020,202243,77,421761
30225,0.002335,172.31.40.0-255,66,202309,77,421761
30226,0.002368,172.217.194.0-255,1484,203793,77,421761
30227,0.002371,172.217.194.0-255,1484,205277,77,421761
30228,0.002374,172.31.40.0-255,66,205343,77,421761
30229,0.00239,172.217.194.0-255,1484,206827,77,421761
30230,0.002393,172.217.194.0-255,1484,208311,77,421761
30231,0.002395,172.31.40.0-255,66,208377,77,421761
30232,0.002418,172.217.194.0-255,4320,212697,77,421761
30233,0.00242,172.31.40.0-255,66,212763,77,421761
30234,0.002426,172.217.194.0-255,5738,218501,77,421761
30235,0.002429,172.31.40.0-255,66,218567,77,421761
30236,0.002448,172.217.194.0-255,5738,224305,77,421761
30237,0.002451,172.31.40.0-255,66,224371,77,421761
30238,0.002472,172.217.194.0-255,7156,231527,77,421761
30239,0.002475,172.31.40.0-255,66,231593,77,421761
30240,0.002479,172.217.194.0-255,2902,234495,77,421761
30241,0.002481,172.31.40.0-255,66,234561,77,421761
30242,0.002516,172.217.194.0-255,2184,236745,77,421761
30243,0.002518,172.31.40.0-255,66,236811,77,421761
30244,0.004786,172.31.40.0-255,101,236912,77,421761
30245,0.005093,172.217.194.0-255,2902,239814,77,421761
30246,0.0051,172.31.40.0-255,66,239880,77,421761
30247,0.005142,172.217.194.0-255,2902,242782,77,421761
30248,0.005147,172.31.40.0-255,66,242848,77,421761
30249,0.007371,172.217.194.0-255,66,242914,77,421761
30250,0.007715,172.217.194.0-255,2902,245816,77,421761
30251,0.00772,172.31.40.0-255,66,245882,77,421761
30252,0.007763,172.217.194.0-255,2902,248784,77,421761
30253,0.007766,172.31.40.0-255,66,248850,77,421761
30254,0.010365,172.217.194.0-255,2902,251752,77,421761
30255,0.010373,172.31.40.0-255,66,251818,77,421761
30256,0.010402,172.217.194.0-255,2902,254720,77,421761
30257,0.010405,172.31.40.0-255,66,254786,77,421761
30258,0.013014,172.217.194.0-255,2902,257688,77,421761
30259,0.013033,172.31.40.0-255,66,257754,77,421761
30260,0.013057,172.217.194.0-255,2902,260656,77,421761
30261,0.013059,172.31.40.0-255,66,260722,77,421761
30262,0.015685,172.217.194.0-255,5738,266460,77,421761
30263,0.015699,172.31.40.0-255,66,266526,77,421761
30264,0.018409,172.217.194.0-255,5738,272264,77,421761
30265,0.018424,172.31.40.0-255,66,272330,77,421761
30266,0.02107,172.217.194.0-255,5738,278068,77,421761
30267,0.021081,172.31.40.0-255,66,278134,77,421761
30268,0.023712,172.217.194.0-255,5738,283872,77,421761
30269,0.023722,172.31.40.0-255,66,283938,77,421761
30270,0.026374,172.217.194.0-255,5738,289676,77,421761
30271,0.026384,172.31.40.0-255,66,289742,77,421761
30272,0.029042,172.217.194.0-255,5738,295480,77,421761
30273,0.029048,172.31.40.0-255,66,295546,77,421761
30274,0.031756,172.217.194.0-255,5738,301284,77,421761
30275,0.031767,172.31.40.0-255,66,301350,77,421761
30276,0.034426,172.217.194.0-255,5738,307088,77,421761
30277,0.034434,172.31.40.0-255,66,307154,77,421761
30278,0.037091,172.217.194.0-255,5738,312892,77,421761
30279,0.037109,172.31.40.0-255,66,312958,77,421761
30280,0.03975,172.217.194.0-255,5738,318696,77,421761
30281,0.039767,172.31.40.0-255,66,318762,77,421761
30282,0.042436,172.217.194.0-255,5738,324500,77,421761
30283,0.042453,172.31.40.0-255,66,324566,77,421761
30284,0.045094,172.217.194.0-255,5738,330304,77,421761
30285,0.045102,172.31.40.0-255,66,330370,77,421761
30286,0.047826,172.217.194.0-255,5738,336108,77,421761
30287,0.047843,172.31.40.0-255,66,336174,77,421761
30288,0.049449,172.31.40.0-255,172,336346,77,421761
30289,0.049484,172.31.40.0-255,1119,337465,77,421761
30290,0.049549,172.31.40.0-255,1514,338979,77,421761
30291,0.04955,172.31.40.0-255,1276,340255,77,421761
30292,0.050493,172.217.194.0-255,5738,345993,77,421761
30293,0.0505,172.31.40.0-255,66,346059,77,421761
30294,0.050987,104.244.42.0-255,66,346125,77,421761
30295,0.051046,104.244.42.0-255,66,346191,77,421761
30296,0.051136,104.244.42.0-255,66,346257,77,421761
30297,0.053131,172.217.194.0-255,5738,351995,77,421761
30298,0.053148,172.31.40.0-255,66,352061,77,421761
30299,0.055788,172.217.194.0-255,5738,357799,77,421761
30300,0.055806,172.31.40.0-255,66,357865,77,421761
30301,0.058498,172.217.194.0-255,5738,363603,77,421761
30302,0.058517,172.31.40.0-255,66,363669,77,421761
30303,0.061197,172.217.194.0-255,5738,369407,77,421761
30304,0.061211,172.31.40.0-255,66,369473,77,421761
30305,0.063862,172.217.194.0-255,5738,375211,77,421761
30306,0.063882,172.31.40.0-255,66,375277,77,421761
30307,0.06657,172.217.194.0-255,5738,381015,77,421761
30308,0.066588,172.31.40.0-255,66,381081,77,421761
30309,0.069253,172.217.194.0-255,5738,386819,77,421761
30310,0.069272,172.31.40.0-255,66,386885,77,421761
30311,0.07194,172.217.194.0-255,5738,392623,77,421761
30312,0.071959,172.31.40.0-255,66,392689,77,421761
30313,0.074617,172.217.194.0-255,5738,398427,77,421761
30314,0.074634,172.31.40.0-255,66,398493,77,421761
30315,0.077278,172.217.194.0-255,5738,404231,77,421761
30316,0.077294,172.31.40.0-255,66,404297,77,421761
30317,0.079958,172.217.194.0-255,5738,410035,77,421761
30318,0.07997,172.31.40.0-255,66,410101,77,421761
30319,0.08265,172.217.194.0-255,5738,415839,77,421761
30320,0.082668,172.31.40.0-255,66,415905,77,421761
30321,0.085344,172.217.194.0-255,5619,421524,77,421761
30322,0.085363,172.31.40.0-255,66,421590,77,421761
30323,0.085671,172.31.40.0-255,105,421695,77,421761
30324,0.093934,172.217.194.0-255,66,421761,77,421761
30325,0.0,172.217.194.0-255,153,153,77,358676
30326,1.4e-05,172.31.40.0-255,66,219,77,358676
30327,4.8e-05,172.217.194.0-255,1484,1703,77,358676
30328,5.3e-05,172.31.40.0-255,66,1769,77,358676
30329,5.9e-05,172.217.194.0-255,2902,4671,77,358676
30330,6.2e-05,172.31.40.0-255,66,4737,77,358676
30331,7.5e-05,172.217.194.0-255,7156,11893,77,358676
30332,7.8e-05,172.31.40.0-255,66,11959,77,358676
30333,0.00013,172.31.40.0-255,66,12025,77,358676
30334,0.000136,172.217.194.0-255,3961,15986,77,358676
30335,0.000139,172.31.40.0-255,66,16052,77,358676
30336,0.000468,172.217.194.0-255,1484,17536,77,358676
30337,0.000473,172.31.40.0-255,66,17602,77,358676
30338,0.00048,172.217.194.0-255,2902,20504,77,358676
30339,0.000483,172.31.40.0-255,66,20570,77,358676
30340,0.000495,172.217.194.0-255,5738,26308,77,358676
30341,0.000497,172.31.40.0-255,66,26374,77,358676
30342,0.000503,172.217.194.0-255,5738,32112,77,358676
30343,0.000507,172.31.40.0-255,66,32178,77,358676
30344,0.000531,172.217.194.0-255,2902,35080,77,358676
30345,0.000534,172.31.40.0-255,66,35146,77,358676
30346,0.000577,172.31.40.0-255,66,35212,77,358676
30347,0.000579,172.217.194.0-255,340,35552,77,358676
30348,0.000581,172.31.40.0-255,66,35618,77,358676
30349,0.000585,172.217.194.0-255,118,35736,77,358676
30350,0.000587,172.31.40.0-255,66,35802,77,358676
30351,0.000662,172.217.194.0-255,1484,37286,77,358676
30352,0.000665,172.31.40.0-255,66,37352,77,358676
30353,0.000671,172.217.194.0-255,2902,40254,77,358676
30354,0.000673,172.31.40.0-255,66,40320,77,358676
30355,0.000678,172.217.194.0-255,2902,43222,77,358676
30356,0.000685,172.31.40.0-255,66,43288,77,358676
30357,0.000721,172.217.194.0-255,2902,46190,77,358676
30358,0.000724,172.31.40.0-255,66,46256,77,358676
30359,0.000731,172.217.194.0-255,6797,53053,77,358676
30360,0.000733,172.31.40.0-255,66,53119,77,358676
30361,0.000751,172.31.40.0-255,66,53185,77,358676
30362,0.000756,172.217.194.0-255,2543,55728,77,358676
30363,0.000758,172.31.40.0-255,66,55794,77,358676
30364,0.000789,172.217.194.0-255,381,56175,77,358676
30365,0.001079,172.217.194.0-255,1484,57659,77,358676
30366,0.001083,172.31.40.0-255,66,57725,77,358676
30367,0.001086,172.217.194.0-255,1484,59209,77,358676
30368,0.001108,172.217.194.0-255,1484,60693,77,358676
30369,0.00111,172.31.40.0-255,66,60759,77,358676
30370,0.001116,172.217.194.0-255,5738,66497,77,358676
30371,0.001118,172.31.40.0-255,66,66563,77,358676
30372,0.001126,172.217.194.0-255,4320,70883,77,358676
30373,0.001128,172.31.40.0-255,66,70949,77,358676
30374,0.001164,172.217.194.0-255,11410,82359,77,358676
30375,0.001167,172.31.40.0-255,66,82425,77,358676
30376,0.001174,172.217.194.0-255,7856,90281,77,358676
30377,0.001176,172.31.40.0-255,66,90347,77,358676
30378,0.00123,172.217.194.0-255,1484,91831,77,358676
30379,0.001234,172.217.194.0-255,2902,94733,77,358676
30380,0.001236,172.31.40.0-255,66,94799,77,358676
30381,0.001239,172.217.194.0-255,1484,96283,77,358676
30382,0.001263,172.217.194.0-255,4320,100603,77,358676
30383,0.001266,172.31.40.0-255,66,100669,77,358676
30384,0.001273,172.217.194.0-255,7156,107825,77,358676
30385,0.001275,172.31.40.0-255,66,107891,77,358676
30386,0.001294,172.217.194.0-255,7156,115047,77,358676
30387,0.001297,172.31.40.0-255,66,115113,77,358676
30388,0.00133,172.217.194.0-255,7156,122269,77,358676
30389,0.001333,172.31.40.0-255,66,122335,77,358676
30390,0.001337,172.217.194.0-255,2184,124519,77,358676
30391,0.001338,172.31.40.0-255,66,124585,77,358676
30392,0.001827,172.217.194.0-255,1484,126069,77,358676
30393,0.001835,172.217.194.0-255,2902,128971,77,358676
30394,0.001839,172.31.40.0-255,66,129037,77,358676
30395,0.001846,172.217.194.0-255,5738,134775,77,358676
30396,0.001848,172.31.40.0-255,66,134841,77,358676
30397,0.00188,172.217.194.0-255,11410,146251,77,358676
30398,0.001883,172.31.40.0-255,66,146317,77,358676
30399,0.001909,172.217.194.0-255,1484,147801,77,358676
30400,0.001915,172.217.194.0-255,5738,153539,77,358676
30401,0.001917,172.31.40.0-255,66,153605,77,358676
30402,0.001942,172.217.194.0-255,5020,158625,77,358676
30403,0.001944,172.31.40.0-255,66,158691,77,358676
30404,0.001964,172.217.194.0-255,5738,164429,77,358676
30405,0.001966,172.31.40.0-255,66,164495,77,358676
30406,0.001994,172.217.194.0-255,9992,174487,77,358676
30407,0.001997,172.31.40.0-255,66,174553,77,358676
30408,0.001999,172.217.194.0-255,1484,176037,77,358676
30409,0.002035,172.31.40.0-255,66,176103,77,358676
30410,0.002037,172.217.194.0-255,766,176869,77,358676
30411,0.002163,172.217.194.0-255,1484,178353,77,358676
30412,0.002166,172.31.40.0-255,66,178419,77,358676
30413,0.002171,172.217.194.0-255,2902,181321,77,358676
30414,0.002173,172.31.40.0-255,66,181387,77,358676
30415,0.002205,172.217.194.0-255,5738,187125,77,358676
30416,0.002207,172.31.40.0-255,66,187191,77,358676
30417,0.002218,172.217.194.0-255,7156,194347,77,358676
30418,0.002224,172.31.40.0-255,66,194413,77,358676
30419,0.002257,172.217.194.0-255,5738,200151,77,358676
30420,0.002259,172.31.40.0-255,66,200217,77,358676
30421,0.002268,172.217.194.0-255,10692,210909,77,358676
30422,0.00227,172.31.40.0-255,66,210975,77,358676
30423,0.00454,172.217.194.0-255,5738,216713,77,358676
30424,0.004543,172.31.40.0-255,66,216779,77,358676
30425,0.006882,172.217.194.0-255,5738,222517,77,358676
30426,0.00689,172.31.40.0-255,66,222583,77,358676
30427,0.009152,172.217.194.0-255,5738,228321,77,358676
30428,0.009156,172.31.40.0-255,66,228387,77,358676
30429,0.011435,172.217.194.0-255,5738,234125,77,358676
30430,0.011443,172.31.40.0-255,66,234191,77,358676
30431,0.013709,172.217.194.0-255,5738,239929,77,358676
30432,0.013716,172.31.40.0-255,66,239995,77,358676
30433,0.016007,172.217.194.0-255,5738,245733,77,358676
30434,0.016014,172.31.40.0-255,66,245799,77,358676
30435,0.018315,172.217.194.0-255,5738,251537,77,358676
30436,0.018323,172.31.40.0-255,66,251603,77,358676
30437,0.020602,172.217.194.0-255,5738,257341,77,358676
30438,0.020611,172.31.40.0-255,66,257407,77,358676
30439,0.022924,172.217.194.0-255,5738,263145,77,358676
30440,0.02293,172.31.40.0-255,66,263211,77,358676
30441,0.025188,172.217.194.0-255,5738,268949,77,358676
30442,0.025194,172.31.40.0-255,66,269015,77,358676
30443,0.027461,172.217.194.0-255,5738,274753,77,358676
30444,0.027468,172.31.40.0-255,66,274819,77,358676
30445,0.029742,172.217.194.0-255,5738,280557,77,358676
30446,0.029749,172.31.40.0-255,66,280623,77,358676
30447,0.032031,172.217.194.0-255,5738,286361,77,358676
30448,0.032038,172.31.40.0-255,66,286427,77,358676
30449,0.034332,172.217.194.0-255,5738,292165,77,358676
30450,0.034339,172.31.40.0-255,66,292231,77,358676
30451,0.03573,172.31.40.0-255,172,292403,77,358676
30452,0.035762,172.31.40.0-255,1119,293522,77,358676
30453,0.035826,172.31.40.0-255,1514,295036,77,358676
30454,0.035828,172.31.40.0-255,1276,296312,77,358676
30455,0.036633,172.217.194.0-255,5738,302050,77,358676
30456,0.03664,172.31.40.0-255,66,302116,77,358676
30457,0.037284,104.244.42.0-255,66,302182,77,358676
30458,0.037292,104.244.42.0-255,66,302248,77,358676
30459,0.037397,104.244.42.0-255,66,302314,77,358676
30460,0.038951,172.217.194.0-255,5738,308052,77,358676
30461,0.038956,172.31.40.0-255,66,308118,77,358676
30462,0.041238,172.217.194.0-255,5738,313856,77,358676
30463,0.041245,172.31.40.0-255,66,313922,77,358676
30464,0.043541,172.217.194.0-255,5738,319660,77,358676
30465,0.043551,172.31.40.0-255,66,319726,77,358676
30466,0.045854,172.217.194.0-255,5738,325464,77,358676
30467,0.045862,172.31.40.0-255,66,325530,77,358676
30468,0.048139,172.217.194.0-255,5738,331268,77,358676
30469,0.048144,172.31.40.0-255,66,331334,77,358676
30470,0.050437,172.217.194.0-255,5738,337072,77,358676
30471,0.050444,172.31.40.0-255,66,337138,77,358676
30472,0.052773,172.217.194.0-255,5738,342876,77,358676
30473,0.05278,172.31.40.0-255,66,342942,77,358676
30474,0.055062,172.217.194.0-255,5738,348680,77,358676
30475,0.055069,172.31.40.0-255,66,348746,77,358676
30476,0.057382,172.217.194.0-255,5738,354484,77,358676
30477,0.057389,172.31.40.0-255,66,354550,77,358676
30478,0.05968,172.217.194.0-255,3889,358439,77,358676
30479,0.059686,172.31.40.0-255,66,358505,77,358676
30480,0.059858,172.31.40.0-255,105,358610,77,358676
30481,0.062092,172.217.194.0-255,66,358676,77,358676
30482,0.0,172.217.194.0-255,156,156,77,416666
30483,2.3e-05,172.31.40.0-255,66,222,77,416666
30484,3.1e-05,172.217.194.0-255,1484,1706,77,416666
30485,3.6e-05,172.31.40.0-255,66,1772,77,416666
30486,4.3e-05,172.217.194.0-255,2902,4674,77,416666
30487,5.7e-05,172.31.40.0-255,66,4740,77,416666
30488,6.5e-05,172.217.194.0-255,7156,11896,77,416666
30489,6.8e-05,172.31.40.0-255,66,11962,77,416666
30490,7.8e-05,172.217.194.0-255,9992,21954,77,416666
30491,8.1e-05,172.31.40.0-255,66,22020,77,416666
30492,0.000112,172.217.194.0-255,6388,28408,77,416666
30493,0.000116,172.31.40.0-255,66,28474,77,416666
30494,0.000121,172.217.194.0-255,2543,31017,77,416666
30495,0.000123,172.31.40.0-255,66,31083,77,416666
30496,0.000126,172.217.194.0-255,1484,32567,77,416666
30497,0.000128,172.31.40.0-255,66,32633,77,416666
30498,0.000156,172.217.194.0-255,2902,35535,77,416666
30499,0.000162,172.31.40.0-255,66,35601,77,416666
30500,0.000169,172.217.194.0-255,5738,41339,77,416666
30501,0.000172,172.31.40.0-255,66,41405,77,416666
30502,0.000178,172.217.194.0-255,5738,47143,77,416666
30503,0.00018,172.31.40.0-255,66,47209,77,416666
30504,0.000226,172.217.194.0-255,13887,61096,77,416666
30505,0.000229,172.31.40.0-255,66,61162,77,416666
30506,0.000234,172.217.194.0-255,3961,65123,77,416666
30507,0.000236,172.31.40.0-255,66,65189,77,416666
30508,0.000239,172.217.194.0-255,365,65554,77,416666
30509,0.000245,172.31.40.0-255,66,65620,77,416666
30510,0.000414,172.217.194.0-255,378,65998,77,416666
30511,0.00042,172.31.40.0-255,66,66064,77,416666
30512,0.001263,172.217.194.0-255,1484,67548,77,416666
30513,0.001269,172.31.40.0-255,66,67614,77,416666
30514,0.001278,172.217.194.0-255,2902,70516,77,416666
30515,0.001291,172.217.194.0-255,5738,76254,77,416666
30516,0.001297,172.217.194.0-255,5738,81992,77,416666
30517,0.001321,172.217.194.0-255,9992,91984,77,416666
30518,0.001337,172.217.194.0-255,2902,94886,77,416666
30519,0.001344,172.217.194.0-255,5020,99906,77,416666
30520,0.001483,172.217.194.0-255,1484,101390,77,416666
30521,0.00149,172.217.194.0-255,2902,104292,77,416666
30522,0.001512,172.217.194.0-255,5738,110030,77,416666
30523,0.001545,172.217.194.0-255,12828,122858,77,416666
30524,0.001552,172.217.194.0-255,5738,128596,77,416666
30525,0.001571,172.217.194.0-255,2902,131498,77,416666
30526,0.001592,172.217.194.0-255,2184,133682,77,416666
30527,0.001639,172.217.194.0-255,1484,135166,77,416666
30528,0.001665,172.217.194.0-255,2902,138068,77,416666
30529,0.001684,172.217.194.0-255,5738,143806,77,416666
30530,0.001707,172.217.194.0-255,7156,150962,77,416666
30531,0.001712,172.217.194.0-255,1484,152446,77,416666
30532,0.001727,172.217.194.0-255,7156,159602,77,416666
30533,0.001746,172.217.194.0-255,5738,165340,77,416666
30534,0.00175,172.217.194.0-255,2184,167524,77,416666
30535,0.001801,172.217.194.0-255,2902,170426,77,416666
30536,0.001808,172.217.194.0-255,7156,177582,77,416666
30537,0.001815,172.217.194.0-255,7156,184738,77,416666
30538,0.001841,172.217.194.0-255,8574,193312,77,416666
30539,0.001862,172.217.194.0-255,7156,200468,77,416666
30540,0.001865,172.217.194.0-255,766,201234,77,416666
30541,0.001896,172.217.194.0-255,4320,205554,77,416666
30542,0.001916,172.217.194.0-255,4320,209874,77,416666
30543,0.001926,172.217.194.0-255,1484,211358,77,416666
30544,0.001953,172.217.194.0-255,9992,221350,77,416666
30545,0.001964,172.217.194.0-255,1484,222834,77,416666
30546,0.001972,172.217.194.0-255,7156,229990,77,416666
30547,0.001996,172.217.194.0-255,1484,231474,77,416666
30548,0.002014,172.217.194.0-255,3602,235076,77,416666
30549,0.002041,172.217.194.0-255,4320,239396,77,416666
30550,0.002054,172.217.194.0-255,1484,240880,77,416666
30551,0.002059,172.217.194.0-255,4320,245200,77,416666
30552,0.00208,172.217.194.0-255,4320,249520,77,416666
30553,0.002109,172.217.194.0-255,7156,256676,77,416666
30554,0.002118,172.217.194.0-255,8574,265250,77,416666
30555,0.002136,172.217.194.0-255,3602,268852,77,416666
30556,0.002151,172.217.194.0-255,2902,271754,77,416666
30557,0.002164,172.217.194.0-255,4320,276074,77,416666
30558,0.002178,172.217.194.0-255,2902,278976,77,416666
30559,0.002192,172.217.194.0-255,2902,281878,77,416666
30560,0.002216,172.217.194.0-255,7156,289034,77,416666
30561,0.002238,172.217.194.0-255,1484,290518,77,416666
30562,0.002246,172.217.194.0-255,8574,299092,77,416666
30563,0.002281,172.217.194.0-255,3602,302694,77,416666
30564,0.002292,172.217.194.0-255,12828,315522,77,416666
30565,0.002299,172.217.194.0-255,7156,322678,77,416666
30566,0.002307,172.217.194.0-255,8574,331252,77,416666
30567,0.002314,172.217.194.0-255,5020,336272,77,416666
30568,0.002347,172.217.194.0-255,5738,342010,77,416666
30569,0.002368,172.217.194.0-255,4320,346330,77,416666
30570,0.002385,172.217.194.0-255,1484,347814,77,416666
30571,0.002436,172.217.194.0-255,4320,352134,77,416666
30572,0.002463,172.217.194.0-255,8574,360708,77,416666
30573,0.002474,172.217.194.0-255,9274,369982,77,416666
30574,0.002483,172.217.194.0-255,9992,379974,77,416666
30575,0.00249,172.217.194.0-255,7156,387130,77,416666
30576,0.002514,172.217.194.0-255,7156,394286,77,416666
30577,0.002549,172.217.194.0-255,12110,406396,77,416666
30578,0.002567,172.217.194.0-255,4688,411084,77,416666
30579,0.00299,172.31.40.0-255,66,411150,77,416666
30580,0.005578,172.217.194.0-255,105,411255,77,416666
30581,0.005647,172.31.40.0-255,66,411321,77,416666
30582,0.005684,172.31.40.0-255,105,411426,77,416666
30583,0.008182,172.217.194.0-255,66,411492,77,416666
30584,0.041766,172.31.40.0-255,172,411664,77,416666
30585,0.041803,172.31.40.0-255,1121,412785,77,416666
30586,0.041865,172.31.40.0-255,1514,414299,77,416666
30587,0.041867,172.31.40.0-255,1514,415813,77,416666
30588,0.041891,172.31.40.0-255,589,416402,77,416666
30589,0.043339,104.244.42.0-255,66,416468,77,416666
30590,0.043531,104.244.42.0-255,66,416534,77,416666
30591,0.043536,104.244.42.0-255,66,416600,77,416666
30592,0.04354,104.244.42.0-255,66,416666,77,416666
30593,0.0,74.125.24.0-255,297,297,77,307906
30594,2.1e-05,172.31.40.0-255,66,363,77,307906
30595,2.7e-05,74.125.24.0-255,1484,1847,77,307906
30596,3e-05,172.31.40.0-255,66,1913,77,307906
30597,3.5e-05,74.125.24.0-255,2902,4815,77,307906
30598,3.8e-05,172.31.40.0-255,66,4881,77,307906
30599,8.4e-05,74.125.24.0-255,5738,10619,77,307906
30600,8.7e-05,172.31.40.0-255,66,10685,77,307906
30601,0.000221,74.125.24.0-255,7156,17841,77,307906
30602,0.000225,172.31.40.0-255,66,17907,77,307906
30603,0.000243,74.125.24.0-255,6086,23993,77,307906
30604,0.000245,172.31.40.0-255,66,24059,77,307906
30605,0.000523,74.125.24.0-255,1484,25543,77,307906
30606,0.000527,172.31.40.0-255,66,25609,77,307906
30607,0.000547,74.125.24.0-255,5379,30988,77,307906
30608,0.000552,172.31.40.0-255,66,31054,77,307906
30609,0.000704,74.125.24.0-255,5738,36792,77,307906
30610,0.000708,172.31.40.0-255,66,36858,77,307906
30611,0.000754,172.31.40.0-255,66,36924,77,307906
30612,0.001223,74.125.24.0-255,5738,42662,77,307906
30613,0.001229,172.31.40.0-255,66,42728,77,307906
30614,0.001259,74.125.24.0-255,5689,48417,77,307906
30615,0.001262,172.31.40.0-255,66,48483,77,307906
30616,0.001488,74.125.24.0-255,12828,61311,77,307906
30617,0.001494,172.31.40.0-255,66,61377,77,307906
30618,0.001539,172.31.40.0-255,66,61443,77,307906
30619,0.002151,74.125.24.0-255,7156,68599,77,307906
30620,0.002155,172.31.40.0-255,66,68665,77,307906
30621,0.002209,172.31.40.0-255,66,68731,77,307906
30622,0.002227,74.125.24.0-255,4925,73656,77,307906
30623,0.00306,74.125.24.0-255,5738,79394,77,307906
30624,0.00366,74.125.24.0-255,7856,87250,77,307906
30625,0.010897,172.31.40.0-255,66,87316,77,307906
30626,0.013245,74.125.24.0-255,5738,93054,77,307906
30627,0.01326,172.31.40.0-255,66,93120,77,307906
30628,0.01564,74.125.24.0-255,5738,98858,77,307906
30629,0.015656,172.31.40.0-255,66,98924,77,307906
30630,0.017985,74.125.24.0-255,5738,104662,77,307906
30631,0.017995,172.31.40.0-255,66,104728,77,307906
30632,0.020316,74.125.24.0-255,5738,110466,77,307906
30633,0.021279,172.31.40.0-255,66,110532,77,307906
30634,0.023605,74.125.24.0-255,5738,116270,77,307906
30635,0.023617,172.31.40.0-255,66,116336,77,307906
30636,0.025953,74.125.24.0-255,5738,122074,77,307906
30637,0.025973,172.31.40.0-255,66,122140,77,307906
30638,0.028318,74.125.24.0-255,5738,127878,77,307906
30639,0.028326,172.31.40.0-255,66,127944,77,307906
30640,0.030638,74.125.24.0-255,5738,133682,77,307906
30641,0.030645,172.31.40.0-255,66,133748,77,307906
30642,0.032973,74.125.24.0-255,5738,139486,77,307906
30643,0.03298,172.31.40.0-255,66,139552,77,307906
30644,0.035315,74.125.24.0-255,5738,145290,77,307906
30645,0.035332,172.31.40.0-255,66,145356,77,307906
30646,0.037641,74.125.24.0-255,5738,151094,77,307906
30647,0.03765,172.31.40.0-255,66,151160,77,307906
30648,0.039957,74.125.24.0-255,2902,154062,77,307906
30649,0.039965,172.31.40.0-255,66,154128,77,307906
30650,0.040012,74.125.24.0-255,2902,157030,77,307906
30651,0.040041,172.31.40.0-255,66,157096,77,307906
30652,0.042287,74.125.24.0-255,2902,159998,77,307906
30653,0.042301,172.31.40.0-255,66,160064,77,307906
30654,0.042331,74.125.24.0-255,2902,162966,77,307906
30655,0.042386,172.31.40.0-255,66,163032,77,307906
30656,0.044641,74.125.24.0-255,2902,165934,77,307906
30657,0.044657,172.31.40.0-255,66,166000,77,307906
30658,0.0447,74.125.24.0-255,2902,168902,77,307906
30659,0.044763,172.31.40.0-255,66,168968,77,307906
30660,0.046976,74.125.24.0-255,2902,171870,77,307906
30661,0.046985,172.31.40.0-255,66,171936,77,307906
30662,0.04705,74.125.24.0-255,1484,173420,77,307906
30663,0.047063,74.125.24.0-255,1484,174904,77,307906
30664,0.047099,172.31.40.0-255,66,174970,77,307906
30665,0.049338,74.125.24.0-255,2902,177872,77,307906
30666,0.049357,172.31.40.0-255,66,177938,77,307906
30667,0.049404,74.125.24.0-255,2902,180840,77,307906
30668,0.049479,172.31.40.0-255,66,180906,77,307906
30669,0.051656,74.125.24.0-255,2902,183808,77,307906
30670,0.051663,172.31.40.0-255,66,183874,77,307906
30671,0.051777,74.125.24.0-255,2902,186776,77,307906
30672,0.051781,172.31.40.0-255,66,186842,77,307906
30673,0.053773,172.31.40.0-255,172,187014,77,307906
30674,0.0538,172.31.40.0-255,1120,188134,77,307906
30675,0.053873,172.31.40.0-255,614,188748,77,307906
30676,0.053958,74.125.24.0-255,2902,191650,77,307906
30677,0.053963,172.31.40.0-255,66,191716,77,307906
30678,0.054097,74.125.24.0-255,2902,194618,77,307906
30679,0.054102,172.31.40.0-255,66,194684,77,307906
30680,0.055305,104.244.42.0-255,66,194750,77,307906
30681,0.055439,104.244.42.0-255,66,194816,77,307906
30682,0.055443,104.244.42.0-255,66,194882,77,307906
30683,0.056009,104.244.42.0-255,108,194990,77,307906
30684,0.056016,172.31.40.0-255,66,195056,77,307906
30685,0.05628,74.125.24.0-255,2902,197958,77,307906
30686,0.056287,172.31.40.0-255,66,198024,77,307906
30687,0.056399,74.125.24.0-255,2902,200926,77,307906
30688,0.056404,172.31.40.0-255,66,200992,77,307906
30689,0.058616,74.125.24.0-255,2902,203894,77,307906
30690,0.058628,172.31.40.0-255,66,203960,77,307906
30691,0.05872,74.125.24.0-255,2902,206862,77,307906
30692,0.058759,172.31.40.0-255,66,206928,77,307906
30693,0.060929,74.125.24.0-255,2902,209830,77,307906
30694,0.060944,172.31.40.0-255,66,209896,77,307906
30695,0.061064,74.125.24.0-255,2902,212798,77,307906
30696,0.061093,172.31.40.0-255,66,212864,77,307906
30697,0.063258,74.125.24.0-255,2902,215766,77,307906
30698,0.063271,172.31.40.0-255,66,215832,77,307906
30699,0.06337,74.125.24.0-255,2902,218734,77,307906
30700,0.063408,172.31.40.0-255,66,218800,77,307906
30701,0.065642,74.125.24.0-255,2902,221702,77,307906
30702,0.06566,172.31.40.0-255,66,221768,77,307906
30703,0.065705,74.125.24.0-255,2902,224670,77,307906
30704,0.065777,172.31.40.0-255,66,224736,77,307906
30705,0.067979,74.125.24.0-255,2902,227638,77,307906
30706,0.067995,172.31.40.0-255,66,227704,77,307906
30707,0.068086,74.125.24.0-255,2902,230606,77,307906
30708,0.068132,172.31.40.0-255,66,230672,77,307906
30709,0.070318,74.125.24.0-255,2902,233574,77,307906
30710,0.070333,172.31.40.0-255,66,233640,77,307906
30711,0.07045,74.125.24.0-255,2902,236542,77,307906
30712,0.070486,172.31.40.0-255,66,236608,77,307906
30713,0.072653,74.125.24.0-255,2902,239510,77,307906
30714,0.072668,172.31.40.0-255,66,239576,77,307906
30715,0.072792,74.125.24.0-255,2902,242478,77,307906
30716,0.072826,172.31.40.0-255,66,242544,77,307906
30717,0.074975,74.125.24.0-255,2902,245446,77,307906
30718,0.074985,172.31.40.0-255,66,245512,77,307906
30719,0.075133,74.125.24.0-255,2902,248414,77,307906
30720,0.075137,172.31.40.0-255,66,248480,77,307906
30721,0.077331,74.125.24.0-255,2902,251382,77,307906
30722,0.077348,172.31.40.0-255,66,251448,77,307906
30723,0.077426,74.125.24.0-255,2902,254350,77,307906
30724,0.077465,172.31.40.0-255,66,254416,77,307906
30725,0.079681,74.125.24.0-255,2902,257318,77,307906
30726,0.079696,172.31.40.0-255,66,257384,77,307906
30727,0.079775,74.125.24.0-255,2902,260286,77,307906
30728,0.079789,172.31.40.0-255,66,260352,77,307906
30729,0.082012,74.125.24.0-255,2902,263254,77,307906
30730,0.082029,172.31.40.0-255,66,263320,77,307906
30731,0.082093,74.125.24.0-255,2902,266222,77,307906
30732,0.082126,172.31.40.0-255,66,266288,77,307906
30733,0.084353,74.125.24.0-255,2902,269190,77,307906
30734,0.084369,172.31.40.0-255,66,269256,77,307906
30735,0.084426,74.125.24.0-255,1484,270740,77,307906
30736,0.084447,74.125.24.0-255,1484,272224,77,307906
30737,0.08496,172.31.40.0-255,66,272290,77,307906
30738,0.086716,74.125.24.0-255,2902,275192,77,307906
30739,0.086728,172.31.40.0-255,66,275258,77,307906
30740,0.087276,74.125.24.0-255,2902,278160,77,307906
30741,0.087283,172.31.40.0-255,66,278226,77,307906
30742,0.089043,74.125.24.0-255,2902,281128,77,307906
30743,0.089054,172.31.40.0-255,66,281194,77,307906
30744,0.089593,74.125.24.0-255,2902,284096,77,307906
30745,0.089599,172.31.40.0-255,66,284162,77,307906
30746,0.091344,74.125.24.0-255,2902,287064,77,307906
30747,0.091355,172.31.40.0-255,66,287130,77,307906
30748,0.091929,74.125.24.0-255,2902,290032,77,307906
30749,0.092021,172.31.40.0-255,66,290098,77,307906
30750,0.093707,74.125.24.0-255,2902,293000,77,307906
30751,0.093717,172.31.40.0-255,66,293066,77,307906
30752,0.094393,74.125.24.0-255,2902,295968,77,307906
30753,0.0944,172.31.40.0-255,66,296034,77,307906
30754,0.096041,74.125.24.0-255,2902,298936,77,307906
30755,0.096051,172.31.40.0-255,66,299002,77,307906
30756,0.096696,74.125.24.0-255,2902,301904,77,307906
30757,0.096703,172.31.40.0-255,66,301970,77,307906
30758,0.098373,74.125.24.0-255,2902,304872,77,307906
30759,0.098385,172.31.40.0-255,66,304938,77,307906
30760,0.098992,74.125.24.0-255,2902,307840,77,307906
30761,0.098999,172.31.40.0-255,66,307906,77,307906
30762,0.0,74.125.68.0-255,153,153,77,424345
30763,1.6e-05,172.31.40.0-255,66,219,77,424345
30764,2.3e-05,74.125.68.0-255,1484,1703,77,424345
30765,2.7e-05,172.31.40.0-255,66,1769,77,424345
30766,3.3e-05,74.125.68.0-255,2902,4671,77,424345
30767,4.3e-05,172.31.40.0-255,66,4737,77,424345
30768,4.7e-05,74.125.68.0-255,1484,6221,77,424345
30769,4.9e-05,172.31.40.0-255,66,6287,77,424345
30770,9.4e-05,74.125.68.0-255,2902,9189,77,424345
30771,9.7e-05,172.31.40.0-255,66,9255,77,424345
30772,0.000104,74.125.68.0-255,4875,14130,77,424345
30773,0.000107,172.31.40.0-255,66,14196,77,424345
30774,0.000125,74.125.68.0-255,4320,18516,77,424345
30775,0.000127,172.31.40.0-255,66,18582,77,424345
30776,0.000153,74.125.68.0-255,1484,20066,77,424345
30777,0.000156,172.31.40.0-255,66,20132,77,424345
30778,0.00016,74.125.68.0-255,2902,23034,77,424345
30779,0.000163,172.31.40.0-255,66,23100,77,424345
30780,0.000172,74.125.68.0-255,4320,27420,77,424345
30781,0.000174,172.31.40.0-255,66,27486,77,424345
30782,0.000207,74.125.68.0-255,3961,31447,77,424345
30783,0.000209,172.31.40.0-255,66,31513,77,424345
30784,0.000429,74.125.68.0-255,1484,32997,77,424345
30785,0.000434,172.31.40.0-255,66,33063,77,424345
30786,0.000441,74.125.68.0-255,2902,35965,77,424345
30787,0.000443,172.31.40.0-255,66,36031,77,424345
30788,0.000447,74.125.68.0-255,2902,38933,77,424345
30789,0.000453,172.31.40.0-255,66,38999,77,424345
30790,0.000459,74.125.68.0-255,4320,43319,77,424345
30791,0.000461,172.31.40.0-255,66,43385,77,424345
30792,0.000525,74.125.68.0-255,9633,53018,77,424345
30793,0.000527,172.31.40.0-255,66,53084,77,424345
30794,0.000532,74.125.68.0-255,4320,57404,77,424345
30795,0.000535,172.31.40.0-255,66,57470,77,424345
30796,0.000541,74.125.68.0-255,5738,63208,77,424345
30797,0.000543,172.31.40.0-255,66,63274,77,424345
30798,0.000567,74.125.68.0-255,2543,65817,77,424345
30799,0.00057,172.31.40.0-255,66,65883,77,424345
30800,0.001117,74.125.68.0-255,645,66528,77,424345
30801,0.001127,172.31.40.0-255,66,66594,77,424345
30802,0.001326,74.125.68.0-255,1484,68078,77,424345
30803,0.001335,74.125.68.0-255,2902,70980,77,424345
30804,0.00134,172.31.40.0-255,66,71046,77,424345
30805,0.001344,74.125.68.0-255,1484,72530,77,424345
30806,0.001372,74.125.68.0-255,4320,76850,77,424345
30807,0.001374,172.31.40.0-255,66,76916,77,424345
30808,0.001381,74.125.68.0-255,5738,82654,77,424345
30809,0.001383,172.31.40.0-255,66,82720,77,424345
30810,0.00139,74.125.68.0-255,7156,89876,77,424345
30811,0.001392,172.31.40.0-255,66,89942,77,424345
30812,0.001426,74.125.68.0-255,8574,98516,77,424345
30813,0.001429,172.31.40.0-255,66,98582,77,424345
30814,0.001455,74.125.68.0-255,2184,100766,77,424345
30815,0.001458,172.31.40.0-255,66,100832,77,424345
30816,0.001631,74.125.68.0-255,1484,102316,77,424345
30817,0.00165,74.125.68.0-255,2902,105218,77,424345
30818,0.001655,172.31.40.0-255,66,105284,77,424345
30819,0.001661,74.125.68.0-255,4320,109604,77,424345
30820,0.001663,172.31.40.0-255,66,109670,77,424345
30821,0.001685,74.125.68.0-255,1484,111154,77,424345
30822,0.00169,74.125.68.0-255,2902,114056,77,424345
30823,0.001692,172.31.40.0-255,66,114122,77,424345
30824,0.001698,74.125.68.0-255,4320,118442,77,424345
30825,0.0017,172.31.40.0-255,66,118508,77,424345
30826,0.001706,74.125.68.0-255,5738,124246,77,424345
30827,0.001709,172.31.40.0-255,66,124312,77,424345
30828,0.001744,74.125.68.0-255,2902,127214,77,424345
30829,0.001746,172.31.40.0-255,66,127280,77,424345
30830,0.001754,74.125.68.0-255,7156,134436,77,424345
30831,0.001756,172.31.40.0-255,66,134502,77,424345
30832,0.001759,74.125.68.0-255,766,135268,77,424345
30833,0.001848,74.125.68.0-255,1484,136752,77,424345
30834,0.001852,172.31.40.0-255,66,136818,77,424345
30835,0.001884,74.125.68.0-255,2902,139720,77,424345
30836,0.001887,172.31.40.0-255,66,139786,77,424345
30837,0.001892,74.125.68.0-255,4320,144106,77,424345
30838,0.001894,172.31.40.0-255,66,144172,77,424345
30839,0.0019,74.125.68.0-255,5738,149910,77,424345
30840,0.001906,172.31.40.0-255,66,149976,77,424345
30841,0.001909,74.125.68.0-255,1484,151460,77,424345
30842,0.001939,74.125.68.0-255,9992,161452,77,424345
30843,0.001941,172.31.40.0-255,66,161518,77,424345
30844,0.001947,74.125.68.0-255,4320,165838,77,424345
30845,0.001948,172.31.40.0-255,66,165904,77,424345
30846,0.001993,74.125.68.0-255,3602,169506,77,424345
30847,0.001996,172.31.40.0-255,66,169572,77,424345
30848,0.004006,74.125.68.0-255,1484,171056,77,424345
30849,0.004045,74.125.68.0-255,4320,175376,77,424345
30850,0.00405,172.31.40.0-255,66,175442,77,424345
30851,0.006112,74.125.68.0-255,5738,181180,77,424345
30852,0.006117,172.31.40.0-255,66,181246,77,424345
30853,0.008176,74.125.68.0-255,5738,186984,77,424345
30854,0.008182,172.31.40.0-255,66,187050,77,424345
30855,0.010245,74.125.68.0-255,5738,192788,77,424345
30856,0.010252,172.31.40.0-255,66,192854,77,424345
30857,0.012329,74.125.68.0-255,5738,198592,77,424345
30858,0.012336,172.31.40.0-255,66,198658,77,424345
30859,0.014427,74.125.68.0-255,5738,204396,77,424345
30860,0.014438,172.31.40.0-255,66,204462,77,424345
30861,0.016513,74.125.68.0-255,5738,210200,77,424345
30862,0.016523,172.31.40.0-255,66,210266,77,424345
30863,0.018583,74.125.68.0-255,5738,216004,77,424345
30864,0.018592,172.31.40.0-255,66,216070,77,424345
30865,0.020658,74.125.68.0-255,5738,221808,77,424345
30866,0.020666,172.31.40.0-255,66,221874,77,424345
30867,0.022776,74.125.68.0-255,5738,227612,77,424345
30868,0.022784,172.31.40.0-255,66,227678,77,424345
30869,0.024861,74.125.68.0-255,5738,233416,77,424345
30870,0.024868,172.31.40.0-255,66,233482,77,424345
30871,0.026942,74.125.68.0-255,5738,239220,77,424345
30872,0.02695,172.31.40.0-255,66,239286,77,424345
30873,0.029019,74.125.68.0-255,5738,245024,77,424345
30874,0.029026,172.31.40.0-255,66,245090,77,424345
30875,0.031101,74.125.68.0-255,5738,250828,77,424345
30876,0.031108,172.31.40.0-255,66,250894,77,424345
30877,0.032327,172.31.40.0-255,172,251066,77,424345
30878,0.032353,172.31.40.0-255,1119,252185,77,424345
30879,0.032405,172.31.40.0-255,1514,253699,77,424345
30880,0.032406,172.31.40.0-255,1514,255213,77,424345
30881,0.03241,172.31.40.0-255,1514,256727,77,424345
30882,0.032411,172.31.40.0-255,1056,257783,77,424345
30883,0.033169,74.125.68.0-255,5738,263521,77,424345
30884,0.033176,172.31.40.0-255,66,263587,77,424345
30885,0.033882,104.244.42.0-255,66,263653,77,424345
30886,0.03389,104.244.42.0-255,66,263719,77,424345
30887,0.033975,104.244.42.0-255,66,263785,77,424345
30888,0.03398,104.244.42.0-255,66,263851,77,424345
30889,0.035236,74.125.68.0-255,4320,268171,77,424345
30890,0.035242,172.31.40.0-255,66,268237,77,424345
30891,0.035269,74.125.68.0-255,1484,269721,77,424345
30892,0.037313,74.125.68.0-255,4320,274041,77,424345
30893,0.03732,172.31.40.0-255,66,274107,77,424345
30894,0.039398,74.125.68.0-255,5738,279845,77,424345
30895,0.039404,172.31.40.0-255,66,279911,77,424345
30896,0.041481,74.125.68.0-255,5738,285649,77,424345
30897,0.041487,172.31.40.0-255,66,285715,77,424345
30898,0.043565,74.125.68.0-255,5738,291453,77,424345
30899,0.043572,172.31.40.0-255,66,291519,77,424345
30900,0.045639,74.125.68.0-255,5738,297257,77,424345
30901,0.045645,172.31.40.0-255,66,297323,77,424345
30902,0.047723,74.125.68.0-255,5738,303061,77,424345
30903,0.04773,172.31.40.0-255,66,303127,77,424345
30904,0.049804,74.125.68.0-255,5738,308865,77,424345
30905,0.04981,172.31.40.0-255,66,308931,77,424345
30906,0.051892,74.125.68.0-255,5738,314669,77,424345
30907,0.051899,172.31.40.0-255,66,314735,77,424345
30908,0.053985,74.125.68.0-255,5738,320473,77,424345
30909,0.053991,172.31.40.0-255,66,320539,77,424345
30910,0.056066,74.125.68.0-255,5738,326277,77,424345
30911,0.056086,172.31.40.0-255,66,326343,77,424345
30912,0.058169,74.125.68.0-255,5738,332081,77,424345
30913,0.058176,172.31.40.0-255,66,332147,77,424345
30914,0.060237,74.125.68.0-255,5738,337885,77,424345
30915,0.060245,172.31.40.0-255,66,337951,77,424345
30916,0.062332,74.125.68.0-255,5738,343689,77,424345
30917,0.062339,172.31.40.0-255,66,343755,77,424345
30918,0.064431,74.125.68.0-255,5738,349493,77,424345
30919,0.064436,172.31.40.0-255,66,349559,77,424345
30920,0.066515,74.125.68.0-255,5738,355297,77,424345
30921,0.066521,172.31.40.0-255,66,355363,77,424345
30922,0.068593,74.125.68.0-255,5738,361101,77,424345
30923,0.0686,172.31.40.0-255,66,361167,77,424345
30924,0.070673,74.125.68.0-255,5738,366905,77,424345
30925,0.070679,172.31.40.0-255,66,366971,77,424345
30926,0.072741,74.125.68.0-255,4320,371291,77,424345
30927,0.07275,172.31.40.0-255,66,371357,77,424345
30928,0.072776,74.125.68.0-255,1484,372841,77,424345
30929,0.074811,74.125.68.0-255,4320,377161,77,424345
30930,0.074817,172.31.40.0-255,66,377227,77,424345
30931,0.0769,74.125.68.0-255,5738,382965,77,424345
30932,0.076907,172.31.40.0-255,66,383031,77,424345
30933,0.078988,74.125.68.0-255,5738,388769,77,424345
30934,0.078993,172.31.40.0-255,66,388835,77,424345
30935,0.081065,74.125.68.0-255,5738,394573,77,424345
30936,0.081071,172.31.40.0-255,66,394639,77,424345
30937,0.083133,74.125.68.0-255,4320,398959,77,424345
30938,0.08314,172.31.40.0-255,66,399025,77,424345
30939,0.083168,74.125.68.0-255,1484,400509,77,424345
30940,0.085221,74.125.68.0-255,4320,404829,77,424345
30941,0.085227,172.31.40.0-255,66,404895,77,424345
30942,0.087302,74.125.68.0-255,5738,410633,77,424345
30943,0.087309,172.31.40.0-255,66,410699,77,424345
30944,0.089396,74.125.68.0-255,5738,416437,77,424345
30945,0.089401,172.31.40.0-255,66,416503,77,424345
30946,0.091517,74.125.68.0-255,5738,422241,77,424345
30947,0.091524,172.31.40.0-255,66,422307,77,424345
30948,0.093617,74.125.68.0-255,1801,424108,77,424345
30949,0.093624,172.31.40.0-255,66,424174,77,424345
30950,0.093794,172.31.40.0-255,105,424279,77,424345
30951,0.095846,74.125.68.0-255,66,424345,77,424345
30952,0.0,74.125.200.0-255,150,150,77,415665
30953,2.5e-05,172.31.40.0-255,66,216,77,415665
30954,3.3e-05,74.125.200.0-255,1484,1700,77,415665
30955,3.7e-05,172.31.40.0-255,66,1766,77,415665
30956,5.5e-05,74.125.200.0-255,2902,4668,77,415665
30957,6.1e-05,172.31.40.0-255,66,4734,77,415665
30958,6.9e-05,74.125.200.0-255,7156,11890,77,415665
30959,7.3e-05,172.31.40.0-255,66,11956,77,415665
30960,0.000122,74.125.200.0-255,2141,14097,77,415665
30961,0.000126,172.31.40.0-255,66,14163,77,415665
30962,0.000218,74.125.200.0-255,1484,15647,77,415665
30963,0.000222,172.31.40.0-255,66,15713,77,415665
30964,0.000226,74.125.200.0-255,1484,17197,77,415665
30965,0.000229,172.31.40.0-255,66,17263,77,415665
30966,0.000257,74.125.200.0-255,1484,18747,77,415665
30967,0.00026,172.31.40.0-255,66,18813,77,415665
30968,0.000267,74.125.200.0-255,5738,24551,77,415665
30969,0.000269,172.31.40.0-255,66,24617,77,415665
30970,0.000278,74.125.200.0-255,2902,27519,77,415665
30971,0.00028,172.31.40.0-255,66,27585,77,415665
30972,0.000285,74.125.200.0-255,3961,31546,77,415665
30973,0.000288,172.31.40.0-255,66,31612,77,415665
30974,0.000321,74.125.200.0-255,5738,37350,77,415665
30975,0.000325,172.31.40.0-255,66,37416,77,415665
30976,0.00033,74.125.200.0-255,4320,41736,77,415665
30977,0.000332,172.31.40.0-255,66,41802,77,415665
30978,0.000353,74.125.200.0-255,2902,44704,77,415665
30979,0.00036,172.31.40.0-255,66,44770,77,415665
30980,0.000366,74.125.200.0-255,5738,50508,77,415665
30981,0.000369,172.31.40.0-255,66,50574,77,415665
30982,0.000388,74.125.200.0-255,5738,56312,77,415665
30983,0.000391,172.31.40.0-255,66,56378,77,415665
30984,0.00044,74.125.200.0-255,9567,65945,77,415665
30985,0.000444,172.31.40.0-255,66,66011,77,415665
30986,0.000446,74.125.200.0-255,133,66144,77,415665
30987,0.000491,74.125.200.0-255,1484,67628,77,415665
30988,0.000495,172.31.40.0-255,66,67694,77,415665
30989,0.000499,74.125.200.0-255,2902,70596,77,415665
30990,0.000501,172.31.40.0-255,66,70662,77,415665
30991,0.000533,74.125.200.0-255,2902,73564,77,415665
30992,0.000537,172.31.40.0-255,66,73630,77,415665
30993,0.000542,74.125.200.0-255,4320,77950,77,415665
30994,0.000544,172.31.40.0-255,66,78016,77,415665
30995,0.000551,74.125.200.0-255,7156,85172,77,415665
30996,0.000553,172.31.40.0-255,66,85238,77,415665
30997,0.000575,74.125.200.0-255,1484,86722,77,415665
30998,0.000584,74.125.200.0-255,8574,95296,77,415665
30999,0.000587,172.31.40.0-255,66,95362,77,415665
31000,0.00062,74.125.200.0-255,5020,100382,77,415665
31001,0.000623,172.31.40.0-255,66,100448,77,415665
31002,0.000987,74.125.200.0-255,1484,101932,77,415665
31003,0.000992,74.125.200.0-255,1484,103416,77,415665
31004,0.000995,172.31.40.0-255,66,103482,77,415665
31005,0.001019,74.125.200.0-255,1484,104966,77,415665
31006,0.001025,74.125.200.0-255,5738,110704,77,415665
31007,0.001027,172.31.40.0-255,66,110770,77,415665
31008,0.001033,74.125.200.0-255,5738,116508,77,415665
31009,0.001035,172.31.40.0-255,66,116574,77,415665
31010,0.001041,74.125.200.0-255,5738,122312,77,415665
31011,0.001044,172.31.40.0-255,66,122378,77,415665
31012,0.001056,74.125.200.0-255,1484,123862,77,415665
31013,0.001087,74.125.200.0-255,8574,132436,77,415665
31014,0.00109,172.31.40.0-255,66,132502,77,415665
31015,0.001118,74.125.200.0-255,2184,134686,77,415665
31016,0.001121,172.31.40.0-255,66,134752,77,415665
31017,0.001173,74.125.200.0-255,1484,136236,77,415665
31018,0.001176,74.125.200.0-255,1484,137720,77,415665
31019,0.001179,172.31.40.0-255,66,137786,77,415665
31020,0.001191,74.125.200.0-255,1484,139270,77,415665
31021,0.001201,74.125.200.0-255,5738,145008,77,415665
31022,0.001204,172.31.40.0-255,66,145074,77,415665
31023,0.001241,74.125.200.0-255,12828,157902,77,415665
31024,0.001244,172.31.40.0-255,66,157968,77,415665
31025,0.001286,74.125.200.0-255,4320,162288,77,415665
31026,0.001289,172.31.40.0-255,66,162354,77,415665
31027,0.001319,74.125.200.0-255,6438,168792,77,415665
31028,0.001323,172.31.40.0-255,66,168858,77,415665
31029,0.001367,74.125.200.0-255,1484,170342,77,415665
31030,0.001381,74.125.200.0-255,2902,173244,77,415665
31031,0.001384,172.31.40.0-255,66,173310,77,415665
31032,0.001414,74.125.200.0-255,5738,179048,77,415665
31033,0.001417,172.31.40.0-255,66,179114,77,415665
31034,0.001455,74.125.200.0-255,12828,191942,77,415665
31035,0.001458,172.31.40.0-255,66,192008,77,415665
31036,0.001465,74.125.200.0-255,8574,200582,77,415665
31037,0.001472,172.31.40.0-255,66,200648,77,415665
31038,0.001499,74.125.200.0-255,2184,202832,77,415665
31039,0.001502,172.31.40.0-255,66,202898,77,415665
31040,0.001612,74.125.200.0-255,1484,204382,77,415665
31041,0.001624,74.125.200.0-255,1484,205866,77,415665
31042,0.001627,172.31.40.0-255,66,205932,77,415665
31043,0.001659,74.125.200.0-255,1484,207416,77,415665
31044,0.001665,74.125.200.0-255,4320,211736,77,415665
31045,0.001668,172.31.40.0-255,66,211802,77,415665
31046,0.001675,74.125.200.0-255,5738,217540,77,415665
31047,0.001677,172.31.40.0-255,66,217606,77,415665
31048,0.001682,74.125.200.0-255,4320,221926,77,415665
31049,0.001684,172.31.40.0-255,66,221992,77,415665
31050,0.001715,74.125.200.0-255,7156,229148,77,415665
31051,0.001719,172.31.40.0-255,66,229214,77,415665
31052,0.001724,74.125.200.0-255,4320,233534,77,415665
31053,0.001726,172.31.40.0-255,66,233600,77,415665
31054,0.001749,74.125.200.0-255,3602,237202,77,415665
31055,0.001752,172.31.40.0-255,66,237268,77,415665
31056,0.00179,74.125.200.0-255,1484,238752,77,415665
31057,0.001827,74.125.200.0-255,1484,240236,77,415665
31058,0.00183,172.31.40.0-255,66,240302,77,415665
31059,0.001861,74.125.200.0-255,1484,241786,77,415665
31060,0.001868,74.125.200.0-255,5738,247524,77,415665
31061,0.001871,172.31.40.0-255,66,247590,77,415665
31062,0.001886,74.125.200.0-255,11410,259000,77,415665
31063,0.001889,172.31.40.0-255,66,259066,77,415665
31064,0.0019,74.125.200.0-255,12110,271176,77,415665
31065,0.001903,172.31.40.0-255,66,271242,77,415665
31066,0.001909,74.125.200.0-255,4320,275562,77,415665
31067,0.001912,172.31.40.0-255,66,275628,77,415665
31068,0.001946,74.125.200.0-255,5738,281366,77,415665
31069,0.001948,74.125.200.0-255,1484,282850,77,415665
31070,0.001952,172.31.40.0-255,66,282916,77,415665
31071,0.001986,74.125.200.0-255,5738,288654,77,415665
31072,0.00199,172.31.40.0-255,66,288720,77,415665
31073,0.001995,74.125.200.0-255,8574,297294,77,415665
31074,0.002,74.125.200.0-255,4320,301614,77,415665
31075,0.002005,172.31.40.0-255,66,301680,77,415665
31076,0.002026,74.125.200.0-255,3602,305282,77,415665
31077,0.002034,172.31.40.0-255,66,305348,77,415665
31078,0.002035,74.125.200.0-255,8574,313922,77,415665
31079,0.002043,172.31.40.0-255,66,313988,77,415665
31080,0.002079,74.125.200.0-255,9992,323980,77,415665
31081,0.002091,74.125.200.0-255,11410,335390,77,415665
31082,0.002095,74.125.200.0-255,3602,338992,77,415665
31083,0.0021,172.31.40.0-255,66,339058,77,415665
31084,0.002121,74.125.200.0-255,4320,343378,77,415665
31085,0.002135,172.31.40.0-255,66,343444,77,415665
31086,0.002136,74.125.200.0-255,7156,350600,77,415665
31087,0.00215,172.31.40.0-255,66,350666,77,415665
31088,0.002157,74.125.200.0-255,2902,353568,77,415665
31089,0.002165,74.125.200.0-255,7156,360724,77,415665
31090,0.002168,172.31.40.0-255,66,360790,77,415665
31091,0.002194,74.125.200.0-255,8574,369364,77,415665
31092,0.002204,172.31.40.0-255,66,369430,77,415665
31093,0.002232,74.125.200.0-255,7856,377286,77,415665
31094,0.00224,74.125.200.0-255,8574,385860,77,415665
31095,0.002251,172.31.40.0-255,66,385926,77,415665
31096,0.002266,74.125.200.0-255,11410,397336,77,415665
31097,0.002274,172.31.40.0-255,66,397402,77,415665
31098,0.002293,74.125.200.0-255,2902,400304,77,415665
31099,0.0023,172.31.40.0-255,66,400370,77,415665
31100,0.002301,74.125.200.0-255,8574,408944,77,415665
31101,0.002305,172.31.40.0-255,66,409010,77,415665
31102,0.002372,74.125.200.0-255,3602,412612,77,415665
31103,0.004569,74.125.200.0-255,682,413294,77,415665
31104,0.010494,172.31.40.0-255,66,413360,77,415665
31105,0.011673,74.125.200.0-255,682,414042,77,415665
31106,0.011684,172.31.40.0-255,78,414120,77,415665
31107,0.012067,172.31.40.0-255,105,414225,77,415665
31108,0.014342,74.125.200.0-255,66,414291,77,415665
31109,0.057448,172.31.40.0-255,176,414467,77,415665
31110,0.057479,172.31.40.0-255,1066,415533,77,415665
31111,0.059002,104.244.42.0-255,66,415599,77,415665
31112,0.059034,104.244.42.0-255,66,415665,77,415665
31113,0.0,74.125.68.0-255,153,153,77,322214
31114,1.3e-05,172.31.40.0-255,66,219,77,322214
31115,3.7e-05,74.125.68.0-255,1484,1703,77,322214
31116,4.1e-05,172.31.40.0-255,66,1769,77,322214
31117,5.9e-05,74.125.68.0-255,2902,4671,77,322214
31118,6.2e-05,172.31.40.0-255,66,4737,77,322214
31119,6.7e-05,74.125.68.0-255,2902,7639,77,322214
31120,7e-05,172.31.40.0-255,66,7705,77,322214
31121,0.000105,74.125.68.0-255,4320,12025,77,322214
31122,0.000108,172.31.40.0-255,66,12091,77,322214
31123,0.000129,74.125.68.0-255,2001,14092,77,322214
31124,0.000131,172.31.40.0-255,66,14158,77,322214
31125,0.000149,74.125.68.0-255,2902,17060,77,322214
31126,0.000151,172.31.40.0-255,66,17126,77,322214
31127,0.000172,74.125.68.0-255,7156,24282,77,322214
31128,0.000175,172.31.40.0-255,66,24348,77,322214
31129,0.000227,74.125.68.0-255,4320,28668,77,322214
31130,0.000231,172.31.40.0-255,66,28734,77,322214
31131,0.000248,74.125.68.0-255,2543,31277,77,322214
31132,0.00025,172.31.40.0-255,66,31343,77,322214
31133,0.0004,74.125.68.0-255,1484,32827,77,322214
31134,0.000405,172.31.40.0-255,66,32893,77,322214
31135,0.000409,74.125.68.0-255,1484,34377,77,322214
31136,0.000411,172.31.40.0-255,66,34443,77,322214
31137,0.000426,74.125.68.0-255,1484,35927,77,322214
31138,0.000429,172.31.40.0-255,66,35993,77,322214
31139,0.000435,74.125.68.0-255,4320,40313,77,322214
31140,0.000437,172.31.40.0-255,66,40379,77,322214
31141,0.000481,74.125.68.0-255,5738,46117,77,322214
31142,0.000484,172.31.40.0-255,66,46183,77,322214
31143,0.000502,74.125.68.0-255,2543,48726,77,322214
31144,0.000505,172.31.40.0-255,66,48792,77,322214
31145,0.000604,74.125.68.0-255,1484,50276,77,322214
31146,0.000623,74.125.68.0-255,2902,53178,77,322214
31147,0.000627,74.125.68.0-255,1484,54662,77,322214
31148,0.000639,172.31.40.0-255,66,54728,77,322214
31149,0.00065,74.125.68.0-255,2902,57630,77,322214
31150,0.000655,74.125.68.0-255,2902,60532,77,322214
31151,0.000677,74.125.68.0-255,2902,63434,77,322214
31152,0.000681,74.125.68.0-255,2543,65977,77,322214
31153,0.00069,172.31.40.0-255,66,66043,77,322214
31154,0.001414,74.125.68.0-255,645,66688,77,322214
31155,0.002202,74.125.68.0-255,1484,68172,77,322214
31156,0.002208,172.31.40.0-255,66,68238,77,322214
31157,0.002228,74.125.68.0-255,2902,71140,77,322214
31158,0.002255,74.125.68.0-255,1484,72624,77,322214
31159,0.002268,74.125.68.0-255,4320,76944,77,322214
31160,0.002271,74.125.68.0-255,1484,78428,77,322214
31161,0.002285,74.125.68.0-255,1484,79912,77,322214
31162,0.002326,74.125.68.0-255,2902,82814,77,322214
31163,0.002342,74.125.68.0-255,4320,87134,77,322214
31164,0.002353,74.125.68.0-255,1484,88618,77,322214
31165,0.005806,172.31.40.0-255,66,88684,77,322214
31166,0.008102,74.125.68.0-255,5738,94422,77,322214
31167,0.008108,172.31.40.0-255,66,94488,77,322214
31168,0.010392,74.125.68.0-255,5738,100226,77,322214
31169,0.010398,172.31.40.0-255,66,100292,77,322214
31170,0.012712,74.125.68.0-255,5738,106030,77,322214
31171,0.01423,172.31.40.0-255,66,106096,77,322214
31172,0.016513,74.125.68.0-255,5738,111834,77,322214
31173,0.01652,172.31.40.0-255,66,111900,77,322214
31174,0.01882,74.125.68.0-255,5738,117638,77,322214
31175,0.018829,172.31.40.0-255,66,117704,77,322214
31176,0.021109,74.125.68.0-255,5738,123442,77,322214
31177,0.021118,172.31.40.0-255,66,123508,77,322214
31178,0.023405,74.125.68.0-255,5738,129246,77,322214
31179,0.023413,172.31.40.0-255,66,129312,77,322214
31180,0.025699,74.125.68.0-255,5738,135050,77,322214
31181,0.025706,172.31.40.0-255,66,135116,77,322214
31182,0.027982,74.125.68.0-255,5738,140854,77,322214
31183,0.027989,172.31.40.0-255,66,140920,77,322214
31184,0.030271,74.125.68.0-255,5738,146658,77,322214
31185,0.030278,172.31.40.0-255,66,146724,77,322214
31186,0.03256,74.125.68.0-255,5738,152462,77,322214
31187,0.032568,172.31.40.0-255,66,152528,77,322214
31188,0.034848,74.125.68.0-255,5738,158266,77,322214
31189,0.034855,172.31.40.0-255,66,158332,77,322214
31190,0.037144,74.125.68.0-255,5738,164070,77,322214
31191,0.037152,172.31.40.0-255,66,164136,77,322214
31192,0.03772,172.31.40.0-255,172,164308,77,322214
31193,0.03775,172.31.40.0-255,1066,165374,77,322214
31194,0.039246,104.244.42.0-255,66,165440,77,322214
31195,0.039289,104.244.42.0-255,66,165506,77,322214
31196,0.039427,74.125.68.0-255,5738,171244,77,322214
31197,0.039432,172.31.40.0-255,66,171310,77,322214
31198,0.041721,74.125.68.0-255,5738,177048,77,322214
31199,0.041727,172.31.40.0-255,66,177114,77,322214
31200,0.044008,74.125.68.0-255,5738,182852,77,322214
31201,0.044015,172.31.40.0-255,66,182918,77,322214
31202,0.046329,74.125.68.0-255,5738,188656,77,322214
31203,0.046335,172.31.40.0-255,66,188722,77,322214
31204,0.048628,74.125.68.0-255,5738,194460,77,322214
31205,0.048635,172.31.40.0-255,66,194526,77,322214
31206,0.050926,74.125.68.0-255,5738,200264,77,322214
31207,0.050932,172.31.40.0-255,66,200330,77,322214
31208,0.053222,74.125.68.0-255,5738,206068,77,322214
31209,0.053227,172.31.40.0-255,66,206134,77,322214
31210,0.055515,74.125.68.0-255,5738,211872,77,322214
31211,0.055521,172.31.40.0-255,66,211938,77,322214
31212,0.057817,74.125.68.0-255,5738,217676,77,322214
31213,0.057823,172.31.40.0-255,66,217742,77,322214
31214,0.060111,74.125.68.0-255,5738,223480,77,322214
31215,0.060117,172.31.40.0-255,66,223546,77,322214
31216,0.062396,74.125.68.0-255,5738,229284,77,322214
31217,0.063022,172.31.40.0-255,66,229350,77,322214
31218,0.065327,74.125.68.0-255,5738,235088,77,322214
31219,0.065333,172.31.40.0-255,66,235154,77,322214
31220,0.067618,74.125.68.0-255,5738,240892,77,322214
31221,0.067624,172.31.40.0-255,66,240958,77,322214
31222,0.069907,74.125.68.0-255,5738,246696,77,322214
31223,0.069913,172.31.40.0-255,66,246762,77,322214
31224,0.072199,74.125.68.0-255,5738,252500,77,322214
31225,0.072205,172.31.40.0-255,66,252566,77,322214
31226,0.074493,74.125.68.0-255,5738,258304,77,322214
31227,0.074499,172.31.40.0-255,66,258370,77,322214
31228,0.07679,74.125.68.0-255,5738,264108,77,322214
31229,0.076796,172.31.40.0-255,66,264174,77,322214
31230,0.079083,74.125.68.0-255,5738,269912,77,322214
31231,0.079089,172.31.40.0-255,66,269978,77,322214
31232,0.081409,74.125.68.0-255,5738,275716,77,322214
31233,0.081415,172.31.40.0-255,66,275782,77,322214
31234,0.083698,74.125.68.0-255,5738,281520,77,322214
31235,0.083704,172.31.40.0-255,66,281586,77,322214
31236,0.08599,74.125.68.0-255,5738,287324,77,322214
31237,0.085996,172.31.40.0-255,66,287390,77,322214
31238,0.088286,74.125.68.0-255,5738,293128,77,322214
31239,0.088292,172.31.40.0-255,66,293194,77,322214
31240,0.090619,74.125.68.0-255,5738,298932,77,322214
31241,0.090626,172.31.40.0-255,66,298998,77,322214
31242,0.09292,74.125.68.0-255,5738,304736,77,322214
31243,0.092926,172.31.40.0-255,66,304802,77,322214
31244,0.095218,74.125.68.0-255,5738,310540,77,322214
31245,0.095225,172.31.40.0-255,66,310606,77,322214
31246,0.097508,74.125.68.0-255,5738,316344,77,322214
31247,0.097514,172.31.40.0-255,66,316410,77,322214
31248,0.099794,74.125.68.0-255,5738,322148,77,322214
31249,0.099803,172.31.40.0-255,66,322214,77,322214
31250,0.0,172.31.40.0-255,105,105,77,276
31251,0.001943,157.240.13.0-255,105,210,77,276
31252,0.038052,172.31.40.0-255,66,276,77,276
31253,0.0,74.125.24.0-255,147,147,77,425694
31254,2.5e-05,172.31.40.0-255,66,213,77,425694
31255,3.2e-05,74.125.24.0-255,1484,1697,77,425694
31256,3.6e-05,172.31.40.0-255,66,1763,77,425694
31257,4.2e-05,74.125.24.0-255,2902,4665,77,425694
31258,5.2e-05,172.31.40.0-255,66,4731,77,425694
31259,6e-05,74.125.24.0-255,7156,11887,77,425694
31260,6.3e-05,172.31.40.0-255,66,11953,77,425694
31261,6.7e-05,74.125.24.0-255,2039,13992,77,425694
31262,7.1e-05,172.31.40.0-255,66,14058,77,425694
31263,0.000156,74.125.24.0-255,1484,15542,77,425694
31264,0.000159,172.31.40.0-255,66,15608,77,425694
31265,0.000165,74.125.24.0-255,2902,18510,77,425694
31266,0.000168,172.31.40.0-255,66,18576,77,425694
31267,0.000202,74.125.24.0-255,5738,24314,77,425694
31268,0.000205,172.31.40.0-255,66,24380,77,425694
31269,0.000234,74.125.24.0-255,6797,31177,77,425694
31270,0.000236,172.31.40.0-255,66,31243,77,425694
31271,0.000281,74.125.24.0-255,5738,36981,77,425694
31272,0.000284,172.31.40.0-255,66,37047,77,425694
31273,0.000306,74.125.24.0-255,1484,38531,77,425694
31274,0.000309,172.31.40.0-255,66,38597,77,425694
31275,0.000316,74.125.24.0-255,5738,44335,77,425694
31276,0.000318,172.31.40.0-255,66,44401,77,425694
31277,0.000339,74.125.24.0-255,3961,48362,77,425694
31278,0.000346,172.31.40.0-255,66,48428,77,425694
31279,0.00037,74.125.24.0-255,1484,49912,77,425694
31280,0.000373,172.31.40.0-255,66,49978,77,425694
31281,0.000377,74.125.24.0-255,2902,52880,77,425694
31282,0.00038,172.31.40.0-255,66,52946,77,425694
31283,0.000436,74.125.24.0-255,5738,58684,77,425694
31284,0.00044,172.31.40.0-255,66,58750,77,425694
31285,0.000447,74.125.24.0-255,6797,65547,77,425694
31286,0.000449,172.31.40.0-255,66,65613,77,425694
31287,0.000452,74.125.24.0-255,676,66289,77,425694
31288,0.00064,74.125.24.0-255,1484,67773,77,425694
31289,0.000645,172.31.40.0-255,66,67839,77,425694
31290,0.000651,74.125.24.0-255,2902,70741,77,425694
31291,0.000654,172.31.40.0-255,66,70807,77,425694
31292,0.00066,74.125.24.0-255,4320,75127,77,425694
31293,0.000667,172.31.40.0-255,66,75193,77,425694
31294,0.000696,74.125.24.0-255,1484,76677,77,425694
31295,0.000721,74.125.24.0-255,9992,86669,77,425694
31296,0.000724,172.31.40.0-255,66,86735,77,425694
31297,0.000751,74.125.24.0-255,3961,90696,77,425694
31298,0.000754,172.31.40.0-255,66,90762,77,425694
31299,0.000773,74.125.24.0-255,5738,96500,77,425694
31300,0.000775,172.31.40.0-255,66,96566,77,425694
31301,0.000804,74.125.24.0-255,3961,100527,77,425694
31302,0.000807,172.31.40.0-255,66,100593,77,425694
31303,0.001007,74.125.24.0-255,1484,102077,77,425694
31304,0.001013,74.125.24.0-255,2902,104979,77,425694
31305,0.001017,172.31.40.0-255,66,105045,77,425694
31306,0.001022,74.125.24.0-255,2902,107947,77,425694
31307,0.001024,172.31.40.0-255,66,108013,77,425694
31308,0.001049,74.125.24.0-255,2902,110915,77,425694
31309,0.001051,172.31.40.0-255,66,110981,77,425694
31310,0.001063,74.125.24.0-255,12828,123809,77,425694
31311,0.00107,172.31.40.0-255,66,123875,77,425694
31312,0.00108,74.125.24.0-255,10692,134567,77,425694
31313,0.001083,172.31.40.0-255,66,134633,77,425694
31314,0.001345,74.125.24.0-255,1484,136117,77,425694
31315,0.001351,74.125.24.0-255,2902,139019,77,425694
31316,0.001355,172.31.40.0-255,66,139085,77,425694
31317,0.00139,74.125.24.0-255,5738,144823,77,425694
31318,0.001392,172.31.40.0-255,66,144889,77,425694
31319,0.001398,74.125.24.0-255,4320,149209,77,425694
31320,0.0014,172.31.40.0-255,66,149275,77,425694
31321,0.00143,74.125.24.0-255,8574,157849,77,425694
31322,0.001433,172.31.40.0-255,66,157915,77,425694
31323,0.001442,74.125.24.0-255,8574,166489,77,425694
31324,0.001444,172.31.40.0-255,66,166555,77,425694
31325,0.00147,74.125.24.0-255,2184,168739,77,425694
31326,0.001472,172.31.40.0-255,66,168805,77,425694
31327,0.001777,74.125.24.0-255,1484,170289,77,425694
31328,0.001782,74.125.24.0-255,2902,173191,77,425694
31329,0.001786,172.31.40.0-255,66,173257,77,425694
31330,0.001793,74.125.24.0-255,5738,178995,77,425694
31331,0.001795,172.31.40.0-255,66,179061,77,425694
31332,0.001822,74.125.24.0-255,5738,184799,77,425694
31333,0.001828,172.31.40.0-255,66,184865,77,425694
31334,0.001834,74.125.24.0-255,4320,189185,77,425694
31335,0.001836,172.31.40.0-255,66,189251,77,425694
31336,0.001863,74.125.24.0-255,8574,197825,77,425694
31337,0.001866,172.31.40.0-255,66,197891,77,425694
31338,0.001896,74.125.24.0-255,5020,202911,77,425694
31339,0.001899,172.31.40.0-255,66,202977,77,425694
31340,0.004153,74.125.24.0-255,5738,208715,77,425694
31341,0.00416,172.31.40.0-255,66,208781,77,425694
31342,0.006391,74.125.24.0-255,5738,214519,77,425694
31343,0.006395,172.31.40.0-255,66,214585,77,425694
31344,0.00865,74.125.24.0-255,5738,220323,77,425694
31345,0.008658,172.31.40.0-255,66,220389,77,425694
31346,0.010931,74.125.24.0-255,5738,226127,77,425694
31347,0.010938,172.31.40.0-255,66,226193,77,425694
31348,0.013223,74.125.24.0-255,5738,231931,77,425694
31349,0.013231,172.31.40.0-255,66,231997,77,425694
31350,0.0155,74.125.24.0-255,5738,237735,77,425694
31351,0.015507,172.31.40.0-255,66,237801,77,425694
31352,0.017767,74.125.24.0-255,5738,243539,77,425694
31353,0.017776,172.31.40.0-255,66,243605,77,425694
31354,0.020043,74.125.24.0-255,5738,249343,77,425694
31355,0.020053,172.31.40.0-255,66,249409,77,425694
31356,0.022386,74.125.24.0-255,5738,255147,77,425694
31357,0.022393,172.31.40.0-255,66,255213,77,425694
31358,0.024631,74.125.24.0-255,5738,260951,77,425694
31359,0.024638,172.31.40.0-255,66,261017,77,425694
31360,0.026944,74.125.24.0-255,5738,266755,77,425694
31361,0.026952,172.31.40.0-255,66,266821,77,425694
31362,0.029201,74.125.24.0-255,5738,272559,77,425694
31363,0.029208,172.31.40.0-255,66,272625,77,425694
31364,0.031471,74.125.24.0-255,5738,278363,77,425694
31365,0.031477,172.31.40.0-255,66,278429,77,425694
31366,0.033729,74.125.24.0-255,5738,284167,77,425694
31367,0.033735,172.31.40.0-255,66,284233,77,425694
31368,0.035952,172.31.40.0-255,172,284405,77,425694
31369,0.035973,74.125.24.0-255,5738,290143,77,425694
31370,0.035977,172.31.40.0-255,66,290209,77,425694
31371,0.036009,172.31.40.0-255,1120,291329,77,425694
31372,0.036062,172.31.40.0-255,1514,292843,77,425694
31373,0.036063,172.31.40.0-255,1514,294357,77,425694
31374,0.036068,172.31.40.0-255,1514,295871,77,425694
31375,0.036069,172.31.40.0-255,1514,297385,77,425694
31376,0.036096,172.31.40.0-255,1477,298862,77,425694
31377,0.037496,104.244.42.0-255,66,298928,77,425694
31378,0.037601,104.244.42.0-255,66,298994,77,425694
31379,0.037666,104.244.42.0-255,66,299060,77,425694
31380,0.038143,104.244.42.0-255,108,299168,77,425694
31381,0.038152,172.31.40.0-255,66,299234,77,425694
31382,0.038212,74.125.24.0-255,5738,304972,77,425694
31383,0.038216,172.31.40.0-255,66,305038,77,425694
31384,0.040458,74.125.24.0-255,5738,310776,77,425694
31385,0.040468,172.31.40.0-255,66,310842,77,425694
31386,0.042752,74.125.24.0-255,5738,316580,77,425694
31387,0.042758,172.31.40.0-255,66,316646,77,425694
31388,0.044995,74.125.24.0-255,5738,322384,77,425694
31389,0.045002,172.31.40.0-255,66,322450,77,425694
31390,0.047269,74.125.24.0-255,5738,328188,77,425694
31391,0.047279,172.31.40.0-255,66,328254,77,425694
31392,0.04952,74.125.24.0-255,5738,333992,77,425694
31393,0.049526,172.31.40.0-255,66,334058,77,425694
31394,0.051779,74.125.24.0-255,5738,339796,77,425694
31395,0.051785,172.31.40.0-255,66,339862,77,425694
31396,0.054035,74.125.24.0-255,5738,345600,77,425694
31397,0.054042,172.31.40.0-255,66,345666,77,425694
31398,0.056279,74.125.24.0-255,5738,351404,77,425694
31399,0.056286,172.31.40.0-255,66,351470,77,425694
31400,0.058559,74.125.24.0-255,5738,357208,77,425694
31401,0.058566,172.31.40.0-255,66,357274,77,425694
31402,0.060846,74.125.24.0-255,5738,363012,77,425694
31403,0.060853,172.31.40.0-255,66,363078,77,425694
31404,0.063107,74.125.24.0-255,5738,368816,77,425694
31405,0.063114,172.31.40.0-255,66,368882,77,425694
31406,0.065371,74.125.24.0-255,5738,374620,77,425694
31407,0.065377,172.31.40.0-255,66,374686,77,425694
31408,0.06767,74.125.24.0-255,5738,380424,77,425694
31409,0.067676,172.31.40.0-255,66,380490,77,425694
31410,0.069949,74.125.24.0-255,5738,386228,77,425694
31411,0.069956,172.31.40.0-255,66,386294,77,425694
31412,0.072207,74.125.24.0-255,1484,387778,77,425694
31413,0.072239,74.125.24.0-255,4320,392098,77,425694
31414,0.072243,172.31.40.0-255,66,392164,77,425694
31415,0.074483,74.125.24.0-255,5738,397902,77,425694
31416,0.074489,172.31.40.0-255,66,397968,77,425694
31417,0.07678,74.125.24.0-255,5738,403706,77,425694
31418,0.076786,172.31.40.0-255,66,403772,77,425694
31419,0.079025,74.125.24.0-255,5738,409510,77,425694
31420,0.079031,172.31.40.0-255,66,409576,77,425694
31421,0.081297,74.125.24.0-255,5738,415314,77,425694
31422,0.081303,172.31.40.0-255,66,415380,77,425694
31423,0.083559,74.125.24.0-255,5738,421118,77,425694
31424,0.083565,172.31.40.0-255,66,421184,77,425694
31425,0.085817,74.125.24.0-255,4273,425457,77,425694
31426,0.085823,172.31.40.0-255,66,425523,77,425694
31427,0.085994,172.31.40.0-255,105,425628,77,425694
31428,0.088232,74.125.24.0-255,66,425694,77,425694
31429,0.0,172.31.40.0-255,105,105,77,459
31430,0.000246,172.31.40.0-255,90,195,77,459
31431,0.000256,172.31.40.0-255,66,261,77,459
31432,0.002621,74.125.68.0-255,66,327,77,459
31433,0.002655,74.125.68.0-255,66,393,77,459
31434,0.002679,172.31.40.0-255,66,459,77,459
31435,0.0,74.125.200.0-255,153,153,77,322309
31436,2.5e-05,172.31.40.0-255,66,219,77,322309
31437,3.2e-05,74.125.200.0-255,1484,1703,77,322309
31438,3.7e-05,172.31.40.0-255,66,1769,77,322309
31439,4e-05,74.125.200.0-255,1484,3253,77,322309
31440,4.3e-05,172.31.40.0-255,66,3319,77,322309
31441,5.7e-05,74.125.200.0-255,2902,6221,77,322309
31442,6e-05,172.31.40.0-255,66,6287,77,322309
31443,6.4e-05,74.125.200.0-255,1484,7771,77,322309
31444,6.6e-05,172.31.40.0-255,66,7837,77,322309
31445,0.000102,74.125.200.0-255,4320,12157,77,322309
31446,0.000106,172.31.40.0-255,66,12223,77,322309
31447,0.00011,74.125.200.0-255,2138,14361,77,322309
31448,0.000113,172.31.40.0-255,66,14427,77,322309
31449,0.000338,74.125.200.0-255,1484,15911,77,322309
31450,0.000343,172.31.40.0-255,66,15977,77,322309
31451,0.00035,74.125.200.0-255,2902,18879,77,322309
31452,0.000353,172.31.40.0-255,66,18945,77,322309
31453,0.000376,74.125.200.0-255,5738,24683,77,322309
31454,0.000379,172.31.40.0-255,66,24749,77,322309
31455,0.000383,74.125.200.0-255,2902,27651,77,322309
31456,0.000385,172.31.40.0-255,66,27717,77,322309
31457,0.000418,74.125.200.0-255,3961,31678,77,322309
31458,0.000421,172.31.40.0-255,66,31744,77,322309
31459,0.000616,74.125.200.0-255,1484,33228,77,322309
31460,0.00062,172.31.40.0-255,66,33294,77,322309
31461,0.000626,74.125.200.0-255,2902,36196,77,322309
31462,0.000629,172.31.40.0-255,66,36262,77,322309
31463,0.000633,74.125.200.0-255,2902,39164,77,322309
31464,0.00064,172.31.40.0-255,66,39230,77,322309
31465,0.000646,74.125.200.0-255,4320,43550,77,322309
31466,0.000648,172.31.40.0-255,66,43616,77,322309
31467,0.000694,74.125.200.0-255,5379,48995,77,322309
31468,0.000699,172.31.40.0-255,66,49061,77,322309
31469,0.000782,74.125.200.0-255,1484,50545,77,322309
31470,0.000788,74.125.200.0-255,2902,53447,77,322309
31471,0.000791,172.31.40.0-255,66,53513,77,322309
31472,0.000824,74.125.200.0-255,5738,59251,77,322309
31473,0.000827,172.31.40.0-255,66,59317,77,322309
31474,0.000832,74.125.200.0-255,2902,62219,77,322309
31475,0.000834,172.31.40.0-255,66,62285,77,322309
31476,0.000859,74.125.200.0-255,4258,66543,77,322309
31477,0.000861,172.31.40.0-255,66,66609,77,322309
31478,0.001656,74.125.200.0-255,381,66990,77,322309
31479,0.001787,74.125.200.0-255,1484,68474,77,322309
31480,0.001794,172.31.40.0-255,66,68540,77,322309
31481,0.001801,74.125.200.0-255,2902,71442,77,322309
31482,0.001803,172.31.40.0-255,66,71508,77,322309
31483,0.001841,74.125.200.0-255,5738,77246,77,322309
31484,0.001844,172.31.40.0-255,66,77312,77,322309
31485,0.001851,74.125.200.0-255,6797,84109,77,322309
31486,0.001853,172.31.40.0-255,66,84175,77,322309
31487,0.001877,74.125.200.0-255,1484,85659,77,322309
31488,0.001895,74.125.200.0-255,5738,91397,77,322309
31489,0.001897,172.31.40.0-255,66,91463,77,322309
31490,0.001937,74.125.200.0-255,8574,100037,77,322309
31491,0.00194,172.31.40.0-255,66,100103,77,322309
31492,0.001943,74.125.200.0-255,1125,101228,77,322309
31493,0.004503,74.125.200.0-255,4320,105548,77,322309
31494,0.004508,172.31.40.0-255,66,105614,77,322309
31495,0.007066,74.125.200.0-255,5738,111352,77,322309
31496,0.007072,172.31.40.0-255,66,111418,77,322309
31497,0.009628,74.125.200.0-255,5738,117156,77,322309
31498,0.009636,172.31.40.0-255,66,117222,77,322309
31499,0.012192,74.125.200.0-255,5738,122960,77,322309
31500,0.012202,172.31.40.0-255,66,123026,77,322309
31501,0.014786,74.125.200.0-255,5738,128764,77,322309
31502,0.0148,172.31.40.0-255,66,128830,77,322309
31503,0.017366,74.125.200.0-255,4320,133150,77,322309
31504,0.017376,172.31.40.0-255,66,133216,77,322309
31505,0.017408,74.125.200.0-255,1484,134700,77,322309
31506,0.019956,74.125.200.0-255,4320,139020,77,322309
31507,0.01997,172.31.40.0-255,66,139086,77,322309
31508,0.022553,74.125.200.0-255,5738,144824,77,322309
31509,0.022562,172.31.40.0-255,66,144890,77,322309
31510,0.025159,74.125.200.0-255,5738,150628,77,322309
31511,0.025186,172.31.40.0-255,66,150694,77,322309
31512,0.027767,74.125.200.0-255,5738,156432,77,322309
31513,0.027778,172.31.40.0-255,66,156498,77,322309
31514,0.030338,74.125.200.0-255,5738,162236,77,322309
31515,0.030347,172.31.40.0-255,66,162302,77,322309
31516,0.032905,74.125.200.0-255,5738,168040,77,322309
31517,0.032914,172.31.40.0-255,66,168106,77,322309
31518,0.035042,172.31.40.0-255,172,168278,77,322309
31519,0.035072,172.31.40.0-255,1121,169399,77,322309
31520,0.035139,172.31.40.0-255,1514,170913,77,322309
31521,0.035141,172.31.40.0-255,1514,172427,77,322309
31522,0.035146,172.31.40.0-255,1514,173941,77,322309
31523,0.035147,172.31.40.0-255,1514,175455,77,322309
31524,0.035173,172.31.40.0-255,1490,176945,77,322309
31525,0.035476,74.125.200.0-255,5738,182683,77,322309
31526,0.035483,172.31.40.0-255,66,182749,77,322309
31527,0.036586,104.244.42.0-255,66,182815,77,322309
31528,0.036641,104.244.42.0-255,66,182881,77,322309
31529,0.03669,104.244.42.0-255,66,182947,77,322309
31530,0.036779,104.244.42.0-255,66,183013,77,322309
31531,0.038063,74.125.200.0-255,5738,188751,77,322309
31532,0.03807,172.31.40.0-255,66,188817,77,322309
31533,0.040645,74.125.200.0-255,5738,194555,77,322309
31534,0.040653,172.31.40.0-255,66,194621,77,322309
31535,0.043212,74.125.200.0-255,5738,200359,77,322309
31536,0.04322,172.31.40.0-255,66,200425,77,322309
31537,0.045794,74.125.200.0-255,5738,206163,77,322309
31538,0.0458,172.31.40.0-255,66,206229,77,322309
31539,0.048387,74.125.200.0-255,5738,211967,77,322309
31540,0.048394,172.31.40.0-255,66,212033,77,322309
31541,0.05097,74.125.200.0-255,5738,217771,77,322309
31542,0.050978,172.31.40.0-255,66,217837,77,322309
31543,0.053539,74.125.200.0-255,5738,223575,77,322309
31544,0.05355,172.31.40.0-255,66,223641,77,322309
31545,0.056136,74.125.200.0-255,5738,229379,77,322309
31546,0.056145,172.31.40.0-255,66,229445,77,322309
31547,0.05875,74.125.200.0-255,5738,235183,77,322309
31548,0.058757,172.31.40.0-255,66,235249,77,322309
31549,0.061325,74.125.200.0-255,5738,240987,77,322309
31550,0.061332,172.31.40.0-255,66,241053,77,322309
31551,0.063903,74.125.200.0-255,5738,246791,77,322309
31552,0.063909,172.31.40.0-255,66,246857,77,322309
31553,0.066484,74.125.200.0-255,5738,252595,77,322309
31554,0.066491,172.31.40.0-255,66,252661,77,322309
31555,0.069141,74.125.200.0-255,5738,258399,77,322309
31556,0.069154,172.31.40.0-255,66,258465,77,322309
31557,0.071724,74.125.200.0-255,5738,264203,77,322309
31558,0.071749,172.31.40.0-255,66,264269,77,322309
31559,0.074322,74.125.200.0-255,5738,270007,77,322309
31560,0.074339,172.31.40.0-255,66,270073,77,322309
31561,0.076929,74.125.200.0-255,5738,275811,77,322309
31562,0.076951,172.31.40.0-255,66,275877,77,322309
31563,0.07954,74.125.200.0-255,5738,281615,77,322309
31564,0.07956,172.31.40.0-255,66,281681,77,322309
31565,0.082131,74.125.200.0-255,5738,287419,77,322309
31566,0.08215,172.31.40.0-255,66,287485,77,322309
31567,0.084719,74.125.200.0-255,5738,293223,77,322309
31568,0.084734,172.31.40.0-255,66,293289,77,322309
31569,0.08734,74.125.200.0-255,5738,299027,77,322309
31570,0.087359,172.31.40.0-255,66,299093,77,322309
31571,0.089945,74.125.200.0-255,5738,304831,77,322309
31572,0.089964,172.31.40.0-255,66,304897,77,322309
31573,0.092551,74.125.200.0-255,5738,310635,77,322309
31574,0.092569,172.31.40.0-255,66,310701,77,322309
31575,0.095156,74.125.200.0-255,5738,316439,77,322309
31576,0.095174,172.31.40.0-255,66,316505,77,322309
31577,0.097758,74.125.200.0-255,5738,322243,77,322309
31578,0.097776,172.31.40.0-255,66,322309,77,322309
31579,0.0,172.31.40.0-255,105,105,77,459
31580,0.000229,172.31.40.0-255,90,195,77,459
31581,0.00024,172.31.40.0-255,66,261,77,459
31582,0.002512,74.125.68.0-255,66,327,77,459
31583,0.002534,74.125.68.0-255,66,393,77,459
31584,0.002549,172.31.40.0-255,66,459,77,459
31585,0.0,172.253.118.0-255,152,152,77,409203
31586,1.9e-05,172.31.40.0-255,66,218,77,409203
31587,2.5e-05,172.253.118.0-255,1484,1702,77,409203
31588,2.9e-05,172.31.40.0-255,66,1768,77,409203
31589,3.5e-05,172.253.118.0-255,2902,4670,77,409203
31590,3.8e-05,172.31.40.0-255,66,4736,77,409203
31591,5e-05,172.253.118.0-255,7156,11892,77,409203
31592,5.3e-05,172.31.40.0-255,66,11958,77,409203
31593,5.7e-05,172.253.118.0-255,2902,14860,77,409203
31594,6e-05,172.31.40.0-255,66,14926,77,409203
31595,8.3e-05,172.253.118.0-255,9110,24036,77,409203
31596,8.6e-05,172.31.40.0-255,66,24102,77,409203
31597,9.7e-05,172.253.118.0-255,6797,30899,77,409203
31598,9.9e-05,172.31.40.0-255,66,30965,77,409203
31599,0.000143,172.253.118.0-255,1484,32449,77,409203
31600,0.000145,172.31.40.0-255,66,32515,77,409203
31601,0.00015,172.253.118.0-255,2902,35417,77,409203
31602,0.000152,172.31.40.0-255,66,35483,77,409203
31603,0.000172,172.253.118.0-255,2902,38385,77,409203
31604,0.000174,172.31.40.0-255,66,38451,77,409203
31605,0.000196,172.253.118.0-255,2902,41353,77,409203
31606,0.000199,172.31.40.0-255,66,41419,77,409203
31607,0.000203,172.253.118.0-255,4320,45739,77,409203
31608,0.000205,172.31.40.0-255,66,45805,77,409203
31609,0.000227,172.253.118.0-255,2543,48348,77,409203
31610,0.000229,172.31.40.0-255,66,48414,77,409203
31611,0.000816,172.253.118.0-255,1484,49898,77,409203
31612,0.000822,172.31.40.0-255,66,49964,77,409203
31613,0.000828,172.253.118.0-255,2902,52866,77,409203
31614,0.000831,172.31.40.0-255,66,52932,77,409203
31615,0.000834,172.253.118.0-255,1484,54416,77,409203
31616,0.000836,172.31.40.0-255,66,54482,77,409203
31617,0.000866,172.253.118.0-255,4320,58802,77,409203
31618,0.000868,172.31.40.0-255,66,58868,77,409203
31619,0.000874,172.253.118.0-255,4320,63188,77,409203
31620,0.000876,172.31.40.0-255,66,63254,77,409203
31621,0.000905,172.253.118.0-255,4320,67574,77,409203
31622,0.000908,172.31.40.0-255,66,67640,77,409203
31623,0.000952,172.253.118.0-255,6797,74437,77,409203
31624,0.000955,172.31.40.0-255,66,74503,77,409203
31625,0.000966,172.253.118.0-255,11410,85913,77,409203
31626,0.000968,172.31.40.0-255,66,85979,77,409203
31627,0.000981,172.253.118.0-255,13528,99507,77,409203
31628,0.000983,172.31.40.0-255,66,99573,77,409203
31629,0.001885,172.253.118.0-255,645,100218,77,409203
31630,0.001907,172.253.118.0-255,1484,101702,77,409203
31631,0.001911,172.31.40.0-255,66,101768,77,409203
31632,0.001917,172.253.118.0-255,2902,104670,77,409203
31633,0.001918,172.31.40.0-255,66,104736,77,409203
31634,0.001954,172.253.118.0-255,1484,106220,77,409203
31635,0.001964,172.253.118.0-255,9992,116212,77,409203
31636,0.001966,172.31.40.0-255,66,116278,77,409203
31637,0.001969,172.253.118.0-255,462,116740,77,409203
31638,0.003927,172.253.118.0-255,4320,121060,77,409203
31639,0.003932,172.31.40.0-255,66,121126,77,409203
31640,0.005898,172.253.118.0-255,5738,126864,77,409203
31641,0.005905,172.31.40.0-255,66,126930,77,409203
31642,0.007888,172.253.118.0-255,5738,132668,77,409203
31643,0.007895,172.31.40.0-255,66,132734,77,409203
31644,0.009874,172.253.118.0-255,5738,138472,77,409203
31645,0.009881,172.31.40.0-255,66,138538,77,409203
31646,0.011844,172.253.118.0-255,5738,144276,77,409203
31647,0.011851,172.31.40.0-255,66,144342,77,409203
31648,0.01383,172.253.118.0-255,5738,150080,77,409203
31649,0.013838,172.31.40.0-255,66,150146,77,409203
31650,0.015802,172.253.118.0-255,5738,155884,77,409203
31651,0.015811,172.31.40.0-255,66,155950,77,409203
31652,0.017799,172.253.118.0-255,5738,161688,77,409203
31653,0.017807,172.31.40.0-255,66,161754,77,409203
31654,0.019794,172.253.118.0-255,5738,167492,77,409203
31655,0.0198,172.31.40.0-255,66,167558,77,409203
31656,0.021783,172.253.118.0-255,5738,173296,77,409203
31657,0.021791,172.31.40.0-255,66,173362,77,409203
31658,0.023777,172.253.118.0-255,5738,179100,77,409203
31659,0.023784,172.31.40.0-255,66,179166,77,409203
31660,0.025761,172.253.118.0-255,5738,184904,77,409203
31661,0.025769,172.31.40.0-255,66,184970,77,409203
31662,0.027747,172.253.118.0-255,5738,190708,77,409203
31663,0.027754,172.31.40.0-255,66,190774,77,409203
31664,0.029726,172.253.118.0-255,5738,196512,77,409203
31665,0.029735,172.31.40.0-255,66,196578,77,409203
31666,0.03171,172.253.118.0-255,5738,202316,77,409203
31667,0.031719,172.31.40.0-255,66,202382,77,409203
31668,0.033699,172.253.118.0-255,5738,208120,77,409203
31669,0.033707,172.31.40.0-255,66,208186,77,409203
31670,0.035434,172.31.40.0-255,172,208358,77,409203
31671,0.035466,172.31.40.0-255,1119,209477,77,409203
31672,0.035533,172.31.40.0-255,1514,210991,77,409203
31673,0.035535,172.31.40.0-255,1514,212505,77,409203
31674,0.035536,172.31.40.0-255,1514,214019,77,409203
31675,0.035537,172.31.40.0-255,1514,215533,77,409203
31676,0.035581,172.31.40.0-255,1478,217011,77,409203
31677,0.035697,172.253.118.0-255,5738,222749,77,409203
31678,0.035704,172.31.40.0-255,66,222815,77,409203
31679,0.036997,104.244.42.0-255,66,222881,77,409203
31680,0.037006,104.244.42.0-255,66,222947,77,409203
31681,0.037145,104.244.42.0-255,66,223013,77,409203
31682,0.037185,104.244.42.0-255,66,223079,77,409203
31683,0.037671,172.253.118.0-255,5738,228817,77,409203
31684,0.037676,172.31.40.0-255,66,228883,77,409203
31685,0.039658,172.253.118.0-255,5738,234621,77,409203
31686,0.039663,172.31.40.0-255,66,234687,77,409203
31687,0.041664,172.253.118.0-255,5738,240425,77,409203
31688,0.04167,172.31.40.0-255,66,240491,77,409203
31689,0.043656,172.253.118.0-255,5738,246229,77,409203
31690,0.043665,172.31.40.0-255,66,246295,77,409203
31691,0.045644,172.253.118.0-255,5738,252033,77,409203
31692,0.04565,172.31.40.0-255,66,252099,77,409203
31693,0.047646,172.253.118.0-255,5738,257837,77,409203
31694,0.047652,172.31.40.0-255,66,257903,77,409203
31695,0.049636,172.253.118.0-255,5738,263641,77,409203
31696,0.049643,172.31.40.0-255,66,263707,77,409203
31697,0.051625,172.253.118.0-255,5738,269445,77,409203
31698,0.051631,172.31.40.0-255,66,269511,77,409203
31699,0.053625,172.253.118.0-255,5738,275249,77,409203
31700,0.053632,172.31.40.0-255,66,275315,77,409203
31701,0.055637,172.253.118.0-255,5738,281053,77,409203
31702,0.055644,172.31.40.0-255,66,281119,77,409203
31703,0.057618,172.253.118.0-255,5738,286857,77,409203
31704,0.057624,172.31.40.0-255,66,286923,77,409203
31705,0.059655,172.253.118.0-255,5738,292661,77,409203
31706,0.059662,172.31.40.0-255,66,292727,77,409203
31707,0.061646,172.253.118.0-255,5738,298465,77,409203
31708,0.061653,172.31.40.0-255,66,298531,77,409203
31709,0.063626,172.253.118.0-255,5738,304269,77,409203
31710,0.063633,172.31.40.0-255,66,304335,77,409203
31711,0.065604,172.253.118.0-255,5738,310073,77,409203
31712,0.065611,172.31.40.0-255,66,310139,77,409203
31713,0.067583,172.253.118.0-255,5738,315877,77,409203
31714,0.067589,172.31.40.0-255,66,315943,77,409203
31715,0.069566,172.253.118.0-255,5738,321681,77,409203
31716,0.069572,172.31.40.0-255,66,321747,77,409203
31717,0.071547,172.253.118.0-255,5738,327485,77,409203
31718,0.071553,172.31.40.0-255,66,327551,77,409203
31719,0.073529,172.253.118.0-255,5738,333289,77,409203
31720,0.073536,172.31.40.0-255,66,333355,77,409203
31721,0.07552,172.253.118.0-255,5738,339093,77,409203
31722,0.075526,172.31.40.0-255,66,339159,77,409203
31723,0.077516,172.253.118.0-255,5738,344897,77,409203
31724,0.077523,172.31.40.0-255,66,344963,77,409203
31725,0.079506,172.253.118.0-255,5738,350701,77,409203
31726,0.079513,172.31.40.0-255,66,350767,77,409203
31727,0.081499,172.253.118.0-255,5738,356505,77,409203
31728,0.081505,172.31.40.0-255,66,356571,77,409203
31729,0.083486,172.253.118.0-255,5738,362309,77,409203
31730,0.083493,172.31.40.0-255,66,362375,77,409203
31731,0.08552,172.253.118.0-255,5738,368113,77,409203
31732,0.085526,172.31.40.0-255,66,368179,77,409203
31733,0.087531,172.253.118.0-255,5738,373917,77,409203
31734,0.087537,172.31.40.0-255,66,373983,77,409203
31735,0.089522,172.253.118.0-255,5738,379721,77,409203
31736,0.089528,172.31.40.0-255,66,379787,77,409203
31737,0.091517,172.253.118.0-255,5738,385525,77,409203
31738,0.091523,172.31.40.0-255,66,385591,77,409203
31739,0.093508,172.253.118.0-255,5738,391329,77,409203
31740,0.093515,172.31.40.0-255,66,391395,77,409203
31741,0.095487,172.253.118.0-255,2902,394297,77,409203
31742,0.095495,172.31.40.0-255,66,394363,77,409203
31743,0.095526,172.253.118.0-255,2902,397265,77,409203
31744,0.095529,172.31.40.0-255,66,397331,77,409203
31745,0.097467,172.253.118.0-255,2902,400233,77,409203
31746,0.097474,172.31.40.0-255,66,400299,77,409203
31747,0.097507,172.253.118.0-255,2902,403201,77,409203
31748,0.09751,172.31.40.0-255,66,403267,77,409203
31749,0.099459,172.253.118.0-255,2902,406169,77,409203
31750,0.099464,172.31.40.0-255,66,406235,77,409203
31751,0.099492,172.253.118.0-255,2902,409137,77,409203
31752,0.099494,172.31.40.0-255,66,409203,77,409203
31753,0.0,172.217.194.0-255,150,150,77,398623
31754,2.1e-05,172.31.40.0-255,66,216,77,398623
31755,2.9e-05,172.217.194.0-255,1484,1700,77,398623
31756,3.4e-05,172.31.40.0-255,66,1766,77,398623
31757,3.9e-05,172.217.194.0-255,2902,4668,77,398623
31758,4.9e-05,172.31.40.0-255,66,4734,77,398623
31759,5.8e-05,172.217.194.0-255,7156,11890,77,398623
31760,6e-05,172.31.40.0-255,66,11956,77,398623
31761,7e-05,172.217.194.0-255,9109,21065,77,398623
31762,7.2e-05,172.31.40.0-255,66,21131,77,398623
31763,7.6e-05,172.217.194.0-255,1484,22615,77,398623
31764,7.8e-05,172.31.40.0-255,66,22681,77,398623
31765,0.00012,172.217.194.0-255,8215,30896,77,398623
31766,0.000123,172.31.40.0-255,66,30962,77,398623
31767,0.000157,172.217.194.0-255,1484,32446,77,398623
31768,0.000159,172.31.40.0-255,66,32512,77,398623
31769,0.000163,172.217.194.0-255,1484,33996,77,398623
31770,0.000165,172.31.40.0-255,66,34062,77,398623
31771,0.000201,172.217.194.0-255,1484,35546,77,398623
31772,0.000203,172.31.40.0-255,66,35612,77,398623
31773,0.000211,172.217.194.0-255,5738,41350,77,398623
31774,0.000213,172.31.40.0-255,66,41416,77,398623
31775,0.00022,172.217.194.0-255,6797,48213,77,398623
31776,0.000222,172.31.40.0-255,66,48279,77,398623
31777,0.000947,172.217.194.0-255,1484,49763,77,398623
31778,0.000953,172.31.40.0-255,66,49829,77,398623
31779,0.000962,172.217.194.0-255,2902,52731,77,398623
31780,0.000965,172.31.40.0-255,66,52797,77,398623
31781,0.000977,172.217.194.0-255,5738,58535,77,398623
31782,0.000979,172.31.40.0-255,66,58601,77,398623
31783,0.000982,172.217.194.0-255,1484,60085,77,398623
31784,0.000984,172.31.40.0-255,66,60151,77,398623
31785,0.001023,172.217.194.0-255,5379,65530,77,398623
31786,0.001026,172.31.40.0-255,66,65596,77,398623
31787,0.001356,172.217.194.0-255,1484,67080,77,398623
31788,0.001366,172.217.194.0-255,2902,69982,77,398623
31789,0.00137,172.31.40.0-255,66,70048,77,398623
31790,0.001377,172.217.194.0-255,4320,74368,77,398623
31791,0.001379,172.31.40.0-255,66,74434,77,398623
31792,0.001407,172.217.194.0-255,1484,75918,77,398623
31793,0.00142,172.217.194.0-255,12828,88746,77,398623
31794,0.001422,172.31.40.0-255,66,88812,77,398623
31795,0.00143,172.217.194.0-255,5738,94550,77,398623
31796,0.001432,172.31.40.0-255,66,94616,77,398623
31797,0.001457,172.217.194.0-255,4320,98936,77,398623
31798,0.001459,172.31.40.0-255,66,99002,77,398623
31799,0.001462,172.217.194.0-255,766,99768,77,398623
31800,0.001512,172.217.194.0-255,1484,101252,77,398623
31801,0.001515,172.31.40.0-255,66,101318,77,398623
31802,0.001518,172.217.194.0-255,1484,102802,77,398623
31803,0.001541,172.217.194.0-255,4320,107122,77,398623
31804,0.001544,172.31.40.0-255,66,107188,77,398623
31805,0.001571,172.217.194.0-255,5738,112926,77,398623
31806,0.001574,172.31.40.0-255,66,112992,77,398623
31807,0.001609,172.217.194.0-255,5365,118357,77,398623
31808,0.001613,172.31.40.0-255,66,118423,77,398623
31809,0.00162,172.217.194.0-255,7156,125579,77,398623
31810,0.001623,172.31.40.0-255,66,125645,77,398623
31811,0.001667,172.31.40.0-255,66,125711,77,398623
31812,0.001696,172.217.194.0-255,2902,128613,77,398623
31813,0.001698,172.31.40.0-255,66,128679,77,398623
31814,0.001704,172.217.194.0-255,5020,133699,77,398623
31815,0.001707,172.31.40.0-255,66,133765,77,398623
31816,0.001854,172.217.194.0-255,1484,135249,77,398623
31817,0.001872,172.217.194.0-255,2902,138151,77,398623
31818,0.001878,172.31.40.0-255,66,138217,77,398623
31819,0.001887,172.217.194.0-255,5738,143955,77,398623
31820,0.001895,172.31.40.0-255,66,144021,77,398623
31821,0.001903,172.217.194.0-255,8574,152595,77,398623
31822,0.001906,172.31.40.0-255,66,152661,77,398623
31823,0.001956,172.217.194.0-255,5738,158399,77,398623
31824,0.00196,172.31.40.0-255,66,158465,77,398623
31825,0.001994,172.217.194.0-255,9274,167739,77,398623
31826,0.001997,172.31.40.0-255,66,167805,77,398623
31827,0.004356,172.217.194.0-255,5738,173543,77,398623
31828,0.004362,172.31.40.0-255,66,173609,77,398623
31829,0.006712,172.217.194.0-255,4320,177929,77,398623
31830,0.006718,172.31.40.0-255,66,177995,77,398623
31831,0.006746,172.217.194.0-255,1484,179479,77,398623
31832,0.009049,172.217.194.0-255,4320,183799,77,398623
31833,0.009056,172.31.40.0-255,66,183865,77,398623
31834,0.011426,172.217.194.0-255,5738,189603,77,398623
31835,0.011433,172.31.40.0-255,66,189669,77,398623
31836,0.014137,172.217.194.0-255,5738,195407,77,398623
31837,0.014148,172.31.40.0-255,66,195473,77,398623
31838,0.016522,172.217.194.0-255,5738,201211,77,398623
31839,0.016529,172.31.40.0-255,66,201277,77,398623
31840,0.018884,172.217.194.0-255,5738,207015,77,398623
31841,0.018892,172.31.40.0-255,66,207081,77,398623
31842,0.021241,172.217.194.0-255,5738,212819,77,398623
31843,0.02125,172.31.40.0-255,66,212885,77,398623
31844,0.023655,172.217.194.0-255,5738,218623,77,398623
31845,0.023665,172.31.40.0-255,66,218689,77,398623
31846,0.026085,172.217.194.0-255,5738,224427,77,398623
31847,0.026092,172.31.40.0-255,66,224493,77,398623
31848,0.028515,172.217.194.0-255,5738,230231,77,398623
31849,0.028522,172.31.40.0-255,66,230297,77,398623
31850,0.030859,172.217.194.0-255,5738,236035,77,398623
31851,0.030867,172.31.40.0-255,66,236101,77,398623
31852,0.033224,172.217.194.0-255,5738,241839,77,398623
31853,0.033231,172.31.40.0-255,66,241905,77,398623
31854,0.035608,172.217.194.0-255,5738,247643,77,398623
31855,0.035615,172.31.40.0-255,66,247709,77,398623
31856,0.037955,172.217.194.0-255,5738,253447,77,398623
31857,0.037963,172.31.40.0-255,66,253513,77,398623
31858,0.040334,172.217.194.0-255,5738,259251,77,398623
31859,0.040341,172.31.40.0-255,66,259317,77,398623
31860,0.040819,172.31.40.0-255,176,259493,77,398623
31861,0.040846,172.31.40.0-255,1066,260559,77,398623
31862,0.042383,104.244.42.0-255,66,260625,77,398623
31863,0.042403,104.244.42.0-255,66,260691,77,398623
31864,0.042709,172.217.194.0-255,5738,266429,77,398623
31865,0.042714,172.31.40.0-255,66,266495,77,398623
31866,0.045112,172.217.194.0-255,5738,272233,77,398623
31867,0.045122,172.31.40.0-255,66,272299,77,398623
31868,0.047688,172.217.194.0-255,5738,278037,77,398623
31869,0.047695,172.31.40.0-255,66,278103,77,398623
31870,0.050043,172.217.194.0-255,5738,283841,77,398623
31871,0.05005,172.31.40.0-255,66,283907,77,398623
31872,0.052387,172.217.194.0-255,5738,289645,77,398623
31873,0.052394,172.31.40.0-255,66,289711,77,398623
31874,0.054763,172.217.194.0-255,5738,295449,77,398623
31875,0.05477,172.31.40.0-255,66,295515,77,398623
31876,0.057198,172.217.194.0-255,5738,301253,77,398623
31877,0.057205,172.31.40.0-255,66,301319,77,398623
31878,0.059569,172.217.194.0-255,5738,307057,77,398623
31879,0.059576,172.31.40.0-255,66,307123,77,398623
31880,0.061947,172.217.194.0-255,5738,312861,77,398623
31881,0.061954,172.31.40.0-255,66,312927,77,398623
31882,0.064359,172.217.194.0-255,5738,318665,77,398623
31883,0.064365,172.31.40.0-255,66,318731,77,398623
31884,0.06674,172.217.194.0-255,5738,324469,77,398623
31885,0.066746,172.31.40.0-255,66,324535,77,398623
31886,0.069113,172.217.194.0-255,5738,330273,77,398623
31887,0.06912,172.31.40.0-255,66,330339,77,398623
31888,0.071521,172.217.194.0-255,5738,336077,77,398623
31889,0.071528,172.31.40.0-255,66,336143,77,398623
31890,0.073882,172.217.194.0-255,5738,341881,77,398623
31891,0.073889,172.31.40.0-255,66,341947,77,398623
31892,0.076248,172.217.194.0-255,5738,347685,77,398623
31893,0.076254,172.31.40.0-255,66,347751,77,398623
31894,0.078624,172.217.194.0-255,5738,353489,77,398623
31895,0.078629,172.31.40.0-255,66,353555,77,398623
31896,0.081015,172.217.194.0-255,5738,359293,77,398623
31897,0.081022,172.31.40.0-255,66,359359,77,398623
31898,0.083357,172.217.194.0-255,5738,365097,77,398623
31899,0.083364,172.31.40.0-255,66,365163,77,398623
31900,0.085759,172.217.194.0-255,5738,370901,77,398623
31901,0.085766,172.31.40.0-255,66,370967,77,398623
31902,0.088125,172.217.194.0-255,5738,376705,77,398623
31903,0.088131,172.31.40.0-255,66,376771,77,398623
31904,0.090507,172.217.194.0-255,5738,382509,77,398623
31905,0.090513,172.31.40.0-255,66,382575,77,398623
31906,0.092851,172.217.194.0-255,5738,388313,77,398623
31907,0.092858,172.31.40.0-255,66,388379,77,398623
31908,0.095209,172.217.194.0-255,5738,394117,77,398623
31909,0.095215,172.31.40.0-255,66,394183,77,398623
31910,0.097599,172.217.194.0-255,4269,398452,77,398623
31911,0.097606,172.31.40.0-255,66,398518,77,398623
31912,0.097793,172.31.40.0-255,105,398623,77,398623
31913,0.0,172.217.194.0-255,150,150,77,333590
31914,1.4e-05,172.31.40.0-255,66,216,77,333590
31915,2.1e-05,172.217.194.0-255,1484,1700,77,333590
31916,2.5e-05,172.31.40.0-255,66,1766,77,333590
31917,3.1e-05,172.217.194.0-255,2902,4668,77,333590
31918,3.4e-05,172.31.40.0-255,66,4734,77,333590
31919,4.1e-05,172.217.194.0-255,7156,11890,77,333590
31920,4.4e-05,172.31.40.0-255,66,11956,77,333590
31921,6e-05,172.217.194.0-255,1484,13440,77,333590
31922,6.3e-05,172.31.40.0-255,66,13506,77,333590
31923,0.00012,172.31.40.0-255,66,13572,77,333590
31924,0.000125,172.217.194.0-255,2543,16115,77,333590
31925,0.000127,172.31.40.0-255,66,16181,77,333590
31926,0.000142,172.217.194.0-255,1484,17665,77,333590
31927,0.000144,172.31.40.0-255,66,17731,77,333590
31928,0.000149,172.217.194.0-255,2902,20633,77,333590
31929,0.000151,172.31.40.0-255,66,20699,77,333590
31930,0.00018,172.217.194.0-255,5738,26437,77,333590
31931,0.000183,172.31.40.0-255,66,26503,77,333590
31932,0.00019,172.217.194.0-255,8215,34718,77,333590
31933,0.000193,172.31.40.0-255,66,34784,77,333590
31934,0.000256,172.31.40.0-255,66,34850,77,333590
31935,0.000259,172.217.194.0-255,367,35217,77,333590
31936,0.000261,172.31.40.0-255,66,35283,77,333590
31937,0.000367,172.217.194.0-255,1484,36767,77,333590
31938,0.000371,172.31.40.0-255,66,36833,77,333590
31939,0.000377,172.217.194.0-255,2902,39735,77,333590
31940,0.000379,172.31.40.0-255,66,39801,77,333590
31941,0.000386,172.217.194.0-255,5738,45539,77,333590
31942,0.000388,172.31.40.0-255,66,45605,77,333590
31943,0.000414,172.217.194.0-255,9992,55597,77,333590
31944,0.000417,172.31.40.0-255,66,55663,77,333590
31945,0.000436,172.217.194.0-255,2902,58565,77,333590
31946,0.000438,172.31.40.0-255,66,58631,77,333590
31947,0.000447,172.217.194.0-255,8574,67205,77,333590
31948,0.000449,172.31.40.0-255,66,67271,77,333590
31949,0.00047,172.217.194.0-255,1634,68905,77,333590
31950,0.000472,172.31.40.0-255,66,68971,77,333590
31951,0.00048,172.217.194.0-255,5738,74709,77,333590
31952,0.000482,172.31.40.0-255,66,74775,77,333590
31953,0.000509,172.217.194.0-255,5738,80513,77,333590
31954,0.000512,172.31.40.0-255,66,80579,77,333590
31955,0.000518,172.217.194.0-255,5365,85944,77,333590
31956,0.00052,172.31.40.0-255,66,86010,77,333590
31957,0.000768,172.217.194.0-255,1484,87494,77,333590
31958,0.000778,172.217.194.0-255,2902,90396,77,333590
31959,0.000783,172.31.40.0-255,66,90462,77,333590
31960,0.000795,172.217.194.0-255,1484,91946,77,333590
31961,0.00081,172.217.194.0-255,2902,94848,77,333590
31962,0.000812,172.31.40.0-255,66,94914,77,333590
31963,0.000819,172.217.194.0-255,5738,100652,77,333590
31964,0.000821,172.31.40.0-255,66,100718,77,333590
31965,0.000837,172.217.194.0-255,5738,106456,77,333590
31966,0.00084,172.31.40.0-255,66,106522,77,333590
31967,0.000863,172.217.194.0-255,5738,112260,77,333590
31968,0.000866,172.31.40.0-255,66,112326,77,333590
31969,0.000873,172.217.194.0-255,7856,120182,77,333590
31970,0.000875,172.31.40.0-255,66,120248,77,333590
31971,0.001221,172.217.194.0-255,1484,121732,77,333590
31972,0.001229,172.217.194.0-255,2902,124634,77,333590
31973,0.001235,172.31.40.0-255,66,124700,77,333590
31974,0.001242,172.217.194.0-255,5738,130438,77,333590
31975,0.001244,172.31.40.0-255,66,130504,77,333590
31976,0.001266,172.217.194.0-255,8574,139078,77,333590
31977,0.001269,172.31.40.0-255,66,139144,77,333590
31978,0.001287,172.217.194.0-255,4320,143464,77,333590
31979,0.00129,172.31.40.0-255,66,143530,77,333590
31980,0.00131,172.217.194.0-255,12496,156026,77,333590
31981,0.001312,172.31.40.0-255,66,156092,77,333590
31982,0.001315,172.217.194.0-255,1484,157576,77,333590
31983,0.001338,172.217.194.0-255,9992,167568,77,333590
31984,0.001341,172.31.40.0-255,66,167634,77,333590
31985,0.001365,172.217.194.0-255,2902,170536,77,333590
31986,0.001367,172.31.40.0-255,66,170602,77,333590
31987,0.001397,172.217.194.0-255,11410,182012,77,333590
31988,0.0014,172.31.40.0-255,66,182078,77,333590
31989,0.001422,172.217.194.0-255,5020,187098,77,333590
31990,0.001425,172.31.40.0-255,66,187164,77,333590
31991,0.001432,172.217.194.0-255,5738,192902,77,333590
31992,0.001435,172.31.40.0-255,66,192968,77,333590
31993,0.001442,172.217.194.0-255,7156,200124,77,333590
31994,0.001445,172.31.40.0-255,66,200190,77,333590
31995,0.001487,172.31.40.0-255,66,200256,77,333590
31996,0.001494,172.217.194.0-255,6438,206694,77,333590
31997,0.001497,172.31.40.0-255,66,206760,77,333590
31998,0.001572,172.31.40.0-255,66,206826,77,333590
31999,0.001581,172.217.194.0-255,10692,217518,77,333590
32000,0.001583,172.31.40.0-255,66,217584,77,333590
32001,0.001598,172.217.194.0-255,1484,219068,77,333590
32002,0.001616,172.217.194.0-255,2902,221970,77,333590
32003,0.001618,172.31.40.0-255,66,222036,77,333590
32004,0.001625,172.217.194.0-255,5738,227774,77,333590
32005,0.001627,172.31.40.0-255,66,227840,77,333590
32006,0.001637,172.217.194.0-255,1484,229324,77,333590
32007,0.001655,172.217.194.0-255,8574,237898,77,333590
32008,0.001658,172.31.40.0-255,66,237964,77,333590
32009,0.00168,172.217.194.0-255,2902,240866,77,333590
32010,0.001683,172.31.40.0-255,66,240932,77,333590
32011,0.001692,172.217.194.0-255,10692,251624,77,333590
32012,0.001694,172.31.40.0-255,66,251690,77,333590
32013,0.001965,172.217.194.0-255,1484,253174,77,333590
32014,0.001971,172.217.194.0-255,2902,256076,77,333590
32015,0.001975,172.31.40.0-255,66,256142,77,333590
32016,0.001978,172.217.194.0-255,1484,257626,77,333590
32017,0.001998,172.217.194.0-255,4320,261946,77,333590
32018,0.002,172.31.40.0-255,66,262012,77,333590
32019,0.002005,172.217.194.0-255,4320,266332,77,333590
32020,0.002007,172.31.40.0-255,66,266398,77,333590
32021,0.002033,172.217.194.0-255,8574,274972,77,333590
32022,0.002035,172.31.40.0-255,66,275038,77,333590
32023,0.002041,172.217.194.0-255,5738,280776,77,333590
32024,0.002042,172.31.40.0-255,66,280842,77,333590
32025,0.002068,172.217.194.0-255,5020,285862,77,333590
32026,0.00207,172.31.40.0-255,66,285928,77,333590
32027,0.002073,172.217.194.0-255,1484,287412,77,333590
32028,0.002098,172.217.194.0-255,11410,298822,77,333590
32029,0.0021,172.31.40.0-255,66,298888,77,333590
32030,0.002121,172.217.194.0-255,12828,311716,77,333590
32031,0.002123,172.31.40.0-255,66,311782,77,333590
32032,0.00213,172.217.194.0-255,7856,319638,77,333590
32033,0.002132,172.31.40.0-255,66,319704,77,333590
32034,0.002137,172.217.194.0-255,4320,324024,77,333590
32035,0.00214,172.31.40.0-255,66,324090,77,333590
32036,0.002178,172.31.40.0-255,66,324156,77,333590
32037,0.002181,172.217.194.0-255,105,324261,77,333590
32038,0.006923,172.31.40.0-255,66,324327,77,333590
32039,0.006957,172.31.40.0-255,105,324432,77,333590
32040,0.009218,172.217.194.0-255,66,324498,77,333590
32041,0.036595,172.31.40.0-255,172,324670,77,333590
32042,0.036625,172.31.40.0-255,1120,325790,77,333590
32043,0.036697,172.31.40.0-255,1514,327304,77,333590
32044,0.036698,172.31.40.0-255,1514,328818,77,333590
32045,0.036703,172.31.40.0-255,1514,330332,77,333590
32046,0.036704,172.31.40.0-255,1514,331846,77,333590
32047,0.03675,172.31.40.0-255,1480,333326,77,333590
32048,0.038085,104.244.42.0-255,66,333392,77,333590
32049,0.038119,104.244.42.0-255,66,333458,77,333590
32050,0.038222,104.244.42.0-255,66,333524,77,333590
32051,0.038276,104.244.42.0-255,66,333590,77,333590
32052,0.0,172.217.194.0-255,150,150,77,351709
32053,1.6e-05,172.31.40.0-255,66,216,77,351709
32054,3.6e-05,172.217.194.0-255,1484,1700,77,351709
32055,4.2e-05,172.31.40.0-255,66,1766,77,351709
32056,4.8e-05,172.217.194.0-255,2902,4668,77,351709
32057,5.2e-05,172.31.40.0-255,66,4734,77,351709
32058,6.1e-05,172.217.194.0-255,7156,11890,77,351709
32059,6.4e-05,172.31.40.0-255,66,11956,77,351709
32060,0.000107,172.217.194.0-255,2030,13986,77,351709
32061,0.00011,172.31.40.0-255,66,14052,77,351709
32062,0.000148,172.217.194.0-255,2902,16954,77,351709
32063,0.000151,172.31.40.0-255,66,17020,77,351709
32064,0.000158,172.217.194.0-255,7156,24176,77,351709
32065,0.00016,172.31.40.0-255,66,24242,77,351709
32066,0.000174,172.217.194.0-255,1484,25726,77,351709
32067,0.000177,172.31.40.0-255,66,25792,77,351709
32068,0.000204,172.217.194.0-255,2902,28694,77,351709
32069,0.000207,172.31.40.0-255,66,28760,77,351709
32070,0.000248,172.217.194.0-255,2543,31303,77,351709
32071,0.000251,172.31.40.0-255,66,31369,77,351709
32072,0.000312,172.217.194.0-255,1484,32853,77,351709
32073,0.000315,172.31.40.0-255,66,32919,77,351709
32074,0.000321,172.217.194.0-255,2902,35821,77,351709
32075,0.000323,172.31.40.0-255,66,35887,77,351709
32076,0.000358,172.217.194.0-255,5738,41625,77,351709
32077,0.000361,172.31.40.0-255,66,41691,77,351709
32078,0.000367,172.217.194.0-255,4320,46011,77,351709
32079,0.000369,172.31.40.0-255,66,46077,77,351709
32080,0.000429,172.217.194.0-255,2543,48620,77,351709
32081,0.000432,172.31.40.0-255,66,48686,77,351709
32082,0.001099,172.217.194.0-255,1484,50170,77,351709
32083,0.001106,172.31.40.0-255,66,50236,77,351709
32084,0.001114,172.217.194.0-255,2902,53138,77,351709
32085,0.001116,172.31.40.0-255,66,53204,77,351709
32086,0.001122,172.217.194.0-255,2902,56106,77,351709
32087,0.001124,172.31.40.0-255,66,56172,77,351709
32088,0.001149,172.217.194.0-255,2902,59074,77,351709
32089,0.001152,172.31.40.0-255,66,59140,77,351709
32090,0.001156,172.217.194.0-255,1484,60624,77,351709
32091,0.00118,172.217.194.0-255,8215,68839,77,351709
32092,0.001182,172.31.40.0-255,66,68905,77,351709
32093,0.001186,172.217.194.0-255,1484,70389,77,351709
32094,0.001212,172.217.194.0-255,8574,78963,77,351709
32095,0.001215,172.31.40.0-255,66,79029,77,351709
32096,0.001221,172.217.194.0-255,3961,82990,77,351709
32097,0.001223,172.31.40.0-255,66,83056,77,351709
32098,0.001362,172.217.194.0-255,1484,84540,77,351709
32099,0.00137,172.217.194.0-255,2902,87442,77,351709
32100,0.001374,172.31.40.0-255,66,87508,77,351709
32101,0.001381,172.217.194.0-255,5738,93246,77,351709
32102,0.001383,172.31.40.0-255,66,93312,77,351709
32103,0.001407,172.217.194.0-255,1484,94796,77,351709
32104,0.001432,172.217.194.0-255,11410,106206,77,351709
32105,0.001436,172.31.40.0-255,66,106272,77,351709
32106,0.001442,172.217.194.0-255,5738,112010,77,351709
32107,0.001444,172.31.40.0-255,66,112076,77,351709
32108,0.001468,172.217.194.0-255,1484,113560,77,351709
32109,0.001483,172.217.194.0-255,2902,116462,77,351709
32110,0.001485,172.31.40.0-255,66,116528,77,351709
32111,0.001495,172.217.194.0-255,752,117280,77,351709
32112,0.001613,172.217.194.0-255,1484,118764,77,351709
32113,0.001617,172.31.40.0-255,66,118830,77,351709
32114,0.001623,172.217.194.0-255,2902,121732,77,351709
32115,0.001626,172.31.40.0-255,66,121798,77,351709
32116,0.001658,172.217.194.0-255,5738,127536,77,351709
32117,0.001661,172.31.40.0-255,66,127602,77,351709
32118,0.001665,172.217.194.0-255,1484,129086,77,351709
32119,0.00169,172.217.194.0-255,11410,140496,77,351709
32120,0.001693,172.31.40.0-255,66,140562,77,351709
32121,0.001762,172.217.194.0-255,7156,147718,77,351709
32122,0.001765,172.31.40.0-255,66,147784,77,351709
32123,0.001787,172.217.194.0-255,3602,151386,77,351709
32124,0.00179,172.31.40.0-255,66,151452,77,351709
32125,0.001824,172.217.194.0-255,1484,152936,77,351709
32126,0.001842,172.217.194.0-255,2902,155838,77,351709
32127,0.001845,172.31.40.0-255,66,155904,77,351709
32128,0.001849,172.217.194.0-255,1484,157388,77,351709
32129,0.001866,172.217.194.0-255,4320,161708,77,351709
32130,0.001869,172.31.40.0-255,66,161774,77,351709
32131,0.001876,172.217.194.0-255,4320,166094,77,351709
32132,0.001879,172.31.40.0-255,66,166160,77,351709
32133,0.001899,172.217.194.0-255,1484,167644,77,351709
32134,0.001928,172.217.194.0-255,9992,177636,77,351709
32135,0.001931,172.31.40.0-255,66,177702,77,351709
32136,0.001938,172.217.194.0-255,5738,183440,77,351709
32137,0.00194,172.31.40.0-255,66,183506,77,351709
32138,0.001953,172.217.194.0-255,2184,185690,77,351709
32139,0.001955,172.31.40.0-255,66,185756,77,351709
32140,0.002018,172.217.194.0-255,1484,187240,77,351709
32141,0.00211,172.217.194.0-255,2902,190142,77,351709
32142,0.002112,172.31.40.0-255,66,190208,77,351709
32143,0.002117,172.217.194.0-255,2902,193110,77,351709
32144,0.002119,172.31.40.0-255,66,193176,77,351709
32145,0.002135,172.217.194.0-255,2902,196078,77,351709
32146,0.002137,172.31.40.0-255,66,196144,77,351709
32147,0.002145,172.217.194.0-255,7156,203300,77,351709
32148,0.002147,172.31.40.0-255,66,203366,77,351709
32149,0.002155,172.217.194.0-255,8574,211940,77,351709
32150,0.002157,172.31.40.0-255,66,212006,77,351709
32151,0.002174,172.217.194.0-255,5738,217744,77,351709
32152,0.002177,172.31.40.0-255,66,217810,77,351709
32153,0.002188,172.217.194.0-255,1484,219294,77,351709
32154,0.002191,172.217.194.0-255,766,220060,77,351709
32155,0.002193,172.31.40.0-255,66,220126,77,351709
32156,0.002421,172.217.194.0-255,1484,221610,77,351709
32157,0.002434,172.217.194.0-255,2902,224512,77,351709
32158,0.002437,172.31.40.0-255,66,224578,77,351709
32159,0.002458,172.217.194.0-255,5738,230316,77,351709
32160,0.002461,172.31.40.0-255,66,230382,77,351709
32161,0.002483,172.217.194.0-255,2902,233284,77,351709
32162,0.002485,172.31.40.0-255,66,233350,77,351709
32163,0.002511,172.217.194.0-255,9992,243342,77,351709
32164,0.002514,172.31.40.0-255,66,243408,77,351709
32165,0.002534,172.217.194.0-255,4320,247728,77,351709
32166,0.002536,172.31.40.0-255,66,247794,77,351709
32167,0.002563,172.217.194.0-255,9274,257068,77,351709
32168,0.002566,172.31.40.0-255,66,257134,77,351709
32169,0.002572,172.217.194.0-255,5738,262872,77,351709
32170,0.002575,172.31.40.0-255,66,262938,77,351709
32171,0.002609,172.217.194.0-255,8574,271512,77,351709
32172,0.002611,172.31.40.0-255,66,271578,77,351709
32173,0.00262,172.217.194.0-255,9992,281570,77,351709
32174,0.002622,172.31.40.0-255,66,281636,77,351709
32175,0.002646,172.217.194.0-255,1484,283120,77,351709
32176,0.002668,172.217.194.0-255,12828,295948,77,351709
32177,0.00267,172.31.40.0-255,66,296014,77,351709
32178,0.002695,172.217.194.0-255,2184,298198,77,351709
32179,0.002697,172.31.40.0-255,66,298264,77,351709
32180,0.002714,172.31.40.0-255,66,298330,77,351709
32181,0.00272,172.217.194.0-255,6438,304768,77,351709
32182,0.002723,172.31.40.0-255,66,304834,77,351709
32183,0.002743,172.217.194.0-255,4320,309154,77,351709
32184,0.002745,172.31.40.0-255,66,309220,77,351709
32185,0.002806,172.31.40.0-255,66,309286,77,351709
32186,0.002824,172.217.194.0-255,5738,315024,77,351709
32187,0.002827,172.31.40.0-255,66,315090,77,351709
32188,0.002835,172.217.194.0-255,7856,322946,77,351709
32189,0.002837,172.31.40.0-255,66,323012,77,351709
32190,0.002866,172.31.40.0-255,66,323078,77,351709
32191,0.002876,172.217.194.0-255,11410,334488,77,351709
32192,0.002878,172.31.40.0-255,66,334554,77,351709
32193,0.002911,172.217.194.0-255,12464,347018,77,351709
32194,0.002914,172.31.40.0-255,66,347084,77,351709
32195,0.002918,172.217.194.0-255,105,347189,77,351709
32196,0.012313,172.31.40.0-255,66,347255,77,351709
32197,0.012361,172.31.40.0-255,105,347360,77,351709
32198,0.014344,172.217.194.0-255,66,347426,77,351709
32199,0.052689,172.31.40.0-255,176,347602,77,351709
32200,0.052717,172.31.40.0-255,1120,348722,77,351709
32201,0.052768,172.31.40.0-255,1514,350236,77,351709
32202,0.052769,172.31.40.0-255,1275,351511,77,351709
32203,0.054221,104.244.42.0-255,66,351577,77,351709
32204,0.054259,104.244.42.0-255,66,351643,77,351709
32205,0.054307,104.244.42.0-255,66,351709,77,351709
32206,0.0,172.217.194.0-255,150,150,77,345632
32207,1.7e-05,172.31.40.0-255,66,216,77,345632
32208,3.3e-05,172.217.194.0-255,1484,1700,77,345632
32209,3.8e-05,172.31.40.0-255,66,1766,77,345632
32210,4.3e-05,172.217.194.0-255,2902,4668,77,345632
32211,4.6e-05,172.31.40.0-255,66,4734,77,345632
32212,7e-05,172.217.194.0-255,7156,11890,77,345632
32213,7.3e-05,172.31.40.0-255,66,11956,77,345632
32214,7.7e-05,172.217.194.0-255,2024,13980,77,345632
32215,7.9e-05,172.31.40.0-255,66,14046,77,345632
32216,0.000301,172.217.194.0-255,1484,15530,77,345632
32217,0.000305,172.31.40.0-255,66,15596,77,345632
32218,0.000311,172.217.194.0-255,2902,18498,77,345632
32219,0.000313,172.31.40.0-255,66,18564,77,345632
32220,0.000317,172.217.194.0-255,2902,21466,77,345632
32221,0.00032,172.31.40.0-255,66,21532,77,345632
32222,0.000351,172.217.194.0-255,2902,24434,77,345632
32223,0.000353,172.31.40.0-255,66,24500,77,345632
32224,0.000359,172.217.194.0-255,5738,30238,77,345632
32225,0.000361,172.31.40.0-255,66,30304,77,345632
32226,0.000376,172.217.194.0-255,1125,31429,77,345632
32227,0.000378,172.31.40.0-255,66,31495,77,345632
32228,0.000494,172.217.194.0-255,1484,32979,77,345632
32229,0.000498,172.31.40.0-255,66,33045,77,345632
32230,0.000501,172.217.194.0-255,2902,35947,77,345632
32231,0.000503,172.31.40.0-255,66,36013,77,345632
32232,0.000529,172.217.194.0-255,1484,37497,77,345632
32233,0.000531,172.31.40.0-255,66,37563,77,345632
32234,0.000548,172.217.194.0-255,4320,41883,77,345632
32235,0.00055,172.31.40.0-255,66,41949,77,345632
32236,0.000553,172.217.194.0-255,1484,43433,77,345632
32237,0.000554,172.31.40.0-255,66,43499,77,345632
32238,0.000601,172.217.194.0-255,5379,48878,77,345632
32239,0.000604,172.31.40.0-255,66,48944,77,345632
32240,0.002205,172.217.194.0-255,1484,50428,77,345632
32241,0.002213,172.217.194.0-255,2902,53330,77,345632
32242,0.002217,172.31.40.0-255,66,53396,77,345632
32243,0.002223,172.217.194.0-255,4320,57716,77,345632
32244,0.002225,172.31.40.0-255,66,57782,77,345632
32245,0.002247,172.217.194.0-255,4320,62102,77,345632
32246,0.00225,172.31.40.0-255,66,62168,77,345632
32247,0.002273,172.217.194.0-255,5379,67547,77,345632
32248,0.002275,172.31.40.0-255,66,67613,77,345632
32249,0.002282,172.217.194.0-255,7156,74769,77,345632
32250,0.002284,172.31.40.0-255,66,74835,77,345632
32251,0.00232,172.31.40.0-255,66,74901,77,345632
32252,0.002343,172.217.194.0-255,4320,79221,77,345632
32253,0.002345,172.31.40.0-255,66,79287,77,345632
32254,0.002353,172.217.194.0-255,6438,85725,77,345632
32255,0.002355,172.31.40.0-255,66,85791,77,345632
32256,0.002358,172.217.194.0-255,645,86436,77,345632
32257,0.002438,172.217.194.0-255,1484,87920,77,345632
32258,0.00244,172.31.40.0-255,66,87986,77,345632
32259,0.002445,172.217.194.0-255,2902,90888,77,345632
32260,0.002448,172.31.40.0-255,66,90954,77,345632
32261,0.002451,172.217.194.0-255,1484,92438,77,345632
32262,0.002468,172.217.194.0-255,4320,96758,77,345632
32263,0.00247,172.31.40.0-255,66,96824,77,345632
32264,0.002476,172.217.194.0-255,5738,102562,77,345632
32265,0.002479,172.31.40.0-255,66,102628,77,345632
32266,0.002509,172.217.194.0-255,563,103191,77,345632
32267,0.002547,172.217.194.0-255,1484,104675,77,345632
32268,0.00255,172.31.40.0-255,66,104741,77,345632
32269,0.002556,172.217.194.0-255,4320,109061,77,345632
32270,0.002558,172.31.40.0-255,66,109127,77,345632
32271,0.002566,172.217.194.0-255,7156,116283,77,345632
32272,0.002569,172.31.40.0-255,66,116349,77,345632
32273,0.002599,172.217.194.0-255,2902,119251,77,345632
32274,0.002601,172.31.40.0-255,66,119317,77,345632
32275,0.00261,172.217.194.0-255,8574,127891,77,345632
32276,0.002612,172.31.40.0-255,66,127957,77,345632
32277,0.005177,172.217.194.0-255,5738,133695,77,345632
32278,0.005183,172.31.40.0-255,66,133761,77,345632
32279,0.007731,172.217.194.0-255,5738,139499,77,345632
32280,0.007736,172.31.40.0-255,66,139565,77,345632
32281,0.0103,172.217.194.0-255,5738,145303,77,345632
32282,0.010307,172.31.40.0-255,66,145369,77,345632
32283,0.012894,172.217.194.0-255,5738,151107,77,345632
32284,0.012905,172.31.40.0-255,66,151173,77,345632
32285,0.015496,172.217.194.0-255,5738,156911,77,345632
32286,0.015505,172.31.40.0-255,66,156977,77,345632
32287,0.018076,172.217.194.0-255,5738,162715,77,345632
32288,0.018083,172.31.40.0-255,66,162781,77,345632
32289,0.020618,172.217.194.0-255,5738,168519,77,345632
32290,0.020625,172.31.40.0-255,66,168585,77,345632
32291,0.023181,172.217.194.0-255,5738,174323,77,345632
32292,0.02319,172.31.40.0-255,66,174389,77,345632
32293,0.025072,172.31.40.0-255,172,174561,77,345632
32294,0.025104,172.31.40.0-255,1120,175681,77,345632
32295,0.025162,172.31.40.0-255,1514,177195,77,345632
32296,0.025163,172.31.40.0-255,1275,178470,77,345632
32297,0.025757,172.217.194.0-255,5738,184208,77,345632
32298,0.025764,172.31.40.0-255,66,184274,77,345632
32299,0.026608,104.244.42.0-255,66,184340,77,345632
32300,0.026675,104.244.42.0-255,66,184406,77,345632
32301,0.026731,104.244.42.0-255,66,184472,77,345632
32302,0.028325,172.217.194.0-255,4320,188792,77,345632
32303,0.02833,172.31.40.0-255,66,188858,77,345632
32304,0.028346,172.217.194.0-255,1484,190342,77,345632
32305,0.030904,172.217.194.0-255,4320,194662,77,345632
32306,0.030912,172.31.40.0-255,66,194728,77,345632
32307,0.033468,172.217.194.0-255,5738,200466,77,345632
32308,0.033475,172.31.40.0-255,66,200532,77,345632
32309,0.036073,172.217.194.0-255,5738,206270,77,345632
32310,0.036079,172.31.40.0-255,66,206336,77,345632
32311,0.038682,172.217.194.0-255,5738,212074,77,345632
32312,0.03869,172.31.40.0-255,66,212140,77,345632
32313,0.041267,172.217.194.0-255,5738,217878,77,345632
32314,0.041276,172.31.40.0-255,66,217944,77,345632
32315,0.043861,172.217.194.0-255,5738,223682,77,345632
32316,0.043869,172.31.40.0-255,66,223748,77,345632
32317,0.046458,172.217.194.0-255,5738,229486,77,345632
32318,0.046465,172.31.40.0-255,66,229552,77,345632
32319,0.049008,172.217.194.0-255,5738,235290,77,345632
32320,0.049014,172.31.40.0-255,66,235356,77,345632
32321,0.051597,172.217.194.0-255,5738,241094,77,345632
32322,0.051605,172.31.40.0-255,66,241160,77,345632
32323,0.054162,172.217.194.0-255,5738,246898,77,345632
32324,0.054173,172.31.40.0-255,66,246964,77,345632
32325,0.056772,172.217.194.0-255,5738,252702,77,345632
32326,0.056786,172.31.40.0-255,66,252768,77,345632
32327,0.05934,172.217.194.0-255,5738,258506,77,345632
32328,0.05935,172.31.40.0-255,66,258572,77,345632
32329,0.061953,172.217.194.0-255,5738,264310,77,345632
32330,0.061962,172.31.40.0-255,66,264376,77,345632
32331,0.06453,172.217.194.0-255,5738,270114,77,345632
32332,0.064538,172.31.40.0-255,66,270180,77,345632
32333,0.067136,172.217.194.0-255,5738,275918,77,345632
32334,0.067146,172.31.40.0-255,66,275984,77,345632
32335,0.06973,172.217.194.0-255,5738,281722,77,345632
32336,0.069742,172.31.40.0-255,66,281788,77,345632
32337,0.072279,172.217.194.0-255,5738,287526,77,345632
32338,0.072288,172.31.40.0-255,66,287592,77,345632
32339,0.07484,172.217.194.0-255,5738,293330,77,345632
32340,0.074847,172.31.40.0-255,66,293396,77,345632
32341,0.077438,172.217.194.0-255,5738,299134,77,345632
32342,0.077446,172.31.40.0-255,66,299200,77,345632
32343,0.079993,172.217.194.0-255,5738,304938,77,345632
32344,0.079999,172.31.40.0-255,66,305004,77,345632
32345,0.082614,172.217.194.0-255,5738,310742,77,345632
32346,0.082621,172.31.40.0-255,66,310808,77,345632
32347,0.085173,172.217.194.0-255,5738,316546,77,345632
32348,0.085179,172.31.40.0-255,66,316612,77,345632
32349,0.087777,172.217.194.0-255,5738,322350,77,345632
32350,0.087787,172.31.40.0-255,66,322416,77,345632
32351,0.090331,172.217.194.0-255,5738,328154,77,345632
32352,0.090338,172.31.40.0-255,66,328220,77,345632
32353,0.092914,172.217.194.0-255,5738,333958,77,345632
32354,0.092919,172.31.40.0-255,66,334024,77,345632
32355,0.095506,172.217.194.0-255,5738,339762,77,345632
32356,0.095511,172.31.40.0-255,66,339828,77,345632
32357,0.098093,172.217.194.0-255,5738,345566,77,345632
32358,0.0981,172.31.40.0-255,66,345632,77,345632
32359,0.0,74.125.130.0-255,152,152,77,420433
32360,2.3e-05,172.31.40.0-255,66,218,77,420433
32361,3e-05,74.125.130.0-255,1484,1702,77,420433
32362,3.5e-05,172.31.40.0-255,66,1768,77,420433
32363,3.8e-05,74.125.130.0-255,1484,3252,77,420433
32364,4.2e-05,172.31.40.0-255,66,3318,77,420433
32365,4.8e-05,74.125.130.0-255,2902,6220,77,420433
32366,5.1e-05,172.31.40.0-255,66,6286,77,420433
32367,6.9e-05,74.125.130.0-255,1484,7770,77,420433
32368,7.2e-05,172.31.40.0-255,66,7836,77,420433
32369,0.000101,74.125.130.0-255,4320,12156,77,420433
32370,0.000104,172.31.40.0-255,66,12222,77,420433
32371,0.000107,74.125.130.0-255,1484,13706,77,420433
32372,0.000109,172.31.40.0-255,66,13772,77,420433
32373,0.000123,74.125.130.0-255,581,14353,77,420433
32374,0.000126,172.31.40.0-255,66,14419,77,420433
32375,0.00029,74.125.130.0-255,1484,15903,77,420433
32376,0.000295,172.31.40.0-255,66,15969,77,420433
32377,0.000301,74.125.130.0-255,2902,18871,77,420433
32378,0.000304,172.31.40.0-255,66,18937,77,420433
32379,0.000325,74.125.130.0-255,5738,24675,77,420433
32380,0.000328,172.31.40.0-255,66,24741,77,420433
32381,0.000348,74.125.130.0-255,4320,29061,77,420433
32382,0.000351,172.31.40.0-255,66,29127,77,420433
32383,0.000375,74.125.130.0-255,5379,34506,77,420433
32384,0.000378,172.31.40.0-255,66,34572,77,420433
32385,0.000398,74.125.130.0-255,2902,37474,77,420433
32386,0.0004,172.31.40.0-255,66,37540,77,420433
32387,0.000428,74.125.130.0-255,4320,41860,77,420433
32388,0.000431,172.31.40.0-255,66,41926,77,420433
32389,0.000439,74.125.130.0-255,8574,50500,77,420433
32390,0.000442,172.31.40.0-255,66,50566,77,420433
32391,0.000448,74.125.130.0-255,5738,56304,77,420433
32392,0.00045,172.31.40.0-255,66,56370,77,420433
32393,0.000471,74.125.130.0-255,4320,60690,77,420433
32394,0.000474,172.31.40.0-255,66,60756,77,420433
32395,0.0005,74.125.130.0-255,5630,66386,77,420433
32396,0.000508,172.31.40.0-255,66,66452,77,420433
32397,0.000581,74.125.130.0-255,1484,67936,77,420433
32398,0.000602,74.125.130.0-255,2902,70838,77,420433
32399,0.000605,172.31.40.0-255,66,70904,77,420433
32400,0.000653,74.125.130.0-255,5738,76642,77,420433
32401,0.000656,172.31.40.0-255,66,76708,77,420433
32402,0.000662,74.125.130.0-255,5738,82446,77,420433
32403,0.000664,172.31.40.0-255,66,82512,77,420433
32404,0.00067,74.125.130.0-255,7156,89668,77,420433
32405,0.000672,172.31.40.0-255,66,89734,77,420433
32406,0.000701,74.125.130.0-255,2902,92636,77,420433
32407,0.000704,172.31.40.0-255,66,92702,77,420433
32408,0.000731,74.125.130.0-255,7856,100558,77,420433
32409,0.000734,172.31.40.0-255,66,100624,77,420433
32410,0.000807,74.125.130.0-255,1484,102108,77,420433
32411,0.000827,74.125.130.0-255,2902,105010,77,420433
32412,0.00083,172.31.40.0-255,66,105076,77,420433
32413,0.000841,74.125.130.0-255,1484,106560,77,420433
32414,0.000854,74.125.130.0-255,2902,109462,77,420433
32415,0.000863,172.31.40.0-255,66,109528,77,420433
32416,0.000882,74.125.130.0-255,1484,111012,77,420433
32417,0.000904,74.125.130.0-255,4320,115332,77,420433
32418,0.000906,172.31.40.0-255,66,115398,77,420433
32419,0.000911,74.125.130.0-255,2902,118300,77,420433
32420,0.000912,172.31.40.0-255,66,118366,77,420433
32421,0.000931,74.125.130.0-255,4320,122686,77,420433
32422,0.000933,172.31.40.0-255,66,122752,77,420433
32423,0.00096,74.125.130.0-255,4320,127072,77,420433
32424,0.000962,172.31.40.0-255,66,127138,77,420433
32425,0.000966,74.125.130.0-255,2902,130040,77,420433
32426,0.000968,172.31.40.0-255,66,130106,77,420433
32427,0.000983,74.125.130.0-255,2902,133008,77,420433
32428,0.000986,172.31.40.0-255,66,133074,77,420433
32429,0.000993,74.125.130.0-255,2184,135258,77,420433
32430,0.000995,172.31.40.0-255,66,135324,77,420433
32431,0.00151,74.125.130.0-255,1484,136808,77,420433
32432,0.00153,74.125.130.0-255,2902,139710,77,420433
32433,0.001534,172.31.40.0-255,66,139776,77,420433
32434,0.001539,74.125.130.0-255,2902,142678,77,420433
32435,0.001541,172.31.40.0-255,66,142744,77,420433
32436,0.001557,74.125.130.0-255,2902,145646,77,420433
32437,0.001559,172.31.40.0-255,66,145712,77,420433
32438,0.001561,74.125.130.0-255,1484,147196,77,420433
32439,0.001564,74.125.130.0-255,1484,148680,77,420433
32440,0.001566,172.31.40.0-255,66,148746,77,420433
32441,0.001584,74.125.130.0-255,1484,150230,77,420433
32442,0.001617,74.125.130.0-255,4320,154550,77,420433
32443,0.00162,172.31.40.0-255,66,154616,77,420433
32444,0.001635,74.125.130.0-255,4320,158936,77,420433
32445,0.001637,172.31.40.0-255,66,159002,77,420433
32446,0.001647,74.125.130.0-255,1484,160486,77,420433
32447,0.001662,74.125.130.0-255,4320,164806,77,420433
32448,0.001663,172.31.40.0-255,66,164872,77,420433
32449,0.001697,74.125.130.0-255,5020,169892,77,420433
32450,0.0017,172.31.40.0-255,66,169958,77,420433
32451,0.003726,74.125.130.0-255,5738,175696,77,420433
32452,0.003734,172.31.40.0-255,66,175762,77,420433
32453,0.005752,74.125.130.0-255,5738,181500,77,420433
32454,0.005756,172.31.40.0-255,66,181566,77,420433
32455,0.007789,74.125.130.0-255,5738,187304,77,420433
32456,0.007794,172.31.40.0-255,66,187370,77,420433
32457,0.009814,74.125.130.0-255,5738,193108,77,420433
32458,0.009821,172.31.40.0-255,66,193174,77,420433
32459,0.011859,74.125.130.0-255,5738,198912,77,420433
32460,0.01187,172.31.40.0-255,66,198978,77,420433
32461,0.013906,74.125.130.0-255,2902,201880,77,420433
32462,0.013914,172.31.40.0-255,66,201946,77,420433
32463,0.013937,74.125.130.0-255,2902,204848,77,420433
32464,0.01394,172.31.40.0-255,66,204914,77,420433
32465,0.015953,74.125.130.0-255,5738,210652,77,420433
32466,0.015962,172.31.40.0-255,66,210718,77,420433
32467,0.017987,74.125.130.0-255,5738,216456,77,420433
32468,0.017996,172.31.40.0-255,66,216522,77,420433
32469,0.020025,74.125.130.0-255,5738,222260,77,420433
32470,0.020032,172.31.40.0-255,66,222326,77,420433
32471,0.022088,74.125.130.0-255,5738,228064,77,420433
32472,0.022103,172.31.40.0-255,66,228130,77,420433
32473,0.02413,74.125.130.0-255,5738,233868,77,420433
32474,0.024138,172.31.40.0-255,66,233934,77,420433
32475,0.026181,74.125.130.0-255,5738,239672,77,420433
32476,0.026191,172.31.40.0-255,66,239738,77,420433
32477,0.028215,74.125.130.0-255,5738,245476,77,420433
32478,0.028225,172.31.40.0-255,66,245542,77,420433
32479,0.030261,74.125.130.0-255,5738,251280,77,420433
32480,0.030275,172.31.40.0-255,66,251346,77,420433
32481,0.032352,74.125.130.0-255,5738,257084,77,420433
32482,0.032368,172.31.40.0-255,66,257150,77,420433
32483,0.03441,74.125.130.0-255,5738,262888,77,420433
32484,0.03442,172.31.40.0-255,66,262954,77,420433
32485,0.035113,172.31.40.0-255,172,263126,77,420433
32486,0.03515,172.31.40.0-255,1119,264245,77,420433
32487,0.035212,172.31.40.0-255,1514,265759,77,420433
32488,0.035214,172.31.40.0-255,1276,267035,77,420433
32489,0.03645,74.125.130.0-255,5738,272773,77,420433
32490,0.036462,172.31.40.0-255,66,272839,77,420433
32491,0.03665,104.244.42.0-255,66,272905,77,420433
32492,0.03673,104.244.42.0-255,66,272971,77,420433
32493,0.036802,104.244.42.0-255,66,273037,77,420433
32494,0.038521,74.125.130.0-255,5738,278775,77,420433
32495,0.038538,172.31.40.0-255,66,278841,77,420433
32496,0.040573,74.125.130.0-255,5738,284579,77,420433
32497,0.040584,172.31.40.0-255,66,284645,77,420433
32498,0.042623,74.125.130.0-255,5738,290383,77,420433
32499,0.042636,172.31.40.0-255,66,290449,77,420433
32500,0.044667,74.125.130.0-255,5738,296187,77,420433
32501,0.044676,172.31.40.0-255,66,296253,77,420433
32502,0.046713,74.125.130.0-255,5738,301991,77,420433
32503,0.046721,172.31.40.0-255,66,302057,77,420433
32504,0.048752,74.125.130.0-255,5738,307795,77,420433
32505,0.048758,172.31.40.0-255,66,307861,77,420433
32506,0.050791,74.125.130.0-255,5738,313599,77,420433
32507,0.050799,172.31.40.0-255,66,313665,77,420433
32508,0.052821,74.125.130.0-255,5738,319403,77,420433
32509,0.052828,172.31.40.0-255,66,319469,77,420433
32510,0.054867,74.125.130.0-255,5738,325207,77,420433
32511,0.054877,172.31.40.0-255,66,325273,77,420433
32512,0.056902,74.125.130.0-255,5738,331011,77,420433
32513,0.05691,172.31.40.0-255,66,331077,77,420433
32514,0.058939,74.125.130.0-255,5738,336815,77,420433
32515,0.058946,172.31.40.0-255,66,336881,77,420433
32516,0.060972,74.125.130.0-255,5738,342619,77,420433
32517,0.060979,172.31.40.0-255,66,342685,77,420433
32518,0.063009,74.125.130.0-255,5738,348423,77,420433
32519,0.063016,172.31.40.0-255,66,348489,77,420433
32520,0.065062,74.125.130.0-255,5738,354227,77,420433
32521,0.06507,172.31.40.0-255,66,354293,77,420433
32522,0.067124,74.125.130.0-255,5738,360031,77,420433
32523,0.06713,172.31.40.0-255,66,360097,77,420433
32524,0.069173,74.125.130.0-255,5738,365835,77,420433
32525,0.06918,172.31.40.0-255,66,365901,77,420433
32526,0.0712,74.125.130.0-255,5738,371639,77,420433
32527,0.07121,172.31.40.0-255,66,371705,77,420433
32528,0.073232,74.125.130.0-255,5738,377443,77,420433
32529,0.073239,172.31.40.0-255,66,377509,77,420433
32530,0.075277,74.125.130.0-255,5738,383247,77,420433
32531,0.075284,172.31.40.0-255,66,383313,77,420433
32532,0.077366,74.125.130.0-255,5738,389051,77,420433
32533,0.077373,172.31.40.0-255,66,389117,77,420433
32534,0.079394,74.125.130.0-255,5738,394855,77,420433
32535,0.079401,172.31.40.0-255,66,394921,77,420433
32536,0.081431,74.125.130.0-255,5738,400659,77,420433
32537,0.081438,172.31.40.0-255,66,400725,77,420433
32538,0.08346,74.125.130.0-255,5738,406463,77,420433
32539,0.083467,172.31.40.0-255,66,406529,77,420433
32540,0.085483,74.125.130.0-255,2902,409431,77,420433
32541,0.08549,172.31.40.0-255,66,409497,77,420433
32542,0.085511,74.125.130.0-255,2902,412399,77,420433
32543,0.085514,172.31.40.0-255,66,412465,77,420433
32544,0.087514,74.125.130.0-255,2902,415367,77,420433
32545,0.087521,172.31.40.0-255,66,415433,77,420433
32546,0.087542,74.125.130.0-255,2902,418335,77,420433
32547,0.087545,172.31.40.0-255,66,418401,77,420433
32548,0.089551,74.125.130.0-255,1795,420196,77,420433
32549,0.089558,172.31.40.0-255,66,420262,77,420433
32550,0.089728,172.31.40.0-255,105,420367,77,420433
32551,0.091722,74.125.130.0-255,66,420433,77,420433
32552,0.0,172.217.194.0-255,297,297,77,381533
32553,2.2e-05,172.31.40.0-255,66,363,77,381533
32554,2.9e-05,172.217.194.0-255,1484,1847,77,381533
32555,3.3e-05,172.31.40.0-255,66,1913,77,381533
32556,3.9e-05,172.217.194.0-255,4320,6233,77,381533
32557,4.3e-05,172.31.40.0-255,66,6299,77,381533
32558,5.2e-05,172.217.194.0-255,7502,13801,77,381533
32559,5.6e-05,172.31.40.0-255,66,13867,77,381533
32560,0.000115,172.217.194.0-255,1484,15351,77,381533
32561,0.000118,172.31.40.0-255,66,15417,77,381533
32562,0.000124,172.217.194.0-255,2902,18319,77,381533
32563,0.000126,172.31.40.0-255,66,18385,77,381533
32564,0.000145,172.217.194.0-255,5738,24123,77,381533
32565,0.000147,172.31.40.0-255,66,24189,77,381533
32566,0.000155,172.217.194.0-255,6797,30986,77,381533
32567,0.000158,172.31.40.0-255,66,31052,77,381533
32568,0.000228,172.217.194.0-255,1484,32536,77,381533
32569,0.000231,172.31.40.0-255,66,32602,77,381533
32570,0.000236,172.217.194.0-255,2902,35504,77,381533
32571,0.000238,172.31.40.0-255,66,35570,77,381533
32572,0.000243,172.217.194.0-255,2902,38472,77,381533
32573,0.000245,172.31.40.0-255,66,38538,77,381533
32574,0.000272,172.217.194.0-255,2902,41440,77,381533
32575,0.000275,172.31.40.0-255,66,41506,77,381533
32576,0.000282,172.217.194.0-255,6797,48303,77,381533
32577,0.000284,172.31.40.0-255,66,48369,77,381533
32578,0.000308,172.217.194.0-255,5738,54107,77,381533
32579,0.000311,172.31.40.0-255,66,54173,77,381533
32580,0.00033,172.217.194.0-255,1484,55657,77,381533
32581,0.000332,172.31.40.0-255,66,55723,77,381533
32582,0.000341,172.217.194.0-255,8574,64297,77,381533
32583,0.000343,172.31.40.0-255,66,64363,77,381533
32584,0.000367,172.217.194.0-255,1767,66130,77,381533
32585,0.000369,172.31.40.0-255,66,66196,77,381533
32586,0.000529,172.217.194.0-255,1484,67680,77,381533
32587,0.000546,172.217.194.0-255,2902,70582,77,381533
32588,0.00055,172.31.40.0-255,66,70648,77,381533
32589,0.000555,172.217.194.0-255,2902,73550,77,381533
32590,0.000557,172.31.40.0-255,66,73616,77,381533
32591,0.000579,172.217.194.0-255,2902,76518,77,381533
32592,0.000584,172.217.194.0-255,4320,80838,77,381533
32593,0.000589,172.217.194.0-255,4320,85158,77,381533
32594,0.000594,172.31.40.0-255,66,85224,77,381533
32595,0.000597,172.31.40.0-255,66,85290,77,381533
32596,0.000599,172.31.40.0-255,66,85356,77,381533
32597,0.000626,172.217.194.0-255,7156,92512,77,381533
32598,0.000629,172.31.40.0-255,66,92578,77,381533
32599,0.000637,172.217.194.0-255,7856,100434,77,381533
32600,0.00064,172.31.40.0-255,66,100500,77,381533
32601,0.001384,172.217.194.0-255,1484,101984,77,381533
32602,0.001391,172.217.194.0-255,2902,104886,77,381533
32603,0.001395,172.31.40.0-255,66,104952,77,381533
32604,0.00141,172.217.194.0-255,2902,107854,77,381533
32605,0.001414,172.31.40.0-255,66,107920,77,381533
32606,0.001441,172.217.194.0-255,2902,110822,77,381533
32607,0.001445,172.31.40.0-255,66,110888,77,381533
32608,0.001456,172.217.194.0-255,12828,123716,77,381533
32609,0.001458,172.31.40.0-255,66,123782,77,381533
32610,0.001464,172.217.194.0-255,4320,128102,77,381533
32611,0.001465,172.31.40.0-255,66,128168,77,381533
32612,0.001491,172.217.194.0-255,6438,134606,77,381533
32613,0.001493,172.31.40.0-255,66,134672,77,381533
32614,0.00173,172.31.40.0-255,101,134773,77,381533
32615,0.003789,172.217.194.0-255,5738,140511,77,381533
32616,0.003797,172.31.40.0-255,66,140577,77,381533
32617,0.003956,172.217.194.0-255,66,140643,77,381533
32618,0.006068,172.217.194.0-255,5738,146381,77,381533
32619,0.006075,172.31.40.0-255,66,146447,77,381533
32620,0.00836,172.217.194.0-255,5738,152185,77,381533
32621,0.008367,172.31.40.0-255,66,152251,77,381533
32622,0.010634,172.217.194.0-255,5738,157989,77,381533
32623,0.01064,172.31.40.0-255,66,158055,77,381533
32624,0.012895,172.217.194.0-255,5738,163793,77,381533
32625,0.012903,172.31.40.0-255,66,163859,77,381533
32626,0.015213,172.217.194.0-255,5738,169597,77,381533
32627,0.015222,172.31.40.0-255,66,169663,77,381533
32628,0.017521,172.217.194.0-255,5738,175401,77,381533
32629,0.017532,172.31.40.0-255,66,175467,77,381533
32630,0.019792,172.217.194.0-255,5738,181205,77,381533
32631,0.019801,172.31.40.0-255,66,181271,77,381533
32632,0.022131,172.217.194.0-255,5738,187009,77,381533
32633,0.022139,172.31.40.0-255,66,187075,77,381533
32634,0.024422,172.217.194.0-255,5738,192813,77,381533
32635,0.024432,172.31.40.0-255,66,192879,77,381533
32636,0.026711,172.217.194.0-255,5738,198617,77,381533
32637,0.02672,172.31.40.0-255,66,198683,77,381533
32638,0.029063,172.217.194.0-255,5738,204421,77,381533
32639,0.02907,172.31.40.0-255,66,204487,77,381533
32640,0.030111,172.31.40.0-255,171,204658,77,381533
32641,0.030144,172.31.40.0-255,1144,205802,77,381533
32642,0.030207,172.31.40.0-255,1514,207316,77,381533
32643,0.03021,172.31.40.0-255,1251,208567,77,381533
32644,0.031378,172.217.194.0-255,4320,212887,77,381533
32645,0.031384,172.31.40.0-255,66,212953,77,381533
32646,0.031403,172.217.194.0-255,1484,214437,77,381533
32647,0.031671,104.244.42.0-255,66,214503,77,381533
32648,0.031712,104.244.42.0-255,66,214569,77,381533
32649,0.03177,104.244.42.0-255,66,214635,77,381533
32650,0.033639,172.217.194.0-255,4320,218955,77,381533
32651,0.033645,172.31.40.0-255,66,219021,77,381533
32652,0.035921,172.217.194.0-255,5738,224759,77,381533
32653,0.035928,172.31.40.0-255,66,224825,77,381533
32654,0.038206,172.217.194.0-255,5738,230563,77,381533
32655,0.038213,172.31.40.0-255,66,230629,77,381533
32656,0.040505,172.217.194.0-255,5738,236367,77,381533
32657,0.040513,172.31.40.0-255,66,236433,77,381533
32658,0.042801,172.217.194.0-255,5738,242171,77,381533
32659,0.042809,172.31.40.0-255,66,242237,77,381533
32660,0.045133,172.217.194.0-255,5738,247975,77,381533
32661,0.04514,172.31.40.0-255,66,248041,77,381533
32662,0.047438,172.217.194.0-255,5738,253779,77,381533
32663,0.047445,172.31.40.0-255,66,253845,77,381533
32664,0.049723,172.217.194.0-255,5738,259583,77,381533
32665,0.049741,172.31.40.0-255,66,259649,77,381533
32666,0.052004,172.217.194.0-255,5738,265387,77,381533
32667,0.05202,172.31.40.0-255,66,265453,77,381533
32668,0.054355,172.217.194.0-255,5738,271191,77,381533
32669,0.054371,172.31.40.0-255,66,271257,77,381533
32670,0.056661,172.217.194.0-255,5738,276995,77,381533
32671,0.056681,172.31.40.0-255,66,277061,77,381533
32672,0.058953,172.217.194.0-255,5738,282799,77,381533
32673,0.058966,172.31.40.0-255,66,282865,77,381533
32674,0.061266,172.217.194.0-255,5738,288603,77,381533
32675,0.061284,172.31.40.0-255,66,288669,77,381533
32676,0.06361,172.217.194.0-255,5738,294407,77,381533
32677,0.063629,172.31.40.0-255,66,294473,77,381533
32678,0.065925,172.217.194.0-255,5738,300211,77,381533
32679,0.065941,172.31.40.0-255,66,300277,77,381533
32680,0.068266,172.217.194.0-255,5738,306015,77,381533
32681,0.068282,172.31.40.0-255,66,306081,77,381533
32682,0.070602,172.217.194.0-255,5738,311819,77,381533
32683,0.070616,172.31.40.0-255,66,311885,77,381533
32684,0.072954,172.217.194.0-255,5738,317623,77,381533
32685,0.072972,172.31.40.0-255,66,317689,77,381533
32686,0.075276,172.217.194.0-255,5738,323427,77,381533
32687,0.075293,172.31.40.0-255,66,323493,77,381533
32688,0.077582,172.217.194.0-255,5738,329231,77,381533
32689,0.077601,172.31.40.0-255,66,329297,77,381533
32690,0.079867,172.217.194.0-255,5738,335035,77,381533
32691,0.079887,172.31.40.0-255,66,335101,77,381533
32692,0.082182,172.217.194.0-255,5738,340839,77,381533
32693,0.082201,172.31.40.0-255,66,340905,77,381533
32694,0.084538,172.217.194.0-255,5738,346643,77,381533
32695,0.084555,172.31.40.0-255,66,346709,77,381533
32696,0.086824,172.217.194.0-255,5738,352447,77,381533
32697,0.086843,172.31.40.0-255,66,352513,77,381533
32698,0.089175,172.217.194.0-255,5738,358251,77,381533
32699,0.089193,172.31.40.0-255,66,358317,77,381533
32700,0.091478,172.217.194.0-255,5738,364055,77,381533
32701,0.091498,172.31.40.0-255,66,364121,77,381533
32702,0.093818,172.217.194.0-255,5738,369859,77,381533
32703,0.093828,172.31.40.0-255,66,369925,77,381533
32704,0.096102,172.217.194.0-255,5738,375663,77,381533
32705,0.09612,172.31.40.0-255,66,375729,77,381533
32706,0.098429,172.217.194.0-255,5738,381467,77,381533
32707,0.098447,172.31.40.0-255,66,381533,77,381533
32708,0.0,74.125.24.0-255,154,154,77,417323
32709,2.3e-05,172.31.40.0-255,66,220,77,417323
32710,3e-05,74.125.24.0-255,1484,1704,77,417323
32711,3.5e-05,172.31.40.0-255,66,1770,77,417323
32712,4.1e-05,74.125.24.0-255,2902,4672,77,417323
32713,4.4e-05,172.31.40.0-255,66,4738,77,417323
32714,5.9e-05,74.125.24.0-255,7156,11894,77,417323
32715,6.2e-05,172.31.40.0-255,66,11960,77,417323
32716,6.6e-05,74.125.24.0-255,1982,13942,77,417323
32717,6.9e-05,172.31.40.0-255,66,14008,77,417323
32718,7.5e-05,74.125.24.0-255,4320,18328,77,417323
32719,7.9e-05,172.31.40.0-255,66,18394,77,417323
32720,0.0001,74.125.24.0-255,7156,25550,77,417323
32721,0.000103,172.31.40.0-255,66,25616,77,417323
32722,0.000114,74.125.24.0-255,5379,30995,77,417323
32723,0.000116,172.31.40.0-255,66,31061,77,417323
32724,0.000251,74.125.24.0-255,1484,32545,77,417323
32725,0.000256,172.31.40.0-255,66,32611,77,417323
32726,0.000293,74.125.24.0-255,2902,35513,77,417323
32727,0.000296,172.31.40.0-255,66,35579,77,417323
32728,0.000303,74.125.24.0-255,5738,41317,77,417323
32729,0.000306,172.31.40.0-255,66,41383,77,417323
32730,0.000318,74.125.24.0-255,7156,48539,77,417323
32731,0.00032,172.31.40.0-255,66,48605,77,417323
32732,0.000345,74.125.24.0-255,4320,52925,77,417323
32733,0.000347,172.31.40.0-255,66,52991,77,417323
32734,0.000362,74.125.24.0-255,9992,62983,77,417323
32735,0.000364,172.31.40.0-255,66,63049,77,417323
32736,0.000376,74.125.24.0-255,2184,65233,77,417323
32737,0.000378,172.31.40.0-255,66,65299,77,417323
32738,0.000473,74.125.24.0-255,401,65700,77,417323
32739,0.000477,172.31.40.0-255,66,65766,77,417323
32740,0.000523,74.125.24.0-255,108,65874,77,417323
32741,0.000606,74.125.24.0-255,1484,67358,77,417323
32742,0.000611,172.31.40.0-255,66,67424,77,417323
32743,0.000617,74.125.24.0-255,2902,70326,77,417323
32744,0.000619,172.31.40.0-255,66,70392,77,417323
32745,0.00063,74.125.24.0-255,4320,74712,77,417323
32746,0.000633,172.31.40.0-255,66,74778,77,417323
32747,0.000643,74.125.24.0-255,11410,86188,77,417323
32748,0.000646,172.31.40.0-255,66,86254,77,417323
32749,0.000685,74.125.24.0-255,13792,100046,77,417323
32750,0.000688,172.31.40.0-255,66,100112,77,417323
32751,0.001657,74.125.24.0-255,1484,101596,77,417323
32752,0.001667,74.125.24.0-255,2902,104498,77,417323
32753,0.001671,172.31.40.0-255,66,104564,77,417323
32754,0.001676,74.125.24.0-255,1484,106048,77,417323
32755,0.001706,74.125.24.0-255,4320,110368,77,417323
32756,0.001709,172.31.40.0-255,66,110434,77,417323
32757,0.001715,74.125.24.0-255,4320,114754,77,417323
32758,0.001717,172.31.40.0-255,66,114820,77,417323
32759,0.001752,74.125.24.0-255,8574,123394,77,417323
32760,0.001755,172.31.40.0-255,66,123460,77,417323
32761,0.001762,74.125.24.0-255,5738,129198,77,417323
32762,0.001764,172.31.40.0-255,66,129264,77,417323
32763,0.001792,74.125.24.0-255,5020,134284,77,417323
32764,0.001794,172.31.40.0-255,66,134350,77,417323
32765,0.002071,74.125.24.0-255,1484,135834,77,417323
32766,0.002079,74.125.24.0-255,2902,138736,77,417323
32767,0.002083,172.31.40.0-255,66,138802,77,417323
32768,0.002115,74.125.24.0-255,5738,144540,77,417323
32769,0.002118,172.31.40.0-255,66,144606,77,417323
32770,0.002122,74.125.24.0-255,1484,146090,77,417323
32771,0.002127,74.125.24.0-255,4320,150410,77,417323
32772,0.00213,172.31.40.0-255,66,150476,77,417323
32773,0.002159,74.125.24.0-255,4320,154796,77,417323
32774,0.002162,172.31.40.0-255,66,154862,77,417323
32775,0.002172,74.125.24.0-255,9992,164854,77,417323
32776,0.002178,172.31.40.0-255,66,164920,77,417323
32777,0.002205,74.125.24.0-255,3602,168522,77,417323
32778,0.002207,172.31.40.0-255,66,168588,77,417323
32779,0.004449,74.125.24.0-255,1484,170072,77,417323
32780,0.004471,74.125.24.0-255,4320,174392,77,417323
32781,0.004475,172.31.40.0-255,66,174458,77,417323
32782,0.006743,74.125.24.0-255,5738,180196,77,417323
32783,0.006749,172.31.40.0-255,66,180262,77,417323
32784,0.009022,74.125.24.0-255,5738,186000,77,417323
32785,0.009029,172.31.40.0-255,66,186066,77,417323
32786,0.011334,74.125.24.0-255,5738,191804,77,417323
32787,0.011342,172.31.40.0-255,66,191870,77,417323
32788,0.013598,74.125.24.0-255,5738,197608,77,417323
32789,0.013605,172.31.40.0-255,66,197674,77,417323
32790,0.015883,74.125.24.0-255,5738,203412,77,417323
32791,0.015889,172.31.40.0-255,66,203478,77,417323
32792,0.018133,74.125.24.0-255,5738,209216,77,417323
32793,0.01814,172.31.40.0-255,66,209282,77,417323
32794,0.020386,74.125.24.0-255,5738,215020,77,417323
32795,0.020394,172.31.40.0-255,66,215086,77,417323
32796,0.022669,74.125.24.0-255,5738,220824,77,417323
32797,0.022677,172.31.40.0-255,66,220890,77,417323
32798,0.024953,74.125.24.0-255,5738,226628,77,417323
32799,0.02496,172.31.40.0-255,66,226694,77,417323
32800,0.027221,74.125.24.0-255,4320,231014,77,417323
32801,0.027228,172.31.40.0-255,66,231080,77,417323
32802,0.027255,74.125.24.0-255,1484,232564,77,417323
32803,0.029479,74.125.24.0-255,2902,235466,77,417323
32804,0.029487,172.31.40.0-255,66,235532,77,417323
32805,0.031736,74.125.24.0-255,5738,241270,77,417323
32806,0.031745,172.31.40.0-255,66,241336,77,417323
32807,0.03402,74.125.24.0-255,5738,247074,77,417323
32808,0.034027,172.31.40.0-255,66,247140,77,417323
32809,0.036323,74.125.24.0-255,5738,252878,77,417323
32810,0.036329,172.31.40.0-255,66,252944,77,417323
32811,0.038607,74.125.24.0-255,5738,258682,77,417323
32812,0.038616,172.31.40.0-255,66,258748,77,417323
32813,0.040174,172.31.40.0-255,172,258920,77,417323
32814,0.040206,172.31.40.0-255,1119,260039,77,417323
32815,0.040283,172.31.40.0-255,1514,261553,77,417323
32816,0.040285,172.31.40.0-255,1514,263067,77,417323
32817,0.040291,172.31.40.0-255,1514,264581,77,417323
32818,0.040292,172.31.40.0-255,1514,266095,77,417323
32819,0.040318,172.31.40.0-255,1478,267573,77,417323
32820,0.040895,74.125.24.0-255,5738,273311,77,417323
32821,0.040901,172.31.40.0-255,66,273377,77,417323
32822,0.04173,104.244.42.0-255,66,273443,77,417323
32823,0.041776,104.244.42.0-255,66,273509,77,417323
32824,0.04188,104.244.42.0-255,66,273575,77,417323
32825,0.043172,74.125.24.0-255,5738,279313,77,417323
32826,0.043179,172.31.40.0-255,66,279379,77,417323
32827,0.04544,74.125.24.0-255,5738,285117,77,417323
32828,0.045446,172.31.40.0-255,66,285183,77,417323
32829,0.047736,74.125.24.0-255,5738,290921,77,417323
32830,0.047743,172.31.40.0-255,66,290987,77,417323
32831,0.050011,74.125.24.0-255,5738,296725,77,417323
32832,0.050017,172.31.40.0-255,66,296791,77,417323
32833,0.052277,74.125.24.0-255,5738,302529,77,417323
32834,0.052283,172.31.40.0-255,66,302595,77,417323
32835,0.054528,74.125.24.0-255,5738,308333,77,417323
32836,0.054534,172.31.40.0-255,66,308399,77,417323
32837,0.056824,74.125.24.0-255,5738,314137,77,417323
32838,0.056829,172.31.40.0-255,66,314203,77,417323
32839,0.059149,74.125.24.0-255,5738,319941,77,417323
32840,0.059156,172.31.40.0-255,66,320007,77,417323
32841,0.06141,74.125.24.0-255,5738,325745,77,417323
32842,0.061416,172.31.40.0-255,66,325811,77,417323
32843,0.063684,74.125.24.0-255,5738,331549,77,417323
32844,0.063689,172.31.40.0-255,66,331615,77,417323
32845,0.065957,74.125.24.0-255,5738,337353,77,417323
32846,0.065966,172.31.40.0-255,66,337419,77,417323
32847,0.068225,74.125.24.0-255,5738,343157,77,417323
32848,0.06823,172.31.40.0-255,66,343223,77,417323
32849,0.070503,74.125.24.0-255,5738,348961,77,417323
32850,0.070509,172.31.40.0-255,66,349027,77,417323
32851,0.072805,74.125.24.0-255,5738,354765,77,417323
32852,0.072811,172.31.40.0-255,66,354831,77,417323
32853,0.075055,74.125.24.0-255,5738,360569,77,417323
32854,0.075062,172.31.40.0-255,66,360635,77,417323
32855,0.077334,74.125.24.0-255,5738,366373,77,417323
32856,0.077341,172.31.40.0-255,66,366439,77,417323
32857,0.079599,74.125.24.0-255,5738,372177,77,417323
32858,0.079605,172.31.40.0-255,66,372243,77,417323
32859,0.081885,74.125.24.0-255,4320,376563,77,417323
32860,0.08189,172.31.40.0-255,66,376629,77,417323
32861,0.081915,74.125.24.0-255,1484,378113,77,417323
32862,0.084154,74.125.24.0-255,4320,382433,77,417323
32863,0.084159,172.31.40.0-255,66,382499,77,417323
32864,0.086431,74.125.24.0-255,5738,388237,77,417323
32865,0.086437,172.31.40.0-255,66,388303,77,417323
32866,0.088711,74.125.24.0-255,5738,394041,77,417323
32867,0.088718,172.31.40.0-255,66,394107,77,417323
32868,0.090998,74.125.24.0-255,5738,399845,77,417323
32869,0.091004,172.31.40.0-255,66,399911,77,417323
32870,0.093288,74.125.24.0-255,5738,405649,77,417323
32871,0.093295,172.31.40.0-255,66,405715,77,417323
32872,0.095573,74.125.24.0-255,5738,411453,77,417323
32873,0.09558,172.31.40.0-255,66,411519,77,417323
32874,0.097848,74.125.24.0-255,5738,417257,77,417323
32875,0.097855,172.31.40.0-255,66,417323,77,417323
32876,0.0,74.125.130.0-255,153,153,77,422344
32877,1.8e-05,172.31.40.0-255,66,219,77,422344
32878,2.6e-05,74.125.130.0-255,1484,1703,77,422344
32879,3.2e-05,172.31.40.0-255,66,1769,77,422344
32880,4.6e-05,74.125.130.0-255,2902,4671,77,422344
32881,5e-05,172.31.40.0-255,66,4737,77,422344
32882,5.3e-05,74.125.130.0-255,1484,6221,77,422344
32883,5.6e-05,172.31.40.0-255,66,6287,77,422344
32884,6.2e-05,74.125.130.0-255,2902,9189,77,422344
32885,6.5e-05,172.31.40.0-255,66,9255,77,422344
32886,0.000101,74.125.130.0-255,4974,14229,77,422344
32887,0.000105,172.31.40.0-255,66,14295,77,422344
32888,0.000128,74.125.130.0-255,1484,15779,77,422344
32889,0.00013,172.31.40.0-255,66,15845,77,422344
32890,0.000158,74.125.130.0-255,4320,20165,77,422344
32891,0.000161,172.31.40.0-255,66,20231,77,422344
32892,0.000164,74.125.130.0-255,1484,21715,77,422344
32893,0.000166,172.31.40.0-255,66,21781,77,422344
32894,0.000182,74.125.130.0-255,4320,26101,77,422344
32895,0.000189,172.31.40.0-255,66,26167,77,422344
32896,0.000214,74.125.130.0-255,4320,30487,77,422344
32897,0.000221,172.31.40.0-255,66,30553,77,422344
32898,0.000224,74.125.130.0-255,1125,31678,77,422344
32899,0.000227,172.31.40.0-255,66,31744,77,422344
32900,0.000313,74.125.130.0-255,1484,33228,77,422344
32901,0.000316,172.31.40.0-255,66,33294,77,422344
32902,0.000344,74.125.130.0-255,2902,36196,77,422344
32903,0.000346,172.31.40.0-255,66,36262,77,422344
32904,0.000349,74.125.130.0-255,1484,37746,77,422344
32905,0.000351,172.31.40.0-255,66,37812,77,422344
32906,0.00037,74.125.130.0-255,2902,40714,77,422344
32907,0.000373,172.31.40.0-255,66,40780,77,422344
32908,0.000383,74.125.130.0-255,5738,46518,77,422344
32909,0.000386,172.31.40.0-255,66,46584,77,422344
32910,0.00039,74.125.130.0-255,2543,49127,77,422344
32911,0.000395,172.31.40.0-255,66,49193,77,422344
32912,0.000424,74.125.130.0-255,2902,52095,77,422344
32913,0.000427,172.31.40.0-255,66,52161,77,422344
32914,0.000455,74.125.130.0-255,7156,59317,77,422344
32915,0.000458,172.31.40.0-255,66,59383,77,422344
32916,0.000491,74.125.130.0-255,1484,60867,77,422344
32917,0.000514,74.125.130.0-255,5633,66500,77,422344
32918,0.000518,172.31.40.0-255,66,66566,77,422344
32919,0.000521,74.125.130.0-255,115,66681,77,422344
32920,0.000648,74.125.130.0-255,1484,68165,77,422344
32921,0.000653,172.31.40.0-255,66,68231,77,422344
32922,0.000659,74.125.130.0-255,2902,71133,77,422344
32923,0.000662,172.31.40.0-255,66,71199,77,422344
32924,0.000691,74.125.130.0-255,5738,76937,77,422344
32925,0.000694,172.31.40.0-255,66,77003,77,422344
32926,0.0007,74.125.130.0-255,5738,82741,77,422344
32927,0.000702,172.31.40.0-255,66,82807,77,422344
32928,0.000745,74.125.130.0-255,2543,85350,77,422344
32929,0.000748,172.31.40.0-255,66,85416,77,422344
32930,0.000753,74.125.130.0-255,2902,88318,77,422344
32931,0.000755,172.31.40.0-255,66,88384,77,422344
32932,0.000787,74.125.130.0-255,7156,95540,77,422344
32933,0.00079,172.31.40.0-255,66,95606,77,422344
32934,0.000816,74.125.130.0-255,5676,101282,77,422344
32935,0.000818,172.31.40.0-255,66,101348,77,422344
32936,0.000986,74.125.130.0-255,1484,102832,77,422344
32937,0.001002,74.125.130.0-255,2902,105734,77,422344
32938,0.001007,172.31.40.0-255,66,105800,77,422344
32939,0.001049,74.125.130.0-255,1484,107284,77,422344
32940,0.001063,74.125.130.0-255,2902,110186,77,422344
32941,0.001067,172.31.40.0-255,66,110252,77,422344
32942,0.001096,74.125.130.0-255,5738,115990,77,422344
32943,0.0011,172.31.40.0-255,66,116056,77,422344
32944,0.001106,74.125.130.0-255,5738,121794,77,422344
32945,0.001109,172.31.40.0-255,66,121860,77,422344
32946,0.001119,74.125.130.0-255,4320,126180,77,422344
32947,0.001121,172.31.40.0-255,66,126246,77,422344
32948,0.001133,74.125.130.0-255,2902,129148,77,422344
32949,0.001136,172.31.40.0-255,66,129214,77,422344
32950,0.001161,74.125.130.0-255,1484,130698,77,422344
32951,0.001207,74.125.130.0-255,2902,133600,77,422344
32952,0.00121,172.31.40.0-255,66,133666,77,422344
32953,0.001258,74.125.130.0-255,2184,135850,77,422344
32954,0.001261,172.31.40.0-255,66,135916,77,422344
32955,0.00143,172.31.40.0-255,101,136017,77,422344
32956,0.001937,74.125.130.0-255,1484,137501,77,422344
32957,0.001959,74.125.130.0-255,2902,140403,77,422344
32958,0.001963,172.31.40.0-255,66,140469,77,422344
32959,0.001998,74.125.130.0-255,4320,144789,77,422344
32960,0.002,172.31.40.0-255,66,144855,77,422344
32961,0.002024,74.125.130.0-255,7156,152011,77,422344
32962,0.002027,172.31.40.0-255,66,152077,77,422344
32963,0.002058,74.125.130.0-255,8574,160651,77,422344
32964,0.002061,172.31.40.0-255,66,160717,77,422344
32965,0.002065,74.125.130.0-255,2902,163619,77,422344
32966,0.002067,172.31.40.0-255,66,163685,77,422344
32967,0.002112,74.125.130.0-255,2902,166587,77,422344
32968,0.002116,172.31.40.0-255,66,166653,77,422344
32969,0.002145,74.125.130.0-255,3602,170255,77,422344
32970,0.002148,172.31.40.0-255,66,170321,77,422344
32971,0.003681,74.125.130.0-255,66,170387,77,422344
32972,0.004428,74.125.130.0-255,5738,176125,77,422344
32973,0.004436,172.31.40.0-255,66,176191,77,422344
32974,0.006747,74.125.130.0-255,5738,181929,77,422344
32975,0.006767,172.31.40.0-255,66,181995,77,422344
32976,0.009064,74.125.130.0-255,5738,187733,77,422344
32977,0.009076,172.31.40.0-255,66,187799,77,422344
32978,0.01137,74.125.130.0-255,5738,193537,77,422344
32979,0.011376,172.31.40.0-255,66,193603,77,422344
32980,0.013676,74.125.130.0-255,5738,199341,77,422344
32981,0.013691,172.31.40.0-255,66,199407,77,422344
32982,0.016,74.125.130.0-255,5738,205145,77,422344
32983,0.016016,172.31.40.0-255,66,205211,77,422344
32984,0.018328,74.125.130.0-255,5738,210949,77,422344
32985,0.018346,172.31.40.0-255,66,211015,77,422344
32986,0.020704,74.125.130.0-255,5738,216753,77,422344
32987,0.020723,172.31.40.0-255,66,216819,77,422344
32988,0.023038,74.125.130.0-255,5738,222557,77,422344
32989,0.023049,172.31.40.0-255,66,222623,77,422344
32990,0.025343,74.125.130.0-255,5738,228361,77,422344
32991,0.025356,172.31.40.0-255,66,228427,77,422344
32992,0.027662,74.125.130.0-255,5738,234165,77,422344
32993,0.027674,172.31.40.0-255,66,234231,77,422344
32994,0.029973,74.125.130.0-255,5738,239969,77,422344
32995,0.029988,172.31.40.0-255,66,240035,77,422344
32996,0.032276,74.125.130.0-255,5738,245773,77,422344
32997,0.032285,172.31.40.0-255,66,245839,77,422344
32998,0.034581,74.125.130.0-255,5738,251577,77,422344
32999,0.034591,172.31.40.0-255,66,251643,77,422344
33000,0.03689,74.125.130.0-255,5738,257381,77,422344
33001,0.036908,172.31.40.0-255,66,257447,77,422344
33002,0.039249,74.125.130.0-255,5738,263185,77,422344
33003,0.039263,172.31.40.0-255,66,263251,77,422344
33004,0.041559,74.125.130.0-255,5738,268989,77,422344
33005,0.041576,172.31.40.0-255,66,269055,77,422344
33006,0.04387,74.125.130.0-255,5738,274793,77,422344
33007,0.043885,172.31.40.0-255,66,274859,77,422344
33008,0.046178,74.125.130.0-255,5738,280597,77,422344
33009,0.046192,172.31.40.0-255,66,280663,77,422344
33010,0.048506,74.125.130.0-255,5738,286401,77,422344
33011,0.048527,172.31.40.0-255,66,286467,77,422344
33012,0.050821,74.125.130.0-255,5738,292205,77,422344
33013,0.050833,172.31.40.0-255,66,292271,77,422344
33014,0.053163,74.125.130.0-255,5738,298009,77,422344
33015,0.053181,172.31.40.0-255,66,298075,77,422344
33016,0.05548,74.125.130.0-255,5738,303813,77,422344
33017,0.05549,172.31.40.0-255,66,303879,77,422344
33018,0.057801,74.125.130.0-255,5738,309617,77,422344
33019,0.05782,172.31.40.0-255,66,309683,77,422344
33020,0.06012,74.125.130.0-255,5738,315421,77,422344
33021,0.06013,172.31.40.0-255,66,315487,77,422344
33022,0.062419,74.125.130.0-255,5738,321225,77,422344
33023,0.062434,172.31.40.0-255,66,321291,77,422344
33024,0.064728,74.125.130.0-255,5738,327029,77,422344
33025,0.064741,172.31.40.0-255,66,327095,77,422344
33026,0.067054,74.125.130.0-255,5738,332833,77,422344
33027,0.067073,172.31.40.0-255,66,332899,77,422344
33028,0.069366,74.125.130.0-255,5738,338637,77,422344
33029,0.069376,172.31.40.0-255,66,338703,77,422344
33030,0.071674,74.125.130.0-255,5738,344441,77,422344
33031,0.071693,172.31.40.0-255,66,344507,77,422344
33032,0.073992,74.125.130.0-255,5738,350245,77,422344
33033,0.073998,172.31.40.0-255,66,350311,77,422344
33034,0.074805,172.31.40.0-255,176,350487,77,422344
33035,0.074838,172.31.40.0-255,1121,351608,77,422344
33036,0.074906,172.31.40.0-255,1514,353122,77,422344
33037,0.074927,172.31.40.0-255,1514,354636,77,422344
33038,0.07493,172.31.40.0-255,1514,356150,77,422344
33039,0.074946,172.31.40.0-255,1514,357664,77,422344
33040,0.074949,172.31.40.0-255,398,358062,77,422344
33041,0.076279,74.125.130.0-255,5738,363800,77,422344
33042,0.076286,172.31.40.0-255,66,363866,77,422344
33043,0.076353,104.244.42.0-255,66,363932,77,422344
33044,0.076361,104.244.42.0-255,66,363998,77,422344
33045,0.076462,104.244.42.0-255,66,364064,77,422344
33046,0.076509,104.244.42.0-255,66,364130,77,422344
33047,0.077056,104.244.42.0-255,108,364238,77,422344
33048,0.077066,172.31.40.0-255,66,364304,77,422344
33049,0.078583,74.125.130.0-255,5738,370042,77,422344
33050,0.078592,172.31.40.0-255,66,370108,77,422344
33051,0.080887,74.125.130.0-255,5738,375846,77,422344
33052,0.080906,172.31.40.0-255,66,375912,77,422344
33053,0.083203,74.125.130.0-255,5738,381650,77,422344
33054,0.083223,172.31.40.0-255,66,381716,77,422344
33055,0.085529,74.125.130.0-255,5738,387454,77,422344
33056,0.08555,172.31.40.0-255,66,387520,77,422344
33057,0.087864,74.125.130.0-255,5738,393258,77,422344
33058,0.087884,172.31.40.0-255,66,393324,77,422344
33059,0.090206,74.125.130.0-255,5738,399062,77,422344
33060,0.090223,172.31.40.0-255,66,399128,77,422344
33061,0.092532,74.125.130.0-255,5738,404866,77,422344
33062,0.092549,172.31.40.0-255,66,404932,77,422344
33063,0.094885,74.125.130.0-255,5738,410670,77,422344
33064,0.0949,172.31.40.0-255,66,410736,77,422344
33065,0.09721,74.125.130.0-255,5738,416474,77,422344
33066,0.097229,172.31.40.0-255,66,416540,77,422344
33067,0.099534,74.125.130.0-255,5738,422278,77,422344
33068,0.099542,172.31.40.0-255,66,422344,77,422344
33069,0.0,172.217.194.0-255,143,143,77,420628
33070,2.3e-05,172.31.40.0-255,66,209,77,420628
33071,3e-05,172.217.194.0-255,1484,1693,77,420628
33072,3.5e-05,172.31.40.0-255,66,1759,77,420628
33073,4.1e-05,172.217.194.0-255,2902,4661,77,420628
33074,4.4e-05,172.31.40.0-255,66,4727,77,420628
33075,4.8e-05,172.217.194.0-255,1484,6211,77,420628
33076,5.1e-05,172.31.40.0-255,66,6277,77,420628
33077,8.1e-05,172.217.194.0-255,5738,12015,77,420628
33078,8.4e-05,172.31.40.0-255,66,12081,77,420628
33079,0.000106,172.217.194.0-255,2000,14081,77,420628
33080,0.000109,172.31.40.0-255,66,14147,77,420628
33081,0.000227,172.217.194.0-255,1484,15631,77,420628
33082,0.000231,172.31.40.0-255,66,15697,77,420628
33083,0.000237,172.217.194.0-255,2902,18599,77,420628
33084,0.000239,172.31.40.0-255,66,18665,77,420628
33085,0.000242,172.217.194.0-255,1484,20149,77,420628
33086,0.000244,172.31.40.0-255,66,20215,77,420628
33087,0.000265,172.217.194.0-255,4320,24535,77,420628
33088,0.000267,172.31.40.0-255,66,24601,77,420628
33089,0.00027,172.217.194.0-255,1484,26085,77,420628
33090,0.000272,172.31.40.0-255,66,26151,77,420628
33091,0.000291,172.217.194.0-255,5379,31530,77,420628
33092,0.000294,172.31.40.0-255,66,31596,77,420628
33093,0.000371,172.217.194.0-255,1484,33080,77,420628
33094,0.000375,172.31.40.0-255,66,33146,77,420628
33095,0.00038,172.217.194.0-255,2902,36048,77,420628
33096,0.000382,172.31.40.0-255,66,36114,77,420628
33097,0.000387,172.217.194.0-255,2902,39016,77,420628
33098,0.000389,172.31.40.0-255,66,39082,77,420628
33099,0.000403,172.217.194.0-255,2902,41984,77,420628
33100,0.000406,172.31.40.0-255,66,42050,77,420628
33101,0.000429,172.217.194.0-255,6797,48847,77,420628
33102,0.000431,172.31.40.0-255,66,48913,77,420628
33103,0.000447,172.217.194.0-255,1484,50397,77,420628
33104,0.000471,172.217.194.0-255,5738,56135,77,420628
33105,0.000474,172.31.40.0-255,66,56201,77,420628
33106,0.000498,172.217.194.0-255,2902,59103,77,420628
33107,0.0005,172.31.40.0-255,66,59169,77,420628
33108,0.000516,172.217.194.0-255,6797,65966,77,420628
33109,0.000518,172.31.40.0-255,66,66032,77,420628
33110,0.000701,172.217.194.0-255,645,66677,77,420628
33111,0.001029,172.217.194.0-255,1484,68161,77,420628
33112,0.001033,172.31.40.0-255,66,68227,77,420628
33113,0.001038,172.217.194.0-255,2902,71129,77,420628
33114,0.00104,172.31.40.0-255,66,71195,77,420628
33115,0.001043,172.217.194.0-255,1484,72679,77,420628
33116,0.001071,172.217.194.0-255,4320,76999,77,420628
33117,0.001073,172.31.40.0-255,66,77065,77,420628
33118,0.0011,172.217.194.0-255,5738,82803,77,420628
33119,0.001102,172.31.40.0-255,66,82869,77,420628
33120,0.001126,172.217.194.0-255,7156,90025,77,420628
33121,0.001128,172.31.40.0-255,66,90091,77,420628
33122,0.001165,172.217.194.0-255,10692,100783,77,420628
33123,0.001167,172.31.40.0-255,66,100849,77,420628
33124,0.00179,172.217.194.0-255,1484,102333,77,420628
33125,0.001805,172.217.194.0-255,2902,105235,77,420628
33126,0.001808,172.31.40.0-255,66,105301,77,420628
33127,0.001815,172.217.194.0-255,5738,111039,77,420628
33128,0.001817,172.31.40.0-255,66,111105,77,420628
33129,0.00183,172.217.194.0-255,4320,115425,77,420628
33130,0.001831,172.31.40.0-255,66,115491,77,420628
33131,0.001853,172.217.194.0-255,8574,124065,77,420628
33132,0.001856,172.31.40.0-255,66,124131,77,420628
33133,0.001865,172.217.194.0-255,10692,134823,77,420628
33134,0.001867,172.31.40.0-255,66,134889,77,420628
33135,0.001897,172.217.194.0-255,2902,137791,77,420628
33136,0.001899,172.31.40.0-255,66,137857,77,420628
33137,0.00192,172.217.194.0-255,7156,145013,77,420628
33138,0.001922,172.31.40.0-255,66,145079,77,420628
33139,0.001924,172.217.194.0-255,1484,146563,77,420628
33140,0.00196,172.217.194.0-255,9992,156555,77,420628
33141,0.001962,172.31.40.0-255,66,156621,77,420628
33142,0.001967,172.217.194.0-255,5738,162359,77,420628
33143,0.001969,172.31.40.0-255,66,162425,77,420628
33144,0.001994,172.217.194.0-255,6438,168863,77,420628
33145,0.001996,172.31.40.0-255,66,168929,77,420628
33146,0.002397,172.217.194.0-255,1484,170413,77,420628
33147,0.002401,172.217.194.0-255,2902,173315,77,420628
33148,0.002404,172.31.40.0-255,66,173381,77,420628
33149,0.00241,172.217.194.0-255,5738,179119,77,420628
33150,0.002411,172.31.40.0-255,66,179185,77,420628
33151,0.002433,172.217.194.0-255,5738,184923,77,420628
33152,0.002435,172.31.40.0-255,66,184989,77,420628
33153,0.002449,172.217.194.0-255,7156,192145,77,420628
33154,0.002451,172.31.40.0-255,66,192211,77,420628
33155,0.002476,172.217.194.0-255,10692,202903,77,420628
33156,0.002478,172.31.40.0-255,66,202969,77,420628
33157,0.005075,172.217.194.0-255,5738,208707,77,420628
33158,0.00508,172.31.40.0-255,66,208773,77,420628
33159,0.007675,172.217.194.0-255,5738,214511,77,420628
33160,0.007686,172.31.40.0-255,66,214577,77,420628
33161,0.010266,172.217.194.0-255,5738,220315,77,420628
33162,0.010273,172.31.40.0-255,66,220381,77,420628
33163,0.012871,172.217.194.0-255,5738,226119,77,420628
33164,0.012879,172.31.40.0-255,66,226185,77,420628
33165,0.015493,172.217.194.0-255,5738,231923,77,420628
33166,0.015501,172.31.40.0-255,66,231989,77,420628
33167,0.018066,172.217.194.0-255,5738,237727,77,420628
33168,0.018074,172.31.40.0-255,66,237793,77,420628
33169,0.020715,172.217.194.0-255,5738,243531,77,420628
33170,0.020726,172.31.40.0-255,66,243597,77,420628
33171,0.023311,172.217.194.0-255,5738,249335,77,420628
33172,0.023317,172.31.40.0-255,66,249401,77,420628
33173,0.025917,172.217.194.0-255,5738,255139,77,420628
33174,0.025926,172.31.40.0-255,66,255205,77,420628
33175,0.028552,172.217.194.0-255,5738,260943,77,420628
33176,0.028559,172.31.40.0-255,66,261009,77,420628
33177,0.031147,172.217.194.0-255,5738,266747,77,420628
33178,0.031157,172.31.40.0-255,66,266813,77,420628
33179,0.033751,172.217.194.0-255,5738,272551,77,420628
33180,0.03376,172.31.40.0-255,66,272617,77,420628
33181,0.036329,172.217.194.0-255,5738,278355,77,420628
33182,0.036337,172.31.40.0-255,66,278421,77,420628
33183,0.037023,172.31.40.0-255,171,278592,77,420628
33184,0.037056,172.31.40.0-255,1143,279735,77,420628
33185,0.037149,172.31.40.0-255,1514,281249,77,420628
33186,0.037151,172.31.40.0-255,1252,282501,77,420628
33187,0.038555,104.244.42.0-255,66,282567,77,420628
33188,0.038597,104.244.42.0-255,66,282633,77,420628
33189,0.038699,104.244.42.0-255,66,282699,77,420628
33190,0.038907,172.217.194.0-255,5738,288437,77,420628
33191,0.038912,172.31.40.0-255,66,288503,77,420628
33192,0.041516,172.217.194.0-255,5738,294241,77,420628
33193,0.041526,172.31.40.0-255,66,294307,77,420628
33194,0.04413,172.217.194.0-255,5738,300045,77,420628
33195,0.044137,172.31.40.0-255,66,300111,77,420628
33196,0.046733,172.217.194.0-255,5738,305849,77,420628
33197,0.04674,172.31.40.0-255,66,305915,77,420628
33198,0.049341,172.217.194.0-255,5738,311653,77,420628
33199,0.049347,172.31.40.0-255,66,311719,77,420628
33200,0.051978,172.217.194.0-255,5738,317457,77,420628
33201,0.051984,172.31.40.0-255,66,317523,77,420628
33202,0.054565,172.217.194.0-255,5738,323261,77,420628
33203,0.054572,172.31.40.0-255,66,323327,77,420628
33204,0.057166,172.217.194.0-255,5738,329065,77,420628
33205,0.057174,172.31.40.0-255,66,329131,77,420628
33206,0.059785,172.217.194.0-255,5738,334869,77,420628
33207,0.059794,172.31.40.0-255,66,334935,77,420628
33208,0.062399,172.217.194.0-255,5738,340673,77,420628
33209,0.062405,172.31.40.0-255,66,340739,77,420628
33210,0.064998,172.217.194.0-255,5738,346477,77,420628
33211,0.065005,172.31.40.0-255,66,346543,77,420628
33212,0.067586,172.217.194.0-255,5738,352281,77,420628
33213,0.067592,172.31.40.0-255,66,352347,77,420628
33214,0.070184,172.217.194.0-255,5738,358085,77,420628
33215,0.070191,172.31.40.0-255,66,358151,77,420628
33216,0.072786,172.217.194.0-255,5738,363889,77,420628
33217,0.072793,172.31.40.0-255,66,363955,77,420628
33218,0.075376,172.217.194.0-255,5738,369693,77,420628
33219,0.075386,172.31.40.0-255,66,369759,77,420628
33220,0.07799,172.217.194.0-255,5738,375497,77,420628
33221,0.077996,172.31.40.0-255,66,375563,77,420628
33222,0.080589,172.217.194.0-255,5738,381301,77,420628
33223,0.080594,172.31.40.0-255,66,381367,77,420628
33224,0.0832,172.217.194.0-255,5738,387105,77,420628
33225,0.083206,172.31.40.0-255,66,387171,77,420628
33226,0.08579,172.217.194.0-255,5738,392909,77,420628
33227,0.085796,172.31.40.0-255,66,392975,77,420628
33228,0.088376,172.217.194.0-255,5738,398713,77,420628
33229,0.088383,172.31.40.0-255,66,398779,77,420628
33230,0.090952,172.217.194.0-255,5738,404517,77,420628
33231,0.090958,172.31.40.0-255,66,404583,77,420628
33232,0.09355,172.217.194.0-255,5738,410321,77,420628
33233,0.093562,172.31.40.0-255,66,410387,77,420628
33234,0.09616,172.217.194.0-255,5738,416125,77,420628
33235,0.096166,172.31.40.0-255,66,416191,77,420628
33236,0.098779,172.217.194.0-255,4266,420457,77,420628
33237,0.098784,172.31.40.0-255,66,420523,77,420628
33238,0.098939,172.31.40.0-255,105,420628,77,420628
33239,0.0,172.31.40.0-255,105,105,77,459
33240,0.000211,172.31.40.0-255,90,195,77,459
33241,0.000222,172.31.40.0-255,66,261,77,459
33242,0.002715,74.125.130.0-255,66,327,77,459
33243,0.002745,74.125.130.0-255,66,393,77,459
33244,0.002768,172.31.40.0-255,66,459,77,459
33245,0.0,172.217.160.0-255,153,153,77,364965
33246,2.2e-05,172.31.40.0-255,66,219,77,364965
33247,3e-05,172.217.160.0-255,1484,1703,77,364965
33248,3.4e-05,172.31.40.0-255,66,1769,77,364965
33249,4.1e-05,172.217.160.0-255,2902,4671,77,364965
33250,5.2e-05,172.31.40.0-255,66,4737,77,364965
33251,6.1e-05,172.217.160.0-255,7156,11893,77,364965
33252,6.4e-05,172.31.40.0-255,66,11959,77,364965
33253,0.000173,172.217.160.0-255,2100,14059,77,364965
33254,0.000177,172.31.40.0-255,66,14125,77,364965
33255,0.000213,172.217.160.0-255,2902,17027,77,364965
33256,0.000216,172.31.40.0-255,66,17093,77,364965
33257,0.000261,172.217.160.0-255,5738,22831,77,364965
33258,0.000264,172.31.40.0-255,66,22897,77,364965
33259,0.000289,172.217.160.0-255,1484,24381,77,364965
33260,0.000291,172.31.40.0-255,66,24447,77,364965
33261,0.00038,172.217.160.0-255,6797,31244,77,364965
33262,0.000383,172.31.40.0-255,66,31310,77,364965
33263,0.000492,172.217.160.0-255,2902,34212,77,364965
33264,0.000498,172.31.40.0-255,66,34278,77,364965
33265,0.000517,172.217.160.0-255,4320,38598,77,364965
33266,0.000521,172.31.40.0-255,66,38664,77,364965
33267,0.000618,172.217.160.0-255,9992,48656,77,364965
33268,0.000622,172.31.40.0-255,66,48722,77,364965
33269,0.000647,172.217.160.0-255,8215,56937,77,364965
33270,0.00065,172.31.40.0-255,66,57003,77,364965
33271,0.000916,172.217.160.0-255,8521,65524,77,364965
33272,0.000921,172.31.40.0-255,66,65590,77,364965
33273,0.001019,172.217.160.0-255,104,65694,77,364965
33274,0.001023,172.31.40.0-255,66,65760,77,364965
33275,0.00109,172.217.160.0-255,1484,67244,77,364965
33276,0.001094,172.31.40.0-255,66,67310,77,364965
33277,0.001099,172.217.160.0-255,2902,70212,77,364965
33278,0.001128,172.31.40.0-255,66,70278,77,364965
33279,0.001157,172.217.160.0-255,5738,76016,77,364965
33280,0.001172,172.31.40.0-255,66,76082,77,364965
33281,0.001246,172.217.160.0-255,2902,78984,77,364965
33282,0.00125,172.31.40.0-255,66,79050,77,364965
33283,0.001271,172.217.160.0-255,1484,80534,77,364965
33284,0.001312,172.217.160.0-255,4320,84854,77,364965
33285,0.001331,172.217.160.0-255,7156,92010,77,364965
33286,0.001338,172.31.40.0-255,66,92076,77,364965
33287,0.001346,172.217.160.0-255,1125,93201,77,364965
33288,0.001455,172.31.40.0-255,66,93267,77,364965
33289,0.001532,172.217.160.0-255,6797,100064,77,364965
33290,0.001607,172.217.160.0-255,364,100428,77,364965
33291,0.00705,172.31.40.0-255,66,100494,77,364965
33292,0.009019,172.217.160.0-255,5738,106232,77,364965
33293,0.009027,172.31.40.0-255,66,106298,77,364965
33294,0.010971,172.217.160.0-255,5738,112036,77,364965
33295,0.011815,172.31.40.0-255,66,112102,77,364965
33296,0.013759,172.217.160.0-255,5738,117840,77,364965
33297,0.013768,172.31.40.0-255,66,117906,77,364965
33298,0.015706,172.217.160.0-255,5738,123644,77,364965
33299,0.015714,172.31.40.0-255,66,123710,77,364965
33300,0.017651,172.217.160.0-255,5738,129448,77,364965
33301,0.017658,172.31.40.0-255,66,129514,77,364965
33302,0.019608,172.217.160.0-255,5738,135252,77,364965
33303,0.01962,172.31.40.0-255,66,135318,77,364965
33304,0.021579,172.217.160.0-255,5738,141056,77,364965
33305,0.021587,172.31.40.0-255,66,141122,77,364965
33306,0.023521,172.217.160.0-255,5738,146860,77,364965
33307,0.023529,172.31.40.0-255,66,146926,77,364965
33308,0.025466,172.217.160.0-255,5738,152664,77,364965
33309,0.025473,172.31.40.0-255,66,152730,77,364965
33310,0.02617,172.31.40.0-255,172,152902,77,364965
33311,0.026204,172.31.40.0-255,1121,154023,77,364965
33312,0.026261,172.31.40.0-255,1514,155537,77,364965
33313,0.026263,172.31.40.0-255,1274,156811,77,364965
33314,0.027445,172.217.160.0-255,5738,162549,77,364965
33315,0.027452,172.31.40.0-255,66,162615,77,364965
33316,0.027708,104.244.42.0-255,66,162681,77,364965
33317,0.027741,104.244.42.0-255,66,162747,77,364965
33318,0.02782,104.244.42.0-255,66,162813,77,364965
33319,0.029399,172.217.160.0-255,5738,168551,77,364965
33320,0.029405,172.31.40.0-255,66,168617,77,364965
33321,0.031365,172.217.160.0-255,2902,171519,77,364965
33322,0.031372,172.31.40.0-255,66,171585,77,364965
33323,0.031406,172.217.160.0-255,2902,174487,77,364965
33324,0.031427,172.31.40.0-255,66,174553,77,364965
33325,0.033317,172.217.160.0-255,2902,177455,77,364965
33326,0.033324,172.31.40.0-255,66,177521,77,364965
33327,0.033351,172.217.160.0-255,1484,179005,77,364965
33328,0.033368,172.217.160.0-255,1484,180489,77,364965
33329,0.033383,172.31.40.0-255,66,180555,77,364965
33330,0.035272,172.217.160.0-255,2902,183457,77,364965
33331,0.035278,172.31.40.0-255,66,183523,77,364965
33332,0.035306,172.217.160.0-255,2902,186425,77,364965
33333,0.035333,172.31.40.0-255,66,186491,77,364965
33334,0.037223,172.217.160.0-255,2902,189393,77,364965
33335,0.037229,172.31.40.0-255,66,189459,77,364965
33336,0.037256,172.217.160.0-255,2902,192361,77,364965
33337,0.037285,172.31.40.0-255,66,192427,77,364965
33338,0.039183,172.217.160.0-255,2902,195329,77,364965
33339,0.03919,172.31.40.0-255,66,195395,77,364965
33340,0.039219,172.217.160.0-255,2902,198297,77,364965
33341,0.039247,172.31.40.0-255,66,198363,77,364965
33342,0.041141,172.217.160.0-255,2902,201265,77,364965
33343,0.041147,172.31.40.0-255,66,201331,77,364965
33344,0.041183,172.217.160.0-255,2902,204233,77,364965
33345,0.041202,172.31.40.0-255,66,204299,77,364965
33346,0.043113,172.217.160.0-255,2902,207201,77,364965
33347,0.04312,172.31.40.0-255,66,207267,77,364965
33348,0.043151,172.217.160.0-255,2902,210169,77,364965
33349,0.043172,172.31.40.0-255,66,210235,77,364965
33350,0.045078,172.217.160.0-255,2902,213137,77,364965
33351,0.045085,172.31.40.0-255,66,213203,77,364965
33352,0.045105,172.217.160.0-255,2902,216105,77,364965
33353,0.045135,172.31.40.0-255,66,216171,77,364965
33354,0.04706,172.217.160.0-255,2902,219073,77,364965
33355,0.047067,172.31.40.0-255,66,219139,77,364965
33356,0.047101,172.217.160.0-255,2902,222041,77,364965
33357,0.047119,172.31.40.0-255,66,222107,77,364965
33358,0.049013,172.217.160.0-255,2902,225009,77,364965
33359,0.049021,172.31.40.0-255,66,225075,77,364965
33360,0.049073,172.217.160.0-255,2902,227977,77,364965
33361,0.049112,172.31.40.0-255,66,228043,77,364965
33362,0.05097,172.217.160.0-255,2902,230945,77,364965
33363,0.050976,172.31.40.0-255,66,231011,77,364965
33364,0.051033,172.217.160.0-255,2902,233913,77,364965
33365,0.051061,172.31.40.0-255,66,233979,77,364965
33366,0.052912,172.217.160.0-255,2902,236881,77,364965
33367,0.052918,172.31.40.0-255,66,236947,77,364965
33368,0.052986,172.217.160.0-255,2902,239849,77,364965
33369,0.053011,172.31.40.0-255,66,239915,77,364965
33370,0.054865,172.217.160.0-255,2902,242817,77,364965
33371,0.054871,172.31.40.0-255,66,242883,77,364965
33372,0.054935,172.217.160.0-255,2902,245785,77,364965
33373,0.054966,172.31.40.0-255,66,245851,77,364965
33374,0.056808,172.217.160.0-255,2902,248753,77,364965
33375,0.056814,172.31.40.0-255,66,248819,77,364965
33376,0.056893,172.217.160.0-255,2902,251721,77,364965
33377,0.058759,172.217.160.0-255,2902,254623,77,364965
33378,0.059955,172.31.40.0-255,66,254689,77,364965
33379,0.0619,172.217.160.0-255,5738,260427,77,364965
33380,0.061914,172.31.40.0-255,66,260493,77,364965
33381,0.063857,172.217.160.0-255,5738,266231,77,364965
33382,0.065892,172.31.40.0-255,66,266297,77,364965
33383,0.067844,172.217.160.0-255,5738,272035,77,364965
33384,0.067858,172.31.40.0-255,66,272101,77,364965
33385,0.06981,172.217.160.0-255,5738,277839,77,364965
33386,0.069824,172.31.40.0-255,66,277905,77,364965
33387,0.071769,172.217.160.0-255,5738,283643,77,364965
33388,0.071783,172.31.40.0-255,66,283709,77,364965
33389,0.07377,172.217.160.0-255,5738,289447,77,364965
33390,0.073784,172.31.40.0-255,66,289513,77,364965
33391,0.075727,172.217.160.0-255,5738,295251,77,364965
33392,0.075741,172.31.40.0-255,66,295317,77,364965
33393,0.077699,172.217.160.0-255,5738,301055,77,364965
33394,0.077711,172.31.40.0-255,66,301121,77,364965
33395,0.079656,172.217.160.0-255,5738,306859,77,364965
33396,0.079669,172.31.40.0-255,66,306925,77,364965
33397,0.081635,172.217.160.0-255,5738,312663,77,364965
33398,0.081648,172.31.40.0-255,66,312729,77,364965
33399,0.083593,172.217.160.0-255,5738,318467,77,364965
33400,0.083604,172.31.40.0-255,66,318533,77,364965
33401,0.085546,172.217.160.0-255,5738,324271,77,364965
33402,0.085554,172.31.40.0-255,66,324337,77,364965
33403,0.087516,172.217.160.0-255,5738,330075,77,364965
33404,0.08753,172.31.40.0-255,66,330141,77,364965
33405,0.089492,172.217.160.0-255,5738,335879,77,364965
33406,0.089504,172.31.40.0-255,66,335945,77,364965
33407,0.091452,172.217.160.0-255,5738,341683,77,364965
33408,0.091459,172.31.40.0-255,66,341749,77,364965
33409,0.093409,172.217.160.0-255,5738,347487,77,364965
33410,0.093421,172.31.40.0-255,66,347553,77,364965
33411,0.095366,172.217.160.0-255,5738,353291,77,364965
33412,0.095372,172.31.40.0-255,66,353357,77,364965
33413,0.097309,172.217.160.0-255,5738,359095,77,364965
33414,0.097316,172.31.40.0-255,66,359161,77,364965
33415,0.099256,172.217.160.0-255,5738,364899,77,364965
33416,0.099263,172.31.40.0-255,66,364965,77,364965
33417,0.0,172.217.160.0-255,150,150,77,417912
33418,2.3e-05,172.31.40.0-255,66,216,77,417912
33419,3e-05,172.217.160.0-255,1484,1700,77,417912
33420,3.5e-05,172.31.40.0-255,66,1766,77,417912
33421,4e-05,172.217.160.0-255,2902,4668,77,417912
33422,5.1e-05,172.31.40.0-255,66,4734,77,417912
33423,6e-05,172.217.160.0-255,7156,11890,77,417912
33424,6.2e-05,172.31.40.0-255,66,11956,77,417912
33425,0.000103,172.217.160.0-255,2014,13970,77,417912
33426,0.000106,172.31.40.0-255,66,14036,77,417912
33427,0.000132,172.217.160.0-255,2902,16938,77,417912
33428,0.000135,172.31.40.0-255,66,17004,77,417912
33429,0.000143,172.217.160.0-255,7156,24160,77,417912
33430,0.000146,172.31.40.0-255,66,24226,77,417912
33431,0.000184,172.217.160.0-255,4320,28546,77,417912
33432,0.000186,172.31.40.0-255,66,28612,77,417912
33433,0.00021,172.217.160.0-255,2543,31155,77,417912
33434,0.000213,172.31.40.0-255,66,31221,77,417912
33435,0.000301,172.217.160.0-255,1484,32705,77,417912
33436,0.000305,172.31.40.0-255,66,32771,77,417912
33437,0.000329,172.217.160.0-255,2902,35673,77,417912
33438,0.000332,172.31.40.0-255,66,35739,77,417912
33439,0.000374,172.217.160.0-255,2902,38641,77,417912
33440,0.000377,172.31.40.0-255,66,38707,77,417912
33441,0.000383,172.217.160.0-255,4320,43027,77,417912
33442,0.000385,172.31.40.0-255,66,43093,77,417912
33443,0.000412,172.217.160.0-255,5379,48472,77,417912
33444,0.000415,172.31.40.0-255,66,48538,77,417912
33445,0.000444,172.217.160.0-255,5738,54276,77,417912
33446,0.000447,172.31.40.0-255,66,54342,77,417912
33447,0.000484,172.217.160.0-255,5738,60080,77,417912
33448,0.000487,172.31.40.0-255,66,60146,77,417912
33449,0.000507,172.217.160.0-255,5379,65525,77,417912
33450,0.00051,172.31.40.0-255,66,65591,77,417912
33451,0.00067,172.217.160.0-255,373,65964,77,417912
33452,0.000695,172.217.160.0-255,372,66336,77,417912
33453,0.000947,172.217.160.0-255,1484,67820,77,417912
33454,0.000951,172.31.40.0-255,66,67886,77,417912
33455,0.000979,172.217.160.0-255,1484,69370,77,417912
33456,0.000985,172.217.160.0-255,2902,72272,77,417912
33457,0.000987,172.31.40.0-255,66,72338,77,417912
33458,0.000994,172.217.160.0-255,5738,78076,77,417912
33459,0.000996,172.31.40.0-255,66,78142,77,417912
33460,0.001028,172.217.160.0-255,2902,81044,77,417912
33461,0.001031,172.31.40.0-255,66,81110,77,417912
33462,0.001055,172.217.160.0-255,2543,83653,77,417912
33463,0.001058,172.31.40.0-255,66,83719,77,417912
33464,0.001064,172.217.160.0-255,5738,89457,77,417912
33465,0.001066,172.31.40.0-255,66,89523,77,417912
33466,0.001106,172.217.160.0-255,11051,100574,77,417912
33467,0.001109,172.31.40.0-255,66,100640,77,417912
33468,0.00141,172.217.160.0-255,1484,102124,77,417912
33469,0.001416,172.217.160.0-255,2902,105026,77,417912
33470,0.00142,172.31.40.0-255,66,105092,77,417912
33471,0.001427,172.217.160.0-255,5738,110830,77,417912
33472,0.001429,172.31.40.0-255,66,110896,77,417912
33473,0.001477,172.217.160.0-255,7156,118052,77,417912
33474,0.00148,172.31.40.0-255,66,118118,77,417912
33475,0.001511,172.217.160.0-255,5738,123856,77,417912
33476,0.001514,172.31.40.0-255,66,123922,77,417912
33477,0.001559,172.217.160.0-255,8574,132496,77,417912
33478,0.001562,172.31.40.0-255,66,132562,77,417912
33479,0.001588,172.217.160.0-255,2184,134746,77,417912
33480,0.001591,172.31.40.0-255,66,134812,77,417912
33481,0.001634,172.217.160.0-255,9992,144804,77,417912
33482,0.001637,172.31.40.0-255,66,144870,77,417912
33483,0.001647,172.217.160.0-255,1484,146354,77,417912
33484,0.001707,172.217.160.0-255,8574,154928,77,417912
33485,0.001711,172.31.40.0-255,66,154994,77,417912
33486,0.001749,172.217.160.0-255,13528,168522,77,417912
33487,0.001752,172.31.40.0-255,66,168588,77,417912
33488,0.003394,172.217.160.0-255,5738,174326,77,417912
33489,0.003401,172.31.40.0-255,66,174392,77,417912
33490,0.005038,172.217.160.0-255,5738,180130,77,417912
33491,0.005042,172.31.40.0-255,66,180196,77,417912
33492,0.006678,172.217.160.0-255,4320,184516,77,417912
33493,0.006682,172.31.40.0-255,66,184582,77,417912
33494,0.006705,172.217.160.0-255,1484,186066,77,417912
33495,0.008324,172.217.160.0-255,4320,190386,77,417912
33496,0.00833,172.31.40.0-255,66,190452,77,417912
33497,0.009973,172.217.160.0-255,5738,196190,77,417912
33498,0.00998,172.31.40.0-255,66,196256,77,417912
33499,0.011624,172.217.160.0-255,5738,201994,77,417912
33500,0.011632,172.31.40.0-255,66,202060,77,417912
33501,0.013286,172.217.160.0-255,5738,207798,77,417912
33502,0.013293,172.31.40.0-255,66,207864,77,417912
33503,0.014935,172.217.160.0-255,5738,213602,77,417912
33504,0.014943,172.31.40.0-255,66,213668,77,417912
33505,0.016595,172.217.160.0-255,5738,219406,77,417912
33506,0.016603,172.31.40.0-255,66,219472,77,417912
33507,0.018256,172.217.160.0-255,5738,225210,77,417912
33508,0.018263,172.31.40.0-255,66,225276,77,417912
33509,0.019917,172.217.160.0-255,5738,231014,77,417912
33510,0.019924,172.31.40.0-255,66,231080,77,417912
33511,0.021583,172.217.160.0-255,5738,236818,77,417912
33512,0.02159,172.31.40.0-255,66,236884,77,417912
33513,0.023236,172.217.160.0-255,5738,242622,77,417912
33514,0.023243,172.31.40.0-255,66,242688,77,417912
33515,0.024892,172.217.160.0-255,5738,248426,77,417912
33516,0.024899,172.31.40.0-255,66,248492,77,417912
33517,0.026563,172.217.160.0-255,5738,254230,77,417912
33518,0.02657,172.31.40.0-255,66,254296,77,417912
33519,0.028223,172.217.160.0-255,5738,260034,77,417912
33520,0.028237,172.31.40.0-255,66,260100,77,417912
33521,0.02989,172.217.160.0-255,5738,265838,77,417912
33522,0.029903,172.31.40.0-255,66,265904,77,417912
33523,0.031555,172.217.160.0-255,5738,271642,77,417912
33524,0.031566,172.31.40.0-255,66,271708,77,417912
33525,0.033216,172.217.160.0-255,5738,277446,77,417912
33526,0.033221,172.31.40.0-255,66,277512,77,417912
33527,0.034873,172.217.160.0-255,5738,283250,77,417912
33528,0.034884,172.31.40.0-255,66,283316,77,417912
33529,0.036544,172.217.160.0-255,5738,289054,77,417912
33530,0.036551,172.31.40.0-255,66,289120,77,417912
33531,0.038207,172.217.160.0-255,5738,294858,77,417912
33532,0.038218,172.31.40.0-255,66,294924,77,417912
33533,0.039888,172.217.160.0-255,5738,300662,77,417912
33534,0.039895,172.31.40.0-255,66,300728,77,417912
33535,0.041541,172.217.160.0-255,5738,306466,77,417912
33536,0.041547,172.31.40.0-255,66,306532,77,417912
33537,0.0432,172.217.160.0-255,5738,312270,77,417912
33538,0.043209,172.31.40.0-255,66,312336,77,417912
33539,0.044866,172.217.160.0-255,5738,318074,77,417912
33540,0.044875,172.31.40.0-255,66,318140,77,417912
33541,0.046556,172.217.160.0-255,5738,323878,77,417912
33542,0.04657,172.31.40.0-255,66,323944,77,417912
33543,0.046624,172.31.40.0-255,166,324110,77,417912
33544,0.046656,172.31.40.0-255,1140,325250,77,417912
33545,0.046757,172.31.40.0-255,1514,326764,77,417912
33546,0.046759,172.31.40.0-255,302,327066,77,417912
33547,0.048119,104.244.42.0-255,66,327132,77,417912
33548,0.048231,104.244.42.0-255,66,327198,77,417912
33549,0.048241,172.217.160.0-255,5738,332936,77,417912
33550,0.048246,172.31.40.0-255,66,333002,77,417912
33551,0.048275,104.244.42.0-255,66,333068,77,417912
33552,0.049887,172.217.160.0-255,5738,338806,77,417912
33553,0.049893,172.31.40.0-255,66,338872,77,417912
33554,0.051546,172.217.160.0-255,5738,344610,77,417912
33555,0.051553,172.31.40.0-255,66,344676,77,417912
33556,0.053205,172.217.160.0-255,5738,350414,77,417912
33557,0.053212,172.31.40.0-255,66,350480,77,417912
33558,0.054906,172.217.160.0-255,5738,356218,77,417912
33559,0.054919,172.31.40.0-255,66,356284,77,417912
33560,0.056566,172.217.160.0-255,5738,362022,77,417912
33561,0.056572,172.31.40.0-255,66,362088,77,417912
33562,0.058259,172.217.160.0-255,5738,367826,77,417912
33563,0.058277,172.31.40.0-255,66,367892,77,417912
33564,0.059927,172.217.160.0-255,5738,373630,77,417912
33565,0.059934,172.31.40.0-255,66,373696,77,417912
33566,0.061603,172.217.160.0-255,5738,379434,77,417912
33567,0.061615,172.31.40.0-255,66,379500,77,417912
33568,0.063254,172.217.160.0-255,5738,385238,77,417912
33569,0.06326,172.31.40.0-255,66,385304,77,417912
33570,0.064904,172.217.160.0-255,5738,391042,77,417912
33571,0.064911,172.31.40.0-255,66,391108,77,417912
33572,0.066557,172.217.160.0-255,5738,396846,77,417912
33573,0.066568,172.31.40.0-255,66,396912,77,417912
33574,0.068221,172.217.160.0-255,5738,402650,77,417912
33575,0.068229,172.31.40.0-255,66,402716,77,417912
33576,0.069889,172.217.160.0-255,5738,408454,77,417912
33577,0.069902,172.31.40.0-255,66,408520,77,417912
33578,0.07155,172.217.160.0-255,5738,414258,77,417912
33579,0.071557,172.31.40.0-255,66,414324,77,417912
33580,0.073207,172.217.160.0-255,2826,417150,77,417912
33581,0.07322,172.31.40.0-255,66,417216,77,417912
33582,0.073465,172.31.40.0-255,105,417321,77,417912
33583,0.073505,172.31.40.0-255,105,417426,77,417912
33584,0.073767,172.31.40.0-255,90,417516,77,417912
33585,0.073778,172.31.40.0-255,66,417582,77,417912
33586,0.075086,172.217.160.0-255,66,417648,77,417912
33587,0.075105,172.217.160.0-255,66,417714,77,417912
33588,0.075372,172.217.160.0-255,66,417780,77,417912
33589,0.075389,172.217.160.0-255,66,417846,77,417912
33590,0.075396,172.31.40.0-255,66,417912,77,417912
33591,0.0,74.125.200.0-255,152,152,77,419530
33592,2.4e-05,172.31.40.0-255,66,218,77,419530
33593,3.1e-05,74.125.200.0-255,1484,1702,77,419530
33594,3.6e-05,172.31.40.0-255,66,1768,77,419530
33595,4.1e-05,74.125.200.0-255,2902,4670,77,419530
33596,4.5e-05,172.31.40.0-255,66,4736,77,419530
33597,5.2e-05,74.125.200.0-255,5738,10474,77,419530
33598,5.5e-05,172.31.40.0-255,66,10540,77,419530
33599,8.6e-05,74.125.200.0-255,3462,14002,77,419530
33600,8.9e-05,172.31.40.0-255,66,14068,77,419530
33601,9.2e-05,74.125.200.0-255,1484,15552,77,419530
33602,9.4e-05,172.31.40.0-255,66,15618,77,419530
33603,0.000109,74.125.200.0-255,2902,18520,77,419530
33604,0.000111,172.31.40.0-255,66,18586,77,419530
33605,0.000122,74.125.200.0-255,9992,28578,77,419530
33606,0.000124,172.31.40.0-255,66,28644,77,419530
33607,0.00013,74.125.200.0-255,4320,32964,77,419530
33608,0.000132,172.31.40.0-255,66,33030,77,419530
33609,0.000175,74.125.200.0-255,5738,38768,77,419530
33610,0.000178,172.31.40.0-255,66,38834,77,419530
33611,0.000199,74.125.200.0-255,9274,48108,77,419530
33612,0.000201,172.31.40.0-255,66,48174,77,419530
33613,0.000213,74.125.200.0-255,1484,49658,77,419530
33614,0.000215,172.31.40.0-255,66,49724,77,419530
33615,0.000232,74.125.200.0-255,2902,52626,77,419530
33616,0.000235,172.31.40.0-255,66,52692,77,419530
33617,0.000262,74.125.200.0-255,5738,58430,77,419530
33618,0.000265,172.31.40.0-255,66,58496,77,419530
33619,0.000271,74.125.200.0-255,5738,64234,77,419530
33620,0.000273,172.31.40.0-255,66,64300,77,419530
33621,0.000311,74.125.200.0-255,1461,65761,77,419530
33622,0.000314,172.31.40.0-255,66,65827,77,419530
33623,0.000423,74.125.200.0-255,1484,67311,77,419530
33624,0.000428,74.125.200.0-255,1484,68795,77,419530
33625,0.00043,172.31.40.0-255,66,68861,77,419530
33626,0.000444,74.125.200.0-255,1484,70345,77,419530
33627,0.00045,74.125.200.0-255,4320,74665,77,419530
33628,0.000453,172.31.40.0-255,66,74731,77,419530
33629,0.000481,74.125.200.0-255,1484,76215,77,419530
33630,0.000486,74.125.200.0-255,4320,80535,77,419530
33631,0.000489,172.31.40.0-255,66,80601,77,419530
33632,0.000495,74.125.200.0-255,5738,86339,77,419530
33633,0.000498,172.31.40.0-255,66,86405,77,419530
33634,0.000551,74.125.200.0-255,11410,97815,77,419530
33635,0.000554,172.31.40.0-255,66,97881,77,419530
33636,0.000559,74.125.200.0-255,2184,100065,77,419530
33637,0.000561,172.31.40.0-255,66,100131,77,419530
33638,0.000565,74.125.200.0-255,2902,103033,77,419530
33639,0.000567,172.31.40.0-255,66,103099,77,419530
33640,0.00061,74.125.200.0-255,12828,115927,77,419530
33641,0.000613,172.31.40.0-255,66,115993,77,419530
33642,0.00062,74.125.200.0-255,5738,121731,77,419530
33643,0.000622,172.31.40.0-255,66,121797,77,419530
33644,0.000653,74.125.200.0-255,11805,133602,77,419530
33645,0.000656,172.31.40.0-255,66,133668,77,419530
33646,0.001172,74.125.200.0-255,1484,135152,77,419530
33647,0.001178,74.125.200.0-255,2902,138054,77,419530
33648,0.001182,172.31.40.0-255,66,138120,77,419530
33649,0.001186,74.125.200.0-255,1484,139604,77,419530
33650,0.001204,74.125.200.0-255,1484,141088,77,419530
33651,0.001206,172.31.40.0-255,66,141154,77,419530
33652,0.001211,74.125.200.0-255,4320,145474,77,419530
33653,0.001214,172.31.40.0-255,66,145540,77,419530
33654,0.001218,74.125.200.0-255,2902,148442,77,419530
33655,0.00122,172.31.40.0-255,66,148508,77,419530
33656,0.001249,74.125.200.0-255,5738,154246,77,419530
33657,0.001252,172.31.40.0-255,66,154312,77,419530
33658,0.00126,74.125.200.0-255,8574,162886,77,419530
33659,0.001262,172.31.40.0-255,66,162952,77,419530
33660,0.001298,74.125.200.0-255,5020,167972,77,419530
33661,0.001301,172.31.40.0-255,66,168038,77,419530
33662,0.001348,74.125.200.0-255,1484,169522,77,419530
33663,0.001351,74.125.200.0-255,1484,171006,77,419530
33664,0.001354,172.31.40.0-255,66,171072,77,419530
33665,0.00137,74.125.200.0-255,1484,172556,77,419530
33666,0.001385,74.125.200.0-255,4320,176876,77,419530
33667,0.001388,172.31.40.0-255,66,176942,77,419530
33668,0.001401,74.125.200.0-255,1484,178426,77,419530
33669,0.001406,74.125.200.0-255,4320,182746,77,419530
33670,0.001409,172.31.40.0-255,66,182812,77,419530
33671,0.001429,74.125.200.0-255,2902,185714,77,419530
33672,0.001433,172.31.40.0-255,66,185780,77,419530
33673,0.001442,74.125.200.0-255,2902,188682,77,419530
33674,0.001444,172.31.40.0-255,66,188748,77,419530
33675,0.00148,74.125.200.0-255,11410,200158,77,419530
33676,0.001484,172.31.40.0-255,66,200224,77,419530
33677,0.001488,74.125.200.0-255,2184,202408,77,419530
33678,0.00149,172.31.40.0-255,66,202474,77,419530
33679,0.00157,74.125.200.0-255,1484,203958,77,419530
33680,0.001583,74.125.200.0-255,2902,206860,77,419530
33681,0.001586,172.31.40.0-255,66,206926,77,419530
33682,0.00161,74.125.200.0-255,4320,211246,77,419530
33683,0.001613,172.31.40.0-255,66,211312,77,419530
33684,0.001632,74.125.200.0-255,1484,212796,77,419530
33685,0.001639,74.125.200.0-255,7156,219952,77,419530
33686,0.001642,172.31.40.0-255,66,220018,77,419530
33687,0.001662,74.125.200.0-255,5738,225756,77,419530
33688,0.001665,172.31.40.0-255,66,225822,77,419530
33689,0.001691,74.125.200.0-255,5738,231560,77,419530
33690,0.001695,172.31.40.0-255,66,231626,77,419530
33691,0.001698,74.125.200.0-255,1484,233110,77,419530
33692,0.001716,74.125.200.0-255,3602,236712,77,419530
33693,0.001719,172.31.40.0-255,66,236778,77,419530
33694,0.001792,74.125.200.0-255,1484,238262,77,419530
33695,0.001808,74.125.200.0-255,2902,241164,77,419530
33696,0.001811,172.31.40.0-255,66,241230,77,419530
33697,0.001818,74.125.200.0-255,5738,246968,77,419530
33698,0.001819,172.31.40.0-255,66,247034,77,419530
33699,0.001866,74.125.200.0-255,5738,252772,77,419530
33700,0.001869,172.31.40.0-255,66,252838,77,419530
33701,0.001877,74.125.200.0-255,7156,259994,77,419530
33702,0.001879,172.31.40.0-255,66,260060,77,419530
33703,0.001904,74.125.200.0-255,4320,264380,77,419530
33704,0.001907,172.31.40.0-255,66,264446,77,419530
33705,0.001922,74.125.200.0-255,6438,270884,77,419530
33706,0.001925,172.31.40.0-255,66,270950,77,419530
33707,0.001973,74.125.200.0-255,11410,282360,77,419530
33708,0.001976,172.31.40.0-255,66,282426,77,419530
33709,0.001985,74.125.200.0-255,8574,291000,77,419530
33710,0.001987,172.31.40.0-255,66,291066,77,419530
33711,0.001996,74.125.200.0-255,9992,301058,77,419530
33712,0.001998,172.31.40.0-255,66,301124,77,419530
33713,0.002003,74.125.200.0-255,3602,304726,77,419530
33714,0.002006,172.31.40.0-255,66,304792,77,419530
33715,0.00201,74.125.200.0-255,2902,307694,77,419530
33716,0.002012,172.31.40.0-255,66,307760,77,419530
33717,0.002034,74.125.200.0-255,1484,309244,77,419530
33718,0.002039,74.125.200.0-255,2902,312146,77,419530
33719,0.002042,172.31.40.0-255,66,312212,77,419530
33720,0.002061,74.125.200.0-255,7156,319368,77,419530
33721,0.002064,172.31.40.0-255,66,319434,77,419530
33722,0.00207,74.125.200.0-255,7156,326590,77,419530
33723,0.002073,172.31.40.0-255,66,326656,77,419530
33724,0.002095,74.125.200.0-255,1484,328140,77,419530
33725,0.002129,74.125.200.0-255,7156,335296,77,419530
33726,0.002132,172.31.40.0-255,66,335362,77,419530
33727,0.002138,74.125.200.0-255,5020,340382,77,419530
33728,0.00214,172.31.40.0-255,66,340448,77,419530
33729,0.002147,74.125.200.0-255,5738,346186,77,419530
33730,0.002148,172.31.40.0-255,66,346252,77,419530
33731,0.002154,74.125.200.0-255,5738,351990,77,419530
33732,0.002156,172.31.40.0-255,66,352056,77,419530
33733,0.002183,74.125.200.0-255,7156,359212,77,419530
33734,0.002191,74.125.200.0-255,8574,367786,77,419530
33735,0.002194,172.31.40.0-255,66,367852,77,419530
33736,0.002197,172.31.40.0-255,66,367918,77,419530
33737,0.00223,74.125.200.0-255,5020,372938,77,419530
33738,0.002234,172.31.40.0-255,66,373004,77,419530
33739,0.002239,74.125.200.0-255,4320,377324,77,419530
33740,0.002241,172.31.40.0-255,66,377390,77,419530
33741,0.002247,74.125.200.0-255,5738,383128,77,419530
33742,0.002249,172.31.40.0-255,66,383194,77,419530
33743,0.002259,74.125.200.0-255,11410,394604,77,419530
33744,0.002262,172.31.40.0-255,66,394670,77,419530
33745,0.002267,74.125.200.0-255,4320,398990,77,419530
33746,0.00227,172.31.40.0-255,66,399056,77,419530
33747,0.002323,74.125.200.0-255,4320,403376,77,419530
33748,0.002327,172.31.40.0-255,66,403442,77,419530
33749,0.002358,74.125.200.0-255,12196,415638,77,419530
33750,0.00236,172.31.40.0-255,66,415704,77,419530
33751,0.002364,74.125.200.0-255,97,415801,77,419530
33752,0.004523,172.31.40.0-255,66,415867,77,419530
33753,0.004671,74.125.200.0-255,105,415972,77,419530
33754,0.019149,172.31.40.0-255,66,416038,77,419530
33755,0.019233,172.31.40.0-255,105,416143,77,419530
33756,0.021537,74.125.200.0-255,66,416209,77,419530
33757,0.054396,172.31.40.0-255,167,416376,77,419530
33758,0.054433,172.31.40.0-255,1116,417492,77,419530
33759,0.054493,172.31.40.0-255,1514,419006,77,419530
33760,0.054495,172.31.40.0-255,326,419332,77,419530
33761,0.055963,104.244.42.0-255,66,419398,77,419530
33762,0.055997,104.244.42.0-255,66,419464,77,419530
33763,0.056049,104.244.42.0-255,66,419530,77,419530
33764,0.0,172.253.118.0-255,150,150,77,385365
33765,2.7e-05,172.31.40.0-255,66,216,77,385365
33766,3.5e-05,172.253.118.0-255,1484,1700,77,385365
33767,4e-05,172.31.40.0-255,66,1766,77,385365
33768,4.6e-05,172.253.118.0-255,2902,4668,77,385365
33769,4.9e-05,172.31.40.0-255,66,4734,77,385365
33770,5.7e-05,172.253.118.0-255,7156,11890,77,385365
33771,6e-05,172.31.40.0-255,66,11956,77,385365
33772,0.000116,172.253.118.0-255,1484,13440,77,385365
33773,0.000119,172.31.40.0-255,66,13506,77,385365
33774,0.000137,172.253.118.0-255,693,14199,77,385365
33775,0.00014,172.31.40.0-255,66,14265,77,385365
33776,0.000188,172.253.118.0-255,1484,15749,77,385365
33777,0.00019,172.31.40.0-255,66,15815,77,385365
33778,0.000212,172.253.118.0-255,2902,18717,77,385365
33779,0.000215,172.31.40.0-255,66,18783,77,385365
33780,0.00022,172.253.118.0-255,4320,23103,77,385365
33781,0.000222,172.31.40.0-255,66,23169,77,385365
33782,0.000234,172.253.118.0-255,1484,24653,77,385365
33783,0.000236,172.31.40.0-255,66,24719,77,385365
33784,0.00029,172.253.118.0-255,6797,31516,77,385365
33785,0.000293,172.31.40.0-255,66,31582,77,385365
33786,0.00049,172.253.118.0-255,1484,33066,77,385365
33787,0.000495,172.31.40.0-255,66,33132,77,385365
33788,0.0005,172.253.118.0-255,2902,36034,77,385365
33789,0.000503,172.31.40.0-255,66,36100,77,385365
33790,0.00052,172.253.118.0-255,5738,41838,77,385365
33791,0.000523,172.31.40.0-255,66,41904,77,385365
33792,0.000582,172.253.118.0-255,4320,46224,77,385365
33793,0.000586,172.31.40.0-255,66,46290,77,385365
33794,0.000603,172.253.118.0-255,2543,48833,77,385365
33795,0.000606,172.31.40.0-255,66,48899,77,385365
33796,0.001285,172.253.118.0-255,1484,50383,77,385365
33797,0.001296,172.253.118.0-255,2902,53285,77,385365
33798,0.001301,172.31.40.0-255,66,53351,77,385365
33799,0.001322,172.253.118.0-255,5738,59089,77,385365
33800,0.001325,172.31.40.0-255,66,59155,77,385365
33801,0.00138,172.253.118.0-255,4320,63475,77,385365
33802,0.001383,172.31.40.0-255,66,63541,77,385365
33803,0.001401,172.253.118.0-255,2543,66084,77,385365
33804,0.001404,172.31.40.0-255,66,66150,77,385365
33805,0.001495,172.253.118.0-255,1484,67634,77,385365
33806,0.0015,172.253.118.0-255,1484,69118,77,385365
33807,0.001503,172.31.40.0-255,66,69184,77,385365
33808,0.001519,172.253.118.0-255,1484,70668,77,385365
33809,0.001521,172.253.118.0-255,1484,72152,77,385365
33810,0.001523,172.31.40.0-255,66,72218,77,385365
33811,0.001547,172.253.118.0-255,4320,76538,77,385365
33812,0.00155,172.31.40.0-255,66,76604,77,385365
33813,0.0016,172.253.118.0-255,7156,83760,77,385365
33814,0.001603,172.31.40.0-255,66,83826,77,385365
33815,0.001624,172.253.118.0-255,5738,89564,77,385365
33816,0.001626,172.31.40.0-255,66,89630,77,385365
33817,0.001747,172.253.118.0-255,4320,93950,77,385365
33818,0.001752,172.31.40.0-255,66,94016,77,385365
33819,0.001777,172.253.118.0-255,6438,100454,77,385365
33820,0.00178,172.31.40.0-255,66,100520,77,385365
33821,0.001869,172.253.118.0-255,1484,102004,77,385365
33822,0.001889,172.253.118.0-255,2902,104906,77,385365
33823,0.001891,172.31.40.0-255,66,104972,77,385365
33824,0.00192,172.253.118.0-255,5738,110710,77,385365
33825,0.001923,172.31.40.0-255,66,110776,77,385365
33826,0.001982,172.253.118.0-255,5738,116514,77,385365
33827,0.001985,172.31.40.0-255,66,116580,77,385365
33828,0.002006,172.253.118.0-255,7156,123736,77,385365
33829,0.002008,172.31.40.0-255,66,123802,77,385365
33830,0.00213,172.253.118.0-255,4320,128122,77,385365
33831,0.002133,172.31.40.0-255,66,128188,77,385365
33832,0.002157,172.253.118.0-255,7019,135207,77,385365
33833,0.00216,172.31.40.0-255,66,135273,77,385365
33834,0.002253,172.253.118.0-255,8574,143847,77,385365
33835,0.002255,172.31.40.0-255,66,143913,77,385365
33836,0.002274,172.253.118.0-255,2902,146815,77,385365
33837,0.002276,172.31.40.0-255,66,146881,77,385365
33838,0.002387,172.253.118.0-255,4320,151201,77,385365
33839,0.002389,172.31.40.0-255,66,151267,77,385365
33840,0.002421,172.253.118.0-255,12828,164095,77,385365
33841,0.002423,172.31.40.0-255,66,164161,77,385365
33842,0.002442,172.253.118.0-255,5020,169181,77,385365
33843,0.002444,172.31.40.0-255,66,169247,77,385365
33844,0.005043,172.253.118.0-255,5738,174985,77,385365
33845,0.005048,172.31.40.0-255,66,175051,77,385365
33846,0.007651,172.253.118.0-255,5738,180789,77,385365
33847,0.007658,172.31.40.0-255,66,180855,77,385365
33848,0.010276,172.253.118.0-255,5738,186593,77,385365
33849,0.010293,172.31.40.0-255,66,186659,77,385365
33850,0.012926,172.253.118.0-255,5738,192397,77,385365
33851,0.012936,172.31.40.0-255,66,192463,77,385365
33852,0.015533,172.253.118.0-255,5738,198201,77,385365
33853,0.015542,172.31.40.0-255,66,198267,77,385365
33854,0.018126,172.253.118.0-255,5738,204005,77,385365
33855,0.018135,172.31.40.0-255,66,204071,77,385365
33856,0.020748,172.253.118.0-255,5738,209809,77,385365
33857,0.020763,172.31.40.0-255,66,209875,77,385365
33858,0.023345,172.253.118.0-255,5738,215613,77,385365
33859,0.023355,172.31.40.0-255,66,215679,77,385365
33860,0.026016,172.253.118.0-255,5738,221417,77,385365
33861,0.026033,172.31.40.0-255,66,221483,77,385365
33862,0.028629,172.253.118.0-255,5738,227221,77,385365
33863,0.028639,172.31.40.0-255,66,227287,77,385365
33864,0.031257,172.253.118.0-255,5738,233025,77,385365
33865,0.031268,172.31.40.0-255,66,233091,77,385365
33866,0.033889,172.253.118.0-255,5738,238829,77,385365
33867,0.033908,172.31.40.0-255,66,238895,77,385365
33868,0.0365,172.253.118.0-255,5738,244633,77,385365
33869,0.036508,172.31.40.0-255,66,244699,77,385365
33870,0.039135,172.253.118.0-255,5738,250437,77,385365
33871,0.039157,172.31.40.0-255,66,250503,77,385365
33872,0.041746,172.253.118.0-255,5738,256241,77,385365
33873,0.041756,172.31.40.0-255,66,256307,77,385365
33874,0.044373,172.253.118.0-255,5738,262045,77,385365
33875,0.044392,172.31.40.0-255,66,262111,77,385365
33876,0.04699,172.253.118.0-255,5738,267849,77,385365
33877,0.046999,172.31.40.0-255,66,267915,77,385365
33878,0.049611,172.253.118.0-255,5738,273653,77,385365
33879,0.049623,172.31.40.0-255,66,273719,77,385365
33880,0.052253,172.253.118.0-255,5738,279457,77,385365
33881,0.052264,172.31.40.0-255,66,279523,77,385365
33882,0.05487,172.253.118.0-255,5738,285261,77,385365
33883,0.05489,172.31.40.0-255,66,285327,77,385365
33884,0.057158,172.31.40.0-255,172,285499,77,385365
33885,0.05719,172.31.40.0-255,1066,286565,77,385365
33886,0.05745,172.253.118.0-255,5738,292303,77,385365
33887,0.057456,172.31.40.0-255,66,292369,77,385365
33888,0.058717,104.244.42.0-255,66,292435,77,385365
33889,0.058764,104.244.42.0-255,66,292501,77,385365
33890,0.060067,172.253.118.0-255,5738,298239,77,385365
33891,0.060081,172.31.40.0-255,66,298305,77,385365
33892,0.06268,172.253.118.0-255,5738,304043,77,385365
33893,0.0627,172.31.40.0-255,66,304109,77,385365
33894,0.065317,172.253.118.0-255,5738,309847,77,385365
33895,0.065335,172.31.40.0-255,66,309913,77,385365
33896,0.067943,172.253.118.0-255,5738,315651,77,385365
33897,0.067964,172.31.40.0-255,66,315717,77,385365
33898,0.070565,172.253.118.0-255,5738,321455,77,385365
33899,0.070584,172.31.40.0-255,66,321521,77,385365
33900,0.073208,172.253.118.0-255,5738,327259,77,385365
33901,0.073224,172.31.40.0-255,66,327325,77,385365
33902,0.07585,172.253.118.0-255,5738,333063,77,385365
33903,0.075869,172.31.40.0-255,66,333129,77,385365
33904,0.078464,172.253.118.0-255,5738,338867,77,385365
33905,0.078482,172.31.40.0-255,66,338933,77,385365
33906,0.081146,172.253.118.0-255,5738,344671,77,385365
33907,0.081165,172.31.40.0-255,66,344737,77,385365
33908,0.083778,172.253.118.0-255,5738,350475,77,385365
33909,0.083797,172.31.40.0-255,66,350541,77,385365
33910,0.086382,172.253.118.0-255,5738,356279,77,385365
33911,0.0864,172.31.40.0-255,66,356345,77,385365
33912,0.089021,172.253.118.0-255,5738,362083,77,385365
33913,0.089039,172.31.40.0-255,66,362149,77,385365
33914,0.091654,172.253.118.0-255,5738,367887,77,385365
33915,0.091672,172.31.40.0-255,66,367953,77,385365
33916,0.094278,172.253.118.0-255,5738,373691,77,385365
33917,0.094297,172.31.40.0-255,66,373757,77,385365
33918,0.09693,172.253.118.0-255,5738,379495,77,385365
33919,0.096948,172.31.40.0-255,66,379561,77,385365
33920,0.099558,172.253.118.0-255,5738,385299,77,385365
33921,0.09958,172.31.40.0-255,66,385365,77,385365
33922,0.0,172.217.194.0-255,153,153,77,405292
33923,2.2e-05,172.31.40.0-255,66,219,77,405292
33924,3e-05,172.217.194.0-255,1484,1703,77,405292
33925,3.4e-05,172.31.40.0-255,66,1769,77,405292
33926,3.9e-05,172.217.194.0-255,2902,4671,77,405292
33927,5.1e-05,172.31.40.0-255,66,4737,77,405292
33928,5.8e-05,172.217.194.0-255,7156,11893,77,405292
33929,6.2e-05,172.31.40.0-255,66,11959,77,405292
33930,6.6e-05,172.217.194.0-255,2037,13996,77,405292
33931,6.9e-05,172.31.40.0-255,66,14062,77,405292
33932,0.0001,172.217.194.0-255,1484,15546,77,405292
33933,0.000103,172.31.40.0-255,66,15612,77,405292
33934,0.000106,172.217.194.0-255,1484,17096,77,405292
33935,0.000109,172.31.40.0-255,66,17162,77,405292
33936,0.000129,172.217.194.0-255,1484,18646,77,405292
33937,0.000131,172.31.40.0-255,66,18712,77,405292
33938,0.000138,172.217.194.0-255,5738,24450,77,405292
33939,0.00014,172.31.40.0-255,66,24516,77,405292
33940,0.000176,172.217.194.0-255,9633,34149,77,405292
33941,0.000179,172.31.40.0-255,66,34215,77,405292
33942,0.000187,172.217.194.0-255,8574,42789,77,405292
33943,0.00019,172.31.40.0-255,66,42855,77,405292
33944,0.000218,172.217.194.0-255,1484,44339,77,405292
33945,0.00022,172.31.40.0-255,66,44405,77,405292
33946,0.000226,172.217.194.0-255,3961,48366,77,405292
33947,0.000228,172.31.40.0-255,66,48432,77,405292
33948,0.000233,172.217.194.0-255,4320,52752,77,405292
33949,0.000235,172.31.40.0-255,66,52818,77,405292
33950,0.000242,172.217.194.0-255,7156,59974,77,405292
33951,0.000245,172.31.40.0-255,66,60040,77,405292
33952,0.000277,172.217.194.0-255,2902,62942,77,405292
33953,0.000279,172.31.40.0-255,66,63008,77,405292
33954,0.000284,172.217.194.0-255,2543,65551,77,405292
33955,0.000286,172.31.40.0-255,66,65617,77,405292
33956,0.000356,172.31.40.0-255,66,65683,77,405292
33957,0.000359,172.217.194.0-255,1484,67167,77,405292
33958,0.000393,172.217.194.0-255,11051,78218,77,405292
33959,0.000396,172.31.40.0-255,66,78284,77,405292
33960,0.000427,172.217.194.0-255,7093,85377,77,405292
33961,0.00043,172.31.40.0-255,66,85443,77,405292
33962,0.001228,172.217.194.0-255,1484,86927,77,405292
33963,0.00124,172.217.194.0-255,2902,89829,77,405292
33964,0.001244,172.31.40.0-255,66,89895,77,405292
33965,0.001252,172.217.194.0-255,5738,95633,77,405292
33966,0.001253,172.31.40.0-255,66,95699,77,405292
33967,0.001262,172.217.194.0-255,1484,97183,77,405292
33968,0.001291,172.217.194.0-255,11410,108593,77,405292
33969,0.001294,172.31.40.0-255,66,108659,77,405292
33970,0.001303,172.217.194.0-255,8574,117233,77,405292
33971,0.001305,172.31.40.0-255,66,117299,77,405292
33972,0.001336,172.217.194.0-255,2184,119483,77,405292
33973,0.001338,172.31.40.0-255,66,119549,77,405292
33974,0.002077,172.217.194.0-255,1484,121033,77,405292
33975,0.002086,172.217.194.0-255,2902,123935,77,405292
33976,0.00209,172.31.40.0-255,66,124001,77,405292
33977,0.002129,172.217.194.0-255,5738,129739,77,405292
33978,0.002132,172.31.40.0-255,66,129805,77,405292
33979,0.002141,172.217.194.0-255,7156,136961,77,405292
33980,0.002143,172.31.40.0-255,66,137027,77,405292
33981,0.002174,172.217.194.0-255,5738,142765,77,405292
33982,0.002176,172.31.40.0-255,66,142831,77,405292
33983,0.002181,172.217.194.0-255,5738,148569,77,405292
33984,0.002183,172.31.40.0-255,66,148635,77,405292
33985,0.002205,172.217.194.0-255,1484,150119,77,405292
33986,0.002219,172.217.194.0-255,3602,153721,77,405292
33987,0.002221,172.31.40.0-255,66,153787,77,405292
33988,0.004496,172.217.194.0-255,5738,159525,77,405292
33989,0.0045,172.31.40.0-255,66,159591,77,405292
33990,0.006803,172.217.194.0-255,5738,165329,77,405292
33991,0.00681,172.31.40.0-255,66,165395,77,405292
33992,0.009078,172.217.194.0-255,5738,171133,77,405292
33993,0.009081,172.31.40.0-255,66,171199,77,405292
33994,0.011384,172.217.194.0-255,5738,176937,77,405292
33995,0.011391,172.31.40.0-255,66,177003,77,405292
33996,0.013687,172.217.194.0-255,5738,182741,77,405292
33997,0.013694,172.31.40.0-255,66,182807,77,405292
33998,0.015978,172.217.194.0-255,5738,188545,77,405292
33999,0.015986,172.31.40.0-255,66,188611,77,405292
34000,0.018297,172.217.194.0-255,5738,194349,77,405292
34001,0.018304,172.31.40.0-255,66,194415,77,405292
34002,0.020591,172.217.194.0-255,5738,200153,77,405292
34003,0.020599,172.31.40.0-255,66,200219,77,405292
34004,0.022893,172.217.194.0-255,5738,205957,77,405292
34005,0.022901,172.31.40.0-255,66,206023,77,405292
34006,0.025208,172.217.194.0-255,5738,211761,77,405292
34007,0.025215,172.31.40.0-255,66,211827,77,405292
34008,0.027496,172.217.194.0-255,5738,217565,77,405292
34009,0.027503,172.31.40.0-255,66,217631,77,405292
34010,0.029837,172.217.194.0-255,5738,223369,77,405292
34011,0.029847,172.31.40.0-255,66,223435,77,405292
34012,0.032183,172.217.194.0-255,5738,229173,77,405292
34013,0.03219,172.31.40.0-255,66,229239,77,405292
34014,0.034513,172.217.194.0-255,5738,234977,77,405292
34015,0.034519,172.31.40.0-255,66,235043,77,405292
34016,0.036791,172.217.194.0-255,5738,240781,77,405292
34017,0.036798,172.31.40.0-255,66,240847,77,405292
34018,0.039102,172.217.194.0-255,5738,246585,77,405292
34019,0.03911,172.31.40.0-255,66,246651,77,405292
34020,0.041421,172.217.194.0-255,5738,252389,77,405292
34021,0.041428,172.31.40.0-255,66,252455,77,405292
34022,0.043745,172.217.194.0-255,5738,258193,77,405292
34023,0.043753,172.31.40.0-255,66,258259,77,405292
34024,0.044999,172.31.40.0-255,172,258431,77,405292
34025,0.045032,172.31.40.0-255,1120,259551,77,405292
34026,0.045095,172.31.40.0-255,1514,261065,77,405292
34027,0.045097,172.31.40.0-255,1514,262579,77,405292
34028,0.045102,172.31.40.0-255,1514,264093,77,405292
34029,0.045103,172.31.40.0-255,1514,265607,77,405292
34030,0.045138,172.31.40.0-255,1477,267084,77,405292
34031,0.046033,172.217.194.0-255,5738,272822,77,405292
34032,0.04604,172.31.40.0-255,66,272888,77,405292
34033,0.046564,104.244.42.0-255,66,272954,77,405292
34034,0.046572,104.244.42.0-255,66,273020,77,405292
34035,0.046655,104.244.42.0-255,66,273086,77,405292
34036,0.046705,104.244.42.0-255,66,273152,77,405292
34037,0.048331,172.217.194.0-255,5738,278890,77,405292
34038,0.048338,172.31.40.0-255,66,278956,77,405292
34039,0.050635,172.217.194.0-255,5738,284694,77,405292
34040,0.050642,172.31.40.0-255,66,284760,77,405292
34041,0.052966,172.217.194.0-255,5738,290498,77,405292
34042,0.052973,172.31.40.0-255,66,290564,77,405292
34043,0.055238,172.217.194.0-255,5738,296302,77,405292
34044,0.055243,172.31.40.0-255,66,296368,77,405292
34045,0.057523,172.217.194.0-255,5738,302106,77,405292
34046,0.057529,172.31.40.0-255,66,302172,77,405292
34047,0.059851,172.217.194.0-255,5738,307910,77,405292
34048,0.059858,172.31.40.0-255,66,307976,77,405292
34049,0.062152,172.217.194.0-255,5738,313714,77,405292
34050,0.062156,172.31.40.0-255,66,313780,77,405292
34051,0.064467,172.217.194.0-255,5738,319518,77,405292
34052,0.064476,172.31.40.0-255,66,319584,77,405292
34053,0.066797,172.217.194.0-255,5738,325322,77,405292
34054,0.066804,172.31.40.0-255,66,325388,77,405292
34055,0.069074,172.217.194.0-255,5738,331126,77,405292
34056,0.069081,172.31.40.0-255,66,331192,77,405292
34057,0.071351,172.217.194.0-255,5738,336930,77,405292
34058,0.071357,172.31.40.0-255,66,336996,77,405292
34059,0.073625,172.217.194.0-255,5738,342734,77,405292
34060,0.073631,172.31.40.0-255,66,342800,77,405292
34061,0.075928,172.217.194.0-255,5738,348538,77,405292
34062,0.075933,172.31.40.0-255,66,348604,77,405292
34063,0.07824,172.217.194.0-255,4320,352924,77,405292
34064,0.078245,172.31.40.0-255,66,352990,77,405292
34065,0.078269,172.217.194.0-255,1484,354474,77,405292
34066,0.08054,172.217.194.0-255,4320,358794,77,405292
34067,0.080548,172.31.40.0-255,66,358860,77,405292
34068,0.082876,172.217.194.0-255,5738,364598,77,405292
34069,0.082882,172.31.40.0-255,66,364664,77,405292
34070,0.085151,172.217.194.0-255,5738,370402,77,405292
34071,0.085157,172.31.40.0-255,66,370468,77,405292
34072,0.087454,172.217.194.0-255,5738,376206,77,405292
34073,0.087461,172.31.40.0-255,66,376272,77,405292
34074,0.08978,172.217.194.0-255,5738,382010,77,405292
34075,0.089787,172.31.40.0-255,66,382076,77,405292
34076,0.092106,172.217.194.0-255,5738,387814,77,405292
34077,0.092112,172.31.40.0-255,66,387880,77,405292
34078,0.094379,172.217.194.0-255,5738,393618,77,405292
34079,0.094386,172.31.40.0-255,66,393684,77,405292
34080,0.096706,172.217.194.0-255,5738,399422,77,405292
34081,0.096714,172.31.40.0-255,66,399488,77,405292
34082,0.099006,172.217.194.0-255,5738,405226,77,405292
34083,0.099012,172.31.40.0-255,66,405292,77,405292
34084,0.0,172.217.194.0-255,146,146,77,380233
34085,3e-05,172.31.40.0-255,66,212,77,380233
34086,3.9e-05,172.217.194.0-255,1484,1696,77,380233
34087,4.4e-05,172.31.40.0-255,66,1762,77,380233
34088,5.1e-05,172.217.194.0-255,2902,4664,77,380233
34089,6.2e-05,172.31.40.0-255,66,4730,77,380233
34090,7.1e-05,172.217.194.0-255,7156,11886,77,380233
34091,7.4e-05,172.31.40.0-255,66,11952,77,380233
34092,7.9e-05,172.217.194.0-255,2030,13982,77,380233
34093,8.2e-05,172.31.40.0-255,66,14048,77,380233
34094,0.000186,172.217.194.0-255,1484,15532,77,380233
34095,0.000189,172.31.40.0-255,66,15598,77,380233
34096,0.000195,172.217.194.0-255,2902,18500,77,380233
34097,0.000197,172.31.40.0-255,66,18566,77,380233
34098,0.000221,172.217.194.0-255,5738,24304,77,380233
34099,0.000224,172.31.40.0-255,66,24370,77,380233
34100,0.000288,172.217.194.0-255,13887,38257,77,380233
34101,0.000291,172.31.40.0-255,66,38323,77,380233
34102,0.000303,172.217.194.0-255,12828,51151,77,380233
34103,0.000306,172.31.40.0-255,66,51217,77,380233
34104,0.000344,172.217.194.0-255,1484,52701,77,380233
34105,0.000347,172.31.40.0-255,66,52767,77,380233
34106,0.000359,172.217.194.0-255,11410,64177,77,380233
34107,0.000361,172.31.40.0-255,66,64243,77,380233
34108,0.000364,172.217.194.0-255,1377,65620,77,380233
34109,0.000366,172.31.40.0-255,66,65686,77,380233
34110,0.00045,172.217.194.0-255,1484,67170,77,380233
34111,0.000453,172.31.40.0-255,66,67236,77,380233
34112,0.000464,172.217.194.0-255,1484,68720,77,380233
34113,0.000466,172.31.40.0-255,66,68786,77,380233
34114,0.000487,172.217.194.0-255,1484,70270,77,380233
34115,0.00049,172.31.40.0-255,66,70336,77,380233
34116,0.000501,172.217.194.0-255,5738,76074,77,380233
34117,0.000506,172.217.194.0-255,1484,77558,77,380233
34118,0.000529,172.217.194.0-255,5379,82937,77,380233
34119,0.000537,172.217.194.0-255,5738,88675,77,380233
34120,0.000547,172.217.194.0-255,1484,90159,77,380233
34121,0.000563,172.217.194.0-255,5738,95897,77,380233
34122,0.000585,172.217.194.0-255,3961,99858,77,380233
34123,0.000689,172.31.40.0-255,66,99924,77,380233
34124,0.001023,172.217.194.0-255,1484,101408,77,380233
34125,0.001041,172.217.194.0-255,2902,104310,77,380233
34126,0.001047,172.217.194.0-255,5738,110048,77,380233
34127,0.001069,172.217.194.0-255,9992,120040,77,380233
34128,0.001083,172.217.194.0-255,2902,122942,77,380233
34129,0.001088,172.217.194.0-255,2902,125844,77,380233
34130,0.001094,172.31.40.0-255,66,125910,77,380233
34131,0.001127,172.217.194.0-255,7156,133066,77,380233
34132,0.00113,172.217.194.0-255,766,133832,77,380233
34133,0.001144,172.31.40.0-255,66,133898,77,380233
34134,0.001397,172.217.194.0-255,1484,135382,77,380233
34135,0.001403,172.217.194.0-255,2902,138284,77,380233
34136,0.001407,172.31.40.0-255,66,138350,77,380233
34137,0.00143,172.217.194.0-255,5738,144088,77,380233
34138,0.001443,172.217.194.0-255,2902,146990,77,380233
34139,0.001447,172.31.40.0-255,66,147056,77,380233
34140,0.001488,172.217.194.0-255,9992,157048,77,380233
34141,0.001494,172.217.194.0-255,4320,161368,77,380233
34142,0.001516,172.217.194.0-255,6438,167806,77,380233
34143,0.001522,172.31.40.0-255,66,167872,77,380233
34144,0.00173,172.217.194.0-255,1484,169356,77,380233
34145,0.001737,172.217.194.0-255,2902,172258,77,380233
34146,0.001739,172.31.40.0-255,66,172324,77,380233
34147,0.001775,172.217.194.0-255,5738,178062,77,380233
34148,0.001813,172.217.194.0-255,2902,180964,77,380233
34149,0.001823,172.31.40.0-255,66,181030,77,380233
34150,0.001838,172.217.194.0-255,9992,191022,77,380233
34151,0.001853,172.217.194.0-255,12110,203132,77,380233
34152,0.001864,172.217.194.0-255,12828,215960,77,380233
34153,0.001873,172.217.194.0-255,9992,225952,77,380233
34154,0.001904,172.217.194.0-255,9274,235226,77,380233
34155,0.001909,172.217.194.0-255,4320,239546,77,380233
34156,0.001911,172.31.40.0-255,66,239612,77,380233
34157,0.00192,172.31.40.0-255,66,239678,77,380233
34158,0.001976,172.217.194.0-255,2902,242580,77,380233
34159,0.00198,172.31.40.0-255,66,242646,77,380233
34160,0.001997,172.217.194.0-255,13528,256174,77,380233
34161,0.002012,172.217.194.0-255,9992,266166,77,380233
34162,0.002017,172.31.40.0-255,66,266232,77,380233
34163,0.002053,172.217.194.0-255,7156,273388,77,380233
34164,0.002065,172.217.194.0-255,13528,286916,77,380233
34165,0.002079,172.31.40.0-255,66,286982,77,380233
34166,0.002095,172.217.194.0-255,11410,298392,77,380233
34167,0.002115,172.217.194.0-255,9992,308384,77,380233
34168,0.002119,172.31.40.0-255,66,308450,77,380233
34169,0.002147,172.217.194.0-255,11410,319860,77,380233
34170,0.002162,172.217.194.0-255,12110,331970,77,380233
34171,0.002187,172.217.194.0-255,5738,337708,77,380233
34172,0.002225,172.31.40.0-255,66,337774,77,380233
34173,0.002242,172.31.40.0-255,66,337840,77,380233
34174,0.004392,172.217.194.0-255,5738,343578,77,380233
34175,0.007165,172.31.40.0-255,66,343644,77,380233
34176,0.009311,172.217.194.0-255,5738,349382,77,380233
34177,0.009322,172.31.40.0-255,66,349448,77,380233
34178,0.011465,172.217.194.0-255,5738,355186,77,380233
34179,0.011633,172.31.40.0-255,66,355252,77,380233
34180,0.013791,172.217.194.0-255,5738,360990,77,380233
34181,0.01381,172.31.40.0-255,66,361056,77,380233
34182,0.015966,172.217.194.0-255,5738,366794,77,380233
34183,0.018626,172.31.40.0-255,66,366860,77,380233
34184,0.020739,172.217.194.0-255,5738,372598,77,380233
34185,0.020757,172.31.40.0-255,66,372664,77,380233
34186,0.02288,172.217.194.0-255,3052,375716,77,380233
34187,0.022895,172.31.40.0-255,66,375782,77,380233
34188,0.024201,172.31.40.0-255,105,375887,77,380233
34189,0.026325,172.217.194.0-255,66,375953,77,380233
34190,0.055064,172.31.40.0-255,172,376125,77,380233
34191,0.055099,172.31.40.0-255,1120,377245,77,380233
34192,0.055169,172.31.40.0-255,1514,378759,77,380233
34193,0.05517,172.31.40.0-255,1276,380035,77,380233
34194,0.056677,104.244.42.0-255,66,380101,77,380233
34195,0.056695,104.244.42.0-255,66,380167,77,380233
34196,0.056722,104.244.42.0-255,66,380233,77,380233
34197,0.0,74.125.24.0-255,297,297,77,344100
34198,2.2e-05,172.31.40.0-255,66,363,77,344100
34199,2.8e-05,74.125.24.0-255,1484,1847,77,344100
34200,3.2e-05,172.31.40.0-255,66,1913,77,344100
34201,4e-05,74.125.24.0-255,4320,6233,77,344100
34202,4.4e-05,172.31.40.0-255,66,6299,77,344100
34203,6.6e-05,74.125.24.0-255,5738,12037,77,344100
34204,6.9e-05,172.31.40.0-255,66,12103,77,344100
34205,8.6e-05,74.125.24.0-255,1920,14023,77,344100
34206,8.8e-05,172.31.40.0-255,66,14089,77,344100
34207,0.000169,74.125.24.0-255,1484,15573,77,344100
34208,0.000172,172.31.40.0-255,66,15639,77,344100
34209,0.000177,74.125.24.0-255,2902,18541,77,344100
34210,0.000179,172.31.40.0-255,66,18607,77,344100
34211,0.000207,74.125.24.0-255,5738,24345,77,344100
34212,0.00021,172.31.40.0-255,66,24411,77,344100
34213,0.000245,74.125.24.0-255,6797,31208,77,344100
34214,0.00025,172.31.40.0-255,66,31274,77,344100
34215,0.000255,74.125.24.0-255,4320,35594,77,344100
34216,0.000258,172.31.40.0-255,66,35660,77,344100
34217,0.000273,74.125.24.0-255,2902,38562,77,344100
34218,0.000276,172.31.40.0-255,66,38628,77,344100
34219,0.00028,74.125.24.0-255,2902,41530,77,344100
34220,0.000283,172.31.40.0-255,66,41596,77,344100
34221,0.000327,74.125.24.0-255,4320,45916,77,344100
34222,0.000329,172.31.40.0-255,66,45982,77,344100
34223,0.000347,74.125.24.0-255,2543,48525,77,344100
34224,0.000349,172.31.40.0-255,66,48591,77,344100
34225,0.000969,74.125.24.0-255,1484,50075,77,344100
34226,0.000975,172.31.40.0-255,66,50141,77,344100
34227,0.000983,74.125.24.0-255,2902,53043,77,344100
34228,0.000986,172.31.40.0-255,66,53109,77,344100
34229,0.000992,74.125.24.0-255,5738,58847,77,344100
34230,0.000994,172.31.40.0-255,66,58913,77,344100
34231,0.001025,74.125.24.0-255,2902,61815,77,344100
34232,0.001028,172.31.40.0-255,66,61881,77,344100
34233,0.001051,74.125.24.0-255,4540,66421,77,344100
34234,0.001053,172.31.40.0-255,66,66487,77,344100
34235,0.00106,74.125.24.0-255,7156,73643,77,344100
34236,0.001062,172.31.40.0-255,66,73709,77,344100
34237,0.001079,74.125.24.0-255,1484,75193,77,344100
34238,0.001083,74.125.24.0-255,1484,76677,77,344100
34239,0.001085,172.31.40.0-255,66,76743,77,344100
34240,0.001107,74.125.24.0-255,6797,83540,77,344100
34241,0.001109,172.31.40.0-255,66,83606,77,344100
34242,0.001118,74.125.24.0-255,8574,92180,77,344100
34243,0.00112,172.31.40.0-255,66,92246,77,344100
34244,0.001126,74.125.24.0-255,5738,97984,77,344100
34245,0.001129,172.31.40.0-255,66,98050,77,344100
34246,0.001152,74.125.24.0-255,2543,100593,77,344100
34247,0.001155,172.31.40.0-255,66,100659,77,344100
34248,0.003399,74.125.24.0-255,2902,103561,77,344100
34249,0.003407,172.31.40.0-255,66,103627,77,344100
34250,0.003432,74.125.24.0-255,2902,106529,77,344100
34251,0.003435,172.31.40.0-255,66,106595,77,344100
34252,0.005666,74.125.24.0-255,2902,109497,77,344100
34253,0.005673,172.31.40.0-255,66,109563,77,344100
34254,0.005706,74.125.24.0-255,1484,111047,77,344100
34255,0.005724,74.125.24.0-255,1484,112531,77,344100
34256,0.005727,172.31.40.0-255,66,112597,77,344100
34257,0.00796,74.125.24.0-255,2902,115499,77,344100
34258,0.007964,172.31.40.0-255,66,115565,77,344100
34259,0.008006,74.125.24.0-255,2902,118467,77,344100
34260,0.008009,172.31.40.0-255,66,118533,77,344100
34261,0.010275,74.125.24.0-255,2902,121435,77,344100
34262,0.010283,172.31.40.0-255,66,121501,77,344100
34263,0.010315,74.125.24.0-255,2902,124403,77,344100
34264,0.010318,172.31.40.0-255,66,124469,77,344100
34265,0.012585,74.125.24.0-255,2902,127371,77,344100
34266,0.012593,172.31.40.0-255,66,127437,77,344100
34267,0.012616,74.125.24.0-255,2902,130339,77,344100
34268,0.012619,172.31.40.0-255,66,130405,77,344100
34269,0.01488,74.125.24.0-255,2902,133307,77,344100
34270,0.014888,172.31.40.0-255,66,133373,77,344100
34271,0.014905,74.125.24.0-255,2902,136275,77,344100
34272,0.014908,172.31.40.0-255,66,136341,77,344100
34273,0.017188,74.125.24.0-255,5738,142079,77,344100
34274,0.017198,172.31.40.0-255,66,142145,77,344100
34275,0.019509,74.125.24.0-255,5738,147883,77,344100
34276,0.019516,172.31.40.0-255,66,147949,77,344100
34277,0.021807,74.125.24.0-255,5738,153687,77,344100
34278,0.021814,172.31.40.0-255,66,153753,77,344100
34279,0.0241,74.125.24.0-255,5738,159491,77,344100
34280,0.024107,172.31.40.0-255,66,159557,77,344100
34281,0.026415,74.125.24.0-255,5738,165295,77,344100
34282,0.026423,172.31.40.0-255,66,165361,77,344100
34283,0.028724,74.125.24.0-255,5738,171099,77,344100
34284,0.028731,172.31.40.0-255,66,171165,77,344100
34285,0.028881,172.31.40.0-255,101,171266,77,344100
34286,0.031008,74.125.24.0-255,5738,177004,77,344100
34287,0.031016,172.31.40.0-255,66,177070,77,344100
34288,0.03113,74.125.24.0-255,66,177136,77,344100
34289,0.033307,74.125.24.0-255,5738,182874,77,344100
34290,0.033315,172.31.40.0-255,66,182940,77,344100
34291,0.035593,74.125.24.0-255,5738,188678,77,344100
34292,0.035599,172.31.40.0-255,66,188744,77,344100
34293,0.037879,74.125.24.0-255,5738,194482,77,344100
34294,0.037885,172.31.40.0-255,66,194548,77,344100
34295,0.040174,74.125.24.0-255,5738,200286,77,344100
34296,0.040181,172.31.40.0-255,66,200352,77,344100
34297,0.042473,74.125.24.0-255,5738,206090,77,344100
34298,0.042481,172.31.40.0-255,66,206156,77,344100
34299,0.044781,74.125.24.0-255,5738,211894,77,344100
34300,0.044793,172.31.40.0-255,66,211960,77,344100
34301,0.04708,74.125.24.0-255,5738,217698,77,344100
34302,0.047089,172.31.40.0-255,66,217764,77,344100
34303,0.049418,74.125.24.0-255,5738,223502,77,344100
34304,0.049426,172.31.40.0-255,66,223568,77,344100
34305,0.051769,74.125.24.0-255,5738,229306,77,344100
34306,0.051777,172.31.40.0-255,66,229372,77,344100
34307,0.054065,74.125.24.0-255,5738,235110,77,344100
34308,0.054073,172.31.40.0-255,66,235176,77,344100
34309,0.056389,74.125.24.0-255,5738,240914,77,344100
34310,0.056396,172.31.40.0-255,66,240980,77,344100
34311,0.058699,74.125.24.0-255,5738,246718,77,344100
34312,0.058706,172.31.40.0-255,66,246784,77,344100
34313,0.061015,74.125.24.0-255,4320,251104,77,344100
34314,0.061022,172.31.40.0-255,66,251170,77,344100
34315,0.061046,74.125.24.0-255,1484,252654,77,344100
34316,0.063342,74.125.24.0-255,4320,256974,77,344100
34317,0.063356,172.31.40.0-255,66,257040,77,344100
34318,0.065656,74.125.24.0-255,5738,262778,77,344100
34319,0.065669,172.31.40.0-255,66,262844,77,344100
34320,0.06798,74.125.24.0-255,5738,268582,77,344100
34321,0.067988,172.31.40.0-255,66,268648,77,344100
34322,0.070312,74.125.24.0-255,5738,274386,77,344100
34323,0.070319,172.31.40.0-255,66,274452,77,344100
34324,0.072673,74.125.24.0-255,5738,280190,77,344100
34325,0.072681,172.31.40.0-255,66,280256,77,344100
34326,0.074951,74.125.24.0-255,5738,285994,77,344100
34327,0.074959,172.31.40.0-255,66,286060,77,344100
34328,0.077259,74.125.24.0-255,5738,291798,77,344100
34329,0.077267,172.31.40.0-255,66,291864,77,344100
34330,0.079564,74.125.24.0-255,5738,297602,77,344100
34331,0.079571,172.31.40.0-255,66,297668,77,344100
34332,0.081837,74.125.24.0-255,5738,303406,77,344100
34333,0.081844,172.31.40.0-255,66,303472,77,344100
34334,0.08414,74.125.24.0-255,5738,309210,77,344100
34335,0.084149,172.31.40.0-255,66,309276,77,344100
34336,0.086437,74.125.24.0-255,5738,315014,77,344100
34337,0.086444,172.31.40.0-255,66,315080,77,344100
34338,0.088747,74.125.24.0-255,5738,320818,77,344100
34339,0.088755,172.31.40.0-255,66,320884,77,344100
34340,0.09108,74.125.24.0-255,5738,326622,77,344100
34341,0.091086,172.31.40.0-255,66,326688,77,344100
34342,0.093382,74.125.24.0-255,5738,332426,77,344100
34343,0.093389,172.31.40.0-255,66,332492,77,344100
34344,0.095687,74.125.24.0-255,5738,338230,77,344100
34345,0.095696,172.31.40.0-255,66,338296,77,344100
34346,0.098008,74.125.24.0-255,5738,344034,77,344100
34347,0.098015,172.31.40.0-255,66,344100,77,344100
34348,0.0,74.125.68.0-255,156,156,77,366575
34349,2.6e-05,172.31.40.0-255,66,222,77,366575
34350,3.3e-05,74.125.68.0-255,1484,1706,77,366575
34351,3.8e-05,172.31.40.0-255,66,1772,77,366575
34352,4.3e-05,74.125.68.0-255,2902,4674,77,366575
34353,5.5e-05,172.31.40.0-255,66,4740,77,366575
34354,6.1e-05,74.125.68.0-255,4320,9060,77,366575
34355,6.3e-05,172.31.40.0-255,66,9126,77,366575
34356,6.7e-05,74.125.68.0-255,1484,10610,77,366575
34357,6.9e-05,172.31.40.0-255,66,10676,77,366575
34358,0.000114,74.125.68.0-255,3517,14193,77,366575
34359,0.000117,172.31.40.0-255,66,14259,77,366575
34360,0.000206,74.125.68.0-255,1484,15743,77,366575
34361,0.000209,172.31.40.0-255,66,15809,77,366575
34362,0.000233,74.125.68.0-255,2902,18711,77,366575
34363,0.000239,172.31.40.0-255,66,18777,77,366575
34364,0.000247,74.125.68.0-255,5738,24515,77,366575
34365,0.000249,172.31.40.0-255,66,24581,77,366575
34366,0.000291,74.125.68.0-255,4320,28901,77,366575
34367,0.000293,172.31.40.0-255,66,28967,77,366575
34368,0.000318,74.125.68.0-255,2543,31510,77,366575
34369,0.00032,172.31.40.0-255,66,31576,77,366575
34370,0.000465,74.125.68.0-255,1484,33060,77,366575
34371,0.00047,172.31.40.0-255,66,33126,77,366575
34372,0.000476,74.125.68.0-255,2902,36028,77,366575
34373,0.000478,172.31.40.0-255,66,36094,77,366575
34374,0.000481,74.125.68.0-255,1484,37578,77,366575
34375,0.000482,172.31.40.0-255,66,37644,77,366575
34376,0.000509,74.125.68.0-255,2902,40546,77,366575
34377,0.000516,172.31.40.0-255,66,40612,77,366575
34378,0.000532,74.125.68.0-255,5738,46350,77,366575
34379,0.000534,172.31.40.0-255,66,46416,77,366575
34380,0.000587,74.125.68.0-255,1484,47900,77,366575
34381,0.000597,74.125.68.0-255,8215,56115,77,366575
34382,0.0006,74.125.68.0-255,1484,57599,77,366575
34383,0.000605,74.125.68.0-255,2902,60501,77,366575
34384,0.00064,74.125.68.0-255,2902,63403,77,366575
34385,0.000665,74.125.68.0-255,2543,65946,77,366575
34386,0.000667,74.125.68.0-255,411,66357,77,366575
34387,0.000691,172.31.40.0-255,66,66423,77,366575
34388,0.000719,74.125.68.0-255,332,66755,77,366575
34389,0.000968,74.125.68.0-255,1484,68239,77,366575
34390,0.000973,74.125.68.0-255,1484,69723,77,366575
34391,0.000983,172.31.40.0-255,66,69789,77,366575
34392,0.000995,74.125.68.0-255,1484,71273,77,366575
34393,0.001005,74.125.68.0-255,2902,74175,77,366575
34394,0.00101,74.125.68.0-255,4320,78495,77,366575
34395,0.001013,74.125.68.0-255,1484,79979,77,366575
34396,0.001041,74.125.68.0-255,7156,87135,77,366575
34397,0.001045,74.125.68.0-255,4320,91455,77,366575
34398,0.001049,172.31.40.0-255,66,91521,77,366575
34399,0.001059,74.125.68.0-255,2902,94423,77,366575
34400,0.001064,172.31.40.0-255,66,94489,77,366575
34401,0.001085,74.125.68.0-255,2902,97391,77,366575
34402,0.001087,74.125.68.0-255,1484,98875,77,366575
34403,0.001109,74.125.68.0-255,2184,101059,77,366575
34404,0.001123,172.31.40.0-255,66,101125,77,366575
34405,0.001781,74.125.68.0-255,1484,102609,77,366575
34406,0.001828,74.125.68.0-255,1484,104093,77,366575
34407,0.001833,172.31.40.0-255,66,104159,77,366575
34408,0.001864,74.125.68.0-255,2902,107061,77,366575
34409,0.001871,74.125.68.0-255,4320,111381,77,366575
34410,0.001899,74.125.68.0-255,8574,119955,77,366575
34411,0.001903,74.125.68.0-255,1484,121439,77,366575
34412,0.001917,74.125.68.0-255,4320,125759,77,366575
34413,0.001923,74.125.68.0-255,4320,130079,77,366575
34414,0.001939,74.125.68.0-255,2902,132981,77,366575
34415,0.001956,74.125.68.0-255,2184,135165,77,366575
34416,0.002389,74.125.68.0-255,1484,136649,77,366575
34417,0.002422,74.125.68.0-255,2902,139551,77,366575
34418,0.002444,74.125.68.0-255,4320,143871,77,366575
34419,0.002496,74.125.68.0-255,8574,152445,77,366575
34420,0.002501,74.125.68.0-255,4320,156765,77,366575
34421,0.002508,74.125.68.0-255,5738,162503,77,366575
34422,0.007661,172.31.40.0-255,66,162569,77,366575
34423,0.010172,74.125.68.0-255,5738,168307,77,366575
34424,0.010185,172.31.40.0-255,66,168373,77,366575
34425,0.012687,74.125.68.0-255,5738,174111,77,366575
34426,0.012702,172.31.40.0-255,66,174177,77,366575
34427,0.015197,74.125.68.0-255,5738,179915,77,366575
34428,0.015216,172.31.40.0-255,66,179981,77,366575
34429,0.017725,74.125.68.0-255,5738,185719,77,366575
34430,0.017743,172.31.40.0-255,66,185785,77,366575
34431,0.020227,74.125.68.0-255,5738,191523,77,366575
34432,0.020243,172.31.40.0-255,66,191589,77,366575
34433,0.022733,74.125.68.0-255,5738,197327,77,366575
34434,0.022747,172.31.40.0-255,66,197393,77,366575
34435,0.025251,74.125.68.0-255,5738,203131,77,366575
34436,0.025263,172.31.40.0-255,66,203197,77,366575
34437,0.027754,74.125.68.0-255,5738,208935,77,366575
34438,0.027766,172.31.40.0-255,66,209001,77,366575
34439,0.030264,74.125.68.0-255,5738,214739,77,366575
34440,0.030276,172.31.40.0-255,66,214805,77,366575
34441,0.032769,74.125.68.0-255,5738,220543,77,366575
34442,0.032785,172.31.40.0-255,66,220609,77,366575
34443,0.035273,74.125.68.0-255,5738,226347,77,366575
34444,0.035292,172.31.40.0-255,66,226413,77,366575
34445,0.037782,74.125.68.0-255,5738,232151,77,366575
34446,0.037799,172.31.40.0-255,66,232217,77,366575
34447,0.040287,74.125.68.0-255,5738,237955,77,366575
34448,0.040297,172.31.40.0-255,66,238021,77,366575
34449,0.040745,172.31.40.0-255,172,238193,77,366575
34450,0.040778,172.31.40.0-255,562,238755,77,366575
34451,0.042291,104.244.42.0-255,66,238821,77,366575
34452,0.042334,104.244.42.0-255,66,238887,77,366575
34453,0.04278,74.125.68.0-255,5738,244625,77,366575
34454,0.042787,172.31.40.0-255,66,244691,77,366575
34455,0.045273,74.125.68.0-255,5738,250429,77,366575
34456,0.045282,172.31.40.0-255,66,250495,77,366575
34457,0.047774,74.125.68.0-255,5738,256233,77,366575
34458,0.04779,172.31.40.0-255,66,256299,77,366575
34459,0.050303,74.125.68.0-255,5738,262037,77,366575
34460,0.052227,172.31.40.0-255,66,262103,77,366575
34461,0.054747,74.125.68.0-255,5738,267841,77,366575
34462,0.054767,172.31.40.0-255,66,267907,77,366575
34463,0.057259,74.125.68.0-255,5738,273645,77,366575
34464,0.057279,172.31.40.0-255,66,273711,77,366575
34465,0.059782,74.125.68.0-255,5738,279449,77,366575
34466,0.059796,172.31.40.0-255,66,279515,77,366575
34467,0.06228,74.125.68.0-255,5738,285253,77,366575
34468,0.062292,172.31.40.0-255,66,285319,77,366575
34469,0.06479,74.125.68.0-255,5738,291057,77,366575
34470,0.064811,172.31.40.0-255,66,291123,77,366575
34471,0.067307,74.125.68.0-255,5738,296861,77,366575
34472,0.067325,172.31.40.0-255,66,296927,77,366575
34473,0.069824,74.125.68.0-255,5738,302665,77,366575
34474,0.069843,172.31.40.0-255,66,302731,77,366575
34475,0.072344,74.125.68.0-255,5738,308469,77,366575
34476,0.072361,172.31.40.0-255,66,308535,77,366575
34477,0.074871,74.125.68.0-255,5738,314273,77,366575
34478,0.074893,172.31.40.0-255,66,314339,77,366575
34479,0.077406,74.125.68.0-255,5738,320077,77,366575
34480,0.077427,172.31.40.0-255,66,320143,77,366575
34481,0.079913,74.125.68.0-255,5738,325881,77,366575
34482,0.079926,172.31.40.0-255,66,325947,77,366575
34483,0.082464,74.125.68.0-255,5738,331685,77,366575
34484,0.082475,172.31.40.0-255,66,331751,77,366575
34485,0.084979,74.125.68.0-255,5738,337489,77,366575
34486,0.084998,172.31.40.0-255,66,337555,77,366575
34487,0.087505,74.125.68.0-255,5738,343293,77,366575
34488,0.087524,172.31.40.0-255,66,343359,77,366575
34489,0.090034,74.125.68.0-255,5738,349097,77,366575
34490,0.090065,172.31.40.0-255,66,349163,77,366575
34491,0.092565,74.125.68.0-255,5738,354901,77,366575
34492,0.092584,172.31.40.0-255,66,354967,77,366575
34493,0.095095,74.125.68.0-255,5738,360705,77,366575
34494,0.095115,172.31.40.0-255,66,360771,77,366575
34495,0.09761,74.125.68.0-255,5738,366509,77,366575
34496,0.097628,172.31.40.0-255,66,366575,77,366575
34497,0.0,172.217.194.0-255,153,153,77,381769
34498,2.3e-05,172.31.40.0-255,66,219,77,381769
34499,3e-05,172.217.194.0-255,1484,1703,77,381769
34500,3.5e-05,172.31.40.0-255,66,1769,77,381769
34501,4.1e-05,172.217.194.0-255,2902,4671,77,381769
34502,4.5e-05,172.31.40.0-255,66,4737,77,381769
34503,5.2e-05,172.217.194.0-255,7156,11893,77,381769
34504,5.5e-05,172.31.40.0-255,66,11959,77,381769
34505,5.9e-05,172.217.194.0-255,2000,13959,77,381769
34506,6.2e-05,172.31.40.0-255,66,14025,77,381769
34507,0.000423,172.217.194.0-255,1484,15509,77,381769
34508,0.000428,172.217.194.0-255,2902,18411,77,381769
34509,0.000434,172.217.194.0-255,5738,24149,77,381769
34510,0.000439,172.31.40.0-255,66,24215,77,381769
34511,0.00045,172.31.40.0-255,66,24281,77,381769
34512,0.000453,172.31.40.0-255,66,24347,77,381769
34513,0.000458,172.217.194.0-255,4320,28667,77,381769
34514,0.00046,172.31.40.0-255,66,28733,77,381769
34515,0.000479,172.217.194.0-255,2543,31276,77,381769
34516,0.000481,172.31.40.0-255,66,31342,77,381769
34517,0.000611,172.217.194.0-255,1484,32826,77,381769
34518,0.000615,172.31.40.0-255,66,32892,77,381769
34519,0.00062,172.217.194.0-255,2902,35794,77,381769
34520,0.000623,172.31.40.0-255,66,35860,77,381769
34521,0.000653,172.217.194.0-255,5738,41598,77,381769
34522,0.000657,172.31.40.0-255,66,41664,77,381769
34523,0.000663,172.217.194.0-255,4320,45984,77,381769
34524,0.000665,172.31.40.0-255,66,46050,77,381769
34525,0.000687,172.217.194.0-255,5379,51429,77,381769
34526,0.000689,172.31.40.0-255,66,51495,77,381769
34527,0.000699,172.217.194.0-255,9992,61487,77,381769
34528,0.000701,172.31.40.0-255,66,61553,77,381769
34529,0.000729,172.217.194.0-255,3961,65514,77,381769
34530,0.000733,172.31.40.0-255,66,65580,77,381769
34531,0.000852,172.217.194.0-255,646,66226,77,381769
34532,0.000966,172.217.194.0-255,1484,67710,77,381769
34533,0.00097,172.31.40.0-255,66,67776,77,381769
34534,0.000976,172.217.194.0-255,2902,70678,77,381769
34535,0.000978,172.31.40.0-255,66,70744,77,381769
34536,0.000998,172.217.194.0-255,5738,76482,77,381769
34537,0.001001,172.31.40.0-255,66,76548,77,381769
34538,0.001007,172.217.194.0-255,4320,80868,77,381769
34539,0.001009,172.31.40.0-255,66,80934,77,381769
34540,0.001035,172.217.194.0-255,8574,89508,77,381769
34541,0.001038,172.31.40.0-255,66,89574,77,381769
34542,0.001047,172.217.194.0-255,9992,99566,77,381769
34543,0.00105,172.31.40.0-255,66,99632,77,381769
34544,0.001071,172.217.194.0-255,766,100398,77,381769
34545,0.001417,172.31.40.0-255,66,100464,77,381769
34546,0.001712,172.217.194.0-255,1484,101948,77,381769
34547,0.001723,172.217.194.0-255,2902,104850,77,381769
34548,0.001727,172.31.40.0-255,66,104916,77,381769
34549,0.001734,172.217.194.0-255,5738,110654,77,381769
34550,0.001736,172.31.40.0-255,66,110720,77,381769
34551,0.001742,172.217.194.0-255,4320,115040,77,381769
34552,0.001744,172.31.40.0-255,66,115106,77,381769
34553,0.001763,172.217.194.0-255,1484,116590,77,381769
34554,0.001774,172.217.194.0-255,12828,129418,77,381769
34555,0.001777,172.31.40.0-255,66,129484,77,381769
34556,0.001803,172.217.194.0-255,1484,130968,77,381769
34557,0.001819,172.217.194.0-255,3602,134570,77,381769
34558,0.001821,172.31.40.0-255,66,134636,77,381769
34559,0.004145,172.217.194.0-255,2902,137538,77,381769
34560,0.004151,172.31.40.0-255,66,137604,77,381769
34561,0.004171,172.217.194.0-255,2902,140506,77,381769
34562,0.004173,172.31.40.0-255,66,140572,77,381769
34563,0.006512,172.217.194.0-255,5738,146310,77,381769
34564,0.006518,172.31.40.0-255,66,146376,77,381769
34565,0.008857,172.217.194.0-255,5738,152114,77,381769
34566,0.008865,172.31.40.0-255,66,152180,77,381769
34567,0.011248,172.217.194.0-255,5738,157918,77,381769
34568,0.011256,172.31.40.0-255,66,157984,77,381769
34569,0.013628,172.217.194.0-255,5738,163722,77,381769
34570,0.013636,172.31.40.0-255,66,163788,77,381769
34571,0.015966,172.217.194.0-255,5738,169526,77,381769
34572,0.015973,172.31.40.0-255,66,169592,77,381769
34573,0.018299,172.217.194.0-255,5738,175330,77,381769
34574,0.018307,172.31.40.0-255,66,175396,77,381769
34575,0.020669,172.217.194.0-255,5738,181134,77,381769
34576,0.020677,172.31.40.0-255,66,181200,77,381769
34577,0.023018,172.217.194.0-255,5738,186938,77,381769
34578,0.023025,172.31.40.0-255,66,187004,77,381769
34579,0.025422,172.217.194.0-255,5738,192742,77,381769
34580,0.025433,172.31.40.0-255,66,192808,77,381769
34581,0.027768,172.217.194.0-255,5738,198546,77,381769
34582,0.027776,172.31.40.0-255,66,198612,77,381769
34583,0.030102,172.217.194.0-255,5738,204350,77,381769
34584,0.030109,172.31.40.0-255,66,204416,77,381769
34585,0.03244,172.217.194.0-255,5738,210154,77,381769
34586,0.032446,172.31.40.0-255,66,210220,77,381769
34587,0.034786,172.217.194.0-255,5738,215958,77,381769
34588,0.034793,172.31.40.0-255,66,216024,77,381769
34589,0.037169,172.217.194.0-255,5738,221762,77,381769
34590,0.037176,172.31.40.0-255,66,221828,77,381769
34591,0.037182,172.31.40.0-255,172,222000,77,381769
34592,0.037214,172.31.40.0-255,1119,223119,77,381769
34593,0.037286,172.31.40.0-255,1514,224633,77,381769
34594,0.037288,172.31.40.0-255,1514,226147,77,381769
34595,0.037289,172.31.40.0-255,1514,227661,77,381769
34596,0.037291,172.31.40.0-255,1514,229175,77,381769
34597,0.03732,172.31.40.0-255,1492,230667,77,381769
34598,0.038746,104.244.42.0-255,66,230733,77,381769
34599,0.038754,104.244.42.0-255,66,230799,77,381769
34600,0.038842,104.244.42.0-255,66,230865,77,381769
34601,0.039549,172.217.194.0-255,5738,236603,77,381769
34602,0.039555,172.31.40.0-255,66,236669,77,381769
34603,0.041897,172.217.194.0-255,5738,242407,77,381769
34604,0.041904,172.31.40.0-255,66,242473,77,381769
34605,0.044274,172.217.194.0-255,5738,248211,77,381769
34606,0.04428,172.31.40.0-255,66,248277,77,381769
34607,0.04667,172.217.194.0-255,5738,254015,77,381769
34608,0.046677,172.31.40.0-255,66,254081,77,381769
34609,0.049049,172.217.194.0-255,5738,259819,77,381769
34610,0.049059,172.31.40.0-255,66,259885,77,381769
34611,0.051415,172.217.194.0-255,5738,265623,77,381769
34612,0.051422,172.31.40.0-255,66,265689,77,381769
34613,0.053779,172.217.194.0-255,5738,271427,77,381769
34614,0.053785,172.31.40.0-255,66,271493,77,381769
34615,0.056137,172.217.194.0-255,5738,277231,77,381769
34616,0.056142,172.31.40.0-255,66,277297,77,381769
34617,0.058521,172.217.194.0-255,5738,283035,77,381769
34618,0.058527,172.31.40.0-255,66,283101,77,381769
34619,0.060921,172.217.194.0-255,5738,288839,77,381769
34620,0.060927,172.31.40.0-255,66,288905,77,381769
34621,0.063294,172.217.194.0-255,5738,294643,77,381769
34622,0.063299,172.31.40.0-255,66,294709,77,381769
34623,0.065648,172.217.194.0-255,5738,300447,77,381769
34624,0.065654,172.31.40.0-255,66,300513,77,381769
34625,0.068038,172.217.194.0-255,5738,306251,77,381769
34626,0.068044,172.31.40.0-255,66,306317,77,381769
34627,0.070445,172.217.194.0-255,5738,312055,77,381769
34628,0.070451,172.31.40.0-255,66,312121,77,381769
34629,0.072797,172.217.194.0-255,5738,317859,77,381769
34630,0.072804,172.31.40.0-255,66,317925,77,381769
34631,0.075238,172.217.194.0-255,5738,323663,77,381769
34632,0.075245,172.31.40.0-255,66,323729,77,381769
34633,0.077611,172.217.194.0-255,5738,329467,77,381769
34634,0.077616,172.31.40.0-255,66,329533,77,381769
34635,0.079952,172.217.194.0-255,5738,335271,77,381769
34636,0.079958,172.31.40.0-255,66,335337,77,381769
34637,0.082351,172.217.194.0-255,5738,341075,77,381769
34638,0.082357,172.31.40.0-255,66,341141,77,381769
34639,0.084699,172.217.194.0-255,5738,346879,77,381769
34640,0.084705,172.31.40.0-255,66,346945,77,381769
34641,0.087106,172.217.194.0-255,5738,352683,77,381769
34642,0.087113,172.31.40.0-255,66,352749,77,381769
34643,0.089481,172.217.194.0-255,5738,358487,77,381769
34644,0.089487,172.31.40.0-255,66,358553,77,381769
34645,0.091845,172.217.194.0-255,5738,364291,77,381769
34646,0.09185,172.31.40.0-255,66,364357,77,381769
34647,0.094205,172.217.194.0-255,5738,370095,77,381769
34648,0.094212,172.31.40.0-255,66,370161,77,381769
34649,0.096571,172.217.194.0-255,5738,375899,77,381769
34650,0.096578,172.31.40.0-255,66,375965,77,381769
34651,0.098971,172.217.194.0-255,5738,381703,77,381769
34652,0.098977,172.31.40.0-255,66,381769,77,381769
34653,0.0,172.217.194.0-255,153,153,77,194025
34654,2.3e-05,172.31.40.0-255,66,219,77,194025
34655,3e-05,172.217.194.0-255,1484,1703,77,194025
34656,3.4e-05,172.31.40.0-255,66,1769,77,194025
34657,4e-05,172.217.194.0-255,2902,4671,77,194025
34658,4.4e-05,172.31.40.0-255,66,4737,77,194025
34659,5.3e-05,172.217.194.0-255,7156,11893,77,194025
34660,5.6e-05,172.31.40.0-255,66,11959,77,194025
34661,0.000106,172.217.194.0-255,4766,16725,77,194025
34662,0.00011,172.31.40.0-255,66,16791,77,194025
34663,0.000163,172.217.194.0-255,8574,25365,77,194025
34664,0.000166,172.31.40.0-255,66,25431,77,194025
34665,0.000183,172.217.194.0-255,5379,30810,77,194025
34666,0.000186,172.31.40.0-255,66,30876,77,194025
34667,0.000287,172.217.194.0-255,5738,36614,77,194025
34668,0.000292,172.31.40.0-255,66,36680,77,194025
34669,0.000352,172.217.194.0-255,9992,46672,77,194025
34670,0.000356,172.31.40.0-255,66,46738,77,194025
34671,0.000382,172.217.194.0-255,11410,58148,77,194025
34672,0.000386,172.31.40.0-255,66,58214,77,194025
34673,0.000546,172.217.194.0-255,6438,64652,77,194025
34674,0.000552,172.31.40.0-255,66,64718,77,194025
34675,0.000589,172.217.194.0-255,680,65398,77,194025
34676,0.000594,172.31.40.0-255,66,65464,77,194025
34677,0.000615,172.217.194.0-255,9992,75456,77,194025
34678,0.000619,172.31.40.0-255,66,75522,77,194025
34679,0.000663,172.31.40.0-255,66,75588,77,194025
34680,0.0009,172.217.194.0-255,2184,77772,77,194025
34681,0.000905,172.31.40.0-255,66,77838,77,194025
34682,0.000929,172.217.194.0-255,2902,80740,77,194025
34683,0.000933,172.31.40.0-255,66,80806,77,194025
34684,0.000966,172.217.194.0-255,7156,87962,77,194025
34685,0.000968,172.31.40.0-255,66,88028,77,194025
34686,0.001021,172.217.194.0-255,2902,90930,77,194025
34687,0.001025,172.31.40.0-255,66,90996,77,194025
34688,0.001058,172.217.194.0-255,12828,103824,77,194025
34689,0.001062,172.31.40.0-255,66,103890,77,194025
34690,0.001164,172.217.194.0-255,2902,106792,77,194025
34691,0.001168,172.31.40.0-255,66,106858,77,194025
34692,0.001197,172.217.194.0-255,5020,111878,77,194025
34693,0.0012,172.31.40.0-255,66,111944,77,194025
34694,0.00124,172.217.194.0-255,4320,116264,77,194025
34695,0.001243,172.31.40.0-255,66,116330,77,194025
34696,0.001327,172.31.40.0-255,66,116396,77,194025
34697,0.001492,172.217.194.0-255,8574,124970,77,194025
34698,0.001512,172.31.40.0-255,66,125036,77,194025
34699,0.001832,172.217.194.0-255,5020,130056,77,194025
34700,0.001888,172.217.194.0-255,5738,135794,77,194025
34701,0.002218,172.217.194.0-255,2902,138696,77,194025
34702,0.00229,172.217.194.0-255,3602,142298,77,194025
34703,0.002629,172.217.194.0-255,8574,150872,77,194025
34704,0.002661,172.217.194.0-255,12110,162982,77,194025
34705,0.002819,172.217.194.0-255,4320,167302,77,194025
34706,0.003445,172.217.194.0-255,9992,177294,77,194025
34707,0.010464,172.31.40.0-255,66,177360,77,194025
34708,0.010912,172.217.194.0-255,1484,178844,77,194025
34709,0.012746,172.217.194.0-255,4320,183164,77,194025
34710,0.012752,172.31.40.0-255,66,183230,77,194025
34711,0.015037,172.217.194.0-255,5738,188968,77,194025
34712,0.015052,172.31.40.0-255,66,189034,77,194025
34713,0.017326,172.217.194.0-255,475,189509,77,194025
34714,0.020011,172.31.40.0-255,66,189575,77,194025
34715,0.020058,172.31.40.0-255,105,189680,77,194025
34716,0.022314,172.217.194.0-255,66,189746,77,194025
34717,0.055831,172.31.40.0-255,172,189918,77,194025
34718,0.055867,172.31.40.0-255,1119,191037,77,194025
34719,0.055925,172.31.40.0-255,1514,192551,77,194025
34720,0.055926,172.31.40.0-255,1276,193827,77,194025
34721,0.057377,104.244.42.0-255,66,193893,77,194025
34722,0.057389,104.244.42.0-255,66,193959,77,194025
34723,0.05747,104.244.42.0-255,66,194025,77,194025
34724,0.0,74.125.24.0-255,153,153,77,422615
34725,1.7e-05,172.31.40.0-255,66,219,77,422615
34726,4.5e-05,74.125.24.0-255,1484,1703,77,422615
34727,5e-05,172.31.40.0-255,66,1769,77,422615
34728,5.5e-05,74.125.24.0-255,2902,4671,77,422615
34729,5.8e-05,172.31.40.0-255,66,4737,77,422615
34730,6.1e-05,74.125.24.0-255,1484,6221,77,422615
34731,6.8e-05,172.31.40.0-255,66,6287,77,422615
34732,8.3e-05,74.125.24.0-255,4320,10607,77,422615
34733,8.6e-05,172.31.40.0-255,66,10673,77,422615
34734,8.9e-05,74.125.24.0-255,1484,12157,77,422615
34735,9.2e-05,172.31.40.0-255,66,12223,77,422615
34736,0.000122,74.125.24.0-255,2037,14260,77,422615
34737,0.000126,172.31.40.0-255,66,14326,77,422615
34738,0.000159,74.125.24.0-255,1484,15810,77,422615
34739,0.000161,172.31.40.0-255,66,15876,77,422615
34740,0.000191,74.125.24.0-255,2902,18778,77,422615
34741,0.000193,172.31.40.0-255,66,18844,77,422615
34742,0.0002,74.125.24.0-255,5738,24582,77,422615
34743,0.000203,172.31.40.0-255,66,24648,77,422615
34744,0.000205,74.125.24.0-255,1484,26132,77,422615
34745,0.000207,172.31.40.0-255,66,26198,77,422615
34746,0.000237,74.125.24.0-255,5379,31577,77,422615
34747,0.000239,172.31.40.0-255,66,31643,77,422615
34748,0.00025,74.125.24.0-255,5738,37381,77,422615
34749,0.000252,172.31.40.0-255,66,37447,77,422615
34750,0.000285,74.125.24.0-255,8574,46021,77,422615
34751,0.000288,172.31.40.0-255,66,46087,77,422615
34752,0.000292,74.125.24.0-255,2543,48630,77,422615
34753,0.000294,172.31.40.0-255,66,48696,77,422615
34754,0.000298,74.125.24.0-255,2902,51598,77,422615
34755,0.000305,172.31.40.0-255,66,51664,77,422615
34756,0.000311,74.125.24.0-255,4320,55984,77,422615
34757,0.000314,172.31.40.0-255,66,56050,77,422615
34758,0.000343,74.125.24.0-255,2902,58952,77,422615
34759,0.000345,172.31.40.0-255,66,59018,77,422615
34760,0.000353,74.125.24.0-255,7075,66093,77,422615
34761,0.000356,172.31.40.0-255,66,66159,77,422615
34762,0.000389,74.125.24.0-255,132,66291,77,422615
34763,0.000394,74.125.24.0-255,342,66633,77,422615
34764,0.000604,74.125.24.0-255,1484,68117,77,422615
34765,0.00061,74.125.24.0-255,2902,71019,77,422615
34766,0.000615,172.31.40.0-255,66,71085,77,422615
34767,0.00062,172.31.40.0-255,66,71151,77,422615
34768,0.000645,74.125.24.0-255,5738,76889,77,422615
34769,0.000648,172.31.40.0-255,66,76955,77,422615
34770,0.000666,74.125.24.0-255,12828,89783,77,422615
34771,0.000669,172.31.40.0-255,66,89849,77,422615
34772,0.000676,74.125.24.0-255,5738,95587,77,422615
34773,0.000678,172.31.40.0-255,66,95653,77,422615
34774,0.000709,74.125.24.0-255,5020,100673,77,422615
34775,0.000717,172.31.40.0-255,66,100739,77,422615
34776,0.001103,74.125.24.0-255,1484,102223,77,422615
34777,0.001109,74.125.24.0-255,2902,105125,77,422615
34778,0.001112,172.31.40.0-255,66,105191,77,422615
34779,0.001117,74.125.24.0-255,2902,108093,77,422615
34780,0.001119,172.31.40.0-255,66,108159,77,422615
34781,0.001152,74.125.24.0-255,2902,111061,77,422615
34782,0.001159,172.31.40.0-255,66,111127,77,422615
34783,0.00117,74.125.24.0-255,12828,123955,77,422615
34784,0.001172,172.31.40.0-255,66,124021,77,422615
34785,0.001179,74.125.24.0-255,7156,131177,77,422615
34786,0.001181,172.31.40.0-255,66,131243,77,422615
34787,0.00124,74.125.24.0-255,3602,134845,77,422615
34788,0.001243,172.31.40.0-255,66,134911,77,422615
34789,0.001382,74.125.24.0-255,1484,136395,77,422615
34790,0.001388,74.125.24.0-255,2902,139297,77,422615
34791,0.001391,172.31.40.0-255,66,139363,77,422615
34792,0.001397,74.125.24.0-255,5738,145101,77,422615
34793,0.0014,172.31.40.0-255,66,145167,77,422615
34794,0.001411,74.125.24.0-255,5738,150905,77,422615
34795,0.001414,172.31.40.0-255,66,150971,77,422615
34796,0.00144,74.125.24.0-255,5738,156709,77,422615
34797,0.001447,172.31.40.0-255,66,156775,77,422615
34798,0.001459,74.125.24.0-255,12110,168885,77,422615
34799,0.001461,172.31.40.0-255,66,168951,77,422615
34800,0.003539,74.125.24.0-255,5738,174689,77,422615
34801,0.003546,172.31.40.0-255,66,174755,77,422615
34802,0.005667,74.125.24.0-255,5738,180493,77,422615
34803,0.005674,172.31.40.0-255,66,180559,77,422615
34804,0.0078,74.125.24.0-255,5738,186297,77,422615
34805,0.007806,172.31.40.0-255,66,186363,77,422615
34806,0.009925,74.125.24.0-255,5738,192101,77,422615
34807,0.009931,172.31.40.0-255,66,192167,77,422615
34808,0.012019,74.125.24.0-255,5738,197905,77,422615
34809,0.012026,172.31.40.0-255,66,197971,77,422615
34810,0.01414,74.125.24.0-255,5738,203709,77,422615
34811,0.014148,172.31.40.0-255,66,203775,77,422615
34812,0.016209,74.125.24.0-255,5738,209513,77,422615
34813,0.016216,172.31.40.0-255,66,209579,77,422615
34814,0.018267,74.125.24.0-255,5738,215317,77,422615
34815,0.018277,172.31.40.0-255,66,215383,77,422615
34816,0.02035,74.125.24.0-255,5738,221121,77,422615
34817,0.020357,172.31.40.0-255,66,221187,77,422615
34818,0.022439,74.125.24.0-255,5738,226925,77,422615
34819,0.022447,172.31.40.0-255,66,226991,77,422615
34820,0.024518,74.125.24.0-255,5738,232729,77,422615
34821,0.024525,172.31.40.0-255,66,232795,77,422615
34822,0.026592,74.125.24.0-255,5738,238533,77,422615
34823,0.0266,172.31.40.0-255,66,238599,77,422615
34824,0.028695,74.125.24.0-255,5738,244337,77,422615
34825,0.028703,172.31.40.0-255,66,244403,77,422615
34826,0.029771,172.31.40.0-255,176,244579,77,422615
34827,0.029799,172.31.40.0-255,1120,245699,77,422615
34828,0.02985,172.31.40.0-255,1514,247213,77,422615
34829,0.029852,172.31.40.0-255,1275,248488,77,422615
34830,0.030839,74.125.24.0-255,5738,254226,77,422615
34831,0.030846,172.31.40.0-255,66,254292,77,422615
34832,0.03129,104.244.42.0-255,66,254358,77,422615
34833,0.031347,104.244.42.0-255,66,254424,77,422615
34834,0.0314,104.244.42.0-255,66,254490,77,422615
34835,0.032925,74.125.24.0-255,5738,260228,77,422615
34836,0.032939,172.31.40.0-255,66,260294,77,422615
34837,0.035016,74.125.24.0-255,5738,266032,77,422615
34838,0.03503,172.31.40.0-255,66,266098,77,422615
34839,0.037145,74.125.24.0-255,5738,271836,77,422615
34840,0.03716,172.31.40.0-255,66,271902,77,422615
34841,0.039273,74.125.24.0-255,5738,277640,77,422615
34842,0.039285,172.31.40.0-255,66,277706,77,422615
34843,0.041405,74.125.24.0-255,5738,283444,77,422615
34844,0.041419,172.31.40.0-255,66,283510,77,422615
34845,0.043515,74.125.24.0-255,5738,289248,77,422615
34846,0.043528,172.31.40.0-255,66,289314,77,422615
34847,0.045653,74.125.24.0-255,5738,295052,77,422615
34848,0.045668,172.31.40.0-255,66,295118,77,422615
34849,0.047757,74.125.24.0-255,5738,300856,77,422615
34850,0.047768,172.31.40.0-255,66,300922,77,422615
34851,0.049903,74.125.24.0-255,5738,306660,77,422615
34852,0.04992,172.31.40.0-255,66,306726,77,422615
34853,0.05202,74.125.24.0-255,5738,312464,77,422615
34854,0.052033,172.31.40.0-255,66,312530,77,422615
34855,0.054196,74.125.24.0-255,5738,318268,77,422615
34856,0.054209,172.31.40.0-255,66,318334,77,422615
34857,0.056284,74.125.24.0-255,5738,324072,77,422615
34858,0.056296,172.31.40.0-255,66,324138,77,422615
34859,0.058406,74.125.24.0-255,5738,329876,77,422615
34860,0.058421,172.31.40.0-255,66,329942,77,422615
34861,0.060474,74.125.24.0-255,2902,332844,77,422615
34862,0.06048,172.31.40.0-255,66,332910,77,422615
34863,0.060505,74.125.24.0-255,2902,335812,77,422615
34864,0.060508,172.31.40.0-255,66,335878,77,422615
34865,0.062572,74.125.24.0-255,2902,338780,77,422615
34866,0.062584,172.31.40.0-255,66,338846,77,422615
34867,0.062624,74.125.24.0-255,2902,341748,77,422615
34868,0.062626,172.31.40.0-255,66,341814,77,422615
34869,0.064675,74.125.24.0-255,2902,344716,77,422615
34870,0.06469,172.31.40.0-255,66,344782,77,422615
34871,0.064728,74.125.24.0-255,2902,347684,77,422615
34872,0.064731,172.31.40.0-255,66,347750,77,422615
34873,0.066805,74.125.24.0-255,5738,353488,77,422615
34874,0.066819,172.31.40.0-255,66,353554,77,422615
34875,0.068896,74.125.24.0-255,5738,359292,77,422615
34876,0.068909,172.31.40.0-255,66,359358,77,422615
34877,0.071053,74.125.24.0-255,5738,365096,77,422615
34878,0.071094,172.31.40.0-255,66,365162,77,422615
34879,0.073189,74.125.24.0-255,5738,370900,77,422615
34880,0.0732,172.31.40.0-255,66,370966,77,422615
34881,0.075324,74.125.24.0-255,5738,376704,77,422615
34882,0.07534,172.31.40.0-255,66,376770,77,422615
34883,0.077475,74.125.24.0-255,5738,382508,77,422615
34884,0.07749,172.31.40.0-255,66,382574,77,422615
34885,0.079551,74.125.24.0-255,5738,388312,77,422615
34886,0.079567,172.31.40.0-255,66,388378,77,422615
34887,0.081667,74.125.24.0-255,5738,394116,77,422615
34888,0.081673,172.31.40.0-255,66,394182,77,422615
34889,0.083788,74.125.24.0-255,5738,399920,77,422615
34890,0.083803,172.31.40.0-255,66,399986,77,422615
34891,0.085912,74.125.24.0-255,5738,405724,77,422615
34892,0.085926,172.31.40.0-255,66,405790,77,422615
34893,0.08804,74.125.24.0-255,5738,411528,77,422615
34894,0.088048,172.31.40.0-255,66,411594,77,422615
34895,0.090162,74.125.24.0-255,5738,417332,77,422615
34896,0.090175,172.31.40.0-255,66,417398,77,422615
34897,0.092287,74.125.24.0-255,4980,422378,77,422615
34898,0.092303,172.31.40.0-255,66,422444,77,422615
34899,0.092594,172.31.40.0-255,105,422549,77,422615
34900,0.094644,74.125.24.0-255,66,422615,77,422615
34901,0.0,74.125.200.0-255,153,153,77,375991
34902,2.3e-05,172.31.40.0-255,66,219,77,375991
34903,3.1e-05,74.125.200.0-255,1484,1703,77,375991
34904,3.5e-05,172.31.40.0-255,66,1769,77,375991
34905,4e-05,74.125.200.0-255,2902,4671,77,375991
34906,4.5e-05,172.31.40.0-255,66,4737,77,375991
34907,4.8e-05,74.125.200.0-255,1484,6221,77,375991
34908,5.1e-05,172.31.40.0-255,66,6287,77,375991
34909,5.7e-05,74.125.200.0-255,2902,9189,77,375991
34910,6e-05,172.31.40.0-255,66,9255,77,375991
34911,8.3e-05,74.125.200.0-255,1484,10739,77,375991
34912,8.6e-05,172.31.40.0-255,66,10805,77,375991
34913,0.00011,74.125.200.0-255,3421,14226,77,375991
34914,0.000112,172.31.40.0-255,66,14292,77,375991
34915,0.000126,74.125.200.0-255,1484,15776,77,375991
34916,0.000128,172.31.40.0-255,66,15842,77,375991
34917,0.000149,74.125.200.0-255,4320,20162,77,375991
34918,0.000152,172.31.40.0-255,66,20228,77,375991
34919,0.000156,74.125.200.0-255,2902,23130,77,375991
34920,0.000158,172.31.40.0-255,66,23196,77,375991
34921,0.000164,74.125.200.0-255,4320,27516,77,375991
34922,0.000166,172.31.40.0-255,66,27582,77,375991
34923,0.000199,74.125.200.0-255,1484,29066,77,375991
34924,0.000201,172.31.40.0-255,66,29132,77,375991
34925,0.000221,74.125.200.0-255,2543,31675,77,375991
34926,0.000223,172.31.40.0-255,66,31741,77,375991
34927,0.00059,74.125.200.0-255,1484,33225,77,375991
34928,0.000595,172.31.40.0-255,66,33291,77,375991
34929,0.000599,74.125.200.0-255,1484,34775,77,375991
34930,0.000601,172.31.40.0-255,66,34841,77,375991
34931,0.000607,74.125.200.0-255,2902,37743,77,375991
34932,0.00061,172.31.40.0-255,66,37809,77,375991
34933,0.000632,74.125.200.0-255,4320,42129,77,375991
34934,0.000638,172.31.40.0-255,66,42195,77,375991
34935,0.000663,74.125.200.0-255,1484,43679,77,375991
34936,0.00067,74.125.200.0-255,5379,49058,77,375991
34937,0.000673,172.31.40.0-255,66,49124,77,375991
34938,0.000691,74.125.200.0-255,1484,50608,77,375991
34939,0.000713,74.125.200.0-255,2902,53510,77,375991
34940,0.000716,172.31.40.0-255,66,53576,77,375991
34941,0.000741,74.125.200.0-255,5738,59314,77,375991
34942,0.000744,172.31.40.0-255,66,59380,77,375991
34943,0.000749,74.125.200.0-255,4320,63700,77,375991
34944,0.000751,172.31.40.0-255,66,63766,77,375991
34945,0.000768,74.125.200.0-255,2543,66309,77,375991
34946,0.000771,172.31.40.0-255,66,66375,77,375991
34947,0.000785,74.125.200.0-255,443,66818,77,375991
34948,0.000829,74.125.200.0-255,331,67149,77,375991
34949,0.001034,74.125.200.0-255,1484,68633,77,375991
34950,0.001039,74.125.200.0-255,2902,71535,77,375991
34951,0.001046,172.31.40.0-255,66,71601,77,375991
34952,0.001068,74.125.200.0-255,4320,75921,77,375991
34953,0.001073,74.125.200.0-255,5738,81659,77,375991
34954,0.001099,74.125.200.0-255,7156,88815,77,375991
34955,0.001124,74.125.200.0-255,4320,93135,77,375991
34956,0.001145,74.125.200.0-255,5738,98873,77,375991
34957,0.001174,74.125.200.0-255,2184,101057,77,375991
34958,0.00141,74.125.200.0-255,1484,102541,77,375991
34959,0.001429,74.125.200.0-255,1484,104025,77,375991
34960,0.001442,74.125.200.0-255,1484,105509,77,375991
34961,0.001457,74.125.200.0-255,5738,111247,77,375991
34962,0.001467,74.125.200.0-255,1484,112731,77,375991
34963,0.001496,74.125.200.0-255,2902,115633,77,375991
34964,0.001508,74.125.200.0-255,2902,118535,77,375991
34965,0.001518,74.125.200.0-255,2902,121437,77,375991
34966,0.001555,74.125.200.0-255,2902,124339,77,375991
34967,0.001569,74.125.200.0-255,4320,128659,77,375991
34968,0.001592,74.125.200.0-255,6438,135097,77,375991
34969,0.00489,172.31.40.0-255,66,135163,77,375991
34970,0.004896,172.31.40.0-255,66,135229,77,375991
34971,0.004899,172.31.40.0-255,66,135295,77,375991
34972,0.004901,172.31.40.0-255,66,135361,77,375991
34973,0.004905,172.31.40.0-255,66,135427,77,375991
34974,0.004916,172.31.40.0-255,66,135493,77,375991
34975,0.004919,172.31.40.0-255,66,135559,77,375991
34976,0.004924,172.31.40.0-255,66,135625,77,375991
34977,0.004927,172.31.40.0-255,66,135691,77,375991
34978,0.00493,172.31.40.0-255,66,135757,77,375991
34979,0.004933,172.31.40.0-255,66,135823,77,375991
34980,0.004936,172.31.40.0-255,66,135889,77,375991
34981,0.004938,172.31.40.0-255,66,135955,77,375991
34982,0.004942,172.31.40.0-255,66,136021,77,375991
34983,0.004945,172.31.40.0-255,66,136087,77,375991
34984,0.007237,74.125.200.0-255,2902,138989,77,375991
34985,0.007243,172.31.40.0-255,66,139055,77,375991
34986,0.00726,74.125.200.0-255,2902,141957,77,375991
34987,0.007263,172.31.40.0-255,66,142023,77,375991
34988,0.007321,172.31.40.0-255,101,142124,77,375991
34989,0.009521,74.125.200.0-255,5738,147862,77,375991
34990,0.009529,172.31.40.0-255,66,147928,77,375991
34991,0.009552,74.125.200.0-255,66,147994,77,375991
34992,0.011809,74.125.200.0-255,4320,152314,77,375991
34993,0.011816,172.31.40.0-255,66,152380,77,375991
34994,0.011835,74.125.200.0-255,1484,153864,77,375991
34995,0.014092,74.125.200.0-255,4320,158184,77,375991
34996,0.014102,172.31.40.0-255,66,158250,77,375991
34997,0.016378,74.125.200.0-255,5738,163988,77,375991
34998,0.016387,172.31.40.0-255,66,164054,77,375991
34999,0.018656,74.125.200.0-255,5738,169792,77,375991
35000,0.018663,172.31.40.0-255,66,169858,77,375991
35001,0.020944,74.125.200.0-255,5738,175596,77,375991
35002,0.020951,172.31.40.0-255,66,175662,77,375991
35003,0.023239,74.125.200.0-255,5738,181400,77,375991
35004,0.023246,172.31.40.0-255,66,181466,77,375991
35005,0.025535,74.125.200.0-255,5738,187204,77,375991
35006,0.025543,172.31.40.0-255,66,187270,77,375991
35007,0.027822,74.125.200.0-255,5738,193008,77,375991
35008,0.027829,172.31.40.0-255,66,193074,77,375991
35009,0.028282,172.31.40.0-255,172,193246,77,375991
35010,0.02831,172.31.40.0-255,1120,194366,77,375991
35011,0.028367,172.31.40.0-255,1514,195880,77,375991
35012,0.028369,172.31.40.0-255,1275,197155,77,375991
35013,0.029831,104.244.42.0-255,66,197221,77,375991
35014,0.029887,104.244.42.0-255,66,197287,77,375991
35015,0.029916,104.244.42.0-255,66,197353,77,375991
35016,0.030094,74.125.200.0-255,4320,201673,77,375991
35017,0.030098,172.31.40.0-255,66,201739,77,375991
35018,0.030121,74.125.200.0-255,1484,203223,77,375991
35019,0.032377,74.125.200.0-255,4320,207543,77,375991
35020,0.032385,172.31.40.0-255,66,207609,77,375991
35021,0.034647,74.125.200.0-255,1484,209093,77,375991
35022,0.034668,74.125.200.0-255,4320,213413,77,375991
35023,0.034673,172.31.40.0-255,66,213479,77,375991
35024,0.036969,74.125.200.0-255,5738,219217,77,375991
35025,0.036977,172.31.40.0-255,66,219283,77,375991
35026,0.039258,74.125.200.0-255,5738,225021,77,375991
35027,0.039264,172.31.40.0-255,66,225087,77,375991
35028,0.041545,74.125.200.0-255,5738,230825,77,375991
35029,0.041552,172.31.40.0-255,66,230891,77,375991
35030,0.043839,74.125.200.0-255,5738,236629,77,375991
35031,0.043846,172.31.40.0-255,66,236695,77,375991
35032,0.046121,74.125.200.0-255,5738,242433,77,375991
35033,0.046127,172.31.40.0-255,66,242499,77,375991
35034,0.048415,74.125.200.0-255,5738,248237,77,375991
35035,0.048421,172.31.40.0-255,66,248303,77,375991
35036,0.050704,74.125.200.0-255,5738,254041,77,375991
35037,0.050711,172.31.40.0-255,66,254107,77,375991
35038,0.052999,74.125.200.0-255,5738,259845,77,375991
35039,0.053018,172.31.40.0-255,66,259911,77,375991
35040,0.055328,74.125.200.0-255,5738,265649,77,375991
35041,0.055341,172.31.40.0-255,66,265715,77,375991
35042,0.057617,74.125.200.0-255,5738,271453,77,375991
35043,0.057631,172.31.40.0-255,66,271519,77,375991
35044,0.059916,74.125.200.0-255,5738,277257,77,375991
35045,0.059929,172.31.40.0-255,66,277323,77,375991
35046,0.06221,74.125.200.0-255,5738,283061,77,375991
35047,0.062219,172.31.40.0-255,66,283127,77,375991
35048,0.06453,74.125.200.0-255,5738,288865,77,375991
35049,0.064548,172.31.40.0-255,66,288931,77,375991
35050,0.066835,74.125.200.0-255,5738,294669,77,375991
35051,0.066854,172.31.40.0-255,66,294735,77,375991
35052,0.069157,74.125.200.0-255,5738,300473,77,375991
35053,0.069175,172.31.40.0-255,66,300539,77,375991
35054,0.071462,74.125.200.0-255,5738,306277,77,375991
35055,0.071477,172.31.40.0-255,66,306343,77,375991
35056,0.073753,74.125.200.0-255,5738,312081,77,375991
35057,0.073776,172.31.40.0-255,66,312147,77,375991
35058,0.076102,74.125.200.0-255,5738,317885,77,375991
35059,0.076119,172.31.40.0-255,66,317951,77,375991
35060,0.078416,74.125.200.0-255,5738,323689,77,375991
35061,0.078432,172.31.40.0-255,66,323755,77,375991
35062,0.080892,74.125.200.0-255,5738,329493,77,375991
35063,0.080911,172.31.40.0-255,66,329559,77,375991
35064,0.08354,74.125.200.0-255,5738,335297,77,375991
35065,0.08356,172.31.40.0-255,66,335363,77,375991
35066,0.085975,74.125.200.0-255,5738,341101,77,375991
35067,0.085983,172.31.40.0-255,66,341167,77,375991
35068,0.088271,74.125.200.0-255,5738,346905,77,375991
35069,0.088283,172.31.40.0-255,66,346971,77,375991
35070,0.09057,74.125.200.0-255,5738,352709,77,375991
35071,0.090587,172.31.40.0-255,66,352775,77,375991
35072,0.092891,74.125.200.0-255,5738,358513,77,375991
35073,0.092909,172.31.40.0-255,66,358579,77,375991
35074,0.095211,74.125.200.0-255,5738,364317,77,375991
35075,0.095228,172.31.40.0-255,66,364383,77,375991
35076,0.09751,74.125.200.0-255,5738,370121,77,375991
35077,0.097527,172.31.40.0-255,66,370187,77,375991
35078,0.099818,74.125.200.0-255,5738,375925,77,375991
35079,0.099837,172.31.40.0-255,66,375991,77,375991
35080,0.0,74.125.68.0-255,153,153,77,425327
35081,1.5e-05,172.31.40.0-255,66,219,77,425327
35082,2.2e-05,74.125.68.0-255,1484,1703,77,425327
35083,2.7e-05,172.31.40.0-255,66,1769,77,425327
35084,6.5e-05,74.125.68.0-255,2902,4671,77,425327
35085,6.8e-05,172.31.40.0-255,66,4737,77,425327
35086,7.4e-05,74.125.68.0-255,4320,9057,77,425327
35087,7.6e-05,172.31.40.0-255,66,9123,77,425327
35088,9.7e-05,74.125.68.0-255,4866,13989,77,425327
35089,0.0001,172.31.40.0-255,66,14055,77,425327
35090,0.000139,74.125.68.0-255,1484,15539,77,425327
35091,0.000142,172.31.40.0-255,66,15605,77,425327
35092,0.000158,74.125.68.0-255,2902,18507,77,425327
35093,0.00016,172.31.40.0-255,66,18573,77,425327
35094,0.000193,74.125.68.0-255,5738,24311,77,425327
35095,0.000195,172.31.40.0-255,66,24377,77,425327
35096,0.000203,74.125.68.0-255,5738,30115,77,425327
35097,0.000206,172.31.40.0-255,66,30181,77,425327
35098,0.000231,74.125.68.0-255,4320,34501,77,425327
35099,0.000234,172.31.40.0-255,66,34567,77,425327
35100,0.000257,74.125.68.0-255,2543,37110,77,425327
35101,0.00026,172.31.40.0-255,66,37176,77,425327
35102,0.000265,74.125.68.0-255,2902,40078,77,425327
35103,0.000267,172.31.40.0-255,66,40144,77,425327
35104,0.000311,74.125.68.0-255,8215,48359,77,425327
35105,0.000314,172.31.40.0-255,66,48425,77,425327
35106,0.000687,74.125.68.0-255,1484,49909,77,425327
35107,0.000694,172.31.40.0-255,66,49975,77,425327
35108,0.0007,74.125.68.0-255,2902,52877,77,425327
35109,0.000703,172.31.40.0-255,66,52943,77,425327
35110,0.000706,74.125.68.0-255,1484,54427,77,425327
35111,0.000709,172.31.40.0-255,66,54493,77,425327
35112,0.000729,74.125.68.0-255,2902,57395,77,425327
35113,0.000732,172.31.40.0-255,66,57461,77,425327
35114,0.000759,74.125.68.0-255,7156,64617,77,425327
35115,0.000762,172.31.40.0-255,66,64683,77,425327
35116,0.000782,74.125.68.0-255,1125,65808,77,425327
35117,0.000785,74.125.68.0-255,647,66455,77,425327
35118,0.000788,172.31.40.0-255,66,66521,77,425327
35119,0.000984,74.125.68.0-255,1484,68005,77,425327
35120,0.000991,74.125.68.0-255,2902,70907,77,425327
35121,0.000996,172.31.40.0-255,66,70973,77,425327
35122,0.001,74.125.68.0-255,1484,72457,77,425327
35123,0.001013,74.125.68.0-255,2902,75359,77,425327
35124,0.001016,172.31.40.0-255,66,75425,77,425327
35125,0.001047,74.125.68.0-255,5738,81163,77,425327
35126,0.001053,172.31.40.0-255,66,81229,77,425327
35127,0.001061,74.125.68.0-255,1484,82713,77,425327
35128,0.001074,74.125.68.0-255,2902,85615,77,425327
35129,0.001076,172.31.40.0-255,66,85681,77,425327
35130,0.001123,74.125.68.0-255,4320,90001,77,425327
35131,0.001125,172.31.40.0-255,66,90067,77,425327
35132,0.001139,74.125.68.0-255,1484,91551,77,425327
35133,0.001144,74.125.68.0-255,2902,94453,77,425327
35134,0.001146,172.31.40.0-255,66,94519,77,425327
35135,0.001152,74.125.68.0-255,4320,98839,77,425327
35136,0.001154,172.31.40.0-255,66,98905,77,425327
35137,0.001158,74.125.68.0-255,2184,101089,77,425327
35138,0.001161,172.31.40.0-255,66,101155,77,425327
35139,0.001236,74.125.68.0-255,1484,102639,77,425327
35140,0.001242,74.125.68.0-255,2902,105541,77,425327
35141,0.001245,172.31.40.0-255,66,105607,77,425327
35142,0.001248,74.125.68.0-255,1484,107091,77,425327
35143,0.001267,74.125.68.0-255,2902,109993,77,425327
35144,0.001269,172.31.40.0-255,66,110059,77,425327
35145,0.001284,74.125.68.0-255,4320,114379,77,425327
35146,0.001287,172.31.40.0-255,66,114445,77,425327
35147,0.001308,74.125.68.0-255,1484,115929,77,425327
35148,0.001312,74.125.68.0-255,1484,117413,77,425327
35149,0.001315,172.31.40.0-255,66,117479,77,425327
35150,0.001354,74.125.68.0-255,1484,118963,77,425327
35151,0.001368,74.125.68.0-255,2902,121865,77,425327
35152,0.001372,172.31.40.0-255,66,121931,77,425327
35153,0.001384,74.125.68.0-255,1484,123415,77,425327
35154,0.001403,74.125.68.0-255,4320,127735,77,425327
35155,0.001406,172.31.40.0-255,66,127801,77,425327
35156,0.001411,74.125.68.0-255,4320,132121,77,425327
35157,0.001414,172.31.40.0-255,66,132187,77,425327
35158,0.001437,74.125.68.0-255,1484,133671,77,425327
35159,0.001459,74.125.68.0-255,2184,135855,77,425327
35160,0.001462,172.31.40.0-255,66,135921,77,425327
35161,0.001514,74.125.68.0-255,1484,137405,77,425327
35162,0.001529,74.125.68.0-255,1484,138889,77,425327
35163,0.001532,172.31.40.0-255,66,138955,77,425327
35164,0.00155,74.125.68.0-255,1484,140439,77,425327
35165,0.001558,74.125.68.0-255,5738,146177,77,425327
35166,0.00156,172.31.40.0-255,66,146243,77,425327
35167,0.001565,74.125.68.0-255,2902,149145,77,425327
35168,0.001567,172.31.40.0-255,66,149211,77,425327
35169,0.001571,74.125.68.0-255,1484,150695,77,425327
35170,0.001592,74.125.68.0-255,2902,153597,77,425327
35171,0.001595,172.31.40.0-255,66,153663,77,425327
35172,0.001601,74.125.68.0-255,4320,157983,77,425327
35173,0.001603,172.31.40.0-255,66,158049,77,425327
35174,0.001624,74.125.68.0-255,4320,162369,77,425327
35175,0.001627,172.31.40.0-255,66,162435,77,425327
35176,0.001634,74.125.68.0-255,5738,168173,77,425327
35177,0.001635,172.31.40.0-255,66,168239,77,425327
35178,0.001671,74.125.68.0-255,2184,170423,77,425327
35179,0.001674,172.31.40.0-255,66,170489,77,425327
35180,0.001707,74.125.68.0-255,2902,173391,77,425327
35181,0.00171,172.31.40.0-255,66,173457,77,425327
35182,0.001724,74.125.68.0-255,1484,174941,77,425327
35183,0.001745,74.125.68.0-255,2902,177843,77,425327
35184,0.001748,172.31.40.0-255,66,177909,77,425327
35185,0.001768,74.125.68.0-255,2902,180811,77,425327
35186,0.001771,172.31.40.0-255,66,180877,77,425327
35187,0.001787,74.125.68.0-255,2902,183779,77,425327
35188,0.00179,74.125.68.0-255,1484,185263,77,425327
35189,0.001799,74.125.68.0-255,8574,193837,77,425327
35190,0.001803,172.31.40.0-255,66,193903,77,425327
35191,0.001811,172.31.40.0-255,66,193969,77,425327
35192,0.001825,74.125.68.0-255,4320,198289,77,425327
35193,0.001827,172.31.40.0-255,66,198355,77,425327
35194,0.001847,74.125.68.0-255,2902,201257,77,425327
35195,0.00185,172.31.40.0-255,66,201323,77,425327
35196,0.001871,74.125.68.0-255,3602,204925,77,425327
35197,0.001873,172.31.40.0-255,66,204991,77,425327
35198,0.004457,74.125.68.0-255,5738,210729,77,425327
35199,0.004464,172.31.40.0-255,66,210795,77,425327
35200,0.007045,74.125.68.0-255,5738,216533,77,425327
35201,0.007049,172.31.40.0-255,66,216599,77,425327
35202,0.009657,74.125.68.0-255,5738,222337,77,425327
35203,0.009664,172.31.40.0-255,66,222403,77,425327
35204,0.012259,74.125.68.0-255,5738,228141,77,425327
35205,0.012268,172.31.40.0-255,66,228207,77,425327
35206,0.014867,74.125.68.0-255,5738,233945,77,425327
35207,0.014874,172.31.40.0-255,66,234011,77,425327
35208,0.017446,74.125.68.0-255,5738,239749,77,425327
35209,0.017452,172.31.40.0-255,66,239815,77,425327
35210,0.020038,74.125.68.0-255,5738,245553,77,425327
35211,0.02005,172.31.40.0-255,66,245619,77,425327
35212,0.022714,74.125.68.0-255,5738,251357,77,425327
35213,0.022726,172.31.40.0-255,66,251423,77,425327
35214,0.025318,74.125.68.0-255,5738,257161,77,425327
35215,0.025337,172.31.40.0-255,66,257227,77,425327
35216,0.027937,74.125.68.0-255,5738,262965,77,425327
35217,0.027953,172.31.40.0-255,66,263031,77,425327
35218,0.030559,74.125.68.0-255,5738,268769,77,425327
35219,0.030576,172.31.40.0-255,66,268835,77,425327
35220,0.033159,74.125.68.0-255,5738,274573,77,425327
35221,0.03317,172.31.40.0-255,66,274639,77,425327
35222,0.035793,74.125.68.0-255,5738,280377,77,425327
35223,0.035802,172.31.40.0-255,66,280443,77,425327
35224,0.038384,74.125.68.0-255,5738,286181,77,425327
35225,0.038396,172.31.40.0-255,66,286247,77,425327
35226,0.040983,74.125.68.0-255,5738,291985,77,425327
35227,0.041001,172.31.40.0-255,66,292051,77,425327
35228,0.043587,74.125.68.0-255,5738,297789,77,425327
35229,0.043596,172.31.40.0-255,66,297855,77,425327
35230,0.046204,74.125.68.0-255,5738,303593,77,425327
35231,0.046223,172.31.40.0-255,66,303659,77,425327
35232,0.048827,74.125.68.0-255,5738,309397,77,425327
35233,0.048841,172.31.40.0-255,66,309463,77,425327
35234,0.05144,74.125.68.0-255,5738,315201,77,425327
35235,0.051459,172.31.40.0-255,66,315267,77,425327
35236,0.054066,74.125.68.0-255,5738,321005,77,425327
35237,0.054086,172.31.40.0-255,66,321071,77,425327
35238,0.056678,74.125.68.0-255,5738,326809,77,425327
35239,0.056689,172.31.40.0-255,66,326875,77,425327
35240,0.059285,74.125.68.0-255,5738,332613,77,425327
35241,0.059306,172.31.40.0-255,66,332679,77,425327
35242,0.0619,74.125.68.0-255,5738,338417,77,425327
35243,0.061912,172.31.40.0-255,66,338483,77,425327
35244,0.063522,172.31.40.0-255,172,338655,77,425327
35245,0.063556,172.31.40.0-255,1120,339775,77,425327
35246,0.063633,172.31.40.0-255,1514,341289,77,425327
35247,0.063635,172.31.40.0-255,1514,342803,77,425327
35248,0.063641,172.31.40.0-255,1514,344317,77,425327
35249,0.063642,172.31.40.0-255,1514,345831,77,425327
35250,0.063668,172.31.40.0-255,1493,347324,77,425327
35251,0.064499,74.125.68.0-255,5738,353062,77,425327
35252,0.064508,172.31.40.0-255,66,353128,77,425327
35253,0.06507,104.244.42.0-255,66,353194,77,425327
35254,0.065168,104.244.42.0-255,66,353260,77,425327
35255,0.065174,104.244.42.0-255,66,353326,77,425327
35256,0.065334,104.244.42.0-255,66,353392,77,425327
35257,0.067104,74.125.68.0-255,5738,359130,77,425327
35258,0.067122,172.31.40.0-255,66,359196,77,425327
35259,0.069733,74.125.68.0-255,5738,364934,77,425327
35260,0.069753,172.31.40.0-255,66,365000,77,425327
35261,0.072375,74.125.68.0-255,5738,370738,77,425327
35262,0.072396,172.31.40.0-255,66,370804,77,425327
35263,0.075009,74.125.68.0-255,5738,376542,77,425327
35264,0.07503,172.31.40.0-255,66,376608,77,425327
35265,0.077628,74.125.68.0-255,5738,382346,77,425327
35266,0.077644,172.31.40.0-255,66,382412,77,425327
35267,0.080287,74.125.68.0-255,5738,388150,77,425327
35268,0.080303,172.31.40.0-255,66,388216,77,425327
35269,0.082914,74.125.68.0-255,5738,393954,77,425327
35270,0.082934,172.31.40.0-255,66,394020,77,425327
35271,0.08553,74.125.68.0-255,5738,399758,77,425327
35272,0.085551,172.31.40.0-255,66,399824,77,425327
35273,0.088172,74.125.68.0-255,5738,405562,77,425327
35274,0.088193,172.31.40.0-255,66,405628,77,425327
35275,0.090814,74.125.68.0-255,5738,411366,77,425327
35276,0.090833,172.31.40.0-255,66,411432,77,425327
35277,0.093427,74.125.68.0-255,5738,417170,77,425327
35278,0.093445,172.31.40.0-255,66,417236,77,425327
35279,0.096038,74.125.68.0-255,5738,422974,77,425327
35280,0.096057,172.31.40.0-255,66,423040,77,425327
35281,0.098673,74.125.68.0-255,2116,425156,77,425327
35282,0.098693,172.31.40.0-255,66,425222,77,425327
35283,0.098979,172.31.40.0-255,105,425327,77,425327
35284,0.0,74.125.24.0-255,153,153,77,307637
35285,3.3e-05,172.31.40.0-255,66,219,77,307637
35286,4.1e-05,74.125.24.0-255,1484,1703,77,307637
35287,4.8e-05,172.31.40.0-255,66,1769,77,307637
35288,6.1e-05,74.125.24.0-255,2902,4671,77,307637
35289,6.4e-05,172.31.40.0-255,66,4737,77,307637
35290,7.1e-05,74.125.24.0-255,4320,9057,77,307637
35291,7.3e-05,172.31.40.0-255,66,9123,77,307637
35292,8e-05,74.125.24.0-255,4904,14027,77,307637
35293,8.4e-05,172.31.40.0-255,66,14093,77,307637
35294,0.000123,74.125.24.0-255,1484,15577,77,307637
35295,0.000126,172.31.40.0-255,66,15643,77,307637
35296,0.000131,74.125.24.0-255,2902,18545,77,307637
35297,0.000133,172.31.40.0-255,66,18611,77,307637
35298,0.000174,74.125.24.0-255,5738,24349,77,307637
35299,0.000177,172.31.40.0-255,66,24415,77,307637
35300,0.00018,74.125.24.0-255,1484,25899,77,307637
35301,0.000182,172.31.40.0-255,66,25965,77,307637
35302,0.000214,74.125.24.0-255,5379,31344,77,307637
35303,0.000217,172.31.40.0-255,66,31410,77,307637
35304,0.000249,74.125.24.0-255,7156,38566,77,307637
35305,0.000252,172.31.40.0-255,66,38632,77,307637
35306,0.000315,74.125.24.0-255,2902,41534,77,307637
35307,0.000319,172.31.40.0-255,66,41600,77,307637
35308,0.000354,74.125.24.0-255,6797,48397,77,307637
35309,0.000357,172.31.40.0-255,66,48463,77,307637
35310,0.000381,74.125.24.0-255,5738,54201,77,307637
35311,0.000384,172.31.40.0-255,66,54267,77,307637
35312,0.000413,74.125.24.0-255,5738,60005,77,307637
35313,0.000416,172.31.40.0-255,66,60071,77,307637
35314,0.000447,74.125.24.0-255,5654,65725,77,307637
35315,0.000449,172.31.40.0-255,66,65791,77,307637
35316,0.000495,74.125.24.0-255,412,66203,77,307637
35317,0.000566,74.125.24.0-255,1484,67687,77,307637
35318,0.000569,172.31.40.0-255,66,67753,77,307637
35319,0.000575,74.125.24.0-255,2902,70655,77,307637
35320,0.000577,172.31.40.0-255,66,70721,77,307637
35321,0.000628,74.125.24.0-255,5738,76459,77,307637
35322,0.000631,172.31.40.0-255,66,76525,77,307637
35323,0.000636,74.125.24.0-255,2902,79427,77,307637
35324,0.000639,172.31.40.0-255,66,79493,77,307637
35325,0.000675,74.125.24.0-255,9992,89485,77,307637
35326,0.000678,172.31.40.0-255,66,89551,77,307637
35327,0.000737,74.125.24.0-255,5738,95289,77,307637
35328,0.000741,172.31.40.0-255,66,95355,77,307637
35329,0.000767,74.125.24.0-255,1484,96839,77,307637
35330,0.000782,74.125.24.0-255,3602,100441,77,307637
35331,0.000785,172.31.40.0-255,66,100507,77,307637
35332,0.001169,74.125.24.0-255,1484,101991,77,307637
35333,0.001177,74.125.24.0-255,2902,104893,77,307637
35334,0.00118,172.31.40.0-255,66,104959,77,307637
35335,0.001187,74.125.24.0-255,4320,109279,77,307637
35336,0.001189,172.31.40.0-255,66,109345,77,307637
35337,0.00123,74.125.24.0-255,8574,117919,77,307637
35338,0.001233,172.31.40.0-255,66,117985,77,307637
35339,0.001293,74.125.24.0-255,8574,126559,77,307637
35340,0.001298,172.31.40.0-255,66,126625,77,307637
35341,0.00133,74.125.24.0-255,7856,134481,77,307637
35342,0.001334,172.31.40.0-255,66,134547,77,307637
35343,0.001412,74.125.24.0-255,2902,137449,77,307637
35344,0.001417,172.31.40.0-255,66,137515,77,307637
35345,0.001436,74.125.24.0-255,1484,138999,77,307637
35346,0.001467,74.125.24.0-255,8574,147573,77,307637
35347,0.00147,172.31.40.0-255,66,147639,77,307637
35348,0.001505,74.125.24.0-255,11410,159049,77,307637
35349,0.001508,172.31.40.0-255,66,159115,77,307637
35350,0.001604,74.125.24.0-255,2902,162017,77,307637
35351,0.001609,172.31.40.0-255,66,162083,77,307637
35352,0.001644,74.125.24.0-255,6438,168521,77,307637
35353,0.001647,172.31.40.0-255,66,168587,77,307637
35354,0.001688,172.31.40.0-255,66,168653,77,307637
35355,0.001721,172.31.40.0-255,66,168719,77,307637
35356,0.001913,74.125.24.0-255,6438,175157,77,307637
35357,0.001919,172.31.40.0-255,66,175223,77,307637
35358,0.001955,74.125.24.0-255,1484,176707,77,307637
35359,0.002,172.31.40.0-255,66,176773,77,307637
35360,0.002181,74.125.24.0-255,5738,182511,77,307637
35361,0.002186,172.31.40.0-255,66,182577,77,307637
35362,0.002229,172.31.40.0-255,66,182643,77,307637
35363,0.002267,74.125.24.0-255,12110,194753,77,307637
35364,0.002271,172.31.40.0-255,66,194819,77,307637
35365,0.002447,172.31.40.0-255,66,194885,77,307637
35366,0.008538,172.31.40.0-255,66,194951,77,307637
35367,0.010665,74.125.24.0-255,5738,200689,77,307637
35368,0.010682,172.31.40.0-255,66,200755,77,307637
35369,0.012793,74.125.24.0-255,5738,206493,77,307637
35370,0.012812,172.31.40.0-255,66,206559,77,307637
35371,0.014943,74.125.24.0-255,5738,212297,77,307637
35372,0.014961,172.31.40.0-255,66,212363,77,307637
35373,0.017078,74.125.24.0-255,5738,218101,77,307637
35374,0.017096,172.31.40.0-255,66,218167,77,307637
35375,0.01921,74.125.24.0-255,5738,223905,77,307637
35376,0.019232,172.31.40.0-255,66,223971,77,307637
35377,0.021365,74.125.24.0-255,5738,229709,77,307637
35378,0.021385,172.31.40.0-255,66,229775,77,307637
35379,0.023551,74.125.24.0-255,5738,235513,77,307637
35380,0.02357,172.31.40.0-255,66,235579,77,307637
35381,0.025697,74.125.24.0-255,5738,241317,77,307637
35382,0.025714,172.31.40.0-255,66,241383,77,307637
35383,0.027825,74.125.24.0-255,5738,247121,77,307637
35384,0.027845,172.31.40.0-255,66,247187,77,307637
35385,0.02996,74.125.24.0-255,5738,252925,77,307637
35386,0.029975,172.31.40.0-255,66,252991,77,307637
35387,0.032101,74.125.24.0-255,5738,258729,77,307637
35388,0.03212,172.31.40.0-255,66,258795,77,307637
35389,0.03423,74.125.24.0-255,5738,264533,77,307637
35390,0.034249,172.31.40.0-255,66,264599,77,307637
35391,0.036363,74.125.24.0-255,5738,270337,77,307637
35392,0.036383,172.31.40.0-255,66,270403,77,307637
35393,0.038507,74.125.24.0-255,5738,276141,77,307637
35394,0.038527,172.31.40.0-255,66,276207,77,307637
35395,0.040655,74.125.24.0-255,5738,281945,77,307637
35396,0.040681,172.31.40.0-255,66,282011,77,307637
35397,0.042804,74.125.24.0-255,5738,287749,77,307637
35398,0.042821,172.31.40.0-255,66,287815,77,307637
35399,0.044938,74.125.24.0-255,5738,293553,77,307637
35400,0.044959,172.31.40.0-255,66,293619,77,307637
35401,0.04706,74.125.24.0-255,5738,299357,77,307637
35402,0.047078,172.31.40.0-255,66,299423,77,307637
35403,0.049176,74.125.24.0-255,5386,304809,77,307637
35404,0.049193,172.31.40.0-255,66,304875,77,307637
35405,0.049492,172.31.40.0-255,105,304980,77,307637
35406,0.051563,74.125.24.0-255,66,305046,77,307637
35407,0.060214,172.31.40.0-255,172,305218,77,307637
35408,0.060259,172.31.40.0-255,1120,306338,77,307637
35409,0.060322,172.31.40.0-255,1101,307439,77,307637
35410,0.061779,104.244.42.0-255,66,307505,77,307637
35411,0.061795,104.244.42.0-255,66,307571,77,307637
35412,0.06189,104.244.42.0-255,66,307637,77,307637
35413,0.0,74.125.24.0-255,147,147,77,347128
35414,2.4e-05,172.31.40.0-255,66,213,77,347128
35415,3.2e-05,74.125.24.0-255,1484,1697,77,347128
35416,3.7e-05,172.31.40.0-255,66,1763,77,347128
35417,4.3e-05,74.125.24.0-255,2902,4665,77,347128
35418,6e-05,172.31.40.0-255,66,4731,77,347128
35419,6.7e-05,74.125.24.0-255,7156,11887,77,347128
35420,7.1e-05,172.31.40.0-255,66,11953,77,347128
35421,7.4e-05,74.125.24.0-255,1484,13437,77,347128
35422,7.8e-05,172.31.40.0-255,66,13503,77,347128
35423,0.00012,74.125.24.0-255,7156,20659,77,347128
35424,0.000123,172.31.40.0-255,66,20725,77,347128
35425,0.00015,74.125.24.0-255,3453,24178,77,347128
35426,0.000152,172.31.40.0-255,66,24244,77,347128
35427,0.000159,74.125.24.0-255,7156,31400,77,347128
35428,0.000162,172.31.40.0-255,66,31466,77,347128
35429,0.000177,172.31.40.0-255,66,31532,77,347128
35430,0.000193,172.31.40.0-255,66,31598,77,347128
35431,0.000196,74.125.24.0-255,360,31958,77,347128
35432,0.000198,172.31.40.0-255,66,32024,77,347128
35433,0.000545,74.125.24.0-255,1484,33508,77,347128
35434,0.000551,172.31.40.0-255,66,33574,77,347128
35435,0.000557,74.125.24.0-255,2902,36476,77,347128
35436,0.000559,172.31.40.0-255,66,36542,77,347128
35437,0.000562,74.125.24.0-255,1484,38026,77,347128
35438,0.000564,172.31.40.0-255,66,38092,77,347128
35439,0.000587,74.125.24.0-255,4320,42412,77,347128
35440,0.00059,172.31.40.0-255,66,42478,77,347128
35441,0.000597,74.125.24.0-255,6797,49275,77,347128
35442,0.000599,172.31.40.0-255,66,49341,77,347128
35443,0.000625,74.125.24.0-255,5738,55079,77,347128
35444,0.000633,172.31.40.0-255,66,55145,77,347128
35445,0.000642,74.125.24.0-255,1484,56629,77,347128
35446,0.000649,74.125.24.0-255,5738,62367,77,347128
35447,0.000666,74.125.24.0-255,3698,66065,77,347128
35448,0.000677,172.31.40.0-255,66,66131,77,347128
35449,0.000852,74.125.24.0-255,1484,67615,77,347128
35450,0.000856,74.125.24.0-255,1484,69099,77,347128
35451,0.000865,74.125.24.0-255,1484,70583,77,347128
35452,0.000868,74.125.24.0-255,1484,72067,77,347128
35453,0.000872,172.31.40.0-255,66,72133,77,347128
35454,0.000892,74.125.24.0-255,4320,76453,77,347128
35455,0.0009,74.125.24.0-255,6683,83136,77,347128
35456,0.000911,172.31.40.0-255,66,83202,77,347128
35457,0.001156,74.125.24.0-255,1484,84686,77,347128
35458,0.001161,74.125.24.0-255,2902,87588,77,347128
35459,0.001163,172.31.40.0-255,66,87654,77,347128
35460,0.001167,74.125.24.0-255,2902,90556,77,347128
35461,0.001173,172.31.40.0-255,66,90622,77,347128
35462,0.001184,74.125.24.0-255,2902,93524,77,347128
35463,0.001196,74.125.24.0-255,1484,95008,77,347128
35464,0.001209,172.31.40.0-255,66,95074,77,347128
35465,0.001215,74.125.24.0-255,5502,100576,77,347128
35466,0.001219,172.31.40.0-255,66,100642,77,347128
35467,0.001257,74.125.24.0-255,1484,102126,77,347128
35468,0.001276,74.125.24.0-255,2902,105028,77,347128
35469,0.001279,172.31.40.0-255,66,105094,77,347128
35470,0.001304,74.125.24.0-255,5738,110832,77,347128
35471,0.00131,172.31.40.0-255,66,110898,77,347128
35472,0.001338,74.125.24.0-255,12828,123726,77,347128
35473,0.001343,172.31.40.0-255,66,123792,77,347128
35474,0.001365,74.125.24.0-255,5738,129530,77,347128
35475,0.001378,74.125.24.0-255,5020,134550,77,347128
35476,0.001382,172.31.40.0-255,66,134616,77,347128
35477,0.001809,74.125.24.0-255,1484,136100,77,347128
35478,0.001823,74.125.24.0-255,2902,139002,77,347128
35479,0.001827,172.31.40.0-255,66,139068,77,347128
35480,0.001848,74.125.24.0-255,5738,144806,77,347128
35481,0.001854,172.31.40.0-255,66,144872,77,347128
35482,0.00187,74.125.24.0-255,4320,149192,77,347128
35483,0.001876,172.31.40.0-255,66,149258,77,347128
35484,0.001891,74.125.24.0-255,8574,157832,77,347128
35485,0.001904,172.31.40.0-255,66,157898,77,347128
35486,0.001915,74.125.24.0-255,4320,162218,77,347128
35487,0.001919,172.31.40.0-255,66,162284,77,347128
35488,0.001938,74.125.24.0-255,6438,168722,77,347128
35489,0.001967,172.31.40.0-255,66,168788,77,347128
35490,0.001988,74.125.24.0-255,11410,180198,77,347128
35491,0.001993,74.125.24.0-255,5738,185936,77,347128
35492,0.001997,172.31.40.0-255,66,186002,77,347128
35493,0.002026,74.125.24.0-255,4320,190322,77,347128
35494,0.002048,74.125.24.0-255,12110,202432,77,347128
35495,0.002074,172.31.40.0-255,66,202498,77,347128
35496,0.002088,74.125.24.0-255,12828,215326,77,347128
35497,0.002102,74.125.24.0-255,1484,216810,77,347128
35498,0.002117,74.125.24.0-255,4320,221130,77,347128
35499,0.002139,74.125.24.0-255,6438,227568,77,347128
35500,0.002147,74.125.24.0-255,11410,238978,77,347128
35501,0.00218,74.125.24.0-255,13528,252506,77,347128
35502,0.002235,74.125.24.0-255,11410,263916,77,347128
35503,0.002265,74.125.24.0-255,4320,268236,77,347128
35504,0.002301,74.125.24.0-255,7856,276092,77,347128
35505,0.002311,74.125.24.0-255,12828,288920,77,347128
35506,0.002315,74.125.24.0-255,4320,293240,77,347128
35507,0.005244,172.31.40.0-255,66,293306,77,347128
35508,0.007489,74.125.24.0-255,5738,299044,77,347128
35509,0.007496,172.31.40.0-255,66,299110,77,347128
35510,0.009718,74.125.24.0-255,5738,304848,77,347128
35511,0.009723,172.31.40.0-255,66,304914,77,347128
35512,0.011983,74.125.24.0-255,5738,310652,77,347128
35513,0.012002,172.31.40.0-255,66,310718,77,347128
35514,0.014256,74.125.24.0-255,5738,316456,77,347128
35515,0.014265,172.31.40.0-255,66,316522,77,347128
35516,0.01656,74.125.24.0-255,5738,322260,77,347128
35517,0.017555,172.31.40.0-255,66,322326,77,347128
35518,0.019812,74.125.24.0-255,5738,328064,77,347128
35519,0.019823,172.31.40.0-255,66,328130,77,347128
35520,0.022072,74.125.24.0-255,5738,333868,77,347128
35521,0.022081,172.31.40.0-255,66,333934,77,347128
35522,0.024316,74.125.24.0-255,5738,339672,77,347128
35523,0.024323,172.31.40.0-255,66,339738,77,347128
35524,0.026576,74.125.24.0-255,5738,345476,77,347128
35525,0.026584,172.31.40.0-255,66,345542,77,347128
35526,0.028826,74.125.24.0-255,1349,346891,77,347128
35527,0.029067,172.31.40.0-255,66,346957,77,347128
35528,0.029113,172.31.40.0-255,105,347062,77,347128
35529,0.031323,74.125.24.0-255,66,347128,77,347128
35530,0.0,74.125.130.0-255,153,153,77,419221
35531,4.4e-05,172.31.40.0-255,66,219,77,419221
35532,5.2e-05,74.125.130.0-255,1484,1703,77,419221
35533,5.7e-05,172.31.40.0-255,66,1769,77,419221
35534,6.2e-05,74.125.130.0-255,2902,4671,77,419221
35535,6.6e-05,172.31.40.0-255,66,4737,77,419221
35536,7.2e-05,74.125.130.0-255,4320,9057,77,419221
35537,7.5e-05,172.31.40.0-255,66,9123,77,419221
35538,8.5e-05,74.125.130.0-255,9154,18277,77,419221
35539,8.7e-05,172.31.40.0-255,66,18343,77,419221
35540,0.000121,74.125.130.0-255,9992,28335,77,419221
35541,0.000124,172.31.40.0-255,66,28401,77,419221
35542,0.00013,74.125.130.0-255,4320,32721,77,419221
35543,0.000132,172.31.40.0-255,66,32787,77,419221
35544,0.000139,74.125.130.0-255,5738,38525,77,419221
35545,0.000141,172.31.40.0-255,66,38591,77,419221
35546,0.000189,74.125.130.0-255,9274,47865,77,419221
35547,0.000191,172.31.40.0-255,66,47931,77,419221
35548,0.000222,74.125.130.0-255,9992,57923,77,419221
35549,0.000224,172.31.40.0-255,66,57989,77,419221
35550,0.000229,74.125.130.0-255,2902,60891,77,419221
35551,0.000231,172.31.40.0-255,66,60957,77,419221
35552,0.000253,74.125.130.0-255,2902,63859,77,419221
35553,0.000255,172.31.40.0-255,66,63925,77,419221
35554,0.000268,74.125.130.0-255,1434,65359,77,419221
35555,0.000271,172.31.40.0-255,66,65425,77,419221
35556,0.000499,74.125.130.0-255,1484,66909,77,419221
35557,0.000504,172.31.40.0-255,66,66975,77,419221
35558,0.000522,74.125.130.0-255,2902,69877,77,419221
35559,0.000526,172.31.40.0-255,66,69943,77,419221
35560,0.000549,74.125.130.0-255,4320,74263,77,419221
35561,0.000552,172.31.40.0-255,66,74329,77,419221
35562,0.000574,74.125.130.0-255,7156,81485,77,419221
35563,0.000577,172.31.40.0-255,66,81551,77,419221
35564,0.000604,74.125.130.0-255,1484,83035,77,419221
35565,0.000611,74.125.130.0-255,4320,87355,77,419221
35566,0.000613,172.31.40.0-255,66,87421,77,419221
35567,0.000619,74.125.130.0-255,5738,93159,77,419221
35568,0.000621,172.31.40.0-255,66,93225,77,419221
35569,0.000624,74.125.130.0-255,1484,94709,77,419221
35570,0.000652,74.125.130.0-255,2902,97611,77,419221
35571,0.000654,172.31.40.0-255,66,97677,77,419221
35572,0.000685,74.125.130.0-255,2184,99861,77,419221
35573,0.000688,172.31.40.0-255,66,99927,77,419221
35574,0.000858,74.125.130.0-255,1484,101411,77,419221
35575,0.000909,74.125.130.0-255,2902,104313,77,419221
35576,0.000912,172.31.40.0-255,66,104379,77,419221
35577,0.000918,74.125.130.0-255,2902,107281,77,419221
35578,0.00092,172.31.40.0-255,66,107347,77,419221
35579,0.000925,74.125.130.0-255,4320,111667,77,419221
35580,0.000927,172.31.40.0-255,66,111733,77,419221
35581,0.000936,74.125.130.0-255,8574,120307,77,419221
35582,0.000939,172.31.40.0-255,66,120373,77,419221
35583,0.000966,74.125.130.0-255,7156,127529,77,419221
35584,0.00097,172.31.40.0-255,66,127595,77,419221
35585,0.000993,74.125.130.0-255,6438,134033,77,419221
35586,0.000996,172.31.40.0-255,66,134099,77,419221
35587,0.001041,74.125.130.0-255,7156,141255,77,419221
35588,0.001044,172.31.40.0-255,66,141321,77,419221
35589,0.001073,74.125.130.0-255,8574,149895,77,419221
35590,0.001076,172.31.40.0-255,66,149961,77,419221
35591,0.001079,74.125.130.0-255,1484,151445,77,419221
35592,0.001097,74.125.130.0-255,4320,155765,77,419221
35593,0.001099,172.31.40.0-255,66,155831,77,419221
35594,0.00112,74.125.130.0-255,5738,161569,77,419221
35595,0.001122,172.31.40.0-255,66,161635,77,419221
35596,0.001136,74.125.130.0-255,1484,163119,77,419221
35597,0.001152,74.125.130.0-255,5020,168139,77,419221
35598,0.001155,172.31.40.0-255,66,168205,77,419221
35599,0.001941,74.125.130.0-255,1484,169689,77,419221
35600,0.001949,74.125.130.0-255,2902,172591,77,419221
35601,0.001955,172.31.40.0-255,66,172657,77,419221
35602,0.001961,74.125.130.0-255,4320,176977,77,419221
35603,0.001964,172.31.40.0-255,66,177043,77,419221
35604,0.001979,74.125.130.0-255,4320,181363,77,419221
35605,0.001982,172.31.40.0-255,66,181429,77,419221
35606,0.002002,74.125.130.0-255,4320,185749,77,419221
35607,0.002004,172.31.40.0-255,66,185815,77,419221
35608,0.002011,74.125.130.0-255,5738,191553,77,419221
35609,0.002013,172.31.40.0-255,66,191619,77,419221
35610,0.002019,74.125.130.0-255,4320,195939,77,419221
35611,0.002021,172.31.40.0-255,66,196005,77,419221
35612,0.002039,74.125.130.0-255,2902,198907,77,419221
35613,0.002041,172.31.40.0-255,66,198973,77,419221
35614,0.002044,74.125.130.0-255,1484,200457,77,419221
35615,0.002062,74.125.130.0-255,2184,202641,77,419221
35616,0.002065,172.31.40.0-255,66,202707,77,419221
35617,0.004549,74.125.130.0-255,1484,204191,77,419221
35618,0.004574,74.125.130.0-255,4320,208511,77,419221
35619,0.004579,172.31.40.0-255,66,208577,77,419221
35620,0.007101,74.125.130.0-255,5738,214315,77,419221
35621,0.007109,172.31.40.0-255,66,214381,77,419221
35622,0.00963,74.125.130.0-255,5738,220119,77,419221
35623,0.009637,172.31.40.0-255,66,220185,77,419221
35624,0.01006,172.31.40.0-255,101,220286,77,419221
35625,0.012162,74.125.130.0-255,5738,226024,77,419221
35626,0.012169,172.31.40.0-255,66,226090,77,419221
35627,0.012549,74.125.130.0-255,66,226156,77,419221
35628,0.014705,74.125.130.0-255,5738,231894,77,419221
35629,0.014713,172.31.40.0-255,66,231960,77,419221
35630,0.01724,74.125.130.0-255,5738,237698,77,419221
35631,0.017247,172.31.40.0-255,66,237764,77,419221
35632,0.019791,74.125.130.0-255,5738,243502,77,419221
35633,0.019798,172.31.40.0-255,66,243568,77,419221
35634,0.022379,74.125.130.0-255,5738,249306,77,419221
35635,0.022387,172.31.40.0-255,66,249372,77,419221
35636,0.024931,74.125.130.0-255,5738,255110,77,419221
35637,0.024938,172.31.40.0-255,66,255176,77,419221
35638,0.027473,74.125.130.0-255,5738,260914,77,419221
35639,0.027482,172.31.40.0-255,66,260980,77,419221
35640,0.030009,74.125.130.0-255,5738,266718,77,419221
35641,0.030026,172.31.40.0-255,66,266784,77,419221
35642,0.032569,74.125.130.0-255,5738,272522,77,419221
35643,0.032587,172.31.40.0-255,66,272588,77,419221
35644,0.03513,74.125.130.0-255,5738,278326,77,419221
35645,0.035139,172.31.40.0-255,66,278392,77,419221
35646,0.037659,74.125.130.0-255,5738,284130,77,419221
35647,0.037672,172.31.40.0-255,66,284196,77,419221
35648,0.040248,74.125.130.0-255,5738,289934,77,419221
35649,0.040262,172.31.40.0-255,66,290000,77,419221
35650,0.042772,74.125.130.0-255,5738,295738,77,419221
35651,0.04278,172.31.40.0-255,66,295804,77,419221
35652,0.042892,172.31.40.0-255,172,295976,77,419221
35653,0.04292,172.31.40.0-255,1120,297096,77,419221
35654,0.043032,172.31.40.0-255,1514,298610,77,419221
35655,0.043034,172.31.40.0-255,1275,299885,77,419221
35656,0.044436,104.244.42.0-255,66,299951,77,419221
35657,0.044472,104.244.42.0-255,66,300017,77,419221
35658,0.044604,104.244.42.0-255,66,300083,77,419221
35659,0.04529,74.125.130.0-255,1484,301567,77,419221
35660,0.045313,74.125.130.0-255,4320,305887,77,419221
35661,0.045318,172.31.40.0-255,66,305953,77,419221
35662,0.047886,74.125.130.0-255,5738,311691,77,419221
35663,0.047903,172.31.40.0-255,66,311757,77,419221
35664,0.050438,74.125.130.0-255,5738,317495,77,419221
35665,0.050456,172.31.40.0-255,66,317561,77,419221
35666,0.053013,74.125.130.0-255,5738,323299,77,419221
35667,0.053025,172.31.40.0-255,66,323365,77,419221
35668,0.05557,74.125.130.0-255,5738,329103,77,419221
35669,0.055589,172.31.40.0-255,66,329169,77,419221
35670,0.05812,74.125.130.0-255,5738,334907,77,419221
35671,0.058138,172.31.40.0-255,66,334973,77,419221
35672,0.060681,74.125.130.0-255,5738,340711,77,419221
35673,0.060698,172.31.40.0-255,66,340777,77,419221
35674,0.063245,74.125.130.0-255,5738,346515,77,419221
35675,0.063268,172.31.40.0-255,66,346581,77,419221
35676,0.06581,74.125.130.0-255,5738,352319,77,419221
35677,0.065828,172.31.40.0-255,66,352385,77,419221
35678,0.068359,74.125.130.0-255,5738,358123,77,419221
35679,0.068376,172.31.40.0-255,66,358189,77,419221
35680,0.070917,74.125.130.0-255,5738,363927,77,419221
35681,0.070936,172.31.40.0-255,66,363993,77,419221
35682,0.073482,74.125.130.0-255,5738,369731,77,419221
35683,0.0735,172.31.40.0-255,66,369797,77,419221
35684,0.076039,74.125.130.0-255,5738,375535,77,419221
35685,0.076058,172.31.40.0-255,66,375601,77,419221
35686,0.078595,74.125.130.0-255,5738,381339,77,419221
35687,0.078613,172.31.40.0-255,66,381405,77,419221
35688,0.081148,74.125.130.0-255,5738,387143,77,419221
35689,0.081167,172.31.40.0-255,66,387209,77,419221
35690,0.083737,74.125.130.0-255,5738,392947,77,419221
35691,0.083753,172.31.40.0-255,66,393013,77,419221
35692,0.086293,74.125.130.0-255,5738,398751,77,419221
35693,0.086321,172.31.40.0-255,66,398817,77,419221
35694,0.088892,74.125.130.0-255,5738,404555,77,419221
35695,0.08891,172.31.40.0-255,66,404621,77,419221
35696,0.091446,74.125.130.0-255,5738,410359,77,419221
35697,0.091461,172.31.40.0-255,66,410425,77,419221
35698,0.094004,74.125.130.0-255,5738,416163,77,419221
35699,0.09402,172.31.40.0-255,66,416229,77,419221
35700,0.096561,74.125.130.0-255,2821,419050,77,419221
35701,0.096578,172.31.40.0-255,66,419116,77,419221
35702,0.096836,172.31.40.0-255,105,419221,77,419221
35703,0.0,74.125.24.0-255,146,146,77,317865
35704,2.4e-05,172.31.40.0-255,66,212,77,317865
35705,3e-05,74.125.24.0-255,1484,1696,77,317865
35706,3.5e-05,172.31.40.0-255,66,1762,77,317865
35707,4.1e-05,74.125.24.0-255,2902,4664,77,317865
35708,5.4e-05,172.31.40.0-255,66,4730,77,317865
35709,6e-05,74.125.24.0-255,5738,10468,77,317865
35710,6.3e-05,172.31.40.0-255,66,10534,77,317865
35711,6.8e-05,74.125.24.0-255,3407,13941,77,317865
35712,7e-05,172.31.40.0-255,66,14007,77,317865
35713,0.000128,74.125.24.0-255,1484,15491,77,317865
35714,0.000132,172.31.40.0-255,66,15557,77,317865
35715,0.000137,74.125.24.0-255,2902,18459,77,317865
35716,0.000139,172.31.40.0-255,66,18525,77,317865
35717,0.000142,74.125.24.0-255,1484,20009,77,317865
35718,0.000144,172.31.40.0-255,66,20075,77,317865
35719,0.000177,74.125.24.0-255,4320,24395,77,317865
35720,0.00018,172.31.40.0-255,66,24461,77,317865
35721,0.000188,74.125.24.0-255,6797,31258,77,317865
35722,0.00019,172.31.40.0-255,66,31324,77,317865
35723,0.000482,74.125.24.0-255,1484,32808,77,317865
35724,0.000488,172.31.40.0-255,66,32874,77,317865
35725,0.000495,74.125.24.0-255,2902,35776,77,317865
35726,0.000497,172.31.40.0-255,66,35842,77,317865
35727,0.000504,74.125.24.0-255,5738,41580,77,317865
35728,0.000512,172.31.40.0-255,66,41646,77,317865
35729,0.000518,74.125.24.0-255,4320,45966,77,317865
35730,0.000521,172.31.40.0-255,66,46032,77,317865
35731,0.000546,74.125.24.0-255,2543,48575,77,317865
35732,0.000549,172.31.40.0-255,66,48641,77,317865
35733,0.000564,172.31.40.0-255,66,48707,77,317865
35734,0.000573,74.125.24.0-255,2815,51522,77,317865
35735,0.000576,172.31.40.0-255,66,51588,77,317865
35736,0.000602,74.125.24.0-255,385,51973,77,317865
35737,0.000851,74.125.24.0-255,1484,53457,77,317865
35738,0.000855,172.31.40.0-255,66,53523,77,317865
35739,0.000861,74.125.24.0-255,2902,56425,77,317865
35740,0.000863,172.31.40.0-255,66,56491,77,317865
35741,0.000868,74.125.24.0-255,2902,59393,77,317865
35742,0.000875,172.31.40.0-255,66,59459,77,317865
35743,0.000914,74.125.24.0-255,2902,62361,77,317865
35744,0.000917,172.31.40.0-255,66,62427,77,317865
35745,0.000928,74.125.24.0-255,12828,75255,77,317865
35746,0.00093,172.31.40.0-255,66,75321,77,317865
35747,0.000945,74.125.24.0-255,10692,86013,77,317865
35748,0.000948,172.31.40.0-255,66,86079,77,317865
35749,0.000983,74.125.24.0-255,9992,96071,77,317865
35750,0.000987,172.31.40.0-255,66,96137,77,317865
35751,0.000994,74.125.24.0-255,7156,103293,77,317865
35752,0.000996,172.31.40.0-255,66,103359,77,317865
35753,0.001016,74.125.24.0-255,4320,107679,77,317865
35754,0.001019,172.31.40.0-255,66,107745,77,317865
35755,0.001034,74.125.24.0-255,12110,119855,77,317865
35756,0.001037,172.31.40.0-255,66,119921,77,317865
35757,0.001078,74.125.24.0-255,12828,132749,77,317865
35758,0.001081,172.31.40.0-255,66,132815,77,317865
35759,0.00109,74.125.24.0-255,9992,142807,77,317865
35760,0.001092,172.31.40.0-255,66,142873,77,317865
35761,0.001107,74.125.24.0-255,10692,153565,77,317865
35762,0.00111,172.31.40.0-255,66,153631,77,317865
35763,0.001175,74.125.24.0-255,1484,155115,77,317865
35764,0.00118,74.125.24.0-255,2902,158017,77,317865
35765,0.001183,172.31.40.0-255,66,158083,77,317865
35766,0.00119,74.125.24.0-255,5738,163821,77,317865
35767,0.001192,172.31.40.0-255,66,163887,77,317865
35768,0.001225,74.125.24.0-255,4320,168207,77,317865
35769,0.001227,172.31.40.0-255,66,168273,77,317865
35770,0.00126,74.125.24.0-255,8574,176847,77,317865
35771,0.001263,172.31.40.0-255,66,176913,77,317865
35772,0.001298,74.125.24.0-255,10692,187605,77,317865
35773,0.001306,172.31.40.0-255,66,187671,77,317865
35774,0.001335,74.125.24.0-255,8574,196245,77,317865
35775,0.001346,74.125.24.0-255,9992,206237,77,317865
35776,0.001393,172.31.40.0-255,66,206303,77,317865
35777,0.001467,74.125.24.0-255,6438,212741,77,317865
35778,0.001469,74.125.24.0-255,1484,214225,77,317865
35779,0.001472,74.125.24.0-255,1484,215709,77,317865
35780,0.001485,172.31.40.0-255,66,215775,77,317865
35781,0.001489,74.125.24.0-255,1484,217259,77,317865
35782,0.001495,74.125.24.0-255,5738,222997,77,317865
35783,0.001515,74.125.24.0-255,2902,225899,77,317865
35784,0.001537,74.125.24.0-255,9992,235891,77,317865
35785,0.001546,74.125.24.0-255,9992,245883,77,317865
35786,0.001559,172.31.40.0-255,66,245949,77,317865
35787,0.001587,74.125.24.0-255,5738,251687,77,317865
35788,0.0016,172.31.40.0-255,66,251753,77,317865
35789,0.001633,74.125.24.0-255,4320,256073,77,317865
35790,0.00165,172.31.40.0-255,66,256139,77,317865
35791,0.001688,74.125.24.0-255,11410,267549,77,317865
35792,0.001694,74.125.24.0-255,4469,272018,77,317865
35793,0.001702,172.31.40.0-255,66,272084,77,317865
35794,0.00185,74.125.24.0-255,1484,273568,77,317865
35795,0.001855,74.125.24.0-255,1484,275052,77,317865
35796,0.001863,172.31.40.0-255,66,275118,77,317865
35797,0.001877,74.125.24.0-255,1484,276602,77,317865
35798,0.001883,74.125.24.0-255,5738,282340,77,317865
35799,0.001888,172.31.40.0-255,66,282406,77,317865
35800,0.00191,74.125.24.0-255,4320,286726,77,317865
35801,0.001913,74.125.24.0-255,1484,288210,77,317865
35802,0.001943,74.125.24.0-255,9992,298202,77,317865
35803,0.001953,74.125.24.0-255,7856,306058,77,317865
35804,0.001997,172.31.40.0-255,66,306124,77,317865
35805,0.002007,74.125.24.0-255,4320,310444,77,317865
35806,0.002018,172.31.40.0-255,66,310510,77,317865
35807,0.002042,74.125.24.0-255,2666,313176,77,317865
35808,0.002049,172.31.40.0-255,66,313242,77,317865
35809,0.002074,74.125.24.0-255,105,313347,77,317865
35810,0.020867,172.31.40.0-255,66,313413,77,317865
35811,0.02092,172.31.40.0-255,105,313518,77,317865
35812,0.023156,74.125.24.0-255,66,313584,77,317865
35813,0.050344,172.31.40.0-255,172,313756,77,317865
35814,0.050379,172.31.40.0-255,1119,314875,77,317865
35815,0.050447,172.31.40.0-255,1514,316389,77,317865
35816,0.050448,172.31.40.0-255,1278,317667,77,317865
35817,0.051892,104.244.42.0-255,66,317733,77,317865
35818,0.051908,104.244.42.0-255,66,317799,77,317865
35819,0.051981,104.244.42.0-255,66,317865,77,317865
35820,0.0,172.217.27.0-255,153,153,77,421896
35821,2.1e-05,172.31.40.0-255,66,219,77,421896
35822,2.8e-05,172.217.27.0-255,1484,1703,77,421896
35823,3.2e-05,172.31.40.0-255,66,1769,77,421896
35824,3.8e-05,172.217.27.0-255,2902,4671,77,421896
35825,4e-05,172.31.40.0-255,66,4737,77,421896
35826,5.7e-05,172.217.27.0-255,7156,11893,77,421896
35827,6e-05,172.31.40.0-255,66,11959,77,421896
35828,6.4e-05,172.217.27.0-255,2001,13960,77,421896
35829,6.7e-05,172.31.40.0-255,66,14026,77,421896
35830,7.2e-05,172.217.27.0-255,2902,16928,77,421896
35831,7.5e-05,172.31.40.0-255,66,16994,77,421896
35832,0.00011,172.217.27.0-255,4320,21314,77,421896
35833,0.000113,172.31.40.0-255,66,21380,77,421896
35834,0.000133,172.217.27.0-255,1484,22864,77,421896
35835,0.000136,172.31.40.0-255,66,22930,77,421896
35836,0.000162,172.217.27.0-255,4320,27250,77,421896
35837,0.000165,172.31.40.0-255,66,27316,77,421896
35838,0.000168,172.217.27.0-255,1484,28800,77,421896
35839,0.000169,172.31.40.0-255,66,28866,77,421896
35840,0.000174,172.217.27.0-255,2543,31409,77,421896
35841,0.000175,172.31.40.0-255,66,31475,77,421896
35842,0.000288,172.217.27.0-255,1484,32959,77,421896
35843,0.000293,172.31.40.0-255,66,33025,77,421896
35844,0.000298,172.217.27.0-255,2902,35927,77,421896
35845,0.0003,172.31.40.0-255,66,35993,77,421896
35846,0.00031,172.217.27.0-255,2902,38895,77,421896
35847,0.000312,172.31.40.0-255,66,38961,77,421896
35848,0.000339,172.217.27.0-255,2902,41863,77,421896
35849,0.000341,172.31.40.0-255,66,41929,77,421896
35850,0.000347,172.217.27.0-255,4320,46249,77,421896
35851,0.000349,172.31.40.0-255,66,46315,77,421896
35852,0.00038,172.217.27.0-255,9633,55948,77,421896
35853,0.000382,172.31.40.0-255,66,56014,77,421896
35854,0.000392,172.217.27.0-255,9940,65954,77,421896
35855,0.000394,172.31.40.0-255,66,66020,77,421896
35856,0.000694,172.217.27.0-255,115,66135,77,421896
35857,0.000836,172.217.27.0-255,1484,67619,77,421896
35858,0.000841,172.31.40.0-255,66,67685,77,421896
35859,0.000847,172.217.27.0-255,2902,70587,77,421896
35860,0.000849,172.31.40.0-255,66,70653,77,421896
35861,0.000855,172.217.27.0-255,4320,74973,77,421896
35862,0.000863,172.31.40.0-255,66,75039,77,421896
35863,0.000891,172.217.27.0-255,1484,76523,77,421896
35864,0.000899,172.217.27.0-255,6797,83320,77,421896
35865,0.000902,172.31.40.0-255,66,83386,77,421896
35866,0.000913,172.217.27.0-255,12828,96214,77,421896
35867,0.000916,172.31.40.0-255,66,96280,77,421896
35868,0.000941,172.217.27.0-255,1484,97764,77,421896
35869,0.000946,172.217.27.0-255,2543,100307,77,421896
35870,0.000949,172.31.40.0-255,66,100373,77,421896
35871,0.000952,172.217.27.0-255,330,100703,77,421896
35872,0.001276,172.217.27.0-255,1484,102187,77,421896
35873,0.001281,172.31.40.0-255,66,102253,77,421896
35874,0.001287,172.217.27.0-255,2902,105155,77,421896
35875,0.001289,172.31.40.0-255,66,105221,77,421896
35876,0.001292,172.217.27.0-255,1484,106705,77,421896
35877,0.00132,172.217.27.0-255,4320,111025,77,421896
35878,0.001323,172.31.40.0-255,66,111091,77,421896
35879,0.001329,172.217.27.0-255,5738,116829,77,421896
35880,0.001331,172.31.40.0-255,66,116895,77,421896
35881,0.001338,172.217.27.0-255,5738,122633,77,421896
35882,0.00134,172.31.40.0-255,66,122699,77,421896
35883,0.001362,172.217.27.0-255,1484,124183,77,421896
35884,0.001366,172.217.27.0-255,1484,125667,77,421896
35885,0.001368,172.31.40.0-255,66,125733,77,421896
35886,0.001406,172.217.27.0-255,9274,135007,77,421896
35887,0.00141,172.31.40.0-255,66,135073,77,421896
35888,0.002018,172.31.40.0-255,101,135174,77,421896
35889,0.003073,172.217.27.0-255,5738,140912,77,421896
35890,0.003081,172.31.40.0-255,66,140978,77,421896
35891,0.003629,172.217.27.0-255,66,141044,77,421896
35892,0.004715,172.217.27.0-255,5738,146782,77,421896
35893,0.004719,172.31.40.0-255,66,146848,77,421896
35894,0.006355,172.217.27.0-255,5738,152586,77,421896
35895,0.006358,172.31.40.0-255,66,152652,77,421896
35896,0.008,172.217.27.0-255,5738,158390,77,421896
35897,0.008008,172.31.40.0-255,66,158456,77,421896
35898,0.009662,172.217.27.0-255,5738,164194,77,421896
35899,0.009673,172.31.40.0-255,66,164260,77,421896
35900,0.011315,172.217.27.0-255,5738,169998,77,421896
35901,0.011327,172.31.40.0-255,66,170064,77,421896
35902,0.01297,172.217.27.0-255,5738,175802,77,421896
35903,0.012979,172.31.40.0-255,66,175868,77,421896
35904,0.014628,172.217.27.0-255,5738,181606,77,421896
35905,0.014635,172.31.40.0-255,66,181672,77,421896
35906,0.016292,172.217.27.0-255,5738,187410,77,421896
35907,0.0163,172.31.40.0-255,66,187476,77,421896
35908,0.017948,172.217.27.0-255,5738,193214,77,421896
35909,0.017958,172.31.40.0-255,66,193280,77,421896
35910,0.019614,172.217.27.0-255,5738,199018,77,421896
35911,0.019624,172.31.40.0-255,66,199084,77,421896
35912,0.021259,172.217.27.0-255,5738,204822,77,421896
35913,0.021266,172.31.40.0-255,66,204888,77,421896
35914,0.022904,172.217.27.0-255,5738,210626,77,421896
35915,0.022911,172.31.40.0-255,66,210692,77,421896
35916,0.024564,172.217.27.0-255,5738,216430,77,421896
35917,0.024572,172.31.40.0-255,66,216496,77,421896
35918,0.026214,172.217.27.0-255,5738,222234,77,421896
35919,0.026222,172.31.40.0-255,66,222300,77,421896
35920,0.027866,172.217.27.0-255,5738,228038,77,421896
35921,0.027873,172.31.40.0-255,66,228104,77,421896
35922,0.029523,172.217.27.0-255,5738,233842,77,421896
35923,0.02953,172.31.40.0-255,66,233908,77,421896
35924,0.03118,172.217.27.0-255,5738,239646,77,421896
35925,0.031187,172.31.40.0-255,66,239712,77,421896
35926,0.032211,172.31.40.0-255,172,239884,77,421896
35927,0.032243,172.31.40.0-255,1120,241004,77,421896
35928,0.032298,172.31.40.0-255,1514,242518,77,421896
35929,0.0323,172.31.40.0-255,1275,243793,77,421896
35930,0.032849,172.217.27.0-255,5738,249531,77,421896
35931,0.032856,172.31.40.0-255,66,249597,77,421896
35932,0.033713,104.244.42.0-255,66,249663,77,421896
35933,0.033747,104.244.42.0-255,66,249729,77,421896
35934,0.033824,104.244.42.0-255,66,249795,77,421896
35935,0.034514,172.217.27.0-255,5738,255533,77,421896
35936,0.034521,172.31.40.0-255,66,255599,77,421896
35937,0.036177,172.217.27.0-255,5738,261337,77,421896
35938,0.036191,172.31.40.0-255,66,261403,77,421896
35939,0.037841,172.217.27.0-255,5738,267141,77,421896
35940,0.037852,172.31.40.0-255,66,267207,77,421896
35941,0.039519,172.217.27.0-255,5738,272945,77,421896
35942,0.03953,172.31.40.0-255,66,273011,77,421896
35943,0.041179,172.217.27.0-255,5738,278749,77,421896
35944,0.041194,172.31.40.0-255,66,278815,77,421896
35945,0.042852,172.217.27.0-255,5738,284553,77,421896
35946,0.042863,172.31.40.0-255,66,284619,77,421896
35947,0.044519,172.217.27.0-255,5738,290357,77,421896
35948,0.044531,172.31.40.0-255,66,290423,77,421896
35949,0.046192,172.217.27.0-255,5738,296161,77,421896
35950,0.046204,172.31.40.0-255,66,296227,77,421896
35951,0.04785,172.217.27.0-255,5738,301965,77,421896
35952,0.04786,172.31.40.0-255,66,302031,77,421896
35953,0.049518,172.217.27.0-255,5738,307769,77,421896
35954,0.049531,172.31.40.0-255,66,307835,77,421896
35955,0.051186,172.217.27.0-255,5738,313573,77,421896
35956,0.051196,172.31.40.0-255,66,313639,77,421896
35957,0.052846,172.217.27.0-255,5738,319377,77,421896
35958,0.052858,172.31.40.0-255,66,319443,77,421896
35959,0.054512,172.217.27.0-255,5738,325181,77,421896
35960,0.054523,172.31.40.0-255,66,325247,77,421896
35961,0.056212,172.217.27.0-255,5738,330985,77,421896
35962,0.056218,172.31.40.0-255,66,331051,77,421896
35963,0.057867,172.217.27.0-255,5738,336789,77,421896
35964,0.057879,172.31.40.0-255,66,336855,77,421896
35965,0.059534,172.217.27.0-255,5738,342593,77,421896
35966,0.059546,172.31.40.0-255,66,342659,77,421896
35967,0.061199,172.217.27.0-255,5738,348397,77,421896
35968,0.061208,172.31.40.0-255,66,348463,77,421896
35969,0.062858,172.217.27.0-255,5738,354201,77,421896
35970,0.06287,172.31.40.0-255,66,354267,77,421896
35971,0.06451,172.217.27.0-255,5738,360005,77,421896
35972,0.064519,172.31.40.0-255,66,360071,77,421896
35973,0.066173,172.217.27.0-255,5738,365809,77,421896
35974,0.066185,172.31.40.0-255,66,365875,77,421896
35975,0.067839,172.217.27.0-255,5738,371613,77,421896
35976,0.067852,172.31.40.0-255,66,371679,77,421896
35977,0.069494,172.217.27.0-255,5738,377417,77,421896
35978,0.069507,172.31.40.0-255,66,377483,77,421896
35979,0.071149,172.217.27.0-255,5738,383221,77,421896
35980,0.071159,172.31.40.0-255,66,383287,77,421896
35981,0.072824,172.217.27.0-255,5738,389025,77,421896
35982,0.072834,172.31.40.0-255,66,389091,77,421896
35983,0.074483,172.217.27.0-255,5738,394829,77,421896
35984,0.074495,172.31.40.0-255,66,394895,77,421896
35985,0.076132,172.217.27.0-255,5738,400633,77,421896
35986,0.076143,172.31.40.0-255,66,400699,77,421896
35987,0.07779,172.217.27.0-255,5738,406437,77,421896
35988,0.077801,172.31.40.0-255,66,406503,77,421896
35989,0.079467,172.217.27.0-255,5738,412241,77,421896
35990,0.079477,172.31.40.0-255,66,412307,77,421896
35991,0.081118,172.217.27.0-255,5738,418045,77,421896
35992,0.081126,172.31.40.0-255,66,418111,77,421896
35993,0.08277,172.217.27.0-255,3548,421659,77,421896
35994,0.082777,172.31.40.0-255,66,421725,77,421896
35995,0.082945,172.31.40.0-255,105,421830,77,421896
35996,0.08789,172.217.27.0-255,66,421896,77,421896
35997,0.0,74.125.24.0-255,152,152,77,391367
35998,1.9e-05,172.31.40.0-255,66,218,77,391367
35999,2.5e-05,74.125.24.0-255,1484,1702,77,391367
36000,3e-05,172.31.40.0-255,66,1768,77,391367
36001,3.5e-05,74.125.24.0-255,2902,4670,77,391367
36002,3.8e-05,172.31.40.0-255,66,4736,77,391367
36003,4.5e-05,74.125.24.0-255,5738,10474,77,391367
36004,4.8e-05,172.31.40.0-255,66,10540,77,391367
36005,7.4e-05,74.125.24.0-255,1484,12024,77,391367
36006,7.7e-05,172.31.40.0-255,66,12090,77,391367
36007,8.2e-05,74.125.24.0-255,2037,14127,77,391367
36008,8.3e-05,172.31.40.0-255,66,14193,77,391367
36009,0.000166,74.125.24.0-255,1484,15677,77,391367
36010,0.000169,172.31.40.0-255,66,15743,77,391367
36011,0.000174,74.125.24.0-255,2902,18645,77,391367
36012,0.000177,172.31.40.0-255,66,18711,77,391367
36013,0.000204,74.125.24.0-255,5738,24449,77,391367
36014,0.000207,172.31.40.0-255,66,24515,77,391367
36015,0.000234,74.125.24.0-255,8215,32730,77,391367
36016,0.000237,172.31.40.0-255,66,32796,77,391367
36017,0.000245,74.125.24.0-255,8574,41370,77,391367
36018,0.000247,172.31.40.0-255,66,41436,77,391367
36019,0.000272,74.125.24.0-255,9992,51428,77,391367
36020,0.000274,172.31.40.0-255,66,51494,77,391367
36021,0.000305,74.125.24.0-255,8574,60068,77,391367
36022,0.000308,172.31.40.0-255,66,60134,77,391367
36023,0.000315,74.125.24.0-255,5020,65154,77,391367
36024,0.000317,172.31.40.0-255,66,65220,77,391367
36025,0.00032,74.125.24.0-255,399,65619,77,391367
36026,0.000322,172.31.40.0-255,66,65685,77,391367
36027,0.000342,74.125.24.0-255,111,65796,77,391367
36028,0.000345,172.31.40.0-255,66,65862,77,391367
36029,0.000379,74.125.24.0-255,330,66192,77,391367
36030,0.000748,74.125.24.0-255,1484,67676,77,391367
36031,0.000752,172.31.40.0-255,66,67742,77,391367
36032,0.000757,74.125.24.0-255,2902,70644,77,391367
36033,0.000759,172.31.40.0-255,66,70710,77,391367
36034,0.000765,74.125.24.0-255,5738,76448,77,391367
36035,0.000766,172.31.40.0-255,66,76514,77,391367
36036,0.000783,74.125.24.0-255,2902,79416,77,391367
36037,0.000785,172.31.40.0-255,66,79482,77,391367
36038,0.000801,74.125.24.0-255,8574,88056,77,391367
36039,0.000803,172.31.40.0-255,66,88122,77,391367
36040,0.000817,74.125.24.0-255,1484,89606,77,391367
36041,0.000829,74.125.24.0-255,10692,100298,77,391367
36042,0.000832,172.31.40.0-255,66,100364,77,391367
36043,0.001104,74.125.24.0-255,1484,101848,77,391367
36044,0.001109,74.125.24.0-255,2902,104750,77,391367
36045,0.001115,172.31.40.0-255,66,104816,77,391367
36046,0.001139,74.125.24.0-255,5738,110554,77,391367
36047,0.001141,172.31.40.0-255,66,110620,77,391367
36048,0.001146,74.125.24.0-255,2902,113522,77,391367
36049,0.001148,172.31.40.0-255,66,113588,77,391367
36050,0.001178,74.125.24.0-255,9992,123580,77,391367
36051,0.001181,172.31.40.0-255,66,123646,77,391367
36052,0.001189,74.125.24.0-255,8574,132220,77,391367
36053,0.001191,172.31.40.0-255,66,132286,77,391367
36054,0.001194,74.125.24.0-255,1484,133770,77,391367
36055,0.001213,74.125.24.0-255,766,134536,77,391367
36056,0.001215,172.31.40.0-255,66,134602,77,391367
36057,0.002535,74.125.24.0-255,1484,136086,77,391367
36058,0.002546,74.125.24.0-255,2902,138988,77,391367
36059,0.00255,172.31.40.0-255,66,139054,77,391367
36060,0.002559,74.125.24.0-255,5738,144792,77,391367
36061,0.002561,172.31.40.0-255,66,144858,77,391367
36062,0.002589,74.125.24.0-255,12828,157686,77,391367
36063,0.002591,172.31.40.0-255,66,157752,77,391367
36064,0.0026,74.125.24.0-255,8574,166326,77,391367
36065,0.002601,172.31.40.0-255,66,166392,77,391367
36066,0.002606,74.125.24.0-255,2184,168576,77,391367
36067,0.002609,172.31.40.0-255,66,168642,77,391367
36068,0.005125,74.125.24.0-255,2902,171544,77,391367
36069,0.005128,172.31.40.0-255,66,171610,77,391367
36070,0.005146,74.125.24.0-255,2902,174512,77,391367
36071,0.005148,172.31.40.0-255,66,174578,77,391367
36072,0.007678,74.125.24.0-255,4320,178898,77,391367
36073,0.007685,172.31.40.0-255,66,178964,77,391367
36074,0.007699,74.125.24.0-255,1484,180448,77,391367
36075,0.010255,74.125.24.0-255,4320,184768,77,391367
36076,0.010263,172.31.40.0-255,66,184834,77,391367
36077,0.012796,74.125.24.0-255,5738,190572,77,391367
36078,0.012803,172.31.40.0-255,66,190638,77,391367
36079,0.01535,74.125.24.0-255,5738,196376,77,391367
36080,0.015357,172.31.40.0-255,66,196442,77,391367
36081,0.017904,74.125.24.0-255,5738,202180,77,391367
36082,0.017915,172.31.40.0-255,66,202246,77,391367
36083,0.020484,74.125.24.0-255,5738,207984,77,391367
36084,0.020492,172.31.40.0-255,66,208050,77,391367
36085,0.023063,74.125.24.0-255,5738,213788,77,391367
36086,0.023089,172.31.40.0-255,66,213854,77,391367
36087,0.025648,74.125.24.0-255,5738,219592,77,391367
36088,0.025655,172.31.40.0-255,66,219658,77,391367
36089,0.028203,74.125.24.0-255,5738,225396,77,391367
36090,0.028209,172.31.40.0-255,66,225462,77,391367
36091,0.030748,74.125.24.0-255,5738,231200,77,391367
36092,0.030756,172.31.40.0-255,66,231266,77,391367
36093,0.033294,74.125.24.0-255,5738,237004,77,391367
36094,0.0333,172.31.40.0-255,66,237070,77,391367
36095,0.033937,172.31.40.0-255,172,237242,77,391367
36096,0.033973,172.31.40.0-255,1120,238362,77,391367
36097,0.03404,172.31.40.0-255,1514,239876,77,391367
36098,0.034042,172.31.40.0-255,1514,241390,77,391367
36099,0.034044,172.31.40.0-255,1514,242904,77,391367
36100,0.034045,172.31.40.0-255,1514,244418,77,391367
36101,0.034046,172.31.40.0-255,1477,245895,77,391367
36102,0.035443,104.244.42.0-255,66,245961,77,391367
36103,0.035519,104.244.42.0-255,66,246027,77,391367
36104,0.035644,104.244.42.0-255,66,246093,77,391367
36105,0.035852,74.125.24.0-255,5738,251831,77,391367
36106,0.035856,172.31.40.0-255,66,251897,77,391367
36107,0.037474,104.244.42.0-255,108,252005,77,391367
36108,0.037483,172.31.40.0-255,66,252071,77,391367
36109,0.038439,74.125.24.0-255,5738,257809,77,391367
36110,0.038444,172.31.40.0-255,66,257875,77,391367
36111,0.041039,74.125.24.0-255,5738,263613,77,391367
36112,0.041045,172.31.40.0-255,66,263679,77,391367
36113,0.043605,74.125.24.0-255,5738,269417,77,391367
36114,0.043612,172.31.40.0-255,66,269483,77,391367
36115,0.046183,74.125.24.0-255,5738,275221,77,391367
36116,0.046189,172.31.40.0-255,66,275287,77,391367
36117,0.048738,74.125.24.0-255,5738,281025,77,391367
36118,0.048748,172.31.40.0-255,66,281091,77,391367
36119,0.05131,74.125.24.0-255,5738,286829,77,391367
36120,0.051319,172.31.40.0-255,66,286895,77,391367
36121,0.053906,74.125.24.0-255,5738,292633,77,391367
36122,0.053914,172.31.40.0-255,66,292699,77,391367
36123,0.056462,74.125.24.0-255,5738,298437,77,391367
36124,0.056469,172.31.40.0-255,66,298503,77,391367
36125,0.05901,74.125.24.0-255,5738,304241,77,391367
36126,0.059016,172.31.40.0-255,66,304307,77,391367
36127,0.06156,74.125.24.0-255,5738,310045,77,391367
36128,0.061567,172.31.40.0-255,66,310111,77,391367
36129,0.064136,74.125.24.0-255,5738,315849,77,391367
36130,0.064143,172.31.40.0-255,66,315915,77,391367
36131,0.066736,74.125.24.0-255,5738,321653,77,391367
36132,0.066743,172.31.40.0-255,66,321719,77,391367
36133,0.069309,74.125.24.0-255,5738,327457,77,391367
36134,0.069315,172.31.40.0-255,66,327523,77,391367
36135,0.07187,74.125.24.0-255,5738,333261,77,391367
36136,0.071877,172.31.40.0-255,66,333327,77,391367
36137,0.074445,74.125.24.0-255,5738,339065,77,391367
36138,0.074451,172.31.40.0-255,66,339131,77,391367
36139,0.077009,74.125.24.0-255,5738,344869,77,391367
36140,0.077016,172.31.40.0-255,66,344935,77,391367
36141,0.079575,74.125.24.0-255,5738,350673,77,391367
36142,0.079582,172.31.40.0-255,66,350739,77,391367
36143,0.08214,74.125.24.0-255,5738,356477,77,391367
36144,0.082147,172.31.40.0-255,66,356543,77,391367
36145,0.084709,74.125.24.0-255,5738,362281,77,391367
36146,0.084715,172.31.40.0-255,66,362347,77,391367
36147,0.087277,74.125.24.0-255,5738,368085,77,391367
36148,0.087284,172.31.40.0-255,66,368151,77,391367
36149,0.089838,74.125.24.0-255,5738,373889,77,391367
36150,0.089844,172.31.40.0-255,66,373955,77,391367
36151,0.092398,74.125.24.0-255,5738,379693,77,391367
36152,0.092405,172.31.40.0-255,66,379759,77,391367
36153,0.094948,74.125.24.0-255,5738,385497,77,391367
36154,0.094954,172.31.40.0-255,66,385563,77,391367
36155,0.097509,74.125.24.0-255,5738,391301,77,391367
36156,0.097516,172.31.40.0-255,66,391367,77,391367
36157,0.0,172.31.40.0-255,105,105,77,459
36158,0.00031,172.31.40.0-255,90,195,77,459
36159,0.000334,172.31.40.0-255,66,261,77,459
36160,0.002998,74.125.24.0-255,66,327,77,459
36161,0.003021,74.125.24.0-255,66,393,77,459
36162,0.003037,172.31.40.0-255,66,459,77,459
36163,0.0,172.217.194.0-255,152,152,77,322400
36164,2.1e-05,172.31.40.0-255,66,218,77,322400
36165,2.8e-05,172.217.194.0-255,1484,1702,77,322400
36166,3.2e-05,172.31.40.0-255,66,1768,77,322400
36167,3.7e-05,172.217.194.0-255,2902,4670,77,322400
36168,4.6e-05,172.31.40.0-255,66,4736,77,322400
36169,5.3e-05,172.217.194.0-255,5738,10474,77,322400
36170,5.6e-05,172.31.40.0-255,66,10540,77,322400
36171,8.6e-05,172.217.194.0-255,3448,13988,77,322400
36172,8.8e-05,172.31.40.0-255,66,14054,77,322400
36173,0.000234,172.217.194.0-255,1484,15538,77,322400
36174,0.000239,172.31.40.0-255,66,15604,77,322400
36175,0.000257,172.217.194.0-255,2902,18506,77,322400
36176,0.00026,172.31.40.0-255,66,18572,77,322400
36177,0.000289,172.217.194.0-255,5738,24310,77,322400
36178,0.000291,172.31.40.0-255,66,24376,77,322400
36179,0.000297,172.217.194.0-255,5738,30114,77,322400
36180,0.000299,172.31.40.0-255,66,30180,77,322400
36181,0.00032,172.217.194.0-255,1125,31305,77,322400
36182,0.000322,172.31.40.0-255,66,31371,77,322400
36183,0.000359,172.217.194.0-255,12828,44199,77,322400
36184,0.000362,172.31.40.0-255,66,44265,77,322400
36185,0.000388,172.217.194.0-255,1484,45749,77,322400
36186,0.00039,172.31.40.0-255,66,45815,77,322400
36187,0.000395,172.217.194.0-255,2543,48358,77,322400
36188,0.000397,172.31.40.0-255,66,48424,77,322400
36189,0.00058,172.217.194.0-255,1484,49908,77,322400
36190,0.000584,172.31.40.0-255,66,49974,77,322400
36191,0.000598,172.217.194.0-255,2902,52876,77,322400
36192,0.000607,172.31.40.0-255,66,52942,77,322400
36193,0.000619,172.217.194.0-255,5738,58680,77,322400
36194,0.000622,172.31.40.0-255,66,58746,77,322400
36195,0.000679,172.217.194.0-255,11051,69797,77,322400
36196,0.000683,172.31.40.0-255,66,69863,77,322400
36197,0.00069,172.217.194.0-255,5738,75601,77,322400
36198,0.000692,172.31.40.0-255,66,75667,77,322400
36199,0.000723,172.217.194.0-255,5738,81405,77,322400
36200,0.000726,172.31.40.0-255,66,81471,77,322400
36201,0.000731,172.217.194.0-255,1704,83175,77,322400
36202,0.000733,172.31.40.0-255,66,83241,77,322400
36203,0.000737,172.217.194.0-255,2902,86143,77,322400
36204,0.000739,172.31.40.0-255,66,86209,77,322400
36205,0.000747,172.217.194.0-255,7156,93365,77,322400
36206,0.000749,172.31.40.0-255,66,93431,77,322400
36207,0.000756,172.217.194.0-255,5738,99169,77,322400
36208,0.000758,172.31.40.0-255,66,99235,77,322400
36209,0.000783,172.217.194.0-255,1125,100360,77,322400
36210,0.000908,172.217.194.0-255,1484,101844,77,322400
36211,0.000912,172.31.40.0-255,66,101910,77,322400
36212,0.000918,172.217.194.0-255,2902,104812,77,322400
36213,0.00092,172.31.40.0-255,66,104878,77,322400
36214,0.000947,172.217.194.0-255,5738,110616,77,322400
36215,0.000949,172.31.40.0-255,66,110682,77,322400
36216,0.000965,172.217.194.0-255,11410,122092,77,322400
36217,0.000967,172.31.40.0-255,66,122158,77,322400
36218,0.000996,172.217.194.0-255,1484,123642,77,322400
36219,0.001007,172.217.194.0-255,9992,133634,77,322400
36220,0.001009,172.31.40.0-255,66,133700,77,322400
36221,0.001017,172.217.194.0-255,6438,140138,77,322400
36222,0.001019,172.31.40.0-255,66,140204,77,322400
36223,0.001023,172.217.194.0-255,2902,143106,77,322400
36224,0.001025,172.31.40.0-255,66,143172,77,322400
36225,0.001058,172.217.194.0-255,4320,147492,77,322400
36226,0.001061,172.31.40.0-255,66,147558,77,322400
36227,0.001082,172.31.40.0-255,66,147624,77,322400
36228,0.001088,172.217.194.0-255,5020,152644,77,322400
36229,0.00109,172.31.40.0-255,66,152710,77,322400
36230,0.00132,172.217.194.0-255,1484,154194,77,322400
36231,0.001325,172.217.194.0-255,2902,157096,77,322400
36232,0.001328,172.31.40.0-255,66,157162,77,322400
36233,0.001332,172.217.194.0-255,2902,160064,77,322400
36234,0.001334,172.31.40.0-255,66,160130,77,322400
36235,0.00136,172.217.194.0-255,2902,163032,77,322400
36236,0.001362,172.31.40.0-255,66,163098,77,322400
36237,0.001373,172.217.194.0-255,12828,175926,77,322400
36238,0.001374,172.31.40.0-255,66,175992,77,322400
36239,0.001377,172.217.194.0-255,1484,177476,77,322400
36240,0.00141,172.217.194.0-255,8574,186050,77,322400
36241,0.001417,172.31.40.0-255,66,186116,77,322400
36242,0.001419,172.217.194.0-255,766,186882,77,322400
36243,0.001703,172.217.194.0-255,1484,188366,77,322400
36244,0.001707,172.31.40.0-255,66,188432,77,322400
36245,0.001714,172.217.194.0-255,2902,191334,77,322400
36246,0.001716,172.31.40.0-255,66,191400,77,322400
36247,0.001721,172.217.194.0-255,4320,195720,77,322400
36248,0.001723,172.31.40.0-255,66,195786,77,322400
36249,0.001749,172.217.194.0-255,1484,197270,77,322400
36250,0.001756,172.217.194.0-255,7156,204426,77,322400
36251,0.001759,172.31.40.0-255,66,204492,77,322400
36252,0.001766,172.217.194.0-255,5738,210230,77,322400
36253,0.001768,172.31.40.0-255,66,210296,77,322400
36254,0.001809,172.217.194.0-255,8574,218870,77,322400
36255,0.001812,172.31.40.0-255,66,218936,77,322400
36256,0.001816,172.217.194.0-255,2184,221120,77,322400
36257,0.001818,172.31.40.0-255,66,221186,77,322400
36258,0.001979,172.31.40.0-255,101,221287,77,322400
36259,0.002168,172.217.194.0-255,1484,222771,77,322400
36260,0.002173,172.217.194.0-255,1484,224255,77,322400
36261,0.002177,172.31.40.0-255,66,224321,77,322400
36262,0.002208,172.217.194.0-255,1484,225805,77,322400
36263,0.002215,172.217.194.0-255,5738,231543,77,322400
36264,0.002218,172.31.40.0-255,66,231609,77,322400
36265,0.002241,172.217.194.0-255,12828,244437,77,322400
36266,0.002244,172.31.40.0-255,66,244503,77,322400
36267,0.002253,172.217.194.0-255,8574,253077,77,322400
36268,0.002255,172.31.40.0-255,66,253143,77,322400
36269,0.002286,172.217.194.0-255,2184,255327,77,322400
36270,0.002289,172.31.40.0-255,66,255393,77,322400
36271,0.002394,172.217.194.0-255,1484,256877,77,322400
36272,0.002398,172.217.194.0-255,2902,259779,77,322400
36273,0.002401,172.31.40.0-255,66,259845,77,322400
36274,0.002408,172.217.194.0-255,5738,265583,77,322400
36275,0.00241,172.31.40.0-255,66,265649,77,322400
36276,0.002446,172.217.194.0-255,12828,278477,77,322400
36277,0.002451,172.31.40.0-255,66,278543,77,322400
36278,0.002489,172.217.194.0-255,7156,285699,77,322400
36279,0.002491,172.31.40.0-255,66,285765,77,322400
36280,0.002523,172.217.194.0-255,2902,288667,77,322400
36281,0.002526,172.31.40.0-255,66,288733,77,322400
36282,0.00255,172.31.40.0-255,66,288799,77,322400
36283,0.00259,172.217.194.0-255,3602,292401,77,322400
36284,0.002594,172.31.40.0-255,66,292467,77,322400
36285,0.002603,172.217.194.0-255,9274,301741,77,322400
36286,0.002606,172.31.40.0-255,66,301807,77,322400
36287,0.002629,172.31.40.0-255,66,301873,77,322400
36288,0.002649,172.31.40.0-255,66,301939,77,322400
36289,0.002663,172.31.40.0-255,66,302005,77,322400
36290,0.002669,172.217.194.0-255,7156,309161,77,322400
36291,0.002671,172.31.40.0-255,66,309227,77,322400
36292,0.002675,172.217.194.0-255,1484,310711,77,322400
36293,0.002709,172.217.194.0-255,9911,320622,77,322400
36294,0.002717,172.31.40.0-255,66,320688,77,322400
36295,0.002734,172.217.194.0-255,105,320793,77,322400
36296,0.004526,172.217.194.0-255,66,320859,77,322400
36297,0.008785,172.31.40.0-255,105,320964,77,322400
36298,0.011352,172.217.194.0-255,66,321030,77,322400
36299,0.049642,172.31.40.0-255,172,321202,77,322400
36300,0.049679,172.31.40.0-255,1066,322268,77,322400
36301,0.0512,104.244.42.0-255,66,322334,77,322400
36302,0.051241,104.244.42.0-255,66,322400,77,322400
36303,0.0,74.125.24.0-255,150,150,77,383478
36304,2.5e-05,172.31.40.0-255,66,216,77,383478
36305,3.2e-05,74.125.24.0-255,1484,1700,77,383478
36306,3.7e-05,172.31.40.0-255,66,1766,77,383478
36307,4.3e-05,74.125.24.0-255,2902,4668,77,383478
36308,4.7e-05,172.31.40.0-255,66,4734,77,383478
36309,5.4e-05,74.125.24.0-255,7156,11890,77,383478
36310,5.8e-05,172.31.40.0-255,66,11956,77,383478
36311,7.4e-05,74.125.24.0-255,1930,13886,77,383478
36312,7.7e-05,172.31.40.0-255,66,13952,77,383478
36313,8.2e-05,74.125.24.0-255,2902,16854,77,383478
36314,8.4e-05,172.31.40.0-255,66,16920,77,383478
36315,0.000101,74.125.24.0-255,5738,22658,77,383478
36316,0.000104,172.31.40.0-255,66,22724,77,383478
36317,0.000125,74.125.24.0-255,1484,24208,77,383478
36318,0.000127,172.31.40.0-255,66,24274,77,383478
36319,0.000135,74.125.24.0-255,6797,31071,77,383478
36320,0.000138,172.31.40.0-255,66,31137,77,383478
36321,0.000206,74.125.24.0-255,1484,32621,77,383478
36322,0.000209,172.31.40.0-255,66,32687,77,383478
36323,0.000213,74.125.24.0-255,2902,35589,77,383478
36324,0.000216,172.31.40.0-255,66,35655,77,383478
36325,0.000233,74.125.24.0-255,4320,39975,77,383478
36326,0.000236,172.31.40.0-255,66,40041,77,383478
36327,0.000279,74.125.24.0-255,8215,48256,77,383478
36328,0.000283,172.31.40.0-255,66,48322,77,383478
36329,0.00029,74.125.24.0-255,7156,55478,77,383478
36330,0.000293,172.31.40.0-255,66,55544,77,383478
36331,0.000314,74.125.24.0-255,1484,57028,77,383478
36332,0.000316,172.31.40.0-255,66,57094,77,383478
36333,0.000335,74.125.24.0-255,7156,64250,77,383478
36334,0.000338,172.31.40.0-255,66,64316,77,383478
36335,0.000359,74.125.24.0-255,1456,65772,77,383478
36336,0.000363,74.125.24.0-255,113,65885,77,383478
36337,0.000367,74.125.24.0-255,332,66217,77,383478
36338,0.000517,74.125.24.0-255,1484,67701,77,383478
36339,0.000525,74.125.24.0-255,2902,70603,77,383478
36340,0.000527,74.125.24.0-255,1484,72087,77,383478
36341,0.000541,74.125.24.0-255,4320,76407,77,383478
36342,0.000597,74.125.24.0-255,8574,84981,77,383478
36343,0.000618,74.125.24.0-255,5379,90360,77,383478
36344,0.000621,74.125.24.0-255,1484,91844,77,383478
36345,0.000638,74.125.24.0-255,5738,97582,77,383478
36346,0.000651,74.125.24.0-255,2543,100125,77,383478
36347,0.000777,74.125.24.0-255,1484,101609,77,383478
36348,0.000783,74.125.24.0-255,2902,104511,77,383478
36349,0.000801,74.125.24.0-255,2902,107413,77,383478
36350,0.000817,74.125.24.0-255,2902,110315,77,383478
36351,0.000822,74.125.24.0-255,2902,113217,77,383478
36352,0.00085,74.125.24.0-255,9992,123209,77,383478
36353,0.000859,74.125.24.0-255,8574,131783,77,383478
36354,0.000882,74.125.24.0-255,2184,133967,77,383478
36355,0.000902,172.31.40.0-255,66,134033,77,383478
36356,0.000958,74.125.24.0-255,1484,135517,77,383478
36357,0.000962,74.125.24.0-255,1484,137001,77,383478
36358,0.000974,74.125.24.0-255,1484,138485,77,383478
36359,0.000982,74.125.24.0-255,5738,144223,77,383478
36360,0.000986,74.125.24.0-255,2902,147125,77,383478
36361,0.001009,74.125.24.0-255,4320,151445,77,383478
36362,0.001032,74.125.24.0-255,5738,157183,77,383478
36363,0.001076,74.125.24.0-255,1484,158667,77,383478
36364,0.001098,74.125.24.0-255,9274,167941,77,383478
36365,0.00111,74.125.24.0-255,11410,179351,77,383478
36366,0.001119,74.125.24.0-255,8574,187925,77,383478
36367,0.001137,74.125.24.0-255,1484,189409,77,383478
36368,0.001161,74.125.24.0-255,11559,200968,77,383478
36369,0.001182,74.125.24.0-255,1484,202452,77,383478
36370,0.001197,74.125.24.0-255,1484,203936,77,383478
36371,0.001206,74.125.24.0-255,1484,205420,77,383478
36372,0.00121,74.125.24.0-255,1484,206904,77,383478
36373,0.001231,74.125.24.0-255,4320,211224,77,383478
36374,0.001244,74.125.24.0-255,2902,214126,77,383478
36375,0.001265,74.125.24.0-255,9633,223759,77,383478
36376,0.001286,74.125.24.0-255,2902,226661,77,383478
36377,0.001308,74.125.24.0-255,8215,234876,77,383478
36378,0.001422,172.31.40.0-255,66,234942,77,383478
36379,0.001569,74.125.24.0-255,1484,236426,77,383478
36380,0.001576,74.125.24.0-255,2902,239328,77,383478
36381,0.0016,74.125.24.0-255,5738,245066,77,383478
36382,0.001608,74.125.24.0-255,7156,252222,77,383478
36383,0.001619,172.31.40.0-255,66,252288,77,383478
36384,0.001634,74.125.24.0-255,2902,255190,77,383478
36385,0.001655,74.125.24.0-255,11410,266600,77,383478
36386,0.001659,74.125.24.0-255,2184,268784,77,383478
36387,0.001679,172.31.40.0-255,66,268850,77,383478
36388,0.001701,74.125.24.0-255,7156,276006,77,383478
36389,0.001721,74.125.24.0-255,4320,280326,77,383478
36390,0.001728,74.125.24.0-255,5738,286064,77,383478
36391,0.001731,172.31.40.0-255,66,286130,77,383478
36392,0.001742,74.125.24.0-255,7156,293286,77,383478
36393,0.001754,172.31.40.0-255,66,293352,77,383478
36394,0.001766,74.125.24.0-255,2902,296254,77,383478
36395,0.001798,172.31.40.0-255,66,296320,77,383478
36396,0.001841,74.125.24.0-255,6438,302758,77,383478
36397,0.001845,172.31.40.0-255,66,302824,77,383478
36398,0.001876,74.125.24.0-255,1484,304308,77,383478
36399,0.001894,74.125.24.0-255,2902,307210,77,383478
36400,0.001948,74.125.24.0-255,5738,312948,77,383478
36401,0.001959,74.125.24.0-255,12828,325776,77,383478
36402,0.001969,74.125.24.0-255,10692,336468,77,383478
36403,0.001984,172.31.40.0-255,66,336534,77,383478
36404,0.001999,74.125.24.0-255,2902,339436,77,383478
36405,0.002018,74.125.24.0-255,9992,349428,77,383478
36406,0.002028,74.125.24.0-255,9992,359420,77,383478
36407,0.002041,172.31.40.0-255,66,359486,77,383478
36408,0.002046,74.125.24.0-255,4320,363806,77,383478
36409,0.002053,74.125.24.0-255,5738,369544,77,383478
36410,0.002058,172.31.40.0-255,66,369610,77,383478
36411,0.002085,74.125.24.0-255,8593,378203,77,383478
36412,0.002089,74.125.24.0-255,105,378308,77,383478
36413,0.002099,172.31.40.0-255,66,378374,77,383478
36414,0.002109,74.125.24.0-255,129,378503,77,383478
36415,0.022353,172.31.40.0-255,105,378608,77,383478
36416,0.022404,172.31.40.0-255,105,378713,77,383478
36417,0.02266,172.31.40.0-255,90,378803,77,383478
36418,0.022679,172.31.40.0-255,66,378869,77,383478
36419,0.024615,74.125.24.0-255,66,378935,77,383478
36420,0.024627,74.125.24.0-255,66,379001,77,383478
36421,0.024895,74.125.24.0-255,66,379067,77,383478
36422,0.024916,74.125.24.0-255,66,379133,77,383478
36423,0.024922,172.31.40.0-255,66,379199,77,383478
36424,0.055752,172.31.40.0-255,172,379371,77,383478
36425,0.055788,172.31.40.0-255,1119,380490,77,383478
36426,0.055847,172.31.40.0-255,1514,382004,77,383478
36427,0.055849,172.31.40.0-255,1276,383280,77,383478
36428,0.057274,104.244.42.0-255,66,383346,77,383478
36429,0.057338,104.244.42.0-255,66,383412,77,383478
36430,0.057382,104.244.42.0-255,66,383478,77,383478
36431,0.0,172.217.194.0-255,150,150,77,355842
36432,2.4e-05,172.31.40.0-255,66,216,77,355842
36433,3.2e-05,172.217.194.0-255,1484,1700,77,355842
36434,3.6e-05,172.31.40.0-255,66,1766,77,355842
36435,4.4e-05,172.217.194.0-255,2902,4668,77,355842
36436,4.8e-05,172.31.40.0-255,66,4734,77,355842
36437,5.6e-05,172.217.194.0-255,7156,11890,77,355842
36438,5.9e-05,172.31.40.0-255,66,11956,77,355842
36439,6.3e-05,172.217.194.0-255,2067,14023,77,355842
36440,6.6e-05,172.31.40.0-255,66,14089,77,355842
36441,0.000263,172.217.194.0-255,1484,15573,77,355842
36442,0.000268,172.31.40.0-255,66,15639,77,355842
36443,0.000273,172.217.194.0-255,2902,18541,77,355842
36444,0.000275,172.31.40.0-255,66,18607,77,355842
36445,0.000278,172.217.194.0-255,1484,20091,77,355842
36446,0.000279,172.31.40.0-255,66,20157,77,355842
36447,0.000293,172.217.194.0-255,4320,24477,77,355842
36448,0.000296,172.31.40.0-255,66,24543,77,355842
36449,0.000309,172.217.194.0-255,4320,28863,77,355842
36450,0.000311,172.31.40.0-255,66,28929,77,355842
36451,0.000331,172.217.194.0-255,2543,31472,77,355842
36452,0.000333,172.31.40.0-255,66,31538,77,355842
36453,0.000361,172.217.194.0-255,1484,33022,77,355842
36454,0.000363,172.31.40.0-255,66,33088,77,355842
36455,0.000366,172.217.194.0-255,1484,34572,77,355842
36456,0.000367,172.31.40.0-255,66,34638,77,355842
36457,0.000378,172.217.194.0-255,1484,36122,77,355842
36458,0.00038,172.31.40.0-255,66,36188,77,355842
36459,0.00039,172.217.194.0-255,1484,37672,77,355842
36460,0.000392,172.31.40.0-255,66,37738,77,355842
36461,0.000415,172.217.194.0-255,4320,42058,77,355842
36462,0.000421,172.217.194.0-255,6797,48855,77,355842
36463,0.000424,172.31.40.0-255,66,48921,77,355842
36464,0.000431,172.31.40.0-255,66,48987,77,355842
36465,0.001725,172.217.194.0-255,1484,50471,77,355842
36466,0.001736,172.217.194.0-255,2902,53373,77,355842
36467,0.00174,172.31.40.0-255,66,53439,77,355842
36468,0.001749,172.217.194.0-255,5738,59177,77,355842
36469,0.001751,172.31.40.0-255,66,59243,77,355842
36470,0.001777,172.217.194.0-255,1484,60727,77,355842
36471,0.001798,172.217.194.0-255,5958,66685,77,355842
36472,0.001801,172.31.40.0-255,66,66751,77,355842
36473,0.001838,172.217.194.0-255,1484,68235,77,355842
36474,0.001842,172.217.194.0-255,2902,71137,77,355842
36475,0.001844,172.31.40.0-255,66,71203,77,355842
36476,0.00185,172.217.194.0-255,4320,75523,77,355842
36477,0.001852,172.31.40.0-255,66,75589,77,355842
36478,0.001864,172.217.194.0-255,1484,77073,77,355842
36479,0.001883,172.217.194.0-255,7156,84229,77,355842
36480,0.001885,172.31.40.0-255,66,84295,77,355842
36481,0.001903,172.217.194.0-255,5738,90033,77,355842
36482,0.001905,172.31.40.0-255,66,90099,77,355842
36483,0.001914,172.217.194.0-255,8574,98673,77,355842
36484,0.001916,172.31.40.0-255,66,98739,77,355842
36485,0.001939,172.217.194.0-255,2184,100923,77,355842
36486,0.001941,172.31.40.0-255,66,100989,77,355842
36487,0.002398,172.217.194.0-255,1484,102473,77,355842
36488,0.002402,172.217.194.0-255,1484,103957,77,355842
36489,0.002404,172.31.40.0-255,66,104023,77,355842
36490,0.002417,172.217.194.0-255,1484,105507,77,355842
36491,0.002423,172.217.194.0-255,5738,111245,77,355842
36492,0.002425,172.31.40.0-255,66,111311,77,355842
36493,0.002442,172.217.194.0-255,2902,114213,77,355842
36494,0.002444,172.31.40.0-255,66,114279,77,355842
36495,0.002472,172.217.194.0-255,9992,124271,77,355842
36496,0.002474,172.31.40.0-255,66,124337,77,355842
36497,0.002503,172.217.194.0-255,7156,131493,77,355842
36498,0.002506,172.31.40.0-255,66,131559,77,355842
36499,0.002524,172.217.194.0-255,3602,135161,77,355842
36500,0.003887,172.31.40.0-255,66,135227,77,355842
36501,0.005011,172.217.194.0-255,1484,136711,77,355842
36502,0.006426,172.217.194.0-255,4320,141031,77,355842
36503,0.006431,172.31.40.0-255,66,141097,77,355842
36504,0.008996,172.217.194.0-255,5738,146835,77,355842
36505,0.009003,172.31.40.0-255,66,146901,77,355842
36506,0.011536,172.217.194.0-255,5738,152639,77,355842
36507,0.011545,172.31.40.0-255,66,152705,77,355842
36508,0.01408,172.217.194.0-255,5738,158443,77,355842
36509,0.01409,172.31.40.0-255,66,158509,77,355842
36510,0.016656,172.217.194.0-255,5738,164247,77,355842
36511,0.016666,172.31.40.0-255,66,164313,77,355842
36512,0.019235,172.217.194.0-255,5738,170051,77,355842
36513,0.019246,172.31.40.0-255,66,170117,77,355842
36514,0.021784,172.217.194.0-255,4320,174437,77,355842
36515,0.021792,172.31.40.0-255,66,174503,77,355842
36516,0.021811,172.217.194.0-255,1484,175987,77,355842
36517,0.024326,172.217.194.0-255,4320,180307,77,355842
36518,0.024333,172.31.40.0-255,66,180373,77,355842
36519,0.026919,172.217.194.0-255,5738,186111,77,355842
36520,0.026927,172.31.40.0-255,66,186177,77,355842
36521,0.027404,172.31.40.0-255,172,186349,77,355842
36522,0.027436,172.31.40.0-255,1120,187469,77,355842
36523,0.027492,172.31.40.0-255,1514,188983,77,355842
36524,0.027494,172.31.40.0-255,1514,190497,77,355842
36525,0.027498,172.31.40.0-255,1514,192011,77,355842
36526,0.027499,172.31.40.0-255,1055,193066,77,355842
36527,0.028968,104.244.42.0-255,66,193132,77,355842
36528,0.028997,104.244.42.0-255,66,193198,77,355842
36529,0.029056,104.244.42.0-255,66,193264,77,355842
36530,0.029069,104.244.42.0-255,66,193330,77,355842
36531,0.029499,172.217.194.0-255,5738,199068,77,355842
36532,0.029504,172.31.40.0-255,66,199134,77,355842
36533,0.032087,172.217.194.0-255,5738,204872,77,355842
36534,0.032093,172.31.40.0-255,66,204938,77,355842
36535,0.034641,172.217.194.0-255,5738,210676,77,355842
36536,0.034647,172.31.40.0-255,66,210742,77,355842
36537,0.037235,172.217.194.0-255,5738,216480,77,355842
36538,0.037242,172.31.40.0-255,66,216546,77,355842
36539,0.039813,172.217.194.0-255,5738,222284,77,355842
36540,0.039818,172.31.40.0-255,66,222350,77,355842
36541,0.042412,172.217.194.0-255,5738,228088,77,355842
36542,0.042417,172.31.40.0-255,66,228154,77,355842
36543,0.044999,172.217.194.0-255,5738,233892,77,355842
36544,0.045006,172.31.40.0-255,66,233958,77,355842
36545,0.047589,172.217.194.0-255,5738,239696,77,355842
36546,0.047596,172.31.40.0-255,66,239762,77,355842
36547,0.050184,172.217.194.0-255,5738,245500,77,355842
36548,0.050191,172.31.40.0-255,66,245566,77,355842
36549,0.052778,172.217.194.0-255,5738,251304,77,355842
36550,0.052784,172.31.40.0-255,66,251370,77,355842
36551,0.055369,172.217.194.0-255,5738,257108,77,355842
36552,0.055376,172.31.40.0-255,66,257174,77,355842
36553,0.057973,172.217.194.0-255,5738,262912,77,355842
36554,0.057979,172.31.40.0-255,66,262978,77,355842
36555,0.060572,172.217.194.0-255,5738,268716,77,355842
36556,0.060578,172.31.40.0-255,66,268782,77,355842
36557,0.063186,172.217.194.0-255,5738,274520,77,355842
36558,0.063197,172.31.40.0-255,66,274586,77,355842
36559,0.065778,172.217.194.0-255,5738,280324,77,355842
36560,0.065784,172.31.40.0-255,66,280390,77,355842
36561,0.068346,172.217.194.0-255,5738,286128,77,355842
36562,0.068352,172.31.40.0-255,66,286194,77,355842
36563,0.070912,172.217.194.0-255,5738,291932,77,355842
36564,0.070919,172.31.40.0-255,66,291998,77,355842
36565,0.073485,172.217.194.0-255,5738,297736,77,355842
36566,0.073492,172.31.40.0-255,66,297802,77,355842
36567,0.076114,172.217.194.0-255,5738,303540,77,355842
36568,0.076121,172.31.40.0-255,66,303606,77,355842
36569,0.07872,172.217.194.0-255,5738,309344,77,355842
36570,0.078726,172.31.40.0-255,66,309410,77,355842
36571,0.081287,172.217.194.0-255,5738,315148,77,355842
36572,0.081294,172.31.40.0-255,66,315214,77,355842
36573,0.083884,172.217.194.0-255,5738,320952,77,355842
36574,0.08389,172.31.40.0-255,66,321018,77,355842
36575,0.086454,172.217.194.0-255,5738,326756,77,355842
36576,0.08646,172.31.40.0-255,66,326822,77,355842
36577,0.089071,172.217.194.0-255,5738,332560,77,355842
36578,0.089077,172.31.40.0-255,66,332626,77,355842
36579,0.091669,172.217.194.0-255,5738,338364,77,355842
36580,0.091675,172.31.40.0-255,66,338430,77,355842
36581,0.094235,172.217.194.0-255,5738,344168,77,355842
36582,0.094241,172.31.40.0-255,66,344234,77,355842
36583,0.096819,172.217.194.0-255,5738,349972,77,355842
36584,0.096828,172.31.40.0-255,66,350038,77,355842
36585,0.099368,172.217.194.0-255,5738,355776,77,355842
36586,0.099375,172.31.40.0-255,66,355842,77,355842
36587,0.0,74.125.200.0-255,150,150,77,418487
36588,2.3e-05,172.31.40.0-255,66,216,77,418487
36589,3e-05,74.125.200.0-255,1484,1700,77,418487
36590,3.5e-05,172.31.40.0-255,66,1766,77,418487
36591,3.8e-05,74.125.200.0-255,1484,3250,77,418487
36592,5e-05,172.31.40.0-255,66,3316,77,418487
36593,8.7e-05,74.125.200.0-255,2902,6218,77,418487
36594,9.1e-05,172.31.40.0-255,66,6284,77,418487
36595,9.7e-05,74.125.200.0-255,4320,10604,77,418487
36596,0.0001,172.31.40.0-255,66,10670,77,418487
36597,0.000131,74.125.200.0-255,2902,13572,77,418487
36598,0.000133,172.31.40.0-255,66,13638,77,418487
36599,0.000162,74.125.200.0-255,3556,17194,77,418487
36600,0.000165,172.31.40.0-255,66,17260,77,418487
36601,0.000191,74.125.200.0-255,4320,21580,77,418487
36602,0.000193,172.31.40.0-255,66,21646,77,418487
36603,0.000236,74.125.200.0-255,8574,30220,77,418487
36604,0.000239,172.31.40.0-255,66,30286,77,418487
36605,0.000267,74.125.200.0-255,1125,31411,77,418487
36606,0.000269,172.31.40.0-255,66,31477,77,418487
36607,0.000342,74.125.200.0-255,1484,32961,77,418487
36608,0.000345,172.31.40.0-255,66,33027,77,418487
36609,0.00035,74.125.200.0-255,2902,35929,77,418487
36610,0.000353,172.31.40.0-255,66,35995,77,418487
36611,0.000383,74.125.200.0-255,4320,40315,77,418487
36612,0.000386,172.31.40.0-255,66,40381,77,418487
36613,0.000428,74.125.200.0-255,5738,46119,77,418487
36614,0.000432,172.31.40.0-255,66,46185,77,418487
36615,0.00044,74.125.200.0-255,7156,53341,77,418487
36616,0.000442,172.31.40.0-255,66,53407,77,418487
36617,0.000472,74.125.200.0-255,5379,58786,77,418487
36618,0.000475,172.31.40.0-255,66,58852,77,418487
36619,0.000481,74.125.200.0-255,4320,63172,77,418487
36620,0.000483,172.31.40.0-255,66,63238,77,418487
36621,0.000487,74.125.200.0-255,2880,66118,77,418487
36622,0.000493,172.31.40.0-255,66,66184,77,418487
36623,0.000557,74.125.200.0-255,349,66533,77,418487
36624,0.001126,74.125.200.0-255,1484,68017,77,418487
36625,0.001131,172.31.40.0-255,66,68083,77,418487
36626,0.001137,74.125.200.0-255,2902,70985,77,418487
36627,0.00114,172.31.40.0-255,66,71051,77,418487
36628,0.001166,74.125.200.0-255,5738,76789,77,418487
36629,0.001169,172.31.40.0-255,66,76855,77,418487
36630,0.0012,74.125.200.0-255,9992,86847,77,418487
36631,0.001203,172.31.40.0-255,66,86913,77,418487
36632,0.001228,74.125.200.0-255,5738,92651,77,418487
36633,0.001231,172.31.40.0-255,66,92717,77,418487
36634,0.001259,74.125.200.0-255,5738,98455,77,418487
36635,0.001262,172.31.40.0-255,66,98521,77,418487
36636,0.001265,74.125.200.0-255,1484,100005,77,418487
36637,0.001268,74.125.200.0-255,766,100771,77,418487
36638,0.00127,172.31.40.0-255,66,100837,77,418487
36639,0.001368,74.125.200.0-255,1484,102321,77,418487
36640,0.001414,74.125.200.0-255,1484,103805,77,418487
36641,0.001418,172.31.40.0-255,66,103871,77,418487
36642,0.001444,74.125.200.0-255,1484,105355,77,418487
36643,0.001467,74.125.200.0-255,2902,108257,77,418487
36644,0.00147,172.31.40.0-255,66,108323,77,418487
36645,0.001495,74.125.200.0-255,4320,112643,77,418487
36646,0.001498,172.31.40.0-255,66,112709,77,418487
36647,0.001528,74.125.200.0-255,5738,118447,77,418487
36648,0.00153,172.31.40.0-255,66,118513,77,418487
36649,0.001566,74.125.200.0-255,7156,125669,77,418487
36650,0.001568,172.31.40.0-255,66,125735,77,418487
36651,0.001572,74.125.200.0-255,1484,127219,77,418487
36652,0.001598,74.125.200.0-255,7156,134375,77,418487
36653,0.001601,172.31.40.0-255,66,134441,77,418487
36654,0.001604,74.125.200.0-255,766,135207,77,418487
36655,0.001747,74.125.200.0-255,1484,136691,77,418487
36656,0.001752,172.31.40.0-255,66,136757,77,418487
36657,0.001757,74.125.200.0-255,2902,139659,77,418487
36658,0.00176,172.31.40.0-255,66,139725,77,418487
36659,0.001763,74.125.200.0-255,1484,141209,77,418487
36660,0.001807,74.125.200.0-255,4320,145529,77,418487
36661,0.00181,172.31.40.0-255,66,145595,77,418487
36662,0.001818,74.125.200.0-255,7156,152751,77,418487
36663,0.00182,172.31.40.0-255,66,152817,77,418487
36664,0.001829,74.125.200.0-255,8574,161391,77,418487
36665,0.001831,172.31.40.0-255,66,161457,77,418487
36666,0.001861,74.125.200.0-255,7856,169313,77,418487
36667,0.001864,172.31.40.0-255,66,169379,77,418487
36668,0.001995,74.125.200.0-255,1484,170863,77,418487
36669,0.001999,74.125.200.0-255,1484,172347,77,418487
36670,0.002002,172.31.40.0-255,66,172413,77,418487
36671,0.002036,74.125.200.0-255,1484,173897,77,418487
36672,0.002042,74.125.200.0-255,5738,179635,77,418487
36673,0.002045,172.31.40.0-255,66,179701,77,418487
36674,0.002053,74.125.200.0-255,8574,188275,77,418487
36675,0.002055,172.31.40.0-255,66,188341,77,418487
36676,0.002066,74.125.200.0-255,5738,194079,77,418487
36677,0.002068,172.31.40.0-255,66,194145,77,418487
36678,0.002097,74.125.200.0-255,4320,198465,77,418487
36679,0.002103,74.125.200.0-255,5020,203485,77,418487
36680,0.002108,172.31.40.0-255,66,203551,77,418487
36681,0.002115,172.31.40.0-255,66,203617,77,418487
36682,0.004414,74.125.200.0-255,5738,209355,77,418487
36683,0.004426,172.31.40.0-255,66,209421,77,418487
36684,0.00669,74.125.200.0-255,5738,215159,77,418487
36685,0.006703,172.31.40.0-255,66,215225,77,418487
36686,0.009019,74.125.200.0-255,5738,220963,77,418487
36687,0.009029,172.31.40.0-255,66,221029,77,418487
36688,0.011298,74.125.200.0-255,5738,226767,77,418487
36689,0.011316,172.31.40.0-255,66,226833,77,418487
36690,0.0136,74.125.200.0-255,5738,232571,77,418487
36691,0.013615,172.31.40.0-255,66,232637,77,418487
36692,0.01588,74.125.200.0-255,5738,238375,77,418487
36693,0.015888,172.31.40.0-255,66,238441,77,418487
36694,0.018147,74.125.200.0-255,5738,244179,77,418487
36695,0.018165,172.31.40.0-255,66,244245,77,418487
36696,0.020439,74.125.200.0-255,5738,249983,77,418487
36697,0.020455,172.31.40.0-255,66,250049,77,418487
36698,0.022723,74.125.200.0-255,5738,255787,77,418487
36699,0.022736,172.31.40.0-255,66,255853,77,418487
36700,0.025018,74.125.200.0-255,5738,261591,77,418487
36701,0.025038,172.31.40.0-255,66,261657,77,418487
36702,0.027314,74.125.200.0-255,5738,267395,77,418487
36703,0.02733,172.31.40.0-255,66,267461,77,418487
36704,0.029609,74.125.200.0-255,5738,273199,77,418487
36705,0.029624,172.31.40.0-255,66,273265,77,418487
36706,0.031906,74.125.200.0-255,5738,279003,77,418487
36707,0.031922,172.31.40.0-255,66,279069,77,418487
36708,0.0342,74.125.200.0-255,5738,284807,77,418487
36709,0.03422,172.31.40.0-255,66,284873,77,418487
36710,0.0365,74.125.200.0-255,5738,290611,77,418487
36711,0.036518,172.31.40.0-255,66,290677,77,418487
36712,0.03879,74.125.200.0-255,5738,296415,77,418487
36713,0.038805,172.31.40.0-255,66,296481,77,418487
36714,0.041098,74.125.200.0-255,5738,302219,77,418487
36715,0.041117,172.31.40.0-255,66,302285,77,418487
36716,0.043395,74.125.200.0-255,5738,308023,77,418487
36717,0.043411,172.31.40.0-255,66,308089,77,418487
36718,0.045137,172.31.40.0-255,176,308265,77,418487
36719,0.045169,172.31.40.0-255,1121,309386,77,418487
36720,0.045225,172.31.40.0-255,1514,310900,77,418487
36721,0.045227,172.31.40.0-255,1274,312174,77,418487
36722,0.045667,74.125.200.0-255,5738,317912,77,418487
36723,0.045674,172.31.40.0-255,66,317978,77,418487
36724,0.046709,104.244.42.0-255,66,318044,77,418487
36725,0.046719,104.244.42.0-255,66,318110,77,418487
36726,0.046812,104.244.42.0-255,66,318176,77,418487
36727,0.047935,74.125.200.0-255,5738,323914,77,418487
36728,0.04795,172.31.40.0-255,66,323980,77,418487
36729,0.050231,74.125.200.0-255,5738,329718,77,418487
36730,0.050266,172.31.40.0-255,66,329784,77,418487
36731,0.052573,74.125.200.0-255,5738,335522,77,418487
36732,0.052594,172.31.40.0-255,66,335588,77,418487
36733,0.05488,74.125.200.0-255,5738,341326,77,418487
36734,0.0549,172.31.40.0-255,66,341392,77,418487
36735,0.057194,74.125.200.0-255,5738,347130,77,418487
36736,0.057211,172.31.40.0-255,66,347196,77,418487
36737,0.0595,74.125.200.0-255,5738,352934,77,418487
36738,0.05952,172.31.40.0-255,66,353000,77,418487
36739,0.061796,74.125.200.0-255,5738,358738,77,418487
36740,0.061815,172.31.40.0-255,66,358804,77,418487
36741,0.064098,74.125.200.0-255,5738,364542,77,418487
36742,0.064117,172.31.40.0-255,66,364608,77,418487
36743,0.066396,74.125.200.0-255,5738,370346,77,418487
36744,0.066416,172.31.40.0-255,66,370412,77,418487
36745,0.068717,74.125.200.0-255,5738,376150,77,418487
36746,0.068739,172.31.40.0-255,66,376216,77,418487
36747,0.071023,74.125.200.0-255,5738,381954,77,418487
36748,0.071043,172.31.40.0-255,66,382020,77,418487
36749,0.073312,74.125.200.0-255,5738,387758,77,418487
36750,0.073325,172.31.40.0-255,66,387824,77,418487
36751,0.075599,74.125.200.0-255,5738,393562,77,418487
36752,0.075607,172.31.40.0-255,66,393628,77,418487
36753,0.077907,74.125.200.0-255,5738,399366,77,418487
36754,0.077918,172.31.40.0-255,66,399432,77,418487
36755,0.08019,74.125.200.0-255,5738,405170,77,418487
36756,0.080199,172.31.40.0-255,66,405236,77,418487
36757,0.082482,74.125.200.0-255,5738,410974,77,418487
36758,0.08249,172.31.40.0-255,66,411040,77,418487
36759,0.084765,74.125.200.0-255,5738,416778,77,418487
36760,0.084772,172.31.40.0-255,66,416844,77,418487
36761,0.087035,74.125.200.0-255,1406,418250,77,418487
36762,0.087194,172.31.40.0-255,66,418316,77,418487
36763,0.087233,172.31.40.0-255,105,418421,77,418487
36764,0.089462,74.125.200.0-255,66,418487,77,418487
36765,0.0,74.125.24.0-255,150,150,77,322806
36766,1.4e-05,172.31.40.0-255,66,216,77,322806
36767,2e-05,74.125.24.0-255,1484,1700,77,322806
36768,2.5e-05,172.31.40.0-255,66,1766,77,322806
36769,3.1e-05,74.125.24.0-255,2902,4668,77,322806
36770,3.5e-05,172.31.40.0-255,66,4734,77,322806
36771,4.2e-05,74.125.24.0-255,7156,11890,77,322806
36772,4.6e-05,172.31.40.0-255,66,11956,77,322806
36773,6.7e-05,74.125.24.0-255,4320,16276,77,322806
36774,6.9e-05,172.31.40.0-255,66,16342,77,322806
36775,9.4e-05,74.125.24.0-255,2021,18363,77,322806
36776,9.6e-05,172.31.40.0-255,66,18429,77,322806
36777,0.000103,74.125.24.0-255,7156,25585,77,322806
36778,0.000106,172.31.40.0-255,66,25651,77,322806
36779,0.000111,74.125.24.0-255,5379,31030,77,322806
36780,0.000115,172.31.40.0-255,66,31096,77,322806
36781,0.000175,74.125.24.0-255,1484,32580,77,322806
36782,0.000178,172.31.40.0-255,66,32646,77,322806
36783,0.000183,74.125.24.0-255,2902,35548,77,322806
36784,0.000185,172.31.40.0-255,66,35614,77,322806
36785,0.000196,74.125.24.0-255,1484,37098,77,322806
36786,0.000198,172.31.40.0-255,66,37164,77,322806
36787,0.000214,74.125.24.0-255,4320,41484,77,322806
36788,0.000216,172.31.40.0-255,66,41550,77,322806
36789,0.000221,74.125.24.0-255,4320,45870,77,322806
36790,0.000223,172.31.40.0-255,66,45936,77,322806
36791,0.000226,74.125.24.0-255,1484,47420,77,322806
36792,0.000228,172.31.40.0-255,66,47486,77,322806
36793,0.000257,74.125.24.0-255,11051,58537,77,322806
36794,0.000259,172.31.40.0-255,66,58603,77,322806
36795,0.000284,74.125.24.0-255,7072,65675,77,322806
36796,0.000286,172.31.40.0-255,66,65741,77,322806
36797,0.000362,74.125.24.0-255,131,65872,77,322806
36798,0.000465,74.125.24.0-255,1484,67356,77,322806
36799,0.000469,172.31.40.0-255,66,67422,77,322806
36800,0.000476,74.125.24.0-255,2902,70324,77,322806
36801,0.000478,172.31.40.0-255,66,70390,77,322806
36802,0.000506,74.125.24.0-255,5738,76128,77,322806
36803,0.000509,172.31.40.0-255,66,76194,77,322806
36804,0.000512,74.125.24.0-255,1484,77678,77,322806
36805,0.000538,74.125.24.0-255,11051,88729,77,322806
36806,0.000541,172.31.40.0-255,66,88795,77,322806
36807,0.000574,74.125.24.0-255,7156,95951,77,322806
36808,0.000578,172.31.40.0-255,66,96017,77,322806
36809,0.000598,74.125.24.0-255,4241,100258,77,322806
36810,0.000601,172.31.40.0-255,66,100324,77,322806
36811,0.000735,74.125.24.0-255,1484,101808,77,322806
36812,0.000741,74.125.24.0-255,2902,104710,77,322806
36813,0.000744,172.31.40.0-255,66,104776,77,322806
36814,0.000767,74.125.24.0-255,5738,110514,77,322806
36815,0.00077,172.31.40.0-255,66,110580,77,322806
36816,0.000778,74.125.24.0-255,8574,119154,77,322806
36817,0.000781,172.31.40.0-255,66,119220,77,322806
36818,0.000834,74.125.24.0-255,9992,129212,77,322806
36819,0.000837,172.31.40.0-255,66,129278,77,322806
36820,0.000854,74.125.24.0-255,5020,134298,77,322806
36821,0.000857,172.31.40.0-255,66,134364,77,322806
36822,0.000862,74.125.24.0-255,4320,138684,77,322806
36823,0.000865,172.31.40.0-255,66,138750,77,322806
36824,0.0009,74.125.24.0-255,11410,150160,77,322806
36825,0.000904,172.31.40.0-255,66,150226,77,322806
36826,0.000913,74.125.24.0-255,11410,161636,77,322806
36827,0.000916,172.31.40.0-255,66,161702,77,322806
36828,0.000918,74.125.24.0-255,1484,163186,77,322806
36829,0.000949,74.125.24.0-255,5020,168206,77,322806
36830,0.000954,172.31.40.0-255,66,168272,77,322806
36831,0.001004,74.125.24.0-255,1484,169756,77,322806
36832,0.001022,74.125.24.0-255,2902,172658,77,322806
36833,0.001025,172.31.40.0-255,66,172724,77,322806
36834,0.001032,74.125.24.0-255,5738,178462,77,322806
36835,0.001034,172.31.40.0-255,66,178528,77,322806
36836,0.001058,74.125.24.0-255,11410,189938,77,322806
36837,0.001062,172.31.40.0-255,66,190004,77,322806
36838,0.001079,74.125.24.0-255,1484,191488,77,322806
36839,0.001087,74.125.24.0-255,8574,200062,77,322806
36840,0.00109,172.31.40.0-255,66,200128,77,322806
36841,0.001107,74.125.24.0-255,2184,202312,77,322806
36842,0.001109,172.31.40.0-255,66,202378,77,322806
36843,0.001234,74.125.24.0-255,1484,203862,77,322806
36844,0.00124,74.125.24.0-255,2902,206764,77,322806
36845,0.001243,172.31.40.0-255,66,206830,77,322806
36846,0.001248,74.125.24.0-255,2902,209732,77,322806
36847,0.00125,172.31.40.0-255,66,209798,77,322806
36848,0.001267,74.125.24.0-255,2902,212700,77,322806
36849,0.001269,172.31.40.0-255,66,212766,77,322806
36850,0.001279,74.125.24.0-255,9992,222758,77,322806
36851,0.001281,172.31.40.0-255,66,222824,77,322806
36852,0.001315,74.125.24.0-255,2902,225726,77,322806
36853,0.001318,172.31.40.0-255,66,225792,77,322806
36854,0.001327,74.125.24.0-255,10692,236484,77,322806
36855,0.00133,172.31.40.0-255,66,236550,77,322806
36856,0.001411,74.125.24.0-255,1484,238034,77,322806
36857,0.00143,74.125.24.0-255,2902,240936,77,322806
36858,0.001434,172.31.40.0-255,66,241002,77,322806
36859,0.001441,74.125.24.0-255,5738,246740,77,322806
36860,0.001443,172.31.40.0-255,66,246806,77,322806
36861,0.001448,74.125.24.0-255,4320,251126,77,322806
36862,0.001451,172.31.40.0-255,66,251192,77,322806
36863,0.001498,74.125.24.0-255,5738,256930,77,322806
36864,0.001502,172.31.40.0-255,66,256996,77,322806
36865,0.001514,74.125.24.0-255,13528,270524,77,322806
36866,0.001516,172.31.40.0-255,66,270590,77,322806
36867,0.001623,74.125.24.0-255,1484,272074,77,322806
36868,0.001629,74.125.24.0-255,2902,274976,77,322806
36869,0.001632,172.31.40.0-255,66,275042,77,322806
36870,0.001637,74.125.24.0-255,2902,277944,77,322806
36871,0.001639,172.31.40.0-255,66,278010,77,322806
36872,0.001652,74.125.24.0-255,2902,280912,77,322806
36873,0.001654,172.31.40.0-255,66,280978,77,322806
36874,0.001657,74.125.24.0-255,1484,282462,77,322806
36875,0.00171,74.125.24.0-255,9992,292454,77,322806
36876,0.001713,172.31.40.0-255,66,292520,77,322806
36877,0.001725,74.125.24.0-255,1484,294004,77,322806
36878,0.001743,172.31.40.0-255,66,294070,77,322806
36879,0.001762,172.31.40.0-255,66,294136,77,322806
36880,0.001767,74.125.24.0-255,4320,298456,77,322806
36881,0.00177,172.31.40.0-255,66,298522,77,322806
36882,0.001795,74.125.24.0-255,7856,306378,77,322806
36883,0.001798,172.31.40.0-255,66,306444,77,322806
36884,0.001816,74.125.24.0-255,4320,310764,77,322806
36885,0.001819,172.31.40.0-255,66,310830,77,322806
36886,0.001867,172.31.40.0-255,66,310896,77,322806
36887,0.001874,74.125.24.0-255,7156,318052,77,322806
36888,0.001877,172.31.40.0-255,66,318118,77,322806
36889,0.00193,172.31.40.0-255,66,318184,77,322806
36890,0.001933,74.125.24.0-255,105,318289,77,322806
36891,0.00435,172.31.40.0-255,66,318355,77,322806
36892,0.004382,172.31.40.0-255,105,318460,77,322806
36893,0.006376,74.125.24.0-255,66,318526,77,322806
36894,0.032697,172.31.40.0-255,171,318697,77,322806
36895,0.032734,172.31.40.0-255,1144,319841,77,322806
36896,0.032802,172.31.40.0-255,1514,321355,77,322806
36897,0.032804,172.31.40.0-255,1253,322608,77,322806
36898,0.034214,104.244.42.0-255,66,322674,77,322806
36899,0.034252,104.244.42.0-255,66,322740,77,322806
36900,0.03433,104.244.42.0-255,66,322806,77,322806
36901,0.0,172.31.40.0-255,105,105,77,459
36902,0.000214,172.31.40.0-255,90,195,77,459
36903,0.000222,172.31.40.0-255,66,261,77,459
36904,0.003115,74.125.24.0-255,66,327,77,459
36905,0.004961,74.125.24.0-255,66,393,77,459
36906,0.004982,172.31.40.0-255,66,459,77,459
36907,0.0,74.125.24.0-255,152,152,77,368463
36908,2.3e-05,172.31.40.0-255,66,218,77,368463
36909,3e-05,74.125.24.0-255,1484,1702,77,368463
36910,3.5e-05,172.31.40.0-255,66,1768,77,368463
36911,4.1e-05,74.125.24.0-255,2902,4670,77,368463
36912,5.2e-05,172.31.40.0-255,66,4736,77,368463
36913,6e-05,74.125.24.0-255,7156,11892,77,368463
36914,6.4e-05,172.31.40.0-255,66,11958,77,368463
36915,6.8e-05,74.125.24.0-255,1985,13943,77,368463
36916,7.1e-05,172.31.40.0-255,66,14009,77,368463
36917,0.000131,74.125.24.0-255,1484,15493,77,368463
36918,0.000133,172.31.40.0-255,66,15559,77,368463
36919,0.000138,74.125.24.0-255,2902,18461,77,368463
36920,0.000141,172.31.40.0-255,66,18527,77,368463
36921,0.000172,74.125.24.0-255,5738,24265,77,368463
36922,0.000175,172.31.40.0-255,66,24331,77,368463
36923,0.000205,74.125.24.0-255,5738,30069,77,368463
36924,0.000208,172.31.40.0-255,66,30135,77,368463
36925,0.000225,74.125.24.0-255,1125,31260,77,368463
36926,0.000228,172.31.40.0-255,66,31326,77,368463
36927,0.000343,74.125.24.0-255,1484,32810,77,368463
36928,0.000348,172.31.40.0-255,66,32876,77,368463
36929,0.000353,74.125.24.0-255,2902,35778,77,368463
36930,0.000356,172.31.40.0-255,66,35844,77,368463
36931,0.000385,74.125.24.0-255,5738,41582,77,368463
36932,0.000388,172.31.40.0-255,66,41648,77,368463
36933,0.000392,74.125.24.0-255,2902,44550,77,368463
36934,0.000394,172.31.40.0-255,66,44616,77,368463
36935,0.000431,74.125.24.0-255,11051,55667,77,368463
36936,0.000434,172.31.40.0-255,66,55733,77,368463
36937,0.000439,74.125.24.0-255,2902,58635,77,368463
36938,0.000441,172.31.40.0-255,66,58701,77,368463
36939,0.000467,74.125.24.0-255,5738,64439,77,368463
36940,0.00047,172.31.40.0-255,66,64505,77,368463
36941,0.000499,74.125.24.0-255,1125,65630,77,368463
36942,0.001067,74.125.24.0-255,414,66044,77,368463
36943,0.001096,74.125.24.0-255,330,66374,77,368463
36944,0.0011,172.31.40.0-255,66,66440,77,368463
36945,0.002016,74.125.24.0-255,1484,67924,77,368463
36946,0.002028,74.125.24.0-255,2902,70826,77,368463
36947,0.002033,172.31.40.0-255,66,70892,77,368463
36948,0.002064,74.125.24.0-255,5738,76630,77,368463
36949,0.002067,172.31.40.0-255,66,76696,77,368463
36950,0.002099,74.125.24.0-255,9992,86688,77,368463
36951,0.002102,172.31.40.0-255,66,86754,77,368463
36952,0.002109,74.125.24.0-255,5738,92492,77,368463
36953,0.002111,172.31.40.0-255,66,92558,77,368463
36954,0.002142,74.125.24.0-255,5738,98296,77,368463
36955,0.002144,172.31.40.0-255,66,98362,77,368463
36956,0.002148,74.125.24.0-255,2184,100546,77,368463
36957,0.002151,172.31.40.0-255,66,100612,77,368463
36958,0.002208,74.125.24.0-255,1484,102096,77,368463
36959,0.002214,74.125.24.0-255,2902,104998,77,368463
36960,0.002216,172.31.40.0-255,66,105064,77,368463
36961,0.002275,74.125.24.0-255,5738,110802,77,368463
36962,0.002277,172.31.40.0-255,66,110868,77,368463
36963,0.002288,74.125.24.0-255,12828,123696,77,368463
36964,0.002295,172.31.40.0-255,66,123762,77,368463
36965,0.002305,74.125.24.0-255,10692,134454,77,368463
36966,0.002308,172.31.40.0-255,66,134520,77,368463
36967,0.004711,74.125.24.0-255,5738,140258,77,368463
36968,0.004715,172.31.40.0-255,66,140324,77,368463
36969,0.006169,172.31.40.0-255,101,140425,77,368463
36970,0.007128,74.125.24.0-255,5738,146163,77,368463
36971,0.007134,172.31.40.0-255,66,146229,77,368463
36972,0.008568,74.125.24.0-255,66,146295,77,368463
36973,0.009577,74.125.24.0-255,2902,149197,77,368463
36974,0.009584,172.31.40.0-255,66,149263,77,368463
36975,0.009611,74.125.24.0-255,2902,152165,77,368463
36976,0.009614,172.31.40.0-255,66,152231,77,368463
36977,0.011974,74.125.24.0-255,2902,155133,77,368463
36978,0.011984,172.31.40.0-255,66,155199,77,368463
36979,0.012044,74.125.24.0-255,2902,158101,77,368463
36980,0.012048,172.31.40.0-255,66,158167,77,368463
36981,0.01441,74.125.24.0-255,2902,161069,77,368463
36982,0.014418,172.31.40.0-255,66,161135,77,368463
36983,0.014465,74.125.24.0-255,2902,164037,77,368463
36984,0.014468,172.31.40.0-255,66,164103,77,368463
36985,0.01682,74.125.24.0-255,2902,167005,77,368463
36986,0.016829,172.31.40.0-255,66,167071,77,368463
36987,0.016865,74.125.24.0-255,2902,169973,77,368463
36988,0.016868,172.31.40.0-255,66,170039,77,368463
36989,0.019198,74.125.24.0-255,2902,172941,77,368463
36990,0.019205,172.31.40.0-255,66,173007,77,368463
36991,0.019255,74.125.24.0-255,2902,175909,77,368463
36992,0.019258,172.31.40.0-255,66,175975,77,368463
36993,0.021612,74.125.24.0-255,5738,181713,77,368463
36994,0.021619,172.31.40.0-255,66,181779,77,368463
36995,0.021973,172.31.40.0-255,171,181950,77,368463
36996,0.022003,172.31.40.0-255,614,182564,77,368463
36997,0.024028,74.125.24.0-255,5738,188302,77,368463
36998,0.024035,172.31.40.0-255,66,188368,77,368463
36999,0.024214,104.244.42.0-255,66,188434,77,368463
37000,0.026507,74.125.24.0-255,5738,194172,77,368463
37001,0.026515,172.31.40.0-255,66,194238,77,368463
37002,0.028953,74.125.24.0-255,5738,199976,77,368463
37003,0.02896,172.31.40.0-255,66,200042,77,368463
37004,0.031361,74.125.24.0-255,5738,205780,77,368463
37005,0.031367,172.31.40.0-255,66,205846,77,368463
37006,0.033781,74.125.24.0-255,5738,211584,77,368463
37007,0.033788,172.31.40.0-255,66,211650,77,368463
37008,0.036237,74.125.24.0-255,5738,217388,77,368463
37009,0.036245,172.31.40.0-255,66,217454,77,368463
37010,0.038641,74.125.24.0-255,5738,223192,77,368463
37011,0.038649,172.31.40.0-255,66,223258,77,368463
37012,0.041035,74.125.24.0-255,5738,228996,77,368463
37013,0.041042,172.31.40.0-255,66,229062,77,368463
37014,0.043459,74.125.24.0-255,5738,234800,77,368463
37015,0.043469,172.31.40.0-255,66,234866,77,368463
37016,0.045896,74.125.24.0-255,5738,240604,77,368463
37017,0.045904,172.31.40.0-255,66,240670,77,368463
37018,0.048308,74.125.24.0-255,5738,246408,77,368463
37019,0.048315,172.31.40.0-255,66,246474,77,368463
37020,0.050704,74.125.24.0-255,5738,252212,77,368463
37021,0.05071,172.31.40.0-255,66,252278,77,368463
37022,0.053116,74.125.24.0-255,5738,258016,77,368463
37023,0.05314,172.31.40.0-255,66,258082,77,368463
37024,0.055558,74.125.24.0-255,5738,263820,77,368463
37025,0.055577,172.31.40.0-255,66,263886,77,368463
37026,0.058,74.125.24.0-255,5738,269624,77,368463
37027,0.05802,172.31.40.0-255,66,269690,77,368463
37028,0.060405,74.125.24.0-255,5738,275428,77,368463
37029,0.060425,172.31.40.0-255,66,275494,77,368463
37030,0.062157,172.31.40.0-255,105,275599,77,368463
37031,0.062856,74.125.24.0-255,5738,281337,77,368463
37032,0.062868,172.31.40.0-255,66,281403,77,368463
37033,0.065293,74.125.24.0-255,5738,287141,77,368463
37034,0.065312,172.31.40.0-255,66,287207,77,368463
37035,0.067799,74.125.24.0-255,5738,292945,77,368463
37036,0.067822,172.31.40.0-255,66,293011,77,368463
37037,0.070243,74.125.24.0-255,5738,298749,77,368463
37038,0.070261,172.31.40.0-255,66,298815,77,368463
37039,0.072677,74.125.24.0-255,5738,304553,77,368463
37040,0.072691,172.31.40.0-255,66,304619,77,368463
37041,0.075145,74.125.24.0-255,5738,310357,77,368463
37042,0.075164,172.31.40.0-255,66,310423,77,368463
37043,0.077545,74.125.24.0-255,5738,316161,77,368463
37044,0.077564,172.31.40.0-255,66,316227,77,368463
37045,0.079996,74.125.24.0-255,5738,321965,77,368463
37046,0.080003,172.31.40.0-255,66,322031,77,368463
37047,0.082391,74.125.24.0-255,5738,327769,77,368463
37048,0.082398,172.31.40.0-255,66,327835,77,368463
37049,0.084786,74.125.24.0-255,5738,333573,77,368463
37050,0.084793,172.31.40.0-255,66,333639,77,368463
37051,0.087169,74.125.24.0-255,5738,339377,77,368463
37052,0.087176,172.31.40.0-255,66,339443,77,368463
37053,0.089554,74.125.24.0-255,5738,345181,77,368463
37054,0.08956,172.31.40.0-255,66,345247,77,368463
37055,0.091993,74.125.24.0-255,5738,350985,77,368463
37056,0.092,172.31.40.0-255,66,351051,77,368463
37057,0.09442,74.125.24.0-255,5738,356789,77,368463
37058,0.094426,172.31.40.0-255,66,356855,77,368463
37059,0.09682,74.125.24.0-255,5738,362593,77,368463
37060,0.096826,172.31.40.0-255,66,362659,77,368463
37061,0.099255,74.125.24.0-255,5738,368397,77,368463
37062,0.099262,172.31.40.0-255,66,368463,77,368463
37063,0.0,172.31.40.0-255,105,105,77,459
37064,0.000246,172.31.40.0-255,90,195,77,459
37065,0.000257,172.31.40.0-255,66,261,77,459
37066,0.002245,74.125.24.0-255,66,327,77,459
37067,0.002279,74.125.24.0-255,66,393,77,459
37068,0.002303,172.31.40.0-255,66,459,77,459
37069,0.0,172.31.40.0-255,105,105,77,459
37070,0.000237,172.31.40.0-255,90,195,77,459
37071,0.000249,172.31.40.0-255,66,261,77,459
37072,0.002545,74.125.130.0-255,66,327,77,459
37073,0.002577,74.125.130.0-255,66,393,77,459
37074,0.002601,172.31.40.0-255,66,459,77,459
37075,0.0,172.217.194.0-255,151,151,77,423885
37076,1.7e-05,172.31.40.0-255,66,217,77,423885
37077,2.4e-05,172.217.194.0-255,1484,1701,77,423885
37078,2.9e-05,172.31.40.0-255,66,1767,77,423885
37079,3.5e-05,172.217.194.0-255,2902,4669,77,423885
37080,3.8e-05,172.31.40.0-255,66,4735,77,423885
37081,4.6e-05,172.217.194.0-255,7156,11891,77,423885
37082,4.9e-05,172.31.40.0-255,66,11957,77,423885
37083,9e-05,172.217.194.0-255,2038,13995,77,423885
37084,9.3e-05,172.31.40.0-255,66,14061,77,423885
37085,0.000202,172.217.194.0-255,1484,15545,77,423885
37086,0.000206,172.31.40.0-255,66,15611,77,423885
37087,0.000212,172.217.194.0-255,2902,18513,77,423885
37088,0.000214,172.31.40.0-255,66,18579,77,423885
37089,0.00022,172.217.194.0-255,5738,24317,77,423885
37090,0.000222,172.31.40.0-255,66,24383,77,423885
37091,0.000245,172.217.194.0-255,2902,27285,77,423885
37092,0.000247,172.31.40.0-255,66,27351,77,423885
37093,0.000266,172.217.194.0-255,3961,31312,77,423885
37094,0.000269,172.31.40.0-255,66,31378,77,423885
37095,0.000305,172.217.194.0-255,1484,32862,77,423885
37096,0.000307,172.31.40.0-255,66,32928,77,423885
37097,0.000312,172.217.194.0-255,2902,35830,77,423885
37098,0.000314,172.31.40.0-255,66,35896,77,423885
37099,0.000317,172.217.194.0-255,1484,37380,77,423885
37100,0.000319,172.31.40.0-255,66,37446,77,423885
37101,0.000349,172.217.194.0-255,4320,41766,77,423885
37102,0.000351,172.31.40.0-255,66,41832,77,423885
37103,0.000357,172.217.194.0-255,6797,48629,77,423885
37104,0.000359,172.31.40.0-255,66,48695,77,423885
37105,0.00085,172.217.194.0-255,1484,50179,77,423885
37106,0.000855,172.31.40.0-255,66,50245,77,423885
37107,0.00086,172.217.194.0-255,2902,53147,77,423885
37108,0.000867,172.217.194.0-255,5738,58885,77,423885
37109,0.000911,172.217.194.0-255,2902,61787,77,423885
37110,0.000926,172.217.194.0-255,3961,65748,77,423885
37111,0.000946,172.31.40.0-255,66,65814,77,423885
37112,0.000966,172.217.194.0-255,1484,67298,77,423885
37113,0.00097,172.217.194.0-255,2902,70200,77,423885
37114,0.000988,172.217.194.0-255,5738,75938,77,423885
37115,0.000994,172.31.40.0-255,66,76004,77,423885
37116,0.001005,172.217.194.0-255,2902,78906,77,423885
37117,0.001023,172.217.194.0-255,3961,82867,77,423885
37118,0.001031,172.31.40.0-255,66,82933,77,423885
37119,0.001058,172.217.194.0-255,7156,90089,77,423885
37120,0.001067,172.31.40.0-255,66,90155,77,423885
37121,0.001091,172.217.194.0-255,7156,97311,77,423885
37122,0.001097,172.217.194.0-255,3123,100434,77,423885
37123,0.001102,172.31.40.0-255,66,100500,77,423885
37124,0.001445,172.217.194.0-255,1484,101984,77,423885
37125,0.001452,172.217.194.0-255,2902,104886,77,423885
37126,0.001455,172.31.40.0-255,66,104952,77,423885
37127,0.001461,172.217.194.0-255,2902,107854,77,423885
37128,0.001469,172.31.40.0-255,66,107920,77,423885
37129,0.001481,172.217.194.0-255,2902,110822,77,423885
37130,0.001488,172.217.194.0-255,5738,116560,77,423885
37131,0.001519,172.217.194.0-255,12828,129388,77,423885
37132,0.001522,172.31.40.0-255,66,129454,77,423885
37133,0.001528,172.31.40.0-255,66,129520,77,423885
37134,0.001541,172.217.194.0-255,5020,134540,77,423885
37135,0.001561,172.31.40.0-255,66,134606,77,423885
37136,0.001599,172.217.194.0-255,1484,136090,77,423885
37137,0.001604,172.217.194.0-255,2902,138992,77,423885
37138,0.001615,172.217.194.0-255,1484,140476,77,423885
37139,0.001631,172.217.194.0-255,4320,144796,77,423885
37140,0.001636,172.217.194.0-255,5738,150534,77,423885
37141,0.00164,172.31.40.0-255,66,150600,77,423885
37142,0.001651,172.217.194.0-255,2902,153502,77,423885
37143,0.001655,172.31.40.0-255,66,153568,77,423885
37144,0.001675,172.217.194.0-255,9992,163560,77,423885
37145,0.00168,172.217.194.0-255,4320,167880,77,423885
37146,0.001694,172.217.194.0-255,766,168646,77,423885
37147,0.0017,172.31.40.0-255,66,168712,77,423885
37148,0.001723,172.217.194.0-255,2902,171614,77,423885
37149,0.001744,172.217.194.0-255,2902,174516,77,423885
37150,0.001749,172.217.194.0-255,4320,178836,77,423885
37151,0.001751,172.31.40.0-255,66,178902,77,423885
37152,0.001768,172.31.40.0-255,66,178968,77,423885
37153,0.001797,172.217.194.0-255,11410,190378,77,423885
37154,0.001803,172.217.194.0-255,5738,196116,77,423885
37155,0.001825,172.31.40.0-255,66,196182,77,423885
37156,0.001856,172.217.194.0-255,5738,201920,77,423885
37157,0.00187,172.217.194.0-255,766,202686,77,423885
37158,0.001876,172.31.40.0-255,66,202752,77,423885
37159,0.002002,172.217.194.0-255,1484,204236,77,423885
37160,0.002006,172.217.194.0-255,1484,205720,77,423885
37161,0.002024,172.217.194.0-255,1484,207204,77,423885
37162,0.00203,172.217.194.0-255,5738,212942,77,423885
37163,0.002035,172.31.40.0-255,66,213008,77,423885
37164,0.002046,172.217.194.0-255,2902,215910,77,423885
37165,0.00205,172.31.40.0-255,66,215976,77,423885
37166,0.002071,172.217.194.0-255,9992,225968,77,423885
37167,0.002086,172.31.40.0-255,66,226034,77,423885
37168,0.002127,172.217.194.0-255,7156,233190,77,423885
37169,0.002142,172.217.194.0-255,3602,236792,77,423885
37170,0.002152,172.217.194.0-255,11410,248202,77,423885
37171,0.002168,172.217.194.0-255,12828,261030,77,423885
37172,0.002206,172.217.194.0-255,4320,265350,77,423885
37173,0.002222,172.217.194.0-255,5020,270370,77,423885
37174,0.002291,172.217.194.0-255,1484,271854,77,423885
37175,0.002295,172.217.194.0-255,1484,273338,77,423885
37176,0.002307,172.217.194.0-255,1484,274822,77,423885
37177,0.00231,172.217.194.0-255,1484,276306,77,423885
37178,0.008029,172.31.40.0-255,66,276372,77,423885
37179,0.010386,172.217.194.0-255,5738,282110,77,423885
37180,0.010395,172.31.40.0-255,66,282176,77,423885
37181,0.01271,172.217.194.0-255,5738,287914,77,423885
37182,0.01272,172.31.40.0-255,66,287980,77,423885
37183,0.015036,172.217.194.0-255,5738,293718,77,423885
37184,0.01591,172.31.40.0-255,66,293784,77,423885
37185,0.018209,172.217.194.0-255,5738,299522,77,423885
37186,0.01822,172.31.40.0-255,66,299588,77,423885
37187,0.020526,172.217.194.0-255,5738,305326,77,423885
37188,0.020535,172.31.40.0-255,66,305392,77,423885
37189,0.022853,172.217.194.0-255,5738,311130,77,423885
37190,0.022861,172.31.40.0-255,66,311196,77,423885
37191,0.025197,172.217.194.0-255,5738,316934,77,423885
37192,0.025204,172.31.40.0-255,66,317000,77,423885
37193,0.027514,172.217.194.0-255,5738,322738,77,423885
37194,0.02752,172.31.40.0-255,66,322804,77,423885
37195,0.029817,172.217.194.0-255,5738,328542,77,423885
37196,0.029826,172.31.40.0-255,66,328608,77,423885
37197,0.032138,172.217.194.0-255,5738,334346,77,423885
37198,0.032146,172.31.40.0-255,66,334412,77,423885
37199,0.034457,172.217.194.0-255,5738,340150,77,423885
37200,0.034463,172.31.40.0-255,66,340216,77,423885
37201,0.035096,172.31.40.0-255,172,340388,77,423885
37202,0.035127,172.31.40.0-255,1120,341508,77,423885
37203,0.035189,172.31.40.0-255,1514,343022,77,423885
37204,0.035191,172.31.40.0-255,1514,344536,77,423885
37205,0.035193,172.31.40.0-255,1514,346050,77,423885
37206,0.035194,172.31.40.0-255,1514,347564,77,423885
37207,0.035225,172.31.40.0-255,1492,349056,77,423885
37208,0.036663,104.244.42.0-255,66,349122,77,423885
37209,0.03667,104.244.42.0-255,66,349188,77,423885
37210,0.036738,172.217.194.0-255,2902,352090,77,423885
37211,0.036743,172.31.40.0-255,66,352156,77,423885
37212,0.036767,172.217.194.0-255,2902,355058,77,423885
37213,0.036777,104.244.42.0-255,66,355124,77,423885
37214,0.036791,172.31.40.0-255,66,355190,77,423885
37215,0.039066,172.217.194.0-255,2902,358092,77,423885
37216,0.039073,172.31.40.0-255,66,358158,77,423885
37217,0.039094,172.217.194.0-255,2902,361060,77,423885
37218,0.039118,172.31.40.0-255,66,361126,77,423885
37219,0.041371,172.217.194.0-255,2902,364028,77,423885
37220,0.041377,172.31.40.0-255,66,364094,77,423885
37221,0.041403,172.217.194.0-255,2902,366996,77,423885
37222,0.041428,172.31.40.0-255,66,367062,77,423885
37223,0.04371,172.217.194.0-255,5738,372800,77,423885
37224,0.043743,172.31.40.0-255,66,372866,77,423885
37225,0.046059,172.217.194.0-255,5738,378604,77,423885
37226,0.046066,172.31.40.0-255,66,378670,77,423885
37227,0.04836,172.217.194.0-255,5738,384408,77,423885
37228,0.048367,172.31.40.0-255,66,384474,77,423885
37229,0.05071,172.217.194.0-255,5738,390212,77,423885
37230,0.050717,172.31.40.0-255,66,390278,77,423885
37231,0.053049,172.217.194.0-255,5738,396016,77,423885
37232,0.053056,172.31.40.0-255,66,396082,77,423885
37233,0.055391,172.217.194.0-255,5738,401820,77,423885
37234,0.055398,172.31.40.0-255,66,401886,77,423885
37235,0.057715,172.217.194.0-255,5738,407624,77,423885
37236,0.057722,172.31.40.0-255,66,407690,77,423885
37237,0.060007,172.217.194.0-255,5738,413428,77,423885
37238,0.060014,172.31.40.0-255,66,413494,77,423885
37239,0.062334,172.217.194.0-255,5738,419232,77,423885
37240,0.062341,172.31.40.0-255,66,419298,77,423885
37241,0.064642,172.217.194.0-255,4350,423648,77,423885
37242,0.064649,172.31.40.0-255,66,423714,77,423885
37243,0.064849,172.31.40.0-255,105,423819,77,423885
37244,0.067106,172.217.194.0-255,66,423885,77,423885
37245,0.0,74.125.24.0-255,152,152,77,422071
37246,2.3e-05,172.31.40.0-255,66,218,77,422071
37247,3e-05,74.125.24.0-255,1484,1702,77,422071
37248,3.5e-05,172.31.40.0-255,66,1768,77,422071
37249,4.9e-05,74.125.24.0-255,2902,4670,77,422071
37250,5.2e-05,172.31.40.0-255,66,4736,77,422071
37251,6e-05,74.125.24.0-255,7156,11892,77,422071
37252,6.2e-05,172.31.40.0-255,66,11958,77,422071
37253,6.6e-05,74.125.24.0-255,2039,13997,77,422071
37254,6.8e-05,172.31.40.0-255,66,14063,77,422071
37255,0.000278,74.125.24.0-255,1484,15547,77,422071
37256,0.000283,172.31.40.0-255,66,15613,77,422071
37257,0.000289,74.125.24.0-255,2902,18515,77,422071
37258,0.000292,172.31.40.0-255,66,18581,77,422071
37259,0.000295,74.125.24.0-255,1484,20065,77,422071
37260,0.000297,172.31.40.0-255,66,20131,77,422071
37261,0.000317,74.125.24.0-255,4320,24451,77,422071
37262,0.000319,172.31.40.0-255,66,24517,77,422071
37263,0.000379,74.125.24.0-255,4320,28837,77,422071
37264,0.000383,172.31.40.0-255,66,28903,77,422071
37265,0.000407,74.125.24.0-255,2543,31446,77,422071
37266,0.000409,172.31.40.0-255,66,31512,77,422071
37267,0.000718,74.125.24.0-255,1484,32996,77,422071
37268,0.000723,172.31.40.0-255,66,33062,77,422071
37269,0.000729,74.125.24.0-255,2902,35964,77,422071
37270,0.000731,172.31.40.0-255,66,36030,77,422071
37271,0.000737,74.125.24.0-255,4320,40350,77,422071
37272,0.000743,172.31.40.0-255,66,40416,77,422071
37273,0.000774,74.125.24.0-255,1484,41900,77,422071
37274,0.000777,172.31.40.0-255,66,41966,77,422071
37275,0.000785,74.125.24.0-255,6797,48763,77,422071
37276,0.000787,172.31.40.0-255,66,48829,77,422071
37277,0.00079,74.125.24.0-255,1484,50313,77,422071
37278,0.000831,74.125.24.0-255,12828,63141,77,422071
37279,0.000835,172.31.40.0-255,66,63207,77,422071
37280,0.00084,74.125.24.0-255,2543,65750,77,422071
37281,0.000842,172.31.40.0-255,66,65816,77,422071
37282,0.000845,74.125.24.0-255,392,66208,77,422071
37283,0.000886,74.125.24.0-255,352,66560,77,422071
37284,0.001179,172.31.40.0-255,66,66626,77,422071
37285,0.001264,74.125.24.0-255,1484,68110,77,422071
37286,0.001273,74.125.24.0-255,2902,71012,77,422071
37287,0.001276,172.31.40.0-255,66,71078,77,422071
37288,0.00128,74.125.24.0-255,1484,72562,77,422071
37289,0.001307,74.125.24.0-255,4320,76882,77,422071
37290,0.001309,172.31.40.0-255,66,76948,77,422071
37291,0.001318,74.125.24.0-255,8574,85522,77,422071
37292,0.00132,172.31.40.0-255,66,85588,77,422071
37293,0.001347,74.125.24.0-255,2902,88490,77,422071
37294,0.00135,172.31.40.0-255,66,88556,77,422071
37295,0.001365,74.125.24.0-255,2902,91458,77,422071
37296,0.001371,172.31.40.0-255,66,91524,77,422071
37297,0.001405,74.125.24.0-255,9274,100798,77,422071
37298,0.001408,172.31.40.0-255,66,100864,77,422071
37299,0.001595,74.125.24.0-255,1484,102348,77,422071
37300,0.001603,74.125.24.0-255,2902,105250,77,422071
37301,0.001606,172.31.40.0-255,66,105316,77,422071
37302,0.001638,74.125.24.0-255,5738,111054,77,422071
37303,0.001641,172.31.40.0-255,66,111120,77,422071
37304,0.001648,74.125.24.0-255,5738,116858,77,422071
37305,0.001651,172.31.40.0-255,66,116924,77,422071
37306,0.001685,74.125.24.0-255,7156,124080,77,422071
37307,0.001688,172.31.40.0-255,66,124146,77,422071
37308,0.001694,74.125.24.0-255,4320,128466,77,422071
37309,0.001696,172.31.40.0-255,66,128532,77,422071
37310,0.00172,74.125.24.0-255,6438,134970,77,422071
37311,0.001724,172.31.40.0-255,66,135036,77,422071
37312,0.001742,74.125.24.0-255,7156,142192,77,422071
37313,0.001744,172.31.40.0-255,66,142258,77,422071
37314,0.001765,74.125.24.0-255,4320,146578,77,422071
37315,0.001767,172.31.40.0-255,66,146644,77,422071
37316,0.001779,74.125.24.0-255,12828,159472,77,422071
37317,0.001781,172.31.40.0-255,66,159538,77,422071
37318,0.001806,74.125.24.0-255,8574,168112,77,422071
37319,0.001808,172.31.40.0-255,66,168178,77,422071
37320,0.001832,74.125.24.0-255,766,168944,77,422071
37321,0.00185,74.125.24.0-255,2902,171846,77,422071
37322,0.001853,172.31.40.0-255,66,171912,77,422071
37323,0.001876,74.125.24.0-255,7156,179068,77,422071
37324,0.001879,172.31.40.0-255,66,179134,77,422071
37325,0.001885,74.125.24.0-255,4320,183454,77,422071
37326,0.001887,172.31.40.0-255,66,183520,77,422071
37327,0.001911,74.125.24.0-255,1484,185004,77,422071
37328,0.001918,74.125.24.0-255,5738,190742,77,422071
37329,0.001921,172.31.40.0-255,66,190808,77,422071
37330,0.001961,74.125.24.0-255,11410,202218,77,422071
37331,0.001964,172.31.40.0-255,66,202284,77,422071
37332,0.001967,74.125.24.0-255,766,203050,77,422071
37333,0.001996,74.125.24.0-255,1484,204534,77,422071
37334,0.001998,172.31.40.0-255,66,204600,77,422071
37335,0.002003,74.125.24.0-255,2902,207502,77,422071
37336,0.002005,172.31.40.0-255,66,207568,77,422071
37337,0.004046,74.125.24.0-255,5738,213306,77,422071
37338,0.004054,172.31.40.0-255,66,213372,77,422071
37339,0.006074,74.125.24.0-255,5738,219110,77,422071
37340,0.006079,172.31.40.0-255,66,219176,77,422071
37341,0.008087,74.125.24.0-255,5738,224914,77,422071
37342,0.008093,172.31.40.0-255,66,224980,77,422071
37343,0.010088,74.125.24.0-255,5738,230718,77,422071
37344,0.010095,172.31.40.0-255,66,230784,77,422071
37345,0.012101,74.125.24.0-255,5738,236522,77,422071
37346,0.01211,172.31.40.0-255,66,236588,77,422071
37347,0.01413,74.125.24.0-255,5738,242326,77,422071
37348,0.014138,172.31.40.0-255,66,242392,77,422071
37349,0.01615,74.125.24.0-255,4320,246712,77,422071
37350,0.016159,172.31.40.0-255,66,246778,77,422071
37351,0.016188,74.125.24.0-255,1484,248262,77,422071
37352,0.018156,74.125.24.0-255,4320,252582,77,422071
37353,0.018168,172.31.40.0-255,66,252648,77,422071
37354,0.020188,74.125.24.0-255,5738,258386,77,422071
37355,0.020205,172.31.40.0-255,66,258452,77,422071
37356,0.022205,74.125.24.0-255,5738,264190,77,422071
37357,0.022219,172.31.40.0-255,66,264256,77,422071
37358,0.024224,74.125.24.0-255,5738,269994,77,422071
37359,0.02424,172.31.40.0-255,66,270060,77,422071
37360,0.026253,74.125.24.0-255,5738,275798,77,422071
37361,0.026264,172.31.40.0-255,66,275864,77,422071
37362,0.028307,74.125.24.0-255,5738,281602,77,422071
37363,0.028315,172.31.40.0-255,66,281668,77,422071
37364,0.030358,74.125.24.0-255,5738,287406,77,422071
37365,0.030372,172.31.40.0-255,66,287472,77,422071
37366,0.032356,74.125.24.0-255,5738,293210,77,422071
37367,0.032364,172.31.40.0-255,66,293276,77,422071
37368,0.034385,74.125.24.0-255,5738,299014,77,422071
37369,0.034399,172.31.40.0-255,66,299080,77,422071
37370,0.036399,74.125.24.0-255,5738,304818,77,422071
37371,0.036406,172.31.40.0-255,66,304884,77,422071
37372,0.038406,74.125.24.0-255,5738,310622,77,422071
37373,0.038413,172.31.40.0-255,66,310688,77,422071
37374,0.038482,172.31.40.0-255,172,310860,77,422071
37375,0.038511,172.31.40.0-255,1116,311976,77,422071
37376,0.03867,172.31.40.0-255,1514,313490,77,422071
37377,0.038672,172.31.40.0-255,1514,315004,77,422071
37378,0.038673,172.31.40.0-255,1514,316518,77,422071
37379,0.038674,172.31.40.0-255,1514,318032,77,422071
37380,0.038675,172.31.40.0-255,511,318543,77,422071
37381,0.040444,74.125.24.0-255,5738,324281,77,422071
37382,0.040459,172.31.40.0-255,66,324347,77,422071
37383,0.041171,104.244.42.0-255,66,324413,77,422071
37384,0.04246,74.125.24.0-255,5738,330151,77,422071
37385,0.042468,172.31.40.0-255,66,330217,77,422071
37386,0.044474,74.125.24.0-255,5738,335955,77,422071
37387,0.044513,172.31.40.0-255,66,336021,77,422071
37388,0.046575,74.125.24.0-255,5738,341759,77,422071
37389,0.046594,172.31.40.0-255,66,341825,77,422071
37390,0.048607,74.125.24.0-255,5738,347563,77,422071
37391,0.048619,172.31.40.0-255,66,347629,77,422071
37392,0.050676,74.125.24.0-255,5738,353367,77,422071
37393,0.050682,172.31.40.0-255,66,353433,77,422071
37394,0.052692,74.125.24.0-255,5738,359171,77,422071
37395,0.052699,172.31.40.0-255,66,359237,77,422071
37396,0.054736,74.125.24.0-255,5738,364975,77,422071
37397,0.054746,172.31.40.0-255,66,365041,77,422071
37398,0.056751,74.125.24.0-255,5738,370779,77,422071
37399,0.056758,172.31.40.0-255,66,370845,77,422071
37400,0.058787,74.125.24.0-255,5738,376583,77,422071
37401,0.058797,172.31.40.0-255,66,376649,77,422071
37402,0.060824,74.125.24.0-255,5738,382387,77,422071
37403,0.060832,172.31.40.0-255,66,382453,77,422071
37404,0.062848,74.125.24.0-255,5738,388191,77,422071
37405,0.062855,172.31.40.0-255,66,388257,77,422071
37406,0.064846,74.125.24.0-255,5738,393995,77,422071
37407,0.064852,172.31.40.0-255,66,394061,77,422071
37408,0.066929,74.125.24.0-255,5738,399799,77,422071
37409,0.066936,172.31.40.0-255,66,399865,77,422071
37410,0.068984,74.125.24.0-255,5738,405603,77,422071
37411,0.068991,172.31.40.0-255,66,405669,77,422071
37412,0.071049,74.125.24.0-255,5738,411407,77,422071
37413,0.071056,172.31.40.0-255,66,411473,77,422071
37414,0.073077,74.125.24.0-255,5738,417211,77,422071
37415,0.073084,172.31.40.0-255,66,417277,77,422071
37416,0.075107,74.125.24.0-255,4557,421834,77,422071
37417,0.075115,172.31.40.0-255,66,421900,77,422071
37418,0.075314,172.31.40.0-255,105,422005,77,422071
37419,0.077266,74.125.24.0-255,66,422071,77,422071
37420,0.0,172.31.40.0-255,105,105,77,459
37421,0.000223,172.31.40.0-255,90,195,77,459
37422,0.000233,172.31.40.0-255,66,261,77,459
37423,0.002451,74.125.24.0-255,66,327,77,459
37424,0.002478,74.125.24.0-255,66,393,77,459
37425,0.002497,172.31.40.0-255,66,459,77,459
37426,0.0,74.125.24.0-255,153,153,77,410471
37427,2.2e-05,172.31.40.0-255,66,219,77,410471
37428,2.9e-05,74.125.24.0-255,1484,1703,77,410471
37429,3.4e-05,172.31.40.0-255,66,1769,77,410471
37430,4e-05,74.125.24.0-255,2902,4671,77,410471
37431,4.4e-05,172.31.40.0-255,66,4737,77,410471
37432,5.2e-05,74.125.24.0-255,7156,11893,77,410471
37433,5.5e-05,172.31.40.0-255,66,11959,77,410471
37434,5.9e-05,74.125.24.0-255,2078,14037,77,410471
37435,6.1e-05,172.31.40.0-255,66,14103,77,410471
37436,9.6e-05,74.125.24.0-255,11410,25513,77,410471
37437,9.9e-05,172.31.40.0-255,66,25579,77,410471
37438,0.000109,74.125.24.0-255,11410,36989,77,410471
37439,0.000112,172.31.40.0-255,66,37055,77,410471
37440,0.000155,74.125.24.0-255,8574,45629,77,410471
37441,0.000158,172.31.40.0-255,66,45695,77,410471
37442,0.000175,74.125.24.0-255,2184,47879,77,410471
37443,0.000178,172.31.40.0-255,66,47945,77,410471
37444,0.00051,74.125.24.0-255,1484,49429,77,410471
37445,0.000515,172.31.40.0-255,66,49495,77,410471
37446,0.000521,74.125.24.0-255,2902,52397,77,410471
37447,0.000523,172.31.40.0-255,66,52463,77,410471
37448,0.000526,74.125.24.0-255,1484,53947,77,410471
37449,0.000528,172.31.40.0-255,66,54013,77,410471
37450,0.000544,74.125.24.0-255,4320,58333,77,410471
37451,0.000547,172.31.40.0-255,66,58399,77,410471
37452,0.000584,74.125.24.0-255,7068,65467,77,410471
37453,0.000588,172.31.40.0-255,66,65533,77,410471
37454,0.000615,74.125.24.0-255,132,65665,77,410471
37455,0.000617,172.31.40.0-255,66,65731,77,410471
37456,0.000651,74.125.24.0-255,1484,67215,77,410471
37457,0.000655,172.31.40.0-255,66,67281,77,410471
37458,0.00066,74.125.24.0-255,2902,70183,77,410471
37459,0.000662,172.31.40.0-255,66,70249,77,410471
37460,0.000668,74.125.24.0-255,5738,75987,77,410471
37461,0.00067,172.31.40.0-255,66,76053,77,410471
37462,0.000691,74.125.24.0-255,1484,77537,77,410471
37463,0.000701,74.125.24.0-255,8574,86111,77,410471
37464,0.000704,172.31.40.0-255,66,86177,77,410471
37465,0.000736,74.125.24.0-255,7156,93333,77,410471
37466,0.000739,172.31.40.0-255,66,93399,77,410471
37467,0.000747,74.125.24.0-255,6438,99837,77,410471
37468,0.000749,172.31.40.0-255,66,99903,77,410471
37469,0.000752,74.125.24.0-255,349,100252,77,410471
37470,0.001131,74.125.24.0-255,1484,101736,77,410471
37471,0.001136,74.125.24.0-255,2902,104638,77,410471
37472,0.00114,172.31.40.0-255,66,104704,77,410471
37473,0.001143,172.31.40.0-255,66,104770,77,410471
37474,0.001167,74.125.24.0-255,5738,110508,77,410471
37475,0.00117,172.31.40.0-255,66,110574,77,410471
37476,0.001175,74.125.24.0-255,4320,114894,77,410471
37477,0.001177,172.31.40.0-255,66,114960,77,410471
37478,0.001198,74.125.24.0-255,5738,120698,77,410471
37479,0.001201,172.31.40.0-255,66,120764,77,410471
37480,0.001228,74.125.24.0-255,11410,132174,77,410471
37481,0.00123,172.31.40.0-255,66,132240,77,410471
37482,0.001251,74.125.24.0-255,2184,134424,77,410471
37483,0.001253,172.31.40.0-255,66,134490,77,410471
37484,0.001674,74.125.24.0-255,1484,135974,77,410471
37485,0.001678,74.125.24.0-255,1484,137458,77,410471
37486,0.001682,172.31.40.0-255,66,137524,77,410471
37487,0.001707,74.125.24.0-255,1484,139008,77,410471
37488,0.001714,74.125.24.0-255,5738,144746,77,410471
37489,0.001716,172.31.40.0-255,66,144812,77,410471
37490,0.001722,74.125.24.0-255,5738,150550,77,410471
37491,0.001724,172.31.40.0-255,66,150616,77,410471
37492,0.001728,74.125.24.0-255,2902,153518,77,410471
37493,0.00173,172.31.40.0-255,66,153584,77,410471
37494,0.001759,74.125.24.0-255,9992,163576,77,410471
37495,0.001762,172.31.40.0-255,66,163642,77,410471
37496,0.001768,74.125.24.0-255,5020,168662,77,410471
37497,0.00177,172.31.40.0-255,66,168728,77,410471
37498,0.001865,74.125.24.0-255,1484,170212,77,410471
37499,0.00187,74.125.24.0-255,2902,173114,77,410471
37500,0.001873,172.31.40.0-255,66,173180,77,410471
37501,0.001899,74.125.24.0-255,5738,178918,77,410471
37502,0.001901,172.31.40.0-255,66,178984,77,410471
37503,0.001904,74.125.24.0-255,1484,180468,77,410471
37504,0.001937,74.125.24.0-255,11410,191878,77,410471
37505,0.00194,172.31.40.0-255,66,191944,77,410471
37506,0.001943,74.125.24.0-255,1484,193428,77,410471
37507,0.001978,74.125.24.0-255,9274,202702,77,410471
37508,0.001981,172.31.40.0-255,66,202768,77,410471
37509,0.00202,74.125.24.0-255,1484,204252,77,410471
37510,0.002024,74.125.24.0-255,1484,205736,77,410471
37511,0.002027,172.31.40.0-255,66,205802,77,410471
37512,0.002042,74.125.24.0-255,1484,207286,77,410471
37513,0.002058,74.125.24.0-255,5738,213024,77,410471
37514,0.002061,172.31.40.0-255,66,213090,77,410471
37515,0.00209,74.125.24.0-255,9992,223082,77,410471
37516,0.002093,172.31.40.0-255,66,223148,77,410471
37517,0.002126,74.125.24.0-255,2902,226050,77,410471
37518,0.002129,172.31.40.0-255,66,226116,77,410471
37519,0.002156,74.125.24.0-255,10692,236808,77,410471
37520,0.002159,172.31.40.0-255,66,236874,77,410471
37521,0.002172,172.31.40.0-255,66,236940,77,410471
37522,0.00218,74.125.24.0-255,4320,241260,77,410471
37523,0.002182,172.31.40.0-255,66,241326,77,410471
37524,0.00221,74.125.24.0-255,9992,251318,77,410471
37525,0.002213,172.31.40.0-255,66,251384,77,410471
37526,0.002218,74.125.24.0-255,5020,256404,77,410471
37527,0.00222,172.31.40.0-255,66,256470,77,410471
37528,0.002236,74.125.24.0-255,1484,257954,77,410471
37529,0.002255,74.125.24.0-255,4320,262274,77,410471
37530,0.002258,172.31.40.0-255,66,262340,77,410471
37531,0.002262,74.125.24.0-255,4320,266660,77,410471
37532,0.002264,172.31.40.0-255,66,266726,77,410471
37533,0.002294,74.125.24.0-255,8574,275300,77,410471
37534,0.002296,172.31.40.0-255,66,275366,77,410471
37535,0.002305,74.125.24.0-255,9992,285358,77,410471
37536,0.002307,172.31.40.0-255,66,285424,77,410471
37537,0.002352,74.125.24.0-255,5020,290444,77,410471
37538,0.002354,172.31.40.0-255,66,290510,77,410471
37539,0.004886,74.125.24.0-255,4320,294830,77,410471
37540,0.004894,172.31.40.0-255,66,294896,77,410471
37541,0.004914,74.125.24.0-255,1484,296380,77,410471
37542,0.007454,74.125.24.0-255,4320,300700,77,410471
37543,0.00746,172.31.40.0-255,66,300766,77,410471
37544,0.010006,74.125.24.0-255,5738,306504,77,410471
37545,0.010013,172.31.40.0-255,66,306570,77,410471
37546,0.012532,74.125.24.0-255,5738,312308,77,410471
37547,0.012539,172.31.40.0-255,66,312374,77,410471
37548,0.015072,74.125.24.0-255,5738,318112,77,410471
37549,0.015079,172.31.40.0-255,66,318178,77,410471
37550,0.017616,74.125.24.0-255,5738,323916,77,410471
37551,0.017626,172.31.40.0-255,66,323982,77,410471
37552,0.02019,74.125.24.0-255,5738,329720,77,410471
37553,0.020198,172.31.40.0-255,66,329786,77,410471
37554,0.022719,74.125.24.0-255,5738,335524,77,410471
37555,0.022725,172.31.40.0-255,66,335590,77,410471
37556,0.025279,74.125.24.0-255,5738,341328,77,410471
37557,0.025287,172.31.40.0-255,66,341394,77,410471
37558,0.027847,74.125.24.0-255,5738,347132,77,410471
37559,0.027854,172.31.40.0-255,66,347198,77,410471
37560,0.030377,74.125.24.0-255,5738,352936,77,410471
37561,0.030385,172.31.40.0-255,66,353002,77,410471
37562,0.032913,74.125.24.0-255,5738,358740,77,410471
37563,0.032924,172.31.40.0-255,66,358806,77,410471
37564,0.035321,172.31.40.0-255,172,358978,77,410471
37565,0.035349,172.31.40.0-255,1120,360098,77,410471
37566,0.035403,172.31.40.0-255,1514,361612,77,410471
37567,0.035404,172.31.40.0-255,1514,363126,77,410471
37568,0.035409,172.31.40.0-255,1514,364640,77,410471
37569,0.03541,172.31.40.0-255,1514,366154,77,410471
37570,0.035429,172.31.40.0-255,1477,367631,77,410471
37571,0.035482,74.125.24.0-255,5738,373369,77,410471
37572,0.035486,172.31.40.0-255,66,373435,77,410471
37573,0.03687,104.244.42.0-255,66,373501,77,410471
37574,0.036877,104.244.42.0-255,66,373567,77,410471
37575,0.036987,104.244.42.0-255,66,373633,77,410471
37576,0.038009,74.125.24.0-255,4320,377953,77,410471
37577,0.038013,172.31.40.0-255,66,378019,77,410471
37578,0.038034,74.125.24.0-255,1484,379503,77,410471
37579,0.040557,74.125.24.0-255,4320,383823,77,410471
37580,0.040565,172.31.40.0-255,66,383889,77,410471
37581,0.043136,74.125.24.0-255,5738,389627,77,410471
37582,0.043141,172.31.40.0-255,66,389693,77,410471
37583,0.045702,74.125.24.0-255,5738,395431,77,410471
37584,0.045707,172.31.40.0-255,66,395497,77,410471
37585,0.04826,74.125.24.0-255,5738,401235,77,410471
37586,0.048266,172.31.40.0-255,66,401301,77,410471
37587,0.050805,74.125.24.0-255,5738,407039,77,410471
37588,0.050811,172.31.40.0-255,66,407105,77,410471
37589,0.053355,74.125.24.0-255,2604,409709,77,410471
37590,0.053359,172.31.40.0-255,66,409775,77,410471
37591,0.053506,172.31.40.0-255,105,409880,77,410471
37592,0.053536,172.31.40.0-255,105,409985,77,410471
37593,0.053789,172.31.40.0-255,90,410075,77,410471
37594,0.053798,172.31.40.0-255,66,410141,77,410471
37595,0.056061,74.125.24.0-255,66,410207,77,410471
37596,0.056094,74.125.24.0-255,66,410273,77,410471
37597,0.056278,74.125.24.0-255,66,410339,77,410471
37598,0.056384,74.125.24.0-255,66,410405,77,410471
37599,0.056406,172.31.40.0-255,66,410471,77,410471
37600,0.0,74.125.24.0-255,153,153,77,396424
37601,1.6e-05,172.31.40.0-255,66,219,77,396424
37602,2.2e-05,74.125.24.0-255,1484,1703,77,396424
37603,2.8e-05,172.31.40.0-255,66,1769,77,396424
37604,3.4e-05,74.125.24.0-255,2902,4671,77,396424
37605,4.5e-05,172.31.40.0-255,66,4737,77,396424
37606,5.4e-05,74.125.24.0-255,7156,11893,77,396424
37607,5.7e-05,172.31.40.0-255,66,11959,77,396424
37608,6.4e-05,74.125.24.0-255,4320,16279,77,396424
37609,6.6e-05,172.31.40.0-255,66,16345,77,396424
37610,0.000102,74.125.24.0-255,1983,18328,77,396424
37611,0.000106,172.31.40.0-255,66,18394,77,396424
37612,0.000114,74.125.24.0-255,7156,25550,77,396424
37613,0.000116,172.31.40.0-255,66,25616,77,396424
37614,0.000121,74.125.24.0-255,2902,28518,77,396424
37615,0.000123,172.31.40.0-255,66,28584,77,396424
37616,0.000162,74.125.24.0-255,2543,31127,77,396424
37617,0.000166,172.31.40.0-255,66,31193,77,396424
37618,0.000169,74.125.24.0-255,1484,32677,77,396424
37619,0.000171,172.31.40.0-255,66,32743,77,396424
37620,0.000205,74.125.24.0-255,2902,35645,77,396424
37621,0.000208,172.31.40.0-255,66,35711,77,396424
37622,0.000214,74.125.24.0-255,5738,41449,77,396424
37623,0.000216,172.31.40.0-255,66,41515,77,396424
37624,0.000223,74.125.24.0-255,5738,47253,77,396424
37625,0.000264,172.31.40.0-255,66,47319,77,396424
37626,0.000292,74.125.24.0-255,13887,61206,77,396424
37627,0.000295,172.31.40.0-255,66,61272,77,396424
37628,0.0003,74.125.24.0-255,4269,65541,77,396424
37629,0.000303,172.31.40.0-255,66,65607,77,396424
37630,0.000397,74.125.24.0-255,114,65721,77,396424
37631,0.0004,172.31.40.0-255,66,65787,77,396424
37632,0.000534,74.125.24.0-255,1484,67271,77,396424
37633,0.000539,74.125.24.0-255,1484,68755,77,396424
37634,0.000543,172.31.40.0-255,66,68821,77,396424
37635,0.000569,74.125.24.0-255,1484,70305,77,396424
37636,0.000575,74.125.24.0-255,5738,76043,77,396424
37637,0.00058,172.31.40.0-255,66,76109,77,396424
37638,0.000598,74.125.24.0-255,4320,80429,77,396424
37639,0.000601,172.31.40.0-255,66,80495,77,396424
37640,0.000631,74.125.24.0-255,5379,85874,77,396424
37641,0.000635,172.31.40.0-255,66,85940,77,396424
37642,0.000644,74.125.24.0-255,9992,95932,77,396424
37643,0.000646,172.31.40.0-255,66,95998,77,396424
37644,0.000651,74.125.24.0-255,3961,99959,77,396424
37645,0.000653,172.31.40.0-255,66,100025,77,396424
37646,0.000683,74.125.24.0-255,330,100355,77,396424
37647,0.001301,74.125.24.0-255,1484,101839,77,396424
37648,0.001306,172.31.40.0-255,66,101905,77,396424
37649,0.001312,74.125.24.0-255,2902,104807,77,396424
37650,0.001314,172.31.40.0-255,66,104873,77,396424
37651,0.00132,74.125.24.0-255,4320,109193,77,396424
37652,0.001327,172.31.40.0-255,66,109259,77,396424
37653,0.001352,74.125.24.0-255,1484,110743,77,396424
37654,0.00136,74.125.24.0-255,7156,117899,77,396424
37655,0.001362,172.31.40.0-255,66,117965,77,396424
37656,0.001387,74.125.24.0-255,5738,123703,77,396424
37657,0.00139,172.31.40.0-255,66,123769,77,396424
37658,0.001395,74.125.24.0-255,4320,128089,77,396424
37659,0.001397,172.31.40.0-255,66,128155,77,396424
37660,0.001403,74.125.24.0-255,4320,132475,77,396424
37661,0.001405,172.31.40.0-255,66,132541,77,396424
37662,0.001426,74.125.24.0-255,2184,134725,77,396424
37663,0.001428,172.31.40.0-255,66,134791,77,396424
37664,0.00146,74.125.24.0-255,7156,141947,77,396424
37665,0.001463,172.31.40.0-255,66,142013,77,396424
37666,0.001471,74.125.24.0-255,8574,150587,77,396424
37667,0.001473,172.31.40.0-255,66,150653,77,396424
37668,0.001504,74.125.24.0-255,4320,154973,77,396424
37669,0.001506,74.125.24.0-255,1484,156457,77,396424
37670,0.001511,172.31.40.0-255,66,156523,77,396424
37671,0.001548,74.125.24.0-255,12110,168633,77,396424
37672,0.001551,172.31.40.0-255,66,168699,77,396424
37673,0.001697,74.125.24.0-255,1484,170183,77,396424
37674,0.001703,74.125.24.0-255,2902,173085,77,396424
37675,0.001707,172.31.40.0-255,66,173151,77,396424
37676,0.001712,74.125.24.0-255,2902,176053,77,396424
37677,0.001714,172.31.40.0-255,66,176119,77,396424
37678,0.001735,74.125.24.0-255,2902,179021,77,396424
37679,0.001738,172.31.40.0-255,66,179087,77,396424
37680,0.001748,74.125.24.0-255,9992,189079,77,396424
37681,0.00175,172.31.40.0-255,66,189145,77,396424
37682,0.00178,74.125.24.0-255,2902,192047,77,396424
37683,0.00179,74.125.24.0-255,10692,202739,77,396424
37684,0.001802,172.31.40.0-255,101,202840,77,396424
37685,0.001811,172.31.40.0-255,66,202906,77,396424
37686,0.001819,172.31.40.0-255,66,202972,77,396424
37687,0.002005,74.125.24.0-255,1484,204456,77,396424
37688,0.00201,74.125.24.0-255,1484,205940,77,396424
37689,0.002013,172.31.40.0-255,66,206006,77,396424
37690,0.002027,74.125.24.0-255,1484,207490,77,396424
37691,0.002038,74.125.24.0-255,5738,213228,77,396424
37692,0.00204,172.31.40.0-255,66,213294,77,396424
37693,0.002065,74.125.24.0-255,4320,217614,77,396424
37694,0.002068,172.31.40.0-255,66,217680,77,396424
37695,0.002091,74.125.24.0-255,8574,226254,77,396424
37696,0.002093,172.31.40.0-255,66,226320,77,396424
37697,0.002102,74.125.24.0-255,9992,236312,77,396424
37698,0.002105,172.31.40.0-255,66,236378,77,396424
37699,0.002199,172.31.40.0-255,66,236444,77,396424
37700,0.00221,74.125.24.0-255,12110,248554,77,396424
37701,0.002213,172.31.40.0-255,66,248620,77,396424
37702,0.004175,74.125.24.0-255,66,248686,77,396424
37703,0.004579,74.125.24.0-255,4320,253006,77,396424
37704,0.004583,172.31.40.0-255,66,253072,77,396424
37705,0.004615,74.125.24.0-255,1484,254556,77,396424
37706,0.006929,74.125.24.0-255,4320,258876,77,396424
37707,0.006936,172.31.40.0-255,66,258942,77,396424
37708,0.00933,74.125.24.0-255,5738,264680,77,396424
37709,0.009337,172.31.40.0-255,66,264746,77,396424
37710,0.011696,74.125.24.0-255,5738,270484,77,396424
37711,0.011704,172.31.40.0-255,66,270550,77,396424
37712,0.014084,74.125.24.0-255,5738,276288,77,396424
37713,0.014093,172.31.40.0-255,66,276354,77,396424
37714,0.016507,74.125.24.0-255,5738,282092,77,396424
37715,0.01652,172.31.40.0-255,66,282158,77,396424
37716,0.01891,74.125.24.0-255,5738,287896,77,396424
37717,0.018919,172.31.40.0-255,66,287962,77,396424
37718,0.021265,74.125.24.0-255,5738,293700,77,396424
37719,0.021273,172.31.40.0-255,66,293766,77,396424
37720,0.023648,74.125.24.0-255,5738,299504,77,396424
37721,0.023655,172.31.40.0-255,66,299570,77,396424
37722,0.026022,74.125.24.0-255,5738,305308,77,396424
37723,0.026029,172.31.40.0-255,66,305374,77,396424
37724,0.02841,74.125.24.0-255,5738,311112,77,396424
37725,0.028418,172.31.40.0-255,66,311178,77,396424
37726,0.030054,172.31.40.0-255,172,311350,77,396424
37727,0.030083,172.31.40.0-255,1120,312470,77,396424
37728,0.030142,172.31.40.0-255,1514,313984,77,396424
37729,0.030144,172.31.40.0-255,1275,315259,77,396424
37730,0.030803,74.125.24.0-255,5738,320997,77,396424
37731,0.03081,172.31.40.0-255,66,321063,77,396424
37732,0.031598,104.244.42.0-255,66,321129,77,396424
37733,0.031647,104.244.42.0-255,66,321195,77,396424
37734,0.031702,104.244.42.0-255,66,321261,77,396424
37735,0.033208,74.125.24.0-255,5738,326999,77,396424
37736,0.033213,172.31.40.0-255,66,327065,77,396424
37737,0.035599,74.125.24.0-255,5738,332803,77,396424
37738,0.035607,172.31.40.0-255,66,332869,77,396424
37739,0.037983,74.125.24.0-255,5738,338607,77,396424
37740,0.03799,172.31.40.0-255,66,338673,77,396424
37741,0.040351,74.125.24.0-255,5738,344411,77,396424
37742,0.040358,172.31.40.0-255,66,344477,77,396424
37743,0.042789,74.125.24.0-255,5738,350215,77,396424
37744,0.042796,172.31.40.0-255,66,350281,77,396424
37745,0.045143,74.125.24.0-255,5738,356019,77,396424
37746,0.045153,172.31.40.0-255,66,356085,77,396424
37747,0.047551,74.125.24.0-255,5738,361823,77,396424
37748,0.047558,172.31.40.0-255,66,361889,77,396424
37749,0.049929,74.125.24.0-255,5738,367627,77,396424
37750,0.049936,172.31.40.0-255,66,367693,77,396424
37751,0.052331,74.125.24.0-255,5738,373431,77,396424
37752,0.052338,172.31.40.0-255,66,373497,77,396424
37753,0.054694,74.125.24.0-255,5738,379235,77,396424
37754,0.054701,172.31.40.0-255,66,379301,77,396424
37755,0.05711,74.125.24.0-255,5738,385039,77,396424
37756,0.057117,172.31.40.0-255,66,385105,77,396424
37757,0.059488,74.125.24.0-255,5738,390843,77,396424
37758,0.059494,172.31.40.0-255,66,390909,77,396424
37759,0.06187,74.125.24.0-255,5278,396187,77,396424
37760,0.061877,172.31.40.0-255,66,396253,77,396424
37761,0.062067,172.31.40.0-255,105,396358,77,396424
37762,0.069699,74.125.24.0-255,66,396424,77,396424
37763,0.0,172.217.194.0-255,152,152,77,423407
37764,2.3e-05,172.31.40.0-255,66,218,77,423407
37765,3e-05,172.217.194.0-255,1484,1702,77,423407
37766,3.5e-05,172.31.40.0-255,66,1768,77,423407
37767,4.1e-05,172.217.194.0-255,2902,4670,77,423407
37768,4.3e-05,172.31.40.0-255,66,4736,77,423407
37769,6.4e-05,172.217.194.0-255,7156,11892,77,423407
37770,6.7e-05,172.31.40.0-255,66,11958,77,423407
37771,7.2e-05,172.217.194.0-255,2127,14085,77,423407
37772,7.4e-05,172.31.40.0-255,66,14151,77,423407
37773,0.000452,172.217.194.0-255,1484,15635,77,423407
37774,0.000458,172.31.40.0-255,66,15701,77,423407
37775,0.000464,172.217.194.0-255,2902,18603,77,423407
37776,0.000466,172.31.40.0-255,66,18669,77,423407
37777,0.000485,172.217.194.0-255,5738,24407,77,423407
37778,0.000488,172.31.40.0-255,66,24473,77,423407
37779,0.000514,172.217.194.0-255,4320,28793,77,423407
37780,0.000518,172.31.40.0-255,66,28859,77,423407
37781,0.000531,172.217.194.0-255,7156,36015,77,423407
37782,0.000533,172.31.40.0-255,66,36081,77,423407
37783,0.000565,172.217.194.0-255,2543,38624,77,423407
37784,0.000567,172.31.40.0-255,66,38690,77,423407
37785,0.000577,172.217.194.0-255,9633,48323,77,423407
37786,0.000579,172.31.40.0-255,66,48389,77,423407
37787,0.000807,172.217.194.0-255,1484,49873,77,423407
37788,0.000811,172.31.40.0-255,66,49939,77,423407
37789,0.000815,172.217.194.0-255,1484,51423,77,423407
37790,0.000817,172.31.40.0-255,66,51489,77,423407
37791,0.000837,172.217.194.0-255,1484,52973,77,423407
37792,0.000839,172.31.40.0-255,66,53039,77,423407
37793,0.000846,172.217.194.0-255,5738,58777,77,423407
37794,0.000848,172.31.40.0-255,66,58843,77,423407
37795,0.000856,172.217.194.0-255,6797,65640,77,423407
37796,0.000858,172.31.40.0-255,66,65706,77,423407
37797,0.001261,172.217.194.0-255,1484,67190,77,423407
37798,0.001285,172.217.194.0-255,2902,70092,77,423407
37799,0.001289,172.31.40.0-255,66,70158,77,423407
37800,0.001297,172.217.194.0-255,5738,75896,77,423407
37801,0.0013,172.31.40.0-255,66,75962,77,423407
37802,0.001308,172.217.194.0-255,8574,84536,77,423407
37803,0.00131,172.31.40.0-255,66,84602,77,423407
37804,0.001361,172.217.194.0-255,8574,93176,77,423407
37805,0.001365,172.31.40.0-255,66,93242,77,423407
37806,0.001392,172.217.194.0-255,6438,99680,77,423407
37807,0.001394,172.31.40.0-255,66,99746,77,423407
37808,0.001415,172.217.194.0-255,1484,101230,77,423407
37809,0.001421,172.217.194.0-255,2902,104132,77,423407
37810,0.001424,172.31.40.0-255,66,104198,77,423407
37811,0.001428,172.217.194.0-255,2902,107100,77,423407
37812,0.00143,172.31.40.0-255,66,107166,77,423407
37813,0.001447,172.217.194.0-255,2902,110068,77,423407
37814,0.001449,172.31.40.0-255,66,110134,77,423407
37815,0.001455,172.217.194.0-255,4320,114454,77,423407
37816,0.001457,172.31.40.0-255,66,114520,77,423407
37817,0.001478,172.217.194.0-255,2902,117422,77,423407
37818,0.001481,172.31.40.0-255,66,117488,77,423407
37819,0.00149,172.217.194.0-255,8574,126062,77,423407
37820,0.001493,172.31.40.0-255,66,126128,77,423407
37821,0.001518,172.217.194.0-255,5738,131866,77,423407
37822,0.001521,172.31.40.0-255,66,131932,77,423407
37823,0.001526,172.217.194.0-255,2184,134116,77,423407
37824,0.001528,172.31.40.0-255,66,134182,77,423407
37825,0.001578,172.217.194.0-255,1484,135666,77,423407
37826,0.001593,172.217.194.0-255,2902,138568,77,423407
37827,0.001596,172.31.40.0-255,66,138634,77,423407
37828,0.001603,172.217.194.0-255,4320,142954,77,423407
37829,0.001606,172.31.40.0-255,66,143020,77,423407
37830,0.001625,172.217.194.0-255,1484,144504,77,423407
37831,0.001634,172.217.194.0-255,5738,150242,77,423407
37832,0.001637,172.31.40.0-255,66,150308,77,423407
37833,0.001669,172.217.194.0-255,7156,157464,77,423407
37834,0.001672,172.31.40.0-255,66,157530,77,423407
37835,0.001682,172.217.194.0-255,10692,168222,77,423407
37836,0.001685,172.31.40.0-255,66,168288,77,423407
37837,0.00368,172.217.194.0-255,5738,174026,77,423407
37838,0.003688,172.31.40.0-255,66,174092,77,423407
37839,0.005195,172.31.40.0-255,101,174193,77,423407
37840,0.005712,172.217.194.0-255,5738,179931,77,423407
37841,0.005719,172.31.40.0-255,66,179997,77,423407
37842,0.007124,172.217.194.0-255,66,180063,77,423407
37843,0.007683,172.217.194.0-255,5738,185801,77,423407
37844,0.007686,172.31.40.0-255,66,185867,77,423407
37845,0.009666,172.217.194.0-255,5738,191605,77,423407
37846,0.009673,172.31.40.0-255,66,191671,77,423407
37847,0.011699,172.217.194.0-255,5738,197409,77,423407
37848,0.011707,172.31.40.0-255,66,197475,77,423407
37849,0.013686,172.217.194.0-255,5738,203213,77,423407
37850,0.013694,172.31.40.0-255,66,203279,77,423407
37851,0.015708,172.217.194.0-255,4320,207599,77,423407
37852,0.015718,172.31.40.0-255,66,207665,77,423407
37853,0.015739,172.217.194.0-255,1484,209149,77,423407
37854,0.017721,172.217.194.0-255,4320,213469,77,423407
37855,0.017731,172.31.40.0-255,66,213535,77,423407
37856,0.019749,172.217.194.0-255,4320,217855,77,423407
37857,0.019758,172.31.40.0-255,66,217921,77,423407
37858,0.019778,172.217.194.0-255,1484,219405,77,423407
37859,0.021754,172.217.194.0-255,4320,223725,77,423407
37860,0.021761,172.31.40.0-255,66,223791,77,423407
37861,0.023735,172.217.194.0-255,5738,229529,77,423407
37862,0.023741,172.31.40.0-255,66,229595,77,423407
37863,0.025711,172.217.194.0-255,5738,235333,77,423407
37864,0.025718,172.31.40.0-255,66,235399,77,423407
37865,0.027718,172.217.194.0-255,5738,241137,77,423407
37866,0.027729,172.31.40.0-255,66,241203,77,423407
37867,0.029767,172.217.194.0-255,5738,246941,77,423407
37868,0.029776,172.31.40.0-255,66,247007,77,423407
37869,0.031788,172.217.194.0-255,5738,252745,77,423407
37870,0.031796,172.31.40.0-255,66,252811,77,423407
37871,0.033815,172.217.194.0-255,5738,258549,77,423407
37872,0.033831,172.31.40.0-255,66,258615,77,423407
37873,0.035842,172.217.194.0-255,5738,264353,77,423407
37874,0.035852,172.31.40.0-255,66,264419,77,423407
37875,0.037866,172.217.194.0-255,5738,270157,77,423407
37876,0.037874,172.31.40.0-255,66,270223,77,423407
37877,0.037989,172.31.40.0-255,172,270395,77,423407
37878,0.038017,172.31.40.0-255,1120,271515,77,423407
37879,0.038136,172.31.40.0-255,1514,273029,77,423407
37880,0.038138,172.31.40.0-255,1514,274543,77,423407
37881,0.038144,172.31.40.0-255,1514,276057,77,423407
37882,0.038145,172.31.40.0-255,1514,277571,77,423407
37883,0.038165,172.31.40.0-255,1478,279049,77,423407
37884,0.039541,104.244.42.0-255,66,279115,77,423407
37885,0.039566,104.244.42.0-255,66,279181,77,423407
37886,0.039707,104.244.42.0-255,66,279247,77,423407
37887,0.039886,172.217.194.0-255,1484,280731,77,423407
37888,0.039911,172.217.194.0-255,4320,285051,77,423407
37889,0.03992,172.31.40.0-255,66,285117,77,423407
37890,0.041919,172.217.194.0-255,5738,290855,77,423407
37891,0.04193,172.31.40.0-255,66,290921,77,423407
37892,0.043943,172.217.194.0-255,5738,296659,77,423407
37893,0.043953,172.31.40.0-255,66,296725,77,423407
37894,0.045985,172.217.194.0-255,5738,302463,77,423407
37895,0.046001,172.31.40.0-255,66,302529,77,423407
37896,0.04801,172.217.194.0-255,5738,308267,77,423407
37897,0.048024,172.31.40.0-255,66,308333,77,423407
37898,0.050063,172.217.194.0-255,5738,314071,77,423407
37899,0.050077,172.31.40.0-255,66,314137,77,423407
37900,0.052114,172.217.194.0-255,5738,319875,77,423407
37901,0.05213,172.31.40.0-255,66,319941,77,423407
37902,0.054202,172.217.194.0-255,5738,325679,77,423407
37903,0.054217,172.31.40.0-255,66,325745,77,423407
37904,0.056239,172.217.194.0-255,5738,331483,77,423407
37905,0.056247,172.31.40.0-255,66,331549,77,423407
37906,0.058257,172.217.194.0-255,5738,337287,77,423407
37907,0.058273,172.31.40.0-255,66,337353,77,423407
37908,0.060267,172.217.194.0-255,5738,343091,77,423407
37909,0.060281,172.31.40.0-255,66,343157,77,423407
37910,0.062298,172.217.194.0-255,5738,348895,77,423407
37911,0.062314,172.31.40.0-255,66,348961,77,423407
37912,0.064342,172.217.194.0-255,5738,354699,77,423407
37913,0.064358,172.31.40.0-255,66,354765,77,423407
37914,0.066436,172.217.194.0-255,5738,360503,77,423407
37915,0.066452,172.31.40.0-255,66,360569,77,423407
37916,0.068501,172.217.194.0-255,5738,366307,77,423407
37917,0.068516,172.31.40.0-255,66,366373,77,423407
37918,0.070552,172.217.194.0-255,5738,372111,77,423407
37919,0.070565,172.31.40.0-255,66,372177,77,423407
37920,0.072584,172.217.194.0-255,5738,377915,77,423407
37921,0.072595,172.31.40.0-255,66,377981,77,423407
37922,0.07462,172.217.194.0-255,5738,383719,77,423407
37923,0.074636,172.31.40.0-255,66,383785,77,423407
37924,0.076681,172.217.194.0-255,5738,389523,77,423407
37925,0.076699,172.31.40.0-255,66,389589,77,423407
37926,0.078705,172.217.194.0-255,5738,395327,77,423407
37927,0.078726,172.31.40.0-255,66,395393,77,423407
37928,0.080771,172.217.194.0-255,5738,401131,77,423407
37929,0.080785,172.31.40.0-255,66,401197,77,423407
37930,0.082806,172.217.194.0-255,5738,406935,77,423407
37931,0.082822,172.31.40.0-255,66,407001,77,423407
37932,0.08487,172.217.194.0-255,5738,412739,77,423407
37933,0.084883,172.31.40.0-255,66,412805,77,423407
37934,0.086885,172.217.194.0-255,5738,418543,77,423407
37935,0.086892,172.31.40.0-255,66,418609,77,423407
37936,0.088898,172.217.194.0-255,4561,423170,77,423407
37937,0.088905,172.31.40.0-255,66,423236,77,423407
37938,0.089096,172.31.40.0-255,105,423341,77,423407
37939,0.094854,172.217.194.0-255,66,423407,77,423407
37940,0.0,172.253.118.0-255,153,153,77,363110
37941,2.3e-05,172.31.40.0-255,66,219,77,363110
37942,3e-05,172.253.118.0-255,1484,1703,77,363110
37943,3.5e-05,172.31.40.0-255,66,1769,77,363110
37944,4.8e-05,172.253.118.0-255,2902,4671,77,363110
37945,5.1e-05,172.31.40.0-255,66,4737,77,363110
37946,5.9e-05,172.253.118.0-255,7156,11893,77,363110
37947,6.3e-05,172.31.40.0-255,66,11959,77,363110
37948,9.6e-05,172.253.118.0-255,2072,14031,77,363110
37949,0.0001,172.31.40.0-255,66,14097,77,363110
37950,0.000119,172.253.118.0-255,2902,16999,77,363110
37951,0.000122,172.31.40.0-255,66,17065,77,363110
37952,0.000127,172.253.118.0-255,4320,21385,77,363110
37953,0.00013,172.31.40.0-255,66,21451,77,363110
37954,0.000169,172.253.118.0-255,8574,30025,77,363110
37955,0.000172,172.31.40.0-255,66,30091,77,363110
37956,0.000175,172.253.118.0-255,1125,31216,77,363110
37957,0.000177,172.31.40.0-255,66,31282,77,363110
37958,0.000229,172.253.118.0-255,1484,32766,77,363110
37959,0.000231,172.31.40.0-255,66,32832,77,363110
37960,0.000237,172.253.118.0-255,2902,35734,77,363110
37961,0.000238,172.31.40.0-255,66,35800,77,363110
37962,0.000241,172.253.118.0-255,1484,37284,77,363110
37963,0.000244,172.31.40.0-255,66,37350,77,363110
37964,0.00028,172.253.118.0-255,4320,41670,77,363110
37965,0.000286,172.253.118.0-255,6797,48467,77,363110
37966,0.000291,172.31.40.0-255,66,48533,77,363110
37967,0.000294,172.31.40.0-255,66,48599,77,363110
37968,0.000385,172.253.118.0-255,1484,50083,77,363110
37969,0.000389,172.31.40.0-255,66,50149,77,363110
37970,0.000394,172.253.118.0-255,2902,53051,77,363110
37971,0.000397,172.31.40.0-255,66,53117,77,363110
37972,0.000402,172.253.118.0-255,4320,57437,77,363110
37973,0.00041,172.31.40.0-255,66,57503,77,363110
37974,0.000466,172.253.118.0-255,1484,58987,77,363110
37975,0.000475,172.253.118.0-255,5738,64725,77,363110
37976,0.000478,172.31.40.0-255,66,64791,77,363110
37977,0.000481,172.253.118.0-255,1472,66263,77,363110
37978,0.000501,172.253.118.0-255,330,66593,77,363110
37979,0.000503,172.31.40.0-255,66,66659,77,363110
37980,0.000727,172.253.118.0-255,1484,68143,77,363110
37981,0.000735,172.253.118.0-255,2902,71045,77,363110
37982,0.000739,172.31.40.0-255,66,71111,77,363110
37983,0.000766,172.253.118.0-255,5738,76849,77,363110
37984,0.000769,172.31.40.0-255,66,76915,77,363110
37985,0.000785,172.253.118.0-255,1484,78399,77,363110
37986,0.000816,172.253.118.0-255,11410,89809,77,363110
37987,0.000821,172.31.40.0-255,66,89875,77,363110
37988,0.000853,172.253.118.0-255,10692,100567,77,363110
37989,0.000856,172.31.40.0-255,66,100633,77,363110
37990,0.000959,172.253.118.0-255,1484,102117,77,363110
37991,0.000971,172.253.118.0-255,2902,105019,77,363110
37992,0.000974,172.31.40.0-255,66,105085,77,363110
37993,0.00098,172.253.118.0-255,2902,107987,77,363110
37994,0.000982,172.31.40.0-255,66,108053,77,363110
37995,0.00101,172.253.118.0-255,2902,110955,77,363110
37996,0.001013,172.31.40.0-255,66,111021,77,363110
37997,0.001021,172.253.118.0-255,8574,119595,77,363110
37998,0.001023,172.31.40.0-255,66,119661,77,363110
37999,0.001055,172.253.118.0-255,4320,123981,77,363110
38000,0.001058,172.31.40.0-255,66,124047,77,363110
38001,0.001064,172.253.118.0-255,4320,128367,77,363110
38002,0.001066,172.31.40.0-255,66,128433,77,363110
38003,0.001116,172.253.118.0-255,6438,134871,77,363110
38004,0.001119,172.31.40.0-255,66,134937,77,363110
38005,0.001122,172.253.118.0-255,1484,136421,77,363110
38006,0.001127,172.253.118.0-255,2902,139323,77,363110
38007,0.001129,172.31.40.0-255,66,139389,77,363110
38008,0.001165,172.253.118.0-255,5738,145127,77,363110
38009,0.001169,172.31.40.0-255,66,145193,77,363110
38010,0.00118,172.253.118.0-255,12828,158021,77,363110
38011,0.001183,172.31.40.0-255,66,158087,77,363110
38012,0.00119,172.253.118.0-255,7156,165243,77,363110
38013,0.001192,172.31.40.0-255,66,165309,77,363110
38014,0.001231,172.253.118.0-255,3602,168911,77,363110
38015,0.001234,172.31.40.0-255,66,168977,77,363110
38016,0.001277,172.253.118.0-255,2902,171879,77,363110
38017,0.001281,172.31.40.0-255,66,171945,77,363110
38018,0.001286,172.253.118.0-255,4320,176265,77,363110
38019,0.001288,172.31.40.0-255,66,176331,77,363110
38020,0.00132,172.253.118.0-255,8574,184905,77,363110
38021,0.001323,172.31.40.0-255,66,184971,77,363110
38022,0.001326,172.253.118.0-255,1484,186455,77,363110
38023,0.001369,172.31.40.0-255,66,186521,77,363110
38024,0.001373,172.253.118.0-255,2184,188705,77,363110
38025,0.001375,172.31.40.0-255,66,188771,77,363110
38026,0.001598,172.253.118.0-255,1484,190255,77,363110
38027,0.001618,172.253.118.0-255,2902,193157,77,363110
38028,0.001622,172.31.40.0-255,66,193223,77,363110
38029,0.001628,172.253.118.0-255,4320,197543,77,363110
38030,0.00163,172.31.40.0-255,66,197609,77,363110
38031,0.00165,172.253.118.0-255,1484,199093,77,363110
38032,0.001655,172.253.118.0-255,4320,203413,77,363110
38033,0.001659,172.253.118.0-255,2902,206315,77,363110
38034,0.001664,172.31.40.0-255,66,206381,77,363110
38035,0.001667,172.31.40.0-255,66,206447,77,363110
38036,0.00169,172.253.118.0-255,8574,215021,77,363110
38037,0.001693,172.31.40.0-255,66,215087,77,363110
38038,0.001701,172.253.118.0-255,7856,222943,77,363110
38039,0.001704,172.31.40.0-255,66,223009,77,363110
38040,0.001765,172.253.118.0-255,1484,224493,77,363110
38041,0.001776,172.253.118.0-255,1484,225977,77,363110
38042,0.00178,172.31.40.0-255,66,226043,77,363110
38043,0.001789,172.253.118.0-255,1484,227527,77,363110
38044,0.001799,172.253.118.0-255,5738,233265,77,363110
38045,0.001802,172.31.40.0-255,66,233331,77,363110
38046,0.001805,172.253.118.0-255,1484,234815,77,363110
38047,0.001846,172.253.118.0-255,11410,246225,77,363110
38048,0.001849,172.31.40.0-255,66,246291,77,363110
38049,0.001856,172.253.118.0-255,5738,252029,77,363110
38050,0.001858,172.31.40.0-255,66,252095,77,363110
38051,0.001894,172.253.118.0-255,5020,257115,77,363110
38052,0.001898,172.31.40.0-255,66,257181,77,363110
38053,0.002036,172.253.118.0-255,1484,258665,77,363110
38054,0.002051,172.253.118.0-255,1484,260149,77,363110
38055,0.002054,172.31.40.0-255,66,260215,77,363110
38056,0.002073,172.253.118.0-255,1484,261699,77,363110
38057,0.00208,172.253.118.0-255,5738,267437,77,363110
38058,0.002083,172.31.40.0-255,66,267503,77,363110
38059,0.00209,172.253.118.0-255,7156,274659,77,363110
38060,0.002093,172.31.40.0-255,66,274725,77,363110
38061,0.002135,172.31.40.0-255,66,274791,77,363110
38062,0.002139,172.253.118.0-255,2184,276975,77,363110
38063,0.002141,172.31.40.0-255,66,277041,77,363110
38064,0.002238,172.253.118.0-255,1484,278525,77,363110
38065,0.002244,172.253.118.0-255,2902,281427,77,363110
38066,0.002247,172.31.40.0-255,66,281493,77,363110
38067,0.002254,172.253.118.0-255,5738,287231,77,363110
38068,0.002256,172.31.40.0-255,66,287297,77,363110
38069,0.002331,172.253.118.0-255,12828,300125,77,363110
38070,0.002333,172.31.40.0-255,66,300191,77,363110
38071,0.002346,172.253.118.0-255,13528,313719,77,363110
38072,0.002349,172.31.40.0-255,66,313785,77,363110
38073,0.002358,172.253.118.0-255,9992,323777,77,363110
38074,0.00236,172.31.40.0-255,66,323843,77,363110
38075,0.002399,172.253.118.0-255,1484,325327,77,363110
38076,0.002426,172.253.118.0-255,11410,336737,77,363110
38077,0.00243,172.31.40.0-255,66,336803,77,363110
38078,0.002467,172.253.118.0-255,12110,348913,77,363110
38079,0.002471,172.31.40.0-255,66,348979,77,363110
38080,0.002501,172.31.40.0-255,66,349045,77,363110
38081,0.002508,172.253.118.0-255,5020,354065,77,363110
38082,0.00251,172.31.40.0-255,66,354131,77,363110
38083,0.002517,172.253.118.0-255,4456,358587,77,363110
38084,0.002521,172.31.40.0-255,66,358653,77,363110
38085,0.005019,172.253.118.0-255,105,358758,77,363110
38086,0.007515,172.31.40.0-255,101,358859,77,363110
38087,0.009738,172.31.40.0-255,105,358964,77,363110
38088,0.009997,172.253.118.0-255,66,359030,77,363110
38089,0.012229,172.253.118.0-255,66,359096,77,363110
38090,0.0533,172.31.40.0-255,172,359268,77,363110
38091,0.053334,172.31.40.0-255,1120,360388,77,363110
38092,0.053398,172.31.40.0-255,1514,361902,77,363110
38093,0.053399,172.31.40.0-255,1010,362912,77,363110
38094,0.054857,104.244.42.0-255,66,362978,77,363110
38095,0.054915,104.244.42.0-255,66,363044,77,363110
38096,0.054957,104.244.42.0-255,66,363110,77,363110
38097,0.0,172.217.194.0-255,153,153,77,425971
38098,2.2e-05,172.31.40.0-255,66,219,77,425971
38099,2.9e-05,172.217.194.0-255,1484,1703,77,425971
38100,3.4e-05,172.31.40.0-255,66,1769,77,425971
38101,3.9e-05,172.217.194.0-255,2902,4671,77,425971
38102,5e-05,172.31.40.0-255,66,4737,77,425971
38103,5.7e-05,172.217.194.0-255,7156,11893,77,425971
38104,6e-05,172.31.40.0-255,66,11959,77,425971
38105,6.4e-05,172.217.194.0-255,2135,14094,77,425971
38106,6.6e-05,172.31.40.0-255,66,14160,77,425971
38107,0.000106,172.217.194.0-255,5738,19898,77,425971
38108,0.00011,172.31.40.0-255,66,19964,77,425971
38109,0.000117,172.217.194.0-255,7156,27120,77,425971
38110,0.000119,172.31.40.0-255,66,27186,77,425971
38111,0.000143,172.217.194.0-255,1484,28670,77,425971
38112,0.000145,172.31.40.0-255,66,28736,77,425971
38113,0.000177,172.217.194.0-255,9633,38369,77,425971
38114,0.000179,172.31.40.0-255,66,38435,77,425971
38115,0.00021,172.217.194.0-255,9633,48068,77,425971
38116,0.000213,172.31.40.0-255,66,48134,77,425971
38117,0.000246,172.217.194.0-255,1484,49618,77,425971
38118,0.000248,172.31.40.0-255,66,49684,77,425971
38119,0.000253,172.217.194.0-255,2902,52586,77,425971
38120,0.000256,172.31.40.0-255,66,52652,77,425971
38121,0.000292,172.217.194.0-255,2902,55554,77,425971
38122,0.000294,172.31.40.0-255,66,55620,77,425971
38123,0.000324,172.217.194.0-255,2902,58522,77,425971
38124,0.000326,172.31.40.0-255,66,58588,77,425971
38125,0.000334,172.217.194.0-255,7096,65684,77,425971
38126,0.000336,172.31.40.0-255,66,65750,77,425971
38127,0.000343,172.217.194.0-255,379,66129,77,425971
38128,0.000346,172.31.40.0-255,66,66195,77,425971
38129,0.000558,172.217.194.0-255,1484,67679,77,425971
38130,0.000566,172.217.194.0-255,2902,70581,77,425971
38131,0.00057,172.31.40.0-255,66,70647,77,425971
38132,0.000577,172.217.194.0-255,5738,76385,77,425971
38133,0.00058,172.31.40.0-255,66,76451,77,425971
38134,0.000608,172.217.194.0-255,6797,83248,77,425971
38135,0.000611,172.31.40.0-255,66,83314,77,425971
38136,0.000709,172.217.194.0-255,1484,84798,77,425971
38137,0.000716,172.217.194.0-255,2902,87700,77,425971
38138,0.000718,172.31.40.0-255,66,87766,77,425971
38139,0.000722,172.217.194.0-255,1484,89250,77,425971
38140,0.000753,172.217.194.0-255,4320,93570,77,425971
38141,0.000755,172.31.40.0-255,66,93636,77,425971
38142,0.000763,172.217.194.0-255,6797,100433,77,425971
38143,0.000765,172.31.40.0-255,66,100499,77,425971
38144,0.000864,172.31.40.0-255,101,100600,77,425971
38145,0.001239,172.217.194.0-255,1484,102084,77,425971
38146,0.001246,172.217.194.0-255,2902,104986,77,425971
38147,0.001249,172.31.40.0-255,66,105052,77,425971
38148,0.001256,172.217.194.0-255,5738,110790,77,425971
38149,0.001258,172.31.40.0-255,66,110856,77,425971
38150,0.001275,172.217.194.0-255,12828,123684,77,425971
38151,0.001277,172.31.40.0-255,66,123750,77,425971
38152,0.001287,172.217.194.0-255,10692,134442,77,425971
38153,0.00129,172.31.40.0-255,66,134508,77,425971
38154,0.00168,172.217.194.0-255,1484,135992,77,425971
38155,0.001687,172.217.194.0-255,2902,138894,77,425971
38156,0.00169,172.31.40.0-255,66,138960,77,425971
38157,0.001722,172.217.194.0-255,5738,144698,77,425971
38158,0.001727,172.217.194.0-255,5738,150436,77,425971
38159,0.001731,172.31.40.0-255,66,150502,77,425971
38160,0.001734,172.31.40.0-255,66,150568,77,425971
38161,0.001772,172.217.194.0-255,12828,163396,77,425971
38162,0.001775,172.31.40.0-255,66,163462,77,425971
38163,0.001782,172.217.194.0-255,5020,168482,77,425971
38164,0.001784,172.31.40.0-255,66,168548,77,425971
38165,0.001911,172.217.194.0-255,1484,170032,77,425971
38166,0.001916,172.217.194.0-255,2902,172934,77,425971
38167,0.001919,172.31.40.0-255,66,173000,77,425971
38168,0.001925,172.217.194.0-255,2902,175902,77,425971
38169,0.001927,172.31.40.0-255,66,175968,77,425971
38170,0.001948,172.217.194.0-255,2902,178870,77,425971
38171,0.001956,172.217.194.0-255,8574,187444,77,425971
38172,0.00196,172.31.40.0-255,66,187510,77,425971
38173,0.001962,172.31.40.0-255,66,187576,77,425971
38174,0.001982,172.217.194.0-255,4320,191896,77,425971
38175,0.001985,172.31.40.0-255,66,191962,77,425971
38176,0.001998,172.217.194.0-255,10692,202654,77,425971
38177,0.002001,172.31.40.0-255,66,202720,77,425971
38178,0.002114,172.217.194.0-255,1484,204204,77,425971
38179,0.002118,172.217.194.0-255,1484,205688,77,425971
38180,0.002121,172.31.40.0-255,66,205754,77,425971
38181,0.002146,172.217.194.0-255,1484,207238,77,425971
38182,0.002152,172.217.194.0-255,5738,212976,77,425971
38183,0.002154,172.31.40.0-255,66,213042,77,425971
38184,0.00216,172.217.194.0-255,4320,217362,77,425971
38185,0.002162,172.31.40.0-255,66,217428,77,425971
38186,0.002202,172.217.194.0-255,8574,226002,77,425971
38187,0.002205,172.31.40.0-255,66,226068,77,425971
38188,0.002214,172.217.194.0-255,8574,234642,77,425971
38189,0.002223,172.31.40.0-255,66,234708,77,425971
38190,0.002227,172.217.194.0-255,2184,236892,77,425971
38191,0.00223,172.31.40.0-255,66,236958,77,425971
38192,0.00226,172.217.194.0-255,2902,239860,77,425971
38193,0.002264,172.31.40.0-255,66,239926,77,425971
38194,0.002272,172.217.194.0-255,7156,247082,77,425971
38195,0.002274,172.31.40.0-255,66,247148,77,425971
38196,0.002294,172.217.194.0-255,8574,255722,77,425971
38197,0.002297,172.31.40.0-255,66,255788,77,425971
38198,0.002332,172.217.194.0-255,1484,257272,77,425971
38199,0.002371,172.217.194.0-255,13528,270800,77,425971
38200,0.002374,172.31.40.0-255,66,270866,77,425971
38201,0.00311,172.217.194.0-255,66,270932,77,425971
38202,0.004686,172.217.194.0-255,5738,276670,77,425971
38203,0.004703,172.31.40.0-255,66,276736,77,425971
38204,0.007088,172.217.194.0-255,5738,282474,77,425971
38205,0.007107,172.31.40.0-255,66,282540,77,425971
38206,0.009413,172.217.194.0-255,5738,288278,77,425971
38207,0.009423,172.31.40.0-255,66,288344,77,425971
38208,0.011733,172.217.194.0-255,5738,294082,77,425971
38209,0.01174,172.31.40.0-255,66,294148,77,425971
38210,0.014041,172.217.194.0-255,5738,299886,77,425971
38211,0.014049,172.31.40.0-255,66,299952,77,425971
38212,0.01641,172.217.194.0-255,5738,305690,77,425971
38213,0.016428,172.31.40.0-255,66,305756,77,425971
38214,0.018746,172.217.194.0-255,5738,311494,77,425971
38215,0.018763,172.31.40.0-255,66,311560,77,425971
38216,0.021068,172.217.194.0-255,5738,317298,77,425971
38217,0.021081,172.31.40.0-255,66,317364,77,425971
38218,0.023391,172.217.194.0-255,5738,323102,77,425971
38219,0.023406,172.31.40.0-255,66,323168,77,425971
38220,0.025747,172.217.194.0-255,5738,328906,77,425971
38221,0.025766,172.31.40.0-255,66,328972,77,425971
38222,0.028062,172.217.194.0-255,5738,334710,77,425971
38223,0.028076,172.31.40.0-255,66,334776,77,425971
38224,0.03042,172.217.194.0-255,5738,340514,77,425971
38225,0.03043,172.31.40.0-255,66,340580,77,425971
38226,0.032734,172.217.194.0-255,5738,346318,77,425971
38227,0.032746,172.31.40.0-255,66,346384,77,425971
38228,0.035077,172.217.194.0-255,5738,352122,77,425971
38229,0.035093,172.31.40.0-255,66,352188,77,425971
38230,0.037418,172.217.194.0-255,5738,357926,77,425971
38231,0.037431,172.31.40.0-255,66,357992,77,425971
38232,0.039738,172.217.194.0-255,5738,363730,77,425971
38233,0.039753,172.31.40.0-255,66,363796,77,425971
38234,0.042102,172.217.194.0-255,5738,369534,77,425971
38235,0.04212,172.31.40.0-255,66,369600,77,425971
38236,0.044435,172.217.194.0-255,5738,375338,77,425971
38237,0.044446,172.31.40.0-255,66,375404,77,425971
38238,0.046753,172.217.194.0-255,5738,381142,77,425971
38239,0.046768,172.31.40.0-255,66,381208,77,425971
38240,0.049112,172.217.194.0-255,5738,386946,77,425971
38241,0.04913,172.31.40.0-255,66,387012,77,425971
38242,0.05143,172.217.194.0-255,5738,392750,77,425971
38243,0.051438,172.31.40.0-255,66,392816,77,425971
38244,0.052301,172.31.40.0-255,172,392988,77,425971
38245,0.052335,172.31.40.0-255,1121,394109,77,425971
38246,0.052431,172.31.40.0-255,1514,395623,77,425971
38247,0.052451,172.31.40.0-255,1514,397137,77,425971
38248,0.052452,172.31.40.0-255,1514,398651,77,425971
38249,0.052474,172.31.40.0-255,1514,400165,77,425971
38250,0.052477,172.31.40.0-255,93,400258,77,425971
38251,0.053767,172.217.194.0-255,5738,405996,77,425971
38252,0.053783,172.31.40.0-255,66,406062,77,425971
38253,0.053828,104.244.42.0-255,66,406128,77,425971
38254,0.053876,104.244.42.0-255,66,406194,77,425971
38255,0.053993,104.244.42.0-255,66,406260,77,425971
38256,0.054043,104.244.42.0-255,66,406326,77,425971
38257,0.054046,104.244.42.0-255,66,406392,77,425971
38258,0.056082,172.217.194.0-255,5738,412130,77,425971
38259,0.056091,172.31.40.0-255,66,412196,77,425971
38260,0.058435,172.217.194.0-255,5738,417934,77,425971
38261,0.058447,172.31.40.0-255,66,418000,77,425971
38262,0.060735,172.217.194.0-255,5738,423738,77,425971
38263,0.060743,172.31.40.0-255,66,423804,77,425971
38264,0.063071,172.217.194.0-255,1930,425734,77,425971
38265,0.063082,172.31.40.0-255,66,425800,77,425971
38266,0.063273,172.31.40.0-255,105,425905,77,425971
38267,0.069617,172.217.194.0-255,66,425971,77,425971
38268,0.0,172.217.194.0-255,152,152,77,398012
38269,2.7e-05,172.31.40.0-255,66,218,77,398012
38270,3.5e-05,172.217.194.0-255,1484,1702,77,398012
38271,3.9e-05,172.31.40.0-255,66,1768,77,398012
38272,4.5e-05,172.217.194.0-255,2902,4670,77,398012
38273,4.9e-05,172.31.40.0-255,66,4736,77,398012
38274,5.8e-05,172.217.194.0-255,7156,11892,77,398012
38275,6e-05,172.31.40.0-255,66,11958,77,398012
38276,6.5e-05,172.217.194.0-255,3346,15304,77,398012
38277,6.8e-05,172.31.40.0-255,66,15370,77,398012
38278,7.9e-05,172.217.194.0-255,12828,28198,77,398012
38279,8.2e-05,172.31.40.0-255,66,28264,77,398012
38280,8.7e-05,172.217.194.0-255,2543,30807,77,398012
38281,8.9e-05,172.31.40.0-255,66,30873,77,398012
38282,0.000145,172.217.194.0-255,1484,32357,77,398012
38283,0.000148,172.31.40.0-255,66,32423,77,398012
38284,0.000153,172.217.194.0-255,2902,35325,77,398012
38285,0.000155,172.31.40.0-255,66,35391,77,398012
38286,0.000158,172.217.194.0-255,1484,36875,77,398012
38287,0.00016,172.31.40.0-255,66,36941,77,398012
38288,0.000176,172.217.194.0-255,4320,41261,77,398012
38289,0.000178,172.31.40.0-255,66,41327,77,398012
38290,0.000181,172.217.194.0-255,1484,42811,77,398012
38291,0.000183,172.31.40.0-255,66,42877,77,398012
38292,0.000212,172.217.194.0-255,6797,49674,77,398012
38293,0.000214,172.31.40.0-255,66,49740,77,398012
38294,0.000226,172.217.194.0-255,11410,61150,77,398012
38295,0.000228,172.31.40.0-255,66,61216,77,398012
38296,0.000243,172.217.194.0-255,4253,65469,77,398012
38297,0.000249,172.31.40.0-255,66,65535,77,398012
38298,0.000302,172.217.194.0-255,367,65902,77,398012
38299,0.000305,172.31.40.0-255,66,65968,77,398012
38300,0.000448,172.217.194.0-255,1484,67452,77,398012
38301,0.000456,172.217.194.0-255,2902,70354,77,398012
38302,0.00046,172.31.40.0-255,66,70420,77,398012
38303,0.000463,172.217.194.0-255,1484,71904,77,398012
38304,0.000483,172.217.194.0-255,4320,76224,77,398012
38305,0.000486,172.31.40.0-255,66,76290,77,398012
38306,0.00049,172.217.194.0-255,2902,79192,77,398012
38307,0.000492,172.31.40.0-255,66,79258,77,398012
38308,0.000516,172.217.194.0-255,11051,90309,77,398012
38309,0.000519,172.31.40.0-255,66,90375,77,398012
38310,0.000579,172.217.194.0-255,2902,93277,77,398012
38311,0.000582,172.31.40.0-255,66,93343,77,398012
38312,0.000602,172.217.194.0-255,6797,100140,77,398012
38313,0.000604,172.31.40.0-255,66,100206,77,398012
38314,0.00077,172.217.194.0-255,1484,101690,77,398012
38315,0.000777,172.217.194.0-255,2902,104592,77,398012
38316,0.000781,172.31.40.0-255,66,104658,77,398012
38317,0.000785,172.217.194.0-255,1484,106142,77,398012
38318,0.000804,172.217.194.0-255,4320,110462,77,398012
38319,0.000808,172.31.40.0-255,66,110528,77,398012
38320,0.000815,172.217.194.0-255,7156,117684,77,398012
38321,0.000818,172.31.40.0-255,66,117750,77,398012
38322,0.000866,172.217.194.0-255,7156,124906,77,398012
38323,0.00087,172.31.40.0-255,66,124972,77,398012
38324,0.000898,172.217.194.0-255,7156,132128,77,398012
38325,0.000901,172.217.194.0-255,2184,134312,77,398012
38326,0.000906,172.31.40.0-255,66,134378,77,398012
38327,0.000909,172.31.40.0-255,66,134444,77,398012
38328,0.000936,172.217.194.0-255,4320,138764,77,398012
38329,0.000938,172.31.40.0-255,66,138830,77,398012
38330,0.000967,172.217.194.0-255,12828,151658,77,398012
38331,0.000971,172.31.40.0-255,66,151724,77,398012
38332,0.000992,172.217.194.0-255,5738,157462,77,398012
38333,0.000995,172.31.40.0-255,66,157528,77,398012
38334,0.001021,172.217.194.0-255,10692,168220,77,398012
38335,0.001024,172.31.40.0-255,66,168286,77,398012
38336,0.001085,172.217.194.0-255,1484,169770,77,398012
38337,0.001101,172.217.194.0-255,2902,172672,77,398012
38338,0.001104,172.31.40.0-255,66,172738,77,398012
38339,0.001111,172.217.194.0-255,5738,178476,77,398012
38340,0.001113,172.31.40.0-255,66,178542,77,398012
38341,0.001117,172.217.194.0-255,2902,181444,77,398012
38342,0.00112,172.31.40.0-255,66,181510,77,398012
38343,0.001147,172.217.194.0-255,9992,191502,77,398012
38344,0.001149,172.31.40.0-255,66,191568,77,398012
38345,0.001158,172.217.194.0-255,8574,200142,77,398012
38346,0.001161,172.31.40.0-255,66,200208,77,398012
38347,0.001185,172.217.194.0-255,2184,202392,77,398012
38348,0.001188,172.31.40.0-255,66,202458,77,398012
38349,0.00136,172.217.194.0-255,1484,203942,77,398012
38350,0.001368,172.217.194.0-255,2902,206844,77,398012
38351,0.001372,172.31.40.0-255,66,206910,77,398012
38352,0.001396,172.217.194.0-255,5738,212648,77,398012
38353,0.001399,172.31.40.0-255,66,212714,77,398012
38354,0.001405,172.217.194.0-255,5738,218452,77,398012
38355,0.001407,172.31.40.0-255,66,218518,77,398012
38356,0.001425,172.217.194.0-255,2902,221420,77,398012
38357,0.001427,172.31.40.0-255,66,221486,77,398012
38358,0.001462,172.217.194.0-255,9992,231478,77,398012
38359,0.001466,172.31.40.0-255,66,231544,77,398012
38360,0.001477,172.217.194.0-255,12110,243654,77,398012
38361,0.00148,172.31.40.0-255,66,243720,77,398012
38362,0.001486,172.217.194.0-255,5738,249458,77,398012
38363,0.001488,172.31.40.0-255,66,249524,77,398012
38364,0.001517,172.217.194.0-255,7156,256680,77,398012
38365,0.00152,172.31.40.0-255,66,256746,77,398012
38366,0.001531,172.217.194.0-255,13528,270274,77,398012
38367,0.001533,172.31.40.0-255,66,270340,77,398012
38368,0.001536,172.217.194.0-255,1484,271824,77,398012
38369,0.001562,172.217.194.0-255,2902,274726,77,398012
38370,0.001565,172.31.40.0-255,66,274792,77,398012
38371,0.00157,172.217.194.0-255,5738,280530,77,398012
38372,0.001572,172.31.40.0-255,66,280596,77,398012
38373,0.001609,172.217.194.0-255,9992,290588,77,398012
38374,0.001611,172.31.40.0-255,66,290654,77,398012
38375,0.001638,172.217.194.0-255,1484,292138,77,398012
38376,0.001648,172.217.194.0-255,12110,304248,77,398012
38377,0.001651,172.31.40.0-255,66,304314,77,398012
38378,0.001661,172.217.194.0-255,12828,317142,77,398012
38379,0.001663,172.31.40.0-255,66,317208,77,398012
38380,0.001669,172.217.194.0-255,7156,324364,77,398012
38381,0.001671,172.31.40.0-255,66,324430,77,398012
38382,0.001677,172.217.194.0-255,5738,330168,77,398012
38383,0.001679,172.31.40.0-255,66,330234,77,398012
38384,0.001696,172.217.194.0-255,2902,333136,77,398012
38385,0.001699,172.31.40.0-255,66,333202,77,398012
38386,0.001711,172.217.194.0-255,1484,334686,77,398012
38387,0.001726,172.217.194.0-255,4320,339006,77,398012
38388,0.001729,172.31.40.0-255,66,339072,77,398012
38389,0.001754,172.217.194.0-255,12110,351182,77,398012
38390,0.001756,172.31.40.0-255,66,351248,77,398012
38391,0.001763,172.217.194.0-255,7156,358404,77,398012
38392,0.001765,172.31.40.0-255,66,358470,77,398012
38393,0.001782,172.217.194.0-255,11410,369880,77,398012
38394,0.001784,172.31.40.0-255,66,369946,77,398012
38395,0.00179,172.217.194.0-255,5738,375684,77,398012
38396,0.001791,172.31.40.0-255,66,375750,77,398012
38397,0.001806,172.217.194.0-255,6438,382188,77,398012
38398,0.00181,172.31.40.0-255,66,382254,77,398012
38399,0.001858,172.31.40.0-255,66,382320,77,398012
38400,0.001883,172.217.194.0-255,11003,393323,77,398012
38401,0.001885,172.217.194.0-255,105,393428,77,398012
38402,0.001889,172.31.40.0-255,66,393494,77,398012
38403,0.004466,172.31.40.0-255,66,393560,77,398012
38404,0.004504,172.31.40.0-255,105,393665,77,398012
38405,0.006847,172.217.194.0-255,66,393731,77,398012
38406,0.041723,172.31.40.0-255,172,393903,77,398012
38407,0.041763,172.31.40.0-255,1119,395022,77,398012
38408,0.041824,172.31.40.0-255,1514,396536,77,398012
38409,0.041826,172.31.40.0-255,1278,397814,77,398012
38410,0.043244,104.244.42.0-255,66,397880,77,398012
38411,0.043276,104.244.42.0-255,66,397946,77,398012
38412,0.043366,104.244.42.0-255,66,398012,77,398012
38413,0.0,74.125.24.0-255,150,150,77,384510
38414,2.3e-05,172.31.40.0-255,66,216,77,384510
38415,3.1e-05,74.125.24.0-255,1484,1700,77,384510
38416,3.6e-05,172.31.40.0-255,66,1766,77,384510
38417,4.2e-05,74.125.24.0-255,2902,4668,77,384510
38418,4.6e-05,172.31.40.0-255,66,4734,77,384510
38419,5.4e-05,74.125.24.0-255,7156,11890,77,384510
38420,5.7e-05,172.31.40.0-255,66,11956,77,384510
38421,6.1e-05,74.125.24.0-255,2138,14094,77,384510
38422,6.3e-05,172.31.40.0-255,66,14160,77,384510
38423,0.000294,74.125.24.0-255,1484,15644,77,384510
38424,0.0003,172.31.40.0-255,66,15710,77,384510
38425,0.000306,74.125.24.0-255,2902,18612,77,384510
38426,0.000308,172.31.40.0-255,66,18678,77,384510
38427,0.000315,74.125.24.0-255,5738,24416,77,384510
38428,0.000317,172.31.40.0-255,66,24482,77,384510
38429,0.000352,74.125.24.0-255,6797,31279,77,384510
38430,0.000355,172.31.40.0-255,66,31345,77,384510
38431,0.00043,74.125.24.0-255,1484,32829,77,384510
38432,0.000434,172.31.40.0-255,66,32895,77,384510
38433,0.000438,74.125.24.0-255,2902,35797,77,384510
38434,0.00044,172.31.40.0-255,66,35863,77,384510
38435,0.000445,74.125.24.0-255,2902,38765,77,384510
38436,0.000447,172.31.40.0-255,66,38831,77,384510
38437,0.000462,74.125.24.0-255,2902,41733,77,384510
38438,0.000465,172.31.40.0-255,66,41799,77,384510
38439,0.000506,74.125.24.0-255,6797,48596,77,384510
38440,0.00051,172.31.40.0-255,66,48662,77,384510
38441,0.000539,74.125.24.0-255,7156,55818,77,384510
38442,0.000542,172.31.40.0-255,66,55884,77,384510
38443,0.000548,74.125.24.0-255,4320,60204,77,384510
38444,0.00055,172.31.40.0-255,66,60270,77,384510
38445,0.000604,74.125.24.0-255,5676,65946,77,384510
38446,0.000608,172.31.40.0-255,66,66012,77,384510
38447,0.000986,74.125.24.0-255,126,66138,77,384510
38448,0.00102,74.125.24.0-255,1484,67622,77,384510
38449,0.001024,172.31.40.0-255,66,67688,77,384510
38450,0.00103,74.125.24.0-255,2902,70590,77,384510
38451,0.001032,172.31.40.0-255,66,70656,77,384510
38452,0.001038,74.125.24.0-255,4320,74976,77,384510
38453,0.00104,172.31.40.0-255,66,75042,77,384510
38454,0.001069,74.125.24.0-255,2902,77944,77,384510
38455,0.001071,172.31.40.0-255,66,78010,77,384510
38456,0.00108,74.125.24.0-255,8574,86584,77,384510
38457,0.001082,172.31.40.0-255,66,86650,77,384510
38458,0.001103,74.125.24.0-255,2902,89552,77,384510
38459,0.001106,172.31.40.0-255,66,89618,77,384510
38460,0.001137,74.125.24.0-255,10692,100310,77,384510
38461,0.001139,172.31.40.0-255,66,100376,77,384510
38462,0.001142,74.125.24.0-255,352,100728,77,384510
38463,0.001435,172.31.40.0-255,66,100794,77,384510
38464,0.001742,74.125.24.0-255,1484,102278,77,384510
38465,0.001751,74.125.24.0-255,2902,105180,77,384510
38466,0.001755,172.31.40.0-255,66,105246,77,384510
38467,0.001759,74.125.24.0-255,1484,106730,77,384510
38468,0.001778,74.125.24.0-255,4320,111050,77,384510
38469,0.00178,172.31.40.0-255,66,111116,77,384510
38470,0.001787,74.125.24.0-255,5738,116854,77,384510
38471,0.001789,172.31.40.0-255,66,116920,77,384510
38472,0.00181,74.125.24.0-255,7156,124076,77,384510
38473,0.001812,172.31.40.0-255,66,124142,77,384510
38474,0.001822,74.125.24.0-255,10692,134834,77,384510
38475,0.001824,172.31.40.0-255,66,134900,77,384510
38476,0.002054,74.125.24.0-255,1484,136384,77,384510
38477,0.00206,74.125.24.0-255,1484,137868,77,384510
38478,0.002064,172.31.40.0-255,66,137934,77,384510
38479,0.002079,74.125.24.0-255,1484,139418,77,384510
38480,0.002084,74.125.24.0-255,4320,143738,77,384510
38481,0.002086,172.31.40.0-255,66,143804,77,384510
38482,0.002105,74.125.24.0-255,1484,145288,77,384510
38483,0.002117,74.125.24.0-255,12828,158116,77,384510
38484,0.002119,172.31.40.0-255,66,158182,77,384510
38485,0.002124,74.125.24.0-255,4320,162502,77,384510
38486,0.002126,172.31.40.0-255,66,162568,77,384510
38487,0.002147,74.125.24.0-255,6438,169006,77,384510
38488,0.00215,172.31.40.0-255,66,169072,77,384510
38489,0.004726,74.125.24.0-255,4320,173392,77,384510
38490,0.004733,172.31.40.0-255,66,173458,77,384510
38491,0.00475,74.125.24.0-255,1484,174942,77,384510
38492,0.00733,74.125.24.0-255,4320,179262,77,384510
38493,0.007335,172.31.40.0-255,66,179328,77,384510
38494,0.009896,74.125.24.0-255,5738,185066,77,384510
38495,0.009903,172.31.40.0-255,66,185132,77,384510
38496,0.012519,74.125.24.0-255,5738,190870,77,384510
38497,0.012528,172.31.40.0-255,66,190936,77,384510
38498,0.015098,74.125.24.0-255,5738,196674,77,384510
38499,0.015108,172.31.40.0-255,66,196740,77,384510
38500,0.017692,74.125.24.0-255,5738,202478,77,384510
38501,0.017701,172.31.40.0-255,66,202544,77,384510
38502,0.020313,74.125.24.0-255,5738,208282,77,384510
38503,0.020328,172.31.40.0-255,66,208348,77,384510
38504,0.022906,74.125.24.0-255,5738,214086,77,384510
38505,0.022919,172.31.40.0-255,66,214152,77,384510
38506,0.025516,74.125.24.0-255,5738,219890,77,384510
38507,0.025532,172.31.40.0-255,66,219956,77,384510
38508,0.028129,74.125.24.0-255,5738,225694,77,384510
38509,0.028147,172.31.40.0-255,66,225760,77,384510
38510,0.030735,74.125.24.0-255,5738,231498,77,384510
38511,0.030748,172.31.40.0-255,66,231564,77,384510
38512,0.033362,74.125.24.0-255,5738,237302,77,384510
38513,0.03337,172.31.40.0-255,66,237368,77,384510
38514,0.035958,74.125.24.0-255,5738,243106,77,384510
38515,0.035966,172.31.40.0-255,66,243172,77,384510
38516,0.038543,74.125.24.0-255,5738,248910,77,384510
38517,0.03855,172.31.40.0-255,66,248976,77,384510
38518,0.04114,74.125.24.0-255,5738,254714,77,384510
38519,0.041158,172.31.40.0-255,66,254780,77,384510
38520,0.043734,74.125.24.0-255,5738,260518,77,384510
38521,0.043748,172.31.40.0-255,66,260584,77,384510
38522,0.046341,74.125.24.0-255,5738,266322,77,384510
38523,0.046348,172.31.40.0-255,66,266388,77,384510
38524,0.048954,74.125.24.0-255,5738,272126,77,384510
38525,0.048972,172.31.40.0-255,66,272192,77,384510
38526,0.05156,74.125.24.0-255,5738,277930,77,384510
38527,0.051569,172.31.40.0-255,66,277996,77,384510
38528,0.054191,74.125.24.0-255,5738,283734,77,384510
38529,0.054209,172.31.40.0-255,66,283800,77,384510
38530,0.056813,74.125.24.0-255,5738,289538,77,384510
38531,0.056819,172.31.40.0-255,66,289604,77,384510
38532,0.057811,172.31.40.0-255,172,289776,77,384510
38533,0.057841,172.31.40.0-255,1121,290897,77,384510
38534,0.057892,172.31.40.0-255,551,291448,77,384510
38535,0.059359,104.244.42.0-255,66,291514,77,384510
38536,0.059388,74.125.24.0-255,5738,297252,77,384510
38537,0.059393,172.31.40.0-255,66,297318,77,384510
38538,0.059412,104.244.42.0-255,66,297384,77,384510
38539,0.059459,104.244.42.0-255,66,297450,77,384510
38540,0.061972,74.125.24.0-255,5738,303188,77,384510
38541,0.061987,172.31.40.0-255,66,303254,77,384510
38542,0.064612,74.125.24.0-255,5738,308992,77,384510
38543,0.06463,172.31.40.0-255,66,309058,77,384510
38544,0.067207,74.125.24.0-255,5738,314796,77,384510
38545,0.067224,172.31.40.0-255,66,314862,77,384510
38546,0.069848,74.125.24.0-255,5738,320600,77,384510
38547,0.069865,172.31.40.0-255,66,320666,77,384510
38548,0.072504,74.125.24.0-255,5738,326404,77,384510
38549,0.072524,172.31.40.0-255,66,326470,77,384510
38550,0.075089,74.125.24.0-255,5738,332208,77,384510
38551,0.075096,172.31.40.0-255,66,332274,77,384510
38552,0.077686,74.125.24.0-255,5738,338012,77,384510
38553,0.077693,172.31.40.0-255,66,338078,77,384510
38554,0.080284,74.125.24.0-255,5738,343816,77,384510
38555,0.08029,172.31.40.0-255,66,343882,77,384510
38556,0.082858,74.125.24.0-255,5738,349620,77,384510
38557,0.082865,172.31.40.0-255,66,349686,77,384510
38558,0.085427,74.125.24.0-255,5738,355424,77,384510
38559,0.085433,172.31.40.0-255,66,355490,77,384510
38560,0.087996,74.125.24.0-255,5738,361228,77,384510
38561,0.088002,172.31.40.0-255,66,361294,77,384510
38562,0.090586,74.125.24.0-255,5738,367032,77,384510
38563,0.090593,172.31.40.0-255,66,367098,77,384510
38564,0.093234,74.125.24.0-255,5738,372836,77,384510
38565,0.093249,172.31.40.0-255,66,372902,77,384510
38566,0.095811,74.125.24.0-255,5738,378640,77,384510
38567,0.095819,172.31.40.0-255,66,378706,77,384510
38568,0.098396,74.125.24.0-255,5738,384444,77,384510
38569,0.098402,172.31.40.0-255,66,384510,77,384510
38570,0.0,74.125.24.0-255,153,153,77,305934
38571,2.5e-05,172.31.40.0-255,66,219,77,305934
38572,3.2e-05,74.125.24.0-255,1484,1703,77,305934
38573,3.7e-05,172.31.40.0-255,66,1769,77,305934
38574,4.3e-05,74.125.24.0-255,2902,4671,77,305934
38575,4.6e-05,172.31.40.0-255,66,4737,77,305934
38576,5.4e-05,74.125.24.0-255,7156,11893,77,305934
38577,5.7e-05,172.31.40.0-255,66,11959,77,305934
38578,6.2e-05,74.125.24.0-255,2075,14034,77,305934
38579,6.5e-05,172.31.40.0-255,66,14100,77,305934
38580,0.000113,74.125.24.0-255,1484,15584,77,305934
38581,0.000115,172.31.40.0-255,66,15650,77,305934
38582,0.000136,74.125.24.0-255,2902,18552,77,305934
38583,0.000138,172.31.40.0-255,66,18618,77,305934
38584,0.000145,74.125.24.0-255,5738,24356,77,305934
38585,0.000147,172.31.40.0-255,66,24422,77,305934
38586,0.000153,74.125.24.0-255,4320,28742,77,305934
38587,0.000155,172.31.40.0-255,66,28808,77,305934
38588,0.000174,74.125.24.0-255,2543,31351,77,305934
38589,0.000176,172.31.40.0-255,66,31417,77,305934
38590,0.000236,74.125.24.0-255,1484,32901,77,305934
38591,0.000239,172.31.40.0-255,66,32967,77,305934
38592,0.000244,74.125.24.0-255,2902,35869,77,305934
38593,0.000247,172.31.40.0-255,66,35935,77,305934
38594,0.000275,74.125.24.0-255,5738,41673,77,305934
38595,0.000277,172.31.40.0-255,66,41739,77,305934
38596,0.000321,74.125.24.0-255,13887,55626,77,305934
38597,0.000324,172.31.40.0-255,66,55692,77,305934
38598,0.000334,74.125.24.0-255,9633,65325,77,305934
38599,0.000336,172.31.40.0-255,66,65391,77,305934
38600,0.000588,74.125.24.0-255,395,65786,77,305934
38601,0.000593,172.31.40.0-255,66,65852,77,305934
38602,0.000644,74.125.24.0-255,348,66200,77,305934
38603,0.000937,74.125.24.0-255,1484,67684,77,305934
38604,0.000941,172.31.40.0-255,66,67750,77,305934
38605,0.000948,74.125.24.0-255,2902,70652,77,305934
38606,0.000949,172.31.40.0-255,66,70718,77,305934
38607,0.000973,74.125.24.0-255,4320,75038,77,305934
38608,0.000977,74.125.24.0-255,2902,77940,77,305934
38609,0.000981,172.31.40.0-255,66,78006,77,305934
38610,0.000984,172.31.40.0-255,66,78072,77,305934
38611,0.000993,74.125.24.0-255,2902,80974,77,305934
38612,0.000995,172.31.40.0-255,66,81040,77,305934
38613,0.001,74.125.24.0-255,4320,85360,77,305934
38614,0.001003,172.31.40.0-255,66,85426,77,305934
38615,0.001023,74.125.24.0-255,7156,92582,77,305934
38616,0.001025,172.31.40.0-255,66,92648,77,305934
38617,0.001035,74.125.24.0-255,7856,100504,77,305934
38618,0.001037,172.31.40.0-255,66,100570,77,305934
38619,0.00115,74.125.24.0-255,1484,102054,77,305934
38620,0.001172,74.125.24.0-255,2902,104956,77,305934
38621,0.001175,172.31.40.0-255,66,105022,77,305934
38622,0.001183,74.125.24.0-255,5738,110760,77,305934
38623,0.001185,172.31.40.0-255,66,110826,77,305934
38624,0.001188,74.125.24.0-255,1484,112310,77,305934
38625,0.00122,74.125.24.0-255,11410,123720,77,305934
38626,0.001223,172.31.40.0-255,66,123786,77,305934
38627,0.001232,74.125.24.0-255,8574,132360,77,305934
38628,0.001234,172.31.40.0-255,66,132426,77,305934
38629,0.00126,74.125.24.0-255,2184,134610,77,305934
38630,0.001262,172.31.40.0-255,66,134676,77,305934
38631,0.001273,74.125.24.0-255,11410,146086,77,305934
38632,0.001276,172.31.40.0-255,66,146152,77,305934
38633,0.001287,74.125.24.0-255,9992,156144,77,305934
38634,0.001289,172.31.40.0-255,66,156210,77,305934
38635,0.001317,74.125.24.0-255,7156,163366,77,305934
38636,0.00132,172.31.40.0-255,66,163432,77,305934
38637,0.001327,74.125.24.0-255,5020,168452,77,305934
38638,0.001329,172.31.40.0-255,66,168518,77,305934
38639,0.00137,74.125.24.0-255,1484,170002,77,305934
38640,0.001374,74.125.24.0-255,1484,171486,77,305934
38641,0.001376,172.31.40.0-255,66,171552,77,305934
38642,0.001401,74.125.24.0-255,1484,173036,77,305934
38643,0.001409,74.125.24.0-255,5738,178774,77,305934
38644,0.001411,172.31.40.0-255,66,178840,77,305934
38645,0.001453,74.125.24.0-255,2902,181742,77,305934
38646,0.001454,172.31.40.0-255,66,181808,77,305934
38647,0.001485,74.125.24.0-255,9992,191800,77,305934
38648,0.001488,172.31.40.0-255,66,191866,77,305934
38649,0.001496,74.125.24.0-255,7156,199022,77,305934
38650,0.001498,172.31.40.0-255,66,199088,77,305934
38651,0.001503,74.125.24.0-255,3602,202690,77,305934
38652,0.001505,172.31.40.0-255,66,202756,77,305934
38653,0.001608,74.125.24.0-255,1484,204240,77,305934
38654,0.001613,74.125.24.0-255,2902,207142,77,305934
38655,0.001616,172.31.40.0-255,66,207208,77,305934
38656,0.001619,74.125.24.0-255,1484,208692,77,305934
38657,0.001641,74.125.24.0-255,4320,213012,77,305934
38658,0.001644,172.31.40.0-255,66,213078,77,305934
38659,0.001651,74.125.24.0-255,7156,220234,77,305934
38660,0.001653,172.31.40.0-255,66,220300,77,305934
38661,0.00169,172.31.40.0-255,66,220366,77,305934
38662,0.001695,74.125.24.0-255,3602,223968,77,305934
38663,0.001697,172.31.40.0-255,66,224034,77,305934
38664,0.001722,74.125.24.0-255,5738,229772,77,305934
38665,0.001727,172.31.40.0-255,66,229838,77,305934
38666,0.001761,172.31.40.0-255,66,229904,77,305934
38667,0.001771,74.125.24.0-255,11410,241314,77,305934
38668,0.001774,172.31.40.0-255,66,241380,77,305934
38669,0.001814,172.31.40.0-255,66,241446,77,305934
38670,0.00182,74.125.24.0-255,4320,245766,77,305934
38671,0.001822,172.31.40.0-255,66,245832,77,305934
38672,0.001845,74.125.24.0-255,12828,258660,77,305934
38673,0.001847,172.31.40.0-255,66,258726,77,305934
38674,0.001853,74.125.24.0-255,5020,263746,77,305934
38675,0.001856,172.31.40.0-255,66,263812,77,305934
38676,0.001874,74.125.24.0-255,2902,266714,77,305934
38677,0.001877,172.31.40.0-255,66,266780,77,305934
38678,0.001919,172.31.40.0-255,66,266846,77,305934
38679,0.001942,74.125.24.0-255,5738,272584,77,305934
38680,0.001946,172.31.40.0-255,66,272650,77,305934
38681,0.001953,74.125.24.0-255,7856,280506,77,305934
38682,0.001955,172.31.40.0-255,66,280572,77,305934
38683,0.001972,172.31.40.0-255,66,280638,77,305934
38684,0.001999,74.125.24.0-255,9992,290630,77,305934
38685,0.002002,172.31.40.0-255,66,290696,77,305934
38686,0.002042,74.125.24.0-255,5738,296434,77,305934
38687,0.002045,172.31.40.0-255,66,296500,77,305934
38688,0.002113,74.125.24.0-255,105,296605,77,305934
38689,0.002124,172.31.40.0-255,66,296671,77,305934
38690,0.00872,172.31.40.0-255,105,296776,77,305934
38691,0.010969,74.125.24.0-255,66,296842,77,305934
38692,0.041753,172.31.40.0-255,172,297014,77,305934
38693,0.041787,172.31.40.0-255,1120,298134,77,305934
38694,0.041856,172.31.40.0-255,1514,299648,77,305934
38695,0.041858,172.31.40.0-255,1514,301162,77,305934
38696,0.041859,172.31.40.0-255,1514,302676,77,305934
38697,0.041863,172.31.40.0-255,1514,304190,77,305934
38698,0.041864,172.31.40.0-255,1480,305670,77,305934
38699,0.043282,104.244.42.0-255,66,305736,77,305934
38700,0.043296,104.244.42.0-255,66,305802,77,305934
38701,0.043424,104.244.42.0-255,66,305868,77,305934
38702,0.043431,104.244.42.0-255,66,305934,77,305934
38703,0.0,172.217.194.0-255,154,154,77,356194
38704,2.3e-05,172.31.40.0-255,66,220,77,356194
38705,2.9e-05,172.217.194.0-255,1484,1704,77,356194
38706,3.4e-05,172.31.40.0-255,66,1770,77,356194
38707,4.7e-05,172.217.194.0-255,2902,4672,77,356194
38708,5.1e-05,172.31.40.0-255,66,4738,77,356194
38709,5.8e-05,172.217.194.0-255,7156,11894,77,356194
38710,6.1e-05,172.31.40.0-255,66,11960,77,356194
38711,9.8e-05,172.217.194.0-255,3401,15361,77,356194
38712,0.000101,172.31.40.0-255,66,15427,77,356194
38713,0.000107,172.217.194.0-255,4320,19747,77,356194
38714,0.00011,172.31.40.0-255,66,19813,77,356194
38715,0.000115,172.217.194.0-255,4320,24133,77,356194
38716,0.000118,172.31.40.0-255,66,24199,77,356194
38717,0.000149,172.217.194.0-255,5738,29937,77,356194
38718,0.000152,172.31.40.0-255,66,30003,77,356194
38719,0.000154,172.217.194.0-255,1125,31128,77,356194
38720,0.000156,172.31.40.0-255,66,31194,77,356194
38721,0.000222,172.217.194.0-255,1484,32678,77,356194
38722,0.000226,172.31.40.0-255,66,32744,77,356194
38723,0.000231,172.217.194.0-255,2902,35646,77,356194
38724,0.000234,172.31.40.0-255,66,35712,77,356194
38725,0.000238,172.217.194.0-255,2902,38614,77,356194
38726,0.000244,172.31.40.0-255,66,38680,77,356194
38727,0.000256,172.217.194.0-255,2902,41582,77,356194
38728,0.000259,172.31.40.0-255,66,41648,77,356194
38729,0.000267,172.217.194.0-255,1484,43132,77,356194
38730,0.000269,172.31.40.0-255,66,43198,77,356194
38731,0.000304,172.217.194.0-255,12469,55667,77,356194
38732,0.000307,172.31.40.0-255,66,55733,77,356194
38733,0.000315,172.217.194.0-255,8574,64307,77,356194
38734,0.000317,172.31.40.0-255,66,64373,77,356194
38735,0.000359,172.217.194.0-255,1413,65786,77,356194
38736,0.000598,172.217.194.0-255,366,66152,77,356194
38737,0.000603,172.31.40.0-255,66,66218,77,356194
38738,0.000627,172.217.194.0-255,1484,67702,77,356194
38739,0.000635,172.217.194.0-255,4320,72022,77,356194
38740,0.000638,172.31.40.0-255,66,72088,77,356194
38741,0.000642,172.217.194.0-255,2902,74990,77,356194
38742,0.000645,172.31.40.0-255,66,75056,77,356194
38743,0.000674,172.217.194.0-255,2902,77958,77,356194
38744,0.000677,172.31.40.0-255,66,78024,77,356194
38745,0.000692,172.217.194.0-255,11410,89434,77,356194
38746,0.000694,172.31.40.0-255,66,89500,77,356194
38747,0.000731,172.217.194.0-255,10692,100192,77,356194
38748,0.000736,172.31.40.0-255,66,100258,77,356194
38749,0.000895,172.217.194.0-255,1484,101742,77,356194
38750,0.000901,172.217.194.0-255,2902,104644,77,356194
38751,0.000904,172.31.40.0-255,66,104710,77,356194
38752,0.000909,172.217.194.0-255,2902,107612,77,356194
38753,0.000911,172.31.40.0-255,66,107678,77,356194
38754,0.000946,172.217.194.0-255,2902,110580,77,356194
38755,0.000948,172.31.40.0-255,66,110646,77,356194
38756,0.00096,172.217.194.0-255,12828,123474,77,356194
38757,0.000963,172.31.40.0-255,66,123540,77,356194
38758,0.000971,172.217.194.0-255,8574,132114,77,356194
38759,0.000974,172.31.40.0-255,66,132180,77,356194
38760,0.001003,172.217.194.0-255,5020,137200,77,356194
38761,0.00102,172.31.40.0-255,66,137266,77,356194
38762,0.001023,172.31.40.0-255,66,137332,77,356194
38763,0.001067,172.31.40.0-255,66,137398,77,356194
38764,0.001181,172.217.194.0-255,1484,138882,77,356194
38765,0.001201,172.217.194.0-255,2902,141784,77,356194
38766,0.001205,172.31.40.0-255,66,141850,77,356194
38767,0.001212,172.217.194.0-255,5738,147588,77,356194
38768,0.001214,172.31.40.0-255,66,147654,77,356194
38769,0.001219,172.217.194.0-255,4320,151974,77,356194
38770,0.001226,172.31.40.0-255,66,152040,77,356194
38771,0.001252,172.217.194.0-255,4320,156360,77,356194
38772,0.001255,172.31.40.0-255,66,156426,77,356194
38773,0.001302,172.31.40.0-255,66,156492,77,356194
38774,0.001583,172.217.194.0-255,1484,157976,77,356194
38775,0.00159,172.217.194.0-255,2902,160878,77,356194
38776,0.001594,172.31.40.0-255,66,160944,77,356194
38777,0.001599,172.217.194.0-255,2902,163846,77,356194
38778,0.001602,172.31.40.0-255,66,163912,77,356194
38779,0.001626,172.217.194.0-255,2902,166814,77,356194
38780,0.001628,172.31.40.0-255,66,166880,77,356194
38781,0.001637,172.217.194.0-255,8574,175454,77,356194
38782,0.001639,172.31.40.0-255,66,175520,77,356194
38783,0.001661,172.217.194.0-255,2902,178422,77,356194
38784,0.001665,172.31.40.0-255,66,178488,77,356194
38785,0.001698,172.217.194.0-255,12110,190598,77,356194
38786,0.001701,172.31.40.0-255,66,190664,77,356194
38787,0.002268,172.217.194.0-255,1484,192148,77,356194
38788,0.002274,172.217.194.0-255,2902,195050,77,356194
38789,0.00228,172.31.40.0-255,66,195116,77,356194
38790,0.002292,172.217.194.0-255,4320,199436,77,356194
38791,0.002294,172.31.40.0-255,66,199502,77,356194
38792,0.002336,172.217.194.0-255,5738,205240,77,356194
38793,0.002338,172.31.40.0-255,66,205306,77,356194
38794,0.002372,172.217.194.0-255,2902,208208,77,356194
38795,0.002375,172.31.40.0-255,66,208274,77,356194
38796,0.002391,172.31.40.0-255,66,208340,77,356194
38797,0.002395,172.217.194.0-255,2902,211242,77,356194
38798,0.002397,172.31.40.0-255,66,211308,77,356194
38799,0.004713,172.217.194.0-255,2902,214210,77,356194
38800,0.00472,172.31.40.0-255,66,214276,77,356194
38801,0.004741,172.217.194.0-255,2902,217178,77,356194
38802,0.004743,172.31.40.0-255,66,217244,77,356194
38803,0.007061,172.217.194.0-255,5738,222982,77,356194
38804,0.007066,172.31.40.0-255,66,223048,77,356194
38805,0.009425,172.217.194.0-255,5738,228786,77,356194
38806,0.009432,172.31.40.0-255,66,228852,77,356194
38807,0.011781,172.217.194.0-255,5738,234590,77,356194
38808,0.011789,172.31.40.0-255,66,234656,77,356194
38809,0.014148,172.217.194.0-255,5738,240394,77,356194
38810,0.014157,172.31.40.0-255,66,240460,77,356194
38811,0.016503,172.217.194.0-255,5738,246198,77,356194
38812,0.01651,172.31.40.0-255,66,246264,77,356194
38813,0.018858,172.217.194.0-255,5738,252002,77,356194
38814,0.018866,172.31.40.0-255,66,252068,77,356194
38815,0.021212,172.217.194.0-255,5738,257806,77,356194
38816,0.021222,172.31.40.0-255,66,257872,77,356194
38817,0.023574,172.217.194.0-255,5738,263610,77,356194
38818,0.023584,172.31.40.0-255,66,263676,77,356194
38819,0.025915,172.217.194.0-255,5738,269414,77,356194
38820,0.025925,172.31.40.0-255,66,269480,77,356194
38821,0.028282,172.217.194.0-255,5738,275218,77,356194
38822,0.028289,172.31.40.0-255,66,275284,77,356194
38823,0.030636,172.217.194.0-255,5738,281022,77,356194
38824,0.030644,172.31.40.0-255,66,281088,77,356194
38825,0.032988,172.217.194.0-255,5738,286826,77,356194
38826,0.032995,172.31.40.0-255,66,286892,77,356194
38827,0.035361,172.217.194.0-255,5738,292630,77,356194
38828,0.035369,172.31.40.0-255,66,292696,77,356194
38829,0.037718,172.217.194.0-255,5738,298434,77,356194
38830,0.037727,172.31.40.0-255,66,298500,77,356194
38831,0.040048,172.217.194.0-255,5738,304238,77,356194
38832,0.04006,172.31.40.0-255,66,304304,77,356194
38833,0.041632,172.31.40.0-255,172,304476,77,356194
38834,0.041672,172.31.40.0-255,1119,305595,77,356194
38835,0.041732,172.31.40.0-255,1514,307109,77,356194
38836,0.041733,172.31.40.0-255,1011,308120,77,356194
38837,0.042426,172.217.194.0-255,5738,313858,77,356194
38838,0.042435,172.31.40.0-255,66,313924,77,356194
38839,0.043153,104.244.42.0-255,66,313990,77,356194
38840,0.043195,104.244.42.0-255,66,314056,77,356194
38841,0.043314,104.244.42.0-255,66,314122,77,356194
38842,0.044779,172.217.194.0-255,5738,319860,77,356194
38843,0.044786,172.31.40.0-255,66,319926,77,356194
38844,0.047149,172.217.194.0-255,5738,325664,77,356194
38845,0.047155,172.31.40.0-255,66,325730,77,356194
38846,0.049508,172.217.194.0-255,5738,331468,77,356194
38847,0.049515,172.31.40.0-255,66,331534,77,356194
38848,0.051848,172.217.194.0-255,5738,337272,77,356194
38849,0.051853,172.31.40.0-255,66,337338,77,356194
38850,0.054209,172.217.194.0-255,5738,343076,77,356194
38851,0.054214,172.31.40.0-255,66,343142,77,356194
38852,0.056575,172.217.194.0-255,5738,348880,77,356194
38853,0.056582,172.31.40.0-255,66,348946,77,356194
38854,0.058916,172.217.194.0-255,5738,354684,77,356194
38855,0.058923,172.31.40.0-255,66,354750,77,356194
38856,0.061258,172.217.194.0-255,1207,355957,77,356194
38857,0.061396,172.31.40.0-255,66,356023,77,356194
38858,0.061433,172.31.40.0-255,105,356128,77,356194
38859,0.063748,172.217.194.0-255,66,356194,77,356194
38860,0.0,74.125.68.0-255,298,298,77,405778
38861,2.8e-05,172.31.40.0-255,66,364,77,405778
38862,3.6e-05,74.125.68.0-255,1484,1848,77,405778
38863,4e-05,172.31.40.0-255,66,1914,77,405778
38864,7.1e-05,74.125.68.0-255,2902,4816,77,405778
38865,7.6e-05,172.31.40.0-255,66,4882,77,405778
38866,8.3e-05,74.125.68.0-255,5738,10620,77,405778
38867,8.6e-05,172.31.40.0-255,66,10686,77,405778
38868,9.2e-05,74.125.68.0-255,3349,14035,77,405778
38869,9.5e-05,172.31.40.0-255,66,14101,77,405778
38870,0.000103,74.125.68.0-255,4320,18421,77,405778
38871,0.000106,172.31.40.0-255,66,18487,77,405778
38872,0.000115,74.125.68.0-255,8574,27061,77,405778
38873,0.000118,172.31.40.0-255,66,27127,77,405778
38874,0.000143,74.125.68.0-255,1484,28611,77,405778
38875,0.000146,172.31.40.0-255,66,28677,77,405778
38876,0.000171,74.125.68.0-255,2543,31220,77,405778
38877,0.000178,172.31.40.0-255,66,31286,77,405778
38878,0.000435,74.125.68.0-255,1484,32770,77,405778
38879,0.00044,172.31.40.0-255,66,32836,77,405778
38880,0.000463,74.125.68.0-255,2902,35738,77,405778
38881,0.000467,172.31.40.0-255,66,35804,77,405778
38882,0.000496,74.125.68.0-255,1484,37288,77,405778
38883,0.000498,172.31.40.0-255,66,37354,77,405778
38884,0.000501,74.125.68.0-255,1484,38838,77,405778
38885,0.000504,172.31.40.0-255,66,38904,77,405778
38886,0.000542,74.125.68.0-255,1484,40388,77,405778
38887,0.000545,172.31.40.0-255,66,40454,77,405778
38888,0.000552,74.125.68.0-255,5738,46192,77,405778
38889,0.000554,172.31.40.0-255,66,46258,77,405778
38890,0.00056,74.125.68.0-255,3961,50219,77,405778
38891,0.000562,172.31.40.0-255,66,50285,77,405778
38892,0.000568,74.125.68.0-255,4320,54605,77,405778
38893,0.00057,172.31.40.0-255,66,54671,77,405778
38894,0.00058,74.125.68.0-255,9992,64663,77,405778
38895,0.000582,172.31.40.0-255,66,64729,77,405778
38896,0.000584,74.125.68.0-255,1398,66127,77,405778
38897,0.000652,74.125.68.0-255,125,66252,77,405778
38898,0.000735,74.125.68.0-255,1484,67736,77,405778
38899,0.00074,172.31.40.0-255,66,67802,77,405778
38900,0.000761,74.125.68.0-255,2902,70704,77,405778
38901,0.000765,172.31.40.0-255,66,70770,77,405778
38902,0.000783,74.125.68.0-255,5738,76508,77,405778
38903,0.000786,172.31.40.0-255,66,76574,77,405778
38904,0.000789,74.125.68.0-255,1484,78058,77,405778
38905,0.000842,74.125.68.0-255,2902,80960,77,405778
38906,0.000845,172.31.40.0-255,66,81026,77,405778
38907,0.000851,74.125.68.0-255,3961,84987,77,405778
38908,0.000853,172.31.40.0-255,66,85053,77,405778
38909,0.000862,74.125.68.0-255,4320,89373,77,405778
38910,0.000865,172.31.40.0-255,66,89439,77,405778
38911,0.000899,74.125.68.0-255,9992,99431,77,405778
38912,0.000903,172.31.40.0-255,66,99497,77,405778
38913,0.000927,74.125.68.0-255,1125,100622,77,405778
38914,0.001335,74.125.68.0-255,1484,102106,77,405778
38915,0.001341,172.31.40.0-255,66,102172,77,405778
38916,0.001349,74.125.68.0-255,1484,103656,77,405778
38917,0.001365,74.125.68.0-255,1484,105140,77,405778
38918,0.001368,172.31.40.0-255,66,105206,77,405778
38919,0.001374,74.125.68.0-255,4320,109526,77,405778
38920,0.001376,172.31.40.0-255,66,109592,77,405778
38921,0.001403,74.125.68.0-255,1484,111076,77,405778
38922,0.001413,74.125.68.0-255,11410,122486,77,405778
38923,0.001416,172.31.40.0-255,66,122552,77,405778
38924,0.001452,74.125.68.0-255,12110,134662,77,405778
38925,0.001454,172.31.40.0-255,66,134728,77,405778
38926,0.001521,74.125.68.0-255,1484,136212,77,405778
38927,0.001527,74.125.68.0-255,2902,139114,77,405778
38928,0.00153,172.31.40.0-255,66,139180,77,405778
38929,0.001557,74.125.68.0-255,5738,144918,77,405778
38930,0.00156,172.31.40.0-255,66,144984,77,405778
38931,0.001565,74.125.68.0-255,2902,147886,77,405778
38932,0.001567,172.31.40.0-255,66,147952,77,405778
38933,0.001573,74.125.68.0-255,4320,152272,77,405778
38934,0.001575,172.31.40.0-255,66,152338,77,405778
38935,0.001585,74.125.68.0-255,4320,156658,77,405778
38936,0.001588,172.31.40.0-255,66,156724,77,405778
38937,0.001622,74.125.68.0-255,4320,161044,77,405778
38938,0.001624,172.31.40.0-255,66,161110,77,405778
38939,0.001632,74.125.68.0-255,7156,168266,77,405778
38940,0.001634,172.31.40.0-255,66,168332,77,405778
38941,0.001637,74.125.68.0-255,766,169098,77,405778
38942,0.001759,74.125.68.0-255,1484,170582,77,405778
38943,0.001764,172.31.40.0-255,66,170648,77,405778
38944,0.001792,74.125.68.0-255,2902,173550,77,405778
38945,0.001796,172.31.40.0-255,66,173616,77,405778
38946,0.001802,74.125.68.0-255,5738,179354,77,405778
38947,0.001804,172.31.40.0-255,66,179420,77,405778
38948,0.001807,74.125.68.0-255,1484,180904,77,405778
38949,0.001866,74.125.68.0-255,2902,183806,77,405778
38950,0.001869,172.31.40.0-255,66,183872,77,405778
38951,0.001875,74.125.68.0-255,5738,189610,77,405778
38952,0.001878,172.31.40.0-255,66,189676,77,405778
38953,0.001881,74.125.68.0-255,1484,191160,77,405778
38954,0.001918,74.125.68.0-255,8574,199734,77,405778
38955,0.001921,172.31.40.0-255,66,199800,77,405778
38956,0.001926,74.125.68.0-255,2902,202702,77,405778
38957,0.001927,172.31.40.0-255,66,202768,77,405778
38958,0.001962,74.125.68.0-255,766,203534,77,405778
38959,0.002094,74.125.68.0-255,1484,205018,77,405778
38960,0.002098,172.31.40.0-255,66,205084,77,405778
38961,0.002117,74.125.68.0-255,2902,207986,77,405778
38962,0.00212,172.31.40.0-255,66,208052,77,405778
38963,0.002127,74.125.68.0-255,5738,213790,77,405778
38964,0.002129,172.31.40.0-255,66,213856,77,405778
38965,0.002165,74.125.68.0-255,5738,219594,77,405778
38966,0.002168,172.31.40.0-255,66,219660,77,405778
38967,0.002199,74.125.68.0-255,7156,226816,77,405778
38968,0.002202,172.31.40.0-255,66,226882,77,405778
38969,0.002205,74.125.68.0-255,1484,228366,77,405778
38970,0.002236,74.125.68.0-255,9274,237640,77,405778
38971,0.002239,172.31.40.0-255,66,237706,77,405778
38972,0.002271,74.125.68.0-255,1484,239190,77,405778
38973,0.002275,74.125.68.0-255,1484,240674,77,405778
38974,0.002278,172.31.40.0-255,66,240740,77,405778
38975,0.002295,74.125.68.0-255,1484,242224,77,405778
38976,0.002302,74.125.68.0-255,5738,247962,77,405778
38977,0.002305,172.31.40.0-255,66,248028,77,405778
38978,0.002309,74.125.68.0-255,2902,250930,77,405778
38979,0.002312,172.31.40.0-255,66,250996,77,405778
38980,0.002351,74.125.68.0-255,1484,252480,77,405778
38981,0.002357,74.125.68.0-255,5738,258218,77,405778
38982,0.002389,74.125.68.0-255,7156,265374,77,405778
38983,0.002403,74.125.68.0-255,1484,266858,77,405778
38984,0.002418,74.125.68.0-255,1484,268342,77,405778
38985,0.002437,74.125.68.0-255,7856,276198,77,405778
38986,0.002441,74.125.68.0-255,2902,279100,77,405778
38987,0.002456,74.125.68.0-255,1484,280584,77,405778
38988,0.002471,74.125.68.0-255,4320,284904,77,405778
38989,0.002507,74.125.68.0-255,8574,293478,77,405778
38990,0.002512,74.125.68.0-255,4320,297798,77,405778
38991,0.002555,74.125.68.0-255,7156,304954,77,405778
38992,0.002576,74.125.68.0-255,6438,311392,77,405778
38993,0.002594,74.125.68.0-255,4320,315712,77,405778
38994,0.002606,74.125.68.0-255,1484,317196,77,405778
38995,0.002624,74.125.68.0-255,7156,324352,77,405778
38996,0.013764,74.125.68.0-255,1484,325836,77,405778
38997,0.015042,172.31.40.0-255,66,325902,77,405778
38998,0.015049,172.31.40.0-255,66,325968,77,405778
38999,0.015056,172.31.40.0-255,66,326034,77,405778
39000,0.015059,172.31.40.0-255,66,326100,77,405778
39001,0.015072,172.31.40.0-255,66,326166,77,405778
39002,0.015077,172.31.40.0-255,66,326232,77,405778
39003,0.01508,172.31.40.0-255,66,326298,77,405778
39004,0.015083,172.31.40.0-255,66,326364,77,405778
39005,0.015087,172.31.40.0-255,66,326430,77,405778
39006,0.01509,172.31.40.0-255,66,326496,77,405778
39007,0.015093,172.31.40.0-255,66,326562,77,405778
39008,0.015096,172.31.40.0-255,66,326628,77,405778
39009,0.015101,172.31.40.0-255,66,326694,77,405778
39010,0.017701,74.125.68.0-255,4320,331014,77,405778
39011,0.01771,172.31.40.0-255,66,331080,77,405778
39012,0.020313,74.125.68.0-255,5738,336818,77,405778
39013,0.020328,172.31.40.0-255,66,336884,77,405778
39014,0.022935,74.125.68.0-255,5738,342622,77,405778
39015,0.02295,172.31.40.0-255,66,342688,77,405778
39016,0.025557,74.125.68.0-255,5738,348426,77,405778
39017,0.025577,172.31.40.0-255,66,348492,77,405778
39018,0.028248,74.125.68.0-255,5738,354230,77,405778
39019,0.028267,172.31.40.0-255,66,354296,77,405778
39020,0.030884,74.125.68.0-255,5738,360034,77,405778
39021,0.030903,172.31.40.0-255,66,360100,77,405778
39022,0.033522,74.125.68.0-255,5738,365838,77,405778
39023,0.03354,172.31.40.0-255,66,365904,77,405778
39024,0.03616,74.125.68.0-255,5738,371642,77,405778
39025,0.036179,172.31.40.0-255,66,371708,77,405778
39026,0.038811,74.125.68.0-255,5738,377446,77,405778
39027,0.038833,172.31.40.0-255,66,377512,77,405778
39028,0.041461,74.125.68.0-255,5738,383250,77,405778
39029,0.041481,172.31.40.0-255,66,383316,77,405778
39030,0.04408,74.125.68.0-255,5738,389054,77,405778
39031,0.044101,172.31.40.0-255,66,389120,77,405778
39032,0.046715,74.125.68.0-255,5738,394858,77,405778
39033,0.046732,172.31.40.0-255,66,394924,77,405778
39034,0.049331,74.125.68.0-255,5738,400662,77,405778
39035,0.049345,172.31.40.0-255,66,400728,77,405778
39036,0.051907,74.125.68.0-255,461,401189,77,405778
39037,0.052124,172.31.40.0-255,66,401255,77,405778
39038,0.052164,172.31.40.0-255,105,401360,77,405778
39039,0.054607,172.31.40.0-255,245,401605,77,405778
39040,0.054652,172.31.40.0-255,963,402568,77,405778
39041,0.054717,74.125.68.0-255,66,402634,77,405778
39042,0.054738,172.31.40.0-255,1514,404148,77,405778
39043,0.05474,172.31.40.0-255,1432,405580,77,405778
39044,0.056151,104.244.42.0-255,66,405646,77,405778
39045,0.0562,104.244.42.0-255,66,405712,77,405778
39046,0.056354,104.244.42.0-255,66,405778,77,405778
39047,0.0,172.217.194.0-255,154,154,77,357382
39048,2.7e-05,172.31.40.0-255,66,220,77,357382
39049,3.5e-05,172.217.194.0-255,1484,1704,77,357382
39050,4e-05,172.31.40.0-255,66,1770,77,357382
39051,5.3e-05,172.217.194.0-255,2902,4672,77,357382
39052,5.7e-05,172.31.40.0-255,66,4738,77,357382
39053,6.5e-05,172.217.194.0-255,7156,11894,77,357382
39054,6.9e-05,172.31.40.0-255,66,11960,77,357382
39055,8e-05,172.217.194.0-255,11873,23833,77,357382
39056,8.4e-05,172.31.40.0-255,66,23899,77,357382
39057,0.000114,172.217.194.0-255,6797,30696,77,357382
39058,0.000117,172.31.40.0-255,66,30762,77,357382
39059,0.000144,172.217.194.0-255,1484,32246,77,357382
39060,0.000147,172.31.40.0-255,66,32312,77,357382
39061,0.000178,172.217.194.0-255,5738,38050,77,357382
39062,0.00018,172.31.40.0-255,66,38116,77,357382
39063,0.000188,172.217.194.0-255,7156,45272,77,357382
39064,0.000191,172.31.40.0-255,66,45338,77,357382
39065,0.000253,172.31.40.0-255,66,45404,77,357382
39066,0.000257,172.217.194.0-255,2800,48204,77,357382
39067,0.000259,172.31.40.0-255,66,48270,77,357382
39068,0.000262,172.217.194.0-255,114,48384,77,357382
39069,0.000264,172.31.40.0-255,66,48450,77,357382
39070,0.000293,172.217.194.0-255,1484,49934,77,357382
39071,0.000296,172.31.40.0-255,66,50000,77,357382
39072,0.000301,172.217.194.0-255,2902,52902,77,357382
39073,0.000303,172.31.40.0-255,66,52968,77,357382
39074,0.000335,172.217.194.0-255,5738,58706,77,357382
39075,0.000337,172.31.40.0-255,66,58772,77,357382
39076,0.000345,172.217.194.0-255,7156,65928,77,357382
39077,0.000347,172.31.40.0-255,66,65994,77,357382
39078,0.000373,172.217.194.0-255,5738,71732,77,357382
39079,0.000376,172.31.40.0-255,66,71798,77,357382
39080,0.000385,172.217.194.0-255,8574,80372,77,357382
39081,0.000387,172.31.40.0-255,66,80438,77,357382
39082,0.000418,172.217.194.0-255,1919,82357,77,357382
39083,0.000421,172.31.40.0-255,66,82423,77,357382
39084,0.000454,172.217.194.0-255,1484,83907,77,357382
39085,0.000582,172.217.194.0-255,1484,85391,77,357382
39086,0.000588,172.217.194.0-255,2902,88293,77,357382
39087,0.000606,172.217.194.0-255,5738,94031,77,357382
39088,0.000628,172.217.194.0-255,9992,104023,77,357382
39089,0.000674,172.217.194.0-255,4320,108343,77,357382
39090,0.000692,172.217.194.0-255,9274,117617,77,357382
39091,0.000749,172.31.40.0-255,66,117683,77,357382
39092,0.000793,172.217.194.0-255,1484,119167,77,357382
39093,0.000797,172.217.194.0-255,1484,120651,77,357382
39094,0.000808,172.217.194.0-255,1484,122135,77,357382
39095,0.000815,172.217.194.0-255,5738,127873,77,357382
39096,0.000824,172.31.40.0-255,66,127939,77,357382
39097,0.000835,172.217.194.0-255,7156,135095,77,357382
39098,0.000853,172.217.194.0-255,1484,136579,77,357382
39099,0.000857,172.31.40.0-255,66,136645,77,357382
39100,0.000887,172.217.194.0-255,12828,149473,77,357382
39101,0.000891,172.217.194.0-255,2184,151657,77,357382
39102,0.000911,172.31.40.0-255,66,151723,77,357382
39103,0.000925,172.217.194.0-255,2902,154625,77,357382
39104,0.000936,172.217.194.0-255,4320,158945,77,357382
39105,0.000949,172.31.40.0-255,66,159011,77,357382
39106,0.000964,172.217.194.0-255,8574,167585,77,357382
39107,0.000996,172.217.194.0-255,9992,177577,77,357382
39108,0.001003,172.31.40.0-255,66,177643,77,357382
39109,0.001035,172.217.194.0-255,7856,185499,77,357382
39110,0.001039,172.217.194.0-255,1484,186983,77,357382
39111,0.001043,172.217.194.0-255,2902,189885,77,357382
39112,0.001049,172.217.194.0-255,5738,195623,77,357382
39113,0.001072,172.217.194.0-255,4320,199943,77,357382
39114,0.001076,172.31.40.0-255,66,200009,77,357382
39115,0.001081,172.31.40.0-255,66,200075,77,357382
39116,0.001117,172.217.194.0-255,8574,208649,77,357382
39117,0.001126,172.217.194.0-255,8574,217223,77,357382
39118,0.001129,172.217.194.0-255,2184,219407,77,357382
39119,0.001133,172.217.194.0-255,2902,222309,77,357382
39120,0.001169,172.217.194.0-255,7156,229465,77,357382
39121,0.00118,172.217.194.0-255,12828,242293,77,357382
39122,0.001191,172.31.40.0-255,66,242359,77,357382
39123,0.00121,172.217.194.0-255,2902,245261,77,357382
39124,0.001219,172.217.194.0-255,7856,253117,77,357382
39125,0.00127,172.31.40.0-255,66,253183,77,357382
39126,0.001311,172.217.194.0-255,1484,254667,77,357382
39127,0.001319,172.217.194.0-255,6438,261105,77,357382
39128,0.001326,172.217.194.0-255,5738,266843,77,357382
39129,0.001344,172.217.194.0-255,1484,268327,77,357382
39130,0.001349,172.217.194.0-255,4320,272647,77,357382
39131,0.001356,172.31.40.0-255,66,272713,77,357382
39132,0.001387,172.217.194.0-255,9992,282705,77,357382
39133,0.001393,172.217.194.0-255,4320,287025,77,357382
39134,0.001412,172.31.40.0-255,66,287091,77,357382
39135,0.00142,172.217.194.0-255,7856,294947,77,357382
39136,0.001425,172.217.194.0-255,2902,297849,77,357382
39137,0.001431,172.31.40.0-255,66,297915,77,357382
39138,0.001454,172.217.194.0-255,9992,307907,77,357382
39139,0.001464,172.217.194.0-255,9992,317899,77,357382
39140,0.001488,172.217.194.0-255,1484,319383,77,357382
39141,0.001495,172.31.40.0-255,66,319449,77,357382
39142,0.001512,172.217.194.0-255,13528,332977,77,357382
39143,0.001516,172.217.194.0-255,2902,335879,77,357382
39144,0.001522,172.31.40.0-255,66,335945,77,357382
39145,0.001565,172.217.194.0-255,12828,348773,77,357382
39146,0.001572,172.217.194.0-255,3984,352757,77,357382
39147,0.001575,172.217.194.0-255,105,352862,77,357382
39148,0.001589,172.31.40.0-255,66,352928,77,357382
39149,0.004467,172.31.40.0-255,105,353033,77,357382
39150,0.006729,172.217.194.0-255,66,353099,77,357382
39151,0.050157,172.31.40.0-255,176,353275,77,357382
39152,0.05019,172.31.40.0-255,1119,354394,77,357382
39153,0.050255,172.31.40.0-255,1514,355908,77,357382
39154,0.050257,172.31.40.0-255,1276,357184,77,357382
39155,0.051705,104.244.42.0-255,66,357250,77,357382
39156,0.051737,104.244.42.0-255,66,357316,77,357382
39157,0.051784,104.244.42.0-255,66,357382,77,357382
39158,0.0,172.217.194.0-255,152,152,77,386079
39159,2.4e-05,172.31.40.0-255,66,218,77,386079
39160,3.1e-05,172.217.194.0-255,1484,1702,77,386079
39161,3.7e-05,172.31.40.0-255,66,1768,77,386079
39162,4.3e-05,172.217.194.0-255,2902,4670,77,386079
39163,5.4e-05,172.31.40.0-255,66,4736,77,386079
39164,6.2e-05,172.217.194.0-255,5738,10474,77,386079
39165,6.5e-05,172.31.40.0-255,66,10540,77,386079
39166,6.8e-05,172.217.194.0-255,1484,12024,77,386079
39167,7.1e-05,172.31.40.0-255,66,12090,77,386079
39168,0.000123,172.217.194.0-255,11954,24044,77,386079
39169,0.000127,172.31.40.0-255,66,24110,77,386079
39170,0.000137,172.217.194.0-255,11410,35520,77,386079
39171,0.00014,172.31.40.0-255,66,35586,77,386079
39172,0.000146,172.217.194.0-255,4320,39906,77,386079
39173,0.000148,172.31.40.0-255,66,39972,77,386079
39174,0.000207,172.217.194.0-255,12110,52082,77,386079
39175,0.000211,172.31.40.0-255,66,52148,77,386079
39176,0.000223,172.217.194.0-255,12781,64929,77,386079
39177,0.000225,172.31.40.0-255,66,64995,77,386079
39178,0.000227,172.217.194.0-255,365,65360,77,386079
39179,0.000229,172.31.40.0-255,66,65426,77,386079
39180,0.000274,172.217.194.0-255,1484,66910,77,386079
39181,0.000277,172.31.40.0-255,66,66976,77,386079
39182,0.000282,172.217.194.0-255,2902,69878,77,386079
39183,0.000284,172.31.40.0-255,66,69944,77,386079
39184,0.000307,172.217.194.0-255,1484,71428,77,386079
39185,0.000309,172.31.40.0-255,66,71494,77,386079
39186,0.000321,172.217.194.0-255,7156,78650,77,386079
39187,0.000323,172.31.40.0-255,66,78716,77,386079
39188,0.000326,172.217.194.0-255,1484,80200,77,386079
39189,0.000328,172.31.40.0-255,66,80266,77,386079
39190,0.000381,172.31.40.0-255,66,80332,77,386079
39191,0.000387,172.217.194.0-255,5020,85352,77,386079
39192,0.00039,172.31.40.0-255,66,85418,77,386079
39193,0.000414,172.217.194.0-255,1484,86902,77,386079
39194,0.000419,172.217.194.0-255,2902,89804,77,386079
39195,0.000422,172.31.40.0-255,66,89870,77,386079
39196,0.000425,172.217.194.0-255,1484,91354,77,386079
39197,0.000455,172.217.194.0-255,4320,95674,77,386079
39198,0.000459,172.31.40.0-255,66,95740,77,386079
39199,0.000468,172.217.194.0-255,8574,104314,77,386079
39200,0.00047,172.31.40.0-255,66,104380,77,386079
39201,0.00051,172.217.194.0-255,9992,114372,77,386079
39202,0.000534,172.217.194.0-255,5020,119392,77,386079
39203,0.000549,172.217.194.0-255,1484,120876,77,386079
39204,0.000553,172.217.194.0-255,1484,122360,77,386079
39205,0.000573,172.217.194.0-255,1484,123844,77,386079
39206,0.000581,172.217.194.0-255,5738,129582,77,386079
39207,0.000619,172.217.194.0-255,2902,132484,77,386079
39208,0.000642,172.217.194.0-255,9992,142476,77,386079
39209,0.000652,172.217.194.0-255,9992,152468,77,386079
39210,0.000673,172.217.194.0-255,9992,162460,77,386079
39211,0.000694,172.217.194.0-255,13528,175988,77,386079
39212,0.000721,172.217.194.0-255,4320,180308,77,386079
39213,0.000747,172.217.194.0-255,6438,186746,77,386079
39214,0.001398,172.217.194.0-255,1484,188230,77,386079
39215,0.001405,172.217.194.0-255,2902,191132,77,386079
39216,0.001428,172.217.194.0-255,4320,195452,77,386079
39217,0.001432,172.217.194.0-255,1484,196936,77,386079
39218,0.001456,172.217.194.0-255,7156,204092,77,386079
39219,0.001624,172.31.40.0-255,66,204158,77,386079
39220,0.001633,172.217.194.0-255,1484,205642,77,386079
39221,0.001636,172.217.194.0-255,1484,207126,77,386079
39222,0.001655,172.217.194.0-255,1484,208610,77,386079
39223,0.001661,172.217.194.0-255,5738,214348,77,386079
39224,0.001666,172.31.40.0-255,66,214414,77,386079
39225,0.001707,172.217.194.0-255,11410,225824,77,386079
39226,0.001716,172.217.194.0-255,8574,234398,77,386079
39227,0.001734,172.217.194.0-255,3602,238000,77,386079
39228,0.001953,172.31.40.0-255,66,238066,77,386079
39229,0.002965,172.31.40.0-255,101,238167,77,386079
39230,0.003998,172.217.194.0-255,5738,243905,77,386079
39231,0.004015,172.31.40.0-255,66,243971,77,386079
39232,0.00498,172.217.194.0-255,66,244037,77,386079
39233,0.006055,172.217.194.0-255,5738,249775,77,386079
39234,0.006066,172.31.40.0-255,66,249841,77,386079
39235,0.008155,172.217.194.0-255,5738,255579,77,386079
39236,0.008174,172.31.40.0-255,66,255645,77,386079
39237,0.01022,172.217.194.0-255,5738,261383,77,386079
39238,0.01023,172.31.40.0-255,66,261449,77,386079
39239,0.012274,172.217.194.0-255,5738,267187,77,386079
39240,0.012278,172.31.40.0-255,66,267253,77,386079
39241,0.014333,172.217.194.0-255,5738,272991,77,386079
39242,0.014338,172.31.40.0-255,66,273057,77,386079
39243,0.016443,172.217.194.0-255,5738,278795,77,386079
39244,0.01646,172.31.40.0-255,66,278861,77,386079
39245,0.018526,172.217.194.0-255,5738,284599,77,386079
39246,0.01854,172.31.40.0-255,66,284665,77,386079
39247,0.020593,172.217.194.0-255,5738,290403,77,386079
39248,0.020605,172.31.40.0-255,66,290469,77,386079
39249,0.022676,172.217.194.0-255,5738,296207,77,386079
39250,0.022688,172.31.40.0-255,66,296273,77,386079
39251,0.024791,172.217.194.0-255,5738,302011,77,386079
39252,0.024804,172.31.40.0-255,66,302077,77,386079
39253,0.026875,172.217.194.0-255,5738,307815,77,386079
39254,0.02689,172.31.40.0-255,66,307881,77,386079
39255,0.028989,172.217.194.0-255,5738,313619,77,386079
39256,0.029007,172.31.40.0-255,66,313685,77,386079
39257,0.031065,172.217.194.0-255,5738,319423,77,386079
39258,0.031084,172.31.40.0-255,66,319489,77,386079
39259,0.033189,172.217.194.0-255,5738,325227,77,386079
39260,0.033203,172.31.40.0-255,66,325293,77,386079
39261,0.035249,172.217.194.0-255,5738,331031,77,386079
39262,0.035262,172.31.40.0-255,66,331097,77,386079
39263,0.037308,172.217.194.0-255,5738,336835,77,386079
39264,0.037324,172.31.40.0-255,66,336901,77,386079
39265,0.039391,172.217.194.0-255,5738,342639,77,386079
39266,0.039411,172.31.40.0-255,66,342705,77,386079
39267,0.041517,172.217.194.0-255,5738,348443,77,386079
39268,0.041537,172.31.40.0-255,66,348509,77,386079
39269,0.043601,172.217.194.0-255,5738,354247,77,386079
39270,0.04361,172.31.40.0-255,66,354313,77,386079
39271,0.045677,172.217.194.0-255,5738,360051,77,386079
39272,0.045687,172.31.40.0-255,66,360117,77,386079
39273,0.047743,172.217.194.0-255,5738,365855,77,386079
39274,0.047761,172.31.40.0-255,66,365921,77,386079
39275,0.049837,172.217.194.0-255,5738,371659,77,386079
39276,0.049846,172.31.40.0-255,66,371725,77,386079
39277,0.05192,172.217.194.0-255,5738,377463,77,386079
39278,0.051936,172.31.40.0-255,66,377529,77,386079
39279,0.054018,172.217.194.0-255,4034,381563,77,386079
39280,0.054034,172.31.40.0-255,66,381629,77,386079
39281,0.054267,172.31.40.0-255,105,381734,77,386079
39282,0.060223,172.217.194.0-255,66,381800,77,386079
39283,0.061595,172.31.40.0-255,172,381972,77,386079
39284,0.061636,172.31.40.0-255,1120,383092,77,386079
39285,0.061703,172.31.40.0-255,1514,384606,77,386079
39286,0.061704,172.31.40.0-255,1275,385881,77,386079
39287,0.063143,104.244.42.0-255,66,385947,77,386079
39288,0.063223,104.244.42.0-255,66,386013,77,386079
39289,0.063271,104.244.42.0-255,66,386079,77,386079
39290,0.0,172.217.194.0-255,153,153,77,346616
39291,1.3e-05,172.31.40.0-255,66,219,77,346616
39292,1.9e-05,172.217.194.0-255,1484,1703,77,346616
39293,2.3e-05,172.31.40.0-255,66,1769,77,346616
39294,2.9e-05,172.217.194.0-255,2902,4671,77,346616
39295,3.1e-05,172.31.40.0-255,66,4737,77,346616
39296,4.5e-05,172.217.194.0-255,4320,9057,77,346616
39297,4.8e-05,172.31.40.0-255,66,9123,77,346616
39298,6.8e-05,172.217.194.0-255,2902,12025,77,346616
39299,7e-05,172.31.40.0-255,66,12091,77,346616
39300,7.6e-05,172.217.194.0-255,1983,14074,77,346616
39301,7.9e-05,172.31.40.0-255,66,14140,77,346616
39302,8.8e-05,172.217.194.0-255,8574,22714,77,346616
39303,9e-05,172.31.40.0-255,66,22780,77,346616
39304,0.000115,172.217.194.0-255,2902,25682,77,346616
39305,0.000117,172.31.40.0-255,66,25748,77,346616
39306,0.000123,172.217.194.0-255,5379,31127,77,346616
39307,0.000126,172.31.40.0-255,66,31193,77,346616
39308,0.000183,172.217.194.0-255,1484,32677,77,346616
39309,0.000185,172.31.40.0-255,66,32743,77,346616
39310,0.00019,172.217.194.0-255,2902,35645,77,346616
39311,0.000193,172.31.40.0-255,66,35711,77,346616
39312,0.0002,172.217.194.0-255,5738,41449,77,346616
39313,0.000202,172.31.40.0-255,66,41515,77,346616
39314,0.000208,172.217.194.0-255,5738,47253,77,346616
39315,0.00021,172.31.40.0-255,66,47319,77,346616
39316,0.000226,172.217.194.0-255,1125,48444,77,346616
39317,0.000228,172.31.40.0-255,66,48510,77,346616
39318,0.000233,172.217.194.0-255,2902,51412,77,346616
39319,0.000235,172.31.40.0-255,66,51478,77,346616
39320,0.000268,172.217.194.0-255,11410,62888,77,346616
39321,0.000271,172.31.40.0-255,66,62954,77,346616
39322,0.000276,172.217.194.0-255,2835,65789,77,346616
39323,0.000278,172.31.40.0-255,66,65855,77,346616
39324,0.00042,172.217.194.0-255,363,66218,77,346616
39325,0.000488,172.217.194.0-255,1484,67702,77,346616
39326,0.000493,172.31.40.0-255,66,67768,77,346616
39327,0.000499,172.217.194.0-255,2902,70670,77,346616
39328,0.000501,172.31.40.0-255,66,70736,77,346616
39329,0.000507,172.217.194.0-255,4320,75056,77,346616
39330,0.000509,172.31.40.0-255,66,75122,77,346616
39331,0.00053,172.217.194.0-255,1484,76606,77,346616
39332,0.000556,172.217.194.0-255,5738,82344,77,346616
39333,0.000559,172.31.40.0-255,66,82410,77,346616
39334,0.000586,172.217.194.0-255,8215,90625,77,346616
39335,0.000588,172.31.40.0-255,66,90691,77,346616
39336,0.000597,172.217.194.0-255,9633,100324,77,346616
39337,0.0006,172.31.40.0-255,66,100390,77,346616
39338,0.000798,172.217.194.0-255,1484,101874,77,346616
39339,0.000804,172.217.194.0-255,2902,104776,77,346616
39340,0.000807,172.31.40.0-255,66,104842,77,346616
39341,0.000815,172.217.194.0-255,5738,110580,77,346616
39342,0.000817,172.31.40.0-255,66,110646,77,346616
39343,0.000844,172.217.194.0-255,12828,123474,77,346616
39344,0.000847,172.31.40.0-255,66,123540,77,346616
39345,0.000853,172.217.194.0-255,5738,129278,77,346616
39346,0.000856,172.31.40.0-255,66,129344,77,346616
39347,0.000883,172.217.194.0-255,5020,134364,77,346616
39348,0.000887,172.31.40.0-255,66,134430,77,346616
39349,0.001081,172.217.194.0-255,1484,135914,77,346616
39350,0.001095,172.217.194.0-255,2902,138816,77,346616
39351,0.001098,172.31.40.0-255,66,138882,77,346616
39352,0.001104,172.217.194.0-255,4320,143202,77,346616
39353,0.001107,172.31.40.0-255,66,143268,77,346616
39354,0.001119,172.217.194.0-255,1484,144752,77,346616
39355,0.001135,172.217.194.0-255,1484,146236,77,346616
39356,0.001137,172.31.40.0-255,66,146302,77,346616
39357,0.001167,172.217.194.0-255,11410,157712,77,346616
39358,0.00117,172.31.40.0-255,66,157778,77,346616
39359,0.001178,172.217.194.0-255,7156,164934,77,346616
39360,0.001181,172.31.40.0-255,66,165000,77,346616
39361,0.001198,172.217.194.0-255,3602,168602,77,346616
39362,0.001201,172.31.40.0-255,66,168668,77,346616
39363,0.001317,172.217.194.0-255,1484,170152,77,346616
39364,0.001323,172.217.194.0-255,2902,173054,77,346616
39365,0.001326,172.31.40.0-255,66,173120,77,346616
39366,0.001344,172.217.194.0-255,1484,174604,77,346616
39367,0.001364,172.217.194.0-255,4320,178924,77,346616
39368,0.001367,172.31.40.0-255,66,178990,77,346616
39369,0.001374,172.217.194.0-255,7156,186146,77,346616
39370,0.001377,172.31.40.0-255,66,186212,77,346616
39371,0.001397,172.217.194.0-255,4320,190532,77,346616
39372,0.001399,172.31.40.0-255,66,190598,77,346616
39373,0.001432,172.217.194.0-255,9992,200590,77,346616
39374,0.001435,172.31.40.0-255,66,200656,77,346616
39375,0.001439,172.217.194.0-255,2184,202840,77,346616
39376,0.001441,172.31.40.0-255,66,202906,77,346616
39377,0.001513,172.217.194.0-255,1484,204390,77,346616
39378,0.001517,172.217.194.0-255,1484,205874,77,346616
39379,0.00152,172.31.40.0-255,66,205940,77,346616
39380,0.001538,172.217.194.0-255,1484,207424,77,346616
39381,0.001545,172.217.194.0-255,5738,213162,77,346616
39382,0.001547,172.31.40.0-255,66,213228,77,346616
39383,0.001571,172.217.194.0-255,7156,220384,77,346616
39384,0.001576,172.31.40.0-255,66,220450,77,346616
39385,0.001592,172.217.194.0-255,5738,226188,77,346616
39386,0.001595,172.31.40.0-255,66,226254,77,346616
39387,0.001633,172.217.194.0-255,10692,236946,77,346616
39388,0.001637,172.31.40.0-255,66,237012,77,346616
39389,0.001668,172.217.194.0-255,5738,242750,77,346616
39390,0.001672,172.31.40.0-255,66,242816,77,346616
39391,0.001676,172.217.194.0-255,2902,245718,77,346616
39392,0.001678,172.31.40.0-255,66,245784,77,346616
39393,0.001699,172.217.194.0-255,4320,250104,77,346616
39394,0.001701,172.31.40.0-255,66,250170,77,346616
39395,0.00171,172.217.194.0-255,2902,253072,77,346616
39396,0.001713,172.31.40.0-255,66,253138,77,346616
39397,0.001747,172.217.194.0-255,11410,264548,77,346616
39398,0.00175,172.31.40.0-255,66,264614,77,346616
39399,0.001758,172.217.194.0-255,6438,271052,77,346616
39400,0.00176,172.31.40.0-255,66,271118,77,346616
39401,0.001766,172.217.194.0-255,5738,276856,77,346616
39402,0.001769,172.31.40.0-255,66,276922,77,346616
39403,0.001807,172.217.194.0-255,2902,279824,77,346616
39404,0.001816,172.217.194.0-255,10692,290516,77,346616
39405,0.001833,172.31.40.0-255,66,290582,77,346616
39406,0.001842,172.217.194.0-255,1484,292066,77,346616
39407,0.001904,172.217.194.0-255,9992,302058,77,346616
39408,0.001922,172.217.194.0-255,11410,313468,77,346616
39409,0.001931,172.31.40.0-255,66,313534,77,346616
39410,0.00196,172.217.194.0-255,12110,325644,77,346616
39411,0.002054,172.217.194.0-255,9274,334918,77,346616
39412,0.002061,172.217.194.0-255,7009,341927,77,346616
39413,0.007854,172.31.40.0-255,66,341993,77,346616
39414,0.009803,172.217.194.0-255,105,342098,77,346616
39415,0.010401,172.31.40.0-255,66,342164,77,346616
39416,0.010438,172.31.40.0-255,105,342269,77,346616
39417,0.012386,172.217.194.0-255,66,342335,77,346616
39418,0.030442,172.31.40.0-255,172,342507,77,346616
39419,0.030474,172.31.40.0-255,1120,343627,77,346616
39420,0.03054,172.31.40.0-255,1514,345141,77,346616
39421,0.030542,172.31.40.0-255,1277,346418,77,346616
39422,0.031974,104.244.42.0-255,66,346484,77,346616
39423,0.031987,104.244.42.0-255,66,346550,77,346616
39424,0.032078,104.244.42.0-255,66,346616,77,346616
39425,0.0,74.125.24.0-255,299,299,77,422286
39426,2.3e-05,172.31.40.0-255,66,365,77,422286
39427,3e-05,74.125.24.0-255,1484,1849,77,422286
39428,3.4e-05,172.31.40.0-255,66,1915,77,422286
39429,4e-05,74.125.24.0-255,4320,6235,77,422286
39430,4.4e-05,172.31.40.0-255,66,6301,77,422286
39431,4.6e-05,74.125.24.0-255,1484,7785,77,422286
39432,4.9e-05,172.31.40.0-255,66,7851,77,422286
39433,5.5e-05,74.125.24.0-255,2902,10753,77,422286
39434,5.8e-05,172.31.40.0-255,66,10819,77,422286
39435,7.8e-05,74.125.24.0-255,3242,14061,77,422286
39436,8.2e-05,172.31.40.0-255,66,14127,77,422286
39437,0.000309,74.125.24.0-255,1484,15611,77,422286
39438,0.000315,172.31.40.0-255,66,15677,77,422286
39439,0.00033,74.125.24.0-255,2902,18579,77,422286
39440,0.000333,172.31.40.0-255,66,18645,77,422286
39441,0.00035,74.125.24.0-255,4320,22965,77,422286
39442,0.000354,172.31.40.0-255,66,23031,77,422286
39443,0.000373,74.125.24.0-255,4320,27351,77,422286
39444,0.000376,172.31.40.0-255,66,27417,77,422286
39445,0.000404,74.125.24.0-255,5379,32796,77,422286
39446,0.000407,172.31.40.0-255,66,32862,77,422286
39447,0.000412,74.125.24.0-255,4320,37182,77,422286
39448,0.000414,172.31.40.0-255,66,37248,77,422286
39449,0.00042,74.125.24.0-255,5738,42986,77,422286
39450,0.000422,172.31.40.0-255,66,43052,77,422286
39451,0.000461,74.125.24.0-255,9992,53044,77,422286
39452,0.000464,172.31.40.0-255,66,53110,77,422286
39453,0.000474,74.125.24.0-255,12110,65220,77,422286
39454,0.000477,172.31.40.0-255,66,65286,77,422286
39455,0.000525,74.125.24.0-255,358,65644,77,422286
39456,0.000528,172.31.40.0-255,66,65710,77,422286
39457,0.000591,74.125.24.0-255,132,65842,77,422286
39458,0.000689,74.125.24.0-255,1484,67326,77,422286
39459,0.000693,172.31.40.0-255,66,67392,77,422286
39460,0.000699,74.125.24.0-255,2902,70294,77,422286
39461,0.000702,172.31.40.0-255,66,70360,77,422286
39462,0.000731,74.125.24.0-255,5738,76098,77,422286
39463,0.000734,172.31.40.0-255,66,76164,77,422286
39464,0.000744,74.125.24.0-255,9992,86156,77,422286
39465,0.000746,172.31.40.0-255,66,86222,77,422286
39466,0.000775,74.125.24.0-255,2902,89124,77,422286
39467,0.000778,172.31.40.0-255,66,89190,77,422286
39468,0.000786,74.125.24.0-255,8574,97764,77,422286
39469,0.000789,172.31.40.0-255,66,97830,77,422286
39470,0.00083,74.125.24.0-255,2467,100297,77,422286
39471,0.000833,172.31.40.0-255,66,100363,77,422286
39472,0.000837,74.125.24.0-255,2902,103265,77,422286
39473,0.00084,172.31.40.0-255,66,103331,77,422286
39474,0.000874,74.125.24.0-255,7156,110487,77,422286
39475,0.000877,172.31.40.0-255,66,110553,77,422286
39476,0.000887,74.125.24.0-255,11410,121963,77,422286
39477,0.000889,172.31.40.0-255,66,122029,77,422286
39478,0.00092,74.125.24.0-255,5738,127767,77,422286
39479,0.000923,172.31.40.0-255,66,127833,77,422286
39480,0.000945,74.125.24.0-255,6438,134271,77,422286
39481,0.000948,172.31.40.0-255,66,134337,77,422286
39482,0.001188,74.125.24.0-255,1484,135821,77,422286
39483,0.001201,74.125.24.0-255,2902,138723,77,422286
39484,0.001204,172.31.40.0-255,66,138789,77,422286
39485,0.00121,74.125.24.0-255,4320,143109,77,422286
39486,0.001213,172.31.40.0-255,66,143175,77,422286
39487,0.001227,74.125.24.0-255,1484,144659,77,422286
39488,0.001234,74.125.24.0-255,5738,150397,77,422286
39489,0.001238,172.31.40.0-255,66,150463,77,422286
39490,0.00126,74.125.24.0-255,7156,157619,77,422286
39491,0.001263,172.31.40.0-255,66,157685,77,422286
39492,0.001273,74.125.24.0-255,10692,168377,77,422286
39493,0.001276,172.31.40.0-255,66,168443,77,422286
39494,0.001838,74.125.24.0-255,1484,169927,77,422286
39495,0.001841,74.125.24.0-255,1484,171411,77,422286
39496,0.001847,172.31.40.0-255,66,171477,77,422286
39497,0.001857,74.125.24.0-255,1484,172961,77,422286
39498,0.001863,74.125.24.0-255,5738,178699,77,422286
39499,0.001866,172.31.40.0-255,66,178765,77,422286
39500,0.001893,74.125.24.0-255,7156,185921,77,422286
39501,0.001896,172.31.40.0-255,66,185987,77,422286
39502,0.001912,74.125.24.0-255,5738,191725,77,422286
39503,0.001914,172.31.40.0-255,66,191791,77,422286
39504,0.001922,74.125.24.0-255,8574,200365,77,422286
39505,0.001924,172.31.40.0-255,66,200431,77,422286
39506,0.001959,74.125.24.0-255,2184,202615,77,422286
39507,0.001962,172.31.40.0-255,66,202681,77,422286
39508,0.001999,74.125.24.0-255,1484,204165,77,422286
39509,0.002021,74.125.24.0-255,2902,207067,77,422286
39510,0.002024,172.31.40.0-255,66,207133,77,422286
39511,0.002044,74.125.24.0-255,2902,210035,77,422286
39512,0.002046,172.31.40.0-255,66,210101,77,422286
39513,0.004026,74.125.24.0-255,2902,213003,77,422286
39514,0.004034,172.31.40.0-255,66,213069,77,422286
39515,0.004074,74.125.24.0-255,2902,215971,77,422286
39516,0.004076,172.31.40.0-255,66,216037,77,422286
39517,0.006026,74.125.24.0-255,2902,218939,77,422286
39518,0.006029,172.31.40.0-255,66,219005,77,422286
39519,0.006126,74.125.24.0-255,2902,221907,77,422286
39520,0.006128,172.31.40.0-255,66,221973,77,422286
39521,0.008054,74.125.24.0-255,2902,224875,77,422286
39522,0.008059,172.31.40.0-255,66,224941,77,422286
39523,0.008114,74.125.24.0-255,2902,227843,77,422286
39524,0.008129,172.31.40.0-255,66,227909,77,422286
39525,0.010085,74.125.24.0-255,2902,230811,77,422286
39526,0.010092,172.31.40.0-255,66,230877,77,422286
39527,0.01012,74.125.24.0-255,2902,233779,77,422286
39528,0.010123,172.31.40.0-255,66,233845,77,422286
39529,0.012134,74.125.24.0-255,5738,239583,77,422286
39530,0.012141,172.31.40.0-255,66,239649,77,422286
39531,0.014147,74.125.24.0-255,4320,243969,77,422286
39532,0.014154,172.31.40.0-255,66,244035,77,422286
39533,0.014175,74.125.24.0-255,1484,245519,77,422286
39534,0.01619,74.125.24.0-255,4320,249839,77,422286
39535,0.016196,172.31.40.0-255,66,249905,77,422286
39536,0.018204,74.125.24.0-255,5738,255643,77,422286
39537,0.018212,172.31.40.0-255,66,255709,77,422286
39538,0.020227,74.125.24.0-255,5738,261447,77,422286
39539,0.020235,172.31.40.0-255,66,261513,77,422286
39540,0.022245,74.125.24.0-255,5738,267251,77,422286
39541,0.022254,172.31.40.0-255,66,267317,77,422286
39542,0.024269,74.125.24.0-255,5738,273055,77,422286
39543,0.024276,172.31.40.0-255,66,273121,77,422286
39544,0.026338,74.125.24.0-255,5738,278859,77,422286
39545,0.026347,172.31.40.0-255,66,278925,77,422286
39546,0.028434,74.125.24.0-255,5738,284663,77,422286
39547,0.028442,172.31.40.0-255,66,284729,77,422286
39548,0.030477,74.125.24.0-255,5738,290467,77,422286
39549,0.030486,172.31.40.0-255,66,290533,77,422286
39550,0.032541,74.125.24.0-255,5738,296271,77,422286
39551,0.032548,172.31.40.0-255,66,296337,77,422286
39552,0.034549,74.125.24.0-255,5738,302075,77,422286
39553,0.034556,172.31.40.0-255,66,302141,77,422286
39554,0.036564,74.125.24.0-255,5738,307879,77,422286
39555,0.036571,172.31.40.0-255,66,307945,77,422286
39556,0.038633,74.125.24.0-255,5738,313683,77,422286
39557,0.038639,172.31.40.0-255,66,313749,77,422286
39558,0.040633,74.125.24.0-255,5738,319487,77,422286
39559,0.040639,172.31.40.0-255,66,319553,77,422286
39560,0.042507,172.31.40.0-255,172,319725,77,422286
39561,0.04254,172.31.40.0-255,1119,320844,77,422286
39562,0.042599,172.31.40.0-255,1514,322358,77,422286
39563,0.042601,172.31.40.0-255,1276,323634,77,422286
39564,0.042657,74.125.24.0-255,4320,327954,77,422286
39565,0.042663,172.31.40.0-255,66,328020,77,422286
39566,0.042682,74.125.24.0-255,1484,329504,77,422286
39567,0.044074,104.244.42.0-255,66,329570,77,422286
39568,0.044155,104.244.42.0-255,66,329636,77,422286
39569,0.04416,104.244.42.0-255,66,329702,77,422286
39570,0.04467,74.125.24.0-255,4320,334022,77,422286
39571,0.044676,172.31.40.0-255,66,334088,77,422286
39572,0.046711,74.125.24.0-255,5738,339826,77,422286
39573,0.046717,172.31.40.0-255,66,339892,77,422286
39574,0.048758,74.125.24.0-255,5738,345630,77,422286
39575,0.048765,172.31.40.0-255,66,345696,77,422286
39576,0.050779,74.125.24.0-255,5738,351434,77,422286
39577,0.050785,172.31.40.0-255,66,351500,77,422286
39578,0.052833,74.125.24.0-255,5738,357238,77,422286
39579,0.05284,172.31.40.0-255,66,357304,77,422286
39580,0.05488,74.125.24.0-255,5738,363042,77,422286
39581,0.054887,172.31.40.0-255,66,363108,77,422286
39582,0.056911,74.125.24.0-255,5738,368846,77,422286
39583,0.056918,172.31.40.0-255,66,368912,77,422286
39584,0.058977,74.125.24.0-255,5738,374650,77,422286
39585,0.058983,172.31.40.0-255,66,374716,77,422286
39586,0.061006,74.125.24.0-255,5738,380454,77,422286
39587,0.061012,172.31.40.0-255,66,380520,77,422286
39588,0.06301,74.125.24.0-255,5738,386258,77,422286
39589,0.063016,172.31.40.0-255,66,386324,77,422286
39590,0.065076,74.125.24.0-255,5738,392062,77,422286
39591,0.065082,172.31.40.0-255,66,392128,77,422286
39592,0.067104,74.125.24.0-255,5738,397866,77,422286
39593,0.067111,172.31.40.0-255,66,397932,77,422286
39594,0.069119,74.125.24.0-255,5738,403670,77,422286
39595,0.069125,172.31.40.0-255,66,403736,77,422286
39596,0.071161,74.125.24.0-255,5738,409474,77,422286
39597,0.071167,172.31.40.0-255,66,409540,77,422286
39598,0.073189,74.125.24.0-255,5738,415278,77,422286
39599,0.073194,172.31.40.0-255,66,415344,77,422286
39600,0.075208,74.125.24.0-255,5738,421082,77,422286
39601,0.075213,172.31.40.0-255,66,421148,77,422286
39602,0.077224,74.125.24.0-255,901,422049,77,422286
39603,0.077327,172.31.40.0-255,66,422115,77,422286
39604,0.077356,172.31.40.0-255,105,422220,77,422286
39605,0.07934,74.125.24.0-255,66,422286,77,422286
39606,0.0,74.125.200.0-255,143,143,77,416455
39607,2e-05,172.31.40.0-255,66,209,77,416455
39608,3.7e-05,74.125.200.0-255,1484,1693,77,416455
39609,4.1e-05,172.31.40.0-255,66,1759,77,416455
39610,8.3e-05,74.125.200.0-255,2902,4661,77,416455
39611,8.6e-05,172.31.40.0-255,66,4727,77,416455
39612,8.9e-05,74.125.200.0-255,1484,6211,77,416455
39613,9.1e-05,172.31.40.0-255,66,6277,77,416455
39614,0.000112,74.125.200.0-255,2902,9179,77,416455
39615,0.000115,172.31.40.0-255,66,9245,77,416455
39616,0.000146,74.125.200.0-255,6227,15472,77,416455
39617,0.000148,172.31.40.0-255,66,15538,77,416455
39618,0.000152,74.125.200.0-255,2902,18440,77,416455
39619,0.000154,172.31.40.0-255,66,18506,77,416455
39620,0.000197,74.125.200.0-255,7156,25662,77,416455
39621,0.000199,172.31.40.0-255,66,25728,77,416455
39622,0.000214,74.125.200.0-255,4320,30048,77,416455
39623,0.000217,172.31.40.0-255,66,30114,77,416455
39624,0.000227,74.125.200.0-255,1125,31239,77,416455
39625,0.000229,172.31.40.0-255,66,31305,77,416455
39626,0.000319,74.125.200.0-255,1484,32789,77,416455
39627,0.000322,172.31.40.0-255,66,32855,77,416455
39628,0.000326,74.125.200.0-255,1484,34339,77,416455
39629,0.000327,172.31.40.0-255,66,34405,77,416455
39630,0.000342,74.125.200.0-255,1484,35889,77,416455
39631,0.000345,172.31.40.0-255,66,35955,77,416455
39632,0.000347,74.125.200.0-255,1484,37439,77,416455
39633,0.000349,172.31.40.0-255,66,37505,77,416455
39634,0.000352,74.125.200.0-255,1484,38989,77,416455
39635,0.000353,172.31.40.0-255,66,39055,77,416455
39636,0.000368,74.125.200.0-255,1484,40539,77,416455
39637,0.00037,172.31.40.0-255,66,40605,77,416455
39638,0.000384,74.125.200.0-255,4320,44925,77,416455
39639,0.000386,172.31.40.0-255,66,44991,77,416455
39640,0.000401,74.125.200.0-255,1484,46475,77,416455
39641,0.000409,74.125.200.0-255,5738,52213,77,416455
39642,0.000411,172.31.40.0-255,66,52279,77,416455
39643,0.000441,74.125.200.0-255,7156,59435,77,416455
39644,0.000444,172.31.40.0-255,66,59501,77,416455
39645,0.000449,74.125.200.0-255,4320,63821,77,416455
39646,0.00045,172.31.40.0-255,66,63887,77,416455
39647,0.000469,74.125.200.0-255,2184,66071,77,416455
39648,0.000471,172.31.40.0-255,66,66137,77,416455
39649,0.000518,74.125.200.0-255,368,66505,77,416455
39650,0.000523,74.125.200.0-255,375,66880,77,416455
39651,0.000953,74.125.200.0-255,1484,68364,77,416455
39652,0.000958,172.31.40.0-255,66,68430,77,416455
39653,0.000971,74.125.200.0-255,2902,71332,77,416455
39654,0.000973,172.31.40.0-255,66,71398,77,416455
39655,0.001001,74.125.200.0-255,4320,75718,77,416455
39656,0.001004,172.31.40.0-255,66,75784,77,416455
39657,0.001021,74.125.200.0-255,1484,77268,77,416455
39658,0.001049,74.125.200.0-255,1484,78752,77,416455
39659,0.001052,172.31.40.0-255,66,78818,77,416455
39660,0.001063,74.125.200.0-255,1484,80302,77,416455
39661,0.001091,74.125.200.0-255,2902,83204,77,416455
39662,0.001093,172.31.40.0-255,66,83270,77,416455
39663,0.001107,74.125.200.0-255,1484,84754,77,416455
39664,0.001111,74.125.200.0-255,2902,87656,77,416455
39665,0.001113,172.31.40.0-255,66,87722,77,416455
39666,0.001137,74.125.200.0-255,4320,92042,77,416455
39667,0.001139,172.31.40.0-255,66,92108,77,416455
39668,0.001158,74.125.200.0-255,2902,95010,77,416455
39669,0.00116,172.31.40.0-255,66,95076,77,416455
39670,0.001182,74.125.200.0-255,4320,99396,77,416455
39671,0.001185,172.31.40.0-255,66,99462,77,416455
39672,0.001197,74.125.200.0-255,2184,101646,77,416455
39673,0.0012,172.31.40.0-255,66,101712,77,416455
39674,0.001321,74.125.200.0-255,1484,103196,77,416455
39675,0.001342,74.125.200.0-255,2902,106098,77,416455
39676,0.001345,172.31.40.0-255,66,106164,77,416455
39677,0.001349,74.125.200.0-255,2902,109066,77,416455
39678,0.001351,172.31.40.0-255,66,109132,77,416455
39679,0.001365,74.125.200.0-255,1484,110616,77,416455
39680,0.001377,74.125.200.0-255,2902,113518,77,416455
39681,0.00138,172.31.40.0-255,66,113584,77,416455
39682,0.001398,74.125.200.0-255,1484,115068,77,416455
39683,0.001421,74.125.200.0-255,7156,122224,77,416455
39684,0.001424,172.31.40.0-255,66,122290,77,416455
39685,0.00145,74.125.200.0-255,1484,123774,77,416455
39686,0.001462,74.125.200.0-255,2902,126676,77,416455
39687,0.001465,172.31.40.0-255,66,126742,77,416455
39688,0.001498,74.125.200.0-255,1484,128226,77,416455
39689,0.001519,74.125.200.0-255,4320,132546,77,416455
39690,0.001521,172.31.40.0-255,66,132612,77,416455
39691,0.001561,74.125.200.0-255,3602,136214,77,416455
39692,0.001564,172.31.40.0-255,66,136280,77,416455
39693,0.001725,74.125.200.0-255,1484,137764,77,416455
39694,0.001815,74.125.200.0-255,1484,139248,77,416455
39695,0.001818,172.31.40.0-255,66,139314,77,416455
39696,0.001842,74.125.200.0-255,2902,142216,77,416455
39697,0.001845,172.31.40.0-255,66,142282,77,416455
39698,0.001872,74.125.200.0-255,1484,143766,77,416455
39699,0.001921,74.125.200.0-255,1484,145250,77,416455
39700,0.001925,172.31.40.0-255,66,145316,77,416455
39701,0.001945,74.125.200.0-255,2902,148218,77,416455
39702,0.001947,172.31.40.0-255,66,148284,77,416455
39703,0.001962,74.125.200.0-255,1484,149768,77,416455
39704,0.001978,74.125.200.0-255,2902,152670,77,416455
39705,0.001981,172.31.40.0-255,66,152736,77,416455
39706,0.002003,74.125.200.0-255,5738,158474,77,416455
39707,0.002005,172.31.40.0-255,66,158540,77,416455
39708,0.002009,74.125.200.0-255,1484,160024,77,416455
39709,0.002042,74.125.200.0-255,2902,162926,77,416455
39710,0.002044,172.31.40.0-255,66,162992,77,416455
39711,0.002072,74.125.200.0-255,5738,168730,77,416455
39712,0.002074,172.31.40.0-255,66,168796,77,416455
39713,0.002079,74.125.200.0-255,2184,170980,77,416455
39714,0.00208,172.31.40.0-255,66,171046,77,416455
39715,0.002318,74.125.200.0-255,1484,172530,77,416455
39716,0.002326,74.125.200.0-255,2902,175432,77,416455
39717,0.00233,172.31.40.0-255,66,175498,77,416455
39718,0.004389,74.125.200.0-255,1484,176982,77,416455
39719,0.00463,74.125.200.0-255,4320,181302,77,416455
39720,0.004635,172.31.40.0-255,66,181368,77,416455
39721,0.006938,74.125.200.0-255,4320,185688,77,416455
39722,0.006941,172.31.40.0-255,66,185754,77,416455
39723,0.006955,74.125.200.0-255,1484,187238,77,416455
39724,0.009256,74.125.200.0-255,4320,191558,77,416455
39725,0.009264,172.31.40.0-255,66,191624,77,416455
39726,0.011582,74.125.200.0-255,5738,197362,77,416455
39727,0.011591,172.31.40.0-255,66,197428,77,416455
39728,0.013941,74.125.200.0-255,5738,203166,77,416455
39729,0.013953,172.31.40.0-255,66,203232,77,416455
39730,0.016274,74.125.200.0-255,5738,208970,77,416455
39731,0.016283,172.31.40.0-255,66,209036,77,416455
39732,0.018616,74.125.200.0-255,5738,214774,77,416455
39733,0.018623,172.31.40.0-255,66,214840,77,416455
39734,0.020949,74.125.200.0-255,5738,220578,77,416455
39735,0.020956,172.31.40.0-255,66,220644,77,416455
39736,0.023319,74.125.200.0-255,5738,226382,77,416455
39737,0.023327,172.31.40.0-255,66,226448,77,416455
39738,0.025645,74.125.200.0-255,5738,232186,77,416455
39739,0.025654,172.31.40.0-255,66,232252,77,416455
39740,0.027985,74.125.200.0-255,5738,237990,77,416455
39741,0.027991,172.31.40.0-255,66,238056,77,416455
39742,0.029267,172.31.40.0-255,172,238228,77,416455
39743,0.029298,172.31.40.0-255,1119,239347,77,416455
39744,0.029352,172.31.40.0-255,1514,240861,77,416455
39745,0.029353,172.31.40.0-255,1276,242137,77,416455
39746,0.030363,74.125.200.0-255,5738,247875,77,416455
39747,0.030369,172.31.40.0-255,66,247941,77,416455
39748,0.030864,104.244.42.0-255,66,248007,77,416455
39749,0.030871,104.244.42.0-255,66,248073,77,416455
39750,0.03093,104.244.42.0-255,66,248139,77,416455
39751,0.032695,74.125.200.0-255,5738,253877,77,416455
39752,0.032701,172.31.40.0-255,66,253943,77,416455
39753,0.035027,74.125.200.0-255,5738,259681,77,416455
39754,0.035046,172.31.40.0-255,66,259747,77,416455
39755,0.037376,74.125.200.0-255,5738,265485,77,416455
39756,0.03739,172.31.40.0-255,66,265551,77,416455
39757,0.039776,74.125.200.0-255,5738,271289,77,416455
39758,0.039794,172.31.40.0-255,66,271355,77,416455
39759,0.042132,74.125.200.0-255,5738,277093,77,416455
39760,0.042147,172.31.40.0-255,66,277159,77,416455
39761,0.044483,74.125.200.0-255,5738,282897,77,416455
39762,0.0445,172.31.40.0-255,66,282963,77,416455
39763,0.046837,74.125.200.0-255,5738,288701,77,416455
39764,0.046855,172.31.40.0-255,66,288767,77,416455
39765,0.049201,74.125.200.0-255,5738,294505,77,416455
39766,0.049216,172.31.40.0-255,66,294571,77,416455
39767,0.05155,74.125.200.0-255,5738,300309,77,416455
39768,0.051566,172.31.40.0-255,66,300375,77,416455
39769,0.053887,74.125.200.0-255,5738,306113,77,416455
39770,0.053894,172.31.40.0-255,66,306179,77,416455
39771,0.056221,74.125.200.0-255,5738,311917,77,416455
39772,0.056228,172.31.40.0-255,66,311983,77,416455
39773,0.05857,74.125.200.0-255,5738,317721,77,416455
39774,0.058588,172.31.40.0-255,66,317787,77,416455
39775,0.060922,74.125.200.0-255,5738,323525,77,416455
39776,0.060939,172.31.40.0-255,66,323591,77,416455
39777,0.063269,74.125.200.0-255,5738,329329,77,416455
39778,0.063287,172.31.40.0-255,66,329395,77,416455
39779,0.065616,74.125.200.0-255,5738,335133,77,416455
39780,0.065633,172.31.40.0-255,66,335199,77,416455
39781,0.06797,74.125.200.0-255,5738,340937,77,416455
39782,0.067987,172.31.40.0-255,66,341003,77,416455
39783,0.070319,74.125.200.0-255,5738,346741,77,416455
39784,0.070337,172.31.40.0-255,66,346807,77,416455
39785,0.072662,74.125.200.0-255,5738,352545,77,416455
39786,0.072679,172.31.40.0-255,66,352611,77,416455
39787,0.075012,74.125.200.0-255,5738,358349,77,416455
39788,0.07503,172.31.40.0-255,66,358415,77,416455
39789,0.077347,74.125.200.0-255,5738,364153,77,416455
39790,0.077354,172.31.40.0-255,66,364219,77,416455
39791,0.079685,74.125.200.0-255,5738,369957,77,416455
39792,0.079699,172.31.40.0-255,66,370023,77,416455
39793,0.082006,74.125.200.0-255,5738,375761,77,416455
39794,0.082013,172.31.40.0-255,66,375827,77,416455
39795,0.084359,74.125.200.0-255,5738,381565,77,416455
39796,0.084373,172.31.40.0-255,66,381631,77,416455
39797,0.086707,74.125.200.0-255,5738,387369,77,416455
39798,0.086723,172.31.40.0-255,66,387435,77,416455
39799,0.089055,74.125.200.0-255,5738,393173,77,416455
39800,0.08907,172.31.40.0-255,66,393239,77,416455
39801,0.091403,74.125.200.0-255,5738,398977,77,416455
39802,0.09142,172.31.40.0-255,66,399043,77,416455
39803,0.093744,74.125.200.0-255,5738,404781,77,416455
39804,0.093752,172.31.40.0-255,66,404847,77,416455
39805,0.096079,74.125.200.0-255,5738,410585,77,416455
39806,0.096086,172.31.40.0-255,66,410651,77,416455
39807,0.098402,74.125.200.0-255,5738,416389,77,416455
39808,0.098408,172.31.40.0-255,66,416455,77,416455
39809,0.0,74.125.130.0-255,153,153,77,429884
39810,1.6e-05,172.31.40.0-255,66,219,77,429884
39811,3.3e-05,74.125.130.0-255,1484,1703,77,429884
39812,4.2e-05,172.31.40.0-255,66,1769,77,429884
39813,4.5e-05,74.125.130.0-255,1484,3253,77,429884
39814,4.8e-05,172.31.40.0-255,66,3319,77,429884
39815,5.2e-05,74.125.130.0-255,2902,6221,77,429884
39816,5.5e-05,172.31.40.0-255,66,6287,77,429884
39817,9e-05,74.125.130.0-255,4320,10607,77,429884
39818,9.3e-05,172.31.40.0-255,66,10673,77,429884
39819,0.000103,74.125.130.0-255,1484,12157,77,429884
39820,0.000104,172.31.40.0-255,66,12223,77,429884
39821,0.00013,74.125.130.0-255,6294,18517,77,429884
39822,0.000133,172.31.40.0-255,66,18583,77,429884
39823,0.000161,74.125.130.0-255,8574,27157,77,429884
39824,0.000163,172.31.40.0-255,66,27223,77,429884
39825,0.000198,74.125.130.0-255,2902,30125,77,429884
39826,0.0002,172.31.40.0-255,66,30191,77,429884
39827,0.000228,74.125.130.0-255,1125,31316,77,429884
39828,0.00023,172.31.40.0-255,66,31382,77,429884
39829,0.000361,74.125.130.0-255,1484,32866,77,429884
39830,0.000364,172.31.40.0-255,66,32932,77,429884
39831,0.000367,74.125.130.0-255,1484,34416,77,429884
39832,0.000369,172.31.40.0-255,66,34482,77,429884
39833,0.0004,74.125.130.0-255,1484,35966,77,429884
39834,0.000402,172.31.40.0-255,66,36032,77,429884
39835,0.000408,74.125.130.0-255,5738,41770,77,429884
39836,0.000411,172.31.40.0-255,66,41836,77,429884
39837,0.000417,74.125.130.0-255,6797,48633,77,429884
39838,0.000419,172.31.40.0-255,66,48699,77,429884
39839,0.000453,74.125.130.0-255,2902,51601,77,429884
39840,0.000455,172.31.40.0-255,66,51667,77,429884
39841,0.000477,74.125.130.0-255,5738,57405,77,429884
39842,0.000479,172.31.40.0-255,66,57471,77,429884
39843,0.000509,74.125.130.0-255,8505,65976,77,429884
39844,0.000511,172.31.40.0-255,66,66042,77,429884
39845,0.000552,74.125.130.0-255,364,66406,77,429884
39846,0.000703,74.125.130.0-255,1484,67890,77,429884
39847,0.000706,172.31.40.0-255,66,67956,77,429884
39848,0.000732,74.125.130.0-255,2902,70858,77,429884
39849,0.000734,172.31.40.0-255,66,70924,77,429884
39850,0.000759,74.125.130.0-255,1484,72408,77,429884
39851,0.000763,74.125.130.0-255,2902,75310,77,429884
39852,0.000766,172.31.40.0-255,66,75376,77,429884
39853,0.000792,74.125.130.0-255,5738,81114,77,429884
39854,0.000795,172.31.40.0-255,66,81180,77,429884
39855,0.0008,74.125.130.0-255,4320,85500,77,429884
39856,0.000802,172.31.40.0-255,66,85566,77,429884
39857,0.000823,74.125.130.0-255,2902,88468,77,429884
39858,0.000826,172.31.40.0-255,66,88534,77,429884
39859,0.000851,74.125.130.0-255,1484,90018,77,429884
39860,0.00087,74.125.130.0-255,7156,97174,77,429884
39861,0.000873,172.31.40.0-255,66,97240,77,429884
39862,0.000901,74.125.130.0-255,2902,100142,77,429884
39863,0.000904,172.31.40.0-255,66,100208,77,429884
39864,0.000915,74.125.130.0-255,218,100426,77,429884
39865,0.001394,74.125.130.0-255,1484,101910,77,429884
39866,0.0014,172.31.40.0-255,66,101976,77,429884
39867,0.001408,74.125.130.0-255,2902,104878,77,429884
39868,0.001411,172.31.40.0-255,66,104944,77,429884
39869,0.001422,74.125.130.0-255,4320,109264,77,429884
39870,0.001424,172.31.40.0-255,66,109330,77,429884
39871,0.001468,74.125.130.0-255,5738,115068,77,429884
39872,0.001471,172.31.40.0-255,66,115134,77,429884
39873,0.001496,74.125.130.0-255,1484,116618,77,429884
39874,0.001498,74.125.130.0-255,1111,117729,77,429884
39875,0.001503,172.31.40.0-255,66,117795,77,429884
39876,0.001659,74.125.130.0-255,1484,119279,77,429884
39877,0.001676,74.125.130.0-255,2902,122181,77,429884
39878,0.001679,172.31.40.0-255,66,122247,77,429884
39879,0.001683,74.125.130.0-255,1484,123731,77,429884
39880,0.001709,74.125.130.0-255,4320,128051,77,429884
39881,0.001712,172.31.40.0-255,66,128117,77,429884
39882,0.001718,74.125.130.0-255,5738,133855,77,429884
39883,0.00172,172.31.40.0-255,66,133921,77,429884
39884,0.001723,74.125.130.0-255,1484,135405,77,429884
39885,0.001747,74.125.130.0-255,5738,141143,77,429884
39886,0.00175,172.31.40.0-255,66,141209,77,429884
39887,0.001756,74.125.130.0-255,4320,145529,77,429884
39888,0.001758,172.31.40.0-255,66,145595,77,429884
39889,0.001791,74.125.130.0-255,5406,151001,77,429884
39890,0.001794,172.31.40.0-255,66,151067,77,429884
39891,0.001828,74.125.130.0-255,7156,158223,77,429884
39892,0.001831,172.31.40.0-255,66,158289,77,429884
39893,0.001854,74.125.130.0-255,2902,161191,77,429884
39894,0.001857,172.31.40.0-255,66,161257,77,429884
39895,0.001878,74.125.130.0-255,5738,166995,77,429884
39896,0.001881,172.31.40.0-255,66,167061,77,429884
39897,0.001885,74.125.130.0-255,2902,169963,77,429884
39898,0.001887,172.31.40.0-255,66,170029,77,429884
39899,0.00199,74.125.130.0-255,2902,172931,77,429884
39900,0.001995,172.31.40.0-255,66,172997,77,429884
39901,0.002029,74.125.130.0-255,9992,182989,77,429884
39902,0.002032,172.31.40.0-255,66,183055,77,429884
39903,0.002036,74.125.130.0-255,2184,185239,77,429884
39904,0.002038,172.31.40.0-255,66,185305,77,429884
39905,0.002226,74.125.130.0-255,1484,186789,77,429884
39906,0.002241,74.125.130.0-255,2902,189691,77,429884
39907,0.002245,172.31.40.0-255,66,189757,77,429884
39908,0.002249,74.125.130.0-255,1484,191241,77,429884
39909,0.002281,74.125.130.0-255,4320,195561,77,429884
39910,0.002286,172.31.40.0-255,66,195627,77,429884
39911,0.00229,74.125.130.0-255,2902,198529,77,429884
39912,0.002292,172.31.40.0-255,66,198595,77,429884
39913,0.002297,74.125.130.0-255,4320,202915,77,429884
39914,0.002303,74.125.130.0-255,4320,207235,77,429884
39915,0.002307,172.31.40.0-255,66,207301,77,429884
39916,0.002309,172.31.40.0-255,66,207367,77,429884
39917,0.002336,74.125.130.0-255,4320,211687,77,429884
39918,0.002344,74.125.130.0-255,5738,217425,77,429884
39919,0.002348,172.31.40.0-255,66,217491,77,429884
39920,0.00235,172.31.40.0-255,66,217557,77,429884
39921,0.002367,74.125.130.0-255,2184,219741,77,429884
39922,0.002375,172.31.40.0-255,66,219807,77,429884
39923,0.004885,74.125.130.0-255,2902,222709,77,429884
39924,0.004892,172.31.40.0-255,66,222775,77,429884
39925,0.004906,74.125.130.0-255,2902,225677,77,429884
39926,0.004913,172.31.40.0-255,66,225743,77,429884
39927,0.007411,74.125.130.0-255,2902,228645,77,429884
39928,0.007417,172.31.40.0-255,66,228711,77,429884
39929,0.007453,74.125.130.0-255,2902,231613,77,429884
39930,0.007456,172.31.40.0-255,66,231679,77,429884
39931,0.009945,74.125.130.0-255,2902,234581,77,429884
39932,0.009951,172.31.40.0-255,66,234647,77,429884
39933,0.00999,74.125.130.0-255,2902,237549,77,429884
39934,0.009993,172.31.40.0-255,66,237615,77,429884
39935,0.012478,74.125.130.0-255,2902,240517,77,429884
39936,0.012486,172.31.40.0-255,66,240583,77,429884
39937,0.01252,74.125.130.0-255,2902,243485,77,429884
39938,0.012524,172.31.40.0-255,66,243551,77,429884
39939,0.015012,74.125.130.0-255,2902,246453,77,429884
39940,0.015019,172.31.40.0-255,66,246519,77,429884
39941,0.015045,74.125.130.0-255,2902,249421,77,429884
39942,0.015048,172.31.40.0-255,66,249487,77,429884
39943,0.017552,74.125.130.0-255,2902,252389,77,429884
39944,0.01756,172.31.40.0-255,66,252455,77,429884
39945,0.017597,74.125.130.0-255,2902,255357,77,429884
39946,0.0176,172.31.40.0-255,66,255423,77,429884
39947,0.020086,74.125.130.0-255,2902,258325,77,429884
39948,0.020095,172.31.40.0-255,66,258391,77,429884
39949,0.020124,74.125.130.0-255,2902,261293,77,429884
39950,0.020128,172.31.40.0-255,66,261359,77,429884
39951,0.022624,74.125.130.0-255,2902,264261,77,429884
39952,0.022631,172.31.40.0-255,66,264327,77,429884
39953,0.022671,74.125.130.0-255,2902,267229,77,429884
39954,0.022675,172.31.40.0-255,66,267295,77,429884
39955,0.02516,74.125.130.0-255,2902,270197,77,429884
39956,0.025169,172.31.40.0-255,66,270263,77,429884
39957,0.025214,74.125.130.0-255,2902,273165,77,429884
39958,0.025218,172.31.40.0-255,66,273231,77,429884
39959,0.027708,74.125.130.0-255,2902,276133,77,429884
39960,0.027715,172.31.40.0-255,66,276199,77,429884
39961,0.027755,74.125.130.0-255,2902,279101,77,429884
39962,0.027759,172.31.40.0-255,66,279167,77,429884
39963,0.030256,74.125.130.0-255,2902,282069,77,429884
39964,0.030262,172.31.40.0-255,66,282135,77,429884
39965,0.030311,74.125.130.0-255,2902,285037,77,429884
39966,0.030315,172.31.40.0-255,66,285103,77,429884
39967,0.032782,74.125.130.0-255,2902,288005,77,429884
39968,0.032788,172.31.40.0-255,66,288071,77,429884
39969,0.032832,74.125.130.0-255,2902,290973,77,429884
39970,0.032836,172.31.40.0-255,66,291039,77,429884
39971,0.035305,74.125.130.0-255,2902,293941,77,429884
39972,0.035316,172.31.40.0-255,66,294007,77,429884
39973,0.035362,74.125.130.0-255,2902,296909,77,429884
39974,0.035366,172.31.40.0-255,66,296975,77,429884
39975,0.037536,172.31.40.0-255,221,297196,77,429884
39976,0.037565,172.31.40.0-255,1120,298316,77,429884
39977,0.037605,172.31.40.0-255,1514,299830,77,429884
39978,0.037607,172.31.40.0-255,1514,301344,77,429884
39979,0.037614,172.31.40.0-255,1514,302858,77,429884
39980,0.037615,172.31.40.0-255,1514,304372,77,429884
39981,0.03766,172.31.40.0-255,1477,305849,77,429884
39982,0.037844,74.125.130.0-255,2902,308751,77,429884
39983,0.03785,172.31.40.0-255,66,308817,77,429884
39984,0.037884,74.125.130.0-255,2902,311719,77,429884
39985,0.037888,172.31.40.0-255,66,311785,77,429884
39986,0.039076,104.244.42.0-255,66,311851,77,429884
39987,0.039128,104.244.42.0-255,66,311917,77,429884
39988,0.039186,104.244.42.0-255,66,311983,77,429884
39989,0.039259,104.244.42.0-255,66,312049,77,429884
39990,0.040374,74.125.130.0-255,2902,314951,77,429884
39991,0.040379,172.31.40.0-255,66,315017,77,429884
39992,0.040416,74.125.130.0-255,2902,317919,77,429884
39993,0.040419,172.31.40.0-255,66,317985,77,429884
39994,0.042901,74.125.130.0-255,2902,320887,77,429884
39995,0.042917,172.31.40.0-255,66,320953,77,429884
39996,0.042945,74.125.130.0-255,2902,323855,77,429884
39997,0.04295,172.31.40.0-255,66,323921,77,429884
39998,0.045437,74.125.130.0-255,2902,326823,77,429884
39999,0.045442,172.31.40.0-255,66,326889,77,429884
40000,0.045479,74.125.130.0-255,2902,329791,77,429884
40001,0.045482,172.31.40.0-255,66,329857,77,429884
40002,0.047961,74.125.130.0-255,2902,332759,77,429884
40003,0.047966,172.31.40.0-255,66,332825,77,429884
40004,0.047998,74.125.130.0-255,2902,335727,77,429884
40005,0.048001,172.31.40.0-255,66,335793,77,429884
40006,0.050482,74.125.130.0-255,2902,338695,77,429884
40007,0.050489,172.31.40.0-255,66,338761,77,429884
40008,0.050524,74.125.130.0-255,2902,341663,77,429884
40009,0.050527,172.31.40.0-255,66,341729,77,429884
40010,0.053011,74.125.130.0-255,2902,344631,77,429884
40011,0.053016,172.31.40.0-255,66,344697,77,429884
40012,0.05305,74.125.130.0-255,2902,347599,77,429884
40013,0.053053,172.31.40.0-255,66,347665,77,429884
40014,0.055559,74.125.130.0-255,5738,353403,77,429884
40015,0.055564,172.31.40.0-255,66,353469,77,429884
40016,0.058086,74.125.130.0-255,2902,356371,77,429884
40017,0.058093,172.31.40.0-255,66,356437,77,429884
40018,0.058122,74.125.130.0-255,2902,359339,77,429884
40019,0.058124,172.31.40.0-255,66,359405,77,429884
40020,0.060616,74.125.130.0-255,2902,362307,77,429884
40021,0.060621,172.31.40.0-255,66,362373,77,429884
40022,0.060654,74.125.130.0-255,2902,365275,77,429884
40023,0.060657,172.31.40.0-255,66,365341,77,429884
40024,0.063152,74.125.130.0-255,4320,369661,77,429884
40025,0.063157,172.31.40.0-255,66,369727,77,429884
40026,0.063224,74.125.130.0-255,1484,371211,77,429884
40027,0.065689,74.125.130.0-255,4320,375531,77,429884
40028,0.065694,172.31.40.0-255,66,375597,77,429884
40029,0.068213,74.125.130.0-255,5738,381335,77,429884
40030,0.068218,172.31.40.0-255,66,381401,77,429884
40031,0.070734,74.125.130.0-255,5738,387139,77,429884
40032,0.07074,172.31.40.0-255,66,387205,77,429884
40033,0.073267,74.125.130.0-255,5738,392943,77,429884
40034,0.073273,172.31.40.0-255,66,393009,77,429884
40035,0.075793,74.125.130.0-255,5738,398747,77,429884
40036,0.075798,172.31.40.0-255,66,398813,77,429884
40037,0.078321,74.125.130.0-255,5738,404551,77,429884
40038,0.078326,172.31.40.0-255,66,404617,77,429884
40039,0.08085,74.125.130.0-255,5738,410355,77,429884
40040,0.080855,172.31.40.0-255,66,410421,77,429884
40041,0.083375,74.125.130.0-255,5738,416159,77,429884
40042,0.083381,172.31.40.0-255,66,416225,77,429884
40043,0.085903,74.125.130.0-255,5738,421963,77,429884
40044,0.085909,172.31.40.0-255,66,422029,77,429884
40045,0.088423,74.125.130.0-255,5738,427767,77,429884
40046,0.088428,172.31.40.0-255,66,427833,77,429884
40047,0.090944,74.125.130.0-255,1814,429647,77,429884
40048,0.090949,172.31.40.0-255,66,429713,77,429884
40049,0.091122,172.31.40.0-255,105,429818,77,429884
40050,0.093602,74.125.130.0-255,66,429884,77,429884
40051,0.0,172.217.194.0-255,153,153,77,304069
40052,2.2e-05,172.31.40.0-255,66,219,77,304069
40053,2.9e-05,172.217.194.0-255,1484,1703,77,304069
40054,3.3e-05,172.31.40.0-255,66,1769,77,304069
40055,3.9e-05,172.217.194.0-255,2902,4671,77,304069
40056,4.3e-05,172.31.40.0-255,66,4737,77,304069
40057,4.8e-05,172.217.194.0-255,2902,7639,77,304069
40058,5.1e-05,172.31.40.0-255,66,7705,77,304069
40059,7.3e-05,172.217.194.0-255,4320,12025,77,304069
40060,7.7e-05,172.31.40.0-255,66,12091,77,304069
40061,0.000194,172.217.194.0-255,9992,22083,77,304069
40062,0.000198,172.31.40.0-255,66,22149,77,304069
40063,0.000218,172.217.194.0-255,6390,28539,77,304069
40064,0.000221,172.31.40.0-255,66,28605,77,304069
40065,0.000473,172.217.194.0-255,2543,31148,77,304069
40066,0.000478,172.31.40.0-255,66,31214,77,304069
40067,0.000532,172.217.194.0-255,4320,35534,77,304069
40068,0.000536,172.31.40.0-255,66,35600,77,304069
40069,0.000559,172.217.194.0-255,13887,49487,77,304069
40070,0.000564,172.31.40.0-255,66,49553,77,304069
40071,0.000847,172.217.194.0-255,4320,53873,77,304069
40072,0.000851,172.31.40.0-255,66,53939,77,304069
40073,0.000876,172.217.194.0-255,11630,65569,77,304069
40074,0.000878,172.31.40.0-255,66,65635,77,304069
40075,0.00112,172.217.194.0-255,7156,72791,77,304069
40076,0.001125,172.31.40.0-255,66,72857,77,304069
40077,0.001151,172.217.194.0-255,9992,82849,77,304069
40078,0.001154,172.31.40.0-255,66,82915,77,304069
40079,0.001438,172.217.194.0-255,11410,94325,77,304069
40080,0.001444,172.31.40.0-255,66,94391,77,304069
40081,0.001469,172.217.194.0-255,5020,99411,77,304069
40082,0.001472,172.31.40.0-255,66,99477,77,304069
40083,0.001728,172.217.194.0-255,11410,110887,77,304069
40084,0.001787,172.217.194.0-255,1636,112523,77,304069
40085,0.002396,172.217.194.0-255,8574,121097,77,304069
40086,0.002891,172.217.194.0-255,2902,123999,77,304069
40087,0.002908,172.217.194.0-255,7156,131155,77,304069
40088,0.002953,172.217.194.0-255,6438,137593,77,304069
40089,0.003497,172.217.194.0-255,5738,143331,77,304069
40090,0.003547,172.217.194.0-255,9274,152605,77,304069
40091,0.004081,172.217.194.0-255,5738,158343,77,304069
40092,0.004101,172.217.194.0-255,9992,168335,77,304069
40093,0.004121,172.217.194.0-255,9992,178327,77,304069
40094,0.004591,172.31.40.0-255,66,178393,77,304069
40095,0.007185,172.217.194.0-255,5738,184131,77,304069
40096,0.007194,172.31.40.0-255,66,184197,77,304069
40097,0.009818,172.217.194.0-255,5738,189935,77,304069
40098,0.015155,172.31.40.0-255,66,190001,77,304069
40099,0.017739,172.217.194.0-255,5738,195739,77,304069
40100,0.017749,172.31.40.0-255,66,195805,77,304069
40101,0.020396,172.217.194.0-255,5738,201543,77,304069
40102,0.020404,172.31.40.0-255,66,201609,77,304069
40103,0.023061,172.217.194.0-255,5738,207347,77,304069
40104,0.023071,172.31.40.0-255,66,207413,77,304069
40105,0.025656,172.217.194.0-255,5738,213151,77,304069
40106,0.025664,172.31.40.0-255,66,213217,77,304069
40107,0.028331,172.217.194.0-255,5738,218955,77,304069
40108,0.028342,172.31.40.0-255,66,219021,77,304069
40109,0.030965,172.217.194.0-255,5738,224759,77,304069
40110,0.030973,172.31.40.0-255,66,224825,77,304069
40111,0.033613,172.217.194.0-255,5738,230563,77,304069
40112,0.033623,172.31.40.0-255,66,230629,77,304069
40113,0.036255,172.217.194.0-255,5738,236367,77,304069
40114,0.036266,172.31.40.0-255,66,236433,77,304069
40115,0.038878,172.217.194.0-255,5738,242171,77,304069
40116,0.038885,172.31.40.0-255,66,242237,77,304069
40117,0.041482,172.217.194.0-255,5738,247975,77,304069
40118,0.041492,172.31.40.0-255,66,248041,77,304069
40119,0.044101,172.217.194.0-255,4320,252361,77,304069
40120,0.044119,172.31.40.0-255,66,252427,77,304069
40121,0.044141,172.217.194.0-255,1484,253911,77,304069
40122,0.04671,172.217.194.0-255,4320,258231,77,304069
40123,0.046719,172.31.40.0-255,66,258297,77,304069
40124,0.04937,172.217.194.0-255,5738,264035,77,304069
40125,0.049477,172.31.40.0-255,66,264101,77,304069
40126,0.052086,172.217.194.0-255,5738,269839,77,304069
40127,0.052094,172.31.40.0-255,66,269905,77,304069
40128,0.052959,172.31.40.0-255,172,270077,77,304069
40129,0.052991,172.31.40.0-255,1121,271198,77,304069
40130,0.053054,172.31.40.0-255,1514,272712,77,304069
40131,0.053056,172.31.40.0-255,1514,274226,77,304069
40132,0.053057,172.31.40.0-255,585,274811,77,304069
40133,0.054493,104.244.42.0-255,66,274877,77,304069
40134,0.054523,104.244.42.0-255,66,274943,77,304069
40135,0.054632,104.244.42.0-255,66,275009,77,304069
40136,0.054637,104.244.42.0-255,66,275075,77,304069
40137,0.054722,172.217.194.0-255,5738,280813,77,304069
40138,0.054731,172.31.40.0-255,66,280879,77,304069
40139,0.057345,172.217.194.0-255,5738,286617,77,304069
40140,0.057361,172.31.40.0-255,66,286683,77,304069
40141,0.059993,172.217.194.0-255,5738,292421,77,304069
40142,0.060012,172.31.40.0-255,66,292487,77,304069
40143,0.062645,172.217.194.0-255,5738,298225,77,304069
40144,0.062665,172.31.40.0-255,66,298291,77,304069
40145,0.065246,172.217.194.0-255,5541,303832,77,304069
40146,0.065263,172.31.40.0-255,66,303898,77,304069
40147,0.06556,172.31.40.0-255,105,304003,77,304069
40148,0.068122,172.217.194.0-255,66,304069,77,304069
40149,0.0,74.125.68.0-255,153,153,77,412383
40150,1.5e-05,172.31.40.0-255,66,219,77,412383
40151,2.2e-05,74.125.68.0-255,1484,1703,77,412383
40152,2.7e-05,172.31.40.0-255,66,1769,77,412383
40153,4.8e-05,74.125.68.0-255,2902,4671,77,412383
40154,5.1e-05,172.31.40.0-255,66,4737,77,412383
40155,6.7e-05,74.125.68.0-255,4320,9057,77,412383
40156,7.1e-05,172.31.40.0-255,66,9123,77,412383
40157,9e-05,74.125.68.0-255,1484,10607,77,412383
40158,9.2e-05,172.31.40.0-255,66,10673,77,412383
40159,9.6e-05,74.125.68.0-255,1484,12157,77,412383
40160,9.8e-05,172.31.40.0-255,66,12223,77,412383
40161,0.000137,74.125.68.0-255,5738,17961,77,412383
40162,0.000139,172.31.40.0-255,66,18027,77,412383
40163,0.000162,74.125.68.0-255,3526,21553,77,412383
40164,0.000164,172.31.40.0-255,66,21619,77,412383
40165,0.00017,74.125.68.0-255,4320,25939,77,412383
40166,0.000172,172.31.40.0-255,66,26005,77,412383
40167,0.000206,74.125.68.0-255,5379,31384,77,412383
40168,0.000209,172.31.40.0-255,66,31450,77,412383
40169,0.000514,74.125.68.0-255,1484,32934,77,412383
40170,0.00052,172.31.40.0-255,66,33000,77,412383
40171,0.000527,74.125.68.0-255,2902,35902,77,412383
40172,0.00053,172.31.40.0-255,66,35968,77,412383
40173,0.000532,74.125.68.0-255,1484,37452,77,412383
40174,0.000535,172.31.40.0-255,66,37518,77,412383
40175,0.000541,74.125.68.0-255,2902,40420,77,412383
40176,0.000544,172.31.40.0-255,66,40486,77,412383
40177,0.000574,74.125.68.0-255,5738,46224,77,412383
40178,0.000578,172.31.40.0-255,66,46290,77,412383
40179,0.000581,74.125.68.0-255,1484,47774,77,412383
40180,0.000583,172.31.40.0-255,66,47840,77,412383
40181,0.000647,74.125.68.0-255,2902,50742,77,412383
40182,0.00065,172.31.40.0-255,66,50808,77,412383
40183,0.000672,74.125.68.0-255,6797,57605,77,412383
40184,0.000674,172.31.40.0-255,66,57671,77,412383
40185,0.000702,74.125.68.0-255,7156,64827,77,412383
40186,0.000705,172.31.40.0-255,66,64893,77,412383
40187,0.000724,74.125.68.0-255,1436,66329,77,412383
40188,0.001015,172.31.40.0-255,66,66395,77,412383
40189,0.001108,74.125.68.0-255,110,66505,77,412383
40190,0.001637,74.125.68.0-255,1484,67989,77,412383
40191,0.001644,172.31.40.0-255,66,68055,77,412383
40192,0.001649,74.125.68.0-255,1484,69539,77,412383
40193,0.001654,74.125.68.0-255,2902,72441,77,412383
40194,0.001656,172.31.40.0-255,66,72507,77,412383
40195,0.001684,74.125.68.0-255,5738,78245,77,412383
40196,0.001686,172.31.40.0-255,66,78311,77,412383
40197,0.0017,74.125.68.0-255,4320,82631,77,412383
40198,0.001702,172.31.40.0-255,66,82697,77,412383
40199,0.001717,74.125.68.0-255,1484,84181,77,412383
40200,0.001725,74.125.68.0-255,7156,91337,77,412383
40201,0.001727,172.31.40.0-255,66,91403,77,412383
40202,0.00178,74.125.68.0-255,9274,100677,77,412383
40203,0.001783,172.31.40.0-255,66,100743,77,412383
40204,0.001974,74.125.68.0-255,1484,102227,77,412383
40205,0.001993,74.125.68.0-255,2902,105129,77,412383
40206,0.001997,172.31.40.0-255,66,105195,77,412383
40207,0.002003,74.125.68.0-255,4320,109515,77,412383
40208,0.002005,172.31.40.0-255,66,109581,77,412383
40209,0.002019,74.125.68.0-255,1484,111065,77,412383
40210,0.002045,74.125.68.0-255,5738,116803,77,412383
40211,0.002048,172.31.40.0-255,66,116869,77,412383
40212,0.00206,74.125.68.0-255,1484,118353,77,412383
40213,0.002065,74.125.68.0-255,4320,122673,77,412383
40214,0.002067,172.31.40.0-255,66,122739,77,412383
40215,0.002071,74.125.68.0-255,1484,124223,77,412383
40216,0.002103,74.125.68.0-255,4320,128543,77,412383
40217,0.002105,172.31.40.0-255,66,128609,77,412383
40218,0.00211,74.125.68.0-255,4320,132929,77,412383
40219,0.002113,172.31.40.0-255,66,132995,77,412383
40220,0.002126,74.125.68.0-255,1484,134479,77,412383
40221,0.002161,74.125.68.0-255,5020,139499,77,412383
40222,0.002164,172.31.40.0-255,66,139565,77,412383
40223,0.002181,74.125.68.0-255,1484,141049,77,412383
40224,0.002206,74.125.68.0-255,4320,145369,77,412383
40225,0.002208,172.31.40.0-255,66,145435,77,412383
40226,0.002213,74.125.68.0-255,2902,148337,77,412383
40227,0.002215,172.31.40.0-255,66,148403,77,412383
40228,0.002219,74.125.68.0-255,1484,149887,77,412383
40229,0.002243,74.125.68.0-255,2902,152789,77,412383
40230,0.002245,172.31.40.0-255,66,152855,77,412383
40231,0.002271,74.125.68.0-255,7156,160011,77,412383
40232,0.002273,172.31.40.0-255,66,160077,77,412383
40233,0.002303,74.125.68.0-255,8574,168651,77,412383
40234,0.002305,172.31.40.0-255,66,168717,77,412383
40235,0.002308,74.125.68.0-255,766,169483,77,412383
40236,0.002384,74.125.68.0-255,1484,170967,77,412383
40237,0.002386,172.31.40.0-255,66,171033,77,412383
40238,0.002405,74.125.68.0-255,1484,172517,77,412383
40239,0.002421,74.125.68.0-255,1484,174001,77,412383
40240,0.002423,172.31.40.0-255,66,174067,77,412383
40241,0.002426,74.125.68.0-255,1484,175551,77,412383
40242,0.002446,74.125.68.0-255,2902,178453,77,412383
40243,0.002448,172.31.40.0-255,66,178519,77,412383
40244,0.002454,74.125.68.0-255,4320,182839,77,412383
40245,0.002456,172.31.40.0-255,66,182905,77,412383
40246,0.002471,74.125.68.0-255,2902,185807,77,412383
40247,0.002474,172.31.40.0-255,66,185873,77,412383
40248,0.002493,74.125.68.0-255,1484,187357,77,412383
40249,0.002514,74.125.68.0-255,5738,193095,77,412383
40250,0.002517,172.31.40.0-255,66,193161,77,412383
40251,0.005005,74.125.68.0-255,5738,198899,77,412383
40252,0.005009,172.31.40.0-255,66,198965,77,412383
40253,0.007505,74.125.68.0-255,5738,204703,77,412383
40254,0.007511,172.31.40.0-255,66,204769,77,412383
40255,0.010003,74.125.68.0-255,4320,209089,77,412383
40256,0.01001,172.31.40.0-255,66,209155,77,412383
40257,0.010031,74.125.68.0-255,1484,210639,77,412383
40258,0.012512,74.125.68.0-255,4320,214959,77,412383
40259,0.012524,172.31.40.0-255,66,215025,77,412383
40260,0.015018,74.125.68.0-255,5738,220763,77,412383
40261,0.015027,172.31.40.0-255,66,220829,77,412383
40262,0.017541,74.125.68.0-255,5738,226567,77,412383
40263,0.017552,172.31.40.0-255,66,226633,77,412383
40264,0.020046,74.125.68.0-255,5738,232371,77,412383
40265,0.020055,172.31.40.0-255,66,232437,77,412383
40266,0.022557,74.125.68.0-255,5738,238175,77,412383
40267,0.022564,172.31.40.0-255,66,238241,77,412383
40268,0.025062,74.125.68.0-255,5738,243979,77,412383
40269,0.02507,172.31.40.0-255,66,244045,77,412383
40270,0.027563,74.125.68.0-255,5738,249783,77,412383
40271,0.027575,172.31.40.0-255,66,249849,77,412383
40272,0.030084,74.125.68.0-255,5738,255587,77,412383
40273,0.030095,172.31.40.0-255,66,255653,77,412383
40274,0.032604,74.125.68.0-255,5738,261391,77,412383
40275,0.032622,172.31.40.0-255,66,261457,77,412383
40276,0.035119,74.125.68.0-255,5738,267195,77,412383
40277,0.035135,172.31.40.0-255,66,267261,77,412383
40278,0.037649,74.125.68.0-255,5738,272999,77,412383
40279,0.037673,172.31.40.0-255,66,273065,77,412383
40280,0.040222,74.125.68.0-255,5738,278803,77,412383
40281,0.040231,172.31.40.0-255,66,278869,77,412383
40282,0.042739,74.125.68.0-255,5738,284607,77,412383
40283,0.042753,172.31.40.0-255,66,284673,77,412383
40284,0.045262,74.125.68.0-255,5738,290411,77,412383
40285,0.045283,172.31.40.0-255,66,290477,77,412383
40286,0.04779,74.125.68.0-255,5738,296215,77,412383
40287,0.047801,172.31.40.0-255,66,296281,77,412383
40288,0.049846,172.31.40.0-255,176,296457,77,412383
40289,0.04988,172.31.40.0-255,1066,297523,77,412383
40290,0.050283,74.125.68.0-255,4320,301843,77,412383
40291,0.050292,172.31.40.0-255,66,301909,77,412383
40292,0.050313,74.125.68.0-255,1484,303393,77,412383
40293,0.051427,104.244.42.0-255,66,303459,77,412383
40294,0.051435,104.244.42.0-255,66,303525,77,412383
40295,0.052804,74.125.68.0-255,4320,307845,77,412383
40296,0.052816,172.31.40.0-255,66,307911,77,412383
40297,0.05532,74.125.68.0-255,5738,313649,77,412383
40298,0.055341,172.31.40.0-255,66,313715,77,412383
40299,0.057869,74.125.68.0-255,5738,319453,77,412383
40300,0.057887,172.31.40.0-255,66,319519,77,412383
40301,0.06039,74.125.68.0-255,5738,325257,77,412383
40302,0.060408,172.31.40.0-255,66,325323,77,412383
40303,0.062907,74.125.68.0-255,5738,331061,77,412383
40304,0.062927,172.31.40.0-255,66,331127,77,412383
40305,0.065429,74.125.68.0-255,5738,336865,77,412383
40306,0.065449,172.31.40.0-255,66,336931,77,412383
40307,0.067945,74.125.68.0-255,5738,342669,77,412383
40308,0.067963,172.31.40.0-255,66,342735,77,412383
40309,0.070458,74.125.68.0-255,5738,348473,77,412383
40310,0.070466,172.31.40.0-255,66,348539,77,412383
40311,0.072967,74.125.68.0-255,5738,354277,77,412383
40312,0.072978,172.31.40.0-255,66,354343,77,412383
40313,0.075493,74.125.68.0-255,5738,360081,77,412383
40314,0.075512,172.31.40.0-255,66,360147,77,412383
40315,0.078014,74.125.68.0-255,5738,365885,77,412383
40316,0.07803,172.31.40.0-255,66,365951,77,412383
40317,0.080541,74.125.68.0-255,5738,371689,77,412383
40318,0.080566,172.31.40.0-255,66,371755,77,412383
40319,0.083078,74.125.68.0-255,5738,377493,77,412383
40320,0.083097,172.31.40.0-255,66,377559,77,412383
40321,0.085613,74.125.68.0-255,5738,383297,77,412383
40322,0.085632,172.31.40.0-255,66,383363,77,412383
40323,0.088144,74.125.68.0-255,5738,389101,77,412383
40324,0.088162,172.31.40.0-255,66,389167,77,412383
40325,0.090664,74.125.68.0-255,5738,394905,77,412383
40326,0.090674,172.31.40.0-255,66,394971,77,412383
40327,0.09317,74.125.68.0-255,5738,400709,77,412383
40328,0.093178,172.31.40.0-255,66,400775,77,412383
40329,0.095678,74.125.68.0-255,5738,406513,77,412383
40330,0.095686,172.31.40.0-255,66,406579,77,412383
40331,0.098183,74.125.68.0-255,5738,412317,77,412383
40332,0.098191,172.31.40.0-255,66,412383,77,412383
40333,0.0,74.125.24.0-255,153,153,77,356772
40334,2e-05,172.31.40.0-255,66,219,77,356772
40335,2.6e-05,74.125.24.0-255,1484,1703,77,356772
40336,3e-05,172.31.40.0-255,66,1769,77,356772
40337,3.5e-05,74.125.24.0-255,2902,4671,77,356772
40338,5.7e-05,172.31.40.0-255,66,4737,77,356772
40339,6.2e-05,74.125.24.0-255,2902,7639,77,356772
40340,6.4e-05,172.31.40.0-255,66,7705,77,356772
40341,6.9e-05,74.125.24.0-255,4320,12025,77,356772
40342,7.1e-05,172.31.40.0-255,66,12091,77,356772
40343,7.5e-05,74.125.24.0-255,2902,14993,77,356772
40344,7.7e-05,172.31.40.0-255,66,15059,77,356772
40345,0.000112,74.125.24.0-255,6282,21341,77,356772
40346,0.000115,172.31.40.0-255,66,21407,77,356772
40347,0.000121,74.125.24.0-255,7156,28563,77,356772
40348,0.000124,172.31.40.0-255,66,28629,77,356772
40349,0.000139,74.125.24.0-255,2543,31172,77,356772
40350,0.000141,172.31.40.0-255,66,31238,77,356772
40351,0.000189,74.125.24.0-255,1484,32722,77,356772
40352,0.000191,172.31.40.0-255,66,32788,77,356772
40353,0.000195,74.125.24.0-255,1484,34272,77,356772
40354,0.000196,172.31.40.0-255,66,34338,77,356772
40355,0.000222,74.125.24.0-255,1484,35822,77,356772
40356,0.000228,172.31.40.0-255,66,35888,77,356772
40357,0.000234,74.125.24.0-255,5738,41626,77,356772
40358,0.000236,172.31.40.0-255,66,41692,77,356772
40359,0.000239,74.125.24.0-255,2902,44594,77,356772
40360,0.000241,172.31.40.0-255,66,44660,77,356772
40361,0.000272,74.125.24.0-255,9633,54293,77,356772
40362,0.000274,172.31.40.0-255,66,54359,77,356772
40363,0.000295,74.125.24.0-255,5738,60097,77,356772
40364,0.000297,172.31.40.0-255,66,60163,77,356772
40365,0.000326,74.125.24.0-255,5735,65898,77,356772
40366,0.000328,172.31.40.0-255,66,65964,77,356772
40367,0.000331,74.125.24.0-255,331,66295,77,356772
40368,0.00045,74.125.24.0-255,1484,67779,77,356772
40369,0.000453,172.31.40.0-255,66,67845,77,356772
40370,0.00049,74.125.24.0-255,2902,70747,77,356772
40371,0.000492,172.31.40.0-255,66,70813,77,356772
40372,0.000498,74.125.24.0-255,5738,76551,77,356772
40373,0.0005,172.31.40.0-255,66,76617,77,356772
40374,0.000504,74.125.24.0-255,4320,80937,77,356772
40375,0.000506,172.31.40.0-255,66,81003,77,356772
40376,0.000509,74.125.24.0-255,1484,82487,77,356772
40377,0.000542,74.125.24.0-255,11051,93538,77,356772
40378,0.000545,172.31.40.0-255,66,93604,77,356772
40379,0.000551,74.125.24.0-255,6797,100401,77,356772
40380,0.000553,172.31.40.0-255,66,100467,77,356772
40381,0.000942,74.125.24.0-255,1484,101951,77,356772
40382,0.000948,74.125.24.0-255,2902,104853,77,356772
40383,0.00095,172.31.40.0-255,66,104919,77,356772
40384,0.000991,74.125.24.0-255,5738,110657,77,356772
40385,0.000993,172.31.40.0-255,66,110723,77,356772
40386,0.001,74.125.24.0-255,8574,119297,77,356772
40387,0.001001,172.31.40.0-255,66,119363,77,356772
40388,0.001021,74.125.24.0-255,4320,123683,77,356772
40389,0.001026,172.31.40.0-255,66,123749,77,356772
40390,0.001041,74.125.24.0-255,2902,126651,77,356772
40391,0.001043,172.31.40.0-255,66,126717,77,356772
40392,0.00108,74.125.24.0-255,7856,134573,77,356772
40393,0.001082,172.31.40.0-255,66,134639,77,356772
40394,0.001085,74.125.24.0-255,1484,136123,77,356772
40395,0.001089,74.125.24.0-255,2902,139025,77,356772
40396,0.001091,172.31.40.0-255,66,139091,77,356772
40397,0.00112,74.125.24.0-255,5738,144829,77,356772
40398,0.001122,172.31.40.0-255,66,144895,77,356772
40399,0.001156,74.125.24.0-255,12828,157723,77,356772
40400,0.001159,172.31.40.0-255,66,157789,77,356772
40401,0.001167,74.125.24.0-255,9992,167781,77,356772
40402,0.001169,172.31.40.0-255,66,167847,77,356772
40403,0.001192,74.125.24.0-255,766,168613,77,356772
40404,0.001247,74.125.24.0-255,1484,170097,77,356772
40405,0.00125,172.31.40.0-255,66,170163,77,356772
40406,0.001254,74.125.24.0-255,2902,173065,77,356772
40407,0.001256,172.31.40.0-255,66,173131,77,356772
40408,0.001286,74.125.24.0-255,5738,178869,77,356772
40409,0.001288,172.31.40.0-255,66,178935,77,356772
40410,0.001297,74.125.24.0-255,9992,188927,77,356772
40411,0.001298,172.31.40.0-255,66,188993,77,356772
40412,0.001323,74.125.24.0-255,2902,191895,77,356772
40413,0.001328,172.31.40.0-255,66,191961,77,356772
40414,0.001335,74.125.24.0-255,8574,200535,77,356772
40415,0.001337,172.31.40.0-255,66,200601,77,356772
40416,0.001356,74.125.24.0-255,2184,202785,77,356772
40417,0.001362,172.31.40.0-255,66,202851,77,356772
40418,0.001391,74.125.24.0-255,2902,205753,77,356772
40419,0.001394,172.31.40.0-255,66,205819,77,356772
40420,0.001397,74.125.24.0-255,2902,208721,77,356772
40421,0.001399,172.31.40.0-255,66,208787,77,356772
40422,0.001404,74.125.24.0-255,2902,211689,77,356772
40423,0.001405,172.31.40.0-255,66,211755,77,356772
40424,0.001419,74.125.24.0-255,1484,213239,77,356772
40425,0.001424,74.125.24.0-255,4320,217559,77,356772
40426,0.001426,172.31.40.0-255,66,217625,77,356772
40427,0.001457,74.125.24.0-255,4320,221945,77,356772
40428,0.00146,172.31.40.0-255,66,222011,77,356772
40429,0.001469,74.125.24.0-255,11410,233421,77,356772
40430,0.001472,172.31.40.0-255,66,233487,77,356772
40431,0.001502,74.125.24.0-255,3602,237089,77,356772
40432,0.001505,172.31.40.0-255,66,237155,77,356772
40433,0.001519,172.31.40.0-255,66,237221,77,356772
40434,0.001537,172.31.40.0-255,66,237287,77,356772
40435,0.001565,74.125.24.0-255,3602,240889,77,356772
40436,0.001568,172.31.40.0-255,66,240955,77,356772
40437,0.001591,74.125.24.0-255,1484,242439,77,356772
40438,0.001596,74.125.24.0-255,2902,245341,77,356772
40439,0.001599,172.31.40.0-255,66,245407,77,356772
40440,0.001629,74.125.24.0-255,4320,249727,77,356772
40441,0.001631,172.31.40.0-255,66,249793,77,356772
40442,0.001635,74.125.24.0-255,2902,252695,77,356772
40443,0.001637,172.31.40.0-255,66,252761,77,356772
40444,0.001664,74.125.24.0-255,5738,258499,77,356772
40445,0.001666,172.31.40.0-255,66,258565,77,356772
40446,0.001704,74.125.24.0-255,8574,267139,77,356772
40447,0.001706,172.31.40.0-255,66,267205,77,356772
40448,0.001726,74.125.24.0-255,4320,271525,77,356772
40449,0.001728,172.31.40.0-255,66,271591,77,356772
40450,0.001732,74.125.24.0-255,3602,275193,77,356772
40451,0.001734,172.31.40.0-255,66,275259,77,356772
40452,0.00178,74.125.24.0-255,1484,276743,77,356772
40453,0.001799,74.125.24.0-255,2902,279645,77,356772
40454,0.001802,172.31.40.0-255,66,279711,77,356772
40455,0.001806,74.125.24.0-255,2902,282613,77,356772
40456,0.001807,172.31.40.0-255,66,282679,77,356772
40457,0.001837,74.125.24.0-255,2902,285581,77,356772
40458,0.00184,172.31.40.0-255,66,285647,77,356772
40459,0.001847,74.125.24.0-255,7156,292803,77,356772
40460,0.001849,172.31.40.0-255,66,292869,77,356772
40461,0.001855,74.125.24.0-255,7156,300025,77,356772
40462,0.001858,172.31.40.0-255,66,300091,77,356772
40463,0.001889,74.125.24.0-255,7156,307247,77,356772
40464,0.001892,172.31.40.0-255,66,307313,77,356772
40465,0.001897,74.125.24.0-255,5020,312333,77,356772
40466,0.001899,172.31.40.0-255,66,312399,77,356772
40467,0.001905,74.125.24.0-255,5738,318137,77,356772
40468,0.001907,172.31.40.0-255,66,318203,77,356772
40469,0.001958,74.125.24.0-255,9274,327477,77,356772
40470,0.001977,74.125.24.0-255,2902,330379,77,356772
40471,0.001984,172.31.40.0-255,66,330445,77,356772
40472,0.002027,74.125.24.0-255,5738,336183,77,356772
40473,0.002047,172.31.40.0-255,66,336249,77,356772
40474,0.002057,74.125.24.0-255,10692,346941,77,356772
40475,0.002069,74.125.24.0-255,2571,349512,77,356772
40476,0.002075,172.31.40.0-255,66,349578,77,356772
40477,0.002099,74.125.24.0-255,105,349683,77,356772
40478,0.003991,172.31.40.0-255,66,349749,77,356772
40479,0.004023,172.31.40.0-255,105,349854,77,356772
40480,0.006634,74.125.24.0-255,66,349920,77,356772
40481,0.055082,172.31.40.0-255,172,350092,77,356772
40482,0.055114,172.31.40.0-255,1120,351212,77,356772
40483,0.055201,172.31.40.0-255,1514,352726,77,356772
40484,0.055204,172.31.40.0-255,1514,354240,77,356772
40485,0.055208,172.31.40.0-255,1514,355754,77,356772
40486,0.05521,172.31.40.0-255,754,356508,77,356772
40487,0.056576,104.244.42.0-255,66,356574,77,356772
40488,0.056595,104.244.42.0-255,66,356640,77,356772
40489,0.05671,104.244.42.0-255,66,356706,77,356772
40490,0.056717,104.244.42.0-255,66,356772,77,356772
40491,0.0,74.125.68.0-255,291,291,77,424079
40492,2.2e-05,172.31.40.0-255,66,357,77,424079
40493,2.9e-05,74.125.68.0-255,1484,1841,77,424079
40494,3.3e-05,172.31.40.0-255,66,1907,77,424079
40495,4e-05,74.125.68.0-255,4320,6227,77,424079
40496,5.1e-05,172.31.40.0-255,66,6293,77,424079
40497,5.9e-05,74.125.68.0-255,7156,13449,77,424079
40498,6.2e-05,172.31.40.0-255,66,13515,77,424079
40499,8.5e-05,74.125.68.0-255,7542,21057,77,424079
40500,9.2e-05,172.31.40.0-255,66,21123,77,424079
40501,9.9e-05,74.125.68.0-255,5738,26861,77,424079
40502,0.000102,172.31.40.0-255,66,26927,77,424079
40503,0.000131,74.125.68.0-255,1484,28411,77,424079
40504,0.000134,172.31.40.0-255,66,28477,77,424079
40505,0.000155,74.125.68.0-255,2543,31020,77,424079
40506,0.000158,172.31.40.0-255,66,31086,77,424079
40507,0.000463,74.125.68.0-255,1484,32570,77,424079
40508,0.000468,172.31.40.0-255,66,32636,77,424079
40509,0.000475,74.125.68.0-255,2902,35538,77,424079
40510,0.000478,172.31.40.0-255,66,35604,77,424079
40511,0.000481,74.125.68.0-255,1484,37088,77,424079
40512,0.000483,172.31.40.0-255,66,37154,77,424079
40513,0.000513,74.125.68.0-255,4320,41474,77,424079
40514,0.000517,172.31.40.0-255,66,41540,77,424079
40515,0.000525,74.125.68.0-255,2902,44442,77,424079
40516,0.000527,172.31.40.0-255,66,44508,77,424079
40517,0.000533,74.125.68.0-255,4320,48828,77,424079
40518,0.000535,172.31.40.0-255,66,48894,77,424079
40519,0.000538,74.125.68.0-255,1484,50378,77,424079
40520,0.00054,172.31.40.0-255,66,50444,77,424079
40521,0.00058,74.125.68.0-255,7156,57600,77,424079
40522,0.000587,172.31.40.0-255,66,57666,77,424079
40523,0.000594,74.125.68.0-255,5738,63404,77,424079
40524,0.000635,74.125.68.0-255,2184,65588,77,424079
40525,0.000637,74.125.68.0-255,356,65944,77,424079
40526,0.000658,172.31.40.0-255,66,66010,77,424079
40527,0.000684,74.125.68.0-255,1484,67494,77,424079
40528,0.000706,74.125.68.0-255,2902,70396,77,424079
40529,0.000712,172.31.40.0-255,66,70462,77,424079
40530,0.000721,74.125.68.0-255,1484,71946,77,424079
40531,0.000728,74.125.68.0-255,4320,76266,77,424079
40532,0.000744,74.125.68.0-255,1484,77750,77,424079
40533,0.000759,74.125.68.0-255,1484,79234,77,424079
40534,0.000775,74.125.68.0-255,9992,89226,77,424079
40535,0.00078,74.125.68.0-255,2902,92128,77,424079
40536,0.000788,172.31.40.0-255,66,92194,77,424079
40537,0.000797,74.125.68.0-255,2902,95096,77,424079
40538,0.000806,172.31.40.0-255,66,95162,77,424079
40539,0.000833,74.125.68.0-255,4320,99482,77,424079
40540,0.000847,74.125.68.0-255,766,100248,77,424079
40541,0.000849,74.125.68.0-255,386,100634,77,424079
40542,0.000852,172.31.40.0-255,66,100700,77,424079
40543,0.001139,74.125.68.0-255,1484,102184,77,424079
40544,0.001144,172.31.40.0-255,66,102250,77,424079
40545,0.00115,74.125.68.0-255,2902,105152,77,424079
40546,0.00116,172.31.40.0-255,66,105218,77,424079
40547,0.001194,74.125.68.0-255,2902,108120,77,424079
40548,0.0012,74.125.68.0-255,4320,112440,77,424079
40549,0.001206,74.125.68.0-255,5738,118178,77,424079
40550,0.001211,172.31.40.0-255,66,118244,77,424079
40551,0.001242,74.125.68.0-255,2902,121146,77,424079
40552,0.001249,74.125.68.0-255,5738,126884,77,424079
40553,0.001256,74.125.68.0-255,7156,134040,77,424079
40554,0.001259,74.125.68.0-255,766,134806,77,424079
40555,0.001267,172.31.40.0-255,66,134872,77,424079
40556,0.001626,74.125.68.0-255,1484,136356,77,424079
40557,0.001648,74.125.68.0-255,2902,139258,77,424079
40558,0.001652,172.31.40.0-255,66,139324,77,424079
40559,0.001666,74.125.68.0-255,1484,140808,77,424079
40560,0.001692,74.125.68.0-255,4320,145128,77,424079
40561,0.001696,74.125.68.0-255,2902,148030,77,424079
40562,0.001702,74.125.68.0-255,5738,153768,77,424079
40563,0.001721,172.31.40.0-255,66,153834,77,424079
40564,0.001727,74.125.68.0-255,4320,158154,77,424079
40565,0.001731,74.125.68.0-255,2902,161056,77,424079
40566,0.001763,74.125.68.0-255,5738,166794,77,424079
40567,0.00177,172.31.40.0-255,66,166860,77,424079
40568,0.001782,74.125.68.0-255,2184,169044,77,424079
40569,0.001811,74.125.68.0-255,1484,170528,77,424079
40570,0.001815,172.31.40.0-255,66,170594,77,424079
40571,0.001822,74.125.68.0-255,1484,172078,77,424079
40572,0.001824,74.125.68.0-255,1484,173562,77,424079
40573,0.00183,172.31.40.0-255,66,173628,77,424079
40574,0.001864,74.125.68.0-255,2902,176530,77,424079
40575,0.001871,74.125.68.0-255,5738,182268,77,424079
40576,0.001876,74.125.68.0-255,4320,186588,77,424079
40577,0.001883,172.31.40.0-255,66,186654,77,424079
40578,0.001902,74.125.68.0-255,7156,193810,77,424079
40579,0.001916,172.31.40.0-255,66,193876,77,424079
40580,0.001949,74.125.68.0-255,7156,201032,77,424079
40581,0.001965,74.125.68.0-255,2184,203216,77,424079
40582,0.001976,172.31.40.0-255,66,203282,77,424079
40583,0.002004,74.125.68.0-255,1484,204766,77,424079
40584,0.002022,74.125.68.0-255,2902,207668,77,424079
40585,0.002028,172.31.40.0-255,66,207734,77,424079
40586,0.002053,74.125.68.0-255,5738,213472,77,424079
40587,0.002069,172.31.40.0-255,66,213538,77,424079
40588,0.002102,74.125.68.0-255,7156,220694,77,424079
40589,0.002117,172.31.40.0-255,66,220760,77,424079
40590,0.002122,74.125.68.0-255,4320,225080,77,424079
40591,0.00215,74.125.68.0-255,1484,226564,77,424079
40592,0.002156,74.125.68.0-255,4320,230884,77,424079
40593,0.002167,172.31.40.0-255,66,230950,77,424079
40594,0.002174,74.125.68.0-255,6438,237388,77,424079
40595,0.002189,172.31.40.0-255,66,237454,77,424079
40596,0.002215,74.125.68.0-255,1484,238938,77,424079
40597,0.002219,74.125.68.0-255,1484,240422,77,424079
40598,0.002235,74.125.68.0-255,1484,241906,77,424079
40599,0.002237,74.125.68.0-255,1484,243390,77,424079
40600,0.002242,172.31.40.0-255,66,243456,77,424079
40601,0.002291,74.125.68.0-255,4320,247776,77,424079
40602,0.002302,74.125.68.0-255,1484,249260,77,424079
40603,0.002315,74.125.68.0-255,7156,256416,77,424079
40604,0.002344,74.125.68.0-255,5738,262154,77,424079
40605,0.002349,74.125.68.0-255,4320,266474,77,424079
40606,0.00237,74.125.68.0-255,4320,270794,77,424079
40607,0.002386,74.125.68.0-255,766,271560,77,424079
40608,0.002424,74.125.68.0-255,1484,273044,77,424079
40609,0.002441,74.125.68.0-255,2902,275946,77,424079
40610,0.002463,74.125.68.0-255,4320,280266,77,424079
40611,0.002467,74.125.68.0-255,1484,281750,77,424079
40612,0.002484,74.125.68.0-255,5738,287488,77,424079
40613,0.002502,74.125.68.0-255,1484,288972,77,424079
40614,0.002509,74.125.68.0-255,7156,296128,77,424079
40615,0.002523,74.125.68.0-255,4320,300448,77,424079
40616,0.002541,74.125.68.0-255,4320,304768,77,424079
40617,0.002544,74.125.68.0-255,766,305534,77,424079
40618,0.002614,74.125.68.0-255,1484,307018,77,424079
40619,0.00262,74.125.68.0-255,2902,309920,77,424079
40620,0.002623,74.125.68.0-255,1484,311404,77,424079
40621,0.008428,172.31.40.0-255,66,311470,77,424079
40622,0.011048,74.125.68.0-255,5738,317208,77,424079
40623,0.011059,172.31.40.0-255,66,317274,77,424079
40624,0.013661,74.125.68.0-255,5738,323012,77,424079
40625,0.013668,172.31.40.0-255,66,323078,77,424079
40626,0.01629,74.125.68.0-255,5738,328816,77,424079
40627,0.01802,172.31.40.0-255,66,328882,77,424079
40628,0.020638,74.125.68.0-255,5738,334620,77,424079
40629,0.02065,172.31.40.0-255,66,334686,77,424079
40630,0.023253,74.125.68.0-255,5738,340424,77,424079
40631,0.023263,172.31.40.0-255,66,340490,77,424079
40632,0.025862,74.125.68.0-255,5738,346228,77,424079
40633,0.025871,172.31.40.0-255,66,346294,77,424079
40634,0.028479,74.125.68.0-255,5738,352032,77,424079
40635,0.028487,172.31.40.0-255,66,352098,77,424079
40636,0.031097,74.125.68.0-255,5738,357836,77,424079
40637,0.031107,172.31.40.0-255,66,357902,77,424079
40638,0.033723,74.125.68.0-255,5738,363640,77,424079
40639,0.033732,172.31.40.0-255,66,363706,77,424079
40640,0.036343,74.125.68.0-255,5738,369444,77,424079
40641,0.036351,172.31.40.0-255,66,369510,77,424079
40642,0.038574,172.31.40.0-255,172,369682,77,424079
40643,0.038945,74.125.68.0-255,5738,375420,77,424079
40644,0.038952,172.31.40.0-255,66,375486,77,424079
40645,0.039142,172.31.40.0-255,1120,376606,77,424079
40646,0.039216,172.31.40.0-255,1514,378120,77,424079
40647,0.039217,172.31.40.0-255,1514,379634,77,424079
40648,0.039224,172.31.40.0-255,1514,381148,77,424079
40649,0.039225,172.31.40.0-255,1514,382662,77,424079
40650,0.039243,172.31.40.0-255,1477,384139,77,424079
40651,0.040146,104.244.42.0-255,66,384205,77,424079
40652,0.040678,104.244.42.0-255,66,384271,77,424079
40653,0.040815,104.244.42.0-255,66,384337,77,424079
40654,0.041572,74.125.68.0-255,5738,390075,77,424079
40655,0.041579,172.31.40.0-255,66,390141,77,424079
40656,0.044196,74.125.68.0-255,5738,395879,77,424079
40657,0.044203,172.31.40.0-255,66,395945,77,424079
40658,0.046808,74.125.68.0-255,5738,401683,77,424079
40659,0.046814,172.31.40.0-255,66,401749,77,424079
40660,0.049421,74.125.68.0-255,5738,407487,77,424079
40661,0.049426,172.31.40.0-255,66,407553,77,424079
40662,0.052023,74.125.68.0-255,5738,413291,77,424079
40663,0.05203,172.31.40.0-255,66,413357,77,424079
40664,0.05464,74.125.68.0-255,5738,419095,77,424079
40665,0.054649,172.31.40.0-255,66,419161,77,424079
40666,0.057257,74.125.68.0-255,4681,423842,77,424079
40667,0.057263,172.31.40.0-255,66,423908,77,424079
40668,0.057417,172.31.40.0-255,105,424013,77,424079
40669,0.059981,74.125.68.0-255,66,424079,77,424079
40670,0.0,74.125.24.0-255,152,152,77,421084
40671,2e-05,172.31.40.0-255,66,218,77,421084
40672,2.6e-05,74.125.24.0-255,1484,1702,77,421084
40673,3.2e-05,172.31.40.0-255,66,1768,77,421084
40674,3.7e-05,74.125.24.0-255,2902,4670,77,421084
40675,4e-05,172.31.40.0-255,66,4736,77,421084
40676,4.7e-05,74.125.24.0-255,7156,11892,77,421084
40677,5e-05,172.31.40.0-255,66,11958,77,421084
40678,7.7e-05,74.125.24.0-255,3446,15404,77,421084
40679,8e-05,172.31.40.0-255,66,15470,77,421084
40680,8.5e-05,74.125.24.0-255,4320,19790,77,421084
40681,8.8e-05,172.31.40.0-255,66,19856,77,421084
40682,9.7e-05,74.125.24.0-255,9992,29848,77,421084
40683,0.0001,172.31.40.0-255,66,29914,77,421084
40684,0.000102,74.125.24.0-255,1125,31039,77,421084
40685,0.000104,172.31.40.0-255,66,31105,77,421084
40686,0.000192,74.125.24.0-255,1484,32589,77,421084
40687,0.000195,172.31.40.0-255,66,32655,77,421084
40688,0.0002,74.125.24.0-255,2902,35557,77,421084
40689,0.000202,172.31.40.0-255,66,35623,77,421084
40690,0.000215,74.125.24.0-255,2902,38525,77,421084
40691,0.000218,172.31.40.0-255,66,38591,77,421084
40692,0.000234,74.125.24.0-255,2902,41493,77,421084
40693,0.000236,172.31.40.0-255,66,41559,77,421084
40694,0.000258,74.125.24.0-255,7156,48715,77,421084
40695,0.00026,172.31.40.0-255,66,48781,77,421084
40696,0.000287,74.125.24.0-255,6797,55578,77,421084
40697,0.00029,172.31.40.0-255,66,55644,77,421084
40698,0.000299,74.125.24.0-255,9942,65586,77,421084
40699,0.000301,172.31.40.0-255,66,65652,77,421084
40700,0.000304,74.125.24.0-255,112,65764,77,421084
40701,0.000305,172.31.40.0-255,66,65830,77,421084
40702,0.000328,74.125.24.0-255,332,66162,77,421084
40703,0.000679,74.125.24.0-255,1484,67646,77,421084
40704,0.000684,172.31.40.0-255,66,67712,77,421084
40705,0.00069,74.125.24.0-255,2902,70614,77,421084
40706,0.000692,172.31.40.0-255,66,70680,77,421084
40707,0.000695,74.125.24.0-255,1484,72164,77,421084
40708,0.00072,74.125.24.0-255,4320,76484,77,421084
40709,0.000729,74.125.24.0-255,9992,86476,77,421084
40710,0.000732,172.31.40.0-255,66,86542,77,421084
40711,0.000735,172.31.40.0-255,66,86608,77,421084
40712,0.000751,74.125.24.0-255,2902,89510,77,421084
40713,0.000754,172.31.40.0-255,66,89576,77,421084
40714,0.000779,74.125.24.0-255,7156,96732,77,421084
40715,0.000782,172.31.40.0-255,66,96798,77,421084
40716,0.000806,74.125.24.0-255,3602,100400,77,421084
40717,0.000809,172.31.40.0-255,66,100466,77,421084
40718,0.001425,74.125.24.0-255,1484,101950,77,421084
40719,0.00144,74.125.24.0-255,2902,104852,77,421084
40720,0.001444,172.31.40.0-255,66,104918,77,421084
40721,0.001458,74.125.24.0-255,1484,106402,77,421084
40722,0.001473,74.125.24.0-255,4320,110722,77,421084
40723,0.001476,172.31.40.0-255,66,110788,77,421084
40724,0.001482,74.125.24.0-255,4320,115108,77,421084
40725,0.001483,172.31.40.0-255,66,115174,77,421084
40726,0.001506,74.125.24.0-255,5738,120912,77,421084
40727,0.001509,172.31.40.0-255,66,120978,77,421084
40728,0.001536,74.125.24.0-255,11410,132388,77,421084
40729,0.001539,172.31.40.0-255,66,132454,77,421084
40730,0.001543,74.125.24.0-255,2184,134638,77,421084
40731,0.001545,172.31.40.0-255,66,134704,77,421084
40732,0.001597,74.125.24.0-255,2902,137606,77,421084
40733,0.001599,172.31.40.0-255,66,137672,77,421084
40734,0.001607,74.125.24.0-255,7156,144828,77,421084
40735,0.001609,172.31.40.0-255,66,144894,77,421084
40736,0.001613,74.125.24.0-255,2902,147796,77,421084
40737,0.001615,172.31.40.0-255,66,147862,77,421084
40738,0.001623,74.125.24.0-255,8574,156436,77,421084
40739,0.001626,172.31.40.0-255,66,156502,77,421084
40740,0.001642,74.125.24.0-255,2902,159404,77,421084
40741,0.001644,172.31.40.0-255,66,159470,77,421084
40742,0.00165,74.125.24.0-255,5738,165208,77,421084
40743,0.001652,172.31.40.0-255,66,165274,77,421084
40744,0.001657,74.125.24.0-255,4320,169594,77,421084
40745,0.001659,172.31.40.0-255,66,169660,77,421084
40746,0.001683,74.125.24.0-255,2184,171844,77,421084
40747,0.001685,172.31.40.0-255,66,171910,77,421084
40748,0.001695,74.125.24.0-255,9992,181902,77,421084
40749,0.001697,172.31.40.0-255,66,181968,77,421084
40750,0.001725,74.125.24.0-255,4320,186288,77,421084
40751,0.001728,172.31.40.0-255,66,186354,77,421084
40752,0.001736,74.125.24.0-255,8574,194928,77,421084
40753,0.001738,172.31.40.0-255,66,194994,77,421084
40754,0.001764,74.125.24.0-255,7856,202850,77,421084
40755,0.001767,172.31.40.0-255,66,202916,77,421084
40756,0.001846,74.125.24.0-255,1484,204400,77,421084
40757,0.001852,74.125.24.0-255,2902,207302,77,421084
40758,0.001855,172.31.40.0-255,66,207368,77,421084
40759,0.001879,74.125.24.0-255,5738,213106,77,421084
40760,0.001881,172.31.40.0-255,66,213172,77,421084
40761,0.001905,74.125.24.0-255,7156,220328,77,421084
40762,0.001908,172.31.40.0-255,66,220394,77,421084
40763,0.001925,74.125.24.0-255,5738,226132,77,421084
40764,0.001927,172.31.40.0-255,66,226198,77,421084
40765,0.001968,74.125.24.0-255,10692,236890,77,421084
40766,0.001972,172.31.40.0-255,66,236956,77,421084
40767,0.002097,74.125.24.0-255,1484,238440,77,421084
40768,0.002104,74.125.24.0-255,2902,241342,77,421084
40769,0.002108,172.31.40.0-255,66,241408,77,421084
40770,0.002115,74.125.24.0-255,5738,247146,77,421084
40771,0.002118,172.31.40.0-255,66,247212,77,421084
40772,0.002159,74.125.24.0-255,12828,260040,77,421084
40773,0.002163,172.31.40.0-255,66,260106,77,421084
40774,0.00217,74.125.24.0-255,5738,265844,77,421084
40775,0.002172,172.31.40.0-255,66,265910,77,421084
40776,0.002197,74.125.24.0-255,1484,267394,77,421084
40777,0.002214,74.125.24.0-255,3602,270996,77,421084
40778,0.002217,172.31.40.0-255,66,271062,77,421084
40779,0.002221,74.125.24.0-255,1484,272546,77,421084
40780,0.002242,74.125.24.0-255,4320,276866,77,421084
40781,0.002246,172.31.40.0-255,66,276932,77,421084
40782,0.002249,74.125.24.0-255,1484,278416,77,421084
40783,0.002272,74.125.24.0-255,8574,286990,77,421084
40784,0.002276,172.31.40.0-255,66,287056,77,421084
40785,0.002282,74.125.24.0-255,5738,292794,77,421084
40786,0.002284,172.31.40.0-255,66,292860,77,421084
40787,0.00231,74.125.24.0-255,5738,298598,77,421084
40788,0.002313,172.31.40.0-255,66,298664,77,421084
40789,0.002333,74.125.24.0-255,1484,300148,77,421084
40790,0.002351,74.125.24.0-255,5020,305168,77,421084
40791,0.002354,172.31.40.0-255,66,305234,77,421084
40792,0.004622,74.125.24.0-255,5738,310972,77,421084
40793,0.004629,172.31.40.0-255,66,311038,77,421084
40794,0.006945,74.125.24.0-255,5738,316776,77,421084
40795,0.006949,172.31.40.0-255,66,316842,77,421084
40796,0.009334,74.125.24.0-255,5738,322580,77,421084
40797,0.009352,172.31.40.0-255,66,322646,77,421084
40798,0.011684,74.125.24.0-255,5738,328384,77,421084
40799,0.011704,172.31.40.0-255,66,328450,77,421084
40800,0.01195,172.31.40.0-255,101,328551,77,421084
40801,0.014069,74.125.24.0-255,5738,334289,77,421084
40802,0.014076,172.31.40.0-255,66,334355,77,421084
40803,0.014236,74.125.24.0-255,66,334421,77,421084
40804,0.01637,74.125.24.0-255,5738,340159,77,421084
40805,0.016385,172.31.40.0-255,66,340225,77,421084
40806,0.018731,74.125.24.0-255,5738,345963,77,421084
40807,0.018749,172.31.40.0-255,66,346029,77,421084
40808,0.021054,74.125.24.0-255,5738,351767,77,421084
40809,0.021063,172.31.40.0-255,66,351833,77,421084
40810,0.023381,74.125.24.0-255,5738,357571,77,421084
40811,0.02339,172.31.40.0-255,66,357637,77,421084
40812,0.025738,74.125.24.0-255,5738,363375,77,421084
40813,0.025748,172.31.40.0-255,66,363441,77,421084
40814,0.028062,74.125.24.0-255,5738,369179,77,421084
40815,0.028071,172.31.40.0-255,66,369245,77,421084
40816,0.030411,74.125.24.0-255,5738,374983,77,421084
40817,0.030417,172.31.40.0-255,66,375049,77,421084
40818,0.032722,74.125.24.0-255,5738,380787,77,421084
40819,0.032735,172.31.40.0-255,66,380853,77,421084
40820,0.035056,74.125.24.0-255,5738,386591,77,421084
40821,0.035064,172.31.40.0-255,66,386657,77,421084
40822,0.037456,74.125.24.0-255,5738,392395,77,421084
40823,0.037473,172.31.40.0-255,66,392461,77,421084
40824,0.039812,74.125.24.0-255,5738,398199,77,421084
40825,0.039823,172.31.40.0-255,66,398265,77,421084
40826,0.042188,74.125.24.0-255,5738,404003,77,421084
40827,0.042204,172.31.40.0-255,66,404069,77,421084
40828,0.044529,74.125.24.0-255,5738,409807,77,421084
40829,0.044537,172.31.40.0-255,66,409873,77,421084
40830,0.04691,74.125.24.0-255,5738,415611,77,421084
40831,0.046922,172.31.40.0-255,66,415677,77,421084
40832,0.047997,172.31.40.0-255,172,415849,77,421084
40833,0.048031,172.31.40.0-255,1120,416969,77,421084
40834,0.048091,172.31.40.0-255,1514,418483,77,421084
40835,0.048093,172.31.40.0-255,1277,419760,77,421084
40836,0.049234,74.125.24.0-255,955,420715,77,421084
40837,0.049377,172.31.40.0-255,105,420820,77,421084
40838,0.049538,104.244.42.0-255,66,420886,77,421084
40839,0.049733,104.244.42.0-255,66,420952,77,421084
40840,0.049739,104.244.42.0-255,66,421018,77,421084
40841,0.05696,74.125.24.0-255,66,421084,77,421084
40842,0.0,172.253.118.0-255,151,151,77,376691
40843,1.6e-05,172.31.40.0-255,66,217,77,376691
40844,2.3e-05,172.253.118.0-255,1484,1701,77,376691
40845,2.7e-05,172.31.40.0-255,66,1767,77,376691
40846,3.3e-05,172.253.118.0-255,2902,4669,77,376691
40847,4.4e-05,172.31.40.0-255,66,4735,77,376691
40848,5e-05,172.253.118.0-255,4320,9055,77,376691
40849,5.4e-05,172.31.40.0-255,66,9121,77,376691
40850,9e-05,172.253.118.0-255,4875,13996,77,376691
40851,9.4e-05,172.31.40.0-255,66,14062,77,376691
40852,0.000153,172.253.118.0-255,1484,15546,77,376691
40853,0.000155,172.31.40.0-255,66,15612,77,376691
40854,0.00016,172.253.118.0-255,2902,18514,77,376691
40855,0.000162,172.31.40.0-255,66,18580,77,376691
40856,0.000191,172.253.118.0-255,5738,24318,77,376691
40857,0.000194,172.31.40.0-255,66,24384,77,376691
40858,0.000198,172.253.118.0-255,2902,27286,77,376691
40859,0.0002,172.31.40.0-255,66,27352,77,376691
40860,0.000243,172.253.118.0-255,3961,31313,77,376691
40861,0.000246,172.31.40.0-255,66,31379,77,376691
40862,0.000327,172.253.118.0-255,1484,32863,77,376691
40863,0.00033,172.31.40.0-255,66,32929,77,376691
40864,0.000336,172.253.118.0-255,2902,35831,77,376691
40865,0.000339,172.31.40.0-255,66,35897,77,376691
40866,0.000371,172.253.118.0-255,5738,41635,77,376691
40867,0.000373,172.31.40.0-255,66,41701,77,376691
40868,0.000401,172.253.118.0-255,8574,50275,77,376691
40869,0.000404,172.31.40.0-255,66,50341,77,376691
40870,0.000434,172.253.118.0-255,5379,55720,77,376691
40871,0.000437,172.31.40.0-255,66,55786,77,376691
40872,0.000445,172.253.118.0-255,7156,62942,77,376691
40873,0.000447,172.31.40.0-255,66,63008,77,376691
40874,0.000457,172.253.118.0-255,2543,65551,77,376691
40875,0.000459,172.31.40.0-255,66,65617,77,376691
40876,0.000462,172.253.118.0-255,360,65977,77,376691
40877,0.000545,172.253.118.0-255,382,66359,77,376691
40878,0.000705,172.253.118.0-255,1484,67843,77,376691
40879,0.000713,172.31.40.0-255,66,67909,77,376691
40880,0.000719,172.253.118.0-255,2902,70811,77,376691
40881,0.000721,172.31.40.0-255,66,70877,77,376691
40882,0.000754,172.253.118.0-255,5738,76615,77,376691
40883,0.000757,172.31.40.0-255,66,76681,77,376691
40884,0.000767,172.253.118.0-255,9633,86314,77,376691
40885,0.000774,172.31.40.0-255,66,86380,77,376691
40886,0.000779,172.253.118.0-255,2902,89282,77,376691
40887,0.000781,172.31.40.0-255,66,89348,77,376691
40888,0.00082,172.253.118.0-255,7156,96504,77,376691
40889,0.000824,172.31.40.0-255,66,96570,77,376691
40890,0.000829,172.253.118.0-255,3961,100531,77,376691
40891,0.000831,172.31.40.0-255,66,100597,77,376691
40892,0.001323,172.253.118.0-255,1484,102081,77,376691
40893,0.00133,172.253.118.0-255,2902,104983,77,376691
40894,0.001334,172.31.40.0-255,66,105049,77,376691
40895,0.001363,172.253.118.0-255,5738,110787,77,376691
40896,0.001365,172.31.40.0-255,66,110853,77,376691
40897,0.001371,172.253.118.0-255,4320,115173,77,376691
40898,0.001372,172.31.40.0-255,66,115239,77,376691
40899,0.001402,172.253.118.0-255,2902,118141,77,376691
40900,0.001404,172.31.40.0-255,66,118207,77,376691
40901,0.001416,172.31.40.0-255,66,118273,77,376691
40902,0.001424,172.253.118.0-255,2184,120457,77,376691
40903,0.001426,172.31.40.0-255,66,120523,77,376691
40904,0.001704,172.253.118.0-255,1484,122007,77,376691
40905,0.001708,172.253.118.0-255,1484,123491,77,376691
40906,0.001711,172.31.40.0-255,66,123557,77,376691
40907,0.001736,172.253.118.0-255,1484,125041,77,376691
40908,0.001742,172.253.118.0-255,5738,130779,77,376691
40909,0.001744,172.31.40.0-255,66,130845,77,376691
40910,0.001757,172.253.118.0-255,1484,132329,77,376691
40911,0.001781,172.253.118.0-255,9992,142321,77,376691
40912,0.001783,172.31.40.0-255,66,142387,77,376691
40913,0.001789,172.253.118.0-255,7156,149543,77,376691
40914,0.001791,172.31.40.0-255,66,149609,77,376691
40915,0.001821,172.253.118.0-255,5020,154629,77,376691
40916,0.001824,172.31.40.0-255,66,154695,77,376691
40917,0.001833,172.253.118.0-255,11410,166105,77,376691
40918,0.001834,172.31.40.0-255,66,166171,77,376691
40919,0.001849,172.253.118.0-255,12828,178999,77,376691
40920,0.001851,172.31.40.0-255,66,179065,77,376691
40921,0.001883,172.253.118.0-255,2902,181967,77,376691
40922,0.001885,172.31.40.0-255,66,182033,77,376691
40923,0.001915,172.253.118.0-255,6438,188471,77,376691
40924,0.001918,172.31.40.0-255,66,188537,77,376691
40925,0.001921,172.253.118.0-255,1484,190021,77,376691
40926,0.001924,172.253.118.0-255,2902,192923,77,376691
40927,0.001926,172.31.40.0-255,66,192989,77,376691
40928,0.001928,172.253.118.0-255,1484,194473,77,376691
40929,0.001959,172.253.118.0-255,4320,198793,77,376691
40930,0.001962,172.31.40.0-255,66,198859,77,376691
40931,0.001986,172.253.118.0-255,7156,206015,77,376691
40932,0.001989,172.31.40.0-255,66,206081,77,376691
40933,0.002015,172.253.118.0-255,4320,210401,77,376691
40934,0.002017,172.31.40.0-255,66,210467,77,376691
40935,0.002022,172.253.118.0-255,5738,216205,77,376691
40936,0.002024,172.31.40.0-255,66,216271,77,376691
40937,0.002054,172.253.118.0-255,5738,222009,77,376691
40938,0.002057,172.31.40.0-255,66,222075,77,376691
40939,0.002061,172.253.118.0-255,2902,224977,77,376691
40940,0.002062,172.31.40.0-255,66,225043,77,376691
40941,0.002095,172.253.118.0-255,3602,228645,77,376691
40942,0.002098,172.31.40.0-255,66,228711,77,376691
40943,0.002104,172.253.118.0-255,7156,235867,77,376691
40944,0.002106,172.31.40.0-255,66,235933,77,376691
40945,0.002122,172.253.118.0-255,9992,245925,77,376691
40946,0.002124,172.31.40.0-255,66,245991,77,376691
40947,0.002156,172.253.118.0-255,5738,251729,77,376691
40948,0.002159,172.31.40.0-255,66,251795,77,376691
40949,0.002164,172.253.118.0-255,5020,256815,77,376691
40950,0.002165,172.31.40.0-255,66,256881,77,376691
40951,0.002195,172.253.118.0-255,8574,265455,77,376691
40952,0.0022,172.31.40.0-255,66,265521,77,376691
40953,0.002234,172.31.40.0-255,66,265587,77,376691
40954,0.002268,172.253.118.0-255,9992,275579,77,376691
40955,0.002271,172.31.40.0-255,66,275645,77,376691
40956,0.002301,172.253.118.0-255,5020,280665,77,376691
40957,0.002304,172.31.40.0-255,66,280731,77,376691
40958,0.002319,172.31.40.0-255,66,280797,77,376691
40959,0.002332,172.253.118.0-255,13528,294325,77,376691
40960,0.002335,172.31.40.0-255,66,294391,77,376691
40961,0.002344,172.253.118.0-255,11410,305801,77,376691
40962,0.002346,172.31.40.0-255,66,305867,77,376691
40963,0.00235,172.253.118.0-255,2902,308769,77,376691
40964,0.002352,172.31.40.0-255,66,308835,77,376691
40965,0.00239,172.253.118.0-255,9992,318827,77,376691
40966,0.002393,172.31.40.0-255,66,318893,77,376691
40967,0.002401,172.253.118.0-255,9274,328167,77,376691
40968,0.002403,172.31.40.0-255,66,328233,77,376691
40969,0.004764,172.253.118.0-255,5738,333971,77,376691
40970,0.004771,172.31.40.0-255,66,334037,77,376691
40971,0.007119,172.253.118.0-255,4320,338357,77,376691
40972,0.007123,172.31.40.0-255,66,338423,77,376691
40973,0.007146,172.253.118.0-255,1484,339907,77,376691
40974,0.009458,172.253.118.0-255,4320,344227,77,376691
40975,0.009465,172.31.40.0-255,66,344293,77,376691
40976,0.011822,172.253.118.0-255,5738,350031,77,376691
40977,0.01183,172.31.40.0-255,66,350097,77,376691
40978,0.014178,172.253.118.0-255,5738,355835,77,376691
40979,0.014188,172.31.40.0-255,66,355901,77,376691
40980,0.016551,172.253.118.0-255,5738,361639,77,376691
40981,0.016562,172.31.40.0-255,66,361705,77,376691
40982,0.0189,172.253.118.0-255,5738,367443,77,376691
40983,0.01891,172.31.40.0-255,66,367509,77,376691
40984,0.021241,172.253.118.0-255,5738,373247,77,376691
40985,0.02125,172.31.40.0-255,66,373313,77,376691
40986,0.023592,172.253.118.0-255,1095,374408,77,376691
40987,0.023743,172.31.40.0-255,66,374474,77,376691
40988,0.023782,172.31.40.0-255,105,374579,77,376691
40989,0.026064,172.253.118.0-255,66,374645,77,376691
40990,0.037408,172.31.40.0-255,176,374821,77,376691
40991,0.037443,172.31.40.0-255,1119,375940,77,376691
40992,0.037497,172.31.40.0-255,553,376493,77,376691
40993,0.038953,104.244.42.0-255,66,376559,77,376691
40994,0.039013,104.244.42.0-255,66,376625,77,376691
40995,0.039026,104.244.42.0-255,66,376691,77,376691
40996,0.0,172.217.194.0-255,152,152,77,417667
40997,2.1e-05,172.31.40.0-255,66,218,77,417667
40998,2.8e-05,172.217.194.0-255,1484,1702,77,417667
40999,3.2e-05,172.31.40.0-255,66,1768,77,417667
41000,3.9e-05,172.217.194.0-255,2902,4670,77,417667
41001,5.1e-05,172.31.40.0-255,66,4736,77,417667
41002,5.9e-05,172.217.194.0-255,7156,11892,77,417667
41003,6.2e-05,172.31.40.0-255,66,11958,77,417667
41004,6.8e-05,172.217.194.0-255,3519,15477,77,417667
41005,7.1e-05,172.31.40.0-255,66,15543,77,417667
41006,8.1e-05,172.217.194.0-255,9992,25535,77,417667
41007,8.4e-05,172.31.40.0-255,66,25601,77,417667
41008,0.000101,172.217.194.0-255,2902,28503,77,417667
41009,0.000108,172.31.40.0-255,66,28569,77,417667
41010,0.000112,172.217.194.0-255,2543,31112,77,417667
41011,0.000115,172.31.40.0-255,66,31178,77,417667
41012,0.000139,172.217.194.0-255,2902,34080,77,417667
41013,0.000142,172.31.40.0-255,66,34146,77,417667
41014,0.000167,172.217.194.0-255,4320,38466,77,417667
41015,0.00017,172.31.40.0-255,66,38532,77,417667
41016,0.000177,172.217.194.0-255,5738,44270,77,417667
41017,0.000179,172.31.40.0-255,66,44336,77,417667
41018,0.00021,172.217.194.0-255,2902,47238,77,417667
41019,0.000212,172.31.40.0-255,66,47304,77,417667
41020,0.000222,172.217.194.0-255,9633,56937,77,417667
41021,0.000224,172.31.40.0-255,66,57003,77,417667
41022,0.000284,172.217.194.0-255,8215,65218,77,417667
41023,0.000287,172.31.40.0-255,66,65284,77,417667
41024,0.000289,172.217.194.0-255,646,65930,77,417667
41025,0.000292,172.31.40.0-255,66,65996,77,417667
41026,0.00068,172.217.194.0-255,1484,67480,77,417667
41027,0.000687,172.31.40.0-255,66,67546,77,417667
41028,0.000693,172.217.194.0-255,2902,70448,77,417667
41029,0.000696,172.31.40.0-255,66,70514,77,417667
41030,0.000701,172.217.194.0-255,4320,74834,77,417667
41031,0.000703,172.31.40.0-255,66,74900,77,417667
41032,0.000734,172.217.194.0-255,1484,76384,77,417667
41033,0.000743,172.217.194.0-255,5738,82122,77,417667
41034,0.000745,172.31.40.0-255,66,82188,77,417667
41035,0.000753,172.217.194.0-255,7156,89344,77,417667
41036,0.000755,172.31.40.0-255,66,89410,77,417667
41037,0.000762,172.217.194.0-255,5738,95148,77,417667
41038,0.000764,172.31.40.0-255,66,95214,77,417667
41039,0.000799,172.217.194.0-255,4471,99685,77,417667
41040,0.000802,172.31.40.0-255,66,99751,77,417667
41041,0.001295,172.217.194.0-255,1484,101235,77,417667
41042,0.001301,172.217.194.0-255,2902,104137,77,417667
41043,0.001305,172.31.40.0-255,66,104203,77,417667
41044,0.001335,172.217.194.0-255,5738,109941,77,417667
41045,0.001338,172.31.40.0-255,66,110007,77,417667
41046,0.001374,172.217.194.0-255,12828,122835,77,417667
41047,0.001377,172.31.40.0-255,66,122901,77,417667
41048,0.001387,172.217.194.0-255,9992,132893,77,417667
41049,0.001389,172.31.40.0-255,66,132959,77,417667
41050,0.001405,172.217.194.0-255,766,133725,77,417667
41051,0.001664,172.217.194.0-255,1484,135209,77,417667
41052,0.001669,172.31.40.0-255,66,135275,77,417667
41053,0.001675,172.217.194.0-255,2902,138177,77,417667
41054,0.001677,172.31.40.0-255,66,138243,77,417667
41055,0.001681,172.217.194.0-255,1484,139727,77,417667
41056,0.001691,172.217.194.0-255,4320,144047,77,417667
41057,0.001694,172.31.40.0-255,66,144113,77,417667
41058,0.001717,172.217.194.0-255,1484,145597,77,417667
41059,0.001726,172.217.194.0-255,7156,152753,77,417667
41060,0.001728,172.31.40.0-255,66,152819,77,417667
41061,0.00175,172.217.194.0-255,5738,158557,77,417667
41062,0.001753,172.31.40.0-255,66,158623,77,417667
41063,0.001762,172.217.194.0-255,8574,167197,77,417667
41064,0.001764,172.31.40.0-255,66,167263,77,417667
41065,0.0018,172.217.194.0-255,6438,173701,77,417667
41066,0.001803,172.31.40.0-255,66,173767,77,417667
41067,0.00181,172.217.194.0-255,7156,180923,77,417667
41068,0.001812,172.31.40.0-255,66,180989,77,417667
41069,0.00182,172.217.194.0-255,7156,188145,77,417667
41070,0.001823,172.31.40.0-255,66,188211,77,417667
41071,0.00185,172.217.194.0-255,8574,196785,77,417667
41072,0.001853,172.31.40.0-255,66,196851,77,417667
41073,0.001856,172.217.194.0-255,1484,198335,77,417667
41074,0.001886,172.217.194.0-255,3602,201937,77,417667
41075,0.001888,172.31.40.0-255,66,202003,77,417667
41076,0.001906,172.217.194.0-255,1484,203487,77,417667
41077,0.001911,172.217.194.0-255,2902,206389,77,417667
41078,0.001914,172.31.40.0-255,66,206455,77,417667
41079,0.001934,172.217.194.0-255,5738,212193,77,417667
41080,0.001937,172.31.40.0-255,66,212259,77,417667
41081,0.001951,172.217.194.0-255,12828,225087,77,417667
41082,0.001953,172.31.40.0-255,66,225153,77,417667
41083,0.00196,172.217.194.0-255,8574,233727,77,417667
41084,0.001963,172.31.40.0-255,66,233793,77,417667
41085,0.001983,172.217.194.0-255,2184,235977,77,417667
41086,0.001985,172.31.40.0-255,66,236043,77,417667
41087,0.001988,172.217.194.0-255,1484,237527,77,417667
41088,0.002016,172.217.194.0-255,2902,240429,77,417667
41089,0.002019,172.31.40.0-255,66,240495,77,417667
41090,0.002055,172.217.194.0-255,4320,244815,77,417667
41091,0.002057,172.31.40.0-255,66,244881,77,417667
41092,0.002082,172.217.194.0-255,1484,246365,77,417667
41093,0.002095,172.217.194.0-255,11410,257775,77,417667
41094,0.002098,172.31.40.0-255,66,257841,77,417667
41095,0.002108,172.217.194.0-255,12110,269951,77,417667
41096,0.002111,172.31.40.0-255,66,270017,77,417667
41097,0.002574,172.217.194.0-255,1484,271501,77,417667
41098,0.002579,172.217.194.0-255,2902,274403,77,417667
41099,0.002582,172.31.40.0-255,66,274469,77,417667
41100,0.002587,172.217.194.0-255,4320,278789,77,417667
41101,0.002589,172.31.40.0-255,66,278855,77,417667
41102,0.00261,172.217.194.0-255,1484,280339,77,417667
41103,0.002618,172.217.194.0-255,2902,283241,77,417667
41104,0.00262,172.31.40.0-255,66,283307,77,417667
41105,0.00517,172.217.194.0-255,1484,284791,77,417667
41106,0.005217,172.217.194.0-255,4320,289111,77,417667
41107,0.005223,172.31.40.0-255,66,289177,77,417667
41108,0.007832,172.217.194.0-255,5738,294915,77,417667
41109,0.007853,172.31.40.0-255,66,294981,77,417667
41110,0.010433,172.217.194.0-255,5738,300719,77,417667
41111,0.010449,172.31.40.0-255,66,300785,77,417667
41112,0.013078,172.217.194.0-255,5738,306523,77,417667
41113,0.013097,172.31.40.0-255,66,306589,77,417667
41114,0.01567,172.217.194.0-255,5738,312327,77,417667
41115,0.015676,172.31.40.0-255,66,312393,77,417667
41116,0.018254,172.217.194.0-255,4320,316713,77,417667
41117,0.018262,172.31.40.0-255,66,316779,77,417667
41118,0.018292,172.217.194.0-255,1484,318263,77,417667
41119,0.02083,172.217.194.0-255,4320,322583,77,417667
41120,0.020841,172.31.40.0-255,66,322649,77,417667
41121,0.02343,172.217.194.0-255,5738,328387,77,417667
41122,0.023441,172.31.40.0-255,66,328453,77,417667
41123,0.026033,172.217.194.0-255,4320,332773,77,417667
41124,0.026045,172.31.40.0-255,66,332839,77,417667
41125,0.026077,172.217.194.0-255,1484,334323,77,417667
41126,0.028681,172.217.194.0-255,4320,338643,77,417667
41127,0.028697,172.31.40.0-255,66,338709,77,417667
41128,0.031279,172.217.194.0-255,5738,344447,77,417667
41129,0.031287,172.31.40.0-255,66,344513,77,417667
41130,0.033892,172.217.194.0-255,5738,350251,77,417667
41131,0.033905,172.31.40.0-255,66,350317,77,417667
41132,0.03651,172.217.194.0-255,5738,356055,77,417667
41133,0.036528,172.31.40.0-255,66,356121,77,417667
41134,0.039113,172.217.194.0-255,5738,361859,77,417667
41135,0.03912,172.31.40.0-255,66,361925,77,417667
41136,0.041723,172.217.194.0-255,5738,367663,77,417667
41137,0.041741,172.31.40.0-255,66,367729,77,417667
41138,0.044348,172.217.194.0-255,5738,373467,77,417667
41139,0.044387,172.31.40.0-255,66,373533,77,417667
41140,0.047024,172.217.194.0-255,5738,379271,77,417667
41141,0.047041,172.31.40.0-255,66,379337,77,417667
41142,0.048745,172.31.40.0-255,200,379537,77,417667
41143,0.048777,172.31.40.0-255,1121,380658,77,417667
41144,0.048838,172.31.40.0-255,1514,382172,77,417667
41145,0.048839,172.31.40.0-255,1274,383446,77,417667
41146,0.049653,172.217.194.0-255,5738,389184,77,417667
41147,0.04966,172.31.40.0-255,66,389250,77,417667
41148,0.050336,104.244.42.0-255,66,389316,77,417667
41149,0.050345,104.244.42.0-255,66,389382,77,417667
41150,0.05038,104.244.42.0-255,66,389448,77,417667
41151,0.052301,172.217.194.0-255,5738,395186,77,417667
41152,0.052317,172.31.40.0-255,66,395252,77,417667
41153,0.054914,172.217.194.0-255,5738,400990,77,417667
41154,0.054921,172.31.40.0-255,66,401056,77,417667
41155,0.057508,172.217.194.0-255,5738,406794,77,417667
41156,0.057527,172.31.40.0-255,66,406860,77,417667
41157,0.060139,172.217.194.0-255,5738,412598,77,417667
41158,0.060162,172.31.40.0-255,66,412664,77,417667
41159,0.062789,172.217.194.0-255,4766,417430,77,417667
41160,0.062811,172.31.40.0-255,66,417496,77,417667
41161,0.063148,172.31.40.0-255,105,417601,77,417667
41162,0.065713,172.217.194.0-255,66,417667,77,417667
41163,0.0,172.217.194.0-255,297,297,77,387065
41164,1.5e-05,172.31.40.0-255,66,363,77,387065
41165,2.3e-05,172.217.194.0-255,1484,1847,77,387065
41166,2.7e-05,172.31.40.0-255,66,1913,77,387065
41167,3.4e-05,172.217.194.0-255,4320,6233,77,387065
41168,3.8e-05,172.31.40.0-255,66,6299,77,387065
41169,6.1e-05,172.217.194.0-255,1484,7783,77,387065
41170,6.3e-05,172.31.40.0-255,66,7849,77,387065
41171,8.6e-05,172.217.194.0-255,6103,13952,77,387065
41172,8.9e-05,172.31.40.0-255,66,14018,77,387065
41173,0.000211,172.217.194.0-255,1484,15502,77,387065
41174,0.000214,172.31.40.0-255,66,15568,77,387065
41175,0.00022,172.217.194.0-255,2902,18470,77,387065
41176,0.000223,172.31.40.0-255,66,18536,77,387065
41177,0.000259,172.217.194.0-255,5738,24274,77,387065
41178,0.000261,172.31.40.0-255,66,24340,77,387065
41179,0.000284,172.217.194.0-255,6797,31137,77,387065
41180,0.000286,172.31.40.0-255,66,31203,77,387065
41181,0.000318,172.217.194.0-255,4320,35523,77,387065
41182,0.000321,172.31.40.0-255,66,35589,77,387065
41183,0.000341,172.217.194.0-255,5738,41327,77,387065
41184,0.000344,172.31.40.0-255,66,41393,77,387065
41185,0.000382,172.217.194.0-255,6797,48190,77,387065
41186,0.000384,172.31.40.0-255,66,48256,77,387065
41187,0.001387,172.217.194.0-255,1484,49740,77,387065
41188,0.001394,172.31.40.0-255,66,49806,77,387065
41189,0.001403,172.217.194.0-255,2902,52708,77,387065
41190,0.001406,172.31.40.0-255,66,52774,77,387065
41191,0.001413,172.217.194.0-255,5738,58512,77,387065
41192,0.001415,172.31.40.0-255,66,58578,77,387065
41193,0.001444,172.217.194.0-255,6797,65375,77,387065
41194,0.001447,172.31.40.0-255,66,65441,77,387065
41195,0.001497,172.217.194.0-255,7156,72597,77,387065
41196,0.0015,172.31.40.0-255,66,72663,77,387065
41197,0.001507,172.217.194.0-255,5738,78401,77,387065
41198,0.001509,172.31.40.0-255,66,78467,77,387065
41199,0.001527,172.217.194.0-255,2902,81369,77,387065
41200,0.001529,172.31.40.0-255,66,81435,77,387065
41201,0.00155,172.217.194.0-255,5738,87173,77,387065
41202,0.001552,172.31.40.0-255,66,87239,77,387065
41203,0.001577,172.217.194.0-255,12110,99349,77,387065
41204,0.001579,172.31.40.0-255,66,99415,77,387065
41205,0.001582,172.217.194.0-255,647,100062,77,387065
41206,0.00172,172.217.194.0-255,1484,101546,77,387065
41207,0.001726,172.31.40.0-255,66,101612,77,387065
41208,0.001732,172.217.194.0-255,2902,104514,77,387065
41209,0.001735,172.31.40.0-255,66,104580,77,387065
41210,0.00174,172.217.194.0-255,4320,108900,77,387065
41211,0.001744,172.31.40.0-255,66,108966,77,387065
41212,0.001757,172.217.194.0-255,1484,110450,77,387065
41213,0.0018,172.217.194.0-255,4320,114770,77,387065
41214,0.001804,172.31.40.0-255,66,114836,77,387065
41215,0.001819,172.217.194.0-255,1878,116714,77,387065
41216,0.001822,172.31.40.0-255,66,116780,77,387065
41217,0.002011,172.217.194.0-255,198,116978,77,387065
41218,0.002291,172.217.194.0-255,1484,118462,77,387065
41219,0.002295,172.31.40.0-255,66,118528,77,387065
41220,0.0023,172.217.194.0-255,1484,120012,77,387065
41221,0.002314,172.217.194.0-255,1484,121496,77,387065
41222,0.002317,172.31.40.0-255,66,121562,77,387065
41223,0.002324,172.217.194.0-255,5738,127300,77,387065
41224,0.002327,172.31.40.0-255,66,127366,77,387065
41225,0.002363,172.217.194.0-255,12828,140194,77,387065
41226,0.002365,172.31.40.0-255,66,140260,77,387065
41227,0.002376,172.217.194.0-255,10692,150952,77,387065
41228,0.002379,172.31.40.0-255,66,151018,77,387065
41229,0.004264,172.31.40.0-255,101,151119,77,387065
41230,0.004718,172.217.194.0-255,5738,156857,77,387065
41231,0.004723,172.31.40.0-255,66,156923,77,387065
41232,0.006565,172.217.194.0-255,66,156989,77,387065
41233,0.007115,172.217.194.0-255,4320,161309,77,387065
41234,0.007118,172.31.40.0-255,66,161375,77,387065
41235,0.007132,172.217.194.0-255,1484,162859,77,387065
41236,0.009457,172.217.194.0-255,4320,167179,77,387065
41237,0.009464,172.31.40.0-255,66,167245,77,387065
41238,0.01178,172.217.194.0-255,5738,172983,77,387065
41239,0.011788,172.31.40.0-255,66,173049,77,387065
41240,0.014107,172.217.194.0-255,5738,178787,77,387065
41241,0.014114,172.31.40.0-255,66,178853,77,387065
41242,0.016431,172.217.194.0-255,5738,184591,77,387065
41243,0.016439,172.31.40.0-255,66,184657,77,387065
41244,0.018827,172.217.194.0-255,5738,190395,77,387065
41245,0.018836,172.31.40.0-255,66,190461,77,387065
41246,0.02116,172.217.194.0-255,4320,194781,77,387065
41247,0.021167,172.31.40.0-255,66,194847,77,387065
41248,0.021187,172.217.194.0-255,1484,196331,77,387065
41249,0.023493,172.217.194.0-255,4320,200651,77,387065
41250,0.0235,172.31.40.0-255,66,200717,77,387065
41251,0.025838,172.217.194.0-255,5738,206455,77,387065
41252,0.025845,172.31.40.0-255,66,206521,77,387065
41253,0.028195,172.217.194.0-255,5738,212259,77,387065
41254,0.028203,172.31.40.0-255,66,212325,77,387065
41255,0.029386,172.31.40.0-255,171,212496,77,387065
41256,0.029415,172.31.40.0-255,1140,213636,77,387065
41257,0.029476,172.31.40.0-255,1514,215150,77,387065
41258,0.029478,172.31.40.0-255,301,215451,77,387065
41259,0.030528,172.217.194.0-255,5738,221189,77,387065
41260,0.030535,172.31.40.0-255,66,221255,77,387065
41261,0.030927,104.244.42.0-255,66,221321,77,387065
41262,0.030988,104.244.42.0-255,66,221387,77,387065
41263,0.030992,104.244.42.0-255,66,221453,77,387065
41264,0.032865,172.217.194.0-255,4320,225773,77,387065
41265,0.032872,172.31.40.0-255,66,225839,77,387065
41266,0.032891,172.217.194.0-255,1484,227323,77,387065
41267,0.035201,172.217.194.0-255,4320,231643,77,387065
41268,0.035208,172.31.40.0-255,66,231709,77,387065
41269,0.037517,172.217.194.0-255,5738,237447,77,387065
41270,0.037524,172.31.40.0-255,66,237513,77,387065
41271,0.039836,172.217.194.0-255,5738,243251,77,387065
41272,0.039843,172.31.40.0-255,66,243317,77,387065
41273,0.042175,172.217.194.0-255,5738,249055,77,387065
41274,0.042182,172.31.40.0-255,66,249121,77,387065
41275,0.044531,172.217.194.0-255,5738,254859,77,387065
41276,0.044537,172.31.40.0-255,66,254925,77,387065
41277,0.046889,172.217.194.0-255,5738,260663,77,387065
41278,0.046906,172.31.40.0-255,66,260729,77,387065
41279,0.049264,172.217.194.0-255,5738,266467,77,387065
41280,0.049279,172.31.40.0-255,66,266533,77,387065
41281,0.051613,172.217.194.0-255,5738,272271,77,387065
41282,0.051628,172.31.40.0-255,66,272337,77,387065
41283,0.053959,172.217.194.0-255,5738,278075,77,387065
41284,0.053977,172.31.40.0-255,66,278141,77,387065
41285,0.056287,172.217.194.0-255,5738,283879,77,387065
41286,0.056294,172.31.40.0-255,66,283945,77,387065
41287,0.058653,172.217.194.0-255,5738,289683,77,387065
41288,0.058669,172.31.40.0-255,66,289749,77,387065
41289,0.060995,172.217.194.0-255,5738,295487,77,387065
41290,0.061006,172.31.40.0-255,66,295553,77,387065
41291,0.063372,172.217.194.0-255,5738,301291,77,387065
41292,0.06339,172.31.40.0-255,66,301357,77,387065
41293,0.065801,172.217.194.0-255,5738,307095,77,387065
41294,0.065819,172.31.40.0-255,66,307161,77,387065
41295,0.068183,172.217.194.0-255,5738,312899,77,387065
41296,0.068199,172.31.40.0-255,66,312965,77,387065
41297,0.070573,172.217.194.0-255,5738,318703,77,387065
41298,0.070596,172.31.40.0-255,66,318769,77,387065
41299,0.07292,172.217.194.0-255,5738,324507,77,387065
41300,0.072936,172.31.40.0-255,66,324573,77,387065
41301,0.075262,172.217.194.0-255,5738,330311,77,387065
41302,0.075275,172.31.40.0-255,66,330377,77,387065
41303,0.077661,172.217.194.0-255,5738,336115,77,387065
41304,0.077678,172.31.40.0-255,66,336181,77,387065
41305,0.080022,172.217.194.0-255,5738,341919,77,387065
41306,0.080029,172.31.40.0-255,66,341985,77,387065
41307,0.082401,172.217.194.0-255,5738,347723,77,387065
41308,0.082408,172.31.40.0-255,66,347789,77,387065
41309,0.084767,172.217.194.0-255,5738,353527,77,387065
41310,0.084774,172.31.40.0-255,66,353593,77,387065
41311,0.087118,172.217.194.0-255,5738,359331,77,387065
41312,0.087125,172.31.40.0-255,66,359397,77,387065
41313,0.089473,172.217.194.0-255,5738,365135,77,387065
41314,0.089479,172.31.40.0-255,66,365201,77,387065
41315,0.091805,172.217.194.0-255,4320,369521,77,387065
41316,0.091811,172.31.40.0-255,66,369587,77,387065
41317,0.091831,172.217.194.0-255,1484,371071,77,387065
41318,0.094159,172.217.194.0-255,4320,375391,77,387065
41319,0.094165,172.31.40.0-255,66,375457,77,387065
41320,0.096521,172.217.194.0-255,5738,381195,77,387065
41321,0.096528,172.31.40.0-255,66,381261,77,387065
41322,0.098893,172.217.194.0-255,5738,386999,77,387065
41323,0.098899,172.31.40.0-255,66,387065,77,387065
41324,0.0,74.125.200.0-255,147,147,77,425982
41325,1.8e-05,172.31.40.0-255,66,213,77,425982
41326,2.5e-05,74.125.200.0-255,1484,1697,77,425982
41327,3e-05,172.31.40.0-255,66,1763,77,425982
41328,4.3e-05,74.125.200.0-255,2902,4665,77,425982
41329,4.7e-05,172.31.40.0-255,66,4731,77,425982
41330,7.7e-05,74.125.200.0-255,1484,6215,77,425982
41331,8e-05,172.31.40.0-255,66,6281,77,425982
41332,0.000104,74.125.200.0-255,5738,12019,77,425982
41333,0.000107,172.31.40.0-255,66,12085,77,425982
41334,0.000111,74.125.200.0-255,2049,14134,77,425982
41335,0.000113,172.31.40.0-255,66,14200,77,425982
41336,0.000893,74.125.200.0-255,1484,15684,77,425982
41337,0.0009,172.31.40.0-255,66,15750,77,425982
41338,0.000911,74.125.200.0-255,2902,18652,77,425982
41339,0.000913,172.31.40.0-255,66,18718,77,425982
41340,0.000925,74.125.200.0-255,5738,24456,77,425982
41341,0.000928,172.31.40.0-255,66,24522,77,425982
41342,0.000931,74.125.200.0-255,1484,26006,77,425982
41343,0.000933,172.31.40.0-255,66,26072,77,425982
41344,0.000938,74.125.200.0-255,2902,28974,77,425982
41345,0.000941,172.31.40.0-255,66,29040,77,425982
41346,0.000966,74.125.200.0-255,1484,30524,77,425982
41347,0.00097,172.31.40.0-255,66,30590,77,425982
41348,0.001014,74.125.200.0-255,2543,33133,77,425982
41349,0.001017,172.31.40.0-255,66,33199,77,425982
41350,0.00102,74.125.200.0-255,1484,34683,77,425982
41351,0.001022,172.31.40.0-255,66,34749,77,425982
41352,0.001026,74.125.200.0-255,2902,37651,77,425982
41353,0.001033,172.31.40.0-255,66,37717,77,425982
41354,0.001048,74.125.200.0-255,4320,42037,77,425982
41355,0.001051,172.31.40.0-255,66,42103,77,425982
41356,0.001074,74.125.200.0-255,1484,43587,77,425982
41357,0.001081,74.125.200.0-255,5379,48966,77,425982
41358,0.001084,172.31.40.0-255,66,49032,77,425982
41359,0.001209,74.125.200.0-255,1484,50516,77,425982
41360,0.001213,74.125.200.0-255,1484,52000,77,425982
41361,0.001217,172.31.40.0-255,66,52066,77,425982
41362,0.001236,74.125.200.0-255,2902,54968,77,425982
41363,0.001239,172.31.40.0-255,66,55034,77,425982
41364,0.001271,74.125.200.0-255,5738,60772,77,425982
41365,0.001274,172.31.40.0-255,66,60838,77,425982
41366,0.001281,74.125.200.0-255,5379,66217,77,425982
41367,0.001283,172.31.40.0-255,66,66283,77,425982
41368,0.001727,74.125.200.0-255,1484,67767,77,425982
41369,0.001735,74.125.200.0-255,2902,70669,77,425982
41370,0.001739,172.31.40.0-255,66,70735,77,425982
41371,0.001766,74.125.200.0-255,5738,76473,77,425982
41372,0.00177,172.31.40.0-255,66,76539,77,425982
41373,0.001773,74.125.200.0-255,1484,78023,77,425982
41374,0.00179,74.125.200.0-255,2902,80925,77,425982
41375,0.001793,172.31.40.0-255,66,80991,77,425982
41376,0.001834,74.125.200.0-255,5960,86951,77,425982
41377,0.001837,172.31.40.0-255,66,87017,77,425982
41378,0.001886,74.125.200.0-255,7156,94173,77,425982
41379,0.00189,172.31.40.0-255,66,94239,77,425982
41380,0.001893,74.125.200.0-255,1484,95723,77,425982
41381,0.001918,74.125.200.0-255,2902,98625,77,425982
41382,0.00192,172.31.40.0-255,66,98691,77,425982
41383,0.001924,74.125.200.0-255,1484,100175,77,425982
41384,0.001949,74.125.200.0-255,4320,104495,77,425982
41385,0.001952,172.31.40.0-255,66,104561,77,425982
41386,0.001975,74.125.200.0-255,8574,113135,77,425982
41387,0.001977,172.31.40.0-255,66,113201,77,425982
41388,0.002009,74.125.200.0-255,1484,114685,77,425982
41389,0.002037,74.125.200.0-255,3602,118287,77,425982
41390,0.00204,172.31.40.0-255,66,118353,77,425982
41391,0.002046,74.125.200.0-255,4320,122673,77,425982
41392,0.002048,172.31.40.0-255,66,122739,77,425982
41393,0.002056,74.125.200.0-255,1484,124223,77,425982
41394,0.002082,74.125.200.0-255,2902,127125,77,425982
41395,0.002084,172.31.40.0-255,66,127191,77,425982
41396,0.002091,74.125.200.0-255,5738,132929,77,425982
41397,0.002093,172.31.40.0-255,66,132995,77,425982
41398,0.002118,74.125.200.0-255,2543,135538,77,425982
41399,0.00212,172.31.40.0-255,66,135604,77,425982
41400,0.002174,74.125.200.0-255,1484,137088,77,425982
41401,0.002199,74.125.200.0-255,2902,139990,77,425982
41402,0.002203,172.31.40.0-255,66,140056,77,425982
41403,0.00223,74.125.200.0-255,5738,145794,77,425982
41404,0.002233,172.31.40.0-255,66,145860,77,425982
41405,0.002237,74.125.200.0-255,2902,148762,77,425982
41406,0.002239,172.31.40.0-255,66,148828,77,425982
41407,0.002245,74.125.200.0-255,4320,153148,77,425982
41408,0.002247,172.31.40.0-255,66,153214,77,425982
41409,0.002252,74.125.200.0-255,2902,156116,77,425982
41410,0.002254,172.31.40.0-255,66,156182,77,425982
41411,0.002286,74.125.200.0-255,5738,161920,77,425982
41412,0.00229,172.31.40.0-255,66,161986,77,425982
41413,0.002297,74.125.200.0-255,7856,169842,77,425982
41414,0.0023,172.31.40.0-255,66,169908,77,425982
41415,0.00238,74.125.200.0-255,1484,171392,77,425982
41416,0.002384,74.125.200.0-255,1484,172876,77,425982
41417,0.002386,172.31.40.0-255,66,172942,77,425982
41418,0.002411,74.125.200.0-255,1484,174426,77,425982
41419,0.002419,74.125.200.0-255,5738,180164,77,425982
41420,0.002422,172.31.40.0-255,66,180230,77,425982
41421,0.002456,74.125.200.0-255,9992,190222,77,425982
41422,0.002459,172.31.40.0-255,66,190288,77,425982
41423,0.002466,74.125.200.0-255,5738,196026,77,425982
41424,0.002468,172.31.40.0-255,66,196092,77,425982
41425,0.002499,74.125.200.0-255,5738,201830,77,425982
41426,0.002502,172.31.40.0-255,66,201896,77,425982
41427,0.002506,74.125.200.0-255,2184,204080,77,425982
41428,0.002508,172.31.40.0-255,66,204146,77,425982
41429,0.002541,74.125.200.0-255,1484,205630,77,425982
41430,0.002559,74.125.200.0-255,2902,208532,77,425982
41431,0.002562,172.31.40.0-255,66,208598,77,425982
41432,0.002567,74.125.200.0-255,4320,212918,77,425982
41433,0.00257,172.31.40.0-255,66,212984,77,425982
41434,0.002589,74.125.200.0-255,1484,214468,77,425982
41435,0.002595,74.125.200.0-255,4320,218788,77,425982
41436,0.002598,172.31.40.0-255,66,218854,77,425982
41437,0.002625,74.125.200.0-255,5738,224592,77,425982
41438,0.002628,172.31.40.0-255,66,224658,77,425982
41439,0.002672,74.125.200.0-255,1484,226142,77,425982
41440,0.002702,74.125.200.0-255,5738,231880,77,425982
41441,0.002704,172.31.40.0-255,66,231946,77,425982
41442,0.002711,74.125.200.0-255,6438,238384,77,425982
41443,0.002713,172.31.40.0-255,66,238450,77,425982
41444,0.002779,74.125.200.0-255,1484,239934,77,425982
41445,0.002784,74.125.200.0-255,1484,241418,77,425982
41446,0.002786,172.31.40.0-255,66,241484,77,425982
41447,0.002814,74.125.200.0-255,2902,244386,77,425982
41448,0.002816,172.31.40.0-255,66,244452,77,425982
41449,0.002819,74.125.200.0-255,1484,245936,77,425982
41450,0.002847,74.125.200.0-255,4320,250256,77,425982
41451,0.00285,172.31.40.0-255,66,250322,77,425982
41452,0.002861,74.125.200.0-255,4320,254642,77,425982
41453,0.00287,172.31.40.0-255,66,254708,77,425982
41454,0.002876,74.125.200.0-255,5738,260446,77,425982
41455,0.002879,172.31.40.0-255,66,260512,77,425982
41456,0.002904,74.125.200.0-255,4320,264832,77,425982
41457,0.002906,172.31.40.0-255,66,264898,77,425982
41458,0.00291,74.125.200.0-255,1484,266382,77,425982
41459,0.002941,74.125.200.0-255,2902,269284,77,425982
41460,0.002944,172.31.40.0-255,66,269350,77,425982
41461,0.002947,74.125.200.0-255,1484,270834,77,425982
41462,0.00295,74.125.200.0-255,1484,272318,77,425982
41463,0.002952,172.31.40.0-255,66,272384,77,425982
41464,0.002955,74.125.200.0-255,766,273150,77,425982
41465,0.002977,74.125.200.0-255,1484,274634,77,425982
41466,0.00298,172.31.40.0-255,66,274700,77,425982
41467,0.003009,74.125.200.0-255,4320,279020,77,425982
41468,0.003012,172.31.40.0-255,66,279086,77,425982
41469,0.003015,74.125.200.0-255,1484,280570,77,425982
41470,0.003019,74.125.200.0-255,2902,283472,77,425982
41471,0.003022,172.31.40.0-255,66,283538,77,425982
41472,0.003027,74.125.200.0-255,2902,286440,77,425982
41473,0.003029,172.31.40.0-255,66,286506,77,425982
41474,0.003057,74.125.200.0-255,4320,290826,77,425982
41475,0.00306,172.31.40.0-255,66,290892,77,425982
41476,0.003066,74.125.200.0-255,5738,296630,77,425982
41477,0.003068,172.31.40.0-255,66,296696,77,425982
41478,0.003075,74.125.200.0-255,7156,303852,77,425982
41479,0.003078,172.31.40.0-255,66,303918,77,425982
41480,0.003081,74.125.200.0-255,1484,305402,77,425982
41481,0.003085,74.125.200.0-255,2184,307586,77,425982
41482,0.003087,172.31.40.0-255,66,307652,77,425982
41483,0.003553,74.125.200.0-255,1484,309136,77,425982
41484,0.003561,74.125.200.0-255,2902,312038,77,425982
41485,0.003571,74.125.200.0-255,1484,313522,77,425982
41486,0.003587,74.125.200.0-255,4320,317842,77,425982
41487,0.003603,74.125.200.0-255,5738,323580,77,425982
41488,0.003616,74.125.200.0-255,2902,326482,77,425982
41489,0.003622,74.125.200.0-255,5738,332220,77,425982
41490,0.003643,74.125.200.0-255,4320,336540,77,425982
41491,0.003664,74.125.200.0-255,5020,341560,77,425982
41492,0.003733,74.125.200.0-255,1484,343044,77,425982
41493,0.003749,74.125.200.0-255,2902,345946,77,425982
41494,0.003752,74.125.200.0-255,1484,347430,77,425982
41495,0.003763,74.125.200.0-255,1484,348914,77,425982
41496,0.003801,74.125.200.0-255,5738,354652,77,425982
41497,0.003815,74.125.200.0-255,2902,357554,77,425982
41498,0.003819,74.125.200.0-255,2902,360456,77,425982
41499,0.003841,74.125.200.0-255,5738,366194,77,425982
41500,0.003877,74.125.200.0-255,9274,375468,77,425982
41501,0.00466,74.125.200.0-255,1484,376952,77,425982
41502,0.004666,74.125.200.0-255,2902,379854,77,425982
41503,0.00467,74.125.200.0-255,1484,381338,77,425982
41504,0.00469,74.125.200.0-255,4320,385658,77,425982
41505,0.004693,74.125.200.0-255,1484,387142,77,425982
41506,0.004706,74.125.200.0-255,2902,390044,77,425982
41507,0.004723,74.125.200.0-255,1484,391528,77,425982
41508,0.004727,74.125.200.0-255,2902,394430,77,425982
41509,0.004744,74.125.200.0-255,2902,397332,77,425982
41510,0.004747,74.125.200.0-255,1484,398816,77,425982
41511,0.004769,74.125.200.0-255,7156,405972,77,425982
41512,0.004774,74.125.200.0-255,3602,409574,77,425982
41513,0.004842,74.125.200.0-255,5738,415312,77,425982
41514,0.004846,74.125.200.0-255,1915,417227,77,425982
41515,0.004892,74.125.200.0-255,97,417324,77,425982
41516,0.005018,74.125.200.0-255,105,417429,77,425982
41517,0.009957,172.31.40.0-255,66,417495,77,425982
41518,0.011901,74.125.200.0-255,105,417600,77,425982
41519,0.011912,172.31.40.0-255,78,417678,77,425982
41520,0.013339,172.31.40.0-255,105,417783,77,425982
41521,0.01529,74.125.200.0-255,66,417849,77,425982
41522,0.046065,172.31.40.0-255,172,418021,77,425982
41523,0.046099,172.31.40.0-255,1116,419137,77,425982
41524,0.046171,172.31.40.0-255,1514,420651,77,425982
41525,0.046173,172.31.40.0-255,1514,422165,77,425982
41526,0.046175,172.31.40.0-255,1514,423679,77,425982
41527,0.046176,172.31.40.0-255,1514,425193,77,425982
41528,0.046202,172.31.40.0-255,525,425718,77,425982
41529,0.047626,104.244.42.0-255,66,425784,77,425982
41530,0.047666,104.244.42.0-255,66,425850,77,425982
41531,0.047764,104.244.42.0-255,66,425916,77,425982
41532,0.047769,104.244.42.0-255,66,425982,77,425982
41533,0.0,74.125.24.0-255,291,291,77,419837
41534,1.3e-05,172.31.40.0-255,66,357,77,419837
41535,1.9e-05,74.125.24.0-255,1484,1841,77,419837
41536,2.3e-05,172.31.40.0-255,66,1907,77,419837
41537,3.9e-05,74.125.24.0-255,4320,6227,77,419837
41538,4.1e-05,172.31.40.0-255,66,6293,77,419837
41539,5e-05,74.125.24.0-255,7450,13743,77,419837
41540,5.4e-05,172.31.40.0-255,66,13809,77,419837
41541,8.3e-05,74.125.24.0-255,4320,18129,77,419837
41542,8.6e-05,172.31.40.0-255,66,18195,77,419837
41543,0.000104,74.125.24.0-255,4320,22515,77,419837
41544,0.000107,172.31.40.0-255,66,22581,77,419837
41545,0.000111,74.125.24.0-255,1484,24065,77,419837
41546,0.000113,172.31.40.0-255,66,24131,77,419837
41547,0.000154,74.125.24.0-255,4320,28451,77,419837
41548,0.000157,172.31.40.0-255,66,28517,77,419837
41549,0.000175,74.125.24.0-255,2543,31060,77,419837
41550,0.000178,172.31.40.0-255,66,31126,77,419837
41551,0.000217,74.125.24.0-255,1484,32610,77,419837
41552,0.00022,172.31.40.0-255,66,32676,77,419837
41553,0.000237,74.125.24.0-255,1484,34160,77,419837
41554,0.000243,172.31.40.0-255,66,34226,77,419837
41555,0.00027,74.125.24.0-255,1484,35710,77,419837
41556,0.000273,172.31.40.0-255,66,35776,77,419837
41557,0.00028,74.125.24.0-255,5738,41514,77,419837
41558,0.000282,172.31.40.0-255,66,41580,77,419837
41559,0.000309,74.125.24.0-255,4320,45900,77,419837
41560,0.000312,172.31.40.0-255,66,45966,77,419837
41561,0.000336,74.125.24.0-255,2543,48509,77,419837
41562,0.000339,172.31.40.0-255,66,48575,77,419837
41563,0.000594,74.125.24.0-255,1484,50059,77,419837
41564,0.000601,172.31.40.0-255,66,50125,77,419837
41565,0.000615,74.125.24.0-255,2902,53027,77,419837
41566,0.000619,172.31.40.0-255,66,53093,77,419837
41567,0.000629,74.125.24.0-255,5738,58831,77,419837
41568,0.000632,172.31.40.0-255,66,58897,77,419837
41569,0.000659,74.125.24.0-255,5738,64635,77,419837
41570,0.000662,172.31.40.0-255,66,64701,77,419837
41571,0.000687,74.125.24.0-255,1705,66406,77,419837
41572,0.00069,172.31.40.0-255,66,66472,77,419837
41573,0.000776,74.125.24.0-255,1484,67956,77,419837
41574,0.000781,74.125.24.0-255,1484,69440,77,419837
41575,0.000784,172.31.40.0-255,66,69506,77,419837
41576,0.000796,74.125.24.0-255,1484,70990,77,419837
41577,0.000805,74.125.24.0-255,2902,73892,77,419837
41578,0.000808,172.31.40.0-255,66,73958,77,419837
41579,0.000821,74.125.24.0-255,2902,76860,77,419837
41580,0.000829,172.31.40.0-255,66,76926,77,419837
41581,0.000833,74.125.24.0-255,2902,79828,77,419837
41582,0.000836,172.31.40.0-255,66,79894,77,419837
41583,0.000907,74.125.24.0-255,11051,90945,77,419837
41584,0.000911,172.31.40.0-255,66,91011,77,419837
41585,0.00092,74.125.24.0-255,7156,98167,77,419837
41586,0.000922,172.31.40.0-255,66,98233,77,419837
41587,0.000926,74.125.24.0-255,2543,100776,77,419837
41588,0.000929,172.31.40.0-255,66,100842,77,419837
41589,0.00117,74.125.24.0-255,1484,102326,77,419837
41590,0.001184,74.125.24.0-255,2902,105228,77,419837
41591,0.001188,172.31.40.0-255,66,105294,77,419837
41592,0.001223,74.125.24.0-255,5738,111032,77,419837
41593,0.001226,172.31.40.0-255,66,111098,77,419837
41594,0.001236,74.125.24.0-255,9992,121090,77,419837
41595,0.001238,172.31.40.0-255,66,121156,77,419837
41596,0.00126,74.125.24.0-255,4320,125476,77,419837
41597,0.001263,172.31.40.0-255,66,125542,77,419837
41598,0.001302,74.125.24.0-255,9274,134816,77,419837
41599,0.001305,172.31.40.0-255,66,134882,77,419837
41600,0.001327,74.125.24.0-255,1484,136366,77,419837
41601,0.001349,74.125.24.0-255,2902,139268,77,419837
41602,0.001352,172.31.40.0-255,66,139334,77,419837
41603,0.001358,74.125.24.0-255,4320,143654,77,419837
41604,0.00136,172.31.40.0-255,66,143720,77,419837
41605,0.00139,74.125.24.0-255,1484,145204,77,419837
41606,0.001405,74.125.24.0-255,12828,158032,77,419837
41607,0.001409,172.31.40.0-255,66,158098,77,419837
41608,0.001415,74.125.24.0-255,5738,163836,77,419837
41609,0.001417,172.31.40.0-255,66,163902,77,419837
41610,0.001421,74.125.24.0-255,1484,165386,77,419837
41611,0.001448,74.125.24.0-255,3602,168988,77,419837
41612,0.001456,172.31.40.0-255,66,169054,77,419837
41613,0.001483,74.125.24.0-255,1484,170538,77,419837
41614,0.001488,74.125.24.0-255,2902,173440,77,419837
41615,0.001492,172.31.40.0-255,66,173506,77,419837
41616,0.001497,74.125.24.0-255,4320,177826,77,419837
41617,0.0015,172.31.40.0-255,66,177892,77,419837
41618,0.001528,74.125.24.0-255,1484,179376,77,419837
41619,0.001535,74.125.24.0-255,7156,186532,77,419837
41620,0.001543,74.125.24.0-255,8574,195106,77,419837
41621,0.001549,172.31.40.0-255,66,195172,77,419837
41622,0.001552,172.31.40.0-255,66,195238,77,419837
41623,0.001578,74.125.24.0-255,5738,200976,77,419837
41624,0.001581,172.31.40.0-255,66,201042,77,419837
41625,0.001585,74.125.24.0-255,2184,203226,77,419837
41626,0.001587,172.31.40.0-255,66,203292,77,419837
41627,0.00169,74.125.24.0-255,1484,204776,77,419837
41628,0.001696,74.125.24.0-255,2902,207678,77,419837
41629,0.0017,172.31.40.0-255,66,207744,77,419837
41630,0.001731,74.125.24.0-255,5738,213482,77,419837
41631,0.001734,172.31.40.0-255,66,213548,77,419837
41632,0.001739,74.125.24.0-255,2902,216450,77,419837
41633,0.001741,172.31.40.0-255,66,216516,77,419837
41634,0.001771,74.125.24.0-255,9992,226508,77,419837
41635,0.001775,172.31.40.0-255,66,226574,77,419837
41636,0.001801,74.125.24.0-255,7156,233730,77,419837
41637,0.001803,172.31.40.0-255,66,233796,77,419837
41638,0.001827,74.125.24.0-255,3602,237398,77,419837
41639,0.00183,172.31.40.0-255,66,237464,77,419837
41640,0.00384,74.125.24.0-255,1484,238948,77,419837
41641,0.003866,74.125.24.0-255,4320,243268,77,419837
41642,0.003872,172.31.40.0-255,66,243334,77,419837
41643,0.005888,74.125.24.0-255,5738,249072,77,419837
41644,0.005896,172.31.40.0-255,66,249138,77,419837
41645,0.00792,74.125.24.0-255,5738,254876,77,419837
41646,0.007926,172.31.40.0-255,66,254942,77,419837
41647,0.009964,74.125.24.0-255,5738,260680,77,419837
41648,0.00998,172.31.40.0-255,66,260746,77,419837
41649,0.012063,74.125.24.0-255,5738,266484,77,419837
41650,0.012075,172.31.40.0-255,66,266550,77,419837
41651,0.014081,74.125.24.0-255,5738,272288,77,419837
41652,0.014092,172.31.40.0-255,66,272354,77,419837
41653,0.016117,74.125.24.0-255,4320,276674,77,419837
41654,0.016123,172.31.40.0-255,66,276740,77,419837
41655,0.016144,74.125.24.0-255,1484,278224,77,419837
41656,0.018158,74.125.24.0-255,4320,282544,77,419837
41657,0.018162,172.31.40.0-255,66,282610,77,419837
41658,0.020196,74.125.24.0-255,5738,288348,77,419837
41659,0.020207,172.31.40.0-255,66,288414,77,419837
41660,0.0222,74.125.24.0-255,2902,291316,77,419837
41661,0.022207,172.31.40.0-255,66,291382,77,419837
41662,0.022228,74.125.24.0-255,2902,294284,77,419837
41663,0.022231,172.31.40.0-255,66,294350,77,419837
41664,0.02425,74.125.24.0-255,2902,297252,77,419837
41665,0.024265,172.31.40.0-255,66,297318,77,419837
41666,0.024301,74.125.24.0-255,2902,300220,77,419837
41667,0.024305,172.31.40.0-255,66,300286,77,419837
41668,0.026311,74.125.24.0-255,4320,304606,77,419837
41669,0.02632,172.31.40.0-255,66,304672,77,419837
41670,0.026348,74.125.24.0-255,1484,306156,77,419837
41671,0.02838,74.125.24.0-255,4320,310476,77,419837
41672,0.028389,172.31.40.0-255,66,310542,77,419837
41673,0.030445,74.125.24.0-255,5738,316280,77,419837
41674,0.030453,172.31.40.0-255,66,316346,77,419837
41675,0.032485,74.125.24.0-255,5738,322084,77,419837
41676,0.032494,172.31.40.0-255,66,322150,77,419837
41677,0.034511,74.125.24.0-255,5738,327888,77,419837
41678,0.034534,172.31.40.0-255,66,327954,77,419837
41679,0.036561,74.125.24.0-255,5738,333692,77,419837
41680,0.036568,172.31.40.0-255,66,333758,77,419837
41681,0.03858,74.125.24.0-255,5738,339496,77,419837
41682,0.038587,172.31.40.0-255,66,339562,77,419837
41683,0.04063,74.125.24.0-255,5738,345300,77,419837
41684,0.040647,172.31.40.0-255,66,345366,77,419837
41685,0.042683,74.125.24.0-255,5738,351104,77,419837
41686,0.04269,172.31.40.0-255,66,351170,77,419837
41687,0.044732,74.125.24.0-255,5738,356908,77,419837
41688,0.044739,172.31.40.0-255,66,356974,77,419837
41689,0.046769,74.125.24.0-255,5738,362712,77,419837
41690,0.046787,172.31.40.0-255,66,362778,77,419837
41691,0.048825,74.125.24.0-255,5738,368516,77,419837
41692,0.048831,172.31.40.0-255,66,368582,77,419837
41693,0.050837,74.125.24.0-255,5738,374320,77,419837
41694,0.050845,172.31.40.0-255,66,374386,77,419837
41695,0.050924,172.31.40.0-255,172,374558,77,419837
41696,0.05095,172.31.40.0-255,1119,375677,77,419837
41697,0.051072,172.31.40.0-255,1514,377191,77,419837
41698,0.051074,172.31.40.0-255,1276,378467,77,419837
41699,0.052512,104.244.42.0-255,66,378533,77,419837
41700,0.052522,104.244.42.0-255,66,378599,77,419837
41701,0.052657,104.244.42.0-255,66,378665,77,419837
41702,0.052846,74.125.24.0-255,2902,381567,77,419837
41703,0.052853,172.31.40.0-255,66,381633,77,419837
41704,0.052887,74.125.24.0-255,2902,384535,77,419837
41705,0.052891,172.31.40.0-255,66,384601,77,419837
41706,0.054854,74.125.24.0-255,2902,387503,77,419837
41707,0.054861,172.31.40.0-255,66,387569,77,419837
41708,0.05489,74.125.24.0-255,1484,389053,77,419837
41709,0.054907,74.125.24.0-255,1484,390537,77,419837
41710,0.05491,172.31.40.0-255,66,390603,77,419837
41711,0.056902,74.125.24.0-255,2902,393505,77,419837
41712,0.056909,172.31.40.0-255,66,393571,77,419837
41713,0.056944,74.125.24.0-255,2902,396473,77,419837
41714,0.056947,172.31.40.0-255,66,396539,77,419837
41715,0.058955,74.125.24.0-255,2902,399441,77,419837
41716,0.058971,172.31.40.0-255,66,399507,77,419837
41717,0.059001,74.125.24.0-255,2902,402409,77,419837
41718,0.059004,172.31.40.0-255,66,402475,77,419837
41719,0.061005,74.125.24.0-255,2902,405377,77,419837
41720,0.061016,172.31.40.0-255,66,405443,77,419837
41721,0.06105,74.125.24.0-255,2902,408345,77,419837
41722,0.061053,172.31.40.0-255,66,408411,77,419837
41723,0.06304,74.125.24.0-255,2902,411313,77,419837
41724,0.063056,172.31.40.0-255,66,411379,77,419837
41725,0.063087,74.125.24.0-255,2902,414281,77,419837
41726,0.063091,172.31.40.0-255,66,414347,77,419837
41727,0.065101,74.125.24.0-255,2902,417249,77,419837
41728,0.065119,172.31.40.0-255,66,417315,77,419837
41729,0.065153,74.125.24.0-255,2285,419600,77,419837
41730,0.065157,172.31.40.0-255,66,419666,77,419837
41731,0.065448,172.31.40.0-255,105,419771,77,419837
41732,0.067422,74.125.24.0-255,66,419837,77,419837
41733,0.0,172.217.194.0-255,155,155,77,418682
41734,1.8e-05,172.31.40.0-255,66,221,77,418682
41735,2.5e-05,172.217.194.0-255,1484,1705,77,418682
41736,3e-05,172.31.40.0-255,66,1771,77,418682
41737,3.6e-05,172.217.194.0-255,2902,4673,77,418682
41738,4.1e-05,172.31.40.0-255,66,4739,77,418682
41739,4.9e-05,172.217.194.0-255,7156,11895,77,418682
41740,5.1e-05,172.31.40.0-255,66,11961,77,418682
41741,5.5e-05,172.217.194.0-255,2067,14028,77,418682
41742,5.8e-05,172.31.40.0-255,66,14094,77,418682
41743,0.000244,172.217.194.0-255,1484,15578,77,418682
41744,0.000249,172.31.40.0-255,66,15644,77,418682
41745,0.000255,172.217.194.0-255,2902,18546,77,418682
41746,0.000258,172.31.40.0-255,66,18612,77,418682
41747,0.000288,172.217.194.0-255,1484,20096,77,418682
41748,0.00029,172.31.40.0-255,66,20162,77,418682
41749,0.000322,172.217.194.0-255,4320,24482,77,418682
41750,0.000325,172.31.40.0-255,66,24548,77,418682
41751,0.000332,172.217.194.0-255,6797,31345,77,418682
41752,0.000335,172.31.40.0-255,66,31411,77,418682
41753,0.000341,172.217.194.0-255,7156,38567,77,418682
41754,0.000344,172.31.40.0-255,66,38633,77,418682
41755,0.000354,172.217.194.0-255,9633,48266,77,418682
41756,0.000357,172.31.40.0-255,66,48332,77,418682
41757,0.00039,172.217.194.0-255,1484,49816,77,418682
41758,0.000393,172.31.40.0-255,66,49882,77,418682
41759,0.000397,172.217.194.0-255,2902,52784,77,418682
41760,0.000399,172.31.40.0-255,66,52850,77,418682
41761,0.000427,172.217.194.0-255,5738,58588,77,418682
41762,0.00043,172.31.40.0-255,66,58654,77,418682
41763,0.000445,172.217.194.0-255,2902,61556,77,418682
41764,0.000448,172.31.40.0-255,66,61622,77,418682
41765,0.000472,172.217.194.0-255,4255,65877,77,418682
41766,0.0005,172.31.40.0-255,66,65943,77,418682
41767,0.000836,172.217.194.0-255,382,66325,77,418682
41768,0.001042,172.31.40.0-255,66,66391,77,418682
41769,0.00109,172.217.194.0-255,1484,67875,77,418682
41770,0.001094,172.217.194.0-255,1484,69359,77,418682
41771,0.001096,172.31.40.0-255,66,69425,77,418682
41772,0.001117,172.217.194.0-255,1484,70909,77,418682
41773,0.001123,172.217.194.0-255,4320,75229,77,418682
41774,0.001125,172.31.40.0-255,66,75295,77,418682
41775,0.001133,172.217.194.0-255,8574,83869,77,418682
41776,0.001136,172.31.40.0-255,66,83935,77,418682
41777,0.00117,172.217.194.0-255,4320,88255,77,418682
41778,0.001173,172.31.40.0-255,66,88321,77,418682
41779,0.001197,172.217.194.0-255,12110,100431,77,418682
41780,0.001217,172.31.40.0-255,66,100497,77,418682
41781,0.001704,172.217.194.0-255,1484,101981,77,418682
41782,0.001713,172.217.194.0-255,2902,104883,77,418682
41783,0.001717,172.31.40.0-255,66,104949,77,418682
41784,0.001723,172.217.194.0-255,2902,107851,77,418682
41785,0.001725,172.31.40.0-255,66,107917,77,418682
41786,0.001743,172.217.194.0-255,2902,110819,77,418682
41787,0.001745,172.31.40.0-255,66,110885,77,418682
41788,0.001753,172.217.194.0-255,7156,118041,77,418682
41789,0.001755,172.31.40.0-255,66,118107,77,418682
41790,0.001784,172.217.194.0-255,5738,123845,77,418682
41791,0.001787,172.31.40.0-255,66,123911,77,418682
41792,0.001797,172.217.194.0-255,10692,134603,77,418682
41793,0.002119,172.217.194.0-255,1484,136087,77,418682
41794,0.002127,172.217.194.0-255,2902,138989,77,418682
41795,0.002132,172.217.194.0-255,2902,141891,77,418682
41796,0.00215,172.217.194.0-255,2902,144793,77,418682
41797,0.002155,172.217.194.0-255,4320,149113,77,418682
41798,0.002184,172.217.194.0-255,8574,157687,77,418682
41799,0.002193,172.217.194.0-255,10692,168379,77,418682
41800,0.002263,172.217.194.0-255,1484,169863,77,418682
41801,0.002268,172.217.194.0-255,2902,172765,77,418682
41802,0.002271,172.217.194.0-255,1484,174249,77,418682
41803,0.002303,172.217.194.0-255,5738,179987,77,418682
41804,0.002309,172.217.194.0-255,2902,182889,77,418682
41805,0.002333,172.217.194.0-255,9992,192881,77,418682
41806,0.002338,172.217.194.0-255,4320,197201,77,418682
41807,0.002354,172.217.194.0-255,5020,202221,77,418682
41808,0.002615,172.217.194.0-255,1484,203705,77,418682
41809,0.002622,172.217.194.0-255,2902,206607,77,418682
41810,0.002637,172.217.194.0-255,2902,209509,77,418682
41811,0.002649,172.217.194.0-255,2902,212411,77,418682
41812,0.002655,172.217.194.0-255,4320,216731,77,418682
41813,0.002674,172.217.194.0-255,2902,219633,77,418682
41814,0.002676,172.217.194.0-255,1484,221117,77,418682
41815,0.009751,172.31.40.0-255,66,221183,77,418682
41816,0.012398,172.217.194.0-255,5738,226921,77,418682
41817,0.012409,172.31.40.0-255,66,226987,77,418682
41818,0.014991,172.217.194.0-255,5738,232725,77,418682
41819,0.015007,172.31.40.0-255,66,232791,77,418682
41820,0.017588,172.217.194.0-255,5738,238529,77,418682
41821,0.017595,172.31.40.0-255,66,238595,77,418682
41822,0.020229,172.217.194.0-255,5738,244333,77,418682
41823,0.020237,172.31.40.0-255,66,244399,77,418682
41824,0.022819,172.217.194.0-255,5738,250137,77,418682
41825,0.022826,172.31.40.0-255,66,250203,77,418682
41826,0.025419,172.217.194.0-255,5738,255941,77,418682
41827,0.025426,172.31.40.0-255,66,256007,77,418682
41828,0.028003,172.217.194.0-255,5738,261745,77,418682
41829,0.02802,172.31.40.0-255,66,261811,77,418682
41830,0.030617,172.217.194.0-255,5738,267549,77,418682
41831,0.030627,172.31.40.0-255,66,267615,77,418682
41832,0.033215,172.217.194.0-255,5738,273353,77,418682
41833,0.033223,172.31.40.0-255,66,273419,77,418682
41834,0.035826,172.217.194.0-255,5738,279157,77,418682
41835,0.035832,172.31.40.0-255,66,279223,77,418682
41836,0.038443,172.217.194.0-255,5738,284961,77,418682
41837,0.03846,172.31.40.0-255,66,285027,77,418682
41838,0.041038,172.217.194.0-255,5738,290765,77,418682
41839,0.041046,172.31.40.0-255,66,290831,77,418682
41840,0.043659,172.217.194.0-255,5738,296569,77,418682
41841,0.043689,172.31.40.0-255,66,296635,77,418682
41842,0.046313,172.217.194.0-255,5738,302373,77,418682
41843,0.04632,172.31.40.0-255,66,302439,77,418682
41844,0.048948,172.217.194.0-255,5738,308177,77,418682
41845,0.048967,172.31.40.0-255,66,308243,77,418682
41846,0.051552,172.217.194.0-255,5738,313981,77,418682
41847,0.051558,172.31.40.0-255,66,314047,77,418682
41848,0.052679,172.31.40.0-255,172,314219,77,418682
41849,0.052713,172.31.40.0-255,1120,315339,77,418682
41850,0.052774,172.31.40.0-255,1514,316853,77,418682
41851,0.052775,172.31.40.0-255,1514,318367,77,418682
41852,0.0528,172.31.40.0-255,431,318798,77,418682
41853,0.054151,172.217.194.0-255,5738,324536,77,418682
41854,0.054157,172.31.40.0-255,66,324602,77,418682
41855,0.054198,104.244.42.0-255,66,324668,77,418682
41856,0.054272,104.244.42.0-255,66,324734,77,418682
41857,0.054393,104.244.42.0-255,66,324800,77,418682
41858,0.054398,104.244.42.0-255,66,324866,77,418682
41859,0.056763,172.217.194.0-255,5738,330604,77,418682
41860,0.056783,172.31.40.0-255,66,330670,77,418682
41861,0.059406,172.217.194.0-255,5738,336408,77,418682
41862,0.059424,172.31.40.0-255,66,336474,77,418682
41863,0.062042,172.217.194.0-255,5738,342212,77,418682
41864,0.06206,172.31.40.0-255,66,342278,77,418682
41865,0.064673,172.217.194.0-255,5738,348016,77,418682
41866,0.064691,172.31.40.0-255,66,348082,77,418682
41867,0.067313,172.217.194.0-255,5738,353820,77,418682
41868,0.067328,172.31.40.0-255,66,353886,77,418682
41869,0.069939,172.217.194.0-255,5738,359624,77,418682
41870,0.069958,172.31.40.0-255,66,359690,77,418682
41871,0.07255,172.217.194.0-255,5738,365428,77,418682
41872,0.072565,172.31.40.0-255,66,365494,77,418682
41873,0.075179,172.217.194.0-255,5738,371232,77,418682
41874,0.075197,172.31.40.0-255,66,371298,77,418682
41875,0.077799,172.217.194.0-255,5738,377036,77,418682
41876,0.077818,172.31.40.0-255,66,377102,77,418682
41877,0.08042,172.217.194.0-255,5738,382840,77,418682
41878,0.080438,172.31.40.0-255,66,382906,77,418682
41879,0.083041,172.217.194.0-255,5738,388644,77,418682
41880,0.083057,172.31.40.0-255,66,388710,77,418682
41881,0.085728,172.217.194.0-255,5738,394448,77,418682
41882,0.085746,172.31.40.0-255,66,394514,77,418682
41883,0.088345,172.217.194.0-255,5738,400252,77,418682
41884,0.088363,172.31.40.0-255,66,400318,77,418682
41885,0.090968,172.217.194.0-255,5738,406056,77,418682
41886,0.090988,172.31.40.0-255,66,406122,77,418682
41887,0.093585,172.217.194.0-255,5738,411860,77,418682
41888,0.093598,172.31.40.0-255,66,411926,77,418682
41889,0.0962,172.217.194.0-255,5738,417664,77,418682
41890,0.096208,172.31.40.0-255,66,417730,77,418682
41891,0.098754,172.217.194.0-255,781,418511,77,418682
41892,0.099306,172.31.40.0-255,66,418577,77,418682
41893,0.099347,172.31.40.0-255,105,418682,77,418682
41894,0.0,74.125.24.0-255,153,153,77,403374
41895,2.4e-05,172.31.40.0-255,66,219,77,403374
41896,3.1e-05,74.125.24.0-255,1484,1703,77,403374
41897,3.6e-05,172.31.40.0-255,66,1769,77,403374
41898,4.2e-05,74.125.24.0-255,2902,4671,77,403374
41899,5.3e-05,172.31.40.0-255,66,4737,77,403374
41900,6.1e-05,74.125.24.0-255,7156,11893,77,403374
41901,6.4e-05,172.31.40.0-255,66,11959,77,403374
41902,7.3e-05,74.125.24.0-255,7613,19572,77,403374
41903,7.6e-05,172.31.40.0-255,66,19638,77,403374
41904,9e-05,74.125.24.0-255,2902,22540,77,403374
41905,9.2e-05,172.31.40.0-255,66,22606,77,403374
41906,0.000141,172.31.40.0-255,66,22672,77,403374
41907,0.000151,74.125.24.0-255,9992,32664,77,403374
41908,0.000154,172.31.40.0-255,66,32730,77,403374
41909,0.000192,74.125.24.0-255,7856,40586,77,403374
41910,0.000195,172.31.40.0-255,66,40652,77,403374
41911,0.000204,74.125.24.0-255,8574,49226,77,403374
41912,0.000206,172.31.40.0-255,66,49292,77,403374
41913,0.000209,74.125.24.0-255,1438,50730,77,403374
41914,0.000211,172.31.40.0-255,66,50796,77,403374
41915,0.000457,74.125.24.0-255,343,51139,77,403374
41916,0.000462,172.31.40.0-255,66,51205,77,403374
41917,0.000615,74.125.24.0-255,1484,52689,77,403374
41918,0.000619,172.31.40.0-255,66,52755,77,403374
41919,0.000624,74.125.24.0-255,2902,55657,77,403374
41920,0.000627,172.31.40.0-255,66,55723,77,403374
41921,0.000632,74.125.24.0-255,2902,58625,77,403374
41922,0.000639,172.31.40.0-255,66,58691,77,403374
41923,0.000667,74.125.24.0-255,2902,61593,77,403374
41924,0.00067,172.31.40.0-255,66,61659,77,403374
41925,0.000676,74.125.24.0-255,5738,67397,77,403374
41926,0.000679,172.31.40.0-255,66,67463,77,403374
41927,0.000683,74.125.24.0-255,2902,70365,77,403374
41928,0.000685,172.31.40.0-255,66,70431,77,403374
41929,0.000733,74.125.24.0-255,9992,80423,77,403374
41930,0.000737,172.31.40.0-255,66,80489,77,403374
41931,0.000743,74.125.24.0-255,5020,85509,77,403374
41932,0.000745,172.31.40.0-255,66,85575,77,403374
41933,0.001194,74.125.24.0-255,1484,87059,77,403374
41934,0.001201,74.125.24.0-255,2902,89961,77,403374
41935,0.001205,172.31.40.0-255,66,90027,77,403374
41936,0.00121,74.125.24.0-255,2902,92929,77,403374
41937,0.001212,172.31.40.0-255,66,92995,77,403374
41938,0.001238,74.125.24.0-255,2902,95897,77,403374
41939,0.00124,172.31.40.0-255,66,95963,77,403374
41940,0.001251,74.125.24.0-255,12828,108791,77,403374
41941,0.001253,172.31.40.0-255,66,108857,77,403374
41942,0.001288,74.125.24.0-255,2902,111759,77,403374
41943,0.00129,172.31.40.0-255,66,111825,77,403374
41944,0.001323,74.125.24.0-255,7856,119681,77,403374
41945,0.001326,172.31.40.0-255,66,119747,77,403374
41946,0.001371,74.125.24.0-255,1484,121231,77,403374
41947,0.001385,74.125.24.0-255,2902,124133,77,403374
41948,0.001387,172.31.40.0-255,66,124199,77,403374
41949,0.00142,74.125.24.0-255,5738,129937,77,403374
41950,0.001423,172.31.40.0-255,66,130003,77,403374
41951,0.001427,74.125.24.0-255,2902,132905,77,403374
41952,0.001429,172.31.40.0-255,66,132971,77,403374
41953,0.001436,74.125.24.0-255,7156,140127,77,403374
41954,0.001439,172.31.40.0-255,66,140193,77,403374
41955,0.00146,74.125.24.0-255,2902,143095,77,403374
41956,0.001462,172.31.40.0-255,66,143161,77,403374
41957,0.001471,74.125.24.0-255,9992,153153,77,403374
41958,0.001473,172.31.40.0-255,66,153219,77,403374
41959,0.001498,74.125.24.0-255,766,153985,77,403374
41960,0.001554,74.125.24.0-255,1484,155469,77,403374
41961,0.001558,172.31.40.0-255,66,155535,77,403374
41962,0.001596,74.125.24.0-255,2902,158437,77,403374
41963,0.001599,172.31.40.0-255,66,158503,77,403374
41964,0.001607,74.125.24.0-255,5738,164241,77,403374
41965,0.001609,172.31.40.0-255,66,164307,77,403374
41966,0.001615,74.125.24.0-255,7156,171463,77,403374
41967,0.001618,172.31.40.0-255,66,171529,77,403374
41968,0.001654,74.125.24.0-255,5738,177267,77,403374
41969,0.001658,172.31.40.0-255,66,177333,77,403374
41970,0.001664,74.125.24.0-255,7156,184489,77,403374
41971,0.00167,74.125.24.0-255,3602,188091,77,403374
41972,0.001695,172.31.40.0-255,66,188157,77,403374
41973,0.001925,172.31.40.0-255,101,188258,77,403374
41974,0.002039,74.125.24.0-255,1484,189742,77,403374
41975,0.002056,74.125.24.0-255,2902,192644,77,403374
41976,0.00206,172.31.40.0-255,66,192710,77,403374
41977,0.002085,74.125.24.0-255,5738,198448,77,403374
41978,0.002088,172.31.40.0-255,66,198514,77,403374
41979,0.002092,74.125.24.0-255,1484,199998,77,403374
41980,0.002122,74.125.24.0-255,8574,208572,77,403374
41981,0.002124,172.31.40.0-255,66,208638,77,403374
41982,0.002159,74.125.24.0-255,13528,222166,77,403374
41983,0.002179,172.31.40.0-255,66,222232,77,403374
41984,0.004209,74.125.24.0-255,66,222298,77,403374
41985,0.004451,74.125.24.0-255,4320,226618,77,403374
41986,0.004456,172.31.40.0-255,66,226684,77,403374
41987,0.004483,74.125.24.0-255,1484,228168,77,403374
41988,0.006744,74.125.24.0-255,4320,232488,77,403374
41989,0.006748,172.31.40.0-255,66,232554,77,403374
41990,0.009052,74.125.24.0-255,5738,238292,77,403374
41991,0.009058,172.31.40.0-255,66,238358,77,403374
41992,0.011381,74.125.24.0-255,5738,244096,77,403374
41993,0.011389,172.31.40.0-255,66,244162,77,403374
41994,0.013717,74.125.24.0-255,5738,249900,77,403374
41995,0.013736,172.31.40.0-255,66,249966,77,403374
41996,0.016057,74.125.24.0-255,5738,255704,77,403374
41997,0.01607,172.31.40.0-255,66,255770,77,403374
41998,0.018363,74.125.24.0-255,5738,261508,77,403374
41999,0.018374,172.31.40.0-255,66,261574,77,403374
42000,0.020681,74.125.24.0-255,5738,267312,77,403374
42001,0.020699,172.31.40.0-255,66,267378,77,403374
42002,0.023033,74.125.24.0-255,5738,273116,77,403374
42003,0.023043,172.31.40.0-255,66,273182,77,403374
42004,0.025369,74.125.24.0-255,5738,278920,77,403374
42005,0.025376,172.31.40.0-255,66,278986,77,403374
42006,0.027699,74.125.24.0-255,5738,284724,77,403374
42007,0.027706,172.31.40.0-255,66,284790,77,403374
42008,0.03004,74.125.24.0-255,5738,290528,77,403374
42009,0.030048,172.31.40.0-255,66,290594,77,403374
42010,0.032434,74.125.24.0-255,5738,296332,77,403374
42011,0.032443,172.31.40.0-255,66,296398,77,403374
42012,0.03476,74.125.24.0-255,5738,302136,77,403374
42013,0.034766,172.31.40.0-255,66,302202,77,403374
42014,0.037071,74.125.24.0-255,5738,307940,77,403374
42015,0.037084,172.31.40.0-255,66,308006,77,403374
42016,0.039445,74.125.24.0-255,5738,313744,77,403374
42017,0.039464,172.31.40.0-255,66,313810,77,403374
42018,0.041772,74.125.24.0-255,5738,319548,77,403374
42019,0.041783,172.31.40.0-255,66,319614,77,403374
42020,0.044098,74.125.24.0-255,5738,325352,77,403374
42021,0.044106,172.31.40.0-255,66,325418,77,403374
42022,0.046404,74.125.24.0-255,5738,331156,77,403374
42023,0.046417,172.31.40.0-255,66,331222,77,403374
42024,0.048741,74.125.24.0-255,5738,336960,77,403374
42025,0.048761,172.31.40.0-255,66,337026,77,403374
42026,0.051053,74.125.24.0-255,5738,342764,77,403374
42027,0.051063,172.31.40.0-255,66,342830,77,403374
42028,0.053361,74.125.24.0-255,5738,348568,77,403374
42029,0.053367,172.31.40.0-255,66,348634,77,403374
42030,0.055688,74.125.24.0-255,5738,354372,77,403374
42031,0.055695,172.31.40.0-255,66,354438,77,403374
42032,0.057258,172.31.40.0-255,172,354610,77,403374
42033,0.057289,172.31.40.0-255,1119,355729,77,403374
42034,0.057339,172.31.40.0-255,1514,357243,77,403374
42035,0.057341,172.31.40.0-255,1276,358519,77,403374
42036,0.058002,74.125.24.0-255,5738,364257,77,403374
42037,0.058008,172.31.40.0-255,66,364323,77,403374
42038,0.058816,104.244.42.0-255,66,364389,77,403374
42039,0.058824,104.244.42.0-255,66,364455,77,403374
42040,0.05889,104.244.42.0-255,66,364521,77,403374
42041,0.060355,74.125.24.0-255,5738,370259,77,403374
42042,0.060369,172.31.40.0-255,66,370325,77,403374
42043,0.06271,74.125.24.0-255,5738,376063,77,403374
42044,0.062719,172.31.40.0-255,66,376129,77,403374
42045,0.065068,74.125.24.0-255,5738,381867,77,403374
42046,0.065085,172.31.40.0-255,66,381933,77,403374
42047,0.067405,74.125.24.0-255,5738,387671,77,403374
42048,0.067424,172.31.40.0-255,66,387737,77,403374
42049,0.069731,74.125.24.0-255,5738,393475,77,403374
42050,0.069747,172.31.40.0-255,66,393541,77,403374
42051,0.072058,74.125.24.0-255,5738,399279,77,403374
42052,0.072075,172.31.40.0-255,66,399345,77,403374
42053,0.074412,74.125.24.0-255,3792,403137,77,403374
42054,0.074428,172.31.40.0-255,66,403203,77,403374
42055,0.074714,172.31.40.0-255,105,403308,77,403374
42056,0.081604,74.125.24.0-255,66,403374,77,403374
42057,0.0,74.125.130.0-255,298,298,77,357889
42058,2.1e-05,172.31.40.0-255,66,364,77,357889
42059,2.8e-05,74.125.130.0-255,1484,1848,77,357889
42060,3.2e-05,172.31.40.0-255,66,1914,77,357889
42061,3.8e-05,74.125.130.0-255,4320,6234,77,357889
42062,4.1e-05,172.31.40.0-255,66,6300,77,357889
42063,5.3e-05,74.125.130.0-255,4320,10620,77,357889
42064,5.7e-05,172.31.40.0-255,66,10686,77,357889
42065,7.7e-05,74.125.130.0-255,2902,13588,77,357889
42066,8e-05,172.31.40.0-255,66,13654,77,357889
42067,0.000111,74.125.130.0-255,1805,15459,77,357889
42068,0.000113,172.31.40.0-255,66,15525,77,357889
42069,0.000121,74.125.130.0-255,8574,24099,77,357889
42070,0.000123,172.31.40.0-255,66,24165,77,357889
42071,0.000156,74.125.130.0-255,6797,30962,77,357889
42072,0.000159,172.31.40.0-255,66,31028,77,357889
42073,0.000246,74.125.130.0-255,1484,32512,77,357889
42074,0.000249,172.31.40.0-255,66,32578,77,357889
42075,0.000254,74.125.130.0-255,2902,35480,77,357889
42076,0.000256,172.31.40.0-255,66,35546,77,357889
42077,0.000289,74.125.130.0-255,5738,41284,77,357889
42078,0.000293,172.31.40.0-255,66,41350,77,357889
42079,0.000324,74.125.130.0-255,8574,49924,77,357889
42080,0.000326,172.31.40.0-255,66,49990,77,357889
42081,0.000354,74.125.130.0-255,4320,54310,77,357889
42082,0.000356,172.31.40.0-255,66,54376,77,357889
42083,0.000385,74.125.130.0-255,5738,60114,77,357889
42084,0.000388,172.31.40.0-255,66,60180,77,357889
42085,0.000413,74.125.130.0-255,5331,65511,77,357889
42086,0.000415,172.31.40.0-255,66,65577,77,357889
42087,0.000459,74.125.130.0-255,99,65676,77,357889
42088,0.000462,172.31.40.0-255,66,65742,77,357889
42089,0.000665,74.125.130.0-255,1484,67226,77,357889
42090,0.00069,74.125.130.0-255,2902,70128,77,357889
42091,0.000693,172.31.40.0-255,66,70194,77,357889
42092,0.0007,74.125.130.0-255,5738,75932,77,357889
42093,0.000702,172.31.40.0-255,66,75998,77,357889
42094,0.000705,74.125.130.0-255,1484,77482,77,357889
42095,0.00072,74.125.130.0-255,1484,78966,77,357889
42096,0.000722,172.31.40.0-255,66,79032,77,357889
42097,0.000751,74.125.130.0-255,4320,83352,77,357889
42098,0.000753,172.31.40.0-255,66,83418,77,357889
42099,0.000761,74.125.130.0-255,8574,91992,77,357889
42100,0.000763,172.31.40.0-255,66,92058,77,357889
42101,0.000771,74.125.130.0-255,2902,94960,77,357889
42102,0.000773,172.31.40.0-255,66,95026,77,357889
42103,0.000809,74.125.130.0-255,4320,99346,77,357889
42104,0.000812,172.31.40.0-255,66,99412,77,357889
42105,0.000835,74.125.130.0-255,766,100178,77,357889
42106,0.001281,172.31.40.0-255,66,100244,77,357889
42107,0.003041,74.125.130.0-255,4320,104564,77,357889
42108,0.003047,172.31.40.0-255,66,104630,77,357889
42109,0.003493,74.125.130.0-255,1484,106114,77,357889
42110,0.005281,74.125.130.0-255,4320,110434,77,357889
42111,0.005285,172.31.40.0-255,66,110500,77,357889
42112,0.007524,74.125.130.0-255,5738,116238,77,357889
42113,0.007531,172.31.40.0-255,66,116304,77,357889
42114,0.009793,74.125.130.0-255,5738,122042,77,357889
42115,0.009801,172.31.40.0-255,66,122108,77,357889
42116,0.01062,172.31.40.0-255,101,122209,77,357889
42117,0.012055,74.125.130.0-255,5738,127947,77,357889
42118,0.012063,172.31.40.0-255,66,128013,77,357889
42119,0.012825,74.125.130.0-255,66,128079,77,357889
42120,0.014313,74.125.130.0-255,5738,133817,77,357889
42121,0.01432,172.31.40.0-255,66,133883,77,357889
42122,0.016555,74.125.130.0-255,5738,139621,77,357889
42123,0.016561,172.31.40.0-255,66,139687,77,357889
42124,0.018803,74.125.130.0-255,5738,145425,77,357889
42125,0.018811,172.31.40.0-255,66,145491,77,357889
42126,0.021058,74.125.130.0-255,5738,151229,77,357889
42127,0.021069,172.31.40.0-255,66,151295,77,357889
42128,0.023305,74.125.130.0-255,5738,157033,77,357889
42129,0.023314,172.31.40.0-255,66,157099,77,357889
42130,0.025551,74.125.130.0-255,5738,162837,77,357889
42131,0.025563,172.31.40.0-255,66,162903,77,357889
42132,0.027801,74.125.130.0-255,5738,168641,77,357889
42133,0.027814,172.31.40.0-255,66,168707,77,357889
42134,0.03005,74.125.130.0-255,5738,174445,77,357889
42135,0.030059,172.31.40.0-255,66,174511,77,357889
42136,0.03234,74.125.130.0-255,5738,180249,77,357889
42137,0.032348,172.31.40.0-255,66,180315,77,357889
42138,0.034581,74.125.130.0-255,5738,186053,77,357889
42139,0.034589,172.31.40.0-255,66,186119,77,357889
42140,0.036826,74.125.130.0-255,5738,191857,77,357889
42141,0.036834,172.31.40.0-255,66,191923,77,357889
42142,0.039067,74.125.130.0-255,5738,197661,77,357889
42143,0.039073,172.31.40.0-255,66,197727,77,357889
42144,0.039506,172.31.40.0-255,172,197899,77,357889
42145,0.039536,172.31.40.0-255,1120,199019,77,357889
42146,0.039607,172.31.40.0-255,1514,200533,77,357889
42147,0.039609,172.31.40.0-255,1514,202047,77,357889
42148,0.03961,172.31.40.0-255,1514,203561,77,357889
42149,0.039612,172.31.40.0-255,1514,205075,77,357889
42150,0.039642,172.31.40.0-255,1514,206589,77,357889
42151,0.039647,172.31.40.0-255,132,206721,77,357889
42152,0.041048,104.244.42.0-255,66,206787,77,357889
42153,0.041077,104.244.42.0-255,66,206853,77,357889
42154,0.041203,104.244.42.0-255,66,206919,77,357889
42155,0.041225,104.244.42.0-255,66,206985,77,357889
42156,0.041307,74.125.130.0-255,5738,212723,77,357889
42157,0.041312,172.31.40.0-255,66,212789,77,357889
42158,0.043567,74.125.130.0-255,5738,218527,77,357889
42159,0.043574,172.31.40.0-255,66,218593,77,357889
42160,0.045823,74.125.130.0-255,5738,224331,77,357889
42161,0.04583,172.31.40.0-255,66,224397,77,357889
42162,0.048083,74.125.130.0-255,5738,230135,77,357889
42163,0.04809,172.31.40.0-255,66,230201,77,357889
42164,0.050332,74.125.130.0-255,5738,235939,77,357889
42165,0.050338,172.31.40.0-255,66,236005,77,357889
42166,0.052587,74.125.130.0-255,5738,241743,77,357889
42167,0.052593,172.31.40.0-255,66,241809,77,357889
42168,0.054837,74.125.130.0-255,5738,247547,77,357889
42169,0.054844,172.31.40.0-255,66,247613,77,357889
42170,0.057098,74.125.130.0-255,5738,253351,77,357889
42171,0.057103,172.31.40.0-255,66,253417,77,357889
42172,0.059352,74.125.130.0-255,5738,259155,77,357889
42173,0.059375,172.31.40.0-255,66,259221,77,357889
42174,0.06163,74.125.130.0-255,5738,264959,77,357889
42175,0.061642,172.31.40.0-255,66,265025,77,357889
42176,0.063905,74.125.130.0-255,5738,270763,77,357889
42177,0.06392,172.31.40.0-255,66,270829,77,357889
42178,0.066175,74.125.130.0-255,5738,276567,77,357889
42179,0.06619,172.31.40.0-255,66,276633,77,357889
42180,0.068436,74.125.130.0-255,5738,282371,77,357889
42181,0.068451,172.31.40.0-255,66,282437,77,357889
42182,0.070702,74.125.130.0-255,5738,288175,77,357889
42183,0.070718,172.31.40.0-255,66,288241,77,357889
42184,0.07298,74.125.130.0-255,5738,293979,77,357889
42185,0.072999,172.31.40.0-255,66,294045,77,357889
42186,0.07525,74.125.130.0-255,5738,299783,77,357889
42187,0.075264,172.31.40.0-255,66,299849,77,357889
42188,0.077508,74.125.130.0-255,5738,305587,77,357889
42189,0.077523,172.31.40.0-255,66,305653,77,357889
42190,0.079785,74.125.130.0-255,5738,311391,77,357889
42191,0.079801,172.31.40.0-255,66,311457,77,357889
42192,0.08205,74.125.130.0-255,5738,317195,77,357889
42193,0.082066,172.31.40.0-255,66,317261,77,357889
42194,0.084327,74.125.130.0-255,5738,322999,77,357889
42195,0.084343,172.31.40.0-255,66,323065,77,357889
42196,0.086601,74.125.130.0-255,5738,328803,77,357889
42197,0.086619,172.31.40.0-255,66,328869,77,357889
42198,0.088869,74.125.130.0-255,5738,334607,77,357889
42199,0.088886,172.31.40.0-255,66,334673,77,357889
42200,0.091152,74.125.130.0-255,5738,340411,77,357889
42201,0.091169,172.31.40.0-255,66,340477,77,357889
42202,0.09344,74.125.130.0-255,5738,346215,77,357889
42203,0.093455,172.31.40.0-255,66,346281,77,357889
42204,0.095704,74.125.130.0-255,5738,352019,77,357889
42205,0.095716,172.31.40.0-255,66,352085,77,357889
42206,0.097971,74.125.130.0-255,5738,357823,77,357889
42207,0.097987,172.31.40.0-255,66,357889,77,357889
42208,0.0,172.217.27.0-255,146,146,77,416552
42209,2.1e-05,172.31.40.0-255,66,212,77,416552
42210,2.8e-05,172.217.27.0-255,1484,1696,77,416552
42211,3.2e-05,172.31.40.0-255,66,1762,77,416552
42212,3.7e-05,172.217.27.0-255,2902,4664,77,416552
42213,3.9e-05,172.31.40.0-255,66,4730,77,416552
42214,4.5e-05,172.217.27.0-255,5738,10468,77,416552
42215,4.8e-05,172.31.40.0-255,66,10534,77,416552
42216,6.8e-05,172.217.27.0-255,3556,14090,77,416552
42217,7e-05,172.31.40.0-255,66,14156,77,416552
42218,0.000113,172.217.27.0-255,1484,15640,77,416552
42219,0.000116,172.31.40.0-255,66,15706,77,416552
42220,0.000127,172.217.27.0-255,2902,18608,77,416552
42221,0.00013,172.31.40.0-255,66,18674,77,416552
42222,0.000132,172.217.27.0-255,1484,20158,77,416552
42223,0.000134,172.31.40.0-255,66,20224,77,416552
42224,0.000154,172.217.27.0-255,4320,24544,77,416552
42225,0.000156,172.217.27.0-255,1484,26028,77,416552
42226,0.00016,172.31.40.0-255,66,26094,77,416552
42227,0.000162,172.31.40.0-255,66,26160,77,416552
42228,0.000181,172.217.27.0-255,5379,31539,77,416552
42229,0.000183,172.31.40.0-255,66,31605,77,416552
42230,0.00031,172.217.27.0-255,1484,33089,77,416552
42231,0.000313,172.31.40.0-255,66,33155,77,416552
42232,0.000318,172.217.27.0-255,2902,36057,77,416552
42233,0.00032,172.31.40.0-255,66,36123,77,416552
42234,0.000344,172.217.27.0-255,1484,37607,77,416552
42235,0.000346,172.31.40.0-255,66,37673,77,416552
42236,0.000365,172.217.27.0-255,2902,40575,77,416552
42237,0.000368,172.31.40.0-255,66,40641,77,416552
42238,0.000371,172.217.27.0-255,1484,42125,77,416552
42239,0.000372,172.31.40.0-255,66,42191,77,416552
42240,0.000388,172.217.27.0-255,2902,45093,77,416552
42241,0.00039,172.31.40.0-255,66,45159,77,416552
42242,0.000396,172.217.27.0-255,4320,49479,77,416552
42243,0.000397,172.31.40.0-255,66,49545,77,416552
42244,0.000411,172.217.27.0-255,5379,54924,77,416552
42245,0.000413,172.31.40.0-255,66,54990,77,416552
42246,0.000455,172.217.27.0-255,8574,63564,77,416552
42247,0.000458,172.31.40.0-255,66,63630,77,416552
42248,0.00051,172.217.27.0-255,2813,66443,77,416552
42249,0.000513,172.31.40.0-255,66,66509,77,416552
42250,0.000748,172.217.27.0-255,137,66646,77,416552
42251,0.000845,172.217.27.0-255,1484,68130,77,416552
42252,0.000849,172.31.40.0-255,66,68196,77,416552
42253,0.000854,172.217.27.0-255,2902,71098,77,416552
42254,0.000856,172.31.40.0-255,66,71164,77,416552
42255,0.000871,172.217.27.0-255,4320,75484,77,416552
42256,0.000874,172.31.40.0-255,66,75550,77,416552
42257,0.000885,172.217.27.0-255,4320,79870,77,416552
42258,0.000887,172.31.40.0-255,66,79936,77,416552
42259,0.000898,172.217.27.0-255,1484,81420,77,416552
42260,0.000925,172.217.27.0-255,2543,83963,77,416552
42261,0.000928,172.31.40.0-255,66,84029,77,416552
42262,0.000947,172.217.27.0-255,2902,86931,77,416552
42263,0.000949,172.31.40.0-255,66,86997,77,416552
42264,0.000952,172.217.27.0-255,1484,88481,77,416552
42265,0.000975,172.217.27.0-255,5738,94219,77,416552
42266,0.000978,172.31.40.0-255,66,94285,77,416552
42267,0.001004,172.217.27.0-255,4320,98605,77,416552
42268,0.001007,172.31.40.0-255,66,98671,77,416552
42269,0.001023,172.217.27.0-255,2543,101214,77,416552
42270,0.001026,172.31.40.0-255,66,101280,77,416552
42271,0.002635,172.217.27.0-255,2902,104182,77,416552
42272,0.002642,172.31.40.0-255,66,104248,77,416552
42273,0.002666,172.217.27.0-255,2902,107150,77,416552
42274,0.002669,172.31.40.0-255,66,107216,77,416552
42275,0.004267,172.217.27.0-255,2902,110118,77,416552
42276,0.00427,172.31.40.0-255,66,110184,77,416552
42277,0.00429,172.217.27.0-255,2902,113086,77,416552
42278,0.004292,172.31.40.0-255,66,113152,77,416552
42279,0.005904,172.217.27.0-255,2902,116054,77,416552
42280,0.005911,172.31.40.0-255,66,116120,77,416552
42281,0.005925,172.217.27.0-255,2902,119022,77,416552
42282,0.005928,172.31.40.0-255,66,119088,77,416552
42283,0.007548,172.217.27.0-255,5738,124826,77,416552
42284,0.007555,172.31.40.0-255,66,124892,77,416552
42285,0.009196,172.217.27.0-255,5738,130630,77,416552
42286,0.009203,172.31.40.0-255,66,130696,77,416552
42287,0.010877,172.217.27.0-255,5738,136434,77,416552
42288,0.010886,172.31.40.0-255,66,136500,77,416552
42289,0.012542,172.217.27.0-255,5738,142238,77,416552
42290,0.012549,172.31.40.0-255,66,142304,77,416552
42291,0.01419,172.217.27.0-255,5738,148042,77,416552
42292,0.014198,172.31.40.0-255,66,148108,77,416552
42293,0.015845,172.217.27.0-255,5738,153846,77,416552
42294,0.015853,172.31.40.0-255,66,153912,77,416552
42295,0.017502,172.217.27.0-255,5738,159650,77,416552
42296,0.017513,172.31.40.0-255,66,159716,77,416552
42297,0.019158,172.217.27.0-255,5738,165454,77,416552
42298,0.019166,172.31.40.0-255,66,165520,77,416552
42299,0.020795,172.217.27.0-255,4320,169840,77,416552
42300,0.020803,172.31.40.0-255,66,169906,77,416552
42301,0.020823,172.217.27.0-255,1484,171390,77,416552
42302,0.022445,172.217.27.0-255,4320,175710,77,416552
42303,0.022453,172.31.40.0-255,66,175776,77,416552
42304,0.024083,172.217.27.0-255,5738,181514,77,416552
42305,0.024089,172.31.40.0-255,66,181580,77,416552
42306,0.025723,172.217.27.0-255,5738,187318,77,416552
42307,0.025729,172.31.40.0-255,66,187384,77,416552
42308,0.027376,172.217.27.0-255,5738,193122,77,416552
42309,0.027384,172.31.40.0-255,66,193188,77,416552
42310,0.02902,172.217.27.0-255,5738,198926,77,416552
42311,0.029027,172.31.40.0-255,66,198992,77,416552
42312,0.030664,172.217.27.0-255,5738,204730,77,416552
42313,0.03067,172.31.40.0-255,66,204796,77,416552
42314,0.032303,172.217.27.0-255,5738,210534,77,416552
42315,0.032311,172.31.40.0-255,66,210600,77,416552
42316,0.034004,172.217.27.0-255,5738,216338,77,416552
42317,0.034011,172.31.40.0-255,66,216404,77,416552
42318,0.035668,172.217.27.0-255,5738,222142,77,416552
42319,0.035676,172.31.40.0-255,66,222208,77,416552
42320,0.037317,172.217.27.0-255,5738,227946,77,416552
42321,0.037324,172.31.40.0-255,66,228012,77,416552
42322,0.037406,172.31.40.0-255,172,228184,77,416552
42323,0.037433,172.31.40.0-255,1066,229250,77,416552
42324,0.03895,172.217.27.0-255,5738,234988,77,416552
42325,0.038956,172.31.40.0-255,66,235054,77,416552
42326,0.038982,104.244.42.0-255,66,235120,77,416552
42327,0.038988,104.244.42.0-255,66,235186,77,416552
42328,0.040612,172.217.27.0-255,5738,240924,77,416552
42329,0.040619,172.31.40.0-255,66,240990,77,416552
42330,0.042259,172.217.27.0-255,5738,246728,77,416552
42331,0.042266,172.31.40.0-255,66,246794,77,416552
42332,0.043902,172.217.27.0-255,5738,252532,77,416552
42333,0.043909,172.31.40.0-255,66,252598,77,416552
42334,0.045559,172.217.27.0-255,5738,258336,77,416552
42335,0.045574,172.31.40.0-255,66,258402,77,416552
42336,0.047221,172.217.27.0-255,5738,264140,77,416552
42337,0.047233,172.31.40.0-255,66,264206,77,416552
42338,0.048883,172.217.27.0-255,5738,269944,77,416552
42339,0.048895,172.31.40.0-255,66,270010,77,416552
42340,0.050535,172.217.27.0-255,5738,275748,77,416552
42341,0.050544,172.31.40.0-255,66,275814,77,416552
42342,0.05219,172.217.27.0-255,5738,281552,77,416552
42343,0.052201,172.31.40.0-255,66,281618,77,416552
42344,0.053854,172.217.27.0-255,5738,287356,77,416552
42345,0.053865,172.31.40.0-255,66,287422,77,416552
42346,0.05551,172.217.27.0-255,5738,293160,77,416552
42347,0.055523,172.31.40.0-255,66,293226,77,416552
42348,0.057165,172.217.27.0-255,5738,298964,77,416552
42349,0.057175,172.31.40.0-255,66,299030,77,416552
42350,0.058825,172.217.27.0-255,5738,304768,77,416552
42351,0.058843,172.31.40.0-255,66,304834,77,416552
42352,0.060488,172.217.27.0-255,5738,310572,77,416552
42353,0.060499,172.31.40.0-255,66,310638,77,416552
42354,0.062145,172.217.27.0-255,5738,316376,77,416552
42355,0.062159,172.31.40.0-255,66,316442,77,416552
42356,0.06385,172.217.27.0-255,5738,322180,77,416552
42357,0.063864,172.31.40.0-255,66,322246,77,416552
42358,0.065512,172.217.27.0-255,5738,327984,77,416552
42359,0.065526,172.31.40.0-255,66,328050,77,416552
42360,0.067178,172.217.27.0-255,5738,333788,77,416552
42361,0.06719,172.31.40.0-255,66,333854,77,416552
42362,0.06884,172.217.27.0-255,5738,339592,77,416552
42363,0.068851,172.31.40.0-255,66,339658,77,416552
42364,0.070503,172.217.27.0-255,5738,345396,77,416552
42365,0.070515,172.31.40.0-255,66,345462,77,416552
42366,0.072164,172.217.27.0-255,5738,351200,77,416552
42367,0.072175,172.31.40.0-255,66,351266,77,416552
42368,0.073816,172.217.27.0-255,5738,357004,77,416552
42369,0.073825,172.31.40.0-255,66,357070,77,416552
42370,0.075474,172.217.27.0-255,5738,362808,77,416552
42371,0.075486,172.31.40.0-255,66,362874,77,416552
42372,0.077141,172.217.27.0-255,5738,368612,77,416552
42373,0.077152,172.31.40.0-255,66,368678,77,416552
42374,0.078856,172.217.27.0-255,5738,374416,77,416552
42375,0.078868,172.31.40.0-255,66,374482,77,416552
42376,0.08059,172.217.27.0-255,5738,380220,77,416552
42377,0.080602,172.31.40.0-255,66,380286,77,416552
42378,0.082254,172.217.27.0-255,5738,386024,77,416552
42379,0.082263,172.31.40.0-255,66,386090,77,416552
42380,0.083899,172.217.27.0-255,5738,391828,77,416552
42381,0.083906,172.31.40.0-255,66,391894,77,416552
42382,0.085549,172.217.27.0-255,5738,397632,77,416552
42383,0.085559,172.31.40.0-255,66,397698,77,416552
42384,0.087202,172.217.27.0-255,5738,403436,77,416552
42385,0.087209,172.31.40.0-255,66,403502,77,416552
42386,0.088857,172.217.27.0-255,5738,409240,77,416552
42387,0.088863,172.31.40.0-255,66,409306,77,416552
42388,0.090507,172.217.27.0-255,5738,415044,77,416552
42389,0.090514,172.31.40.0-255,66,415110,77,416552
42390,0.09215,172.217.27.0-255,1205,416315,77,416552
42391,0.092285,172.31.40.0-255,66,416381,77,416552
42392,0.092321,172.31.40.0-255,105,416486,77,416552
42393,0.093926,172.217.27.0-255,66,416552,77,416552
42394,0.0,74.125.130.0-255,150,150,77,425944
42395,2.2e-05,172.31.40.0-255,66,216,77,425944
42396,2.9e-05,74.125.130.0-255,1484,1700,77,425944
42397,3.3e-05,172.31.40.0-255,66,1766,77,425944
42398,6.2e-05,74.125.130.0-255,2902,4668,77,425944
42399,6.6e-05,172.31.40.0-255,66,4734,77,425944
42400,7.2e-05,74.125.130.0-255,5738,10472,77,425944
42401,7.6e-05,172.31.40.0-255,66,10538,77,425944
42402,9.5e-05,74.125.130.0-255,1484,12022,77,425944
42403,9.7e-05,172.31.40.0-255,66,12088,77,425944
42404,0.000119,74.125.130.0-255,2020,14108,77,425944
42405,0.000122,172.31.40.0-255,66,14174,77,425944
42406,0.000134,74.125.130.0-255,1484,15658,77,425944
42407,0.000137,172.31.40.0-255,66,15724,77,425944
42408,0.00015,74.125.130.0-255,1484,17208,77,425944
42409,0.000153,172.31.40.0-255,66,17274,77,425944
42410,0.000172,74.125.130.0-255,1484,18758,77,425944
42411,0.000175,172.31.40.0-255,66,18824,77,425944
42412,0.000196,74.125.130.0-255,5738,24562,77,425944
42413,0.000199,172.31.40.0-255,66,24628,77,425944
42414,0.000241,74.125.130.0-255,6797,31425,77,425944
42415,0.000244,172.31.40.0-255,66,31491,77,425944
42416,0.000469,74.125.130.0-255,1484,32975,77,425944
42417,0.000473,172.31.40.0-255,66,33041,77,425944
42418,0.000477,74.125.130.0-255,1484,34525,77,425944
42419,0.00048,172.31.40.0-255,66,34591,77,425944
42420,0.000496,74.125.130.0-255,2902,37493,77,425944
42421,0.000499,172.31.40.0-255,66,37559,77,425944
42422,0.000531,74.125.130.0-255,5738,43297,77,425944
42423,0.000535,172.31.40.0-255,66,43363,77,425944
42424,0.000539,74.125.130.0-255,1484,44847,77,425944
42425,0.000541,172.31.40.0-255,66,44913,77,425944
42426,0.000545,74.125.130.0-255,2902,47815,77,425944
42427,0.000549,172.31.40.0-255,66,47881,77,425944
42428,0.000588,74.125.130.0-255,2902,50783,77,425944
42429,0.000592,172.31.40.0-255,66,50849,77,425944
42430,0.000607,74.125.130.0-255,3961,54810,77,425944
42431,0.00061,172.31.40.0-255,66,54876,77,425944
42432,0.000616,74.125.130.0-255,5738,60614,77,425944
42433,0.000619,172.31.40.0-255,66,60680,77,425944
42434,0.000637,74.125.130.0-255,1484,62164,77,425944
42435,0.000642,74.125.130.0-255,2902,65066,77,425944
42436,0.000644,172.31.40.0-255,66,65132,77,425944
42437,0.000681,74.125.130.0-255,1383,66515,77,425944
42438,0.000718,74.125.130.0-255,115,66630,77,425944
42439,0.000856,74.125.130.0-255,1484,68114,77,425944
42440,0.00086,172.31.40.0-255,66,68180,77,425944
42441,0.000864,74.125.130.0-255,1484,69664,77,425944
42442,0.000879,74.125.130.0-255,1484,71148,77,425944
42443,0.000881,172.31.40.0-255,66,71214,77,425944
42444,0.000886,74.125.130.0-255,2902,74116,77,425944
42445,0.000888,172.31.40.0-255,66,74182,77,425944
42446,0.000901,74.125.130.0-255,1484,75666,77,425944
42447,0.000917,74.125.130.0-255,2902,78568,77,425944
42448,0.000919,172.31.40.0-255,66,78634,77,425944
42449,0.000937,74.125.130.0-255,5738,84372,77,425944
42450,0.00094,172.31.40.0-255,66,84438,77,425944
42451,0.000956,74.125.130.0-255,1484,85922,77,425944
42452,0.000975,74.125.130.0-255,8574,94496,77,425944
42453,0.000978,172.31.40.0-255,66,94562,77,425944
42454,0.000981,74.125.130.0-255,1484,96046,77,425944
42455,0.000998,74.125.130.0-255,2902,98948,77,425944
42456,0.001,172.31.40.0-255,66,99014,77,425944
42457,0.001038,74.125.130.0-255,2184,101198,77,425944
42458,0.001043,172.31.40.0-255,66,101264,77,425944
42459,0.001153,74.125.130.0-255,1484,102748,77,425944
42460,0.001165,74.125.130.0-255,1484,104232,77,425944
42461,0.001168,172.31.40.0-255,66,104298,77,425944
42462,0.001185,74.125.130.0-255,1484,105782,77,425944
42463,0.00119,74.125.130.0-255,2902,108684,77,425944
42464,0.001192,172.31.40.0-255,66,108750,77,425944
42465,0.00121,74.125.130.0-255,4320,113070,77,425944
42466,0.001212,172.31.40.0-255,66,113136,77,425944
42467,0.001244,74.125.130.0-255,5738,118874,77,425944
42468,0.001247,172.31.40.0-255,66,118940,77,425944
42469,0.001265,74.125.130.0-255,2902,121842,77,425944
42470,0.001268,172.31.40.0-255,66,121908,77,425944
42471,0.001272,74.125.130.0-255,2902,124810,77,425944
42472,0.001274,172.31.40.0-255,66,124876,77,425944
42473,0.001292,74.125.130.0-255,7156,132032,77,425944
42474,0.001295,172.31.40.0-255,66,132098,77,425944
42475,0.001299,74.125.130.0-255,2902,135000,77,425944
42476,0.001301,172.31.40.0-255,66,135066,77,425944
42477,0.001321,74.125.130.0-255,766,135832,77,425944
42478,0.00147,74.125.130.0-255,1484,137316,77,425944
42479,0.001474,172.31.40.0-255,66,137382,77,425944
42480,0.001491,74.125.130.0-255,2902,140284,77,425944
42481,0.001494,172.31.40.0-255,66,140350,77,425944
42482,0.001521,74.125.130.0-255,4320,144670,77,425944
42483,0.001524,172.31.40.0-255,66,144736,77,425944
42484,0.00154,74.125.130.0-255,4320,149056,77,425944
42485,0.001542,172.31.40.0-255,66,149122,77,425944
42486,0.001564,74.125.130.0-255,4320,153442,77,425944
42487,0.001566,172.31.40.0-255,66,153508,77,425944
42488,0.001587,74.125.130.0-255,7156,160664,77,425944
42489,0.00159,172.31.40.0-255,66,160730,77,425944
42490,0.001615,74.125.130.0-255,2902,163632,77,425944
42491,0.001618,172.31.40.0-255,66,163698,77,425944
42492,0.001621,74.125.130.0-255,2902,166600,77,425944
42493,0.001623,172.31.40.0-255,66,166666,77,425944
42494,0.001628,74.125.130.0-255,3602,170268,77,425944
42495,0.00163,172.31.40.0-255,66,170334,77,425944
42496,0.001847,74.125.130.0-255,1484,171818,77,425944
42497,0.001866,74.125.130.0-255,2902,174720,77,425944
42498,0.001869,172.31.40.0-255,66,174786,77,425944
42499,0.001888,74.125.130.0-255,4320,179106,77,425944
42500,0.001891,172.31.40.0-255,66,179172,77,425944
42501,0.001906,74.125.130.0-255,1484,180656,77,425944
42502,0.00191,74.125.130.0-255,2902,183558,77,425944
42503,0.001912,172.31.40.0-255,66,183624,77,425944
42504,0.001947,74.125.130.0-255,4320,187944,77,425944
42505,0.001951,172.31.40.0-255,66,188010,77,425944
42506,0.001973,74.125.130.0-255,5738,193748,77,425944
42507,0.001976,172.31.40.0-255,66,193814,77,425944
42508,0.001981,74.125.130.0-255,2902,196716,77,425944
42509,0.001982,172.31.40.0-255,66,196782,77,425944
42510,0.002016,74.125.130.0-255,7156,203938,77,425944
42511,0.002019,172.31.40.0-255,66,204004,77,425944
42512,0.002037,74.125.130.0-255,766,204770,77,425944
42513,0.00204,74.125.130.0-255,1484,206254,77,425944
42514,0.002042,172.31.40.0-255,66,206320,77,425944
42515,0.002071,74.125.130.0-255,7156,213476,77,425944
42516,0.002074,172.31.40.0-255,66,213542,77,425944
42517,0.002078,74.125.130.0-255,2902,216444,77,425944
42518,0.00208,172.31.40.0-255,66,216510,77,425944
42519,0.004108,74.125.130.0-255,5738,222248,77,425944
42520,0.004115,172.31.40.0-255,66,222314,77,425944
42521,0.006159,74.125.130.0-255,2902,225216,77,425944
42522,0.006163,172.31.40.0-255,66,225282,77,425944
42523,0.006181,74.125.130.0-255,2902,228184,77,425944
42524,0.006183,172.31.40.0-255,66,228250,77,425944
42525,0.008204,74.125.130.0-255,4320,232570,77,425944
42526,0.008208,172.31.40.0-255,66,232636,77,425944
42527,0.008226,74.125.130.0-255,1484,234120,77,425944
42528,0.01025,74.125.130.0-255,4320,238440,77,425944
42529,0.010257,172.31.40.0-255,66,238506,77,425944
42530,0.012298,74.125.130.0-255,5738,244244,77,425944
42531,0.012305,172.31.40.0-255,66,244310,77,425944
42532,0.014342,74.125.130.0-255,5738,250048,77,425944
42533,0.01435,172.31.40.0-255,66,250114,77,425944
42534,0.016413,74.125.130.0-255,5738,255852,77,425944
42535,0.016429,172.31.40.0-255,66,255918,77,425944
42536,0.018481,74.125.130.0-255,5738,261656,77,425944
42537,0.018492,172.31.40.0-255,66,261722,77,425944
42538,0.020535,74.125.130.0-255,5738,267460,77,425944
42539,0.020544,172.31.40.0-255,66,267526,77,425944
42540,0.022601,74.125.130.0-255,5738,273264,77,425944
42541,0.022613,172.31.40.0-255,66,273330,77,425944
42542,0.024653,74.125.130.0-255,5738,279068,77,425944
42543,0.024661,172.31.40.0-255,66,279134,77,425944
42544,0.02671,74.125.130.0-255,5738,284872,77,425944
42545,0.026724,172.31.40.0-255,66,284938,77,425944
42546,0.028762,74.125.130.0-255,5738,290676,77,425944
42547,0.028769,172.31.40.0-255,66,290742,77,425944
42548,0.030821,74.125.130.0-255,5738,296480,77,425944
42549,0.030828,172.31.40.0-255,66,296546,77,425944
42550,0.032883,74.125.130.0-255,5738,302284,77,425944
42551,0.032899,172.31.40.0-255,66,302350,77,425944
42552,0.034938,74.125.130.0-255,5738,308088,77,425944
42553,0.034946,172.31.40.0-255,66,308154,77,425944
42554,0.037009,74.125.130.0-255,5738,313892,77,425944
42555,0.037021,172.31.40.0-255,66,313958,77,425944
42556,0.039064,74.125.130.0-255,5738,319696,77,425944
42557,0.039071,172.31.40.0-255,66,319762,77,425944
42558,0.041123,74.125.130.0-255,5738,325500,77,425944
42559,0.041139,172.31.40.0-255,66,325566,77,425944
42560,0.043188,74.125.130.0-255,5738,331304,77,425944
42561,0.043196,172.31.40.0-255,66,331370,77,425944
42562,0.045254,74.125.130.0-255,5738,337108,77,425944
42563,0.045263,172.31.40.0-255,66,337174,77,425944
42564,0.046719,172.31.40.0-255,172,337346,77,425944
42565,0.046753,172.31.40.0-255,1116,338462,77,425944
42566,0.046817,172.31.40.0-255,1514,339976,77,425944
42567,0.046819,172.31.40.0-255,1514,341490,77,425944
42568,0.04682,172.31.40.0-255,1514,343004,77,425944
42569,0.046827,172.31.40.0-255,1514,344518,77,425944
42570,0.046829,172.31.40.0-255,1514,346032,77,425944
42571,0.04683,172.31.40.0-255,222,346254,77,425944
42572,0.047305,74.125.130.0-255,5738,351992,77,425944
42573,0.047315,172.31.40.0-255,66,352058,77,425944
42574,0.048908,104.244.42.0-255,66,352124,77,425944
42575,0.049356,74.125.130.0-255,5738,357862,77,425944
42576,0.049366,172.31.40.0-255,66,357928,77,425944
42577,0.051407,74.125.130.0-255,5738,363666,77,425944
42578,0.051419,172.31.40.0-255,66,363732,77,425944
42579,0.05348,74.125.130.0-255,5738,369470,77,425944
42580,0.053496,172.31.40.0-255,66,369536,77,425944
42581,0.05555,74.125.130.0-255,5738,375274,77,425944
42582,0.055563,172.31.40.0-255,66,375340,77,425944
42583,0.057618,74.125.130.0-255,5738,381078,77,425944
42584,0.057633,172.31.40.0-255,66,381144,77,425944
42585,0.05968,74.125.130.0-255,5738,386882,77,425944
42586,0.059687,172.31.40.0-255,66,386948,77,425944
42587,0.061732,74.125.130.0-255,5738,392686,77,425944
42588,0.061738,172.31.40.0-255,66,392752,77,425944
42589,0.063784,74.125.130.0-255,5738,398490,77,425944
42590,0.063791,172.31.40.0-255,66,398556,77,425944
42591,0.06584,74.125.130.0-255,5738,404294,77,425944
42592,0.065845,172.31.40.0-255,66,404360,77,425944
42593,0.067891,74.125.130.0-255,5738,410098,77,425944
42594,0.067897,172.31.40.0-255,66,410164,77,425944
42595,0.069975,74.125.130.0-255,5738,415902,77,425944
42596,0.069981,172.31.40.0-255,66,415968,77,425944
42597,0.072013,74.125.130.0-255,5738,421706,77,425944
42598,0.072019,172.31.40.0-255,66,421772,77,425944
42599,0.074073,74.125.130.0-255,3935,425707,77,425944
42600,0.074079,172.31.40.0-255,66,425773,77,425944
42601,0.074262,172.31.40.0-255,105,425878,77,425944
42602,0.076266,74.125.130.0-255,66,425944,77,425944
42603,0.0,172.217.194.0-255,154,154,77,343141
42604,2.4e-05,172.31.40.0-255,66,220,77,343141
42605,3.1e-05,172.217.194.0-255,1484,1704,77,343141
42606,3.5e-05,172.31.40.0-255,66,1770,77,343141
42607,4e-05,172.217.194.0-255,2902,4672,77,343141
42608,4.3e-05,172.31.40.0-255,66,4738,77,343141
42609,5.9e-05,172.217.194.0-255,7156,11894,77,343141
42610,6.2e-05,172.31.40.0-255,66,11960,77,343141
42611,6.6e-05,172.217.194.0-255,2112,14072,77,343141
42612,6.9e-05,172.31.40.0-255,66,14138,77,343141
42613,0.00018,172.217.194.0-255,1484,15622,77,343141
42614,0.000183,172.31.40.0-255,66,15688,77,343141
42615,0.000188,172.217.194.0-255,2902,18590,77,343141
42616,0.000191,172.31.40.0-255,66,18656,77,343141
42617,0.000194,172.217.194.0-255,1484,20140,77,343141
42618,0.000195,172.31.40.0-255,66,20206,77,343141
42619,0.000224,172.217.194.0-255,4320,24526,77,343141
42620,0.000227,172.31.40.0-255,66,24592,77,343141
42621,0.00023,172.217.194.0-255,1484,26076,77,343141
42622,0.000232,172.31.40.0-255,66,26142,77,343141
42623,0.000239,172.217.194.0-255,7156,33298,77,343141
42624,0.000241,172.31.40.0-255,66,33364,77,343141
42625,0.000281,172.217.194.0-255,6797,40161,77,343141
42626,0.000285,172.31.40.0-255,66,40227,77,343141
42627,0.000294,172.217.194.0-255,9992,50219,77,343141
42628,0.000296,172.31.40.0-255,66,50285,77,343141
42629,0.000322,172.217.194.0-255,9992,60277,77,343141
42630,0.000326,172.31.40.0-255,66,60343,77,343141
42631,0.000354,172.217.194.0-255,5020,65363,77,343141
42632,0.000356,172.31.40.0-255,66,65429,77,343141
42633,0.000359,172.217.194.0-255,338,65767,77,343141
42634,0.000361,172.31.40.0-255,66,65833,77,343141
42635,0.000567,172.217.194.0-255,116,65949,77,343141
42636,0.000671,172.217.194.0-255,1484,67433,77,343141
42637,0.000677,172.31.40.0-255,66,67499,77,343141
42638,0.000682,172.217.194.0-255,2902,70401,77,343141
42639,0.000684,172.31.40.0-255,66,70467,77,343141
42640,0.000689,172.217.194.0-255,2902,73369,77,343141
42641,0.000691,172.31.40.0-255,66,73435,77,343141
42642,0.00072,172.217.194.0-255,2902,76337,77,343141
42643,0.000723,172.31.40.0-255,66,76403,77,343141
42644,0.000734,172.217.194.0-255,12828,89231,77,343141
42645,0.000736,172.31.40.0-255,66,89297,77,343141
42646,0.000776,172.217.194.0-255,9992,99289,77,343141
42647,0.000779,172.31.40.0-255,66,99355,77,343141
42648,0.000782,172.217.194.0-255,1088,100443,77,343141
42649,0.003234,172.217.194.0-255,1484,101927,77,343141
42650,0.003242,172.31.40.0-255,66,101993,77,343141
42651,0.003248,172.217.194.0-255,2902,104895,77,343141
42652,0.00325,172.31.40.0-255,66,104961,77,343141
42653,0.005516,172.217.194.0-255,5738,110699,77,343141
42654,0.005522,172.31.40.0-255,66,110765,77,343141
42655,0.007977,172.217.194.0-255,5738,116503,77,343141
42656,0.007984,172.31.40.0-255,66,116569,77,343141
42657,0.01048,172.217.194.0-255,5738,122307,77,343141
42658,0.010489,172.31.40.0-255,66,122373,77,343141
42659,0.012863,172.217.194.0-255,5738,128111,77,343141
42660,0.012873,172.31.40.0-255,66,128177,77,343141
42661,0.015284,172.217.194.0-255,5738,133915,77,343141
42662,0.015297,172.31.40.0-255,66,133981,77,343141
42663,0.017708,172.217.194.0-255,5738,139719,77,343141
42664,0.017723,172.31.40.0-255,66,139785,77,343141
42665,0.020175,172.217.194.0-255,5738,145523,77,343141
42666,0.020187,172.31.40.0-255,66,145589,77,343141
42667,0.02271,172.217.194.0-255,5738,151327,77,343141
42668,0.022721,172.31.40.0-255,66,151393,77,343141
42669,0.025028,172.217.194.0-255,2902,154295,77,343141
42670,0.025036,172.31.40.0-255,66,154361,77,343141
42671,0.025068,172.217.194.0-255,2902,157263,77,343141
42672,0.025071,172.31.40.0-255,66,157329,77,343141
42673,0.02746,172.217.194.0-255,5738,163067,77,343141
42674,0.027471,172.31.40.0-255,66,163133,77,343141
42675,0.029762,172.217.194.0-255,5738,168871,77,343141
42676,0.02977,172.31.40.0-255,66,168937,77,343141
42677,0.032084,172.217.194.0-255,5738,174675,77,343141
42678,0.032096,172.31.40.0-255,66,174741,77,343141
42679,0.034478,172.217.194.0-255,5738,180479,77,343141
42680,0.034494,172.31.40.0-255,66,180545,77,343141
42681,0.036779,172.217.194.0-255,5738,186283,77,343141
42682,0.036787,172.31.40.0-255,66,186349,77,343141
42683,0.038669,172.31.40.0-255,172,186521,77,343141
42684,0.038701,172.31.40.0-255,1066,187587,77,343141
42685,0.039067,172.217.194.0-255,5738,193325,77,343141
42686,0.039077,172.31.40.0-255,66,193391,77,343141
42687,0.040233,104.244.42.0-255,66,193457,77,343141
42688,0.040242,104.244.42.0-255,66,193523,77,343141
42689,0.041389,172.217.194.0-255,5738,199261,77,343141
42690,0.041396,172.31.40.0-255,66,199327,77,343141
42691,0.043744,172.217.194.0-255,5738,205065,77,343141
42692,0.043751,172.31.40.0-255,66,205131,77,343141
42693,0.046023,172.217.194.0-255,4320,209451,77,343141
42694,0.046031,172.31.40.0-255,66,209517,77,343141
42695,0.046062,172.217.194.0-255,1484,211001,77,343141
42696,0.048328,172.217.194.0-255,4320,215321,77,343141
42697,0.048336,172.31.40.0-255,66,215387,77,343141
42698,0.050635,172.217.194.0-255,5738,221125,77,343141
42699,0.050647,172.31.40.0-255,66,221191,77,343141
42700,0.052984,172.217.194.0-255,5738,226929,77,343141
42701,0.05299,172.31.40.0-255,66,226995,77,343141
42702,0.055311,172.217.194.0-255,5738,232733,77,343141
42703,0.055317,172.31.40.0-255,66,232799,77,343141
42704,0.057688,172.217.194.0-255,5738,238537,77,343141
42705,0.057694,172.31.40.0-255,66,238603,77,343141
42706,0.060033,172.217.194.0-255,5738,244341,77,343141
42707,0.060039,172.31.40.0-255,66,244407,77,343141
42708,0.062381,172.217.194.0-255,5738,250145,77,343141
42709,0.062389,172.31.40.0-255,66,250211,77,343141
42710,0.06468,172.217.194.0-255,5738,255949,77,343141
42711,0.064688,172.31.40.0-255,66,256015,77,343141
42712,0.066961,172.217.194.0-255,5738,261753,77,343141
42713,0.066979,172.31.40.0-255,66,261819,77,343141
42714,0.069302,172.217.194.0-255,5738,267557,77,343141
42715,0.069322,172.31.40.0-255,66,267623,77,343141
42716,0.071631,172.217.194.0-255,5738,273361,77,343141
42717,0.071649,172.31.40.0-255,66,273427,77,343141
42718,0.073999,172.217.194.0-255,5738,279165,77,343141
42719,0.074018,172.31.40.0-255,66,279231,77,343141
42720,0.076366,172.217.194.0-255,5738,284969,77,343141
42721,0.076382,172.31.40.0-255,66,285035,77,343141
42722,0.07864,172.217.194.0-255,5738,290773,77,343141
42723,0.078653,172.31.40.0-255,66,290839,77,343141
42724,0.080936,172.217.194.0-255,5738,296577,77,343141
42725,0.080948,172.31.40.0-255,66,296643,77,343141
42726,0.083245,172.217.194.0-255,5738,302381,77,343141
42727,0.083264,172.31.40.0-255,66,302447,77,343141
42728,0.085601,172.217.194.0-255,5738,308185,77,343141
42729,0.085617,172.31.40.0-255,66,308251,77,343141
42730,0.087962,172.217.194.0-255,5738,313989,77,343141
42731,0.087971,172.31.40.0-255,66,314055,77,343141
42732,0.090286,172.217.194.0-255,5738,319793,77,343141
42733,0.090294,172.31.40.0-255,66,319859,77,343141
42734,0.092594,172.217.194.0-255,5738,325597,77,343141
42735,0.092601,172.31.40.0-255,66,325663,77,343141
42736,0.094905,172.217.194.0-255,5738,331401,77,343141
42737,0.094915,172.31.40.0-255,66,331467,77,343141
42738,0.09726,172.217.194.0-255,5738,337205,77,343141
42739,0.097267,172.31.40.0-255,66,337271,77,343141
42740,0.099539,172.217.194.0-255,4320,341591,77,343141
42741,0.099545,172.31.40.0-255,66,341657,77,343141
42742,0.099572,172.217.194.0-255,1484,343141,77,343141
42743,0.0,172.217.194.0-255,151,151,77,403530
42744,2e-05,172.31.40.0-255,66,217,77,403530
42745,2.8e-05,172.217.194.0-255,1484,1701,77,403530
42746,3.2e-05,172.31.40.0-255,66,1767,77,403530
42747,3.9e-05,172.217.194.0-255,2902,4669,77,403530
42748,4.3e-05,172.31.40.0-255,66,4735,77,403530
42749,5.1e-05,172.217.194.0-255,7156,11891,77,403530
42750,5.5e-05,172.31.40.0-255,66,11957,77,403530
42751,8.8e-05,172.217.194.0-255,7656,19613,77,403530
42752,9.1e-05,172.31.40.0-255,66,19679,77,403530
42753,9.9e-05,172.217.194.0-255,7156,26835,77,403530
42754,0.000101,172.31.40.0-255,66,26901,77,403530
42755,0.000118,172.217.194.0-255,2902,29803,77,403530
42756,0.00012,172.31.40.0-255,66,29869,77,403530
42757,0.000135,172.217.194.0-255,1125,30994,77,403530
42758,0.000137,172.31.40.0-255,66,31060,77,403530
42759,0.000182,172.217.194.0-255,1484,32544,77,403530
42760,0.000184,172.31.40.0-255,66,32610,77,403530
42761,0.000189,172.217.194.0-255,2902,35512,77,403530
42762,0.000191,172.31.40.0-255,66,35578,77,403530
42763,0.00021,172.217.194.0-255,1484,37062,77,403530
42764,0.000212,172.31.40.0-255,66,37128,77,403530
42765,0.000232,172.217.194.0-255,4320,41448,77,403530
42766,0.000235,172.31.40.0-255,66,41514,77,403530
42767,0.000251,172.217.194.0-255,8574,50088,77,403530
42768,0.000255,172.31.40.0-255,66,50154,77,403530
42769,0.00027,172.217.194.0-255,4320,54474,77,403530
42770,0.000273,172.31.40.0-255,66,54540,77,403530
42771,0.000276,172.217.194.0-255,1484,56024,77,403530
42772,0.000278,172.31.40.0-255,66,56090,77,403530
42773,0.000317,172.217.194.0-255,5738,61828,77,403530
42774,0.00032,172.31.40.0-255,66,61894,77,403530
42775,0.000358,172.217.194.0-255,3911,65805,77,403530
42776,0.000362,172.31.40.0-255,66,65871,77,403530
42777,0.000365,172.217.194.0-255,99,65970,77,403530
42778,0.000426,172.217.194.0-255,1484,67454,77,403530
42779,0.000429,172.31.40.0-255,66,67520,77,403530
42780,0.000435,172.217.194.0-255,2902,70422,77,403530
42781,0.000437,172.31.40.0-255,66,70488,77,403530
42782,0.000454,172.217.194.0-255,5738,76226,77,403530
42783,0.000457,172.31.40.0-255,66,76292,77,403530
42784,0.00047,172.217.194.0-255,2902,79194,77,403530
42785,0.000473,172.31.40.0-255,66,79260,77,403530
42786,0.000504,172.217.194.0-255,9910,89170,77,403530
42787,0.000507,172.31.40.0-255,66,89236,77,403530
42788,0.000516,172.217.194.0-255,8574,97810,77,403530
42789,0.000518,172.31.40.0-255,66,97876,77,403530
42790,0.000536,172.217.194.0-255,2543,100419,77,403530
42791,0.000539,172.31.40.0-255,66,100485,77,403530
42792,0.000863,172.217.194.0-255,1484,101969,77,403530
42793,0.00087,172.217.194.0-255,2902,104871,77,403530
42794,0.000873,172.31.40.0-255,66,104937,77,403530
42795,0.000888,172.217.194.0-255,4320,109257,77,403530
42796,0.00089,172.31.40.0-255,66,109323,77,403530
42797,0.000902,172.217.194.0-255,1484,110807,77,403530
42798,0.000908,172.217.194.0-255,7156,117963,77,403530
42799,0.000912,172.31.40.0-255,66,118029,77,403530
42800,0.000928,172.217.194.0-255,4320,122349,77,403530
42801,0.000931,172.31.40.0-255,66,122415,77,403530
42802,0.000954,172.217.194.0-255,9992,132407,77,403530
42803,0.000957,172.217.194.0-255,2184,134591,77,403530
42804,0.000961,172.31.40.0-255,66,134657,77,403530
42805,0.000964,172.31.40.0-255,66,134723,77,403530
42806,0.001001,172.217.194.0-255,2902,137625,77,403530
42807,0.001005,172.31.40.0-255,66,137691,77,403530
42808,0.001022,172.217.194.0-255,5738,143429,77,403530
42809,0.001025,172.31.40.0-255,66,143495,77,403530
42810,0.001044,172.217.194.0-255,4320,147815,77,403530
42811,0.001048,172.31.40.0-255,66,147881,77,403530
42812,0.001078,172.217.194.0-255,5738,153619,77,403530
42813,0.001082,172.31.40.0-255,66,153685,77,403530
42814,0.001097,172.31.40.0-255,66,153751,77,403530
42815,0.001119,172.217.194.0-255,7156,160907,77,403530
42816,0.001123,172.217.194.0-255,2902,163809,77,403530
42817,0.001126,172.31.40.0-255,66,163875,77,403530
42818,0.001129,172.31.40.0-255,66,163941,77,403530
42819,0.001149,172.217.194.0-255,5738,169679,77,403530
42820,0.001152,172.31.40.0-255,66,169745,77,403530
42821,0.001162,172.217.194.0-255,11410,181155,77,403530
42822,0.001164,172.31.40.0-255,66,181221,77,403530
42823,0.001186,172.217.194.0-255,5738,186959,77,403530
42824,0.001189,172.217.194.0-255,766,187725,77,403530
42825,0.001197,172.31.40.0-255,66,187791,77,403530
42826,0.001214,172.217.194.0-255,2902,190693,77,403530
42827,0.001216,172.31.40.0-255,66,190759,77,403530
42828,0.001247,172.217.194.0-255,7156,197915,77,403530
42829,0.00125,172.31.40.0-255,66,197981,77,403530
42830,0.00126,172.217.194.0-255,11410,209391,77,403530
42831,0.001263,172.31.40.0-255,66,209457,77,403530
42832,0.001312,172.217.194.0-255,8574,218031,77,403530
42833,0.001314,172.31.40.0-255,66,218097,77,403530
42834,0.001332,172.217.194.0-255,3602,221699,77,403530
42835,0.001335,172.31.40.0-255,66,221765,77,403530
42836,0.001379,172.217.194.0-255,1484,223249,77,403530
42837,0.001401,172.217.194.0-255,2902,226151,77,403530
42838,0.001404,172.31.40.0-255,66,226217,77,403530
42839,0.001418,172.217.194.0-255,1484,227701,77,403530
42840,0.001443,172.217.194.0-255,4320,232021,77,403530
42841,0.001447,172.31.40.0-255,66,232087,77,403530
42842,0.001453,172.217.194.0-255,5738,237825,77,403530
42843,0.001455,172.31.40.0-255,66,237891,77,403530
42844,0.001464,172.217.194.0-255,2902,240793,77,403530
42845,0.001466,172.31.40.0-255,66,240859,77,403530
42846,0.001495,172.217.194.0-255,9992,250851,77,403530
42847,0.001498,172.31.40.0-255,66,250917,77,403530
42848,0.001519,172.217.194.0-255,4320,255237,77,403530
42849,0.001522,172.31.40.0-255,66,255303,77,403530
42850,0.001532,172.217.194.0-255,766,256069,77,403530
42851,0.002133,172.217.194.0-255,1484,257553,77,403530
42852,0.002139,172.31.40.0-255,66,257619,77,403530
42853,0.002146,172.217.194.0-255,2902,260521,77,403530
42854,0.002149,172.31.40.0-255,66,260587,77,403530
42855,0.002152,172.217.194.0-255,1484,262071,77,403530
42856,0.002183,172.217.194.0-255,4320,266391,77,403530
42857,0.002186,172.31.40.0-255,66,266457,77,403530
42858,0.002193,172.217.194.0-255,7156,273613,77,403530
42859,0.002196,172.31.40.0-255,66,273679,77,403530
42860,0.002205,172.217.194.0-255,8574,282253,77,403530
42861,0.002207,172.31.40.0-255,66,282319,77,403530
42862,0.002248,172.217.194.0-255,7856,290175,77,403530
42863,0.00225,172.31.40.0-255,66,290241,77,403530
42864,0.00231,172.217.194.0-255,1484,291725,77,403530
42865,0.002314,172.217.194.0-255,1484,293209,77,403530
42866,0.002317,172.31.40.0-255,66,293275,77,403530
42867,0.002336,172.217.194.0-255,1484,294759,77,403530
42868,0.002344,172.217.194.0-255,5738,300497,77,403530
42869,0.002347,172.31.40.0-255,66,300563,77,403530
42870,0.00237,172.217.194.0-255,1484,302047,77,403530
42871,0.002374,172.31.40.0-255,78,302125,77,403530
42872,0.002384,172.217.194.0-255,11410,313535,77,403530
42873,0.002388,172.31.40.0-255,66,313601,77,403530
42874,0.002393,172.217.194.0-255,4320,317921,77,403530
42875,0.002396,172.31.40.0-255,66,317987,77,403530
42876,0.002425,172.217.194.0-255,6438,324425,77,403530
42877,0.002428,172.31.40.0-255,66,324491,77,403530
42878,0.002446,172.217.194.0-255,1484,325975,77,403530
42879,0.00245,172.217.194.0-255,2902,328877,77,403530
42880,0.002453,172.31.40.0-255,66,328943,77,403530
42881,0.002456,172.217.194.0-255,2902,331845,77,403530
42882,0.002459,172.31.40.0-255,66,331911,77,403530
42883,0.002474,172.217.194.0-255,2902,334813,77,403530
42884,0.002476,172.31.40.0-255,66,334879,77,403530
42885,0.002483,172.217.194.0-255,7156,342035,77,403530
42886,0.002485,172.31.40.0-255,66,342101,77,403530
42887,0.002488,172.217.194.0-255,1484,343585,77,403530
42888,0.002518,172.217.194.0-255,9992,353577,77,403530
42889,0.002521,172.31.40.0-255,66,353643,77,403530
42890,0.002527,172.217.194.0-255,5020,358663,77,403530
42891,0.002531,172.217.194.0-255,2902,361565,77,403530
42892,0.002546,172.217.194.0-255,1484,363049,77,403530
42893,0.00258,172.217.194.0-255,8574,371623,77,403530
42894,0.002591,172.217.194.0-255,11410,383033,77,403530
42895,0.002622,172.217.194.0-255,9274,392307,77,403530
42896,0.002627,172.217.194.0-255,4320,396627,77,403530
42897,0.002631,172.217.194.0-255,2282,398909,77,403530
42898,0.002641,172.217.194.0-255,105,399014,77,403530
42899,0.006321,172.31.40.0-255,66,399080,77,403530
42900,0.012328,172.31.40.0-255,105,399185,77,403530
42901,0.014609,172.217.194.0-255,66,399251,77,403530
42902,0.036061,172.31.40.0-255,172,399423,77,403530
42903,0.036093,172.31.40.0-255,1119,400542,77,403530
42904,0.036155,172.31.40.0-255,1514,402056,77,403530
42905,0.036156,172.31.40.0-255,1276,403332,77,403530
42906,0.037597,104.244.42.0-255,66,403398,77,403530
42907,0.037619,104.244.42.0-255,66,403464,77,403530
42908,0.037741,104.244.42.0-255,66,403530,77,403530
42909,0.0,172.31.40.0-255,105,105,77,459
42910,0.00023,172.31.40.0-255,90,195,77,459
42911,0.000238,172.31.40.0-255,66,261,77,459
42912,0.002485,74.125.130.0-255,66,327,77,459
42913,0.002513,74.125.130.0-255,66,393,77,459
42914,0.002533,172.31.40.0-255,66,459,77,459
42915,0.0,172.217.194.0-255,147,147,77,420874
42916,1.7e-05,172.31.40.0-255,66,213,77,420874
42917,2.4e-05,172.217.194.0-255,1484,1697,77,420874
42918,2.9e-05,172.31.40.0-255,66,1763,77,420874
42919,3.5e-05,172.217.194.0-255,2902,4665,77,420874
42920,3.8e-05,172.31.40.0-255,66,4731,77,420874
42921,4.6e-05,172.217.194.0-255,7156,11887,77,420874
42922,4.9e-05,172.31.40.0-255,66,11953,77,420874
42923,5.3e-05,172.217.194.0-255,2009,13962,77,420874
42924,5.6e-05,172.31.40.0-255,66,14028,77,420874
42925,0.000418,172.217.194.0-255,1484,15512,77,420874
42926,0.000423,172.31.40.0-255,66,15578,77,420874
42927,0.00043,172.217.194.0-255,2902,18480,77,420874
42928,0.000433,172.31.40.0-255,66,18546,77,420874
42929,0.000436,172.217.194.0-255,1484,20030,77,420874
42930,0.000438,172.31.40.0-255,66,20096,77,420874
42931,0.000454,172.217.194.0-255,4320,24416,77,420874
42932,0.000457,172.217.194.0-255,1484,25900,77,420874
42933,0.000461,172.31.40.0-255,66,25966,77,420874
42934,0.000463,172.31.40.0-255,66,26032,77,420874
42935,0.00048,172.217.194.0-255,5379,31411,77,420874
42936,0.000483,172.31.40.0-255,66,31477,77,420874
42937,0.000525,172.217.194.0-255,9992,41469,77,420874
42938,0.000529,172.31.40.0-255,66,41535,77,420874
42939,0.000544,172.217.194.0-255,1484,43019,77,420874
42940,0.000547,172.31.40.0-255,66,43085,77,420874
42941,0.000566,172.217.194.0-255,5379,48464,77,420874
42942,0.000568,172.31.40.0-255,66,48530,77,420874
42943,0.000748,172.217.194.0-255,1484,50014,77,420874
42944,0.000752,172.31.40.0-255,66,50080,77,420874
42945,0.000778,172.217.194.0-255,2902,52982,77,420874
42946,0.00078,172.31.40.0-255,66,53048,77,420874
42947,0.000787,172.217.194.0-255,5738,58786,77,420874
42948,0.000798,172.217.194.0-255,1484,60270,77,420874
42949,0.000805,172.31.40.0-255,66,60336,77,420874
42950,0.000815,172.217.194.0-255,5692,66028,77,420874
42951,0.000824,172.31.40.0-255,66,66094,77,420874
42952,0.001027,172.217.194.0-255,364,66458,77,420874
42953,0.001065,172.31.40.0-255,66,66524,77,420874
42954,0.001222,172.217.194.0-255,1484,68008,77,420874
42955,0.001231,172.217.194.0-255,2902,70910,77,420874
42956,0.001249,172.217.194.0-255,5738,76648,77,420874
42957,0.001272,172.217.194.0-255,7156,83804,77,420874
42958,0.0013,172.217.194.0-255,5738,89542,77,420874
42959,0.001326,172.217.194.0-255,8574,98116,77,420874
42960,0.00133,172.217.194.0-255,2184,100300,77,420874
42961,0.001588,172.217.194.0-255,1484,101784,77,420874
42962,0.001596,172.217.194.0-255,2902,104686,77,420874
42963,0.001606,172.217.194.0-255,5738,110424,77,420874
42964,0.001655,172.217.194.0-255,11410,121834,77,420874
42965,0.001673,172.217.194.0-255,2902,124736,77,420874
42966,0.001708,172.217.194.0-255,9274,134010,77,420874
42967,0.002024,172.217.194.0-255,1484,135494,77,420874
42968,0.002031,172.217.194.0-255,2902,138396,77,420874
42969,0.00205,172.217.194.0-255,5738,144134,77,420874
42970,0.002065,172.217.194.0-255,1484,145618,77,420874
42971,0.002098,172.217.194.0-255,11410,157028,77,420874
42972,0.002106,172.217.194.0-255,7156,164184,77,420874
42973,0.002133,172.217.194.0-255,3602,167786,77,420874
42974,0.002177,172.217.194.0-255,4320,172106,77,420874
42975,0.002189,172.217.194.0-255,1484,173590,77,420874
42976,0.002204,172.217.194.0-255,4320,177910,77,420874
42977,0.002242,172.217.194.0-255,8574,186484,77,420874
42978,0.002261,172.217.194.0-255,2902,189386,77,420874
42979,0.002264,172.217.194.0-255,1484,190870,77,420874
42980,0.002283,172.217.194.0-255,4320,195190,77,420874
42981,0.002324,172.217.194.0-255,6438,201628,77,420874
42982,0.005711,172.31.40.0-255,66,201694,77,420874
42983,0.008031,172.217.194.0-255,5738,207432,77,420874
42984,0.008037,172.31.40.0-255,66,207498,77,420874
42985,0.010349,172.217.194.0-255,5738,213236,77,420874
42986,0.010357,172.31.40.0-255,66,213302,77,420874
42987,0.012701,172.217.194.0-255,5738,219040,77,420874
42988,0.013742,172.31.40.0-255,66,219106,77,420874
42989,0.016036,172.217.194.0-255,5738,224844,77,420874
42990,0.016051,172.31.40.0-255,66,224910,77,420874
42991,0.018394,172.217.194.0-255,5738,230648,77,420874
42992,0.018404,172.31.40.0-255,66,230714,77,420874
42993,0.020736,172.217.194.0-255,5738,236452,77,420874
42994,0.020749,172.31.40.0-255,66,236518,77,420874
42995,0.023046,172.217.194.0-255,5738,242256,77,420874
42996,0.023056,172.31.40.0-255,66,242322,77,420874
42997,0.025342,172.217.194.0-255,5738,248060,77,420874
42998,0.02535,172.31.40.0-255,66,248126,77,420874
42999,0.026612,172.31.40.0-255,172,248298,77,420874
43000,0.02665,172.31.40.0-255,1116,249414,77,420874
43001,0.026717,172.31.40.0-255,1514,250928,77,420874
43002,0.026719,172.31.40.0-255,1514,252442,77,420874
43003,0.02672,172.31.40.0-255,1514,253956,77,420874
43004,0.026726,172.31.40.0-255,1514,255470,77,420874
43005,0.026727,172.31.40.0-255,525,255995,77,420874
43006,0.027647,172.217.194.0-255,5738,261733,77,420874
43007,0.027657,172.31.40.0-255,66,261799,77,420874
43008,0.028185,104.244.42.0-255,66,261865,77,420874
43009,0.028315,104.244.42.0-255,66,261931,77,420874
43010,0.028319,104.244.42.0-255,66,261997,77,420874
43011,0.028323,104.244.42.0-255,66,262063,77,420874
43012,0.029957,172.217.194.0-255,5738,267801,77,420874
43013,0.029974,172.31.40.0-255,66,267867,77,420874
43014,0.032306,172.217.194.0-255,5738,273605,77,420874
43015,0.032323,172.31.40.0-255,66,273671,77,420874
43016,0.034646,172.217.194.0-255,5738,279409,77,420874
43017,0.03466,172.31.40.0-255,66,279475,77,420874
43018,0.036984,172.217.194.0-255,5738,285213,77,420874
43019,0.037002,172.31.40.0-255,66,285279,77,420874
43020,0.039301,172.217.194.0-255,5738,291017,77,420874
43021,0.039318,172.31.40.0-255,66,291083,77,420874
43022,0.041654,172.217.194.0-255,5738,296821,77,420874
43023,0.041671,172.31.40.0-255,66,296887,77,420874
43024,0.044066,172.217.194.0-255,5738,302625,77,420874
43025,0.044084,172.31.40.0-255,66,302691,77,420874
43026,0.046408,172.217.194.0-255,5738,308429,77,420874
43027,0.046427,172.31.40.0-255,66,308495,77,420874
43028,0.048749,172.217.194.0-255,5738,314233,77,420874
43029,0.048767,172.31.40.0-255,66,314299,77,420874
43030,0.051086,172.217.194.0-255,5738,320037,77,420874
43031,0.051112,172.31.40.0-255,66,320103,77,420874
43032,0.053446,172.217.194.0-255,5738,325841,77,420874
43033,0.053463,172.31.40.0-255,66,325907,77,420874
43034,0.055779,172.217.194.0-255,5738,331645,77,420874
43035,0.055796,172.31.40.0-255,66,331711,77,420874
43036,0.058133,172.217.194.0-255,5738,337449,77,420874
43037,0.058146,172.31.40.0-255,66,337515,77,420874
43038,0.060458,172.217.194.0-255,5738,343253,77,420874
43039,0.060466,172.31.40.0-255,66,343319,77,420874
43040,0.062769,172.217.194.0-255,5738,349057,77,420874
43041,0.062775,172.31.40.0-255,66,349123,77,420874
43042,0.065119,172.217.194.0-255,5738,354861,77,420874
43043,0.065126,172.31.40.0-255,66,354927,77,420874
43044,0.067438,172.217.194.0-255,5738,360665,77,420874
43045,0.067444,172.31.40.0-255,66,360731,77,420874
43046,0.069751,172.217.194.0-255,5738,366469,77,420874
43047,0.069756,172.31.40.0-255,66,366535,77,420874
43048,0.072065,172.217.194.0-255,5738,372273,77,420874
43049,0.072071,172.31.40.0-255,66,372339,77,420874
43050,0.074378,172.217.194.0-255,5738,378077,77,420874
43051,0.074385,172.31.40.0-255,66,378143,77,420874
43052,0.076691,172.217.194.0-255,5738,383881,77,420874
43053,0.076699,172.31.40.0-255,66,383947,77,420874
43054,0.078992,172.217.194.0-255,5738,389685,77,420874
43055,0.078999,172.31.40.0-255,66,389751,77,420874
43056,0.0813,172.217.194.0-255,5738,395489,77,420874
43057,0.081306,172.31.40.0-255,66,395555,77,420874
43058,0.083596,172.217.194.0-255,5738,401293,77,420874
43059,0.083602,172.31.40.0-255,66,401359,77,420874
43060,0.085903,172.217.194.0-255,5738,407097,77,420874
43061,0.08591,172.31.40.0-255,66,407163,77,420874
43062,0.088279,172.217.194.0-255,5738,412901,77,420874
43063,0.088286,172.31.40.0-255,66,412967,77,420874
43064,0.090621,172.217.194.0-255,5738,418705,77,420874
43065,0.090628,172.31.40.0-255,66,418771,77,420874
43066,0.092937,172.217.194.0-255,1866,420637,77,420874
43067,0.092944,172.31.40.0-255,66,420703,77,420874
43068,0.093118,172.31.40.0-255,105,420808,77,420874
43069,0.095399,172.217.194.0-255,66,420874,77,420874
43070,0.0,74.125.24.0-255,153,153,77,322437
43071,2.3e-05,172.31.40.0-255,66,219,77,322437
43072,3.1e-05,74.125.24.0-255,1484,1703,77,322437
43073,3.5e-05,172.31.40.0-255,66,1769,77,322437
43074,4.1e-05,74.125.24.0-255,2902,4671,77,322437
43075,5e-05,172.31.40.0-255,66,4737,77,322437
43076,5.8e-05,74.125.24.0-255,7156,11893,77,322437
43077,6e-05,172.31.40.0-255,66,11959,77,322437
43078,8.3e-05,74.125.24.0-255,2128,14087,77,322437
43079,8.5e-05,172.31.40.0-255,66,14153,77,322437
43080,0.00029,74.125.24.0-255,1484,15637,77,322437
43081,0.000296,172.31.40.0-255,66,15703,77,322437
43082,0.0003,74.125.24.0-255,1484,17187,77,322437
43083,0.000303,172.31.40.0-255,66,17253,77,322437
43084,0.000339,74.125.24.0-255,1484,18737,77,322437
43085,0.000342,172.31.40.0-255,66,18803,77,322437
43086,0.000349,74.125.24.0-255,5738,24541,77,322437
43087,0.000351,172.31.40.0-255,66,24607,77,322437
43088,0.000383,74.125.24.0-255,6797,31404,77,322437
43089,0.000386,172.31.40.0-255,66,31470,77,322437
43090,0.000412,74.125.24.0-255,4320,35790,77,322437
43091,0.000415,172.31.40.0-255,66,35856,77,322437
43092,0.000444,74.125.24.0-255,2902,38758,77,322437
43093,0.000447,172.31.40.0-255,66,38824,77,322437
43094,0.000466,172.31.40.0-255,66,38890,77,322437
43095,0.000475,74.125.24.0-255,9992,48882,77,322437
43096,0.000477,172.31.40.0-255,66,48948,77,322437
43097,0.0005,74.125.24.0-255,1100,50048,77,322437
43098,0.000503,172.31.40.0-255,66,50114,77,322437
43099,0.000629,74.125.24.0-255,110,50224,77,322437
43100,0.000633,172.31.40.0-255,66,50290,77,322437
43101,0.000808,74.125.24.0-255,1484,51774,77,322437
43102,0.000815,74.125.24.0-255,2902,54676,77,322437
43103,0.000818,172.31.40.0-255,66,54742,77,322437
43104,0.000824,74.125.24.0-255,2902,57644,77,322437
43105,0.000826,172.31.40.0-255,66,57710,77,322437
43106,0.000863,74.125.24.0-255,2902,60612,77,322437
43107,0.000865,172.31.40.0-255,66,60678,77,322437
43108,0.000876,74.125.24.0-255,12828,73506,77,322437
43109,0.000878,172.31.40.0-255,66,73572,77,322437
43110,0.000891,74.125.24.0-255,8574,82146,77,322437
43111,0.000893,172.31.40.0-255,66,82212,77,322437
43112,0.00093,74.125.24.0-255,2184,84396,77,322437
43113,0.000932,172.31.40.0-255,66,84462,77,322437
43114,0.002369,74.125.24.0-255,1484,85946,77,322437
43115,0.002391,74.125.24.0-255,2902,88848,77,322437
43116,0.002396,172.31.40.0-255,66,88914,77,322437
43117,0.002401,74.125.24.0-255,1484,90398,77,322437
43118,0.002421,74.125.24.0-255,2902,93300,77,322437
43119,0.002424,172.31.40.0-255,66,93366,77,322437
43120,0.002449,74.125.24.0-255,1484,94850,77,322437
43121,0.002491,74.125.24.0-255,2902,97752,77,322437
43122,0.002494,172.31.40.0-255,66,97818,77,322437
43123,0.002521,74.125.24.0-255,5738,103556,77,322437
43124,0.002523,172.31.40.0-255,66,103622,77,322437
43125,0.00255,74.125.24.0-255,4320,107942,77,322437
43126,0.002553,172.31.40.0-255,66,108008,77,322437
43127,0.002581,74.125.24.0-255,8574,116582,77,322437
43128,0.002584,172.31.40.0-255,66,116648,77,322437
43129,0.002614,74.125.24.0-255,2184,118832,77,322437
43130,0.002616,172.31.40.0-255,66,118898,77,322437
43131,0.005506,74.125.24.0-255,2902,121800,77,322437
43132,0.005512,172.31.40.0-255,66,121866,77,322437
43133,0.005541,74.125.24.0-255,2902,124768,77,322437
43134,0.005543,172.31.40.0-255,66,124834,77,322437
43135,0.008369,74.125.24.0-255,2902,127736,77,322437
43136,0.008375,172.31.40.0-255,66,127802,77,322437
43137,0.008408,74.125.24.0-255,2902,130704,77,322437
43138,0.00841,172.31.40.0-255,66,130770,77,322437
43139,0.011529,74.125.24.0-255,5738,136508,77,322437
43140,0.011539,172.31.40.0-255,66,136574,77,322437
43141,0.014257,74.125.24.0-255,5738,142312,77,322437
43142,0.014265,172.31.40.0-255,66,142378,77,322437
43143,0.01698,74.125.24.0-255,5738,148116,77,322437
43144,0.01699,172.31.40.0-255,66,148182,77,322437
43145,0.019686,74.125.24.0-255,1484,149666,77,322437
43146,0.019709,74.125.24.0-255,4320,153986,77,322437
43147,0.019713,172.31.40.0-255,66,154052,77,322437
43148,0.022339,74.125.24.0-255,5738,159790,77,322437
43149,0.022348,172.31.40.0-255,66,159856,77,322437
43150,0.024998,74.125.24.0-255,5738,165594,77,322437
43151,0.025007,172.31.40.0-255,66,165660,77,322437
43152,0.027633,74.125.24.0-255,5738,171398,77,322437
43153,0.027639,172.31.40.0-255,66,171464,77,322437
43154,0.030332,74.125.24.0-255,1484,172948,77,322437
43155,0.030361,74.125.24.0-255,4320,177268,77,322437
43156,0.030366,172.31.40.0-255,66,177334,77,322437
43157,0.033489,74.125.24.0-255,5738,183072,77,322437
43158,0.033519,172.31.40.0-255,66,183138,77,322437
43159,0.036688,74.125.24.0-255,5738,188876,77,322437
43160,0.036707,172.31.40.0-255,66,188942,77,322437
43161,0.039873,74.125.24.0-255,5738,194680,77,322437
43162,0.039883,172.31.40.0-255,66,194746,77,322437
43163,0.042661,74.125.24.0-255,5738,200484,77,322437
43164,0.042671,172.31.40.0-255,66,200550,77,322437
43165,0.045416,74.125.24.0-255,5738,206288,77,322437
43166,0.045425,172.31.40.0-255,66,206354,77,322437
43167,0.048058,74.125.24.0-255,4320,210674,77,322437
43168,0.048066,172.31.40.0-255,66,210740,77,322437
43169,0.048098,74.125.24.0-255,1484,212224,77,322437
43170,0.050783,74.125.24.0-255,4320,216544,77,322437
43171,0.050794,172.31.40.0-255,66,216610,77,322437
43172,0.053463,74.125.24.0-255,5738,222348,77,322437
43173,0.053472,172.31.40.0-255,66,222414,77,322437
43174,0.05639,74.125.24.0-255,5738,228152,77,322437
43175,0.056398,172.31.40.0-255,66,228218,77,322437
43176,0.059232,74.125.24.0-255,5738,233956,77,322437
43177,0.05924,172.31.40.0-255,66,234022,77,322437
43178,0.061858,74.125.24.0-255,5738,239760,77,322437
43179,0.061867,172.31.40.0-255,66,239826,77,322437
43180,0.064562,74.125.24.0-255,5738,245564,77,322437
43181,0.064575,172.31.40.0-255,66,245630,77,322437
43182,0.067209,74.125.24.0-255,5738,251368,77,322437
43183,0.06722,172.31.40.0-255,66,251434,77,322437
43184,0.069874,74.125.24.0-255,5738,257172,77,322437
43185,0.069883,172.31.40.0-255,66,257238,77,322437
43186,0.072593,74.125.24.0-255,5738,262976,77,322437
43187,0.072602,172.31.40.0-255,66,263042,77,322437
43188,0.075197,74.125.24.0-255,5738,268780,77,322437
43189,0.075205,172.31.40.0-255,66,268846,77,322437
43190,0.077979,74.125.24.0-255,2902,271748,77,322437
43191,0.077986,172.31.40.0-255,66,271814,77,322437
43192,0.078018,74.125.24.0-255,2902,274716,77,322437
43193,0.078021,172.31.40.0-255,66,274782,77,322437
43194,0.080621,74.125.24.0-255,2902,277684,77,322437
43195,0.080628,172.31.40.0-255,66,277750,77,322437
43196,0.080658,74.125.24.0-255,2902,280652,77,322437
43197,0.080661,172.31.40.0-255,66,280718,77,322437
43198,0.083238,74.125.24.0-255,2902,283620,77,322437
43199,0.083245,172.31.40.0-255,66,283686,77,322437
43200,0.083276,74.125.24.0-255,2902,286588,77,322437
43201,0.083279,172.31.40.0-255,66,286654,77,322437
43202,0.085854,74.125.24.0-255,2902,289556,77,322437
43203,0.085865,172.31.40.0-255,66,289622,77,322437
43204,0.085896,74.125.24.0-255,2902,292524,77,322437
43205,0.0859,172.31.40.0-255,66,292590,77,322437
43206,0.088471,74.125.24.0-255,2902,295492,77,322437
43207,0.088477,172.31.40.0-255,66,295558,77,322437
43208,0.088507,74.125.24.0-255,2902,298460,77,322437
43209,0.088509,172.31.40.0-255,66,298526,77,322437
43210,0.091097,74.125.24.0-255,2902,301428,77,322437
43211,0.091104,172.31.40.0-255,66,301494,77,322437
43212,0.091132,74.125.24.0-255,2902,304396,77,322437
43213,0.091134,172.31.40.0-255,66,304462,77,322437
43214,0.093705,74.125.24.0-255,2902,307364,77,322437
43215,0.093714,172.31.40.0-255,66,307430,77,322437
43216,0.093747,74.125.24.0-255,2902,310332,77,322437
43217,0.09375,172.31.40.0-255,66,310398,77,322437
43218,0.093853,172.31.40.0-255,101,310499,77,322437
43219,0.096309,74.125.24.0-255,2902,313401,77,322437
43220,0.096317,172.31.40.0-255,66,313467,77,322437
43221,0.096353,74.125.24.0-255,2902,316369,77,322437
43222,0.096356,172.31.40.0-255,66,316435,77,322437
43223,0.096459,74.125.24.0-255,66,316501,77,322437
43224,0.098922,74.125.24.0-255,2902,319403,77,322437
43225,0.098932,172.31.40.0-255,66,319469,77,322437
43226,0.098964,74.125.24.0-255,2902,322371,77,322437
43227,0.098967,172.31.40.0-255,66,322437,77,322437
43228,0.0,74.125.24.0-255,153,153,77,384756
43229,1.1e-05,172.31.40.0-255,66,219,77,384756
43230,1.9e-05,74.125.24.0-255,1484,1703,77,384756
43231,2.3e-05,172.31.40.0-255,66,1769,77,384756
43232,2.8e-05,74.125.24.0-255,2902,4671,77,384756
43233,4.1e-05,172.31.40.0-255,66,4737,77,384756
43234,5e-05,74.125.24.0-255,7156,11893,77,384756
43235,5.3e-05,172.31.40.0-255,66,11959,77,384756
43236,5.8e-05,74.125.24.0-255,2030,13989,77,384756
43237,6e-05,172.31.40.0-255,66,14055,77,384756
43238,0.0001,74.125.24.0-255,1484,15539,77,384756
43239,0.000102,172.31.40.0-255,66,15605,77,384756
43240,0.000107,74.125.24.0-255,2902,18507,77,384756
43241,0.00011,172.31.40.0-255,66,18573,77,384756
43242,0.000143,74.125.24.0-255,5738,24311,77,384756
43243,0.000146,172.31.40.0-255,66,24377,77,384756
43244,0.000153,74.125.24.0-255,6797,31174,77,384756
43245,0.000156,172.31.40.0-255,66,31240,77,384756
43246,0.00034,74.125.24.0-255,1484,32724,77,384756
43247,0.000345,172.31.40.0-255,66,32790,77,384756
43248,0.000351,74.125.24.0-255,2902,35692,77,384756
43249,0.000353,172.31.40.0-255,66,35758,77,384756
43250,0.000356,74.125.24.0-255,1484,37242,77,384756
43251,0.000359,172.31.40.0-255,66,37308,77,384756
43252,0.000392,74.125.24.0-255,4320,41628,77,384756
43253,0.000395,172.31.40.0-255,66,41694,77,384756
43254,0.000398,74.125.24.0-255,1484,43178,77,384756
43255,0.0004,172.31.40.0-255,66,43244,77,384756
43256,0.000429,74.125.24.0-255,5379,48623,77,384756
43257,0.000431,172.31.40.0-255,66,48689,77,384756
43258,0.000434,74.125.24.0-255,1484,50173,77,384756
43259,0.000436,172.31.40.0-255,66,50239,77,384756
43260,0.00046,74.125.24.0-255,5738,55977,77,384756
43261,0.000468,172.31.40.0-255,66,56043,77,384756
43262,0.000474,74.125.24.0-255,5738,61781,77,384756
43263,0.000476,172.31.40.0-255,66,61847,77,384756
43264,0.000508,74.125.24.0-255,4337,66184,77,384756
43265,0.00051,172.31.40.0-255,66,66250,77,384756
43266,0.000536,74.125.24.0-255,332,66582,77,384756
43267,0.000994,74.125.24.0-255,1484,68066,77,384756
43268,0.000999,172.31.40.0-255,66,68132,77,384756
43269,0.001004,74.125.24.0-255,2902,71034,77,384756
43270,0.001007,172.31.40.0-255,66,71100,77,384756
43271,0.001036,74.125.24.0-255,5738,76838,77,384756
43272,0.001038,172.31.40.0-255,66,76904,77,384756
43273,0.001043,74.125.24.0-255,2902,79806,77,384756
43274,0.001045,172.31.40.0-255,66,79872,77,384756
43275,0.001084,74.125.24.0-255,9992,89864,77,384756
43276,0.001095,74.125.24.0-255,10692,100556,77,384756
43277,0.001098,172.31.40.0-255,66,100622,77,384756
43278,0.001101,172.31.40.0-255,66,100688,77,384756
43279,0.001369,172.31.40.0-255,101,100789,77,384756
43280,0.001652,74.125.24.0-255,1484,102273,77,384756
43281,0.00166,74.125.24.0-255,2902,105175,77,384756
43282,0.001664,172.31.40.0-255,66,105241,77,384756
43283,0.001672,74.125.24.0-255,5738,110979,77,384756
43284,0.001674,172.31.40.0-255,66,111045,77,384756
43285,0.001713,74.125.24.0-255,7156,118201,77,384756
43286,0.001716,172.31.40.0-255,66,118267,77,384756
43287,0.00175,74.125.24.0-255,7156,125423,77,384756
43288,0.001752,172.31.40.0-255,66,125489,77,384756
43289,0.001777,74.125.24.0-255,7156,132645,77,384756
43290,0.001779,172.31.40.0-255,66,132711,77,384756
43291,0.001783,74.125.24.0-255,2184,134895,77,384756
43292,0.001785,172.31.40.0-255,66,134961,77,384756
43293,0.002261,74.125.24.0-255,1484,136445,77,384756
43294,0.002269,74.125.24.0-255,2902,139347,77,384756
43295,0.002273,172.31.40.0-255,66,139413,77,384756
43296,0.003588,74.125.24.0-255,66,139479,77,384756
43297,0.004526,74.125.24.0-255,5738,145217,77,384756
43298,0.004531,172.31.40.0-255,66,145283,77,384756
43299,0.006828,74.125.24.0-255,5738,151021,77,384756
43300,0.006835,172.31.40.0-255,66,151087,77,384756
43301,0.009136,74.125.24.0-255,5738,156825,77,384756
43302,0.009143,172.31.40.0-255,66,156891,77,384756
43303,0.011413,74.125.24.0-255,5738,162629,77,384756
43304,0.01142,172.31.40.0-255,66,162695,77,384756
43305,0.013685,74.125.24.0-255,5738,168433,77,384756
43306,0.013692,172.31.40.0-255,66,168499,77,384756
43307,0.015943,74.125.24.0-255,5738,174237,77,384756
43308,0.01595,172.31.40.0-255,66,174303,77,384756
43309,0.01821,74.125.24.0-255,5738,180041,77,384756
43310,0.018217,172.31.40.0-255,66,180107,77,384756
43311,0.020488,74.125.24.0-255,5738,185845,77,384756
43312,0.020498,172.31.40.0-255,66,185911,77,384756
43313,0.022758,74.125.24.0-255,5738,191649,77,384756
43314,0.022764,172.31.40.0-255,66,191715,77,384756
43315,0.025039,74.125.24.0-255,5738,197453,77,384756
43316,0.025047,172.31.40.0-255,66,197519,77,384756
43317,0.027352,74.125.24.0-255,4320,201839,77,384756
43318,0.02736,172.31.40.0-255,66,201905,77,384756
43319,0.02739,74.125.24.0-255,1484,203389,77,384756
43320,0.029615,74.125.24.0-255,2902,206291,77,384756
43321,0.029622,172.31.40.0-255,66,206357,77,384756
43322,0.030508,172.31.40.0-255,172,206529,77,384756
43323,0.03054,172.31.40.0-255,1120,207649,77,384756
43324,0.030597,172.31.40.0-255,1514,209163,77,384756
43325,0.030618,172.31.40.0-255,1275,210438,77,384756
43326,0.031909,74.125.24.0-255,5738,216176,77,384756
43327,0.031916,172.31.40.0-255,66,216242,77,384756
43328,0.032028,104.244.42.0-255,66,216308,77,384756
43329,0.032077,104.244.42.0-255,66,216374,77,384756
43330,0.032162,104.244.42.0-255,66,216440,77,384756
43331,0.034186,74.125.24.0-255,5738,222178,77,384756
43332,0.034192,172.31.40.0-255,66,222244,77,384756
43333,0.036454,74.125.24.0-255,5738,227982,77,384756
43334,0.03646,172.31.40.0-255,66,228048,77,384756
43335,0.038738,74.125.24.0-255,5738,233786,77,384756
43336,0.038745,172.31.40.0-255,66,233852,77,384756
43337,0.041021,74.125.24.0-255,5738,239590,77,384756
43338,0.041028,172.31.40.0-255,66,239656,77,384756
43339,0.043294,74.125.24.0-255,5738,245394,77,384756
43340,0.043301,172.31.40.0-255,66,245460,77,384756
43341,0.045588,74.125.24.0-255,5738,251198,77,384756
43342,0.045594,172.31.40.0-255,66,251264,77,384756
43343,0.047862,74.125.24.0-255,5738,257002,77,384756
43344,0.047868,172.31.40.0-255,66,257068,77,384756
43345,0.05015,74.125.24.0-255,5738,262806,77,384756
43346,0.050167,172.31.40.0-255,66,262872,77,384756
43347,0.052454,74.125.24.0-255,5738,268610,77,384756
43348,0.05247,172.31.40.0-255,66,268676,77,384756
43349,0.05476,74.125.24.0-255,5738,274414,77,384756
43350,0.054777,172.31.40.0-255,66,274480,77,384756
43351,0.057068,74.125.24.0-255,5738,280218,77,384756
43352,0.057084,172.31.40.0-255,66,280284,77,384756
43353,0.059363,74.125.24.0-255,5738,286022,77,384756
43354,0.05938,172.31.40.0-255,66,286088,77,384756
43355,0.061645,74.125.24.0-255,5738,291826,77,384756
43356,0.061662,172.31.40.0-255,66,291892,77,384756
43357,0.063949,74.125.24.0-255,5738,297630,77,384756
43358,0.063966,172.31.40.0-255,66,297696,77,384756
43359,0.06624,74.125.24.0-255,5738,303434,77,384756
43360,0.066262,172.31.40.0-255,66,303500,77,384756
43361,0.068593,74.125.24.0-255,5738,309238,77,384756
43362,0.068609,172.31.40.0-255,66,309304,77,384756
43363,0.070873,74.125.24.0-255,5738,315042,77,384756
43364,0.070885,172.31.40.0-255,66,315108,77,384756
43365,0.073219,74.125.24.0-255,5738,320846,77,384756
43366,0.073237,172.31.40.0-255,66,320912,77,384756
43367,0.07553,74.125.24.0-255,5738,326650,77,384756
43368,0.075547,172.31.40.0-255,66,326716,77,384756
43369,0.077834,74.125.24.0-255,5738,332454,77,384756
43370,0.077852,172.31.40.0-255,66,332520,77,384756
43371,0.080147,74.125.24.0-255,5738,338258,77,384756
43372,0.080163,172.31.40.0-255,66,338324,77,384756
43373,0.082439,74.125.24.0-255,5738,344062,77,384756
43374,0.082455,172.31.40.0-255,66,344128,77,384756
43375,0.084713,74.125.24.0-255,5738,349866,77,384756
43376,0.08473,172.31.40.0-255,66,349932,77,384756
43377,0.086998,74.125.24.0-255,5738,355670,77,384756
43378,0.087012,172.31.40.0-255,66,355736,77,384756
43379,0.089306,74.125.24.0-255,5738,361474,77,384756
43380,0.089322,172.31.40.0-255,66,361540,77,384756
43381,0.091612,74.125.24.0-255,5738,367278,77,384756
43382,0.091629,172.31.40.0-255,66,367344,77,384756
43383,0.09388,74.125.24.0-255,5738,373082,77,384756
43384,0.093884,172.31.40.0-255,66,373148,77,384756
43385,0.096146,74.125.24.0-255,5738,378886,77,384756
43386,0.096151,172.31.40.0-255,66,378952,77,384756
43387,0.098434,74.125.24.0-255,5738,384690,77,384756
43388,0.09844,172.31.40.0-255,66,384756,77,384756
43389,0.0,74.125.24.0-255,152,152,77,423165
43390,1.7e-05,172.31.40.0-255,66,218,77,423165
43391,2.3e-05,74.125.24.0-255,1484,1702,77,423165
43392,2.8e-05,172.31.40.0-255,66,1768,77,423165
43393,4e-05,74.125.24.0-255,2902,4670,77,423165
43394,4.4e-05,172.31.40.0-255,66,4736,77,423165
43395,5.2e-05,74.125.24.0-255,7156,11892,77,423165
43396,5.4e-05,172.31.40.0-255,66,11958,77,423165
43397,5.8e-05,74.125.24.0-255,2023,13981,77,423165
43398,6.1e-05,172.31.40.0-255,66,14047,77,423165
43399,9.9e-05,74.125.24.0-255,1484,15531,77,423165
43400,0.000102,172.31.40.0-255,66,15597,77,423165
43401,0.000128,74.125.24.0-255,2902,18499,77,423165
43402,0.000131,172.31.40.0-255,66,18565,77,423165
43403,0.000138,74.125.24.0-255,5738,24303,77,423165
43404,0.00014,172.31.40.0-255,66,24369,77,423165
43405,0.000182,74.125.24.0-255,6797,31166,77,423165
43406,0.000185,172.31.40.0-255,66,31232,77,423165
43407,0.000252,74.125.24.0-255,1484,32716,77,423165
43408,0.000255,172.31.40.0-255,66,32782,77,423165
43409,0.000268,74.125.24.0-255,2902,35684,77,423165
43410,0.000275,172.31.40.0-255,66,35750,77,423165
43411,0.000282,74.125.24.0-255,5738,41488,77,423165
43412,0.000285,172.31.40.0-255,66,41554,77,423165
43413,0.000317,74.125.24.0-255,5738,47292,77,423165
43414,0.00032,172.31.40.0-255,66,47358,77,423165
43415,0.000344,74.125.24.0-255,5379,52737,77,423165
43416,0.000347,172.31.40.0-255,66,52803,77,423165
43417,0.000358,74.125.24.0-255,11410,64213,77,423165
43418,0.00036,172.31.40.0-255,66,64279,77,423165
43419,0.000363,74.125.24.0-255,1125,65404,77,423165
43420,0.000365,172.31.40.0-255,66,65470,77,423165
43421,0.0004,74.125.24.0-255,364,65834,77,423165
43422,0.000437,74.125.24.0-255,380,66214,77,423165
43423,0.000579,74.125.24.0-255,1484,67698,77,423165
43424,0.000583,172.31.40.0-255,66,67764,77,423165
43425,0.000589,74.125.24.0-255,2902,70666,77,423165
43426,0.000592,172.31.40.0-255,66,70732,77,423165
43427,0.000603,74.125.24.0-255,5738,76470,77,423165
43428,0.000605,172.31.40.0-255,66,76536,77,423165
43429,0.00061,74.125.24.0-255,2902,79438,77,423165
43430,0.000612,172.31.40.0-255,66,79504,77,423165
43431,0.000641,74.125.24.0-255,3961,83465,77,423165
43432,0.000648,172.31.40.0-255,66,83531,77,423165
43433,0.000686,74.125.24.0-255,11410,94941,77,423165
43434,0.000691,172.31.40.0-255,66,95007,77,423165
43435,0.00072,74.125.24.0-255,5379,100386,77,423165
43436,0.000723,172.31.40.0-255,66,100452,77,423165
43437,0.000939,74.125.24.0-255,1484,101936,77,423165
43438,0.000944,74.125.24.0-255,1484,103420,77,423165
43439,0.000947,172.31.40.0-255,66,103486,77,423165
43440,0.000977,74.125.24.0-255,1484,104970,77,423165
43441,0.000985,74.125.24.0-255,5738,110708,77,423165
43442,0.000988,172.31.40.0-255,66,110774,77,423165
43443,0.000999,74.125.24.0-255,12828,123602,77,423165
43444,0.001005,172.31.40.0-255,66,123668,77,423165
43445,0.001012,74.125.24.0-255,4320,127988,77,423165
43446,0.001014,172.31.40.0-255,66,128054,77,423165
43447,0.001047,74.125.24.0-255,4320,132374,77,423165
43448,0.001052,172.31.40.0-255,66,132440,77,423165
43449,0.001077,74.125.24.0-255,2184,134624,77,423165
43450,0.001079,172.31.40.0-255,66,134690,77,423165
43451,0.001083,74.125.24.0-255,2902,137592,77,423165
43452,0.001086,172.31.40.0-255,66,137658,77,423165
43453,0.001092,74.125.24.0-255,4320,141978,77,423165
43454,0.001099,172.31.40.0-255,66,142044,77,423165
43455,0.00112,74.125.24.0-255,2902,144946,77,423165
43456,0.001122,172.31.40.0-255,66,145012,77,423165
43457,0.001137,74.125.24.0-255,11410,156422,77,423165
43458,0.001139,172.31.40.0-255,66,156488,77,423165
43459,0.001148,74.125.24.0-255,8574,165062,77,423165
43460,0.001151,172.31.40.0-255,66,165128,77,423165
43461,0.001182,74.125.24.0-255,3602,168730,77,423165
43462,0.001185,172.31.40.0-255,66,168796,77,423165
43463,0.001208,74.125.24.0-255,1484,170280,77,423165
43464,0.001211,74.125.24.0-255,1484,171764,77,423165
43465,0.001214,172.31.40.0-255,66,171830,77,423165
43466,0.00124,74.125.24.0-255,1484,173314,77,423165
43467,0.001247,74.125.24.0-255,5738,179052,77,423165
43468,0.00125,172.31.40.0-255,66,179118,77,423165
43469,0.001289,74.125.24.0-255,12828,191946,77,423165
43470,0.001293,172.31.40.0-255,66,192012,77,423165
43471,0.0013,74.125.24.0-255,7156,199168,77,423165
43472,0.001302,172.31.40.0-255,66,199234,77,423165
43473,0.001332,74.125.24.0-255,3602,202836,77,423165
43474,0.001335,172.31.40.0-255,66,202902,77,423165
43475,0.001387,74.125.24.0-255,1484,204386,77,423165
43476,0.001394,74.125.24.0-255,2902,207288,77,423165
43477,0.001397,172.31.40.0-255,66,207354,77,423165
43478,0.00143,74.125.24.0-255,5738,213092,77,423165
43479,0.001433,172.31.40.0-255,66,213158,77,423165
43480,0.001441,74.125.24.0-255,8574,221732,77,423165
43481,0.001443,172.31.40.0-255,66,221798,77,423165
43482,0.00148,74.125.24.0-255,2902,224700,77,423165
43483,0.001482,172.31.40.0-255,66,224766,77,423165
43484,0.001519,74.125.24.0-255,12110,236876,77,423165
43485,0.001523,172.31.40.0-255,66,236942,77,423165
43486,0.001632,74.125.24.0-255,1484,238426,77,423165
43487,0.001637,74.125.24.0-255,2902,241328,77,423165
43488,0.00164,172.31.40.0-255,66,241394,77,423165
43489,0.001673,74.125.24.0-255,5738,247132,77,423165
43490,0.001676,172.31.40.0-255,66,247198,77,423165
43491,0.001697,74.125.24.0-255,12828,260026,77,423165
43492,0.0017,172.31.40.0-255,66,260092,77,423165
43493,0.001708,74.125.24.0-255,7156,267248,77,423165
43494,0.00171,172.31.40.0-255,66,267314,77,423165
43495,0.001772,74.125.24.0-255,3602,270916,77,423165
43496,0.001774,172.31.40.0-255,66,270982,77,423165
43497,0.001778,74.125.24.0-255,1484,272466,77,423165
43498,0.001799,74.125.24.0-255,2902,275368,77,423165
43499,0.001802,172.31.40.0-255,66,275434,77,423165
43500,0.001808,74.125.24.0-255,4320,279754,77,423165
43501,0.00181,172.31.40.0-255,66,279820,77,423165
43502,0.001845,74.125.24.0-255,1484,281304,77,423165
43503,0.001857,74.125.24.0-255,12828,294132,77,423165
43504,0.00186,172.31.40.0-255,66,294198,77,423165
43505,0.001867,74.125.24.0-255,7156,301354,77,423165
43506,0.001869,172.31.40.0-255,66,301420,77,423165
43507,0.001896,74.125.24.0-255,3602,305022,77,423165
43508,0.001902,172.31.40.0-255,66,305088,77,423165
43509,0.002046,172.31.40.0-255,101,305189,77,423165
43510,0.002073,74.125.24.0-255,1484,306673,77,423165
43511,0.002093,74.125.24.0-255,2902,309575,77,423165
43512,0.002096,172.31.40.0-255,66,309641,77,423165
43513,0.002102,74.125.24.0-255,4320,313961,77,423165
43514,0.002105,172.31.40.0-255,66,314027,77,423165
43515,0.002125,74.125.24.0-255,1484,315511,77,423165
43516,0.002156,74.125.24.0-255,12828,328339,77,423165
43517,0.002166,74.125.24.0-255,9992,338331,77,423165
43518,0.002185,172.31.40.0-255,66,338397,77,423165
43519,0.002192,74.125.24.0-255,766,339163,77,423165
43520,0.002223,74.125.24.0-255,1484,340647,77,423165
43521,0.00224,74.125.24.0-255,4320,344967,77,423165
43522,0.002244,74.125.24.0-255,1484,346451,77,423165
43523,0.002256,74.125.24.0-255,1484,347935,77,423165
43524,0.002264,172.31.40.0-255,66,348001,77,423165
43525,0.002294,74.125.24.0-255,5738,353739,77,423165
43526,0.002304,74.125.24.0-255,8574,362313,77,423165
43527,0.002308,74.125.24.0-255,2902,365215,77,423165
43528,0.002315,172.31.40.0-255,66,365281,77,423165
43529,0.002335,74.125.24.0-255,7156,372437,77,423165
43530,0.002349,172.31.40.0-255,66,372503,77,423165
43531,0.002439,74.125.24.0-255,766,373269,77,423165
43532,0.002443,74.125.24.0-255,1484,374753,77,423165
43533,0.002446,172.31.40.0-255,66,374819,77,423165
43534,0.002452,74.125.24.0-255,4320,379139,77,423165
43535,0.002461,74.125.24.0-255,9992,389131,77,423165
43536,0.002473,74.125.24.0-255,7156,396287,77,423165
43537,0.002477,74.125.24.0-255,1484,397771,77,423165
43538,0.002486,74.125.24.0-255,9274,407045,77,423165
43539,0.002507,172.31.40.0-255,66,407111,77,423165
43540,0.002515,74.125.24.0-255,6608,413719,77,423165
43541,0.002529,74.125.24.0-255,105,413824,77,423165
43542,0.002532,172.31.40.0-255,66,413890,77,423165
43543,0.004341,74.125.24.0-255,66,413956,77,423165
43544,0.004916,172.31.40.0-255,105,414061,77,423165
43545,0.007176,74.125.24.0-255,66,414127,77,423165
43546,0.044266,172.31.40.0-255,172,414299,77,423165
43547,0.044295,172.31.40.0-255,1119,415418,77,423165
43548,0.044364,172.31.40.0-255,1514,416932,77,423165
43549,0.044365,172.31.40.0-255,1514,418446,77,423165
43550,0.044367,172.31.40.0-255,1514,419960,77,423165
43551,0.044368,172.31.40.0-255,1514,421474,77,423165
43552,0.044397,172.31.40.0-255,1493,422967,77,423165
43553,0.045787,104.244.42.0-255,66,423033,77,423165
43554,0.045844,104.244.42.0-255,66,423099,77,423165
43555,0.045988,104.244.42.0-255,66,423165,77,423165
43556,0.0,172.217.194.0-255,143,143,77,371281
43557,2.2e-05,172.31.40.0-255,66,209,77,371281
43558,2.9e-05,172.217.194.0-255,1484,1693,77,371281
43559,3.4e-05,172.31.40.0-255,66,1759,77,371281
43560,4e-05,172.217.194.0-255,2902,4661,77,371281
43561,5e-05,172.31.40.0-255,66,4727,77,371281
43562,5.8e-05,172.217.194.0-255,7156,11883,77,371281
43563,6.2e-05,172.31.40.0-255,66,11949,77,371281
43564,6.6e-05,172.217.194.0-255,2018,13967,77,371281
43565,6.9e-05,172.31.40.0-255,66,14033,77,371281
43566,0.000291,172.217.194.0-255,1484,15517,77,371281
43567,0.000297,172.31.40.0-255,66,15583,77,371281
43568,0.000304,172.217.194.0-255,2902,18485,77,371281
43569,0.000307,172.31.40.0-255,66,18551,77,371281
43570,0.000318,172.217.194.0-255,5738,24289,77,371281
43571,0.000321,172.31.40.0-255,66,24355,77,371281
43572,0.000327,172.217.194.0-255,5738,30093,77,371281
43573,0.00033,172.31.40.0-255,66,30159,77,371281
43574,0.000365,172.217.194.0-255,7156,37315,77,371281
43575,0.000368,172.31.40.0-255,66,37381,77,371281
43576,0.000405,172.217.194.0-255,6797,44178,77,371281
43577,0.000408,172.31.40.0-255,66,44244,77,371281
43578,0.000413,172.217.194.0-255,3961,48205,77,371281
43579,0.000415,172.31.40.0-255,66,48271,77,371281
43580,0.001247,172.217.194.0-255,1484,49755,77,371281
43581,0.001254,172.31.40.0-255,66,49821,77,371281
43582,0.001265,172.217.194.0-255,2902,52723,77,371281
43583,0.001267,172.31.40.0-255,66,52789,77,371281
43584,0.001278,172.217.194.0-255,5738,58527,77,371281
43585,0.001281,172.31.40.0-255,66,58593,77,371281
43586,0.001284,172.217.194.0-255,1484,60077,77,371281
43587,0.001286,172.31.40.0-255,66,60143,77,371281
43588,0.001323,172.217.194.0-255,12469,72612,77,371281
43589,0.001334,172.217.194.0-255,9992,82604,77,371281
43590,0.001363,172.217.194.0-255,8574,91178,77,371281
43591,0.001387,172.217.194.0-255,8436,99614,77,371281
43592,0.001703,172.217.194.0-255,1484,101098,77,371281
43593,0.001711,172.217.194.0-255,2902,104000,77,371281
43594,0.00174,172.217.194.0-255,5738,109738,77,371281
43595,0.001746,172.217.194.0-255,4320,114058,77,371281
43596,0.001772,172.217.194.0-255,8574,122632,77,371281
43597,0.00178,172.217.194.0-255,9992,132624,77,371281
43598,0.001818,172.217.194.0-255,766,133390,77,371281
43599,0.001821,172.217.194.0-255,1484,134874,77,371281
43600,0.001823,172.217.194.0-255,1484,136358,77,371281
43601,0.001831,172.217.194.0-255,1484,137842,77,371281
43602,0.001845,172.217.194.0-255,1484,139326,77,371281
43603,0.001849,172.217.194.0-255,2902,142228,77,371281
43604,0.001868,172.217.194.0-255,7156,149384,77,371281
43605,0.001874,172.217.194.0-255,7156,156540,77,371281
43606,0.001883,172.217.194.0-255,1484,158024,77,371281
43607,0.00192,172.217.194.0-255,5738,163762,77,371281
43608,0.001937,172.217.194.0-255,8574,172336,77,371281
43609,0.001968,172.217.194.0-255,6438,178774,77,371281
43610,0.001978,172.217.194.0-255,12828,191602,77,371281
43611,0.001986,172.217.194.0-255,9274,200876,77,371281
43612,0.002021,172.217.194.0-255,1484,202360,77,371281
43613,0.002033,172.217.194.0-255,1484,203844,77,371281
43614,0.002042,172.217.194.0-255,1484,205328,77,371281
43615,0.002055,172.217.194.0-255,5738,211066,77,371281
43616,0.002073,172.217.194.0-255,5738,216804,77,371281
43617,0.002097,172.217.194.0-255,7156,223960,77,371281
43618,0.002104,172.217.194.0-255,8574,232534,77,371281
43619,0.002131,172.217.194.0-255,2184,234718,77,371281
43620,0.002215,172.217.194.0-255,1484,236202,77,371281
43621,0.002233,172.217.194.0-255,2902,239104,77,371281
43622,0.00225,172.217.194.0-255,5738,244842,77,371281
43623,0.002266,172.217.194.0-255,2902,247744,77,371281
43624,0.002295,172.217.194.0-255,9992,257736,77,371281
43625,0.002303,172.217.194.0-255,9992,267728,77,371281
43626,0.002325,172.217.194.0-255,766,268494,77,371281
43627,0.002349,172.217.194.0-255,1484,269978,77,371281
43628,0.002362,172.217.194.0-255,4320,274298,77,371281
43629,0.002376,172.217.194.0-255,4320,278618,77,371281
43630,0.002391,172.217.194.0-255,5738,284356,77,371281
43631,0.002396,172.217.194.0-255,4320,288676,77,371281
43632,0.002407,172.217.194.0-255,4320,292996,77,371281
43633,0.002437,172.217.194.0-255,5738,298734,77,371281
43634,0.002484,172.217.194.0-255,12828,311562,77,371281
43635,0.002558,172.217.194.0-255,5738,317300,77,371281
43636,0.002575,172.217.194.0-255,3602,320902,77,371281
43637,0.006936,172.31.40.0-255,66,320968,77,371281
43638,0.009494,172.217.194.0-255,5738,326706,77,371281
43639,0.009501,172.31.40.0-255,66,326772,77,371281
43640,0.012046,172.217.194.0-255,5738,332510,77,371281
43641,0.012054,172.31.40.0-255,66,332576,77,371281
43642,0.014614,172.217.194.0-255,5738,338314,77,371281
43643,0.014677,172.31.40.0-255,66,338380,77,371281
43644,0.017219,172.217.194.0-255,5738,344118,77,371281
43645,0.017229,172.31.40.0-255,66,344184,77,371281
43646,0.019778,172.217.194.0-255,5738,349922,77,371281
43647,0.019787,172.31.40.0-255,66,349988,77,371281
43648,0.022346,172.217.194.0-255,5738,355726,77,371281
43649,0.022358,172.31.40.0-255,66,355792,77,371281
43650,0.024908,172.217.194.0-255,5738,361530,77,371281
43651,0.024916,172.31.40.0-255,66,361596,77,371281
43652,0.027469,172.217.194.0-255,2295,363891,77,371281
43653,0.027477,172.31.40.0-255,66,363957,77,371281
43654,0.027662,172.31.40.0-255,105,364062,77,371281
43655,0.030174,172.217.194.0-255,66,364128,77,371281
43656,0.03132,172.31.40.0-255,172,364300,77,371281
43657,0.031351,172.31.40.0-255,1119,365419,77,371281
43658,0.031413,172.31.40.0-255,1514,366933,77,371281
43659,0.031415,172.31.40.0-255,1514,368447,77,371281
43660,0.031421,172.31.40.0-255,1514,369961,77,371281
43661,0.031422,172.31.40.0-255,1056,371017,77,371281
43662,0.032811,104.244.42.0-255,66,371083,77,371281
43663,0.032903,104.244.42.0-255,66,371149,77,371281
43664,0.032948,104.244.42.0-255,66,371215,77,371281
43665,0.032974,104.244.42.0-255,66,371281,77,371281
43666,0.0,74.125.24.0-255,150,150,77,368308
43667,2.3e-05,172.31.40.0-255,66,216,77,368308
43668,3.1e-05,74.125.24.0-255,1484,1700,77,368308
43669,3.5e-05,172.31.40.0-255,66,1766,77,368308
43670,4.2e-05,74.125.24.0-255,2902,4668,77,368308
43671,4.5e-05,172.31.40.0-255,66,4734,77,368308
43672,6.1e-05,74.125.24.0-255,7156,11890,77,368308
43673,6.3e-05,172.31.40.0-255,66,11956,77,368308
43674,6.8e-05,74.125.24.0-255,2111,14067,77,368308
43675,7.1e-05,172.31.40.0-255,66,14133,77,368308
43676,0.000118,74.125.24.0-255,1484,15617,77,368308
43677,0.000121,172.31.40.0-255,66,15683,77,368308
43678,0.000142,74.125.24.0-255,2902,18585,77,368308
43679,0.000145,172.31.40.0-255,66,18651,77,368308
43680,0.000152,74.125.24.0-255,5738,24389,77,368308
43681,0.000155,172.31.40.0-255,66,24455,77,368308
43682,0.000197,74.125.24.0-255,2902,27357,77,368308
43683,0.000201,172.31.40.0-255,66,27423,77,368308
43684,0.000228,74.125.24.0-255,3961,31384,77,368308
43685,0.000231,172.31.40.0-255,66,31450,77,368308
43686,0.000238,74.125.24.0-255,7156,38606,77,368308
43687,0.000241,172.31.40.0-255,66,38672,77,368308
43688,0.000245,74.125.24.0-255,2902,41574,77,368308
43689,0.000247,172.31.40.0-255,66,41640,77,368308
43690,0.000287,74.125.24.0-255,5738,47378,77,368308
43691,0.00029,172.31.40.0-255,66,47444,77,368308
43692,0.000293,74.125.24.0-255,1125,48569,77,368308
43693,0.000295,172.31.40.0-255,66,48635,77,368308
43694,0.000989,74.125.24.0-255,1484,50119,77,368308
43695,0.000995,172.31.40.0-255,66,50185,77,368308
43696,0.001004,74.125.24.0-255,2902,53087,77,368308
43697,0.001007,172.31.40.0-255,66,53153,77,368308
43698,0.001017,74.125.24.0-255,2902,56055,77,368308
43699,0.001023,74.125.24.0-255,4320,60375,77,368308
43700,0.001057,74.125.24.0-255,5674,66049,77,368308
43701,0.001892,74.125.24.0-255,1484,67533,77,368308
43702,0.001901,74.125.24.0-255,2902,70435,77,368308
43703,0.001909,74.125.24.0-255,5738,76173,77,368308
43704,0.001912,74.125.24.0-255,2902,79075,77,368308
43705,0.001936,74.125.24.0-255,9992,89067,77,368308
43706,0.001967,74.125.24.0-255,5738,94805,77,368308
43707,0.001986,74.125.24.0-255,5083,99888,77,368308
43708,0.003101,172.31.40.0-255,66,99954,77,368308
43709,0.005171,74.125.24.0-255,5738,105692,77,368308
43710,0.005176,172.31.40.0-255,66,105758,77,368308
43711,0.007264,74.125.24.0-255,5738,111496,77,368308
43712,0.007271,172.31.40.0-255,66,111562,77,368308
43713,0.009379,74.125.24.0-255,5738,117300,77,368308
43714,0.009387,172.31.40.0-255,66,117366,77,368308
43715,0.011502,74.125.24.0-255,5738,123104,77,368308
43716,0.011511,172.31.40.0-255,66,123170,77,368308
43717,0.013579,74.125.24.0-255,5738,128908,77,368308
43718,0.01359,172.31.40.0-255,66,128974,77,368308
43719,0.015672,74.125.24.0-255,5738,134712,77,368308
43720,0.015684,172.31.40.0-255,66,134778,77,368308
43721,0.017798,74.125.24.0-255,5738,140516,77,368308
43722,0.017806,172.31.40.0-255,66,140582,77,368308
43723,0.019905,74.125.24.0-255,5738,146320,77,368308
43724,0.019911,172.31.40.0-255,66,146386,77,368308
43725,0.022013,74.125.24.0-255,5738,152124,77,368308
43726,0.022021,172.31.40.0-255,66,152190,77,368308
43727,0.024171,74.125.24.0-255,5738,157928,77,368308
43728,0.024183,172.31.40.0-255,66,157994,77,368308
43729,0.026258,74.125.24.0-255,5738,163732,77,368308
43730,0.026268,172.31.40.0-255,66,163798,77,368308
43731,0.028377,74.125.24.0-255,5738,169536,77,368308
43732,0.028386,172.31.40.0-255,66,169602,77,368308
43733,0.030495,74.125.24.0-255,5738,175340,77,368308
43734,0.030504,172.31.40.0-255,66,175406,77,368308
43735,0.032549,74.125.24.0-255,5738,181144,77,368308
43736,0.032556,172.31.40.0-255,66,181210,77,368308
43737,0.03264,172.31.40.0-255,172,181382,77,368308
43738,0.032682,172.31.40.0-255,1066,182448,77,368308
43739,0.034225,104.244.42.0-255,66,182514,77,368308
43740,0.034234,104.244.42.0-255,66,182580,77,368308
43741,0.034642,74.125.24.0-255,5738,188318,77,368308
43742,0.03465,172.31.40.0-255,66,188384,77,368308
43743,0.03674,74.125.24.0-255,5738,194122,77,368308
43744,0.036746,172.31.40.0-255,66,194188,77,368308
43745,0.03883,74.125.24.0-255,5738,199926,77,368308
43746,0.038838,172.31.40.0-255,66,199992,77,368308
43747,0.040959,74.125.24.0-255,5738,205730,77,368308
43748,0.040971,172.31.40.0-255,66,205796,77,368308
43749,0.043048,74.125.24.0-255,5738,211534,77,368308
43750,0.043056,172.31.40.0-255,66,211600,77,368308
43751,0.045133,74.125.24.0-255,5738,217338,77,368308
43752,0.04514,172.31.40.0-255,66,217404,77,368308
43753,0.04723,74.125.24.0-255,5738,223142,77,368308
43754,0.047237,172.31.40.0-255,66,223208,77,368308
43755,0.049331,74.125.24.0-255,5738,228946,77,368308
43756,0.049337,172.31.40.0-255,66,229012,77,368308
43757,0.051409,74.125.24.0-255,5738,234750,77,368308
43758,0.051415,172.31.40.0-255,66,234816,77,368308
43759,0.053503,74.125.24.0-255,5738,240554,77,368308
43760,0.053509,172.31.40.0-255,66,240620,77,368308
43761,0.055593,74.125.24.0-255,5738,246358,77,368308
43762,0.055601,172.31.40.0-255,66,246424,77,368308
43763,0.057672,74.125.24.0-255,5738,252162,77,368308
43764,0.057681,172.31.40.0-255,66,252228,77,368308
43765,0.059759,74.125.24.0-255,5738,257966,77,368308
43766,0.059767,172.31.40.0-255,66,258032,77,368308
43767,0.061889,74.125.24.0-255,5738,263770,77,368308
43768,0.061905,172.31.40.0-255,66,263836,77,368308
43769,0.063954,74.125.24.0-255,5738,269574,77,368308
43770,0.063968,172.31.40.0-255,66,269640,77,368308
43771,0.066106,74.125.24.0-255,5738,275378,77,368308
43772,0.066125,172.31.40.0-255,66,275444,77,368308
43773,0.068202,74.125.24.0-255,5738,281182,77,368308
43774,0.068219,172.31.40.0-255,66,281248,77,368308
43775,0.070352,74.125.24.0-255,5738,286986,77,368308
43776,0.070373,172.31.40.0-255,66,287052,77,368308
43777,0.072425,74.125.24.0-255,5738,292790,77,368308
43778,0.072432,172.31.40.0-255,66,292856,77,368308
43779,0.074504,74.125.24.0-255,5738,298594,77,368308
43780,0.074519,172.31.40.0-255,66,298660,77,368308
43781,0.076627,74.125.24.0-255,5738,304398,77,368308
43782,0.076646,172.31.40.0-255,66,304464,77,368308
43783,0.078736,74.125.24.0-255,5738,310202,77,368308
43784,0.078753,172.31.40.0-255,66,310268,77,368308
43785,0.080794,74.125.24.0-255,5738,316006,77,368308
43786,0.080802,172.31.40.0-255,66,316072,77,368308
43787,0.082879,74.125.24.0-255,5738,321810,77,368308
43788,0.082887,172.31.40.0-255,66,321876,77,368308
43789,0.085001,74.125.24.0-255,5738,327614,77,368308
43790,0.085013,172.31.40.0-255,66,327680,77,368308
43791,0.087061,74.125.24.0-255,5738,333418,77,368308
43792,0.087068,172.31.40.0-255,66,333484,77,368308
43793,0.089153,74.125.24.0-255,5738,339222,77,368308
43794,0.08916,172.31.40.0-255,66,339288,77,368308
43795,0.091239,74.125.24.0-255,5738,345026,77,368308
43796,0.09125,172.31.40.0-255,66,345092,77,368308
43797,0.093314,74.125.24.0-255,5738,350830,77,368308
43798,0.09332,172.31.40.0-255,66,350896,77,368308
43799,0.095438,74.125.24.0-255,5738,356634,77,368308
43800,0.095444,172.31.40.0-255,66,356700,77,368308
43801,0.097534,74.125.24.0-255,5738,362438,77,368308
43802,0.09754,172.31.40.0-255,66,362504,77,368308
43803,0.099626,74.125.24.0-255,5738,368242,77,368308
43804,0.099634,172.31.40.0-255,66,368308,77,368308
43805,0.0,74.125.24.0-255,147,147,77,401831
43806,2.2e-05,172.31.40.0-255,66,213,77,401831
43807,3e-05,74.125.24.0-255,1484,1697,77,401831
43808,3.4e-05,172.31.40.0-255,66,1763,77,401831
43809,4e-05,74.125.24.0-255,2902,4665,77,401831
43810,4.3e-05,172.31.40.0-255,66,4731,77,401831
43811,4.7e-05,74.125.24.0-255,2902,7633,77,401831
43812,4.9e-05,172.31.40.0-255,66,7699,77,401831
43813,7.3e-05,74.125.24.0-255,4320,12019,77,401831
43814,7.6e-05,172.31.40.0-255,66,12085,77,401831
43815,9.5e-05,74.125.24.0-255,2076,14161,77,401831
43816,9.8e-05,172.31.40.0-255,66,14227,77,401831
43817,0.000111,74.125.24.0-255,2902,17129,77,401831
43818,0.000113,172.31.40.0-255,66,17195,77,401831
43819,0.000134,74.125.24.0-255,4320,21515,77,401831
43820,0.000137,172.31.40.0-255,66,21581,77,401831
43821,0.000143,74.125.24.0-255,5738,27319,77,401831
43822,0.000145,172.31.40.0-255,66,27385,77,401831
43823,0.000216,74.125.24.0-255,7156,34541,77,401831
43824,0.00022,172.31.40.0-255,66,34607,77,401831
43825,0.000246,74.125.24.0-255,8215,42822,77,401831
43826,0.000249,172.31.40.0-255,66,42888,77,401831
43827,0.000255,74.125.24.0-255,5379,48267,77,401831
43828,0.000258,172.31.40.0-255,66,48333,77,401831
43829,0.000293,74.125.24.0-255,1484,49817,77,401831
43830,0.000296,172.31.40.0-255,66,49883,77,401831
43831,0.0003,74.125.24.0-255,2902,52785,77,401831
43832,0.000302,172.31.40.0-255,66,52851,77,401831
43833,0.000329,74.125.24.0-255,2902,55753,77,401831
43834,0.000332,172.31.40.0-255,66,55819,77,401831
43835,0.000356,74.125.24.0-255,2902,58721,77,401831
43836,0.000358,172.31.40.0-255,66,58787,77,401831
43837,0.000366,74.125.24.0-255,7127,65914,77,401831
43838,0.000368,172.31.40.0-255,66,65980,77,401831
43839,0.000371,74.125.24.0-255,347,66327,77,401831
43840,0.000514,74.125.24.0-255,1484,67811,77,401831
43841,0.000518,172.31.40.0-255,66,67877,77,401831
43842,0.000523,74.125.24.0-255,2902,70779,77,401831
43843,0.000526,172.31.40.0-255,66,70845,77,401831
43844,0.000558,74.125.24.0-255,5738,76583,77,401831
43845,0.000563,74.125.24.0-255,4320,80903,77,401831
43846,0.000567,172.31.40.0-255,66,80969,77,401831
43847,0.000569,172.31.40.0-255,66,81035,77,401831
43848,0.000601,74.125.24.0-255,8215,89250,77,401831
43849,0.000604,172.31.40.0-255,66,89316,77,401831
43850,0.000609,74.125.24.0-255,4320,93636,77,401831
43851,0.000611,172.31.40.0-255,66,93702,77,401831
43852,0.000627,74.125.24.0-255,4320,98022,77,401831
43853,0.00063,172.31.40.0-255,66,98088,77,401831
43854,0.000642,74.125.24.0-255,1994,100082,77,401831
43855,0.000645,172.31.40.0-255,66,100148,77,401831
43856,0.000896,74.125.24.0-255,1484,101632,77,401831
43857,0.000911,74.125.24.0-255,2902,104534,77,401831
43858,0.000914,172.31.40.0-255,66,104600,77,401831
43859,0.000919,74.125.24.0-255,2902,107502,77,401831
43860,0.000922,172.31.40.0-255,66,107568,77,401831
43861,0.000939,74.125.24.0-255,2902,110470,77,401831
43862,0.000941,172.31.40.0-255,66,110536,77,401831
43863,0.000945,74.125.24.0-255,2902,113438,77,401831
43864,0.000947,172.31.40.0-255,66,113504,77,401831
43865,0.000979,74.125.24.0-255,9992,123496,77,401831
43866,0.000982,172.31.40.0-255,66,123562,77,401831
43867,0.000986,74.125.24.0-255,1484,125046,77,401831
43868,0.001006,74.125.24.0-255,8574,133620,77,401831
43869,0.001009,172.31.40.0-255,66,133686,77,401831
43870,0.00103,74.125.24.0-255,766,134452,77,401831
43871,0.001298,74.125.24.0-255,1484,135936,77,401831
43872,0.001303,172.31.40.0-255,66,136002,77,401831
43873,0.001308,74.125.24.0-255,2902,138904,77,401831
43874,0.00131,172.31.40.0-255,66,138970,77,401831
43875,0.001315,74.125.24.0-255,2902,141872,77,401831
43876,0.001317,172.31.40.0-255,66,141938,77,401831
43877,0.001343,74.125.24.0-255,2902,144840,77,401831
43878,0.001346,172.31.40.0-255,66,144906,77,401831
43879,0.001358,74.125.24.0-255,12828,157734,77,401831
43880,0.00136,172.31.40.0-255,66,157800,77,401831
43881,0.001363,74.125.24.0-255,1484,159284,77,401831
43882,0.001389,74.125.24.0-255,7156,166440,77,401831
43883,0.001391,172.31.40.0-255,66,166506,77,401831
43884,0.001395,74.125.24.0-255,2184,168690,77,401831
43885,0.001397,172.31.40.0-255,66,168756,77,401831
43886,0.001627,74.125.24.0-255,1484,170240,77,401831
43887,0.001632,74.125.24.0-255,1484,171724,77,401831
43888,0.001636,172.31.40.0-255,66,171790,77,401831
43889,0.001651,74.125.24.0-255,1484,173274,77,401831
43890,0.001659,74.125.24.0-255,5738,179012,77,401831
43891,0.001661,172.31.40.0-255,66,179078,77,401831
43892,0.001683,74.125.24.0-255,4320,183398,77,401831
43893,0.001685,172.31.40.0-255,66,183464,77,401831
43894,0.001717,74.125.24.0-255,8574,192038,77,401831
43895,0.00172,172.31.40.0-255,66,192104,77,401831
43896,0.001723,74.125.24.0-255,1484,193588,77,401831
43897,0.001745,74.125.24.0-255,9274,202862,77,401831
43898,0.001748,172.31.40.0-255,66,202928,77,401831
43899,0.001817,74.125.24.0-255,1484,204412,77,401831
43900,0.001823,74.125.24.0-255,2902,207314,77,401831
43901,0.001825,172.31.40.0-255,66,207380,77,401831
43902,0.001848,74.125.24.0-255,5738,213118,77,401831
43903,0.00185,172.31.40.0-255,66,213184,77,401831
43904,0.001881,74.125.24.0-255,12828,226012,77,401831
43905,0.001884,172.31.40.0-255,66,226078,77,401831
43906,0.001891,74.125.24.0-255,5738,231816,77,401831
43907,0.001893,172.31.40.0-255,66,231882,77,401831
43908,0.001909,74.125.24.0-255,5020,236902,77,401831
43909,0.001912,172.31.40.0-255,66,236968,77,401831
43910,0.001971,74.125.24.0-255,7156,244124,77,401831
43911,0.001974,172.31.40.0-255,66,244190,77,401831
43912,0.002013,172.31.40.0-255,66,244256,77,401831
43913,0.002021,74.125.24.0-255,7856,252112,77,401831
43914,0.002023,172.31.40.0-255,66,252178,77,401831
43915,0.00203,74.125.24.0-255,7156,259334,77,401831
43916,0.002033,172.31.40.0-255,66,259400,77,401831
43917,0.002042,74.125.24.0-255,8574,267974,77,401831
43918,0.002044,172.31.40.0-255,66,268040,77,401831
43919,0.00205,74.125.24.0-255,5738,273778,77,401831
43920,0.002053,172.31.40.0-255,66,273844,77,401831
43921,0.00209,74.125.24.0-255,11410,285254,77,401831
43922,0.002093,172.31.40.0-255,66,285320,77,401831
43923,0.002096,74.125.24.0-255,766,286086,77,401831
43924,0.002112,74.125.24.0-255,1484,287570,77,401831
43925,0.002114,172.31.40.0-255,66,287636,77,401831
43926,0.002155,74.125.24.0-255,2902,290538,77,401831
43927,0.00216,172.31.40.0-255,66,290604,77,401831
43928,0.002176,74.125.24.0-255,4320,294924,77,401831
43929,0.002179,172.31.40.0-255,66,294990,77,401831
43930,0.00221,74.125.24.0-255,8574,303564,77,401831
43931,0.002213,172.31.40.0-255,66,303630,77,401831
43932,0.002222,74.125.24.0-255,9992,313622,77,401831
43933,0.002224,172.31.40.0-255,66,313688,77,401831
43934,0.002243,74.125.24.0-255,6438,320126,77,401831
43935,0.002245,172.31.40.0-255,66,320192,77,401831
43936,0.002253,74.125.24.0-255,7156,327348,77,401831
43937,0.002255,172.31.40.0-255,66,327414,77,401831
43938,0.0023,74.125.24.0-255,9992,337406,77,401831
43939,0.00231,74.125.24.0-255,11410,348816,77,401831
43940,0.002315,74.125.24.0-255,4320,353136,77,401831
43941,0.002319,172.31.40.0-255,66,353202,77,401831
43942,0.002322,172.31.40.0-255,66,353268,77,401831
43943,0.00233,172.31.40.0-255,66,353334,77,401831
43944,0.002334,74.125.24.0-255,766,354100,77,401831
43945,0.004592,74.125.24.0-255,4320,358420,77,401831
43946,0.004599,172.31.40.0-255,66,358486,77,401831
43947,0.00687,74.125.24.0-255,5738,364224,77,401831
43948,0.006873,172.31.40.0-255,66,364290,77,401831
43949,0.009161,74.125.24.0-255,5738,370028,77,401831
43950,0.009167,172.31.40.0-255,66,370094,77,401831
43951,0.011424,74.125.24.0-255,5738,375832,77,401831
43952,0.011431,172.31.40.0-255,66,375898,77,401831
43953,0.013707,74.125.24.0-255,5738,381636,77,401831
43954,0.013715,172.31.40.0-255,66,381702,77,401831
43955,0.016011,74.125.24.0-255,5738,387440,77,401831
43956,0.016019,172.31.40.0-255,66,387506,77,401831
43957,0.018311,74.125.24.0-255,4320,391826,77,401831
43958,0.018316,172.31.40.0-255,66,391892,77,401831
43959,0.018335,74.125.24.0-255,1484,393376,77,401831
43960,0.020589,74.125.24.0-255,3937,397313,77,401831
43961,0.020599,172.31.40.0-255,66,397379,77,401831
43962,0.020812,172.31.40.0-255,105,397484,77,401831
43963,0.023082,74.125.24.0-255,66,397550,77,401831
43964,0.032863,172.31.40.0-255,172,397722,77,401831
43965,0.032902,172.31.40.0-255,1120,398842,77,401831
43966,0.032962,172.31.40.0-255,1514,400356,77,401831
43967,0.032964,172.31.40.0-255,1277,401633,77,401831
43968,0.034428,104.244.42.0-255,66,401699,77,401831
43969,0.034457,104.244.42.0-255,66,401765,77,401831
43970,0.034509,104.244.42.0-255,66,401831,77,401831
43971,0.0,172.217.194.0-255,146,146,77,403341
43972,2.4e-05,172.31.40.0-255,66,212,77,403341
43973,3.1e-05,172.217.194.0-255,1484,1696,77,403341
43974,3.6e-05,172.31.40.0-255,66,1762,77,403341
43975,4.1e-05,172.217.194.0-255,2902,4664,77,403341
43976,5.2e-05,172.31.40.0-255,66,4730,77,403341
43977,6e-05,172.217.194.0-255,7156,11886,77,403341
43978,6.4e-05,172.31.40.0-255,66,11952,77,403341
43979,6.7e-05,172.217.194.0-255,2137,14089,77,403341
43980,7.1e-05,172.31.40.0-255,66,14155,77,403341
43981,0.000136,172.217.194.0-255,1484,15639,77,403341
43982,0.00014,172.31.40.0-255,66,15705,77,403341
43983,0.000146,172.217.194.0-255,2902,18607,77,403341
43984,0.000148,172.31.40.0-255,66,18673,77,403341
43985,0.000177,172.217.194.0-255,5738,24411,77,403341
43986,0.00018,172.31.40.0-255,66,24477,77,403341
43987,0.000212,172.217.194.0-255,8574,33051,77,403341
43988,0.000215,172.31.40.0-255,66,33117,77,403341
43989,0.000248,172.217.194.0-255,5379,38496,77,403341
43990,0.000251,172.31.40.0-255,66,38562,77,403341
43991,0.00026,172.217.194.0-255,9633,48195,77,403341
43992,0.000268,172.31.40.0-255,66,48261,77,403341
43993,0.000427,172.217.194.0-255,1484,49745,77,403341
43994,0.000432,172.31.40.0-255,66,49811,77,403341
43995,0.000438,172.217.194.0-255,2902,52713,77,403341
43996,0.00044,172.31.40.0-255,66,52779,77,403341
43997,0.000452,172.217.194.0-255,5738,58517,77,403341
43998,0.000455,172.31.40.0-255,66,58583,77,403341
43999,0.000494,172.217.194.0-255,7094,65677,77,403341
44000,0.000498,172.31.40.0-255,66,65743,77,403341
44001,0.000637,172.217.194.0-255,381,66124,77,403341
44002,0.000642,172.31.40.0-255,66,66190,77,403341
44003,0.000822,172.217.194.0-255,1484,67674,77,403341
44004,0.000829,172.217.194.0-255,2902,70576,77,403341
44005,0.000833,172.31.40.0-255,66,70642,77,403341
44006,0.000838,172.217.194.0-255,2902,73544,77,403341
44007,0.00084,172.31.40.0-255,66,73610,77,403341
44008,0.000879,172.217.194.0-255,2902,76512,77,403341
44009,0.000882,172.31.40.0-255,66,76578,77,403341
44010,0.000886,172.217.194.0-255,2902,79480,77,403341
44011,0.000888,172.31.40.0-255,66,79546,77,403341
44012,0.000902,172.217.194.0-255,9992,89538,77,403341
44013,0.000904,172.31.40.0-255,66,89604,77,403341
44014,0.00095,172.217.194.0-255,10692,100296,77,403341
44015,0.000954,172.31.40.0-255,66,100362,77,403341
44016,0.001699,172.217.194.0-255,1484,101846,77,403341
44017,0.00171,172.217.194.0-255,2902,104748,77,403341
44018,0.001714,172.31.40.0-255,66,104814,77,403341
44019,0.00172,172.217.194.0-255,2902,107716,77,403341
44020,0.001722,172.31.40.0-255,66,107782,77,403341
44021,0.001744,172.217.194.0-255,2902,110684,77,403341
44022,0.001746,172.31.40.0-255,66,110750,77,403341
44023,0.001757,172.217.194.0-255,5738,116488,77,403341
44024,0.001759,172.31.40.0-255,66,116554,77,403341
44025,0.00179,172.217.194.0-255,4320,120874,77,403341
44026,0.001793,172.31.40.0-255,66,120940,77,403341
44027,0.001811,172.217.194.0-255,13528,134468,77,403341
44028,0.001813,172.31.40.0-255,66,134534,77,403341
44029,0.001996,172.217.194.0-255,1484,136018,77,403341
44030,0.002004,172.217.194.0-255,2902,138920,77,403341
44031,0.002009,172.31.40.0-255,66,138986,77,403341
44032,0.002013,172.217.194.0-255,1484,140470,77,403341
44033,0.00204,172.217.194.0-255,4320,144790,77,403341
44034,0.002043,172.31.40.0-255,66,144856,77,403341
44035,0.00205,172.217.194.0-255,7156,152012,77,403341
44036,0.002052,172.31.40.0-255,66,152078,77,403341
44037,0.002093,172.31.40.0-255,66,152144,77,403341
44038,0.002098,172.217.194.0-255,2184,154328,77,403341
44039,0.0021,172.31.40.0-255,66,154394,77,403341
44040,0.002219,172.217.194.0-255,1484,155878,77,403341
44041,0.002226,172.217.194.0-255,2902,158780,77,403341
44042,0.002229,172.31.40.0-255,66,158846,77,403341
44043,0.00227,172.217.194.0-255,1484,160330,77,403341
44044,0.002295,172.217.194.0-255,4320,164650,77,403341
44045,0.002298,172.31.40.0-255,66,164716,77,403341
44046,0.00231,172.217.194.0-255,12828,177544,77,403341
44047,0.002317,172.31.40.0-255,66,177610,77,403341
44048,0.002325,172.217.194.0-255,8574,186184,77,403341
44049,0.002327,172.31.40.0-255,66,186250,77,403341
44050,0.00458,172.217.194.0-255,5738,191988,77,403341
44051,0.004586,172.31.40.0-255,66,192054,77,403341
44052,0.006849,172.217.194.0-255,5738,197792,77,403341
44053,0.006853,172.31.40.0-255,66,197858,77,403341
44054,0.009127,172.217.194.0-255,5738,203596,77,403341
44055,0.009134,172.31.40.0-255,66,203662,77,403341
44056,0.011414,172.217.194.0-255,5738,209400,77,403341
44057,0.011423,172.31.40.0-255,66,209466,77,403341
44058,0.013688,172.217.194.0-255,5738,215204,77,403341
44059,0.013696,172.31.40.0-255,66,215270,77,403341
44060,0.015978,172.217.194.0-255,5738,221008,77,403341
44061,0.015988,172.31.40.0-255,66,221074,77,403341
44062,0.018265,172.217.194.0-255,5738,226812,77,403341
44063,0.018273,172.31.40.0-255,66,226878,77,403341
44064,0.020544,172.217.194.0-255,5738,232616,77,403341
44065,0.020551,172.31.40.0-255,66,232682,77,403341
44066,0.022845,172.217.194.0-255,5738,238420,77,403341
44067,0.022852,172.31.40.0-255,66,238486,77,403341
44068,0.025135,172.217.194.0-255,5738,244224,77,403341
44069,0.02515,172.31.40.0-255,66,244290,77,403341
44070,0.027451,172.217.194.0-255,5738,250028,77,403341
44071,0.027467,172.31.40.0-255,66,250094,77,403341
44072,0.029747,172.217.194.0-255,5738,255832,77,403341
44073,0.029764,172.31.40.0-255,66,255898,77,403341
44074,0.032022,172.217.194.0-255,5738,261636,77,403341
44075,0.032031,172.31.40.0-255,66,261702,77,403341
44076,0.034302,172.217.194.0-255,5738,267440,77,403341
44077,0.034319,172.31.40.0-255,66,267506,77,403341
44078,0.036569,172.217.194.0-255,5738,273244,77,403341
44079,0.036577,172.31.40.0-255,66,273310,77,403341
44080,0.038845,172.217.194.0-255,5738,279048,77,403341
44081,0.038854,172.31.40.0-255,66,279114,77,403341
44082,0.039827,172.31.40.0-255,172,279286,77,403341
44083,0.039898,172.31.40.0-255,1121,280407,77,403341
44084,0.039961,172.31.40.0-255,1514,281921,77,403341
44085,0.039963,172.31.40.0-255,1274,283195,77,403341
44086,0.041119,172.217.194.0-255,5738,288933,77,403341
44087,0.041131,172.31.40.0-255,66,288999,77,403341
44088,0.041364,104.244.42.0-255,66,289065,77,403341
44089,0.04147,104.244.42.0-255,66,289131,77,403341
44090,0.041538,104.244.42.0-255,66,289197,77,403341
44091,0.042111,104.244.42.0-255,108,289305,77,403341
44092,0.042121,172.31.40.0-255,66,289371,77,403341
44093,0.043395,172.217.194.0-255,5738,295109,77,403341
44094,0.043404,172.31.40.0-255,66,295175,77,403341
44095,0.045671,172.217.194.0-255,5738,300913,77,403341
44096,0.045687,172.31.40.0-255,66,300979,77,403341
44097,0.047975,172.217.194.0-255,5738,306717,77,403341
44098,0.047989,172.31.40.0-255,66,306783,77,403341
44099,0.050272,172.217.194.0-255,5738,312521,77,403341
44100,0.050288,172.31.40.0-255,66,312587,77,403341
44101,0.052565,172.217.194.0-255,5738,318325,77,403341
44102,0.052584,172.31.40.0-255,66,318391,77,403341
44103,0.054885,172.217.194.0-255,5738,324129,77,403341
44104,0.054902,172.31.40.0-255,66,324195,77,403341
44105,0.057197,172.217.194.0-255,5738,329933,77,403341
44106,0.057212,172.31.40.0-255,66,329999,77,403341
44107,0.059509,172.217.194.0-255,5738,335737,77,403341
44108,0.059527,172.31.40.0-255,66,335803,77,403341
44109,0.061827,172.217.194.0-255,5738,341541,77,403341
44110,0.061844,172.31.40.0-255,66,341607,77,403341
44111,0.064127,172.217.194.0-255,5738,347345,77,403341
44112,0.064142,172.31.40.0-255,66,347411,77,403341
44113,0.066488,172.217.194.0-255,5738,353149,77,403341
44114,0.066503,172.31.40.0-255,66,353215,77,403341
44115,0.068788,172.217.194.0-255,5738,358953,77,403341
44116,0.068805,172.31.40.0-255,66,359019,77,403341
44117,0.071089,172.217.194.0-255,5738,364757,77,403341
44118,0.071102,172.31.40.0-255,66,364823,77,403341
44119,0.073384,172.217.194.0-255,5738,370561,77,403341
44120,0.073391,172.31.40.0-255,66,370627,77,403341
44121,0.075641,172.217.194.0-255,5738,376365,77,403341
44122,0.075648,172.31.40.0-255,66,376431,77,403341
44123,0.077949,172.217.194.0-255,5738,382169,77,403341
44124,0.077955,172.31.40.0-255,66,382235,77,403341
44125,0.08023,172.217.194.0-255,5738,387973,77,403341
44126,0.080237,172.31.40.0-255,66,388039,77,403341
44127,0.08255,172.217.194.0-255,5738,393777,77,403341
44128,0.082555,172.31.40.0-255,66,393843,77,403341
44129,0.084827,172.217.194.0-255,5738,399581,77,403341
44130,0.084833,172.31.40.0-255,66,399647,77,403341
44131,0.087104,172.217.194.0-255,3457,403104,77,403341
44132,0.087111,172.31.40.0-255,66,403170,77,403341
44133,0.089152,172.31.40.0-255,105,403275,77,403341
44134,0.091393,172.217.194.0-255,66,403341,77,403341
44135,0.0,74.125.68.0-255,153,153,77,418160
44136,3.4e-05,172.31.40.0-255,66,219,77,418160
44137,4e-05,74.125.68.0-255,1484,1703,77,418160
44138,4.5e-05,172.31.40.0-255,66,1769,77,418160
44139,4.8e-05,74.125.68.0-255,1484,3253,77,418160
44140,5.1e-05,172.31.40.0-255,66,3319,77,418160
44141,7.9e-05,74.125.68.0-255,2902,6221,77,418160
44142,8.2e-05,172.31.40.0-255,66,6287,77,418160
44143,8.9e-05,74.125.68.0-255,5738,12025,77,418160
44144,9.1e-05,172.31.40.0-255,66,12091,77,418160
44145,9.3e-05,74.125.68.0-255,1484,13575,77,418160
44146,9.6e-05,172.31.40.0-255,66,13641,77,418160
44147,0.00014,74.125.68.0-255,2039,15680,77,418160
44148,0.000144,172.31.40.0-255,66,15746,77,418160
44149,0.000146,74.125.68.0-255,1484,17230,77,418160
44150,0.000148,172.31.40.0-255,66,17296,77,418160
44151,0.000153,74.125.68.0-255,2902,20198,77,418160
44152,0.000155,172.31.40.0-255,66,20264,77,418160
44153,0.000184,74.125.68.0-255,5738,26002,77,418160
44154,0.000187,172.31.40.0-255,66,26068,77,418160
44155,0.00019,74.125.68.0-255,1484,27552,77,418160
44156,0.000192,172.31.40.0-255,66,27618,77,418160
44157,0.00021,74.125.68.0-255,1484,29102,77,418160
44158,0.000212,172.31.40.0-255,66,29168,77,418160
44159,0.000219,74.125.68.0-255,4320,33488,77,418160
44160,0.000222,172.31.40.0-255,66,33554,77,418160
44161,0.000236,74.125.68.0-255,1484,35038,77,418160
44162,0.000238,172.31.40.0-255,66,35104,77,418160
44163,0.000253,74.125.68.0-255,5738,40842,77,418160
44164,0.000256,172.31.40.0-255,66,40908,77,418160
44165,0.000268,74.125.68.0-255,1484,42392,77,418160
44166,0.00027,172.31.40.0-255,66,42458,77,418160
44167,0.000274,74.125.68.0-255,2902,45360,77,418160
44168,0.000283,172.31.40.0-255,66,45426,77,418160
44169,0.000303,74.125.68.0-255,1484,46910,77,418160
44170,0.000317,74.125.68.0-255,2184,49094,77,418160
44171,0.000327,172.31.40.0-255,66,49160,77,418160
44172,0.000392,74.125.68.0-255,1484,50644,77,418160
44173,0.000396,74.125.68.0-255,1484,52128,77,418160
44174,0.000401,172.31.40.0-255,66,52194,77,418160
44175,0.000413,74.125.68.0-255,1484,53678,77,418160
44176,0.000428,74.125.68.0-255,5738,59416,77,418160
44177,0.000446,172.31.40.0-255,66,59482,77,418160
44178,0.000461,74.125.68.0-255,2902,62384,77,418160
44179,0.000466,172.31.40.0-255,66,62450,77,418160
44180,0.000479,74.125.68.0-255,4264,66714,77,418160
44181,0.000491,172.31.40.0-255,66,66780,77,418160
44182,0.001055,74.125.68.0-255,1484,68264,77,418160
44183,0.001064,74.125.68.0-255,1484,69748,77,418160
44184,0.001068,172.31.40.0-255,66,69814,77,418160
44185,0.001101,74.125.68.0-255,2902,72716,77,418160
44186,0.001109,74.125.68.0-255,4320,77036,77,418160
44187,0.001124,74.125.68.0-255,1484,78520,77,418160
44188,0.001126,74.125.68.0-255,1484,80004,77,418160
44189,0.001143,74.125.68.0-255,2902,82906,77,418160
44190,0.001158,74.125.68.0-255,2902,85808,77,418160
44191,0.001169,74.125.68.0-255,2902,88710,77,418160
44192,0.001172,74.125.68.0-255,1484,90194,77,418160
44193,0.001186,74.125.68.0-255,1484,91678,77,418160
44194,0.001196,74.125.68.0-255,1484,93162,77,418160
44195,0.001218,74.125.68.0-255,4320,97482,77,418160
44196,0.001232,74.125.68.0-255,1484,98966,77,418160
44197,0.001236,74.125.68.0-255,1484,100450,77,418160
44198,0.001255,74.125.68.0-255,766,101216,77,418160
44199,0.001494,74.125.68.0-255,1484,102700,77,418160
44200,0.001514,74.125.68.0-255,2902,105602,77,418160
44201,0.001528,74.125.68.0-255,2902,108504,77,418160
44202,0.001558,74.125.68.0-255,4320,112824,77,418160
44203,0.001579,74.125.68.0-255,8574,121398,77,418160
44204,0.001586,74.125.68.0-255,2902,124300,77,418160
44205,0.001643,74.125.68.0-255,2902,127202,77,418160
44206,0.001667,74.125.68.0-255,7856,135058,77,418160
44207,0.001674,74.125.68.0-255,5738,140796,77,418160
44208,0.001692,74.125.68.0-255,5738,146534,77,418160
44209,0.001697,74.125.68.0-255,4320,150854,77,418160
44210,0.001703,74.125.68.0-255,5738,156592,77,418160
44211,0.00172,74.125.68.0-255,1484,158076,77,418160
44212,0.001749,74.125.68.0-255,5738,163814,77,418160
44213,0.001763,74.125.68.0-255,4320,168134,77,418160
44214,0.001765,74.125.68.0-255,766,168900,77,418160
44215,0.001803,74.125.68.0-255,2902,171802,77,418160
44216,0.001821,74.125.68.0-255,7156,178958,77,418160
44217,0.001874,74.125.68.0-255,11410,190368,77,418160
44218,0.001884,74.125.68.0-255,1484,191852,77,418160
44219,0.001897,74.125.68.0-255,2902,194754,77,418160
44220,0.001913,74.125.68.0-255,7856,202610,77,418160
44221,0.001941,74.125.68.0-255,1484,204094,77,418160
44222,0.001957,74.125.68.0-255,7156,211250,77,418160
44223,0.001979,74.125.68.0-255,5738,216988,77,418160
44224,0.002005,74.125.68.0-255,4320,221308,77,418160
44225,0.002012,74.125.68.0-255,7156,228464,77,418160
44226,0.002017,74.125.68.0-255,5738,234202,77,418160
44227,0.00203,74.125.68.0-255,2184,236386,77,418160
44228,0.002051,74.125.68.0-255,2902,239288,77,418160
44229,0.002069,74.125.68.0-255,2902,242190,77,418160
44230,0.002073,74.125.68.0-255,2902,245092,77,418160
44231,0.002091,74.125.68.0-255,4320,249412,77,418160
44232,0.002094,74.125.68.0-255,1484,250896,77,418160
44233,0.002116,74.125.68.0-255,5738,256634,77,418160
44234,0.002137,74.125.68.0-255,4320,260954,77,418160
44235,0.002165,74.125.68.0-255,12110,273064,77,418160
44236,0.002177,74.125.68.0-255,1484,274548,77,418160
44237,0.002198,74.125.68.0-255,8574,283122,77,418160
44238,0.002224,74.125.68.0-255,2902,286024,77,418160
44239,0.002229,74.125.68.0-255,4320,290344,77,418160
44240,0.002234,74.125.68.0-255,4320,294664,77,418160
44241,0.002247,74.125.68.0-255,1484,296148,77,418160
44242,0.002251,74.125.68.0-255,4320,300468,77,418160
44243,0.002283,74.125.68.0-255,3602,304070,77,418160
44244,0.002299,74.125.68.0-255,2902,306972,77,418160
44245,0.00232,74.125.68.0-255,1484,308456,77,418160
44246,0.002339,74.125.68.0-255,2902,311358,77,418160
44247,0.002341,74.125.68.0-255,1484,312842,77,418160
44248,0.002353,74.125.68.0-255,1484,314326,77,418160
44249,0.002363,74.125.68.0-255,1484,315810,77,418160
44250,0.002368,74.125.68.0-255,4320,320130,77,418160
44251,0.002387,74.125.68.0-255,1484,321614,77,418160
44252,0.00241,74.125.68.0-255,5738,327352,77,418160
44253,0.002428,74.125.68.0-255,2902,330254,77,418160
44254,0.002448,74.125.68.0-255,4320,334574,77,418160
44255,0.002452,74.125.68.0-255,2902,337476,77,418160
44256,0.002493,74.125.68.0-255,3602,341078,77,418160
44257,0.002497,74.125.68.0-255,1484,342562,77,418160
44258,0.00402,172.31.40.0-255,66,342628,77,418160
44259,0.006564,74.125.68.0-255,5738,348366,77,418160
44260,0.006581,172.31.40.0-255,66,348432,77,418160
44261,0.009086,74.125.68.0-255,5738,354170,77,418160
44262,0.009102,172.31.40.0-255,66,354236,77,418160
44263,0.011592,74.125.68.0-255,5738,359974,77,418160
44264,0.013088,172.31.40.0-255,66,360040,77,418160
44265,0.015618,74.125.68.0-255,5738,365778,77,418160
44266,0.015625,172.31.40.0-255,66,365844,77,418160
44267,0.018132,74.125.68.0-255,5738,371582,77,418160
44268,0.018138,172.31.40.0-255,66,371648,77,418160
44269,0.020645,74.125.68.0-255,5738,377386,77,418160
44270,0.020653,172.31.40.0-255,66,377452,77,418160
44271,0.023149,74.125.68.0-255,5738,383190,77,418160
44272,0.025094,172.31.40.0-255,66,383256,77,418160
44273,0.027639,74.125.68.0-255,5738,388994,77,418160
44274,0.027658,172.31.40.0-255,66,389060,77,418160
44275,0.030176,74.125.68.0-255,5738,394798,77,418160
44276,0.030192,172.31.40.0-255,66,394864,77,418160
44277,0.031027,172.31.40.0-255,172,395036,77,418160
44278,0.031103,172.31.40.0-255,1120,396156,77,418160
44279,0.031168,172.31.40.0-255,1514,397670,77,418160
44280,0.03117,172.31.40.0-255,1275,398945,77,418160
44281,0.032572,104.244.42.0-255,66,399011,77,418160
44282,0.03263,104.244.42.0-255,66,399077,77,418160
44283,0.0327,74.125.68.0-255,5738,404815,77,418160
44284,0.032715,172.31.40.0-255,66,404881,77,418160
44285,0.032723,104.244.42.0-255,66,404947,77,418160
44286,0.035209,74.125.68.0-255,5738,410685,77,418160
44287,0.041327,172.31.40.0-255,66,410751,77,418160
44288,0.043861,74.125.68.0-255,5738,416489,77,418160
44289,0.043883,172.31.40.0-255,66,416555,77,418160
44290,0.046387,74.125.68.0-255,1368,417923,77,418160
44291,0.053388,172.31.40.0-255,66,417989,77,418160
44292,0.053454,172.31.40.0-255,105,418094,77,418160
44293,0.055936,74.125.68.0-255,66,418160,77,418160
44294,0.0,172.217.194.0-255,153,153,77,423905
44295,1.7e-05,172.31.40.0-255,66,219,77,423905
44296,2.4e-05,172.217.194.0-255,1484,1703,77,423905
44297,2.8e-05,172.31.40.0-255,66,1769,77,423905
44298,3.5e-05,172.217.194.0-255,2902,4671,77,423905
44299,3.8e-05,172.31.40.0-255,66,4737,77,423905
44300,4.5e-05,172.217.194.0-255,5738,10475,77,423905
44301,4.8e-05,172.31.40.0-255,66,10541,77,423905
44302,9.1e-05,172.217.194.0-255,8574,19115,77,423905
44303,9.5e-05,172.31.40.0-255,66,19181,77,423905
44304,0.000116,172.217.194.0-255,612,19793,77,423905
44305,0.000119,172.31.40.0-255,66,19859,77,423905
44306,0.000129,172.217.194.0-255,9992,29851,77,423905
44307,0.000132,172.31.40.0-255,66,29917,77,423905
44308,0.000134,172.217.194.0-255,1125,31042,77,423905
44309,0.000136,172.31.40.0-255,66,31108,77,423905
44310,0.00017,172.217.194.0-255,1484,32592,77,423905
44311,0.000172,172.31.40.0-255,66,32658,77,423905
44312,0.000188,172.217.194.0-255,1484,34142,77,423905
44313,0.000191,172.31.40.0-255,66,34208,77,423905
44314,0.000198,172.217.194.0-255,4320,38528,77,423905
44315,0.0002,172.31.40.0-255,66,38594,77,423905
44316,0.000229,172.217.194.0-255,5738,44332,77,423905
44317,0.000232,172.31.40.0-255,66,44398,77,423905
44318,0.000257,172.217.194.0-255,5379,49777,77,423905
44319,0.00026,172.31.40.0-255,66,49843,77,423905
44320,0.000266,172.217.194.0-255,5738,55581,77,423905
44321,0.000268,172.31.40.0-255,66,55647,77,423905
44322,0.000309,172.217.194.0-255,9946,65593,77,423905
44323,0.000312,172.31.40.0-255,66,65659,77,423905
44324,0.000638,172.31.40.0-255,101,65760,77,423905
44325,0.000735,172.217.194.0-255,363,66123,77,423905
44326,0.00094,172.217.194.0-255,1484,67607,77,423905
44327,0.000944,172.31.40.0-255,66,67673,77,423905
44328,0.00095,172.217.194.0-255,2902,70575,77,423905
44329,0.000952,172.31.40.0-255,66,70641,77,423905
44330,0.000956,172.217.194.0-255,2902,73543,77,423905
44331,0.000958,172.31.40.0-255,66,73609,77,423905
44332,0.000984,172.217.194.0-255,2902,76511,77,423905
44333,0.000987,172.31.40.0-255,66,76577,77,423905
44334,0.000997,172.217.194.0-255,9992,86569,77,423905
44335,0.000999,172.31.40.0-255,66,86635,77,423905
44336,0.001018,172.217.194.0-255,2902,89537,77,423905
44337,0.001021,172.31.40.0-255,66,89603,77,423905
44338,0.001031,172.217.194.0-255,10692,100295,77,423905
44339,0.001033,172.31.40.0-255,66,100361,77,423905
44340,0.001261,172.217.194.0-255,1484,101845,77,423905
44341,0.001279,172.217.194.0-255,2902,104747,77,423905
44342,0.001282,172.31.40.0-255,66,104813,77,423905
44343,0.00129,172.217.194.0-255,5738,110551,77,423905
44344,0.001292,172.31.40.0-255,66,110617,77,423905
44345,0.001315,172.217.194.0-255,4320,114937,77,423905
44346,0.001318,172.31.40.0-255,66,115003,77,423905
44347,0.001335,172.217.194.0-255,7156,122159,77,423905
44348,0.001338,172.31.40.0-255,66,122225,77,423905
44349,0.001366,172.217.194.0-255,1484,123709,77,423905
44350,0.001375,172.217.194.0-255,8574,132283,77,423905
44351,0.001377,172.31.40.0-255,66,132349,77,423905
44352,0.001403,172.217.194.0-255,2184,134533,77,423905
44353,0.001408,172.31.40.0-255,66,134599,77,423905
44354,0.001744,172.217.194.0-255,1484,136083,77,423905
44355,0.001751,172.217.194.0-255,2902,138985,77,423905
44356,0.001755,172.31.40.0-255,66,139051,77,423905
44357,0.001777,172.217.194.0-255,5738,144789,77,423905
44358,0.00178,172.31.40.0-255,66,144855,77,423905
44359,0.001804,172.217.194.0-255,7156,152011,77,423905
44360,0.001806,172.31.40.0-255,66,152077,77,423905
44361,0.001832,172.217.194.0-255,5738,157815,77,423905
44362,0.001836,172.31.40.0-255,66,157881,77,423905
44363,0.001846,172.217.194.0-255,10692,168573,77,423905
44364,0.001848,172.31.40.0-255,66,168639,77,423905
44365,0.002201,172.217.194.0-255,1484,170123,77,423905
44366,0.00221,172.217.194.0-255,2902,173025,77,423905
44367,0.002214,172.31.40.0-255,66,173091,77,423905
44368,0.00224,172.217.194.0-255,5738,178829,77,423905
44369,0.002243,172.31.40.0-255,66,178895,77,423905
44370,0.002256,172.217.194.0-255,1484,180379,77,423905
44371,0.002281,172.217.194.0-255,11410,191789,77,423905
44372,0.002283,172.31.40.0-255,66,191855,77,423905
44373,0.002291,172.217.194.0-255,8574,200429,77,423905
44374,0.002293,172.31.40.0-255,66,200495,77,423905
44375,0.002326,172.217.194.0-255,2184,202679,77,423905
44376,0.002329,172.31.40.0-255,66,202745,77,423905
44377,0.002934,172.217.194.0-255,66,202811,77,423905
44378,0.00457,172.217.194.0-255,2902,205713,77,423905
44379,0.004577,172.31.40.0-255,66,205779,77,423905
44380,0.004638,172.217.194.0-255,2902,208681,77,423905
44381,0.004642,172.31.40.0-255,66,208747,77,423905
44382,0.006878,172.217.194.0-255,2902,211649,77,423905
44383,0.006883,172.31.40.0-255,66,211715,77,423905
44384,0.006936,172.217.194.0-255,2902,214617,77,423905
44385,0.006939,172.31.40.0-255,66,214683,77,423905
44386,0.009204,172.217.194.0-255,2902,217585,77,423905
44387,0.009213,172.31.40.0-255,66,217651,77,423905
44388,0.009235,172.217.194.0-255,2902,220553,77,423905
44389,0.009238,172.31.40.0-255,66,220619,77,423905
44390,0.011503,172.217.194.0-255,2902,223521,77,423905
44391,0.011511,172.31.40.0-255,66,223587,77,423905
44392,0.011536,172.217.194.0-255,2902,226489,77,423905
44393,0.011539,172.31.40.0-255,66,226555,77,423905
44394,0.013828,172.217.194.0-255,5738,232293,77,423905
44395,0.013838,172.31.40.0-255,66,232359,77,423905
44396,0.016133,172.217.194.0-255,5738,238097,77,423905
44397,0.01614,172.31.40.0-255,66,238163,77,423905
44398,0.018437,172.217.194.0-255,5738,243901,77,423905
44399,0.018446,172.31.40.0-255,66,243967,77,423905
44400,0.020775,172.217.194.0-255,5738,249705,77,423905
44401,0.020784,172.31.40.0-255,66,249771,77,423905
44402,0.023087,172.217.194.0-255,5738,255509,77,423905
44403,0.023095,172.31.40.0-255,66,255575,77,423905
44404,0.025428,172.217.194.0-255,5738,261313,77,423905
44405,0.025445,172.31.40.0-255,66,261379,77,423905
44406,0.027744,172.217.194.0-255,5738,267117,77,423905
44407,0.027759,172.31.40.0-255,66,267183,77,423905
44408,0.030082,172.217.194.0-255,5738,272921,77,423905
44409,0.030099,172.31.40.0-255,66,272987,77,423905
44410,0.0324,172.217.194.0-255,5738,278725,77,423905
44411,0.032413,172.31.40.0-255,66,278791,77,423905
44412,0.034721,172.217.194.0-255,5738,284529,77,423905
44413,0.034728,172.31.40.0-255,66,284595,77,423905
44414,0.037069,172.217.194.0-255,5738,290333,77,423905
44415,0.037087,172.31.40.0-255,66,290399,77,423905
44416,0.039393,172.217.194.0-255,5738,296137,77,423905
44417,0.039407,172.31.40.0-255,66,296203,77,423905
44418,0.041717,172.217.194.0-255,5738,301941,77,423905
44419,0.041735,172.31.40.0-255,66,302007,77,423905
44420,0.04409,172.217.194.0-255,5738,307745,77,423905
44421,0.044097,172.31.40.0-255,66,307811,77,423905
44422,0.046419,172.217.194.0-255,5738,313549,77,423905
44423,0.046437,172.31.40.0-255,66,313615,77,423905
44424,0.048763,172.217.194.0-255,5738,319353,77,423905
44425,0.048772,172.31.40.0-255,66,319419,77,423905
44426,0.05106,172.217.194.0-255,5738,325157,77,423905
44427,0.051068,172.31.40.0-255,66,325223,77,423905
44428,0.051856,172.31.40.0-255,172,325395,77,423905
44429,0.051889,172.31.40.0-255,1120,326515,77,423905
44430,0.051957,172.31.40.0-255,1514,328029,77,423905
44431,0.051959,172.31.40.0-255,1514,329543,77,423905
44432,0.051964,172.31.40.0-255,1514,331057,77,423905
44433,0.051965,172.31.40.0-255,1514,332571,77,423905
44434,0.051997,172.31.40.0-255,1146,333717,77,423905
44435,0.053364,172.217.194.0-255,5738,339455,77,423905
44436,0.053374,172.31.40.0-255,66,339521,77,423905
44437,0.053403,104.244.42.0-255,66,339587,77,423905
44438,0.053445,104.244.42.0-255,66,339653,77,423905
44439,0.053497,104.244.42.0-255,66,339719,77,423905
44440,0.053544,104.244.42.0-255,66,339785,77,423905
44441,0.054575,104.244.42.0-255,108,339893,77,423905
44442,0.054583,172.31.40.0-255,66,339959,77,423905
44443,0.05569,172.217.194.0-255,5738,345697,77,423905
44444,0.055699,172.31.40.0-255,66,345763,77,423905
44445,0.058037,172.217.194.0-255,5738,351501,77,423905
44446,0.058055,172.31.40.0-255,66,351567,77,423905
44447,0.060382,172.217.194.0-255,5738,357305,77,423905
44448,0.060399,172.31.40.0-255,66,357371,77,423905
44449,0.062745,172.217.194.0-255,5738,363109,77,423905
44450,0.062761,172.31.40.0-255,66,363175,77,423905
44451,0.065078,172.217.194.0-255,5738,368913,77,423905
44452,0.065094,172.31.40.0-255,66,368979,77,423905
44453,0.067401,172.217.194.0-255,5738,374717,77,423905
44454,0.067417,172.31.40.0-255,66,374783,77,423905
44455,0.069772,172.217.194.0-255,5738,380521,77,423905
44456,0.069788,172.31.40.0-255,66,380587,77,423905
44457,0.072133,172.217.194.0-255,5738,386325,77,423905
44458,0.072149,172.31.40.0-255,66,386391,77,423905
44459,0.074455,172.217.194.0-255,5738,392129,77,423905
44460,0.07447,172.31.40.0-255,66,392195,77,423905
44461,0.076786,172.217.194.0-255,5738,397933,77,423905
44462,0.076803,172.31.40.0-255,66,397999,77,423905
44463,0.079112,172.217.194.0-255,5738,403737,77,423905
44464,0.079129,172.31.40.0-255,66,403803,77,423905
44465,0.081444,172.217.194.0-255,5738,409541,77,423905
44466,0.08146,172.31.40.0-255,66,409607,77,423905
44467,0.083778,172.217.194.0-255,5738,415345,77,423905
44468,0.083797,172.31.40.0-255,66,415411,77,423905
44469,0.086113,172.217.194.0-255,5738,421149,77,423905
44470,0.086132,172.31.40.0-255,66,421215,77,423905
44471,0.088462,172.217.194.0-255,2453,423668,77,423905
44472,0.088482,172.31.40.0-255,66,423734,77,423905
44473,0.088777,172.31.40.0-255,105,423839,77,423905
44474,0.095406,172.217.194.0-255,66,423905,77,423905
44475,0.0,74.125.200.0-255,298,298,77,416708
44476,2.1e-05,172.31.40.0-255,66,364,77,416708
44477,2.9e-05,74.125.200.0-255,1484,1848,77,416708
44478,3.4e-05,172.31.40.0-255,66,1914,77,416708
44479,4e-05,74.125.200.0-255,2902,4816,77,416708
44480,4.3e-05,172.31.40.0-255,66,4882,77,416708
44481,5e-05,74.125.200.0-255,5738,10620,77,416708
44482,5.3e-05,172.31.40.0-255,66,10686,77,416708
44483,5.8e-05,74.125.200.0-255,2902,13588,77,416708
44484,6e-05,172.31.40.0-255,66,13654,77,416708
44485,8.8e-05,74.125.200.0-255,407,14061,77,416708
44486,9.1e-05,172.31.40.0-255,66,14127,77,416708
44487,0.000135,74.125.200.0-255,1484,15611,77,416708
44488,0.000138,172.31.40.0-255,66,15677,77,416708
44489,0.00015,74.125.200.0-255,1484,17161,77,416708
44490,0.000152,172.31.40.0-255,66,17227,77,416708
44491,0.000182,74.125.200.0-255,2902,20129,77,416708
44492,0.000185,172.31.40.0-255,66,20195,77,416708
44493,0.000209,74.125.200.0-255,5738,25933,77,416708
44494,0.000211,172.31.40.0-255,66,25999,77,416708
44495,0.000251,74.125.200.0-255,5379,31378,77,416708
44496,0.000255,172.31.40.0-255,66,31444,77,416708
44497,0.000282,74.125.200.0-255,5738,37182,77,416708
44498,0.000284,172.31.40.0-255,66,37248,77,416708
44499,0.000313,74.125.200.0-255,8574,45822,77,416708
44500,0.000316,172.31.40.0-255,66,45888,77,416708
44501,0.000334,74.125.200.0-255,2543,48431,77,416708
44502,0.000337,172.31.40.0-255,66,48497,77,416708
44503,0.000369,74.125.200.0-255,1484,49981,77,416708
44504,0.000371,172.31.40.0-255,66,50047,77,416708
44505,0.000376,74.125.200.0-255,2902,52949,77,416708
44506,0.000378,172.31.40.0-255,66,53015,77,416708
44507,0.000392,74.125.200.0-255,4320,57335,77,416708
44508,0.000395,172.31.40.0-255,66,57401,77,416708
44509,0.000417,74.125.200.0-255,1484,58885,77,416708
44510,0.000423,74.125.200.0-255,2902,61787,77,416708
44511,0.000425,172.31.40.0-255,66,61853,77,416708
44512,0.000431,74.125.200.0-255,3961,65814,77,416708
44513,0.000433,172.31.40.0-255,66,65880,77,416708
44514,0.000818,74.125.200.0-255,400,66280,77,416708
44515,0.000853,74.125.200.0-255,1484,67764,77,416708
44516,0.000858,172.31.40.0-255,66,67830,77,416708
44517,0.000872,74.125.200.0-255,2902,70732,77,416708
44518,0.000875,172.31.40.0-255,66,70798,77,416708
44519,0.000898,74.125.200.0-255,2902,73700,77,416708
44520,0.000902,172.31.40.0-255,66,73766,77,416708
44521,0.000911,74.125.200.0-255,2902,76668,77,416708
44522,0.000914,172.31.40.0-255,66,76734,77,416708
44523,0.00092,74.125.200.0-255,4320,81054,77,416708
44524,0.000923,172.31.40.0-255,66,81120,77,416708
44525,0.000947,74.125.200.0-255,8574,89694,77,416708
44526,0.00095,172.31.40.0-255,66,89760,77,416708
44527,0.000981,74.125.200.0-255,10692,100452,77,416708
44528,0.000984,172.31.40.0-255,66,100518,77,416708
44529,0.000987,74.125.200.0-255,345,100863,77,416708
44530,0.001434,172.31.40.0-255,66,100929,77,416708
44531,0.00159,74.125.200.0-255,1484,102413,77,416708
44532,0.001598,74.125.200.0-255,2902,105315,77,416708
44533,0.001601,172.31.40.0-255,66,105381,77,416708
44534,0.001621,74.125.200.0-255,2902,108283,77,416708
44535,0.001623,172.31.40.0-255,66,108349,77,416708
44536,0.00165,74.125.200.0-255,4320,112669,77,416708
44537,0.001652,172.31.40.0-255,66,112735,77,416708
44538,0.001659,74.125.200.0-255,7156,119891,77,416708
44539,0.001661,172.31.40.0-255,66,119957,77,416708
44540,0.001684,74.125.200.0-255,1484,121441,77,416708
44541,0.001691,74.125.200.0-255,7156,128597,77,416708
44542,0.001694,172.31.40.0-255,66,128663,77,416708
44543,0.001721,74.125.200.0-255,4320,132983,77,416708
44544,0.001724,172.31.40.0-255,66,133049,77,416708
44545,0.001742,74.125.200.0-255,2184,135233,77,416708
44546,0.001745,172.31.40.0-255,66,135299,77,416708
44547,0.003732,74.125.200.0-255,5738,141037,77,416708
44548,0.003739,172.31.40.0-255,66,141103,77,416708
44549,0.005744,74.125.200.0-255,5738,146841,77,416708
44550,0.005751,172.31.40.0-255,66,146907,77,416708
44551,0.007744,74.125.200.0-255,5738,152645,77,416708
44552,0.007749,172.31.40.0-255,66,152711,77,416708
44553,0.009747,74.125.200.0-255,5738,158449,77,416708
44554,0.009754,172.31.40.0-255,66,158515,77,416708
44555,0.011756,74.125.200.0-255,5738,164253,77,416708
44556,0.011764,172.31.40.0-255,66,164319,77,416708
44557,0.013787,74.125.200.0-255,5738,170057,77,416708
44558,0.013794,172.31.40.0-255,66,170123,77,416708
44559,0.015805,74.125.200.0-255,5738,175861,77,416708
44560,0.015813,172.31.40.0-255,66,175927,77,416708
44561,0.017819,74.125.200.0-255,4320,180247,77,416708
44562,0.017826,172.31.40.0-255,66,180313,77,416708
44563,0.017847,74.125.200.0-255,1484,181797,77,416708
44564,0.01982,74.125.200.0-255,4320,186117,77,416708
44565,0.019828,172.31.40.0-255,66,186183,77,416708
44566,0.021819,74.125.200.0-255,5738,191921,77,416708
44567,0.021827,172.31.40.0-255,66,191987,77,416708
44568,0.023064,172.31.40.0-255,172,192159,77,416708
44569,0.023094,172.31.40.0-255,1116,193275,77,416708
44570,0.023154,172.31.40.0-255,1514,194789,77,416708
44571,0.023174,172.31.40.0-255,1169,195958,77,416708
44572,0.023828,74.125.200.0-255,5738,201696,77,416708
44573,0.023836,172.31.40.0-255,66,201762,77,416708
44574,0.024687,104.244.42.0-255,66,201828,77,416708
44575,0.024723,104.244.42.0-255,66,201894,77,416708
44576,0.024781,104.244.42.0-255,66,201960,77,416708
44577,0.02583,74.125.200.0-255,5738,207698,77,416708
44578,0.025835,172.31.40.0-255,66,207764,77,416708
44579,0.027849,74.125.200.0-255,5738,213502,77,416708
44580,0.027856,172.31.40.0-255,66,213568,77,416708
44581,0.02987,74.125.200.0-255,5738,219306,77,416708
44582,0.029877,172.31.40.0-255,66,219372,77,416708
44583,0.031892,74.125.200.0-255,5738,225110,77,416708
44584,0.031898,172.31.40.0-255,66,225176,77,416708
44585,0.033904,74.125.200.0-255,5738,230914,77,416708
44586,0.03391,172.31.40.0-255,66,230980,77,416708
44587,0.035959,74.125.200.0-255,5738,236718,77,416708
44588,0.035966,172.31.40.0-255,66,236784,77,416708
44589,0.037973,74.125.200.0-255,5738,242522,77,416708
44590,0.03798,172.31.40.0-255,66,242588,77,416708
44591,0.040013,74.125.200.0-255,5738,248326,77,416708
44592,0.04002,172.31.40.0-255,66,248392,77,416708
44593,0.042044,74.125.200.0-255,5738,254130,77,416708
44594,0.042051,172.31.40.0-255,66,254196,77,416708
44595,0.044076,74.125.200.0-255,5738,259934,77,416708
44596,0.044093,172.31.40.0-255,66,260000,77,416708
44597,0.046117,74.125.200.0-255,5738,265738,77,416708
44598,0.046131,172.31.40.0-255,66,265804,77,416708
44599,0.048138,74.125.200.0-255,5738,271542,77,416708
44600,0.048152,172.31.40.0-255,66,271608,77,416708
44601,0.050183,74.125.200.0-255,5738,277346,77,416708
44602,0.050199,172.31.40.0-255,66,277412,77,416708
44603,0.052255,74.125.200.0-255,5738,283150,77,416708
44604,0.052269,172.31.40.0-255,66,283216,77,416708
44605,0.054285,74.125.200.0-255,5738,288954,77,416708
44606,0.054301,172.31.40.0-255,66,289020,77,416708
44607,0.056349,74.125.200.0-255,5738,294758,77,416708
44608,0.056365,172.31.40.0-255,66,294824,77,416708
44609,0.058382,74.125.200.0-255,5738,300562,77,416708
44610,0.058398,172.31.40.0-255,66,300628,77,416708
44611,0.060435,74.125.200.0-255,5738,306366,77,416708
44612,0.060452,172.31.40.0-255,66,306432,77,416708
44613,0.06248,74.125.200.0-255,5738,312170,77,416708
44614,0.062495,172.31.40.0-255,66,312236,77,416708
44615,0.064504,74.125.200.0-255,5738,317974,77,416708
44616,0.06452,172.31.40.0-255,66,318040,77,416708
44617,0.066534,74.125.200.0-255,5738,323778,77,416708
44618,0.066549,172.31.40.0-255,66,323844,77,416708
44619,0.068603,74.125.200.0-255,5738,329582,77,416708
44620,0.068627,172.31.40.0-255,66,329648,77,416708
44621,0.070626,74.125.200.0-255,5738,335386,77,416708
44622,0.070631,172.31.40.0-255,66,335452,77,416708
44623,0.072643,74.125.200.0-255,5738,341190,77,416708
44624,0.07265,172.31.40.0-255,66,341256,77,416708
44625,0.074671,74.125.200.0-255,5738,346994,77,416708
44626,0.074678,172.31.40.0-255,66,347060,77,416708
44627,0.076699,74.125.200.0-255,5738,352798,77,416708
44628,0.076706,172.31.40.0-255,66,352864,77,416708
44629,0.078733,74.125.200.0-255,5738,358602,77,416708
44630,0.07874,172.31.40.0-255,66,358668,77,416708
44631,0.080736,74.125.200.0-255,5738,364406,77,416708
44632,0.080743,172.31.40.0-255,66,364472,77,416708
44633,0.082738,74.125.200.0-255,5738,370210,77,416708
44634,0.082744,172.31.40.0-255,66,370276,77,416708
44635,0.084751,74.125.200.0-255,5738,376014,77,416708
44636,0.084758,172.31.40.0-255,66,376080,77,416708
44637,0.086756,74.125.200.0-255,5738,381818,77,416708
44638,0.086763,172.31.40.0-255,66,381884,77,416708
44639,0.088779,74.125.200.0-255,5738,387622,77,416708
44640,0.088787,172.31.40.0-255,66,387688,77,416708
44641,0.090789,74.125.200.0-255,5738,393426,77,416708
44642,0.090796,172.31.40.0-255,66,393492,77,416708
44643,0.092793,74.125.200.0-255,5738,399230,77,416708
44644,0.0928,172.31.40.0-255,66,399296,77,416708
44645,0.094809,74.125.200.0-255,5738,405034,77,416708
44646,0.094816,172.31.40.0-255,66,405100,77,416708
44647,0.09683,74.125.200.0-255,5738,410838,77,416708
44648,0.096836,172.31.40.0-255,66,410904,77,416708
44649,0.09885,74.125.200.0-255,5738,416642,77,416708
44650,0.098857,172.31.40.0-255,66,416708,77,416708
44651,0.0,74.125.24.0-255,152,152,77,409790
44652,1.6e-05,172.31.40.0-255,66,218,77,409790
44653,2.3e-05,74.125.24.0-255,1484,1702,77,409790
44654,2.7e-05,172.31.40.0-255,66,1768,77,409790
44655,3.3e-05,74.125.24.0-255,2902,4670,77,409790
44656,3.7e-05,172.31.40.0-255,66,4736,77,409790
44657,4e-05,74.125.24.0-255,1484,6220,77,409790
44658,5.1e-05,172.31.40.0-255,66,6286,77,409790
44659,6.8e-05,74.125.24.0-255,5738,12024,77,409790
44660,7.5e-05,172.31.40.0-255,66,12090,77,409790
44661,8e-05,74.125.24.0-255,2023,14113,77,409790
44662,8.3e-05,172.31.40.0-255,66,14179,77,409790
44663,0.000255,74.125.24.0-255,1484,15663,77,409790
44664,0.000262,172.31.40.0-255,66,15729,77,409790
44665,0.000268,74.125.24.0-255,2902,18631,77,409790
44666,0.000271,172.31.40.0-255,66,18697,77,409790
44667,0.000275,74.125.24.0-255,2902,21599,77,409790
44668,0.000281,172.31.40.0-255,66,21665,77,409790
44669,0.000295,74.125.24.0-255,2902,24567,77,409790
44670,0.000298,172.31.40.0-255,66,24633,77,409790
44671,0.000322,74.125.24.0-255,4320,28953,77,409790
44672,0.000325,172.31.40.0-255,66,29019,77,409790
44673,0.000329,74.125.24.0-255,2543,31562,77,409790
44674,0.000332,172.31.40.0-255,66,31628,77,409790
44675,0.000337,74.125.24.0-255,2902,34530,77,409790
44676,0.000339,172.31.40.0-255,66,34596,77,409790
44677,0.000374,74.125.24.0-255,7156,41752,77,409790
44678,0.000377,172.31.40.0-255,66,41818,77,409790
44679,0.000384,74.125.24.0-255,6797,48615,77,409790
44680,0.000387,172.31.40.0-255,66,48681,77,409790
44681,0.000516,74.125.24.0-255,1484,50165,77,409790
44682,0.00052,172.31.40.0-255,66,50231,77,409790
44683,0.000525,74.125.24.0-255,2902,53133,77,409790
44684,0.000527,172.31.40.0-255,66,53199,77,409790
44685,0.000531,74.125.24.0-255,1484,54683,77,409790
44686,0.000558,74.125.24.0-255,4320,59003,77,409790
44687,0.000561,172.31.40.0-255,66,59069,77,409790
44688,0.000583,74.125.24.0-255,7069,66138,77,409790
44689,0.000586,172.31.40.0-255,66,66204,77,409790
44690,0.00061,74.125.24.0-255,131,66335,77,409790
44691,0.000762,74.125.24.0-255,348,66683,77,409790
44692,0.001048,74.125.24.0-255,1484,68167,77,409790
44693,0.001053,172.31.40.0-255,66,68233,77,409790
44694,0.001059,74.125.24.0-255,2902,71135,77,409790
44695,0.001061,172.31.40.0-255,66,71201,77,409790
44696,0.001088,74.125.24.0-255,5738,76939,77,409790
44697,0.001094,172.31.40.0-255,66,77005,77,409790
44698,0.001103,74.125.24.0-255,8574,85579,77,409790
44699,0.001105,172.31.40.0-255,66,85645,77,409790
44700,0.001151,74.125.24.0-255,8574,94219,77,409790
44701,0.001153,172.31.40.0-255,66,94285,77,409790
44702,0.001173,74.125.24.0-255,6438,100723,77,409790
44703,0.001204,172.31.40.0-255,66,100789,77,409790
44704,0.001546,74.125.24.0-255,1484,102273,77,409790
44705,0.001563,74.125.24.0-255,2902,105175,77,409790
44706,0.001567,172.31.40.0-255,66,105241,77,409790
44707,0.001571,74.125.24.0-255,1484,106725,77,409790
44708,0.001589,74.125.24.0-255,4320,111045,77,409790
44709,0.001591,172.31.40.0-255,66,111111,77,409790
44710,0.001594,74.125.24.0-255,1484,112595,77,409790
44711,0.001632,74.125.24.0-255,7156,119751,77,409790
44712,0.001635,172.31.40.0-255,66,119817,77,409790
44713,0.001645,74.125.24.0-255,9992,129809,77,409790
44714,0.001647,172.31.40.0-255,66,129875,77,409790
44715,0.001659,74.125.24.0-255,5020,134895,77,409790
44716,0.001662,172.31.40.0-255,66,134961,77,409790
44717,0.001772,74.125.24.0-255,1484,136445,77,409790
44718,0.001779,74.125.24.0-255,2902,139347,77,409790
44719,0.00179,172.31.40.0-255,66,139413,77,409790
44720,0.001802,74.125.24.0-255,1484,140897,77,409790
44721,0.001827,74.125.24.0-255,2902,143799,77,409790
44722,0.001835,74.125.24.0-255,8574,152373,77,409790
44723,0.001843,172.31.40.0-255,66,152439,77,409790
44724,0.001846,172.31.40.0-255,66,152505,77,409790
44725,0.001852,74.125.24.0-255,4320,156825,77,409790
44726,0.001854,172.31.40.0-255,66,156891,77,409790
44727,0.001885,74.125.24.0-255,8574,165465,77,409790
44728,0.001888,172.31.40.0-255,66,165531,77,409790
44729,0.001919,74.125.24.0-255,3602,169133,77,409790
44730,0.001922,172.31.40.0-255,66,169199,77,409790
44731,0.001928,74.125.24.0-255,4320,173519,77,409790
44732,0.00193,172.31.40.0-255,66,173585,77,409790
44733,0.001965,74.125.24.0-255,9992,183577,77,409790
44734,0.001968,172.31.40.0-255,66,183643,77,409790
44735,0.002003,74.125.24.0-255,11410,195053,77,409790
44736,0.002006,172.31.40.0-255,66,195119,77,409790
44737,0.002013,74.125.24.0-255,5738,200857,77,409790
44738,0.002015,172.31.40.0-255,66,200923,77,409790
44739,0.002076,74.125.24.0-255,2184,203107,77,409790
44740,0.00208,172.31.40.0-255,66,203173,77,409790
44741,0.002163,74.125.24.0-255,1484,204657,77,409790
44742,0.00218,74.125.24.0-255,2902,207559,77,409790
44743,0.002183,172.31.40.0-255,66,207625,77,409790
44744,0.002189,74.125.24.0-255,2902,210527,77,409790
44745,0.002191,172.31.40.0-255,66,210593,77,409790
44746,0.002223,74.125.24.0-255,2902,213495,77,409790
44747,0.002226,172.31.40.0-255,66,213561,77,409790
44748,0.002231,74.125.24.0-255,2902,216463,77,409790
44749,0.002233,172.31.40.0-255,66,216529,77,409790
44750,0.002242,74.125.24.0-255,8574,225103,77,409790
44751,0.002246,172.31.40.0-255,66,225169,77,409790
44752,0.002279,74.125.24.0-255,1484,226653,77,409790
44753,0.00229,74.125.24.0-255,10692,237345,77,409790
44754,0.002293,172.31.40.0-255,66,237411,77,409790
44755,0.002359,74.125.24.0-255,1484,238895,77,409790
44756,0.002363,74.125.24.0-255,1484,240379,77,409790
44757,0.002366,172.31.40.0-255,66,240445,77,409790
44758,0.002387,74.125.24.0-255,1484,241929,77,409790
44759,0.002393,74.125.24.0-255,5738,247667,77,409790
44760,0.002396,172.31.40.0-255,66,247733,77,409790
44761,0.002436,74.125.24.0-255,7156,254889,77,409790
44762,0.002439,172.31.40.0-255,66,254955,77,409790
44763,0.002484,172.31.40.0-255,66,255021,77,409790
44764,0.002487,74.125.24.0-255,2184,257205,77,409790
44765,0.002489,172.31.40.0-255,66,257271,77,409790
44766,0.005113,74.125.24.0-255,4320,261591,77,409790
44767,0.005121,172.31.40.0-255,66,261657,77,409790
44768,0.005147,74.125.24.0-255,1484,263141,77,409790
44769,0.007686,74.125.24.0-255,4320,267461,77,409790
44770,0.007692,172.31.40.0-255,66,267527,77,409790
44771,0.010301,74.125.24.0-255,5738,273265,77,409790
44772,0.010307,172.31.40.0-255,66,273331,77,409790
44773,0.01345,74.125.24.0-255,5738,279069,77,409790
44774,0.013458,172.31.40.0-255,66,279135,77,409790
44775,0.016039,74.125.24.0-255,5738,284873,77,409790
44776,0.016049,172.31.40.0-255,66,284939,77,409790
44777,0.018681,74.125.24.0-255,5738,290677,77,409790
44778,0.01869,172.31.40.0-255,66,290743,77,409790
44779,0.021298,74.125.24.0-255,5738,296481,77,409790
44780,0.021308,172.31.40.0-255,66,296547,77,409790
44781,0.023861,74.125.24.0-255,5738,302285,77,409790
44782,0.023868,172.31.40.0-255,66,302351,77,409790
44783,0.02644,74.125.24.0-255,5738,308089,77,409790
44784,0.026447,172.31.40.0-255,66,308155,77,409790
44785,0.029029,74.125.24.0-255,5738,313893,77,409790
44786,0.029037,172.31.40.0-255,66,313959,77,409790
44787,0.031613,74.125.24.0-255,5738,319697,77,409790
44788,0.031622,172.31.40.0-255,66,319763,77,409790
44789,0.034254,74.125.24.0-255,5738,325501,77,409790
44790,0.034263,172.31.40.0-255,66,325567,77,409790
44791,0.036911,74.125.24.0-255,5738,331305,77,409790
44792,0.036919,172.31.40.0-255,66,331371,77,409790
44793,0.03741,172.31.40.0-255,192,331563,77,409790
44794,0.037446,172.31.40.0-255,1119,332682,77,409790
44795,0.037513,172.31.40.0-255,1514,334196,77,409790
44796,0.037515,172.31.40.0-255,1514,335710,77,409790
44797,0.037521,172.31.40.0-255,1514,337224,77,409790
44798,0.037523,172.31.40.0-255,1514,338738,77,409790
44799,0.037552,172.31.40.0-255,1479,340217,77,409790
44800,0.03896,104.244.42.0-255,66,340283,77,409790
44801,0.039004,104.244.42.0-255,66,340349,77,409790
44802,0.039105,104.244.42.0-255,66,340415,77,409790
44803,0.039562,74.125.24.0-255,5738,346153,77,409790
44804,0.039569,172.31.40.0-255,66,346219,77,409790
44805,0.042156,74.125.24.0-255,5738,351957,77,409790
44806,0.042164,172.31.40.0-255,66,352023,77,409790
44807,0.044817,74.125.24.0-255,5738,357761,77,409790
44808,0.044824,172.31.40.0-255,66,357827,77,409790
44809,0.047422,74.125.24.0-255,5738,363565,77,409790
44810,0.047429,172.31.40.0-255,66,363631,77,409790
44811,0.050122,74.125.24.0-255,5738,369369,77,409790
44812,0.050129,172.31.40.0-255,66,369435,77,409790
44813,0.052726,74.125.24.0-255,5738,375173,77,409790
44814,0.052733,172.31.40.0-255,66,375239,77,409790
44815,0.055334,74.125.24.0-255,5738,380977,77,409790
44816,0.05534,172.31.40.0-255,66,381043,77,409790
44817,0.057921,74.125.24.0-255,5738,386781,77,409790
44818,0.057927,172.31.40.0-255,66,386847,77,409790
44819,0.060496,74.125.24.0-255,5738,392585,77,409790
44820,0.060503,172.31.40.0-255,66,392651,77,409790
44821,0.063077,74.125.24.0-255,5738,398389,77,409790
44822,0.063083,172.31.40.0-255,66,398455,77,409790
44823,0.065691,74.125.24.0-255,5738,404193,77,409790
44824,0.065698,172.31.40.0-255,66,404259,77,409790
44825,0.068334,74.125.24.0-255,5294,409553,77,409790
44826,0.068341,172.31.40.0-255,66,409619,77,409790
44827,0.068534,172.31.40.0-255,105,409724,77,409790
44828,0.071097,74.125.24.0-255,66,409790,77,409790
44829,0.0,172.31.40.0-255,105,105,77,276
44830,0.001809,157.240.25.0-255,105,210,77,276
44831,0.040616,172.31.40.0-255,66,276,77,276
44832,0.0,74.125.68.0-255,152,152,77,398466
44833,1.9e-05,172.31.40.0-255,66,218,77,398466
44834,2.7e-05,74.125.68.0-255,1484,1702,77,398466
44835,3.2e-05,172.31.40.0-255,66,1768,77,398466
44836,3.8e-05,74.125.68.0-255,2902,4670,77,398466
44837,4.9e-05,172.31.40.0-255,66,4736,77,398466
44838,5.4e-05,74.125.68.0-255,2902,7638,77,398466
44839,5.7e-05,172.31.40.0-255,66,7704,77,398466
44840,6.4e-05,74.125.68.0-255,4320,12024,77,398466
44841,6.6e-05,172.31.40.0-255,66,12090,77,398466
44842,9.9e-05,74.125.68.0-255,2010,14100,77,398466
44843,0.000102,172.31.40.0-255,66,14166,77,398466
44844,0.000275,74.125.68.0-255,1484,15650,77,398466
44845,0.00028,172.31.40.0-255,66,15716,77,398466
44846,0.000285,74.125.68.0-255,2902,18618,77,398466
44847,0.000288,172.31.40.0-255,66,18684,77,398466
44848,0.000311,74.125.68.0-255,4320,23004,77,398466
44849,0.000313,172.31.40.0-255,66,23070,77,398466
44850,0.000323,74.125.68.0-255,5738,28808,77,398466
44851,0.000325,172.31.40.0-255,66,28874,77,398466
44852,0.000351,74.125.68.0-255,2543,31417,77,398466
44853,0.000353,172.31.40.0-255,66,31483,77,398466
44854,0.000441,74.125.68.0-255,1484,32967,77,398466
44855,0.000444,172.31.40.0-255,66,33033,77,398466
44856,0.000447,74.125.68.0-255,1484,34517,77,398466
44857,0.000449,172.31.40.0-255,66,34583,77,398466
44858,0.000453,74.125.68.0-255,1484,36067,77,398466
44859,0.00046,172.31.40.0-255,66,36133,77,398466
44860,0.00049,74.125.68.0-255,1484,37617,77,398466
44861,0.000492,172.31.40.0-255,66,37683,77,398466
44862,0.000498,74.125.68.0-255,5738,43421,77,398466
44863,0.0005,172.31.40.0-255,66,43487,77,398466
44864,0.000511,74.125.68.0-255,5379,48866,77,398466
44865,0.000513,172.31.40.0-255,66,48932,77,398466
44866,0.000516,74.125.68.0-255,1484,50416,77,398466
44867,0.00055,74.125.68.0-255,4320,54736,77,398466
44868,0.000553,172.31.40.0-255,66,54802,77,398466
44869,0.000558,74.125.68.0-255,4320,59122,77,398466
44870,0.00056,172.31.40.0-255,66,59188,77,398466
44871,0.000584,74.125.68.0-255,5738,64926,77,398466
44872,0.000587,172.31.40.0-255,66,64992,77,398466
44873,0.00059,74.125.68.0-255,1125,66117,77,398466
44874,0.000956,74.125.68.0-255,648,66765,77,398466
44875,0.00096,172.31.40.0-255,66,66831,77,398466
44876,0.001063,74.125.68.0-255,1484,68315,77,398466
44877,0.001078,74.125.68.0-255,2902,71217,77,398466
44878,0.00108,172.31.40.0-255,66,71283,77,398466
44879,0.001112,74.125.68.0-255,5738,77021,77,398466
44880,0.001115,172.31.40.0-255,66,77087,77,398466
44881,0.00112,74.125.68.0-255,2902,79989,77,398466
44882,0.001121,172.31.40.0-255,66,80055,77,398466
44883,0.001145,74.125.68.0-255,3410,83465,77,398466
44884,0.001147,172.31.40.0-255,66,83531,77,398466
44885,0.001173,74.125.68.0-255,1484,85015,77,398466
44886,0.001195,74.125.68.0-255,2902,87917,77,398466
44887,0.001198,172.31.40.0-255,66,87983,77,398466
44888,0.001218,74.125.68.0-255,5738,93721,77,398466
44889,0.00122,172.31.40.0-255,66,93787,77,398466
44890,0.001226,74.125.68.0-255,4320,98107,77,398466
44891,0.001228,172.31.40.0-255,66,98173,77,398466
44892,0.001264,74.125.68.0-255,2543,100716,77,398466
44893,0.001266,172.31.40.0-255,66,100782,77,398466
44894,0.001372,74.125.68.0-255,1484,102266,77,398466
44895,0.001377,74.125.68.0-255,2902,105168,77,398466
44896,0.00138,172.31.40.0-255,66,105234,77,398466
44897,0.001411,74.125.68.0-255,5738,110972,77,398466
44898,0.001415,74.125.68.0-255,2902,113874,77,398466
44899,0.001418,172.31.40.0-255,66,113940,77,398466
44900,0.001421,172.31.40.0-255,66,114006,77,398466
44901,0.001447,74.125.68.0-255,4320,118326,77,398466
44902,0.001449,172.31.40.0-255,66,118392,77,398466
44903,0.001491,74.125.68.0-255,8574,126966,77,398466
44904,0.001495,172.31.40.0-255,66,127032,77,398466
44905,0.0015,74.125.68.0-255,4320,131352,77,398466
44906,0.001503,172.31.40.0-255,66,131418,77,398466
44907,0.001527,74.125.68.0-255,3602,135020,77,398466
44908,0.001533,172.31.40.0-255,66,135086,77,398466
44909,0.0016,74.125.68.0-255,1484,136570,77,398466
44910,0.001612,74.125.68.0-255,2902,139472,77,398466
44911,0.001615,172.31.40.0-255,66,139538,77,398466
44912,0.001619,74.125.68.0-255,1484,141022,77,398466
44913,0.001622,74.125.68.0-255,1484,142506,77,398466
44914,0.001624,172.31.40.0-255,66,142572,77,398466
44915,0.001658,74.125.68.0-255,1484,144056,77,398466
44916,0.001666,74.125.68.0-255,5738,149794,77,398466
44917,0.001669,172.31.40.0-255,66,149860,77,398466
44918,0.001712,74.125.68.0-255,1484,151344,77,398466
44919,0.00173,74.125.68.0-255,9992,161336,77,398466
44920,0.001733,172.31.40.0-255,66,161402,77,398466
44921,0.001741,74.125.68.0-255,7856,169258,77,398466
44922,0.001743,172.31.40.0-255,66,169324,77,398466
44923,0.004219,74.125.68.0-255,5738,175062,77,398466
44924,0.004226,172.31.40.0-255,66,175128,77,398466
44925,0.006693,74.125.68.0-255,2902,178030,77,398466
44926,0.006697,172.31.40.0-255,66,178096,77,398466
44927,0.006715,74.125.68.0-255,2902,180998,77,398466
44928,0.006717,172.31.40.0-255,66,181064,77,398466
44929,0.009167,74.125.68.0-255,2902,183966,77,398466
44930,0.009175,172.31.40.0-255,66,184032,77,398466
44931,0.009206,74.125.68.0-255,2902,186934,77,398466
44932,0.009209,172.31.40.0-255,66,187000,77,398466
44933,0.011654,74.125.68.0-255,2902,189902,77,398466
44934,0.011663,172.31.40.0-255,66,189968,77,398466
44935,0.011694,74.125.68.0-255,2902,192870,77,398466
44936,0.011696,172.31.40.0-255,66,192936,77,398466
44937,0.014143,74.125.68.0-255,2902,195838,77,398466
44938,0.014151,172.31.40.0-255,66,195904,77,398466
44939,0.014183,74.125.68.0-255,2902,198806,77,398466
44940,0.014186,172.31.40.0-255,66,198872,77,398466
44941,0.016633,74.125.68.0-255,2902,201774,77,398466
44942,0.016644,172.31.40.0-255,66,201840,77,398466
44943,0.016679,74.125.68.0-255,2902,204742,77,398466
44944,0.016682,172.31.40.0-255,66,204808,77,398466
44945,0.019112,74.125.68.0-255,2902,207710,77,398466
44946,0.01912,172.31.40.0-255,66,207776,77,398466
44947,0.019156,74.125.68.0-255,2902,210678,77,398466
44948,0.019158,172.31.40.0-255,66,210744,77,398466
44949,0.021605,74.125.68.0-255,2902,213646,77,398466
44950,0.021612,172.31.40.0-255,66,213712,77,398466
44951,0.021646,74.125.68.0-255,2902,216614,77,398466
44952,0.021649,172.31.40.0-255,66,216680,77,398466
44953,0.024086,74.125.68.0-255,2902,219582,77,398466
44954,0.024094,172.31.40.0-255,66,219648,77,398466
44955,0.024124,74.125.68.0-255,2902,222550,77,398466
44956,0.024127,172.31.40.0-255,66,222616,77,398466
44957,0.024893,172.31.40.0-255,193,222809,77,398466
44958,0.024923,172.31.40.0-255,613,223422,77,398466
44959,0.026482,104.244.42.0-255,66,223488,77,398466
44960,0.02649,104.244.42.0-255,66,223554,77,398466
44961,0.026567,74.125.68.0-255,2902,226456,77,398466
44962,0.026572,172.31.40.0-255,66,226522,77,398466
44963,0.026606,74.125.68.0-255,2902,229424,77,398466
44964,0.026608,172.31.40.0-255,66,229490,77,398466
44965,0.029046,74.125.68.0-255,2902,232392,77,398466
44966,0.029052,172.31.40.0-255,66,232458,77,398466
44967,0.029096,74.125.68.0-255,2902,235360,77,398466
44968,0.029099,172.31.40.0-255,66,235426,77,398466
44969,0.031537,74.125.68.0-255,2902,238328,77,398466
44970,0.031546,172.31.40.0-255,66,238394,77,398466
44971,0.031576,74.125.68.0-255,2902,241296,77,398466
44972,0.031578,172.31.40.0-255,66,241362,77,398466
44973,0.03402,74.125.68.0-255,2902,244264,77,398466
44974,0.034027,172.31.40.0-255,66,244330,77,398466
44975,0.034064,74.125.68.0-255,2902,247232,77,398466
44976,0.034067,172.31.40.0-255,66,247298,77,398466
44977,0.036511,74.125.68.0-255,2902,250200,77,398466
44978,0.036518,172.31.40.0-255,66,250266,77,398466
44979,0.036545,74.125.68.0-255,2902,253168,77,398466
44980,0.036548,172.31.40.0-255,66,253234,77,398466
44981,0.039001,74.125.68.0-255,2902,256136,77,398466
44982,0.039021,172.31.40.0-255,66,256202,77,398466
44983,0.039043,74.125.68.0-255,2902,259104,77,398466
44984,0.039046,172.31.40.0-255,66,259170,77,398466
44985,0.041526,74.125.68.0-255,5738,264908,77,398466
44986,0.041545,172.31.40.0-255,66,264974,77,398466
44987,0.04405,74.125.68.0-255,5738,270712,77,398466
44988,0.044068,172.31.40.0-255,66,270778,77,398466
44989,0.046571,74.125.68.0-255,5738,276516,77,398466
44990,0.046585,172.31.40.0-255,66,276582,77,398466
44991,0.049085,74.125.68.0-255,5738,282320,77,398466
44992,0.049106,172.31.40.0-255,66,282386,77,398466
44993,0.051592,74.125.68.0-255,5738,288124,77,398466
44994,0.0516,172.31.40.0-255,66,288190,77,398466
44995,0.054111,74.125.68.0-255,5738,293928,77,398466
44996,0.05413,172.31.40.0-255,66,293994,77,398466
44997,0.056606,74.125.68.0-255,5738,299732,77,398466
44998,0.056613,172.31.40.0-255,66,299798,77,398466
44999,0.059108,74.125.68.0-255,5738,305536,77,398466
45000,0.059127,172.31.40.0-255,66,305602,77,398466
45001,0.061614,74.125.68.0-255,5738,311340,77,398466
45002,0.061622,172.31.40.0-255,66,311406,77,398466
45003,0.064116,74.125.68.0-255,5738,317144,77,398466
45004,0.064131,172.31.40.0-255,66,317210,77,398466
45005,0.066626,74.125.68.0-255,5738,322948,77,398466
45006,0.066643,172.31.40.0-255,66,323014,77,398466
45007,0.069139,74.125.68.0-255,5738,328752,77,398466
45008,0.069155,172.31.40.0-255,66,328818,77,398466
45009,0.07169,74.125.68.0-255,5738,334556,77,398466
45010,0.071708,172.31.40.0-255,66,334622,77,398466
45011,0.074213,74.125.68.0-255,5738,340360,77,398466
45012,0.07423,172.31.40.0-255,66,340426,77,398466
45013,0.076727,74.125.68.0-255,5738,346164,77,398466
45014,0.076735,172.31.40.0-255,66,346230,77,398466
45015,0.079207,74.125.68.0-255,5738,351968,77,398466
45016,0.079214,172.31.40.0-255,66,352034,77,398466
45017,0.081707,74.125.68.0-255,5738,357772,77,398466
45018,0.081714,172.31.40.0-255,66,357838,77,398466
45019,0.084205,74.125.68.0-255,5738,363576,77,398466
45020,0.084211,172.31.40.0-255,66,363642,77,398466
45021,0.086707,74.125.68.0-255,5738,369380,77,398466
45022,0.086713,172.31.40.0-255,66,369446,77,398466
45023,0.089196,74.125.68.0-255,5738,375184,77,398466
45024,0.089202,172.31.40.0-255,66,375250,77,398466
45025,0.091693,74.125.68.0-255,5738,380988,77,398466
45026,0.091699,172.31.40.0-255,66,381054,77,398466
45027,0.094193,74.125.68.0-255,5738,386792,77,398466
45028,0.0942,172.31.40.0-255,66,386858,77,398466
45029,0.096696,74.125.68.0-255,5738,392596,77,398466
45030,0.096703,172.31.40.0-255,66,392662,77,398466
45031,0.099191,74.125.68.0-255,5738,398400,77,398466
45032,0.099198,172.31.40.0-255,66,398466,77,398466
45033,0.0,74.125.24.0-255,150,150,77,415865
45034,2.2e-05,172.31.40.0-255,66,216,77,415865
45035,2.9e-05,74.125.24.0-255,1484,1700,77,415865
45036,3.5e-05,172.31.40.0-255,66,1766,77,415865
45037,4.8e-05,74.125.24.0-255,2902,4668,77,415865
45038,5.1e-05,172.31.40.0-255,66,4734,77,415865
45039,5.8e-05,74.125.24.0-255,5738,10472,77,415865
45040,6.1e-05,172.31.40.0-255,66,10538,77,415865
45041,6.7e-05,74.125.24.0-255,3488,14026,77,415865
45042,6.9e-05,172.31.40.0-255,66,14092,77,415865
45043,0.000165,74.125.24.0-255,1484,15576,77,415865
45044,0.000169,172.31.40.0-255,66,15642,77,415865
45045,0.000196,74.125.24.0-255,2902,18544,77,415865
45046,0.000199,172.31.40.0-255,66,18610,77,415865
45047,0.000205,74.125.24.0-255,5738,24348,77,415865
45048,0.000208,172.31.40.0-255,66,24414,77,415865
45049,0.00021,74.125.24.0-255,1484,25898,77,415865
45050,0.000213,172.31.40.0-255,66,25964,77,415865
45051,0.000238,74.125.24.0-255,5379,31343,77,415865
45052,0.000241,172.31.40.0-255,66,31409,77,415865
45053,0.000355,74.125.24.0-255,1484,32893,77,415865
45054,0.00036,172.31.40.0-255,66,32959,77,415865
45055,0.000366,74.125.24.0-255,2902,35861,77,415865
45056,0.000368,172.31.40.0-255,66,35927,77,415865
45057,0.000371,74.125.24.0-255,1484,37411,77,415865
45058,0.000379,172.31.40.0-255,66,37477,77,415865
45059,0.00041,74.125.24.0-255,4320,41797,77,415865
45060,0.000413,172.31.40.0-255,66,41863,77,415865
45061,0.000419,74.125.24.0-255,4320,46183,77,415865
45062,0.000421,172.31.40.0-255,66,46249,77,415865
45063,0.000463,74.125.24.0-255,9633,55882,77,415865
45064,0.000467,172.31.40.0-255,66,55948,77,415865
45065,0.000476,74.125.24.0-255,8574,64522,77,415865
45066,0.000483,172.31.40.0-255,66,64588,77,415865
45067,0.000486,74.125.24.0-255,1125,65713,77,415865
45068,0.000532,74.125.24.0-255,396,66109,77,415865
45069,0.000659,74.125.24.0-255,347,66456,77,415865
45070,0.000663,172.31.40.0-255,66,66522,77,415865
45071,0.000751,74.125.24.0-255,1484,68006,77,415865
45072,0.000756,74.125.24.0-255,1484,69490,77,415865
45073,0.000759,172.31.40.0-255,66,69556,77,415865
45074,0.000782,74.125.24.0-255,1484,71040,77,415865
45075,0.000789,74.125.24.0-255,5738,76778,77,415865
45076,0.000792,172.31.40.0-255,66,76844,77,415865
45077,0.000796,74.125.24.0-255,2902,79746,77,415865
45078,0.000798,172.31.40.0-255,66,79812,77,415865
45079,0.000817,74.125.24.0-255,1484,81296,77,415865
45080,0.000822,74.125.24.0-255,1994,83290,77,415865
45081,0.000829,172.31.40.0-255,66,83356,77,415865
45082,0.000989,74.125.24.0-255,1484,84840,77,415865
45083,0.000995,74.125.24.0-255,2902,87742,77,415865
45084,0.000999,172.31.40.0-255,66,87808,77,415865
45085,0.001005,74.125.24.0-255,5738,93546,77,415865
45086,0.001008,172.31.40.0-255,66,93612,77,415865
45087,0.001055,74.125.24.0-255,12828,106440,77,415865
45088,0.001058,172.31.40.0-255,66,106506,77,415865
45089,0.001075,74.125.24.0-255,10692,117198,77,415865
45090,0.001078,172.31.40.0-255,66,117264,77,415865
45091,0.001329,74.125.24.0-255,1484,118748,77,415865
45092,0.001337,74.125.24.0-255,2902,121650,77,415865
45093,0.00134,172.31.40.0-255,66,121716,77,415865
45094,0.001344,74.125.24.0-255,1484,123200,77,415865
45095,0.001373,74.125.24.0-255,4320,127520,77,415865
45096,0.001375,172.31.40.0-255,66,127586,77,415865
45097,0.001393,74.125.24.0-255,1484,129070,77,415865
45098,0.001408,74.125.24.0-255,5379,134449,77,415865
45099,0.00141,172.31.40.0-255,66,134515,77,415865
45100,0.001506,74.125.24.0-255,1484,135999,77,415865
45101,0.00151,74.125.24.0-255,1484,137483,77,415865
45102,0.001513,172.31.40.0-255,66,137549,77,415865
45103,0.001546,74.125.24.0-255,1484,139033,77,415865
45104,0.001553,74.125.24.0-255,5738,144771,77,415865
45105,0.001555,172.31.40.0-255,66,144837,77,415865
45106,0.001563,74.125.24.0-255,6797,151634,77,415865
45107,0.001565,172.31.40.0-255,66,151700,77,415865
45108,0.00201,74.125.24.0-255,1484,153184,77,415865
45109,0.002014,74.125.24.0-255,1484,154668,77,415865
45110,0.002018,172.31.40.0-255,66,154734,77,415865
45111,0.002044,74.125.24.0-255,1484,156218,77,415865
45112,0.002051,74.125.24.0-255,5738,161956,77,415865
45113,0.002053,172.31.40.0-255,66,162022,77,415865
45114,0.002083,74.125.24.0-255,8574,170596,77,415865
45115,0.002086,172.31.40.0-255,66,170662,77,415865
45116,0.002105,74.125.24.0-255,4320,174982,77,415865
45117,0.002108,172.31.40.0-255,66,175048,77,415865
45118,0.002112,74.125.24.0-255,2902,177950,77,415865
45119,0.002114,172.31.40.0-255,66,178016,77,415865
45120,0.002152,74.125.24.0-255,4320,182336,77,415865
45121,0.002155,172.31.40.0-255,66,182402,77,415865
45122,0.00216,74.125.24.0-255,3602,186004,77,415865
45123,0.002162,172.31.40.0-255,66,186070,77,415865
45124,0.00447,74.125.24.0-255,5738,191808,77,415865
45125,0.004476,172.31.40.0-255,66,191874,77,415865
45126,0.006837,74.125.24.0-255,4320,196194,77,415865
45127,0.006841,172.31.40.0-255,66,196260,77,415865
45128,0.006865,74.125.24.0-255,1484,197744,77,415865
45129,0.009171,74.125.24.0-255,4320,202064,77,415865
45130,0.009179,172.31.40.0-255,66,202130,77,415865
45131,0.011523,74.125.24.0-255,5738,207868,77,415865
45132,0.011531,172.31.40.0-255,66,207934,77,415865
45133,0.013865,74.125.24.0-255,5738,213672,77,415865
45134,0.013874,172.31.40.0-255,66,213738,77,415865
45135,0.01619,74.125.24.0-255,5738,219476,77,415865
45136,0.016202,172.31.40.0-255,66,219542,77,415865
45137,0.018558,74.125.24.0-255,5738,225280,77,415865
45138,0.018568,172.31.40.0-255,66,225346,77,415865
45139,0.020917,74.125.24.0-255,5738,231084,77,415865
45140,0.020925,172.31.40.0-255,66,231150,77,415865
45141,0.023273,74.125.24.0-255,5738,236888,77,415865
45142,0.023282,172.31.40.0-255,66,236954,77,415865
45143,0.025613,74.125.24.0-255,5738,242692,77,415865
45144,0.025626,172.31.40.0-255,66,242758,77,415865
45145,0.028019,74.125.24.0-255,5738,248496,77,415865
45146,0.028029,172.31.40.0-255,66,248562,77,415865
45147,0.030353,74.125.24.0-255,5738,254300,77,415865
45148,0.030364,172.31.40.0-255,66,254366,77,415865
45149,0.032733,74.125.24.0-255,5738,260104,77,415865
45150,0.032753,172.31.40.0-255,66,260170,77,415865
45151,0.03508,74.125.24.0-255,5738,265908,77,415865
45152,0.035097,172.31.40.0-255,66,265974,77,415865
45153,0.037095,172.31.40.0-255,172,266146,77,415865
45154,0.037131,172.31.40.0-255,1066,267212,77,415865
45155,0.037425,74.125.24.0-255,5738,272950,77,415865
45156,0.037433,172.31.40.0-255,66,273016,77,415865
45157,0.038634,104.244.42.0-255,66,273082,77,415865
45158,0.03866,104.244.42.0-255,66,273148,77,415865
45159,0.039765,74.125.24.0-255,5738,278886,77,415865
45160,0.039779,172.31.40.0-255,66,278952,77,415865
45161,0.042131,74.125.24.0-255,5738,284690,77,415865
45162,0.042143,172.31.40.0-255,66,284756,77,415865
45163,0.044484,74.125.24.0-255,5738,290494,77,415865
45164,0.044503,172.31.40.0-255,66,290560,77,415865
45165,0.046843,74.125.24.0-255,5738,296298,77,415865
45166,0.046863,172.31.40.0-255,66,296364,77,415865
45167,0.049227,74.125.24.0-255,5738,302102,77,415865
45168,0.049246,172.31.40.0-255,66,302168,77,415865
45169,0.051639,74.125.24.0-255,5738,307906,77,415865
45170,0.051656,172.31.40.0-255,66,307972,77,415865
45171,0.053969,74.125.24.0-255,5738,313710,77,415865
45172,0.053981,172.31.40.0-255,66,313776,77,415865
45173,0.056413,74.125.24.0-255,5738,319514,77,415865
45174,0.05642,172.31.40.0-255,66,319580,77,415865
45175,0.058751,74.125.24.0-255,5738,325318,77,415865
45176,0.058758,172.31.40.0-255,66,325384,77,415865
45177,0.061087,74.125.24.0-255,5738,331122,77,415865
45178,0.061095,172.31.40.0-255,66,331188,77,415865
45179,0.063454,74.125.24.0-255,5738,336926,77,415865
45180,0.063462,172.31.40.0-255,66,336992,77,415865
45181,0.065793,74.125.24.0-255,5738,342730,77,415865
45182,0.065799,172.31.40.0-255,66,342796,77,415865
45183,0.068143,74.125.24.0-255,5738,348534,77,415865
45184,0.06815,172.31.40.0-255,66,348600,77,415865
45185,0.070496,74.125.24.0-255,5738,354338,77,415865
45186,0.070503,172.31.40.0-255,66,354404,77,415865
45187,0.072854,74.125.24.0-255,5738,360142,77,415865
45188,0.072861,172.31.40.0-255,66,360208,77,415865
45189,0.075204,74.125.24.0-255,5738,365946,77,415865
45190,0.075211,172.31.40.0-255,66,366012,77,415865
45191,0.077576,74.125.24.0-255,5738,371750,77,415865
45192,0.077584,172.31.40.0-255,66,371816,77,415865
45193,0.079964,74.125.24.0-255,5738,377554,77,415865
45194,0.079971,172.31.40.0-255,66,377620,77,415865
45195,0.082328,74.125.24.0-255,5738,383358,77,415865
45196,0.082334,172.31.40.0-255,66,383424,77,415865
45197,0.084665,74.125.24.0-255,5738,389162,77,415865
45198,0.084672,172.31.40.0-255,66,389228,77,415865
45199,0.087034,74.125.24.0-255,5738,394966,77,415865
45200,0.087041,172.31.40.0-255,66,395032,77,415865
45201,0.089351,74.125.24.0-255,5738,400770,77,415865
45202,0.089359,172.31.40.0-255,66,400836,77,415865
45203,0.091679,74.125.24.0-255,5738,406574,77,415865
45204,0.091686,172.31.40.0-255,66,406640,77,415865
45205,0.09402,74.125.24.0-255,5738,412378,77,415865
45206,0.094026,172.31.40.0-255,66,412444,77,415865
45207,0.096372,74.125.24.0-255,3184,415628,77,415865
45208,0.09638,172.31.40.0-255,66,415694,77,415865
45209,0.096568,172.31.40.0-255,105,415799,77,415865
45210,0.098867,74.125.24.0-255,66,415865,77,415865
45211,0.0,74.125.200.0-255,148,148,77,419013
45212,2.3e-05,172.31.40.0-255,66,214,77,419013
45213,2.9e-05,74.125.200.0-255,1484,1698,77,419013
45214,3.4e-05,172.31.40.0-255,66,1764,77,419013
45215,4e-05,74.125.200.0-255,2902,4666,77,419013
45216,4.3e-05,172.31.40.0-255,66,4732,77,419013
45217,4.7e-05,74.125.200.0-255,1484,6216,77,419013
45218,4.9e-05,172.31.40.0-255,66,6282,77,419013
45219,7.1e-05,74.125.200.0-255,2902,9184,77,419013
45220,7.4e-05,172.31.40.0-255,66,9250,77,419013
45221,9.8e-05,74.125.200.0-255,4836,14086,77,419013
45222,0.000101,172.31.40.0-255,66,14152,77,419013
45223,0.000132,74.125.200.0-255,1484,15636,77,419013
45224,0.000134,172.31.40.0-255,66,15702,77,419013
45225,0.00015,74.125.200.0-255,1484,17186,77,419013
45226,0.000152,172.31.40.0-255,66,17252,77,419013
45227,0.000158,74.125.200.0-255,4320,21572,77,419013
45228,0.00016,172.31.40.0-255,66,21638,77,419013
45229,0.000191,74.125.200.0-255,7156,28794,77,419013
45230,0.000193,172.31.40.0-255,66,28860,77,419013
45231,0.000235,74.125.200.0-255,2543,31403,77,419013
45232,0.000237,172.31.40.0-255,66,31469,77,419013
45233,0.000307,74.125.200.0-255,1484,32953,77,419013
45234,0.00031,172.31.40.0-255,66,33019,77,419013
45235,0.000316,74.125.200.0-255,2902,35921,77,419013
45236,0.000318,172.31.40.0-255,66,35987,77,419013
45237,0.000337,74.125.200.0-255,2902,38889,77,419013
45238,0.00034,172.31.40.0-255,66,38955,77,419013
45239,0.000355,74.125.200.0-255,2902,41857,77,419013
45240,0.000357,172.31.40.0-255,66,41923,77,419013
45241,0.000371,74.125.200.0-255,1484,43407,77,419013
45242,0.000373,172.31.40.0-255,66,43473,77,419013
45243,0.000387,74.125.200.0-255,2902,46375,77,419013
45244,0.000389,172.31.40.0-255,66,46441,77,419013
45245,0.000412,74.125.200.0-255,2543,48984,77,419013
45246,0.000414,172.31.40.0-255,66,49050,77,419013
45247,0.000747,74.125.200.0-255,1484,50534,77,419013
45248,0.000769,74.125.200.0-255,2902,53436,77,419013
45249,0.000773,172.31.40.0-255,66,53502,77,419013
45250,0.00078,74.125.200.0-255,5738,59240,77,419013
45251,0.000782,172.31.40.0-255,66,59306,77,419013
45252,0.000814,74.125.200.0-255,1484,60790,77,419013
45253,0.000819,74.125.200.0-255,2902,63692,77,419013
45254,0.000822,172.31.40.0-255,66,63758,77,419013
45255,0.000835,74.125.200.0-255,2543,66301,77,419013
45256,0.000837,172.31.40.0-255,66,66367,77,419013
45257,0.000901,74.125.200.0-255,1484,67851,77,419013
45258,0.000914,74.125.200.0-255,2902,70753,77,419013
45259,0.000916,172.31.40.0-255,66,70819,77,419013
45260,0.00092,74.125.200.0-255,1484,72303,77,419013
45261,0.000941,74.125.200.0-255,4320,76623,77,419013
45262,0.000944,172.31.40.0-255,66,76689,77,419013
45263,0.000948,74.125.200.0-255,2902,79591,77,419013
45264,0.00095,172.31.40.0-255,66,79657,77,419013
45265,0.000955,74.125.200.0-255,3961,83618,77,419013
45266,0.000958,172.31.40.0-255,66,83684,77,419013
45267,0.000975,74.125.200.0-255,646,84330,77,419013
45268,0.001274,74.125.200.0-255,1484,85814,77,419013
45269,0.00128,172.31.40.0-255,66,85880,77,419013
45270,0.001292,74.125.200.0-255,2902,88782,77,419013
45271,0.001294,172.31.40.0-255,66,88848,77,419013
45272,0.001297,74.125.200.0-255,1484,90332,77,419013
45273,0.0013,74.125.200.0-255,1484,91816,77,419013
45274,0.001303,172.31.40.0-255,66,91882,77,419013
45275,0.001326,74.125.200.0-255,1484,93366,77,419013
45276,0.001333,74.125.200.0-255,5738,99104,77,419013
45277,0.001335,172.31.40.0-255,66,99170,77,419013
45278,0.00136,74.125.200.0-255,8574,107744,77,419013
45279,0.001363,172.31.40.0-255,66,107810,77,419013
45280,0.001397,74.125.200.0-255,9992,117802,77,419013
45281,0.0014,172.31.40.0-255,66,117868,77,419013
45282,0.001403,74.125.200.0-255,203,118071,77,419013
45283,0.00156,74.125.200.0-255,1484,119555,77,419013
45284,0.001567,172.31.40.0-255,66,119621,77,419013
45285,0.001586,74.125.200.0-255,2902,122523,77,419013
45286,0.001588,172.31.40.0-255,66,122589,77,419013
45287,0.001598,74.125.200.0-255,1484,124073,77,419013
45288,0.001621,74.125.200.0-255,4320,128393,77,419013
45289,0.001624,74.125.200.0-255,1484,129877,77,419013
45290,0.001628,74.125.200.0-255,2902,132779,77,419013
45291,0.001631,172.31.40.0-255,66,132845,77,419013
45292,0.001635,172.31.40.0-255,66,132911,77,419013
45293,0.00165,74.125.200.0-255,5738,138649,77,419013
45294,0.001652,172.31.40.0-255,66,138715,77,419013
45295,0.001657,74.125.200.0-255,4320,143035,77,419013
45296,0.001659,172.31.40.0-255,66,143101,77,419013
45297,0.001663,74.125.200.0-255,2902,146003,77,419013
45298,0.001666,172.31.40.0-255,66,146069,77,419013
45299,0.001687,74.125.200.0-255,2902,148971,77,419013
45300,0.001691,172.31.40.0-255,66,149037,77,419013
45301,0.001713,74.125.200.0-255,3602,152639,77,419013
45302,0.001715,172.31.40.0-255,66,152705,77,419013
45303,0.001926,74.125.200.0-255,1484,154189,77,419013
45304,0.001932,74.125.200.0-255,2902,157091,77,419013
45305,0.001935,172.31.40.0-255,66,157157,77,419013
45306,0.001954,74.125.200.0-255,2902,160059,77,419013
45307,0.001956,172.31.40.0-255,66,160125,77,419013
45308,0.001959,74.125.200.0-255,1484,161609,77,419013
45309,0.003864,74.125.200.0-255,1484,163093,77,419013
45310,0.003871,172.31.40.0-255,66,163159,77,419013
45311,0.003894,74.125.200.0-255,2902,166061,77,419013
45312,0.003896,172.31.40.0-255,66,166127,77,419013
45313,0.005813,74.125.200.0-255,2902,169029,77,419013
45314,0.005816,172.31.40.0-255,66,169095,77,419013
45315,0.005835,74.125.200.0-255,2902,171997,77,419013
45316,0.005837,172.31.40.0-255,66,172063,77,419013
45317,0.007762,74.125.200.0-255,2902,174965,77,419013
45318,0.007768,172.31.40.0-255,66,175031,77,419013
45319,0.007787,74.125.200.0-255,2902,177933,77,419013
45320,0.007789,172.31.40.0-255,66,177999,77,419013
45321,0.009771,74.125.200.0-255,5738,183737,77,419013
45322,0.009778,172.31.40.0-255,66,183803,77,419013
45323,0.011738,74.125.200.0-255,5738,189541,77,419013
45324,0.011747,172.31.40.0-255,66,189607,77,419013
45325,0.013688,74.125.200.0-255,5738,195345,77,419013
45326,0.013698,172.31.40.0-255,66,195411,77,419013
45327,0.015645,74.125.200.0-255,5738,201149,77,419013
45328,0.015652,172.31.40.0-255,66,201215,77,419013
45329,0.017604,74.125.200.0-255,5738,206953,77,419013
45330,0.01761,172.31.40.0-255,66,207019,77,419013
45331,0.019597,74.125.200.0-255,5738,212757,77,419013
45332,0.019604,172.31.40.0-255,66,212823,77,419013
45333,0.021563,74.125.200.0-255,5738,218561,77,419013
45334,0.02157,172.31.40.0-255,66,218627,77,419013
45335,0.02351,74.125.200.0-255,5738,224365,77,419013
45336,0.023517,172.31.40.0-255,66,224431,77,419013
45337,0.025477,74.125.200.0-255,5738,230169,77,419013
45338,0.025485,172.31.40.0-255,66,230235,77,419013
45339,0.027431,74.125.200.0-255,5738,235973,77,419013
45340,0.02744,172.31.40.0-255,66,236039,77,419013
45341,0.02938,74.125.200.0-255,5738,241777,77,419013
45342,0.029387,172.31.40.0-255,66,241843,77,419013
45343,0.030674,172.31.40.0-255,171,242014,77,419013
45344,0.030704,172.31.40.0-255,614,242628,77,419013
45345,0.031319,74.125.200.0-255,5738,248366,77,419013
45346,0.031325,172.31.40.0-255,66,248432,77,419013
45347,0.033045,104.244.42.0-255,66,248498,77,419013
45348,0.03328,74.125.200.0-255,5738,254236,77,419013
45349,0.033285,172.31.40.0-255,66,254302,77,419013
45350,0.035268,74.125.200.0-255,5738,260040,77,419013
45351,0.035283,172.31.40.0-255,66,260106,77,419013
45352,0.037236,74.125.200.0-255,5738,265844,77,419013
45353,0.037247,172.31.40.0-255,66,265910,77,419013
45354,0.039204,74.125.200.0-255,5738,271648,77,419013
45355,0.039218,172.31.40.0-255,66,271714,77,419013
45356,0.041177,74.125.200.0-255,5738,277452,77,419013
45357,0.04119,172.31.40.0-255,66,277518,77,419013
45358,0.043144,74.125.200.0-255,5738,283256,77,419013
45359,0.04316,172.31.40.0-255,66,283322,77,419013
45360,0.045115,74.125.200.0-255,5738,289060,77,419013
45361,0.045122,172.31.40.0-255,66,289126,77,419013
45362,0.047075,74.125.200.0-255,5738,294864,77,419013
45363,0.047088,172.31.40.0-255,66,294930,77,419013
45364,0.049047,74.125.200.0-255,5738,300668,77,419013
45365,0.04906,172.31.40.0-255,66,300734,77,419013
45366,0.05103,74.125.200.0-255,5738,306472,77,419013
45367,0.051047,172.31.40.0-255,66,306538,77,419013
45368,0.053027,74.125.200.0-255,5738,312276,77,419013
45369,0.053038,172.31.40.0-255,66,312342,77,419013
45370,0.055006,74.125.200.0-255,5738,318080,77,419013
45371,0.055021,172.31.40.0-255,66,318146,77,419013
45372,0.056993,74.125.200.0-255,5738,323884,77,419013
45373,0.057009,172.31.40.0-255,66,323950,77,419013
45374,0.058981,74.125.200.0-255,5738,329688,77,419013
45375,0.058997,172.31.40.0-255,66,329754,77,419013
45376,0.060969,74.125.200.0-255,5738,335492,77,419013
45377,0.060983,172.31.40.0-255,66,335558,77,419013
45378,0.062942,74.125.200.0-255,5738,341296,77,419013
45379,0.06295,172.31.40.0-255,66,341362,77,419013
45380,0.064887,74.125.200.0-255,5738,347100,77,419013
45381,0.064893,172.31.40.0-255,66,347166,77,419013
45382,0.066845,74.125.200.0-255,5738,352904,77,419013
45383,0.066855,172.31.40.0-255,66,352970,77,419013
45384,0.06881,74.125.200.0-255,5738,358708,77,419013
45385,0.068817,172.31.40.0-255,66,358774,77,419013
45386,0.070783,74.125.200.0-255,5738,364512,77,419013
45387,0.070788,172.31.40.0-255,66,364578,77,419013
45388,0.072752,74.125.200.0-255,5738,370316,77,419013
45389,0.07276,172.31.40.0-255,66,370382,77,419013
45390,0.074757,74.125.200.0-255,5738,376120,77,419013
45391,0.074764,172.31.40.0-255,66,376186,77,419013
45392,0.07672,74.125.200.0-255,5738,381924,77,419013
45393,0.076726,172.31.40.0-255,66,381990,77,419013
45394,0.078677,74.125.200.0-255,5738,387728,77,419013
45395,0.078683,172.31.40.0-255,66,387794,77,419013
45396,0.080632,74.125.200.0-255,4320,392114,77,419013
45397,0.080638,172.31.40.0-255,66,392180,77,419013
45398,0.080654,74.125.200.0-255,1484,393664,77,419013
45399,0.082602,74.125.200.0-255,4320,397984,77,419013
45400,0.082608,172.31.40.0-255,66,398050,77,419013
45401,0.084545,74.125.200.0-255,5738,403788,77,419013
45402,0.084553,172.31.40.0-255,66,403854,77,419013
45403,0.086504,74.125.200.0-255,5738,409592,77,419013
45404,0.086511,172.31.40.0-255,66,409658,77,419013
45405,0.088479,74.125.200.0-255,5738,415396,77,419013
45406,0.088495,172.31.40.0-255,66,415462,77,419013
45407,0.090445,74.125.200.0-255,3314,418776,77,419013
45408,0.090455,172.31.40.0-255,66,418842,77,419013
45409,0.090686,172.31.40.0-255,105,418947,77,419013
45410,0.092603,74.125.200.0-255,66,419013,77,419013
45411,0.0,172.31.40.0-255,66,66,77,66
45412,0.0,172.217.194.0-255,153,153,77,417943
45413,1.7e-05,172.31.40.0-255,66,219,77,417943
45414,2.4e-05,172.217.194.0-255,1484,1703,77,417943
45415,2.8e-05,172.31.40.0-255,66,1769,77,417943
45416,3.4e-05,172.217.194.0-255,2902,4671,77,417943
45417,3.7e-05,172.31.40.0-255,66,4737,77,417943
45418,4.3e-05,172.217.194.0-255,4320,9057,77,417943
45419,4.7e-05,172.31.40.0-255,66,9123,77,417943
45420,7.2e-05,172.217.194.0-255,2902,12025,77,417943
45421,7.6e-05,172.31.40.0-255,66,12091,77,417943
45422,8e-05,172.217.194.0-255,1983,14074,77,417943
45423,8.2e-05,172.31.40.0-255,66,14140,77,417943
45424,0.000157,172.217.194.0-255,1484,15624,77,417943
45425,0.00016,172.31.40.0-255,66,15690,77,417943
45426,0.000165,172.217.194.0-255,2902,18592,77,417943
45427,0.000168,172.31.40.0-255,66,18658,77,417943
45428,0.000181,172.217.194.0-255,2902,21560,77,417943
45429,0.000183,172.31.40.0-255,66,21626,77,417943
45430,0.000208,172.217.194.0-255,2902,24528,77,417943
45431,0.000211,172.31.40.0-255,66,24594,77,417943
45432,0.000219,172.217.194.0-255,6797,31391,77,417943
45433,0.000221,172.31.40.0-255,66,31457,77,417943
45434,0.000242,172.217.194.0-255,7156,38613,77,417943
45435,0.000244,172.31.40.0-255,66,38679,77,417943
45436,0.000272,172.217.194.0-255,7156,45835,77,417943
45437,0.000274,172.31.40.0-255,66,45901,77,417943
45438,0.000279,172.217.194.0-255,2543,48444,77,417943
45439,0.00028,172.31.40.0-255,66,48510,77,417943
45440,0.000682,172.217.194.0-255,1484,49994,77,417943
45441,0.000687,172.31.40.0-255,66,50060,77,417943
45442,0.000693,172.217.194.0-255,2902,52962,77,417943
45443,0.000695,172.31.40.0-255,66,53028,77,417943
45444,0.000717,172.217.194.0-255,5738,58766,77,417943
45445,0.00072,172.31.40.0-255,66,58832,77,417943
45446,0.000723,172.217.194.0-255,1484,60316,77,417943
45447,0.000757,172.217.194.0-255,2902,63218,77,417943
45448,0.000759,172.31.40.0-255,66,63284,77,417943
45449,0.000777,172.217.194.0-255,2543,65827,77,417943
45450,0.000779,172.31.40.0-255,66,65893,77,417943
45451,0.000849,172.217.194.0-255,645,66538,77,417943
45452,0.00103,172.31.40.0-255,66,66604,77,417943
45453,0.001238,172.217.194.0-255,1484,68088,77,417943
45454,0.001248,172.217.194.0-255,2902,70990,77,417943
45455,0.001252,172.31.40.0-255,66,71056,77,417943
45456,0.001276,172.217.194.0-255,4320,75376,77,417943
45457,0.001279,172.31.40.0-255,66,75442,77,417943
45458,0.001283,172.217.194.0-255,1484,76926,77,417943
45459,0.001306,172.217.194.0-255,7156,84082,77,417943
45460,0.001309,172.31.40.0-255,66,84148,77,417943
45461,0.001314,172.217.194.0-255,2902,87050,77,417943
45462,0.001316,172.31.40.0-255,66,87116,77,417943
45463,0.001342,172.217.194.0-255,13528,100644,77,417943
45464,0.001345,172.31.40.0-255,66,100710,77,417943
45465,0.001663,172.217.194.0-255,1484,102194,77,417943
45466,0.00167,172.217.194.0-255,2902,105096,77,417943
45467,0.001674,172.31.40.0-255,66,105162,77,417943
45468,0.001677,172.217.194.0-255,1484,106646,77,417943
45469,0.001729,172.217.194.0-255,4320,110966,77,417943
45470,0.001732,172.31.40.0-255,66,111032,77,417943
45471,0.001743,172.217.194.0-255,12828,123860,77,417943
45472,0.001745,172.31.40.0-255,66,123926,77,417943
45473,0.001755,172.217.194.0-255,10692,134618,77,417943
45474,0.001757,172.31.40.0-255,66,134684,77,417943
45475,0.001888,172.217.194.0-255,1484,136168,77,417943
45476,0.001895,172.217.194.0-255,2902,139070,77,417943
45477,0.001898,172.31.40.0-255,66,139136,77,417943
45478,0.001904,172.217.194.0-255,4320,143456,77,417943
45479,0.001905,172.31.40.0-255,66,143522,77,417943
45480,0.001919,172.217.194.0-255,1484,145006,77,417943
45481,0.001938,172.217.194.0-255,7156,152162,77,417943
45482,0.001941,172.31.40.0-255,66,152228,77,417943
45483,0.001963,172.217.194.0-255,5738,157966,77,417943
45484,0.001966,172.31.40.0-255,66,158032,77,417943
45485,0.001978,172.217.194.0-255,2902,160934,77,417943
45486,0.00198,172.31.40.0-255,66,161000,77,417943
45487,0.00201,172.217.194.0-255,7856,168856,77,417943
45488,0.002013,172.31.40.0-255,66,168922,77,417943
45489,0.002255,172.217.194.0-255,1484,170406,77,417943
45490,0.002261,172.217.194.0-255,2902,173308,77,417943
45491,0.002265,172.31.40.0-255,66,173374,77,417943
45492,0.002286,172.217.194.0-255,4320,177694,77,417943
45493,0.002288,172.31.40.0-255,66,177760,77,417943
45494,0.00229,172.217.194.0-255,1484,179244,77,417943
45495,0.002315,172.217.194.0-255,4320,183564,77,417943
45496,0.002317,172.31.40.0-255,66,183630,77,417943
45497,0.002341,172.217.194.0-255,7156,190786,77,417943
45498,0.002343,172.31.40.0-255,66,190852,77,417943
45499,0.002353,172.217.194.0-255,12110,202962,77,417943
45500,0.002355,172.31.40.0-255,66,203028,77,417943
45501,0.004651,172.217.194.0-255,5738,208766,77,417943
45502,0.004655,172.31.40.0-255,66,208832,77,417943
45503,0.006933,172.217.194.0-255,5738,214570,77,417943
45504,0.006941,172.31.40.0-255,66,214636,77,417943
45505,0.009252,172.217.194.0-255,5738,220374,77,417943
45506,0.009259,172.31.40.0-255,66,220440,77,417943
45507,0.011526,172.217.194.0-255,1484,221924,77,417943
45508,0.011549,172.217.194.0-255,4320,226244,77,417943
45509,0.011555,172.31.40.0-255,66,226310,77,417943
45510,0.01385,172.217.194.0-255,5738,232048,77,417943
45511,0.013858,172.31.40.0-255,66,232114,77,417943
45512,0.016163,172.217.194.0-255,5738,237852,77,417943
45513,0.016171,172.31.40.0-255,66,237918,77,417943
45514,0.018449,172.217.194.0-255,5738,243656,77,417943
45515,0.018455,172.31.40.0-255,66,243722,77,417943
45516,0.02075,172.217.194.0-255,5738,249460,77,417943
45517,0.02076,172.31.40.0-255,66,249526,77,417943
45518,0.023063,172.217.194.0-255,4320,253846,77,417943
45519,0.023072,172.31.40.0-255,66,253912,77,417943
45520,0.023089,172.217.194.0-255,1484,255396,77,417943
45521,0.025364,172.217.194.0-255,4320,259716,77,417943
45522,0.025379,172.31.40.0-255,66,259782,77,417943
45523,0.027713,172.217.194.0-255,5738,265520,77,417943
45524,0.02772,172.31.40.0-255,66,265586,77,417943
45525,0.030011,172.217.194.0-255,5738,271324,77,417943
45526,0.030019,172.31.40.0-255,66,271390,77,417943
45527,0.032324,172.217.194.0-255,5738,277128,77,417943
45528,0.032332,172.31.40.0-255,66,277194,77,417943
45529,0.034619,172.217.194.0-255,5738,282932,77,417943
45530,0.034628,172.31.40.0-255,66,282998,77,417943
45531,0.036917,172.217.194.0-255,5738,288736,77,417943
45532,0.036924,172.31.40.0-255,66,288802,77,417943
45533,0.038124,172.31.40.0-255,172,288974,77,417943
45534,0.038157,172.31.40.0-255,1066,290040,77,417943
45535,0.039218,172.217.194.0-255,5738,295778,77,417943
45536,0.039227,172.31.40.0-255,66,295844,77,417943
45537,0.039616,104.244.42.0-255,66,295910,77,417943
45538,0.039669,104.244.42.0-255,66,295976,77,417943
45539,0.041518,172.217.194.0-255,5738,301714,77,417943
45540,0.041525,172.31.40.0-255,66,301780,77,417943
45541,0.043804,172.217.194.0-255,5738,307518,77,417943
45542,0.04381,172.31.40.0-255,66,307584,77,417943
45543,0.046108,172.217.194.0-255,5738,313322,77,417943
45544,0.046115,172.31.40.0-255,66,313388,77,417943
45545,0.048396,172.217.194.0-255,5738,319126,77,417943
45546,0.048403,172.31.40.0-255,66,319192,77,417943
45547,0.050711,172.217.194.0-255,5738,324930,77,417943
45548,0.050717,172.31.40.0-255,66,324996,77,417943
45549,0.053029,172.217.194.0-255,5738,330734,77,417943
45550,0.053035,172.31.40.0-255,66,330800,77,417943
45551,0.055374,172.217.194.0-255,5738,336538,77,417943
45552,0.05538,172.31.40.0-255,66,336604,77,417943
45553,0.057639,172.217.194.0-255,5738,342342,77,417943
45554,0.057645,172.31.40.0-255,66,342408,77,417943
45555,0.059931,172.217.194.0-255,5738,348146,77,417943
45556,0.059938,172.31.40.0-255,66,348212,77,417943
45557,0.062218,172.217.194.0-255,5738,353950,77,417943
45558,0.062228,172.31.40.0-255,66,354016,77,417943
45559,0.064548,172.217.194.0-255,5738,359754,77,417943
45560,0.064554,172.31.40.0-255,66,359820,77,417943
45561,0.06685,172.217.194.0-255,5738,365558,77,417943
45562,0.066855,172.31.40.0-255,66,365624,77,417943
45563,0.069162,172.217.194.0-255,5738,371362,77,417943
45564,0.069168,172.31.40.0-255,66,371428,77,417943
45565,0.071447,172.217.194.0-255,5738,377166,77,417943
45566,0.071452,172.31.40.0-255,66,377232,77,417943
45567,0.073748,172.217.194.0-255,5738,382970,77,417943
45568,0.073753,172.31.40.0-255,66,383036,77,417943
45569,0.076028,172.217.194.0-255,5738,388774,77,417943
45570,0.076035,172.31.40.0-255,66,388840,77,417943
45571,0.078323,172.217.194.0-255,5738,394578,77,417943
45572,0.078328,172.31.40.0-255,66,394644,77,417943
45573,0.080625,172.217.194.0-255,5738,400382,77,417943
45574,0.080631,172.31.40.0-255,66,400448,77,417943
45575,0.082911,172.217.194.0-255,5738,406186,77,417943
45576,0.082917,172.31.40.0-255,66,406252,77,417943
45577,0.085252,172.217.194.0-255,5738,411990,77,417943
45578,0.085258,172.31.40.0-255,66,412056,77,417943
45579,0.087544,172.217.194.0-255,5650,417706,77,417943
45580,0.08755,172.31.40.0-255,66,417772,77,417943
45581,0.087709,172.31.40.0-255,105,417877,77,417943
45582,0.089979,172.217.194.0-255,66,417943,77,417943
45583,0.0,74.125.24.0-255,152,152,77,421517
45584,1.3e-05,172.31.40.0-255,66,218,77,421517
45585,3.7e-05,74.125.24.0-255,1484,1702,77,421517
45586,4.2e-05,172.31.40.0-255,66,1768,77,421517
45587,4.7e-05,74.125.24.0-255,2902,4670,77,421517
45588,5e-05,172.31.40.0-255,66,4736,77,421517
45589,5.6e-05,74.125.24.0-255,5738,10474,77,421517
45590,5.9e-05,172.31.40.0-255,66,10540,77,421517
45591,0.000104,74.125.24.0-255,3368,13908,77,421517
45592,0.000107,172.31.40.0-255,66,13974,77,421517
45593,0.000475,74.125.24.0-255,1484,15458,77,421517
45594,0.00048,172.31.40.0-255,66,15524,77,421517
45595,0.000487,74.125.24.0-255,2902,18426,77,421517
45596,0.000489,172.31.40.0-255,66,18492,77,421517
45597,0.000496,74.125.24.0-255,5738,24230,77,421517
45598,0.000497,172.31.40.0-255,66,24296,77,421517
45599,0.0005,74.125.24.0-255,1484,25780,77,421517
45600,0.000506,172.31.40.0-255,66,25846,77,421517
45601,0.000535,74.125.24.0-255,4320,30166,77,421517
45602,0.000538,172.31.40.0-255,66,30232,77,421517
45603,0.000546,74.125.24.0-255,7156,37388,77,421517
45604,0.000548,172.31.40.0-255,66,37454,77,421517
45605,0.000578,74.125.24.0-255,6797,44251,77,421517
45606,0.00058,172.31.40.0-255,66,44317,77,421517
45607,0.000589,74.125.24.0-255,3961,48278,77,421517
45608,0.00059,172.31.40.0-255,66,48344,77,421517
45609,0.000603,74.125.24.0-255,4320,52664,77,421517
45610,0.000609,172.31.40.0-255,66,52730,77,421517
45611,0.000636,74.125.24.0-255,7156,59886,77,421517
45612,0.000639,172.31.40.0-255,66,59952,77,421517
45613,0.000662,74.125.24.0-255,4320,64272,77,421517
45614,0.000668,172.31.40.0-255,66,64338,77,421517
45615,0.00069,74.125.24.0-255,1716,66054,77,421517
45616,0.000693,172.31.40.0-255,66,66120,77,421517
45617,0.000737,74.125.24.0-255,1484,67604,77,421517
45618,0.000742,74.125.24.0-255,1484,69088,77,421517
45619,0.000744,172.31.40.0-255,66,69154,77,421517
45620,0.000774,74.125.24.0-255,1484,70638,77,421517
45621,0.000781,74.125.24.0-255,5738,76376,77,421517
45622,0.000784,172.31.40.0-255,66,76442,77,421517
45623,0.00079,74.125.24.0-255,7156,83598,77,421517
45624,0.000793,172.31.40.0-255,66,83664,77,421517
45625,0.000812,74.125.24.0-255,6797,90461,77,421517
45626,0.000815,172.31.40.0-255,66,90527,77,421517
45627,0.000833,74.125.24.0-255,7156,97683,77,421517
45628,0.000836,172.31.40.0-255,66,97749,77,421517
45629,0.000863,74.125.24.0-255,2543,100292,77,421517
45630,0.000865,172.31.40.0-255,66,100358,77,421517
45631,0.001151,74.125.24.0-255,1484,101842,77,421517
45632,0.001159,74.125.24.0-255,2902,104744,77,421517
45633,0.001163,172.31.40.0-255,66,104810,77,421517
45634,0.001169,74.125.24.0-255,5738,110548,77,421517
45635,0.001172,172.31.40.0-255,66,110614,77,421517
45636,0.001198,74.125.24.0-255,11410,122024,77,421517
45637,0.001201,172.31.40.0-255,66,122090,77,421517
45638,0.001224,74.125.24.0-255,1484,123574,77,421517
45639,0.001233,74.125.24.0-255,10692,134266,77,421517
45640,0.001236,172.31.40.0-255,66,134332,77,421517
45641,0.001468,74.125.24.0-255,1484,135816,77,421517
45642,0.001475,74.125.24.0-255,2902,138718,77,421517
45643,0.001479,172.31.40.0-255,66,138784,77,421517
45644,0.001485,74.125.24.0-255,5738,144522,77,421517
45645,0.001487,172.31.40.0-255,66,144588,77,421517
45646,0.00149,74.125.24.0-255,1484,146072,77,421517
45647,0.001524,74.125.24.0-255,11410,157482,77,421517
45648,0.001527,172.31.40.0-255,66,157548,77,421517
45649,0.001536,74.125.24.0-255,10692,168240,77,421517
45650,0.001539,172.31.40.0-255,66,168306,77,421517
45651,0.001727,74.125.24.0-255,1484,169790,77,421517
45652,0.001734,74.125.24.0-255,2902,172692,77,421517
45653,0.001738,172.31.40.0-255,66,172758,77,421517
45654,0.001796,74.125.24.0-255,4320,177078,77,421517
45655,0.001799,172.31.40.0-255,66,177144,77,421517
45656,0.001824,74.125.24.0-255,1484,178628,77,421517
45657,0.001836,74.125.24.0-255,12828,191456,77,421517
45658,0.001839,172.31.40.0-255,66,191522,77,421517
45659,0.001847,74.125.24.0-255,8574,200096,77,421517
45660,0.00185,172.31.40.0-255,66,200162,77,421517
45661,0.001854,74.125.24.0-255,2184,202346,77,421517
45662,0.001857,172.31.40.0-255,66,202412,77,421517
45663,0.004135,74.125.24.0-255,5738,208150,77,421517
45664,0.004141,172.31.40.0-255,66,208216,77,421517
45665,0.004505,172.31.40.0-255,101,208317,77,421517
45666,0.006435,74.125.24.0-255,5738,214055,77,421517
45667,0.006442,172.31.40.0-255,66,214121,77,421517
45668,0.006722,74.125.24.0-255,66,214187,77,421517
45669,0.008724,74.125.24.0-255,5738,219925,77,421517
45670,0.008732,172.31.40.0-255,66,219991,77,421517
45671,0.011009,74.125.24.0-255,4320,224311,77,421517
45672,0.011015,172.31.40.0-255,66,224377,77,421517
45673,0.011041,74.125.24.0-255,1484,225861,77,421517
45674,0.013265,74.125.24.0-255,4320,230181,77,421517
45675,0.013272,172.31.40.0-255,66,230247,77,421517
45676,0.015553,74.125.24.0-255,5738,235985,77,421517
45677,0.015561,172.31.40.0-255,66,236051,77,421517
45678,0.017852,74.125.24.0-255,5738,241789,77,421517
45679,0.017859,172.31.40.0-255,66,241855,77,421517
45680,0.020188,74.125.24.0-255,5738,247593,77,421517
45681,0.020201,172.31.40.0-255,66,247659,77,421517
45682,0.022495,74.125.24.0-255,5738,253397,77,421517
45683,0.022507,172.31.40.0-255,66,253463,77,421517
45684,0.024822,74.125.24.0-255,5738,259201,77,421517
45685,0.02484,172.31.40.0-255,66,259267,77,421517
45686,0.027193,74.125.24.0-255,5738,265005,77,421517
45687,0.02721,172.31.40.0-255,66,265071,77,421517
45688,0.029478,74.125.24.0-255,5738,270809,77,421517
45689,0.029487,172.31.40.0-255,66,270875,77,421517
45690,0.031764,74.125.24.0-255,5738,276613,77,421517
45691,0.031779,172.31.40.0-255,66,276679,77,421517
45692,0.034042,74.125.24.0-255,5738,282417,77,421517
45693,0.034052,172.31.40.0-255,66,282483,77,421517
45694,0.036328,74.125.24.0-255,5738,288221,77,421517
45695,0.036344,172.31.40.0-255,66,288287,77,421517
45696,0.038587,74.125.24.0-255,5738,294025,77,421517
45697,0.038594,172.31.40.0-255,66,294091,77,421517
45698,0.039214,172.31.40.0-255,172,294263,77,421517
45699,0.039245,172.31.40.0-255,1119,295382,77,421517
45700,0.039299,172.31.40.0-255,1514,296896,77,421517
45701,0.0393,172.31.40.0-255,1514,298410,77,421517
45702,0.039301,172.31.40.0-255,1514,299924,77,421517
45703,0.039302,172.31.40.0-255,1056,300980,77,421517
45704,0.04074,104.244.42.0-255,66,301046,77,421517
45705,0.040784,104.244.42.0-255,66,301112,77,421517
45706,0.040832,104.244.42.0-255,66,301178,77,421517
45707,0.040836,104.244.42.0-255,66,301244,77,421517
45708,0.040867,74.125.24.0-255,5738,306982,77,421517
45709,0.040871,172.31.40.0-255,66,307048,77,421517
45710,0.043198,74.125.24.0-255,5738,312786,77,421517
45711,0.043216,172.31.40.0-255,66,312852,77,421517
45712,0.045533,74.125.24.0-255,5738,318590,77,421517
45713,0.045549,172.31.40.0-255,66,318656,77,421517
45714,0.047846,74.125.24.0-255,5738,324394,77,421517
45715,0.047869,172.31.40.0-255,66,324460,77,421517
45716,0.050169,74.125.24.0-255,5738,330198,77,421517
45717,0.050186,172.31.40.0-255,66,330264,77,421517
45718,0.052515,74.125.24.0-255,5738,336002,77,421517
45719,0.052532,172.31.40.0-255,66,336068,77,421517
45720,0.054857,74.125.24.0-255,5738,341806,77,421517
45721,0.054875,172.31.40.0-255,66,341872,77,421517
45722,0.057155,74.125.24.0-255,5738,347610,77,421517
45723,0.057169,172.31.40.0-255,66,347676,77,421517
45724,0.059479,74.125.24.0-255,5738,353414,77,421517
45725,0.059495,172.31.40.0-255,66,353480,77,421517
45726,0.061782,74.125.24.0-255,5738,359218,77,421517
45727,0.061799,172.31.40.0-255,66,359284,77,421517
45728,0.064172,74.125.24.0-255,5738,365022,77,421517
45729,0.064188,172.31.40.0-255,66,365088,77,421517
45730,0.066484,74.125.24.0-255,5738,370826,77,421517
45731,0.066508,172.31.40.0-255,66,370892,77,421517
45732,0.068842,74.125.24.0-255,5738,376630,77,421517
45733,0.068858,172.31.40.0-255,66,376696,77,421517
45734,0.071188,74.125.24.0-255,5738,382434,77,421517
45735,0.071205,172.31.40.0-255,66,382500,77,421517
45736,0.073516,74.125.24.0-255,5738,388238,77,421517
45737,0.073534,172.31.40.0-255,66,388304,77,421517
45738,0.075835,74.125.24.0-255,5738,394042,77,421517
45739,0.075853,172.31.40.0-255,66,394108,77,421517
45740,0.078179,74.125.24.0-255,5738,399846,77,421517
45741,0.078196,172.31.40.0-255,66,399912,77,421517
45742,0.080499,74.125.24.0-255,5738,405650,77,421517
45743,0.080513,172.31.40.0-255,66,405716,77,421517
45744,0.082788,74.125.24.0-255,5738,411454,77,421517
45745,0.082804,172.31.40.0-255,66,411520,77,421517
45746,0.085057,74.125.24.0-255,5738,417258,77,421517
45747,0.085071,172.31.40.0-255,66,417324,77,421517
45748,0.087379,74.125.24.0-255,3956,421280,77,421517
45749,0.087396,172.31.40.0-255,66,421346,77,421517
45750,0.087716,172.31.40.0-255,105,421451,77,421517
45751,0.094825,74.125.24.0-255,66,421517,77,421517
45752,0.0,74.125.130.0-255,151,151,77,388095
45753,1.4e-05,172.31.40.0-255,66,217,77,388095
45754,2.2e-05,74.125.130.0-255,1484,1701,77,388095
45755,2.6e-05,172.31.40.0-255,66,1767,77,388095
45756,2.9e-05,74.125.130.0-255,1484,3251,77,388095
45757,4.1e-05,172.31.40.0-255,66,3317,77,388095
45758,4.7e-05,74.125.130.0-255,2902,6219,77,388095
45759,5.1e-05,172.31.40.0-255,66,6285,77,388095
45760,5.5e-05,74.125.130.0-255,1484,7769,77,388095
45761,5.7e-05,172.31.40.0-255,66,7835,77,388095
45762,9.2e-05,74.125.130.0-255,4320,12155,77,388095
45763,9.6e-05,172.31.40.0-255,66,12221,77,388095
45764,0.0001,74.125.130.0-255,2067,14288,77,388095
45765,0.000103,172.31.40.0-255,66,14354,77,388095
45766,0.000154,74.125.130.0-255,1484,15838,77,388095
45767,0.000157,172.31.40.0-255,66,15904,77,388095
45768,0.000161,74.125.130.0-255,1484,17388,77,388095
45769,0.000163,172.31.40.0-255,66,17454,77,388095
45770,0.000188,74.125.130.0-255,1484,18938,77,388095
45771,0.00019,172.31.40.0-255,66,19004,77,388095
45772,0.000196,74.125.130.0-255,4320,23324,77,388095
45773,0.000198,172.31.40.0-255,66,23390,77,388095
45774,0.000209,74.125.130.0-255,5738,29128,77,388095
45775,0.000212,172.31.40.0-255,66,29194,77,388095
45776,0.000234,74.125.130.0-255,2543,31737,77,388095
45777,0.000236,172.31.40.0-255,66,31803,77,388095
45778,0.000352,74.125.130.0-255,1484,33287,77,388095
45779,0.000357,172.31.40.0-255,66,33353,77,388095
45780,0.000363,74.125.130.0-255,2902,36255,77,388095
45781,0.000365,172.31.40.0-255,66,36321,77,388095
45782,0.00037,74.125.130.0-255,2902,39223,77,388095
45783,0.000376,172.31.40.0-255,66,39289,77,388095
45784,0.000414,74.125.130.0-255,2902,42191,77,388095
45785,0.000421,74.125.130.0-255,4320,46511,77,388095
45786,0.000426,74.125.130.0-255,5379,51890,77,388095
45787,0.000451,74.125.130.0-255,9992,61882,77,388095
45788,0.000485,74.125.130.0-255,3961,65843,77,388095
45789,0.000551,172.31.40.0-255,66,65909,77,388095
45790,0.000623,74.125.130.0-255,361,66270,77,388095
45791,0.000735,74.125.130.0-255,383,66653,77,388095
45792,0.001101,172.31.40.0-255,66,66719,77,388095
45793,0.00116,74.125.130.0-255,1484,68203,77,388095
45794,0.001165,74.125.130.0-255,2902,71105,77,388095
45795,0.001168,172.31.40.0-255,66,71171,77,388095
45796,0.001174,74.125.130.0-255,4320,75491,77,388095
45797,0.001176,172.31.40.0-255,66,75557,77,388095
45798,0.001192,74.125.130.0-255,1484,77041,77,388095
45799,0.001197,74.125.130.0-255,4320,81361,77,388095
45800,0.001199,172.31.40.0-255,66,81427,77,388095
45801,0.001229,74.125.130.0-255,5738,87165,77,388095
45802,0.001231,172.31.40.0-255,66,87231,77,388095
45803,0.001266,74.125.130.0-255,8574,95805,77,388095
45804,0.001279,74.125.130.0-255,2902,98707,77,388095
45805,0.001282,74.125.130.0-255,2184,100891,77,388095
45806,0.001285,172.31.40.0-255,66,100957,77,388095
45807,0.00129,172.31.40.0-255,66,101023,77,388095
45808,0.002064,74.125.130.0-255,1484,102507,77,388095
45809,0.002075,74.125.130.0-255,2902,105409,77,388095
45810,0.00208,172.31.40.0-255,66,105475,77,388095
45811,0.002087,74.125.130.0-255,5738,111213,77,388095
45812,0.002089,172.31.40.0-255,66,111279,77,388095
45813,0.002129,74.125.130.0-255,12828,124107,77,388095
45814,0.002161,74.125.130.0-255,4320,128427,77,388095
45815,0.002186,74.125.130.0-255,6438,134865,77,388095
45816,0.004177,172.31.40.0-255,66,134931,77,388095
45817,0.006393,74.125.130.0-255,5738,140669,77,388095
45818,0.006398,172.31.40.0-255,66,140735,77,388095
45819,0.008615,74.125.130.0-255,5738,146473,77,388095
45820,0.008622,172.31.40.0-255,66,146539,77,388095
45821,0.01084,74.125.130.0-255,5738,152277,77,388095
45822,0.010848,172.31.40.0-255,66,152343,77,388095
45823,0.013076,74.125.130.0-255,5738,158081,77,388095
45824,0.013086,172.31.40.0-255,66,158147,77,388095
45825,0.015305,74.125.130.0-255,5738,163885,77,388095
45826,0.015314,172.31.40.0-255,66,163951,77,388095
45827,0.017542,74.125.130.0-255,5738,169689,77,388095
45828,0.01755,172.31.40.0-255,66,169755,77,388095
45829,0.01977,74.125.130.0-255,5738,175493,77,388095
45830,0.019777,172.31.40.0-255,66,175559,77,388095
45831,0.021988,74.125.130.0-255,5738,181297,77,388095
45832,0.021993,172.31.40.0-255,66,181363,77,388095
45833,0.024209,74.125.130.0-255,5738,187101,77,388095
45834,0.024217,172.31.40.0-255,66,187167,77,388095
45835,0.026431,74.125.130.0-255,5738,192905,77,388095
45836,0.026439,172.31.40.0-255,66,192971,77,388095
45837,0.028658,74.125.130.0-255,5738,198709,77,388095
45838,0.028666,172.31.40.0-255,66,198775,77,388095
45839,0.03089,74.125.130.0-255,5738,204513,77,388095
45840,0.030898,172.31.40.0-255,66,204579,77,388095
45841,0.033125,74.125.130.0-255,5738,210317,77,388095
45842,0.033132,172.31.40.0-255,66,210383,77,388095
45843,0.035345,74.125.130.0-255,5738,216121,77,388095
45844,0.035353,172.31.40.0-255,66,216187,77,388095
45845,0.037573,74.125.130.0-255,5738,221925,77,388095
45846,0.03758,172.31.40.0-255,66,221991,77,388095
45847,0.038215,172.31.40.0-255,172,222163,77,388095
45848,0.038245,172.31.40.0-255,1120,223283,77,388095
45849,0.03831,172.31.40.0-255,1514,224797,77,388095
45850,0.038312,172.31.40.0-255,1514,226311,77,388095
45851,0.038316,172.31.40.0-255,1514,227825,77,388095
45852,0.038317,172.31.40.0-255,1514,229339,77,388095
45853,0.038342,172.31.40.0-255,1514,230853,77,388095
45854,0.038343,172.31.40.0-255,270,231123,77,388095
45855,0.039772,104.244.42.0-255,66,231189,77,388095
45856,0.039796,74.125.130.0-255,5738,236927,77,388095
45857,0.039804,172.31.40.0-255,66,236993,77,388095
45858,0.039835,104.244.42.0-255,66,237059,77,388095
45859,0.039869,104.244.42.0-255,66,237125,77,388095
45860,0.039924,104.244.42.0-255,66,237191,77,388095
45861,0.042079,74.125.130.0-255,5738,242929,77,388095
45862,0.042086,172.31.40.0-255,66,242995,77,388095
45863,0.044319,74.125.130.0-255,5738,248733,77,388095
45864,0.044326,172.31.40.0-255,66,248799,77,388095
45865,0.04656,74.125.130.0-255,5738,254537,77,388095
45866,0.046566,172.31.40.0-255,66,254603,77,388095
45867,0.048816,74.125.130.0-255,5738,260341,77,388095
45868,0.048833,172.31.40.0-255,66,260407,77,388095
45869,0.05106,74.125.130.0-255,5738,266145,77,388095
45870,0.051078,172.31.40.0-255,66,266211,77,388095
45871,0.053296,74.125.130.0-255,5738,271949,77,388095
45872,0.053306,172.31.40.0-255,66,272015,77,388095
45873,0.055536,74.125.130.0-255,5738,277753,77,388095
45874,0.055551,172.31.40.0-255,66,277819,77,388095
45875,0.057776,74.125.130.0-255,5738,283557,77,388095
45876,0.057783,172.31.40.0-255,66,283623,77,388095
45877,0.060045,74.125.130.0-255,5738,289361,77,388095
45878,0.060053,172.31.40.0-255,66,289427,77,388095
45879,0.062303,74.125.130.0-255,5738,295165,77,388095
45880,0.06232,172.31.40.0-255,66,295231,77,388095
45881,0.064552,74.125.130.0-255,5738,300969,77,388095
45882,0.064568,172.31.40.0-255,66,301035,77,388095
45883,0.066828,74.125.130.0-255,5738,306773,77,388095
45884,0.066844,172.31.40.0-255,66,306839,77,388095
45885,0.069074,74.125.130.0-255,5738,312577,77,388095
45886,0.06909,172.31.40.0-255,66,312643,77,388095
45887,0.071332,74.125.130.0-255,5738,318381,77,388095
45888,0.071346,172.31.40.0-255,66,318447,77,388095
45889,0.073586,74.125.130.0-255,5738,324185,77,388095
45890,0.073603,172.31.40.0-255,66,324251,77,388095
45891,0.075828,74.125.130.0-255,5738,329989,77,388095
45892,0.075844,172.31.40.0-255,66,330055,77,388095
45893,0.078073,74.125.130.0-255,5738,335793,77,388095
45894,0.07809,172.31.40.0-255,66,335859,77,388095
45895,0.080313,74.125.130.0-255,5738,341597,77,388095
45896,0.080329,172.31.40.0-255,66,341663,77,388095
45897,0.082576,74.125.130.0-255,5738,347401,77,388095
45898,0.082592,172.31.40.0-255,66,347467,77,388095
45899,0.084829,74.125.130.0-255,5738,353205,77,388095
45900,0.084846,172.31.40.0-255,66,353271,77,388095
45901,0.087083,74.125.130.0-255,5738,359009,77,388095
45902,0.087096,172.31.40.0-255,66,359075,77,388095
45903,0.089315,74.125.130.0-255,5738,364813,77,388095
45904,0.089321,172.31.40.0-255,66,364879,77,388095
45905,0.091579,74.125.130.0-255,5738,370617,77,388095
45906,0.091587,172.31.40.0-255,66,370683,77,388095
45907,0.093833,74.125.130.0-255,5738,376421,77,388095
45908,0.093849,172.31.40.0-255,66,376487,77,388095
45909,0.096079,74.125.130.0-255,5738,382225,77,388095
45910,0.096095,172.31.40.0-255,66,382291,77,388095
45911,0.098338,74.125.130.0-255,5738,388029,77,388095
45912,0.098357,172.31.40.0-255,66,388095,77,388095
45913,0.0,172.217.27.0-255,147,147,77,382169
45914,1.7e-05,172.31.40.0-255,66,213,77,382169
45915,2.3e-05,172.217.27.0-255,1484,1697,77,382169
45916,2.8e-05,172.31.40.0-255,66,1763,77,382169
45917,3.4e-05,172.217.27.0-255,2902,4665,77,382169
45918,3.7e-05,172.31.40.0-255,66,4731,77,382169
45919,4.3e-05,172.217.27.0-255,5738,10469,77,382169
45920,4.6e-05,172.31.40.0-255,66,10535,77,382169
45921,6.6e-05,172.217.27.0-255,1484,12019,77,382169
45922,6.8e-05,172.31.40.0-255,66,12085,77,382169
45923,7.3e-05,172.217.27.0-255,2002,14087,77,382169
45924,7.4e-05,172.31.40.0-255,66,14153,77,382169
45925,9e-05,172.217.27.0-255,1484,15637,77,382169
45926,9.2e-05,172.31.40.0-255,66,15703,77,382169
45927,9.7e-05,172.217.27.0-255,2902,18605,77,382169
45928,9.9e-05,172.31.40.0-255,66,18671,77,382169
45929,0.000127,172.217.27.0-255,5738,24409,77,382169
45930,0.000129,172.31.40.0-255,66,24475,77,382169
45931,0.000148,172.217.27.0-255,2902,27377,77,382169
45932,0.00015,172.31.40.0-255,66,27443,77,382169
45933,0.000181,172.217.27.0-255,3961,31404,77,382169
45934,0.000184,172.31.40.0-255,66,31470,77,382169
45935,0.000198,172.217.27.0-255,1484,32954,77,382169
45936,0.0002,172.31.40.0-255,66,33020,77,382169
45937,0.000227,172.217.27.0-255,2902,35922,77,382169
45938,0.000231,172.31.40.0-255,66,35988,77,382169
45939,0.000237,172.217.27.0-255,5738,41726,77,382169
45940,0.000239,172.31.40.0-255,66,41792,77,382169
45941,0.000242,172.217.27.0-255,1484,43276,77,382169
45942,0.000244,172.31.40.0-255,66,43342,77,382169
45943,0.000266,172.217.27.0-255,5379,48721,77,382169
45944,0.000269,172.31.40.0-255,66,48787,77,382169
45945,0.000302,172.217.27.0-255,5738,54525,77,382169
45946,0.000305,172.31.40.0-255,66,54591,77,382169
45947,0.000331,172.217.27.0-255,5738,60329,77,382169
45948,0.000334,172.31.40.0-255,66,60395,77,382169
45949,0.000356,172.217.27.0-255,1484,61879,77,382169
45950,0.000362,172.217.27.0-255,3961,65840,77,382169
45951,0.000365,172.31.40.0-255,66,65906,77,382169
45952,0.000405,172.217.27.0-255,395,66301,77,382169
45953,0.000647,172.217.27.0-255,116,66417,77,382169
45954,0.000771,172.217.27.0-255,1484,67901,77,382169
45955,0.000776,172.31.40.0-255,66,67967,77,382169
45956,0.000782,172.217.27.0-255,2902,70869,77,382169
45957,0.000784,172.31.40.0-255,66,70935,77,382169
45958,0.000797,172.217.27.0-255,4320,75255,77,382169
45959,0.000801,172.31.40.0-255,66,75321,77,382169
45960,0.000816,172.217.27.0-255,1484,76805,77,382169
45961,0.000822,172.217.27.0-255,4320,81125,77,382169
45962,0.000824,172.31.40.0-255,66,81191,77,382169
45963,0.00083,172.217.27.0-255,5379,86570,77,382169
45964,0.000831,172.31.40.0-255,66,86636,77,382169
45965,0.000836,172.217.27.0-255,2902,89538,77,382169
45966,0.000837,172.31.40.0-255,66,89604,77,382169
45967,0.000868,172.217.27.0-255,8574,98178,77,382169
45968,0.000872,172.217.27.0-255,2543,100721,77,382169
45969,0.000879,172.31.40.0-255,66,100787,77,382169
45970,0.000882,172.31.40.0-255,66,100853,77,382169
45971,0.000884,172.217.27.0-255,331,101184,77,382169
45972,0.001268,172.31.40.0-255,66,101250,77,382169
45973,0.001359,172.217.27.0-255,1484,102734,77,382169
45974,0.001367,172.217.27.0-255,2902,105636,77,382169
45975,0.001369,172.31.40.0-255,66,105702,77,382169
45976,0.001392,172.217.27.0-255,5738,111440,77,382169
45977,0.001394,172.31.40.0-255,66,111506,77,382169
45978,0.001429,172.217.27.0-255,11410,122916,77,382169
45979,0.001431,172.31.40.0-255,66,122982,77,382169
45980,0.001448,172.217.27.0-255,1484,124466,77,382169
45981,0.001465,172.217.27.0-255,4320,128786,77,382169
45982,0.001467,172.31.40.0-255,66,128852,77,382169
45983,0.001485,172.217.27.0-255,6438,135290,77,382169
45984,0.001487,172.31.40.0-255,66,135356,77,382169
45985,0.002432,172.217.27.0-255,1484,136840,77,382169
45986,0.002438,172.217.27.0-255,1484,138324,77,382169
45987,0.002442,172.31.40.0-255,66,138390,77,382169
45988,0.002463,172.217.27.0-255,1484,139874,77,382169
45989,0.002469,172.217.27.0-255,5738,145612,77,382169
45990,0.002471,172.31.40.0-255,66,145678,77,382169
45991,0.002479,172.217.27.0-255,8574,154252,77,382169
45992,0.002481,172.31.40.0-255,66,154318,77,382169
45993,0.002485,172.217.27.0-255,4320,158638,77,382169
45994,0.002487,172.31.40.0-255,66,158704,77,382169
45995,0.002525,172.217.27.0-255,5738,164442,77,382169
45996,0.002527,172.31.40.0-255,66,164508,77,382169
45997,0.002547,172.217.27.0-255,5020,169528,77,382169
45998,0.002549,172.31.40.0-255,66,169594,77,382169
45999,0.002569,172.217.27.0-255,1484,171078,77,382169
46000,0.00259,172.217.27.0-255,2902,173980,77,382169
46001,0.002592,172.31.40.0-255,66,174046,77,382169
46002,0.002599,172.217.27.0-255,5738,179784,77,382169
46003,0.002601,172.31.40.0-255,66,179850,77,382169
46004,0.002623,172.217.27.0-255,9992,189842,77,382169
46005,0.002626,172.31.40.0-255,66,189908,77,382169
46006,0.002652,172.217.27.0-255,2902,192810,77,382169
46007,0.002654,172.31.40.0-255,66,192876,77,382169
46008,0.002662,172.217.27.0-255,8574,201450,77,382169
46009,0.002664,172.31.40.0-255,66,201516,77,382169
46010,0.002667,172.217.27.0-255,1484,203000,77,382169
46011,0.002728,172.31.40.0-255,66,203066,77,382169
46012,0.00274,172.217.27.0-255,12110,215176,77,382169
46013,0.002742,172.31.40.0-255,66,215242,77,382169
46014,0.002745,172.217.27.0-255,1484,216726,77,382169
46015,0.00275,172.217.27.0-255,2902,219628,77,382169
46016,0.002752,172.31.40.0-255,66,219694,77,382169
46017,0.002758,172.217.27.0-255,5738,225432,77,382169
46018,0.002761,172.31.40.0-255,66,225498,77,382169
46019,0.002826,172.217.27.0-255,12828,238326,77,382169
46020,0.002829,172.31.40.0-255,66,238392,77,382169
46021,0.002836,172.217.27.0-255,7156,245548,77,382169
46022,0.002839,172.31.40.0-255,66,245614,77,382169
46023,0.002843,172.217.27.0-255,3602,249216,77,382169
46024,0.002845,172.31.40.0-255,66,249282,77,382169
46025,0.002868,172.217.27.0-255,1484,250766,77,382169
46026,0.002881,172.217.27.0-255,2902,253668,77,382169
46027,0.002884,172.31.40.0-255,66,253734,77,382169
46028,0.002889,172.217.27.0-255,4320,258054,77,382169
46029,0.002891,172.31.40.0-255,66,258120,77,382169
46030,0.002916,172.217.27.0-255,8574,266694,77,382169
46031,0.002918,172.31.40.0-255,66,266760,77,382169
46032,0.002941,172.217.27.0-255,2902,269662,77,382169
46033,0.002943,172.31.40.0-255,66,269728,77,382169
46034,0.002977,172.217.27.0-255,13528,283256,77,382169
46035,0.00298,172.31.40.0-255,66,283322,77,382169
46036,0.003014,172.217.27.0-255,1484,284806,77,382169
46037,0.003033,172.217.27.0-255,2902,287708,77,382169
46038,0.003036,172.31.40.0-255,66,287774,77,382169
46039,0.003042,172.217.27.0-255,5738,293512,77,382169
46040,0.003044,172.31.40.0-255,66,293578,77,382169
46041,0.003049,172.217.27.0-255,2902,296480,77,382169
46042,0.003052,172.31.40.0-255,66,296546,77,382169
46043,0.003084,172.217.27.0-255,4320,300866,77,382169
46044,0.003088,172.31.40.0-255,66,300932,77,382169
46045,0.003102,172.31.40.0-255,66,300998,77,382169
46046,0.003106,172.217.27.0-255,2184,303182,77,382169
46047,0.003108,172.31.40.0-255,66,303248,77,382169
46048,0.003147,172.217.27.0-255,1484,304732,77,382169
46049,0.003151,172.217.27.0-255,2902,307634,77,382169
46050,0.003155,172.31.40.0-255,66,307700,77,382169
46051,0.003173,172.217.27.0-255,5738,313438,77,382169
46052,0.003177,172.31.40.0-255,66,313504,77,382169
46053,0.003202,172.217.27.0-255,11410,324914,77,382169
46054,0.003205,172.31.40.0-255,66,324980,77,382169
46055,0.003212,172.217.27.0-255,7156,332136,77,382169
46056,0.003214,172.31.40.0-255,66,332202,77,382169
46057,0.003237,172.217.27.0-255,5020,337222,77,382169
46058,0.00324,172.31.40.0-255,66,337288,77,382169
46059,0.003257,172.217.27.0-255,1484,338772,77,382169
46060,0.003261,172.217.27.0-255,1484,340256,77,382169
46061,0.003263,172.31.40.0-255,66,340322,77,382169
46062,0.003287,172.217.27.0-255,1484,341806,77,382169
46063,0.003293,172.217.27.0-255,5738,347544,77,382169
46064,0.003296,172.31.40.0-255,66,347610,77,382169
46065,0.0033,172.217.27.0-255,2902,350512,77,382169
46066,0.003303,172.31.40.0-255,66,350578,77,382169
46067,0.003309,172.217.27.0-255,5738,356316,77,382169
46068,0.003312,172.31.40.0-255,66,356382,77,382169
46069,0.003337,172.217.27.0-255,4320,360702,77,382169
46070,0.00334,172.31.40.0-255,66,360768,77,382169
46071,0.003349,172.217.27.0-255,9992,370760,77,382169
46072,0.003352,172.31.40.0-255,66,370826,77,382169
46073,0.003373,172.217.27.0-255,766,371592,77,382169
46074,0.003399,172.217.27.0-255,4320,375912,77,382169
46075,0.003403,172.31.40.0-255,66,375978,77,382169
46076,0.003424,172.217.27.0-255,4413,380391,77,382169
46077,0.003426,172.31.40.0-255,66,380457,77,382169
46078,0.003435,172.217.27.0-255,105,380562,77,382169
46079,0.00521,172.31.40.0-255,66,380628,77,382169
46080,0.005242,172.31.40.0-255,105,380733,77,382169
46081,0.00682,172.217.27.0-255,66,380799,77,382169
46082,0.035673,172.31.40.0-255,172,380971,77,382169
46083,0.035707,172.31.40.0-255,1066,382037,77,382169
46084,0.037199,104.244.42.0-255,66,382103,77,382169
46085,0.03723,104.244.42.0-255,66,382169,77,382169
46086,0.0,172.31.40.0-255,105,105,77,459
46087,0.000207,172.31.40.0-255,90,195,77,459
46088,0.000216,172.31.40.0-255,66,261,77,459
46089,0.00244,74.125.130.0-255,66,327,77,459
46090,0.00247,74.125.130.0-255,66,393,77,459
46091,0.002492,172.31.40.0-255,66,459,77,459
46092,0.0,172.31.40.0-255,105,105,77,276
46093,0.001843,157.240.13.0-255,105,210,77,276
46094,0.040705,172.31.40.0-255,66,276,77,276
46095,0.0,172.217.194.0-255,150,150,77,416387
46096,2.2e-05,172.31.40.0-255,66,216,77,416387
46097,2.8e-05,172.217.194.0-255,1484,1700,77,416387
46098,3.3e-05,172.31.40.0-255,66,1766,77,416387
46099,3.9e-05,172.217.194.0-255,2902,4668,77,416387
46100,5e-05,172.31.40.0-255,66,4734,77,416387
46101,5.7e-05,172.217.194.0-255,7156,11890,77,416387
46102,6e-05,172.31.40.0-255,66,11956,77,416387
46103,6.5e-05,172.217.194.0-255,3429,15385,77,416387
46104,6.8e-05,172.31.40.0-255,66,15451,77,416387
46105,7.4e-05,172.217.194.0-255,4320,19771,77,416387
46106,7.6e-05,172.31.40.0-255,66,19837,77,416387
46107,0.000117,172.217.194.0-255,8574,28411,77,416387
46108,0.00012,172.31.40.0-255,66,28477,77,416387
46109,0.000123,172.217.194.0-255,2543,31020,77,416387
46110,0.000125,172.31.40.0-255,66,31086,77,416387
46111,0.000156,172.217.194.0-255,1484,32570,77,416387
46112,0.000159,172.31.40.0-255,66,32636,77,416387
46113,0.000162,172.217.194.0-255,2902,35538,77,416387
46114,0.000165,172.31.40.0-255,66,35604,77,416387
46115,0.00017,172.217.194.0-255,5738,41342,77,416387
46116,0.000172,172.31.40.0-255,66,41408,77,416387
46117,0.000215,172.217.194.0-255,13887,55295,77,416387
46118,0.000218,172.31.40.0-255,66,55361,77,416387
46119,0.000221,172.217.194.0-255,1484,56845,77,416387
46120,0.000222,172.31.40.0-255,66,56911,77,416387
46121,0.000265,172.217.194.0-255,8504,65415,77,416387
46122,0.000267,172.31.40.0-255,66,65481,77,416387
46123,0.00027,172.217.194.0-255,366,65847,77,416387
46124,0.000271,172.31.40.0-255,66,65913,77,416387
46125,0.000354,172.217.194.0-255,1484,67397,77,416387
46126,0.000358,172.31.40.0-255,66,67463,77,416387
46127,0.000364,172.217.194.0-255,2902,70365,77,416387
46128,0.000367,172.31.40.0-255,66,70431,77,416387
46129,0.000404,172.217.194.0-255,5738,76169,77,416387
46130,0.000407,172.31.40.0-255,66,76235,77,416387
46131,0.000417,172.217.194.0-255,9084,85319,77,416387
46132,0.000419,172.31.40.0-255,66,85385,77,416387
46133,0.000453,172.217.194.0-255,2902,88287,77,416387
46134,0.000456,172.31.40.0-255,66,88353,77,416387
46135,0.000493,172.217.194.0-255,13887,102240,77,416387
46136,0.000496,172.31.40.0-255,66,102306,77,416387
46137,0.000531,172.217.194.0-255,13887,116193,77,416387
46138,0.000534,172.31.40.0-255,66,116259,77,416387
46139,0.000649,172.217.194.0-255,1484,117743,77,416387
46140,0.000654,172.217.194.0-255,1484,119227,77,416387
46141,0.000658,172.31.40.0-255,66,119293,77,416387
46142,0.000684,172.217.194.0-255,1484,120777,77,416387
46143,0.000691,172.217.194.0-255,5738,126515,77,416387
46144,0.000694,172.31.40.0-255,66,126581,77,416387
46145,0.000732,172.217.194.0-255,12828,139409,77,416387
46146,0.000735,172.31.40.0-255,66,139475,77,416387
46147,0.000745,172.217.194.0-255,10692,150167,77,416387
46148,0.000752,172.31.40.0-255,66,150233,77,416387
46149,0.000807,172.217.194.0-255,1484,151717,77,416387
46150,0.000812,172.217.194.0-255,2902,154619,77,416387
46151,0.000815,172.31.40.0-255,66,154685,77,416387
46152,0.000821,172.217.194.0-255,5738,160423,77,416387
46153,0.000824,172.31.40.0-255,66,160489,77,416387
46154,0.000837,172.217.194.0-255,9992,170481,77,416387
46155,0.00084,172.31.40.0-255,66,170547,77,416387
46156,0.00088,172.217.194.0-255,13528,184075,77,416387
46157,0.000883,172.31.40.0-255,66,184141,77,416387
46158,0.00091,172.217.194.0-255,1484,185625,77,416387
46159,0.000925,172.217.194.0-255,2902,188527,77,416387
46160,0.000927,172.31.40.0-255,66,188593,77,416387
46161,0.000954,172.217.194.0-255,5738,194331,77,416387
46162,0.000957,172.31.40.0-255,66,194397,77,416387
46163,0.000964,172.217.194.0-255,7156,201553,77,416387
46164,0.000967,172.31.40.0-255,66,201619,77,416387
46165,0.000999,172.217.194.0-255,5738,207357,77,416387
46166,0.001002,172.31.40.0-255,66,207423,77,416387
46167,0.001006,172.217.194.0-255,2902,210325,77,416387
46168,0.001008,172.31.40.0-255,66,210391,77,416387
46169,0.001041,172.217.194.0-255,7856,218247,77,416387
46170,0.001044,172.31.40.0-255,66,218313,77,416387
46171,0.00108,172.217.194.0-255,7156,225469,77,416387
46172,0.001083,172.31.40.0-255,66,225535,77,416387
46173,0.001116,172.217.194.0-255,1484,227019,77,416387
46174,0.00112,172.217.194.0-255,1484,228503,77,416387
46175,0.001122,172.31.40.0-255,66,228569,77,416387
46176,0.001133,172.217.194.0-255,11410,239979,77,416387
46177,0.001135,172.31.40.0-255,66,240045,77,416387
46178,0.001151,172.217.194.0-255,12110,252155,77,416387
46179,0.001154,172.31.40.0-255,66,252221,77,416387
46180,0.001166,172.217.194.0-255,8574,260795,77,416387
46181,0.001169,172.31.40.0-255,66,260861,77,416387
46182,0.0012,172.217.194.0-255,4320,265181,77,416387
46183,0.001202,172.31.40.0-255,66,265247,77,416387
46184,0.001208,172.217.194.0-255,3961,269208,77,416387
46185,0.001211,172.31.40.0-255,66,269274,77,416387
46186,0.001471,172.217.194.0-255,1484,270758,77,416387
46187,0.001478,172.217.194.0-255,2902,273660,77,416387
46188,0.001482,172.31.40.0-255,66,273726,77,416387
46189,0.001486,172.217.194.0-255,1484,275210,77,416387
46190,0.001517,172.217.194.0-255,4320,279530,77,416387
46191,0.001519,172.31.40.0-255,66,279596,77,416387
46192,0.001524,172.217.194.0-255,2902,282498,77,416387
46193,0.001527,172.31.40.0-255,66,282564,77,416387
46194,0.001557,172.217.194.0-255,9992,292556,77,416387
46195,0.00156,172.31.40.0-255,66,292622,77,416387
46196,0.001569,172.217.194.0-255,9992,302614,77,416387
46197,0.001571,172.31.40.0-255,66,302680,77,416387
46198,0.001595,172.217.194.0-255,766,303446,77,416387
46199,0.001723,172.217.194.0-255,1484,304930,77,416387
46200,0.001727,172.31.40.0-255,66,304996,77,416387
46201,0.00173,172.217.194.0-255,1484,306480,77,416387
46202,0.001751,172.217.194.0-255,1484,307964,77,416387
46203,0.001753,172.31.40.0-255,66,308030,77,416387
46204,0.001759,172.217.194.0-255,5738,313768,77,416387
46205,0.001761,172.31.40.0-255,66,313834,77,416387
46206,0.001798,172.217.194.0-255,9992,323826,77,416387
46207,0.001801,172.31.40.0-255,66,323892,77,416387
46208,0.001809,172.217.194.0-255,8574,332466,77,416387
46209,0.001811,172.31.40.0-255,66,332532,77,416387
46210,0.001838,172.217.194.0-255,5020,337552,77,416387
46211,0.001841,172.31.40.0-255,66,337618,77,416387
46212,0.002078,172.217.194.0-255,1484,339102,77,416387
46213,0.002082,172.217.194.0-255,1484,340586,77,416387
46214,0.002085,172.31.40.0-255,66,340652,77,416387
46215,0.002108,172.217.194.0-255,1484,342136,77,416387
46216,0.002114,172.217.194.0-255,5738,347874,77,416387
46217,0.002116,172.31.40.0-255,66,347940,77,416387
46218,0.00212,172.217.194.0-255,2902,350842,77,416387
46219,0.002121,172.31.40.0-255,66,350908,77,416387
46220,0.002151,172.217.194.0-255,7156,358064,77,416387
46221,0.002153,172.31.40.0-255,66,358130,77,416387
46222,0.002183,172.217.194.0-255,8574,366704,77,416387
46223,0.002188,172.31.40.0-255,66,366770,77,416387
46224,0.0022,172.217.194.0-255,5020,371790,77,416387
46225,0.002206,172.31.40.0-255,66,371856,77,416387
46226,0.004512,172.217.194.0-255,5738,377594,77,416387
46227,0.004519,172.31.40.0-255,66,377660,77,416387
46228,0.006794,172.217.194.0-255,5738,383398,77,416387
46229,0.006802,172.31.40.0-255,66,383464,77,416387
46230,0.009105,172.217.194.0-255,5738,389202,77,416387
46231,0.009122,172.31.40.0-255,66,389268,77,416387
46232,0.011404,172.217.194.0-255,5738,395006,77,416387
46233,0.01142,172.31.40.0-255,66,395072,77,416387
46234,0.013661,172.217.194.0-255,5738,400810,77,416387
46235,0.013665,172.31.40.0-255,66,400876,77,416387
46236,0.015974,172.217.194.0-255,5738,406614,77,416387
46237,0.015991,172.31.40.0-255,66,406680,77,416387
46238,0.018305,172.217.194.0-255,5738,412418,77,416387
46239,0.018321,172.31.40.0-255,66,412484,77,416387
46240,0.020568,172.217.194.0-255,473,412957,77,416387
46241,0.026038,172.31.40.0-255,66,413023,77,416387
46242,0.026089,172.31.40.0-255,105,413128,77,416387
46243,0.02832,172.217.194.0-255,66,413194,77,416387
46244,0.054221,172.31.40.0-255,172,413366,77,416387
46245,0.054256,172.31.40.0-255,1116,414482,77,416387
46246,0.054317,172.31.40.0-255,1514,415996,77,416387
46247,0.054319,172.31.40.0-255,325,416321,77,416387
46248,0.05649,104.244.42.0-255,66,416387,77,416387
46249,0.0,172.217.194.0-255,296,296,77,414958
46250,1.8e-05,172.31.40.0-255,66,362,77,414958
46251,2.4e-05,172.217.194.0-255,1484,1846,77,414958
46252,2.8e-05,172.31.40.0-255,66,1912,77,414958
46253,3.5e-05,172.217.194.0-255,4320,6232,77,414958
46254,4.4e-05,172.31.40.0-255,66,6298,77,414958
46255,8.2e-05,172.217.194.0-255,7536,13834,77,414958
46256,8.5e-05,172.31.40.0-255,66,13900,77,414958
46257,0.000102,172.217.194.0-255,4320,18220,77,414958
46258,0.000107,172.31.40.0-255,66,18286,77,414958
46259,0.000131,172.217.194.0-255,4320,22606,77,414958
46260,0.000134,172.31.40.0-255,66,22672,77,414958
46261,0.000137,172.217.194.0-255,2902,25574,77,414958
46262,0.000139,172.31.40.0-255,66,25640,77,414958
46263,0.000161,172.217.194.0-255,5379,31019,77,414958
46264,0.000167,172.31.40.0-255,66,31085,77,414958
46265,0.000206,172.217.194.0-255,1484,32569,77,414958
46266,0.000208,172.31.40.0-255,66,32635,77,414958
46267,0.000221,172.217.194.0-255,2902,35537,77,414958
46268,0.000223,172.31.40.0-255,66,35603,77,414958
46269,0.000229,172.217.194.0-255,4320,39923,77,414958
46270,0.000234,172.31.40.0-255,66,39989,77,414958
46271,0.000258,172.217.194.0-255,1484,41473,77,414958
46272,0.000259,172.31.40.0-255,66,41539,77,414958
46273,0.000274,172.217.194.0-255,13887,55426,77,414958
46274,0.000277,172.31.40.0-255,66,55492,77,414958
46275,0.000285,172.217.194.0-255,9890,65382,77,414958
46276,0.000287,172.31.40.0-255,66,65448,77,414958
46277,0.00029,172.217.194.0-255,120,65568,77,414958
46278,0.000291,172.31.40.0-255,66,65634,77,414958
46279,0.000315,172.217.194.0-255,375,66009,77,414958
46280,0.000317,172.31.40.0-255,66,66075,77,414958
46281,0.000675,172.217.194.0-255,1484,67559,77,414958
46282,0.000681,172.217.194.0-255,2902,70461,77,414958
46283,0.000684,172.31.40.0-255,66,70527,77,414958
46284,0.000718,172.217.194.0-255,5738,76265,77,414958
46285,0.000721,172.31.40.0-255,66,76331,77,414958
46286,0.000731,172.217.194.0-255,12828,89159,77,414958
46287,0.000733,172.31.40.0-255,66,89225,77,414958
46288,0.000744,172.217.194.0-255,8574,97799,77,414958
46289,0.000746,172.31.40.0-255,66,97865,77,414958
46290,0.000772,172.217.194.0-255,2184,100049,77,414958
46291,0.000774,172.31.40.0-255,66,100115,77,414958
46292,0.001441,172.217.194.0-255,1484,101599,77,414958
46293,0.00145,172.217.194.0-255,2902,104501,77,414958
46294,0.001454,172.31.40.0-255,66,104567,77,414958
46295,0.001461,172.217.194.0-255,5738,110305,77,414958
46296,0.001463,172.31.40.0-255,66,110371,77,414958
46297,0.001489,172.217.194.0-255,9992,120363,77,414958
46298,0.001492,172.31.40.0-255,66,120429,77,414958
46299,0.001521,172.217.194.0-255,2902,123331,77,414958
46300,0.001523,172.31.40.0-255,66,123397,77,414958
46301,0.001527,172.217.194.0-255,1484,124881,77,414958
46302,0.001554,172.217.194.0-255,9274,134155,77,414958
46303,0.001557,172.31.40.0-255,66,134221,77,414958
46304,0.003505,172.217.194.0-255,5738,139959,77,414958
46305,0.003511,172.31.40.0-255,66,140025,77,414958
46306,0.005429,172.217.194.0-255,5738,145763,77,414958
46307,0.005431,172.31.40.0-255,66,145829,77,414958
46308,0.007408,172.217.194.0-255,5738,151567,77,414958
46309,0.007414,172.31.40.0-255,66,151633,77,414958
46310,0.009336,172.217.194.0-255,5738,157371,77,414958
46311,0.009345,172.31.40.0-255,66,157437,77,414958
46312,0.011277,172.217.194.0-255,5738,163175,77,414958
46313,0.011286,172.31.40.0-255,66,163241,77,414958
46314,0.011558,172.31.40.0-255,101,163342,77,414958
46315,0.013222,172.217.194.0-255,5738,169080,77,414958
46316,0.013228,172.31.40.0-255,66,169146,77,414958
46317,0.013451,172.217.194.0-255,66,169212,77,414958
46318,0.015166,172.217.194.0-255,5738,174950,77,414958
46319,0.015174,172.31.40.0-255,66,175016,77,414958
46320,0.01715,172.217.194.0-255,4320,179336,77,414958
46321,0.017159,172.31.40.0-255,66,179402,77,414958
46322,0.01719,172.217.194.0-255,1484,180886,77,414958
46323,0.019089,172.217.194.0-255,4320,185206,77,414958
46324,0.019096,172.31.40.0-255,66,185272,77,414958
46325,0.021062,172.217.194.0-255,5738,191010,77,414958
46326,0.02107,172.31.40.0-255,66,191076,77,414958
46327,0.02299,172.217.194.0-255,5738,196814,77,414958
46328,0.022997,172.31.40.0-255,66,196880,77,414958
46329,0.024979,172.217.194.0-255,5738,202618,77,414958
46330,0.024987,172.31.40.0-255,66,202684,77,414958
46331,0.026975,172.217.194.0-255,5738,208422,77,414958
46332,0.026983,172.31.40.0-255,66,208488,77,414958
46333,0.028958,172.217.194.0-255,5738,214226,77,414958
46334,0.028967,172.31.40.0-255,66,214292,77,414958
46335,0.030733,172.31.40.0-255,172,214464,77,414958
46336,0.030766,172.31.40.0-255,562,215026,77,414958
46337,0.030933,172.217.194.0-255,5738,220764,77,414958
46338,0.03094,172.31.40.0-255,66,220830,77,414958
46339,0.032939,172.217.194.0-255,5738,226568,77,414958
46340,0.032946,172.31.40.0-255,66,226634,77,414958
46341,0.033176,104.244.42.0-255,66,226700,77,414958
46342,0.034936,172.217.194.0-255,5738,232438,77,414958
46343,0.034943,172.31.40.0-255,66,232504,77,414958
46344,0.036881,172.217.194.0-255,5738,238242,77,414958
46345,0.036889,172.31.40.0-255,66,238308,77,414958
46346,0.038836,172.217.194.0-255,5738,244046,77,414958
46347,0.038843,172.31.40.0-255,66,244112,77,414958
46348,0.040817,172.217.194.0-255,5738,249850,77,414958
46349,0.040822,172.31.40.0-255,66,249916,77,414958
46350,0.042793,172.217.194.0-255,5738,255654,77,414958
46351,0.042799,172.31.40.0-255,66,255720,77,414958
46352,0.044762,172.217.194.0-255,5738,261458,77,414958
46353,0.04478,172.31.40.0-255,66,261524,77,414958
46354,0.046728,172.217.194.0-255,5738,267262,77,414958
46355,0.04674,172.31.40.0-255,66,267328,77,414958
46356,0.048666,172.217.194.0-255,5738,273066,77,414958
46357,0.048675,172.31.40.0-255,66,273132,77,414958
46358,0.050679,172.217.194.0-255,5738,278870,77,414958
46359,0.050695,172.31.40.0-255,66,278936,77,414958
46360,0.052708,172.217.194.0-255,5738,284674,77,414958
46361,0.052722,172.31.40.0-255,66,284740,77,414958
46362,0.054684,172.217.194.0-255,5738,290478,77,414958
46363,0.054695,172.31.40.0-255,66,290544,77,414958
46364,0.056672,172.217.194.0-255,5738,296282,77,414958
46365,0.056691,172.31.40.0-255,66,296348,77,414958
46366,0.058659,172.217.194.0-255,5738,302086,77,414958
46367,0.058671,172.31.40.0-255,66,302152,77,414958
46368,0.060659,172.217.194.0-255,5738,307890,77,414958
46369,0.060673,172.31.40.0-255,66,307956,77,414958
46370,0.062613,172.217.194.0-255,5738,313694,77,414958
46371,0.062624,172.31.40.0-255,66,313760,77,414958
46372,0.064586,172.217.194.0-255,5738,319498,77,414958
46373,0.064599,172.31.40.0-255,66,319564,77,414958
46374,0.066623,172.217.194.0-255,5738,325302,77,414958
46375,0.066638,172.31.40.0-255,66,325368,77,414958
46376,0.068557,172.217.194.0-255,5738,331106,77,414958
46377,0.068571,172.31.40.0-255,66,331172,77,414958
46378,0.070523,172.217.194.0-255,5738,336910,77,414958
46379,0.070534,172.31.40.0-255,66,336976,77,414958
46380,0.072533,172.217.194.0-255,5738,342714,77,414958
46381,0.072549,172.31.40.0-255,66,342780,77,414958
46382,0.074535,172.217.194.0-255,5738,348518,77,414958
46383,0.07455,172.31.40.0-255,66,348584,77,414958
46384,0.076484,172.217.194.0-255,5738,354322,77,414958
46385,0.076498,172.31.40.0-255,66,354388,77,414958
46386,0.078446,172.217.194.0-255,5738,360126,77,414958
46387,0.078463,172.31.40.0-255,66,360192,77,414958
46388,0.080425,172.217.194.0-255,5738,365930,77,414958
46389,0.080438,172.31.40.0-255,66,365996,77,414958
46390,0.082395,172.217.194.0-255,5738,371734,77,414958
46391,0.082411,172.31.40.0-255,66,371800,77,414958
46392,0.084363,172.217.194.0-255,5738,377538,77,414958
46393,0.084377,172.31.40.0-255,66,377604,77,414958
46394,0.086372,172.217.194.0-255,5738,383342,77,414958
46395,0.086385,172.31.40.0-255,66,383408,77,414958
46396,0.088305,172.217.194.0-255,5738,389146,77,414958
46397,0.088314,172.31.40.0-255,66,389212,77,414958
46398,0.090297,172.217.194.0-255,5738,394950,77,414958
46399,0.090313,172.31.40.0-255,66,395016,77,414958
46400,0.092236,172.217.194.0-255,5738,400754,77,414958
46401,0.092248,172.31.40.0-255,66,400820,77,414958
46402,0.09421,172.217.194.0-255,5738,406558,77,414958
46403,0.094225,172.31.40.0-255,66,406624,77,414958
46404,0.096189,172.217.194.0-255,5738,412362,77,414958
46405,0.096203,172.31.40.0-255,66,412428,77,414958
46406,0.098181,172.217.194.0-255,2359,414787,77,414958
46407,0.098195,172.31.40.0-255,66,414853,77,414958
46408,0.098442,172.31.40.0-255,105,414958,77,414958
46409,0.0,172.253.118.0-255,150,150,77,406698
46410,2.4e-05,172.31.40.0-255,66,216,77,406698
46411,3.2e-05,172.253.118.0-255,1484,1700,77,406698
46412,3.6e-05,172.31.40.0-255,66,1766,77,406698
46413,4.2e-05,172.253.118.0-255,2902,4668,77,406698
46414,4.6e-05,172.31.40.0-255,66,4734,77,406698
46415,6.2e-05,172.253.118.0-255,7156,11890,77,406698
46416,6.5e-05,172.31.40.0-255,66,11956,77,406698
46417,9.4e-05,172.253.118.0-255,2100,14056,77,406698
46418,9.7e-05,172.31.40.0-255,66,14122,77,406698
46419,0.0001,172.253.118.0-255,1484,15606,77,406698
46420,0.000103,172.31.40.0-255,66,15672,77,406698
46421,0.00013,172.253.118.0-255,1484,17156,77,406698
46422,0.000133,172.31.40.0-255,66,17222,77,406698
46423,0.00014,172.253.118.0-255,7156,24378,77,406698
46424,0.000143,172.31.40.0-255,66,24444,77,406698
46425,0.000151,172.253.118.0-255,2902,27346,77,406698
46426,0.000154,172.31.40.0-255,66,27412,77,406698
46427,0.000181,172.253.118.0-255,3961,31373,77,406698
46428,0.000188,172.31.40.0-255,66,31439,77,406698
46429,0.000268,172.253.118.0-255,1484,32923,77,406698
46430,0.00027,172.31.40.0-255,66,32989,77,406698
46431,0.000283,172.253.118.0-255,1484,34473,77,406698
46432,0.000291,172.31.40.0-255,66,34539,77,406698
46433,0.00032,172.253.118.0-255,1484,36023,77,406698
46434,0.000323,172.31.40.0-255,66,36089,77,406698
46435,0.00033,172.253.118.0-255,5738,41827,77,406698
46436,0.000332,172.31.40.0-255,66,41893,77,406698
46437,0.000343,172.253.118.0-255,5738,47631,77,406698
46438,0.000345,172.31.40.0-255,66,47697,77,406698
46439,0.000377,172.253.118.0-255,8215,55912,77,406698
46440,0.00038,172.31.40.0-255,66,55978,77,406698
46441,0.000387,172.253.118.0-255,7156,63134,77,406698
46442,0.000389,172.31.40.0-255,66,63200,77,406698
46443,0.000392,172.253.118.0-255,1484,64684,77,406698
46444,0.000421,172.253.118.0-255,1459,66143,77,406698
46445,0.000424,172.31.40.0-255,66,66209,77,406698
46446,0.000431,172.253.118.0-255,112,66321,77,406698
46447,0.000451,172.253.118.0-255,329,66650,77,406698
46448,0.000826,172.253.118.0-255,1484,68134,77,406698
46449,0.000832,172.31.40.0-255,66,68200,77,406698
46450,0.000836,172.253.118.0-255,1484,69684,77,406698
46451,0.000859,172.253.118.0-255,1484,71168,77,406698
46452,0.000862,172.31.40.0-255,66,71234,77,406698
46453,0.000865,172.253.118.0-255,1484,72718,77,406698
46454,0.000871,172.253.118.0-255,4320,77038,77,406698
46455,0.000873,172.31.40.0-255,66,77104,77,406698
46456,0.0009,172.253.118.0-255,1484,78588,77,406698
46457,0.000907,172.253.118.0-255,7156,85744,77,406698
46458,0.00091,172.31.40.0-255,66,85810,77,406698
46459,0.000943,172.253.118.0-255,1484,87294,77,406698
46460,0.000961,172.253.118.0-255,2902,90196,77,406698
46461,0.000964,172.31.40.0-255,66,90262,77,406698
46462,0.000971,172.253.118.0-255,5738,96000,77,406698
46463,0.000973,172.31.40.0-255,66,96066,77,406698
46464,0.001004,172.253.118.0-255,5020,101086,77,406698
46465,0.001007,172.31.40.0-255,66,101152,77,406698
46466,0.001104,172.253.118.0-255,1484,102636,77,406698
46467,0.00112,172.253.118.0-255,2902,105538,77,406698
46468,0.001123,172.31.40.0-255,66,105604,77,406698
46469,0.001131,172.253.118.0-255,5738,111342,77,406698
46470,0.001133,172.31.40.0-255,66,111408,77,406698
46471,0.001161,172.253.118.0-255,5738,117146,77,406698
46472,0.001164,172.31.40.0-255,66,117212,77,406698
46473,0.001171,172.253.118.0-255,7156,124368,77,406698
46474,0.001173,172.31.40.0-255,66,124434,77,406698
46475,0.001229,172.253.118.0-255,10692,135126,77,406698
46476,0.001232,172.31.40.0-255,66,135192,77,406698
46477,0.001312,172.253.118.0-255,1484,136676,77,406698
46478,0.001317,172.253.118.0-255,2902,139578,77,406698
46479,0.00132,172.31.40.0-255,66,139644,77,406698
46480,0.001326,172.253.118.0-255,4320,143964,77,406698
46481,0.001329,172.31.40.0-255,66,144030,77,406698
46482,0.001353,172.253.118.0-255,1484,145514,77,406698
46483,0.001362,172.253.118.0-255,8574,154088,77,406698
46484,0.001364,172.31.40.0-255,66,154154,77,406698
46485,0.001369,172.253.118.0-255,2902,157056,77,406698
46486,0.001371,172.31.40.0-255,66,157122,77,406698
46487,0.001396,172.253.118.0-255,7156,164278,77,406698
46488,0.001403,172.31.40.0-255,66,164344,77,406698
46489,0.001409,172.253.118.0-255,5020,169364,77,406698
46490,0.001412,172.31.40.0-255,66,169430,77,406698
46491,0.001615,172.253.118.0-255,1484,170914,77,406698
46492,0.001621,172.253.118.0-255,2902,173816,77,406698
46493,0.001624,172.31.40.0-255,66,173882,77,406698
46494,0.001665,172.253.118.0-255,5738,179620,77,406698
46495,0.001668,172.31.40.0-255,66,179686,77,406698
46496,0.001676,172.253.118.0-255,8574,188260,77,406698
46497,0.001684,172.31.40.0-255,66,188326,77,406698
46498,0.001719,172.253.118.0-255,12828,201154,77,406698
46499,0.001723,172.31.40.0-255,66,201220,77,406698
46500,0.001749,172.253.118.0-255,2184,203404,77,406698
46501,0.001752,172.31.40.0-255,66,203470,77,406698
46502,0.001911,172.253.118.0-255,1484,204954,77,406698
46503,0.001941,172.253.118.0-255,2902,207856,77,406698
46504,0.001944,172.31.40.0-255,66,207922,77,406698
46505,0.001948,172.253.118.0-255,1484,209406,77,406698
46506,0.001974,172.253.118.0-255,2902,212308,77,406698
46507,0.001976,172.31.40.0-255,66,212374,77,406698
46508,0.001985,172.253.118.0-255,8574,220948,77,406698
46509,0.001993,172.31.40.0-255,66,221014,77,406698
46510,0.002016,172.253.118.0-255,1484,222498,77,406698
46511,0.002042,172.253.118.0-255,8574,231072,77,406698
46512,0.002046,172.31.40.0-255,66,231138,77,406698
46513,0.002074,172.253.118.0-255,6438,237576,77,406698
46514,0.002077,172.31.40.0-255,66,237642,77,406698
46515,0.00211,172.253.118.0-255,1484,239126,77,406698
46516,0.002132,172.253.118.0-255,2902,242028,77,406698
46517,0.002149,172.31.40.0-255,66,242094,77,406698
46518,0.002156,172.253.118.0-255,5738,247832,77,406698
46519,0.002159,172.31.40.0-255,66,247898,77,406698
46520,0.002176,172.253.118.0-255,5738,253636,77,406698
46521,0.002178,172.31.40.0-255,66,253702,77,406698
46522,0.002197,172.253.118.0-255,7156,260858,77,406698
46523,0.002203,172.31.40.0-255,66,260924,77,406698
46524,0.00221,172.253.118.0-255,7156,268080,77,406698
46525,0.002212,172.31.40.0-255,66,268146,77,406698
46526,0.002248,172.253.118.0-255,6438,274584,77,406698
46527,0.002251,172.31.40.0-255,66,274650,77,406698
46528,0.002262,172.253.118.0-255,11410,286060,77,406698
46529,0.002264,172.31.40.0-255,66,286126,77,406698
46530,0.00227,172.253.118.0-255,5738,291864,77,406698
46531,0.002274,172.31.40.0-255,66,291930,77,406698
46532,0.002321,172.31.40.0-255,66,291996,77,406698
46533,0.004551,172.253.118.0-255,5738,297734,77,406698
46534,0.004569,172.31.40.0-255,66,297800,77,406698
46535,0.006808,172.253.118.0-255,5738,303538,77,406698
46536,0.006815,172.31.40.0-255,66,303604,77,406698
46537,0.009054,172.253.118.0-255,5738,309342,77,406698
46538,0.009067,172.31.40.0-255,66,309408,77,406698
46539,0.011291,172.253.118.0-255,5738,315146,77,406698
46540,0.011296,172.31.40.0-255,66,315212,77,406698
46541,0.013536,172.253.118.0-255,5738,320950,77,406698
46542,0.013543,172.31.40.0-255,66,321016,77,406698
46543,0.015768,172.253.118.0-255,5738,326754,77,406698
46544,0.015776,172.31.40.0-255,66,326820,77,406698
46545,0.018013,172.253.118.0-255,5738,332558,77,406698
46546,0.01802,172.31.40.0-255,66,332624,77,406698
46547,0.020248,172.253.118.0-255,5738,338362,77,406698
46548,0.020254,172.31.40.0-255,66,338428,77,406698
46549,0.022502,172.253.118.0-255,5738,344166,77,406698
46550,0.022511,172.31.40.0-255,66,344232,77,406698
46551,0.024751,172.253.118.0-255,5738,349970,77,406698
46552,0.024762,172.31.40.0-255,66,350036,77,406698
46553,0.026988,172.253.118.0-255,5738,355774,77,406698
46554,0.026995,172.31.40.0-255,66,355840,77,406698
46555,0.029233,172.253.118.0-255,5738,361578,77,406698
46556,0.029241,172.31.40.0-255,66,361644,77,406698
46557,0.03147,172.253.118.0-255,5738,367382,77,406698
46558,0.031476,172.31.40.0-255,66,367448,77,406698
46559,0.033683,172.253.118.0-255,5738,373186,77,406698
46560,0.03369,172.31.40.0-255,66,373252,77,406698
46561,0.035935,172.253.118.0-255,5738,378990,77,406698
46562,0.035956,172.31.40.0-255,66,379056,77,406698
46563,0.038192,172.253.118.0-255,5738,384794,77,406698
46564,0.038201,172.31.40.0-255,66,384860,77,406698
46565,0.040448,172.253.118.0-255,5738,390598,77,406698
46566,0.040463,172.31.40.0-255,66,390664,77,406698
46567,0.04269,172.253.118.0-255,5738,396402,77,406698
46568,0.042699,172.31.40.0-255,66,396468,77,406698
46569,0.044942,172.253.118.0-255,901,397369,77,406698
46570,0.045177,172.31.40.0-255,66,397435,77,406698
46571,0.045209,172.31.40.0-255,105,397540,77,406698
46572,0.047464,172.253.118.0-255,66,397606,77,406698
46573,0.066585,172.31.40.0-255,172,397778,77,406698
46574,0.066619,172.31.40.0-255,1121,398899,77,406698
46575,0.066708,172.31.40.0-255,1514,400413,77,406698
46576,0.066729,172.31.40.0-255,1514,401927,77,406698
46577,0.066731,172.31.40.0-255,1514,403441,77,406698
46578,0.066749,172.31.40.0-255,1514,404955,77,406698
46579,0.066753,172.31.40.0-255,1479,406434,77,406698
46580,0.068106,104.244.42.0-255,66,406500,77,406698
46581,0.068147,104.244.42.0-255,66,406566,77,406698
46582,0.068247,104.244.42.0-255,66,406632,77,406698
46583,0.068288,104.244.42.0-255,66,406698,77,406698
46584,0.0,74.125.24.0-255,152,152,77,382954
46585,2.4e-05,172.31.40.0-255,66,218,77,382954
46586,3.2e-05,74.125.24.0-255,1484,1702,77,382954
46587,3.7e-05,172.31.40.0-255,66,1768,77,382954
46588,4.2e-05,74.125.24.0-255,2902,4670,77,382954
46589,4.6e-05,172.31.40.0-255,66,4736,77,382954
46590,5.4e-05,74.125.24.0-255,7156,11892,77,382954
46591,5.7e-05,172.31.40.0-255,66,11958,77,382954
46592,6.1e-05,74.125.24.0-255,1999,13957,77,382954
46593,6.5e-05,172.31.40.0-255,66,14023,77,382954
46594,0.00034,74.125.24.0-255,1484,15507,77,382954
46595,0.000345,172.31.40.0-255,66,15573,77,382954
46596,0.000352,74.125.24.0-255,2902,18475,77,382954
46597,0.000356,172.31.40.0-255,66,18541,77,382954
46598,0.000362,74.125.24.0-255,5738,24279,77,382954
46599,0.000364,172.31.40.0-255,66,24345,77,382954
46600,0.000372,74.125.24.0-255,6797,31142,77,382954
46601,0.000374,172.31.40.0-255,66,31208,77,382954
46602,0.000397,74.125.24.0-255,1484,32692,77,382954
46603,0.0004,172.31.40.0-255,66,32758,77,382954
46604,0.000431,74.125.24.0-255,12828,45586,77,382954
46605,0.000435,172.31.40.0-255,66,45652,77,382954
46606,0.000439,74.125.24.0-255,2543,48195,77,382954
46607,0.000441,172.31.40.0-255,66,48261,77,382954
46608,0.00048,74.125.24.0-255,7156,55417,77,382954
46609,0.000484,172.31.40.0-255,66,55483,77,382954
46610,0.000508,74.125.24.0-255,9633,65116,77,382954
46611,0.000512,172.31.40.0-255,66,65182,77,382954
46612,0.000514,74.125.24.0-255,395,65577,77,382954
46613,0.000516,172.31.40.0-255,66,65643,77,382954
46614,0.000548,74.125.24.0-255,114,65757,77,382954
46615,0.000551,172.31.40.0-255,66,65823,77,382954
46616,0.000694,74.125.24.0-255,331,66154,77,382954
46617,0.001097,172.31.40.0-255,66,66220,77,382954
46618,0.00129,74.125.24.0-255,1484,67704,77,382954
46619,0.0013,74.125.24.0-255,2902,70606,77,382954
46620,0.001305,172.31.40.0-255,66,70672,77,382954
46621,0.001313,74.125.24.0-255,5738,76410,77,382954
46622,0.001315,172.31.40.0-255,66,76476,77,382954
46623,0.00135,74.125.24.0-255,5738,82214,77,382954
46624,0.001353,172.31.40.0-255,66,82280,77,382954
46625,0.001362,74.125.24.0-255,7156,89436,77,382954
46626,0.001364,172.31.40.0-255,66,89502,77,382954
46627,0.001389,74.125.24.0-255,2902,92404,77,382954
46628,0.001392,172.31.40.0-255,66,92470,77,382954
46629,0.001409,74.125.24.0-255,7856,100326,77,382954
46630,0.001412,172.31.40.0-255,66,100392,77,382954
46631,0.003403,74.125.24.0-255,5738,106130,77,382954
46632,0.00341,172.31.40.0-255,66,106196,77,382954
46633,0.005417,74.125.24.0-255,5738,111934,77,382954
46634,0.005424,172.31.40.0-255,66,112000,77,382954
46635,0.007437,74.125.24.0-255,5738,117738,77,382954
46636,0.007443,172.31.40.0-255,66,117804,77,382954
46637,0.009453,74.125.24.0-255,5738,123542,77,382954
46638,0.00946,172.31.40.0-255,66,123608,77,382954
46639,0.011446,74.125.24.0-255,5738,129346,77,382954
46640,0.011454,172.31.40.0-255,66,129412,77,382954
46641,0.013464,74.125.24.0-255,5738,135150,77,382954
46642,0.013472,172.31.40.0-255,66,135216,77,382954
46643,0.015487,74.125.24.0-255,5738,140954,77,382954
46644,0.015495,172.31.40.0-255,66,141020,77,382954
46645,0.017504,74.125.24.0-255,5738,146758,77,382954
46646,0.017513,172.31.40.0-255,66,146824,77,382954
46647,0.019537,74.125.24.0-255,5738,152562,77,382954
46648,0.019546,172.31.40.0-255,66,152628,77,382954
46649,0.021565,74.125.24.0-255,5738,158366,77,382954
46650,0.021578,172.31.40.0-255,66,158432,77,382954
46651,0.023578,74.125.24.0-255,5738,164170,77,382954
46652,0.023584,172.31.40.0-255,66,164236,77,382954
46653,0.025574,74.125.24.0-255,5738,169974,77,382954
46654,0.025581,172.31.40.0-255,66,170040,77,382954
46655,0.02757,74.125.24.0-255,5738,175778,77,382954
46656,0.027577,172.31.40.0-255,66,175844,77,382954
46657,0.029574,74.125.24.0-255,5738,181582,77,382954
46658,0.029581,172.31.40.0-255,66,181648,77,382954
46659,0.031572,74.125.24.0-255,5738,187386,77,382954
46660,0.03158,172.31.40.0-255,66,187452,77,382954
46661,0.033592,74.125.24.0-255,5738,193190,77,382954
46662,0.033599,172.31.40.0-255,66,193256,77,382954
46663,0.035591,74.125.24.0-255,5738,198994,77,382954
46664,0.0356,172.31.40.0-255,66,199060,77,382954
46665,0.037601,74.125.24.0-255,5738,204798,77,382954
46666,0.037609,172.31.40.0-255,66,204864,77,382954
46667,0.039171,172.31.40.0-255,172,205036,77,382954
46668,0.0392,172.31.40.0-255,1119,206155,77,382954
46669,0.03927,172.31.40.0-255,1514,207669,77,382954
46670,0.039272,172.31.40.0-255,1514,209183,77,382954
46671,0.039274,172.31.40.0-255,1514,210697,77,382954
46672,0.039275,172.31.40.0-255,1514,212211,77,382954
46673,0.039304,172.31.40.0-255,1503,213714,77,382954
46674,0.039606,74.125.24.0-255,5738,219452,77,382954
46675,0.039614,172.31.40.0-255,66,219518,77,382954
46676,0.040699,104.244.42.0-255,66,219584,77,382954
46677,0.040708,104.244.42.0-255,66,219650,77,382954
46678,0.040811,104.244.42.0-255,66,219716,77,382954
46679,0.04086,104.244.42.0-255,66,219782,77,382954
46680,0.041625,74.125.24.0-255,5738,225520,77,382954
46681,0.041635,172.31.40.0-255,66,225586,77,382954
46682,0.043624,74.125.24.0-255,4320,229906,77,382954
46683,0.04363,172.31.40.0-255,66,229972,77,382954
46684,0.043644,74.125.24.0-255,1484,231456,77,382954
46685,0.045646,74.125.24.0-255,4320,235776,77,382954
46686,0.045651,172.31.40.0-255,66,235842,77,382954
46687,0.047671,74.125.24.0-255,5738,241580,77,382954
46688,0.047677,172.31.40.0-255,66,241646,77,382954
46689,0.049679,74.125.24.0-255,5738,247384,77,382954
46690,0.049688,172.31.40.0-255,66,247450,77,382954
46691,0.051706,74.125.24.0-255,5738,253188,77,382954
46692,0.051714,172.31.40.0-255,66,253254,77,382954
46693,0.053719,74.125.24.0-255,5738,258992,77,382954
46694,0.053739,172.31.40.0-255,66,259058,77,382954
46695,0.055743,74.125.24.0-255,5738,264796,77,382954
46696,0.05575,172.31.40.0-255,66,264862,77,382954
46697,0.057733,74.125.24.0-255,5738,270600,77,382954
46698,0.057738,172.31.40.0-255,66,270666,77,382954
46699,0.059802,74.125.24.0-255,5738,276404,77,382954
46700,0.059806,172.31.40.0-255,66,276470,77,382954
46701,0.061808,74.125.24.0-255,5738,282208,77,382954
46702,0.061815,172.31.40.0-255,66,282274,77,382954
46703,0.063812,74.125.24.0-255,5738,288012,77,382954
46704,0.063818,172.31.40.0-255,66,288078,77,382954
46705,0.06583,74.125.24.0-255,5738,293816,77,382954
46706,0.065838,172.31.40.0-255,66,293882,77,382954
46707,0.067831,74.125.24.0-255,5738,299620,77,382954
46708,0.067838,172.31.40.0-255,66,299686,77,382954
46709,0.069868,74.125.24.0-255,5738,305424,77,382954
46710,0.069875,172.31.40.0-255,66,305490,77,382954
46711,0.071877,74.125.24.0-255,5738,311228,77,382954
46712,0.071883,172.31.40.0-255,66,311294,77,382954
46713,0.073896,74.125.24.0-255,4320,315614,77,382954
46714,0.073901,172.31.40.0-255,66,315680,77,382954
46715,0.073919,74.125.24.0-255,1484,317164,77,382954
46716,0.075876,74.125.24.0-255,4320,321484,77,382954
46717,0.075882,172.31.40.0-255,66,321550,77,382954
46718,0.07788,74.125.24.0-255,5738,327288,77,382954
46719,0.077886,172.31.40.0-255,66,327354,77,382954
46720,0.079875,74.125.24.0-255,5738,333092,77,382954
46721,0.079882,172.31.40.0-255,66,333158,77,382954
46722,0.081907,74.125.24.0-255,5738,338896,77,382954
46723,0.081914,172.31.40.0-255,66,338962,77,382954
46724,0.083951,74.125.24.0-255,5738,344700,77,382954
46725,0.083958,172.31.40.0-255,66,344766,77,382954
46726,0.085976,74.125.24.0-255,4320,349086,77,382954
46727,0.085982,172.31.40.0-255,66,349152,77,382954
46728,0.085998,74.125.24.0-255,1484,350636,77,382954
46729,0.087996,74.125.24.0-255,2902,353538,77,382954
46730,0.088002,172.31.40.0-255,66,353604,77,382954
46731,0.088022,74.125.24.0-255,1484,355088,77,382954
46732,0.090036,74.125.24.0-255,4320,359408,77,382954
46733,0.090043,172.31.40.0-255,66,359474,77,382954
46734,0.092053,74.125.24.0-255,2902,362376,77,382954
46735,0.092058,172.31.40.0-255,66,362442,77,382954
46736,0.092075,74.125.24.0-255,2902,365344,77,382954
46737,0.092078,172.31.40.0-255,66,365410,77,382954
46738,0.094049,74.125.24.0-255,2902,368312,77,382954
46739,0.094055,172.31.40.0-255,66,368378,77,382954
46740,0.094077,74.125.24.0-255,2902,371280,77,382954
46741,0.094079,172.31.40.0-255,66,371346,77,382954
46742,0.096057,74.125.24.0-255,5738,377084,77,382954
46743,0.096064,172.31.40.0-255,66,377150,77,382954
46744,0.098086,74.125.24.0-255,5738,382888,77,382954
46745,0.098094,172.31.40.0-255,66,382954,77,382954
46746,0.0,74.125.24.0-255,153,153,77,418156
46747,1.5e-05,172.31.40.0-255,66,219,77,418156
46748,2.2e-05,74.125.24.0-255,1484,1703,77,418156
46749,2.7e-05,172.31.40.0-255,66,1769,77,418156
46750,3.3e-05,74.125.24.0-255,2902,4671,77,418156
46751,3.7e-05,172.31.40.0-255,66,4737,77,418156
46752,4.3e-05,74.125.24.0-255,4320,9057,77,418156
46753,4.6e-05,172.31.40.0-255,66,9123,77,418156
46754,6.5e-05,74.125.24.0-255,2902,12025,77,418156
46755,6.8e-05,172.31.40.0-255,66,12091,77,418156
46756,7.3e-05,74.125.24.0-255,2100,14191,77,418156
46757,7.5e-05,172.31.40.0-255,66,14257,77,418156
46758,0.000279,74.125.24.0-255,1484,15741,77,418156
46759,0.000285,172.31.40.0-255,66,15807,77,418156
46760,0.000291,74.125.24.0-255,2902,18709,77,418156
46761,0.000294,172.31.40.0-255,66,18775,77,418156
46762,0.000297,74.125.24.0-255,1484,20259,77,418156
46763,0.000299,172.31.40.0-255,66,20325,77,418156
46764,0.000322,74.125.24.0-255,4320,24645,77,418156
46765,0.000324,172.31.40.0-255,66,24711,77,418156
46766,0.000329,74.125.24.0-255,4320,29031,77,418156
46767,0.000332,172.31.40.0-255,66,29097,77,418156
46768,0.000358,74.125.24.0-255,8574,37671,77,418156
46769,0.000361,172.31.40.0-255,66,37737,77,418156
46770,0.000381,74.125.24.0-255,3961,41698,77,418156
46771,0.000383,172.31.40.0-255,66,41764,77,418156
46772,0.00039,74.125.24.0-255,7156,48920,77,418156
46773,0.000393,172.31.40.0-255,66,48986,77,418156
46774,0.000427,74.125.24.0-255,5738,54724,77,418156
46775,0.00043,172.31.40.0-255,66,54790,77,418156
46776,0.000458,74.125.24.0-255,11303,66093,77,418156
46777,0.000461,172.31.40.0-255,66,66159,77,418156
46778,0.000611,74.125.24.0-255,1484,67643,77,418156
46779,0.000618,74.125.24.0-255,2902,70545,77,418156
46780,0.000621,172.31.40.0-255,66,70611,77,418156
46781,0.000648,74.125.24.0-255,5738,76349,77,418156
46782,0.000651,172.31.40.0-255,66,76415,77,418156
46783,0.00066,74.125.24.0-255,8574,84989,77,418156
46784,0.000662,172.31.40.0-255,66,85055,77,418156
46785,0.000687,74.125.24.0-255,4320,89375,77,418156
46786,0.00069,172.31.40.0-255,66,89441,77,418156
46787,0.0007,74.125.24.0-255,10692,100133,77,418156
46788,0.000702,172.31.40.0-255,66,100199,77,418156
46789,0.000972,172.31.40.0-255,101,100300,77,418156
46790,0.001502,74.125.24.0-255,1484,101784,77,418156
46791,0.001512,74.125.24.0-255,2902,104686,77,418156
46792,0.001517,172.31.40.0-255,66,104752,77,418156
46793,0.001552,74.125.24.0-255,5738,110490,77,418156
46794,0.001556,172.31.40.0-255,66,110556,77,418156
46795,0.001563,74.125.24.0-255,7156,117712,77,418156
46796,0.001566,172.31.40.0-255,66,117778,77,418156
46797,0.001598,74.125.24.0-255,12828,130606,77,418156
46798,0.001601,172.31.40.0-255,66,130672,77,418156
46799,0.001617,74.125.24.0-255,1484,132156,77,418156
46800,0.001621,74.125.24.0-255,2184,134340,77,418156
46801,0.001624,172.31.40.0-255,66,134406,77,418156
46802,0.001967,74.125.24.0-255,1484,135890,77,418156
46803,0.001977,74.125.24.0-255,2902,138792,77,418156
46804,0.001981,172.31.40.0-255,66,138858,77,418156
46805,0.001989,74.125.24.0-255,5738,144596,77,418156
46806,0.001991,172.31.40.0-255,66,144662,77,418156
46807,0.002019,74.125.24.0-255,1484,146146,77,418156
46808,0.002048,74.125.24.0-255,8574,154720,77,418156
46809,0.00205,172.31.40.0-255,66,154786,77,418156
46810,0.002061,74.125.24.0-255,11410,166196,77,418156
46811,0.002063,172.31.40.0-255,66,166262,77,418156
46812,0.00207,74.125.24.0-255,5020,171282,77,418156
46813,0.002072,172.31.40.0-255,66,171348,77,418156
46814,0.002078,74.125.24.0-255,5738,177086,77,418156
46815,0.002081,172.31.40.0-255,66,177152,77,418156
46816,0.002104,74.125.24.0-255,1484,178636,77,418156
46817,0.002123,74.125.24.0-255,9992,188628,77,418156
46818,0.002126,172.31.40.0-255,66,188694,77,418156
46819,0.002143,74.125.24.0-255,1484,190178,77,418156
46820,0.002155,74.125.24.0-255,2902,193080,77,418156
46821,0.002157,172.31.40.0-255,66,193146,77,418156
46822,0.002186,74.125.24.0-255,9274,202420,77,418156
46823,0.002188,172.31.40.0-255,66,202486,77,418156
46824,0.002337,74.125.24.0-255,1484,203970,77,418156
46825,0.002356,74.125.24.0-255,2902,206872,77,418156
46826,0.002362,172.31.40.0-255,66,206938,77,418156
46827,0.002377,74.125.24.0-255,5738,212676,77,418156
46828,0.00238,172.31.40.0-255,66,212742,77,418156
46829,0.002385,74.125.24.0-255,4320,217062,77,418156
46830,0.002388,172.31.40.0-255,66,217128,77,418156
46831,0.002406,74.125.24.0-255,1484,218612,77,418156
46832,0.002409,74.125.24.0-255,1484,220096,77,418156
46833,0.002411,172.31.40.0-255,66,220162,77,418156
46834,0.002417,74.125.24.0-255,4320,224482,77,418156
46835,0.00242,172.31.40.0-255,66,224548,77,418156
46836,0.002436,74.125.24.0-255,1484,226032,77,418156
46837,0.002441,74.125.24.0-255,4320,230352,77,418156
46838,0.002444,172.31.40.0-255,66,230418,77,418156
46839,0.00248,74.125.24.0-255,4320,234738,77,418156
46840,0.002483,172.31.40.0-255,66,234804,77,418156
46841,0.002501,74.125.24.0-255,2184,236988,77,418156
46842,0.002503,172.31.40.0-255,66,237054,77,418156
46843,0.002723,74.125.24.0-255,1484,238538,77,418156
46844,0.002735,74.125.24.0-255,2902,241440,77,418156
46845,0.002738,172.31.40.0-255,66,241506,77,418156
46846,0.002741,74.125.24.0-255,1484,242990,77,418156
46847,0.002757,74.125.24.0-255,4320,247310,77,418156
46848,0.00276,172.31.40.0-255,66,247376,77,418156
46849,0.002765,74.125.24.0-255,4320,251696,77,418156
46850,0.002768,172.31.40.0-255,66,251762,77,418156
46851,0.002788,74.125.24.0-255,1484,253246,77,418156
46852,0.002799,74.125.24.0-255,11410,264656,77,418156
46853,0.002802,172.31.40.0-255,66,264722,77,418156
46854,0.002824,74.125.24.0-255,7856,272578,77,418156
46855,0.002826,172.31.40.0-255,66,272644,77,418156
46856,0.002829,74.125.24.0-255,1484,274128,77,418156
46857,0.002856,74.125.24.0-255,8574,282702,77,418156
46858,0.002859,172.31.40.0-255,66,282768,77,418156
46859,0.002863,74.125.24.0-255,1484,284252,77,418156
46860,0.002884,74.125.24.0-255,8574,292826,77,418156
46861,0.002887,172.31.40.0-255,66,292892,77,418156
46862,0.002912,74.125.24.0-255,9992,302884,77,418156
46863,0.002916,172.31.40.0-255,66,302950,77,418156
46864,0.002919,74.125.24.0-255,2184,305134,77,418156
46865,0.002922,172.31.40.0-255,66,305200,77,418156
46866,0.003006,74.125.24.0-255,1484,306684,77,418156
46867,0.003009,74.125.24.0-255,1484,308168,77,418156
46868,0.003012,172.31.40.0-255,66,308234,77,418156
46869,0.003031,74.125.24.0-255,1484,309718,77,418156
46870,0.003037,74.125.24.0-255,4320,314038,77,418156
46871,0.00304,172.31.40.0-255,66,314104,77,418156
46872,0.003044,74.125.24.0-255,2902,317006,77,418156
46873,0.003047,172.31.40.0-255,66,317072,77,418156
46874,0.003064,74.125.24.0-255,8574,325646,77,418156
46875,0.003067,172.31.40.0-255,66,325712,77,418156
46876,0.003111,74.125.24.0-255,4320,330032,77,418156
46877,0.003114,172.31.40.0-255,66,330098,77,418156
46878,0.00313,74.125.24.0-255,9274,339372,77,418156
46879,0.003133,172.31.40.0-255,66,339438,77,418156
46880,0.003168,74.125.24.0-255,1484,340922,77,418156
46881,0.003181,74.125.24.0-255,2902,343824,77,418156
46882,0.003184,172.31.40.0-255,66,343890,77,418156
46883,0.003189,74.125.24.0-255,4320,348210,77,418156
46884,0.003191,172.31.40.0-255,66,348276,77,418156
46885,0.003207,74.125.24.0-255,1484,349760,77,418156
46886,0.003238,74.125.24.0-255,12828,362588,77,418156
46887,0.003241,172.31.40.0-255,66,362654,77,418156
46888,0.003247,74.125.24.0-255,5738,368392,77,418156
46889,0.003249,172.31.40.0-255,66,368458,77,418156
46890,0.003287,74.125.24.0-255,4320,372778,77,418156
46891,0.003289,172.31.40.0-255,66,372844,77,418156
46892,0.003315,74.125.24.0-255,11410,384254,77,418156
46893,0.003318,172.31.40.0-255,66,384320,77,418156
46894,0.003337,74.125.24.0-255,3602,387922,77,418156
46895,0.00334,172.31.40.0-255,66,387988,77,418156
46896,0.003344,74.125.24.0-255,2902,390890,77,418156
46897,0.003348,172.31.40.0-255,66,390956,77,418156
46898,0.003353,74.125.24.0-255,4320,395276,77,418156
46899,0.003356,172.31.40.0-255,66,395342,77,418156
46900,0.003385,74.125.24.0-255,9992,405334,77,418156
46901,0.003387,172.31.40.0-255,66,405400,77,418156
46902,0.003404,74.125.24.0-255,2184,407584,77,418156
46903,0.003406,172.31.40.0-255,66,407650,77,418156
46904,0.003414,74.125.24.0-255,5885,413535,77,418156
46905,0.003416,172.31.40.0-255,66,413601,77,418156
46906,0.003448,74.125.24.0-255,105,413706,77,418156
46907,0.012577,172.31.40.0-255,105,413811,77,418156
46908,0.018604,74.125.24.0-255,66,413877,77,418156
46909,0.052313,172.31.40.0-255,172,414049,77,418156
46910,0.052349,172.31.40.0-255,1121,415170,77,418156
46911,0.052407,172.31.40.0-255,1514,416684,77,418156
46912,0.052409,172.31.40.0-255,1274,417958,77,418156
46913,0.053877,104.244.42.0-255,66,418024,77,418156
46914,0.053911,104.244.42.0-255,66,418090,77,418156
46915,0.053948,104.244.42.0-255,66,418156,77,418156
46916,0.0,172.217.194.0-255,153,153,77,369162
46917,1.5e-05,172.31.40.0-255,66,219,77,369162
46918,2.1e-05,172.217.194.0-255,1484,1703,77,369162
46919,2.5e-05,172.31.40.0-255,66,1769,77,369162
46920,3.1e-05,172.217.194.0-255,2902,4671,77,369162
46921,3.4e-05,172.31.40.0-255,66,4737,77,369162
46922,4.1e-05,172.217.194.0-255,7156,11893,77,369162
46923,4.3e-05,172.31.40.0-255,66,11959,77,369162
46924,4.7e-05,172.217.194.0-255,1931,13890,77,369162
46925,4.9e-05,172.31.40.0-255,66,13956,77,369162
46926,0.000146,172.217.194.0-255,1484,15440,77,369162
46927,0.000149,172.31.40.0-255,66,15506,77,369162
46928,0.000169,172.217.194.0-255,2902,18408,77,369162
46929,0.000171,172.31.40.0-255,66,18474,77,369162
46930,0.000192,172.217.194.0-255,2902,21376,77,369162
46931,0.000195,172.31.40.0-255,66,21442,77,369162
46932,0.000209,172.217.194.0-255,2902,24344,77,369162
46933,0.000211,172.31.40.0-255,66,24410,77,369162
46934,0.000216,172.217.194.0-255,4320,28730,77,369162
46935,0.000218,172.31.40.0-255,66,28796,77,369162
46936,0.000247,172.217.194.0-255,6797,35593,77,369162
46937,0.000249,172.31.40.0-255,66,35659,77,369162
46938,0.000265,172.31.40.0-255,66,35725,77,369162
46939,0.000271,172.217.194.0-255,5738,41463,77,369162
46940,0.000273,172.31.40.0-255,66,41529,77,369162
46941,0.000291,172.217.194.0-255,5332,46861,77,369162
46942,0.000293,172.31.40.0-255,66,46927,77,369162
46943,0.00033,172.217.194.0-255,100,47027,77,369162
46944,0.000333,172.31.40.0-255,66,47093,77,369162
46945,0.000356,172.217.194.0-255,364,47457,77,369162
46946,0.000358,172.31.40.0-255,66,47523,77,369162
46947,0.000549,172.217.194.0-255,1484,49007,77,369162
46948,0.000554,172.217.194.0-255,1484,50491,77,369162
46949,0.000557,172.31.40.0-255,66,50557,77,369162
46950,0.000577,172.217.194.0-255,1484,52041,77,369162
46951,0.000584,172.217.194.0-255,5738,57779,77,369162
46952,0.000586,172.31.40.0-255,66,57845,77,369162
46953,0.00059,172.217.194.0-255,2902,60747,77,369162
46954,0.000592,172.31.40.0-255,66,60813,77,369162
46955,0.000615,172.217.194.0-255,9992,70805,77,369162
46956,0.000618,172.31.40.0-255,66,70871,77,369162
46957,0.000627,172.217.194.0-255,2902,73773,77,369162
46958,0.000629,172.31.40.0-255,66,73839,77,369162
46959,0.000649,172.217.194.0-255,7856,81695,77,369162
46960,0.000651,172.31.40.0-255,66,81761,77,369162
46961,0.001434,172.217.194.0-255,1484,83245,77,369162
46962,0.001443,172.217.194.0-255,2902,86147,77,369162
46963,0.001447,172.31.40.0-255,66,86213,77,369162
46964,0.001454,172.217.194.0-255,5738,91951,77,369162
46965,0.001456,172.31.40.0-255,66,92017,77,369162
46966,0.001477,172.217.194.0-255,1484,93501,77,369162
46967,0.00151,172.217.194.0-255,11410,104911,77,369162
46968,0.001513,172.31.40.0-255,66,104977,77,369162
46969,0.001521,172.217.194.0-255,8574,113551,77,369162
46970,0.001523,172.31.40.0-255,66,113617,77,369162
46971,0.001544,172.217.194.0-255,1484,115101,77,369162
46972,0.001547,172.217.194.0-255,766,115867,77,369162
46973,0.001549,172.31.40.0-255,66,115933,77,369162
46974,0.001552,172.217.194.0-255,1484,117417,77,369162
46975,0.001575,172.217.194.0-255,4320,121737,77,369162
46976,0.001578,172.31.40.0-255,66,121803,77,369162
46977,0.001594,172.217.194.0-255,4320,126123,77,369162
46978,0.001596,172.31.40.0-255,66,126189,77,369162
46979,0.001618,172.217.194.0-255,4320,130509,77,369162
46980,0.001621,172.31.40.0-255,66,130575,77,369162
46981,0.001629,172.217.194.0-255,9992,140567,77,369162
46982,0.001631,172.31.40.0-255,66,140633,77,369162
46983,0.001669,172.217.194.0-255,13528,154161,77,369162
46984,0.001672,172.31.40.0-255,66,154227,77,369162
46985,0.001705,172.217.194.0-255,7156,161383,77,369162
46986,0.001707,172.31.40.0-255,66,161449,77,369162
46987,0.001736,172.217.194.0-255,7156,168605,77,369162
46988,0.001739,172.31.40.0-255,66,168671,77,369162
46989,0.001752,172.31.40.0-255,66,168737,77,369162
46990,0.00186,172.217.194.0-255,1484,170221,77,369162
46991,0.001866,172.217.194.0-255,2902,173123,77,369162
46992,0.00187,172.31.40.0-255,66,173189,77,369162
46993,0.001886,172.217.194.0-255,5738,178927,77,369162
46994,0.001888,172.31.40.0-255,66,178993,77,369162
46995,0.001892,172.217.194.0-255,2902,181895,77,369162
46996,0.001894,172.31.40.0-255,66,181961,77,369162
46997,0.001921,172.217.194.0-255,4320,186281,77,369162
46998,0.001923,172.31.40.0-255,66,186347,77,369162
46999,0.001936,172.31.40.0-255,66,186413,77,369162
47000,0.001952,172.217.194.0-255,2184,188597,77,369162
47001,0.001953,172.31.40.0-255,66,188663,77,369162
47002,0.003982,172.217.194.0-255,5738,194401,77,369162
47003,0.003988,172.31.40.0-255,66,194467,77,369162
47004,0.006038,172.217.194.0-255,5738,200205,77,369162
47005,0.006042,172.31.40.0-255,66,200271,77,369162
47006,0.008071,172.217.194.0-255,5738,206009,77,369162
47007,0.008082,172.31.40.0-255,66,206075,77,369162
47008,0.01014,172.217.194.0-255,5738,211813,77,369162
47009,0.010156,172.31.40.0-255,66,211879,77,369162
47010,0.01222,172.217.194.0-255,5738,217617,77,369162
47011,0.012236,172.31.40.0-255,66,217683,77,369162
47012,0.014266,172.217.194.0-255,5738,223421,77,369162
47013,0.014279,172.31.40.0-255,66,223487,77,369162
47014,0.016336,172.217.194.0-255,5738,229225,77,369162
47015,0.01635,172.31.40.0-255,66,229291,77,369162
47016,0.018397,172.217.194.0-255,5738,235029,77,369162
47017,0.018411,172.31.40.0-255,66,235095,77,369162
47018,0.020472,172.217.194.0-255,5738,240833,77,369162
47019,0.020482,172.31.40.0-255,66,240899,77,369162
47020,0.022519,172.217.194.0-255,5738,246637,77,369162
47021,0.022527,172.31.40.0-255,66,246703,77,369162
47022,0.024571,172.217.194.0-255,5738,252441,77,369162
47023,0.024579,172.31.40.0-255,66,252507,77,369162
47024,0.026608,172.217.194.0-255,5738,258245,77,369162
47025,0.026619,172.31.40.0-255,66,258311,77,369162
47026,0.028663,172.217.194.0-255,5738,264049,77,369162
47027,0.02867,172.31.40.0-255,66,264115,77,369162
47028,0.030684,172.217.194.0-255,5738,269853,77,369162
47029,0.030692,172.31.40.0-255,66,269919,77,369162
47030,0.032728,172.217.194.0-255,5738,275657,77,369162
47031,0.032735,172.31.40.0-255,66,275723,77,369162
47032,0.034781,172.217.194.0-255,5738,281461,77,369162
47033,0.034787,172.31.40.0-255,66,281527,77,369162
47034,0.036845,172.217.194.0-255,5738,287265,77,369162
47035,0.036852,172.31.40.0-255,66,287331,77,369162
47036,0.038887,172.217.194.0-255,5738,293069,77,369162
47037,0.0389,172.31.40.0-255,66,293135,77,369162
47038,0.04093,172.217.194.0-255,5738,298873,77,369162
47039,0.040944,172.31.40.0-255,66,298939,77,369162
47040,0.042986,172.217.194.0-255,5738,304677,77,369162
47041,0.042992,172.31.40.0-255,66,304743,77,369162
47042,0.045031,172.217.194.0-255,5738,310481,77,369162
47043,0.045045,172.31.40.0-255,66,310547,77,369162
47044,0.047125,172.217.194.0-255,5738,316285,77,369162
47045,0.04714,172.31.40.0-255,66,316351,77,369162
47046,0.048018,172.31.40.0-255,172,316523,77,369162
47047,0.048052,172.31.40.0-255,1119,317642,77,369162
47048,0.048113,172.31.40.0-255,1514,319156,77,369162
47049,0.048115,172.31.40.0-255,1276,320432,77,369162
47050,0.049161,172.217.194.0-255,5738,326170,77,369162
47051,0.049168,172.31.40.0-255,66,326236,77,369162
47052,0.049543,104.244.42.0-255,66,326302,77,369162
47053,0.049599,104.244.42.0-255,66,326368,77,369162
47054,0.049684,104.244.42.0-255,66,326434,77,369162
47055,0.051231,172.217.194.0-255,5738,332172,77,369162
47056,0.051244,172.31.40.0-255,66,332238,77,369162
47057,0.053301,172.217.194.0-255,5738,337976,77,369162
47058,0.053316,172.31.40.0-255,66,338042,77,369162
47059,0.055369,172.217.194.0-255,5738,343780,77,369162
47060,0.055385,172.31.40.0-255,66,343846,77,369162
47061,0.057422,172.217.194.0-255,5738,349584,77,369162
47062,0.057435,172.31.40.0-255,66,349650,77,369162
47063,0.059499,172.217.194.0-255,5738,355388,77,369162
47064,0.059515,172.31.40.0-255,66,355454,77,369162
47065,0.061565,172.217.194.0-255,5738,361192,77,369162
47066,0.061577,172.31.40.0-255,66,361258,77,369162
47067,0.063641,172.217.194.0-255,5738,366996,77,369162
47068,0.063658,172.31.40.0-255,66,367062,77,369162
47069,0.065712,172.217.194.0-255,1863,368925,77,369162
47070,0.065727,172.31.40.0-255,66,368991,77,369162
47071,0.065955,172.31.40.0-255,105,369096,77,369162
47072,0.067968,172.217.194.0-255,66,369162,77,369162
47073,0.0,172.217.194.0-255,153,153,77,337646
47074,2.9e-05,172.31.40.0-255,66,219,77,337646
47075,3.5e-05,172.217.194.0-255,1484,1703,77,337646
47076,3.9e-05,172.31.40.0-255,66,1769,77,337646
47077,4.3e-05,172.217.194.0-255,2902,4671,77,337646
47078,4.6e-05,172.31.40.0-255,66,4737,77,337646
47079,5.7e-05,172.217.194.0-255,5738,10475,77,337646
47080,6e-05,172.31.40.0-255,66,10541,77,337646
47081,0.0001,172.217.194.0-255,2902,13443,77,337646
47082,0.000103,172.31.40.0-255,66,13509,77,337646
47083,0.000124,172.217.194.0-255,682,14191,77,337646
47084,0.000126,172.31.40.0-255,66,14257,77,337646
47085,0.000147,172.217.194.0-255,1484,15741,77,337646
47086,0.00015,172.31.40.0-255,66,15807,77,337646
47087,0.000154,172.217.194.0-255,2902,18709,77,337646
47088,0.000156,172.31.40.0-255,66,18775,77,337646
47089,0.000158,172.217.194.0-255,1484,20259,77,337646
47090,0.00016,172.31.40.0-255,66,20325,77,337646
47091,0.000185,172.217.194.0-255,4320,24645,77,337646
47092,0.000188,172.31.40.0-255,66,24711,77,337646
47093,0.000211,172.217.194.0-255,2902,27613,77,337646
47094,0.000213,172.31.40.0-255,66,27679,77,337646
47095,0.000249,172.217.194.0-255,9633,37312,77,337646
47096,0.000252,172.31.40.0-255,66,37378,77,337646
47097,0.000263,172.217.194.0-255,12828,50206,77,337646
47098,0.000265,172.31.40.0-255,66,50272,77,337646
47099,0.000293,172.217.194.0-255,11410,61682,77,337646
47100,0.000296,172.31.40.0-255,66,61748,77,337646
47101,0.00032,172.217.194.0-255,3602,65350,77,337646
47102,0.000322,172.31.40.0-255,66,65416,77,337646
47103,0.000325,172.217.194.0-255,377,65793,77,337646
47104,0.000327,172.31.40.0-255,66,65859,77,337646
47105,0.000329,172.217.194.0-255,367,66226,77,337646
47106,0.000397,172.217.194.0-255,1484,67710,77,337646
47107,0.000399,172.31.40.0-255,66,67776,77,337646
47108,0.000403,172.217.194.0-255,1484,69260,77,337646
47109,0.000425,172.217.194.0-255,1484,70744,77,337646
47110,0.000428,172.31.40.0-255,66,70810,77,337646
47111,0.000434,172.217.194.0-255,5738,76548,77,337646
47112,0.000435,172.31.40.0-255,66,76614,77,337646
47113,0.000457,172.217.194.0-255,9992,86606,77,337646
47114,0.000459,172.31.40.0-255,66,86672,77,337646
47115,0.000488,172.217.194.0-255,2902,89574,77,337646
47116,0.000492,172.31.40.0-255,66,89640,77,337646
47117,0.000495,172.217.194.0-255,10692,100332,77,337646
47118,0.000497,172.31.40.0-255,66,100398,77,337646
47119,0.000555,172.31.40.0-255,101,100499,77,337646
47120,0.000912,172.217.194.0-255,1484,101983,77,337646
47121,0.00092,172.217.194.0-255,2902,104885,77,337646
47122,0.000923,172.31.40.0-255,66,104951,77,337646
47123,0.000926,172.217.194.0-255,1484,106435,77,337646
47124,0.000953,172.217.194.0-255,4320,110755,77,337646
47125,0.000955,172.31.40.0-255,66,110821,77,337646
47126,0.000961,172.217.194.0-255,5738,116559,77,337646
47127,0.000962,172.31.40.0-255,66,116625,77,337646
47128,0.000997,172.217.194.0-255,7156,123781,77,337646
47129,0.001,172.31.40.0-255,66,123847,77,337646
47130,0.001009,172.217.194.0-255,10692,134539,77,337646
47131,0.001011,172.31.40.0-255,66,134605,77,337646
47132,0.001306,172.217.194.0-255,1484,136089,77,337646
47133,0.001311,172.217.194.0-255,1484,137573,77,337646
47134,0.001314,172.31.40.0-255,66,137639,77,337646
47135,0.001343,172.217.194.0-255,1484,139123,77,337646
47136,0.001346,172.217.194.0-255,1484,140607,77,337646
47137,0.001348,172.31.40.0-255,66,140673,77,337646
47138,0.001354,172.217.194.0-255,2902,143575,77,337646
47139,0.001355,172.31.40.0-255,66,143641,77,337646
47140,0.001362,172.217.194.0-255,5738,149379,77,337646
47141,0.001363,172.31.40.0-255,66,149445,77,337646
47142,0.001367,172.217.194.0-255,2902,152347,77,337646
47143,0.001369,172.31.40.0-255,66,152413,77,337646
47144,0.001406,172.217.194.0-255,9992,162405,77,337646
47145,0.001408,172.31.40.0-255,66,162471,77,337646
47146,0.001413,172.217.194.0-255,6438,168909,77,337646
47147,0.001415,172.31.40.0-255,66,168975,77,337646
47148,0.001478,172.217.194.0-255,1484,170459,77,337646
47149,0.001494,172.217.194.0-255,2902,173361,77,337646
47150,0.001497,172.31.40.0-255,66,173427,77,337646
47151,0.001502,172.217.194.0-255,5738,179165,77,337646
47152,0.001504,172.31.40.0-255,66,179231,77,337646
47153,0.001532,172.217.194.0-255,9992,189223,77,337646
47154,0.001534,172.31.40.0-255,66,189289,77,337646
47155,0.001565,172.217.194.0-255,2902,192191,77,337646
47156,0.001579,172.31.40.0-255,66,192257,77,337646
47157,0.001588,172.217.194.0-255,10692,202949,77,337646
47158,0.001594,172.31.40.0-255,66,203015,77,337646
47159,0.001643,172.217.194.0-255,1484,204499,77,337646
47160,0.001646,172.217.194.0-255,1484,205983,77,337646
47161,0.001649,172.31.40.0-255,66,206049,77,337646
47162,0.001668,172.217.194.0-255,1484,207533,77,337646
47163,0.001673,172.217.194.0-255,5738,213271,77,337646
47164,0.001675,172.31.40.0-255,66,213337,77,337646
47165,0.001703,172.217.194.0-255,11410,224747,77,337646
47166,0.001706,172.31.40.0-255,66,224813,77,337646
47167,0.001709,172.217.194.0-255,2902,227715,77,337646
47168,0.001711,172.31.40.0-255,66,227781,77,337646
47169,0.001739,172.217.194.0-255,9274,237055,77,337646
47170,0.001742,172.31.40.0-255,66,237121,77,337646
47171,0.001769,172.217.194.0-255,1484,238605,77,337646
47172,0.001786,172.217.194.0-255,2902,241507,77,337646
47173,0.001788,172.31.40.0-255,66,241573,77,337646
47174,0.001813,172.217.194.0-255,5738,247311,77,337646
47175,0.001868,172.217.194.0-255,12828,260139,77,337646
47176,0.001876,172.217.194.0-255,10692,270831,77,337646
47177,0.001879,172.217.194.0-255,1484,272315,77,337646
47178,0.001926,172.217.194.0-255,10692,283007,77,337646
47179,0.001966,172.217.194.0-255,5738,288745,77,337646
47180,0.002005,172.217.194.0-255,2184,290929,77,337646
47181,0.002055,172.217.194.0-255,10692,301621,77,337646
47182,0.002078,172.217.194.0-255,2902,304523,77,337646
47183,0.002097,172.217.194.0-255,8574,313097,77,337646
47184,0.002105,172.217.194.0-255,1484,314581,77,337646
47185,0.002129,172.217.194.0-255,12110,326691,77,337646
47186,0.002132,172.217.194.0-255,2902,329593,77,337646
47187,0.002149,172.217.194.0-255,3364,332957,77,337646
47188,0.002163,172.217.194.0-255,105,333062,77,337646
47189,0.003053,172.217.194.0-255,66,333128,77,337646
47190,0.01031,172.31.40.0-255,66,333194,77,337646
47191,0.012728,172.31.40.0-255,105,333299,77,337646
47192,0.015265,172.217.194.0-255,66,333365,77,337646
47193,0.04464,172.31.40.0-255,172,333537,77,337646
47194,0.044673,172.31.40.0-255,1121,334658,77,337646
47195,0.044711,172.31.40.0-255,1514,336172,77,337646
47196,0.044713,172.31.40.0-255,1276,337448,77,337646
47197,0.046137,104.244.42.0-255,66,337514,77,337646
47198,0.046165,104.244.42.0-255,66,337580,77,337646
47199,0.046209,104.244.42.0-255,66,337646,77,337646
47200,0.0,172.217.194.0-255,298,298,77,384629
47201,2e-05,172.31.40.0-255,66,364,77,384629
47202,2.7e-05,172.217.194.0-255,1484,1848,77,384629
47203,3.1e-05,172.31.40.0-255,66,1914,77,384629
47204,3.9e-05,172.217.194.0-255,4320,6234,77,384629
47205,4.2e-05,172.31.40.0-255,66,6300,77,384629
47206,7e-05,172.217.194.0-255,7156,13456,77,384629
47207,7.3e-05,172.31.40.0-255,66,13522,77,384629
47208,0.000103,172.217.194.0-255,1871,15393,77,384629
47209,0.000105,172.31.40.0-255,66,15459,77,384629
47210,0.000115,172.217.194.0-255,9992,25451,77,384629
47211,0.000118,172.31.40.0-255,66,25517,77,384629
47212,0.000121,172.217.194.0-255,1484,27001,77,384629
47213,0.000123,172.31.40.0-255,66,27067,77,384629
47214,0.000176,172.31.40.0-255,66,27133,77,384629
47215,0.000179,172.217.194.0-255,766,27899,77,384629
47216,0.000181,172.31.40.0-255,66,27965,77,384629
47217,0.000196,172.31.40.0-255,66,28031,77,384629
47218,0.000238,172.217.194.0-255,2796,30827,77,384629
47219,0.000241,172.31.40.0-255,66,30893,77,384629
47220,0.000244,172.217.194.0-255,120,31013,77,384629
47221,0.000246,172.31.40.0-255,66,31079,77,384629
47222,0.000276,172.217.194.0-255,1484,32563,77,384629
47223,0.000278,172.31.40.0-255,66,32629,77,384629
47224,0.000283,172.217.194.0-255,2902,35531,77,384629
47225,0.000285,172.31.40.0-255,66,35597,77,384629
47226,0.000299,172.217.194.0-255,2902,38499,77,384629
47227,0.000301,172.31.40.0-255,66,38565,77,384629
47228,0.000348,172.217.194.0-255,4320,42885,77,384629
47229,0.000352,172.31.40.0-255,66,42951,77,384629
47230,0.000355,172.217.194.0-255,1484,44435,77,384629
47231,0.000361,172.217.194.0-255,4275,48710,77,384629
47232,0.000364,172.31.40.0-255,66,48776,77,384629
47233,0.000402,172.217.194.0-255,1484,50260,77,384629
47234,0.000425,172.217.194.0-255,2902,53162,77,384629
47235,0.000428,172.31.40.0-255,66,53228,77,384629
47236,0.000459,172.217.194.0-255,5738,58966,77,384629
47237,0.000462,172.31.40.0-255,66,59032,77,384629
47238,0.000473,172.217.194.0-255,12828,71860,77,384629
47239,0.000476,172.31.40.0-255,66,71926,77,384629
47240,0.000483,172.217.194.0-255,7156,79082,77,384629
47241,0.000485,172.31.40.0-255,66,79148,77,384629
47242,0.000509,172.217.194.0-255,3052,82200,77,384629
47243,0.000512,172.31.40.0-255,66,82266,77,384629
47244,0.000533,172.217.194.0-255,4320,86586,77,384629
47245,0.000536,172.31.40.0-255,66,86652,77,384629
47246,0.000545,172.217.194.0-255,8574,95226,77,384629
47247,0.000547,172.31.40.0-255,66,95292,77,384629
47248,0.000568,172.217.194.0-255,1484,96776,77,384629
47249,0.000573,172.217.194.0-255,2902,99678,77,384629
47250,0.000575,172.31.40.0-255,66,99744,77,384629
47251,0.000605,172.217.194.0-255,12828,112572,77,384629
47252,0.000607,172.31.40.0-255,66,112638,77,384629
47253,0.00063,172.217.194.0-255,3602,116240,77,384629
47254,0.000632,172.31.40.0-255,66,116306,77,384629
47255,0.000666,172.217.194.0-255,1484,117790,77,384629
47256,0.00068,172.217.194.0-255,2902,120692,77,384629
47257,0.000683,172.31.40.0-255,66,120758,77,384629
47258,0.000686,172.217.194.0-255,1484,122242,77,384629
47259,0.000703,172.217.194.0-255,4320,126562,77,384629
47260,0.000705,172.31.40.0-255,66,126628,77,384629
47261,0.000712,172.217.194.0-255,5738,132366,77,384629
47262,0.000715,172.31.40.0-255,66,132432,77,384629
47263,0.000727,172.217.194.0-255,1125,133557,77,384629
47264,0.000793,172.217.194.0-255,1484,135041,77,384629
47265,0.000796,172.31.40.0-255,66,135107,77,384629
47266,0.000802,172.217.194.0-255,2902,138009,77,384629
47267,0.000805,172.31.40.0-255,66,138075,77,384629
47268,0.000812,172.217.194.0-255,5738,143813,77,384629
47269,0.000814,172.31.40.0-255,66,143879,77,384629
47270,0.000843,172.217.194.0-255,5738,149617,77,384629
47271,0.000846,172.31.40.0-255,66,149683,77,384629
47272,0.000865,172.217.194.0-255,7156,156839,77,384629
47273,0.000868,172.31.40.0-255,66,156905,77,384629
47274,0.000873,172.217.194.0-255,4320,161225,77,384629
47275,0.000875,172.31.40.0-255,66,161291,77,384629
47276,0.000898,172.217.194.0-255,6438,167729,77,384629
47277,0.000908,172.217.194.0-255,11410,179139,77,384629
47278,0.000912,172.217.194.0-255,2902,182041,77,384629
47279,0.000916,172.31.40.0-255,66,182107,77,384629
47280,0.000919,172.31.40.0-255,66,182173,77,384629
47281,0.000922,172.31.40.0-255,66,182239,77,384629
47282,0.000944,172.217.194.0-255,2543,184782,77,384629
47283,0.000948,172.31.40.0-255,66,184848,77,384629
47284,0.001127,172.217.194.0-255,1484,186332,77,384629
47285,0.001145,172.217.194.0-255,2902,189234,77,384629
47286,0.001149,172.31.40.0-255,66,189300,77,384629
47287,0.001156,172.217.194.0-255,5738,195038,77,384629
47288,0.001158,172.31.40.0-255,66,195104,77,384629
47289,0.001192,172.217.194.0-255,6797,201901,77,384629
47290,0.001195,172.31.40.0-255,66,201967,77,384629
47291,0.001352,172.217.194.0-255,1484,203451,77,384629
47292,0.001358,172.217.194.0-255,2902,206353,77,384629
47293,0.001361,172.31.40.0-255,66,206419,77,384629
47294,0.001364,172.217.194.0-255,1484,207903,77,384629
47295,0.001387,172.217.194.0-255,4320,212223,77,384629
47296,0.00139,172.31.40.0-255,66,212289,77,384629
47297,0.001429,172.217.194.0-255,2902,215191,77,384629
47298,0.001431,172.31.40.0-255,66,215257,77,384629
47299,0.001456,172.217.194.0-255,9992,225249,77,384629
47300,0.001459,172.31.40.0-255,66,225315,77,384629
47301,0.001469,172.217.194.0-255,10692,236007,77,384629
47302,0.001471,172.31.40.0-255,66,236073,77,384629
47303,0.001518,172.217.194.0-255,1484,237557,77,384629
47304,0.001523,172.217.194.0-255,2902,240459,77,384629
47305,0.001526,172.31.40.0-255,66,240525,77,384629
47306,0.001552,172.217.194.0-255,5738,246263,77,384629
47307,0.001556,172.31.40.0-255,66,246329,77,384629
47308,0.001578,172.217.194.0-255,5738,252067,77,384629
47309,0.001581,172.31.40.0-255,66,252133,77,384629
47310,0.001599,172.217.194.0-255,7156,259289,77,384629
47311,0.001602,172.31.40.0-255,66,259355,77,384629
47312,0.00161,172.217.194.0-255,8574,267929,77,384629
47313,0.001612,172.31.40.0-255,66,267995,77,384629
47314,0.001636,172.217.194.0-255,2184,270179,77,384629
47315,0.00164,172.31.40.0-255,66,270245,77,384629
47316,0.001834,172.217.194.0-255,1484,271729,77,384629
47317,0.00184,172.217.194.0-255,2902,274631,77,384629
47318,0.001844,172.31.40.0-255,66,274697,77,384629
47319,0.001851,172.217.194.0-255,5738,280435,77,384629
47320,0.001853,172.31.40.0-255,66,280501,77,384629
47321,0.00187,172.217.194.0-255,5738,286239,77,384629
47322,0.001872,172.31.40.0-255,66,286305,77,384629
47323,0.001893,172.217.194.0-255,7156,293461,77,384629
47324,0.001895,172.31.40.0-255,66,293527,77,384629
47325,0.001905,172.217.194.0-255,10692,304219,77,384629
47326,0.001908,172.31.40.0-255,66,304285,77,384629
47327,0.002217,172.31.40.0-255,101,304386,77,384629
47328,0.00414,172.217.194.0-255,4320,308706,77,384629
47329,0.004146,172.31.40.0-255,66,308772,77,384629
47330,0.004165,172.217.194.0-255,1484,310256,77,384629
47331,0.004404,172.217.194.0-255,66,310322,77,384629
47332,0.006356,172.217.194.0-255,4320,314642,77,384629
47333,0.006362,172.31.40.0-255,66,314708,77,384629
47334,0.008576,172.217.194.0-255,5738,320446,77,384629
47335,0.008583,172.31.40.0-255,66,320512,77,384629
47336,0.010777,172.217.194.0-255,5738,326250,77,384629
47337,0.01078,172.31.40.0-255,66,326316,77,384629
47338,0.013014,172.217.194.0-255,5738,332054,77,384629
47339,0.01303,172.31.40.0-255,66,332120,77,384629
47340,0.015261,172.217.194.0-255,5738,337858,77,384629
47341,0.015275,172.31.40.0-255,66,337924,77,384629
47342,0.017493,172.217.194.0-255,5738,343662,77,384629
47343,0.017502,172.31.40.0-255,66,343728,77,384629
47344,0.019707,172.217.194.0-255,5738,349466,77,384629
47345,0.019713,172.31.40.0-255,66,349532,77,384629
47346,0.021939,172.217.194.0-255,5738,355270,77,384629
47347,0.021946,172.31.40.0-255,66,355336,77,384629
47348,0.024155,172.217.194.0-255,5738,361074,77,384629
47349,0.024162,172.31.40.0-255,66,361140,77,384629
47350,0.026394,172.217.194.0-255,5738,366878,77,384629
47351,0.026402,172.31.40.0-255,66,366944,77,384629
47352,0.028615,172.217.194.0-255,5738,372682,77,384629
47353,0.028623,172.31.40.0-255,66,372748,77,384629
47354,0.03085,172.217.194.0-255,5738,378486,77,384629
47355,0.030856,172.31.40.0-255,66,378552,77,384629
47356,0.033071,172.217.194.0-255,1561,380113,77,384629
47357,0.033084,172.31.40.0-255,66,380179,77,384629
47358,0.040641,172.31.40.0-255,105,380284,77,384629
47359,0.047549,172.217.194.0-255,66,380350,77,384629
47360,0.047734,172.31.40.0-255,172,380522,77,384629
47361,0.047761,172.31.40.0-255,1120,381642,77,384629
47362,0.047815,172.31.40.0-255,1514,383156,77,384629
47363,0.047816,172.31.40.0-255,1275,384431,77,384629
47364,0.049305,104.244.42.0-255,66,384497,77,384629
47365,0.049332,104.244.42.0-255,66,384563,77,384629
47366,0.04938,104.244.42.0-255,66,384629,77,384629
47367,0.0,74.125.200.0-255,147,147,77,351146
47368,2.4e-05,172.31.40.0-255,66,213,77,351146
47369,3.2e-05,74.125.200.0-255,1484,1697,77,351146
47370,3.7e-05,172.31.40.0-255,66,1763,77,351146
47371,5.1e-05,74.125.200.0-255,2902,4665,77,351146
47372,5.5e-05,172.31.40.0-255,66,4731,77,351146
47373,7.9e-05,74.125.200.0-255,2902,7633,77,351146
47374,8.2e-05,172.31.40.0-255,66,7699,77,351146
47375,0.000112,74.125.200.0-255,2902,10601,77,351146
47376,0.000115,172.31.40.0-255,66,10667,77,351146
47377,0.000227,74.125.200.0-255,5738,16405,77,351146
47378,0.000231,172.31.40.0-255,66,16471,77,351146
47379,0.000261,74.125.200.0-255,4846,21317,77,351146
47380,0.000264,172.31.40.0-255,66,21383,77,351146
47381,0.000487,74.125.200.0-255,4320,25703,77,351146
47382,0.000492,172.31.40.0-255,66,25769,77,351146
47383,0.000593,74.125.200.0-255,5379,31148,77,351146
47384,0.000598,172.31.40.0-255,66,31214,77,351146
47385,0.000726,74.125.200.0-255,4320,35534,77,351146
47386,0.00073,172.31.40.0-255,66,35600,77,351146
47387,0.000774,172.31.40.0-255,66,35666,77,351146
47388,0.001301,74.125.200.0-255,11664,47330,77,351146
47389,0.001306,172.31.40.0-255,66,47396,77,351146
47390,0.001582,172.31.40.0-255,66,47462,77,351146
47391,0.001984,74.125.200.0-255,4320,51782,77,351146
47392,0.00199,172.31.40.0-255,66,51848,77,351146
47393,0.002044,172.31.40.0-255,66,51914,77,351146
47394,0.002737,74.125.200.0-255,5738,57652,77,351146
47395,0.002741,172.31.40.0-255,66,57718,77,351146
47396,0.002767,74.125.200.0-255,13528,71246,77,351146
47397,0.003575,172.31.40.0-255,66,71312,77,351146
47398,0.005569,74.125.200.0-255,5738,77050,77,351146
47399,0.005575,172.31.40.0-255,66,77116,77,351146
47400,0.007571,74.125.200.0-255,5738,82854,77,351146
47401,0.007577,172.31.40.0-255,66,82920,77,351146
47402,0.009573,74.125.200.0-255,5738,88658,77,351146
47403,0.009581,172.31.40.0-255,66,88724,77,351146
47404,0.011599,74.125.200.0-255,5738,94462,77,351146
47405,0.011607,172.31.40.0-255,66,94528,77,351146
47406,0.013658,74.125.200.0-255,5738,100266,77,351146
47407,0.014158,172.31.40.0-255,66,100332,77,351146
47408,0.016154,74.125.200.0-255,5738,106070,77,351146
47409,0.016162,172.31.40.0-255,66,106136,77,351146
47410,0.018154,74.125.200.0-255,5738,111874,77,351146
47411,0.018191,172.31.40.0-255,66,111940,77,351146
47412,0.020199,74.125.200.0-255,5738,117678,77,351146
47413,0.020208,172.31.40.0-255,66,117744,77,351146
47414,0.022193,74.125.200.0-255,5738,123482,77,351146
47415,0.022201,172.31.40.0-255,66,123548,77,351146
47416,0.024195,74.125.200.0-255,5738,129286,77,351146
47417,0.024202,172.31.40.0-255,66,129352,77,351146
47418,0.026192,74.125.200.0-255,5738,135090,77,351146
47419,0.0262,172.31.40.0-255,66,135156,77,351146
47420,0.026341,172.31.40.0-255,172,135328,77,351146
47421,0.026368,172.31.40.0-255,1116,136444,77,351146
47422,0.026486,172.31.40.0-255,1514,137958,77,351146
47423,0.026488,172.31.40.0-255,1514,139472,77,351146
47424,0.026489,172.31.40.0-255,1514,140986,77,351146
47425,0.02649,172.31.40.0-255,1514,142500,77,351146
47426,0.026492,172.31.40.0-255,526,143026,77,351146
47427,0.028204,74.125.200.0-255,5738,148764,77,351146
47428,0.028211,172.31.40.0-255,66,148830,77,351146
47429,0.028862,104.244.42.0-255,66,148896,77,351146
47430,0.030213,74.125.200.0-255,5738,154634,77,351146
47431,0.030219,172.31.40.0-255,66,154700,77,351146
47432,0.032232,74.125.200.0-255,5738,160438,77,351146
47433,0.032238,172.31.40.0-255,66,160504,77,351146
47434,0.034238,74.125.200.0-255,5738,166242,77,351146
47435,0.034245,172.31.40.0-255,66,166308,77,351146
47436,0.036245,74.125.200.0-255,5738,172046,77,351146
47437,0.036251,172.31.40.0-255,66,172112,77,351146
47438,0.038257,74.125.200.0-255,5738,177850,77,351146
47439,0.038264,172.31.40.0-255,66,177916,77,351146
47440,0.040265,74.125.200.0-255,5738,183654,77,351146
47441,0.040272,172.31.40.0-255,66,183720,77,351146
47442,0.042267,74.125.200.0-255,5738,189458,77,351146
47443,0.042274,172.31.40.0-255,66,189524,77,351146
47444,0.044289,74.125.200.0-255,5738,195262,77,351146
47445,0.044295,172.31.40.0-255,66,195328,77,351146
47446,0.046296,74.125.200.0-255,5738,201066,77,351146
47447,0.046312,172.31.40.0-255,66,201132,77,351146
47448,0.048325,74.125.200.0-255,5738,206870,77,351146
47449,0.048339,172.31.40.0-255,66,206936,77,351146
47450,0.050341,74.125.200.0-255,5738,212674,77,351146
47451,0.050357,172.31.40.0-255,66,212740,77,351146
47452,0.052364,74.125.200.0-255,5738,218478,77,351146
47453,0.052381,172.31.40.0-255,66,218544,77,351146
47454,0.054384,74.125.200.0-255,5738,224282,77,351146
47455,0.054395,172.31.40.0-255,66,224348,77,351146
47456,0.056384,74.125.200.0-255,5738,230086,77,351146
47457,0.05639,172.31.40.0-255,66,230152,77,351146
47458,0.058392,74.125.200.0-255,5738,235890,77,351146
47459,0.058407,172.31.40.0-255,66,235956,77,351146
47460,0.060427,74.125.200.0-255,5738,241694,77,351146
47461,0.06044,172.31.40.0-255,66,241760,77,351146
47462,0.062452,74.125.200.0-255,5738,247498,77,351146
47463,0.062468,172.31.40.0-255,66,247564,77,351146
47464,0.064493,74.125.200.0-255,5738,253302,77,351146
47465,0.06451,172.31.40.0-255,66,253368,77,351146
47466,0.066519,74.125.200.0-255,5738,259106,77,351146
47467,0.066533,172.31.40.0-255,66,259172,77,351146
47468,0.068549,74.125.200.0-255,5738,264910,77,351146
47469,0.068565,172.31.40.0-255,66,264976,77,351146
47470,0.070576,74.125.200.0-255,5738,270714,77,351146
47471,0.070587,172.31.40.0-255,66,270780,77,351146
47472,0.072618,74.125.200.0-255,5738,276518,77,351146
47473,0.072635,172.31.40.0-255,66,276584,77,351146
47474,0.074654,74.125.200.0-255,5738,282322,77,351146
47475,0.074668,172.31.40.0-255,66,282388,77,351146
47476,0.076686,74.125.200.0-255,5738,288126,77,351146
47477,0.076693,172.31.40.0-255,66,288192,77,351146
47478,0.078732,74.125.200.0-255,5738,293930,77,351146
47479,0.078738,172.31.40.0-255,66,293996,77,351146
47480,0.080757,74.125.200.0-255,5738,299734,77,351146
47481,0.080763,172.31.40.0-255,66,299800,77,351146
47482,0.082754,74.125.200.0-255,5738,305538,77,351146
47483,0.08276,172.31.40.0-255,66,305604,77,351146
47484,0.084753,74.125.200.0-255,5738,311342,77,351146
47485,0.084758,172.31.40.0-255,66,311408,77,351146
47486,0.086761,74.125.200.0-255,5738,317146,77,351146
47487,0.086769,172.31.40.0-255,66,317212,77,351146
47488,0.088766,74.125.200.0-255,4320,321532,77,351146
47489,0.088774,172.31.40.0-255,66,321598,77,351146
47490,0.088803,74.125.200.0-255,1484,323082,77,351146
47491,0.090772,74.125.200.0-255,4320,327402,77,351146
47492,0.090779,172.31.40.0-255,66,327468,77,351146
47493,0.092791,74.125.200.0-255,5738,333206,77,351146
47494,0.092843,172.31.40.0-255,66,333272,77,351146
47495,0.094826,74.125.200.0-255,2902,336174,77,351146
47496,0.094832,172.31.40.0-255,66,336240,77,351146
47497,0.094861,74.125.200.0-255,2902,339142,77,351146
47498,0.094912,172.31.40.0-255,66,339208,77,351146
47499,0.096836,74.125.200.0-255,2902,342110,77,351146
47500,0.096843,172.31.40.0-255,66,342176,77,351146
47501,0.096888,74.125.200.0-255,1484,343660,77,351146
47502,0.096906,74.125.200.0-255,1484,345144,77,351146
47503,0.096916,172.31.40.0-255,66,345210,77,351146
47504,0.098834,74.125.200.0-255,2902,348112,77,351146
47505,0.098841,172.31.40.0-255,66,348178,77,351146
47506,0.098913,74.125.200.0-255,2902,351080,77,351146
47507,0.098946,172.31.40.0-255,66,351146,77,351146
47508,0.0,74.125.24.0-255,152,152,77,417389
47509,1.6e-05,172.31.40.0-255,66,218,77,417389
47510,2.3e-05,74.125.24.0-255,1484,1702,77,417389
47511,2.7e-05,172.31.40.0-255,66,1768,77,417389
47512,3.3e-05,74.125.24.0-255,2902,4670,77,417389
47513,3.6e-05,172.31.40.0-255,66,4736,77,417389
47514,4.3e-05,74.125.24.0-255,7156,11892,77,417389
47515,4.6e-05,172.31.40.0-255,66,11958,77,417389
47516,9.4e-05,74.125.24.0-255,13320,25278,77,417389
47517,9.6e-05,172.31.40.0-255,66,25344,77,417389
47518,0.00012,74.125.24.0-255,5379,30723,77,417389
47519,0.000122,172.31.40.0-255,66,30789,77,417389
47520,0.000515,74.125.24.0-255,1484,32273,77,417389
47521,0.00052,172.31.40.0-255,66,32339,77,417389
47522,0.000526,74.125.24.0-255,2902,35241,77,417389
47523,0.000528,172.31.40.0-255,66,35307,77,417389
47524,0.000535,74.125.24.0-255,5738,41045,77,417389
47525,0.000536,172.31.40.0-255,66,41111,77,417389
47526,0.000564,74.125.24.0-255,4320,45431,77,417389
47527,0.000568,172.31.40.0-255,66,45497,77,417389
47528,0.000586,74.125.24.0-255,2543,48040,77,417389
47529,0.000589,172.31.40.0-255,66,48106,77,417389
47530,0.000661,74.125.24.0-255,1484,49590,77,417389
47531,0.000664,172.31.40.0-255,66,49656,77,417389
47532,0.00067,74.125.24.0-255,2902,52558,77,417389
47533,0.000672,172.31.40.0-255,66,52624,77,417389
47534,0.00068,74.125.24.0-255,5738,58362,77,417389
47535,0.000682,172.31.40.0-255,66,58428,77,417389
47536,0.00073,74.125.24.0-255,7096,65524,77,417389
47537,0.000732,172.31.40.0-255,66,65590,77,417389
47538,0.000818,74.125.24.0-255,129,65719,77,417389
47539,0.000821,172.31.40.0-255,66,65785,77,417389
47540,0.000824,74.125.24.0-255,348,66133,77,417389
47541,0.001016,172.31.40.0-255,66,66199,77,417389
47542,0.001101,74.125.24.0-255,1484,67683,77,417389
47543,0.001108,74.125.24.0-255,2902,70585,77,417389
47544,0.001111,172.31.40.0-255,66,70651,77,417389
47545,0.001134,74.125.24.0-255,5738,76389,77,417389
47546,0.001136,172.31.40.0-255,66,76455,77,417389
47547,0.001149,74.125.24.0-255,5738,82193,77,417389
47548,0.001151,172.31.40.0-255,66,82259,77,417389
47549,0.001172,74.125.24.0-255,7156,89415,77,417389
47550,0.001174,172.31.40.0-255,66,89481,77,417389
47551,0.001183,74.125.24.0-255,10692,100173,77,417389
47552,0.001185,172.31.40.0-255,66,100239,77,417389
47553,0.001225,74.125.24.0-255,8574,108813,77,417389
47554,0.001227,172.31.40.0-255,66,108879,77,417389
47555,0.001231,74.125.24.0-255,2902,111781,77,417389
47556,0.001233,172.31.40.0-255,66,111847,77,417389
47557,0.001251,74.125.24.0-255,7156,119003,77,417389
47558,0.001253,172.31.40.0-255,66,119069,77,417389
47559,0.001273,74.125.24.0-255,1484,120553,77,417389
47560,0.001309,74.125.24.0-255,4320,124873,77,417389
47561,0.001312,172.31.40.0-255,66,124939,77,417389
47562,0.001328,74.125.24.0-255,9274,134213,77,417389
47563,0.001475,74.125.24.0-255,1484,135697,77,417389
47564,0.001481,74.125.24.0-255,2902,138599,77,417389
47565,0.001501,74.125.24.0-255,5738,144337,77,417389
47566,0.001517,74.125.24.0-255,7156,151493,77,417389
47567,0.001532,74.125.24.0-255,5738,157231,77,417389
47568,0.001539,74.125.24.0-255,7156,164387,77,417389
47569,0.001576,74.125.24.0-255,3602,167989,77,417389
47570,0.001695,74.125.24.0-255,1484,169473,77,417389
47571,0.001701,74.125.24.0-255,2902,172375,77,417389
47572,0.001705,74.125.24.0-255,2902,175277,77,417389
47573,0.001722,74.125.24.0-255,2902,178179,77,417389
47574,0.001727,74.125.24.0-255,5738,183917,77,417389
47575,0.001744,74.125.24.0-255,2902,186819,77,417389
47576,0.001788,74.125.24.0-255,2902,189721,77,417389
47577,0.001817,74.125.24.0-255,12110,201831,77,417389
47578,0.001831,74.125.24.0-255,2902,204733,77,417389
47579,0.001844,74.125.24.0-255,7156,211889,77,417389
47580,0.001863,74.125.24.0-255,5738,217627,77,417389
47581,0.001872,74.125.24.0-255,11410,229037,77,417389
47582,0.001892,74.125.24.0-255,5738,234775,77,417389
47583,0.001894,74.125.24.0-255,766,235541,77,417389
47584,0.002144,74.125.24.0-255,1484,237025,77,417389
47585,0.002168,74.125.24.0-255,2902,239927,77,417389
47586,0.002174,74.125.24.0-255,5738,245665,77,417389
47587,0.002189,74.125.24.0-255,4320,249985,77,417389
47588,0.002212,74.125.24.0-255,7156,257141,77,417389
47589,0.002221,74.125.24.0-255,8574,265715,77,417389
47590,0.002232,74.125.24.0-255,3602,269317,77,417389
47591,0.002274,74.125.24.0-255,2902,272219,77,417389
47592,0.0023,74.125.24.0-255,8574,280793,77,417389
47593,0.008617,172.31.40.0-255,66,280859,77,417389
47594,0.009129,172.31.40.0-255,101,280960,77,417389
47595,0.010896,74.125.24.0-255,5738,286698,77,417389
47596,0.010908,172.31.40.0-255,66,286764,77,417389
47597,0.011343,74.125.24.0-255,66,286830,77,417389
47598,0.013156,74.125.24.0-255,5738,292568,77,417389
47599,0.01316,172.31.40.0-255,66,292634,77,417389
47600,0.015427,74.125.24.0-255,5738,298372,77,417389
47601,0.015443,172.31.40.0-255,66,298438,77,417389
47602,0.017701,74.125.24.0-255,5738,304176,77,417389
47603,0.017717,172.31.40.0-255,66,304242,77,417389
47604,0.020022,74.125.24.0-255,5738,309980,77,417389
47605,0.020031,172.31.40.0-255,66,310046,77,417389
47606,0.022289,74.125.24.0-255,5738,315784,77,417389
47607,0.022299,172.31.40.0-255,66,315850,77,417389
47608,0.02456,74.125.24.0-255,5738,321588,77,417389
47609,0.024566,172.31.40.0-255,66,321654,77,417389
47610,0.026834,74.125.24.0-255,5738,327392,77,417389
47611,0.026842,172.31.40.0-255,66,327458,77,417389
47612,0.02911,74.125.24.0-255,5738,333196,77,417389
47613,0.029121,172.31.40.0-255,66,333262,77,417389
47614,0.031381,74.125.24.0-255,5738,339000,77,417389
47615,0.031389,172.31.40.0-255,66,339066,77,417389
47616,0.033668,74.125.24.0-255,5738,344804,77,417389
47617,0.033685,172.31.40.0-255,66,344870,77,417389
47618,0.03593,74.125.24.0-255,5738,350608,77,417389
47619,0.035939,172.31.40.0-255,66,350674,77,417389
47620,0.038201,74.125.24.0-255,5738,356412,77,417389
47621,0.038209,172.31.40.0-255,66,356478,77,417389
47622,0.040442,74.125.24.0-255,5738,362216,77,417389
47623,0.040455,172.31.40.0-255,66,362282,77,417389
47624,0.042729,74.125.24.0-255,5738,368020,77,417389
47625,0.042744,172.31.40.0-255,66,368086,77,417389
47626,0.045005,74.125.24.0-255,5738,373824,77,417389
47627,0.045018,172.31.40.0-255,66,373890,77,417389
47628,0.047282,74.125.24.0-255,5738,379628,77,417389
47629,0.04729,172.31.40.0-255,66,379694,77,417389
47630,0.049553,74.125.24.0-255,5738,385432,77,417389
47631,0.049565,172.31.40.0-255,66,385498,77,417389
47632,0.051823,74.125.24.0-255,5738,391236,77,417389
47633,0.051833,172.31.40.0-255,66,391302,77,417389
47634,0.052399,172.31.40.0-255,172,391474,77,417389
47635,0.052426,172.31.40.0-255,1119,392593,77,417389
47636,0.052478,172.31.40.0-255,1514,394107,77,417389
47637,0.05248,172.31.40.0-255,1276,395383,77,417389
47638,0.053908,104.244.42.0-255,66,395449,77,417389
47639,0.053973,104.244.42.0-255,66,395515,77,417389
47640,0.053988,104.244.42.0-255,66,395581,77,417389
47641,0.054068,74.125.24.0-255,5738,401319,77,417389
47642,0.054075,172.31.40.0-255,66,401385,77,417389
47643,0.056345,74.125.24.0-255,5738,407123,77,417389
47644,0.056361,172.31.40.0-255,66,407189,77,417389
47645,0.058638,74.125.24.0-255,5738,412927,77,417389
47646,0.058655,172.31.40.0-255,66,412993,77,417389
47647,0.060924,74.125.24.0-255,4159,417152,77,417389
47648,0.06094,172.31.40.0-255,66,417218,77,417389
47649,0.061169,172.31.40.0-255,105,417323,77,417389
47650,0.068117,74.125.24.0-255,66,417389,77,417389
47651,0.0,74.125.24.0-255,153,153,77,356811
47652,2.1e-05,172.31.40.0-255,66,219,77,356811
47653,2.8e-05,74.125.24.0-255,1484,1703,77,356811
47654,3.3e-05,172.31.40.0-255,66,1769,77,356811
47655,3.8e-05,74.125.24.0-255,2902,4671,77,356811
47656,4.2e-05,172.31.40.0-255,66,4737,77,356811
47657,5e-05,74.125.24.0-255,7156,11893,77,356811
47658,5.3e-05,172.31.40.0-255,66,11959,77,356811
47659,5.7e-05,74.125.24.0-255,2156,14115,77,356811
47660,6e-05,172.31.40.0-255,66,14181,77,356811
47661,6.7e-05,74.125.24.0-255,5738,19919,77,356811
47662,7e-05,172.31.40.0-255,66,19985,77,356811
47663,9.9e-05,74.125.24.0-255,5738,25723,77,356811
47664,0.000102,172.31.40.0-255,66,25789,77,356811
47665,0.000108,74.125.24.0-255,5379,31168,77,356811
47666,0.000111,172.31.40.0-255,66,31234,77,356811
47667,0.000178,74.125.24.0-255,1484,32718,77,356811
47668,0.000181,172.31.40.0-255,66,32784,77,356811
47669,0.000198,74.125.24.0-255,2902,35686,77,356811
47670,0.0002,172.31.40.0-255,66,35752,77,356811
47671,0.000206,74.125.24.0-255,4320,40072,77,356811
47672,0.000208,172.31.40.0-255,66,40138,77,356811
47673,0.000229,74.125.24.0-255,1484,41622,77,356811
47674,0.000231,172.31.40.0-255,66,41688,77,356811
47675,0.000239,74.125.24.0-255,6797,48485,77,356811
47676,0.000241,172.31.40.0-255,66,48551,77,356811
47677,0.000453,74.125.24.0-255,1484,50035,77,356811
47678,0.000459,172.31.40.0-255,66,50101,77,356811
47679,0.000466,74.125.24.0-255,2902,53003,77,356811
47680,0.000468,172.31.40.0-255,66,53069,77,356811
47681,0.000473,74.125.24.0-255,2902,55971,77,356811
47682,0.000475,172.31.40.0-255,66,56037,77,356811
47683,0.0005,74.125.24.0-255,2902,58939,77,356811
47684,0.000503,172.31.40.0-255,66,59005,77,356811
47685,0.000507,74.125.24.0-255,2902,61907,77,356811
47686,0.00051,172.31.40.0-255,66,61973,77,356811
47687,0.000563,74.125.24.0-255,3961,65934,77,356811
47688,0.000566,172.31.40.0-255,66,66000,77,356811
47689,0.000724,74.125.24.0-255,1484,67484,77,356811
47690,0.00073,74.125.24.0-255,2902,70386,77,356811
47691,0.000734,172.31.40.0-255,66,70452,77,356811
47692,0.00074,74.125.24.0-255,4320,74772,77,356811
47693,0.000743,172.31.40.0-255,66,74838,77,356811
47694,0.000755,74.125.24.0-255,1484,76322,77,356811
47695,0.000762,74.125.24.0-255,6797,83119,77,356811
47696,0.000765,172.31.40.0-255,66,83185,77,356811
47697,0.00078,74.125.24.0-255,1484,84669,77,356811
47698,0.0008,74.125.24.0-255,8574,93243,77,356811
47699,0.000802,172.31.40.0-255,66,93309,77,356811
47700,0.000823,74.125.24.0-255,4320,97629,77,356811
47701,0.000825,74.125.24.0-255,1484,99113,77,356811
47702,0.000829,172.31.40.0-255,66,99179,77,356811
47703,0.000859,172.31.40.0-255,66,99245,77,356811
47704,0.000862,74.125.24.0-255,651,99896,77,356811
47705,0.00091,74.125.24.0-255,212,100108,77,356811
47706,0.001552,74.125.24.0-255,1484,101592,77,356811
47707,0.001557,172.31.40.0-255,66,101658,77,356811
47708,0.001563,74.125.24.0-255,2902,104560,77,356811
47709,0.001565,172.31.40.0-255,66,104626,77,356811
47710,0.001569,74.125.24.0-255,2902,107528,77,356811
47711,0.001571,172.31.40.0-255,66,107594,77,356811
47712,0.001597,74.125.24.0-255,2902,110496,77,356811
47713,0.001602,74.125.24.0-255,4320,114816,77,356811
47714,0.001606,172.31.40.0-255,66,114882,77,356811
47715,0.001609,172.31.40.0-255,66,114948,77,356811
47716,0.001618,74.125.24.0-255,2902,117850,77,356811
47717,0.001621,172.31.40.0-255,66,117916,77,356811
47718,0.001646,74.125.24.0-255,5738,123654,77,356811
47719,0.001649,172.31.40.0-255,66,123720,77,356811
47720,0.001666,74.125.24.0-255,2902,126622,77,356811
47721,0.001668,172.31.40.0-255,66,126688,77,356811
47722,0.001671,74.125.24.0-255,1484,128172,77,356811
47723,0.001689,74.125.24.0-255,6438,134610,77,356811
47724,0.001691,172.31.40.0-255,66,134676,77,356811
47725,0.001928,74.125.24.0-255,1484,136160,77,356811
47726,0.001942,74.125.24.0-255,2902,139062,77,356811
47727,0.001946,172.31.40.0-255,66,139128,77,356811
47728,0.001965,74.125.24.0-255,4320,143448,77,356811
47729,0.001968,172.31.40.0-255,66,143514,77,356811
47730,0.001985,74.125.24.0-255,1484,144998,77,356811
47731,0.001989,74.125.24.0-255,2902,147900,77,356811
47732,0.001991,172.31.40.0-255,66,147966,77,356811
47733,0.002014,74.125.24.0-255,7156,155122,77,356811
47734,0.002017,74.125.24.0-255,2902,158024,77,356811
47735,0.002021,172.31.40.0-255,66,158090,77,356811
47736,0.002023,172.31.40.0-255,66,158156,77,356811
47737,0.002034,74.125.24.0-255,5738,163894,77,356811
47738,0.002037,172.31.40.0-255,66,163960,77,356811
47739,0.002058,74.125.24.0-255,5020,168980,77,356811
47740,0.00206,172.31.40.0-255,66,169046,77,356811
47741,0.002093,74.125.24.0-255,2902,171948,77,356811
47742,0.002096,172.31.40.0-255,66,172014,77,356811
47743,0.002114,74.125.24.0-255,5738,177752,77,356811
47744,0.002117,172.31.40.0-255,66,177818,77,356811
47745,0.002148,74.125.24.0-255,5738,183556,77,356811
47746,0.002151,172.31.40.0-255,66,183622,77,356811
47747,0.002158,74.125.24.0-255,7156,190778,77,356811
47748,0.00216,172.31.40.0-255,66,190844,77,356811
47749,0.002198,74.125.24.0-255,7156,198000,77,356811
47750,0.002202,172.31.40.0-255,66,198066,77,356811
47751,0.002213,74.125.24.0-255,5020,203086,77,356811
47752,0.002215,172.31.40.0-255,66,203152,77,356811
47753,0.002233,74.125.24.0-255,1484,204636,77,356811
47754,0.002246,74.125.24.0-255,4320,208956,77,356811
47755,0.002248,172.31.40.0-255,66,209022,77,356811
47756,0.00227,74.125.24.0-255,5738,214760,77,356811
47757,0.002273,172.31.40.0-255,66,214826,77,356811
47758,0.002286,74.125.24.0-255,1484,216310,77,356811
47759,0.002294,74.125.24.0-255,7156,223466,77,356811
47760,0.002297,172.31.40.0-255,66,223532,77,356811
47761,0.002322,74.125.24.0-255,4320,227852,77,356811
47762,0.002325,172.31.40.0-255,66,227918,77,356811
47763,0.00236,172.31.40.0-255,66,227984,77,356811
47764,0.002366,74.125.24.0-255,5738,233722,77,356811
47765,0.002369,172.31.40.0-255,66,233788,77,356811
47766,0.002412,172.31.40.0-255,66,233854,77,356811
47767,0.002421,74.125.24.0-255,9274,243128,77,356811
47768,0.002423,172.31.40.0-255,66,243194,77,356811
47769,0.002452,74.125.24.0-255,8574,251768,77,356811
47770,0.002455,172.31.40.0-255,66,251834,77,356811
47771,0.002515,74.125.24.0-255,12828,264662,77,356811
47772,0.002518,172.31.40.0-255,66,264728,77,356811
47773,0.002546,74.125.24.0-255,9992,274720,77,356811
47774,0.002549,172.31.40.0-255,66,274786,77,356811
47775,0.002557,74.125.24.0-255,7856,282642,77,356811
47776,0.002559,172.31.40.0-255,66,282708,77,356811
47777,0.002568,74.125.24.0-255,8574,291282,77,356811
47778,0.002571,172.31.40.0-255,66,291348,77,356811
47779,0.00258,74.125.24.0-255,8574,299922,77,356811
47780,0.002582,172.31.40.0-255,66,299988,77,356811
47781,0.002614,74.125.24.0-255,9274,309262,77,356811
47782,0.002617,172.31.40.0-255,66,309328,77,356811
47783,0.00262,74.125.24.0-255,1484,310812,77,356811
47784,0.002636,74.125.24.0-255,1484,312296,77,356811
47785,0.002639,172.31.40.0-255,66,312362,77,356811
47786,0.002645,74.125.24.0-255,4320,316682,77,356811
47787,0.002647,172.31.40.0-255,66,316748,77,356811
47788,0.002668,74.125.24.0-255,4320,321068,77,356811
47789,0.002671,172.31.40.0-255,66,321134,77,356811
47790,0.002687,74.125.24.0-255,1484,322618,77,356811
47791,0.002705,74.125.24.0-255,2902,325520,77,356811
47792,0.002707,172.31.40.0-255,66,325586,77,356811
47793,0.002713,74.125.24.0-255,4320,329906,77,356811
47794,0.002716,172.31.40.0-255,66,329972,77,356811
47795,0.002743,74.125.24.0-255,13528,343500,77,356811
47796,0.002746,172.31.40.0-255,66,343566,77,356811
47797,0.002789,172.31.40.0-255,66,343632,77,356811
47798,0.002795,74.125.24.0-255,3573,347205,77,356811
47799,0.002797,172.31.40.0-255,66,347271,77,356811
47800,0.00283,74.125.24.0-255,105,347376,77,356811
47801,0.014532,172.31.40.0-255,66,347442,77,356811
47802,0.014586,172.31.40.0-255,105,347547,77,356811
47803,0.017333,74.125.24.0-255,66,347613,77,356811
47804,0.041174,172.31.40.0-255,172,347785,77,356811
47805,0.041211,172.31.40.0-255,1115,348900,77,356811
47806,0.041279,172.31.40.0-255,1514,350414,77,356811
47807,0.041281,172.31.40.0-255,1514,351928,77,356811
47808,0.041285,172.31.40.0-255,1514,353442,77,356811
47809,0.041287,172.31.40.0-255,1514,354956,77,356811
47810,0.041303,172.31.40.0-255,1483,356439,77,356811
47811,0.042765,104.244.42.0-255,66,356505,77,356811
47812,0.042776,104.244.42.0-255,66,356571,77,356811
47813,0.042872,104.244.42.0-255,66,356637,77,356811
47814,0.043488,104.244.42.0-255,108,356745,77,356811
47815,0.043498,172.31.40.0-255,66,356811,77,356811
47816,0.0,74.125.24.0-255,153,153,77,418641
47817,1.6e-05,172.31.40.0-255,66,219,77,418641
47818,3.1e-05,74.125.24.0-255,1484,1703,77,418641
47819,3.5e-05,172.31.40.0-255,66,1769,77,418641
47820,4e-05,74.125.24.0-255,2902,4671,77,418641
47821,4.2e-05,172.31.40.0-255,66,4737,77,418641
47822,6.1e-05,74.125.24.0-255,2902,7639,77,418641
47823,6.3e-05,172.31.40.0-255,66,7705,77,418641
47824,8.6e-05,74.125.24.0-255,2902,10607,77,418641
47825,8.8e-05,172.31.40.0-255,66,10673,77,418641
47826,9.3e-05,74.125.24.0-255,3437,14110,77,418641
47827,9.5e-05,172.31.40.0-255,66,14176,77,418641
47828,0.000125,74.125.24.0-255,1484,15660,77,418641
47829,0.000127,172.31.40.0-255,66,15726,77,418641
47830,0.000146,74.125.24.0-255,4320,20046,77,418641
47831,0.000148,172.31.40.0-255,66,20112,77,418641
47832,0.000185,74.125.24.0-255,7156,27268,77,418641
47833,0.000187,172.31.40.0-255,66,27334,77,418641
47834,0.000207,74.125.24.0-255,3961,31295,77,418641
47835,0.00021,172.31.40.0-255,66,31361,77,418641
47836,0.00032,74.125.24.0-255,1484,32845,77,418641
47837,0.000323,172.31.40.0-255,66,32911,77,418641
47838,0.000329,74.125.24.0-255,2902,35813,77,418641
47839,0.000331,172.31.40.0-255,66,35879,77,418641
47840,0.000348,74.125.24.0-255,4320,40199,77,418641
47841,0.00035,172.31.40.0-255,66,40265,77,418641
47842,0.000361,74.125.24.0-255,1484,41749,77,418641
47843,0.000363,172.31.40.0-255,66,41815,77,418641
47844,0.000386,74.125.24.0-255,5738,47553,77,418641
47845,0.000388,172.31.40.0-255,66,47619,77,418641
47846,0.000413,74.125.24.0-255,8215,55834,77,418641
47847,0.000415,172.31.40.0-255,66,55900,77,418641
47848,0.000423,74.125.24.0-255,8574,64474,77,418641
47849,0.000425,74.125.24.0-255,1125,65599,77,418641
47850,0.000509,172.31.40.0-255,66,65665,77,418641
47851,0.001014,74.125.24.0-255,366,66031,77,418641
47852,0.001215,74.125.24.0-255,377,66408,77,418641
47853,0.001249,74.125.24.0-255,1484,67892,77,418641
47854,0.001252,74.125.24.0-255,1484,69376,77,418641
47855,0.001263,74.125.24.0-255,1484,70860,77,418641
47856,0.001277,74.125.24.0-255,1484,72344,77,418641
47857,0.00128,74.125.24.0-255,1484,73828,77,418641
47858,0.001306,74.125.24.0-255,8574,82402,77,418641
47859,0.001311,74.125.24.0-255,4320,86722,77,418641
47860,0.001324,74.125.24.0-255,4320,91042,77,418641
47861,0.001332,172.31.40.0-255,66,91108,77,418641
47862,0.001374,74.125.24.0-255,4320,95428,77,418641
47863,0.001388,74.125.24.0-255,5738,101166,77,418641
47864,0.001399,74.125.24.0-255,4320,105486,77,418641
47865,0.001403,172.31.40.0-255,66,105552,77,418641
47866,0.001414,74.125.24.0-255,6438,111990,77,418641
47867,0.001417,74.125.24.0-255,1484,113474,77,418641
47868,0.001439,74.125.24.0-255,11410,124884,77,418641
47869,0.001444,172.31.40.0-255,66,124950,77,418641
47870,0.001473,74.125.24.0-255,8574,133524,77,418641
47871,0.001479,74.125.24.0-255,6438,139962,77,418641
47872,0.001489,74.125.24.0-255,12828,152790,77,418641
47873,0.00151,74.125.24.0-255,8574,161364,77,418641
47874,0.001513,172.31.40.0-255,66,161430,77,418641
47875,0.001518,172.31.40.0-255,66,161496,77,418641
47876,0.001536,74.125.24.0-255,4320,165816,77,418641
47877,0.00154,74.125.24.0-255,2184,168000,77,418641
47878,0.001561,172.31.40.0-255,66,168066,77,418641
47879,0.001598,74.125.24.0-255,1484,169550,77,418641
47880,0.001613,74.125.24.0-255,2902,172452,77,418641
47881,0.001617,172.31.40.0-255,66,172518,77,418641
47882,0.001625,74.125.24.0-255,2902,175420,77,418641
47883,0.001629,172.31.40.0-255,66,175486,77,418641
47884,0.001642,74.125.24.0-255,2902,178388,77,418641
47885,0.001655,74.125.24.0-255,4320,182708,77,418641
47886,0.001662,172.31.40.0-255,66,182774,77,418641
47887,0.001674,74.125.24.0-255,7156,189930,77,418641
47888,0.001683,74.125.24.0-255,1484,191414,77,418641
47889,0.001697,172.31.40.0-255,66,191480,77,418641
47890,0.001718,74.125.24.0-255,4320,195800,77,418641
47891,0.001738,74.125.24.0-255,6438,202238,77,418641
47892,0.001743,172.31.40.0-255,66,202304,77,418641
47893,0.001768,74.125.24.0-255,2902,205206,77,418641
47894,0.001776,172.31.40.0-255,66,205272,77,418641
47895,0.001779,74.125.24.0-255,1484,206756,77,418641
47896,0.001796,74.125.24.0-255,5738,212494,77,418641
47897,0.001809,172.31.40.0-255,66,212560,77,418641
47898,0.001826,74.125.24.0-255,11410,223970,77,418641
47899,0.001829,74.125.24.0-255,1484,225454,77,418641
47900,0.001855,74.125.24.0-255,8574,234028,77,418641
47901,0.00186,74.125.24.0-255,2184,236212,77,418641
47902,0.001871,172.31.40.0-255,66,236278,77,418641
47903,0.001943,74.125.24.0-255,1484,237762,77,418641
47904,0.001962,74.125.24.0-255,2902,240664,77,418641
47905,0.001985,74.125.24.0-255,1484,242148,77,418641
47906,0.001988,74.125.24.0-255,1484,243632,77,418641
47907,0.001994,172.31.40.0-255,66,243698,77,418641
47908,0.002001,74.125.24.0-255,1484,245182,77,418641
47909,0.002017,74.125.24.0-255,5738,250920,77,418641
47910,0.002075,74.125.24.0-255,5738,256658,77,418641
47911,0.002083,74.125.24.0-255,7156,263814,77,418641
47912,0.002093,172.31.40.0-255,66,263880,77,418641
47913,0.002716,172.31.40.0-255,101,263981,77,418641
47914,0.004107,74.125.24.0-255,5738,269719,77,418641
47915,0.004114,172.31.40.0-255,66,269785,77,418641
47916,0.004724,74.125.24.0-255,66,269851,77,418641
47917,0.006111,74.125.24.0-255,5738,275589,77,418641
47918,0.008601,172.31.40.0-255,66,275655,77,418641
47919,0.010618,74.125.24.0-255,5738,281393,77,418641
47920,0.010626,172.31.40.0-255,66,281459,77,418641
47921,0.01262,74.125.24.0-255,5738,287197,77,418641
47922,0.014061,172.31.40.0-255,66,287263,77,418641
47923,0.016087,74.125.24.0-255,5738,293001,77,418641
47924,0.016097,172.31.40.0-255,66,293067,77,418641
47925,0.018121,74.125.24.0-255,5738,298805,77,418641
47926,0.01813,172.31.40.0-255,66,298871,77,418641
47927,0.020257,74.125.24.0-255,2902,301773,77,418641
47928,0.020265,172.31.40.0-255,66,301839,77,418641
47929,0.020289,74.125.24.0-255,2902,304741,77,418641
47930,0.020311,172.31.40.0-255,66,304807,77,418641
47931,0.022324,74.125.24.0-255,5738,310545,77,418641
47932,0.022372,172.31.40.0-255,66,310611,77,418641
47933,0.02442,74.125.24.0-255,5738,316349,77,418641
47934,0.024427,172.31.40.0-255,66,316415,77,418641
47935,0.026427,74.125.24.0-255,5738,322153,77,418641
47936,0.026435,172.31.40.0-255,66,322219,77,418641
47937,0.028466,74.125.24.0-255,5738,327957,77,418641
47938,0.028473,172.31.40.0-255,66,328023,77,418641
47939,0.030459,74.125.24.0-255,5738,333761,77,418641
47940,0.030466,172.31.40.0-255,66,333827,77,418641
47941,0.03248,74.125.24.0-255,5738,339565,77,418641
47942,0.032487,172.31.40.0-255,66,339631,77,418641
47943,0.03291,172.31.40.0-255,171,339802,77,418641
47944,0.032938,172.31.40.0-255,1144,340946,77,418641
47945,0.032998,172.31.40.0-255,1514,342460,77,418641
47946,0.032999,172.31.40.0-255,1252,343712,77,418641
47947,0.034449,104.244.42.0-255,66,343778,77,418641
47948,0.034497,104.244.42.0-255,66,343844,77,418641
47949,0.034511,74.125.24.0-255,5738,349582,77,418641
47950,0.034515,172.31.40.0-255,66,349648,77,418641
47951,0.034585,104.244.42.0-255,66,349714,77,418641
47952,0.036604,74.125.24.0-255,5738,355452,77,418641
47953,0.036616,172.31.40.0-255,66,355518,77,418641
47954,0.038625,74.125.24.0-255,5738,361256,77,418641
47955,0.038633,172.31.40.0-255,66,361322,77,418641
47956,0.040667,74.125.24.0-255,5738,367060,77,418641
47957,0.040673,172.31.40.0-255,66,367126,77,418641
47958,0.042684,74.125.24.0-255,5738,372864,77,418641
47959,0.04269,172.31.40.0-255,66,372930,77,418641
47960,0.044713,74.125.24.0-255,5738,378668,77,418641
47961,0.04472,172.31.40.0-255,66,378734,77,418641
47962,0.046743,74.125.24.0-255,5738,384472,77,418641
47963,0.046749,172.31.40.0-255,66,384538,77,418641
47964,0.048743,74.125.24.0-255,5738,390276,77,418641
47965,0.04875,172.31.40.0-255,66,390342,77,418641
47966,0.050752,74.125.24.0-255,5738,396080,77,418641
47967,0.05076,172.31.40.0-255,66,396146,77,418641
47968,0.052784,74.125.24.0-255,5738,401884,77,418641
47969,0.052792,172.31.40.0-255,66,401950,77,418641
47970,0.054838,74.125.24.0-255,5738,407688,77,418641
47971,0.054847,172.31.40.0-255,66,407754,77,418641
47972,0.056873,74.125.24.0-255,5738,413492,77,418641
47973,0.05688,172.31.40.0-255,66,413558,77,418641
47974,0.058899,74.125.24.0-255,4846,418404,77,418641
47975,0.058906,172.31.40.0-255,66,418470,77,418641
47976,0.059089,172.31.40.0-255,105,418575,77,418641
47977,0.066618,74.125.24.0-255,66,418641,77,418641
47978,0.0,74.125.24.0-255,146,146,77,356247
47979,1.1e-05,172.31.40.0-255,66,212,77,356247
47980,1.7e-05,74.125.24.0-255,1484,1696,77,356247
47981,2.2e-05,172.31.40.0-255,66,1762,77,356247
47982,2.8e-05,74.125.24.0-255,2902,4664,77,356247
47983,3.1e-05,172.31.40.0-255,66,4730,77,356247
47984,3.8e-05,74.125.24.0-255,7156,11886,77,356247
47985,4.1e-05,172.31.40.0-255,66,11952,77,356247
47986,7.8e-05,74.125.24.0-255,9121,21073,77,356247
47987,8.1e-05,172.31.40.0-255,66,21139,77,356247
47988,8.9e-05,74.125.24.0-255,9633,30772,77,356247
47989,9.2e-05,172.31.40.0-255,66,30838,77,356247
47990,0.000185,74.125.24.0-255,1484,32322,77,356247
47991,0.000188,172.31.40.0-255,66,32388,77,356247
47992,0.000194,74.125.24.0-255,2902,35290,77,356247
47993,0.000196,172.31.40.0-255,66,35356,77,356247
47994,0.00021,74.125.24.0-255,1484,36840,77,356247
47995,0.000212,172.31.40.0-255,66,36906,77,356247
47996,0.000259,74.125.24.0-255,2902,39808,77,356247
47997,0.000261,172.31.40.0-255,66,39874,77,356247
47998,0.000267,74.125.24.0-255,5738,45612,77,356247
47999,0.000269,172.31.40.0-255,66,45678,77,356247
48000,0.000297,74.125.24.0-255,7156,52834,77,356247
48001,0.000299,172.31.40.0-255,66,52900,77,356247
48002,0.000313,74.125.24.0-255,3961,56861,77,356247
48003,0.000316,172.31.40.0-255,66,56927,77,356247
48004,0.000324,74.125.24.0-255,8485,65412,77,356247
48005,0.000326,172.31.40.0-255,66,65478,77,356247
48006,0.000362,74.125.24.0-255,385,65863,77,356247
48007,0.000365,172.31.40.0-255,66,65929,77,356247
48008,0.000458,74.125.24.0-255,1484,67413,77,356247
48009,0.000462,172.31.40.0-255,66,67479,77,356247
48010,0.000482,74.125.24.0-255,2902,70381,77,356247
48011,0.000487,74.125.24.0-255,5738,76119,77,356247
48012,0.000494,172.31.40.0-255,66,76185,77,356247
48013,0.000497,172.31.40.0-255,66,76251,77,356247
48014,0.000503,74.125.24.0-255,5738,81989,77,356247
48015,0.000505,172.31.40.0-255,66,82055,77,356247
48016,0.000529,74.125.24.0-255,7156,89211,77,356247
48017,0.000532,172.31.40.0-255,66,89277,77,356247
48018,0.000539,74.125.24.0-255,8574,97851,77,356247
48019,0.000541,172.31.40.0-255,66,97917,77,356247
48020,0.000557,74.125.24.0-255,1484,99401,77,356247
48021,0.000567,74.125.24.0-255,766,100167,77,356247
48022,0.000569,172.31.40.0-255,66,100233,77,356247
48023,0.000585,74.125.24.0-255,2902,103135,77,356247
48024,0.000587,172.31.40.0-255,66,103201,77,356247
48025,0.000604,74.125.24.0-255,7156,110357,77,356247
48026,0.000607,172.31.40.0-255,66,110423,77,356247
48027,0.000611,74.125.24.0-255,2902,113325,77,356247
48028,0.000612,172.31.40.0-255,66,113391,77,356247
48029,0.000636,74.125.24.0-255,2902,116293,77,356247
48030,0.000638,172.31.40.0-255,66,116359,77,356247
48031,0.000641,74.125.24.0-255,2902,119261,77,356247
48032,0.000643,172.31.40.0-255,66,119327,77,356247
48033,0.000673,74.125.24.0-255,11920,131247,77,356247
48034,0.000676,172.31.40.0-255,66,131313,77,356247
48035,0.000683,74.125.24.0-255,8574,139887,77,356247
48036,0.000685,172.31.40.0-255,66,139953,77,356247
48037,0.000714,74.125.24.0-255,7156,147109,77,356247
48038,0.000717,172.31.40.0-255,66,147175,77,356247
48039,0.000719,74.125.24.0-255,1484,148659,77,356247
48040,0.000738,74.125.24.0-255,2184,150843,77,356247
48041,0.000739,172.31.40.0-255,66,150909,77,356247
48042,0.000761,74.125.24.0-255,4320,155229,77,356247
48043,0.000765,172.31.40.0-255,66,155295,77,356247
48044,0.000784,74.125.24.0-255,7156,162451,77,356247
48045,0.000786,172.31.40.0-255,66,162517,77,356247
48046,0.000792,74.125.24.0-255,5738,168255,77,356247
48047,0.000794,172.31.40.0-255,66,168321,77,356247
48048,0.000824,74.125.24.0-255,7156,175477,77,356247
48049,0.000827,172.31.40.0-255,66,175543,77,356247
48050,0.000835,74.125.24.0-255,9274,184817,77,356247
48051,0.000836,172.31.40.0-255,66,184883,77,356247
48052,0.000869,74.125.24.0-255,7156,192039,77,356247
48053,0.000871,172.31.40.0-255,66,192105,77,356247
48054,0.00089,74.125.24.0-255,2902,195007,77,356247
48055,0.000893,172.31.40.0-255,66,195073,77,356247
48056,0.000916,74.125.24.0-255,9992,205065,77,356247
48057,0.000918,172.31.40.0-255,66,205131,77,356247
48058,0.000931,74.125.24.0-255,1125,206256,77,356247
48059,0.000938,74.125.24.0-255,5738,211994,77,356247
48060,0.00094,172.31.40.0-255,66,212060,77,356247
48061,0.000992,172.31.40.0-255,66,212126,77,356247
48062,0.000998,74.125.24.0-255,5020,217146,77,356247
48063,0.001,172.31.40.0-255,66,217212,77,356247
48064,0.001077,74.125.24.0-255,1484,218696,77,356247
48065,0.001094,74.125.24.0-255,2902,221598,77,356247
48066,0.001097,172.31.40.0-255,66,221664,77,356247
48067,0.001122,74.125.24.0-255,5738,227402,77,356247
48068,0.001125,172.31.40.0-255,66,227468,77,356247
48069,0.001147,74.125.24.0-255,8574,236042,77,356247
48070,0.00115,172.31.40.0-255,66,236108,77,356247
48071,0.001156,74.125.24.0-255,4320,240428,77,356247
48072,0.001158,172.31.40.0-255,66,240494,77,356247
48073,0.001185,74.125.24.0-255,5738,246232,77,356247
48074,0.001188,172.31.40.0-255,66,246298,77,356247
48075,0.001195,74.125.24.0-255,5020,251318,77,356247
48076,0.001218,172.31.40.0-255,66,251384,77,356247
48077,0.001326,74.125.24.0-255,1484,252868,77,356247
48078,0.001332,74.125.24.0-255,2902,255770,77,356247
48079,0.001346,74.125.24.0-255,2902,258672,77,356247
48080,0.001353,172.31.40.0-255,66,258738,77,356247
48081,0.001367,74.125.24.0-255,2902,261640,77,356247
48082,0.00137,172.31.40.0-255,66,261706,77,356247
48083,0.001377,74.125.24.0-255,7156,268862,77,356247
48084,0.00138,172.31.40.0-255,66,268928,77,356247
48085,0.001412,74.125.24.0-255,5738,274666,77,356247
48086,0.001422,74.125.24.0-255,10692,285358,77,356247
48087,0.001434,172.31.40.0-255,66,285424,77,356247
48088,0.001437,74.125.24.0-255,1484,286908,77,356247
48089,0.00146,74.125.24.0-255,2902,289810,77,356247
48090,0.001467,74.125.24.0-255,5738,295548,77,356247
48091,0.00148,172.31.40.0-255,66,295614,77,356247
48092,0.00149,74.125.24.0-255,5738,301352,77,356247
48093,0.001495,172.31.40.0-255,66,301418,77,356247
48094,0.001511,74.125.24.0-255,7156,308574,77,356247
48095,0.001527,172.31.40.0-255,66,308640,77,356247
48096,0.001544,74.125.24.0-255,13528,322168,77,356247
48097,0.001556,74.125.24.0-255,12828,334996,77,356247
48098,0.001562,172.31.40.0-255,66,335062,77,356247
48099,0.00157,74.125.24.0-255,1484,336546,77,356247
48100,0.001607,74.125.24.0-255,7156,343702,77,356247
48101,0.001639,172.31.40.0-255,66,343768,77,356247
48102,0.001651,74.125.24.0-255,2184,345952,77,356247
48103,0.001686,74.125.24.0-255,5020,350972,77,356247
48104,0.001691,74.125.24.0-255,2890,353862,77,356247
48105,0.001711,74.125.24.0-255,105,353967,77,356247
48106,0.001718,172.31.40.0-255,66,354033,77,356247
48107,0.008637,172.31.40.0-255,105,354138,77,356247
48108,0.011148,74.125.24.0-255,66,354204,77,356247
48109,0.036933,172.31.40.0-255,172,354376,77,356247
48110,0.036968,172.31.40.0-255,1120,355496,77,356247
48111,0.037024,172.31.40.0-255,553,356049,77,356247
48112,0.03843,104.244.42.0-255,66,356115,77,356247
48113,0.038528,104.244.42.0-255,66,356181,77,356247
48114,0.038548,104.244.42.0-255,66,356247,77,356247
48115,0.0,74.125.24.0-255,296,296,77,416542
48116,2.1e-05,172.31.40.0-255,66,362,77,416542
48117,2.7e-05,74.125.24.0-255,1484,1846,77,416542
48118,3.2e-05,172.31.40.0-255,66,1912,77,416542
48119,3.7e-05,74.125.24.0-255,2902,4814,77,416542
48120,4.1e-05,172.31.40.0-255,66,4880,77,416542
48121,4.7e-05,74.125.24.0-255,4320,9200,77,416542
48122,5e-05,172.31.40.0-255,66,9266,77,416542
48123,5.3e-05,74.125.24.0-255,1484,10750,77,416542
48124,5.6e-05,172.31.40.0-255,66,10816,77,416542
48125,8.4e-05,74.125.24.0-255,7512,18328,77,416542
48126,8.8e-05,172.31.40.0-255,66,18394,77,416542
48127,9.2e-05,74.125.24.0-255,2902,21296,77,416542
48128,9.4e-05,172.31.40.0-255,66,21362,77,416542
48129,0.000131,74.125.24.0-255,12828,34190,77,416542
48130,0.000134,172.31.40.0-255,66,34256,77,416542
48131,0.000154,74.125.24.0-255,2902,37158,77,416542
48132,0.000156,172.31.40.0-255,66,37224,77,416542
48133,0.000185,74.125.24.0-255,10692,47916,77,416542
48134,0.000188,172.31.40.0-255,66,47982,77,416542
48135,0.000282,74.125.24.0-255,1484,49466,77,416542
48136,0.000286,172.31.40.0-255,66,49532,77,416542
48137,0.000292,74.125.24.0-255,2902,52434,77,416542
48138,0.000294,172.31.40.0-255,66,52500,77,416542
48139,0.00032,74.125.24.0-255,5738,58238,77,416542
48140,0.000323,172.31.40.0-255,66,58304,77,416542
48141,0.000327,74.125.24.0-255,2902,61206,77,416542
48142,0.000329,172.31.40.0-255,66,61272,77,416542
48143,0.000345,74.125.24.0-255,4290,65562,77,416542
48144,0.000347,172.31.40.0-255,66,65628,77,416542
48145,0.000459,74.125.24.0-255,1484,67112,77,416542
48146,0.000464,172.31.40.0-255,66,67178,77,416542
48147,0.000482,74.125.24.0-255,2902,70080,77,416542
48148,0.000485,172.31.40.0-255,66,70146,77,416542
48149,0.000491,74.125.24.0-255,5738,75884,77,416542
48150,0.000494,172.31.40.0-255,66,75950,77,416542
48151,0.000527,74.125.24.0-255,1484,77434,77,416542
48152,0.00055,74.125.24.0-255,8574,86008,77,416542
48153,0.000553,172.31.40.0-255,66,86074,77,416542
48154,0.000568,74.125.24.0-255,1484,87558,77,416542
48155,0.000578,74.125.24.0-255,9992,97550,77,416542
48156,0.00058,172.31.40.0-255,66,97616,77,416542
48157,0.000601,74.125.24.0-255,2184,99800,77,416542
48158,0.000604,172.31.40.0-255,66,99866,77,416542
48159,0.000607,74.125.24.0-255,1484,101350,77,416542
48160,0.000611,74.125.24.0-255,2902,104252,77,416542
48161,0.000614,172.31.40.0-255,66,104318,77,416542
48162,0.00063,74.125.24.0-255,7156,111474,77,416542
48163,0.000632,172.31.40.0-255,66,111540,77,416542
48164,0.000648,74.125.24.0-255,5738,117278,77,416542
48165,0.000651,172.31.40.0-255,66,117344,77,416542
48166,0.000655,74.125.24.0-255,2902,120246,77,416542
48167,0.000657,172.31.40.0-255,66,120312,77,416542
48168,0.000697,74.125.24.0-255,13230,133542,77,416542
48169,0.000701,172.31.40.0-255,66,133608,77,416542
48170,0.000823,74.125.24.0-255,1484,135092,77,416542
48171,0.000829,74.125.24.0-255,2902,137994,77,416542
48172,0.000834,172.31.40.0-255,66,138060,77,416542
48173,0.00086,74.125.24.0-255,5738,143798,77,416542
48174,0.000862,74.125.24.0-255,1484,145282,77,416542
48175,0.000866,172.31.40.0-255,66,145348,77,416542
48176,0.000893,74.125.24.0-255,11410,156758,77,416542
48177,0.000896,172.31.40.0-255,66,156824,77,416542
48178,0.000902,74.125.24.0-255,5738,162562,77,416542
48179,0.000905,172.31.40.0-255,66,162628,77,416542
48180,0.00094,74.125.24.0-255,5020,167648,77,416542
48181,0.000944,172.31.40.0-255,66,167714,77,416542
48182,0.001051,74.125.24.0-255,1484,169198,77,416542
48183,0.001069,74.125.24.0-255,2902,172100,77,416542
48184,0.001072,172.31.40.0-255,66,172166,77,416542
48185,0.001078,74.125.24.0-255,4320,176486,77,416542
48186,0.00108,172.31.40.0-255,66,176552,77,416542
48187,0.001099,74.125.24.0-255,1484,178036,77,416542
48188,0.001106,74.125.24.0-255,7156,185192,77,416542
48189,0.001109,172.31.40.0-255,66,185258,77,416542
48190,0.001115,74.125.24.0-255,5738,190996,77,416542
48191,0.001117,172.31.40.0-255,66,191062,77,416542
48192,0.001134,74.125.24.0-255,8574,199636,77,416542
48193,0.001137,74.125.24.0-255,2184,201820,77,416542
48194,0.001141,172.31.40.0-255,66,201886,77,416542
48195,0.001144,172.31.40.0-255,66,201952,77,416542
48196,0.001157,74.125.24.0-255,1484,203436,77,416542
48197,0.001172,74.125.24.0-255,1484,204920,77,416542
48198,0.001175,172.31.40.0-255,66,204986,77,416542
48199,0.001181,74.125.24.0-255,5738,210724,77,416542
48200,0.001183,172.31.40.0-255,66,210790,77,416542
48201,0.001194,74.125.24.0-255,1484,212274,77,416542
48202,0.001202,74.125.24.0-255,7156,219430,77,416542
48203,0.001205,172.31.40.0-255,66,219496,77,416542
48204,0.00122,74.125.24.0-255,2902,222398,77,416542
48205,0.001223,172.31.40.0-255,66,222464,77,416542
48206,0.001285,74.125.24.0-255,13528,235992,77,416542
48207,0.001289,172.31.40.0-255,66,236058,77,416542
48208,0.001627,74.125.24.0-255,1484,237542,77,416542
48209,0.001641,74.125.24.0-255,2902,240444,77,416542
48210,0.001646,172.31.40.0-255,66,240510,77,416542
48211,0.001674,74.125.24.0-255,1484,241994,77,416542
48212,0.001697,74.125.24.0-255,1484,243478,77,416542
48213,0.0017,172.31.40.0-255,66,243544,77,416542
48214,0.001705,74.125.24.0-255,4320,247864,77,416542
48215,0.001707,172.31.40.0-255,66,247930,77,416542
48216,0.001718,74.125.24.0-255,8574,256504,77,416542
48217,0.00172,172.31.40.0-255,66,256570,77,416542
48218,0.001726,74.125.24.0-255,5738,262308,77,416542
48219,0.001728,172.31.40.0-255,66,262374,77,416542
48220,0.001745,74.125.24.0-255,1484,263858,77,416542
48221,0.001757,74.125.24.0-255,4320,268178,77,416542
48222,0.001759,172.31.40.0-255,66,268244,77,416542
48223,0.001777,74.125.24.0-255,2184,270428,77,416542
48224,0.001779,172.31.40.0-255,66,270494,77,416542
48225,0.001888,74.125.24.0-255,1484,271978,77,416542
48226,0.001892,74.125.24.0-255,1484,273462,77,416542
48227,0.001894,172.31.40.0-255,66,273528,77,416542
48228,0.001916,74.125.24.0-255,1484,275012,77,416542
48229,0.001922,74.125.24.0-255,5738,280750,77,416542
48230,0.001924,172.31.40.0-255,66,280816,77,416542
48231,0.001927,74.125.24.0-255,1484,282300,77,416542
48232,0.001948,74.125.24.0-255,9992,292292,77,416542
48233,0.00195,172.31.40.0-255,66,292358,77,416542
48234,0.001964,74.125.24.0-255,1484,293842,77,416542
48235,0.001973,74.125.24.0-255,10692,304534,77,416542
48236,0.001976,172.31.40.0-255,66,304600,77,416542
48237,0.002058,74.125.24.0-255,1484,306084,77,416542
48238,0.002074,74.125.24.0-255,2902,308986,77,416542
48239,0.002077,172.31.40.0-255,66,309052,77,416542
48240,0.002095,74.125.24.0-255,4320,313372,77,416542
48241,0.002097,172.31.40.0-255,66,313438,77,416542
48242,0.004197,74.125.24.0-255,2902,316340,77,416542
48243,0.004204,172.31.40.0-255,66,316406,77,416542
48244,0.004222,74.125.24.0-255,2902,319308,77,416542
48245,0.004224,172.31.40.0-255,66,319374,77,416542
48246,0.006297,74.125.24.0-255,5738,325112,77,416542
48247,0.006301,172.31.40.0-255,66,325178,77,416542
48248,0.008466,74.125.24.0-255,4320,329498,77,416542
48249,0.008472,172.31.40.0-255,66,329564,77,416542
48250,0.008483,74.125.24.0-255,1484,331048,77,416542
48251,0.010594,74.125.24.0-255,4320,335368,77,416542
48252,0.010602,172.31.40.0-255,66,335434,77,416542
48253,0.012699,74.125.24.0-255,5738,341172,77,416542
48254,0.012707,172.31.40.0-255,66,341238,77,416542
48255,0.014819,74.125.24.0-255,5738,346976,77,416542
48256,0.014827,172.31.40.0-255,66,347042,77,416542
48257,0.016904,74.125.24.0-255,5738,352780,77,416542
48258,0.016912,172.31.40.0-255,66,352846,77,416542
48259,0.018988,74.125.24.0-255,5738,358584,77,416542
48260,0.018995,172.31.40.0-255,66,358650,77,416542
48261,0.021071,74.125.24.0-255,5738,364388,77,416542
48262,0.02108,172.31.40.0-255,66,364454,77,416542
48263,0.023194,74.125.24.0-255,5738,370192,77,416542
48264,0.0232,172.31.40.0-255,66,370258,77,416542
48265,0.025306,74.125.24.0-255,5738,375996,77,416542
48266,0.025315,172.31.40.0-255,66,376062,77,416542
48267,0.027454,74.125.24.0-255,5738,381800,77,416542
48268,0.027462,172.31.40.0-255,66,381866,77,416542
48269,0.029567,74.125.24.0-255,5738,387604,77,416542
48270,0.029573,172.31.40.0-255,66,387670,77,416542
48271,0.031718,74.125.24.0-255,5738,393408,77,416542
48272,0.031726,172.31.40.0-255,66,393474,77,416542
48273,0.033825,74.125.24.0-255,5738,399212,77,416542
48274,0.033831,172.31.40.0-255,66,399278,77,416542
48275,0.035911,74.125.24.0-255,5738,405016,77,416542
48276,0.035918,172.31.40.0-255,66,405082,77,416542
48277,0.038075,74.125.24.0-255,5738,410820,77,416542
48278,0.038083,172.31.40.0-255,66,410886,77,416542
48279,0.040173,74.125.24.0-255,4049,414935,77,416542
48280,0.040181,172.31.40.0-255,66,415001,77,416542
48281,0.040363,172.31.40.0-255,105,415106,77,416542
48282,0.042432,74.125.24.0-255,66,415172,77,416542
48283,0.042443,172.31.40.0-255,172,415344,77,416542
48284,0.042467,172.31.40.0-255,1066,416410,77,416542
48285,0.043987,104.244.42.0-255,66,416476,77,416542
48286,0.043993,104.244.42.0-255,66,416542,77,416542
48287,0.0,74.125.68.0-255,150,150,77,383986
48288,1.6e-05,172.31.40.0-255,66,216,77,383986
48289,2.2e-05,74.125.68.0-255,1484,1700,77,383986
48290,2.7e-05,172.31.40.0-255,66,1766,77,383986
48291,3e-05,74.125.68.0-255,1484,3250,77,383986
48292,4e-05,172.31.40.0-255,66,3316,77,383986
48293,4.6e-05,74.125.68.0-255,2902,6218,77,383986
48294,5e-05,172.31.40.0-255,66,6284,77,383986
48295,8.6e-05,74.125.68.0-255,5738,12022,77,383986
48296,8.9e-05,172.31.40.0-255,66,12088,77,383986
48297,9.3e-05,74.125.68.0-255,2012,14100,77,383986
48298,9.5e-05,172.31.40.0-255,66,14166,77,383986
48299,0.0001,74.125.68.0-255,2902,17068,77,383986
48300,0.000102,172.31.40.0-255,66,17134,77,383986
48301,0.000146,74.125.68.0-255,7156,24290,77,383986
48302,0.000149,172.31.40.0-255,66,24356,77,383986
48303,0.000153,74.125.68.0-255,2902,27258,77,383986
48304,0.000155,172.31.40.0-255,66,27324,77,383986
48305,0.00016,74.125.68.0-255,3961,31285,77,383986
48306,0.000163,172.31.40.0-255,66,31351,77,383986
48307,0.000411,74.125.68.0-255,1484,32835,77,383986
48308,0.000417,172.31.40.0-255,66,32901,77,383986
48309,0.000423,74.125.68.0-255,2902,35803,77,383986
48310,0.000426,172.31.40.0-255,66,35869,77,383986
48311,0.000456,74.125.68.0-255,5738,41607,77,383986
48312,0.000459,172.31.40.0-255,66,41673,77,383986
48313,0.000466,74.125.68.0-255,6797,48470,77,383986
48314,0.000468,172.31.40.0-255,66,48536,77,383986
48315,0.000493,74.125.68.0-255,1484,50020,77,383986
48316,0.000496,172.31.40.0-255,66,50086,77,383986
48317,0.000528,74.125.68.0-255,9992,60078,77,383986
48318,0.000531,172.31.40.0-255,66,60144,77,383986
48319,0.000535,74.125.68.0-255,2902,63046,77,383986
48320,0.000537,172.31.40.0-255,66,63112,77,383986
48321,0.000573,74.125.68.0-255,2543,65655,77,383986
48322,0.000576,172.31.40.0-255,66,65721,77,383986
48323,0.000579,74.125.68.0-255,411,66132,77,383986
48324,0.000736,74.125.68.0-255,333,66465,77,383986
48325,0.000876,74.125.68.0-255,1484,67949,77,383986
48326,0.00088,172.31.40.0-255,66,68015,77,383986
48327,0.000885,74.125.68.0-255,1484,69499,77,383986
48328,0.000907,74.125.68.0-255,1484,70983,77,383986
48329,0.000909,172.31.40.0-255,66,71049,77,383986
48330,0.000915,74.125.68.0-255,4320,75369,77,383986
48331,0.000916,172.31.40.0-255,66,75435,77,383986
48332,0.000939,74.125.68.0-255,1484,76919,77,383986
48333,0.000944,74.125.68.0-255,4320,81239,77,383986
48334,0.000946,172.31.40.0-255,66,81305,77,383986
48335,0.000975,74.125.68.0-255,2543,83848,77,383986
48336,0.000978,172.31.40.0-255,66,83914,77,383986
48337,0.000996,74.125.68.0-255,4320,88234,77,383986
48338,0.000998,172.31.40.0-255,66,88300,77,383986
48339,0.001024,74.125.68.0-255,5738,94038,77,383986
48340,0.001027,172.31.40.0-255,66,94104,77,383986
48341,0.001051,74.125.68.0-255,2902,97006,77,383986
48342,0.001053,172.31.40.0-255,66,97072,77,383986
48343,0.001082,74.125.68.0-255,2902,99974,77,383986
48344,0.001084,172.31.40.0-255,66,100040,77,383986
48345,0.001087,74.125.68.0-255,1125,101165,77,383986
48346,0.001512,172.31.40.0-255,66,101231,77,383986
48347,0.002045,74.125.68.0-255,1484,102715,77,383986
48348,0.002055,74.125.68.0-255,1484,104199,77,383986
48349,0.002059,172.31.40.0-255,66,104265,77,383986
48350,0.002065,74.125.68.0-255,1484,105749,77,383986
48351,0.002085,74.125.68.0-255,1484,107233,77,383986
48352,0.002087,172.31.40.0-255,66,107299,77,383986
48353,0.002092,74.125.68.0-255,2902,110201,77,383986
48354,0.002094,172.31.40.0-255,66,110267,77,383986
48355,0.002123,74.125.68.0-255,2902,113169,77,383986
48356,0.002125,172.31.40.0-255,66,113235,77,383986
48357,0.002129,74.125.68.0-255,2902,116137,77,383986
48358,0.002131,172.31.40.0-255,66,116203,77,383986
48359,0.002137,74.125.68.0-255,4320,120523,77,383986
48360,0.002139,172.31.40.0-255,66,120589,77,383986
48361,0.002143,74.125.68.0-255,2902,123491,77,383986
48362,0.002145,172.31.40.0-255,66,123557,77,383986
48363,0.002178,74.125.68.0-255,5738,129295,77,383986
48364,0.00218,172.31.40.0-255,66,129361,77,383986
48365,0.002187,74.125.68.0-255,5738,135099,77,383986
48366,0.002189,172.31.40.0-255,66,135165,77,383986
48367,0.002192,74.125.68.0-255,766,135931,77,383986
48368,0.004484,74.125.68.0-255,4320,140251,77,383986
48369,0.004495,172.31.40.0-255,66,140317,77,383986
48370,0.006787,74.125.68.0-255,4320,144637,77,383986
48371,0.006792,172.31.40.0-255,66,144703,77,383986
48372,0.006816,74.125.68.0-255,1484,146187,77,383986
48373,0.007537,172.31.40.0-255,105,146292,77,383986
48374,0.00909,74.125.68.0-255,4320,150612,77,383986
48375,0.009104,172.31.40.0-255,66,150678,77,383986
48376,0.011406,74.125.68.0-255,5738,156416,77,383986
48377,0.011417,172.31.40.0-255,66,156482,77,383986
48378,0.013715,74.125.68.0-255,5738,162220,77,383986
48379,0.013723,172.31.40.0-255,66,162286,77,383986
48380,0.016043,74.125.68.0-255,5738,168024,77,383986
48381,0.016052,172.31.40.0-255,66,168090,77,383986
48382,0.018347,74.125.68.0-255,5738,173828,77,383986
48383,0.018356,172.31.40.0-255,66,173894,77,383986
48384,0.020653,74.125.68.0-255,5738,179632,77,383986
48385,0.020661,172.31.40.0-255,66,179698,77,383986
48386,0.022963,74.125.68.0-255,5738,185436,77,383986
48387,0.02297,172.31.40.0-255,66,185502,77,383986
48388,0.024114,172.31.40.0-255,172,185674,77,383986
48389,0.024145,172.31.40.0-255,1116,186790,77,383986
48390,0.024207,172.31.40.0-255,1514,188304,77,383986
48391,0.024209,172.31.40.0-255,1514,189818,77,383986
48392,0.02421,172.31.40.0-255,1514,191332,77,383986
48393,0.024211,172.31.40.0-255,1514,192846,77,383986
48394,0.024212,172.31.40.0-255,525,193371,77,383986
48395,0.025261,74.125.68.0-255,5738,199109,77,383986
48396,0.025268,172.31.40.0-255,66,199175,77,383986
48397,0.025672,104.244.42.0-255,66,199241,77,383986
48398,0.02573,104.244.42.0-255,66,199307,77,383986
48399,0.025779,104.244.42.0-255,66,199373,77,383986
48400,0.025784,104.244.42.0-255,66,199439,77,383986
48401,0.027549,74.125.68.0-255,5738,205177,77,383986
48402,0.027556,172.31.40.0-255,66,205243,77,383986
48403,0.029847,74.125.68.0-255,4320,209563,77,383986
48404,0.029854,172.31.40.0-255,66,209629,77,383986
48405,0.029883,74.125.68.0-255,1484,211113,77,383986
48406,0.032151,74.125.68.0-255,4320,215433,77,383986
48407,0.032158,172.31.40.0-255,66,215499,77,383986
48408,0.03445,74.125.68.0-255,5738,221237,77,383986
48409,0.034457,172.31.40.0-255,66,221303,77,383986
48410,0.036743,74.125.68.0-255,5738,227041,77,383986
48411,0.036751,172.31.40.0-255,66,227107,77,383986
48412,0.039049,74.125.68.0-255,5738,232845,77,383986
48413,0.039056,172.31.40.0-255,66,232911,77,383986
48414,0.041361,74.125.68.0-255,5738,238649,77,383986
48415,0.041368,172.31.40.0-255,66,238715,77,383986
48416,0.043648,74.125.68.0-255,5738,244453,77,383986
48417,0.043655,172.31.40.0-255,66,244519,77,383986
48418,0.045982,74.125.68.0-255,5738,250257,77,383986
48419,0.04599,172.31.40.0-255,66,250323,77,383986
48420,0.048289,74.125.68.0-255,5738,256061,77,383986
48421,0.048295,172.31.40.0-255,66,256127,77,383986
48422,0.050596,74.125.68.0-255,5738,261865,77,383986
48423,0.050614,172.31.40.0-255,66,261931,77,383986
48424,0.05293,74.125.68.0-255,5738,267669,77,383986
48425,0.052945,172.31.40.0-255,66,267735,77,383986
48426,0.055245,74.125.68.0-255,5738,273473,77,383986
48427,0.055264,172.31.40.0-255,66,273539,77,383986
48428,0.057569,74.125.68.0-255,5738,279277,77,383986
48429,0.057581,172.31.40.0-255,66,279343,77,383986
48430,0.059879,74.125.68.0-255,5738,285081,77,383986
48431,0.059897,172.31.40.0-255,66,285147,77,383986
48432,0.062201,74.125.68.0-255,5738,290885,77,383986
48433,0.062217,172.31.40.0-255,66,290951,77,383986
48434,0.064516,74.125.68.0-255,5738,296689,77,383986
48435,0.064533,172.31.40.0-255,66,296755,77,383986
48436,0.066843,74.125.68.0-255,5738,302493,77,383986
48437,0.06686,172.31.40.0-255,66,302559,77,383986
48438,0.069178,74.125.68.0-255,5738,308297,77,383986
48439,0.069194,172.31.40.0-255,66,308363,77,383986
48440,0.071494,74.125.68.0-255,5738,314101,77,383986
48441,0.071513,172.31.40.0-255,66,314167,77,383986
48442,0.07381,74.125.68.0-255,5738,319905,77,383986
48443,0.073827,172.31.40.0-255,66,319971,77,383986
48444,0.076151,74.125.68.0-255,5738,325709,77,383986
48445,0.076168,172.31.40.0-255,66,325775,77,383986
48446,0.078408,31.13.82.0-255,105,325880,77,383986
48447,0.078426,172.31.40.0-255,66,325946,77,383986
48448,0.078454,74.125.68.0-255,5738,331684,77,383986
48449,0.078458,172.31.40.0-255,66,331750,77,383986
48450,0.080757,74.125.68.0-255,5738,337488,77,383986
48451,0.080764,172.31.40.0-255,66,337554,77,383986
48452,0.083065,74.125.68.0-255,5738,343292,77,383986
48453,0.083072,172.31.40.0-255,66,343358,77,383986
48454,0.08537,74.125.68.0-255,5738,349096,77,383986
48455,0.085377,172.31.40.0-255,66,349162,77,383986
48456,0.087676,74.125.68.0-255,5738,354900,77,383986
48457,0.087683,172.31.40.0-255,66,354966,77,383986
48458,0.089987,74.125.68.0-255,5738,360704,77,383986
48459,0.089993,172.31.40.0-255,66,360770,77,383986
48460,0.092319,74.125.68.0-255,5738,366508,77,383986
48461,0.092324,172.31.40.0-255,66,366574,77,383986
48462,0.094628,74.125.68.0-255,5738,372312,77,383986
48463,0.094635,172.31.40.0-255,66,372378,77,383986
48464,0.096931,74.125.68.0-255,5738,378116,77,383986
48465,0.096938,172.31.40.0-255,66,378182,77,383986
48466,0.099237,74.125.68.0-255,5738,383920,77,383986
48467,0.099244,172.31.40.0-255,66,383986,77,383986
48468,0.0,74.125.130.0-255,156,156,77,423978
48469,2.5e-05,172.31.40.0-255,66,222,77,423978
48470,3.2e-05,74.125.130.0-255,1484,1706,77,423978
48471,3.7e-05,172.31.40.0-255,66,1772,77,423978
48472,4.3e-05,74.125.130.0-255,2902,4674,77,423978
48473,4.8e-05,172.31.40.0-255,66,4740,77,423978
48474,6.3e-05,74.125.130.0-255,7156,11896,77,423978
48475,6.7e-05,172.31.40.0-255,66,11962,77,423978
48476,7.1e-05,74.125.130.0-255,2074,14036,77,423978
48477,7.4e-05,172.31.40.0-255,66,14102,77,423978
48478,0.000324,74.125.130.0-255,1484,15586,77,423978
48479,0.00033,172.31.40.0-255,66,15652,77,423978
48480,0.000337,74.125.130.0-255,2902,18554,77,423978
48481,0.00034,172.31.40.0-255,66,18620,77,423978
48482,0.000345,74.125.130.0-255,4320,22940,77,423978
48483,0.000353,172.31.40.0-255,66,23006,77,423978
48484,0.000377,74.125.130.0-255,1484,24490,77,423978
48485,0.00038,172.31.40.0-255,66,24556,77,423978
48486,0.000409,74.125.130.0-255,6797,31353,77,423978
48487,0.000411,172.31.40.0-255,66,31419,77,423978
48488,0.000417,74.125.130.0-255,4320,35739,77,423978
48489,0.000419,172.31.40.0-255,66,35805,77,423978
48490,0.000445,74.125.130.0-255,2902,38707,77,423978
48491,0.000448,172.31.40.0-255,66,38773,77,423978
48492,0.000491,74.125.130.0-255,4320,43093,77,423978
48493,0.000494,172.31.40.0-255,66,43159,77,423978
48494,0.000522,74.125.130.0-255,5379,48538,77,423978
48495,0.000525,172.31.40.0-255,66,48604,77,423978
48496,0.000528,74.125.130.0-255,1484,50088,77,423978
48497,0.00053,172.31.40.0-255,66,50154,77,423978
48498,0.000534,74.125.130.0-255,2902,53056,77,423978
48499,0.000537,172.31.40.0-255,66,53122,77,423978
48500,0.000574,74.125.130.0-255,5738,58860,77,423978
48501,0.000578,172.31.40.0-255,66,58926,77,423978
48502,0.000583,74.125.130.0-255,2902,61828,77,423978
48503,0.000585,172.31.40.0-255,66,61894,77,423978
48504,0.00059,74.125.130.0-255,3961,65855,77,423978
48505,0.000592,172.31.40.0-255,66,65921,77,423978
48506,0.000595,74.125.130.0-255,677,66598,77,423978
48507,0.000757,74.125.130.0-255,1484,68082,77,423978
48508,0.000761,172.31.40.0-255,66,68148,77,423978
48509,0.000767,74.125.130.0-255,2902,71050,77,423978
48510,0.00077,172.31.40.0-255,66,71116,77,423978
48511,0.000773,74.125.130.0-255,1484,72600,77,423978
48512,0.000792,74.125.130.0-255,4320,76920,77,423978
48513,0.000799,172.31.40.0-255,66,76986,77,423978
48514,0.000836,74.125.130.0-255,6797,83783,77,423978
48515,0.000839,172.31.40.0-255,66,83849,77,423978
48516,0.000847,74.125.130.0-255,7156,91005,77,423978
48517,0.000849,172.31.40.0-255,66,91071,77,423978
48518,0.000894,74.125.130.0-255,5738,96809,77,423978
48519,0.000898,172.31.40.0-255,66,96875,77,423978
48520,0.000924,74.125.130.0-255,3961,100836,77,423978
48521,0.000928,172.31.40.0-255,66,100902,77,423978
48522,0.001128,74.125.130.0-255,1484,102386,77,423978
48523,0.001146,74.125.130.0-255,2902,105288,77,423978
48524,0.001149,172.31.40.0-255,66,105354,77,423978
48525,0.001157,74.125.130.0-255,5738,111092,77,423978
48526,0.001159,172.31.40.0-255,66,111158,77,423978
48527,0.001195,74.125.130.0-255,9992,121150,77,423978
48528,0.001198,172.31.40.0-255,66,121216,77,423978
48529,0.001233,74.125.130.0-255,1484,122700,77,423978
48530,0.001259,74.125.130.0-255,9992,132692,77,423978
48531,0.001264,172.31.40.0-255,66,132758,77,423978
48532,0.001301,74.125.130.0-255,2184,134942,77,423978
48533,0.001303,74.125.130.0-255,1484,136426,77,423978
48534,0.001307,172.31.40.0-255,66,136492,77,423978
48535,0.001316,74.125.130.0-255,1484,137976,77,423978
48536,0.001318,172.31.40.0-255,66,138042,77,423978
48537,0.001322,74.125.130.0-255,1484,139526,77,423978
48538,0.001351,74.125.130.0-255,5738,145264,77,423978
48539,0.001354,172.31.40.0-255,66,145330,77,423978
48540,0.001359,74.125.130.0-255,2902,148232,77,423978
48541,0.001361,172.31.40.0-255,66,148298,77,423978
48542,0.001388,74.125.130.0-255,1484,149782,77,423978
48543,0.001396,74.125.130.0-255,5738,155520,77,423978
48544,0.001398,172.31.40.0-255,66,155586,77,423978
48545,0.001435,74.125.130.0-255,7156,162742,77,423978
48546,0.001439,172.31.40.0-255,66,162808,77,423978
48547,0.001469,74.125.130.0-255,4320,167128,77,423978
48548,0.001472,172.31.40.0-255,66,167194,77,423978
48549,0.001498,74.125.130.0-255,2184,169378,77,423978
48550,0.001501,172.31.40.0-255,66,169444,77,423978
48551,0.001528,74.125.130.0-255,2902,172346,77,423978
48552,0.001531,172.31.40.0-255,66,172412,77,423978
48553,0.001558,74.125.130.0-255,4320,176732,77,423978
48554,0.001562,172.31.40.0-255,66,176798,77,423978
48555,0.001571,74.125.130.0-255,8574,185372,77,423978
48556,0.001573,172.31.40.0-255,66,185438,77,423978
48557,0.001632,74.125.130.0-255,7156,192594,77,423978
48558,0.001635,172.31.40.0-255,66,192660,77,423978
48559,0.001649,74.125.130.0-255,10692,203352,77,423978
48560,0.001653,172.31.40.0-255,66,203418,77,423978
48561,0.003692,74.125.130.0-255,5738,209156,77,423978
48562,0.003698,172.31.40.0-255,66,209222,77,423978
48563,0.005743,74.125.130.0-255,5738,214960,77,423978
48564,0.00575,172.31.40.0-255,66,215026,77,423978
48565,0.007791,74.125.130.0-255,1484,216510,77,423978
48566,0.007815,74.125.130.0-255,4320,220830,77,423978
48567,0.007818,172.31.40.0-255,66,220896,77,423978
48568,0.009898,74.125.130.0-255,5738,226634,77,423978
48569,0.009902,172.31.40.0-255,66,226700,77,423978
48570,0.011946,74.125.130.0-255,5738,232438,77,423978
48571,0.011953,172.31.40.0-255,66,232504,77,423978
48572,0.01401,74.125.130.0-255,5738,238242,77,423978
48573,0.014017,172.31.40.0-255,66,238308,77,423978
48574,0.016068,74.125.130.0-255,5738,244046,77,423978
48575,0.016077,172.31.40.0-255,66,244112,77,423978
48576,0.018128,74.125.130.0-255,5738,249850,77,423978
48577,0.018136,172.31.40.0-255,66,249916,77,423978
48578,0.020204,74.125.130.0-255,5738,255654,77,423978
48579,0.020213,172.31.40.0-255,66,255720,77,423978
48580,0.022255,74.125.130.0-255,5738,261458,77,423978
48581,0.022263,172.31.40.0-255,66,261524,77,423978
48582,0.024315,74.125.130.0-255,5738,267262,77,423978
48583,0.024323,172.31.40.0-255,66,267328,77,423978
48584,0.02638,74.125.130.0-255,5738,273066,77,423978
48585,0.026396,172.31.40.0-255,66,273132,77,423978
48586,0.028448,74.125.130.0-255,5738,278870,77,423978
48587,0.028454,172.31.40.0-255,66,278936,77,423978
48588,0.030505,74.125.130.0-255,5738,284674,77,423978
48589,0.030513,172.31.40.0-255,66,284740,77,423978
48590,0.032578,74.125.130.0-255,5738,290478,77,423978
48591,0.032587,172.31.40.0-255,66,290544,77,423978
48592,0.034642,74.125.130.0-255,5738,296282,77,423978
48593,0.034655,172.31.40.0-255,66,296348,77,423978
48594,0.036791,74.125.130.0-255,5738,302086,77,423978
48595,0.036798,172.31.40.0-255,66,302152,77,423978
48596,0.03727,172.31.40.0-255,172,302324,77,423978
48597,0.037302,172.31.40.0-255,1120,303444,77,423978
48598,0.03736,172.31.40.0-255,1514,304958,77,423978
48599,0.037361,172.31.40.0-255,1275,306233,77,423978
48600,0.038849,104.244.42.0-255,66,306299,77,423978
48601,0.038858,104.244.42.0-255,66,306365,77,423978
48602,0.038867,74.125.130.0-255,5738,312103,77,423978
48603,0.038878,172.31.40.0-255,66,312169,77,423978
48604,0.038936,104.244.42.0-255,66,312235,77,423978
48605,0.040931,74.125.130.0-255,5738,317973,77,423978
48606,0.040939,172.31.40.0-255,66,318039,77,423978
48607,0.042996,74.125.130.0-255,5738,323777,77,423978
48608,0.043003,172.31.40.0-255,66,323843,77,423978
48609,0.045062,74.125.130.0-255,5738,329581,77,423978
48610,0.045069,172.31.40.0-255,66,329647,77,423978
48611,0.047125,74.125.130.0-255,5738,335385,77,423978
48612,0.047136,172.31.40.0-255,66,335451,77,423978
48613,0.049211,74.125.130.0-255,5738,341189,77,423978
48614,0.049228,172.31.40.0-255,66,341255,77,423978
48615,0.051285,74.125.130.0-255,5738,346993,77,423978
48616,0.051296,172.31.40.0-255,66,347059,77,423978
48617,0.053362,74.125.130.0-255,5738,352797,77,423978
48618,0.053379,172.31.40.0-255,66,352863,77,423978
48619,0.055439,74.125.130.0-255,5738,358601,77,423978
48620,0.055452,172.31.40.0-255,66,358667,77,423978
48621,0.057512,74.125.130.0-255,5738,364405,77,423978
48622,0.057527,172.31.40.0-255,66,364471,77,423978
48623,0.059583,74.125.130.0-255,5738,370209,77,423978
48624,0.059595,172.31.40.0-255,66,370275,77,423978
48625,0.061647,74.125.130.0-255,5738,376013,77,423978
48626,0.061654,172.31.40.0-255,66,376079,77,423978
48627,0.063719,74.125.130.0-255,5738,381817,77,423978
48628,0.063734,172.31.40.0-255,66,381883,77,423978
48629,0.065798,74.125.130.0-255,5738,387621,77,423978
48630,0.065812,172.31.40.0-255,66,387687,77,423978
48631,0.067898,74.125.130.0-255,5738,393425,77,423978
48632,0.067913,172.31.40.0-255,66,393491,77,423978
48633,0.069967,74.125.130.0-255,5738,399229,77,423978
48634,0.069982,172.31.40.0-255,66,399295,77,423978
48635,0.072049,74.125.130.0-255,5738,405033,77,423978
48636,0.07206,172.31.40.0-255,66,405099,77,423978
48637,0.074128,74.125.130.0-255,5738,410837,77,423978
48638,0.074145,172.31.40.0-255,66,410903,77,423978
48639,0.076206,74.125.130.0-255,5738,416641,77,423978
48640,0.076221,172.31.40.0-255,66,416707,77,423978
48641,0.078321,74.125.130.0-255,5738,422445,77,423978
48642,0.078334,172.31.40.0-255,66,422511,77,423978
48643,0.080384,74.125.130.0-255,1230,423741,77,423978
48644,0.080589,172.31.40.0-255,66,423807,77,423978
48645,0.080631,172.31.40.0-255,105,423912,77,423978
48646,0.082653,74.125.130.0-255,66,423978,77,423978
48647,0.0,172.31.40.0-255,66,66,77,66
48648,0.0,74.125.24.0-255,152,152,77,344849
48649,2.3e-05,172.31.40.0-255,66,218,77,344849
48650,3e-05,74.125.24.0-255,1484,1702,77,344849
48651,3.5e-05,172.31.40.0-255,66,1768,77,344849
48652,4.2e-05,74.125.24.0-255,2902,4670,77,344849
48653,4.5e-05,172.31.40.0-255,66,4736,77,344849
48654,5.1e-05,74.125.24.0-255,4320,9056,77,344849
48655,5.4e-05,172.31.40.0-255,66,9122,77,344849
48656,5.8e-05,74.125.24.0-255,1484,10606,77,344849
48657,6.1e-05,172.31.40.0-255,66,10672,77,344849
48658,8.7e-05,74.125.24.0-255,3419,14091,77,344849
48659,9e-05,172.31.40.0-255,66,14157,77,344849
48660,0.00042,74.125.24.0-255,1484,15641,77,344849
48661,0.000425,172.31.40.0-255,66,15707,77,344849
48662,0.000431,74.125.24.0-255,2902,18609,77,344849
48663,0.000433,172.31.40.0-255,66,18675,77,344849
48664,0.000451,74.125.24.0-255,5738,24413,77,344849
48665,0.000454,172.31.40.0-255,66,24479,77,344849
48666,0.000489,74.125.24.0-255,2902,27381,77,344849
48667,0.000493,172.31.40.0-255,66,27447,77,344849
48668,0.000506,74.125.24.0-255,3961,31408,77,344849
48669,0.000508,172.31.40.0-255,66,31474,77,344849
48670,0.00068,74.125.24.0-255,1484,32958,77,344849
48671,0.000685,172.31.40.0-255,66,33024,77,344849
48672,0.000699,74.125.24.0-255,2902,35926,77,344849
48673,0.000703,172.31.40.0-255,66,35992,77,344849
48674,0.00073,74.125.24.0-255,5738,41730,77,344849
48675,0.000733,172.31.40.0-255,66,41796,77,344849
48676,0.000761,74.125.24.0-255,6797,48593,77,344849
48677,0.000764,172.31.40.0-255,66,48659,77,344849
48678,0.000881,74.125.24.0-255,1484,50143,77,344849
48679,0.000885,172.31.40.0-255,66,50209,77,344849
48680,0.000889,74.125.24.0-255,2902,53111,77,344849
48681,0.000891,172.31.40.0-255,66,53177,77,344849
48682,0.000895,74.125.24.0-255,1484,54661,77,344849
48683,0.000922,74.125.24.0-255,2902,57563,77,344849
48684,0.000925,172.31.40.0-255,66,57629,77,344849
48685,0.000932,74.125.24.0-255,5738,63367,77,344849
48686,0.000935,172.31.40.0-255,66,63433,77,344849
48687,0.000954,74.125.24.0-255,2890,66323,77,344849
48688,0.000956,172.31.40.0-255,66,66389,77,344849
48689,0.001189,74.125.24.0-255,331,66720,77,344849
48690,0.001685,74.125.24.0-255,1484,68204,77,344849
48691,0.001692,172.31.40.0-255,66,68270,77,344849
48692,0.0017,74.125.24.0-255,2902,71172,77,344849
48693,0.001702,172.31.40.0-255,66,71238,77,344849
48694,0.001709,74.125.24.0-255,5738,76976,77,344849
48695,0.001711,172.31.40.0-255,66,77042,77,344849
48696,0.001717,74.125.24.0-255,4320,81362,77,344849
48697,0.001719,172.31.40.0-255,66,81428,77,344849
48698,0.001745,74.125.24.0-255,1484,82912,77,344849
48699,0.001757,74.125.24.0-255,12828,95740,77,344849
48700,0.00176,172.31.40.0-255,66,95806,77,344849
48701,0.001766,74.125.24.0-255,5020,100826,77,344849
48702,0.001768,172.31.40.0-255,66,100892,77,344849
48703,0.004084,74.125.24.0-255,5738,106630,77,344849
48704,0.00409,172.31.40.0-255,66,106696,77,344849
48705,0.006479,74.125.24.0-255,5738,112434,77,344849
48706,0.006501,172.31.40.0-255,66,112500,77,344849
48707,0.008828,74.125.24.0-255,5738,118238,77,344849
48708,0.008848,172.31.40.0-255,66,118304,77,344849
48709,0.011171,74.125.24.0-255,5738,124042,77,344849
48710,0.011189,172.31.40.0-255,66,124108,77,344849
48711,0.013587,74.125.24.0-255,5738,129846,77,344849
48712,0.013594,172.31.40.0-255,66,129912,77,344849
48713,0.015922,74.125.24.0-255,5738,135650,77,344849
48714,0.015929,172.31.40.0-255,66,135716,77,344849
48715,0.018251,74.125.24.0-255,5738,141454,77,344849
48716,0.01826,172.31.40.0-255,66,141520,77,344849
48717,0.020602,74.125.24.0-255,5738,147258,77,344849
48718,0.02061,172.31.40.0-255,66,147324,77,344849
48719,0.022903,74.125.24.0-255,5738,153062,77,344849
48720,0.022911,172.31.40.0-255,66,153128,77,344849
48721,0.025235,74.125.24.0-255,5738,158866,77,344849
48722,0.025244,172.31.40.0-255,66,158932,77,344849
48723,0.027547,74.125.24.0-255,5738,164670,77,344849
48724,0.027554,172.31.40.0-255,66,164736,77,344849
48725,0.029987,74.125.24.0-255,5738,170474,77,344849
48726,0.030003,172.31.40.0-255,66,170540,77,344849
48727,0.032317,74.125.24.0-255,5738,176278,77,344849
48728,0.032324,172.31.40.0-255,66,176344,77,344849
48729,0.034634,74.125.24.0-255,5738,182082,77,344849
48730,0.034642,172.31.40.0-255,66,182148,77,344849
48731,0.036987,74.125.24.0-255,5738,187886,77,344849
48732,0.036994,172.31.40.0-255,66,187952,77,344849
48733,0.039347,74.125.24.0-255,5738,193690,77,344849
48734,0.039358,172.31.40.0-255,66,193756,77,344849
48735,0.039885,172.31.40.0-255,172,193928,77,344849
48736,0.039919,172.31.40.0-255,1116,195044,77,344849
48737,0.039991,172.31.40.0-255,1514,196558,77,344849
48738,0.039994,172.31.40.0-255,1514,198072,77,344849
48739,0.039995,172.31.40.0-255,1514,199586,77,344849
48740,0.039996,172.31.40.0-255,1514,201100,77,344849
48741,0.039997,172.31.40.0-255,1287,202387,77,344849
48742,0.041694,74.125.24.0-255,5738,208125,77,344849
48743,0.041715,172.31.40.0-255,66,208191,77,344849
48744,0.042099,104.244.42.0-255,66,208257,77,344849
48745,0.044028,74.125.24.0-255,4320,212577,77,344849
48746,0.044034,172.31.40.0-255,66,212643,77,344849
48747,0.044055,74.125.24.0-255,1484,214127,77,344849
48748,0.046405,74.125.24.0-255,4320,218447,77,344849
48749,0.046419,172.31.40.0-255,66,218513,77,344849
48750,0.048759,74.125.24.0-255,5738,224251,77,344849
48751,0.048766,172.31.40.0-255,66,224317,77,344849
48752,0.051135,74.125.24.0-255,5738,230055,77,344849
48753,0.051153,172.31.40.0-255,66,230121,77,344849
48754,0.053491,74.125.24.0-255,5738,235859,77,344849
48755,0.053509,172.31.40.0-255,66,235925,77,344849
48756,0.055834,74.125.24.0-255,5738,241663,77,344849
48757,0.055844,172.31.40.0-255,66,241729,77,344849
48758,0.058204,74.125.24.0-255,5738,247467,77,344849
48759,0.058213,172.31.40.0-255,66,247533,77,344849
48760,0.06054,74.125.24.0-255,5738,253271,77,344849
48761,0.060547,172.31.40.0-255,66,253337,77,344849
48762,0.06289,74.125.24.0-255,5738,259075,77,344849
48763,0.062896,172.31.40.0-255,66,259141,77,344849
48764,0.065235,74.125.24.0-255,5738,264879,77,344849
48765,0.065241,172.31.40.0-255,66,264945,77,344849
48766,0.067566,74.125.24.0-255,5738,270683,77,344849
48767,0.067573,172.31.40.0-255,66,270749,77,344849
48768,0.069913,74.125.24.0-255,5738,276487,77,344849
48769,0.069919,172.31.40.0-255,66,276553,77,344849
48770,0.072244,74.125.24.0-255,5738,282291,77,344849
48771,0.07225,172.31.40.0-255,66,282357,77,344849
48772,0.074611,74.125.24.0-255,5738,288095,77,344849
48773,0.074617,172.31.40.0-255,66,288161,77,344849
48774,0.076941,74.125.24.0-255,5738,293899,77,344849
48775,0.076948,172.31.40.0-255,66,293965,77,344849
48776,0.079284,74.125.24.0-255,5738,299703,77,344849
48777,0.079291,172.31.40.0-255,66,299769,77,344849
48778,0.081605,74.125.24.0-255,5738,305507,77,344849
48779,0.081612,172.31.40.0-255,66,305573,77,344849
48780,0.084048,74.125.24.0-255,4320,309893,77,344849
48781,0.084058,172.31.40.0-255,66,309959,77,344849
48782,0.084079,74.125.24.0-255,1484,311443,77,344849
48783,0.086406,74.125.24.0-255,4320,315763,77,344849
48784,0.086413,172.31.40.0-255,66,315829,77,344849
48785,0.088749,74.125.24.0-255,5738,321567,77,344849
48786,0.088755,172.31.40.0-255,66,321633,77,344849
48787,0.091113,74.125.24.0-255,5738,327371,77,344849
48788,0.09112,172.31.40.0-255,66,327437,77,344849
48789,0.093445,74.125.24.0-255,5738,333175,77,344849
48790,0.093451,172.31.40.0-255,66,333241,77,344849
48791,0.095773,74.125.24.0-255,5738,338979,77,344849
48792,0.095779,172.31.40.0-255,66,339045,77,344849
48793,0.098113,74.125.24.0-255,5738,344783,77,344849
48794,0.09812,172.31.40.0-255,66,344849,77,344849
48795,0.0,74.125.130.0-255,152,152,77,421634
48796,2.1e-05,172.31.40.0-255,66,218,77,421634
48797,2.9e-05,74.125.130.0-255,1484,1702,77,421634
48798,3.3e-05,172.31.40.0-255,66,1768,77,421634
48799,3.9e-05,74.125.130.0-255,2902,4670,77,421634
48800,5e-05,172.31.40.0-255,66,4736,77,421634
48801,5.8e-05,74.125.130.0-255,7156,11892,77,421634
48802,6.1e-05,172.31.40.0-255,66,11958,77,421634
48803,0.000103,74.125.130.0-255,2902,14860,77,421634
48804,0.000105,172.31.40.0-255,66,14926,77,421634
48805,0.000142,74.125.130.0-255,4818,19744,77,421634
48806,0.000145,172.31.40.0-255,66,19810,77,421634
48807,0.000154,74.125.130.0-255,8574,28384,77,421634
48808,0.000156,172.31.40.0-255,66,28450,77,421634
48809,0.00016,74.125.130.0-255,2543,30993,77,421634
48810,0.000167,172.31.40.0-255,66,31059,77,421634
48811,0.000248,74.125.130.0-255,1484,32543,77,421634
48812,0.000251,172.31.40.0-255,66,32609,77,421634
48813,0.000255,74.125.130.0-255,1484,34093,77,421634
48814,0.000258,172.31.40.0-255,66,34159,77,421634
48815,0.00028,74.125.130.0-255,1484,35643,77,421634
48816,0.000282,172.31.40.0-255,66,35709,77,421634
48817,0.000317,74.125.130.0-255,5738,41447,77,421634
48818,0.000324,172.31.40.0-255,66,41513,77,421634
48819,0.000333,74.125.130.0-255,8574,50087,77,421634
48820,0.000335,172.31.40.0-255,66,50153,77,421634
48821,0.000342,74.125.130.0-255,5738,55891,77,421634
48822,0.000344,172.31.40.0-255,66,55957,77,421634
48823,0.000373,74.125.130.0-255,4320,60277,77,421634
48824,0.00038,172.31.40.0-255,66,60343,77,421634
48825,0.000387,74.125.130.0-255,5020,65363,77,421634
48826,0.000389,172.31.40.0-255,66,65429,77,421634
48827,0.000392,74.125.130.0-255,379,65808,77,421634
48828,0.000414,74.125.130.0-255,394,66202,77,421634
48829,0.000706,74.125.130.0-255,1484,67686,77,421634
48830,0.000719,172.31.40.0-255,66,67752,77,421634
48831,0.000742,74.125.130.0-255,2902,70654,77,421634
48832,0.000745,172.31.40.0-255,66,70720,77,421634
48833,0.000752,74.125.130.0-255,5738,76458,77,421634
48834,0.000754,172.31.40.0-255,66,76524,77,421634
48835,0.000759,74.125.130.0-255,2902,79426,77,421634
48836,0.000762,172.31.40.0-255,66,79492,77,421634
48837,0.000798,74.125.130.0-255,5738,85230,77,421634
48838,0.000801,172.31.40.0-255,66,85296,77,421634
48839,0.000811,74.125.130.0-255,9992,95288,77,421634
48840,0.000813,172.31.40.0-255,66,95354,77,421634
48841,0.000824,74.125.130.0-255,5020,100374,77,421634
48842,0.000827,172.31.40.0-255,66,100440,77,421634
48843,0.000919,74.125.130.0-255,1484,101924,77,421634
48844,0.000934,74.125.130.0-255,2902,104826,77,421634
48845,0.000938,172.31.40.0-255,66,104892,77,421634
48846,0.000967,74.125.130.0-255,5738,110630,77,421634
48847,0.00097,172.31.40.0-255,66,110696,77,421634
48848,0.000974,74.125.130.0-255,2902,113598,77,421634
48849,0.000976,172.31.40.0-255,66,113664,77,421634
48850,0.000982,74.125.130.0-255,4320,117984,77,421634
48851,0.000984,172.31.40.0-255,66,118050,77,421634
48852,0.001046,74.125.130.0-255,8574,126624,77,421634
48853,0.001049,172.31.40.0-255,66,126690,77,421634
48854,0.001055,74.125.130.0-255,5738,132428,77,421634
48855,0.001057,172.31.40.0-255,66,132494,77,421634
48856,0.00106,74.125.130.0-255,1484,133978,77,421634
48857,0.001083,74.125.130.0-255,766,134744,77,421634
48858,0.001086,172.31.40.0-255,66,134810,77,421634
48859,0.001221,74.125.130.0-255,1484,136294,77,421634
48860,0.001246,74.125.130.0-255,2902,139196,77,421634
48861,0.00125,172.31.40.0-255,66,139262,77,421634
48862,0.001256,74.125.130.0-255,4320,143582,77,421634
48863,0.001258,172.31.40.0-255,66,143648,77,421634
48864,0.001283,74.125.130.0-255,1484,145132,77,421634
48865,0.001287,74.125.130.0-255,2902,148034,77,421634
48866,0.001289,172.31.40.0-255,66,148100,77,421634
48867,0.0013,74.125.130.0-255,4320,152420,77,421634
48868,0.001302,172.31.40.0-255,66,152486,77,421634
48869,0.00131,74.125.130.0-255,8574,161060,77,421634
48870,0.001312,172.31.40.0-255,66,161126,77,421634
48871,0.001318,74.125.130.0-255,5738,166864,77,421634
48872,0.00132,172.31.40.0-255,66,166930,77,421634
48873,0.001369,74.125.130.0-255,2184,169114,77,421634
48874,0.001373,172.31.40.0-255,66,169180,77,421634
48875,0.001418,74.125.130.0-255,2902,172082,77,421634
48876,0.001421,172.31.40.0-255,66,172148,77,421634
48877,0.001453,74.125.130.0-255,4320,176468,77,421634
48878,0.001457,172.31.40.0-255,66,176534,77,421634
48879,0.001466,74.125.130.0-255,8574,185108,77,421634
48880,0.001469,172.31.40.0-255,66,185174,77,421634
48881,0.00148,74.125.130.0-255,5738,190912,77,421634
48882,0.001482,172.31.40.0-255,66,190978,77,421634
48883,0.001518,74.125.130.0-255,7156,198134,77,421634
48884,0.001522,172.31.40.0-255,66,198200,77,421634
48885,0.001528,74.125.130.0-255,5020,203220,77,421634
48886,0.00153,172.31.40.0-255,66,203286,77,421634
48887,0.001591,74.125.130.0-255,1484,204770,77,421634
48888,0.001596,74.125.130.0-255,2902,207672,77,421634
48889,0.001599,172.31.40.0-255,66,207738,77,421634
48890,0.001602,74.125.130.0-255,1484,209222,77,421634
48891,0.00163,74.125.130.0-255,4320,213542,77,421634
48892,0.001633,172.31.40.0-255,66,213608,77,421634
48893,0.001638,74.125.130.0-255,2902,216510,77,421634
48894,0.00164,172.31.40.0-255,66,216576,77,421634
48895,0.001645,74.125.130.0-255,4320,220896,77,421634
48896,0.001647,172.31.40.0-255,66,220962,77,421634
48897,0.001657,74.125.130.0-255,2902,223864,77,421634
48898,0.001659,172.31.40.0-255,66,223930,77,421634
48899,0.0017,74.125.130.0-255,5738,229668,77,421634
48900,0.001703,172.31.40.0-255,66,229734,77,421634
48901,0.00171,74.125.130.0-255,7156,236890,77,421634
48902,0.001712,172.31.40.0-255,66,236956,77,421634
48903,0.001714,74.125.130.0-255,766,237722,77,421634
48904,0.001962,74.125.130.0-255,1484,239206,77,421634
48905,0.001967,172.31.40.0-255,66,239272,77,421634
48906,0.001987,74.125.130.0-255,2902,242174,77,421634
48907,0.00199,172.31.40.0-255,66,242240,77,421634
48908,0.001994,74.125.130.0-255,2902,245142,77,421634
48909,0.001996,172.31.40.0-255,66,245208,77,421634
48910,0.002017,74.125.130.0-255,2902,248110,77,421634
48911,0.002023,172.31.40.0-255,66,248176,77,421634
48912,0.002026,74.125.130.0-255,1484,249660,77,421634
48913,0.00206,74.125.130.0-255,11410,261070,77,421634
48914,0.002063,172.31.40.0-255,66,261136,77,421634
48915,0.002083,74.125.130.0-255,2902,264038,77,421634
48916,0.002085,172.31.40.0-255,66,264104,77,421634
48917,0.002105,74.125.130.0-255,7856,271960,77,421634
48918,0.002108,172.31.40.0-255,66,272026,77,421634
48919,0.004174,74.125.130.0-255,5738,277764,77,421634
48920,0.004181,172.31.40.0-255,66,277830,77,421634
48921,0.006256,74.125.130.0-255,5738,283568,77,421634
48922,0.006264,172.31.40.0-255,66,283634,77,421634
48923,0.008333,74.125.130.0-255,5738,289372,77,421634
48924,0.008338,172.31.40.0-255,66,289438,77,421634
48925,0.010414,74.125.130.0-255,5738,295176,77,421634
48926,0.010421,172.31.40.0-255,66,295242,77,421634
48927,0.012486,74.125.130.0-255,5738,300980,77,421634
48928,0.012493,172.31.40.0-255,66,301046,77,421634
48929,0.014606,74.125.130.0-255,5738,306784,77,421634
48930,0.014615,172.31.40.0-255,66,306850,77,421634
48931,0.016685,74.125.130.0-255,5738,312588,77,421634
48932,0.016696,172.31.40.0-255,66,312654,77,421634
48933,0.018782,74.125.130.0-255,5738,318392,77,421634
48934,0.01879,172.31.40.0-255,66,318458,77,421634
48935,0.020869,74.125.130.0-255,5738,324196,77,421634
48936,0.020877,172.31.40.0-255,66,324262,77,421634
48937,0.022939,74.125.130.0-255,5738,330000,77,421634
48938,0.022946,172.31.40.0-255,66,330066,77,421634
48939,0.025019,74.125.130.0-255,5738,335804,77,421634
48940,0.025027,172.31.40.0-255,66,335870,77,421634
48941,0.027103,74.125.130.0-255,5738,341608,77,421634
48942,0.027112,172.31.40.0-255,66,341674,77,421634
48943,0.02919,74.125.130.0-255,4320,345994,77,421634
48944,0.029198,172.31.40.0-255,66,346060,77,421634
48945,0.029229,74.125.130.0-255,1484,347544,77,421634
48946,0.031275,74.125.130.0-255,4320,351864,77,421634
48947,0.031283,172.31.40.0-255,66,351930,77,421634
48948,0.031947,172.31.40.0-255,171,352101,77,421634
48949,0.031977,172.31.40.0-255,1144,353245,77,421634
48950,0.032037,172.31.40.0-255,1514,354759,77,421634
48951,0.032039,172.31.40.0-255,1251,356010,77,421634
48952,0.033361,74.125.130.0-255,5738,361748,77,421634
48953,0.033368,172.31.40.0-255,66,361814,77,421634
48954,0.033457,104.244.42.0-255,66,361880,77,421634
48955,0.033549,104.244.42.0-255,66,361946,77,421634
48956,0.033741,104.244.42.0-255,66,362012,77,421634
48957,0.035452,74.125.130.0-255,5738,367750,77,421634
48958,0.035459,172.31.40.0-255,66,367816,77,421634
48959,0.037554,74.125.130.0-255,5738,373554,77,421634
48960,0.037561,172.31.40.0-255,66,373620,77,421634
48961,0.039647,74.125.130.0-255,5738,379358,77,421634
48962,0.039654,172.31.40.0-255,66,379424,77,421634
48963,0.041734,74.125.130.0-255,5738,385162,77,421634
48964,0.041741,172.31.40.0-255,66,385228,77,421634
48965,0.04382,74.125.130.0-255,5738,390966,77,421634
48966,0.043827,172.31.40.0-255,66,391032,77,421634
48967,0.045908,74.125.130.0-255,5738,396770,77,421634
48968,0.045915,172.31.40.0-255,66,396836,77,421634
48969,0.04799,74.125.130.0-255,5738,402574,77,421634
48970,0.047997,172.31.40.0-255,66,402640,77,421634
48971,0.050074,74.125.130.0-255,5738,408378,77,421634
48972,0.05008,172.31.40.0-255,66,408444,77,421634
48973,0.052148,74.125.130.0-255,5738,414182,77,421634
48974,0.052155,172.31.40.0-255,66,414248,77,421634
48975,0.054226,74.125.130.0-255,5738,419986,77,421634
48976,0.054233,172.31.40.0-255,66,420052,77,421634
48977,0.056292,74.125.130.0-255,1345,421397,77,421634
48978,0.056432,172.31.40.0-255,66,421463,77,421634
48979,0.056468,172.31.40.0-255,105,421568,77,421634
48980,0.058502,74.125.130.0-255,66,421634,77,421634
48981,0.0,172.217.24.0-255,153,153,77,402129
48982,2.2e-05,172.31.40.0-255,66,219,77,402129
48983,2.9e-05,172.217.24.0-255,1484,1703,77,402129
48984,3.5e-05,172.31.40.0-255,66,1769,77,402129
48985,4e-05,172.217.24.0-255,2902,4671,77,402129
48986,4.3e-05,172.31.40.0-255,66,4737,77,402129
48987,5e-05,172.217.24.0-255,7156,11893,77,402129
48988,5.3e-05,172.31.40.0-255,66,11959,77,402129
48989,5.7e-05,172.217.24.0-255,2072,14031,77,402129
48990,6e-05,172.31.40.0-255,66,14097,77,402129
48991,6.5e-05,172.217.24.0-255,2902,16999,77,402129
48992,6.8e-05,172.31.40.0-255,66,17065,77,402129
48993,7.5e-05,172.217.24.0-255,7156,24221,77,402129
48994,7.8e-05,172.31.40.0-255,66,24287,77,402129
48995,0.000112,172.217.24.0-255,6797,31084,77,402129
48996,0.000115,172.31.40.0-255,66,31150,77,402129
48997,0.000253,172.217.24.0-255,1484,32634,77,402129
48998,0.000257,172.31.40.0-255,66,32700,77,402129
48999,0.000262,172.217.24.0-255,2902,35602,77,402129
49000,0.000264,172.31.40.0-255,66,35668,77,402129
49001,0.00027,172.217.24.0-255,4320,39988,77,402129
49002,0.000272,172.31.40.0-255,66,40054,77,402129
49003,0.000299,172.217.24.0-255,1484,41538,77,402129
49004,0.000302,172.31.40.0-255,66,41604,77,402129
49005,0.000309,172.217.24.0-255,5738,47342,77,402129
49006,0.000312,172.31.40.0-255,66,47408,77,402129
49007,0.000334,172.217.24.0-255,1125,48533,77,402129
49008,0.000336,172.31.40.0-255,66,48599,77,402129
49009,0.00047,172.217.24.0-255,1484,50083,77,402129
49010,0.000474,172.31.40.0-255,66,50149,77,402129
49011,0.000497,172.217.24.0-255,2902,53051,77,402129
49012,0.000501,172.31.40.0-255,66,53117,77,402129
49013,0.000506,172.217.24.0-255,4320,57437,77,402129
49014,0.000509,172.31.40.0-255,66,57503,77,402129
49015,0.000555,172.217.24.0-255,8545,66048,77,402129
49016,0.000559,172.31.40.0-255,66,66114,77,402129
49017,0.001198,172.217.24.0-255,115,66229,77,402129
49018,0.00135,172.217.24.0-255,1484,67713,77,402129
49019,0.001355,172.31.40.0-255,66,67779,77,402129
49020,0.001363,172.217.24.0-255,2902,70681,77,402129
49021,0.001365,172.31.40.0-255,66,70747,77,402129
49022,0.00141,172.217.24.0-255,2902,73649,77,402129
49023,0.001413,172.31.40.0-255,66,73715,77,402129
49024,0.001432,172.217.24.0-255,2902,76617,77,402129
49025,0.001434,172.31.40.0-255,66,76683,77,402129
49026,0.001441,172.217.24.0-255,6797,83480,77,402129
49027,0.001443,172.31.40.0-255,66,83546,77,402129
49028,0.001462,172.217.24.0-255,1484,85030,77,402129
49029,0.001484,172.217.24.0-255,2902,87932,77,402129
49030,0.001486,172.31.40.0-255,66,87998,77,402129
49031,0.001493,172.217.24.0-255,5738,93736,77,402129
49032,0.001495,172.31.40.0-255,66,93802,77,402129
49033,0.001498,172.217.24.0-255,1484,95286,77,402129
49034,0.001515,172.217.24.0-255,1484,96770,77,402129
49035,0.001517,172.31.40.0-255,66,96836,77,402129
49036,0.001534,172.217.24.0-255,1484,98320,77,402129
49037,0.001548,172.217.24.0-255,2543,100863,77,402129
49038,0.001551,172.31.40.0-255,66,100929,77,402129
49039,0.001891,172.217.24.0-255,1484,102413,77,402129
49040,0.0019,172.217.24.0-255,2902,105315,77,402129
49041,0.001904,172.31.40.0-255,66,105381,77,402129
49042,0.001911,172.217.24.0-255,4320,109701,77,402129
49043,0.001913,172.31.40.0-255,66,109767,77,402129
49044,0.001935,172.217.24.0-255,2902,112669,77,402129
49045,0.001937,172.31.40.0-255,66,112735,77,402129
49046,0.003822,172.217.24.0-255,2902,115637,77,402129
49047,0.003826,172.31.40.0-255,66,115703,77,402129
49048,0.003847,172.217.24.0-255,2902,118605,77,402129
49049,0.003849,172.31.40.0-255,66,118671,77,402129
49050,0.005759,172.217.24.0-255,2902,121573,77,402129
49051,0.005761,172.31.40.0-255,66,121639,77,402129
49052,0.005781,172.217.24.0-255,2902,124541,77,402129
49053,0.005783,172.31.40.0-255,66,124607,77,402129
49054,0.007682,172.217.24.0-255,2902,127509,77,402129
49055,0.007689,172.31.40.0-255,66,127575,77,402129
49056,0.00771,172.217.24.0-255,2902,130477,77,402129
49057,0.007713,172.31.40.0-255,66,130543,77,402129
49058,0.00962,172.217.24.0-255,2902,133445,77,402129
49059,0.009627,172.31.40.0-255,66,133511,77,402129
49060,0.009648,172.217.24.0-255,2902,136413,77,402129
49061,0.009651,172.31.40.0-255,66,136479,77,402129
49062,0.01155,172.217.24.0-255,4320,140799,77,402129
49063,0.011558,172.31.40.0-255,66,140865,77,402129
49064,0.011574,172.217.24.0-255,1484,142349,77,402129
49065,0.01351,172.217.24.0-255,4320,146669,77,402129
49066,0.013518,172.31.40.0-255,66,146735,77,402129
49067,0.015471,172.217.24.0-255,5738,152473,77,402129
49068,0.015489,172.31.40.0-255,66,152539,77,402129
49069,0.017425,172.217.24.0-255,5738,158277,77,402129
49070,0.017442,172.31.40.0-255,66,158343,77,402129
49071,0.019373,172.217.24.0-255,5738,164081,77,402129
49072,0.01938,172.31.40.0-255,66,164147,77,402129
49073,0.021348,172.217.24.0-255,5738,169885,77,402129
49074,0.021356,172.31.40.0-255,66,169951,77,402129
49075,0.023278,172.217.24.0-255,5738,175689,77,402129
49076,0.023286,172.31.40.0-255,66,175755,77,402129
49077,0.025213,172.217.24.0-255,5738,181493,77,402129
49078,0.025221,172.31.40.0-255,66,181559,77,402129
49079,0.027164,172.217.24.0-255,5738,187297,77,402129
49080,0.027172,172.31.40.0-255,66,187363,77,402129
49081,0.02911,172.217.24.0-255,5738,193101,77,402129
49082,0.029118,172.31.40.0-255,66,193167,77,402129
49083,0.031046,172.217.24.0-255,5738,198905,77,402129
49084,0.031054,172.31.40.0-255,66,198971,77,402129
49085,0.031739,172.31.40.0-255,172,199143,77,402129
49086,0.031768,172.31.40.0-255,1066,200209,77,402129
49087,0.032985,172.217.24.0-255,5738,205947,77,402129
49088,0.032993,172.31.40.0-255,66,206013,77,402129
49089,0.033298,104.244.42.0-255,66,206079,77,402129
49090,0.033399,104.244.42.0-255,66,206145,77,402129
49091,0.034926,172.217.24.0-255,5738,211883,77,402129
49092,0.034934,172.31.40.0-255,66,211949,77,402129
49093,0.036855,172.217.24.0-255,5738,217687,77,402129
49094,0.036862,172.31.40.0-255,66,217753,77,402129
49095,0.038792,172.217.24.0-255,5738,223491,77,402129
49096,0.038799,172.31.40.0-255,66,223557,77,402129
49097,0.04073,172.217.24.0-255,5738,229295,77,402129
49098,0.040736,172.31.40.0-255,66,229361,77,402129
49099,0.04267,172.217.24.0-255,5738,235099,77,402129
49100,0.042677,172.31.40.0-255,66,235165,77,402129
49101,0.04462,172.217.24.0-255,5738,240903,77,402129
49102,0.044627,172.31.40.0-255,66,240969,77,402129
49103,0.046565,172.217.24.0-255,5738,246707,77,402129
49104,0.046572,172.31.40.0-255,66,246773,77,402129
49105,0.048515,172.217.24.0-255,5738,252511,77,402129
49106,0.048522,172.31.40.0-255,66,252577,77,402129
49107,0.050471,172.217.24.0-255,5738,258315,77,402129
49108,0.050489,172.31.40.0-255,66,258381,77,402129
49109,0.052425,172.217.24.0-255,5738,264119,77,402129
49110,0.052438,172.31.40.0-255,66,264185,77,402129
49111,0.054372,172.217.24.0-255,5738,269923,77,402129
49112,0.054384,172.31.40.0-255,66,269989,77,402129
49113,0.056345,172.217.24.0-255,5738,275727,77,402129
49114,0.056362,172.31.40.0-255,66,275793,77,402129
49115,0.058318,172.217.24.0-255,5738,281531,77,402129
49116,0.058332,172.31.40.0-255,66,281597,77,402129
49117,0.060279,172.217.24.0-255,5738,287335,77,402129
49118,0.060296,172.31.40.0-255,66,287401,77,402129
49119,0.062251,172.217.24.0-255,5738,293139,77,402129
49120,0.062266,172.31.40.0-255,66,293205,77,402129
49121,0.064215,172.217.24.0-255,5738,298943,77,402129
49122,0.064231,172.31.40.0-255,66,299009,77,402129
49123,0.06618,172.217.24.0-255,5738,304747,77,402129
49124,0.066194,172.31.40.0-255,66,304813,77,402129
49125,0.068137,172.217.24.0-255,5738,310551,77,402129
49126,0.068144,172.31.40.0-255,66,310617,77,402129
49127,0.070078,172.217.24.0-255,5738,316355,77,402129
49128,0.070085,172.31.40.0-255,66,316421,77,402129
49129,0.072035,172.217.24.0-255,5738,322159,77,402129
49130,0.072041,172.31.40.0-255,66,322225,77,402129
49131,0.073979,172.217.24.0-255,5738,327963,77,402129
49132,0.073986,172.31.40.0-255,66,328029,77,402129
49133,0.075923,172.217.24.0-255,5738,333767,77,402129
49134,0.07593,172.31.40.0-255,66,333833,77,402129
49135,0.07787,172.217.24.0-255,5738,339571,77,402129
49136,0.077877,172.31.40.0-255,66,339637,77,402129
49137,0.079823,172.217.24.0-255,5738,345375,77,402129
49138,0.079829,172.31.40.0-255,66,345441,77,402129
49139,0.081766,172.217.24.0-255,5738,351179,77,402129
49140,0.081772,172.31.40.0-255,66,351245,77,402129
49141,0.083752,172.217.24.0-255,5738,356983,77,402129
49142,0.083759,172.31.40.0-255,66,357049,77,402129
49143,0.085705,172.217.24.0-255,4320,361369,77,402129
49144,0.085712,172.31.40.0-255,66,361435,77,402129
49145,0.085734,172.217.24.0-255,1484,362919,77,402129
49146,0.087681,172.217.24.0-255,4320,367239,77,402129
49147,0.087687,172.31.40.0-255,66,367305,77,402129
49148,0.089629,172.217.24.0-255,5738,373043,77,402129
49149,0.089636,172.31.40.0-255,66,373109,77,402129
49150,0.091568,172.217.24.0-255,5738,378847,77,402129
49151,0.091574,172.31.40.0-255,66,378913,77,402129
49152,0.093515,172.217.24.0-255,5738,384651,77,402129
49153,0.093523,172.31.40.0-255,66,384717,77,402129
49154,0.095458,172.217.24.0-255,5738,390455,77,402129
49155,0.095464,172.31.40.0-255,66,390521,77,402129
49156,0.097403,172.217.24.0-255,5738,396259,77,402129
49157,0.097409,172.31.40.0-255,66,396325,77,402129
49158,0.099349,172.217.24.0-255,5738,402063,77,402129
49159,0.099356,172.31.40.0-255,66,402129,77,402129
49160,0.0,172.217.194.0-255,297,297,77,397066
49161,2.3e-05,172.31.40.0-255,66,363,77,397066
49162,3e-05,172.217.194.0-255,1484,1847,77,397066
49163,3.5e-05,172.31.40.0-255,66,1913,77,397066
49164,4.3e-05,172.217.194.0-255,4320,6233,77,397066
49165,4.6e-05,172.31.40.0-255,66,6299,77,397066
49166,8.3e-05,172.217.194.0-255,9056,15355,77,397066
49167,8.6e-05,172.31.40.0-255,66,15421,77,397066
49168,9.4e-05,172.217.194.0-255,8574,23995,77,397066
49169,9.7e-05,172.31.40.0-255,66,24061,77,397066
49170,0.000133,172.217.194.0-255,2902,26963,77,397066
49171,0.000136,172.31.40.0-255,66,27029,77,397066
49172,0.000156,172.217.194.0-255,3961,30990,77,397066
49173,0.000159,172.31.40.0-255,66,31056,77,397066
49174,0.000195,172.217.194.0-255,1484,32540,77,397066
49175,0.000198,172.31.40.0-255,66,32606,77,397066
49176,0.000202,172.217.194.0-255,1484,34090,77,397066
49177,0.000204,172.31.40.0-255,66,34156,77,397066
49178,0.000217,172.217.194.0-255,1484,35640,77,397066
49179,0.000221,172.217.194.0-255,2902,38542,77,397066
49180,0.000225,172.31.40.0-255,66,38608,77,397066
49181,0.000229,172.31.40.0-255,66,38674,77,397066
49182,0.000239,172.217.194.0-255,2902,41576,77,397066
49183,0.000241,172.31.40.0-255,66,41642,77,397066
49184,0.000246,172.217.194.0-255,4320,45962,77,397066
49185,0.000249,172.31.40.0-255,66,46028,77,397066
49186,0.00027,172.217.194.0-255,6797,52825,77,397066
49187,0.000273,172.31.40.0-255,66,52891,77,397066
49188,0.000275,172.217.194.0-255,1484,54375,77,397066
49189,0.000277,172.31.40.0-255,66,54441,77,397066
49190,0.000292,172.217.194.0-255,4320,58761,77,397066
49191,0.000294,172.31.40.0-255,66,58827,77,397066
49192,0.000323,172.217.194.0-255,7048,65875,77,397066
49193,0.000326,172.31.40.0-255,66,65941,77,397066
49194,0.000329,172.217.194.0-255,123,66064,77,397066
49195,0.000333,172.217.194.0-255,379,66443,77,397066
49196,0.000471,172.217.194.0-255,1484,67927,77,397066
49197,0.000476,172.31.40.0-255,66,67993,77,397066
49198,0.000495,172.217.194.0-255,2902,70895,77,397066
49199,0.000498,172.31.40.0-255,66,70961,77,397066
49200,0.000505,172.217.194.0-255,5738,76699,77,397066
49201,0.000507,172.31.40.0-255,66,76765,77,397066
49202,0.000543,172.217.194.0-255,6797,83562,77,397066
49203,0.000546,172.31.40.0-255,66,83628,77,397066
49204,0.000581,172.217.194.0-255,5738,89366,77,397066
49205,0.000584,172.31.40.0-255,66,89432,77,397066
49206,0.000588,172.217.194.0-255,2902,92334,77,397066
49207,0.000591,172.31.40.0-255,66,92400,77,397066
49208,0.000607,172.217.194.0-255,4320,96720,77,397066
49209,0.00061,172.31.40.0-255,66,96786,77,397066
49210,0.000639,172.217.194.0-255,3961,100747,77,397066
49211,0.000642,172.31.40.0-255,66,100813,77,397066
49212,0.001337,172.217.194.0-255,1484,102297,77,397066
49213,0.001344,172.217.194.0-255,2902,105199,77,397066
49214,0.001348,172.31.40.0-255,66,105265,77,397066
49215,0.001356,172.217.194.0-255,5738,111003,77,397066
49216,0.001358,172.31.40.0-255,66,111069,77,397066
49217,0.001374,172.217.194.0-255,4320,115389,77,397066
49218,0.001376,172.31.40.0-255,66,115455,77,397066
49219,0.001412,172.217.194.0-255,8574,124029,77,397066
49220,0.001421,172.217.194.0-255,9992,134021,77,397066
49221,0.001425,172.31.40.0-255,66,134087,77,397066
49222,0.001428,172.31.40.0-255,66,134153,77,397066
49223,0.001448,172.217.194.0-255,4320,138473,77,397066
49224,0.00145,172.31.40.0-255,66,138539,77,397066
49225,0.00147,172.217.194.0-255,766,139305,77,397066
49226,0.001477,172.217.194.0-255,5738,145043,77,397066
49227,0.00148,172.31.40.0-255,66,145109,77,397066
49228,0.001492,172.217.194.0-255,12828,157937,77,397066
49229,0.001494,172.31.40.0-255,66,158003,77,397066
49230,0.0015,172.217.194.0-255,7156,165159,77,397066
49231,0.001502,172.31.40.0-255,66,165225,77,397066
49232,0.001538,172.217.194.0-255,2902,168127,77,397066
49233,0.001541,172.31.40.0-255,66,168193,77,397066
49234,0.001568,172.217.194.0-255,6438,174631,77,397066
49235,0.001571,172.31.40.0-255,66,174697,77,397066
49236,0.00158,172.217.194.0-255,9992,184689,77,397066
49237,0.001582,172.31.40.0-255,66,184755,77,397066
49238,0.001603,172.217.194.0-255,9992,194747,77,397066
49239,0.001606,172.31.40.0-255,66,194813,77,397066
49240,0.001624,172.217.194.0-255,7856,202669,77,397066
49241,0.001628,172.31.40.0-255,66,202735,77,397066
49242,0.001636,172.217.194.0-255,1484,204219,77,397066
49243,0.001665,172.217.194.0-255,2902,207121,77,397066
49244,0.001668,172.31.40.0-255,66,207187,77,397066
49245,0.001674,172.217.194.0-255,5738,212925,77,397066
49246,0.001676,172.31.40.0-255,66,212991,77,397066
49247,0.001712,172.217.194.0-255,2902,215893,77,397066
49248,0.001714,172.31.40.0-255,66,215959,77,397066
49249,0.001745,172.217.194.0-255,9992,225951,77,397066
49250,0.001755,172.217.194.0-255,10692,236643,77,397066
49251,0.00176,172.217.194.0-255,4320,240963,77,397066
49252,0.001764,172.217.194.0-255,5738,246701,77,397066
49253,0.001768,172.217.194.0-255,2902,249603,77,397066
49254,0.001773,172.31.40.0-255,66,249669,77,397066
49255,0.001781,172.31.40.0-255,66,249735,77,397066
49256,0.001783,172.31.40.0-255,66,249801,77,397066
49257,0.001786,172.31.40.0-255,66,249867,77,397066
49258,0.001789,172.31.40.0-255,66,249933,77,397066
49259,0.001801,172.217.194.0-255,8574,258507,77,397066
49260,0.001804,172.31.40.0-255,66,258573,77,397066
49261,0.001807,172.217.194.0-255,1484,260057,77,397066
49262,0.001843,172.217.194.0-255,10692,270749,77,397066
49263,0.001846,172.31.40.0-255,66,270815,77,397066
49264,0.001851,172.217.194.0-255,4320,275135,77,397066
49265,0.001853,172.31.40.0-255,66,275201,77,397066
49266,0.001857,172.217.194.0-255,2902,278103,77,397066
49267,0.001859,172.31.40.0-255,66,278169,77,397066
49268,0.001889,172.217.194.0-255,2902,281071,77,397066
49269,0.001892,172.31.40.0-255,66,281137,77,397066
49270,0.001902,172.217.194.0-255,11410,292547,77,397066
49271,0.001905,172.31.40.0-255,66,292613,77,397066
49272,0.001911,172.217.194.0-255,5738,298351,77,397066
49273,0.001913,172.31.40.0-255,66,298417,77,397066
49274,0.001938,172.217.194.0-255,6438,304855,77,397066
49275,0.001941,172.31.40.0-255,66,304921,77,397066
49276,0.001946,172.217.194.0-255,4320,309241,77,397066
49277,0.001948,172.31.40.0-255,66,309307,77,397066
49278,0.001982,172.217.194.0-255,8574,317881,77,397066
49279,0.001985,172.31.40.0-255,66,317947,77,397066
49280,0.001994,172.217.194.0-255,9992,327939,77,397066
49281,0.001996,172.31.40.0-255,66,328005,77,397066
49282,0.002034,172.217.194.0-255,13528,341533,77,397066
49283,0.002037,172.31.40.0-255,66,341599,77,397066
49284,0.002046,172.217.194.0-255,9992,351591,77,397066
49285,0.002049,172.31.40.0-255,66,351657,77,397066
49286,0.002069,172.217.194.0-255,4320,355977,77,397066
49287,0.002071,172.31.40.0-255,66,356043,77,397066
49288,0.002088,172.31.40.0-255,66,356109,77,397066
49289,0.00212,172.217.194.0-255,5738,361847,77,397066
49290,0.002122,172.31.40.0-255,66,361913,77,397066
49291,0.00214,172.217.194.0-255,1484,363397,77,397066
49292,0.002149,172.217.194.0-255,8574,371971,77,397066
49293,0.002151,172.31.40.0-255,66,372037,77,397066
49294,0.002158,172.217.194.0-255,5738,377775,77,397066
49295,0.00216,172.31.40.0-255,66,377841,77,397066
49296,0.002182,172.217.194.0-255,11410,389251,77,397066
49297,0.002185,172.31.40.0-255,66,389317,77,397066
49298,0.002188,172.217.194.0-255,766,390083,77,397066
49299,0.002236,172.217.194.0-255,6575,396658,77,397066
49300,0.002239,172.31.40.0-255,66,396724,77,397066
49301,0.002257,172.217.194.0-255,105,396829,77,397066
49302,0.009901,172.31.40.0-255,66,396895,77,397066
49303,0.009951,172.31.40.0-255,105,397000,77,397066
49304,0.012288,172.217.194.0-255,66,397066,77,397066
49305,0.0,74.125.24.0-255,154,154,77,398210
49306,1.5e-05,172.31.40.0-255,66,220,77,398210
49307,4.8e-05,74.125.24.0-255,1484,1704,77,398210
49308,5.2e-05,172.31.40.0-255,66,1770,77,398210
49309,5.8e-05,74.125.24.0-255,2902,4672,77,398210
49310,6e-05,172.31.40.0-255,66,4738,77,398210
49311,7.3e-05,74.125.24.0-255,7156,11894,77,398210
49312,7.6e-05,172.31.40.0-255,66,11960,77,398210
49313,0.000104,74.125.24.0-255,7709,19669,77,398210
49314,0.000106,172.31.40.0-255,66,19735,77,398210
49315,0.000133,74.125.24.0-255,7156,26891,77,398210
49316,0.000136,172.31.40.0-255,66,26957,77,398210
49317,0.000156,74.125.24.0-255,2902,29859,77,398210
49318,0.000158,172.31.40.0-255,66,29925,77,398210
49319,0.000161,74.125.24.0-255,1125,31050,77,398210
49320,0.000163,172.31.40.0-255,66,31116,77,398210
49321,0.00024,74.125.24.0-255,1484,32600,77,398210
49322,0.000243,172.31.40.0-255,66,32666,77,398210
49323,0.000247,74.125.24.0-255,1484,34150,77,398210
49324,0.000249,172.31.40.0-255,66,34216,77,398210
49325,0.000269,74.125.24.0-255,1484,35700,77,398210
49326,0.000272,172.31.40.0-255,66,35766,77,398210
49327,0.000301,74.125.24.0-255,5738,41504,77,398210
49328,0.000304,172.31.40.0-255,66,41570,77,398210
49329,0.000344,74.125.24.0-255,13887,55457,77,398210
49330,0.000347,172.31.40.0-255,66,55523,77,398210
49331,0.000351,74.125.24.0-255,2902,58425,77,398210
49332,0.000354,172.31.40.0-255,66,58491,77,398210
49333,0.000385,74.125.24.0-255,7072,65563,77,398210
49334,0.000388,172.31.40.0-255,66,65629,77,398210
49335,0.000487,74.125.24.0-255,130,65759,77,398210
49336,0.000491,172.31.40.0-255,66,65825,77,398210
49337,0.00069,74.125.24.0-255,1484,67309,77,398210
49338,0.000697,74.125.24.0-255,2902,70211,77,398210
49339,0.000705,172.31.40.0-255,66,70277,77,398210
49340,0.000746,74.125.24.0-255,4320,74597,77,398210
49341,0.000773,74.125.24.0-255,5738,80335,77,398210
49342,0.000783,172.31.40.0-255,66,80401,77,398210
49343,0.000805,74.125.24.0-255,8215,88616,77,398210
49344,0.000822,74.125.24.0-255,5738,94354,77,398210
49345,0.000835,74.125.24.0-255,2902,97256,77,398210
49346,0.000839,74.125.24.0-255,2543,99799,77,398210
49347,0.000868,172.31.40.0-255,66,99865,77,398210
49348,0.001814,74.125.24.0-255,1484,101349,77,398210
49349,0.001824,74.125.24.0-255,2902,104251,77,398210
49350,0.001829,172.31.40.0-255,66,104317,77,398210
49351,0.001836,74.125.24.0-255,5738,110055,77,398210
49352,0.001862,74.125.24.0-255,9992,120047,77,398210
49353,0.001882,74.125.24.0-255,2902,122949,77,398210
49354,0.00189,74.125.24.0-255,7156,130105,77,398210
49355,0.001942,74.125.24.0-255,3602,133707,77,398210
49356,0.002045,74.125.24.0-255,1484,135191,77,398210
49357,0.002049,74.125.24.0-255,1484,136675,77,398210
49358,0.002063,74.125.24.0-255,1484,138159,77,398210
49359,0.002086,74.125.24.0-255,1484,139643,77,398210
49360,0.00209,74.125.24.0-255,2902,142545,77,398210
49361,0.003798,172.31.40.0-255,66,142611,77,398210
49362,0.00586,74.125.24.0-255,4320,146931,77,398210
49363,0.005865,172.31.40.0-255,66,146997,77,398210
49364,0.005894,74.125.24.0-255,1484,148481,77,398210
49365,0.007954,74.125.24.0-255,4320,152801,77,398210
49366,0.007961,172.31.40.0-255,66,152867,77,398210
49367,0.010016,74.125.24.0-255,5738,158605,77,398210
49368,0.011533,172.31.40.0-255,66,158671,77,398210
49369,0.013627,74.125.24.0-255,5738,164409,77,398210
49370,0.013637,172.31.40.0-255,66,164475,77,398210
49371,0.015724,74.125.24.0-255,5738,170213,77,398210
49372,0.015734,172.31.40.0-255,66,170279,77,398210
49373,0.017826,74.125.24.0-255,5738,176017,77,398210
49374,0.020467,172.31.40.0-255,66,176083,77,398210
49375,0.022546,74.125.24.0-255,5738,181821,77,398210
49376,0.022554,172.31.40.0-255,66,181887,77,398210
49377,0.024625,74.125.24.0-255,5738,187625,77,398210
49378,0.024632,172.31.40.0-255,66,187691,77,398210
49379,0.026716,74.125.24.0-255,5738,193429,77,398210
49380,0.026722,172.31.40.0-255,66,193495,77,398210
49381,0.028792,74.125.24.0-255,5738,199233,77,398210
49382,0.028798,172.31.40.0-255,66,199299,77,398210
49383,0.030011,172.31.40.0-255,172,199471,77,398210
49384,0.030038,172.31.40.0-255,1119,200590,77,398210
49385,0.030088,172.31.40.0-255,1514,202104,77,398210
49386,0.030089,172.31.40.0-255,1276,203380,77,398210
49387,0.030859,74.125.24.0-255,5738,209118,77,398210
49388,0.030865,172.31.40.0-255,66,209184,77,398210
49389,0.031554,104.244.42.0-255,66,209250,77,398210
49390,0.031599,104.244.42.0-255,66,209316,77,398210
49391,0.031646,104.244.42.0-255,66,209382,77,398210
49392,0.03292,74.125.24.0-255,5738,215120,77,398210
49393,0.032926,172.31.40.0-255,66,215186,77,398210
49394,0.035002,74.125.24.0-255,5738,220924,77,398210
49395,0.035007,172.31.40.0-255,66,220990,77,398210
49396,0.037127,74.125.24.0-255,5738,226728,77,398210
49397,0.037132,172.31.40.0-255,66,226794,77,398210
49398,0.039217,74.125.24.0-255,5738,232532,77,398210
49399,0.039223,172.31.40.0-255,66,232598,77,398210
49400,0.041321,74.125.24.0-255,5738,238336,77,398210
49401,0.041327,172.31.40.0-255,66,238402,77,398210
49402,0.043393,74.125.24.0-255,5738,244140,77,398210
49403,0.0434,172.31.40.0-255,66,244206,77,398210
49404,0.045494,74.125.24.0-255,5738,249944,77,398210
49405,0.045501,172.31.40.0-255,66,250010,77,398210
49406,0.047592,74.125.24.0-255,5738,255748,77,398210
49407,0.047597,172.31.40.0-255,66,255814,77,398210
49408,0.049688,74.125.24.0-255,5738,261552,77,398210
49409,0.049694,172.31.40.0-255,66,261618,77,398210
49410,0.051768,74.125.24.0-255,5738,267356,77,398210
49411,0.051777,172.31.40.0-255,66,267422,77,398210
49412,0.053834,74.125.24.0-255,5738,273160,77,398210
49413,0.05384,172.31.40.0-255,66,273226,77,398210
49414,0.055901,74.125.24.0-255,4320,277546,77,398210
49415,0.055909,172.31.40.0-255,66,277612,77,398210
49416,0.055933,74.125.24.0-255,1484,279096,77,398210
49417,0.05798,74.125.24.0-255,2902,281998,77,398210
49418,0.057986,172.31.40.0-255,66,282064,77,398210
49419,0.058012,74.125.24.0-255,1484,283548,77,398210
49420,0.060043,74.125.24.0-255,4320,287868,77,398210
49421,0.060082,172.31.40.0-255,66,287934,77,398210
49422,0.062182,74.125.24.0-255,5738,293672,77,398210
49423,0.062215,172.31.40.0-255,66,293738,77,398210
49424,0.064283,74.125.24.0-255,5738,299476,77,398210
49425,0.064287,172.31.40.0-255,66,299542,77,398210
49426,0.066351,74.125.24.0-255,5738,305280,77,398210
49427,0.066356,172.31.40.0-255,66,305346,77,398210
49428,0.068421,74.125.24.0-255,5738,311084,77,398210
49429,0.068426,172.31.40.0-255,66,311150,77,398210
49430,0.070525,74.125.24.0-255,5738,316888,77,398210
49431,0.070531,172.31.40.0-255,66,316954,77,398210
49432,0.072636,74.125.24.0-255,5738,322692,77,398210
49433,0.072641,172.31.40.0-255,66,322758,77,398210
49434,0.074719,74.125.24.0-255,5738,328496,77,398210
49435,0.074726,172.31.40.0-255,66,328562,77,398210
49436,0.076802,74.125.24.0-255,5738,334300,77,398210
49437,0.076809,172.31.40.0-255,66,334366,77,398210
49438,0.078901,74.125.24.0-255,5738,340104,77,398210
49439,0.078906,172.31.40.0-255,66,340170,77,398210
49440,0.080984,74.125.24.0-255,5738,345908,77,398210
49441,0.08099,172.31.40.0-255,66,345974,77,398210
49442,0.083035,74.125.24.0-255,5738,351712,77,398210
49443,0.083042,172.31.40.0-255,66,351778,77,398210
49444,0.085117,74.125.24.0-255,5738,357516,77,398210
49445,0.085124,172.31.40.0-255,66,357582,77,398210
49446,0.087213,74.125.24.0-255,5738,363320,77,398210
49447,0.087218,172.31.40.0-255,66,363386,77,398210
49448,0.089301,74.125.24.0-255,5738,369124,77,398210
49449,0.089307,172.31.40.0-255,66,369190,77,398210
49450,0.091406,74.125.24.0-255,5738,374928,77,398210
49451,0.091412,172.31.40.0-255,66,374994,77,398210
49452,0.0935,74.125.24.0-255,5738,380732,77,398210
49453,0.093507,172.31.40.0-255,66,380798,77,398210
49454,0.095562,74.125.24.0-255,5738,386536,77,398210
49455,0.09557,172.31.40.0-255,66,386602,77,398210
49456,0.097646,74.125.24.0-255,5738,392340,77,398210
49457,0.097652,172.31.40.0-255,66,392406,77,398210
49458,0.099723,74.125.24.0-255,5738,398144,77,398210
49459,0.09973,172.31.40.0-255,66,398210,77,398210
49460,0.0,172.217.27.0-255,148,148,77,413030
49461,2.1e-05,172.31.40.0-255,66,214,77,413030
49462,2.8e-05,172.217.27.0-255,1484,1698,77,413030
49463,3.2e-05,172.31.40.0-255,66,1764,77,413030
49464,3.8e-05,172.217.27.0-255,2902,4666,77,413030
49465,4.8e-05,172.31.40.0-255,66,4732,77,413030
49466,5.3e-05,172.217.27.0-255,4320,9052,77,413030
49467,5.6e-05,172.31.40.0-255,66,9118,77,413030
49468,6.3e-05,172.217.27.0-255,4988,14106,77,413030
49469,6.6e-05,172.31.40.0-255,66,14172,77,413030
49470,8.7e-05,172.217.27.0-255,2902,17074,77,413030
49471,9.4e-05,172.31.40.0-255,66,17140,77,413030
49472,0.000116,172.217.27.0-255,7156,24296,77,413030
49473,0.00012,172.31.40.0-255,66,24362,77,413030
49474,0.00015,172.217.27.0-255,6797,31159,77,413030
49475,0.000152,172.31.40.0-255,66,31225,77,413030
49476,0.00029,172.217.27.0-255,1484,32709,77,413030
49477,0.000294,172.31.40.0-255,66,32775,77,413030
49478,0.0003,172.217.27.0-255,2902,35677,77,413030
49479,0.000303,172.31.40.0-255,66,35743,77,413030
49480,0.000328,172.217.27.0-255,5738,41481,77,413030
49481,0.000332,172.31.40.0-255,66,41547,77,413030
49482,0.000335,172.217.27.0-255,1484,43031,77,413030
49483,0.000337,172.31.40.0-255,66,43097,77,413030
49484,0.000368,172.217.27.0-255,5379,48476,77,413030
49485,0.000371,172.31.40.0-255,66,48542,77,413030
49486,0.000382,172.217.27.0-255,7156,55698,77,413030
49487,0.000384,172.31.40.0-255,66,55764,77,413030
49488,0.00039,172.217.27.0-255,4320,60084,77,413030
49489,0.000392,172.31.40.0-255,66,60150,77,413030
49490,0.000425,172.217.27.0-255,4320,64470,77,413030
49491,0.000428,172.31.40.0-255,66,64536,77,413030
49492,0.000439,172.217.27.0-255,1396,65932,77,413030
49493,0.000935,172.217.27.0-255,133,66065,77,413030
49494,0.000976,172.217.27.0-255,1484,67549,77,413030
49495,0.00098,172.31.40.0-255,66,67615,77,413030
49496,0.000986,172.217.27.0-255,2902,70517,77,413030
49497,0.000988,172.31.40.0-255,66,70583,77,413030
49498,0.000994,172.217.27.0-255,4320,74903,77,413030
49499,0.001001,172.31.40.0-255,66,74969,77,413030
49500,0.001032,172.217.27.0-255,2902,77871,77,413030
49501,0.001037,172.31.40.0-255,66,77937,77,413030
49502,0.001048,172.217.27.0-255,5379,83316,77,413030
49503,0.00105,172.31.40.0-255,66,83382,77,413030
49504,0.001129,172.217.27.0-255,1484,84866,77,413030
49505,0.001132,172.217.27.0-255,1484,86350,77,413030
49506,0.001137,172.31.40.0-255,66,86416,77,413030
49507,0.001163,172.217.27.0-255,1484,87900,77,413030
49508,0.001168,172.217.27.0-255,4320,92220,77,413030
49509,0.00117,172.31.40.0-255,66,92286,77,413030
49510,0.001177,172.217.27.0-255,5738,98024,77,413030
49511,0.001179,172.31.40.0-255,66,98090,77,413030
49512,0.001194,172.217.27.0-255,9992,108082,77,413030
49513,0.001196,172.31.40.0-255,66,108148,77,413030
49514,0.001218,172.217.27.0-255,1484,109632,77,413030
49515,0.001226,172.217.27.0-255,7856,117488,77,413030
49516,0.001229,172.31.40.0-255,66,117554,77,413030
49517,0.001242,172.217.27.0-255,8574,126128,77,413030
49518,0.001244,172.31.40.0-255,66,126194,77,413030
49519,0.00128,172.217.27.0-255,5738,131932,77,413030
49520,0.001282,172.31.40.0-255,66,131998,77,413030
49521,0.00131,172.217.27.0-255,2802,134800,77,413030
49522,0.001313,172.31.40.0-255,66,134866,77,413030
49523,0.001433,172.217.27.0-255,1484,136350,77,413030
49524,0.001439,172.217.27.0-255,2902,139252,77,413030
49525,0.001441,172.31.40.0-255,66,139318,77,413030
49526,0.00147,172.217.27.0-255,5738,145056,77,413030
49527,0.001476,172.217.27.0-255,7156,152212,77,413030
49528,0.001481,172.31.40.0-255,66,152278,77,413030
49529,0.001484,172.31.40.0-255,66,152344,77,413030
49530,0.001505,172.217.27.0-255,11410,163754,77,413030
49531,0.001508,172.31.40.0-255,66,163820,77,413030
49532,0.001536,172.217.27.0-255,2902,166722,77,413030
49533,0.001539,172.31.40.0-255,66,166788,77,413030
49534,0.001543,172.217.27.0-255,2184,168972,77,413030
49535,0.001545,172.31.40.0-255,66,169038,77,413030
49536,0.001609,172.217.27.0-255,1484,170522,77,413030
49537,0.001624,172.217.27.0-255,2902,173424,77,413030
49538,0.001628,172.31.40.0-255,66,173490,77,413030
49539,0.001632,172.217.27.0-255,2902,176392,77,413030
49540,0.001635,172.31.40.0-255,66,176458,77,413030
49541,0.001657,172.217.27.0-255,2902,179360,77,413030
49542,0.001659,172.31.40.0-255,66,179426,77,413030
49543,0.001665,172.217.27.0-255,4320,183746,77,413030
49544,0.001672,172.31.40.0-255,66,183812,77,413030
49545,0.001711,172.217.27.0-255,8574,192386,77,413030
49546,0.001714,172.31.40.0-255,66,192452,77,413030
49547,0.001724,172.217.27.0-255,10692,203144,77,413030
49548,0.001731,172.31.40.0-255,66,203210,77,413030
49549,0.002019,172.31.40.0-255,101,203311,77,413030
49550,0.003388,172.217.27.0-255,5738,209049,77,413030
49551,0.003395,172.31.40.0-255,66,209115,77,413030
49552,0.003634,172.217.27.0-255,66,209181,77,413030
49553,0.005074,172.217.27.0-255,5738,214919,77,413030
49554,0.005078,172.31.40.0-255,66,214985,77,413030
49555,0.006751,172.217.27.0-255,5738,220723,77,413030
49556,0.006757,172.31.40.0-255,66,220789,77,413030
49557,0.008415,172.217.27.0-255,5738,226527,77,413030
49558,0.00842,172.31.40.0-255,66,226593,77,413030
49559,0.010079,172.217.27.0-255,5738,232331,77,413030
49560,0.010086,172.31.40.0-255,66,232397,77,413030
49561,0.011753,172.217.27.0-255,5738,238135,77,413030
49562,0.011761,172.31.40.0-255,66,238201,77,413030
49563,0.013424,172.217.27.0-255,5738,243939,77,413030
49564,0.013439,172.31.40.0-255,66,244005,77,413030
49565,0.015098,172.217.27.0-255,5738,249743,77,413030
49566,0.015106,172.31.40.0-255,66,249809,77,413030
49567,0.016869,172.217.27.0-255,5738,255547,77,413030
49568,0.016875,172.31.40.0-255,66,255613,77,413030
49569,0.018548,172.217.27.0-255,5738,261351,77,413030
49570,0.018562,172.31.40.0-255,66,261417,77,413030
49571,0.020237,172.217.27.0-255,5738,267155,77,413030
49572,0.020249,172.31.40.0-255,66,267221,77,413030
49573,0.021916,172.217.27.0-255,5738,272959,77,413030
49574,0.021923,172.31.40.0-255,66,273025,77,413030
49575,0.023579,172.217.27.0-255,5738,278763,77,413030
49576,0.023586,172.31.40.0-255,66,278829,77,413030
49577,0.025248,172.217.27.0-255,5738,284567,77,413030
49578,0.025255,172.31.40.0-255,66,284633,77,413030
49579,0.026919,172.217.27.0-255,5738,290371,77,413030
49580,0.026927,172.31.40.0-255,66,290437,77,413030
49581,0.028594,172.217.27.0-255,5738,296175,77,413030
49582,0.028601,172.31.40.0-255,66,296241,77,413030
49583,0.030269,172.217.27.0-255,5738,301979,77,413030
49584,0.030275,172.31.40.0-255,66,302045,77,413030
49585,0.031938,172.217.27.0-255,5738,307783,77,413030
49586,0.031945,172.31.40.0-255,66,307849,77,413030
49587,0.033609,172.217.27.0-255,5738,313587,77,413030
49588,0.033618,172.31.40.0-255,66,313653,77,413030
49589,0.035326,172.217.27.0-255,5738,319391,77,413030
49590,0.035334,172.31.40.0-255,66,319457,77,413030
49591,0.037009,172.217.27.0-255,5738,325195,77,413030
49592,0.037016,172.31.40.0-255,66,325261,77,413030
49593,0.038696,172.217.27.0-255,5738,330999,77,413030
49594,0.038706,172.31.40.0-255,66,331065,77,413030
49595,0.04037,172.217.27.0-255,5738,336803,77,413030
49596,0.040376,172.31.40.0-255,66,336869,77,413030
49597,0.042047,172.217.27.0-255,5738,342607,77,413030
49598,0.042054,172.31.40.0-255,66,342673,77,413030
49599,0.043714,172.217.27.0-255,5738,348411,77,413030
49600,0.043721,172.31.40.0-255,66,348477,77,413030
49601,0.045377,172.217.27.0-255,5738,354215,77,413030
49602,0.045383,172.31.40.0-255,66,354281,77,413030
49603,0.047047,172.217.27.0-255,5738,360019,77,413030
49604,0.047054,172.31.40.0-255,66,360085,77,413030
49605,0.048724,172.217.27.0-255,5738,365823,77,413030
49606,0.048729,172.31.40.0-255,66,365889,77,413030
49607,0.050394,172.217.27.0-255,5738,371627,77,413030
49608,0.050402,172.31.40.0-255,66,371693,77,413030
49609,0.05207,172.217.27.0-255,5738,377431,77,413030
49610,0.052077,172.31.40.0-255,66,377497,77,413030
49611,0.053744,172.217.27.0-255,5738,383235,77,413030
49612,0.053751,172.31.40.0-255,66,383301,77,413030
49613,0.055413,172.217.27.0-255,5738,389039,77,413030
49614,0.055421,172.31.40.0-255,66,389105,77,413030
49615,0.057086,172.217.27.0-255,5738,394843,77,413030
49616,0.057094,172.31.40.0-255,66,394909,77,413030
49617,0.05876,172.217.27.0-255,5738,400647,77,413030
49618,0.058768,172.31.40.0-255,66,400713,77,413030
49619,0.060435,172.217.27.0-255,5738,406451,77,413030
49620,0.060445,172.31.40.0-255,66,406517,77,413030
49621,0.062118,172.217.27.0-255,5738,412255,77,413030
49622,0.062125,172.31.40.0-255,66,412321,77,413030
49623,0.063763,172.217.27.0-255,538,412859,77,413030
49624,0.063904,172.31.40.0-255,105,412964,77,413030
49625,0.069546,172.217.27.0-255,66,413030,77,413030
49626,0.0,172.217.194.0-255,153,153,77,364448
49627,2.4e-05,172.31.40.0-255,66,219,77,364448
49628,3.1e-05,172.217.194.0-255,1484,1703,77,364448
49629,3.5e-05,172.31.40.0-255,66,1769,77,364448
49630,4.1e-05,172.217.194.0-255,2902,4671,77,364448
49631,4.4e-05,172.31.40.0-255,66,4737,77,364448
49632,0.000102,172.217.194.0-255,2902,7639,77,364448
49633,0.000105,172.31.40.0-255,66,7705,77,364448
49634,0.000119,172.217.194.0-255,4320,12025,77,364448
49635,0.000122,172.31.40.0-255,66,12091,77,364448
49636,0.000269,172.217.194.0-255,2037,14128,77,364448
49637,0.000274,172.31.40.0-255,66,14194,77,364448
49638,0.000336,172.217.194.0-255,7156,21350,77,364448
49639,0.000339,172.31.40.0-255,66,21416,77,364448
49640,0.000353,172.217.194.0-255,4320,25736,77,364448
49641,0.000355,172.31.40.0-255,66,25802,77,364448
49642,0.000617,172.217.194.0-255,7156,32958,77,364448
49643,0.000622,172.31.40.0-255,66,33024,77,364448
49644,0.000648,172.217.194.0-255,12828,45852,77,364448
49645,0.000651,172.31.40.0-255,66,45918,77,364448
49646,0.000668,172.217.194.0-255,2184,48102,77,364448
49647,0.00067,172.31.40.0-255,66,48168,77,364448
49648,0.00118,172.217.194.0-255,11410,59578,77,364448
49649,0.001188,172.31.40.0-255,66,59644,77,364448
49650,0.001211,172.217.194.0-255,5657,65301,77,364448
49651,0.001215,172.31.40.0-255,66,65367,77,364448
49652,0.001595,172.217.194.0-255,2902,68269,77,364448
49653,0.001598,172.31.40.0-255,66,68335,77,364448
49654,0.001619,172.217.194.0-255,11410,79745,77,364448
49655,0.001622,172.31.40.0-255,66,79811,77,364448
49656,0.001661,172.31.40.0-255,66,79877,77,364448
49657,0.001683,172.217.194.0-255,5385,85262,77,364448
49658,0.002447,172.217.194.0-255,4320,89582,77,364448
49659,0.003163,172.217.194.0-255,12828,102410,77,364448
49660,0.003898,172.217.194.0-255,4320,106730,77,364448
49661,0.003927,172.217.194.0-255,12828,119558,77,364448
49662,0.003947,172.217.194.0-255,8574,128132,77,364448
49663,0.003974,172.217.194.0-255,8574,136706,77,364448
49664,0.00488,172.31.40.0-255,66,136772,77,364448
49665,0.007243,172.217.194.0-255,1484,138256,77,364448
49666,0.007265,172.217.194.0-255,4320,142576,77,364448
49667,0.00727,172.31.40.0-255,66,142642,77,364448
49668,0.009644,172.217.194.0-255,5738,148380,77,364448
49669,0.009653,172.31.40.0-255,66,148446,77,364448
49670,0.012036,172.217.194.0-255,5738,154184,77,364448
49671,0.012045,172.31.40.0-255,66,154250,77,364448
49672,0.01444,172.217.194.0-255,5738,159988,77,364448
49673,0.015909,172.31.40.0-255,66,160054,77,364448
49674,0.018283,172.217.194.0-255,5738,165792,77,364448
49675,0.018291,172.31.40.0-255,66,165858,77,364448
49676,0.020677,172.217.194.0-255,5738,171596,77,364448
49677,0.020684,172.31.40.0-255,66,171662,77,364448
49678,0.023068,172.217.194.0-255,5738,177400,77,364448
49679,0.023077,172.31.40.0-255,66,177466,77,364448
49680,0.025449,172.217.194.0-255,5738,183204,77,364448
49681,0.025456,172.31.40.0-255,66,183270,77,364448
49682,0.027834,172.217.194.0-255,5738,189008,77,364448
49683,0.027841,172.31.40.0-255,66,189074,77,364448
49684,0.030216,172.217.194.0-255,5738,194812,77,364448
49685,0.030224,172.31.40.0-255,66,194878,77,364448
49686,0.032638,172.217.194.0-255,5738,200616,77,364448
49687,0.032646,172.31.40.0-255,66,200682,77,364448
49688,0.032789,172.31.40.0-255,172,200854,77,364448
49689,0.03282,172.31.40.0-255,1120,201974,77,364448
49690,0.032895,172.31.40.0-255,1514,203488,77,364448
49691,0.032897,172.31.40.0-255,1514,205002,77,364448
49692,0.032898,172.31.40.0-255,1514,206516,77,364448
49693,0.032899,172.31.40.0-255,1514,208030,77,364448
49694,0.032927,172.31.40.0-255,1514,209544,77,364448
49695,0.032932,172.31.40.0-255,132,209676,77,364448
49696,0.034321,104.244.42.0-255,66,209742,77,364448
49697,0.034341,104.244.42.0-255,66,209808,77,364448
49698,0.034452,104.244.42.0-255,66,209874,77,364448
49699,0.034457,104.244.42.0-255,66,209940,77,364448
49700,0.03446,104.244.42.0-255,66,210006,77,364448
49701,0.035009,172.217.194.0-255,2902,212908,77,364448
49702,0.03502,172.31.40.0-255,66,212974,77,364448
49703,0.035043,172.217.194.0-255,2902,215876,77,364448
49704,0.035047,172.31.40.0-255,66,215942,77,364448
49705,0.035135,104.244.42.0-255,108,216050,77,364448
49706,0.035139,172.31.40.0-255,66,216116,77,364448
49707,0.037391,172.217.194.0-255,2902,219018,77,364448
49708,0.037402,172.31.40.0-255,66,219084,77,364448
49709,0.037419,172.217.194.0-255,2902,221986,77,364448
49710,0.037422,172.31.40.0-255,66,222052,77,364448
49711,0.039839,172.217.194.0-255,5738,227790,77,364448
49712,0.039853,172.31.40.0-255,66,227856,77,364448
49713,0.042243,172.217.194.0-255,5738,233594,77,364448
49714,0.04226,172.31.40.0-255,66,233660,77,364448
49715,0.044647,172.217.194.0-255,5738,239398,77,364448
49716,0.044658,172.31.40.0-255,66,239464,77,364448
49717,0.047041,172.217.194.0-255,5738,245202,77,364448
49718,0.047057,172.31.40.0-255,66,245268,77,364448
49719,0.049458,172.217.194.0-255,5738,251006,77,364448
49720,0.049472,172.31.40.0-255,66,251072,77,364448
49721,0.051841,172.217.194.0-255,5738,256810,77,364448
49722,0.051858,172.31.40.0-255,66,256876,77,364448
49723,0.054227,172.217.194.0-255,5738,262614,77,364448
49724,0.054248,172.31.40.0-255,66,262680,77,364448
49725,0.056659,172.217.194.0-255,5738,268418,77,364448
49726,0.056674,172.31.40.0-255,66,268484,77,364448
49727,0.059046,172.217.194.0-255,5738,274222,77,364448
49728,0.059062,172.31.40.0-255,66,274288,77,364448
49729,0.061572,172.217.194.0-255,5738,280026,77,364448
49730,0.061589,172.31.40.0-255,66,280092,77,364448
49731,0.063969,172.217.194.0-255,5738,285830,77,364448
49732,0.063988,172.31.40.0-255,66,285896,77,364448
49733,0.066381,172.217.194.0-255,5738,291634,77,364448
49734,0.066397,172.31.40.0-255,66,291700,77,364448
49735,0.068774,172.217.194.0-255,4320,296020,77,364448
49736,0.068786,172.31.40.0-255,66,296086,77,364448
49737,0.068806,172.217.194.0-255,1484,297570,77,364448
49738,0.071222,172.217.194.0-255,4320,301890,77,364448
49739,0.071238,172.31.40.0-255,66,301956,77,364448
49740,0.073637,172.217.194.0-255,5738,307694,77,364448
49741,0.073654,172.31.40.0-255,66,307760,77,364448
49742,0.076038,172.217.194.0-255,5738,313498,77,364448
49743,0.076053,172.31.40.0-255,66,313564,77,364448
49744,0.078465,172.217.194.0-255,5738,319302,77,364448
49745,0.078484,172.31.40.0-255,66,319368,77,364448
49746,0.080873,172.217.194.0-255,5738,325106,77,364448
49747,0.08089,172.31.40.0-255,66,325172,77,364448
49748,0.083301,172.217.194.0-255,5738,330910,77,364448
49749,0.08332,172.31.40.0-255,66,330976,77,364448
49750,0.085713,172.217.194.0-255,5738,336714,77,364448
49751,0.085726,172.31.40.0-255,66,336780,77,364448
49752,0.088114,172.217.194.0-255,5738,342518,77,364448
49753,0.08813,172.31.40.0-255,66,342584,77,364448
49754,0.09052,172.217.194.0-255,4320,346904,77,364448
49755,0.090536,172.31.40.0-255,66,346970,77,364448
49756,0.090561,172.217.194.0-255,1484,348454,77,364448
49757,0.092905,172.217.194.0-255,4320,352774,77,364448
49758,0.092922,172.31.40.0-255,66,352840,77,364448
49759,0.095346,172.217.194.0-255,5738,358578,77,364448
49760,0.095362,172.31.40.0-255,66,358644,77,364448
49761,0.09774,172.217.194.0-255,5738,364382,77,364448
49762,0.097747,172.31.40.0-255,66,364448,77,364448
49763,0.0,74.125.68.0-255,147,147,77,426322
49764,1.4e-05,172.31.40.0-255,66,213,77,426322
49765,3.8e-05,74.125.68.0-255,1484,1697,77,426322
49766,4.3e-05,172.31.40.0-255,66,1763,77,426322
49767,6.2e-05,74.125.68.0-255,2902,4665,77,426322
49768,7.5e-05,172.31.40.0-255,66,4731,77,426322
49769,8e-05,74.125.68.0-255,4320,9051,77,426322
49770,8.5e-05,172.31.40.0-255,66,9117,77,426322
49771,0.000121,74.125.68.0-255,2902,12019,77,426322
49772,0.000124,172.31.40.0-255,66,12085,77,426322
49773,0.00014,74.125.68.0-255,2011,14096,77,426322
49774,0.000143,172.31.40.0-255,66,14162,77,426322
49775,0.000196,74.125.68.0-255,1484,15646,77,426322
49776,0.000199,172.31.40.0-255,66,15712,77,426322
49777,0.000216,74.125.68.0-255,1484,17196,77,426322
49778,0.000218,172.31.40.0-255,66,17262,77,426322
49779,0.000223,74.125.68.0-255,2902,20164,77,426322
49780,0.000226,172.31.40.0-255,66,20230,77,426322
49781,0.000255,74.125.68.0-255,5738,25968,77,426322
49782,0.000258,172.31.40.0-255,66,26034,77,426322
49783,0.000264,74.125.68.0-255,5379,31413,77,426322
49784,0.000266,172.31.40.0-255,66,31479,77,426322
49785,0.000311,74.125.68.0-255,5738,37217,77,426322
49786,0.000315,172.31.40.0-255,66,37283,77,426322
49787,0.000321,74.125.68.0-255,5738,43021,77,426322
49788,0.000323,172.31.40.0-255,66,43087,77,426322
49789,0.000362,74.125.68.0-255,2902,45989,77,426322
49790,0.000365,172.31.40.0-255,66,46055,77,426322
49791,0.000378,74.125.68.0-255,2543,48598,77,426322
49792,0.000381,172.31.40.0-255,66,48664,77,426322
49793,0.000656,74.125.68.0-255,1484,50148,77,426322
49794,0.000661,172.31.40.0-255,66,50214,77,426322
49795,0.000666,74.125.68.0-255,2902,53116,77,426322
49796,0.000669,172.31.40.0-255,66,53182,77,426322
49797,0.000673,74.125.68.0-255,2902,56084,77,426322
49798,0.000675,172.31.40.0-255,66,56150,77,426322
49799,0.000696,74.125.68.0-255,1484,57634,77,426322
49800,0.000734,74.125.68.0-255,4320,61954,77,426322
49801,0.000738,172.31.40.0-255,66,62020,77,426322
49802,0.000759,74.125.68.0-255,3961,65981,77,426322
49803,0.000762,172.31.40.0-255,66,66047,77,426322
49804,0.000765,74.125.68.0-255,1484,67531,77,426322
49805,0.000782,74.125.68.0-255,2902,70433,77,426322
49806,0.000785,172.31.40.0-255,66,70499,77,426322
49807,0.000788,74.125.68.0-255,1484,71983,77,426322
49808,0.000807,74.125.68.0-255,4320,76303,77,426322
49809,0.000809,172.31.40.0-255,66,76369,77,426322
49810,0.000825,74.125.68.0-255,2902,79271,77,426322
49811,0.000827,172.31.40.0-255,66,79337,77,426322
49812,0.000848,74.125.68.0-255,2902,82239,77,426322
49813,0.000851,172.31.40.0-255,66,82305,77,426322
49814,0.000896,74.125.68.0-255,1706,84011,77,426322
49815,0.000899,172.31.40.0-255,66,84077,77,426322
49816,0.000904,74.125.68.0-255,2902,86979,77,426322
49817,0.000906,172.31.40.0-255,66,87045,77,426322
49818,0.000929,74.125.68.0-255,2902,89947,77,426322
49819,0.000932,172.31.40.0-255,66,90013,77,426322
49820,0.000935,74.125.68.0-255,1484,91497,77,426322
49821,0.000952,74.125.68.0-255,2902,94399,77,426322
49822,0.000955,172.31.40.0-255,66,94465,77,426322
49823,0.000972,74.125.68.0-255,6797,101262,77,426322
49824,0.000975,172.31.40.0-255,66,101328,77,426322
49825,0.00107,74.125.68.0-255,1484,102812,77,426322
49826,0.001083,74.125.68.0-255,1484,104296,77,426322
49827,0.001086,172.31.40.0-255,66,104362,77,426322
49828,0.001108,74.125.68.0-255,1484,105846,77,426322
49829,0.001114,74.125.68.0-255,5738,111584,77,426322
49830,0.001117,172.31.40.0-255,66,111650,77,426322
49831,0.001132,74.125.68.0-255,2902,114552,77,426322
49832,0.001134,172.31.40.0-255,66,114618,77,426322
49833,0.001149,74.125.68.0-255,1484,116102,77,426322
49834,0.001155,74.125.68.0-255,5738,121840,77,426322
49835,0.001158,172.31.40.0-255,66,121906,77,426322
49836,0.001181,74.125.68.0-255,1484,123390,77,426322
49837,0.001193,74.125.68.0-255,4320,127710,77,426322
49838,0.001196,172.31.40.0-255,66,127776,77,426322
49839,0.001219,74.125.68.0-255,5738,133514,77,426322
49840,0.001221,172.31.40.0-255,66,133580,77,426322
49841,0.001251,74.125.68.0-255,2184,135764,77,426322
49842,0.001253,172.31.40.0-255,66,135830,77,426322
49843,0.001678,74.125.68.0-255,1484,137314,77,426322
49844,0.001707,74.125.68.0-255,2902,140216,77,426322
49845,0.001712,172.31.40.0-255,66,140282,77,426322
49846,0.001729,74.125.68.0-255,5738,146020,77,426322
49847,0.001732,172.31.40.0-255,66,146086,77,426322
49848,0.001736,74.125.68.0-255,2902,148988,77,426322
49849,0.001738,172.31.40.0-255,66,149054,77,426322
49850,0.001743,74.125.68.0-255,2902,151956,77,426322
49851,0.001745,172.31.40.0-255,66,152022,77,426322
49852,0.00177,74.125.68.0-255,1484,153506,77,426322
49853,0.001778,74.125.68.0-255,8574,162080,77,426322
49854,0.001781,172.31.40.0-255,66,162146,77,426322
49855,0.001807,74.125.68.0-255,7156,169302,77,426322
49856,0.001809,172.31.40.0-255,66,169368,77,426322
49857,0.001825,74.125.68.0-255,766,170134,77,426322
49858,0.001952,74.125.68.0-255,1484,171618,77,426322
49859,0.001955,172.31.40.0-255,66,171684,77,426322
49860,0.001992,74.125.68.0-255,2902,174586,77,426322
49861,0.001994,172.31.40.0-255,66,174652,77,426322
49862,0.002,74.125.68.0-255,4320,178972,77,426322
49863,0.002002,172.31.40.0-255,66,179038,77,426322
49864,0.002022,74.125.68.0-255,5738,184776,77,426322
49865,0.002025,172.31.40.0-255,66,184842,77,426322
49866,0.002051,74.125.68.0-255,2902,187744,77,426322
49867,0.002054,172.31.40.0-255,66,187810,77,426322
49868,0.00206,74.125.68.0-255,5738,193548,77,426322
49869,0.002062,172.31.40.0-255,66,193614,77,426322
49870,0.002068,74.125.68.0-255,5738,199352,77,426322
49871,0.00207,172.31.40.0-255,66,199418,77,426322
49872,0.002096,74.125.68.0-255,1484,200902,77,426322
49873,0.002101,74.125.68.0-255,2902,203804,77,426322
49874,0.002103,172.31.40.0-255,66,203870,77,426322
49875,0.002119,74.125.68.0-255,766,204636,77,426322
49876,0.002227,74.125.68.0-255,1484,206120,77,426322
49877,0.002231,172.31.40.0-255,66,206186,77,426322
49878,0.002236,74.125.68.0-255,2902,209088,77,426322
49879,0.002238,172.31.40.0-255,66,209154,77,426322
49880,0.002242,74.125.68.0-255,1484,210638,77,426322
49881,0.002266,74.125.68.0-255,2902,213540,77,426322
49882,0.002268,172.31.40.0-255,66,213606,77,426322
49883,0.002301,74.125.68.0-255,8574,222180,77,426322
49884,0.002303,172.31.40.0-255,66,222246,77,426322
49885,0.002307,74.125.68.0-255,1484,223730,77,426322
49886,0.002312,74.125.68.0-255,2902,226632,77,426322
49887,0.002313,172.31.40.0-255,66,226698,77,426322
49888,0.002327,74.125.68.0-255,2902,229600,77,426322
49889,0.002329,172.31.40.0-255,66,229666,77,426322
49890,0.002342,74.125.68.0-255,2902,232568,77,426322
49891,0.002344,172.31.40.0-255,66,232634,77,426322
49892,0.004626,74.125.68.0-255,2902,235536,77,426322
49893,0.004633,172.31.40.0-255,66,235602,77,426322
49894,0.004654,74.125.68.0-255,2902,238504,77,426322
49895,0.004657,172.31.40.0-255,66,238570,77,426322
49896,0.00693,74.125.68.0-255,2902,241472,77,426322
49897,0.006934,172.31.40.0-255,66,241538,77,426322
49898,0.00697,74.125.68.0-255,2902,244440,77,426322
49899,0.006972,172.31.40.0-255,66,244506,77,426322
49900,0.00925,74.125.68.0-255,2902,247408,77,426322
49901,0.009257,172.31.40.0-255,66,247474,77,426322
49902,0.009282,74.125.68.0-255,2902,250376,77,426322
49903,0.009285,172.31.40.0-255,66,250442,77,426322
49904,0.011591,74.125.68.0-255,5738,256180,77,426322
49905,0.011627,172.31.40.0-255,66,256246,77,426322
49906,0.013977,74.125.68.0-255,5738,261984,77,426322
49907,0.013992,172.31.40.0-255,66,262050,77,426322
49908,0.016349,74.125.68.0-255,5738,267788,77,426322
49909,0.016365,172.31.40.0-255,66,267854,77,426322
49910,0.018678,74.125.68.0-255,5738,273592,77,426322
49911,0.018688,172.31.40.0-255,66,273658,77,426322
49912,0.021003,74.125.68.0-255,5738,279396,77,426322
49913,0.021012,172.31.40.0-255,66,279462,77,426322
49914,0.02332,74.125.68.0-255,5738,285200,77,426322
49915,0.023329,172.31.40.0-255,66,285266,77,426322
49916,0.025644,74.125.68.0-255,5738,291004,77,426322
49917,0.025653,172.31.40.0-255,66,291070,77,426322
49918,0.02799,74.125.68.0-255,5738,296808,77,426322
49919,0.028005,172.31.40.0-255,66,296874,77,426322
49920,0.030316,74.125.68.0-255,5738,302612,77,426322
49921,0.030325,172.31.40.0-255,66,302678,77,426322
49922,0.032639,74.125.68.0-255,5738,308416,77,426322
49923,0.032648,172.31.40.0-255,66,308482,77,426322
49924,0.034979,74.125.68.0-255,5738,314220,77,426322
49925,0.034995,172.31.40.0-255,66,314286,77,426322
49926,0.037315,74.125.68.0-255,5738,320024,77,426322
49927,0.037338,172.31.40.0-255,66,320090,77,426322
49928,0.03966,74.125.68.0-255,5738,325828,77,426322
49929,0.039668,172.31.40.0-255,66,325894,77,426322
49930,0.039819,172.31.40.0-255,172,326066,77,426322
49931,0.039848,172.31.40.0-255,1116,327182,77,426322
49932,0.039915,172.31.40.0-255,1514,328696,77,426322
49933,0.039917,172.31.40.0-255,1514,330210,77,426322
49934,0.039918,172.31.40.0-255,1514,331724,77,426322
49935,0.039919,172.31.40.0-255,1514,333238,77,426322
49936,0.03992,172.31.40.0-255,524,333762,77,426322
49937,0.042015,74.125.68.0-255,5738,339500,77,426322
49938,0.042037,172.31.40.0-255,66,339566,77,426322
49939,0.042122,104.244.42.0-255,66,339632,77,426322
49940,0.044354,74.125.68.0-255,5738,345370,77,426322
49941,0.044368,172.31.40.0-255,66,345436,77,426322
49942,0.046708,74.125.68.0-255,5738,351174,77,426322
49943,0.046725,172.31.40.0-255,66,351240,77,426322
49944,0.049077,74.125.68.0-255,5738,356978,77,426322
49945,0.049098,172.31.40.0-255,66,357044,77,426322
49946,0.051432,74.125.68.0-255,5738,362782,77,426322
49947,0.05145,172.31.40.0-255,66,362848,77,426322
49948,0.053777,74.125.68.0-255,5738,368586,77,426322
49949,0.053794,172.31.40.0-255,66,368652,77,426322
49950,0.056127,74.125.68.0-255,5738,374390,77,426322
49951,0.056135,172.31.40.0-255,66,374456,77,426322
49952,0.058462,74.125.68.0-255,5738,380194,77,426322
49953,0.058468,172.31.40.0-255,66,380260,77,426322
49954,0.060784,74.125.68.0-255,5738,385998,77,426322
49955,0.06079,172.31.40.0-255,66,386064,77,426322
49956,0.063097,74.125.68.0-255,5738,391802,77,426322
49957,0.063104,172.31.40.0-255,66,391868,77,426322
49958,0.065424,74.125.68.0-255,5738,397606,77,426322
49959,0.065431,172.31.40.0-255,66,397672,77,426322
49960,0.06775,74.125.68.0-255,5738,403410,77,426322
49961,0.067756,172.31.40.0-255,66,403476,77,426322
49962,0.070082,74.125.68.0-255,5738,409214,77,426322
49963,0.070089,172.31.40.0-255,66,409280,77,426322
49964,0.072423,74.125.68.0-255,5738,415018,77,426322
49965,0.07243,172.31.40.0-255,66,415084,77,426322
49966,0.074766,74.125.68.0-255,5738,420822,77,426322
49967,0.074771,172.31.40.0-255,66,420888,77,426322
49968,0.07708,74.125.68.0-255,5197,426085,77,426322
49969,0.077088,172.31.40.0-255,66,426151,77,426322
49970,0.077271,172.31.40.0-255,105,426256,77,426322
49971,0.079549,74.125.68.0-255,66,426322,77,426322
49972,0.0,104.244.42.0-255,66,66,77,66
49973,0.0,74.125.24.0-255,291,291,77,413893
49974,2.2e-05,172.31.40.0-255,66,357,77,413893
49975,2.9e-05,74.125.24.0-255,1484,1841,77,413893
49976,3.3e-05,172.31.40.0-255,66,1907,77,413893
49977,4.1e-05,74.125.24.0-255,4320,6227,77,413893
49978,4.4e-05,172.31.40.0-255,66,6293,77,413893
49979,5e-05,74.125.24.0-255,5738,12031,77,413893
49980,5.3e-05,172.31.40.0-255,66,12097,77,413893
49981,7e-05,74.125.24.0-255,1801,13898,77,413893
49982,7.3e-05,172.31.40.0-255,66,13964,77,413893
49983,0.000111,74.125.24.0-255,2902,16866,77,413893
49984,0.000114,172.31.40.0-255,66,16932,77,413893
49985,0.000138,74.125.24.0-255,7156,24088,77,413893
49986,0.000141,172.31.40.0-255,66,24154,77,413893
49987,0.000182,74.125.24.0-255,1484,25638,77,413893
49988,0.000185,172.31.40.0-255,66,25704,77,413893
49989,0.000207,74.125.24.0-255,5379,31083,77,413893
49990,0.00021,172.31.40.0-255,66,31149,77,413893
49991,0.000476,74.125.24.0-255,1484,32633,77,413893
49992,0.000481,172.31.40.0-255,66,32699,77,413893
49993,0.000487,74.125.24.0-255,2902,35601,77,413893
49994,0.000489,172.31.40.0-255,66,35667,77,413893
49995,0.000495,74.125.24.0-255,5738,41405,77,413893
49996,0.000498,172.31.40.0-255,66,41471,77,413893
49997,0.000524,74.125.24.0-255,9633,51104,77,413893
49998,0.000527,172.31.40.0-255,66,51170,77,413893
49999,0.000531,74.125.24.0-255,1484,52654,77,413893
50000,0.000533,172.31.40.0-255,66,52720,77,413893
50001,0.00056,74.125.24.0-255,8574,61294,77,413893
50002,0.000563,172.31.40.0-255,66,61360,77,413893
50003,0.000569,74.125.24.0-255,4295,65655,77,413893
50004,0.000571,172.31.40.0-255,66,65721,77,413893
50005,0.001019,74.125.24.0-255,344,66065,77,413893
50006,0.001069,172.31.40.0-255,66,66131,77,413893
50007,0.001126,74.125.24.0-255,1484,67615,77,413893
50008,0.001152,74.125.24.0-255,2902,70517,77,413893
50009,0.001155,172.31.40.0-255,66,70583,77,413893
50010,0.001163,74.125.24.0-255,5738,76321,77,413893
50011,0.001165,172.31.40.0-255,66,76387,77,413893
50012,0.001202,74.125.24.0-255,4320,80707,77,413893
50013,0.001204,172.31.40.0-255,66,80773,77,413893
50014,0.001227,74.125.24.0-255,2543,83316,77,413893
50015,0.001229,172.31.40.0-255,66,83382,77,413893
50016,0.001236,74.125.24.0-255,7156,90538,77,413893
50017,0.001238,172.31.40.0-255,66,90604,77,413893
50018,0.001251,74.125.24.0-255,1484,92088,77,413893
50019,0.001296,74.125.24.0-255,8215,100303,77,413893
50020,0.0013,172.31.40.0-255,66,100369,77,413893
50021,0.002144,74.125.24.0-255,1484,101853,77,413893
50022,0.002153,74.125.24.0-255,2902,104755,77,413893
50023,0.002158,172.31.40.0-255,66,104821,77,413893
50024,0.002181,74.125.24.0-255,1484,106305,77,413893
50025,0.002206,74.125.24.0-255,4320,110625,77,413893
50026,0.002208,172.31.40.0-255,66,110691,77,413893
50027,0.00222,74.125.24.0-255,12828,123519,77,413893
50028,0.002222,172.31.40.0-255,66,123585,77,413893
50029,0.002231,74.125.24.0-255,8574,132159,77,413893
50030,0.002233,172.31.40.0-255,66,132225,77,413893
50031,0.002253,74.125.24.0-255,2184,134409,77,413893
50032,0.002255,172.31.40.0-255,66,134475,77,413893
50033,0.002259,74.125.24.0-255,1484,135959,77,413893
50034,0.002263,74.125.24.0-255,2902,138861,77,413893
50035,0.002265,172.31.40.0-255,66,138927,77,413893
50036,0.002293,74.125.24.0-255,5738,144665,77,413893
50037,0.002295,172.31.40.0-255,66,144731,77,413893
50038,0.002299,74.125.24.0-255,1484,146215,77,413893
50039,0.002336,74.125.24.0-255,11410,157625,77,413893
50040,0.002339,172.31.40.0-255,66,157691,77,413893
50041,0.002345,74.125.24.0-255,5738,163429,77,413893
50042,0.002347,172.31.40.0-255,66,163495,77,413893
50043,0.002353,74.125.24.0-255,5020,168515,77,413893
50044,0.002355,172.31.40.0-255,66,168581,77,413893
50045,0.004627,74.125.24.0-255,5738,174319,77,413893
50046,0.004637,172.31.40.0-255,66,174385,77,413893
50047,0.006932,74.125.24.0-255,5738,180123,77,413893
50048,0.006936,172.31.40.0-255,66,180189,77,413893
50049,0.009214,74.125.24.0-255,5738,185927,77,413893
50050,0.009221,172.31.40.0-255,66,185993,77,413893
50051,0.011511,74.125.24.0-255,5738,191731,77,413893
50052,0.01152,172.31.40.0-255,66,191797,77,413893
50053,0.013855,74.125.24.0-255,5738,197535,77,413893
50054,0.013864,172.31.40.0-255,66,197601,77,413893
50055,0.01615,74.125.24.0-255,5738,203339,77,413893
50056,0.016158,172.31.40.0-255,66,203405,77,413893
50057,0.01846,74.125.24.0-255,5738,209143,77,413893
50058,0.018469,172.31.40.0-255,66,209209,77,413893
50059,0.020781,74.125.24.0-255,5738,214947,77,413893
50060,0.02079,172.31.40.0-255,66,215013,77,413893
50061,0.023071,74.125.24.0-255,5738,220751,77,413893
50062,0.023079,172.31.40.0-255,66,220817,77,413893
50063,0.025341,74.125.24.0-255,5738,226555,77,413893
50064,0.025348,172.31.40.0-255,66,226621,77,413893
50065,0.027625,74.125.24.0-255,5738,232359,77,413893
50066,0.027631,172.31.40.0-255,66,232425,77,413893
50067,0.029935,74.125.24.0-255,5738,238163,77,413893
50068,0.029943,172.31.40.0-255,66,238229,77,413893
50069,0.032264,74.125.24.0-255,5738,243967,77,413893
50070,0.032271,172.31.40.0-255,66,244033,77,413893
50071,0.034585,74.125.24.0-255,5738,249771,77,413893
50072,0.034593,172.31.40.0-255,66,249837,77,413893
50073,0.036895,74.125.24.0-255,5738,255575,77,413893
50074,0.036903,172.31.40.0-255,66,255641,77,413893
50075,0.037019,172.31.40.0-255,172,255813,77,413893
50076,0.037046,172.31.40.0-255,1066,256879,77,413893
50077,0.038542,104.244.42.0-255,66,256945,77,413893
50078,0.03859,104.244.42.0-255,66,257011,77,413893
50079,0.039194,74.125.24.0-255,5738,262749,77,413893
50080,0.039201,172.31.40.0-255,66,262815,77,413893
50081,0.039504,104.244.42.0-255,108,262923,77,413893
50082,0.039511,172.31.40.0-255,66,262989,77,413893
50083,0.041472,74.125.24.0-255,5738,268727,77,413893
50084,0.041481,172.31.40.0-255,66,268793,77,413893
50085,0.04376,74.125.24.0-255,5738,274531,77,413893
50086,0.043768,172.31.40.0-255,66,274597,77,413893
50087,0.046058,74.125.24.0-255,5738,280335,77,413893
50088,0.046064,172.31.40.0-255,66,280401,77,413893
50089,0.048367,74.125.24.0-255,5738,286139,77,413893
50090,0.048374,172.31.40.0-255,66,286205,77,413893
50091,0.050649,74.125.24.0-255,5738,291943,77,413893
50092,0.050655,172.31.40.0-255,66,292009,77,413893
50093,0.052966,74.125.24.0-255,5738,297747,77,413893
50094,0.052973,172.31.40.0-255,66,297813,77,413893
50095,0.055277,74.125.24.0-255,5738,303551,77,413893
50096,0.055283,172.31.40.0-255,66,303617,77,413893
50097,0.057593,74.125.24.0-255,5738,309355,77,413893
50098,0.057599,172.31.40.0-255,66,309421,77,413893
50099,0.059908,74.125.24.0-255,5738,315159,77,413893
50100,0.059914,172.31.40.0-255,66,315225,77,413893
50101,0.062192,74.125.24.0-255,5738,320963,77,413893
50102,0.062198,172.31.40.0-255,66,321029,77,413893
50103,0.064506,74.125.24.0-255,5738,326767,77,413893
50104,0.064513,172.31.40.0-255,66,326833,77,413893
50105,0.066849,74.125.24.0-255,5738,332571,77,413893
50106,0.066856,172.31.40.0-255,66,332637,77,413893
50107,0.069154,74.125.24.0-255,5738,338375,77,413893
50108,0.069161,172.31.40.0-255,66,338441,77,413893
50109,0.071463,74.125.24.0-255,5738,344179,77,413893
50110,0.07147,172.31.40.0-255,66,344245,77,413893
50111,0.073768,74.125.24.0-255,5738,349983,77,413893
50112,0.073773,172.31.40.0-255,66,350049,77,413893
50113,0.076031,74.125.24.0-255,5738,355787,77,413893
50114,0.076037,172.31.40.0-255,66,355853,77,413893
50115,0.078327,74.125.24.0-255,5738,361591,77,413893
50116,0.078333,172.31.40.0-255,66,361657,77,413893
50117,0.080639,74.125.24.0-255,5738,367395,77,413893
50118,0.080646,172.31.40.0-255,66,367461,77,413893
50119,0.082941,74.125.24.0-255,5738,373199,77,413893
50120,0.082948,172.31.40.0-255,66,373265,77,413893
50121,0.085212,74.125.24.0-255,5738,379003,77,413893
50122,0.085219,172.31.40.0-255,66,379069,77,413893
50123,0.087509,74.125.24.0-255,5738,384807,77,413893
50124,0.087516,172.31.40.0-255,66,384873,77,413893
50125,0.089836,74.125.24.0-255,5738,390611,77,413893
50126,0.089846,172.31.40.0-255,66,390677,77,413893
50127,0.092142,74.125.24.0-255,5738,396415,77,413893
50128,0.09215,172.31.40.0-255,66,396481,77,413893
50129,0.094471,74.125.24.0-255,5738,402219,77,413893
50130,0.094481,172.31.40.0-255,66,402285,77,413893
50131,0.096759,74.125.24.0-255,5738,408023,77,413893
50132,0.096765,172.31.40.0-255,66,408089,77,413893
50133,0.099051,74.125.24.0-255,5738,413827,77,413893
50134,0.099057,172.31.40.0-255,66,413893,77,413893
50135,0.0,74.125.24.0-255,152,152,77,400089
50136,2.2e-05,172.31.40.0-255,66,218,77,400089
50137,2.8e-05,74.125.24.0-255,1484,1702,77,400089
50138,3.3e-05,172.31.40.0-255,66,1768,77,400089
50139,3.8e-05,74.125.24.0-255,2902,4670,77,400089
50140,4.7e-05,172.31.40.0-255,66,4736,77,400089
50141,5.5e-05,74.125.24.0-255,7156,11892,77,400089
50142,5.8e-05,172.31.40.0-255,66,11958,77,400089
50143,6.5e-05,74.125.24.0-255,7709,19667,77,400089
50144,6.8e-05,172.31.40.0-255,66,19733,77,400089
50145,0.000113,74.125.24.0-255,4320,24053,77,400089
50146,0.000116,172.31.40.0-255,66,24119,77,400089
50147,0.000133,74.125.24.0-255,1484,25603,77,400089
50148,0.000135,172.31.40.0-255,66,25669,77,400089
50149,0.000165,74.125.24.0-255,5379,31048,77,400089
50150,0.000167,172.31.40.0-255,66,31114,77,400089
50151,0.000213,74.125.24.0-255,1484,32598,77,400089
50152,0.000216,172.31.40.0-255,66,32664,77,400089
50153,0.000259,74.125.24.0-255,2902,35566,77,400089
50154,0.000262,172.31.40.0-255,66,35632,77,400089
50155,0.000268,74.125.24.0-255,5738,41370,77,400089
50156,0.00027,172.31.40.0-255,66,41436,77,400089
50157,0.000276,74.125.24.0-255,6797,48233,77,400089
50158,0.000278,172.31.40.0-255,66,48299,77,400089
50159,0.000285,74.125.24.0-255,7156,55455,77,400089
50160,0.000287,172.31.40.0-255,66,55521,77,400089
50161,0.000327,74.125.24.0-255,7156,62677,77,400089
50162,0.00033,172.31.40.0-255,66,62743,77,400089
50163,0.000334,74.125.24.0-255,2817,65560,77,400089
50164,0.000336,172.31.40.0-255,66,65626,77,400089
50165,0.000361,74.125.24.0-255,131,65757,77,400089
50166,0.000367,172.31.40.0-255,66,65823,77,400089
50167,0.00046,74.125.24.0-255,1484,67307,77,400089
50168,0.000465,74.125.24.0-255,1484,68791,77,400089
50169,0.000467,172.31.40.0-255,66,68857,77,400089
50170,0.000489,74.125.24.0-255,1484,70341,77,400089
50171,0.000499,74.125.24.0-255,5738,76079,77,400089
50172,0.000501,172.31.40.0-255,66,76145,77,400089
50173,0.000507,74.125.24.0-255,6498,82643,77,400089
50174,0.000509,172.31.40.0-255,66,82709,77,400089
50175,0.000542,74.125.24.0-255,1484,84193,77,400089
50176,0.000561,74.125.24.0-255,5738,89931,77,400089
50177,0.000564,172.31.40.0-255,66,89997,77,400089
50178,0.000581,74.125.24.0-255,7156,97153,77,400089
50179,0.000586,172.31.40.0-255,66,97219,77,400089
50180,0.00059,74.125.24.0-255,2543,99762,77,400089
50181,0.000592,172.31.40.0-255,66,99828,77,400089
50182,0.000892,74.125.24.0-255,1484,101312,77,400089
50183,0.000897,74.125.24.0-255,1484,102796,77,400089
50184,0.0009,172.31.40.0-255,66,102862,77,400089
50185,0.000927,74.125.24.0-255,1484,104346,77,400089
50186,0.000933,74.125.24.0-255,5738,110084,77,400089
50187,0.000941,74.125.24.0-255,8574,118658,77,400089
50188,0.000944,172.31.40.0-255,66,118724,77,400089
50189,0.000947,172.31.40.0-255,66,118790,77,400089
50190,0.000978,74.125.24.0-255,4320,123110,77,400089
50191,0.000981,172.31.40.0-255,66,123176,77,400089
50192,0.000989,74.125.24.0-255,9992,133168,77,400089
50193,0.000991,172.31.40.0-255,66,133234,77,400089
50194,0.000994,74.125.24.0-255,766,134000,77,400089
50195,0.001577,172.31.40.0-255,66,134066,77,400089
50196,0.002244,74.125.24.0-255,1484,135550,77,400089
50197,0.002253,74.125.24.0-255,2902,138452,77,400089
50198,0.002258,172.31.40.0-255,66,138518,77,400089
50199,0.002263,74.125.24.0-255,1484,140002,77,400089
50200,0.002291,74.125.24.0-255,4320,144322,77,400089
50201,0.002293,172.31.40.0-255,66,144388,77,400089
50202,0.002301,74.125.24.0-255,6797,151185,77,400089
50203,0.002303,172.31.40.0-255,66,151251,77,400089
50204,0.00455,74.125.24.0-255,5738,156989,77,400089
50205,0.004555,172.31.40.0-255,66,157055,77,400089
50206,0.00682,74.125.24.0-255,2902,159957,77,400089
50207,0.006825,172.31.40.0-255,66,160023,77,400089
50208,0.00686,74.125.24.0-255,2902,162925,77,400089
50209,0.006862,172.31.40.0-255,66,162991,77,400089
50210,0.009137,74.125.24.0-255,2902,165893,77,400089
50211,0.009146,172.31.40.0-255,66,165959,77,400089
50212,0.009185,74.125.24.0-255,2902,168861,77,400089
50213,0.009189,172.31.40.0-255,66,168927,77,400089
50214,0.011432,74.125.24.0-255,2902,171829,77,400089
50215,0.01144,172.31.40.0-255,66,171895,77,400089
50216,0.011468,74.125.24.0-255,2902,174797,77,400089
50217,0.01147,172.31.40.0-255,66,174863,77,400089
50218,0.013719,74.125.24.0-255,5738,180601,77,400089
50219,0.013728,172.31.40.0-255,66,180667,77,400089
50220,0.016007,74.125.24.0-255,5738,186405,77,400089
50221,0.016016,172.31.40.0-255,66,186471,77,400089
50222,0.018297,74.125.24.0-255,5738,192209,77,400089
50223,0.018304,172.31.40.0-255,66,192275,77,400089
50224,0.020585,74.125.24.0-255,5738,198013,77,400089
50225,0.020593,172.31.40.0-255,66,198079,77,400089
50226,0.022869,74.125.24.0-255,5738,203817,77,400089
50227,0.022874,172.31.40.0-255,66,203883,77,400089
50228,0.025156,74.125.24.0-255,5738,209621,77,400089
50229,0.025163,172.31.40.0-255,66,209687,77,400089
50230,0.02748,74.125.24.0-255,5738,215425,77,400089
50231,0.027491,172.31.40.0-255,66,215491,77,400089
50232,0.029763,74.125.24.0-255,5738,221229,77,400089
50233,0.029769,172.31.40.0-255,66,221295,77,400089
50234,0.030419,172.31.40.0-255,171,221466,77,400089
50235,0.030445,172.31.40.0-255,1143,222609,77,400089
50236,0.030498,172.31.40.0-255,1514,224123,77,400089
50237,0.0305,172.31.40.0-255,1252,225375,77,400089
50238,0.031955,104.244.42.0-255,66,225441,77,400089
50239,0.032003,104.244.42.0-255,66,225507,77,400089
50240,0.032021,74.125.24.0-255,5738,231245,77,400089
50241,0.032025,172.31.40.0-255,66,231311,77,400089
50242,0.032099,104.244.42.0-255,66,231377,77,400089
50243,0.03429,74.125.24.0-255,5738,237115,77,400089
50244,0.034297,172.31.40.0-255,66,237181,77,400089
50245,0.036585,74.125.24.0-255,5738,242919,77,400089
50246,0.036593,172.31.40.0-255,66,242985,77,400089
50247,0.0389,74.125.24.0-255,5738,248723,77,400089
50248,0.038907,172.31.40.0-255,66,248789,77,400089
50249,0.041185,74.125.24.0-255,5738,254527,77,400089
50250,0.04119,172.31.40.0-255,66,254593,77,400089
50251,0.043476,74.125.24.0-255,5738,260331,77,400089
50252,0.043486,172.31.40.0-255,66,260397,77,400089
50253,0.045772,74.125.24.0-255,5738,266135,77,400089
50254,0.045778,172.31.40.0-255,66,266201,77,400089
50255,0.048066,74.125.24.0-255,5738,271939,77,400089
50256,0.048072,172.31.40.0-255,66,272005,77,400089
50257,0.050367,74.125.24.0-255,5738,277743,77,400089
50258,0.050373,172.31.40.0-255,66,277809,77,400089
50259,0.052697,74.125.24.0-255,5738,283547,77,400089
50260,0.052707,172.31.40.0-255,66,283613,77,400089
50261,0.054987,74.125.24.0-255,5738,289351,77,400089
50262,0.054993,172.31.40.0-255,66,289417,77,400089
50263,0.057267,74.125.24.0-255,5738,295155,77,400089
50264,0.057274,172.31.40.0-255,66,295221,77,400089
50265,0.059562,74.125.24.0-255,5738,300959,77,400089
50266,0.059568,172.31.40.0-255,66,301025,77,400089
50267,0.061831,74.125.24.0-255,2902,303927,77,400089
50268,0.061838,172.31.40.0-255,66,303993,77,400089
50269,0.061867,74.125.24.0-255,2902,306895,77,400089
50270,0.06187,172.31.40.0-255,66,306961,77,400089
50271,0.064126,74.125.24.0-255,2902,309863,77,400089
50272,0.064132,172.31.40.0-255,66,309929,77,400089
50273,0.064163,74.125.24.0-255,2902,312831,77,400089
50274,0.064165,172.31.40.0-255,66,312897,77,400089
50275,0.066425,74.125.24.0-255,2902,315799,77,400089
50276,0.066433,172.31.40.0-255,66,315865,77,400089
50277,0.066455,74.125.24.0-255,2902,318767,77,400089
50278,0.066457,172.31.40.0-255,66,318833,77,400089
50279,0.068721,74.125.24.0-255,5738,324571,77,400089
50280,0.06873,172.31.40.0-255,66,324637,77,400089
50281,0.071021,74.125.24.0-255,5738,330375,77,400089
50282,0.071027,172.31.40.0-255,66,330441,77,400089
50283,0.073324,74.125.24.0-255,5738,336179,77,400089
50284,0.07333,172.31.40.0-255,66,336245,77,400089
50285,0.075578,74.125.24.0-255,5738,341983,77,400089
50286,0.075584,172.31.40.0-255,66,342049,77,400089
50287,0.077854,74.125.24.0-255,5738,347787,77,400089
50288,0.07786,172.31.40.0-255,66,347853,77,400089
50289,0.080144,74.125.24.0-255,5738,353591,77,400089
50290,0.08015,172.31.40.0-255,66,353657,77,400089
50291,0.082447,74.125.24.0-255,5738,359395,77,400089
50292,0.082453,172.31.40.0-255,66,359461,77,400089
50293,0.084763,74.125.24.0-255,5738,365199,77,400089
50294,0.084777,172.31.40.0-255,66,365265,77,400089
50295,0.087097,74.125.24.0-255,5738,371003,77,400089
50296,0.087114,172.31.40.0-255,66,371069,77,400089
50297,0.089435,74.125.24.0-255,5738,376807,77,400089
50298,0.089442,172.31.40.0-255,66,376873,77,400089
50299,0.09174,74.125.24.0-255,5738,382611,77,400089
50300,0.091746,172.31.40.0-255,66,382677,77,400089
50301,0.09403,74.125.24.0-255,5738,388415,77,400089
50302,0.094036,172.31.40.0-255,66,388481,77,400089
50303,0.096312,74.125.24.0-255,5738,394219,77,400089
50304,0.096319,172.31.40.0-255,66,394285,77,400089
50305,0.098581,74.125.24.0-255,5738,400023,77,400089
50306,0.098589,172.31.40.0-255,66,400089,77,400089
50307,0.0,74.125.130.0-255,298,298,77,423406
50308,2.2e-05,172.31.40.0-255,66,364,77,423406
50309,2.8e-05,74.125.130.0-255,1484,1848,77,423406
50310,3.2e-05,172.31.40.0-255,66,1914,77,423406
50311,3.8e-05,74.125.130.0-255,4320,6234,77,423406
50312,4.6e-05,172.31.40.0-255,66,6300,77,423406
50313,5.1e-05,74.125.130.0-255,4320,10620,77,423406
50314,5.3e-05,172.31.40.0-255,66,10686,77,423406
50315,8.1e-05,74.125.130.0-255,3284,13970,77,423406
50316,8.3e-05,172.31.40.0-255,66,14036,77,423406
50317,0.000141,74.125.130.0-255,1484,15520,77,423406
50318,0.000146,172.31.40.0-255,66,15586,77,423406
50319,0.000156,74.125.130.0-255,2902,18488,77,423406
50320,0.000162,172.31.40.0-255,66,18554,77,423406
50321,0.000191,74.125.130.0-255,5738,24292,77,423406
50322,0.000193,172.31.40.0-255,66,24358,77,423406
50323,0.000199,74.125.130.0-255,4320,28678,77,423406
50324,0.0002,172.31.40.0-255,66,28744,77,423406
50325,0.000224,74.125.130.0-255,2543,31287,77,423406
50326,0.000227,172.31.40.0-255,66,31353,77,423406
50327,0.000388,74.125.130.0-255,1484,32837,77,423406
50328,0.000393,172.31.40.0-255,66,32903,77,423406
50329,0.000398,74.125.130.0-255,2902,35805,77,423406
50330,0.000401,172.31.40.0-255,66,35871,77,423406
50331,0.000411,74.125.130.0-255,4320,40191,77,423406
50332,0.000413,172.31.40.0-255,66,40257,77,423406
50333,0.00046,74.125.130.0-255,9633,49890,77,423406
50334,0.000463,172.31.40.0-255,66,49956,77,423406
50335,0.000468,74.125.130.0-255,4320,54276,77,423406
50336,0.00047,172.31.40.0-255,66,54342,77,423406
50337,0.00052,74.125.130.0-255,2902,57244,77,423406
50338,0.000523,172.31.40.0-255,66,57310,77,423406
50339,0.000547,74.125.130.0-255,8472,65782,77,423406
50340,0.000549,172.31.40.0-255,66,65848,77,423406
50341,0.000573,74.125.130.0-255,398,66246,77,423406
50342,0.000728,74.125.130.0-255,1484,67730,77,423406
50343,0.000735,172.31.40.0-255,66,67796,77,423406
50344,0.000744,74.125.130.0-255,2902,70698,77,423406
50345,0.000751,172.31.40.0-255,66,70764,77,423406
50346,0.000758,74.125.130.0-255,5738,76502,77,423406
50347,0.000761,172.31.40.0-255,66,76568,77,423406
50348,0.000763,74.125.130.0-255,1484,78052,77,423406
50349,0.000795,74.125.130.0-255,2902,80954,77,423406
50350,0.000798,172.31.40.0-255,66,81020,77,423406
50351,0.000806,74.125.130.0-255,6797,87817,77,423406
50352,0.000808,172.31.40.0-255,66,87883,77,423406
50353,0.000841,74.125.130.0-255,1484,89367,77,423406
50354,0.000869,74.125.130.0-255,5738,95105,77,423406
50355,0.000872,172.31.40.0-255,66,95171,77,423406
50356,0.000878,74.125.130.0-255,5379,100550,77,423406
50357,0.00088,172.31.40.0-255,66,100616,77,423406
50358,0.001344,74.125.130.0-255,1484,102100,77,423406
50359,0.00135,74.125.130.0-255,2902,105002,77,423406
50360,0.001353,172.31.40.0-255,66,105068,77,423406
50361,0.001383,74.125.130.0-255,2902,107970,77,423406
50362,0.001385,172.31.40.0-255,66,108036,77,423406
50363,0.001391,74.125.130.0-255,4320,112356,77,423406
50364,0.001393,172.31.40.0-255,66,112422,77,423406
50365,0.001417,74.125.130.0-255,8574,120996,77,423406
50366,0.001424,172.31.40.0-255,66,121062,77,423406
50367,0.001428,74.125.130.0-255,2902,123964,77,423406
50368,0.00143,172.31.40.0-255,66,124030,77,423406
50369,0.001435,74.125.130.0-255,4320,128350,77,423406
50370,0.001437,172.31.40.0-255,66,128416,77,423406
50371,0.001482,74.125.130.0-255,6438,134854,77,423406
50372,0.001485,172.31.40.0-255,66,134920,77,423406
50373,0.001575,74.125.130.0-255,1484,136404,77,423406
50374,0.001589,74.125.130.0-255,2902,139306,77,423406
50375,0.001592,172.31.40.0-255,66,139372,77,423406
50376,0.001608,74.125.130.0-255,2902,142274,77,423406
50377,0.001611,172.31.40.0-255,66,142340,77,423406
50378,0.001635,74.125.130.0-255,2902,145242,77,423406
50379,0.001637,172.31.40.0-255,66,145308,77,423406
50380,0.001644,74.125.130.0-255,5738,151046,77,423406
50381,0.001646,172.31.40.0-255,66,151112,77,423406
50382,0.001657,74.125.130.0-255,7156,158268,77,423406
50383,0.00166,172.31.40.0-255,66,158334,77,423406
50384,0.001687,74.125.130.0-255,7156,165490,77,423406
50385,0.001689,172.31.40.0-255,66,165556,77,423406
50386,0.001729,74.125.130.0-255,3602,169158,77,423406
50387,0.001731,172.31.40.0-255,66,169224,77,423406
50388,0.001838,74.125.130.0-255,1484,170708,77,423406
50389,0.001842,74.125.130.0-255,1484,172192,77,423406
50390,0.001845,172.31.40.0-255,66,172258,77,423406
50391,0.00187,74.125.130.0-255,1484,173742,77,423406
50392,0.001878,74.125.130.0-255,5738,179480,77,423406
50393,0.00188,172.31.40.0-255,66,179546,77,423406
50394,0.001885,74.125.130.0-255,2902,182448,77,423406
50395,0.001887,172.31.40.0-255,66,182514,77,423406
50396,0.001897,74.125.130.0-255,4320,186834,77,423406
50397,0.0019,172.31.40.0-255,66,186900,77,423406
50398,0.001903,74.125.130.0-255,1484,188384,77,423406
50399,0.001944,74.125.130.0-255,7156,195540,77,423406
50400,0.001948,172.31.40.0-255,66,195606,77,423406
50401,0.001954,74.125.130.0-255,5738,201344,77,423406
50402,0.001956,172.31.40.0-255,66,201410,77,423406
50403,0.001981,74.125.130.0-255,2184,203594,77,423406
50404,0.001983,172.31.40.0-255,66,203660,77,423406
50405,0.004216,74.125.130.0-255,2902,206562,77,423406
50406,0.004223,172.31.40.0-255,66,206628,77,423406
50407,0.004253,74.125.130.0-255,2902,209530,77,423406
50408,0.004256,172.31.40.0-255,66,209596,77,423406
50409,0.006472,74.125.130.0-255,2902,212498,77,423406
50410,0.006477,172.31.40.0-255,66,212564,77,423406
50411,0.00651,74.125.130.0-255,2902,215466,77,423406
50412,0.006513,172.31.40.0-255,66,215532,77,423406
50413,0.008744,74.125.130.0-255,2902,218434,77,423406
50414,0.00875,172.31.40.0-255,66,218500,77,423406
50415,0.008776,74.125.130.0-255,2902,221402,77,423406
50416,0.008779,172.31.40.0-255,66,221468,77,423406
50417,0.011016,74.125.130.0-255,2902,224370,77,423406
50418,0.011031,172.31.40.0-255,66,224436,77,423406
50419,0.011059,74.125.130.0-255,2902,227338,77,423406
50420,0.011062,172.31.40.0-255,66,227404,77,423406
50421,0.013304,74.125.130.0-255,5738,233142,77,423406
50422,0.013316,172.31.40.0-255,66,233208,77,423406
50423,0.01558,74.125.130.0-255,5738,238946,77,423406
50424,0.015594,172.31.40.0-255,66,239012,77,423406
50425,0.017851,74.125.130.0-255,4320,243332,77,423406
50426,0.017858,172.31.40.0-255,66,243398,77,423406
50427,0.017889,74.125.130.0-255,1484,244882,77,423406
50428,0.020121,74.125.130.0-255,4320,249202,77,423406
50429,0.020128,172.31.40.0-255,66,249268,77,423406
50430,0.022392,74.125.130.0-255,5738,255006,77,423406
50431,0.022401,172.31.40.0-255,66,255072,77,423406
50432,0.024667,74.125.130.0-255,5738,260810,77,423406
50433,0.024675,172.31.40.0-255,66,260876,77,423406
50434,0.026939,74.125.130.0-255,5738,266614,77,423406
50435,0.02695,172.31.40.0-255,66,266680,77,423406
50436,0.029224,74.125.130.0-255,5738,272418,77,423406
50437,0.029239,172.31.40.0-255,66,272484,77,423406
50438,0.031543,74.125.130.0-255,5738,278222,77,423406
50439,0.031551,172.31.40.0-255,66,278288,77,423406
50440,0.033818,74.125.130.0-255,5738,284026,77,423406
50441,0.033825,172.31.40.0-255,66,284092,77,423406
50442,0.036084,74.125.130.0-255,5738,289830,77,423406
50443,0.036092,172.31.40.0-255,66,289896,77,423406
50444,0.038373,74.125.130.0-255,5738,295634,77,423406
50445,0.038387,172.31.40.0-255,66,295700,77,423406
50446,0.040643,74.125.130.0-255,5738,301438,77,423406
50447,0.040651,172.31.40.0-255,66,301504,77,423406
50448,0.042911,74.125.130.0-255,5738,307242,77,423406
50449,0.042919,172.31.40.0-255,66,307308,77,423406
50450,0.045198,74.125.130.0-255,5738,313046,77,423406
50451,0.045219,172.31.40.0-255,66,313112,77,423406
50452,0.047476,74.125.130.0-255,5738,318850,77,423406
50453,0.047482,172.31.40.0-255,66,318916,77,423406
50454,0.048762,172.31.40.0-255,172,319088,77,423406
50455,0.04879,172.31.40.0-255,1120,320208,77,423406
50456,0.048849,172.31.40.0-255,1514,321722,77,423406
50457,0.048851,172.31.40.0-255,1277,322999,77,423406
50458,0.04974,74.125.130.0-255,5738,328737,77,423406
50459,0.049746,172.31.40.0-255,66,328803,77,423406
50460,0.050254,104.244.42.0-255,66,328869,77,423406
50461,0.050285,104.244.42.0-255,66,328935,77,423406
50462,0.050358,104.244.42.0-255,66,329001,77,423406
50463,0.052021,74.125.130.0-255,5738,334739,77,423406
50464,0.052037,172.31.40.0-255,66,334805,77,423406
50465,0.054323,74.125.130.0-255,5738,340543,77,423406
50466,0.054375,172.31.40.0-255,66,340609,77,423406
50467,0.056639,74.125.130.0-255,5738,346347,77,423406
50468,0.056653,172.31.40.0-255,66,346413,77,423406
50469,0.058926,74.125.130.0-255,5738,352151,77,423406
50470,0.058941,172.31.40.0-255,66,352217,77,423406
50471,0.061211,74.125.130.0-255,5738,357955,77,423406
50472,0.06122,172.31.40.0-255,66,358021,77,423406
50473,0.063475,74.125.130.0-255,5738,363759,77,423406
50474,0.063482,172.31.40.0-255,66,363825,77,423406
50475,0.065769,74.125.130.0-255,5738,369563,77,423406
50476,0.065785,172.31.40.0-255,66,369629,77,423406
50477,0.068064,74.125.130.0-255,5738,375367,77,423406
50478,0.06808,172.31.40.0-255,66,375433,77,423406
50479,0.070392,74.125.130.0-255,5738,381171,77,423406
50480,0.07041,172.31.40.0-255,66,381237,77,423406
50481,0.072683,74.125.130.0-255,5738,386975,77,423406
50482,0.072697,172.31.40.0-255,66,387041,77,423406
50483,0.074971,74.125.130.0-255,5738,392779,77,423406
50484,0.074986,172.31.40.0-255,66,392845,77,423406
50485,0.077256,74.125.130.0-255,5738,398583,77,423406
50486,0.077271,172.31.40.0-255,66,398649,77,423406
50487,0.079528,74.125.130.0-255,5738,404387,77,423406
50488,0.079536,172.31.40.0-255,66,404453,77,423406
50489,0.081821,74.125.130.0-255,5738,410191,77,423406
50490,0.081838,172.31.40.0-255,66,410257,77,423406
50491,0.084124,74.125.130.0-255,5738,415995,77,423406
50492,0.084142,172.31.40.0-255,66,416061,77,423406
50493,0.086423,74.125.130.0-255,5738,421799,77,423406
50494,0.086441,172.31.40.0-255,66,421865,77,423406
50495,0.088719,74.125.130.0-255,1304,423169,77,423406
50496,0.08893,172.31.40.0-255,66,423235,77,423406
50497,0.08897,172.31.40.0-255,105,423340,77,423406
50498,0.091194,74.125.130.0-255,66,423406,77,423406
50499,0.0,172.217.194.0-255,153,153,77,389141
50500,2.2e-05,172.31.40.0-255,66,219,77,389141
50501,2.9e-05,172.217.194.0-255,1484,1703,77,389141
50502,3.4e-05,172.31.40.0-255,66,1769,77,389141
50503,4.1e-05,172.217.194.0-255,2902,4671,77,389141
50504,4.4e-05,172.31.40.0-255,66,4737,77,389141
50505,5.2e-05,172.217.194.0-255,7156,11893,77,389141
50506,5.5e-05,172.31.40.0-255,66,11959,77,389141
50507,8.1e-05,172.217.194.0-255,2068,14027,77,389141
50508,8.3e-05,172.31.40.0-255,66,14093,77,389141
50509,0.000192,172.217.194.0-255,1484,15577,77,389141
50510,0.000195,172.31.40.0-255,66,15643,77,389141
50511,0.000219,172.217.194.0-255,2902,18545,77,389141
50512,0.000222,172.31.40.0-255,66,18611,77,389141
50513,0.000228,172.217.194.0-255,5738,24349,77,389141
50514,0.00023,172.31.40.0-255,66,24415,77,389141
50515,0.000275,172.217.194.0-255,2902,27317,77,389141
50516,0.000277,172.31.40.0-255,66,27383,77,389141
50517,0.000303,172.217.194.0-255,6797,34180,77,389141
50518,0.000306,172.31.40.0-255,66,34246,77,389141
50519,0.000317,172.217.194.0-255,9992,44238,77,389141
50520,0.000319,172.31.40.0-255,66,44304,77,389141
50521,0.000325,172.217.194.0-255,3961,48265,77,389141
50522,0.000327,172.31.40.0-255,66,48331,77,389141
50523,0.000577,172.217.194.0-255,1484,49815,77,389141
50524,0.000583,172.31.40.0-255,66,49881,77,389141
50525,0.000589,172.217.194.0-255,2902,52783,77,389141
50526,0.000592,172.31.40.0-255,66,52849,77,389141
50527,0.000595,172.217.194.0-255,1484,54333,77,389141
50528,0.000599,172.31.40.0-255,66,54399,77,389141
50529,0.000625,172.217.194.0-255,4320,58719,77,389141
50530,0.000629,172.31.40.0-255,66,58785,77,389141
50531,0.000638,172.217.194.0-255,7377,66162,77,389141
50532,0.00064,172.31.40.0-255,66,66228,77,389141
50533,0.000775,172.217.194.0-255,1484,67712,77,389141
50534,0.000782,172.217.194.0-255,2902,70614,77,389141
50535,0.000785,172.31.40.0-255,66,70680,77,389141
50536,0.000792,172.217.194.0-255,5738,76418,77,389141
50537,0.000794,172.31.40.0-255,66,76484,77,389141
50538,0.000832,172.217.194.0-255,11410,87894,77,389141
50539,0.000836,172.31.40.0-255,66,87960,77,389141
50540,0.000858,172.217.194.0-255,2543,90503,77,389141
50541,0.000861,172.31.40.0-255,66,90569,77,389141
50542,0.000867,172.217.194.0-255,5738,96307,77,389141
50543,0.000869,172.31.40.0-255,66,96373,77,389141
50544,0.000872,172.217.194.0-255,1484,97857,77,389141
50545,0.000891,172.217.194.0-255,2543,100400,77,389141
50546,0.000893,172.31.40.0-255,66,100466,77,389141
50547,0.002865,172.217.194.0-255,5738,106204,77,389141
50548,0.002872,172.31.40.0-255,66,106270,77,389141
50549,0.004858,172.217.194.0-255,5738,112008,77,389141
50550,0.004863,172.31.40.0-255,66,112074,77,389141
50551,0.006891,172.217.194.0-255,5738,117812,77,389141
50552,0.006897,172.31.40.0-255,66,117878,77,389141
50553,0.008889,172.217.194.0-255,5738,123616,77,389141
50554,0.008896,172.31.40.0-255,66,123682,77,389141
50555,0.01092,172.217.194.0-255,5738,129420,77,389141
50556,0.01093,172.31.40.0-255,66,129486,77,389141
50557,0.012926,172.217.194.0-255,5738,135224,77,389141
50558,0.012935,172.31.40.0-255,66,135290,77,389141
50559,0.014989,172.217.194.0-255,5738,141028,77,389141
50560,0.014996,172.31.40.0-255,66,141094,77,389141
50561,0.01698,172.217.194.0-255,5738,146832,77,389141
50562,0.016986,172.31.40.0-255,66,146898,77,389141
50563,0.019005,172.217.194.0-255,5738,152636,77,389141
50564,0.019016,172.31.40.0-255,66,152702,77,389141
50565,0.021015,172.217.194.0-255,5738,158440,77,389141
50566,0.021025,172.31.40.0-255,66,158506,77,389141
50567,0.023021,172.217.194.0-255,5738,164244,77,389141
50568,0.023033,172.31.40.0-255,66,164310,77,389141
50569,0.024998,172.217.194.0-255,5738,170048,77,389141
50570,0.025008,172.31.40.0-255,66,170114,77,389141
50571,0.027002,172.217.194.0-255,5738,175852,77,389141
50572,0.027009,172.31.40.0-255,66,175918,77,389141
50573,0.029014,172.217.194.0-255,5738,181656,77,389141
50574,0.029022,172.31.40.0-255,66,181722,77,389141
50575,0.031009,172.217.194.0-255,5738,187460,77,389141
50576,0.031018,172.31.40.0-255,66,187526,77,389141
50577,0.03304,172.217.194.0-255,5738,193264,77,389141
50578,0.033052,172.31.40.0-255,66,193330,77,389141
50579,0.035033,172.217.194.0-255,5738,199068,77,389141
50580,0.035042,172.31.40.0-255,66,199134,77,389141
50581,0.036378,172.31.40.0-255,172,199306,77,389141
50582,0.036411,172.31.40.0-255,1120,200426,77,389141
50583,0.036472,172.31.40.0-255,1514,201940,77,389141
50584,0.036474,172.31.40.0-255,1275,203215,77,389141
50585,0.037022,172.217.194.0-255,5738,208953,77,389141
50586,0.037029,172.31.40.0-255,66,209019,77,389141
50587,0.037926,104.244.42.0-255,66,209085,77,389141
50588,0.037974,104.244.42.0-255,66,209151,77,389141
50589,0.038073,104.244.42.0-255,66,209217,77,389141
50590,0.03899,172.217.194.0-255,5738,214955,77,389141
50591,0.039005,172.31.40.0-255,66,215021,77,389141
50592,0.041022,172.217.194.0-255,5738,220759,77,389141
50593,0.041029,172.31.40.0-255,66,220825,77,389141
50594,0.043026,172.217.194.0-255,5738,226563,77,389141
50595,0.043033,172.31.40.0-255,66,226629,77,389141
50596,0.045059,172.217.194.0-255,5738,232367,77,389141
50597,0.045067,172.31.40.0-255,66,232433,77,389141
50598,0.047074,172.217.194.0-255,5738,238171,77,389141
50599,0.047081,172.31.40.0-255,66,238237,77,389141
50600,0.049091,172.217.194.0-255,5738,243975,77,389141
50601,0.049098,172.31.40.0-255,66,244041,77,389141
50602,0.051134,172.217.194.0-255,5738,249779,77,389141
50603,0.051143,172.31.40.0-255,66,249845,77,389141
50604,0.053123,172.217.194.0-255,5738,255583,77,389141
50605,0.05313,172.31.40.0-255,66,255649,77,389141
50606,0.055103,172.217.194.0-255,5738,261387,77,389141
50607,0.055118,172.31.40.0-255,66,261453,77,389141
50608,0.057127,172.217.194.0-255,5738,267191,77,389141
50609,0.057146,172.31.40.0-255,66,267257,77,389141
50610,0.059139,172.217.194.0-255,5738,272995,77,389141
50611,0.059153,172.31.40.0-255,66,273061,77,389141
50612,0.061191,172.217.194.0-255,5738,278799,77,389141
50613,0.061206,172.31.40.0-255,66,278865,77,389141
50614,0.063234,172.217.194.0-255,5738,284603,77,389141
50615,0.063246,172.31.40.0-255,66,284669,77,389141
50616,0.065248,172.217.194.0-255,5738,290407,77,389141
50617,0.065265,172.31.40.0-255,66,290473,77,389141
50618,0.067321,172.217.194.0-255,5738,296211,77,389141
50619,0.067336,172.31.40.0-255,66,296277,77,389141
50620,0.069337,172.217.194.0-255,5738,302015,77,389141
50621,0.069354,172.31.40.0-255,66,302081,77,389141
50622,0.071359,172.217.194.0-255,5738,307819,77,389141
50623,0.071376,172.31.40.0-255,66,307885,77,389141
50624,0.073443,172.217.194.0-255,5738,313623,77,389141
50625,0.07346,172.31.40.0-255,66,313689,77,389141
50626,0.075512,172.217.194.0-255,5738,319427,77,389141
50627,0.07553,172.31.40.0-255,66,319493,77,389141
50628,0.07755,172.217.194.0-255,5738,325231,77,389141
50629,0.077569,172.31.40.0-255,66,325297,77,389141
50630,0.079593,172.217.194.0-255,5738,331035,77,389141
50631,0.079611,172.31.40.0-255,66,331101,77,389141
50632,0.081617,172.217.194.0-255,5738,336839,77,389141
50633,0.081634,172.31.40.0-255,66,336905,77,389141
50634,0.083638,172.217.194.0-255,5738,342643,77,389141
50635,0.083654,172.31.40.0-255,66,342709,77,389141
50636,0.085666,172.217.194.0-255,5738,348447,77,389141
50637,0.085682,172.31.40.0-255,66,348513,77,389141
50638,0.087664,172.217.194.0-255,5738,354251,77,389141
50639,0.08768,172.31.40.0-255,66,354317,77,389141
50640,0.089769,172.217.194.0-255,5738,360055,77,389141
50641,0.089786,172.31.40.0-255,66,360121,77,389141
50642,0.091857,172.217.194.0-255,5738,365859,77,389141
50643,0.091874,172.31.40.0-255,66,365925,77,389141
50644,0.093877,172.217.194.0-255,5738,371663,77,389141
50645,0.093895,172.31.40.0-255,66,371729,77,389141
50646,0.09589,172.217.194.0-255,5738,377467,77,389141
50647,0.095906,172.31.40.0-255,66,377533,77,389141
50648,0.097924,172.217.194.0-255,5738,383271,77,389141
50649,0.097941,172.31.40.0-255,66,383337,77,389141
50650,0.099954,172.217.194.0-255,5738,389075,77,389141
50651,0.09997,172.31.40.0-255,66,389141,77,389141
50652,0.0,172.217.194.0-255,153,153,77,404068
50653,1.6e-05,172.31.40.0-255,66,219,77,404068
50654,2.3e-05,172.217.194.0-255,1484,1703,77,404068
50655,2.8e-05,172.31.40.0-255,66,1769,77,404068
50656,3.4e-05,172.217.194.0-255,2902,4671,77,404068
50657,3.7e-05,172.31.40.0-255,66,4737,77,404068
50658,4.1e-05,172.217.194.0-255,2902,7639,77,404068
50659,4.4e-05,172.31.40.0-255,66,7705,77,404068
50660,5.3e-05,172.217.194.0-255,7772,15477,77,404068
50661,5.7e-05,172.31.40.0-255,66,15543,77,404068
50662,9.4e-05,172.217.194.0-255,7156,22699,77,404068
50663,9.7e-05,172.31.40.0-255,66,22765,77,404068
50664,0.000123,172.217.194.0-255,8215,30980,77,404068
50665,0.000125,172.31.40.0-255,66,31046,77,404068
50666,0.000131,172.217.194.0-255,5738,36784,77,404068
50667,0.000133,172.31.40.0-255,66,36850,77,404068
50668,0.000157,172.217.194.0-255,5738,42588,77,404068
50669,0.000159,172.31.40.0-255,66,42654,77,404068
50670,0.000183,172.217.194.0-255,5379,48033,77,404068
50671,0.000185,172.31.40.0-255,66,48099,77,404068
50672,0.00061,172.217.194.0-255,1484,49583,77,404068
50673,0.000616,172.31.40.0-255,66,49649,77,404068
50674,0.000621,172.217.194.0-255,2902,52551,77,404068
50675,0.000623,172.31.40.0-255,66,52617,77,404068
50676,0.000653,172.217.194.0-255,5738,58355,77,404068
50677,0.000656,172.31.40.0-255,66,58421,77,404068
50678,0.000662,172.217.194.0-255,5738,64159,77,404068
50679,0.000664,172.31.40.0-255,66,64225,77,404068
50680,0.000681,172.217.194.0-255,8215,72440,77,404068
50681,0.000683,172.31.40.0-255,66,72506,77,404068
50682,0.000688,172.217.194.0-255,2902,75408,77,404068
50683,0.00069,172.31.40.0-255,66,75474,77,404068
50684,0.000736,172.217.194.0-255,5738,81212,77,404068
50685,0.000739,172.31.40.0-255,66,81278,77,404068
50686,0.000769,172.217.194.0-255,12469,93747,77,404068
50687,0.000772,172.31.40.0-255,66,93813,77,404068
50688,0.000792,172.217.194.0-255,4320,98133,77,404068
50689,0.000795,172.31.40.0-255,66,98199,77,404068
50690,0.000816,172.217.194.0-255,1125,99324,77,404068
50691,0.000862,172.217.194.0-255,1484,100808,77,404068
50692,0.000865,172.31.40.0-255,66,100874,77,404068
50693,0.00087,172.217.194.0-255,2902,103776,77,404068
50694,0.000873,172.31.40.0-255,66,103842,77,404068
50695,0.000897,172.217.194.0-255,5738,109580,77,404068
50696,0.000899,172.31.40.0-255,66,109646,77,404068
50697,0.000939,172.217.194.0-255,8574,118220,77,404068
50698,0.000942,172.31.40.0-255,66,118286,77,404068
50699,0.000968,172.217.194.0-255,4320,122606,77,404068
50700,0.000971,172.31.40.0-255,66,122672,77,404068
50701,0.000981,172.217.194.0-255,10692,133364,77,404068
50702,0.000983,172.31.40.0-255,66,133430,77,404068
50703,0.001031,172.217.194.0-255,1484,134914,77,404068
50704,0.001048,172.217.194.0-255,2902,137816,77,404068
50705,0.00105,172.31.40.0-255,66,137882,77,404068
50706,0.001057,172.217.194.0-255,5738,143620,77,404068
50707,0.001059,172.31.40.0-255,66,143686,77,404068
50708,0.001075,172.217.194.0-255,2902,146588,77,404068
50709,0.001078,172.31.40.0-255,66,146654,77,404068
50710,0.001114,172.217.194.0-255,9992,156646,77,404068
50711,0.001116,172.31.40.0-255,66,156712,77,404068
50712,0.001135,172.217.194.0-255,9992,166704,77,404068
50713,0.001138,172.31.40.0-255,66,166770,77,404068
50714,0.001141,172.217.194.0-255,766,167536,77,404068
50715,0.00136,172.217.194.0-255,1484,169020,77,404068
50716,0.001365,172.31.40.0-255,66,169086,77,404068
50717,0.001387,172.217.194.0-255,2902,171988,77,404068
50718,0.001389,172.31.40.0-255,66,172054,77,404068
50719,0.001433,172.217.194.0-255,5738,177792,77,404068
50720,0.001436,172.31.40.0-255,66,177858,77,404068
50721,0.001444,172.217.194.0-255,7156,185014,77,404068
50722,0.001445,172.31.40.0-255,66,185080,77,404068
50723,0.001466,172.217.194.0-255,2902,187982,77,404068
50724,0.001468,172.31.40.0-255,66,188048,77,404068
50725,0.001476,172.217.194.0-255,8574,196622,77,404068
50726,0.001479,172.31.40.0-255,66,196688,77,404068
50727,0.001502,172.217.194.0-255,1484,198172,77,404068
50728,0.00152,172.217.194.0-255,3602,201774,77,404068
50729,0.001523,172.31.40.0-255,66,201840,77,404068
50730,0.00154,172.217.194.0-255,4320,206160,77,404068
50731,0.001542,172.31.40.0-255,66,206226,77,404068
50732,0.00156,172.217.194.0-255,1484,207710,77,404068
50733,0.001572,172.217.194.0-255,1484,209194,77,404068
50734,0.001574,172.31.40.0-255,66,209260,77,404068
50735,0.001602,172.217.194.0-255,11410,220670,77,404068
50736,0.001605,172.31.40.0-255,66,220736,77,404068
50737,0.001609,172.217.194.0-255,2902,223638,77,404068
50738,0.001611,172.31.40.0-255,66,223704,77,404068
50739,0.001617,172.217.194.0-255,4320,228024,77,404068
50740,0.00162,172.31.40.0-255,66,228090,77,404068
50741,0.001643,172.217.194.0-255,7856,235946,77,404068
50742,0.001646,172.31.40.0-255,66,236012,77,404068
50743,0.00169,172.217.194.0-255,5738,241750,77,404068
50744,0.001696,172.31.40.0-255,66,241816,77,404068
50745,0.001708,172.217.194.0-255,7156,248972,77,404068
50746,0.00171,172.31.40.0-255,66,249038,77,404068
50747,0.001713,172.217.194.0-255,1484,250522,77,404068
50748,0.00174,172.217.194.0-255,4320,254842,77,404068
50749,0.001742,172.31.40.0-255,66,254908,77,404068
50750,0.001763,172.217.194.0-255,8574,263482,77,404068
50751,0.001767,172.31.40.0-255,66,263548,77,404068
50752,0.001795,172.217.194.0-255,6438,269986,77,404068
50753,0.001798,172.31.40.0-255,66,270052,77,404068
50754,0.001919,172.217.194.0-255,1484,271536,77,404068
50755,0.001925,172.217.194.0-255,2902,274438,77,404068
50756,0.001928,172.31.40.0-255,66,274504,77,404068
50757,0.001945,172.217.194.0-255,1484,275988,77,404068
50758,0.001963,172.217.194.0-255,4320,280308,77,404068
50759,0.001966,172.31.40.0-255,66,280374,77,404068
50760,0.001997,172.217.194.0-255,12828,293202,77,404068
50761,0.002,172.31.40.0-255,66,293268,77,404068
50762,0.002003,172.217.194.0-255,1484,294752,77,404068
50763,0.002035,172.217.194.0-255,4320,299072,77,404068
50764,0.002039,172.31.40.0-255,66,299138,77,404068
50765,0.002069,172.217.194.0-255,12110,311248,77,404068
50766,0.002072,172.31.40.0-255,66,311314,77,404068
50767,0.002113,172.217.194.0-255,7156,318470,77,404068
50768,0.002116,172.31.40.0-255,66,318536,77,404068
50769,0.002144,172.217.194.0-255,9992,328528,77,404068
50770,0.002147,172.31.40.0-255,66,328594,77,404068
50771,0.002151,172.217.194.0-255,4320,332914,77,404068
50772,0.002153,172.31.40.0-255,66,332980,77,404068
50773,0.00216,172.217.194.0-255,5738,338718,77,404068
50774,0.002162,172.31.40.0-255,66,338784,77,404068
50775,0.002201,172.217.194.0-255,13528,352312,77,404068
50776,0.002204,172.31.40.0-255,66,352378,77,404068
50777,0.002207,172.217.194.0-255,1484,353862,77,404068
50778,0.002262,172.31.40.0-255,66,353928,77,404068
50779,0.002287,172.217.194.0-255,766,354694,77,404068
50780,0.002296,172.217.194.0-255,9992,364686,77,404068
50781,0.002306,172.217.194.0-255,11410,376096,77,404068
50782,0.002313,172.217.194.0-255,5738,381834,77,404068
50783,0.002318,172.217.194.0-255,4320,386154,77,404068
50784,0.002335,172.31.40.0-255,66,386220,77,404068
50785,0.004642,172.217.194.0-255,5738,391958,77,404068
50786,0.00465,172.31.40.0-255,66,392024,77,404068
50787,0.00692,172.217.194.0-255,2770,394794,77,404068
50788,0.006927,172.31.40.0-255,66,394860,77,404068
50789,0.008576,172.31.40.0-255,105,394965,77,404068
50790,0.010855,172.217.194.0-255,66,395031,77,404068
50791,0.0499,172.31.40.0-255,172,395203,77,404068
50792,0.049938,172.31.40.0-255,1121,396324,77,404068
50793,0.050004,172.31.40.0-255,1514,397838,77,404068
50794,0.050007,172.31.40.0-255,1514,399352,77,404068
50795,0.050012,172.31.40.0-255,1514,400866,77,404068
50796,0.050014,172.31.40.0-255,1514,402380,77,404068
50797,0.050031,172.31.40.0-255,1490,403870,77,404068
50798,0.051451,104.244.42.0-255,66,403936,77,404068
50799,0.051546,104.244.42.0-255,66,404002,77,404068
50800,0.051601,104.244.42.0-255,66,404068,77,404068
50801,0.0,172.217.194.0-255,153,153,77,404787
50802,2.4e-05,172.31.40.0-255,66,219,77,404787
50803,3.2e-05,172.217.194.0-255,1484,1703,77,404787
50804,3.6e-05,172.31.40.0-255,66,1769,77,404787
50805,4.2e-05,172.217.194.0-255,2902,4671,77,404787
50806,5.3e-05,172.31.40.0-255,66,4737,77,404787
50807,6e-05,172.217.194.0-255,7156,11893,77,404787
50808,6.3e-05,172.31.40.0-255,66,11959,77,404787
50809,7.3e-05,172.217.194.0-255,11960,23919,77,404787
50810,7.6e-05,172.31.40.0-255,66,23985,77,404787
50811,0.000112,172.217.194.0-255,6797,30782,77,404787
50812,0.000115,172.31.40.0-255,66,30848,77,404787
50813,0.000121,172.217.194.0-255,4320,35168,77,404787
50814,0.000123,172.31.40.0-255,66,35234,77,404787
50815,0.000148,172.217.194.0-255,2902,38136,77,404787
50816,0.00015,172.31.40.0-255,66,38202,77,404787
50817,0.000164,172.217.194.0-255,9633,47835,77,404787
50818,0.000167,172.31.40.0-255,66,47901,77,404787
50819,0.000191,172.217.194.0-255,1484,49385,77,404787
50820,0.000193,172.31.40.0-255,66,49451,77,404787
50821,0.000197,172.217.194.0-255,2902,52353,77,404787
50822,0.0002,172.31.40.0-255,66,52419,77,404787
50823,0.000206,172.217.194.0-255,5738,58157,77,404787
50824,0.000213,172.31.40.0-255,66,58223,77,404787
50825,0.000245,172.217.194.0-255,7075,65298,77,404787
50826,0.000248,172.31.40.0-255,66,65364,77,404787
50827,0.00025,172.217.194.0-255,119,65483,77,404787
50828,0.000252,172.31.40.0-255,66,65549,77,404787
50829,0.000291,172.217.194.0-255,1484,67033,77,404787
50830,0.000294,172.31.40.0-255,66,67099,77,404787
50831,0.000298,172.217.194.0-255,1484,68583,77,404787
50832,0.0003,172.31.40.0-255,66,68649,77,404787
50833,0.000329,172.217.194.0-255,1484,70133,77,404787
50834,0.000337,172.217.194.0-255,7156,77289,77,404787
50835,0.00034,172.31.40.0-255,66,77355,77,404787
50836,0.000364,172.217.194.0-255,1484,78839,77,404787
50837,0.000388,172.217.194.0-255,4271,83110,77,404787
50838,0.000391,172.31.40.0-255,66,83176,77,404787
50839,0.000413,172.217.194.0-255,1484,84660,77,404787
50840,0.00043,172.217.194.0-255,5738,90398,77,404787
50841,0.000433,172.31.40.0-255,66,90464,77,404787
50842,0.000464,172.217.194.0-255,7156,97620,77,404787
50843,0.000467,172.31.40.0-255,66,97686,77,404787
50844,0.000494,172.217.194.0-255,2543,100229,77,404787
50845,0.000497,172.31.40.0-255,66,100295,77,404787
50846,0.000839,172.217.194.0-255,1484,101779,77,404787
50847,0.000846,172.217.194.0-255,2902,104681,77,404787
50848,0.000853,172.31.40.0-255,66,104747,77,404787
50849,0.000867,172.217.194.0-255,5738,110485,77,404787
50850,0.000877,172.217.194.0-255,4320,114805,77,404787
50851,0.000886,172.217.194.0-255,9992,124797,77,404787
50852,0.000891,172.31.40.0-255,66,124863,77,404787
50853,0.000899,172.31.40.0-255,66,124929,77,404787
50854,0.000902,172.31.40.0-255,66,124995,77,404787
50855,0.000912,172.217.194.0-255,5738,130733,77,404787
50856,0.000914,172.31.40.0-255,66,130799,77,404787
50857,0.00092,172.217.194.0-255,3054,133853,77,404787
50858,0.000922,172.31.40.0-255,66,133919,77,404787
50859,0.000957,172.217.194.0-255,8574,142493,77,404787
50860,0.00096,172.31.40.0-255,66,142559,77,404787
50861,0.000995,172.217.194.0-255,12828,155387,77,404787
50862,0.000998,172.31.40.0-255,66,155453,77,404787
50863,0.001047,172.217.194.0-255,11410,166863,77,404787
50864,0.001049,172.31.40.0-255,66,166929,77,404787
50865,0.001059,172.217.194.0-255,766,167695,77,404787
50866,0.00164,172.31.40.0-255,101,167796,77,404787
50867,0.001672,172.217.194.0-255,1484,169280,77,404787
50868,0.001678,172.217.194.0-255,2902,172182,77,404787
50869,0.001681,172.31.40.0-255,66,172248,77,404787
50870,0.001708,172.217.194.0-255,5738,177986,77,404787
50871,0.001711,172.31.40.0-255,66,178052,77,404787
50872,0.001721,172.217.194.0-255,8574,186626,77,404787
50873,0.001723,172.31.40.0-255,66,186692,77,404787
50874,0.00175,172.217.194.0-255,1484,188176,77,404787
50875,0.001788,172.217.194.0-255,13528,201704,77,404787
50876,0.001791,172.31.40.0-255,66,201770,77,404787
50877,0.00181,172.217.194.0-255,4320,206090,77,404787
50878,0.001812,172.31.40.0-255,66,206156,77,404787
50879,0.001848,172.217.194.0-255,9992,216148,77,404787
50880,0.001851,172.31.40.0-255,66,216214,77,404787
50881,0.001861,172.217.194.0-255,11410,227624,77,404787
50882,0.001869,172.31.40.0-255,66,227690,77,404787
50883,0.001878,172.217.194.0-255,7856,235546,77,404787
50884,0.001882,172.31.40.0-255,66,235612,77,404787
50885,0.001923,172.217.194.0-255,8574,244186,77,404787
50886,0.001927,172.31.40.0-255,66,244252,77,404787
50887,0.001955,172.31.40.0-255,66,244318,77,404787
50888,0.001982,172.217.194.0-255,4320,248638,77,404787
50889,0.001984,172.217.194.0-255,1484,250122,77,404787
50890,0.001989,172.217.194.0-255,5020,255142,77,404787
50891,0.001993,172.31.40.0-255,66,255208,77,404787
50892,0.001998,172.31.40.0-255,66,255274,77,404787
50893,0.002145,172.217.194.0-255,1484,256758,77,404787
50894,0.002151,172.217.194.0-255,2902,259660,77,404787
50895,0.002154,172.31.40.0-255,66,259726,77,404787
50896,0.002183,172.217.194.0-255,5738,265464,77,404787
50897,0.002185,172.31.40.0-255,66,265530,77,404787
50898,0.002192,172.217.194.0-255,5738,271268,77,404787
50899,0.002194,172.31.40.0-255,66,271334,77,404787
50900,0.002209,172.217.194.0-255,12828,284162,77,404787
50901,0.002211,172.31.40.0-255,66,284228,77,404787
50902,0.002251,172.217.194.0-255,5020,289248,77,404787
50903,0.002256,172.31.40.0-255,66,289314,77,404787
50904,0.002283,172.217.194.0-255,1484,290798,77,404787
50905,0.0023,172.217.194.0-255,2902,293700,77,404787
50906,0.002304,172.31.40.0-255,66,293766,77,404787
50907,0.002311,172.217.194.0-255,5738,299504,77,404787
50908,0.002314,172.31.40.0-255,66,299570,77,404787
50909,0.002345,172.217.194.0-255,4320,303890,77,404787
50910,0.002363,172.31.40.0-255,66,303956,77,404787
50911,0.002371,172.217.194.0-255,7156,311112,77,404787
50912,0.002375,172.31.40.0-255,66,311178,77,404787
50913,0.002407,172.217.194.0-255,8574,319752,77,404787
50914,0.002411,172.31.40.0-255,66,319818,77,404787
50915,0.003951,172.217.194.0-255,66,319884,77,404787
50916,0.004735,172.217.194.0-255,5738,325622,77,404787
50917,0.004743,172.31.40.0-255,66,325688,77,404787
50918,0.007052,172.217.194.0-255,2902,328590,77,404787
50919,0.007056,172.31.40.0-255,66,328656,77,404787
50920,0.007085,172.217.194.0-255,2902,331558,77,404787
50921,0.007088,172.31.40.0-255,66,331624,77,404787
50922,0.009397,172.217.194.0-255,2902,334526,77,404787
50923,0.009406,172.31.40.0-255,66,334592,77,404787
50924,0.009425,172.217.194.0-255,2902,337494,77,404787
50925,0.009428,172.31.40.0-255,66,337560,77,404787
50926,0.011725,172.217.194.0-255,2902,340462,77,404787
50927,0.011734,172.31.40.0-255,66,340528,77,404787
50928,0.011762,172.217.194.0-255,2902,343430,77,404787
50929,0.011765,172.31.40.0-255,66,343496,77,404787
50930,0.014079,172.217.194.0-255,5738,349234,77,404787
50931,0.014092,172.31.40.0-255,66,349300,77,404787
50932,0.016435,172.217.194.0-255,5738,355038,77,404787
50933,0.016451,172.31.40.0-255,66,355104,77,404787
50934,0.018792,172.217.194.0-255,5738,360842,77,404787
50935,0.018808,172.31.40.0-255,66,360908,77,404787
50936,0.021157,172.217.194.0-255,5738,366646,77,404787
50937,0.021165,172.31.40.0-255,66,366712,77,404787
50938,0.023498,172.217.194.0-255,5738,372450,77,404787
50939,0.023507,172.31.40.0-255,66,372516,77,404787
50940,0.02584,172.217.194.0-255,5738,378254,77,404787
50941,0.025849,172.31.40.0-255,66,378320,77,404787
50942,0.028208,172.217.194.0-255,5738,384058,77,404787
50943,0.028216,172.31.40.0-255,66,384124,77,404787
50944,0.030564,172.217.194.0-255,5738,389862,77,404787
50945,0.030581,172.31.40.0-255,66,389928,77,404787
50946,0.032937,172.217.194.0-255,5738,395666,77,404787
50947,0.032947,172.31.40.0-255,66,395732,77,404787
50948,0.035282,172.217.194.0-255,4539,400271,77,404787
50949,0.035291,172.31.40.0-255,66,400337,77,404787
50950,0.03548,172.31.40.0-255,105,400442,77,404787
50951,0.035869,172.31.40.0-255,172,400614,77,404787
50952,0.035898,172.31.40.0-255,1119,401733,77,404787
50953,0.03596,172.31.40.0-255,1514,403247,77,404787
50954,0.035962,172.31.40.0-255,1276,404523,77,404787
50955,0.037428,104.244.42.0-255,66,404589,77,404787
50956,0.037437,104.244.42.0-255,66,404655,77,404787
50957,0.037495,104.244.42.0-255,66,404721,77,404787
50958,0.041682,172.217.194.0-255,66,404787,77,404787
50959,0.0,74.125.200.0-255,153,153,77,422289
50960,1.9e-05,172.31.40.0-255,66,219,77,422289
50961,2.6e-05,74.125.200.0-255,1484,1703,77,422289
50962,3.1e-05,172.31.40.0-255,66,1769,77,422289
50963,4.4e-05,74.125.200.0-255,2902,4671,77,422289
50964,4.8e-05,172.31.40.0-255,66,4737,77,422289
50965,5.2e-05,74.125.200.0-255,1484,6221,77,422289
50966,5.4e-05,172.31.40.0-255,66,6287,77,422289
50967,6e-05,74.125.200.0-255,2902,9189,77,422289
50968,6.3e-05,172.31.40.0-255,66,9255,77,422289
50969,9.5e-05,74.125.200.0-255,6390,15645,77,422289
50970,9.8e-05,172.31.40.0-255,66,15711,77,422289
50971,0.000102,74.125.200.0-255,2902,18613,77,422289
50972,0.000105,172.31.40.0-255,66,18679,77,422289
50973,0.00011,74.125.200.0-255,4320,22999,77,422289
50974,0.000113,172.31.40.0-255,66,23065,77,422289
50975,0.000142,74.125.200.0-255,2902,25967,77,422289
50976,0.000144,172.31.40.0-255,66,26033,77,422289
50977,0.000173,74.125.200.0-255,5379,31412,77,422289
50978,0.000176,172.31.40.0-255,66,31478,77,422289
50979,0.000229,74.125.200.0-255,1484,32962,77,422289
50980,0.000231,172.31.40.0-255,66,33028,77,422289
50981,0.00026,74.125.200.0-255,2902,35930,77,422289
50982,0.000262,172.31.40.0-255,66,35996,77,422289
50983,0.000268,74.125.200.0-255,5738,41734,77,422289
50984,0.000271,172.31.40.0-255,66,41800,77,422289
50985,0.000298,74.125.200.0-255,5738,47538,77,422289
50986,0.000301,172.31.40.0-255,66,47604,77,422289
50987,0.000323,74.125.200.0-255,7156,54760,77,422289
50988,0.000325,172.31.40.0-255,66,54826,77,422289
50989,0.000359,74.125.200.0-255,10987,65813,77,422289
50990,0.000362,172.31.40.0-255,66,65879,77,422289
50991,0.000446,74.125.200.0-255,131,66010,77,422289
50992,0.000629,74.125.200.0-255,1484,67494,77,422289
50993,0.000633,74.125.200.0-255,1484,68978,77,422289
50994,0.000644,172.31.40.0-255,66,69044,77,422289
50995,0.000649,74.125.200.0-255,1484,70528,77,422289
50996,0.000651,172.31.40.0-255,66,70594,77,422289
50997,0.000657,74.125.200.0-255,2902,73496,77,422289
50998,0.000665,172.31.40.0-255,66,73562,77,422289
50999,0.00069,74.125.200.0-255,1484,75046,77,422289
51000,0.000699,74.125.200.0-255,8574,83620,77,422289
51001,0.000702,172.31.40.0-255,66,83686,77,422289
51002,0.000706,74.125.200.0-255,2902,86588,77,422289
51003,0.000708,172.31.40.0-255,66,86654,77,422289
51004,0.000746,74.125.200.0-255,2902,89556,77,422289
51005,0.000749,172.31.40.0-255,66,89622,77,422289
51006,0.000784,74.125.200.0-255,9992,99614,77,422289
51007,0.000787,74.125.200.0-255,468,100082,77,422289
51008,0.000791,172.31.40.0-255,66,100148,77,422289
51009,0.000902,74.125.200.0-255,1484,101632,77,422289
51010,0.000907,172.31.40.0-255,66,101698,77,422289
51011,0.000912,74.125.200.0-255,2902,104600,77,422289
51012,0.000914,172.31.40.0-255,66,104666,77,422289
51013,0.000918,74.125.200.0-255,1484,106150,77,422289
51014,0.000948,74.125.200.0-255,4320,110470,77,422289
51015,0.000951,172.31.40.0-255,66,110536,77,422289
51016,0.000961,74.125.200.0-255,9992,120528,77,422289
51017,0.000963,172.31.40.0-255,66,120594,77,422289
51018,0.000995,74.125.200.0-255,11410,132004,77,422289
51019,0.000998,74.125.200.0-255,2184,134188,77,422289
51020,0.001004,172.31.40.0-255,66,134254,77,422289
51021,0.001018,172.31.40.0-255,66,134320,77,422289
51022,0.00161,74.125.200.0-255,1484,135804,77,422289
51023,0.001634,74.125.200.0-255,2902,138706,77,422289
51024,0.001638,172.31.40.0-255,66,138772,77,422289
51025,0.001643,74.125.200.0-255,2902,141674,77,422289
51026,0.001645,172.31.40.0-255,66,141740,77,422289
51027,0.001678,74.125.200.0-255,2902,144642,77,422289
51028,0.001681,172.31.40.0-255,66,144708,77,422289
51029,0.001684,74.125.200.0-255,1484,146192,77,422289
51030,0.001689,74.125.200.0-255,2902,149094,77,422289
51031,0.001691,172.31.40.0-255,66,149160,77,422289
51032,0.001697,74.125.200.0-255,5738,154898,77,422289
51033,0.001699,172.31.40.0-255,66,154964,77,422289
51034,0.001702,74.125.200.0-255,1484,156448,77,422289
51035,0.001726,74.125.200.0-255,2902,159350,77,422289
51036,0.001729,172.31.40.0-255,66,159416,77,422289
51037,0.001751,74.125.200.0-255,4320,163736,77,422289
51038,0.001754,172.31.40.0-255,66,163802,77,422289
51039,0.001777,74.125.200.0-255,1484,165286,77,422289
51040,0.001782,74.125.200.0-255,2902,168188,77,422289
51041,0.001785,172.31.40.0-255,66,168254,77,422289
51042,0.001788,74.125.200.0-255,766,169020,77,422289
51043,0.001895,74.125.200.0-255,1484,170504,77,422289
51044,0.001899,172.31.40.0-255,66,170570,77,422289
51045,0.001902,74.125.200.0-255,1484,172054,77,422289
51046,0.001926,74.125.200.0-255,2902,174956,77,422289
51047,0.001928,172.31.40.0-255,66,175022,77,422289
51048,0.001965,74.125.200.0-255,5738,180760,77,422289
51049,0.001968,172.31.40.0-255,66,180826,77,422289
51050,0.001971,74.125.200.0-255,1484,182310,77,422289
51051,0.002011,74.125.200.0-255,8574,190884,77,422289
51052,0.002014,172.31.40.0-255,66,190950,77,422289
51053,0.002019,74.125.200.0-255,2902,193852,77,422289
51054,0.002021,172.31.40.0-255,66,193918,77,422289
51055,0.002024,74.125.200.0-255,1484,195402,77,422289
51056,0.002043,74.125.200.0-255,2902,198304,77,422289
51057,0.002052,172.31.40.0-255,66,198370,77,422289
51058,0.00206,74.125.200.0-255,2902,201272,77,422289
51059,0.002063,172.31.40.0-255,66,201338,77,422289
51060,0.002082,74.125.200.0-255,2184,203522,77,422289
51061,0.002084,172.31.40.0-255,66,203588,77,422289
51062,0.00431,74.125.200.0-255,2902,206490,77,422289
51063,0.004318,172.31.40.0-255,66,206556,77,422289
51064,0.004345,74.125.200.0-255,2902,209458,77,422289
51065,0.004348,172.31.40.0-255,66,209524,77,422289
51066,0.006565,74.125.200.0-255,2902,212426,77,422289
51067,0.00657,172.31.40.0-255,66,212492,77,422289
51068,0.006597,74.125.200.0-255,2902,215394,77,422289
51069,0.006599,172.31.40.0-255,66,215460,77,422289
51070,0.008822,74.125.200.0-255,2902,218362,77,422289
51071,0.008828,172.31.40.0-255,66,218428,77,422289
51072,0.008856,74.125.200.0-255,2902,221330,77,422289
51073,0.008858,172.31.40.0-255,66,221396,77,422289
51074,0.01108,74.125.200.0-255,2902,224298,77,422289
51075,0.011088,172.31.40.0-255,66,224364,77,422289
51076,0.011118,74.125.200.0-255,2902,227266,77,422289
51077,0.011121,172.31.40.0-255,66,227332,77,422289
51078,0.013333,74.125.200.0-255,2902,230234,77,422289
51079,0.013341,172.31.40.0-255,66,230300,77,422289
51080,0.013376,74.125.200.0-255,2902,233202,77,422289
51081,0.013379,172.31.40.0-255,66,233268,77,422289
51082,0.015599,74.125.200.0-255,2902,236170,77,422289
51083,0.01561,172.31.40.0-255,66,236236,77,422289
51084,0.015646,74.125.200.0-255,2902,239138,77,422289
51085,0.015649,172.31.40.0-255,66,239204,77,422289
51086,0.017875,74.125.200.0-255,2902,242106,77,422289
51087,0.017884,172.31.40.0-255,66,242172,77,422289
51088,0.017914,74.125.200.0-255,2902,245074,77,422289
51089,0.017917,172.31.40.0-255,66,245140,77,422289
51090,0.020138,74.125.200.0-255,2902,248042,77,422289
51091,0.020145,172.31.40.0-255,66,248108,77,422289
51092,0.020211,74.125.200.0-255,2902,251010,77,422289
51093,0.020214,172.31.40.0-255,66,251076,77,422289
51094,0.022424,74.125.200.0-255,2902,253978,77,422289
51095,0.022441,172.31.40.0-255,66,254044,77,422289
51096,0.022477,74.125.200.0-255,2902,256946,77,422289
51097,0.022479,172.31.40.0-255,66,257012,77,422289
51098,0.024697,74.125.200.0-255,2902,259914,77,422289
51099,0.024712,172.31.40.0-255,66,259980,77,422289
51100,0.024744,74.125.200.0-255,2902,262882,77,422289
51101,0.024747,172.31.40.0-255,66,262948,77,422289
51102,0.026991,74.125.200.0-255,5738,268686,77,422289
51103,0.027006,172.31.40.0-255,66,268752,77,422289
51104,0.029251,74.125.200.0-255,5738,274490,77,422289
51105,0.029259,172.31.40.0-255,66,274556,77,422289
51106,0.031535,74.125.200.0-255,5738,280294,77,422289
51107,0.031552,172.31.40.0-255,66,280360,77,422289
51108,0.033813,74.125.200.0-255,5738,286098,77,422289
51109,0.033823,172.31.40.0-255,66,286164,77,422289
51110,0.036082,74.125.200.0-255,5738,291902,77,422289
51111,0.036091,172.31.40.0-255,66,291968,77,422289
51112,0.038368,74.125.200.0-255,5738,297706,77,422289
51113,0.038382,172.31.40.0-255,66,297772,77,422289
51114,0.040654,74.125.200.0-255,5738,303510,77,422289
51115,0.040677,172.31.40.0-255,66,303576,77,422289
51116,0.042929,74.125.200.0-255,5738,309314,77,422289
51117,0.042936,172.31.40.0-255,66,309380,77,422289
51118,0.043683,172.31.40.0-255,172,309552,77,422289
51119,0.043714,172.31.40.0-255,1121,310673,77,422289
51120,0.04377,172.31.40.0-255,1514,312187,77,422289
51121,0.043772,172.31.40.0-255,1274,313461,77,422289
51122,0.045202,74.125.200.0-255,5738,319199,77,422289
51123,0.045213,172.31.40.0-255,66,319265,77,422289
51124,0.045241,104.244.42.0-255,66,319331,77,422289
51125,0.045248,104.244.42.0-255,66,319397,77,422289
51126,0.045328,104.244.42.0-255,66,319463,77,422289
51127,0.047478,74.125.200.0-255,5738,325201,77,422289
51128,0.047491,172.31.40.0-255,66,325267,77,422289
51129,0.049784,74.125.200.0-255,5738,331005,77,422289
51130,0.049802,172.31.40.0-255,66,331071,77,422289
51131,0.052084,74.125.200.0-255,5738,336809,77,422289
51132,0.052101,172.31.40.0-255,66,336875,77,422289
51133,0.054376,74.125.200.0-255,5738,342613,77,422289
51134,0.054394,172.31.40.0-255,66,342679,77,422289
51135,0.056676,74.125.200.0-255,5738,348417,77,422289
51136,0.056693,172.31.40.0-255,66,348483,77,422289
51137,0.058982,74.125.200.0-255,5738,354221,77,422289
51138,0.059001,172.31.40.0-255,66,354287,77,422289
51139,0.061283,74.125.200.0-255,5738,360025,77,422289
51140,0.061299,172.31.40.0-255,66,360091,77,422289
51141,0.063567,74.125.200.0-255,5738,365829,77,422289
51142,0.063581,172.31.40.0-255,66,365895,77,422289
51143,0.065868,74.125.200.0-255,5738,371633,77,422289
51144,0.065883,172.31.40.0-255,66,371699,77,422289
51145,0.068151,74.125.200.0-255,5738,377437,77,422289
51146,0.068157,172.31.40.0-255,66,377503,77,422289
51147,0.070435,74.125.200.0-255,5738,383241,77,422289
51148,0.070442,172.31.40.0-255,66,383307,77,422289
51149,0.072712,74.125.200.0-255,5738,389045,77,422289
51150,0.072718,172.31.40.0-255,66,389111,77,422289
51151,0.074992,74.125.200.0-255,5738,394849,77,422289
51152,0.074998,172.31.40.0-255,66,394915,77,422289
51153,0.077314,74.125.200.0-255,5738,400653,77,422289
51154,0.07732,172.31.40.0-255,66,400719,77,422289
51155,0.079593,74.125.200.0-255,5738,406457,77,422289
51156,0.079599,172.31.40.0-255,66,406523,77,422289
51157,0.081869,74.125.200.0-255,5738,412261,77,422289
51158,0.081876,172.31.40.0-255,66,412327,77,422289
51159,0.084144,74.125.200.0-255,5738,418065,77,422289
51160,0.084152,172.31.40.0-255,66,418131,77,422289
51161,0.08641,74.125.200.0-255,3921,422052,77,422289
51162,0.086416,172.31.40.0-255,66,422118,77,422289
51163,0.0866,172.31.40.0-255,105,422223,77,422289
51164,0.088827,74.125.200.0-255,66,422289,77,422289
51165,0.0,172.217.194.0-255,150,150,77,416959
51166,2.5e-05,172.31.40.0-255,66,216,77,416959
51167,3.2e-05,172.217.194.0-255,1484,1700,77,416959
51168,3.6e-05,172.31.40.0-255,66,1766,77,416959
51169,5e-05,172.217.194.0-255,2902,4668,77,416959
51170,5.4e-05,172.31.40.0-255,66,4734,77,416959
51171,6.2e-05,172.217.194.0-255,7156,11890,77,416959
51172,6.5e-05,172.31.40.0-255,66,11956,77,416959
51173,7.7e-05,172.217.194.0-255,11948,23904,77,416959
51174,8.1e-05,172.31.40.0-255,66,23970,77,416959
51175,8.6e-05,172.217.194.0-255,4320,28290,77,416959
51176,8.9e-05,172.31.40.0-255,66,28356,77,416959
51177,0.000112,172.217.194.0-255,2543,30899,77,416959
51178,0.000119,172.31.40.0-255,66,30965,77,416959
51179,0.000139,172.217.194.0-255,1484,32449,77,416959
51180,0.000142,172.31.40.0-255,66,32515,77,416959
51181,0.000147,172.217.194.0-255,2902,35417,77,416959
51182,0.00015,172.31.40.0-255,66,35483,77,416959
51183,0.000183,172.217.194.0-255,5738,41221,77,416959
51184,0.000186,172.31.40.0-255,66,41287,77,416959
51185,0.000194,172.217.194.0-255,6797,48084,77,416959
51186,0.000196,172.31.40.0-255,66,48150,77,416959
51187,0.000757,172.217.194.0-255,1484,49634,77,416959
51188,0.000763,172.31.40.0-255,66,49700,77,416959
51189,0.00077,172.217.194.0-255,2902,52602,77,416959
51190,0.000772,172.31.40.0-255,66,52668,77,416959
51191,0.000785,172.217.194.0-255,5738,58406,77,416959
51192,0.000788,172.31.40.0-255,66,58472,77,416959
51193,0.000796,172.217.194.0-255,6797,65269,77,416959
51194,0.000798,172.31.40.0-255,66,65335,77,416959
51195,0.000913,172.217.194.0-255,1484,66819,77,416959
51196,0.000917,172.31.40.0-255,66,66885,77,416959
51197,0.000923,172.217.194.0-255,2902,69787,77,416959
51198,0.000925,172.31.40.0-255,66,69853,77,416959
51199,0.000934,172.217.194.0-255,1484,71337,77,416959
51200,0.000955,172.217.194.0-255,4320,75657,77,416959
51201,0.000958,172.31.40.0-255,66,75723,77,416959
51202,0.000964,172.217.194.0-255,4320,80043,77,416959
51203,0.000966,172.31.40.0-255,66,80109,77,416959
51204,0.000995,172.217.194.0-255,4320,84429,77,416959
51205,0.000997,172.31.40.0-255,66,84495,77,416959
51206,0.001035,172.217.194.0-255,8215,92710,77,416959
51207,0.001038,172.31.40.0-255,66,92776,77,416959
51208,0.001041,172.217.194.0-255,1484,94260,77,416959
51209,0.001048,172.217.194.0-255,5379,99639,77,416959
51210,0.001055,172.31.40.0-255,66,99705,77,416959
51211,0.001174,172.217.194.0-255,646,100351,77,416959
51212,0.001362,172.217.194.0-255,1484,101835,77,416959
51213,0.001367,172.31.40.0-255,66,101901,77,416959
51214,0.001371,172.217.194.0-255,1484,103385,77,416959
51215,0.001394,172.217.194.0-255,1484,104869,77,416959
51216,0.001397,172.31.40.0-255,66,104935,77,416959
51217,0.001404,172.217.194.0-255,5738,110673,77,416959
51218,0.001406,172.31.40.0-255,66,110739,77,416959
51219,0.001415,172.217.194.0-255,2902,113641,77,416959
51220,0.001417,172.31.40.0-255,66,113707,77,416959
51221,0.001446,172.217.194.0-255,7156,120863,77,416959
51222,0.001448,172.31.40.0-255,66,120929,77,416959
51223,0.001483,172.217.194.0-255,2902,123831,77,416959
51224,0.001486,172.31.40.0-255,66,123897,77,416959
51225,0.001503,172.217.194.0-255,10692,134589,77,416959
51226,0.001506,172.31.40.0-255,66,134655,77,416959
51227,0.00177,172.217.194.0-255,1484,136139,77,416959
51228,0.001777,172.217.194.0-255,2902,139041,77,416959
51229,0.00178,172.31.40.0-255,66,139107,77,416959
51230,0.001785,172.217.194.0-255,2902,142009,77,416959
51231,0.001787,172.31.40.0-255,66,142075,77,416959
51232,0.001806,172.217.194.0-255,2902,144977,77,416959
51233,0.001808,172.31.40.0-255,66,145043,77,416959
51234,0.00182,172.217.194.0-255,7156,152199,77,416959
51235,0.001822,172.31.40.0-255,66,152265,77,416959
51236,0.001852,172.217.194.0-255,5738,158003,77,416959
51237,0.001855,172.31.40.0-255,66,158069,77,416959
51238,0.001862,172.217.194.0-255,5738,163807,77,416959
51239,0.001864,172.31.40.0-255,66,163873,77,416959
51240,0.001893,172.217.194.0-255,5020,168893,77,416959
51241,0.001908,172.217.194.0-255,11410,180303,77,416959
51242,0.001912,172.217.194.0-255,4320,184623,77,416959
51243,0.001916,172.31.40.0-255,66,184689,77,416959
51244,0.001924,172.31.40.0-255,66,184755,77,416959
51245,0.001931,172.31.40.0-255,66,184821,77,416959
51246,0.001937,172.217.194.0-255,5738,190559,77,416959
51247,0.00194,172.31.40.0-255,66,190625,77,416959
51248,0.001962,172.217.194.0-255,1484,192109,77,416959
51249,0.001998,172.217.194.0-255,10692,202801,77,416959
51250,0.002002,172.31.40.0-255,66,202867,77,416959
51251,0.002005,172.217.194.0-255,1484,204351,77,416959
51252,0.002035,172.217.194.0-255,7156,211507,77,416959
51253,0.002038,172.31.40.0-255,66,211573,77,416959
51254,0.002048,172.217.194.0-255,9992,221565,77,416959
51255,0.002054,172.31.40.0-255,66,221631,77,416959
51256,0.002057,172.217.194.0-255,1484,223115,77,416959
51257,0.002082,172.217.194.0-255,5738,228853,77,416959
51258,0.002085,172.31.40.0-255,66,228919,77,416959
51259,0.002118,172.217.194.0-255,7856,236775,77,416959
51260,0.002121,172.31.40.0-255,66,236841,77,416959
51261,0.002144,172.217.194.0-255,1484,238325,77,416959
51262,0.002157,172.217.194.0-255,2902,241227,77,416959
51263,0.00216,172.31.40.0-255,66,241293,77,416959
51264,0.002164,172.217.194.0-255,2902,244195,77,416959
51265,0.002166,172.31.40.0-255,66,244261,77,416959
51266,0.002191,172.217.194.0-255,2902,247163,77,416959
51267,0.002195,172.217.194.0-255,2902,250065,77,416959
51268,0.002199,172.31.40.0-255,66,250131,77,416959
51269,0.002201,172.31.40.0-255,66,250197,77,416959
51270,0.002241,172.217.194.0-255,9992,260189,77,416959
51271,0.002245,172.31.40.0-255,66,260255,77,416959
51272,0.002255,172.217.194.0-255,10692,270947,77,416959
51273,0.002258,172.31.40.0-255,66,271013,77,416959
51274,0.002312,172.217.194.0-255,1484,272497,77,416959
51275,0.002317,172.217.194.0-255,2902,275399,77,416959
51276,0.00232,172.31.40.0-255,66,275465,77,416959
51277,0.002328,172.217.194.0-255,5738,281203,77,416959
51278,0.002331,172.31.40.0-255,66,281269,77,416959
51279,0.002395,172.217.194.0-255,7156,288425,77,416959
51280,0.002398,172.31.40.0-255,66,288491,77,416959
51281,0.002424,172.217.194.0-255,5738,294229,77,416959
51282,0.002427,172.31.40.0-255,66,294295,77,416959
51283,0.002442,172.217.194.0-255,10692,304987,77,416959
51284,0.002444,172.31.40.0-255,66,305053,77,416959
51285,0.004792,172.217.194.0-255,5738,310791,77,416959
51286,0.0048,172.31.40.0-255,66,310857,77,416959
51287,0.007127,172.217.194.0-255,5738,316595,77,416959
51288,0.007132,172.31.40.0-255,66,316661,77,416959
51289,0.009503,172.217.194.0-255,5738,322399,77,416959
51290,0.009524,172.31.40.0-255,66,322465,77,416959
51291,0.011893,172.217.194.0-255,5738,328203,77,416959
51292,0.011903,172.31.40.0-255,66,328269,77,416959
51293,0.01427,172.217.194.0-255,5738,334007,77,416959
51294,0.014282,172.31.40.0-255,66,334073,77,416959
51295,0.016618,172.217.194.0-255,5738,339811,77,416959
51296,0.01663,172.31.40.0-255,66,339877,77,416959
51297,0.018997,172.217.194.0-255,5738,345615,77,416959
51298,0.019011,172.31.40.0-255,66,345681,77,416959
51299,0.021367,172.217.194.0-255,5738,351419,77,416959
51300,0.021376,172.31.40.0-255,66,351485,77,416959
51301,0.02371,172.217.194.0-255,5738,357223,77,416959
51302,0.023719,172.31.40.0-255,66,357289,77,416959
51303,0.026065,172.217.194.0-255,5738,363027,77,416959
51304,0.026075,172.31.40.0-255,66,363093,77,416959
51305,0.028441,172.217.194.0-255,5738,368831,77,416959
51306,0.028453,172.31.40.0-255,66,368897,77,416959
51307,0.030786,172.217.194.0-255,5738,374635,77,416959
51308,0.030793,172.31.40.0-255,66,374701,77,416959
51309,0.033149,172.217.194.0-255,5738,380439,77,416959
51310,0.033162,172.31.40.0-255,66,380505,77,416959
51311,0.035519,172.217.194.0-255,5738,386243,77,416959
51312,0.035527,172.31.40.0-255,66,386309,77,416959
51313,0.03787,172.217.194.0-255,5738,392047,77,416959
51314,0.037877,172.31.40.0-255,66,392113,77,416959
51315,0.040232,172.217.194.0-255,5738,397851,77,416959
51316,0.040245,172.31.40.0-255,66,397917,77,416959
51317,0.042608,172.217.194.0-255,5738,403655,77,416959
51318,0.042626,172.31.40.0-255,66,403721,77,416959
51319,0.044956,172.217.194.0-255,5738,409459,77,416959
51320,0.044963,172.31.40.0-255,66,409525,77,416959
51321,0.047304,172.217.194.0-255,3872,413397,77,416959
51322,0.047316,172.31.40.0-255,66,413463,77,416959
51323,0.047572,172.31.40.0-255,105,413568,77,416959
51324,0.049889,172.217.194.0-255,66,413634,77,416959
51325,0.062569,172.31.40.0-255,172,413806,77,416959
51326,0.062605,172.31.40.0-255,1116,414922,77,416959
51327,0.062673,172.31.40.0-255,1514,416436,77,416959
51328,0.062674,172.31.40.0-255,325,416761,77,416959
51329,0.064137,104.244.42.0-255,66,416827,77,416959
51330,0.064147,104.244.42.0-255,66,416893,77,416959
51331,0.064224,104.244.42.0-255,66,416959,77,416959
51332,0.0,172.31.40.0-255,105,105,77,459
51333,0.000264,172.31.40.0-255,90,195,77,459
51334,0.000275,172.31.40.0-255,66,261,77,459
51335,0.002287,172.217.194.0-255,66,327,77,459
51336,0.002301,172.217.194.0-255,66,393,77,459
51337,0.002307,172.31.40.0-255,66,459,77,459
51338,0.0,172.31.40.0-255,105,105,77,210
51339,0.073451,31.13.82.0-255,105,210,77,210
51340,0.0,74.125.200.0-255,153,153,77,422916
51341,1.7e-05,172.31.40.0-255,66,219,77,422916
51342,2.3e-05,74.125.200.0-255,1484,1703,77,422916
51343,2.8e-05,172.31.40.0-255,66,1769,77,422916
51344,4e-05,74.125.200.0-255,2902,4671,77,422916
51345,4.3e-05,172.31.40.0-255,66,4737,77,422916
51346,4.6e-05,74.125.200.0-255,1484,6221,77,422916
51347,4.8e-05,172.31.40.0-255,66,6287,77,422916
51348,7.3e-05,74.125.200.0-255,4320,10607,77,422916
51349,8.1e-05,172.31.40.0-255,66,10673,77,422916
51350,8.8e-05,74.125.200.0-255,6248,16921,77,422916
51351,9.1e-05,172.31.40.0-255,66,16987,77,422916
51352,0.000129,74.125.200.0-255,9992,26979,77,422916
51353,0.000133,172.31.40.0-255,66,27045,77,422916
51354,0.000161,74.125.200.0-255,3961,31006,77,422916
51355,0.000163,172.31.40.0-255,66,31072,77,422916
51356,0.00023,74.125.200.0-255,1484,32556,77,422916
51357,0.000233,172.31.40.0-255,66,32622,77,422916
51358,0.000263,74.125.200.0-255,2902,35524,77,422916
51359,0.000265,172.31.40.0-255,66,35590,77,422916
51360,0.00029,74.125.200.0-255,4320,39910,77,422916
51361,0.000292,172.31.40.0-255,66,39976,77,422916
51362,0.000319,74.125.200.0-255,1484,41460,77,422916
51363,0.000321,172.31.40.0-255,66,41526,77,422916
51364,0.000326,74.125.200.0-255,2902,44428,77,422916
51365,0.000328,172.31.40.0-255,66,44494,77,422916
51366,0.000347,74.125.200.0-255,1484,45978,77,422916
51367,0.000352,172.31.40.0-255,66,46044,77,422916
51368,0.00039,74.125.200.0-255,5379,51423,77,422916
51369,0.000393,172.31.40.0-255,66,51489,77,422916
51370,0.0004,74.125.200.0-255,7156,58645,77,422916
51371,0.000403,172.31.40.0-255,66,58711,77,422916
51372,0.000415,74.125.200.0-255,7102,65813,77,422916
51373,0.000418,172.31.40.0-255,66,65879,77,422916
51374,0.000421,74.125.200.0-255,114,65993,77,422916
51375,0.000489,74.125.200.0-255,332,66325,77,422916
51376,0.000767,74.125.200.0-255,1484,67809,77,422916
51377,0.000771,172.31.40.0-255,66,67875,77,422916
51378,0.000793,74.125.200.0-255,2902,70777,77,422916
51379,0.000796,172.31.40.0-255,66,70843,77,422916
51380,0.000799,74.125.200.0-255,1484,72327,77,422916
51381,0.000824,74.125.200.0-255,1484,73811,77,422916
51382,0.000826,172.31.40.0-255,66,73877,77,422916
51383,0.000832,74.125.200.0-255,4320,78197,77,422916
51384,0.000834,172.31.40.0-255,66,78263,77,422916
51385,0.00087,74.125.200.0-255,8574,86837,77,422916
51386,0.000873,172.31.40.0-255,66,86903,77,422916
51387,0.000879,74.125.200.0-255,4320,91223,77,422916
51388,0.000881,172.31.40.0-255,66,91289,77,422916
51389,0.000913,74.125.200.0-255,5738,97027,77,422916
51390,0.000916,172.31.40.0-255,66,97093,77,422916
51391,0.000921,74.125.200.0-255,3054,100147,77,422916
51392,0.000923,172.31.40.0-255,66,100213,77,422916
51393,0.001098,74.125.200.0-255,1484,101697,77,422916
51394,0.001112,74.125.200.0-255,2902,104599,77,422916
51395,0.001115,172.31.40.0-255,66,104665,77,422916
51396,0.001135,74.125.200.0-255,5738,110403,77,422916
51397,0.001139,172.31.40.0-255,66,110469,77,422916
51398,0.001176,74.125.200.0-255,12828,123297,77,422916
51399,0.001179,172.31.40.0-255,66,123363,77,422916
51400,0.001233,74.125.200.0-255,8574,131937,77,422916
51401,0.001237,172.31.40.0-255,66,132003,77,422916
51402,0.001261,74.125.200.0-255,2184,134187,77,422916
51403,0.001263,172.31.40.0-255,66,134253,77,422916
51404,0.003129,74.125.200.0-255,2902,137155,77,422916
51405,0.003136,172.31.40.0-255,66,137221,77,422916
51406,0.003164,74.125.200.0-255,2902,140123,77,422916
51407,0.003166,172.31.40.0-255,66,140189,77,422916
51408,0.005045,74.125.200.0-255,2902,143091,77,422916
51409,0.005048,172.31.40.0-255,66,143157,77,422916
51410,0.005067,74.125.200.0-255,2902,146059,77,422916
51411,0.005069,172.31.40.0-255,66,146125,77,422916
51412,0.006954,74.125.200.0-255,2902,149027,77,422916
51413,0.00696,172.31.40.0-255,66,149093,77,422916
51414,0.00699,74.125.200.0-255,2902,151995,77,422916
51415,0.006993,172.31.40.0-255,66,152061,77,422916
51416,0.008872,74.125.200.0-255,2902,154963,77,422916
51417,0.00888,172.31.40.0-255,66,155029,77,422916
51418,0.008912,74.125.200.0-255,2902,157931,77,422916
51419,0.008915,172.31.40.0-255,66,157997,77,422916
51420,0.010792,74.125.200.0-255,2902,160899,77,422916
51421,0.0108,172.31.40.0-255,66,160965,77,422916
51422,0.010833,74.125.200.0-255,2902,163867,77,422916
51423,0.010837,172.31.40.0-255,66,163933,77,422916
51424,0.012714,74.125.200.0-255,2902,166835,77,422916
51425,0.01272,172.31.40.0-255,66,166901,77,422916
51426,0.012752,74.125.200.0-255,2902,169803,77,422916
51427,0.012754,172.31.40.0-255,66,169869,77,422916
51428,0.014625,74.125.200.0-255,2902,172771,77,422916
51429,0.014635,172.31.40.0-255,66,172837,77,422916
51430,0.014668,74.125.200.0-255,2902,175739,77,422916
51431,0.01467,172.31.40.0-255,66,175805,77,422916
51432,0.016537,74.125.200.0-255,2902,178707,77,422916
51433,0.016544,172.31.40.0-255,66,178773,77,422916
51434,0.016576,74.125.200.0-255,2902,181675,77,422916
51435,0.016578,172.31.40.0-255,66,181741,77,422916
51436,0.018449,74.125.200.0-255,2902,184643,77,422916
51437,0.018455,172.31.40.0-255,66,184709,77,422916
51438,0.018482,74.125.200.0-255,2902,187611,77,422916
51439,0.018484,172.31.40.0-255,66,187677,77,422916
51440,0.020361,74.125.200.0-255,2902,190579,77,422916
51441,0.020368,172.31.40.0-255,66,190645,77,422916
51442,0.0204,74.125.200.0-255,2902,193547,77,422916
51443,0.020403,172.31.40.0-255,66,193613,77,422916
51444,0.022272,74.125.200.0-255,2902,196515,77,422916
51445,0.02228,172.31.40.0-255,66,196581,77,422916
51446,0.022308,74.125.200.0-255,2902,199483,77,422916
51447,0.022312,172.31.40.0-255,66,199549,77,422916
51448,0.024189,74.125.200.0-255,2902,202451,77,422916
51449,0.024195,172.31.40.0-255,66,202517,77,422916
51450,0.024213,74.125.200.0-255,2902,205419,77,422916
51451,0.024215,172.31.40.0-255,66,205485,77,422916
51452,0.025797,172.31.40.0-255,172,205657,77,422916
51453,0.025827,172.31.40.0-255,1120,206777,77,422916
51454,0.025888,172.31.40.0-255,1514,208291,77,422916
51455,0.025912,172.31.40.0-255,1275,209566,77,422916
51456,0.026103,74.125.200.0-255,2902,212468,77,422916
51457,0.026109,172.31.40.0-255,66,212534,77,422916
51458,0.026139,74.125.200.0-255,2902,215436,77,422916
51459,0.026143,172.31.40.0-255,66,215502,77,422916
51460,0.027375,104.244.42.0-255,66,215568,77,422916
51461,0.027405,104.244.42.0-255,66,215634,77,422916
51462,0.027494,104.244.42.0-255,66,215700,77,422916
51463,0.027536,104.244.42.0-255,66,215766,77,422916
51464,0.028022,74.125.200.0-255,2902,218668,77,422916
51465,0.028026,172.31.40.0-255,66,218734,77,422916
51466,0.028048,74.125.200.0-255,2902,221636,77,422916
51467,0.028051,172.31.40.0-255,66,221702,77,422916
51468,0.029935,74.125.200.0-255,2902,224604,77,422916
51469,0.029942,172.31.40.0-255,66,224670,77,422916
51470,0.029971,74.125.200.0-255,2902,227572,77,422916
51471,0.029974,172.31.40.0-255,66,227638,77,422916
51472,0.031847,74.125.200.0-255,2902,230540,77,422916
51473,0.031853,172.31.40.0-255,66,230606,77,422916
51474,0.031882,74.125.200.0-255,2902,233508,77,422916
51475,0.031884,172.31.40.0-255,66,233574,77,422916
51476,0.033795,74.125.200.0-255,5738,239312,77,422916
51477,0.033801,172.31.40.0-255,66,239378,77,422916
51478,0.035719,74.125.200.0-255,5738,245116,77,422916
51479,0.035725,172.31.40.0-255,66,245182,77,422916
51480,0.03765,74.125.200.0-255,5738,250920,77,422916
51481,0.037656,172.31.40.0-255,66,250986,77,422916
51482,0.039584,74.125.200.0-255,5738,256724,77,422916
51483,0.039593,172.31.40.0-255,66,256790,77,422916
51484,0.041504,74.125.200.0-255,5738,262528,77,422916
51485,0.04151,172.31.40.0-255,66,262594,77,422916
51486,0.043422,74.125.200.0-255,5738,268332,77,422916
51487,0.043427,172.31.40.0-255,66,268398,77,422916
51488,0.045336,74.125.200.0-255,5738,274136,77,422916
51489,0.045341,172.31.40.0-255,66,274202,77,422916
51490,0.047252,74.125.200.0-255,5738,279940,77,422916
51491,0.047257,172.31.40.0-255,66,280006,77,422916
51492,0.04918,74.125.200.0-255,5738,285744,77,422916
51493,0.049187,172.31.40.0-255,66,285810,77,422916
51494,0.051102,74.125.200.0-255,5738,291548,77,422916
51495,0.051107,172.31.40.0-255,66,291614,77,422916
51496,0.053026,74.125.200.0-255,5738,297352,77,422916
51497,0.053032,172.31.40.0-255,66,297418,77,422916
51498,0.054943,74.125.200.0-255,5738,303156,77,422916
51499,0.054948,172.31.40.0-255,66,303222,77,422916
51500,0.056889,74.125.200.0-255,5738,308960,77,422916
51501,0.056894,172.31.40.0-255,66,309026,77,422916
51502,0.058802,74.125.200.0-255,5738,314764,77,422916
51503,0.058807,172.31.40.0-255,66,314830,77,422916
51504,0.060727,74.125.200.0-255,5738,320568,77,422916
51505,0.060733,172.31.40.0-255,66,320634,77,422916
51506,0.062638,74.125.200.0-255,5738,326372,77,422916
51507,0.062643,172.31.40.0-255,66,326438,77,422916
51508,0.06455,74.125.200.0-255,5738,332176,77,422916
51509,0.064555,172.31.40.0-255,66,332242,77,422916
51510,0.066466,74.125.200.0-255,5738,337980,77,422916
51511,0.066473,172.31.40.0-255,66,338046,77,422916
51512,0.068389,74.125.200.0-255,5738,343784,77,422916
51513,0.068394,172.31.40.0-255,66,343850,77,422916
51514,0.070303,74.125.200.0-255,5738,349588,77,422916
51515,0.070309,172.31.40.0-255,66,349654,77,422916
51516,0.072237,74.125.200.0-255,5738,355392,77,422916
51517,0.072244,172.31.40.0-255,66,355458,77,422916
51518,0.074147,74.125.200.0-255,5738,361196,77,422916
51519,0.074152,172.31.40.0-255,66,361262,77,422916
51520,0.076073,74.125.200.0-255,5738,367000,77,422916
51521,0.076079,172.31.40.0-255,66,367066,77,422916
51522,0.078006,74.125.200.0-255,5738,372804,77,422916
51523,0.078012,172.31.40.0-255,66,372870,77,422916
51524,0.079938,74.125.200.0-255,5738,378608,77,422916
51525,0.079944,172.31.40.0-255,66,378674,77,422916
51526,0.081863,74.125.200.0-255,5738,384412,77,422916
51527,0.081868,172.31.40.0-255,66,384478,77,422916
51528,0.083791,74.125.200.0-255,5738,390216,77,422916
51529,0.083797,172.31.40.0-255,66,390282,77,422916
51530,0.085708,74.125.200.0-255,5738,396020,77,422916
51531,0.085713,172.31.40.0-255,66,396086,77,422916
51532,0.087631,74.125.200.0-255,5738,401824,77,422916
51533,0.087636,172.31.40.0-255,66,401890,77,422916
51534,0.089553,74.125.200.0-255,5738,407628,77,422916
51535,0.089559,172.31.40.0-255,66,407694,77,422916
51536,0.091476,74.125.200.0-255,5738,413432,77,422916
51537,0.091482,172.31.40.0-255,66,413498,77,422916
51538,0.093399,74.125.200.0-255,5738,419236,77,422916
51539,0.093405,172.31.40.0-255,66,419302,77,422916
51540,0.095307,74.125.200.0-255,3377,422679,77,422916
51541,0.095313,172.31.40.0-255,66,422745,77,422916
51542,0.095494,172.31.40.0-255,105,422850,77,422916
51543,0.097419,74.125.200.0-255,66,422916,77,422916
51544,0.0,172.217.194.0-255,292,292,77,346693
51545,2.5e-05,172.31.40.0-255,66,358,77,346693
51546,3.3e-05,172.217.194.0-255,1484,1842,77,346693
51547,3.8e-05,172.31.40.0-255,66,1908,77,346693
51548,4.2e-05,172.217.194.0-255,1484,3392,77,346693
51549,5.3e-05,172.31.40.0-255,66,3458,77,346693
51550,6.1e-05,172.217.194.0-255,4320,7778,77,346693
51551,6.5e-05,172.31.40.0-255,66,7844,77,346693
51552,7.2e-05,172.217.194.0-255,6194,14038,77,346693
51553,7.5e-05,172.31.40.0-255,66,14104,77,346693
51554,0.000177,172.217.194.0-255,1484,15588,77,346693
51555,0.000181,172.31.40.0-255,66,15654,77,346693
51556,0.000187,172.217.194.0-255,2902,18556,77,346693
51557,0.000189,172.31.40.0-255,66,18622,77,346693
51558,0.000216,172.217.194.0-255,2902,21524,77,346693
51559,0.000219,172.31.40.0-255,66,21590,77,346693
51560,0.000224,172.217.194.0-255,4320,25910,77,346693
51561,0.000227,172.31.40.0-255,66,25976,77,346693
51562,0.000254,172.217.194.0-255,2902,28878,77,346693
51563,0.000258,172.31.40.0-255,66,28944,77,346693
51564,0.000262,172.217.194.0-255,2543,31487,77,346693
51565,0.000264,172.31.40.0-255,66,31553,77,346693
51566,0.001048,172.217.194.0-255,1484,33037,77,346693
51567,0.001055,172.31.40.0-255,66,33103,77,346693
51568,0.001063,172.217.194.0-255,2902,36005,77,346693
51569,0.001065,172.31.40.0-255,66,36071,77,346693
51570,0.001079,172.217.194.0-255,5738,41809,77,346693
51571,0.001081,172.31.40.0-255,66,41875,77,346693
51572,0.001132,172.217.194.0-255,2902,44777,77,346693
51573,0.001134,172.31.40.0-255,66,44843,77,346693
51574,0.001168,172.217.194.0-255,3961,48804,77,346693
51575,0.001171,172.31.40.0-255,66,48870,77,346693
51576,0.001174,172.217.194.0-255,1484,50354,77,346693
51577,0.00118,172.217.194.0-255,2902,53256,77,346693
51578,0.001183,172.31.40.0-255,66,53322,77,346693
51579,0.001195,172.217.194.0-255,5738,59060,77,346693
51580,0.001197,172.31.40.0-255,66,59126,77,346693
51581,0.001219,172.217.194.0-255,2902,62028,77,346693
51582,0.001222,172.31.40.0-255,66,62094,77,346693
51583,0.001254,172.217.194.0-255,3961,66055,77,346693
51584,0.001258,172.31.40.0-255,66,66121,77,346693
51585,0.00178,172.217.194.0-255,647,66768,77,346693
51586,0.001968,172.217.194.0-255,1484,68252,77,346693
51587,0.001973,172.31.40.0-255,66,68318,77,346693
51588,0.00198,172.217.194.0-255,2902,71220,77,346693
51589,0.001983,172.31.40.0-255,66,71286,77,346693
51590,0.001986,172.217.194.0-255,1484,72770,77,346693
51591,0.002016,172.217.194.0-255,4320,77090,77,346693
51592,0.002019,172.31.40.0-255,66,77156,77,346693
51593,0.002031,172.217.194.0-255,12828,89984,77,346693
51594,0.002033,172.31.40.0-255,66,90050,77,346693
51595,0.002045,172.217.194.0-255,7156,97206,77,346693
51596,0.002047,172.31.40.0-255,66,97272,77,346693
51597,0.002072,172.217.194.0-255,1484,98756,77,346693
51598,0.002083,172.217.194.0-255,2184,100940,77,346693
51599,0.002086,172.31.40.0-255,66,101006,77,346693
51600,0.004356,172.217.194.0-255,1484,102490,77,346693
51601,0.004387,172.217.194.0-255,4320,106810,77,346693
51602,0.004392,172.31.40.0-255,66,106876,77,346693
51603,0.006699,172.217.194.0-255,5738,112614,77,346693
51604,0.006704,172.31.40.0-255,66,112680,77,346693
51605,0.009041,172.217.194.0-255,5738,118418,77,346693
51606,0.00905,172.31.40.0-255,66,118484,77,346693
51607,0.011355,172.217.194.0-255,5738,124222,77,346693
51608,0.011367,172.31.40.0-255,66,124288,77,346693
51609,0.013696,172.217.194.0-255,5738,130026,77,346693
51610,0.013708,172.31.40.0-255,66,130092,77,346693
51611,0.016004,172.217.194.0-255,5738,135830,77,346693
51612,0.016016,172.31.40.0-255,66,135896,77,346693
51613,0.018332,172.217.194.0-255,5738,141634,77,346693
51614,0.018343,172.31.40.0-255,66,141700,77,346693
51615,0.020666,172.217.194.0-255,5738,147438,77,346693
51616,0.02068,172.31.40.0-255,66,147504,77,346693
51617,0.022996,172.217.194.0-255,5738,153242,77,346693
51618,0.023008,172.31.40.0-255,66,153308,77,346693
51619,0.025317,172.217.194.0-255,5738,159046,77,346693
51620,0.025325,172.31.40.0-255,66,159112,77,346693
51621,0.026945,172.31.40.0-255,172,159284,77,346693
51622,0.026994,172.31.40.0-255,1119,160403,77,346693
51623,0.02704,172.31.40.0-255,1514,161917,77,346693
51624,0.027041,172.31.40.0-255,1514,163431,77,346693
51625,0.027043,172.31.40.0-255,1514,164945,77,346693
51626,0.027044,172.31.40.0-255,1056,166001,77,346693
51627,0.027661,172.217.194.0-255,1484,167485,77,346693
51628,0.02769,172.217.194.0-255,4320,171805,77,346693
51629,0.027695,172.31.40.0-255,66,171871,77,346693
51630,0.028554,104.244.42.0-255,66,171937,77,346693
51631,0.02859,104.244.42.0-255,66,172003,77,346693
51632,0.028672,104.244.42.0-255,66,172069,77,346693
51633,0.028693,104.244.42.0-255,66,172135,77,346693
51634,0.030007,172.217.194.0-255,5738,177873,77,346693
51635,0.030013,172.31.40.0-255,66,177939,77,346693
51636,0.030831,104.244.42.0-255,108,178047,77,346693
51637,0.030841,172.31.40.0-255,66,178113,77,346693
51638,0.032366,172.217.194.0-255,2902,181015,77,346693
51639,0.032372,172.31.40.0-255,66,181081,77,346693
51640,0.032402,172.217.194.0-255,2902,183983,77,346693
51641,0.032405,172.31.40.0-255,66,184049,77,346693
51642,0.034677,172.217.194.0-255,2902,186951,77,346693
51643,0.034683,172.31.40.0-255,66,187017,77,346693
51644,0.034714,172.217.194.0-255,2902,189919,77,346693
51645,0.034717,172.31.40.0-255,66,189985,77,346693
51646,0.03702,172.217.194.0-255,5738,195723,77,346693
51647,0.037028,172.31.40.0-255,66,195789,77,346693
51648,0.039384,172.217.194.0-255,5738,201527,77,346693
51649,0.039391,172.31.40.0-255,66,201593,77,346693
51650,0.04171,172.217.194.0-255,5738,207331,77,346693
51651,0.041717,172.31.40.0-255,66,207397,77,346693
51652,0.044034,172.217.194.0-255,5738,213135,77,346693
51653,0.044041,172.31.40.0-255,66,213201,77,346693
51654,0.046381,172.217.194.0-255,5738,218939,77,346693
51655,0.046388,172.31.40.0-255,66,219005,77,346693
51656,0.048714,172.217.194.0-255,5738,224743,77,346693
51657,0.048723,172.31.40.0-255,66,224809,77,346693
51658,0.05104,172.217.194.0-255,5738,230547,77,346693
51659,0.05105,172.31.40.0-255,66,230613,77,346693
51660,0.053381,172.217.194.0-255,5738,236351,77,346693
51661,0.053389,172.31.40.0-255,66,236417,77,346693
51662,0.055695,172.217.194.0-255,5738,242155,77,346693
51663,0.055702,172.31.40.0-255,66,242221,77,346693
51664,0.058038,172.217.194.0-255,5738,247959,77,346693
51665,0.058044,172.31.40.0-255,66,248025,77,346693
51666,0.060366,172.217.194.0-255,5738,253763,77,346693
51667,0.060372,172.31.40.0-255,66,253829,77,346693
51668,0.06271,172.217.194.0-255,5738,259567,77,346693
51669,0.062733,172.31.40.0-255,66,259633,77,346693
51670,0.065041,172.217.194.0-255,5738,265371,77,346693
51671,0.065058,172.31.40.0-255,66,265437,77,346693
51672,0.067383,172.217.194.0-255,5738,271175,77,346693
51673,0.067403,172.31.40.0-255,66,271241,77,346693
51674,0.069732,172.217.194.0-255,5738,276979,77,346693
51675,0.069753,172.31.40.0-255,66,277045,77,346693
51676,0.072098,172.217.194.0-255,5738,282783,77,346693
51677,0.072115,172.31.40.0-255,66,282849,77,346693
51678,0.074461,172.217.194.0-255,5738,288587,77,346693
51679,0.07448,172.31.40.0-255,66,288653,77,346693
51680,0.076781,172.217.194.0-255,5738,294391,77,346693
51681,0.076801,172.31.40.0-255,66,294457,77,346693
51682,0.079177,172.217.194.0-255,5738,300195,77,346693
51683,0.079195,172.31.40.0-255,66,300261,77,346693
51684,0.081524,172.217.194.0-255,5738,305999,77,346693
51685,0.081542,172.31.40.0-255,66,306065,77,346693
51686,0.083868,172.217.194.0-255,5738,311803,77,346693
51687,0.083892,172.31.40.0-255,66,311869,77,346693
51688,0.086246,172.217.194.0-255,5738,317607,77,346693
51689,0.086264,172.31.40.0-255,66,317673,77,346693
51690,0.088607,172.217.194.0-255,5738,323411,77,346693
51691,0.088629,172.31.40.0-255,66,323477,77,346693
51692,0.090978,172.217.194.0-255,5738,329215,77,346693
51693,0.090997,172.31.40.0-255,66,329281,77,346693
51694,0.093331,172.217.194.0-255,5738,335019,77,346693
51695,0.09335,172.31.40.0-255,66,335085,77,346693
51696,0.09568,172.217.194.0-255,5738,340823,77,346693
51697,0.095702,172.31.40.0-255,66,340889,77,346693
51698,0.098013,172.217.194.0-255,5738,346627,77,346693
51699,0.098035,172.31.40.0-255,66,346693,77,346693
51700,0.0,74.125.130.0-255,153,153,77,376155
51701,2.1e-05,172.31.40.0-255,66,219,77,376155
51702,2.7e-05,74.125.130.0-255,1484,1703,77,376155
51703,3.1e-05,172.31.40.0-255,66,1769,77,376155
51704,4.9e-05,74.125.130.0-255,2902,4671,77,376155
51705,5.1e-05,172.31.40.0-255,66,4737,77,376155
51706,5.4e-05,74.125.130.0-255,1484,6221,77,376155
51707,5.5e-05,172.31.40.0-255,66,6287,77,376155
51708,8e-05,74.125.130.0-255,2902,9189,77,376155
51709,8.2e-05,172.31.40.0-255,66,9255,77,376155
51710,0.000118,74.125.130.0-255,4874,14129,77,376155
51711,0.00012,172.31.40.0-255,66,14195,77,376155
51712,0.00029,74.125.130.0-255,1484,15679,77,376155
51713,0.000295,172.31.40.0-255,66,15745,77,376155
51714,0.000299,74.125.130.0-255,1484,17229,77,376155
51715,0.0003,172.31.40.0-255,66,17295,77,376155
51716,0.000314,74.125.130.0-255,1484,18779,77,376155
51717,0.000316,172.31.40.0-255,66,18845,77,376155
51718,0.000331,74.125.130.0-255,4320,23165,77,376155
51719,0.000334,172.31.40.0-255,66,23231,77,376155
51720,0.000368,74.125.130.0-255,5738,28969,77,376155
51721,0.00037,172.31.40.0-255,66,29035,77,376155
51722,0.000382,74.125.130.0-255,2543,31578,77,376155
51723,0.000385,172.31.40.0-255,66,31644,77,376155
51724,0.000419,74.125.130.0-255,1484,33128,77,376155
51725,0.000422,172.31.40.0-255,66,33194,77,376155
51726,0.000442,74.125.130.0-255,2902,36096,77,376155
51727,0.000444,172.31.40.0-255,66,36162,77,376155
51728,0.000457,74.125.130.0-255,1484,37646,77,376155
51729,0.000459,172.31.40.0-255,66,37712,77,376155
51730,0.000472,74.125.130.0-255,2902,40614,77,376155
51731,0.000475,172.31.40.0-255,66,40680,77,376155
51732,0.000527,74.125.130.0-255,1484,42164,77,376155
51733,0.000542,74.125.130.0-255,4320,46484,77,376155
51734,0.000551,172.31.40.0-255,66,46550,77,376155
51735,0.000559,74.125.130.0-255,2543,49093,77,376155
51736,0.000563,172.31.40.0-255,66,49159,77,376155
51737,0.000609,74.125.130.0-255,1484,50643,77,376155
51738,0.000633,74.125.130.0-255,2902,53545,77,376155
51739,0.000649,172.31.40.0-255,66,53611,77,376155
51740,0.000662,74.125.130.0-255,5738,59349,77,376155
51741,0.000679,172.31.40.0-255,66,59415,77,376155
51742,0.000685,74.125.130.0-255,1484,60899,77,376155
51743,0.000698,74.125.130.0-255,2902,63801,77,376155
51744,0.0007,172.31.40.0-255,66,63867,77,376155
51745,0.000729,74.125.130.0-255,2543,66410,77,376155
51746,0.000744,172.31.40.0-255,66,66476,77,376155
51747,0.000848,74.125.130.0-255,645,67121,77,376155
51748,0.000891,74.125.130.0-255,1484,68605,77,376155
51749,0.000907,74.125.130.0-255,4320,72925,77,376155
51750,0.00091,172.31.40.0-255,66,72991,77,376155
51751,0.000917,172.31.40.0-255,66,73057,77,376155
51752,0.000931,74.125.130.0-255,4320,77377,77,376155
51753,0.000949,172.31.40.0-255,66,77443,77,376155
51754,0.000964,74.125.130.0-255,4320,81763,77,376155
51755,0.000966,172.31.40.0-255,66,81829,77,376155
51756,0.000976,74.125.130.0-255,1484,83313,77,376155
51757,0.001004,74.125.130.0-255,1125,84438,77,376155
51758,0.001014,172.31.40.0-255,66,84504,77,376155
51759,0.001025,74.125.130.0-255,1484,85988,77,376155
51760,0.001038,74.125.130.0-255,2902,88890,77,376155
51761,0.001048,74.125.130.0-255,1484,90374,77,376155
51762,0.00105,172.31.40.0-255,66,90440,77,376155
51763,0.00108,74.125.130.0-255,2902,93342,77,376155
51764,0.001089,172.31.40.0-255,66,93408,77,376155
51765,0.001102,74.125.130.0-255,7156,100564,77,376155
51766,0.001137,172.31.40.0-255,66,100630,77,376155
51767,0.001163,74.125.130.0-255,1125,101755,77,376155
51768,0.001434,172.31.40.0-255,66,101821,77,376155
51769,0.001773,74.125.130.0-255,1484,103305,77,376155
51770,0.001782,74.125.130.0-255,2902,106207,77,376155
51771,0.001786,172.31.40.0-255,66,106273,77,376155
51772,0.001791,74.125.130.0-255,2902,109175,77,376155
51773,0.001793,172.31.40.0-255,66,109241,77,376155
51774,0.001815,74.125.130.0-255,2902,112143,77,376155
51775,0.001817,172.31.40.0-255,66,112209,77,376155
51776,0.001849,74.125.130.0-255,5738,117947,77,376155
51777,0.001852,172.31.40.0-255,66,118013,77,376155
51778,0.001875,74.125.130.0-255,7156,125169,77,376155
51779,0.00196,74.125.130.0-255,5738,130907,77,376155
51780,0.002009,74.125.130.0-255,2902,133809,77,376155
51781,0.002023,74.125.130.0-255,2184,135993,77,376155
51782,0.005852,172.31.40.0-255,66,136059,77,376155
51783,0.008195,74.125.130.0-255,5738,141797,77,376155
51784,0.008201,172.31.40.0-255,66,141863,77,376155
51785,0.010541,74.125.130.0-255,5738,147601,77,376155
51786,0.010553,172.31.40.0-255,66,147667,77,376155
51787,0.012884,74.125.130.0-255,5738,153405,77,376155
51788,0.012892,172.31.40.0-255,66,153471,77,376155
51789,0.015254,74.125.130.0-255,5738,159209,77,376155
51790,0.015263,172.31.40.0-255,66,159275,77,376155
51791,0.017602,74.125.130.0-255,5738,165013,77,376155
51792,0.017612,172.31.40.0-255,66,165079,77,376155
51793,0.019939,74.125.130.0-255,5738,170817,77,376155
51794,0.019947,172.31.40.0-255,66,170883,77,376155
51795,0.022321,74.125.130.0-255,5738,176621,77,376155
51796,0.022329,172.31.40.0-255,66,176687,77,376155
51797,0.024649,74.125.130.0-255,5738,182425,77,376155
51798,0.024656,172.31.40.0-255,66,182491,77,376155
51799,0.027013,74.125.130.0-255,5738,188229,77,376155
51800,0.027022,172.31.40.0-255,66,188295,77,376155
51801,0.029356,74.125.130.0-255,5738,194033,77,376155
51802,0.029364,172.31.40.0-255,66,194099,77,376155
51803,0.031703,74.125.130.0-255,5738,199837,77,376155
51804,0.031716,172.31.40.0-255,66,199903,77,376155
51805,0.034073,74.125.130.0-255,5738,205641,77,376155
51806,0.034082,172.31.40.0-255,66,205707,77,376155
51807,0.036422,74.125.130.0-255,5738,211445,77,376155
51808,0.03643,172.31.40.0-255,66,211511,77,376155
51809,0.037806,172.31.40.0-255,172,211683,77,376155
51810,0.037861,172.31.40.0-255,1120,212803,77,376155
51811,0.037929,172.31.40.0-255,1514,214317,77,376155
51812,0.037931,172.31.40.0-255,1514,215831,77,376155
51813,0.037932,172.31.40.0-255,1514,217345,77,376155
51814,0.037933,172.31.40.0-255,1514,218859,77,376155
51815,0.037961,172.31.40.0-255,1478,220337,77,376155
51816,0.038776,74.125.130.0-255,5738,226075,77,376155
51817,0.038783,172.31.40.0-255,66,226141,77,376155
51818,0.039375,104.244.42.0-255,66,226207,77,376155
51819,0.039442,104.244.42.0-255,66,226273,77,376155
51820,0.039501,104.244.42.0-255,66,226339,77,376155
51821,0.041161,74.125.130.0-255,5738,232077,77,376155
51822,0.04117,172.31.40.0-255,66,232143,77,376155
51823,0.04351,74.125.130.0-255,5738,237881,77,376155
51824,0.043516,172.31.40.0-255,66,237947,77,376155
51825,0.045849,74.125.130.0-255,5738,243685,77,376155
51826,0.045855,172.31.40.0-255,66,243751,77,376155
51827,0.048181,74.125.130.0-255,5738,249489,77,376155
51828,0.04819,172.31.40.0-255,66,249555,77,376155
51829,0.050535,74.125.130.0-255,5738,255293,77,376155
51830,0.050545,172.31.40.0-255,66,255359,77,376155
51831,0.052884,74.125.130.0-255,5738,261097,77,376155
51832,0.052891,172.31.40.0-255,66,261163,77,376155
51833,0.055238,74.125.130.0-255,5738,266901,77,376155
51834,0.055246,172.31.40.0-255,66,266967,77,376155
51835,0.057572,74.125.130.0-255,5738,272705,77,376155
51836,0.057579,172.31.40.0-255,66,272771,77,376155
51837,0.059917,74.125.130.0-255,5738,278509,77,376155
51838,0.059924,172.31.40.0-255,66,278575,77,376155
51839,0.062252,74.125.130.0-255,2902,281477,77,376155
51840,0.062258,172.31.40.0-255,66,281543,77,376155
51841,0.06228,74.125.130.0-255,2902,284445,77,376155
51842,0.062284,172.31.40.0-255,66,284511,77,376155
51843,0.064595,74.125.130.0-255,2902,287413,77,376155
51844,0.064602,172.31.40.0-255,66,287479,77,376155
51845,0.064625,74.125.130.0-255,2902,290381,77,376155
51846,0.064628,172.31.40.0-255,66,290447,77,376155
51847,0.066928,74.125.130.0-255,4320,294767,77,376155
51848,0.066934,172.31.40.0-255,66,294833,77,376155
51849,0.066954,74.125.130.0-255,1484,296317,77,376155
51850,0.069276,74.125.130.0-255,4320,300637,77,376155
51851,0.069286,172.31.40.0-255,66,300703,77,376155
51852,0.071623,74.125.130.0-255,5738,306441,77,376155
51853,0.071629,172.31.40.0-255,66,306507,77,376155
51854,0.073978,74.125.130.0-255,5738,312245,77,376155
51855,0.073985,172.31.40.0-255,66,312311,77,376155
51856,0.076322,74.125.130.0-255,5738,318049,77,376155
51857,0.076328,172.31.40.0-255,66,318115,77,376155
51858,0.078658,74.125.130.0-255,5738,323853,77,376155
51859,0.078664,172.31.40.0-255,66,323919,77,376155
51860,0.080992,74.125.130.0-255,5738,329657,77,376155
51861,0.080998,172.31.40.0-255,66,329723,77,376155
51862,0.083334,74.125.130.0-255,5738,335461,77,376155
51863,0.083341,172.31.40.0-255,66,335527,77,376155
51864,0.085682,74.125.130.0-255,5738,341265,77,376155
51865,0.085692,172.31.40.0-255,66,341331,77,376155
51866,0.088036,74.125.130.0-255,5738,347069,77,376155
51867,0.088042,172.31.40.0-255,66,347135,77,376155
51868,0.090383,74.125.130.0-255,5738,352873,77,376155
51869,0.090389,172.31.40.0-255,66,352939,77,376155
51870,0.092726,74.125.130.0-255,5738,358677,77,376155
51871,0.092733,172.31.40.0-255,66,358743,77,376155
51872,0.095066,74.125.130.0-255,5738,364481,77,376155
51873,0.095073,172.31.40.0-255,66,364547,77,376155
51874,0.097438,74.125.130.0-255,5738,370285,77,376155
51875,0.097446,172.31.40.0-255,66,370351,77,376155
51876,0.099789,74.125.130.0-255,5738,376089,77,376155
51877,0.099796,172.31.40.0-255,66,376155,77,376155
51878,0.0,74.125.24.0-255,152,152,77,409190
51879,2.1e-05,172.31.40.0-255,66,218,77,409190
51880,2.9e-05,74.125.24.0-255,1484,1702,77,409190
51881,3.4e-05,172.31.40.0-255,66,1768,77,409190
51882,4.7e-05,74.125.24.0-255,2902,4670,77,409190
51883,5e-05,172.31.40.0-255,66,4736,77,409190
51884,5.8e-05,74.125.24.0-255,7156,11892,77,409190
51885,6.1e-05,172.31.40.0-255,66,11958,77,409190
51886,6.5e-05,74.125.24.0-255,2002,13960,77,409190
51887,6.7e-05,172.31.40.0-255,66,14026,77,409190
51888,0.000102,74.125.24.0-255,11410,25436,77,409190
51889,0.000105,172.31.40.0-255,66,25502,77,409190
51890,0.000111,74.125.24.0-255,4320,29822,77,409190
51891,0.000113,172.31.40.0-255,66,29888,77,409190
51892,0.000145,74.125.24.0-255,1125,31013,77,409190
51893,0.000147,172.31.40.0-255,66,31079,77,409190
51894,0.00015,74.125.24.0-255,1484,32563,77,409190
51895,0.000152,172.31.40.0-255,66,32629,77,409190
51896,0.000184,74.125.24.0-255,4320,36949,77,409190
51897,0.000187,172.31.40.0-255,66,37015,77,409190
51898,0.000196,74.125.24.0-255,9992,47007,77,409190
51899,0.000199,172.31.40.0-255,66,47073,77,409190
51900,0.000206,74.125.24.0-255,1125,48198,77,409190
51901,0.000208,172.31.40.0-255,66,48264,77,409190
51902,0.0007,74.125.24.0-255,1484,49748,77,409190
51903,0.000705,172.31.40.0-255,66,49814,77,409190
51904,0.000711,74.125.24.0-255,2902,52716,77,409190
51905,0.000713,172.31.40.0-255,66,52782,77,409190
51906,0.000717,74.125.24.0-255,1484,54266,77,409190
51907,0.000724,172.31.40.0-255,66,54332,77,409190
51908,0.00075,74.125.24.0-255,4320,58652,77,409190
51909,0.000756,172.31.40.0-255,66,58718,77,409190
51910,0.000766,74.125.24.0-255,9992,68710,77,409190
51911,0.000769,172.31.40.0-255,66,68776,77,409190
51912,0.000793,74.125.24.0-255,3961,72737,77,409190
51913,0.000795,172.31.40.0-255,66,72803,77,409190
51914,0.000807,74.125.24.0-255,7156,79959,77,409190
51915,0.00081,172.31.40.0-255,66,80025,77,409190
51916,0.000818,74.125.24.0-255,9992,90017,77,409190
51917,0.00082,172.31.40.0-255,66,90083,77,409190
51918,0.000849,74.125.24.0-255,3961,94044,77,409190
51919,0.000852,172.31.40.0-255,66,94110,77,409190
51920,0.00088,74.125.24.0-255,5959,100069,77,409190
51921,0.000884,172.31.40.0-255,66,100135,77,409190
51922,0.00187,74.125.24.0-255,1484,101619,77,409190
51923,0.001882,74.125.24.0-255,2902,104521,77,409190
51924,0.001886,172.31.40.0-255,66,104587,77,409190
51925,0.001896,74.125.24.0-255,5738,110325,77,409190
51926,0.001898,172.31.40.0-255,66,110391,77,409190
51927,0.001946,74.125.24.0-255,12828,123219,77,409190
51928,0.001948,172.31.40.0-255,66,123285,77,409190
51929,0.001986,74.125.24.0-255,5738,129023,77,409190
51930,0.001988,172.31.40.0-255,66,129089,77,409190
51931,0.002017,74.125.24.0-255,5020,134109,77,409190
51932,0.002019,172.31.40.0-255,66,134175,77,409190
51933,0.002178,74.125.24.0-255,1484,135659,77,409190
51934,0.002208,74.125.24.0-255,1484,137143,77,409190
51935,0.002211,172.31.40.0-255,66,137209,77,409190
51936,0.002224,74.125.24.0-255,1484,138693,77,409190
51937,0.002236,74.125.24.0-255,4320,143013,77,409190
51938,0.002238,172.31.40.0-255,66,143079,77,409190
51939,0.002245,74.125.24.0-255,5738,148817,77,409190
51940,0.002246,172.31.40.0-255,66,148883,77,409190
51941,0.00229,74.125.24.0-255,5738,154621,77,409190
51942,0.002293,172.31.40.0-255,66,154687,77,409190
51943,0.002298,74.125.24.0-255,4320,159007,77,409190
51944,0.002301,172.31.40.0-255,66,159073,77,409190
51945,0.002328,74.125.24.0-255,2902,161975,77,409190
51946,0.002331,172.31.40.0-255,66,162041,77,409190
51947,0.002338,74.125.24.0-255,6438,168479,77,409190
51948,0.002339,172.31.40.0-255,66,168545,77,409190
51949,0.004656,74.125.24.0-255,4320,172865,77,409190
51950,0.004659,172.31.40.0-255,66,172931,77,409190
51951,0.004683,74.125.24.0-255,1484,174415,77,409190
51952,0.006976,74.125.24.0-255,4320,178735,77,409190
51953,0.006981,172.31.40.0-255,66,178801,77,409190
51954,0.009288,74.125.24.0-255,5738,184539,77,409190
51955,0.009296,172.31.40.0-255,66,184605,77,409190
51956,0.011629,74.125.24.0-255,5738,190343,77,409190
51957,0.011637,172.31.40.0-255,66,190409,77,409190
51958,0.013987,74.125.24.0-255,5738,196147,77,409190
51959,0.013994,172.31.40.0-255,66,196213,77,409190
51960,0.016321,74.125.24.0-255,5738,201951,77,409190
51961,0.016327,172.31.40.0-255,66,202017,77,409190
51962,0.018634,74.125.24.0-255,5738,207755,77,409190
51963,0.018641,172.31.40.0-255,66,207821,77,409190
51964,0.020972,74.125.24.0-255,5738,213559,77,409190
51965,0.02098,172.31.40.0-255,66,213625,77,409190
51966,0.02328,74.125.24.0-255,5738,219363,77,409190
51967,0.023287,172.31.40.0-255,66,219429,77,409190
51968,0.025286,172.31.40.0-255,172,219601,77,409190
51969,0.025317,172.31.40.0-255,1116,220717,77,409190
51970,0.025383,172.31.40.0-255,1514,222231,77,409190
51971,0.025385,172.31.40.0-255,1514,223745,77,409190
51972,0.025386,172.31.40.0-255,871,224616,77,409190
51973,0.025587,74.125.24.0-255,5738,230354,77,409190
51974,0.025593,172.31.40.0-255,66,230420,77,409190
51975,0.02758,104.244.42.0-255,66,230486,77,409190
51976,0.027908,74.125.24.0-255,2902,233388,77,409190
51977,0.027913,172.31.40.0-255,66,233454,77,409190
51978,0.027944,74.125.24.0-255,2902,236356,77,409190
51979,0.027947,172.31.40.0-255,66,236422,77,409190
51980,0.030248,74.125.24.0-255,4320,240742,77,409190
51981,0.030255,172.31.40.0-255,66,240808,77,409190
51982,0.030284,74.125.24.0-255,1484,242292,77,409190
51983,0.032579,74.125.24.0-255,4320,246612,77,409190
51984,0.032585,172.31.40.0-255,66,246678,77,409190
51985,0.034926,74.125.24.0-255,5738,252416,77,409190
51986,0.034932,172.31.40.0-255,66,252482,77,409190
51987,0.037288,74.125.24.0-255,5738,258220,77,409190
51988,0.037296,172.31.40.0-255,66,258286,77,409190
51989,0.039648,74.125.24.0-255,5738,264024,77,409190
51990,0.039667,172.31.40.0-255,66,264090,77,409190
51991,0.042023,74.125.24.0-255,5738,269828,77,409190
51992,0.042039,172.31.40.0-255,66,269894,77,409190
51993,0.044365,74.125.24.0-255,5738,275632,77,409190
51994,0.04438,172.31.40.0-255,66,275698,77,409190
51995,0.046716,74.125.24.0-255,5738,281436,77,409190
51996,0.046734,172.31.40.0-255,66,281502,77,409190
51997,0.049054,74.125.24.0-255,5738,287240,77,409190
51998,0.049061,172.31.40.0-255,66,287306,77,409190
51999,0.051436,74.125.24.0-255,5738,293044,77,409190
52000,0.051452,172.31.40.0-255,66,293110,77,409190
52001,0.05383,74.125.24.0-255,5738,298848,77,409190
52002,0.053852,172.31.40.0-255,66,298914,77,409190
52003,0.056197,74.125.24.0-255,5738,304652,77,409190
52004,0.056216,172.31.40.0-255,66,304718,77,409190
52005,0.058582,74.125.24.0-255,5738,310456,77,409190
52006,0.0586,172.31.40.0-255,66,310522,77,409190
52007,0.060971,74.125.24.0-255,5738,316260,77,409190
52008,0.060987,172.31.40.0-255,66,316326,77,409190
52009,0.063301,74.125.24.0-255,5738,322064,77,409190
52010,0.06331,172.31.40.0-255,66,322130,77,409190
52011,0.065686,74.125.24.0-255,5738,327868,77,409190
52012,0.065692,172.31.40.0-255,66,327934,77,409190
52013,0.068006,74.125.24.0-255,5738,333672,77,409190
52014,0.068013,172.31.40.0-255,66,333738,77,409190
52015,0.070384,74.125.24.0-255,5738,339476,77,409190
52016,0.070394,172.31.40.0-255,66,339542,77,409190
52017,0.07272,74.125.24.0-255,5738,345280,77,409190
52018,0.072726,172.31.40.0-255,66,345346,77,409190
52019,0.075047,74.125.24.0-255,5738,351084,77,409190
52020,0.075054,172.31.40.0-255,66,351150,77,409190
52021,0.077434,74.125.24.0-255,5738,356888,77,409190
52022,0.077441,172.31.40.0-255,66,356954,77,409190
52023,0.079762,74.125.24.0-255,5738,362692,77,409190
52024,0.079769,172.31.40.0-255,66,362758,77,409190
52025,0.082117,74.125.24.0-255,5738,368496,77,409190
52026,0.082124,172.31.40.0-255,66,368562,77,409190
52027,0.084454,74.125.24.0-255,5738,374300,77,409190
52028,0.084464,172.31.40.0-255,66,374366,77,409190
52029,0.086811,74.125.24.0-255,5738,380104,77,409190
52030,0.086818,172.31.40.0-255,66,380170,77,409190
52031,0.089186,74.125.24.0-255,5738,385908,77,409190
52032,0.089196,172.31.40.0-255,66,385974,77,409190
52033,0.091537,74.125.24.0-255,5738,391712,77,409190
52034,0.091544,172.31.40.0-255,66,391778,77,409190
52035,0.093882,74.125.24.0-255,5738,397516,77,409190
52036,0.093891,172.31.40.0-255,66,397582,77,409190
52037,0.096215,74.125.24.0-255,5738,403320,77,409190
52038,0.096222,172.31.40.0-255,66,403386,77,409190
52039,0.098594,74.125.24.0-255,5738,409124,77,409190
52040,0.098602,172.31.40.0-255,66,409190,77,409190
52041,0.0,172.217.26.0-255,153,153,77,359199
52042,2e-05,172.31.40.0-255,66,219,77,359199
52043,2.7e-05,172.217.26.0-255,1484,1703,77,359199
52044,3.2e-05,172.31.40.0-255,66,1769,77,359199
52045,3.9e-05,172.217.26.0-255,2902,4671,77,359199
52046,5.2e-05,172.31.40.0-255,66,4737,77,359199
52047,6e-05,172.217.26.0-255,7156,11893,77,359199
52048,6.3e-05,172.31.40.0-255,66,11959,77,359199
52049,6.7e-05,172.217.26.0-255,1940,13899,77,359199
52050,7e-05,172.31.40.0-255,66,13965,77,359199
52051,8.9e-05,172.217.26.0-255,1484,15449,77,359199
52052,9.5e-05,172.31.40.0-255,66,15515,77,359199
52053,0.000101,172.217.26.0-255,2902,18417,77,359199
52054,0.000104,172.31.40.0-255,66,18483,77,359199
52055,0.00011,172.217.26.0-255,5738,24221,77,359199
52056,0.000113,172.31.40.0-255,66,24287,77,359199
52057,0.000144,172.217.26.0-255,1484,25771,77,359199
52058,0.000147,172.31.40.0-255,66,25837,77,359199
52059,0.00018,172.217.26.0-255,5379,31216,77,359199
52060,0.000183,172.31.40.0-255,66,31282,77,359199
52061,0.000373,172.217.26.0-255,1484,32766,77,359199
52062,0.000378,172.31.40.0-255,66,32832,77,359199
52063,0.000384,172.217.26.0-255,2902,35734,77,359199
52064,0.000387,172.31.40.0-255,66,35800,77,359199
52065,0.000392,172.217.26.0-255,4320,40120,77,359199
52066,0.0004,172.31.40.0-255,66,40186,77,359199
52067,0.000407,172.217.26.0-255,5738,45924,77,359199
52068,0.00041,172.31.40.0-255,66,45990,77,359199
52069,0.000445,172.217.26.0-255,12469,58459,77,359199
52070,0.000448,172.31.40.0-255,66,58525,77,359199
52071,0.00046,172.217.26.0-255,6797,65322,77,359199
52072,0.000462,172.31.40.0-255,66,65388,77,359199
52073,0.002369,172.217.26.0-255,646,66034,77,359199
52074,0.002605,172.217.26.0-255,1484,67518,77,359199
52075,0.00261,172.31.40.0-255,66,67584,77,359199
52076,0.00263,172.217.26.0-255,2902,70486,77,359199
52077,0.002633,172.31.40.0-255,66,70552,77,359199
52078,0.004539,172.217.26.0-255,2902,73454,77,359199
52079,0.004542,172.31.40.0-255,66,73520,77,359199
52080,0.004573,172.217.26.0-255,2902,76422,77,359199
52081,0.004575,172.31.40.0-255,66,76488,77,359199
52082,0.006482,172.217.26.0-255,2902,79390,77,359199
52083,0.006489,172.31.40.0-255,66,79456,77,359199
52084,0.006516,172.217.26.0-255,2902,82358,77,359199
52085,0.006519,172.31.40.0-255,66,82424,77,359199
52086,0.008426,172.217.26.0-255,2902,85326,77,359199
52087,0.008432,172.31.40.0-255,66,85392,77,359199
52088,0.008465,172.217.26.0-255,2902,88294,77,359199
52089,0.008468,172.31.40.0-255,66,88360,77,359199
52090,0.010375,172.217.26.0-255,2902,91262,77,359199
52091,0.010382,172.31.40.0-255,66,91328,77,359199
52092,0.010417,172.217.26.0-255,2902,94230,77,359199
52093,0.01042,172.31.40.0-255,66,94296,77,359199
52094,0.012327,172.217.26.0-255,2902,97198,77,359199
52095,0.012333,172.31.40.0-255,66,97264,77,359199
52096,0.012347,172.217.26.0-255,2902,100166,77,359199
52097,0.012352,172.31.40.0-255,66,100232,77,359199
52098,0.014274,172.217.26.0-255,5738,105970,77,359199
52099,0.014282,172.31.40.0-255,66,106036,77,359199
52100,0.016229,172.217.26.0-255,5738,111774,77,359199
52101,0.016236,172.31.40.0-255,66,111840,77,359199
52102,0.018175,172.217.26.0-255,5738,117578,77,359199
52103,0.018183,172.31.40.0-255,66,117644,77,359199
52104,0.020126,172.217.26.0-255,5738,123382,77,359199
52105,0.020132,172.31.40.0-255,66,123448,77,359199
52106,0.022075,172.217.26.0-255,5738,129186,77,359199
52107,0.022083,172.31.40.0-255,66,129252,77,359199
52108,0.024022,172.217.26.0-255,5738,134990,77,359199
52109,0.024029,172.31.40.0-255,66,135056,77,359199
52110,0.02598,172.217.26.0-255,5738,140794,77,359199
52111,0.025988,172.31.40.0-255,66,140860,77,359199
52112,0.027488,172.31.40.0-255,176,141036,77,359199
52113,0.027519,172.31.40.0-255,1119,142155,77,359199
52114,0.027583,172.31.40.0-255,1514,143669,77,359199
52115,0.027585,172.31.40.0-255,1276,144945,77,359199
52116,0.027928,172.217.26.0-255,5738,150683,77,359199
52117,0.027936,172.31.40.0-255,66,150749,77,359199
52118,0.029021,104.244.42.0-255,66,150815,77,359199
52119,0.029056,104.244.42.0-255,66,150881,77,359199
52120,0.029161,104.244.42.0-255,66,150947,77,359199
52121,0.029878,172.217.26.0-255,5738,156685,77,359199
52122,0.029884,172.31.40.0-255,66,156751,77,359199
52123,0.031832,172.217.26.0-255,5738,162489,77,359199
52124,0.031839,172.31.40.0-255,66,162555,77,359199
52125,0.033804,172.217.26.0-255,5738,168293,77,359199
52126,0.033811,172.31.40.0-255,66,168359,77,359199
52127,0.035817,172.217.26.0-255,5738,174097,77,359199
52128,0.035825,172.31.40.0-255,66,174163,77,359199
52129,0.037774,172.217.26.0-255,5738,179901,77,359199
52130,0.037781,172.31.40.0-255,66,179967,77,359199
52131,0.039724,172.217.26.0-255,5738,185705,77,359199
52132,0.039731,172.31.40.0-255,66,185771,77,359199
52133,0.041679,172.217.26.0-255,5738,191509,77,359199
52134,0.041686,172.31.40.0-255,66,191575,77,359199
52135,0.04364,172.217.26.0-255,5738,197313,77,359199
52136,0.043648,172.31.40.0-255,66,197379,77,359199
52137,0.045615,172.217.26.0-255,5738,203117,77,359199
52138,0.04562,172.31.40.0-255,66,203183,77,359199
52139,0.047571,172.217.26.0-255,5738,208921,77,359199
52140,0.047578,172.31.40.0-255,66,208987,77,359199
52141,0.049517,172.217.26.0-255,5738,214725,77,359199
52142,0.049523,172.31.40.0-255,66,214791,77,359199
52143,0.051459,172.217.26.0-255,2902,217693,77,359199
52144,0.051465,172.31.40.0-255,66,217759,77,359199
52145,0.051495,172.217.26.0-255,2902,220661,77,359199
52146,0.051499,172.31.40.0-255,66,220727,77,359199
52147,0.053413,172.217.26.0-255,2902,223629,77,359199
52148,0.05342,172.31.40.0-255,66,223695,77,359199
52149,0.053449,172.217.26.0-255,2902,226597,77,359199
52150,0.053452,172.31.40.0-255,66,226663,77,359199
52151,0.055364,172.217.26.0-255,2902,229565,77,359199
52152,0.05537,172.31.40.0-255,66,229631,77,359199
52153,0.055404,172.217.26.0-255,2902,232533,77,359199
52154,0.055407,172.31.40.0-255,66,232599,77,359199
52155,0.05732,172.217.26.0-255,2902,235501,77,359199
52156,0.057326,172.31.40.0-255,66,235567,77,359199
52157,0.057357,172.217.26.0-255,2902,238469,77,359199
52158,0.05736,172.31.40.0-255,66,238535,77,359199
52159,0.059269,172.217.26.0-255,2902,241437,77,359199
52160,0.059274,172.31.40.0-255,66,241503,77,359199
52161,0.0593,172.217.26.0-255,2902,244405,77,359199
52162,0.059303,172.31.40.0-255,66,244471,77,359199
52163,0.061215,172.217.26.0-255,4320,248791,77,359199
52164,0.061222,172.31.40.0-255,66,248857,77,359199
52165,0.061248,172.217.26.0-255,1484,250341,77,359199
52166,0.063216,172.217.26.0-255,4320,254661,77,359199
52167,0.063222,172.31.40.0-255,66,254727,77,359199
52168,0.065184,172.217.26.0-255,5738,260465,77,359199
52169,0.065204,172.31.40.0-255,66,260531,77,359199
52170,0.067156,172.217.26.0-255,5738,266269,77,359199
52171,0.067172,172.31.40.0-255,66,266335,77,359199
52172,0.069112,172.217.26.0-255,5738,272073,77,359199
52173,0.069122,172.31.40.0-255,66,272139,77,359199
52174,0.071072,172.217.26.0-255,5738,277877,77,359199
52175,0.071084,172.31.40.0-255,66,277943,77,359199
52176,0.073041,172.217.26.0-255,5738,283681,77,359199
52177,0.073054,172.31.40.0-255,66,283747,77,359199
52178,0.074994,172.217.26.0-255,5738,289485,77,359199
52179,0.075001,172.31.40.0-255,66,289551,77,359199
52180,0.076949,172.217.26.0-255,5738,295289,77,359199
52181,0.076957,172.31.40.0-255,66,295355,77,359199
52182,0.078908,172.217.26.0-255,5738,301093,77,359199
52183,0.078923,172.31.40.0-255,66,301159,77,359199
52184,0.080896,172.217.26.0-255,5738,306897,77,359199
52185,0.080912,172.31.40.0-255,66,306963,77,359199
52186,0.082877,172.217.26.0-255,5738,312701,77,359199
52187,0.082893,172.31.40.0-255,66,312767,77,359199
52188,0.084862,172.217.26.0-255,5738,318505,77,359199
52189,0.08488,172.31.40.0-255,66,318571,77,359199
52190,0.086837,172.217.26.0-255,5738,324309,77,359199
52191,0.086855,172.31.40.0-255,66,324375,77,359199
52192,0.088831,172.217.26.0-255,5738,330113,77,359199
52193,0.088851,172.31.40.0-255,66,330179,77,359199
52194,0.090805,172.217.26.0-255,5738,335917,77,359199
52195,0.090822,172.31.40.0-255,66,335983,77,359199
52196,0.092795,172.217.26.0-255,5738,341721,77,359199
52197,0.092814,172.31.40.0-255,66,341787,77,359199
52198,0.094765,172.217.26.0-255,5738,347525,77,359199
52199,0.094781,172.31.40.0-255,66,347591,77,359199
52200,0.096745,172.217.26.0-255,5738,353329,77,359199
52201,0.096761,172.31.40.0-255,66,353395,77,359199
52202,0.098711,172.217.26.0-255,5738,359133,77,359199
52203,0.098731,172.31.40.0-255,66,359199,77,359199
52204,0.0,74.125.24.0-255,152,152,77,366367
52205,2.1e-05,172.31.40.0-255,66,218,77,366367
52206,2.8e-05,74.125.24.0-255,1484,1702,77,366367
52207,3.2e-05,172.31.40.0-255,66,1768,77,366367
52208,3.7e-05,74.125.24.0-255,2902,4670,77,366367
52209,4.7e-05,172.31.40.0-255,66,4736,77,366367
52210,5.4e-05,74.125.24.0-255,5738,10474,77,366367
52211,5.6e-05,172.31.40.0-255,66,10540,77,366367
52212,8.8e-05,74.125.24.0-255,3484,14024,77,366367
52213,9e-05,172.31.40.0-255,66,14090,77,366367
52214,9.7e-05,74.125.24.0-255,4320,18410,77,366367
52215,9.9e-05,172.31.40.0-255,66,18476,77,366367
52216,0.000124,74.125.24.0-255,5738,24214,77,366367
52217,0.000126,172.31.40.0-255,66,24280,77,366367
52218,0.000169,74.125.24.0-255,5738,30018,77,366367
52219,0.000172,172.31.40.0-255,66,30084,77,366367
52220,0.000196,74.125.24.0-255,1125,31209,77,366367
52221,0.000198,172.31.40.0-255,66,31275,77,366367
52222,0.000223,74.125.24.0-255,1484,32759,77,366367
52223,0.000225,172.31.40.0-255,66,32825,77,366367
52224,0.00023,74.125.24.0-255,2902,35727,77,366367
52225,0.000232,172.31.40.0-255,66,35793,77,366367
52226,0.000238,74.125.24.0-255,4320,40113,77,366367
52227,0.00024,172.31.40.0-255,66,40179,77,366367
52228,0.000265,74.125.24.0-255,1484,41663,77,366367
52229,0.000273,74.125.24.0-255,7156,48819,77,366367
52230,0.000277,172.31.40.0-255,66,48885,77,366367
52231,0.000284,172.31.40.0-255,66,48951,77,366367
52232,0.00029,74.125.24.0-255,3961,52912,77,366367
52233,0.000293,172.31.40.0-255,66,52978,77,366367
52234,0.000307,74.125.24.0-255,11410,64388,77,366367
52235,0.000309,172.31.40.0-255,66,64454,77,366367
52236,0.000346,74.125.24.0-255,1401,65855,77,366367
52237,0.000358,74.125.24.0-255,130,65985,77,366367
52238,0.000401,74.125.24.0-255,347,66332,77,366367
52239,0.000404,172.31.40.0-255,66,66398,77,366367
52240,0.000738,74.125.24.0-255,1484,67882,77,366367
52241,0.000745,74.125.24.0-255,2902,70784,77,366367
52242,0.000749,172.31.40.0-255,66,70850,77,366367
52243,0.000803,74.125.24.0-255,1484,72334,77,366367
52244,0.000819,74.125.24.0-255,2902,75236,77,366367
52245,0.000822,172.31.40.0-255,66,75302,77,366367
52246,0.000861,74.125.24.0-255,4320,79622,77,366367
52247,0.000864,172.31.40.0-255,66,79688,77,366367
52248,0.000903,74.125.24.0-255,5738,85426,77,366367
52249,0.000906,172.31.40.0-255,66,85492,77,366367
52250,0.000912,74.125.24.0-255,4320,89812,77,366367
52251,0.000914,172.31.40.0-255,66,89878,77,366367
52252,0.000948,74.125.24.0-255,5738,95616,77,366367
52253,0.00095,172.31.40.0-255,66,95682,77,366367
52254,0.000954,74.125.24.0-255,1484,97166,77,366367
52255,0.000982,74.125.24.0-255,3602,100768,77,366367
52256,0.000985,172.31.40.0-255,66,100834,77,366367
52257,0.001333,74.125.24.0-255,1484,102318,77,366367
52258,0.00134,74.125.24.0-255,2902,105220,77,366367
52259,0.001346,172.31.40.0-255,66,105286,77,366367
52260,0.001351,74.125.24.0-255,2902,108188,77,366367
52261,0.001353,172.31.40.0-255,66,108254,77,366367
52262,0.001386,74.125.24.0-255,2902,111156,77,366367
52263,0.001389,172.31.40.0-255,66,111222,77,366367
52264,0.001396,74.125.24.0-255,7156,118378,77,366367
52265,0.001399,172.31.40.0-255,66,118444,77,366367
52266,0.001452,172.31.40.0-255,66,118510,77,366367
52267,0.001456,74.125.24.0-255,2184,120694,77,366367
52268,0.001459,172.31.40.0-255,66,120760,77,366367
52269,0.001708,74.125.24.0-255,1484,122244,77,366367
52270,0.001715,74.125.24.0-255,2902,125146,77,366367
52271,0.001719,172.31.40.0-255,66,125212,77,366367
52272,0.001747,74.125.24.0-255,5738,130950,77,366367
52273,0.00175,172.31.40.0-255,66,131016,77,366367
52274,0.001784,74.125.24.0-255,12828,143844,77,366367
52275,0.001787,172.31.40.0-255,66,143910,77,366367
52276,0.001796,74.125.24.0-255,10692,154602,77,366367
52277,0.001797,172.31.40.0-255,66,154668,77,366367
52278,0.002046,74.125.24.0-255,1484,156152,77,366367
52279,0.002064,74.125.24.0-255,2902,159054,77,366367
52280,0.002066,172.31.40.0-255,66,159120,77,366367
52281,0.002072,74.125.24.0-255,4320,163440,77,366367
52282,0.002074,172.31.40.0-255,66,163506,77,366367
52283,0.002099,74.125.24.0-255,1484,164990,77,366367
52284,0.002107,74.125.24.0-255,7156,172146,77,366367
52285,0.002109,172.31.40.0-255,66,172212,77,366367
52286,0.002113,74.125.24.0-255,2902,175114,77,366367
52287,0.002116,172.31.40.0-255,66,175180,77,366367
52288,0.002153,74.125.24.0-255,11410,186590,77,366367
52289,0.002156,172.31.40.0-255,66,186656,77,366367
52290,0.00216,74.125.24.0-255,2184,188840,77,366367
52291,0.002162,172.31.40.0-255,66,188906,77,366367
52292,0.002218,74.125.24.0-255,1484,190390,77,366367
52293,0.00223,74.125.24.0-255,1484,191874,77,366367
52294,0.002233,172.31.40.0-255,66,191940,77,366367
52295,0.00227,74.125.24.0-255,1484,193424,77,366367
52296,0.002276,74.125.24.0-255,5738,199162,77,366367
52297,0.002279,172.31.40.0-255,66,199228,77,366367
52298,0.00229,74.125.24.0-255,12828,212056,77,366367
52299,0.002304,74.125.24.0-255,10692,222748,77,366367
52300,0.002311,74.125.24.0-255,5738,228486,77,366367
52301,0.002335,74.125.24.0-255,5738,234224,77,366367
52302,0.002454,74.125.24.0-255,7156,241380,77,366367
52303,0.002484,74.125.24.0-255,10692,252072,77,366367
52304,0.002489,74.125.24.0-255,4320,256392,77,366367
52305,0.002506,74.125.24.0-255,7156,263548,77,366367
52306,0.002508,74.125.24.0-255,1484,265032,77,366367
52307,0.002539,74.125.24.0-255,11410,276442,77,366367
52308,0.002545,74.125.24.0-255,5738,282180,77,366367
52309,0.002559,74.125.24.0-255,3602,285782,77,366367
52310,0.002566,74.125.24.0-255,7156,292938,77,366367
52311,0.009722,172.31.40.0-255,66,293004,77,366367
52312,0.01025,172.31.40.0-255,101,293105,77,366367
52313,0.012263,74.125.24.0-255,5738,298843,77,366367
52314,0.012275,172.31.40.0-255,66,298909,77,366367
52315,0.012753,74.125.24.0-255,66,298975,77,366367
52316,0.014829,74.125.24.0-255,5738,304713,77,366367
52317,0.014849,172.31.40.0-255,66,304779,77,366367
52318,0.017393,74.125.24.0-255,5738,310517,77,366367
52319,0.017409,172.31.40.0-255,66,310583,77,366367
52320,0.019963,74.125.24.0-255,5738,316321,77,366367
52321,0.019973,172.31.40.0-255,66,316387,77,366367
52322,0.022518,74.125.24.0-255,5738,322125,77,366367
52323,0.022526,172.31.40.0-255,66,322191,77,366367
52324,0.025089,74.125.24.0-255,5738,327929,77,366367
52325,0.025106,172.31.40.0-255,66,327995,77,366367
52326,0.027631,74.125.24.0-255,5738,333733,77,366367
52327,0.027639,172.31.40.0-255,66,333799,77,366367
52328,0.030174,74.125.24.0-255,5738,339537,77,366367
52329,0.030183,172.31.40.0-255,66,339603,77,366367
52330,0.032793,74.125.24.0-255,5738,345341,77,366367
52331,0.032809,172.31.40.0-255,66,345407,77,366367
52332,0.035334,74.125.24.0-255,5738,351145,77,366367
52333,0.035343,172.31.40.0-255,66,351211,77,366367
52334,0.037875,74.125.24.0-255,5738,356949,77,366367
52335,0.037883,172.31.40.0-255,66,357015,77,366367
52336,0.040443,74.125.24.0-255,4835,361850,77,366367
52337,0.040464,172.31.40.0-255,66,361916,77,366367
52338,0.040769,172.31.40.0-255,105,362021,77,366367
52339,0.043228,172.31.40.0-255,171,362192,77,366367
52340,0.043261,172.31.40.0-255,1144,363336,77,366367
52341,0.043317,172.31.40.0-255,1514,364850,77,366367
52342,0.043339,172.31.40.0-255,1253,366103,77,366367
52343,0.044761,104.244.42.0-255,66,366169,77,366367
52344,0.044824,104.244.42.0-255,66,366235,77,366367
52345,0.044876,104.244.42.0-255,66,366301,77,366367
52346,0.048384,74.125.24.0-255,66,366367,77,366367
52347,0.0,74.125.200.0-255,152,152,77,416853
52348,1.5e-05,172.31.40.0-255,66,218,77,416853
52349,2.2e-05,74.125.200.0-255,1484,1702,77,416853
52350,2.6e-05,172.31.40.0-255,66,1768,77,416853
52351,4.4e-05,74.125.200.0-255,2902,4670,77,416853
52352,4.7e-05,172.31.40.0-255,66,4736,77,416853
52353,6.5e-05,74.125.200.0-255,4320,9056,77,416853
52354,6.8e-05,172.31.40.0-255,66,9122,77,416853
52355,0.000101,74.125.200.0-255,4992,14114,77,416853
52356,0.000104,172.31.40.0-255,66,14180,77,416853
52357,0.000316,74.125.200.0-255,1484,15664,77,416853
52358,0.000321,172.31.40.0-255,66,15730,77,416853
52359,0.000325,74.125.200.0-255,1484,17214,77,416853
52360,0.000327,172.31.40.0-255,66,17280,77,416853
52361,0.000342,74.125.200.0-255,1484,18764,77,416853
52362,0.000344,172.31.40.0-255,66,18830,77,416853
52363,0.000347,74.125.200.0-255,1484,20314,77,416853
52364,0.000349,172.31.40.0-255,66,20380,77,416853
52365,0.000354,74.125.200.0-255,2902,23282,77,416853
52366,0.000357,172.31.40.0-255,66,23348,77,416853
52367,0.000383,74.125.200.0-255,5738,29086,77,416853
52368,0.000385,172.31.40.0-255,66,29152,77,416853
52369,0.000401,74.125.200.0-255,2543,31695,77,416853
52370,0.000404,172.31.40.0-255,66,31761,77,416853
52371,0.000423,74.125.200.0-255,2902,34663,77,416853
52372,0.000425,172.31.40.0-255,66,34729,77,416853
52373,0.000428,74.125.200.0-255,1484,36213,77,416853
52374,0.00043,172.31.40.0-255,66,36279,77,416853
52375,0.000455,74.125.200.0-255,5738,42017,77,416853
52376,0.000458,172.31.40.0-255,66,42083,77,416853
52377,0.000462,74.125.200.0-255,2902,44985,77,416853
52378,0.000465,172.31.40.0-255,66,45051,77,416853
52379,0.000469,74.125.200.0-255,4320,49371,77,416853
52380,0.000471,172.31.40.0-255,66,49437,77,416853
52381,0.000477,74.125.200.0-255,4320,53757,77,416853
52382,0.000479,172.31.40.0-255,66,53823,77,416853
52383,0.000505,74.125.200.0-255,4320,58143,77,416853
52384,0.000508,172.31.40.0-255,66,58209,77,416853
52385,0.000516,74.125.200.0-255,7156,65365,77,416853
52386,0.000518,172.31.40.0-255,66,65431,77,416853
52387,0.000535,74.125.200.0-255,766,66197,77,416853
52388,0.000575,74.125.200.0-255,428,66625,77,416853
52389,0.000654,74.125.200.0-255,1484,68109,77,416853
52390,0.000659,172.31.40.0-255,66,68175,77,416853
52391,0.000662,74.125.200.0-255,1484,69659,77,416853
52392,0.000667,74.125.200.0-255,2902,72561,77,416853
52393,0.00067,172.31.40.0-255,66,72627,77,416853
52394,0.000676,74.125.200.0-255,5738,78365,77,416853
52395,0.000679,172.31.40.0-255,66,78431,77,416853
52396,0.000703,74.125.200.0-255,5738,84169,77,416853
52397,0.000706,172.31.40.0-255,66,84235,77,416853
52398,0.00073,74.125.200.0-255,4320,88555,77,416853
52399,0.000732,172.31.40.0-255,66,88621,77,416853
52400,0.000742,74.125.200.0-255,11410,100031,77,416853
52401,0.000744,172.31.40.0-255,66,100097,77,416853
52402,0.000746,74.125.200.0-255,1046,101143,77,416853
52403,0.000983,74.125.200.0-255,1484,102627,77,416853
52404,0.000989,172.31.40.0-255,66,102693,77,416853
52405,0.000996,74.125.200.0-255,2902,105595,77,416853
52406,0.000998,172.31.40.0-255,66,105661,77,416853
52407,0.001001,74.125.200.0-255,1484,107145,77,416853
52408,0.001008,74.125.200.0-255,2902,110047,77,416853
52409,0.001032,74.125.200.0-255,5738,115785,77,416853
52410,0.001056,74.125.200.0-255,4320,120105,77,416853
52411,0.00108,74.125.200.0-255,7156,127261,77,416853
52412,0.0011,74.125.200.0-255,2902,130163,77,416853
52413,0.001121,74.125.200.0-255,5020,135183,77,416853
52414,0.00116,74.125.200.0-255,1484,136667,77,416853
52415,0.001179,74.125.200.0-255,2902,139569,77,416853
52416,0.001182,74.125.200.0-255,1484,141053,77,416853
52417,0.001197,74.125.200.0-255,4320,145373,77,416853
52418,0.001237,74.125.200.0-255,1484,146857,77,416853
52419,0.001256,74.125.200.0-255,2902,149759,77,416853
52420,0.001262,74.125.200.0-255,5738,155497,77,416853
52421,0.001272,74.125.200.0-255,11410,166907,77,416853
52422,0.001275,74.125.200.0-255,2184,169091,77,416853
52423,0.001286,172.31.40.0-255,66,169157,77,416853
52424,0.001294,172.31.40.0-255,66,169223,77,416853
52425,0.001752,74.125.200.0-255,1484,170707,77,416853
52426,0.001757,74.125.200.0-255,1484,172191,77,416853
52427,0.00176,172.31.40.0-255,66,172257,77,416853
52428,0.001778,74.125.200.0-255,2902,175159,77,416853
52429,0.001781,172.31.40.0-255,66,175225,77,416853
52430,0.001786,74.125.200.0-255,2902,178127,77,416853
52431,0.001793,172.31.40.0-255,66,178193,77,416853
52432,0.001806,74.125.200.0-255,2902,181095,77,416853
52433,0.001822,172.31.40.0-255,66,181161,77,416853
52434,0.001841,74.125.200.0-255,11410,192571,77,416853
52435,0.001856,172.31.40.0-255,66,192637,77,416853
52436,0.001869,74.125.200.0-255,2902,195539,77,416853
52437,0.001885,172.31.40.0-255,66,195605,77,416853
52438,0.001894,74.125.200.0-255,7856,203461,77,416853
52439,0.001899,172.31.40.0-255,66,203527,77,416853
52440,0.003829,74.125.200.0-255,5738,209265,77,416853
52441,0.003836,172.31.40.0-255,66,209331,77,416853
52442,0.005768,74.125.200.0-255,5738,215069,77,416853
52443,0.005773,172.31.40.0-255,66,215135,77,416853
52444,0.007699,74.125.200.0-255,5738,220873,77,416853
52445,0.007702,172.31.40.0-255,66,220939,77,416853
52446,0.009632,74.125.200.0-255,5738,226677,77,416853
52447,0.00964,172.31.40.0-255,66,226743,77,416853
52448,0.011568,74.125.200.0-255,5738,232481,77,416853
52449,0.011576,172.31.40.0-255,66,232547,77,416853
52450,0.013499,74.125.200.0-255,5738,238285,77,416853
52451,0.013507,172.31.40.0-255,66,238351,77,416853
52452,0.015442,74.125.200.0-255,5738,244089,77,416853
52453,0.015449,172.31.40.0-255,66,244155,77,416853
52454,0.017381,74.125.200.0-255,5738,249893,77,416853
52455,0.017389,172.31.40.0-255,66,249959,77,416853
52456,0.019327,74.125.200.0-255,5738,255697,77,416853
52457,0.019334,172.31.40.0-255,66,255763,77,416853
52458,0.021279,74.125.200.0-255,5738,261501,77,416853
52459,0.021293,172.31.40.0-255,66,261567,77,416853
52460,0.023233,74.125.200.0-255,5738,267305,77,416853
52461,0.023247,172.31.40.0-255,66,267371,77,416853
52462,0.025179,74.125.200.0-255,5738,273109,77,416853
52463,0.025187,172.31.40.0-255,66,273175,77,416853
52464,0.027125,74.125.200.0-255,5738,278913,77,416853
52465,0.027132,172.31.40.0-255,66,278979,77,416853
52466,0.029067,74.125.200.0-255,5738,284717,77,416853
52467,0.029075,172.31.40.0-255,66,284783,77,416853
52468,0.030079,172.31.40.0-255,172,284955,77,416853
52469,0.030111,172.31.40.0-255,1115,286070,77,416853
52470,0.030175,172.31.40.0-255,1514,287584,77,416853
52471,0.030177,172.31.40.0-255,327,287911,77,416853
52472,0.03101,74.125.200.0-255,5738,293649,77,416853
52473,0.031018,172.31.40.0-255,66,293715,77,416853
52474,0.031622,104.244.42.0-255,66,293781,77,416853
52475,0.031657,104.244.42.0-255,66,293847,77,416853
52476,0.031716,104.244.42.0-255,66,293913,77,416853
52477,0.032952,74.125.200.0-255,5738,299651,77,416853
52478,0.032957,172.31.40.0-255,66,299717,77,416853
52479,0.0349,74.125.200.0-255,5738,305455,77,416853
52480,0.034907,172.31.40.0-255,66,305521,77,416853
52481,0.036837,74.125.200.0-255,5738,311259,77,416853
52482,0.036843,172.31.40.0-255,66,311325,77,416853
52483,0.038778,74.125.200.0-255,5738,317063,77,416853
52484,0.038785,172.31.40.0-255,66,317129,77,416853
52485,0.04071,74.125.200.0-255,5738,322867,77,416853
52486,0.040719,172.31.40.0-255,66,322933,77,416853
52487,0.041902,172.31.40.0-255,105,323038,77,416853
52488,0.042104,172.31.40.0-255,90,323128,77,416853
52489,0.042113,172.31.40.0-255,66,323194,77,416853
52490,0.042654,74.125.200.0-255,5738,328932,77,416853
52491,0.042661,172.31.40.0-255,66,328998,77,416853
52492,0.044456,74.125.24.0-255,66,329064,77,416853
52493,0.044483,74.125.24.0-255,66,329130,77,416853
52494,0.044504,172.31.40.0-255,66,329196,77,416853
52495,0.044591,74.125.200.0-255,5738,334934,77,416853
52496,0.044596,172.31.40.0-255,66,335000,77,416853
52497,0.046535,74.125.200.0-255,5738,340738,77,416853
52498,0.046542,172.31.40.0-255,66,340804,77,416853
52499,0.048483,74.125.200.0-255,5738,346542,77,416853
52500,0.04849,172.31.40.0-255,66,346608,77,416853
52501,0.05045,74.125.200.0-255,5738,352346,77,416853
52502,0.050456,172.31.40.0-255,66,352412,77,416853
52503,0.052399,74.125.200.0-255,5738,358150,77,416853
52504,0.052406,172.31.40.0-255,66,358216,77,416853
52505,0.054353,74.125.200.0-255,5738,363954,77,416853
52506,0.054359,172.31.40.0-255,66,364020,77,416853
52507,0.056316,74.125.200.0-255,5738,369758,77,416853
52508,0.056322,172.31.40.0-255,66,369824,77,416853
52509,0.058258,74.125.200.0-255,5738,375562,77,416853
52510,0.058265,172.31.40.0-255,66,375628,77,416853
52511,0.060197,74.125.200.0-255,5738,381366,77,416853
52512,0.060203,172.31.40.0-255,66,381432,77,416853
52513,0.062142,74.125.200.0-255,5738,387170,77,416853
52514,0.062149,172.31.40.0-255,66,387236,77,416853
52515,0.064098,74.125.200.0-255,5738,392974,77,416853
52516,0.064104,172.31.40.0-255,66,393040,77,416853
52517,0.066031,74.125.200.0-255,5738,398778,77,416853
52518,0.066038,172.31.40.0-255,66,398844,77,416853
52519,0.067977,74.125.200.0-255,5738,404582,77,416853
52520,0.067984,172.31.40.0-255,66,404648,77,416853
52521,0.069914,74.125.200.0-255,5738,410386,77,416853
52522,0.06992,172.31.40.0-255,66,410452,77,416853
52523,0.071851,74.125.200.0-255,5738,416190,77,416853
52524,0.071858,172.31.40.0-255,66,416256,77,416853
52525,0.073765,74.125.200.0-255,360,416616,77,416853
52526,0.073898,172.31.40.0-255,66,416682,77,416853
52527,0.073935,172.31.40.0-255,105,416787,77,416853
52528,0.075839,74.125.200.0-255,66,416853,77,416853
52529,0.0,172.217.160.0-255,149,149,77,420545
52530,2.1e-05,172.31.40.0-255,66,215,77,420545
52531,2.9e-05,172.217.160.0-255,1484,1699,77,420545
52532,3.3e-05,172.31.40.0-255,66,1765,77,420545
52533,3.9e-05,172.217.160.0-255,2902,4667,77,420545
52534,4.3e-05,172.31.40.0-255,66,4733,77,420545
52535,5.1e-05,172.217.160.0-255,7156,11889,77,420545
52536,5.5e-05,172.31.40.0-255,66,11955,77,420545
52537,5.9e-05,172.217.160.0-255,1983,13938,77,420545
52538,6.2e-05,172.31.40.0-255,66,14004,77,420545
52539,0.000368,172.217.160.0-255,1484,15488,77,420545
52540,0.000374,172.31.40.0-255,66,15554,77,420545
52541,0.00038,172.217.160.0-255,2902,18456,77,420545
52542,0.000383,172.31.40.0-255,66,18522,77,420545
52543,0.000388,172.217.160.0-255,5738,24260,77,420545
52544,0.00039,172.31.40.0-255,66,24326,77,420545
52545,0.000415,172.217.160.0-255,6797,31123,77,420545
52546,0.000418,172.31.40.0-255,66,31189,77,420545
52547,0.00054,172.217.160.0-255,1484,32673,77,420545
52548,0.000544,172.31.40.0-255,66,32739,77,420545
52549,0.000549,172.217.160.0-255,2902,35641,77,420545
52550,0.000551,172.31.40.0-255,66,35707,77,420545
52551,0.000554,172.217.160.0-255,1484,37191,77,420545
52552,0.000556,172.31.40.0-255,66,37257,77,420545
52553,0.000573,172.217.160.0-255,2902,40159,77,420545
52554,0.000576,172.31.40.0-255,66,40225,77,420545
52555,0.000578,172.217.160.0-255,1484,41709,77,420545
52556,0.00058,172.31.40.0-255,66,41775,77,420545
52557,0.00061,172.217.160.0-255,8215,49990,77,420545
52558,0.000612,172.31.40.0-255,66,50056,77,420545
52559,0.000637,172.217.160.0-255,7156,57212,77,420545
52560,0.00064,172.31.40.0-255,66,57278,77,420545
52561,0.000669,172.217.160.0-255,8215,65493,77,420545
52562,0.000673,172.217.160.0-255,372,65865,77,420545
52563,0.000822,172.31.40.0-255,66,65931,77,420545
52564,0.000952,172.217.160.0-255,370,66301,77,420545
52565,0.001059,172.217.160.0-255,1484,67785,77,420545
52566,0.001075,172.217.160.0-255,2902,70687,77,420545
52567,0.001079,172.217.160.0-255,2902,73589,77,420545
52568,0.001091,172.217.160.0-255,2902,76491,77,420545
52569,0.001103,172.217.160.0-255,1484,77975,77,420545
52570,0.001106,172.31.40.0-255,66,78041,77,420545
52571,0.001131,172.217.160.0-255,12469,90510,77,420545
52572,0.001136,172.217.160.0-255,4320,94830,77,420545
52573,0.001143,172.31.40.0-255,66,94896,77,420545
52574,0.001152,172.217.160.0-255,2902,97798,77,420545
52575,0.001164,172.217.160.0-255,2543,100341,77,420545
52576,0.001188,172.31.40.0-255,66,100407,77,420545
52577,0.002849,172.217.160.0-255,5738,106145,77,420545
52578,0.002857,172.31.40.0-255,66,106211,77,420545
52579,0.004503,172.217.160.0-255,2902,109113,77,420545
52580,0.00452,172.217.160.0-255,2902,112015,77,420545
52581,0.004688,172.31.40.0-255,66,112081,77,420545
52582,0.006358,172.217.160.0-255,5738,117819,77,420545
52583,0.006362,172.31.40.0-255,66,117885,77,420545
52584,0.008012,172.217.160.0-255,5738,123623,77,420545
52585,0.008018,172.31.40.0-255,66,123689,77,420545
52586,0.009678,172.217.160.0-255,5738,129427,77,420545
52587,0.009684,172.31.40.0-255,66,129493,77,420545
52588,0.011332,172.217.160.0-255,5738,135231,77,420545
52589,0.011338,172.31.40.0-255,66,135297,77,420545
52590,0.012985,172.217.160.0-255,5738,141035,77,420545
52591,0.013337,172.31.40.0-255,66,141101,77,420545
52592,0.014986,172.217.160.0-255,5738,146839,77,420545
52593,0.014993,172.31.40.0-255,66,146905,77,420545
52594,0.016695,172.217.160.0-255,5738,152643,77,420545
52595,0.016704,172.31.40.0-255,66,152709,77,420545
52596,0.018355,172.217.160.0-255,5738,158447,77,420545
52597,0.018363,172.31.40.0-255,66,158513,77,420545
52598,0.020011,172.217.160.0-255,5738,164251,77,420545
52599,0.020018,172.31.40.0-255,66,164317,77,420545
52600,0.021675,172.217.160.0-255,5738,170055,77,420545
52601,0.021682,172.31.40.0-255,66,170121,77,420545
52602,0.023332,172.217.160.0-255,5738,175859,77,420545
52603,0.023339,172.31.40.0-255,66,175925,77,420545
52604,0.024996,172.217.160.0-255,5738,181663,77,420545
52605,0.025003,172.31.40.0-255,66,181729,77,420545
52606,0.026652,172.217.160.0-255,5738,187467,77,420545
52607,0.026661,172.31.40.0-255,66,187533,77,420545
52608,0.028326,172.217.160.0-255,5738,193271,77,420545
52609,0.028332,172.31.40.0-255,66,193337,77,420545
52610,0.029975,172.217.160.0-255,5738,199075,77,420545
52611,0.029982,172.31.40.0-255,66,199141,77,420545
52612,0.03104,172.31.40.0-255,172,199313,77,420545
52613,0.031067,172.31.40.0-255,1120,200433,77,420545
52614,0.031117,172.31.40.0-255,1514,201947,77,420545
52615,0.031119,172.31.40.0-255,1275,203222,77,420545
52616,0.03163,172.217.160.0-255,5738,208960,77,420545
52617,0.031636,172.31.40.0-255,66,209026,77,420545
52618,0.032598,104.244.42.0-255,66,209092,77,420545
52619,0.032675,104.244.42.0-255,66,209158,77,420545
52620,0.032697,104.244.42.0-255,66,209224,77,420545
52621,0.03328,172.217.160.0-255,5738,214962,77,420545
52622,0.033287,172.31.40.0-255,66,215028,77,420545
52623,0.034949,172.217.160.0-255,5738,220766,77,420545
52624,0.034957,172.31.40.0-255,66,220832,77,420545
52625,0.036614,172.217.160.0-255,5738,226570,77,420545
52626,0.036621,172.31.40.0-255,66,226636,77,420545
52627,0.038285,172.217.160.0-255,5738,232374,77,420545
52628,0.038291,172.31.40.0-255,66,232440,77,420545
52629,0.039977,172.217.160.0-255,5738,238178,77,420545
52630,0.039984,172.31.40.0-255,66,238244,77,420545
52631,0.041683,172.217.160.0-255,5738,243982,77,420545
52632,0.041689,172.31.40.0-255,66,244048,77,420545
52633,0.043347,172.217.160.0-255,5738,249786,77,420545
52634,0.043354,172.31.40.0-255,66,249852,77,420545
52635,0.045018,172.217.160.0-255,5738,255590,77,420545
52636,0.045024,172.31.40.0-255,66,255656,77,420545
52637,0.046687,172.217.160.0-255,5738,261394,77,420545
52638,0.046694,172.31.40.0-255,66,261460,77,420545
52639,0.04835,172.217.160.0-255,5738,267198,77,420545
52640,0.048357,172.31.40.0-255,66,267264,77,420545
52641,0.05001,172.217.160.0-255,5738,273002,77,420545
52642,0.050017,172.31.40.0-255,66,273068,77,420545
52643,0.0517,172.217.160.0-255,5738,278806,77,420545
52644,0.051707,172.31.40.0-255,66,278872,77,420545
52645,0.053368,172.217.160.0-255,5738,284610,77,420545
52646,0.053378,172.31.40.0-255,66,284676,77,420545
52647,0.055026,172.217.160.0-255,5738,290414,77,420545
52648,0.055033,172.31.40.0-255,66,290480,77,420545
52649,0.056681,172.217.160.0-255,4320,294800,77,420545
52650,0.056687,172.31.40.0-255,66,294866,77,420545
52651,0.056703,172.217.160.0-255,1484,296350,77,420545
52652,0.058347,172.217.160.0-255,4320,300670,77,420545
52653,0.058352,172.31.40.0-255,66,300736,77,420545
52654,0.06,172.217.160.0-255,5738,306474,77,420545
52655,0.060037,172.31.40.0-255,66,306540,77,420545
52656,0.061719,172.217.160.0-255,5738,312278,77,420545
52657,0.061724,172.31.40.0-255,66,312344,77,420545
52658,0.063382,172.217.160.0-255,5738,318082,77,420545
52659,0.063389,172.31.40.0-255,66,318148,77,420545
52660,0.065034,172.217.160.0-255,5738,323886,77,420545
52661,0.065039,172.31.40.0-255,66,323952,77,420545
52662,0.066712,172.217.160.0-255,5738,329690,77,420545
52663,0.066718,172.31.40.0-255,66,329756,77,420545
52664,0.068362,172.217.160.0-255,5738,335494,77,420545
52665,0.068367,172.31.40.0-255,66,335560,77,420545
52666,0.070022,172.217.160.0-255,5738,341298,77,420545
52667,0.070029,172.31.40.0-255,66,341364,77,420545
52668,0.071698,172.217.160.0-255,5738,347102,77,420545
52669,0.071704,172.31.40.0-255,66,347168,77,420545
52670,0.07336,172.217.160.0-255,5738,352906,77,420545
52671,0.073367,172.31.40.0-255,66,352972,77,420545
52672,0.075006,172.217.160.0-255,5738,358710,77,420545
52673,0.075013,172.31.40.0-255,66,358776,77,420545
52674,0.076682,172.217.160.0-255,5738,364514,77,420545
52675,0.076688,172.31.40.0-255,66,364580,77,420545
52676,0.078336,172.217.160.0-255,5738,370318,77,420545
52677,0.078342,172.31.40.0-255,66,370384,77,420545
52678,0.079994,172.217.160.0-255,5738,376122,77,420545
52679,0.080001,172.31.40.0-255,66,376188,77,420545
52680,0.081663,172.217.160.0-255,5738,381926,77,420545
52681,0.08167,172.31.40.0-255,66,381992,77,420545
52682,0.083334,172.217.160.0-255,5738,387730,77,420545
52683,0.083341,172.31.40.0-255,66,387796,77,420545
52684,0.084997,172.217.160.0-255,5738,393534,77,420545
52685,0.085004,172.31.40.0-255,66,393600,77,420545
52686,0.086656,172.217.160.0-255,5738,399338,77,420545
52687,0.086661,172.31.40.0-255,66,399404,77,420545
52688,0.088315,172.217.160.0-255,5738,405142,77,420545
52689,0.088321,172.31.40.0-255,66,405208,77,420545
52690,0.089979,172.217.160.0-255,5738,410946,77,420545
52691,0.089985,172.31.40.0-255,66,411012,77,420545
52692,0.091645,172.217.160.0-255,5738,416750,77,420545
52693,0.091651,172.31.40.0-255,66,416816,77,420545
52694,0.093305,172.217.160.0-255,3492,420308,77,420545
52695,0.093311,172.31.40.0-255,66,420374,77,420545
52696,0.093486,172.31.40.0-255,105,420479,77,420545
52697,0.095105,172.217.160.0-255,66,420545,77,420545
52698,0.0,172.217.27.0-255,153,153,77,403456
52699,2.7e-05,172.31.40.0-255,66,219,77,403456
52700,3.5e-05,172.217.27.0-255,1484,1703,77,403456
52701,3.9e-05,172.31.40.0-255,66,1769,77,403456
52702,4.5e-05,172.217.27.0-255,2902,4671,77,403456
52703,4.9e-05,172.31.40.0-255,66,4737,77,403456
52704,5.7e-05,172.217.27.0-255,7156,11893,77,403456
52705,6e-05,172.31.40.0-255,66,11959,77,403456
52706,6.4e-05,172.217.27.0-255,2034,13993,77,403456
52707,6.6e-05,172.31.40.0-255,66,14059,77,403456
52708,8.7e-05,172.217.27.0-255,2902,16961,77,403456
52709,9e-05,172.31.40.0-255,66,17027,77,403456
52710,9.4e-05,172.217.27.0-255,2902,19929,77,403456
52711,9.6e-05,172.31.40.0-255,66,19995,77,403456
52712,0.000102,172.217.27.0-255,2902,22897,77,403456
52713,0.000104,172.31.40.0-255,66,22963,77,403456
52714,0.000124,172.217.27.0-255,1484,24447,77,403456
52715,0.000126,172.31.40.0-255,66,24513,77,403456
52716,0.000161,172.217.27.0-255,6797,31310,77,403456
52717,0.000164,172.31.40.0-255,66,31376,77,403456
52718,0.000478,172.217.27.0-255,1484,32860,77,403456
52719,0.000485,172.31.40.0-255,66,32926,77,403456
52720,0.000491,172.217.27.0-255,2902,35828,77,403456
52721,0.000494,172.31.40.0-255,66,35894,77,403456
52722,0.000497,172.217.27.0-255,1484,37378,77,403456
52723,0.000499,172.31.40.0-255,66,37444,77,403456
52724,0.000519,172.217.27.0-255,1484,38928,77,403456
52725,0.000522,172.31.40.0-255,66,38994,77,403456
52726,0.000528,172.217.27.0-255,4320,43314,77,403456
52727,0.00053,172.31.40.0-255,66,43380,77,403456
52728,0.00055,172.217.27.0-255,2902,46282,77,403456
52729,0.000552,172.31.40.0-255,66,46348,77,403456
52730,0.000568,172.217.27.0-255,6797,53145,77,403456
52731,0.00057,172.31.40.0-255,66,53211,77,403456
52732,0.000579,172.217.27.0-255,7156,60367,77,403456
52733,0.000582,172.31.40.0-255,66,60433,77,403456
52734,0.000601,172.217.27.0-255,2902,63335,77,403456
52735,0.000604,172.31.40.0-255,66,63401,77,403456
52736,0.000607,172.217.27.0-255,2817,66218,77,403456
52737,0.000609,172.31.40.0-255,66,66284,77,403456
52738,0.000972,172.217.27.0-255,130,66414,77,403456
52739,0.001145,172.217.27.0-255,1484,67898,77,403456
52740,0.00115,172.31.40.0-255,66,67964,77,403456
52741,0.001156,172.217.27.0-255,2902,70866,77,403456
52742,0.001159,172.31.40.0-255,66,70932,77,403456
52743,0.001163,172.217.27.0-255,2902,73834,77,403456
52744,0.001165,172.31.40.0-255,66,73900,77,403456
52745,0.001184,172.217.27.0-255,2902,76802,77,403456
52746,0.001188,172.31.40.0-255,66,76868,77,403456
52747,0.001195,172.217.27.0-255,6797,83665,77,403456
52748,0.001197,172.31.40.0-255,66,83731,77,403456
52749,0.00125,172.31.40.0-255,66,83797,77,403456
52750,0.001254,172.217.27.0-255,2543,86340,77,403456
52751,0.001256,172.31.40.0-255,66,86406,77,403456
52752,0.001258,172.217.27.0-255,348,86754,77,403456
52753,0.002863,172.217.27.0-255,4320,91074,77,403456
52754,0.002874,172.31.40.0-255,66,91140,77,403456
52755,0.002879,172.31.40.0-255,66,91206,77,403456
52756,0.004505,172.217.27.0-255,5738,96944,77,403456
52757,0.004511,172.31.40.0-255,66,97010,77,403456
52758,0.00613,172.217.27.0-255,5738,102748,77,403456
52759,0.006133,172.31.40.0-255,66,102814,77,403456
52760,0.00776,172.217.27.0-255,5738,108552,77,403456
52761,0.007765,172.31.40.0-255,66,108618,77,403456
52762,0.009395,172.217.27.0-255,5738,114356,77,403456
52763,0.009402,172.31.40.0-255,66,114422,77,403456
52764,0.011038,172.217.27.0-255,5738,120160,77,403456
52765,0.011045,172.31.40.0-255,66,120226,77,403456
52766,0.012674,172.217.27.0-255,5738,125964,77,403456
52767,0.012682,172.31.40.0-255,66,126030,77,403456
52768,0.014313,172.217.27.0-255,5738,131768,77,403456
52769,0.01432,172.31.40.0-255,66,131834,77,403456
52770,0.015951,172.217.27.0-255,5738,137572,77,403456
52771,0.01596,172.31.40.0-255,66,137638,77,403456
52772,0.017589,172.217.27.0-255,5738,143376,77,403456
52773,0.017597,172.31.40.0-255,66,143442,77,403456
52774,0.019227,172.217.27.0-255,5738,149180,77,403456
52775,0.019234,172.31.40.0-255,66,149246,77,403456
52776,0.020854,172.217.27.0-255,4320,153566,77,403456
52777,0.020859,172.31.40.0-255,66,153632,77,403456
52778,0.020877,172.217.27.0-255,1484,155116,77,403456
52779,0.022486,172.217.27.0-255,4320,159436,77,403456
52780,0.022494,172.31.40.0-255,66,159502,77,403456
52781,0.024123,172.217.27.0-255,5738,165240,77,403456
52782,0.024131,172.31.40.0-255,66,165306,77,403456
52783,0.025762,172.217.27.0-255,5738,171044,77,403456
52784,0.025769,172.31.40.0-255,66,171110,77,403456
52785,0.027395,172.217.27.0-255,5738,176848,77,403456
52786,0.027402,172.31.40.0-255,66,176914,77,403456
52787,0.029022,172.217.27.0-255,5738,182652,77,403456
52788,0.029028,172.31.40.0-255,66,182718,77,403456
52789,0.029739,172.31.40.0-255,241,182959,77,403456
52790,0.02979,172.31.40.0-255,1116,184075,77,403456
52791,0.029854,172.31.40.0-255,1514,185589,77,403456
52792,0.029856,172.31.40.0-255,400,185989,77,403456
52793,0.030657,172.217.27.0-255,5738,191727,77,403456
52794,0.030664,172.31.40.0-255,66,191793,77,403456
52795,0.032305,172.217.27.0-255,5738,197531,77,403456
52796,0.032311,172.31.40.0-255,66,197597,77,403456
52797,0.033298,104.244.42.0-255,66,197663,77,403456
52798,0.033941,172.217.27.0-255,4320,201983,77,403456
52799,0.033949,172.31.40.0-255,66,202049,77,403456
52800,0.033966,172.217.27.0-255,1484,203533,77,403456
52801,0.035574,172.217.27.0-255,4320,207853,77,403456
52802,0.035582,172.31.40.0-255,66,207919,77,403456
52803,0.037219,172.217.27.0-255,5738,213657,77,403456
52804,0.037227,172.31.40.0-255,66,213723,77,403456
52805,0.038857,172.217.27.0-255,5738,219461,77,403456
52806,0.038865,172.31.40.0-255,66,219527,77,403456
52807,0.040527,172.217.27.0-255,5738,225265,77,403456
52808,0.040535,172.31.40.0-255,66,225331,77,403456
52809,0.042172,172.217.27.0-255,5738,231069,77,403456
52810,0.042178,172.31.40.0-255,66,231135,77,403456
52811,0.043813,172.217.27.0-255,5738,236873,77,403456
52812,0.04382,172.31.40.0-255,66,236939,77,403456
52813,0.045467,172.217.27.0-255,5738,242677,77,403456
52814,0.045474,172.31.40.0-255,66,242743,77,403456
52815,0.047112,172.217.27.0-255,5738,248481,77,403456
52816,0.047122,172.31.40.0-255,66,248547,77,403456
52817,0.048809,172.217.27.0-255,5738,254285,77,403456
52818,0.04882,172.31.40.0-255,66,254351,77,403456
52819,0.050464,172.217.27.0-255,5738,260089,77,403456
52820,0.050474,172.31.40.0-255,66,260155,77,403456
52821,0.052105,172.217.27.0-255,5738,265893,77,403456
52822,0.052115,172.31.40.0-255,66,265959,77,403456
52823,0.053765,172.217.27.0-255,5738,271697,77,403456
52824,0.053778,172.31.40.0-255,66,271763,77,403456
52825,0.055404,172.217.27.0-255,5738,277501,77,403456
52826,0.055415,172.31.40.0-255,66,277567,77,403456
52827,0.057051,172.217.27.0-255,5738,283305,77,403456
52828,0.057058,172.31.40.0-255,66,283371,77,403456
52829,0.058693,172.217.27.0-255,5738,289109,77,403456
52830,0.058705,172.31.40.0-255,66,289175,77,403456
52831,0.060342,172.217.27.0-255,5738,294913,77,403456
52832,0.060353,172.31.40.0-255,66,294979,77,403456
52833,0.062014,172.217.27.0-255,5738,300717,77,403456
52834,0.062025,172.31.40.0-255,66,300783,77,403456
52835,0.063663,172.217.27.0-255,5738,306521,77,403456
52836,0.063675,172.31.40.0-255,66,306587,77,403456
52837,0.065316,172.217.27.0-255,5738,312325,77,403456
52838,0.065329,172.31.40.0-255,66,312391,77,403456
52839,0.066958,172.217.27.0-255,5738,318129,77,403456
52840,0.06697,172.31.40.0-255,66,318195,77,403456
52841,0.068616,172.217.27.0-255,5738,323933,77,403456
52842,0.068626,172.31.40.0-255,66,323999,77,403456
52843,0.070264,172.217.27.0-255,5738,329737,77,403456
52844,0.070276,172.31.40.0-255,66,329803,77,403456
52845,0.071905,172.217.27.0-255,5738,335541,77,403456
52846,0.071918,172.31.40.0-255,66,335607,77,403456
52847,0.073548,172.217.27.0-255,5738,341345,77,403456
52848,0.073555,172.31.40.0-255,66,341411,77,403456
52849,0.075187,172.217.27.0-255,5738,347149,77,403456
52850,0.075194,172.31.40.0-255,66,347215,77,403456
52851,0.076831,172.217.27.0-255,5738,352953,77,403456
52852,0.076841,172.31.40.0-255,66,353019,77,403456
52853,0.078479,172.217.27.0-255,5738,358757,77,403456
52854,0.078486,172.31.40.0-255,66,358823,77,403456
52855,0.080119,172.217.27.0-255,5738,364561,77,403456
52856,0.080126,172.31.40.0-255,66,364627,77,403456
52857,0.081753,172.217.27.0-255,5738,370365,77,403456
52858,0.08176,172.31.40.0-255,66,370431,77,403456
52859,0.083397,172.217.27.0-255,5738,376169,77,403456
52860,0.083404,172.31.40.0-255,66,376235,77,403456
52861,0.085037,172.217.27.0-255,5738,381973,77,403456
52862,0.085044,172.31.40.0-255,66,382039,77,403456
52863,0.086672,172.217.27.0-255,5738,387777,77,403456
52864,0.086678,172.31.40.0-255,66,387843,77,403456
52865,0.088326,172.217.27.0-255,5738,393581,77,403456
52866,0.088333,172.31.40.0-255,66,393647,77,403456
52867,0.089968,172.217.27.0-255,5738,399385,77,403456
52868,0.089974,172.31.40.0-255,66,399451,77,403456
52869,0.091599,172.217.27.0-255,3768,403219,77,403456
52870,0.091607,172.31.40.0-255,66,403285,77,403456
52871,0.092097,172.31.40.0-255,105,403390,77,403456
52872,0.093693,172.217.27.0-255,66,403456,77,403456
52873,0.0,74.125.24.0-255,297,297,77,376557
52874,2.3e-05,172.31.40.0-255,66,363,77,376557
52875,3e-05,74.125.24.0-255,1484,1847,77,376557
52876,3.4e-05,172.31.40.0-255,66,1913,77,376557
52877,4e-05,74.125.24.0-255,2902,4815,77,376557
52878,4.4e-05,172.31.40.0-255,66,4881,77,376557
52879,5.8e-05,74.125.24.0-255,4320,9201,77,376557
52880,6.2e-05,172.31.40.0-255,66,9267,77,376557
52881,8.9e-05,74.125.24.0-255,1484,10751,77,376557
52882,9.2e-05,172.31.40.0-255,66,10817,77,376557
52883,9.7e-05,74.125.24.0-255,2902,13719,77,376557
52884,9.9e-05,172.31.40.0-255,66,13785,77,376557
52885,0.000138,74.125.24.0-255,4320,18105,77,376557
52886,0.000141,172.31.40.0-255,66,18171,77,376557
52887,0.000169,74.125.24.0-255,1840,20011,77,376557
52888,0.000172,172.31.40.0-255,66,20077,77,376557
52889,0.00018,74.125.24.0-255,7156,27233,77,376557
52890,0.000182,172.31.40.0-255,66,27299,77,376557
52891,0.000187,74.125.24.0-255,3961,31260,77,376557
52892,0.000189,172.31.40.0-255,66,31326,77,376557
52893,0.000309,74.125.24.0-255,1484,32810,77,376557
52894,0.000314,172.31.40.0-255,66,32876,77,376557
52895,0.000319,74.125.24.0-255,2902,35778,77,376557
52896,0.000321,172.31.40.0-255,66,35844,77,376557
52897,0.000347,74.125.24.0-255,4320,40164,77,376557
52898,0.000349,172.31.40.0-255,66,40230,77,376557
52899,0.000406,74.125.24.0-255,9633,49863,77,376557
52900,0.000409,172.31.40.0-255,66,49929,77,376557
52901,0.000416,74.125.24.0-255,7156,57085,77,376557
52902,0.000419,172.31.40.0-255,66,57151,77,376557
52903,0.000471,74.125.24.0-255,2902,60053,77,376557
52904,0.000474,172.31.40.0-255,66,60119,77,376557
52905,0.000496,74.125.24.0-255,5379,65498,77,376557
52906,0.000499,172.31.40.0-255,66,65564,77,376557
52907,0.003461,74.125.24.0-255,645,66209,77,376557
52908,0.00349,74.125.24.0-255,1484,67693,77,376557
52909,0.003495,172.31.40.0-255,66,67759,77,376557
52910,0.003502,74.125.24.0-255,4320,72079,77,376557
52911,0.003504,172.31.40.0-255,66,72145,77,376557
52912,0.003508,74.125.24.0-255,1484,73629,77,376557
52913,0.003536,74.125.24.0-255,8574,82203,77,376557
52914,0.003539,172.31.40.0-255,66,82269,77,376557
52915,0.003544,74.125.24.0-255,2902,85171,77,376557
52916,0.003546,172.31.40.0-255,66,85237,77,376557
52917,0.003589,74.125.24.0-255,12828,98065,77,376557
52918,0.003592,172.31.40.0-255,66,98131,77,376557
52919,0.003596,74.125.24.0-255,2184,100315,77,376557
52920,0.003598,172.31.40.0-255,66,100381,77,376557
52921,0.003771,74.125.24.0-255,1484,101865,77,376557
52922,0.003789,74.125.24.0-255,2902,104767,77,376557
52923,0.003792,172.31.40.0-255,66,104833,77,376557
52924,0.003798,74.125.24.0-255,5738,110571,77,376557
52925,0.0038,172.31.40.0-255,66,110637,77,376557
52926,0.003822,74.125.24.0-255,2902,113539,77,376557
52927,0.003824,172.31.40.0-255,66,113605,77,376557
52928,0.003858,74.125.24.0-255,7156,120761,77,376557
52929,0.00386,172.31.40.0-255,66,120827,77,376557
52930,0.003879,172.31.40.0-255,66,120893,77,376557
52931,0.003896,74.125.24.0-255,12828,133721,77,376557
52932,0.003898,172.31.40.0-255,66,133787,77,376557
52933,0.00393,74.125.24.0-255,5738,139525,77,376557
52934,0.003933,172.31.40.0-255,66,139591,77,376557
52935,0.003942,74.125.24.0-255,10692,150283,77,376557
52936,0.003945,172.31.40.0-255,66,150349,77,376557
52937,0.004351,74.125.24.0-255,1484,151833,77,376557
52938,0.00437,74.125.24.0-255,2902,154735,77,376557
52939,0.004374,172.31.40.0-255,66,154801,77,376557
52940,0.004382,74.125.24.0-255,5738,160539,77,376557
52941,0.004385,172.31.40.0-255,66,160605,77,376557
52942,0.004415,74.125.24.0-255,9992,170597,77,376557
52943,0.004418,172.31.40.0-255,66,170663,77,376557
52944,0.004445,74.125.24.0-255,2902,173565,77,376557
52945,0.004447,172.31.40.0-255,66,173631,77,376557
52946,0.004476,74.125.24.0-255,10692,184323,77,376557
52947,0.004479,172.31.40.0-255,66,184389,77,376557
52948,0.004646,74.125.24.0-255,1484,185873,77,376557
52949,0.004665,74.125.24.0-255,2902,188775,77,376557
52950,0.004669,172.31.40.0-255,66,188841,77,376557
52951,0.004706,74.125.24.0-255,2902,191743,77,376557
52952,0.004709,172.31.40.0-255,66,191809,77,376557
52953,0.004733,74.125.24.0-255,7156,198965,77,376557
52954,0.004736,172.31.40.0-255,66,199031,77,376557
52955,0.00479,74.125.24.0-255,5738,204769,77,376557
52956,0.004793,172.31.40.0-255,66,204835,77,376557
52957,0.004805,74.125.24.0-255,2902,207737,77,376557
52958,0.004811,172.31.40.0-255,66,207803,77,376557
52959,0.004819,74.125.24.0-255,10692,218495,77,376557
52960,0.004822,172.31.40.0-255,66,218561,77,376557
52961,0.004953,74.125.24.0-255,1484,220045,77,376557
52962,0.004959,74.125.24.0-255,2902,222947,77,376557
52963,0.004962,172.31.40.0-255,66,223013,77,376557
52964,0.004973,74.125.24.0-255,1484,224497,77,376557
52965,0.004991,74.125.24.0-255,4320,228817,77,376557
52966,0.004994,172.31.40.0-255,66,228883,77,376557
52967,0.005026,74.125.24.0-255,12828,241711,77,376557
52968,0.005029,172.31.40.0-255,66,241777,77,376557
52969,0.005036,74.125.24.0-255,7156,248933,77,376557
52970,0.005039,172.31.40.0-255,66,248999,77,376557
52971,0.005058,74.125.24.0-255,3602,252601,77,376557
52972,0.00506,172.31.40.0-255,66,252667,77,376557
52973,0.005116,74.125.24.0-255,1484,254151,77,376557
52974,0.005129,74.125.24.0-255,2902,257053,77,376557
52975,0.005132,172.31.40.0-255,66,257119,77,376557
52976,0.005135,74.125.24.0-255,1484,258603,77,376557
52977,0.005162,74.125.24.0-255,4320,262923,77,376557
52978,0.005165,172.31.40.0-255,66,262989,77,376557
52979,0.005187,74.125.24.0-255,1484,264473,77,376557
52980,0.005218,74.125.24.0-255,11410,275883,77,376557
52981,0.005221,172.31.40.0-255,66,275949,77,376557
52982,0.005224,74.125.24.0-255,2902,278851,77,376557
52983,0.005226,172.31.40.0-255,66,278917,77,376557
52984,0.005254,74.125.24.0-255,9274,288191,77,376557
52985,0.005257,172.31.40.0-255,66,288257,77,376557
52986,0.005262,74.125.24.0-255,4320,292577,77,376557
52987,0.005264,172.31.40.0-255,66,292643,77,376557
52988,0.005278,74.125.24.0-255,5738,298381,77,376557
52989,0.00528,172.31.40.0-255,66,298447,77,376557
52990,0.005306,74.125.24.0-255,8574,307021,77,376557
52991,0.005308,172.31.40.0-255,66,307087,77,376557
52992,0.005331,74.125.24.0-255,8574,315661,77,376557
52993,0.005333,172.31.40.0-255,66,315727,77,376557
52994,0.005346,74.125.24.0-255,4320,320047,77,376557
52995,0.005351,172.31.40.0-255,66,320113,77,376557
52996,0.005381,74.125.24.0-255,3602,323715,77,376557
52997,0.005384,172.31.40.0-255,66,323781,77,376557
52998,0.005391,74.125.24.0-255,8574,332355,77,376557
52999,0.005393,172.31.40.0-255,66,332421,77,376557
53000,0.005399,74.125.24.0-255,5738,338159,77,376557
53001,0.005401,172.31.40.0-255,66,338225,77,376557
53002,0.00543,74.125.24.0-255,12828,351053,77,376557
53003,0.005433,172.31.40.0-255,66,351119,77,376557
53004,0.005437,74.125.24.0-255,3602,354721,77,376557
53005,0.00544,172.31.40.0-255,66,354787,77,376557
53006,0.005487,172.31.40.0-255,66,354853,77,376557
53007,0.005489,74.125.24.0-255,1484,356337,77,376557
53008,0.005524,74.125.24.0-255,12110,368447,77,376557
53009,0.005527,172.31.40.0-255,66,368513,77,376557
53010,0.005531,74.125.24.0-255,2637,371150,77,376557
53011,0.005533,172.31.40.0-255,66,371216,77,376557
53012,0.005536,74.125.24.0-255,105,371321,77,376557
53013,0.005586,74.125.24.0-255,129,371450,77,376557
53014,0.010477,172.31.40.0-255,105,371555,77,376557
53015,0.010517,172.31.40.0-255,105,371660,77,376557
53016,0.010798,172.31.40.0-255,90,371750,77,376557
53017,0.010808,172.31.40.0-255,66,371816,77,376557
53018,0.012727,74.125.24.0-255,66,371882,77,376557
53019,0.012749,74.125.24.0-255,66,371948,77,376557
53020,0.013027,74.125.24.0-255,66,372014,77,376557
53021,0.013052,74.125.24.0-255,66,372080,77,376557
53022,0.013058,172.31.40.0-255,66,372146,77,376557
53023,0.013062,74.125.24.0-255,66,372212,77,376557
53024,0.037209,172.31.40.0-255,172,372384,77,376557
53025,0.037236,172.31.40.0-255,1119,373503,77,376557
53026,0.037285,172.31.40.0-255,1514,375017,77,376557
53027,0.037306,172.31.40.0-255,1276,376293,77,376557
53028,0.038772,104.244.42.0-255,66,376359,77,376557
53029,0.038797,104.244.42.0-255,66,376425,77,376557
53030,0.038836,104.244.42.0-255,66,376491,77,376557
53031,0.038883,104.244.42.0-255,66,376557,77,376557
53032,0.0,172.217.194.0-255,301,301,77,354945
53033,2.3e-05,172.31.40.0-255,66,367,77,354945
53034,3e-05,172.217.194.0-255,1484,1851,77,354945
53035,3.4e-05,172.31.40.0-255,66,1917,77,354945
53036,4.1e-05,172.217.194.0-255,4320,6237,77,354945
53037,5.1e-05,172.31.40.0-255,66,6303,77,354945
53038,5.8e-05,172.217.194.0-255,5738,12041,77,354945
53039,6.1e-05,172.31.40.0-255,66,12107,77,354945
53040,6.8e-05,172.217.194.0-255,6060,18167,77,354945
53041,7.1e-05,172.31.40.0-255,66,18233,77,354945
53042,8e-05,172.217.194.0-255,9992,28225,77,354945
53043,8.2e-05,172.31.40.0-255,66,28291,77,354945
53044,0.000103,172.217.194.0-255,2902,31193,77,354945
53045,0.000106,172.31.40.0-255,66,31259,77,354945
53046,0.000138,172.217.194.0-255,4320,35579,77,354945
53047,0.000141,172.31.40.0-255,66,35645,77,354945
53048,0.000185,172.31.40.0-255,66,35711,77,354945
53049,0.000205,172.31.40.0-255,66,35777,77,354945
53050,0.000437,172.217.194.0-255,100,35877,77,354945
53051,0.000442,172.31.40.0-255,66,35943,77,354945
53052,0.00055,172.217.194.0-255,1484,37427,77,354945
53053,0.000554,172.31.40.0-255,66,37493,77,354945
53054,0.000582,172.217.194.0-255,2902,40395,77,354945
53055,0.000585,172.31.40.0-255,66,40461,77,354945
53056,0.000592,172.217.194.0-255,5738,46199,77,354945
53057,0.000594,172.31.40.0-255,66,46265,77,354945
53058,0.000631,172.217.194.0-255,13887,60152,77,354945
53059,0.000635,172.31.40.0-255,66,60218,77,354945
53060,0.00064,172.217.194.0-255,2902,63120,77,354945
53061,0.000642,172.31.40.0-255,66,63186,77,354945
53062,0.000677,172.217.194.0-255,6797,69983,77,354945
53063,0.00068,172.31.40.0-255,66,70049,77,354945
53064,0.000775,172.217.194.0-255,1484,71533,77,354945
53065,0.000808,172.217.194.0-255,2902,74435,77,354945
53066,0.000812,172.31.40.0-255,66,74501,77,354945
53067,0.000819,172.217.194.0-255,4320,78821,77,354945
53068,0.000821,172.31.40.0-255,66,78887,77,354945
53069,0.000863,172.217.194.0-255,8574,87461,77,354945
53070,0.000866,172.31.40.0-255,66,87527,77,354945
53071,0.000874,172.217.194.0-255,7156,94683,77,354945
53072,0.000882,172.31.40.0-255,66,94749,77,354945
53073,0.000911,172.217.194.0-255,9274,104023,77,354945
53074,0.000915,172.31.40.0-255,66,104089,77,354945
53075,0.000972,172.217.194.0-255,5738,109827,77,354945
53076,0.000975,172.31.40.0-255,66,109893,77,354945
53077,0.000984,172.217.194.0-255,7156,117049,77,354945
53078,0.000987,172.31.40.0-255,66,117115,77,354945
53079,0.000996,172.217.194.0-255,2902,120017,77,354945
53080,0.000998,172.31.40.0-255,66,120083,77,354945
53081,0.001039,172.217.194.0-255,11410,131493,77,354945
53082,0.001042,172.31.40.0-255,66,131559,77,354945
53083,0.00105,172.217.194.0-255,6438,137997,77,354945
53084,0.001052,172.31.40.0-255,66,138063,77,354945
53085,0.001085,172.217.194.0-255,1484,139547,77,354945
53086,0.001088,172.217.194.0-255,2902,142449,77,354945
53087,0.001092,172.217.194.0-255,2902,145351,77,354945
53088,0.001103,172.31.40.0-255,66,145417,77,354945
53089,0.001106,172.31.40.0-255,66,145483,77,354945
53090,0.001111,172.217.194.0-255,2902,148385,77,354945
53091,0.001113,172.31.40.0-255,66,148451,77,354945
53092,0.001124,172.217.194.0-255,5738,154189,77,354945
53093,0.001129,172.31.40.0-255,66,154255,77,354945
53094,0.001151,172.217.194.0-255,4320,158575,77,354945
53095,0.001158,172.31.40.0-255,66,158641,77,354945
53096,0.001168,172.217.194.0-255,11410,170051,77,354945
53097,0.00117,172.31.40.0-255,66,170117,77,354945
53098,0.001176,172.217.194.0-255,6438,176555,77,354945
53099,0.001179,172.31.40.0-255,66,176621,77,354945
53100,0.001182,172.217.194.0-255,1484,178105,77,354945
53101,0.00121,172.217.194.0-255,5738,183843,77,354945
53102,0.001213,172.31.40.0-255,66,183909,77,354945
53103,0.001243,172.217.194.0-255,9992,193901,77,354945
53104,0.001246,172.31.40.0-255,66,193967,77,354945
53105,0.001275,172.217.194.0-255,5738,199705,77,354945
53106,0.001278,172.31.40.0-255,66,199771,77,354945
53107,0.001285,172.217.194.0-255,6438,206209,77,354945
53108,0.001296,172.217.194.0-255,4320,210529,77,354945
53109,0.00131,172.217.194.0-255,2902,213431,77,354945
53110,0.001355,172.217.194.0-255,5738,219169,77,354945
53111,0.001385,172.217.194.0-255,9992,229161,77,354945
53112,0.001394,172.217.194.0-255,10692,239853,77,354945
53113,0.001398,172.31.40.0-255,66,239919,77,354945
53114,0.001404,172.31.40.0-255,66,239985,77,354945
53115,0.001482,172.217.194.0-255,1484,241469,77,354945
53116,0.001498,172.217.194.0-255,2902,244371,77,354945
53117,0.001504,172.217.194.0-255,5738,250109,77,354945
53118,0.001518,172.217.194.0-255,2902,253011,77,354945
53119,0.001542,172.217.194.0-255,2902,255913,77,354945
53120,0.001548,172.217.194.0-255,4320,260233,77,354945
53121,0.001552,172.31.40.0-255,66,260299,77,354945
53122,0.001571,172.217.194.0-255,8574,268873,77,354945
53123,0.001578,172.217.194.0-255,5020,273893,77,354945
53124,0.001584,172.31.40.0-255,66,273959,77,354945
53125,0.001635,172.217.194.0-255,1484,275443,77,354945
53126,0.00164,172.217.194.0-255,2902,278345,77,354945
53127,0.001643,172.217.194.0-255,1484,279829,77,354945
53128,0.001661,172.217.194.0-255,4320,284149,77,354945
53129,0.001665,172.217.194.0-255,1484,285633,77,354945
53130,0.001674,172.31.40.0-255,66,285699,77,354945
53131,0.001704,172.217.194.0-255,11410,297109,77,354945
53132,0.001713,172.217.194.0-255,8574,305683,77,354945
53133,0.00173,172.217.194.0-255,5738,311421,77,354945
53134,0.001734,172.31.40.0-255,66,311487,77,354945
53135,0.001749,172.217.194.0-255,11410,322897,77,354945
53136,0.001754,172.31.40.0-255,66,322963,77,354945
53137,0.001771,172.217.194.0-255,6438,329401,77,354945
53138,0.001787,172.217.194.0-255,12110,341511,77,354945
53139,0.001814,172.217.194.0-255,5738,347249,77,354945
53140,0.00182,172.31.40.0-255,66,347315,77,354945
53141,0.001879,172.217.194.0-255,6378,353693,77,354945
53142,0.001882,172.217.194.0-255,105,353798,77,354945
53143,0.001888,172.31.40.0-255,66,353864,77,354945
53144,0.011545,172.31.40.0-255,105,353969,77,354945
53145,0.01392,172.217.194.0-255,66,354035,77,354945
53146,0.044531,172.31.40.0-255,230,354265,77,354945
53147,0.044568,172.31.40.0-255,614,354879,77,354945
53148,0.046856,104.244.42.0-255,66,354945,77,354945
53149,0.0,172.217.194.0-255,297,297,77,342935
53150,1.6e-05,172.31.40.0-255,66,363,77,342935
53151,2.2e-05,172.217.194.0-255,1484,1847,77,342935
53152,2.6e-05,172.31.40.0-255,66,1913,77,342935
53153,3.2e-05,172.217.194.0-255,4320,6233,77,342935
53154,4.4e-05,172.31.40.0-255,66,6299,77,342935
53155,5.1e-05,172.217.194.0-255,5738,12037,77,342935
53156,5.4e-05,172.31.40.0-255,66,12103,77,342935
53157,9.5e-05,172.217.194.0-255,3203,15306,77,342935
53158,9.8e-05,172.31.40.0-255,66,15372,77,342935
53159,0.000108,172.217.194.0-255,9992,25364,77,342935
53160,0.000111,172.31.40.0-255,66,25430,77,342935
53161,0.000118,172.217.194.0-255,5379,30809,77,342935
53162,0.000121,172.31.40.0-255,66,30875,77,342935
53163,0.000179,172.217.194.0-255,1484,32359,77,342935
53164,0.000182,172.31.40.0-255,66,32425,77,342935
53165,0.000187,172.217.194.0-255,2902,35327,77,342935
53166,0.000189,172.31.40.0-255,66,35393,77,342935
53167,0.000196,172.217.194.0-255,5738,41131,77,342935
53168,0.000198,172.31.40.0-255,66,41197,77,342935
53169,0.000208,172.217.194.0-255,12828,54025,77,342935
53170,0.000212,172.31.40.0-255,66,54091,77,342935
53171,0.000219,172.217.194.0-255,7156,61247,77,342935
53172,0.000221,172.31.40.0-255,66,61313,77,342935
53173,0.000226,172.217.194.0-255,2902,64215,77,342935
53174,0.000228,172.31.40.0-255,66,64281,77,342935
53175,0.000251,172.217.194.0-255,1376,65657,77,342935
53176,0.000254,172.31.40.0-255,66,65723,77,342935
53177,0.000434,172.217.194.0-255,1484,67207,77,342935
53178,0.000438,172.31.40.0-255,66,67273,77,342935
53179,0.000446,172.217.194.0-255,2902,70175,77,342935
53180,0.000449,172.31.40.0-255,66,70241,77,342935
53181,0.00046,172.217.194.0-255,5738,75979,77,342935
53182,0.000463,172.31.40.0-255,66,76045,77,342935
53183,0.000493,172.217.194.0-255,11410,87455,77,342935
53184,0.000495,172.31.40.0-255,66,87521,77,342935
53185,0.000525,172.217.194.0-255,1484,89005,77,342935
53186,0.000537,172.217.194.0-255,10692,99697,77,342935
53187,0.00054,172.31.40.0-255,66,99763,77,342935
53188,0.000709,172.217.194.0-255,1484,101247,77,342935
53189,0.000716,172.217.194.0-255,2902,104149,77,342935
53190,0.000719,172.31.40.0-255,66,104215,77,342935
53191,0.000727,172.217.194.0-255,5738,109953,77,342935
53192,0.00073,172.31.40.0-255,66,110019,77,342935
53193,0.000761,172.217.194.0-255,7156,117175,77,342935
53194,0.000766,172.31.40.0-255,66,117241,77,342935
53195,0.000779,172.217.194.0-255,5738,122979,77,342935
53196,0.000782,172.31.40.0-255,66,123045,77,342935
53197,0.000832,172.31.40.0-255,66,123111,77,342935
53198,0.000889,172.31.40.0-255,66,123177,77,342935
53199,0.000916,172.217.194.0-255,1484,124661,77,342935
53200,0.000925,172.217.194.0-255,7856,132517,77,342935
53201,0.000927,172.31.40.0-255,66,132583,77,342935
53202,0.000936,172.217.194.0-255,8574,141157,77,342935
53203,0.000938,172.31.40.0-255,66,141223,77,342935
53204,0.00096,172.31.40.0-255,66,141289,77,342935
53205,0.000965,172.217.194.0-255,3602,144891,77,342935
53206,0.000968,172.31.40.0-255,66,144957,77,342935
53207,0.001022,172.217.194.0-255,1484,146441,77,342935
53208,0.001027,172.217.194.0-255,2902,149343,77,342935
53209,0.00103,172.31.40.0-255,66,149409,77,342935
53210,0.001033,172.217.194.0-255,1484,150893,77,342935
53211,0.001065,172.217.194.0-255,4320,155213,77,342935
53212,0.00107,172.217.194.0-255,4320,159533,77,342935
53213,0.001073,172.31.40.0-255,66,159599,77,342935
53214,0.001076,172.31.40.0-255,66,159665,77,342935
53215,0.001099,172.217.194.0-255,2902,162567,77,342935
53216,0.001101,172.31.40.0-255,66,162633,77,342935
53217,0.001113,172.217.194.0-255,11410,174043,77,342935
53218,0.001115,172.31.40.0-255,66,174109,77,342935
53219,0.001147,172.217.194.0-255,2902,177011,77,342935
53220,0.00115,172.31.40.0-255,66,177077,77,342935
53221,0.001154,172.217.194.0-255,2184,179261,77,342935
53222,0.001156,172.31.40.0-255,66,179327,77,342935
53223,0.001166,172.217.194.0-255,8574,187901,77,342935
53224,0.001168,172.31.40.0-255,66,187967,77,342935
53225,0.001206,172.217.194.0-255,9992,197959,77,342935
53226,0.001209,172.31.40.0-255,66,198025,77,342935
53227,0.001224,172.217.194.0-255,11410,209435,77,342935
53228,0.00123,172.217.194.0-255,3602,213037,77,342935
53229,0.001264,172.31.40.0-255,66,213103,77,342935
53230,0.001423,172.217.194.0-255,1484,214587,77,342935
53231,0.00143,172.217.194.0-255,2902,217489,77,342935
53232,0.001433,172.31.40.0-255,66,217555,77,342935
53233,0.00146,172.217.194.0-255,5738,223293,77,342935
53234,0.001462,172.31.40.0-255,66,223359,77,342935
53235,0.001492,172.217.194.0-255,9992,233351,77,342935
53236,0.001497,172.31.40.0-255,66,233417,77,342935
53237,0.001507,172.217.194.0-255,1484,234901,77,342935
53238,0.001535,172.217.194.0-255,5738,240639,77,342935
53239,0.00154,172.31.40.0-255,66,240705,77,342935
53240,0.001561,172.217.194.0-255,6438,247143,77,342935
53241,0.001579,172.31.40.0-255,66,247209,77,342935
53242,0.001582,172.217.194.0-255,1484,248693,77,342935
53243,0.001605,172.217.194.0-255,2902,251595,77,342935
53244,0.001617,172.31.40.0-255,66,251661,77,342935
53245,0.001642,172.217.194.0-255,5738,257399,77,342935
53246,0.001649,172.217.194.0-255,5738,263137,77,342935
53247,0.001655,172.217.194.0-255,4320,267457,77,342935
53248,0.001666,172.31.40.0-255,66,267523,77,342935
53249,0.001696,172.217.194.0-255,8574,276097,77,342935
53250,0.001702,172.217.194.0-255,5020,281117,77,342935
53251,0.001705,172.217.194.0-255,1484,282601,77,342935
53252,0.001715,172.31.40.0-255,66,282667,77,342935
53253,0.001728,172.217.194.0-255,4320,286987,77,342935
53254,0.001771,172.217.194.0-255,5738,292725,77,342935
53255,0.001785,172.217.194.0-255,4320,297045,77,342935
53256,0.001809,172.217.194.0-255,13528,310573,77,342935
53257,0.001817,172.217.194.0-255,8574,319147,77,342935
53258,0.001821,172.31.40.0-255,66,319213,77,342935
53259,0.001834,172.217.194.0-255,5738,324951,77,342935
53260,0.001848,172.217.194.0-255,11410,336361,77,342935
53261,0.001864,172.217.194.0-255,1887,338248,77,342935
53262,0.001875,172.31.40.0-255,66,338314,77,342935
53263,0.001898,172.217.194.0-255,105,338419,77,342935
53264,0.011859,172.31.40.0-255,66,338485,77,342935
53265,0.011905,172.31.40.0-255,105,338590,77,342935
53266,0.014557,172.217.194.0-255,66,338656,77,342935
53267,0.034898,172.31.40.0-255,172,338828,77,342935
53268,0.034932,172.31.40.0-255,1120,339948,77,342935
53269,0.034995,172.31.40.0-255,1514,341462,77,342935
53270,0.034997,172.31.40.0-255,1275,342737,77,342935
53271,0.036491,104.244.42.0-255,66,342803,77,342935
53272,0.036523,104.244.42.0-255,66,342869,77,342935
53273,0.036574,104.244.42.0-255,66,342935,77,342935
53274,0.0,172.31.40.0-255,105,105,77,459
53275,0.000275,172.31.40.0-255,90,195,77,459
53276,0.000295,172.31.40.0-255,66,261,77,459
53277,0.002895,74.125.24.0-255,66,327,77,459
53278,0.002926,74.125.24.0-255,66,393,77,459
53279,0.002949,172.31.40.0-255,66,459,77,459
